"POSTE_ID","date","C","V","T"
2,2019-01-01,34,2368,2402
2,2019-01-02,365,6344,6709
2,2019-01-10,778,8187,8965
2,2019-01-11,674,8409,9083
2,2019-01-15,826,8044,8870
2,2019-01-19,181,5763,5944
2,2019-01-20,95,6636,6731
2,2019-01-21,730,8229,8959
2,2019-01-22,827,7721,8548
2,2019-01-23,777,7399,8176
2,2019-01-24,820,8280,9100
2,2019-01-25,703,8469,9172
2,2019-01-26,170,5454,5624
2,2019-01-27,73,6498,6571
2,2019-01-28,569,6456,7025
2,2019-01-29,724,8243,8967
2,2019-01-30,650,6595,7245
2,2019-02-04,629,8276,8905
2,2019-02-05,682,8651,9333
2,2019-02-06,754,8439,9193
2,2019-02-07,727,8748,9475
2,2019-02-08,706,9046,9752
2,2019-02-09,208,6287,6495
2,2019-02-10,87,6990,7077
2,2019-02-11,771,8067,8838
2,2019-02-12,863,8108,8971
2,2019-02-13,878,8201,9079
2,2019-02-14,847,8532,9379
2,2019-02-15,846,9028,9874
2,2019-02-16,223,6120,6343
2,2019-02-17,91,7236,7327
2,2019-02-18,855,8107,8962
2,2019-02-19,938,8271,9209
2,2019-02-20,963,8128,9091
2,2019-02-21,918,8410,9328
2,2019-02-22,856,9009,9865
2,2019-02-23,269,6218,6487
2,2019-02-24,78,7333,7411
2,2019-02-25,938,8282,9220
2,2019-02-26,1010,8616,9626
2,2019-02-27,946,8398,9344
2,2019-02-28,988,8513,9501
2,2019-03-01,844,9032,9876
2,2019-03-02,234,6401,6635
2,2019-03-03,91,6158,6249
2,2019-03-04,412,5351,5763
2,2019-03-05,729,7035,7764
2,2019-03-06,893,7793,8686
2,2019-03-07,949,8510,9459
2,2019-03-08,900,8995,9895
2,2019-03-09,227,6179,6406
2,2019-03-10,107,7117,7224
2,2019-03-11,920,8003,8923
2,2019-03-12,978,8466,9444
2,2019-03-13,927,8014,8941
2,2019-03-14,916,8738,9654
2,2019-03-15,782,8978,9760
2,2019-03-16,223,6131,6354
2,2019-03-17,112,7361,7473
2,2019-03-18,818,8215,9033
2,2019-03-19,937,8361,9298
2,2019-03-20,935,8247,9182
2,2019-03-21,929,8913,9842
2,2019-03-22,919,9332,10251
2,2019-03-23,293,6334,6627
2,2019-03-24,108,7681,7789
2,2019-03-25,965,8381,9346
2,2019-03-26,969,8278,9247
2,2019-03-27,1047,8064,9111
2,2019-03-28,1095,8620,9715
2,2019-03-29,951,9400,10351
2,2019-03-30,302,6992,7294
2,2019-04-01,948,8237,9185
2,2019-04-02,976,8513,9489
2,2019-04-03,934,8402,9336
2,2019-04-04,931,8708,9639
2,2019-04-05,999,9556,10555
2,2019-04-06,294,6905,7199
2,2019-04-07,146,7973,8119
2,2019-04-08,921,8548,9469
2,2019-04-09,964,8366,9330
2,2019-04-10,1016,8295,9311
2,2019-04-11,1047,8703,9750
2,2019-04-12,949,9301,10250
2,2019-04-13,326,6544,6870
2,2019-04-14,161,7812,7973
2,2019-04-15,950,8479,9429
2,2019-04-16,1051,8286,9337
2,2019-04-17,960,8671,9631
2,2019-04-18,1034,9292,10326
2,2019-04-19,1030,11178,12208
2,2019-04-20,319,7377,7696
2,2019-04-21,111,6605,6716
2,2019-04-22,235,8027,8262
2,2019-04-23,1049,8987,10036
2,2019-04-24,1088,8696,9784
2,2019-04-25,1084,9038,10122
2,2019-04-26,1048,10150,11198
2,2019-04-27,426,7471,7897
2,2019-04-28,198,8042,8240
2,2019-04-29,987,8884,9871
2,2019-04-30,1113,9536,10649
2,2019-05-01,331,7421,7752
2,2019-05-02,1071,9484,10555
2,2019-05-03,1111,10268,11379
2,2019-05-04,371,7098,7469
2,2019-05-05,165,8093,8258
2,2019-05-06,1036,8748,9784
2,2019-05-07,1106,8751,9857
2,2019-05-08,1081,8867,9948
2,2019-05-09,551,5936,6487
2,2019-05-10,1007,9044,10051
2,2019-05-11,267,6911,7178
2,2019-05-12,183,7565,7748
2,2019-05-13,945,8537,9482
2,2019-05-14,971,8582,9553
2,2019-05-15,947,8400,9347
2,2019-05-16,1066,8833,9899
2,2019-05-17,1097,9478,10575
2,2019-05-18,313,6614,6927
2,2019-05-19,159,7800,7959
2,2019-05-20,1003,8318,9321
2,2019-05-21,1033,8531,9564
2,2019-05-22,1044,8284,9328
2,2019-05-23,1013,8913,9926
2,2019-05-24,999,9588,10587
2,2019-05-25,313,6787,7100
2,2019-05-26,208,8258,8466
2,2019-05-27,926,8524,9450
2,2019-05-28,1022,8700,9722
2,2019-05-29,1096,9371,10467
2,2019-05-30,343,8840,9183
2,2019-05-31,689,8462,9151
2,2019-06-01,394,7537,7931
2,2019-06-02,517,9719,10236
2,2019-06-03,985,8453,9438
2,2019-06-04,1034,8613,9647
2,2019-06-05,1060,8474,9534
2,2019-06-06,1045,9073,10118
2,2019-06-07,1100,10018,11118
2,2019-06-08,419,7367,7786
2,2019-06-09,170,7875,8045
2,2019-06-10,329,8448,8777
2,2019-06-11,1181,8842,10023
2,2019-06-12,1016,8604,9620
2,2019-06-13,1219,8727,9946
2,2019-06-14,1128,10778,11906
2,2019-06-15,398,7264,7662
2,2019-06-16,332,8521,8853
2,2019-06-17,1150,8873,10023
2,2019-06-18,1127,8500,9627
2,2019-06-19,1155,8562,9717
2,2019-06-20,1169,10192,11361
2,2019-06-21,1083,9674,10757
2,2019-06-22,337,6771,7108
2,2019-06-23,257,7440,7697
2,2019-06-24,925,8404,9329
2,2019-06-25,1040,8771,9811
2,2019-06-26,1139,8647,9786
2,2019-06-27,1249,9329,10578
2,2019-06-28,1180,9868,11048
2,2019-06-29,384,7248,7632
2,2019-06-30,216,7858,8074
2,2019-07-01,1134,8817,9951
2,2019-07-02,1213,9052,10265
2,2019-07-03,1278,8926,10204
2,2019-07-04,1214,9219,10433
2,2019-07-05,1017,9856,10873
2,2019-07-06,467,7424,7891
2,2019-07-07,251,9297,9548
2,2019-07-08,1062,8710,9772
2,2019-07-09,1072,8901,9973
2,2019-07-10,1097,8877,9974
2,2019-07-11,1100,9275,10375
2,2019-07-12,1140,9797,10937
2,2019-07-13,470,7373,7843
2,2019-07-14,326,8313,8639
2,2019-07-15,1038,9066,10104
2,2019-07-16,1128,9064,10192
2,2019-07-17,1146,8904,10050
2,2019-07-18,1107,9440,10547
2,2019-07-19,1084,10146,11230
2,2019-07-20,585,7486,8071
2,2019-07-21,373,8616,8989
2,2019-07-22,940,9406,10346
2,2019-07-23,953,8883,9836
2,2019-07-24,1021,8953,9974
2,2019-07-25,930,9327,10257
2,2019-07-26,938,9669,10607
2,2019-07-27,545,7571,8116
2,2019-07-28,312,8982,9294
2,2019-07-29,876,8507,9383
2,2019-07-30,796,8155,8951
2,2019-07-31,787,8706,9493
2,2019-08-01,813,8608,9421
2,2019-08-02,783,9708,10491
2,2019-08-03,494,7685,8179
2,2019-08-04,334,8745,9079
2,2019-08-05,725,7668,8393
2,2019-08-06,793,7431,8224
2,2019-08-07,747,7860,8607
2,2019-08-08,785,8219,9004
2,2019-08-09,894,9154,10048
2,2019-08-10,437,7438,7875
2,2019-08-11,327,8627,8954
2,2019-08-12,786,7497,8283
2,2019-08-13,799,7545,8344
2,2019-08-14,828,7973,8801
2,2019-08-15,384,7033,7417
2,2019-08-16,733,8178,8911
2,2019-08-17,349,7062,7411
2,2019-08-18,206,8239,8445
2,2019-08-19,891,8218,9109
2,2019-08-20,994,8315,9309
2,2019-08-21,1000,8480,9480
2,2019-08-22,989,9005,9994
2,2019-08-23,1079,9781,10860
2,2019-08-24,404,7342,7746
2,2019-08-25,285,8319,8604
2,2019-08-26,959,8727,9686
2,2019-08-27,994,8559,9553
2,2019-08-28,1046,8683,9729
2,2019-08-29,1023,9189,10212
2,2019-08-30,960,10062,11022
2,2019-08-31,375,7427,7802
2,2019-09-01,236,8478,8714
2,2019-09-02,1074,8872,9946
2,2019-09-03,996,8928,9924
2,2019-09-04,1051,8599,9650
2,2019-09-05,1017,9269,10286
2,2019-09-06,991,9897,10888
2,2019-09-07,346,7072,7418
2,2019-09-08,200,7855,8055
2,2019-09-09,996,8538,9534
2,2019-09-10,977,8690,9667
2,2019-09-11,1055,8451,9506
2,2019-09-12,1014,9124,10138
2,2019-09-13,1034,9785,10819
2,2019-09-14,372,7118,7490
2,2019-09-15,222,8537,8759
2,2019-09-16,1107,8754,9861
2,2019-09-17,1134,8846,9980
2,2019-09-18,1133,8561,9694
2,2019-09-19,1176,9026,10202
2,2019-09-20,1109,9809,10918
2,2019-09-21,333,6984,7317
2,2019-09-22,184,7640,7824
2,2019-09-23,1034,8471,9505
2,2019-09-24,1074,8568,9642
2,2019-09-25,1052,8457,9509
2,2019-09-26,1030,8842,9872
2,2019-09-27,1000,9665,10665
2,2019-09-28,345,6714,7059
2,2019-09-29,166,7667,7833
2,2019-09-30,968,8709,9677
2,2019-10-01,1063,8687,9750
2,2019-10-02,1062,8241,9303
2,2019-10-03,1116,10572,11688
2,2019-10-04,986,9585,10571
2,2019-10-05,320,6783,7103
2,2019-10-06,108,7853,7961
2,2019-10-07,962,8281,9243
2,2019-10-08,960,8599,9559
2,2019-10-09,1036,8235,9271
2,2019-10-10,1046,8571,9617
2,2019-10-11,1025,9407,10432
2,2019-10-12,311,6541,6852
2,2019-10-13,161,7926,8087
2,2019-10-14,945,8518,9463
2,2019-10-15,1041,8557,9598
2,2019-10-16,1024,8408,9432
2,2019-10-17,1017,8904,9921
2,2019-10-18,975,9335,10310
2,2019-10-19,288,6326,6614
2,2019-10-20,105,7466,7571
2,2019-10-21,955,8664,9619
2,2019-10-22,1076,8721,9797
2,2019-10-23,1127,8620,9747
2,2019-10-24,1030,9155,10185
2,2019-10-25,1116,9703,10819
2,2019-10-26,322,7039,7361
2,2019-10-27,144,7978,8122
2,2019-10-28,999,8588,9587
2,2019-10-29,1013,8734,9747
2,2019-10-30,1013,8956,9969
2,2019-11-01,186,8226,8412
2,2019-11-02,223,6935,7158
2,2019-11-03,106,7917,8023
2,2019-11-04,912,8353,9265
2,2019-11-05,958,8569,9527
2,2019-11-06,941,8307,9248
2,2019-11-07,928,8823,9751
2,2019-11-08,1047,9134,10181
2,2019-11-09,332,6214,6546
2,2019-11-10,106,7617,7723
2,2019-11-11,663,9482,10145
2,2019-11-12,1009,8545,9554
2,2019-11-13,906,8079,8985
2,2019-11-14,925,8733,9658
2,2019-11-15,939,9104,10043
2,2019-11-16,259,6019,6278
2,2019-11-17,120,6823,6943
2,2019-11-18,877,7753,8630
2,2019-11-19,923,8356,9279
2,2019-11-20,990,8077,9067
2,2019-11-21,1012,8561,9573
2,2019-11-22,955,9043,9998
2,2019-11-23,243,6266,6509
2,2019-11-24,101,7624,7725
2,2019-11-25,937,8276,9213
2,2019-11-26,959,8373,9332
2,2019-11-27,956,8330,9286
2,2019-11-28,971,8517,9488
2,2019-11-29,897,9216,10113
2,2019-11-30,273,6720,6993
2,2019-12-01,74,7386,7460
2,2019-12-02,901,8113,9014
2,2019-12-03,884,8338,9222
2,2019-12-04,912,8138,9050
2,2019-12-05,978,8560,9538
2,2019-12-06,818,8781,9599
2,2019-12-07,235,6619,6854
2,2019-12-08,85,7441,7526
2,2019-12-09,855,8424,9279
2,2019-12-10,960,8611,9571
2,2019-12-11,850,8068,8918
2,2019-12-12,969,8563,9532
2,2019-12-13,832,9338,10170
2,2019-12-14,252,6664,6916
2,2019-12-15,119,7740,7859
2,2019-12-16,880,8797,9677
2,2019-12-17,967,8816,9783
2,2019-12-18,947,8973,9920
2,2019-12-19,928,9238,10166
2,2019-12-20,717,9466,10183
2,2019-12-21,233,7092,7325
2,2019-12-22,60,8064,8124
2,2019-12-23,366,8075,8441
2,2019-12-24,232,5617,5849
2,2019-12-25,40,2190,2230
2,2019-12-26,108,5335,5443
2,2019-12-27,319,7230,7549
2,2019-12-28,161,6565,6726
2,2019-12-29,63,7615,7678
2,2019-12-30,345,7646,7991
2,2019-12-31,232,5789,6021
7,2019-01-01,15,4388,4403
7,2019-01-02,237,11310,11547
7,2019-01-03,256,11527,11783
7,2019-01-04,293,11847,12140
7,2019-01-05,69,10815,10884
7,2019-01-06,44,8388,8432
7,2019-01-07,315,11510,11825
7,2019-01-08,338,12390,12728
7,2019-01-09,384,12124,12508
7,2019-01-10,382,12430,12812
7,2019-01-11,352,12392,12744
7,2019-01-12,74,11791,11865
7,2019-01-13,10,9398,9408
7,2019-01-14,388,11819,12207
7,2019-01-16,398,12473,12871
7,2019-01-17,424,12880,13304
7,2019-01-18,433,12760,13193
7,2019-01-19,86,11799,11885
7,2019-01-20,53,9703,9756
7,2019-01-21,457,11863,12320
7,2019-01-22,428,11902,12330
7,2019-01-23,365,11722,12087
7,2019-01-24,422,12016,12438
7,2019-01-25,390,12544,12934
7,2019-01-26,78,11180,11258
7,2019-01-27,14,8944,8958
7,2019-01-28,359,11561,11920
7,2019-01-30,308,10780,11088
7,2019-01-31,304,10511,10815
7,2019-02-01,309,13394,13703
7,2019-02-02,50,12128,12178
7,2019-02-03,43,9863,9906
7,2019-02-04,369,12181,12550
7,2019-02-05,377,12484,12861
7,2019-02-06,378,12628,13006
7,2019-02-07,398,12335,12733
7,2019-02-08,400,13362,13762
7,2019-02-09,72,12102,12174
7,2019-02-10,136,8504,8640
7,2019-02-11,421,11977,12398
7,2019-02-13,426,12660,13086
7,2019-02-14,409,12795,13204
7,2019-02-15,401,13660,14061
7,2019-02-16,84,12624,12708
7,2019-02-17,38,10133,10171
7,2019-02-18,428,12259,12687
7,2019-02-19,445,12302,12747
7,2019-02-20,407,12504,12911
7,2019-02-21,401,12641,13042
7,2019-02-22,418,13525,13943
7,2019-02-23,100,11991,12091
7,2019-02-24,61,10406,10467
7,2019-02-25,442,11966,12408
7,2019-02-26,464,12442,12906
7,2019-02-28,495,12316,12811
7,2019-03-01,455,12984,13439
7,2019-03-02,97,11815,11912
7,2019-03-03,31,8417,8448
7,2019-03-04,212,9414,9626
7,2019-03-05,428,12006,12434
7,2019-03-06,455,12309,12764
7,2019-03-08,452,13822,14274
7,2019-03-09,102,12384,12486
7,2019-03-10,64,9429,9493
7,2019-03-11,454,12216,12670
7,2019-03-12,448,13238,13686
7,2019-03-13,588,12692,13280
7,2019-03-14,524,13038,13562
7,2019-03-15,475,13291,13766
7,2019-03-16,88,12489,12577
7,2019-03-17,16,9758,9774
7,2019-03-18,442,12636,13078
7,2019-03-19,453,12486,12939
7,2019-03-20,469,12779,13248
7,2019-03-22,440,14107,14547
7,2019-03-23,140,12938,13078
7,2019-03-24,59,10637,10696
7,2019-03-25,504,12794,13298
7,2019-03-26,451,12709,13160
7,2019-03-27,468,13340,13808
7,2019-03-28,449,13634,14083
7,2019-03-29,456,14689,15145
7,2019-03-30,111,10594,10705
7,2019-04-01,417,13296,13713
7,2019-04-02,441,13205,13646
7,2019-04-03,412,13345,13757
7,2019-04-04,452,13319,13771
7,2019-04-05,478,14098,14576
7,2019-04-06,166,12866,13032
7,2019-04-07,123,11493,11616
7,2019-04-08,517,12946,13463
7,2019-04-09,528,13964,14492
7,2019-04-10,519,14409,14928
7,2019-04-11,511,14739,15250
7,2019-04-12,514,15014,15528
7,2019-04-13,152,12916,13068
7,2019-04-14,114,10016,10130
7,2019-04-15,489,14306,14795
7,2019-04-16,488,14418,14906
7,2019-04-17,549,15358,15907
7,2019-04-18,524,15539,16063
7,2019-04-19,247,13727,13974
7,2019-04-21,110,9495,9605
7,2019-04-22,128,10654,10782
7,2019-04-23,448,13195,13643
7,2019-04-24,526,13422,13948
7,2019-04-25,630,13661,14291
7,2019-04-26,607,13911,14518
7,2019-04-27,155,12105,12260
7,2019-04-28,51,9571,9622
7,2019-04-29,623,12981,13604
7,2019-04-30,589,14371,14960
7,2019-05-01,50,9790,9840
7,2019-05-02,550,13012,13562
7,2019-05-03,580,14089,14669
7,2019-05-04,155,12472,12627
7,2019-05-05,82,10585,10667
7,2019-05-06,536,12591,13127
7,2019-05-07,633,12839,13472
7,2019-05-08,539,13397,13936
7,2019-05-09,214,11906,12120
7,2019-05-10,574,13610,14184
7,2019-05-11,97,10432,10529
7,2019-05-12,69,10728,10797
7,2019-05-13,522,12553,13075
7,2019-05-14,547,13043,13590
7,2019-05-15,569,13499,14068
7,2019-05-16,565,13328,13893
7,2019-05-17,569,13839,14408
7,2019-05-18,180,12223,12403
7,2019-05-19,61,10393,10454
7,2019-05-20,526,12612,13138
7,2019-05-21,621,12519,13140
7,2019-05-22,537,13043,13580
7,2019-05-23,521,13257,13778
7,2019-05-24,554,13844,14398
7,2019-05-25,149,12508,12657
7,2019-05-26,68,10861,10929
7,2019-05-27,649,12978,13627
7,2019-05-28,735,13921,14656
7,2019-05-29,664,14554,15218
7,2019-05-30,90,10658,10748
7,2019-05-31,556,13910,14466
7,2019-06-01,169,12710,12879
7,2019-06-02,99,11236,11335
7,2019-06-03,711,12958,13669
7,2019-06-04,650,13300,13950
7,2019-06-05,706,13439,14145
7,2019-06-06,686,13817,14503
7,2019-06-07,704,14111,14815
7,2019-06-08,179,12846,13025
7,2019-06-09,56,10467,10523
7,2019-06-10,92,10108,10200
7,2019-06-11,682,13266,13948
7,2019-06-12,626,12190,12816
7,2019-06-13,754,13291,14045
7,2019-06-14,668,13703,14371
7,2019-06-15,155,12487,12642
7,2019-06-16,57,10887,10944
7,2019-06-17,662,12542,13204
7,2019-06-18,701,13285,13986
7,2019-06-19,724,13719,14443
7,2019-06-20,189,13187,13376
7,2019-06-21,678,13786,14464
7,2019-06-22,166,12259,12425
7,2019-06-23,87,10068,10155
7,2019-06-24,674,12381,13055
7,2019-06-25,638,12718,13356
7,2019-06-26,633,12547,13180
7,2019-06-27,638,13002,13640
7,2019-06-28,658,14328,14986
7,2019-06-29,169,13217,13386
7,2019-06-30,75,10562,10637
7,2019-07-01,684,13496,14180
7,2019-07-02,676,13550,14226
7,2019-07-03,630,13544,14174
7,2019-07-04,732,13435,14167
7,2019-07-05,585,13415,14000
7,2019-07-06,164,11633,11797
7,2019-07-07,95,10800,10895
7,2019-07-08,794,11033,11827
7,2019-07-09,661,10568,11229
7,2019-07-10,666,10700,11366
7,2019-07-11,669,10326,10995
7,2019-07-12,598,11747,12345
7,2019-07-13,153,11908,12061
7,2019-07-14,83,10141,10224
7,2019-07-15,633,11442,12075
7,2019-07-16,699,11744,12443
7,2019-07-17,643,12283,12926
7,2019-07-18,770,12450,13220
7,2019-07-19,513,13021,13534
7,2019-07-20,158,11747,11905
7,2019-07-21,89,10506,10595
7,2019-07-22,687,12380,13067
7,2019-07-23,575,12175,12750
7,2019-07-24,540,12088,12628
7,2019-07-25,502,11838,12340
7,2019-07-26,421,12732,13153
7,2019-07-27,152,11606,11758
7,2019-07-28,99,9579,9678
7,2019-07-29,421,12150,12571
7,2019-07-30,420,12770,13190
7,2019-07-31,427,13403,13830
7,2019-08-01,425,13056,13481
7,2019-08-02,487,13230,13717
7,2019-08-03,155,11896,12051
7,2019-08-04,111,10635,10746
7,2019-08-05,437,11752,12189
7,2019-08-06,425,12125,12550
7,2019-08-07,420,12646,13066
7,2019-08-08,412,12784,13196
7,2019-08-09,454,12539,12993
7,2019-08-10,174,11817,11991
7,2019-08-11,102,10372,10474
7,2019-08-12,475,11831,12306
7,2019-08-13,447,12125,12572
7,2019-08-14,464,12744,13208
7,2019-08-15,208,10242,10450
7,2019-08-16,448,13064,13512
7,2019-08-17,128,11252,11380
7,2019-08-18,70,9880,9950
7,2019-08-19,570,12255,12825
7,2019-08-20,620,12427,13047
7,2019-08-21,627,12681,13308
7,2019-08-22,732,13048,13780
7,2019-08-23,562,12937,13499
7,2019-08-24,197,11644,11841
7,2019-08-25,132,10453,10585
7,2019-08-26,548,12083,12631
7,2019-08-27,649,12505,13154
7,2019-08-28,718,12941,13659
7,2019-08-29,582,13351,13933
7,2019-08-30,534,14293,14827
7,2019-08-31,198,12110,12308
7,2019-09-01,143,11054,11197
7,2019-09-02,637,12462,13099
7,2019-09-03,699,13648,14347
7,2019-09-04,636,12818,13454
7,2019-09-05,676,12943,13619
7,2019-09-06,713,13645,14358
7,2019-09-07,254,11798,12052
7,2019-09-08,135,9938,10073
7,2019-09-09,391,10235,10626
7,2019-09-10,710,12374,13084
7,2019-09-11,596,12415,13011
7,2019-09-12,722,12831,13553
7,2019-09-13,655,13371,14026
7,2019-09-14,208,12220,12428
7,2019-09-15,131,10920,11051
7,2019-09-16,642,12475,13117
7,2019-09-17,595,12522,13117
7,2019-09-18,623,12546,13169
7,2019-09-19,600,12835,13435
7,2019-09-20,646,13410,14056
7,2019-09-21,199,12115,12314
7,2019-09-22,96,10178,10274
7,2019-09-23,558,11867,12425
7,2019-09-24,554,12122,12676
7,2019-09-25,597,12323,12920
7,2019-09-26,554,12725,13279
7,2019-09-27,527,13470,13997
7,2019-09-28,186,12285,12471
7,2019-09-29,79,10235,10314
7,2019-09-30,541,12709,13250
7,2019-10-01,556,12687,13243
7,2019-10-02,593,12868,13461
7,2019-10-03,205,12065,12270
7,2019-10-04,518,12892,13410
7,2019-10-05,149,11737,11886
7,2019-10-06,54,9067,9121
7,2019-10-07,615,11747,12362
7,2019-10-08,472,11690,12162
7,2019-10-09,531,12340,12871
7,2019-10-10,587,12637,13224
7,2019-10-11,586,12881,13467
7,2019-10-12,177,11649,11826
7,2019-10-13,105,10722,10827
7,2019-10-14,544,12226,12770
7,2019-10-15,544,12734,13278
7,2019-10-16,543,13297,13840
7,2019-10-17,517,12656,13173
7,2019-10-18,492,13345,13837
7,2019-10-19,176,11836,12012
7,2019-10-20,85,9337,9422
7,2019-10-21,662,12179,12841
7,2019-10-22,659,12245,12904
7,2019-10-23,671,12667,13338
7,2019-10-24,682,12967,13649
7,2019-10-25,628,13240,13868
7,2019-10-26,159,11835,11994
7,2019-10-27,64,10143,10207
7,2019-10-28,592,12396,12988
7,2019-10-29,641,12841,13482
7,2019-10-30,600,13794,14394
7,2019-11-01,45,9125,9170
7,2019-11-02,112,11901,12013
7,2019-11-03,42,9256,9298
7,2019-11-04,459,12112,12571
7,2019-11-05,522,12337,12859
7,2019-11-06,561,12124,12685
7,2019-11-07,489,12562,13051
7,2019-11-08,547,13206,13753
7,2019-11-09,128,12485,12613
7,2019-11-10,50,9684,9734
7,2019-11-11,597,12061,12658
7,2019-11-12,537,12181,12718
7,2019-11-13,652,12289,12941
7,2019-11-14,651,12629,13280
7,2019-11-15,691,13054,13745
7,2019-11-16,134,12102,12236
7,2019-11-17,52,9099,9151
7,2019-11-18,518,11854,12372
7,2019-11-19,599,12068,12667
7,2019-11-20,601,12423,13024
7,2019-11-21,587,12341,12928
7,2019-11-22,610,12657,13267
7,2019-11-23,123,11605,11728
7,2019-11-24,65,9744,9809
7,2019-11-25,686,12111,12797
7,2019-11-26,595,11780,12375
7,2019-11-27,574,12369,12943
10,2019-01-01,6,5122,5128
10,2019-01-02,169,10481,10650
10,2019-01-03,210,10851,11061
10,2019-01-04,226,11441,11667
10,2019-01-05,86,9063,9149
10,2019-01-06,24,7549,7573
10,2019-01-07,277,11208,11485
10,2019-01-08,278,11768,12046
10,2019-01-09,334,11780,12114
10,2019-01-11,324,11872,12196
10,2019-01-12,91,9821,9912
10,2019-01-13,6,7592,7598
10,2019-01-14,368,11682,12050
10,2019-01-15,381,11809,12190
10,2019-01-16,432,11942,12374
10,2019-01-17,466,12118,12584
10,2019-01-18,382,12733,13115
10,2019-01-19,82,10300,10382
10,2019-01-20,19,8529,8548
10,2019-01-21,381,11628,12009
10,2019-01-22,368,11533,11901
10,2019-01-23,372,11204,11576
10,2019-01-25,387,12150,12537
10,2019-01-26,86,9546,9632
10,2019-01-27,83,7705,7788
10,2019-01-28,315,11187,11502
10,2019-01-29,389,11898,12287
10,2019-01-30,284,10192,10476
10,2019-01-31,310,10452,10762
10,2019-02-01,320,12084,12404
10,2019-02-02,76,10390,10466
10,2019-02-03,27,8424,8451
10,2019-02-04,339,11924,12263
10,2019-02-05,344,12254,12598
10,2019-02-06,365,12345,12710
10,2019-02-08,367,12933,13300
10,2019-02-09,108,10554,10662
10,2019-02-11,382,11514,11896
10,2019-02-12,413,12041,12454
10,2019-02-13,393,12425,12818
10,2019-02-14,383,12907,13290
10,2019-02-15,378,13124,13502
10,2019-02-16,84,10942,11026
10,2019-02-17,23,9448,9471
10,2019-02-18,402,11680,12082
10,2019-02-19,356,11906,12262
10,2019-02-20,412,11875,12287
10,2019-02-22,430,12712,13142
10,2019-02-23,97,10682,10779
10,2019-02-24,23,9204,9227
10,2019-02-25,377,12172,12549
10,2019-02-26,419,12489,12908
10,2019-02-27,417,12943,13360
10,2019-02-28,428,12902,13330
10,2019-03-01,389,12954,13343
10,2019-03-02,116,10646,10762
10,2019-03-03,19,8456,8475
10,2019-03-05,362,11734,12096
10,2019-03-06,440,12136,12576
10,2019-03-08,446,13282,13728
10,2019-03-09,132,10656,10788
10,2019-03-10,66,7660,7726
10,2019-03-11,396,12144,12540
10,2019-03-12,403,12628,13031
10,2019-03-13,578,12284,12862
10,2019-03-14,494,12952,13446
10,2019-03-15,392,13218,13610
10,2019-03-16,80,10983,11063
10,2019-03-17,33,8558,8591
10,2019-03-18,390,11999,12389
10,2019-03-19,427,12529,12956
10,2019-03-20,443,12843,13286
10,2019-03-22,437,13618,14055
10,2019-03-23,109,11653,11762
10,2019-03-24,40,10024,10064
10,2019-03-25,472,12568,13040
10,2019-03-26,450,13147,13597
10,2019-03-27,491,12921,13412
10,2019-03-28,434,13430,13864
10,2019-03-29,441,14267,14708
10,2019-03-30,112,12094,12206
10,2019-04-01,430,13035,13465
10,2019-04-02,392,12934,13326
10,2019-04-03,465,12733,13198
10,2019-04-05,429,13744,14173
10,2019-04-06,116,11515,11631
10,2019-04-07,44,9716,9760
10,2019-04-08,382,12544,12926
10,2019-04-09,378,12518,12896
10,2019-04-10,466,12988,13454
10,2019-04-11,378,13524,13902
10,2019-04-12,456,13860,14316
10,2019-04-13,124,11298,11422
10,2019-04-14,23,9204,9227
10,2019-04-15,406,12979,13385
10,2019-04-16,404,12978,13382
10,2019-04-17,420,13527,13947
10,2019-04-19,124,14116,14240
10,2019-04-20,134,11998,12132
10,2019-04-21,47,9586,9633
10,2019-04-22,55,10034,10089
10,2019-04-23,401,12960,13361
10,2019-04-24,360,11844,12204
10,2019-04-25,378,13054,13432
10,2019-04-26,372,13700,14072
10,2019-04-27,164,11153,11317
10,2019-04-28,39,9000,9039
10,2019-04-29,373,12905,13278
10,2019-04-30,408,14145,14553
10,2019-05-01,59,10263,10322
10,2019-05-03,421,13731,14152
10,2019-05-04,104,11218,11322
10,2019-05-05,30,9172,9202
10,2019-05-06,356,12336,12692
10,2019-05-07,341,12689,13030
10,2019-05-08,436,13354,13790
10,2019-05-10,462,13494,13956
10,2019-05-11,76,10546,10622
10,2019-05-12,48,10218,10266
10,2019-05-13,417,12895,13312
10,2019-05-14,419,13534,13953
10,2019-05-15,434,13470,13904
10,2019-05-17,444,14066,14510
10,2019-05-18,121,11616,11737
10,2019-05-19,52,9929,9981
10,2019-05-20,403,12770,13173
10,2019-05-21,394,12775,13169
10,2019-05-22,470,13287,13757
10,2019-05-24,465,14055,14520
10,2019-05-25,115,12387,12502
10,2019-05-26,43,10899,10942
10,2019-05-27,399,12918,13317
10,2019-05-28,402,13228,13630
10,2019-05-29,454,14211,14665
10,2019-05-30,43,9672,9715
10,2019-05-31,298,13356,13654
10,2019-06-01,124,11634,11758
10,2019-06-02,46,10994,11040
10,2019-06-03,390,13052,13442
10,2019-06-04,402,13297,13699
10,2019-06-07,408,13751,14159
10,2019-06-08,152,12006,12158
10,2019-06-09,43,10519,10562
10,2019-06-10,93,9311,9404
10,2019-06-11,381,13053,13434
10,2019-06-12,372,12989,13361
10,2019-06-13,406,13508,13914
10,2019-06-14,388,14033,14421
10,2019-06-15,146,12219,12365
10,2019-06-16,77,13728,13805
10,2019-06-17,389,13163,13552
10,2019-06-18,388,13159,13547
10,2019-06-19,398,12971,13369
10,2019-07-18,435,12862,13297
10,2019-07-19,493,12993,13486
10,2019-07-20,166,11282,11448
10,2019-07-21,99,10251,10350
10,2019-07-22,490,11976,12466
10,2019-07-23,537,11943,12480
10,2019-07-24,547,12340,12887
10,2019-07-25,517,11838,12355
10,2019-07-26,246,4675,4921
10,2019-07-27,157,10575,10732
10,2019-07-28,94,9098,9192
10,2019-07-29,459,12229,12688
10,2019-07-30,430,12313,12743
10,2019-07-31,492,12580,13072
10,2019-08-01,463,12678,13141
10,2019-08-02,448,12852,13300
10,2019-08-03,163,10989,11152
10,2019-08-04,81,10423,10504
10,2019-08-05,413,11773,12186
10,2019-08-06,366,11747,12113
10,2019-08-07,358,11980,12338
10,2019-08-08,409,12488,12897
10,2019-08-09,389,11786,12175
10,2019-08-10,141,10890,11031
10,2019-08-11,81,9607,9688
10,2019-08-12,293,11396,11689
10,2019-08-13,383,12267,12650
10,2019-08-14,347,12900,13247
10,2019-08-15,62,9259,9321
10,2019-08-16,390,12180,12570
10,2019-08-17,87,9612,9699
10,2019-08-18,50,8699,8749
10,2019-08-19,471,12208,12679
10,2019-08-20,442,12220,12662
10,2019-08-21,410,12554,12964
10,2019-08-22,461,12761,13222
10,2019-08-23,494,13250,13744
10,2019-08-24,134,11542,11676
10,2019-08-25,70,10657,10727
10,2019-08-26,492,12336,12828
10,2019-08-27,510,12836,13346
10,2019-08-28,461,12472,12933
10,2019-08-29,510,12969,13479
10,2019-08-30,529,13659,14188
10,2019-08-31,146,11294,11440
10,2019-09-01,60,10735,10795
10,2019-09-02,452,12458,12910
10,2019-09-03,503,12963,13466
10,2019-09-04,571,12864,13435
10,2019-09-05,529,12921,13450
10,2019-09-06,516,13324,13840
10,2019-09-07,163,10229,10392
10,2019-09-08,50,8674,8724
10,2019-09-09,461,12101,12562
10,2019-09-10,504,12679,13183
10,2019-09-11,538,12707,13245
10,2019-09-12,488,13010,13498
10,2019-09-13,560,13433,13993
10,2019-09-14,295,11852,12147
10,2019-09-15,84,10294,10378
10,2019-09-16,501,13248,13749
10,2019-09-17,498,13347,13845
10,2019-09-18,634,13287,13921
10,2019-09-19,508,13280,13788
10,2019-09-20,559,13750,14309
10,2019-09-21,188,11849,12037
10,2019-09-22,55,9815,9870
10,2019-09-23,487,12184,12671
10,2019-09-24,473,12669,13142
10,2019-09-25,468,12422,12890
10,2019-09-26,399,12835,13234
10,2019-09-27,489,13630,14119
10,2019-09-28,166,11741,11907
10,2019-09-29,73,10805,10878
10,2019-09-30,499,12421,12920
10,2019-10-01,441,12771,13212
10,2019-10-02,539,12996,13535
10,2019-10-03,226,14418,14644
10,2019-10-04,490,13362,13852
10,2019-10-05,159,11068,11227
10,2019-10-06,26,8240,8266
10,2019-10-07,445,12260,12705
10,2019-10-08,409,12206,12615
10,2019-10-09,495,12174,12669
10,2019-10-10,512,12522,13034
10,2019-10-11,501,13025,13526
10,2019-10-12,174,11487,11661
10,2019-10-13,41,10182,10223
10,2019-10-14,483,12192,12675
10,2019-10-15,450,12459,12909
10,2019-10-16,495,12469,12964
10,2019-10-17,528,12351,12879
10,2019-10-18,480,13108,13588
10,2019-10-19,155,10510,10665
10,2019-10-20,51,8476,8527
10,2019-10-21,412,12232,12644
10,2019-10-22,543,12689,13232
10,2019-10-23,525,12763,13288
10,2019-10-24,473,13065,13538
10,2019-10-25,571,13623,14194
10,2019-10-26,226,11664,11890
10,2019-10-27,44,9856,9900
10,2019-10-28,489,12480,12969
10,2019-10-29,516,12758,13274
10,2019-10-30,495,13229,13724
10,2019-11-01,71,9684,9755
10,2019-11-02,235,11664,11899
10,2019-11-03,59,9988,10047
10,2019-11-04,529,13253,13782
10,2019-11-05,459,12632,13091
10,2019-11-06,449,12442,12891
10,2019-11-07,511,12728,13239
10,2019-11-08,545,13268,13813
10,2019-11-09,146,11112,11258
10,2019-11-10,36,8763,8799
10,2019-11-11,470,12249,12719
10,2019-11-12,442,12442,12884
10,2019-11-13,490,12521,13011
10,2019-11-14,522,12750,13272
10,2019-11-15,485,12907,13392
10,2019-11-16,163,11073,11236
10,2019-11-17,25,8388,8413
10,2019-11-18,479,11932,12411
10,2019-11-19,449,12239,12688
10,2019-11-20,523,12078,12601
10,2019-11-21,521,12428,12949
10,2019-11-22,486,12797,13283
10,2019-11-23,137,10708,10845
10,2019-11-24,24,8741,8765
10,2019-11-25,451,12140,12591
10,2019-11-26,496,12334,12830
10,2019-11-27,451,12277,12728
11,2019-01-01,24,1324,1348
11,2019-01-02,122,3693,3815
11,2019-01-03,148,3866,4014
11,2019-01-04,140,3921,4061
11,2019-01-05,45,2659,2704
11,2019-01-06,33,2021,2054
11,2019-01-07,198,5300,5498
11,2019-01-08,142,5426,5568
11,2019-01-09,254,5406,5660
11,2019-01-10,301,5145,5446
11,2019-01-12,90,2874,2964
11,2019-01-13,12,2013,2025
11,2019-01-14,204,5321,5525
11,2019-01-15,296,5495,5791
11,2019-01-16,331,5332,5663
11,2019-01-17,319,5561,5880
11,2019-01-18,271,5376,5647
11,2019-01-19,96,2938,3034
11,2019-01-20,55,2196,2251
11,2019-01-21,303,5189,5492
11,2019-01-22,321,5178,5499
11,2019-01-23,190,5144,5334
11,2019-01-24,284,5338,5622
11,2019-01-26,30,2883,2913
11,2019-01-27,10,2256,2266
11,2019-01-28,160,5436,5596
11,2019-01-29,286,5278,5564
11,2019-01-30,110,4734,4844
11,2019-01-31,28,4499,4527
11,2019-02-01,75,5185,5260
11,2019-02-02,54,2874,2928
11,2019-02-03,32,2221,2253
11,2019-02-04,276,5232,5508
11,2019-02-05,333,5420,5753
11,2019-02-06,295,5308,5603
11,2019-02-07,248,5571,5819
11,2019-02-09,116,2928,3044
11,2019-02-10,18,2106,2124
11,2019-02-11,253,5314,5567
11,2019-02-12,273,5291,5564
11,2019-02-13,292,5526,5818
11,2019-02-14,299,5667,5966
11,2019-02-15,294,5768,6062
11,2019-02-16,84,3070,3154
11,2019-02-17,57,2792,2849
11,2019-02-18,244,5084,5328
11,2019-02-19,256,5217,5473
11,2019-02-20,251,5233,5484
11,2019-02-21,251,5264,5515
11,2019-02-23,84,3001,3085
11,2019-02-24,61,2967,3028
11,2019-02-25,294,5123,5417
11,2019-02-26,294,5395,5689
11,2019-02-27,292,5430,5722
11,2019-02-28,296,5626,5922
11,2019-03-01,179,5420,5599
11,2019-03-02,80,3137,3217
11,2019-03-03,37,2232,2269
11,2019-03-04,160,4398,4558
11,2019-03-05,202,5094,5296
11,2019-03-06,170,5966,6136
11,2019-03-07,168,5902,6070
11,2019-03-09,91,3106,3197
11,2019-03-10,52,2176,2228
11,2019-03-11,282,5710,5992
11,2019-03-12,322,5802,6124
11,2019-03-13,180,5678,5858
11,2019-03-14,124,5762,5886
11,2019-03-15,154,5718,5872
11,2019-03-16,81,3000,3081
11,2019-03-17,28,2184,2212
11,2019-03-18,276,5578,5854
11,2019-03-19,322,5954,6276
11,2019-03-20,312,5838,6150
11,2019-03-21,368,6292,6660
11,2019-03-23,96,3374,3470
11,2019-03-24,54,2624,2678
11,2019-03-25,294,5348,5642
11,2019-03-26,348,5910,6258
11,2019-03-27,335,5957,6292
11,2019-03-28,336,5835,6171
11,2019-03-29,312,5821,6133
11,2019-03-30,111,3772,3883
11,2019-04-01,322,5718,6040
11,2019-04-02,357,5755,6112
11,2019-04-03,281,5879,6160
11,2019-04-04,280,5743,6023
11,2019-04-06,97,3304,3401
11,2019-04-07,115,2675,2790
11,2019-04-08,299,5826,6125
11,2019-04-09,136,7540,7676
11,2019-04-10,302,7168,7470
11,2019-04-11,540,6663,7203
11,2019-04-12,499,6435,6934
11,2019-04-13,102,3109,3211
11,2019-04-14,70,2401,2471
11,2019-04-15,489,6249,6738
11,2019-04-16,374,6360,6734
11,2019-04-17,418,6486,6904
11,2019-04-18,389,6688,7077
11,2019-04-20,96,3518,3614
11,2019-04-21,62,2942,3004
11,2019-04-22,55,3033,3088
11,2019-04-23,321,5590,5911
11,2019-04-24,244,5596,5840
11,2019-04-25,238,5755,5993
11,2019-04-26,271,5724,5995
11,2019-04-27,92,3144,3236
11,2019-04-28,36,2436,2472
11,2019-04-29,290,5618,5908
11,2019-04-30,286,6315,6601
11,2019-05-01,77,3781,3858
11,2019-05-02,321,5902,6223
11,2019-05-04,76,3310,3386
11,2019-05-05,57,2815,2872
11,2019-05-06,364,5648,6012
11,2019-05-07,312,6532,6844
11,2019-05-08,138,6388,6526
11,2019-05-09,46,2838,2884
11,2019-05-11,30,3055,3085
11,2019-05-12,54,3031,3085
11,2019-05-13,314,5791,6105
11,2019-05-14,363,6013,6376
11,2019-05-15,362,6187,6549
11,2019-05-16,372,6266,6638
11,2019-06-01,78,3736,3814
11,2019-06-02,61,3388,3449
11,2019-06-03,311,5727,6038
11,2019-06-04,302,6169,6471
11,2019-06-05,238,6410,6648
11,2019-06-06,304,6604,6908
11,2019-06-08,107,3469,3576
11,2019-06-09,63,3407,3470
11,2019-06-10,46,2608,2654
11,2019-06-11,321,5984,6305
11,2019-06-12,232,6422,6654
11,2019-06-13,367,6348,6715
11,2019-06-14,286,6360,6646
11,2019-06-15,104,4059,4163
11,2019-06-16,71,3710,3781
11,2019-06-17,315,6160,6475
11,2019-06-18,330,6359,6689
11,2019-06-19,331,6372,6703
11,2019-07-18,125,5849,5974
11,2019-07-19,101,5791,5892
11,2019-07-20,62,3198,3260
11,2019-07-21,35,3249,3284
11,2019-07-22,130,5443,5573
11,2019-07-23,152,5630,5782
11,2019-07-24,146,5419,5565
11,2019-07-25,160,5188,5348
11,2019-07-26,142,5179,5321
11,2019-07-27,48,3017,3065
11,2019-07-28,10,2505,2515
11,2019-07-29,121,5058,5179
11,2019-07-30,121,5075,5196
11,2019-07-31,119,5077,5196
11,2019-08-01,132,5129,5261
11,2019-08-02,138,5022,5160
11,2019-08-03,69,3214,3283
11,2019-08-04,19,2868,2887
11,2019-08-05,93,4766,4859
11,2019-08-06,86,4953,5039
11,2019-08-07,79,5102,5181
11,2019-08-08,82,5062,5144
11,2019-08-09,76,4646,4722
11,2019-08-10,42,3063,3105
11,2019-08-11,16,2784,2800
11,2019-08-12,88,4802,4890
11,2019-08-13,123,5364,5487
11,2019-08-14,97,5387,5484
11,2019-08-15,40,2868,2908
11,2019-08-16,83,4678,4761
11,2019-08-17,42,3029,3071
11,2019-08-18,15,2542,2557
11,2019-08-19,99,5659,5758
11,2019-08-20,96,5619,5715
11,2019-08-21,108,5840,5948
11,2019-08-22,96,5909,6005
11,2019-08-23,112,5851,5963
11,2019-08-24,43,3558,3601
11,2019-08-25,15,3064,3079
11,2019-08-26,130,5952,6082
11,2019-08-27,144,6116,6260
11,2019-08-28,123,6362,6485
11,2019-08-29,183,6229,6412
11,2019-08-30,163,6101,6264
11,2019-08-31,80,3320,3400
11,2019-09-01,15,2695,2710
11,2019-09-02,124,5945,6069
11,2019-09-03,120,6185,6305
11,2019-09-04,162,6132,6294
11,2019-09-05,182,6141,6323
11,2019-09-06,205,5966,6171
11,2019-09-07,47,3706,3753
11,2019-09-08,18,2943,2961
11,2019-09-09,117,5936,6053
11,2019-09-10,117,6157,6274
11,2019-09-11,139,6079,6218
11,2019-09-12,192,6143,6335
11,2019-09-13,146,6037,6183
11,2019-09-14,92,3700,3792
11,2019-09-15,21,3723,3744
11,2019-09-16,130,6186,6316
11,2019-09-17,164,6312,6476
11,2019-09-18,197,6411,6608
11,2019-09-19,179,6396,6575
11,2019-09-20,146,6370,6516
11,2019-09-21,89,3696,3785
11,2019-09-22,37,2888,2925
11,2019-09-23,98,5871,5969
11,2019-09-24,129,6296,6425
11,2019-09-25,107,6126,6233
11,2019-09-26,97,6199,6296
11,2019-09-27,94,6185,6279
11,2019-09-28,53,3539,3592
11,2019-09-29,45,3240,3285
11,2019-09-30,124,5949,6073
11,2019-10-01,119,5981,6100
11,2019-10-02,103,6079,6182
11,2019-10-03,96,6150,6246
11,2019-10-04,130,5942,6072
11,2019-10-05,39,3331,3370
11,2019-10-06,11,2654,2665
11,2019-10-07,96,5693,5789
11,2019-10-08,83,5733,5816
11,2019-10-09,121,5807,5928
11,2019-10-10,108,5990,6098
11,2019-10-11,106,6013,6119
11,2019-10-12,41,3460,3501
11,2019-10-13,20,3392,3412
11,2019-10-14,117,6380,6497
11,2019-10-15,93,6285,6378
11,2019-10-16,107,6227,6334
11,2019-10-17,118,6258,6376
11,2019-10-18,125,6130,6255
11,2019-10-19,56,3160,3216
11,2019-10-20,8,2447,2455
11,2019-10-21,101,5949,6050
11,2019-10-22,138,6443,6581
11,2019-10-23,128,6500,6628
11,2019-10-24,150,6417,6567
11,2019-10-25,134,6411,6545
11,2019-10-26,69,3795,3864
11,2019-10-27,14,2566,2580
11,2019-10-28,148,5951,6099
11,2019-10-29,141,6057,6198
11,2019-10-30,118,6088,6206
11,2019-11-01,17,2369,2386
11,2019-11-02,34,3105,3139
11,2019-11-03,10,2321,2331
11,2019-11-04,101,6059,6160
11,2019-11-05,110,6259,6369
11,2019-11-06,112,6254,6366
11,2019-11-07,101,6267,6368
11,2019-11-08,84,6356,6440
11,2019-11-09,51,3335,3386
11,2019-11-10,7,2471,2478
11,2019-11-11,130,6107,6237
11,2019-11-12,113,6273,6386
11,2019-11-13,119,6255,6374
11,2019-11-14,108,6304,6412
11,2019-11-15,116,6214,6330
11,2019-11-16,45,3157,3202
11,2019-11-17,16,2449,2465
11,2019-11-18,94,5567,5661
11,2019-11-19,104,6296,6400
11,2019-11-20,110,6409,6519
11,2019-11-21,111,6313,6424
11,2019-11-22,117,6162,6279
11,2019-11-23,46,3313,3359
11,2019-11-24,7,2635,2642
11,2019-11-25,109,6126,6235
11,2019-11-26,83,6033,6116
11,2019-11-27,83,6152,6235
11,2019-11-28,103,6315,6418
11,2019-11-29,96,6006,6102
11,2019-11-30,41,3285,3326
11,2019-12-01,11,2294,2305
11,2019-12-02,101,6044,6145
11,2019-12-03,112,6304,6416
11,2019-12-04,112,6204,6316
11,2019-12-05,107,6303,6410
11,2019-12-06,115,5970,6085
11,2019-12-07,53,3246,3299
11,2019-12-08,8,2326,2334
11,2019-12-09,102,5926,6028
11,2019-12-10,113,6017,6130
11,2019-12-11,108,6081,6189
11,2019-12-12,102,6154,6256
11,2019-12-13,97,6039,6136
11,2019-12-14,35,3299,3334
11,2019-12-15,6,2425,2431
11,2019-12-16,90,6101,6191
11,2019-12-17,95,6261,6356
11,2019-12-18,83,6073,6156
11,2019-12-19,99,6154,6253
11,2019-12-20,105,5870,5975
11,2019-12-21,42,2952,2994
11,2019-12-22,10,2046,2056
11,2019-12-23,55,4062,4117
11,2019-12-24,40,2799,2839
11,2019-12-25,2,1570,1572
11,2019-12-26,6,1692,1698
11,2019-12-27,45,3200,3245
11,2019-12-28,39,2577,2616
11,2019-12-29,9,2047,2056
11,2019-12-30,63,3483,3546
11,2019-12-31,52,2814,2866
12,2019-01-01,85,4040,4125
12,2019-01-02,422,10179,10601
12,2019-01-03,456,10696,11152
12,2019-01-04,513,11262,11775
12,2019-01-05,208,10493,10701
12,2019-01-06,160,6583,6743
12,2019-01-07,553,11045,11598
12,2019-01-08,327,10596,10923
12,2019-01-09,511,10759,11270
12,2019-01-11,344,10588,10932
12,2019-01-12,214,11226,11440
12,2019-01-13,73,6458,6531
12,2019-01-14,457,10477,10934
12,2019-01-15,585,10504,11089
12,2019-01-16,622,10436,11058
12,2019-01-17,468,11504,11972
12,2019-01-18,585,11107,11692
12,2019-01-19,467,10743,11210
12,2019-01-20,305,6862,7167
12,2019-01-21,642,10319,10961
12,2019-01-22,668,9753,10421
12,2019-01-23,457,9252,9709
12,2019-01-25,528,10841,11369
12,2019-01-26,158,10710,10868
12,2019-01-27,40,6380,6420
12,2019-01-28,566,10934,11500
12,2019-01-29,567,10826,11393
12,2019-01-30,221,8187,8408
12,2019-01-31,148,9677,9825
12,2019-02-01,373,11417,11790
12,2019-02-02,208,11954,12162
12,2019-02-03,220,6989,7209
12,2019-02-04,659,10981,11640
12,2019-02-05,583,11700,12283
12,2019-02-06,603,11552,12155
12,2019-02-08,830,12208,13038
12,2019-02-09,380,11984,12364
12,2019-02-10,68,6158,6226
12,2019-02-11,588,10596,11184
12,2019-02-12,592,10818,11410
12,2019-02-13,626,10840,11466
12,2019-02-14,590,11655,12245
12,2019-02-15,600,11894,12494
12,2019-02-16,393,11571,11964
12,2019-02-17,268,8572,8840
12,2019-02-18,522,10600,11122
12,2019-02-19,535,10217,10752
12,2019-02-20,555,10278,10833
12,2019-02-22,571,11308,11879
12,2019-02-23,407,10882,11289
12,2019-02-24,314,8451,8765
12,2019-02-25,611,10773,11384
12,2019-02-26,626,10922,11548
12,2019-02-27,648,11649,12297
12,2019-02-28,1002,12220,13222
12,2019-03-01,812,12774,13586
12,2019-03-02,425,11994,12419
12,2019-03-03,418,7468,7886
12,2019-03-04,520,10738,11258
12,2019-03-05,548,11936,12484
12,2019-03-08,554,11954,12508
12,2019-03-09,416,12182,12598
12,2019-03-10,202,6670,6872
12,2019-03-11,662,10773,11435
12,2019-03-12,685,10869,11554
12,2019-03-15,394,12332,12726
12,2019-03-16,414,11680,12094
12,2019-03-17,230,8202,8432
12,2019-03-18,575,10789,11364
12,2019-03-19,603,10706,11309
12,2019-03-20,609,10709,11318
12,2019-03-22,628,12109,12737
12,2019-03-23,409,11653,12062
12,2019-03-24,319,8258,8577
12,2019-03-25,632,10844,11476
12,2019-03-26,970,11430,12400
12,2019-03-27,685,11759,12444
12,2019-03-28,654,12552,13206
12,2019-03-29,675,12940,13615
12,2019-03-30,439,13196,13635
12,2019-04-01,578,11756,12334
12,2019-04-02,852,12830,13682
12,2019-04-03,1050,14292,15342
12,2019-04-05,695,12349,13044
12,2019-04-06,488,12222,12710
12,2019-04-07,356,8456,8812
12,2019-04-08,590,11546,12136
12,2019-04-09,452,11800,12252
12,2019-04-10,499,11610,12109
12,2019-04-11,505,10456,10961
12,2019-04-12,692,12360,13052
12,2019-04-13,470,11243,11713
12,2019-04-14,300,7186,7486
12,2019-04-15,563,11608,12171
12,2019-04-16,466,11630,12096
12,2019-04-17,543,11792,12335
12,2019-04-19,435,12057,12492
12,2019-04-20,439,12433,12872
12,2019-04-21,234,8617,8851
12,2019-04-22,254,9328,9582
12,2019-04-23,595,11326,11921
12,2019-04-24,658,10978,11636
12,2019-04-25,492,10640,11132
12,2019-04-26,862,12342,13204
12,2019-04-27,434,11880,12314
12,2019-04-28,246,7274,7520
12,2019-04-29,595,11352,11947
12,2019-04-30,608,12992,13600
12,2019-05-01,325,10026,10351
12,2019-05-03,447,8203,8650
12,2019-05-04,330,11775,12105
12,2019-05-05,300,8112,8412
12,2019-05-06,650,10910,11560
12,2019-05-07,666,11412,12078
12,2019-05-08,342,13544,13886
12,2019-05-09,284,10994,11278
12,2019-05-11,130,9578,9708
12,2019-05-12,265,8062,8327
12,2019-05-13,555,10302,10857
12,2019-05-14,566,10718,11284
12,2019-05-15,560,10574,11134
12,2019-05-16,607,11760,12367
12,2019-05-17,900,11292,12192
12,2019-05-19,209,7531,7740
12,2019-05-20,494,9970,10464
12,2019-05-21,532,9546,10078
12,2019-05-22,490,9463,9953
12,2019-05-23,483,9740,10223
12,2019-05-24,574,12408,12982
12,2019-05-25,438,11956,12394
12,2019-05-26,263,8325,8588
12,2019-05-27,528,11455,11983
12,2019-05-28,864,12162,13026
12,2019-05-29,632,12967,13599
12,2019-05-30,329,8826,9155
12,2019-05-31,525,13652,14177
12,2019-06-01,388,12552,12940
12,2019-06-03,534,11752,12286
12,2019-06-04,491,11861,12352
12,2019-06-05,674,12778,13452
12,2019-06-06,972,12946,13918
12,2019-06-07,932,13078,14010
12,2019-06-08,540,13030,13570
12,2019-06-09,313,9552,9865
12,2019-06-10,340,8604,8944
12,2019-06-11,557,11758,12315
12,2019-06-12,624,12430,13054
12,2019-06-13,830,12948,13778
12,2019-06-14,810,13212,14022
12,2019-06-15,420,12614,13034
12,2019-07-18,235,11607,11842
12,2019-07-19,293,12164,12457
12,2019-07-20,128,11569,11697
12,2019-07-21,45,9204,9249
12,2019-07-22,231,11327,11558
12,2019-07-23,217,11021,11238
12,2019-07-24,208,11046,11254
12,2019-07-25,219,11216,11435
12,2019-07-26,241,11793,12034
12,2019-07-27,101,11701,11802
12,2019-07-28,29,7648,7677
12,2019-07-29,245,11729,11974
12,2019-07-30,227,11878,12105
12,2019-07-31,212,12258,12470
12,2019-08-01,211,12622,12833
12,2019-08-02,248,13365,13613
12,2019-08-03,97,12325,12422
12,2019-08-04,33,9576,9609
12,2019-08-05,218,11778,11996
12,2019-08-06,189,11426,11615
12,2019-08-07,191,11779,11970
12,2019-08-08,175,11631,11806
12,2019-08-09,198,10360,10558
12,2019-08-10,89,11430,11519
12,2019-08-11,38,8546,8584
12,2019-08-12,166,11253,11419
12,2019-08-13,152,11681,11833
12,2019-08-14,182,12076,12258
12,2019-08-15,49,8584,8633
12,2019-08-16,168,12681,12849
12,2019-08-17,84,10736,10820
12,2019-08-18,48,7971,8019
12,2019-08-19,170,11215,11385
12,2019-08-20,167,11167,11334
12,2019-08-21,189,11460,11649
12,2019-08-22,170,11668,11838
12,2019-08-23,186,12147,12333
12,2019-08-24,86,11334,11420
12,2019-08-25,30,9109,9139
12,2019-08-26,205,11764,11969
12,2019-08-27,187,11490,11677
12,2019-08-28,180,11785,11965
12,2019-08-29,227,12309,12536
12,2019-08-30,237,13128,13365
12,2019-08-31,137,11871,12008
12,2019-09-01,45,8831,8876
12,2019-09-02,240,11626,11866
12,2019-09-03,219,11725,11944
12,2019-09-04,222,11654,11876
12,2019-09-05,242,12058,12300
12,2019-09-06,270,12639,12909
12,2019-09-07,98,11606,11704
12,2019-09-08,33,7523,7556
12,2019-09-09,227,11183,11410
12,2019-09-10,257,11031,11288
12,2019-09-11,241,11248,11489
12,2019-09-12,249,11657,11906
12,2019-09-13,218,11976,12194
12,2019-09-14,104,12599,12703
12,2019-09-15,52,9710,9762
12,2019-09-16,262,12358,12620
12,2019-09-17,252,12250,12502
12,2019-09-18,258,12261,12519
12,2019-09-19,250,12229,12479
12,2019-09-20,259,12606,12865
12,2019-09-21,127,12151,12278
12,2019-09-22,45,8538,8583
12,2019-09-23,203,10975,11178
12,2019-09-24,246,10930,11176
12,2019-09-25,247,10994,11241
12,2019-09-26,241,11648,11889
12,2019-09-27,243,12329,12572
12,2019-09-28,129,12417,12546
12,2019-09-29,61,8654,8715
12,2019-09-30,210,11674,11884
12,2019-10-01,271,11829,12100
12,2019-10-02,194,12042,12236
12,2019-10-03,157,12185,12342
12,2019-10-04,226,12758,12984
12,2019-10-05,115,12802,12917
12,2019-10-06,45,7298,7343
12,2019-10-07,202,11088,11290
12,2019-10-08,180,10931,11111
12,2019-10-09,204,11072,11276
12,2019-10-10,212,10844,11056
12,2019-10-11,260,12388,12648
12,2019-10-12,108,12101,12209
12,2019-10-13,33,9562,9595
12,2019-10-14,156,10936,11092
12,2019-10-15,201,10539,10740
12,2019-10-16,201,10764,10965
12,2019-10-17,205,11067,11272
12,2019-10-18,240,10718,10958
12,2019-10-19,114,11960,12074
12,2019-10-20,37,7421,7458
12,2019-10-21,222,11974,12196
12,2019-10-22,201,10683,10884
12,2019-10-23,203,10581,10784
12,2019-10-24,206,10728,10934
12,2019-10-25,223,11227,11450
12,2019-10-26,125,10863,10988
12,2019-10-27,25,6444,6469
12,2019-10-28,155,8668,8823
12,2019-10-29,170,8579,8749
12,2019-10-30,185,8915,9100
12,2019-11-01,42,5825,5867
12,2019-11-02,74,8604,8678
12,2019-11-03,16,5411,5427
12,2019-11-04,146,10748,10894
12,2019-11-05,121,7193,7314
12,2019-11-06,158,7039,7197
12,2019-11-07,198,11374,11572
12,2019-11-08,232,12104,12336
12,2019-11-09,106,11834,11940
12,2019-11-10,21,7702,7723
12,2019-11-11,125,13460,13585
12,2019-11-12,220,10797,11017
12,2019-11-13,224,10991,11215
12,2019-11-14,252,11190,11442
12,2019-11-15,210,11621,11831
12,2019-11-16,106,11102,11208
12,2019-11-17,27,6796,6823
12,2019-11-18,199,10311,10510
12,2019-11-19,208,10743,10951
12,2019-11-20,229,10667,10896
12,2019-11-21,207,10955,11162
12,2019-11-22,209,11514,11723
12,2019-11-23,98,10924,11022
12,2019-11-24,24,7305,7329
12,2019-11-25,203,10652,10855
12,2019-11-26,195,10672,10867
12,2019-11-27,177,10966,11143
12,2019-11-28,215,11675,11890
12,2019-11-29,220,12028,12248
12,2019-11-30,106,12186,12292
12,2019-12-01,21,6696,6717
12,2019-12-02,180,11428,11608
12,2019-12-03,200,11546,11746
12,2019-12-04,211,12079,12290
12,2019-12-05,181,11692,11873
12,2019-12-06,217,12106,12323
12,2019-12-07,94,12091,12185
12,2019-12-08,17,6985,7002
12,2019-12-09,206,11036,11242
12,2019-12-10,199,11297,11496
12,2019-12-11,202,10956,11158
12,2019-12-12,233,11448,11681
12,2019-12-13,203,11788,11991
12,2019-12-14,88,12094,12182
12,2019-12-15,25,7563,7588
12,2019-12-16,205,11517,11722
12,2019-12-17,193,11502,11695
12,2019-12-18,166,11417,11583
12,2019-12-19,196,12203,12399
12,2019-12-20,217,12547,12764
12,2019-12-21,54,12099,12153
12,2019-12-22,14,7160,7174
12,2019-12-23,76,12024,12100
12,2019-12-24,56,8703,8759
12,2019-12-25,22,3800,3822
12,2019-12-26,14,5873,5887
12,2019-12-27,69,11167,11236
12,2019-12-28,52,10675,10727
12,2019-12-29,23,6752,6775
12,2019-12-30,94,12416,12510
12,2019-12-31,58,9207,9265
15,2019-01-01,3,4769,4772
15,2019-01-02,29,11238,11267
15,2019-01-03,52,12109,12161
15,2019-01-04,48,12773,12821
15,2019-01-05,24,9637,9661
15,2019-01-06,18,9298,9316
15,2019-01-07,57,12783,12840
15,2019-01-08,56,13526,13582
15,2019-01-09,61,13226,13287
15,2019-01-10,62,13813,13875
15,2019-01-11,67,13992,14059
15,2019-01-12,28,10612,10640
15,2019-01-13,18,9413,9431
15,2019-01-14,99,13592,13691
15,2019-01-15,132,14471,14603
15,2019-01-16,133,14133,14266
15,2019-01-17,117,14331,14448
15,2019-01-18,97,14656,14753
15,2019-01-19,39,10967,11006
15,2019-01-20,22,9768,9790
15,2019-01-21,119,13621,13740
15,2019-01-22,89,13257,13346
15,2019-01-23,87,11717,11804
15,2019-01-24,112,13153,13265
15,2019-01-25,101,14372,14473
15,2019-01-26,18,10592,10610
15,2019-01-27,8,9023,9031
15,2019-01-28,89,13200,13289
15,2019-01-29,89,14320,14409
15,2019-01-30,53,9713,9766
15,2019-01-31,52,11039,11091
15,2019-02-01,59,13752,13811
15,2019-02-02,17,11505,11522
15,2019-02-03,9,10579,10588
15,2019-02-04,102,13806,13908
15,2019-02-05,114,15011,15125
15,2019-02-06,92,14868,14960
15,2019-02-07,99,14386,14485
15,2019-02-08,99,15283,15382
15,2019-02-09,32,11183,11215
15,2019-02-10,7,9222,9229
15,2019-02-11,116,13050,13166
15,2019-02-12,142,13859,14001
15,2019-02-13,121,13383,13504
15,2019-02-14,125,14860,14985
15,2019-02-15,118,14123,14241
15,2019-02-16,48,10984,11032
15,2019-02-17,16,10057,10073
15,2019-02-18,91,12357,12448
15,2019-02-19,98,12615,12713
15,2019-02-20,136,13837,13973
15,2019-02-21,100,13083,13183
15,2019-02-22,111,13792,13903
15,2019-02-23,34,10740,10774
15,2019-02-24,10,10152,10162
15,2019-02-25,105,13614,13719
15,2019-02-26,127,14289,14416
15,2019-02-27,159,15486,15645
15,2019-02-28,111,15371,15482
15,2019-03-01,113,16681,16794
15,2019-03-02,35,12541,12576
15,2019-03-03,14,10850,10864
15,2019-03-04,84,13738,13822
15,2019-03-05,102,14789,14891
15,2019-03-06,103,15166,15269
15,2019-03-07,114,15328,15442
15,2019-03-08,105,15679,15784
15,2019-03-09,35,12007,12042
15,2019-03-10,8,10105,10113
15,2019-03-11,104,14301,14405
15,2019-03-12,118,14119,14237
15,2019-03-13,94,14490,14584
15,2019-03-14,133,14701,14834
15,2019-03-15,98,15209,15307
15,2019-03-16,38,11876,11914
15,2019-03-17,11,10166,10177
15,2019-03-18,105,14018,14123
15,2019-03-19,123,13419,13542
15,2019-03-20,124,13954,14078
15,2019-03-21,117,14903,15020
15,2019-03-22,116,15185,15301
15,2019-03-23,46,11576,11622
15,2019-03-24,19,10729,10748
15,2019-03-25,133,13868,14001
15,2019-03-26,123,14159,14282
15,2019-03-27,136,14320,14456
15,2019-03-28,118,15073,15191
15,2019-03-29,97,15989,16086
15,2019-03-30,32,12490,12522
15,2019-04-01,100,14767,14867
15,2019-04-02,131,15010,15141
15,2019-04-03,151,14818,14969
15,2019-04-04,103,15001,15104
15,2019-04-05,135,16452,16587
15,2019-04-06,39,12297,12336
15,2019-04-07,14,9337,9351
15,2019-04-08,93,12735,12828
15,2019-04-09,107,13464,13571
15,2019-04-10,123,14044,14167
15,2019-04-11,108,14314,14422
15,2019-04-12,131,15076,15207
15,2019-04-13,38,11120,11158
15,2019-04-14,18,10003,10021
15,2019-04-15,88,13172,13260
15,2019-04-16,89,13536,13625
15,2019-04-17,94,13450,13544
15,2019-04-18,109,13968,14077
15,2019-04-19,92,15314,15406
15,2019-04-20,31,10610,10641
15,2019-04-21,11,9011,9022
15,2019-04-22,15,9285,9300
15,2019-04-23,106,14652,14758
15,2019-04-24,120,14285,14405
15,2019-04-25,128,14972,15100
15,2019-04-26,116,16429,16545
15,2019-04-27,74,13856,13930
15,2019-04-28,14,11015,11029
15,2019-04-29,131,14894,15025
15,2019-04-30,113,16078,16191
15,2019-05-01,14,9853,9867
15,2019-05-02,104,15717,15821
15,2019-05-03,117,16162,16279
15,2019-05-04,53,12130,12183
15,2019-05-05,22,10984,11006
15,2019-05-06,118,14471,14589
15,2019-05-07,133,15212,15345
15,2019-05-08,75,16303,16378
15,2019-05-09,40,9056,9096
15,2019-05-10,99,13114,13213
15,2019-05-11,23,10944,10967
15,2019-05-12,14,10854,10868
15,2019-05-13,110,15202,15312
15,2019-05-14,149,14852,15001
15,2019-05-15,143,15212,15355
15,2019-05-16,132,15097,15229
15,2019-05-17,110,15651,15761
15,2019-05-18,90,13342,13432
15,2019-05-19,25,11106,11131
15,2019-05-20,123,14365,14488
15,2019-05-21,140,14633,14773
15,2019-05-22,146,14545,14691
15,2019-05-23,153,15825,15978
15,2019-05-24,105,15424,15529
15,2019-05-25,109,12129,12238
15,2019-05-26,21,10827,10848
15,2019-05-27,132,13802,13934
15,2019-05-28,97,15048,15145
15,2019-05-29,137,16066,16203
15,2019-05-30,26,10479,10505
15,2019-05-31,81,13697,13778
15,2019-06-01,46,11270,11316
15,2019-06-02,13,10216,10229
15,2019-06-03,113,14193,14306
15,2019-06-04,162,15805,15967
15,2019-06-05,129,15164,15293
15,2019-06-06,132,15993,16125
15,2019-06-07,112,16021,16133
15,2019-06-08,43,12648,12691
15,2019-06-09,20,11113,11133
15,2019-06-10,23,9564,9587
15,2019-06-11,109,14231,14340
15,2019-06-12,137,14720,14857
15,2019-06-13,130,15434,15564
15,2019-06-14,136,15548,15684
15,2019-06-15,58,12189,12247
15,2019-06-16,24,10673,10697
15,2019-06-17,131,13886,14017
15,2019-06-18,132,14353,14485
15,2019-06-19,165,14431,14596
15,2019-06-20,238,15428,15666
15,2019-06-21,155,15182,15337
15,2019-06-22,62,11299,11361
15,2019-06-23,14,10448,10462
15,2019-06-24,108,13236,13344
15,2019-06-25,129,13664,13793
15,2019-06-26,95,13912,14007
15,2019-06-27,100,14826,14926
15,2019-06-28,113,16057,16170
15,2019-06-29,52,11999,12051
15,2019-06-30,21,10917,10938
15,2019-07-01,96,14762,14858
15,2019-07-02,117,15537,15654
15,2019-07-17,126,14789,14915
15,2019-07-18,102,15132,15234
15,2019-07-19,105,15633,15738
15,2019-07-20,44,10749,10793
15,2019-07-21,19,9930,9949
15,2019-07-22,82,12932,13014
15,2019-07-23,94,13075,13169
15,2019-07-24,83,13365,13448
15,2019-07-25,100,12985,13085
15,2019-07-26,74,14168,14242
15,2019-07-27,25,10711,10736
15,2019-07-28,21,9772,9793
15,2019-07-29,55,12010,12065
15,2019-07-30,63,12235,12298
15,2019-07-31,66,12413,12479
15,2019-08-01,59,13644,13703
15,2019-08-02,56,13995,14051
15,2019-08-03,29,10469,10498
15,2019-08-04,24,9532,9556
15,2019-08-05,51,12697,12748
15,2019-08-06,79,12619,12698
15,2019-08-07,53,12001,12054
15,2019-08-08,50,12100,12150
15,2019-08-09,59,12035,12094
15,2019-08-10,28,9749,9777
15,2019-08-11,23,8815,8838
15,2019-08-12,46,11309,11355
15,2019-08-13,53,11368,11421
15,2019-08-14,54,11876,11930
15,2019-08-15,15,8500,8515
15,2019-08-16,43,10917,10960
15,2019-08-17,16,8853,8869
15,2019-08-18,17,8332,8349
15,2019-08-19,52,11879,11931
15,2019-08-20,75,13143,13218
15,2019-08-21,68,12349,12417
15,2019-08-22,88,12736,12824
15,2019-08-23,82,13747,13829
15,2019-08-24,20,9984,10004
15,2019-08-25,28,9474,9502
15,2019-08-26,95,12452,12547
15,2019-08-27,76,12693,12769
15,2019-08-28,89,13049,13138
15,2019-08-29,86,13901,13987
15,2019-08-30,90,13969,14059
15,2019-08-31,41,10926,10967
15,2019-09-01,12,10970,10982
15,2019-09-02,86,12226,12312
15,2019-09-03,108,13636,13744
15,2019-09-04,79,14021,14100
15,2019-09-05,77,14751,14828
15,2019-09-06,101,14450,14551
15,2019-09-07,47,10892,10939
15,2019-09-08,14,9903,9917
15,2019-09-09,77,13332,13409
15,2019-09-10,100,13367,13467
15,2019-09-11,94,13677,13771
15,2019-09-12,92,13969,14061
15,2019-09-13,87,14227,14314
15,2019-09-14,47,11208,11255
15,2019-09-15,25,9585,9610
15,2019-09-16,82,13239,13321
15,2019-09-17,87,14361,14448
15,2019-09-18,92,14311,14403
15,2019-09-19,95,14838,14933
15,2019-09-20,95,14680,14775
15,2019-09-21,50,11401,11451
15,2019-09-22,25,10142,10167
15,2019-09-23,78,13818,13896
15,2019-09-24,121,14389,14510
15,2019-09-25,97,13991,14088
15,2019-09-26,105,14925,15030
15,2019-09-27,94,15560,15654
15,2019-09-28,45,11823,11868
15,2019-09-29,12,10460,10472
15,2019-09-30,93,14333,14426
15,2019-10-01,114,14169,14283
15,2019-10-02,96,15203,15299
15,2019-10-03,97,14640,14737
15,2019-10-04,84,15727,15811
15,2019-10-05,29,11925,11954
15,2019-10-06,13,10310,10323
15,2019-10-07,81,13676,13757
15,2019-10-08,96,13960,14056
15,2019-10-09,90,14117,14207
15,2019-10-10,76,14694,14770
15,2019-10-11,98,15214,15312
15,2019-10-12,39,11663,11702
15,2019-10-13,10,10624,10634
15,2019-10-14,66,13788,13854
15,2019-10-15,89,13935,14024
15,2019-10-16,76,13968,14044
15,2019-10-17,57,14121,14178
15,2019-10-18,70,14922,14992
15,2019-10-19,42,11331,11373
15,2019-10-20,11,9405,9416
15,2019-10-21,80,13910,13990
15,2019-10-22,77,13149,13226
15,2019-10-23,90,13571,13661
15,2019-10-24,77,13716,13793
15,2019-10-25,84,14802,14886
15,2019-10-26,50,13022,13072
15,2019-10-27,14,10700,10714
15,2019-10-28,73,13413,13486
15,2019-10-29,91,14808,14899
15,2019-10-30,106,14558,14664
15,2019-11-01,21,10835,10856
15,2019-11-02,42,12516,12558
15,2019-11-03,9,11033,11042
15,2019-11-04,67,14507,14574
15,2019-11-05,83,16447,16530
15,2019-11-06,77,15093,15170
15,2019-11-07,79,15180,15259
15,2019-11-08,80,15592,15672
15,2019-11-09,41,11709,11750
15,2019-11-10,25,9950,9975
15,2019-11-11,43,16424,16467
15,2019-11-13,111,14902,15013
15,2019-11-14,116,15510,15626
15,2019-11-15,81,15175,15256
15,2019-11-16,39,10950,10989
15,2019-11-17,15,9724,9739
15,2019-11-18,63,13098,13161
15,2019-11-19,74,14533,14607
15,2019-11-20,96,13777,13873
15,2019-11-21,100,14128,14228
15,2019-11-22,92,14195,14287
15,2019-11-23,44,10988,11032
15,2019-11-24,20,9869,9889
15,2019-11-25,69,13440,13509
15,2019-11-26,90,14077,14167
15,2019-11-27,74,14020,14094
15,2019-11-28,75,14561,14636
15,2019-11-29,67,15224,15291
15,2019-11-30,29,12132,12161
15,2019-12-01,12,9971,9983
15,2019-12-02,67,14543,14610
15,2019-12-03,77,15145,15222
15,2019-12-04,90,15052,15142
15,2019-12-05,78,13503,13581
15,2019-12-06,63,15917,15980
15,2019-12-07,36,11635,11671
15,2019-12-08,12,9923,9935
15,2019-12-09,64,13930,13994
15,2019-12-10,85,14131,14216
15,2019-12-11,75,14468,14543
15,2019-12-12,69,15242,15311
15,2019-12-13,66,15373,15439
15,2019-12-14,25,11410,11435
15,2019-12-15,12,10535,10547
15,2019-12-16,76,13819,13895
15,2019-12-17,78,13872,13950
15,2019-12-18,83,14278,14361
15,2019-12-19,87,14568,14655
15,2019-12-20,46,15608,15654
15,2019-12-21,30,11262,11292
15,2019-12-22,5,9783,9788
15,2019-12-23,17,12432,12449
15,2019-12-24,25,10311,10336
15,2019-12-25,14,4728,4742
15,2019-12-26,15,7785,7800
15,2019-12-27,36,11947,11983
15,2019-12-28,16,10112,10128
15,2019-12-29,13,9147,9160
15,2019-12-30,15,11441,11456
15,2019-12-31,30,9986,10016
16,2019-05-16,92,8101,8193
16,2019-05-17,215,17023,17238
16,2019-05-18,151,15714,15865
16,2019-05-19,36,11227,11263
16,2019-05-20,254,15672,15926
16,2019-05-21,221,15812,16033
16,2019-05-22,196,15566,15762
16,2019-05-23,223,16347,16570
16,2019-05-24,236,16777,17013
16,2019-05-25,142,15486,15628
16,2019-05-26,37,12961,12998
16,2019-05-27,209,15416,15625
16,2019-05-28,217,16308,16525
16,2019-05-29,208,16519,16727
16,2019-05-30,69,11412,11481
16,2019-05-31,194,16461,16655
16,2019-06-01,152,15226,15378
16,2019-06-02,43,12114,12157
16,2019-06-03,213,15721,15934
16,2019-06-04,208,16467,16675
16,2019-06-05,282,16133,16415
16,2019-06-06,209,16929,17138
16,2019-06-07,233,16967,17200
16,2019-06-08,156,16079,16235
16,2019-06-09,38,12378,12416
16,2019-06-10,48,10731,10779
16,2019-06-11,203,16087,16290
16,2019-06-12,165,15529,15694
16,2019-06-13,229,16454,16683
16,2019-06-14,233,17553,17786
16,2019-06-15,154,16146,16300
16,2019-06-16,46,12547,12593
16,2019-06-17,254,15047,15301
16,2019-06-18,261,15850,16111
16,2019-06-19,210,15697,15907
16,2019-06-20,217,17531,17748
16,2019-06-21,231,16578,16809
16,2019-06-22,153,15085,15238
16,2019-06-23,43,12011,12054
16,2019-06-24,184,15395,15579
16,2019-06-25,201,16075,16276
16,2019-06-26,211,15937,16148
16,2019-06-27,194,16244,16438
16,2019-06-28,221,17603,17824
16,2019-06-29,147,15451,15598
16,2019-06-30,42,12344,12386
16,2019-07-01,226,16344,16570
16,2019-07-02,220,16528,16748
16,2019-07-03,227,16699,16926
16,2019-07-04,224,16257,16481
16,2019-07-05,233,17803,18036
16,2019-07-06,146,17275,17421
16,2019-07-07,47,11767,11814
16,2019-07-08,227,15691,15918
16,2019-07-09,237,16358,16595
16,2019-07-10,235,16893,17128
16,2019-07-11,224,15666,15890
16,2019-07-12,203,16593,16796
16,2019-07-13,145,15121,15266
16,2019-07-14,60,11832,11892
16,2019-07-15,214,15058,15272
16,2019-07-16,247,15909,16156
16,2019-07-17,228,15531,15759
16,2019-07-18,244,15535,15779
16,2019-07-19,168,16612,16780
16,2019-07-20,187,15798,15985
16,2019-07-21,45,12798,12843
16,2019-07-22,356,17202,17558
16,2019-07-23,223,15245,15468
16,2019-07-24,227,14810,15037
16,2019-07-25,222,15081,15303
16,2019-07-26,195,15682,15877
16,2019-07-27,106,12640,12746
16,2019-07-28,34,10075,10109
16,2019-07-29,156,14081,14237
16,2019-07-30,167,14190,14357
16,2019-07-31,265,13217,13482
16,2019-08-01,173,14481,14654
16,2019-08-02,165,14967,15132
16,2019-08-03,135,12675,12810
16,2019-08-04,41,9886,9927
16,2019-08-05,159,12771,12930
16,2019-08-06,172,12653,12825
16,2019-08-07,144,12112,12256
16,2019-08-08,160,12836,12996
16,2019-08-09,149,12486,12635
16,2019-08-10,118,11637,11755
16,2019-08-11,47,8776,8823
16,2019-08-12,139,11506,11645
16,2019-08-13,129,12043,12172
16,2019-08-14,163,12555,12718
16,2019-08-15,27,8256,8283
16,2019-08-16,134,12634,12768
16,2019-08-17,82,9566,9648
16,2019-08-18,25,8584,8609
16,2019-08-19,145,12548,12693
16,2019-08-20,168,12850,13018
16,2019-08-21,158,12968,13126
16,2019-08-22,169,13407,13576
16,2019-08-23,169,14264,14433
16,2019-08-24,121,12916,13037
16,2019-08-25,39,10671,10710
16,2019-08-26,192,14211,14403
16,2019-08-27,186,14511,14697
16,2019-08-28,216,14807,15023
16,2019-08-29,205,15160,15365
16,2019-08-30,215,16456,16671
16,2019-08-31,124,14288,14412
16,2019-09-01,54,11134,11188
16,2019-09-02,191,14821,15012
16,2019-09-03,210,15147,15357
16,2019-09-04,216,15031,15247
16,2019-09-05,250,15436,15686
16,2019-09-06,209,16068,16277
16,2019-09-07,102,13577,13679
16,2019-09-08,20,10817,10837
16,2019-09-09,182,14906,15088
16,2019-09-10,204,15334,15538
16,2019-09-11,212,14914,15126
16,2019-09-12,154,13767,13921
16,2019-09-13,230,16328,16558
16,2019-09-14,156,15048,15204
16,2019-09-15,55,12526,12581
16,2019-09-16,194,15480,15674
16,2019-09-17,233,15840,16073
16,2019-09-18,244,15425,15669
16,2019-09-19,232,14948,15180
16,2019-09-20,221,16423,16644
16,2019-09-21,168,13954,14122
16,2019-09-22,47,11046,11093
16,2019-09-23,173,14327,14500
16,2019-09-24,186,14468,14654
16,2019-09-25,135,13777,13912
16,2019-09-26,143,11333,11476
16,2019-09-27,166,15195,15361
16,2019-09-28,110,13976,14086
16,2019-09-29,13,8993,9006
16,2019-09-30,158,14727,14885
16,2019-10-01,127,11211,11338
16,2019-10-02,176,14073,14249
16,2019-10-03,212,15978,16190
16,2019-10-04,176,14532,14708
16,2019-10-05,104,14022,14126
16,2019-10-06,16,9988,10004
16,2019-10-07,154,14303,14457
16,2019-10-08,95,9070,9165
16,2019-10-09,175,13479,13654
16,2019-10-10,163,14767,14930
16,2019-10-11,200,16458,16658
16,2019-10-12,156,15152,15308
16,2019-10-13,39,11474,11513
16,2019-10-14,186,15082,15268
16,2019-10-15,130,12993,13123
16,2019-10-16,166,13714,13880
16,2019-10-17,142,11257,11399
16,2019-10-18,156,11868,12024
16,2019-10-19,97,11696,11793
16,2019-10-20,11,7298,7309
16,2019-10-21,186,14059,14245
16,2019-10-22,209,14300,14509
16,2019-10-23,250,14533,14783
16,2019-10-24,253,14607,14860
16,2019-10-25,222,16314,16536
16,2019-10-26,139,14965,15104
16,2019-10-27,33,11026,11059
16,2019-10-28,33,1777,1810
16,2019-10-29,2,103,105
16,2019-10-30,6,93,99
16,2019-11-17,25,6692,6717
16,2019-11-18,139,10686,10825
16,2019-11-19,167,13476,13643
16,2019-11-20,185,13300,13485
16,2019-11-21,203,13984,14187
16,2019-11-22,203,14662,14865
16,2019-11-23,132,13056,13188
16,2019-11-24,37,10288,10325
16,2019-11-25,211,13461,13672
16,2019-11-26,132,11847,11979
16,2019-11-27,136,12549,12685
16,2019-11-28,152,13957,14109
16,2019-11-29,186,14670,14856
16,2019-11-30,139,14264,14403
16,2019-12-01,31,9484,9515
16,2019-12-02,206,14473,14679
16,2019-12-03,194,15237,15431
16,2019-12-04,197,15012,15209
16,2019-12-05,209,14677,14886
16,2019-12-06,178,15049,15227
16,2019-12-07,98,13745,13843
16,2019-12-08,18,9760,9778
16,2019-12-09,152,14073,14225
16,2019-12-10,194,15098,15292
16,2019-12-11,134,13490,13624
16,2019-12-12,161,15002,15163
16,2019-12-13,153,14712,14865
16,2019-12-14,113,13807,13920
16,2019-12-15,27,10639,10666
16,2019-12-16,159,14202,14361
16,2019-12-17,182,15005,15187
16,2019-12-18,174,15275,15449
16,2019-12-19,196,15474,15670
16,2019-12-20,156,15599,15755
16,2019-12-21,100,13506,13606
16,2019-12-22,20,8827,8847
16,2019-12-23,120,13578,13698
16,2019-12-24,119,12275,12394
16,2019-12-25,14,6969,6983
16,2019-12-26,31,8733,8764
16,2019-12-27,122,12359,12481
16,2019-12-28,99,11683,11782
16,2019-12-29,36,9140,9176
16,2019-12-30,152,12961,13113
16,2019-12-31,153,12526,12679
18,2019-01-01,30,5395,5425
18,2019-01-02,308,10117,10425
18,2019-01-03,486,10477,10963
18,2019-01-04,547,11700,12247
18,2019-01-05,320,11008,11328
18,2019-01-06,84,7515,7599
18,2019-01-07,543,10266,10809
18,2019-01-08,620,9624,10244
18,2019-01-09,739,9816,10555
18,2019-01-11,605,10949,11554
18,2019-01-12,453,11017,11470
18,2019-01-13,168,8088,8256
18,2019-01-14,634,11091,11725
18,2019-01-15,188,7380,7568
18,2019-01-16,952,7623,8575
18,2019-01-17,1054,7738,8792
18,2019-01-18,972,10677,11649
18,2019-01-19,805,10337,11142
18,2019-01-20,112,7730,7842
18,2019-01-21,870,10213,11083
18,2019-01-22,870,8867,9737
18,2019-01-23,831,6911,7742
18,2019-01-25,192,7876,8068
18,2019-01-26,66,8668,8734
18,2019-01-27,12,5974,5986
18,2019-01-29,54,2382,2436
18,2019-01-30,1380,8244,9624
18,2019-01-31,868,8399,9267
18,2019-02-01,1234,13316,14550
18,2019-02-02,738,11774,12512
18,2019-02-03,111,7573,7684
18,2019-02-04,798,9997,10795
18,2019-02-05,272,7496,7768
18,2019-02-06,981,8084,9065
18,2019-02-08,134,8708,8842
18,2019-02-09,150,10632,10782
18,2019-02-10,12,5216,5228
18,2019-02-11,782,9302,10084
18,2019-02-12,723,7300,8023
18,2019-02-13,1558,11172,12730
18,2019-02-14,892,10763,11655
18,2019-02-15,698,10443,11141
18,2019-02-16,594,10614,11208
18,2019-02-17,151,8258,8409
18,2019-02-18,912,9729,10641
18,2019-02-19,862,9960,10822
18,2019-02-20,919,9376,10295
18,2019-02-22,798,11666,12464
18,2019-02-23,225,6535,6760
18,2019-02-24,141,8488,8629
18,2019-02-25,849,10185,11034
18,2019-02-26,342,8292,8634
18,2019-02-27,372,5224,5596
18,2019-02-28,518,7660,8178
18,2019-03-02,146,9844,9990
18,2019-03-03,46,7344,7390
18,2019-03-04,216,8176,8392
18,2019-03-05,138,6226,6364
18,2019-03-06,977,8841,9818
18,2019-03-08,256,10424,10680
18,2019-03-09,162,8990,9152
18,2019-03-10,46,6552,6598
18,2019-03-11,232,8198,8430
18,2019-03-12,262,8816,9078
18,2019-03-15,74,8750,8824
18,2019-03-16,346,11856,12202
18,2019-03-17,54,6874,6928
18,2019-03-18,1310,11508,12818
18,2019-03-19,925,7550,8475
18,2019-03-20,1057,8833,9890
18,2019-03-22,749,11024,11773
18,2019-03-23,620,11495,12115
18,2019-03-24,135,8289,8424
18,2019-03-25,1196,11082,12278
18,2019-03-26,878,9662,10540
18,2019-03-27,986,9971,10957
18,2019-03-28,704,10159,10863
18,2019-03-29,693,11728,12421
18,2019-03-30,576,12631,13207
18,2019-04-01,726,9819,10545
18,2019-04-02,318,8636,8954
18,2019-04-03,823,9516,10339
18,2019-04-05,737,12103,12840
18,2019-04-06,521,12468,12989
18,2019-04-07,116,8268,8384
18,2019-04-08,693,10230,10923
18,2019-04-09,1220,12242,13462
18,2019-04-10,1212,11846,13058
18,2019-04-11,777,11379,12156
18,2019-04-12,813,11502,12315
18,2019-04-13,595,12134,12729
18,2019-04-14,140,8354,8494
18,2019-04-16,836,10206,11042
18,2019-04-17,690,10684,11374
18,2019-04-19,656,12720,13376
18,2019-04-20,423,12337,12760
18,2019-04-21,82,8505,8587
18,2019-04-22,142,9301,9443
18,2019-04-23,673,10481,11154
18,2019-04-24,328,8402,8730
18,2019-04-25,180,8592,8772
18,2019-04-26,703,11593,12296
18,2019-04-27,148,9594,9742
18,2019-04-28,93,8061,8154
18,2019-04-29,649,10860,11509
18,2019-04-30,366,9754,10120
18,2019-05-01,342,9016,9358
18,2019-05-03,809,13079,13888
18,2019-05-04,892,13226,14118
18,2019-05-05,134,8592,8726
18,2019-05-06,702,9975,10677
18,2019-05-07,793,10832,11625
18,2019-05-08,118,9048,9166
18,2019-09-20,1849,11368,13217
18,2019-09-21,1155,11759,12914
18,2019-09-22,229,8345,8574
18,2019-09-23,1870,9445,11315
18,2019-09-24,2038,10195,12233
18,2019-09-25,1925,8777,10702
18,2019-09-26,1856,7970,9826
18,2019-09-27,1884,11439,13323
18,2019-09-28,1196,11242,12438
18,2019-09-29,262,7770,8032
18,2019-09-30,1888,10504,12392
18,2019-10-01,2024,9818,11842
18,2019-10-02,1995,9783,11778
18,2019-10-03,2146,10688,12834
18,2019-10-04,1837,10173,12010
18,2019-10-05,1169,12509,13678
18,2019-10-06,241,7952,8193
18,2019-10-07,1971,10481,12452
18,2019-10-08,1937,9058,10995
18,2019-10-09,1995,9047,11042
18,2019-10-10,1987,9719,11706
18,2019-10-11,2069,11774,13843
18,2019-10-12,1256,12069,13325
18,2019-10-13,285,8924,9209
18,2019-10-14,1905,10055,11960
18,2019-10-15,1510,7908,9418
18,2019-10-16,2109,9822,11931
18,2019-10-17,1892,9064,10956
18,2019-10-18,1865,11357,13222
18,2019-10-19,1193,11489,12682
18,2019-10-20,255,7322,7577
18,2019-10-21,1769,9699,11468
18,2019-10-22,1905,10267,12172
18,2019-10-23,2062,9587,11649
18,2019-10-24,2070,10409,12479
18,2019-10-25,1899,11545,13444
18,2019-10-26,1351,11882,13233
18,2019-10-27,375,8982,9357
18,2019-10-28,1926,9984,11910
18,2019-10-29,1959,9772,11731
18,2019-10-30,1974,10296,12270
18,2019-11-01,689,9361,10050
18,2019-11-02,1077,9452,10529
18,2019-11-03,279,8907,9186
18,2019-11-04,1689,8928,10617
18,2019-11-05,1979,9575,11554
18,2019-11-06,1918,8745,10663
18,2019-11-07,1972,9472,11444
18,2019-11-08,1864,10976,12840
18,2019-11-09,1234,10417,11651
18,2019-11-10,152,8151,8303
18,2019-11-11,913,9955,10868
18,2019-11-12,1750,8906,10656
18,2019-11-13,1807,7419,9226
18,2019-11-14,2111,9830,11941
18,2019-11-15,1316,9407,10723
18,2019-11-16,1321,11552,12873
18,2019-11-17,254,7802,8056
18,2019-11-18,1784,8603,10387
18,2019-11-19,2031,9039,11070
18,2019-11-20,2162,9030,11192
18,2019-11-21,2025,8865,10890
18,2019-11-22,1887,10680,12567
18,2019-11-23,1185,10170,11355
18,2019-11-24,250,7993,8243
18,2019-11-25,1840,8908,10748
18,2019-11-26,1923,9358,11281
18,2019-11-27,1930,9000,10930
18,2019-11-28,1875,9148,11023
18,2019-11-29,1844,10521,12365
18,2019-11-30,1218,10711,11929
18,2019-12-01,234,8029,8263
18,2019-12-02,2040,9799,11839
18,2019-12-03,2144,10194,12338
18,2019-12-04,1986,9115,11101
18,2019-12-05,2149,10127,12276
18,2019-12-06,1950,10847,12797
18,2019-12-07,1225,11335,12560
18,2019-12-08,253,7594,7847
18,2019-12-09,1752,8971,10723
18,2019-12-10,1954,9753,11707
18,2019-12-11,1826,9029,10855
18,2019-12-12,2031,9694,11725
18,2019-12-13,1781,10811,12592
18,2019-12-14,1150,10462,11612
18,2019-12-15,252,8649,8901
18,2019-12-16,1707,10007,11714
18,2019-12-17,1921,10084,12005
18,2019-12-18,1871,9868,11739
18,2019-12-19,1688,11033,12721
18,2019-12-20,1401,11902,13303
18,2019-12-21,817,12269,13086
18,2019-12-22,176,8546,8722
18,2019-12-23,898,12140,13038
18,2019-12-24,875,10451,11326
18,2019-12-25,88,5622,5710
18,2019-12-26,389,9457,9846
18,2019-12-27,727,10639,11366
18,2019-12-28,485,10559,11044
18,2019-12-29,136,7864,8000
18,2019-12-30,801,11072,11873
18,2019-12-31,737,10526,11263
20,2019-01-01,4,2196,2200
20,2019-01-02,70,6793,6863
20,2019-01-03,91,7888,7979
20,2019-01-04,93,8104,8197
20,2019-01-05,35,5516,5551
20,2019-01-06,18,3679,3697
20,2019-01-07,108,9159,9267
20,2019-01-08,140,9246,9386
20,2019-01-09,121,9123,9244
20,2019-01-10,143,9749,9892
20,2019-01-11,133,9971,10104
20,2019-01-12,63,5994,6057
20,2019-01-16,151,9630,9781
20,2019-01-17,137,10070,10207
20,2019-01-18,150,10295,10445
20,2019-01-19,51,5989,6040
20,2019-01-20,22,3793,3815
20,2019-01-21,163,9410,9573
20,2019-01-22,128,9515,9643
20,2019-01-23,140,9041,9181
20,2019-01-24,140,9760,9900
20,2019-01-25,169,9987,10156
20,2019-01-26,36,5806,5842
20,2019-01-27,16,3970,3986
20,2019-01-28,124,8577,8701
20,2019-01-29,130,9655,9785
20,2019-01-30,123,7652,7775
20,2019-01-31,125,9697,9822
20,2019-02-01,115,9803,9918
20,2019-02-02,38,5792,5830
20,2019-02-03,21,3866,3887
20,2019-02-04,136,9271,9407
20,2019-02-05,143,9739,9882
20,2019-02-06,153,9438,9591
20,2019-02-07,143,10036,10179
20,2019-02-08,147,10576,10723
20,2019-02-09,51,6296,6347
20,2019-02-10,15,3587,3602
20,2019-02-11,154,9371,9525
20,2019-02-12,191,9754,9945
20,2019-02-13,137,10077,10214
20,2019-02-14,136,10212,10348
20,2019-02-15,181,10294,10475
20,2019-02-16,48,6352,6400
20,2019-02-17,8,4390,4398
20,2019-02-18,144,9369,9513
20,2019-02-19,171,9812,9983
20,2019-02-20,170,9471,9641
20,2019-02-21,156,10394,10550
20,2019-02-22,217,10521,10738
20,2019-02-23,53,6218,6271
20,2019-02-24,28,4444,4472
20,2019-02-25,205,9498,9703
20,2019-02-26,224,9989,10213
20,2019-02-27,228,10183,10411
20,2019-02-28,190,11435,11625
20,2019-03-01,209,12357,12566
20,2019-03-02,58,6477,6535
20,2019-03-03,12,3894,3906
20,2019-03-04,159,8847,9006
20,2019-03-05,176,9602,9778
20,2019-03-06,196,9968,10164
20,2019-03-07,186,10401,10587
20,2019-03-08,187,10551,10738
20,2019-03-09,59,6598,6657
20,2019-03-10,12,4070,4082
20,2019-03-11,165,10666,10831
20,2019-03-12,191,10602,10793
20,2019-03-13,224,10620,10844
20,2019-03-14,178,10640,10818
20,2019-03-15,195,11862,12057
20,2019-03-16,43,6850,6893
20,2019-03-17,8,4235,4243
20,2019-03-18,272,10336,10608
20,2019-03-19,264,10999,11263
20,2019-03-20,283,10827,11110
20,2019-03-21,298,11598,11896
20,2019-03-22,427,12780,13207
20,2019-03-23,82,7162,7244
20,2019-03-24,34,4742,4776
20,2019-03-25,266,10590,10856
20,2019-03-26,318,10933,11251
20,2019-03-27,314,11176,11490
20,2019-03-28,305,11760,12065
20,2019-03-29,306,12196,12502
20,2019-03-30,56,7633,7689
20,2019-04-01,247,11062,11309
20,2019-04-02,308,11381,11689
20,2019-04-03,277,11333,11610
20,2019-04-04,309,11854,12163
20,2019-04-05,375,12878,13253
20,2019-04-06,181,9435,9616
20,2019-04-07,27,5620,5647
20,2019-04-08,274,10961,11235
20,2019-04-09,251,11102,11353
20,2019-04-10,304,10837,11141
20,2019-04-11,350,11397,11747
20,2019-04-12,375,12530,12905
20,2019-04-13,108,7429,7537
20,2019-04-14,22,4180,4202
20,2019-04-15,351,10408,10759
20,2019-04-16,280,9771,10051
20,2019-04-17,285,10608,10893
20,2019-04-18,304,11523,11827
20,2019-04-19,307,11822,12129
20,2019-04-20,110,6993,7103
20,2019-04-21,16,4253,4269
20,2019-04-22,39,5541,5580
20,2019-04-23,295,12204,12499
20,2019-04-24,338,11540,11878
20,2019-04-25,301,12343,12644
20,2019-04-26,406,12892,13298
20,2019-04-27,119,8936,9055
20,2019-04-28,30,5057,5087
20,2019-04-29,233,11199,11432
20,2019-04-30,230,10924,11154
20,2019-05-01,85,4480,4565
20,2019-05-02,228,10088,10316
20,2019-05-03,207,10399,10606
20,2019-05-04,66,6419,6485
20,2019-05-05,32,4419,4451
20,2019-05-06,231,9297,9528
20,2019-05-07,237,9831,10068
20,2019-05-08,216,10144,10360
20,2019-05-09,58,6586,6644
20,2019-05-10,171,9461,9632
20,2019-05-11,57,5986,6043
20,2019-05-12,22,4633,4655
20,2019-05-13,201,8764,8965
20,2019-05-14,201,9298,9499
20,2019-05-15,196,9062,9258
20,2019-05-16,218,9495,9713
20,2019-05-17,198,10339,10537
20,2019-05-18,59,6291,6350
20,2019-05-19,28,4360,4388
20,2019-05-20,179,9015,9194
20,2019-05-21,206,9460,9666
20,2019-05-22,244,9669,9913
20,2019-05-23,187,10110,10297
20,2019-05-24,169,10267,10436
20,2019-05-25,69,6185,6254
20,2019-05-26,19,4448,4467
20,2019-05-27,197,9048,9245
20,2019-05-28,204,9661,9865
20,2019-05-29,251,10390,10641
20,2019-05-30,43,4700,4743
20,2019-05-31,127,8780,8907
20,2019-06-01,48,5835,5883
20,2019-06-02,38,4763,4801
20,2019-06-03,204,9383,9587
20,2019-06-04,205,9723,9928
20,2019-06-05,230,9895,10125
20,2019-06-06,199,10156,10355
20,2019-06-07,194,10795,10989
20,2019-06-08,71,6272,6343
20,2019-06-09,16,4041,4057
20,2019-06-10,26,3805,3831
20,2019-06-11,212,9698,9910
20,2019-06-12,211,9790,10001
20,2019-06-13,187,10190,10377
20,2019-06-14,183,10428,10611
20,2019-06-15,67,6146,6213
20,2019-06-16,37,4181,4218
20,2019-06-17,213,9064,9277
20,2019-06-18,230,9472,9702
20,2019-06-19,246,9695,9941
20,2019-06-20,245,10856,11101
20,2019-06-21,217,10423,10640
20,2019-06-22,68,6286,6354
20,2019-06-23,29,4369,4398
20,2019-06-24,181,9328,9509
20,2019-06-25,246,9630,9876
20,2019-06-26,216,9572,9788
20,2019-06-27,201,9413,9614
20,2019-06-28,198,9796,9994
20,2019-06-29,84,5790,5874
20,2019-06-30,29,4463,4492
20,2019-07-01,225,8510,8735
20,2019-07-02,186,8628,8814
20,2019-07-03,222,8781,9003
20,2019-07-04,233,9542,9775
20,2019-07-05,199,9066,9265
20,2019-07-06,61,5463,5524
20,2019-07-07,25,4117,4142
20,2019-07-08,190,7798,7988
20,2019-07-09,198,8562,8760
20,2019-07-10,214,8399,8613
20,2019-07-11,211,8787,8998
20,2019-07-12,218,9290,9508
20,2019-07-13,68,5302,5370
20,2019-07-14,24,3729,3753
20,2019-07-19,160,9382,9542
20,2019-07-23,171,8368,8539
20,2019-07-24,176,8043,8219
20,2019-07-25,170,8520,8690
20,2019-07-26,136,8390,8526
20,2019-07-27,34,4930,4964
20,2019-07-28,26,3606,3632
20,2019-07-29,101,7218,7319
20,2019-07-30,153,7598,7751
20,2019-07-31,152,7824,7976
20,2019-08-01,181,7862,8043
20,2019-08-02,140,8314,8454
20,2019-08-03,65,5472,5537
20,2019-08-04,44,4537,4581
20,2019-08-05,161,7415,7576
20,2019-08-06,138,7992,8130
20,2019-08-07,104,7778,7882
20,2019-08-08,114,7895,8009
20,2019-08-09,135,8376,8511
20,2019-08-10,44,5249,5293
20,2019-08-11,29,3567,3596
20,2019-08-12,138,7530,7668
20,2019-08-13,124,7584,7708
20,2019-08-14,135,7832,7967
20,2019-08-15,28,3359,3387
20,2019-08-16,85,6382,6467
20,2019-08-17,56,4669,4725
20,2019-08-18,26,3176,3202
20,2019-08-19,114,7547,7661
20,2019-08-20,156,7734,7890
20,2019-08-21,146,8098,8244
20,2019-08-22,168,8074,8242
20,2019-08-23,179,8271,8450
20,2019-08-24,59,5155,5214
20,2019-08-25,23,3692,3715
20,2019-08-26,156,8002,8158
20,2019-08-27,169,8136,8305
20,2019-08-28,141,8004,8145
20,2019-08-29,165,8630,8795
20,2019-08-30,162,8810,8972
20,2019-08-31,36,5022,5058
20,2019-09-01,20,3906,3926
20,2019-09-02,142,8083,8225
20,2019-09-03,148,7804,7952
20,2019-09-04,168,8125,8293
20,2019-09-05,178,8999,9177
20,2019-09-06,156,9474,9630
20,2019-09-07,48,4842,4890
20,2019-09-08,29,3798,3827
20,2019-09-09,132,8167,8299
20,2019-09-10,169,8477,8646
20,2019-09-11,160,8257,8417
20,2019-09-12,141,8989,9130
20,2019-09-13,207,9331,9538
20,2019-09-14,54,5446,5500
20,2019-09-15,28,3656,3684
20,2019-09-16,165,8612,8777
20,2019-09-17,150,9026,9176
20,2019-09-18,138,8650,8788
20,2019-09-19,162,9087,9249
20,2019-09-20,180,9175,9355
20,2019-09-21,51,5574,5625
20,2019-09-22,40,4259,4299
20,2019-09-23,163,8651,8814
20,2019-09-24,161,8672,8833
20,2019-09-25,144,8582,8726
20,2019-09-26,146,9451,9597
20,2019-09-27,157,9074,9231
20,2019-09-28,57,5149,5206
20,2019-09-29,13,3321,3334
20,2019-09-30,107,8534,8641
20,2019-10-01,121,8920,9041
20,2019-10-02,186,8629,8815
20,2019-10-03,222,9208,9430
20,2019-10-04,141,9346,9487
20,2019-10-05,36,5495,5531
20,2019-10-06,11,3482,3493
20,2019-10-07,196,8187,8383
20,2019-10-08,118,9477,9595
20,2019-10-09,146,9114,9260
20,2019-10-10,194,9834,10028
20,2019-10-11,174,9982,10156
20,2019-10-12,48,5637,5685
20,2019-10-13,27,3920,3947
20,2019-10-14,206,8954,9160
20,2019-10-15,145,9384,9529
20,2019-10-16,167,9238,9405
20,2019-10-17,188,9517,9705
20,2019-10-18,153,9864,10017
20,2019-10-19,39,5585,5624
20,2019-10-20,39,3550,3589
20,2019-10-21,152,8687,8839
20,2019-10-22,188,9174,9362
20,2019-10-23,205,8905,9110
20,2019-10-24,181,9057,9238
20,2019-10-25,161,9338,9499
20,2019-10-26,72,5434,5506
20,2019-10-27,54,3820,3874
20,2019-10-28,152,7994,8146
20,2019-10-29,144,8223,8367
20,2019-10-30,184,8274,8458
20,2019-11-01,17,3247,3264
20,2019-11-02,23,4815,4838
20,2019-11-03,14,3089,3103
20,2019-11-04,118,8205,8323
20,2019-11-05,145,8537,8682
20,2019-11-06,154,8326,8480
20,2019-11-07,173,9157,9330
20,2019-11-08,152,9064,9216
20,2019-11-09,34,5364,5398
20,2019-11-10,23,3467,3490
20,2019-11-11,93,7758,7851
20,2019-11-12,141,8608,8749
20,2019-11-13,159,8444,8603
20,2019-11-14,161,8756,8917
20,2019-11-15,160,8920,9080
20,2019-11-16,56,5235,5291
20,2019-11-17,21,3248,3269
20,2019-11-18,138,7862,8000
20,2019-11-19,130,8367,8497
20,2019-11-20,182,8305,8487
20,2019-11-21,146,8747,8893
20,2019-11-22,153,9096,9249
20,2019-11-23,51,5351,5402
20,2019-11-24,13,3372,3385
20,2019-11-25,152,7985,8137
20,2019-11-26,128,7890,8018
20,2019-11-27,121,7460,7581
20,2019-11-28,104,7037,7141
20,2019-11-29,102,7030,7132
20,2019-11-30,56,5197,5253
20,2019-12-01,17,3132,3149
20,2019-12-02,120,7269,7389
20,2019-12-03,124,8193,8317
20,2019-12-04,135,8082,8217
20,2019-12-05,128,8608,8736
20,2019-12-06,141,8696,8837
20,2019-12-07,38,5034,5072
20,2019-12-08,9,3094,3103
20,2019-12-09,113,8111,8224
20,2019-12-10,133,8712,8845
20,2019-12-11,118,8237,8355
20,2019-12-12,131,8801,8932
20,2019-12-13,127,8928,9055
20,2019-12-14,43,5259,5302
20,2019-12-15,19,3758,3777
20,2019-12-16,158,8251,8409
20,2019-12-17,125,8881,9006
20,2019-12-18,155,8823,8978
20,2019-12-19,154,9410,9564
20,2019-12-20,110,9345,9455
20,2019-12-21,36,5403,5439
20,2019-12-22,9,3261,3270
20,2019-12-23,61,7246,7307
20,2019-12-24,58,5272,5330
20,2019-12-25,9,1938,1947
20,2019-12-26,30,3325,3355
20,2019-12-27,60,5756,5816
20,2019-12-28,44,4198,4242
20,2019-12-29,18,2890,2908
20,2019-12-30,73,5897,5970
20,2019-12-31,40,5021,5061
21,2019-01-01,41,2279,2320
21,2019-01-02,481,7551,8032
21,2019-01-03,515,8434,8949
21,2019-01-04,468,8682,9150
21,2019-01-05,277,6436,6713
21,2019-01-06,54,3868,3922
21,2019-01-07,609,9645,10254
21,2019-01-08,565,9918,10483
21,2019-01-09,601,9715,10316
21,2019-01-10,660,10587,11247
21,2019-01-11,638,10468,11106
21,2019-01-12,278,6716,6994
21,2019-01-13,59,3786,3845
21,2019-01-14,641,9963,10604
21,2019-01-15,733,10336,11069
21,2019-01-16,727,10236,10963
21,2019-01-17,628,10188,10816
21,2019-01-18,733,10759,11492
21,2019-01-19,324,6848,7172
21,2019-01-20,68,3829,3897
21,2019-01-21,689,10349,11038
21,2019-01-22,751,10477,11228
21,2019-01-23,654,9673,10327
21,2019-01-24,704,10489,11193
21,2019-01-25,661,10413,11074
21,2019-01-26,292,6835,7127
21,2019-01-27,53,3926,3979
21,2019-01-28,658,9417,10075
21,2019-01-29,681,10346,11027
21,2019-01-30,584,8169,8753
21,2019-01-31,605,10102,10707
21,2019-02-01,613,10638,11251
21,2019-02-02,282,6886,7168
21,2019-02-03,58,3944,4002
21,2019-02-04,691,9827,10518
21,2019-02-05,670,10326,10996
21,2019-02-06,694,10083,10777
21,2019-02-07,674,10570,11244
21,2019-02-08,662,10897,11559
21,2019-02-09,309,7114,7423
21,2019-02-10,81,3742,3823
21,2019-02-11,650,9851,10501
21,2019-02-12,680,10463,11143
21,2019-02-13,697,10577,11274
21,2019-02-14,650,10646,11296
21,2019-02-15,664,10681,11345
21,2019-02-16,312,6675,6987
21,2019-02-17,77,3854,3931
21,2019-02-18,681,9519,10200
21,2019-02-19,688,9800,10488
21,2019-02-20,681,9429,10110
21,2019-02-21,661,9536,10197
21,2019-02-22,632,10009,10641
21,2019-02-23,353,6604,6957
21,2019-02-24,62,4511,4573
21,2019-02-25,716,10113,10829
21,2019-02-26,705,10490,11195
21,2019-02-27,781,10746,11527
21,2019-02-28,732,10840,11572
21,2019-03-01,692,11150,11842
21,2019-03-02,299,7429,7728
21,2019-03-03,55,3983,4038
21,2019-03-04,682,9597,10279
21,2019-03-05,732,10159,10891
21,2019-03-06,758,10347,11105
21,2019-03-07,696,10424,11120
21,2019-03-08,738,10934,11672
21,2019-03-09,357,7565,7922
21,2019-03-10,88,4143,4231
21,2019-03-11,743,10448,11191
21,2019-03-12,723,10384,11107
21,2019-03-13,715,10594,11309
21,2019-03-14,705,10583,11288
21,2019-03-15,697,11618,12315
21,2019-03-16,302,7356,7658
21,2019-03-17,87,4059,4146
21,2019-03-18,679,10395,11074
21,2019-03-19,755,10480,11235
21,2019-03-20,768,10279,11047
21,2019-03-21,745,11092,11837
21,2019-03-22,786,11265,12051
21,2019-03-23,360,7836,8196
21,2019-03-24,76,4478,4554
21,2019-03-25,744,10433,11177
21,2019-03-26,745,10414,11159
21,2019-03-27,771,10474,11245
21,2019-03-28,779,11243,12022
21,2019-03-29,731,11588,12319
21,2019-03-30,322,7991,8313
21,2019-04-01,879,11426,12305
21,2019-04-02,753,10660,11413
21,2019-04-03,794,10402,11196
21,2019-04-04,739,11053,11792
21,2019-04-05,778,11282,12060
21,2019-04-06,349,8032,8381
21,2019-04-07,69,4529,4598
21,2019-04-08,620,9763,10383
21,2019-04-09,675,10018,10693
21,2019-04-10,637,9859,10496
21,2019-04-11,661,10045,10706
21,2019-04-12,685,10588,11273
21,2019-04-13,331,7009,7340
21,2019-04-14,58,3725,3783
21,2019-04-15,649,9487,10136
21,2019-04-16,684,9695,10379
21,2019-04-17,721,9732,10453
21,2019-04-18,705,10164,10869
21,2019-04-19,672,10785,11457
21,2019-04-20,382,7585,7967
21,2019-04-21,99,4065,4164
21,2019-04-22,99,4349,4448
21,2019-04-23,751,10703,11454
21,2019-04-24,735,10221,10956
21,2019-04-25,736,10577,11313
21,2019-04-26,786,11115,11901
21,2019-04-27,330,8063,8393
21,2019-04-28,55,4307,4362
21,2019-04-29,771,9838,10609
21,2019-04-30,740,10909,11649
21,2019-05-01,67,3677,3744
21,2019-05-02,720,10589,11309
21,2019-05-03,689,10441,11130
21,2019-05-04,324,6690,7014
21,2019-05-05,64,4070,4134
21,2019-05-06,724,9846,10570
21,2019-05-07,769,10286,11055
21,2019-05-08,751,10736,11487
21,2019-05-09,77,4213,4290
21,2019-05-10,683,10175,10858
21,2019-05-11,290,6851,7141
21,2019-05-12,60,4732,4792
21,2019-05-13,705,10269,10974
21,2019-05-14,736,10621,11357
21,2019-05-15,737,10129,10866
21,2019-05-16,811,10645,11456
21,2019-05-17,715,10404,11119
21,2019-05-18,360,7716,8076
21,2019-05-19,45,4581,4626
21,2019-05-20,740,10101,10841
21,2019-05-21,700,10415,11115
21,2019-05-22,744,10647,11391
21,2019-05-23,727,11412,12139
21,2019-05-24,725,11008,11733
21,2019-05-25,369,7282,7651
21,2019-05-26,51,4259,4310
21,2019-05-27,686,9519,10205
21,2019-05-28,715,9957,10672
21,2019-05-29,748,10630,11378
21,2019-05-30,75,3513,3588
21,2019-05-31,554,8848,9402
21,2019-06-01,294,6414,6708
21,2019-06-02,66,4685,4751
21,2019-06-03,717,10183,10900
21,2019-06-04,763,10739,11502
21,2019-06-05,746,10447,11193
21,2019-06-06,743,10415,11158
21,2019-06-07,739,11115,11854
21,2019-06-08,337,7575,7912
21,2019-06-09,85,4498,4583
21,2019-06-10,75,3136,3211
21,2019-06-11,732,10746,11478
21,2019-06-12,692,10716,11408
21,2019-06-13,742,10845,11587
21,2019-06-14,680,10706,11386
21,2019-06-15,351,7364,7715
21,2019-06-16,63,4493,4556
21,2019-06-17,681,10045,10726
21,2019-06-18,718,10469,11187
21,2019-06-19,703,10201,10904
21,2019-06-20,723,11648,12371
21,2019-06-21,662,10786,11448
21,2019-06-22,317,7117,7434
21,2019-06-23,62,3764,3826
21,2019-06-24,679,10267,10946
21,2019-06-25,709,10398,11107
21,2019-06-26,703,10313,11016
21,2019-06-27,648,10669,11317
21,2019-06-28,642,11048,11690
21,2019-06-29,339,8013,8352
21,2019-06-30,62,4411,4473
21,2019-07-01,676,10308,10984
21,2019-07-02,790,10646,11436
21,2019-07-03,750,10804,11554
21,2019-07-04,757,11475,12232
21,2019-07-05,696,10673,11369
21,2019-07-06,318,6938,7256
21,2019-07-07,62,4413,4475
21,2019-07-08,759,9704,10463
21,2019-07-09,775,10234,11009
21,2019-07-10,741,10447,11188
21,2019-07-11,727,10874,11601
21,2019-07-12,692,11756,12448
21,2019-07-13,336,7006,7342
21,2019-07-14,52,4121,4173
21,2019-07-15,698,9994,10692
21,2019-07-16,673,10092,10765
21,2019-07-17,679,10047,10726
21,2019-07-18,676,10377,11053
21,2019-07-19,684,11182,11866
21,2019-07-20,299,6512,6811
21,2019-07-21,64,4088,4152
21,2019-07-22,625,9855,10480
21,2019-07-23,670,10024,10694
21,2019-07-24,721,9818,10539
21,2019-07-25,606,9813,10419
21,2019-07-26,544,9678,10222
21,2019-07-27,292,6160,6452
21,2019-07-28,58,3735,3793
21,2019-07-29,520,8737,9257
21,2019-07-30,590,9078,9668
21,2019-07-31,591,8815,9406
21,2019-08-01,591,8730,9321
21,2019-08-02,572,9256,9828
21,2019-08-03,324,6365,6689
21,2019-08-04,78,4594,4672
21,2019-08-05,521,8333,8854
21,2019-08-06,493,8675,9168
21,2019-08-07,508,8673,9181
21,2019-08-08,535,8582,9117
21,2019-08-09,543,8542,9085
21,2019-08-10,321,5767,6088
21,2019-08-11,74,3596,3670
21,2019-08-12,487,8595,9082
21,2019-08-13,550,8277,8827
21,2019-08-14,542,9065,9607
21,2019-08-15,55,2943,2998
21,2019-08-16,488,7117,7605
21,2019-08-17,259,5643,5902
21,2019-08-18,59,3323,3382
21,2019-08-19,588,9021,9609
21,2019-08-20,637,8857,9494
21,2019-08-21,600,9264,9864
21,2019-08-22,616,9228,9844
21,2019-08-23,550,9434,9984
21,2019-08-24,284,6042,6326
21,2019-08-25,69,3798,3867
21,2019-08-26,656,9279,9935
21,2019-08-27,680,9570,10250
21,2019-08-28,658,9721,10379
21,2019-08-29,603,10103,10706
21,2019-08-30,689,10319,11008
21,2019-08-31,307,6412,6719
21,2019-09-01,74,4430,4504
21,2019-09-02,627,9179,9806
21,2019-09-03,694,10023,10717
21,2019-09-04,735,9585,10320
21,2019-09-05,705,9997,10702
21,2019-09-06,722,10147,10869
21,2019-09-07,324,6346,6670
21,2019-09-08,56,4093,4149
21,2019-09-09,717,10691,11408
21,2019-09-10,692,10360,11052
21,2019-09-11,685,9792,10477
21,2019-09-12,702,10578,11280
21,2019-09-13,693,10442,11135
21,2019-09-14,322,6608,6930
21,2019-09-15,76,4325,4401
21,2019-09-16,726,9734,10460
21,2019-09-17,776,10469,11245
21,2019-09-18,726,10210,10936
21,2019-09-19,812,11133,11945
21,2019-09-20,694,10310,11004
21,2019-09-21,340,7047,7387
21,2019-09-22,72,4634,4706
21,2019-09-23,694,10366,11060
21,2019-09-24,709,10512,11221
21,2019-09-25,690,10264,10954
21,2019-09-26,665,10924,11589
21,2019-09-27,680,10640,11320
21,2019-09-28,303,7040,7343
21,2019-09-29,80,4076,4156
21,2019-09-30,714,10250,10964
21,2019-10-01,664,10680,11344
21,2019-10-02,707,10406,11113
21,2019-10-03,764,10888,11652
21,2019-10-04,654,10942,11596
21,2019-10-05,339,7499,7838
21,2019-10-06,88,4410,4498
21,2019-10-07,702,10160,10862
21,2019-10-08,642,10286,10928
21,2019-10-09,702,10318,11020
21,2019-10-10,713,10657,11370
21,2019-10-11,710,10966,11676
21,2019-10-12,304,7074,7378
21,2019-10-13,65,4385,4450
21,2019-10-14,732,10049,10781
21,2019-10-15,697,10307,11004
21,2019-10-16,705,10478,11183
21,2019-10-17,657,10823,11480
21,2019-10-18,689,10712,11401
21,2019-10-19,299,7161,7460
21,2019-10-20,46,4405,4451
21,2019-10-21,699,10158,10857
21,2019-10-22,673,10408,11081
21,2019-10-23,743,10138,10881
21,2019-10-24,732,10715,11447
21,2019-10-25,723,10863,11586
21,2019-10-26,359,7127,7486
21,2019-10-27,53,4161,4214
21,2019-10-28,690,9415,10105
21,2019-10-29,706,9962,10668
21,2019-10-30,660,9713,10373
21,2019-11-01,90,3490,3580
21,2019-11-02,331,6670,7001
21,2019-11-03,83,3899,3982
21,2019-11-04,689,9951,10640
21,2019-11-05,686,10290,10976
21,2019-11-06,704,9979,10683
21,2019-11-07,738,10511,11249
21,2019-11-08,664,10769,11433
21,2019-11-09,339,7078,7417
21,2019-11-10,110,4086,4196
21,2019-11-11,655,10509,11164
21,2019-11-12,690,10324,11014
21,2019-11-13,639,10307,10946
21,2019-11-14,732,10677,11409
21,2019-11-15,691,10391,11082
21,2019-11-16,304,6865,7169
21,2019-11-17,67,4028,4095
21,2019-11-18,614,9986,10600
21,2019-11-19,711,10407,11118
21,2019-11-20,730,9992,10722
21,2019-11-21,684,10520,11204
21,2019-11-22,675,10766,11441
21,2019-11-23,305,7399,7704
21,2019-11-24,53,4098,4151
21,2019-11-25,740,9854,10594
21,2019-11-26,670,10061,10731
21,2019-11-27,635,9952,10587
21,2019-11-28,690,10110,10800
21,2019-11-29,671,10765,11436
21,2019-11-30,310,6969,7279
21,2019-12-01,54,3912,3966
21,2019-12-02,687,9802,10489
21,2019-12-03,664,10264,10928
21,2019-12-04,682,10076,10758
21,2019-12-05,590,8733,9323
21,2019-12-06,643,9949,10592
21,2019-12-07,297,6806,7103
21,2019-12-08,49,4105,4154
21,2019-12-09,634,9957,10591
21,2019-12-10,699,10345,11044
21,2019-12-11,640,10127,10767
21,2019-12-12,695,10344,11039
21,2019-12-13,594,10527,11121
24,2019-01-01,45,3407,3452
24,2019-01-02,220,6057,6277
24,2019-01-03,242,6674,6916
24,2019-01-04,225,7406,7631
24,2019-01-05,193,5931,6124
24,2019-01-06,46,4044,4090
24,2019-01-07,243,7609,7852
24,2019-01-08,264,7628,7892
24,2019-01-09,273,7402,7675
24,2019-01-10,279,7517,7796
24,2019-01-11,276,8145,8421
24,2019-01-12,186,6348,6534
24,2019-01-13,43,4415,4458
24,2019-01-14,297,7776,8073
24,2019-01-15,291,7474,7765
24,2019-01-16,268,6934,7202
24,2019-01-17,266,7032,7298
24,2019-01-18,335,8160,8495
24,2019-01-19,193,6521,6714
24,2019-01-20,48,4563,4611
24,2019-01-21,284,7760,8044
24,2019-01-22,304,7117,7421
24,2019-01-23,300,6450,6750
24,2019-01-24,304,7743,8047
24,2019-01-25,282,7884,8166
24,2019-01-26,165,6459,6624
24,2019-01-27,39,4251,4290
24,2019-01-28,299,6965,7264
24,2019-01-29,337,6952,7289
24,2019-01-30,251,5857,6108
24,2019-01-31,338,7010,7348
24,2019-02-01,315,8124,8439
24,2019-02-02,190,6582,6772
24,2019-02-03,47,4631,4678
24,2019-02-04,302,8067,8369
24,2019-02-05,295,7844,8139
24,2019-02-06,331,7085,7416
24,2019-02-07,272,7708,7980
24,2019-02-08,317,8419,8736
24,2019-02-09,205,6920,7125
24,2019-02-10,39,4377,4416
24,2019-02-11,299,7236,7535
24,2019-02-12,312,7312,7624
24,2019-02-13,313,7374,7687
24,2019-02-14,304,8566,8870
24,2019-02-15,311,8251,8562
24,2019-02-16,188,6668,6856
24,2019-02-17,44,5044,5088
24,2019-02-18,296,7459,7755
24,2019-02-19,289,7710,7999
24,2019-02-20,248,7276,7524
24,2019-02-21,251,7220,7471
24,2019-02-22,268,8110,8378
24,2019-02-23,197,6842,7039
24,2019-02-24,45,5055,5100
24,2019-02-25,303,7989,8292
24,2019-02-26,273,8240,8513
24,2019-02-27,290,7611,7901
24,2019-02-28,302,8393,8695
24,2019-03-01,301,8893,9194
24,2019-03-02,208,7250,7458
24,2019-03-03,45,4786,4831
24,2019-03-04,277,7809,8086
24,2019-03-05,267,7705,7972
24,2019-03-06,262,7525,7787
24,2019-03-07,288,7729,8017
24,2019-03-08,297,8814,9111
24,2019-03-09,182,6737,6919
24,2019-03-10,41,4477,4518
24,2019-03-11,342,7762,8104
24,2019-03-12,311,8043,8354
24,2019-03-13,296,7596,7892
24,2019-03-14,301,7928,8229
24,2019-03-15,251,8650,8901
24,2019-03-16,189,6931,7120
24,2019-03-17,42,4600,4642
24,2019-03-18,301,7707,8008
24,2019-03-19,317,7395,7712
24,2019-03-20,295,7240,7535
24,2019-03-21,280,7859,8139
24,2019-03-22,273,8466,8739
24,2019-03-23,201,7085,7286
24,2019-03-24,47,4969,5016
24,2019-03-25,355,7875,8230
24,2019-03-26,392,8905,9297
24,2019-03-27,295,8012,8307
24,2019-03-28,263,8624,8887
24,2019-03-29,292,9220,9512
24,2019-03-30,182,7595,7777
24,2019-04-01,263,8069,8332
24,2019-04-02,264,8042,8306
24,2019-04-03,312,7637,7949
24,2019-04-04,301,8237,8538
24,2019-04-05,337,8823,9160
24,2019-04-06,217,7206,7423
24,2019-04-07,62,4836,4898
24,2019-04-08,361,7633,7994
24,2019-04-09,283,7450,7733
24,2019-04-10,265,7324,7589
24,2019-04-11,262,8026,8288
24,2019-04-12,299,8128,8427
24,2019-04-13,214,6972,7186
24,2019-04-14,56,5076,5132
24,2019-04-15,303,7780,8083
24,2019-04-16,301,7836,8137
24,2019-04-17,278,7887,8165
24,2019-04-18,284,8291,8575
24,2019-04-19,254,8847,9101
24,2019-04-20,180,7140,7320
24,2019-04-21,41,5093,5134
24,2019-04-22,62,4958,5020
24,2019-04-23,314,8381,8695
24,2019-04-24,312,8025,8337
24,2019-04-25,271,8458,8729
24,2019-04-26,292,9197,9489
24,2019-04-27,208,7292,7500
24,2019-04-28,47,5002,5049
24,2019-04-29,307,8489,8796
24,2019-04-30,254,9184,9438
24,2019-05-01,52,5394,5446
24,2019-05-02,312,9854,10166
24,2019-05-03,302,9939,10241
24,2019-05-04,206,6999,7205
24,2019-05-05,41,4954,4995
24,2019-05-06,291,8291,8582
24,2019-05-07,270,8565,8835
24,2019-05-08,300,8553,8853
24,2019-05-09,63,6992,7055
24,2019-05-10,302,9034,9336
24,2019-05-11,197,6862,7059
24,2019-05-12,55,5198,5253
24,2019-05-13,313,8193,8506
24,2019-05-14,327,7962,8289
24,2019-05-15,378,8746,9124
24,2019-05-16,311,8288,8599
24,2019-05-17,277,8921,9198
24,2019-05-18,199,7152,7351
24,2019-05-19,43,5056,5099
24,2019-05-20,286,8030,8316
24,2019-05-21,279,8323,8602
24,2019-05-22,273,8050,8323
24,2019-05-23,267,8624,8891
24,2019-05-24,299,9190,9489
24,2019-05-25,208,7468,7676
24,2019-05-26,40,5782,5822
24,2019-05-27,264,8059,8323
24,2019-05-28,261,8528,8789
24,2019-05-29,276,8950,9226
24,2019-05-30,46,5613,5659
24,2019-05-31,273,8468,8741
24,2019-06-01,211,7148,7359
24,2019-06-02,53,5565,5618
24,2019-06-03,309,8440,8749
24,2019-06-04,316,8313,8629
24,2019-06-05,298,6619,6917
24,2019-06-06,366,8386,8752
24,2019-06-07,323,8944,9267
24,2019-06-08,231,6920,7151
24,2019-06-09,50,5556,5606
24,2019-06-10,49,5289,5338
24,2019-06-11,351,8342,8693
24,2019-06-12,307,7946,8253
24,2019-06-13,322,8329,8651
24,2019-06-14,287,8913,9200
24,2019-06-15,214,7223,7437
24,2019-06-16,58,5612,5670
24,2019-06-17,306,8240,8546
24,2019-06-18,286,8456,8742
24,2019-06-19,294,7930,8224
24,2019-06-20,421,9839,10260
24,2019-06-21,313,9057,9370
24,2019-06-22,202,7075,7277
24,2019-06-23,54,5543,5597
24,2019-06-24,273,8328,8601
24,2019-06-25,263,8689,8952
24,2019-06-26,232,8907,9139
24,2019-06-27,263,9132,9395
24,2019-06-28,281,9516,9797
24,2019-06-29,181,7860,8041
24,2019-06-30,41,6073,6114
24,2019-07-01,302,8280,8582
24,2019-07-02,284,8967,9251
24,2019-07-03,263,8134,8397
24,2019-07-04,280,8638,8918
24,2019-07-05,278,9347,9625
24,2019-07-06,181,7638,7819
24,2019-07-07,46,5333,5379
24,2019-07-08,258,8284,8542
24,2019-07-09,279,8686,8965
24,2019-07-10,273,8328,8601
24,2019-07-11,305,7797,8102
24,2019-07-12,317,8346,8663
24,2019-07-13,218,7349,7567
24,2019-07-14,52,5400,5452
24,2019-07-15,280,7814,8094
24,2019-07-16,256,7642,7898
24,2019-07-17,293,7866,8159
24,2019-07-18,297,8164,8461
24,2019-07-19,284,8574,8858
24,2019-07-20,203,6712,6915
24,2019-07-21,44,5159,5203
24,2019-07-22,270,7933,8203
24,2019-07-23,243,8204,8447
24,2019-07-24,238,8177,8415
24,2019-07-25,245,8403,8648
24,2019-07-26,212,8215,8427
24,2019-07-27,180,6310,6490
24,2019-07-28,50,4708,4758
24,2019-07-29,237,7269,7506
24,2019-07-30,236,7507,7743
24,2019-07-31,222,6991,7213
24,2019-08-01,233,7299,7532
24,2019-08-02,253,7618,7871
24,2019-08-03,174,5926,6100
24,2019-08-04,42,4472,4514
24,2019-08-05,221,6410,6631
24,2019-08-06,226,6542,6768
24,2019-08-07,228,6424,6652
24,2019-08-08,218,6730,6948
24,2019-08-09,249,7426,7675
24,2019-08-10,193,6247,6440
24,2019-08-11,47,4579,4626
24,2019-08-12,227,6533,6760
24,2019-08-13,230,6573,6803
24,2019-08-14,247,6813,7060
24,2019-08-15,56,4393,4449
24,2019-08-16,241,6398,6639
24,2019-08-17,178,5358,5536
24,2019-08-18,41,4204,4245
24,2019-08-19,244,6585,6829
24,2019-08-20,248,6926,7174
24,2019-08-21,270,6906,7176
24,2019-08-22,245,7054,7299
24,2019-08-23,254,7574,7828
24,2019-08-24,193,6224,6417
24,2019-08-25,57,4848,4905
24,2019-08-26,251,7455,7706
24,2019-08-27,252,7978,8230
24,2019-08-28,231,7983,8214
24,2019-08-29,267,8194,8461
24,2019-08-30,285,8549,8834
24,2019-08-31,170,7068,7238
24,2019-09-01,63,5293,5356
24,2019-09-02,266,7783,8049
24,2019-09-03,286,8058,8344
24,2019-09-04,266,7877,8143
24,2019-09-05,320,7970,8290
24,2019-09-06,260,8431,8691
24,2019-09-07,184,6811,6995
24,2019-09-08,51,4796,4847
24,2019-09-09,282,8166,8448
24,2019-09-10,257,8201,8458
24,2019-09-11,282,8099,8381
24,2019-09-12,242,7969,8211
24,2019-09-13,277,8887,9164
24,2019-09-14,181,7401,7582
24,2019-09-15,54,5385,5439
24,2019-09-16,296,8526,8822
24,2019-09-17,283,8363,8646
24,2019-09-18,278,8534,8812
24,2019-09-19,286,8194,8480
24,2019-09-20,318,8932,9250
24,2019-09-21,197,7062,7259
24,2019-09-22,44,4963,5007
24,2019-09-23,319,8251,8570
24,2019-09-24,338,8335,8673
24,2019-09-25,291,8261,8552
24,2019-09-26,274,8422,8696
24,2019-09-27,285,9160,9445
24,2019-09-28,198,7695,7893
24,2019-09-29,42,5070,5112
24,2019-09-30,298,8510,8808
24,2019-10-01,290,8878,9168
24,2019-10-02,278,8285,8563
24,2019-10-03,314,8559,8873
24,2019-10-04,300,9002,9302
24,2019-10-05,184,7611,7795
24,2019-10-06,43,5048,5091
24,2019-10-07,317,8179,8496
24,2019-10-08,275,8528,8803
24,2019-10-09,290,8085,8375
24,2019-10-10,318,8482,8800
24,2019-10-11,316,9087,9403
24,2019-10-12,199,7281,7480
24,2019-10-13,43,5463,5506
24,2019-10-14,300,8265,8565
24,2019-10-15,284,7697,7981
24,2019-10-16,313,8150,8463
24,2019-10-17,387,7978,8365
24,2019-10-18,414,8861,9275
24,2019-10-19,203,6909,7112
24,2019-10-20,67,4882,4949
24,2019-10-21,308,7939,8247
24,2019-10-22,299,8266,8565
24,2019-10-23,309,8013,8322
24,2019-10-24,308,8418,8726
24,2019-10-25,305,8994,9299
24,2019-10-26,223,7485,7708
24,2019-10-27,59,5379,5438
24,2019-10-28,340,8004,8344
24,2019-10-29,280,8341,8621
24,2019-10-30,276,8254,8530
24,2019-11-01,60,5581,5641
24,2019-11-02,66,4606,4672
24,2019-11-03,25,4878,4903
24,2019-11-04,288,7853,8141
24,2019-11-05,306,8261,8567
24,2019-11-06,302,8041,8343
24,2019-11-07,285,8362,8647
24,2019-11-08,309,8802,9111
24,2019-11-09,113,6621,6734
24,2019-11-10,44,5185,5229
24,2019-11-11,241,8082,8323
24,2019-11-12,292,8143,8435
24,2019-11-13,308,7297,7605
24,2019-11-14,323,8314,8637
24,2019-11-15,311,8789,9100
24,2019-11-16,200,7189,7389
24,2019-11-17,45,4754,4799
24,2019-11-18,280,7626,7906
24,2019-11-19,306,8144,8450
24,2019-11-20,303,7937,8240
24,2019-11-21,323,8079,8402
24,2019-11-22,291,8638,8929
24,2019-11-23,194,7074,7268
24,2019-11-24,52,5070,5122
24,2019-11-25,269,8165,8434
24,2019-11-26,263,8145,8408
24,2019-11-27,261,8078,8339
24,2019-11-28,261,8449,8710
24,2019-11-29,291,9102,9393
24,2019-11-30,203,7405,7608
24,2019-12-01,46,4795,4841
24,2019-12-02,310,8103,8413
24,2019-12-03,325,8461,8786
24,2019-12-04,323,8343,8666
24,2019-12-05,304,9059,9363
24,2019-12-06,284,8942,9226
24,2019-12-07,197,7276,7473
24,2019-12-08,45,5099,5144
24,2019-12-09,297,8760,9057
24,2019-12-10,300,8917,9217
24,2019-12-11,275,8589,8864
24,2019-12-12,320,8884,9204
24,2019-12-13,275,9267,9542
24,2019-12-14,181,7187,7368
24,2019-12-15,43,5248,5291
24,2019-12-16,307,8333,8640
24,2019-12-17,279,8537,8816
24,2019-12-18,290,8403,8693
24,2019-12-19,254,8881,9135
24,2019-12-20,261,9328,9589
24,2019-12-21,180,7451,7631
24,2019-12-22,42,5042,5084
24,2019-12-23,221,8247,8468
24,2019-12-24,175,7061,7236
24,2019-12-25,30,3683,3713
24,2019-12-26,52,4872,4924
24,2019-12-27,216,6672,6888
24,2019-12-28,184,5821,6005
24,2019-12-29,39,4355,4394
24,2019-12-30,241,6855,7096
24,2019-12-31,214,6588,6802
25,2019-01-01,24,4924,4948
25,2019-01-02,128,11206,11334
25,2019-01-03,173,12434,12607
25,2019-01-04,178,13409,13587
25,2019-01-05,64,10589,10653
25,2019-01-06,25,6854,6879
25,2019-01-07,209,14495,14704
25,2019-01-08,234,14640,14874
25,2019-01-09,207,15031,15238
25,2019-01-10,283,15227,15510
25,2019-01-11,222,15220,15442
25,2019-01-12,90,11140,11230
25,2019-01-13,17,6954,6971
25,2019-01-14,261,14593,14854
25,2019-01-15,291,15083,15374
25,2019-01-16,317,15334,15651
25,2019-01-17,274,15108,15382
25,2019-01-18,281,15488,15769
25,2019-01-19,130,12427,12557
25,2019-01-20,33,7670,7703
25,2019-01-21,317,14754,15071
25,2019-01-22,302,14714,15016
25,2019-01-23,239,14605,14844
25,2019-01-24,337,15216,15553
25,2019-01-25,270,15686,15956
25,2019-01-26,87,11807,11894
25,2019-01-27,30,6784,6814
25,2019-01-28,254,14349,14603
25,2019-01-29,306,15508,15814
25,2019-01-30,214,12047,12261
25,2019-01-31,259,14901,15160
25,2019-02-01,240,15463,15703
25,2019-02-02,100,11791,11891
25,2019-02-03,37,7558,7595
25,2019-02-04,258,14590,14848
25,2019-02-05,310,14995,15305
25,2019-02-06,350,15374,15724
25,2019-02-07,244,14871,15115
25,2019-02-08,263,15522,15785
25,2019-02-09,155,12223,12378
25,2019-02-10,24,6611,6635
25,2019-02-11,294,14516,14810
25,2019-02-12,327,15182,15509
25,2019-02-13,328,15744,16072
25,2019-02-14,327,15382,15709
25,2019-02-15,324,15815,16139
25,2019-02-16,138,12357,12495
25,2019-02-17,30,8230,8260
25,2019-02-18,332,14284,14616
25,2019-02-19,289,14289,14578
25,2019-02-20,344,14640,14984
25,2019-02-21,322,14885,15207
25,2019-02-22,353,15591,15944
25,2019-02-23,132,12424,12556
25,2019-02-24,25,8317,8342
25,2019-02-25,320,14321,14641
25,2019-02-26,378,15014,15392
25,2019-02-27,329,15249,15578
25,2019-02-28,340,15204,15544
25,2019-04-01,342,15159,15501
25,2019-04-02,346,15467,15813
25,2019-04-03,342,16067,16409
25,2019-04-04,379,16252,16631
25,2019-04-05,386,16531,16917
25,2019-04-06,173,12990,13163
25,2019-04-07,60,8367,8427
25,2019-04-08,308,14322,14630
25,2019-04-09,310,14345,14655
25,2019-04-10,285,14271,14556
25,2019-04-11,387,14990,15377
25,2019-04-12,410,15951,16361
25,2019-04-13,186,12513,12699
25,2019-04-14,46,8134,8180
25,2019-04-15,325,14384,14709
25,2019-04-16,376,14575,14951
25,2019-04-17,304,14474,14778
25,2019-04-18,346,15285,15631
25,2019-04-19,380,16335,16715
25,2019-04-20,139,12654,12793
25,2019-04-21,23,7893,7916
25,2019-04-22,35,7277,7312
25,2019-04-23,336,15626,15962
25,2019-04-24,321,15318,15639
25,2019-04-25,309,15890,16199
25,2019-04-26,363,17210,17573
25,2019-04-27,159,13468,13627
25,2019-04-28,44,8273,8317
25,2019-04-29,323,15394,15717
25,2019-04-30,335,16338,16673
25,2019-05-01,42,8044,8086
25,2019-05-02,411,16404,16815
25,2019-05-03,375,17105,17480
25,2019-05-04,131,12840,12971
25,2019-05-05,73,8104,8177
25,2019-05-06,352,15131,15483
25,2019-05-07,365,15504,15869
25,2019-05-08,288,15321,15609
25,2019-05-09,97,10897,10994
25,2019-05-10,307,16335,16642
25,2019-05-11,80,11498,11578
25,2019-05-12,44,8565,8609
25,2019-05-13,383,14413,14796
25,2019-05-14,262,13050,13312
25,2019-05-15,503,17188,17691
25,2019-05-16,376,15810,16186
25,2019-05-17,370,16982,17352
25,2019-05-18,159,12740,12899
25,2019-05-19,58,8551,8609
25,2019-05-20,315,14764,15079
25,2019-05-21,365,15278,15643
25,2019-05-22,337,15263,15600
25,2019-05-23,344,15534,15878
25,2019-05-24,352,16590,16942
25,2019-05-25,202,12867,13069
25,2019-05-26,31,8713,8744
25,2019-05-27,291,14458,14749
25,2019-05-28,339,14471,14810
25,2019-05-29,353,15646,15999
25,2019-05-30,43,7627,7670
25,2019-05-31,253,15644,15897
25,2019-06-01,116,12367,12483
25,2019-06-02,41,8628,8669
25,2019-06-03,311,14972,15283
25,2019-06-04,305,14811,15116
25,2019-06-05,358,15481,15839
25,2019-06-06,363,15865,16228
25,2019-06-07,327,16335,16662
25,2019-06-08,191,13171,13362
25,2019-06-09,45,9260,9305
25,2019-06-10,48,7274,7322
25,2019-06-11,323,15105,15428
25,2019-06-12,292,15020,15312
25,2019-06-13,339,14660,14999
25,2019-06-14,341,15968,16309
25,2019-06-15,165,13011,13176
25,2019-06-16,42,9061,9103
25,2019-06-17,285,14248,14533
25,2019-06-18,359,14654,15013
25,2019-06-19,308,14353,14661
25,2019-06-20,642,16376,17018
25,2019-06-21,334,16202,16536
25,2019-06-22,136,12718,12854
25,2019-06-23,28,9133,9161
25,2019-06-24,357,14277,14634
25,2019-06-25,294,14717,15011
25,2019-06-26,253,15123,15376
25,2019-06-27,321,15694,16015
25,2019-06-28,309,16404,16713
25,2019-06-29,162,13470,13632
25,2019-06-30,35,8946,8981
25,2019-07-01,299,14342,14641
25,2019-07-02,314,14724,15038
25,2019-07-03,324,14973,15297
25,2019-07-04,347,14681,15028
25,2019-07-05,333,15496,15829
25,2019-07-06,173,12611,12784
25,2019-07-07,53,8560,8613
25,2019-07-08,330,13679,14009
25,2019-07-09,329,14248,14577
25,2019-07-10,321,14340,14661
25,2019-07-11,306,14437,14743
25,2019-07-12,410,14977,15387
25,2019-07-13,171,12366,12537
25,2019-07-14,60,8643,8703
25,2019-07-15,304,13573,13877
25,2019-07-16,323,14156,14479
25,2019-07-17,291,14109,14400
25,2019-07-18,316,14137,14453
25,2019-07-19,298,14801,15099
25,2019-07-20,144,11808,11952
25,2019-07-21,39,8073,8112
25,2019-07-22,253,13435,13688
25,2019-07-23,267,13585,13852
25,2019-07-24,265,13653,13918
25,2019-07-25,247,13599,13846
25,2019-07-26,214,14173,14387
25,2019-07-27,111,10800,10911
25,2019-07-28,55,7243,7298
25,2019-07-29,182,12305,12487
25,2019-07-30,193,12736,12929
25,2019-07-31,218,12963,13181
25,2019-08-01,202,12700,12902
25,2019-08-02,218,13519,13737
25,2019-08-03,104,9857,9961
25,2019-08-04,35,6826,6861
25,2019-08-05,174,11339,11513
25,2019-08-06,161,11651,11812
25,2019-08-07,175,11508,11683
25,2019-08-08,171,11853,12024
25,2019-08-09,190,12267,12457
25,2019-08-10,118,10240,10358
25,2019-08-11,62,7018,7080
25,2019-08-12,173,10952,11125
25,2019-08-13,210,11915,12125
25,2019-08-14,216,12407,12623
25,2019-08-15,39,5874,5913
25,2019-08-16,174,11730,11904
25,2019-08-17,74,9636,9710
25,2019-08-18,27,6275,6302
25,2019-08-19,207,12711,12918
25,2019-08-20,308,12811,13119
25,2019-08-21,303,12896,13199
25,2019-08-22,268,12875,13143
25,2019-08-23,282,13845,14127
25,2019-08-24,155,10705,10860
25,2019-08-25,63,7869,7932
25,2019-08-26,243,13183,13426
25,2019-08-27,279,13609,13888
25,2019-08-28,291,13529,13820
25,2019-08-29,297,14121,14418
25,2019-08-30,312,14668,14980
25,2019-08-31,188,11391,11579
25,2019-09-01,40,8434,8474
25,2019-09-02,289,13349,13638
25,2019-09-03,342,14442,14784
25,2019-09-04,343,14014,14357
25,2019-09-05,333,14208,14541
25,2019-09-06,354,14736,15090
25,2019-09-07,144,11335,11479
25,2019-09-08,30,7944,7974
25,2019-09-09,309,13677,13986
25,2019-09-10,339,14071,14410
25,2019-09-11,360,14239,14599
25,2019-09-12,298,14466,14764
25,2019-09-13,326,15456,15782
25,2019-09-14,225,12572,12797
25,2019-09-15,49,8910,8959
25,2019-09-16,291,14404,14695
25,2019-09-17,315,14577,14892
25,2019-09-18,330,14608,14938
25,2019-09-19,352,14969,15321
25,2019-09-20,371,15617,15988
25,2019-09-21,174,12286,12460
25,2019-09-22,43,8674,8717
25,2019-09-23,303,14196,14499
25,2019-09-24,307,14238,14545
25,2019-09-25,281,14540,14821
25,2019-09-26,343,14769,15112
25,2019-09-27,289,15111,15400
25,2019-09-28,131,12766,12897
25,2019-09-29,61,8083,8144
25,2019-09-30,291,14428,14719
25,2019-10-01,302,14692,14994
25,2019-10-02,280,14851,15131
25,2019-10-03,343,14951,15294
25,2019-10-04,289,15283,15572
25,2019-10-05,156,12943,13099
25,2019-10-06,47,8079,8126
25,2019-10-07,292,14145,14437
25,2019-10-08,253,14005,14258
25,2019-10-09,343,13816,14159
25,2019-10-10,316,15004,15320
25,2019-10-11,338,15871,16209
25,2019-10-12,153,12898,13051
25,2019-10-13,42,8665,8707
25,2019-10-14,301,14272,14573
25,2019-10-15,380,15350,15730
25,2019-10-16,297,14511,14808
25,2019-10-17,289,14371,14660
25,2019-10-18,330,15901,16231
25,2019-10-19,142,12656,12798
25,2019-10-20,25,6466,6491
25,2019-10-21,294,14676,14970
25,2019-10-22,354,15550,15904
25,2019-10-23,377,15249,15626
25,2019-10-24,349,15217,15566
25,2019-10-25,376,16322,16698
25,2019-10-26,168,13302,13470
25,2019-10-27,32,8446,8478
25,2019-10-28,311,14184,14495
25,2019-10-29,387,14981,15368
25,2019-10-30,373,15717,16090
25,2019-11-01,47,6926,6973
25,2019-11-02,116,12303,12419
25,2019-11-03,26,7980,8006
25,2019-11-04,229,14478,14707
25,2019-11-05,309,15574,15883
25,2019-11-06,341,15476,15817
25,2019-11-07,277,14762,15039
25,2019-11-08,313,15767,16080
25,2019-11-09,153,13873,14026
25,2019-11-10,62,8406,8468
25,2019-11-11,233,14313,14546
25,2019-11-12,302,14662,14964
25,2019-11-13,341,15519,15860
25,2019-11-14,359,15431,15790
25,2019-11-15,366,16113,16479
25,2019-11-16,183,13251,13434
25,2019-11-17,60,8025,8085
25,2019-11-18,232,13658,13890
25,2019-11-19,333,15101,15434
25,2019-11-20,336,15033,15369
25,2019-11-21,347,15434,15781
25,2019-11-22,337,16465,16802
25,2019-11-23,186,13157,13343
25,2019-11-24,47,8857,8904
25,2019-11-25,317,15200,15517
25,2019-11-26,306,15333,15639
25,2019-11-27,227,14738,14965
25,2019-11-28,309,16030,16339
25,2019-11-29,341,16781,17122
25,2019-11-30,178,13895,14073
25,2019-12-01,38,7476,7514
25,2019-12-02,318,15151,15469
25,2019-12-03,341,15519,15860
25,2019-12-04,368,15619,15987
25,2019-12-05,379,15699,16078
25,2019-12-06,300,15684,15984
25,2019-12-07,133,12813,12946
25,2019-12-08,36,7467,7503
25,2019-12-09,228,14501,14729
25,2019-12-10,365,15769,16134
25,2019-12-11,249,14247,14496
25,2019-12-12,325,15698,16023
25,2019-12-13,273,13482,13755
25,2019-12-14,140,13111,13251
25,2019-12-15,37,8362,8399
25,2019-12-16,257,14575,14832
25,2019-12-17,309,15498,15807
25,2019-12-18,316,15843,16159
25,2019-12-19,343,16016,16359
25,2019-12-20,258,15454,15712
25,2019-12-21,90,12452,12542
25,2019-12-22,21,8136,8157
25,2019-12-23,119,14047,14166
25,2019-12-24,102,11396,11498
25,2019-12-25,24,5114,5138
25,2019-12-26,27,7030,7057
25,2019-12-27,125,11684,11809
25,2019-12-28,89,10487,10576
25,2019-12-29,28,6943,6971
25,2019-12-30,148,12560,12708
25,2019-12-31,127,11304,11431
26,2019-01-01,66,13033,13099
26,2019-01-02,1064,24894,25958
26,2019-01-03,1331,26605,27936
26,2019-01-04,1440,27513,28953
26,2019-01-05,487,24807,25294
26,2019-01-06,131,17158,17289
26,2019-01-07,1682,27701,29383
26,2019-01-08,1695,28200,29895
26,2019-01-09,1816,28155,29971
26,2019-01-11,1766,29800,31566
26,2019-01-12,536,26549,27085
26,2019-01-13,91,17155,17246
26,2019-01-14,1862,27925,29787
26,2019-01-15,2038,27747,29785
26,2019-01-16,2093,28141,30234
26,2019-01-17,1915,28538,30453
26,2019-01-18,2090,29387,31477
26,2019-01-19,781,27865,28646
26,2019-01-20,202,18448,18650
26,2019-01-21,2114,27972,30086
26,2019-01-22,2073,26877,28950
26,2019-01-23,1971,27370,29341
26,2019-01-25,2063,29329,31392
26,2019-01-26,392,26434,26826
26,2019-01-27,114,16902,17016
26,2019-01-28,1708,27304,29012
26,2019-01-29,1996,28497,30493
26,2019-01-30,1484,22549,24033
26,2019-01-31,1659,27130,28789
26,2019-02-01,1571,28758,30329
26,2019-02-02,554,27048,27602
26,2019-02-03,179,18298,18477
26,2019-02-04,1927,27794,29721
26,2019-02-05,2047,28799,30846
26,2019-02-06,2230,28272,30502
26,2019-02-08,1901,29905,31806
26,2019-02-09,691,27812,28503
26,2019-02-10,139,15996,16135
26,2019-02-11,1981,28219,30200
26,2019-02-12,2049,28775,30824
26,2019-02-13,2142,28758,30900
26,2019-02-14,1956,28476,30432
26,2019-02-15,1965,30195,32160
26,2019-02-16,672,27206,27878
26,2019-02-17,166,18646,18812
26,2019-02-18,1978,26858,28836
26,2019-02-19,1961,27841,29802
26,2019-02-20,2072,27626,29698
26,2019-02-22,2040,29490,31530
26,2019-02-23,727,26961,27688
26,2019-02-24,177,18865,19042
26,2019-02-25,2007,28507,30514
26,2019-02-26,2138,29170,31308
26,2019-02-27,2168,29288,31456
26,2019-02-28,2171,29325,31496
26,2019-03-01,2003,31253,33256
26,2019-03-02,674,28597,29271
26,2019-03-03,171,18740,18911
26,2019-03-04,1937,27160,29097
26,2019-03-05,1981,28561,30542
26,2019-03-06,1996,28244,30240
26,2019-03-08,2036,30757,32793
26,2019-03-09,641,29160,29801
26,2019-03-10,161,18221,18382
26,2019-03-11,2153,28281,30434
26,2019-03-12,2235,29040,31275
26,2019-03-13,2055,28211,30266
26,2019-03-14,1757,26492,28249
26,2019-03-15,1664,29820,31484
26,2019-03-16,680,28620,29300
26,2019-03-17,146,18596,18742
26,2019-03-18,2179,28553,30732
26,2019-03-19,2283,29199,31482
26,2019-03-20,2250,29379,31629
26,2019-03-22,2329,31339,33668
26,2019-03-23,793,29955,30748
26,2019-03-24,211,19474,19685
26,2019-03-25,2313,28491,30804
26,2019-03-26,2219,28646,30865
26,2019-03-27,2360,29251,31611
26,2019-03-28,2364,30795,33159
26,2019-03-29,2231,31694,33925
26,2019-03-30,771,30397,31168
26,2019-04-01,2207,29217,31424
26,2019-04-02,2178,29466,31644
26,2019-04-03,2155,29671,31826
26,2019-04-05,2232,31675,33907
26,2019-04-06,813,30048,30861
26,2019-04-07,188,20339,20527
26,2019-04-08,2180,28421,30601
26,2019-04-09,2047,28144,30191
26,2019-04-10,2129,27838,29967
26,2019-04-11,2346,28874,31220
26,2019-04-12,2240,30561,32801
26,2019-04-13,793,27869,28662
26,2019-04-14,178,18717,18895
26,2019-04-15,2209,28375,30584
26,2019-04-16,1562,20872,22434
26,2019-04-17,2106,28636,30742
26,2019-04-19,1763,31576,33339
26,2019-04-20,707,27860,28567
26,2019-04-21,165,18840,19005
26,2019-04-22,211,18878,19089
26,2019-04-23,2175,29548,31723
26,2019-04-24,2184,28791,30975
26,2019-04-25,2162,29422,31584
26,2019-04-26,2328,32047,34375
26,2019-04-27,696,29849,30545
26,2019-04-28,174,19099,19273
26,2019-04-29,2335,29304,31639
26,2019-04-30,2202,31107,33309
26,2019-05-01,255,18277,18532
26,2019-05-03,2239,30812,33051
26,2019-05-04,698,28342,29040
26,2019-05-05,181,19295,19476
26,2019-05-06,2287,28725,31012
26,2019-05-07,2276,29518,31794
26,2019-05-08,1939,29124,31063
26,2019-06-01,743,27655,28398
26,2019-06-02,193,20694,20887
26,2019-06-03,2675,27063,29738
26,2019-06-04,2828,27793,30621
26,2019-06-05,2903,26643,29546
26,2019-06-06,2846,28701,31547
26,2019-06-07,2734,28912,31646
26,2019-06-08,1006,28524,29530
26,2019-06-09,163,21627,21790
26,2019-06-10,268,18259,18527
26,2019-06-11,2881,28173,31054
26,2019-06-12,2855,26303,29158
26,2019-06-13,2934,28136,31070
26,2019-06-14,2914,30110,33024
26,2019-06-15,864,28676,29540
26,2019-06-16,209,22012,22221
26,2019-06-17,2673,27467,30140
26,2019-06-18,2766,28436,31202
26,2019-06-19,2768,27097,29865
26,2019-06-20,2480,28186,30666
26,2019-06-21,2864,30172,33036
26,2019-06-22,864,29546,30410
26,2019-06-23,181,22446,22627
26,2019-06-24,2663,27730,30393
26,2019-06-25,2721,28241,30962
26,2019-06-26,2763,28170,30933
26,2019-06-27,2825,30162,32987
26,2019-06-28,2826,31368,34194
26,2019-06-29,922,30683,31605
26,2019-06-30,168,22343,22511
26,2019-07-01,2739,28140,30879
26,2019-07-02,2891,28577,31468
26,2019-07-03,2872,28886,31758
26,2019-07-04,2964,28786,31750
26,2019-07-05,2944,30662,33606
26,2019-07-06,858,29826,30684
26,2019-07-07,186,20986,21172
26,2019-07-08,2777,28269,31046
26,2019-07-09,2725,26681,29406
26,2019-07-10,2646,25566,28212
26,2019-07-11,2801,27410,30211
26,2019-07-12,2986,28687,31673
26,2019-07-13,910,29159,30069
26,2019-07-14,191,20203,20394
26,2019-07-15,2823,27392,30215
26,2019-07-16,2865,27513,30378
26,2019-07-17,2829,27815,30644
26,2019-07-18,2827,28406,31233
26,2019-07-19,2687,28482,31169
26,2019-07-20,949,30690,31639
26,2019-07-21,173,19490,19663
26,2019-07-22,2665,27621,30286
26,2019-07-23,2627,27619,30246
26,2019-07-24,2582,27830,30412
26,2019-07-25,2500,28081,30581
26,2019-07-26,2138,29013,31151
26,2019-07-27,479,24072,24551
26,2019-07-28,147,16973,17120
26,2019-07-29,1977,26514,28491
26,2019-07-30,2037,27072,29109
26,2019-07-31,2169,26748,28917
26,2019-08-01,2007,27013,29020
26,2019-08-02,2045,28167,30212
26,2019-08-03,526,23087,23613
26,2019-08-04,152,16623,16775
26,2019-08-05,1772,24780,26552
26,2019-08-06,1815,25116,26931
26,2019-08-07,1839,24725,26564
26,2019-08-08,1900,25723,27623
26,2019-08-09,1814,23278,25092
26,2019-08-10,635,21484,22119
26,2019-08-11,257,16237,16494
26,2019-08-12,1882,23920,25802
26,2019-08-13,1917,25236,27153
26,2019-08-14,1876,26388,28264
26,2019-08-15,370,14460,14830
26,2019-08-16,1686,25087,26773
26,2019-08-17,429,17096,17525
26,2019-08-18,140,13414,13554
26,2019-08-19,2137,26118,28255
26,2019-08-20,2170,25843,28013
26,2019-08-21,2344,25789,28133
26,2019-08-22,2418,26699,29117
26,2019-08-23,2407,28123,30530
26,2019-08-24,669,25111,25780
26,2019-08-25,197,18374,18571
26,2019-08-26,2509,26470,28979
26,2019-08-27,2583,27195,29778
26,2019-08-28,2673,27239,29912
26,2019-08-29,2730,28218,30948
26,2019-08-30,2680,29033,31713
26,2019-08-31,750,27691,28441
26,2019-09-01,187,19762,19949
26,2019-09-02,2646,27277,29923
26,2019-09-03,2773,27680,30453
26,2019-09-04,2891,27816,30707
26,2019-09-05,2877,28191,31068
26,2019-09-06,2682,28651,31333
26,2019-09-07,616,25460,26076
26,2019-09-08,154,17931,18085
26,2019-09-09,2983,28228,31211
26,2019-09-10,2862,28275,31137
26,2019-09-11,3135,28349,31484
26,2019-09-12,2851,26720,29571
26,2019-09-13,2948,29971,32919
26,2019-09-14,1021,29304,30325
26,2019-09-15,199,21063,21262
26,2019-09-16,2943,28308,31251
26,2019-09-17,3334,28432,31766
26,2019-09-18,3229,28706,31935
26,2019-09-19,3329,28250,31579
26,2019-09-20,3140,30013,33153
26,2019-09-21,904,29652,30556
26,2019-09-22,194,20193,20387
26,2019-09-23,2951,26447,29398
26,2019-09-24,3137,26555,29692
26,2019-09-25,2952,23305,26257
26,2019-09-26,2828,23397,26225
26,2019-09-27,2997,27187,30184
26,2019-09-28,866,27359,28225
26,2019-09-29,139,16975,17114
26,2019-09-30,2772,26976,29748
26,2019-10-01,2832,26807,29639
26,2019-10-02,2965,27090,30055
26,2019-10-03,2854,28907,31761
26,2019-10-04,2790,27479,30269
26,2019-10-05,843,30093,30936
26,2019-10-06,129,19310,19439
26,2019-10-07,2830,26198,29028
26,2019-10-08,2589,22301,24890
26,2019-10-09,2788,25452,28240
26,2019-10-10,2860,27939,30799
26,2019-10-11,2810,29575,32385
26,2019-10-12,993,29041,30034
26,2019-10-13,174,20595,20769
26,2019-10-14,2783,27948,30731
26,2019-10-15,2657,24808,27465
26,2019-10-16,2736,27342,30078
26,2019-10-17,2826,25899,28725
26,2019-10-18,2744,29410,32154
26,2019-10-19,799,28546,29345
26,2019-10-20,141,15777,15918
26,2019-10-21,2865,27058,29923
26,2019-10-22,3038,27630,30668
26,2019-10-23,3000,27688,30688
26,2019-10-24,3058,27989,31047
26,2019-10-25,2929,29921,32850
26,2019-10-26,1152,30399,31551
26,2019-10-27,230,19603,19833
26,2019-10-28,3082,27185,30267
26,2019-10-29,3174,27873,31047
26,2019-10-30,2993,28786,31779
26,2019-11-01,312,18563,18875
26,2019-11-02,825,24629,25454
26,2019-11-03,328,18166,18494
26,2019-11-04,2547,25505,28052
26,2019-11-05,2861,27646,30507
26,2019-11-06,2933,27468,30401
26,2019-11-07,2853,27665,30518
26,2019-11-08,2887,30078,32965
26,2019-11-09,917,30439,31356
26,2019-11-10,159,21488,21647
26,2019-11-11,1812,26867,28679
26,2019-11-12,2799,25642,28441
26,2019-11-13,2975,27346,30321
26,2019-11-14,3063,28024,31087
26,2019-11-15,2869,30547,33416
26,2019-11-16,930,30566,31496
26,2019-11-17,185,19514,19699
26,2019-11-18,2542,23657,26199
26,2019-11-19,2833,28470,31303
26,2019-11-20,3009,28029,31038
26,2019-11-21,2974,28206,31180
26,2019-11-22,2880,29942,32822
26,2019-11-23,815,29571,30386
26,2019-11-24,184,21417,21601
26,2019-11-25,2843,28109,30952
26,2019-11-26,2775,27607,30382
26,2019-11-27,2762,24885,27647
26,2019-11-28,2858,27488,30346
26,2019-11-29,2774,30856,33630
26,2019-11-30,815,30800,31615
26,2019-12-01,134,19964,20098
26,2019-12-02,2781,26867,29648
26,2019-12-03,2861,28649,31510
26,2019-12-04,2993,28944,31937
26,2019-12-05,2834,29250,32084
26,2019-12-06,2733,26378,29111
26,2019-12-07,822,29261,30083
26,2019-12-08,130,18580,18710
26,2019-12-09,2711,24885,27596
26,2019-12-10,3042,29224,32266
26,2019-12-11,2635,23723,26358
26,2019-12-12,2847,29191,32038
26,2019-12-13,2705,27284,29989
26,2019-12-14,672,29908,30580
26,2019-12-15,169,21873,22042
26,2019-12-16,2721,27569,30290
26,2019-12-17,2746,27657,30403
26,2019-12-18,2787,29691,32478
26,2019-12-19,2666,30813,33479
26,2019-12-20,1958,30775,32733
26,2019-12-21,547,29090,29637
26,2019-12-22,109,19727,19836
26,2019-12-23,1112,27493,28605
26,2019-12-24,774,24496,25270
26,2019-12-25,48,13724,13772
26,2019-12-26,169,18700,18869
26,2019-12-27,907,25350,26257
26,2019-12-28,377,24884,25261
26,2019-12-29,99,18058,18157
26,2019-12-30,1016,26326,27342
26,2019-12-31,690,24335,25025
27,2019-01-01,8,764,772
27,2019-01-02,30,1759,1789
27,2019-01-03,28,1732,1760
27,2019-01-04,33,1756,1789
27,2019-01-05,21,1591,1612
27,2019-01-06,6,1347,1353
27,2019-01-07,39,1843,1882
27,2019-01-08,53,1810,1863
27,2019-01-09,62,1938,2000
27,2019-01-10,62,1914,1976
27,2019-01-11,52,1978,2030
27,2019-01-12,18,1672,1690
27,2019-01-13,10,1614,1624
27,2019-01-14,49,1911,1960
27,2019-01-15,59,1842,1901
27,2019-01-16,55,1884,1939
27,2019-01-17,62,1994,2056
27,2019-01-18,74,2074,2148
27,2019-01-19,18,1667,1685
27,2019-01-20,9,1470,1479
27,2019-01-21,68,2078,2146
27,2019-01-22,58,1965,2023
27,2019-01-23,63,1877,1940
27,2019-01-24,54,2052,2106
27,2019-01-25,66,2100,2166
27,2019-01-26,18,1533,1551
27,2019-01-27,5,1308,1313
27,2019-01-28,45,1906,1951
27,2019-01-29,51,1929,1980
27,2019-01-30,46,1587,1633
27,2019-01-31,43,1929,1972
27,2019-02-01,54,2101,2155
27,2019-02-02,24,1632,1656
27,2019-02-03,14,1429,1443
27,2019-02-04,53,1991,2044
27,2019-02-05,52,2041,2093
27,2019-02-06,70,1976,2046
27,2019-02-07,39,2109,2148
27,2019-02-08,71,2116,2187
27,2019-02-09,25,1764,1789
27,2019-02-10,21,1420,1441
27,2019-02-11,67,1986,2053
27,2019-02-12,81,1919,2000
27,2019-02-13,81,2012,2093
27,2019-02-14,76,2192,2268
27,2019-02-15,68,2298,2366
27,2019-02-16,21,1806,1827
27,2019-02-17,9,1738,1747
27,2019-02-18,58,1978,2036
27,2019-02-19,77,1914,1991
27,2019-02-20,73,2024,2097
27,2019-02-21,57,2103,2160
27,2019-02-22,65,2221,2286
27,2019-02-23,21,1781,1802
27,2019-02-24,13,1737,1750
27,2019-02-25,71,1980,2051
27,2019-02-26,78,2070,2148
27,2019-02-27,91,2211,2302
27,2019-02-28,81,2294,2375
27,2019-03-01,60,2243,2303
27,2019-03-02,27,1654,1681
27,2019-03-03,15,1301,1316
27,2019-03-04,41,1694,1735
27,2019-03-05,54,1966,2020
27,2019-03-06,71,1968,2039
27,2019-03-07,82,2148,2230
27,2019-03-08,83,2233,2316
27,2019-03-09,21,1868,1889
27,2019-03-10,21,1463,1484
27,2019-03-11,102,2149,2251
27,2019-03-12,59,2138,2197
27,2019-03-13,82,2128,2210
27,2019-03-14,71,2165,2236
27,2019-03-15,75,2224,2299
27,2019-03-16,23,1790,1813
27,2019-03-17,7,1501,1508
27,2019-03-18,69,2157,2226
27,2019-03-19,77,2122,2199
27,2019-03-20,89,2176,2265
27,2019-03-21,98,2289,2387
27,2019-03-22,77,2448,2525
27,2019-03-23,33,2012,2045
27,2019-03-24,18,1941,1959
27,2019-03-25,71,2058,2129
27,2019-03-26,64,2146,2210
27,2019-03-27,81,2140,2221
27,2019-03-28,77,2299,2376
27,2019-03-29,72,2551,2623
27,2019-03-30,47,2228,2275
27,2019-04-01,71,2163,2234
27,2019-04-02,58,2197,2255
27,2019-04-03,84,2166,2250
27,2019-04-04,114,2294,2408
27,2019-04-05,90,2406,2496
27,2019-04-06,40,2144,2184
27,2019-04-07,10,2153,2163
27,2019-04-08,85,2156,2241
27,2019-04-09,94,2120,2214
27,2019-04-10,72,2180,2252
27,2019-04-11,66,2379,2445
27,2019-04-12,100,2502,2602
27,2019-04-13,26,1972,1998
27,2019-04-14,17,1819,1836
27,2019-04-15,73,2289,2362
27,2019-04-16,83,2242,2325
27,2019-04-17,98,2317,2415
27,2019-04-18,105,2725,2830
27,2019-04-19,59,3217,3276
27,2019-04-20,37,2856,2893
27,2019-04-21,16,2758,2774
27,2019-04-22,31,2703,2734
27,2019-04-23,102,3734,3836
27,2019-04-24,133,4237,4370
27,2019-04-25,131,4281,4412
27,2019-04-26,118,4620,4738
27,2019-04-27,82,3314,3396
27,2019-04-28,36,2661,2697
27,2019-04-29,128,4417,4545
27,2019-04-30,130,4750,4880
27,2019-05-01,39,3196,3235
27,2019-05-02,147,4650,4797
27,2019-05-03,153,4534,4687
27,2019-05-04,63,3272,3335
27,2019-05-05,37,2696,2733
27,2019-05-06,123,4271,4394
27,2019-05-07,132,4472,4604
27,2019-05-08,157,4524,4681
27,2019-05-09,67,3201,3268
27,2019-05-10,156,4233,4389
27,2019-05-11,41,3516,3557
27,2019-05-12,28,3250,3278
27,2019-05-13,142,4364,4506
27,2019-05-14,143,4646,4789
27,2019-05-15,138,4646,4784
27,2019-05-16,153,4628,4781
27,2019-05-17,143,4884,5027
27,2019-05-18,45,4043,4088
27,2019-05-19,40,2947,2987
27,2019-05-20,121,4401,4522
27,2019-05-21,126,4355,4481
27,2019-05-22,152,4609,4761
27,2019-05-23,154,4669,4823
27,2019-05-24,172,5189,5361
27,2019-05-25,70,4272,4342
27,2019-05-26,50,3611,3661
27,2019-05-27,151,4436,4587
27,2019-05-28,142,4582,4724
27,2019-05-29,162,5052,5214
27,2019-05-30,49,3492,3541
27,2019-05-31,123,5338,5461
27,2019-06-01,64,5207,5271
27,2019-06-02,56,3979,4035
27,2019-06-03,129,4421,4550
27,2019-06-04,132,4576,4708
27,2019-06-05,160,4775,4935
27,2019-06-06,165,4862,5027
27,2019-06-07,169,5025,5194
27,2019-06-08,75,4271,4346
27,2019-06-09,20,4239,4259
27,2019-06-10,75,3474,3549
27,2019-06-11,175,4671,4846
27,2019-06-12,164,4545,4709
27,2019-06-13,142,4908,5050
27,2019-06-14,166,5152,5318
27,2019-06-15,58,4027,4085
27,2019-06-16,40,3327,3367
27,2019-06-17,125,4542,4667
27,2019-06-18,131,4615,4746
27,2019-06-19,133,4546,4679
27,2019-06-20,88,4739,4827
27,2019-06-21,103,5118,5221
27,2019-06-22,69,4312,4381
27,2019-06-23,42,3567,3609
27,2019-06-24,130,4584,4714
27,2019-06-25,147,4734,4881
27,2019-06-26,146,4622,4768
27,2019-06-27,137,4751,4888
27,2019-06-28,152,5047,5199
27,2019-06-29,82,4027,4109
27,2019-06-30,41,3425,3466
27,2019-07-01,134,4615,4749
27,2019-07-02,125,4513,4638
27,2019-07-03,157,4724,4881
27,2019-07-04,160,4700,4860
27,2019-07-05,116,4926,5042
27,2019-07-06,75,4058,4133
27,2019-07-07,57,4976,5033
27,2019-07-08,162,4476,4638
27,2019-07-09,150,4616,4766
27,2019-07-10,181,4555,4736
27,2019-07-11,150,4065,4215
27,2019-07-12,163,3540,3703
27,2019-07-13,43,2715,2758
27,2019-07-14,32,2491,2523
27,2019-07-15,117,2942,3059
27,2019-07-16,75,2766,2841
27,2019-07-17,100,2920,3020
27,2019-07-18,114,2861,2975
27,2019-07-19,87,3063,3150
27,2019-07-20,44,2695,2739
27,2019-07-21,37,2787,2824
27,2019-07-22,97,2752,2849
27,2019-07-23,101,2810,2911
27,2019-07-24,87,2739,2826
27,2019-07-25,105,2842,2947
27,2019-07-26,91,2848,2939
27,2019-07-27,38,2519,2557
27,2019-07-28,31,2587,2618
27,2019-07-29,92,2735,2827
27,2019-07-30,77,2792,2869
27,2019-07-31,83,3003,3086
27,2019-08-01,82,2891,2973
27,2019-08-02,83,3018,3101
27,2019-08-03,74,2652,2726
27,2019-08-04,33,2924,2957
27,2019-08-05,82,2917,2999
27,2019-08-06,65,2588,2653
27,2019-08-07,68,2585,2653
27,2019-08-08,77,2703,2780
27,2019-08-09,88,2671,2759
27,2019-08-10,31,2706,2737
27,2019-08-11,33,2686,2719
27,2019-08-12,76,2564,2640
27,2019-08-13,80,2597,2677
27,2019-08-14,68,2744,2812
27,2019-08-15,53,2462,2515
27,2019-08-16,93,2753,2846
27,2019-08-17,25,2394,2419
27,2019-08-18,38,2049,2087
27,2019-08-19,125,2417,2542
27,2019-08-20,124,2508,2632
27,2019-08-21,105,2627,2732
27,2019-08-22,96,2621,2717
27,2019-08-23,98,3039,3137
27,2019-08-24,38,2971,3009
27,2019-08-25,26,2695,2721
27,2019-08-26,74,2500,2574
27,2019-08-27,82,2536,2618
27,2019-08-28,89,2531,2620
27,2019-08-29,90,2667,2757
27,2019-08-30,88,2898,2986
27,2019-08-31,44,2821,2865
27,2019-09-01,21,2522,2543
27,2019-09-02,79,2506,2585
27,2019-09-03,80,2489,2569
27,2019-09-04,83,2512,2595
27,2019-09-05,97,2530,2627
27,2019-09-06,153,2774,2927
27,2019-09-07,41,2426,2467
27,2019-09-08,20,2103,2123
27,2019-09-09,113,2367,2480
27,2019-09-10,82,2414,2496
27,2019-09-11,81,2454,2535
27,2019-09-12,104,2486,2590
27,2019-09-13,75,2860,2935
27,2019-09-14,50,2805,2855
27,2019-09-15,24,3026,3050
27,2019-09-16,84,2354,2438
27,2019-09-17,95,2424,2519
27,2019-09-18,115,2328,2443
27,2019-09-19,101,2629,2730
27,2019-09-20,80,2680,2760
27,2019-09-21,33,2636,2669
27,2019-09-22,37,2356,2393
27,2019-09-23,85,2134,2219
27,2019-09-24,83,2246,2329
27,2019-09-25,76,2235,2311
27,2019-09-26,67,2318,2385
27,2019-09-27,77,2622,2699
27,2019-09-28,35,2073,2108
27,2019-09-29,27,1718,1745
27,2019-09-30,88,2221,2309
27,2019-10-01,66,2307,2373
27,2019-10-02,76,2246,2322
27,2019-10-03,49,2533,2582
27,2019-10-04,72,2494,2566
27,2019-10-05,40,2418,2458
27,2019-10-06,21,1685,1706
27,2019-10-07,75,2215,2290
27,2019-10-08,57,2164,2221
27,2019-10-09,58,2360,2418
27,2019-10-10,81,2269,2350
27,2019-10-11,75,2447,2522
27,2019-10-12,28,2134,2162
27,2019-10-13,21,2921,2942
27,2019-10-14,105,2308,2413
27,2019-10-15,85,2297,2382
27,2019-10-16,68,2219,2287
27,2019-10-17,67,2289,2356
27,2019-10-18,77,2428,2505
27,2019-10-19,29,1998,2027
27,2019-10-20,13,1699,1712
27,2019-10-21,86,2226,2312
27,2019-10-22,73,2274,2347
27,2019-10-23,66,2386,2452
27,2019-10-24,81,2548,2629
27,2019-10-25,80,2631,2711
27,2019-10-26,41,2211,2252
27,2019-10-27,23,1722,1745
27,2019-10-28,90,2359,2449
27,2019-10-29,78,2401,2479
27,2019-10-30,110,2501,2611
27,2019-11-01,33,1608,1641
27,2019-11-02,32,1941,1973
27,2019-11-03,20,1573,1593
27,2019-11-04,66,2178,2244
27,2019-11-05,88,2213,2301
27,2019-11-06,76,2180,2256
27,2019-11-07,90,2161,2251
27,2019-11-08,60,2317,2377
27,2019-11-09,31,1871,1902
27,2019-11-10,21,1621,1642
27,2019-11-11,83,1990,2073
27,2019-11-12,66,2182,2248
27,2019-11-13,86,1983,2069
27,2019-11-14,76,2250,2326
27,2019-11-15,67,2319,2386
27,2019-11-16,34,1930,1964
27,2019-11-17,14,1607,1621
27,2019-11-18,77,2005,2082
27,2019-11-19,79,2138,2217
27,2019-11-20,81,2151,2232
27,2019-11-21,112,2208,2320
27,2019-11-22,98,2322,2420
27,2019-11-23,34,1905,1939
27,2019-11-24,15,1565,1580
27,2019-11-25,83,2075,2158
27,2019-11-26,74,2119,2193
27,2019-11-27,68,2204,2272
27,2019-11-28,85,2215,2300
27,2019-11-29,93,2375,2468
27,2019-11-30,23,1922,1945
27,2019-12-01,13,1369,1382
27,2019-12-02,84,2091,2175
27,2019-12-03,55,2137,2192
27,2019-12-04,78,2176,2254
27,2019-12-05,87,2198,2285
27,2019-12-06,63,2207,2270
27,2019-12-07,26,1865,1891
27,2019-12-08,9,1689,1698
27,2019-12-09,66,2136,2202
27,2019-12-10,79,2226,2305
27,2019-12-11,68,2101,2169
27,2019-12-12,85,2253,2338
27,2019-12-13,54,2209,2263
27,2019-12-14,23,1742,1765
27,2019-12-15,22,1426,1448
27,2019-12-16,75,2072,2147
27,2019-12-17,68,2133,2201
27,2019-12-18,79,2197,2276
27,2019-12-19,89,2312,2401
27,2019-12-20,63,2328,2391
27,2019-12-21,31,1849,1880
27,2019-12-22,5,1427,1432
27,2019-12-23,40,1972,2012
27,2019-12-24,15,1471,1486
27,2019-12-25,8,694,702
27,2019-12-26,9,1460,1469
27,2019-12-27,17,1906,1923
27,2019-12-28,19,1787,1806
27,2019-12-29,17,1509,1526
27,2019-12-30,32,1977,2009
27,2019-12-31,31,1644,1675
29,2019-01-01,19,5664,5683
29,2019-01-02,226,13789,14015
29,2019-01-03,225,14382,14607
29,2019-01-04,204,14979,15183
29,2019-01-05,105,11593,11698
29,2019-01-06,34,8777,8811
29,2019-01-07,349,15987,16336
29,2019-01-08,418,16124,16542
29,2019-01-09,358,16468,16826
29,2019-01-11,339,16686,17025
29,2019-01-12,127,12199,12326
29,2019-01-13,59,8947,9006
29,2019-01-14,467,16221,16688
29,2019-01-15,446,16757,17203
29,2019-01-16,433,16909,17342
29,2019-01-17,478,16702,17180
29,2019-01-18,433,17655,18088
29,2019-01-19,115,13239,13354
29,2019-01-20,49,10453,10502
29,2019-01-21,377,16466,16843
29,2019-01-22,403,16505,16908
29,2019-01-23,366,15877,16243
29,2019-01-25,335,16932,17267
29,2019-01-26,104,12548,12652
29,2019-01-27,10,8956,8966
29,2019-01-28,343,15977,16320
29,2019-01-29,393,16940,17333
29,2019-01-30,266,15147,15413
29,2019-01-31,189,14828,15017
29,2019-02-01,276,17020,17296
29,2019-02-02,122,12559,12681
29,2019-02-03,47,9613,9660
29,2019-02-04,380,16546,16926
29,2019-02-05,436,17087,17523
29,2019-02-06,427,16930,17357
29,2019-02-08,427,17648,18075
29,2019-02-09,116,13000,13116
29,2019-02-10,12,8912,8924
29,2019-02-11,389,16853,17242
29,2019-02-12,388,16855,17243
29,2019-02-13,431,17070,17501
29,2019-02-14,445,17394,17839
29,2019-02-15,426,17861,18287
29,2019-02-16,121,13237,13358
29,2019-02-17,39,10442,10481
29,2019-02-18,415,16546,16961
29,2019-02-19,428,16557,16985
29,2019-02-20,448,16883,17331
29,2019-02-22,380,17494,17874
29,2019-02-23,123,12784,12907
29,2019-02-24,59,10721,10780
29,2019-02-25,384,16372,16756
29,2019-02-26,452,16892,17344
29,2019-02-27,493,17226,17719
29,2019-02-28,500,16626,17126
29,2019-03-01,408,16932,17340
29,2019-03-02,134,12478,12612
29,2019-03-03,44,8481,8525
29,2019-03-04,230,13452,13682
29,2019-03-05,346,15630,15976
29,2019-03-06,504,16554,17058
29,2019-03-08,492,17496,17988
29,2019-03-09,135,13002,13137
29,2019-03-10,24,9554,9578
29,2019-03-11,474,16234,16708
29,2019-03-12,496,15870,16366
29,2019-03-13,546,16236,16782
29,2019-03-14,428,16242,16670
29,2019-03-15,396,17816,18212
29,2019-03-16,112,13197,13309
29,2019-03-17,20,10092,10112
29,2019-03-18,439,16699,17138
29,2019-03-19,484,17086,17570
29,2019-03-20,452,17331,17783
29,2019-03-22,464,18095,18559
29,2019-03-23,146,14101,14247
29,2019-03-24,51,11116,11167
29,2019-03-25,504,16470,16974
29,2019-03-26,518,17152,17670
29,2019-03-27,504,17287,17791
29,2019-03-28,482,17829,18311
29,2019-03-29,421,18417,18838
29,2019-03-30,163,14928,15091
29,2019-04-01,489,17264,17753
29,2019-04-02,477,17540,18017
29,2019-04-03,483,17509,17992
29,2019-04-05,495,18107,18602
29,2019-04-06,179,13662,13841
29,2019-04-07,87,10939,11026
29,2019-04-08,499,16011,16510
29,2019-04-09,450,13258,13708
29,2019-04-10,453,14769,15222
29,2019-04-11,498,15589,16087
29,2019-04-12,505,16033,16538
29,2019-04-13,154,12728,12882
29,2019-04-14,74,10029,10103
29,2019-04-15,462,15774,16236
29,2019-04-16,435,15767,16202
29,2019-04-17,468,16214,16682
29,2019-04-19,193,15910,16103
29,2019-04-20,158,13423,13581
29,2019-04-21,83,10427,10510
29,2019-04-22,94,11336,11430
29,2019-04-23,426,16385,16811
29,2019-04-24,478,15562,16040
29,2019-05-03,667,18479,19146
29,2019-05-04,178,13504,13682
29,2019-05-05,73,11121,11194
29,2019-05-06,627,17401,18028
29,2019-05-07,642,17712,18354
29,2019-05-08,656,17927,18583
29,2019-05-09,235,13713,13948
29,2019-05-10,600,17286,17886
29,2019-05-11,164,13442,13606
29,2019-05-12,56,12070,12126
29,2019-05-13,597,17485,18082
29,2019-05-14,579,17936,18515
29,2019-05-15,637,18018,18655
29,2019-05-16,624,18482,19106
29,2019-05-17,638,18734,19372
29,2019-05-18,202,13455,13657
29,2019-05-19,65,11011,11076
29,2019-05-20,605,17599,18204
29,2019-05-21,703,17719,18422
29,2019-05-22,669,17871,18540
29,2019-05-23,643,17874,18517
29,2019-05-24,618,18764,19382
29,2019-05-25,227,14271,14498
29,2019-05-26,75,11699,11774
29,2019-05-27,682,17956,18638
29,2019-05-28,733,18726,19459
29,2019-05-29,725,19149,19874
29,2019-05-30,99,10756,10855
29,2019-05-31,399,16894,17293
29,2019-06-01,197,13784,13981
29,2019-06-02,127,12618,12745
29,2019-06-03,683,17574,18257
29,2019-06-04,635,18023,18658
29,2019-06-05,689,18009,18698
29,2019-06-06,607,18124,18731
29,2019-06-07,671,18780,19451
29,2019-06-08,227,13724,13951
29,2019-06-09,64,11685,11749
29,2019-06-10,129,10919,11048
29,2019-06-11,607,17831,18438
29,2019-06-12,622,18017,18639
29,2019-06-13,646,17890,18536
29,2019-06-14,693,18807,19500
29,2019-06-15,207,14213,14420
29,2019-06-16,92,12649,12741
29,2019-06-17,642,17887,18529
29,2019-06-18,641,18009,18650
29,2019-06-19,707,18031,18738
29,2019-06-20,239,18545,18784
29,2019-06-21,671,18351,19022
29,2019-06-22,233,13745,13978
29,2019-06-23,104,11483,11587
29,2019-06-24,685,17273,17958
29,2019-06-25,654,17636,18290
29,2019-06-26,634,17800,18434
29,2019-06-27,573,18406,18979
29,2019-06-28,623,19018,19641
29,2019-06-29,202,14333,14535
29,2019-06-30,84,11989,12073
29,2019-07-01,623,17660,18283
29,2019-07-02,593,18132,18725
29,2019-07-03,711,18348,19059
29,2019-07-04,693,18152,18845
29,2019-07-05,616,18518,19134
29,2019-07-06,214,14560,14774
29,2019-07-07,77,11638,11715
29,2019-07-08,618,17561,18179
29,2019-07-09,710,18083,18793
29,2019-07-10,787,18216,19003
29,2019-07-11,715,17759,18474
29,2019-07-12,725,18274,18999
29,2019-07-13,201,13654,13855
29,2019-07-14,98,11274,11372
29,2019-07-15,743,17144,17887
29,2019-07-16,679,17643,18322
29,2019-07-17,735,17943,18678
29,2019-07-18,628,17788,18416
29,2019-07-19,601,18199,18800
29,2019-07-20,228,13536,13764
29,2019-07-21,89,11819,11908
29,2019-07-22,525,16791,17316
29,2019-07-23,600,17064,17664
29,2019-07-24,663,16923,17586
29,2019-07-25,614,16701,17315
29,2019-07-26,469,17228,17697
29,2019-07-27,183,12766,12949
29,2019-07-28,70,9994,10064
29,2019-07-29,458,16155,16613
29,2019-07-30,474,16336,16810
29,2019-07-31,464,16963,17427
29,2019-08-01,443,16956,17399
29,2019-08-02,493,16797,17290
29,2019-08-03,198,12775,12973
29,2019-08-04,111,11354,11465
29,2019-08-05,470,15960,16430
29,2019-08-06,435,16288,16723
29,2019-08-07,401,16562,16963
29,2019-08-08,415,16895,17310
29,2019-08-09,457,16497,16954
29,2019-08-10,176,13112,13288
29,2019-08-11,85,11164,11249
29,2019-08-12,424,16351,16775
29,2019-08-13,450,17203,17653
29,2019-08-14,465,17570,18035
29,2019-08-15,176,12249,12425
29,2019-08-16,423,16556,16979
29,2019-08-17,171,12473,12644
29,2019-08-18,73,10751,10824
29,2019-08-19,571,17349,17920
29,2019-08-20,549,17656,18205
29,2019-08-21,529,17681,18210
29,2019-08-22,587,17740,18327
29,2019-08-23,624,18194,18818
29,2019-08-24,221,13294,13515
29,2019-08-25,107,11810,11917
29,2019-08-26,604,17229,17833
29,2019-08-27,620,17205,17825
29,2019-08-28,628,16632,17260
29,2019-08-29,682,16992,17674
29,2019-08-30,684,18856,19540
29,2019-08-31,228,13745,13973
29,2019-09-01,107,11929,12036
29,2019-09-02,608,17518,18126
29,2019-09-03,643,17968,18611
29,2019-09-04,697,17859,18556
29,2019-09-05,646,18097,18743
29,2019-09-06,676,18665,19341
29,2019-09-07,220,12459,12679
29,2019-09-08,126,9790,9916
29,2019-09-09,635,17420,18055
29,2019-09-10,579,17685,18264
29,2019-09-11,655,17819,18474
29,2019-09-12,617,18014,18631
29,2019-09-13,686,18358,19044
29,2019-09-14,276,14186,14462
29,2019-09-15,148,12519,12667
29,2019-09-16,581,17419,18000
29,2019-09-17,708,17971,18679
29,2019-09-18,643,17600,18243
29,2019-09-19,666,18000,18666
29,2019-09-20,649,18427,19076
29,2019-09-21,220,14143,14363
29,2019-09-22,119,11455,11574
29,2019-09-23,551,17051,17602
29,2019-09-24,617,17329,17946
29,2019-09-25,586,17706,18292
29,2019-09-26,645,17943,18588
29,2019-09-27,561,18690,19251
29,2019-09-28,206,14109,14315
29,2019-09-29,66,10657,10723
29,2019-09-30,552,17194,17746
29,2019-10-01,577,16966,17543
29,2019-10-02,580,17422,18002
29,2019-10-03,269,17927,18196
29,2019-10-04,482,17393,17875
29,2019-10-05,165,13870,14035
29,2019-10-06,59,10282,10341
29,2019-10-07,527,16689,17216
29,2019-10-08,517,16957,17474
29,2019-10-09,516,17169,17685
29,2019-10-10,542,17267,17809
29,2019-10-11,547,17762,18309
29,2019-10-12,181,14034,14215
29,2019-10-13,73,12009,12082
29,2019-10-14,521,17513,18034
29,2019-10-15,538,17702,18240
29,2019-10-16,552,18044,18596
29,2019-10-17,505,17861,18366
29,2019-10-18,542,18246,18788
29,2019-10-19,190,13465,13655
29,2019-10-20,71,10347,10418
29,2019-10-21,531,17257,17788
29,2019-10-22,531,17703,18234
29,2019-10-23,669,17665,18334
29,2019-10-24,628,17891,18519
29,2019-10-25,630,18559,19189
29,2019-10-26,195,14199,14394
29,2019-10-27,74,10736,10810
29,2019-10-28,553,17435,17988
29,2019-10-29,577,18076,18653
29,2019-10-30,679,18129,18808
29,2019-11-01,30,9513,9543
29,2019-11-02,123,13857,13980
29,2019-11-03,50,10075,10125
29,2019-11-04,522,16899,17421
29,2019-11-05,558,17429,17987
29,2019-11-06,584,17438,18022
29,2019-11-07,514,17621,18135
29,2019-11-08,571,18105,18676
29,2019-11-09,172,13538,13710
29,2019-11-10,71,10761,10832
29,2019-11-11,523,16990,17513
29,2019-11-12,510,17309,17819
29,2019-11-13,541,17345,17886
29,2019-11-14,543,17318,17861
29,2019-11-15,473,17879,18352
29,2019-11-16,158,13755,13913
29,2019-11-17,45,10315,10360
29,2019-11-18,455,16656,17111
29,2019-11-19,551,17196,17747
29,2019-11-20,553,16510,17063
29,2019-11-21,601,17400,18001
29,2019-11-22,539,18106,18645
29,2019-11-23,164,13586,13750
29,2019-11-24,30,10627,10657
29,2019-11-25,521,16816,17337
29,2019-11-26,562,17102,17664
29,2019-11-27,448,17472,17920
29,2019-11-28,537,17726,18263
29,2019-11-29,545,18683,19228
29,2019-11-30,195,14067,14262
29,2019-12-01,44,9673,9717
29,2019-12-02,498,17225,17723
29,2019-12-03,547,17486,18033
29,2019-12-04,550,17538,18088
29,2019-12-05,538,17749,18287
30,2019-01-01,26,3469,3495
30,2019-01-02,183,7416,7599
30,2019-01-03,208,8317,8525
30,2019-01-04,235,8350,8585
30,2019-01-05,51,6165,6216
30,2019-01-06,24,4539,4563
30,2019-01-07,261,10022,10283
30,2019-01-08,274,12072,12346
30,2019-01-09,282,11852,12134
30,2019-01-11,300,11019,11319
30,2019-01-12,45,6511,6556
30,2019-01-13,30,4428,4458
30,2019-01-14,332,12158,12490
30,2019-01-15,329,11477,11806
30,2019-01-16,367,10818,11185
30,2019-01-17,318,12542,12860
30,2019-01-18,362,11655,12017
30,2019-01-19,58,6964,7022
30,2019-01-20,17,4892,4909
30,2019-01-21,362,11303,11665
30,2019-01-22,344,10906,11250
30,2019-01-23,299,10021,10320
30,2019-01-25,337,11639,11976
30,2019-01-26,51,6530,6581
30,2019-01-27,12,5248,5260
30,2019-01-28,308,10556,10864
30,2019-01-29,348,10998,11346
30,2019-01-30,198,8902,9100
30,2019-01-31,238,8994,9232
30,2019-02-01,351,10852,11203
30,2019-02-02,82,6702,6784
30,2019-02-03,11,4919,4930
30,2019-02-04,345,11013,11358
30,2019-02-05,385,11878,12263
30,2019-02-06,438,11392,11830
30,2019-02-08,310,11681,11991
30,2019-02-09,70,8380,8450
30,2019-02-11,345,10766,11111
30,2019-02-12,325,11056,11381
30,2019-02-13,337,10469,10806
30,2019-02-14,385,11976,12361
30,2019-02-15,386,11809,12195
30,2019-02-16,104,7106,7210
30,2019-02-17,24,5547,5571
30,2019-02-18,389,9924,10313
30,2019-02-19,367,10271,10638
30,2019-02-20,420,10604,11024
30,2019-02-22,453,10817,11270
30,2019-02-23,110,7236,7346
30,2019-02-24,28,5991,6019
30,2019-02-25,478,11394,11872
30,2019-02-26,422,11855,12277
30,2019-02-27,385,11742,12127
30,2019-02-28,400,12054,12454
30,2019-03-01,417,12455,12872
30,2019-03-02,100,7340,7440
30,2019-03-03,18,5059,5077
30,2019-03-04,364,12052,12416
30,2019-03-05,394,11556,11950
30,2019-03-06,383,11606,11989
30,2019-03-08,410,13574,13984
30,2019-03-09,78,7392,7470
30,2019-03-10,26,5650,5676
30,2019-03-11,376,12358,12734
30,2019-03-12,370,11875,12245
30,2019-03-13,352,11786,12138
30,2019-03-14,290,12616,12906
30,2019-03-15,300,12048,12348
30,2019-03-16,61,7192,7253
30,2019-03-17,8,5654,5662
30,2019-03-18,400,12130,12530
30,2019-03-19,386,11945,12331
30,2019-03-20,397,11132,11529
30,2019-03-22,408,12455,12863
30,2019-03-23,89,8071,8160
30,2019-03-24,20,5704,5724
30,2019-03-25,451,11393,11844
30,2019-03-26,399,11534,11933
30,2019-03-27,445,11613,12058
30,2019-03-28,423,11806,12229
30,2019-03-29,433,12551,12984
30,2019-03-30,94,8215,8309
30,2019-04-01,386,12031,12417
30,2019-04-02,382,12089,12471
30,2019-04-03,449,11522,11971
30,2019-04-05,497,11926,12423
30,2019-04-06,79,7871,7950
30,2019-04-07,22,6080,6102
30,2019-04-08,438,11080,11518
30,2019-04-09,460,11444,11904
30,2019-04-10,408,11158,11566
30,2019-04-11,393,11720,12113
30,2019-04-12,421,12412,12833
30,2019-04-13,84,6709,6793
30,2019-04-14,20,4628,4648
30,2019-04-15,400,11028,11428
30,2019-04-16,383,11489,11872
30,2019-04-17,449,11096,11545
30,2019-04-19,266,11771,12037
30,2019-04-20,85,7705,7790
30,2019-04-21,22,5801,5823
30,2019-04-22,40,5719,5759
30,2019-04-23,431,12302,12733
30,2019-04-24,380,11461,11841
30,2019-04-25,349,12356,12705
30,2019-04-26,400,12733,13133
30,2019-04-27,62,9284,9346
30,2019-04-28,14,6110,6124
30,2019-04-29,433,11898,12331
30,2019-04-30,425,13122,13547
30,2019-05-01,39,6033,6072
30,2019-05-02,376,12124,12500
30,2019-05-03,451,12597,13048
30,2019-05-04,72,8174,8246
30,2019-05-05,12,6528,6540
30,2019-05-06,424,11716,12140
30,2019-05-07,405,12528,12933
30,2019-05-08,298,13608,13906
30,2019-05-10,300,12080,12380
30,2019-05-11,34,7798,7832
30,2019-05-12,22,6048,6070
30,2019-05-13,386,11944,12330
30,2019-05-14,431,12352,12783
30,2019-05-15,358,12136,12494
30,2019-05-17,378,12937,13315
30,2019-05-18,227,10099,10326
30,2019-05-19,41,6791,6832
30,2019-05-20,382,11861,12243
30,2019-05-21,406,11943,12349
30,2019-05-22,456,12004,12460
30,2019-05-23,482,12654,13136
30,2019-05-24,409,12837,13246
30,2019-05-25,97,8431,8528
30,2019-05-26,36,6179,6215
30,2019-05-27,358,12298,12656
30,2019-05-28,404,12620,13024
30,2019-05-29,379,12663,13042
30,2019-05-31,254,9970,10224
30,2019-06-01,104,7488,7592
30,2019-06-02,28,6248,6276
30,2019-06-03,390,11927,12317
30,2019-06-04,395,12419,12814
30,2019-06-05,402,12840,13242
30,2019-06-08,196,8602,8798
30,2019-06-09,44,6581,6625
30,2019-06-10,91,5489,5580
30,2019-06-11,674,12136,12810
30,2019-06-12,564,11266,11830
30,2019-06-13,595,12483,13078
30,2019-06-14,631,12371,13002
30,2019-06-15,357,10204,10561
30,2019-06-16,76,7072,7148
30,2019-06-17,626,11745,12371
30,2019-06-18,635,11982,12617
30,2019-06-19,639,11533,12172
30,2019-06-20,616,12135,12751
30,2019-06-21,633,12520,13153
30,2019-06-22,187,7927,8114
30,2019-06-23,55,6107,6162
30,2019-06-24,561,11887,12448
30,2019-06-25,603,11896,12499
30,2019-06-26,660,11508,12168
30,2019-06-27,732,12540,13272
30,2019-06-28,715,13262,13977
30,2019-06-29,296,11129,11425
30,2019-06-30,87,7322,7409
30,2019-07-01,701,12175,12876
30,2019-07-02,621,12601,13222
30,2019-07-03,708,12387,13095
30,2019-07-04,792,12631,13423
30,2019-07-05,674,12826,13500
30,2019-07-06,153,8261,8414
30,2019-07-07,106,6162,6268
30,2019-07-08,695,11627,12322
30,2019-07-09,693,12124,12817
30,2019-07-10,603,11840,12443
30,2019-07-11,559,12235,12794
30,2019-07-12,654,11645,12299
30,2019-07-13,173,7398,7571
30,2019-07-14,58,5551,5609
30,2019-07-15,715,11346,12061
30,2019-07-16,686,12011,12697
30,2019-07-17,776,11773,12549
30,2019-07-18,651,12164,12815
30,2019-07-19,675,12621,13296
30,2019-07-20,126,7811,7937
30,2019-07-21,52,6181,6233
30,2019-07-22,601,11008,11609
30,2019-07-23,589,11521,12110
30,2019-07-24,630,11329,11959
30,2019-07-25,508,10857,11365
30,2019-07-26,425,10957,11382
30,2019-07-27,109,6544,6653
30,2019-07-28,87,5303,5390
30,2019-07-29,354,9477,9831
30,2019-07-30,363,9751,10114
30,2019-07-31,388,9885,10273
30,2019-08-01,498,10000,10498
30,2019-08-02,435,10417,10852
30,2019-08-03,113,6521,6634
30,2019-08-04,57,5396,5453
30,2019-08-05,372,8972,9344
30,2019-08-06,369,9092,9461
30,2019-08-07,364,8864,9228
30,2019-08-08,338,9220,9558
30,2019-08-09,353,9316,9669
30,2019-08-10,96,6120,6216
30,2019-08-11,50,4599,4649
30,2019-08-12,319,8381,8700
30,2019-08-13,349,8464,8813
30,2019-08-14,302,8919,9221
30,2019-08-15,67,4135,4202
30,2019-08-16,299,7567,7866
30,2019-08-17,84,5062,5146
30,2019-08-18,39,4403,4442
30,2019-08-19,395,9323,9718
30,2019-08-20,400,9865,10265
30,2019-08-21,457,9889,10346
30,2019-08-22,443,10211,10654
30,2019-08-23,439,10593,11032
30,2019-08-24,159,6418,6577
30,2019-08-25,48,5226,5274
30,2019-08-26,477,10094,10571
30,2019-08-27,512,10604,11116
30,2019-08-28,502,10292,10794
30,2019-08-29,622,10963,11585
30,2019-08-30,613,10814,11427
30,2019-08-31,248,6702,6950
30,2019-09-01,50,5755,5805
30,2019-09-02,638,9794,10432
30,2019-09-03,605,10871,11476
30,2019-09-04,608,11299,11907
30,2019-09-05,639,11316,11955
30,2019-09-06,691,11781,12472
30,2019-09-07,202,7430,7632
30,2019-09-08,61,4926,4987
30,2019-09-09,595,10775,11370
30,2019-09-10,581,11386,11967
30,2019-09-11,681,11100,11781
30,2019-09-12,589,12237,12826
30,2019-09-13,637,11794,12431
30,2019-09-14,280,7542,7822
30,2019-09-15,183,8620,8803
30,2019-09-16,520,11292,11812
30,2019-09-17,648,11545,12193
30,2019-09-18,593,11415,12008
30,2019-09-19,567,11785,12352
30,2019-09-20,611,11495,12106
30,2019-09-21,199,7503,7702
30,2019-09-22,65,5232,5297
30,2019-09-23,647,10548,11195
30,2019-09-24,653,9371,10024
30,2019-09-25,634,9964,10598
30,2019-09-26,580,9766,10346
30,2019-09-27,716,11347,12063
30,2019-09-28,152,7824,7976
30,2019-09-29,39,4638,4677
30,2019-09-30,669,11081,11750
30,2019-10-01,578,10527,11105
30,2019-10-02,703,11209,11912
30,2019-10-03,655,11711,12366
30,2019-10-04,593,11074,11667
30,2019-10-05,149,7844,7993
30,2019-10-06,21,4081,4102
30,2019-10-07,580,11276,11856
30,2019-10-08,443,6432,6875
30,2019-10-09,615,9707,10322
30,2019-10-10,599,11533,12132
30,2019-10-11,679,12150,12829
30,2019-10-12,149,7774,7923
30,2019-10-13,31,5889,5920
30,2019-10-14,618,11201,11819
30,2019-10-15,654,9458,10112
30,2019-10-16,704,10344,11048
30,2019-10-17,587,8276,8863
30,2019-10-18,591,11230,11821
30,2019-10-19,113,6529,6642
30,2019-10-20,19,3489,3508
30,2019-10-21,703,10611,11314
30,2019-10-22,675,10980,11655
30,2019-10-23,697,10989,11686
30,2019-10-24,694,11640,12334
30,2019-10-25,832,13582,14414
30,2019-10-26,411,13920,14331
30,2019-10-27,104,9161,9265
30,2019-10-28,600,11275,11875
30,2019-10-29,629,11550,12179
30,2019-10-30,630,11307,11937
30,2019-11-01,109,6279,6388
30,2019-11-02,263,9871,10134
30,2019-11-03,72,7540,7612
30,2019-11-04,484,9988,10472
30,2019-11-05,506,11039,11545
30,2019-11-06,538,8829,9367
30,2019-11-07,524,11190,11714
30,2019-11-08,685,11895,12580
30,2019-11-09,242,9502,9744
30,2019-11-10,28,5268,5296
30,2019-11-11,483,9896,10379
30,2019-11-12,529,10996,11525
30,2019-11-13,527,11033,11560
30,2019-11-14,696,12061,12757
30,2019-11-15,670,12039,12709
30,2019-11-16,164,7828,7992
30,2019-11-17,31,4853,4884
30,2019-11-18,570,10663,11233
30,2019-11-19,598,11737,12335
30,2019-11-20,664,11022,11686
30,2019-11-21,677,11568,12245
30,2019-11-22,627,11680,12307
30,2019-11-23,154,7499,7653
30,2019-11-24,28,5502,5530
30,2019-11-25,696,10799,11495
30,2019-11-26,533,10239,10772
30,2019-11-27,532,9687,10219
30,2019-11-28,575,11978,12553
30,2019-11-29,556,11936,12492
30,2019-11-30,200,7412,7612
30,2019-12-01,32,4727,4759
30,2019-12-02,508,11347,11855
30,2019-12-03,548,11402,11950
30,2019-12-04,565,11376,11941
30,2019-12-05,550,11787,12337
30,2019-12-06,500,11679,12179
30,2019-12-07,130,7363,7493
30,2019-12-08,22,4584,4606
30,2019-12-09,437,11287,11724
30,2019-12-10,526,11806,12332
30,2019-12-11,489,11158,11647
30,2019-12-12,534,11783,12317
30,2019-12-13,511,12201,12712
30,2019-12-14,113,7235,7348
30,2019-12-15,35,5077,5112
30,2019-12-16,487,11215,11702
30,2019-12-17,540,11420,11960
30,2019-12-18,557,11508,12065
30,2019-12-19,512,12051,12563
30,2019-12-20,365,12304,12669
30,2019-12-21,79,7037,7116
30,2019-12-22,16,4738,4754
30,2019-12-23,267,8448,8715
30,2019-12-24,221,7178,7399
30,2019-12-25,16,3844,3860
30,2019-12-26,23,3621,3644
30,2019-12-27,232,6917,7149
30,2019-12-28,89,5539,5628
30,2019-12-29,24,4227,4251
30,2019-12-30,269,7300,7569
30,2019-12-31,265,6671,6936
291,2019-01-01,44,525,569
291,2019-01-02,105,3205,3310
291,2019-01-03,122,3462,3584
291,2019-01-04,120,3546,3666
291,2019-01-05,96,2446,2542
291,2019-01-06,46,1282,1328
291,2019-01-07,156,4273,4429
291,2019-01-08,130,4291,4421
291,2019-01-09,126,4116,4242
291,2019-01-10,152,4341,4493
291,2019-01-12,316,6242,6558
291,2019-01-13,58,1133,1191
291,2019-01-14,146,4502,4648
291,2019-01-15,151,4574,4725
291,2019-01-16,141,4268,4409
291,2019-01-17,136,4452,4588
291,2019-01-18,156,4934,5090
291,2019-01-19,88,2696,2784
291,2019-01-20,49,1299,1348
291,2019-01-21,136,4395,4531
291,2019-01-22,135,4273,4408
291,2019-01-23,131,4081,4212
291,2019-01-24,146,4295,4441
291,2019-01-26,92,2642,2734
291,2019-01-27,44,1194,1238
291,2019-01-28,149,4581,4730
291,2019-01-29,148,4358,4506
291,2019-01-30,126,3980,4106
291,2019-01-31,127,4160,4287
291,2019-02-01,117,4276,4393
291,2019-02-02,93,2645,2738
291,2019-02-03,44,1221,1265
291,2019-02-04,156,4480,4636
291,2019-02-05,159,4304,4463
291,2019-02-06,130,4116,4246
291,2019-02-07,116,4328,4444
291,2019-02-09,90,2686,2776
291,2019-02-10,38,1136,1174
291,2019-02-11,150,4484,4634
291,2019-02-12,157,4260,4417
291,2019-02-13,153,4255,4408
291,2019-02-14,160,4560,4720
291,2019-02-15,151,4246,4397
291,2019-02-16,97,2462,2559
291,2019-02-17,44,1227,1271
291,2019-02-18,164,4083,4247
291,2019-02-19,148,4310,4458
291,2019-02-20,155,4366,4521
291,2019-02-21,171,4173,4344
291,2019-02-23,99,2508,2607
291,2019-02-24,47,1185,1232
291,2019-02-25,167,4684,4851
291,2019-02-26,175,4626,4801
291,2019-02-27,234,4855,5089
291,2019-02-28,164,5126,5290
291,2019-03-01,164,5352,5516
291,2019-03-02,98,3099,3197
291,2019-03-03,42,1268,1310
291,2019-03-04,144,4642,4786
291,2019-03-05,126,5002,5128
291,2019-03-06,134,4716,4850
291,2019-03-07,144,4640,4784
291,2019-03-09,90,2926,3016
291,2019-03-10,42,1062,1104
291,2019-03-11,122,4722,4844
291,2019-03-12,148,4496,4644
291,2019-03-13,194,4376,4570
291,2019-03-15,112,4774,4886
291,2019-03-16,97,2948,3045
291,2019-03-17,56,1168,1224
291,2019-03-18,217,5666,5883
291,2019-03-19,167,4255,4422
291,2019-03-20,213,5036,5249
291,2019-03-21,244,4698,4942
291,2019-03-23,102,2897,2999
291,2019-03-24,50,1214,1264
291,2019-03-25,204,4458,4662
291,2019-03-26,209,4465,4674
291,2019-03-27,222,4497,4719
291,2019-03-28,196,4597,4793
291,2019-03-29,209,4719,4928
291,2019-03-30,97,2892,2989
291,2019-04-01,173,4669,4842
291,2019-04-02,170,4648,4818
291,2019-04-03,258,4496,4754
291,2019-04-04,195,4693,4888
291,2019-04-06,96,2674,2770
291,2019-04-07,44,1202,1246
291,2019-04-08,209,4237,4446
291,2019-04-09,233,4162,4395
291,2019-04-10,189,4053,4242
291,2019-04-11,154,4080,4234
291,2019-04-12,137,4470,4607
291,2019-04-13,208,2495,2703
291,2019-04-14,45,1059,1104
291,2019-04-15,142,3887,4029
291,2019-04-16,126,3864,3990
291,2019-04-17,144,3882,4026
291,2019-04-18,141,3888,4029
291,2019-04-20,98,2361,2459
291,2019-04-21,47,943,990
291,2019-04-22,43,953,996
291,2019-04-23,146,4390,4536
291,2019-04-24,116,4442,4558
291,2019-04-25,142,4682,4824
291,2019-04-26,164,4870,5034
291,2019-04-27,114,3326,3440
291,2019-04-28,59,1498,1557
291,2019-04-29,141,4477,4618
291,2019-04-30,113,3934,4047
291,2019-05-01,46,1213,1259
291,2019-05-02,138,4594,4732
291,2019-05-03,171,4676,4847
291,2019-05-04,97,2863,2960
291,2019-05-05,46,1222,1268
291,2019-05-06,196,4645,4841
291,2019-05-07,197,4538,4735
291,2019-05-08,170,5214,5384
291,2019-05-09,46,1058,1104
291,2019-05-14,158,4947,5105
291,2019-05-15,159,4681,4840
291,2019-05-16,181,4741,4922
291,2019-05-17,196,4743,4939
291,2019-05-18,332,6226,6558
291,2019-05-19,45,1529,1574
291,2019-05-20,200,4858,5058
291,2019-05-21,158,4793,4951
291,2019-05-22,161,4617,4778
291,2019-05-23,183,5068,5251
291,2019-05-24,162,4739,4901
291,2019-05-25,101,2665,2766
291,2019-05-26,48,1554,1602
291,2019-05-27,202,4800,5002
291,2019-05-28,210,4338,4548
291,2019-05-29,166,3915,4081
291,2019-05-30,43,1069,1112
291,2019-05-31,136,3667,3803
291,2019-06-01,86,2321,2407
291,2019-06-02,42,2044,2086
291,2019-06-03,184,4617,4801
291,2019-06-04,162,4439,4601
291,2019-06-05,212,4441,4653
291,2019-06-06,165,4345,4510
291,2019-06-07,175,4653,4828
291,2019-06-08,97,2908,3005
291,2019-06-09,49,1683,1732
291,2019-06-10,43,1088,1131
291,2019-06-11,163,5400,5563
291,2019-06-12,164,4712,4876
291,2019-06-13,163,4733,4896
291,2019-06-14,225,6476,6701
291,2019-06-15,119,4022,4141
291,2019-06-16,43,1318,1361
291,2019-06-17,160,4658,4818
291,2019-06-18,158,4606,4764
291,2019-06-19,164,4416,4580
291,2019-06-20,248,6674,6922
291,2019-06-21,174,4706,4880
291,2019-06-22,83,2424,2507
291,2019-06-23,43,981,1024
291,2019-06-24,171,4727,4898
291,2019-06-25,154,5079,5233
291,2019-06-26,156,4659,4815
291,2019-06-27,164,4842,5006
291,2019-06-28,176,5172,5348
291,2019-06-29,95,3177,3272
291,2019-06-30,50,1853,1903
291,2019-07-01,176,4813,4989
291,2019-07-02,181,4811,4992
291,2019-07-03,184,4852,5036
291,2019-07-04,163,4912,5075
291,2019-07-05,195,4807,5002
291,2019-07-06,85,3909,3994
291,2019-07-07,45,2332,2377
291,2019-07-08,197,4994,5191
291,2019-07-09,201,5463,5664
291,2019-07-10,163,5286,5449
291,2019-07-11,168,4780,4948
291,2019-07-12,198,4505,4703
291,2019-07-13,96,2916,3012
291,2019-07-14,47,1289,1336
291,2019-07-15,185,4210,4395
291,2019-07-16,209,4301,4510
291,2019-07-17,246,5181,5427
291,2019-07-18,192,4155,4347
291,2019-07-19,184,4117,4301
291,2019-07-20,87,2571,2658
291,2019-07-21,43,1480,1523
291,2019-07-22,151,4098,4249
291,2019-07-23,160,4088,4248
291,2019-07-24,162,3945,4107
291,2019-07-25,143,4142,4285
291,2019-07-26,154,3829,3983
291,2019-07-27,85,2323,2408
291,2019-07-28,44,1152,1196
291,2019-07-29,142,3796,3938
291,2019-07-30,140,3768,3908
291,2019-07-31,138,3732,3870
291,2019-08-01,145,3626,3771
291,2019-08-02,159,3565,3724
291,2019-08-03,84,2041,2125
291,2019-08-04,43,1051,1094
291,2019-08-05,154,3140,3294
291,2019-08-06,158,3577,3735
291,2019-08-07,145,3154,3299
291,2019-08-08,153,3718,3871
291,2019-08-09,148,3230,3378
291,2019-08-10,86,1805,1891
291,2019-08-11,43,971,1014
291,2019-08-12,159,3116,3275
291,2019-08-13,149,3028,3177
291,2019-08-14,142,3122,3264
291,2019-08-15,42,908,950
291,2019-08-16,134,2749,2883
291,2019-08-17,84,1866,1950
291,2019-08-18,44,981,1025
291,2019-08-19,153,3294,3447
291,2019-08-20,146,3465,3611
291,2019-08-21,166,3245,3411
291,2019-08-22,160,3268,3428
291,2019-08-23,153,3381,3534
291,2019-08-24,81,1872,1953
291,2019-08-25,45,967,1012
291,2019-08-26,147,3586,3733
291,2019-08-27,156,3630,3786
291,2019-08-28,150,3478,3628
291,2019-08-29,148,3759,3907
291,2019-08-30,158,3614,3772
291,2019-08-31,84,2006,2090
291,2019-09-01,46,1000,1046
291,2019-09-02,142,3702,3844
291,2019-09-03,145,3792,3937
291,2019-09-04,169,3628,3797
291,2019-09-05,160,3803,3963
291,2019-09-06,218,3992,4210
291,2019-09-07,120,2669,2789
291,2019-09-08,46,1072,1118
291,2019-09-09,229,4086,4315
291,2019-09-10,181,4079,4260
291,2019-09-11,173,3934,4107
291,2019-09-12,131,3914,4045
291,2019-09-13,175,4061,4236
291,2019-09-14,89,2493,2582
291,2019-09-15,46,1358,1404
291,2019-09-16,181,4790,4971
291,2019-09-17,186,4864,5050
291,2019-09-18,164,4571,4735
291,2019-09-19,173,4546,4719
291,2019-09-20,168,4530,4698
291,2019-09-21,85,2698,2783
291,2019-09-22,46,1133,1179
291,2019-09-23,157,4730,4887
291,2019-09-24,160,4831,4991
291,2019-09-25,152,4648,4800
291,2019-09-26,137,5497,5634
291,2019-09-27,187,5312,5499
291,2019-09-28,83,2849,2932
291,2019-09-29,50,1301,1351
291,2019-09-30,182,4941,5123
291,2019-10-01,142,5022,5164
291,2019-10-02,168,4793,4961
291,2019-10-03,164,5042,5206
291,2019-10-04,148,5141,5289
291,2019-10-05,94,3238,3332
291,2019-10-06,43,1636,1679
291,2019-10-07,186,6493,6679
291,2019-10-08,173,5972,6145
291,2019-10-09,202,5075,5277
291,2019-10-10,204,5000,5204
291,2019-10-11,245,5938,6183
291,2019-10-12,90,3338,3428
291,2019-10-13,44,1627,1671
291,2019-10-14,194,5020,5214
291,2019-10-15,162,5006,5168
291,2019-10-16,162,5123,5285
291,2019-10-17,159,4992,5151
291,2019-10-18,184,5216,5400
291,2019-10-19,86,3125,3211
291,2019-10-20,58,1789,1847
291,2019-10-21,201,4874,5075
291,2019-10-22,185,4694,4879
291,2019-10-23,194,4588,4782
291,2019-10-24,171,4961,5132
291,2019-10-25,168,5340,5508
291,2019-10-26,89,2998,3087
291,2019-10-27,45,1525,1570
291,2019-10-28,165,5904,6069
291,2019-10-29,168,5455,5623
291,2019-10-30,160,5110,5270
291,2019-11-01,43,1267,1310
291,2019-11-02,93,3191,3284
291,2019-11-03,49,1473,1522
291,2019-11-04,182,5299,5481
291,2019-11-05,177,5021,5198
291,2019-11-06,167,5115,5282
291,2019-11-07,173,5127,5300
291,2019-11-08,196,5113,5309
291,2019-11-09,89,3990,4079
291,2019-11-10,49,1409,1458
291,2019-11-11,156,5266,5422
291,2019-11-12,156,5264,5420
291,2019-11-13,189,5077,5266
291,2019-11-14,195,5142,5337
291,2019-11-15,193,5215,5408
291,2019-11-16,97,3750,3847
291,2019-11-17,49,1251,1300
291,2019-11-18,215,5067,5282
291,2019-11-19,212,4941,5153
291,2019-11-20,219,5166,5385
291,2019-11-21,208,5588,5796
291,2019-11-22,185,5073,5258
291,2019-11-23,91,2923,3014
291,2019-11-24,47,1456,1503
291,2019-11-25,171,5145,5316
291,2019-11-26,176,5732,5908
291,2019-11-27,199,5421,5620
291,2019-11-28,182,5335,5517
291,2019-11-29,196,6879,7075
291,2019-11-30,110,3662,3772
291,2019-12-01,48,2132,2180
291,2019-12-02,239,6242,6481
291,2019-12-03,253,6635,6888
291,2019-12-04,229,6369,6598
291,2019-12-05,174,5620,5794
291,2019-12-06,174,5373,5547
291,2019-12-07,87,3124,3211
291,2019-12-08,43,1789,1832
291,2019-12-09,168,5243,5411
291,2019-12-10,190,5231,5421
291,2019-12-11,198,5267,5465
291,2019-12-12,216,5740,5956
291,2019-12-13,184,5336,5520
291,2019-12-14,89,3385,3474
291,2019-12-15,45,2057,2102
291,2019-12-16,185,5208,5393
291,2019-12-17,208,5763,5971
291,2019-12-18,186,5409,5595
291,2019-12-19,183,5429,5612
291,2019-12-20,169,5444,5613
291,2019-12-21,89,3379,3468
291,2019-12-22,47,2302,2349
291,2019-12-23,146,5113,5259
291,2019-12-24,116,3504,3620
291,2019-12-25,30,446,476
291,2019-12-26,35,707,742
291,2019-12-27,150,3660,3810
291,2019-12-28,95,2659,2754
291,2019-12-29,49,1339,1388
291,2019-12-30,135,3820,3955
291,2019-12-31,145,2784,2929
304,2019-01-01,42,4307,4349
304,2019-01-02,623,10042,10665
304,2019-01-03,658,10714,11372
304,2019-01-04,678,11294,11972
304,2019-01-05,253,8736,8989
304,2019-01-06,65,6375,6440
304,2019-01-07,823,12047,12870
304,2019-01-08,792,12340,13132
304,2019-01-09,792,12462,13254
304,2019-01-10,815,13091,13906
304,2019-01-11,829,13155,13984
304,2019-01-12,302,9998,10300
304,2019-01-13,68,5587,5655
304,2019-01-14,952,12653,13605
304,2019-01-15,987,12620,13607
304,2019-01-16,946,12476,13422
304,2019-01-17,867,12681,13548
304,2019-01-18,934,13366,14300
304,2019-01-19,325,10466,10791
304,2019-01-20,68,5864,5932
304,2019-01-21,980,12392,13372
304,2019-01-22,961,12037,12998
304,2019-01-23,939,11832,12771
304,2019-01-24,972,12469,13441
304,2019-01-25,1017,13334,14351
304,2019-01-26,285,9636,9921
304,2019-01-27,71,6043,6114
304,2019-01-28,915,11748,12663
304,2019-01-29,892,12582,13474
304,2019-01-30,685,10125,10810
304,2019-01-31,737,11336,12073
304,2019-02-01,841,12964,13805
304,2019-02-02,289,9524,9813
304,2019-02-03,54,5764,5818
304,2019-02-04,930,12316,13246
304,2019-02-05,958,12763,13721
304,2019-02-06,1000,12903,13903
304,2019-02-07,974,12906,13880
304,2019-02-08,951,13209,14160
304,2019-02-09,362,10008,10370
304,2019-02-10,99,5487,5586
304,2019-02-11,1051,12400,13451
304,2019-02-12,1018,12900,13918
304,2019-02-13,958,12673,13631
304,2019-02-14,1004,13430,14434
304,2019-02-15,969,13859,14828
304,2019-02-16,295,9428,9723
304,2019-02-17,69,5952,6021
304,2019-02-18,911,11609,12520
304,2019-02-19,867,11940,12807
304,2019-02-20,872,12098,12970
304,2019-02-21,931,12515,13446
304,2019-02-22,965,13088,14053
304,2019-02-23,337,9221,9558
304,2019-02-24,72,5882,5954
304,2019-02-25,962,12429,13391
304,2019-02-26,986,12938,13924
304,2019-02-27,1039,12842,13881
304,2019-02-28,991,13136,14127
304,2019-03-01,999,13491,14490
304,2019-03-02,350,10682,11032
304,2019-03-03,95,5933,6028
304,2019-03-04,949,12276,13225
304,2019-03-05,893,12716,13609
304,2019-03-06,972,12780,13752
304,2019-03-07,972,13207,14179
304,2019-03-08,1080,13702,14782
304,2019-03-09,370,10833,11203
304,2019-03-10,134,5982,6116
304,2019-03-11,1238,12738,13976
304,2019-03-12,1049,12742,13791
304,2019-03-13,1004,12828,13832
304,2019-03-14,845,12638,13483
304,2019-03-15,874,13373,14247
304,2019-03-16,333,10671,11004
304,2019-03-17,85,5974,6059
304,2019-03-18,1013,12593,13606
304,2019-03-19,919,12862,13781
304,2019-03-20,975,13065,14040
304,2019-03-21,975,13311,14286
304,2019-03-22,1039,13858,14897
304,2019-03-23,357,10999,11356
304,2019-03-24,96,6546,6642
304,2019-03-25,1095,12811,13906
304,2019-03-26,1092,13045,14137
304,2019-03-27,1075,13040,14115
304,2019-03-28,1133,13398,14531
304,2019-03-29,1054,14006,15060
304,2019-03-30,385,11183,11568
304,2019-04-01,1117,12741,13858
304,2019-04-02,1089,13330,14419
304,2019-04-03,1031,12935,13966
304,2019-04-04,1001,13619,14620
304,2019-04-05,1023,13845,14868
304,2019-04-06,373,10462,10835
304,2019-04-07,88,6182,6270
304,2019-04-08,972,12721,13693
304,2019-04-09,939,13148,14087
304,2019-04-10,886,12711,13597
304,2019-04-11,968,13135,14103
304,2019-04-12,1046,13534,14580
304,2019-04-13,358,9503,9861
304,2019-04-14,75,5524,5599
304,2019-04-15,983,12526,13509
304,2019-04-16,979,13077,14056
304,2019-04-17,1025,12996,14021
304,2019-04-18,1021,13488,14509
304,2019-04-19,973,13443,14416
304,2019-04-20,356,9386,9742
304,2019-04-21,55,6436,6491
304,2019-04-22,111,6273,6384
304,2019-04-23,985,13407,14392
304,2019-04-24,1016,13441,14457
304,2019-04-25,935,13689,14624
304,2019-04-26,1075,14580,15655
304,2019-04-27,378,10660,11038
304,2019-04-28,99,6396,6495
304,2019-04-29,1048,13025,14073
304,2019-04-30,1085,14262,15347
304,2019-05-01,93,6077,6170
304,2019-05-02,1020,13647,14667
304,2019-05-03,1062,14155,15217
304,2019-05-04,300,9828,10128
304,2019-05-05,63,6196,6259
304,2019-05-06,1000,12587,13587
304,2019-05-07,1084,13191,14275
304,2019-05-08,983,13739,14722
304,2019-05-09,197,5529,5726
304,2019-05-10,964,14000,14964
304,2019-05-11,372,10735,11107
304,2019-05-12,125,7192,7317
304,2019-05-13,1021,13131,14152
304,2019-05-14,1008,13581,14589
304,2019-05-15,968,13015,13983
304,2019-05-16,1015,14194,15209
304,2019-05-17,1032,14401,15433
304,2019-05-18,353,9345,9698
304,2019-05-19,85,5760,5845
304,2019-05-20,999,12618,13617
304,2019-05-21,1009,13147,14156
304,2019-05-22,930,13444,14374
304,2019-05-23,949,13413,14362
304,2019-05-24,986,14064,15050
304,2019-05-25,429,10071,10500
304,2019-05-26,83,6547,6630
304,2019-05-27,990,12641,13631
304,2019-05-28,1091,12900,13991
304,2019-05-29,1010,13503,14513
304,2019-05-30,108,6107,6215
304,2019-05-31,790,12289,13079
304,2019-06-01,405,9239,9644
304,2019-06-02,124,6577,6701
304,2019-06-03,1005,12795,13800
304,2019-06-04,993,13077,14070
304,2019-06-05,1013,12983,13996
304,2019-06-06,984,13850,14834
304,2019-06-07,1057,14519,15576
304,2019-06-08,503,14294,14797
304,2019-06-09,129,10077,10206
304,2019-06-10,142,7822,7964
304,2019-06-11,1016,13335,14351
304,2019-06-12,1011,12873,13884
304,2019-06-13,1050,13103,14153
304,2019-06-14,1080,13656,14736
304,2019-06-15,370,11277,11647
304,2019-06-16,110,7133,7243
304,2019-06-17,973,12732,13705
304,2019-06-18,1001,13103,14104
304,2019-06-19,1000,12980,13980
304,2019-06-20,1041,13803,14844
304,2019-06-21,1011,14151,15162
304,2019-06-22,355,10434,10789
304,2019-06-23,76,6451,6527
304,2019-06-24,936,12856,13792
304,2019-06-25,965,13230,14195
304,2019-06-26,1009,13272,14281
304,2019-06-27,1005,13561,14566
304,2019-06-28,1062,14544,15606
304,2019-06-29,390,11625,12015
304,2019-06-30,86,8532,8618
304,2019-07-01,1026,13091,14117
304,2019-07-02,1184,13375,14559
304,2019-07-03,1057,13225,14282
304,2019-07-04,1038,13437,14475
304,2019-07-05,1103,14092,15195
304,2019-07-06,468,11707,12175
304,2019-07-07,101,6994,7095
304,2019-07-08,1125,12850,13975
304,2019-07-09,1030,13287,14317
304,2019-07-10,989,13526,14515
304,2019-07-11,993,13517,14510
304,2019-07-12,1103,13505,14608
304,2019-07-13,389,10406,10795
304,2019-07-14,71,6364,6435
304,2019-07-15,1066,12997,14063
304,2019-07-16,1060,13298,14358
304,2019-07-17,1010,13597,14607
304,2019-07-18,941,13005,13946
304,2019-07-19,986,13314,14300
304,2019-07-20,357,9280,9637
304,2019-07-21,89,6039,6128
304,2019-07-22,904,12669,13573
304,2019-07-23,956,13043,13999
304,2019-07-24,916,13159,14075
304,2019-07-25,803,12945,13748
304,2019-07-26,734,12442,13176
304,2019-07-27,263,8591,8854
304,2019-07-28,66,5421,5487
304,2019-07-29,727,11465,12192
304,2019-07-30,716,11479,12195
304,2019-07-31,720,11709,12429
304,2019-08-01,741,11589,12330
304,2019-08-02,776,11815,12591
304,2019-08-03,284,8228,8512
304,2019-08-04,66,5620,5686
304,2019-08-05,701,10575,11276
304,2019-08-06,683,10768,11451
304,2019-08-07,722,10861,11583
304,2019-08-08,718,10869,11587
304,2019-08-09,725,10999,11724
304,2019-08-10,362,7344,7706
304,2019-08-11,112,5226,5338
304,2019-08-12,786,10216,11002
304,2019-08-13,705,10563,11268
304,2019-08-14,719,10654,11373
304,2019-08-15,109,4790,4899
304,2019-08-16,646,9959,10605
304,2019-08-17,239,7341,7580
304,2019-08-18,77,4799,4876
304,2019-08-19,839,11400,12239
304,2019-08-20,878,12075,12953
304,2019-08-21,868,12528,13396
304,2019-08-22,815,11955,12770
304,2019-08-23,810,12181,12991
304,2019-08-24,296,8560,8856
304,2019-08-25,118,6514,6632
304,2019-08-26,865,9741,10606
304,2019-08-27,860,9366,10226
304,2019-08-28,801,7567,8368
304,2019-08-29,781,7579,8360
304,2019-08-30,861,7735,8596
304,2019-08-31,310,6533,6843
304,2019-09-01,93,6817,6910
304,2019-09-02,947,11865,12812
304,2019-09-03,965,12136,13101
304,2019-09-04,1099,12186,13285
304,2019-09-05,1031,12436,13467
304,2019-09-06,1063,12670,13733
304,2019-09-07,366,8676,9042
304,2019-09-08,83,6038,6121
304,2019-09-09,1008,12727,13735
304,2019-09-10,1038,12938,13976
304,2019-09-11,1030,12913,13943
304,2019-09-12,948,12877,13825
304,2019-09-13,1043,13409,14452
304,2019-09-14,357,9717,10074
304,2019-09-15,94,7067,7161
304,2019-09-16,1031,12871,13902
304,2019-09-17,1031,13238,14269
304,2019-09-18,1034,13030,14064
304,2019-09-19,1012,12697,13709
304,2019-09-20,1092,13743,14835
304,2019-09-21,354,10510,10864
304,2019-09-22,81,7023,7104
304,2019-09-23,985,11936,12921
304,2019-09-24,845,12065,12910
304,2019-09-25,894,11951,12845
304,2019-09-26,905,12226,13131
304,2019-09-27,963,13277,14240
304,2019-09-28,377,10487,10864
304,2019-09-29,106,6492,6598
304,2019-09-30,987,12308,13295
304,2019-10-01,977,12840,13817
304,2019-10-02,990,12540,13530
304,2019-10-03,914,12774,13688
304,2019-10-04,981,13016,13997
304,2019-10-05,359,10997,11356
304,2019-10-06,79,6695,6774
304,2019-10-07,910,12026,12936
304,2019-10-08,885,12247,13132
304,2019-10-09,948,12093,13041
304,2019-10-10,1012,13358,14370
304,2019-10-11,959,13194,14153
304,2019-10-12,459,10477,10936
304,2019-10-13,72,7006,7078
304,2019-10-14,960,12115,13075
304,2019-10-15,924,12419,13343
304,2019-10-16,902,12380,13282
304,2019-10-17,992,12713,13705
304,2019-10-18,870,13091,13961
304,2019-10-19,363,10877,11240
304,2019-10-20,57,7243,7300
304,2019-10-21,945,12030,12975
304,2019-10-22,891,12327,13218
304,2019-10-23,937,12576,13513
304,2019-10-24,1016,12639,13655
304,2019-10-25,1034,13596,14630
304,2019-10-26,414,11323,11737
304,2019-10-27,86,6371,6457
304,2019-10-28,974,12399,13373
304,2019-10-29,951,12915,13866
304,2019-10-30,984,13167,14151
304,2019-11-01,104,6446,6550
304,2019-11-02,383,9974,10357
304,2019-11-03,48,5779,5827
304,2019-11-04,956,11988,12944
304,2019-11-05,963,12486,13449
304,2019-11-06,923,12695,13618
304,2019-11-07,946,12977,13923
304,2019-11-08,934,13256,14190
304,2019-11-09,348,11240,11588
304,2019-11-10,64,6691,6755
304,2019-11-11,936,13123,14059
304,2019-11-12,1004,12947,13951
304,2019-11-13,1030,13099,14129
304,2019-11-14,1034,13852,14886
304,2019-11-15,972,14150,15122
304,2019-11-16,386,10753,11139
304,2019-11-17,85,6590,6675
304,2019-11-18,897,11690,12587
304,2019-11-19,936,12355,13291
304,2019-11-20,971,12570,13541
304,2019-11-21,976,12663,13639
304,2019-11-22,947,13295,14242
304,2019-11-23,363,10467,10830
304,2019-11-24,69,6922,6991
304,2019-11-25,898,12157,13055
304,2019-11-26,865,12189,13054
304,2019-11-27,845,12646,13491
304,2019-11-28,879,13009,13888
304,2019-11-29,908,14533,15441
304,2019-11-30,341,11231,11572
304,2019-12-01,58,7094,7152
304,2019-12-02,902,12307,13209
304,2019-12-03,905,12403,13308
304,2019-12-04,939,12773,13712
304,2019-12-05,932,13202,14134
304,2019-12-06,929,13363,14292
304,2019-12-07,305,10557,10862
304,2019-12-08,57,7169,7226
304,2019-12-09,907,12299,13206
304,2019-12-10,906,12616,13522
304,2019-12-11,853,12269,13122
304,2019-12-12,887,12836,13723
304,2019-12-13,915,13121,14036
304,2019-12-14,360,11175,11535
304,2019-12-15,72,8078,8150
304,2019-12-16,922,12224,13146
304,2019-12-17,930,12866,13796
304,2019-12-18,1002,14018,15020
304,2019-12-19,826,13545,14371
304,2019-12-20,836,14411,15247
304,2019-12-21,256,9933,10189
304,2019-12-22,52,7308,7360
304,2019-12-23,608,12174,12782
304,2019-12-24,450,9017,9467
304,2019-12-25,26,4603,4629
304,2019-12-26,71,4754,4825
304,2019-12-27,507,10008,10515
304,2019-12-28,255,8223,8478
304,2019-12-29,52,6288,6340
304,2019-12-30,587,9800,10387
304,2019-12-31,469,8567,9036
345,2019-01-01,11,4656,4667
345,2019-01-02,218,8765,8983
345,2019-01-03,204,8850,9054
345,2019-01-04,225,9416,9641
345,2019-01-05,140,7273,7413
345,2019-01-06,23,5798,5821
345,2019-01-07,273,10442,10715
345,2019-01-08,276,11107,11383
345,2019-01-09,287,10841,11128
345,2019-01-10,290,11485,11775
345,2019-01-11,295,11714,12009
345,2019-01-12,133,8843,8976
345,2019-01-13,24,5891,5915
345,2019-01-14,354,11411,11765
345,2019-01-15,372,11462,11834
345,2019-01-16,377,11650,12027
345,2019-01-17,344,12019,12363
345,2019-01-18,360,12175,12535
345,2019-01-19,156,8531,8687
345,2019-01-20,51,6174,6225
345,2019-01-21,396,11590,11986
345,2019-01-22,378,11938,12316
345,2019-01-23,356,11401,11757
345,2019-01-24,318,11792,12110
345,2019-01-25,362,12104,12466
345,2019-01-26,137,8332,8469
345,2019-01-27,14,6038,6052
345,2019-01-28,341,11122,11463
345,2019-01-29,335,11846,12181
345,2019-01-30,293,10264,10557
345,2019-01-31,314,10951,11265
345,2019-02-01,352,11894,12246
345,2019-02-02,130,8823,8953
345,2019-02-03,20,6422,6442
345,2019-02-04,325,11273,11598
345,2019-02-05,362,12470,12832
345,2019-02-06,391,11924,12315
345,2019-02-07,353,12145,12498
345,2019-02-08,388,12342,12730
345,2019-02-09,145,8997,9142
345,2019-02-10,39,6027,6066
345,2019-02-11,431,11436,11867
345,2019-02-12,406,11720,12126
345,2019-02-13,379,11791,12170
345,2019-02-14,391,12337,12728
345,2019-02-15,390,12458,12848
345,2019-02-16,160,8392,8552
345,2019-02-17,33,6188,6221
345,2019-02-18,319,10274,10593
345,2019-02-19,317,10984,11301
345,2019-02-20,353,11094,11447
345,2019-02-21,330,10853,11183
345,2019-02-22,313,11336,11649
345,2019-02-23,140,8129,8269
345,2019-02-24,198,7095,7293
345,2019-02-25,343,11764,12107
345,2019-02-26,359,12543,12902
345,2019-02-27,405,11628,12033
345,2019-02-28,374,12529,12903
345,2019-03-01,386,13089,13475
345,2019-03-02,145,9681,9826
345,2019-03-03,182,6986,7168
345,2019-03-04,404,11424,11828
345,2019-03-05,385,12292,12677
345,2019-03-06,372,12309,12681
345,2019-03-07,417,12730,13147
345,2019-03-08,411,12733,13144
345,2019-03-09,433,9142,9575
345,2019-03-10,217,6662,6879
345,2019-03-11,374,12860,13234
345,2019-03-12,365,12124,12489
345,2019-03-13,404,11741,12145
345,2019-03-14,404,12764,13168
345,2019-03-15,392,12482,12874
345,2019-03-16,155,8853,9008
345,2019-03-17,170,7059,7229
345,2019-03-18,385,11778,12163
345,2019-03-19,361,12327,12688
345,2019-03-20,399,11889,12288
345,2019-03-21,347,12761,13108
345,2019-03-22,395,12219,12614
345,2019-03-23,148,9032,9180
345,2019-03-24,36,6752,6788
345,2019-03-25,397,11834,12231
345,2019-03-26,376,11833,12209
345,2019-03-27,457,12144,12601
345,2019-03-28,346,12674,13020
345,2019-03-29,405,12766,13171
345,2019-03-30,155,10195,10350
345,2019-04-01,421,12048,12469
345,2019-04-02,361,12075,12436
345,2019-04-03,383,12512,12895
345,2019-04-04,403,12850,13253
345,2019-04-05,467,12959,13426
345,2019-04-06,168,9000,9168
345,2019-04-07,32,6660,6692
345,2019-04-08,349,10804,11153
345,2019-04-09,398,11375,11773
345,2019-04-10,409,11225,11634
345,2019-04-11,357,11233,11590
345,2019-04-12,420,11768,12188
345,2019-04-13,163,8258,8421
345,2019-04-14,34,6049,6083
345,2019-04-15,362,10721,11083
345,2019-04-16,350,10884,11234
345,2019-04-17,332,10874,11206
345,2019-04-18,362,11650,12012
345,2019-04-19,336,11947,12283
345,2019-04-20,142,8734,8876
345,2019-04-21,17,6970,6987
345,2019-04-22,36,6828,6864
345,2019-04-23,406,12162,12568
345,2019-04-24,490,11780,12270
345,2019-04-25,394,12824,13218
345,2019-04-26,417,12618,13035
345,2019-04-27,192,9813,10005
345,2019-04-28,27,6720,6747
345,2019-04-29,402,12305,12707
345,2019-04-30,409,12690,13099
345,2019-05-01,31,7386,7417
345,2019-05-02,448,12524,12972
345,2019-05-03,418,12465,12883
345,2019-05-04,167,8562,8729
345,2019-05-05,31,6867,6898
345,2019-05-06,371,11973,12344
345,2019-05-07,404,12384,12788
345,2019-05-08,419,13197,13616
345,2019-05-09,38,5825,5863
345,2019-05-10,365,11174,11539
345,2019-05-11,238,8898,9136
345,2019-05-12,47,6824,6871
345,2019-05-13,444,12702,13146
345,2019-05-14,418,12535,12953
345,2019-05-15,426,12825,13251
345,2019-05-16,391,12772,13163
345,2019-05-17,427,13317,13744
345,2019-05-18,497,13096,13593
345,2019-05-19,236,9196,9432
345,2019-05-20,407,13338,13745
345,2019-05-21,453,13054,13507
345,2019-05-22,421,12569,12990
345,2019-05-23,411,12959,13370
345,2019-05-24,414,12828,13242
345,2019-05-25,187,9194,9381
345,2019-05-26,32,7258,7290
345,2019-05-27,340,11124,11464
345,2019-05-28,368,12370,12738
345,2019-05-29,364,12827,13191
345,2019-05-30,41,6469,6510
345,2019-05-31,255,10805,11060
345,2019-06-01,155,8678,8833
345,2019-06-02,49,7145,7194
345,2019-06-03,374,12215,12589
345,2019-06-04,391,12922,13313
345,2019-06-05,483,12717,13200
345,2019-06-06,430,13140,13570
345,2019-06-07,424,13118,13542
345,2019-06-08,228,12728,12956
345,2019-06-09,170,9379,9549
345,2019-06-10,56,7490,7546
345,2019-06-11,445,12551,12996
345,2019-06-12,435,12860,13295
345,2019-06-13,426,13006,13432
345,2019-07-03,422,12993,13415
345,2019-07-04,424,12383,12807
345,2019-07-05,392,11847,12239
345,2019-07-06,225,10454,10679
345,2019-07-07,52,7033,7085
345,2019-07-08,387,12298,12685
345,2019-07-09,386,12635,13021
345,2019-07-10,403,12473,12876
345,2019-07-11,357,12777,13134
345,2019-07-12,404,13232,13636
345,2019-07-13,436,9904,10340
345,2019-07-14,213,7098,7311
345,2019-07-15,812,12562,13374
345,2019-07-16,716,12783,13499
345,2019-07-17,789,13432,14221
345,2019-07-18,842,13297,14139
345,2019-07-19,790,13348,14138
345,2019-07-20,407,9304,9711
345,2019-07-21,261,7248,7509
345,2019-07-22,387,11557,11944
345,2019-07-23,464,12952,13416
345,2019-07-24,389,11849,12238
345,2019-07-25,362,11731,12093
345,2019-07-26,291,11714,12005
345,2019-07-27,137,7516,7653
345,2019-07-28,61,5941,6002
345,2019-07-29,264,10541,10805
345,2019-07-30,272,10381,10653
345,2019-07-31,272,10937,11209
345,2019-08-01,285,10667,10952
345,2019-08-02,283,10882,11165
345,2019-08-03,147,7236,7383
345,2019-08-04,63,5950,6013
345,2019-08-05,260,9964,10224
345,2019-08-06,279,9755,10034
345,2019-08-07,262,9569,9831
345,2019-08-08,251,10058,10309
345,2019-08-09,249,9717,9966
345,2019-08-10,117,6729,6846
345,2019-08-11,41,5380,5421
345,2019-08-12,252,9215,9467
345,2019-08-13,230,9237,9467
345,2019-08-14,244,9381,9625
345,2019-08-15,42,4908,4950
345,2019-08-16,268,8452,8720
345,2019-08-17,125,6284,6409
345,2019-08-18,48,5056,5104
345,2019-08-19,682,10182,10864
345,2019-08-20,700,10831,11531
345,2019-08-21,657,10517,11174
345,2019-08-22,654,10938,11592
345,2019-08-23,682,11179,11861
345,2019-08-24,134,7261,7395
345,2019-08-25,33,6153,6186
345,2019-08-26,322,10777,11099
345,2019-08-27,353,11683,12036
345,2019-08-28,381,11309,11690
345,2019-08-29,374,11651,12025
345,2019-08-30,367,11594,11961
345,2019-08-31,156,7898,8054
345,2019-09-01,50,6204,6254
345,2019-09-02,366,10602,10968
345,2019-09-03,396,11538,11934
345,2019-09-04,338,11361,11699
345,2019-09-05,363,11775,12138
345,2019-09-06,402,12044,12446
345,2019-09-07,146,7898,8044
345,2019-09-26,459,12656,13115
345,2019-09-27,404,12859,13263
345,2019-09-28,160,9275,9435
345,2019-09-29,40,6593,6633
345,2019-09-30,420,12284,12704
345,2019-10-01,429,12852,13281
345,2019-10-02,429,12714,13143
345,2019-10-03,420,12498,12918
345,2019-10-04,432,12591,13023
345,2019-10-05,155,9355,9510
345,2019-10-06,31,6286,6317
345,2019-10-07,430,12371,12801
345,2019-10-08,412,12817,13229
345,2019-10-09,398,12045,12443
345,2019-10-10,409,12780,13189
345,2019-10-11,407,12788,13195
345,2019-10-12,398,9875,10273
345,2019-10-13,259,8025,8284
345,2019-10-14,413,11825,12238
345,2019-10-15,408,12504,12912
345,2019-10-16,378,11885,12263
345,2019-10-17,420,12634,13054
345,2019-10-18,398,12681,13079
345,2019-10-19,439,10017,10456
345,2019-10-20,222,7151,7373
345,2019-10-21,429,11886,12315
345,2019-10-22,408,11945,12353
345,2019-10-23,433,12181,12614
345,2019-10-24,419,12326,12745
345,2019-10-25,504,13276,13780
345,2019-10-26,763,15283,16046
345,2019-10-27,361,10607,10968
345,2019-10-28,424,11415,11839
345,2019-10-29,418,11900,12318
345,2019-10-30,363,10074,10437
345,2019-11-01,99,8961,9060
345,2019-11-02,299,11181,11480
345,2019-11-03,79,8509,8588
345,2019-11-04,414,12168,12582
345,2019-11-05,374,12558,12932
345,2019-11-06,438,12153,12591
345,2019-11-07,418,12590,13008
345,2019-11-08,409,13107,13516
345,2019-11-09,163,9737,9900
345,2019-11-10,31,6853,6884
345,2019-11-11,390,13401,13791
345,2019-11-12,423,13689,14112
345,2019-11-13,455,12527,12982
345,2019-11-14,543,13722,14265
345,2019-11-15,411,12280,12691
345,2019-11-16,361,9347,9708
345,2019-11-17,225,6655,6880
345,2019-11-18,371,12081,12452
345,2019-11-19,372,12337,12709
345,2019-11-20,421,12158,12579
345,2019-11-21,403,12303,12706
345,2019-11-22,366,12559,12925
345,2019-11-23,165,9264,9429
345,2019-11-24,28,6676,6704
345,2019-11-25,386,11658,12044
345,2019-11-26,395,12237,12632
345,2019-11-27,392,11924,12316
345,2019-11-28,375,12512,12887
345,2019-11-29,368,12904,13272
345,2019-11-30,156,9040,9196
345,2019-12-01,30,6456,6486
345,2019-12-02,368,12206,12574
345,2019-12-03,364,12349,12713
345,2019-12-04,438,12156,12594
345,2019-12-05,392,12902,13294
345,2019-12-06,387,12567,12954
345,2019-12-07,138,8844,8982
345,2019-12-08,25,6412,6437
345,2019-12-09,344,11665,12009
345,2019-12-10,393,12310,12703
345,2019-12-11,363,11003,11366
345,2019-12-12,385,11958,12343
345,2019-12-13,340,12349,12689
345,2019-12-14,423,9326,9749
345,2019-12-15,201,7000,7201
345,2019-12-16,396,12079,12475
345,2019-12-17,385,12264,12649
345,2019-12-18,403,12399,12802
345,2019-12-19,415,12914,13329
345,2019-12-20,325,12548,12873
345,2019-12-21,139,8451,8590
345,2019-12-22,29,6357,6386
345,2019-12-23,256,10285,10541
345,2019-12-24,190,9069,9259
345,2019-12-25,19,4859,4878
345,2019-12-26,27,4892,4919
345,2019-12-27,215,8994,9209
345,2019-12-28,123,6933,7056
345,2019-12-29,24,5314,5338
345,2019-12-30,214,8761,8975
345,2019-12-31,190,8051,8241
390,2019-01-04,221,4988,5209
390,2019-01-05,184,3042,3226
390,2019-01-08,287,6895,7182
390,2019-01-10,292,7184,7476
390,2019-01-11,289,7197,7486
390,2019-01-12,192,3965,4157
390,2019-01-17,303,7788,8091
390,2019-01-18,309,7346,7655
390,2019-01-19,211,3968,4179
390,2019-01-20,24,2868,2892
390,2019-01-21,335,7285,7620
390,2019-01-22,305,7001,7306
390,2019-01-23,288,6964,7252
390,2019-01-24,297,7235,7532
390,2019-01-25,301,6970,7271
390,2019-01-26,187,3734,3921
390,2019-01-27,30,2616,2646
390,2019-01-28,320,6800,7120
390,2019-01-29,304,7256,7560
390,2019-01-30,265,5616,5881
390,2019-01-31,269,6698,6967
390,2019-02-01,273,6932,7205
390,2019-02-02,184,3976,4160
390,2019-02-03,26,2928,2954
390,2019-02-04,319,7133,7452
390,2019-02-05,305,7677,7982
390,2019-02-06,367,7661,8028
390,2019-02-07,322,7644,7966
390,2019-02-08,314,7672,7986
390,2019-02-09,193,4247,4440
390,2019-02-10,39,2826,2865
390,2019-02-11,338,7257,7595
390,2019-02-12,320,7519,7839
390,2019-02-13,350,7380,7730
390,2019-02-14,329,7749,8078
390,2019-02-15,312,7343,7655
390,2019-02-16,193,3787,3980
390,2019-02-17,29,2839,2868
390,2019-02-18,282,5570,5852
390,2019-02-19,275,5940,6215
390,2019-02-20,303,5852,6155
390,2019-02-21,281,6105,6386
390,2019-02-22,301,5869,6170
390,2019-02-23,194,3532,3726
390,2019-02-24,29,3050,3079
390,2019-02-25,315,7666,7981
390,2019-02-26,329,7929,8258
390,2019-02-27,329,7996,8325
390,2019-02-28,301,8088,8389
390,2019-03-01,308,7742,8050
390,2019-03-02,203,4079,4282
390,2019-03-03,27,3064,3091
390,2019-03-04,308,6457,6765
390,2019-03-05,307,7217,7524
390,2019-03-06,327,7519,7846
390,2019-03-07,309,7787,8096
390,2019-03-08,315,7522,7837
390,2019-03-09,186,4411,4597
390,2019-03-10,26,2464,2490
390,2019-03-11,278,7019,7297
390,2019-03-12,331,8269,8600
390,2019-03-13,337,7729,8066
390,2019-03-14,313,8531,8844
390,2019-03-15,298,7826,8124
390,2019-03-16,196,4077,4273
390,2019-03-17,26,3159,3185
390,2019-03-18,339,7436,7775
390,2019-03-19,340,7836,8176
390,2019-03-20,329,7684,8013
390,2019-03-21,312,7955,8267
390,2019-03-22,343,8301,8644
390,2019-03-23,229,4791,5020
390,2019-03-24,33,3455,3488
390,2019-03-25,331,7670,8001
390,2019-03-26,371,7731,8102
390,2019-03-27,384,8027,8411
390,2019-03-28,353,8484,8837
390,2019-03-29,348,8270,8618
390,2019-03-30,201,4850,5051
390,2019-04-01,337,7498,7835
390,2019-04-02,311,7509,7820
390,2019-04-03,305,7122,7427
390,2019-04-04,338,7536,7874
390,2019-04-05,317,7330,7647
390,2019-04-06,200,4024,4224
390,2019-04-07,27,3039,3066
390,2019-04-08,306,5646,5952
390,2019-04-09,310,6075,6385
390,2019-04-10,296,5934,6230
390,2019-04-11,312,6187,6499
390,2019-04-12,298,5775,6073
390,2019-04-13,210,3194,3404
390,2019-04-14,38,2368,2406
390,2019-04-15,287,5551,5838
390,2019-04-16,310,6022,6332
390,2019-04-17,302,5633,5935
390,2019-04-18,304,5817,6121
390,2019-04-19,270,5348,5618
390,2019-04-20,190,3622,3812
390,2019-04-21,25,3087,3112
390,2019-04-22,25,3268,3293
390,2019-04-23,289,7615,7904
390,2019-04-24,310,7556,7866
390,2019-04-25,304,7956,8260
390,2019-04-26,326,7713,8039
390,2019-04-27,194,3974,4168
390,2019-04-28,27,2933,2960
390,2019-04-29,316,7750,8066
390,2019-04-30,291,8154,8445
390,2019-05-01,26,3309,3335
390,2019-05-02,331,8197,8528
390,2019-05-03,300,7610,7910
390,2019-05-04,206,3645,3851
390,2019-05-05,28,3314,3342
390,2019-05-06,319,7805,8124
390,2019-05-07,350,8369,8719
390,2019-05-08,336,8439,8775
390,2019-05-09,27,2724,2751
390,2019-05-10,331,6926,7257
390,2019-05-11,246,5019,5265
390,2019-05-12,29,3836,3865
390,2019-05-13,319,7757,8076
390,2019-05-14,335,8293,8628
390,2019-05-15,311,7977,8288
390,2019-05-16,325,8379,8704
390,2019-05-17,330,7845,8175
390,2019-05-18,223,5045,5268
390,2019-05-19,41,3579,3620
390,2019-05-20,292,7806,8098
390,2019-05-21,335,8269,8604
390,2019-05-22,337,8070,8407
390,2019-05-23,315,8535,8850
390,2019-05-24,340,8038,8378
390,2019-05-25,216,4359,4575
390,2019-05-26,28,3674,3702
390,2019-05-27,340,6153,6493
390,2019-05-28,332,6550,6882
390,2019-05-29,389,6485,6874
390,2019-05-30,21,2682,2703
390,2019-05-31,259,5780,6039
390,2019-06-01,188,4334,4522
390,2019-06-02,34,3703,3737
390,2019-06-03,312,7698,8010
390,2019-06-04,327,7925,8252
390,2019-06-05,381,7697,8078
390,2019-06-06,364,7828,8192
390,2019-06-07,380,8026,8406
390,2019-06-08,194,4049,4243
390,2019-06-09,34,3421,3455
390,2019-06-10,26,2812,2838
390,2019-06-11,303,7626,7929
390,2019-06-12,371,7835,8206
390,2019-06-13,390,8095,8485
390,2019-06-14,358,7861,8219
390,2019-06-15,219,4962,5181
390,2019-06-16,55,3883,3938
390,2019-06-17,293,7632,7925
390,2019-06-18,321,7896,8217
390,2019-06-19,357,7643,8000
390,2019-06-20,313,8070,8383
390,2019-06-21,333,7869,8202
390,2019-06-22,199,4480,4679
390,2019-06-23,43,3751,3794
390,2019-06-24,297,7200,7497
390,2019-06-25,286,7527,7813
390,2019-06-26,317,7468,7785
390,2019-06-27,297,8024,8321
390,2019-06-28,339,7843,8182
390,2019-06-29,223,5174,5397
390,2019-06-30,33,3880,3913
390,2019-07-01,334,7428,7762
390,2019-07-02,284,7701,7985
390,2019-07-03,331,7951,8282
390,2019-07-04,304,8153,8457
390,2019-07-05,329,7654,7983
390,2019-07-06,209,4629,4838
390,2019-07-07,36,3637,3673
390,2019-07-08,316,7147,7463
390,2019-07-09,316,7786,8102
390,2019-07-10,327,7784,8111
390,2019-07-11,331,7737,8068
390,2019-07-12,345,7718,8063
390,2019-07-13,200,3699,3899
390,2019-07-14,31,2655,2686
390,2019-07-15,285,6280,6565
390,2019-07-16,287,6536,6823
390,2019-07-17,279,6625,6904
390,2019-07-18,327,6870,7197
390,2019-07-19,337,6836,7173
390,2019-07-20,218,3542,3760
390,2019-07-21,51,3061,3112
390,2019-07-22,300,6301,6601
390,2019-07-23,287,6501,6788
390,2019-07-24,277,6624,6901
390,2019-07-25,273,6455,6728
390,2019-07-26,249,6180,6429
390,2019-07-27,216,3585,3801
390,2019-07-28,70,2626,2696
390,2019-07-29,233,5721,5954
390,2019-07-30,2,48,50
390,2019-07-31,116,3755,3871
390,2019-08-01,207,5793,6000
390,2019-08-02,225,5565,5790
390,2019-08-03,162,3311,3473
390,2019-08-04,29,2837,2866
390,2019-08-05,219,6996,7215
390,2019-08-06,260,7082,7342
390,2019-08-07,237,5255,5492
390,2019-08-08,220,5483,5703
390,2019-08-09,231,5035,5266
390,2019-08-10,176,2836,3012
390,2019-08-11,48,2382,2430
390,2019-08-12,240,4853,5093
390,2019-08-13,235,5375,5610
390,2019-08-14,222,5114,5336
390,2019-08-15,36,2218,2254
390,2019-08-16,237,4023,4260
390,2019-08-17,190,2400,2590
390,2019-08-18,29,2051,2080
390,2019-08-19,255,4886,5141
390,2019-08-20,264,5326,5590
390,2019-08-21,307,5565,5872
390,2019-08-22,267,5381,5648
390,2019-08-23,252,5719,5971
390,2019-08-24,202,4262,4464
390,2019-08-25,34,3525,3559
390,2019-08-26,271,5911,6182
390,2019-08-27,298,6224,6522
390,2019-08-28,289,6221,6510
390,2019-08-29,278,6358,6636
390,2019-08-30,302,6469,6771
390,2019-08-31,210,4152,4362
390,2019-09-01,49,3488,3537
390,2019-09-02,266,6023,6289
390,2019-09-03,329,6596,6925
390,2019-09-04,298,6616,6914
390,2019-09-05,290,6559,6849
390,2019-09-06,298,6815,7113
390,2019-09-07,235,3752,3987
390,2019-09-08,38,3196,3234
390,2019-09-09,314,7217,7531
390,2019-09-10,303,7584,7887
390,2019-09-11,316,7464,7780
390,2019-09-12,345,7216,7561
390,2019-09-13,324,6981,7305
390,2019-09-14,234,3977,4211
390,2019-09-15,53,3196,3249
390,2019-09-16,313,6993,7306
390,2019-09-17,328,7617,7945
390,2019-09-18,338,7420,7758
390,2019-09-19,326,8053,8379
390,2019-09-20,313,7687,8000
390,2019-09-21,234,4698,4932
390,2019-09-22,32,3490,3522
390,2019-09-23,293,7045,7338
390,2019-09-24,304,7949,8253
390,2019-09-25,316,7664,7980
390,2019-09-26,326,7728,8054
390,2019-09-27,300,7291,7591
390,2019-09-28,207,4467,4674
390,2019-09-29,63,3028,3091
390,2019-09-30,316,7361,7677
390,2019-10-01,304,8127,8431
390,2019-10-02,330,7853,8183
390,2019-10-03,304,8101,8405
390,2019-10-04,309,7738,8047
390,2019-10-05,193,4423,4616
390,2019-10-06,34,3123,3157
390,2019-10-07,306,7360,7666
390,2019-10-08,293,8072,8365
390,2019-10-09,330,7729,8059
390,2019-10-10,306,7817,8123
390,2019-10-11,319,7702,8021
390,2019-10-12,223,5120,5343
390,2019-10-13,36,3667,3703
390,2019-10-14,309,7681,7990
390,2019-10-15,320,8528,8848
390,2019-10-16,334,8368,8702
390,2019-10-17,313,8474,8787
390,2019-10-18,322,8419,8741
390,2019-10-19,214,4808,5022
390,2019-10-20,30,3168,3198
390,2019-10-21,287,8149,8436
390,2019-10-22,331,8634,8965
390,2019-10-23,307,7881,8188
390,2019-10-24,299,8540,8839
390,2019-10-25,282,8002,8284
390,2019-10-26,236,4714,4950
390,2019-10-27,28,2958,2986
390,2019-10-28,284,6376,6660
390,2019-10-29,279,6484,6763
390,2019-10-30,279,6225,6504
390,2019-11-01,22,3030,3052
390,2019-11-02,184,3671,3855
390,2019-11-03,28,2618,2646
390,2019-11-04,291,7383,7674
390,2019-11-05,339,7707,8046
390,2019-11-06,307,7917,8224
390,2019-11-07,343,8174,8517
390,2019-11-08,341,7990,8331
390,2019-11-09,225,5113,5338
390,2019-11-10,30,3519,3549
390,2019-11-11,333,7984,8317
390,2019-11-12,300,8013,8313
390,2019-11-13,333,7608,7941
390,2019-11-14,330,8034,8364
390,2019-11-15,324,7786,8110
390,2019-11-16,221,4048,4269
390,2019-11-17,29,3712,3741
390,2019-11-18,302,7456,7758
390,2019-11-19,321,8540,8861
390,2019-11-20,323,7649,7972
390,2019-11-21,360,8271,8631
390,2019-11-22,306,7972,8278
390,2019-11-23,200,4515,4715
390,2019-11-24,35,3660,3695
390,2019-11-25,328,7471,7799
390,2019-11-26,327,8066,8393
390,2019-11-27,328,8185,8513
390,2019-11-28,298,8650,8948
390,2019-11-29,328,8218,8546
390,2019-11-30,217,4605,4822
390,2019-12-01,31,2818,2849
390,2019-12-02,343,7573,7916
390,2019-12-03,342,8020,8362
390,2019-12-04,352,7993,8345
390,2019-12-05,331,8214,8545
390,2019-12-06,317,7726,8043
390,2019-12-07,217,4235,4452
390,2019-12-08,23,3071,3094
390,2019-12-09,316,7686,8002
390,2019-12-10,299,8125,8424
390,2019-12-11,316,7863,8179
390,2019-12-12,319,8427,8746
390,2019-12-13,300,8355,8655
390,2019-12-14,191,4646,4837
390,2019-12-15,28,3439,3467
390,2019-12-16,284,7714,7998
390,2019-12-17,315,8311,8626
390,2019-12-18,341,8065,8406
390,2019-12-19,296,8543,8839
390,2019-12-20,258,7703,7961
390,2019-12-21,199,3968,4167
390,2019-12-22,28,2754,2782
390,2019-12-23,224,5300,5524
390,2019-12-24,184,3874,4058
390,2019-12-25,17,2111,2128
390,2019-12-26,37,2146,2183
390,2019-12-27,219,4008,4227
390,2019-12-28,184,2806,2990
390,2019-12-29,24,2418,2442
390,2019-12-30,220,4037,4257
390,2019-12-31,219,3485,3704
394,2019-01-01,170,7674,7844
394,2019-01-02,458,12660,13118
394,2019-01-03,488,13340,13828
394,2019-01-04,487,14301,14788
394,2019-01-05,342,12249,12591
394,2019-01-06,168,9617,9785
394,2019-01-07,544,15370,15914
394,2019-01-08,500,16178,16678
394,2019-01-09,531,16141,16672
394,2019-01-11,523,17158,17681
394,2019-01-12,350,14512,14862
394,2019-01-13,149,10146,10295
394,2019-01-14,521,16271,16792
394,2019-01-15,550,16662,17212
394,2019-01-16,570,16656,17226
394,2019-01-17,624,17778,18402
394,2019-01-18,566,17545,18111
394,2019-01-19,343,14710,15053
394,2019-01-20,169,10529,10698
394,2019-01-21,518,16140,16658
394,2019-01-22,571,16962,17533
394,2019-01-23,546,16327,16873
394,2019-01-25,510,17634,18144
394,2019-01-26,329,14947,15276
394,2019-01-27,166,10628,10794
394,2019-01-28,492,15977,16469
394,2019-01-29,577,17013,17590
394,2019-01-30,473,15772,16245
394,2019-01-31,338,16276,16614
394,2019-02-01,515,17260,17775
394,2019-02-02,338,14643,14981
394,2019-02-03,185,11044,11229
394,2019-02-04,543,16169,16712
394,2019-02-05,533,17180,17713
394,2019-02-06,554,16937,17491
394,2019-02-08,508,17281,17789
394,2019-02-09,374,15490,15864
394,2019-02-10,156,10102,10258
394,2019-02-11,547,16192,16739
394,2019-02-12,575,16914,17489
394,2019-02-13,503,17019,17522
394,2019-02-14,544,16828,17372
394,2019-02-15,562,17172,17734
394,2019-02-16,343,13477,13820
394,2019-02-17,161,9693,9854
394,2019-02-18,514,14123,14637
394,2019-02-19,506,14550,15056
394,2019-02-20,482,14731,15213
394,2019-02-22,518,14787,15305
394,2019-02-23,340,12324,12664
394,2019-02-24,168,10484,10652
394,2019-02-25,558,15996,16554
394,2019-02-26,599,16883,17482
394,2019-02-27,588,17050,17638
394,2019-02-28,672,17954,18626
394,2019-03-01,620,18146,18766
394,2019-03-02,442,14864,15306
394,2019-03-03,160,10635,10795
394,2019-03-04,590,16758,17348
394,2019-03-05,626,17430,18056
394,2019-03-06,660,17358,18018
394,2019-03-08,666,18194,18860
394,2019-03-09,355,14751,15106
394,2019-03-10,174,11202,11376
394,2019-03-11,634,17062,17696
394,2019-03-12,606,17211,17817
394,2019-03-13,710,17840,18550
394,2019-03-14,700,17900,18600
394,2019-03-15,522,17074,17596
394,2019-03-16,347,14905,15252
394,2019-03-17,192,10850,11042
394,2019-03-18,584,16122,16706
394,2019-03-19,583,16948,17531
394,2019-03-20,592,17071,17663
394,2019-03-22,569,17808,18377
394,2019-03-23,433,14566,14999
394,2019-03-24,252,12557,12809
394,2019-03-25,551,16458,17009
394,2019-03-26,612,16753,17365
394,2019-03-27,571,16801,17372
400,2019-01-01,229,6048,6277
400,2019-01-02,775,11926,12701
400,2019-01-03,796,12750,13546
400,2019-01-04,816,13220,14036
400,2019-01-05,459,9397,9856
400,2019-01-06,223,8054,8277
400,2019-01-07,885,14993,15878
400,2019-01-08,848,15820,16668
400,2019-01-09,902,15920,16822
400,2019-01-10,954,16356,17310
400,2019-01-11,886,16400,17286
400,2019-01-12,486,11290,11776
400,2019-01-13,212,8135,8347
400,2019-01-15,992,16125,17117
400,2019-01-16,1109,16514,17623
400,2019-01-17,1021,16952,17973
400,2019-01-18,1053,16666,17719
400,2019-01-19,517,11661,12178
400,2019-01-20,265,8500,8765
400,2019-01-21,1040,16905,17945
400,2019-01-22,1003,16175,17178
400,2019-01-23,997,17037,18034
400,2019-01-24,988,17114,18102
400,2019-01-25,987,16702,17689
400,2019-01-26,482,11830,12312
400,2019-01-27,228,8856,9084
400,2019-01-28,919,15968,16887
400,2019-01-30,811,14190,15001
400,2019-01-31,804,14993,15797
400,2019-02-01,867,16082,16949
400,2019-02-02,482,11414,11896
400,2019-02-03,240,8622,8862
400,2019-02-04,1003,16148,17151
400,2019-02-05,1049,16681,17730
400,2019-02-06,1089,17405,18494
400,2019-02-07,1014,16479,17493
400,2019-02-08,1075,16981,18056
400,2019-02-09,508,12100,12608
400,2019-02-10,222,8632,8854
400,2019-02-11,995,16334,17329
400,2019-02-13,1117,16994,18111
400,2019-02-14,1115,17576,18691
400,2019-02-15,1077,16899,17976
400,2019-02-16,510,11267,11777
400,2019-02-17,228,8446,8674
400,2019-02-18,931,13632,14563
400,2019-02-19,919,14202,15121
400,2019-02-20,895,14680,15575
400,2019-02-21,897,14362,15259
400,2019-02-22,919,14506,15425
400,2019-02-23,493,10190,10683
400,2019-02-24,229,9168,9397
400,2019-02-25,1001,16066,17067
400,2019-02-27,1088,17016,18104
400,2019-02-28,1314,20310,21624
400,2019-03-01,1254,20108,21362
400,2019-03-02,550,11829,12379
400,2019-03-03,254,9344,9598
400,2019-03-04,1160,18024,19184
400,2019-03-05,1154,19346,20500
400,2019-03-06,870,16272,17142
400,2019-03-07,1148,20262,21410
400,2019-03-08,1182,20772,21954
400,2019-03-09,578,12793,13371
400,2019-03-10,240,8866,9106
400,2019-03-11,1186,18774,19960
400,2019-03-13,1182,19464,20646
400,2019-03-16,556,11732,12288
400,2019-03-17,246,9394,9640
400,2019-03-18,1024,15827,16851
400,2019-03-19,1084,16558,17642
400,2019-03-20,1342,20108,21450
400,2019-03-21,1244,20386,21630
400,2019-03-22,1187,17406,18593
400,2019-03-23,153,4963,5116
400,2019-03-24,113,4288,4401
400,2019-03-25,1141,15350,16491
400,2019-03-27,1087,17879,18966
400,2019-03-28,1051,17244,18295
400,2019-03-29,1094,17512,18606
400,2019-03-30,670,13767,14437
400,2019-04-01,976,16544,17520
400,2019-04-03,995,17258,18253
400,2019-04-04,946,17417,18363
400,2019-04-05,978,16586,17564
400,2019-04-06,441,8147,8588
400,2019-04-07,212,6385,6597
400,2019-04-08,997,14740,15737
400,2019-04-10,999,15154,16153
400,2019-04-11,1136,16353,17489
400,2019-04-12,1125,15698,16823
400,2019-04-13,361,10389,10750
400,2019-04-14,281,8032,8313
400,2019-04-15,1000,14924,15924
400,2019-04-16,1072,15809,16881
400,2019-04-17,1026,15322,16348
400,2019-04-18,1085,15868,16953
400,2019-04-19,1063,15728,16791
400,2019-04-20,589,11150,11739
400,2019-04-21,324,8907,9231
400,2019-04-22,313,8722,9035
400,2019-04-24,1192,20248,21440
400,2019-04-25,1262,21050,22312
400,2019-04-26,1025,18409,19434
400,2019-04-27,634,14102,14736
400,2019-04-28,270,10664,10934
400,2019-04-29,955,16388,17343
400,2019-04-30,656,9810,10466
400,2019-05-01,212,8786,8998
400,2019-05-02,1109,17364,18473
400,2019-05-03,1056,17345,18401
400,2019-05-04,495,10255,10750
400,2019-05-05,265,9384,9649
400,2019-05-06,1137,17324,18461
400,2019-05-07,1112,17890,19002
400,2019-05-08,1035,18062,19097
400,2019-05-09,214,7987,8201
400,2019-05-10,1061,16336,17397
400,2019-05-11,561,13502,14063
400,2019-05-12,313,11085,11398
400,2019-05-13,1128,16248,17376
400,2019-05-14,1146,17378,18524
400,2019-05-15,1074,17295,18369
400,2019-05-16,1181,17129,18310
400,2019-05-17,1171,17780,18951
400,2019-05-18,805,14805,15610
400,2019-05-19,332,11123,11455
400,2019-05-20,1093,16008,17101
400,2019-05-21,1127,16709,17836
400,2019-05-22,1059,17111,18170
400,2019-05-23,1107,17144,18251
400,2019-05-24,1098,17665,18763
400,2019-05-25,649,12547,13196
400,2019-05-26,235,11730,11965
400,2019-05-27,1150,14683,15833
400,2019-05-28,1130,15151,16281
400,2019-05-29,1229,16130,17359
400,2019-05-30,203,7647,7850
400,2019-05-31,824,14287,15111
400,2019-06-01,702,10336,11038
400,2019-06-02,224,9402,9626
400,2019-06-03,1087,16310,17397
400,2019-06-04,1084,16863,17947
400,2019-06-05,1114,16597,17711
400,2019-06-06,1103,16917,18020
400,2019-06-07,1175,17465,18640
400,2019-06-08,550,11845,12395
400,2019-06-09,205,9304,9509
400,2019-06-10,210,8017,8227
400,2019-06-11,1125,16136,17261
400,2019-06-12,1021,16125,17146
400,2019-06-13,1119,17140,18259
400,2019-06-14,1135,17380,18515
400,2019-06-15,705,14660,15365
400,2019-06-16,334,11324,11658
400,2019-06-17,1067,16118,17185
400,2019-06-18,1159,16721,17880
400,2019-06-19,1126,16628,17754
400,2019-06-20,1136,17858,18994
400,2019-06-21,1151,16966,18117
400,2019-06-22,495,12594,13089
400,2019-06-23,234,9796,10030
400,2019-06-24,1122,15813,16935
400,2019-06-25,1034,16487,17521
400,2019-06-26,1084,16291,17375
400,2019-06-27,1102,17000,18102
400,2019-06-28,1104,17306,18410
400,2019-06-29,727,16321,17048
400,2019-06-30,237,11815,12052
400,2019-07-01,1001,15710,16711
400,2019-07-02,1079,16681,17760
400,2019-07-03,1176,17132,18308
400,2019-07-04,1105,16976,18081
400,2019-07-05,1169,16867,18036
400,2019-07-06,549,11925,12474
400,2019-07-07,220,9700,9920
400,2019-07-08,1169,15988,17157
400,2019-07-09,1131,16600,17731
400,2019-07-10,1048,16653,17701
400,2019-07-11,1066,16323,17389
400,2019-07-12,1130,16843,17973
400,2019-07-13,193,5522,5715
400,2019-07-14,129,3822,3951
400,2019-07-15,1155,14848,16003
400,2019-07-16,1118,15534,16652
400,2019-07-17,1128,15881,17009
400,2019-07-18,1161,15606,16767
400,2019-07-19,1160,16107,17267
400,2019-07-20,525,9900,10425
400,2019-07-21,218,8348,8566
400,2019-07-22,1035,14829,15864
400,2019-07-23,1092,15447,16539
400,2019-07-24,1053,15488,16541
400,2019-07-25,816,11857,12673
400,2019-07-26,891,14895,15786
400,2019-07-27,499,9682,10181
400,2019-07-28,222,7554,7776
400,2019-07-29,882,13911,14793
400,2019-07-30,839,14269,15108
400,2019-07-31,877,14164,15041
400,2019-08-01,886,14181,15067
400,2019-08-02,876,14009,14885
400,2019-08-03,461,9233,9694
400,2019-08-04,202,7694,7896
400,2019-08-05,795,12739,13534
400,2019-08-06,845,13196,14041
400,2019-08-07,786,13442,14228
400,2019-08-08,838,13855,14693
400,2019-08-09,829,13300,14129
400,2019-08-10,476,8460,8936
400,2019-08-11,203,6934,7137
400,2019-08-12,820,12588,13408
400,2019-08-13,841,12790,13631
400,2019-08-14,836,13191,14027
400,2019-08-15,197,6811,7008
400,2019-08-16,768,11380,12148
400,2019-08-17,456,7596,8052
400,2019-08-18,188,6481,6669
400,2019-08-19,981,12487,13468
400,2019-08-20,958,13297,14255
400,2019-08-21,1086,14022,15108
400,2019-08-22,1024,13466,14490
400,2019-08-23,996,13638,14634
400,2019-08-24,589,11311,11900
400,2019-08-25,115,4736,4851
400,2019-08-26,1002,13396,14398
400,2019-08-27,1035,13995,15030
400,2019-08-28,1041,14125,15166
400,2019-08-29,1067,14321,15388
400,2019-08-30,1000,14525,15525
400,2019-08-31,566,11106,11672
400,2019-09-01,213,8252,8465
400,2019-09-02,964,12714,13678
400,2019-09-03,1061,14373,15434
400,2019-09-04,1087,15158,16245
400,2019-09-05,1085,14774,15859
400,2019-09-06,1041,15029,16070
400,2019-09-07,357,8275,8632
400,2019-09-08,172,6626,6798
400,2019-09-09,1016,14453,15469
400,2019-09-10,1147,15313,16460
400,2019-09-11,1134,15667,16801
400,2019-09-12,1048,15603,16651
400,2019-09-13,1091,16322,17413
400,2019-09-14,634,12503,13137
400,2019-09-15,236,10335,10571
400,2019-09-16,1024,15650,16674
400,2019-09-17,1120,16296,17416
400,2019-09-18,1118,16649,17767
400,2019-09-19,1164,16936,18100
400,2019-09-20,1203,16685,17888
400,2019-09-21,508,11338,11846
400,2019-09-22,195,8721,8916
400,2019-09-23,1110,15242,16352
400,2019-09-24,1288,18076,19364
400,2019-09-25,1483,18138,19621
400,2019-09-26,1333,17355,18688
400,2019-09-27,1039,15909,16948
400,2019-09-28,504,9939,10443
400,2019-09-29,210,7963,8173
400,2019-09-30,1072,15817,16889
400,2019-10-01,1051,15815,16866
400,2019-10-02,1053,15935,16988
400,2019-10-03,1093,17392,18485
400,2019-10-04,1308,17279,18587
400,2019-10-05,415,9566,9981
400,2019-10-06,150,7539,7689
400,2019-10-07,1119,15520,16639
400,2019-10-08,958,15647,16605
400,2019-10-09,1133,16075,17208
400,2019-10-10,1288,16791,18079
400,2019-10-11,1093,16569,17662
400,2019-10-12,537,11312,11849
400,2019-10-13,235,9289,9524
400,2019-10-14,1092,16069,17161
400,2019-10-15,1036,16505,17541
400,2019-10-16,1151,16979,18130
400,2019-10-17,1070,16743,17813
400,2019-10-18,1086,16747,17833
400,2019-10-19,551,11311,11862
400,2019-10-20,205,8500,8705
400,2019-10-21,1081,15259,16340
400,2019-10-22,1054,15908,16962
400,2019-10-23,1072,16534,17606
400,2019-10-24,1149,17020,18169
400,2019-10-25,1161,16749,17910
400,2019-10-26,624,12175,12799
400,2019-10-27,298,8727,9025
400,2019-10-28,1141,15080,16221
400,2019-10-29,1140,14947,16087
400,2019-10-30,1152,14607,15759
400,2019-11-01,206,8800,9006
400,2019-11-02,498,10212,10710
400,2019-11-03,193,8166,8359
400,2019-11-04,928,14450,15378
400,2019-11-05,1089,15784,16873
400,2019-11-06,1146,15738,16884
400,2019-11-07,922,15915,16837
400,2019-11-08,1198,16330,17528
400,2019-11-09,641,13498,14139
400,2019-11-10,203,9062,9265
400,2019-11-11,1009,16130,17139
400,2019-11-12,1025,15785,16810
400,2019-11-13,1079,15684,16763
400,2019-11-14,1117,15912,17029
400,2019-11-15,1164,16995,18159
400,2019-11-16,336,5127,5463
400,2019-11-17,154,3734,3888
400,2019-11-18,1000,14684,15684
400,2019-11-19,1126,15470,16596
400,2019-11-20,1113,15415,16528
400,2019-11-21,1140,15976,17116
400,2019-11-22,1051,15697,16748
400,2019-11-23,558,11290,11848
400,2019-11-24,238,9601,9839
400,2019-11-25,1123,14848,15971
400,2019-11-26,1070,15208,16278
400,2019-11-27,1129,16180,17309
400,2019-11-28,1088,16702,17790
400,2019-11-29,1051,16971,18022
400,2019-11-30,544,11438,11982
400,2019-12-01,209,8276,8485
400,2019-12-02,1109,15074,16183
400,2019-12-03,1141,15596,16737
400,2019-12-04,1097,15801,16898
400,2019-12-05,1088,16041,17129
400,2019-12-06,1049,15905,16954
400,2019-12-07,486,10955,11441
400,2019-12-08,189,8337,8526
400,2019-12-09,962,15374,16336
400,2019-12-10,1099,15761,16860
400,2019-12-11,915,15394,16309
400,2019-12-12,992,16192,17184
400,2019-12-13,1082,16794,17876
400,2019-12-14,537,11585,12122
400,2019-12-15,215,8778,8993
400,2019-12-16,1061,14858,15919
400,2019-12-17,1066,15572,16638
400,2019-12-18,1092,15769,16861
400,2019-12-19,1087,16058,17145
400,2019-12-20,807,15979,16786
400,2019-12-21,454,10844,11298
400,2019-12-22,179,7628,7807
400,2019-12-23,767,12852,13619
400,2019-12-24,651,10048,10699
400,2019-12-25,157,5131,5288
400,2019-12-26,164,5687,5851
400,2019-12-27,716,10400,11116
400,2019-12-28,456,8085,8541
400,2019-12-29,199,6557,6756
400,2019-12-30,772,10839,11611
400,2019-12-31,761,9760,10521
401,2019-01-01,121,4284,4405
401,2019-01-02,310,8434,8744
401,2019-01-03,317,9125,9442
401,2019-01-04,322,9612,9934
401,2019-01-05,258,7482,7740
401,2019-01-06,105,6047,6152
401,2019-01-07,359,10603,10962
401,2019-01-08,368,11011,11379
401,2019-01-09,410,11270,11680
401,2019-01-10,385,11482,11867
401,2019-01-12,241,9086,9327
401,2019-01-13,112,5933,6045
401,2019-01-14,378,11161,11539
401,2019-01-15,374,11949,12323
401,2019-01-16,369,11690,12059
401,2019-01-17,479,11822,12301
401,2019-01-18,386,11796,12182
401,2019-01-19,240,9550,9790
401,2019-01-20,106,6416,6522
401,2019-01-21,378,11528,11906
401,2019-01-22,422,11752,12174
401,2019-01-23,355,11397,11752
401,2019-01-24,414,12223,12637
401,2019-01-26,248,9491,9739
401,2019-01-27,106,6242,6348
401,2019-01-28,385,10864,11249
401,2019-01-29,378,12031,12409
401,2019-01-30,319,10163,10482
401,2019-01-31,326,11303,11629
401,2019-02-01,329,11368,11697
401,2019-02-02,231,9418,9649
401,2019-02-03,126,6743,6869
401,2019-02-04,373,11337,11710
401,2019-02-05,369,11685,12054
401,2019-02-06,382,11760,12142
401,2019-02-07,450,12206,12656
401,2019-02-09,264,9410,9674
401,2019-02-10,98,5386,5484
401,2019-02-11,376,11219,11595
401,2019-02-12,346,11923,12269
401,2019-02-13,352,11798,12150
401,2019-02-14,364,12393,12757
401,2019-02-15,391,11913,12304
401,2019-02-16,226,8504,8730
401,2019-02-17,105,5999,6104
401,2019-02-18,336,10031,10367
401,2019-02-19,349,10197,10546
401,2019-02-20,353,10319,10672
401,2019-02-21,343,10201,10544
401,2019-02-23,224,8213,8437
401,2019-02-24,114,6876,6990
401,2019-02-25,419,11255,11674
401,2019-02-26,388,12131,12519
401,2019-02-27,393,11966,12359
401,2019-02-28,474,12346,12820
401,2019-03-01,490,11854,12344
401,2019-03-02,298,9538,9836
401,2019-03-03,120,6160,6280
401,2019-03-04,480,11080,11560
401,2019-03-05,442,10972,11414
401,2019-03-06,474,11780,12254
401,2019-03-07,460,11932,12392
401,2019-03-09,275,9969,10244
401,2019-03-10,124,6362,6486
401,2019-03-11,436,11682,12118
401,2019-03-12,456,12685,13141
401,2019-03-13,494,12700,13194
401,2019-03-14,564,12326,12890
401,2019-03-15,383,12030,12413
401,2019-03-16,227,9698,9925
401,2019-03-17,183,6710,6893
401,2019-03-18,490,11552,12042
401,2019-03-19,425,11928,12353
401,2019-03-20,413,12146,12559
401,2019-03-21,390,12333,12723
401,2019-03-23,344,10739,11083
401,2019-03-24,179,7202,7381
401,2019-03-25,402,11707,12109
401,2019-03-26,406,11966,12372
401,2019-03-27,414,12244,12658
401,2019-03-28,390,12337,12727
401,2019-04-12,673,10184,10857
401,2019-04-13,411,8158,8569
401,2019-04-14,191,5601,5792
401,2019-04-15,783,9779,10562
401,2019-04-16,840,10354,11194
401,2019-04-17,809,10308,11117
401,2019-04-18,786,10421,11207
401,2019-04-19,728,11019,11747
401,2019-04-20,402,8773,9175
401,2019-04-21,201,6636,6837
401,2019-04-22,191,5447,5638
401,2019-04-24,843,11188,12031
401,2019-04-25,742,11484,12226
401,2019-04-26,798,11925,12723
401,2019-04-27,306,9332,9638
401,2019-04-28,118,6351,6469
401,2019-04-29,839,11271,12110
401,2019-04-30,886,12464,13350
401,2019-05-01,117,5982,6099
401,2019-05-02,790,11805,12595
401,2019-05-03,816,11560,12376
401,2019-05-04,314,8720,9034
401,2019-05-05,117,6465,6582
401,2019-05-06,813,11444,12257
401,2019-05-07,753,12149,12902
401,2019-05-08,768,11722,12490
401,2019-05-09,113,5425,5538
401,2019-05-10,792,11547,12339
401,2019-05-11,402,8627,9029
401,2019-05-12,208,7077,7285
401,2019-05-13,796,11299,12095
401,2019-05-14,861,11888,12749
401,2019-05-15,848,12543,13391
401,2019-05-16,894,12929,13823
401,2019-05-17,871,12042,12913
401,2019-05-18,358,9565,9923
401,2019-05-19,131,6977,7108
401,2019-05-20,876,12405,13281
401,2019-05-21,922,13750,14672
401,2019-05-22,933,13121,14054
401,2019-05-23,916,13394,14310
401,2019-05-24,863,12454,13317
401,2019-05-25,356,9206,9562
401,2019-05-26,119,6619,6738
401,2019-05-27,684,9836,10520
401,2019-05-28,712,10099,10811
401,2019-05-29,748,10843,11591
401,2019-05-30,117,5303,5420
401,2019-05-31,409,8716,9125
401,2019-06-01,203,7055,7258
401,2019-06-02,101,5552,5653
401,2019-06-03,828,11967,12795
401,2019-06-04,930,13507,14437
401,2019-06-05,943,13092,14035
401,2019-06-06,897,13238,14135
401,2019-06-07,841,11989,12830
401,2019-06-08,343,9336,9679
401,2019-06-09,122,7325,7447
401,2019-06-10,118,5119,5237
401,2019-06-11,734,11402,12136
401,2019-06-12,743,11133,11876
401,2019-06-13,783,11524,12307
401,2019-06-14,824,11636,12460
401,2019-06-15,366,9451,9817
401,2019-06-16,135,7693,7828
401,2019-06-17,803,10940,11743
401,2019-06-18,796,11551,12347
401,2019-06-19,853,11327,12180
401,2019-06-20,787,11502,12289
401,2019-06-21,788,11548,12336
401,2019-06-22,308,9200,9508
401,2019-06-23,136,6092,6228
401,2019-06-24,805,10814,11619
401,2019-06-25,789,11314,12103
401,2019-06-26,814,11230,12044
401,2019-06-27,860,11425,12285
401,2019-06-28,911,11717,12628
401,2019-06-29,356,9917,10273
401,2019-06-30,151,7754,7905
401,2019-07-01,945,10898,11843
401,2019-07-02,820,11519,12339
401,2019-07-03,811,11223,12034
401,2019-07-04,802,11675,12477
401,2019-07-05,865,11272,12137
401,2019-07-06,314,9249,9563
401,2019-07-07,134,6729,6863
401,2019-07-08,813,10630,11443
401,2019-07-09,782,11253,12035
401,2019-07-10,765,11093,11858
401,2019-07-11,734,11028,11762
401,2019-07-12,769,10590,11359
401,2019-07-13,332,8471,8803
401,2019-07-14,161,6626,6787
401,2019-07-15,706,9917,10623
401,2019-07-16,731,10324,11055
401,2019-07-17,739,10592,11331
401,2019-07-18,788,10636,11424
401,2019-07-19,751,10180,10931
401,2019-07-20,315,8077,8392
401,2019-07-21,141,6051,6192
401,2019-07-22,815,9627,10442
401,2019-07-23,799,10107,10906
401,2019-07-24,785,9806,10591
401,2019-07-25,617,9463,10080
401,2019-07-26,536,9415,9951
401,2019-07-27,301,7085,7386
401,2019-07-28,136,5280,5416
401,2019-07-29,532,8611,9143
401,2019-07-30,516,9010,9526
401,2019-07-31,554,9187,9741
401,2019-08-01,566,8798,9364
401,2019-08-02,500,8829,9329
401,2019-08-03,267,6620,6887
401,2019-08-04,127,5203,5330
401,2019-08-05,458,7687,8145
401,2019-08-06,462,7855,8317
401,2019-08-07,466,8010,8476
401,2019-08-08,483,7984,8467
401,2019-08-09,498,7419,7917
401,2019-08-10,267,6236,6503
401,2019-08-11,117,4615,4732
401,2019-08-12,468,7185,7653
401,2019-08-13,466,7690,8156
401,2019-08-14,467,7955,8422
401,2019-08-15,110,3955,4065
401,2019-08-16,424,7293,7717
401,2019-08-17,258,5881,6139
401,2019-08-18,114,4417,4531
401,2019-08-19,538,7883,8421
401,2019-08-20,565,8193,8758
401,2019-08-21,566,8305,8871
401,2019-08-22,600,8245,8845
401,2019-08-23,557,8694,9251
401,2019-08-24,321,7539,7860
401,2019-08-25,127,5846,5973
401,2019-08-26,660,8637,9297
401,2019-08-27,719,8743,9462
401,2019-08-28,657,9012,9669
401,2019-08-29,668,8887,9555
401,2019-08-30,640,9290,9930
401,2019-08-31,310,7312,7622
401,2019-09-01,143,5621,5764
401,2019-09-02,696,8806,9502
401,2019-09-03,761,9221,9982
401,2019-09-04,699,9261,9960
401,2019-09-05,712,9470,10182
401,2019-09-06,687,9555,10242
401,2019-09-07,314,7214,7528
401,2019-09-08,128,5528,5656
401,2019-09-09,647,9435,10082
401,2019-09-10,725,10190,10915
401,2019-09-11,693,10040,10733
401,2019-09-12,728,9892,10620
401,2019-09-13,798,9954,10752
401,2019-09-14,399,8407,8806
401,2019-09-15,120,6666,6786
401,2019-09-16,739,10009,10748
401,2019-09-17,882,11279,12161
401,2019-09-18,806,10784,11590
401,2019-09-19,788,10911,11699
401,2019-09-20,760,11164,11924
401,2019-09-21,400,9362,9762
401,2019-09-22,146,6538,6684
401,2019-09-23,782,10394,11176
401,2019-09-24,765,10672,11437
401,2019-09-25,774,10762,11536
401,2019-09-26,774,10914,11688
401,2019-09-27,738,11009,11747
401,2019-09-28,427,9196,9623
401,2019-09-29,210,6350,6560
401,2019-09-30,729,10657,11386
401,2019-10-01,734,11634,12368
401,2019-10-02,791,12297,13088
401,2019-10-03,838,11899,12737
401,2019-10-04,761,11739,12500
401,2019-10-05,467,9649,10116
401,2019-10-06,190,5914,6104
401,2019-10-07,755,10951,11706
401,2019-10-08,695,10605,11300
401,2019-10-09,786,10536,11322
401,2019-10-10,748,11242,11990
401,2019-10-11,787,11320,12107
401,2019-10-12,328,8708,9036
401,2019-10-13,123,6750,6873
401,2019-10-14,804,12618,13422
401,2019-10-15,933,13980,14913
401,2019-10-16,928,14271,15199
401,2019-10-17,901,13831,14732
401,2019-10-18,920,12741,13661
401,2019-10-19,297,9215,9512
401,2019-10-20,107,4273,4380
401,2019-10-21,754,11620,12374
401,2019-10-22,865,12546,13411
401,2019-10-23,823,11733,12556
401,2019-10-24,831,12224,13055
401,2019-10-25,789,11874,12663
401,2019-10-26,358,8949,9307
401,2019-10-27,133,6195,6328
401,2019-10-28,719,9846,10565
401,2019-10-29,785,10679,11464
401,2019-10-30,679,10580,11259
401,2019-11-01,121,5985,6106
401,2019-11-02,279,8130,8409
401,2019-11-03,122,5440,5562
401,2019-11-04,848,12621,13469
401,2019-11-05,904,14083,14987
401,2019-11-06,1010,14159,15169
401,2019-11-07,917,14185,15102
401,2019-11-08,943,12797,13740
401,2019-11-09,374,9804,10178
401,2019-11-10,127,7603,7730
401,2019-11-11,808,10753,11561
401,2019-11-12,721,11220,11941
401,2019-11-13,768,10837,11605
401,2019-11-14,818,11721,12539
401,2019-11-15,783,11370,12153
401,2019-11-16,335,9971,10306
401,2019-11-17,138,7023,7161
401,2019-11-18,721,9312,10033
401,2019-11-19,775,11440,12215
401,2019-11-20,778,11690,12468
401,2019-11-21,797,11364,12161
401,2019-11-22,763,12060,12823
401,2019-11-23,338,9280,9618
401,2019-11-24,111,6884,6995
401,2019-11-25,807,10795,11602
401,2019-11-26,761,11470,12231
401,2019-11-27,790,11004,11794
401,2019-11-28,783,11471,12254
401,2019-11-29,776,11531,12307
401,2019-11-30,358,9581,9939
401,2019-12-01,120,5999,6119
401,2019-12-02,801,10472,11273
401,2019-12-03,722,10938,11660
401,2019-12-04,826,11304,12130
401,2019-12-05,847,11169,12016
401,2019-12-06,758,10540,11298
401,2019-12-07,308,8666,8974
401,2019-12-08,114,5871,5985
401,2019-12-09,726,10383,11109
401,2019-12-10,759,11183,11942
401,2019-12-11,687,10853,11540
401,2019-12-12,812,11173,11985
401,2019-12-13,687,10968,11655
401,2019-12-14,319,9227,9546
401,2019-12-15,114,6320,6434
401,2019-12-16,771,10697,11468
401,2019-12-17,803,11023,11826
401,2019-12-18,789,11210,11999
401,2019-12-19,796,11520,12316
401,2019-12-20,749,11256,12005
401,2019-12-21,305,8067,8372
401,2019-12-22,115,5749,5864
401,2019-12-23,455,9563,10018
401,2019-12-24,382,7826,8208
401,2019-12-25,95,4243,4338
401,2019-12-26,109,4100,4209
401,2019-12-27,433,7666,8099
401,2019-12-28,277,6635,6912
401,2019-12-29,114,5105,5219
401,2019-12-30,436,7905,8341
401,2019-12-31,394,7257,7651
403,2019-01-01,38,6071,6109
403,2019-01-02,140,11309,11449
403,2019-01-03,180,12165,12345
403,2019-01-04,192,12742,12934
403,2019-01-05,121,9098,9219
403,2019-01-06,46,7219,7265
403,2019-01-07,234,14519,14753
403,2019-01-08,219,15151,15370
403,2019-01-09,239,15548,15787
403,2019-01-11,226,15870,16096
403,2019-01-12,121,10857,10978
403,2019-01-13,43,7528,7571
403,2019-01-14,238,15751,15989
403,2019-01-15,284,16557,16841
403,2019-01-16,288,16395,16683
403,2019-01-17,267,16810,17077
403,2019-01-18,272,16599,16871
403,2019-01-19,133,11265,11398
403,2019-01-20,57,7877,7934
403,2019-01-21,281,16004,16285
403,2019-01-22,287,15909,16196
403,2019-01-23,208,14907,15115
403,2019-01-25,232,16315,16547
403,2019-01-26,133,11146,11279
403,2019-01-27,53,7937,7990
403,2019-01-28,237,15480,15717
403,2019-01-29,285,16510,16795
403,2019-01-30,249,13577,13826
403,2019-01-31,220,14830,15050
403,2019-02-01,223,15834,16057
403,2019-02-02,165,10878,11043
403,2019-02-03,55,8047,8102
403,2019-02-04,277,15732,16009
403,2019-02-05,281,16484,16765
403,2019-02-06,306,16877,17183
403,2019-02-08,257,16949,17206
403,2019-02-09,148,11491,11639
403,2019-02-10,60,8052,8112
403,2019-02-11,300,15636,15936
403,2019-02-12,306,16787,17093
403,2019-02-13,302,16611,16913
403,2019-02-14,298,17312,17610
403,2019-02-15,282,16726,17008
403,2019-02-16,136,10833,10969
403,2019-02-17,47,8081,8128
403,2019-02-18,278,13723,14001
403,2019-02-19,285,14103,14388
403,2019-02-20,275,14587,14862
403,2019-02-22,295,14269,14564
403,2019-02-23,128,10291,10419
403,2019-02-24,50,8594,8644
403,2019-02-25,330,15932,16262
403,2019-02-26,354,17033,17387
403,2019-02-27,370,17046,17416
403,2019-02-28,353,17137,17490
403,2019-03-01,285,16407,16692
403,2019-03-02,151,11575,11726
403,2019-03-03,55,8125,8180
403,2019-03-04,275,14892,15167
403,2019-03-05,341,15740,16081
403,2019-03-06,393,16780,17173
403,2019-03-08,351,17199,17550
403,2019-03-09,159,12715,12874
403,2019-03-10,90,8201,8291
403,2019-03-11,329,16497,16826
403,2019-03-12,370,18336,18706
403,2019-03-13,488,18758,19246
403,2019-03-14,403,17096,17499
403,2019-03-15,340,17171,17511
403,2019-03-16,156,12258,12414
403,2019-03-17,78,8664,8742
403,2019-03-18,344,16217,16561
403,2019-03-19,345,17028,17373
403,2019-03-20,371,17201,17572
403,2019-03-22,351,18222,18573
403,2019-03-23,195,14331,14526
403,2019-03-24,56,9724,9780
403,2019-03-25,306,16372,16678
403,2019-03-26,330,17025,17355
403,2019-03-27,362,18243,18605
403,2019-04-03,636,16541,17177
403,2019-04-04,565,17586,18151
403,2019-04-05,574,16860,17434
403,2019-04-06,240,12484,12724
403,2019-04-07,79,9748,9827
403,2019-04-08,505,14774,15279
403,2019-04-09,595,15450,16045
403,2019-04-10,536,15436,15972
403,2019-04-11,592,16223,16815
403,2019-04-12,567,15696,16263
403,2019-04-13,256,10609,10865
403,2019-04-14,87,7765,7852
403,2019-04-15,555,14946,15501
403,2019-04-16,629,15784,16413
403,2019-04-17,645,15289,15934
403,2019-04-18,585,15815,16400
403,2019-04-19,567,15356,15923
403,2019-04-20,228,11412,11640
403,2019-04-21,77,10028,10105
403,2019-04-22,86,9389,9475
403,2019-04-23,668,16693,17361
403,2019-04-24,604,16493,17097
403,2019-04-25,622,16444,17066
403,2019-04-26,742,17711,18453
403,2019-04-27,350,13095,13445
403,2019-04-28,141,9690,9831
403,2019-04-29,626,16600,17226
403,2019-04-30,580,17683,18263
403,2019-05-01,95,9770,9865
403,2019-05-02,583,17093,17676
403,2019-05-03,560,16855,17415
403,2019-05-04,275,11296,11571
403,2019-05-05,98,9680,9778
403,2019-05-06,548,15645,16193
403,2019-05-07,604,17261,17865
403,2019-05-08,618,17021,17639
403,2019-05-09,106,8211,8317
403,2019-05-10,553,16056,16609
403,2019-05-11,240,13715,13955
403,2019-05-12,88,11180,11268
403,2019-05-13,606,15869,16475
403,2019-05-14,660,17324,17984
403,2019-05-15,667,18189,18856
403,2019-05-16,700,18476,19176
403,2019-05-17,628,17762,18390
403,2019-05-18,300,13646,13946
403,2019-05-19,103,10354,10457
403,2019-05-20,590,17176,17766
403,2019-05-21,718,17935,18653
403,2019-05-22,841,17904,18745
403,2019-05-23,793,17871,18664
403,2019-05-24,671,17661,18332
403,2019-05-25,283,12822,13105
403,2019-05-26,98,9848,9946
403,2019-05-27,599,14218,14817
403,2019-05-28,606,14600,15206
403,2019-05-29,625,15801,16426
403,2019-05-30,74,7970,8044
403,2019-05-31,514,14023,14537
403,2019-06-01,372,13165,13537
403,2019-06-02,112,10713,10825
403,2019-06-03,625,16828,17453
403,2019-06-04,733,18469,19202
403,2019-06-05,761,17932,18693
403,2019-06-06,697,17814,18511
403,2019-06-07,684,17343,18027
403,2019-06-08,246,12167,12413
403,2019-06-09,109,10621,10730
403,2019-06-10,80,8401,8481
403,2019-06-11,674,16433,17107
403,2019-06-12,638,16135,16773
403,2019-06-13,662,16970,17632
403,2019-06-14,591,17075,17666
403,2019-06-15,310,14057,14367
403,2019-06-16,109,10757,10866
403,2019-06-17,587,15419,16006
403,2019-06-18,623,16289,16912
403,2019-06-19,620,15628,16248
403,2019-06-20,517,16511,17028
403,2019-06-21,651,16769,17420
403,2019-06-22,245,12334,12579
403,2019-06-23,104,10830,10934
403,2019-06-24,591,15180,15771
403,2019-06-25,597,16499,17096
403,2019-06-26,611,16277,16888
403,2019-06-27,630,16874,17504
403,2019-06-28,630,16849,17479
403,2019-06-29,362,14890,15252
403,2019-06-30,136,12277,12413
403,2019-07-01,595,15234,15829
403,2019-07-02,605,15195,15800
403,2019-07-03,622,15271,15893
403,2019-07-04,565,15688,16253
403,2019-07-05,591,15231,15822
403,2019-07-06,254,11851,12105
403,2019-07-07,90,8840,8930
403,2019-07-08,634,14499,15133
403,2019-07-09,623,15109,15732
403,2019-07-10,551,14971,15522
403,2019-07-11,570,15277,15847
403,2019-07-12,637,14969,15606
403,2019-07-13,279,10733,11012
403,2019-07-14,161,8665,8826
403,2019-07-15,563,13568,14131
403,2019-07-16,526,14024,14550
403,2019-07-17,576,14043,14619
403,2019-07-18,545,14315,14860
403,2019-07-19,538,14136,14674
403,2019-07-20,257,9843,10100
403,2019-07-21,86,8818,8904
403,2019-07-22,576,13247,13823
403,2019-07-23,567,14318,14885
403,2019-07-24,530,14391,14921
403,2019-07-25,433,14125,14558
403,2019-07-26,358,13278,13636
403,2019-07-27,186,9189,9375
403,2019-07-28,125,7328,7453
403,2019-07-29,370,12209,12579
403,2019-07-30,367,12474,12841
403,2019-07-31,378,12853,13231
403,2019-08-01,350,12301,12651
403,2019-08-02,362,12446,12808
403,2019-08-03,179,8818,8997
403,2019-08-04,85,7569,7654
403,2019-08-05,303,11203,11506
403,2019-08-06,348,11556,11904
403,2019-08-07,295,11614,11909
403,2019-08-08,325,11565,11890
403,2019-08-09,317,11157,11474
403,2019-08-10,194,8457,8651
403,2019-08-11,97,7006,7103
403,2019-08-12,309,10684,10993
403,2019-08-13,375,11076,11451
403,2019-08-14,348,11405,11753
403,2019-08-15,75,6535,6610
403,2019-08-16,313,10030,10343
403,2019-08-17,177,7444,7621
403,2019-08-18,67,6148,6215
403,2019-08-19,395,11098,11493
403,2019-08-20,431,11864,12295
403,2019-08-21,456,12327,12783
403,2019-08-22,467,12079,12546
403,2019-08-23,440,12823,13263
403,2019-08-24,223,10102,10325
403,2019-08-25,83,9155,9238
403,2019-08-26,451,12354,12805
403,2019-08-27,469,13056,13525
403,2019-08-28,489,13164,13653
403,2019-08-29,474,13328,13802
403,2019-08-30,494,13317,13811
403,2019-08-31,253,10731,10984
403,2019-09-01,92,8943,9035
403,2019-09-02,461,12382,12843
403,2019-09-03,539,13110,13649
403,2019-09-04,574,13329,13903
403,2019-09-05,556,13173,13729
403,2019-09-06,547,13645,14192
403,2019-09-07,236,9503,9739
403,2019-09-08,91,7896,7987
403,2019-09-09,550,13106,13656
403,2019-09-10,595,14457,15052
403,2019-09-11,557,14658,15215
403,2019-09-12,514,14083,14597
403,2019-09-13,479,13705,14184
403,2019-09-14,275,11133,11408
403,2019-09-15,95,9137,9232
403,2019-09-16,502,13271,13773
403,2019-09-17,656,13865,14521
403,2019-09-18,528,15069,15597
403,2019-09-19,543,14392,14935
403,2019-09-20,587,13883,14470
403,2019-09-21,274,11236,11510
403,2019-09-22,85,8531,8616
403,2019-09-23,508,12933,13441
403,2019-09-24,507,13929,14436
403,2019-09-25,537,13608,14145
403,2019-09-26,502,13581,14083
403,2019-09-27,502,13542,14044
403,2019-09-28,275,11692,11967
403,2019-09-29,129,8427,8556
403,2019-09-30,500,13324,13824
403,2019-10-01,581,14222,14803
403,2019-10-02,569,13731,14300
403,2019-10-03,548,14217,14765
403,2019-10-04,487,14225,14712
403,2019-10-05,210,11467,11677
403,2019-10-06,66,8879,8945
403,2019-10-07,513,13223,13736
403,2019-10-08,489,13591,14080
403,2019-10-09,505,13829,14334
403,2019-10-10,547,14078,14625
403,2019-10-11,552,14252,14804
403,2019-10-12,213,11338,11551
403,2019-10-13,79,9442,9521
403,2019-10-14,487,14482,14969
403,2019-10-15,661,15227,15888
403,2019-10-16,655,14355,15010
403,2019-10-17,652,14944,15596
403,2019-10-18,558,14398,14956
403,2019-10-19,228,10643,10871
403,2019-10-20,66,7437,7503
403,2019-10-21,531,13232,13763
403,2019-10-22,537,13911,14448
403,2019-10-23,568,13832,14400
403,2019-10-24,597,14460,15057
403,2019-10-25,530,14170,14700
403,2019-10-26,271,10945,11216
403,2019-10-27,75,7248,7323
403,2019-10-28,509,12273,12782
403,2019-10-29,518,13136,13654
403,2019-10-30,477,12588,13065
403,2019-11-01,98,7978,8076
403,2019-11-02,258,9736,9994
403,2019-11-03,129,7296,7425
403,2019-11-04,534,14046,14580
403,2019-11-05,613,14660,15273
403,2019-11-06,665,14681,15346
403,2019-11-07,672,15067,15739
403,2019-11-08,660,14888,15548
403,2019-11-09,265,12362,12627
403,2019-11-10,103,8939,9042
403,2019-11-11,527,13900,14427
403,2019-11-12,487,13986,14473
403,2019-11-13,495,13903,14398
403,2019-11-14,525,14099,14624
403,2019-11-15,546,14406,14952
403,2019-11-16,207,11446,11653
403,2019-11-17,82,8560,8642
403,2019-11-18,517,12583,13100
403,2019-11-19,541,14137,14678
403,2019-11-20,537,13681,14218
403,2019-11-21,526,14311,14837
403,2019-11-22,541,14464,15005
403,2019-11-23,213,11031,11244
403,2019-11-24,77,9037,9114
403,2019-11-25,535,13497,14032
403,2019-11-26,607,14534,15141
403,2019-11-27,573,14494,15067
403,2019-11-28,546,14738,15284
403,2019-11-29,506,15214,15720
403,2019-11-30,203,11843,12046
403,2019-12-01,78,8280,8358
403,2019-12-02,536,13546,14082
403,2019-12-03,544,13873,14417
403,2019-12-04,553,14474,15027
403,2019-12-05,517,14476,14993
403,2019-12-06,548,14585,15133
403,2019-12-07,241,11481,11722
403,2019-12-08,73,8059,8132
403,2019-12-09,528,13657,14185
403,2019-12-10,527,14323,14850
403,2019-12-11,469,13921,14390
403,2019-12-12,557,15035,15592
403,2019-12-13,488,15164,15652
403,2019-12-14,190,11773,11963
403,2019-12-15,71,9040,9111
403,2019-12-16,477,13934,14411
403,2019-12-17,538,14497,15035
403,2019-12-18,498,14279,14777
403,2019-12-19,523,15460,15983
403,2019-12-20,416,14887,15303
403,2019-12-21,184,10016,10200
403,2019-12-22,58,7310,7368
403,2019-12-23,277,10821,11098
403,2019-12-24,216,8293,8509
403,2019-12-25,50,5345,5395
403,2019-12-26,70,5249,5319
403,2019-12-27,234,8983,9217
403,2019-12-28,174,7508,7682
403,2019-12-29,57,6244,6301
403,2019-12-30,296,9284,9580
403,2019-12-31,250,8040,8290
405,2019-01-01,32,3323,3355
405,2019-01-02,314,6553,6867
405,2019-01-03,316,7267,7583
405,2019-01-04,317,7485,7802
405,2019-01-05,270,5342,5612
405,2019-01-06,46,4536,4582
405,2019-01-07,382,9315,9697
405,2019-01-08,391,9716,10107
405,2019-01-09,406,9942,10348
405,2019-01-10,424,10118,10542
405,2019-01-11,397,10123,10520
405,2019-01-12,273,6500,6773
405,2019-01-13,40,4888,4928
405,2019-01-14,480,10286,10766
405,2019-01-15,436,10595,11031
405,2019-01-16,464,10586,11050
405,2019-01-17,466,10646,11112
405,2019-01-18,461,10296,10757
405,2019-01-19,288,6615,6903
405,2019-01-20,44,4903,4947
405,2019-01-21,500,10265,10765
405,2019-01-22,470,9890,10360
405,2019-01-23,449,9980,10429
405,2019-01-24,475,10674,11149
405,2019-01-25,472,10367,10839
405,2019-01-26,265,6390,6655
405,2019-01-27,45,4714,4759
405,2019-01-28,450,9628,10078
405,2019-01-29,457,10383,10840
405,2019-01-30,362,7645,8007
405,2019-01-31,371,8947,9318
405,2019-02-01,401,9621,10022
405,2019-02-02,276,6197,6473
405,2019-02-03,43,5017,5060
405,2019-02-04,441,10049,10490
405,2019-02-05,412,10706,11118
405,2019-02-06,467,10579,11046
405,2019-02-07,478,10631,11109
405,2019-02-08,478,10618,11096
405,2019-02-09,290,7049,7339
405,2019-02-10,48,4501,4549
405,2019-02-11,455,10231,10686
405,2019-02-12,447,10689,11136
405,2019-02-13,437,10617,11054
405,2019-02-14,479,11177,11656
405,2019-02-15,513,10326,10839
405,2019-02-16,312,6146,6458
405,2019-02-17,46,4941,4987
405,2019-02-18,509,8614,9123
405,2019-02-19,471,8854,9325
405,2019-02-20,509,9138,9647
405,2019-02-21,458,9324,9782
405,2019-02-22,398,9000,9398
405,2019-02-23,312,6200,6512
405,2019-02-24,54,5313,5367
405,2019-02-25,449,10577,11026
405,2019-02-26,431,11370,11801
405,2019-02-27,545,10989,11534
405,2019-02-28,552,11152,11704
405,2019-03-01,476,10567,11043
405,2019-03-02,341,6976,7317
405,2019-03-03,38,5452,5490
405,2019-03-04,437,9705,10142
405,2019-03-05,471,10469,10940
405,2019-03-06,472,10868,11340
405,2019-03-07,439,11104,11543
405,2019-03-08,527,10973,11500
405,2019-03-09,302,7621,7923
405,2019-03-10,50,3832,3882
405,2019-03-11,432,9563,9995
405,2019-03-12,531,11620,12151
405,2019-03-13,471,11025,11496
405,2019-03-14,463,11219,11682
405,2019-03-15,439,11148,11587
405,2019-03-16,280,6826,7106
405,2019-03-17,60,5559,5619
405,2019-03-18,497,10512,11009
405,2019-03-19,532,11258,11790
405,2019-03-20,466,11279,11745
405,2019-03-21,524,11695,12219
405,2019-03-22,511,11714,12225
405,2019-03-23,326,8508,8834
405,2019-03-24,60,6166,6226
405,2019-03-25,490,10848,11338
405,2019-03-26,475,11173,11648
405,2019-03-27,496,11586,12082
405,2019-03-28,539,12201,12740
405,2019-03-29,515,12197,12712
405,2019-03-30,288,7975,8263
405,2019-04-01,488,10904,11392
405,2019-04-02,456,11299,11755
405,2019-04-03,470,11011,11481
405,2019-04-04,534,11264,11798
405,2019-04-05,473,11265,11738
405,2019-04-06,303,6895,7198
405,2019-04-07,67,5334,5401
405,2019-04-08,488,9152,9640
405,2019-04-09,438,9538,9976
405,2019-04-10,453,9936,10389
405,2019-04-11,478,10432,10910
405,2019-04-12,456,9781,10237
405,2019-04-13,309,6166,6475
405,2019-04-14,55,4872,4927
405,2019-04-15,479,9233,9712
405,2019-04-16,461,9604,10065
405,2019-04-17,505,9664,10169
405,2019-04-18,491,9981,10472
405,2019-04-19,446,9471,9917
405,2019-04-20,286,6547,6833
405,2019-04-21,49,5792,5841
405,2019-04-22,45,5810,5855
405,2019-04-23,487,10976,11463
405,2019-04-24,432,10799,11231
405,2019-04-25,463,11279,11742
405,2019-04-26,532,11403,11935
405,2019-04-27,295,7226,7521
405,2019-04-28,49,5193,5242
405,2019-04-29,494,11295,11789
405,2019-04-30,481,11868,12349
405,2019-05-01,47,5769,5816
405,2019-05-02,514,11168,11682
405,2019-05-03,575,11068,11643
405,2019-05-04,273,6473,6746
405,2019-05-05,70,5951,6021
405,2019-05-06,553,10870,11423
405,2019-05-07,528,11603,12131
405,2019-05-08,491,11612,12103
405,2019-05-09,51,4696,4747
405,2019-05-10,471,10465,10936
405,2019-05-11,304,7734,8038
405,2019-05-12,66,6545,6611
405,2019-05-13,542,10963,11505
405,2019-05-14,540,11662,12202
405,2019-05-15,546,11553,12099
405,2019-05-16,536,11831,12367
405,2019-05-17,480,11490,11970
405,2019-05-18,287,8131,8418
405,2019-05-19,62,6135,6197
405,2019-05-20,456,11051,11507
405,2019-05-21,476,11719,12195
405,2019-05-22,529,11816,12345
405,2019-05-23,490,12213,12703
405,2019-05-24,592,11880,12472
405,2019-05-25,325,7290,7615
405,2019-05-26,72,6363,6435
405,2019-05-27,412,8678,9090
405,2019-05-28,384,8986,9370
405,2019-05-29,442,9556,9998
405,2019-05-30,48,5472,5520
405,2019-05-31,374,8989,9363
405,2019-06-01,270,6999,7269
405,2019-06-02,60,6487,6547
405,2019-06-03,511,11045,11556
405,2019-06-04,528,11139,11667
405,2019-06-05,517,10710,11227
405,2019-06-06,552,11081,11633
405,2019-06-07,526,11419,11945
405,2019-06-08,307,6960,7267
405,2019-06-09,61,5937,5998
405,2019-06-10,67,4608,4675
405,2019-06-11,480,10638,11118
405,2019-06-12,476,11093,11569
405,2019-06-13,499,11707,12206
405,2019-06-14,495,11462,11957
405,2019-06-15,311,7877,8188
405,2019-06-16,65,7040,7105
405,2019-06-17,502,10894,11396
405,2019-06-18,573,11796,12369
405,2019-06-19,580,11386,11966
405,2019-06-20,513,11600,12113
405,2019-06-21,494,11569,12063
405,2019-06-22,315,7272,7587
405,2019-06-23,68,6127,6195
405,2019-06-24,492,10957,11449
405,2019-06-25,519,11567,12086
405,2019-06-26,598,11768,12366
405,2019-06-27,619,12144,12763
405,2019-06-28,616,12221,12837
405,2019-06-29,397,11369,11766
405,2019-06-30,78,8653,8731
405,2019-07-01,545,11116,11661
405,2019-07-02,480,11477,11957
405,2019-07-03,521,11527,12048
405,2019-07-04,480,12428,12908
405,2019-07-05,554,12084,12638
405,2019-07-06,309,7867,8176
405,2019-07-07,76,6240,6316
405,2019-07-08,549,10751,11300
405,2019-07-09,492,11165,11657
405,2019-07-10,477,11479,11956
405,2019-07-11,469,11264,11733
405,2019-07-12,482,11497,11979
405,2019-07-13,318,7070,7388
405,2019-07-14,63,4854,4917
405,2019-07-15,465,9920,10385
405,2019-07-16,465,10568,11033
405,2019-07-17,440,10543,10983
405,2019-07-18,517,10541,11058
405,2019-07-19,467,10379,10846
405,2019-07-20,290,6505,6795
405,2019-07-21,55,5448,5503
405,2019-07-22,490,9686,10176
405,2019-07-23,420,10217,10637
405,2019-07-24,455,10294,10749
405,2019-07-25,391,9929,10320
405,2019-07-26,371,9435,9806
405,2019-07-27,265,5900,6165
405,2019-07-28,70,4689,4759
405,2019-07-29,346,8599,8945
405,2019-07-30,347,8824,9171
405,2019-07-31,368,9050,9418
405,2019-08-01,356,8695,9051
405,2019-08-02,358,8501,8859
405,2019-08-03,264,5911,6175
405,2019-08-04,56,5477,5533
405,2019-08-05,349,8424,8773
405,2019-08-06,348,8345,8693
405,2019-08-07,303,7972,8275
405,2019-08-08,339,8053,8392
405,2019-08-09,346,7479,7825
405,2019-08-10,269,5008,5277
405,2019-08-11,55,4323,4378
405,2019-08-12,358,7701,8059
405,2019-08-13,344,7961,8305
405,2019-08-14,315,8001,8316
405,2019-08-15,49,3950,3999
405,2019-08-16,298,6804,7102
405,2019-08-17,260,4619,4879
405,2019-08-18,43,4021,4064
405,2019-08-19,349,7896,8245
405,2019-08-20,376,8301,8677
405,2019-08-21,356,9122,9478
405,2019-08-22,392,8800,9192
405,2019-08-23,369,9145,9514
405,2019-08-24,318,8100,8418
405,2019-08-25,59,6791,6850
405,2019-08-26,432,9050,9482
405,2019-08-27,438,9725,10163
405,2019-08-28,456,9687,10143
405,2019-08-29,420,9977,10397
405,2019-08-30,402,9988,10390
405,2019-08-31,288,7184,7472
405,2019-09-01,62,5889,5951
405,2019-09-02,480,9406,9886
405,2019-09-03,560,10165,10725
405,2019-09-04,519,10213,10732
405,2019-09-05,524,9988,10512
405,2019-09-06,446,10168,10614
405,2019-09-07,305,6612,6917
405,2019-09-08,67,5497,5564
405,2019-09-09,555,12120,12675
405,2019-09-10,479,11733,12212
405,2019-09-11,535,11451,11986
405,2019-09-12,533,11506,12039
405,2019-09-13,589,10736,11325
405,2019-09-14,309,7410,7719
405,2019-09-15,65,6250,6315
405,2019-09-16,569,10681,11250
405,2019-09-17,553,11851,12404
405,2019-09-18,528,11237,11765
405,2019-09-19,546,11754,12300
405,2019-09-20,605,11367,11972
405,2019-09-21,350,9058,9408
405,2019-09-22,63,6978,7041
405,2019-09-23,526,10720,11246
405,2019-09-24,492,11132,11624
405,2019-09-25,481,10917,11398
405,2019-09-26,498,11237,11735
405,2019-09-27,471,11186,11657
405,2019-09-28,279,7338,7617
405,2019-09-29,72,5676,5748
405,2019-09-30,464,10791,11255
405,2019-10-01,457,11512,11969
405,2019-10-02,500,11463,11963
405,2019-10-03,497,11678,12175
405,2019-10-04,525,11458,11983
405,2019-10-05,292,7796,8088
405,2019-10-06,48,5936,5984
405,2019-10-07,442,10665,11107
405,2019-10-08,443,11043,11486
405,2019-10-09,462,10751,11213
405,2019-10-10,538,10954,11492
405,2019-10-11,532,11342,11874
405,2019-10-12,304,7769,8073
405,2019-10-13,61,6324,6385
405,2019-10-14,497,11027,11524
405,2019-10-15,469,11687,12156
405,2019-10-16,497,11533,12030
405,2019-10-17,496,12358,12854
405,2019-10-18,514,11812,12326
405,2019-10-19,307,7447,7754
405,2019-10-20,48,5288,5336
405,2019-10-21,474,10971,11445
405,2019-10-22,479,11633,12112
405,2019-10-23,515,11484,11999
405,2019-10-24,524,12201,12725
405,2019-10-25,489,11639,12128
405,2019-10-26,327,7942,8269
405,2019-10-27,49,5350,5399
405,2019-10-28,492,10309,10801
405,2019-10-29,455,10674,11129
405,2019-10-30,535,10328,10863
405,2019-11-01,32,5537,5569
405,2019-11-02,265,6299,6564
405,2019-11-03,36,4912,4948
405,2019-11-04,498,10462,10960
405,2019-11-05,534,11589,12123
405,2019-11-06,509,11573,12082
405,2019-11-07,527,11676,12203
405,2019-11-08,560,11292,11852
405,2019-11-09,317,8732,9049
405,2019-11-10,51,5902,5953
405,2019-11-11,531,10514,11045
405,2019-11-12,488,11034,11522
405,2019-11-13,484,10719,11203
405,2019-11-14,497,11130,11627
405,2019-11-15,505,11256,11761
405,2019-11-16,318,7371,7689
405,2019-11-17,50,6123,6173
405,2019-11-18,461,10247,10708
405,2019-11-19,512,11383,11895
405,2019-11-20,540,10863,11403
405,2019-11-21,551,11084,11635
405,2019-11-22,518,10977,11495
405,2019-11-23,304,7330,7634
405,2019-11-24,46,5790,5836
405,2019-11-25,468,10246,10714
405,2019-11-26,498,10964,11462
405,2019-11-27,474,11243,11717
405,2019-11-28,476,11193,11669
405,2019-11-29,490,11515,12005
405,2019-11-30,341,7518,7859
405,2019-12-01,53,4759,4812
405,2019-12-02,481,9958,10439
405,2019-12-03,508,10925,11433
405,2019-12-04,535,10694,11229
405,2019-12-05,537,10874,11411
405,2019-12-06,499,10140,10639
405,2019-12-07,320,6752,7072
405,2019-12-08,40,5055,5095
405,2019-12-09,467,10324,10791
405,2019-12-10,467,10875,11342
405,2019-12-11,429,10715,11144
405,2019-12-12,525,11168,11693
405,2019-12-13,429,11296,11725
405,2019-12-14,293,7597,7890
405,2019-12-15,49,5442,5491
405,2019-12-16,483,10887,11370
405,2019-12-17,443,11184,11627
405,2019-12-18,522,11342,11864
405,2019-12-19,455,11311,11766
405,2019-12-20,410,10697,11107
405,2019-12-21,281,6409,6690
405,2019-12-22,43,4647,4690
405,2019-12-23,321,7727,8048
405,2019-12-24,268,6157,6425
405,2019-12-25,33,3839,3872
405,2019-12-26,46,3692,3738
405,2019-12-27,320,6183,6503
405,2019-12-28,279,5056,5335
405,2019-12-29,39,4255,4294
405,2019-12-30,313,6113,6426
405,2019-12-31,299,5433,5732
406,2019-01-07,271,9158,9429
406,2019-01-10,321,10234,10555
406,2019-01-11,293,10015,10308
406,2019-01-17,467,10630,11097
406,2019-01-18,462,10355,10817
406,2019-01-19,114,6910,7024
406,2019-01-20,16,4178,4194
406,2019-01-21,450,10153,10603
406,2019-01-22,404,10049,10453
406,2019-01-23,356,10267,10623
406,2019-01-24,389,10426,10815
406,2019-01-25,377,10193,10570
406,2019-01-29,366,10508,10874
406,2019-01-30,211,7434,7645
406,2019-01-31,267,9227,9494
406,2019-02-02,95,6723,6818
406,2019-02-03,24,4158,4182
406,2019-02-04,373,10095,10468
406,2019-02-05,374,10513,10887
406,2019-02-06,396,10897,11293
406,2019-02-07,429,10768,11197
406,2019-02-08,458,10705,11163
406,2019-02-09,124,7172,7296
406,2019-02-10,31,3819,3850
406,2019-02-11,399,10118,10517
406,2019-02-12,427,10807,11234
406,2019-02-13,382,10791,11173
406,2019-02-14,455,11366,11821
406,2019-02-15,512,10479,10991
406,2019-02-16,151,6461,6612
406,2019-02-17,22,4235,4257
406,2019-02-18,468,8924,9392
406,2019-02-19,454,9166,9620
406,2019-02-20,469,9352,9821
406,2019-02-21,435,9125,9560
406,2019-02-22,442,9110,9552
406,2019-02-23,147,6469,6616
406,2019-02-24,35,4351,4386
406,2019-02-25,502,10371,10873
406,2019-02-26,506,11005,11511
406,2019-02-27,571,11190,11761
406,2019-02-28,538,11067,11605
406,2019-03-01,475,11104,11579
406,2019-03-02,166,7714,7880
406,2019-03-03,31,4647,4678
406,2019-03-04,398,9396,9794
406,2019-03-05,524,10527,11051
406,2019-03-06,523,10930,11453
406,2019-03-07,478,11297,11775
406,2019-03-08,600,11193,11793
406,2019-03-09,109,7988,8097
406,2019-03-10,36,3734,3770
406,2019-03-11,492,10817,11309
406,2019-03-12,559,11506,12065
406,2019-03-13,469,11056,11525
406,2019-03-14,466,11734,12200
406,2019-03-15,453,11811,12264
406,2019-03-16,142,7571,7713
406,2019-03-17,31,4498,4529
406,2019-03-18,403,10845,11248
406,2019-03-19,492,11593,12085
406,2019-03-20,473,11853,12326
406,2019-03-21,483,12139,12622
406,2019-03-22,528,12294,12822
406,2019-03-23,174,9045,9219
406,2019-03-24,58,5484,5542
406,2019-03-25,551,11399,11950
406,2019-03-26,515,11654,12169
406,2019-03-27,496,12492,12988
406,2019-03-28,517,11922,12439
406,2019-03-29,470,12135,12605
406,2019-03-30,119,8409,8528
406,2019-04-01,478,11311,11789
406,2019-04-02,540,11957,12497
406,2019-04-03,477,11956,12433
406,2019-04-04,599,11836,12435
406,2019-04-05,516,11554,12070
406,2019-04-06,155,7537,7692
406,2019-04-07,56,4610,4666
406,2019-04-08,469,10191,10660
406,2019-04-09,482,10481,10963
406,2019-04-10,473,10908,11381
406,2019-04-11,531,11200,11731
406,2019-04-12,482,10501,10983
406,2019-04-13,152,7127,7279
406,2019-04-14,30,4480,4510
406,2019-04-15,450,10237,10687
406,2019-04-16,515,10592,11107
406,2019-04-17,477,10513,10990
406,2019-04-18,497,10747,11244
406,2019-04-19,587,10272,10859
406,2019-04-20,132,6792,6924
406,2019-04-21,38,5371,5409
406,2019-04-22,36,4897,4933
406,2019-04-23,607,11547,12154
406,2019-04-24,507,11226,11733
406,2019-04-25,513,11590,12103
406,2019-04-26,582,11865,12447
406,2019-04-27,158,7870,8028
406,2019-04-28,39,4837,4876
406,2019-04-29,540,11234,11774
406,2019-04-30,638,11924,12562
406,2019-05-01,39,4750,4789
406,2019-05-02,567,11149,11716
406,2019-05-03,623,11308,11931
406,2019-05-04,126,6958,7084
406,2019-05-05,29,4662,4691
406,2019-05-06,609,11008,11617
406,2019-05-07,725,11569,12294
406,2019-05-08,626,11958,12584
406,2019-05-09,38,4275,4313
406,2019-05-10,377,10504,10881
406,2019-05-11,160,8070,8230
406,2019-05-12,51,5827,5878
406,2019-05-13,543,11042,11585
406,2019-05-14,544,12066,12610
406,2019-05-15,622,11792,12414
406,2019-05-16,619,11684,12303
406,2019-05-17,643,11683,12326
406,2019-05-18,185,8273,8458
406,2019-05-19,47,5152,5199
406,2019-05-20,558,11723,12281
406,2019-05-21,604,12166,12770
406,2019-05-22,586,12626,13212
406,2019-05-23,580,12981,13561
406,2019-05-24,555,12269,12824
406,2019-05-25,196,7184,7380
406,2019-05-26,49,4736,4785
406,2019-05-27,534,9930,10464
406,2019-05-28,518,10336,10854
406,2019-05-29,553,10673,11226
406,2019-05-30,56,4346,4402
406,2019-05-31,295,9296,9591
406,2019-06-01,131,7007,7138
406,2019-06-02,58,5707,5765
406,2019-06-03,492,10883,11375
406,2019-06-04,549,11085,11634
406,2019-06-05,462,10637,11099
406,2019-06-06,525,11031,11556
406,2019-06-07,517,10989,11506
406,2019-06-08,174,7953,8127
406,2019-06-09,66,5762,5828
406,2019-06-10,75,4303,4378
406,2019-06-11,569,11072,11641
406,2019-06-12,558,11351,11909
406,2019-06-13,538,11679,12217
406,2019-06-14,505,11504,12009
406,2019-06-15,175,7887,8062
406,2019-06-16,60,5698,5758
406,2019-06-17,557,10721,11278
406,2019-06-18,476,11165,11641
406,2019-06-19,379,11089,11468
406,2019-06-20,522,11468,11990
406,2019-06-21,535,11295,11830
406,2019-06-22,147,6785,6932
406,2019-06-23,33,4877,4910
406,2019-06-24,480,10857,11337
406,2019-06-25,396,11065,11461
406,2019-06-26,428,10790,11218
406,2019-06-27,404,11279,11683
406,2019-06-28,426,11694,12120
406,2019-06-29,169,10109,10278
406,2019-06-30,62,8086,8148
406,2019-07-01,449,10736,11185
406,2019-07-02,532,11567,12099
406,2019-07-03,646,11795,12441
406,2019-07-04,568,11597,12165
406,2019-07-05,575,11704,12279
406,2019-07-06,145,8079,8224
406,2019-07-07,55,5980,6035
406,2019-07-08,498,11072,11570
406,2019-07-09,512,11638,12150
406,2019-07-10,559,11406,11965
406,2019-07-11,539,11507,12046
406,2019-07-12,520,11559,12079
406,2019-07-13,129,7707,7836
406,2019-07-14,12,3202,3214
406,2019-07-15,478,10683,11161
406,2019-07-16,399,10969,11368
406,2019-07-17,442,10888,11330
406,2019-07-18,448,10549,10997
406,2019-07-19,438,10663,11101
406,2019-07-20,195,6904,7099
406,2019-07-21,42,4945,4987
406,2019-07-22,391,9880,10271
406,2019-07-23,428,10253,10681
406,2019-07-24,391,10309,10700
406,2019-07-25,318,9724,10042
406,2019-07-26,310,9244,9554
406,2019-07-27,106,5991,6097
406,2019-07-28,55,3985,4040
406,2019-07-29,272,8565,8837
406,2019-07-30,245,8656,8901
406,2019-07-31,281,8796,9077
406,2019-08-01,265,8302,8567
406,2019-08-02,247,8071,8318
406,2019-08-03,108,5806,5914
406,2019-08-04,46,4519,4565
406,2019-08-05,238,7473,7711
406,2019-08-06,232,7708,7940
406,2019-08-07,213,7745,7958
406,2019-08-08,198,8061,8259
406,2019-08-09,248,7469,7717
406,2019-08-10,109,5178,5287
406,2019-08-11,41,3853,3894
406,2019-08-12,253,7751,8004
406,2019-08-13,228,8121,8349
406,2019-08-14,216,7948,8164
406,2019-08-15,49,3525,3574
406,2019-08-16,207,7148,7355
406,2019-08-17,105,5400,5505
406,2019-08-18,27,3549,3576
406,2019-08-19,302,8490,8792
406,2019-08-20,422,8877,9299
406,2019-08-21,345,9231,9576
406,2019-08-22,373,8866,9239
406,2019-08-23,359,8876,9235
406,2019-08-24,144,7379,7523
406,2019-08-25,52,5417,5469
406,2019-08-26,478,9070,9548
406,2019-08-27,475,9162,9637
406,2019-08-28,467,9536,10003
406,2019-08-29,458,9911,10369
406,2019-08-30,451,9786,10237
406,2019-08-31,142,7197,7339
406,2019-09-01,46,5392,5438
406,2019-09-02,411,9326,9737
406,2019-09-03,466,9726,10192
406,2019-09-04,524,10170,10694
406,2019-09-05,537,10148,10685
406,2019-09-06,568,10060,10628
406,2019-09-07,143,6994,7137
406,2019-09-08,50,4838,4888
406,2019-09-09,492,9862,10354
406,2019-09-10,534,11283,11817
406,2019-09-11,566,11371,11937
406,2019-09-12,514,11568,12082
406,2019-09-13,612,10933,11545
406,2019-09-14,185,7558,7743
406,2019-09-15,40,5589,5629
406,2019-09-16,559,10265,10824
406,2019-09-17,620,11758,12378
406,2019-09-18,501,11486,11987
406,2019-09-19,545,11400,11945
406,2019-09-20,526,11441,11967
406,2019-09-21,175,9034,9209
406,2019-09-22,59,6136,6195
406,2019-09-23,534,10768,11302
406,2019-09-24,518,10981,11499
406,2019-09-25,498,11605,12103
406,2019-09-26,547,11626,12173
406,2019-09-27,599,11416,12015
406,2019-09-28,134,8006,8140
406,2019-09-29,25,5023,5048
406,2019-09-30,649,11082,11731
406,2019-10-01,535,11568,12103
406,2019-10-02,620,11546,12166
406,2019-10-03,605,11449,12054
406,2019-10-04,549,11690,12239
406,2019-10-05,161,8072,8233
406,2019-10-06,39,5049,5088
406,2019-10-07,483,10899,11382
406,2019-10-08,512,11320,11832
406,2019-10-09,454,10692,11146
406,2019-10-10,542,11359,11901
406,2019-10-11,481,11419,11900
406,2019-10-12,143,7618,7761
406,2019-10-13,48,5912,5960
406,2019-10-14,491,11235,11726
406,2019-10-15,564,11890,12454
406,2019-10-16,515,11642,12157
406,2019-10-17,444,12146,12590
406,2019-10-18,495,12036,12531
406,2019-10-19,110,7474,7584
406,2019-10-20,19,5222,5241
406,2019-10-21,458,11081,11539
406,2019-10-22,498,11683,12181
406,2019-10-23,423,11487,11910
406,2019-10-24,444,11699,12143
406,2019-10-25,421,11290,11711
406,2019-10-26,160,7661,7821
406,2019-10-27,32,4865,4897
406,2019-10-28,455,10105,10560
406,2019-10-29,491,10462,10953
406,2019-10-30,462,10425,10887
406,2019-11-01,29,4667,4696
406,2019-11-02,116,7077,7193
406,2019-11-03,29,4446,4475
406,2019-11-04,455,10630,11085
406,2019-11-05,429,11591,12020
406,2019-11-06,474,11837,12311
406,2019-11-07,466,11675,12141
406,2019-11-08,463,11517,11980
406,2019-11-09,159,8967,9126
406,2019-11-10,24,4574,4598
406,2019-11-11,450,10575,11025
406,2019-11-12,445,11198,11643
406,2019-11-13,461,11190,11651
406,2019-11-14,436,11262,11698
406,2019-11-15,450,11408,11858
406,2019-11-16,139,7612,7751
406,2019-11-17,39,5064,5103
406,2019-11-18,412,10440,10852
406,2019-11-19,477,11396,11873
406,2019-11-20,487,11331,11818
406,2019-11-21,461,10985,11446
406,2019-11-22,484,11078,11562
406,2019-11-23,125,7503,7628
406,2019-11-24,28,4654,4682
406,2019-11-25,462,10369,10831
406,2019-11-26,479,11344,11823
406,2019-11-27,505,11514,12019
406,2019-11-28,436,11288,11724
406,2019-11-29,472,12151,12623
406,2019-11-30,132,7596,7728
406,2019-12-01,32,4783,4815
406,2019-12-02,444,10290,10734
406,2019-12-03,414,11068,11482
406,2019-12-04,482,11114,11596
406,2019-12-05,484,11282,11766
406,2019-12-06,433,10622,11055
406,2019-12-07,109,6950,7059
406,2019-12-08,24,4707,4731
406,2019-12-09,457,10641,11098
406,2019-12-10,478,11083,11561
406,2019-12-11,500,11071,11571
406,2019-12-12,486,10929,11415
406,2019-12-13,456,11221,11677
406,2019-12-14,106,7398,7504
406,2019-12-15,18,5151,5169
406,2019-12-16,479,10898,11377
406,2019-12-17,504,11427,11931
406,2019-12-18,479,11223,11702
406,2019-12-19,433,11104,11537
406,2019-12-20,301,10868,11169
406,2019-12-21,7,234,241
406,2019-12-22,8,3669,3677
406,2019-12-23,125,6036,6161
406,2019-12-24,117,4605,4722
406,2019-12-25,10,3172,3182
406,2019-12-26,16,3058,3074
406,2019-12-27,107,5512,5619
406,2019-12-28,66,5166,5232
406,2019-12-29,35,4358,4393
406,2019-12-30,175,6558,6733
406,2019-12-31,153,5038,5191
407,2019-01-01,139,2929,3068
407,2019-01-02,585,12764,13349
407,2019-01-03,617,13262,13879
407,2019-01-04,620,14321,14941
407,2019-01-05,367,12756,13123
407,2019-01-06,128,7958,8086
407,2019-01-07,679,14086,14765
407,2019-01-08,732,14557,15289
407,2019-01-09,706,14558,15264
407,2019-01-10,740,15274,16014
407,2019-01-11,745,15751,16496
407,2019-01-12,365,14356,14721
407,2019-01-13,132,4371,4503
407,2019-01-14,735,14991,15726
407,2019-01-15,782,15053,15835
407,2019-01-16,759,15006,15765
407,2019-01-17,747,15608,16355
407,2019-01-18,746,15892,16638
407,2019-01-19,414,13874,14288
407,2019-01-20,130,4588,4718
407,2019-01-21,801,14450,15251
407,2019-01-22,836,14011,14847
407,2019-01-23,859,13629,14488
407,2019-01-24,823,14480,15303
407,2019-01-25,818,15227,16045
407,2019-01-26,380,12901,13281
407,2019-01-27,128,4485,4613
407,2019-01-28,753,13691,14444
407,2019-01-29,822,14237,15059
407,2019-01-30,669,11286,11955
407,2019-01-31,704,13342,14046
407,2019-02-01,692,14910,15602
407,2019-02-02,401,12813,13214
407,2019-02-03,124,4501,4625
407,2019-02-04,714,14195,14909
407,2019-02-05,874,14670,15544
407,2019-02-06,811,14943,15754
407,2019-02-07,751,15972,16723
407,2019-02-08,771,15458,16229
407,2019-02-09,436,13098,13534
407,2019-02-10,126,4021,4147
407,2019-02-11,742,14577,15319
407,2019-02-12,805,15182,15987
407,2019-02-13,719,15250,15969
407,2019-02-14,758,16112,16870
407,2019-02-15,746,15816,16562
407,2019-02-16,387,11820,12207
407,2019-02-17,137,4138,4275
407,2019-02-18,652,12756,13408
407,2019-02-19,704,13406,14110
407,2019-02-20,699,13323,14022
407,2019-02-21,675,13583,14258
407,2019-02-22,642,14399,15041
407,2019-02-23,381,11573,11954
407,2019-02-24,144,4410,4554
407,2019-02-25,700,14359,15059
407,2019-02-26,772,14723,15495
407,2019-02-27,775,14931,15706
407,2019-02-28,728,15475,16203
407,2019-03-01,748,16466,17214
407,2019-03-02,430,13435,13865
407,2019-03-03,148,4392,4540
407,2019-03-04,763,13757,14520
407,2019-03-05,760,14725,15485
407,2019-03-06,778,15002,15780
407,2019-03-07,782,15971,16753
407,2019-03-08,788,16267,17055
407,2019-03-09,421,13948,14369
407,2019-03-10,166,4319,4485
407,2019-03-11,781,14749,15530
407,2019-03-12,843,14802,15645
407,2019-03-13,840,15123,15963
407,2019-03-14,729,15184,15913
407,2019-03-15,767,16634,17401
407,2019-03-16,391,13303,13694
407,2019-03-17,148,4641,4789
407,2019-03-18,867,14855,15722
407,2019-03-19,818,14846,15664
407,2019-03-20,793,15212,16005
407,2019-03-21,796,15786,16582
407,2019-03-22,774,16478,17252
407,2019-03-23,459,13692,14151
407,2019-03-24,164,4932,5096
407,2019-03-25,786,15313,16099
407,2019-03-26,806,14992,15798
407,2019-03-27,831,15250,16081
407,2019-03-28,834,15906,16740
407,2019-03-29,773,17334,18107
407,2019-03-30,424,13642,14066
407,2019-04-01,772,14689,15461
407,2019-04-02,803,15182,15985
407,2019-04-03,786,15342,16128
407,2019-04-04,767,15873,16640
407,2019-04-05,763,16518,17281
407,2019-04-06,406,12276,12682
407,2019-04-07,157,4532,4689
407,2019-04-08,958,15527,16485
407,2019-04-09,998,16357,17355
407,2019-04-10,978,15790,16768
407,2019-04-11,848,14557,15405
407,2019-04-12,739,15010,15749
407,2019-04-13,366,11976,12342
407,2019-04-14,140,4130,4270
407,2019-04-15,789,13784,14573
407,2019-04-16,850,14323,15173
407,2019-04-17,820,14276,15096
407,2019-04-18,818,14198,15016
407,2019-04-19,759,14852,15611
407,2019-04-20,405,11138,11543
407,2019-04-21,134,4293,4427
407,2019-04-22,143,4328,4471
407,2019-04-23,840,14817,15657
407,2019-04-24,865,15421,16286
407,2019-04-25,795,16075,16870
407,2019-04-26,798,16891,17689
407,2019-04-27,449,14386,14835
407,2019-04-28,164,4544,4708
407,2019-04-29,809,15456,16265
407,2019-04-30,791,16744,17535
407,2019-05-01,132,4226,4358
407,2019-05-02,793,16045,16838
407,2019-05-03,774,17047,17821
407,2019-05-04,394,13251,13645
407,2019-05-05,156,4622,4778
407,2019-05-06,809,15002,15811
407,2019-05-07,807,15384,16191
407,2019-05-08,820,17083,17903
407,2019-05-09,166,4162,4328
407,2019-05-10,765,16238,17003
407,2019-05-11,445,15448,15893
407,2019-05-12,189,4952,5141
407,2019-05-13,797,15464,16261
407,2019-05-14,844,16042,16886
407,2019-05-15,842,15396,16238
407,2019-05-16,832,16116,16948
407,2019-05-17,825,16959,17784
407,2019-05-18,533,13359,13892
407,2019-05-19,155,4505,4660
407,2019-05-20,814,14840,15654
407,2019-05-21,787,15377,16164
407,2019-05-22,798,15717,16515
407,2019-05-23,833,15594,16427
407,2019-05-24,825,16369,17194
407,2019-05-25,432,12685,13117
407,2019-05-26,142,4963,5105
407,2019-05-27,787,13972,14759
407,2019-05-28,809,14147,14956
407,2019-05-29,793,14806,15599
407,2019-05-30,137,4090,4227
407,2019-05-31,709,13982,14691
407,2019-06-01,454,10375,10829
407,2019-06-02,181,4667,4848
407,2019-06-03,793,14887,15680
407,2019-06-04,833,15637,16470
407,2019-06-05,855,14817,15672
407,2019-06-06,831,15635,16466
407,2019-06-07,841,16692,17533
407,2019-06-08,122,16031,16153
407,2019-06-09,17,1767,1784
407,2019-06-10,6,1348,1354
407,2019-06-11,812,14900,15712
407,2019-06-12,809,15632,16441
407,2019-06-13,804,15626,16430
407,2019-06-14,830,16242,17072
407,2019-06-15,449,13885,14334
407,2019-06-16,154,4672,4826
407,2019-06-17,792,14581,15373
407,2019-06-18,768,14869,15637
407,2019-06-19,795,15063,15858
407,2019-06-20,773,15865,16638
407,2019-06-21,824,16241,17065
407,2019-06-22,412,12369,12781
407,2019-06-23,160,5209,5369
407,2019-06-24,823,15083,15906
407,2019-06-25,823,16002,16825
407,2019-06-26,845,15608,16453
407,2019-06-27,834,16168,17002
407,2019-06-28,807,17494,18301
407,2019-06-29,449,14357,14806
407,2019-06-30,185,7943,8128
407,2019-07-01,807,15676,16483
407,2019-07-02,821,15715,16536
407,2019-07-03,845,15998,16843
407,2019-07-04,805,16522,17327
407,2019-07-05,838,16517,17355
407,2019-07-06,468,13441,13909
407,2019-07-07,161,5106,5267
407,2019-07-08,811,15559,16370
407,2019-07-09,871,15758,16629
407,2019-07-10,792,15651,16443
407,2019-07-11,878,16075,16953
407,2019-07-12,900,16241,17141
407,2019-07-13,438,12561,12999
407,2019-07-14,137,4391,4528
407,2019-07-15,788,14725,15513
407,2019-07-16,852,14676,15528
407,2019-07-17,785,14919,15704
407,2019-07-18,770,14712,15482
407,2019-07-19,806,15801,16607
407,2019-07-20,429,10965,11394
407,2019-07-21,151,4336,4487
407,2019-07-22,793,14723,15516
407,2019-07-23,800,14443,15243
407,2019-07-24,794,14760,15554
407,2019-07-25,718,14365,15083
407,2019-07-26,668,14369,15037
407,2019-07-27,365,11183,11548
407,2019-07-28,158,3869,4027
407,2019-07-29,667,12987,13654
407,2019-07-30,695,12912,13607
407,2019-07-31,662,13115,13777
407,2019-08-01,652,13132,13784
407,2019-08-02,658,13092,13750
407,2019-08-03,393,9858,10251
407,2019-08-04,128,3813,3941
407,2019-08-05,596,11767,12363
407,2019-08-06,628,11929,12557
407,2019-08-07,624,12498,13122
407,2019-08-08,633,12062,12695
407,2019-08-09,625,12440,13065
407,2019-08-10,440,9345,9785
407,2019-08-11,152,3495,3647
407,2019-08-12,665,11671,12336
407,2019-08-13,670,11859,12529
407,2019-08-14,648,12470,13118
407,2019-08-15,141,3377,3518
407,2019-08-16,585,11757,12342
407,2019-08-17,355,9789,10144
407,2019-08-18,120,3447,3567
407,2019-08-19,731,12312,13043
407,2019-08-20,809,12742,13551
407,2019-08-21,735,12896,13631
407,2019-08-22,725,12582,13307
407,2019-08-23,684,13280,13964
407,2019-08-24,385,10109,10494
407,2019-08-25,176,5657,5833
407,2019-08-26,749,11800,12549
407,2019-08-27,770,11391,12161
407,2019-08-28,689,9707,10396
407,2019-08-29,684,10766,11450
407,2019-08-30,745,11125,11870
407,2019-08-31,405,9502,9907
407,2019-09-01,228,7946,8174
407,2019-09-02,725,14101,14826
407,2019-09-03,736,13663,14399
407,2019-09-04,802,13707,14509
407,2019-09-05,785,13984,14769
407,2019-09-06,735,14666,15401
407,2019-09-07,428,11576,12004
407,2019-09-08,175,4604,4779
407,2019-09-09,746,14815,15561
407,2019-09-10,790,14507,15297
407,2019-09-11,739,14500,15239
407,2019-09-12,766,14832,15598
407,2019-09-13,789,15225,16014
407,2019-09-14,411,12880,13291
407,2019-09-15,178,5316,5494
407,2019-09-16,772,14483,15255
407,2019-09-17,781,14797,15578
407,2019-09-18,806,14753,15559
407,2019-09-19,855,15498,16353
407,2019-09-20,828,15862,16690
407,2019-09-21,452,12753,13205
407,2019-09-22,161,4619,4780
407,2019-09-23,786,14549,15335
407,2019-09-24,828,15021,15849
407,2019-09-25,769,14761,15530
407,2019-09-26,758,15657,16415
407,2019-09-27,758,16219,16977
407,2019-09-28,412,13908,14320
407,2019-09-29,171,4511,4682
407,2019-09-30,784,15073,15857
407,2019-10-01,800,15777,16577
407,2019-10-02,795,14967,15762
407,2019-10-03,771,15514,16285
407,2019-10-04,797,16414,17211
407,2019-10-05,428,14101,14529
407,2019-10-06,149,4685,4834
407,2019-10-07,787,15122,15909
407,2019-10-08,728,15906,16634
407,2019-10-09,817,15422,16239
407,2019-10-10,798,15763,16561
407,2019-10-11,805,16377,17182
407,2019-10-12,422,14121,14543
407,2019-10-13,147,4803,4950
407,2019-10-14,793,14486,15279
407,2019-10-15,809,14950,15759
407,2019-10-16,766,14923,15689
407,2019-10-17,844,15462,16306
407,2019-10-18,822,16257,17079
407,2019-10-19,434,13953,14387
407,2019-10-20,126,8114,8240
407,2019-10-21,756,14300,15056
407,2019-10-22,821,14498,15319
407,2019-10-23,796,14754,15550
407,2019-10-24,781,15218,15999
407,2019-10-25,745,15572,16317
407,2019-10-26,414,13509,13923
407,2019-10-27,150,4407,4557
407,2019-10-28,746,14339,15085
407,2019-10-29,759,14580,15339
407,2019-10-30,776,14563,15339
407,2019-11-01,137,4400,4537
407,2019-11-02,424,13098,13522
407,2019-11-03,119,4211,4330
407,2019-11-04,741,15170,15911
407,2019-11-05,830,15548,16378
407,2019-11-06,785,15453,16238
407,2019-11-07,776,16320,17096
407,2019-11-08,804,16828,17632
407,2019-11-09,447,14741,15188
407,2019-11-10,130,5094,5224
407,2019-11-11,778,15717,16495
407,2019-11-12,789,15415,16204
407,2019-11-13,830,15370,16200
407,2019-11-14,863,16196,17059
407,2019-11-15,785,16787,17572
407,2019-11-16,434,14490,14924
407,2019-11-17,146,4830,4976
407,2019-11-18,757,14925,15682
407,2019-11-19,816,14797,15613
407,2019-11-20,807,15113,15920
407,2019-11-21,780,15287,16067
407,2019-11-22,753,16214,16967
407,2019-11-23,415,13465,13880
407,2019-11-24,130,5481,5611
407,2019-11-25,823,14774,15597
407,2019-11-26,806,15321,16127
407,2019-11-27,745,15512,16257
407,2019-11-28,814,15866,16680
407,2019-11-29,805,18540,19345
407,2019-11-30,400,14161,14561
407,2019-12-01,121,8113,8234
407,2019-12-02,802,15190,15992
407,2019-12-03,802,15327,16129
407,2019-12-04,783,15816,16599
407,2019-12-05,752,16457,17209
407,2019-12-06,786,16465,17251
407,2019-12-07,407,13287,13694
407,2019-12-08,119,8091,8210
407,2019-12-09,737,15192,15929
407,2019-12-10,810,15728,16538
407,2019-12-11,733,15965,16698
407,2019-12-12,750,16423,17173
407,2019-12-13,752,17143,17895
407,2019-12-14,418,14699,15117
407,2019-12-15,138,9315,9453
407,2019-12-16,780,15894,16674
407,2019-12-17,809,16342,17151
407,2019-12-18,788,17331,18119
407,2019-12-19,753,17216,17969
407,2019-12-20,713,18130,18843
407,2019-12-21,370,14033,14403
407,2019-12-22,119,9828,9947
407,2019-12-23,565,17356,17921
407,2019-12-24,517,12394,12911
407,2019-12-25,87,3044,3131
407,2019-12-26,124,3473,3597
407,2019-12-27,561,15526,16087
407,2019-12-28,342,11396,11738
407,2019-12-29,123,7866,7989
407,2019-12-30,558,13977,14535
407,2019-12-31,529,10978,11507
413,2019-01-01,92,4111,4203
413,2019-01-02,563,12474,13037
413,2019-01-03,548,13264,13812
413,2019-01-04,574,14570,15144
413,2019-01-05,337,12730,13067
413,2019-01-06,99,7698,7797
413,2019-01-07,624,14672,15296
413,2019-01-08,679,15026,15705
413,2019-01-09,668,15236,15904
413,2019-01-10,717,15836,16553
413,2019-01-11,674,16425,17099
413,2019-01-12,337,14450,14787
413,2019-01-13,95,6127,6222
413,2019-01-14,686,14708,15394
413,2019-01-15,707,15962,16669
413,2019-01-16,717,15994,16711
413,2019-01-17,685,15957,16642
413,2019-01-18,721,16811,17532
413,2019-01-19,404,13996,14400
413,2019-01-20,89,6061,6150
413,2019-01-21,683,15675,16358
413,2019-01-22,783,16160,16943
413,2019-01-23,697,15038,15735
413,2019-01-24,735,16364,17099
413,2019-01-25,736,17322,18058
413,2019-01-26,356,13932,14288
413,2019-01-27,75,5918,5993
413,2019-01-28,701,14223,14924
413,2019-01-29,742,15884,16626
413,2019-01-30,693,13345,14038
413,2019-01-31,689,15993,16682
413,2019-02-01,679,16420,17099
413,2019-02-02,324,13994,14318
413,2019-02-03,92,6170,6262
413,2019-02-04,734,14797,15531
413,2019-02-05,735,15931,16666
413,2019-02-06,729,16243,16972
413,2019-02-07,715,16468,17183
413,2019-02-08,691,16807,17498
413,2019-02-09,396,14254,14650
413,2019-02-10,145,5795,5940
413,2019-02-11,700,15082,15782
413,2019-02-12,720,16258,16978
413,2019-02-13,685,16469,17154
413,2019-02-14,731,17588,18319
413,2019-02-15,703,16925,17628
413,2019-02-16,371,12681,13052
413,2019-02-17,117,5605,5722
413,2019-02-18,644,12292,12936
413,2019-02-19,646,12998,13644
413,2019-02-20,681,12874,13555
413,2019-02-21,625,13141,13766
413,2019-02-22,592,14171,14763
413,2019-02-23,380,11985,12365
413,2019-02-24,91,6323,6414
413,2019-02-25,707,15172,15879
413,2019-02-26,720,16503,17223
413,2019-02-27,732,16237,16969
413,2019-02-28,713,16847,17560
413,2019-03-01,720,18035,18755
413,2019-03-02,370,15428,15798
413,2019-03-03,84,6241,6325
413,2019-03-04,717,15442,16159
413,2019-03-05,741,15945,16686
413,2019-03-06,724,16077,16801
413,2019-03-07,690,16215,16905
413,2019-03-08,708,17444,18152
413,2019-03-09,413,14727,15140
413,2019-03-10,133,6635,6768
413,2019-03-11,729,15781,16510
413,2019-03-12,788,16377,17165
413,2019-03-13,762,15600,16362
413,2019-03-14,685,16281,16966
413,2019-03-15,674,17319,17993
413,2019-03-16,370,14140,14510
413,2019-03-17,119,6534,6653
413,2019-03-18,738,14872,15610
413,2019-03-19,722,16140,16862
413,2019-03-20,701,15648,16349
413,2019-03-21,741,16103,16844
413,2019-03-22,748,17261,18009
413,2019-03-23,400,14225,14625
413,2019-03-24,82,7069,7151
413,2019-03-25,751,15325,16076
413,2019-03-26,754,15966,16720
413,2019-03-27,756,16114,16870
413,2019-03-28,742,17738,18480
413,2019-03-29,784,18757,19541
413,2019-03-30,404,15084,15488
413,2019-04-01,771,16040,16811
413,2019-04-02,737,16792,17529
413,2019-04-03,738,15985,16723
413,2019-04-04,706,16598,17304
413,2019-04-05,729,17155,17884
413,2019-04-06,388,13975,14363
413,2019-04-07,111,6323,6434
413,2019-04-08,693,13882,14575
413,2019-04-09,713,14797,15510
413,2019-04-10,626,14513,15139
413,2019-04-11,679,14615,15294
413,2019-04-12,695,15254,15949
413,2019-04-13,408,12048,12456
413,2019-04-14,106,5252,5358
413,2019-04-15,645,13161,13806
413,2019-04-16,616,13727,14343
413,2019-04-17,659,13749,14408
413,2019-04-18,650,14104,14754
413,2019-04-19,640,14758,15398
413,2019-04-20,430,12104,12534
413,2019-04-21,115,6039,6154
413,2019-04-22,121,5918,6039
413,2019-04-23,727,15087,15814
413,2019-04-24,728,15045,15773
413,2019-06-01,404,11566,11970
413,2019-06-02,123,6659,6782
413,2019-06-03,774,15092,15866
413,2019-06-04,763,16784,17547
413,2019-06-05,800,16126,16926
413,2019-06-06,752,16979,17731
413,2019-06-07,778,17778,18556
413,2019-06-08,459,15379,15838
413,2019-06-09,123,6875,6998
413,2019-06-10,114,5446,5560
413,2019-06-11,771,16497,17268
413,2019-06-12,742,15963,16705
413,2019-06-13,827,16292,17119
413,2019-06-14,777,17345,18122
413,2019-06-15,461,15135,15596
413,2019-06-16,128,7232,7360
413,2019-06-17,749,15283,16032
413,2019-06-18,881,16462,17343
413,2019-06-19,477,6950,7427
413,2019-06-21,26,671,697
413,2019-06-22,409,13376,13785
413,2019-06-23,199,6958,7157
413,2019-06-24,727,15599,16326
413,2019-06-25,812,16667,17479
413,2019-06-26,866,16784,17650
413,2019-06-27,854,17212,18066
413,2019-06-28,851,18507,19358
413,2019-06-29,524,16557,17081
413,2019-06-30,145,9832,9977
413,2019-07-01,808,16078,16886
413,2019-07-02,807,16821,17628
413,2019-07-03,821,17405,18226
413,2019-07-04,784,18272,19056
413,2019-07-05,783,18064,18847
413,2019-07-06,419,14053,14472
413,2019-07-07,144,6959,7103
413,2019-07-08,758,15367,16125
413,2019-07-09,782,16592,17374
413,2019-07-10,704,16259,16963
413,2019-07-11,693,16577,17270
413,2019-07-12,765,17634,18399
413,2019-07-13,447,13401,13848
413,2019-07-14,161,6711,6872
413,2019-07-15,712,14577,15289
413,2019-07-16,687,14719,15406
413,2019-07-17,680,14656,15336
413,2019-07-18,677,14751,15428
413,2019-07-19,720,16201,16921
413,2019-07-20,415,11999,12414
413,2019-07-21,119,5898,6017
413,2019-07-22,685,13982,14667
413,2019-07-23,680,14176,14856
413,2019-07-24,690,14067,14757
413,2019-07-25,697,13828,14525
413,2019-07-26,623,14858,15481
413,2019-07-27,411,12253,12664
413,2019-07-28,152,5504,5656
413,2019-07-29,624,12829,13453
413,2019-07-30,626,13221,13847
413,2019-07-31,663,13333,13996
413,2019-08-01,1274,26574,27848
413,2019-08-02,1224,28934,30158
413,2019-08-03,812,22654,23466
413,2019-08-04,270,11382,11652
413,2019-08-05,1246,24146,25392
413,2019-08-06,1192,25188,26380
413,2019-08-07,1188,25404,26592
413,2019-08-08,1200,24566,25766
413,2019-08-09,1290,25698,26988
413,2019-08-10,836,20808,21644
413,2019-08-11,266,9834,10100
413,2019-08-12,1212,24596,25808
413,2019-08-13,1260,26086,27346
413,2019-08-14,1218,26146,27364
413,2019-08-15,256,8662,8918
413,2019-08-16,1200,23980,25180
413,2019-08-17,742,20688,21430
413,2019-08-18,230,9070,9300
413,2019-08-19,1224,23876,25100
413,2019-08-20,1212,25084,26296
413,2019-08-21,1216,25756,26972
413,2019-08-22,1238,25692,26930
413,2019-08-23,1226,27148,28374
413,2019-08-24,856,21768,22624
413,2019-08-25,320,11346,11666
413,2019-08-26,1304,26914,28218
413,2019-08-27,1406,27330,28736
413,2019-08-28,1362,29240,30602
413,2019-08-29,1440,31938,33378
413,2019-08-30,1428,33162,34590
413,2019-08-31,874,25598,26472
413,2019-09-01,156,9269,9425
413,2019-09-02,725,14116,14841
413,2019-09-03,715,14038,14753
413,2019-09-04,727,14116,14843
413,2019-09-05,736,14332,15068
413,2019-09-06,693,15320,16013
413,2019-09-07,442,12280,12722
413,2019-09-08,144,6176,6320
413,2019-09-09,866,18418,19284
413,2019-09-10,678,15223,15901
413,2019-09-11,685,15036,15721
413,2019-09-12,721,15913,16634
413,2019-09-13,707,16748,17455
413,2019-09-14,438,13434,13872
413,2019-09-15,129,6806,6935
413,2019-09-16,724,16017,16741
413,2019-09-17,720,16542,17262
413,2019-09-18,778,15745,16523
413,2019-09-19,794,16374,17168
413,2019-09-20,827,16703,17530
413,2019-09-21,446,14668,15114
413,2019-09-22,135,6702,6837
413,2019-09-23,700,15237,15937
413,2019-09-24,758,16276,17034
413,2019-09-25,707,16168,16875
413,2019-09-26,717,16591,17308
413,2019-09-27,720,17567,18287
413,2019-09-28,409,14459,14868
413,2019-09-29,130,6582,6712
413,2019-09-30,770,15783,16553
413,2019-10-01,713,16889,17602
413,2019-10-02,761,16055,16816
413,2019-10-03,755,16792,17547
413,2019-10-04,717,17645,18362
413,2019-10-05,432,15153,15585
413,2019-10-06,118,6673,6791
413,2019-10-07,700,15417,16117
413,2019-10-08,640,16322,16962
413,2019-10-09,706,15100,15806
413,2019-10-10,714,16552,17266
413,2019-10-11,748,17242,17990
413,2019-10-12,386,15238,15624
413,2019-10-13,94,7494,7588
413,2019-10-14,756,15188,15944
413,2019-10-15,682,16733,17415
413,2019-10-16,672,15889,16561
413,2019-10-17,720,17275,17995
413,2019-10-18,718,18453,19171
413,2019-10-19,408,15030,15438
413,2019-10-20,77,8866,8943
413,2019-10-21,723,15815,16538
413,2019-10-22,760,16778,17538
413,2019-10-23,767,16283,17050
413,2019-10-24,756,17563,18319
413,2019-10-25,747,17746,18493
413,2019-10-26,419,13882,14301
413,2019-10-27,91,6286,6377
413,2019-10-28,721,12218,12939
413,2019-10-29,735,12562,13297
413,2019-10-30,780,12616,13396
413,2019-11-01,134,5960,6094
413,2019-11-02,391,13158,13549
413,2019-11-03,127,5705,5832
413,2019-11-04,632,14482,15114
413,2019-11-05,710,16355,17065
413,2019-11-06,742,15715,16457
413,2019-11-07,727,16792,17519
413,2019-11-08,755,17686,18441
413,2019-11-09,431,15636,16067
413,2019-11-10,133,7075,7208
413,2019-11-11,678,16999,17677
413,2019-11-12,734,17003,17737
413,2019-11-13,748,16197,16945
413,2019-11-14,778,16711,17489
413,2019-11-15,716,17624,18340
413,2019-11-16,411,14787,15198
413,2019-11-17,105,6659,6764
413,2019-11-18,688,15023,15711
413,2019-11-19,736,16429,17165
413,2019-11-20,771,16185,16956
413,2019-11-21,753,16704,17457
413,2019-11-22,739,17601,18340
413,2019-11-23,394,15571,15965
413,2019-11-24,103,7875,7978
413,2019-11-25,726,15476,16202
413,2019-11-26,728,16316,17044
413,2019-11-27,701,16184,16885
413,2019-11-28,751,16993,17744
413,2019-11-29,705,20116,20821
413,2019-11-30,423,14908,15331
413,2019-12-01,118,9182,9300
413,2019-12-02,712,15664,16376
413,2019-12-03,691,16573,17264
413,2019-12-04,700,16077,16777
413,2019-12-05,777,17060,17837
413,2019-12-06,708,17076,17784
413,2019-12-07,411,14019,14430
413,2019-12-08,86,8793,8879
413,2019-12-09,666,15554,16220
413,2019-12-10,745,16763,17508
413,2019-12-11,668,16288,16956
413,2019-12-12,771,16995,17766
413,2019-12-13,686,17611,18297
413,2019-12-14,409,15278,15687
413,2019-12-15,119,9883,10002
413,2019-12-16,659,16164,16823
413,2019-12-17,699,17242,17941
413,2019-12-18,715,17483,18198
413,2019-12-19,734,17707,18441
413,2019-12-20,653,18035,18688
413,2019-12-21,411,14504,14915
413,2019-12-22,101,10177,10278
413,2019-12-23,553,16160,16713
413,2019-12-24,462,11874,12336
413,2019-12-25,68,4122,4190
413,2019-12-26,111,4482,4593
413,2019-12-27,526,13546,14072
413,2019-12-28,379,11207,11586
413,2019-12-29,106,7806,7912
413,2019-12-30,548,13367,13915
413,2019-12-31,521,10897,11418
414,2019-01-01,45,2568,2613
414,2019-01-02,352,5461,5813
414,2019-01-03,367,5942,6309
414,2019-01-04,383,6095,6478
414,2019-01-05,215,4957,5172
414,2019-01-06,61,3450,3511
414,2019-01-07,481,7011,7492
414,2019-01-08,489,7273,7762
414,2019-01-09,534,7333,7867
414,2019-01-11,541,7606,8147
414,2019-01-12,214,5543,5757
414,2019-01-13,60,3545,3605
414,2019-01-14,597,7651,8248
414,2019-01-15,681,7765,8446
414,2019-01-16,729,7651,8380
414,2019-01-17,756,7682,8438
414,2019-01-18,785,8350,9135
414,2019-01-19,353,5607,5960
414,2019-01-20,59,3748,3807
414,2019-01-21,850,7020,7870
414,2019-01-22,858,6677,7535
414,2019-01-23,703,6903,7606
414,2019-01-25,753,6911,7664
414,2019-01-26,278,5162,5440
414,2019-01-27,94,3518,3612
414,2019-01-28,666,6954,7620
414,2019-01-29,832,7000,7832
414,2019-01-30,500,6185,6685
414,2019-01-31,599,6929,7528
414,2019-02-01,667,7165,7832
414,2019-02-02,273,5221,5494
414,2019-02-03,70,3353,3423
414,2019-02-04,822,6949,7771
414,2019-02-05,852,7200,8052
414,2019-02-06,865,7049,7914
414,2019-02-08,859,7447,8306
414,2019-02-09,434,5560,5994
414,2019-02-10,209,3460,3669
414,2019-02-11,1008,6811,7819
414,2019-02-12,1013,7050,8063
414,2019-02-13,1031,7027,8058
414,2019-02-14,953,7496,8449
414,2019-02-15,828,7089,7917
414,2019-02-16,363,4972,5335
414,2019-02-17,70,3357,3427
414,2019-02-18,703,5973,6676
414,2019-02-19,692,6125,6817
414,2019-02-20,787,6070,6857
414,2019-02-22,647,6119,6766
414,2019-02-23,381,4955,5336
414,2019-02-24,80,3878,3958
414,2019-02-25,738,6954,7692
414,2019-02-26,746,6992,7738
414,2019-02-28,790,6948,7738
414,2019-03-01,863,7543,8406
414,2019-03-02,374,5739,6113
414,2019-03-03,109,3973,4082
414,2019-03-04,678,7250,7928
414,2019-03-05,745,7218,7963
414,2019-03-06,900,7427,8327
414,2019-03-08,812,7646,8458
414,2019-03-09,330,5626,5956
414,2019-03-10,190,4244,4434
414,2019-03-11,923,7899,8822
414,2019-03-12,993,7347,8340
414,2019-03-13,824,7654,8478
414,2019-03-14,720,7774,8494
414,2019-03-15,727,7541,8268
414,2019-03-16,319,5510,5829
414,2019-03-17,115,3448,3563
414,2019-03-18,795,7016,7811
414,2019-04-01,786,7313,8099
414,2019-04-02,763,7219,7982
414,2019-04-03,705,7325,8030
414,2019-04-04,739,7481,8220
414,2019-04-05,812,7471,8283
414,2019-04-06,330,5701,6031
414,2019-04-07,91,3666,3757
414,2019-04-08,852,6839,7691
414,2019-04-09,843,6844,7687
414,2019-04-10,744,6629,7373
414,2019-04-11,791,6986,7777
414,2019-04-12,835,6982,7817
414,2019-04-13,321,5211,5532
414,2019-04-14,64,3555,3619
414,2019-04-15,707,6770,7477
414,2019-04-16,717,6977,7694
414,2019-04-17,765,6843,7608
414,2019-04-18,805,7149,7954
414,2019-04-19,825,7256,8081
414,2019-04-20,281,5315,5596
414,2019-04-21,87,4358,4445
414,2019-04-22,74,4520,4594
414,2019-04-23,787,7609,8396
414,2019-04-24,746,7164,7910
414,2019-04-25,739,7491,8230
414,2019-04-26,811,7940,8751
414,2019-04-27,310,6083,6393
414,2019-04-28,66,4059,4125
414,2019-04-29,815,7414,8229
414,2019-04-30,853,7903,8756
414,2019-05-01,102,3913,4015
414,2019-05-02,856,7639,8495
414,2019-05-03,852,7712,8564
414,2019-05-04,296,5479,5775
414,2019-05-05,91,4040,4131
414,2019-05-06,888,7664,8552
414,2019-05-07,968,7871,8839
414,2019-05-08,851,8006,8857
414,2019-05-09,94,4008,4102
414,2019-05-10,695,7356,8051
414,2019-05-11,312,5604,5916
414,2019-05-12,96,4069,4165
414,2019-05-13,852,7524,8376
414,2019-05-14,923,7804,8727
414,2019-05-15,926,7749,8675
414,2019-05-16,925,7806,8731
414,2019-05-17,1018,7868,8886
414,2019-05-18,367,6191,6558
414,2019-05-19,133,3654,3787
414,2019-05-20,849,7535,8384
414,2019-05-21,941,7554,8495
414,2019-05-22,913,7560,8473
414,2019-05-23,936,7813,8749
414,2019-05-24,957,8285,9242
414,2019-05-25,418,5898,6316
414,2019-05-26,112,3802,3914
414,2019-05-27,919,7933,8852
414,2019-05-28,996,8041,9037
414,2019-05-29,1022,8420,9442
414,2019-05-30,93,3930,4023
414,2019-05-31,557,6546,7103
414,2019-06-01,302,5289,5591
414,2019-06-02,129,4180,4309
414,2019-06-03,835,7636,8471
414,2019-06-04,900,8632,9532
414,2019-06-05,873,8731,9604
414,2019-06-06,885,8756,9641
414,2019-06-07,832,8160,8992
414,2019-06-08,402,6072,6474
414,2019-06-09,115,4325,4440
414,2019-06-10,121,3384,3505
414,2019-06-11,913,7969,8882
414,2019-06-12,795,7592,8387
414,2019-06-13,864,8086,8950
414,2019-06-14,877,7983,8860
414,2019-06-15,348,6060,6408
414,2019-06-16,107,5029,5136
414,2019-06-17,906,7513,8419
414,2019-06-18,398,2123,2521
414,2019-06-19,297,731,1028
414,2019-06-20,736,6355,7091
414,2019-06-21,835,7379,8214
414,2019-06-22,298,5211,5509
414,2019-06-23,84,3807,3891
414,2019-06-24,689,4603,5292
414,2019-06-25,249,655,904
414,2019-06-26,303,587,890
414,2019-06-27,293,684,977
414,2019-06-28,305,1157,1462
414,2019-06-29,177,788,965
414,2019-06-30,54,744,798
414,2019-07-01,591,5144,5735
414,2019-07-02,808,7484,8292
414,2019-07-03,945,7336,8281
414,2019-07-04,975,8332,9307
414,2019-07-05,950,8403,9353
414,2019-07-06,333,5789,6122
414,2019-07-07,78,4129,4207
414,2019-07-08,864,7260,8124
414,2019-07-09,843,7579,8422
414,2019-07-10,901,7638,8539
414,2019-07-11,864,7566,8430
414,2019-07-12,810,7793,8603
414,2019-07-13,296,5551,5847
414,2019-07-14,91,3630,3721
414,2019-07-15,793,6370,7163
414,2019-07-16,741,6680,7421
414,2019-07-17,762,6781,7543
414,2019-07-18,762,6679,7441
414,2019-07-19,713,7184,7897
414,2019-07-20,354,4987,5341
414,2019-07-21,83,3527,3610
414,2019-07-22,460,4642,5102
414,2019-07-23,754,6517,7271
414,2019-07-24,704,6665,7369
414,2019-07-25,576,6499,7075
414,2019-07-26,537,6341,6878
414,2019-07-27,230,4461,4691
414,2019-07-28,80,3240,3320
414,2019-07-29,431,6017,6448
414,2019-07-30,499,6154,6653
414,2019-07-31,472,6353,6825
414,2019-08-01,526,6200,6726
414,2019-08-02,493,6097,6590
414,2019-08-03,255,4757,5012
414,2019-08-04,95,3874,3969
414,2019-08-05,452,5627,6079
414,2019-08-06,439,5872,6311
414,2019-08-07,397,5715,6112
414,2019-08-08,434,5758,6192
414,2019-08-09,419,5381,5800
414,2019-08-10,228,4078,4306
414,2019-08-11,72,3040,3112
414,2019-08-12,435,5330,5765
414,2019-08-13,432,5425,5857
414,2019-08-14,451,5596,6047
414,2019-08-15,84,2792,2876
414,2019-08-16,404,5088,5492
414,2019-08-17,256,3967,4223
414,2019-08-18,47,2728,2775
414,2019-08-19,492,5739,6231
414,2019-08-20,634,5742,6376
414,2019-08-21,591,6033,6624
414,2019-08-22,640,5970,6610
414,2019-08-23,598,5964,6562
414,2019-08-24,281,4537,4818
414,2019-08-25,94,3347,3441
414,2019-08-26,825,6104,6929
414,2019-08-27,884,5962,6846
414,2019-08-28,925,6070,6995
414,2019-08-29,886,6029,6915
414,2019-08-30,968,6057,7025
414,2019-08-31,418,4546,4964
414,2019-09-01,132,3317,3449
414,2019-09-02,597,3807,4404
414,2019-09-03,615,3903,4518
414,2019-09-04,930,5595,6525
414,2019-09-05,1067,5677,6744
414,2019-09-06,966,5710,6676
414,2019-09-07,325,4412,4737
414,2019-09-08,118,3394,3512
414,2019-09-09,959,5837,6796
414,2019-09-10,933,5926,6859
414,2019-09-11,996,6184,7180
414,2019-09-12,823,6382,7205
414,2019-09-13,964,6347,7311
414,2019-09-14,428,5141,5569
414,2019-09-15,116,4031,4147
414,2019-09-16,894,6358,7252
414,2019-09-17,1000,6599,7599
414,2019-09-18,931,6803,7734
414,2019-09-19,974,6483,7457
414,2019-09-20,946,6673,7619
414,2019-09-21,419,5475,5894
414,2019-09-22,113,4196,4309
414,2019-09-23,930,6666,7596
414,2019-09-24,879,6894,7773
414,2019-09-25,874,6557,7431
414,2019-09-26,860,6445,7305
414,2019-09-27,989,6599,7588
414,2019-09-28,297,5456,5753
414,2019-09-29,89,3585,3674
414,2019-09-30,982,6351,7333
414,2019-10-01,812,6452,7264
414,2019-10-02,993,6495,7488
414,2019-10-03,1074,6425,7499
414,2019-10-04,927,6673,7600
414,2019-10-05,349,5632,5981
414,2019-10-06,91,3962,4053
414,2019-10-07,862,6260,7122
414,2019-10-08,808,6596,7404
414,2019-10-09,767,6402,7169
414,2019-10-10,920,6604,7524
414,2019-10-11,878,6954,7832
414,2019-10-12,387,5379,5766
414,2019-10-13,94,4073,4167
414,2019-10-14,881,6491,7372
414,2019-10-15,897,6714,7611
414,2019-10-16,813,6457,7270
414,2019-10-17,816,7080,7896
414,2019-10-18,919,7677,8596
414,2019-10-19,317,5621,5938
414,2019-10-20,62,3731,3793
414,2019-10-21,911,6820,7731
414,2019-10-22,967,7046,8013
414,2019-10-23,831,6789,7620
414,2019-10-24,924,7342,8266
414,2019-10-25,1007,7846,8853
414,2019-10-26,337,5415,5752
414,2019-10-27,90,3885,3975
414,2019-10-28,927,7104,8031
414,2019-10-29,930,7166,8096
414,2019-10-30,909,7478,8387
414,2019-11-01,60,3622,3682
414,2019-11-02,252,5243,5495
414,2019-11-03,74,3601,3675
414,2019-11-04,849,6828,7677
414,2019-11-05,854,7049,7903
414,2019-11-06,921,7110,8031
414,2019-11-07,922,6983,7905
414,2019-11-08,926,7290,8216
414,2019-11-09,305,6071,6376
414,2019-11-10,75,4072,4147
414,2019-11-11,683,5824,6507
414,2019-11-12,773,6842,7615
414,2019-11-13,811,6407,7218
414,2019-11-14,752,6133,6885
414,2019-11-15,854,6741,7595
414,2019-11-16,355,5831,6186
414,2019-11-17,74,3861,3935
414,2019-11-18,730,6532,7262
414,2019-11-19,898,7116,8014
414,2019-11-20,910,7020,7930
414,2019-11-21,898,6930,7828
414,2019-11-22,891,7036,7927
414,2019-11-23,315,5773,6088
414,2019-11-24,64,4061,4125
414,2019-11-25,918,6429,7347
414,2019-11-26,855,6273,7128
414,2019-11-27,900,6705,7605
414,2019-11-28,898,6754,7652
414,2019-11-29,922,7180,8102
414,2019-11-30,347,5698,6045
414,2019-12-01,88,3727,3815
414,2019-12-02,741,6910,7651
414,2019-12-03,807,7299,8106
414,2019-12-04,800,7307,8107
414,2019-12-05,833,7421,8254
414,2019-12-06,809,7268,8077
414,2019-12-07,299,5517,5816
414,2019-12-08,53,3787,3840
414,2019-12-09,770,7105,7875
414,2019-12-10,890,7046,7936
414,2019-12-11,811,7426,8237
414,2019-12-12,781,7239,8020
414,2019-12-13,745,7481,8226
414,2019-12-14,264,5763,6027
414,2019-12-15,65,3758,3823
414,2019-12-16,801,7349,8150
414,2019-12-17,842,7602,8444
414,2019-12-18,751,7745,8496
414,2019-12-19,736,7698,8434
414,2019-12-20,586,7433,8019
414,2019-12-21,248,5238,5486
414,2019-12-22,60,3578,3638
414,2019-12-23,358,5799,6157
414,2019-12-24,289,4758,5047
414,2019-12-25,39,3017,3056
414,2019-12-26,46,2793,2839
414,2019-12-27,355,5184,5539
414,2019-12-28,224,4395,4619
414,2019-12-29,63,2836,2899
414,2019-12-30,341,4887,5228
414,2019-12-31,332,4271,4603
415,2019-01-01,66,3884,3950
415,2019-01-02,351,8249,8600
415,2019-01-03,403,9063,9466
415,2019-01-04,419,9507,9926
415,2019-01-05,189,7912,8101
415,2019-01-06,80,5680,5760
415,2019-01-07,518,11110,11628
415,2019-01-08,520,11833,12353
415,2019-01-09,544,11861,12405
415,2019-01-11,609,11898,12507
415,2019-01-12,234,9835,10069
415,2019-01-13,78,5828,5906
415,2019-01-14,719,11743,12462
415,2019-01-15,839,12342,13181
415,2019-01-16,816,12172,12988
415,2019-01-17,850,12570,13420
415,2019-01-18,838,12126,12964
415,2019-01-19,345,9956,10301
415,2019-01-20,87,6152,6239
415,2019-01-21,838,11701,12539
415,2019-01-22,852,11783,12635
415,2019-01-23,667,11862,12529
415,2019-01-25,759,11793,12552
415,2019-01-26,185,9979,10164
415,2019-01-27,144,6607,6751
415,2019-01-28,699,11457,12156
415,2019-01-29,837,12486,13323
415,2019-01-30,463,9057,9520
415,2019-01-31,521,11126,11647
415,2019-02-01,480,11957,12437
415,2019-02-02,206,9925,10131
415,2019-02-03,99,6578,6677
415,2019-02-04,794,11632,12426
415,2019-02-05,844,12281,13125
415,2019-02-06,757,11980,12737
415,2019-02-08,764,12223,12987
415,2019-02-09,214,10518,10732
415,2019-02-10,44,5464,5508
415,2019-02-11,779,11444,12223
415,2019-02-12,861,12274,13135
415,2019-02-13,781,12307,13088
415,2019-02-14,885,13067,13952
415,2019-02-15,824,12154,12978
415,2019-02-16,304,8637,8941
415,2019-02-17,77,5894,5971
415,2019-02-18,778,9864,10642
415,2019-02-19,743,10112,10855
415,2019-02-20,772,10259,11031
415,2019-02-22,752,10684,11436
415,2019-02-23,315,7937,8252
415,2019-02-24,99,6618,6717
415,2019-02-25,880,11950,12830
415,2019-02-26,940,13094,14034
415,2019-02-27,899,12395,13294
415,2019-02-28,834,13336,14170
415,2019-03-01,820,12852,13672
415,2019-03-02,330,10140,10470
415,2019-03-03,70,5948,6018
415,2019-03-04,732,11940,12672
415,2019-03-05,730,12892,13622
415,2019-03-06,800,12918,13718
415,2019-03-08,908,13192,14100
415,2019-03-09,360,10269,10629
415,2019-03-10,232,5784,6016
415,2019-03-11,1068,12136,13204
415,2019-03-12,1052,12982,14034
415,2019-03-13,928,13228,14156
415,2019-03-14,828,13118,13946
415,2019-03-15,762,12571,13333
415,2019-03-16,343,10090,10433
415,2019-03-17,129,6070,6199
415,2019-03-18,891,12075,12966
415,2019-03-19,935,12790,13725
415,2019-03-20,1016,12320,13336
415,2019-04-03,494,13361,13855
415,2019-04-04,483,13567,14050
415,2019-04-05,497,13587,14084
415,2019-04-06,123,10047,10170
415,2019-04-07,32,5940,5972
415,2019-04-08,447,11455,11902
415,2019-04-09,467,11755,12222
415,2019-04-10,448,11697,12145
415,2019-04-11,461,12107,12568
415,2019-04-12,441,11542,11983
415,2019-04-13,110,8587,8697
415,2019-04-14,13,5304,5317
415,2019-04-15,409,11006,11415
415,2019-04-16,391,11439,11830
415,2019-04-17,426,11666,12092
415,2019-04-18,420,11770,12190
415,2019-04-19,343,11850,12193
415,2019-04-20,97,8374,8471
415,2019-04-21,9,5937,5946
415,2019-04-22,17,5430,5447
415,2019-04-23,411,13938,14349
415,2019-04-24,410,13454,13864
415,2019-04-25,469,14184,14653
415,2019-04-26,483,14295,14778
415,2019-04-27,122,10444,10566
415,2019-04-28,16,5951,5967
415,2019-04-29,438,13514,13952
415,2019-04-30,478,14895,15373
415,2019-05-01,32,6368,6400
415,2019-05-02,429,14583,15012
415,2019-05-03,481,14221,14702
415,2019-05-04,83,9984,10067
415,2019-05-05,28,6520,6548
415,2019-05-06,442,13643,14085
415,2019-05-07,454,15055,15509
415,2019-05-08,476,14305,14781
415,2019-05-09,35,6246,6281
415,2019-05-10,467,13238,13705
415,2019-05-11,105,10136,10241
415,2019-05-12,60,6427,6487
415,2019-05-13,412,13803,14215
415,2019-05-14,438,14890,15328
415,2019-05-15,452,14510,14962
415,2019-05-16,462,14755,15217
415,2019-05-17,490,14166,14656
415,2019-05-18,140,10262,10402
415,2019-05-19,15,6478,6493
415,2019-05-20,464,13653,14117
415,2019-05-21,475,14634,15109
415,2019-05-22,475,14512,14987
415,2019-05-23,473,14890,15363
415,2019-05-24,458,15151,15609
415,2019-05-25,137,10269,10406
415,2019-05-26,15,6309,6324
415,2019-05-27,371,11506,11877
415,2019-05-28,425,12199,12624
415,2019-05-29,488,12736,13224
415,2019-05-30,20,5027,5047
415,2019-05-31,214,9991,10205
415,2019-06-01,126,7589,7715
415,2019-06-02,69,5580,5649
415,2019-06-03,420,13318,13738
415,2019-06-04,446,14768,15214
415,2019-06-05,483,14535,15018
415,2019-06-06,481,15210,15691
415,2019-06-07,428,13310,13738
415,2019-06-08,150,10075,10225
415,2019-06-09,12,6509,6521
415,2019-06-10,11,5063,5074
415,2019-06-11,400,13962,14362
415,2019-06-12,457,14341,14798
415,2019-06-13,470,14301,14771
415,2019-06-14,487,14561,15048
415,2019-06-15,141,10746,10887
415,2019-06-16,39,7465,7504
415,2019-06-17,415,13843,14258
415,2019-06-18,521,16119,16640
415,2019-06-19,509,14675,15184
415,2019-06-20,509,15054,15563
415,2019-06-21,544,14865,15409
415,2019-06-22,111,10364,10475
415,2019-06-23,14,6502,6516
415,2019-06-24,405,13483,13888
415,2019-06-25,534,14606,15140
415,2019-06-26,497,14180,14677
415,2019-06-27,540,14469,15009
415,2019-06-28,527,15050,15577
415,2019-06-29,198,14176,14374
415,2019-06-30,28,9357,9385
415,2019-07-01,521,14363,14884
415,2019-07-02,489,15532,16021
415,2019-07-03,493,15172,15665
415,2019-07-04,520,15444,15964
415,2019-07-05,545,15014,15559
415,2019-07-06,121,10962,11083
415,2019-07-07,44,7183,7227
415,2019-07-08,539,13913,14452
415,2019-07-09,537,14826,15363
415,2019-07-10,556,14524,15080
415,2019-07-11,562,14649,15211
415,2019-07-12,598,14406,15004
415,2019-07-13,134,10162,10296
415,2019-07-14,43,7163,7206
415,2019-07-15,526,13595,14121
415,2019-07-16,588,14230,14818
415,2019-07-17,557,14377,14934
415,2019-07-18,517,14285,14802
415,2019-07-19,537,13943,14480
415,2019-07-20,127,9420,9547
415,2019-07-21,23,6338,6361
415,2019-07-22,498,12866,13364
415,2019-07-23,512,13718,14230
415,2019-07-24,475,13536,14011
415,2019-07-25,332,13087,13419
415,2019-07-26,245,12698,12943
415,2019-07-27,66,8647,8713
415,2019-07-28,21,5725,5746
415,2019-07-29,238,11730,11968
415,2019-07-30,237,12301,12538
415,2019-07-31,275,12094,12369
415,2019-08-01,253,12147,12400
415,2019-08-02,274,11995,12269
415,2019-08-03,65,8284,8349
415,2019-08-04,19,5730,5749
415,2019-08-05,197,10383,10580
415,2019-08-06,206,10793,10999
415,2019-08-07,229,11257,11486
415,2019-08-08,223,11252,11475
415,2019-08-09,199,10583,10782
415,2019-08-10,73,7639,7712
415,2019-08-11,25,5529,5554
415,2019-08-12,216,9909,10125
415,2019-08-13,215,10625,10840
415,2019-08-14,220,10821,11041
415,2019-08-15,25,4390,4415
415,2019-08-16,185,9143,9328
415,2019-08-17,60,6666,6726
415,2019-08-18,20,4766,4786
415,2019-08-19,235,10828,11063
415,2019-08-20,340,11550,11890
415,2019-08-21,310,11832,12142
415,2019-08-22,385,11698,12083
415,2019-08-23,345,11524,11869
415,2019-08-24,101,8585,8686
415,2019-08-25,14,6307,6321
415,2019-08-26,407,11589,11996
415,2019-08-27,447,12211,12658
415,2019-08-28,427,12144,12571
415,2019-08-29,383,12569,12952
415,2019-08-30,375,12720,13095
415,2019-08-31,93,8866,8959
415,2019-09-01,20,6335,6355
415,2019-09-02,455,12561,13016
415,2019-09-03,498,13077,13575
415,2019-09-04,463,13161,13624
415,2019-09-05,450,13439,13889
415,2019-09-06,525,13320,13845
415,2019-09-07,107,9416,9523
415,2019-09-08,21,6379,6400
415,2019-09-09,470,13399,13869
415,2019-09-10,499,14492,14991
415,2019-09-11,485,14417,14902
415,2019-09-12,467,14637,15104
415,2019-09-13,533,14535,15068
415,2019-09-14,131,10748,10879
415,2019-09-15,35,7698,7733
415,2019-09-16,460,14347,14807
415,2019-09-17,542,16377,16919
415,2019-09-18,511,16269,16780
415,2019-09-19,484,15792,16276
415,2019-09-20,511,16147,16658
415,2019-09-21,143,11935,12078
415,2019-09-22,27,7661,7688
415,2019-09-23,467,14948,15415
415,2019-09-24,462,16023,16485
415,2019-09-25,516,15899,16415
415,2019-09-26,494,16280,16774
415,2019-09-27,507,16209,16716
415,2019-09-28,139,12376,12515
415,2019-09-29,15,7222,7237
415,2019-09-30,456,15509,15965
415,2019-10-01,451,16386,16837
415,2019-10-02,457,16349,16806
415,2019-10-03,466,16712,17178
415,2019-10-04,431,16310,16741
415,2019-10-05,105,12512,12617
415,2019-10-06,13,7905,7918
415,2019-10-07,468,15091,15559
415,2019-10-08,443,15727,16170
415,2019-10-09,526,15427,15953
415,2019-10-10,512,16143,16655
415,2019-10-11,516,16106,16622
415,2019-10-12,108,12008,12116
415,2019-10-13,18,7903,7921
415,2019-10-14,514,15534,16048
415,2019-10-15,582,16179,16761
415,2019-10-16,516,15793,16309
415,2019-10-17,496,15416,15912
415,2019-10-18,532,16007,16539
415,2019-10-19,109,12083,12192
415,2019-10-20,9,7384,7393
415,2019-10-21,489,15227,15716
415,2019-10-22,538,16310,16848
415,2019-10-23,520,16068,16588
415,2019-10-24,510,16722,17232
415,2019-10-25,519,15842,16361
415,2019-10-26,160,11680,11840
415,2019-10-27,31,7179,7210
415,2019-10-28,485,13915,14400
415,2019-10-29,465,14643,15108
415,2019-10-30,455,14056,14511
415,2019-11-01,14,6377,6391
415,2019-11-02,75,9729,9804
415,2019-11-03,8,6287,6295
415,2019-11-04,461,15073,15534
415,2019-11-05,533,16470,17003
415,2019-11-06,526,16352,16878
415,2019-11-07,573,16530,17103
415,2019-11-08,502,16314,16816
415,2019-11-09,153,13776,13929
415,2019-11-10,29,8212,8241
415,2019-11-11,470,16238,16708
415,2019-11-12,440,17389,17829
415,2019-11-13,495,17454,17949
415,2019-11-14,519,17280,17799
415,2019-11-15,498,16632,17130
415,2019-11-16,94,13348,13442
415,2019-11-17,22,8348,8370
415,2019-11-18,476,14309,14785
415,2019-11-19,488,16095,16583
415,2019-11-20,482,15623,16105
415,2019-11-21,514,15973,16487
415,2019-11-22,488,15981,16469
415,2019-11-23,106,12115,12221
415,2019-11-24,16,7836,7852
415,2019-11-25,483,14491,14974
415,2019-11-26,450,15974,16424
415,2019-11-27,446,15768,16214
415,2019-11-28,546,16092,16638
415,2019-11-29,554,16559,17113
415,2019-11-30,147,12091,12238
415,2019-12-01,14,6941,6955
415,2019-12-02,452,14457,14909
415,2019-12-03,501,15668,16169
415,2019-12-04,498,15923,16421
415,2019-12-05,512,15856,16368
415,2019-12-06,459,14807,15266
415,2019-12-07,100,11383,11483
415,2019-12-08,13,7165,7178
415,2019-12-09,419,14761,15180
415,2019-12-10,444,15903,16347
415,2019-12-11,434,15601,16035
415,2019-12-12,433,15853,16286
415,2019-12-13,441,15751,16192
415,2019-12-14,101,11872,11973
415,2019-12-15,23,7688,7711
415,2019-12-16,484,15083,15567
415,2019-12-17,542,15903,16445
415,2019-12-18,455,15640,16095
415,2019-12-19,503,17345,17848
415,2019-12-20,409,15954,16363
415,2019-12-21,80,10175,10255
415,2019-12-22,12,6774,6786
415,2019-12-23,178,11559,11737
415,2019-12-24,136,9018,9154
415,2019-12-25,5,4698,4703
415,2019-12-26,16,4455,4471
415,2019-12-27,168,9454,9622
415,2019-12-28,71,7476,7547
415,2019-12-29,18,5493,5511
415,2019-12-30,154,9297,9451
415,2019-12-31,128,8002,8130
416,2019-01-01,10,5776,5786
416,2019-01-02,195,12728,12923
416,2019-01-03,177,14202,14379
416,2019-01-04,205,14873,15078
416,2019-01-05,59,11641,11700
416,2019-01-06,24,8460,8484
416,2019-01-07,262,17715,17977
416,2019-01-08,228,18473,18701
416,2019-01-09,275,18569,18844
416,2019-01-11,304,19230,19534
416,2019-01-12,76,14321,14397
416,2019-01-13,18,8602,8620
416,2019-01-14,405,19856,20261
416,2019-01-15,445,20523,20968
416,2019-01-16,531,19971,20502
416,2019-01-17,477,20518,20995
416,2019-01-18,449,20427,20876
416,2019-01-19,124,14564,14688
416,2019-01-20,29,8788,8817
416,2019-01-21,496,19668,20164
416,2019-01-22,474,19327,19801
416,2019-01-23,394,18765,19159
416,2019-01-25,451,19987,20438
416,2019-01-26,81,14427,14508
416,2019-01-27,75,9081,9156
416,2019-01-28,416,18978,19394
416,2019-01-29,486,20054,20540
416,2019-01-30,306,14428,14734
416,2019-01-31,249,17258,17507
416,2019-02-01,350,18907,19257
416,2019-02-02,82,14214,14296
416,2019-02-03,26,9057,9083
416,2019-02-04,458,19239,19697
416,2019-02-05,451,20661,21112
416,2019-02-06,434,19470,19904
416,2019-02-08,474,20928,21402
416,2019-02-09,200,15790,15990
416,2019-02-10,74,8462,8536
416,2019-02-11,340,19808,20148
416,2019-02-12,589,20704,21293
416,2019-02-13,513,20003,20516
416,2019-02-14,639,21703,22342
416,2019-02-15,624,20631,21255
416,2019-02-16,146,13045,13191
416,2019-02-17,21,8445,8466
416,2019-02-18,604,17327,17931
416,2019-02-19,551,18118,18669
416,2019-02-20,583,17927,18510
416,2019-02-22,689,18298,18987
416,2019-02-23,160,12632,12792
416,2019-02-24,35,9393,9428
416,2019-02-25,608,19771,20379
416,2019-02-26,678,21522,22200
416,2019-02-27,711,20837,21548
416,2019-02-28,636,21528,22164
416,2019-03-01,603,20839,21442
416,2019-03-02,185,15674,15859
416,2019-03-03,19,9211,9230
416,2019-03-04,673,18718,19391
416,2019-03-05,573,19927,20500
416,2019-03-06,638,20596,21234
416,2019-03-08,628,21199,21827
416,2019-03-09,134,15491,15625
416,2019-03-10,44,8352,8396
416,2019-03-11,702,19912,20614
416,2019-03-12,615,21570,22185
416,2019-03-13,621,21097,21718
416,2019-03-14,555,19104,19659
416,2019-03-15,551,21452,22003
416,2019-03-16,167,14961,15128
416,2019-03-17,29,9093,9122
416,2019-03-18,545,20026,20571
416,2019-03-19,594,21544,22138
416,2019-03-20,650,20525,21175
416,2019-03-22,625,22522,23147
416,2019-03-23,194,17148,17342
416,2019-03-24,35,9857,9892
416,2019-03-25,626,20634,21260
416,2019-03-26,605,21263,21868
416,2019-03-27,679,22195,22874
416,2019-04-12,724,19848,20572
416,2019-04-13,182,13254,13436
416,2019-04-14,19,5610,5629
416,2019-04-15,16,923,939
416,2019-04-16,696,20143,20839
416,2019-04-17,742,19137,19879
416,2019-04-18,781,20087,20868
416,2019-04-19,671,19571,20242
416,2019-04-20,145,13171,13316
416,2019-04-21,20,9108,9128
416,2019-04-22,40,8323,8363
416,2019-04-23,719,22337,23056
416,2019-04-24,681,21345,22026
416,2019-04-25,736,23052,23788
416,2019-04-26,776,23188,23964
416,2019-04-27,193,16361,16554
416,2019-04-28,48,9169,9217
416,2019-04-29,701,21493,22194
416,2019-04-30,753,23694,24447
416,2019-05-01,55,9735,9790
416,2019-05-02,736,23121,23857
416,2019-05-03,825,22563,23388
416,2019-05-04,130,14764,14894
416,2019-05-05,62,9841,9903
416,2019-05-06,745,21651,22396
416,2019-05-07,780,23121,23901
416,2019-05-08,726,23842,24568
416,2019-05-09,45,9393,9438
416,2019-05-10,708,20321,21029
416,2019-05-11,201,14897,15098
416,2019-05-12,98,9874,9972
416,2019-05-13,674,21608,22282
416,2019-05-14,764,23178,23942
416,2019-05-15,745,22397,23142
416,2019-05-16,765,23472,24237
416,2019-05-17,794,22727,23521
416,2019-05-18,211,15406,15617
416,2019-05-19,44,9808,9852
416,2019-05-20,753,21666,22419
416,2019-05-21,779,23055,23834
416,2019-05-22,789,22970,23759
416,2019-05-23,774,24073,24847
416,2019-05-24,762,24058,24820
416,2019-05-25,254,15315,15569
416,2019-05-26,57,9630,9687
416,2019-05-27,682,19461,20143
416,2019-05-28,689,20223,20912
416,2019-05-29,841,20959,21800
416,2019-05-30,52,8467,8519
416,2019-05-31,343,16955,17298
416,2019-06-01,180,13367,13547
416,2019-06-02,84,9720,9804
416,2019-06-03,723,21503,22226
416,2019-06-04,843,22844,23687
416,2019-06-05,826,22624,23450
416,2019-06-06,782,24378,25160
416,2019-06-07,712,24356,25068
416,2019-06-08,303,15214,15517
416,2019-06-09,45,9774,9819
416,2019-06-10,69,7658,7727
416,2019-06-11,738,22349,23087
416,2019-06-12,770,22250,23020
416,2019-06-13,772,22898,23670
416,2019-06-14,802,23270,24072
416,2019-06-15,254,16942,17196
416,2019-06-16,60,11493,11553
416,2019-06-17,681,21721,22402
416,2019-06-18,882,23473,24355
416,2019-06-19,887,23037,23924
416,2019-06-20,714,24872,25586
416,2019-06-21,754,23430,24184
416,2019-06-22,161,15280,15441
416,2019-06-23,45,9804,9849
416,2019-06-24,760,21904,22664
416,2019-06-25,913,23639,24552
416,2019-06-26,912,22922,23834
416,2019-06-27,989,23957,24946
416,2019-06-28,994,24454,25448
416,2019-06-29,475,20821,21296
416,2019-06-30,87,14884,14971
416,2019-07-01,930,22445,23375
416,2019-07-02,779,23651,24430
416,2019-07-03,861,23453,24314
416,2019-07-04,949,24942,25891
416,2019-07-05,976,24230,25206
416,2019-07-06,270,15725,15995
416,2019-07-07,78,10834,10912
416,2019-07-08,813,21735,22548
416,2019-07-09,861,22873,23734
416,2019-07-10,920,22712,23632
416,2019-07-11,903,22973,23876
416,2019-07-12,791,22713,23504
416,2019-07-13,172,15134,15306
416,2019-07-14,55,9687,9742
416,2019-07-15,837,20730,21567
416,2019-07-16,878,21898,22776
416,2019-07-17,810,21930,22740
416,2019-07-18,867,22067,22934
416,2019-07-19,923,21949,22872
416,2019-07-20,196,13861,14057
416,2019-07-21,42,9085,9127
416,2019-07-22,851,20158,21009
416,2019-07-23,756,21001,21757
416,2019-07-24,740,21264,22004
416,2019-07-25,489,20318,20807
416,2019-07-26,353,19440,19793
416,2019-07-27,129,12453,12582
416,2019-07-28,72,8119,8191
416,2019-07-29,323,17403,17726
416,2019-07-30,335,17792,18127
416,2019-07-31,367,17929,18296
416,2019-08-01,335,17827,18162
416,2019-08-02,359,17718,18077
416,2019-08-03,86,11486,11572
416,2019-08-04,33,8058,8091
416,2019-08-05,206,11064,11270
416,2019-08-06,228,11782,12010
416,2019-08-07,295,15834,16129
416,2019-08-08,284,15757,16041
416,2019-08-09,296,15132,15428
416,2019-08-10,112,10419,10531
416,2019-08-11,42,7695,7737
416,2019-08-12,307,14552,14859
416,2019-08-13,284,15350,15634
416,2019-08-14,282,15659,15941
416,2019-08-15,72,6504,6576
416,2019-08-16,227,13140,13367
416,2019-08-17,85,9946,10031
416,2019-08-18,40,7109,7149
416,2019-08-19,413,16210,16623
416,2019-08-20,455,17204,17659
416,2019-08-21,497,17583,18080
416,2019-08-22,539,17475,18014
416,2019-08-23,495,17283,17778
416,2019-08-24,163,13624,13787
416,2019-08-25,32,9325,9357
416,2019-08-26,672,17990,18662
416,2019-08-27,726,18827,19553
416,2019-08-28,644,19053,19697
416,2019-08-29,645,19706,20351
416,2019-08-30,754,20040,20794
416,2019-08-31,217,13448,13665
416,2019-09-01,46,9628,9674
416,2019-09-02,779,19434,20213
416,2019-09-03,908,20488,21396
416,2019-09-04,849,20391,21240
416,2019-09-05,761,20826,21587
416,2019-09-06,783,20746,21529
416,2019-09-07,211,14250,14461
416,2019-09-08,34,9190,9224
416,2019-09-09,780,21058,21838
416,2019-09-10,830,22385,23215
416,2019-09-11,803,21714,22517
416,2019-09-12,790,22744,23534
416,2019-09-13,829,22290,23119
416,2019-09-14,217,15590,15807
416,2019-09-15,63,11174,11237
416,2019-09-16,731,21165,21896
416,2019-09-17,900,23305,24205
416,2019-09-18,862,23200,24062
416,2019-09-19,832,22075,22907
416,2019-09-20,933,23836,24769
416,2019-09-21,257,17147,17404
416,2019-09-22,46,11301,11347
416,2019-09-23,791,21716,22507
416,2019-09-24,822,22660,23482
416,2019-09-25,824,23336,24160
416,2019-09-26,827,23404,24231
416,2019-09-27,867,23459,24326
416,2019-09-28,209,17179,17388
416,2019-09-29,55,10426,10481
416,2019-09-30,829,22739,23568
416,2019-10-01,751,23530,24281
416,2019-10-02,837,23804,24641
416,2019-10-03,884,24372,25256
416,2019-10-04,819,23866,24685
416,2019-10-05,328,17800,18128
416,2019-10-06,32,10561,10593
416,2019-10-07,712,20558,21270
416,2019-10-08,754,22735,23489
416,2019-10-09,718,21566,22284
416,2019-10-10,764,23534,24298
416,2019-10-11,889,23473,24362
416,2019-10-12,182,17050,17232
416,2019-10-13,51,11514,11565
416,2019-10-14,885,22714,23599
416,2019-10-15,842,24717,25559
416,2019-10-16,802,25017,25819
416,2019-10-17,796,25059,25855
416,2019-10-18,777,25376,26153
416,2019-10-19,163,17646,17809
416,2019-10-20,18,10553,10571
416,2019-10-21,739,24276,25015
416,2019-10-22,814,25349,26163
416,2019-10-23,834,23694,24528
416,2019-10-24,856,24974,25830
416,2019-10-25,972,24046,25018
416,2019-10-26,251,16306,16557
416,2019-10-27,49,10214,10263
416,2019-10-28,901,21726,22627
416,2019-10-29,987,22297,23284
416,2019-10-30,810,21705,22515
416,2019-11-01,38,8714,8752
416,2019-11-02,99,13428,13527
416,2019-11-03,26,8974,9000
416,2019-11-04,813,22021,22834
416,2019-11-05,952,23811,24763
416,2019-11-06,882,23557,24439
416,2019-11-07,915,24130,25045
416,2019-11-08,836,23769,24605
416,2019-11-09,250,19667,19917
416,2019-11-10,57,10848,10905
416,2019-11-11,884,21701,22585
416,2019-11-12,871,23286,24157
416,2019-11-13,968,22431,23399
416,2019-11-14,898,23285,24183
416,2019-11-15,1025,23420,24445
416,2019-11-16,182,17917,18099
416,2019-11-17,37,10674,10711
416,2019-11-18,844,21142,21986
416,2019-11-19,705,21175,21880
416,2019-11-20,838,22238,23076
416,2019-11-21,868,22931,23799
416,2019-11-22,822,23050,23872
416,2019-11-23,149,16334,16483
416,2019-11-24,24,10099,10123
416,2019-11-25,875,20924,21799
416,2019-11-26,796,23036,23832
416,2019-11-27,804,23273,24077
416,2019-11-28,850,23694,24544
416,2019-11-29,978,23896,24874
416,2019-11-30,205,16654,16859
416,2019-12-01,33,10000,10033
416,2019-12-02,917,21028,21945
416,2019-12-03,969,22520,23489
416,2019-12-04,1004,22058,23062
416,2019-12-05,932,22867,23799
416,2019-12-06,916,22121,23037
416,2019-12-07,186,15930,16116
416,2019-12-08,31,10472,10503
416,2019-12-09,822,21516,22338
416,2019-12-10,876,22712,23588
416,2019-12-11,791,22671,23462
416,2019-12-12,913,23041,23954
416,2019-12-13,911,23192,24103
416,2019-12-14,138,16286,16424
416,2019-12-15,54,10977,11031
416,2019-12-16,977,21023,22000
416,2019-12-17,922,22833,23755
416,2019-12-18,940,22681,23621
416,2019-12-19,851,23133,23984
416,2019-12-20,589,22754,23343
416,2019-12-21,103,14245,14348
416,2019-12-22,25,9504,9529
416,2019-12-23,222,16315,16537
416,2019-12-24,173,12662,12835
416,2019-12-25,14,6858,6872
416,2019-12-26,27,6681,6708
416,2019-12-27,201,13232,13433
416,2019-12-28,88,10372,10460
416,2019-12-29,24,7864,7888
416,2019-12-30,194,13082,13276
416,2019-12-31,167,11077,11244
417,2019-01-01,20,1589,1609
417,2019-01-02,67,3281,3348
417,2019-01-03,76,3455,3531
417,2019-01-04,61,3595,3656
417,2019-01-05,44,3001,3045
417,2019-01-06,14,1903,1917
417,2019-01-07,102,4048,4150
417,2019-01-08,136,4621,4757
417,2019-01-09,117,4319,4436
417,2019-01-11,110,4561,4671
417,2019-01-12,63,3494,3557
417,2019-01-13,29,2254,2283
417,2019-01-14,131,4645,4776
417,2019-01-15,209,4967,5176
417,2019-01-16,273,4921,5194
417,2019-01-17,140,4954,5094
417,2019-01-18,233,4770,5003
417,2019-01-19,44,3360,3404
417,2019-01-20,8,2260,2268
417,2019-01-21,188,4612,4800
417,2019-01-22,228,4497,4725
417,2019-01-23,112,4508,4620
417,2019-01-25,344,4666,5010
417,2019-01-26,42,3154,3196
417,2019-01-27,8,2224,2232
417,2019-01-28,174,4341,4515
417,2019-01-29,119,4734,4853
417,2019-01-30,105,3412,3517
417,2019-01-31,198,4231,4429
417,2019-02-01,215,4411,4626
417,2019-02-02,37,3117,3154
417,2019-02-03,6,2090,2096
417,2019-02-04,138,4599,4737
417,2019-02-05,179,4790,4969
417,2019-02-06,288,4816,5104
417,2019-02-08,248,4904,5152
417,2019-02-09,40,3484,3524
417,2019-02-10,18,1946,1964
417,2019-02-11,130,4628,4758
417,2019-02-12,266,4939,5205
417,2019-02-13,119,4804,4923
417,2019-02-14,150,5225,5375
417,2019-02-15,154,4981,5135
417,2019-02-16,48,3201,3249
417,2019-02-17,8,2211,2219
417,2019-02-18,190,4255,4445
417,2019-02-19,293,4249,4542
417,2019-02-20,314,4247,4561
417,2019-02-22,123,4333,4456
417,2019-02-23,53,3143,3196
417,2019-02-24,14,2272,2286
417,2019-02-25,168,4812,4980
417,2019-02-26,143,5177,5320
417,2019-02-27,197,5332,5529
417,2019-03-01,168,5248,5416
417,2019-03-02,64,3357,3421
417,2019-03-03,26,2690,2716
417,2019-03-04,312,4478,4790
417,2019-03-05,392,4804,5196
417,2019-03-06,375,4828,5203
417,2019-03-08,236,5305,5541
417,2019-03-09,56,3657,3713
417,2019-03-10,22,2314,2336
417,2019-03-11,137,5291,5428
417,2019-03-12,318,5058,5376
417,2019-03-13,194,5024,5218
417,2019-03-14,278,5172,5450
417,2019-03-15,123,4991,5114
417,2019-03-16,48,3329,3377
417,2019-03-17,8,2112,2120
417,2019-03-18,333,4635,4968
417,2019-03-19,397,4924,5321
417,2019-03-20,174,5006,5180
417,2019-03-21,384,4928,5312
417,2019-03-22,192,4888,5080
417,2019-03-23,260,3867,4127
417,2019-03-24,33,2456,2489
417,2019-03-25,146,4964,5110
417,2019-03-27,181,5179,5360
417,2019-03-28,459,5266,5725
417,2019-03-29,142,5254,5396
417,2019-03-30,44,3820,3864
417,2019-04-01,284,4867,5151
417,2019-04-03,437,4833,5270
417,2019-04-04,555,4843,5398
417,2019-04-05,508,4760,5268
417,2019-04-06,153,3325,3478
417,2019-04-07,48,2298,2346
417,2019-04-08,483,4195,4678
417,2019-04-09,472,4348,4820
417,2019-04-10,415,4291,4706
417,2019-04-11,524,4381,4905
417,2019-04-12,458,4290,4748
417,2019-04-13,138,3122,3260
417,2019-04-14,25,2179,2204
417,2019-04-15,440,4298,4738
417,2019-04-16,479,4353,4832
417,2019-04-17,459,4517,4976
417,2019-04-18,482,4568,5050
417,2019-04-19,529,4385,4914
417,2019-04-20,111,3232,3343
417,2019-04-21,43,2624,2667
417,2019-04-22,30,2757,2787
417,2019-04-23,534,4864,5398
417,2019-04-24,485,4792,5277
417,2019-04-25,470,4838,5308
417,2019-04-26,498,4961,5459
417,2019-04-27,121,3682,3803
417,2019-04-28,39,2582,2621
417,2019-04-29,489,4652,5141
417,2019-04-30,545,5094,5639
417,2019-05-01,70,2578,2648
417,2019-05-02,632,4775,5407
417,2019-05-03,601,4949,5550
417,2019-05-04,81,3316,3397
417,2019-05-05,27,2442,2469
417,2019-05-06,581,4743,5324
417,2019-05-07,699,5111,5810
417,2019-05-08,581,5182,5763
417,2019-05-09,41,2446,2487
417,2019-05-10,358,4652,5010
417,2019-05-11,123,3708,3831
417,2019-05-12,46,2815,2861
417,2019-05-13,526,4855,5381
417,2019-05-14,537,5113,5650
417,2019-05-15,626,5054,5680
417,2019-05-16,589,5089,5678
417,2019-05-17,637,5254,5891
417,2019-05-18,150,3713,3863
417,2019-05-19,34,2455,2489
417,2019-05-20,529,4832,5361
417,2019-05-21,563,4924,5487
417,2019-05-22,564,5228,5792
417,2019-05-23,566,5339,5905
417,2019-05-24,566,5392,5958
417,2019-05-25,175,3585,3760
417,2019-05-26,39,2296,2335
417,2019-05-27,519,4594,5113
417,2019-05-28,478,4763,5241
417,2019-05-29,525,4941,5466
417,2019-05-30,49,2356,2405
417,2019-05-31,276,4018,4294
417,2019-06-01,105,3341,3446
417,2019-06-02,64,2805,2869
417,2019-06-03,481,4839,5320
417,2019-06-04,548,10852,11400
417,2019-06-05,514,10786,11300
417,2019-06-06,545,9384,9929
417,2019-06-07,487,5344,5831
417,2019-06-08,152,3731,3883
417,2019-06-09,65,2826,2891
417,2019-06-10,66,2254,2320
417,2019-06-11,572,5058,5630
417,2019-06-12,517,5128,5645
417,2019-06-13,503,5259,5762
417,2019-06-14,495,5239,5734
417,2019-06-15,144,3602,3746
417,2019-06-16,44,2877,2921
417,2019-06-17,517,4659,5176
417,2019-06-18,441,4333,4774
417,2019-06-19,350,4296,4646
417,2019-06-20,465,4897,5362
417,2019-06-21,521,4852,5373
417,2019-06-22,108,3234,3342
417,2019-06-23,27,2433,2460
417,2019-06-24,454,4473,4927
417,2019-06-25,373,4318,4691
417,2019-06-26,380,4149,4529
417,2019-06-27,375,4388,4763
417,2019-06-28,414,4573,4987
417,2019-06-29,108,3140,3248
417,2019-06-30,35,2313,2348
417,2019-07-01,440,7250,7690
417,2019-07-02,532,7740,8272
417,2019-07-03,632,5049,5681
417,2019-07-04,610,5725,6335
417,2019-07-05,544,5660,6204
417,2019-07-06,128,3754,3882
417,2019-07-07,48,3036,3084
417,2019-07-08,474,4751,5225
417,2019-07-09,492,5026,5518
417,2019-07-10,547,5033,5580
417,2019-07-11,528,5094,5622
417,2019-07-12,533,5205,5738
417,2019-07-13,96,3679,3775
417,2019-07-14,17,1721,1738
417,2019-07-15,424,4656,5080
417,2019-07-16,389,4707,5096
417,2019-07-17,447,4738,5185
417,2019-07-18,450,4575,5025
417,2019-07-19,422,4894,5316
417,2019-07-20,177,3114,3291
417,2019-07-21,30,2321,2351
417,2019-07-22,384,4247,4631
417,2019-07-23,424,4436,4860
417,2019-07-24,398,4455,4853
417,2019-07-25,314,4335,4649
417,2019-07-26,293,4073,4366
417,2019-07-27,78,2846,2924
417,2019-07-28,34,2129,2163
417,2019-07-29,246,3864,4110
417,2019-07-30,230,3899,4129
417,2019-07-31,239,3944,4183
417,2019-08-01,218,3897,4115
417,2019-08-02,220,3701,3921
417,2019-08-03,85,2777,2862
417,2019-08-04,54,2457,2511
417,2019-08-05,199,3435,3634
417,2019-08-06,219,3560,3779
417,2019-08-07,194,3547,3741
417,2019-08-08,164,3623,3787
417,2019-08-09,261,3461,3722
417,2019-08-10,70,2537,2607
417,2019-08-11,39,1976,2015
417,2019-08-12,228,3311,3539
417,2019-08-13,210,3333,3543
417,2019-08-14,189,3475,3664
417,2019-08-15,37,1825,1862
417,2019-08-16,174,3083,3257
417,2019-08-17,65,2535,2600
417,2019-08-18,36,1826,1862
417,2019-08-19,262,3860,4122
417,2019-08-20,390,3792,4182
417,2019-08-21,322,3854,4176
417,2019-08-22,365,3874,4239
417,2019-08-23,335,3747,4082
417,2019-08-24,109,2658,2767
417,2019-08-25,48,2015,2063
417,2019-08-26,501,4054,4555
417,2019-08-27,478,4023,4501
417,2019-08-28,474,4252,4726
417,2019-08-29,447,4243,4690
417,2019-08-30,459,4211,4670
417,2019-08-31,139,2990,3129
417,2019-09-01,39,2047,2086
417,2019-09-02,390,3677,4067
417,2019-09-03,447,3896,4343
417,2019-09-04,510,4199,4709
417,2019-09-05,535,4233,4768
417,2019-09-06,559,4121,4680
417,2019-09-07,147,3157,3304
417,2019-09-08,45,2407,2452
417,2019-09-09,459,4083,4542
417,2019-09-10,506,4358,4864
417,2019-09-11,572,4545,5117
417,2019-09-12,478,4592,5070
417,2019-09-13,553,4677,5230
417,2019-09-14,168,3503,3671
417,2019-09-15,43,2835,2878
417,2019-09-16,511,4483,4994
417,2019-09-17,579,4692,5271
417,2019-09-18,459,4875,5334
417,2019-09-19,500,4786,5286
417,2019-09-20,491,4783,5274
417,2019-09-21,149,3774,3923
417,2019-09-22,39,2847,2886
417,2019-09-23,489,4537,5026
417,2019-09-24,448,4492,4940
417,2019-09-25,472,4808,5280
417,2019-09-26,477,4831,5308
417,2019-09-27,552,4767,5319
417,2019-09-28,98,3659,3757
417,2019-09-29,48,2534,2582
417,2019-09-30,590,4503,5093
417,2019-10-01,477,4865,5342
417,2019-10-02,580,4747,5327
417,2019-10-03,611,4801,5412
417,2019-10-04,468,4842,5310
417,2019-10-05,125,3671,3796
417,2019-10-06,36,2410,2446
417,2019-10-07,429,4602,5031
417,2019-10-08,463,4867,5330
417,2019-10-09,414,4818,5232
417,2019-10-10,540,5124,5664
417,2019-10-11,427,4949,5376
417,2019-10-12,112,3558,3670
417,2019-10-13,42,2863,2905
417,2019-10-14,430,4789,5219
417,2019-10-15,489,4943,5432
417,2019-10-16,434,4770,5204
417,2019-10-17,395,5446,5841
417,2019-10-18,447,5546,5993
417,2019-10-19,74,3428,3502
417,2019-10-20,29,2416,2445
417,2019-10-21,436,5073,5509
417,2019-10-22,449,5232,5681
417,2019-10-23,415,5233,5648
417,2019-10-24,390,5441,5831
417,2019-10-25,394,5431,5825
417,2019-10-26,143,3389,3532
417,2019-10-27,39,2504,2543
417,2019-10-28,412,4714,5126
417,2019-10-29,480,4992,5472
417,2019-10-30,481,5038,5519
417,2019-11-01,30,2296,2326
417,2019-11-02,125,3306,3431
417,2019-11-03,41,2366,2407
417,2019-11-04,398,4540,4938
417,2019-11-05,394,4680,5074
417,2019-11-06,442,4840,5282
417,2019-11-07,437,4690,5127
417,2019-11-08,428,4735,5163
417,2019-11-09,112,3715,3827
417,2019-11-10,21,2270,2291
417,2019-11-11,394,4286,4680
417,2019-11-12,373,4603,4976
417,2019-11-13,426,4677,5103
417,2019-11-14,389,4620,5009
417,2019-11-15,400,4665,5065
417,2019-11-16,102,3600,3702
417,2019-11-17,28,2369,2397
417,2019-11-18,365,4269,4634
417,2019-11-19,431,4859,5290
417,2019-11-20,430,4709,5139
417,2019-11-21,414,4717,5131
417,2019-11-22,427,4607,5034
417,2019-11-23,85,3364,3449
417,2019-11-24,21,2293,2314
417,2019-11-25,436,4391,4827
417,2019-11-26,433,4668,5101
417,2019-11-27,447,4598,5045
417,2019-11-28,395,4621,5016
417,2019-11-29,402,4838,5240
417,2019-11-30,97,3403,3500
417,2019-12-01,18,2153,2171
417,2019-12-02,398,4294,4692
417,2019-12-03,370,4664,5034
417,2019-12-04,444,4718,5162
417,2019-12-05,450,4780,5230
417,2019-12-06,403,4662,5065
417,2019-12-07,90,3281,3371
417,2019-12-08,24,2120,2144
417,2019-12-09,415,4444,4859
417,2019-12-10,441,4512,4953
417,2019-12-11,495,4720,5215
417,2019-12-12,419,4389,4808
417,2019-12-13,442,4617,5059
417,2019-12-14,78,3400,3478
417,2019-12-15,15,2237,2252
417,2019-12-16,424,4512,4936
417,2019-12-17,489,4771,5260
417,2019-12-18,434,4774,5208
417,2019-12-19,404,4841,5245
417,2019-12-20,279,4550,4829
417,2019-12-21,82,2984,3066
417,2019-12-22,25,2079,2104
417,2019-12-23,156,3324,3480
417,2019-12-24,157,2710,2867
417,2019-12-25,12,1874,1886
417,2019-12-26,16,1786,1802
417,2019-12-27,142,2860,3002
417,2019-12-28,57,2581,2638
417,2019-12-29,24,1733,1757
417,2019-12-30,138,2833,2971
417,2019-12-31,116,2398,2514
419,2019-01-01,6,1574,1580
419,2019-01-02,31,4563,4594
419,2019-01-03,36,5061,5097
419,2019-01-04,32,4971,5003
419,2019-01-05,32,3700,3732
419,2019-01-06,9,2713,2722
419,2019-01-07,49,5970,6019
419,2019-01-08,64,5996,6060
419,2019-01-09,72,6424,6496
419,2019-01-11,119,6398,6517
419,2019-01-12,37,4217,4254
419,2019-01-13,6,2312,2318
419,2019-01-14,86,6673,6759
419,2019-01-15,99,6941,7040
419,2019-01-16,94,6826,6920
419,2019-01-17,96,6969,7065
419,2019-01-18,85,6498,6583
419,2019-01-19,40,4139,4179
419,2019-01-20,9,2307,2316
419,2019-01-21,87,6534,6621
419,2019-01-22,88,6307,6395
419,2019-01-23,111,6521,6632
419,2019-01-24,149,6653,6802
419,2019-01-26,42,4045,4087
419,2019-01-27,18,2555,2573
419,2019-01-28,90,6319,6409
419,2019-01-29,102,6744,6846
419,2019-01-30,78,4722,4800
419,2019-01-31,36,5753,5789
419,2019-02-01,53,6115,6168
419,2019-02-02,21,4021,4042
419,2019-02-03,5,2503,2508
419,2019-02-04,60,6444,6504
419,2019-02-05,102,6658,6760
419,2019-02-06,83,6945,7028
419,2019-02-07,132,6971,7103
419,2019-02-09,40,4316,4356
419,2019-02-10,NA,2014,NA
419,2019-02-11,64,6645,6709
419,2019-02-12,122,6825,6947
419,2019-02-13,134,6930,7064
419,2019-02-14,90,7223,7313
419,2019-02-15,74,6697,6771
419,2019-02-16,26,3920,3946
419,2019-02-17,20,2403,2423
419,2019-02-18,46,5700,5746
419,2019-02-19,82,5935,6017
419,2019-02-20,43,6138,6181
419,2019-02-21,74,6015,6089
419,2019-02-23,36,3979,4015
419,2019-02-24,15,2628,2643
419,2019-02-25,75,6738,6813
419,2019-02-26,59,7137,7196
419,2019-02-27,104,7212,7316
419,2019-02-28,78,7370,7448
419,2019-03-01,73,7228,7301
419,2019-03-02,63,4964,5027
419,2019-03-03,4,2590,2594
419,2019-03-04,60,6018,6078
419,2019-03-05,92,6832,6924
419,2019-03-06,72,7137,7209
419,2019-03-07,80,7275,7355
419,2019-03-09,60,5128,5188
419,2019-03-10,25,2419,2444
419,2019-03-11,71,7407,7478
419,2019-03-12,95,7535,7630
419,2019-03-13,90,7200,7290
419,2019-03-14,56,7206,7262
419,2019-03-15,60,7200,7260
419,2019-03-16,31,4425,4456
419,2019-03-17,17,2612,2629
419,2019-03-18,58,6665,6723
419,2019-03-19,78,7271,7349
419,2019-03-20,56,7308,7364
419,2019-03-21,68,7469,7537
419,2019-03-23,44,5602,5646
419,2019-03-24,14,3294,3308
419,2019-03-25,70,6965,7035
419,2019-03-26,69,7078,7147
419,2019-03-27,92,7666,7758
419,2019-03-28,72,7365,7437
419,2019-03-29,75,7437,7512
419,2019-04-03,98,7211,7309
419,2019-04-04,173,7158,7331
419,2019-04-05,203,6845,7048
419,2019-04-06,127,4289,4416
419,2019-04-07,17,2428,2445
419,2019-04-08,109,6070,6179
419,2019-04-09,138,6180,6318
419,2019-04-10,160,6745,6905
419,2019-04-11,225,6865,7090
419,2019-04-12,115,6363,6478
419,2019-04-13,57,4090,4147
419,2019-04-14,9,2269,2278
419,2019-04-15,98,6226,6324
419,2019-04-16,103,6638,6741
419,2019-04-17,92,6566,6658
419,2019-04-18,102,6595,6697
419,2019-04-19,93,6326,6419
419,2019-04-20,44,3911,3955
419,2019-04-21,13,2803,2816
419,2019-04-22,14,2578,2592
419,2019-04-23,110,7173,7283
419,2019-04-24,90,7164,7254
419,2019-04-25,78,7503,7581
419,2019-04-26,112,7576,7688
419,2019-04-27,61,4957,5018
419,2019-04-28,22,2607,2629
419,2019-04-29,110,7130,7240
419,2019-04-30,115,7397,7512
419,2019-05-01,15,2937,2952
419,2019-05-02,127,7135,7262
419,2019-05-03,113,7275,7388
419,2019-05-04,58,4298,4356
419,2019-05-05,17,2910,2927
419,2019-05-06,124,7142,7266
419,2019-05-07,158,7386,7544
419,2019-05-08,106,7796,7902
419,2019-05-09,18,2382,2400
419,2019-05-10,145,6781,6926
419,2019-05-11,75,5100,5175
419,2019-05-12,44,3655,3699
419,2019-05-13,152,7035,7187
419,2019-05-14,175,7622,7797
419,2019-05-15,162,7426,7588
419,2019-05-16,281,7436,7717
419,2019-05-17,268,7165,7433
419,2019-05-18,96,5208,5304
419,2019-05-19,45,3200,3245
419,2019-05-20,170,7114,7284
419,2019-05-21,182,7320,7502
419,2019-05-22,165,7615,7780
419,2019-05-23,120,7739,7859
419,2019-05-24,177,7549,7726
419,2019-05-25,139,4276,4415
419,2019-05-26,39,2931,2970
419,2019-05-27,301,6275,6576
419,2019-05-28,168,6486,6654
419,2019-05-29,179,6834,7013
419,2019-05-30,21,2394,2415
419,2019-05-31,106,5985,6091
419,2019-06-01,70,4342,4412
419,2019-06-02,23,3445,3468
419,2019-06-03,93,6828,6921
419,2019-06-04,52,1424,1476
419,2019-06-05,38,742,780
419,2019-06-06,50,2661,2711
419,2019-06-07,106,6798,6904
419,2019-06-08,73,4920,4993
419,2019-06-09,32,3289,3321
419,2019-06-10,35,2531,2566
419,2019-06-11,134,6705,6839
419,2019-06-12,115,7055,7170
419,2019-06-13,109,7117,7226
419,2019-06-14,100,7137,7237
419,2019-06-15,63,5018,5081
419,2019-06-16,45,3363,3408
419,2019-06-17,101,6760,6861
419,2019-06-18,117,7634,7751
419,2019-06-19,125,7595,7720
419,2019-06-20,137,7418,7555
419,2019-06-21,131,7290,7421
419,2019-06-22,56,4276,4332
419,2019-06-23,15,2986,3001
419,2019-06-24,115,7118,7233
419,2019-06-25,113,7523,7636
419,2019-06-26,124,7430,7554
419,2019-06-27,109,7750,7859
419,2019-06-28,139,8006,8145
419,2019-06-29,86,7577,7663
419,2019-06-30,31,5913,5944
419,2019-07-01,79,4300,4379
419,2019-07-02,62,4748,4810
419,2019-07-03,108,7339,7447
419,2019-07-04,121,6824,6945
419,2019-07-05,129,6922,7051
419,2019-07-06,35,4809,4844
419,2019-07-07,27,3412,3439
419,2019-07-08,113,6949,7062
419,2019-07-09,104,7418,7522
419,2019-07-10,99,7299,7398
419,2019-07-11,87,7257,7344
419,2019-07-12,109,7276,7385
419,2019-07-13,44,4633,4677
419,2019-07-14,11,2593,2604
419,2019-07-15,140,6923,7063
419,2019-07-16,105,7059,7164
419,2019-07-17,90,7020,7110
419,2019-07-18,98,6889,6987
419,2019-07-19,73,6651,6724
419,2019-07-20,37,4018,4055
419,2019-07-21,18,2739,2757
419,2019-07-22,84,6499,6583
419,2019-07-23,121,6811,6932
419,2019-07-24,95,6907,7002
419,2019-07-25,119,6386,6505
419,2019-07-26,146,6012,6158
419,2019-07-27,39,3614,3653
419,2019-07-28,18,2247,2265
419,2019-07-29,82,5489,5571
419,2019-07-30,102,5645,5747
419,2019-07-31,112,5694,5806
419,2019-08-01,105,5307,5412
419,2019-08-02,69,5166,5235
419,2019-08-03,43,3516,3559
419,2019-08-04,18,2659,2677
419,2019-08-05,81,4769,4850
419,2019-08-06,85,4887,4972
419,2019-08-07,64,4987,5051
419,2019-08-08,94,5102,5196
419,2019-08-09,81,4558,4639
419,2019-08-10,42,3065,3107
419,2019-08-11,14,2328,2342
419,2019-08-12,85,4852,4937
419,2019-08-13,86,5257,5343
419,2019-08-14,83,5114,5197
419,2019-08-15,20,2063,2083
419,2019-08-16,77,4570,4647
419,2019-08-17,46,3253,3299
419,2019-08-18,17,2024,2041
419,2019-08-19,86,5424,5510
419,2019-08-20,116,5781,5897
419,2019-08-21,74,6096,6170
419,2019-08-22,78,5736,5814
419,2019-08-23,132,5832,5964
419,2019-08-24,86,5308,5394
419,2019-08-25,25,3819,3844
419,2019-08-26,154,5767,5921
419,2019-08-27,171,5997,6168
419,2019-08-28,113,6057,6170
419,2019-08-29,242,6296,6538
419,2019-08-30,241,6208,6449
419,2019-08-31,65,4734,4799
419,2019-09-01,27,3798,3825
419,2019-09-02,141,6512,6653
419,2019-09-03,182,6647,6829
419,2019-09-04,203,6740,6943
419,2019-09-05,137,6665,6802
419,2019-09-06,185,6736,6921
419,2019-09-07,126,4527,4653
419,2019-09-08,36,2947,2983
419,2019-09-09,215,6613,6828
419,2019-09-10,205,7754,7959
419,2019-09-11,161,7681,7842
419,2019-09-12,190,7812,8002
419,2019-09-13,235,7275,7510
419,2019-09-14,119,4633,4752
419,2019-09-15,29,3439,3468
419,2019-09-16,166,6674,6840
419,2019-09-17,305,7829,8134
419,2019-09-18,203,7547,7750
419,2019-09-19,198,7496,7694
419,2019-09-20,227,7511,7738
419,2019-09-21,188,5977,6165
419,2019-09-22,63,3893,3956
419,2019-09-23,225,7122,7347
419,2019-09-24,209,7179,7388
419,2019-09-25,172,7667,7839
419,2019-09-26,147,7733,7880
419,2019-09-27,169,7585,7754
419,2019-09-28,113,4998,5111
419,2019-09-29,34,2999,3033
419,2019-09-30,225,7285,7510
419,2019-10-01,216,7501,7717
419,2019-10-02,135,7856,7991
419,2019-10-03,197,7529,7726
419,2019-10-04,150,7831,7981
419,2019-10-05,104,5108,5212
419,2019-10-06,17,3038,3055
419,2019-10-07,202,7092,7294
419,2019-10-08,161,7395,7556
419,2019-10-09,197,6989,7186
419,2019-10-10,160,7364,7524
419,2019-10-11,204,7432,7636
419,2019-10-12,51,4788,4839
419,2019-10-13,21,3561,3582
419,2019-10-14,187,7329,7516
419,2019-10-15,206,7833,8039
419,2019-10-16,184,7765,7949
419,2019-10-17,142,7686,7828
419,2019-10-18,170,7308,7478
419,2019-10-19,66,4751,4817
419,2019-10-20,12,3421,3433
419,2019-10-21,161,6534,6695
419,2019-10-22,214,6867,7081
419,2019-10-23,149,6857,7006
419,2019-10-24,189,7114,7303
419,2019-10-25,177,6761,6938
419,2019-10-26,116,4978,5094
419,2019-10-27,32,2776,2808
419,2019-10-28,232,6146,6378
419,2019-10-29,200,6238,6438
419,2019-10-30,101,6283,6384
419,2019-11-01,20,2940,2960
419,2019-11-02,70,4268,4338
419,2019-11-03,14,2601,2615
419,2019-11-04,116,7072,7188
419,2019-11-05,102,7770,7872
419,2019-11-06,161,7874,8035
419,2019-11-07,120,7851,7971
419,2019-11-08,145,7669,7814
419,2019-11-09,59,5988,6047
419,2019-11-10,11,2763,2774
419,2019-11-11,114,7196,7310
419,2019-11-12,102,7574,7676
419,2019-11-13,117,7552,7669
419,2019-11-14,162,7653,7815
419,2019-11-15,199,7745,7944
419,2019-11-16,120,4700,4820
419,2019-11-17,43,3152,3195
419,2019-11-18,142,7045,7187
419,2019-11-19,205,7322,7527
419,2019-11-20,214,7376,7590
419,2019-11-21,208,7238,7446
419,2019-11-22,207,7287,7494
419,2019-11-23,88,4700,4788
419,2019-11-24,23,2799,2822
419,2019-11-25,235,6708,6943
419,2019-11-26,175,7550,7725
419,2019-11-27,122,7810,7932
419,2019-11-28,112,7606,7718
419,2019-11-29,244,8278,8522
419,2019-11-30,128,4676,4804
419,2019-12-01,26,2949,2975
419,2019-12-02,171,6703,6874
419,2019-12-03,122,7359,7481
419,2019-12-04,182,7275,7457
419,2019-12-05,177,7330,7507
419,2019-12-06,97,6846,6943
419,2019-12-07,39,4245,4284
419,2019-12-08,16,3054,3070
419,2019-12-09,178,6958,7136
419,2019-12-10,238,7305,7543
419,2019-12-11,96,7169,7265
419,2019-12-12,227,7486,7713
419,2019-12-13,89,7476,7565
419,2019-12-14,70,4664,4734
419,2019-12-15,15,3427,3442
419,2019-12-16,154,7244,7398
419,2019-12-17,154,7487,7641
419,2019-12-18,240,7206,7446
419,2019-12-19,182,7109,7291
419,2019-12-20,75,7162,7237
419,2019-12-21,37,4359,4396
419,2019-12-22,8,3269,3277
419,2019-12-23,81,5243,5324
419,2019-12-24,56,3691,3747
419,2019-12-25,7,1894,1901
419,2019-12-26,8,1788,1796
419,2019-12-27,48,4461,4509
419,2019-12-28,48,3356,3404
419,2019-12-29,18,2855,2873
419,2019-12-30,80,4106,4186
419,2019-12-31,75,3054,3129
420,2019-01-01,17,2952,2969
420,2019-01-02,142,12044,12186
420,2019-01-03,208,12495,12703
420,2019-01-04,217,13459,13676
420,2019-01-05,79,11337,11416
420,2019-01-06,17,6480,6497
420,2019-01-07,240,14386,14626
420,2019-01-08,254,15052,15306
420,2019-01-09,242,14807,15049
420,2019-01-10,288,15506,15794
420,2019-01-11,307,15999,16306
420,2019-01-12,59,13134,13193
420,2019-01-13,40,5389,5429
420,2019-01-14,336,15360,15696
420,2019-01-15,358,15955,16313
420,2019-01-16,325,15412,15737
420,2019-01-17,329,15642,15971
420,2019-01-18,346,16211,16557
420,2019-01-19,131,12860,12991
420,2019-01-20,44,5240,5284
420,2019-01-21,318,15627,15945
420,2019-01-22,367,15473,15840
420,2019-01-23,345,14655,15000
420,2019-01-24,336,15459,15795
420,2019-01-25,358,16294,16652
420,2019-01-26,56,13268,13324
420,2019-01-27,48,5661,5709
420,2019-01-28,342,14911,15253
420,2019-01-29,335,15950,16285
420,2019-01-30,325,13024,13349
420,2019-01-31,302,15078,15380
420,2019-02-01,304,15941,16245
420,2019-02-02,84,13559,13643
420,2019-02-03,30,6070,6100
420,2019-02-04,310,15366,15676
420,2019-02-05,337,16043,16380
420,2019-02-06,340,16296,16636
420,2019-02-07,322,16345,16667
420,2019-02-08,316,16485,16801
420,2019-02-09,76,12696,12772
420,2019-02-10,36,4880,4916
420,2019-02-11,311,15384,15695
420,2019-02-12,369,16067,16436
420,2019-02-13,342,16055,16397
420,2019-02-14,340,16757,17097
420,2019-02-15,338,16437,16775
420,2019-02-16,117,11152,11269
420,2019-02-17,26,4752,4778
420,2019-02-18,248,12914,13162
420,2019-02-19,291,13491,13782
420,2019-02-20,250,12870,13120
420,2019-02-21,261,13309,13570
420,2019-02-22,282,14072,14354
420,2019-02-23,111,10945,11056
420,2019-02-24,17,5576,5593
420,2019-02-25,322,15366,15688
420,2019-02-26,360,16248,16608
420,2019-02-27,325,15895,16220
420,2019-02-28,369,16350,16719
420,2019-03-01,302,17414,17716
420,2019-03-02,97,14257,14354
420,2019-03-03,21,5660,5681
420,2019-03-04,403,15488,15891
420,2019-03-05,332,16304,16636
420,2019-03-06,338,15937,16275
420,2019-03-07,399,16630,17029
420,2019-03-08,351,16868,17219
420,2019-03-09,124,13099,13223
420,2019-03-10,41,5635,5676
420,2019-03-11,346,15409,15755
420,2019-03-12,375,16318,16693
420,2019-03-13,344,15778,16122
420,2019-03-14,365,16276,16641
420,2019-03-15,344,16659,17003
420,2019-03-16,98,12982,13080
420,2019-03-17,27,5741,5768
420,2019-03-18,362,15061,15423
420,2019-03-19,333,16020,16353
420,2019-03-20,374,15517,15891
420,2019-03-21,404,15822,16226
420,2019-03-22,380,16624,17004
420,2019-03-23,124,13232,13356
420,2019-03-24,23,5963,5986
420,2019-03-25,356,15489,15845
420,2019-03-26,386,16023,16409
420,2019-03-27,353,15657,16010
420,2019-03-28,346,16815,17161
420,2019-03-29,375,17684,18059
420,2019-03-30,110,13300,13410
420,2019-04-01,341,16025,16366
420,2019-04-02,413,16741,17154
420,2019-04-03,348,16181,16529
420,2019-04-04,359,16688,17047
420,2019-04-05,391,16743,17134
420,2019-04-06,106,12047,12153
420,2019-04-07,32,5353,5385
420,2019-04-08,350,15419,15769
420,2019-04-09,391,16442,16833
420,2019-04-10,295,16128,16423
420,2019-04-11,342,15646,15988
420,2019-04-12,328,15783,16111
420,2019-04-13,123,11910,12033
420,2019-04-14,54,4935,4989
420,2019-04-15,331,14420,14751
420,2019-04-16,345,15702,16047
420,2019-04-17,348,14758,15106
420,2019-04-18,353,15121,15474
420,2019-04-19,270,15741,16011
420,2019-04-20,101,11226,11327
420,2019-04-21,25,5111,5136
420,2019-04-22,32,4945,4977
420,2019-04-23,333,16690,17023
420,2019-04-24,385,16408,16793
420,2019-04-25,356,17178,17534
420,2019-04-26,394,17677,18071
420,2019-04-27,143,14344,14487
420,2019-04-28,37,6105,6142
420,2019-04-29,405,17045,17450
420,2019-04-30,397,18960,19357
420,2019-05-01,28,5129,5157
420,2019-05-02,402,18237,18639
420,2019-05-03,339,17896,18235
420,2019-05-04,91,13836,13927
420,2019-05-05,51,6291,6342
420,2019-05-06,381,16582,16963
420,2019-05-07,406,17536,17942
420,2019-05-08,404,18359,18763
420,2019-05-09,38,5432,5470
420,2019-05-10,337,17329,17666
420,2019-05-11,138,14017,14155
420,2019-05-12,53,5887,5940
420,2019-05-13,403,16754,17157
420,2019-05-14,441,17491,17932
420,2019-05-15,392,17056,17448
420,2019-05-16,399,17342,17741
420,2019-05-17,388,17786,18174
420,2019-05-18,151,13251,13402
420,2019-05-19,38,6042,6080
420,2019-05-20,363,16711,17074
420,2019-05-21,444,17089,17533
420,2019-05-22,415,16869,17284
420,2019-05-23,380,17182,17562
420,2019-05-24,367,16941,17308
420,2019-05-25,294,12706,13000
420,2019-05-26,33,4774,4807
420,2019-05-27,307,14475,14782
420,2019-05-28,363,14973,15336
420,2019-05-29,322,15531,15853
420,2019-05-30,46,4187,4233
420,2019-05-31,258,14668,14926
420,2019-06-01,104,10795,10899
420,2019-06-02,31,6272,6303
420,2019-06-03,380,16172,16552
420,2019-06-04,392,17206,17598
420,2019-06-05,382,16472,16854
420,2019-06-06,424,17201,17625
420,2019-06-07,402,17636,18038
420,2019-06-08,160,1070,1230
420,2019-06-09,2,24,26
420,2019-06-10,18,14,32
420,2019-06-11,6,21,27
420,2019-06-18,NA,12,NA
420,2019-06-19,244,11558,11802
420,2019-06-20,470,17226,17696
420,2019-06-21,455,17178,17633
420,2019-06-22,155,12356,12511
420,2019-06-23,38,5337,5375
420,2019-06-24,6,213,219
420,2019-06-25,431,17240,17671
420,2019-06-26,441,17510,17951
420,2019-06-27,438,17476,17914
420,2019-06-28,476,17983,18459
420,2019-06-29,178,14043,14221
420,2019-06-30,64,8556,8620
420,2019-07-01,458,16488,16946
420,2019-07-02,479,17166,17645
420,2019-07-03,448,16841,17289
420,2019-07-04,449,17701,18150
420,2019-07-05,445,17566,18011
420,2019-07-06,151,12546,12697
420,2019-07-07,57,5776,5833
420,2019-07-08,410,15961,16371
420,2019-07-09,490,16705,17195
420,2019-07-10,432,16555,16987
420,2019-07-11,426,16585,17011
420,2019-07-12,516,16719,17235
420,2019-07-13,157,11904,12061
420,2019-07-14,55,5006,5061
420,2019-07-15,314,13698,14012
420,2019-07-16,407,13379,13786
420,2019-07-17,374,13654,14028
420,2019-07-18,392,13610,14002
420,2019-07-19,402,15015,15417
420,2019-07-20,151,10635,10786
420,2019-07-21,44,5169,5213
420,2019-07-22,379,14601,14980
420,2019-07-23,425,14887,15312
420,2019-07-24,396,14467,14863
420,2019-07-25,342,14723,15065
420,2019-07-26,317,14397,14714
420,2019-07-27,112,10315,10427
420,2019-07-28,47,4348,4395
420,2019-07-29,257,13061,13318
420,2019-07-30,284,13431,13715
420,2019-07-31,298,13405,13703
420,2019-08-01,664,26724,27388
420,2019-08-02,520,27544,28064
420,2019-08-03,186,19018,19204
420,2019-08-04,74,9392,9466
420,2019-08-05,520,24452,24972
420,2019-08-06,612,24624,25236
420,2019-08-07,561,25190,25751
420,2019-08-08,522,24693,25215
420,2019-08-09,578,25892,26470
420,2019-08-10,236,17813,18049
420,2019-08-11,128,8012,8140
420,2019-08-12,526,24168,24694
420,2019-08-13,722,25420,26142
420,2019-08-14,654,24760,25414
420,2019-08-15,126,7025,7151
420,2019-08-16,458,22304,22762
420,2019-08-17,192,16688,16880
420,2019-08-18,96,7902,7998
420,2019-08-19,594,23556,24150
420,2019-08-20,716,24552,25268
420,2019-08-21,702,24324,25026
420,2019-08-22,708,24988,25696
420,2019-08-23,626,25318,25944
420,2019-08-24,276,18762,19038
420,2019-08-25,102,9823,9925
420,2019-08-26,714,26428,27142
420,2019-08-27,946,28282,29228
420,2019-08-28,688,26920,27608
420,2019-08-29,706,28146,28852
420,2019-08-30,654,28170,28824
420,2019-08-31,288,20928,21216
420,2019-09-01,55,7121,7176
420,2019-09-02,338,13600,13938
420,2019-09-03,406,13979,14385
420,2019-09-04,446,14066,14512
420,2019-09-05,393,14310,14703
420,2019-09-06,433,14912,15345
420,2019-09-07,155,11260,11415
420,2019-09-08,51,5283,5334
420,2019-09-09,491,16886,17377
420,2019-09-10,408,15905,16313
420,2019-09-11,403,15704,16107
420,2019-09-12,434,16473,16907
420,2019-09-13,447,16810,17257
420,2019-09-14,247,12821,13068
420,2019-09-15,64,6021,6085
420,2019-09-16,436,16593,17029
420,2019-09-17,464,17219,17683
420,2019-09-18,420,16294,16714
420,2019-09-19,419,16976,17395
420,2019-09-20,491,16991,17482
420,2019-09-21,201,12952,13153
420,2019-09-22,84,5460,5544
420,2019-09-23,413,16171,16584
420,2019-09-24,496,16768,17264
420,2019-09-25,440,16829,17269
420,2019-09-26,440,17190,17630
420,2019-09-27,457,17489,17946
420,2019-09-28,164,14122,14286
420,2019-09-29,64,6315,6379
420,2019-09-30,406,16810,17216
420,2019-10-01,484,18050,18534
420,2019-10-02,487,16707,17194
420,2019-10-03,472,17467,17939
420,2019-10-04,487,18178,18665
420,2019-10-05,164,14573,14737
420,2019-10-06,36,5840,5876
420,2019-10-07,504,17323,17827
420,2019-10-08,461,18669,19130
420,2019-10-09,556,17616,18172
420,2019-10-11,552,18517,19069
420,2019-10-12,375,14623,14998
420,2019-10-13,60,5501,5561
420,2019-10-14,472,16475,16947
420,2019-10-15,533,17935,18468
420,2019-10-16,506,17255,17761
420,2019-10-17,595,18426,19021
420,2019-10-18,575,18525,19100
420,2019-10-19,206,14906,15112
420,2019-10-20,70,8339,8409
420,2019-10-21,508,16864,17372
420,2019-10-22,560,17523,18083
420,2019-10-23,550,16837,17387
420,2019-10-24,623,17939,18562
420,2019-10-25,630,17933,18563
420,2019-10-26,241,13296,13537
420,2019-10-27,52,5689,5741
420,2019-10-28,479,15823,16302
420,2019-10-29,458,15995,16453
420,2019-10-30,462,15777,16239
420,2019-11-01,37,5175,5212
420,2019-11-02,133,12149,12282
420,2019-11-03,47,5359,5406
420,2019-11-04,455,16659,17114
420,2019-11-05,542,17490,18032
420,2019-11-06,506,17303,17809
420,2019-11-07,537,17970,18507
420,2019-11-08,535,18920,19455
420,2019-11-09,164,14701,14865
420,2019-11-10,50,6527,6577
420,2019-11-11,476,18311,18787
420,2019-11-12,557,18191,18748
420,2019-11-13,532,17016,17548
420,2019-11-14,621,18187,18808
420,2019-11-15,534,18270,18804
420,2019-11-16,171,14820,14991
420,2019-11-17,36,6127,6163
420,2019-11-18,481,16912,17393
420,2019-11-19,600,17722,18322
420,2019-11-20,658,17136,17794
420,2019-11-21,598,17881,18479
420,2019-11-22,506,18488,18994
420,2019-11-23,317,16012,16329
420,2019-11-24,314,9210,9524
420,2019-11-25,463,17894,18357
420,2019-11-26,577,18699,19276
420,2019-11-27,512,18498,19010
420,2019-11-28,589,18588,19177
420,2019-11-29,543,21523,22066
420,2019-11-30,173,15181,15354
420,2019-12-01,63,8421,8484
420,2019-12-02,514,16627,17141
420,2019-12-03,537,16903,17440
420,2019-12-04,539,16699,17238
420,2019-12-05,565,17682,18247
420,2019-12-06,507,17773,18280
420,2019-12-07,141,14084,14225
420,2019-12-08,31,8233,8264
420,2019-12-09,424,17419,17843
420,2019-12-10,508,18148,18656
420,2019-12-11,465,17501,17966
420,2019-12-12,458,18047,18505
420,2019-12-13,509,18929,19438
420,2019-12-14,159,15183,15342
420,2019-12-15,60,9069,9129
420,2019-12-16,471,18012,18483
420,2019-12-17,531,18730,19261
420,2019-12-18,491,18381,18872
420,2019-12-19,475,18789,19264
420,2019-12-20,418,19215,19633
420,2019-12-21,82,13716,13798
420,2019-12-22,45,8965,9010
420,2019-12-23,252,16943,17195
420,2019-12-24,172,11338,11510
420,2019-12-25,13,3302,3315
420,2019-12-26,17,3753,3770
420,2019-12-27,189,12988,13177
420,2019-12-28,113,10176,10289
420,2019-12-29,46,7400,7446
420,2019-12-30,230,13768,13998
420,2019-12-31,168,10703,10871
421,2019-01-01,5,854,859
421,2019-01-02,15,3128,3143
421,2019-01-03,27,3264,3291
421,2019-01-04,21,3397,3418
421,2019-01-05,12,2693,2705
421,2019-01-06,6,1924,1930
421,2019-01-07,40,3996,4036
421,2019-01-08,55,4053,4108
421,2019-01-09,49,4178,4227
421,2019-01-11,52,4349,4401
421,2019-01-12,9,3051,3060
421,2019-01-13,2,1241,1243
421,2019-01-14,41,4241,4282
421,2019-01-15,45,4544,4589
421,2019-01-16,38,4514,4552
421,2019-01-17,63,4434,4497
421,2019-01-18,45,4401,4446
421,2019-01-19,21,2907,2928
421,2019-01-20,8,1246,1254
421,2019-01-21,59,4418,4477
421,2019-01-22,54,4353,4407
421,2019-01-23,34,4059,4093
421,2019-01-25,50,4476,4526
421,2019-01-26,12,2972,2984
421,2019-01-27,28,1224,1252
421,2019-01-28,37,4117,4154
421,2019-01-29,46,4373,4419
421,2019-01-30,73,3179,3252
421,2019-01-31,56,3820,3876
421,2019-02-01,40,4124,4164
421,2019-02-02,13,2806,2819
421,2019-02-03,3,1310,1313
421,2019-02-04,39,4164,4203
421,2019-02-05,52,4489,4541
421,2019-02-06,57,4643,4700
421,2019-02-08,64,4532,4596
421,2019-02-09,12,3066,3078
421,2019-02-10,6,1082,1088
421,2019-02-11,41,4412,4453
421,2019-02-12,50,4556,4606
421,2019-02-13,50,4609,4659
421,2019-02-14,67,4819,4886
421,2019-02-15,63,4565,4628
421,2019-02-16,22,2749,2771
421,2019-02-17,8,1189,1197
421,2019-02-18,52,3644,3696
421,2019-02-19,60,3852,3912
421,2019-02-20,63,3888,3951
421,2019-02-22,51,3899,3950
421,2019-02-23,21,2677,2698
421,2019-02-24,8,1454,1462
421,2019-02-25,64,4393,4457
421,2019-02-26,60,4760,4820
421,2019-02-27,61,4820,4881
421,2019-02-28,64,4898,4962
421,2019-03-01,48,5177,5225
421,2019-03-02,32,3938,3970
421,2019-03-03,6,1327,1333
421,2019-03-04,42,3886,3928
421,2019-03-05,56,4624,4680
421,2019-03-06,51,4668,4719
421,2019-03-08,57,5017,5074
421,2019-03-09,10,3392,3402
421,2019-03-10,49,1221,1270
421,2019-03-11,60,4053,4113
421,2019-03-12,62,4682,4744
421,2019-03-13,58,4844,4902
421,2019-03-14,50,5420,5470
421,2019-03-15,46,4800,4846
421,2019-03-16,19,3163,3182
421,2019-03-17,12,1371,1383
421,2019-03-18,52,4433,4485
421,2019-03-19,61,4737,4798
421,2019-03-20,67,4921,4988
421,2019-03-22,65,5182,5247
421,2019-03-23,33,3275,3308
421,2019-03-24,27,1832,1859
421,2019-03-25,65,4576,4641
421,2019-03-26,57,4695,4752
421,2019-03-27,69,4875,4944
421,2019-04-11,65,4163,4228
421,2019-04-12,53,4259,4312
421,2019-04-13,14,2846,2860
421,2019-04-14,6,1197,1203
421,2019-04-15,52,3863,3915
421,2019-04-16,55,4007,4062
421,2019-04-17,47,4075,4122
421,2019-04-18,63,3987,4050
421,2019-04-19,61,4057,4118
421,2019-04-20,16,2729,2745
421,2019-04-21,15,1674,1689
421,2019-04-22,16,1470,1486
421,2019-04-23,60,4583,4643
421,2019-04-24,38,4681,4719
421,2019-04-25,69,4786,4855
421,2019-04-26,50,4926,4976
421,2019-04-27,35,3647,3682
421,2019-04-28,17,1478,1495
421,2019-04-29,60,4716,4776
421,2019-04-30,62,5239,5301
421,2019-05-01,17,1720,1737
421,2019-05-02,56,4924,4980
421,2019-05-03,70,5194,5264
421,2019-05-04,19,3144,3163
421,2019-05-05,5,1564,1569
421,2019-05-06,75,4638,4713
421,2019-05-07,71,5009,5080
421,2019-05-08,71,5351,5422
421,2019-05-09,9,1213,1222
421,2019-05-10,63,4687,4750
421,2019-05-11,27,3544,3571
421,2019-05-12,16,1874,1890
421,2019-05-13,90,4728,4818
421,2019-05-14,72,5106,5178
421,2019-05-15,73,4814,4887
421,2019-05-16,71,4916,4987
421,2019-05-17,60,4910,4970
421,2019-05-18,21,3546,3567
421,2019-05-19,23,1755,1778
421,2019-05-20,63,4683,4746
421,2019-05-21,73,4872,4945
421,2019-05-22,61,4940,5001
421,2019-05-23,88,5047,5135
421,2019-05-24,70,4992,5062
421,2019-05-25,32,3040,3072
421,2019-05-26,15,1474,1489
421,2019-05-27,76,3964,4040
421,2019-05-28,90,4128,4218
421,2019-05-29,91,4260,4351
421,2019-05-30,20,1519,1539
421,2019-05-31,53,3648,3701
421,2019-06-01,26,2700,2726
421,2019-06-02,20,1769,1789
421,2019-06-03,50,4546,4596
421,2019-06-04,65,3993,4058
421,2019-06-05,66,3172,3238
421,2019-06-06,65,4158,4223
421,2019-06-07,54,4814,4868
421,2019-06-08,31,3838,3869
421,2019-06-09,22,2116,2138
421,2019-06-10,30,1541,1571
421,2019-06-11,58,4703,4761
421,2019-06-12,59,4691,4750
421,2019-06-13,95,4922,5017
421,2019-06-14,70,4932,5002
421,2019-06-16,24,1886,1910
421,2019-06-17,74,4530,4604
421,2019-06-18,157,5543,5700
421,2019-06-19,131,5562,5693
421,2019-06-20,89,5208,5297
421,2019-06-21,80,5027,5107
421,2019-06-22,23,3033,3056
421,2019-06-23,15,1693,1708
421,2019-06-24,84,4921,5005
421,2019-06-25,174,5555,5729
421,2019-06-26,160,5492,5652
421,2019-06-27,151,5741,5892
421,2019-06-28,175,6026,6201
421,2019-06-29,48,4725,4773
421,2019-06-30,13,3397,3410
421,2019-07-01,93,4721,4814
421,2019-07-02,63,4850,4913
421,2019-07-03,69,5232,5301
421,2019-07-04,40,3068,3108
421,2019-07-05,49,3317,3366
421,2019-07-06,15,3495,3510
421,2019-07-07,21,1859,1880
421,2019-07-08,63,4600,4663
421,2019-07-09,72,5096,5168
421,2019-07-10,60,4972,5032
421,2019-07-11,65,4721,4786
421,2019-07-12,58,5003,5061
421,2019-07-13,23,3317,3340
421,2019-07-14,11,2742,2753
421,2019-07-15,55,4360,4415
421,2019-07-16,53,4509,4562
421,2019-07-17,61,4547,4608
421,2019-07-18,64,4327,4391
421,2019-07-19,55,4423,4478
421,2019-07-20,14,2911,2925
421,2019-07-21,18,1587,1605
421,2019-07-22,76,4320,4396
421,2019-07-23,59,4243,4302
421,2019-07-24,41,4393,4434
421,2019-07-25,50,4157,4207
421,2019-07-26,31,4018,4049
421,2019-07-27,14,2651,2665
421,2019-07-28,7,1225,1232
421,2019-07-29,46,3495,3541
421,2019-07-30,33,3632,3665
421,2019-07-31,39,3643,3682
421,2019-08-01,44,3402,3446
421,2019-08-02,33,3472,3505
421,2019-08-03,16,2556,2572
421,2019-08-04,8,1571,1579
421,2019-08-05,54,3934,3988
421,2019-08-06,56,3955,4011
421,2019-08-07,26,3362,3388
421,2019-08-08,32,3378,3410
421,2019-08-09,67,3115,3182
421,2019-08-10,9,2282,2291
421,2019-08-11,8,1232,1240
421,2019-08-12,40,3079,3119
421,2019-08-13,33,3291,3324
421,2019-08-14,37,3234,3271
421,2019-08-15,11,1101,1112
421,2019-08-16,37,3018,3055
421,2019-08-17,10,2390,2400
421,2019-08-18,12,1008,1020
421,2019-08-19,33,3282,3315
421,2019-08-20,44,3496,3540
421,2019-08-21,35,3657,3692
421,2019-08-22,44,3386,3430
421,2019-08-23,28,3453,3481
421,2019-08-24,33,2596,2629
421,2019-08-25,17,1680,1697
421,2019-08-26,36,3488,3524
421,2019-08-27,57,3597,3654
421,2019-08-28,56,3708,3764
421,2019-08-29,57,3942,3999
421,2019-08-30,60,4056,4116
421,2019-08-31,21,3082,3103
421,2019-09-01,9,2386,2395
421,2019-09-02,107,4080,4187
421,2019-09-03,122,4408,4530
421,2019-09-04,80,4167,4247
421,2019-09-05,97,4221,4318
421,2019-09-06,83,4337,4420
421,2019-09-07,22,2890,2912
421,2019-09-08,17,1432,1449
421,2019-09-09,71,4554,4625
421,2019-09-10,94,4474,4568
421,2019-09-11,78,4492,4570
421,2019-09-12,104,4608,4712
421,2019-09-13,73,4871,4944
421,2019-09-14,22,3338,3360
421,2019-09-15,13,2065,2078
421,2019-09-16,51,4794,4845
421,2019-09-17,75,4984,5059
421,2019-09-18,71,5185,5256
421,2019-09-19,95,5268,5363
421,2019-09-20,80,5223,5303
421,2019-09-21,47,3689,3736
421,2019-09-22,18,1945,1963
421,2019-09-23,74,4935,5009
421,2019-09-24,75,5133,5208
421,2019-09-25,68,5172,5240
421,2019-09-26,74,5295,5369
421,2019-09-27,68,5313,5381
421,2019-09-28,22,3668,3690
421,2019-09-29,19,1675,1694
421,2019-09-30,73,4951,5024
421,2019-10-01,64,5303,5367
421,2019-10-02,66,5140,5206
421,2019-10-03,68,5213,5281
421,2019-10-04,58,5396,5454
421,2019-10-05,33,3697,3730
421,2019-10-06,17,1588,1605
421,2019-10-07,54,4986,5040
421,2019-10-08,56,5421,5477
421,2019-10-09,71,5180,5251
421,2019-10-10,77,5210,5287
421,2019-10-11,52,5489,5541
421,2019-10-12,16,3403,3419
421,2019-10-13,21,2039,2060
421,2019-10-14,71,4821,4892
421,2019-10-15,72,5489,5561
421,2019-10-16,83,5455,5538
421,2019-10-17,40,3600,3640
421,2019-10-18,54,3579,3633
421,2019-10-19,13,3445,3458
421,2019-10-20,20,2488,2508
421,2019-10-21,50,3111,3161
421,2019-10-22,44,3158,3202
421,2019-10-23,45,3119,3164
421,2019-10-24,42,3142,3184
421,2019-10-25,47,3175,3222
421,2019-10-26,38,3465,3503
421,2019-10-27,15,1337,1352
421,2019-10-28,46,2300,2346
421,2019-10-29,40,2372,2412
421,2019-10-30,42,2404,2446
421,2019-11-01,6,1322,1328
421,2019-11-02,7,2905,2912
421,2019-11-03,10,1249,1259
421,2019-11-04,53,4524,4577
421,2019-11-05,67,5177,5244
421,2019-11-06,59,5091,5150
421,2019-11-07,66,5135,5201
421,2019-11-08,64,5407,5471
421,2019-11-09,22,3688,3710
421,2019-11-10,10,1557,1567
421,2019-11-11,74,4957,5031
421,2019-11-12,66,5348,5414
421,2019-11-13,87,5107,5194
421,2019-11-14,96,5412,5508
421,2019-11-15,87,5388,5475
421,2019-11-16,26,3578,3604
421,2019-11-17,9,1618,1627
421,2019-11-18,67,4872,4939
421,2019-11-19,91,5515,5606
421,2019-11-20,92,5138,5230
421,2019-11-21,91,5130,5221
421,2019-11-22,83,5328,5411
421,2019-11-23,25,3578,3603
421,2019-11-24,12,1654,1666
421,2019-11-25,64,4891,4955
421,2019-11-26,71,5527,5598
421,2019-11-27,79,5409,5488
421,2019-11-28,71,5475,5546
421,2019-11-29,86,6578,6664
421,2019-11-30,20,3490,3510
421,2019-12-01,12,2221,2233
421,2019-12-02,67,4749,4816
421,2019-12-03,65,5117,5182
421,2019-12-04,69,5220,5289
421,2019-12-05,65,5257,5322
421,2019-12-06,50,4940,4990
421,2019-12-07,9,3124,3133
421,2019-12-08,8,2190,2198
421,2019-12-09,56,4868,4924
421,2019-12-10,61,5189,5250
421,2019-12-11,51,5229,5280
421,2019-12-12,71,5287,5358
421,2019-12-13,57,5281,5338
421,2019-12-14,16,3449,3465
421,2019-12-15,11,2463,2474
421,2019-12-16,57,5201,5258
421,2019-12-17,63,5431,5494
421,2019-12-18,55,5327,5382
421,2019-12-19,77,5242,5319
421,2019-12-20,51,5317,5368
421,2019-12-21,13,3374,3387
421,2019-12-22,12,2619,2631
421,2019-12-23,31,4174,4205
421,2019-12-24,18,2729,2747
421,2019-12-25,6,1051,1057
421,2019-12-26,8,1038,1046
421,2019-12-27,22,3287,3309
421,2019-12-28,14,2534,2548
421,2019-12-29,9,2092,2101
421,2019-12-30,25,3114,3139
421,2019-12-31,25,2290,2315
422,2019-01-01,4,1596,1600
422,2019-01-02,43,3336,3379
422,2019-01-03,51,3765,3816
422,2019-01-05,11,2687,2698
422,2019-01-06,10,2368,2378
422,2019-01-07,73,4935,5008
422,2019-01-08,50,5266,5316
422,2019-01-09,70,4956,5026
422,2019-01-10,122,5163,5285
422,2019-01-12,13,3206,3219
422,2019-01-13,4,2391,2395
422,2019-01-14,77,5704,5781
422,2019-01-15,123,5843,5966
422,2019-01-16,128,5894,6022
422,2019-01-17,51,5863,5914
422,2019-01-18,152,6440,6592
422,2019-01-19,33,3275,3308
422,2019-01-20,17,2405,2422
422,2019-01-21,114,6194,6308
422,2019-01-22,110,5343,5453
422,2019-01-23,72,5468,5540
422,2019-01-24,104,5441,5545
422,2019-01-26,17,3106,3123
422,2019-01-27,12,2251,2263
422,2019-01-28,47,5464,5511
422,2019-01-29,120,5635,5755
422,2019-01-30,28,4455,4483
422,2019-01-31,30,4806,4836
422,2019-02-01,49,5489,5538
422,2019-02-02,24,3094,3118
422,2019-02-03,21,2352,2373
422,2019-02-04,129,5799,5928
422,2019-02-05,152,6064,6216
422,2019-02-06,109,6127,6236
422,2019-02-07,81,5856,5937
422,2019-02-09,43,3517,3560
422,2019-02-10,2,2258,2260
422,2019-02-11,119,5828,5947
422,2019-02-12,112,5827,5939
422,2019-02-13,117,5915,6032
422,2019-02-14,122,6408,6530
422,2019-02-16,25,2976,3001
422,2019-02-17,18,2315,2333
422,2019-02-18,108,4830,4938
422,2019-02-19,102,5119,5221
422,2019-02-20,103,5500,5603
422,2019-02-21,109,5053,5162
422,2019-02-23,21,3121,3142
422,2019-02-24,20,2732,2752
422,2019-02-25,149,5960,6109
422,2019-02-26,139,6248,6387
422,2019-02-27,138,6212,6350
422,2019-02-28,173,6572,6745
422,2019-03-01,137,6178,6315
422,2019-03-02,38,3611,3649
422,2019-03-03,15,2512,2527
422,2019-03-04,90,5586,5676
422,2019-03-05,83,6157,6240
422,2019-03-06,88,6300,6388
422,2019-03-07,94,6530,6624
422,2019-03-09,28,3802,3830
422,2019-03-10,10,1713,1723
422,2019-03-11,78,4255,4333
422,2019-03-12,133,6391,6524
422,2019-03-13,89,5918,6007
422,2019-03-14,68,6413,6481
422,2019-03-15,57,6651,6708
422,2019-03-16,37,3749,3786
422,2019-03-17,12,2565,2577
422,2019-03-18,117,5963,6080
422,2019-03-19,135,6142,6277
422,2019-03-20,139,6010,6149
422,2019-03-21,142,6473,6615
422,2019-03-23,71,4274,4345
422,2019-03-24,20,2963,2983
422,2019-03-25,126,5934,6060
422,2019-03-26,138,6161,6299
422,2019-03-27,218,7667,7885
422,2019-03-28,134,6550,6684
422,2019-03-29,125,6453,6578
422,2019-03-30,35,4444,4479
422,2019-04-01,130,6351,6481
422,2019-04-02,165,6934,7099
422,2019-04-03,122,6351,6473
422,2019-04-04,137,6633,6770
422,2019-04-06,25,4121,4146
422,2019-04-07,24,2921,2945
422,2019-04-08,127,5833,5960
422,2019-04-09,109,5856,5965
422,2019-04-10,129,5756,5885
422,2019-04-11,122,6401,6523
422,2019-04-13,53,2965,3018
422,2019-04-14,11,2046,2057
422,2019-04-15,112,5581,5693
422,2019-04-16,98,6584,6682
422,2019-04-17,119,5498,5617
422,2019-04-18,110,5900,6010
422,2019-04-19,94,5492,5586
422,2019-04-20,16,3169,3185
422,2019-04-21,11,2582,2593
422,2019-04-22,5,2568,2573
422,2019-04-23,132,6424,6556
422,2019-04-24,84,6496,6580
422,2019-04-25,82,6448,6530
422,2019-06-01,45,3640,3685
422,2019-06-02,18,2701,2719
422,2019-06-03,157,6419,6576
422,2019-06-04,169,6352,6521
422,2019-06-05,208,6381,6589
422,2019-06-06,192,6408,6600
422,2019-06-07,209,6687,6896
422,2019-06-08,83,4027,4110
422,2019-06-09,23,3074,3097
422,2019-06-10,45,2818,2863
422,2019-06-11,198,6414,6612
422,2019-06-12,155,6311,6466
422,2019-06-13,228,6906,7134
422,2019-06-14,206,6650,6856
422,2019-06-15,99,5754,5853
422,2019-06-16,27,4206,4233
422,2019-06-17,303,6277,6580
422,2019-06-18,245,6327,6572
422,2019-06-19,123,6522,6645
422,2019-06-20,197,6789,6986
422,2019-06-21,213,7397,7610
422,2019-06-22,47,3714,3761
422,2019-06-23,22,2817,2839
422,2019-06-24,176,6658,6834
422,2019-06-25,188,6791,6979
422,2019-06-26,170,6367,6537
422,2019-06-27,197,6822,7019
422,2019-06-28,222,7285,7507
422,2019-06-29,74,6200,6274
422,2019-06-30,21,3795,3816
422,2019-07-01,200,6508,6708
422,2019-07-02,198,6779,6977
422,2019-07-03,185,6850,7035
422,2019-07-04,172,6608,6780
422,2019-07-05,203,6572,6775
422,2019-07-06,70,3998,4068
422,2019-07-07,70,3231,3301
422,2019-07-08,194,6288,6482
422,2019-07-09,183,6556,6739
422,2019-07-10,203,6379,6582
422,2019-07-11,185,6505,6690
422,2019-07-12,187,6661,6848
422,2019-07-13,73,3468,3541
422,2019-07-14,19,2689,2708
422,2019-07-15,165,6244,6409
422,2019-07-16,186,6025,6211
422,2019-07-17,189,6256,6445
422,2019-07-18,171,6183,6354
422,2019-07-19,198,6518,6716
422,2019-07-20,73,3597,3670
422,2019-07-21,29,2718,2747
422,2019-07-22,158,5671,5829
422,2019-07-23,137,5799,5936
422,2019-07-24,156,5758,5914
422,2019-07-25,125,5666,5791
422,2019-07-26,144,5200,5344
422,2019-07-27,37,2750,2787
422,2019-07-28,42,2257,2299
422,2019-07-29,91,4716,4807
422,2019-07-30,101,4725,4826
422,2019-07-31,117,4848,4965
422,2019-08-01,108,4881,4989
422,2019-08-02,111,4759,4870
422,2019-08-03,56,2661,2717
422,2019-08-04,49,2321,2370
422,2019-08-05,90,4351,4441
422,2019-08-06,96,4280,4376
422,2019-08-07,86,4370,4456
422,2019-08-08,113,4617,4730
422,2019-08-09,89,4247,4336
422,2019-08-10,63,2614,2677
422,2019-08-11,19,2053,2072
422,2019-08-12,86,4196,4282
422,2019-08-13,135,4109,4244
422,2019-08-14,106,4128,4234
422,2019-08-15,16,1823,1839
422,2019-08-16,68,3358,3426
422,2019-08-17,39,2230,2269
422,2019-08-18,16,1896,1912
422,2019-08-19,96,4275,4371
422,2019-08-20,131,4704,4835
422,2019-08-21,124,5127,5251
422,2019-08-22,138,4829,4967
422,2019-08-23,117,4731,4848
422,2019-08-24,54,3510,3564
422,2019-08-25,14,2563,2577
422,2019-08-26,116,5003,5119
422,2019-08-27,144,5078,5222
422,2019-08-28,136,4997,5133
422,2019-08-29,167,5112,5279
422,2019-08-30,225,5856,6081
422,2019-08-31,86,3341,3427
422,2019-09-01,19,2272,2291
422,2019-09-02,133,5184,5317
422,2019-09-03,169,5420,5589
422,2019-09-04,180,5956,6136
422,2019-09-05,192,5568,5760
422,2019-09-06,221,6120,6341
422,2019-09-07,226,6987,7213
422,2019-09-08,98,4705,4803
422,2019-09-09,223,5394,5617
422,2019-09-10,205,5987,6192
422,2019-09-11,179,5603,5782
422,2019-09-12,153,5890,6043
422,2019-09-13,197,5874,6071
422,2019-09-14,63,3542,3605
422,2019-09-15,42,2863,2905
422,2019-09-16,213,5917,6130
422,2019-09-17,250,6123,6373
422,2019-09-18,204,6048,6252
422,2019-09-19,238,6208,6446
422,2019-09-20,227,6034,6261
422,2019-09-21,142,3700,3842
422,2019-09-22,29,3126,3155
422,2019-09-23,167,5861,6028
422,2019-09-24,222,6540,6762
422,2019-09-25,150,6454,6604
422,2019-09-26,131,6447,6578
422,2019-09-27,195,6686,6881
422,2019-09-28,114,6453,6567
422,2019-09-29,27,3393,3420
422,2019-09-30,158,6345,6503
422,2019-10-01,119,6434,6553
422,2019-10-02,151,6079,6230
422,2019-10-03,228,6286,6514
422,2019-10-04,127,6604,6731
422,2019-10-05,169,4530,4699
422,2019-10-06,27,2964,2991
422,2019-10-07,152,6347,6499
422,2019-10-08,68,6163,6231
422,2019-10-09,108,6335,6443
422,2019-10-10,179,6367,6546
422,2019-10-11,261,6434,6695
422,2019-10-12,69,3853,3922
422,2019-10-13,37,2985,3022
422,2019-10-14,185,6196,6381
422,2019-10-15,132,6668,6800
422,2019-10-16,139,6286,6425
422,2019-10-17,142,6801,6943
422,2019-10-18,160,7022,7182
422,2019-10-19,28,3787,3815
422,2019-10-20,9,2563,2572
422,2019-10-21,188,6099,6287
422,2019-10-22,216,6296,6512
422,2019-10-23,166,6246,6412
422,2019-10-24,174,6889,7063
422,2019-10-25,200,6925,7125
422,2019-10-26,107,6537,6644
422,2019-10-27,40,4260,4300
422,2019-10-28,171,6481,6652
422,2019-10-29,175,6323,6498
422,2019-10-30,183,5893,6076
422,2019-11-01,31,4241,4272
422,2019-11-02,47,4938,4985
422,2019-11-03,21,3843,3864
422,2019-11-04,96,6231,6327
422,2019-11-05,670,12140,12810
422,2019-11-06,547,9771,10318
422,2019-11-07,279,8553,8832
422,2019-11-08,221,6649,6870
422,2019-11-09,89,6051,6140
422,2019-11-10,17,2753,2770
422,2019-11-11,181,6814,6995
422,2019-11-12,94,6694,6788
422,2019-11-13,172,6349,6521
422,2019-11-14,204,6851,7055
422,2019-11-15,197,6833,7030
422,2019-11-16,73,3886,3959
422,2019-11-17,22,2527,2549
422,2019-11-18,85,6282,6367
422,2019-11-19,195,6636,6831
422,2019-11-20,204,6284,6488
422,2019-11-21,235,6485,6720
422,2019-11-22,246,7006,7252
422,2019-11-23,88,3949,4037
422,2019-11-24,9,2579,2588
422,2019-11-25,154,6132,6286
422,2019-11-26,97,6603,6700
422,2019-11-27,70,7039,7109
422,2019-11-28,159,6982,7141
422,2019-11-29,164,6408,6572
422,2019-11-30,54,3875,3929
422,2019-12-01,17,2459,2476
422,2019-12-02,153,6156,6309
422,2019-12-03,218,6185,6403
422,2019-12-04,205,6135,6340
422,2019-12-05,184,6308,6492
422,2019-12-06,191,6529,6720
422,2019-12-07,49,3576,3625
422,2019-12-08,12,2507,2519
422,2019-12-09,91,6490,6581
422,2019-12-10,181,6321,6502
422,2019-12-11,80,6376,6456
422,2019-12-12,152,6577,6729
422,2019-12-13,99,6927,7026
422,2019-12-14,40,3802,3842
422,2019-12-15,14,2607,2621
422,2019-12-16,137,6454,6591
422,2019-12-17,173,6421,6594
422,2019-12-18,158,6180,6338
422,2019-12-19,172,6513,6685
422,2019-12-20,92,6145,6237
422,2019-12-21,40,3388,3428
422,2019-12-22,10,2264,2274
422,2019-12-23,44,4101,4145
422,2019-12-24,36,3077,3113
422,2019-12-25,4,1731,1735
422,2019-12-26,10,1636,1646
422,2019-12-27,37,3072,3109
422,2019-12-28,25,2304,2329
422,2019-12-29,9,1754,1763
422,2019-12-30,49,3218,3267
422,2019-12-31,43,2843,2886
423,2019-01-01,7,826,833
423,2019-01-02,152,3159,3311
423,2019-01-03,166,3468,3634
423,2019-01-04,159,3477,3636
423,2019-01-05,18,1744,1762
423,2019-01-06,5,1184,1189
423,2019-01-07,201,4985,5186
423,2019-01-08,206,5240,5446
423,2019-01-09,217,5163,5380
423,2019-01-10,227,5239,5466
423,2019-01-11,231,5112,5343
423,2019-01-12,28,2034,2062
423,2019-01-13,4,1155,1159
423,2019-01-14,335,5627,5962
423,2019-01-15,330,5885,6215
423,2019-01-16,373,5821,6194
423,2019-01-17,365,5875,6240
423,2019-01-18,338,5112,5450
423,2019-01-19,38,2146,2184
423,2019-01-20,11,1161,1172
423,2019-01-21,360,5797,6157
423,2019-01-22,374,5831,6205
423,2019-01-23,360,5422,5782
423,2019-01-24,331,5633,5964
423,2019-01-25,306,5381,5687
423,2019-01-26,28,2178,2206
423,2019-01-27,5,1398,1403
423,2019-01-28,300,5297,5597
423,2019-01-29,355,5557,5912
423,2019-01-30,203,4562,4765
423,2019-01-31,204,4465,4669
423,2019-02-01,268,5158,5426
423,2019-02-02,21,2006,2027
423,2019-02-03,11,1295,1306
423,2019-02-04,336,5635,5971
423,2019-02-05,355,5894,6249
423,2019-02-06,458,5939,6397
423,2019-02-07,391,5882,6273
423,2019-02-08,422,5805,6227
423,2019-02-09,49,2201,2250
423,2019-02-10,5,1433,1438
423,2019-02-11,406,5610,6016
423,2019-02-12,444,5794,6238
423,2019-02-13,432,5708,6140
423,2019-02-14,409,5881,6290
423,2019-02-15,399,5516,5915
423,2019-02-16,37,1842,1879
423,2019-02-17,9,1253,1262
423,2019-02-18,372,4666,5038
423,2019-02-19,397,4818,5215
423,2019-02-20,418,4953,5371
423,2019-02-21,419,4699,5118
423,2019-02-22,432,4758,5190
423,2019-02-23,51,1991,2042
423,2019-02-24,5,1466,1471
423,2019-02-25,416,5759,6175
423,2019-02-26,472,6104,6576
423,2019-02-27,481,5959,6440
423,2019-02-28,467,6174,6641
423,2019-03-01,425,5863,6288
423,2019-03-02,111,2375,2486
423,2019-03-03,16,1365,1381
423,2019-03-04,378,5505,5883
423,2019-03-05,396,5888,6284
423,2019-03-06,464,6014,6478
423,2019-03-07,483,6125,6608
423,2019-03-08,448,6043,6491
423,2019-03-09,69,2459,2528
423,2019-03-10,21,1825,1846
423,2019-03-11,418,7255,7673
423,2019-03-12,457,6394,6851
423,2019-03-13,491,5944,6435
423,2019-03-14,518,6197,6715
423,2019-03-15,590,6019,6609
423,2019-03-16,70,2254,2324
423,2019-03-17,11,1348,1359
423,2019-03-18,558,5749,6307
423,2019-03-19,530,6147,6677
423,2019-03-20,513,6046,6559
423,2019-03-21,459,6210,6669
423,2019-03-22,482,6535,7017
423,2019-03-23,66,2843,2909
423,2019-03-24,8,1783,1791
423,2019-03-25,540,5946,6486
423,2019-03-26,517,6252,6769
423,2019-03-27,465,5865,6330
423,2019-03-28,514,6357,6871
423,2019-03-29,549,6297,6846
423,2019-03-30,82,2846,2928
423,2019-04-01,493,6000,6493
423,2019-04-02,594,6646,7240
423,2019-04-03,671,6305,6976
423,2019-04-04,610,6496,7106
423,2019-04-05,513,6311,6824
423,2019-04-06,52,2436,2488
423,2019-04-07,16,1450,1466
423,2019-04-08,514,5486,6000
423,2019-04-09,606,6130,6736
423,2019-04-10,469,5550,6019
423,2019-04-11,501,5842,6343
423,2019-04-12,443,5460,5903
423,2019-04-13,78,1965,2043
423,2019-04-14,6,1177,1183
423,2019-04-15,501,5392,5893
423,2019-04-16,577,5685,6262
423,2019-04-17,534,5481,6015
423,2019-04-18,470,5450,5920
423,2019-04-19,420,5331,5751
423,2019-04-20,64,2310,2374
423,2019-04-21,13,1477,1490
423,2019-04-22,17,1262,1279
423,2019-04-23,507,6285,6792
423,2019-04-24,558,6258,6816
423,2019-04-25,483,6372,6855
423,2019-04-26,474,6527,7001
423,2019-04-27,109,3156,3265
423,2019-04-28,19,1651,1670
423,2019-04-29,468,6148,6616
423,2019-04-30,578,6544,7122
423,2019-05-01,22,1546,1568
423,2019-05-02,578,6222,6800
423,2019-05-03,588,6161,6749
423,2019-05-04,73,2252,2325
423,2019-05-05,19,1604,1623
423,2019-05-06,564,6416,6980
423,2019-05-07,646,6582,7228
423,2019-05-08,538,6645,7183
423,2019-05-09,10,1203,1213
423,2019-05-10,405,5207,5612
423,2019-05-11,70,2646,2716
423,2019-05-12,23,1728,1751
423,2019-05-13,577,6191,6768
423,2019-05-14,555,6645,7200
423,2019-05-15,544,6333,6877
423,2019-05-16,612,6469,7081
423,2019-05-17,607,6496,7103
423,2019-05-18,248,3364,3612
423,2019-05-19,43,2126,2169
423,2019-05-20,568,6797,7365
423,2019-05-21,569,6489,7058
423,2019-05-22,593,6488,7081
423,2019-05-23,591,6522,7113
423,2019-05-24,529,6452,6981
423,2019-05-25,118,2362,2480
423,2019-05-26,16,1634,1650
423,2019-05-27,551,5964,6515
423,2019-05-28,598,6043,6641
423,2019-05-29,618,6062,6680
423,2019-05-30,9,1186,1195
423,2019-05-31,299,4259,4558
423,2019-06-01,112,2288,2400
423,2019-06-02,17,1508,1525
423,2019-06-03,554,6262,6816
423,2019-06-04,541,6440,6981
423,2019-06-05,478,6354,6832
423,2019-06-06,484,6446,6930
423,2019-06-07,570,6457,7027
423,2019-06-08,93,2672,2765
423,2019-06-09,11,1677,1688
423,2019-06-10,50,1426,1476
423,2019-06-11,592,6240,6832
423,2019-06-12,606,6342,6948
423,2019-06-13,587,6552,7139
423,2019-06-14,635,6247,6882
423,2019-06-15,174,3106,3280
423,2019-06-16,27,2238,2265
423,2019-06-17,550,6302,6852
423,2019-06-18,581,6597,7178
423,2019-06-19,502,6383,6885
423,2019-06-20,543,6527,7070
423,2019-06-21,517,6752,7269
423,2019-06-22,80,2432,2512
423,2019-06-23,25,1504,1529
423,2019-06-24,476,6710,7186
423,2019-06-25,508,6522,7030
423,2019-06-26,522,6483,7005
423,2019-06-27,564,6817,7381
423,2019-06-28,546,6838,7384
423,2019-06-29,141,3662,3803
423,2019-06-30,15,2098,2113
423,2019-07-01,474,6332,6806
423,2019-07-02,534,6695,7229
423,2019-07-03,583,6744,7327
423,2019-07-04,492,6498,6990
423,2019-07-05,537,6468,7005
423,2019-07-06,80,2975,3055
423,2019-07-07,42,1890,1932
423,2019-07-08,504,6141,6645
423,2019-07-09,458,6319,6777
423,2019-07-10,442,6133,6575
423,2019-07-11,463,6183,6646
423,2019-07-12,419,6191,6610
423,2019-07-13,59,2558,2617
423,2019-07-14,17,1442,1459
423,2019-07-15,438,5659,6097
423,2019-07-16,497,5819,6316
423,2019-07-17,462,5758,6220
423,2019-07-18,433,5690,6123
423,2019-07-19,486,6103,6589
423,2019-07-20,61,2686,2747
423,2019-07-21,21,2051,2072
423,2019-07-22,468,5570,6038
423,2019-07-23,460,5663,6123
423,2019-07-24,397,5450,5847
423,2019-07-25,329,5241,5570
423,2019-07-26,273,4706,4979
423,2019-07-27,57,1909,1966
423,2019-07-28,27,1304,1331
423,2019-07-29,219,4682,4901
423,2019-07-30,241,4493,4734
423,2019-07-31,241,4543,4784
423,2019-08-01,456,8882,9338
423,2019-08-02,412,8742,9154
423,2019-08-03,64,3490,3554
423,2019-08-04,22,2438,2460
423,2019-08-05,372,7748,8120
423,2019-08-06,450,7966,8416
423,2019-08-07,354,8051,8405
423,2019-08-08,396,8160,8556
423,2019-08-09,420,7932,8352
423,2019-08-10,94,3472,3566
423,2019-08-11,32,2338,2370
423,2019-08-12,420,7576,7996
423,2019-08-13,452,7612,8064
423,2019-08-14,428,7686,8114
423,2019-08-15,24,2076,2100
423,2019-08-16,372,6408,6780
423,2019-08-17,66,3174,3240
423,2019-08-18,12,2196,2208
423,2019-08-19,566,8164,8730
423,2019-08-20,642,8828,9470
423,2019-08-21,852,9346,10198
423,2019-08-22,768,9224,9992
423,2019-08-23,664,8804,9468
423,2019-08-24,270,4276,4546
423,2019-08-25,24,2704,2728
423,2019-08-26,880,9346,10226
423,2019-08-27,826,9706,10532
423,2019-08-28,908,9674,10582
423,2019-08-29,898,9590,10488
423,2019-08-30,768,8636,9404
423,2019-08-31,280,4106,4386
423,2019-09-01,12,1316,1328
423,2019-09-02,489,4814,5303
423,2019-09-03,521,5185,5706
423,2019-09-04,587,5277,5864
423,2019-09-05,543,5423,5966
423,2019-09-06,586,5655,6241
423,2019-09-07,334,4614,4948
423,2019-09-08,42,2781,2823
423,2019-09-09,551,5299,5850
423,2019-09-10,524,5563,6087
423,2019-09-11,511,5476,5987
423,2019-09-12,483,5792,6275
423,2019-09-13,470,5759,6229
423,2019-09-14,139,2754,2893
423,2019-09-15,46,1835,1881
423,2019-09-16,499,5801,6300
423,2019-09-17,519,6242,6761
423,2019-09-18,492,6145,6637
423,2019-09-19,510,6095,6605
423,2019-09-20,547,6025,6572
423,2019-09-21,67,2551,2618
423,2019-09-22,23,931,954
423,2019-09-23,504,5818,6322
423,2019-09-24,593,6328,6921
423,2019-09-25,537,6247,6784
423,2019-09-26,525,6386,6911
423,2019-09-27,514,6210,6724
423,2019-09-28,135,3290,3425
423,2019-09-29,20,1972,1992
423,2019-09-30,576,6211,6787
423,2019-10-01,579,6420,6999
423,2019-10-02,582,6475,7057
423,2019-10-03,636,6351,6987
423,2019-10-04,514,6653,7167
423,2019-10-05,99,4145,4244
423,2019-10-06,22,2364,2386
423,2019-10-07,534,6208,6742
423,2019-10-08,510,6363,6873
423,2019-10-09,531,6560,7091
423,2019-10-10,524,6719,7243
423,2019-10-11,505,6528,7033
423,2019-10-12,70,2786,2856
423,2019-10-13,19,1792,1811
423,2019-10-14,446,6236,6682
423,2019-10-15,564,6570,7134
423,2019-10-16,603,6374,6977
423,2019-10-17,520,6573,7093
423,2019-10-18,476,6749,7225
423,2019-10-19,46,2525,2571
423,2019-10-20,13,1385,1398
423,2019-10-21,458,6112,6570
423,2019-10-22,507,6373,6880
423,2019-10-23,590,6379,6969
423,2019-10-24,752,6877,7629
423,2019-10-25,788,6352,7140
423,2019-10-26,149,3477,3626
423,2019-10-27,49,1749,1798
423,2019-10-28,481,5775,6256
423,2019-10-29,453,5976,6429
423,2019-10-30,492,5622,6114
423,2019-11-01,24,1820,1844
423,2019-11-02,109,2678,2787
423,2019-11-03,38,1597,1635
423,2019-11-04,573,6116,6689
423,2019-11-05,147,314,461
423,2019-11-06,62,45,107
423,2019-11-07,303,3174,3477
423,2019-11-08,446,6004,6450
423,2019-11-09,119,3458,3577
423,2019-11-10,9,1553,1562
423,2019-11-11,508,6292,6800
423,2019-11-12,574,6433,7007
423,2019-11-13,569,6304,6873
423,2019-11-14,625,6544,7169
423,2019-11-15,674,6661,7335
423,2019-11-16,92,2597,2689
423,2019-11-17,7,1592,1599
423,2019-11-18,591,6199,6790
423,2019-11-19,668,6682,7350
423,2019-11-20,580,6324,6904
423,2019-11-21,628,6433,7061
423,2019-11-22,529,7157,7686
423,2019-11-23,95,2964,3059
423,2019-11-24,12,1643,1655
423,2019-11-25,479,6027,6506
423,2019-11-26,486,6354,6840
423,2019-11-27,611,6523,7134
423,2019-11-28,518,6603,7121
423,2019-11-29,445,6304,6749
423,2019-11-30,73,2555,2628
423,2019-12-01,10,1205,1215
423,2019-12-02,461,6123,6584
423,2019-12-03,514,6240,6754
423,2019-12-04,492,6393,6885
423,2019-12-05,448,6282,6730
423,2019-12-06,481,6014,6495
423,2019-12-07,55,2416,2471
423,2019-12-08,17,1315,1332
423,2019-12-09,436,6144,6580
423,2019-12-10,423,6353,6776
423,2019-12-11,512,6446,6958
423,2019-12-12,542,6768,7310
423,2019-12-13,480,6626,7106
423,2019-12-14,59,2501,2560
423,2019-12-15,7,1420,1427
423,2019-12-16,477,6552,7029
423,2019-12-17,469,6481,6950
423,2019-12-18,460,6408,6868
423,2019-12-19,453,6253,6706
423,2019-12-20,299,5835,6134
423,2019-12-21,36,2211,2247
423,2019-12-22,6,1271,1277
423,2019-12-23,152,3682,3834
423,2019-12-24,126,2754,2880
423,2019-12-25,4,1053,1057
423,2019-12-26,6,954,960
423,2019-12-27,133,2595,2728
423,2019-12-28,32,1699,1731
423,2019-12-29,5,1040,1045
423,2019-12-30,159,2923,3082
423,2019-12-31,119,2370,2489
424,2019-01-01,2,1207,1209
424,2019-01-02,12,3560,3572
424,2019-01-03,14,4223,4237
424,2019-01-04,14,4187,4201
424,2019-01-05,8,1760,1768
424,2019-01-06,4,1431,1435
424,2019-01-08,28,6541,6569
424,2019-01-09,66,6190,6256
424,2019-01-10,54,6632,6686
424,2019-01-11,54,6362,6416
424,2019-01-12,7,2444,2451
424,2019-01-13,NA,1547,NA
424,2019-01-14,53,6771,6824
424,2019-01-15,34,7151,7185
424,2019-01-16,51,6767,6818
424,2019-01-17,29,7105,7134
424,2019-01-18,56,7008,7064
424,2019-01-19,7,2701,2708
424,2019-01-20,3,1821,1824
424,2019-01-21,52,6988,7040
424,2019-01-22,34,6777,6811
424,2019-01-23,61,6210,6271
424,2019-01-24,35,6603,6638
424,2019-01-25,60,6715,6775
424,2019-01-26,8,2785,2793
424,2019-01-27,4,2052,2056
424,2019-01-28,42,6526,6568
424,2019-01-29,34,6730,6764
424,2019-01-30,45,3963,4008
424,2019-01-31,33,3754,3787
424,2019-02-01,31,6197,6228
424,2019-02-02,4,2444,2448
424,2019-02-03,3,1497,1500
424,2019-02-04,57,6720,6777
424,2019-02-05,49,7372,7421
424,2019-02-06,56,6884,6940
424,2019-02-07,26,6842,6868
424,2019-02-08,58,6846,6904
424,2019-02-09,12,2729,2741
424,2019-02-10,2,1400,1402
424,2019-02-11,51,6782,6833
424,2019-02-12,46,6903,6949
424,2019-02-13,50,6366,6416
424,2019-02-14,34,6777,6811
424,2019-02-15,47,6600,6647
424,2019-02-16,11,1905,1916
424,2019-02-17,2,1379,1381
424,2019-02-18,31,5301,5332
424,2019-02-19,30,5561,5591
424,2019-02-20,36,5439,5475
424,2019-02-21,42,5224,5266
424,2019-02-22,35,5305,5340
424,2019-02-23,15,2255,2270
424,2019-02-24,8,1561,1569
424,2019-02-25,55,6851,6906
424,2019-02-26,46,7342,7388
424,2019-02-27,61,7165,7226
424,2019-02-28,38,7310,7348
424,2019-03-01,75,7446,7521
424,2019-03-02,13,2497,2510
424,2019-03-03,4,1683,1687
424,2019-03-04,42,6742,6784
424,2019-03-05,27,7246,7273
424,2019-03-06,58,6985,7043
424,2019-03-07,41,7458,7499
424,2019-03-08,69,7353,7422
424,2019-03-09,34,3313,3347
424,2019-03-10,5,1601,1606
424,2019-03-11,57,6985,7042
424,2019-03-12,62,7261,7323
424,2019-03-13,51,6911,6962
424,2019-03-14,40,7368,7408
424,2019-03-15,40,7423,7463
424,2019-03-16,5,2764,2769
424,2019-03-17,2,1741,1743
424,2019-03-18,40,6877,6917
424,2019-03-19,43,7281,7324
424,2019-03-20,63,6728,6791
424,2019-03-21,43,7160,7203
424,2019-03-22,52,7377,7429
424,2019-03-23,13,2984,2997
424,2019-03-24,3,2481,2484
424,2019-03-25,60,6822,6882
424,2019-03-26,31,7285,7316
424,2019-03-27,97,6696,6793
424,2019-03-28,36,7026,7062
424,2019-03-29,67,7344,7411
424,2019-03-30,21,3477,3498
424,2019-04-01,51,7183,7234
424,2019-04-02,43,7595,7638
424,2019-04-03,47,7128,7175
424,2019-04-04,43,7440,7483
424,2019-04-05,79,7640,7719
424,2019-04-06,22,2790,2812
424,2019-04-07,6,1562,1568
424,2019-04-08,29,5168,5197
424,2019-04-09,28,4700,4728
424,2019-04-10,45,4612,4657
424,2019-04-11,35,4607,4642
424,2019-04-12,45,5278,5323
424,2019-04-13,6,1842,1848
424,2019-04-14,6,1359,1365
424,2019-04-15,80,4894,4974
424,2019-04-16,75,5159,5234
424,2019-04-17,107,5121,5228
424,2019-04-18,106,5233,5339
424,2019-04-19,119,4949,5068
424,2019-04-20,16,2070,2086
424,2019-04-21,3,1649,1652
424,2019-04-22,7,1566,1573
424,2019-04-23,84,7140,7224
424,2019-04-24,92,6972,7064
424,2019-04-25,36,7269,7305
424,2019-04-26,67,7153,7220
424,2019-04-27,15,2680,2695
424,2019-04-28,4,1964,1968
424,2019-04-29,56,6793,6849
424,2019-04-30,67,7375,7442
424,2019-05-01,11,1742,1753
424,2019-05-02,53,6831,6884
424,2019-05-03,51,6838,6889
424,2019-05-04,20,2471,2491
424,2019-05-05,8,1739,1747
424,2019-05-06,56,6991,7047
424,2019-05-07,44,7414,7458
424,2019-05-08,58,7038,7096
424,2019-05-09,6,1687,1693
424,2019-05-10,65,5547,5612
424,2019-05-11,6,2298,2304
424,2019-05-12,6,2041,2047
424,2019-05-13,67,7110,7177
424,2019-05-14,41,7402,7443
424,2019-05-15,61,7338,7399
424,2019-05-16,46,7554,7600
424,2019-05-17,79,7279,7358
424,2019-05-18,13,3331,3344
424,2019-05-19,4,2339,2343
424,2019-05-20,66,7115,7181
424,2019-05-21,44,7420,7464
424,2019-05-22,49,7301,7350
424,2019-05-23,53,7580,7633
424,2019-05-24,72,7495,7567
424,2019-05-25,29,3191,3220
424,2019-05-26,6,1799,1805
424,2019-05-27,26,6172,6198
424,2019-05-28,33,6156,6189
424,2019-05-29,32,6386,6418
424,2019-05-30,4,1374,1378
424,2019-05-31,37,4198,4235
424,2019-06-01,6,2107,2113
424,2019-06-02,11,1630,1641
424,2019-06-03,66,6952,7018
424,2019-06-04,43,7387,7430
424,2019-06-05,72,7241,7313
424,2019-06-06,59,7246,7305
424,2019-06-07,76,7103,7179
424,2019-06-08,24,3186,3210
424,2019-06-09,9,1836,1845
424,2019-06-10,7,1617,1624
424,2019-06-11,44,6976,7020
424,2019-06-12,58,6875,6933
424,2019-06-13,49,7176,7225
424,2019-06-14,68,6974,7042
424,2019-06-15,21,3014,3035
424,2019-06-16,6,1959,1965
424,2019-06-17,47,6941,6988
424,2019-06-18,62,7292,7354
424,2019-06-19,61,6906,6967
424,2019-06-20,46,7131,7177
424,2019-06-21,65,6948,7013
424,2019-06-22,13,2522,2535
424,2019-06-23,5,1833,1838
424,2019-06-24,64,6454,6518
424,2019-06-25,36,6066,6102
424,2019-06-26,79,6483,6562
424,2019-06-27,34,6801,6835
424,2019-06-28,62,7237,7299
424,2019-06-29,7,2667,2674
424,2019-06-30,4,1860,1864
424,2019-07-01,53,7039,7092
424,2019-07-02,48,7680,7728
424,2019-07-03,65,7200,7265
424,2019-07-04,68,7375,7443
424,2019-07-05,61,7306,7367
424,2019-07-06,10,2840,2850
424,2019-07-07,4,1941,1945
424,2019-07-08,68,7089,7157
424,2019-07-09,48,7152,7200
424,2019-07-10,64,6929,6993
424,2019-07-11,53,7620,7673
424,2019-07-12,58,7006,7064
424,2019-07-13,11,2406,2417
424,2019-07-14,6,1710,1716
424,2019-07-15,38,6161,6199
424,2019-07-16,43,6307,6350
424,2019-07-17,40,6057,6097
424,2019-07-18,25,6293,6318
424,2019-07-19,19,1430,1449
424,2019-07-20,6,546,552
424,2019-07-21,4,629,633
424,2019-07-22,24,3537,3561
424,2019-07-23,30,5837,5867
424,2019-07-24,34,5716,5750
424,2019-07-25,41,5689,5730
424,2019-07-26,49,5386,5435
424,2019-07-27,15,2044,2059
424,2019-07-28,9,1642,1651
424,2019-07-29,17,5066,5083
424,2019-07-30,27,5020,5047
424,2019-07-31,22,5016,5038
424,2019-08-01,33,5015,5048
424,2019-08-02,28,4921,4949
424,2019-08-03,18,1650,1668
424,2019-08-04,10,1561,1571
424,2019-08-05,21,4713,4734
424,2019-08-06,17,4735,4752
424,2019-08-07,26,4760,4786
424,2019-08-08,28,4651,4679
424,2019-08-09,32,4551,4583
424,2019-08-10,14,1751,1765
424,2019-08-11,2,1475,1477
424,2019-08-12,22,4435,4457
424,2019-08-13,17,4502,4519
424,2019-08-14,21,4612,4633
424,2019-08-15,7,1401,1408
424,2019-08-16,26,3513,3539
424,2019-08-17,6,1652,1658
424,2019-08-18,NA,1346,NA
424,2019-08-19,25,5185,5210
424,2019-08-20,34,5250,5284
424,2019-08-21,46,5380,5426
424,2019-08-22,48,5426,5474
424,2019-08-23,43,5461,5504
424,2019-08-24,13,2037,2050
424,2019-08-25,4,1602,1606
424,2019-08-26,37,5449,5486
424,2019-08-27,32,5620,5652
424,2019-08-28,46,5497,5543
424,2019-08-29,47,5318,5365
424,2019-08-30,42,6052,6094
424,2019-08-31,17,2282,2299
424,2019-09-01,6,1913,1919
424,2019-09-02,34,5471,5505
424,2019-09-03,36,6028,6064
424,2019-09-04,47,5795,5842
424,2019-09-05,36,5928,5964
424,2019-09-06,36,5742,5778
424,2019-09-07,8,1308,1316
424,2019-09-08,8,978,986
424,2019-09-09,66,5970,6036
424,2019-09-10,35,6495,6530
424,2019-09-11,15,6160,6175
424,2019-09-12,30,6715,6745
424,2019-09-13,35,6266,6301
424,2019-09-14,15,2836,2851
424,2019-09-15,6,2162,2168
424,2019-09-16,72,6933,7005
424,2019-09-17,42,7153,7195
424,2019-09-18,72,6910,6982
424,2019-09-19,33,7137,7170
424,2019-09-20,56,6940,6996
424,2019-09-21,19,2664,2683
424,2019-09-22,10,1550,1560
424,2019-09-23,43,6909,6952
424,2019-09-24,38,7661,7699
424,2019-09-25,56,6947,7003
424,2019-09-26,34,7434,7468
424,2019-09-27,57,7113,7170
424,2019-09-28,21,3275,3296
424,2019-09-29,7,1877,1884
424,2019-09-30,39,7095,7134
424,2019-10-01,34,7536,7570
424,2019-10-02,59,6957,7016
424,2019-10-03,49,7097,7146
424,2019-10-04,52,7109,7161
424,2019-10-05,7,2014,2021
424,2019-10-06,7,1432,1439
424,2019-10-07,55,7206,7261
424,2019-10-08,33,7460,7493
424,2019-10-09,56,7117,7173
424,2019-10-10,42,7316,7358
424,2019-10-11,57,7243,7300
424,2019-10-12,21,3142,3163
424,2019-10-13,2,2058,2060
424,2019-10-14,47,7136,7183
424,2019-10-15,48,7540,7588
424,2019-10-16,61,6891,6952
424,2019-10-17,42,7277,7319
424,2019-10-18,51,6933,6984
424,2019-10-19,9,2897,2906
424,2019-10-20,13,1990,2003
424,2019-10-21,60,7013,7073
424,2019-10-22,80,7103,7183
424,2019-10-23,88,6871,6959
424,2019-10-24,61,6934,6995
424,2019-10-25,71,7008,7079
424,2019-10-26,22,3978,4000
424,2019-10-27,19,2767,2786
424,2019-10-28,42,5936,5978
424,2019-10-29,27,6168,6195
424,2019-10-30,30,5911,5941
424,2019-11-01,5,2193,2198
424,2019-11-02,17,2684,2701
424,2019-11-03,15,1933,1948
424,2019-11-04,50,7096,7146
424,2019-11-05,54,8029,8083
424,2019-11-06,77,7445,7522
424,2019-11-07,46,7681,7727
424,2019-11-08,94,7515,7609
424,2019-11-09,5,3751,3756
424,2019-11-10,7,2272,2279
424,2019-11-11,61,7241,7302
424,2019-11-12,25,7694,7719
424,2019-11-13,71,7165,7236
424,2019-11-14,48,7576,7624
424,2019-11-15,95,7114,7209
424,2019-11-16,10,3105,3115
424,2019-11-17,4,2188,2192
424,2019-11-18,47,7141,7188
424,2019-11-19,33,7573,7606
424,2019-11-20,45,6863,6908
424,2019-11-21,53,7314,7367
424,2019-11-22,56,6975,7031
424,2019-11-23,9,3150,3159
424,2019-11-24,4,1878,1882
424,2019-11-25,67,6925,6992
424,2019-11-26,34,7307,7341
424,2019-11-27,57,7234,7291
424,2019-11-28,55,7809,7864
424,2019-11-29,57,7224,7281
424,2019-11-30,11,2903,2914
424,2019-12-01,3,1747,1750
424,2019-12-02,51,6809,6860
424,2019-12-03,33,7352,7385
424,2019-12-04,50,6952,7002
424,2019-12-05,50,6983,7033
424,2019-12-06,20,6836,6856
424,2019-12-07,13,3031,3044
424,2019-12-08,2,2030,2032
424,2019-12-09,53,7548,7601
424,2019-12-10,36,7509,7545
424,2019-12-11,49,7263,7312
424,2019-12-12,63,7331,7394
424,2019-12-13,57,7300,7357
424,2019-12-14,4,2967,2971
424,2019-12-15,2,1883,1885
424,2019-12-16,59,6777,6836
424,2019-12-17,37,7708,7745
424,2019-12-18,66,7058,7124
424,2019-12-19,47,7503,7550
424,2019-12-20,54,7482,7536
424,2019-12-21,14,2502,2516
424,2019-12-22,2,1654,1656
424,2019-12-23,9,3775,3784
424,2019-12-24,8,2784,2792
424,2019-12-25,2,1356,1358
424,2019-12-26,3,1354,1357
424,2019-12-27,11,2861,2872
424,2019-12-28,5,1659,1664
424,2019-12-29,5,1378,1383
424,2019-12-30,18,3001,3019
424,2019-12-31,6,2469,2475
425,2019-01-01,34,3478,3512
425,2019-01-02,262,8220,8482
425,2019-01-03,284,8972,9256
425,2019-01-04,269,9522,9791
425,2019-01-05,157,7067,7224
425,2019-01-06,46,4702,4748
425,2019-01-07,296,10505,10801
425,2019-01-08,302,11384,11686
425,2019-01-09,329,11046,11375
425,2019-01-10,352,11858,12210
425,2019-01-11,333,11627,11960
425,2019-01-12,142,7917,8059
425,2019-01-13,37,4768,4805
425,2019-01-14,424,11364,11788
425,2019-01-15,473,11880,12353
425,2019-01-16,446,12015,12461
425,2019-01-17,393,12387,12780
425,2019-01-18,432,12626,13058
425,2019-01-19,179,8090,8269
425,2019-01-20,67,4913,4980
425,2019-01-21,426,11539,11965
425,2019-01-22,470,11961,12431
425,2019-01-23,421,11356,11777
425,2019-01-24,410,12069,12479
425,2019-01-25,402,12123,12525
425,2019-01-26,148,7931,8079
425,2019-01-27,46,4951,4997
425,2019-01-28,371,10904,11275
425,2019-01-29,447,12349,12796
425,2019-01-30,322,8798,9120
425,2019-01-31,351,11319,11670
425,2019-02-01,351,12005,12356
425,2019-02-02,143,7727,7870
425,2019-02-03,34,5071,5105
425,2019-02-04,413,11544,11957
425,2019-02-05,422,12496,12918
425,2019-02-06,438,12285,12723
425,2019-02-07,429,12427,12856
425,2019-02-08,481,12573,13054
425,2019-02-09,174,7779,7953
425,2019-02-10,43,4620,4663
425,2019-02-11,395,11421,11816
425,2019-02-12,422,12114,12536
425,2019-02-13,485,11995,12480
425,2019-02-14,424,12769,13193
425,2019-02-15,427,12311,12738
425,2019-02-16,196,7233,7429
425,2019-02-17,39,4669,4708
425,2019-02-18,434,10021,10455
425,2019-02-19,429,10724,11153
425,2019-02-20,409,10497,10906
425,2019-02-21,408,10775,11183
425,2019-02-22,408,10974,11382
425,2019-02-23,205,7240,7445
425,2019-02-24,46,5191,5237
425,2019-02-25,461,11438,11899
425,2019-02-26,481,12465,12946
425,2019-02-27,492,12383,12875
425,2019-02-28,459,12436,12895
425,2019-03-01,477,12578,13055
425,2019-03-02,209,8110,8319
425,2019-03-03,52,5431,5483
425,2019-03-04,372,10476,10848
425,2019-03-05,392,12072,12464
425,2019-03-06,442,12233,12675
425,2019-03-07,443,12725,13168
425,2019-03-08,434,12408,12842
425,2019-03-09,156,7701,7857
425,2019-03-10,47,5202,5249
425,2019-03-11,410,11554,11964
425,2019-03-12,449,12693,13142
425,2019-03-13,405,12102,12507
425,2019-03-14,424,12709,13133
425,2019-03-15,393,12716,13109
425,2019-03-16,190,8179,8369
425,2019-03-17,40,5270,5310
425,2019-03-18,463,11653,12116
425,2019-03-19,508,13011,13519
425,2019-03-20,541,12510,13051
425,2019-03-21,553,12982,13535
425,2019-03-22,492,13424,13916
425,2019-03-23,213,8776,8989
425,2019-03-24,50,6139,6189
425,2019-03-25,506,11767,12273
425,2019-03-26,525,12708,13233
425,2019-03-27,497,12116,12613
425,2019-03-28,524,12674,13198
425,2019-03-29,484,13193,13677
425,2019-03-30,197,9209,9406
425,2019-04-01,477,12042,12519
425,2019-04-02,458,13102,13560
425,2019-04-03,485,12205,12690
425,2019-04-04,478,13002,13480
425,2019-04-05,463,13135,13598
425,2019-04-06,308,8057,8365
425,2019-04-07,149,5569,5718
425,2019-04-08,593,11115,11708
425,2019-04-09,570,12180,12750
425,2019-04-10,586,12220,12806
425,2019-04-11,546,12170,12716
425,2019-04-12,551,12372,12923
425,2019-04-13,285,7434,7719
425,2019-04-14,146,4735,4881
425,2019-04-15,564,12084,12648
425,2019-04-16,549,13533,14082
425,2019-04-17,565,13630,14195
425,2019-04-18,503,12601,13104
425,2019-04-19,463,11395,11858
425,2019-04-20,254,7721,7975
425,2019-04-21,135,4960,5095
425,2019-04-22,144,4736,4880
425,2019-04-23,451,12418,12869
425,2019-04-24,478,12104,12582
425,2019-04-25,460,12673,13133
425,2019-04-26,451,12912,13363
425,2019-04-27,195,9069,9264
425,2019-04-28,44,5411,5455
425,2019-04-29,539,11875,12414
425,2019-04-30,519,13327,13846
425,2019-05-01,43,5234,5277
425,2019-05-02,532,12905,13437
425,2019-05-03,468,13109,13577
425,2019-05-04,190,7992,8182
425,2019-05-05,54,5391,5445
425,2019-05-06,566,12404,12970
425,2019-05-07,503,13285,13788
425,2019-05-08,470,13005,13475
425,2019-05-09,52,5295,5347
425,2019-05-10,414,11774,12188
425,2019-05-11,140,7895,8035
425,2019-05-12,64,5482,5546
425,2019-05-13,477,12451,12928
425,2019-05-14,510,13241,13751
425,2019-05-15,445,13055,13500
425,2019-05-16,433,13279,13712
425,2019-05-17,375,12738,13113
425,2019-05-18,157,8264,8421
425,2019-05-19,31,4401,4432
425,2019-05-20,241,12544,12785
425,2019-05-21,271,12548,12819
425,2019-05-22,258,11501,11759
425,2019-05-23,260,9152,9412
425,2019-05-24,309,10643,10952
425,2019-05-25,104,6905,7009
425,2019-05-26,25,3653,3678
425,2019-05-27,240,8770,9010
425,2019-05-28,294,9952,10246
425,2019-05-29,293,10244,10537
425,2019-05-30,34,3918,3952
425,2019-05-31,206,7457,7663
425,2019-06-01,132,4318,4450
425,2019-06-02,23,2858,2881
425,2019-06-03,250,9148,9398
425,2019-06-04,240,6389,6629
425,2019-06-05,328,9771,10099
425,2019-06-06,405,13312,13717
425,2019-06-07,413,11254,11667
425,2019-06-08,174,7484,7658
425,2019-06-09,34,5295,5329
425,2019-06-10,34,4124,4158
425,2019-06-11,482,12632,13114
425,2019-06-12,295,11645,11940
425,2019-06-13,454,12368,12822
425,2019-06-14,655,13244,13899
425,2019-06-15,429,10184,10613
425,2019-06-16,79,6453,6532
425,2019-06-17,413,12134,12547
425,2019-06-18,389,12663,13052
425,2019-06-19,342,12265,12607
425,2019-06-20,362,12278,12640
425,2019-06-21,396,13183,13579
425,2019-06-22,168,8166,8334
425,2019-06-23,48,4929,4977
425,2019-06-24,424,11964,12388
425,2019-06-25,452,12314,12766
425,2019-06-26,348,11765,12113
425,2019-06-27,341,13053,13394
425,2019-06-28,432,13683,14115
425,2019-06-29,213,10015,10228
425,2019-06-30,58,5987,6045
425,2019-07-01,329,10619,10948
425,2019-07-02,417,12161,12578
425,2019-07-03,336,12664,13000
425,2019-07-04,421,12759,13180
425,2019-07-05,336,12145,12481
425,2019-07-06,129,7834,7963
425,2019-07-07,49,6417,6466
425,2019-07-08,349,11681,12030
425,2019-07-09,396,12727,13123
425,2019-07-10,406,11931,12337
425,2019-07-11,336,11881,12217
425,2019-07-12,392,11735,12127
425,2019-07-13,194,8323,8517
425,2019-07-14,64,5233,5297
425,2019-07-15,481,11757,12238
425,2019-07-16,460,12494,12954
425,2019-07-17,426,12351,12777
425,2019-07-18,457,12276,12733
425,2019-07-19,434,12808,13242
425,2019-07-20,195,7557,7752
425,2019-07-21,48,5180,5228
425,2019-07-22,462,11006,11468
425,2019-07-23,403,11562,11965
425,2019-07-24,417,11416,11833
425,2019-07-25,336,10847,11183
425,2019-07-26,264,10938,11202
425,2019-07-27,157,6695,6852
425,2019-07-28,56,4629,4685
425,2019-07-29,289,9884,10173
425,2019-07-30,255,10337,10592
425,2019-07-31,305,10020,10325
425,2019-08-01,272,10402,10674
425,2019-08-02,294,10078,10372
425,2019-08-03,161,6557,6718
425,2019-08-04,42,4631,4673
425,2019-08-05,288,8901,9189
425,2019-08-06,258,9537,9795
425,2019-08-07,227,9359,9586
425,2019-08-08,280,9664,9944
425,2019-08-09,236,9681,9917
425,2019-08-11,16,392,408
425,2019-08-12,66,1107,1173
425,2019-08-13,13,751,764
425,2019-08-14,158,6643,6801
425,2019-08-15,42,4429,4471
425,2019-08-16,249,8914,9163
425,2019-08-17,112,6024,6136
425,2019-08-18,34,4125,4159
425,2019-08-19,308,9912,10220
425,2019-08-20,330,10608,10938
425,2019-08-21,368,10848,11216
425,2019-08-22,366,10713,11079
425,2019-08-23,384,10895,11279
425,2019-08-24,247,7001,7248
425,2019-08-25,129,5079,5208
425,2019-08-26,490,10563,11053
425,2019-08-27,450,11455,11905
425,2019-08-28,555,11381,11936
425,2019-08-29,531,11381,11912
425,2019-08-30,523,11612,12135
425,2019-08-31,247,7296,7543
425,2019-09-01,140,4947,5087
425,2019-09-02,527,10728,11255
425,2019-09-03,470,11772,12242
425,2019-09-04,563,12228,12791
425,2019-09-05,610,12074,12684
425,2019-09-06,562,12858,13420
425,2019-09-07,502,10921,11423
425,2019-09-08,250,8096,8346
425,2019-09-09,511,11400,11911
425,2019-09-10,476,12679,13155
425,2019-09-11,480,12361,12841
425,2019-09-12,488,12802,13290
425,2019-09-13,460,13165,13625
425,2019-09-14,325,10584,10909
425,2019-09-15,149,7309,7458
425,2019-09-16,510,11945,12455
425,2019-09-17,495,12899,13394
425,2019-09-18,574,12614,13188
425,2019-09-19,498,12878,13376
425,2019-09-20,496,12826,13322
425,2019-09-21,202,8630,8832
425,2019-09-22,53,5728,5781
425,2019-09-23,496,11828,12324
425,2019-09-24,589,12667,13256
425,2019-09-25,494,12227,12721
425,2019-09-26,466,12871,13337
425,2019-09-27,430,12920,13350
425,2019-09-28,203,8871,9074
425,2019-09-29,70,5660,5730
425,2019-09-30,444,12330,12774
425,2019-10-01,425,12712,13137
425,2019-10-02,443,12524,12967
425,2019-10-03,479,13071,13550
425,2019-10-04,441,13176,13617
425,2019-10-05,315,11385,11700
425,2019-10-06,82,7116,7198
425,2019-10-07,403,12057,12460
425,2019-10-08,385,12502,12887
425,2019-10-09,411,12191,12602
425,2019-10-10,429,13072,13501
425,2019-10-11,458,12962,13420
425,2019-10-12,201,8858,9059
425,2019-10-13,56,5820,5876
425,2019-10-14,447,12017,12464
425,2019-10-15,382,12913,13295
425,2019-10-16,419,12650,13069
425,2019-10-17,388,12810,13198
425,2019-10-18,390,13303,13693
425,2019-10-19,156,8763,8919
425,2019-10-20,93,5792,5885
425,2019-10-21,470,11910,12380
425,2019-10-22,418,12975,13393
425,2019-10-23,456,12692,13148
425,2019-10-24,542,13632,14174
425,2019-10-25,532,13288,13820
425,2019-10-26,213,8532,8745
425,2019-10-27,63,5399,5462
425,2019-10-28,490,11456,11946
425,2019-10-29,483,12447,12930
425,2019-10-30,471,11834,12305
425,2019-11-01,35,5098,5133
425,2019-11-02,196,7192,7388
425,2019-11-03,52,4830,4882
425,2019-11-04,444,11854,12298
425,2019-11-05,417,13412,13829
425,2019-11-06,438,12745,13183
425,2019-11-07,435,13796,14231
425,2019-11-08,488,13571,14059
425,2019-11-09,214,9270,9484
425,2019-11-10,67,5373,5440
425,2019-11-11,458,12389,12847
425,2019-11-12,420,12968,13388
425,2019-11-13,435,12641,13076
425,2019-11-14,484,13281,13765
425,2019-11-15,502,13241,13743
425,2019-11-16,202,8863,9065
425,2019-11-17,52,5455,5507
425,2019-11-18,389,12123,12512
425,2019-11-19,504,13055,13559
425,2019-11-20,448,13102,13550
425,2019-11-21,299,8573,8872
425,2019-11-22,476,13945,14421
425,2019-11-23,213,9132,9345
425,2019-11-24,49,5590,5639
425,2019-11-25,438,12174,12612
425,2019-11-26,422,13711,14133
425,2019-11-27,417,12716,13133
425,2019-11-28,406,13498,13904
425,2019-11-29,428,13187,13615
425,2019-11-30,187,8306,8493
425,2019-12-01,62,5218,5280
425,2019-12-02,500,12658,13158
425,2019-12-03,476,13025,13501
425,2019-12-04,548,13020,13568
425,2019-12-05,539,13329,13868
425,2019-12-06,455,12930,13385
425,2019-12-07,207,8340,8547
425,2019-12-08,44,5421,5465
425,2019-12-09,454,12425,12879
425,2019-12-10,468,12857,13325
425,2019-12-11,426,12368,12794
425,2019-12-12,497,13568,14065
425,2019-12-13,442,13082,13524
425,2019-12-14,213,8449,8662
425,2019-12-15,45,5866,5911
425,2019-12-16,477,12950,13427
425,2019-12-17,494,13101,13595
425,2019-12-18,549,12898,13447
425,2019-12-19,457,13266,13723
425,2019-12-20,347,12723,13070
425,2019-12-21,146,7753,7899
425,2019-12-22,27,4851,4878
425,2019-12-23,246,9495,9741
425,2019-12-24,153,7156,7309
425,2019-12-25,27,3903,3930
425,2019-12-26,41,3725,3766
425,2019-12-27,180,7905,8085
425,2019-12-28,148,5983,6131
425,2019-12-29,47,4162,4209
425,2019-12-30,220,7871,8091
425,2019-12-31,213,6580,6793
426,2019-01-01,117,2059,2176
426,2019-01-02,269,4252,4521
426,2019-01-03,269,4644,4913
426,2019-01-04,264,4707,4971
426,2019-01-05,170,3022,3192
426,2019-01-06,124,2797,2921
426,2019-01-07,282,5556,5838
426,2019-01-08,314,5677,5991
426,2019-01-09,309,5990,6299
426,2019-01-10,310,6390,6700
426,2019-01-11,283,6095,6378
426,2019-01-12,165,3581,3746
426,2019-01-13,122,2718,2840
426,2019-01-14,319,6215,6534
426,2019-01-15,338,6453,6791
426,2019-01-16,338,6012,6350
426,2019-01-17,336,6197,6533
426,2019-01-18,332,6617,6949
426,2019-01-19,182,4019,4201
426,2019-01-20,120,2937,3057
426,2019-01-21,331,6247,6578
426,2019-01-22,365,6156,6521
426,2019-01-23,345,5905,6250
426,2019-01-24,338,6413,6751
426,2019-01-25,357,6249,6606
426,2019-01-26,164,3606,3770
426,2019-01-27,126,2845,2971
426,2019-01-28,313,6191,6504
426,2019-01-29,332,6245,6577
426,2019-01-30,279,4941,5220
426,2019-01-31,287,5694,5981
426,2019-02-01,283,5866,6149
426,2019-02-02,171,3659,3830
426,2019-02-03,128,3181,3309
426,2019-02-04,334,6072,6406
426,2019-02-05,360,6395,6755
426,2019-02-06,365,6277,6642
426,2019-02-07,338,6475,6813
426,2019-02-08,359,6583,6942
426,2019-02-09,183,3795,3978
426,2019-02-10,122,2775,2897
426,2019-02-11,368,6096,6464
426,2019-02-12,357,6393,6750
426,2019-02-13,336,6328,6664
426,2019-02-14,365,6793,7158
426,2019-02-15,327,6481,6808
426,2019-02-16,190,3353,3543
426,2019-02-17,127,2665,2792
426,2019-02-18,321,5279,5600
426,2019-02-19,336,5427,5763
426,2019-02-20,330,5427,5757
426,2019-02-21,309,5315,5624
426,2019-02-22,307,5264,5571
426,2019-02-23,178,3408,3586
426,2019-02-24,119,3275,3394
426,2019-02-25,338,6421,6759
426,2019-02-26,312,6610,6922
426,2019-02-27,346,6537,6883
426,2019-02-28,340,6767,7107
426,2019-03-01,325,6416,6741
426,2019-03-02,174,4023,4197
426,2019-03-03,121,3070,3191
426,2019-03-04,325,5968,6293
426,2019-03-05,330,6075,6405
426,2019-03-06,338,6632,6970
426,2019-03-07,341,6845,7186
426,2019-03-08,346,6552,6898
426,2019-03-09,174,4165,4339
426,2019-03-10,120,3263,3383
426,2019-03-11,333,6513,6846
426,2019-03-12,356,7013,7369
426,2019-03-13,339,6457,6796
426,2019-03-14,318,6401,6719
426,2019-03-15,325,6466,6791
426,2019-03-16,169,4048,4217
426,2019-03-17,126,3027,3153
426,2019-03-18,304,6576,6880
426,2019-03-19,317,6655,6972
426,2019-03-20,334,6891,7225
426,2019-03-21,322,6835,7157
426,2019-03-22,350,6833,7183
426,2019-03-23,179,3988,4167
426,2019-03-24,114,3140,3254
426,2019-03-25,346,6322,6668
426,2019-03-26,336,6557,6893
426,2019-03-27,315,6803,7118
426,2019-03-28,338,6719,7057
426,2019-03-29,323,6714,7037
426,2019-03-30,168,4054,4222
426,2019-04-01,321,6668,6989
426,2019-04-02,348,6377,6725
426,2019-04-03,353,6639,6992
426,2019-04-04,338,6833,7171
426,2019-04-05,332,6694,7026
426,2019-04-06,174,3787,3961
426,2019-04-07,119,2835,2954
426,2019-04-08,325,5904,6229
426,2019-04-09,311,5454,5765
426,2019-04-10,316,5431,5747
426,2019-04-11,342,6106,6448
426,2019-04-12,361,6315,6676
426,2019-04-13,174,3828,4002
426,2019-04-14,122,3251,3373
426,2019-04-15,369,5750,6119
426,2019-04-16,342,5129,5471
426,2019-04-17,330,5570,5900
426,2019-04-18,353,5789,6142
426,2019-04-19,347,5133,5480
426,2019-04-20,165,3167,3332
426,2019-04-21,114,2581,2695
426,2019-04-22,110,3220,3330
426,2019-04-23,323,6459,6782
426,2019-04-24,339,6056,6395
426,2019-04-25,360,6399,6759
426,2019-04-26,356,6731,7087
426,2019-04-27,206,3907,4113
426,2019-04-28,120,3141,3261
426,2019-04-29,350,6502,6852
426,2019-04-30,380,6794,7174
426,2019-05-01,128,3363,3491
426,2019-05-02,365,6778,7143
426,2019-05-03,368,6938,7306
426,2019-05-04,170,3952,4122
426,2019-05-05,113,3409,3522
426,2019-05-06,401,7057,7458
426,2019-05-07,408,7178,7586
426,2019-05-08,392,6797,7189
426,2019-05-09,122,3013,3135
426,2019-05-10,349,6131,6480
426,2019-05-11,154,2913,3067
426,2019-05-12,124,3556,3680
426,2019-05-13,358,6717,7075
426,2019-05-14,544,7316,7860
426,2019-05-15,540,7552,8092
426,2019-05-16,623,7699,8322
426,2019-05-17,625,7520,8145
426,2019-05-18,209,4614,4823
426,2019-05-19,129,3518,3647
426,2019-05-20,574,7006,7580
426,2019-05-21,541,7296,7837
426,2019-05-22,536,7410,7946
426,2019-05-23,496,7636,8132
426,2019-05-24,550,7426,7976
426,2019-05-25,235,4012,4247
426,2019-05-26,124,3266,3390
426,2019-05-27,510,5917,6427
426,2019-05-28,690,5955,6645
426,2019-05-29,503,6373,6876
426,2019-05-30,116,3096,3212
426,2019-05-31,345,5507,5852
426,2019-06-01,199,4771,4970
426,2019-06-02,131,3728,3859
426,2019-06-03,544,7092,7636
426,2019-06-04,554,7197,7751
426,2019-06-05,609,7213,7822
426,2019-06-06,606,7493,8099
426,2019-06-07,530,7607,8137
426,2019-06-08,249,4249,4498
426,2019-06-09,124,3595,3719
426,2019-06-10,127,3161,3288
426,2019-06-11,615,6862,7477
426,2019-06-12,624,8156,8780
426,2019-06-13,577,7433,8010
426,2019-06-14,607,7527,8134
426,2019-06-15,260,4759,5019
426,2019-06-16,136,3813,3949
426,2019-06-17,529,7105,7634
426,2019-06-18,523,7272,7795
426,2019-06-19,528,7565,8093
426,2019-06-20,548,7554,8102
426,2019-06-21,587,7610,8197
426,2019-06-22,222,4892,5114
426,2019-06-23,134,4417,4551
426,2019-06-24,549,7031,7580
426,2019-06-25,490,7268,7758
426,2019-06-26,507,7367,7874
426,2019-06-27,508,7588,8096
426,2019-06-28,527,7768,8295
426,2019-06-29,231,6463,6694
426,2019-06-30,146,4651,4797
426,2019-07-01,476,7468,7944
426,2019-07-02,532,7569,8101
426,2019-07-03,633,7802,8435
426,2019-07-04,640,8909,9549
426,2019-07-05,594,7961,8555
426,2019-07-06,225,4817,5042
426,2019-07-07,133,3783,3916
426,2019-07-08,546,7443,7989
426,2019-07-09,575,7325,7900
426,2019-07-10,527,7640,8167
426,2019-07-11,487,7525,8012
426,2019-07-12,504,7400,7904
426,2019-07-13,215,3988,4203
426,2019-07-14,125,3451,3576
426,2019-07-15,476,6937,7413
426,2019-07-16,513,6782,7295
426,2019-07-17,594,7024,7618
426,2019-07-18,556,6960,7516
426,2019-07-19,568,7154,7722
426,2019-07-20,194,4018,4212
426,2019-07-21,141,3738,3879
426,2019-07-22,610,6395,7005
426,2019-07-23,565,6980,7545
426,2019-07-24,560,6773,7333
426,2019-07-25,441,6577,7018
426,2019-07-26,380,6329,6709
426,2019-07-27,214,3401,3615
426,2019-07-28,140,3149,3289
426,2019-07-29,337,5804,6141
426,2019-07-30,352,5985,6337
426,2019-07-31,358,6069,6427
426,2019-08-01,351,5798,6149
426,2019-08-02,366,5805,6171
426,2019-08-03,182,3286,3468
426,2019-08-04,137,3456,3593
426,2019-08-05,363,5325,5688
426,2019-08-06,331,5206,5537
426,2019-08-07,350,5481,5831
426,2019-08-08,339,5389,5728
426,2019-08-09,346,5296,5642
426,2019-08-10,181,3147,3328
426,2019-08-11,128,3047,3175
426,2019-08-12,335,5056,5391
426,2019-08-13,331,5128,5459
426,2019-08-14,342,5353,5695
426,2019-08-15,124,2713,2837
426,2019-08-16,328,4504,4832
426,2019-08-17,177,2853,3030
426,2019-08-18,131,2644,2775
426,2019-08-19,384,5541,5925
426,2019-08-20,434,5668,6102
426,2019-08-21,435,6204,6639
426,2019-08-22,418,6157,6575
426,2019-08-23,465,6008,6473
426,2019-08-24,202,3459,3661
426,2019-08-25,122,3612,3734
426,2019-08-26,498,6178,6676
426,2019-08-27,502,6050,6552
426,2019-08-28,523,6271,6794
426,2019-08-29,484,6242,6726
426,2019-08-30,484,6556,7040
426,2019-08-31,225,3815,4040
426,2019-09-01,119,3450,3569
426,2019-09-02,431,6070,6501
426,2019-09-03,476,6494,6970
426,2019-09-04,494,7022,7516
426,2019-09-05,459,6684,7143
426,2019-09-06,506,6742,7248
426,2019-09-07,217,3833,4050
426,2019-09-08,128,3333,3461
426,2019-09-09,471,6619,7090
426,2019-09-10,505,7003,7508
426,2019-09-11,483,6977,7460
426,2019-09-12,488,6951,7439
426,2019-09-13,460,7006,7466
426,2019-09-14,207,4866,5073
426,2019-09-15,125,3946,4071
426,2019-09-16,482,7001,7483
426,2019-09-17,524,7660,8184
426,2019-09-18,537,7574,8111
426,2019-09-19,602,7795,8397
426,2019-09-20,541,7825,8366
426,2019-09-21,235,4811,5046
426,2019-09-22,129,3807,3936
426,2019-09-23,527,7275,7802
426,2019-09-24,539,7242,7781
426,2019-09-25,471,7205,7676
426,2019-09-26,534,7527,8061
426,2019-09-27,541,7796,8337
426,2019-09-28,213,4574,4787
426,2019-09-29,135,3673,3808
426,2019-09-30,490,7310,7800
426,2019-10-01,554,7233,7787
426,2019-10-02,545,7760,8305
426,2019-10-03,528,8152,8680
426,2019-10-04,566,7837,8403
426,2019-10-05,195,4798,4993
426,2019-10-06,138,3839,3977
426,2019-10-07,548,7206,7754
426,2019-10-08,494,7164,7658
426,2019-10-09,560,7230,7790
426,2019-10-10,582,8086,8668
426,2019-10-11,522,7363,7885
426,2019-10-12,204,4725,4929
426,2019-10-13,133,3899,4032
426,2019-10-14,501,7483,7984
426,2019-10-15,494,7644,8138
426,2019-10-16,462,7337,7799
426,2019-10-17,533,7526,8059
426,2019-10-18,530,7538,8068
426,2019-10-19,229,4580,4809
426,2019-10-20,109,3463,3572
426,2019-10-21,464,7330,7794
426,2019-10-22,499,7437,7936
426,2019-10-23,467,7657,8124
426,2019-10-24,453,7717,8170
426,2019-10-25,549,7752,8301
426,2019-10-26,76,2187,2263
426,2019-10-27,137,3433,3570
426,2019-10-28,503,6512,7015
426,2019-10-29,453,6449,6902
426,2019-10-30,508,6822,7330
426,2019-11-01,119,3311,3430
426,2019-11-02,182,3750,3932
426,2019-11-03,119,3049,3168
426,2019-11-04,464,7168,7632
426,2019-11-05,467,7453,7920
426,2019-11-06,463,7340,7803
426,2019-11-07,521,7609,8130
426,2019-11-08,543,7656,8199
426,2019-11-09,233,4567,4800
426,2019-11-10,132,3789,3921
426,2019-11-11,434,7004,7438
426,2019-11-12,475,6981,7456
426,2019-11-13,552,7263,7815
426,2019-11-14,529,7129,7658
426,2019-11-15,538,7391,7929
426,2019-11-16,222,4586,4808
426,2019-11-17,141,4924,5065
426,2019-11-18,437,6821,7258
426,2019-11-19,507,6934,7441
426,2019-11-20,607,7275,7882
426,2019-11-21,584,7483,8067
426,2019-11-22,539,7600,8139
426,2019-11-23,206,4376,4582
426,2019-11-24,126,3963,4089
426,2019-11-25,595,6825,7420
426,2019-11-26,579,8237,8816
426,2019-11-27,581,7626,8207
426,2019-11-28,572,7234,7806
426,2019-11-29,540,7608,8148
426,2019-11-30,207,4649,4856
426,2019-12-01,129,3303,3432
426,2019-12-02,529,7007,7536
426,2019-12-03,537,7205,7742
426,2019-12-04,488,7325,7813
426,2019-12-05,608,7564,8172
426,2019-12-06,592,7027,7619
426,2019-12-07,196,4467,4663
426,2019-12-08,134,3485,3619
426,2019-12-09,465,7117,7582
426,2019-12-10,535,7145,7680
426,2019-12-11,474,7327,7801
426,2019-12-12,531,7287,7818
426,2019-12-13,462,7373,7835
426,2019-12-14,201,4570,4771
426,2019-12-15,131,3770,3901
426,2019-12-16,464,7095,7559
426,2019-12-17,506,7564,8070
426,2019-12-18,532,7381,7913
426,2019-12-19,520,7649,8169
426,2019-12-20,459,7729,8188
426,2019-12-21,180,4078,4258
426,2019-12-22,125,3243,3368
426,2019-12-23,311,5288,5599
426,2019-12-24,252,3882,4134
426,2019-12-25,111,2452,2563
426,2019-12-26,135,2708,2843
426,2019-12-27,309,4292,4601
426,2019-12-28,186,3231,3417
426,2019-12-29,132,2887,3019
426,2019-12-30,310,4658,4968
426,2019-12-31,307,3746,4053
427,2019-01-01,4,1075,1079
427,2019-01-02,20,1985,2005
427,2019-01-03,19,2235,2254
427,2019-01-04,17,2192,2209
427,2019-01-05,9,1530,1539
427,2019-01-06,2,1393,1395
427,2019-01-07,36,2791,2827
427,2019-01-08,37,2889,2926
427,2019-01-09,18,2916,2934
427,2019-01-11,34,2933,2967
427,2019-01-12,9,1822,1831
427,2019-01-13,4,1456,1460
427,2019-01-14,156,3391,3547
427,2019-01-15,220,3790,4010
427,2019-01-16,243,3482,3725
427,2019-01-17,197,3664,3861
427,2019-01-18,268,3374,3642
427,2019-01-19,29,1981,2010
427,2019-01-20,7,1486,1493
427,2019-01-21,276,3360,3636
427,2019-01-22,301,3168,3469
427,2019-01-23,274,3124,3398
427,2019-01-25,272,3002,3274
427,2019-01-26,7,1695,1702
427,2019-01-27,28,1473,1501
427,2019-01-28,221,3356,3577
427,2019-01-29,282,3252,3534
427,2019-01-30,99,2571,2670
427,2019-01-31,54,2619,2673
427,2019-02-01,37,2764,2801
427,2019-02-02,24,1843,1867
427,2019-02-03,8,1575,1583
427,2019-02-04,206,3073,3279
427,2019-02-05,210,3350,3560
427,2019-02-06,306,3536,3842
427,2019-02-08,255,3551,3806
427,2019-02-09,18,1934,1952
427,2019-02-10,NA,1372,NA
427,2019-02-11,224,3085,3309
427,2019-02-12,249,3309,3558
427,2019-02-13,224,3664,3888
427,2019-02-14,251,3780,4031
427,2019-02-15,202,3395,3597
427,2019-02-16,25,1837,1862
427,2019-02-17,6,1492,1498
427,2019-02-18,216,2754,2970
427,2019-02-19,233,3034,3267
427,2019-02-20,211,2804,3015
427,2019-02-22,237,2898,3135
427,2019-02-23,15,1818,1833
427,2019-02-24,4,1828,1832
427,2019-02-25,289,3377,3666
427,2019-02-26,253,3608,3861
427,2019-02-27,216,3590,3806
427,2019-02-28,440,3754,4194
427,2019-03-01,243,3513,3756
427,2019-03-02,13,2017,2030
427,2019-03-03,11,1518,1529
427,2019-03-04,211,2981,3192
427,2019-03-05,260,3348,3608
427,2019-03-06,526,3692,4218
427,2019-03-08,258,3583,3841
427,2019-03-09,20,2130,2150
427,2019-03-10,12,1420,1432
427,2019-03-11,297,3253,3550
427,2019-03-12,309,3509,3818
427,2019-03-13,266,3410,3676
427,2019-03-14,158,4160,4318
427,2019-03-15,173,3655,3828
427,2019-03-16,15,1875,1890
427,2019-03-17,4,1415,1419
427,2019-03-18,205,3238,3443
427,2019-03-19,262,3818,4080
427,2019-03-20,254,3760,4014
427,2019-03-22,316,3998,4314
427,2019-03-23,39,2270,2309
427,2019-03-24,10,1705,1715
427,2019-03-25,243,3385,3628
427,2019-03-26,279,3539,3818
427,2019-03-27,302,4399,4701
427,2019-03-28,292,3618,3910
427,2019-03-29,324,4504,4828
427,2019-03-30,32,2347,2379
427,2019-04-01,290,3531,3821
427,2019-04-02,337,3666,4003
427,2019-04-03,255,3653,3908
427,2019-04-05,215,3559,3774
427,2019-04-06,34,2016,2050
427,2019-04-07,4,1722,1726
427,2019-04-08,211,2964,3175
427,2019-04-09,294,3091,3385
427,2019-04-10,250,3126,3376
427,2019-04-12,274,3087,3361
427,2019-04-13,42,2049,2091
427,2019-04-14,4,1577,1581
427,2019-04-15,286,3025,3311
427,2019-04-16,286,3207,3493
427,2019-04-17,328,3105,3433
427,2019-04-18,335,3033,3368
427,2019-04-19,293,3062,3355
427,2019-04-20,22,1910,1932
427,2019-04-21,3,1795,1798
427,2019-04-22,6,1788,1794
427,2019-04-23,231,3530,3761
427,2019-04-24,316,3452,3768
427,2019-05-15,337,2802,3139
427,2019-05-16,324,1906,2230
427,2019-05-17,436,3702,4138
427,2019-05-18,49,2262,2311
427,2019-05-19,8,1782,1790
427,2019-05-20,355,3626,3981
427,2019-05-21,439,3710,4149
427,2019-05-22,478,4056,4534
427,2019-05-23,417,3894,4311
427,2019-05-24,407,3928,4335
427,2019-05-25,115,2355,2470
427,2019-05-26,5,1837,1842
427,2019-05-27,428,3039,3467
427,2019-05-28,271,2879,3150
427,2019-05-29,334,3152,3486
427,2019-05-30,10,1544,1554
427,2019-05-31,139,2700,2839
427,2019-06-01,51,3039,3090
427,2019-06-02,16,2038,2054
427,2019-06-03,363,3597,3960
427,2019-06-04,330,3869,4199
427,2019-06-05,367,3874,4241
427,2019-06-06,423,3905,4328
427,2019-06-07,338,3863,4201
427,2019-06-08,62,2041,2103
427,2019-06-09,12,1978,1990
427,2019-06-10,17,1623,1640
427,2019-06-11,415,3592,4007
427,2019-06-12,441,4576,5017
427,2019-06-13,436,3954,4390
427,2019-06-14,420,3860,4280
427,2019-06-15,106,4237,4343
427,2019-06-16,11,2749,2760
427,2019-06-17,440,3452,3892
427,2019-06-18,428,3964,4392
427,2019-06-19,419,3890,4309
427,2019-06-20,380,3905,4285
427,2019-06-21,440,3718,4158
427,2019-06-22,47,2411,2458
427,2019-06-23,14,2020,2034
427,2019-06-24,416,3589,4005
427,2019-06-25,403,3898,4301
427,2019-06-26,421,3718,4139
427,2019-06-27,373,4696,5069
427,2019-06-28,470,5103,5573
427,2019-06-29,80,4765,4845
427,2019-06-30,24,3153,3177
427,2019-07-01,418,4004,4422
427,2019-07-02,446,4351,4797
427,2019-07-03,449,4383,4832
427,2019-07-04,387,4771,5158
427,2019-07-05,443,4223,4666
427,2019-07-06,77,2667,2744
427,2019-07-07,4,2063,2067
427,2019-07-08,402,3895,4297
427,2019-07-09,511,3918,4429
427,2019-07-10,440,4130,4570
427,2019-07-11,419,4200,4619
427,2019-07-12,300,4234,4534
427,2019-07-13,61,2692,2753
427,2019-07-14,12,2220,2232
427,2019-07-15,471,3690,4161
427,2019-07-16,343,3852,4195
427,2019-07-17,420,3981,4401
427,2019-07-18,362,3969,4331
427,2019-07-19,471,3997,4468
427,2019-07-20,56,2391,2447
427,2019-07-21,12,2240,2252
427,2019-07-22,412,3498,3910
427,2019-07-23,473,3979,4452
427,2019-07-24,402,3812,4214
427,2019-07-25,219,3565,3784
427,2019-07-26,97,3260,3357
427,2019-07-27,40,1863,1903
427,2019-07-28,9,1756,1765
427,2019-07-29,87,3134,3221
427,2019-07-30,89,3180,3269
427,2019-07-31,87,3294,3381
427,2019-08-01,78,3102,3180
427,2019-08-02,74,3080,3154
427,2019-08-03,32,1927,1959
427,2019-08-04,16,1988,2004
427,2019-08-05,91,2804,2895
427,2019-08-06,72,2938,3010
427,2019-08-07,63,3002,3065
427,2019-08-08,95,3008,3103
427,2019-08-09,59,2773,2832
427,2019-08-10,22,1864,1886
427,2019-08-11,8,1820,1828
427,2019-08-12,51,2662,2713
427,2019-08-13,63,2921,2984
427,2019-08-14,57,2871,2928
427,2019-08-15,7,1596,1603
427,2019-08-16,41,2607,2648
427,2019-08-17,7,1581,1588
427,2019-08-18,6,1574,1580
427,2019-08-19,177,2857,3034
427,2019-08-20,144,3288,3432
427,2019-08-21,188,3874,4062
427,2019-08-22,145,3341,3486
427,2019-08-23,183,3277,3460
427,2019-08-24,36,2320,2356
427,2019-08-25,7,2311,2318
427,2019-08-26,298,3452,3750
427,2019-08-27,330,3505,3835
427,2019-08-28,354,3592,3946
427,2019-08-29,355,3456,3811
427,2019-08-30,359,3569,3928
427,2019-08-31,56,2404,2460
427,2019-09-01,3,2040,2043
427,2019-09-02,315,3321,3636
427,2019-09-03,248,3457,3705
427,2019-09-04,283,4259,4542
427,2019-09-05,454,3695,4149
427,2019-09-06,525,3722,4247
427,2019-09-07,27,2376,2403
427,2019-09-08,4,2001,2005
427,2019-09-09,472,3544,4016
427,2019-09-10,390,4168,4558
427,2019-09-11,411,3948,4359
427,2019-09-12,436,3990,4426
427,2019-09-13,401,3870,4271
427,2019-09-14,64,3156,3220
427,2019-09-15,14,2686,2700
427,2019-09-16,455,3728,4183
427,2019-09-17,426,4435,4861
427,2019-09-18,505,5028,5533
427,2019-09-19,494,4494,4988
427,2019-09-20,452,4276,4728
427,2019-09-21,87,2967,3054
427,2019-09-22,13,2322,2335
427,2019-09-23,393,4010,4403
427,2019-09-24,455,4364,4819
427,2019-09-25,504,4278,4782
427,2019-09-26,452,4379,4831
427,2019-09-27,413,4370,4783
427,2019-09-28,47,2822,2869
427,2019-09-29,9,2058,2067
427,2019-09-30,446,4204,4650
427,2019-10-01,498,4335,4833
427,2019-10-02,482,4237,4719
427,2019-10-03,464,4529,4993
427,2019-10-04,469,4261,4730
427,2019-10-05,47,3049,3096
427,2019-10-06,8,2341,2349
427,2019-10-07,460,3893,4353
427,2019-10-08,353,3955,4308
427,2019-10-09,320,3917,4237
427,2019-10-10,309,4026,4335
427,2019-10-11,327,3955,4282
427,2019-10-12,28,2533,2561
427,2019-10-13,6,2300,2306
427,2019-10-14,315,3936,4251
427,2019-10-15,370,4244,4614
427,2019-10-16,383,4369,4752
427,2019-10-17,381,4063,4444
427,2019-10-18,363,4174,4537
427,2019-10-19,27,2331,2358
427,2019-10-20,3,1377,1380
427,2019-10-21,339,3778,4117
427,2019-10-22,308,4112,4420
427,2019-10-23,390,4225,4615
427,2019-10-24,351,4469,4820
427,2019-10-25,345,4120,4465
427,2019-10-26,79,2598,2677
427,2019-10-27,5,1962,1967
427,2019-10-28,385,3575,3960
427,2019-10-29,331,3643,3974
427,2019-10-30,332,3639,3971
427,2019-11-01,4,1705,1709
427,2019-11-02,19,1986,2005
427,2019-11-03,5,1584,1589
427,2019-11-04,243,3789,4032
427,2019-11-05,290,4471,4761
427,2019-11-06,253,4226,4479
427,2019-11-07,296,4171,4467
427,2019-11-08,338,4126,4464
427,2019-11-09,50,2928,2978
427,2019-11-10,12,2121,2133
427,2019-11-11,280,3729,4009
427,2019-11-12,261,4001,4262
427,2019-11-13,308,4034,4342
427,2019-11-14,240,4521,4761
427,2019-11-15,247,4049,4296
427,2019-11-16,30,2840,2870
427,2019-11-17,12,3450,3462
427,2019-11-18,204,3446,3650
427,2019-11-19,413,4472,4885
427,2019-11-20,428,4435,4863
427,2019-11-21,457,4181,4638
427,2019-11-22,413,4323,4736
427,2019-11-23,51,2509,2560
427,2019-11-24,3,1969,1972
427,2019-11-25,405,3690,4095
427,2019-11-26,374,5229,5603
427,2019-11-27,403,4296,4699
427,2019-11-28,416,4095,4511
427,2019-11-29,348,4083,4431
427,2019-11-30,56,2725,2781
427,2019-12-01,12,1558,1570
427,2019-12-02,320,3969,4289
427,2019-12-03,297,4007,4304
427,2019-12-04,261,4456,4717
427,2019-12-05,363,4333,4696
427,2019-12-06,327,3731,4058
427,2019-12-07,28,2468,2496
427,2019-12-08,4,1682,1686
427,2019-12-09,283,3639,3922
427,2019-12-10,355,3945,4300
427,2019-12-11,251,4150,4401
427,2019-12-12,255,4026,4281
427,2019-12-13,186,3967,4153
427,2019-12-14,26,2443,2469
427,2019-12-15,4,1810,1814
427,2019-12-16,232,4020,4252
427,2019-12-17,245,4184,4429
427,2019-12-18,260,3970,4230
427,2019-12-19,217,4249,4466
427,2019-12-20,161,3968,4129
427,2019-12-21,19,2153,2172
427,2019-12-22,4,1499,1503
427,2019-12-23,51,2724,2775
427,2019-12-24,12,1866,1878
427,2019-12-25,4,1344,1348
427,2019-12-26,4,1433,1437
427,2019-12-27,24,2203,2227
427,2019-12-28,8,1739,1747
427,2019-12-29,9,1492,1501
427,2019-12-30,34,2200,2234
427,2019-12-31,30,1731,1761
432,2019-01-01,36,2624,2660
432,2019-01-02,165,5727,5892
432,2019-01-03,151,6134,6285
432,2019-01-04,172,6312,6484
432,2019-01-05,136,4906,5042
432,2019-01-06,26,3614,3640
432,2019-01-07,202,7304,7506
432,2019-01-08,202,7770,7972
432,2019-01-09,202,7660,7862
432,2019-01-10,208,7406,7614
432,2019-01-12,150,6388,6538
432,2019-01-13,28,3904,3932
432,2019-01-14,222,7830,8052
432,2019-01-15,180,7476,7656
432,2019-01-16,214,7555,7769
432,2019-01-17,214,8404,8618
432,2019-01-18,186,7868,8054
432,2019-01-19,152,5932,6084
432,2019-01-20,24,3826,3850
432,2019-01-21,192,7219,7411
432,2019-01-22,193,7298,7491
432,2019-01-23,168,7032,7200
432,2019-01-24,196,7330,7526
432,2019-01-26,136,6310,6446
432,2019-01-27,24,3938,3962
432,2019-01-28,204,7281,7485
432,2019-01-29,204,7546,7750
432,2019-01-30,121,6245,6366
432,2019-01-31,154,7012,7166
432,2019-02-01,129,7584,7713
432,2019-02-02,119,5874,5993
432,2019-02-03,17,4006,4023
432,2019-02-04,189,7226,7415
432,2019-02-05,183,7694,7877
432,2019-02-06,195,7630,7825
432,2019-02-07,190,8292,8482
432,2019-02-09,140,6662,6802
432,2019-02-10,24,4562,4586
432,2019-02-11,214,7864,8078
432,2019-02-12,214,7639,7853
432,2019-02-13,201,7576,7777
432,2019-02-14,204,7933,8137
432,2019-02-15,203,7789,7992
432,2019-02-16,149,5304,5453
432,2019-02-17,28,3584,3612
432,2019-02-18,178,6317,6495
432,2019-02-19,188,7032,7220
432,2019-02-20,193,6547,6740
432,2019-02-21,177,6901,7078
432,2019-02-23,140,5429,5569
432,2019-02-24,22,3948,3970
432,2019-02-25,191,7164,7355
432,2019-02-26,186,7742,7928
432,2019-02-27,189,7654,7843
432,2019-02-28,216,8414,8630
432,2019-03-01,214,8842,9056
432,2019-03-02,142,6008,6150
432,2019-03-03,41,3933,3974
432,2019-03-04,210,7046,7256
432,2019-03-05,194,8098,8292
432,2019-03-06,178,7561,7739
432,2019-03-07,218,8642,8860
432,2019-03-09,146,6468,6614
432,2019-03-10,54,4646,4700
432,2019-03-11,208,7740,7948
432,2019-03-12,228,8014,8242
432,2019-03-13,240,7856,8096
432,2019-03-14,210,8378,8588
432,2019-03-15,177,8051,8228
432,2019-03-16,133,6030,6163
432,2019-03-17,30,4300,4330
432,2019-03-18,189,7368,7557
432,2019-03-19,191,7891,8082
432,2019-03-20,190,7549,7739
432,2019-03-21,178,7964,8142
432,2019-03-23,156,6413,6569
432,2019-03-24,24,4280,4304
432,2019-03-25,194,7634,7828
432,2019-03-26,201,7797,7998
432,2019-03-27,213,7694,7907
432,2019-03-28,213,8078,8291
432,2019-03-29,210,8093,8303
432,2019-03-30,148,6205,6353
432,2019-04-01,213,7229,7442
432,2019-04-02,250,7900,8150
432,2019-04-03,244,7896,8140
432,2019-04-04,204,7905,8109
432,2019-04-06,146,5763,5909
432,2019-04-07,31,3661,3692
432,2019-04-08,207,6896,7103
432,2019-04-09,250,7724,7974
432,2019-04-10,173,7264,7437
432,2019-04-11,204,7208,7412
432,2019-04-13,152,5282,5434
432,2019-04-14,28,3248,3276
432,2019-04-15,177,6682,6859
432,2019-04-16,146,6773,6919
432,2019-04-17,195,7031,7226
432,2019-04-18,169,7119,7288
432,2019-04-20,146,5519,5665
432,2019-04-21,24,3714,3738
432,2019-04-22,20,3553,3573
432,2019-04-23,188,7358,7546
432,2019-04-24,206,7590,7796
432,2019-04-25,208,7968,8176
432,2019-04-27,253,5006,5259
432,2019-04-28,47,3468,3515
432,2019-04-29,361,6474,6835
432,2019-04-30,388,7202,7590
432,2019-05-01,48,3297,3345
432,2019-05-02,409,6926,7335
432,2019-05-03,404,6935,7339
432,2019-05-04,234,5282,5516
432,2019-05-05,53,3651,3704
432,2019-05-06,462,6790,7252
432,2019-05-07,468,7129,7597
432,2019-05-08,409,7259,7668
432,2019-05-09,46,3221,3267
432,2019-05-10,459,6845,7304
432,2019-05-11,214,5030,5244
432,2019-05-12,49,3974,4023
432,2019-05-13,422,6609,7031
432,2019-05-14,458,6982,7440
432,2019-05-15,440,7048,7488
432,2019-05-16,448,7334,7782
432,2019-05-17,435,7415,7850
432,2019-05-18,250,5442,5692
432,2019-05-19,54,3767,3821
432,2019-05-20,453,6374,6827
432,2019-05-21,460,6964,7424
432,2019-05-22,443,7002,7445
432,2019-05-23,424,7129,7553
432,2019-05-24,429,7118,7547
432,2019-05-25,243,5188,5431
432,2019-05-26,47,3685,3732
432,2019-05-27,400,6274,6674
432,2019-05-28,414,6372,6786
432,2019-05-29,400,6629,7029
432,2019-05-30,57,2964,3021
432,2019-05-31,344,6139,6483
432,2019-06-01,218,4761,4979
432,2019-06-02,45,3804,3849
432,2019-06-03,417,6743,7160
432,2019-06-04,415,6983,7398
432,2019-06-05,444,6785,7229
432,2019-06-07,434,7382,7816
432,2019-06-08,228,5554,5782
432,2019-06-09,57,3868,3925
432,2019-06-10,51,3006,3057
432,2019-06-11,439,6852,7291
432,2019-06-12,409,7214,7623
432,2019-06-13,441,7035,7476
432,2019-06-14,442,7339,7781
432,2019-06-15,278,6983,7261
432,2019-06-16,68,4606,4674
432,2019-06-17,464,6808,7272
432,2019-06-18,481,7158,7639
432,2019-06-19,485,6939,7424
432,2019-06-20,488,8147,8635
432,2019-06-21,494,7626,8120
432,2019-06-22,254,5687,5941
432,2019-06-23,37,2797,2834
432,2019-07-10,518,6772,7290
432,2019-07-11,487,7018,7505
432,2019-07-12,513,6927,7440
432,2019-07-13,256,5233,5489
432,2019-07-14,54,3625,3679
432,2019-07-15,555,6426,6981
432,2019-07-16,531,6681,7212
432,2019-07-17,506,6595,7101
432,2019-07-18,490,6426,6916
432,2019-07-19,465,6716,7181
432,2019-07-20,238,5141,5379
432,2019-07-21,66,3434,3500
432,2019-07-22,405,6081,6486
432,2019-07-23,455,6271,6726
432,2019-07-24,416,6184,6600
432,2019-07-25,378,5925,6303
432,2019-07-26,389,6040,6429
432,2019-07-27,223,4583,4806
432,2019-07-28,52,3129,3181
432,2019-07-29,411,5657,6068
432,2019-07-30,395,5818,6213
432,2019-07-31,416,5688,6104
432,2019-08-01,393,5753,6146
432,2019-08-02,416,5864,6280
432,2019-08-03,244,4218,4462
432,2019-08-04,62,3099,3161
432,2019-08-05,356,5136,5492
432,2019-08-06,379,5519,5898
432,2019-08-07,403,5559,5962
432,2019-08-08,387,5450,5837
432,2019-08-09,388,5258,5646
432,2019-08-10,256,3945,4201
432,2019-08-11,58,2832,2890
432,2019-08-12,364,5055,5419
432,2019-08-13,380,5298,5678
432,2019-08-14,394,5481,5875
432,2019-08-15,54,2460,2514
432,2019-08-16,388,5119,5507
432,2019-08-17,229,3527,3756
432,2019-08-18,51,2494,2545
432,2019-08-19,425,5311,5736
432,2019-08-20,431,5472,5903
432,2019-08-21,424,5891,6315
432,2019-08-22,425,5910,6335
432,2019-08-23,449,5853,6302
432,2019-08-24,244,4246,4490
432,2019-08-25,65,3375,3440
432,2019-08-26,421,5490,5911
432,2019-08-27,414,5588,6002
432,2019-08-28,543,5660,6203
432,2019-08-29,446,6129,6575
432,2019-08-30,464,6310,6774
432,2019-08-31,258,4525,4783
432,2019-09-01,61,3466,3527
432,2019-09-02,439,5925,6364
432,2019-09-03,462,6052,6514
432,2019-09-04,478,6422,6900
432,2019-09-05,503,6459,6962
432,2019-09-06,485,6303,6788
432,2019-09-07,179,3617,3796
432,2019-09-08,49,2289,2338
432,2019-09-09,475,6009,6484
432,2019-09-10,481,6458,6939
432,2019-09-11,486,6358,6844
432,2019-09-12,476,6707,7183
432,2019-09-13,480,6722,7202
432,2019-09-14,257,5065,5322
432,2019-09-15,59,3480,3539
432,2019-09-16,481,6213,6694
432,2019-09-17,485,6644,7129
432,2019-09-18,520,6748,7268
432,2019-09-19,509,6627,7136
432,2019-09-20,512,6758,7270
432,2019-09-21,281,5449,5730
432,2019-09-22,69,3554,3623
432,2019-09-23,437,6430,6867
432,2019-09-24,503,6662,7165
432,2019-09-25,487,6512,6999
432,2019-09-26,460,6790,7250
432,2019-09-27,465,7037,7502
432,2019-09-28,261,5186,5447
432,2019-09-29,59,3248,3307
432,2019-09-30,441,6503,6944
432,2019-10-01,485,6752,7237
432,2019-10-02,467,6586,7053
432,2019-10-03,523,6922,7445
432,2019-10-04,443,6815,7258
432,2019-10-05,193,4233,4426
432,2019-10-06,47,2978,3025
432,2019-10-07,442,6372,6814
432,2019-10-08,389,6644,7033
432,2019-10-09,457,6312,6769
432,2019-10-10,504,7060,7564
432,2019-10-11,492,7061,7553
432,2019-10-12,251,5457,5708
432,2019-10-13,56,4081,4137
432,2019-10-14,470,6522,6992
432,2019-10-15,443,6777,7220
432,2019-10-16,461,6869,7330
432,2019-10-17,448,6920,7368
432,2019-10-18,483,6752,7235
432,2019-10-19,237,5632,5869
432,2019-10-20,46,3540,3586
432,2019-10-21,441,6540,6981
432,2019-10-22,471,6708,7179
432,2019-10-23,466,7003,7469
432,2019-10-24,468,7201,7669
432,2019-10-25,492,7111,7603
432,2019-10-26,273,5274,5547
432,2019-10-27,56,3341,3397
432,2019-10-29,263,5437,5700
432,2019-10-30,444,6490,6934
432,2019-11-01,48,3264,3312
432,2019-11-02,216,4454,4670
432,2019-11-03,49,3169,3218
432,2019-11-04,447,6252,6699
432,2019-11-05,489,6959,7448
432,2019-11-06,510,6701,7211
432,2019-11-07,465,6882,7347
432,2019-11-08,518,6960,7478
432,2019-11-09,233,5392,5625
432,2019-11-10,55,3710,3765
432,2019-11-11,458,6378,6836
432,2019-11-12,452,6734,7186
432,2019-11-13,521,6480,7001
432,2019-11-14,511,6776,7287
432,2019-11-15,504,6971,7475
432,2019-11-16,238,5690,5928
432,2019-11-17,57,3690,3747
432,2019-11-18,425,6353,6778
432,2019-11-19,479,7062,7541
432,2019-11-20,534,6732,7266
432,2019-11-21,520,7036,7556
432,2019-11-22,515,6941,7456
432,2019-11-23,246,5712,5958
432,2019-11-24,52,3613,3665
432,2019-11-25,461,6415,6876
432,2019-11-26,439,7246,7685
432,2019-11-27,434,6653,7087
432,2019-11-28,493,7225,7718
432,2019-11-29,506,7283,7789
432,2019-11-30,243,5663,5906
432,2019-12-01,55,3563,3618
432,2019-12-02,480,6819,7299
432,2019-12-03,475,6910,7385
432,2019-12-04,508,7221,7729
432,2019-12-05,506,7421,7927
432,2019-12-06,489,7028,7517
432,2019-12-07,230,5612,5842
432,2019-12-08,54,3683,3737
432,2019-12-09,441,6438,6879
432,2019-12-10,478,6638,7116
432,2019-12-11,425,6606,7031
432,2019-12-12,465,6943,7408
432,2019-12-13,430,7164,7594
432,2019-12-14,224,5584,5808
432,2019-12-15,56,3787,3843
432,2019-12-16,436,6960,7396
432,2019-12-17,449,7152,7601
432,2019-12-18,457,7236,7693
432,2019-12-19,487,7353,7840
432,2019-12-20,423,7461,7884
432,2019-12-21,220,5297,5517
432,2019-12-22,45,3738,3783
432,2019-12-23,343,6634,6977
432,2019-12-24,307,5441,5748
432,2019-12-25,40,2528,2568
432,2019-12-26,42,1955,1997
432,2019-12-27,333,5151,5484
432,2019-12-28,240,4037,4277
432,2019-12-29,53,2963,3016
432,2019-12-30,350,5320,5670
432,2019-12-31,335,4934,5269
433,2019-01-01,66,4485,4551
433,2019-01-02,407,8448,8855
433,2019-01-03,399,9110,9509
433,2019-01-04,427,9361,9788
433,2019-01-05,125,6608,6733
433,2019-01-06,55,5538,5593
433,2019-01-07,468,9647,10115
433,2019-01-08,484,10162,10646
433,2019-01-09,494,10196,10690
433,2019-01-10,534,10572,11106
433,2019-01-11,483,10169,10652
433,2019-01-12,134,8364,8498
433,2019-01-13,80,5048,5128
433,2019-01-14,567,10090,10657
433,2019-01-15,657,10767,11424
433,2019-01-16,676,10710,11386
433,2019-01-18,593,10801,11394
433,2019-01-19,174,8332,8506
433,2019-01-20,80,6388,6468
433,2019-01-21,635,10245,10880
433,2019-01-22,570,10204,10774
433,2019-01-23,594,9715,10309
433,2019-01-24,648,10769,11417
433,2019-01-25,651,10296,10947
433,2019-01-26,120,7788,7908
433,2019-01-27,89,4929,5018
433,2019-01-28,522,9574,10096
433,2019-01-29,597,10582,11179
433,2019-01-30,410,7632,8042
433,2019-02-01,487,9824,10311
433,2019-02-02,123,7496,7619
433,2019-02-03,59,6148,6207
433,2019-02-04,607,10115,10722
433,2019-02-05,626,10845,11471
433,2019-02-06,713,10892,11605
433,2019-02-07,596,10404,11000
433,2019-02-08,623,10873,11496
433,2019-02-09,162,8382,8544
433,2019-02-10,62,5840,5902
433,2019-02-11,624,9704,10328
433,2019-02-12,701,10699,11400
433,2019-02-13,727,10740,11467
433,2019-02-15,642,11164,11806
433,2019-02-16,150,8205,8355
433,2019-02-17,67,6628,6695
433,2019-02-18,597,9757,10354
433,2019-02-19,641,9877,10518
433,2019-02-20,628,9874,10502
433,2019-02-22,738,10190,10928
433,2019-02-23,173,8250,8423
433,2019-02-24,72,6970,7042
433,2019-02-25,745,10421,11166
433,2019-02-26,764,11117,11881
433,2019-02-27,745,11197,11942
433,2019-02-28,754,11045,11799
433,2019-03-01,643,10976,11619
433,2019-03-02,196,8472,8668
433,2019-03-03,81,6323,6404
433,2019-03-04,630,9734,10364
433,2019-03-05,645,10305,10950
433,2019-03-06,647,10033,10680
433,2019-03-08,676,10810,11486
433,2019-03-09,190,8366,8556
433,2019-03-10,68,6068,6136
433,2019-03-11,680,10246,10926
433,2019-03-12,756,10868,11624
433,2019-03-13,756,10350,11106
433,2019-03-14,696,10966,11662
433,2019-03-15,608,10634,11242
433,2019-03-16,174,8553,8727
433,2019-03-17,78,6776,6854
433,2019-03-18,670,10497,11167
433,2019-03-19,732,11118,11850
433,2019-03-20,791,11042,11833
433,2019-03-22,752,11529,12281
433,2019-03-23,210,9451,9661
433,2019-03-24,93,7385,7478
433,2019-03-25,792,10681,11473
433,2019-03-26,849,11226,12075
433,2019-03-27,744,10458,11202
433,2019-03-28,730,11293,12023
433,2019-03-29,814,11895,12709
433,2019-03-30,261,9692,9953
433,2019-04-01,774,10965,11739
433,2019-04-02,811,11877,12688
433,2019-04-03,733,10893,11626
433,2019-04-05,733,11586,12319
433,2019-04-06,242,8377,8619
433,2019-04-07,88,6298,6386
433,2019-04-08,721,10536,11257
433,2019-04-09,726,10185,10911
433,2019-04-10,670,10497,11167
433,2019-04-12,715,10923,11638
433,2019-04-13,212,7596,7808
433,2019-04-14,84,5714,5798
433,2019-04-15,737,10473,11210
433,2019-04-16,674,9540,10214
433,2019-04-17,803,10945,11748
433,2019-04-18,729,11170,11899
433,2019-04-19,639,10917,11556
433,2019-04-20,199,8306,8505
433,2019-04-21,83,7607,7690
433,2019-04-22,95,7345,7440
433,2019-04-23,790,10897,11687
433,2019-04-24,732,10640,11372
433,2019-06-26,1004,10549,11553
433,2019-06-27,1071,10880,11951
433,2019-06-28,1106,11244,12350
433,2019-06-29,396,9022,9418
433,2019-06-30,173,8116,8289
433,2019-07-01,1102,10797,11899
433,2019-07-02,1078,11335,12413
433,2019-07-03,1140,11024,12164
433,2019-07-04,1102,11343,12445
433,2019-07-05,1087,11454,12541
433,2019-07-06,318,8858,9176
433,2019-07-07,179,8296,8475
433,2019-07-08,1047,10506,11553
433,2019-07-09,1014,10988,12002
433,2019-07-10,1052,11154,12206
433,2019-07-11,991,11191,12182
433,2019-07-12,1017,10703,11720
433,2019-07-13,385,8396,8781
433,2019-07-14,139,7076,7215
433,2019-07-15,1086,10586,11672
433,2019-07-16,1054,10879,11933
433,2019-07-17,959,11052,12011
433,2019-07-18,1030,11120,12150
433,2019-07-19,986,12249,13235
433,2019-07-20,369,9031,9400
433,2019-07-21,129,7872,8001
433,2019-07-22,989,11091,12080
433,2019-07-23,1013,10705,11718
433,2019-07-24,954,11098,12052
433,2019-07-25,832,10523,11355
433,2019-07-26,734,10905,11639
433,2019-07-27,207,7535,7742
433,2019-07-28,138,6449,6587
433,2019-07-29,650,10455,11105
433,2019-07-30,669,10641,11310
433,2019-07-31,758,10697,11455
433,2019-08-01,716,10539,11255
433,2019-08-02,693,10587,11280
433,2019-08-03,292,7666,7958
433,2019-08-04,142,6916,7058
433,2019-08-05,583,9414,9997
433,2019-08-06,613,9709,10322
433,2019-08-07,639,9841,10480
433,2019-08-08,770,10333,11103
433,2019-08-09,744,9521,10265
433,2019-08-10,379,7611,7990
433,2019-08-11,230,6568,6798
433,2019-08-12,562,9120,9682
433,2019-08-13,652,9681,10333
433,2019-08-14,742,9958,10700
433,2019-08-15,130,6343,6473
433,2019-08-16,575,8775,9350
433,2019-08-17,228,6193,6421
433,2019-08-18,94,5692,5786
433,2019-08-19,841,9765,10606
433,2019-08-20,857,9916,10773
433,2019-08-21,821,10191,11012
433,2019-08-22,849,10194,11043
433,2019-08-23,845,10236,11081
433,2019-08-24,279,7762,8041
433,2019-08-25,159,7186,7345
433,2019-08-26,972,10179,11151
433,2019-08-27,1027,10569,11596
433,2019-08-28,993,10328,11321
433,2019-08-29,985,10807,11792
433,2019-08-30,1026,11572,12598
433,2019-08-31,329,8298,8627
433,2019-09-01,172,7273,7445
433,2019-09-02,1077,10452,11529
433,2019-09-03,1060,11042,12102
433,2019-09-04,1050,10633,11683
433,2019-09-05,1189,10786,11975
433,2019-09-06,1086,10274,11360
433,2019-09-07,236,3300,3536
433,2019-09-08,72,2659,2731
433,2019-09-09,957,10258,11215
433,2019-09-10,997,10481,11478
433,2019-09-11,1167,10724,11891
433,2019-09-12,1032,10751,11783
433,2019-09-13,1017,10671,11688
433,2019-09-14,576,8119,8695
433,2019-09-15,195,7552,7747
433,2019-09-16,1060,10576,11636
433,2019-09-17,1148,10850,11998
433,2019-09-18,1097,11340,12437
433,2019-09-19,998,11383,12381
433,2019-09-20,1053,11099,12152
433,2019-09-21,381,9139,9520
433,2019-09-22,146,7187,7333
433,2019-09-23,988,10712,11700
433,2019-09-24,1011,10726,11737
433,2019-09-25,930,10790,11720
433,2019-09-26,939,10629,11568
433,2019-09-27,894,10848,11742
433,2019-09-28,382,8801,9183
433,2019-09-29,129,6785,6914
433,2019-09-30,945,10417,11362
433,2019-10-01,956,10508,11464
433,2019-10-02,1004,10815,11819
433,2019-10-03,916,11078,11994
433,2019-10-04,898,9885,10783
433,2019-10-05,201,4649,4850
433,2019-10-06,47,3906,3953
433,2019-10-07,832,10291,11123
433,2019-10-08,778,9149,9927
433,2019-10-09,825,9408,10233
433,2019-10-10,909,10575,11484
433,2019-10-11,999,11034,12033
433,2019-10-12,359,9228,9587
433,2019-10-13,140,8213,8353
433,2019-10-14,925,10471,11396
433,2019-10-15,854,10097,10951
433,2019-10-16,900,10340,11240
433,2019-10-17,893,9708,10601
433,2019-10-18,849,10373,11222
433,2019-10-19,273,8744,9017
433,2019-10-20,77,4720,4797
433,2019-10-21,879,10008,10887
433,2019-10-22,969,10726,11695
433,2019-10-23,955,10995,11950
433,2019-10-24,959,10958,11917
433,2019-10-25,983,11242,12225
433,2019-10-26,483,9920,10403
433,2019-10-27,182,7485,7667
433,2019-10-28,1309,14440,15749
433,2019-10-29,1251,13693,14944
433,2019-10-30,1000,10546,11546
433,2019-11-01,128,6155,6283
433,2019-11-02,369,7843,8212
433,2019-11-03,99,5972,6071
433,2019-11-04,835,9506,10341
433,2019-11-05,849,10686,11535
433,2019-11-06,896,10739,11635
433,2019-11-07,983,10517,11500
433,2019-11-08,1085,11332,12417
433,2019-11-09,312,8650,8962
433,2019-11-10,126,6993,7119
433,2019-11-11,897,9347,10244
433,2019-11-12,828,10257,11085
433,2019-11-13,946,10805,11751
433,2019-11-14,944,11006,11950
433,2019-11-15,938,10728,11666
433,2019-11-16,338,9168,9506
433,2019-11-17,126,6455,6581
433,2019-11-18,882,9578,10460
433,2019-11-19,894,10692,11586
433,2019-11-20,1016,10581,11597
433,2019-11-21,1031,10548,11579
433,2019-11-22,943,10293,11236
433,2019-11-23,319,8444,8763
433,2019-11-24,118,7211,7329
433,2019-11-25,945,10057,11002
433,2019-11-26,904,10397,11301
433,2019-11-27,807,9337,10144
433,2019-11-28,874,10785,11659
433,2019-11-29,865,11169,12034
433,2019-11-30,336,9186,9522
433,2019-12-01,90,6406,6496
433,2019-12-02,904,9902,10806
433,2019-12-03,913,10552,11465
433,2019-12-04,913,10660,11573
433,2019-12-05,966,10859,11825
433,2019-12-06,967,10397,11364
433,2019-12-07,302,8470,8772
433,2019-12-08,78,6470,6548
433,2019-12-09,919,10098,11017
433,2019-12-10,1025,10626,11651
433,2019-12-11,822,9576,10398
433,2019-12-12,938,10206,11144
433,2019-12-13,850,10339,11189
433,2019-12-14,333,8513,8846
433,2019-12-15,107,6641,6748
433,2019-12-16,882,9380,10262
433,2019-12-17,935,10683,11618
433,2019-12-18,999,10716,11715
433,2019-12-19,940,11288,12228
433,2019-12-20,675,10671,11346
433,2019-12-21,268,7930,8198
433,2019-12-22,62,5843,5905
433,2019-12-23,482,9309,9791
433,2019-12-24,358,7466,7824
433,2019-12-25,71,4924,4995
433,2019-12-26,67,4793,4860
433,2019-12-27,417,7946,8363
433,2019-12-28,224,6541,6765
433,2019-12-29,95,5268,5363
433,2019-12-30,471,8396,8867
433,2019-12-31,398,7375,7773
446,2019-01-01,92,2807,2899
446,2019-01-05,255,5263,5518
446,2019-01-06,93,3943,4036
446,2019-01-11,619,9083,9702
446,2019-01-18,811,9435,10246
446,2019-01-19,284,6142,6426
446,2019-01-20,99,4214,4313
446,2019-01-21,765,9247,10012
446,2019-01-22,756,8817,9573
446,2019-01-23,733,8369,9102
446,2019-01-24,706,8884,9590
446,2019-01-25,737,9410,10147
446,2019-01-26,247,6088,6335
446,2019-01-27,86,3924,4010
446,2019-01-28,697,8536,9233
446,2019-01-29,787,8878,9665
446,2019-01-30,573,7252,7825
446,2019-01-31,552,7955,8507
446,2019-02-01,583,8866,9449
446,2019-02-02,255,6116,6371
446,2019-02-03,100,4205,4305
446,2019-02-04,754,9158,9912
446,2019-02-05,745,9523,10268
446,2019-02-06,863,9608,10471
446,2019-02-07,759,9172,9931
446,2019-02-08,791,9326,10117
446,2019-02-09,291,6123,6414
446,2019-02-10,86,3480,3566
446,2019-02-11,835,9198,10033
446,2019-02-12,863,8723,9586
446,2019-02-13,881,8560,9441
446,2019-02-14,979,9328,10307
446,2019-02-15,901,9266,10167
446,2019-02-16,358,6141,6499
446,2019-02-17,97,4599,4696
446,2019-02-18,852,8220,9072
446,2019-02-19,839,8610,9449
446,2019-02-20,867,8956,9823
446,2019-02-21,860,8574,9434
446,2019-02-22,879,9009,9888
446,2019-02-23,344,5969,6313
446,2019-02-24,95,4602,4697
446,2019-02-25,955,9042,9997
446,2019-02-26,891,9286,10177
446,2019-02-27,857,9296,10153
446,2019-02-28,863,9560,10423
446,2019-03-01,782,9779,10561
446,2019-03-02,339,6269,6608
446,2019-03-03,97,4154,4251
446,2019-03-04,763,8811,9574
446,2019-03-05,886,9362,10248
446,2019-03-06,924,8976,9900
446,2019-03-07,889,9759,10648
446,2019-03-08,850,9717,10567
446,2019-03-09,280,6225,6505
446,2019-03-10,106,3948,4054
446,2019-03-11,810,8963,9773
446,2019-03-12,933,9118,10051
446,2019-03-13,915,8528,9443
446,2019-03-14,886,8786,9672
446,2019-03-15,949,9357,10306
446,2019-03-16,267,6143,6410
446,2019-03-17,100,4244,4344
446,2019-03-18,975,8729,9704
446,2019-03-19,1001,9455,10456
446,2019-03-20,958,8622,9580
446,2019-03-21,1003,9378,10381
446,2019-03-22,939,9504,10443
446,2019-03-23,300,6759,7059
446,2019-03-24,101,4823,4924
446,2019-03-25,930,8729,9659
446,2019-03-26,918,9018,9936
446,2019-03-27,927,8995,9922
446,2019-03-28,934,9153,10087
446,2019-03-29,992,9450,10442
446,2019-03-30,302,6961,7263
446,2019-04-01,942,9027,9969
446,2019-04-02,1023,9270,10293
446,2019-04-03,1145,8909,10054
446,2019-04-04,1158,9388,10546
446,2019-04-05,1047,9541,10588
446,2019-04-06,285,6276,6561
446,2019-04-07,133,4489,4622
446,2019-04-08,1018,9249,10267
446,2019-04-09,995,9354,10349
446,2019-04-10,969,9175,10144
446,2019-04-11,892,9632,10524
446,2019-04-12,913,10092,11005
446,2019-04-13,275,5351,5626
446,2019-04-14,98,3666,3764
446,2019-04-15,975,8897,9872
446,2019-04-16,1037,9951,10988
446,2019-04-17,1040,9206,10246
446,2019-04-18,923,9661,10584
446,2019-04-19,750,9776,10526
446,2019-04-20,309,6508,6817
446,2019-04-21,94,4609,4703
446,2019-04-22,104,4117,4221
446,2019-04-23,1007,9343,10350
446,2019-04-24,1011,9247,10258
446,2019-04-25,1004,9829,10833
446,2019-04-26,983,10229,11212
446,2019-04-27,334,7548,7882
446,2019-04-28,114,4567,4681
446,2019-04-29,966,9096,10062
446,2019-04-30,977,9903,10880
446,2019-05-01,112,4405,4517
446,2019-05-02,908,9380,10288
446,2019-05-03,956,9762,10718
446,2019-05-04,284,6086,6370
446,2019-05-05,114,4437,4551
446,2019-05-06,1001,9217,10218
446,2019-05-07,970,9601,10571
446,2019-05-08,880,9847,10727
446,2019-05-09,111,4059,4170
446,2019-05-10,705,8711,9416
446,2019-05-11,287,6253,6540
446,2019-05-12,116,4659,4775
446,2019-05-13,916,9224,10140
446,2019-05-14,867,9494,10361
446,2019-05-15,842,9127,9969
446,2019-05-16,877,9464,10341
446,2019-05-17,894,9881,10775
446,2019-05-18,485,9287,9772
446,2019-05-19,130,5898,6028
446,2019-05-20,848,9179,10027
446,2019-05-21,886,9099,9985
446,2019-05-22,1028,9009,10037
446,2019-05-23,1004,9649,10653
446,2019-05-24,948,9874,10822
446,2019-05-25,321,6658,6979
446,2019-05-26,102,4674,4776
446,2019-05-27,886,9046,9932
446,2019-05-28,908,9410,10318
446,2019-05-29,887,9784,10671
446,2019-05-30,104,3766,3870
446,2019-05-31,656,8401,9057
446,2019-06-01,361,6266,6627
446,2019-06-02,117,4761,4878
446,2019-06-03,889,9173,10062
446,2019-06-04,879,9355,10234
446,2019-06-05,807,8914,9721
446,2019-06-06,885,9581,10466
446,2019-06-07,925,9803,10728
446,2019-06-08,330,7318,7648
446,2019-06-09,111,5235,5346
446,2019-06-10,158,4698,4856
446,2019-06-11,905,9404,10309
446,2019-06-12,891,9310,10201
446,2019-06-13,864,9964,10828
446,2019-06-14,923,9728,10651
446,2019-06-15,451,9050,9501
446,2019-06-16,130,6175,6305
446,2019-06-17,900,9166,10066
446,2019-06-18,883,9385,10268
446,2019-06-19,872,9166,10038
446,2019-06-20,907,9573,10480
446,2019-06-21,893,9652,10545
446,2019-06-22,297,6741,7038
446,2019-06-23,107,4667,4774
446,2019-06-24,834,9163,9997
446,2019-06-25,822,9441,10263
446,2019-06-26,869,9002,9871
446,2019-06-27,875,9623,10498
446,2019-06-28,893,9992,10885
446,2019-06-29,377,8357,8734
446,2019-06-30,132,5622,5754
446,2019-07-01,897,9431,10328
446,2019-07-02,892,9863,10755
446,2019-07-03,901,9589,10490
446,2019-07-04,932,9992,10924
446,2019-07-05,915,10102,11017
446,2019-07-06,273,7171,7444
446,2019-07-07,182,5181,5363
446,2019-07-08,883,9281,10164
446,2019-07-09,894,9839,10733
446,2019-07-10,833,9529,10362
446,2019-07-11,808,9837,10645
446,2019-07-12,824,9886,10710
446,2019-07-13,299,6457,6756
446,2019-07-14,98,4700,4798
446,2019-07-15,854,9569,10423
446,2019-07-16,829,9997,10826
446,2019-07-17,910,9735,10645
446,2019-07-18,815,10013,10828
446,2019-07-19,834,10420,11254
446,2019-07-20,348,6530,6878
446,2019-07-21,120,4649,4769
446,2019-07-22,813,9105,9918
446,2019-07-23,835,9577,10412
446,2019-07-24,782,9549,10331
446,2019-07-25,703,9153,9856
446,2019-07-26,636,9269,9905
446,2019-07-27,263,5622,5885
446,2019-07-28,157,4344,4501
446,2019-07-29,590,7897,8487
446,2019-07-30,586,8033,8619
446,2019-07-31,601,8291,8892
446,2019-08-01,593,8432,9025
446,2019-08-02,599,8600,9199
446,2019-08-03,252,5440,5692
446,2019-08-04,116,4393,4509
446,2019-08-05,562,7609,8171
446,2019-08-06,572,7588,8160
446,2019-08-07,539,7615,8154
446,2019-08-08,557,7709,8266
446,2019-08-09,532,7940,8472
446,2019-08-10,263,4967,5230
446,2019-08-11,91,3427,3518
446,2019-08-12,569,7370,7939
446,2019-08-13,544,7351,7895
446,2019-08-14,530,7539,8069
446,2019-08-15,107,3282,3389
446,2019-08-16,499,6522,7021
446,2019-08-17,248,4693,4941
446,2019-08-18,95,3350,3445
446,2019-08-19,676,7753,8429
446,2019-08-20,691,8319,9010
446,2019-08-21,703,8281,8984
446,2019-08-22,683,8516,9199
446,2019-08-23,680,8819,9499
446,2019-08-24,328,5500,5828
446,2019-08-25,109,4290,4399
446,2019-08-26,776,8479,9255
446,2019-08-27,760,8872,9632
446,2019-08-28,777,8710,9487
446,2019-08-29,812,9097,9909
446,2019-08-30,790,9050,9840
446,2019-08-31,380,5762,6142
446,2019-09-01,119,4798,4917
446,2019-09-02,840,8665,9505
446,2019-09-03,867,9244,10111
446,2019-09-04,878,9503,10381
446,2019-09-05,870,9320,10190
446,2019-09-06,860,9798,10658
446,2019-09-07,325,6016,6341
446,2019-09-08,123,4146,4269
446,2019-09-09,786,8983,9769
446,2019-09-10,810,9352,10162
446,2019-09-11,813,9187,10000
446,2019-09-12,818,9687,10505
446,2019-09-13,773,9266,10039
446,2019-09-14,329,6152,6481
446,2019-09-15,186,5361,5547
446,2019-09-16,741,8973,9714
446,2019-09-17,854,9058,9912
446,2019-09-18,836,8827,9663
446,2019-09-19,859,9099,9958
446,2019-09-20,821,9149,9970
446,2019-09-21,326,6413,6739
446,2019-09-22,121,4305,4426
446,2019-09-23,974,8551,9525
446,2019-09-24,978,8320,9298
446,2019-09-25,1010,8600,9610
446,2019-09-26,1042,9126,10168
446,2019-09-27,1019,9226,10245
446,2019-09-28,321,6519,6840
446,2019-09-29,138,4388,4526
446,2019-09-30,1020,9589,10609
446,2019-10-01,1020,10267,11287
446,2019-10-02,995,9857,10852
446,2019-10-03,907,9768,10675
446,2019-10-04,891,10209,11100
446,2019-10-05,236,7183,7419
446,2019-10-06,62,4623,4685
446,2019-10-07,838,9319,10157
446,2019-10-08,846,9697,10543
446,2019-10-09,943,9016,9959
446,2019-10-10,919,9889,10808
446,2019-10-11,994,10171,11165
446,2019-10-12,253,7049,7302
446,2019-10-13,73,5200,5273
446,2019-10-14,888,9461,10349
446,2019-10-15,953,9649,10602
446,2019-10-16,1025,9328,10353
446,2019-10-17,926,10006,10932
446,2019-10-18,882,10241,11123
446,2019-10-19,214,7015,7229
446,2019-10-20,62,4530,4592
446,2019-10-21,965,9122,10087
446,2019-10-22,978,9392,10370
446,2019-10-23,985,9425,10410
446,2019-10-24,988,10070,11058
446,2019-10-25,967,11114,12081
446,2019-10-26,538,14679,15217
446,2019-10-27,163,9783,9946
446,2019-10-28,853,10078,10931
446,2019-10-29,862,9989,10851
446,2019-10-30,873,9812,10685
446,2019-11-01,137,9392,9529
446,2019-11-02,396,12424,12820
446,2019-11-03,117,8999,9116
446,2019-11-04,855,10018,10873
446,2019-11-05,740,9701,10441
446,2019-11-06,728,9458,10186
446,2019-11-07,756,9964,10720
446,2019-11-08,785,9955,10740
446,2019-11-09,357,7908,8265
446,2019-11-10,63,4630,4693
446,2019-11-11,761,10082,10843
446,2019-11-12,934,9955,10889
446,2019-11-13,898,9852,10750
446,2019-11-14,979,10631,11610
446,2019-11-15,870,10278,11148
446,2019-11-16,244,6904,7148
446,2019-11-17,62,4195,4257
446,2019-11-18,815,9426,10241
446,2019-11-19,896,9730,10626
446,2019-11-20,844,9382,10226
446,2019-11-21,917,9695,10612
446,2019-11-22,830,9827,10657
446,2019-11-23,197,6848,7045
446,2019-11-24,66,5022,5088
446,2019-11-25,835,9212,10047
446,2019-11-26,846,9530,10376
446,2019-11-27,857,9865,10722
446,2019-11-28,829,10088,10917
446,2019-11-29,727,10388,11115
446,2019-11-30,234,6822,7056
446,2019-12-01,54,4183,4237
446,2019-12-02,757,9105,9862
446,2019-12-03,810,8714,9524
446,2019-12-04,812,8816,9628
446,2019-12-05,824,9095,9919
446,2019-12-06,781,9497,10278
446,2019-12-07,276,6196,6472
446,2019-12-08,87,4123,4210
446,2019-12-09,705,8979,9684
446,2019-12-10,781,9090,9871
446,2019-12-11,835,9148,9983
446,2019-12-12,816,9285,10101
446,2019-12-13,749,9557,10306
446,2019-12-14,281,6352,6633
446,2019-12-15,95,4478,4573
446,2019-12-16,773,8492,9265
446,2019-12-17,821,9003,9824
446,2019-12-18,797,8708,9505
446,2019-12-19,774,9217,9991
446,2019-12-20,627,9753,10380
446,2019-12-21,252,5914,6166
446,2019-12-22,77,4096,4173
446,2019-12-23,448,6918,7366
446,2019-12-24,239,3852,4091
446,2019-12-25,66,2717,2783
446,2019-12-26,54,1815,1869
446,2019-12-27,271,4336,4607
446,2019-12-28,173,4012,4185
446,2019-12-29,93,3419,3512
446,2019-12-30,477,6525,7002
446,2019-12-31,423,5697,6120
448,2019-01-01,48,3270,3318
448,2019-01-02,282,5445,5727
448,2019-01-03,261,5903,6164
448,2019-01-04,309,5954,6263
448,2019-01-05,203,5270,5473
448,2019-01-06,72,4009,4081
448,2019-01-07,347,6511,6858
448,2019-01-08,368,6660,7028
448,2019-01-09,389,6813,7202
448,2019-01-10,398,6905,7303
448,2019-01-11,374,7165,7539
448,2019-01-12,182,5121,5303
448,2019-01-13,41,4113,4154
448,2019-01-14,409,6938,7347
448,2019-01-15,450,6971,7421
448,2019-01-16,471,7146,7617
448,2019-01-17,429,7145,7574
448,2019-01-18,475,7421,7896
448,2019-01-19,209,5983,6192
448,2019-01-20,51,4542,4593
448,2019-01-21,441,7070,7511
448,2019-01-22,437,6930,7367
448,2019-01-23,399,6816,7215
448,2019-01-24,365,6919,7284
448,2019-01-25,411,7098,7509
448,2019-01-26,204,5626,5830
448,2019-01-27,50,4003,4053
448,2019-01-28,358,6631,6989
448,2019-01-29,417,6794,7211
448,2019-01-30,304,6024,6328
448,2019-01-31,358,6864,7222
448,2019-02-01,346,7165,7511
448,2019-02-02,200,5233,5433
448,2019-02-03,52,4072,4124
448,2019-02-04,398,6904,7302
448,2019-02-05,437,6964,7401
448,2019-02-06,454,6962,7416
448,2019-02-07,421,7222,7643
448,2019-02-08,453,7320,7773
448,2019-02-09,217,5765,5982
448,2019-02-10,49,3772,3821
448,2019-02-11,422,7072,7494
448,2019-02-12,463,7169,7632
448,2019-02-13,450,7078,7528
448,2019-02-14,455,7373,7828
448,2019-02-15,509,7588,8097
448,2019-02-16,222,5661,5883
448,2019-02-17,62,4751,4813
448,2019-02-18,447,6530,6977
448,2019-02-19,443,6625,7068
448,2019-02-20,486,6470,6956
448,2019-02-21,535,6668,7203
448,2019-02-22,430,6944,7374
448,2019-02-23,264,5627,5891
448,2019-02-24,63,5013,5076
448,2019-02-25,519,6853,7372
448,2019-02-26,500,7306,7806
448,2019-02-27,509,7584,8093
448,2019-02-28,529,7230,7759
448,2019-03-01,516,7417,7933
448,2019-03-02,234,5981,6215
448,2019-03-03,77,4561,4638
448,2019-03-04,331,6094,6425
448,2019-03-05,432,7011,7443
448,2019-03-06,504,7041,7545
448,2019-03-07,470,7430,7900
448,2019-03-08,448,7572,8020
448,2019-03-09,225,5842,6067
448,2019-03-10,59,3881,3940
448,2019-03-11,498,7097,7595
448,2019-03-12,525,7340,7865
448,2019-03-13,442,7157,7599
448,2019-03-14,464,6992,7456
448,2019-03-15,420,7369,7789
448,2019-03-16,210,5660,5870
448,2019-03-17,62,4299,4361
448,2019-03-18,456,7233,7689
448,2019-03-19,530,7437,7967
448,2019-03-20,559,7198,7757
448,2019-03-21,512,7552,8064
448,2019-03-22,569,7777,8346
448,2019-03-23,314,6665,6979
448,2019-03-24,87,5085,5172
448,2019-03-25,486,7083,7569
448,2019-03-26,531,7427,7958
448,2019-03-27,561,7336,7897
448,2019-03-28,507,7645,8152
448,2019-03-29,569,8033,8602
448,2019-03-30,284,6955,7239
448,2019-04-01,495,7521,8016
448,2019-04-02,487,7569,8056
448,2019-04-03,479,7182,7661
448,2019-04-04,512,7383,7895
448,2019-04-05,509,7848,8357
448,2019-04-06,287,6308,6595
448,2019-04-07,65,5268,5333
448,2019-04-08,481,6959,7440
448,2019-04-09,451,6974,7425
448,2019-04-10,463,7036,7499
448,2019-04-11,507,7287,7794
448,2019-04-12,499,7552,8051
448,2019-04-13,275,5684,5959
448,2019-04-14,71,4515,4586
448,2019-04-15,461,7107,7568
448,2019-04-16,456,7160,7616
448,2019-04-17,483,7299,7782
448,2019-04-18,543,7854,8397
448,2019-04-19,511,8568,9079
448,2019-04-20,267,7117,7384
448,2019-04-21,68,6878,6946
448,2019-04-22,112,5766,5878
448,2019-04-23,527,7791,8318
448,2019-04-24,537,7537,8074
448,2019-04-25,577,7816,8393
448,2019-04-26,569,8217,8786
448,2019-04-27,251,6267,6518
448,2019-04-28,75,5144,5219
448,2019-04-29,518,7624,8142
448,2019-04-30,561,8354,8915
448,2019-05-01,154,5663,5817
448,2019-05-02,605,8032,8637
448,2019-05-03,593,8047,8640
448,2019-05-04,240,6151,6391
448,2019-05-05,75,4648,4723
448,2019-05-06,541,7540,8081
448,2019-05-07,533,7597,8130
448,2019-05-08,498,7996,8494
448,2019-05-09,97,4408,4505
448,2019-05-10,541,7498,8039
448,2019-05-11,230,6078,6308
448,2019-05-12,89,5217,5306
448,2019-05-13,523,7498,8021
448,2019-05-14,580,7984,8564
448,2019-05-15,592,7838,8430
448,2019-05-16,594,8002,8596
448,2019-05-17,580,8028,8608
448,2019-05-18,316,6464,6780
448,2019-05-19,85,5237,5322
448,2019-05-20,527,7469,7996
448,2019-05-21,589,7612,8201
448,2019-05-22,632,7609,8241
448,2019-05-23,740,8022,8762
448,2019-05-24,617,8359,8976
448,2019-05-25,308,6993,7301
448,2019-05-26,122,5605,5727
448,2019-05-27,503,6946,7449
448,2019-05-28,578,7237,7815
448,2019-05-29,634,7617,8251
448,2019-05-30,123,5149,5272
448,2019-05-31,462,8350,8812
448,2019-06-01,289,7773,8062
448,2019-06-02,119,6636,6755
448,2019-06-03,604,7588,8192
448,2019-06-04,594,7925,8519
448,2019-06-05,646,7739,8385
448,2019-06-06,624,8133,8757
448,2019-06-07,566,8320,8886
448,2019-06-08,354,7110,7464
448,2019-06-09,81,6844,6925
448,2019-06-10,134,5127,5261
448,2019-06-11,567,7693,8260
448,2019-06-12,528,7531,8059
448,2019-06-13,513,7758,8271
448,2019-06-14,566,8275,8841
448,2019-06-15,277,7249,7526
448,2019-06-16,118,5990,6108
448,2019-06-17,582,7626,8208
448,2019-06-18,527,8024,8551
448,2019-06-19,585,7761,8346
448,2019-06-20,516,8191,8707
448,2019-06-21,579,8718,9297
448,2019-06-22,289,6754,7043
448,2019-06-23,94,5974,6068
448,2019-06-24,586,7691,8277
448,2019-06-25,564,8232,8796
448,2019-06-26,597,8108,8705
448,2019-06-27,529,8251,8780
448,2019-06-28,569,8604,9173
448,2019-06-29,264,7693,7957
448,2019-06-30,101,7403,7504
448,2019-07-01,536,7604,8140
448,2019-07-02,554,8203,8757
448,2019-07-03,596,7813,8409
448,2019-07-04,614,8266,8880
448,2019-07-05,604,8303,8907
448,2019-07-06,288,7075,7363
448,2019-07-07,114,5990,6104
448,2019-07-08,607,7652,8259
448,2019-07-09,569,8023,8592
448,2019-07-10,595,7995,8590
448,2019-07-11,607,7856,8463
448,2019-07-12,615,8167,8782
448,2019-07-13,270,6940,7210
448,2019-07-14,101,5727,5828
448,2019-07-15,569,7817,8386
448,2019-07-16,547,8139,8686
448,2019-07-17,543,7885,8428
448,2019-07-18,575,7873,8448
448,2019-07-19,571,8171,8742
448,2019-07-20,252,7048,7300
448,2019-07-21,109,7041,7150
448,2019-07-22,524,7722,8246
448,2019-07-23,509,8094,8603
448,2019-07-24,485,7658,8143
448,2019-07-25,493,7978,8471
448,2019-07-26,462,7728,8190
448,2019-07-27,240,6452,6692
448,2019-07-28,103,6039,6142
448,2019-07-29,397,7636,8033
448,2019-07-30,405,8034,8439
448,2019-07-31,444,8217,8661
448,2019-08-01,844,15880,16724
448,2019-08-02,1000,15772,16772
448,2019-08-03,606,14312,14918
448,2019-08-04,246,14004,14250
448,2019-08-05,826,13736,14562
448,2019-08-06,710,14206,14916
448,2019-08-07,692,14234,14926
448,2019-08-08,760,14344,15104
448,2019-08-09,774,13322,14096
448,2019-08-10,460,11904,12364
448,2019-08-11,238,11818,12056
448,2019-08-12,656,13168,13824
448,2019-08-13,828,14158,14986
448,2019-08-14,766,14724,15490
448,2019-08-15,222,9152,9374
448,2019-08-16,758,13738,14496
448,2019-08-17,432,10848,11280
448,2019-08-18,212,8862,9074
448,2019-08-19,904,13716,14620
448,2019-08-20,912,14592,15504
448,2019-08-21,934,14646,15580
448,2019-08-22,856,14678,15534
448,2019-08-23,904,15336,16240
448,2019-08-24,458,13484,13942
448,2019-08-25,162,12560,12722
448,2019-08-26,918,14286,15204
448,2019-08-27,950,14730,15680
448,2019-08-28,968,14088,15056
448,2019-08-29,904,14458,15362
448,2019-08-30,936,15274,16210
448,2019-08-31,538,14232,14770
448,2019-10-01,481,7249,7730
448,2019-10-02,465,7374,7839
448,2019-10-03,493,7715,8208
448,2019-10-04,462,7898,8360
448,2019-10-05,238,6294,6532
448,2019-10-06,81,4823,4904
448,2019-10-07,499,7700,8199
448,2019-10-08,440,8119,8559
448,2019-10-09,463,7885,8348
448,2019-10-10,516,8052,8568
448,2019-10-11,506,8516,9022
448,2019-10-12,277,7161,7438
448,2019-10-13,246,10948,11194
448,2019-10-14,494,8209,8703
448,2019-10-15,436,8132,8568
448,2019-10-16,402,8007,8409
448,2019-10-17,422,8043,8465
448,2019-10-18,455,8373,8828
448,2019-10-19,206,6196,6402
448,2019-10-20,58,4383,4441
448,2019-10-21,489,7461,7950
448,2019-10-22,514,8030,8544
448,2019-10-23,475,7737,8212
448,2019-10-24,514,7822,8336
448,2019-10-25,550,8254,8804
448,2019-10-26,372,6592,6964
448,2019-10-27,68,4599,4667
448,2019-10-28,444,7281,7725
448,2019-10-29,490,7811,8301
448,2019-10-30,518,7678,8196
448,2019-11-01,59,4371,4430
448,2019-11-02,216,5965,6181
448,2019-11-03,52,4131,4183
448,2019-11-04,456,7357,7813
448,2019-11-05,472,7632,8104
448,2019-11-06,501,7313,7814
448,2019-11-07,444,7657,8101
448,2019-11-08,453,7850,8303
448,2019-11-09,253,6187,6440
448,2019-11-10,64,4626,4690
448,2019-11-11,488,7206,7694
448,2019-11-12,421,7303,7724
448,2019-11-13,484,7328,7812
448,2019-11-14,495,7316,7811
448,2019-11-15,487,7919,8406
448,2019-11-16,248,6350,6598
448,2019-11-17,54,4329,4383
448,2019-11-18,414,6917,7331
448,2019-11-19,477,7550,8027
448,2019-11-20,507,7213,7720
448,2019-11-21,455,7492,7947
448,2019-11-22,453,7760,8213
448,2019-11-23,220,5860,6080
448,2019-11-24,53,4585,4638
448,2019-11-25,483,7141,7624
448,2019-11-26,443,7292,7735
448,2019-11-27,449,7285,7734
448,2019-11-28,443,7548,7991
448,2019-11-29,499,7779,8278
448,2019-11-30,243,5845,6088
448,2019-12-01,65,4547,4612
448,2019-12-02,513,7145,7658
448,2019-12-03,476,7341,7817
448,2019-12-04,452,7170,7622
448,2019-12-05,495,7508,8003
448,2019-12-06,417,7223,7640
448,2019-12-07,259,5692,5951
448,2019-12-08,59,4086,4145
448,2019-12-09,438,6965,7403
448,2019-12-10,515,7301,7816
448,2019-12-11,414,7103,7517
448,2019-12-12,494,7326,7820
448,2019-12-13,458,7681,8139
448,2019-12-14,171,5828,5999
448,2019-12-15,62,4304,4366
448,2019-12-16,421,7139,7560
448,2019-12-17,448,7410,7858
448,2019-12-18,476,7292,7768
448,2019-12-19,469,7758,8227
448,2019-12-20,344,7728,8072
448,2019-12-21,200,5488,5688
448,2019-12-22,43,4097,4140
448,2019-12-23,250,6250,6500
448,2019-12-24,192,5378,5570
448,2019-12-25,49,3700,3749
448,2019-12-26,54,3575,3629
448,2019-12-27,243,5563,5806
448,2019-12-28,203,5489,5692
448,2019-12-29,56,4320,4376
448,2019-12-30,278,5756,6034
448,2019-12-31,249,5151,5400
449,2019-01-01,104,5953,6057
449,2019-01-02,492,10379,10871
449,2019-01-03,460,11024,11484
449,2019-01-04,509,11306,11815
449,2019-01-05,369,9734,10103
449,2019-01-06,123,7202,7325
449,2019-01-07,633,12426,13059
449,2019-01-08,602,12656,13258
449,2019-01-09,668,12690,13358
449,2019-01-10,687,13123,13810
449,2019-01-11,672,13407,14079
449,2019-01-12,328,10107,10435
449,2019-01-13,101,7547,7648
449,2019-01-14,754,12999,13753
449,2019-01-15,815,13280,14095
449,2019-01-16,858,13534,14392
449,2019-01-17,851,13394,14245
449,2019-01-18,882,14023,14905
449,2019-01-19,353,11008,11361
449,2019-01-20,125,8291,8416
449,2019-01-21,775,13268,14043
449,2019-01-22,788,13090,13878
449,2019-01-23,736,12683,13419
449,2019-01-24,698,13158,13856
449,2019-01-25,758,13571,14329
449,2019-01-26,333,10742,11075
449,2019-01-27,118,7701,7819
449,2019-01-28,702,12509,13211
449,2019-01-29,741,13074,13815
449,2019-01-30,621,12433,13054
449,2019-01-31,603,13493,14096
449,2019-02-01,640,14074,14714
449,2019-02-02,336,10428,10764
449,2019-02-03,108,8112,8220
449,2019-02-04,721,13132,13853
449,2019-02-05,755,13308,14063
449,2019-02-06,851,13271,14122
449,2019-02-07,763,13561,14324
449,2019-02-08,951,13969,14920
449,2019-02-09,357,11191,11548
449,2019-02-10,139,7819,7958
449,2019-02-11,845,13149,13994
449,2019-02-12,808,13518,14326
449,2019-02-13,829,13490,14319
449,2019-02-14,800,14096,14896
449,2019-02-15,866,14385,15251
449,2019-02-16,351,10900,11251
449,2019-02-17,118,8695,8813
449,2019-02-18,775,12197,12972
449,2019-02-19,788,12503,13291
449,2019-02-20,808,12446,13254
449,2019-02-21,827,12901,13728
449,2019-02-22,794,12900,13694
449,2019-02-23,392,10905,11297
449,2019-02-24,123,9120,9243
449,2019-02-25,916,13007,13923
449,2019-02-26,899,13801,14700
449,2019-02-27,953,14031,14984
449,2019-02-28,924,13910,14834
449,2019-03-01,904,14326,15230
449,2019-03-02,447,11674,12121
449,2019-03-03,304,7722,8026
449,2019-03-04,647,11808,12455
449,2019-03-05,803,13161,13964
449,2019-03-06,870,13297,14167
449,2019-03-07,884,13872,14756
449,2019-03-08,871,14465,15336
449,2019-03-09,364,11110,11474
449,2019-03-10,123,7600,7723
449,2019-03-11,843,13249,14092
449,2019-03-12,941,13909,14850
449,2019-03-13,895,13498,14393
449,2019-03-14,931,13536,14467
449,2019-03-15,868,13860,14728
449,2019-03-16,381,11094,11475
449,2019-03-17,136,8094,8230
449,2019-03-18,906,13352,14258
449,2019-03-19,979,13948,14927
449,2019-03-20,932,13766,14698
449,2019-03-21,997,14213,15210
449,2019-03-22,948,14598,15546
449,2019-03-23,464,12073,12537
449,2019-03-24,160,9191,9351
449,2019-03-25,943,13127,14070
449,2019-03-26,923,13952,14875
449,2019-03-27,1021,13918,14939
449,2019-03-28,996,14266,15262
449,2019-03-29,951,15127,16078
449,2019-03-30,461,12911,13372
449,2019-04-01,909,13918,14827
449,2019-04-02,890,14313,15203
449,2019-04-03,957,13889,14846
449,2019-04-04,951,14114,15065
449,2019-04-05,907,14798,15705
449,2019-04-06,452,12025,12477
449,2019-04-07,145,9464,9609
449,2019-04-08,853,13144,13997
449,2019-04-09,845,13252,14097
449,2019-04-10,847,13360,14207
449,2019-04-11,813,13630,14443
449,2019-04-12,901,13926,14827
449,2019-04-13,435,11196,11631
449,2019-04-14,157,8770,8927
449,2019-04-15,753,13319,14072
449,2019-04-16,804,13445,14249
449,2019-04-17,855,13816,14671
449,2019-04-18,880,14232,15112
449,2019-04-19,1089,15286,16375
449,2019-04-20,415,13005,13420
449,2019-04-21,120,11494,11614
449,2019-04-22,200,9986,10186
449,2019-04-23,938,14640,15578
449,2019-04-24,912,14213,15125
449,2019-04-25,993,14566,15559
449,2019-04-26,983,15091,16074
449,2019-04-27,441,11941,12382
449,2019-04-28,146,9343,9489
449,2019-04-29,927,14218,15145
449,2019-04-30,989,15521,16510
449,2019-05-01,224,9687,9911
449,2019-05-02,988,14743,15731
449,2019-05-03,1027,15072,16099
449,2019-05-04,432,11381,11813
449,2019-05-05,164,8697,8861
449,2019-05-06,1058,13884,14942
449,2019-05-07,1072,14181,15253
449,2019-05-08,1014,14959,15973
449,2019-05-09,205,7948,8153
449,2019-05-10,935,14441,15376
449,2019-05-11,418,11289,11707
449,2019-05-12,164,9337,9501
449,2019-05-13,1084,13849,14933
449,2019-05-14,1182,14560,15742
449,2019-05-15,1029,14518,15547
449,2019-05-16,1156,14410,15566
449,2019-05-17,1041,14934,15975
449,2019-05-18,529,11809,12338
449,2019-05-19,174,9524,9698
449,2019-05-20,1031,13836,14867
449,2019-05-21,1111,14181,15292
449,2019-05-22,1315,14063,15378
449,2019-05-23,1763,14544,16307
449,2019-05-24,1107,15550,16657
449,2019-05-25,546,12464,13010
449,2019-05-26,174,9910,10084
449,2019-05-27,1118,12951,14069
449,2019-05-28,1046,13478,14524
449,2019-05-29,1128,14427,15555
449,2019-05-30,230,8941,9171
449,2019-05-31,988,14818,15806
449,2019-06-01,523,13413,13936
449,2019-06-02,240,11639,11879
449,2019-06-03,1184,14263,15447
449,2019-06-04,1085,14954,16039
449,2019-06-05,1157,14764,15921
449,2019-06-06,1236,15011,16247
449,2019-06-07,1212,15484,16696
449,2019-06-08,633,13226,13859
449,2019-06-09,171,11736,11907
449,2019-06-10,278,9271,9549
449,2019-06-11,1378,14878,16256
449,2019-06-12,1158,14262,15420
449,2019-06-13,1063,14697,15760
449,2019-06-14,1111,15782,16893
449,2019-06-15,551,13302,13853
449,2019-06-16,205,11014,11219
449,2019-06-17,1145,14456,15601
449,2019-06-18,1048,14780,15828
449,2019-06-19,1126,14432,15558
449,2019-06-20,989,14707,15696
449,2019-06-21,1088,15762,16850
449,2019-06-22,557,12346,12903
449,2019-06-23,187,9848,10035
449,2019-06-24,1008,14137,15145
449,2019-06-25,1102,15029,16131
449,2019-06-26,1345,14618,15963
449,2019-06-27,1282,15025,16307
449,2019-06-28,1179,15683,16862
449,2019-06-29,596,13642,14238
449,2019-06-30,260,11823,12083
449,2019-07-01,1176,14335,15511
449,2019-07-02,1173,15116,16289
449,2019-07-03,1357,14472,15829
449,2019-07-04,1116,15335,16451
449,2019-07-05,1105,15485,16590
449,2019-07-06,565,12798,13363
449,2019-07-07,209,10755,10964
449,2019-07-08,1096,14268,15364
449,2019-07-09,1013,14905,15918
449,2019-07-10,1072,14893,15965
449,2019-07-11,1025,14806,15831
449,2019-07-12,1034,15063,16097
449,2019-07-13,538,12737,13275
449,2019-07-14,201,10203,10404
449,2019-07-15,961,14398,15359
449,2019-07-16,979,14965,15944
449,2019-07-17,1059,14516,15575
449,2019-07-18,1236,14655,15891
449,2019-07-19,1049,15277,16326
449,2019-07-20,515,12677,13192
449,2019-07-21,203,11784,11987
449,2019-07-22,1086,14454,15540
449,2019-07-23,949,14763,15712
449,2019-07-24,985,14644,15629
449,2019-07-25,876,14440,15316
449,2019-07-26,794,14283,15077
449,2019-07-27,471,11569,12040
449,2019-07-28,216,9937,10153
449,2019-07-29,735,13668,14403
449,2019-07-30,684,14051,14735
449,2019-07-31,775,14175,14950
449,2019-08-01,754,13889,14643
449,2019-08-02,788,13886,14674
449,2019-08-03,506,12051,12557
449,2019-08-04,224,10998,11222
449,2019-08-05,737,12355,13092
449,2019-08-06,695,12468,13163
449,2019-08-07,641,12512,13153
449,2019-08-08,669,12545,13214
449,2019-08-09,712,12262,12974
449,2019-08-10,440,10452,10892
449,2019-08-11,217,9887,10104
449,2019-08-12,694,11672,12366
449,2019-08-13,703,12396,13099
449,2019-08-14,678,12726,13404
449,2019-08-15,216,7871,8087
449,2019-08-16,683,12246,12929
449,2019-08-17,432,9612,10044
449,2019-08-18,209,7750,7959
449,2019-08-19,852,12296,13148
449,2019-08-20,810,12840,13650
449,2019-08-21,857,12856,13713
449,2019-08-22,884,12969,13853
449,2019-08-23,913,13400,14313
449,2019-08-24,428,11379,11807
449,2019-08-25,177,9797,9974
449,2019-08-26,871,12788,13659
449,2019-08-27,940,12936,13876
449,2019-08-28,947,12852,13799
449,2019-08-29,1017,12957,13974
449,2019-08-30,861,13759,14620
449,2019-08-31,460,12253,12713
449,2019-09-01,180,10177,10357
449,2019-09-02,874,12548,13422
449,2019-09-03,905,12737,13642
449,2019-09-04,923,13002,13925
449,2019-09-05,1334,12698,14032
449,2019-09-06,1114,13438,14552
449,2019-09-07,738,10704,11442
449,2019-09-08,412,8947,9359
449,2019-09-09,955,12769,13724
449,2019-09-10,1028,13229,14257
449,2019-09-11,1331,13236,14567
449,2019-09-12,957,13928,14885
449,2019-09-13,964,14542,15506
449,2019-09-14,486,12376,12862
449,2019-09-15,205,11227,11432
449,2019-09-16,912,14005,14917
449,2019-09-17,1027,14673,15700
449,2019-09-18,1021,14529,15550
449,2019-09-19,1097,14396,15493
449,2019-09-20,1061,14942,16003
449,2019-09-21,498,12983,13481
449,2019-09-22,204,9566,9770
449,2019-09-23,1044,13839,14883
449,2019-09-24,949,14174,15123
449,2019-09-25,991,13853,14844
449,2019-09-26,922,13814,14736
449,2019-09-27,927,14950,15877
449,2019-09-28,461,11857,12318
449,2019-09-29,153,9465,9618
449,2019-09-30,977,13620,14597
449,2019-10-01,1008,13824,14832
449,2019-10-02,994,13961,14955
449,2019-10-03,940,14315,15255
449,2019-10-04,943,14617,15560
449,2019-10-05,455,11861,12316
449,2019-10-06,150,9073,9223
449,2019-10-07,951,13966,14917
449,2019-10-08,908,14580,15488
449,2019-10-09,917,14332,15249
449,2019-10-10,924,14565,15489
449,2019-10-11,1104,15251,16355
449,2019-10-12,566,12617,13183
449,2019-10-13,381,14711,15092
449,2019-10-14,1069,14699,15768
449,2019-10-15,1008,14714,15722
449,2019-10-16,925,14695,15620
449,2019-10-17,970,14541,15511
449,2019-10-18,1004,15211,16215
449,2019-10-19,428,11601,12029
449,2019-10-20,142,8297,8439
449,2019-10-21,943,13950,14893
449,2019-10-22,977,14709,15686
449,2019-10-23,1467,14062,15529
449,2019-10-24,1307,14433,15740
449,2019-10-25,1035,15365,16400
449,2019-10-26,637,11985,12622
449,2019-10-27,142,8572,8714
449,2019-10-28,852,13430,14282
449,2019-10-29,881,13990,14871
449,2019-10-30,927,14179,15106
449,2019-11-01,135,8254,8389
449,2019-11-02,392,11079,11471
449,2019-11-03,110,7838,7948
449,2019-11-04,877,13449,14326
449,2019-11-05,1148,13778,14926
449,2019-11-06,1051,13600,14651
449,2019-11-07,921,14105,15026
449,2019-11-08,923,14656,15579
449,2019-11-09,526,11721,12247
449,2019-11-10,150,8483,8633
449,2019-11-11,1080,13662,14742
449,2019-11-12,900,13691,14591
449,2019-11-13,1006,13742,14748
449,2019-11-14,1003,13708,14711
449,2019-11-15,1081,14655,15736
449,2019-11-16,450,11894,12344
449,2019-11-17,128,8149,8277
449,2019-11-18,899,13239,14138
449,2019-11-19,938,14036,14974
449,2019-11-20,1356,13352,14708
449,2019-11-21,1218,13727,14945
449,2019-11-22,985,14634,15619
449,2019-11-23,436,11131,11567
449,2019-11-24,139,8550,8689
449,2019-11-25,955,13302,14257
449,2019-11-26,1252,13713,14965
449,2019-11-27,1057,13531,14588
449,2019-11-28,895,13986,14881
449,2019-11-29,953,14818,15771
449,2019-11-30,456,11254,11710
449,2019-12-01,139,8136,8275
449,2019-12-02,908,13318,14226
449,2019-12-03,879,13710,14589
449,2019-12-04,920,13616,14536
449,2019-12-05,969,14090,15059
449,2019-12-06,852,13740,14592
449,2019-12-07,468,10810,11278
449,2019-12-08,123,7679,7802
449,2019-12-09,893,13116,14009
449,2019-12-10,1155,13596,14751
449,2019-12-11,930,13343,14273
449,2019-12-12,959,13806,14765
449,2019-12-13,923,14254,15177
449,2019-12-14,392,10984,11376
449,2019-12-15,117,8387,8504
449,2019-12-16,920,13548,14468
449,2019-12-17,919,14013,14932
449,2019-12-18,976,13964,14940
449,2019-12-19,873,14565,15438
449,2019-12-20,778,14744,15522
449,2019-12-21,394,10727,11121
449,2019-12-22,115,8103,8218
449,2019-12-23,516,11882,12398
449,2019-12-24,393,10376,10769
449,2019-12-25,96,6623,6719
449,2019-12-26,125,6609,6734
449,2019-12-27,472,10591,11063
449,2019-12-28,395,9775,10170
449,2019-12-29,128,7676,7804
449,2019-12-30,523,10953,11476
449,2019-12-31,473,9619,10092
450,2019-01-01,60,3300,3360
450,2019-01-02,284,5595,5879
450,2019-01-03,249,5935,6184
450,2019-01-04,293,6198,6491
450,2019-01-05,178,5245,5423
450,2019-01-06,72,3910,3982
450,2019-01-07,344,6823,7167
450,2019-01-08,314,6913,7227
450,2019-01-09,356,6899,7255
450,2019-01-10,336,7215,7551
450,2019-01-11,345,7302,7647
450,2019-01-12,164,5762,5926
450,2019-01-13,62,4140,4202
450,2019-01-14,433,6973,7406
450,2019-01-15,444,7296,7740
450,2019-01-16,457,7507,7964
450,2019-01-17,459,7338,7797
450,2019-01-18,494,7670,8164
450,2019-01-19,152,6088,6240
450,2019-01-20,71,4543,4614
450,2019-01-21,446,7102,7548
450,2019-01-22,440,7125,7565
450,2019-01-23,403,6893,7296
450,2019-01-24,378,7227,7605
450,2019-01-25,424,7460,7884
450,2019-01-26,143,5992,6135
450,2019-01-27,70,4424,4494
450,2019-01-28,369,6850,7219
450,2019-01-29,386,7344,7730
450,2019-01-30,293,6903,7196
450,2019-01-31,295,7516,7811
450,2019-02-01,341,7887,8228
450,2019-02-02,154,5964,6118
450,2019-02-03,68,4712,4780
450,2019-02-04,376,7274,7650
450,2019-02-05,411,7424,7835
450,2019-02-06,492,7255,7747
450,2019-02-07,445,7390,7835
450,2019-02-08,482,7837,8319
450,2019-02-09,192,6293,6485
450,2019-02-10,83,4668,4751
450,2019-02-11,457,7141,7598
450,2019-02-12,428,7511,7939
450,2019-02-13,452,7380,7832
450,2019-02-14,433,7770,8203
450,2019-02-15,481,7871,8352
450,2019-02-16,165,6150,6315
450,2019-02-17,74,4771,4845
450,2019-02-18,444,6476,6920
450,2019-02-19,415,6792,7207
450,2019-02-20,428,6815,7243
450,2019-02-21,403,6973,7376
450,2019-02-22,403,6952,7355
450,2019-02-23,208,6117,6325
450,2019-02-24,80,5194,5274
450,2019-02-25,518,7084,7602
450,2019-02-26,526,7694,8220
450,2019-02-27,547,7758,8305
450,2019-02-28,498,7765,8263
450,2019-03-01,463,7944,8407
450,2019-03-02,250,6868,7118
450,2019-03-03,238,4667,4905
450,2019-03-04,353,6640,6993
450,2019-03-05,461,7299,7760
450,2019-03-06,478,7317,7795
450,2019-03-07,501,7572,8073
450,2019-03-08,514,7989,8503
450,2019-03-09,167,6037,6204
450,2019-03-10,69,4361,4430
450,2019-03-11,455,7211,7666
450,2019-03-12,526,7866,8392
450,2019-03-13,531,7419,7950
450,2019-03-14,531,7605,8136
450,2019-03-15,503,7637,8140
450,2019-03-16,171,6287,6458
450,2019-03-17,81,4639,4720
450,2019-03-18,536,7153,7689
450,2019-03-19,574,7678,8252
450,2019-03-20,516,7628,8144
450,2019-03-21,528,7833,8361
450,2019-03-22,556,8033,8589
450,2019-03-23,224,6625,6849
450,2019-03-24,80,5111,5191
450,2019-03-25,571,7134,7705
450,2019-03-26,517,7698,8215
450,2019-03-27,550,7724,8274
450,2019-03-28,533,7910,8443
450,2019-03-29,524,8413,8937
450,2019-03-30,212,7164,7376
450,2019-04-01,501,7503,8004
450,2019-04-02,485,8001,8486
450,2019-04-03,540,7698,8238
450,2019-04-04,502,7800,8302
450,2019-04-05,507,8114,8621
450,2019-04-06,207,6717,6924
450,2019-04-07,79,5206,5285
450,2019-04-08,434,7177,7611
450,2019-04-09,459,7238,7697
450,2019-04-10,481,7287,7768
450,2019-04-11,401,7316,7717
450,2019-04-12,403,7476,7879
450,2019-04-13,188,6421,6609
450,2019-04-14,89,5024,5113
450,2019-04-15,400,7307,7707
450,2019-04-16,451,7325,7776
450,2019-04-17,473,7622,8095
450,2019-04-18,453,7622,8075
450,2019-04-19,418,8452,8870
450,2019-04-20,203,7331,7534
450,2019-04-21,68,6447,6515
450,2019-04-22,108,5706,5814
450,2019-04-23,534,8046,8580
450,2019-04-24,492,7822,8314
450,2019-04-25,510,8044,8554
450,2019-04-26,524,8354,8878
450,2019-04-27,224,6690,6914
450,2019-04-28,83,5311,5394
450,2019-04-29,530,7913,8443
450,2019-04-30,584,8675,9259
450,2019-05-01,108,5430,5538
450,2019-05-02,530,8027,8557
450,2019-05-03,558,8368,8926
450,2019-05-04,233,6224,6457
450,2019-05-05,101,4988,5089
450,2019-05-06,639,7497,8136
450,2019-05-07,622,7876,8498
450,2019-05-08,625,8225,8850
450,2019-05-09,121,4421,4542
450,2019-05-10,527,8163,8690
450,2019-05-11,248,6365,6613
450,2019-05-12,96,5254,5350
450,2019-05-13,612,7597,8209
450,2019-05-14,646,8157,8803
450,2019-05-15,596,7938,8534
450,2019-05-16,609,8003,8612
450,2019-05-17,631,8196,8827
450,2019-05-18,314,6717,7031
450,2019-05-19,106,5344,5450
450,2019-05-20,610,7648,8258
450,2019-05-21,605,7800,8405
450,2019-05-22,613,7803,8416
450,2019-05-23,604,8181,8785
450,2019-05-24,599,8649,9248
450,2019-05-25,279,6899,7178
450,2019-05-26,103,5788,5891
450,2019-05-27,586,7164,7750
450,2019-05-28,557,7315,7872
450,2019-05-29,607,8121,8728
450,2019-05-30,131,5460,5591
450,2019-05-31,461,8380,8841
450,2019-06-01,269,7802,8071
450,2019-06-02,170,6784,6954
450,2019-06-03,698,7910,8608
450,2019-06-04,650,8441,9091
450,2019-06-05,713,8917,9630
450,2019-06-06,724,8211,8935
450,2019-06-07,721,8574,9295
450,2019-06-08,298,7605,7903
450,2019-06-09,92,6705,6797
450,2019-06-10,151,5384,5535
450,2019-06-11,747,8578,9325
450,2019-06-12,699,8103,8802
450,2019-06-13,621,8273,8894
450,2019-06-14,684,9090,9774
450,2019-06-15,295,7495,7790
450,2019-06-16,117,6337,6454
450,2019-06-17,753,8151,8904
450,2019-06-18,639,8395,9034
450,2019-06-19,696,8011,8707
450,2019-06-20,604,8543,9147
450,2019-06-21,638,8810,9448
450,2019-06-22,322,7125,7447
450,2019-06-23,114,5459,5573
450,2019-06-24,581,7840,8421
450,2019-06-25,656,8247,8903
450,2019-06-26,681,8108,8789
450,2019-06-27,683,8397,9080
450,2019-06-28,612,8643,9255
450,2019-06-29,271,7648,7919
450,2019-06-30,104,6073,6177
450,2019-07-01,598,8101,8699
450,2019-07-02,611,8467,9078
450,2019-07-03,634,8193,8827
450,2019-07-04,599,8511,9110
450,2019-07-05,672,8445,9117
450,2019-07-06,317,7237,7554
450,2019-07-07,117,6282,6399
450,2019-07-08,650,7935,8585
450,2019-07-09,604,8380,8984
450,2019-07-10,611,8453,9064
450,2019-07-11,604,8342,8946
450,2019-07-12,617,8342,8959
450,2019-07-13,314,7036,7350
450,2019-07-14,123,5797,5920
450,2019-07-15,647,7883,8530
450,2019-07-16,552,8402,8954
450,2019-07-17,603,8160,8763
450,2019-07-18,663,8297,8960
450,2019-07-19,610,8591,9201
450,2019-07-20,284,7217,7501
450,2019-07-21,113,6587,6700
450,2019-07-22,522,8067,8589
450,2019-07-23,565,8144,8709
450,2019-07-24,598,8379,8977
450,2019-07-25,459,7877,8336
450,2019-07-26,431,7930,8361
450,2019-07-27,304,6295,6599
450,2019-07-28,124,5118,5242
450,2019-07-29,410,7396,7806
450,2019-07-30,418,7531,7949
450,2019-07-31,396,7569,7965
450,2019-08-01,420,7360,7780
450,2019-08-02,434,7562,7996
450,2019-08-03,296,6410,6706
450,2019-08-04,131,5602,5733
450,2019-08-05,433,6715,7148
450,2019-08-06,406,6609,7015
450,2019-08-07,353,6494,6847
450,2019-08-08,379,6724,7103
450,2019-08-09,403,6598,7001
450,2019-08-10,258,5753,6011
450,2019-08-11,133,5637,5770
450,2019-08-12,381,6081,6462
450,2019-08-13,395,6457,6852
450,2019-08-14,365,6703,7068
450,2019-08-15,143,4482,4625
450,2019-08-16,379,6699,7078
450,2019-08-17,247,5176,5423
450,2019-08-18,125,4157,4282
450,2019-08-19,463,6535,6998
450,2019-08-20,459,6862,7321
450,2019-08-21,455,6971,7426
450,2019-08-22,544,7089,7633
450,2019-08-23,526,7322,7848
450,2019-08-24,224,6111,6335
450,2019-08-25,110,5345,5455
450,2019-08-26,526,6786,7312
450,2019-08-27,574,6969,7543
450,2019-08-28,561,7063,7624
450,2019-08-29,511,7043,7554
450,2019-08-30,495,7276,7771
450,2019-08-31,236,6508,6744
450,2019-09-01,123,6285,6408
450,2019-09-02,503,6789,7292
450,2019-09-03,525,6936,7461
450,2019-09-04,529,7135,7664
450,2019-09-05,588,7021,7609
450,2019-09-06,542,7394,7936
450,2019-09-07,264,5944,6208
450,2019-09-08,120,4903,5023
450,2019-09-09,511,7011,7522
450,2019-09-10,531,7375,7906
450,2019-09-11,577,7440,8017
450,2019-09-12,542,7727,8269
450,2019-09-13,619,7929,8548
450,2019-09-14,259,6795,7054
450,2019-09-15,113,6360,6473
450,2019-09-16,570,7660,8230
450,2019-09-17,623,8098,8721
450,2019-09-18,598,7908,8506
450,2019-09-19,551,7894,8445
450,2019-09-20,593,8314,8907
450,2019-09-21,302,7181,7483
450,2019-09-22,150,5466,5616
450,2019-09-23,607,7562,8169
450,2019-09-24,535,7813,8348
450,2019-09-25,597,7725,8322
450,2019-09-26,541,7727,8268
450,2019-09-27,548,8372,8920
450,2019-09-28,259,6678,6937
450,2019-09-29,96,4997,5093
450,2019-09-30,556,7393,7949
450,2019-10-01,614,7959,8573
450,2019-10-02,607,7885,8492
450,2019-10-03,531,7843,8374
450,2019-10-04,581,8180,8761
450,2019-10-05,263,6740,7003
450,2019-10-06,95,5215,5310
450,2019-10-07,560,7378,7938
450,2019-10-08,502,7702,8204
450,2019-10-09,540,7748,8288
450,2019-10-10,523,7728,8251
450,2019-10-11,671,8026,8697
450,2019-10-12,339,6711,7050
450,2019-10-13,181,5903,6084
450,2019-10-14,644,7863,8507
450,2019-10-15,625,7908,8533
450,2019-10-16,545,7868,8413
450,2019-10-17,598,7720,8318
450,2019-10-18,627,8366,8993
450,2019-10-19,245,6394,6639
450,2019-10-20,81,4688,4769
450,2019-10-21,543,7505,8048
450,2019-10-22,578,8034,8612
450,2019-10-23,602,8024,8626
450,2019-10-24,585,8332,8917
450,2019-10-25,607,8527,9134
450,2019-10-26,319,6617,6936
450,2019-10-27,86,4769,4855
450,2019-10-28,520,7152,7672
450,2019-10-29,545,7540,8085
450,2019-10-30,502,7838,8340
450,2019-11-01,85,4864,4949
450,2019-11-02,217,6153,6370
450,2019-11-03,73,4436,4509
450,2019-11-04,486,7220,7706
450,2019-11-05,528,7610,8138
450,2019-11-06,584,7409,7993
450,2019-11-07,523,7685,8208
450,2019-11-08,546,8043,8589
450,2019-11-09,287,6768,7055
450,2019-11-10,88,4820,4908
450,2019-11-11,613,7567,8180
450,2019-11-12,544,7628,8172
450,2019-11-13,606,7520,8126
450,2019-11-14,581,7522,8103
450,2019-11-15,581,8019,8600
450,2019-11-16,250,6511,6761
450,2019-11-17,74,4585,4659
450,2019-11-18,556,7158,7714
450,2019-11-19,551,7721,8272
450,2019-11-20,622,7525,8147
450,2019-11-21,576,7576,8152
450,2019-11-22,597,7892,8489
450,2019-11-23,252,6195,6447
450,2019-11-24,87,4834,4921
450,2019-11-25,576,7234,7810
450,2019-11-26,573,7643,8216
450,2019-11-27,515,7474,7989
450,2019-11-28,508,7718,8226
450,2019-11-29,566,8267,8833
450,2019-11-30,265,6303,6568
450,2019-12-01,86,4195,4281
450,2019-12-02,517,7229,7746
450,2019-12-03,493,7464,7957
450,2019-12-04,556,7468,8024
450,2019-12-05,588,7559,8147
450,2019-12-06,499,7629,8128
450,2019-12-07,251,6034,6285
450,2019-12-08,79,4279,4358
450,2019-12-09,526,7226,7752
450,2019-12-10,570,7650,8220
450,2019-12-11,563,7295,7858
450,2019-12-12,499,7595,8094
450,2019-12-13,514,7776,8290
450,2019-12-14,238,6046,6284
450,2019-12-15,68,4819,4887
450,2019-12-16,564,7441,8005
450,2019-12-17,556,7790,8346
450,2019-12-18,571,7769,8340
450,2019-12-19,529,7886,8415
450,2019-12-20,466,8216,8682
450,2019-12-21,214,6116,6330
450,2019-12-22,69,4676,4745
450,2019-12-23,310,6556,6866
450,2019-12-24,232,5812,6044
450,2019-12-25,58,3745,3803
450,2019-12-26,73,3788,3861
450,2019-12-27,263,5820,6083
450,2019-12-28,209,5163,5372
450,2019-12-29,86,4257,4343
450,2019-12-30,310,5998,6308
450,2019-12-31,260,5346,5606
452,2019-01-01,11,2346,2357
452,2019-01-02,225,4757,4982
452,2019-01-03,202,5016,5218
452,2019-01-04,237,5249,5486
452,2019-01-05,102,3907,4009
452,2019-01-06,20,2956,2976
452,2019-01-07,283,6407,6690
452,2019-01-08,268,6771,7039
452,2019-01-09,297,6631,6928
452,2019-01-10,324,6871,7195
452,2019-01-11,297,7180,7477
452,2019-01-12,133,4145,4278
452,2019-01-13,27,3094,3121
452,2019-01-14,364,6767,7131
452,2019-01-15,390,7185,7575
452,2019-01-16,388,7098,7486
452,2019-01-17,441,7408,7849
452,2019-01-18,462,7331,7793
452,2019-01-19,118,4466,4584
452,2019-01-20,42,3504,3546
452,2019-01-21,394,6949,7343
452,2019-01-22,419,6560,6979
452,2019-01-23,477,6507,6984
452,2019-01-24,363,6716,7079
452,2019-01-25,339,6892,7231
452,2019-01-26,103,4293,4396
452,2019-01-27,24,3470,3494
452,2019-01-28,319,6399,6718
452,2019-01-29,374,6798,7172
452,2019-01-30,238,5637,5875
452,2019-01-31,288,6320,6608
452,2019-02-01,292,6843,7135
452,2019-02-02,92,4113,4205
452,2019-02-03,34,3558,3592
452,2019-02-04,376,6440,6816
452,2019-02-05,390,6776,7166
452,2019-02-06,443,6669,7112
452,2019-02-07,438,6688,7126
452,2019-02-08,462,6893,7355
452,2019-02-09,108,4229,4337
452,2019-02-10,25,3182,3207
452,2019-02-11,447,6417,6864
452,2019-02-12,418,6964,7382
452,2019-02-13,468,6757,7225
452,2019-02-14,456,7081,7537
452,2019-02-15,474,7193,7667
452,2019-02-16,121,4400,4521
452,2019-02-17,28,3860,3888
452,2019-02-18,394,6200,6594
452,2019-02-19,476,6446,6922
452,2019-02-20,447,6415,6862
452,2019-02-21,446,6619,7065
452,2019-02-22,465,6411,6876
452,2019-02-23,160,4463,4623
452,2019-02-24,35,3809,3844
452,2019-02-25,505,7110,7615
452,2019-02-26,521,7572,8093
452,2019-02-27,503,7781,8284
452,2019-02-28,500,7564,8064
452,2019-03-01,484,7720,8204
452,2019-03-02,147,4967,5114
452,2019-03-03,55,4130,4185
452,2019-03-04,272,6221,6493
452,2019-03-05,382,7207,7589
452,2019-03-06,439,7193,7632
452,2019-03-07,402,7528,7930
452,2019-03-08,473,7624,8097
452,2019-03-09,134,4632,4766
452,2019-03-10,43,3261,3304
452,2019-03-11,466,7031,7497
452,2019-03-12,523,7542,8065
452,2019-03-13,482,7253,7735
452,2019-03-14,436,7244,7680
452,2019-03-15,375,7220,7595
452,2019-03-16,113,4604,4717
452,2019-03-17,37,3468,3505
452,2019-03-18,436,6840,7276
452,2019-03-19,473,7560,8033
452,2019-03-20,486,7467,7953
452,2019-03-21,512,7752,8264
452,2019-03-22,525,7981,8506
452,2019-03-23,136,5117,5253
452,2019-03-24,36,3989,4025
452,2019-03-25,476,7141,7617
452,2019-03-26,501,7779,8280
452,2019-03-27,539,7733,8272
452,2019-03-28,495,7764,8259
452,2019-03-29,532,8842,9374
452,2019-03-30,155,5352,5507
452,2019-04-01,500,7933,8433
452,2019-04-02,509,8258,8767
452,2019-04-03,599,8263,8862
452,2019-04-04,585,8267,8852
452,2019-04-05,496,8494,8990
452,2019-04-06,150,5180,5330
452,2019-04-07,43,4289,4332
452,2019-04-08,463,7167,7630
452,2019-04-09,432,7550,7982
452,2019-04-10,449,7645,8094
452,2019-04-11,427,7587,8014
452,2019-04-12,452,7793,8245
452,2019-04-13,202,5018,5220
452,2019-04-14,62,4227,4289
452,2019-04-15,412,7394,7806
452,2019-04-16,447,7511,7958
452,2019-04-17,458,7658,8116
452,2019-04-18,468,7734,8202
452,2019-04-19,509,8163,8672
452,2019-04-20,172,5886,6058
452,2019-04-21,49,5230,5279
452,2019-04-22,85,4704,4789
452,2019-04-23,497,8619,9116
452,2019-04-24,522,8468,8990
452,2019-04-25,529,8875,9404
452,2019-04-26,552,8980,9532
452,2019-04-27,227,5703,5930
452,2019-04-28,64,4376,4440
452,2019-04-29,527,8275,8802
452,2019-04-30,599,9195,9794
452,2019-05-01,84,4377,4461
452,2019-05-02,514,8744,9258
452,2019-05-03,604,8751,9355
452,2019-05-04,206,5415,5621
452,2019-05-05,61,4471,4532
452,2019-05-06,568,8058,8626
452,2019-05-07,589,8480,9069
452,2019-05-08,579,8806,9385
452,2019-05-09,88,3668,3756
452,2019-05-10,438,7591,8029
452,2019-05-11,137,5229,5366
452,2019-05-12,58,4628,4686
452,2019-05-13,542,8133,8675
452,2019-05-14,620,8599,9219
452,2019-05-15,524,8496,9020
452,2019-05-16,581,8524,9105
452,2019-05-17,576,8632,9208
452,2019-05-18,215,5594,5809
452,2019-05-19,79,4686,4765
452,2019-05-20,526,8133,8659
452,2019-05-21,587,8631,9218
452,2019-05-22,578,8417,8995
452,2019-05-23,582,8767,9349
452,2019-05-24,604,9014,9618
452,2019-05-25,192,5674,5866
452,2019-05-26,84,4567,4651
452,2019-05-27,494,7432,7926
452,2019-05-28,488,7638,8126
452,2019-05-29,589,8033,8622
452,2019-05-30,114,4599,4713
452,2019-05-31,361,7497,7858
452,2019-06-01,178,6206,6384
452,2019-06-02,135,5616,5751
452,2019-06-03,617,8213,8830
452,2019-06-04,576,8662,9238
452,2019-06-05,622,8320,8942
452,2019-06-06,573,8606,9179
452,2019-06-07,645,9019,9664
452,2019-06-08,200,6577,6777
452,2019-06-09,61,5643,5704
452,2019-06-10,141,4458,4599
452,2019-06-11,606,7847,8453
452,2019-06-12,608,8683,9291
452,2019-06-13,600,8769,9369
452,2019-06-14,633,9620,10253
452,2019-06-15,233,7717,7950
452,2019-06-16,106,5630,5736
452,2019-06-17,601,8505,9106
452,2019-06-18,561,8884,9445
452,2019-06-19,589,8663,9252
452,2019-06-20,565,9361,9926
452,2019-06-21,556,6547,7103
452,2019-06-22,192,6384,6576
452,2019-06-23,130,5189,5319
452,2019-06-24,563,7990,8553
452,2019-06-25,676,8532,9208
452,2019-06-26,617,8240,8857
452,2019-06-27,638,8653,9291
452,2019-06-28,627,8809,9436
452,2019-06-29,236,6090,6326
452,2019-06-30,96,4832,4928
452,2019-07-01,549,8359,8908
452,2019-07-02,618,8753,9371
452,2019-07-03,596,8680,9276
452,2019-07-04,608,8843,9451
452,2019-07-05,637,8868,9505
452,2019-07-06,272,6378,6650
452,2019-07-07,108,5211,5319
452,2019-07-08,553,8308,8861
452,2019-07-09,561,8913,9474
452,2019-07-10,542,8807,9349
452,2019-07-11,687,9071,9758
452,2019-07-12,680,9048,9728
452,2019-07-13,270,6466,6736
452,2019-07-14,119,5017,5136
452,2019-07-15,636,8314,8950
452,2019-07-16,663,9214,9877
452,2019-07-17,633,8725,9358
452,2019-07-18,690,8509,9199
452,2019-07-19,592,8663,9255
452,2019-07-20,252,6088,6340
452,2019-07-21,131,5330,5461
452,2019-07-22,554,8390,8944
452,2019-07-23,590,8820,9410
452,2019-07-24,576,8411,8987
452,2019-07-25,472,7920,8392
452,2019-07-26,350,7709,8059
452,2019-07-27,200,5267,5467
452,2019-07-28,141,4632,4773
452,2019-07-29,361,7130,7491
452,2019-07-30,345,7572,7917
452,2019-07-31,369,7578,7947
452,2019-08-01,373,7593,7966
452,2019-08-02,348,7489,7837
452,2019-08-03,205,5484,5689
452,2019-08-04,101,5051,5152
452,2019-08-05,341,6679,7020
452,2019-08-06,319,6877,7196
452,2019-08-07,300,6741,7041
452,2019-08-08,304,6913,7217
452,2019-08-09,338,6691,7029
452,2019-08-10,188,4937,5125
452,2019-08-11,134,4727,4861
452,2019-08-12,313,6180,6493
452,2019-08-13,316,6728,7044
452,2019-08-14,325,6756,7081
452,2019-08-15,108,4015,4123
452,2019-08-16,320,6050,6370
452,2019-08-17,146,4616,4762
452,2019-08-18,81,4060,4141
452,2019-08-19,401,6563,6964
452,2019-08-20,412,6932,7344
452,2019-08-21,497,7335,7832
452,2019-08-22,467,7248,7715
452,2019-08-23,492,7290,7782
452,2019-08-24,174,5227,5401
452,2019-08-25,88,4623,4711
452,2019-08-26,431,7001,7432
452,2019-08-27,617,8198,8815
452,2019-08-28,667,7912,8579
452,2019-08-29,608,7825,8433
452,2019-08-30,549,8293,8842
452,2019-08-31,168,5533,5701
452,2019-09-01,96,4619,4715
452,2019-09-02,502,6825,7327
452,2019-09-03,566,7417,7983
452,2019-09-04,541,7418,7959
452,2019-09-05,619,7359,7978
452,2019-09-06,543,7644,8187
452,2019-09-07,195,5123,5318
452,2019-09-08,82,4334,4416
452,2019-09-09,518,7215,7733
452,2019-09-10,588,7827,8415
452,2019-09-11,519,8000,8519
452,2019-09-12,500,7779,8279
452,2019-09-13,571,8296,8867
452,2019-09-14,189,5965,6154
452,2019-09-15,76,5168,5244
452,2019-09-16,488,8003,8491
452,2019-09-17,555,8563,9118
452,2019-09-18,567,8449,9016
452,2019-09-19,492,8504,8996
452,2019-09-20,529,8491,9020
452,2019-09-21,198,6098,6296
452,2019-09-22,113,4916,5029
452,2019-09-23,572,7792,8364
452,2019-09-24,549,8309,8858
452,2019-09-25,541,8005,8546
452,2019-09-26,547,8126,8673
452,2019-09-27,505,8631,9136
452,2019-09-28,187,5682,5869
452,2019-09-29,62,4295,4357
452,2019-09-30,528,8072,8600
452,2019-10-01,516,8281,8797
452,2019-10-02,585,8255,8840
452,2019-10-03,520,8470,8990
452,2019-10-04,551,8633,9184
452,2019-10-05,155,5668,5823
452,2019-10-06,43,4314,4357
452,2019-10-07,489,7985,8474
452,2019-10-08,483,8207,8690
452,2019-10-09,489,8307,8796
452,2019-10-10,485,8269,8754
452,2019-10-11,590,8641,9231
452,2019-10-12,171,5462,5633
452,2019-10-13,71,5712,5783
452,2019-10-14,509,8181,8690
452,2019-10-15,537,8510,9047
452,2019-10-16,470,8527,8997
452,2019-10-17,550,8422,8972
452,2019-10-18,544,8659,9203
452,2019-10-19,172,5383,5555
452,2019-10-20,47,3949,3996
452,2019-10-21,512,7931,8443
452,2019-10-22,599,8530,9129
452,2019-10-23,525,8505,9030
452,2019-10-24,505,8841,9346
452,2019-10-25,563,8822,9385
452,2019-10-26,211,5619,5830
452,2019-10-27,40,4147,4187
452,2019-10-28,459,6891,7350
452,2019-10-29,625,9780,10405
452,2019-10-30,448,7234,7682
452,2019-11-01,40,3815,3855
452,2019-11-02,120,5132,5252
452,2019-11-03,27,3734,3761
452,2019-11-04,442,7559,8001
452,2019-11-05,482,7860,8342
452,2019-11-06,516,7670,8186
452,2019-11-07,473,7754,8227
452,2019-11-08,467,8306,8773
452,2019-11-09,156,5277,5433
452,2019-11-10,30,4147,4177
452,2019-11-11,500,7701,8201
452,2019-11-12,482,7990,8472
452,2019-11-13,511,7949,8460
452,2019-11-14,504,7910,8414
452,2019-11-15,544,8220,8764
452,2019-11-16,187,5085,5272
452,2019-11-17,36,3904,3940
452,2019-11-18,468,7272,7740
452,2019-11-19,459,7946,8405
452,2019-11-20,546,7924,8470
452,2019-11-21,426,8000,8426
452,2019-11-22,453,8268,8721
452,2019-11-23,148,5123,5271
452,2019-11-24,36,4062,4098
452,2019-11-25,537,7509,8046
452,2019-11-26,557,8011,8568
452,2019-11-27,461,7901,8362
452,2019-11-28,495,7979,8474
452,2019-11-29,551,8267,8818
452,2019-11-30,154,5087,5241
452,2019-12-01,38,3503,3541
452,2019-12-02,509,7595,8104
452,2019-12-03,498,8126,8624
452,2019-12-04,578,7807,8385
452,2019-12-05,597,8142,8739
452,2019-12-06,449,7580,8029
452,2019-12-07,140,4768,4908
452,2019-12-08,28,3553,3581
452,2019-12-09,441,7459,7900
452,2019-12-10,505,7907,8412
452,2019-12-11,516,7711,8227
452,2019-12-12,569,7886,8455
452,2019-12-13,448,8239,8687
452,2019-12-14,106,4837,4943
452,2019-12-15,31,3919,3950
452,2019-12-16,457,7547,8004
452,2019-12-17,507,8237,8744
452,2019-12-18,460,7967,8427
452,2019-12-19,412,8400,8812
452,2019-12-20,393,8021,8414
452,2019-12-21,110,4831,4941
452,2019-12-22,30,3724,3754
452,2019-12-23,186,5468,5654
452,2019-12-24,132,4616,4748
452,2019-12-25,19,3143,3162
452,2019-12-26,26,3078,3104
452,2019-12-27,174,4839,5013
452,2019-12-28,103,4249,4352
452,2019-12-29,31,3475,3506
452,2019-12-30,157,5117,5274
452,2019-12-31,147,4454,4601
453,2019-01-26,192,8359,8551
453,2019-01-27,70,7778,7848
453,2019-01-28,753,12141,12894
453,2019-01-29,878,14453,15331
453,2019-01-30,715,10259,10974
453,2019-01-31,763,12759,13522
453,2019-02-01,716,13014,13730
453,2019-02-02,195,8852,9047
453,2019-02-03,61,7607,7668
453,2019-02-04,856,14116,14972
453,2019-02-05,909,14906,15815
453,2019-02-06,945,14857,15802
453,2019-02-07,945,14526,15471
453,2019-02-08,904,15377,16281
453,2019-02-09,232,10046,10278
453,2019-02-10,58,6904,6962
453,2019-02-11,965,14154,15119
453,2019-02-13,1092,15275,16367
453,2019-02-14,1144,15595,16739
453,2019-02-15,1048,15654,16702
453,2019-02-16,222,9728,9950
453,2019-02-17,62,7939,8001
453,2019-02-18,941,13614,14555
453,2019-02-19,1063,13940,15003
453,2019-02-20,1072,14218,15290
453,2019-02-21,1064,14514,15578
453,2019-02-22,1016,14500,15516
453,2019-02-23,267,9825,10092
453,2019-02-24,61,7973,8034
453,2019-02-25,1187,14965,16152
453,2019-02-27,1176,15894,17070
453,2019-02-28,1338,16774,18112
453,2019-03-01,1036,15788,16824
453,2019-03-02,216,10372,10588
453,2019-03-03,99,9595,9694
453,2019-03-04,776,13304,14080
453,2019-03-05,1128,15602,16730
453,2019-03-06,1204,13923,15127
453,2019-03-07,1222,16748,17970
453,2019-03-08,1304,16840,18144
453,2019-03-09,255,10265,10520
453,2019-03-10,100,6809,6909
453,2019-03-11,1095,14944,16039
453,2019-03-13,1322,16426,17748
453,2019-03-14,1206,16428,17634
453,2019-03-15,947,14280,15227
453,2019-03-16,256,10198,10454
453,2019-03-17,66,8176,8242
453,2019-03-18,1126,14936,16062
453,2019-03-19,1245,15791,17036
453,2019-03-20,1214,15853,17067
453,2019-03-21,1273,16374,17647
453,2019-03-22,1202,16764,17966
453,2019-03-23,303,11161,11464
453,2019-03-24,85,8745,8830
453,2019-03-25,1472,15750,17222
453,2019-03-26,1277,16239,17516
453,2019-03-27,1273,16237,17510
453,2019-03-28,1241,16206,17447
453,2019-03-29,1211,17744,18955
453,2019-03-30,320,11503,11823
453,2019-04-01,1273,15945,17218
453,2019-04-03,1218,16705,17923
453,2019-04-04,1319,17139,18458
453,2019-04-05,1333,17623,18956
453,2019-04-06,405,11617,12022
453,2019-04-07,180,8918,9098
453,2019-04-08,1508,18806,20314
453,2019-04-09,1452,17741,19193
453,2019-05-01,292,8554,8846
453,2019-05-02,2011,17044,19055
453,2019-05-03,2033,17271,19304
453,2019-05-04,508,10610,11118
453,2019-05-05,168,9162,9330
453,2019-05-06,2203,15979,18182
453,2019-05-07,2313,16888,19201
453,2019-05-08,2147,17335,19482
453,2019-05-09,507,7802,8309
453,2019-05-10,1862,16046,17908
453,2019-05-11,431,10939,11370
453,2019-05-12,211,9557,9768
453,2019-05-13,2028,16146,18174
453,2019-05-14,2149,16907,19056
453,2019-05-15,2158,16873,19031
453,2019-05-16,2153,17346,19499
453,2019-05-17,2191,17302,19493
453,2019-05-18,554,12131,12685
453,2019-05-19,205,9349,9554
453,2019-05-20,2252,16030,18282
453,2019-05-21,2363,16793,19156
453,2019-05-22,2244,16496,18740
453,2019-05-23,2300,17097,19397
453,2019-05-24,2175,17456,19631
453,2019-05-25,761,11859,12620
453,2019-05-26,291,9186,9477
453,2019-05-27,2254,15331,17585
453,2019-05-28,2536,16293,18829
453,2019-05-29,2560,16605,19165
453,2019-05-30,400,8219,8619
453,2019-05-31,1311,14460,15771
453,2019-06-01,647,11847,12494
453,2019-06-02,379,10419,10798
453,2019-06-03,2179,15950,18129
453,2019-06-04,2248,16827,19075
453,2019-06-05,2480,16531,19011
453,2019-06-06,2258,17155,19413
453,2019-06-07,2301,17414,19715
453,2019-06-08,719,12558,13277
453,2019-06-09,257,10376,10633
453,2019-06-10,366,8035,8401
453,2019-06-11,2225,16302,18527
453,2019-06-12,2214,16765,18979
453,2019-06-13,2125,16403,18528
453,2019-06-14,2124,17560,19684
453,2019-06-15,728,13944,14672
453,2019-06-16,327,10397,10724
453,2019-06-17,1977,16235,18212
453,2019-06-18,2015,17034,19049
453,2019-06-19,1968,16557,18525
453,2019-06-20,1993,18118,20111
453,2019-06-21,2104,17773,19877
453,2019-06-22,584,11798,12382
453,2019-06-23,254,9966,10220
453,2019-06-24,1915,15645,17560
453,2019-06-25,2050,16545,18595
453,2019-06-26,2013,16211,18224
453,2019-06-27,2051,16856,18907
453,2019-06-28,2087,17344,19431
453,2019-06-29,619,12464,13083
453,2019-06-30,194,10016,10210
453,2019-07-01,2100,16319,18419
453,2019-07-02,2185,16905,19090
453,2019-07-03,2235,17064,19299
453,2019-07-04,2213,17374,19587
453,2019-07-05,1948,17755,19703
453,2019-07-06,718,13798,14516
453,2019-07-07,288,11755,12043
453,2019-07-08,2068,16227,18295
453,2019-07-09,2124,17015,19139
453,2019-07-10,2271,16961,19232
453,2019-07-11,2189,17388,19577
453,2019-07-12,2057,17030,19087
453,2019-07-13,604,12884,13488
453,2019-07-14,263,9598,9861
453,2019-07-15,1987,15698,17685
453,2019-07-16,2225,16681,18906
453,2019-07-17,2210,16528,18738
453,2019-07-18,2005,16616,18621
453,2019-07-19,1979,17022,19001
453,2019-07-20,692,12201,12893
453,2019-07-21,259,10086,10345
453,2019-07-22,1953,15737,17690
453,2019-07-23,1964,16555,18519
453,2019-07-24,2008,16101,18109
453,2019-07-25,1508,15525,17033
453,2019-07-26,1433,15890,17323
453,2019-07-27,447,10535,10982
453,2019-07-28,291,8892,9183
453,2019-07-29,1209,13688,14897
453,2019-07-30,1170,14299,15469
453,2019-07-31,1133,14309,15442
453,2019-08-01,1205,14251,15456
453,2019-08-02,1162,14147,15309
453,2019-08-03,483,10443,10926
453,2019-08-04,270,9339,9609
453,2019-08-05,1032,12219,13251
453,2019-08-06,1096,13089,14185
453,2019-08-07,1005,12904,13909
453,2019-08-08,1042,13124,14166
453,2019-08-09,1046,13150,14196
453,2019-08-10,475,10065,10540
453,2019-08-11,258,8404,8662
453,2019-08-12,996,11917,12913
453,2019-08-13,1149,12896,14045
453,2019-08-14,1138,13555,14693
453,2019-08-15,319,7521,7840
453,2019-08-16,1090,12246,13336
453,2019-08-17,363,9210,9573
453,2019-08-18,215,7448,7663
453,2019-08-19,1546,13263,14809
453,2019-08-20,1837,14125,15962
453,2019-08-21,1838,14199,16037
453,2019-08-22,1845,14349,16194
453,2019-08-23,1724,14303,16027
453,2019-08-24,556,9930,10486
453,2019-08-25,323,8756,9079
453,2019-08-26,1981,14302,16283
453,2019-08-27,2244,15975,18219
453,2019-08-28,2148,15287,17435
453,2019-08-29,2130,15099,17229
453,2019-08-30,2137,15982,18119
453,2019-08-31,592,11029,11621
453,2019-09-01,342,9501,9843
453,2019-09-02,2048,14397,16445
453,2019-09-03,2118,15137,17255
453,2019-09-04,2117,15014,17131
453,2019-09-05,2039,15252,17291
453,2019-09-06,2225,15746,17971
453,2019-09-07,657,10327,10984
453,2019-09-08,322,8960,9282
453,2019-09-09,2047,15018,17065
453,2019-09-10,2039,16033,18072
453,2019-09-11,2144,16324,18468
453,2019-09-12,2212,16133,18345
453,2019-09-13,2214,16399,18613
453,2019-09-14,711,12011,12722
453,2019-09-15,347,10764,11111
453,2019-09-16,2195,15966,18161
453,2019-09-17,2356,16928,19284
453,2019-09-18,2239,16361,18600
453,2019-09-19,2140,16601,18741
453,2019-09-20,1945,16725,18670
453,2019-09-21,613,12073,12686
453,2019-09-22,239,9072,9311
453,2019-09-23,1949,15242,17191
453,2019-09-24,2040,16075,18115
453,2019-09-25,1996,16126,18122
453,2019-09-26,1886,16254,18140
453,2019-09-27,1979,16831,18810
453,2019-09-28,537,11798,12335
453,2019-09-29,199,9045,9244
453,2019-09-30,1903,15692,17595
453,2019-10-01,1867,15205,17072
453,2019-10-02,1961,16141,18102
453,2019-10-03,2068,16543,18611
453,2019-10-04,1856,16869,18725
453,2019-10-05,583,11848,12431
453,2019-10-06,135,9226,9361
453,2019-10-07,1781,15033,16814
453,2019-10-08,1784,15605,17389
453,2019-10-09,1809,14980,16789
453,2019-10-11,1817,16250,18067
453,2019-10-12,529,10929,11458
453,2019-10-13,187,10064,10251
453,2019-10-14,1766,15397,17163
453,2019-10-15,1757,15943,17700
453,2019-10-16,1981,15797,17778
453,2019-10-17,1879,15820,17699
453,2019-10-18,1920,16013,17933
453,2019-10-19,438,10724,11162
453,2019-10-20,120,7959,8079
453,2019-10-21,1976,15271,17247
453,2019-10-22,1995,16276,18271
453,2019-10-23,1912,16059,17971
453,2019-10-24,1898,16726,18624
453,2019-10-25,1968,17091,19059
453,2019-10-26,686,11756,12442
453,2019-10-27,245,8744,8989
453,2019-10-28,1896,14286,16182
453,2019-10-29,2175,17403,19578
453,2019-10-30,2015,14844,16859
453,2019-11-01,291,8316,8607
453,2019-11-02,454,10417,10871
453,2019-11-03,220,7882,8102
453,2019-11-04,1793,14326,16119
453,2019-11-05,1836,15632,17468
453,2019-11-06,1824,15593,17417
453,2019-11-07,1680,15855,17535
453,2019-11-08,1896,16631,18527
453,2019-11-09,499,11111,11610
453,2019-11-10,159,8657,8816
453,2019-11-11,1521,14862,16383
453,2019-11-12,1615,15439,17054
453,2019-11-13,1734,15526,17260
453,2019-11-14,1673,15187,16860
453,2019-11-15,1762,15932,17694
453,2019-11-16,528,11177,11705
453,2019-11-17,148,8152,8300
453,2019-11-18,1587,14140,15727
453,2019-11-19,1816,15407,17223
453,2019-11-20,1871,15584,17455
453,2019-11-21,1792,15425,17217
453,2019-11-22,1790,15745,17535
453,2019-11-23,457,11378,11835
453,2019-11-24,132,8271,8403
453,2019-11-25,1728,14849,16577
453,2019-11-26,1824,15737,17561
453,2019-11-27,1829,15735,17564
453,2019-11-28,1771,15744,17515
453,2019-11-29,1830,16789,18619
453,2019-11-30,491,11308,11799
453,2019-12-01,101,5847,5948
453,2019-12-02,1762,14280,16042
453,2019-12-03,1665,15690,17355
453,2019-12-04,1843,15402,17245
453,2019-12-05,1838,15939,17777
453,2019-12-06,1768,14977,16745
453,2019-12-07,397,10622,11019
453,2019-12-08,132,7659,7791
453,2019-12-09,1692,14667,16359
453,2019-12-10,1869,15586,17455
453,2019-12-11,1744,15191,16935
453,2019-12-12,1989,15765,17754
453,2019-12-13,1718,16049,17767
453,2019-12-14,432,10656,11088
453,2019-12-15,126,9178,9304
453,2019-12-16,1670,15006,16676
453,2019-12-17,1812,16226,18038
453,2019-12-18,1871,15919,17790
453,2019-12-19,1820,16475,18295
453,2019-12-20,1414,15710,17124
453,2019-12-21,347,10175,10522
453,2019-12-22,91,7916,8007
453,2019-12-23,729,11884,12613
453,2019-12-24,502,9724,10226
453,2019-12-25,54,6478,6532
453,2019-12-26,105,6494,6599
453,2019-12-27,600,10471,11071
453,2019-12-28,286,8755,9041
453,2019-12-29,86,6913,6999
453,2019-12-30,585,10286,10871
453,2019-12-31,508,8998,9506
454,2019-04-01,894,5493,6387
454,2019-04-03,71,1146,1217
454,2019-04-04,2096,14691,16787
454,2019-04-05,2145,15159,17304
454,2019-04-06,774,10917,11691
454,2019-04-07,420,9376,9796
454,2019-04-08,2002,13905,15907
454,2019-04-09,2015,14124,16139
454,2019-04-10,2014,13865,15879
454,2019-04-11,2119,14292,16411
454,2019-04-12,2125,14612,16737
454,2019-04-13,617,9911,10528
454,2019-04-14,290,8435,8725
454,2019-04-15,1873,13469,15342
454,2019-04-16,2053,13649,15702
454,2019-04-17,1906,13813,15719
454,2019-04-18,1941,14367,16308
454,2019-04-19,1941,14936,16877
454,2019-04-20,642,10738,11380
454,2019-04-21,229,9924,10153
454,2019-04-22,345,9410,9755
454,2019-04-23,1977,15007,16984
454,2019-04-24,1912,14362,16274
454,2019-04-25,1921,14802,16723
454,2019-04-26,2051,15519,17570
454,2019-04-27,820,11616,12436
454,2019-04-28,431,9216,9647
454,2019-04-29,2063,14146,16209
454,2019-04-30,2180,15101,17281
454,2019-05-01,410,8751,9161
454,2019-05-02,2024,15076,17100
454,2019-05-03,2056,15270,17326
454,2019-05-04,642,9850,10492
454,2019-05-05,297,9363,9660
454,2019-05-06,2098,14099,16197
454,2019-05-07,2235,14725,16960
454,2019-05-08,1935,14987,16922
454,2019-05-09,570,7940,8510
454,2019-05-10,1896,14367,16263
454,2019-05-11,542,10030,10572
454,2019-05-12,337,9757,10094
454,2019-05-13,2013,14178,16191
454,2019-05-14,2108,14690,16798
454,2019-05-15,2141,14756,16897
454,2019-05-16,2123,15327,17450
454,2019-05-17,2123,15219,17342
454,2019-05-18,667,11361,12028
454,2019-05-19,326,9538,9864
454,2019-05-20,2113,14274,16387
454,2019-05-21,2296,14738,17034
454,2019-05-22,2132,14384,16516
454,2019-05-23,2184,15123,17307
454,2019-05-24,2209,15495,17704
454,2019-05-25,792,11235,12027
454,2019-05-26,413,9300,9713
454,2019-05-27,2245,13868,16113
454,2019-05-28,2374,14420,16794
454,2019-05-29,2443,15107,17550
454,2019-05-30,547,8847,9394
454,2019-05-31,1501,13744,15245
454,2019-06-01,820,11739,12559
454,2019-06-02,366,6825,7191
454,2019-06-05,NA,2,NA
454,2019-06-12,1711,10297,12008
454,2019-06-13,2190,14887,17077
454,2019-06-14,2090,15928,18018
454,2019-06-15,894,12628,13522
454,2019-06-16,493,10623,11116
454,2019-06-17,2007,14519,16526
454,2019-06-18,2039,14899,16938
454,2019-06-19,2043,14400,16443
454,2019-06-20,2043,15006,17049
454,2019-06-21,2110,15326,17436
454,2019-06-22,731,10746,11477
454,2019-06-23,351,10302,10653
454,2019-06-24,1957,13840,15797
454,2019-06-25,2102,14681,16783
454,2019-06-26,2067,14386,16453
454,2019-06-27,2089,15316,17405
454,2019-06-28,2191,15574,17765
454,2019-06-29,793,11908,12701
454,2019-06-30,352,10025,10377
454,2019-07-01,2103,14365,16468
454,2019-07-02,2259,14904,17163
454,2019-07-03,2283,14961,17244
454,2019-07-04,2203,15432,17635
454,2019-07-05,2020,16095,18115
454,2019-07-06,964,13491,14455
454,2019-07-07,470,12375,12845
454,2019-07-08,2055,14382,16437
454,2019-07-09,2148,15049,17197
454,2019-07-10,2224,14942,17166
454,2019-07-11,2136,15482,17618
454,2019-07-12,2052,16021,18073
454,2019-07-13,825,12864,13689
454,2019-07-14,459,10223,10682
454,2019-07-15,1918,14227,16145
454,2019-07-16,2108,14942,17050
454,2019-07-17,2158,14910,17068
454,2019-07-18,2048,15179,17227
454,2019-07-19,2084,15428,17512
454,2019-07-20,852,11896,12748
454,2019-07-21,481,10719,11200
454,2019-07-22,1907,14879,16786
454,2019-07-23,1914,15319,17233
454,2019-07-24,1958,15075,17033
454,2019-07-25,1641,14228,15869
454,2019-07-26,1631,13987,15618
454,2019-07-27,674,10708,11382
454,2019-07-28,462,9681,10143
454,2019-07-29,1379,13052,14431
454,2019-07-30,1421,13182,14603
454,2019-07-31,1429,13438,14867
454,2019-08-01,1473,13485,14958
454,2019-08-02,1429,13506,14935
454,2019-08-03,752,10602,11354
454,2019-08-04,473,10089,10562
454,2019-08-05,1299,11938,13237
454,2019-08-06,1368,12433,13801
454,2019-08-07,1283,12281,13564
454,2019-08-08,1277,12485,13762
454,2019-08-09,1368,12760,14128
454,2019-08-10,708,10214,10922
454,2019-08-11,437,9368,9805
454,2019-08-12,1200,11753,12953
454,2019-08-13,1355,11978,13333
454,2019-08-14,1390,12629,14019
454,2019-08-15,492,8368,8860
454,2019-08-16,1335,12190,13525
454,2019-08-17,556,9499,10055
454,2019-08-18,338,8541,8879
454,2019-08-19,1595,12448,14043
454,2019-08-20,1815,12980,14795
454,2019-08-21,1933,13146,15079
454,2019-08-22,1903,13520,15423
454,2019-08-23,1852,13630,15482
454,2019-08-24,763,10216,10979
454,2019-08-25,491,9660,10151
454,2019-08-26,1963,13207,15170
454,2019-08-27,2089,13578,15667
454,2019-08-28,2005,13677,15682
454,2019-08-29,2073,13759,15832
454,2019-08-30,2078,14357,16435
454,2019-08-31,772,10904,11676
454,2019-09-01,483,9888,10371
454,2019-09-02,2042,13270,15312
454,2019-09-03,2144,13585,15729
454,2019-09-04,2029,13895,15924
454,2019-09-05,2106,13890,15996
454,2019-09-06,2227,14304,16531
454,2019-09-07,767,10122,10889
454,2019-09-08,463,9296,9759
454,2019-09-09,2014,13634,15648
454,2019-09-10,2165,14308,16473
454,2019-09-11,2128,14522,16650
454,2019-09-12,2172,14753,16925
454,2019-09-13,2273,15049,17322
454,2019-09-14,843,11607,12450
454,2019-09-15,522,11178,11700
454,2019-09-16,2217,14246,16463
454,2019-09-17,2289,15057,17346
454,2019-09-18,2158,14508,16666
454,2019-09-19,2117,14762,16879
454,2019-09-20,2035,15025,17060
454,2019-09-21,750,11770,12520
454,2019-09-22,371,9675,10046
454,2019-09-23,1979,13509,15488
454,2019-09-24,2039,14230,16269
454,2019-09-25,1945,14290,16235
454,2019-09-26,1926,14551,16477
454,2019-09-27,1990,15081,17071
454,2019-09-28,706,11323,12029
454,2019-09-29,283,9222,9505
454,2019-09-30,1925,13827,15752
454,2019-10-01,1856,14064,15920
454,2019-10-02,1849,14219,16068
454,2019-10-03,2015,14761,16776
454,2019-10-04,1763,14765,16528
454,2019-10-05,697,11135,11832
454,2019-10-06,226,9369,9595
454,2019-10-07,1775,13322,15097
454,2019-10-08,1785,13564,15349
454,2019-10-09,1853,13299,15152
454,2019-10-10,1817,13821,15638
454,2019-10-11,1876,14163,16039
454,2019-10-12,665,10367,11032
454,2019-10-13,307,9603,9910
454,2019-10-14,1839,13540,15379
454,2019-10-15,1844,13968,15812
454,2019-10-16,2039,13848,15887
454,2019-10-17,1885,14000,15885
454,2019-10-18,2018,14415,16433
454,2019-10-19,539,10313,10852
454,2019-10-20,193,8295,8488
454,2019-10-21,1949,13504,15453
454,2019-10-22,2114,14145,16259
454,2019-10-23,1958,14224,16182
454,2019-10-24,1964,14945,16909
454,2019-10-25,2101,15162,17263
454,2019-10-26,782,11265,12047
454,2019-10-27,348,9516,9864
454,2019-10-28,1788,12897,14685
454,2019-10-29,1884,13626,15510
454,2019-10-30,2002,13856,15858
454,2019-11-01,367,8835,9202
454,2019-11-02,573,10170,10743
454,2019-11-03,293,8438,8731
454,2019-11-04,1786,13212,14998
454,2019-11-05,1861,13741,15602
454,2019-11-06,1848,13742,15590
454,2019-11-07,1684,14039,15723
454,2019-11-08,1967,14898,16865
454,2019-11-09,630,10597,11227
454,2019-11-10,250,9254,9504
454,2019-11-11,1603,13472,15075
454,2019-11-12,1762,13761,15523
454,2019-11-13,1809,13878,15687
454,2019-11-14,1834,14126,15960
454,2019-11-15,1894,14353,16247
454,2019-11-16,680,10783,11463
454,2019-11-17,243,8584,8827
454,2019-11-18,1566,12837,14403
454,2019-11-19,1923,13803,15726
454,2019-11-20,1952,13809,15761
454,2019-11-21,1902,14355,16257
454,2019-11-22,1795,14537,16332
454,2019-11-23,642,10918,11560
454,2019-11-24,232,8912,9144
454,2019-11-25,1869,13511,15380
454,2019-11-26,1931,14238,16169
454,2019-11-27,1762,14159,15921
454,2019-11-28,1744,14400,16144
454,2019-11-29,1985,15085,17070
454,2019-11-30,628,10999,11627
454,2019-12-01,182,7640,7822
454,2019-12-02,1845,13068,14913
454,2019-12-03,1901,13932,15833
454,2019-12-04,2032,13681,15713
454,2019-12-05,2002,14463,16465
454,2019-12-06,1833,13672,15505
454,2019-12-07,505,10133,10638
454,2019-12-08,203,8065,8268
454,2019-12-09,1738,13362,15100
454,2019-12-10,2011,14031,16042
454,2019-12-11,1886,13764,15650
454,2019-12-12,2043,14302,16345
454,2019-12-13,1713,14545,16258
454,2019-12-14,563,10288,10851
454,2019-12-15,246,8840,9086
454,2019-12-16,1700,13775,15475
454,2019-12-17,1883,14515,16398
454,2019-12-18,1871,14250,16121
454,2019-12-19,1841,14811,16652
454,2019-12-20,1435,14305,15740
454,2019-12-21,530,9936,10466
454,2019-12-22,164,8192,8356
454,2019-12-23,914,11180,12094
454,2019-12-24,660,9277,9937
454,2019-12-25,118,7033,7151
454,2019-12-26,184,6951,7135
454,2019-12-27,754,9950,10704
454,2019-12-28,455,8543,8998
454,2019-12-29,187,7500,7687
454,2019-12-30,796,9988,10784
454,2019-12-31,682,8608,9290
459,2019-01-01,19,1393,1412
459,2019-01-02,112,3035,3147
459,2019-01-03,108,3340,3448
459,2019-01-04,118,3411,3529
459,2019-01-05,69,2321,2390
459,2019-01-06,20,1693,1713
459,2019-01-07,186,3973,4159
459,2019-01-08,155,4170,4325
459,2019-01-09,203,4150,4353
459,2019-01-10,185,4284,4469
459,2019-01-11,176,4151,4327
459,2019-01-12,68,2657,2725
459,2019-01-13,17,1608,1625
459,2019-01-14,187,4214,4401
459,2019-01-15,179,4486,4665
459,2019-01-16,217,4466,4683
459,2019-01-17,161,4350,4511
459,2019-01-19,86,2905,2991
459,2019-01-20,23,1997,2020
459,2019-01-21,185,4278,4463
459,2019-01-22,188,4325,4513
459,2019-01-23,191,4177,4368
459,2019-01-24,195,4328,4523
459,2019-01-25,176,4072,4248
459,2019-01-26,81,2601,2682
459,2019-01-27,15,1710,1725
459,2019-01-28,178,4157,4335
459,2019-01-29,185,4461,4646
459,2019-01-30,135,3759,3894
459,2019-01-31,145,3873,4018
459,2019-02-02,79,2495,2574
459,2019-02-03,15,1864,1879
459,2019-02-04,202,4113,4315
459,2019-02-05,189,4359,4548
459,2019-02-06,212,4309,4521
459,2019-02-07,154,4316,4470
459,2019-02-08,178,4498,4676
459,2019-02-09,71,2663,2734
459,2019-02-10,17,1833,1850
459,2019-02-11,193,4261,4454
459,2019-02-12,190,4427,4617
459,2019-02-13,200,4593,4793
459,2019-02-14,188,4455,4643
459,2019-02-16,89,2510,2599
459,2019-02-17,16,1821,1837
459,2019-02-18,111,3729,3840
459,2019-02-19,102,3842,3944
459,2019-02-20,117,3779,3896
459,2019-02-21,105,3770,3875
459,2019-02-22,113,3693,3806
459,2019-02-23,76,2527,2603
459,2019-02-24,17,2193,2210
459,2019-02-25,209,4199,4408
459,2019-02-26,209,4429,4638
459,2019-02-27,212,4506,4718
459,2019-02-28,178,4371,4549
459,2019-03-01,185,4181,4366
459,2019-03-03,21,1894,1915
459,2019-03-04,177,3892,4069
459,2019-03-05,154,4282,4436
459,2019-03-06,186,4343,4529
459,2019-03-07,163,4308,4471
459,2019-03-08,190,4438,4628
459,2019-03-09,79,2712,2791
459,2019-03-10,32,1808,1840
459,2019-03-11,195,4110,4305
459,2019-03-12,200,4812,5012
459,2019-03-13,188,4373,4561
459,2019-03-14,158,4316,4474
459,2019-03-15,160,4318,4478
459,2019-03-17,16,1940,1956
459,2019-03-18,211,4138,4349
459,2019-03-19,216,4668,4884
459,2019-03-20,208,4587,4795
459,2019-03-21,203,4614,4817
459,2019-03-22,211,4483,4694
459,2019-03-23,95,2981,3076
459,2019-03-24,23,2214,2237
459,2019-03-25,203,4360,4563
459,2019-03-26,209,4562,4771
459,2019-03-27,207,4584,4791
459,2019-03-28,244,4470,4714
459,2019-03-29,211,4821,5032
459,2019-04-01,192,4447,4639
459,2019-04-02,198,4423,4621
459,2019-04-03,188,4440,4628
459,2019-04-04,188,4561,4749
459,2019-04-05,212,4438,4650
459,2019-04-07,19,1927,1946
459,2019-04-08,144,4080,4224
459,2019-04-09,144,4245,4389
459,2019-04-10,162,4125,4287
459,2019-04-11,168,4267,4435
459,2019-04-12,184,4085,4269
459,2019-04-13,120,2517,2637
459,2019-04-14,39,1724,1763
459,2019-04-15,170,4060,4230
459,2019-04-16,151,4107,4258
459,2019-04-17,153,4406,4559
459,2019-04-18,150,4229,4379
459,2019-04-19,150,4178,4328
459,2019-04-20,99,2716,2815
459,2019-04-21,23,2185,2208
459,2019-06-20,13,204,217
459,2019-06-21,471,4220,4691
459,2019-06-22,175,2666,2841
459,2019-06-23,73,2150,2223
459,2019-06-24,423,4139,4562
459,2019-06-25,415,4351,4766
459,2019-06-26,431,4260,4691
459,2019-06-27,458,4500,4958
459,2019-06-28,476,4639,5115
459,2019-06-29,240,3525,3765
459,2019-06-30,77,2571,2648
459,2019-07-01,431,4654,5085
459,2019-07-02,418,4546,4964
459,2019-07-03,418,4566,4984
459,2019-07-04,426,4497,4923
459,2019-07-05,457,4403,4860
459,2019-07-06,188,2811,2999
459,2019-07-07,82,2288,2370
459,2019-07-08,464,4262,4726
459,2019-07-09,464,4408,4872
459,2019-07-10,378,4418,4796
459,2019-07-11,365,4471,4836
459,2019-07-12,375,4277,4652
459,2019-07-13,219,2734,2953
459,2019-07-14,68,2095,2163
459,2019-07-15,344,4061,4405
459,2019-07-16,323,4127,4450
459,2019-07-17,313,4165,4478
459,2019-07-18,340,4185,4525
459,2019-07-19,304,3988,4292
459,2019-07-20,211,2685,2896
459,2019-07-21,63,2187,2250
459,2019-07-22,281,3746,4027
459,2019-07-23,317,3864,4181
459,2019-07-24,304,3959,4263
459,2019-07-25,294,3785,4079
459,2019-07-26,261,3637,3898
459,2019-07-27,169,2318,2487
459,2019-07-28,57,1775,1832
459,2019-07-29,248,3619,3867
459,2019-07-30,243,3592,3835
459,2019-07-31,269,3679,3948
459,2019-08-01,230,3778,4008
459,2019-08-02,267,3590,3857
459,2019-08-03,196,2339,2535
459,2019-08-04,55,1863,1918
459,2019-08-05,232,3316,3548
459,2019-08-06,251,3329,3580
459,2019-08-07,259,3558,3817
459,2019-08-08,251,3549,3800
459,2019-08-09,270,3443,3713
459,2019-08-10,231,2190,2421
459,2019-08-11,79,1847,1926
459,2019-08-12,250,3404,3654
459,2019-08-13,272,3521,3793
459,2019-08-14,260,3557,3817
459,2019-08-15,198,2152,2350
459,2019-08-16,249,3192,3441
459,2019-08-17,171,2073,2244
459,2019-08-18,60,1665,1725
459,2019-08-19,247,3543,3790
459,2019-08-20,292,3687,3979
459,2019-08-21,276,3987,4263
459,2019-08-22,274,3950,4224
459,2019-08-23,262,3693,3955
459,2019-08-24,217,2610,2827
459,2019-08-25,80,2021,2101
459,2019-08-26,276,3870,4146
459,2019-08-27,304,4056,4360
459,2019-08-28,330,3896,4226
459,2019-08-29,337,3946,4283
459,2019-08-30,304,3982,4286
459,2019-08-31,225,2613,2838
459,2019-09-01,93,2167,2260
459,2019-09-02,339,3929,4268
459,2019-09-03,327,3976,4303
459,2019-09-04,341,4086,4427
459,2019-09-05,331,4081,4412
459,2019-09-06,351,3901,4252
459,2019-09-07,287,2056,2343
459,2019-09-08,133,1573,1706
459,2019-09-09,325,4086,4411
459,2019-09-10,349,3428,3777
459,2019-09-11,376,3157,3533
459,2019-09-12,312,3771,4083
459,2019-09-13,342,4074,4416
459,2019-09-14,230,2655,2885
459,2019-09-15,80,2524,2604
459,2019-09-16,395,4165,4560
459,2019-09-17,426,4286,4712
459,2019-09-18,477,4538,5015
459,2019-09-19,470,4613,5083
459,2019-09-20,444,4367,4811
459,2019-09-21,215,3059,3274
459,2019-09-22,62,2204,2266
459,2019-09-23,420,4483,4903
459,2019-09-24,454,4428,4882
459,2019-09-25,409,4417,4826
459,2019-09-26,399,4311,4710
459,2019-09-27,411,4281,4692
459,2019-09-28,204,2840,3044
459,2019-09-29,74,2163,2237
459,2019-09-30,431,4247,4678
459,2019-10-01,378,4278,4656
459,2019-10-02,418,4335,4753
459,2019-10-03,484,4355,4839
459,2019-10-04,431,4267,4698
459,2019-10-05,226,2578,2804
459,2019-10-06,59,2070,2129
459,2019-10-07,408,4040,4448
459,2019-10-08,410,4242,4652
459,2019-10-09,450,4158,4608
459,2019-10-10,436,4334,4770
459,2019-10-11,416,4344,4760
459,2019-10-12,202,3087,3289
459,2019-10-13,76,2786,2862
459,2019-10-14,418,4332,4750
459,2019-10-15,417,4450,4867
459,2019-10-16,414,4521,4935
459,2019-10-17,431,4375,4806
459,2019-10-18,440,4367,4807
459,2019-10-19,185,2757,2942
459,2019-10-20,66,2159,2225
459,2019-10-21,442,4167,4609
459,2019-10-22,462,4342,4804
459,2019-10-23,472,4450,4922
459,2019-10-24,476,4510,4986
459,2019-10-25,496,4435,4931
459,2019-10-26,200,2880,3080
459,2019-10-27,61,1872,1933
459,2019-10-28,330,4073,4403
459,2019-10-29,348,4005,4353
459,2019-10-30,346,4022,4368
459,2019-11-01,42,2047,2089
459,2019-11-02,165,2451,2616
459,2019-11-03,45,1687,1732
459,2019-11-04,439,4233,4672
459,2019-11-05,515,4316,4831
459,2019-11-06,506,4315,4821
459,2019-11-07,463,4385,4848
459,2019-11-08,514,4388,4902
459,2019-11-09,197,2954,3151
459,2019-11-10,47,2035,2082
459,2019-11-11,483,4202,4685
459,2019-11-12,509,4370,4879
459,2019-11-13,474,4369,4843
459,2019-11-14,492,4390,4882
459,2019-11-15,493,4360,4853
459,2019-11-16,177,2739,2916
459,2019-11-17,58,2277,2335
459,2019-11-18,477,4243,4720
459,2019-11-19,465,4549,5014
459,2019-11-20,474,4531,5005
459,2019-11-21,443,4401,4844
459,2019-11-22,439,4415,4854
459,2019-11-23,174,3056,3230
459,2019-11-24,70,2371,2441
459,2019-11-25,456,4176,4632
459,2019-11-26,421,4358,4779
459,2019-11-27,456,4459,4915
459,2019-11-28,411,4344,4755
459,2019-11-29,427,4446,4873
459,2019-11-30,188,2929,3117
459,2019-12-01,47,1948,1995
459,2019-12-02,428,4187,4615
459,2019-12-03,441,4371,4812
459,2019-12-04,422,4504,4926
459,2019-12-05,462,4475,4937
459,2019-12-06,401,4182,4583
459,2019-12-07,196,2745,2941
459,2019-12-08,47,1863,1910
459,2019-12-09,460,4241,4701
459,2019-12-10,425,4419,4844
459,2019-12-11,423,4379,4802
459,2019-12-12,465,4435,4900
459,2019-12-13,413,4247,4660
459,2019-12-14,183,2774,2957
459,2019-12-15,41,2097,2138
459,2019-12-16,429,4271,4700
459,2019-12-17,389,4446,4835
459,2019-12-18,439,4281,4720
459,2019-12-19,392,4483,4875
459,2019-12-20,401,4153,4554
459,2019-12-21,189,2489,2678
459,2019-12-22,41,1831,1872
459,2019-12-23,218,3400,3618
459,2019-12-24,199,2979,3178
459,2019-12-25,31,1570,1601
459,2019-12-26,49,1422,1471
459,2019-12-27,201,2803,3004
459,2019-12-28,172,2030,2202
459,2019-12-29,45,1499,1544
459,2019-12-30,209,2948,3157
459,2019-12-31,226,2727,2953
460,2019-01-01,NA,774,NA
460,2019-01-02,10,2302,2312
460,2019-01-03,18,2629,2647
460,2019-01-04,27,2625,2652
460,2019-01-05,10,1352,1362
460,2019-01-06,4,977,981
460,2019-01-07,29,3332,3361
460,2019-01-08,27,3498,3525
460,2019-01-09,27,3399,3426
460,2019-01-10,28,3570,3598
460,2019-01-11,28,3326,3354
460,2019-01-12,6,1508,1514
460,2019-01-13,5,937,942
460,2019-01-14,25,3427,3452
460,2019-01-15,18,3565,3583
460,2019-01-16,26,3638,3664
460,2019-01-17,30,3684,3714
460,2019-01-18,22,3513,3535
460,2019-01-19,9,1509,1518
460,2019-01-20,4,1006,1010
460,2019-01-21,37,3388,3425
460,2019-01-22,36,3395,3431
460,2019-01-23,22,3175,3197
460,2019-01-24,34,3440,3474
460,2019-01-25,43,3233,3276
460,2019-01-26,17,1463,1480
460,2019-01-27,NA,1016,NA
460,2019-01-28,22,3302,3324
460,2019-01-29,33,3510,3543
460,2019-01-30,14,2646,2660
460,2019-01-31,22,1872,1894
460,2019-02-01,15,2596,2611
460,2019-02-02,12,1337,1349
460,2019-02-03,2,1035,1037
460,2019-02-04,28,3403,3431
460,2019-02-05,35,3651,3686
460,2019-02-06,41,3503,3544
460,2019-02-07,18,3669,3687
460,2019-02-08,24,3582,3606
460,2019-02-09,12,1568,1580
460,2019-02-10,NA,952,NA
460,2019-02-11,34,3401,3435
460,2019-02-12,21,3488,3509
460,2019-02-13,34,3470,3504
460,2019-02-14,34,3559,3593
460,2019-02-15,20,3342,3362
460,2019-02-16,7,1552,1559
460,2019-02-17,3,1108,1111
460,2019-02-18,62,3051,3113
460,2019-02-19,26,3066,3092
460,2019-02-20,68,3044,3112
460,2019-02-21,38,3077,3115
460,2019-02-22,29,3013,3042
460,2019-02-23,23,1649,1672
460,2019-02-24,2,1216,1218
460,2019-02-25,28,3532,3560
460,2019-02-26,23,3865,3888
460,2019-02-27,42,3638,3680
460,2019-02-28,32,3795,3827
460,2019-03-01,49,3760,3809
460,2019-03-02,8,1679,1687
460,2019-03-03,2,1086,1088
460,2019-03-04,32,2858,2890
460,2019-03-05,30,3574,3604
460,2019-03-06,45,3751,3796
460,2019-03-07,36,3976,4012
460,2019-03-08,32,3702,3734
460,2019-03-09,23,1552,1575
460,2019-03-10,3,961,964
460,2019-03-11,49,3665,3714
460,2019-03-12,35,3839,3874
460,2019-03-13,26,3689,3715
460,2019-03-14,25,3886,3911
460,2019-03-15,25,3827,3852
460,2019-03-16,10,1556,1566
460,2019-03-17,4,1147,1151
460,2019-03-18,31,3708,3739
460,2019-03-19,39,3807,3846
460,2019-03-20,44,3803,3847
460,2019-03-21,25,3995,4020
460,2019-03-22,27,4134,4161
460,2019-03-23,13,1781,1794
460,2019-03-24,5,1298,1303
460,2019-03-25,43,3653,3696
460,2019-03-26,50,3908,3958
460,2019-03-27,38,3981,4019
460,2019-03-28,61,4094,4155
460,2019-03-29,59,3955,4014
460,2019-03-30,32,1926,1958
460,2019-04-01,34,3846,3880
460,2019-04-02,41,3946,3987
460,2019-04-03,39,3844,3883
460,2019-04-05,50,3807,3857
460,2019-04-06,27,1618,1645
460,2019-04-07,8,1249,1257
460,2019-04-08,28,3402,3430
460,2019-04-09,29,3626,3655
460,2019-04-10,34,3533,3567
460,2019-04-11,30,3556,3586
460,2019-04-12,36,3517,3553
460,2019-04-13,28,1778,1806
460,2019-04-14,4,1155,1159
460,2019-04-15,44,3444,3488
460,2019-04-16,47,3512,3559
460,2019-04-17,57,3468,3525
460,2019-04-18,45,3495,3540
460,2019-04-19,30,3085,3115
460,2019-04-20,25,1820,1845
460,2019-04-21,4,1381,1385
460,2019-04-22,9,1293,1302
460,2019-04-23,57,3828,3885
460,2019-04-24,59,3851,3910
460,2019-04-25,39,3962,4001
460,2019-04-26,51,4062,4113
460,2019-04-27,14,1983,1997
460,2019-04-28,8,1273,1281
460,2019-04-29,44,3886,3930
460,2019-04-30,41,4238,4279
460,2019-05-01,17,1387,1404
460,2019-05-02,59,4050,4109
460,2019-05-03,57,3943,4000
460,2019-05-04,14,1744,1758
460,2019-05-05,3,1342,1345
460,2019-05-06,61,3999,4060
460,2019-05-07,58,4196,4254
460,2019-05-08,51,4003,4054
460,2019-05-09,8,1291,1299
460,2019-05-10,33,3259,3292
460,2019-05-11,11,1741,1752
460,2019-05-12,9,1357,1366
460,2019-05-13,40,3876,3916
460,2019-05-14,39,4095,4134
460,2019-05-15,68,4002,4070
460,2019-05-16,38,4073,4111
460,2019-05-17,188,4075,4263
460,2019-05-18,47,2004,2051
460,2019-05-19,4,1345,1349
460,2019-05-20,46,3957,4003
460,2019-05-21,70,4140,4210
460,2019-05-22,74,4091,4165
460,2019-05-23,38,4266,4304
460,2019-05-24,42,4196,4238
460,2019-05-25,31,1976,2007
460,2019-05-26,6,1342,1348
460,2019-05-27,35,3920,3955
460,2019-05-28,47,3826,3873
460,2019-05-29,58,3781,3839
460,2019-05-30,14,1342,1356
460,2019-05-31,38,2785,2823
460,2019-06-01,40,1774,1814
460,2019-06-02,19,1450,1469
460,2019-06-03,48,3903,3951
460,2019-06-04,45,4079,4124
460,2019-06-05,43,4110,4153
460,2019-06-06,46,4241,4287
460,2019-06-07,51,4095,4146
460,2019-06-08,29,1981,2010
460,2019-06-09,13,1432,1445
460,2019-06-10,6,1213,1219
460,2019-06-11,52,4027,4079
460,2019-06-12,49,4196,4245
460,2019-06-13,42,4191,4233
460,2019-06-14,42,4222,4264
460,2019-06-15,13,2087,2100
460,2019-06-16,15,2012,2027
460,2019-06-17,30,3940,3970
460,2019-06-18,45,4038,4083
460,2019-06-19,40,4116,4156
460,2019-06-20,58,3963,4021
460,2019-06-21,83,4066,4149
460,2019-06-22,24,1744,1768
460,2019-06-23,6,1301,1307
460,2019-06-24,47,4011,4058
460,2019-06-25,36,4260,4296
460,2019-06-26,115,4162,4277
460,2019-06-27,34,4407,4441
460,2019-06-28,45,4599,4644
460,2019-06-29,34,2137,2171
460,2019-06-30,6,1643,1649
460,2019-07-01,37,4016,4053
460,2019-07-02,44,4198,4242
460,2019-07-03,35,3923,3958
460,2019-07-04,43,4217,4260
460,2019-07-05,50,4066,4116
460,2019-07-06,37,2167,2204
460,2019-07-07,5,1582,1587
460,2019-07-08,52,3707,3759
460,2019-07-09,77,3872,3949
460,2019-07-10,49,3800,3849
460,2019-07-11,26,3964,3990
460,2019-07-12,26,3868,3894
460,2019-07-13,13,1768,1781
460,2019-07-14,9,1442,1451
460,2019-07-15,43,3623,3666
460,2019-07-16,51,3823,3874
460,2019-07-17,49,3719,3768
460,2019-07-18,45,3831,3876
460,2019-07-19,26,3856,3882
460,2019-07-20,17,1721,1738
460,2019-07-21,6,1363,1369
460,2019-07-22,40,3481,3521
460,2019-07-23,48,3585,3633
460,2019-07-24,47,3499,3546
460,2019-07-25,39,3293,3332
460,2019-07-26,40,3195,3235
460,2019-07-27,22,1497,1519
460,2019-07-28,8,1171,1179
460,2019-07-29,41,3204,3245
460,2019-07-30,36,3259,3295
460,2019-07-31,37,3192,3229
460,2019-08-01,38,3165,3203
460,2019-08-02,29,3157,3186
460,2019-08-03,31,1490,1521
460,2019-08-04,38,1358,1396
460,2019-08-05,31,2909,2940
460,2019-08-06,17,2881,2898
460,2019-08-07,16,2925,2941
460,2019-08-08,21,2988,3009
460,2019-08-09,46,2857,2903
460,2019-08-10,10,1646,1656
460,2019-08-11,5,1176,1181
460,2019-08-12,12,2839,2851
460,2019-08-13,15,2894,2909
460,2019-08-14,25,2980,3005
460,2019-08-15,4,1297,1301
460,2019-08-16,40,2595,2635
460,2019-08-17,30,1341,1371
460,2019-08-18,2,1055,1057
460,2019-08-19,17,2981,2998
460,2019-08-20,25,3018,3043
460,2019-08-21,24,3090,3114
460,2019-08-22,24,3172,3196
460,2019-08-23,14,3142,3156
460,2019-08-24,26,1709,1735
460,2019-08-25,13,1248,1261
460,2019-08-26,17,3184,3201
460,2019-08-27,21,3579,3600
460,2019-08-28,41,3783,3824
460,2019-08-29,24,3886,3910
460,2019-08-30,26,3473,3499
460,2019-08-31,19,1797,1816
460,2019-09-01,2,1371,1373
460,2019-09-02,26,3372,3398
460,2019-09-03,29,3586,3615
460,2019-09-04,24,3809,3833
460,2019-09-05,45,3711,3756
460,2019-09-06,47,3769,3816
460,2019-09-07,24,2144,2168
460,2019-09-08,7,1538,1545
460,2019-09-09,21,3565,3586
460,2019-09-10,28,3481,3509
460,2019-09-11,37,3403,3440
460,2019-09-12,41,3533,3574
460,2019-09-13,47,3594,3641
460,2019-09-14,24,2096,2120
460,2019-09-15,8,1616,1624
460,2019-09-16,31,3767,3798
460,2019-09-17,42,3941,3983
460,2019-09-18,40,3922,3962
460,2019-09-19,16,4024,4040
460,2019-09-20,42,3933,3975
460,2019-09-21,41,1905,1946
460,2019-09-22,15,1365,1380
460,2019-09-23,32,3801,3833
460,2019-09-24,31,4058,4089
460,2019-09-25,38,3793,3831
460,2019-09-26,19,4046,4065
460,2019-09-27,27,3966,3993
460,2019-09-28,30,1866,1896
460,2019-09-29,3,1555,1558
460,2019-09-30,34,3976,4010
460,2019-10-01,31,4153,4184
460,2019-10-02,20,4122,4142
460,2019-10-03,29,4147,4176
460,2019-10-04,36,3975,4011
460,2019-10-05,10,2109,2119
460,2019-10-06,4,1406,1410
460,2019-10-07,37,3878,3915
460,2019-10-08,15,3850,3865
460,2019-10-09,43,3930,3973
460,2019-10-10,23,4192,4215
460,2019-10-11,51,3875,3926
460,2019-10-12,34,1791,1825
460,2019-10-13,13,1461,1474
460,2019-10-14,99,3793,3892
460,2019-10-15,29,3948,3977
460,2019-10-16,25,3802,3827
460,2019-10-17,27,3954,3981
460,2019-10-18,41,4010,4051
460,2019-10-19,8,1724,1732
460,2019-10-20,3,1251,1254
460,2019-10-21,37,3715,3752
460,2019-10-22,32,3897,3929
460,2019-10-23,50,3930,3980
460,2019-10-24,56,4123,4179
460,2019-10-25,59,3954,4013
460,2019-10-26,8,1972,1980
460,2019-10-27,12,1391,1403
460,2019-10-28,55,3645,3700
460,2019-10-29,84,3709,3793
460,2019-10-30,44,3840,3884
460,2019-11-01,8,1237,1245
460,2019-11-02,12,1571,1583
460,2019-11-03,14,1216,1230
460,2019-11-04,31,3779,3810
460,2019-11-05,27,4028,4055
460,2019-11-06,36,4095,4131
460,2019-11-07,28,4192,4220
460,2019-11-08,43,4053,4096
460,2019-11-09,19,2210,2229
460,2019-11-10,6,1429,1435
460,2019-11-11,81,4215,4296
460,2019-11-12,113,4381,4494
460,2019-11-13,54,4307,4361
460,2019-11-14,36,4647,4683
460,2019-11-15,39,4496,4535
460,2019-11-16,14,2066,2080
460,2019-11-17,11,1380,1391
460,2019-11-18,29,4126,4155
460,2019-11-19,40,4368,4408
460,2019-11-20,43,4289,4332
460,2019-11-21,39,4637,4676
460,2019-11-22,34,4733,4767
460,2019-11-23,14,2125,2139
460,2019-11-24,8,1609,1617
460,2019-11-25,38,4210,4248
460,2019-11-26,29,4650,4679
460,2019-11-27,33,4406,4439
460,2019-11-28,30,4609,4639
460,2019-11-29,33,4588,4621
460,2019-11-30,22,1955,1977
460,2019-12-01,5,1171,1176
460,2019-12-02,51,4341,4392
460,2019-12-03,42,4535,4577
460,2019-12-04,41,4492,4533
460,2019-12-05,39,4522,4561
460,2019-12-06,29,4491,4520
460,2019-12-07,15,2086,2101
460,2019-12-08,4,1341,1345
460,2019-12-09,42,4764,4806
460,2019-12-10,39,4690,4729
460,2019-12-11,29,4538,4567
460,2019-12-12,36,4902,4938
460,2019-12-13,29,4715,4744
460,2019-12-14,8,2127,2135
460,2019-12-15,3,1490,1493
460,2019-12-16,37,4612,4649
460,2019-12-17,39,4328,4367
460,2019-12-18,46,4549,4595
460,2019-12-19,44,4636,4680
460,2019-12-20,20,4414,4434
460,2019-12-21,5,1977,1982
460,2019-12-22,NA,1289,NA
460,2019-12-23,15,3090,3105
460,2019-12-24,8,1959,1967
460,2019-12-25,2,1113,1115
460,2019-12-26,3,1062,1065
460,2019-12-27,6,2325,2331
460,2019-12-28,9,1484,1493
460,2019-12-29,4,1122,1126
460,2019-12-30,36,2487,2523
460,2019-12-31,30,1914,1944
463,2019-01-01,61,3902,3963
463,2019-01-02,276,7053,7329
463,2019-01-03,300,7793,8093
463,2019-01-04,332,8208,8540
463,2019-01-05,225,6240,6465
463,2019-01-06,75,4853,4928
463,2019-01-07,397,8945,9342
463,2019-01-08,410,9211,9621
463,2019-01-09,414,9233,9647
463,2019-01-10,392,9359,9751
463,2019-01-11,407,9405,9812
463,2019-01-12,220,6635,6855
463,2019-01-13,65,4899,4964
463,2019-01-14,416,9435,9851
463,2019-01-15,401,9760,10161
463,2019-01-16,473,9843,10316
463,2019-01-18,452,10384,10836
463,2019-01-19,218,7168,7386
463,2019-01-20,78,5576,5654
463,2019-01-21,476,9685,10161
463,2019-01-22,521,9601,10122
463,2019-01-23,498,9319,9817
463,2019-01-24,451,9754,10205
463,2019-01-25,508,10029,10537
463,2019-01-26,240,6733,6973
463,2019-01-27,89,4827,4916
463,2019-01-28,464,9475,9939
463,2019-01-29,467,9855,10322
463,2019-01-30,376,8318,8694
463,2019-02-01,424,9912,10336
463,2019-02-02,227,7032,7259
463,2019-02-03,68,5523,5591
463,2019-02-04,455,9850,10305
463,2019-02-05,464,10353,10817
463,2019-02-06,500,10085,10585
463,2019-02-07,439,10180,10619
463,2019-02-08,494,10512,11006
463,2019-02-09,232,7318,7550
463,2019-02-10,58,4984,5042
463,2019-02-11,422,10078,10500
463,2019-02-12,486,10115,10601
463,2019-02-13,518,10076,10594
463,2019-02-15,477,10973,11450
463,2019-02-16,247,7569,7816
463,2019-02-17,64,7637,7701
463,2019-02-18,451,9409,9860
463,2019-02-19,486,9282,9768
463,2019-02-20,517,9510,10027
463,2019-02-21,486,9516,10002
463,2019-02-22,459,9753,10212
463,2019-02-23,260,7512,7772
463,2019-02-24,80,7643,7723
463,2019-02-25,527,9918,10445
463,2019-02-26,523,10646,11169
463,2019-02-27,513,10792,11305
463,2019-03-01,514,10690,11204
463,2019-03-02,260,7940,8200
463,2019-03-03,74,5929,6003
463,2019-03-04,412,9336,9748
463,2019-03-05,463,9995,10458
463,2019-03-06,513,10342,10855
463,2019-03-07,420,11112,11532
463,2019-03-08,434,11714,12148
463,2019-03-09,246,7772,8018
463,2019-03-10,58,5652,5710
463,2019-03-11,440,10544,10984
463,2019-03-12,525,10843,11368
463,2019-03-13,460,10534,10994
463,2019-03-15,494,11190,11684
463,2019-03-16,240,7511,7751
463,2019-03-17,85,5416,5501
463,2019-03-18,503,9928,10431
463,2019-03-19,536,10420,10956
463,2019-03-20,534,10434,10968
463,2019-03-21,528,10996,11524
463,2019-03-22,558,11439,11997
463,2019-03-23,268,9038,9306
463,2019-03-24,82,7132,7214
463,2019-03-25,528,10252,10780
463,2019-03-26,532,10905,11437
463,2019-03-27,542,11068,11610
463,2019-03-29,553,11823,12376
463,2019-03-30,255,9329,9584
463,2019-04-01,524,10578,11102
463,2019-04-02,533,10506,11039
463,2019-04-03,563,10409,10972
463,2019-04-05,565,11391,11956
463,2019-04-06,277,8239,8516
463,2019-04-07,89,6588,6677
463,2019-04-08,475,10027,10502
463,2019-04-09,444,10102,10546
463,2019-04-10,474,10124,10598
463,2019-04-12,549,10844,11393
463,2019-04-13,269,7448,7717
463,2019-04-14,77,5702,5779
463,2019-04-15,508,10186,10694
463,2019-04-16,457,9843,10300
463,2019-04-17,513,10306,10819
463,2019-04-18,492,10952,11444
463,2019-04-19,438,11075,11513
463,2019-04-20,259,8460,8719
463,2019-04-21,67,7915,7982
463,2019-04-22,90,7400,7490
463,2019-04-23,480,10616,11096
463,2019-04-24,428,10686,11114
463,2019-04-26,537,11241,11778
463,2019-04-27,230,7906,8136
463,2019-04-28,80,6107,6187
463,2019-04-29,510,10417,10927
463,2019-04-30,542,11530,12072
463,2019-05-01,99,8289,8388
463,2019-05-02,532,10759,11291
463,2019-05-03,614,11144,11758
463,2019-05-04,266,7491,7757
463,2019-05-05,113,6750,6863
463,2019-05-06,561,11133,11694
463,2019-05-07,600,11629,12229
463,2019-05-08,504,10981,11485
463,2019-05-10,528,10149,10677
463,2019-05-11,248,7450,7698
463,2019-05-12,102,7428,7530
463,2019-05-13,578,10389,10967
463,2019-05-14,637,12079,12716
463,2019-05-15,628,11923,12551
463,2019-05-16,535,11745,12280
463,2019-05-17,618,12028,12646
463,2019-05-18,319,8960,9279
463,2019-05-19,94,8216,8310
463,2019-05-20,591,11067,11658
463,2019-05-21,569,10416,10985
463,2019-05-22,574,10882,11456
463,2019-05-24,569,11733,12302
463,2019-05-25,272,8370,8642
463,2019-05-26,80,7774,7854
463,2019-05-27,402,10556,10958
463,2019-05-28,424,10814,11238
463,2019-05-29,475,11083,11558
463,2019-05-30,73,5874,5947
463,2019-05-31,387,9792,10179
463,2019-06-01,262,8204,8466
463,2019-06-02,102,8453,8555
463,2019-06-03,507,10532,11039
463,2019-06-04,537,10790,11327
463,2019-06-05,490,11294,11784
463,2019-11-15,734,11797,12531
463,2019-11-16,336,8399,8735
463,2019-11-17,93,5976,6069
463,2019-11-18,622,9896,10518
463,2019-11-19,663,10575,11238
463,2019-11-20,781,10910,11691
463,2019-11-21,711,11340,12051
463,2019-11-22,699,11764,12463
463,2019-11-23,316,8099,8415
463,2019-11-24,84,6385,6469
463,2019-11-25,713,10535,11248
463,2019-11-26,618,10468,11086
463,2019-11-27,640,10676,11316
463,2019-11-28,710,11273,11983
463,2019-11-29,718,11650,12368
463,2019-11-30,325,8490,8815
463,2019-12-01,97,5709,5806
463,2019-12-02,739,10777,11516
463,2019-12-03,825,11020,11845
463,2019-12-04,855,11429,12284
463,2019-12-05,799,11286,12085
463,2019-12-06,643,10960,11603
463,2019-12-07,283,8171,8454
463,2019-12-08,67,5919,5986
463,2019-12-09,702,10683,11385
463,2019-12-10,728,11026,11754
463,2019-12-11,738,10952,11690
463,2019-12-12,757,11610,12367
463,2019-12-13,733,11757,12490
463,2019-12-14,299,8486,8785
463,2019-12-15,85,6278,6363
463,2019-12-16,663,10983,11646
463,2019-12-17,679,11256,11935
463,2019-12-18,758,11334,12092
463,2019-12-19,703,11850,12553
463,2019-12-20,607,11360,11967
463,2019-12-21,287,7505,7792
463,2019-12-22,84,5318,5402
463,2019-12-23,439,8845,9284
463,2019-12-24,350,7212,7562
463,2019-12-25,55,4693,4748
463,2019-12-26,79,4551,4630
463,2019-12-27,394,7457,7851
463,2019-12-28,278,6443,6721
463,2019-12-29,75,5276,5351
463,2019-12-30,434,7816,8250
463,2019-12-31,372,6732,7104
464,2019-01-01,8,2182,2190
464,2019-01-02,33,4445,4478
464,2019-01-03,33,4912,4945
464,2019-01-04,35,5004,5039
464,2019-01-05,6,3654,3660
464,2019-01-06,20,2930,2950
464,2019-01-07,55,5520,5575
464,2019-01-08,44,5751,5795
464,2019-01-09,67,5715,5782
464,2019-01-10,58,6080,6138
464,2019-01-11,51,5607,5658
464,2019-01-12,38,3749,3787
464,2019-01-13,12,2869,2881
464,2019-01-14,88,5798,5886
464,2019-01-15,70,5993,6063
464,2019-01-16,77,5940,6017
464,2019-01-18,72,6265,6337
464,2019-01-19,18,4322,4340
464,2019-01-20,16,3996,4012
464,2019-01-21,76,6103,6179
464,2019-01-22,74,5781,5855
464,2019-01-23,73,5266,5339
464,2019-01-24,77,5988,6065
464,2019-01-25,59,6023,6082
464,2019-01-26,10,3810,3820
464,2019-01-27,101,2983,3084
464,2019-01-28,70,5706,5776
464,2019-01-29,70,6093,6163
464,2019-01-30,58,5232,5290
464,2019-02-01,128,5860,5988
464,2019-02-02,20,3962,3982
464,2019-02-03,7,3895,3902
464,2019-02-04,80,6096,6176
464,2019-02-05,63,6520,6583
464,2019-02-06,78,6604,6682
464,2019-02-07,75,6449,6524
464,2019-02-08,87,6360,6447
464,2019-02-09,16,4354,4370
464,2019-02-10,14,2928,2942
464,2019-02-11,81,5831,5912
464,2019-02-12,59,6119,6178
464,2019-02-13,69,6070,6139
464,2019-02-15,65,6802,6867
464,2019-02-16,9,5549,5558
464,2019-02-17,16,6894,6910
464,2019-02-18,62,6139,6201
464,2019-02-19,73,5628,5701
464,2019-02-20,91,5902,5993
464,2019-02-21,68,6279,6347
464,2019-02-22,67,6236,6303
464,2019-02-23,13,5047,5060
464,2019-02-24,14,7012,7026
464,2019-02-25,90,6408,6498
464,2019-02-26,95,6663,6758
464,2019-02-27,83,6921,7004
464,2019-03-01,114,6284,6398
464,2019-03-02,9,4597,4606
464,2019-03-03,14,3717,3731
464,2019-03-04,92,4816,4908
464,2019-03-05,90,5640,5730
464,2019-03-06,75,6482,6557
464,2019-03-07,130,6154,6284
464,2019-03-08,112,6488,6600
464,2019-03-09,13,4152,4165
464,2019-03-10,10,3204,3214
464,2019-03-11,110,5572,5682
464,2019-03-12,88,6520,6608
464,2019-03-13,108,5530,5638
464,2019-03-15,57,6661,6718
464,2019-03-16,12,4246,4258
464,2019-03-17,18,3606,3624
464,2019-03-18,65,6241,6306
464,2019-03-19,73,6809,6882
464,2019-03-20,76,6630,6706
464,2019-03-21,76,7143,7219
464,2019-03-22,76,7563,7639
464,2019-03-23,12,5960,5972
464,2019-03-24,13,5603,5616
464,2019-03-25,93,6456,6549
464,2019-03-26,84,6996,7080
464,2019-03-27,93,7291,7384
464,2019-03-29,75,7945,8020
464,2019-03-30,12,6649,6661
464,2019-04-01,99,6873,6972
464,2019-04-02,82,6739,6821
464,2019-04-03,75,6652,6727
464,2019-04-05,92,7058,7150
464,2019-04-06,15,5330,5345
464,2019-04-07,13,5175,5188
464,2019-04-08,60,6209,6269
464,2019-04-09,90,6068,6158
464,2019-04-10,67,6419,6486
464,2019-04-12,69,7110,7179
464,2019-04-13,20,4492,4512
464,2019-04-14,16,3996,4012
464,2019-04-15,78,6484,6562
464,2019-04-16,78,6389,6467
464,2019-04-17,56,6579,6635
464,2019-04-18,68,7504,7572
464,2019-04-19,49,8412,8461
464,2019-04-20,15,6732,6747
464,2019-04-21,11,7536,7547
464,2019-04-22,10,7573,7583
464,2019-04-23,81,6625,6706
464,2019-04-24,118,6062,6180
464,2019-04-26,96,6646,6742
464,2019-04-27,30,4540,4570
464,2019-04-28,10,4025,4035
464,2019-04-29,84,6678,6762
464,2019-04-30,71,7662,7733
464,2019-05-01,17,9408,9425
464,2019-05-02,92,6979,7071
464,2019-05-03,75,7112,7187
464,2019-05-04,17,4489,4506
464,2019-05-05,23,4675,4698
464,2019-05-06,88,6718,6806
464,2019-05-07,68,7271,7339
464,2019-05-08,90,6504,6594
464,2019-05-10,132,6276,6408
464,2019-05-11,18,4228,4246
464,2019-05-12,13,5907,5920
464,2019-05-13,80,6815,6895
464,2019-05-14,83,7269,7352
464,2019-05-15,86,7434,7520
464,2019-05-16,83,7337,7420
464,2019-05-17,98,7026,7124
464,2019-05-18,19,5453,5472
464,2019-05-19,11,5122,5133
464,2019-05-20,75,6630,6705
464,2019-05-21,63,6765,6828
464,2019-05-22,87,7117,7204
464,2019-05-24,71,7676,7747
464,2019-05-25,16,5720,5736
464,2019-05-26,18,6800,6818
464,2019-05-27,70,6407,6477
464,2019-05-28,82,6222,6304
464,2019-05-29,50,7478,7528
464,2019-05-30,7,5492,5499
464,2019-05-31,51,7162,7213
464,2019-06-01,21,7117,7138
464,2019-06-02,14,9280,9294
464,2019-06-03,79,7039,7118
464,2019-06-04,68,7468,7536
464,2019-06-05,126,6692,6818
464,2019-06-07,88,7294,7382
464,2019-06-08,10,5548,5558
464,2019-06-09,8,7285,7293
464,2019-06-10,14,5382,5396
464,2019-06-11,73,6762,6835
464,2019-06-12,72,6332,6404
464,2019-06-21,381,7760,8141
464,2019-06-22,103,5387,5490
464,2019-06-23,91,8381,8472
464,2019-06-24,339,7299,7638
464,2019-06-25,342,7998,8340
464,2019-06-26,365,8947,9312
464,2019-06-27,290,8718,9008
464,2019-06-28,353,8921,9274
464,2019-06-29,127,8959,9086
464,2019-06-30,79,10173,10252
464,2019-07-01,372,7254,7626
464,2019-07-02,326,7686,8012
464,2019-07-03,348,7983,8331
464,2019-07-04,345,8063,8408
464,2019-07-05,383,8453,8836
464,2019-07-06,106,7768,7874
464,2019-07-07,87,6877,6964
464,2019-07-08,335,6826,7161
464,2019-07-09,329,7292,7621
464,2019-07-10,354,7650,8004
464,2019-07-11,363,6889,7252
464,2019-07-12,417,7017,7434
464,2019-07-13,109,5392,5501
464,2019-07-14,58,6528,6586
464,2019-07-15,340,6537,6877
464,2019-07-16,320,7339,7659
464,2019-07-17,369,7514,7883
464,2019-07-18,348,7101,7449
464,2019-07-19,420,7318,7738
464,2019-07-20,97,6403,6500
464,2019-07-21,71,8027,8098
464,2019-07-22,329,7070,7399
464,2019-07-23,315,8007,8322
464,2019-07-24,321,8259,8580
464,2019-07-25,283,8782,9065
464,2019-07-26,277,7721,7998
464,2019-07-27,75,4931,5006
464,2019-07-28,48,5058,5106
464,2019-07-29,253,7039,7292
464,2019-07-30,242,6990,7232
464,2019-07-31,223,6973,7196
464,2019-08-01,210,7078,7288
464,2019-08-02,237,7323,7560
464,2019-08-03,84,6136,6220
464,2019-08-04,70,8394,8464
464,2019-08-05,223,6199,6422
464,2019-08-06,220,6082,6302
464,2019-08-07,235,6342,6577
464,2019-08-08,219,6914,7133
464,2019-08-09,315,6061,6376
464,2019-08-10,94,5508,5602
464,2019-08-11,58,6125,6183
464,2019-08-12,224,5574,5798
464,2019-08-13,200,6205,6405
464,2019-08-14,259,6553,6812
464,2019-08-15,46,6355,6401
464,2019-08-16,210,6353,6563
464,2019-08-17,77,4112,4189
464,2019-08-18,52,4686,4738
464,2019-08-19,264,6015,6279
464,2019-08-20,261,6032,6293
464,2019-08-21,286,6546,6832
464,2019-08-22,234,6831,7065
464,2019-08-23,305,7079,7384
464,2019-08-24,89,6425,6514
464,2019-08-25,80,7875,7955
464,2019-08-26,290,6810,7100
464,2019-08-27,349,7060,7409
464,2019-08-28,364,6839,7203
464,2019-08-29,356,6834,7190
464,2019-08-30,366,7362,7728
464,2019-08-31,105,6710,6815
464,2019-09-01,66,5856,5922
464,2019-09-02,303,6333,6636
464,2019-09-03,390,6849,7239
464,2019-09-04,350,7270,7620
464,2019-09-05,340,6744,7084
464,2019-09-06,340,7104,7444
464,2019-09-07,97,4484,4581
464,2019-09-08,61,4190,4251
464,2019-09-09,310,6005,6315
464,2019-09-10,260,6451,6711
464,2019-09-11,308,6347,6655
464,2019-09-12,287,6477,6764
464,2019-09-13,356,6807,7163
464,2019-09-14,102,6421,6523
464,2019-09-15,70,8154,8224
464,2019-09-16,377,6604,6981
464,2019-09-17,340,6777,7117
464,2019-09-18,366,6603,6969
464,2019-09-19,362,6996,7358
464,2019-09-20,368,7175,7543
464,2019-09-21,112,6095,6207
464,2019-09-22,93,5617,5710
464,2019-09-23,379,6319,6698
464,2019-09-24,383,6424,6807
464,2019-09-25,304,6310,6614
464,2019-09-26,319,6552,6871
464,2019-09-27,349,6993,7342
464,2019-09-28,129,4970,5099
464,2019-09-29,57,4343,4400
464,2019-09-30,340,6457,6797
464,2019-10-01,334,6563,6897
464,2019-10-02,377,6701,7078
464,2019-10-03,342,7693,8035
464,2019-10-04,331,6650,6981
464,2019-10-05,111,5270,5381
464,2019-10-06,44,3608,3652
464,2019-10-07,317,6108,6425
464,2019-10-08,275,6229,6504
464,2019-10-09,299,6139,6438
464,2019-10-10,274,6670,6944
464,2019-10-11,303,6720,7023
464,2019-10-12,104,5244,5348
464,2019-10-13,71,7263,7334
464,2019-10-14,301,6683,6984
464,2019-10-15,316,6232,6548
464,2019-10-16,326,6117,6443
464,2019-10-17,311,6731,7042
464,2019-10-18,361,6917,7278
464,2019-10-19,93,4447,4540
464,2019-10-20,104,3666,3770
464,2019-10-21,338,5917,6255
464,2019-10-22,313,6338,6651
464,2019-10-23,398,6326,6724
464,2019-10-24,396,6710,7106
464,2019-10-25,417,7005,7422
464,2019-10-26,114,5978,6092
464,2019-10-27,58,4187,4245
464,2019-10-28,295,6125,6420
464,2019-10-29,331,6351,6682
464,2019-10-30,309,6384,6693
464,2019-11-01,36,3289,3325
464,2019-11-02,80,4356,4436
464,2019-11-03,30,3368,3398
464,2019-11-04,300,5815,6115
464,2019-11-05,272,6197,6469
464,2019-11-06,312,6290,6602
464,2019-11-07,319,6499,6818
464,2019-11-08,313,6937,7250
464,2019-11-09,84,4628,4712
464,2019-11-10,36,4123,4159
464,2019-11-11,259,6137,6396
464,2019-11-12,250,6444,6694
464,2019-11-13,276,6043,6319
464,2019-11-14,297,6511,6808
464,2019-11-15,364,6592,6956
464,2019-11-16,87,4513,4600
464,2019-11-17,28,3400,3428
464,2019-11-18,252,5955,6207
464,2019-11-19,268,6359,6627
464,2019-11-20,326,6297,6623
464,2019-11-21,314,6568,6882
464,2019-11-22,314,6632,6946
464,2019-11-23,81,4350,4431
464,2019-11-24,32,4265,4297
464,2019-11-25,317,6160,6477
464,2019-11-26,331,6471,6802
464,2019-11-27,281,6251,6532
464,2019-11-28,312,6541,6853
464,2019-11-29,295,6602,6897
464,2019-11-30,76,4580,4656
464,2019-12-01,23,2964,2987
464,2019-12-02,255,6382,6637
464,2019-12-03,328,6570,6898
464,2019-12-04,337,6570,6907
464,2019-12-05,297,6669,6966
464,2019-12-06,328,6624,6952
464,2019-12-07,63,4306,4369
464,2019-12-08,29,3197,3226
464,2019-12-09,291,6139,6430
464,2019-12-10,363,6660,7023
464,2019-12-11,308,6402,6710
464,2019-12-12,399,6709,7108
464,2019-12-13,264,6870,7134
464,2019-12-14,44,4414,4458
464,2019-12-15,16,3360,3376
464,2019-12-16,228,6588,6816
464,2019-12-17,182,6771,6953
464,2019-12-18,196,6772,6968
464,2019-12-19,188,7110,7298
464,2019-12-20,169,6814,6983
464,2019-12-21,45,4538,4583
464,2019-12-22,24,3292,3316
464,2019-12-23,113,5599,5712
464,2019-12-24,68,3647,3715
464,2019-12-25,10,2115,2125
464,2019-12-26,15,2654,2669
464,2019-12-27,93,4467,4560
464,2019-12-28,47,4052,4099
464,2019-12-29,20,4039,4059
464,2019-12-30,95,5252,5347
464,2019-12-31,67,4001,4068
465,2019-01-01,12,1510,1522
465,2019-01-02,116,3215,3331
465,2019-01-03,138,3470,3608
465,2019-01-04,141,3731,3872
465,2019-01-05,68,2952,3020
465,2019-01-06,33,3079,3112
465,2019-01-07,181,3426,3607
465,2019-01-08,220,3492,3712
465,2019-01-09,253,3600,3853
465,2019-01-10,218,3820,4038
465,2019-01-11,203,3688,3891
465,2019-01-12,60,3298,3358
465,2019-01-13,18,3030,3048
465,2019-01-14,263,3616,3879
465,2019-01-15,253,3897,4150
465,2019-01-16,274,3945,4219
465,2019-01-18,288,4313,4601
465,2019-01-19,117,3643,3760
465,2019-01-20,32,3703,3735
465,2019-01-21,264,3761,4025
465,2019-01-22,235,3745,3980
465,2019-01-23,263,3554,3817
465,2019-01-24,275,3974,4249
465,2019-01-25,288,4008,4296
465,2019-01-26,99,3267,3366
465,2019-01-27,23,3141,3164
465,2019-01-28,255,3711,3966
465,2019-01-29,231,4088,4319
465,2019-01-30,256,3354,3610
465,2019-02-01,258,4014,4272
465,2019-02-02,82,3652,3734
465,2019-02-03,34,3980,4014
465,2019-02-04,246,3928,4174
465,2019-02-05,285,4179,4464
465,2019-02-06,294,4213,4507
465,2019-02-07,246,4073,4319
465,2019-02-08,249,4479,4728
465,2019-02-11,276,3802,4078
465,2019-02-12,279,4079,4358
465,2019-02-13,272,4226,4498
465,2019-02-15,255,4844,5099
465,2019-02-16,118,3990,4108
465,2019-02-17,34,5045,5079
465,2019-02-18,224,3729,3953
465,2019-02-19,240,3837,4077
465,2019-02-20,236,3795,4031
465,2019-02-21,265,4073,4338
465,2019-02-22,221,4101,4322
465,2019-02-23,127,3868,3995
465,2019-02-24,34,4696,4730
465,2019-02-25,251,4138,4389
465,2019-02-26,287,4282,4569
465,2019-02-27,261,4511,4772
465,2019-03-01,260,4553,4813
465,2019-03-02,105,3879,3984
465,2019-03-03,25,3551,3576
465,2019-03-04,272,3460,3732
465,2019-03-05,221,3848,4069
465,2019-03-06,266,4230,4496
465,2019-03-07,346,4228,4574
465,2019-03-08,308,4386,4694
465,2019-03-09,118,3980,4098
465,2019-03-10,46,3327,3373
465,2019-03-11,260,3852,4112
465,2019-03-12,268,4125,4393
465,2019-03-13,326,4276,4602
465,2019-03-15,257,4529,4786
465,2019-03-16,115,3803,3918
465,2019-03-17,32,3858,3890
465,2019-03-18,273,3851,4124
465,2019-03-19,238,4117,4355
465,2019-03-20,294,4243,4537
465,2019-03-21,287,4285,4572
465,2019-03-22,278,4607,4885
465,2019-03-23,123,4182,4305
465,2019-03-24,41,4135,4176
465,2019-03-25,276,4002,4278
465,2019-03-26,289,4940,5229
465,2019-03-27,287,5042,5329
465,2019-03-29,302,5806,6108
465,2019-03-30,128,4690,4818
465,2019-04-01,263,4360,4623
465,2019-04-02,281,4523,4804
465,2019-04-03,261,4327,4588
465,2019-04-05,273,4688,4961
465,2019-04-06,126,4157,4283
465,2019-04-07,39,4282,4321
465,2019-04-08,265,3980,4245
465,2019-04-09,280,4063,4343
465,2019-04-10,287,4053,4340
465,2019-04-12,262,4742,5004
465,2019-04-13,126,3874,4000
465,2019-04-14,33,3676,3709
465,2019-04-15,240,4064,4304
465,2019-04-16,236,4202,4438
465,2019-04-17,251,4473,4724
465,2019-04-18,247,4944,5191
465,2019-04-19,162,5703,5865
465,2019-04-20,104,4218,4322
465,2019-04-21,33,3888,3921
465,2019-04-22,37,4410,4447
465,2019-04-23,251,4528,4779
465,2019-04-26,314,4754,5068
465,2019-04-27,142,3948,4090
465,2019-04-28,31,3629,3660
465,2019-04-29,270,4555,4825
465,2019-04-30,292,5287,5579
465,2019-05-01,43,6622,6665
465,2019-05-02,275,4596,4871
465,2019-05-03,324,5134,5458
465,2019-05-04,145,3986,4131
465,2019-05-05,36,4404,4440
465,2019-05-06,288,4395,4683
465,2019-05-07,291,4720,5011
465,2019-05-08,284,4734,5018
465,2019-05-10,332,4770,5102
465,2019-05-11,118,3546,3664
465,2019-05-12,43,4329,4372
465,2019-05-13,284,4399,4683
465,2019-05-14,294,4729,5023
465,2019-05-15,298,4854,5152
465,2019-05-16,281,4828,5109
465,2019-05-17,261,4957,5218
465,2019-05-18,140,3947,4087
465,2019-05-19,38,4326,4364
465,2019-05-20,283,4387,4670
465,2019-05-21,264,4372,4636
465,2019-05-22,295,4532,4827
465,2019-06-07,282,4822,5104
465,2019-06-08,127,4273,4400
465,2019-06-09,64,4457,4521
465,2019-06-10,40,4152,4192
465,2019-06-11,285,4465,4750
465,2019-06-12,302,4367,4669
465,2019-06-13,358,4858,5216
465,2019-06-14,297,4997,5294
465,2019-06-15,156,4210,4366
465,2019-06-16,63,6117,6180
465,2019-06-17,337,4441,4778
465,2019-06-18,276,4730,5006
465,2019-06-19,350,4448,4798
465,2019-07-01,238,4298,4536
465,2019-07-02,281,4461,4742
465,2019-07-03,236,4495,4731
465,2019-07-04,206,4188,4394
465,2019-07-05,249,4331,4580
465,2019-07-06,108,4067,4175
465,2019-07-07,24,3360,3384
465,2019-07-08,254,3455,3709
465,2019-07-09,246,3946,4192
465,2019-07-10,234,3974,4208
465,2019-07-11,233,3523,3756
465,2019-07-12,262,3573,3835
465,2019-07-13,82,3085,3167
465,2019-07-14,25,3200,3225
465,2019-07-15,232,3301,3533
465,2019-07-16,233,3552,3785
465,2019-07-17,252,3595,3847
465,2019-07-18,219,3436,3655
465,2019-07-19,209,3498,3707
465,2019-07-20,104,3216,3320
465,2019-07-21,33,3385,3418
465,2019-07-22,220,3349,3569
465,2019-07-23,220,3579,3799
465,2019-07-24,232,3732,3964
465,2019-07-25,202,3674,3876
465,2019-07-26,186,3679,3865
465,2019-07-27,63,2592,2655
465,2019-07-28,19,2586,2605
465,2019-07-29,173,3452,3625
465,2019-07-30,183,3262,3445
465,2019-07-31,186,3656,3842
465,2019-08-01,174,3284,3458
465,2019-08-02,199,3715,3914
465,2019-08-03,67,2953,3020
465,2019-08-04,19,3640,3659
465,2019-08-05,160,3162,3322
465,2019-08-06,165,3159,3324
465,2019-08-07,157,3015,3172
465,2019-08-08,169,2901,3070
465,2019-08-09,225,3025,3250
465,2019-08-10,77,2740,2817
465,2019-08-11,23,2842,2865
465,2019-08-12,133,2745,2878
465,2019-08-13,146,3026,3172
465,2019-08-14,161,3347,3508
465,2019-08-15,23,2796,2819
465,2019-08-16,174,3133,3307
465,2019-08-17,58,2056,2114
465,2019-08-18,20,2466,2486
465,2019-08-19,152,3110,3262
465,2019-08-20,180,3323,3503
465,2019-08-21,163,3501,3664
465,2019-08-22,188,3768,3956
465,2019-08-23,209,3881,4090
465,2019-08-24,74,3370,3444
465,2019-08-25,28,3869,3897
465,2019-08-26,187,3618,3805
465,2019-08-27,188,3700,3888
465,2019-08-28,198,3609,3807
465,2019-08-29,197,3721,3918
465,2019-08-30,169,4211,4380
465,2019-08-31,87,3958,4045
465,2019-09-01,21,4203,4224
465,2019-09-02,184,3603,3787
465,2019-09-03,229,3750,3979
465,2019-09-04,219,3970,4189
465,2019-09-05,262,4108,4370
465,2019-09-06,217,3985,4202
465,2019-09-07,86,3363,3449
465,2019-09-08,24,3352,3376
465,2019-09-09,220,3619,3839
465,2019-09-10,223,3628,3851
465,2019-09-11,225,3997,4222
465,2019-09-12,195,3515,3710
465,2019-09-13,195,4150,4345
465,2019-09-14,73,3992,4065
465,2019-09-15,40,5768,5808
465,2019-09-16,233,4293,4526
465,2019-09-17,235,4342,4577
465,2019-09-18,251,4397,4648
465,2019-09-19,266,4499,4765
465,2019-09-20,277,4626,4903
465,2019-09-21,102,3818,3920
465,2019-09-22,47,3540,3587
465,2019-09-23,283,3767,4050
465,2019-09-24,249,3668,3917
465,2019-09-25,225,3073,3298
465,2019-09-26,173,2847,3020
465,2019-09-27,205,3920,4125
465,2019-09-28,89,3521,3610
465,2019-09-29,38,3070,3108
465,2019-09-30,255,4032,4287
465,2019-10-01,228,3546,3774
465,2019-10-02,257,4217,4474
465,2019-10-03,163,5768,5931
465,2019-10-04,222,4191,4413
465,2019-10-05,87,3763,3850
465,2019-10-06,15,2058,2073
465,2019-10-07,253,3932,4185
465,2019-10-08,197,2461,2658
465,2019-10-09,284,3983,4267
465,2019-10-10,261,3858,4119
465,2019-10-11,264,4623,4887
465,2019-10-12,88,3994,4082
465,2019-10-13,30,4490,4520
465,2019-10-14,226,3788,4014
465,2019-10-15,222,3174,3396
465,2019-10-16,239,3524,3763
465,2019-10-17,239,2961,3200
465,2019-10-18,248,4048,4296
465,2019-10-19,81,3010,3091
465,2019-10-20,96,2831,2927
465,2019-10-21,258,3718,3976
465,2019-10-22,253,3718,3971
465,2019-10-23,250,3738,3988
465,2019-10-24,268,3995,4263
465,2019-10-25,252,4367,4619
465,2019-10-26,93,3682,3775
465,2019-10-27,29,3131,3160
465,2019-10-28,218,3670,3888
465,2019-10-29,268,3934,4202
465,2019-10-30,239,4018,4257
465,2019-11-01,28,2063,2091
465,2019-11-02,73,2652,2725
465,2019-11-03,25,2178,2203
465,2019-11-04,225,3210,3435
465,2019-11-05,249,3722,3971
465,2019-11-06,243,3611,3854
465,2019-11-07,269,3696,3965
465,2019-11-08,227,4148,4375
465,2019-11-09,83,3506,3589
465,2019-11-10,23,3464,3487
465,2019-11-11,226,3560,3786
465,2019-11-12,227,3433,3660
465,2019-11-13,259,3463,3722
465,2019-11-14,258,4053,4311
465,2019-11-15,287,4384,4671
465,2019-11-16,95,3514,3609
465,2019-11-17,22,3120,3142
465,2019-11-18,203,2815,3018
465,2019-11-19,244,3750,3994
465,2019-11-20,249,3905,4154
465,2019-11-21,261,4047,4308
465,2019-11-22,239,4318,4557
465,2019-11-23,88,3312,3400
465,2019-11-24,18,3493,3511
465,2019-11-25,245,3730,3975
465,2019-11-26,231,3756,3987
465,2019-11-27,244,3450,3694
465,2019-11-28,276,4056,4332
465,2019-11-29,211,4268,4479
465,2019-11-30,90,3591,3681
465,2019-12-01,19,2854,2873
465,2019-12-02,216,3724,3940
465,2019-12-03,210,3971,4181
465,2019-12-04,237,4201,4438
465,2019-12-05,218,4001,4219
465,2019-12-06,204,3527,3731
465,2019-12-07,74,3283,3357
465,2019-12-08,18,2730,2748
465,2019-12-09,225,3210,3435
465,2019-12-10,264,3967,4231
465,2019-12-11,222,3022,3244
465,2019-12-12,271,3768,4039
465,2019-12-13,254,3562,3816
465,2019-12-14,87,3175,3262
465,2019-12-15,27,3146,3173
465,2019-12-16,245,3560,3805
465,2019-12-17,233,3657,3890
465,2019-12-18,246,3868,4114
465,2019-12-19,228,4288,4516
465,2019-12-20,197,3739,3936
465,2019-12-21,49,3064,3113
465,2019-12-22,14,2518,2532
465,2019-12-23,107,3511,3618
465,2019-12-24,60,2312,2372
465,2019-12-25,20,1508,1528
465,2019-12-26,15,1861,1876
465,2019-12-27,79,2944,3023
465,2019-12-28,40,2632,2672
465,2019-12-29,11,2804,2815
465,2019-12-30,91,3380,3471
465,2019-12-31,63,2699,2762
469,2019-01-01,62,5442,5504
469,2019-01-02,740,12407,13147
469,2019-01-03,857,13688,14545
469,2019-01-04,880,14236,15116
469,2019-01-05,344,9746,10090
469,2019-01-06,125,6893,7018
469,2019-01-07,1020,15672,16692
469,2019-01-08,1049,15884,16933
469,2019-01-09,1075,15981,17056
469,2019-01-10,1194,17182,18376
469,2019-01-11,1122,16960,18082
469,2019-01-12,505,10716,11221
469,2019-01-13,114,7060,7174
469,2019-01-14,1155,16848,18003
469,2019-01-15,1427,17227,18654
469,2019-01-16,1380,17400,18780
469,2019-01-17,1264,17672,18936
469,2019-01-18,1187,17726,18913
469,2019-01-19,537,11135,11672
469,2019-01-20,135,7477,7612
469,2019-01-21,1303,16525,17828
469,2019-01-22,1321,16620,17941
469,2019-01-23,1257,15963,17220
469,2019-01-24,1387,16551,17938
469,2019-01-25,1269,17141,18410
469,2019-01-26,452,11008,11460
469,2019-01-27,100,7328,7428
469,2019-01-28,1219,16170,17389
469,2019-01-29,1281,17122,18403
469,2019-01-30,1066,13788,14854
469,2019-01-31,1021,14547,15568
469,2019-02-01,1048,17001,18049
469,2019-02-02,447,10875,11322
469,2019-02-03,133,7432,7565
469,2019-02-04,1349,16632,17981
469,2019-02-05,1372,17240,18612
469,2019-02-06,1515,16792,18307
469,2019-02-07,1404,17763,19167
469,2019-02-08,1212,17793,19005
469,2019-02-09,544,11549,12093
469,2019-02-10,130,7141,7271
469,2019-02-11,1329,16651,17980
469,2019-02-12,1494,17174,18668
469,2019-02-13,1443,17059,18502
469,2019-02-14,1411,17721,19132
469,2019-02-15,1379,17682,19061
469,2019-02-16,503,10479,10982
469,2019-02-17,134,7313,7447
469,2019-02-18,1466,15882,17348
469,2019-02-19,1420,16141,17561
469,2019-02-20,1470,16263,17733
469,2019-02-21,1394,16688,18082
469,2019-02-22,1363,16910,18273
469,2019-02-23,592,10730,11322
469,2019-02-24,125,7797,7922
469,2019-02-25,1352,16815,18167
469,2019-02-26,1497,17670,19167
469,2019-02-27,1437,17564,19001
469,2019-02-28,1504,18077,19581
469,2019-03-01,1409,18621,20030
469,2019-03-02,567,12112,12679
469,2019-03-03,135,7392,7527
469,2019-03-04,1222,16104,17326
469,2019-03-05,236,2818,3054
469,2019-03-06,1256,15950,17206
469,2019-03-07,1453,17760,19213
469,2019-03-08,1486,18022,19508
469,2019-03-09,573,12392,12965
469,2019-03-10,177,7568,7745
469,2019-03-11,1367,17340,18707
469,2019-03-12,1501,18100,19601
469,2019-03-13,1482,17417,18899
469,2019-03-14,1453,17841,19294
469,2019-03-15,1237,18531,19768
469,2019-03-16,568,12135,12703
469,2019-03-17,122,7743,7865
469,2019-03-18,1370,17433,18803
469,2019-03-19,1510,18563,20073
469,2019-03-20,1612,17928,19540
469,2019-03-21,1593,18907,20500
469,2019-03-22,1419,19343,20762
469,2019-03-23,698,12265,12963
469,2019-03-24,160,8190,8350
469,2019-03-25,1486,17755,19241
469,2019-03-26,1615,18751,20366
469,2019-04-06,711,12964,13675
469,2019-04-07,192,8323,8515
469,2019-04-08,1455,17804,19259
469,2019-04-09,1432,17832,19264
469,2019-04-10,1449,18017,19466
469,2019-04-11,1569,18237,19806
469,2019-04-12,1473,19118,20591
469,2019-04-13,607,11272,11879
469,2019-04-14,177,7410,7587
469,2019-04-15,1466,17455,18921
469,2019-04-16,1414,17509,18923
469,2019-04-17,1437,17877,19314
469,2019-04-18,1471,18709,20180
469,2019-04-19,1290,17490,18780
469,2019-04-20,549,11245,11794
469,2019-04-21,125,8309,8434
469,2019-04-22,217,8999,9216
469,2019-04-23,1515,19384,20899
469,2019-04-24,1654,18791,20445
469,2019-04-25,1530,19720,21250
469,2019-04-26,1512,20005,21517
469,2019-04-27,742,12858,13600
469,2019-04-28,170,8389,8559
469,2019-04-29,1621,19129,20750
469,2019-04-30,1606,19265,20871
469,2019-05-01,316,8240,8556
469,2019-05-02,1597,18162,19759
469,2019-05-03,1506,18723,20229
469,2019-05-04,597,11211,11808
469,2019-05-05,177,7860,8037
469,2019-05-06,1514,17615,19129
469,2019-05-07,1645,18586,20231
469,2019-05-08,1353,18524,19877
469,2019-05-09,520,7933,8453
469,2019-05-10,1401,16949,18350
469,2019-05-11,527,11178,11705
469,2019-05-12,151,8913,9064
469,2019-05-13,1425,17463,18888
469,2019-05-14,1572,18213,19785
469,2019-05-15,1523,17957,19480
469,2019-05-16,1563,18682,20245
469,2019-05-17,1456,18700,20156
469,2019-05-18,646,12257,12903
469,2019-05-19,180,8303,8483
469,2019-05-20,1468,17481,18949
469,2019-05-21,1464,18495,19959
469,2019-05-22,1529,18127,19656
469,2019-05-23,1429,18796,20225
469,2019-05-24,1379,18551,19930
469,2019-05-25,723,11605,12328
469,2019-05-26,154,7907,8061
469,2019-05-27,1348,16446,17794
469,2019-05-28,1496,17366,18862
469,2019-05-29,1470,17971,19441
469,2019-05-30,295,7565,7860
469,2019-05-31,1135,15446,16581
469,2019-06-01,562,11508,12070
469,2019-06-02,190,9387,9577
469,2019-06-03,1514,17509,19023
469,2019-06-04,1545,18174,19719
469,2019-06-05,1546,17770,19316
469,2019-06-06,1408,18593,20001
469,2019-06-07,1405,18432,19837
469,2019-06-08,703,11703,12406
469,2019-06-09,148,8220,8368
469,2019-06-10,248,6764,7012
469,2019-06-11,1434,17933,19367
469,2019-06-12,1565,17756,19321
469,2019-06-13,1652,18751,20403
469,2019-06-14,1461,18333,19794
469,2019-06-15,609,12010,12619
469,2019-06-16,218,8539,8757
469,2019-06-17,1435,17371,18806
469,2019-06-18,1514,18165,19679
469,2019-06-19,1478,17687,19165
469,2019-06-20,1471,18101,19572
469,2019-06-21,1433,18550,19983
469,2019-06-22,641,11753,12394
469,2019-06-23,171,7740,7911
469,2019-06-24,1458,17380,18838
469,2019-06-25,1603,18011,19614
469,2019-06-26,1565,17530,19095
469,2019-06-27,1641,18735,20376
469,2019-06-28,1509,18710,20219
469,2019-06-29,795,13115,13910
469,2019-06-30,228,9063,9291
469,2019-07-01,1481,17701,19182
469,2019-07-02,1644,18324,19968
469,2019-07-03,1582,17701,19283
469,2019-07-04,1609,18288,19897
469,2019-07-05,1540,18725,20265
469,2019-07-06,686,12351,13037
469,2019-07-07,201,9064,9265
469,2019-07-08,1515,17159,18674
469,2019-07-09,1521,18053,19574
469,2019-07-10,1539,17875,19414
469,2019-07-11,1725,17955,19680
469,2019-07-12,1563,18132,19695
469,2019-07-13,598,12120,12718
469,2019-07-14,193,8239,8432
469,2019-07-15,1509,16660,18169
469,2019-07-16,1566,17829,19395
469,2019-07-17,1557,17702,19259
469,2019-07-18,1547,17752,19299
469,2019-07-19,1426,17353,18779
469,2019-07-20,614,11237,11851
469,2019-07-21,242,8082,8324
469,2019-07-22,1462,16429,17891
469,2019-07-23,1432,16815,18247
469,2019-07-24,1600,16637,18237
469,2019-07-25,1389,16526,17915
469,2019-07-26,1143,16092,17235
469,2019-07-27,480,10201,10681
469,2019-07-28,243,7714,7957
469,2019-07-29,1114,14976,16090
469,2019-07-30,1155,15222,16377
469,2019-07-31,1192,15298,16490
469,2019-08-01,1187,15548,16735
469,2019-08-02,1176,15363,16539
469,2019-08-03,509,10739,11248
469,2019-08-04,253,8606,8859
469,2019-08-05,1159,13720,14879
469,2019-08-06,1165,14251,15416
469,2019-08-07,1030,14081,15111
469,2019-08-08,1146,14482,15628
469,2019-08-09,1070,14120,15190
469,2019-08-10,480,9647,10127
469,2019-08-11,204,7097,7301
469,2019-08-12,996,13190,14186
469,2019-08-13,1133,13805,14938
469,2019-08-14,1070,14623,15693
469,2019-08-15,311,6696,7007
469,2019-08-16,908,12655,13563
469,2019-08-17,443,9178,9621
469,2019-08-18,165,6747,6912
469,2019-08-19,1262,16182,17444
469,2019-08-20,1389,16293,17682
469,2019-08-21,1293,16226,17519
469,2019-08-22,1306,16601,17907
469,2019-08-23,1275,16728,18003
469,2019-08-24,491,10368,10859
469,2019-08-25,193,7645,7838
469,2019-08-26,1388,16384,17772
469,2019-08-27,1362,16702,18064
469,2019-08-28,1505,16816,18321
469,2019-08-29,1339,16894,18233
469,2019-08-30,1416,17217,18633
469,2019-08-31,609,10589,11198
469,2019-09-01,191,8224,8415
469,2019-09-02,1407,16120,17527
469,2019-09-03,1505,16751,18256
469,2019-09-04,1558,16839,18397
469,2019-09-05,1378,17150,18528
469,2019-09-06,1396,17454,18850
469,2019-09-07,590,10648,11238
469,2019-09-08,174,8228,8402
469,2019-09-09,1317,15943,17260
469,2019-09-10,1554,17318,18872
469,2019-09-11,1512,17488,19000
469,2019-09-12,1475,17386,18861
469,2019-09-13,1440,17770,19210
469,2019-09-14,607,11543,12150
469,2019-09-15,205,8671,8876
469,2019-09-16,1427,17021,18448
469,2019-09-17,1446,17902,19348
469,2019-09-18,1546,17741,19287
469,2019-09-19,1513,18237,19750
469,2019-09-20,1452,18390,19842
469,2019-09-21,638,12245,12883
469,2019-09-22,174,6879,7053
469,2019-09-23,1473,17124,18597
469,2019-09-24,1475,17625,19100
469,2019-09-25,1476,17538,19014
469,2019-09-26,1433,18207,19640
469,2019-09-27,1462,18205,19667
469,2019-09-28,567,12026,12593
469,2019-09-29,151,8265,8416
469,2019-09-30,1371,17382,18753
469,2019-10-01,1484,17935,19419
469,2019-10-02,1501,17858,19359
469,2019-10-03,1462,18156,19618
469,2019-10-04,1339,18744,20083
469,2019-10-05,614,12349,12963
469,2019-10-06,153,8443,8596
469,2019-10-07,1374,17418,18792
469,2019-10-08,1388,17806,19194
469,2019-10-09,1438,17171,18609
469,2019-10-10,1473,18123,19596
469,2019-10-11,1361,18659,20020
469,2019-10-12,552,11983,12535
469,2019-10-13,154,8491,8645
469,2019-10-14,1412,17325,18737
469,2019-10-15,1451,17859,19310
469,2019-10-16,1464,17663,19127
469,2019-10-17,1472,18176,19648
469,2019-10-18,1388,18412,19800
469,2019-10-19,539,11972,12511
469,2019-10-20,121,7589,7710
469,2019-10-21,1449,17201,18650
469,2019-10-22,1447,18347,19794
469,2019-10-23,1529,17972,19501
469,2019-10-24,1544,18273,19817
469,2019-10-25,1430,18948,20378
469,2019-10-26,594,12091,12685
469,2019-10-27,184,8145,8329
469,2019-10-28,1458,16548,18006
469,2019-10-29,1482,17321,18803
469,2019-10-30,1509,17069,18578
469,2019-11-01,286,7803,8089
469,2019-11-02,486,10381,10867
469,2019-11-03,132,7368,7500
469,2019-11-04,1367,16931,18298
469,2019-11-05,1488,18214,19702
469,2019-11-06,1498,17700,19198
469,2019-11-07,1467,18563,20030
469,2019-11-08,1408,18447,19855
469,2019-11-09,600,12296,12896
469,2019-11-10,145,8168,8313
469,2019-11-11,1214,16890,18104
469,2019-11-12,1406,17823,19229
469,2019-11-13,1465,17587,19052
469,2019-11-14,1466,18210,19676
469,2019-11-15,1465,18294,19759
469,2019-11-16,551,12192,12743
469,2019-11-17,167,8216,8383
469,2019-11-18,1348,16861,18209
469,2019-11-19,1463,17911,19374
469,2019-11-20,1476,17926,19402
469,2019-11-21,1511,18289,19800
469,2019-11-22,1405,18510,19915
469,2019-11-23,570,12103,12673
469,2019-11-24,155,8121,8276
469,2019-11-25,1466,17089,18555
469,2019-11-26,1448,18156,19604
469,2019-11-27,1408,17530,18938
469,2019-11-28,1475,18549,20024
469,2019-11-29,1304,18916,20220
469,2019-11-30,577,12512,13089
469,2019-12-01,140,7205,7345
469,2019-12-02,1305,17182,18487
469,2019-12-03,1394,18153,19547
469,2019-12-04,1389,17603,18992
469,2019-12-05,1459,18477,19936
469,2019-12-06,1260,17849,19109
469,2019-12-07,542,12139,12681
469,2019-12-08,145,7712,7857
469,2019-12-09,1358,17277,18635
469,2019-12-10,1428,18381,19809
469,2019-12-11,1382,17677,19059
469,2019-12-12,1426,18561,19987
469,2019-12-13,1274,18320,19594
469,2019-12-14,508,12506,13014
469,2019-12-15,161,8224,8385
469,2019-12-16,1345,17496,18841
469,2019-12-17,1410,18488,19898
469,2019-12-18,1420,18740,20160
469,2019-12-19,1317,19191,20508
469,2019-12-20,1138,18862,20000
469,2019-12-21,468,11827,12295
469,2019-12-22,137,7683,7820
469,2019-12-23,884,14993,15877
469,2019-12-24,631,12431,13062
469,2019-12-25,52,6484,6536
469,2019-12-26,126,6233,6359
469,2019-12-27,704,12440,13144
469,2019-12-28,329,9652,9981
469,2019-12-29,107,6597,6704
469,2019-12-30,781,12664,13445
469,2019-12-31,613,11164,11777
470,2019-02-21,477,7988,8465
470,2019-02-22,576,7957,8533
470,2019-02-23,178,5026,5204
470,2019-02-24,48,3921,3969
470,2019-02-25,534,8601,9135
470,2019-02-26,669,9453,10122
470,2019-02-27,598,9335,9933
470,2019-02-28,735,10056,10791
470,2019-03-01,605,9904,10509
470,2019-03-02,183,5743,5926
470,2019-03-03,44,3645,3689
470,2019-03-04,540,8592,9132
470,2019-03-05,582,8901,9483
470,2019-03-06,597,9595,10192
470,2019-03-07,709,9987,10696
470,2019-03-08,678,9901,10579
470,2019-03-09,193,6000,6193
470,2019-03-10,67,3844,3911
470,2019-03-11,698,10330,11028
470,2019-03-12,662,9720,10382
470,2019-03-13,679,9642,10321
470,2019-03-14,646,9725,10371
470,2019-03-15,590,10351,10941
470,2019-03-16,188,5801,5989
470,2019-03-17,44,3827,3871
470,2019-03-18,558,9163,9721
470,2019-03-19,647,10113,10760
470,2019-03-20,617,9647,10264
470,2019-03-21,588,10562,11150
470,2019-03-22,599,10318,10917
470,2019-03-23,232,6198,6430
470,2019-03-24,49,4290,4339
470,2019-03-25,623,9531,10154
470,2019-03-26,667,10096,10763
470,2019-03-27,602,9796,10398
470,2019-03-28,711,10545,11256
470,2019-03-29,658,10426,11084
470,2019-03-30,218,6386,6604
470,2019-04-01,794,10790,11584
470,2019-04-02,733,10670,11403
470,2019-04-03,661,10239,10900
470,2019-04-04,670,10606,11276
470,2019-04-05,658,10400,11058
470,2019-04-06,198,5747,5945
470,2019-04-07,68,3895,3963
470,2019-04-08,528,8947,9475
470,2019-04-09,529,9631,10160
470,2019-04-10,493,9294,9787
470,2019-04-11,638,9211,9849
470,2019-04-12,628,10367,10995
470,2019-04-13,152,5130,5282
470,2019-04-14,45,3437,3482
470,2019-04-15,540,8709,9249
470,2019-04-16,619,9347,9966
470,2019-04-17,513,8980,9493
470,2019-04-18,532,9352,9884
470,2019-04-19,515,8836,9351
470,2019-04-20,183,5640,5823
470,2019-04-21,50,4303,4353
470,2019-04-22,73,4319,4392
470,2019-04-23,579,10641,11220
470,2019-04-24,592,10645,11237
470,2019-04-25,535,11255,11790
470,2019-04-26,608,10805,11413
470,2019-04-27,182,5923,6105
470,2019-04-28,50,3796,3846
470,2019-04-29,716,9748,10464
470,2019-04-30,664,10562,11226
470,2019-05-01,98,4660,4758
470,2019-05-02,725,10050,10775
470,2019-05-03,628,9985,10613
470,2019-05-04,187,5363,5550
470,2019-05-05,41,3937,3978
470,2019-05-06,715,9863,10578
470,2019-05-07,770,10082,10852
470,2019-05-08,724,10804,11528
470,2019-05-09,145,3919,4064
470,2019-05-10,521,9066,9587
470,2019-05-11,203,6417,6620
470,2019-05-12,55,4541,4596
470,2019-05-13,732,9674,10406
470,2019-05-14,738,10656,11394
470,2019-05-15,701,10187,10888
470,2019-05-16,688,10478,11166
470,2019-05-17,642,10260,10902
470,2019-05-18,238,6857,7095
470,2019-05-19,70,4695,4765
470,2019-05-20,665,9477,10142
470,2019-05-21,693,10012,10705
470,2019-05-22,720,10327,11047
470,2019-05-23,671,10325,10996
470,2019-05-24,663,10155,10818
470,2019-05-25,275,5892,6167
470,2019-05-26,42,4095,4137
470,2019-05-27,609,8485,9094
470,2019-05-28,811,8482,9293
470,2019-05-29,712,9079,9791
470,2019-05-30,90,3866,3956
470,2019-05-31,412,7328,7740
470,2019-06-01,164,5381,5545
470,2019-06-02,72,4455,4527
470,2019-06-03,688,9432,10120
470,2019-06-04,745,9939,10684
470,2019-06-05,728,9551,10279
470,2019-06-06,620,10365,10985
470,2019-06-07,678,10101,10779
470,2019-06-08,232,7010,7242
470,2019-06-09,63,4941,5004
470,2019-06-10,103,3850,3953
470,2019-06-11,659,9599,10258
470,2019-06-12,679,9741,10420
470,2019-06-13,739,10253,10992
470,2019-06-14,599,9768,10367
470,2019-06-15,222,6431,6653
470,2019-06-16,61,4525,4586
470,2019-06-17,647,9184,9831
470,2019-06-18,644,9857,10501
470,2019-06-19,648,9434,10082
470,2019-06-20,683,10019,10702
470,2019-06-21,611,9677,10288
470,2019-06-22,182,5704,5886
470,2019-06-23,67,3854,3921
470,2019-06-24,657,9157,9814
470,2019-06-25,705,10008,10713
470,2019-06-26,701,9444,10145
470,2019-06-27,746,10353,11099
470,2019-06-28,739,10395,11134
470,2019-06-29,282,6975,7257
470,2019-06-30,81,5146,5227
470,2019-07-01,684,9661,10345
470,2019-07-02,728,9357,10085
470,2019-07-03,686,9427,10113
470,2019-07-04,671,10326,10997
470,2019-07-05,702,9678,10380
470,2019-07-06,228,6291,6519
470,2019-07-07,62,4477,4539
470,2019-07-08,749,8892,9641
470,2019-07-09,689,9304,9993
470,2019-07-10,692,9521,10213
470,2019-07-11,760,9482,10242
470,2019-07-12,811,10129,10940
470,2019-07-13,156,5818,5974
470,2019-07-14,53,4066,4119
470,2019-07-15,647,7956,8603
470,2019-07-16,702,8993,9695
470,2019-07-17,712,9215,9927
470,2019-07-18,613,9273,9886
470,2019-07-19,660,9256,9916
470,2019-07-20,191,5306,5497
470,2019-07-21,44,3810,3854
470,2019-07-22,591,8139,8730
470,2019-07-23,620,8319,8939
470,2019-07-24,672,8239,8911
470,2019-07-25,526,8000,8526
470,2019-07-26,468,7680,8148
470,2019-07-27,136,4723,4859
470,2019-07-28,57,3584,3641
470,2019-07-29,385,7046,7431
470,2019-07-30,413,7081,7494
470,2019-07-31,412,6849,7261
470,2019-08-01,446,7192,7638
470,2019-08-02,392,7322,7714
470,2019-08-03,188,4909,5097
470,2019-08-04,92,3902,3994
470,2019-08-05,452,6343,6795
470,2019-08-06,416,6844,7260
470,2019-08-07,401,6651,7052
470,2019-08-08,383,6876,7259
470,2019-08-09,429,7136,7565
470,2019-08-10,154,4681,4835
470,2019-08-11,59,3498,3557
470,2019-08-12,397,4431,4828
470,2019-08-13,16,323,339
470,2019-08-14,434,6920,7354
470,2019-08-15,76,2987,3063
470,2019-08-16,305,5655,5960
470,2019-08-17,103,4052,4155
470,2019-08-18,50,3105,3155
470,2019-08-19,499,7248,7747
470,2019-08-20,561,7842,8403
470,2019-08-21,482,7712,8194
470,2019-08-22,509,7906,8415
470,2019-08-23,461,7884,8345
470,2019-08-24,145,4820,4965
470,2019-08-25,62,3861,3923
470,2019-08-26,611,8387,8998
470,2019-08-27,677,8618,9295
470,2019-08-28,709,9345,10054
470,2019-08-29,622,9567,10189
470,2019-08-30,695,9566,10261
470,2019-08-31,209,5666,5875
470,2019-09-01,79,4049,4128
470,2019-09-02,532,7515,8047
470,2019-09-03,612,8116,8728
470,2019-09-04,633,8198,8831
470,2019-09-05,569,8383,8952
470,2019-09-06,601,8418,9019
470,2019-09-07,175,4943,5118
470,2019-09-08,57,3633,3690
470,2019-09-09,733,9310,10043
470,2019-09-10,671,8637,9308
470,2019-09-11,664,8387,9051
470,2019-09-12,654,8929,9583
470,2019-09-13,591,9100,9691
470,2019-09-14,248,5815,6063
470,2019-09-15,67,4633,4700
470,2019-09-16,606,8749,9355
470,2019-09-17,643,9251,9894
470,2019-09-18,647,9254,9901
470,2019-09-19,684,10022,10706
470,2019-09-20,648,9341,9989
470,2019-09-21,191,5849,6040
470,2019-09-22,95,4028,4123
470,2019-09-23,664,8725,9389
470,2019-09-24,668,9567,10235
470,2019-09-25,612,9155,9767
470,2019-09-26,667,9766,10433
470,2019-09-27,651,9568,10219
470,2019-09-28,217,5745,5962
470,2019-09-29,64,4051,4115
470,2019-09-30,652,9028,9680
470,2019-10-01,681,10050,10731
470,2019-10-02,652,9295,9947
470,2019-10-03,670,9555,10225
470,2019-10-04,583,10157,10740
470,2019-10-05,175,6101,6276
470,2019-10-06,57,4233,4290
470,2019-10-07,544,8987,9531
470,2019-10-08,592,9994,10586
470,2019-10-09,647,9249,9896
470,2019-10-10,616,9026,9642
470,2019-10-11,544,9525,10069
470,2019-10-12,167,6034,6201
470,2019-10-13,48,4232,4280
470,2019-10-14,584,8869,9453
470,2019-10-15,572,9874,10446
470,2019-10-16,554,9214,9768
470,2019-10-17,627,9784,10411
470,2019-10-18,561,9422,9983
470,2019-10-19,130,5570,5700
470,2019-10-20,26,3644,3670
470,2019-10-21,566,8694,9260
470,2019-10-22,521,9351,9872
470,2019-10-23,566,9352,9918
470,2019-10-24,612,9668,10280
470,2019-10-25,552,9886,10438
470,2019-10-26,216,6736,6952
470,2019-10-27,61,4318,4379
470,2019-10-28,555,7973,8528
470,2019-10-29,512,7667,8179
470,2019-10-30,540,7951,8491
470,2019-11-01,71,4274,4345
470,2019-11-02,143,5448,5591
470,2019-11-03,41,3879,3920
470,2019-11-04,623,9159,9782
470,2019-11-05,601,9489,10090
470,2019-11-06,566,9108,9674
470,2019-11-07,581,9863,10444
470,2019-11-08,558,9575,10133
470,2019-11-09,187,6025,6212
470,2019-11-10,44,4016,4060
470,2019-11-11,533,9121,9654
470,2019-11-12,619,9415,10034
470,2019-11-13,567,9413,9980
470,2019-11-14,610,9901,10511
470,2019-11-15,517,9241,9758
470,2019-11-16,150,5683,5833
470,2019-11-17,33,3934,3967
470,2019-11-18,572,9031,9603
470,2019-11-19,558,9470,10028
470,2019-11-20,606,9468,10074
470,2019-11-21,639,9636,10275
470,2019-11-22,613,9342,9955
470,2019-11-23,151,5710,5861
470,2019-11-24,46,3987,4033
470,2019-11-25,632,8867,9499
470,2019-11-26,566,9804,10370
470,2019-11-27,555,9339,9894
470,2019-11-28,603,9756,10359
470,2019-11-29,585,9819,10404
470,2019-11-30,161,5953,6114
470,2019-12-01,48,3274,3322
470,2019-12-02,580,9120,9700
470,2019-12-03,623,9375,9998
470,2019-12-04,601,9334,9935
470,2019-12-05,672,9915,10587
470,2019-12-06,604,9361,9965
470,2019-12-07,154,5602,5756
470,2019-12-08,40,3727,3767
470,2019-12-09,610,9547,10157
470,2019-12-10,618,9942,10560
470,2019-12-11,642,9831,10473
470,2019-12-12,607,9999,10606
470,2019-12-13,583,9871,10454
470,2019-12-14,155,5839,5994
470,2019-12-15,38,4041,4079
470,2019-12-16,520,8992,9512
470,2019-12-17,583,9768,10351
470,2019-12-18,575,9966,10541
470,2019-12-19,533,9995,10528
470,2019-12-20,429,9651,10080
470,2019-12-21,101,5214,5315
470,2019-12-22,23,3436,3459
470,2019-12-23,307,6782,7089
470,2019-12-24,188,5457,5645
470,2019-12-25,15,3154,3169
470,2019-12-26,41,2972,3013
470,2019-12-27,202,5411,5613
470,2019-12-28,114,4369,4483
470,2019-12-29,32,2979,3011
470,2019-12-30,279,5561,5840
470,2019-12-31,206,5044,5250
473,2019-01-01,25,4039,4064
473,2019-01-02,306,9202,9508
473,2019-01-03,269,10154,10423
473,2019-01-04,310,10319,10629
473,2019-01-05,90,7035,7125
473,2019-01-06,26,5340,5366
473,2019-01-07,370,11393,11763
473,2019-01-08,402,11828,12230
473,2019-01-09,388,11917,12305
473,2019-01-10,420,12108,12528
473,2019-01-11,407,11979,12386
473,2019-01-12,86,7390,7476
473,2019-01-13,44,5217,5261
473,2019-01-14,452,11704,12156
473,2019-01-15,493,12220,12713
473,2019-01-16,495,12087,12582
473,2019-01-18,453,12817,13270
473,2019-01-19,86,8148,8234
473,2019-01-20,39,6130,6169
473,2019-01-21,463,12006,12469
473,2019-01-22,458,11920,12378
473,2019-01-23,448,11590,12038
473,2019-01-24,505,12253,12758
473,2019-01-25,463,12223,12686
473,2019-01-26,80,7688,7768
473,2019-01-27,34,5324,5358
473,2019-01-28,397,11686,12083
473,2019-01-29,469,11959,12428
473,2019-01-30,332,10648,10980
473,2019-02-01,410,12008,12418
473,2019-02-02,88,7650,7738
473,2019-02-03,31,5886,5917
473,2019-02-04,445,11968,12413
473,2019-02-05,474,12514,12988
473,2019-02-06,563,12658,13221
473,2019-02-07,483,12788,13271
473,2019-02-08,478,12883,13361
473,2019-02-09,106,7852,7958
473,2019-02-10,26,4954,4980
473,2019-02-11,568,11746,12314
473,2019-02-12,540,12325,12865
473,2019-02-13,519,12344,12863
473,2019-02-15,394,10339,10733
473,2019-02-16,97,8467,8564
473,2019-02-17,26,5271,5297
473,2019-02-18,416,11168,11584
473,2019-02-19,449,11421,11870
473,2019-02-20,481,11333,11814
473,2019-02-21,512,11875,12387
473,2019-02-22,543,11620,12163
473,2019-02-23,102,8162,8264
473,2019-02-24,22,5928,5950
473,2019-02-25,380,9428,9808
473,2019-02-26,462,9726,10188
473,2019-02-27,397,9003,9400
473,2019-03-01,566,12648,13214
473,2019-03-02,99,8329,8428
473,2019-03-03,43,6036,6079
473,2019-03-04,516,11122,11638
473,2019-03-05,608,12324,12932
473,2019-03-06,686,12702,13388
473,2019-03-07,590,13086,13676
473,2019-03-08,586,13122,13708
473,2019-03-09,104,8178,8282
473,2019-03-10,34,5236,5270
473,2019-03-11,582,12638,13220
473,2019-03-12,704,13234,13938
473,2019-03-13,680,12874,13554
473,2019-03-15,501,13339,13840
473,2019-03-16,93,8285,8378
473,2019-03-17,30,5916,5946
473,2019-03-18,520,12270,12790
473,2019-03-19,547,12805,13352
473,2019-03-20,579,12954,13533
473,2019-03-22,374,9768,10142
473,2019-03-23,107,7717,7824
473,2019-03-24,40,7099,7139
473,2019-03-25,680,12364,13044
473,2019-03-26,584,13268,13852
473,2019-03-27,596,12864,13460
473,2019-03-29,605,13880,14485
473,2019-03-30,111,9289,9400
473,2019-04-01,530,12157,12687
473,2019-04-02,575,13019,13594
473,2019-04-03,556,12941,13497
473,2019-04-05,534,13824,14358
473,2019-04-06,116,8776,8892
473,2019-04-07,66,6495,6561
473,2019-04-08,488,12178,12666
473,2019-04-09,590,12330,12920
473,2019-04-10,596,12622,13218
473,2019-04-12,525,13074,13599
473,2019-04-13,107,8032,8139
473,2019-04-14,35,6042,6077
473,2019-04-15,547,12347,12894
473,2019-04-16,508,12426,12934
473,2019-04-17,540,12660,13200
473,2019-04-19,189,5916,6105
473,2019-04-20,90,4680,4770
473,2019-04-21,18,3597,3615
473,2019-04-22,34,3906,3940
473,2019-04-23,516,12756,13272
473,2019-04-24,526,11876,12402
473,2019-04-26,523,13306,13829
473,2019-04-27,100,8326,8426
473,2019-04-28,44,6386,6430
473,2019-04-29,513,12833,13346
473,2019-04-30,484,11933,12417
473,2019-05-01,56,4917,4973
473,2019-05-02,498,13110,13608
473,2019-05-03,542,13477,14019
473,2019-05-04,127,8067,8194
473,2019-05-05,52,6614,6666
473,2019-05-06,585,12833,13418
473,2019-05-07,571,13275,13846
473,2019-05-08,650,13252,13902
473,2019-05-10,476,11283,11759
473,2019-05-11,100,8174,8274
473,2019-05-12,52,7295,7347
473,2019-05-13,520,12821,13341
473,2019-05-14,547,13561,14108
473,2019-05-15,631,13803,14434
473,2019-05-16,563,13609,14172
473,2019-05-17,680,14250,14930
473,2019-05-18,135,9029,9164
473,2019-05-19,42,6319,6361
473,2019-05-20,388,9290,9678
473,2019-05-21,561,13184,13745
473,2019-05-22,348,8121,8469
473,2019-06-21,740,13366,14106
473,2019-06-22,184,8982,9166
473,2019-06-23,75,7795,7870
473,2019-06-24,649,12906,13555
473,2019-06-25,739,13125,13864
473,2019-06-26,783,13319,14102
473,2019-06-27,751,13695,14446
473,2019-06-28,803,13816,14619
473,2019-06-29,205,10401,10606
473,2019-06-30,58,8703,8761
473,2019-07-01,756,12565,13321
473,2019-07-02,757,13224,13981
473,2019-07-03,756,12824,13580
473,2019-07-04,779,13306,14085
473,2019-07-05,778,13239,14017
473,2019-07-06,169,10049,10218
473,2019-07-07,84,7868,7952
473,2019-07-08,741,11909,12650
473,2019-07-09,706,12340,13046
473,2019-07-10,734,12447,13181
473,2019-07-11,669,12613,13282
473,2019-07-12,692,12794,13486
473,2019-07-13,164,8471,8635
473,2019-07-14,44,7432,7476
473,2019-07-15,665,11936,12601
473,2019-07-16,660,12541,13201
473,2019-07-17,652,12642,13294
473,2019-07-18,657,12560,13217
473,2019-07-19,610,12843,13453
473,2019-07-20,161,8794,8955
473,2019-07-21,69,7734,7803
473,2019-07-22,692,12080,12772
473,2019-07-23,680,12208,12888
473,2019-07-24,665,12317,12982
473,2019-07-25,640,12007,12647
473,2019-07-26,651,11668,12319
473,2019-07-27,139,7783,7922
473,2019-07-28,89,6541,6630
473,2019-07-29,540,11866,12406
473,2019-07-30,530,11409,11939
473,2019-07-31,652,11659,12311
473,2019-08-01,563,11707,12270
473,2019-08-02,529,11752,12281
473,2019-08-03,161,8009,8170
473,2019-08-04,73,7305,7378
473,2019-08-05,459,10662,11121
473,2019-08-06,457,10665,11122
473,2019-08-07,441,11031,11472
473,2019-08-08,558,11439,11997
473,2019-08-09,531,10625,11156
473,2019-08-10,210,8199,8409
473,2019-08-11,113,6917,7030
473,2019-08-12,422,9863,10285
473,2019-08-13,482,10932,11414
473,2019-08-14,515,11603,12118
473,2019-08-15,60,6599,6659
473,2019-08-16,440,10143,10583
473,2019-08-17,124,6997,7121
473,2019-08-18,43,5984,6027
473,2019-08-19,549,11119,11668
473,2019-08-20,546,11312,11858
473,2019-08-21,594,11515,12109
473,2019-08-22,584,11622,12206
473,2019-08-23,565,11906,12471
473,2019-08-24,126,8479,8605
473,2019-08-25,70,7583,7653
473,2019-08-26,631,11505,12136
473,2019-08-27,653,11882,12535
473,2019-08-28,637,11696,12333
473,2019-08-29,655,12058,12713
473,2019-08-30,678,12316,12994
473,2019-08-31,147,8865,9012
473,2019-09-01,50,6935,6985
473,2019-09-02,677,11670,12347
473,2019-09-03,699,12358,13057
473,2019-09-04,783,12373,13156
473,2019-09-05,794,12196,12990
473,2019-09-06,673,12705,13378
473,2019-09-07,131,6905,7036
473,2019-09-08,43,5276,5319
473,2019-09-09,588,11481,12069
473,2019-09-10,610,11078,11688
473,2019-09-11,732,12100,12832
473,2019-09-12,737,12342,13079
473,2019-09-13,731,12503,13234
473,2019-09-14,714,10425,11139
473,2019-09-15,154,9322,9476
473,2019-09-16,701,12681,13382
473,2019-09-17,705,12957,13662
473,2019-09-18,769,13050,13819
473,2019-09-19,663,13214,13877
473,2019-09-20,721,13247,13968
473,2019-09-21,198,9271,9469
473,2019-09-22,76,7202,7278
473,2019-09-23,704,12290,12994
473,2019-09-24,705,12840,13545
473,2019-09-25,701,12505,13206
473,2019-09-26,658,12885,13543
473,2019-09-27,680,13224,13904
473,2019-09-28,165,9295,9460
473,2019-09-29,63,7285,7348
473,2019-09-30,673,12491,13164
473,2019-10-01,656,12795,13451
473,2019-10-02,697,12939,13636
473,2019-10-03,529,13422,13951
473,2019-10-04,677,12636,13313
473,2019-10-05,145,7719,7864
473,2019-10-06,49,5702,5751
473,2019-10-07,631,12211,12842
473,2019-10-08,597,12608,13205
473,2019-10-09,675,11761,12436
473,2019-10-10,674,12925,13599
473,2019-10-11,714,12835,13549
473,2019-10-12,147,9139,9286
473,2019-10-13,61,7659,7720
473,2019-10-14,628,12150,12778
473,2019-10-15,631,12484,13115
473,2019-10-16,713,12368,13081
473,2019-10-17,709,12564,13273
473,2019-10-18,630,12756,13386
473,2019-10-19,137,8344,8481
473,2019-10-20,49,6073,6122
473,2019-10-21,633,12008,12641
473,2019-10-22,682,12683,13365
473,2019-10-23,653,12980,13633
473,2019-10-24,695,13220,13915
473,2019-10-25,730,13725,14455
473,2019-10-26,266,10697,10963
473,2019-10-27,85,7254,7339
473,2019-10-28,681,12374,13055
473,2019-10-29,686,13769,14455
473,2019-10-30,659,12735,13394
473,2019-11-01,98,6750,6848
473,2019-11-02,243,9342,9585
473,2019-11-03,76,7139,7215
473,2019-11-04,668,12808,13476
473,2019-11-05,640,12744,13384
473,2019-11-06,663,12660,13323
473,2019-11-07,719,13071,13790
473,2019-11-08,723,13028,13751
473,2019-11-09,175,8631,8806
473,2019-11-10,42,5960,6002
473,2019-11-11,656,11658,12314
473,2019-11-12,650,12001,12651
473,2019-11-13,672,11664,12336
473,2019-11-14,664,12068,12732
473,2019-11-15,630,11763,12393
473,2019-11-16,149,8371,8520
473,2019-11-17,39,5783,5822
473,2019-11-18,647,11156,11803
473,2019-11-19,627,11404,12031
473,2019-11-20,704,11079,11783
473,2019-11-21,659,11328,11987
473,2019-11-22,623,11132,11755
473,2019-11-23,145,7737,7882
473,2019-11-24,32,5947,5979
473,2019-11-25,610,11066,11676
473,2019-11-26,614,11769,12383
473,2019-11-27,675,11922,12597
473,2019-11-28,705,12306,13011
473,2019-11-29,652,12486,13138
473,2019-11-30,147,8304,8451
473,2019-12-01,44,5169,5213
473,2019-12-02,686,11436,12122
473,2019-12-03,637,11649,12286
473,2019-12-04,712,11860,12572
473,2019-12-05,580,11932,12512
473,2019-12-06,591,11510,12101
473,2019-12-07,125,7827,7952
473,2019-12-08,31,5547,5578
473,2019-12-09,643,11157,11800
473,2019-12-10,666,11520,12186
473,2019-12-11,642,11504,12146
473,2019-12-12,629,11738,12367
473,2019-12-13,642,11826,12468
473,2019-12-14,122,7819,7941
473,2019-12-15,27,5613,5640
473,2019-12-16,650,11075,11725
473,2019-12-17,673,11761,12434
473,2019-12-18,645,11560,12205
473,2019-12-19,674,11880,12554
473,2019-12-20,488,11911,12399
473,2019-12-21,112,7561,7673
473,2019-12-22,24,5176,5200
473,2019-12-23,347,9827,10174
473,2019-12-24,270,7148,7418
473,2019-12-25,16,3949,3965
473,2019-12-26,28,4241,4269
473,2019-12-27,320,8035,8355
473,2019-12-28,107,6540,6647
473,2019-12-29,29,4989,5018
473,2019-12-30,337,8626,8963
473,2019-12-31,276,7009,7285
474,2019-01-01,2,1553,1555
474,2019-01-02,19,2316,2335
474,2019-01-03,30,2704,2734
474,2019-01-04,32,2839,2871
474,2019-01-05,7,2246,2253
474,2019-01-06,9,2052,2061
474,2019-01-07,40,3014,3054
474,2019-01-08,33,3270,3303
474,2019-01-09,35,3268,3303
474,2019-01-10,37,3295,3332
474,2019-01-11,39,3276,3315
474,2019-01-12,13,2548,2561
474,2019-01-13,14,2129,2143
474,2019-01-14,62,3375,3437
474,2019-01-15,58,3665,3723
474,2019-01-16,34,3459,3493
474,2019-01-17,50,3604,3654
474,2019-01-19,11,2770,2781
474,2019-01-20,9,2720,2729
474,2019-01-21,58,3475,3533
474,2019-01-22,44,3472,3516
474,2019-01-23,38,3462,3500
474,2019-01-24,59,3509,3568
474,2019-01-26,19,2727,2746
474,2019-01-27,11,2032,2043
474,2019-01-28,41,3320,3361
474,2019-01-29,47,3634,3681
474,2019-01-30,37,3257,3294
474,2019-01-31,37,3107,3144
474,2019-02-02,10,2647,2657
474,2019-02-03,18,2435,2453
474,2019-02-04,61,3559,3620
474,2019-02-05,60,3918,3978
474,2019-02-06,71,3924,3995
474,2019-02-07,56,3862,3918
474,2019-02-08,67,3943,4010
474,2019-02-09,16,3124,3140
474,2019-02-10,16,1994,2010
474,2019-02-11,57,3415,3472
474,2019-02-12,77,3894,3971
474,2019-02-13,54,3826,3880
474,2019-02-14,50,4108,4158
474,2019-02-16,17,3456,3473
474,2019-02-17,9,3874,3883
474,2019-02-18,84,3441,3525
474,2019-02-19,46,3490,3536
474,2019-02-20,71,3520,3591
474,2019-02-21,51,3557,3608
474,2019-02-23,15,3365,3380
474,2019-02-24,9,4029,4038
474,2019-02-25,62,3726,3788
474,2019-02-26,50,4143,4193
474,2019-02-27,48,4135,4183
474,2019-02-28,62,3895,3957
474,2019-03-02,11,3105,3116
474,2019-03-03,10,2639,2649
474,2019-03-04,42,3042,3084
474,2019-03-05,68,3709,3777
474,2019-03-06,43,3948,3991
474,2019-03-07,66,4094,4160
474,2019-03-08,68,4000,4068
474,2019-03-09,17,3013,3030
474,2019-03-10,18,2421,2439
474,2019-03-11,66,3548,3614
474,2019-03-12,82,4045,4127
474,2019-03-13,62,3682,3744
474,2019-03-14,48,3804,3852
474,2019-03-16,12,2967,2979
474,2019-03-17,14,2762,2776
474,2019-03-18,64,3546,3610
474,2019-03-19,51,4114,4165
474,2019-03-20,48,4062,4110
474,2019-03-21,72,4359,4431
474,2019-03-22,66,4344,4410
474,2019-03-23,17,3920,3937
474,2019-03-24,13,3482,3495
474,2019-03-25,53,3625,3678
474,2019-03-26,61,3964,4025
474,2019-03-27,64,4328,4392
474,2019-03-28,72,4249,4321
474,2019-03-30,18,4311,4329
474,2019-04-01,49,3953,4002
474,2019-04-02,65,4029,4094
474,2019-04-03,70,3793,3863
474,2019-04-04,84,3934,4018
474,2019-04-06,21,3560,3581
474,2019-04-07,20,3602,3622
474,2019-04-08,58,3460,3518
474,2019-04-09,87,3787,3874
474,2019-04-10,44,3832,3876
474,2019-04-11,78,4118,4196
474,2019-04-13,25,3159,3184
474,2019-04-14,11,2719,2730
474,2019-04-15,55,4004,4059
474,2019-04-16,53,3889,3942
474,2019-04-17,93,4021,4114
474,2019-04-18,73,4349,4422
474,2019-04-19,58,4904,4962
474,2019-04-20,17,4015,4032
474,2019-04-21,14,4433,4447
474,2019-04-22,10,4253,4263
474,2019-04-23,76,4206,4282
474,2019-04-24,110,3968,4078
474,2019-04-25,60,3967,4027
474,2019-04-27,41,3097,3138
474,2019-04-28,12,2925,2937
474,2019-04-29,74,3806,3880
474,2019-04-30,46,4273,4319
474,2019-05-01,17,4691,4708
474,2019-05-02,70,3664,3734
474,2019-05-03,63,3556,3619
474,2019-05-04,17,2728,2745
474,2019-05-05,7,2858,2865
474,2019-05-06,57,3181,3238
474,2019-05-07,47,3754,3801
474,2019-05-08,80,3660,3740
474,2019-05-09,13,2377,2390
474,2019-05-11,11,2724,2735
474,2019-05-12,19,3660,3679
474,2019-05-13,44,3703,3747
474,2019-05-14,44,4362,4406
474,2019-05-15,46,4295,4341
474,2019-05-16,56,4252,4308
474,2019-05-17,86,4297,4383
474,2019-05-18,15,3552,3567
474,2019-05-19,17,3296,3313
474,2019-05-20,53,3623,3676
474,2019-05-21,43,4015,4058
474,2019-05-22,64,4479,4543
474,2019-05-23,65,4593,4658
474,2019-05-25,20,4132,4152
474,2019-05-26,13,4039,4052
474,2019-05-27,44,3291,3335
474,2019-05-28,36,3301,3337
474,2019-05-29,43,4188,4231
474,2019-05-30,11,3383,3394
474,2019-05-31,44,4058,4102
474,2019-06-01,28,4189,4217
474,2019-06-02,15,4561,4576
474,2019-06-03,59,3888,3947
474,2019-06-04,35,4259,4294
474,2019-06-05,66,4396,4462
474,2019-06-06,74,4510,4584
474,2019-06-08,14,3699,3713
474,2019-06-09,13,5074,5087
474,2019-06-10,32,3898,3930
474,2019-06-11,59,4285,4344
474,2019-06-12,53,4088,4141
474,2019-06-13,102,4824,4926
474,2019-06-15,17,4425,4442
474,2019-06-16,NA,2594,NA
474,2019-06-17,76,4333,4409
474,2019-06-18,45,4520,4565
474,2019-06-19,61,4361,4422
474,2019-06-21,388,4586,4974
474,2019-06-22,141,3716,3857
474,2019-06-23,82,4161,4243
474,2019-06-24,344,3768,4112
474,2019-06-25,354,4072,4426
474,2019-06-26,367,4161,4528
474,2019-06-27,373,4280,4653
474,2019-06-28,427,4668,5095
474,2019-06-29,161,4709,4870
474,2019-06-30,60,4701,4761
474,2019-07-01,373,3857,4230
474,2019-07-02,390,4455,4845
474,2019-07-03,370,4511,4881
474,2019-07-04,420,4577,4997
474,2019-07-05,441,4855,5296
474,2019-07-06,4,135,139
474,2019-07-10,62,628,690
474,2019-07-11,346,4061,4407
474,2019-07-12,349,4281,4630
474,2019-07-13,129,3601,3730
474,2019-07-14,74,4307,4381
474,2019-07-15,406,3700,4106
474,2019-07-16,368,4381,4749
474,2019-07-17,433,4382,4815
474,2019-07-18,348,4275,4623
474,2019-07-19,385,4415,4800
474,2019-07-20,120,3859,3979
474,2019-07-21,101,5108,5209
474,2019-07-22,363,3900,4263
474,2019-07-23,357,4100,4457
474,2019-07-24,374,4059,4433
474,2019-07-25,331,3652,3983
474,2019-07-26,312,3744,4056
474,2019-07-27,120,2848,2968
474,2019-07-28,51,3471,3522
474,2019-07-29,243,3670,3913
474,2019-07-30,241,3799,4040
474,2019-07-31,213,3828,4041
474,2019-08-02,256,3920,4176
474,2019-08-03,104,3356,3460
474,2019-08-04,73,4296,4369
474,2019-08-05,215,3112,3327
474,2019-08-06,209,3302,3511
474,2019-08-07,203,3264,3467
474,2019-08-08,238,3805,4043
474,2019-08-09,226,3540,3766
474,2019-08-10,173,3538,3711
474,2019-08-11,92,4042,4134
474,2019-08-12,241,2919,3160
474,2019-08-13,230,3408,3638
474,2019-08-14,273,3577,3850
474,2019-08-15,61,4027,4088
474,2019-08-16,224,3569,3793
474,2019-08-17,106,2724,2830
474,2019-08-18,49,2965,3014
474,2019-08-19,235,3324,3559
474,2019-08-20,233,3458,3691
474,2019-08-21,254,3646,3900
474,2019-08-22,301,3788,4089
474,2019-08-23,275,3902,4177
474,2019-08-24,119,3707,3826
474,2019-08-25,77,4279,4356
474,2019-08-26,268,3423,3691
474,2019-08-27,318,3686,4004
474,2019-08-28,312,3692,4004
474,2019-08-29,356,3751,4107
474,2019-08-30,293,3991,4284
474,2019-08-31,115,3528,3643
474,2019-09-01,66,3242,3308
474,2019-09-02,341,3368,3709
474,2019-09-03,287,3805,4092
474,2019-09-04,294,3905,4199
474,2019-09-05,325,3721,4046
474,2019-09-06,269,4078,4347
474,2019-09-07,113,3424,3537
474,2019-09-08,70,3088,3158
474,2019-09-09,341,3583,3924
474,2019-09-10,344,4266,4610
474,2019-09-11,313,4216,4529
474,2019-09-12,331,4092,4423
474,2019-09-13,358,4173,4531
474,2019-09-14,143,4352,4495
474,2019-09-15,68,5596,5664
474,2019-09-16,348,3832,4180
474,2019-09-17,325,4067,4392
474,2019-09-18,423,4080,4503
474,2019-09-19,328,4274,4602
474,2019-09-20,401,4503,4904
474,2019-09-21,207,4584,4791
474,2019-09-22,93,3952,4045
474,2019-09-23,409,3623,4032
474,2019-09-24,415,3806,4221
474,2019-09-25,368,3996,4364
474,2019-09-26,401,4112,4513
474,2019-09-27,391,4278,4669
474,2019-09-28,163,3649,3812
474,2019-09-29,59,2516,2575
474,2019-09-30,395,3737,4132
474,2019-10-01,344,4023,4367
474,2019-10-02,335,3910,4245
474,2019-10-03,385,4521,4906
474,2019-10-04,351,4257,4608
474,2019-10-05,150,3666,3816
474,2019-10-06,55,3005,3060
474,2019-10-07,389,3559,3948
474,2019-10-08,369,3877,4246
474,2019-10-09,352,3837,4189
474,2019-10-10,317,3957,4274
474,2019-10-11,349,4081,4430
474,2019-10-12,130,3736,3866
474,2019-10-13,73,4562,4635
474,2019-10-14,NA,19,NA
474,2019-10-16,108,1007,1115
474,2019-10-17,345,3772,4117
474,2019-10-18,363,4105,4468
474,2019-10-19,146,2941,3087
474,2019-10-20,31,2683,2714
474,2019-10-21,304,3684,3988
474,2019-10-22,366,4030,4396
474,2019-10-23,378,3971,4349
474,2019-10-24,383,4115,4498
474,2019-10-25,392,4346,4738
474,2019-10-26,134,4261,4395
474,2019-10-27,41,2990,3031
474,2019-10-28,362,3519,3881
474,2019-10-29,340,3873,4213
474,2019-10-30,330,3793,4123
474,2019-11-01,39,2536,2575
474,2019-11-02,117,3066,3183
474,2019-11-03,48,2663,2711
474,2019-11-04,291,3609,3900
474,2019-11-05,292,3830,4122
474,2019-11-06,345,3786,4131
474,2019-11-07,336,3882,4218
474,2019-11-08,280,4179,4459
474,2019-11-09,120,3447,3567
474,2019-11-10,50,2703,2753
474,2019-11-11,283,3709,3992
474,2019-11-12,295,3806,4101
474,2019-11-13,279,3820,4099
474,2019-11-14,313,3831,4144
474,2019-11-15,423,4711,5134
474,2019-11-16,130,3253,3383
474,2019-11-17,57,2552,2609
474,2019-11-18,297,3502,3799
474,2019-11-19,367,3802,4169
474,2019-11-20,368,3879,4247
474,2019-11-21,354,4112,4466
474,2019-11-22,339,4082,4421
474,2019-11-23,139,3180,3319
474,2019-11-24,49,2855,2904
474,2019-11-25,391,3649,4040
474,2019-11-26,334,3871,4205
474,2019-11-27,318,3802,4120
474,2019-11-28,373,4070,4443
474,2019-11-29,347,4241,4588
474,2019-11-30,118,3152,3270
474,2019-12-01,52,2161,2213
474,2019-12-02,398,3705,4103
474,2019-12-03,374,3940,4314
474,2019-12-04,355,3949,4304
474,2019-12-05,406,4041,4447
474,2019-12-06,356,4092,4448
474,2019-12-07,115,3213,3328
474,2019-12-08,40,2375,2415
474,2019-12-09,366,3585,3951
474,2019-12-10,328,4098,4426
474,2019-12-11,379,3742,4121
474,2019-12-12,377,3939,4316
474,2019-12-13,337,4018,4355
474,2019-12-14,114,3110,3224
474,2019-12-15,35,2601,2636
474,2019-12-16,295,3821,4116
474,2019-12-17,335,4048,4383
474,2019-12-18,317,3962,4279
474,2019-12-19,372,4218,4590
474,2019-12-20,283,4104,4387
474,2019-12-21,111,2969,3080
474,2019-12-22,43,2185,2228
474,2019-12-23,169,3125,3294
474,2019-12-24,147,2297,2444
474,2019-12-25,30,1926,1956
474,2019-12-26,38,1906,1944
474,2019-12-27,147,2514,2661
474,2019-12-28,98,2566,2664
474,2019-12-29,44,2443,2487
474,2019-12-30,177,2822,2999
474,2019-12-31,145,2270,2415
479,2019-01-01,40,3291,3331
479,2019-01-02,396,6830,7226
479,2019-01-03,390,7411,7801
479,2019-01-04,406,7516,7922
479,2019-01-05,155,5166,5321
479,2019-01-06,44,4178,4222
479,2019-01-07,561,8260,8821
479,2019-01-08,517,8621,9138
479,2019-01-09,554,8749,9303
479,2019-01-10,560,8859,9419
479,2019-01-11,558,8747,9305
479,2019-01-12,241,5971,6212
479,2019-01-13,57,4111,4168
479,2019-01-14,684,8573,9257
479,2019-01-15,676,8945,9621
479,2019-01-16,706,8854,9560
479,2019-01-17,915,9206,10121
479,2019-01-19,167,6285,6452
479,2019-01-20,54,4880,4934
479,2019-01-21,676,8919,9595
479,2019-01-22,700,8988,9688
479,2019-01-23,655,8643,9298
479,2019-01-24,680,9099,9779
479,2019-01-25,671,9195,9866
479,2019-01-26,148,6200,6348
479,2019-01-27,58,4280,4338
479,2019-01-28,557,8528,9085
479,2019-01-29,606,8859,9465
479,2019-01-30,536,7887,8423
479,2019-01-31,501,8831,9332
479,2019-02-02,151,5844,5995
479,2019-02-03,48,4593,4641
479,2019-02-04,628,9078,9706
479,2019-02-05,638,9239,9877
479,2019-02-06,742,9537,10279
479,2019-02-07,746,9514,10260
479,2019-02-08,786,9366,10152
479,2019-02-09,166,6280,6446
479,2019-02-10,84,4234,4318
479,2019-02-11,713,8750,9463
479,2019-02-12,752,9209,9961
479,2019-02-13,762,9164,9926
479,2019-02-14,701,9441,10142
479,2019-02-16,185,6283,6468
479,2019-02-17,53,5394,5447
479,2019-02-18,619,8153,8772
479,2019-02-19,652,8448,9100
479,2019-02-20,629,8277,8906
479,2019-02-21,682,8591,9273
479,2019-02-22,762,8586,9348
479,2019-02-23,152,6104,6256
479,2019-02-24,57,5575,5632
479,2019-02-25,648,9050,9698
479,2019-02-26,714,9744,10458
479,2019-02-27,774,9726,10500
479,2019-02-28,800,9598,10398
479,2019-03-02,177,6271,6448
479,2019-03-03,48,4766,4814
479,2019-03-04,676,8806,9482
479,2019-03-05,654,9270,9924
479,2019-03-06,734,9956,10690
479,2019-03-07,670,10024,10694
479,2019-03-08,712,9966,10678
479,2019-03-09,154,6304,6458
479,2019-03-10,88,4688,4776
479,2019-03-11,734,9350,10084
479,2019-03-12,716,9662,10378
479,2019-03-13,774,9608,10382
479,2019-03-14,702,10040,10742
479,2019-03-16,171,6231,6402
479,2019-03-17,150,4917,5067
479,2019-03-18,714,8887,9601
479,2019-03-19,797,9347,10144
479,2019-03-20,852,9393,10245
479,2019-03-21,878,9515,10393
479,2019-03-22,782,9703,10485
479,2019-03-23,236,7305,7541
479,2019-03-24,76,5643,5719
479,2019-03-25,785,9141,9926
479,2019-03-26,796,9639,10435
479,2019-03-27,826,9165,9991
479,2019-03-28,781,9895,10676
479,2019-03-30,234,7433,7667
479,2019-04-01,826,9210,10036
479,2019-04-02,836,9481,10317
479,2019-04-03,849,9381,10230
479,2019-04-04,803,9700,10503
479,2019-04-06,221,6563,6784
479,2019-04-07,141,5024,5165
479,2019-04-08,728,8912,9640
479,2019-04-09,710,9696,10406
479,2019-04-10,682,9236,9918
479,2019-04-11,740,9170,9910
479,2019-04-13,204,5699,5903
479,2019-04-14,59,4456,4515
479,2019-04-15,762,8873,9635
479,2019-04-16,768,9554,10322
479,2019-04-17,776,9066,9842
479,2019-04-18,722,9621,10343
479,2019-04-19,573,9202,9775
479,2019-04-20,194,6834,7028
479,2019-04-21,64,6238,6302
479,2019-04-22,87,5879,5966
479,2019-04-23,758,9436,10194
479,2019-04-24,738,9910,10648
479,2019-04-25,770,9798,10568
479,2019-05-15,883,9893,10776
479,2019-05-16,765,10006,10771
479,2019-05-17,814,10051,10865
479,2019-05-18,219,7094,7313
479,2019-05-19,54,5549,5603
479,2019-05-20,763,9207,9970
479,2019-05-21,746,9457,10203
479,2019-05-22,816,9625,10441
479,2019-05-23,808,9630,10438
479,2019-05-24,762,9892,10654
479,2019-05-25,208,6780,6988
479,2019-05-26,59,6068,6127
479,2019-05-27,719,8305,9024
479,2019-05-28,4,101,105
479,2019-05-30,50,4486,4536
479,2019-05-31,555,8342,8897
479,2019-06-01,193,6241,6434
479,2019-06-02,82,6133,6215
479,2019-06-03,729,9221,9950
479,2019-06-04,753,9413,10166
479,2019-06-05,776,9353,10129
479,2019-06-06,729,9665,10394
479,2019-06-07,781,9519,10300
479,2019-06-08,191,6505,6696
479,2019-06-09,61,6216,6277
479,2019-06-10,77,4675,4752
479,2019-06-11,720,9292,10012
479,2019-06-12,696,9360,10056
479,2019-06-13,740,9915,10655
479,2019-06-14,723,10076,10799
479,2019-06-15,241,7961,8202
479,2019-06-16,80,7155,7235
479,2019-06-17,698,9199,9897
479,2019-06-18,744,9474,10218
479,2019-06-19,811,9343,10154
479,2019-06-20,606,9476,10082
479,2019-06-21,755,9451,10206
479,2019-06-22,202,6409,6611
479,2019-06-23,92,6104,6196
479,2019-06-24,663,9016,9679
479,2019-06-25,702,9361,10063
479,2019-06-26,716,9305,10021
479,2019-06-27,684,9429,10113
479,2019-06-28,730,9056,9786
479,2019-06-29,206,7115,7321
479,2019-06-30,70,6275,6345
479,2019-07-01,703,9107,9810
479,2019-07-02,695,9469,10164
479,2019-07-03,721,9433,10154
479,2019-07-04,775,9497,10272
479,2019-07-05,753,9636,10389
479,2019-07-06,212,7228,7440
479,2019-07-07,78,6929,7007
479,2019-07-08,736,8794,9530
479,2019-07-09,699,8994,9693
479,2019-07-10,708,9256,9964
479,2019-07-11,684,9213,9897
479,2019-07-12,708,9337,10045
479,2019-07-13,197,6280,6477
479,2019-07-14,52,5433,5485
479,2019-07-15,666,8660,9326
479,2019-07-16,640,9019,9659
479,2019-07-17,628,9169,9797
479,2019-07-18,643,9058,9701
479,2019-07-19,592,9498,10090
479,2019-07-20,216,6441,6657
479,2019-07-21,55,5768,5823
479,2019-07-22,692,8686,9378
479,2019-07-23,635,8832,9467
479,2019-07-24,621,9067,9688
479,2019-07-25,587,8773,9360
479,2019-07-26,625,8764,9389
479,2019-07-27,141,5652,5793
479,2019-07-28,76,4959,5035
479,2019-07-29,509,8699,9208
479,2019-07-30,512,8500,9012
479,2019-07-31,583,8592,9175
479,2019-08-01,529,8391,8920
479,2019-08-02,538,8642,9180
479,2019-08-03,188,5752,5940
479,2019-08-04,98,5558,5656
479,2019-08-05,438,7621,8059
479,2019-08-06,443,7774,8217
479,2019-08-07,451,7909,8360
479,2019-08-08,569,8294,8863
479,2019-08-09,600,8177,8777
479,2019-08-10,302,6224,6526
479,2019-08-11,179,5563,5742
479,2019-08-12,441,7448,7889
479,2019-08-13,475,7818,8293
479,2019-08-14,546,8303,8849
479,2019-08-15,70,5040,5110
479,2019-08-16,464,7151,7615
479,2019-08-17,159,4841,5000
479,2019-08-18,44,4483,4527
479,2019-08-19,576,7947,8523
479,2019-08-20,518,8144,8662
479,2019-08-21,579,8335,8914
479,2019-08-22,589,8348,8937
479,2019-08-23,595,8630,9225
479,2019-08-24,170,6156,6326
479,2019-08-25,75,5765,5840
479,2019-08-26,652,8556,9208
479,2019-08-27,681,8301,8982
479,2019-08-28,647,7941,8588
479,2019-08-29,668,8165,8833
479,2019-08-30,710,8822,9532
479,2019-08-31,170,6482,6652
479,2019-09-01,63,5338,5401
479,2019-09-02,718,8347,9065
479,2019-09-03,740,8896,9636
479,2019-09-04,764,8998,9762
479,2019-09-05,904,8832,9736
479,2019-09-06,736,8891,9627
479,2019-09-07,158,4221,4379
479,2019-09-08,50,3308,3358
479,2019-09-09,617,8311,8928
479,2019-09-10,649,8513,9162
479,2019-09-11,729,9026,9755
479,2019-09-12,761,9068,9829
479,2019-09-13,766,8887,9653
479,2019-09-14,488,7084,7572
479,2019-09-15,113,6509,6622
479,2019-09-16,735,9122,9857
479,2019-09-17,829,9375,10204
479,2019-09-18,792,9491,10283
479,2019-09-19,708,9500,10208
479,2019-09-20,740,9597,10337
479,2019-09-21,198,6704,6902
479,2019-09-22,79,5500,5579
479,2019-09-23,687,8928,9615
479,2019-09-24,708,9223,9931
479,2019-09-25,705,9194,9899
479,2019-09-26,654,9424,10078
479,2019-09-27,654,9481,10135
479,2019-09-28,187,6844,7031
479,2019-09-29,67,5391,5458
479,2019-09-30,712,9103,9815
479,2019-10-01,675,9311,9986
479,2019-10-02,728,9617,10345
479,2019-10-03,605,9825,10430
479,2019-10-04,648,8920,9568
479,2019-10-05,141,4917,5058
479,2019-10-06,30,3844,3874
479,2019-10-07,633,8997,9630
479,2019-10-08,512,8285,8797
479,2019-10-09,687,8901,9588
479,2019-10-10,719,9266,9985
479,2019-10-11,738,9506,10244
479,2019-10-12,174,6911,7085
479,2019-10-13,72,6007,6079
479,2019-10-14,665,9126,9791
479,2019-10-15,652,9274,9926
479,2019-10-16,709,9184,9893
479,2019-10-17,671,9244,9915
479,2019-10-18,639,9385,10024
479,2019-10-19,138,6228,6366
479,2019-10-20,54,4800,4854
479,2019-10-21,674,9001,9675
479,2019-10-22,712,9408,10120
479,2019-10-23,677,9715,10392
479,2019-10-24,739,9663,10402
479,2019-10-25,750,10025,10775
479,2019-10-26,309,8071,8380
479,2019-10-27,104,5650,5754
479,2019-10-28,743,9151,9894
479,2019-10-29,661,9159,9820
479,2019-10-30,680,8858,9538
479,2019-11-01,86,4900,4986
479,2019-11-02,254,6653,6907
479,2019-11-03,54,5433,5487
479,2019-11-04,612,8818,9430
479,2019-11-05,688,9334,10022
479,2019-11-06,693,9025,9718
479,2019-11-07,756,9288,10044
479,2019-11-08,771,9768,10539
479,2019-11-09,198,6403,6601
479,2019-11-10,50,4748,4798
479,2019-11-11,708,8932,9640
479,2019-11-12,629,9024,9653
479,2019-11-13,698,9312,10010
479,2019-11-14,692,9498,10190
479,2019-11-15,698,9120,9818
479,2019-11-16,157,6530,6687
479,2019-11-17,49,4656,4705
479,2019-11-18,709,8927,9636
479,2019-11-19,647,9195,9842
479,2019-11-20,716,9000,9716
479,2019-11-21,711,9249,9960
479,2019-11-22,698,8608,9306
479,2019-11-23,191,5943,6134
479,2019-11-24,38,4769,4807
479,2019-11-25,660,8773,9433
479,2019-11-26,627,8069,8696
479,2019-11-27,691,9046,9737
479,2019-11-28,737,9438,10175
479,2019-11-29,719,9415,10134
479,2019-11-30,179,6579,6758
479,2019-12-01,38,4373,4411
479,2019-12-02,685,8938,9623
479,2019-12-03,693,9260,9953
479,2019-12-04,702,9280,9982
479,2019-12-05,594,9477,10071
479,2019-12-06,620,9023,9643
479,2019-12-07,153,6081,6234
479,2019-12-08,34,4473,4507
479,2019-12-09,641,8380,9021
479,2019-12-10,692,9151,9843
479,2019-12-11,666,8831,9497
479,2019-12-12,666,8982,9648
479,2019-12-13,664,9103,9767
479,2019-12-14,160,6138,6298
479,2019-12-15,41,4469,4510
479,2019-12-16,691,8392,9083
479,2019-12-17,694,9574,10268
479,2019-12-18,692,9047,9739
479,2019-12-19,700,9383,10083
479,2019-12-20,512,9081,9593
479,2019-12-21,142,5807,5949
479,2019-12-22,29,3982,4011
479,2019-12-23,366,7501,7867
479,2019-12-24,278,5452,5730
479,2019-12-25,28,3346,3374
479,2019-12-26,34,3418,3452
479,2019-12-27,336,6049,6385
479,2019-12-28,131,4865,4996
479,2019-12-29,42,3881,3923
479,2019-12-30,360,6581,6941
479,2019-12-31,303,5291,5594
481,2019-01-01,61,1824,1885
481,2019-01-02,184,3712,3896
481,2019-01-03,177,4047,4224
481,2019-01-04,198,4184,4382
481,2019-01-05,114,3116,3230
481,2019-01-06,53,2369,2422
481,2019-01-07,261,4489,4750
481,2019-01-08,269,4661,4930
481,2019-01-09,249,4732,4981
481,2019-01-10,247,4728,4975
481,2019-01-11,242,4611,4853
481,2019-01-12,166,3780,3946
481,2019-01-13,81,2399,2480
481,2019-01-14,256,4800,5056
481,2019-01-15,268,4996,5264
481,2019-01-16,252,4940,5192
481,2019-01-18,247,4932,5179
481,2019-01-19,136,3662,3798
481,2019-01-20,62,2538,2600
481,2019-01-21,244,4633,4877
481,2019-01-22,224,4602,4826
481,2019-01-23,246,4546,4792
481,2019-01-24,265,4938,5203
481,2019-01-25,290,4629,4919
481,2019-01-26,122,3580,3702
481,2019-01-27,52,2450,2502
481,2019-01-28,256,4645,4901
481,2019-01-29,264,4906,5170
481,2019-01-30,137,3431,3568
481,2019-02-01,244,4696,4940
481,2019-02-02,118,3311,3429
481,2019-02-03,64,2577,2641
481,2019-02-04,250,4537,4787
481,2019-02-05,253,4840,5093
481,2019-02-06,270,4744,5014
481,2019-02-07,284,5152,5436
481,2019-02-08,263,4907,5170
481,2019-02-09,148,3544,3692
481,2019-02-10,52,2544,2596
481,2019-02-11,261,4648,4909
481,2019-02-12,270,4849,5119
481,2019-02-13,280,4929,5209
481,2019-02-15,259,4969,5228
481,2019-02-16,128,3373,3501
481,2019-02-17,56,2553,2609
481,2019-02-18,235,4254,4489
481,2019-02-19,255,4357,4612
481,2019-02-20,236,4300,4536
481,2019-02-21,234,4349,4583
481,2019-02-22,254,4318,4572
481,2019-02-23,151,3531,3682
481,2019-02-24,56,2881,2937
481,2019-02-25,289,4726,5015
481,2019-02-26,263,5144,5407
481,2019-02-27,285,5101,5386
481,2019-03-01,304,5138,5442
481,2019-03-02,159,3829,3988
481,2019-03-03,63,2632,2695
481,2019-03-04,268,4682,4950
481,2019-03-05,260,5346,5606
481,2019-03-06,290,5344,5634
481,2019-03-07,272,5434,5706
481,2019-03-08,288,5280,5568
481,2019-03-09,158,3740,3898
481,2019-03-10,78,2592,2670
481,2019-03-11,308,5034,5342
481,2019-03-12,292,5336,5628
481,2019-03-13,366,5188,5554
481,2019-03-15,274,5104,5378
481,2019-03-16,144,3802,3946
481,2019-03-17,68,2852,2920
481,2019-03-18,245,4661,4906
481,2019-03-19,257,5094,5351
481,2019-03-20,267,5035,5302
481,2019-03-21,281,5234,5515
481,2019-03-22,256,5165,5421
481,2019-03-23,154,3881,4035
481,2019-03-24,59,2930,2989
481,2019-03-25,293,4892,5185
481,2019-03-26,298,5028,5326
481,2019-03-27,275,4979,5254
481,2019-03-29,297,5705,6002
481,2019-03-30,177,4207,4384
481,2019-04-01,289,5027,5316
481,2019-04-02,316,5526,5842
481,2019-04-03,293,4981,5274
481,2019-04-05,294,5070,5364
481,2019-04-06,180,3806,3986
481,2019-04-07,72,2835,2907
481,2019-04-08,295,4719,5014
481,2019-04-09,298,5290,5588
481,2019-04-10,264,4769,5033
481,2019-04-12,256,4707,4963
481,2019-04-13,165,3952,4117
481,2019-04-14,63,2366,2429
481,2019-04-15,295,4655,4950
481,2019-04-16,283,4721,5004
481,2019-04-17,275,4911,5186
481,2019-04-18,245,4887,5132
481,2019-04-19,270,4992,5262
481,2019-04-20,150,3596,3746
481,2019-04-21,67,2944,3011
481,2019-04-22,62,2841,2903
481,2019-04-23,279,5044,5323
481,2019-04-24,300,4970,5270
481,2019-07-01,293,5398,5691
481,2019-07-02,300,5458,5758
481,2019-07-03,337,5332,5669
481,2019-07-04,307,5341,5648
481,2019-07-05,320,5342,5662
481,2019-07-06,134,3601,3735
481,2019-07-07,68,2996,3064
481,2019-07-08,333,5079,5412
481,2019-07-09,314,5129,5443
481,2019-07-10,316,5176,5492
481,2019-07-11,299,5594,5893
481,2019-07-12,264,4922,5186
481,2019-07-13,148,3919,4067
481,2019-07-14,63,2841,2904
481,2019-07-15,352,5024,5376
481,2019-07-16,310,5027,5337
481,2019-07-17,282,4848,5130
481,2019-07-18,321,5007,5328
481,2019-07-19,311,5078,5389
481,2019-07-20,128,3598,3726
481,2019-07-21,49,2850,2899
481,2019-07-22,260,4665,4925
481,2019-07-23,241,4824,5065
481,2019-07-24,301,4831,5132
481,2019-07-25,236,4644,4880
481,2019-07-26,188,4724,4912
481,2019-07-27,98,3259,3357
481,2019-07-28,60,2502,2562
481,2019-07-29,198,4522,4720
481,2019-07-30,190,4643,4833
481,2019-07-31,209,4701,4910
481,2019-08-01,189,4714,4903
481,2019-08-02,198,4646,4844
481,2019-08-03,117,3192,3309
481,2019-08-04,49,2509,2558
481,2019-08-05,177,4171,4348
481,2019-08-06,188,4282,4470
481,2019-08-07,193,4405,4598
481,2019-08-08,209,4372,4581
481,2019-08-09,200,4432,4632
481,2019-08-10,131,3165,3296
481,2019-08-11,55,2428,2483
481,2019-08-12,190,4239,4429
481,2019-08-13,193,4322,4515
481,2019-08-14,204,4478,4682
481,2019-08-15,45,2775,2820
481,2019-08-16,175,3977,4152
481,2019-08-17,98,2893,2991
481,2019-08-18,53,2195,2248
481,2019-08-19,232,4435,4667
481,2019-08-20,260,4503,4763
481,2019-08-21,250,4869,5119
481,2019-08-22,256,4700,4956
481,2019-08-23,249,4546,4795
481,2019-08-24,135,3475,3610
481,2019-08-25,72,2743,2815
481,2019-08-26,254,4429,4683
481,2019-08-27,311,4773,5084
481,2019-08-28,294,4999,5293
481,2019-08-29,283,4961,5244
481,2019-08-30,283,5156,5439
481,2019-08-31,151,3555,3706
481,2019-09-01,62,2975,3037
481,2019-09-02,302,4826,5128
481,2019-09-03,282,4868,5150
481,2019-09-04,296,4826,5122
481,2019-09-05,319,4939,5258
481,2019-09-06,338,4662,5000
481,2019-09-07,163,2177,2340
481,2019-09-08,55,1755,1810
481,2019-09-09,285,4819,5104
481,2019-09-10,323,4831,5154
481,2019-09-11,393,4640,5033
481,2019-09-12,308,4656,4964
481,2019-09-13,285,4809,5094
481,2019-09-14,152,3354,3506
481,2019-09-15,121,2978,3099
481,2019-09-16,327,4916,5243
481,2019-09-17,323,5203,5526
481,2019-09-18,366,5307,5673
481,2019-09-19,322,5261,5583
481,2019-09-20,345,5123,5468
481,2019-09-21,141,4094,4235
481,2019-09-22,56,3102,3158
481,2019-09-23,282,5232,5514
481,2019-09-24,316,5171,5487
481,2019-09-25,278,5091,5369
481,2019-09-26,314,4939,5253
481,2019-09-27,279,4978,5257
481,2019-09-28,157,3853,4010
481,2019-09-29,86,2886,2972
481,2019-09-30,275,4981,5256
481,2019-10-01,278,4924,5202
481,2019-10-02,285,4984,5269
481,2019-10-03,326,5083,5409
481,2019-10-04,289,4902,5191
481,2019-10-05,137,3089,3226
481,2019-10-06,50,2491,2541
481,2019-10-07,248,4624,4872
481,2019-10-08,288,4863,5151
481,2019-10-09,274,4958,5232
481,2019-10-10,287,4919,5206
481,2019-10-11,297,5049,5346
481,2019-10-12,157,4005,4162
481,2019-10-13,66,3447,3513
481,2019-10-14,272,4947,5219
481,2019-10-15,265,5119,5384
481,2019-10-16,254,5145,5399
481,2019-10-17,290,4945,5235
481,2019-10-18,277,4922,5199
481,2019-10-19,140,3915,4055
481,2019-10-20,48,2924,2972
481,2019-10-21,273,4748,5021
481,2019-10-22,264,5082,5346
481,2019-10-23,295,5069,5364
481,2019-10-24,275,5006,5281
481,2019-10-25,273,5094,5367
481,2019-10-26,135,3833,3968
481,2019-10-27,55,2764,2819
481,2019-10-28,218,4888,5106
481,2019-10-29,275,4810,5085
481,2019-10-30,288,5033,5321
481,2019-11-01,50,2586,2636
481,2019-11-02,113,3364,3477
481,2019-11-03,49,2401,2450
481,2019-11-04,266,4821,5087
481,2019-11-05,296,5033,5329
481,2019-11-06,279,5001,5280
481,2019-11-07,270,5123,5393
481,2019-11-08,294,5248,5542
481,2019-11-09,124,3996,4120
481,2019-11-10,59,2992,3051
481,2019-11-11,253,4813,5066
481,2019-11-12,270,5010,5280
481,2019-11-13,269,4980,5249
481,2019-11-14,279,5115,5394
481,2019-11-15,291,5031,5322
481,2019-11-16,123,3942,4065
481,2019-11-17,50,2746,2796
481,2019-11-18,260,4726,4986
481,2019-11-19,272,5204,5476
481,2019-11-20,320,5120,5440
481,2019-11-21,304,4985,5289
481,2019-11-22,294,5161,5455
481,2019-11-23,123,4146,4269
481,2019-11-24,46,3303,3349
481,2019-11-25,284,4770,5054
481,2019-11-26,272,4994,5266
481,2019-11-27,266,5103,5369
481,2019-11-28,230,5059,5289
481,2019-11-29,234,5152,5386
481,2019-11-30,150,4261,4411
481,2019-12-01,34,2679,2713
481,2019-12-02,270,4741,5011
481,2019-12-03,309,4978,5287
481,2019-12-04,294,5216,5510
481,2019-12-05,332,5166,5498
481,2019-12-06,369,5168,5537
481,2019-12-07,129,3904,4033
481,2019-12-08,43,2700,2743
481,2019-12-09,332,5223,5555
481,2019-12-10,312,5185,5497
481,2019-12-11,255,5008,5263
481,2019-12-12,298,5046,5344
481,2019-12-13,250,5048,5298
481,2019-12-14,170,3958,4128
481,2019-12-15,43,2975,3018
481,2019-12-16,262,4879,5141
481,2019-12-17,280,5350,5630
481,2019-12-18,296,5232,5528
481,2019-12-19,262,5316,5578
481,2019-12-20,218,5275,5493
481,2019-12-21,123,3549,3672
481,2019-12-22,37,2723,2760
481,2019-12-23,168,4485,4653
481,2019-12-24,171,3865,4036
481,2019-12-25,31,2130,2161
481,2019-12-26,39,2019,2058
481,2019-12-27,139,3852,3991
481,2019-12-28,119,2897,3016
481,2019-12-29,51,2196,2247
481,2019-12-30,176,3891,4067
481,2019-12-31,172,3674,3846
483,2019-01-01,38,1832,1870
483,2019-01-02,281,4908,5189
483,2019-01-03,320,5532,5852
483,2019-01-04,365,5246,5611
483,2019-01-05,183,3540,3723
483,2019-01-06,57,2811,2868
483,2019-01-07,376,6263,6639
483,2019-01-08,300,5928,6228
483,2019-01-09,270,5486,5756
483,2019-01-11,452,6699,7151
483,2019-01-12,200,3850,4050
483,2019-01-13,85,2897,2982
483,2019-01-15,526,6382,6908
483,2019-01-16,502,6284,6786
483,2019-01-17,514,6870,7384
483,2019-01-18,661,7208,7869
483,2019-01-19,224,4205,4429
483,2019-01-20,70,3105,3175
483,2019-01-22,424,6148,6572
483,2019-01-23,555,6425,6980
483,2019-01-24,553,6812,7365
483,2019-01-25,556,6542,7098
483,2019-01-26,221,3826,4047
483,2019-01-27,36,2462,2498
483,2019-01-29,597,6866,7463
483,2019-01-30,513,6365,6878
483,2019-01-31,538,6668,7206
483,2019-02-01,370,6090,6460
483,2019-02-02,160,3288,3448
483,2019-02-03,75,3199,3274
483,2019-02-04,506,6840,7346
483,2019-02-05,485,7343,7828
483,2019-02-06,583,6942,7525
483,2019-02-07,448,6504,6952
483,2019-02-08,599,7159,7758
483,2019-02-09,172,3424,3596
483,2019-02-10,38,2276,2314
483,2019-02-12,609,6767,7376
483,2019-02-13,540,5703,6243
483,2019-02-14,488,5638,6126
483,2019-02-15,582,6891,7473
483,2019-02-16,225,4408,4633
483,2019-02-17,72,3708,3780
483,2019-02-19,526,6329,6855
483,2019-02-20,582,6373,6955
483,2019-02-21,569,6511,7080
483,2019-02-22,586,6687,7273
483,2019-02-23,253,4276,4529
483,2019-02-24,71,3735,3806
483,2019-02-25,494,6112,6606
483,2019-02-26,514,6880,7394
483,2019-02-27,568,6966,7534
483,2019-02-28,680,7301,7981
483,2019-03-01,646,7375,8021
483,2019-03-02,237,4323,4560
483,2019-03-03,55,3119,3174
483,2019-03-05,536,6656,7192
483,2019-03-06,648,6710,7358
483,2019-03-07,518,6572,7090
483,2019-03-08,450,6394,6844
483,2019-03-09,200,3722,3922
483,2019-03-10,54,2466,2520
483,2019-03-11,516,6498,7014
483,2019-03-12,494,6630,7124
483,2019-03-13,574,6026,6600
483,2019-03-14,564,6596,7160
483,2019-03-15,681,7046,7727
483,2019-03-16,222,4296,4518
483,2019-03-17,42,2734,2776
483,2019-03-19,724,7344,8068
483,2019-03-20,540,6332,6872
483,2019-03-21,790,7553,8343
483,2019-03-22,736,7594,8330
483,2019-03-23,281,4974,5255
483,2019-03-24,61,3575,3636
483,2019-03-25,528,6042,6570
483,2019-03-26,684,7132,7816
483,2019-03-27,687,7062,7749
483,2019-03-28,717,7328,8045
483,2019-03-29,667,7615,8282
483,2019-03-30,251,4950,5201
483,2019-04-02,768,7382,8150
483,2019-04-03,577,5546,6123
483,2019-04-04,822,8126,8948
483,2019-04-05,814,9586,10400
483,2019-04-06,258,4598,4856
483,2019-04-07,60,3024,3084
483,2019-04-08,596,7455,8051
483,2019-04-09,472,7840,8312
483,2019-04-10,458,7592,8050
483,2019-04-11,558,8296,8854
483,2019-04-12,626,9524,10150
483,2019-04-13,230,3212,3442
483,2019-04-14,57,3088,3145
483,2019-04-16,626,6463,7089
483,2019-04-17,546,7640,8186
483,2019-04-18,609,6646,7255
483,2019-04-19,511,6516,7027
483,2019-04-20,221,4916,5137
483,2019-04-21,62,3883,3945
483,2019-04-22,67,3823,3890
483,2019-04-23,660,7110,7770
483,2019-04-24,598,6180,6778
483,2019-04-25,688,6977,7665
483,2019-04-26,748,7784,8532
483,2019-04-27,341,4562,4903
483,2019-04-28,101,3381,3482
483,2019-04-30,729,7975,8704
483,2019-05-01,103,4231,4334
483,2019-05-02,719,7185,7904
483,2019-05-03,622,6566,7188
483,2019-05-04,210,3508,3718
483,2019-05-05,46,3020,3066
483,2019-05-07,1006,7946,8952
483,2019-05-08,560,6656,7216
483,2019-05-09,58,2572,2630
483,2019-05-10,428,5734,6162
483,2019-05-11,190,3480,3670
483,2019-05-12,67,3837,3904
483,2019-05-14,687,7888,8575
483,2019-05-15,590,7020,7610
483,2019-05-16,735,7537,8272
483,2019-05-17,630,7064,7694
483,2019-05-18,292,5174,5466
483,2019-05-19,86,4143,4229
483,2019-05-21,714,7282,7996
483,2019-05-22,615,7343,7958
483,2019-05-23,678,7850,8528
483,2019-05-24,691,7839,8530
483,2019-05-25,312,4662,4974
483,2019-05-26,79,3897,3976
483,2019-05-28,494,6198,6692
483,2019-05-29,604,7261,7865
483,2019-05-30,90,3149,3239
483,2019-05-31,459,6037,6496
483,2019-06-01,259,4372,4631
483,2019-06-02,91,4269,4360
483,2019-06-03,644,6705,7349
483,2019-07-01,416,6124,6540
483,2019-07-02,561,7645,8206
483,2019-07-03,599,7396,7995
483,2019-07-04,573,7314,7887
483,2019-07-05,597,7270,7867
483,2019-07-06,216,4525,4741
483,2019-07-07,85,3831,3916
483,2019-07-08,477,6575,7052
483,2019-07-09,620,7786,8406
483,2019-07-10,453,6240,6693
483,2019-07-11,659,7624,8283
483,2019-07-12,641,8234,8875
483,2019-07-13,252,4784,5036
483,2019-07-14,82,3994,4076
483,2019-07-15,646,7616,8262
483,2019-07-16,559,8609,9168
483,2019-07-17,613,8427,9040
483,2019-07-18,597,8774,9371
483,2019-07-19,612,8458,9070
483,2019-07-20,216,4161,4377
483,2019-07-21,83,4057,4140
483,2019-07-22,507,5788,6295
483,2019-07-23,481,5985,6466
483,2019-07-24,430,5374,5804
483,2019-07-25,377,5269,5646
483,2019-07-26,339,6052,6391
483,2019-07-27,218,3957,4175
483,2019-07-28,86,3372,3458
483,2019-07-29,340,5855,6195
483,2019-07-30,391,6222,6613
483,2019-07-31,390,6060,6450
483,2019-08-01,395,6124,6519
483,2019-08-02,410,6189,6599
483,2019-08-03,217,4140,4357
483,2019-08-04,82,3579,3661
483,2019-08-05,302,5246,5548
483,2019-08-06,328,5487,5815
483,2019-08-07,308,5452,5760
483,2019-08-08,308,5630,5938
483,2019-08-09,343,5276,5619
483,2019-08-10,177,3794,3971
483,2019-08-11,77,3289,3366
483,2019-08-12,374,5035,5409
483,2019-08-13,287,5404,5691
483,2019-08-14,304,5331,5635
483,2019-08-15,181,3208,3389
483,2019-08-16,584,4975,5559
483,2019-08-17,353,3115,3468
483,2019-08-18,158,2773,2931
483,2019-08-19,732,5890,6622
483,2019-08-20,851,6091,6942
483,2019-08-21,439,5979,6418
483,2019-08-22,367,6008,6375
483,2019-08-23,333,6173,6506
483,2019-08-24,163,3776,3939
483,2019-08-25,50,3369,3419
483,2019-08-26,338,3383,3721
483,2019-08-27,450,5604,6054
483,2019-08-28,450,5401,5851
483,2019-08-29,441,4188,4629
483,2019-08-30,517,6642,7159
483,2019-08-31,218,3819,4037
483,2019-09-01,78,3338,3416
483,2019-09-02,450,3660,4110
483,2019-09-03,692,7378,8070
483,2019-09-04,438,6394,6832
483,2019-09-05,560,6046,6606
483,2019-09-06,603,6677,7280
483,2019-09-07,259,4290,4549
483,2019-09-08,82,3165,3247
483,2019-09-09,490,6053,6543
483,2019-09-10,376,6054,6430
483,2019-09-11,853,6696,7549
483,2019-09-12,876,6898,7774
483,2019-09-13,801,6578,7379
483,2019-09-14,214,5552,5766
483,2019-09-15,233,8270,8503
483,2019-09-16,773,6754,7527
483,2019-09-17,809,7238,8047
483,2019-09-18,967,6763,7730
483,2019-09-19,496,6532,7028
483,2019-09-20,913,7417,8330
483,2019-09-21,402,4796,5198
483,2019-09-22,147,3830,3977
483,2019-09-23,766,6362,7128
483,2019-09-24,859,7115,7974
483,2019-09-25,803,7239,8042
483,2019-09-26,812,7424,8236
483,2019-09-27,468,6904,7372
483,2019-09-28,228,4761,4989
483,2019-09-29,40,2812,2852
483,2019-09-30,523,6651,7174
483,2019-10-01,774,8016,8790
483,2019-10-02,623,7527,8150
483,2019-10-03,449,7629,8078
483,2019-10-04,431,7012,7443
483,2019-10-05,185,4828,5013
483,2019-10-06,54,2677,2731
483,2019-10-07,495,6783,7278
483,2019-10-08,415,6279,6694
483,2019-10-09,502,7131,7633
483,2019-10-10,431,5469,5900
483,2019-10-11,510,7664,8174
483,2019-10-12,193,4831,5024
483,2019-10-13,46,4171,4217
483,2019-10-14,319,6016,6335
483,2019-10-15,370,4111,4481
483,2019-10-16,510,6931,7441
483,2019-10-17,505,5655,6160
483,2019-10-18,496,7492,7988
483,2019-10-19,184,4522,4706
483,2019-10-20,42,2420,2462
483,2019-10-21,542,6898,7440
483,2019-10-22,534,7432,7966
483,2019-10-23,551,7318,7869
483,2019-10-24,544,7820,8364
483,2019-10-25,529,7064,7593
483,2019-10-26,268,6369,6637
483,2019-10-27,73,4465,4538
483,2019-10-28,579,7100,7679
483,2019-10-29,610,7205,7815
483,2019-10-30,649,7237,7886
483,2019-11-01,53,2978,3031
483,2019-11-02,176,4528,4704
483,2019-11-03,42,3371,3413
483,2019-11-04,402,6167,6569
483,2019-11-05,501,6725,7226
483,2019-11-06,330,3967,4297
483,2019-11-07,441,7058,7499
483,2019-11-08,542,7571,8113
483,2019-11-09,210,4765,4975
483,2019-11-10,54,3374,3428
483,2019-11-11,354,6824,7178
483,2019-11-12,408,4206,4614
483,2019-11-13,445,4682,5127
483,2019-11-14,544,7755,8299
483,2019-11-15,584,6776,7360
483,2019-11-16,210,4524,4734
483,2019-11-17,54,2944,2998
483,2019-11-18,548,7199,7747
483,2019-11-19,580,7797,8377
483,2019-11-20,726,7232,7958
483,2019-11-21,900,7480,8380
483,2019-11-22,573,7384,7957
483,2019-11-23,186,4489,4675
483,2019-11-24,52,3398,3450
483,2019-11-25,725,7076,7801
483,2019-11-26,561,7516,8077
483,2019-11-27,454,6764,7218
483,2019-11-28,494,7692,8186
483,2019-11-29,548,7664,8212
483,2019-11-30,230,4161,4391
483,2019-12-01,51,3120,3171
483,2019-12-02,518,7265,7783
483,2019-12-03,583,7692,8275
483,2019-12-04,573,7292,7865
483,2019-12-05,515,7813,8328
483,2019-12-06,483,7113,7596
483,2019-12-07,179,4326,4505
483,2019-12-08,36,2328,2364
483,2019-12-09,490,7464,7954
483,2019-12-10,530,7886,8416
483,2019-12-11,443,7527,7970
483,2019-12-12,698,7713,8411
483,2019-12-13,461,7856,8317
483,2019-12-14,170,4402,4572
483,2019-12-15,43,3097,3140
483,2019-12-16,442,7005,7447
483,2019-12-17,491,7104,7595
483,2019-12-18,457,7346,7803
483,2019-12-19,445,7636,8081
483,2019-12-20,372,7664,8036
483,2019-12-21,154,4252,4406
483,2019-12-22,34,2685,2719
483,2019-12-23,221,5210,5431
483,2019-12-24,182,4328,4510
483,2019-12-25,38,2511,2549
483,2019-12-26,47,2516,2563
483,2019-12-27,219,4467,4686
483,2019-12-28,178,3533,3711
483,2019-12-29,45,2870,2915
483,2019-12-30,250,4517,4767
483,2019-12-31,216,4007,4223
484,2019-01-01,13,1501,1514
484,2019-01-02,133,2624,2757
484,2019-01-03,131,2957,3088
484,2019-01-04,147,3184,3331
484,2019-01-05,74,2420,2494
484,2019-01-06,16,1845,1861
484,2019-01-07,179,3569,3748
484,2019-01-08,228,4222,4450
484,2019-01-09,301,3545,3846
484,2019-01-10,215,3905,4120
484,2019-01-11,218,3798,4016
484,2019-01-12,92,2631,2723
484,2019-01-13,16,2134,2150
484,2019-01-14,243,3804,4047
484,2019-01-15,243,4069,4312
484,2019-01-16,312,3930,4242
484,2019-01-18,304,4081,4385
484,2019-01-19,88,2808,2896
484,2019-01-20,14,2109,2123
484,2019-01-21,322,3802,4124
484,2019-01-22,374,3779,4153
484,2019-01-23,282,3608,3890
484,2019-01-24,235,4012,4247
484,2019-01-25,288,3985,4273
484,2019-01-26,94,2573,2667
484,2019-01-27,52,1726,1778
484,2019-01-28,296,3723,4019
484,2019-01-29,284,4011,4295
484,2019-01-30,188,3423,3611
484,2019-02-01,198,3404,3602
484,2019-02-02,77,2690,2767
484,2019-02-03,18,2164,2182
484,2019-02-04,277,3791,4068
484,2019-02-05,303,4137,4440
484,2019-02-06,311,3975,4286
484,2019-02-07,274,3596,3870
484,2019-02-08,277,4004,4281
484,2019-02-11,365,3880,4245
484,2019-02-12,384,4088,4472
484,2019-02-13,355,4131,4486
484,2019-02-15,332,4203,4535
484,2019-02-16,92,3002,3094
484,2019-02-17,21,2625,2646
484,2019-02-18,259,3441,3700
484,2019-02-19,255,3697,3952
484,2019-02-20,248,3837,4085
484,2019-02-21,277,3672,3949
484,2019-02-22,266,4055,4321
484,2019-02-23,105,3189,3294
484,2019-02-24,37,2996,3033
484,2019-02-25,348,4468,4816
484,2019-02-26,412,4958,5370
484,2019-02-27,400,4409,4809
484,2019-03-01,311,4443,4754
484,2019-03-02,120,3236,3356
484,2019-03-03,24,2357,2381
484,2019-03-04,456,4174,4630
484,2019-03-05,290,4010,4300
484,2019-03-06,312,3970,4282
484,2019-03-07,338,4490,4828
484,2019-03-08,323,4603,4926
484,2019-03-09,105,3111,3216
484,2019-03-11,340,4498,4838
484,2019-03-12,586,4700,5286
484,2019-03-13,378,4546,4924
484,2019-03-15,398,4441,4839
484,2019-03-16,101,3089,3190
484,2019-03-17,20,2452,2472
484,2019-03-18,372,3954,4326
484,2019-03-19,325,4365,4690
484,2019-03-20,376,4437,4813
484,2019-03-21,321,4700,5021
484,2019-03-22,340,4937,5277
484,2019-03-23,119,3746,3865
484,2019-03-24,17,2808,2825
484,2019-03-25,394,3956,4350
484,2019-03-26,431,4286,4717
484,2019-03-27,343,4655,4998
484,2019-03-29,688,4803,5491
484,2019-03-30,138,4363,4501
484,2019-04-01,446,4643,5089
484,2019-04-02,432,4359,4791
484,2019-04-03,414,4744,5158
484,2019-04-05,526,6900,7426
484,2019-04-06,129,3762,3891
484,2019-04-07,28,2725,2753
484,2019-04-08,319,3923,4242
484,2019-04-09,352,4257,4609
484,2019-04-10,302,4136,4438
484,2019-04-12,333,4660,4993
484,2019-04-13,114,2945,3059
484,2019-04-14,21,2275,2296
484,2019-04-15,465,4073,4538
484,2019-04-16,284,3880,4164
484,2019-04-17,326,4404,4730
484,2019-04-18,293,4906,5199
484,2019-04-19,276,5607,5883
484,2019-04-20,104,4127,4231
484,2019-04-21,19,3197,3216
484,2019-04-22,34,3077,3111
484,2019-04-23,312,4717,5029
484,2019-04-24,294,4508,4802
484,2019-04-26,347,4822,5169
484,2019-04-27,124,3862,3986
484,2019-04-28,23,2656,2679
484,2019-04-29,414,4339,4753
484,2019-04-30,535,5012,5547
484,2019-05-01,35,3484,3519
484,2019-05-02,378,4719,5097
484,2019-05-03,351,4750,5101
484,2019-05-04,117,3068,3185
484,2019-05-05,19,2580,2599
484,2019-05-06,486,4890,5376
484,2019-05-07,324,4512,4836
484,2019-05-08,322,4448,4770
484,2019-05-10,292,3926,4218
484,2019-05-11,96,3010,3106
484,2019-05-12,36,3103,3139
484,2019-05-13,270,4324,4594
484,2019-05-14,370,4504,4874
484,2019-05-15,409,5220,5629
484,2019-05-16,417,5194,5611
484,2019-05-17,438,5196,5634
484,2019-05-18,244,4747,4991
484,2019-05-19,45,3376,3421
484,2019-05-20,424,4760,5184
484,2019-05-21,554,4729,5283
484,2019-05-22,430,4204,4634
484,2019-05-24,404,5259,5663
484,2019-05-25,135,3845,3980
484,2019-05-26,28,3292,3320
484,2019-05-27,300,4094,4394
484,2019-05-28,320,4396,4716
484,2019-05-29,326,5004,5330
484,2019-05-30,49,2395,2444
484,2019-05-31,228,4379,4607
484,2019-06-01,138,3833,3971
484,2019-06-02,32,3273,3305
484,2019-06-03,487,4216,4703
484,2019-06-04,458,5091,5549
484,2019-06-05,308,4598,4906
484,2019-06-07,379,5085,5464
484,2019-06-08,131,4115,4246
484,2019-06-09,24,3812,3836
484,2019-06-10,32,2198,2230
484,2019-06-11,410,4546,4956
484,2019-06-12,438,4654,5092
484,2019-06-13,341,5083,5424
484,2019-06-14,421,5031,5452
484,2019-06-15,146,4193,4339
484,2019-06-16,30,3155,3185
484,2019-06-17,340,4214,4554
484,2019-06-18,397,4773,5170
484,2019-06-19,388,4629,5017
484,2019-06-20,323,4743,5066
484,2019-06-21,390,4899,5289
484,2019-06-22,168,3513,3681
484,2019-06-23,69,2974,3043
484,2019-06-24,361,4436,4797
484,2019-06-25,423,4668,5091
484,2019-06-26,445,4495,4940
484,2019-06-27,433,4886,5319
484,2019-06-28,396,5238,5634
484,2019-06-29,179,4823,5002
484,2019-06-30,52,3346,3398
484,2019-07-01,378,4485,4863
484,2019-07-02,394,4955,5349
484,2019-07-03,465,4786,5251
484,2019-07-04,367,4957,5324
484,2019-07-05,428,4926,5354
484,2019-07-06,151,4534,4685
484,2019-07-07,27,3194,3221
484,2019-07-08,365,4496,4861
484,2019-07-09,474,4825,5299
484,2019-07-10,434,4828,5262
484,2019-07-11,452,4779,5231
484,2019-07-12,427,5188,5615
484,2019-07-13,113,3463,3576
484,2019-07-14,27,2916,2943
484,2019-07-15,377,4400,4777
484,2019-07-16,368,4948,5316
484,2019-07-17,394,4976,5370
484,2019-07-18,353,4842,5195
484,2019-07-19,408,4860,5268
484,2019-07-20,163,3645,3808
484,2019-07-21,40,3132,3172
484,2019-07-22,323,4138,4461
484,2019-07-23,405,4531,4936
484,2019-07-24,355,4330,4685
484,2019-07-25,321,4055,4376
484,2019-07-26,303,4123,4426
484,2019-07-27,113,2770,2883
484,2019-07-28,35,2304,2339
484,2019-07-29,219,3716,3935
484,2019-07-30,240,3864,4104
484,2019-07-31,248,3942,4190
484,2019-08-01,211,3956,4167
484,2019-08-02,225,3989,4214
484,2019-08-03,97,3024,3121
484,2019-08-04,55,3050,3105
484,2019-08-05,177,3318,3495
484,2019-08-06,205,3444,3649
484,2019-08-07,178,3367,3545
484,2019-08-08,234,3725,3959
484,2019-08-09,223,3317,3540
484,2019-08-10,87,2771,2858
484,2019-08-11,36,2357,2393
484,2019-08-12,164,3047,3211
484,2019-08-13,186,3420,3606
484,2019-08-14,190,3551,3741
484,2019-08-15,32,2138,2170
484,2019-08-16,246,3229,3475
484,2019-08-17,85,2374,2459
484,2019-08-18,12,1849,1861
484,2019-08-19,181,3376,3557
484,2019-08-20,238,3609,3847
484,2019-08-21,276,3775,4051
484,2019-08-22,232,3808,4040
484,2019-08-23,239,3869,4108
484,2019-08-24,113,2943,3056
484,2019-08-25,18,2546,2564
484,2019-08-26,288,3614,3902
484,2019-08-27,300,3882,4182
484,2019-08-28,319,3726,4045
484,2019-08-29,261,3809,4070
484,2019-08-30,297,3997,4294
484,2019-08-31,148,2720,2868
484,2019-09-01,23,2230,2253
484,2019-09-02,372,4670,5042
484,2019-09-03,522,4694,5216
484,2019-09-04,389,4293,4682
484,2019-09-05,377,4230,4607
484,2019-09-06,333,4260,4593
484,2019-09-07,120,2856,2976
484,2019-09-08,30,2097,2127
484,2019-09-09,273,3780,4053
484,2019-09-10,361,4081,4442
484,2019-09-11,336,3964,4300
484,2019-09-12,331,4321,4652
484,2019-09-13,328,4520,4848
484,2019-09-14,199,4556,4755
484,2019-09-15,54,5639,5693
484,2019-09-16,312,4379,4691
484,2019-09-17,336,4660,4996
484,2019-09-18,372,4586,4958
484,2019-09-19,347,4681,5028
484,2019-09-20,316,4694,5010
484,2019-09-21,156,3609,3765
484,2019-09-22,28,2893,2921
484,2019-09-23,335,4244,4579
484,2019-09-24,390,4848,5238
484,2019-09-25,372,4265,4637
484,2019-09-26,357,4537,4894
484,2019-09-27,387,4542,4929
484,2019-09-28,120,3181,3301
484,2019-09-29,29,2345,2374
484,2019-09-30,306,4378,4684
484,2019-10-01,383,4528,4911
484,2019-10-02,351,4696,5047
484,2019-10-03,339,4699,5038
484,2019-10-04,347,4773,5120
484,2019-10-05,93,3416,3509
484,2019-10-06,13,2298,2311
484,2019-10-07,285,4249,4534
484,2019-10-08,289,4771,5060
484,2019-10-09,335,4519,4854
484,2019-10-10,377,4552,4929
484,2019-10-11,329,4812,5141
484,2019-10-12,126,3606,3732
484,2019-10-13,31,3212,3243
484,2019-10-14,373,4335,4708
484,2019-10-15,324,4599,4923
484,2019-10-16,350,4458,4808
484,2019-10-17,328,4622,4950
484,2019-10-18,411,4640,5051
484,2019-10-19,112,3624,3736
484,2019-10-20,21,2291,2312
484,2019-10-21,363,4091,4454
484,2019-10-22,369,4530,4899
484,2019-10-23,392,4684,5076
484,2019-10-24,314,5020,5334
484,2019-10-25,388,5038,5426
484,2019-10-26,201,5229,5430
484,2019-10-27,26,3017,3043
484,2019-10-28,289,4525,4814
484,2019-10-29,320,4844,5164
484,2019-10-30,321,4742,5063
484,2019-11-01,40,3063,3103
484,2019-11-02,128,3552,3680
484,2019-11-03,30,2463,2493
484,2019-11-04,298,4285,4583
484,2019-11-05,308,4530,4838
484,2019-11-06,317,4479,4796
484,2019-11-07,317,4543,4860
484,2019-11-08,348,4643,4991
484,2019-11-09,2,83,85
484,2019-11-14,250,3397,3647
484,2019-11-15,314,4640,4954
484,2019-11-16,104,3188,3292
484,2019-11-17,20,2023,2043
484,2019-11-18,235,4066,4301
484,2019-11-19,289,4708,4997
484,2019-11-20,280,4543,4823
484,2019-11-21,347,4654,5001
484,2019-11-22,301,4637,4938
484,2019-11-23,100,3117,3217
484,2019-11-24,18,2366,2384
484,2019-11-25,305,4215,4520
484,2019-11-26,374,4496,4870
484,2019-11-27,307,4576,4883
484,2019-11-28,311,4550,4861
484,2019-11-29,311,4756,5067
484,2019-11-30,121,3358,3479
484,2019-12-01,17,2026,2043
484,2019-12-02,283,4224,4507
484,2019-12-03,355,4556,4911
484,2019-12-04,292,4413,4705
484,2019-12-05,353,4843,5196
484,2019-12-06,311,4798,5109
484,2019-12-07,100,3173,3273
484,2019-12-08,17,1906,1923
484,2019-12-09,246,4330,4576
484,2019-12-10,319,4468,4787
484,2019-12-11,305,4594,4899
484,2019-12-12,265,4849,5114
484,2019-12-13,236,4639,4875
484,2019-12-14,81,2938,3019
484,2019-12-15,12,2061,2073
484,2019-12-16,274,4265,4539
484,2019-12-17,273,4651,4924
484,2019-12-18,297,4548,4845
484,2019-12-19,251,4707,4958
484,2019-12-20,243,4894,5137
484,2019-12-21,67,2822,2889
484,2019-12-22,6,1918,1924
484,2019-12-23,107,3315,3422
484,2019-12-24,99,2970,3069
484,2019-12-25,6,1848,1854
484,2019-12-26,15,1648,1663
484,2019-12-27,115,2724,2839
484,2019-12-28,69,2253,2322
484,2019-12-29,13,1788,1801
484,2019-12-30,120,2778,2898
484,2019-12-31,72,2568,2640
485,2019-01-01,57,3025,3082
485,2019-01-02,241,4437,4678
485,2019-01-03,250,4812,5062
485,2019-01-04,257,5074,5331
485,2019-01-05,180,4380,4560
485,2019-01-06,67,3440,3507
485,2019-01-07,217,5451,5668
485,2019-01-08,209,5769,5978
485,2019-01-09,230,5566,5796
485,2019-01-10,215,5858,6073
485,2019-01-11,229,6094,6323
485,2019-01-12,181,5226,5407
485,2019-01-13,68,3656,3724
485,2019-01-14,299,5423,5722
485,2019-01-15,255,5856,6111
485,2019-01-16,293,5952,6245
485,2019-01-17,252,6392,6644
485,2019-01-18,289,6299,6588
485,2019-01-19,216,5328,5544
485,2019-01-20,74,3931,4005
485,2019-01-21,312,5626,5938
485,2019-01-22,231,5671,5902
485,2019-01-23,229,5494,5723
485,2019-01-24,229,5875,6104
485,2019-01-25,219,6260,6479
485,2019-01-26,176,5220,5396
485,2019-01-27,57,3866,3923
485,2019-01-28,231,5673,5904
485,2019-01-29,239,5925,6164
485,2019-01-30,226,5133,5359
485,2019-01-31,240,5636,5876
485,2019-02-01,231,6142,6373
485,2019-02-02,179,5137,5316
485,2019-02-03,56,3850,3906
485,2019-02-04,292,5646,5938
485,2019-02-05,274,6068,6342
485,2019-02-06,295,5950,6245
485,2019-02-07,206,5982,6188
485,2019-02-08,449,6296,6745
485,2019-02-09,185,5334,5519
485,2019-02-10,58,3548,3606
485,2019-02-11,238,5625,5863
485,2019-02-12,333,5883,6216
485,2019-02-13,266,5833,6099
485,2019-02-14,239,6377,6616
485,2019-02-15,257,6353,6610
485,2019-02-16,186,5444,5630
485,2019-02-17,54,4194,4248
485,2019-02-18,231,5036,5267
485,2019-02-19,251,5245,5496
485,2019-02-20,218,5323,5541
485,2019-02-21,226,5444,5670
485,2019-02-22,268,5702,5970
485,2019-02-23,175,5199,5374
485,2019-02-24,53,4309,4362
485,2019-02-25,267,5907,6174
485,2019-02-26,302,6189,6491
485,2019-02-27,241,6091,6332
485,2019-02-28,245,6277,6522
485,2019-03-01,248,6412,6660
485,2019-03-02,180,5572,5752
485,2019-03-03,78,3949,4027
485,2019-03-04,228,5509,5737
485,2019-03-05,276,5936,6212
485,2019-03-06,224,6045,6269
485,2019-03-07,250,6406,6656
485,2019-03-08,239,6431,6670
485,2019-03-09,211,5599,5810
485,2019-03-10,60,4103,4163
485,2019-03-11,246,5610,5856
485,2019-03-12,287,6001,6288
485,2019-03-13,245,5807,6052
485,2019-03-14,248,5950,6198
485,2019-03-15,240,6255,6495
485,2019-03-16,184,5389,5573
485,2019-03-17,61,3680,3741
485,2019-04-03,295,5975,6270
485,2019-04-04,281,6097,6378
485,2019-04-05,306,6489,6795
485,2019-04-06,217,5513,5730
485,2019-04-07,69,4484,4553
485,2019-04-08,2,66,68
485,2019-04-15,107,3579,3686
485,2019-04-16,203,5220,5423
485,2019-04-17,204,5562,5766
485,2019-04-18,260,6087,6347
485,2019-04-19,201,6734,6935
485,2019-04-20,162,5618,5780
485,2019-04-21,53,4545,4598
485,2019-04-22,49,3822,3871
485,2019-04-23,217,6182,6399
485,2019-04-24,224,6106,6330
485,2019-04-25,287,7018,7305
485,2019-04-26,256,7444,7700
485,2019-04-27,162,5431,5593
485,2019-04-28,51,4175,4226
485,2019-04-29,214,5824,6038
485,2019-04-30,236,6833,7069
485,2019-05-01,55,4141,4196
485,2019-05-02,210,6294,6504
485,2019-05-03,241,6234,6475
485,2019-05-04,150,5358,5508
485,2019-05-05,53,4399,4452
485,2019-05-06,210,5808,6018
485,2019-05-07,207,6027,6234
485,2019-05-08,213,6375,6588
485,2019-05-09,54,3414,3468
485,2019-05-10,204,6379,6583
485,2019-05-11,153,5138,5291
485,2019-05-12,48,4499,4547
485,2019-05-13,217,5903,6120
485,2019-05-14,222,6191,6413
485,2019-05-15,212,5791,6003
485,2019-05-16,221,6274,6495
485,2019-05-17,261,6448,6709
485,2019-05-18,174,5612,5786
485,2019-05-19,48,4225,4273
485,2019-05-20,248,5706,5954
485,2019-05-21,387,5855,6242
485,2019-05-22,367,5880,6247
485,2019-05-23,398,6169,6567
485,2019-05-24,246,6436,6682
485,2019-05-25,179,5531,5710
485,2019-05-26,71,4440,4511
485,2019-05-27,216,5059,5275
485,2019-05-28,228,5633,5861
485,2019-05-29,213,5542,5755
485,2019-05-30,57,3504,3561
485,2019-05-31,221,5938,6159
485,2019-06-01,199,5283,5482
485,2019-06-02,63,4568,4631
485,2019-06-03,258,5787,6045
485,2019-06-04,268,6273,6541
485,2019-06-05,271,6429,6700
485,2019-06-06,308,6743,7051
485,2019-06-07,374,6661,7035
485,2019-06-08,207,7109,7316
485,2019-06-09,78,5482,5560
485,2019-06-10,71,3914,3985
485,2019-06-11,287,6279,6566
485,2019-06-12,242,6125,6367
485,2019-06-13,252,6379,6631
485,2019-06-14,366,6490,6856
485,2019-06-15,201,6357,6558
485,2019-06-16,69,4938,5007
485,2019-06-17,280,5870,6150
485,2019-06-18,346,6294,6640
485,2019-06-19,313,6135,6448
485,2019-06-20,244,6243,6487
485,2019-06-21,234,6563,6797
485,2019-06-22,234,5554,5788
485,2019-06-23,71,4430,4501
485,2019-06-24,254,5880,6134
485,2019-06-25,270,6316,6586
485,2019-06-26,239,6100,6339
485,2019-06-27,237,6425,6662
485,2019-06-28,260,6798,7058
485,2019-06-29,190,5919,6109
485,2019-06-30,58,4752,4810
485,2019-07-01,227,6014,6241
485,2019-07-02,240,6526,6766
485,2019-07-03,235,6181,6416
485,2019-07-04,324,6633,6957
485,2019-07-05,234,6744,6978
485,2019-07-06,278,8772,9050
485,2019-07-07,70,5086,5156
485,2019-07-08,247,6006,6253
485,2019-07-09,279,6595,6874
485,2019-07-10,339,6074,6413
485,2019-07-11,209,6225,6434
485,2019-07-12,319,7900,8219
485,2019-07-13,189,8102,8291
485,2019-07-14,74,5609,5683
485,2019-07-15,363,6864,7227
485,2019-07-16,274,6915,7189
485,2019-07-17,266,6218,6484
485,2019-07-18,264,6225,6489
485,2019-07-19,205,6062,6267
485,2019-07-20,227,5120,5347
485,2019-07-21,60,4304,4364
485,2019-07-22,209,5560,5769
485,2019-07-23,231,5815,6046
485,2019-07-24,228,5708,5936
485,2019-07-25,207,5624,5831
485,2019-07-26,222,6189,6411
485,2019-07-27,172,4235,4407
485,2019-07-28,97,3612,3709
485,2019-07-29,223,4912,5135
485,2019-07-30,231,4958,5189
485,2019-07-31,222,5112,5334
485,2019-08-01,196,5084,5280
485,2019-08-02,199,5109,5308
485,2019-08-03,162,4045,4207
485,2019-08-04,50,3308,3358
485,2019-08-05,177,4458,4635
485,2019-08-06,213,4384,4597
485,2019-08-07,188,4377,4565
485,2019-08-08,222,4578,4800
485,2019-08-09,226,4450,4676
485,2019-08-10,182,3917,4099
485,2019-08-11,60,3003,3063
485,2019-08-12,174,4060,4234
485,2019-08-13,237,4342,4579
485,2019-08-14,252,4479,4731
485,2019-08-15,64,2753,2817
485,2019-08-16,206,4420,4626
485,2019-08-17,163,3546,3709
485,2019-08-18,66,2805,2871
485,2019-08-19,219,4322,4541
485,2019-08-20,247,4603,4850
485,2019-08-21,178,4607,4785
485,2019-08-22,188,4816,5004
485,2019-08-23,190,4985,5175
485,2019-08-24,173,4236,4409
485,2019-08-25,66,3463,3529
485,2019-08-26,201,4964,5165
485,2019-08-27,189,5115,5304
485,2019-08-28,196,5054,5250
485,2019-08-29,218,5091,5309
485,2019-08-30,221,5369,5590
485,2019-08-31,173,4846,5019
485,2019-09-01,64,3578,3642
485,2019-09-02,218,4918,5136
485,2019-09-03,223,5201,5424
485,2019-09-04,245,5042,5287
485,2019-09-05,236,5141,5377
485,2019-09-06,225,5414,5639
485,2019-09-07,187,4671,4858
485,2019-09-08,64,3727,3791
485,2019-09-09,277,5204,5481
485,2019-09-10,252,5330,5582
485,2019-09-11,248,5371,5619
485,2019-09-12,236,5493,5729
485,2019-09-13,309,5590,5899
485,2019-09-14,209,5195,5404
485,2019-09-15,70,4491,4561
485,2019-09-16,216,5843,6059
485,2019-09-17,229,6064,6293
485,2019-09-18,251,5900,6151
485,2019-09-19,243,5978,6221
485,2019-09-20,229,6085,6314
485,2019-09-21,222,5757,5979
485,2019-09-22,74,4292,4366
485,2019-09-23,212,5520,5732
485,2019-09-24,319,5878,6197
485,2019-09-25,253,5732,5985
485,2019-09-26,239,6124,6363
485,2019-09-27,259,6151,6410
485,2019-09-28,198,5458,5656
485,2019-09-29,51,4066,4117
485,2019-09-30,257,6047,6304
485,2019-10-01,263,5869,6132
485,2019-10-02,223,6069,6292
485,2019-10-03,264,6185,6449
485,2019-10-04,228,6512,6740
485,2019-10-05,220,5717,5937
485,2019-10-06,123,4751,4874
485,2019-10-07,244,5755,5999
485,2019-10-08,243,6038,6281
485,2019-10-09,321,5801,6122
485,2019-10-10,228,6318,6546
485,2019-10-11,235,6536,6771
485,2019-10-12,166,5747,5913
485,2019-10-13,80,4313,4393
485,2019-10-14,227,5920,6147
485,2019-10-15,233,6126,6359
485,2019-10-16,264,5918,6182
485,2019-10-17,230,6055,6285
485,2019-10-18,231,6618,6849
485,2019-10-19,163,5691,5854
485,2019-10-20,76,3764,3840
485,2019-10-21,280,5734,6014
485,2019-10-22,253,6198,6451
485,2019-10-23,311,6104,6415
485,2019-10-24,273,6242,6515
485,2019-10-25,303,6553,6856
485,2019-10-26,227,6270,6497
485,2019-10-27,70,4214,4284
485,2019-10-28,240,5528,5768
485,2019-10-29,286,5906,6192
485,2019-10-30,217,5736,5953
485,2019-11-01,55,4378,4433
485,2019-11-02,168,5380,5548
485,2019-11-03,52,3843,3895
485,2019-11-04,224,5623,5847
485,2019-11-05,249,6049,6298
485,2019-11-06,236,5917,6153
485,2019-11-07,317,6344,6661
485,2019-11-08,259,6560,6819
485,2019-11-09,222,5507,5729
485,2019-11-10,105,3942,4047
485,2019-11-11,219,5844,6063
485,2019-11-12,264,6220,6484
485,2019-11-13,252,6146,6398
485,2019-11-14,252,6423,6675
485,2019-11-15,272,6419,6691
485,2019-11-16,180,5488,5668
485,2019-11-17,63,3770,3833
485,2019-11-18,215,5649,5864
485,2019-11-19,261,6098,6359
485,2019-11-20,316,6034,6350
485,2019-11-21,275,6112,6387
485,2019-11-22,352,6228,6580
485,2019-11-23,227,5340,5567
485,2019-11-24,81,4177,4258
485,2019-11-25,242,5826,6068
485,2019-11-26,280,6118,6398
485,2019-11-27,242,6075,6317
485,2019-11-28,233,6276,6509
485,2019-11-29,249,6415,6664
485,2019-11-30,174,5538,5712
485,2019-12-01,74,3737,3811
485,2019-12-02,232,5873,6105
485,2019-12-03,266,6190,6456
485,2019-12-04,302,5960,6262
485,2019-12-05,308,6244,6552
485,2019-12-06,271,6254,6525
485,2019-12-07,178,5762,5940
485,2019-12-08,62,4089,4151
485,2019-12-09,224,5828,6052
485,2019-12-10,322,6284,6606
485,2019-12-11,226,6084,6310
485,2019-12-12,229,6479,6708
485,2019-12-13,235,6357,6592
485,2019-12-14,207,5584,5791
485,2019-12-15,109,4498,4607
485,2019-12-16,234,5988,6222
485,2019-12-17,260,6349,6609
485,2019-12-18,225,6171,6396
485,2019-12-19,227,6548,6775
485,2019-12-20,209,6624,6833
485,2019-12-21,191,5282,5473
485,2019-12-22,53,3692,3745
485,2019-12-23,186,5727,5913
485,2019-12-24,196,5239,5435
485,2019-12-25,54,3344,3398
485,2019-12-26,58,3089,3147
485,2019-12-27,188,4771,4959
485,2019-12-28,172,4312,4484
485,2019-12-29,69,3441,3510
485,2019-12-30,167,4913,5080
485,2019-12-31,185,4433,4618
486,2019-01-01,127,7540,7667
486,2019-01-02,329,11265,11594
486,2019-01-03,363,11896,12259
486,2019-01-04,359,12654,13013
486,2019-01-05,286,11026,11312
486,2019-01-06,141,8719,8860
486,2019-01-07,407,13055,13462
486,2019-01-08,406,13463,13869
486,2019-01-09,411,13488,13899
486,2019-01-10,492,14201,14693
486,2019-01-11,473,14545,15018
486,2019-01-12,313,13165,13478
486,2019-01-13,135,9184,9319
486,2019-01-14,468,13840,14308
486,2019-01-15,439,14209,14648
486,2019-01-16,465,14149,14614
486,2019-01-17,449,14271,14720
486,2019-01-19,324,13410,13734
486,2019-01-20,133,9842,9975
486,2019-01-21,463,13724,14187
486,2019-01-22,470,14175,14645
486,2019-01-23,440,13654,14094
486,2019-01-24,465,14206,14671
486,2019-01-25,473,14760,15233
486,2019-01-26,303,13525,13828
486,2019-01-27,127,9455,9582
486,2019-01-28,442,13752,14194
486,2019-01-29,468,14411,14879
486,2019-01-30,433,12874,13307
486,2019-01-31,471,13496,13967
486,2019-02-02,338,13365,13703
486,2019-02-03,147,9806,9953
486,2019-02-04,410,13962,14372
486,2019-02-05,464,14604,15068
486,2019-02-06,428,14120,14548
486,2019-02-07,421,14378,14799
486,2019-02-08,400,15128,15528
486,2019-02-09,328,14133,14461
486,2019-02-10,122,9436,9558
486,2019-02-11,418,13928,14346
486,2019-02-12,417,14742,15159
486,2019-02-13,419,14244,14663
486,2019-02-14,423,15204,15627
486,2019-02-16,315,14447,14762
486,2019-02-17,137,11159,11296
486,2019-02-18,342,13543,13885
486,2019-02-19,367,13652,14019
486,2019-02-20,358,14183,14541
486,2019-02-21,413,13736,14149
486,2019-02-22,369,14842,15211
486,2019-02-23,303,14067,14370
486,2019-02-24,145,11586,11731
486,2019-02-25,391,14313,14704
486,2019-02-26,408,14753,15161
486,2019-02-27,420,15005,15425
486,2019-02-28,415,14878,15293
486,2019-03-02,321,14380,14701
486,2019-03-03,139,10584,10723
486,2019-03-04,397,13738,14135
486,2019-03-05,371,14725,15096
486,2019-03-06,393,14386,14779
486,2019-03-07,401,15136,15537
486,2019-03-08,403,16188,16591
486,2019-03-09,309,15018,15327
486,2019-03-10,156,10549,10705
486,2019-03-11,426,13982,14408
486,2019-03-12,419,14990,15409
486,2019-03-13,488,15564,16052
486,2019-03-14,400,14348,14748
486,2019-03-16,302,15024,15326
486,2019-03-17,138,9916,10054
486,2019-03-18,426,13750,14176
486,2019-03-19,406,14829,15235
486,2019-03-20,421,14661,15082
486,2019-03-21,425,14827,15252
486,2019-03-22,441,15447,15888
486,2019-03-23,310,15027,15337
486,2019-03-24,158,12314,12472
486,2019-03-25,419,13986,14405
486,2019-03-26,456,14505,14961
486,2019-03-27,419,14797,15216
486,2019-03-28,428,15298,15726
486,2019-03-30,308,15550,15858
486,2019-04-01,415,14830,15245
486,2019-04-02,435,14450,14885
486,2019-04-03,369,14873,15242
486,2019-04-04,384,15087,15471
486,2019-04-06,298,15175,15473
486,2019-04-07,148,11522,11670
486,2019-04-08,369,13356,13725
486,2019-04-09,401,14191,14592
486,2019-04-10,361,14586,14947
486,2019-04-11,404,14868,15272
486,2019-04-13,328,14339,14667
486,2019-04-14,157,10961,11118
486,2019-04-15,365,14130,14495
486,2019-04-16,360,14236,14596
486,2019-04-17,362,14247,14609
486,2019-04-18,403,15153,15556
486,2019-04-19,376,16035,16411
486,2019-04-20,322,15132,15454
486,2019-04-21,153,11801,11954
486,2019-04-22,130,10636,10766
486,2019-04-23,423,14693,15116
486,2019-04-24,411,14632,15043
486,2019-04-25,394,15077,15471
486,2019-04-26,428,15535,15963
486,2019-04-27,315,15065,15380
486,2019-04-28,139,11173,11312
486,2019-04-29,394,14775,15169
486,2019-04-30,422,16353,16775
486,2019-05-01,139,11830,11969
486,2019-05-02,412,14761,15173
486,2019-05-04,306,13920,14226
486,2019-05-05,139,10765,10904
486,2019-05-06,419,14831,15250
486,2019-05-07,442,15352,15794
486,2019-05-08,405,15960,16365
486,2019-05-09,150,9445,9595
486,2019-05-11,314,14184,14498
486,2019-05-12,150,11693,11843
486,2019-05-13,294,10023,10317
486,2019-11-01,188,9868,10056
486,2019-11-02,426,12477,12903
486,2019-11-03,199,9449,9648
486,2019-11-04,430,13155,13585
486,2019-11-05,456,14013,14469
486,2019-11-06,472,13572,14044
486,2019-11-07,446,13844,14290
486,2019-11-08,492,14979,15471
486,2019-11-09,19,624,643
486,2019-11-11,329,11801,12130
486,2019-11-12,450,14163,14613
486,2019-11-13,522,14039,14561
486,2019-11-14,476,14272,14748
486,2019-11-15,521,15243,15764
486,2019-11-16,330,14310,14640
486,2019-11-17,143,9956,10099
486,2019-11-18,437,14282,14719
486,2019-11-19,467,15348,15815
486,2019-11-20,475,15289,15764
486,2019-11-21,478,15239,15717
486,2019-11-22,462,16366,16828
486,2019-11-23,313,15152,15465
486,2019-11-24,139,11899,12038
486,2019-11-25,440,14797,15237
486,2019-11-26,479,15801,16280
486,2019-11-27,432,14962,15394
486,2019-11-28,465,15527,15992
486,2019-11-29,434,16785,17219
486,2019-11-30,327,16024,16351
486,2019-12-01,124,10795,10919
486,2019-12-02,450,14902,15352
486,2019-12-03,515,15772,16287
486,2019-12-04,497,15467,15964
486,2019-12-05,489,15624,16113
486,2019-12-06,473,15043,15516
486,2019-12-07,311,14781,15092
486,2019-12-08,113,10428,10541
486,2019-12-09,426,14596,15022
486,2019-12-10,492,15714,16206
486,2019-12-11,422,14891,15313
486,2019-12-12,450,15858,16308
486,2019-12-13,413,16264,16677
486,2019-12-14,300,14982,15282
486,2019-12-15,128,11714,11842
486,2019-12-16,458,15382,15840
486,2019-12-17,446,15712,16158
486,2019-12-18,439,16005,16444
486,2019-12-19,397,16158,16555
486,2019-12-20,405,16661,17066
486,2019-12-21,299,14294,14593
486,2019-12-22,120,10360,10480
486,2019-12-23,327,14256,14583
486,2019-12-24,284,12927,13211
486,2019-12-25,87,7273,7360
486,2019-12-26,100,7872,7972
486,2019-12-27,342,12409,12751
486,2019-12-28,326,11523,11849
486,2019-12-29,131,8984,9115
486,2019-12-30,346,12793,13139
486,2019-12-31,349,12533,12882
487,2019-01-01,49,4292,4341
487,2019-01-02,165,6303,6468
487,2019-01-03,177,6946,7123
487,2019-01-04,174,7072,7246
487,2019-01-05,138,5624,5762
487,2019-01-06,46,4592,4638
487,2019-01-07,191,8165,8356
487,2019-01-08,198,8732,8930
487,2019-01-09,230,8405,8635
487,2019-01-10,199,8958,9157
487,2019-01-11,202,8919,9121
487,2019-01-12,155,6745,6900
487,2019-01-13,44,5078,5122
487,2019-01-14,237,8464,8701
487,2019-01-15,265,8921,9186
487,2019-01-16,250,8974,9224
487,2019-01-18,246,9274,9520
487,2019-01-19,151,6879,7030
487,2019-01-20,47,5366,5413
487,2019-01-21,242,8672,8914
487,2019-01-22,257,8613,8870
487,2019-01-23,232,8437,8669
487,2019-01-24,221,8806,9027
487,2019-01-25,218,8862,9080
487,2019-01-26,150,6861,7011
487,2019-01-27,40,5126,5166
487,2019-01-28,243,8490,8733
487,2019-01-29,250,8934,9184
487,2019-01-30,150,7300,7450
487,2019-02-01,229,8478,8707
487,2019-02-02,136,6852,6988
487,2019-02-03,43,5097,5140
487,2019-02-04,251,8489,8740
487,2019-02-05,237,9102,9339
487,2019-02-06,245,8840,9085
487,2019-02-07,224,9058,9282
487,2019-02-08,236,9130,9366
487,2019-02-09,142,7560,7702
487,2019-02-10,42,5094,5136
487,2019-02-11,317,8626,8943
487,2019-02-12,240,9066,9306
487,2019-02-13,347,8897,9244
487,2019-02-15,226,9427,9653
487,2019-02-16,304,7166,7470
487,2019-02-17,51,5684,5735
487,2019-02-18,326,7805,8131
487,2019-02-19,334,8000,8334
487,2019-02-20,318,8107,8425
487,2019-02-21,313,8214,8527
487,2019-02-22,316,8565,8881
487,2019-02-23,300,7305,7605
487,2019-02-24,55,5923,5978
487,2019-02-25,362,9115,9477
487,2019-02-26,356,9464,9820
487,2019-02-27,351,9481,9832
487,2019-03-01,285,9606,9891
487,2019-03-02,225,7220,7445
487,2019-03-03,59,5415,5474
487,2019-03-04,256,8414,8670
487,2019-03-05,210,9460,9670
487,2019-03-06,258,9028,9286
487,2019-03-07,254,9467,9721
487,2019-03-08,206,9806,10012
487,2019-03-09,163,7219,7382
487,2019-03-10,50,5428,5478
487,2019-03-11,233,8784,9017
487,2019-03-12,176,9374,9550
487,2019-03-13,186,8928,9114
487,2019-03-15,273,9457,9730
487,2019-03-16,160,7214,7374
487,2019-03-17,58,5476,5534
487,2019-03-18,223,8795,9018
487,2019-03-19,228,9547,9775
487,2019-03-20,204,9436,9640
487,2019-03-21,235,9598,9833
487,2019-03-22,236,9905,10141
487,2019-03-23,142,8119,8261
487,2019-03-24,73,5927,6000
487,2019-03-25,221,8933,9154
487,2019-03-26,232,9546,9778
487,2019-03-27,229,9353,9582
487,2019-03-29,225,10138,10363
487,2019-03-30,162,8056,8218
487,2019-04-01,296,9312,9608
487,2019-04-02,311,9209,9520
487,2019-04-03,296,9271,9567
487,2019-04-05,215,9448,9663
487,2019-04-06,151,7553,7704
487,2019-04-07,77,5733,5810
487,2019-04-08,209,8242,8451
487,2019-04-09,196,8480,8676
487,2019-04-10,199,8426,8625
487,2019-04-12,135,5474,5609
487,2019-04-13,153,6319,6472
487,2019-04-14,49,4223,4272
487,2019-04-15,197,7292,7489
487,2019-04-16,227,7523,7750
487,2019-04-17,207,7839,8046
487,2019-04-18,244,8065,8309
487,2019-04-19,192,7148,7340
487,2019-04-20,149,7152,7301
487,2019-04-21,86,6139,6225
487,2019-04-22,49,5647,5696
487,2019-04-23,285,9489,9774
487,2019-04-24,234,9204,9438
487,2019-04-25,331,10002,10333
487,2019-04-27,150,8322,8472
487,2019-04-28,68,5658,5726
487,2019-04-29,287,9241,9528
487,2019-04-30,299,10256,10555
487,2019-05-01,60,6095,6155
487,2019-05-02,334,9332,9666
487,2019-05-03,298,10114,10412
487,2019-05-04,150,8330,8480
487,2019-05-05,85,5623,5708
487,2019-05-06,335,9214,9549
487,2019-05-07,319,9574,9893
487,2019-05-08,257,9615,9872
487,2019-05-09,84,5028,5112
487,2019-05-15,555,10301,10856
487,2019-05-16,549,10744,11293
487,2019-05-17,566,11142,11708
487,2019-05-18,261,9092,9353
487,2019-05-19,70,6651,6721
487,2019-05-20,559,10161,10720
487,2019-05-21,524,10438,10962
487,2019-05-22,475,10473,10948
487,2019-05-23,501,10657,11158
487,2019-05-24,439,10365,10804
487,2019-05-25,225,7888,8113
487,2019-05-26,77,6399,6476
487,2019-05-27,434,8542,8976
487,2019-05-28,446,8877,9323
487,2019-05-29,370,6237,6607
487,2019-05-30,76,4688,4764
487,2019-05-31,371,8710,9081
487,2019-06-01,204,7340,7544
487,2019-06-02,88,6206,6294
487,2019-06-03,396,9465,9861
487,2019-06-04,391,9831,10222
487,2019-06-05,413,9604,10017
487,2019-06-06,407,10173,10580
487,2019-06-07,456,10161,10617
487,2019-06-08,254,9567,9821
487,2019-06-09,82,7347,7429
487,2019-06-10,100,5660,5760
487,2019-06-11,422,9988,10410
487,2019-06-12,416,9769,10185
487,2019-06-13,442,10275,10717
487,2019-06-14,355,10461,10816
487,2019-06-15,195,8577,8772
487,2019-06-16,70,6583,6653
487,2019-06-17,397,9519,9916
487,2019-06-18,387,10016,10403
487,2019-06-19,350,9665,10015
487,2019-06-20,354,9836,10190
487,2019-06-21,377,10233,10610
487,2019-06-22,213,7355,7568
487,2019-06-23,59,6252,6311
487,2019-06-24,343,9309,9652
487,2019-06-25,371,9657,10028
487,2019-06-26,351,9446,9797
487,2019-06-27,321,9974,10295
487,2019-06-28,349,10266,10615
487,2019-06-29,211,8098,8309
487,2019-06-30,81,6611,6692
487,2019-07-01,397,9598,9995
487,2019-07-02,371,10242,10613
487,2019-07-03,383,10049,10432
487,2019-07-04,433,10397,10830
487,2019-07-05,452,10483,10935
487,2019-07-06,312,10591,10903
487,2019-07-07,95,7421,7516
487,2019-07-08,412,9851,10263
487,2019-07-09,427,10520,10947
487,2019-07-10,411,10222,10633
487,2019-07-11,421,10058,10479
487,2019-07-12,431,11657,12088
487,2019-07-13,311,10242,10553
487,2019-07-14,79,7523,7602
487,2019-07-15,478,10491,10969
487,2019-07-16,407,10655,11062
487,2019-07-17,414,9823,10237
487,2019-07-18,406,9981,10387
487,2019-07-19,358,9681,10039
487,2019-07-20,249,7275,7524
487,2019-07-21,73,5853,5926
487,2019-07-22,331,8936,9267
487,2019-07-23,383,9237,9620
487,2019-07-24,312,8852,9164
487,2019-07-25,358,8756,9114
487,2019-07-26,344,9062,9406
487,2019-07-27,189,6344,6533
487,2019-07-28,74,5167,5241
487,2019-07-29,252,7577,7829
487,2019-07-30,344,7811,8155
487,2019-07-31,337,7903,8240
487,2019-08-01,275,7721,7996
487,2019-08-02,260,7818,8078
487,2019-08-03,175,5653,5828
487,2019-08-04,72,4829,4901
487,2019-08-05,272,6936,7208
487,2019-08-06,291,7065,7356
487,2019-08-07,264,6784,7048
487,2019-08-08,297,7134,7431
487,2019-08-09,278,6696,6974
487,2019-08-10,185,5143,5328
487,2019-08-11,67,4311,4378
487,2019-08-12,278,6319,6597
487,2019-08-13,269,6837,7106
487,2019-08-14,307,6899,7206
487,2019-08-15,70,4248,4318
487,2019-08-16,248,6470,6718
487,2019-08-17,170,4926,5096
487,2019-08-18,56,4134,4190
487,2019-08-19,312,7219,7531
487,2019-08-20,308,7379,7687
487,2019-08-21,251,7089,7340
487,2019-08-22,288,7500,7788
487,2019-08-23,269,7529,7798
487,2019-08-24,189,5942,6131
487,2019-08-25,71,5233,5304
487,2019-08-26,330,7807,8137
487,2019-08-27,339,8214,8553
487,2019-08-28,346,7959,8305
487,2019-08-29,320,8154,8474
487,2019-08-30,314,8753,9067
487,2019-08-31,184,6678,6862
487,2019-09-01,73,5337,5410
487,2019-09-02,339,8157,8496
487,2019-09-03,342,8479,8821
487,2019-09-04,335,8433,8768
487,2019-09-05,409,8379,8788
487,2019-09-06,346,8472,8818
487,2019-09-07,214,6105,6319
487,2019-09-08,74,5015,5089
487,2019-09-09,391,8404,8795
487,2019-09-10,407,8930,9337
487,2019-09-11,428,8626,9054
487,2019-09-12,368,8972,9340
487,2019-09-13,412,9006,9418
487,2019-09-14,235,7557,7792
487,2019-09-15,71,6325,6396
487,2019-09-16,397,9398,9795
487,2019-09-17,370,9927,10297
487,2019-09-18,393,9621,10014
487,2019-09-19,425,9610,10035
487,2019-09-20,433,9527,9960
487,2019-09-21,224,8047,8271
487,2019-09-22,78,5911,5989
487,2019-09-23,459,9255,9714
487,2019-09-24,453,9619,10072
487,2019-09-25,448,9414,9862
487,2019-09-26,431,9756,10187
487,2019-09-27,427,9755,10182
487,2019-09-28,322,7624,7946
487,2019-09-29,81,5546,5627
487,2019-09-30,384,9587,9971
487,2019-10-01,349,9679,10028
487,2019-10-02,363,9531,9894
487,2019-10-03,406,10052,10458
487,2019-10-04,339,9891,10230
487,2019-10-05,226,7860,8086
487,2019-10-06,60,6046,6106
487,2019-10-07,386,9623,10009
487,2019-10-08,322,9381,9703
487,2019-10-09,325,9516,9841
487,2019-10-10,367,10207,10574
487,2019-10-11,418,10417,10835
487,2019-10-12,251,7875,8126
487,2019-10-13,67,5524,5591
487,2019-10-14,376,9692,10068
487,2019-10-15,309,9608,9917
487,2019-10-16,364,9539,9903
487,2019-10-17,326,9580,9906
487,2019-10-18,329,9791,10120
487,2019-10-19,199,7786,7985
487,2019-10-20,64,5160,5224
487,2019-10-21,384,9335,9719
487,2019-10-22,387,9678,10065
487,2019-10-23,406,9687,10093
487,2019-10-24,395,10024,10419
487,2019-10-25,404,10414,10818
487,2019-10-26,259,8945,9204
487,2019-10-27,69,5927,5996
487,2019-10-28,428,8185,8613
487,2019-10-29,428,8719,9147
487,2019-10-30,409,8607,9016
487,2019-11-01,67,5996,6063
487,2019-11-02,207,6823,7030
487,2019-11-03,75,5642,5717
487,2019-11-04,366,9511,9877
487,2019-11-05,371,9880,10251
487,2019-11-06,423,9740,10163
487,2019-11-07,356,10008,10364
487,2019-11-08,468,10425,10893
487,2019-11-09,255,7773,8028
487,2019-11-10,77,5995,6072
487,2019-11-11,370,9467,9837
487,2019-11-12,414,9970,10384
487,2019-11-13,513,9798,10311
487,2019-11-14,407,10377,10784
487,2019-11-15,435,10009,10444
487,2019-11-16,259,7880,8139
487,2019-11-17,75,5578,5653
487,2019-11-18,325,8970,9295
487,2019-11-19,440,9794,10234
487,2019-11-20,462,9499,9961
487,2019-11-21,448,9834,10282
487,2019-11-22,460,9965,10425
487,2019-11-23,236,7565,7801
487,2019-11-24,80,6164,6244
487,2019-11-25,473,9257,9730
487,2019-11-26,410,9872,10282
487,2019-11-27,381,9025,9406
487,2019-11-28,444,9849,10293
487,2019-11-29,422,10095,10517
487,2019-11-30,256,7883,8139
487,2019-12-01,67,5552,5619
487,2019-12-02,450,9497,9947
487,2019-12-03,481,9661,10142
487,2019-12-04,423,9606,10029
487,2019-12-05,413,9795,10208
487,2019-12-06,369,9339,9708
487,2019-12-07,210,7478,7688
487,2019-12-08,79,5724,5803
487,2019-12-09,327,9126,9453
487,2019-12-10,468,9795,10263
487,2019-12-11,351,9307,9658
487,2019-12-12,388,9910,10298
487,2019-12-13,327,9882,10209
487,2019-12-14,210,7580,7790
487,2019-12-15,79,6039,6118
487,2019-12-16,372,9418,9790
487,2019-12-17,385,9797,10182
487,2019-12-18,430,9778,10208
487,2019-12-19,420,10075,10495
487,2019-12-20,303,9604,9907
487,2019-12-21,232,7326,7558
487,2019-12-22,66,5218,5284
487,2019-12-23,293,7910,8203
487,2019-12-24,248,7280,7528
487,2019-12-25,39,4842,4881
487,2019-12-26,120,4379,4499
487,2019-12-27,315,6682,6997
487,2019-12-28,215,5854,6069
487,2019-12-29,64,4797,4861
487,2019-12-30,264,6684,6948
487,2019-12-31,252,6388,6640
488,2019-01-01,52,2365,2417
488,2019-01-02,203,3277,3480
488,2019-01-03,203,3709,3912
488,2019-01-04,202,3766,3968
488,2019-01-05,138,3083,3221
488,2019-01-06,49,2442,2491
488,2019-01-07,216,4307,4523
488,2019-01-08,214,4472,4686
488,2019-01-09,220,4469,4689
488,2019-01-10,236,4689,4925
488,2019-01-11,219,4924,5143
488,2019-01-12,163,3516,3679
488,2019-01-13,52,2716,2768
488,2019-01-14,267,4519,4786
488,2019-01-15,304,4631,4935
488,2019-01-16,267,4720,4987
488,2019-01-18,260,4841,5101
488,2019-01-19,161,3470,3631
488,2019-01-20,59,2900,2959
488,2019-01-21,277,4492,4769
488,2019-01-22,297,4526,4823
488,2019-01-23,269,4404,4673
488,2019-01-24,286,4612,4898
488,2019-01-25,254,4685,4939
488,2019-01-26,146,3617,3763
488,2019-01-27,50,2734,2784
488,2019-01-28,253,4411,4664
488,2019-01-29,268,4731,4999
488,2019-01-30,161,3859,4020
488,2019-02-01,231,4486,4717
488,2019-02-02,141,3423,3564
488,2019-02-03,49,2778,2827
488,2019-02-04,280,4603,4883
488,2019-02-05,278,4830,5108
488,2019-02-06,297,4699,4996
488,2019-02-07,276,4856,5132
488,2019-02-08,272,4776,5048
488,2019-02-09,168,3646,3814
488,2019-02-10,48,2636,2684
488,2019-02-11,352,4387,4739
488,2019-02-12,286,4748,5034
488,2019-02-13,369,4624,4993
488,2019-02-15,267,4946,5213
488,2019-02-16,315,3640,3955
488,2019-02-17,58,3082,3140
488,2019-02-18,368,4141,4509
488,2019-02-19,357,4152,4509
488,2019-02-20,362,4249,4611
488,2019-02-21,364,4315,4679
488,2019-02-22,352,4421,4773
488,2019-02-23,323,3911,4234
488,2019-02-24,70,3144,3214
488,2019-02-25,411,4627,5038
488,2019-02-26,410,4806,5216
488,2019-02-27,385,4828,5213
488,2019-03-01,300,5113,5413
488,2019-03-02,241,3749,3990
488,2019-03-03,66,2903,2969
488,2019-03-04,252,4404,4656
488,2019-03-05,216,4842,5058
488,2019-03-06,251,4650,4901
488,2019-03-07,210,4904,5114
488,2019-03-08,258,5126,5384
488,2019-03-09,156,3766,3922
488,2019-03-10,54,2822,2876
488,2019-03-11,234,4664,4898
488,2019-03-12,231,5009,5240
488,2019-03-13,220,4648,4868
488,2019-03-15,251,5304,5555
488,2019-03-16,152,3843,3995
488,2019-03-17,68,3894,3962
488,2019-03-18,227,4771,4998
488,2019-03-19,259,5029,5288
488,2019-03-20,239,4965,5204
488,2019-03-21,253,5051,5304
488,2019-03-22,242,5197,5439
488,2019-03-23,165,4240,4405
488,2019-03-24,66,3221,3287
488,2019-03-25,236,4643,4879
488,2019-03-26,273,4981,5254
488,2019-03-27,242,4904,5146
488,2019-03-29,275,5401,5676
488,2019-03-30,184,4033,4217
488,2019-04-01,348,4900,5248
488,2019-04-02,347,4824,5171
488,2019-04-03,307,4748,5055
488,2019-04-05,250,5024,5274
488,2019-04-06,166,3840,4006
488,2019-04-07,64,3086,3150
488,2019-04-08,237,4456,4693
488,2019-04-09,235,4465,4700
488,2019-04-10,236,4489,4725
488,2019-04-12,227,4656,4883
488,2019-04-13,177,3518,3695
488,2019-04-14,65,2815,2880
488,2019-04-15,256,4317,4573
488,2019-04-16,261,4147,4408
488,2019-04-17,267,4329,4596
488,2019-04-18,306,4666,4972
488,2019-04-19,276,4848,5124
488,2019-04-20,166,3750,3916
488,2019-04-21,91,3263,3354
488,2019-04-22,64,3220,3284
488,2019-04-23,367,4998,5365
488,2019-04-24,302,4394,4696
488,2019-04-27,150,8322,8472
488,2019-04-28,68,5658,5726
488,2019-04-29,287,9241,9528
488,2019-04-30,299,10256,10555
488,2019-05-01,60,6095,6155
488,2019-05-02,334,9332,9666
488,2019-05-03,298,10114,10412
488,2019-05-04,150,8330,8480
488,2019-05-05,85,5623,5708
488,2019-05-06,335,9214,9549
488,2019-05-07,319,9574,9893
488,2019-05-08,257,9615,9872
488,2019-05-09,84,5028,5112
488,2019-05-10,326,4752,5078
488,2019-05-11,170,3213,3383
488,2019-05-12,60,3150,3210
488,2019-05-13,291,3151,3442
488,2019-05-17,572,6860,7432
488,2019-05-18,266,5970,6236
488,2019-05-19,80,4162,4242
488,2019-05-20,614,6364,6978
488,2019-05-21,552,6345,6897
488,2019-05-22,603,6536,7139
488,2019-05-23,517,6184,6701
488,2019-05-24,392,5494,5886
488,2019-05-25,205,3942,4147
488,2019-05-26,64,3407,3471
488,2019-05-27,359,4461,4820
488,2019-05-28,381,4511,4892
488,2019-05-29,356,3522,3878
488,2019-05-30,94,2951,3045
488,2019-05-31,319,4305,4624
488,2019-06-01,170,3690,3860
488,2019-06-02,71,3051,3122
488,2019-06-03,335,4930,5265
488,2019-06-04,349,5817,6166
488,2019-06-05,386,5042,5428
488,2019-06-06,367,5179,5546
488,2019-06-07,360,5141,5501
488,2019-06-08,182,4210,4392
488,2019-06-09,64,3499,3563
488,2019-06-10,107,2828,2935
488,2019-06-11,383,4959,5342
488,2019-06-12,381,5080,5461
488,2019-06-13,397,5285,5682
488,2019-06-14,327,5384,5711
488,2019-06-15,190,3875,4065
488,2019-06-16,78,3228,3306
488,2019-06-17,365,4926,5291
488,2019-06-18,384,5118,5502
488,2019-06-19,361,5048,5409
488,2019-06-20,328,5010,5338
488,2019-06-21,309,5234,5543
488,2019-06-22,187,3658,3845
488,2019-06-23,57,3207,3264
488,2019-06-24,343,4834,5177
488,2019-06-25,347,4951,5298
488,2019-06-26,338,4833,5171
488,2019-06-27,342,5180,5522
488,2019-06-28,330,5261,5591
488,2019-06-29,190,4130,4320
488,2019-06-30,77,3232,3309
488,2019-07-01,362,4933,5295
488,2019-07-02,342,5218,5560
488,2019-07-03,373,5124,5497
488,2019-07-04,363,5267,5630
488,2019-07-05,401,5284,5685
488,2019-07-06,236,3991,4227
488,2019-07-07,64,3466,3530
488,2019-07-08,344,4894,5238
488,2019-07-09,377,5057,5434
488,2019-07-10,357,5121,5478
488,2019-07-11,349,5000,5349
488,2019-07-12,318,5400,5718
488,2019-07-13,254,4318,4572
488,2019-07-14,70,3500,3570
488,2019-07-15,421,5099,5520
488,2019-07-17,383,4917,5300
488,2019-07-18,388,4885,5273
488,2019-07-19,343,4902,5245
488,2019-07-20,219,3572,3791
488,2019-07-21,64,2927,2991
488,2019-07-22,296,4521,4817
488,2019-07-23,328,4677,5005
488,2019-07-24,283,4413,4696
488,2019-07-25,330,4554,4884
488,2019-07-26,299,4606,4905
488,2019-07-27,164,3146,3310
488,2019-07-28,66,2526,2592
488,2019-07-29,220,3760,3980
488,2019-07-30,288,3983,4271
488,2019-07-31,286,3969,4255
488,2019-08-01,220,3878,4098
488,2019-08-02,245,3880,4125
488,2019-08-03,163,2823,2986
488,2019-08-04,64,2375,2439
488,2019-08-05,236,3504,3740
488,2019-08-06,236,3546,3782
488,2019-08-07,250,3428,3678
488,2019-08-08,246,3523,3769
488,2019-08-09,248,3440,3688
488,2019-08-10,158,2585,2743
488,2019-08-11,61,2267,2328
488,2019-08-12,241,3236,3477
488,2019-08-13,226,3476,3702
488,2019-08-14,282,3457,3739
488,2019-08-15,55,2171,2226
488,2019-08-16,225,3112,3337
488,2019-08-17,153,2274,2427
488,2019-08-18,52,2117,2169
488,2019-08-19,231,3682,3913
488,2019-08-20,222,3705,3927
488,2019-08-21,203,3576,3779
488,2019-08-22,234,3841,4075
488,2019-08-23,203,3808,4011
488,2019-08-24,174,3007,3181
488,2019-08-25,67,2735,2802
488,2019-08-26,249,4059,4308
488,2019-08-27,272,4294,4566
488,2019-08-28,240,4077,4317
488,2019-08-29,239,4373,4612
488,2019-08-30,227,4654,4881
488,2019-08-31,161,3351,3512
488,2019-09-01,66,2791,2857
488,2019-09-02,261,4212,4473
488,2019-09-03,262,4443,4705
488,2019-09-04,279,4502,4781
488,2019-09-05,288,4598,4886
488,2019-09-06,262,4563,4825
488,2019-09-07,164,3017,3181
488,2019-09-08,56,2588,2644
488,2019-09-09,284,4371,4655
488,2019-09-10,270,4526,4796
488,2019-09-11,284,4491,4775
488,2019-09-12,238,3886,4124
488,2019-09-13,304,4702,5006
488,2019-09-14,191,3639,3830
488,2019-09-15,69,3118,3187
488,2019-09-16,298,4741,5039
488,2019-09-17,299,4956,5255
488,2019-09-18,331,4879,5210
488,2019-09-19,330,4958,5288
488,2019-09-20,295,4865,5160
488,2019-09-21,172,3773,3945
488,2019-09-22,69,2959,3028
488,2019-09-23,330,4354,4684
488,2019-09-24,344,4784,5128
488,2019-09-25,312,4343,4655
488,2019-09-26,296,3526,3822
488,2019-09-27,325,4687,5012
488,2019-09-28,270,3572,3842
488,2019-09-29,60,2468,2528
488,2019-09-30,251,4976,5227
488,2019-10-01,206,3763,3969
488,2019-10-02,255,4920,5175
488,2019-10-03,280,5225,5505
488,2019-10-04,216,4444,4660
488,2019-10-05,174,3526,3700
488,2019-10-06,54,2830,2884
488,2019-10-07,254,4886,5140
488,2019-10-08,227,3325,3552
488,2019-10-09,280,4750,5030
488,2019-10-10,279,5230,5509
488,2019-10-11,292,5267,5559
488,2019-10-12,187,3809,3996
488,2019-10-13,57,3631,3688
488,2019-10-14,304,5100,5404
488,2019-10-15,292,4697,4989
488,2019-10-16,286,4803,5089
488,2019-10-17,259,4395,4654
488,2019-10-18,257,5197,5454
488,2019-10-19,167,3665,3832
488,2019-10-20,54,2482,2536
488,2019-10-21,290,4756,5046
488,2019-10-22,290,4871,5161
488,2019-10-23,309,4798,5107
488,2019-10-24,297,5029,5326
488,2019-10-25,319,5158,5477
488,2019-10-26,201,4314,4515
488,2019-10-27,65,3141,3206
488,2019-10-28,344,4937,5281
488,2019-10-29,329,5472,5801
488,2019-10-30,332,5178,5510
488,2019-11-01,52,2598,2650
488,2019-11-02,184,3200,3384
488,2019-11-03,61,2926,2987
488,2019-11-04,294,5119,5413
488,2019-11-05,289,5353,5642
488,2019-11-06,346,5035,5381
488,2019-11-07,301,5372,5673
488,2019-11-08,347,5713,6060
488,2019-11-09,189,3758,3947
488,2019-11-10,67,3128,3195
488,2019-11-11,288,4947,5235
488,2019-11-12,326,5408,5734
488,2019-11-13,374,5200,5574
488,2019-11-14,330,5622,5952
488,2019-11-15,357,5473,5830
488,2019-11-16,183,3876,4059
488,2019-11-17,66,2952,3018
488,2019-11-18,340,4795,5135
488,2019-11-19,357,5091,5448
488,2019-11-20,328,4880,5208
488,2019-11-21,327,4955,5282
488,2019-11-22,355,5139,5494
488,2019-11-23,174,3771,3945
488,2019-11-24,64,3009,3073
488,2019-11-25,303,4816,5119
488,2019-11-26,295,4698,4993
488,2019-11-27,338,4668,5006
488,2019-11-28,331,4936,5267
488,2019-11-29,337,5160,5497
488,2019-11-30,202,3856,4058
488,2019-12-01,60,2838,2898
488,2019-12-02,317,4855,5172
488,2019-12-03,357,4928,5285
488,2019-12-04,330,4784,5114
488,2019-12-05,313,5053,5366
488,2019-12-06,265,4775,5040
488,2019-12-07,167,3708,3875
488,2019-12-08,62,2934,2996
488,2019-12-09,285,4863,5148
488,2019-12-10,330,5016,5346
488,2019-12-11,280,4804,5084
488,2019-12-12,264,5052,5316
488,2019-12-13,246,5183,5429
488,2019-12-14,157,3690,3847
488,2019-12-15,62,3010,3072
488,2019-12-16,244,4783,5027
488,2019-12-17,277,4986,5263
488,2019-12-18,273,5040,5313
488,2019-12-19,312,5098,5410
488,2019-12-20,246,4941,5187
488,2019-12-21,190,3520,3710
488,2019-12-22,64,2590,2654
488,2019-12-23,239,3901,4140
488,2019-12-24,222,3569,3791
488,2019-12-25,40,2487,2527
488,2019-12-26,108,2302,2410
488,2019-12-27,317,3226,3543
488,2019-12-28,178,2926,3104
488,2019-12-29,57,2506,2563
488,2019-12-30,223,3220,3443
488,2019-12-31,214,3151,3365
490,2019-01-01,4,1473,1477
490,2019-01-02,53,3233,3286
490,2019-01-03,57,3804,3861
490,2019-01-04,67,3870,3937
490,2019-01-05,25,2732,2757
490,2019-01-06,16,2128,2144
490,2019-01-07,74,5287,5361
490,2019-01-08,114,5542,5656
490,2019-01-09,94,5301,5395
490,2019-01-10,112,5714,5826
490,2019-01-11,93,5696,5789
490,2019-01-12,21,2666,2687
490,2019-01-13,13,1832,1845
490,2019-01-14,90,6788,6878
490,2019-01-15,128,6033,6161
490,2019-01-16,138,6086,6224
490,2019-01-17,146,7260,7406
490,2019-01-19,43,3136,3179
490,2019-01-20,15,2310,2325
490,2019-01-21,140,6127,6267
490,2019-01-22,106,5854,5960
490,2019-01-23,117,5210,5327
490,2019-01-24,108,5737,5845
490,2019-01-25,108,5818,5926
490,2019-01-26,28,2937,2965
490,2019-01-27,14,2128,2142
490,2019-01-28,117,5079,5196
490,2019-01-29,99,5626,5725
490,2019-01-30,99,4611,4710
490,2019-01-31,88,5677,5765
490,2019-02-02,29,3040,3069
490,2019-02-03,17,2234,2251
490,2019-02-04,104,5618,5722
490,2019-02-05,103,6061,6164
490,2019-02-06,126,5800,5926
490,2019-02-07,135,5954,6089
490,2019-02-08,102,5989,6091
490,2019-02-09,40,3048,3088
490,2019-02-10,14,2076,2090
490,2019-02-11,121,5800,5921
490,2019-02-12,132,6026,6158
490,2019-02-13,142,5867,6009
490,2019-02-14,110,6156,6266
490,2019-02-16,43,3116,3159
490,2019-02-17,26,2506,2532
490,2019-02-18,128,5475,5603
490,2019-02-19,112,5867,5979
490,2019-02-20,124,5591,5715
490,2019-02-21,116,6123,6239
490,2019-02-22,150,5815,5965
490,2019-02-23,48,3163,3211
490,2019-02-24,20,2533,2553
490,2019-02-25,131,5862,5993
490,2019-02-26,139,6133,6272
490,2019-02-27,147,6091,6238
490,2019-02-28,134,7258,7392
490,2019-03-02,47,3012,3059
490,2019-03-03,13,2266,2279
490,2019-03-04,176,4946,5122
490,2019-03-05,100,5518,5618
490,2019-03-06,152,5230,5382
490,2019-03-07,163,5611,5774
490,2019-03-08,175,5438,5613
490,2019-03-09,33,3013,3046
490,2019-03-10,44,2115,2159
490,2019-03-11,97,5871,5968
490,2019-03-12,141,6250,6391
490,2019-03-13,136,6962,7098
490,2019-03-14,160,7482,7642
490,2019-03-16,34,3166,3200
490,2019-03-17,18,2544,2562
490,2019-03-18,157,7223,7380
490,2019-03-19,176,7445,7621
490,2019-03-20,199,7324,7523
490,2019-03-21,162,7955,8117
490,2019-03-22,174,7660,7834
490,2019-03-23,55,3601,3656
490,2019-03-24,28,2819,2847
490,2019-03-25,147,7211,7358
490,2019-03-26,156,7342,7498
490,2019-03-27,185,7462,7647
490,2019-03-28,180,7965,8145
490,2019-03-30,36,3505,3541
490,2019-04-01,170,7488,7658
490,2019-04-02,186,9894,10080
490,2019-04-03,166,7476,7642
490,2019-04-04,172,8095,8267
490,2019-04-06,50,3770,3820
490,2019-04-07,42,2747,2789
490,2019-04-08,141,6523,6664
490,2019-04-09,176,8294,8470
490,2019-04-10,133,6658,6791
490,2019-04-11,181,7130,7311
490,2019-04-13,45,2928,2973
490,2019-04-14,26,2064,2090
490,2019-04-15,137,6235,6372
490,2019-04-16,151,6660,6811
490,2019-04-17,143,6267,6410
490,2019-04-18,142,6900,7042
490,2019-04-19,144,5937,6081
490,2019-04-20,45,3492,3537
490,2019-04-21,28,2510,2538
490,2019-04-22,28,3018,3046
490,2019-04-23,154,7798,7952
490,2019-04-24,182,10334,10516
490,2019-04-25,160,8708,8868
490,2019-04-27,68,3880,3948
490,2019-04-28,18,2581,2599
490,2019-04-29,157,7662,7819
490,2019-04-30,191,7205,7396
490,2019-05-01,35,2757,2792
490,2019-05-02,229,6686,6915
490,2019-05-03,171,6532,6703
490,2019-05-04,59,3302,3361
490,2019-05-05,37,2833,2870
490,2019-05-06,178,6494,6672
490,2019-05-07,160,6684,6844
490,2019-05-08,114,7560,7674
490,2019-05-09,112,3827,3939
490,2019-05-11,40,3236,3276
490,2019-05-12,15,2832,2847
490,2019-05-13,151,6338,6489
490,2019-05-14,177,6893,7070
490,2019-05-15,161,6630,6791
490,2019-05-16,173,6728,6901
490,2019-05-17,223,6873,7096
490,2019-05-18,48,3304,3352
490,2019-05-19,22,2620,2642
490,2019-05-20,145,6127,6272
490,2019-05-21,163,6286,6449
490,2019-05-22,155,6425,6580
490,2019-05-23,181,6829,7010
490,2019-05-25,96,3400,3496
490,2019-05-26,26,2840,2866
490,2019-05-27,189,6071,6260
490,2019-05-28,186,6572,6758
490,2019-05-29,209,6307,6516
490,2019-05-30,38,3033,3071
492,2019-01-01,24,1938,1962
492,2019-01-02,191,3553,3744
492,2019-01-03,222,3779,4001
492,2019-01-04,245,3936,4181
492,2019-01-05,156,3273,3429
492,2019-02-21,402,5486,5888
492,2019-02-22,394,5637,6031
492,2019-02-23,241,4670,4911
492,2019-02-24,20,4481,4501
492,2019-02-25,445,5836,6281
492,2019-02-26,490,5957,6447
492,2019-02-27,451,6250,6701
492,2019-02-28,483,6186,6669
492,2019-03-01,469,6082,6551
492,2019-03-02,168,4676,4844
492,2019-03-03,41,3563,3604
492,2019-03-04,196,3743,3939
492,2019-03-05,392,5535,5927
492,2019-03-06,435,5807,6242
492,2019-03-07,446,6161,6607
492,2019-03-08,413,6501,6914
492,2019-03-09,165,4757,4922
492,2019-03-10,37,2906,2943
492,2019-03-11,477,5601,6078
492,2019-03-12,455,6296,6751
492,2019-03-13,494,6039,6533
492,2019-03-14,389,5874,6263
492,2019-03-15,334,6069,6403
492,2019-03-16,186,4770,4956
492,2019-03-17,40,3589,3629
492,2019-03-18,441,5754,6195
492,2019-03-19,449,6253,6702
492,2019-03-20,436,6157,6593
492,2019-03-21,434,6501,6935
492,2019-03-22,422,6559,6981
492,2019-03-23,203,5453,5656
492,2019-03-24,39,4314,4353
492,2019-03-25,413,5884,6297
492,2019-03-26,432,6189,6621
492,2019-03-27,443,6353,6796
492,2019-03-28,446,6577,7023
492,2019-03-29,458,6405,6863
492,2019-03-30,185,5314,5499
492,2019-04-01,385,5612,5997
492,2019-04-02,457,5647,6104
492,2019-04-03,411,5662,6073
492,2019-04-04,359,5776,6135
492,2019-04-05,414,5753,6167
492,2019-04-06,209,4443,4652
492,2019-04-07,44,3531,3575
492,2019-04-08,357,4070,4427
492,2019-04-09,363,4717,5080
492,2019-04-10,347,5132,5479
492,2019-04-11,339,5167,5506
492,2019-04-12,354,5222,5576
492,2019-04-13,183,4044,4227
492,2019-04-14,57,2994,3051
492,2019-04-15,367,5014,5381
492,2019-04-16,387,4917,5304
492,2019-04-17,350,4935,5285
492,2019-04-18,361,5257,5618
492,2019-04-19,408,5878,6286
492,2019-04-20,160,5017,5177
492,2019-04-21,36,4741,4777
492,2019-04-22,73,4412,4485
492,2019-04-23,416,5822,6238
492,2019-04-24,448,5812,6260
492,2019-04-25,439,5824,6263
492,2019-04-26,329,6137,6466
492,2019-04-27,130,4613,4743
492,2019-04-28,28,3597,3625
492,2019-04-29,361,5610,5971
492,2019-04-30,362,6097,6459
492,2019-05-01,57,4732,4789
492,2019-05-02,315,5920,6235
492,2019-05-03,324,5947,6271
492,2019-05-04,107,4395,4502
492,2019-05-05,29,3720,3749
492,2019-05-06,336,5564,5900
492,2019-05-07,370,5908,6278
492,2019-05-08,364,6111,6475
492,2019-05-09,49,3028,3077
492,2019-05-10,243,5735,5978
492,2019-05-11,109,4054,4163
492,2019-05-12,45,4150,4195
492,2019-05-13,404,5747,6151
492,2019-05-14,357,6073,6430
492,2019-05-15,369,6306,6675
492,2019-05-16,397,6432,6829
492,2019-05-17,339,6356,6695
492,2019-05-18,162,4867,5029
492,2019-05-19,30,3691,3721
492,2019-05-20,343,5757,6100
492,2019-05-21,338,6011,6349
492,2019-05-22,367,6278,6645
492,2019-05-23,357,6196,6553
492,2019-05-24,373,6194,6567
492,2019-05-25,161,4863,5024
492,2019-05-26,42,4273,4315
492,2019-05-27,370,5155,5525
492,2019-05-28,369,5362,5731
492,2019-05-29,377,5482,5859
492,2019-05-30,93,3924,4017
492,2019-05-31,224,5941,6165
492,2019-06-01,170,5421,5591
492,2019-06-02,111,5073,5184
492,2019-06-03,398,5869,6267
492,2019-06-04,398,6054,6452
492,2019-06-05,402,6153,6555
492,2019-06-06,407,6113,6520
492,2019-06-07,416,6244,6660
492,2019-06-08,168,5004,5172
492,2019-06-09,37,4821,4858
492,2019-06-10,83,3867,3950
492,2019-06-11,384,4975,5359
492,2019-06-12,349,4760,5109
492,2019-06-13,424,5455,5879
492,2019-06-14,438,6053,6491
492,2019-06-15,178,4934,5112
492,2019-06-16,58,4534,4592
492,2019-06-17,411,5843,6254
492,2019-06-18,482,6157,6639
492,2019-06-19,466,5825,6291
492,2019-06-20,436,6098,6534
492,2019-06-21,443,6367,6810
492,2019-06-22,209,4991,5200
492,2019-06-23,111,4489,4600
492,2019-06-24,387,5690,6077
492,2019-06-25,384,6093,6477
492,2019-06-26,380,5987,6367
492,2019-06-27,372,6168,6540
492,2019-06-28,453,6488,6941
492,2019-06-29,156,5601,5757
492,2019-06-30,54,4678,4732
492,2019-07-01,330,5751,6081
492,2019-07-02,377,6148,6525
492,2019-07-03,373,5771,6144
492,2019-07-04,367,5758,6125
492,2019-07-05,357,6270,6627
492,2019-07-06,156,5444,5600
492,2019-07-07,63,4317,4380
492,2019-07-08,402,5777,6179
492,2019-07-09,456,6143,6599
492,2019-07-10,412,6186,6598
492,2019-07-11,464,6677,7141
492,2019-07-12,399,5934,6333
492,2019-07-13,145,4911,5056
492,2019-07-14,43,4146,4189
492,2019-07-15,401,5589,5990
492,2019-07-16,406,6200,6606
492,2019-07-17,515,6089,6604
492,2019-07-18,433,5992,6425
492,2019-07-19,369,6127,6496
492,2019-07-20,175,4746,4921
492,2019-07-21,66,4741,4807
492,2019-07-22,445,5695,6140
492,2019-07-23,382,6080,6462
492,2019-07-24,382,5955,6337
492,2019-07-25,340,5661,6001
492,2019-07-26,292,5359,5651
492,2019-07-27,166,4278,4444
492,2019-07-28,70,3470,3540
492,2019-07-29,251,5029,5280
492,2019-07-30,234,5376,5610
492,2019-07-31,263,5437,5700
492,2019-08-01,266,5607,5873
492,2019-08-02,266,5354,5620
492,2019-08-03,176,4807,4983
492,2019-08-04,74,4390,4464
492,2019-08-05,234,4583,4817
492,2019-08-06,203,4916,5119
492,2019-08-07,199,5053,5252
492,2019-08-08,208,5195,5403
492,2019-08-09,224,4753,4977
492,2019-08-10,149,4071,4220
492,2019-08-11,51,4077,4128
492,2019-08-12,220,4561,4781
492,2019-08-13,211,5274,5485
492,2019-08-14,225,5288,5513
492,2019-08-15,61,3526,3587
492,2019-08-16,215,4933,5148
492,2019-08-17,131,3730,3861
492,2019-08-18,43,3082,3125
492,2019-08-19,303,4349,4652
492,2019-08-20,353,4329,4682
492,2019-08-21,316,4601,4917
492,2019-08-22,379,4625,5004
492,2019-08-23,366,4711,5077
492,2019-08-24,160,4495,4655
492,2019-08-25,65,4462,4527
492,2019-08-26,393,4334,4727
492,2019-08-27,415,4715,5130
492,2019-08-28,421,4678,5099
492,2019-08-29,373,4903,5276
492,2019-08-30,394,4949,5343
492,2019-08-31,142,4332,4474
492,2019-09-01,53,3477,3530
492,2019-09-02,399,4318,4717
492,2019-09-03,399,4427,4826
492,2019-09-04,368,4573,4941
492,2019-09-05,372,4613,4985
492,2019-09-06,359,4705,5064
492,2019-09-07,133,3586,3719
492,2019-09-08,41,3049,3090
492,2019-09-09,363,4437,4800
492,2019-09-10,384,4673,5057
492,2019-09-11,410,4771,5181
492,2019-09-12,354,4827,5181
492,2019-09-13,350,5010,5360
492,2019-09-14,178,4663,4841
492,2019-09-15,44,4462,4506
492,2019-09-16,344,4504,4848
492,2019-09-17,415,4962,5377
492,2019-09-18,362,4918,5280
492,2019-09-19,420,4959,5379
492,2019-09-20,387,5137,5524
492,2019-09-21,179,4818,4997
492,2019-09-22,44,4286,4330
492,2019-09-23,348,4463,4811
492,2019-09-24,440,4674,5114
492,2019-09-25,385,4774,5159
492,2019-09-26,407,4781,5188
492,2019-09-27,345,5131,5476
492,2019-09-28,153,4312,4465
492,2019-09-29,43,2986,3029
492,2019-09-30,379,4715,5094
492,2019-10-01,398,5190,5588
492,2019-10-02,389,5380,5769
492,2019-10-03,332,5421,5753
492,2019-10-04,321,5209,5530
492,2019-10-05,152,4434,4586
492,2019-10-06,24,3051,3075
492,2019-10-07,317,4763,5080
492,2019-10-08,325,4867,5192
492,2019-10-09,321,4888,5209
492,2019-10-10,308,5157,5465
492,2019-10-11,385,5234,5619
492,2019-10-12,168,4489,4657
492,2019-10-13,50,4342,4392
492,2019-10-14,337,5072,5409
492,2019-10-15,366,5159,5525
492,2019-10-16,367,5171,5538
492,2019-10-17,316,5387,5703
492,2019-10-18,300,5256,5556
492,2019-10-19,127,4019,4146
492,2019-10-20,19,2942,2961
492,2019-10-21,364,4645,5009
492,2019-10-22,391,5067,5458
492,2019-10-23,478,5168,5646
492,2019-10-24,376,5355,5731
492,2019-10-25,346,5356,5702
492,2019-10-26,161,4389,4550
492,2019-10-27,36,3011,3047
492,2019-10-28,341,4939,5280
492,2019-10-29,392,5048,5440
492,2019-10-30,358,5083,5441
492,2019-11-01,35,2860,2895
492,2019-11-02,111,3808,3919
492,2019-11-03,22,2738,2760
492,2019-11-04,327,4839,5166
492,2019-11-05,344,5042,5386
492,2019-11-06,357,5181,5538
492,2019-11-07,335,5223,5558
492,2019-11-08,379,5202,5581
492,2019-11-09,119,3982,4101
492,2019-11-10,31,3392,3423
492,2019-11-11,311,4844,5155
492,2019-11-12,369,4936,5305
492,2019-11-13,347,4825,5172
492,2019-11-14,419,5075,5494
492,2019-11-15,347,5520,5867
492,2019-11-16,162,4603,4765
492,2019-11-17,27,3103,3130
492,2019-11-18,346,5167,5513
492,2019-11-19,373,5724,6097
492,2019-11-20,385,5747,6132
492,2019-11-21,352,6012,6364
492,2019-11-22,370,5929,6299
492,2019-11-23,155,4688,4843
492,2019-11-24,25,3661,3686
492,2019-11-25,410,5577,5987
492,2019-11-26,338,5781,6119
492,2019-11-27,311,5734,6045
492,2019-11-28,337,5857,6194
492,2019-11-29,336,6062,6398
492,2019-11-30,111,4530,4641
492,2019-12-01,20,2741,2761
492,2019-12-02,422,5296,5718
492,2019-12-03,401,5419,5820
492,2019-12-04,384,5534,5918
492,2019-12-05,353,5357,5710
492,2019-12-06,318,5171,5489
492,2019-12-07,143,4273,4416
492,2019-12-08,20,3144,3164
492,2019-12-09,338,5020,5358
492,2019-12-10,377,5372,5749
492,2019-12-11,327,5392,5719
492,2019-12-12,352,5490,5842
492,2019-12-13,324,5414,5738
492,2019-12-14,135,4145,4280
492,2019-12-15,24,3033,3057
492,2019-12-16,348,5269,5617
492,2019-12-17,392,5505,5897
492,2019-12-18,373,5570,5943
492,2019-12-19,338,5788,6126
492,2019-12-20,247,5209,5456
492,2019-12-21,130,3700,3830
492,2019-12-22,22,2665,2687
492,2019-12-23,167,4226,4393
492,2019-12-24,152,3273,3425
492,2019-12-25,14,2525,2539
492,2019-12-26,26,2391,2417
492,2019-12-27,162,3661,3823
492,2019-12-28,119,3402,3521
492,2019-12-29,22,2702,2724
492,2019-12-30,138,3783,3921
492,2019-12-31,136,3302,3438
493,2019-01-01,15,2604,2619
493,2019-01-02,193,5345,5538
493,2019-01-03,204,5918,6122
493,2019-01-04,231,6069,6300
493,2019-01-05,146,4475,4621
493,2019-01-06,31,3363,3394
493,2019-01-07,239,6623,6862
493,2019-01-08,260,6893,7153
493,2019-01-09,268,6946,7214
493,2019-01-10,277,7162,7439
493,2019-01-11,263,7235,7498
493,2019-01-12,152,5032,5184
493,2019-01-13,31,3505,3536
493,2019-01-14,289,7034,7323
493,2019-01-15,291,7234,7525
493,2019-01-16,328,7376,7704
493,2019-01-18,332,7483,7815
493,2019-01-19,151,5040,5191
493,2019-01-20,33,3497,3530
493,2019-01-21,326,7105,7431
493,2019-01-22,297,7101,7398
493,2019-01-23,294,6954,7248
493,2019-01-24,284,7041,7325
493,2019-01-25,277,7169,7446
493,2019-01-26,155,4932,5087
493,2019-01-27,31,3325,3356
493,2019-01-28,283,6469,6752
493,2019-01-29,291,7028,7319
493,2019-01-30,220,5882,6102
493,2019-02-01,279,7048,7327
493,2019-02-02,139,4908,5047
493,2019-02-03,37,3773,3810
493,2019-02-04,260,6938,7198
493,2019-02-05,277,7235,7512
493,2019-02-06,285,7208,7493
493,2019-02-07,269,7221,7490
493,2019-02-08,304,7389,7693
493,2019-02-09,170,5024,5194
493,2019-02-10,28,3146,3174
493,2019-02-11,309,6863,7172
493,2019-02-12,265,7252,7517
493,2019-02-13,346,7066,7412
493,2019-02-15,310,7270,7580
493,2019-02-16,167,4845,5012
493,2019-02-17,36,3685,3721
493,2019-02-18,296,6726,7022
493,2019-02-19,274,6548,6822
493,2019-02-20,311,6399,6710
493,2019-02-21,312,6742,7054
493,2019-02-22,285,6854,7139
493,2019-02-23,182,4983,5165
493,2019-02-24,34,3732,3766
493,2019-02-25,309,7245,7554
493,2019-02-26,319,7490,7809
493,2019-02-27,319,7608,7927
493,2019-03-01,309,7809,8118
493,2019-03-02,171,5218,5389
493,2019-03-03,36,3654,3690
493,2019-03-04,302,6380,6682
493,2019-03-05,304,7312,7616
493,2019-03-06,302,7334,7636
493,2019-03-07,289,7246,7535
493,2019-03-08,348,7667,8015
493,2019-03-09,151,5221,5372
493,2019-03-10,31,3303,3334
493,2019-03-11,309,7230,7539
493,2019-03-12,326,7631,7957
493,2019-03-13,370,7292,7662
493,2019-03-15,281,7623,7904
493,2019-03-16,153,5367,5520
493,2019-03-17,32,3976,4008
493,2019-03-18,296,7437,7733
493,2019-03-19,311,7827,8138
493,2019-03-20,320,7571,7891
493,2019-03-21,293,7979,8272
493,2019-03-22,323,8024,8347
493,2019-03-23,190,5876,6066
493,2019-03-24,36,3999,4035
493,2019-03-25,332,7304,7636
493,2019-03-26,343,7768,8111
493,2019-03-27,330,7580,7910
493,2019-05-01,66,3658,3724
493,2019-05-02,573,7203,7776
493,2019-05-03,484,7662,8146
493,2019-05-04,222,5081,5303
493,2019-05-05,54,3905,3959
493,2019-05-06,528,7442,7970
493,2019-05-07,522,7779,8301
493,2019-05-08,484,8101,8585
493,2019-05-09,84,3374,3458
493,2019-05-10,421,7412,7833
493,2019-05-11,177,5121,5298
493,2019-05-12,53,4235,4288
493,2019-05-13,478,7487,7965
493,2019-05-14,11,249,260
493,2019-05-28,428,7575,8003
493,2019-05-29,488,7618,8106
493,2019-05-30,55,3308,3363
493,2019-06-04,437,7895,8332
493,2019-06-05,461,7959,8420
493,2019-06-06,450,8134,8584
493,2019-06-07,490,8281,8771
493,2019-06-08,222,5625,5847
493,2019-06-09,59,4647,4706
493,2019-06-10,72,3478,3550
493,2019-06-11,434,7751,8185
493,2019-06-12,443,7789,8232
493,2019-06-13,500,8087,8587
493,2019-06-14,514,8160,8674
493,2019-06-15,223,6142,6365
493,2019-06-16,57,4828,4885
493,2019-06-17,415,7731,8146
493,2019-06-18,424,8001,8425
493,2019-06-19,474,8039,8513
493,2019-06-20,438,7964,8402
493,2019-06-21,445,8383,8828
493,2019-06-22,204,5422,5626
493,2019-06-23,53,3942,3995
493,2019-06-24,400,7713,8113
493,2019-06-25,460,8110,8570
493,2019-06-26,447,7931,8378
493,2019-06-27,498,8010,8508
493,2019-06-28,475,8259,8734
493,2019-06-29,196,6029,6225
493,2019-06-30,64,4771,4835
493,2019-07-01,489,7671,8160
493,2019-07-02,436,8029,8465
493,2019-07-03,475,8014,8489
493,2019-07-04,461,8379,8840
493,2019-07-05,467,8170,8637
493,2019-07-06,201,6274,6475
493,2019-07-07,69,4874,4943
493,2019-07-08,434,7711,8145
493,2019-07-09,480,7983,8463
493,2019-07-10,457,8019,8476
493,2019-07-11,469,8064,8533
493,2019-07-12,435,7979,8414
493,2019-07-13,208,5614,5822
493,2019-07-14,47,4020,4067
493,2019-07-15,434,7643,8077
493,2019-07-16,412,7775,8187
493,2019-07-17,417,8018,8435
493,2019-07-18,396,7751,8147
493,2019-07-19,402,7835,8237
493,2019-07-20,225,5733,5958
493,2019-07-21,66,4210,4276
493,2019-07-22,432,7305,7737
493,2019-07-23,437,7442,7879
493,2019-07-24,412,7619,8031
493,2019-07-25,387,7525,7912
493,2019-07-26,309,7050,7359
493,2019-07-27,203,4711,4914
493,2019-07-28,61,3523,3584
493,2019-07-29,263,6765,7028
493,2019-07-30,316,6822,7138
493,2019-07-31,356,6753,7109
493,2019-08-01,325,6634,6959
493,2019-08-02,276,6532,6808
493,2019-08-03,186,4528,4714
493,2019-08-04,59,4146,4205
493,2019-08-05,311,6048,6359
493,2019-08-06,297,6028,6325
493,2019-08-07,274,6119,6393
493,2019-08-08,305,6234,6539
493,2019-08-09,267,4666,4933
493,2019-08-10,209,4250,4459
493,2019-08-11,63,3293,3356
493,2019-08-12,291,5674,5965
493,2019-08-13,304,6027,6331
493,2019-08-14,318,6269,6587
493,2019-08-15,71,2879,2950
493,2019-08-16,289,5343,5632
493,2019-08-17,157,3924,4081
493,2019-08-18,59,2946,3005
493,2019-08-19,316,6073,6389
493,2019-08-20,365,6589,6954
493,2019-08-21,357,6683,7040
493,2019-08-22,346,6630,6976
493,2019-08-23,380,6730,7110
493,2019-08-24,189,5106,5295
493,2019-08-25,67,3999,4066
493,2019-08-26,393,6687,7080
493,2019-08-27,431,6484,6915
493,2019-08-28,427,6737,7164
493,2019-08-29,419,6990,7409
493,2019-08-30,457,6902,7359
493,2019-08-31,188,4818,5006
493,2019-09-01,55,3841,3896
493,2019-09-02,459,6855,7314
493,2019-09-03,518,7096,7614
493,2019-09-04,455,7140,7595
493,2019-09-05,432,6994,7426
493,2019-09-06,402,7396,7798
493,2019-09-07,157,4826,4983
493,2019-09-08,56,3654,3710
493,2019-09-09,426,6995,7421
493,2019-09-10,482,7292,7774
493,2019-09-11,573,7542,8115
493,2019-09-12,469,7448,7917
493,2019-09-13,492,7731,8223
493,2019-09-14,316,5856,6172
493,2019-09-15,86,4427,4513
493,2019-09-16,487,7939,8426
493,2019-09-17,494,7644,8138
493,2019-09-18,513,7302,7815
493,2019-09-19,531,7895,8426
493,2019-09-20,529,7933,8462
493,2019-09-21,226,5729,5955
493,2019-09-22,50,4121,4171
493,2019-09-23,423,7023,7446
493,2019-09-24,483,7785,8268
493,2019-09-25,567,7682,8249
493,2019-09-26,540,7951,8491
493,2019-09-27,443,7690,8133
493,2019-09-28,194,5885,6079
493,2019-09-29,74,4075,4149
493,2019-09-30,612,7127,7739
493,2019-10-01,458,7854,8312
493,2019-10-02,345,6659,7004
493,2019-10-03,469,8032,8501
493,2019-10-04,558,8047,8605
493,2019-10-05,208,5831,6039
493,2019-10-06,48,3996,4044
493,2019-10-07,466,7829,8295
493,2019-10-08,443,8514,8957
493,2019-10-09,460,8804,9264
495,2019-01-01,12,3607,3619
495,2019-01-02,175,7363,7538
495,2019-01-03,210,7962,8172
495,2019-01-04,179,8274,8453
495,2019-01-05,105,6178,6283
495,2019-01-06,27,4609,4636
495,2019-01-07,264,9798,10062
495,2019-01-08,244,10395,10639
495,2019-01-09,303,9847,10150
495,2019-01-10,320,10567,10887
495,2019-01-11,323,10637,10960
495,2019-01-12,100,6362,6462
495,2019-01-13,20,4385,4405
495,2019-01-14,473,10614,11087
495,2019-01-15,646,10889,11535
495,2019-01-16,628,10963,11591
495,2019-01-17,524,11256,11780
495,2019-01-18,555,11004,11559
495,2019-01-19,128,7252,7380
495,2019-01-20,31,4874,4905
495,2019-01-21,638,10742,11380
495,2019-01-22,640,10622,11262
495,2019-01-23,514,9780,10294
495,2019-01-24,532,10678,11210
495,2019-01-25,445,10676,11121
495,2019-01-26,112,7264,7376
495,2019-01-27,26,4831,4857
495,2019-01-28,451,9988,10439
495,2019-01-29,570,10651,11221
495,2019-01-30,226,8440,8666
495,2019-01-31,307,10328,10635
495,2019-02-01,330,10496,10826
495,2019-02-02,99,7145,7244
495,2019-02-03,28,5021,5049
495,2019-02-04,566,10468,11034
495,2019-02-05,596,11234,11830
495,2019-02-06,652,10867,11519
495,2019-02-07,632,11179,11811
495,2019-02-08,675,11455,12130
495,2019-02-09,118,7334,7452
495,2019-02-10,20,4625,4645
495,2019-02-11,770,10802,11572
495,2019-02-12,786,11218,12004
495,2019-02-13,858,11052,11910
495,2019-02-14,666,11581,12247
495,2019-02-15,640,11425,12065
495,2019-02-16,141,6869,7010
495,2019-02-17,35,5120,5155
495,2019-02-18,653,9690,10343
495,2019-02-19,719,10159,10878
495,2019-02-20,649,10045,10694
495,2019-02-21,621,10329,10950
495,2019-02-22,615,10344,10959
495,2019-02-23,170,7032,7202
495,2019-02-24,20,5107,5127
495,2019-02-25,639,10880,11519
495,2019-02-26,604,11435,12039
495,2019-02-27,674,11272,11946
495,2019-02-28,711,12013,12724
495,2019-03-01,765,11890,12655
495,2019-03-02,189,7572,7761
495,2019-03-03,25,5220,5245
495,2019-03-04,553,9777,10330
495,2019-03-05,618,10681,11299
495,2019-03-06,588,11006,11594
495,2019-03-07,693,11331,12024
495,2019-03-08,730,11596,12326
495,2019-03-09,145,7817,7962
495,2019-03-10,48,4999,5047
495,2019-03-11,724,11408,12132
495,2019-03-12,709,11124,11833
495,2019-03-13,687,11027,11714
495,2019-03-14,645,11570,12215
495,2019-03-15,673,12173,12846
495,2019-03-16,127,7872,7999
495,2019-03-17,22,5758,5780
495,2019-03-18,717,11137,11854
495,2019-03-19,766,11774,12540
495,2019-03-20,732,11209,11941
495,2019-03-21,728,12245,12973
495,2019-03-22,648,12442,13090
495,2019-03-23,222,8505,8727
495,2019-03-24,43,5644,5687
495,2019-03-25,750,11232,11982
495,2019-03-26,747,11755,12502
495,2019-03-27,752,11820,12572
495,2019-03-28,698,12196,12894
495,2019-03-29,683,12675,13358
495,2019-03-30,185,8305,8490
495,2019-04-01,691,11768,12459
495,2019-04-02,701,12133,12834
495,2019-04-03,617,11706,12323
495,2019-04-04,679,12378,13057
495,2019-04-05,652,12631,13283
495,2019-04-06,183,7824,8007
495,2019-04-07,51,5364,5415
495,2019-04-08,633,10209,10842
495,2019-04-09,680,10577,11257
495,2019-04-10,680,10658,11338
495,2019-04-11,732,10794,11526
495,2019-04-12,624,11117,11741
495,2019-04-13,122,4501,4623
495,2019-04-14,28,3248,3276
495,2019-04-15,563,9974,10537
495,2019-04-16,788,10185,10973
495,2019-04-17,661,10504,11165
495,2019-04-18,644,10799,11443
495,2019-04-19,639,10330,10969
495,2019-04-20,171,7450,7621
495,2019-04-21,40,5363,5403
495,2019-04-22,55,5237,5292
495,2019-04-23,698,12033,12731
495,2019-04-24,744,11880,12624
495,2019-04-25,809,12437,13246
495,2019-04-26,802,12836,13638
495,2019-04-27,186,8451,8637
495,2019-04-28,35,5559,5594
495,2019-04-29,832,11768,12600
495,2019-04-30,850,12594,13444
495,2019-05-01,87,5411,5498
495,2019-05-02,796,11952,12748
495,2019-05-03,718,11911,12629
495,2019-05-04,152,7325,7477
495,2019-05-05,36,5406,5442
495,2019-05-06,673,11393,12066
495,2019-05-07,645,11986,12631
495,2019-05-08,727,12055,12782
495,2019-05-09,73,5034,5107
495,2019-05-10,540,11190,11730
495,2019-05-11,157,7439,7596
495,2019-05-12,108,5601,5709
495,2019-05-13,708,11113,11821
495,2019-05-14,604,12092,12696
495,2019-05-15,740,11506,12246
495,2019-05-16,700,11786,12486
495,2019-05-17,671,12376,13047
495,2019-05-18,184,8133,8317
495,2019-05-19,40,5387,5427
495,2019-05-20,678,11124,11802
495,2019-05-21,706,11551,12257
495,2019-05-22,668,11589,12257
495,2019-05-23,752,11800,12552
495,2019-05-24,689,11961,12650
495,2019-05-25,298,7914,8212
495,2019-05-26,46,5276,5322
495,2019-05-27,684,10159,10843
495,2019-05-28,551,10632,11183
495,2019-05-29,714,11272,11986
495,2019-05-30,68,5041,5109
495,2019-05-31,318,9398,9716
495,2019-06-01,143,7328,7471
495,2019-06-02,53,5634,5687
495,2019-06-03,594,11205,11799
495,2019-06-04,595,11662,12257
495,2019-06-05,699,11496,12195
495,2019-06-06,681,11974,12655
495,2019-06-07,675,12406,13081
495,2019-06-08,169,7769,7938
495,2019-06-09,54,6318,6372
495,2019-06-10,58,4457,4515
495,2019-06-11,646,11652,12298
495,2019-06-12,673,11212,11885
495,2019-06-13,724,11787,12511
495,2019-06-14,621,12163,12784
495,2019-06-15,179,8577,8756
495,2019-06-16,67,6656,6723
495,2019-06-17,758,11244,12002
495,2019-06-18,649,11833,12482
495,2019-06-19,710,11589,12299
495,2019-06-20,678,11925,12603
495,2019-06-21,661,11593,12254
495,2019-06-22,162,7663,7825
495,2019-06-23,30,5232,5262
495,2019-06-24,654,11366,12020
495,2019-06-25,606,11744,12350
495,2019-06-26,655,11398,12053
495,2019-06-27,663,11759,12422
495,2019-06-28,735,11986,12721
495,2019-06-29,188,7958,8146
495,2019-06-30,58,6416,6474
495,2019-07-01,676,11336,12012
495,2019-07-02,688,11610,12298
495,2019-07-03,702,11357,12059
495,2019-07-04,691,12193,12884
495,2019-07-05,714,11921,12635
495,2019-07-06,171,8018,8189
495,2019-07-07,51,6226,6277
495,2019-07-08,834,11062,11896
495,2019-07-09,695,11639,12334
495,2019-07-10,682,11398,12080
495,2019-07-11,594,10940,11534
495,2019-07-12,584,11976,12560
495,2019-07-13,162,7779,7941
495,2019-07-14,50,6236,6286
495,2019-07-15,697,10970,11667
495,2019-07-16,713,11161,11874
495,2019-07-17,632,10994,11626
495,2019-07-18,640,11314,11954
495,2019-07-19,697,11445,12142
495,2019-07-20,160,7462,7622
495,2019-07-21,38,5561,5599
495,2019-07-22,789,10320,11109
495,2019-07-23,672,10778,11450
495,2019-07-24,641,10519,11160
495,2019-07-25,459,10333,10792
495,2019-07-26,343,10322,10665
495,2019-07-27,168,6608,6776
495,2019-07-28,42,4836,4878
495,2019-07-29,254,9240,9494
495,2019-07-30,267,9413,9680
495,2019-07-31,318,9600,9918
495,2019-08-01,298,9428,9726
495,2019-08-02,298,9631,9929
495,2019-08-03,148,6530,6678
495,2019-08-04,65,5128,5193
495,2019-08-05,279,8660,8939
495,2019-08-06,235,9030,9265
495,2019-08-07,246,8835,9081
495,2019-08-08,259,9181,9440
495,2019-08-09,252,9285,9537
495,2019-08-10,130,6257,6387
495,2019-08-11,49,4549,4598
495,2019-08-12,281,8538,8819
495,2019-08-13,226,8573,8799
495,2019-08-14,275,8920,9195
495,2019-08-15,50,4353,4403
495,2019-08-16,259,7714,7973
495,2019-08-17,138,5776,5914
495,2019-08-18,44,4034,4078
495,2019-08-19,423,8873,9296
495,2019-08-20,439,9453,9892
495,2019-08-21,495,9150,9645
495,2019-08-22,437,9286,9723
495,2019-08-23,421,9121,9542
495,2019-08-24,144,5905,6049
495,2019-08-25,35,4454,4489
495,2019-08-26,449,9269,9718
495,2019-08-27,570,9332,9902
495,2019-08-28,767,9504,10271
495,2019-08-29,653,9662,10315
495,2019-08-30,686,9903,10589
495,2019-08-31,143,6745,6888
495,2019-09-01,68,5357,5425
495,2019-09-02,615,9449,10064
495,2019-09-03,622,9943,10565
495,2019-09-04,675,10005,10680
495,2019-09-05,746,10017,10763
495,2019-09-06,668,10450,11118
495,2019-09-07,190,6809,6999
495,2019-09-08,56,4753,4809
495,2019-09-09,605,10537,11142
495,2019-09-10,610,10506,11116
495,2019-09-11,604,10173,10777
495,2019-09-12,616,10745,11361
495,2019-09-13,666,11008,11674
495,2019-09-14,198,8266,8464
495,2019-09-15,61,6227,6288
495,2019-09-16,635,11054,11689
495,2019-09-17,686,11432,12118
495,2019-09-18,716,11185,11901
495,2019-09-19,674,11647,12321
495,2019-09-20,692,11613,12305
495,2019-09-21,175,7805,7980
495,2019-09-22,68,5911,5979
495,2019-09-23,573,11037,11610
495,2019-09-24,658,11558,12216
495,2019-09-25,654,11368,12022
495,2019-09-26,685,11545,12230
495,2019-09-27,577,11658,12235
495,2019-09-28,179,7807,7986
495,2019-09-29,57,5173,5230
495,2019-09-30,561,11323,11884
495,2019-10-01,574,11626,12200
495,2019-10-02,690,11231,11921
495,2019-10-03,620,11829,12449
495,2019-10-04,589,11968,12557
495,2019-10-05,172,8110,8282
495,2019-10-06,42,5318,5360
495,2019-10-07,635,11265,11900
495,2019-10-08,648,11434,12082
495,2019-10-09,616,11010,11626
495,2019-10-10,771,11199,11970
495,2019-10-11,740,11343,12083
495,2019-10-12,177,7850,8027
495,2019-10-13,40,5618,5658
495,2019-10-14,694,10582,11276
495,2019-10-15,636,10825,11461
495,2019-10-16,761,10684,11445
495,2019-10-17,715,11396,12111
495,2019-10-18,777,11523,12300
495,2019-10-19,146,7878,8024
495,2019-10-20,32,5119,5151
495,2019-10-21,749,10606,11355
495,2019-10-22,697,11334,12031
495,2019-10-23,761,11336,12097
495,2019-10-24,679,12138,12817
495,2019-10-25,736,12240,12976
495,2019-10-26,207,7921,8128
495,2019-10-27,34,5673,5707
495,2019-10-28,684,10422,11106
495,2019-10-29,742,10935,11677
495,2019-10-30,711,10575,11286
495,2019-11-01,41,5191,5232
495,2019-11-02,115,7009,7124
495,2019-11-03,43,5060,5103
495,2019-11-04,748,11103,11851
495,2019-11-05,717,11882,12599
495,2019-11-06,714,11566,12280
495,2019-11-07,701,12188,12889
495,2019-11-08,700,12280,12980
495,2019-11-09,189,7983,8172
495,2019-11-10,42,5298,5340
495,2019-11-11,579,11312,11891
495,2019-11-12,635,11966,12601
495,2019-11-13,693,11478,12171
495,2019-11-14,657,12006,12663
495,2019-11-15,669,12038,12707
495,2019-11-16,180,8383,8563
495,2019-11-17,46,5341,5387
495,2019-11-18,565,11360,11925
495,2019-11-19,475,10128,10603
495,2019-11-20,556,9757,10313
495,2019-11-21,697,11076,11773
495,2019-11-22,629,11737,12366
495,2019-11-23,192,8064,8256
495,2019-11-24,32,5564,5596
495,2019-11-25,1086,11094,12180
495,2019-11-26,1171,11544,12715
495,2019-11-27,1208,11589,12797
495,2019-11-28,1231,12146,13377
495,2019-11-29,1205,12280,13485
495,2019-11-30,166,8226,8392
495,2019-12-01,34,5133,5167
495,2019-12-02,1204,11448,12652
495,2019-12-03,1363,11775,13138
495,2019-12-04,1452,11821,13273
495,2019-12-05,1420,12021,13441
495,2019-12-06,1121,11794,12915
495,2019-12-07,148,7617,7765
495,2019-12-08,26,4988,5014
495,2019-12-09,1179,11552,12731
495,2019-12-10,1374,12132,13506
495,2019-12-11,1135,11405,12540
495,2019-12-12,1309,12069,13378
495,2019-12-13,1037,12172,13209
495,2019-12-14,139,7943,8082
495,2019-12-15,17,5333,5350
495,2019-12-16,1216,11679,12895
495,2019-12-17,1343,12093,13436
495,2019-12-18,1172,12013,13185
495,2019-12-19,951,12056,13007
495,2019-12-20,473,11753,12226
495,2019-12-21,141,7439,7580
495,2019-12-22,33,4997,5030
495,2019-12-23,184,9061,9245
495,2019-12-24,130,7389,7519
495,2019-12-25,15,4427,4442
495,2019-12-26,29,3993,4022
495,2019-12-27,193,7377,7570
495,2019-12-28,119,6316,6435
495,2019-12-29,34,4515,4549
495,2019-12-30,178,7678,7856
495,2019-12-31,155,6853,7008
498,2019-01-01,5,3835,3840
498,2019-01-02,181,7414,7595
498,2019-01-03,248,7882,8130
498,2019-01-04,240,8452,8692
498,2019-01-05,61,6778,6839
498,2019-01-06,14,4809,4823
498,2019-01-07,310,8372,8682
498,2019-01-08,340,8892,9232
498,2019-01-09,335,8774,9109
498,2019-01-10,352,9135,9487
498,2019-01-11,339,9043,9382
498,2019-01-12,95,7183,7278
498,2019-01-13,11,4447,4458
498,2019-01-14,350,8824,9174
498,2019-01-15,333,9253,9586
498,2019-01-16,329,9490,9819
498,2019-01-18,358,9538,9896
498,2019-01-19,81,8065,8146
498,2019-01-20,16,5038,5054
498,2019-01-21,380,9255,9635
498,2019-01-22,385,8883,9268
498,2019-01-23,341,8645,8986
498,2019-01-24,416,9144,9560
498,2019-01-25,437,9463,9900
498,2019-01-26,61,7584,7645
498,2019-01-27,15,5073,5088
498,2019-01-28,351,8687,9038
498,2019-01-29,366,9363,9729
498,2019-01-30,305,7636,7941
498,2019-02-01,304,9366,9670
498,2019-02-02,90,7880,7970
498,2019-02-03,20,5300,5320
498,2019-02-04,396,9370,9766
498,2019-02-05,389,9735,10124
498,2019-02-06,347,9228,9575
498,2019-02-07,359,9372,9731
498,2019-02-08,374,9726,10100
498,2019-02-09,86,7813,7899
498,2019-02-10,11,4359,4370
498,2019-02-11,322,9132,9454
498,2019-02-12,393,9338,9731
498,2019-02-13,370,9403,9773
498,2019-02-15,408,9945,10353
498,2019-02-16,105,8070,8175
498,2019-02-17,16,5392,5408
498,2019-02-18,326,8706,9032
498,2019-02-19,343,8877,9220
498,2019-02-20,345,8943,9288
498,2019-02-21,347,9014,9361
498,2019-02-22,385,9431,9816
498,2019-02-23,85,5530,5615
498,2019-02-24,19,4613,4632
498,2019-02-25,337,9292,9629
498,2019-02-26,343,9428,9771
498,2019-02-27,389,9795,10184
498,2019-03-01,361,10125,10486
498,2019-03-02,100,8103,8203
498,2019-03-03,19,4903,4922
498,2019-03-04,340,8713,9053
498,2019-03-05,335,8953,9288
498,2019-03-06,335,9136,9471
498,2019-03-07,334,9137,9471
498,2019-03-08,392,10028,10420
498,2019-03-09,77,8015,8092
498,2019-03-10,19,5006,5025
498,2019-03-11,436,9298,9734
498,2019-03-12,328,9235,9563
498,2019-03-13,400,9016,9416
498,2019-03-15,327,9054,9381
498,2019-03-16,90,7700,7790
498,2019-03-17,21,4907,4928
498,2019-03-18,392,9044,9436
498,2019-03-19,353,9364,9717
498,2019-03-20,349,9177,9526
498,2019-03-21,366,9665,10031
498,2019-03-22,384,9881,10265
498,2019-03-23,109,8427,8536
498,2019-03-24,26,5418,5444
498,2019-03-25,345,9319,9664
498,2019-03-26,398,9385,9783
498,2019-03-27,414,9333,9747
498,2019-03-29,355,10109,10464
498,2019-03-30,120,8590,8710
498,2019-04-01,363,9429,9792
498,2019-04-02,356,9322,9678
498,2019-04-03,358,9283,9641
498,2019-04-05,365,9900,10265
498,2019-04-06,120,8190,8310
498,2019-04-07,21,5831,5852
498,2019-04-08,347,8683,9030
498,2019-04-09,399,8914,9313
498,2019-04-10,373,9083,9456
498,2019-04-12,341,9576,9917
498,2019-04-13,105,7700,7805
498,2019-04-14,20,4660,4680
498,2019-04-15,370,8850,9220
498,2019-04-16,377,8830,9207
498,2019-04-17,374,8963,9337
498,2019-04-18,337,9306,9643
498,2019-04-19,265,10119,10384
498,2019-04-20,110,8591,8701
498,2019-04-21,16,5463,5479
498,2019-04-22,19,5567,5586
498,2019-04-23,397,9319,9716
498,2019-04-24,374,9070,9444
498,2019-04-26,332,9999,10331
498,2019-04-27,96,8219,8315
498,2019-04-28,17,5370,5387
498,2019-04-29,346,9052,9398
498,2019-04-30,358,10360,10718
498,2019-05-01,36,5654,5690
498,2019-05-02,351,9605,9956
498,2019-05-03,428,9771,10199
498,2019-05-04,94,7700,7794
498,2019-05-05,29,5696,5725
498,2019-05-06,386,9204,9590
498,2019-05-07,409,9715,10124
498,2019-05-08,359,9508,9867
498,2019-05-17,470,9911,10381
498,2019-05-18,128,7803,7931
498,2019-05-19,33,5463,5496
498,2019-05-20,504,9349,9853
498,2019-05-21,425,9578,10003
498,2019-05-22,461,9385,9846
498,2019-05-23,455,9400,9855
498,2019-05-24,471,10150,10621
498,2019-05-25,170,8319,8489
498,2019-05-26,40,5787,5827
498,2019-05-27,404,8733,9137
498,2019-05-28,490,9201,9691
498,2019-05-29,411,9844,10255
498,2019-05-30,43,5443,5486
498,2019-05-31,357,9245,9602
498,2019-06-01,122,7988,8110
498,2019-06-02,55,5898,5953
498,2019-06-03,448,8923,9371
498,2019-06-04,457,9267,9724
498,2019-06-05,459,8998,9457
498,2019-06-06,454,9304,9758
498,2019-06-07,445,9047,9492
498,2019-06-08,139,9039,9178
498,2019-06-09,34,7042,7076
498,2019-06-10,33,5313,5346
498,2019-06-11,473,8987,9460
498,2019-06-12,446,8595,9041
498,2019-06-13,492,9087,9579
498,2019-06-14,449,9161,9610
498,2019-06-15,160,8442,8602
498,2019-06-16,28,6273,6301
498,2019-06-17,424,8880,9304
498,2019-06-18,443,9354,9797
498,2019-06-19,417,8857,9274
498,2019-06-20,410,8967,9377
498,2019-06-21,442,9272,9714
498,2019-06-22,140,8018,8158
498,2019-06-23,42,5499,5541
498,2019-06-24,387,8939,9326
498,2019-06-25,458,9127,9585
498,2019-06-26,427,9285,9712
498,2019-06-27,429,9529,9958
498,2019-06-28,379,9814,10193
498,2019-06-29,157,8530,8687
498,2019-06-30,45,6856,6901
498,2019-07-01,116,2024,2140
498,2019-07-02,107,1033,1140
498,2019-07-03,121,3470,3591
498,2019-07-04,483,8118,8601
498,2019-07-05,431,9045,9476
498,2019-07-06,144,8278,8422
498,2019-07-07,27,5692,5719
498,2019-07-08,451,8347,8798
498,2019-07-09,467,8284,8751
498,2019-07-10,539,8455,8994
498,2019-07-11,440,8513,8953
498,2019-07-12,450,8447,8897
498,2019-07-13,131,7975,8106
498,2019-07-14,57,5919,5976
498,2019-07-15,441,8543,8984
498,2019-07-16,451,8826,9277
498,2019-07-17,463,8802,9265
498,2019-07-18,440,9137,9577
498,2019-07-19,427,8934,9361
498,2019-07-20,119,8659,8778
498,2019-07-21,19,5788,5807
498,2019-07-22,377,8559,8936
498,2019-07-23,437,9019,9456
498,2019-07-24,436,9043,9479
498,2019-07-25,424,8908,9332
498,2019-07-26,372,8927,9299
498,2019-07-27,108,6821,6929
498,2019-07-28,33,4852,4885
498,2019-07-29,364,7858,8222
498,2019-07-30,344,7809,8153
498,2019-07-31,346,7855,8201
498,2019-08-01,409,7894,8303
498,2019-08-02,435,8067,8502
498,2019-08-03,118,6224,6342
498,2019-08-04,19,4600,4619
498,2019-08-05,327,7542,7869
498,2019-08-06,370,7258,7628
498,2019-08-07,329,6999,7328
498,2019-08-08,370,7199,7569
498,2019-08-09,383,6766,7149
498,2019-08-10,81,3103,3184
498,2019-08-11,87,5044,5131
498,2019-08-12,424,7040,7464
498,2019-08-13,503,7693,8196
498,2019-08-14,390,7488,7878
498,2019-08-15,38,4013,4051
498,2019-08-16,314,7039,7353
498,2019-08-17,82,5622,5704
498,2019-08-18,32,4298,4330
498,2019-08-19,384,7782,8166
498,2019-08-20,373,8475,8848
498,2019-08-21,446,8356,8802
498,2019-08-22,412,8630,9042
498,2019-08-23,453,8873,9326
498,2019-08-24,145,7640,7785
498,2019-08-25,52,5722,5774
498,2019-08-26,405,9304,9709
498,2019-08-27,427,8952,9379
498,2019-08-28,437,9021,9458
498,2019-08-29,412,9150,9562
498,2019-08-30,483,9548,10031
498,2019-08-31,153,7765,7918
498,2019-09-01,45,5740,5785
498,2019-09-02,458,8785,9243
498,2019-09-03,485,9379,9864
498,2019-09-04,485,9305,9790
498,2019-09-05,464,9233,9697
498,2019-09-06,563,9464,10027
498,2019-09-07,131,7433,7564
498,2019-09-08,29,5536,5565
498,2019-09-09,425,9135,9560
498,2019-09-10,463,8804,9267
498,2019-09-11,476,9062,9538
498,2019-09-12,511,8944,9455
498,2019-09-13,473,9490,9963
498,2019-09-14,219,8357,8576
498,2019-09-15,60,6698,6758
498,2019-09-16,445,9211,9656
498,2019-09-17,424,9378,9802
498,2019-09-18,459,9399,9858
498,2019-09-19,430,8979,9409
498,2019-09-20,409,9443,9852
498,2019-09-21,121,8700,8821
498,2019-09-22,41,5754,5795
498,2019-09-23,431,8784,9215
498,2019-09-24,471,8711,9182
498,2019-09-25,482,8554,9036
498,2019-09-26,420,8833,9253
498,2019-09-27,381,8963,9344
498,2019-09-28,120,8778,8898
498,2019-09-29,36,5943,5979
498,2019-09-30,424,8499,8923
498,2019-10-01,403,8395,8798
498,2019-10-02,438,8115,8553
498,2019-10-03,476,9010,9486
498,2019-10-04,423,8557,8980
498,2019-10-05,108,7972,8080
498,2019-10-06,25,5783,5808
498,2019-10-07,407,8488,8895
498,2019-10-08,414,6543,6957
498,2019-10-09,434,8267,8701
498,2019-10-10,448,8349,8797
498,2019-10-11,461,9145,9606
498,2019-10-12,145,8298,8443
498,2019-10-13,39,6212,6251
498,2019-10-14,444,8467,8911
498,2019-10-15,432,8164,8596
498,2019-10-16,425,8508,8933
498,2019-10-17,475,8388,8863
498,2019-10-18,464,9248,9712
498,2019-10-19,116,8209,8325
498,2019-10-20,31,4209,4240
498,2019-10-21,412,8379,8791
498,2019-10-22,472,8843,9315
498,2019-10-23,471,8600,9071
498,2019-10-24,499,8959,9458
498,2019-10-25,456,9349,9805
498,2019-10-26,143,8584,8727
498,2019-10-27,19,4587,4606
498,2019-10-28,431,7160,7591
498,2019-10-29,480,8059,8539
498,2019-10-30,461,8129,8590
498,2019-11-01,36,5143,5179
498,2019-11-02,98,6807,6905
498,2019-11-03,14,4852,4866
498,2019-11-04,446,8289,8735
498,2019-11-05,489,8851,9340
498,2019-11-06,490,8811,9301
498,2019-11-07,465,8751,9216
498,2019-11-08,507,10234,10741
498,2019-11-09,159,8760,8919
498,2019-11-10,27,6126,6153
498,2019-11-11,325,8132,8457
498,2019-11-12,474,8508,8982
498,2019-11-13,520,9127,9647
498,2019-11-14,538,9113,9651
498,2019-11-15,494,9829,10323
498,2019-11-16,149,8707,8856
498,2019-11-17,22,5128,5150
498,2019-11-18,428,6514,6942
498,2019-11-19,499,8900,9399
498,2019-11-20,547,8653,9200
498,2019-11-21,519,8776,9295
498,2019-11-22,509,9358,9867
498,2019-11-23,137,8591,8728
498,2019-11-24,22,5518,5540
498,2019-11-25,500,8786,9286
498,2019-11-26,474,8983,9457
498,2019-11-27,444,8262,8706
498,2019-11-28,481,8725,9206
498,2019-11-29,515,9229,9744
498,2019-11-30,134,8409,8543
498,2019-12-01,31,5078,5109
498,2019-12-02,436,8701,9137
498,2019-12-03,484,9109,9593
498,2019-12-04,500,9217,9717
498,2019-12-05,510,9272,9782
498,2019-12-06,479,8501,8980
498,2019-12-07,149,7916,8065
498,2019-12-08,28,4506,4534
498,2019-12-09,418,7745,8163
498,2019-12-10,569,9114,9683
498,2019-12-11,479,8486,8965
498,2019-12-12,448,8857,9305
498,2019-12-13,447,8753,9200
498,2019-12-14,103,8155,8258
498,2019-12-15,18,5732,5750
498,2019-12-16,447,8968,9415
498,2019-12-17,510,9235,9745
498,2019-12-18,482,9445,9927
498,2019-12-19,430,9925,10355
498,2019-12-20,358,9741,10099
498,2019-12-21,100,7892,7992
498,2019-12-22,25,5414,5439
498,2019-12-23,191,7860,8051
498,2019-12-24,181,6952,7133
498,2019-12-25,3,3901,3904
498,2019-12-26,30,4365,4395
498,2019-12-27,179,6804,6983
498,2019-12-28,90,6692,6782
498,2019-12-29,25,4800,4825
498,2019-12-30,193,7857,8050
498,2019-12-31,156,6674,6830
520,2019-01-01,30,3239,3269
520,2019-01-02,163,6278,6441
520,2019-01-03,160,6767,6927
520,2019-01-04,170,7160,7330
520,2019-01-05,148,5806,5954
520,2019-01-06,43,4030,4073
520,2019-01-07,226,7638,7864
520,2019-01-08,242,8160,8402
520,2019-01-09,207,7911,8118
520,2019-01-10,203,8032,8235
520,2019-01-11,216,8432,8648
520,2019-01-12,130,7016,7146
520,2019-01-13,23,4343,4366
520,2019-01-14,225,8090,8315
520,2019-01-15,230,8372,8602
520,2019-01-16,236,8231,8467
520,2019-01-18,233,8786,9019
520,2019-01-19,128,7068,7196
520,2019-01-20,44,4524,4568
520,2019-01-21,244,8231,8475
520,2019-01-22,239,8291,8530
520,2019-01-23,211,8023,8234
520,2019-01-24,262,8215,8477
520,2019-01-25,300,8624,8924
520,2019-01-26,134,7028,7162
520,2019-01-27,26,5020,5046
520,2019-01-28,223,7935,8158
520,2019-01-29,272,8860,9132
520,2019-01-30,195,7432,7627
520,2019-02-01,215,8416,8631
520,2019-02-02,120,7318,7438
520,2019-02-03,40,5136,5176
520,2019-02-04,220,8129,8349
520,2019-02-05,196,8588,8784
520,2019-02-06,221,8275,8496
520,2019-02-07,258,8478,8736
520,2019-02-08,226,8882,9108
520,2019-02-09,128,7012,7140
520,2019-02-10,40,4054,4094
520,2019-02-11,256,8232,8488
520,2019-02-12,229,8533,8762
520,2019-02-13,224,8455,8679
520,2019-02-15,252,8827,9079
520,2019-02-16,127,6611,6738
520,2019-02-17,39,4588,4627
520,2019-02-18,176,7390,7566
520,2019-02-19,206,7487,7693
520,2019-02-20,224,7641,7865
520,2019-02-21,237,7598,7835
520,2019-02-22,195,7945,8140
520,2019-02-23,120,6580,6700
520,2019-02-24,34,5060,5094
520,2019-02-25,229,8356,8585
520,2019-02-26,265,8514,8779
520,2019-02-27,178,8830,9008
520,2019-03-01,320,8802,9122
520,2019-03-02,249,7358,7607
520,2019-03-03,40,4754,4794
520,2019-03-04,294,8044,8338
520,2019-03-05,248,8410,8658
520,2019-03-06,308,8468,8776
520,2019-03-07,290,8766,9056
520,2019-03-08,310,9248,9558
520,2019-03-09,154,7228,7382
520,2019-03-10,32,4508,4540
520,2019-03-11,316,10310,10626
520,2019-03-12,348,9682,10030
520,2019-03-15,246,8848,9094
520,2019-03-16,115,7349,7464
520,2019-03-17,34,4738,4772
520,2019-03-18,240,8275,8515
520,2019-03-19,286,8578,8864
520,2019-03-20,269,8451,8720
520,2019-03-21,272,8617,8889
520,2019-03-22,256,9269,9525
520,2019-03-23,281,8295,8576
520,2019-03-24,117,5097,5214
520,2019-03-25,252,8503,8755
520,2019-03-26,232,8818,9050
520,2019-03-27,304,8631,8935
520,2019-04-12,598,8312,8910
520,2019-04-13,326,6600,6926
520,2019-04-14,134,4415,4549
520,2019-04-15,548,8162,8710
520,2019-04-16,546,9039,9585
520,2019-04-17,640,10498,11138
520,2019-04-18,737,11749,12486
520,2019-04-19,617,11008,11625
520,2019-04-20,292,8315,8607
520,2019-04-21,124,5470,5594
520,2019-04-22,130,4817,4947
520,2019-04-23,490,10375,10865
520,2019-04-24,502,8882,9384
520,2019-04-25,451,8663,9114
520,2019-04-26,470,9457,9927
520,2019-04-27,212,7546,7758
520,2019-04-28,46,5087,5133
520,2019-04-29,512,9743,10255
520,2019-04-30,516,10374,10890
520,2019-05-01,51,4727,4778
520,2019-05-02,460,8552,9012
520,2019-05-03,524,9136,9660
520,2019-05-04,176,6818,6994
520,2019-05-05,52,4834,4886
520,2019-05-06,473,8383,8856
520,2019-05-07,496,8862,9358
520,2019-05-08,500,9239,9739
520,2019-05-09,36,4150,4186
520,2019-05-10,503,9157,9660
520,2019-05-11,269,7049,7318
520,2019-05-12,240,7933,8173
520,2019-05-13,529,8873,9402
520,2019-05-14,477,8728,9205
520,2019-05-15,616,9419,10035
520,2019-05-16,534,9168,9702
520,2019-05-17,546,9489,10035
520,2019-05-18,258,7518,7776
520,2019-05-19,87,5190,5277
520,2019-05-20,528,8615,9143
520,2019-05-21,473,8784,9257
520,2019-05-22,447,8554,9001
520,2019-05-23,485,8933,9418
520,2019-05-24,514,9410,9924
520,2019-05-25,267,7495,7762
520,2019-05-26,52,5256,5308
520,2019-05-27,414,7596,8010
520,2019-05-28,409,7665,8074
520,2019-05-29,442,8358,8800
520,2019-05-30,48,4003,4051
520,2019-05-31,381,7933,8314
520,2019-06-01,252,6643,6895
520,2019-06-02,65,5288,5353
520,2019-06-03,486,8571,9057
520,2019-06-04,477,8862,9339
520,2019-06-05,529,8589,9118
520,2019-06-06,492,8860,9352
520,2019-06-07,528,9006,9534
520,2019-06-08,228,7138,7366
520,2019-06-09,76,5677,5753
520,2019-06-10,82,4378,4460
520,2019-06-11,544,8856,9400
520,2019-06-12,513,8647,9160
520,2019-06-13,505,8417,8922
520,2019-06-14,525,9312,9837
520,2019-06-15,237,7640,7877
520,2019-06-16,57,5486,5543
520,2019-06-17,447,8498,8945
520,2019-06-18,439,8758,9197
520,2019-06-19,525,8517,9042
520,2019-06-20,468,8624,9092
520,2019-06-21,519,9231,9750
520,2019-06-22,199,7253,7452
520,2019-06-23,79,4853,4932
520,2019-06-24,481,8336,8817
520,2019-06-25,485,8788,9273
520,2019-06-26,509,8630,9139
520,2019-06-27,557,8677,9234
520,2019-06-28,533,9005,9538
520,2019-06-29,197,6990,7187
520,2019-06-30,97,6347,6444
520,2019-07-01,520,8101,8621
520,2019-07-02,504,8757,9261
520,2019-07-03,539,8404,8943
520,2019-07-04,472,8997,9469
520,2019-07-05,481,9083,9564
520,2019-07-06,224,7219,7443
520,2019-07-07,63,5093,5156
520,2019-07-08,498,8629,9127
520,2019-07-09,424,8926,9350
520,2019-07-10,521,8836,9357
520,2019-07-11,480,8693,9173
520,2019-07-12,457,8930,9387
520,2019-07-13,213,7083,7296
520,2019-07-14,80,5204,5284
520,2019-07-15,481,8011,8492
520,2019-07-16,440,8146,8586
520,2019-07-17,455,8309,8764
520,2019-07-18,417,8026,8443
520,2019-07-19,479,8283,8762
520,2019-07-20,227,6645,6872
520,2019-07-21,68,5060,5128
520,2019-07-22,548,7856,8404
520,2019-07-23,548,8042,8590
520,2019-07-24,549,7940,8489
520,2019-07-25,468,7873,8341
520,2019-07-26,401,7611,8012
520,2019-07-27,174,5813,5987
520,2019-07-28,68,3954,4022
520,2019-07-29,310,6930,7240
520,2019-07-30,359,7033,7392
520,2019-07-31,366,7180,7546
520,2019-08-01,388,7115,7503
520,2019-08-02,352,7129,7481
520,2019-08-03,199,5503,5702
520,2019-08-04,65,4091,4156
520,2019-08-05,362,6408,6770
520,2019-08-06,316,6432,6748
520,2019-08-07,353,6575,6928
520,2019-08-08,334,6560,6894
520,2019-08-09,305,6401,6706
520,2019-08-10,193,5182,5375
520,2019-08-11,67,3766,3833
520,2019-08-12,329,6100,6429
520,2019-08-13,318,6831,7149
520,2019-08-14,333,7438,7771
520,2019-08-15,49,3534,3583
520,2019-08-16,306,6648,6954
520,2019-08-17,163,4987,5150
520,2019-08-18,53,3626,3679
520,2019-08-19,354,6972,7326
520,2019-08-20,350,7287,7637
520,2019-08-21,387,7510,7897
520,2019-08-22,451,7753,8204
520,2019-08-23,457,11114,11571
520,2019-08-24,678,20014,20692
520,2019-08-25,311,16668,16979
520,2019-08-26,413,8126,8539
520,2019-08-27,404,8268,8672
520,2019-08-28,416,7985,8401
520,2019-08-29,455,8313,8768
520,2019-08-30,450,8535,8985
520,2019-08-31,212,6711,6923
520,2019-09-01,72,4800,4872
520,2019-09-02,424,7972,8396
520,2019-09-03,519,8423,8942
520,2019-09-04,505,8541,9046
520,2019-09-05,612,8672,9284
520,2019-09-06,516,8792,9308
520,2019-09-07,207,6536,6743
520,2019-09-08,63,4645,4708
520,2019-09-09,504,8769,9273
520,2019-09-10,531,9242,9773
520,2019-09-11,609,9452,10061
520,2019-09-12,639,11071,11710
520,2019-09-13,486,9759,10245
520,2019-09-14,220,7124,7344
520,2019-09-15,58,5533,5591
520,2019-09-16,503,8223,8726
520,2019-09-17,474,8891,9365
520,2019-09-18,463,8818,9281
520,2019-09-19,543,8637,9180
520,2019-09-20,550,10632,11182
520,2019-09-21,598,16403,17001
520,2019-09-22,204,11661,11865
520,2019-09-23,466,8446,8912
520,2019-09-24,540,8506,9046
520,2019-09-25,523,10264,10787
520,2019-09-26,585,10455,11040
520,2019-09-27,531,9727,10258
520,2019-09-28,321,7596,7917
520,2019-09-29,164,5236,5400
520,2019-09-30,545,9678,10223
520,2019-10-01,608,10036,10644
520,2019-10-02,529,9795,10324
520,2019-10-03,441,9032,9473
520,2019-10-04,494,9441,9935
520,2019-10-05,287,7424,7711
520,2019-10-06,142,5197,5339
520,2019-10-07,528,8406,8934
520,2019-10-08,485,8945,9430
520,2019-10-09,499,8842,9341
520,2019-10-10,511,8829,9340
520,2019-10-11,539,9297,9836
520,2019-10-12,220,7478,7698
520,2019-10-13,59,5347,5406
520,2019-10-14,466,6538,7004
520,2019-10-15,447,9429,9876
520,2019-10-16,479,8885,9364
520,2019-10-17,485,9182,9667
520,2019-10-18,506,8963,9469
520,2019-10-19,181,7313,7494
520,2019-10-20,46,4751,4797
520,2019-10-21,411,8442,8853
520,2019-10-22,440,8861,9301
520,2019-10-23,521,8629,9150
520,2019-10-24,519,9040,9559
520,2019-10-25,534,9415,9949
520,2019-10-26,210,7291,7501
520,2019-10-27,46,4831,4877
520,2019-10-28,499,7998,8497
520,2019-10-29,454,8485,8939
520,2019-10-30,424,8413,8837
520,2019-11-01,43,4312,4355
520,2019-11-02,179,6306,6485
520,2019-11-03,44,4354,4398
520,2019-11-04,458,8328,8786
520,2019-11-05,432,8699,9131
520,2019-11-06,491,8543,9034
520,2019-11-07,411,8866,9277
520,2019-11-08,494,9203,9697
520,2019-11-09,234,7380,7614
520,2019-11-10,53,4953,5006
520,2019-11-11,426,8343,8769
520,2019-11-12,430,8612,9042
520,2019-11-13,478,8436,8914
520,2019-11-14,553,8774,9327
520,2019-11-15,457,8989,9446
520,2019-11-16,216,7661,7877
520,2019-11-17,55,4859,4914
520,2019-11-18,389,8149,8538
520,2019-11-19,459,8632,9091
520,2019-11-20,491,8648,9139
520,2019-11-21,627,8550,9177
520,2019-11-22,443,9065,9508
520,2019-11-23,201,7354,7555
520,2019-11-24,51,5092,5143
520,2019-11-25,442,8236,8678
520,2019-11-26,469,8614,9083
520,2019-11-27,480,8434,8914
520,2019-11-28,446,8750,9196
520,2019-11-29,448,9115,9563
520,2019-11-30,183,7610,7793
520,2019-12-01,45,4696,4741
520,2019-12-02,425,8508,8933
520,2019-12-03,421,8542,8963
520,2019-12-04,462,8541,9003
520,2019-12-05,460,8822,9282
520,2019-12-06,389,8351,8740
520,2019-12-07,177,6812,6989
520,2019-12-08,51,4522,4573
520,2019-12-09,432,8224,8656
520,2019-12-10,423,8248,8671
520,2019-12-11,516,10010,10526
520,2019-12-12,456,8459,8915
520,2019-12-13,381,8847,9228
520,2019-12-14,201,7275,7476
520,2019-12-15,34,4883,4917
520,2019-12-16,434,9127,9561
520,2019-12-17,501,10203,10704
520,2019-12-18,506,9054,9560
520,2019-12-19,463,8737,9200
520,2019-12-20,386,9060,9446
520,2019-12-21,150,6542,6692
520,2019-12-22,30,4301,4331
520,2019-12-23,252,7786,8038
520,2019-12-24,198,6569,6767
520,2019-12-25,34,3392,3426
520,2019-12-26,37,3353,3390
520,2019-12-27,216,6267,6483
520,2019-12-28,147,5499,5646
520,2019-12-29,43,4379,4422
520,2019-12-30,238,6589,6827
520,2019-12-31,200,5846,6046
525,2019-01-01,5,1224,1229
525,2019-01-02,90,2274,2364
525,2019-01-03,79,2350,2429
525,2019-01-04,96,2594,2690
525,2019-01-05,61,2335,2396
525,2019-01-06,5,1573,1578
525,2019-01-07,96,2609,2705
525,2019-01-08,112,2899,3011
525,2019-01-09,127,2743,2870
525,2019-01-10,129,2918,3047
525,2019-01-11,132,3066,3198
525,2019-01-12,69,2823,2892
525,2019-01-13,8,1785,1793
525,2019-01-14,124,2816,2940
525,2019-01-15,169,3057,3226
525,2019-01-16,158,2914,3072
525,2019-01-17,130,3049,3179
525,2019-01-18,156,3169,3325
525,2019-01-19,66,2780,2846
525,2019-01-20,18,3642,3660
525,2019-01-21,320,5992,6312
525,2019-01-22,276,5928,6204
525,2019-01-23,258,5766,6024
525,2019-01-24,296,6060,6356
525,2019-01-25,290,6208,6498
525,2019-01-26,110,5402,5512
525,2019-01-27,4,3928,3932
525,2019-01-28,180,4646,4826
525,2019-01-29,268,6264,6532
525,2019-01-30,198,5082,5280
525,2019-01-31,226,5436,5662
525,2019-02-01,224,6170,6394
525,2019-02-02,122,5664,5786
525,2019-02-03,20,3608,3628
525,2019-02-04,264,5946,6210
525,2019-02-05,298,6608,6906
525,2019-02-06,282,6594,6876
525,2019-02-07,322,6436,6758
525,2019-02-08,272,6760,7032
525,2019-02-09,146,5776,5922
525,2019-02-10,20,3362,3382
525,2019-02-11,306,5944,6250
525,2019-02-12,360,6360,6720
525,2019-02-13,308,6286,6594
525,2019-02-14,310,6600,6910
525,2019-02-15,372,6652,7024
525,2019-02-16,164,5458,5622
525,2019-02-17,24,4110,4134
525,2019-02-18,350,5546,5896
525,2019-02-19,386,5878,6264
525,2019-02-20,308,5896,6204
525,2019-02-21,316,5938,6254
525,2019-02-22,296,6262,6558
525,2019-02-23,182,5324,5506
525,2019-02-24,14,4234,4248
525,2019-02-25,310,6310,6620
525,2019-02-26,380,6546,6926
525,2019-02-27,426,6714,7140
525,2019-02-28,426,6858,7284
525,2019-03-01,192,3588,3780
525,2019-03-02,82,2960,3042
525,2019-03-03,14,1854,1868
525,2019-03-04,131,2901,3032
525,2019-03-05,166,3218,3384
525,2019-03-06,183,3319,3502
525,2019-03-07,195,3376,3571
525,2019-03-08,173,3634,3807
525,2019-03-09,67,2919,2986
525,2019-03-10,10,1751,1761
525,2019-03-11,204,3171,3375
525,2019-03-12,185,3302,3487
525,2019-03-13,209,3243,3452
525,2019-03-14,156,3228,3384
525,2019-03-15,136,3484,3620
525,2019-03-16,74,2818,2892
525,2019-03-17,37,2041,2078
525,2019-03-18,112,1724,1836
525,2019-03-19,108,1162,1270
525,2019-03-20,109,1170,1279
525,2019-03-21,100,1110,1210
525,2019-03-22,113,1199,1312
525,2019-03-23,40,1173,1213
525,2019-03-24,8,814,822
525,2019-03-25,110,1105,1215
525,2019-03-26,105,1091,1196
525,2019-03-27,139,1104,1243
525,2019-03-28,87,1115,1202
525,2019-03-29,110,1210,1320
525,2019-03-30,53,1396,1449
525,2019-04-01,NA,11,NA
525,2019-04-02,106,1105,1211
525,2019-04-03,96,1145,1241
525,2019-04-04,110,1202,1312
525,2019-04-05,107,1210,1317
525,2019-04-06,46,1336,1382
525,2019-04-07,8,806,814
525,2019-04-08,99,933,1032
525,2019-04-09,89,935,1024
525,2019-04-10,73,891,964
525,2019-04-11,77,899,976
525,2019-04-12,90,1200,1290
525,2019-04-13,17,991,1008
525,2019-04-14,10,826,836
525,2019-04-15,78,1043,1121
525,2019-04-16,75,1020,1095
525,2019-04-17,90,1036,1126
525,2019-04-18,113,1107,1220
525,2019-04-19,95,1696,1791
525,2019-04-20,80,2801,2881
525,2019-04-21,18,2164,2182
525,2019-04-22,29,2088,2117
525,2019-04-23,219,3481,3700
525,2019-04-24,217,3650,3867
525,2019-04-25,230,3702,3932
525,2019-04-26,227,3810,4037
525,2019-04-27,90,3270,3360
525,2019-04-28,13,2340,2353
525,2019-04-29,203,3469,3672
525,2019-04-30,219,3620,3839
525,2019-05-01,21,2489,2510
525,2019-05-02,203,3445,3648
525,2019-05-03,211,3516,3727
525,2019-05-04,83,2924,3007
525,2019-05-05,16,2022,2038
525,2019-05-06,208,3148,3356
525,2019-05-07,227,3536,3763
525,2019-05-08,192,3540,3732
525,2019-05-09,22,1729,1751
525,2019-05-10,172,3470,3642
525,2019-05-12,8,2296,2304
525,2019-05-13,200,3168,3368
525,2019-05-14,222,3561,3783
525,2019-05-15,231,3498,3729
525,2019-05-16,203,3429,3632
525,2019-05-17,206,3716,3922
525,2019-05-18,93,3288,3381
525,2019-05-19,16,2168,2184
525,2019-05-20,184,3274,3458
525,2019-05-21,224,3408,3632
525,2019-05-22,194,3409,3603
525,2019-05-23,234,3441,3675
525,2019-05-24,198,3681,3879
525,2019-05-25,139,3220,3359
525,2019-05-26,14,2186,2200
525,2019-05-27,178,3110,3288
525,2019-05-28,189,3170,3359
525,2019-05-29,207,3618,3825
525,2019-05-30,39,2118,2157
525,2019-05-31,150,3724,3874
525,2019-06-01,134,3353,3487
525,2019-06-02,46,2577,2623
525,2019-06-03,183,3401,3584
525,2019-06-04,222,3851,4073
525,2019-06-05,110,3326,3436
525,2019-06-06,255,3613,3868
525,2019-06-07,206,3973,4179
525,2019-06-08,106,3705,3811
525,2019-06-09,15,2717,2732
525,2019-06-10,48,1980,2028
525,2019-06-11,221,3812,4033
525,2019-06-12,181,3595,3776
525,2019-06-13,209,3537,3746
525,2019-06-14,209,3802,4011
525,2019-06-15,107,3598,3705
525,2019-06-16,27,2625,2652
525,2019-06-17,164,3516,3680
525,2019-06-18,197,3736,3933
525,2019-06-19,176,3575,3751
525,2019-06-20,207,3793,4000
525,2019-06-21,204,4085,4289
525,2019-06-22,81,3436,3517
525,2019-06-23,30,2316,2346
525,2019-06-24,188,3587,3775
525,2019-06-25,186,3725,3911
525,2019-06-26,165,3630,3795
525,2019-06-27,180,3639,3819
525,2019-06-28,202,4063,4265
525,2019-06-29,89,3642,3731
525,2019-06-30,40,2921,2961
525,2019-07-01,225,3790,4015
525,2019-07-02,202,3960,4162
525,2019-07-03,211,3917,4128
525,2019-07-04,192,4080,4272
525,2019-07-05,197,4041,4238
525,2019-07-06,98,3593,3691
525,2019-07-07,27,2568,2595
525,2019-07-08,202,3804,4006
525,2019-07-09,192,4005,4197
525,2019-07-10,185,3827,4012
525,2019-07-11,183,3996,4179
525,2019-07-12,201,4108,4309
525,2019-07-13,107,3458,3565
525,2019-07-14,51,2648,2699
525,2019-07-15,200,3873,4073
525,2019-07-16,199,3889,4088
525,2019-07-17,229,3934,4163
525,2019-07-18,206,3971,4177
525,2019-07-19,180,3952,4132
525,2019-07-20,117,3319,3436
525,2019-07-21,26,2847,2873
525,2019-07-22,188,3911,4099
525,2019-07-23,202,3848,4050
525,2019-07-24,203,3812,4015
525,2019-07-25,182,3972,4154
525,2019-07-26,229,3652,3881
525,2019-07-27,116,3023,3139
525,2019-07-28,31,2271,2302
525,2019-07-29,157,3303,3460
525,2019-07-30,174,3500,3674
525,2019-07-31,168,3569,3737
525,2019-08-01,176,3397,3573
525,2019-08-02,190,3452,3642
525,2019-08-03,116,3111,3227
525,2019-08-04,27,2445,2472
525,2019-08-05,129,3161,3290
525,2019-08-06,125,3193,3318
525,2019-08-07,137,3180,3317
525,2019-08-08,142,3198,3340
525,2019-08-09,157,3273,3430
525,2019-08-10,94,2608,2702
525,2019-08-11,39,2272,2311
525,2019-08-12,134,3115,3249
525,2019-08-13,120,3071,3191
525,2019-08-14,157,3115,3272
525,2019-08-15,29,1889,1918
525,2019-08-16,135,2976,3111
525,2019-08-17,83,2549,2632
525,2019-08-18,26,1685,1711
525,2019-08-19,132,2998,3130
525,2019-08-20,145,3227,3372
525,2019-08-21,133,3143,3276
525,2019-08-22,151,3111,3262
525,2019-08-23,163,3295,3458
525,2019-08-24,101,3057,3158
525,2019-08-25,31,2635,2666
525,2019-08-26,191,3258,3449
525,2019-08-27,205,3328,3533
525,2019-08-28,173,3307,3480
525,2019-08-29,190,3417,3607
525,2019-08-30,178,3585,3763
525,2019-08-31,85,3064,3149
525,2019-09-01,28,2370,2398
525,2019-09-02,186,3114,3300
525,2019-09-03,199,3087,3286
525,2019-09-04,185,3191,3376
525,2019-09-05,167,3291,3458
525,2019-09-06,194,3320,3514
525,2019-09-07,86,2685,2771
525,2019-09-08,20,1933,1953
525,2019-09-09,159,3320,3479
525,2019-09-10,203,3425,3628
525,2019-09-11,187,3435,3622
525,2019-09-12,219,3566,3785
525,2019-09-13,195,3720,3915
525,2019-09-14,100,3252,3352
525,2019-09-15,17,2766,2783
525,2019-09-16,205,3563,3768
525,2019-09-17,231,3554,3785
525,2019-09-18,178,3436,3614
525,2019-09-19,193,3509,3702
525,2019-09-20,242,3785,4027
525,2019-09-21,106,3742,3848
525,2019-09-22,38,2718,2756
525,2019-09-23,226,3390,3616
525,2019-09-24,206,3464,3670
525,2019-09-25,184,3368,3552
525,2019-09-26,177,3482,3659
525,2019-09-27,179,3696,3875
525,2019-09-28,75,3443,3518
525,2019-09-29,15,2126,2141
525,2019-09-30,206,3348,3554
525,2019-10-01,175,3554,3729
525,2019-10-02,187,3458,3645
525,2019-10-03,203,3671,3874
525,2019-10-04,185,3743,3928
525,2019-10-05,83,3079,3162
525,2019-10-06,12,2106,2118
525,2019-10-07,181,3463,3644
525,2019-10-08,171,3562,3733
525,2019-10-09,174,3426,3600
525,2019-10-10,207,3489,3696
525,2019-10-11,189,3743,3932
525,2019-10-12,81,3330,3411
525,2019-10-13,19,2535,2554
525,2019-10-14,252,3457,3709
525,2019-10-15,206,3592,3798
525,2019-10-16,190,3468,3658
525,2019-10-17,206,3646,3852
525,2019-10-18,207,3811,4018
525,2019-10-19,82,3276,3358
525,2019-10-20,20,2068,2088
525,2019-10-21,222,3436,3658
525,2019-10-22,244,3619,3863
525,2019-10-23,261,3578,3839
525,2019-10-24,240,3794,4034
525,2019-10-25,233,3839,4072
525,2019-10-26,110,3405,3515
525,2019-10-27,16,2264,2280
525,2019-10-28,234,3509,3743
525,2019-10-29,253,3608,3861
525,2019-10-30,226,3840,4066
525,2019-11-01,17,1965,1982
525,2019-11-02,64,2929,2993
525,2019-11-03,8,1817,1825
525,2019-11-04,209,3442,3651
525,2019-11-05,197,3589,3786
525,2019-11-06,232,3463,3695
525,2019-11-07,188,3553,3741
525,2019-11-08,207,3780,3987
525,2019-11-09,82,3442,3524
525,2019-11-10,5,2263,2268
525,2019-11-11,184,3288,3472
525,2019-11-12,166,3641,3807
525,2019-11-13,192,3460,3652
525,2019-11-14,181,3768,3949
525,2019-11-15,196,3799,3995
525,2019-11-16,86,3268,3354
525,2019-11-17,11,1981,1992
525,2019-11-18,135,2244,2379
525,2019-11-19,203,3464,3667
525,2019-11-20,218,3578,3796
525,2019-11-21,211,3615,3826
525,2019-11-22,216,3817,4033
525,2019-11-23,87,3248,3335
525,2019-11-24,7,2045,2052
525,2019-11-25,250,3360,3610
525,2019-11-26,254,3518,3772
525,2019-11-27,268,3487,3755
525,2019-11-28,198,3595,3793
525,2019-11-29,269,3890,4159
525,2019-11-30,80,3081,3161
525,2019-12-01,16,2087,2103
525,2019-12-02,211,3493,3704
525,2019-12-03,215,3602,3817
525,2019-12-04,258,3458,3716
525,2019-12-05,187,3587,3774
525,2019-12-06,186,3730,3916
525,2019-12-07,65,2991,3056
525,2019-12-08,6,1966,1972
525,2019-12-09,179,3392,3571
525,2019-12-10,235,3562,3797
525,2019-12-11,194,3500,3694
525,2019-12-12,190,3556,3746
525,2019-12-13,186,3849,4035
525,2019-12-14,73,3289,3362
525,2019-12-15,7,2201,2208
525,2019-12-16,186,3518,3704
525,2019-12-17,206,3611,3817
525,2019-12-18,187,3663,3850
525,2019-12-19,171,3797,3968
525,2019-12-20,130,3722,3852
525,2019-12-21,74,2958,3032
525,2019-12-22,4,1874,1878
525,2019-12-23,89,3204,3293
525,2019-12-24,72,2679,2751
525,2019-12-25,2,1513,1515
525,2019-12-26,11,1483,1494
525,2019-12-27,104,2651,2755
525,2019-12-28,73,2561,2634
525,2019-12-29,13,1906,1919
525,2019-12-30,86,2809,2895
525,2019-12-31,82,2480,2562
602,2019-01-01,46,2655,2701
602,2019-01-02,509,7313,7822
602,2019-01-03,566,7754,8320
602,2019-01-04,589,8381,8970
602,2019-01-05,282,6220,6502
602,2019-01-06,69,6267,6336
602,2019-01-07,754,8405,9159
602,2019-01-08,760,8483,9243
602,2019-01-09,844,8167,9011
602,2019-01-10,961,9741,10702
602,2019-01-11,836,9490,10326
602,2019-01-12,270,5961,6231
602,2019-01-13,73,6130,6203
602,2019-01-14,862,8484,9346
602,2019-01-15,967,8728,9695
602,2019-01-16,961,8676,9637
602,2019-01-17,919,9120,10039
602,2019-01-18,879,9527,10406
602,2019-01-19,314,6218,6532
602,2019-01-20,75,6245,6320
602,2019-01-21,875,8899,9774
602,2019-01-22,959,8492,9451
602,2019-01-23,853,8227,9080
602,2019-01-24,869,8954,9823
602,2019-01-25,818,9355,10173
602,2019-03-01,949,9602,10551
602,2019-03-02,346,6778,7124
602,2019-03-03,78,5852,5930
602,2019-03-04,735,6916,7651
602,2019-03-05,950,8079,9029
602,2019-03-06,1118,8309,9427
602,2019-03-07,1102,9319,10421
602,2019-03-08,1105,9730,10835
602,2019-03-09,307,6649,6956
602,2019-03-10,80,6270,6350
602,2019-03-11,980,8874,9854
602,2019-03-12,1014,9157,10171
602,2019-03-13,949,8705,9654
602,2019-03-14,843,8276,9119
602,2019-03-15,698,8070,8768
602,2019-03-16,231,5836,6067
602,2019-03-30,414,7547,7961
602,2019-04-01,1180,9250,10430
602,2019-04-02,1171,9212,10383
602,2019-04-03,1154,9072,10226
602,2019-04-04,1186,9565,10751
602,2019-04-05,1195,10708,11903
602,2019-04-06,408,7361,7769
602,2019-04-07,143,7729,7872
602,2019-04-08,1078,9315,10393
602,2019-04-09,1239,9150,10389
602,2019-04-10,1186,9280,10466
602,2019-04-11,1187,9670,10857
602,2019-04-12,1157,10608,11765
602,2019-04-13,396,7219,7615
602,2019-04-14,152,7403,7555
602,2019-04-15,1118,9251,10369
602,2019-04-16,1161,9249,10410
602,2019-04-17,1145,9302,10447
602,2019-04-18,1197,10143,11340
602,2019-04-19,1201,11970,13171
602,2019-04-20,426,8737,9163
602,2019-04-21,130,7260,7390
602,2019-04-22,292,8749,9041
602,2019-04-23,1226,9979,11205
602,2019-04-24,1202,8863,10065
602,2019-04-25,1032,8093,9125
602,2019-04-26,1261,11000,12261
602,2019-04-27,432,6523,6955
602,2019-04-28,204,7783,7987
602,2019-04-29,1260,9689,10949
602,2019-04-30,1349,10596,11945
602,2019-05-01,307,7263,7570
602,2019-05-02,1209,9915,11124
602,2019-05-03,1365,11239,12604
602,2019-05-04,504,7435,7939
602,2019-05-05,170,7957,8127
602,2019-05-06,1159,9302,10461
602,2019-05-07,1339,9523,10862
602,2019-05-08,1260,9638,10898
602,2019-05-09,510,7044,7554
602,2019-05-10,1123,9908,11031
602,2019-05-11,391,7275,7666
602,2019-05-12,178,7526,7704
602,2019-05-13,1153,9421,10574
602,2019-05-14,1207,9400,10607
602,2019-05-15,1171,9138,10309
602,2019-05-16,1161,10016,11177
602,2019-05-17,1230,10442,11672
602,2019-05-18,385,7284,7669
602,2019-05-19,181,8142,8323
602,2019-05-20,1141,9322,10463
602,2019-05-21,1204,9155,10359
602,2019-05-22,1242,9010,10252
602,2019-05-23,1209,9764,10973
602,2019-05-24,1221,10649,11870
602,2019-05-25,400,7599,7999
602,2019-05-26,193,7958,8151
602,2019-05-27,1131,9664,10795
602,2019-05-28,1213,9737,10950
602,2019-05-29,1310,10513,11823
602,2019-05-30,273,8538,8811
602,2019-05-31,802,9677,10479
602,2019-06-01,439,8207,8646
602,2019-06-02,426,9543,9969
602,2019-06-03,1207,9577,10784
602,2019-06-04,1142,9642,10784
602,2019-06-05,1284,9271,10555
602,2019-06-06,1279,9852,11131
602,2019-06-07,1290,11077,12367
602,2019-06-08,445,7628,8073
602,2019-06-09,179,8129,8308
602,2019-06-10,386,8755,9141
602,2019-06-11,1318,9776,11094
602,2019-06-12,1256,9514,10770
602,2019-06-13,1420,9771,11191
602,2019-06-14,1396,12721,14117
602,2019-06-15,473,9201,9674
602,2019-06-16,358,9091,9449
602,2019-06-17,1317,9823,11140
602,2019-06-18,1249,9575,10824
602,2019-06-19,1266,9360,10626
602,2019-06-20,1369,10457,11826
602,2019-06-21,1309,11198,12507
602,2019-06-22,435,7675,8110
602,2019-06-23,247,8092,8339
602,2019-06-24,1177,9405,10582
602,2019-06-25,1265,9927,11192
602,2019-06-26,1237,9799,11036
602,2019-06-27,1262,10574,11836
602,2019-06-28,1330,11160,12490
602,2019-06-29,500,8381,8881
602,2019-06-30,245,8231,8476
602,2019-07-01,1246,9920,11166
602,2019-07-02,1301,9904,11205
602,2019-07-03,1294,9959,11253
602,2019-07-04,1352,10335,11687
602,2019-07-05,1239,10988,12227
602,2019-07-06,528,8448,8976
602,2019-07-07,239,8932,9171
602,2019-07-08,1225,9728,10953
602,2019-07-09,1318,9742,11060
602,2019-07-10,1311,9957,11268
602,2019-07-11,1277,10558,11835
602,2019-07-12,1280,11037,12317
602,2019-07-13,555,8413,8968
602,2019-07-14,304,8400,8704
602,2019-07-15,1216,10078,11294
602,2019-07-16,1260,9899,11159
602,2019-07-17,1285,10236,11521
602,2019-07-18,1326,10620,11946
602,2019-07-19,1308,11685,12993
602,2019-07-20,596,8625,9221
602,2019-07-21,351,9208,9559
602,2019-07-22,1221,10547,11768
602,2019-07-23,1132,10341,11473
602,2019-07-24,1087,10508,11595
602,2019-07-25,1023,10695,11718
602,2019-07-26,1039,10944,11983
602,2019-07-27,552,8109,8661
602,2019-07-28,325,8758,9083
602,2019-07-29,972,9766,10738
602,2019-07-30,902,9425,10327
602,2019-07-31,914,9331,10245
602,2019-08-01,974,9754,10728
602,2019-08-02,927,10522,11449
602,2019-08-03,560,8297,8857
602,2019-08-04,318,8544,8862
602,2019-08-05,860,8933,9793
602,2019-08-06,928,8709,9637
602,2019-08-07,882,8766,9648
602,2019-08-08,883,9022,9905
602,2019-08-09,990,10027,11017
602,2019-08-10,535,7774,8309
602,2019-08-11,342,8542,8884
602,2019-08-12,857,8644,9501
602,2019-08-13,905,8594,9499
602,2019-08-14,962,9016,9978
602,2019-08-15,376,7454,7830
602,2019-08-16,890,9431,10321
602,2019-08-17,448,7959,8407
602,2019-08-18,215,8470,8685
602,2019-08-19,1023,9296,10319
602,2019-08-20,1159,9092,10251
602,2019-08-21,1192,9327,10519
602,2019-08-22,1179,9996,11175
602,2019-08-23,1217,11199,12416
602,2019-08-24,478,8645,9123
602,2019-08-25,299,8852,9151
602,2019-08-26,1139,9734,10873
602,2019-08-27,1165,9511,10676
602,2019-08-28,1175,9532,10707
602,2019-08-29,1176,9997,11173
602,2019-08-30,1099,11011,12110
602,2019-08-31,428,8104,8532
602,2019-09-01,233,7778,8011
602,2019-09-02,1139,9466,10605
602,2019-09-03,1125,9639,10764
602,2019-09-04,1113,9316,10429
602,2019-09-05,1169,10042,11211
602,2019-09-06,1297,11043,12340
602,2019-09-07,444,7583,8027
602,2019-09-08,225,7604,7829
602,2019-09-09,1200,9658,10858
602,2019-09-10,1172,9662,10834
602,2019-09-11,1288,9288,10576
602,2019-09-12,1240,10242,11482
602,2019-09-13,1292,10886,12178
602,2019-09-14,438,7915,8353
602,2019-09-15,228,8573,8801
602,2019-09-16,1354,9823,11177
602,2019-09-17,1301,9761,11062
602,2019-09-18,1393,9242,10635
602,2019-09-19,1325,9780,11105
602,2019-09-20,1379,10828,12207
602,2019-09-21,432,7896,8328
602,2019-09-22,235,7888,8123
602,2019-09-23,1224,9251,10475
602,2019-09-24,1296,9366,10662
602,2019-09-25,1206,9171,10377
602,2019-09-26,1231,9478,10709
602,2019-09-27,1269,10477,11746
602,2019-09-28,416,7489,7905
602,2019-09-29,145,7110,7255
602,2019-09-30,1172,9275,10447
602,2019-10-01,1269,9374,10643
602,2019-10-02,1211,8911,10122
602,2019-10-03,1363,10544,11907
602,2019-10-04,1153,10475,11628
602,2019-10-05,397,7226,7623
602,2019-10-06,113,7345,7458
602,2019-10-07,1163,9165,10328
602,2019-10-08,1099,9376,10475
602,2019-10-09,1231,8713,9944
602,2019-10-10,1181,9517,10698
602,2019-10-11,1149,10356,11505
602,2019-10-12,406,7061,7467
602,2019-10-13,138,7632,7770
602,2019-10-14,1162,9337,10499
602,2019-10-15,1125,9270,10395
602,2019-10-16,1215,9180,10395
602,2019-10-17,1140,9756,10896
602,2019-10-18,1126,10323,11449
602,2019-10-19,360,7159,7519
602,2019-10-20,111,6911,7022
602,2019-10-21,1061,9341,10402
602,2019-10-22,1249,9307,10556
602,2019-10-23,1168,9312,10480
602,2019-10-24,1181,9563,10744
602,2019-10-25,1226,10890,12116
602,2019-10-26,387,7550,7937
602,2019-10-27,125,7855,7980
602,2019-10-28,1133,9330,10463
602,2019-10-29,1099,9460,10559
602,2019-10-30,1089,9442,10531
602,2019-11-01,163,7285,7448
602,2019-11-02,306,6969,7275
602,2019-11-03,93,7380,7473
602,2019-11-04,1099,9164,10263
602,2019-11-05,1157,9200,10357
602,2019-11-06,1114,8701,9815
602,2019-11-07,1097,9338,10435
602,2019-11-08,1174,10107,11281
602,2019-11-09,385,6675,7060
602,2019-11-10,100,7274,7374
602,2019-11-11,808,8840,9648
602,2019-11-12,1098,9062,10160
602,2019-11-13,1111,8824,9935
602,2019-11-14,1119,9247,10366
602,2019-11-15,1113,10027,11140
602,2019-11-16,350,6697,7047
602,2019-11-17,125,6555,6680
602,2019-11-18,1081,8444,9525
602,2019-11-19,1151,9137,10288
602,2019-11-20,1157,8801,9958
602,2019-11-21,1218,9221,10439
602,2019-11-22,1152,10065,11217
602,2019-11-23,333,7181,7514
602,2019-11-24,92,7229,7321
602,2019-11-25,1153,8914,10067
602,2019-11-26,1144,9177,10321
602,2019-11-27,1124,9082,10206
602,2019-11-28,1069,9499,10568
602,2019-11-29,1141,10595,11736
602,2019-11-30,367,7232,7599
602,2019-12-01,91,6392,6483
602,2019-12-02,1062,8908,9970
602,2019-12-03,1049,9224,10273
602,2019-12-04,1093,9059,10152
602,2019-12-05,1161,9768,10929
602,2019-12-06,982,9664,10646
602,2019-12-07,334,6785,7119
602,2019-12-08,94,6432,6526
602,2019-12-09,962,9105,10067
602,2019-12-10,1113,9274,10387
602,2019-12-11,1006,8852,9858
602,2019-12-12,1121,9404,10525
602,2019-12-13,964,10021,10985
602,2019-12-14,320,7094,7414
602,2019-12-15,98,6991,7089
602,2019-12-16,968,9551,10519
602,2019-12-17,1165,9766,10931
602,2019-12-18,1089,9677,10766
602,2019-12-19,1085,10197,11282
602,2019-12-20,879,10680,11559
602,2019-12-21,340,7511,7851
602,2019-12-22,57,7380,7437
602,2019-12-23,573,9790,10363
602,2019-12-24,406,7194,7600
602,2019-12-25,43,2489,2532
602,2019-12-26,111,5770,5881
602,2019-12-27,491,8033,8524
602,2019-12-28,261,6831,7092
602,2019-12-29,76,7376,7452
602,2019-12-30,509,8572,9081
602,2019-12-31,416,6762,7178
604,2019-01-01,8,1706,1714
604,2019-01-02,303,4259,4562
604,2019-01-03,320,4730,5050
604,2019-01-04,365,4774,5139
604,2019-01-05,136,3726,3862
604,2019-01-06,37,3016,3053
604,2019-01-07,426,5610,6036
604,2019-01-08,454,5801,6255
604,2019-01-09,481,5372,5853
604,2019-01-10,432,5808,6240
604,2019-01-11,437,5811,6248
604,2019-01-12,162,4094,4256
604,2019-01-13,49,3395,3444
604,2019-01-14,492,5732,6224
604,2019-01-15,474,5659,6133
604,2019-01-16,515,5517,6032
604,2019-01-17,492,5859,6351
604,2019-01-18,492,5871,6363
604,2019-01-19,142,4279,4421
604,2019-01-20,42,3375,3417
604,2019-01-21,439,5792,6231
604,2019-01-22,534,5515,6049
604,2019-01-23,514,5408,5922
604,2019-01-24,455,5874,6329
604,2019-01-25,440,5806,6246
604,2019-01-26,149,3929,4078
604,2019-01-27,40,3211,3251
604,2019-01-28,422,4870,5292
604,2019-01-29,438,5723,6161
604,2019-01-30,424,4735,5159
604,2019-01-31,425,5844,6269
604,2019-02-01,410,6128,6538
604,2019-02-02,144,3855,3999
604,2019-02-03,43,3437,3480
604,2019-02-04,412,5674,6086
604,2019-02-05,471,5812,6283
604,2019-02-06,513,5581,6094
604,2019-02-07,457,6086,6543
604,2019-02-08,480,6156,6636
604,2019-02-09,174,4272,4446
604,2019-02-10,18,3190,3208
604,2019-02-11,491,5765,6256
604,2019-02-12,492,5840,6332
604,2019-02-13,558,5773,6331
604,2019-02-14,519,6325,6844
604,2019-02-15,476,6235,6711
604,2019-02-16,150,4290,4440
604,2019-02-17,41,3698,3739
604,2019-02-18,524,5678,6202
604,2019-02-19,526,5488,6014
604,2019-02-20,533,5521,6054
604,2019-02-21,538,5605,6143
604,2019-02-22,435,5889,6324
604,2019-02-23,157,3996,4153
604,2019-02-24,31,3804,3835
604,2019-02-25,555,5874,6429
604,2019-02-26,488,6129,6617
604,2019-02-27,529,6020,6549
604,2019-02-28,530,6148,6678
604,2019-03-01,500,6219,6719
604,2019-03-02,148,4025,4173
604,2019-03-03,44,3327,3371
604,2019-03-04,361,4728,5089
604,2019-03-05,434,5248,5682
604,2019-03-06,551,5542,6093
604,2019-03-07,510,5835,6345
604,2019-03-08,525,6213,6738
604,2019-03-09,146,4052,4198
604,2019-03-10,30,3194,3224
604,2019-03-11,496,5731,6227
604,2019-03-12,502,6041,6543
604,2019-03-13,526,5698,6224
604,2019-03-14,557,6369,6926
604,2019-03-15,446,6339,6785
604,2019-03-16,160,4482,4642
604,2019-03-17,65,3714,3779
604,2019-03-18,486,5816,6302
604,2019-03-19,557,6062,6619
604,2019-03-20,525,5917,6442
604,2019-03-21,539,6210,6749
604,2019-03-22,570,6544,7114
604,2019-03-23,221,4432,4653
604,2019-03-24,30,3769,3799
604,2019-03-25,548,5945,6493
604,2019-03-26,547,6025,6572
604,2019-03-27,633,5991,6624
604,2019-03-28,552,6438,6990
604,2019-03-29,508,6673,7181
604,2019-03-30,179,4640,4819
604,2019-04-01,537,6148,6685
604,2019-04-02,604,5969,6573
604,2019-04-03,585,6022,6607
604,2019-04-04,521,6445,6966
604,2019-04-05,502,6764,7266
604,2019-04-06,199,4597,4796
604,2019-04-07,60,4074,4134
604,2019-04-08,561,5701,6262
604,2019-04-09,485,5526,6011
604,2019-04-10,603,5714,6317
604,2019-04-11,623,6092,6715
604,2019-04-12,562,6197,6759
604,2019-04-13,181,4472,4653
604,2019-04-14,46,4004,4050
604,2019-04-15,553,5687,6240
604,2019-04-16,553,5659,6212
604,2019-04-17,576,5834,6410
604,2019-04-18,659,6181,6840
604,2019-04-19,553,6495,7048
604,2019-04-20,210,4768,4978
604,2019-04-21,32,4032,4064
604,2019-04-22,62,3709,3771
604,2019-04-23,594,6129,6723
604,2019-04-24,666,6000,6666
604,2019-04-25,587,6299,6886
604,2019-04-26,589,6549,7138
604,2019-04-27,187,4597,4784
604,2019-04-28,46,4064,4110
604,2019-04-29,606,6190,6796
604,2019-04-30,589,6702,7291
604,2019-05-01,89,3945,4034
604,2019-05-02,594,6404,6998
604,2019-05-03,594,6628,7222
604,2019-05-05,38,4367,4405
604,2019-05-06,618,5933,6551
604,2019-05-07,648,6232,6880
604,2019-05-08,612,6151,6763
604,2019-05-09,159,3809,3968
604,2019-05-10,530,6353,6883
604,2019-05-11,162,4404,4566
604,2019-05-12,46,4004,4050
604,2019-05-13,541,6154,6695
604,2019-05-14,583,6297,6880
604,2019-05-15,584,6143,6727
604,2019-05-16,674,6271,6945
604,2019-05-17,563,6534,7097
604,2019-05-18,180,4601,4781
604,2019-05-19,49,4242,4291
604,2019-05-20,531,6096,6627
604,2019-05-21,583,6267,6850
604,2019-05-22,616,5968,6584
604,2019-05-23,583,6546,7129
604,2019-05-24,603,6705,7308
604,2019-05-25,182,4548,4730
604,2019-05-26,61,4495,4556
604,2019-05-27,585,5622,6207
604,2019-05-28,647,6031,6678
604,2019-05-29,645,6214,6859
604,2019-05-30,68,3832,3900
604,2019-05-31,359,5439,5798
604,2019-06-01,197,4888,5085
604,2019-06-02,122,4639,4761
604,2019-06-03,554,6164,6718
604,2019-06-04,565,6414,6979
604,2019-06-05,643,6220,6863
604,2019-06-06,619,6555,7174
604,2019-06-07,563,6663,7226
604,2019-06-08,208,5034,5242
604,2019-06-09,53,4235,4288
604,2019-06-10,82,3572,3654
604,2019-06-11,617,6323,6940
604,2019-06-12,606,6348,6954
604,2019-06-13,658,6309,6967
604,2019-06-14,643,7086,7729
604,2019-06-15,184,4881,5065
604,2019-06-16,60,4040,4100
604,2019-06-17,617,6346,6963
604,2019-06-18,702,6356,7058
604,2019-06-19,668,6229,6897
604,2019-06-20,584,6499,7083
604,2019-06-21,581,6677,7258
604,2019-06-22,169,4951,5120
604,2019-06-23,43,4253,4296
604,2019-06-24,581,6034,6615
604,2019-06-25,578,6538,7116
604,2019-06-26,574,6574,7148
604,2019-06-27,589,6845,7434
604,2019-06-28,602,7132,7734
604,2019-06-29,199,5006,5205
604,2019-06-30,48,4408,4456
604,2019-07-01,588,5970,6558
604,2019-07-02,562,6431,6993
604,2019-07-03,661,6382,7043
604,2019-07-04,636,6634,7270
604,2019-07-05,563,6753,7316
604,2019-07-06,201,5097,5298
604,2019-07-07,56,4163,4219
604,2019-07-08,567,5902,6469
604,2019-07-09,649,6350,6999
604,2019-07-10,607,6434,7041
604,2019-07-11,613,6250,6863
604,2019-07-12,576,6582,7158
604,2019-07-13,198,4418,4616
604,2019-07-14,45,4065,4110
604,2019-07-15,569,5942,6511
604,2019-07-16,587,5928,6515
604,2019-07-17,547,6262,6809
604,2019-07-18,591,6297,6888
604,2019-07-19,533,6283,6816
604,2019-07-20,189,4695,4884
604,2019-07-21,61,4325,4386
604,2019-07-22,436,5848,6284
604,2019-07-23,570,6167,6737
604,2019-07-24,511,6101,6612
604,2019-07-25,444,6352,6796
604,2019-07-26,542,6266,6808
604,2019-07-27,166,4251,4417
604,2019-07-28,30,3721,3751
604,2019-07-29,389,5303,5692
604,2019-07-30,452,5336,5788
604,2019-07-31,390,5330,5720
604,2019-08-01,390,5361,5751
604,2019-08-02,435,5518,5953
604,2019-08-03,194,4121,4315
604,2019-08-04,90,3848,3938
604,2019-08-05,401,4656,5057
604,2019-08-06,430,4680,5110
604,2019-08-07,390,4731,5121
604,2019-08-08,359,4789,5148
604,2019-08-09,381,4820,5201
604,2019-08-10,172,3978,4150
604,2019-08-11,64,3479,3543
604,2019-08-12,407,4602,5009
604,2019-08-13,363,4686,5049
604,2019-08-14,418,5042,5460
604,2019-08-15,69,3542,3611
604,2019-08-16,359,4823,5182
604,2019-08-17,157,4047,4204
604,2019-08-18,44,3574,3618
604,2019-08-19,452,5397,5849
604,2019-08-20,519,5574,6093
604,2019-08-21,516,5573,6089
604,2019-08-22,547,5864,6411
604,2019-08-23,578,6000,6578
604,2019-08-24,226,4583,4809
604,2019-08-25,98,4100,4198
604,2019-08-26,599,5742,6341
604,2019-08-27,537,5799,6336
604,2019-08-28,552,5743,6295
604,2019-08-29,587,5879,6466
604,2019-08-30,559,5992,6551
604,2019-08-31,200,4163,4363
604,2019-09-01,51,3550,3601
604,2019-09-02,583,5528,6111
604,2019-09-03,652,5609,6261
604,2019-09-04,572,5525,6097
604,2019-09-05,597,5965,6562
604,2019-09-06,539,6070,6609
604,2019-09-07,211,4130,4341
604,2019-09-08,58,3354,3412
604,2019-09-09,622,5561,6183
604,2019-09-10,595,5672,6267
604,2019-09-11,627,5745,6372
604,2019-09-12,577,5912,6489
604,2019-09-13,539,6309,6848
604,2019-09-14,213,4480,4693
604,2019-09-15,55,4248,4303
604,2019-09-16,572,6156,6728
604,2019-09-17,649,6481,7130
604,2019-09-18,701,6465,7166
604,2019-09-19,741,6600,7341
604,2019-09-20,725,6949,7674
604,2019-09-21,205,4901,5106
604,2019-09-22,67,4055,4122
604,2019-09-23,648,6371,7019
604,2019-09-24,575,6213,6788
604,2019-09-25,609,5961,6570
604,2019-09-26,575,6496,7071
604,2019-09-27,575,6764,7339
604,2019-09-28,160,4553,4713
604,2019-09-29,47,3558,3605
604,2019-09-30,564,6076,6640
604,2019-10-01,560,6078,6638
604,2019-10-02,582,5983,6565
604,2019-10-03,598,6501,7099
604,2019-10-04,530,6464,6994
604,2019-10-05,203,4546,4749
604,2019-10-06,42,3686,3728
604,2019-10-07,608,5970,6578
604,2019-10-08,559,6100,6659
604,2019-10-09,612,5729,6341
604,2019-10-10,649,6250,6899
604,2019-10-11,573,6387,6960
604,2019-10-12,211,4458,4669
604,2019-10-13,71,4085,4156
604,2019-10-14,543,5935,6478
604,2019-10-15,577,6074,6651
604,2019-10-16,576,5922,6498
604,2019-10-17,616,6203,6819
604,2019-10-18,585,6376,6961
604,2019-10-19,149,4329,4478
604,2019-10-20,19,3436,3455
604,2019-10-21,558,6106,6664
604,2019-10-22,639,6144,6783
604,2019-10-23,78,1011,1089
604,2019-10-24,672,6438,7110
604,2019-10-25,671,6643,7314
604,2019-10-26,182,4606,4788
604,2019-10-27,47,3769,3816
604,2019-10-28,536,5572,6108
604,2019-10-29,607,5784,6391
604,2019-10-30,604,5889,6493
604,2019-11-01,28,3769,3797
604,2019-11-02,159,3926,4085
604,2019-11-03,33,3455,3488
604,2019-11-04,564,5983,6547
604,2019-11-05,589,6181,6770
604,2019-11-06,594,6030,6624
604,2019-11-07,557,6060,6617
604,2019-11-08,616,6606,7222
604,2019-11-09,201,4478,4679
604,2019-11-10,47,3465,3512
604,2019-11-11,430,5748,6178
604,2019-11-12,571,6267,6838
604,2019-11-13,568,6068,6636
604,2019-11-14,578,6224,6802
604,2019-11-15,574,6527,7101
604,2019-11-16,194,4355,4549
604,2019-11-17,27,3283,3310
604,2019-11-18,485,5690,6175
604,2019-11-19,631,6005,6636
604,2019-11-20,719,5865,6584
604,2019-11-21,726,6193,6919
604,2019-11-22,560,6541,7101
604,2019-11-23,182,4337,4519
604,2019-11-24,50,3644,3694
604,2019-11-25,656,5942,6598
604,2019-11-26,636,6036,6672
604,2019-11-27,519,6147,6666
604,2019-11-28,570,6319,6889
604,2019-11-29,516,6669,7185
604,2019-11-30,184,4260,4444
604,2019-12-01,23,3497,3520
604,2019-12-02,596,5998,6594
604,2019-12-03,637,5986,6623
604,2019-12-04,601,6038,6639
604,2019-12-05,669,6375,7044
604,2019-12-06,558,5896,6454
604,2019-12-07,176,4118,4294
604,2019-12-08,34,3381,3415
604,2019-12-09,512,6161,6673
604,2019-12-10,579,6123,6702
604,2019-12-11,496,5945,6441
604,2019-12-12,576,6154,6730
604,2019-12-13,479,6293,6772
604,2019-12-14,157,4456,4613
604,2019-12-15,24,3716,3740
604,2019-12-16,491,6173,6664
604,2019-12-17,569,6200,6769
604,2019-12-18,595,6339,6934
604,2019-12-19,541,6577,7118
604,2019-12-20,424,6785,7209
604,2019-12-21,157,4605,4762
604,2019-12-22,36,3708,3744
604,2019-12-23,284,5745,6029
604,2019-12-24,226,4384,4610
604,2019-12-25,18,1850,1868
604,2019-12-26,46,2718,2764
604,2019-12-27,263,4477,4740
604,2019-12-28,153,3780,3933
604,2019-12-29,16,3298,3314
604,2019-12-30,287,4924,5211
604,2019-12-31,246,4066,4312
605,2019-01-01,3,977,980
605,2019-01-02,141,2029,2170
605,2019-01-03,188,2438,2626
605,2019-01-04,219,2534,2753
605,2019-01-05,35,1626,1661
605,2019-01-06,18,1253,1271
605,2019-01-07,276,3292,3568
605,2019-01-08,312,3293,3605
605,2019-01-09,333,3527,3860
605,2019-01-10,320,3538,3858
605,2019-01-11,293,3501,3794
605,2019-01-12,42,2061,2103
605,2019-01-13,11,1366,1377
605,2019-01-14,321,3523,3844
605,2019-01-15,322,3444,3766
605,2019-01-16,374,3616,3990
605,2019-01-17,346,3649,3995
605,2019-01-18,346,3837,4183
605,2019-01-19,46,2306,2352
605,2019-01-20,19,1659,1678
605,2019-01-21,298,3548,3846
605,2019-01-22,358,3358,3716
605,2019-01-23,344,3531,3875
605,2019-01-24,306,3583,3889
605,2019-01-25,310,3512,3822
605,2019-01-26,37,1942,1979
605,2019-01-27,10,1507,1517
605,2019-01-28,310,3522,3832
605,2019-01-29,332,3465,3797
605,2019-01-30,287,3377,3664
605,2019-01-31,299,3557,3856
605,2019-02-01,286,3730,4016
605,2019-02-02,41,2053,2094
605,2019-02-03,18,1424,1442
605,2019-02-04,298,3557,3855
605,2019-02-05,356,3446,3802
605,2019-02-06,335,3571,3906
605,2019-02-07,355,3552,3907
605,2019-02-08,287,3622,3909
605,2019-02-09,68,2196,2264
605,2019-02-10,8,1372,1380
605,2019-02-11,333,3534,3867
605,2019-02-12,339,3473,3812
605,2019-02-13,433,3731,4164
605,2019-02-14,412,3655,4067
605,2019-02-15,302,3787,4089
605,2019-02-16,72,2210,2282
605,2019-02-17,20,1676,1696
605,2019-02-18,349,3263,3612
605,2019-02-19,353,3176,3529
605,2019-02-20,358,3315,3673
605,2019-02-21,431,3308,3739
605,2019-02-22,367,3568,3935
605,2019-02-23,50,1994,2044
605,2019-02-24,19,1666,1685
605,2019-02-25,387,3482,3869
605,2019-02-26,338,3751,4089
605,2019-02-27,420,3621,4041
605,2019-02-28,375,3619,3994
605,2019-03-01,320,3811,4131
605,2019-03-02,52,2029,2081
605,2019-03-03,20,1321,1341
605,2019-03-04,272,2918,3190
605,2019-03-05,340,3473,3813
605,2019-03-06,299,3641,3940
605,2019-03-07,367,3671,4038
605,2019-03-08,334,3676,4010
605,2019-03-09,41,2203,2244
605,2019-03-10,15,1406,1421
605,2019-03-11,353,3459,3812
605,2019-03-12,372,3620,3992
605,2019-03-13,342,3762,4104
605,2019-03-14,362,3638,4000
605,2019-03-15,318,3796,4114
605,2019-03-16,63,2260,2323
605,2019-03-17,12,1496,1508
605,2019-03-18,374,3627,4001
605,2019-03-19,338,3672,4010
605,2019-03-20,378,3701,4079
605,2019-03-21,389,3771,4160
605,2019-03-22,362,3982,4344
605,2019-03-23,95,2275,2370
605,2019-03-24,31,1751,1782
605,2019-03-25,383,3663,4046
605,2019-03-26,359,3708,4067
605,2019-03-27,415,3688,4103
605,2019-03-28,425,3683,4108
605,2019-03-29,376,3996,4372
605,2019-03-30,84,2306,2390
605,2019-04-01,389,3592,3981
605,2019-04-02,434,3718,4152
605,2019-04-03,417,3772,4189
605,2019-04-04,386,3755,4141
605,2019-04-05,358,3986,4344
605,2019-04-06,83,2298,2381
605,2019-04-07,36,1716,1752
605,2019-04-08,376,3543,3919
605,2019-04-09,368,3625,3993
605,2019-04-10,420,3788,4208
605,2019-04-11,478,3602,4080
605,2019-04-12,388,3678,4066
605,2019-04-13,101,1894,1995
605,2019-04-14,15,1712,1727
605,2019-04-15,359,3349,3708
605,2019-04-16,459,3386,3845
605,2019-04-17,392,3524,3916
605,2019-04-18,432,3496,3928
605,2019-04-19,340,3609,3949
605,2019-04-20,73,2314,2387
605,2019-04-21,20,1830,1850
605,2019-04-22,38,2008,2046
605,2019-04-23,443,3866,4309
605,2019-04-24,429,3801,4230
605,2019-04-25,367,3842,4209
605,2019-04-26,356,3928,4284
605,2019-04-27,78,2476,2554
605,2019-04-28,26,1760,1786
605,2019-04-29,343,3666,4009
605,2019-04-30,406,4089,4495
605,2019-05-01,57,1752,1809
605,2019-05-02,499,3448,3947
605,2019-05-03,399,3685,4084
605,2019-05-04,52,2031,2083
605,2019-05-05,13,1596,1609
605,2019-05-06,408,3726,4134
605,2019-05-07,422,3757,4179
605,2019-05-08,523,3852,4375
605,2019-05-09,110,1585,1695
605,2019-05-10,298,3547,3845
605,2019-05-11,58,2326,2384
605,2019-05-12,24,1741,1765
605,2019-05-13,388,3642,4030
605,2019-05-14,435,3770,4205
605,2019-05-15,581,3802,4383
605,2019-05-16,389,3839,4228
605,2019-05-17,373,3831,4204
605,2019-05-18,48,2591,2639
605,2019-05-19,19,1931,1950
605,2019-05-20,340,3519,3859
605,2019-05-21,458,3775,4233
605,2019-05-22,712,3656,4368
605,2019-05-23,567,3879,4446
605,2019-05-24,414,3967,4381
605,2019-05-25,108,2421,2529
605,2019-05-26,61,1975,2036
605,2019-05-27,424,3262,3686
605,2019-05-28,613,3536,4149
605,2019-05-29,455,3952,4407
605,2019-05-30,67,2184,2251
605,2019-05-31,300,2908,3208
605,2019-06-01,90,2590,2680
605,2019-06-02,64,2232,2296
605,2019-06-03,390,3678,4068
605,2019-06-04,532,3900,4432
605,2019-06-05,383,3799,4182
605,2019-06-06,385,3812,4197
605,2019-06-07,410,4079,4489
605,2019-06-08,102,2567,2669
605,2019-06-09,26,2051,2077
605,2019-06-10,43,1670,1713
605,2019-06-11,513,3583,4096
605,2019-06-12,441,3813,4254
605,2019-06-13,460,3998,4458
605,2019-06-14,366,4502,4868
605,2019-06-15,70,2763,2833
605,2019-06-16,34,1885,1919
605,2019-06-17,394,3643,4037
605,2019-06-18,375,3767,4142
605,2019-06-19,453,3777,4230
605,2019-06-20,388,3796,4184
605,2019-06-21,391,3984,4375
605,2019-06-22,87,2434,2521
605,2019-06-23,17,1854,1871
605,2019-06-24,367,3557,3924
605,2019-06-25,377,3598,3975
605,2019-06-26,418,3731,4149
605,2019-06-27,383,3850,4233
605,2019-06-28,362,3848,4210
605,2019-06-29,74,2440,2514
605,2019-06-30,27,1779,1806
605,2019-07-01,404,3549,3953
605,2019-07-02,378,3728,4106
605,2019-07-03,395,3710,4105
605,2019-07-04,374,3701,4075
605,2019-07-05,372,3754,4126
605,2019-07-06,59,2338,2397
605,2019-07-07,24,2037,2061
605,2019-07-08,446,3607,4053
605,2019-07-09,494,3779,4273
605,2019-07-10,386,3792,4178
605,2019-07-11,412,3588,4000
605,2019-07-12,442,3842,4284
605,2019-07-13,82,2478,2560
605,2019-07-14,33,1948,1981
605,2019-07-15,368,3419,3787
605,2019-07-16,343,3674,4017
605,2019-07-17,395,3757,4152
605,2019-07-18,391,3670,4061
605,2019-07-19,324,3679,4003
605,2019-07-20,71,2186,2257
605,2019-07-21,24,1964,1988
605,2019-07-22,329,3433,3762
605,2019-07-23,336,3361,3697
605,2019-07-24,350,3576,3926
605,2019-07-25,294,3367,3661
605,2019-07-26,265,3949,4214
605,2019-07-27,62,3239,3301
605,2019-07-28,23,1802,1825
605,2019-07-29,229,3059,3288
605,2019-07-30,255,3215,3470
605,2019-07-31,348,3215,3563
605,2019-08-01,271,3117,3388
605,2019-08-02,230,3116,3346
605,2019-08-03,66,1947,2013
605,2019-08-04,50,1731,1781
605,2019-08-05,192,2591,2783
605,2019-08-06,222,2556,2778
605,2019-08-07,225,2837,3062
605,2019-08-08,197,2730,2927
605,2019-08-09,182,2626,2808
605,2019-08-10,62,2025,2087
605,2019-08-11,27,1785,1812
605,2019-08-12,190,2680,2870
605,2019-08-13,189,2578,2767
605,2019-08-14,231,2777,3008
605,2019-08-15,54,1690,1744
605,2019-08-16,175,2546,2721
605,2019-08-17,64,1801,1865
605,2019-08-18,16,1544,1560
605,2019-08-19,320,3061,3381
605,2019-08-20,384,3248,3632
605,2019-08-21,342,3405,3747
605,2019-08-22,366,3287,3653
605,2019-08-23,383,3540,3923
605,2019-08-24,76,2107,2183
605,2019-08-25,56,1915,1971
605,2019-08-26,376,3176,3552
605,2019-08-27,388,3414,3802
605,2019-08-28,433,3505,3938
605,2019-08-29,349,3334,3683
605,2019-08-30,396,3452,3848
605,2019-08-31,74,2201,2275
605,2019-09-01,34,1803,1837
605,2019-09-02,498,3205,3703
605,2019-09-03,429,3509,3938
605,2019-09-04,477,3444,3921
605,2019-09-05,436,3438,3874
605,2019-09-06,375,3457,3832
605,2019-09-07,77,1867,1944
605,2019-09-08,20,1733,1753
605,2019-09-09,336,3376,3712
605,2019-09-10,438,3371,3809
605,2019-09-11,404,3641,4045
605,2019-09-12,390,3543,3933
605,2019-09-13,390,3792,4182
605,2019-09-14,80,2212,2292
605,2019-09-15,31,2046,2077
605,2019-09-16,456,3631,4087
605,2019-09-17,531,3986,4517
605,2019-09-18,504,3903,4407
605,2019-09-19,556,3866,4422
605,2019-09-20,478,4041,4519
605,2019-09-21,142,2623,2765
605,2019-09-22,29,1992,2021
605,2019-09-23,463,3702,4165
605,2019-09-24,459,3608,4067
605,2019-09-25,417,3681,4098
605,2019-09-26,436,3749,4185
605,2019-09-27,415,3832,4247
605,2019-09-28,59,2170,2229
605,2019-09-29,15,1736,1751
605,2019-09-30,362,3492,3854
605,2019-10-01,383,3612,3995
605,2019-10-02,367,3605,3972
605,2019-10-03,342,3667,4009
605,2019-10-04,331,3771,4102
605,2019-10-05,54,2234,2288
605,2019-10-06,28,1573,1601
605,2019-10-07,355,3488,3843
605,2019-10-08,359,3574,3933
605,2019-10-09,383,3593,3976
605,2019-10-10,404,3696,4100
605,2019-10-11,416,3957,4373
605,2019-10-12,83,2456,2539
605,2019-10-13,34,1867,1901
605,2019-10-14,388,3485,3873
605,2019-10-15,392,3565,3957
605,2019-10-16,349,3616,3965
605,2019-10-17,416,3811,4227
605,2019-10-18,330,3782,4112
605,2019-10-19,63,2191,2254
605,2019-10-20,11,1625,1636
605,2019-10-21,355,3446,3801
605,2019-10-22,435,3500,3935
605,2019-10-23,444,3776,4220
605,2019-10-24,453,3868,4321
605,2019-10-25,404,3959,4363
605,2019-10-26,135,2431,2566
605,2019-10-27,43,1805,1848
605,2019-10-28,369,3181,3550
605,2019-10-29,473,3280,3753
605,2019-10-30,424,3453,3877
605,2019-11-01,17,1594,1611
605,2019-11-02,54,1986,2040
605,2019-11-03,21,1423,1444
605,2019-11-04,306,3568,3874
605,2019-11-05,380,3584,3964
605,2019-11-06,380,3632,4012
605,2019-11-07,357,3681,4038
605,2019-11-08,361,3893,4254
605,2019-11-09,103,2201,2304
605,2019-11-10,23,1679,1702
605,2019-11-11,277,3407,3684
605,2019-11-12,357,3559,3916
605,2019-11-13,378,3565,3943
605,2019-11-14,393,3688,4081
605,2019-11-15,456,3692,4148
605,2019-11-16,74,2354,2428
605,2019-11-17,14,1603,1617
605,2019-11-18,347,3481,3828
605,2019-11-19,410,3608,4018
605,2019-11-20,403,3596,3999
605,2019-11-21,417,3719,4136
605,2019-11-22,381,3731,4112
605,2019-11-23,62,2237,2299
605,2019-11-24,18,1615,1633
605,2019-11-25,314,3522,3836
605,2019-11-26,328,3689,4017
605,2019-11-27,359,3681,4040
605,2019-11-28,415,3648,4063
605,2019-11-29,344,3770,4114
610,2019-01-01,55,4697,4752
610,2019-01-02,663,8793,9456
610,2019-01-03,744,9278,10022
610,2019-01-04,790,9703,10493
610,2019-01-05,346,7533,7879
610,2019-01-06,97,6704,6801
610,2019-01-07,1026,10686,11712
610,2019-01-08,1023,11000,12023
610,2019-01-09,1128,10956,12084
610,2019-01-10,1189,11903,13092
610,2019-01-11,1089,11437,12526
610,2019-01-12,391,7606,7997
610,2019-01-13,108,6406,6514
610,2019-01-14,1300,11358,12658
610,2019-01-15,1449,11705,13154
610,2019-01-16,1527,11789,13316
610,2019-01-17,1391,12110,13501
610,2019-01-18,1411,12186,13597
610,2019-01-19,382,8739,9121
610,2019-01-20,121,7340,7461
610,2019-01-21,1336,11571,12907
610,2019-01-22,1370,11466,12836
610,2019-01-23,1294,10987,12281
610,2019-01-24,1213,11771,12984
610,2019-01-25,1204,11842,13046
610,2019-01-26,336,7860,8196
610,2019-01-27,101,7089,7190
610,2019-01-28,991,10320,11311
610,2019-01-29,1266,11642,12908
610,2019-01-30,1003,9645,10648
610,2019-01-31,1118,11344,12462
610,2019-02-01,1110,11523,12633
610,2019-02-02,310,7976,8286
610,2019-02-03,94,7139,7233
610,2019-02-04,1166,11362,12528
610,2019-02-05,1431,11704,13135
610,2019-02-06,1507,11790,13297
610,2019-02-07,1433,12147,13580
610,2019-02-08,1380,12526,13906
610,2019-02-09,367,8218,8585
610,2019-02-10,74,5287,5361
610,2019-02-11,1245,11402,12647
610,2019-02-12,1390,12020,13410
610,2019-02-13,1441,12264,13705
610,2019-02-14,1520,12624,14144
610,2019-02-15,1472,12781,14253
610,2019-02-16,355,8408,8763
610,2019-02-17,106,7555,7661
610,2019-02-18,1369,11143,12512
610,2019-02-19,1651,11522,13173
610,2019-02-20,1522,11456,12978
610,2019-02-21,1622,11873,13495
610,2019-02-22,1539,11914,13453
610,2019-02-23,377,8411,8788
610,2019-02-24,100,7594,7694
610,2019-02-25,1682,11940,13622
610,2019-02-26,1696,12526,14222
610,2019-02-27,1644,12469,14113
610,2019-02-28,1643,12511,14154
610,2019-03-01,1428,11994,13422
610,2019-03-02,362,8445,8807
610,2019-03-03,109,6828,6937
610,2019-03-04,1037,9261,10298
610,2019-03-05,1279,10794,12073
610,2019-03-06,1688,11608,13296
610,2019-03-07,1408,11903,13311
610,2019-03-08,1676,12730,14406
610,2019-03-09,405,8632,9037
610,2019-03-10,118,6586,6704
610,2019-03-11,1650,11636,13286
610,2019-03-12,1667,12426,14093
610,2019-03-13,1584,11706,13290
610,2019-03-14,1473,11133,12606
610,2019-03-15,1357,10895,12252
610,2019-03-16,380,8396,8776
610,2019-03-17,121,7206,7327
610,2019-03-18,1659,11928,13587
610,2019-03-19,1663,12537,14200
610,2019-03-20,1756,12451,14207
610,2019-03-21,1680,12924,14604
610,2019-03-22,1685,13147,14832
610,2019-03-23,483,9173,9656
610,2019-03-24,159,8207,8366
610,2019-03-25,1620,12024,13644
610,2019-03-26,1790,12543,14333
610,2019-03-27,1844,12506,14350
610,2019-03-28,1790,12828,14618
610,2019-03-29,1659,13207,14866
610,2019-03-30,477,9756,10233
610,2019-04-01,1737,12324,14061
610,2019-04-02,1790,12601,14391
610,2019-04-03,1696,12363,14059
610,2019-04-04,1764,13106,14870
610,2019-04-05,1789,13564,15353
610,2019-04-06,546,9488,10034
610,2019-04-07,225,8301,8526
610,2019-04-08,1727,12406,14133
610,2019-04-09,1696,12690,14386
610,2019-04-10,1833,12497,14330
610,2019-04-11,2174,13062,15236
610,2019-04-12,2117,13427,15544
610,2019-04-13,475,8666,9141
610,2019-04-14,159,7706,7865
610,2019-04-15,1735,12417,14152
610,2019-04-16,1839,12006,13845
610,2019-04-17,1577,12061,13638
610,2019-04-18,1600,12927,14527
610,2019-04-19,1579,13350,14929
610,2019-04-20,455,9320,9775
610,2019-04-21,113,8575,8688
610,2019-04-22,211,8323,8534
610,2019-04-23,1689,13207,14896
610,2019-04-24,1663,12466,14129
610,2019-04-25,1687,12754,14441
610,2019-04-26,1768,13866,15634
610,2019-04-27,624,10053,10677
610,2019-04-28,247,7997,8244
610,2019-04-29,1745,12462,14207
610,2019-04-30,1855,13782,15637
610,2019-05-01,316,7554,7870
610,2019-05-02,1723,13405,15128
610,2019-05-03,1757,13540,15297
610,2019-05-04,542,8623,9165
610,2019-05-05,190,8361,8551
610,2019-05-06,1854,12443,14297
610,2019-05-07,1978,13039,15017
610,2019-05-08,1710,12570,14280
610,2019-05-09,484,6855,7339
610,2019-05-10,1600,12641,14241
610,2019-05-11,438,8691,9129
610,2019-05-12,206,8727,8933
610,2019-05-13,1757,12459,14216
610,2019-05-14,1827,12804,14631
610,2019-05-15,1856,12882,14738
610,2019-05-16,1835,13547,15382
610,2019-05-17,1780,13368,15148
610,2019-05-18,422,9583,10005
610,2019-05-19,194,8358,8552
610,2019-05-20,1883,12341,14224
610,2019-05-21,1921,13224,15145
610,2019-05-22,1886,12861,14747
610,2019-05-23,1838,13214,15052
610,2019-05-24,1894,13567,15461
610,2019-05-25,567,9617,10184
610,2019-05-26,255,8145,8400
610,2019-05-27,1866,11916,13782
610,2019-05-28,2021,12781,14802
610,2019-05-29,2067,13736,15803
610,2019-05-30,340,7954,8294
610,2019-05-31,1153,11863,13016
610,2019-06-01,546,9829,10375
610,2019-06-02,372,9932,10304
610,2019-06-03,1924,12574,14498
610,2019-06-04,1800,12675,14475
610,2019-06-05,1933,12919,14852
610,2019-06-06,1898,13192,15090
610,2019-06-07,1830,13832,15662
610,2019-06-08,571,9885,10456
610,2019-06-09,NA,26,NA
610,2019-06-12,1638,8683,10321
610,2019-06-13,2439,12801,15240
610,2019-06-14,2334,13870,16204
610,2019-06-15,847,10006,10853
610,2019-06-16,69,1099,1168
610,2019-06-17,188,1098,1286
610,2019-06-18,1773,13026,14799
610,2019-06-19,1714,12489,14203
610,2019-06-20,1697,12994,14691
610,2019-06-21,1716,13494,15210
610,2019-06-22,488,8892,9380
610,2019-06-23,223,9210,9433
610,2019-06-24,1665,12246,13911
610,2019-06-25,1809,12902,14711
610,2019-06-26,1868,12571,14439
610,2019-06-27,1841,13451,15292
610,2019-06-28,1857,13702,15559
610,2019-06-29,505,10137,10642
610,2019-06-30,234,8760,8994
610,2019-07-01,1756,12605,14361
610,2019-07-02,1892,13113,15005
610,2019-07-03,1882,13280,15162
610,2019-07-04,1860,13671,15531
610,2019-07-05,1698,14466,16164
610,2019-07-06,689,11820,12509
610,2019-07-07,297,11104,11401
610,2019-07-08,1784,12856,14640
610,2019-07-09,1814,13249,15063
610,2019-07-10,1904,13262,15166
610,2019-07-11,1694,13336,15030
610,2019-07-12,1692,14214,15906
610,2019-07-13,564,11805,12369
610,2019-07-14,255,9175,9430
610,2019-07-15,1529,12707,14236
610,2019-07-16,1708,13074,14782
610,2019-07-17,1799,13233,15032
610,2019-07-18,1674,13392,15066
610,2019-07-19,1637,13510,15147
610,2019-07-20,573,10276,10849
610,2019-07-21,292,9464,9756
610,2019-07-22,1515,12919,14434
610,2019-07-23,1457,12382,13839
610,2019-07-24,1577,12755,14332
610,2019-07-25,1301,12241,13542
610,2019-07-26,1265,12615,13880
610,2019-07-27,493,9382,9875
610,2019-07-28,296,8635,8931
610,2019-07-29,1144,11276,12420
610,2019-07-30,1143,11613,12756
610,2019-07-31,1148,11814,12962
610,2019-08-01,1198,11747,12945
610,2019-08-02,1127,11884,13011
610,2019-08-03,559,9285,9844
610,2019-08-04,301,9277,9578
610,2019-08-05,1064,10433,11497
610,2019-08-06,1091,10708,11799
610,2019-08-07,1019,10375,11394
610,2019-08-08,1043,10757,11800
610,2019-08-09,1071,11044,12115
610,2019-08-10,509,8867,9376
610,2019-08-11,275,8366,8641
610,2019-08-12,967,9948,10915
610,2019-08-13,1094,10459,11553
610,2019-08-14,1127,11023,12150
610,2019-08-15,322,7000,7322
610,2019-08-16,1037,10456,11493
610,2019-08-17,356,6956,7312
610,2019-08-18,173,7164,7337
610,2019-08-19,1346,10946,12292
610,2019-08-20,1563,11450,13013
610,2019-08-21,1595,11778,13373
610,2019-08-22,1613,12125,13738
610,2019-08-23,1542,12080,13622
610,2019-08-24,532,8897,9429
610,2019-08-25,291,8754,9045
610,2019-08-26,1673,11872,13545
610,2019-08-27,1727,12338,14065
610,2019-08-28,1631,12398,14029
610,2019-08-29,1677,12612,14289
610,2019-08-30,1629,13167,14796
610,2019-08-31,535,9259,9794
610,2019-09-01,289,8897,9186
610,2019-09-02,1723,11880,13603
610,2019-09-03,1792,12260,14052
610,2019-09-04,1724,12432,14156
610,2019-09-05,1744,12667,14411
610,2019-09-06,1846,13019,14865
610,2019-09-07,488,8308,8796
610,2019-09-08,310,8307,8617
610,2019-09-09,1723,12156,13879
610,2019-09-10,1792,12829,14621
610,2019-09-11,1728,12959,14687
610,2019-09-12,1649,13135,14784
610,2019-09-13,1813,13586,15399
610,2019-09-14,599,9916,10515
610,2019-09-15,283,9613,9896
610,2019-09-16,1855,12893,14748
610,2019-09-17,1883,13426,15309
610,2019-09-18,1925,12816,14741
610,2019-09-19,1857,13106,14963
610,2019-09-20,1695,13392,15087
610,2019-09-21,540,9938,10478
610,2019-09-22,217,8538,8755
610,2019-09-23,1566,11656,13222
610,2019-09-24,1733,12368,14101
610,2019-09-25,1576,11732,13308
610,2019-09-26,1557,11595,13152
610,2019-09-27,1625,12425,14050
610,2019-09-28,446,8826,9272
610,2019-09-29,227,6755,6982
610,2019-09-30,1648,12170,13818
610,2019-10-01,1483,11011,12494
610,2019-10-02,1597,12254,13851
610,2019-10-03,1721,13048,14769
610,2019-10-04,1465,12511,13976
610,2019-10-05,443,9426,9869
610,2019-10-06,117,7087,7204
610,2019-10-07,1473,11733,13206
610,2019-10-08,1440,10049,11489
610,2019-10-09,1547,11481,13028
610,2019-10-10,1492,12622,14114
610,2019-10-11,1540,13261,14801
610,2019-10-12,473,9194,9667
610,2019-10-13,168,8638,8806
610,2019-10-14,1557,12350,13907
610,2019-10-15,1501,11571,13072
610,2019-10-16,1655,11790,13445
610,2019-10-17,1456,10836,12292
610,2019-10-18,1649,12940,14589
610,2019-10-19,368,7477,7845
610,2019-10-20,112,5782,5894
610,2019-10-21,1659,11680,13339
610,2019-10-22,1776,12154,13930
610,2019-10-23,1639,12774,14413
610,2019-10-24,1624,13299,14923
610,2019-10-25,1713,13549,15262
610,2019-10-26,494,9716,10210
610,2019-10-27,208,8410,8618
610,2019-10-28,1669,11551,13220
610,2019-10-29,1927,12097,14024
610,2019-10-30,1860,12116,13976
610,2019-11-01,210,6751,6961
610,2019-11-02,381,8086,8467
610,2019-11-03,144,6932,7076
610,2019-11-04,1389,10506,11895
610,2019-11-05,1515,11996,13511
610,2019-11-06,1575,12251,13826
610,2019-11-07,1470,12121,13591
610,2019-11-08,1629,13317,14946
610,2019-11-09,431,8725,9156
610,2019-11-10,135,8376,8511
610,2019-11-11,1345,11452,12797
610,2019-11-12,1356,11170,12526
610,2019-11-13,1530,12127,13657
610,2019-11-14,1528,12584,14112
610,2019-11-15,1581,12726,14307
610,2019-11-16,511,9051,9562
610,2019-11-17,144,7500,7644
610,2019-11-18,1280,9127,10407
610,2019-11-19,1635,11979,13614
610,2019-11-20,1691,12075,13766
610,2019-11-21,1592,12559,14151
610,2019-11-22,1513,12722,14235
610,2019-11-23,441,9444,9885
610,2019-11-24,122,7743,7865
610,2019-11-25,1570,11960,13530
610,2019-11-26,1535,11191,12726
610,2019-11-27,1376,10679,12055
610,2019-11-28,1383,11581,12964
610,2019-11-29,1587,13124,14711
610,2019-11-30,447,9155,9602
610,2019-12-01,125,6756,6881
610,2019-12-02,1562,11579,13141
610,2019-12-03,1570,12352,13922
610,2019-12-04,1766,12231,13997
610,2019-12-05,1785,12710,14495
610,2019-12-06,1542,11165,12707
610,2019-12-07,352,8392,8744
610,2019-12-08,94,6190,6284
610,2019-12-09,1436,10267,11703
610,2019-12-10,1676,12482,14158
610,2019-12-11,1552,11034,12586
610,2019-12-12,1663,12304,13967
610,2019-12-13,1235,10613,11848
610,2019-12-14,338,8030,8368
610,2019-12-15,124,7541,7665
610,2019-12-16,1408,11402,12810
610,2019-12-17,1610,12645,14255
610,2019-12-18,1560,12700,14260
610,2019-12-19,1491,13003,14494
610,2019-12-20,1119,11319,12438
610,2019-12-21,359,8100,8459
610,2019-12-22,65,6368,6433
610,2019-12-23,691,9307,9998
610,2019-12-24,472,7209,7681
610,2019-12-25,52,5814,5866
610,2019-12-26,98,6056,6154
610,2019-12-27,589,8331,8920
610,2019-12-28,328,7436,7764
610,2019-12-29,109,6633,6742
610,2019-12-30,592,8672,9264
610,2019-12-31,519,7439,7958
708,2019-01-01,25,2220,2245
708,2019-01-02,196,3361,3557
708,2019-01-03,202,3848,4050
708,2019-01-04,207,4011,4218
708,2019-01-05,128,3392,3520
708,2019-01-06,49,2675,2724
708,2019-01-07,263,4220,4483
708,2019-01-08,231,4549,4780
708,2019-01-09,255,4288,4543
708,2019-01-10,269,4773,5042
708,2019-01-11,280,4610,4890
708,2019-01-12,123,3776,3899
708,2019-01-13,29,2907,2936
708,2019-01-14,335,4498,4833
708,2019-01-15,312,4582,4894
708,2019-01-16,402,4535,4937
708,2019-01-17,297,4499,4796
708,2019-01-18,301,4697,4998
708,2019-01-19,132,3830,3962
708,2019-01-20,53,2885,2938
708,2019-01-21,337,4445,4782
708,2019-01-22,338,4578,4916
708,2019-01-23,282,4333,4615
708,2019-01-24,314,4569,4883
708,2019-01-25,282,4592,4874
708,2019-01-26,118,3794,3912
708,2019-01-27,31,2896,2927
708,2019-01-28,233,3621,3854
708,2019-01-29,316,4612,4928
708,2019-01-30,247,3995,4242
708,2019-01-31,288,4663,4951
708,2019-02-01,274,4800,5074
708,2019-02-02,115,3822,3937
708,2019-02-03,44,3033,3077
708,2019-02-04,301,4400,4701
708,2019-02-05,310,4511,4821
708,2019-02-06,372,4423,4795
708,2019-02-07,281,4689,4970
708,2019-02-08,271,4695,4966
708,2019-02-09,138,3895,4033
708,2019-02-10,24,2822,2846
708,2019-02-11,340,4373,4713
708,2019-02-12,329,4574,4903
708,2019-02-13,358,4540,4898
708,2019-02-14,329,4787,5116
708,2019-02-15,349,4723,5072
708,2019-02-16,174,3778,3952
708,2019-02-17,44,3010,3054
708,2019-02-18,284,3873,4157
708,2019-02-19,274,3893,4167
708,2019-02-20,332,3944,4276
708,2019-02-21,359,4225,4584
708,2019-02-22,301,4169,4470
708,2019-02-23,150,3498,3648
708,2019-02-24,39,3093,3132
708,2019-02-25,336,4304,4640
708,2019-02-26,397,4682,5079
708,2019-02-27,406,4628,5034
708,2019-02-28,378,4698,5076
708,2019-03-01,385,4816,5201
708,2019-03-02,145,4083,4228
708,2019-03-03,62,3105,3167
708,2019-03-04,274,4132,4406
708,2019-03-05,361,4605,4966
708,2019-03-06,358,4566,4924
708,2019-03-07,340,4693,5033
708,2019-03-08,317,4916,5233
708,2019-03-09,144,3945,4089
708,2019-03-10,28,3119,3147
708,2019-03-11,372,4529,4901
708,2019-03-12,403,4827,5230
708,2019-03-13,346,4362,4708
708,2019-03-14,282,4744,5026
708,2019-03-15,377,4847,5224
708,2019-03-16,146,4052,4198
708,2019-03-17,43,2993,3036
708,2019-03-18,344,4586,4930
708,2019-03-19,397,5069,5466
708,2019-03-20,405,4951,5356
708,2019-03-21,392,5128,5520
708,2019-03-22,374,4859,5233
708,2019-03-23,203,4118,4321
708,2019-03-24,23,3334,3357
708,2019-03-25,399,4459,4858
708,2019-03-26,385,4575,4960
708,2019-03-27,454,4625,5079
708,2019-03-28,346,4888,5234
708,2019-03-29,402,5061,5463
708,2019-03-30,171,4213,4384
708,2019-04-01,393,4636,5029
708,2019-04-02,365,4792,5157
708,2019-04-03,367,4688,5055
708,2019-04-04,338,4867,5205
708,2019-04-05,385,4861,5246
708,2019-04-06,154,3986,4140
708,2019-04-07,47,3127,3174
708,2019-04-08,370,4184,4554
708,2019-04-09,311,4534,4845
708,2019-04-10,355,4282,4637
708,2019-04-11,362,4542,4904
708,2019-04-12,398,4419,4817
708,2019-04-13,178,3663,3841
708,2019-04-14,62,2937,2999
708,2019-04-15,453,4182,4635
708,2019-04-16,409,4477,4886
708,2019-04-17,400,4431,4831
708,2019-04-18,393,4747,5140
708,2019-04-19,340,4708,5048
708,2019-04-20,182,4142,4324
708,2019-04-21,38,3266,3304
708,2019-04-22,60,3414,3474
708,2019-04-23,400,4844,5244
708,2019-04-24,387,4753,5140
708,2019-04-25,386,4909,5295
708,2019-04-26,444,5095,5539
708,2019-04-27,184,4344,4528
708,2019-04-28,54,3339,3393
708,2019-04-29,452,4755,5207
708,2019-04-30,445,5289,5734
708,2019-05-01,72,3063,3135
708,2019-05-02,392,4962,5354
708,2019-05-03,389,5156,5545
708,2019-05-04,192,3754,3946
708,2019-05-05,36,3377,3413
708,2019-05-06,431,4544,4975
708,2019-05-07,376,4752,5128
708,2019-05-08,370,5081,5451
708,2019-05-09,57,2613,2670
708,2019-05-10,311,4695,5006
708,2019-05-11,128,3984,4112
708,2019-05-12,46,3222,3268
708,2019-05-13,394,4553,4947
708,2019-05-14,389,4826,5215
708,2019-05-15,406,4764,5170
708,2019-05-16,408,4723,5131
708,2019-05-17,375,4904,5279
708,2019-05-18,159,4242,4401
708,2019-05-19,35,3073,3108
708,2019-05-20,356,4662,5018
708,2019-05-21,416,4798,5214
708,2019-05-22,337,4600,4937
708,2019-05-23,372,4971,5343
708,2019-05-24,314,5152,5466
708,2019-05-25,153,3935,4088
708,2019-05-26,50,3117,3167
708,2019-05-27,336,4381,4717
708,2019-05-28,421,4447,4868
708,2019-05-29,369,4640,5009
708,2019-05-30,68,2640,2708
708,2019-05-31,268,4392,4660
708,2019-06-01,211,3785,3996
708,2019-06-02,62,3122,3184
708,2019-06-03,365,4721,5086
708,2019-06-04,345,5126,5471
708,2019-06-05,350,5080,5430
708,2019-06-06,375,5090,5465
708,2019-06-07,385,5001,5386
708,2019-06-08,202,3989,4191
708,2019-06-09,38,3478,3516
708,2019-06-10,40,2945,2985
708,2019-06-11,353,4720,5073
708,2019-06-12,357,4648,5005
708,2019-06-13,365,4860,5225
708,2019-06-14,379,5112,5491
708,2019-06-15,162,3951,4113
708,2019-06-16,42,3290,3332
708,2019-06-17,367,4640,5007
708,2019-06-18,418,4808,5226
708,2019-06-19,378,4492,4870
708,2019-06-20,324,4998,5322
708,2019-06-21,412,4928,5340
708,2019-06-22,237,3863,4100
708,2019-06-23,27,2265,2292
708,2019-06-24,178,3072,3250
708,2019-06-25,366,5013,5379
708,2019-06-26,338,4690,5028
708,2019-06-27,451,4915,5366
708,2019-06-28,385,5065,5450
708,2019-06-29,182,4007,4189
708,2019-06-30,71,3342,3413
708,2019-07-01,367,4587,4954
708,2019-07-02,395,5007,5402
708,2019-07-03,400,4902,5302
708,2019-07-04,371,5175,5546
708,2019-07-05,356,5204,5560
708,2019-07-06,171,4156,4327
708,2019-07-07,78,3384,3462
708,2019-07-08,406,4618,5024
708,2019-07-09,393,4924,5317
708,2019-07-10,462,4774,5236
708,2019-07-11,444,4771,5215
708,2019-07-12,336,4916,5252
708,2019-07-13,166,4016,4182
708,2019-07-14,44,3293,3337
708,2019-07-15,353,4495,4848
708,2019-07-16,314,4658,4972
708,2019-07-17,384,4416,4800
708,2019-07-18,414,4381,4795
708,2019-07-19,396,4805,5201
708,2019-07-20,153,3778,3931
708,2019-07-21,53,3098,3151
708,2019-07-22,400,4455,4855
708,2019-07-23,364,4526,4890
708,2019-07-24,418,4488,4906
708,2019-07-25,368,4393,4761
708,2019-07-26,289,4378,4667
708,2019-07-27,132,3287,3419
708,2019-07-28,38,2905,2943
708,2019-07-29,245,3932,4177
708,2019-07-30,216,4088,4304
708,2019-07-31,251,4043,4294
708,2019-08-01,254,4219,4473
708,2019-08-02,235,4143,4378
708,2019-08-03,134,3385,3519
708,2019-08-04,54,2909,2963
708,2019-08-05,206,3561,3767
708,2019-08-06,223,3635,3858
708,2019-08-07,203,3692,3895
708,2019-08-08,254,3980,4234
708,2019-08-09,240,3857,4097
708,2019-08-10,140,3254,3394
708,2019-08-11,34,2876,2910
708,2019-08-12,214,3480,3694
708,2019-08-13,212,3580,3792
708,2019-08-14,205,3837,4042
708,2019-08-15,46,2305,2351
708,2019-08-16,224,3550,3774
708,2019-08-17,112,2945,3057
708,2019-08-18,61,2551,2612
708,2019-08-19,255,3874,4129
708,2019-08-20,318,3891,4209
708,2019-08-21,280,3862,4142
708,2019-08-22,288,4030,4318
708,2019-08-23,265,4073,4338
708,2019-08-24,145,3294,3439
708,2019-08-25,31,3180,3211
708,2019-08-26,292,4004,4296
708,2019-08-27,322,4023,4345
708,2019-08-28,357,4260,4617
708,2019-08-29,319,4151,4470
708,2019-08-30,339,4172,4511
708,2019-08-31,134,3248,3382
708,2019-09-01,55,2913,2968
708,2019-09-02,347,3906,4253
708,2019-09-03,360,4061,4421
708,2019-09-04,379,4103,4482
708,2019-09-05,343,4101,4444
708,2019-09-06,358,4251,4609
708,2019-09-07,137,3331,3468
708,2019-09-08,38,2722,2760
708,2019-09-09,359,4275,4634
708,2019-09-10,334,4384,4718
708,2019-09-11,418,4305,4723
708,2019-09-12,410,4605,5015
708,2019-09-13,453,4951,5404
708,2019-09-14,165,4036,4201
708,2019-09-15,48,3676,3724
708,2019-09-16,390,4694,5084
708,2019-09-17,434,4891,5325
708,2019-09-18,364,4718,5082
708,2019-09-19,386,4849,5235
708,2019-09-20,393,5102,5495
708,2019-09-21,221,4103,4324
708,2019-09-22,50,1883,1933
708,2019-09-23,414,4651,5065
708,2019-09-24,458,4757,5215
708,2019-09-25,370,4553,4923
708,2019-09-26,348,4831,5179
708,2019-09-27,371,4876,5247
708,2019-09-28,144,4027,4171
708,2019-09-29,90,3253,3343
708,2019-09-30,358,4648,5006
708,2019-10-01,336,4861,5197
708,2019-10-02,407,4818,5225
708,2019-10-03,417,4907,5324
708,2019-10-04,321,4975,5296
708,2019-10-05,261,4332,4593
708,2019-10-06,37,3405,3442
708,2019-10-07,284,3678,3962
708,2019-10-08,209,3633,3842
708,2019-10-09,282,3527,3809
708,2019-10-10,283,3771,4054
708,2019-10-11,333,3849,4182
708,2019-10-12,168,3232,3400
708,2019-10-13,58,2779,2837
708,2019-10-14,309,3808,4117
708,2019-10-15,436,4625,5061
708,2019-10-16,465,4501,4966
708,2019-10-17,363,4797,5160
708,2019-10-18,449,4754,5203
708,2019-10-19,133,4226,4359
708,2019-10-20,37,3047,3084
708,2019-10-21,426,4580,5006
708,2019-10-22,369,4870,5239
708,2019-10-23,381,4752,5133
708,2019-10-24,350,4825,5175
708,2019-10-25,417,5020,5437
708,2019-10-26,170,4106,4276
708,2019-10-27,41,3341,3382
708,2019-10-28,340,4412,4752
708,2019-10-29,332,4574,4906
708,2019-10-30,434,4509,4943
708,2019-11-01,36,2797,2833
708,2019-11-02,123,3779,3902
708,2019-11-03,34,3128,3162
708,2019-11-04,356,4412,4768
708,2019-11-05,325,4772,5097
708,2019-11-06,379,4692,5071
708,2019-11-07,373,4907,5280
708,2019-11-08,379,5062,5441
708,2019-11-09,159,4150,4309
708,2019-11-10,53,3236,3289
708,2019-11-11,371,4524,4895
708,2019-11-12,342,4892,5234
708,2019-11-13,374,4692,5066
708,2019-11-14,358,5167,5525
708,2019-11-15,408,5121,5529
708,2019-11-16,186,4306,4492
708,2019-11-17,40,2921,2961
708,2019-11-18,377,4551,4928
708,2019-11-19,373,4990,5363
708,2019-11-20,421,4768,5189
708,2019-11-21,380,4888,5268
708,2019-11-22,383,5039,5422
708,2019-11-23,197,4167,4364
708,2019-11-24,46,3281,3327
708,2019-11-25,367,4573,4940
708,2019-11-26,427,4651,5078
708,2019-11-27,348,4717,5065
708,2019-11-28,350,4904,5254
708,2019-11-29,361,5059,5420
708,2019-11-30,183,4122,4305
708,2019-12-01,44,2947,2991
708,2019-12-02,380,4720,5100
708,2019-12-03,319,4799,5118
708,2019-12-04,360,4683,5043
708,2019-12-05,371,4961,5332
708,2019-12-06,353,4935,5288
708,2019-12-07,148,4031,4179
708,2019-12-08,51,3259,3310
708,2019-12-09,353,4665,5018
708,2019-12-10,416,4744,5160
708,2019-12-11,326,4593,4919
708,2019-12-12,351,4909,5260
708,2019-12-13,392,5126,5518
708,2019-12-14,142,3918,4060
708,2019-12-15,34,3174,3208
708,2019-12-16,398,4614,5012
708,2019-12-17,418,4886,5304
708,2019-12-18,432,4768,5200
708,2019-12-19,331,5286,5617
708,2019-12-20,329,5022,5351
708,2019-12-21,142,4030,4172
708,2019-12-22,38,2949,2987
708,2019-12-23,208,4357,4565
708,2019-12-24,159,4042,4201
708,2019-12-25,18,2503,2521
708,2019-12-26,47,2456,2503
708,2019-12-27,183,3643,3826
708,2019-12-28,141,3409,3550
708,2019-12-29,47,2551,2598
708,2019-12-30,208,3727,3935
708,2019-12-31,170,3593,3763
710,2019-01-01,27,8424,8451
710,2019-01-02,450,17644,18094
710,2019-01-03,555,18885,19440
710,2019-01-04,602,19751,20353
710,2019-01-05,233,15573,15806
710,2019-01-06,64,11357,11421
710,2019-01-07,754,21485,22239
710,2019-01-08,741,22841,23582
710,2019-01-09,759,22767,23526
710,2019-01-10,906,23599,24505
710,2019-01-11,798,23820,24618
710,2019-01-12,284,16741,17025
710,2019-01-13,70,11535,11605
710,2019-01-14,881,23735,24616
710,2019-01-15,989,24706,25695
710,2019-01-16,1032,24386,25418
710,2019-01-18,909,25175,26084
710,2019-01-19,236,17950,18186
710,2019-01-20,65,12436,12501
710,2019-01-21,950,23920,24870
710,2019-01-22,1000,23621,24621
710,2019-01-23,910,23167,24077
710,2019-01-24,990,24247,25237
710,2019-01-25,841,24539,25380
710,2019-01-26,242,17360,17602
710,2019-01-27,70,12234,12304
710,2019-01-28,926,22016,22942
710,2019-01-29,889,24476,25365
710,2019-01-30,670,19873,20543
710,2019-02-01,763,24024,24787
710,2019-02-02,208,17123,17331
710,2019-02-03,80,13434,13514
710,2019-02-04,891,23397,24288
710,2019-02-05,956,24698,25654
710,2019-02-06,962,24605,25567
710,2019-02-07,1136,24474,25610
710,2019-02-08,912,26010,26922
710,2019-02-09,256,17720,17976
710,2019-02-10,54,11024,11078
710,2019-02-11,964,23726,24690
710,2019-02-12,1005,25217,26222
710,2019-02-13,1003,25109,26112
710,2019-02-15,1027,25630,26657
710,2019-02-16,240,17332,17572
710,2019-02-17,67,12978,13045
710,2019-02-18,962,22803,23765
710,2019-02-19,988,23409,24397
710,2019-02-20,1054,23385,24439
710,2019-02-21,1081,23746,24827
710,2019-02-22,962,23708,24670
710,2019-02-23,258,17326,17584
710,2019-02-24,69,13205,13274
710,2019-02-25,1113,24520,25633
710,2019-02-26,1129,25730,26859
710,2019-02-27,1102,25442,26544
710,2019-03-01,1162,25914,27076
710,2019-03-02,289,18966,19255
710,2019-03-03,170,14470,14640
710,2019-03-04,798,20940,21738
710,2019-03-05,1196,24476,25672
710,2019-03-06,1146,25101,26247
710,2019-03-07,1071,26389,27460
710,2019-03-08,1250,26336,27586
710,2019-03-09,300,18771,19071
710,2019-03-10,91,11858,11949
710,2019-03-11,1038,24474,25512
710,2019-03-12,1112,25355,26467
710,2019-03-13,1290,24364,25654
710,2019-03-15,910,25826,26736
710,2019-03-16,276,18902,19178
710,2019-03-17,104,13018,13122
710,2019-03-18,1022,24344,25366
710,2019-03-19,1206,25432,26638
710,2019-03-20,1186,25349,26535
710,2019-03-21,1235,27085,28320
710,2019-03-22,1190,27269,28459
710,2019-03-23,355,20419,20774
710,2019-03-24,132,14887,15019
710,2019-03-25,1157,25014,26171
710,2019-03-26,1234,26173,27407
710,2019-03-27,1251,26324,27575
710,2019-03-29,1133,27807,28940
710,2019-03-30,349,21027,21376
710,2019-04-01,1168,25681,26849
710,2019-04-02,1350,27001,28351
710,2019-04-03,1230,27591,28821
710,2019-04-05,1257,27873,29130
710,2019-04-06,353,20030,20383
710,2019-04-07,109,14495,14604
710,2019-04-08,1183,24416,25599
710,2019-04-09,1173,24673,25846
710,2019-04-10,1204,25836,27040
710,2019-04-19,2448,27534,29982
710,2019-04-20,591,20211,20802
710,2019-04-21,177,15422,15599
710,2019-04-22,229,13739,13968
710,2019-04-23,2336,26893,29229
710,2019-04-24,2336,26329,28665
710,2019-04-25,2325,27069,29394
710,2019-04-26,2343,28511,30854
710,2019-04-27,599,21357,21956
710,2019-04-28,233,15750,15983
710,2019-04-29,2317,25726,28043
710,2019-04-30,2690,28382,31072
710,2019-05-01,311,13382,13693
710,2019-05-02,2373,26487,28860
710,2019-05-03,2331,27011,29342
710,2019-05-04,577,18542,19119
710,2019-05-05,174,13989,14163
710,2019-05-06,2418,25193,27611
710,2019-05-07,2574,26147,28721
710,2019-05-08,2239,26705,28944
710,2019-05-09,536,12120,12656
710,2019-05-10,2044,25550,27594
710,2019-05-11,536,18693,19229
710,2019-05-12,269,14695,14964
710,2019-05-13,2277,24597,26874
710,2019-05-14,2333,26103,28436
710,2019-05-15,2297,25928,28225
710,2019-05-16,2341,26620,28961
710,2019-05-17,2267,27312,29579
710,2019-05-18,631,20144,20775
710,2019-05-19,236,14859,15095
710,2019-05-20,2308,24688,26996
710,2019-05-21,2477,25511,27988
710,2019-05-22,2304,25645,27949
710,2019-05-23,2448,26054,28502
710,2019-05-24,2332,27065,29397
710,2019-05-25,697,19415,20112
710,2019-05-26,241,13943,14184
710,2019-05-27,2416,23499,25915
710,2019-05-28,2517,24490,27007
710,2019-05-29,2522,25016,27538
710,2019-05-30,348,12749,13097
710,2019-05-31,1416,22914,24330
710,2019-06-01,569,18693,19262
710,2019-06-02,285,15461,15746
710,2019-06-03,2275,24597,26872
710,2019-06-04,2287,25543,27830
710,2019-06-05,2455,24817,27272
710,2019-06-06,2330,26306,28636
710,2019-06-07,2137,26692,28829
710,2019-06-08,719,20611,21330
710,2019-06-09,239,15907,16146
710,2019-06-10,335,12547,12882
710,2019-06-11,2435,24557,26992
710,2019-06-12,2275,24784,27059
710,2019-06-13,2323,25799,28122
710,2019-06-14,2311,26580,28891
710,2019-06-15,635,20829,21464
710,2019-06-16,289,16029,16318
710,2019-06-17,2283,24898,27181
710,2019-06-18,2341,25445,27786
710,2019-06-19,2227,25008,27235
710,2019-06-20,2149,25912,28061
710,2019-06-21,2306,26258,28564
710,2019-06-22,583,18400,18983
710,2019-06-23,269,14219,14488
710,2019-06-24,2126,23941,26067
710,2019-06-25,2224,25311,27535
710,2019-06-26,2223,24783,27006
710,2019-06-27,2301,25558,27859
710,2019-06-28,2277,26668,28945
710,2019-06-29,617,20545,21162
710,2019-06-30,245,16142,16387
710,2019-07-01,2293,23431,25724
710,2019-07-02,2395,25853,28248
710,2019-07-03,2432,26421,28853
710,2019-07-04,2407,27023,29430
710,2019-07-05,2322,27124,29446
710,2019-07-06,793,21885,22678
710,2019-07-07,389,17337,17726
710,2019-07-08,2351,24696,27047
710,2019-07-09,2399,25961,28360
710,2019-07-10,2510,25887,28397
710,2019-07-11,2455,26204,28659
710,2019-07-12,2243,26810,29053
710,2019-07-13,655,20840,21495
710,2019-07-14,286,15227,15513
710,2019-07-15,2311,24436,26747
710,2019-07-16,2399,25772,28171
710,2019-07-17,2549,25147,27696
710,2019-07-18,2349,24930,27279
710,2019-07-19,2268,26257,28525
710,2019-07-20,818,20346,21164
710,2019-07-21,299,15637,15936
710,2019-07-22,2429,23809,26238
710,2019-07-23,2406,24559,26965
710,2019-07-24,2394,24056,26450
710,2019-07-25,1793,23406,25199
710,2019-07-26,1512,22666,24178
710,2019-07-27,466,16477,16943
710,2019-07-28,325,13351,13676
710,2019-07-29,1355,21064,22419
710,2019-07-30,1346,21618,22964
710,2019-07-31,1359,21956,23315
710,2019-08-01,1410,21598,23008
710,2019-08-02,1316,21832,23148
710,2019-08-03,496,16438,16934
710,2019-08-04,277,13987,14264
710,2019-08-05,1220,18836,20056
710,2019-08-06,1267,19664,20931
710,2019-08-07,1179,19592,20771
710,2019-08-08,1212,19898,21110
710,2019-08-09,1219,19781,21000
710,2019-08-10,480,15421,15901
710,2019-08-11,272,12975,13247
710,2019-08-12,1128,18112,19240
710,2019-08-13,1269,19368,20637
710,2019-08-14,1255,20348,21603
710,2019-08-15,352,10971,11323
710,2019-08-16,1200,18610,19810
710,2019-08-17,386,14588,14974
710,2019-08-18,275,10986,11261
710,2019-08-19,1922,19936,21858
710,2019-08-20,2111,20901,23012
710,2019-08-21,2075,21129,23204
710,2019-08-22,2144,21279,23423
710,2019-08-23,2022,21686,23708
710,2019-08-24,473,15136,15609
710,2019-08-25,270,12631,12901
710,2019-08-26,2233,22344,24577
710,2019-08-28,1687,17890,19577
710,2019-08-31,562,17499,18061
710,2019-09-01,261,14669,14930
710,2019-09-02,2184,21753,23937
710,2019-09-03,2186,22615,24801
710,2019-09-04,2131,22289,24420
710,2019-09-05,2117,22722,24839
710,2019-09-06,2260,23542,25802
710,2019-09-07,597,16994,17591
710,2019-09-08,234,13569,13803
710,2019-09-09,2212,22593,24805
710,2019-09-10,2210,23624,25834
710,2019-09-11,2375,24128,26503
710,2019-09-12,2469,24076,26545
710,2019-09-13,2345,24783,27128
710,2019-09-14,684,18870,19554
710,2019-09-15,304,15265,15569
710,2019-09-16,2352,24028,26380
710,2019-09-17,2446,25044,27490
710,2019-09-18,2351,24978,27329
710,2019-09-19,2391,25146,27537
710,2019-09-20,2199,25395,27594
710,2019-09-21,629,19221,19850
710,2019-09-22,275,14094,14369
710,2019-09-23,2245,23684,25929
710,2019-09-24,2251,24557,26808
710,2019-09-25,2195,24466,26661
710,2019-09-26,2165,24818,26983
710,2019-09-27,2223,26297,28520
710,2019-09-28,634,20385,21019
710,2019-09-29,270,14691,14961
710,2019-09-30,2209,24594,26803
710,2019-10-01,2162,24948,27110
710,2019-10-02,2069,24936,27005
710,2019-10-03,2201,25978,28179
710,2019-10-04,1930,25878,27808
710,2019-10-05,607,20230,20837
710,2019-10-06,188,13790,13978
710,2019-10-07,2068,24285,26353
710,2019-10-08,2107,24921,27028
710,2019-10-09,2142,26613,28755
710,2019-10-11,2152,26684,28836
710,2019-10-12,597,19874,20471
710,2019-10-13,218,17805,18023
710,2019-10-14,2043,24263,26306
710,2019-10-15,2067,24747,26814
710,2019-10-16,2123,24885,27008
710,2019-10-17,2031,24742,26773
710,2019-10-18,2113,25130,27243
710,2019-10-19,490,18858,19348
710,2019-10-20,158,13097,13255
710,2019-10-21,2146,24270,26416
710,2019-10-22,2188,25328,27516
710,2019-10-23,2112,25491,27603
710,2019-10-24,1975,25984,27959
710,2019-10-25,2237,27598,29835
710,2019-10-26,952,23256,24208
710,2019-10-27,196,13915,14111
710,2019-10-28,2014,23197,25211
710,2019-10-29,2221,24635,26856
710,2019-10-30,2132,24722,26854
710,2019-11-01,217,12693,12910
710,2019-11-02,423,18344,18767
710,2019-11-03,157,12751,12908
710,2019-11-04,1997,22622,24619
710,2019-11-05,2122,24188,26310
710,2019-11-06,2009,24405,26414
710,2019-11-07,1874,24850,26724
710,2019-11-08,2083,26169,28252
710,2019-11-09,542,19246,19788
710,2019-11-10,161,13363,13524
710,2019-11-11,1828,23630,25458
710,2019-11-12,1832,24034,25866
710,2019-11-13,2029,24438,26467
710,2019-11-14,1945,22914,24859
710,2019-11-15,2135,25273,27408
710,2019-11-16,576,19363,19939
710,2019-11-17,186,13191,13377
710,2019-11-18,1883,22851,24734
710,2019-11-19,2009,24277,26286
710,2019-11-20,2172,24574,26746
710,2019-11-21,2186,23830,26016
710,2019-11-22,2108,25279,27387
710,2019-11-23,532,19033,19565
710,2019-11-24,143,13821,13964
710,2019-11-25,2022,23187,25209
710,2019-11-26,2043,24507,26550
710,2019-11-27,2134,24344,26478
710,2019-11-28,2074,25135,27209
710,2019-11-29,2119,26553,28672
710,2019-11-30,561,19437,19998
710,2019-12-01,142,12855,12997
710,2019-12-02,1954,21434,23388
710,2019-12-03,1934,24425,26359
710,2019-12-04,2015,24165,26180
710,2019-12-05,2055,24961,27016
710,2019-12-06,2019,24296,26315
710,2019-12-07,448,17978,18426
710,2019-12-08,155,12326,12481
710,2019-12-09,1927,23124,25051
710,2019-12-10,2182,24150,26332
710,2019-12-11,1973,23689,25662
710,2019-12-12,2293,24472,26765
710,2019-12-13,1907,25140,27047
710,2019-12-14,444,18408,18852
710,2019-12-15,152,13945,14097
710,2019-12-16,1867,24029,25896
710,2019-12-17,2059,25126,27185
710,2019-12-18,2034,24978,27012
710,2019-12-19,2045,25664,27709
710,2019-12-20,1602,25115,26717
710,2019-12-21,421,17749,18170
710,2019-12-22,99,13314,13413
710,2019-12-23,858,20721,21579
710,2019-12-24,537,15909,16446
710,2019-12-25,57,10163,10220
710,2019-12-26,113,10111,10224
710,2019-12-27,692,17189,17881
710,2019-12-28,335,15130,15465
710,2019-12-29,121,11600,11721
710,2019-12-30,676,17419,18095
710,2019-12-31,568,14678,15246
711,2019-01-01,22,3438,3460
711,2019-01-02,191,4971,5162
711,2019-01-03,195,5314,5509
711,2019-01-04,184,5564,5748
711,2019-01-05,172,4772,4944
711,2019-01-06,27,3829,3856
711,2019-01-07,225,5976,6201
711,2019-01-08,238,6188,6426
711,2019-01-09,240,6092,6332
711,2019-01-10,231,6725,6956
711,2019-01-11,230,6825,7055
711,2019-01-12,175,5694,5869
711,2019-01-13,43,4233,4276
711,2019-01-14,266,6140,6406
711,2019-01-16,245,6607,6852
711,2019-01-17,269,6622,6891
711,2019-01-18,262,7169,7431
711,2019-01-19,208,5878,6086
711,2019-01-20,26,4655,4681
711,2019-01-21,256,6752,7008
711,2019-01-22,249,6647,6896
711,2019-01-23,230,6506,6736
711,2019-01-24,236,6638,6874
711,2019-01-25,252,6775,7027
711,2019-01-26,157,5801,5958
711,2019-01-27,26,4246,4272
711,2019-01-28,236,5910,6146
711,2019-01-30,215,5496,5711
711,2019-01-31,223,6139,6362
711,2019-02-01,219,6635,6854
711,2019-02-02,184,5202,5386
711,2019-02-03,38,4536,4574
711,2019-02-04,227,6319,6546
711,2019-02-05,263,6687,6950
711,2019-02-06,250,6901,7151
711,2019-02-07,275,6970,7245
711,2019-02-08,239,7108,7347
711,2019-02-09,176,5702,5878
711,2019-02-10,28,4190,4218
711,2019-02-11,235,6387,6622
711,2019-02-13,231,6793,7024
711,2019-02-14,234,7162,7396
711,2019-02-15,245,7178,7423
711,2019-02-16,184,5828,6012
711,2019-02-17,30,4716,4746
711,2019-02-18,255,6154,6409
711,2019-02-19,229,6221,6450
711,2019-02-20,258,6127,6385
711,2019-02-21,222,6173,6395
711,2019-02-22,268,6214,6482
711,2019-02-23,185,5698,5883
711,2019-02-24,26,5171,5197
711,2019-02-25,308,6617,6925
711,2019-02-27,272,7057,7329
711,2019-02-28,276,6953,7229
711,2019-03-01,267,7212,7479
711,2019-03-02,268,6296,6564
711,2019-03-03,96,5973,6069
711,2019-03-05,242,6428,6670
711,2019-03-06,269,6882,7151
711,2019-03-07,250,7039,7289
711,2019-03-08,255,7360,7615
711,2019-03-09,169,6085,6254
711,2019-03-10,34,4184,4218
711,2019-03-11,254,6694,6948
711,2019-03-13,264,6432,6696
711,2019-03-14,266,6594,6860
711,2019-03-15,251,7131,7382
711,2019-03-16,171,6127,6298
711,2019-03-17,38,4723,4761
711,2019-03-18,244,6792,7036
711,2019-03-19,277,7150,7427
711,2019-03-20,275,7102,7377
711,2019-03-21,279,7564,7843
711,2019-03-22,274,7350,7624
711,2019-03-23,274,6523,6797
711,2019-03-24,121,5221,5342
711,2019-03-25,296,6280,6576
711,2019-03-27,279,6976,7255
711,2019-03-28,272,7074,7346
711,2019-03-29,271,7548,7819
711,2019-03-30,317,6569,6886
711,2019-04-01,253,6757,7010
711,2019-04-03,376,7936,8312
711,2019-04-04,502,7132,7634
711,2019-04-05,515,7502,8017
711,2019-04-06,180,6457,6637
711,2019-04-07,39,4996,5035
711,2019-04-08,285,6591,6876
711,2019-04-20,364,6698,7062
711,2019-04-21,131,5485,5616
711,2019-04-22,150,4712,4862
711,2019-04-23,510,7246,7756
711,2019-04-24,488,6932,7420
711,2019-04-25,465,7088,7553
711,2019-04-26,497,7776,8273
711,2019-04-27,233,6470,6703
711,2019-04-28,53,5213,5266
711,2019-04-29,459,6688,7147
711,2019-04-30,440,7678,8118
711,2019-05-01,75,5026,5101
711,2019-05-02,438,7088,7526
711,2019-05-03,478,7403,7881
711,2019-05-04,261,5941,6202
711,2019-05-05,50,5098,5148
711,2019-05-06,498,6472,6970
711,2019-05-07,525,6990,7515
711,2019-05-08,453,7577,8030
711,2019-05-09,54,4023,4077
711,2019-05-10,443,7294,7737
711,2019-05-11,300,6223,6523
711,2019-05-12,150,5439,5589
711,2019-05-13,443,6904,7347
711,2019-05-14,497,7017,7514
711,2019-05-15,490,7166,7656
711,2019-05-16,461,7290,7751
711,2019-05-17,439,7437,7876
711,2019-05-18,289,6424,6713
711,2019-05-19,55,5188,5243
711,2019-05-20,452,6991,7443
711,2019-05-21,425,6811,7236
711,2019-05-22,427,7044,7471
711,2019-05-23,430,7069,7499
711,2019-05-24,506,7574,8080
711,2019-05-25,255,6246,6501
711,2019-05-26,55,5291,5346
711,2019-05-27,436,5990,6426
711,2019-05-28,486,6442,6928
711,2019-05-29,507,7844,8351
711,2019-05-30,97,4822,4919
711,2019-05-31,339,6976,7315
711,2019-06-01,244,6021,6265
711,2019-06-02,113,5801,5914
711,2019-06-03,425,6934,7359
711,2019-06-04,437,7478,7915
711,2019-06-05,418,7234,7652
711,2019-06-06,472,7437,7909
711,2019-06-07,478,7690,8168
711,2019-06-08,387,6458,6845
711,2019-06-09,161,5405,5566
711,2019-06-10,208,4470,4678
711,2019-06-11,450,7415,7865
711,2019-06-12,473,7364,7837
711,2019-06-13,496,7300,7796
711,2019-06-14,465,7458,7923
711,2019-06-15,261,8405,8666
711,2019-06-16,60,5567,5627
711,2019-06-17,501,7031,7532
711,2019-06-18,464,7748,8212
711,2019-06-19,524,7434,7958
711,2019-06-20,453,7402,7855
711,2019-06-21,513,7625,8138
711,2019-06-22,285,6321,6606
711,2019-06-23,69,5043,5112
711,2019-06-24,445,6973,7418
711,2019-06-25,418,7067,7485
711,2019-06-26,457,7220,7677
711,2019-06-27,429,7365,7794
711,2019-06-28,501,7725,8226
711,2019-06-29,264,6836,7100
711,2019-06-30,65,5446,5511
711,2019-07-01,462,7100,7562
711,2019-07-02,444,7248,7692
711,2019-07-03,447,7394,7841
711,2019-07-04,499,7819,8318
711,2019-07-05,540,8632,9172
711,2019-07-06,258,7887,8145
711,2019-07-07,125,7544,7669
711,2019-07-08,469,7076,7545
711,2019-07-09,504,7490,7994
711,2019-07-10,444,7321,7765
711,2019-07-11,474,7267,7741
711,2019-07-12,434,7515,7949
711,2019-07-13,290,6388,6678
711,2019-07-14,76,5276,5352
711,2019-07-15,419,6617,7036
711,2019-07-16,452,6943,7395
711,2019-07-17,459,7168,7627
711,2019-07-18,441,6930,7371
711,2019-07-19,408,7334,7742
711,2019-07-20,267,6186,6453
711,2019-07-21,74,5483,5557
711,2019-07-22,522,6775,7297
711,2019-07-23,574,7058,7632
711,2019-07-24,574,7019,7593
711,2019-07-25,396,6830,7226
711,2019-07-26,377,6601,6978
711,2019-07-27,229,5244,5473
711,2019-07-28,69,4553,4622
711,2019-07-29,326,6044,6370
711,2019-07-30,323,6086,6409
711,2019-07-31,339,6091,6430
711,2019-08-01,328,5998,6326
711,2019-08-02,334,6485,6819
711,2019-08-03,241,5684,5925
711,2019-08-04,76,5100,5176
711,2019-08-05,321,5320,5641
711,2019-08-06,291,5338,5629
711,2019-08-07,291,5389,5680
711,2019-08-08,278,5385,5663
711,2019-08-09,313,5319,5632
711,2019-08-10,206,4546,4752
711,2019-08-11,70,4070,4140
711,2019-08-12,305,4787,5092
711,2019-08-13,302,5196,5498
711,2019-08-14,282,5489,5771
711,2019-08-15,70,3617,3687
711,2019-08-16,283,5307,5590
711,2019-08-17,223,4200,4423
711,2019-08-18,67,3838,3905
711,2019-08-19,323,5506,5829
711,2019-08-20,371,5471,5842
711,2019-08-21,369,5620,5989
711,2019-08-22,365,5605,5970
711,2019-08-23,363,5869,6232
711,2019-08-24,243,5180,5423
711,2019-08-25,67,4522,4589
711,2019-08-26,438,6182,6620
711,2019-08-27,439,6145,6584
711,2019-08-28,449,5993,6442
711,2019-08-29,425,5978,6403
711,2019-08-30,446,6191,6637
711,2019-08-31,238,5265,5503
711,2019-09-01,72,4498,4570
711,2019-09-02,372,5915,6287
711,2019-09-03,427,6174,6601
711,2019-09-04,439,6256,6695
711,2019-09-05,422,6124,6546
711,2019-09-06,438,6566,7004
711,2019-09-07,215,5437,5652
711,2019-09-08,44,4662,4706
711,2019-09-09,420,6210,6630
711,2019-09-10,418,6521,6939
711,2019-09-11,402,6516,6918
711,2019-09-12,436,6747,7183
711,2019-09-13,451,7179,7630
711,2019-09-14,255,6315,6570
711,2019-09-15,60,5395,5455
711,2019-09-16,427,6751,7178
711,2019-09-17,432,7168,7600
711,2019-09-18,446,7115,7561
711,2019-09-19,443,7126,7569
711,2019-09-20,507,7467,7974
711,2019-09-21,316,6781,7097
711,2019-09-22,92,5478,5570
711,2019-09-23,409,6905,7314
711,2019-09-24,481,6992,7473
711,2019-09-25,387,7043,7430
711,2019-09-26,423,6939,7362
711,2019-09-27,449,7422,7871
711,2019-09-28,342,6232,6574
711,2019-09-29,165,5045,5210
711,2019-09-30,454,6747,7201
711,2019-10-01,445,7213,7658
711,2019-10-02,400,7082,7482
711,2019-10-03,422,7182,7604
711,2019-10-04,408,7395,7803
711,2019-10-05,350,6442,6792
711,2019-10-06,122,5047,5169
711,2019-10-07,469,6685,7154
711,2019-10-08,386,6896,7282
711,2019-10-09,404,6942,7346
711,2019-10-10,424,7174,7598
711,2019-10-11,450,7408,7858
711,2019-10-12,261,6470,6731
711,2019-10-13,63,5346,5409
711,2019-10-14,429,6727,7156
711,2019-10-15,425,6871,7296
711,2019-10-16,427,6911,7338
711,2019-10-17,444,7062,7506
711,2019-10-18,444,7381,7825
711,2019-10-19,240,6109,6349
711,2019-10-20,33,4497,4530
711,2019-10-21,424,6090,6514
711,2019-10-22,407,6131,6538
711,2019-10-23,401,6149,6550
711,2019-10-24,410,6196,6606
711,2019-10-25,505,6783,7288
711,2019-10-26,232,4997,5229
711,2019-10-27,47,4515,4562
711,2019-10-28,421,6212,6633
711,2019-10-29,444,6783,7227
711,2019-10-30,470,6903,7373
711,2019-11-01,43,4486,4529
711,2019-11-02,231,5707,5938
711,2019-11-03,57,4610,4667
711,2019-11-04,440,6434,6874
711,2019-11-05,436,6733,7169
711,2019-11-06,427,6886,7313
711,2019-11-07,399,6889,7288
711,2019-11-08,497,7168,7665
711,2019-11-09,267,6217,6484
711,2019-11-10,62,4710,4772
711,2019-11-11,429,6499,6928
711,2019-11-12,430,6743,7173
711,2019-11-13,455,6768,7223
711,2019-11-14,661,8685,9346
711,2019-11-15,437,7222,7659
711,2019-11-16,245,6359,6604
711,2019-11-17,62,4647,4709
711,2019-11-18,393,6431,6824
711,2019-11-19,436,6840,7276
711,2019-11-20,451,6642,7093
711,2019-11-21,477,7688,8165
711,2019-11-22,477,7285,7762
711,2019-11-23,229,6040,6269
711,2019-11-24,54,4835,4889
711,2019-11-25,477,6494,6971
711,2019-11-26,447,6779,7226
711,2019-11-27,428,6670,7098
711,2019-11-28,407,6956,7363
711,2019-11-29,441,7234,7675
711,2019-11-30,264,6223,6487
711,2019-12-01,46,4230,4276
711,2019-12-02,441,6826,7267
711,2019-12-03,444,6623,7067
711,2019-12-04,475,6862,7337
711,2019-12-05,468,7030,7498
711,2019-12-06,409,6870,7279
711,2019-12-07,240,5875,6115
711,2019-12-08,49,4567,4616
711,2019-12-09,473,6638,7111
711,2019-12-10,488,6668,7156
711,2019-12-11,377,6725,7102
711,2019-12-12,436,6978,7414
711,2019-12-13,438,7206,7644
711,2019-12-14,207,6064,6271
711,2019-12-15,51,4897,4948
711,2019-12-16,394,6579,6973
711,2019-12-17,408,6991,7399
711,2019-12-18,426,7037,7463
711,2019-12-19,407,7232,7639
711,2019-12-20,350,7137,7487
711,2019-12-21,215,5414,5629
711,2019-12-22,33,4331,4364
711,2019-12-23,255,5839,6094
711,2019-12-24,201,5199,5400
711,2019-12-25,35,3692,3727
711,2019-12-26,43,3815,3858
711,2019-12-27,228,4769,4997
711,2019-12-28,217,4611,4828
711,2019-12-29,40,3804,3844
711,2019-12-30,231,5030,5261
711,2019-12-31,220,4964,5184
712,2019-01-01,4,2694,2698
712,2019-01-02,159,4143,4302
712,2019-01-03,165,4237,4402
712,2019-01-04,190,4583,4773
712,2019-01-05,146,3730,3876
712,2019-01-06,14,2987,3001
712,2019-01-07,249,5765,6014
712,2019-01-08,228,5614,5842
712,2019-01-09,256,5314,5570
712,2019-01-10,252,5877,6129
712,2019-01-11,247,5667,5914
712,2019-01-12,162,4076,4238
712,2019-01-13,8,3140,3148
712,2019-01-14,264,5500,5764
712,2019-01-15,270,5970,6240
712,2019-01-16,300,5989,6289
712,2019-01-17,311,5987,6298
712,2019-01-19,154,4123,4277
712,2019-01-20,14,3297,3311
712,2019-01-21,283,5649,5932
712,2019-01-22,249,5546,5795
712,2019-01-23,267,5190,5457
712,2019-01-24,247,5671,5918
712,2019-01-25,241,5562,5803
712,2019-01-26,146,4074,4220
712,2019-01-27,2,3234,3236
712,2019-01-28,264,5122,5386
712,2019-01-29,236,5602,5838
712,2019-01-30,210,4709,4919
712,2019-01-31,233,5256,5489
712,2019-02-02,168,4428,4596
712,2019-02-03,12,3244,3256
712,2019-02-04,264,5666,5930
712,2019-02-05,269,6011,6280
712,2019-02-06,257,5839,6096
712,2019-02-07,274,6061,6335
712,2019-02-08,262,5987,6249
712,2019-02-09,178,4160,4338
712,2019-02-10,10,3042,3052
712,2019-02-11,262,5635,5897
712,2019-02-12,277,5785,6062
712,2019-02-13,276,5830,6106
712,2019-02-14,272,5977,6249
712,2019-03-02,166,4653,4819
712,2019-03-03,16,3424,3440
712,2019-03-04,266,5344,5610
712,2019-03-05,252,5848,6100
712,2019-03-06,307,6453,6760
712,2019-03-07,310,6395,6705
712,2019-03-08,280,5768,6048
712,2019-03-09,175,4489,4664
712,2019-03-10,40,3221,3261
712,2019-03-11,286,6123,6409
712,2019-03-12,270,5876,6146
712,2019-03-13,268,5474,5742
712,2019-03-14,272,5666,5938
712,2019-03-16,169,4456,4625
712,2019-03-17,16,3298,3314
712,2019-03-18,283,6196,6479
712,2019-03-19,306,6237,6543
712,2019-03-20,296,6134,6430
712,2019-03-21,327,6556,6883
712,2019-03-22,307,6483,6790
712,2019-03-23,176,4919,5095
712,2019-03-24,19,4074,4093
712,2019-03-25,304,5620,5924
712,2019-03-26,310,6455,6765
712,2019-03-27,295,6244,6539
712,2019-03-28,294,6597,6891
712,2019-03-30,162,4890,5052
712,2019-04-01,345,6504,6849
712,2019-04-02,322,6623,6945
712,2019-04-03,303,6491,6794
712,2019-04-04,301,6340,6641
712,2019-04-19,295,5341,5636
712,2019-04-20,192,4625,4817
712,2019-04-21,14,3832,3846
712,2019-04-22,17,3466,3483
712,2019-04-23,363,6216,6579
712,2019-04-24,396,5943,6339
712,2019-04-25,331,6421,6752
712,2019-04-26,343,6623,6966
712,2019-04-27,174,4576,4750
712,2019-04-28,16,3574,3590
712,2019-04-29,355,6432,6787
712,2019-04-30,381,6847,7228
712,2019-05-01,33,3468,3501
712,2019-05-02,386,6261,6647
712,2019-05-03,374,6325,6699
712,2019-05-04,162,4246,4408
712,2019-05-05,10,3513,3523
712,2019-05-06,330,6308,6638
712,2019-05-07,354,6479,6833
712,2019-05-08,333,6471,6804
712,2019-05-09,8,2914,2922
712,2019-05-10,330,6394,6724
712,2019-05-11,162,4507,4669
712,2019-05-12,19,3510,3529
712,2019-05-13,351,6469,6820
712,2019-05-14,321,6486,6807
712,2019-05-15,337,6343,6680
712,2019-05-16,316,6480,6796
712,2019-05-17,380,6757,7137
712,2019-05-18,178,4723,4901
712,2019-05-19,7,3595,3602
712,2019-05-20,359,6268,6627
712,2019-05-21,328,6231,6559
712,2019-05-22,315,6435,6750
712,2019-05-23,318,6730,7048
712,2019-05-24,330,6652,6982
712,2019-05-25,184,4734,4918
712,2019-05-26,30,3979,4009
712,2019-05-27,262,5130,5392
712,2019-05-28,237,5266,5503
712,2019-05-29,282,5458,5740
712,2019-05-30,41,3160,3201
712,2019-05-31,219,5765,5984
712,2019-06-01,164,4452,4616
712,2019-06-02,10,3701,3711
712,2019-06-03,404,6403,6807
712,2019-06-04,334,6807,7141
712,2019-06-05,343,6408,6751
712,2019-06-06,346,6910,7256
712,2019-06-07,317,6521,6838
712,2019-06-08,172,4782,4954
712,2019-06-09,9,3866,3875
712,2019-06-10,18,3148,3166
712,2019-06-11,336,6498,6834
712,2019-06-12,299,6278,6577
712,2019-06-13,340,6425,6765
712,2019-06-14,339,6539,6878
712,2019-06-15,179,5513,5692
712,2019-06-16,22,3918,3940
712,2019-06-17,304,6354,6658
712,2019-06-18,348,6398,6746
712,2019-06-19,329,6055,6384
712,2019-06-20,326,6464,6790
712,2019-06-21,316,6445,6761
712,2019-06-22,202,4844,5046
712,2019-06-23,12,3441,3453
712,2019-06-24,337,6228,6565
712,2019-06-25,337,6632,6969
712,2019-06-26,309,6401,6710
712,2019-06-27,296,6536,6832
712,2019-06-28,320,6737,7057
712,2019-06-29,172,4738,4910
712,2019-06-30,18,3993,4011
712,2019-07-01,340,6612,6952
712,2019-07-02,325,6651,6976
712,2019-07-03,299,6459,6758
712,2019-07-04,324,6745,7069
712,2019-07-05,286,6810,7096
712,2019-07-06,181,4954,5135
712,2019-07-07,59,3914,3973
712,2019-07-08,351,6508,6859
712,2019-07-09,347,6606,6953
712,2019-07-10,333,6545,6878
712,2019-07-11,278,6315,6593
712,2019-07-12,314,6207,6521
712,2019-07-13,158,4773,4931
712,2019-07-14,13,3706,3719
712,2019-07-15,251,5794,6045
712,2019-07-16,304,5857,6161
712,2019-07-17,290,5872,6162
712,2019-07-18,313,5713,6026
712,2019-07-19,296,6081,6377
712,2019-07-20,165,4586,4751
712,2019-07-21,53,4135,4188
712,2019-07-22,250,5591,5841
712,2019-07-23,278,5737,6015
712,2019-07-24,278,5761,6039
712,2019-07-25,262,5360,5622
712,2019-07-26,218,5397,5615
712,2019-07-27,158,3872,4030
712,2019-07-28,10,3274,3284
712,2019-07-29,221,5244,5465
712,2019-07-30,247,5545,5792
712,2019-07-31,221,5276,5497
712,2019-08-01,241,5110,5351
712,2019-08-02,220,5354,5574
712,2019-08-03,158,4043,4201
712,2019-08-04,19,3373,3392
712,2019-08-05,209,4911,5120
712,2019-08-06,215,4954,5169
712,2019-08-07,201,4923,5124
712,2019-08-08,218,5006,5224
712,2019-08-09,209,4736,4945
712,2019-08-10,158,3794,3952
712,2019-08-11,11,3117,3128
712,2019-08-12,233,4527,4760
712,2019-08-13,221,4732,4953
712,2019-08-14,241,4701,4942
712,2019-08-15,12,2716,2728
712,2019-08-16,194,4515,4709
712,2019-08-17,176,3406,3582
712,2019-08-18,11,2783,2794
712,2019-08-19,240,4644,4884
712,2019-08-20,253,4828,5081
712,2019-08-21,253,4873,5126
712,2019-08-22,259,5048,5307
712,2019-08-23,234,4898,5132
712,2019-08-24,169,3801,3970
712,2019-08-25,24,3391,3415
712,2019-08-26,374,4974,5348
712,2019-08-27,310,5680,5990
712,2019-08-28,354,5583,5937
712,2019-08-29,262,5391,5653
712,2019-08-30,291,5716,6007
712,2019-08-31,243,4121,4364
712,2019-09-01,6,3316,3322
712,2019-09-02,293,4957,5250
712,2019-09-03,272,5098,5370
712,2019-09-04,280,5172,5452
712,2019-09-05,277,5174,5451
712,2019-09-06,300,5261,5561
712,2019-09-07,180,3934,4114
712,2019-09-08,14,3013,3027
712,2019-09-09,254,5405,5659
712,2019-09-10,290,5538,5828
712,2019-09-11,269,5521,5790
712,2019-09-12,278,5415,5693
712,2019-09-13,303,5776,6079
712,2019-09-14,215,4716,4931
712,2019-09-15,21,4152,4173
712,2019-09-16,332,5966,6298
712,2019-09-17,310,6172,6482
712,2019-09-18,322,6454,6776
712,2019-09-19,348,6397,6745
712,2019-09-20,426,6412,6838
712,2019-09-21,218,4818,5036
712,2019-09-22,36,3796,3832
712,2019-09-23,353,6419,6772
712,2019-09-24,321,6398,6719
712,2019-09-25,342,6241,6583
712,2019-09-26,337,6510,6847
712,2019-09-27,360,6453,6813
712,2019-09-28,187,4637,4824
712,2019-09-29,27,3521,3548
712,2019-09-30,328,6728,7056
712,2019-10-01,320,6723,7043
712,2019-10-02,323,6831,7154
712,2019-10-03,343,6851,7194
712,2019-10-04,352,6448,6800
712,2019-10-05,203,4603,4806
712,2019-10-06,23,3439,3462
712,2019-10-07,329,6364,6693
712,2019-10-08,272,6520,6792
712,2019-10-09,294,6563,6857
712,2019-10-10,301,6624,6925
712,2019-10-11,346,6341,6687
712,2019-10-12,250,4549,4799
712,2019-10-13,29,3709,3738
712,2019-10-14,442,6492,6934
712,2019-10-15,325,6516,6841
712,2019-10-16,288,6416,6704
712,2019-10-17,333,6372,6705
712,2019-10-18,355,6577,6932
712,2019-10-19,201,4627,4828
712,2019-10-20,25,3363,3388
712,2019-10-21,361,6291,6652
712,2019-10-22,423,6669,7092
712,2019-10-23,406,6584,6990
712,2019-10-24,375,6709,7084
712,2019-10-25,402,6947,7349
712,2019-10-26,295,5936,6231
712,2019-10-27,23,3449,3472
712,2019-10-28,338,5487,5825
712,2019-10-29,345,5762,6107
712,2019-10-30,362,5770,6132
712,2019-11-01,21,3257,3278
712,2019-11-02,201,4264,4465
712,2019-11-03,21,3468,3489
712,2019-11-04,363,6460,6823
712,2019-11-05,330,6472,6802
712,2019-11-06,349,6365,6714
712,2019-11-07,326,6641,6967
712,2019-11-08,423,6421,6844
712,2019-11-09,209,4583,4792
712,2019-11-10,30,3469,3499
712,2019-11-11,347,6153,6500
712,2019-11-12,310,6408,6718
712,2019-11-13,339,6238,6577
712,2019-11-14,396,6610,7006
712,2019-11-15,335,6556,6891
712,2019-11-16,210,4433,4643
712,2019-11-17,42,3274,3316
712,2019-11-18,294,6190,6484
712,2019-11-19,288,6427,6715
712,2019-11-20,316,6116,6432
712,2019-11-21,319,6399,6718
712,2019-11-22,331,6630,6961
712,2019-11-23,208,4581,4789
712,2019-11-24,22,3277,3299
712,2019-11-25,369,6268,6637
712,2019-11-26,299,6392,6691
712,2019-11-27,318,6315,6633
712,2019-11-28,295,6368,6663
712,2019-11-29,329,6417,6746
712,2019-11-30,213,4704,4917
712,2019-12-01,13,3154,3167
712,2019-12-02,360,5914,6274
712,2019-12-03,384,6170,6554
712,2019-12-04,377,6145,6522
712,2019-12-05,336,6476,6812
712,2019-12-06,333,5833,6166
712,2019-12-07,206,4392,4598
712,2019-12-08,22,3291,3313
712,2019-12-09,297,6234,6531
712,2019-12-10,295,6337,6632
712,2019-12-11,308,6257,6565
712,2019-12-12,342,6513,6855
712,2019-12-13,290,6288,6578
712,2019-12-14,198,4476,4674
712,2019-12-15,20,3962,3982
712,2019-12-16,337,6171,6508
712,2019-12-17,331,6663,6994
712,2019-12-18,311,6567,6878
712,2019-12-19,316,6409,6725
712,2019-12-20,262,6126,6388
712,2019-12-21,194,4395,4589
712,2019-12-22,17,3321,3338
712,2019-12-23,192,5043,5235
712,2019-12-24,169,4512,4681
712,2019-12-25,5,3067,3072
712,2019-12-26,8,2692,2700
712,2019-12-27,187,4275,4462
712,2019-12-28,199,3601,3800
712,2019-12-29,22,3005,3027
712,2019-12-30,203,4428,4631
712,2019-12-31,181,4143,4324
715,2019-01-01,91,8426,8517
715,2019-01-02,494,16286,16780
715,2019-01-03,524,17092,17616
715,2019-01-04,559,17630,18189
715,2019-01-05,432,15452,15884
715,2019-01-06,96,10338,10434
715,2019-01-07,672,18298,18970
715,2019-01-08,690,19083,19773
715,2019-01-09,716,19153,19869
715,2019-01-10,710,19622,20332
715,2019-01-11,699,19874,20573
715,2019-01-12,392,17088,17480
715,2019-01-13,84,11295,11379
715,2019-01-14,832,19338,20170
715,2019-01-15,775,19804,20579
715,2019-01-16,805,19499,20304
715,2019-01-18,786,20622,21408
715,2019-01-19,397,17841,18238
715,2019-01-20,91,12100,12191
715,2019-01-21,781,19200,19981
715,2019-01-22,791,19759,20550
715,2019-01-23,820,19961,20781
715,2019-01-24,780,20087,20867
715,2019-01-25,762,20795,21557
715,2019-01-26,390,17706,18096
715,2019-01-27,101,12145,12246
715,2019-01-28,776,18758,19534
715,2019-01-29,906,19743,20649
715,2019-01-30,719,17908,18627
715,2019-02-01,857,21308,22165
715,2019-02-02,584,20364,20948
715,2019-02-03,220,13577,13797
715,2019-02-04,902,19425,20327
715,2019-02-05,885,20164,21049
715,2019-02-06,940,20032,20972
715,2019-02-07,843,20196,21039
715,2019-02-08,878,21530,22408
715,2019-02-09,426,15534,15960
715,2019-02-11,947,19500,20447
715,2019-02-12,907,20119,21026
715,2019-02-13,932,20133,21065
715,2019-02-15,872,21199,22071
715,2019-02-16,541,17120,17661
715,2019-02-17,205,12159,12364
715,2019-02-18,838,17673,18511
715,2019-02-19,835,17765,18600
715,2019-02-20,844,17879,18723
715,2019-02-21,1048,20400,21448
715,2019-02-22,771,19078,19849
715,2019-02-23,541,17142,17683
715,2019-02-24,208,12900,13108
715,2019-02-25,966,19173,20139
715,2019-02-26,922,20024,20946
715,2019-02-27,942,20028,20970
715,2019-03-01,934,21190,22124
715,2019-03-02,591,17769,18360
715,2019-03-03,476,10977,11453
715,2019-03-04,628,14912,15540
715,2019-03-05,868,19164,20032
715,2019-03-06,1058,21318,22376
715,2019-03-07,939,19892,20831
715,2019-03-08,933,20486,21419
715,2019-03-09,551,18223,18774
715,2019-03-10,192,12010,12202
715,2019-03-11,932,18743,19675
715,2019-03-12,967,19912,20879
715,2019-03-13,1282,21622,22904
715,2019-03-15,812,20625,21437
715,2019-03-16,511,18190,18701
715,2019-03-17,198,11874,12072
715,2019-03-18,993,18894,19887
715,2019-03-19,973,19836,20809
715,2019-03-20,1034,19392,20426
716,2019-01-01,94,6010,6104
716,2019-01-02,433,10461,10894
716,2019-01-03,430,11108,11538
716,2019-01-04,424,11433,11857
716,2019-01-05,446,10042,10488
716,2019-01-06,106,6640,6746
716,2019-01-07,638,12128,12766
716,2019-01-08,562,12581,13143
716,2019-01-09,556,12469,13025
716,2019-01-10,558,13421,13979
716,2019-01-11,548,13078,13626
716,2019-01-12,462,11124,11586
716,2019-01-13,120,7594,7714
716,2019-01-14,588,12787,13375
716,2019-01-15,642,12931,13573
716,2019-01-16,640,12767,13407
716,2019-01-18,594,13582,14176
716,2019-01-19,397,11119,11516
716,2019-01-20,114,8058,8172
716,2019-01-21,624,12707,13331
716,2019-01-22,593,12728,13321
716,2019-01-23,662,13103,13765
716,2019-01-24,587,13189,13776
716,2019-01-25,690,13638,14328
716,2019-01-26,446,11784,12230
716,2019-01-27,114,8022,8136
716,2019-01-28,672,12502,13174
716,2019-01-29,582,13030,13612
716,2019-01-30,534,11725,12259
716,2019-02-01,532,13632,14164
716,2019-02-02,384,11215,11599
716,2019-02-03,116,8324,8440
716,2019-02-04,615,12683,13298
716,2019-02-05,602,12887,13489
716,2019-02-06,602,12819,13421
716,2019-02-07,678,13404,14082
716,2019-02-08,623,13721,14344
716,2019-02-09,460,11634,12094
716,2019-02-10,106,7406,7512
716,2019-02-11,623,12810,13433
716,2019-02-12,578,12989,13567
716,2019-02-13,603,13003,13606
716,2019-02-15,624,13805,14429
716,2019-02-16,403,10822,11225
716,2019-02-17,111,7985,8096
716,2019-02-18,562,12567,13129
716,2019-02-19,526,12387,12913
716,2019-02-20,551,12246,12797
716,2019-02-21,557,12613,13170
716,2019-02-22,538,12975,13513
716,2019-02-23,447,11558,12005
716,2019-02-24,129,8819,8948
716,2019-02-25,649,13117,13766
716,2019-02-26,625,13710,14335
716,2019-02-27,678,13731,14409
716,2019-03-01,744,14438,15182
716,2019-03-02,605,12441,13046
716,2019-03-03,314,7718,8032
716,2019-03-04,694,12224,12918
716,2019-03-05,660,12600,13260
716,2019-03-06,612,12453,13065
716,2019-03-07,674,12548,13222
716,2019-03-08,700,13114,13814
716,2019-03-09,480,11664,12144
716,2019-03-10,114,7524,7638
716,2019-03-11,624,12658,13282
716,2019-03-12,653,13238,13891
716,2019-03-13,696,12946,13642
716,2019-03-15,714,13878,14592
716,2019-03-16,430,12268,12698
716,2019-03-17,126,7800,7926
716,2019-03-18,635,12699,13334
716,2019-03-19,646,13324,13970
716,2019-03-20,606,13022,13628
716,2019-03-21,641,13053,13694
716,2019-03-22,615,13428,14043
716,2019-03-23,588,11631,12219
716,2019-03-24,265,8721,8986
716,2019-03-25,654,12175,12829
716,2019-03-26,638,12518,13156
716,2019-03-27,627,12622,13249
716,2019-03-29,656,13285,13941
716,2019-03-30,579,12155,12734
716,2019-04-01,626,12337,12963
716,2019-04-02,696,12546,13242
716,2019-04-03,716,12082,12798
716,2019-04-05,652,13038,13690
716,2019-04-06,609,11246,11855
716,2019-04-07,324,8296,8620
716,2019-04-08,701,11877,12578
716,2019-04-09,755,11732,12487
716,2019-04-10,651,11135,11786
716,2019-04-19,978,12132,13110
716,2019-04-20,596,10942,11538
716,2019-04-21,255,8209,8464
716,2019-04-22,236,7057,7293
716,2019-04-23,831,11829,12660
716,2019-04-24,879,11542,12421
716,2019-04-25,832,12252,13084
716,2019-04-26,840,13326,14166
716,2019-04-27,564,11476,12040
716,2019-04-28,253,9241,9494
716,2019-04-29,854,11639,12493
716,2019-04-30,1053,12958,14011
716,2019-05-01,144,7398,7542
716,2019-05-02,959,12234,13193
716,2019-05-03,948,12799,13747
716,2019-05-04,414,10472,10886
716,2019-05-05,127,7746,7873
716,2019-05-06,877,11703,12580
716,2019-05-07,992,12337,13329
716,2019-05-08,967,13134,14101
716,2019-05-09,155,6792,6947
716,2019-05-10,885,13073,13958
716,2019-05-11,534,11003,11537
716,2019-05-12,275,8056,8331
716,2019-05-13,851,12137,12988
716,2019-05-14,842,12739,13581
716,2019-05-15,855,12278,13133
716,2019-05-16,823,12405,13228
716,2019-05-17,830,12508,13338
716,2019-05-18,458,11435,11893
716,2019-05-19,144,8498,8642
716,2019-05-20,803,11972,12775
716,2019-05-21,844,12471,13315
716,2019-05-22,877,12238,13115
716,2019-05-23,891,12748,13639
716,2019-05-24,893,13349,14242
716,2019-05-25,652,11114,11766
716,2019-05-26,288,8220,8508
716,2019-05-27,986,11467,12453
716,2019-05-28,900,11687,12587
716,2019-05-29,957,12850,13807
716,2019-05-30,268,7230,7498
716,2019-05-31,788,12900,13688
716,2019-06-01,612,10739,11351
716,2019-06-02,308,8627,8935
716,2019-06-03,853,12337,13190
716,2019-06-04,809,12727,13536
716,2019-06-05,860,12521,13381
716,2019-06-06,918,13565,14483
716,2019-06-07,829,13505,14334
716,2019-06-08,674,11636,12310
716,2019-06-09,238,6004,6242
716,2019-06-12,635,9856,10491
716,2019-06-13,844,12746,13590
716,2019-06-14,794,13003,13797
716,2019-06-15,605,11361,11966
716,2019-06-16,318,8719,9037
716,2019-06-17,820,11906,12726
716,2019-06-18,815,12334,13149
716,2019-06-19,817,12357,13174
716,2019-06-20,747,12689,13436
716,2019-06-21,765,13010,13775
716,2019-06-22,448,10554,11002
716,2019-06-23,133,7493,7626
716,2019-06-24,813,11733,12546
716,2019-06-25,825,12766,13591
716,2019-06-26,879,12464,13343
716,2019-06-27,846,12920,13766
716,2019-06-28,845,13685,14530
716,2019-06-29,446,11719,12165
716,2019-06-30,161,8693,8854
716,2019-07-01,969,13126,14095
716,2019-07-02,865,12739,13604
716,2019-07-03,906,12769,13675
716,2019-07-04,874,13369,14243
716,2019-07-05,868,13587,14455
716,2019-07-06,500,11662,12162
716,2019-07-07,215,9515,9730
716,2019-07-08,889,12413,13302
716,2019-07-09,879,13029,13908
716,2019-07-10,798,12703,13501
716,2019-07-11,789,13085,13874
716,2019-07-12,796,13131,13927
716,2019-07-13,443,11223,11666
716,2019-07-14,147,8492,8639
716,2019-07-15,816,12355,13171
716,2019-07-16,792,12802,13594
716,2019-07-17,835,12334,13169
716,2019-07-18,844,12301,13145
716,2019-07-19,944,12638,13582
716,2019-07-20,544,10921,11465
716,2019-07-21,134,8832,8966
716,2019-07-22,986,11905,12891
716,2019-07-23,976,12299,13275
716,2019-07-24,971,12118,13089
716,2019-07-25,649,12109,12758
716,2019-07-26,580,12000,12580
716,2019-07-27,402,9783,10185
716,2019-07-28,154,7532,7686
716,2019-07-29,554,11229,11783
716,2019-07-30,543,11432,11975
716,2019-07-31,573,11425,11998
716,2019-08-01,576,11341,11917
716,2019-08-02,609,11683,12292
716,2019-08-03,440,9612,10052
716,2019-08-04,150,7450,7600
716,2019-08-05,546,10397,10943
716,2019-08-06,577,10664,11241
716,2019-08-07,519,10703,11222
716,2019-08-08,536,10781,11317
716,2019-08-09,517,10619,11136
716,2019-08-10,418,9192,9610
716,2019-08-11,123,7224,7347
716,2019-08-12,540,10113,10653
716,2019-08-13,563,10646,11209
716,2019-08-14,620,11804,12424
716,2019-08-15,140,5815,5955
716,2019-08-16,525,10442,10967
716,2019-08-17,396,8400,8796
716,2019-08-18,154,6212,6366
716,2019-08-19,751,10721,11472
716,2019-08-20,727,10562,11289
716,2019-08-21,764,10551,11315
716,2019-08-22,788,10829,11617
716,2019-08-23,700,11074,11774
716,2019-08-24,593,9701,10294
716,2019-08-25,322,7593,7915
716,2019-08-26,1088,10669,11757
716,2019-08-27,1103,9610,10713
716,2019-08-28,1042,10008,11050
716,2019-08-29,1091,10720,11811
716,2019-08-30,1028,11151,12179
716,2019-08-31,593,10489,11082
716,2019-09-01,297,7973,8270
716,2019-09-02,967,10865,11832
716,2019-09-03,1080,11511,12591
716,2019-09-04,949,11261,12210
716,2019-09-05,983,11317,12300
716,2019-09-06,971,11775,12746
716,2019-09-07,606,9690,10296
716,2019-09-08,294,7498,7792
716,2019-09-09,1072,11565,12637
716,2019-09-10,1067,11651,12718
716,2019-09-11,1076,11694,12770
716,2019-09-12,1026,12069,13095
716,2019-09-13,1037,12857,13894
716,2019-09-14,633,11108,11741
716,2019-09-15,308,9095,9403
716,2019-09-16,976,12317,13293
716,2019-09-17,924,12754,13678
716,2019-09-18,805,12531,13336
716,2019-09-19,805,12441,13246
716,2019-09-20,811,12947,13758
716,2019-09-21,497,11499,11996
716,2019-09-22,174,8328,8502
716,2019-09-23,761,12143,12904
716,2019-09-24,745,12397,13142
716,2019-09-25,736,12131,12867
716,2019-09-26,731,12732,13463
716,2019-09-27,826,12448,13274
716,2019-09-28,581,10951,11532
716,2019-09-29,244,7927,8171
716,2019-09-30,979,12417,13396
716,2019-10-01,803,12326,13129
716,2019-10-02,738,12382,13120
716,2019-10-03,768,13022,13790
716,2019-10-04,725,12601,13326
716,2019-10-05,633,11599,12232
716,2019-10-06,257,7934,8191
716,2019-10-07,817,12043,12860
716,2019-10-08,765,12274,13039
716,2019-10-09,703,11634,12337
716,2019-10-10,817,11821,12638
716,2019-10-11,830,12656,13486
716,2019-10-12,560,10952,11512
716,2019-10-13,297,8567,8864
716,2019-10-14,824,12037,12861
716,2019-10-15,793,12443,13236
716,2019-10-16,752,12244,12996
716,2019-10-17,774,12505,13279
716,2019-10-18,809,13241,14050
716,2019-10-19,416,11222,11638
716,2019-10-20,111,7335,7446
716,2019-10-21,832,12440,13272
716,2019-10-22,812,12909,13721
716,2019-10-23,828,12980,13808
716,2019-10-24,850,13389,14239
716,2019-10-25,947,14106,15053
716,2019-10-26,940,14741,15681
716,2019-10-27,290,8370,8660
716,2019-10-28,1004,12482,13486
716,2019-10-29,992,12105,13097
716,2019-10-30,1017,12335,13352
716,2019-11-01,291,7442,7733
716,2019-11-02,618,11211,11829
716,2019-11-03,281,7604,7885
716,2019-11-04,828,12679,13507
716,2019-11-05,806,12999,13805
716,2019-11-06,862,12847,13709
716,2019-11-07,788,13339,14127
716,2019-11-08,867,13752,14619
716,2019-11-09,489,11609,12098
716,2019-11-10,133,7975,8108
716,2019-11-11,731,12191,12922
716,2019-11-12,755,12455,13210
716,2019-11-13,820,12139,12959
716,2019-11-14,752,13018,13770
716,2019-11-15,799,13177,13976
716,2019-11-16,459,11366,11825
716,2019-11-17,129,7569,7698
716,2019-11-18,798,11854,12652
716,2019-11-19,825,12650,13475
716,2019-11-20,837,12246,13083
716,2019-11-21,853,13201,14054
716,2019-11-22,887,13033,13920
716,2019-11-23,467,11353,11820
716,2019-11-24,134,8167,8301
716,2019-11-25,771,12103,12874
716,2019-11-26,814,12722,13536
716,2019-11-27,844,12469,13313
716,2019-11-28,822,13058,13880
716,2019-11-29,875,13630,14505
716,2019-11-30,531,11252,11783
716,2019-12-01,193,7558,7751
716,2019-12-02,828,12456,13284
716,2019-12-03,816,12527,13343
716,2019-12-04,783,12644,13427
716,2019-12-05,745,13274,14019
716,2019-12-06,859,12999,13858
716,2019-12-07,507,11089,11596
716,2019-12-08,188,7565,7753
716,2019-12-09,783,11818,12601
716,2019-12-10,778,12656,13434
716,2019-12-11,813,12429,13242
716,2019-12-12,806,12884,13690
716,2019-12-13,710,13356,14066
716,2019-12-14,419,10964,11383
716,2019-12-15,116,8071,8187
716,2019-12-16,737,12574,13311
716,2019-12-17,761,13279,14040
716,2019-12-18,822,12992,13814
716,2019-12-19,731,13444,14175
716,2019-12-20,636,13721,14357
716,2019-12-21,422,10925,11347
716,2019-12-22,107,8043,8150
716,2019-12-23,479,12892,13371
716,2019-12-24,418,10571,10989
716,2019-12-25,96,5935,6031
716,2019-12-26,111,6054,6165
716,2019-12-27,477,10599,11076
716,2019-12-28,409,9465,9874
716,2019-12-29,113,6930,7043
716,2019-12-30,470,11317,11787
716,2019-12-31,452,9796,10248
724,2019-01-01,27,2880,2907
724,2019-01-02,235,4783,5018
724,2019-01-03,248,4970,5218
724,2019-01-04,242,5393,5635
724,2019-01-05,208,4485,4693
724,2019-01-06,41,3699,3740
724,2019-01-07,287,6029,6316
724,2019-01-08,304,6313,6617
724,2019-01-09,289,6242,6531
724,2019-01-10,350,6424,6774
724,2019-01-11,350,6636,6986
724,2019-01-12,211,4910,5121
724,2019-01-13,40,3808,3848
724,2019-01-14,456,6548,7004
724,2019-01-15,497,6778,7275
724,2019-01-16,526,6862,7388
724,2019-01-17,553,6746,7299
724,2019-01-18,480,7025,7505
724,2019-01-19,232,5305,5537
724,2019-01-20,44,4024,4068
724,2019-01-21,442,6602,7044
724,2019-01-22,506,6357,6863
724,2019-01-23,532,6419,6951
724,2019-01-24,537,6765,7302
724,2019-01-25,507,6921,7428
724,2019-01-26,199,5218,5417
724,2019-01-27,32,4030,4062
724,2019-01-28,407,6380,6787
724,2019-01-29,485,6709,7194
724,2019-01-30,305,5491,5796
724,2019-01-31,270,6036,6306
724,2019-02-01,303,6490,6793
724,2019-02-02,194,5103,5297
724,2019-02-03,34,4259,4293
724,2019-02-04,413,6588,7001
724,2019-02-05,419,6708,7127
724,2019-02-06,507,6777,7284
724,2019-02-07,502,6843,7345
724,2019-02-08,593,7060,7653
724,2019-02-09,198,5388,5586
724,2019-02-10,48,4029,4077
724,2019-02-11,595,6811,7406
724,2019-02-12,593,6871,7464
724,2019-02-13,506,6940,7446
724,2019-02-14,542,7360,7902
724,2019-02-15,570,7462,8032
724,2019-02-16,218,5256,5474
724,2019-02-17,40,4693,4733
724,2019-02-18,543,6014,6557
724,2019-02-19,545,6214,6759
724,2019-02-20,497,6368,6865
724,2019-02-21,471,6579,7050
724,2019-02-22,510,6756,7266
724,2019-02-23,239,5277,5516
724,2019-02-24,42,4805,4847
724,2019-02-25,604,6961,7565
724,2019-02-26,631,7337,7968
724,2019-02-27,629,7385,8014
724,2019-02-28,642,7487,8129
724,2019-03-01,599,7435,8034
724,2019-03-02,253,5734,5987
724,2019-03-03,78,5209,5287
724,2019-03-04,334,6087,6421
724,2019-03-05,500,7073,7573
724,2019-03-06,552,7024,7576
724,2019-03-07,518,7546,8064
724,2019-03-08,526,7649,8175
724,2019-03-09,224,5891,6115
724,2019-03-10,46,3983,4029
724,2019-03-11,574,6897,7471
724,2019-03-12,616,7675,8291
724,2019-03-13,605,7261,7866
724,2019-03-14,604,7360,7964
724,2019-03-15,458,7400,7858
724,2019-03-16,225,5599,5824
724,2019-03-17,40,4451,4491
724,2019-03-18,548,7545,8093
724,2019-03-19,584,8085,8669
724,2019-03-20,631,7924,8555
724,2019-03-21,633,8169,8802
724,2019-03-22,547,8268,8815
724,2019-03-23,274,6529,6803
724,2019-03-24,44,5093,5137
724,2019-03-25,582,7461,8043
724,2019-03-26,651,7709,8360
724,2019-03-27,636,7708,8344
724,2019-03-28,642,7908,8550
724,2019-03-29,566,8157,8723
724,2019-03-30,261,6882,7143
724,2019-04-01,539,7420,7959
724,2019-04-02,623,7640,8263
724,2019-04-03,552,7726,8278
724,2019-04-04,503,7907,8410
724,2019-04-05,625,8037,8662
724,2019-04-06,274,6031,6305
724,2019-04-07,74,5056,5130
724,2019-04-08,511,7170,7681
724,2019-04-09,445,7030,7475
724,2019-04-10,410,7016,7426
724,2019-04-11,477,7108,7585
724,2019-04-12,497,7729,8226
724,2019-04-13,238,5558,5796
724,2019-04-14,64,4492,4556
724,2019-04-15,500,6922,7422
724,2019-04-16,501,7407,7908
724,2019-04-17,477,7193,7670
724,2019-04-18,542,7624,8166
724,2019-04-19,548,7748,8296
724,2019-04-20,243,5962,6205
724,2019-04-21,60,5144,5204
724,2019-04-22,79,5256,5335
724,2019-04-23,601,7462,8063
724,2019-04-24,611,7391,8002
724,2019-04-25,632,7487,8119
724,2019-04-26,558,8085,8643
724,2019-04-27,285,6226,6511
724,2019-04-28,68,5332,5400
724,2019-04-29,593,7190,7783
724,2019-04-30,611,8034,8645
724,2019-05-01,104,5240,5344
724,2019-05-02,599,7623,8222
724,2019-05-03,631,7937,8568
724,2019-05-04,281,5736,6017
724,2019-05-05,67,4955,5022
724,2019-05-06,619,7235,7854
724,2019-05-07,570,7505,8075
724,2019-05-08,573,7820,8393
724,2019-05-09,73,4000,4073
724,2019-05-10,404,7269,7673
724,2019-05-11,210,5515,5725
724,2019-05-12,64,5463,5527
724,2019-05-13,591,7387,7978
724,2019-05-14,592,7570,8162
724,2019-05-15,670,7757,8427
724,2019-05-16,657,7984,8641
724,2019-05-17,567,7870,8437
724,2019-05-18,285,6285,6570
724,2019-05-19,70,5090,5160
724,2019-05-20,544,7474,8018
724,2019-05-21,608,7779,8387
724,2019-05-22,581,7595,8176
724,2019-05-23,520,7722,8242
724,2019-05-24,618,7892,8510
724,2019-05-25,360,6112,6472
724,2019-05-26,61,5047,5108
724,2019-05-27,593,6514,7107
724,2019-05-28,604,6722,7326
724,2019-05-29,655,7454,8109
724,2019-05-30,101,4688,4789
724,2019-05-31,411,7377,7788
724,2019-06-01,283,6205,6488
724,2019-06-02,131,5651,5782
724,2019-06-03,620,7332,7952
724,2019-06-04,600,7850,8450
724,2019-06-05,606,7788,8394
724,2019-06-06,601,7685,8286
724,2019-06-07,587,7885,8472
724,2019-06-08,283,6493,6776
724,2019-06-09,69,5840,5909
724,2019-06-10,91,4484,4575
724,2019-06-11,564,7675,8239
724,2019-06-12,626,7585,8211
724,2019-06-13,622,7422,8044
724,2019-06-14,630,7951,8581
724,2019-06-15,319,6712,7031
724,2019-06-16,79,5880,5959
724,2019-06-17,625,7587,8212
724,2019-06-18,698,7672,8370
724,2019-06-19,626,7571,8197
724,2019-06-20,628,7885,8513
724,2019-06-21,613,7975,8588
724,2019-06-22,321,5958,6279
724,2019-06-23,90,5240,5330
724,2019-06-24,581,7062,7643
724,2019-06-25,630,7527,8157
724,2019-06-26,585,7474,8059
724,2019-06-27,668,7748,8416
724,2019-06-28,640,8040,8680
724,2019-06-29,304,6854,7158
724,2019-06-30,73,5344,5417
724,2019-07-01,543,7496,8039
724,2019-07-02,588,7554,8142
724,2019-07-03,624,7734,8358
724,2019-07-04,601,7888,8489
724,2019-07-05,581,8227,8808
724,2019-07-06,316,6920,7236
724,2019-07-07,90,5781,5871
724,2019-07-08,610,7542,8152
724,2019-07-09,629,7575,8204
724,2019-07-10,647,7691,8338
724,2019-07-11,666,7526,8192
724,2019-07-12,580,7884,8464
724,2019-07-13,282,6323,6605
724,2019-07-14,93,5473,5566
724,2019-07-15,581,7293,7874
724,2019-07-16,583,7804,8387
724,2019-07-17,600,7958,8558
724,2019-07-18,594,7790,8384
724,2019-07-19,524,7776,8300
724,2019-07-20,285,6410,6695
724,2019-07-21,76,6125,6201
724,2019-07-22,572,7193,7765
724,2019-07-23,547,7511,8058
724,2019-07-24,471,7246,7717
724,2019-07-25,459,7100,7559
724,2019-07-26,360,6752,7112
724,2019-07-27,219,5198,5417
724,2019-07-28,87,4626,4713
724,2019-07-29,300,6273,6573
724,2019-07-30,309,6241,6550
724,2019-07-31,322,6415,6737
724,2019-08-01,366,6090,6456
724,2019-08-02,325,6146,6471
724,2019-08-03,260,5130,5390
724,2019-08-04,76,4705,4781
724,2019-08-05,310,5346,5656
724,2019-08-06,298,5544,5842
724,2019-08-07,297,5542,5839
724,2019-08-08,312,5525,5837
724,2019-08-09,299,5391,5690
724,2019-08-10,249,4312,4561
724,2019-08-11,101,4395,4496
724,2019-08-12,318,5072,5390
724,2019-08-13,304,5526,5830
724,2019-08-14,328,5608,5936
724,2019-08-15,78,3701,3779
724,2019-08-16,298,5232,5530
724,2019-08-17,230,4085,4315
724,2019-08-18,62,3690,3752
724,2019-08-19,386,5601,5987
724,2019-08-20,437,5949,6386
724,2019-08-21,453,6167,6620
724,2019-08-22,477,5987,6464
724,2019-08-23,505,6476,6981
724,2019-08-24,248,5953,6201
724,2019-08-25,90,5427,5517
724,2019-08-26,516,6437,6953
724,2019-08-27,595,6995,7590
724,2019-08-28,610,7030,7640
724,2019-08-29,625,7069,7694
724,2019-08-30,607,7307,7914
724,2019-08-31,249,5587,5836
724,2019-09-01,80,5076,5156
724,2019-09-02,609,6372,6981
724,2019-09-03,645,6677,7322
724,2019-09-04,559,6632,7191
724,2019-09-05,564,6764,7328
724,2019-09-06,525,6953,7478
724,2019-09-07,250,5037,5287
724,2019-09-08,65,4332,4397
724,2019-09-09,568,6727,7295
724,2019-09-10,613,7146,7759
724,2019-09-11,552,7194,7746
724,2019-09-12,529,7221,7750
724,2019-09-13,554,7473,8027
724,2019-09-14,288,6023,6311
724,2019-09-15,64,5442,5506
724,2019-09-16,491,7122,7613
724,2019-09-17,515,7587,8102
724,2019-09-18,560,7334,7894
724,2019-09-19,553,7433,7986
724,2019-09-20,560,7759,8319
724,2019-09-21,314,6937,7251
724,2019-09-22,87,5523,5610
724,2019-09-23,509,7030,7539
724,2019-09-24,596,7336,7932
724,2019-09-25,521,7330,7851
724,2019-09-26,531,7521,8052
724,2019-09-27,501,7668,8169
724,2019-09-28,236,5914,6150
724,2019-09-29,57,4479,4536
724,2019-09-30,511,6997,7508
724,2019-10-01,536,7396,7932
724,2019-10-02,612,7338,7950
724,2019-10-03,526,7399,7925
724,2019-10-04,522,7491,8013
724,2019-10-05,234,5901,6135
724,2019-10-06,42,4455,4497
724,2019-10-07,591,6967,7558
724,2019-10-08,518,6976,7494
724,2019-10-09,509,7024,7533
724,2019-10-10,526,7200,7726
724,2019-10-11,543,7424,7967
724,2019-10-12,302,5839,6141
724,2019-10-13,63,5397,5460
724,2019-10-14,554,7085,7639
724,2019-10-15,538,7345,7883
724,2019-10-16,548,7382,7930
724,2019-10-17,537,7478,8015
724,2019-10-18,498,7688,8186
724,2019-10-19,255,5566,5821
724,2019-10-20,45,4188,4233
724,2019-10-21,555,6651,7206
724,2019-10-22,527,6904,7431
724,2019-10-23,637,6788,7425
724,2019-10-24,503,7087,7590
724,2019-10-25,499,7321,7820
724,2019-10-26,309,5943,6252
724,2019-10-27,43,4330,4373
724,2019-10-28,493,6319,6812
724,2019-10-29,498,6721,7219
724,2019-10-30,462,6975,7437
724,2019-11-01,47,4286,4333
724,2019-11-02,199,5079,5278
724,2019-11-03,53,3983,4036
724,2019-11-04,472,6948,7420
724,2019-11-05,597,7155,7752
724,2019-11-06,567,7109,7676
724,2019-11-07,557,7225,7782
724,2019-11-08,535,7419,7954
724,2019-11-09,253,5789,6042
724,2019-11-10,60,4454,4514
724,2019-11-11,502,6794,7296
724,2019-11-12,562,6927,7489
724,2019-11-13,607,6975,7582
724,2019-11-14,568,7449,8017
724,2019-11-15,548,7364,7912
724,2019-11-16,255,5463,5718
724,2019-11-17,35,4152,4187
724,2019-11-18,478,6615,7093
724,2019-11-19,537,6859,7396
724,2019-11-20,554,6844,7398
724,2019-11-21,532,7262,7794
724,2019-11-22,571,7267,7838
724,2019-11-23,265,5435,5700
724,2019-11-24,38,4552,4590
724,2019-11-25,555,6657,7212
724,2019-11-26,540,6960,7500
724,2019-11-27,592,6807,7399
724,2019-11-28,525,6881,7406
724,2019-11-29,554,7392,7946
724,2019-11-30,210,5387,5597
724,2019-12-01,40,3646,3686
724,2019-12-02,563,6995,7558
724,2019-12-03,558,6849,7407
724,2019-12-04,596,7194,7790
724,2019-12-05,562,7062,7624
724,2019-12-06,489,6729,7218
724,2019-12-07,244,5461,5705
724,2019-12-08,37,4144,4181
724,2019-12-09,495,6799,7294
724,2019-12-10,571,6726,7297
724,2019-12-11,566,7039,7605
724,2019-12-12,558,7162,7720
724,2019-12-13,464,7305,7769
724,2019-12-14,207,5509,5716
724,2019-12-15,39,4359,4398
724,2019-12-16,456,6778,7234
724,2019-12-17,575,7037,7612
724,2019-12-18,554,7093,7647
724,2019-12-19,465,7405,7870
724,2019-12-20,334,7308,7642
724,2019-12-21,227,5068,5295
724,2019-12-22,41,3670,3711
724,2019-12-23,239,5524,5763
724,2019-12-24,192,4849,5041
724,2019-12-25,27,3263,3290
724,2019-12-26,40,3158,3198
724,2019-12-27,223,4640,4863
724,2019-12-28,195,4447,4642
724,2019-12-29,38,3503,3541
724,2019-12-30,208,4726,4934
724,2019-12-31,213,4478,4691
805,2019-01-01,23,1599,1622
805,2019-01-02,241,4336,4577
805,2019-01-03,243,4817,5060
805,2019-01-04,246,5014,5260
805,2019-01-05,160,4095,4255
805,2019-01-06,37,3592,3629
805,2019-01-07,314,5673,5987
805,2019-01-08,326,6270,6596
805,2019-01-09,329,5916,6245
805,2019-01-10,355,6384,6739
805,2019-01-11,361,6317,6678
805,2019-01-12,168,4595,4763
805,2019-01-13,29,2493,2522
805,2019-01-14,398,6147,6545
805,2019-01-15,400,6512,6912
805,2019-01-16,468,6488,6956
805,2019-01-17,421,6452,6873
805,2019-01-18,458,6787,7245
805,2019-01-19,178,5059,5237
805,2019-01-20,53,2693,2746
805,2019-01-21,424,6299,6723
805,2019-01-22,445,6318,6763
805,2019-01-23,376,6092,6468
805,2019-01-24,367,6498,6865
805,2019-01-25,402,6583,6985
805,2019-01-26,183,4992,5175
805,2019-01-27,37,2765,2802
805,2019-01-28,360,5957,6317
805,2019-01-29,381,6666,7047
805,2019-01-30,313,5434,5747
805,2019-01-31,365,6500,6865
805,2019-02-01,363,6822,7185
805,2019-02-02,186,5029,5215
805,2019-02-03,54,3011,3065
805,2019-02-04,352,6265,6617
805,2019-02-05,406,6884,7290
805,2019-02-06,409,6458,6867
805,2019-02-07,390,6730,7120
805,2019-02-08,416,6795,7211
805,2019-02-09,180,4982,5162
805,2019-02-10,48,2861,2909
805,2019-02-11,401,6362,6763
805,2019-02-12,415,6581,6996
805,2019-02-13,405,6501,6906
805,2019-02-14,425,6673,7098
805,2019-02-15,433,6375,6808
805,2019-02-16,162,4692,4854
805,2019-02-17,44,3388,3432
805,2019-02-18,366,5308,5674
805,2019-02-19,417,5597,6014
805,2019-02-20,423,5460,5883
805,2019-02-21,442,5715,6157
805,2019-02-22,400,5820,6220
805,2019-02-23,192,4473,4665
805,2019-02-24,34,2881,2915
805,2019-02-25,462,6264,6726
805,2019-02-26,464,7047,7511
805,2019-02-27,519,6598,7117
805,2019-02-28,423,6831,7254
805,2019-03-01,361,6834,7195
805,2019-03-02,118,5210,5328
805,2019-03-03,29,2747,2776
805,2019-03-04,292,6035,6327
805,2019-03-05,343,6650,6993
805,2019-03-06,355,6611,6966
805,2019-03-07,299,6810,7109
805,2019-03-08,368,7242,7610
805,2019-03-09,130,5453,5583
805,2019-03-10,17,2484,2501
805,2019-03-11,347,6293,6640
805,2019-03-12,357,6812,7169
805,2019-03-13,346,6568,6914
805,2019-03-14,327,6771,7098
805,2019-03-15,304,7121,7425
805,2019-03-16,117,5298,5415
805,2019-03-17,22,2938,2960
805,2019-03-18,340,6498,6838
805,2019-03-19,376,6989,7365
805,2019-03-20,400,6746,7146
805,2019-03-21,402,7166,7568
805,2019-03-22,370,7177,7547
805,2019-03-23,169,5648,5817
805,2019-03-24,25,3078,3103
805,2019-03-25,495,6413,6908
805,2019-03-26,426,7131,7557
805,2019-03-27,453,6982,7435
805,2019-03-28,382,7210,7592
805,2019-03-29,413,7360,7773
805,2019-03-30,174,5509,5683
805,2019-04-01,458,6562,7020
805,2019-04-02,429,7192,7621
805,2019-04-03,457,6758,7215
805,2019-04-04,423,7041,7464
805,2019-04-05,396,7299,7695
805,2019-04-06,188,5205,5393
805,2019-04-07,35,2969,3004
805,2019-04-08,429,5872,6301
805,2019-04-09,372,6048,6420
805,2019-04-10,427,5860,6287
805,2019-04-11,354,6151,6505
805,2019-04-12,405,6320,6725
805,2019-04-13,203,4774,4977
805,2019-04-14,36,2576,2612
805,2019-04-15,403,5595,5998
805,2019-04-16,393,5826,6219
805,2019-04-17,382,5722,6104
805,2019-04-18,361,5953,6314
805,2019-04-19,354,6377,6731
805,2019-04-20,148,5424,5572
805,2019-04-21,35,2967,3002
805,2019-04-22,39,2520,2559
805,2019-04-23,485,7333,7818
805,2019-04-24,468,6800,7268
805,2019-04-25,424,7082,7506
805,2019-04-26,485,7224,7709
805,2019-04-27,139,5713,5852
805,2019-04-28,30,2845,2875
805,2019-04-29,458,6593,7051
805,2019-04-30,442,8026,8468
805,2019-05-01,45,2567,2612
805,2019-05-02,547,7000,7547
805,2019-05-03,481,7407,7888
805,2019-05-04,159,4691,4850
805,2019-05-05,28,3368,3396
805,2019-05-06,425,6613,7038
805,2019-05-07,453,7148,7601
805,2019-05-08,416,7378,7794
805,2019-05-09,46,2389,2435
805,2019-05-10,435,6908,7343
805,2019-05-11,92,4771,4863
805,2019-05-12,37,3082,3119
805,2019-05-13,373,6657,7030
805,2019-05-14,471,7113,7584
805,2019-05-15,504,6735,7239
805,2019-05-16,462,6740,7202
805,2019-05-17,476,7355,7831
805,2019-05-18,166,5296,5462
805,2019-05-19,31,3117,3148
805,2019-05-20,591,6610,7201
805,2019-05-21,498,7165,7663
805,2019-05-22,486,6723,7209
805,2019-05-23,421,7398,7819
805,2019-05-24,391,7385,7776
805,2019-05-25,211,4993,5204
805,2019-05-26,35,3225,3260
805,2019-05-27,347,5708,6055
805,2019-05-28,402,6043,6445
805,2019-05-29,362,6384,6746
805,2019-05-30,49,2317,2366
805,2019-06-01,131,4754,4885
805,2019-06-02,40,3175,3215
805,2019-06-03,372,6443,6815
805,2019-06-04,366,7343,7709
805,2019-06-05,413,6618,7031
805,2019-06-06,440,7032,7472
805,2019-06-07,396,7121,7517
805,2019-06-08,156,5337,5493
805,2019-06-09,20,3268,3288
805,2019-06-10,38,2218,2256
805,2019-06-11,376,7169,7545
805,2019-06-12,329,6652,6981
805,2019-06-13,415,7163,7578
805,2019-06-14,391,7158,7549
805,2019-06-15,194,5282,5476
805,2019-06-16,31,2826,2857
805,2019-06-17,405,6545,6950
805,2019-06-18,385,6936,7321
805,2019-06-19,425,6755,7180
805,2019-06-20,464,7176,7640
805,2019-06-21,358,6975,7333
805,2019-06-22,149,5183,5332
805,2019-06-23,38,2517,2555
805,2019-06-24,391,6832,7223
805,2019-06-25,401,7132,7533
805,2019-06-26,350,7007,7357
805,2019-06-27,371,7140,7511
805,2019-06-28,390,7439,7829
805,2019-06-29,157,5355,5512
805,2019-06-30,37,3228,3265
805,2019-07-01,367,6707,7074
805,2019-07-02,433,6961,7394
805,2019-07-03,382,6876,7258
805,2019-07-04,376,7330,7706
805,2019-07-05,355,7478,7833
805,2019-07-06,157,5392,5549
805,2019-07-07,43,3456,3499
805,2019-07-08,504,6606,7110
805,2019-07-09,383,6988,7371
805,2019-07-10,360,6679,7039
805,2019-07-11,371,6883,7254
805,2019-07-12,362,6462,6824
805,2019-07-13,164,4836,5000
805,2019-07-14,26,3228,3254
805,2019-07-15,362,5955,6317
805,2019-07-16,384,6127,6511
805,2019-07-17,375,5556,5931
805,2019-07-18,310,5365,5675
805,2019-07-19,337,5776,6113
805,2019-07-20,122,4559,4681
805,2019-07-21,38,3084,3122
805,2019-07-22,355,5724,6079
805,2019-07-23,299,6005,6304
805,2019-07-24,283,6001,6284
805,2019-07-25,319,5942,6261
805,2019-07-26,252,5950,6202
805,2019-07-27,143,4230,4373
805,2019-07-28,54,2713,2767
805,2019-07-29,224,5583,5807
805,2019-07-30,259,5556,5815
805,2019-07-31,294,5520,5814
805,2019-08-01,291,5291,5582
805,2019-08-02,251,5637,5888
805,2019-08-03,147,4223,4370
805,2019-08-04,40,2773,2813
805,2019-08-05,238,4797,5035
805,2019-08-06,239,4999,5238
805,2019-08-07,224,5109,5333
805,2019-08-08,234,4984,5218
805,2019-08-09,203,5257,5460
805,2019-08-10,161,4261,4422
805,2019-08-11,37,2606,2643
805,2019-08-12,216,4681,4897
805,2019-08-13,237,4845,5082
805,2019-08-14,269,5150,5419
805,2019-08-15,29,2019,2048
805,2019-08-16,263,4966,5229
805,2019-08-17,116,3828,3944
805,2019-08-18,48,2585,2633
805,2019-08-19,251,5086,5337
805,2019-08-20,274,5297,5571
805,2019-08-21,275,5224,5499
805,2019-08-22,268,5315,5583
805,2019-08-23,408,5441,5849
805,2019-08-24,210,4400,4610
805,2019-08-25,26,2643,2669
805,2019-08-26,324,5525,5849
805,2019-08-27,403,5928,6331
805,2019-08-28,397,5633,6030
805,2019-08-29,342,5585,5927
805,2019-08-30,404,5711,6115
805,2019-08-31,133,4500,4633
805,2019-09-01,25,2915,2940
805,2019-09-02,267,4487,4754
805,2019-09-03,355,5055,5410
805,2019-09-04,347,5005,5352
805,2019-09-05,309,4722,5031
805,2019-09-06,345,5291,5636
805,2019-09-07,132,4229,4361
805,2019-09-08,23,2878,2901
805,2019-09-09,356,5621,5977
805,2019-09-10,327,5719,6046
805,2019-09-11,335,5661,5996
805,2019-09-12,399,5999,6398
805,2019-09-13,409,6248,6657
805,2019-09-14,162,4769,4931
805,2019-09-15,32,3096,3128
805,2019-09-16,378,6319,6697
805,2019-09-17,362,7094,7456
805,2019-09-18,427,6704,7131
805,2019-09-19,432,6798,7230
805,2019-09-20,443,7157,7600
805,2019-09-21,162,5192,5354
805,2019-09-22,41,3075,3116
805,2019-09-23,477,6334,6811
805,2019-09-24,516,6930,7446
805,2019-09-25,497,6403,6900
805,2019-09-26,443,6676,7119
805,2019-09-27,454,6990,7444
805,2019-09-28,198,5384,5582
805,2019-09-29,156,4536,4692
805,2019-09-30,382,6454,6836
805,2019-10-01,411,6924,7335
805,2019-10-02,394,6513,6907
805,2019-10-03,418,6997,7415
805,2019-10-04,421,7084,7505
805,2019-10-05,350,5154,5504
805,2019-10-06,38,2857,2895
805,2019-10-07,537,6170,6707
805,2019-10-08,382,6628,7010
805,2019-10-09,406,6369,6775
805,2019-10-10,377,6817,7194
805,2019-10-11,408,6899,7307
805,2019-10-12,167,5057,5224
805,2019-10-13,139,2976,3115
805,2019-10-14,408,6349,6757
805,2019-10-15,417,6871,7288
805,2019-10-16,372,6735,7107
805,2019-10-17,374,6891,7265
805,2019-10-18,366,7106,7472
805,2019-10-19,156,5441,5597
805,2019-10-20,16,2305,2321
805,2019-10-21,368,6311,6679
805,2019-10-22,398,6877,7275
805,2019-10-23,426,6674,7100
805,2019-10-24,394,6996,7390
805,2019-10-25,447,6987,7434
805,2019-10-26,214,5250,5464
805,2019-10-27,47,3035,3082
805,2019-10-28,402,6231,6633
805,2019-10-29,378,6259,6637
805,2019-10-30,379,6126,6505
805,2019-11-01,34,2681,2715
805,2019-11-02,138,4414,4552
805,2019-11-03,38,2745,2783
805,2019-11-04,330,6709,7039
805,2019-11-05,386,7360,7746
805,2019-11-06,389,6903,7292
805,2019-11-07,359,7108,7467
805,2019-11-08,423,7340,7763
805,2019-11-09,198,5251,5449
805,2019-11-10,35,3177,3212
805,2019-11-11,437,6382,6819
805,2019-11-12,389,6912,7301
805,2019-11-13,410,6687,7097
805,2019-11-14,386,6969,7355
805,2019-11-15,441,7217,7658
805,2019-11-16,187,5182,5369
805,2019-11-17,36,2762,2798
805,2019-11-18,366,6435,6801
805,2019-11-19,384,6967,7351
805,2019-11-20,424,6865,7289
805,2019-11-21,407,7078,7485
805,2019-11-22,391,7124,7515
805,2019-11-23,148,5562,5710
805,2019-11-24,37,2969,3006
805,2019-11-25,404,6518,6922
805,2019-11-26,367,7008,7375
805,2019-11-27,367,6723,7090
805,2019-11-28,349,6939,7288
805,2019-11-29,366,7115,7481
805,2019-11-30,174,5506,5680
805,2019-12-01,19,2526,2545
805,2019-12-02,351,6482,6833
805,2019-12-03,392,6968,7360
805,2019-12-04,397,6702,7099
805,2019-12-05,395,6958,7353
805,2019-12-06,368,6552,6920
805,2019-12-07,130,4855,4985
805,2019-12-08,30,2729,2759
805,2019-12-09,389,6517,6906
805,2019-12-10,379,6747,7126
805,2019-12-11,345,6410,6755
805,2019-12-12,370,6876,7246
805,2019-12-13,335,6967,7302
805,2019-12-14,159,5040,5199
805,2019-12-15,25,2698,2723
805,2019-12-16,325,6437,6762
805,2019-12-17,351,6893,7244
805,2019-12-18,370,6775,7145
805,2019-12-19,385,8008,8393
805,2019-12-20,319,7213,7532
805,2019-12-21,162,5019,5181
805,2019-12-22,26,2810,2836
805,2019-12-23,190,6276,6466
805,2019-12-24,165,4955,5120
805,2019-12-25,17,1746,1763
805,2019-12-26,30,1821,1851
805,2019-12-27,208,4552,4760
805,2019-12-28,145,3945,4090
805,2019-12-29,31,2331,2362
805,2019-12-30,229,5168,5397
805,2019-12-31,195,4578,4773
807,2019-01-01,26,2259,2285
807,2019-01-02,279,4483,4762
807,2019-01-03,274,5100,5374
807,2019-01-04,310,5258,5568
807,2019-01-05,196,4521,4717
807,2019-01-06,52,3633,3685
807,2019-01-07,366,5673,6039
807,2019-01-08,355,6200,6555
807,2019-01-09,333,5985,6318
807,2019-01-10,386,6342,6728
807,2019-01-11,366,6421,6787
807,2019-01-12,196,4950,5146
807,2019-01-13,34,3235,3269
807,2019-01-14,449,6101,6550
807,2019-01-15,480,6395,6875
807,2019-01-16,538,6341,6879
807,2019-01-17,504,6401,6905
807,2019-01-18,522,6713,7235
807,2019-01-19,227,5023,5250
807,2019-01-20,77,3252,3329
807,2019-01-21,488,6176,6664
807,2019-01-22,501,6061,6562
807,2019-01-23,429,5902,6331
807,2019-01-24,415,6397,6812
807,2019-01-25,456,6419,6875
807,2019-01-26,210,4927,5137
807,2019-01-27,41,3292,3333
807,2019-01-28,381,5723,6104
807,2019-01-29,430,6445,6875
807,2019-01-30,318,5347,5665
807,2019-01-31,378,6318,6696
807,2019-02-01,407,6595,7002
807,2019-02-02,197,5079,5276
807,2019-02-03,53,3489,3542
807,2019-02-04,414,6214,6628
807,2019-02-05,481,6581,7062
807,2019-02-06,492,6305,6797
807,2019-02-07,489,6543,7032
807,2019-02-08,482,6751,7233
807,2019-02-09,197,5117,5314
807,2019-02-10,31,3100,3131
807,2019-02-11,482,6307,6789
807,2019-02-12,516,6553,7069
807,2019-02-13,545,6450,6995
807,2019-02-14,539,6826,7365
807,2019-02-15,541,6526,7067
807,2019-02-16,237,4873,5110
807,2019-02-17,57,3587,3644
807,2019-02-18,485,5849,6334
807,2019-02-19,472,5869,6341
807,2019-02-20,493,5625,6118
807,2019-02-21,526,6094,6620
807,2019-02-22,494,6074,6568
807,2019-02-23,260,4780,5040
807,2019-02-24,41,3548,3589
807,2019-02-25,587,6384,6971
807,2019-02-26,595,7076,7671
807,2019-02-27,618,6649,7267
807,2019-02-28,712,6838,7550
807,2019-03-01,670,7037,7707
807,2019-03-02,294,5359,5653
807,2019-03-03,52,3324,3376
807,2019-03-04,429,6136,6565
807,2019-03-05,543,6807,7350
807,2019-03-06,516,6839,7355
807,2019-03-07,532,6807,7339
807,2019-03-08,602,7169,7771
807,2019-03-09,210,5417,5627
807,2019-03-10,31,3000,3031
807,2019-03-11,629,6404,7033
807,2019-03-12,648,6859,7507
807,2019-03-13,560,6704,7264
807,2019-03-14,502,6785,7287
807,2019-03-15,491,7173,7664
807,2019-03-16,221,5307,5528
807,2019-03-17,42,3382,3424
807,2019-03-18,563,6409,6972
807,2019-03-19,636,7003,7639
807,2019-03-20,634,6635,7269
807,2019-03-21,590,7101,7691
807,2019-03-22,611,7086,7697
807,2019-03-23,324,5780,6104
807,2019-03-24,52,3937,3989
807,2019-03-25,699,6358,7057
807,2019-03-26,591,6819,7410
807,2019-03-27,647,6878,7525
807,2019-03-28,550,7155,7705
807,2019-03-29,593,7276,7869
807,2019-03-30,262,5712,5974
807,2019-04-01,655,6521,7176
807,2019-04-02,562,6973,7535
807,2019-04-03,603,6568,7171
807,2019-04-04,640,6907,7547
807,2019-04-05,638,7025,7663
807,2019-04-06,306,5553,5859
807,2019-04-07,50,3793,3843
807,2019-04-08,601,5969,6570
807,2019-04-09,571,6159,6730
807,2019-04-10,548,6040,6588
807,2019-04-11,535,6375,6910
807,2019-04-12,591,6432,7023
807,2019-04-13,304,4957,5261
807,2019-04-14,60,3319,3379
807,2019-04-15,530,5822,6352
807,2019-04-16,557,5983,6540
807,2019-04-17,615,5885,6500
807,2019-04-18,561,6236,6797
807,2019-04-19,559,6520,7079
807,2019-04-20,247,5650,5897
807,2019-04-21,56,4109,4165
807,2019-04-22,56,4025,4081
807,2019-04-23,647,7173,7820
807,2019-04-24,691,6822,7513
807,2019-04-25,673,7030,7703
807,2019-04-26,715,7401,8116
807,2019-04-27,265,5771,6036
807,2019-04-28,55,3591,3646
807,2019-04-29,669,6597,7266
807,2019-04-30,578,8009,8587
807,2019-05-01,158,3939,4097
807,2019-05-02,660,7022,7682
807,2019-05-03,703,7278,7981
807,2019-05-04,268,4958,5226
807,2019-05-05,57,4035,4092
807,2019-05-06,661,6696,7357
807,2019-05-07,676,7200,7876
807,2019-05-08,607,7566,8173
807,2019-05-09,57,2955,3012
807,2019-05-10,562,7161,7723
807,2019-05-11,189,5041,5230
807,2019-05-12,120,3873,3993
807,2019-05-13,603,6889,7492
807,2019-05-14,619,7129,7748
807,2019-05-15,695,6924,7619
807,2019-05-16,614,7248,7862
807,2019-05-17,717,7357,8074
807,2019-05-18,270,5634,5904
807,2019-05-19,59,4019,4078
807,2019-05-20,665,6762,7427
807,2019-05-21,641,7237,7878
807,2019-05-22,669,6803,7472
807,2019-05-23,718,7297,8015
807,2019-05-24,627,7417,8044
807,2019-05-25,343,5307,5650
807,2019-05-26,51,3819,3870
807,2019-05-27,545,5893,6438
807,2019-05-28,479,6175,6654
807,2019-05-29,484,6771,7255
807,2019-05-30,77,4533,4610
807,2019-05-31,353,6238,6591
807,2019-06-01,286,5374,5660
807,2019-06-02,77,4240,4317
807,2019-06-03,507,6547,7054
807,2019-06-04,522,7416,7938
807,2019-06-05,539,7070,7609
807,2019-06-06,602,7310,7912
807,2019-06-07,571,7428,7999
807,2019-06-08,257,5498,5755
807,2019-06-09,48,4242,4290
807,2019-06-10,63,3335,3398
807,2019-06-11,577,7141,7718
807,2019-06-12,577,6762,7339
807,2019-06-13,600,7107,7707
807,2019-06-14,594,7289,7883
807,2019-06-15,233,7361,7594
807,2019-06-16,50,4074,4124
807,2019-06-17,571,6790,7361
807,2019-06-18,605,7203,7808
807,2019-06-19,565,6754,7319
807,2019-06-20,576,7153,7729
807,2019-06-21,527,7328,7855
807,2019-06-22,244,5294,5538
807,2019-06-23,63,3543,3606
807,2019-06-24,542,6947,7489
807,2019-06-25,518,7263,7781
807,2019-06-26,568,7102,7670
807,2019-06-27,525,7328,7853
807,2019-06-28,520,7577,8097
807,2019-06-29,236,6051,6287
807,2019-06-30,71,4442,4513
807,2019-07-01,548,6902,7450
807,2019-07-02,624,7231,7855
807,2019-07-03,519,7261,7780
807,2019-07-04,542,7397,7939
807,2019-07-05,529,7775,8304
807,2019-07-06,272,6087,6359
807,2019-07-07,67,4393,4460
807,2019-07-08,656,6967,7623
807,2019-07-09,590,7226,7816
807,2019-07-10,622,7075,7697
807,2019-07-11,572,7064,7636
807,2019-07-12,509,6880,7389
807,2019-07-13,243,5284,5527
807,2019-07-14,61,4089,4150
807,2019-07-15,501,6143,6644
807,2019-07-16,504,6392,6896
807,2019-07-17,197,3566,3763
807,2019-07-18,177,2954,3131
807,2019-07-19,264,4196,4460
807,2019-07-20,229,5167,5396
807,2019-07-21,57,4027,4084
807,2019-07-22,465,6036,6501
807,2019-07-23,448,6406,6854
807,2019-07-24,507,6459,6966
807,2019-07-25,437,6348,6785
807,2019-07-26,358,6311,6669
807,2019-07-27,198,4563,4761
807,2019-07-28,82,3490,3572
807,2019-07-29,276,5827,6103
807,2019-07-30,327,5818,6145
807,2019-07-31,329,5933,6262
807,2019-08-01,366,5665,6031
807,2019-08-02,322,5829,6151
807,2019-08-03,220,4798,5018
807,2019-08-04,82,3884,3966
807,2019-08-05,321,5079,5400
807,2019-08-06,333,5282,5615
807,2019-08-07,276,5458,5734
807,2019-08-08,338,5288,5626
807,2019-08-09,270,5303,5573
807,2019-08-10,206,4383,4589
807,2019-08-11,49,3259,3308
807,2019-08-12,269,4883,5152
807,2019-08-13,318,5057,5375
807,2019-08-14,308,5378,5686
807,2019-08-15,42,2707,2749
807,2019-08-16,333,5330,5663
807,2019-08-17,186,4114,4300
807,2019-08-18,46,3092,3138
807,2019-08-19,347,5330,5677
807,2019-08-20,376,5497,5873
807,2019-08-21,385,5514,5899
807,2019-08-22,378,5801,6179
807,2019-08-23,492,5779,6271
807,2019-08-24,306,5176,5482
807,2019-08-25,45,4022,4067
807,2019-08-26,407,5810,6217
807,2019-08-27,474,6239,6713
807,2019-08-28,432,6094,6526
807,2019-08-29,465,6083,6548
807,2019-08-30,573,6101,6674
807,2019-08-31,220,4954,5174
807,2019-09-01,48,3801,3849
807,2019-09-02,187,1287,1474
807,2019-09-03,429,4108,4537
807,2019-09-04,502,5199,5701
807,2019-09-05,115,1002,1117
807,2019-09-06,362,4190,4552
807,2019-09-07,277,4677,4954
807,2019-09-08,55,3821,3876
807,2019-09-09,531,5790,6321
807,2019-09-10,505,6169,6674
807,2019-09-11,549,6047,6596
807,2019-09-12,564,6397,6961
807,2019-09-13,516,6647,7163
807,2019-09-14,266,5303,5569
807,2019-09-15,59,3849,3908
807,2019-09-16,490,6605,7095
807,2019-09-17,529,7276,7805
807,2019-09-18,571,6779,7350
807,2019-09-19,523,6993,7516
807,2019-09-20,642,7201,7843
807,2019-09-21,282,5848,6130
807,2019-09-22,177,3943,4120
807,2019-09-23,589,6439,7028
807,2019-09-24,633,6952,7585
807,2019-09-25,592,6615,7207
807,2019-09-26,577,6932,7509
807,2019-09-27,584,7038,7622
807,2019-09-28,254,5574,5828
807,2019-09-29,127,4376,4503
807,2019-09-30,506,6545,7051
807,2019-10-01,455,7087,7542
807,2019-10-02,527,6719,7246
807,2019-10-03,573,7143,7716
807,2019-10-04,500,7204,7704
807,2019-10-05,388,5543,5931
807,2019-10-06,45,3732,3777
807,2019-10-07,620,5600,6220
807,2019-10-08,448,5776,6224
807,2019-10-09,455,5403,5858
807,2019-10-10,564,5815,6379
807,2019-10-11,547,6298,6845
807,2019-10-12,277,5177,5454
807,2019-10-13,172,3943,4115
807,2019-10-14,522,6422,6944
807,2019-10-15,631,6994,7625
807,2019-10-16,566,6857,7423
807,2019-10-17,467,6882,7349
807,2019-10-18,616,7008,7624
807,2019-10-19,230,5634,5864
807,2019-10-20,35,3494,3529
807,2019-10-21,650,6418,7068
807,2019-10-22,681,6865,7546
807,2019-10-23,653,6706,7359
807,2019-10-24,591,7202,7793
807,2019-10-25,731,7103,7834
807,2019-10-26,391,5851,6242
807,2019-10-27,59,3812,3871
807,2019-10-28,626,6566,7192
807,2019-10-29,599,6628,7227
807,2019-10-30,632,6391,7023
807,2019-11-01,50,3578,3628
807,2019-11-02,178,4849,5027
807,2019-11-03,36,3372,3408
807,2019-11-04,580,6720,7300
807,2019-11-05,588,7186,7774
807,2019-11-06,614,6953,7567
807,2019-11-07,637,7124,7761
807,2019-11-08,702,7314,8016
807,2019-11-09,275,5342,5617
807,2019-11-10,52,3753,3805
807,2019-11-11,676,6314,6990
807,2019-11-12,606,6731,7337
807,2019-11-13,642,6507,7149
807,2019-11-14,723,7046,7769
807,2019-11-15,721,7212,7933
807,2019-11-16,294,5452,5746
807,2019-11-17,62,3511,3573
807,2019-11-18,650,6556,7206
807,2019-11-19,709,6993,7702
807,2019-11-20,771,6794,7565
807,2019-11-21,759,6992,7751
807,2019-11-22,718,6972,7690
807,2019-11-23,269,5511,5780
807,2019-11-24,60,3540,3600
807,2019-11-25,728,6509,7237
807,2019-11-26,723,6895,7618
807,2019-11-27,578,6717,7295
807,2019-11-28,545,6947,7492
807,2019-11-29,587,6979,7566
807,2019-11-30,296,5678,5974
807,2019-12-01,41,3246,3287
807,2019-12-02,598,6570,7168
807,2019-12-03,618,6956,7574
807,2019-12-04,671,6708,7379
807,2019-12-05,634,6947,7581
807,2019-12-06,560,6734,7294
807,2019-12-07,252,5104,5356
807,2019-12-08,41,3585,3626
807,2019-12-09,492,6589,7081
807,2019-12-10,569,6674,7243
807,2019-12-11,507,6525,7032
807,2019-12-12,497,6890,7387
807,2019-12-13,513,7025,7538
807,2019-12-14,236,5168,5404
807,2019-12-15,44,3471,3515
807,2019-12-16,549,6542,7091
807,2019-12-17,575,6843,7418
807,2019-12-18,603,6677,7280
807,2019-12-19,504,7646,8150
807,2019-12-20,454,7212,7666
807,2019-12-21,231,5130,5361
807,2019-12-22,45,3367,3412
807,2019-12-23,248,6036,6284
807,2019-12-24,206,5092,5298
807,2019-12-25,26,2608,2634
807,2019-12-26,36,2467,2503
807,2019-12-27,259,4558,4817
807,2019-12-28,213,4108,4321
807,2019-12-29,47,2830,2877
807,2019-12-30,260,4982,5242
807,2019-12-31,229,4661,4890
809,2019-01-01,4,922,926
809,2019-01-02,104,1476,1580
809,2019-01-03,104,1691,1795
809,2019-01-04,101,1737,1838
809,2019-01-05,48,1232,1280
809,2019-01-06,12,1125,1137
809,2019-01-07,112,1914,2026
809,2019-01-08,110,2083,2193
809,2019-01-09,137,2055,2192
809,2019-01-10,130,2105,2235
809,2019-01-11,146,2125,2271
809,2019-01-12,50,1459,1509
809,2019-01-13,7,1033,1040
809,2019-01-14,162,2117,2279
809,2019-01-15,158,2141,2299
809,2019-01-16,173,2239,2412
809,2019-01-17,166,2204,2370
809,2019-01-18,176,2246,2422
809,2019-01-19,64,1549,1613
809,2019-01-20,20,1093,1113
809,2019-01-21,208,2145,2353
809,2019-01-22,184,2139,2323
809,2019-01-23,136,2031,2167
809,2019-01-24,162,2126,2288
809,2019-01-25,189,2081,2270
809,2019-01-26,74,1365,1439
809,2019-01-27,9,1031,1040
809,2019-01-28,167,1921,2088
809,2019-01-29,153,2042,2195
809,2019-01-30,111,1901,2012
809,2019-01-31,113,2100,2213
809,2019-02-01,126,2051,2177
809,2019-02-02,55,1414,1469
809,2019-02-03,14,1161,1175
809,2019-02-04,141,2054,2195
809,2019-02-05,168,2204,2372
809,2019-02-06,165,2106,2271
809,2019-02-07,153,2140,2293
809,2019-02-08,182,2216,2398
809,2019-02-09,73,1571,1644
809,2019-02-10,4,967,971
809,2019-02-11,195,2166,2361
809,2019-02-12,200,2184,2384
809,2019-02-13,197,2184,2381
809,2019-02-14,169,2207,2376
809,2019-02-15,212,2162,2374
809,2019-02-16,65,1361,1426
809,2019-02-17,12,1074,1086
809,2019-02-18,186,1740,1926
809,2019-02-19,219,2002,2221
809,2019-02-20,213,2015,2228
809,2019-02-21,209,2023,2232
809,2019-02-22,172,2045,2217
809,2019-02-23,56,1455,1511
809,2019-02-24,17,1312,1329
809,2019-02-25,164,2212,2376
809,2019-02-26,203,2396,2599
809,2019-02-27,225,2315,2540
809,2019-02-28,237,2350,2587
809,2019-03-01,221,2274,2495
809,2019-03-02,78,1441,1519
809,2019-03-03,14,1048,1062
809,2019-03-04,180,2062,2242
809,2019-03-05,183,2186,2369
809,2019-03-06,221,2281,2502
809,2019-03-07,225,2379,2604
809,2019-03-08,259,2337,2596
809,2019-03-09,67,1645,1712
809,2019-03-10,11,1063,1074
809,2019-03-11,243,2151,2394
809,2019-03-12,216,2256,2472
809,2019-03-13,219,2304,2523
809,2019-03-14,192,2271,2463
809,2019-03-15,216,2228,2444
809,2019-03-16,50,1583,1633
809,2019-03-17,18,1181,1199
809,2019-03-18,251,2281,2532
809,2019-03-19,231,2507,2738
809,2019-03-20,266,2410,2676
809,2019-03-21,232,2561,2793
809,2019-03-22,234,2572,2806
809,2019-03-23,71,1935,2006
809,2019-03-24,9,1310,1319
809,2019-03-25,226,2401,2627
809,2019-03-26,220,2499,2719
809,2019-03-27,210,2368,2578
809,2019-03-28,195,2612,2807
809,2019-03-29,229,2572,2801
809,2019-03-30,73,1812,1885
809,2019-04-01,243,2358,2601
809,2019-04-02,217,2550,2767
809,2019-04-03,228,2354,2582
809,2019-04-04,223,2551,2774
809,2019-04-05,269,2619,2888
809,2019-04-06,79,1705,1784
809,2019-04-07,16,1528,1544
809,2019-04-08,268,2075,2343
809,2019-04-09,237,2156,2393
809,2019-04-10,255,2129,2384
809,2019-04-11,207,2258,2465
809,2019-04-12,229,2205,2434
809,2019-04-13,93,1383,1476
809,2019-04-14,16,1103,1119
809,2019-04-15,165,2139,2304
809,2019-04-16,247,2204,2451
809,2019-04-17,249,2187,2436
809,2019-04-18,196,2259,2455
809,2019-04-19,197,2299,2496
809,2019-04-20,68,1503,1571
809,2019-04-21,21,1458,1479
809,2019-04-22,17,1410,1427
809,2019-04-23,168,2488,2656
809,2019-04-24,212,2462,2674
809,2019-04-25,182,2395,2577
809,2019-04-26,233,2612,2845
809,2019-04-27,70,1667,1737
809,2019-04-28,10,1211,1221
809,2019-04-29,198,2406,2604
809,2019-04-30,194,2601,2795
809,2019-05-01,44,1438,1482
809,2019-05-02,244,2439,2683
809,2019-05-03,258,2539,2797
809,2019-05-04,72,1458,1530
809,2019-05-05,13,1313,1326
809,2019-05-06,258,2339,2597
809,2019-05-07,181,2419,2600
809,2019-05-08,159,2483,2642
809,2019-05-09,31,1023,1054
809,2019-05-10,157,2319,2476
809,2019-05-11,56,1548,1604
809,2019-05-12,12,1357,1369
809,2019-05-13,165,2343,2508
809,2019-05-14,149,2401,2550
809,2019-05-15,164,2340,2504
809,2019-05-16,244,2400,2644
809,2019-05-17,141,2418,2559
809,2019-05-18,53,1724,1777
809,2019-05-19,9,1279,1288
809,2019-05-20,154,2324,2478
809,2019-05-21,168,2379,2547
809,2019-05-22,163,2418,2581
809,2019-05-23,266,2368,2634
809,2019-05-24,208,2540,2748
809,2019-05-26,24,1320,1344
809,2019-05-27,178,2035,2213
809,2019-05-28,145,2094,2239
809,2019-05-29,153,2237,2390
809,2019-05-30,23,1316,1339
809,2019-05-31,167,2016,2183
809,2019-06-01,103,1625,1728
809,2019-06-02,55,1729,1784
809,2019-06-03,187,2351,2538
809,2019-06-04,166,2388,2554
809,2019-06-05,180,2498,2678
809,2019-06-06,175,2511,2686
809,2019-06-07,163,2455,2618
809,2019-06-08,63,1718,1781
809,2019-06-09,20,1672,1692
809,2019-06-10,25,1260,1285
809,2019-06-11,185,2434,2619
809,2019-06-12,188,2376,2564
809,2019-06-13,165,2320,2485
809,2019-06-14,184,2528,2712
809,2019-06-16,29,2595,2624
809,2019-06-17,206,2349,2555
809,2019-06-18,174,2482,2656
809,2019-06-19,181,2507,2688
809,2019-06-20,244,2473,2717
809,2019-06-21,192,2509,2701
809,2019-06-22,98,1675,1773
809,2019-06-23,20,1474,1494
809,2019-06-24,168,2396,2564
809,2019-06-25,131,2535,2666
809,2019-06-26,171,2644,2815
809,2019-06-27,196,2555,2751
809,2019-06-28,166,2552,2718
809,2019-06-29,83,1978,2061
809,2019-06-30,13,1763,1776
809,2019-07-01,183,2422,2605
809,2019-07-02,199,2480,2679
809,2019-07-03,202,2500,2702
809,2019-07-04,227,3202,3429
809,2019-07-05,149,2555,2704
809,2019-07-06,74,1917,1991
809,2019-07-07,17,1446,1463
809,2019-07-08,166,2491,2657
809,2019-07-09,210,2553,2763
809,2019-07-10,167,2568,2735
809,2019-07-11,168,2418,2586
809,2019-07-12,164,2391,2555
809,2019-07-13,73,1906,1979
809,2019-07-14,28,1480,1508
809,2019-07-15,192,2199,2391
809,2019-07-16,150,2348,2498
809,2019-07-17,224,2657,2881
809,2019-07-18,222,2655,2877
809,2019-07-19,212,2648,2860
809,2019-07-20,81,1573,1654
809,2019-07-21,25,1412,1437
809,2019-07-22,140,2212,2352
809,2019-07-23,169,2333,2502
809,2019-07-24,198,2436,2634
809,2019-07-25,152,2358,2510
809,2019-07-26,156,2286,2442
809,2019-07-27,51,1398,1449
809,2019-07-28,12,1224,1236
809,2019-07-29,118,2029,2147
809,2019-07-30,137,2048,2185
809,2019-07-31,145,2156,2301
809,2019-08-01,151,2043,2194
809,2019-08-02,131,2014,2145
809,2019-08-03,67,1498,1565
809,2019-08-04,29,1401,1430
809,2019-08-05,139,1912,2051
809,2019-08-06,117,1978,2095
809,2019-08-07,106,1987,2093
809,2019-08-08,142,1982,2124
809,2019-08-09,101,1947,2048
809,2019-08-10,58,1347,1405
809,2019-08-11,17,1313,1330
809,2019-08-12,107,1853,1960
809,2019-08-13,106,1921,2027
809,2019-08-14,133,1866,1999
809,2019-08-15,20,1187,1207
809,2019-08-16,127,1744,1871
809,2019-08-17,59,1200,1259
809,2019-08-18,14,959,973
809,2019-08-19,142,1771,1913
809,2019-08-20,185,1859,2044
809,2019-08-21,202,1956,2158
809,2019-08-22,159,1995,2154
809,2019-08-23,131,1995,2126
809,2019-08-24,92,1663,1755
809,2019-08-25,17,1688,1705
809,2019-08-26,178,2049,2227
809,2019-08-27,194,2156,2350
809,2019-08-28,190,2095,2285
809,2019-08-29,153,2020,2173
809,2019-08-30,180,2178,2358
809,2019-08-31,81,1676,1757
809,2019-09-01,37,2178,2215
809,2019-09-02,238,2425,2663
809,2019-09-03,212,2063,2275
809,2019-09-04,159,2070,2229
809,2019-09-05,225,2634,2859
809,2019-09-06,200,2242,2442
809,2019-09-07,59,1382,1441
809,2019-09-08,24,1359,1383
809,2019-09-09,208,2140,2348
809,2019-09-10,154,2281,2435
809,2019-09-11,188,2173,2361
809,2019-09-12,183,2274,2457
809,2019-09-13,166,2292,2458
809,2019-09-14,78,1683,1761
809,2019-09-15,13,1510,1523
809,2019-09-16,237,2334,2571
809,2019-09-17,257,2384,2641
809,2019-09-18,279,2294,2573
809,2019-09-19,288,2336,2624
809,2019-09-20,204,2433,2637
809,2019-09-21,108,1890,1998
809,2019-09-22,45,1547,1592
809,2019-09-23,205,2224,2429
809,2019-09-24,181,2348,2529
809,2019-09-25,178,2291,2469
809,2019-09-26,179,2341,2520
809,2019-09-27,188,2451,2639
809,2019-09-28,90,1784,1874
809,2019-09-29,69,1838,1907
809,2019-09-30,168,2278,2446
809,2019-10-01,156,2388,2544
809,2019-10-02,164,2336,2500
809,2019-10-03,323,2328,2651
809,2019-10-04,240,2472,2712
809,2019-10-05,208,1787,1995
809,2019-10-06,11,1431,1442
809,2019-10-07,172,2413,2585
809,2019-10-08,148,2399,2547
809,2019-10-09,195,2298,2493
809,2019-10-10,225,2375,2600
809,2019-10-11,234,2341,2575
809,2019-10-12,187,1838,2025
809,2019-10-13,37,1404,1441
809,2019-10-14,249,2362,2611
809,2019-10-15,247,2405,2652
809,2019-10-16,215,2382,2597
809,2019-10-17,247,2368,2615
809,2019-10-18,211,2401,2612
809,2019-10-19,92,1638,1730
809,2019-10-20,8,1339,1347
809,2019-10-21,239,2328,2567
809,2019-10-22,231,2392,2623
809,2019-10-23,263,2400,2663
809,2019-10-24,232,2500,2732
809,2019-10-25,249,2489,2738
809,2019-10-26,108,1725,1833
809,2019-10-27,21,1423,1444
809,2019-10-28,263,2138,2401
809,2019-10-29,248,2243,2491
809,2019-10-30,264,2212,2476
809,2019-11-01,17,1256,1273
809,2019-11-02,73,1561,1634
809,2019-11-03,11,1239,1250
809,2019-11-04,225,2195,2420
809,2019-11-05,210,2346,2556
809,2019-11-06,286,2275,2561
809,2019-11-07,217,2354,2571
809,2019-11-08,239,2465,2704
809,2019-11-09,137,1779,1916
809,2019-11-10,20,1485,1505
809,2019-11-11,245,2274,2519
809,2019-11-12,225,2280,2505
809,2019-11-13,189,2249,2438
809,2019-11-14,224,2322,2546
809,2019-11-15,226,2331,2557
809,2019-11-16,82,1587,1669
809,2019-11-17,17,1244,1261
809,2019-11-18,232,2145,2377
809,2019-11-19,214,2318,2532
809,2019-11-20,206,2224,2430
809,2019-11-21,207,2319,2526
809,2019-11-22,199,2230,2429
809,2019-11-23,82,1661,1743
809,2019-11-24,14,1315,1329
809,2019-11-25,215,2185,2400
809,2019-11-26,221,2402,2623
809,2019-11-27,202,2248,2450
809,2019-11-28,210,2354,2564
809,2019-11-29,196,2320,2516
809,2019-11-30,83,1636,1719
809,2019-12-01,17,1056,1073
809,2019-12-02,188,2183,2371
809,2019-12-03,256,2222,2478
809,2019-12-04,232,2213,2445
809,2019-12-05,182,2324,2506
809,2019-12-06,148,2242,2390
809,2019-12-07,88,1562,1650
809,2019-12-08,13,1186,1199
809,2019-12-09,164,2242,2406
809,2019-12-10,155,2299,2454
809,2019-12-11,164,2272,2436
809,2019-12-12,203,2268,2471
809,2019-12-13,171,2213,2384
809,2019-12-14,78,1562,1640
809,2019-12-15,14,1136,1150
809,2019-12-16,196,2316,2512
809,2019-12-17,202,2350,2552
809,2019-12-18,201,2276,2477
809,2019-12-19,172,2389,2561
809,2019-12-20,136,2350,2486
809,2019-12-21,66,1522,1588
809,2019-12-22,15,1140,1155
809,2019-12-23,103,1761,1864
809,2019-12-24,93,1526,1619
809,2019-12-25,6,1172,1178
809,2019-12-26,17,896,913
809,2019-12-27,107,1431,1538
809,2019-12-28,66,1253,1319
809,2019-12-29,13,1007,1020
809,2019-12-30,99,1570,1669
809,2019-12-31,101,1496,1597
811,2019-01-01,27,1229,1256
811,2019-01-02,140,2289,2429
811,2019-01-03,144,2546,2690
811,2019-01-04,187,2574,2761
811,2019-01-05,112,1830,1942
811,2019-01-06,29,1535,1564
811,2019-01-07,172,3162,3334
811,2019-01-08,157,3339,3496
811,2019-01-09,203,3235,3438
811,2019-01-10,196,3385,3581
811,2019-01-11,190,3454,3644
811,2019-01-12,83,2464,2547
811,2019-01-13,36,1834,1870
811,2019-01-14,206,3322,3528
811,2019-01-15,201,3644,3845
811,2019-01-16,232,3551,3783
811,2019-01-17,236,3609,3845
811,2019-01-18,255,3698,3953
811,2019-01-19,110,2367,2477
811,2019-01-20,34,1786,1820
811,2019-01-21,247,3406,3653
811,2019-01-22,231,3551,3782
811,2019-01-23,204,3424,3628
811,2019-01-24,230,3589,3819
811,2019-01-25,212,3624,3836
811,2019-01-26,105,2294,2399
811,2019-01-27,38,1776,1814
811,2019-01-28,179,3239,3418
811,2019-01-29,219,3582,3801
811,2019-01-30,174,3067,3241
811,2019-01-31,189,3431,3620
811,2019-02-01,206,3556,3762
811,2019-02-02,97,2392,2489
811,2019-02-03,42,1798,1840
811,2019-02-04,225,3450,3675
811,2019-02-05,212,3605,3817
811,2019-02-06,227,3533,3760
811,2019-02-07,173,3676,3849
811,2019-02-08,233,3718,3951
811,2019-02-09,115,2370,2485
811,2019-02-10,34,1683,1717
811,2019-02-11,233,3542,3775
811,2019-02-12,220,3692,3912
811,2019-02-13,248,3608,3856
811,2019-02-14,221,3751,3972
811,2019-02-15,219,3747,3966
811,2019-02-16,121,2300,2421
811,2019-02-17,31,1920,1951
811,2019-02-18,252,3545,3797
811,2019-02-19,217,3424,3641
811,2019-02-20,227,3344,3571
811,2019-02-21,214,3427,3641
811,2019-02-22,227,3408,3635
811,2019-02-23,146,2306,2452
811,2019-02-24,32,1826,1858
811,2019-02-25,288,3564,3852
811,2019-02-26,276,3787,4063
811,2019-02-27,275,3651,3926
811,2019-02-28,276,3765,4041
811,2019-03-01,232,3856,4088
811,2019-03-02,137,2409,2546
811,2019-03-03,34,1791,1825
811,2019-03-04,235,3439,3674
811,2019-03-05,205,3624,3829
811,2019-03-06,237,3577,3814
811,2019-03-07,230,3653,3883
811,2019-03-08,228,3810,4038
811,2019-03-09,93,2397,2490
811,2019-03-10,36,1746,1782
811,2019-03-11,197,3594,3791
811,2019-03-12,224,3753,3977
811,2019-03-13,244,3752,3996
811,2019-03-14,224,3712,3936
811,2019-03-15,237,3746,3983
811,2019-03-16,108,2418,2526
811,2019-03-17,31,1882,1913
811,2019-03-18,301,3630,3931
811,2019-03-19,258,3762,4020
811,2019-03-20,262,3703,3965
811,2019-03-21,231,3993,4224
811,2019-03-22,262,3980,4242
811,2019-03-23,146,2645,2791
811,2019-03-24,43,2016,2059
811,2019-03-25,260,3728,3988
811,2019-03-26,261,3962,4223
811,2019-03-27,266,3774,4040
811,2019-03-28,264,4015,4279
811,2019-03-29,278,4063,4341
811,2019-03-30,136,2710,2846
811,2019-04-01,253,3794,4047
811,2019-04-02,262,4046,4308
811,2019-04-03,243,3834,4077
811,2019-04-04,289,4049,4338
811,2019-04-05,291,4073,4364
811,2019-04-06,124,2504,2628
811,2019-04-07,45,2001,2046
811,2019-04-08,245,2926,3171
811,2019-04-09,263,2972,3235
811,2019-04-10,242,3154,3396
811,2019-04-11,209,3082,3291
811,2019-04-12,229,3105,3334
811,2019-04-13,140,2107,2247
811,2019-04-14,30,1728,1758
811,2019-04-15,229,3089,3318
811,2019-04-16,295,3198,3493
811,2019-04-17,266,3362,3628
811,2019-04-18,237,3459,3696
811,2019-04-19,262,3402,3664
811,2019-04-20,122,2338,2460
811,2019-04-21,42,1890,1932
811,2019-04-22,34,1909,1943
811,2019-04-23,302,3863,4165
811,2019-04-24,330,3763,4093
811,2019-04-25,319,3803,4122
811,2019-04-26,282,3955,4237
811,2019-04-27,123,2396,2519
811,2019-04-28,33,1929,1962
811,2019-04-29,289,3556,3845
811,2019-04-30,325,4005,4330
811,2019-05-01,70,2118,2188
811,2019-05-02,265,3556,3821
811,2019-05-03,270,3739,4009
811,2019-05-04,125,2338,2463
811,2019-05-05,47,1983,2030
811,2019-05-06,270,3467,3737
811,2019-05-07,261,3664,3925
811,2019-05-08,290,3669,3959
811,2019-05-09,45,1770,1815
811,2019-05-10,273,3380,3653
811,2019-05-11,116,2161,2277
811,2019-05-12,46,1828,1874
811,2019-05-13,323,3438,3761
811,2019-05-14,342,3702,4044
811,2019-05-15,264,3677,3941
811,2019-05-16,266,3753,4019
811,2019-05-17,343,3749,4092
811,2019-05-18,131,2325,2456
811,2019-05-19,45,1936,1981
811,2019-05-20,251,3553,3804
811,2019-05-21,255,3705,3960
811,2019-05-22,243,3650,3893
811,2019-05-23,264,3856,4120
811,2019-05-24,300,3840,4140
811,2019-05-25,146,2472,2618
811,2019-05-26,47,1973,2020
811,2019-05-27,255,3265,3520
811,2019-05-28,224,3477,3701
811,2019-05-29,238,3688,3926
811,2019-05-30,74,2045,2119
811,2019-05-31,268,2944,3212
811,2019-06-01,194,2260,2454
811,2019-06-02,53,1990,2043
811,2019-06-03,276,3474,3750
811,2019-06-04,247,3649,3896
811,2019-06-05,237,3698,3935
811,2019-06-06,239,3821,4060
811,2019-06-07,214,3754,3968
811,2019-06-08,125,2391,2516
811,2019-06-09,48,1956,2004
811,2019-06-10,48,1646,1694
811,2019-06-11,229,3597,3826
811,2019-06-12,247,3598,3845
811,2019-06-13,230,3718,3948
811,2019-06-14,262,3780,4042
811,2019-06-15,135,4421,4556
811,2019-06-16,63,2610,2673
811,2019-06-17,214,3489,3703
811,2019-06-18,244,3696,3940
811,2019-06-19,252,3591,3843
811,2019-06-20,250,3588,3838
811,2019-06-21,245,3780,4025
811,2019-06-22,124,2325,2449
811,2019-06-23,51,1742,1793
811,2019-06-24,226,3534,3760
811,2019-06-25,219,3630,3849
811,2019-06-26,275,3548,3823
811,2019-06-27,258,3500,3758
811,2019-06-28,283,3750,4033
811,2019-06-29,139,2502,2641
811,2019-06-30,46,1877,1923
811,2019-07-01,255,3387,3642
811,2019-07-02,338,3592,3930
811,2019-07-03,265,3540,3805
811,2019-07-04,293,3774,4067
811,2019-07-05,241,3623,3864
811,2019-07-06,127,2612,2739
811,2019-07-07,45,2212,2257
811,2019-07-08,296,3352,3648
811,2019-07-09,243,3545,3788
811,2019-07-10,280,3492,3772
811,2019-07-11,232,3485,3717
811,2019-07-12,263,3641,3904
811,2019-07-13,135,2452,2587
811,2019-07-14,36,1925,1961
811,2019-07-15,213,3213,3426
811,2019-07-16,260,3526,3786
811,2019-07-17,274,3578,3852
811,2019-07-18,239,3741,3980
811,2019-07-19,229,3635,3864
811,2019-07-20,104,2226,2330
811,2019-07-21,40,1840,1880
811,2019-07-22,214,3118,3332
811,2019-07-23,234,3276,3510
811,2019-07-24,215,3199,3414
811,2019-07-25,213,3309,3522
811,2019-07-26,203,3066,3269
811,2019-07-27,91,2031,2122
811,2019-07-28,47,1697,1744
811,2019-07-29,159,2933,3092
811,2019-07-30,177,3004,3181
811,2019-07-31,209,3051,3260
811,2019-08-01,221,3066,3287
811,2019-08-02,214,2944,3158
811,2019-08-03,121,2104,2225
811,2019-08-04,57,1833,1890
811,2019-08-05,190,2581,2771
811,2019-08-06,164,2821,2985
811,2019-08-07,169,2753,2922
811,2019-08-08,181,2832,3013
811,2019-08-09,178,2726,2904
811,2019-08-10,90,1998,2088
811,2019-08-11,50,1518,1568
811,2019-08-12,188,2691,2879
811,2019-08-13,182,2771,2953
811,2019-08-14,205,2734,2939
811,2019-08-15,58,1570,1628
811,2019-08-16,164,2423,2587
811,2019-08-17,108,1666,1774
811,2019-08-18,50,1454,1504
811,2019-08-19,181,2734,2915
811,2019-08-20,181,2846,3027
811,2019-08-21,179,2801,2980
811,2019-08-22,166,2902,3068
811,2019-08-23,206,2963,3169
811,2019-08-24,129,2081,2210
811,2019-08-25,58,1655,1713
811,2019-08-26,150,1901,2051
811,2019-08-27,136,1928,2064
811,2019-08-28,139,1881,2020
811,2019-08-29,146,2342,2488
811,2019-08-30,204,2727,2931
811,2019-08-31,111,2039,2150
811,2019-09-01,33,1616,1649
811,2019-09-02,250,3139,3389
811,2019-09-03,283,3167,3450
811,2019-09-04,209,3178,3387
811,2019-09-05,240,3385,3625
811,2019-09-06,229,3344,3573
811,2019-09-07,139,2143,2282
811,2019-09-08,47,1836,1883
811,2019-09-09,194,3343,3537
811,2019-09-10,213,3301,3514
811,2019-09-11,246,3241,3487
811,2019-09-12,176,3495,3671
811,2019-09-13,248,3453,3701
811,2019-09-14,117,2308,2425
811,2019-09-15,70,1877,1947
811,2019-09-16,223,3380,3603
811,2019-09-17,244,3483,3727
811,2019-09-18,248,3398,3646
811,2019-09-19,255,3563,3818
811,2019-09-20,297,3509,3806
811,2019-09-21,134,2354,2488
811,2019-09-22,43,1837,1880
811,2019-09-23,217,3360,3577
811,2019-09-24,225,3507,3732
811,2019-09-25,197,3426,3623
811,2019-09-26,256,3503,3759
811,2019-09-27,261,3667,3928
811,2019-09-28,106,2371,2477
811,2019-09-29,56,2155,2211
811,2019-09-30,232,3468,3700
811,2019-10-01,234,3594,3828
811,2019-10-02,220,3529,3749
811,2019-10-03,223,3710,3933
811,2019-10-04,292,3760,4052
811,2019-10-05,222,2269,2491
811,2019-10-06,51,1903,1954
811,2019-10-07,287,3879,4166
811,2019-10-08,258,4762,5020
811,2019-10-09,240,4529,4769
811,2019-10-10,285,4755,5040
811,2019-10-11,266,4661,4927
811,2019-10-12,177,2658,2835
811,2019-10-13,144,2195,2339
811,2019-10-14,254,4470,4724
811,2019-10-15,247,4820,5067
811,2019-10-16,242,4525,4767
811,2019-10-17,254,4610,4864
811,2019-10-18,251,4579,4830
811,2019-10-19,110,2745,2855
811,2019-10-20,52,1924,1976
811,2019-10-21,254,4259,4513
811,2019-10-22,269,4604,4873
811,2019-10-23,255,3987,4242
811,2019-10-24,220,4022,4242
811,2019-10-25,281,3883,4164
811,2019-10-26,189,2510,2699
811,2019-10-27,61,1771,1832
811,2019-10-28,190,3012,3202
811,2019-10-29,275,2923,3198
811,2019-10-30,267,2937,3204
811,2019-11-01,36,1519,1555
811,2019-11-02,66,1803,1869
811,2019-11-03,30,1549,1579
811,2019-11-04,223,3109,3332
811,2019-11-05,210,3137,3347
811,2019-11-06,211,3014,3225
811,2019-11-07,213,3113,3326
811,2019-11-08,251,3323,3574
811,2019-11-09,111,2193,2304
811,2019-11-10,32,1467,1499
811,2019-11-11,254,2859,3113
811,2019-11-12,223,3123,3346
811,2019-11-13,221,3068,3289
811,2019-11-14,260,3185,3445
811,2019-11-15,286,3076,3362
811,2019-11-16,123,2001,2124
811,2019-11-17,35,1618,1653
811,2019-11-18,189,2941,3130
811,2019-11-19,210,3280,3490
811,2019-11-20,255,3064,3319
811,2019-11-21,215,3189,3404
811,2019-11-22,213,3060,3273
811,2019-11-23,139,2029,2168
811,2019-11-24,29,1499,1528
811,2019-11-25,233,2867,3100
811,2019-11-26,387,3929,4316
811,2019-11-27,261,3355,3616
811,2019-11-28,245,3483,3728
811,2019-11-29,229,3432,3661
811,2019-11-30,116,2260,2376
811,2019-12-01,41,1594,1635
811,2019-12-02,223,3287,3510
811,2019-12-03,236,3506,3742
811,2019-12-04,234,3412,3646
811,2019-12-05,276,3533,3809
811,2019-12-06,246,3359,3605
811,2019-12-07,116,2233,2349
811,2019-12-08,34,1573,1607
811,2019-12-09,195,3245,3440
811,2019-12-10,208,3440,3648
811,2019-12-11,223,3396,3619
811,2019-12-12,256,3474,3730
811,2019-12-13,226,3456,3682
811,2019-12-14,110,2340,2450
811,2019-12-15,31,1706,1737
811,2019-12-16,223,3340,3563
811,2019-12-17,221,3405,3626
811,2019-12-18,222,3525,3747
811,2019-12-19,191,3563,3754
811,2019-12-20,202,3449,3651
811,2019-12-21,91,2291,2382
811,2019-12-22,28,1600,1628
811,2019-12-23,133,2557,2690
811,2019-12-24,92,2178,2270
811,2019-12-25,27,1410,1437
811,2019-12-26,34,1435,1469
811,2019-12-27,151,2003,2154
811,2019-12-28,103,1690,1793
811,2019-12-29,41,1453,1494
811,2019-12-30,152,2033,2185
811,2019-12-31,127,1907,2034
813,2019-01-01,23,1046,1069
813,2019-01-02,87,2238,2325
813,2019-01-03,89,2495,2584
813,2019-01-04,116,2571,2687
813,2019-01-05,67,1776,1843
813,2019-01-06,20,1544,1564
813,2019-01-07,135,3106,3241
813,2019-01-08,118,3301,3419
813,2019-01-09,144,3179,3323
813,2019-01-10,149,3413,3562
813,2019-01-11,152,3390,3542
813,2019-01-12,85,3391,3476
813,2019-01-13,23,2285,2308
813,2019-01-14,160,3246,3406
813,2019-01-15,173,3398,3571
813,2019-01-16,189,3479,3668
813,2019-01-17,185,3265,3450
813,2019-01-18,192,3561,3753
813,2019-01-19,69,2134,2203
813,2019-01-20,23,1543,1566
813,2019-01-21,195,3205,3400
813,2019-01-22,163,3279,3442
813,2019-01-23,180,3210,3390
813,2019-01-24,162,3330,3492
813,2019-01-25,155,3424,3579
813,2019-01-26,64,2011,2075
813,2019-01-27,24,1513,1537
813,2019-01-28,145,3103,3248
813,2019-01-29,181,3448,3629
813,2019-01-30,134,2751,2885
813,2019-01-31,131,3212,3343
813,2019-02-01,154,3402,3556
813,2019-02-02,62,2156,2218
813,2019-02-03,22,1529,1551
813,2019-02-04,162,3259,3421
813,2019-02-05,186,3479,3665
813,2019-02-06,188,3373,3561
813,2019-02-07,145,3540,3685
813,2019-02-08,160,3553,3713
813,2019-02-09,59,2210,2269
813,2019-02-10,19,1567,1586
813,2019-02-11,175,3391,3566
813,2019-02-12,163,3469,3632
813,2019-02-13,182,3388,3570
813,2019-02-14,174,3520,3694
813,2019-02-15,164,3448,3612
813,2019-02-16,81,2043,2124
813,2019-02-17,19,1686,1705
813,2019-02-18,319,3448,3767
813,2019-02-19,170,3194,3364
813,2019-02-20,207,3195,3402
813,2019-02-21,220,3211,3431
813,2019-02-22,178,3289,3467
813,2019-02-23,106,2089,2195
813,2019-02-24,25,1698,1723
813,2019-02-25,218,3370,3588
813,2019-02-26,195,3589,3784
813,2019-02-27,174,3521,3695
813,2019-02-28,226,3605,3831
813,2019-03-01,157,3670,3827
813,2019-03-02,88,2136,2224
813,2019-03-03,19,1546,1565
813,2019-03-04,135,3041,3176
813,2019-03-05,163,3343,3506
813,2019-03-06,188,3422,3610
813,2019-03-07,194,3401,3595
813,2019-03-08,189,3618,3807
813,2019-03-09,69,2190,2259
813,2019-03-10,27,1537,1564
813,2019-03-11,167,3243,3410
813,2019-03-12,187,3471,3658
813,2019-03-13,170,3449,3619
813,2019-03-14,191,3467,3658
813,2019-03-15,166,3536,3702
813,2019-03-16,78,2241,2319
813,2019-03-17,19,1755,1774
813,2019-03-18,193,3395,3588
813,2019-03-19,187,3552,3739
813,2019-03-20,195,3549,3744
813,2019-03-21,180,3821,4001
813,2019-03-22,214,3913,4127
813,2019-03-23,130,2506,2636
813,2019-03-24,37,1873,1910
813,2019-03-25,250,3439,3689
813,2019-03-26,259,3703,3962
813,2019-03-27,224,3625,3849
813,2019-03-28,232,3732,3964
813,2019-03-29,233,3780,4013
813,2019-03-30,123,2527,2650
813,2019-04-01,237,3512,3749
813,2019-04-02,252,3746,3998
813,2019-04-03,233,3702,3935
813,2019-04-04,249,3767,4016
813,2019-04-05,259,3903,4162
813,2019-04-06,94,2255,2349
813,2019-04-07,31,1718,1749
813,2019-04-08,250,2798,3048
813,2019-04-09,231,2851,3082
813,2019-04-10,221,2994,3215
813,2019-04-11,195,3122,3317
813,2019-04-12,200,3100,3300
813,2019-04-13,117,2104,2221
813,2019-04-14,28,1683,1711
813,2019-04-15,215,3019,3234
813,2019-04-16,251,3110,3361
813,2019-04-17,217,3317,3534
813,2019-04-18,197,3319,3516
813,2019-04-19,248,3309,3557
813,2019-04-20,79,2258,2337
813,2019-04-21,26,1709,1735
813,2019-04-22,23,1719,1742
813,2019-04-23,245,3710,3955
813,2019-04-24,236,3593,3829
813,2019-04-25,231,3671,3902
813,2019-04-26,211,3794,4005
813,2019-04-27,59,2247,2306
813,2019-04-28,21,1716,1737
813,2019-04-29,216,3503,3719
813,2019-04-30,268,3919,4187
813,2019-05-01,42,1960,2002
813,2019-05-02,203,3595,3798
813,2019-05-03,239,3813,4052
813,2019-05-04,82,2167,2249
813,2019-05-05,31,1763,1794
813,2019-05-06,187,3418,3605
813,2019-05-07,190,3615,3805
813,2019-05-08,196,3691,3887
813,2019-05-09,31,1636,1667
813,2019-05-10,201,3378,3579
813,2019-05-11,53,2136,2189
813,2019-05-12,35,2046,2081
813,2019-05-13,261,3461,3722
813,2019-05-14,280,3778,4058
813,2019-05-16,259,3825,4084
813,2019-05-17,283,3751,4034
813,2019-05-18,81,2385,2466
813,2019-05-19,31,1818,1849
813,2019-05-20,202,3504,3706
813,2019-05-21,209,3694,3903
813,2019-05-22,188,3675,3863
813,2019-05-23,192,3810,4002
813,2019-05-24,183,3832,4015
813,2019-05-25,95,2433,2528
813,2019-05-26,28,2010,2038
813,2019-05-27,205,3170,3375
813,2019-05-28,205,3704,3909
813,2019-05-29,213,3624,3837
813,2019-05-30,52,1792,1844
813,2019-05-31,225,2856,3081
813,2019-06-01,114,2214,2328
813,2019-06-02,50,1879,1929
813,2019-06-03,179,3408,3587
813,2019-06-04,200,3595,3795
813,2019-06-05,203,3792,3995
813,2019-06-06,190,3704,3894
813,2019-06-07,170,3702,3872
813,2019-06-08,87,2438,2525
813,2019-06-09,39,2120,2159
813,2019-06-10,41,1625,1666
813,2019-06-11,208,3543,3751
813,2019-06-12,168,3508,3676
813,2019-06-13,211,3718,3929
813,2019-06-14,208,3818,4026
813,2019-06-15,87,4801,4888
813,2019-06-16,44,3656,3700
813,2019-06-17,160,3477,3637
813,2019-06-18,189,3623,3812
813,2019-06-19,196,3595,3791
813,2019-06-20,213,3638,3851
813,2019-06-21,209,3809,4018
813,2019-06-22,94,2310,2404
813,2019-06-23,37,1810,1847
813,2019-06-24,187,3501,3688
813,2019-06-25,189,3659,3848
813,2019-06-26,221,3630,3851
813,2019-06-27,252,3560,3812
813,2019-06-28,204,3834,4038
813,2019-06-29,108,2474,2582
813,2019-06-30,50,1837,1887
813,2019-07-01,231,3455,3686
813,2019-07-02,229,3554,3783
813,2019-07-03,235,3600,3835
813,2019-07-04,207,3693,3900
813,2019-07-05,193,3655,3848
813,2019-07-06,102,2595,2697
813,2019-07-07,38,2255,2293
813,2019-07-08,249,3259,3508
813,2019-07-09,210,3531,3741
813,2019-07-10,199,3543,3742
813,2019-07-11,180,3456,3636
813,2019-07-12,202,3523,3725
813,2019-07-13,93,2398,2491
813,2019-07-14,24,1886,1910
813,2019-07-15,164,3169,3333
813,2019-07-16,212,3471,3683
813,2019-07-17,358,4636,4994
813,2019-07-18,337,4759,5096
813,2019-07-19,320,4401,4721
813,2019-07-20,70,2224,2294
813,2019-07-21,34,1869,1903
813,2019-07-22,169,3056,3225
813,2019-07-23,179,3315,3494
813,2019-07-24,177,3265,3442
813,2019-07-25,167,3238,3405
813,2019-07-26,186,3154,3340
813,2019-07-27,59,2079,2138
813,2019-07-28,30,1560,1590
813,2019-07-29,128,2895,3023
813,2019-07-30,141,3034,3175
813,2019-07-31,172,3098,3270
813,2019-08-01,161,3122,3283
813,2019-08-02,144,2927,3071
813,2019-08-03,102,2148,2250
813,2019-08-04,40,1787,1827
813,2019-08-05,141,2572,2713
813,2019-08-06,105,2720,2825
813,2019-08-07,132,2735,2867
813,2019-08-08,131,2871,3002
813,2019-08-09,148,2748,2896
813,2019-08-10,66,1909,1975
813,2019-08-11,35,1472,1507
813,2019-08-12,108,2508,2616
813,2019-08-13,133,2786,2919
813,2019-08-14,156,2721,2877
813,2019-08-15,26,1453,1479
813,2019-08-16,123,2404,2527
813,2019-08-17,97,1664,1761
813,2019-08-18,37,1386,1423
813,2019-08-19,153,2705,2858
813,2019-08-20,130,2843,2973
813,2019-08-21,115,2874,2989
813,2019-08-22,148,2960,3108
813,2019-08-23,184,2985,3169
813,2019-08-24,90,2322,2412
813,2019-08-25,44,1746,1790
813,2019-08-26,131,2488,2619
813,2019-08-27,136,2587,2723
813,2019-08-28,161,2666,2827
813,2019-08-29,146,2672,2818
813,2019-08-30,157,2880,3037
813,2019-08-31,68,2059,2127
813,2019-09-01,22,1837,1859
813,2019-09-02,335,4692,5027
813,2019-09-03,284,3802,4086
813,2019-09-04,179,3345,3524
813,2019-09-05,415,4921,5336
813,2019-09-06,232,3853,4085
813,2019-09-07,61,2128,2189
813,2019-09-08,30,1761,1791
813,2019-09-09,161,3197,3358
813,2019-09-10,177,3265,3442
813,2019-09-11,169,3208,3377
813,2019-09-12,156,3377,3533
813,2019-09-13,279,3457,3736
813,2019-09-14,81,2328,2409
813,2019-09-15,60,1967,2027
813,2019-09-16,200,3407,3607
813,2019-09-17,242,3533,3775
813,2019-09-18,194,3467,3661
813,2019-09-19,188,3600,3788
813,2019-09-20,243,3571,3814
813,2019-09-21,100,2390,2490
813,2019-09-22,31,1864,1895
813,2019-09-23,171,3328,3499
813,2019-09-24,201,3410,3611
813,2019-09-25,173,3428,3601
813,2019-09-26,199,3509,3708
813,2019-09-27,201,3687,3888
813,2019-09-28,72,2376,2448
813,2019-09-29,31,2294,2325
813,2019-09-30,186,3379,3565
813,2019-10-01,178,3574,3752
813,2019-10-02,190,3574,3764
813,2019-10-03,170,3651,3821
813,2019-10-04,188,3665,3853
813,2019-10-05,117,2265,2382
813,2019-10-06,30,1809,1839
813,2019-10-07,248,4323,4571
813,2019-10-08,279,5122,5401
813,2019-10-09,259,5151,5410
813,2019-10-10,300,5370,5670
813,2019-10-11,297,5089,5386
813,2019-10-12,97,2520,2617
813,2019-10-13,57,2109,2166
813,2019-10-14,213,4150,4363
813,2019-10-15,263,4849,5112
813,2019-10-16,161,4288,4449
813,2019-10-17,180,4213,4393
813,2019-10-18,186,4329,4515
813,2019-10-19,72,2482,2554
813,2019-10-20,32,1753,1785
813,2019-10-21,182,4012,4194
813,2019-10-22,195,4258,4453
813,2019-10-23,193,3900,4093
813,2019-10-24,180,3961,4141
813,2019-10-25,215,3879,4094
813,2019-10-26,94,2440,2534
813,2019-10-27,27,1702,1729
813,2019-10-28,168,3042,3210
813,2019-10-29,242,3163,3405
813,2019-10-30,215,2966,3181
813,2019-11-01,21,1611,1632
813,2019-11-02,52,1837,1889
813,2019-11-03,21,1518,1539
813,2019-11-04,161,3389,3550
813,2019-11-05,160,3428,3588
813,2019-11-06,189,3395,3584
813,2019-11-07,140,3497,3637
813,2019-11-08,201,3569,3770
813,2019-11-09,80,2313,2393
813,2019-11-10,26,1617,1643
813,2019-11-11,173,3116,3289
813,2019-11-12,137,3283,3420
813,2019-11-13,171,3284,3455
813,2019-11-14,203,3412,3615
813,2019-11-15,200,3445,3645
813,2019-11-16,70,2170,2240
813,2019-11-17,27,1597,1624
813,2019-11-18,161,3067,3228
813,2019-11-19,176,3568,3744
813,2019-11-20,193,3423,3616
813,2019-11-21,141,3431,3572
813,2019-11-22,129,3309,3438
813,2019-11-23,60,2176,2236
813,2019-11-24,26,1599,1625
813,2019-11-25,162,3090,3252
813,2019-11-26,176,3615,3791
813,2019-11-27,192,3497,3689
813,2019-11-28,152,3498,3650
813,2019-11-29,179,3471,3650
813,2019-11-30,67,2181,2248
813,2019-12-01,35,1493,1528
813,2019-12-02,153,3188,3341
813,2019-12-03,153,3442,3595
813,2019-12-04,162,3444,3606
813,2019-12-05,184,3511,3695
813,2019-12-06,183,3385,3568
813,2019-12-07,70,2327,2397
813,2019-12-08,23,1503,1526
813,2019-12-09,115,3169,3284
813,2019-12-10,170,3455,3625
813,2019-12-11,166,3472,3638
813,2019-12-12,159,3513,3672
813,2019-12-13,163,3390,3553
813,2019-12-14,54,2236,2290
813,2019-12-15,23,1661,1684
813,2019-12-16,145,3327,3472
813,2019-12-17,192,3468,3660
813,2019-12-18,152,3446,3598
813,2019-12-19,157,3703,3860
813,2019-12-20,136,3411,3547
813,2019-12-21,58,2321,2379
813,2019-12-22,22,1455,1477
813,2019-12-23,92,2382,2474
813,2019-12-24,61,2095,2156
813,2019-12-25,15,1268,1283
813,2019-12-26,27,1266,1293
813,2019-12-27,76,1909,1985
813,2019-12-28,57,1578,1635
813,2019-12-29,29,1287,1316
813,2019-12-30,92,1897,1989
813,2019-12-31,78,1844,1922
816,2019-01-01,25,2297,2322
816,2019-01-02,246,4253,4499
816,2019-01-03,252,4723,4975
816,2019-01-04,269,4830,5099
816,2019-01-05,135,3689,3824
816,2019-01-06,25,3290,3315
816,2019-01-07,293,5676,5969
816,2019-01-08,264,6126,6390
816,2019-01-09,267,6066,6333
816,2019-01-10,343,6151,6494
816,2019-01-11,364,6151,6515
816,2019-01-12,176,4328,4504
816,2019-01-13,25,2918,2943
816,2019-01-14,455,6148,6603
816,2019-01-15,533,6346,6879
816,2019-01-16,510,6423,6933
816,2019-01-17,504,6369,6873
816,2019-01-18,495,6599,7094
816,2019-01-19,172,4353,4525
816,2019-01-20,41,3084,3125
816,2019-01-21,539,6146,6685
816,2019-01-22,513,6308,6821
816,2019-01-23,389,6050,6439
816,2019-01-24,412,6389,6801
816,2019-01-25,398,6355,6753
816,2019-01-26,164,4180,4344
816,2019-01-27,23,2812,2835
816,2019-01-28,387,5867,6254
816,2019-01-29,433,6403,6836
816,2019-01-30,288,5240,5528
816,2019-01-31,351,6230,6581
816,2019-02-01,356,6255,6611
816,2019-02-02,143,4333,4476
816,2019-02-03,25,3118,3143
816,2019-02-04,415,6095,6510
816,2019-02-05,444,6513,6957
816,2019-02-06,523,6405,6928
816,2019-02-07,469,6500,6969
816,2019-02-08,540,6600,7140
816,2019-02-09,165,4460,4625
816,2019-02-10,37,3562,3599
816,2019-02-11,526,6358,6884
816,2019-02-12,533,6561,7094
816,2019-02-13,573,6464,7037
816,2019-02-14,540,6748,7288
816,2019-02-15,577,6345,6922
816,2019-02-16,185,4188,4373
816,2019-02-17,24,3414,3438
816,2019-02-18,594,5011,5605
816,2019-02-19,554,5685,6239
816,2019-02-20,535,5818,6353
816,2019-02-21,561,5753,6314
816,2019-02-22,487,5790,6277
816,2019-02-23,206,4125,4331
816,2019-02-24,29,3224,3253
816,2019-02-25,578,6230,6808
816,2019-02-26,532,6627,7159
816,2019-02-27,669,6661,7330
816,2019-02-28,760,6912,7672
816,2019-03-01,622,6979,7601
816,2019-03-02,224,4484,4708
816,2019-03-03,26,2947,2973
816,2019-03-04,447,5934,6381
816,2019-03-05,526,6346,6872
816,2019-03-06,517,6513,7030
816,2019-03-07,536,6727,7263
816,2019-03-08,617,7134,7751
816,2019-03-09,156,4612,4768
816,2019-03-10,38,2777,2815
816,2019-03-11,613,6237,6850
816,2019-03-12,677,6757,7434
816,2019-03-13,589,6514,7103
816,2019-03-14,597,6781,7378
816,2019-03-15,517,6977,7494
816,2019-03-16,190,4665,4855
816,2019-03-17,34,3396,3430
816,2019-03-18,642,6530,7172
816,2019-03-19,729,6861,7590
816,2019-03-20,700,7010,7710
816,2019-03-21,698,7317,8015
816,2019-03-22,672,7346,8018
816,2019-03-23,286,5106,5392
816,2019-03-24,49,3661,3710
816,2019-03-25,632,6708,7340
816,2019-03-26,647,6995,7642
816,2019-03-27,659,7004,7663
816,2019-03-28,668,7093,7761
816,2019-03-29,636,7358,7994
816,2019-03-30,213,4996,5209
816,2019-04-01,690,6567,7257
816,2019-04-02,568,7175,7743
816,2019-04-03,524,6910,7434
816,2019-04-04,610,7126,7736
816,2019-04-05,658,7251,7909
816,2019-04-06,218,4773,4991
816,2019-04-07,40,3421,3461
816,2019-04-08,685,5769,6454
816,2019-04-09,653,6048,6701
816,2019-04-10,595,6025,6620
816,2019-04-11,622,6275,6897
816,2019-04-12,652,6150,6802
816,2019-04-13,180,3821,4001
816,2019-04-14,36,2916,2952
816,2019-04-15,595,5896,6491
816,2019-04-16,674,6063,6737
816,2019-04-17,699,6207,6906
816,2019-04-18,629,6314,6943
816,2019-04-19,594,6165,6759
816,2019-04-20,203,4475,4678
816,2019-04-21,41,4028,4069
816,2019-04-22,34,4082,4116
816,2019-04-23,568,7049,7617
816,2019-04-24,654,7023,7677
816,2019-04-25,677,7018,7695
816,2019-04-26,563,7575,8138
816,2019-04-27,194,4882,5076
816,2019-04-28,25,3175,3200
816,2019-04-29,695,6793,7488
816,2019-04-30,540,7426,7966
816,2019-05-01,47,3722,3769
816,2019-05-02,549,6822,7371
816,2019-05-03,628,7038,7666
816,2019-05-04,196,4238,4434
816,2019-05-05,53,3684,3737
816,2019-05-06,585,6539,7124
816,2019-05-07,564,6928,7492
816,2019-05-08,524,7275,7799
816,2019-05-09,50,2759,2809
816,2019-05-10,524,6667,7191
816,2019-05-11,146,4519,4665
816,2019-05-12,94,3780,3874
816,2019-05-13,559,6494,7053
816,2019-05-14,582,7096,7678
816,2019-05-15,576,6891,7467
816,2019-05-16,574,7020,7594
816,2019-05-17,597,7111,7708
816,2019-05-18,185,4846,5031
816,2019-05-19,57,3652,3709
816,2019-05-20,547,6566,7113
816,2019-05-21,500,6927,7427
816,2019-05-22,608,7145,7753
816,2019-05-23,627,7270,7897
816,2019-05-24,678,7300,7978
816,2019-05-25,324,4782,5106
816,2019-05-26,51,3857,3908
816,2019-05-27,581,5886,6467
816,2019-05-28,466,6340,6806
816,2019-05-29,519,6792,7311
816,2019-05-30,57,4466,4523
816,2019-05-31,398,5606,6004
816,2019-06-01,168,4617,4785
816,2019-06-02,47,4220,4267
816,2019-06-03,566,6665,7231
816,2019-06-04,537,7162,7699
816,2019-06-05,560,7069,7629
816,2019-06-06,517,7021,7538
816,2019-06-07,535,7139,7674
816,2019-06-08,170,4756,4926
816,2019-06-09,41,4343,4384
816,2019-06-10,69,3208,3277
816,2019-06-11,530,6825,7355
816,2019-06-12,544,6717,7261
816,2019-06-13,532,7077,7609
816,2019-06-14,565,7176,7741
816,2019-06-15,198,5505,5703
816,2019-06-16,48,5146,5194
816,2019-06-17,510,6742,7252
816,2019-06-18,527,6946,7473
816,2019-06-19,542,6646,7188
816,2019-06-20,503,6975,7478
816,2019-06-21,469,7081,7550
816,2019-06-22,165,4609,4774
816,2019-06-23,45,3853,3898
816,2019-06-24,502,6760,7262
816,2019-06-25,480,7019,7499
816,2019-06-26,585,7122,7707
816,2019-06-27,565,7162,7727
816,2019-06-28,488,7319,7807
816,2019-06-29,184,5549,5733
816,2019-06-30,65,4538,4603
816,2019-07-01,511,6695,7206
816,2019-07-02,507,7031,7538
816,2019-07-03,527,6957,7484
816,2019-07-04,528,7347,7875
816,2019-07-05,509,7174,7683
816,2019-07-06,203,5198,5401
816,2019-07-07,43,3891,3934
816,2019-07-08,621,6788,7409
816,2019-07-09,576,6894,7470
816,2019-07-10,599,7107,7706
816,2019-07-11,514,6840,7354
816,2019-07-12,526,6687,7213
816,2019-07-13,156,4792,4948
816,2019-07-14,47,3954,4001
816,2019-07-15,509,5741,6250
816,2019-07-16,531,6467,6998
816,2019-07-17,527,6537,7064
816,2019-07-18,509,6364,6873
816,2019-07-19,433,6425,6858
816,2019-07-20,178,4536,4714
816,2019-07-21,40,4008,4048
816,2019-07-22,479,5941,6420
816,2019-07-23,507,6279,6786
816,2019-07-24,541,6475,7016
816,2019-07-25,474,6324,6798
816,2019-07-26,316,6242,6558
816,2019-07-27,156,4150,4306
816,2019-07-28,53,3084,3137
816,2019-07-29,279,5588,5867
816,2019-07-30,304,5721,6025
816,2019-07-31,309,5785,6094
816,2019-08-01,322,5657,5979
816,2019-08-02,298,5634,5932
816,2019-08-03,153,4259,4412
816,2019-08-04,40,3793,3833
816,2019-08-05,297,4957,5254
816,2019-08-06,251,5281,5532
816,2019-08-07,283,5344,5627
816,2019-08-08,265,5397,5662
816,2019-08-09,248,5127,5375
816,2019-08-10,124,3945,4069
816,2019-08-11,46,3178,3224
816,2019-08-12,287,4988,5275
816,2019-08-13,276,5298,5574
816,2019-08-14,293,5404,5697
816,2019-08-15,47,3119,3166
816,2019-08-16,270,4888,5158
816,2019-08-17,129,3627,3756
816,2019-08-18,26,2731,2757
816,2019-08-19,371,4895,5266
816,2019-08-20,366,5086,5452
816,2019-08-21,403,5369,5772
816,2019-08-22,385,5483,5868
816,2019-08-23,347,5665,6012
816,2019-08-24,178,4672,4850
816,2019-08-25,35,4201,4236
816,2019-08-26,471,5530,6001
816,2019-08-27,504,6085,6589
816,2019-08-28,516,6017,6533
816,2019-08-29,485,5920,6405
816,2019-08-30,485,6074,6559
816,2019-08-31,199,4473,4672
816,2019-09-01,42,4241,4283
816,2019-09-02,525,5775,6300
816,2019-09-03,534,5623,6157
816,2019-09-04,491,5932,6423
816,2019-09-05,527,5864,6391
816,2019-09-06,504,5826,6330
816,2019-09-07,205,4110,4315
816,2019-09-08,46,3446,3492
816,2019-09-09,580,6193,6773
816,2019-09-10,533,6298,6831
816,2019-09-11,496,6201,6697
816,2019-09-12,522,6431,6953
816,2019-09-13,641,6460,7101
816,2019-09-14,204,4623,4827
816,2019-09-15,59,3986,4045
816,2019-09-16,546,6388,6934
816,2019-09-17,612,6645,7257
816,2019-09-18,603,6767,7370
816,2019-09-19,602,6656,7258
816,2019-09-20,576,6872,7448
816,2019-09-21,252,5177,5429
816,2019-09-22,62,3821,3883
816,2019-09-23,546,6409,6955
816,2019-09-24,547,6645,7192
816,2019-09-25,549,6681,7230
816,2019-09-26,543,6784,7327
816,2019-09-27,567,6993,7560
816,2019-09-28,223,4816,5039
816,2019-09-29,55,3667,3722
816,2019-09-30,464,6365,6829
816,2019-10-01,497,6721,7218
816,2019-10-02,584,6800,7384
816,2019-10-03,503,6930,7433
816,2019-10-04,496,6936,7432
816,2019-10-05,195,4842,5037
816,2019-10-06,44,3624,3668
816,2019-10-07,543,6469,7012
816,2019-10-08,513,7205,7718
816,2019-10-09,517,7092,7609
816,2019-10-10,740,7656,8396
816,2019-10-11,576,7389,7965
816,2019-10-12,336,4946,5282
816,2019-10-13,97,3855,3952
816,2019-10-14,587,6886,7473
816,2019-10-15,609,7158,7767
816,2019-10-16,587,7095,7682
816,2019-10-17,572,7028,7600
816,2019-10-18,594,7077,7671
816,2019-10-19,156,5181,5337
816,2019-10-20,32,3335,3367
816,2019-10-21,667,6586,7253
816,2019-10-22,725,7093,7818
816,2019-10-23,690,7073,7763
816,2019-10-24,685,7121,7806
816,2019-10-25,748,7111,7859
816,2019-10-26,227,4966,5193
816,2019-10-27,33,3606,3639
816,2019-10-28,697,6130,6827
816,2019-10-29,742,6266,7008
816,2019-10-30,733,6081,6814
816,2019-11-01,31,3524,3555
816,2019-11-02,131,4303,4434
816,2019-11-03,37,3103,3140
816,2019-11-04,691,6262,6953
816,2019-11-05,646,6662,7308
816,2019-11-06,713,6494,7207
816,2019-11-07,705,6796,7501
816,2019-11-08,730,6906,7636
816,2019-11-09,230,4768,4998
816,2019-11-10,36,3547,3583
816,2019-11-11,651,6067,6718
816,2019-11-12,635,6450,7085
816,2019-11-13,627,6377,7004
816,2019-11-14,693,6667,7360
816,2019-11-15,656,6534,7190
816,2019-11-16,216,4546,4762
816,2019-11-17,48,3466,3514
816,2019-11-18,687,5985,6672
816,2019-11-19,658,6295,6953
816,2019-11-20,707,6326,7033
816,2019-11-21,716,6533,7249
816,2019-11-22,690,6502,7192
816,2019-11-23,233,4673,4906
816,2019-11-24,36,3410,3446
816,2019-11-25,677,6053,6730
816,2019-11-26,691,6711,7402
816,2019-11-27,625,6574,7199
816,2019-11-28,590,6824,7414
816,2019-11-29,571,6857,7428
816,2019-11-30,210,4869,5079
816,2019-12-01,44,3000,3044
816,2019-12-02,541,6372,6913
816,2019-12-03,649,6520,7169
816,2019-12-04,626,6470,7096
816,2019-12-05,636,6890,7526
816,2019-12-06,572,6545,7117
816,2019-12-07,215,4460,4675
816,2019-12-08,27,3384,3411
816,2019-12-09,502,6284,6786
816,2019-12-10,546,6653,7199
816,2019-12-11,530,6555,7085
816,2019-12-12,575,6721,7296
816,2019-12-13,528,6562,7090
816,2019-12-14,180,4715,4895
816,2019-12-15,37,3220,3257
816,2019-12-16,535,6467,7002
816,2019-12-17,560,6769,7329
816,2019-12-18,598,6951,7549
816,2019-12-19,493,7227,7720
816,2019-12-20,373,6812,7185
816,2019-12-21,163,4343,4506
816,2019-12-22,42,3103,3145
816,2019-12-23,233,5261,5494
816,2019-12-24,177,4324,4501
816,2019-12-25,29,2962,2991
816,2019-12-26,34,2488,2522
816,2019-12-27,235,4303,4538
816,2019-12-28,126,3604,3730
816,2019-12-29,34,2624,2658
816,2019-12-30,229,4319,4548
816,2019-12-31,215,4042,4257
818,2019-01-01,14,1404,1418
818,2019-01-02,157,2812,2969
818,2019-01-04,164,3165,3329
818,2019-01-05,110,2247,2357
818,2019-01-06,11,2072,2083
818,2019-01-07,209,3865,4074
818,2019-01-08,185,3972,4157
818,2019-01-09,192,4047,4239
818,2019-01-10,208,4059,4267
818,2019-01-11,210,4094,4304
818,2019-01-12,129,3661,3790
818,2019-01-13,18,2744,2762
818,2019-01-14,281,4125,4406
818,2019-01-15,267,4203,4470
818,2019-01-16,268,4295,4563
818,2019-01-18,255,4403,4658
818,2019-01-19,129,2665,2794
818,2019-01-20,17,1901,1918
818,2019-01-21,257,4158,4415
818,2019-01-22,257,4155,4412
818,2019-01-23,228,3922,4150
818,2019-01-24,220,4291,4511
818,2019-01-25,226,4243,4469
818,2019-01-26,110,2559,2669
818,2019-01-27,22,1756,1778
818,2019-01-28,224,3919,4143
818,2019-01-29,247,4179,4426
818,2019-01-30,196,3248,3444
818,2019-02-01,241,4137,4378
818,2019-02-02,105,2539,2644
818,2019-02-03,16,1963,1979
818,2019-02-04,234,4073,4307
818,2019-02-05,239,4288,4527
818,2019-02-06,266,4274,4540
818,2019-02-07,271,4355,4626
818,2019-02-08,256,4346,4602
818,2019-02-09,144,2720,2864
818,2019-02-10,16,1826,1842
818,2019-02-11,281,4304,4585
818,2019-02-12,282,4355,4637
818,2019-02-13,257,4243,4500
818,2019-02-15,273,4243,4516
818,2019-02-16,125,2556,2681
818,2019-02-17,11,2093,2104
818,2019-02-18,250,3402,3652
818,2019-02-19,241,3625,3866
818,2019-02-20,254,3839,4093
818,2019-02-21,242,3864,4106
818,2019-02-22,247,3783,4030
818,2019-02-23,145,2632,2777
818,2019-02-24,17,2063,2080
818,2019-02-25,251,4307,4558
818,2019-02-26,268,4528,4796
818,2019-02-27,295,4538,4833
818,2019-03-01,304,4663,4967
818,2019-03-02,147,2842,2989
818,2019-03-03,16,1946,1962
818,2019-03-04,297,4036,4333
818,2019-03-05,320,4162,4482
818,2019-03-06,259,4514,4773
818,2019-03-07,267,4579,4846
818,2019-03-08,267,4760,5027
818,2019-03-09,163,2773,2936
818,2019-03-10,23,1591,1614
818,2019-03-11,267,4102,4369
818,2019-03-12,319,4617,4936
818,2019-03-13,358,4214,4572
818,2019-03-15,254,4583,4837
818,2019-03-16,127,2692,2819
818,2019-03-17,24,2064,2088
818,2019-03-18,325,4428,4753
818,2019-03-19,344,4685,5029
818,2019-03-20,388,4895,5283
818,2019-03-21,360,5063,5423
818,2019-03-22,369,5139,5508
818,2019-03-23,187,3231,3418
818,2019-03-24,28,2298,2326
818,2019-03-25,315,4599,4914
818,2019-03-26,336,4757,5093
818,2019-03-27,344,4875,5219
818,2019-03-29,322,5081,5403
818,2019-03-30,185,3210,3395
818,2019-04-01,326,4549,4875
818,2019-04-02,364,4438,4802
818,2019-04-03,269,4697,4966
818,2019-04-05,360,4840,5200
818,2019-04-06,158,2956,3114
818,2019-04-07,19,2027,2046
818,2019-04-08,344,3972,4316
818,2019-04-09,390,3868,4258
818,2019-04-10,274,4102,4376
818,2019-04-12,307,4258,4565
818,2019-04-13,153,2752,2905
818,2019-04-14,15,2054,2069
818,2019-04-15,302,4954,5256
818,2019-04-16,301,5165,5466
818,2019-04-17,315,5071,5386
818,2019-04-18,309,4391,4700
818,2019-04-19,319,4313,4632
818,2019-04-20,157,2750,2907
818,2019-04-21,25,2790,2815
818,2019-04-22,25,2823,2848
818,2019-04-23,333,4720,5053
818,2019-04-24,392,4458,4850
818,2019-04-26,310,5123,5433
818,2019-04-27,176,2954,3130
818,2019-04-28,17,2067,2084
818,2019-04-29,298,4584,4882
818,2019-04-30,314,4917,5231
818,2019-05-01,21,2476,2497
818,2019-05-02,325,4576,4901
818,2019-05-03,309,4791,5100
818,2019-05-04,157,2745,2902
818,2019-05-05,31,2359,2390
818,2019-05-06,308,4403,4711
818,2019-05-07,297,4593,4890
818,2019-05-08,382,4640,5022
818,2019-05-10,297,4378,4675
818,2019-05-11,172,2914,3086
818,2019-05-12,24,2464,2488
818,2019-05-13,361,4400,4761
818,2019-05-14,342,4901,5243
818,2019-05-15,368,4738,5106
818,2019-05-16,385,4775,5160
818,2019-05-17,394,4785,5179
818,2019-05-18,176,3049,3225
818,2019-05-19,30,2134,2164
818,2019-05-20,318,4538,4856
818,2019-05-21,316,4733,5049
818,2019-05-22,345,4925,5270
818,2019-05-24,366,5063,5429
818,2019-05-25,180,3086,3266
818,2019-05-26,34,2647,2681
818,2019-05-27,289,3972,4261
818,2019-05-28,312,4140,4452
818,2019-05-29,342,4445,4787
818,2019-06-06,433,4778,5211
818,2019-06-07,394,4830,5224
818,2019-06-08,179,2831,3010
818,2019-06-09,31,2589,2620
818,2019-06-10,50,1995,2045
818,2019-06-11,395,4485,4880
818,2019-06-12,376,4523,4899
818,2019-06-13,394,4702,5096
818,2019-06-14,399,4763,5162
818,2019-06-15,171,4110,4281
818,2019-06-16,39,3266,3305
818,2019-06-17,360,4515,4875
818,2019-06-18,378,4625,5003
818,2019-06-19,346,4395,4741
818,2019-06-20,358,4600,4958
818,2019-06-21,353,4792,5145
818,2019-06-22,168,2926,3094
818,2019-06-23,31,2529,2560
818,2019-06-24,380,4504,4884
818,2019-06-25,332,4729,5061
818,2019-06-26,416,4787,5203
818,2019-06-27,387,4733,5120
818,2019-06-28,338,4777,5115
818,2019-06-29,163,3661,3824
818,2019-06-30,32,2894,2926
818,2019-07-01,372,4468,4840
818,2019-07-02,370,4647,5017
818,2019-07-03,363,4653,5016
818,2019-07-04,383,4864,5247
818,2019-07-05,371,4699,5070
818,2019-07-06,191,3299,3490
818,2019-07-07,48,2335,2383
818,2019-07-08,467,4429,4896
818,2019-07-09,453,4538,4991
818,2019-07-10,446,4749,5195
818,2019-07-11,407,4555,4962
818,2019-07-12,410,4256,4666
818,2019-07-13,176,2923,3099
818,2019-07-14,41,2464,2505
818,2019-07-15,346,2729,3075
818,2019-07-16,368,4116,4484
818,2019-07-17,374,4161,4535
818,2019-07-18,373,3973,4346
818,2019-07-19,310,4059,4369
818,2019-07-20,192,2882,3074
818,2019-07-21,46,2456,2502
818,2019-07-22,347,3907,4254
818,2019-07-23,325,4156,4481
818,2019-07-24,355,4213,4568
818,2019-07-25,263,4249,4512
818,2019-07-26,225,4057,4282
818,2019-07-27,131,2603,2734
818,2019-07-28,48,1901,1949
818,2019-07-29,200,3672,3872
818,2019-07-30,244,3735,3979
818,2019-07-31,228,3793,4021
818,2019-08-01,235,3741,3976
818,2019-08-02,247,3654,3901
818,2019-08-03,140,2692,2832
818,2019-08-04,31,2477,2508
818,2019-08-05,191,3312,3503
818,2019-08-06,200,3497,3697
818,2019-08-07,206,3498,3704
818,2019-08-08,228,3546,3774
818,2019-08-09,208,3394,3602
818,2019-08-10,121,2353,2474
818,2019-08-11,35,1918,1953
818,2019-08-12,239,3202,3441
818,2019-08-13,211,3433,3644
818,2019-08-14,234,3447,3681
818,2019-08-15,53,1847,1900
818,2019-08-16,224,3105,3329
818,2019-08-17,129,2183,2312
818,2019-08-18,15,1558,1573
818,2019-08-19,224,2928,3152
818,2019-08-20,249,3055,3304
818,2019-08-21,249,3414,3663
818,2019-08-22,283,3534,3817
818,2019-08-23,257,3733,3990
818,2019-08-24,162,3303,3465
818,2019-08-25,38,2954,2992
818,2019-08-26,358,3805,4163
818,2019-08-27,384,4200,4584
818,2019-08-28,383,4176,4559
818,2019-08-29,377,4194,4571
818,2019-08-30,363,4098,4461
818,2019-08-31,161,2922,3083
818,2019-09-01,36,2495,2531
818,2019-09-02,335,3731,4066
818,2019-09-03,356,3597,3953
818,2019-09-04,354,3892,4246
818,2019-09-05,386,3806,4192
818,2019-09-06,377,3846,4223
818,2019-09-07,167,2678,2845
818,2019-09-08,30,2187,2217
818,2019-09-09,436,4114,4550
818,2019-09-10,369,4230,4599
818,2019-09-11,362,4264,4626
818,2019-09-12,407,4195,4602
818,2019-09-13,426,4134,4560
818,2019-09-14,176,2879,3055
818,2019-09-15,47,2481,2528
818,2019-09-16,371,4277,4648
818,2019-09-17,412,4421,4833
818,2019-09-18,371,4377,4748
818,2019-09-19,373,4429,4802
818,2019-09-20,411,4581,4992
818,2019-09-21,186,3473,3659
818,2019-09-22,55,2378,2433
818,2019-09-23,343,4302,4645
818,2019-09-24,353,4480,4833
818,2019-09-25,416,4446,4862
818,2019-09-26,366,4484,4850
818,2019-09-27,367,4578,4945
818,2019-09-28,161,2980,3141
818,2019-09-29,55,2813,2868
818,2019-09-30,348,4238,4586
818,2019-10-01,328,4532,4860
818,2019-10-02,362,4479,4841
818,2019-10-03,384,4631,5015
818,2019-10-04,338,4640,4978
818,2019-10-05,170,2996,3166
818,2019-10-06,23,2205,2228
818,2019-10-07,329,4213,4542
818,2019-10-08,303,4407,4710
818,2019-10-09,312,4274,4586
818,2019-10-10,386,4559,4945
818,2019-10-11,391,4584,4975
818,2019-10-12,257,3019,3276
818,2019-10-13,48,2377,2425
818,2019-10-14,449,4421,4870
818,2019-10-15,579,7011,7590
818,2019-10-16,387,4474,4861
818,2019-10-17,148,2938,3086
818,2019-10-18,220,3434,3654
818,2019-10-19,142,3092,3234
818,2019-10-20,19,2045,2064
818,2019-10-21,392,4120,4512
818,2019-10-22,474,4297,4771
818,2019-10-23,409,4378,4787
818,2019-10-24,464,4595,5059
818,2019-10-25,517,4513,5030
818,2019-10-26,206,3117,3323
818,2019-10-27,24,2054,2078
818,2019-10-28,501,3982,4483
818,2019-10-29,519,4438,4957
818,2019-10-30,497,3925,4422
818,2019-11-01,14,2116,2130
818,2019-11-02,115,2691,2806
818,2019-11-03,13,1796,1809
818,2019-11-04,481,4111,4592
818,2019-11-05,446,4459,4905
818,2019-11-06,450,4329,4779
818,2019-11-07,467,4508,4975
818,2019-11-08,504,4397,4901
818,2019-11-09,162,2987,3149
818,2019-11-10,23,2167,2190
818,2019-11-11,493,4292,4785
818,2019-11-12,442,4252,4694
818,2019-11-13,463,4098,4561
818,2019-11-14,511,4390,4901
818,2019-11-15,464,4273,4737
818,2019-11-16,171,2798,2969
818,2019-11-17,42,2047,2089
818,2019-11-18,405,4061,4466
818,2019-11-19,480,4411,4891
818,2019-11-20,510,4252,4762
818,2019-11-21,520,4280,4800
818,2019-11-22,522,4320,4842
818,2019-11-23,196,2847,3043
818,2019-11-24,42,2174,2216
818,2019-11-25,476,4012,4488
818,2019-11-26,490,4427,4917
818,2019-11-27,429,4340,4769
818,2019-11-28,432,4477,4909
818,2019-11-29,438,4522,4960
818,2019-11-30,205,2845,3050
818,2019-12-01,31,1833,1864
818,2019-12-02,470,3893,4363
818,2019-12-03,576,4139,4715
818,2019-12-04,520,4281,4801
818,2019-12-05,519,4377,4896
818,2019-12-06,548,4105,4653
818,2019-12-07,183,2709,2892
818,2019-12-08,15,2085,2100
818,2019-12-09,398,4141,4539
818,2019-12-10,466,4267,4733
818,2019-12-11,387,4283,4670
818,2019-12-12,450,4354,4804
818,2019-12-13,351,4433,4784
818,2019-12-14,152,2925,3077
818,2019-12-15,29,2033,2062
818,2019-12-16,419,4321,4740
818,2019-12-17,355,4430,4785
818,2019-12-18,476,4501,4977
818,2019-12-19,395,4544,4939
818,2019-12-20,267,4298,4565
818,2019-12-21,152,2718,2870
818,2019-12-22,26,1979,2005
818,2019-12-23,182,3268,3450
818,2019-12-24,147,2622,2769
818,2019-12-25,20,1744,1764
818,2019-12-26,21,1437,1458
818,2019-12-27,193,2799,2992
818,2019-12-28,134,2137,2271
818,2019-12-29,20,1645,1665
818,2019-12-30,178,2689,2867
818,2019-12-31,163,2433,2596
820,2019-01-01,24,1270,1294
820,2019-01-02,212,2569,2781
820,2019-01-03,213,2983,3196
820,2019-01-04,244,3071,3315
820,2019-01-05,119,2003,2122
820,2019-01-06,29,1527,1556
820,2019-01-07,263,3722,3985
820,2019-01-08,234,3660,3894
820,2019-01-09,237,3588,3825
820,2019-01-10,312,3822,4134
820,2019-01-11,263,4013,4276
820,2019-01-12,139,2139,2278
820,2019-01-13,31,1664,1695
820,2019-01-14,314,3990,4304
820,2019-01-15,305,4027,4332
820,2019-01-16,309,4043,4352
820,2019-01-17,269,3950,4219
820,2019-03-06,343,4263,4606
820,2019-03-07,334,4202,4536
820,2019-03-08,347,4231,4578
820,2019-03-09,148,2292,2440
820,2019-03-10,34,1764,1798
820,2019-03-11,321,4096,4417
820,2019-03-12,321,4208,4529
820,2019-03-13,340,4053,4393
820,2019-03-14,291,4161,4452
820,2019-03-15,331,4180,4511
820,2019-03-16,128,2479,2607
820,2019-03-17,32,1820,1852
820,2019-03-18,366,4205,4571
820,2019-03-19,328,4524,4852
820,2019-03-20,329,4412,4741
820,2019-03-21,398,4478,4876
820,2019-03-22,407,4737,5144
820,2019-03-23,188,2794,2982
820,2019-03-24,35,2263,2298
820,2019-03-25,387,4326,4713
820,2019-03-26,341,4457,4798
820,2019-03-27,416,4286,4702
820,2019-03-28,398,4511,4909
820,2019-03-29,432,4828,5260
820,2019-03-30,179,2892,3071
820,2019-04-01,337,4589,4926
820,2019-04-02,343,4458,4801
820,2019-04-03,358,4477,4835
820,2019-04-04,322,4453,4775
820,2019-04-05,363,4679,5042
820,2019-04-06,159,2667,2826
820,2019-04-07,59,2616,2675
820,2019-04-08,316,4021,4337
820,2019-04-09,341,3893,4234
820,2019-04-10,304,3916,4220
820,2019-04-11,367,4107,4474
820,2019-04-12,338,4009,4347
820,2019-04-13,209,2660,2869
820,2019-04-14,47,1939,1986
820,2019-04-15,314,3915,4229
820,2019-04-16,304,3894,4198
820,2019-04-17,341,3995,4336
820,2019-04-18,366,4086,4452
820,2019-04-19,351,4247,4598
820,2019-04-20,221,3013,3234
820,2019-04-21,31,2570,2601
820,2019-04-22,49,2565,2614
820,2019-04-23,370,4614,4984
820,2019-04-24,347,4341,4688
820,2019-04-25,311,4489,4800
820,2019-04-26,323,4553,4876
820,2019-04-27,162,2614,2776
820,2019-04-28,47,2108,2155
820,2019-04-29,350,4242,4592
820,2019-04-30,404,4511,4915
820,2019-05-01,98,2522,2620
820,2019-05-02,352,4452,4804
820,2019-05-03,361,4541,4902
820,2019-05-04,152,2361,2513
820,2019-05-05,45,2282,2327
820,2019-05-06,339,4319,4658
820,2019-05-07,434,4355,4789
820,2019-05-08,329,4374,4703
820,2019-05-09,100,1961,2061
820,2019-05-10,291,4196,4487
820,2019-05-11,130,2442,2572
820,2019-05-12,43,2358,2401
820,2019-05-13,363,4315,4678
820,2019-05-14,328,4546,4874
820,2019-05-15,344,4521,4865
820,2019-05-16,382,4374,4756
820,2019-05-17,456,4578,5034
820,2019-05-18,151,2572,2723
820,2019-05-19,41,2014,2055
820,2019-05-20,338,4250,4588
820,2019-05-21,320,4288,4608
820,2019-05-22,344,4293,4637
820,2019-05-23,388,4452,4840
820,2019-05-24,327,4796,5123
820,2019-05-25,183,2649,2832
820,2019-05-26,40,2324,2364
820,2019-05-27,363,4147,4510
820,2019-05-28,352,4180,4532
820,2019-05-29,358,4386,4744
820,2019-05-30,62,2712,2774
820,2019-05-31,312,3892,4204
820,2019-06-01,175,3244,3419
820,2019-06-02,134,3744,3878
820,2019-06-03,365,4529,4894
820,2019-06-04,402,4614,5016
820,2019-06-05,327,4661,4988
820,2019-06-06,339,4612,4951
820,2019-06-07,379,4795,5174
820,2019-06-08,181,3363,3544
820,2019-06-09,53,3762,3815
820,2019-06-10,88,2429,2517
820,2019-06-11,463,4422,4885
820,2019-06-12,330,4488,4818
820,2019-06-13,389,4576,4965
820,2019-06-14,411,4673,5084
820,2019-06-15,186,3352,3538
820,2019-06-16,58,2651,2709
820,2019-06-17,337,4496,4833
820,2019-06-18,371,4679,5050
820,2019-06-19,376,4548,4924
820,2019-06-20,342,4540,4882
820,2019-06-21,381,4719,5100
820,2019-06-22,184,3012,3196
820,2019-06-23,40,3309,3349
820,2019-06-24,364,4727,5091
820,2019-06-25,404,5026,5430
820,2019-06-26,314,5164,5478
820,2019-06-27,384,5182,5566
820,2019-06-28,382,5033,5415
820,2019-06-29,225,4434,4659
820,2019-06-30,70,4961,5031
820,2019-07-01,459,4595,5054
820,2019-07-02,355,4641,4996
820,2019-07-03,391,4712,5103
820,2019-07-04,334,5035,5369
820,2019-07-05,347,5007,5354
820,2019-07-06,155,3646,3801
820,2019-07-07,56,2659,2715
820,2019-07-08,371,4511,4882
820,2019-07-09,366,4596,4962
820,2019-07-10,358,4578,4936
820,2019-07-11,360,4434,4794
820,2019-07-12,349,4688,5037
820,2019-07-13,152,3030,3182
820,2019-07-14,45,2513,2558
820,2019-07-15,325,4298,4623
820,2019-07-16,294,4406,4700
820,2019-07-17,303,4425,4728
820,2019-07-18,329,4351,4680
820,2019-07-19,307,4413,4720
820,2019-07-20,163,3112,3275
820,2019-07-21,61,3064,3125
820,2019-07-22,320,4407,4727
820,2019-07-23,322,4722,5044
820,2019-07-24,339,4996,5335
820,2019-07-25,280,5260,5540
820,2019-07-26,315,4538,4853
820,2019-07-27,149,2455,2604
820,2019-07-28,42,2215,2257
820,2019-07-29,253,3970,4223
820,2019-07-30,235,3936,4171
820,2019-07-31,237,3928,4165
820,2019-08-01,271,3750,4021
820,2019-08-02,310,4124,4434
820,2019-08-03,222,2707,2929
820,2019-08-04,131,2873,3004
820,2019-08-05,320,3538,3858
820,2019-08-06,279,3396,3675
820,2019-08-07,241,3343,3584
820,2019-08-08,297,3765,4062
820,2019-08-09,279,3435,3714
820,2019-08-10,154,2531,2685
820,2019-08-11,57,2649,2706
820,2019-08-12,305,3400,3705
820,2019-08-13,290,3375,3665
820,2019-08-14,323,3559,3882
820,2019-08-15,56,2233,2289
820,2019-08-16,259,3384,3643
820,2019-08-17,198,2262,2460
820,2019-08-18,50,1867,1917
820,2019-08-19,307,3731,4038
820,2019-08-20,296,3611,3907
820,2019-08-21,319,3886,4205
820,2019-08-22,333,4037,4370
820,2019-08-23,307,4207,4514
820,2019-08-24,213,3291,3504
820,2019-08-25,56,3766,3822
820,2019-08-26,341,4321,4662
820,2019-08-27,312,4542,4854
820,2019-08-28,512,4284,4796
820,2019-08-29,322,4314,4636
820,2019-08-30,346,4426,4772
820,2019-08-31,185,3450,3635
820,2019-09-01,59,2633,2692
820,2019-09-02,386,3947,4333
820,2019-09-03,363,4075,4438
820,2019-09-04,298,4020,4318
820,2019-09-05,317,4108,4425
820,2019-09-06,344,4204,4548
820,2019-09-07,133,2280,2413
820,2019-09-08,35,2035,2070
820,2019-09-09,348,4054,4402
820,2019-09-10,324,4155,4479
820,2019-09-11,386,4093,4479
820,2019-09-12,357,4280,4637
820,2019-09-13,496,4335,4831
820,2019-09-14,183,2953,3136
820,2019-09-15,45,2956,3001
820,2019-09-16,489,4504,4993
820,2019-09-17,414,4442,4856
820,2019-09-18,482,4448,4930
820,2019-09-19,485,4491,4976
820,2019-09-20,498,4603,5101
820,2019-09-21,192,3074,3266
820,2019-09-22,55,2420,2475
820,2019-09-23,362,4252,4614
820,2019-09-24,389,4202,4591
820,2019-09-25,351,4135,4486
820,2019-09-26,344,4295,4639
820,2019-09-27,464,4361,4825
820,2019-09-28,151,2591,2742
820,2019-09-29,43,2112,2155
820,2019-09-30,382,4248,4630
820,2019-10-01,325,4261,4586
820,2019-10-02,364,4303,4667
820,2019-10-03,390,4332,4722
820,2019-10-04,456,4566,5022
820,2019-10-05,158,2754,2912
820,2019-10-06,40,2058,2098
820,2019-10-07,309,4235,4544
820,2019-10-08,320,4308,4628
820,2019-10-09,284,4363,4647
820,2019-10-10,416,4370,4786
820,2019-10-11,489,4601,5090
820,2019-10-12,324,2711,3035
820,2019-10-13,106,2427,2533
820,2019-10-14,437,4527,4964
820,2019-10-15,327,4616,4943
820,2019-10-16,301,4329,4630
820,2019-10-17,343,4597,4940
820,2019-10-18,374,4632,5006
820,2019-10-19,132,2540,2672
820,2019-10-20,39,1917,1956
820,2019-10-21,333,4361,4694
820,2019-10-22,349,4566,4915
820,2019-10-23,339,4480,4819
820,2019-10-24,524,4510,5034
820,2019-10-25,491,4870,5361
820,2019-10-26,226,3070,3296
820,2019-10-27,49,2417,2466
820,2019-10-28,391,4048,4439
820,2019-10-29,360,4273,4633
820,2019-10-30,304,4160,4464
820,2019-11-01,54,2115,2169
820,2019-11-02,122,2304,2426
820,2019-11-03,41,1924,1965
820,2019-11-04,364,4412,4776
820,2019-11-05,361,4538,4899
820,2019-11-06,396,4291,4687
820,2019-11-07,367,4521,4888
820,2019-11-08,406,4672,5078
820,2019-11-09,215,2673,2888
820,2019-11-10,35,2117,2152
820,2019-11-11,356,4167,4523
820,2019-11-12,383,4399,4782
820,2019-11-13,383,4293,4676
820,2019-11-14,397,4420,4817
820,2019-11-15,410,4547,4957
820,2019-11-16,189,2623,2812
820,2019-11-17,40,2010,2050
820,2019-11-18,314,4084,4398
820,2019-11-19,371,4452,4823
820,2019-11-20,369,4313,4682
820,2019-11-21,402,4395,4797
820,2019-11-22,361,4942,5303
820,2019-11-23,158,3020,3178
820,2019-11-24,52,2231,2283
820,2019-11-25,361,4274,4635
820,2019-11-26,358,4404,4762
820,2019-11-27,342,4284,4626
820,2019-11-28,325,4476,4801
820,2019-11-29,378,4429,4807
820,2019-11-30,160,2532,2692
820,2019-12-01,48,1630,1678
820,2019-12-02,347,4218,4565
820,2019-12-03,393,4302,4695
820,2019-12-04,373,4276,4649
820,2019-12-05,361,4338,4699
820,2019-12-06,305,4208,4513
820,2019-12-07,160,2601,2761
820,2019-12-08,43,1704,1747
820,2019-12-09,319,4480,4799
820,2019-12-10,323,4445,4768
820,2019-12-11,339,4288,4627
820,2019-12-12,346,4364,4710
820,2019-12-13,342,4456,4798
820,2019-12-14,137,2560,2697
820,2019-12-15,37,1853,1890
820,2019-12-16,331,4422,4753
820,2019-12-17,353,4488,4841
820,2019-12-18,355,4346,4701
820,2019-12-19,366,4421,4787
820,2019-12-20,285,4327,4612
820,2019-12-21,138,2278,2416
820,2019-12-22,40,1624,1664
820,2019-12-23,198,3282,3480
820,2019-12-24,185,2537,2722
820,2019-12-25,19,1413,1432
820,2019-12-26,44,1504,1548
820,2019-12-27,195,2642,2837
820,2019-12-28,155,2221,2376
820,2019-12-29,36,1817,1853
820,2019-12-30,202,2943,3145
820,2019-12-31,158,2505,2663
822,2019-01-01,2,695,697
822,2019-01-02,52,1100,1152
822,2019-01-03,43,1224,1267
822,2019-01-04,61,1352,1413
822,2019-01-05,23,957,980
822,2019-01-06,11,923,934
822,2019-01-07,71,1522,1593
822,2019-01-08,77,1548,1625
822,2019-01-09,84,1562,1646
822,2019-01-10,66,1614,1680
822,2019-01-11,86,1593,1679
822,2019-01-12,19,1078,1097
822,2019-01-13,4,1078,1082
822,2019-01-14,85,1674,1759
822,2019-01-15,118,1758,1876
822,2019-01-16,174,1780,1954
822,2019-01-17,130,1817,1947
822,2019-01-18,108,1791,1899
822,2019-01-19,19,1261,1280
822,2019-01-20,11,1042,1053
822,2019-01-21,100,1633,1733
822,2019-01-22,113,1553,1666
822,2019-01-23,97,1572,1669
822,2019-01-24,95,1666,1761
822,2019-01-25,98,1614,1712
822,2019-01-26,28,1154,1182
822,2019-01-27,10,1020,1030
822,2019-01-28,90,1550,1640
822,2019-01-29,145,1646,1791
822,2019-01-30,40,1363,1403
822,2019-01-31,120,1622,1742
822,2019-02-01,136,1663,1799
822,2019-02-02,11,1123,1134
822,2019-02-03,6,1148,1154
822,2019-02-04,91,1652,1743
822,2019-02-05,96,1678,1774
822,2019-02-06,85,1675,1760
822,2019-02-07,90,1740,1830
822,2019-02-08,108,1735,1843
822,2019-02-09,31,1296,1327
822,2019-02-10,13,1065,1078
822,2019-02-11,124,1697,1821
822,2019-02-12,134,1716,1850
822,2019-02-13,121,1775,1896
822,2019-02-14,123,1842,1965
822,2019-02-15,128,1782,1910
822,2019-02-16,49,1233,1282
822,2019-02-17,8,1208,1216
822,2019-02-18,147,1639,1786
822,2019-02-19,113,1650,1763
822,2019-02-20,144,1596,1740
822,2019-02-21,110,1629,1739
822,2019-02-22,117,1670,1787
822,2019-02-23,69,1311,1380
822,2019-02-24,7,1325,1332
822,2019-02-25,165,1717,1882
822,2019-02-26,151,1779,1930
822,2019-02-27,101,1853,1954
822,2019-02-28,154,1770,1924
822,2019-03-01,130,1946,2076
822,2019-03-02,57,1294,1351
822,2019-03-03,8,1050,1058
822,2019-03-04,96,1629,1725
822,2019-03-05,118,1739,1857
822,2019-03-06,201,1797,1998
822,2019-03-07,176,1820,1996
822,2019-03-08,226,1802,2028
822,2019-03-09,41,1249,1290
822,2019-03-10,17,960,977
822,2019-03-11,193,1719,1912
822,2019-03-12,169,1731,1900
822,2019-03-13,280,1770,2050
822,2019-03-14,147,1750,1897
822,2019-03-15,158,1756,1914
822,2019-03-16,50,1300,1350
822,2019-03-17,12,1218,1230
822,2019-03-18,214,1647,1861
822,2019-03-19,216,1795,2011
822,2019-03-20,220,1780,2000
822,2019-03-21,205,1908,2113
822,2019-03-22,194,1965,2159
822,2019-03-23,87,1450,1537
822,2019-03-24,25,1488,1513
822,2019-03-25,179,1711,1890
822,2019-03-26,142,1743,1885
822,2019-03-27,187,1912,2099
822,2019-03-28,218,1883,2101
822,2019-03-29,224,1983,2207
822,2019-03-30,101,1478,1579
822,2019-04-01,196,1770,1966
822,2019-04-02,207,1883,2090
822,2019-04-03,228,1922,2150
822,2019-04-04,179,1923,2102
822,2019-04-05,192,1966,2158
822,2019-04-06,109,1423,1532
822,2019-04-07,32,1299,1331
822,2019-04-08,151,1552,1703
822,2019-04-09,152,1581,1733
822,2019-04-10,143,1675,1818
822,2019-04-11,161,1606,1767
822,2019-04-12,201,1676,1877
822,2019-04-13,83,1173,1256
822,2019-04-14,16,1161,1177
822,2019-04-15,173,1642,1815
822,2019-04-16,135,1635,1770
822,2019-04-17,157,1648,1805
822,2019-04-18,203,1783,1986
822,2019-04-19,255,1807,2062
822,2019-04-20,52,1361,1413
822,2019-04-21,16,1458,1474
822,2019-04-22,30,1427,1457
822,2019-04-23,186,1792,1978
822,2019-04-24,176,1763,1939
822,2019-04-25,233,1795,2028
822,2019-04-26,234,1945,2179
822,2019-04-27,65,1522,1587
822,2019-04-28,9,1126,1135
822,2019-04-29,200,1604,1804
822,2019-04-30,280,1947,2227
822,2019-05-01,38,1560,1598
822,2019-05-02,203,1759,1962
822,2019-05-03,175,1833,2008
822,2019-05-04,64,1105,1169
822,2019-05-05,32,1367,1399
822,2019-05-06,194,1740,1934
822,2019-05-07,218,1887,2105
822,2019-05-08,251,2032,2283
822,2019-05-09,30,1020,1050
822,2019-05-10,156,1945,2101
822,2019-05-11,45,1286,1331
822,2019-05-12,28,1439,1467
822,2019-05-13,263,1943,2206
822,2019-05-14,187,1941,2128
822,2019-05-15,258,2036,2294
822,2019-05-16,347,1960,2307
822,2019-05-17,230,2086,2316
822,2019-05-18,78,1492,1570
822,2019-05-19,25,1351,1376
822,2019-05-20,228,1759,1987
822,2019-05-21,239,1959,2198
822,2019-05-22,206,1895,2101
822,2019-05-23,202,1949,2151
822,2019-05-24,182,2036,2218
822,2019-05-25,76,1427,1503
822,2019-05-26,26,1676,1702
822,2019-05-27,196,1570,1766
822,2019-05-28,220,1767,1987
822,2019-05-29,253,2113,2366
822,2019-05-30,53,2909,2962
822,2019-05-31,142,1801,1943
822,2019-06-01,86,1596,1682
822,2019-06-02,46,1784,1830
822,2019-06-03,212,1794,2006
822,2019-06-04,204,2110,2314
822,2019-06-05,264,2162,2426
822,2019-06-06,218,2125,2343
822,2019-06-07,271,2100,2371
822,2019-06-08,83,1578,1661
822,2019-06-09,31,1536,1567
822,2019-06-10,24,1317,1341
822,2019-06-11,223,1987,2210
822,2019-06-12,222,1952,2174
822,2019-06-13,238,2101,2339
822,2019-06-14,251,2262,2513
822,2019-06-15,68,1733,1801
822,2019-06-16,20,1636,1656
822,2019-06-17,225,1976,2201
822,2019-06-18,211,2068,2279
822,2019-06-19,220,1997,2217
822,2019-06-20,228,1999,2227
822,2019-06-21,219,2073,2292
822,2019-06-22,60,1538,1598
822,2019-06-23,27,1561,1588
822,2019-06-24,187,2029,2216
822,2019-06-25,197,2142,2339
822,2019-06-26,272,2218,2490
822,2019-06-27,190,2199,2389
822,2019-06-28,200,2291,2491
822,2019-06-29,72,1966,2038
822,2019-06-30,25,1929,1954
822,2019-07-01,213,2081,2294
822,2019-07-02,256,2172,2428
822,2019-07-03,243,2203,2446
822,2019-07-04,238,2307,2545
822,2019-07-05,211,2236,2447
822,2019-07-06,61,1700,1761
822,2019-07-07,16,1638,1654
822,2019-07-08,225,2023,2248
822,2019-07-09,243,2041,2284
822,2019-07-10,264,2142,2406
822,2019-07-11,243,2019,2262
822,2019-07-12,209,2026,2235
822,2019-07-13,105,1481,1586
822,2019-07-14,31,1612,1643
822,2019-07-15,184,1824,2008
822,2019-07-16,237,1819,2056
822,2019-07-17,201,1950,2151
822,2019-07-18,179,1931,2110
822,2019-07-19,188,2036,2224
822,2019-07-20,107,1564,1671
822,2019-07-21,28,1650,1678
822,2019-07-22,228,1900,2128
822,2019-07-23,213,2094,2307
822,2019-07-24,225,2159,2384
822,2019-07-25,135,2258,2393
822,2019-07-26,127,2065,2192
822,2019-07-27,36,1480,1516
822,2019-07-28,17,1366,1383
822,2019-07-29,111,1700,1811
822,2019-07-30,108,1585,1693
822,2019-07-31,122,1716,1838
822,2019-08-01,144,1638,1782
822,2019-08-02,101,1755,1856
822,2019-08-03,58,1415,1473
822,2019-08-04,27,1638,1665
822,2019-08-05,96,1345,1441
822,2019-08-06,84,1369,1453
822,2019-08-07,91,1569,1660
822,2019-08-08,105,1541,1646
822,2019-08-09,84,1418,1502
822,2019-08-10,37,1220,1257
822,2019-08-11,17,1354,1371
822,2019-08-12,119,1289,1408
822,2019-08-13,83,1452,1535
822,2019-08-14,99,1481,1580
822,2019-08-15,29,1141,1170
822,2019-08-16,129,1474,1603
822,2019-08-17,43,1035,1078
822,2019-08-18,17,1199,1216
822,2019-08-19,126,1449,1575
822,2019-08-20,132,1609,1741
822,2019-08-21,140,1657,1797
822,2019-08-22,137,1714,1851
822,2019-08-23,118,1719,1837
822,2019-08-24,72,1780,1852
822,2019-08-25,24,1876,1900
822,2019-08-26,158,1672,1830
822,2019-08-27,207,1890,2097
822,2019-08-28,237,1862,2099
822,2019-08-29,160,1768,1928
822,2019-08-30,177,1743,1920
822,2019-08-31,47,1325,1372
822,2019-09-01,20,1410,1430
822,2019-09-02,117,1360,1477
822,2019-09-03,137,1639,1776
822,2019-09-04,180,1658,1838
822,2019-09-05,169,1441,1610
822,2019-09-06,173,1716,1889
822,2019-09-07,62,1204,1266
822,2019-09-08,19,1370,1389
822,2019-09-09,168,1599,1767
822,2019-09-10,235,1671,1906
822,2019-09-11,185,1740,1925
822,2019-09-12,175,1751,1926
822,2019-09-13,189,1892,2081
822,2019-09-14,104,1526,1630
822,2019-09-15,4,270,274
822,2019-09-16,171,1844,2015
822,2019-09-17,230,1921,2151
822,2019-09-18,208,1920,2128
822,2019-09-19,182,1905,2087
822,2019-09-20,220,2067,2287
822,2019-09-21,115,1626,1741
822,2019-09-22,26,1592,1618
822,2019-09-23,196,1800,1996
822,2019-09-24,200,1884,2084
822,2019-09-25,201,1891,2092
822,2019-09-26,144,1893,2037
822,2019-09-27,186,2008,2194
822,2019-09-28,60,1386,1446
822,2019-09-29,22,1323,1345
822,2019-09-30,170,1793,1963
822,2019-10-01,211,1865,2076
822,2019-10-02,226,1833,2059
822,2019-10-03,217,1956,2173
822,2019-10-04,172,1993,2165
822,2019-10-05,68,1500,1568
822,2019-10-06,12,1278,1290
822,2019-10-07,261,2512,2773
822,2019-10-08,329,2599,2928
822,2019-10-09,263,2473,2736
822,2019-10-10,281,2653,2934
822,2019-10-11,305,2716,3021
822,2019-10-12,90,1791,1881
822,2019-10-13,71,1901,1972
822,2019-10-14,398,2419,2817
822,2019-10-15,197,1783,1980
822,2019-10-16,172,1859,2031
822,2019-10-17,171,1960,2131
822,2019-10-18,181,1893,2074
822,2019-10-19,39,1400,1439
822,2019-10-20,5,1168,1173
822,2019-10-21,178,1718,1896
822,2019-10-22,201,1799,2000
822,2019-10-23,217,1867,2084
822,2019-10-24,207,1870,2077
822,2019-10-25,221,1884,2105
822,2019-10-26,77,1702,1779
822,2019-10-27,24,1571,1595
822,2019-10-28,223,1655,1878
822,2019-10-29,244,1789,2033
822,2019-10-30,307,1771,2078
822,2019-11-01,11,1327,1338
822,2019-11-02,42,1284,1326
822,2019-11-03,23,1237,1260
822,2019-11-04,171,1741,1912
822,2019-11-05,149,1903,2052
822,2019-11-06,160,1876,2036
822,2019-11-07,184,1876,2060
822,2019-11-08,193,1998,2191
822,2019-11-09,51,1363,1414
822,2019-11-10,14,1316,1330
822,2019-11-11,170,1704,1874
822,2019-11-12,142,1797,1939
822,2019-11-13,197,1768,1965
822,2019-11-14,235,1864,2099
822,2019-11-15,163,1857,2020
822,2019-11-16,63,1381,1444
822,2019-11-17,12,1229,1241
822,2019-11-18,150,1732,1882
822,2019-11-19,192,1769,1961
822,2019-11-20,227,1717,1944
822,2019-11-21,233,1741,1974
822,2019-11-22,199,1869,2068
822,2019-11-23,30,1249,1279
822,2019-11-24,16,1135,1151
822,2019-11-25,256,2502,2758
822,2019-11-26,194,2224,2418
822,2019-11-27,131,1693,1824
822,2019-11-28,123,1769,1892
822,2019-11-29,178,1741,1919
822,2019-11-30,58,1308,1366
822,2019-12-01,9,860,869
822,2019-12-02,177,1667,1844
822,2019-12-03,161,1730,1891
822,2019-12-04,161,1690,1851
822,2019-12-05,162,1752,1914
822,2019-12-06,148,1684,1832
822,2019-12-07,37,1132,1169
822,2019-12-08,13,1065,1078
822,2019-12-09,124,1715,1839
822,2019-12-10,178,1614,1792
822,2019-12-11,127,1739,1866
822,2019-12-12,154,1708,1862
822,2019-12-13,147,1777,1924
822,2019-12-14,55,1330,1385
822,2019-12-15,16,1040,1056
822,2019-12-16,146,1633,1779
822,2019-12-17,157,1733,1890
822,2019-12-18,175,1700,1875
822,2019-12-19,149,1835,1984
822,2019-12-20,103,1748,1851
822,2019-12-21,39,1175,1214
822,2019-12-22,6,1103,1109
822,2019-12-23,54,1340,1394
822,2019-12-24,43,1101,1144
822,2019-12-25,8,880,888
822,2019-12-26,10,920,930
822,2019-12-27,58,1119,1177
822,2019-12-28,11,973,984
822,2019-12-29,8,914,922
822,2019-12-30,51,1144,1195
822,2019-12-31,30,1055,1085
902,2019-01-01,48,1907,1955
902,2019-01-02,302,3683,3985
902,2019-01-03,277,3858,4135
902,2019-01-04,315,4069,4384
902,2019-01-05,197,3008,3205
902,2019-01-06,51,2418,2469
902,2019-01-07,320,4269,4589
902,2019-01-08,339,4437,4776
902,2019-01-09,336,4391,4727
902,2019-01-10,331,4699,5030
902,2019-01-11,340,4648,4988
902,2019-01-12,193,3548,3741
902,2019-01-13,47,2387,2434
902,2019-01-14,354,4391,4745
902,2019-01-15,355,4589,4944
902,2019-01-16,402,4605,5007
902,2019-01-17,331,4864,5195
902,2019-01-18,371,4877,5248
902,2019-01-19,225,3997,4222
902,2019-01-20,68,3042,3110
902,2019-01-21,365,4587,4952
902,2019-01-22,345,4365,4710
902,2019-01-23,364,4388,4752
902,2019-01-24,353,4620,4973
902,2019-01-25,361,4595,4956
902,2019-01-26,198,3197,3395
902,2019-01-27,51,2679,2730
902,2019-01-28,317,4225,4542
902,2019-01-29,350,4644,4994
902,2019-01-30,340,3994,4334
902,2019-01-31,337,4581,4918
902,2019-02-01,349,4720,5069
902,2019-02-02,204,3434,3638
902,2019-02-03,64,2763,2827
902,2019-02-04,335,4468,4803
902,2019-02-05,357,4590,4947
902,2019-02-06,371,4655,5026
902,2019-02-07,356,4742,5098
902,2019-02-08,367,4975,5342
902,2019-02-09,219,3821,4040
902,2019-02-10,39,2805,2844
902,2019-02-11,375,4633,5008
902,2019-02-12,397,4776,5173
902,2019-02-13,410,4779,5189
902,2019-02-14,342,5038,5380
902,2019-02-15,364,4957,5321
902,2019-02-16,215,3721,3936
902,2019-02-17,59,3005,3064
902,2019-02-18,333,4268,4601
902,2019-02-19,367,4363,4730
902,2019-02-20,416,4420,4836
902,2019-02-21,427,4394,4821
902,2019-02-22,409,4644,5053
902,2019-02-23,219,3607,3826
902,2019-02-24,55,3181,3236
902,2019-02-25,462,4663,5125
902,2019-02-26,370,4959,5329
902,2019-02-27,441,4996,5437
902,2019-02-28,405,4912,5317
902,2019-03-01,354,4854,5208
902,2019-03-02,222,3560,3782
902,2019-03-03,63,2637,2700
902,2019-03-04,331,4185,4516
902,2019-03-05,332,4786,5118
902,2019-03-06,393,4814,5207
902,2019-03-07,354,4955,5309
902,2019-03-08,384,5186,5570
902,2019-03-09,206,3667,3873
902,2019-03-10,65,2660,2725
902,2019-03-11,354,4556,4910
902,2019-03-12,387,4757,5144
902,2019-03-13,375,4954,5329
902,2019-03-14,376,5008,5384
902,2019-03-15,379,5029,5408
902,2019-03-16,201,3862,4063
902,2019-03-17,64,2922,2986
902,2019-03-18,440,4660,5100
902,2019-03-19,423,4842,5265
902,2019-03-20,426,5061,5487
902,2019-03-21,402,5206,5608
902,2019-03-22,405,5319,5724
902,2019-03-23,248,4084,4332
902,2019-03-24,67,3076,3143
902,2019-03-25,411,4902,5313
902,2019-03-26,435,5012,5447
902,2019-03-27,447,4936,5383
902,2019-03-28,429,5173,5602
902,2019-03-29,465,5381,5846
902,2019-03-30,222,4340,4562
902,2019-04-01,412,4629,5041
902,2019-04-02,417,4906,5323
902,2019-04-03,422,4924,5346
902,2019-04-04,407,5050,5457
902,2019-04-05,410,5201,5611
902,2019-04-06,296,4299,4595
902,2019-04-07,304,3512,3816
902,2019-04-08,555,4789,5344
902,2019-04-09,508,4771,5279
902,2019-04-10,479,4888,5367
902,2019-04-11,492,5130,5622
902,2019-04-12,516,5331,5847
902,2019-04-13,228,3418,3646
902,2019-04-14,52,2976,3028
902,2019-04-15,378,4560,4938
902,2019-04-16,376,4842,5218
902,2019-04-17,379,4961,5340
902,2019-04-18,372,4980,5352
902,2019-04-19,374,5281,5655
902,2019-04-20,212,4503,4715
902,2019-04-21,61,4116,4177
902,2019-04-22,59,4338,4397
902,2019-04-23,422,4972,5394
902,2019-04-24,400,4935,5335
902,2019-04-25,457,5109,5566
902,2019-04-26,390,5180,5570
902,2019-04-27,287,4645,4932
902,2019-04-28,119,3189,3308
902,2019-04-29,440,4837,5277
902,2019-04-30,403,5464,5867
902,2019-05-01,75,3252,3327
902,2019-05-02,402,5357,5759
902,2019-05-03,432,5403,5835
902,2019-05-04,242,3600,3842
902,2019-05-05,58,3043,3101
902,2019-05-06,448,4827,5275
902,2019-05-07,441,4952,5393
902,2019-05-08,409,5150,5559
902,2019-05-09,89,2490,2579
902,2019-05-10,392,5236,5628
902,2019-05-11,200,3761,3961
902,2019-05-12,69,3252,3321
902,2019-05-13,376,4697,5073
902,2019-05-14,439,5133,5572
902,2019-05-15,405,5066,5471
902,2019-05-16,373,5152,5525
902,2019-05-17,411,5097,5508
902,2019-05-18,222,4368,4590
902,2019-05-19,70,3540,3610
902,2019-05-20,402,4668,5070
902,2019-05-21,390,5011,5401
902,2019-05-22,523,4916,5439
902,2019-05-23,476,5304,5780
902,2019-05-24,422,5303,5725
902,2019-05-25,317,4392,4709
902,2019-05-26,111,3977,4088
902,2019-05-27,464,4493,4957
902,2019-05-28,453,4644,5097
902,2019-05-29,484,5225,5709
902,2019-05-30,136,3595,3731
902,2019-05-31,390,5415,5805
902,2019-06-01,264,4889,5153
902,2019-06-02,121,4045,4166
902,2019-06-03,386,4903,5289
902,2019-06-04,411,5160,5571
902,2019-06-05,461,5053,5514
902,2019-06-06,441,5236,5677
902,2019-06-07,479,5419,5898
902,2019-06-08,275,4758,5033
902,2019-06-09,107,4279,4386
902,2019-06-10,123,3024,3147
902,2019-06-11,427,5035,5462
902,2019-06-12,534,5098,5632
902,2019-06-13,456,5454,5910
902,2019-06-14,436,5853,6289
902,2019-06-15,270,4761,5031
902,2019-06-16,118,3953,4071
902,2019-06-17,393,4923,5316
902,2019-06-18,413,5356,5769
902,2019-06-19,417,5059,5476
902,2019-06-20,376,5268,5644
902,2019-06-21,404,5717,6121
902,2019-06-22,217,4854,5071
902,2019-06-23,59,3986,4045
902,2019-06-24,367,4710,5077
902,2019-06-25,377,5068,5445
902,2019-06-26,456,5232,5688
902,2019-06-27,394,5440,5834
902,2019-06-28,394,5542,5936
902,2019-06-29,223,4789,5012
902,2019-06-30,67,3455,3522
902,2019-07-01,444,4849,5293
902,2019-07-02,401,5161,5562
902,2019-07-03,419,5124,5543
902,2019-07-04,409,5389,5798
902,2019-07-05,384,5273,5657
902,2019-07-06,253,4706,4959
902,2019-07-07,82,3987,4069
902,2019-07-08,440,5083,5523
902,2019-07-09,439,5526,5965
902,2019-07-10,392,5137,5529
902,2019-07-11,369,5144,5513
902,2019-07-12,398,5071,5469
902,2019-07-13,240,4491,4731
902,2019-07-14,77,3780,3857
902,2019-07-15,385,4820,5205
902,2019-07-16,360,5317,5677
902,2019-07-17,337,5194,5531
902,2019-07-18,344,5349,5693
902,2019-07-19,365,5253,5618
902,2019-07-20,225,4162,4387
902,2019-07-21,62,4048,4110
902,2019-07-22,330,4924,5254
902,2019-07-23,264,3340,3604
902,2019-07-24,131,2563,2694
902,2019-07-25,301,4927,5228
902,2019-07-26,297,5320,5617
902,2019-07-27,213,4318,4531
902,2019-07-28,80,3318,3398
902,2019-07-29,296,4648,4944
902,2019-07-30,303,4819,5122
902,2019-07-31,302,4898,5200
902,2019-08-01,307,4879,5186
902,2019-08-02,316,4730,5046
902,2019-08-03,226,3894,4120
902,2019-08-04,95,3550,3645
902,2019-08-05,265,4153,4418
902,2019-08-06,312,4461,4773
902,2019-08-07,292,4423,4715
902,2019-08-08,281,4435,4716
902,2019-08-09,324,4424,4748
902,2019-08-10,211,3842,4053
902,2019-08-11,80,3451,3531
902,2019-08-12,323,4054,4377
902,2019-08-13,296,4399,4695
902,2019-08-14,348,4676,5024
902,2019-08-15,62,3225,3287
902,2019-08-16,294,4669,4963
902,2019-08-17,206,3530,3736
902,2019-08-18,61,3020,3081
902,2019-08-19,345,4379,4724
902,2019-08-20,368,4608,4976
902,2019-08-21,363,4685,5048
902,2019-08-22,399,5022,5421
902,2019-08-23,433,5172,5605
902,2019-08-24,245,4269,4514
902,2019-08-25,126,3746,3872
902,2019-08-26,404,4525,4929
902,2019-08-27,394,4760,5154
902,2019-08-28,442,4853,5295
902,2019-08-29,413,4915,5328
902,2019-08-30,450,4883,5333
902,2019-08-31,269,4005,4274
902,2019-09-01,118,3493,3611
902,2019-09-02,426,4501,4927
902,2019-09-03,442,4779,5221
902,2019-09-04,454,4826,5280
902,2019-09-05,468,4622,5090
902,2019-09-06,480,5058,5538
902,2019-09-07,270,3794,4064
902,2019-09-08,56,948,1004
902,2019-09-09,412,4584,4996
902,2019-09-10,509,4827,5336
902,2019-09-11,454,5018,5472
902,2019-09-12,448,4806,5254
902,2019-09-13,459,5093,5552
902,2019-09-14,292,4384,4676
902,2019-09-15,124,3969,4093
902,2019-09-16,529,4682,5211
902,2019-09-17,538,5081,5619
902,2019-09-18,488,4707,5195
902,2019-09-19,456,4731,5187
902,2019-09-20,466,5121,5587
902,2019-09-21,266,4362,4628
902,2019-09-22,57,3333,3390
902,2019-09-23,394,4480,4874
902,2019-09-24,431,4688,5119
902,2019-09-25,440,4742,5182
902,2019-09-26,424,4876,5300
902,2019-09-27,407,5308,5715
902,2019-09-28,207,4002,4209
902,2019-09-29,63,2977,3040
902,2019-09-30,379,4743,5122
902,2019-10-01,351,4985,5336
902,2019-10-02,380,4571,4951
902,2019-10-03,393,5058,5451
902,2019-10-04,410,4935,5345
902,2019-10-05,211,3912,4123
902,2019-10-06,60,3127,3187
902,2019-10-07,410,4478,4888
902,2019-10-08,333,4888,5221
902,2019-10-09,399,4678,5077
902,2019-10-10,429,4878,5307
902,2019-10-11,423,5059,5482
902,2019-10-12,194,3976,4170
902,2019-10-13,61,3534,3595
902,2019-10-14,429,4624,5053
902,2019-10-15,431,4951,5382
902,2019-10-16,401,4946,5347
902,2019-10-17,387,4990,5377
902,2019-10-18,382,4997,5379
902,2019-10-19,187,3772,3959
902,2019-10-20,47,3086,3133
902,2019-10-21,401,4392,4793
902,2019-10-22,394,5058,5452
902,2019-10-23,382,4868,5250
902,2019-10-24,393,5105,5498
902,2019-10-25,420,5374,5794
902,2019-10-26,276,4082,4358
902,2019-10-27,119,3202,3321
902,2019-10-28,488,4458,4946
902,2019-10-29,451,4876,5327
902,2019-10-30,440,4891,5331
902,2019-10-31,477,5003,5480
902,2019-11-01,115,2865,2980
902,2019-11-02,258,3565,3823
902,2019-11-03,103,2720,2823
902,2019-11-04,373,4581,4954
902,2019-11-05,375,4889,5264
902,2019-11-06,392,4831,5223
902,2019-11-07,375,4845,5220
902,2019-11-08,418,5118,5536
902,2019-11-09,212,3546,3758
902,2019-11-10,53,3159,3212
902,2019-11-11,360,4600,4960
902,2019-11-12,353,4585,4938
902,2019-11-13,383,4738,5121
902,2019-11-14,370,4744,5114
902,2019-11-15,404,4845,5249
902,2019-11-16,215,3838,4053
902,2019-11-17,59,2812,2871
902,2019-11-18,357,4475,4832
902,2019-11-19,439,4729,5168
902,2019-11-20,411,4704,5115
902,2019-11-21,376,4943,5319
902,2019-11-22,374,4796,5170
902,2019-11-23,301,3804,4105
902,2019-11-24,56,2808,2864
902,2019-11-25,352,4481,4833
902,2019-11-26,345,4823,5168
902,2019-11-27,359,4767,5126
902,2019-11-28,369,5077,5446
902,2019-11-29,381,4984,5365
902,2019-11-30,225,3751,3976
902,2019-12-01,56,2592,2648
902,2019-12-02,344,4519,4863
902,2019-12-03,359,4974,5333
902,2019-12-04,390,4695,5085
902,2019-12-05,426,4856,5282
902,2019-12-06,364,4473,4837
902,2019-12-07,174,3530,3704
902,2019-12-08,63,3295,3358
902,2019-12-09,347,4427,4774
902,2019-12-10,382,4929,5311
902,2019-12-11,386,4695,5081
902,2019-12-12,364,4876,5240
902,2019-12-13,331,5030,5361
902,2019-12-14,207,3564,3771
902,2019-12-15,58,2986,3044
902,2019-12-16,370,4743,5113
902,2019-12-17,366,4913,5279
902,2019-12-18,392,4889,5281
902,2019-12-19,371,5206,5577
902,2019-12-20,299,5100,5399
902,2019-12-21,197,3527,3724
902,2019-12-22,51,2628,2679
902,2019-12-23,301,4054,4355
902,2019-12-24,226,3582,3808
902,2019-12-25,46,2104,2150
902,2019-12-26,50,2268,2318
902,2019-12-27,262,3806,4068
902,2019-12-28,198,3056,3254
902,2019-12-29,56,2435,2491
902,2019-12-30,274,3692,3966
902,2019-12-31,259,3266,3525
905,2019-01-01,44,6275,6319
905,2019-01-02,433,9955,10388
905,2019-01-03,466,11104,11570
905,2019-01-04,493,11333,11826
905,2019-01-05,239,9629,9868
905,2019-01-06,80,7534,7614
905,2019-01-07,619,11289,11908
905,2019-01-08,589,11878,12467
905,2019-01-09,621,12125,12746
905,2019-01-10,641,12823,13464
905,2019-01-11,610,12775,13385
905,2019-01-12,257,10609,10866
905,2019-01-13,61,7993,8054
905,2019-01-14,693,12138,12831
905,2019-01-15,781,12550,13331
905,2019-01-16,865,12430,13295
905,2019-01-17,791,12412,13203
905,2019-01-18,816,13450,14266
905,2019-01-19,233,11270,11503
905,2019-01-20,70,8998,9068
905,2019-01-21,839,12536,13375
905,2019-01-22,896,12842,13738
905,2019-01-23,698,12706,13404
905,2019-01-24,710,13178,13888
905,2019-01-25,659,13331,13990
905,2019-01-26,241,10989,11230
905,2019-01-27,87,8349,8436
905,2019-01-28,716,12016,12732
905,2019-01-29,683,12813,13496
905,2019-01-30,457,10208,10665
905,2019-01-31,590,13153,13743
905,2019-02-01,556,13642,14198
905,2019-02-02,221,10958,11179
905,2019-02-03,71,9025,9096
905,2019-02-04,716,12314,13030
905,2019-02-05,739,12664,13403
905,2019-02-06,778,12574,13352
905,2019-02-07,715,12718,13433
905,2019-02-08,675,13060,13735
905,2019-02-09,206,10929,11135
905,2019-02-10,63,7737,7800
905,2019-02-11,812,12001,12813
905,2019-02-12,746,12583,13329
905,2019-02-13,764,12784,13548
905,2019-02-14,786,12777,13563
905,2019-02-15,740,13289,14029
905,2019-02-16,275,10950,11225
905,2019-02-17,80,8683,8763
905,2019-02-18,773,10778,11551
905,2019-02-19,789,10711,11500
905,2019-02-20,780,10688,11468
905,2019-02-21,769,10958,11727
905,2019-02-22,735,11493,12228
905,2019-02-23,269,10628,10897
905,2019-02-24,77,8951,9028
905,2019-02-25,880,11992,12872
905,2019-02-26,845,12539,13384
905,2019-02-27,843,12498,13341
905,2019-02-28,844,12682,13526
905,2019-03-01,661,11471,12132
905,2019-03-02,279,11084,11363
905,2019-03-03,96,8806,8902
905,2019-03-04,654,11137,11791
905,2019-03-05,769,11822,12591
905,2019-03-06,798,11785,12583
905,2019-03-07,859,12437,13296
905,2019-03-08,839,12860,13699
905,2019-03-09,268,10887,11155
905,2019-03-10,74,8591,8665
905,2019-03-11,842,12290,13132
905,2019-03-12,855,12653,13508
905,2019-03-13,864,11947,12811
905,2019-03-14,780,12077,12857
905,2019-03-15,745,12526,13271
905,2019-03-16,290,11531,11821
905,2019-03-17,91,8811,8902
905,2019-03-18,772,12006,12778
905,2019-03-19,941,12684,13625
905,2019-03-20,817,12468,13285
905,2019-03-21,920,12782,13702
905,2019-03-22,855,13225,14080
905,2019-03-23,340,12388,12728
905,2019-03-24,98,10570,10668
905,2019-03-25,1049,12102,13151
905,2019-03-26,971,12464,13435
905,2019-03-27,971,12687,13658
905,2019-03-28,949,13070,14019
905,2019-03-29,966,13360,14326
905,2019-03-30,315,12248,12563
905,2019-04-01,952,12243,13195
905,2019-04-02,941,12762,13703
905,2019-04-03,934,12406,13340
905,2019-04-04,960,12947,13907
905,2019-04-05,968,13295,14263
905,2019-04-06,346,11642,11988
905,2019-04-07,108,9293,9401
905,2019-04-08,851,12256,13107
905,2019-04-09,887,12153,13040
905,2019-04-10,904,12296,13200
905,2019-04-11,971,12473,13444
905,2019-04-12,969,12634,13603
905,2019-04-13,334,9594,9928
905,2019-04-14,101,8369,8470
905,2019-04-15,993,12243,13236
905,2019-04-16,1019,12411,13430
905,2019-04-17,942,13175,14117
905,2019-04-18,1018,13862,14880
905,2019-04-19,1032,14573,15605
905,2019-04-20,349,12373,12722
905,2019-04-21,91,10398,10489
905,2019-04-22,121,9590,9711
905,2019-04-23,850,13372,14222
905,2019-04-24,903,12586,13489
905,2019-04-25,878,12922,13800
905,2019-04-26,948,13657,14605
905,2019-04-27,321,12032,12353
905,2019-04-28,133,9929,10062
905,2019-04-29,955,12461,13416
905,2019-04-30,906,13562,14468
905,2019-05-01,143,9738,9881
905,2019-05-02,881,13035,13916
905,2019-05-03,958,13295,14253
905,2019-05-04,339,11118,11457
905,2019-05-05,180,10265,10445
905,2019-05-06,889,12352,13241
905,2019-05-07,883,12506,13389
905,2019-05-08,844,13185,14029
905,2019-05-09,187,7907,8094
905,2019-05-10,741,12862,13603
905,2019-05-11,265,10462,10727
905,2019-05-12,134,9394,9528
905,2019-05-13,871,12124,12995
905,2019-05-14,933,12738,13671
905,2019-05-15,878,12508,13386
905,2019-05-16,923,12862,13785
905,2019-05-17,878,12762,13640
905,2019-05-18,322,12016,12338
905,2019-05-19,97,9483,9580
905,2019-05-20,934,12161,13095
905,2019-05-21,987,12688,13675
905,2019-05-22,897,12825,13722
905,2019-05-23,920,13084,14004
905,2019-05-24,763,13794,14557
905,2019-05-25,394,11736,12130
905,2019-05-26,123,9833,9956
905,2019-05-27,836,12326,13162
905,2019-05-28,1043,12556,13599
905,2019-05-29,986,14221,15207
905,2019-05-30,222,13275,13497
905,2019-05-31,654,12896,13550
905,2019-06-01,333,11590,11923
905,2019-06-02,182,10955,11137
905,2019-06-03,826,12476,13302
905,2019-06-04,777,12716,13493
905,2019-06-05,839,12604,13443
905,2019-06-06,904,12964,13868
905,2019-06-07,823,13680,14503
905,2019-06-08,397,12126,12523
905,2019-06-09,122,10887,11009
905,2019-06-10,155,9076,9231
905,2019-06-11,869,12587,13456
905,2019-06-12,876,12415,13291
905,2019-06-13,946,12719,13665
905,2019-06-14,904,13530,14434
905,2019-06-15,327,12109,12436
905,2019-06-16,134,10121,10255
905,2019-06-17,886,12283,13169
905,2019-06-18,919,12383,13302
905,2019-06-19,955,12352,13307
905,2019-06-20,899,12990,13889
905,2019-06-21,927,13487,14414
905,2019-06-22,353,11228,11581
905,2019-06-23,124,9647,9771
905,2019-06-24,873,12133,13006
905,2019-06-25,861,12851,13712
905,2019-06-26,842,12955,13797
905,2019-06-27,1004,13262,14266
905,2019-06-28,905,13883,14788
905,2019-06-29,345,12693,13038
905,2019-06-30,129,11368,11497
905,2019-07-01,944,12173,13117
905,2019-07-02,984,12959,13943
905,2019-07-03,960,13055,14015
905,2019-07-04,941,13021,13962
905,2019-07-05,831,12976,13807
905,2019-07-06,368,12184,12552
905,2019-07-07,182,10284,10466
905,2019-07-08,935,12474,13409
905,2019-07-09,884,12731,13615
905,2019-07-10,1034,12981,14015
905,2019-07-11,981,12961,13942
905,2019-07-12,826,12732,13558
905,2019-07-13,411,11621,12032
905,2019-07-14,144,10506,10650
905,2019-07-15,870,12445,13315
905,2019-07-16,821,13065,13886
905,2019-07-17,823,13038,13861
905,2019-07-18,942,12771,13713
905,2019-07-19,794,13391,14185
905,2019-07-20,307,11716,12023
905,2019-07-21,150,10881,11031
905,2019-07-22,839,12948,13787
905,2019-07-23,764,12939,13703
905,2019-07-24,876,13019,13895
905,2019-07-25,738,12989,13727
905,2019-07-26,588,13065,13653
905,2019-07-27,258,10498,10756
905,2019-07-28,125,9345,9470
905,2019-07-29,579,11851,12430
905,2019-07-30,571,12052,12623
905,2019-07-31,593,12200,12793
905,2019-08-01,640,12036,12676
905,2019-08-02,575,12316,12891
905,2019-08-03,294,10638,10932
905,2019-08-04,143,9680,9823
905,2019-08-05,517,10897,11414
905,2019-08-06,589,10857,11446
905,2019-08-07,543,11182,11725
905,2019-08-08,609,11357,11966
905,2019-08-09,570,10728,11298
905,2019-08-10,265,9715,9980
905,2019-08-11,134,8778,8912
905,2019-08-12,519,10086,10605
905,2019-08-13,603,10720,11323
905,2019-08-14,561,11383,11944
905,2019-08-15,170,7371,7541
905,2019-08-16,533,10750,11283
905,2019-08-17,270,8955,9225
905,2019-08-18,125,7666,7791
905,2019-08-19,658,10771,11429
905,2019-08-20,683,11142,11825
905,2019-08-21,673,11290,11963
905,2019-08-22,743,11614,12357
905,2019-08-23,710,12010,12720
905,2019-08-24,293,10090,10383
905,2019-08-25,115,9203,9318
905,2019-08-26,740,11464,12204
905,2019-08-27,817,11525,12342
905,2019-08-28,819,11574,12393
905,2019-08-29,876,11425,12301
905,2019-08-30,856,11799,12655
905,2019-08-31,295,10602,10897
905,2019-09-01,140,9550,9690
905,2019-09-02,892,11678,12570
905,2019-09-03,917,11846,12763
905,2019-09-04,938,12045,12983
905,2019-09-05,936,11813,12749
905,2019-09-06,862,12270,13132
905,2019-09-07,297,10023,10320
905,2019-09-08,125,8262,8387
905,2019-09-09,921,11936,12857
905,2019-09-10,939,12439,13378
905,2019-09-11,964,12579,13543
905,2019-09-12,955,12850,13805
905,2019-09-13,898,13451,14349
905,2019-09-14,348,11805,12153
905,2019-09-15,136,10733,10869
905,2019-09-16,923,12345,13268
905,2019-09-17,1083,13026,14109
905,2019-09-18,979,12666,13645
905,2019-09-19,976,12554,13530
905,2019-09-20,988,13188,14176
905,2019-09-21,466,12016,12482
905,2019-09-22,160,9717,9877
905,2019-09-23,964,12204,13168
905,2019-09-24,1025,12225,13250
905,2019-09-25,858,12043,12901
905,2019-09-26,921,12371,13292
905,2019-09-27,859,12766,13625
905,2019-09-28,304,11717,12021
905,2019-09-29,119,9518,9637
905,2019-09-30,863,12211,13074
905,2019-10-01,827,11829,12656
905,2019-10-02,861,12223,13084
905,2019-10-03,923,12678,13601
905,2019-10-04,859,12859,13718
905,2019-10-05,330,12068,12398
905,2019-10-06,76,9242,9318
905,2019-10-07,926,11786,12712
905,2019-10-08,891,11322,12213
905,2019-10-09,817,11801,12618
905,2019-10-10,826,12425,13251
905,2019-10-11,919,13019,13938
905,2019-10-12,355,11369,11724
905,2019-10-13,191,9729,9920
905,2019-10-14,884,11976,12860
905,2019-10-15,1028,11300,12328
905,2019-10-16,893,11860,12753
905,2019-10-17,825,12213,13038
905,2019-10-18,872,12836,13708
905,2019-10-19,322,11728,12050
905,2019-10-20,89,7145,7234
905,2019-10-21,816,11962,12778
905,2019-10-22,884,12363,13247
905,2019-10-23,891,12288,13179
905,2019-10-24,845,12560,13405
905,2019-10-25,837,11778,12615
905,2019-10-26,201,6038,6239
905,2019-10-27,85,7813,7898
905,2019-10-28,887,11665,12552
905,2019-10-29,770,12270,13040
905,2019-10-30,872,12599,13471
905,2019-11-01,93,7993,8086
905,2019-11-02,231,10476,10707
905,2019-11-03,93,8859,8952
905,2019-11-04,808,11431,12239
905,2019-11-05,818,12221,13039
905,2019-11-06,863,12043,12906
905,2019-11-07,812,12474,13286
905,2019-11-08,831,13049,13880
905,2019-11-09,329,11488,11817
905,2019-11-10,113,9214,9327
905,2019-11-11,791,11733,12524
905,2019-11-12,826,12085,12911
905,2019-11-13,863,11900,12763
905,2019-11-14,829,12024,12853
905,2019-11-15,854,12841,13695
905,2019-11-16,341,11627,11968
905,2019-11-17,92,9084,9176
905,2019-11-18,759,10694,11453
905,2019-11-19,927,12285,13212
905,2019-11-20,1007,12095,13102
905,2019-11-21,929,12293,13222
905,2019-11-22,923,12828,13751
905,2019-11-23,282,11223,11505
905,2019-11-24,97,9536,9633
905,2019-11-25,806,11903,12709
905,2019-11-26,895,12201,13096
905,2019-11-27,816,11943,12759
905,2019-11-28,823,12914,13737
905,2019-11-29,794,13362,14156
905,2019-11-30,338,11608,11946
905,2019-12-01,98,8390,8488
905,2019-12-02,820,12305,13125
905,2019-12-03,763,12415,13178
905,2019-12-04,849,12251,13100
905,2019-12-05,876,12756,13632
905,2019-12-06,724,12713,13437
905,2019-12-07,251,11133,11384
905,2019-12-08,84,8517,8601
905,2019-12-09,799,11381,12180
905,2019-12-10,890,12137,13027
905,2019-12-11,705,11612,12317
905,2019-12-12,837,12324,13161
905,2019-12-13,724,12483,13207
905,2019-12-14,265,11229,11494
905,2019-12-15,76,9936,10012
905,2019-12-16,795,12024,12819
905,2019-12-17,862,12326,13188
905,2019-12-18,891,12478,13369
905,2019-12-19,780,13086,13866
905,2019-12-20,691,12877,13568
905,2019-12-21,256,11379,11635
905,2019-12-22,77,8136,8213
905,2019-12-23,473,11820,12293
905,2019-12-24,363,9956,10319
905,2019-12-25,59,6636,6695
905,2019-12-26,101,7173,7274
905,2019-12-27,387,10110,10497
905,2019-12-28,282,9406,9688
905,2019-12-29,91,7767,7858
905,2019-12-30,440,10470,10910
905,2019-12-31,359,9380,9739
908,2019-01-01,24,5282,5306
908,2019-01-02,450,11264,11714
908,2019-01-03,438,11512,11950
908,2019-01-04,415,12258,12673
908,2019-01-05,244,10367,10611
908,2019-01-06,39,7353,7392
908,2019-01-07,530,13263,13793
908,2019-01-08,538,13895,14433
908,2019-01-09,516,13781,14297
908,2019-01-10,543,14508,15051
908,2019-01-11,549,14213,14762
908,2019-01-12,229,11510,11739
908,2019-01-13,30,7236,7266
908,2019-01-14,564,13672,14236
908,2019-01-15,619,14287,14906
908,2019-01-16,654,14142,14796
908,2019-01-17,610,14141,14751
908,2019-01-18,624,14752,15376
908,2019-01-19,248,11553,11801
908,2019-01-20,71,7363,7434
908,2019-01-21,701,13505,14206
908,2019-01-22,671,13698,14369
908,2019-01-23,631,13038,13669
908,2019-01-24,622,14038,14660
908,2019-01-25,628,14426,15054
908,2019-01-26,231,11107,11338
908,2019-01-27,46,7527,7573
908,2019-01-28,580,13320,13900
908,2019-01-29,591,14202,14793
908,2019-01-30,487,11168,11655
908,2019-01-31,570,13049,13619
908,2019-02-01,552,14223,14775
908,2019-02-02,234,11996,12230
908,2019-02-03,52,7910,7962
908,2019-02-04,632,13454,14086
908,2019-02-05,665,14045,14710
908,2019-02-06,696,14294,14990
908,2019-02-07,606,13802,14408
908,2019-02-08,619,14540,15159
908,2019-02-09,242,12228,12470
908,2019-02-10,76,7124,7200
908,2019-02-11,637,13526,14163
908,2019-02-12,617,13776,14393
908,2019-02-13,651,13892,14543
908,2019-02-14,601,14471,15072
908,2019-02-15,611,14521,15132
908,2019-02-16,241,10841,11082
908,2019-02-17,46,7447,7493
908,2019-02-18,554,12521,13075
908,2019-02-19,550,13029,13579
908,2019-02-20,660,13350,14010
908,2019-02-21,579,12973,13552
908,2019-02-22,555,13632,14187
908,2019-02-23,274,10916,11190
908,2019-02-24,88,8261,8349
908,2019-02-25,573,13806,14379
908,2019-02-26,686,14023,14709
908,2019-02-27,575,14131,14706
908,2019-02-28,589,14540,15129
908,2019-03-01,620,14975,15595
908,2019-03-02,267,12484,12751
908,2019-03-03,47,7991,8038
908,2019-03-04,669,13695,14364
908,2019-03-05,569,14162,14731
908,2019-03-06,592,14376,14968
908,2019-03-07,614,14589,15203
908,2019-03-08,593,15377,15970
908,2019-03-09,272,12356,12628
908,2019-03-10,101,7459,7560
908,2019-03-11,670,15230,15900
908,2019-03-12,644,14382,15026
908,2019-03-13,645,14066,14711
908,2019-03-14,584,14393,14977
908,2019-03-15,681,14752,15433
908,2019-03-16,279,11505,11784
908,2019-03-17,64,7753,7817
908,2019-03-18,632,13795,14427
908,2019-03-19,628,14006,14634
908,2019-03-20,607,13950,14557
908,2019-03-21,584,14718,15302
908,2019-03-22,623,14914,15537
908,2019-03-23,268,12774,13042
908,2019-03-24,43,8438,8481
908,2019-03-25,627,13856,14483
908,2019-03-26,612,14366,14978
908,2019-03-27,659,13874,14533
908,2019-03-28,584,14839,15423
908,2019-03-29,641,15213,15854
908,2019-03-30,237,13112,13349
908,2019-04-01,586,14713,15299
908,2019-04-02,607,14814,15421
908,2019-04-03,611,14158,14769
908,2019-04-04,632,14987,15619
908,2019-04-05,679,15434,16113
908,2019-04-06,335,11897,12232
908,2019-04-07,78,8008,8086
908,2019-04-08,557,13270,13827
908,2019-04-09,604,13845,14449
908,2019-04-10,592,13518,14110
908,2019-04-11,550,14073,14623
908,2019-04-12,642,14638,15280
908,2019-04-13,290,11162,11452
908,2019-04-14,61,7617,7678
908,2019-04-15,619,13550,14169
908,2019-04-16,576,13398,13974
908,2019-04-17,503,13840,14343
908,2019-04-18,528,14632,15160
908,2019-04-19,519,15071,15590
908,2019-04-20,239,12067,12306
908,2019-04-21,39,8148,8187
908,2019-04-22,57,7382,7439
908,2019-04-23,601,14722,15323
908,2019-04-24,723,13907,14630
908,2019-04-25,628,15004,15632
908,2019-04-26,635,15000,15635
908,2019-04-27,277,12779,13056
908,2019-04-28,77,8023,8100
908,2019-04-29,649,14241,14890
908,2019-04-30,560,15435,15995
908,2019-05-01,61,7732,7793
908,2019-05-02,617,14748,15365
908,2019-05-03,664,14961,15625
908,2019-05-04,332,11969,12301
908,2019-05-05,55,8974,9029
908,2019-05-06,583,13821,14404
908,2019-05-07,646,14523,15169
908,2019-05-08,630,14764,15394
908,2019-05-09,54,6058,6112
908,2019-05-10,593,14315,14908
908,2019-05-11,231,12153,12384
908,2019-05-12,79,8802,8881
908,2019-05-13,667,14196,14863
908,2019-05-14,652,14783,15435
908,2019-05-15,658,14555,15213
908,2019-05-16,624,14918,15542
908,2019-05-17,700,15605,16305
908,2019-05-18,350,15999,16349
908,2019-05-19,97,10447,10544
908,2019-05-20,611,14745,15356
908,2019-05-21,650,15006,15656
908,2019-05-22,632,14448,15080
908,2019-05-23,595,15160,15755
908,2019-05-24,667,15220,15887
908,2019-05-25,334,12171,12505
908,2019-05-26,44,8673,8717
908,2019-05-27,580,13268,13848
908,2019-05-28,646,14287,14933
908,2019-05-29,596,15171,15767
908,2019-05-30,70,6437,6507
908,2019-05-31,499,13267,13766
908,2019-06-01,258,11741,11999
908,2019-06-02,62,8512,8574
908,2019-06-03,571,14338,14909
908,2019-06-04,562,14416,14978
908,2019-06-05,676,15026,15702
908,2019-06-06,666,15337,16003
908,2019-06-07,625,16079,16704
908,2019-06-08,349,16149,16498
908,2019-06-09,76,10709,10785
908,2019-06-13,754,15640,16394
908,2019-06-14,635,15288,15923
908,2019-06-15,274,11015,11289
908,2019-06-16,86,8007,8093
908,2019-06-17,652,12756,13408
908,2019-06-18,571,13411,13982
908,2019-06-19,546,13419,13965
908,2019-06-20,653,13604,14257
908,2019-06-21,555,15050,15605
908,2019-06-22,272,11981,12253
908,2019-06-23,103,7645,7748
908,2019-06-24,580,14110,14690
908,2019-06-25,629,14768,15397
908,2019-06-26,630,13865,14495
908,2019-06-27,662,14861,15523
908,2019-06-28,692,15931,16623
908,2019-06-29,318,13319,13637
908,2019-06-30,75,9046,9121
908,2019-07-01,621,14244,14865
908,2019-07-02,630,14633,15263
908,2019-07-03,637,14617,15254
908,2019-07-04,610,14953,15563
908,2019-07-05,615,15106,15721
908,2019-07-06,383,13441,13824
908,2019-07-07,91,9360,9451
908,2019-07-08,623,14539,15162
908,2019-07-09,623,15132,15755
908,2019-07-10,698,15124,15822
908,2019-07-11,678,16016,16694
908,2019-07-12,611,15067,15678
908,2019-07-13,65,1333,1398
908,2019-07-14,143,3804,3947
908,2019-07-15,774,15680,16454
908,2019-07-16,642,14926,15568
908,2019-07-17,724,15331,16055
908,2019-07-18,774,15153,15927
908,2019-07-19,680,15559,16239
908,2019-07-20,265,11788,12053
908,2019-07-21,97,8651,8748
908,2019-07-22,559,13682,14241
908,2019-07-23,607,14741,15348
908,2019-07-24,633,14096,14729
908,2019-07-25,583,13819,14402
908,2019-07-26,549,13838,14387
908,2019-07-27,248,9955,10203
908,2019-07-28,68,7031,7099
908,2019-07-29,506,12481,12987
908,2019-07-30,500,12733,13233
908,2019-07-31,534,12946,13480
908,2019-08-01,522,12779,13301
908,2019-08-02,509,13119,13628
908,2019-08-03,254,9405,9659
908,2019-08-04,85,6836,6921
908,2019-08-05,467,11515,11982
908,2019-08-06,491,11602,12093
908,2019-08-07,471,11279,11750
908,2019-08-08,496,11844,12340
908,2019-08-09,499,11679,12178
908,2019-08-10,235,8674,8909
908,2019-08-11,67,6293,6360
908,2019-08-12,481,10957,11438
908,2019-08-13,486,11522,12008
908,2019-08-14,504,11711,12215
908,2019-08-15,56,5147,5203
908,2019-08-16,515,10880,11395
908,2019-08-17,219,8120,8339
908,2019-08-18,49,5824,5873
908,2019-08-19,538,11905,12443
908,2019-08-20,585,12631,13216
908,2019-08-21,584,12261,12845
908,2019-08-22,605,12746,13351
908,2019-08-23,586,13010,13596
908,2019-08-24,214,9421,9635
908,2019-08-25,59,7227,7286
908,2019-08-26,533,12709,13242
908,2019-08-27,604,12784,13388
908,2019-08-28,558,12886,13444
908,2019-08-29,563,13085,13648
908,2019-08-30,554,13574,14128
908,2019-08-31,237,10051,10288
908,2019-09-01,63,6950,7013
908,2019-09-02,559,12813,13372
908,2019-09-03,596,13678,14274
908,2019-09-04,583,13359,13942
908,2019-09-05,610,13812,14422
908,2019-09-06,665,13860,14525
908,2019-09-07,274,10362,10636
908,2019-09-08,60,6956,7016
908,2019-09-09,588,13294,13882
908,2019-09-10,572,13813,14385
908,2019-09-11,587,13755,14342
908,2019-09-12,624,14427,15051
908,2019-09-13,628,14792,15420
908,2019-09-14,264,11595,11859
908,2019-09-15,75,9227,9302
908,2019-09-16,642,14376,15018
908,2019-09-17,665,14532,15197
908,2019-09-18,682,14463,15145
908,2019-09-19,694,14583,15277
908,2019-09-20,734,14905,15639
908,2019-09-21,300,12510,12810
908,2019-09-22,79,8697,8776
908,2019-09-23,719,14132,14851
908,2019-09-24,668,14752,15420
908,2019-09-25,663,14147,14810
908,2019-09-26,690,14649,15339
908,2019-09-27,642,14897,15539
908,2019-09-28,255,11986,12241
908,2019-09-29,89,7995,8084
908,2019-09-30,664,14127,14791
908,2019-10-01,678,14941,15619
908,2019-10-02,633,14230,14863
908,2019-10-03,686,14688,15374
908,2019-10-04,613,15272,15885
908,2019-10-05,294,13092,13386
908,2019-10-06,49,8180,8229
908,2019-10-07,619,14018,14637
908,2019-10-08,578,14044,14622
908,2019-10-09,662,14175,14837
908,2019-10-10,641,14557,15198
908,2019-10-11,638,15441,16079
908,2019-10-12,291,12539,12830
908,2019-10-13,85,9256,9341
908,2019-10-14,644,14138,14782
908,2019-10-15,638,14314,14952
908,2019-10-16,647,13979,14626
908,2019-10-17,674,14453,15127
908,2019-10-18,768,14728,15496
908,2019-10-19,337,12785,13122
908,2019-10-20,55,7878,7933
908,2019-10-21,722,13356,14078
908,2019-10-22,721,14321,15042
908,2019-10-23,716,14238,14954
908,2019-10-24,659,14671,15330
908,2019-10-25,779,15933,16712
908,2019-10-26,552,18231,18783
908,2019-10-27,172,12893,13065
908,2019-10-28,825,13992,14817
908,2019-10-29,804,14465,15269
908,2019-10-30,653,14254,14907
908,2019-11-01,106,10474,10580
908,2019-11-02,369,14447,14816
908,2019-11-03,108,10406,10514
908,2019-11-04,709,13922,14631
908,2019-11-05,691,14603,15294
908,2019-11-06,664,13897,14561
908,2019-11-07,646,14667,15313
908,2019-11-08,724,15245,15969
908,2019-11-09,316,13483,13799
908,2019-11-10,52,8277,8329
908,2019-11-11,621,14831,15452
908,2019-11-12,617,15198,15815
908,2019-11-13,713,13903,14616
908,2019-11-14,731,14822,15553
908,2019-11-15,646,14807,15453
908,2019-11-16,281,12215,12496
908,2019-11-17,85,7639,7724
908,2019-11-18,621,13416,14037
908,2019-11-19,659,14413,15072
908,2019-11-20,778,13715,14493
908,2019-11-21,762,14182,14944
908,2019-11-22,654,14672,15326
908,2019-11-23,274,12485,12759
908,2019-11-24,48,8382,8430
908,2019-11-25,686,13603,14289
908,2019-11-26,653,13878,14531
908,2019-11-27,655,14223,14878
908,2019-11-28,604,14367,14971
908,2019-11-29,589,15200,15789
908,2019-11-30,297,11817,12114
908,2019-12-01,41,7974,8015
908,2019-12-02,647,14431,15078
908,2019-12-03,624,14614,15238
908,2019-12-04,708,14676,15384
908,2019-12-05,680,15322,16002
908,2019-12-06,614,15180,15794
908,2019-12-07,251,11839,12090
908,2019-12-08,36,7865,7901
908,2019-12-09,642,12523,13165
908,2019-12-10,637,14461,15098
908,2019-12-11,542,11988,12530
908,2019-12-12,744,12178,12922
908,2019-12-13,579,14893,15472
908,2019-12-14,275,12049,12324
908,2019-12-15,57,8432,8489
908,2019-12-16,641,14234,14875
908,2019-12-17,644,14872,15516
908,2019-12-18,623,14486,15109
908,2019-12-19,659,15061,15720
908,2019-12-20,549,15286,15835
908,2019-12-21,241,11121,11362
908,2019-12-22,43,8029,8072
908,2019-12-23,476,13824,14300
908,2019-12-24,359,11595,11954
908,2019-12-25,22,5797,5819
908,2019-12-26,34,5208,5242
908,2019-12-27,430,11848,12278
908,2019-12-28,237,9762,9999
908,2019-12-29,39,6718,6757
908,2019-12-30,456,11914,12370
908,2019-12-31,417,10578,10995
909,2019-01-01,57,6344,6401
909,2019-01-02,275,10929,11204
909,2019-01-03,288,11887,12175
909,2019-01-04,319,12352,12671
909,2019-01-05,191,10459,10650
909,2019-01-06,78,7866,7944
909,2019-01-07,400,12847,13247
909,2019-01-08,379,13642,14021
909,2019-01-09,424,13395,13819
909,2019-01-10,372,13764,14136
909,2019-01-11,462,14519,14981
909,2019-01-12,206,11804,12010
909,2019-01-13,64,8454,8518
909,2019-01-14,504,13337,13841
909,2019-01-15,538,13843,14381
909,2019-01-16,539,13628,14167
909,2019-01-17,477,13658,14135
909,2019-01-18,519,14577,15096
909,2019-01-19,240,11981,12221
909,2019-01-20,77,8761,8838
909,2019-01-21,537,13651,14188
909,2019-01-22,460,13888,14348
909,2019-01-23,447,13140,13587
909,2019-01-24,447,13762,14209
909,2019-01-25,464,14593,15057
909,2019-01-26,186,11503,11689
909,2019-01-27,62,8405,8467
909,2019-01-28,436,13187,13623
909,2019-01-29,520,13842,14362
909,2019-01-30,321,11510,11831
909,2019-01-31,352,12853,13205
909,2019-02-01,410,14042,14452
909,2019-02-02,208,12183,12391
909,2019-02-03,67,8524,8591
909,2019-02-04,540,13500,14040
909,2019-02-05,543,14055,14598
909,2019-02-06,625,13450,14075
909,2019-02-07,532,13748,14280
909,2019-02-08,487,14674,15161
909,2019-02-09,308,11774,12082
909,2019-02-10,89,8193,8282
909,2019-02-11,489,13239,13728
909,2019-02-12,522,13438,13960
909,2019-02-13,463,13675,14138
909,2019-02-14,483,14170,14653
909,2019-02-15,518,14481,14999
909,2019-02-16,211,11802,12013
909,2019-02-17,71,8754,8825
909,2019-02-18,553,12422,12975
909,2019-02-19,537,12861,13398
909,2019-02-20,542,13175,13717
909,2019-02-21,489,13283,13772
909,2019-02-22,459,13799,14258
909,2019-02-23,208,11978,12186
909,2019-02-24,83,9116,9199
909,2019-02-25,547,13693,14240
909,2019-02-26,457,14189,14646
909,2019-02-27,552,13851,14403
909,2019-02-28,555,14597,15152
909,2019-03-01,516,14842,15358
909,2019-03-02,242,12381,12623
909,2019-03-03,59,8915,8974
909,2019-03-04,490,13510,14000
909,2019-03-05,430,14081,14511
909,2019-03-06,523,13842,14365
909,2019-03-07,433,14163,14596
909,2019-03-08,526,14963,15489
909,2019-03-09,224,12446,12670
909,2019-03-10,80,8709,8789
909,2019-03-11,519,13393,13912
909,2019-03-12,584,13967,14551
909,2019-03-13,503,13337,13840
909,2019-03-14,460,13352,13812
909,2019-03-15,430,14546,14976
909,2019-03-16,220,12526,12746
909,2019-03-17,98,10282,10380
909,2019-03-18,551,13304,13855
909,2019-03-19,523,14094,14617
909,2019-03-20,551,13796,14347
909,2019-03-21,496,14015,14511
909,2019-03-22,481,14786,15267
909,2019-03-23,267,13124,13391
909,2019-03-24,83,9356,9439
909,2019-03-25,512,13614,14126
909,2019-03-26,452,14072,14524
909,2019-03-27,513,13944,14457
909,2019-03-28,471,14663,15134
909,2019-03-29,479,15365,15844
909,2019-03-30,303,13312,13615
909,2019-04-01,470,13927,14397
909,2019-04-02,501,14534,15035
909,2019-04-03,490,14294,14784
909,2019-04-04,508,14653,15161
909,2019-04-05,498,15219,15717
909,2019-04-06,296,12374,12670
909,2019-04-07,70,9176,9246
909,2019-04-08,542,13962,14504
909,2019-04-09,582,13984,14566
909,2019-04-10,570,14434,15004
909,2019-04-11,574,15191,15765
909,2019-04-12,610,15353,15963
909,2019-04-13,254,11789,12043
909,2019-04-14,80,8543,8623
909,2019-04-15,543,13477,14020
909,2019-04-16,567,13754,14321
909,2019-04-17,570,13726,14296
909,2019-04-18,533,14128,14661
909,2019-04-19,471,15073,15544
909,2019-04-20,290,13056,13346
909,2019-04-21,98,9489,9587
909,2019-04-22,91,8247,8338
909,2019-04-23,564,14098,14662
909,2019-04-24,604,13691,14295
909,2019-04-25,486,11886,12372
909,2019-04-26,465,13493,13958
909,2019-04-27,259,12916,13175
909,2019-04-28,66,9666,9732
909,2019-04-29,596,13976,14572
909,2019-04-30,555,15370,15925
909,2019-05-01,86,8773,8859
909,2019-05-02,533,14557,15090
909,2019-05-03,622,14479,15101
909,2019-05-04,287,12373,12660
909,2019-05-05,111,10908,11019
909,2019-05-06,552,13819,14371
909,2019-05-07,565,14261,14826
909,2019-05-08,459,14814,15273
909,2019-05-09,130,7860,7990
909,2019-05-10,459,14813,15272
909,2019-05-11,227,12313,12540
909,2019-05-12,74,10088,10162
909,2019-05-24,454,13647,14101
909,2019-05-25,319,11739,12058
909,2019-05-26,127,9500,9627
909,2019-05-27,482,12691,13173
909,2019-05-28,460,13542,14002
909,2019-05-29,541,14794,15335
909,2019-05-30,129,7651,7780
909,2019-05-31,429,13480,13909
909,2019-06-01,284,11958,12242
909,2019-06-02,75,9890,9965
909,2019-06-03,492,13769,14261
909,2019-06-04,505,14053,14558
909,2019-06-05,538,13962,14500
909,2019-06-06,545,14590,15135
909,2019-06-07,557,15269,15826
909,2019-06-08,387,12601,12988
909,2019-06-09,94,9940,10034
909,2019-06-10,108,7750,7858
909,2019-06-11,596,14748,15344
909,2019-06-12,551,14437,14988
909,2019-06-13,511,14764,15275
909,2019-06-14,552,15306,15858
909,2019-06-15,232,12678,12910
909,2019-06-16,67,9822,9889
909,2019-06-17,554,14398,14952
909,2019-06-18,622,14879,15501
909,2019-06-19,601,14093,14694
909,2019-06-20,579,14268,14847
909,2019-06-21,551,15155,15706
909,2019-06-22,244,12607,12851
909,2019-06-23,122,9062,9184
909,2019-06-24,547,13821,14368
909,2019-06-25,621,14785,15406
909,2019-06-26,597,14453,15050
909,2019-06-27,515,15117,15632
909,2019-06-28,573,15845,16418
909,2019-06-29,284,13422,13706
909,2019-06-30,86,10181,10267
909,2019-07-01,558,14140,14698
909,2019-07-02,559,15023,15582
909,2019-07-03,561,14672,15233
909,2019-07-04,516,15062,15578
909,2019-07-05,533,15771,16304
909,2019-07-06,264,11977,12241
909,2019-07-07,100,9111,9211
909,2019-07-08,578,14247,14825
909,2019-07-09,514,14910,15424
909,2019-07-10,581,14739,15320
909,2019-07-11,496,14920,15416
909,2019-07-12,506,16118,16624
909,2019-07-13,275,11858,12133
909,2019-07-14,86,8476,8562
909,2019-07-15,436,12786,13222
909,2019-07-16,553,13112,13665
909,2019-07-17,545,13727,14272
909,2019-07-18,463,13908,14371
909,2019-07-19,593,14645,15238
909,2019-07-20,223,11875,12098
909,2019-07-21,87,9075,9162
909,2019-07-22,562,13372,13934
909,2019-07-23,508,14003,14511
909,2019-07-24,556,13476,14032
909,2019-07-25,453,13756,14209
909,2019-07-26,398,13146,13544
909,2019-07-27,220,10217,10437
909,2019-07-28,93,7824,7917
909,2019-07-29,390,12220,12610
909,2019-07-30,403,12871,13274
909,2019-07-31,371,12829,13200
909,2019-08-01,352,12728,13080
909,2019-08-02,344,12851,13195
909,2019-08-03,202,10059,10261
909,2019-08-04,95,7424,7519
909,2019-08-05,351,11104,11455
909,2019-08-06,327,11543,11870
909,2019-08-07,325,11330,11655
909,2019-08-08,315,11503,11818
909,2019-08-09,340,11486,11826
909,2019-08-10,197,9082,9279
909,2019-08-11,76,7062,7138
909,2019-08-12,333,10593,10926
909,2019-08-13,374,11163,11537
909,2019-08-14,392,11907,12299
909,2019-08-15,70,6243,6313
909,2019-08-16,299,10913,11212
909,2019-08-17,209,9003,9212
909,2019-08-18,76,6717,6793
909,2019-08-19,395,11543,11938
909,2019-08-20,355,12450,12805
909,2019-08-21,426,12030,12456
909,2019-08-22,382,12341,12723
909,2019-08-23,439,12984,13423
909,2019-08-24,199,10423,10622
909,2019-08-25,91,8218,8309
909,2019-08-26,473,13572,14045
909,2019-08-27,507,14104,14611
909,2019-08-28,570,14023,14593
909,2019-08-29,502,14245,14747
909,2019-08-30,530,14848,15378
909,2019-08-31,391,12406,12797
909,2019-09-01,111,9593,9704
909,2019-09-02,718,14178,14896
909,2019-09-03,658,14727,15385
909,2019-09-04,680,14416,15096
909,2019-09-05,539,14594,15133
909,2019-09-06,592,15151,15743
909,2019-09-07,274,11716,11990
909,2019-09-08,78,8709,8787
909,2019-09-09,478,14090,14568
909,2019-09-10,470,13368,13838
909,2019-09-11,497,14021,14518
909,2019-09-12,409,14794,15203
909,2019-09-13,502,15184,15686
909,2019-09-14,282,12562,12844
909,2019-09-15,147,9900,10047
909,2019-09-16,532,14386,14918
909,2019-09-17,525,14992,15517
909,2019-09-18,566,14082,14648
909,2019-09-19,526,14318,14844
909,2019-09-20,510,14988,15498
909,2019-09-21,295,12934,13229
909,2019-09-22,94,9514,9608
909,2019-09-23,543,13946,14489
909,2019-09-24,469,13874,14343
909,2019-09-25,462,14123,14585
909,2019-09-26,412,14418,14830
909,2019-09-27,521,15242,15763
909,2019-09-28,239,12981,13220
909,2019-09-29,82,9326,9408
909,2019-09-30,536,13848,14384
909,2019-10-01,427,14211,14638
909,2019-10-02,542,13979,14521
909,2019-10-03,698,14310,15008
909,2019-10-04,561,15211,15772
909,2019-10-05,232,13086,13318
909,2019-10-06,79,9537,9616
909,2019-10-07,489,13920,14409
909,2019-10-08,475,14007,14482
909,2019-10-09,535,13903,14438
909,2019-10-10,531,14515,15046
909,2019-10-11,521,15270,15791
909,2019-10-12,236,13155,13391
909,2019-10-13,101,10115,10216
909,2019-10-14,513,13556,14069
909,2019-10-15,454,14130,14584
909,2019-10-16,506,14036,14542
909,2019-10-17,486,14262,14748
909,2019-10-18,500,15349,15849
909,2019-10-19,214,12933,13147
909,2019-10-20,82,9492,9574
909,2019-10-21,463,13827,14290
909,2019-10-22,539,14432,14971
909,2019-10-23,481,14300,14781
909,2019-10-24,569,14839,15408
909,2019-10-25,610,15313,15923
909,2019-10-26,307,13324,13631
909,2019-10-27,100,9680,9780
909,2019-10-28,557,13977,14534
909,2019-10-29,722,15175,15897
909,2019-10-30,545,15003,15548
909,2019-11-01,87,9039,9126
909,2019-11-02,215,12050,12265
909,2019-11-03,94,8968,9062
909,2019-11-04,409,13844,14253
909,2019-11-05,436,14535,14971
909,2019-11-06,465,14429,14894
909,2019-11-07,402,14553,14955
909,2019-11-08,470,15369,15839
909,2019-11-09,216,13040,13256
909,2019-11-10,83,9706,9789
909,2019-11-11,469,13962,14431
909,2019-11-12,421,14012,14433
909,2019-11-13,553,14206,14759
909,2019-11-14,441,14631,15072
909,2019-11-15,521,15240,15761
909,2019-11-16,224,13070,13294
909,2019-11-17,75,9200,9275
909,2019-11-18,491,13541,14032
909,2019-11-19,511,14166,14677
909,2019-11-20,479,13881,14360
909,2019-11-21,444,14388,14832
909,2019-11-22,446,15145,15591
909,2019-11-23,219,12941,13160
909,2019-11-24,103,9995,10098
909,2019-11-25,488,13647,14135
909,2019-11-26,516,14345,14861
909,2019-11-27,426,13950,14376
909,2019-11-28,478,14419,14897
909,2019-11-29,478,15398,15876
909,2019-11-30,217,13413,13630
909,2019-12-01,82,9622,9704
909,2019-12-02,519,13535,14054
909,2019-12-03,532,14306,14838
909,2019-12-04,567,13930,14497
909,2019-12-05,552,14231,14783
909,2019-12-06,424,14849,15273
909,2019-12-07,239,12788,13027
909,2019-12-08,76,9713,9789
909,2019-12-09,398,13840,14238
909,2019-12-10,433,14365,14798
909,2019-12-11,458,13917,14375
909,2019-12-12,402,14560,14962
909,2019-12-13,382,14602,14984
909,2019-12-14,231,12752,12983
909,2019-12-15,90,9845,9935
909,2019-12-16,408,13925,14333
909,2019-12-17,381,14335,14716
909,2019-12-18,495,14659,15154
909,2019-12-19,403,14640,15043
909,2019-12-20,406,15585,15991
909,2019-12-21,231,12266,12497
909,2019-12-22,74,9016,9090
909,2019-12-23,304,14043,14347
909,2019-12-24,240,12693,12933
909,2019-12-25,47,6856,6903
909,2019-12-26,53,6735,6788
909,2019-12-27,272,12057,12329
909,2019-12-28,198,10632,10830
909,2019-12-29,72,7988,8060
909,2019-12-30,303,12013,12316
909,2019-12-31,243,11500,11743
923,2019-01-01,26,3404,3430
923,2019-01-02,373,6391,6764
923,2019-01-03,408,6878,7286
923,2019-01-04,444,7123,7567
923,2019-01-05,183,5266,5449
923,2019-01-06,43,4914,4957
923,2019-01-07,493,7787,8280
923,2019-01-08,495,8072,8567
923,2019-01-09,480,7968,8448
923,2019-01-10,559,8421,8980
923,2019-01-11,525,8433,8958
923,2019-01-12,186,5668,5854
923,2019-01-13,33,5048,5081
923,2019-01-14,533,8317,8850
923,2019-01-15,659,8709,9368
923,2019-01-16,751,8506,9257
923,2019-01-17,646,8606,9252
923,2019-01-18,661,8747,9408
923,2019-01-19,195,5894,6089
923,2019-01-20,55,5794,5849
923,2019-01-21,609,8291,8900
923,2019-01-22,669,8027,8696
923,2019-01-23,544,8248,8792
923,2019-01-24,557,8537,9094
923,2019-01-25,550,8410,8960
923,2019-01-26,153,5979,6132
923,2019-01-27,38,5654,5692
923,2019-01-28,483,7789,8272
923,2019-01-29,668,8345,9013
923,2019-01-30,417,6896,7313
923,2019-01-31,579,7829,8408
923,2019-02-01,570,8480,9050
923,2019-02-02,187,5938,6125
923,2019-02-03,59,5847,5906
923,2019-02-04,599,8340,8939
923,2019-02-05,623,8612,9235
923,2019-02-06,579,8638,9217
923,2019-02-07,644,8862,9506
923,2019-02-08,624,8889,9513
923,2019-02-09,184,6280,6464
923,2019-02-10,44,5317,5361
923,2019-02-11,610,8513,9123
923,2019-02-12,598,8797,9395
923,2019-02-13,588,8864,9452
923,2019-02-14,660,8942,9602
923,2019-02-15,640,9498,10138
923,2019-02-16,216,6238,6454
923,2019-02-17,54,5972,6026
923,2019-02-18,675,7918,8593
923,2019-02-19,7,45,52
923,2019-02-21,NA,2,NA
923,2019-02-22,385,6150,6535
923,2019-02-23,240,6289,6529
923,2019-02-24,63,6373,6436
923,2019-02-25,663,8841,9504
923,2019-02-26,702,9126,9828
923,2019-02-27,659,9158,9817
923,2019-02-28,748,9370,10118
923,2019-03-01,676,9527,10203
923,2019-03-02,232,6347,6579
923,2019-03-03,62,5771,5833
923,2019-03-04,538,7884,8422
923,2019-03-05,615,8688,9303
923,2019-03-06,628,8867,9495
923,2019-03-07,633,9212,9845
923,2019-03-08,702,9182,9884
923,2019-03-09,189,6361,6550
923,2019-03-10,63,5453,5516
923,2019-03-11,634,8910,9544
923,2019-03-12,690,9042,9732
923,2019-03-13,636,8784,9420
923,2019-03-14,636,8972,9608
923,2019-03-15,528,9042,9570
923,2019-03-16,191,6750,6941
923,2019-03-17,53,6135,6188
923,2019-03-18,657,8863,9520
923,2019-03-19,781,9320,10101
923,2019-03-20,691,9206,9897
923,2019-03-21,776,9429,10205
923,2019-03-22,771,9999,10770
923,2019-03-23,273,7393,7666
923,2019-03-24,109,7430,7539
923,2019-03-25,825,9001,9826
923,2019-03-26,744,9144,9888
923,2019-03-27,750,9270,10020
923,2019-03-28,784,9664,10448
923,2019-03-29,796,10006,10802
923,2019-03-30,242,7156,7398
923,2019-04-01,729,9143,9872
923,2019-04-02,748,9506,10254
923,2019-04-03,722,9317,10039
923,2019-04-04,779,9571,10350
923,2019-04-05,849,9865,10714
923,2019-04-06,303,7473,7776
923,2019-04-07,123,6633,6756
923,2019-04-08,761,8729,9490
923,2019-04-09,770,8946,9716
923,2019-04-10,733,9048,9781
923,2019-04-11,865,9178,10043
923,2019-04-12,795,9147,9942
923,2019-04-13,267,6313,6580
923,2019-04-14,73,6382,6455
923,2019-04-15,774,8783,9557
923,2019-04-16,774,8931,9705
923,2019-04-17,746,9186,9932
923,2019-04-18,753,9503,10256
923,2019-04-19,802,9915,10717
923,2019-04-20,346,8243,8589
923,2019-04-21,71,7162,7233
923,2019-04-22,143,7194,7337
923,2019-04-23,722,9676,10398
923,2019-04-24,735,9610,10345
923,2019-04-25,779,9897,10676
923,2019-04-26,839,10389,11228
923,2019-04-27,318,7429,7747
923,2019-04-28,134,7080,7214
923,2019-04-29,754,9342,10096
923,2019-04-30,738,10083,10821
923,2019-05-01,140,7134,7274
923,2019-05-02,768,9437,10205
923,2019-05-03,832,9904,10736
923,2019-05-04,258,7073,7331
923,2019-05-05,130,7164,7294
923,2019-05-06,761,9160,9921
923,2019-05-07,714,9368,10082
923,2019-05-08,709,9538,10247
923,2019-05-09,183,5903,6086
923,2019-05-10,652,9311,9963
923,2019-05-11,223,6626,6849
923,2019-05-12,77,6535,6612
923,2019-05-13,818,9258,10076
923,2019-05-14,801,9415,10216
923,2019-05-15,813,9484,10297
923,2019-05-16,885,9608,10493
923,2019-05-17,810,9730,10540
923,2019-05-18,300,7717,8017
923,2019-05-19,88,6934,7022
923,2019-05-20,753,9069,9822
923,2019-05-21,852,9413,10265
923,2019-05-22,799,9468,10267
923,2019-05-23,799,9837,10636
923,2019-05-24,682,10092,10774
923,2019-05-25,380,7404,7784
923,2019-05-26,146,7311,7457
923,2019-05-27,777,8934,9711
923,2019-06-04,660,9468,10128
923,2019-06-05,745,9317,10062
923,2019-06-06,827,9834,10661
923,2019-06-07,782,10461,11243
923,2019-06-08,391,8304,8695
923,2019-06-09,166,7838,8004
923,2019-06-10,246,7585,7831
923,2019-06-11,741,9569,10310
923,2019-06-12,742,9445,10187
923,2019-06-13,784,9643,10427
923,2019-06-14,837,10433,11270
923,2019-06-15,342,7888,8230
923,2019-06-16,157,7247,7404
923,2019-06-17,741,9433,10174
923,2019-06-18,823,9584,10407
923,2019-06-19,836,9357,10193
923,2019-06-20,817,9877,10694
923,2019-06-21,805,10591,11396
923,2019-06-22,294,7503,7797
923,2019-06-23,105,7403,7508
923,2019-06-24,771,9600,10371
923,2019-06-25,768,9863,10631
923,2019-06-26,757,9818,10575
923,2019-06-27,840,10117,10957
923,2019-06-28,858,10295,11153
923,2019-06-29,324,8318,8642
923,2019-06-30,130,7729,7859
923,2019-07-01,836,9700,10536
923,2019-07-02,782,9841,10623
923,2019-07-03,780,9854,10634
923,2019-07-04,912,10002,10914
923,2019-07-05,856,10474,11330
923,2019-07-06,312,8610,8922
923,2019-07-07,144,8059,8203
923,2019-07-08,803,9469,10272
923,2019-07-09,782,9970,10752
923,2019-07-10,857,10209,11066
923,2019-07-11,762,10095,10857
923,2019-07-12,713,9873,10586
923,2019-07-13,370,7507,7877
923,2019-07-14,148,7817,7965
923,2019-07-15,698,9430,10128
923,2019-07-16,741,9784,10525
923,2019-07-17,652,9947,10599
923,2019-07-18,714,10108,10822
923,2019-07-19,654,10513,11167
923,2019-07-20,306,7864,8170
923,2019-07-21,160,8419,8579
923,2019-07-22,710,10225,10935
923,2019-07-23,675,10078,10753
923,2019-07-24,661,9510,10171
923,2019-07-25,648,9940,10588
923,2019-07-26,583,10010,10593
923,2019-07-27,269,7688,7957
923,2019-07-28,146,7336,7482
923,2019-07-29,517,9184,9701
923,2019-07-30,543,9144,9687
923,2019-07-31,530,9248,9778
923,2019-08-01,579,9268,9847
923,2019-08-02,523,9215,9738
923,2019-08-03,299,7347,7646
923,2019-08-04,150,7352,7502
923,2019-08-05,502,8437,8939
923,2019-08-06,540,8389,8929
923,2019-08-07,496,8362,8858
923,2019-08-08,553,8496,9049
923,2019-08-09,538,8264,8802
923,2019-08-10,255,6879,7134
923,2019-08-11,160,6970,7130
923,2019-08-12,490,7667,8157
923,2019-08-13,534,8047,8581
923,2019-08-14,517,8488,9005
923,2019-08-15,165,6350,6515
923,2019-08-16,512,7986,8498
923,2019-08-17,244,6147,6391
923,2019-08-18,114,6276,6390
923,2019-08-19,561,8191,8752
923,2019-08-20,603,8496,9099
923,2019-08-21,591,8554,9145
923,2019-08-22,609,8681,9290
923,2019-08-23,650,9133,9783
923,2019-08-24,316,7640,7956
923,2019-08-25,169,7349,7518
923,2019-08-26,675,8693,9368
923,2019-08-27,714,8933,9647
923,2019-08-28,760,9069,9829
923,2019-08-29,776,8917,9693
923,2019-08-30,759,9312,10071
923,2019-08-31,300,7279,7579
923,2019-09-01,169,6774,6943
923,2019-09-02,734,8849,9583
923,2019-09-03,785,8883,9668
923,2019-09-04,824,8836,9660
923,2019-09-05,820,8971,9791
923,2019-09-06,850,9429,10279
923,2019-09-07,269,6641,6910
923,2019-09-08,138,6722,6860
923,2019-09-09,798,9022,9820
923,2019-09-10,863,9340,10203
923,2019-09-11,809,9418,10227
923,2019-09-12,845,9663,10508
923,2019-09-13,799,9864,10663
923,2019-09-14,319,7415,7734
923,2019-09-15,141,7740,7881
923,2019-09-16,772,9570,10342
923,2019-09-17,826,9711,10537
923,2019-09-18,827,9661,10488
923,2019-09-19,825,9585,10410
923,2019-09-20,863,10526,11389
923,2019-09-21,387,8543,8930
923,2019-09-22,145,7754,7899
923,2019-09-23,859,9901,10760
923,2019-09-24,832,9776,10608
923,2019-09-25,748,9415,10163
923,2019-09-26,711,9585,10296
923,2019-09-27,674,9929,10603
923,2019-09-28,239,7024,7263
923,2019-09-29,83,6774,6857
923,2019-09-30,763,9161,9924
923,2019-10-01,702,9484,10186
923,2019-10-02,660,9155,9815
923,2019-10-03,782,9666,10448
923,2019-10-04,680,9850,10530
923,2019-10-05,221,7274,7495
923,2019-10-06,71,6840,6911
923,2019-10-07,787,9264,10051
923,2019-10-08,614,9070,9684
923,2019-10-09,663,9355,10018
923,2019-10-10,669,9609,10278
923,2019-10-11,714,9817,10531
923,2019-10-12,251,7217,7468
923,2019-10-13,116,6905,7021
923,2019-10-14,701,9379,10080
923,2019-10-15,791,9116,9907
923,2019-10-16,687,9083,9770
923,2019-10-17,651,9433,10084
923,2019-10-18,642,9649,10291
923,2019-10-19,187,7334,7521
923,2019-10-20,60,6211,6271
923,2019-10-21,666,9129,9795
923,2019-10-22,737,9553,10290
923,2019-10-23,718,9477,10195
923,2019-10-24,704,9679,10383
923,2019-10-25,708,10002,10710
923,2019-10-26,298,7234,7532
923,2019-10-27,101,6604,6705
923,2019-10-28,770,8859,9629
923,2019-10-29,793,9409,10202
923,2019-10-30,783,9440,10223
923,2019-11-01,109,6744,6853
923,2019-11-02,241,6570,6811
923,2019-11-03,112,5884,5996
923,2019-11-04,637,8928,9565
923,2019-11-05,639,9386,10025
923,2019-11-06,705,9277,9982
923,2019-11-07,630,9399,10029
923,2019-11-08,685,9740,10425
923,2019-11-09,241,6988,7229
923,2019-11-10,74,6761,6835
923,2019-11-11,665,9024,9689
923,2019-11-12,664,9205,9869
923,2019-11-13,678,9123,9801
923,2019-11-14,726,9474,10200
923,2019-11-15,704,9678,10382
923,2019-11-16,247,6908,7155
923,2019-11-17,65,5928,5993
923,2019-11-18,597,8818,9415
923,2019-11-19,733,9192,9925
923,2019-11-20,784,9093,9877
923,2019-11-21,761,9245,10006
923,2019-11-22,738,9675,10413
923,2019-11-23,203,6588,6791
923,2019-11-24,58,6775,6833
923,2019-11-25,663,8814,9477
923,2019-11-26,679,9206,9885
923,2019-11-27,681,9084,9765
923,2019-11-28,631,9428,10059
923,2019-11-29,680,9859,10539
923,2019-11-30,220,7000,7220
923,2019-12-01,60,5371,5431
923,2019-12-02,687,8795,9482
923,2019-12-03,680,9257,9937
923,2019-12-04,690,9277,9967
923,2019-12-05,695,9347,10042
923,2019-12-06,562,9081,9643
923,2019-12-07,194,6718,6912
923,2019-12-08,44,5481,5525
923,2019-12-09,574,8867,9441
923,2019-12-10,717,9102,9819
923,2019-12-11,603,9304,9907
923,2019-12-12,722,9338,10060
923,2019-12-13,582,9329,9911
923,2019-12-14,215,6936,7151
923,2019-12-15,51,6328,6379
923,2019-12-16,552,9391,9943
923,2019-12-17,641,9246,9887
923,2019-12-18,626,9382,10008
923,2019-12-19,667,9688,10355
923,2019-12-20,567,9478,10045
923,2019-12-21,185,6495,6680
923,2019-12-22,38,5834,5872
923,2019-12-23,359,7883,8242
923,2019-12-24,285,6032,6317
923,2019-12-25,17,3826,3843
923,2019-12-26,66,5348,5414
923,2019-12-27,335,6518,6853
923,2019-12-28,191,5486,5677
923,2019-12-29,56,5368,5424
923,2019-12-30,321,6730,7051
923,2019-12-31,270,5678,5948
926,2019-01-01,110,9081,9191
926,2019-01-02,437,15243,15680
926,2019-01-03,487,16263,16750
926,2019-01-05,328,14205,14533
926,2019-01-06,134,10962,11096
926,2019-01-07,564,17916,18480
926,2019-01-08,520,18721,19241
926,2019-01-09,488,18407,18895
926,2019-01-10,615,19042,19657
926,2019-01-11,526,19851,20377
926,2019-01-12,386,16285,16671
926,2019-01-13,112,11504,11616
926,2019-01-14,560,18559,19119
926,2019-01-15,650,19310,19960
926,2019-01-16,602,19077,19679
926,2019-01-17,532,19322,19854
926,2019-01-19,409,16938,17347
926,2019-01-20,166,12027,12193
926,2019-01-21,572,18682,19254
926,2019-01-22,618,18943,19561
926,2019-01-23,522,18392,18914
926,2019-01-24,601,19261,19862
926,2019-01-25,551,19783,20334
926,2019-01-26,372,16226,16598
926,2019-01-27,201,11659,11860
926,2019-01-28,525,18463,18988
926,2019-01-29,590,19639,20229
926,2019-01-30,394,16804,17198
926,2019-01-31,392,18715,19107
926,2019-02-02,371,16373,16744
926,2019-02-03,198,11767,11965
926,2019-02-04,619,18886,19505
926,2019-02-05,660,19517,20177
926,2019-02-06,617,19267,19884
926,2019-02-07,544,19544,20088
926,2019-02-08,596,20003,20599
926,2019-02-09,290,17004,17294
926,2019-02-10,50,11348,11398
926,2019-02-11,680,18695,19375
926,2019-02-12,622,19554,20176
926,2019-02-13,691,19236,19927
926,2019-02-14,672,19844,20516
926,2019-02-16,533,17181,17714
926,2019-02-17,161,12984,13145
926,2019-02-18,587,16145,16732
926,2019-02-19,617,16746,17363
926,2019-02-20,658,17207,17865
926,2019-02-21,600,17231,17831
926,2019-02-22,672,18250,18922
926,2019-02-23,544,16082,16626
926,2019-02-24,194,13285,13479
926,2019-02-25,717,18852,19569
926,2019-02-26,732,19120,19852
926,2019-02-27,690,17781,18471
926,2019-02-28,730,19390,20120
926,2019-03-02,453,17413,17866
926,2019-03-03,194,12343,12537
926,2019-03-04,468,18080,18548
926,2019-03-05,432,19604,20036
926,2019-03-06,466,19184,19650
926,2019-03-07,553,19418,19971
926,2019-03-08,584,20571,21155
926,2019-03-09,460,17996,18456
926,2019-03-10,96,13404,13500
926,2019-03-11,656,18741,19397
926,2019-03-12,668,19523,20191
926,2019-03-13,404,18838,19242
926,2019-03-14,412,19380,19792
926,2019-03-16,420,17817,18237
926,2019-03-17,183,12451,12634
926,2019-03-18,577,18854,19431
926,2019-03-19,630,19618,20248
926,2019-03-20,593,19280,19873
926,2019-03-21,628,19683,20311
926,2019-03-22,652,20110,20762
926,2019-03-23,449,18188,18637
926,2019-03-24,278,14163,14441
926,2019-03-25,600,18703,19303
926,2019-03-26,666,19109,19775
926,2019-03-27,664,19019,19683
926,2019-03-28,623,19198,19821
926,2019-03-30,413,18609,19022
926,2019-04-01,655,18817,19472
926,2019-04-02,714,18406,19120
926,2019-04-03,697,18884,19581
926,2019-04-04,624,19650,20274
926,2019-04-06,462,17768,18230
926,2019-04-07,267,13800,14067
926,2019-04-08,535,17824,18359
926,2019-04-09,549,18747,19296
926,2019-04-10,512,19079,19591
926,2019-04-11,511,19256,19767
926,2019-04-13,511,17091,17602
926,2019-04-14,176,12508,12684
926,2019-04-15,562,18576,19138
926,2019-04-16,591,18959,19550
926,2019-04-17,591,19567,20158
926,2019-04-18,584,19874,20458
926,2019-04-19,633,20694,21327
926,2019-04-20,421,18254,18675
926,2019-04-21,211,13743,13954
926,2019-04-22,187,12423,12610
926,2019-04-23,634,19185,19819
926,2019-04-24,633,18401,19034
926,2019-04-25,609,18870,19479
926,2019-04-27,421,18351,18772
926,2019-04-28,201,12868,13069
926,2019-04-29,634,18879,19513
926,2019-04-30,709,20330,21039
926,2019-05-01,218,13483,13701
926,2019-05-02,650,19358,20008
926,2019-05-03,735,18988,19723
926,2019-05-04,520,17317,17837
926,2019-05-05,227,13997,14224
926,2019-05-06,718,18796,19514
926,2019-05-07,741,19880,20621
926,2019-05-08,450,21132,21582
926,2019-05-09,250,11054,11304
926,2019-05-11,343,13660,14003
926,2019-05-12,206,12888,13094
926,2019-05-13,457,12395,12852
926,2019-05-16,2,2,4
926,2019-06-01,294,18086,18380
926,2019-06-02,125,14543,14668
926,2019-06-03,504,19998,20502
926,2019-06-04,526,20973,21499
926,2019-06-05,530,20490,21020
926,2019-06-06,534,20686,21220
926,2019-06-07,554,21429,21983
926,2019-06-08,315,18861,19176
926,2019-06-09,96,15227,15323
926,2019-06-10,104,12015,12119
926,2019-06-11,541,20006,20547
926,2019-06-12,558,20125,20683
926,2019-06-13,598,20864,21462
926,2019-06-14,489,21708,22197
926,2019-06-17,610,20049,20659
926,2019-06-18,600,20466,21066
926,2019-06-19,494,20434,20928
926,2019-06-20,517,21012,21529
926,2019-06-21,473,21960,22433
926,2019-06-22,242,18902,19144
926,2019-06-23,71,13895,13966
926,2019-06-24,551,20226,20777
926,2019-06-25,568,21119,21687
926,2019-06-26,543,20810,21353
926,2019-06-27,486,21512,21998
926,2019-06-28,554,22399,22953
926,2019-06-29,260,19603,19863
926,2019-06-30,91,15830,15921
926,2019-07-01,543,20440,20983
926,2019-07-02,523,21283,21806
926,2019-07-03,564,20899,21463
926,2019-07-04,530,21300,21830
926,2019-07-05,613,21988,22601
926,2019-07-06,335,20027,20362
926,2019-07-07,88,14320,14408
926,2019-07-08,555,20538,21093
926,2019-07-09,537,21915,22452
926,2019-07-10,526,21497,22023
926,2019-07-11,473,21476,21949
926,2019-07-12,500,19922,20422
926,2019-07-13,324,20613,20937
926,2019-07-14,89,15572,15661
926,2019-07-15,664,20664,21328
926,2019-07-16,600,21002,21602
926,2019-07-17,604,20181,20785
926,2019-07-18,605,20364,20969
926,2019-07-19,558,21123,21681
926,2019-07-20,291,16914,17205
926,2019-07-21,85,13288,13373
926,2019-07-22,461,19340,19801
926,2019-07-23,513,19872,20385
926,2019-07-24,418,19879,20297
926,2019-07-25,465,19864,20329
926,2019-07-26,458,20152,20610
926,2019-07-27,238,16065,16303
926,2019-07-28,77,12913,12990
926,2019-07-29,379,18217,18596
926,2019-07-30,439,18061,18500
926,2019-07-31,411,18101,18512
926,2019-08-01,359,18168,18527
926,2019-08-02,402,18384,18786
926,2019-08-03,249,14890,15139
926,2019-08-04,79,11574,11653
926,2019-08-05,388,16458,16846
926,2019-08-06,403,16945,17348
926,2019-08-07,350,16631,16981
926,2019-08-08,410,16853,17263
926,2019-08-09,394,16768,17162
926,2019-08-10,277,13386,13663
926,2019-08-11,70,10519,10589
926,2019-08-12,412,15371,15783
926,2019-08-13,371,16550,16921
926,2019-08-14,418,16764,17182
926,2019-08-15,77,9038,9115
926,2019-08-16,377,16150,16527
926,2019-08-17,225,12203,12428
926,2019-08-18,54,10009,10063
926,2019-08-19,518,16868,17386
926,2019-08-20,571,17398,17969
926,2019-08-21,500,17560,18060
926,2019-08-22,551,17989,18540
926,2019-08-23,567,18258,18825
926,2019-08-24,241,15124,15365
926,2019-08-25,74,12397,12471
926,2019-08-26,455,17773,18228
926,2019-08-27,459,18325,18784
926,2019-08-28,429,18077,18506
926,2019-08-29,434,19077,19511
926,2019-08-30,505,19960,20465
926,2019-08-31,253,16610,16863
926,2019-09-01,77,12770,12847
926,2019-09-02,424,18452,18876
926,2019-09-03,436,19151,19587
926,2019-09-04,435,19089,19524
926,2019-09-05,437,18971,19408
926,2019-09-06,459,17233,17692
926,2019-09-07,486,17263,17749
926,2019-09-08,85,12103,12188
926,2019-09-09,469,19152,19621
926,2019-09-10,444,20027,20471
926,2019-09-11,458,19490,19948
926,2019-09-12,366,19313,19679
926,2019-09-13,452,20957,21409
926,2019-09-14,313,18394,18707
926,2019-09-15,89,14793,14882
926,2019-09-16,458,19940,20398
926,2019-09-17,451,19970,20421
926,2019-09-18,477,20350,20827
926,2019-09-19,489,20294,20783
926,2019-09-20,499,20909,21408
926,2019-09-21,274,18589,18863
926,2019-09-22,82,13569,13651
926,2019-09-23,540,19379,19919
926,2019-09-24,530,19721,20251
926,2019-09-25,466,19358,19824
926,2019-09-26,424,18099,18523
926,2019-09-27,458,20369,20827
926,2019-09-28,367,18215,18582
926,2019-09-29,68,12010,12078
926,2019-09-30,384,19485,19869
926,2019-10-01,350,18724,19074
926,2019-10-02,401,19835,20236
926,2019-10-03,419,20560,20979
926,2019-10-04,394,19739,20133
926,2019-10-05,239,18727,18966
926,2019-10-06,73,12814,12887
926,2019-10-07,392,19574,19966
926,2019-10-08,320,14652,14972
926,2019-10-09,387,18979,19366
926,2019-10-10,425,20640,21065
926,2019-10-11,453,21146,21599
926,2019-10-12,307,18487,18794
926,2019-10-13,75,14152,14227
926,2019-10-14,454,19848,20302
926,2019-10-15,429,18801,19230
926,2019-10-16,399,18971,19370
926,2019-10-17,355,17268,17623
926,2019-10-18,416,20473,20889
926,2019-10-19,242,17521,17763
926,2019-10-20,78,11366,11444
926,2019-10-21,429,19635,20064
926,2019-10-22,461,20560,21021
926,2019-10-23,430,20311,20741
926,2019-10-24,484,20357,20841
926,2019-10-25,465,21467,21932
926,2019-10-26,361,19281,19642
926,2019-10-27,91,13730,13821
926,2019-10-28,543,19040,19583
926,2019-10-29,518,19907,20425
926,2019-10-30,518,19789,20307
926,2019-11-01,66,10336,10402
926,2019-11-02,287,14832,15119
926,2019-11-03,77,11736,11813
926,2019-11-04,392,17255,17647
926,2019-11-05,462,19823,20285
926,2019-11-06,468,18130,18598
926,2019-11-07,445,18731,19176
926,2019-11-08,585,20777,21362
926,2019-11-09,261,17959,18220
926,2019-11-10,82,12986,13068
926,2019-11-11,427,18267,18694
926,2019-11-12,425,17529,17954
926,2019-11-13,540,19262,19802
926,2019-11-14,479,19731,20210
926,2019-11-15,505,19904,20409
926,2019-11-16,279,18395,18674
926,2019-11-17,79,13218,13297
926,2019-11-18,416,17299,17715
926,2019-11-19,527,19944,20471
926,2019-11-20,557,19837,20394
926,2019-11-21,531,20429,20960
926,2019-11-22,546,21324,21870
926,2019-11-23,278,18864,19142
926,2019-11-24,92,14895,14987
926,2019-11-25,510,19688,20198
926,2019-11-26,456,18936,19392
926,2019-11-27,446,18033,18479
926,2019-11-28,526,20087,20613
926,2019-11-29,491,20930,21421
926,2019-11-30,294,19081,19375
926,2019-12-01,80,13079,13159
926,2019-12-02,532,19761,20293
926,2019-12-03,559,20729,21288
926,2019-12-04,507,20406,20913
926,2019-12-05,464,20900,21364
926,2019-12-06,429,20483,20912
926,2019-12-07,267,17970,18237
926,2019-12-08,79,13144,13223
926,2019-12-09,415,19496,19911
926,2019-12-10,491,20512,21003
926,2019-12-11,473,19781,20254
926,2019-12-12,447,20769,21216
926,2019-12-13,438,21073,21511
926,2019-12-14,261,18822,19083
926,2019-12-15,88,14762,14850
926,2019-12-16,477,20238,20715
926,2019-12-17,515,20803,21318
926,2019-12-18,477,20920,21397
926,2019-12-19,526,21196,21722
926,2019-12-20,370,20788,21158
926,2019-12-21,225,17900,18125
926,2019-12-22,65,12785,12850
926,2019-12-23,357,18759,19116
926,2019-12-24,327,16741,17068
926,2019-12-25,47,9130,9177
926,2019-12-26,128,9633,9761
926,2019-12-27,413,16437,16850
926,2019-12-28,265,14434,14699
926,2019-12-29,70,11373,11443
926,2019-12-30,356,16670,17026
926,2019-12-31,401,15346,15747
927,2019-01-01,8,3247,3255
927,2019-01-02,166,6402,6568
927,2019-01-03,139,6989,7128
927,2019-01-04,176,7448,7624
927,2019-01-05,52,5374,5426
927,2019-01-06,10,4153,4163
927,2019-01-09,235,9280,9515
927,2019-01-11,257,9985,10242
927,2019-01-12,63,6130,6193
927,2019-01-13,3,4004,4007
927,2019-01-14,358,10819,11177
927,2019-01-15,363,10811,11174
927,2019-01-16,343,10396,10739
927,2019-01-17,339,11291,11630
927,2019-01-18,362,11302,11664
927,2019-01-19,109,6491,6600
927,2019-01-20,36,4301,4337
927,2019-01-22,414,10429,10843
927,2019-01-23,384,8364,8748
927,2019-01-24,464,9178,9642
927,2019-01-25,496,10781,11277
927,2019-01-26,80,6218,6298
927,2019-01-27,12,4265,4277
927,2019-01-28,421,9713,10134
927,2019-01-29,378,10588,10966
927,2019-01-30,170,7502,7672
927,2019-01-31,239,9561,9800
927,2019-02-01,287,10773,11060
927,2019-02-02,52,6711,6763
927,2019-02-03,12,4861,4873
927,2019-02-04,404,10330,10734
927,2019-02-06,614,11431,12045
927,2019-02-07,473,11316,11789
927,2019-02-08,414,11491,11905
927,2019-02-09,127,6452,6579
927,2019-02-10,19,4015,4034
927,2019-02-11,534,12258,12792
927,2019-02-12,469,10944,11413
927,2019-02-13,372,9224,9596
927,2019-02-14,443,11735,12178
927,2019-02-15,378,9978,10356
927,2019-02-16,98,6142,6240
927,2019-02-17,13,4357,4370
927,2019-02-20,420,9863,10283
927,2019-02-22,384,9350,9734
927,2019-02-23,206,6060,6266
927,2019-02-24,56,4751,4807
927,2019-02-25,503,10705,11208
927,2019-02-27,492,11966,12458
927,2019-02-28,544,13348,13892
927,2019-03-01,531,12108,12639
927,2019-03-02,153,6990,7143
927,2019-03-03,35,4406,4441
927,2019-03-04,412,10386,10798
927,2019-03-05,463,10874,11337
927,2019-03-06,500,11470,11970
927,2019-03-07,521,12407,12928
927,2019-03-08,486,11980,12466
927,2019-03-09,120,7238,7358
927,2019-03-10,31,4197,4228
927,2019-03-11,466,10887,11353
927,2019-03-12,564,11604,12168
927,2019-03-13,493,11531,12024
927,2019-03-14,454,11740,12194
927,2019-03-15,472,12156,12628
927,2019-03-16,88,6903,6991
927,2019-03-17,29,4537,4566
927,2019-03-18,422,10910,11332
927,2019-03-19,446,11628,12074
927,2019-03-20,555,12333,12888
927,2019-03-21,526,12220,12746
927,2019-03-22,513,12283,12796
927,2019-03-23,173,8073,8246
927,2019-03-24,45,5084,5129
927,2019-03-25,513,11399,11912
927,2019-03-26,536,11538,12074
927,2019-03-27,594,11578,12172
927,2019-03-28,626,12189,12815
927,2019-03-29,521,12667,13188
927,2019-03-30,129,7752,7881
927,2019-04-01,501,11922,12423
927,2019-04-02,445,11929,12374
927,2019-04-03,523,11709,12232
927,2019-04-04,511,12163,12674
927,2019-04-05,498,12413,12911
927,2019-04-06,197,7019,7216
927,2019-04-07,43,4643,4686
927,2019-04-08,494,10225,10719
927,2019-04-09,484,11208,11692
927,2019-04-10,403,10499,10902
927,2019-04-11,466,10784,11250
927,2019-04-12,393,10924,11317
927,2019-04-13,127,6589,6716
927,2019-04-14,26,4343,4369
927,2019-04-15,390,10276,10666
927,2019-04-16,496,11027,11523
927,2019-04-17,439,10248,10687
927,2019-04-18,418,10949,11367
927,2019-04-19,412,10834,11246
927,2019-04-20,173,6627,6800
927,2019-04-21,20,5374,5394
927,2019-04-22,37,4787,4824
927,2019-04-23,475,11819,12294
927,2019-04-24,507,11952,12459
927,2019-04-25,462,12519,12981
927,2019-04-26,463,12662,13125
927,2019-04-27,127,7386,7513
927,2019-04-28,38,4536,4574
927,2019-04-29,554,11723,12277
927,2019-04-30,559,13471,14030
927,2019-05-01,46,5103,5149
927,2019-05-02,574,12288,12862
927,2019-05-03,499,12360,12859
927,2019-05-04,130,7023,7153
927,2019-05-05,23,5259,5282
927,2019-05-06,560,11794,12354
927,2019-05-07,544,12542,13086
927,2019-05-08,442,13264,13706
927,2019-05-09,56,4492,4548
927,2019-05-10,364,10569,10933
927,2019-05-11,129,8110,8239
927,2019-05-12,31,5574,5605
927,2019-05-13,501,11382,11883
927,2019-05-14,498,12888,13386
927,2019-05-15,536,12245,12781
927,2019-05-21,466,11918,12384
927,2019-05-22,575,12396,12971
927,2019-05-23,559,12893,13452
927,2019-05-24,554,12505,13059
927,2019-05-25,218,7168,7386
927,2019-05-26,45,4919,4964
927,2019-05-27,506,10468,10974
927,2019-05-28,552,10939,11491
927,2019-05-29,516,11788,12304
927,2019-05-30,32,4330,4362
927,2019-05-31,271,9132,9403
927,2019-06-01,91,6515,6606
927,2019-06-02,34,5424,5458
927,2019-06-03,440,11404,11844
927,2019-06-04,517,12370,12887
927,2019-06-05,598,13662,14260
927,2019-06-06,537,12428,12965
927,2019-06-12,492,11360,11852
927,2019-06-13,587,12477,13064
927,2019-06-14,536,12380,12916
927,2019-06-15,198,8334,8532
927,2019-06-16,36,5496,5532
927,2019-06-17,484,11531,12015
927,2019-06-18,479,12095,12574
927,2019-06-19,526,11877,12403
927,2019-06-20,570,12535,13105
927,2019-06-21,453,12725,13178
927,2019-06-22,124,7095,7219
927,2019-06-23,43,4983,5026
927,2019-06-24,519,11594,12113
927,2019-06-25,461,12347,12808
927,2019-06-26,532,11892,12424
927,2019-06-27,557,12422,12979
927,2019-06-28,543,13166,13709
927,2019-06-29,202,8573,8775
927,2019-06-30,37,6090,6127
927,2019-07-01,602,12153,12755
927,2019-07-02,577,12357,12934
927,2019-07-03,596,12518,13114
927,2019-07-04,594,13076,13670
927,2019-07-05,560,12930,13490
927,2019-07-06,242,9328,9570
927,2019-07-07,45,5370,5415
927,2019-07-08,634,11613,12247
927,2019-07-09,659,12376,13035
927,2019-07-10,659,12960,13619
927,2019-07-11,537,12486,13023
927,2019-07-12,583,13404,13987
927,2019-07-13,151,7772,7923
927,2019-07-14,20,5104,5124
927,2019-07-15,516,11284,11800
927,2019-07-16,532,11884,12416
927,2019-07-17,517,11918,12435
927,2019-07-18,517,11697,12214
927,2019-07-19,530,12430,12960
927,2019-07-20,127,7277,7404
927,2019-07-21,36,5468,5504
927,2019-07-22,570,10932,11502
927,2019-07-23,538,10652,11190
927,2019-07-24,585,11165,11750
927,2019-07-25,518,10440,10958
927,2019-07-26,355,9674,10029
927,2019-07-27,118,5804,5922
927,2019-07-28,37,4589,4626
927,2019-07-29,300,8847,9147
927,2019-07-30,276,8942,9218
927,2019-07-31,318,8975,9293
927,2019-08-01,304,8866,9170
927,2019-08-02,260,8969,9229
927,2019-08-03,114,5907,6021
927,2019-08-04,62,4529,4591
927,2019-08-05,277,7582,7859
927,2019-08-06,248,7975,8223
927,2019-08-07,236,7946,8182
927,2019-08-08,226,8157,8383
927,2019-08-09,256,9196,9452
927,2019-08-10,127,5841,5968
927,2019-08-11,30,4185,4215
927,2019-08-12,249,7794,8043
927,2019-08-13,220,7868,8088
927,2019-08-14,240,7977,8217
927,2019-08-15,33,3692,3725
927,2019-08-16,187,7066,7253
927,2019-08-17,80,5161,5241
927,2019-08-18,12,3926,3938
927,2019-08-19,280,8486,8766
927,2019-08-20,309,9367,9676
927,2019-08-21,337,9214,9551
927,2019-08-22,334,9588,9922
927,2019-08-23,263,9128,9391
927,2019-08-24,78,5731,5809
927,2019-08-25,32,4819,4851
927,2019-08-26,339,9764,10103
927,2019-08-27,382,9854,10236
927,2019-08-28,431,10982,11413
927,2019-08-29,403,10927,11330
927,2019-08-30,435,10842,11277
927,2019-08-31,125,6512,6637
927,2019-09-01,44,4702,4746
927,2019-09-02,420,9646,10066
927,2019-09-03,476,10781,11257
927,2019-09-04,472,10479,10951
927,2019-09-05,399,10477,10876
927,2019-09-06,515,10668,11183
927,2019-09-07,137,6065,6202
927,2019-09-08,24,4311,4335
927,2019-09-09,513,11403,11916
927,2019-09-10,520,11215,11735
927,2019-09-11,445,10958,11403
927,2019-09-12,470,11690,12160
927,2019-09-13,476,11900,12376
927,2019-09-14,265,7536,7801
927,2019-09-15,81,5615,5696
927,2019-09-16,447,11604,12051
927,2019-09-17,423,12061,12484
927,2019-09-18,470,11874,12344
927,2019-09-19,522,12404,12926
927,2019-09-20,483,12121,12604
927,2019-09-21,185,7708,7893
927,2019-09-22,17,5267,5284
927,2019-09-23,496,11477,11973
927,2019-09-24,445,12112,12557
927,2019-09-25,460,11748,12208
927,2019-09-26,474,12416,12890
927,2019-09-27,447,12266,12713
927,2019-09-28,129,7343,7472
927,2019-09-29,39,4923,4962
927,2019-09-30,450,11658,12108
927,2019-10-01,533,12686,13219
927,2019-10-02,550,11574,12124
927,2019-10-03,434,12058,12492
927,2019-10-04,470,12556,13026
927,2019-10-05,109,7490,7599
927,2019-10-06,39,5080,5119
927,2019-10-07,501,11769,12270
927,2019-10-08,474,12276,12750
927,2019-10-09,465,12088,12553
927,2019-10-10,586,14292,14878
927,2019-10-11,434,12984,13418
927,2019-10-12,150,8286,8436
927,2019-10-13,57,5592,5649
927,2019-10-14,478,11504,11982
927,2019-10-15,487,12566,13053
927,2019-10-16,475,11781,12256
927,2019-10-17,538,12307,12845
927,2019-10-18,499,12408,12907
927,2019-10-19,146,7462,7608
927,2019-10-20,25,4662,4687
927,2019-10-21,498,11076,11574
927,2019-10-22,473,11649,12122
927,2019-10-23,531,11566,12097
927,2019-10-24,549,12156,12705
927,2019-10-25,492,12319,12811
927,2019-10-26,188,9985,10173
927,2019-10-27,32,5350,5382
927,2019-10-28,489,11119,11608
927,2019-10-29,467,11432,11899
927,2019-10-30,495,10913,11408
927,2019-11-01,30,5500,5530
927,2019-11-02,81,8004,8085
927,2019-11-03,42,5353,5395
927,2019-11-04,439,11110,11549
927,2019-11-05,439,11808,12247
927,2019-11-06,328,9020,9348
927,2019-11-07,428,11815,12243
927,2019-11-08,385,10803,11188
927,2019-11-09,121,6805,6926
927,2019-11-10,25,4080,4105
927,2019-11-11,411,11916,12327
927,2019-11-12,455,12712,13167
927,2019-11-13,472,11827,12299
927,2019-11-14,517,12270,12787
927,2019-11-15,410,11855,12265
927,2019-11-16,112,7730,7842
927,2019-11-17,22,4640,4662
927,2019-11-18,453,10972,11425
927,2019-11-19,451,11392,11843
927,2019-11-20,458,11364,11822
927,2019-11-21,442,11572,12014
927,2019-11-22,464,12086,12550
927,2019-11-23,84,7332,7416
927,2019-11-24,21,5132,5153
927,2019-11-25,421,10873,11294
927,2019-11-26,461,11896,12357
927,2019-11-27,459,11833,12292
927,2019-11-28,465,12098,12563
927,2019-11-29,476,12947,13423
927,2019-11-30,125,7720,7845
927,2019-12-01,17,4489,4506
927,2019-12-02,419,10969,11388
927,2019-12-03,406,11042,11448
927,2019-12-04,467,11105,11572
927,2019-12-05,437,11645,12082
927,2019-12-06,431,11813,12244
927,2019-12-07,101,6960,7061
927,2019-12-08,14,4656,4670
927,2019-12-09,450,10840,11290
927,2019-12-10,418,11749,12167
927,2019-12-11,459,11075,11534
927,2019-12-12,483,11646,12129
927,2019-12-13,500,11858,12358
927,2019-12-14,107,7169,7276
927,2019-12-15,18,4783,4801
927,2019-12-16,487,9871,10358
927,2019-12-17,413,11065,11478
927,2019-12-18,449,11222,11671
927,2019-12-19,399,11462,11861
927,2019-12-20,336,11162,11498
927,2019-12-21,55,6434,6489
927,2019-12-22,21,4516,4537
927,2019-12-23,167,8702,8869
927,2019-12-24,94,6462,6556
927,2019-12-25,5,3877,3882
927,2019-12-26,22,3528,3550
927,2019-12-27,122,6224,6346
927,2019-12-28,53,5007,5060
927,2019-12-29,19,3885,3904
927,2019-12-30,115,6491,6606
927,2019-12-31,106,5499,5605
928,2019-01-01,44,4630,4674
928,2019-01-02,186,6746,6932
928,2019-01-04,189,7530,7719
928,2019-01-05,178,6843,7021
928,2019-01-06,50,5570,5620
928,2019-01-07,235,8345,8580
928,2019-01-08,204,8728,8932
928,2019-01-09,214,8802,9016
928,2019-01-10,217,8728,8945
928,2019-01-11,195,8726,8921
928,2019-01-12,156,7506,7662
928,2019-01-13,40,6008,6048
928,2019-01-14,190,9108,9298
928,2019-01-15,215,9527,9742
928,2019-01-16,223,9222,9445
928,2019-01-18,222,9536,9758
928,2019-01-19,156,7933,8089
928,2019-01-20,47,5954,6001
928,2019-01-21,220,8892,9112
928,2019-01-22,229,8939,9168
928,2019-01-23,204,8636,8840
928,2019-01-24,227,8906,9133
928,2019-01-25,213,9335,9548
928,2019-01-26,168,7904,8072
928,2019-01-27,54,5966,6020
928,2019-01-28,214,9130,9344
928,2019-01-29,211,9449,9660
928,2019-01-30,176,7416,7592
928,2019-02-01,197,9030,9227
928,2019-02-02,159,7898,8057
928,2019-02-03,46,5941,5987
928,2019-02-04,213,9162,9375
928,2019-02-05,219,9398,9617
928,2019-02-06,217,9087,9304
928,2019-02-07,208,9308,9516
928,2019-02-08,213,9691,9904
928,2019-02-09,178,8320,8498
928,2019-02-10,36,5884,5920
928,2019-02-11,239,8991,9230
928,2019-02-12,215,9325,9540
928,2019-02-13,224,9280,9504
928,2019-02-15,222,9745,9967
928,2019-02-16,151,8030,8181
928,2019-02-17,58,6108,6166
928,2019-02-18,215,8540,8755
928,2019-02-19,224,8876,9100
928,2019-02-20,186,8747,8933
928,2019-02-21,187,8718,8905
928,2019-02-22,210,9314,9524
928,2019-02-23,160,7952,8112
928,2019-02-24,54,6867,6921
928,2019-02-25,219,9315,9534
928,2019-02-26,232,9724,9956
928,2019-02-27,228,9904,10132
928,2019-03-01,194,9726,9920
928,2019-03-02,168,8537,8705
928,2019-03-03,44,6550,6594
928,2019-03-04,196,8898,9094
928,2019-03-05,218,9330,9548
928,2019-03-06,222,9390,9612
928,2019-03-07,216,9590,9806
928,2019-03-08,204,9936,10140
928,2019-03-09,176,8728,8904
928,2019-03-10,30,6090,6120
928,2019-03-11,228,9188,9416
928,2019-03-12,260,9358,9618
928,2019-03-13,220,9086,9306
928,2019-03-15,216,9686,9902
928,2019-03-16,198,8440,8638
928,2019-03-17,44,6248,6292
928,2019-03-18,253,9210,9463
928,2019-03-19,218,9590,9808
928,2019-03-20,236,9334,9570
928,2019-03-21,224,9885,10109
928,2019-03-22,228,9760,9988
928,2019-03-23,167,8876,9043
928,2019-03-24,63,6929,6992
928,2019-03-25,225,9338,9563
928,2019-03-26,227,9479,9706
928,2019-03-27,235,9515,9750
928,2019-03-29,244,10057,10301
928,2019-03-30,178,9300,9478
928,2019-04-01,271,9693,9964
928,2019-04-02,262,9612,9874
928,2019-04-03,208,9217,9425
928,2019-04-05,209,9839,10048
928,2019-04-06,190,9501,9691
928,2019-04-07,50,6582,6632
928,2019-04-08,204,8858,9062
928,2019-04-09,164,8648,8812
928,2019-04-10,170,8828,8998
928,2019-04-12,221,9357,9578
928,2019-04-13,175,7719,7894
928,2019-04-14,52,5927,5979
928,2019-04-15,187,8629,8816
928,2019-04-16,187,8833,9020
928,2019-04-17,187,8918,9105
928,2019-04-18,171,9402,9573
928,2019-04-19,204,9547,9751
928,2019-04-20,151,8474,8625
928,2019-04-21,76,6535,6611
928,2019-04-22,55,6604,6659
928,2019-04-23,240,9673,9913
928,2019-04-24,212,9224,9436
928,2019-04-26,244,10368,10612
928,2019-04-27,174,8710,8884
928,2019-04-28,46,7048,7094
928,2019-04-29,223,9476,9699
928,2019-04-30,224,10246,10470
928,2019-05-01,51,6715,6766
928,2019-05-02,204,9716,9920
928,2019-05-03,234,9818,10052
928,2019-05-04,190,8144,8334
928,2019-05-05,51,6955,7006
928,2019-05-06,251,9298,9549
928,2019-05-07,227,9577,9804
928,2019-05-08,218,9622,9840
928,2019-05-10,254,10068,10322
928,2019-05-11,146,7822,7968
928,2019-05-12,53,6842,6895
928,2019-05-13,252,9596,9848
928,2019-05-14,239,9776,10015
928,2019-05-15,253,10025,10278
928,2019-06-12,297,9717,10014
928,2019-06-13,317,9600,9917
928,2019-06-14,287,10149,10436
928,2019-06-15,208,8994,9202
928,2019-06-16,66,7583,7649
928,2019-06-17,260,9631,9891
928,2019-06-18,310,10084,10394
928,2019-06-19,316,9793,10109
928,2019-06-20,308,9786,10094
928,2019-06-21,268,10323,10591
928,2019-06-22,213,8834,9047
928,2019-06-23,71,6979,7050
928,2019-06-24,266,9704,9970
928,2019-06-25,288,10239,10527
928,2019-06-26,283,10649,10932
928,2019-06-27,281,11084,11365
928,2019-06-28,263,10924,11187
928,2019-06-29,312,12134,12446
928,2019-06-30,131,10473,10604
928,2019-07-01,602,12153,12755
928,2019-07-02,577,12357,12934
928,2019-07-03,596,12518,13114
928,2019-07-04,594,13046,13640
928,2019-07-05,560,12929,13489
928,2019-07-06,242,9328,9570
928,2019-07-07,45,5369,5414
928,2019-07-08,634,11613,12247
928,2019-07-09,659,12375,13034
928,2019-07-10,659,12960,13619
928,2019-07-11,536,12484,13020
928,2019-07-12,583,13380,13963
928,2019-07-13,151,7771,7922
928,2019-07-14,20,5104,5124
928,2019-07-15,515,11283,11798
928,2019-07-16,532,11883,12415
928,2019-07-17,517,11918,12435
928,2019-07-18,517,11697,12214
928,2019-07-19,530,12423,12953
928,2019-07-20,127,7272,7399
928,2019-07-21,36,5468,5504
928,2019-07-22,570,10932,11502
928,2019-07-23,538,10647,11185
928,2019-07-24,585,11164,11749
928,2019-07-25,518,10439,10957
928,2019-07-26,355,9674,10029
928,2019-07-27,118,5804,5922
928,2019-07-28,37,4589,4626
928,2019-07-29,300,8847,9147
928,2019-07-30,276,8942,9218
928,2019-07-31,318,8973,9291
928,2019-08-01,245,7295,7540
928,2019-08-02,227,7278,7505
928,2019-08-03,208,5727,5935
928,2019-08-04,72,4874,4946
928,2019-08-05,251,6277,6528
928,2019-08-06,252,6712,6964
928,2019-08-07,238,6319,6557
928,2019-08-08,235,6697,6932
928,2019-08-09,257,7771,8028
928,2019-08-10,221,5507,5728
928,2019-08-11,73,4685,4758
928,2019-08-12,244,6092,6336
928,2019-08-13,233,6027,6260
928,2019-08-14,229,6363,6592
928,2019-08-15,66,3917,3983
928,2019-08-16,226,6127,6353
928,2019-08-17,198,5060,5258
928,2019-08-18,73,4418,4491
928,2019-08-19,236,7208,7444
928,2019-08-20,226,7521,7747
928,2019-08-21,267,7418,7685
928,2019-08-22,234,7617,7851
928,2019-08-23,248,7703,7951
928,2019-08-24,234,6736,6970
928,2019-08-25,72,5906,5978
928,2019-08-26,248,8102,8350
928,2019-08-27,262,8595,8857
928,2019-08-28,262,8408,8670
928,2019-08-29,255,8387,8642
928,2019-08-30,260,8647,8907
928,2019-08-31,250,7464,7714
928,2019-09-01,77,6020,6097
928,2019-09-02,241,8150,8391
928,2019-09-03,282,8301,8583
928,2019-09-04,270,8394,8664
928,2019-09-05,293,8250,8543
928,2019-09-06,272,8944,9216
928,2019-09-07,225,6917,7142
928,2019-09-08,73,5622,5695
928,2019-09-09,255,8381,8636
928,2019-09-10,268,8947,9215
928,2019-09-11,302,8642,8944
928,2019-09-12,299,8629,8928
928,2019-09-13,274,9408,9682
928,2019-09-14,283,8014,8297
928,2019-09-15,75,6686,6761
928,2019-09-16,262,9684,9946
928,2019-09-17,278,9789,10067
928,2019-09-18,294,9799,10093
928,2019-09-19,306,9729,10035
928,2019-09-20,276,10007,10283
928,2019-09-21,234,8451,8685
928,2019-09-22,69,6613,6682
928,2019-09-23,291,9368,9659
928,2019-09-24,260,9167,9427
928,2019-09-25,290,9524,9814
928,2019-09-26,262,9684,9946
928,2019-09-27,284,9920,10204
928,2019-09-28,222,8666,8888
928,2019-09-29,78,6938,7016
928,2019-09-30,278,9606,9884
928,2019-10-01,348,9710,10058
928,2019-10-02,448,9845,10293
928,2019-10-03,483,9875,10358
928,2019-10-04,341,10071,10412
928,2019-10-05,243,8657,8900
928,2019-10-06,70,6481,6551
928,2019-10-07,405,9332,9737
928,2019-10-08,437,9824,10261
928,2019-10-09,410,9106,9516
928,2019-10-10,474,10120,10594
928,2019-10-11,419,9929,10348
928,2019-10-12,232,8803,9035
928,2019-10-13,68,6937,7005
928,2019-10-14,480,9782,10262
928,2019-10-15,462,9873,10335
928,2019-10-16,438,9643,10081
928,2019-10-17,460,9765,10225
928,2019-10-18,276,9966,10242
928,2019-10-19,203,8790,8993
928,2019-10-20,66,6146,6212
928,2019-10-21,493,9496,9989
928,2019-10-22,469,9763,10232
928,2019-10-23,513,9802,10315
928,2019-10-24,488,10202,10690
928,2019-10-25,470,10317,10787
928,2019-10-26,326,8813,9139
928,2019-10-27,143,6663,6806
928,2019-10-28,467,9197,9664
928,2019-10-29,534,9522,10056
928,2019-10-30,593,9654,10247
928,2019-11-01,94,6497,6591
928,2019-11-02,329,7829,8158
928,2019-11-03,123,6159,6282
928,2019-11-04,452,9565,10017
928,2019-11-05,506,9423,9929
928,2019-11-06,466,9634,10100
928,2019-11-07,442,9530,9972
928,2019-11-08,487,10131,10618
928,2019-11-09,217,8927,9144
928,2019-11-10,68,6814,6882
928,2019-11-11,496,9310,9806
928,2019-11-12,511,9354,9865
928,2019-11-13,558,9655,10213
928,2019-11-14,492,9518,10010
928,2019-11-15,439,10157,10596
928,2019-11-16,250,8812,9062
928,2019-11-17,76,6467,6543
928,2019-11-18,502,9134,9636
928,2019-11-19,502,9361,9863
928,2019-11-20,532,9351,9883
928,2019-11-21,544,9554,10098
928,2019-11-22,422,9890,10312
928,2019-11-23,215,8624,8839
928,2019-11-24,68,6698,6766
928,2019-11-25,498,9443,9941
928,2019-11-26,397,9313,9710
928,2019-11-27,286,9445,9731
928,2019-11-28,318,9797,10115
928,2019-11-29,302,10533,10835
928,2019-11-30,231,8969,9200
928,2019-12-01,71,5812,5883
928,2019-12-02,289,9248,9537
928,2019-12-03,287,9502,9789
928,2019-12-04,313,9608,9921
928,2019-12-05,296,9662,9958
928,2019-12-06,291,9453,9744
928,2019-12-07,219,8444,8663
928,2019-12-08,72,6432,6504
928,2019-12-09,337,8705,9042
928,2019-12-10,460,10243,10703
928,2019-12-11,394,9938,10332
928,2019-12-12,415,10090,10505
928,2019-12-13,278,10243,10521
928,2019-12-14,203,9209,9412
928,2019-12-15,65,7157,7222
928,2019-12-16,395,9333,9728
928,2019-12-17,272,9732,10004
928,2019-12-18,258,9701,9959
928,2019-12-19,257,9972,10229
928,2019-12-20,242,10083,10325
928,2019-12-21,206,7794,8000
928,2019-12-22,71,5986,6057
928,2019-12-23,210,8788,8998
928,2019-12-24,189,7648,7837
928,2019-12-25,52,4673,4725
928,2019-12-26,56,4659,4715
928,2019-12-27,210,7264,7474
928,2019-12-28,215,6264,6479
928,2019-12-29,71,5092,5163
928,2019-12-30,216,7332,7548
928,2019-12-31,214,6790,7004
939,2019-01-01,95,4287,4382
939,2019-01-02,664,8540,9204
939,2019-01-03,758,8750,9508
939,2019-01-04,845,9651,10496
939,2019-01-05,371,7612,7983
939,2019-01-06,130,6992,7122
939,2019-01-07,1114,10226,11340
939,2019-01-08,1048,10604,11652
939,2019-01-09,1190,11084,12274
939,2019-01-10,1267,12008,13275
939,2019-01-11,1205,11421,12626
939,2019-01-12,409,7816,8225
939,2019-01-13,112,4745,4857
939,2019-01-14,1377,11354,12731
939,2019-01-15,1622,11661,13283
939,2019-01-16,1539,11731,13270
939,2019-01-17,1463,12156,13619
939,2019-01-18,1367,11908,13275
939,2019-01-19,444,8544,8988
939,2019-01-20,155,7454,7609
939,2019-01-21,1391,11650,13041
939,2019-01-22,1441,11508,12949
939,2019-01-23,1299,11017,12316
939,2019-01-24,1297,11815,13112
939,2019-01-25,1307,11746,13053
939,2019-01-26,380,7913,8293
939,2019-01-27,135,7000,7135
939,2019-01-28,1040,10153,11193
939,2019-01-29,1292,11850,13142
939,2019-01-30,1058,9741,10799
939,2019-01-31,1131,10883,12014
939,2019-02-01,1126,11591,12717
939,2019-02-02,372,8052,8424
939,2019-02-03,142,7368,7510
939,2019-02-04,1229,11328,12557
939,2019-02-05,1445,12068,13513
939,2019-02-06,1419,11977,13396
939,2019-02-07,1435,12349,13784
939,2019-02-08,1413,12519,13932
939,2019-02-09,414,8419,8833
939,2019-02-10,150,7453,7603
939,2019-02-11,1417,11531,12948
939,2019-02-12,1507,11563,13070
939,2019-02-13,1538,12300,13838
939,2019-02-14,1552,12586,14138
939,2019-02-15,1584,12679,14263
939,2019-02-16,415,8221,8636
939,2019-02-17,149,7756,7905
939,2019-02-18,1539,11028,12567
939,2019-02-19,1801,11648,13449
939,2019-02-20,1685,11700,13385
939,2019-02-21,1672,11813,13485
939,2019-02-22,1566,12060,13626
939,2019-02-23,477,8324,8801
939,2019-02-24,148,7795,7943
939,2019-02-25,1838,11714,13552
939,2019-02-26,1714,12279,13993
939,2019-02-27,1719,12196,13915
939,2019-02-28,1733,12219,13952
939,2019-03-01,1515,12386,13901
939,2019-03-02,469,8647,9116
939,2019-03-03,169,6944,7113
939,2019-03-04,1066,9858,10924
939,2019-03-05,1393,11099,12492
939,2019-03-06,1689,11871,13560
939,2019-03-07,1574,12551,14125
939,2019-03-08,1727,12611,14338
939,2019-03-09,437,8492,8929
939,2019-03-10,188,7173,7361
939,2019-03-11,1633,11568,13201
939,2019-03-12,1698,12272,13970
939,2019-03-13,1610,12302,13912
939,2019-03-14,1348,11119,12467
939,2019-03-15,1419,12642,14061
939,2019-03-16,478,8912,9390
939,2019-03-17,183,7696,7879
939,2019-03-18,1661,11908,13569
939,2019-03-19,1664,12039,13703
939,2019-03-20,1773,12446,14219
939,2019-03-21,1780,12700,14480
939,2019-03-22,1639,13372,15011
939,2019-03-23,536,9235,9771
939,2019-03-24,219,8381,8600
939,2019-03-25,1655,11963,13618
939,2019-03-26,1766,12181,13947
939,2019-03-27,1907,12378,14285
939,2019-03-28,1725,12815,14540
939,2019-03-29,1656,13364,15020
939,2019-03-30,552,9580,10132
939,2019-04-01,1767,12106,13873
939,2019-04-02,1733,12602,14335
939,2019-04-03,1752,12598,14350
939,2019-04-04,1793,13092,14885
939,2019-04-05,1878,13659,15537
939,2019-04-06,603,9530,10133
939,2019-04-07,264,8471,8735
939,2019-04-08,1716,12290,14006
939,2019-04-09,1813,12362,14175
939,2019-04-10,1793,12678,14471
939,2019-04-11,1909,12868,14777
939,2019-04-12,1822,13212,15034
939,2019-04-13,577,8239,8816
939,2019-04-14,223,8061,8284
939,2019-04-15,1669,12196,13865
939,2019-04-16,1722,12118,13840
939,2019-04-17,1586,12665,14251
939,2019-04-18,1736,13264,15000
939,2019-04-19,1683,13874,15557
939,2019-04-20,519,10022,10541
939,2019-04-21,157,8825,8982
939,2019-04-22,252,8706,8958
939,2019-04-23,1831,13370,15201
939,2019-04-24,1828,13578,15406
939,2019-04-25,1908,13326,15234
939,2019-04-26,1856,14014,15870
939,2019-04-27,690,10415,11105
939,2019-04-28,322,8525,8847
939,2019-04-29,1820,12944,14764
939,2019-04-30,1893,13878,15771
939,2019-05-01,396,7690,8086
939,2019-05-02,1791,13464,15255
939,2019-05-03,1789,13474,15263
939,2019-05-04,573,8964,9537
939,2019-05-05,259,8534,8793
939,2019-05-06,1759,12400,14159
939,2019-05-07,1819,12697,14516
939,2019-05-08,1617,12812,14429
939,2019-05-09,579,7270,7849
939,2019-05-10,1475,12520,13995
939,2019-05-11,453,8855,9308
939,2019-05-12,275,8586,8861
939,2019-05-13,1660,12361,14021
939,2019-05-14,1804,12851,14655
939,2019-05-15,1785,12533,14318
939,2019-05-16,1620,13709,15329
939,2019-05-17,1735,13380,15115
939,2019-05-18,523,9527,10050
939,2019-05-19,244,8801,9045
939,2019-05-20,1722,12427,14149
939,2019-05-21,1773,12849,14622
939,2019-05-22,1672,12827,14499
939,2019-05-23,1601,12582,14183
939,2019-05-24,1751,13765,15516
939,2019-05-25,664,9899,10563
939,2019-05-26,291,9093,9384
939,2019-05-27,1656,12139,13795
939,2019-05-28,1810,12798,14608
939,2019-05-29,1869,13796,15665
939,2019-05-30,449,8293,8742
939,2019-05-31,1140,12094,13234
939,2019-06-01,548,10457,11005
939,2019-06-02,401,10300,10701
939,2019-06-03,1705,12759,14464
939,2019-06-04,1610,12960,14570
939,2019-06-06,1833,13110,14943
939,2019-06-11,1830,13108,14938
939,2019-06-12,1757,12926,14683
939,2019-06-13,1767,12798,14565
939,2019-06-14,1839,14415,16254
939,2019-06-16,368,9389,9757
939,2019-06-17,1728,12852,14580
939,2019-06-18,1818,13200,15018
939,2019-06-19,1781,12804,14585
939,2019-06-20,1802,13396,15198
939,2019-06-21,1697,13505,15202
939,2019-06-22,521,9602,10123
939,2019-06-23,267,8360,8627
939,2019-06-24,1651,12415,14066
939,2019-06-25,1681,12763,14444
939,2019-06-26,1656,12421,14077
939,2019-06-27,1636,13621,15257
939,2019-06-28,1721,13535,15256
939,2019-06-29,552,10469,11021
939,2019-06-30,242,9146,9388
939,2019-07-01,1666,12548,14214
939,2019-07-02,1810,13165,14975
939,2019-07-03,1844,13082,14926
939,2019-07-04,1921,13847,15768
939,2019-07-05,1711,14194,15905
939,2019-07-06,702,11623,12325
939,2019-07-07,375,10892,11267
939,2019-07-08,1838,12796,14634
939,2019-07-09,1786,13204,14990
939,2019-07-10,1956,13162,15118
939,2019-07-11,1824,13694,15518
939,2019-07-12,1846,14461,16307
939,2019-07-13,697,13162,13859
939,2019-07-14,356,9735,10091
939,2019-07-15,1636,12429,14065
939,2019-07-16,1655,12740,14395
939,2019-07-17,1852,13290,15142
939,2019-07-18,1679,13869,15548
939,2019-07-19,1735,14295,16030
939,2019-07-20,711,10860,11571
939,2019-07-21,382,10190,10572
939,2019-07-22,1704,13259,14963
939,2019-07-23,1606,13449,15055
939,2019-07-24,1590,13198,14788
939,2019-07-25,1231,12744,13975
939,2019-07-26,1252,13081,14333
939,2019-07-27,604,10128,10732
939,2019-07-28,398,9543,9941
939,2019-07-29,1202,11917,13119
939,2019-07-30,1154,11901,13055
939,2019-07-31,1195,11062,12257
939,2019-08-01,1180,12179,13359
939,2019-08-02,1131,12314,13445
939,2019-08-03,736,10091,10827
939,2019-08-04,375,9838,10213
939,2019-08-05,1090,10775,11865
939,2019-08-06,1216,11302,12518
939,2019-08-07,1066,10861,11927
939,2019-08-08,1069,11004,12073
939,2019-08-09,1169,12058,13227
939,2019-08-10,596,9717,10313
939,2019-08-11,367,9213,9580
939,2019-08-12,1090,10481,11571
939,2019-08-13,1155,10943,12098
939,2019-08-14,1200,11532,12732
939,2019-08-15,429,7846,8275
939,2019-08-16,1120,11325,12445
939,2019-08-17,505,9207,9712
939,2019-08-18,266,8451,8717
939,2019-08-19,1451,11609,13060
939,2019-08-20,1577,11778,13355
939,2019-08-21,1563,12211,13774
939,2019-08-22,1609,12657,14266
939,2019-08-23,1529,12374,13903
939,2019-08-24,561,9931,10492
939,2019-08-25,338,9412,9750
939,2019-08-26,1468,12169,13637
939,2019-08-27,1680,12499,14179
939,2019-08-28,1666,12596,14262
939,2019-08-29,1716,12816,14532
939,2019-08-30,1656,13642,15298
939,2019-08-31,562,9677,10239
939,2019-09-01,313,9396,9709
939,2019-09-02,1755,12049,13804
939,2019-09-03,1797,12456,14253
939,2019-09-04,1741,12633,14374
939,2019-09-05,1745,12910,14655
939,2019-09-06,1826,13258,15084
939,2019-09-07,587,9139,9726
939,2019-09-08,329,8810,9139
939,2019-09-09,1727,12353,14080
939,2019-09-10,1791,12819,14610
939,2019-09-11,1833,12870,14703
939,2019-09-12,1803,13588,15391
939,2019-09-13,1831,12908,14739
939,2019-09-14,618,10387,11005
939,2019-09-15,343,10354,10697
939,2019-09-16,1960,12815,14775
939,2019-09-17,1934,13285,15219
939,2019-09-18,1911,12957,14868
939,2019-09-19,1973,13075,15048
939,2019-09-20,1853,13884,15737
939,2019-09-21,663,10543,11206
939,2019-09-22,259,9367,9626
939,2019-09-23,1695,12235,13930
939,2019-09-24,1830,12782,14612
939,2019-09-25,1716,12922,14638
939,2019-09-26,1682,13019,14701
939,2019-09-27,1790,13610,15400
939,2019-09-28,532,10083,10615
939,2019-09-29,228,8722,8950
939,2019-09-30,1639,12303,13942
939,2019-10-01,1637,12519,14156
939,2019-10-02,1785,12257,14042
939,2019-10-03,1806,13341,15147
939,2019-10-04,1653,13354,15007
939,2019-10-05,535,9745,10280
939,2019-10-06,170,8594,8764
939,2019-10-07,1605,12210,13815
939,2019-10-08,1576,12361,13937
939,2019-10-09,1664,11777,13441
939,2019-10-10,1608,12821,14429
939,2019-10-11,1572,13303,14875
939,2019-10-12,542,9448,9990
939,2019-10-13,239,9167,9406
939,2019-10-14,1710,12115,13825
939,2019-10-15,1660,12350,14010
939,2019-10-16,1783,13005,14788
939,2019-10-17,1606,12888,14494
939,2019-10-18,1677,13316,14993
939,2019-10-19,445,9063,9508
939,2019-10-20,144,7192,7336
939,2019-10-21,1590,11851,13441
939,2019-10-22,1677,12683,14360
939,2019-10-23,1730,12945,14675
939,2019-10-24,1693,13144,14837
939,2019-10-25,1715,13378,15093
939,2019-10-26,594,9780,10374
939,2019-10-27,225,8652,8877
939,2019-10-28,1654,12046,13700
939,2019-10-29,1777,12469,14246
939,2019-10-30,1753,12198,13951
939,2019-11-01,286,7847,8133
939,2019-11-02,451,8913,9364
939,2019-11-03,219,7969,8188
939,2019-11-04,1672,11577,13249
939,2019-11-05,1516,12253,13769
939,2019-11-06,1506,11617,13123
939,2019-11-07,1519,12708,14227
939,2019-11-08,1668,13182,14850
939,2019-11-09,488,8695,9183
939,2019-11-10,185,8907,9092
939,2019-11-11,1395,11972,13367
939,2019-11-12,1412,11938,13350
939,2019-11-13,1521,11305,12826
939,2019-11-14,1510,12346,13856
939,2019-11-15,1646,12760,14406
939,2019-11-16,467,7922,8389
939,2019-11-17,181,7534,7715
939,2019-11-18,1378,11196,12574
939,2019-11-19,1629,12416,14045
939,2019-11-20,1679,12104,13783
939,2019-11-21,1652,12507,14159
939,2019-11-22,1573,12687,14260
939,2019-11-23,479,9305,9784
939,2019-11-24,164,7865,8029
939,2019-11-25,1477,11720,13197
939,2019-11-26,1589,12350,13939
939,2019-11-27,1482,12121,13603
939,2019-11-28,1493,12658,14151
939,2019-11-29,1625,13335,14960
939,2019-11-30,516,8952,9468
939,2019-12-01,168,7068,7236
939,2019-12-02,1451,11774,13225
939,2019-12-03,1346,11852,13198
939,2019-12-04,1655,12397,14052
939,2019-12-05,1652,12584,14236
939,2019-12-06,1494,11842,13336
939,2019-12-07,419,8568,8987
939,2019-12-08,145,7376,7521
939,2019-12-09,1384,11774,13158
939,2019-12-10,1532,12509,14041
939,2019-12-11,1462,11778,13240
939,2019-12-12,1590,12485,14075
939,2019-12-13,1362,12558,13920
939,2019-12-14,434,8675,9109
939,2019-12-15,163,8056,8219
939,2019-12-16,1430,12180,13610
939,2019-12-17,1593,12725,14318
939,2019-12-18,1695,12935,14630
939,2019-12-19,1611,12099,13710
939,2019-12-20,1182,12439,13621
939,2019-12-21,403,6031,6434
939,2019-12-22,113,7754,7867
939,2019-12-23,697,9551,10248
939,2019-12-24,516,8147,8663
939,2019-12-25,92,5318,5410
939,2019-12-26,134,6216,6350
939,2019-12-27,588,8466,9054
939,2019-12-28,386,7835,8221
939,2019-12-29,151,7277,7428
939,2019-12-30,617,9218,9835
939,2019-12-31,517,7558,8075
941,2019-01-01,9,748,757
941,2019-01-02,178,1734,1912
941,2019-01-03,180,2244,2424
941,2019-01-04,182,2138,2320
941,2019-01-05,91,1510,1601
941,2019-01-06,37,1237,1274
941,2019-01-07,292,2828,3120
941,2019-01-08,293,2798,3091
941,2019-01-09,322,2852,3174
941,2019-01-10,320,2919,3239
941,2019-01-11,355,2893,3248
941,2019-01-12,98,1644,1742
941,2019-01-13,53,1266,1319
941,2019-01-14,349,2921,3270
941,2019-01-15,346,2871,3217
941,2019-01-16,385,2996,3381
941,2019-01-17,347,2980,3327
941,2019-01-18,379,3107,3486
941,2019-01-19,104,1710,1814
941,2019-01-20,31,1321,1352
941,2019-01-21,338,2883,3221
941,2019-01-22,338,2753,3091
941,2019-01-23,318,2708,3026
941,2019-01-24,347,2921,3268
941,2019-01-25,291,2975,3266
941,2019-01-26,103,1720,1823
941,2019-01-27,29,1233,1262
941,2019-01-28,312,2672,2984
941,2019-01-29,346,2920,3266
941,2019-01-30,285,2691,2976
941,2019-01-31,291,2866,3157
941,2019-02-01,316,3097,3413
941,2019-02-02,97,1684,1781
941,2019-02-03,35,1270,1305
941,2019-02-04,333,3019,3352
941,2019-02-05,342,2950,3292
941,2019-02-06,334,2879,3213
941,2019-02-07,335,2934,3269
941,2019-02-08,368,3160,3528
941,2019-02-09,102,1737,1839
941,2019-02-10,25,1331,1356
941,2019-02-11,379,2831,3210
941,2019-02-12,348,2873,3221
941,2019-02-13,386,3052,3438
941,2019-02-14,373,3020,3393
941,2019-02-15,336,3072,3408
941,2019-02-16,153,1800,1953
941,2019-02-17,31,1568,1599
941,2019-02-18,343,2812,3155
941,2019-02-19,304,2780,3084
941,2019-02-20,345,2838,3183
941,2019-02-21,435,2880,3315
941,2019-02-22,383,3023,3406
941,2019-02-23,140,1798,1938
941,2019-02-24,32,1505,1537
941,2019-02-25,465,2984,3449
941,2019-02-26,360,3086,3446
941,2019-02-27,488,3047,3535
941,2019-02-28,414,3056,3470
941,2019-03-01,384,3165,3549
941,2019-03-02,111,1630,1741
941,2019-03-03,27,1231,1258
941,2019-03-04,299,2501,2800
941,2019-03-05,340,2875,3215
941,2019-03-06,385,3022,3407
941,2019-03-07,416,3073,3489
941,2019-03-08,380,3067,3447
941,2019-03-09,119,1609,1728
941,2019-03-10,29,1263,1292
941,2019-03-11,393,2938,3331
941,2019-03-12,386,3019,3405
941,2019-03-13,408,3122,3530
941,2019-03-14,372,2938,3310
941,2019-03-15,416,3105,3521
941,2019-03-16,114,1830,1944
941,2019-03-17,34,1444,1478
941,2019-03-18,404,3002,3406
941,2019-03-19,457,3084,3541
941,2019-03-20,454,3053,3507
941,2019-03-21,477,3129,3606
941,2019-03-22,420,3332,3752
941,2019-03-23,206,1957,2163
941,2019-03-24,23,1628,1651
941,2019-03-25,441,3061,3502
941,2019-03-26,429,3041,3470
941,2019-03-27,512,3115,3627
941,2019-03-28,557,3091,3648
941,2019-03-29,503,3379,3882
941,2019-03-30,138,2045,2183
941,2019-04-01,517,3171,3688
941,2019-04-02,512,3128,3640
941,2019-04-03,562,3122,3684
941,2019-04-04,473,3206,3679
941,2019-04-05,482,3320,3802
941,2019-04-06,155,1908,2063
941,2019-04-07,39,1711,1750
941,2019-04-08,415,2883,3298
941,2019-04-09,478,3027,3505
941,2019-04-10,484,3164,3648
941,2019-04-11,402,3149,3551
941,2019-04-12,415,3122,3537
941,2019-04-13,108,1831,1939
941,2019-04-14,33,1575,1608
941,2019-04-15,367,2975,3342
941,2019-04-16,387,2948,3335
941,2019-04-17,369,2903,3272
941,2019-04-18,421,3141,3562
941,2019-04-19,310,3173,3483
941,2019-04-20,196,2240,2436
941,2019-04-21,34,1812,1846
941,2019-04-22,42,1589,1631
941,2019-04-23,467,3265,3732
941,2019-04-24,406,3268,3674
941,2019-04-25,484,3211,3695
941,2019-04-26,399,3476,3875
941,2019-04-27,104,2148,2252
941,2019-04-28,29,1501,1530
941,2019-04-29,358,3048,3406
941,2019-04-30,389,3342,3731
941,2019-05-01,98,1642,1740
941,2019-05-02,462,3054,3516
941,2019-05-03,389,3172,3561
941,2019-05-04,102,1826,1928
941,2019-05-05,29,1553,1582
941,2019-05-06,404,3088,3492
941,2019-05-07,448,3116,3564
941,2019-05-08,446,3286,3732
941,2019-05-09,92,1486,1578
941,2019-05-10,381,2884,3265
941,2019-05-11,121,1804,1925
941,2019-05-12,22,1582,1604
941,2019-05-13,425,3100,3525
941,2019-05-14,485,3074,3559
941,2019-05-15,501,3173,3674
941,2019-05-16,458,3292,3750
941,2019-05-17,425,3425,3850
941,2019-05-18,137,2108,2245
941,2019-05-19,27,1532,1559
941,2019-05-20,426,3132,3558
941,2019-05-21,491,3121,3612
941,2019-05-22,519,3238,3757
941,2019-05-23,477,3318,3795
941,2019-05-24,435,3496,3931
941,2019-05-25,125,2268,2393
941,2019-05-26,33,2136,2169
941,2019-05-27,401,3058,3459
941,2019-05-28,416,3057,3473
941,2019-05-29,435,3341,3776
941,2019-05-30,60,1802,1862
941,2019-05-31,202,2714,2916
941,2019-06-01,148,2391,2539
941,2019-06-02,88,1985,2073
941,2019-06-03,416,3196,3612
941,2019-06-04,405,3333,3738
941,2019-06-05,511,3322,3833
941,2019-06-06,484,3296,3780
941,2019-06-07,478,3492,3970
941,2019-06-08,131,2144,2275
941,2019-06-09,39,1885,1924
941,2019-06-10,55,1601,1656
941,2019-06-11,526,3104,3630
941,2019-06-12,542,3314,3856
941,2019-06-13,483,3324,3807
941,2019-06-14,474,3739,4213
941,2019-06-15,118,2155,2273
941,2019-06-16,48,1831,1879
941,2019-06-17,488,3137,3625
941,2019-06-18,432,3291,3723
941,2019-06-19,505,3273,3778
941,2019-06-20,403,3285,3688
941,2019-06-21,444,3557,4001
941,2019-06-22,130,2124,2254
941,2019-06-23,51,1702,1753
941,2019-06-24,449,3120,3569
941,2019-06-25,431,3304,3735
941,2019-06-26,462,3394,3856
941,2019-06-27,410,3358,3768
941,2019-06-28,475,3380,3855
941,2019-06-29,125,2498,2623
941,2019-06-30,40,1886,1926
941,2019-07-01,490,3071,3561
941,2019-07-02,421,3086,3507
941,2019-07-03,460,3120,3580
941,2019-07-04,418,3152,3570
941,2019-07-05,389,3256,3645
941,2019-07-06,121,2056,2177
941,2019-07-07,32,1781,1813
941,2019-07-08,392,3023,3415
941,2019-07-09,430,3061,3491
941,2019-07-10,415,3135,3550
941,2019-07-11,393,3069,3462
941,2019-07-12,410,3203,3613
941,2019-07-13,161,2109,2270
941,2019-07-14,41,1616,1657
941,2019-07-15,301,3033,3334
941,2019-07-16,342,3022,3364
941,2019-07-17,330,3123,3453
941,2019-07-18,300,3100,3400
941,2019-07-19,343,3151,3494
941,2019-07-20,134,1880,2014
941,2019-07-21,52,1770,1822
941,2019-07-22,286,3117,3403
941,2019-07-23,336,3001,3337
941,2019-07-24,345,3138,3483
941,2019-07-25,276,3078,3354
941,2019-07-26,260,3199,3459
941,2019-07-27,113,2089,2202
941,2019-07-28,37,1709,1746
941,2019-07-29,232,2614,2846
941,2019-07-30,267,2553,2820
941,2019-07-31,242,2602,2844
941,2019-08-01,265,2578,2843
941,2019-08-02,217,2615,2832
941,2019-08-03,103,1847,1950
941,2019-08-04,49,1793,1842
941,2019-08-05,229,2269,2498
941,2019-08-06,252,2228,2480
941,2019-08-07,235,2412,2647
941,2019-08-08,219,2467,2686
941,2019-08-09,226,2372,2598
941,2019-08-10,124,1829,1953
941,2019-08-11,42,1634,1676
941,2019-08-12,245,2359,2604
941,2019-08-13,253,2212,2465
941,2019-08-14,241,2324,2565
941,2019-08-15,38,1472,1510
941,2019-08-16,189,2228,2417
941,2019-08-17,93,1682,1775
941,2019-08-18,58,1542,1600
941,2019-08-19,334,2830,3164
941,2019-08-20,353,2904,3257
941,2019-08-21,367,3025,3392
941,2019-08-22,344,2924,3268
941,2019-08-23,355,3134,3489
941,2019-08-24,156,2208,2364
941,2019-08-25,55,1823,1878
941,2019-08-26,389,2899,3288
941,2019-08-27,336,2969,3305
941,2019-08-28,386,2964,3350
941,2019-08-29,359,3068,3427
941,2019-08-30,380,3078,3458
941,2019-08-31,118,2190,2308
941,2019-09-01,43,1681,1724
941,2019-09-02,412,2890,3302
941,2019-09-03,403,3056,3459
941,2019-09-04,414,2977,3391
941,2019-09-05,412,3000,3412
941,2019-09-06,406,3239,3645
941,2019-09-07,108,1853,1961
941,2019-09-08,27,1757,1784
941,2019-09-09,406,3040,3446
941,2019-09-10,371,3041,3412
941,2019-09-11,461,3028,3489
941,2019-09-12,406,3242,3648
941,2019-09-13,393,3338,3731
941,2019-09-14,123,1900,2023
941,2019-09-15,31,1879,1910
941,2019-09-16,475,3196,3671
941,2019-09-17,476,3111,3587
941,2019-09-18,514,3161,3675
941,2019-09-19,504,3277,3781
941,2019-09-20,504,3217,3721
941,2019-09-21,140,2187,2327
941,2019-09-22,34,1973,2007
941,2019-09-23,414,2990,3404
941,2019-09-24,477,2978,3455
941,2019-09-25,518,2942,3460
941,2019-09-26,488,3110,3598
941,2019-09-27,457,3256,3713
941,2019-09-28,109,1716,1825
941,2019-09-29,21,1552,1573
941,2019-09-30,437,3006,3443
941,2019-10-01,419,3066,3485
941,2019-10-02,467,2919,3386
941,2019-10-03,470,3183,3653
941,2019-10-04,353,3217,3570
941,2019-10-05,100,1905,2005
941,2019-10-06,26,1416,1442
941,2019-10-07,392,3038,3430
941,2019-10-08,394,2956,3350
941,2019-10-09,468,3027,3495
941,2019-10-10,501,3181,3682
941,2019-10-11,430,3213,3643
941,2019-10-12,172,2016,2188
941,2019-10-13,212,1667,1879
941,2019-10-14,506,2940,3446
941,2019-10-15,392,3051,3443
941,2019-10-16,363,3053,3416
941,2019-10-17,415,3082,3497
941,2019-10-18,420,3115,3535
941,2019-10-19,124,1804,1928
941,2019-10-20,19,1389,1408
941,2019-10-21,427,3024,3451
941,2019-10-22,398,3100,3498
941,2019-10-23,426,3228,3654
941,2019-10-24,513,3250,3763
941,2019-10-25,428,3293,3721
941,2019-10-26,168,2082,2250
941,2019-10-27,40,1560,1600
941,2019-10-28,453,4382,4835
941,2019-10-29,493,3967,4460
941,2019-10-30,418,2983,3401
941,2019-11-01,26,1506,1532
941,2019-11-02,120,1688,1808
941,2019-11-03,29,1504,1533
941,2019-11-04,381,2869,3250
941,2019-11-05,429,2998,3427
941,2019-11-06,494,3031,3525
941,2019-11-07,421,3023,3444
941,2019-11-08,388,3153,3541
941,2019-11-09,157,1791,1948
941,2019-11-10,29,1440,1469
941,2019-11-11,280,2698,2978
941,2019-11-12,375,2910,3285
941,2019-11-13,442,3043,3485
941,2019-11-14,385,3122,3507
941,2019-11-15,418,3139,3557
941,2019-11-16,134,1833,1967
941,2019-11-17,31,1475,1506
941,2019-11-18,417,2760,3177
941,2019-11-19,401,2893,3294
941,2019-11-20,453,2941,3394
941,2019-11-21,437,3031,3468
941,2019-11-22,432,3198,3630
941,2019-11-23,176,1798,1974
941,2019-11-24,37,1506,1543
941,2019-11-25,427,2940,3367
941,2019-11-26,383,3004,3387
941,2019-11-27,416,2983,3399
941,2019-11-28,416,3077,3493
941,2019-11-29,447,3228,3675
941,2019-11-30,118,1843,1961
941,2019-12-01,39,1325,1364
941,2019-12-02,440,2797,3237
941,2019-12-03,440,2987,3427
941,2019-12-04,444,3036,3480
941,2019-12-05,455,3090,3545
941,2019-12-06,350,3036,3386
941,2019-12-07,103,1717,1820
941,2019-12-08,16,1516,1532
941,2019-12-09,403,3011,3414
941,2019-12-10,452,3039,3491
941,2019-12-11,404,3006,3410
941,2019-12-12,404,2999,3403
941,2019-12-13,359,2873,3232
941,2019-12-14,129,2182,2311
941,2019-12-15,38,1867,1905
941,2019-12-16,357,2836,3193
941,2019-12-17,420,3036,3456
941,2019-12-18,387,3095,3482
941,2019-12-19,352,3124,3476
941,2019-12-20,277,2953,3230
941,2019-12-21,85,1786,1871
941,2019-12-22,18,1388,1406
941,2019-12-23,169,2113,2282
941,2019-12-24,117,1562,1679
941,2019-12-25,10,858,868
941,2019-12-26,29,1076,1105
941,2019-12-27,143,1817,1960
941,2019-12-28,102,1524,1626
941,2019-12-29,26,1349,1375
941,2019-12-30,162,1950,2112
941,2019-12-31,124,1511,1635
942,2019-01-01,10,1695,1705
942,2019-01-02,277,3669,3946
942,2019-01-03,293,4110,4403
942,2019-01-04,296,4136,4432
942,2019-01-05,142,2986,3128
942,2019-01-06,49,2482,2531
942,2019-01-07,415,5033,5448
942,2019-01-08,456,5318,5774
942,2019-01-09,460,5300,5760
942,2019-01-10,461,5489,5950
942,2019-01-11,489,5418,5907
942,2019-01-12,153,3471,3624
942,2019-01-13,40,2632,2672
942,2019-01-14,488,5270,5758
942,2019-01-15,500,5518,6018
942,2019-01-16,545,5572,6117
942,2019-01-17,515,5636,6151
942,2019-01-18,554,5791,6345
942,2019-01-19,143,3760,3903
942,2019-01-20,51,2832,2883
942,2019-01-21,499,5232,5731
942,2019-01-22,493,5244,5737
942,2019-01-23,481,5257,5738
942,2019-01-24,486,5535,6021
942,2019-01-25,494,5446,5940
942,2019-01-26,133,3319,3452
942,2019-01-27,68,3025,3093
942,2019-01-28,417,4691,5108
942,2019-01-29,462,5342,5804
942,2019-01-30,388,4734,5122
942,2019-01-31,417,5440,5857
942,2019-02-01,446,5633,6079
942,2019-02-02,135,3382,3517
942,2019-02-03,36,2649,2685
942,2019-02-04,438,5269,5707
942,2019-02-05,501,5468,5969
942,2019-02-06,509,5459,5968
942,2019-02-07,493,5705,6198
942,2019-02-08,550,5858,6408
942,2019-02-09,157,3986,4143
942,2019-02-10,50,3052,3102
942,2019-02-11,518,5532,6050
942,2019-02-12,509,5839,6348
942,2019-02-13,563,5731,6294
942,2019-02-14,563,5785,6348
942,2019-02-15,516,5922,6438
942,2019-02-16,152,3761,3913
942,2019-02-17,34,3114,3148
942,2019-02-18,516,5346,5862
942,2019-02-19,531,5336,5867
942,2019-02-20,619,5337,5956
942,2019-02-21,613,5341,5954
942,2019-02-22,583,5678,6261
942,2019-02-23,201,3458,3659
942,2019-02-24,33,3265,3298
942,2019-02-25,609,5650,6259
942,2019-02-26,582,6029,6611
942,2019-02-27,679,5752,6431
942,2019-02-28,647,5967,6614
942,2019-03-01,576,6103,6679
942,2019-03-02,159,3459,3618
942,2019-03-03,53,2651,2704
942,2019-03-04,414,4524,4938
942,2019-03-05,535,5434,5969
942,2019-03-06,547,5662,6209
942,2019-03-07,587,5848,6435
942,2019-03-08,567,5885,6452
942,2019-03-09,134,3689,3823
942,2019-03-10,48,2707,2755
942,2019-03-11,556,5518,6074
942,2019-03-12,583,5922,6505
942,2019-03-13,624,5792,6416
942,2019-03-14,544,5734,6278
942,2019-03-15,572,6048,6620
942,2019-03-16,171,3858,4029
942,2019-03-17,35,3064,3099
942,2019-03-18,561,5614,6175
942,2019-03-19,654,6167,6821
942,2019-03-20,635,5853,6488
942,2019-03-21,699,5997,6696
942,2019-03-22,661,6469,7130
942,2019-03-23,280,4021,4301
942,2019-03-24,44,3433,3477
942,2019-03-25,660,5783,6443
942,2019-03-26,627,5988,6615
942,2019-03-27,714,5886,6600
942,2019-03-28,787,6069,6856
942,2019-03-29,705,6454,7159
942,2019-03-30,188,4154,4342
942,2019-04-01,651,5909,6560
942,2019-04-02,725,6122,6847
942,2019-04-03,670,5960,6630
942,2019-04-04,629,6235,6864
942,2019-04-05,629,6407,7036
942,2019-04-06,206,4004,4210
942,2019-04-07,63,3361,3424
942,2019-04-08,601,5581,6182
942,2019-04-09,532,5757,6289
942,2019-04-10,646,5815,6461
942,2019-04-11,690,5879,6569
942,2019-04-12,722,5777,6499
942,2019-04-13,246,3624,3870
942,2019-04-14,74,3623,3697
942,2019-04-15,661,5289,5950
942,2019-04-16,632,5645,6277
942,2019-04-17,597,5650,6247
942,2019-04-18,636,5980,6616
942,2019-04-19,576,6038,6614
942,2019-04-20,297,4236,4533
942,2019-04-21,28,3433,3461
942,2019-04-22,125,3553,3678
942,2019-04-23,707,6351,7058
942,2019-04-24,669,5966,6635
942,2019-04-25,764,6126,6890
942,2019-04-26,697,6285,6982
942,2019-04-27,248,4196,4444
942,2019-04-28,39,3369,3408
942,2019-04-29,614,6028,6642
942,2019-04-30,730,6505,7235
942,2019-05-01,173,3436,3609
942,2019-05-02,681,5852,6533
942,2019-05-03,675,6220,6895
942,2019-05-04,170,3875,4045
942,2019-05-05,46,3428,3474
942,2019-05-06,670,5775,6445
942,2019-05-07,726,6190,6916
942,2019-05-08,624,6151,6775
942,2019-05-09,173,3298,3471
942,2019-05-10,527,5679,6206
942,2019-05-11,159,3782,3941
942,2019-05-12,48,3419,3467
942,2019-05-13,612,5927,6539
942,2019-05-14,703,6170,6873
942,2019-05-15,678,5989,6667
942,2019-05-16,687,6433,7120
942,2019-05-17,664,6423,7087
942,2019-05-18,189,4372,4561
942,2019-05-19,48,3337,3385
942,2019-05-20,613,5918,6531
942,2019-05-21,706,6225,6931
942,2019-05-22,845,5978,6823
942,2019-05-23,794,6283,7077
942,2019-05-24,693,6561,7254
942,2019-05-25,217,3984,4201
942,2019-05-26,56,4070,4126
942,2019-05-27,596,5616,6212
942,2019-05-28,806,5939,6745
942,2019-05-29,665,6262,6927
942,2019-05-30,91,4183,4274
942,2019-05-31,497,5008,5505
942,2019-06-01,227,4625,4852
942,2019-06-02,119,4165,4284
942,2019-06-03,579,5833,6412
942,2019-06-04,782,6446,7228
942,2019-06-05,616,6043,6659
942,2019-06-06,665,6236,6901
942,2019-06-07,640,6665,7305
942,2019-06-08,203,4422,4625
942,2019-06-09,62,3890,3952
942,2019-06-10,107,3292,3399
942,2019-06-11,763,6221,6984
942,2019-06-12,657,6352,7009
942,2019-06-13,641,6438,7079
942,2019-06-14,659,6969,7628
942,2019-06-16,54,3745,3799
942,2019-06-17,733,5859,6592
942,2019-06-18,687,6168,6855
942,2019-06-19,761,5976,6737
942,2019-06-20,656,6205,6861
942,2019-06-21,655,6503,7158
942,2019-06-22,196,4175,4371
942,2019-06-23,66,3486,3552
942,2019-06-24,646,5797,6443
942,2019-06-25,615,6311,6926
942,2019-06-26,712,6086,6798
942,2019-06-27,689,6356,7045
942,2019-06-28,676,6483,7159
942,2019-06-29,191,4444,4635
942,2019-06-30,83,3898,3981
942,2019-07-01,726,5868,6594
942,2019-07-02,646,6207,6853
942,2019-07-03,745,5857,6602
942,2019-07-04,689,6228,6917
942,2019-07-05,616,6210,6826
942,2019-07-06,197,4140,4337
942,2019-07-07,54,3496,3550
942,2019-07-08,642,5698,6340
942,2019-07-09,687,6214,6901
942,2019-07-10,635,6152,6787
942,2019-07-11,631,6182,6813
942,2019-07-12,639,6069,6708
942,2019-07-13,252,4097,4349
942,2019-07-14,50,3645,3695
942,2019-07-15,571,5765,6336
942,2019-07-16,540,5948,6488
942,2019-07-17,578,5941,6519
942,2019-07-18,625,6019,6644
942,2019-07-19,529,6019,6548
942,2019-07-20,179,4031,4210
942,2019-07-21,73,3755,3828
942,2019-07-22,486,5755,6241
942,2019-07-23,540,5911,6451
942,2019-07-24,571,5930,6501
942,2019-07-25,493,5637,6130
942,2019-07-26,424,6301,6725
942,2019-07-27,184,4937,5121
942,2019-07-28,43,3423,3466
942,2019-07-29,397,5110,5507
942,2019-07-30,419,5258,5677
942,2019-07-31,524,5086,5610
942,2019-08-01,457,5103,5560
942,2019-08-02,411,5106,5517
942,2019-08-03,172,3496,3668
942,2019-08-04,98,3353,3451
942,2019-08-05,392,4338,4730
942,2019-08-06,390,4368,4758
942,2019-08-07,381,4633,5014
942,2019-08-08,377,4758,5135
942,2019-08-09,348,4516,4864
942,2019-08-10,181,3530,3711
942,2019-08-11,50,3324,3374
942,2019-08-12,370,4280,4650
942,2019-08-13,403,4448,4851
942,2019-08-14,413,4543,4956
942,2019-08-15,75,3158,3233
942,2019-08-16,310,4267,4577
942,2019-08-17,146,3281,3427
942,2019-08-18,62,2898,2960
942,2019-08-19,510,5145,5655
942,2019-08-20,567,5423,5990
942,2019-08-21,589,5545,6134
942,2019-08-22,581,5542,6123
942,2019-08-23,575,5704,6279
942,2019-08-24,212,4196,4408
942,2019-08-25,86,3784,3870
942,2019-08-26,602,5375,5977
942,2019-08-27,521,5709,6230
942,2019-08-28,631,5635,6266
942,2019-08-29,565,5713,6278
942,2019-08-30,625,5718,6343
942,2019-08-31,186,3708,3894
942,2019-09-01,65,3541,3606
942,2019-09-02,704,5390,6094
942,2019-09-03,691,5766,6457
942,2019-09-04,671,5547,6218
942,2019-09-05,684,5731,6415
942,2019-09-06,604,5739,6343
942,2019-09-07,183,3580,3763
942,2019-09-08,33,3125,3158
942,2019-09-09,581,5462,6043
942,2019-09-10,582,5632,6214
942,2019-09-11,691,5823,6514
942,2019-09-12,585,5943,6528
942,2019-09-13,605,6094,6699
942,2019-09-14,204,3836,4040
942,2019-09-15,55,3731,3786
942,2019-09-16,673,5986,6659
942,2019-09-17,677,6219,6896
942,2019-09-18,732,6167,6899
942,2019-09-19,728,5985,6713
942,2019-09-20,712,6250,6962
942,2019-09-21,217,4232,4449
942,2019-09-22,65,3499,3564
942,2019-09-23,687,5684,6371
942,2019-09-24,713,6121,6834
942,2019-09-25,734,5930,6664
942,2019-09-26,681,6119,6800
942,2019-09-27,701,6411,7112
942,2019-09-28,175,4029,4204
942,2019-09-29,60,3224,3284
942,2019-09-30,657,5760,6417
942,2019-10-01,633,6059,6692
942,2019-10-02,661,5908,6569
942,2019-10-03,675,6135,6810
942,2019-10-04,554,6194,6748
942,2019-10-05,192,4066,4258
942,2019-10-06,49,3215,3264
942,2019-10-07,604,5728,6332
942,2019-10-08,541,5920,6461
942,2019-10-09,645,5803,6448
942,2019-10-10,686,6000,6686
942,2019-10-11,633,6081,6714
942,2019-10-12,265,4127,4392
942,2019-10-13,173,3617,3790
942,2019-10-14,707,5726,6433
942,2019-10-15,705,6124,6829
942,2019-10-16,625,5762,6387
942,2019-10-17,657,5910,6567
942,2019-10-18,685,6035,6720
942,2019-10-19,136,3881,4017
942,2019-10-20,29,3083,3112
942,2019-10-21,582,5768,6350
942,2019-10-22,658,6242,6900
942,2019-10-23,702,6197,6899
942,2019-10-24,739,6193,6932
942,2019-10-25,707,6413,7120
942,2019-10-26,258,4173,4431
942,2019-10-27,65,3389,3454
942,2019-10-28,532,5211,5743
942,2019-10-29,621,5494,6115
942,2019-10-30,656,5758,6414
942,2019-11-01,33,3117,3150
942,2019-11-02,187,3587,3774
942,2019-11-03,42,3107,3149
942,2019-11-04,539,5864,6403
942,2019-11-05,638,6103,6741
942,2019-11-06,679,5839,6518
942,2019-11-07,612,5978,6590
942,2019-11-08,632,6214,6846
942,2019-11-09,239,3976,4215
942,2019-11-10,51,3132,3183
942,2019-11-11,491,5646,6137
942,2019-11-12,563,5842,6405
942,2019-11-13,663,5750,6413
942,2019-11-14,629,6043,6672
942,2019-11-15,710,6085,6795
942,2019-11-16,214,4163,4377
942,2019-11-17,46,3002,3048
942,2019-11-18,597,5471,6068
942,2019-11-19,599,5961,6560
942,2019-11-20,640,5808,6448
942,2019-11-21,669,5978,6647
942,2019-11-22,616,6158,6774
942,2019-11-23,236,3810,4046
942,2019-11-24,62,3298,3360
942,2019-11-25,598,5652,6250
942,2019-11-26,574,6123,6697
942,2019-11-27,567,5922,6489
942,2019-11-28,618,6099,6717
942,2019-11-29,621,6237,6858
942,2019-11-30,173,3837,4010
942,2019-12-01,32,2743,2775
942,2019-12-02,574,5630,6204
942,2019-12-03,581,5902,6483
942,2019-12-04,641,5969,6610
942,2019-12-05,656,5883,6539
942,2019-12-06,522,5630,6152
942,2019-12-07,172,3605,3777
942,2019-12-08,30,3210,3240
942,2019-12-09,544,5500,6044
942,2019-12-10,631,6050,6681
942,2019-12-11,594,5674,6268
942,2019-12-12,592,5841,6433
942,2019-12-13,551,6027,6578
942,2019-12-14,157,4125,4282
942,2019-12-15,43,3392,3435
942,2019-12-16,506,5628,6134
942,2019-12-17,578,6091,6669
942,2019-12-18,585,5835,6420
942,2019-12-19,560,6091,6651
942,2019-12-20,399,5866,6265
942,2019-12-21,140,3659,3799
942,2019-12-22,29,3096,3125
942,2019-12-23,284,4472,4756
942,2019-12-24,236,3814,4050
942,2019-12-25,44,2232,2276
942,2019-12-26,48,2427,2475
942,2019-12-27,237,3731,3968
942,2019-12-28,138,3119,3257
942,2019-12-29,16,2768,2784
942,2019-12-30,221,3857,4078
942,2019-12-31,192,3208,3400
943,2019-01-01,19,2696,2715
943,2019-01-02,293,6373,6666
943,2019-01-03,350,6850,7200
943,2019-01-04,370,7162,7532
943,2019-01-05,192,5560,5752
943,2019-01-06,16,4399,4415
943,2019-01-07,399,7885,8284
943,2019-01-08,448,8157,8605
943,2019-01-09,420,8019,8439
943,2019-01-10,449,8311,8760
943,2019-01-11,507,8433,8940
943,2019-01-12,170,5905,6075
943,2019-01-13,29,4585,4614
943,2019-01-14,498,8177,8675
943,2019-01-15,547,8316,8863
943,2019-01-16,530,8278,8808
943,2019-01-17,531,8297,8828
943,2019-01-18,518,8527,9045
943,2019-01-19,194,6380,6574
943,2019-01-20,42,4993,5035
943,2019-01-21,519,8071,8590
943,2019-01-22,551,7806,8357
943,2019-01-23,462,7863,8325
943,2019-01-24,463,8427,8890
943,2019-01-25,459,8361,8820
943,2019-01-26,168,6005,6173
943,2019-01-27,25,4675,4700
943,2019-01-28,409,7635,8044
943,2019-01-29,509,8363,8872
943,2019-01-30,397,7186,7583
943,2019-01-31,391,8110,8501
943,2019-02-01,412,8434,8846
943,2019-02-02,167,6116,6283
943,2019-02-03,39,4773,4812
943,2019-02-04,479,8005,8484
943,2019-02-05,499,8303,8802
943,2019-02-06,456,8165,8621
943,2019-02-07,494,8515,9009
943,2019-02-08,498,8405,8903
943,2019-02-09,192,6864,7056
943,2019-02-10,42,4856,4898
943,2019-02-11,510,8211,8721
943,2019-02-12,539,8355,8894
943,2019-02-13,553,8355,8908
943,2019-02-14,548,8760,9308
943,2019-02-15,585,8655,9240
943,2019-02-16,199,6244,6443
943,2019-02-17,26,5145,5171
943,2019-02-18,502,7640,8142
943,2019-02-19,560,7799,8359
943,2019-02-20,498,7614,8112
943,2019-02-21,487,7833,8320
943,2019-02-22,502,8044,8546
943,2019-02-23,236,6318,6554
943,2019-02-24,42,5291,5333
943,2019-02-25,504,8396,8900
943,2019-02-26,555,8724,9279
943,2019-02-27,529,8702,9231
943,2019-02-28,523,8770,9293
943,2019-03-01,483,8669,9152
943,2019-03-02,184,6397,6581
943,2019-03-03,34,4718,4752
943,2019-03-04,473,8042,8515
943,2019-03-05,482,8365,8847
943,2019-03-06,504,8170,8674
943,2019-03-07,542,8632,9174
943,2019-03-08,547,8827,9374
943,2019-03-09,205,6391,6596
943,2019-03-10,35,4690,4725
943,2019-03-11,566,8430,8996
943,2019-03-12,612,8569,9181
943,2019-03-13,554,8355,8909
943,2019-03-14,536,8564,9100
943,2019-03-15,513,8678,9191
943,2019-03-16,224,6431,6655
943,2019-03-17,44,5006,5050
943,2019-03-18,543,8285,8828
943,2019-03-19,607,8469,9076
943,2019-03-20,571,8394,8965
943,2019-03-21,567,8811,9378
943,2019-03-22,642,9054,9696
943,2019-03-23,251,6720,6971
943,2019-03-24,45,5771,5816
943,2019-03-25,584,8290,8874
943,2019-03-26,554,8411,8965
943,2019-03-27,618,8604,9222
943,2019-03-28,619,8776,9395
943,2019-03-29,584,9276,9860
943,2019-03-30,260,6849,7109
943,2019-04-01,604,8276,8880
943,2019-04-02,680,8949,9629
943,2019-04-03,684,8425,9109
943,2019-04-04,683,8866,9549
943,2019-04-05,697,8952,9649
943,2019-04-06,275,6720,6995
943,2019-04-07,88,5307,5395
943,2019-04-08,593,7714,8307
943,2019-04-09,588,7960,8548
943,2019-04-10,621,7927,8548
943,2019-04-11,642,8405,9047
943,2019-04-12,720,8300,9020
943,2019-04-13,206,5936,6142
943,2019-04-14,50,4978,5028
943,2019-04-15,599,7819,8418
943,2019-04-16,618,8101,8719
943,2019-04-17,574,7866,8440
943,2019-04-18,500,8377,8877
943,2019-04-19,536,8901,9437
943,2019-04-20,239,7665,7904
943,2019-04-21,37,6068,6105
943,2019-04-22,66,5422,5488
943,2019-04-23,591,9011,9602
943,2019-04-24,532,8698,9230
943,2019-04-25,561,9141,9702
943,2019-04-26,547,9691,10238
943,2019-04-27,252,6978,7230
943,2019-04-28,89,5438,5527
943,2019-04-29,558,8919,9477
943,2019-04-30,566,9765,10331
943,2019-05-01,71,5629,5700
943,2019-05-02,550,9307,9857
943,2019-05-03,667,9260,9927
943,2019-05-04,204,6421,6625
943,2019-05-05,39,5203,5242
943,2019-05-06,580,8671,9251
943,2019-05-07,559,8963,9522
943,2019-05-08,494,9222,9716
943,2019-05-09,86,5222,5308
943,2019-05-10,499,8856,9355
943,2019-05-11,211,6224,6435
943,2019-05-12,35,5501,5536
943,2019-05-13,660,8894,9554
943,2019-05-14,641,9182,9823
943,2019-05-15,674,9115,9789
943,2019-05-16,564,9322,9886
943,2019-05-17,655,9135,9790
943,2019-05-18,205,6808,7013
943,2019-05-19,41,5353,5394
943,2019-05-20,637,8744,9381
943,2019-05-21,627,8980,9607
943,2019-05-22,565,8807,9372
943,2019-05-23,608,9377,9985
943,2019-05-24,543,9715,10258
943,2019-05-25,377,6975,7352
943,2019-05-26,87,6238,6325
943,2019-05-27,583,8290,8873
943,2019-05-28,616,8523,9139
943,2019-05-29,642,9938,10580
943,2019-05-30,179,10657,10836
943,2019-05-31,478,8891,9369
943,2019-06-01,259,7671,7930
943,2019-06-02,149,6633,6782
943,2019-06-03,563,9081,9644
943,2019-06-04,549,9337,9886
943,2019-06-05,705,8916,9621
943,2019-06-06,671,9249,9920
943,2019-06-07,569,9344,9913
943,2019-06-08,275,7365,7640
943,2019-06-09,108,6635,6743
943,2019-06-10,137,6037,6174
943,2019-06-11,565,9144,9709
943,2019-06-12,654,9029,9683
943,2019-06-13,624,9415,10039
943,2019-06-14,636,9346,9982
943,2019-06-15,311,9079,9390
943,2019-06-16,108,6506,6614
943,2019-06-17,542,8942,9484
943,2019-06-18,583,9200,9783
943,2019-06-19,546,8909,9455
943,2019-06-20,525,9072,9597
943,2019-06-21,605,9928,10533
943,2019-06-22,239,7230,7469
943,2019-06-23,79,6196,6275
943,2019-06-24,590,9033,9623
943,2019-06-25,549,9648,10197
943,2019-06-26,575,9738,10313
943,2019-06-27,604,9645,10249
943,2019-06-28,608,9684,10292
943,2019-06-29,252,7824,8076
943,2019-06-30,88,6492,6580
943,2019-07-01,585,9318,9903
943,2019-07-02,578,9534,10112
943,2019-07-03,546,9548,10094
943,2019-07-04,618,9788,10406
943,2019-07-05,573,9752,10325
943,2019-07-06,207,7591,7798
943,2019-07-07,61,5894,5955
943,2019-07-08,586,9223,9809
943,2019-07-09,620,9512,10132
943,2019-07-10,588,9718,10306
943,2019-07-11,573,9318,9891
943,2019-07-12,535,8977,9512
943,2019-07-13,347,6872,7219
943,2019-07-14,85,5790,5875
943,2019-07-15,593,8648,9241
943,2019-07-16,594,9040,9634
943,2019-07-17,596,8885,9481
943,2019-07-18,554,8950,9504
943,2019-07-19,513,9254,9767
943,2019-07-20,240,6872,7112
943,2019-07-21,76,6347,6423
943,2019-07-22,556,8908,9464
943,2019-07-23,609,8964,9573
943,2019-07-24,679,10507,11186
943,2019-07-25,503,9038,9541
943,2019-07-26,471,8714,9185
943,2019-07-27,184,6180,6364
943,2019-07-28,53,5068,5121
943,2019-07-29,342,7958,8300
943,2019-07-30,408,8081,8489
943,2019-07-31,404,7815,8219
943,2019-08-01,368,8075,8443
943,2019-08-02,376,8042,8418
943,2019-08-03,218,5908,6126
943,2019-08-04,71,5452,5523
943,2019-08-05,379,7162,7541
943,2019-08-06,379,7475,7854
943,2019-08-07,386,7481,7867
943,2019-08-08,364,7564,7928
943,2019-08-09,339,7209,7548
943,2019-08-10,184,5623,5807
943,2019-08-11,76,4823,4899
943,2019-08-12,323,6777,7100
943,2019-08-13,426,7043,7469
943,2019-08-14,399,7176,7575
943,2019-08-15,59,4403,4462
943,2019-08-16,321,6839,7160
943,2019-08-17,188,5153,5341
943,2019-08-18,79,4471,4550
943,2019-08-19,459,7388,7847
943,2019-08-20,479,7532,8011
943,2019-08-21,481,7468,7949
943,2019-08-22,439,7714,8153
943,2019-08-23,505,7904,8409
943,2019-08-24,232,6309,6541
943,2019-08-25,98,5696,5794
943,2019-08-26,548,7797,8345
943,2019-08-27,598,8210,8808
943,2019-08-28,675,8001,8676
943,2019-08-29,607,8096,8703
943,2019-08-30,586,8188,8774
943,2019-08-31,263,6564,6827
943,2019-09-01,92,5275,5367
943,2019-09-02,642,7849,8491
943,2019-09-03,632,8023,8655
943,2019-09-04,674,7949,8623
943,2019-09-05,733,8326,9059
943,2019-09-06,647,8490,9137
943,2019-09-07,263,5804,6067
943,2019-09-08,99,5277,5376
943,2019-09-09,618,8191,8809
943,2019-09-10,679,8397,9076
943,2019-09-11,671,8237,8908
943,2019-09-12,711,8666,9377
943,2019-09-13,680,8850,9530
943,2019-09-14,271,7008,7279
943,2019-09-15,81,6053,6134
943,2019-09-16,632,8819,9451
943,2019-09-17,697,9178,9875
943,2019-09-18,647,9030,9677
943,2019-09-19,659,8998,9657
943,2019-09-20,614,8936,9550
943,2019-09-21,242,6806,7048
943,2019-09-22,62,5391,5453
943,2019-09-23,597,8598,9195
943,2019-09-24,607,8889,9496
943,2019-09-25,626,8769,9395
943,2019-09-26,493,9039,9532
943,2019-09-27,554,9425,9979
943,2019-09-28,225,6716,6941
943,2019-09-29,62,5416,5478
943,2019-09-30,562,8808,9370
943,2019-10-01,560,9163,9723
943,2019-10-02,548,8851,9399
943,2019-10-03,728,9246,9974
943,2019-10-04,520,9064,9584
943,2019-10-05,223,7290,7513
943,2019-10-06,55,5563,5618
943,2019-10-07,548,8794,9342
943,2019-10-08,487,8903,9390
943,2019-10-09,494,8876,9370
943,2019-10-10,518,8948,9466
943,2019-10-11,554,9329,9883
943,2019-10-12,232,6803,7035
943,2019-10-13,70,5709,5779
943,2019-10-14,524,8826,9350
943,2019-10-15,532,9019,9551
943,2019-10-16,496,8921,9417
943,2019-10-17,512,8997,9509
943,2019-10-18,524,9401,9925
943,2019-10-19,225,6945,7170
943,2019-10-20,39,5409,5448
943,2019-10-21,528,8732,9260
943,2019-10-22,552,9152,9704
943,2019-10-23,539,9207,9746
943,2019-10-24,586,9403,9989
943,2019-10-25,587,9739,10326
943,2019-10-26,287,7006,7293
943,2019-10-27,84,5410,5494
943,2019-10-28,601,8662,9263
943,2019-10-29,587,8797,9384
943,2019-10-30,586,8774,9360
943,2019-11-01,76,5684,5760
943,2019-11-02,199,6282,6481
943,2019-11-03,95,5039,5134
943,2019-11-04,543,8827,9370
943,2019-11-05,559,9089,9648
943,2019-11-06,556,9241,9797
943,2019-11-07,487,9020,9507
943,2019-11-08,582,9866,10448
943,2019-11-09,226,7104,7330
943,2019-11-10,65,5751,5816
943,2019-11-11,508,8678,9186
943,2019-11-12,551,9035,9586
943,2019-11-13,526,8824,9350
943,2019-11-14,568,9176,9744
943,2019-11-15,562,9457,10019
943,2019-11-16,245,6897,7142
943,2019-11-17,53,4914,4967
943,2019-11-18,491,8654,9145
943,2019-11-19,554,9098,9652
943,2019-11-20,588,8824,9412
943,2019-11-21,572,9318,9890
943,2019-11-22,567,9422,9989
943,2019-11-23,200,6657,6857
943,2019-11-24,47,5873,5920
943,2019-11-25,562,8846,9408
943,2019-11-26,660,9147,9807
943,2019-11-27,520,8360,8880
943,2019-11-28,574,9221,9795
943,2019-11-29,535,9697,10232
943,2019-11-30,226,6800,7026
943,2019-12-01,55,5061,5116
943,2019-12-02,568,8897,9465
943,2019-12-03,570,9342,9912
943,2019-12-04,545,9011,9556
943,2019-12-05,594,9469,10063
943,2019-12-06,494,8908,9402
943,2019-12-07,225,6627,6852
943,2019-12-08,51,4763,4814
943,2019-12-09,531,8806,9337
943,2019-12-10,556,9215,9771
943,2019-12-11,525,9073,9598
943,2019-12-12,615,9143,9758
943,2019-12-13,496,9286,9782
943,2019-12-14,171,6628,6799
943,2019-12-15,83,5348,5431
943,2019-12-16,222,4718,4940
943,2019-12-17,510,9273,9783
943,2019-12-18,511,9199,9710
943,2019-12-19,502,9900,10402
943,2019-12-20,438,9556,9994
943,2019-12-21,197,6219,6416
943,2019-12-22,36,4943,4979
943,2019-12-23,324,8229,8553
943,2019-12-24,236,6883,7119
943,2019-12-25,29,3067,3096
943,2019-12-26,60,4481,4541
943,2019-12-27,284,6454,6738
943,2019-12-28,181,5699,5880
943,2019-12-29,55,4599,4654
943,2019-12-30,300,6996,7296
943,2019-12-31,254,6328,6582
944,2019-01-01,7,1040,1047
944,2019-01-02,196,2104,2300
944,2019-01-03,205,2403,2608
944,2019-01-04,247,2483,2730
944,2019-01-05,88,1872,1960
944,2019-01-06,34,1585,1619
944,2019-01-07,303,2708,3011
944,2019-01-08,301,2879,3180
944,2019-01-09,311,2785,3096
944,2019-01-10,304,2910,3214
944,2019-01-11,299,3008,3307
944,2019-01-12,104,2005,2109
944,2019-01-13,24,1678,1702
944,2019-01-14,313,2855,3168
944,2019-01-15,336,2958,3294
944,2019-01-16,333,2939,3272
944,2019-01-17,299,3084,3383
944,2019-01-18,348,3116,3464
944,2019-01-19,87,2186,2273
944,2019-01-20,24,1788,1812
944,2019-01-21,325,2855,3180
944,2019-01-22,363,2823,3186
944,2019-01-23,353,2758,3111
944,2019-01-24,333,3025,3358
944,2019-01-25,318,2990,3308
944,2019-01-26,95,1914,2009
944,2019-01-27,15,1636,1651
944,2019-01-28,243,2374,2617
944,2019-01-29,285,2891,3176
944,2019-01-30,291,2461,2752
944,2019-01-31,263,2938,3201
944,2019-02-01,287,3141,3428
944,2019-02-02,94,1949,2043
944,2019-02-03,33,1789,1822
944,2019-02-04,282,2817,3099
944,2019-02-05,338,2908,3246
944,2019-02-06,345,2900,3245
944,2019-02-07,329,2993,3322
944,2019-02-08,322,3124,3446
944,2019-02-09,94,2195,2289
944,2019-02-10,9,1804,1813
944,2019-02-11,339,2949,3288
944,2019-02-12,341,3085,3426
944,2019-02-13,369,3002,3371
944,2019-02-14,350,3163,3513
944,2019-02-15,320,3177,3497
944,2019-02-16,89,2205,2294
944,2019-02-17,33,1955,1988
944,2019-02-18,320,2839,3159
944,2019-02-19,374,2886,3260
944,2019-02-20,358,2825,3183
944,2019-02-21,367,2925,3292
944,2019-02-22,304,3026,3330
944,2019-02-23,100,2004,2104
944,2019-02-24,21,1941,1962
944,2019-02-25,381,3073,3454
944,2019-02-26,332,3222,3554
944,2019-02-27,386,3215,3601
944,2019-02-28,400,3147,3547
944,2019-03-01,326,3381,3707
944,2019-03-02,83,2119,2202
944,2019-03-03,29,1724,1753
944,2019-03-04,224,2456,2680
944,2019-03-05,308,2898,3206
944,2019-03-06,357,2968,3325
944,2019-03-07,358,3100,3458
944,2019-03-08,351,3309,3660
944,2019-03-09,92,2223,2315
944,2019-03-10,16,1700,1716
944,2019-03-11,335,3071,3406
944,2019-03-12,344,3103,3447
944,2019-03-13,359,3118,3477
944,2019-03-14,369,3071,3440
944,2019-03-15,299,3336,3635
944,2019-03-16,86,2254,2340
944,2019-03-17,33,2016,2049
944,2019-03-18,352,2961,3313
944,2019-03-19,403,3207,3610
944,2019-03-20,367,3148,3515
944,2019-03-21,385,3213,3598
944,2019-03-22,449,3484,3933
944,2019-03-23,230,2425,2655
944,2019-03-24,17,2002,2019
944,2019-03-25,414,3099,3513
944,2019-03-26,363,3140,3503
944,2019-03-27,439,3181,3620
944,2019-03-28,415,3410,3825
944,2019-03-29,369,3485,3854
944,2019-03-30,126,2419,2545
944,2019-04-01,400,3194,3594
944,2019-04-02,422,3365,3787
944,2019-04-03,426,3248,3674
944,2019-04-04,396,3497,3893
944,2019-04-05,374,3475,3849
944,2019-04-06,141,2311,2452
944,2019-04-07,39,2113,2152
944,2019-04-08,422,3031,3453
944,2019-04-09,380,3022,3402
944,2019-04-10,491,3107,3598
944,2019-04-11,492,3193,3685
944,2019-04-12,464,3243,3707
944,2019-04-13,126,2247,2373
944,2019-04-14,43,2201,2244
944,2019-04-15,420,2933,3353
944,2019-04-16,399,3093,3492
944,2019-04-17,413,3056,3469
944,2019-04-18,476,3305,3781
944,2019-04-19,418,3351,3769
944,2019-04-20,188,2443,2631
944,2019-04-21,21,1966,1987
944,2019-04-22,67,1897,1964
944,2019-04-23,488,3273,3761
944,2019-04-24,506,3133,3639
944,2019-04-25,478,3276,3754
944,2019-04-26,460,3455,3915
944,2019-04-27,177,2350,2527
944,2019-04-28,55,2049,2104
944,2019-04-29,482,3233,3715
944,2019-04-30,457,3416,3873
944,2019-05-01,100,2046,2146
944,2019-05-02,451,3372,3823
944,2019-05-03,462,3552,4014
944,2019-05-04,149,2417,2566
944,2019-05-05,24,2235,2259
944,2019-05-06,480,3080,3560
944,2019-05-07,466,3264,3730
944,2019-05-08,462,3402,3864
944,2019-05-09,112,1956,2068
944,2019-05-10,373,3134,3507
944,2019-05-11,102,2327,2429
944,2019-05-12,26,2042,2068
944,2019-05-13,404,3162,3566
944,2019-05-14,457,3378,3835
944,2019-05-15,504,3264,3768
944,2019-05-16,516,3373,3889
944,2019-05-17,394,3389,3783
944,2019-05-18,114,2541,2655
944,2019-05-19,28,2176,2204
944,2019-05-20,389,3142,3531
944,2019-05-21,423,3307,3730
944,2019-05-22,462,3243,3705
944,2019-05-23,498,3394,3892
944,2019-05-24,454,3572,4026
944,2019-05-25,147,2451,2598
944,2019-05-26,66,2310,2376
944,2019-05-27,433,3048,3481
944,2019-05-29,495,3396,3891
944,2019-05-30,71,2425,2496
944,2019-05-31,252,2959,3211
944,2019-06-01,143,2686,2829
944,2019-06-02,87,2512,2599
944,2019-06-03,412,3127,3539
944,2019-06-07,408,3607,4015
944,2019-06-08,121,2778,2899
944,2019-06-09,39,2127,2166
944,2019-06-10,58,1968,2026
944,2019-06-11,454,3407,3861
944,2019-06-12,451,3399,3850
944,2019-06-13,476,3513,3989
944,2019-06-14,467,3784,4251
944,2019-06-15,133,2876,3009
944,2019-06-16,50,2219,2269
944,2019-06-17,478,3326,3804
944,2019-06-18,528,3342,3870
944,2019-06-19,517,3309,3826
944,2019-06-20,426,3471,3897
944,2019-06-21,429,3594,4023
944,2019-06-22,101,2513,2614
944,2019-06-23,38,2267,2305
944,2019-06-24,443,3063,3506
944,2019-06-25,430,3398,3828
944,2019-06-26,418,3448,3866
944,2019-06-27,465,3439,3904
944,2019-06-28,453,3696,4149
944,2019-06-29,136,2731,2867
944,2019-06-30,39,2424,2463
944,2019-07-01,489,3128,3617
944,2019-07-02,423,3430,3853
944,2019-07-03,469,3274,3743
944,2019-07-04,462,3493,3955
944,2019-07-05,392,3428,3820
944,2019-07-06,117,2480,2597
944,2019-07-07,44,2112,2156
944,2019-07-08,410,3029,3439
944,2019-07-09,461,3433,3894
944,2019-07-10,422,3456,3878
944,2019-07-11,443,3438,3881
944,2019-07-12,394,3590,3984
944,2019-07-13,135,2449,2584
944,2019-07-14,34,2112,2146
944,2019-07-15,388,3143,3531
944,2019-07-16,381,3209,3590
944,2019-07-17,378,3269,3647
944,2019-07-18,377,3276,3653
944,2019-07-19,365,3382,3747
944,2019-07-20,124,2433,2557
944,2019-07-21,51,2236,2287
944,2019-07-22,314,3140,3454
944,2019-07-23,391,3322,3713
944,2019-07-24,378,3358,3736
944,2019-07-25,358,3303,3661
944,2019-07-26,331,3393,3724
944,2019-07-28,18,1988,2006
944,2019-07-29,245,2686,2931
944,2019-07-30,285,2745,3030
944,2019-07-31,249,2696,2945
944,2019-08-01,262,2676,2938
944,2019-08-02,254,2764,3018
944,2019-08-03,114,1986,2100
944,2019-08-04,58,2030,2088
944,2019-08-05,264,2379,2643
944,2019-08-06,268,2515,2783
944,2019-08-07,236,2463,2699
944,2019-08-08,228,2544,2772
944,2019-08-09,228,2702,2930
944,2019-08-10,113,2063,2176
944,2019-08-11,46,1982,2028
944,2019-08-12,283,2418,2701
944,2019-08-13,237,2484,2721
944,2019-08-14,286,2647,2933
944,2019-08-15,39,1968,2007
944,2019-08-16,200,2529,2729
944,2019-08-17,90,2147,2237
944,2019-08-18,34,1895,1929
944,2019-08-19,313,2893,3206
944,2019-08-20,357,2922,3279
944,2019-08-21,330,2923,3253
944,2019-08-22,374,3061,3435
944,2019-08-23,388,3114,3502
944,2019-08-24,181,2468,2649
944,2019-08-25,82,2279,2361
944,2019-08-26,454,2962,3416
944,2019-08-27,392,3139,3531
944,2019-08-28,367,3131,3498
944,2019-08-29,419,3106,3525
944,2019-08-30,382,3247,3629
944,2019-08-31,135,2328,2463
944,2019-09-01,64,2173,2237
944,2019-09-02,439,2918,3357
944,2019-09-03,472,3015,3487
944,2019-09-04,391,3011,3402
944,2019-09-05,494,3175,3669
944,2019-09-06,404,3312,3716
944,2019-09-07,143,2167,2310
944,2019-09-08,36,1834,1870
944,2019-09-09,463,2993,3456
944,2019-09-10,414,3065,3479
944,2019-09-11,471,3166,3637
944,2019-09-12,406,3176,3582
944,2019-09-13,368,3307,3675
944,2019-09-14,128,2257,2385
944,2019-09-15,62,2252,2314
944,2019-09-16,444,3248,3692
944,2019-09-17,545,3556,4101
944,2019-09-18,518,3506,4024
944,2019-09-19,601,3513,4114
944,2019-09-20,539,3709,4248
944,2019-09-21,163,2661,2824
944,2019-09-22,49,2208,2257
944,2019-09-23,477,3251,3728
944,2019-09-24,432,3391,3823
944,2019-09-25,429,3283,3712
944,2019-09-26,415,3339,3754
944,2019-09-27,395,3522,3917
944,2019-09-28,96,2521,2617
944,2019-09-29,34,1979,2013
944,2019-09-30,393,3169,3562
944,2019-10-01,392,3229,3621
944,2019-10-02,428,3177,3605
944,2019-10-03,443,3409,3852
944,2019-10-04,368,3467,3835
944,2019-10-05,151,2356,2507
944,2019-10-06,40,2008,2048
944,2019-10-07,369,3121,3490
944,2019-10-08,355,3246,3601
944,2019-10-09,401,3156,3557
944,2019-10-10,433,3345,3778
944,2019-10-11,392,3227,3619
944,2019-10-12,138,2437,2575
944,2019-10-13,67,2209,2276
944,2019-10-14,423,3102,3525
944,2019-10-15,426,3334,3760
944,2019-10-16,385,3026,3411
944,2019-10-17,427,3260,3687
944,2019-10-18,396,3380,3776
944,2019-10-19,86,2339,2425
944,2019-10-20,33,1945,1978
944,2019-10-21,369,3161,3530
944,2019-10-22,441,3407,3848
944,2019-10-23,458,3296,3754
944,2019-10-24,520,3437,3957
944,2019-10-25,478,3553,4031
944,2019-10-26,195,2402,2597
944,2019-10-27,61,2039,2100
944,2019-10-28,377,2972,3349
944,2019-10-29,474,3146,3620
944,2019-10-30,474,3164,3638
944,2019-11-01,41,1898,1939
944,2019-11-02,133,2149,2282
944,2019-11-03,29,1941,1970
944,2019-11-04,398,3108,3506
944,2019-11-05,424,3393,3817
944,2019-11-06,424,3154,3578
944,2019-11-07,389,3309,3698
944,2019-11-08,381,3329,3710
944,2019-11-09,159,2390,2549
944,2019-11-10,37,1949,1986
944,2019-11-11,291,2988,3279
944,2019-11-12,360,3275,3635
944,2019-11-13,385,3171,3556
944,2019-11-14,443,3315,3758
944,2019-11-15,414,3339,3753
944,2019-11-16,135,2366,2501
944,2019-11-17,21,1729,1750
944,2019-11-18,258,2130,2388
944,2019-11-19,365,3259,3624
944,2019-11-20,381,3054,3435
944,2019-11-21,434,3400,3834
944,2019-11-22,390,3436,3826
944,2019-11-23,128,2381,2509
944,2019-11-24,46,2041,2087
944,2019-11-25,369,3198,3567
944,2019-11-26,367,3275,3642
944,2019-11-27,355,3216,3571
944,2019-11-28,369,3410,3779
944,2019-11-29,360,3518,3878
944,2019-11-30,128,2275,2403
944,2019-12-01,29,1764,1793
944,2019-12-02,397,3138,3535
944,2019-12-03,366,3158,3524
944,2019-12-04,354,3219,3573
944,2019-12-05,421,3252,3673
944,2019-12-06,338,3095,3433
944,2019-12-07,113,2179,2292
944,2019-12-08,25,1903,1928
944,2019-12-09,337,3120,3457
944,2019-12-10,418,3242,3660
944,2019-12-11,346,3058,3404
944,2019-12-12,388,3278,3666
944,2019-12-13,325,3072,3397
944,2019-12-14,108,2464,2572
944,2019-12-15,12,2010,2022
944,2019-12-16,345,3163,3508
944,2019-12-17,393,3417,3810
944,2019-12-18,410,3344,3754
944,2019-12-19,384,3408,3792
944,2019-12-20,274,3517,3791
944,2019-12-21,97,2342,2439
944,2019-12-22,31,1974,2005
944,2019-12-23,170,2769,2939
944,2019-12-24,131,2134,2265
944,2019-12-25,5,1154,1159
944,2019-12-26,32,1377,1409
944,2019-12-27,150,2271,2421
944,2019-12-28,92,1968,2060
944,2019-12-29,12,1788,1800
944,2019-12-30,162,2397,2559
944,2019-12-31,132,2014,2146
946,2019-01-01,53,2835,2888
946,2019-01-02,512,5960,6472
946,2019-01-03,599,6398,6997
946,2019-01-04,603,6814,7417
946,2019-01-05,278,5305,5583
946,2019-01-06,83,4881,4964
946,2019-01-07,864,7208,8072
946,2019-01-08,910,7334,8244
946,2019-01-09,920,7311,8231
946,2019-01-10,1018,8132,9150
946,2019-01-11,969,7870,8839
946,2019-01-12,310,5237,5547
946,2019-01-13,93,4726,4819
946,2019-01-14,1167,7819,8986
946,2019-01-15,1204,7967,9171
946,2019-01-16,1204,7973,9177
946,2019-01-17,1163,8278,9441
946,2019-01-18,1088,8454,9542
946,2019-01-19,319,5697,6016
946,2019-01-20,80,5122,5202
946,2019-01-21,1070,8137,9207
946,2019-01-22,1113,7718,8831
946,2019-01-23,1037,7403,8440
946,2019-01-24,1005,7979,8984
946,2019-01-25,988,8149,9137
946,2019-01-26,269,5315,5584
946,2019-01-27,83,4820,4903
946,2019-01-28,842,6842,7684
946,2019-01-29,1006,7824,8830
946,2019-01-30,820,6421,7241
946,2019-01-31,947,7710,8657
946,2019-02-01,878,8040,8918
946,2019-02-02,263,5457,5720
946,2019-02-03,89,5107,5196
946,2019-02-04,932,7634,8566
946,2019-02-05,1054,8159,9213
946,2019-02-06,1095,7929,9024
946,2019-02-07,1101,8429,9530
946,2019-02-08,1139,8682,9821
946,2019-02-09,294,5646,5940
946,2019-02-10,60,4812,4872
946,2019-02-11,1068,8026,9094
946,2019-02-12,1232,8288,9520
946,2019-02-13,1196,8324,9520
946,2019-02-14,1153,8732,9885
946,2019-02-15,1162,8932,10094
946,2019-02-16,297,5546,5843
946,2019-02-17,90,5478,5568
946,2019-02-18,1190,7732,8922
946,2019-02-19,1343,7967,9310
946,2019-02-20,1237,8057,9294
946,2019-02-21,1253,8272,9525
946,2019-02-22,1207,8407,9614
947,2019-01-01,19,1143,1162
947,2019-01-02,280,4920,5200
947,2019-01-03,314,5423,5737
947,2019-01-04,304,5437,5741
947,2019-01-05,154,5174,5328
947,2019-01-06,33,5620,5653
947,2019-01-07,390,5106,5496
947,2019-01-08,397,5176,5573
947,2019-01-09,453,4865,5318
947,2019-01-10,444,5159,5603
947,2019-01-11,444,5647,6091
947,2019-01-12,157,5032,5189
947,2019-01-13,27,5994,6021
947,2019-01-14,458,4972,5430
947,2019-01-15,497,5116,5613
947,2019-01-16,468,5305,5773
947,2019-01-17,463,5023,5486
947,2019-01-18,486,5615,6101
947,2019-01-19,180,5325,5505
947,2019-01-20,34,6006,6040
947,2019-01-21,440,5320,5760
947,2019-01-22,440,4608,5048
947,2019-01-23,430,4707,5137
947,2019-01-24,419,5216,5635
947,2019-01-25,398,5542,5940
947,2019-01-26,164,5297,5461
947,2019-01-27,23,5645,5668
947,2019-01-28,338,4213,4551
947,2019-01-29,408,5106,5514
947,2019-01-30,379,4379,4758
947,2019-01-31,414,5216,5630
947,2019-02-01,397,5818,6215
947,2019-02-02,150,5203,5353
947,2019-02-03,26,6073,6099
947,2019-02-04,384,5133,5517
947,2019-02-05,419,5319,5738
947,2019-02-06,460,5286,5746
947,2019-02-07,444,5497,5941
947,2019-02-08,462,5884,6346
947,2019-02-09,140,5708,5848
947,2019-02-10,33,6444,6477
947,2019-02-11,441,5272,5713
947,2019-02-12,491,5282,5773
947,2019-02-13,497,5767,6264
947,2019-02-14,492,6172,6664
947,2019-02-15,480,6067,6547
947,2019-02-16,191,5384,5575
947,2019-02-17,32,6512,6544
947,2019-02-18,418,5374,5792
947,2019-02-19,453,5298,5751
947,2019-02-20,477,5487,5964
947,2019-02-21,478,5580,6058
947,2019-02-22,429,6070,6499
947,2019-02-23,159,5693,5852
947,2019-02-24,38,6271,6309
947,2019-02-25,480,5578,6058
947,2019-02-26,520,5725,6245
947,2019-02-27,526,5925,6451
947,2019-02-28,522,5943,6465
947,2019-03-01,479,6185,6664
947,2019-03-02,152,6008,6160
947,2019-03-03,25,5997,6022
947,2019-03-04,520,5566,6086
947,2019-03-05,440,5466,5906
947,2019-03-06,485,5327,5812
947,2019-03-07,471,5906,6377
947,2019-03-08,496,6354,6850
947,2019-03-09,170,5556,5726
947,2019-03-10,48,6179,6227
947,2019-03-11,476,5126,5602
947,2019-03-12,518,5302,5820
947,2019-03-13,472,5206,5678
947,2019-03-14,478,5575,6053
947,2019-03-15,440,6138,6578
947,2019-03-16,163,5508,5671
947,2019-03-17,41,6466,6507
947,2019-03-18,484,5290,5774
947,2019-03-19,493,5430,5923
947,2019-03-20,546,5469,6015
947,2019-03-21,549,5729,6278
947,2019-03-22,560,6332,6892
947,2019-03-23,190,5784,5974
947,2019-03-24,31,6667,6698
947,2019-03-25,517,5336,5853
947,2019-03-26,511,5518,6029
947,2019-03-27,549,5552,6101
947,2019-03-28,585,6027,6612
947,2019-03-29,530,6759,7289
947,2019-03-30,191,6174,6365
947,2019-04-01,545,5651,6196
947,2019-04-02,575,5822,6397
947,2019-06-13,650,5894,6544
947,2019-06-14,651,7248,7899
947,2019-06-15,165,6294,6459
947,2019-06-16,53,6721,6774
947,2019-06-17,537,5610,6147
947,2019-06-18,599,5658,6257
947,2019-06-19,520,5914,6434
947,2019-06-20,564,7060,7624
947,2019-06-21,593,6777,7370
947,2019-06-22,183,6116,6299
947,2019-06-23,62,6588,6650
947,2019-06-24,552,6080,6632
947,2019-06-25,553,6178,6731
947,2019-06-26,566,6311,6877
947,2019-06-27,588,6761,7349
947,2019-06-28,597,7219,7816
947,2019-06-29,217,6522,6739
947,2019-06-30,50,6935,6985
947,2019-07-01,545,6360,6905
947,2019-07-02,570,6372,6942
947,2019-07-03,598,6512,7110
947,2019-07-04,582,6496,7078
947,2019-07-05,567,6887,7454
947,2019-07-06,208,6201,6409
947,2019-07-07,50,7412,7462
947,2019-07-08,565,6070,6635
947,2019-07-09,634,6201,6835
947,2019-07-10,604,6223,6827
947,2019-07-11,592,6623,7215
947,2019-07-12,603,6751,7354
947,2019-07-13,211,6302,6513
947,2019-07-14,61,6879,6940
947,2019-07-15,534,6167,6701
947,2019-07-16,533,6338,6871
947,2019-07-17,550,6427,6977
947,2019-07-18,553,6477,7030
947,2019-07-19,553,6947,7500
947,2019-07-20,174,5803,5977
947,2019-07-21,51,6365,6416
947,2019-07-22,453,6397,6850
947,2019-07-23,545,6580,7125
947,2019-07-24,474,6573,7047
947,2019-07-25,438,6738,7176
947,2019-07-26,436,6615,7051
947,2019-07-27,165,6210,6375
947,2019-07-28,50,6901,6951
947,2019-07-29,402,5866,6268
947,2019-07-30,392,5884,6276
947,2019-07-31,391,6398,6789
947,2019-08-01,388,6247,6635
947,2019-08-02,397,6458,6855
947,2019-08-03,175,6030,6205
947,2019-08-04,48,6121,6169
947,2019-08-05,378,5639,6017
947,2019-08-06,349,5515,5864
947,2019-08-07,332,5711,6043
947,2019-08-08,356,5917,6273
947,2019-08-09,362,6157,6519
947,2019-08-10,177,5596,5773
947,2019-08-11,57,6110,6167
947,2019-08-12,348,5209,5557
947,2019-08-13,370,5435,5805
947,2019-08-14,391,5694,6085
947,2019-08-15,59,6582,6641
947,2019-08-16,379,6066,6445
947,2019-08-17,163,5799,5962
947,2019-08-18,46,6333,6379
947,2019-08-19,463,5415,5878
947,2019-08-20,505,5742,6247
947,2019-08-21,498,5730,6228
947,2019-08-22,545,6178,6723
947,2019-08-23,532,6569,7101
947,2019-08-24,196,5754,5950
947,2019-08-25,66,5906,5972
947,2019-08-26,535,5764,6299
947,2019-08-27,463,5984,6447
947,2019-08-28,528,5944,6472
947,2019-08-29,523,6347,6870
947,2019-08-30,514,6798,7312
947,2019-08-31,193,5675,5868
947,2019-09-01,70,6270,6340
947,2019-09-02,466,5800,6266
947,2019-09-03,529,5981,6510
947,2019-09-04,491,5821,6312
947,2019-09-05,528,6335,6863
947,2019-09-06,653,6446,7099
947,2019-09-07,170,6026,6196
947,2019-09-08,58,6503,6561
947,2019-09-09,619,5690,6309
947,2019-09-10,586,5802,6388
947,2019-09-11,584,5712,6296
947,2019-09-12,587,6151,6738
947,2019-09-13,592,6357,6949
947,2019-09-14,163,5706,5869
947,2019-09-15,62,6404,6466
947,2019-09-16,589,5732,6321
947,2019-09-17,545,5836,6381
947,2019-09-18,556,5694,6250
947,2019-09-19,568,5916,6484
947,2019-09-20,706,6385,7091
947,2019-09-21,178,5831,6009
947,2019-09-22,59,6139,6198
947,2019-09-23,567,5677,6244
947,2019-09-24,518,5779,6297
947,2019-09-25,528,5799,6327
947,2019-09-26,544,5927,6471
947,2019-09-27,556,6662,7218
947,2019-09-28,161,6044,6205
947,2019-09-29,57,6446,6503
947,2019-09-30,541,5522,6063
947,2019-10-01,551,5892,6443
947,2019-10-02,496,5799,6295
947,2019-10-03,636,6872,7508
947,2019-10-04,530,6607,7137
947,2019-10-05,183,5735,5918
947,2019-10-06,36,6510,6546
947,2019-10-07,575,5549,6124
947,2019-10-08,509,5572,6081
947,2019-10-09,544,5569,6113
947,2019-10-10,563,5858,6421
947,2019-10-11,523,6390,6913
947,2019-10-12,161,5540,5701
947,2019-10-13,72,6475,6547
947,2019-10-14,510,5432,5942
947,2019-10-15,536,5737,6273
947,2019-10-16,548,5634,6182
947,2019-10-17,538,5727,6265
947,2019-10-18,550,6272,6822
947,2019-10-19,163,5794,5957
947,2019-10-20,37,6149,6186
947,2019-10-21,473,5544,6017
947,2019-10-22,541,5656,6197
947,2019-10-23,625,5715,6340
947,2019-10-24,556,6092,6648
947,2019-10-25,628,6671,7299
947,2019-10-26,188,5902,6090
947,2019-10-27,41,6956,6997
947,2019-10-28,544,6070,6614
947,2019-10-29,550,6009,6559
947,2019-10-30,520,6509,7029
947,2019-11-01,58,6886,6944
947,2019-11-02,155,6139,6294
947,2019-11-03,27,6521,6548
947,2019-11-04,575,5675,6250
947,2019-11-05,584,5708,6292
947,2019-11-06,552,5601,6153
947,2019-11-07,570,5988,6558
947,2019-11-08,572,6377,6949
947,2019-11-09,191,5614,5805
947,2019-11-10,36,6753,6789
947,2019-11-12,388,3886,4274
947,2019-11-13,504,5513,6017
947,2019-11-14,560,5824,6384
947,2019-11-15,550,6278,6828
947,2019-11-16,186,5282,5468
947,2019-11-17,60,5765,5825
947,2019-11-18,431,4867,5298
947,2019-11-19,525,5355,5880
947,2019-11-20,542,5438,5980
947,2019-11-21,625,5886,6511
947,2019-11-22,572,6269,6841
947,2019-11-23,167,5824,5991
947,2019-11-24,46,6406,6452
947,2019-11-25,575,5607,6182
947,2019-11-26,618,5674,6292
947,2019-11-27,520,5787,6307
947,2019-11-28,510,6264,6774
947,2019-11-29,552,7595,8147
947,2019-11-30,192,6501,6693
947,2019-12-01,46,6191,6237
947,2019-12-02,506,5905,6411
947,2019-12-03,516,5968,6484
947,2019-12-04,514,5862,6376
947,2019-12-05,625,6342,6967
947,2019-12-06,495,6264,6759
947,2019-12-07,159,5757,5916
947,2019-12-08,34,6314,6348
947,2019-12-09,467,5772,6239
947,2019-12-10,514,5878,6392
947,2019-12-11,459,5921,6380
947,2019-12-12,524,6066,6590
947,2019-12-13,490,6329,6819
947,2019-12-14,169,6092,6261
947,2019-12-15,24,6432,6456
947,2019-12-16,449,6186,6635
947,2019-12-17,570,6588,7158
947,2019-12-18,528,6502,7030
947,2019-12-19,563,6932,7495
947,2019-12-20,440,7106,7546
947,2019-12-21,168,7003,7171
947,2019-12-22,27,8198,8225
947,2019-12-23,336,7910,8246
947,2019-12-24,285,5534,5819
947,2019-12-25,12,1152,1164
947,2019-12-26,54,4828,4882
947,2019-12-27,302,6068,6370
947,2019-12-28,163,5993,6156
947,2019-12-29,48,7050,7098
947,2019-12-30,301,6881,7182
947,2019-12-31,264,5235,5499
1111,2019-01-01,51,1628,1679
1111,2019-01-02,200,2716,2916
1111,2019-01-03,196,2951,3147
1111,2019-01-04,207,2960,3167
1111,2019-01-05,144,2508,2652
1111,2019-01-06,62,2197,2259
1111,2019-01-07,229,3035,3264
1111,2019-01-08,230,3091,3321
1111,2019-01-09,229,3091,3320
1111,2019-01-10,245,3341,3586
1111,2019-01-11,234,3288,3522
1111,2019-01-12,129,2759,2888
1111,2019-01-13,59,2105,2164
1111,2019-01-14,307,3293,3600
1111,2019-01-15,349,3434,3783
1111,2019-01-16,335,3623,3958
1111,2019-01-17,349,3582,3931
1111,2019-01-18,387,3810,4197
1111,2019-01-19,154,3059,3213
1111,2019-01-20,68,2831,2899
1111,2019-01-21,324,3322,3646
1111,2019-01-22,352,3472,3824
1111,2019-01-23,307,3470,3777
1111,2019-01-24,316,3646,3962
1111,2019-01-25,327,3666,3993
1111,2019-01-26,137,3004,3141
1111,2019-01-27,62,2325,2387
1111,2019-01-28,292,3327,3619
1111,2019-01-29,302,3511,3813
1111,2019-01-30,237,3050,3287
1111,2019-01-31,243,3720,3963
1111,2019-02-01,295,3792,4087
1111,2019-02-02,150,3091,3241
1111,2019-02-03,59,2786,2845
1111,2019-02-04,291,3670,3961
1111,2019-02-05,292,3765,4057
1111,2019-02-06,317,3676,3993
1111,2019-02-07,323,3707,4030
1111,2019-02-08,316,3873,4189
1111,2019-02-09,148,3136,3284
1111,2019-02-10,60,2837,2897
1111,2019-02-11,368,4578,4946
1111,2019-02-12,332,3676,4008
1111,2019-02-13,336,3695,4031
1111,2019-02-14,321,3965,4286
1111,2019-02-15,333,3813,4146
1111,2019-02-16,158,3355,3513
1111,2019-02-17,62,3196,3258
1111,2019-02-18,327,3239,3566
1111,2019-02-19,330,3520,3850
1111,2019-02-20,368,3498,3866
1111,2019-02-21,320,3609,3929
1111,2019-02-22,276,3612,3888
1111,2019-02-23,162,3214,3376
1111,2019-02-24,77,3425,3502
1111,2019-02-25,309,3472,3781
1111,2019-02-26,331,3997,4328
1111,2019-02-27,336,3881,4217
1111,2019-02-28,363,3790,4153
1111,2019-03-01,323,3770,4093
1111,2019-03-02,167,3070,3237
1111,2019-03-03,127,2462,2589
1111,2019-03-04,251,3383,3634
1111,2019-03-05,321,4425,4746
1111,2019-03-06,330,3622,3952
1111,2019-03-07,350,3926,4276
1111,2019-03-08,353,3938,4291
1111,2019-03-09,164,3138,3302
1111,2019-03-10,64,2395,2459
1111,2019-03-11,324,3606,3930
1111,2019-03-12,362,3764,4126
1111,2019-03-13,370,3631,4001
1111,2019-03-14,352,3861,4213
1111,2019-03-15,300,3905,4205
1111,2019-03-16,148,3220,3368
1111,2019-03-17,69,2622,2691
1111,2019-03-18,339,3618,3957
1111,2019-03-19,348,3891,4239
1111,2019-03-20,340,3931,4271
1111,2019-03-21,324,4072,4396
1111,2019-03-22,352,4259,4611
1111,2019-03-23,168,3667,3835
1111,2019-03-24,80,3300,3380
1111,2019-03-25,338,3614,3952
1111,2019-03-26,322,3823,4145
1111,2019-03-27,369,3979,4348
1111,2019-03-28,389,4147,4536
1111,2019-03-29,360,4376,4736
1111,2019-03-30,172,3907,4079
1111,2019-04-01,341,3647,3988
1111,2019-04-02,352,3758,4110
1111,2019-04-03,334,3644,3978
1111,2019-04-04,325,3767,4092
1111,2019-04-05,339,3796,4135
1111,2019-04-06,161,3482,3643
1111,2019-04-07,68,3423,3491
1111,2019-04-08,329,4068,4397
1111,2019-04-09,320,3605,3925
1111,2019-04-10,309,3536,3845
1111,2019-04-11,303,3755,4058
1111,2019-04-12,317,3775,4092
1111,2019-04-13,168,3309,3477
1111,2019-04-14,65,2934,2999
1111,2019-04-15,281,3489,3770
1111,2019-04-16,332,3835,4167
1111,2019-04-17,349,4002,4351
1111,2019-04-18,325,4303,4628
1111,2019-04-19,288,4898,5186
1111,2019-04-20,184,4325,4509
1111,2019-04-21,79,4723,4802
1111,2019-04-22,107,4026,4133
1111,2019-04-23,341,3981,4322
1111,2019-04-24,334,3959,4293
1111,2019-04-25,312,4009,4321
1111,2019-04-26,346,4420,4766
1111,2019-04-27,191,3573,3764
1111,2019-04-28,72,3161,3233
1111,2019-04-29,287,3776,4063
1111,2019-04-30,349,4244,4593
1111,2019-05-01,86,3873,3959
1111,2019-05-02,345,4165,4510
1111,2019-05-03,392,4397,4789
1111,2019-05-04,185,3332,3517
1111,2019-05-05,75,3099,3174
1111,2019-05-06,371,3401,3772
1111,2019-05-07,388,3691,4079
1111,2019-05-08,335,3873,4208
1111,2019-05-09,118,2822,2940
1111,2019-05-10,296,3942,4238
1111,2019-05-11,140,3220,3360
1111,2019-05-12,96,3495,3591
1111,2019-05-13,309,3704,4013
1111,2019-05-14,374,3980,4354
1111,2019-05-15,369,3887,4256
1111,2019-05-16,368,3974,4342
1111,2019-05-17,339,4029,4368
1111,2019-05-18,177,3564,3741
1111,2019-05-19,82,3428,3510
1111,2019-05-20,324,3496,3820
1111,2019-05-21,330,3726,4056
1111,2019-05-22,338,3696,4034
1111,2019-05-23,340,4176,4516
1111,2019-05-24,341,4076,4417
1111,2019-05-25,192,3595,3787
1111,2019-05-26,96,3557,3653
1111,2019-05-27,318,3428,3746
1111,2019-05-28,317,3538,3855
1111,2019-05-29,359,4190,4549
1111,2019-05-30,113,4068,4181
1111,2019-05-31,282,5563,5845
1111,2019-06-01,202,5248,5450
1111,2019-06-02,138,5002,5140
1111,2019-06-03,368,3872,4240
1111,2019-06-04,391,4051,4442
1111,2019-06-05,394,4148,4542
1111,2019-06-06,402,4269,4671
1111,2019-06-07,385,4332,4717
1111,2019-06-08,206,4394,4600
1111,2019-06-09,79,5023,5102
1111,2019-06-10,150,3835,3985
1111,2019-06-11,411,4544,4955
1111,2019-06-12,386,4315,4701
1111,2019-06-13,417,4384,4801
1111,2019-06-14,352,4610,4962
1111,2019-06-15,198,4328,4526
1111,2019-06-16,92,3751,3843
1111,2019-06-17,393,4018,4411
1111,2019-06-18,370,4341,4711
1111,2019-06-19,393,4353,4746
1111,2019-06-20,372,4623,4995
1111,2019-06-21,400,4743,5143
1111,2019-06-22,192,4223,4415
1111,2019-06-23,122,3761,3883
1111,2019-06-24,386,4017,4403
1111,2019-06-25,395,4241,4636
1111,2019-06-26,430,4233,4663
1111,2019-06-27,369,4451,4820
1111,2019-06-28,394,4518,4912
1111,2019-06-29,169,4344,4513
1111,2019-06-30,114,4393,4507
1111,2019-07-01,407,4004,4411
1111,2019-07-02,385,4355,4740
1111,2019-07-03,355,4497,4852
1111,2019-07-04,391,4694,5085
1111,2019-07-05,402,4646,5048
1111,2019-07-06,210,4211,4421
1111,2019-07-07,96,4165,4261
1111,2019-07-08,360,4082,4442
1111,2019-07-09,385,4380,4765
1111,2019-07-10,375,4624,4999
1111,2019-07-11,323,4040,4363
1111,2019-07-12,319,4265,4584
1111,2019-07-13,165,4124,4289
1111,2019-07-14,97,4219,4316
1111,2019-07-15,389,4283,4672
1111,2019-07-16,372,4510,4882
1111,2019-07-17,392,4645,5037
1111,2019-07-18,368,4706,5074
1111,2019-07-19,363,4630,4993
1111,2019-07-20,175,4347,4522
1111,2019-07-21,118,4951,5069
1111,2019-07-22,292,4534,4826
1111,2019-07-23,373,4740,5113
1111,2019-07-24,437,4757,5194
1111,2019-07-25,306,4564,4870
1111,2019-07-26,291,4350,4641
1111,2019-07-27,154,3597,3751
1111,2019-07-28,91,3572,3663
1111,2019-07-29,230,3965,4195
1111,2019-07-30,240,4235,4475
1111,2019-07-31,251,4417,4668
1111,2019-08-01,253,4454,4707
1111,2019-08-02,255,4160,4415
1111,2019-08-03,168,4571,4739
1111,2019-08-04,112,4555,4667
1111,2019-08-05,263,3945,4208
1111,2019-08-06,247,3785,4032
1111,2019-08-07,212,3809,4021
1111,2019-08-08,245,4180,4425
1111,2019-08-09,238,3742,3980
1111,2019-08-10,163,4205,4368
1111,2019-08-11,119,4388,4507
1111,2019-08-12,218,3370,3588
1111,2019-08-13,243,3780,4023
1111,2019-08-14,202,3955,4157
1111,2019-08-15,112,3409,3521
1111,2019-08-16,241,3836,4077
1111,2019-08-17,158,3147,3305
1111,2019-08-18,97,2982,3079
1111,2019-08-19,279,3703,3982
1111,2019-08-20,314,4073,4387
1111,2019-08-21,313,4263,4576
1111,2019-08-22,321,4332,4653
1111,2019-08-23,328,4453,4781
1111,2019-08-24,140,4313,4453
1111,2019-08-25,96,4356,4452
1111,2019-08-26,288,3950,4238
1111,2019-08-27,382,4353,4735
1111,2019-08-28,353,4328,4681
1111,2019-08-29,303,4300,4603
1111,2019-08-30,300,4434,4734
1111,2019-08-31,152,3893,4045
1111,2019-09-01,78,3663,3741
1111,2019-09-02,295,3890,4185
1111,2019-09-03,307,4018,4325
1111,2019-09-04,310,4100,4410
1111,2019-09-05,314,4171,4485
1111,2019-09-06,341,4215,4556
1111,2019-09-07,147,3442,3589
1111,2019-09-08,80,3201,3281
1111,2019-09-09,333,3776,4109
1111,2019-09-10,341,4076,4417
1111,2019-09-11,316,4150,4466
1111,2019-09-12,317,4361,4678
1111,2019-09-13,323,4260,4583
1111,2019-09-14,192,3990,4182
1111,2019-09-15,89,4168,4257
1111,2019-09-16,320,3970,4290
1111,2019-09-17,372,4169,4541
1111,2019-09-18,316,4283,4599
1111,2019-09-19,320,4370,4690
1111,2019-09-20,361,4387,4748
1111,2019-09-21,167,3959,4126
1111,2019-09-22,98,3697,3795
1111,2019-09-23,362,3867,4229
1111,2019-09-24,306,4034,4340
1111,2019-09-25,328,4041,4369
1111,2019-09-26,329,4224,4553
1111,2019-09-27,337,4387,4724
1111,2019-09-28,165,3676,3841
1111,2019-09-29,70,2942,3012
1111,2019-09-30,311,3726,4037
1111,2019-10-01,322,3870,4192
1111,2019-10-02,280,4049,4329
1111,2019-10-03,324,4639,4963
1111,2019-10-04,296,4180,4476
1111,2019-10-05,135,3672,3807
1111,2019-10-06,85,2862,2947
1111,2019-10-07,346,3712,4058
1111,2019-10-08,308,3925,4233
1111,2019-10-09,313,3879,4192
1111,2019-10-10,293,3990,4283
1111,2019-10-11,335,4138,4473
1111,2019-10-12,203,3526,3729
1111,2019-10-13,133,3777,3910
1111,2019-10-14,342,4018,4360
1111,2019-10-15,347,3847,4194
1111,2019-10-16,316,3912,4228
1111,2019-10-17,406,3967,4373
1111,2019-10-18,374,4064,4438
1111,2019-10-19,118,3218,3336
1111,2019-10-20,44,2587,2631
1111,2019-10-21,308,3716,4024
1111,2019-10-22,350,4101,4451
1111,2019-10-23,299,4068,4367
1111,2019-10-24,351,4373,4724
1111,2019-10-25,322,4235,4557
1111,2019-10-26,145,3548,3693
1111,2019-10-27,63,2885,2948
1111,2019-10-28,291,3624,3915
1111,2019-10-29,301,3837,4138
1111,2019-10-30,258,3929,4187
1111,2019-11-01,71,2562,2633
1111,2019-11-02,115,3123,3238
1111,2019-11-03,50,2634,2684
1111,2019-11-04,281,3619,3900
1111,2019-11-05,304,3693,3997
1111,2019-11-06,262,3480,3742
1111,2019-11-07,279,3901,4180
1111,2019-11-08,318,4227,4545
1111,2019-11-09,137,3386,3523
1111,2019-11-10,66,3012,3078
1111,2019-11-11,278,3655,3933
1111,2019-11-12,262,3701,3963
1111,2019-11-13,303,3750,4053
1111,2019-11-14,290,3808,4098
1111,2019-11-15,307,3810,4117
1111,2019-11-16,138,3133,3271
1111,2019-11-17,56,2501,2557
1111,2019-11-18,283,3296,3579
1111,2019-11-19,293,3468,3761
1111,2019-11-20,318,3250,3568
1111,2019-11-21,301,3391,3692
1111,2019-11-22,326,3372,3698
1111,2019-11-23,120,2765,2885
1111,2019-11-24,55,2545,2600
1111,2019-11-25,261,3086,3347
1111,2019-11-26,265,3308,3573
1111,2019-11-27,272,3235,3507
1111,2019-11-28,274,3475,3749
1111,2019-11-29,302,3559,3861
1111,2019-11-30,124,2873,2997
1111,2019-12-01,57,2119,2176
1111,2019-12-02,283,3210,3493
1111,2019-12-03,264,3373,3637
1111,2019-12-04,293,3282,3575
1111,2019-12-05,324,3453,3777
1111,2019-12-06,296,3387,3683
1111,2019-12-07,132,2773,2905
1111,2019-12-08,55,2277,2332
1111,2019-12-09,261,3157,3418
1111,2019-12-10,315,3251,3566
1111,2019-12-11,301,3234,3535
1111,2019-12-12,274,3385,3659
1111,2019-12-13,289,3540,3829
1111,2019-12-14,121,2975,3096
1111,2019-12-15,54,2580,2634
1111,2019-12-16,284,3064,3348
1111,2019-12-17,327,3437,3764
1111,2019-12-18,284,3391,3675
1111,2019-12-19,276,3454,3730
1111,2019-12-20,223,3533,3756
1111,2019-12-21,120,2765,2885
1111,2019-12-22,52,2218,2270
1111,2019-12-23,173,2898,3071
1111,2019-12-24,125,2571,2696
1111,2019-12-25,44,1836,1880
1111,2019-12-26,51,2007,2058
1111,2019-12-27,139,2727,2866
1111,2019-12-28,111,2713,2824
1111,2019-12-29,67,2409,2476
1111,2019-12-30,162,2842,3004
1111,2019-12-31,145,2534,2679
1113,2019-01-01,10,966,976
1113,2019-01-02,44,1471,1515
1113,2019-01-03,53,1619,1672
1113,2019-01-04,42,1563,1605
1113,2019-01-05,27,1443,1470
1113,2019-01-06,12,1078,1090
1113,2019-01-07,44,1888,1932
1113,2019-01-08,56,2005,2061
1113,2019-01-09,51,2006,2057
1113,2019-01-10,72,2138,2210
1113,2019-01-11,55,2088,2143
1113,2019-01-12,27,1710,1737
1113,2019-01-13,17,1257,1274
1113,2019-01-14,92,1820,1912
1113,2019-01-15,72,1569,1641
1113,2019-01-16,71,1567,1638
1113,2019-01-17,118,1491,1609
1113,2019-01-18,105,1567,1672
1113,2019-01-19,19,1198,1217
1113,2019-01-20,9,1012,1021
1113,2019-01-21,89,1401,1490
1113,2019-01-22,69,1412,1481
1113,2019-01-23,58,1355,1413
1113,2019-01-24,46,1482,1528
1113,2019-01-25,38,1417,1455
1113,2019-01-26,14,1112,1126
1113,2019-01-27,5,882,887
1113,2019-01-28,48,1346,1394
1113,2019-01-29,70,1452,1522
1113,2019-01-30,40,1111,1151
1113,2019-01-31,45,1240,1285
1113,2019-02-01,55,1631,1686
1113,2019-02-02,49,1330,1379
1113,2019-02-03,14,1217,1231
1113,2019-02-04,76,1722,1798
1113,2019-02-05,56,1472,1528
1113,2019-02-06,65,1488,1553
1113,2019-02-07,115,1524,1639
1113,2019-02-08,98,1473,1571
1113,2019-02-09,16,990,1006
1113,2019-02-10,9,849,858
1113,2019-02-11,95,1477,1572
1113,2019-02-12,90,1573,1663
1113,2019-02-13,91,1504,1595
1113,2019-02-14,107,1591,1698
1113,2019-02-15,114,1583,1697
1113,2019-02-16,14,1243,1257
1113,2019-02-17,7,1149,1156
1113,2019-02-18,104,1275,1379
1113,2019-02-19,117,1368,1485
1113,2019-02-20,136,1348,1484
1113,2019-02-21,104,1395,1499
1113,2019-02-22,92,1440,1532
1113,2019-02-23,33,1226,1259
1113,2019-02-24,7,1297,1304
1113,2019-02-25,111,1503,1614
1113,2019-02-26,122,1570,1692
1113,2019-02-27,91,1630,1721
1113,2019-02-28,115,1585,1700
1113,2019-03-01,112,1569,1681
1113,2019-03-02,32,1290,1322
1113,2019-03-03,13,989,1002
1113,2019-03-04,54,1310,1364
1113,2019-03-05,99,1527,1626
1113,2019-03-06,92,1562,1654
1113,2019-03-07,92,1602,1694
1113,2019-03-08,92,1700,1792
1113,2019-03-09,23,1343,1366
1113,2019-03-10,16,807,823
1113,2019-03-11,110,1534,1644
1113,2019-03-12,128,1598,1726
1113,2019-03-13,132,1604,1736
1113,2019-03-14,134,1526,1660
1113,2019-03-15,110,1639,1749
1113,2019-03-16,26,1222,1248
1113,2019-03-17,36,1023,1059
1113,2019-03-18,98,1461,1559
1113,2019-03-19,77,1563,1640
1113,2019-03-20,70,1536,1606
1113,2019-03-21,86,1652,1738
1113,2019-03-22,96,1723,1819
1113,2019-03-23,49,1535,1584
1113,2019-03-24,17,1154,1171
1113,2019-03-25,95,1530,1625
1113,2019-03-26,117,1621,1738
1113,2019-03-27,110,1670,1780
1113,2019-03-28,120,1682,1802
1113,2019-03-29,70,1873,1943
1113,2019-03-30,35,1952,1987
1113,2019-04-01,103,1949,2052
1113,2019-04-02,127,2033,2160
1113,2019-04-03,101,1965,2066
1113,2019-04-04,132,2090,2222
1113,2019-04-05,157,2226,2383
1113,2019-04-06,53,1871,1924
1113,2019-04-07,32,1568,1600
1113,2019-04-08,104,1860,1964
1113,2019-04-09,87,1628,1715
1113,2019-04-10,106,1827,1933
1113,2019-04-11,132,2010,2142
1113,2019-04-12,142,2048,2190
1113,2019-04-13,40,1686,1726
1113,2019-04-14,15,1387,1402
1113,2019-04-15,153,1992,2145
1113,2019-04-16,149,2615,2764
1113,2019-04-17,139,2313,2452
1113,2019-04-18,112,2538,2650
1113,2019-04-19,131,2487,2618
1113,2019-04-20,40,2365,2405
1113,2019-04-21,8,2662,2670
1113,2019-04-22,30,2291,2321
1113,2019-04-23,160,2396,2556
1113,2019-04-24,127,2376,2503
1113,2019-04-25,128,2435,2563
1113,2019-04-26,130,2558,2688
1113,2019-04-27,52,1940,1992
1113,2019-04-28,16,1809,1825
1113,2019-04-29,156,2490,2646
1113,2019-04-30,167,2835,3002
1113,2019-05-01,38,2502,2540
1113,2019-05-02,181,2547,2728
1113,2019-05-03,171,2736,2907
1113,2019-05-04,34,1954,1988
1113,2019-05-05,19,1777,1796
1113,2019-05-06,161,2357,2518
1113,2019-05-07,132,2520,2652
1113,2019-05-08,130,2493,2623
1113,2019-05-09,38,1421,1459
1113,2019-05-10,91,2454,2545
1113,2019-05-11,31,1823,1854
1113,2019-05-12,26,2042,2068
1113,2019-05-13,127,2361,2488
1113,2019-05-14,167,2619,2786
1113,2019-05-15,176,2572,2748
1113,2019-05-16,192,2585,2777
1113,2019-05-17,153,2548,2701
1113,2019-05-18,58,2340,2398
1113,2019-05-19,22,1811,1833
1113,2019-05-20,136,2378,2514
1113,2019-05-21,167,2492,2659
1113,2019-05-22,135,2409,2544
1113,2019-05-23,114,2664,2778
1113,2019-05-24,125,2760,2885
1113,2019-05-25,39,2412,2451
1113,2019-05-26,18,2187,2205
1113,2019-05-27,119,2206,2325
1113,2019-05-28,132,2283,2415
1113,2019-05-29,131,2482,2613
1113,2019-05-30,35,2147,2182
1113,2019-05-31,90,3416,3506
1113,2019-06-01,60,2919,2979
1113,2019-06-02,39,2797,2836
1113,2019-06-03,129,2386,2515
1113,2019-06-04,123,2577,2700
1113,2019-06-05,114,2514,2628
1113,2019-06-06,134,2652,2786
1113,2019-06-07,136,2778,2914
1113,2019-06-08,49,2621,2670
1113,2019-06-09,29,2897,2926
1113,2019-06-10,27,2221,2248
1113,2019-06-11,164,3260,3424
1113,2019-06-12,147,3207,3354
1113,2019-06-13,152,2756,2908
1113,2019-06-14,134,2713,2847
1113,2019-06-15,62,2552,2614
1113,2019-06-16,20,2309,2329
1113,2019-06-17,139,2528,2667
1113,2019-06-18,153,2720,2873
1113,2019-06-19,162,2527,2689
1113,2019-06-20,144,2885,3029
1113,2019-06-21,123,3028,3151
1113,2019-06-22,52,2602,2654
1113,2019-06-23,23,2348,2371
1113,2019-06-24,142,2533,2675
1113,2019-06-25,160,2673,2833
1113,2019-06-26,131,2642,2773
1113,2019-06-27,138,2649,2787
1113,2019-06-28,131,2796,2927
1113,2019-06-29,63,2623,2686
1113,2019-06-30,24,2471,2495
1113,2019-07-01,149,2653,2802
1113,2019-07-02,145,2801,2946
1113,2019-07-03,172,3328,3500
1113,2019-07-04,155,3052,3207
1113,2019-07-05,149,2930,3079
1113,2019-07-06,45,2769,2814
1113,2019-07-07,28,2294,2322
1113,2019-07-08,132,2533,2665
1113,2019-07-09,145,2776,2921
1113,2019-07-10,149,2639,2788
1113,2019-07-11,159,2536,2695
1113,2019-07-12,107,2735,2842
1113,2019-07-13,41,2303,2344
1113,2019-07-14,39,2319,2358
1113,2019-07-15,123,2572,2695
1113,2019-07-16,95,2802,2897
1113,2019-07-17,126,2914,3040
1113,2019-07-18,144,2707,2851
1113,2019-07-19,115,2804,2919
1113,2019-07-20,68,3116,3184
1113,2019-07-21,28,3139,3167
1113,2019-07-22,127,2639,2766
1113,2019-07-23,130,2867,2997
1113,2019-07-24,128,2787,2915
1113,2019-07-25,124,2759,2883
1113,2019-07-26,110,2688,2798
1113,2019-07-27,55,1963,2018
1113,2019-07-28,25,1773,1798
1113,2019-07-29,98,2441,2539
1113,2019-07-30,86,2625,2711
1113,2019-07-31,90,2702,2792
1113,2019-08-01,88,2640,2728
1113,2019-08-02,91,2592,2683
1113,2019-08-03,53,2395,2448
1113,2019-08-04,36,2500,2536
1113,2019-08-05,72,2414,2486
1113,2019-08-06,79,2341,2420
1113,2019-08-07,64,2373,2437
1113,2019-08-08,63,2601,2664
1113,2019-08-09,86,2296,2382
1113,2019-08-10,48,2266,2314
1113,2019-08-11,28,2445,2473
1113,2019-08-12,79,2139,2218
1113,2019-08-13,50,2433,2483
1113,2019-08-14,72,2477,2549
1113,2019-08-15,33,1714,1747
1113,2019-08-16,66,2370,2436
1113,2019-08-17,35,1674,1709
1113,2019-08-18,20,1599,1619
1113,2019-08-19,73,2241,2314
1113,2019-08-20,93,2403,2496
1113,2019-08-21,106,2428,2534
1113,2019-08-22,153,2467,2620
1113,2019-08-23,100,2477,2577
1113,2019-08-24,41,2502,2543
1113,2019-08-25,15,2534,2549
1113,2019-08-26,76,2150,2226
1113,2019-08-27,98,2541,2639
1113,2019-08-28,115,2257,2372
1113,2019-08-29,115,2373,2488
1113,2019-08-30,106,2540,2646
1113,2019-08-31,39,2293,2332
1113,2019-09-01,20,1948,1968
1113,2019-09-02,93,2043,2136
1113,2019-09-03,105,2220,2325
1113,2019-09-04,79,2211,2290
1113,2019-09-05,101,2279,2380
1113,2019-09-06,74,2316,2390
1113,2019-09-07,24,1654,1678
1113,2019-09-08,14,1563,1577
1113,2019-09-09,96,2167,2263
1113,2019-09-10,98,2284,2382
1113,2019-09-11,101,2243,2344
1113,2019-09-12,93,2287,2380
1113,2019-09-13,115,2604,2719
1113,2019-09-14,50,2387,2437
1113,2019-09-15,17,2297,2314
1113,2019-09-16,114,2301,2415
1113,2019-09-17,99,2458,2557
1113,2019-09-18,96,2445,2541
1113,2019-09-19,105,2496,2601
1113,2019-09-20,119,2443,2562
1113,2019-09-21,63,2458,2521
1113,2019-09-22,44,2266,2310
1113,2019-09-23,88,2212,2300
1113,2019-09-24,146,2298,2444
1113,2019-09-25,89,2220,2309
1113,2019-09-26,112,2141,2253
1113,2019-09-27,88,2360,2448
1113,2019-09-28,43,1871,1914
1113,2019-09-29,16,1397,1413
1113,2019-09-30,70,1919,1989
1113,2019-10-01,77,2001,2078
1113,2019-10-02,79,2186,2265
1113,2019-10-03,107,2462,2569
1113,2019-10-04,97,2475,2572
1113,2019-10-05,30,2093,2123
1113,2019-10-06,14,1540,1554
1113,2019-10-07,90,2438,2528
1113,2019-10-08,116,2440,2556
1113,2019-10-09,127,2432,2559
1113,2019-10-10,153,2604,2757
1113,2019-10-11,154,2707,2861
1113,2019-10-12,64,2580,2644
1113,2019-10-13,22,2715,2737
1113,2019-10-14,134,2701,2835
1113,2019-10-15,119,2661,2780
1113,2019-10-16,113,2536,2649
1113,2019-10-17,120,2744,2864
1113,2019-10-18,96,2871,2967
1113,2019-10-19,46,2146,2192
1113,2019-10-20,3,1577,1580
1113,2019-10-21,117,2395,2512
1113,2019-10-22,129,2786,2915
1113,2019-10-23,127,2758,2885
1113,2019-10-24,108,2753,2861
1113,2019-10-25,121,2616,2737
1113,2019-10-26,43,2162,2205
1113,2019-10-27,18,1521,1539
1113,2019-10-28,86,2125,2211
1113,2019-10-29,99,2251,2350
1113,2019-10-30,114,2271,2385
1113,2019-11-01,18,1279,1297
1113,2019-11-02,23,1607,1630
1113,2019-11-03,15,1310,1325
1113,2019-11-04,97,2116,2213
1113,2019-11-05,123,2255,2378
1113,2019-11-06,135,2254,2389
1113,2019-11-07,136,2341,2477
1113,2019-11-08,160,2386,2546
1113,2019-11-09,42,1886,1928
1113,2019-11-10,13,1927,1940
1113,2019-11-11,115,2177,2292
1113,2019-11-12,134,2215,2349
1113,2019-11-13,102,2175,2277
1113,2019-11-14,108,2205,2313
1113,2019-11-15,128,2186,2314
1113,2019-11-16,29,1829,1858
1113,2019-11-17,12,1337,1349
1113,2019-11-18,85,1970,2055
1113,2019-11-19,122,2083,2205
1113,2019-11-20,126,2107,2233
1113,2019-11-21,97,2188,2285
1113,2019-11-22,97,2252,2349
1113,2019-11-23,25,1763,1788
1113,2019-11-24,10,1492,1502
1113,2019-11-25,111,2047,2158
1113,2019-11-26,88,2157,2245
1113,2019-11-27,93,2082,2175
1113,2019-11-28,89,2141,2230
1113,2019-11-29,129,2287,2416
1113,2019-11-30,33,1590,1623
1113,2019-12-01,10,1156,1166
1113,2019-12-02,142,1980,2122
1113,2019-12-03,129,2112,2241
1113,2019-12-04,143,2132,2275
1113,2019-12-05,115,2387,2502
1113,2019-12-06,97,2072,2169
1113,2019-12-07,34,1847,1881
1113,2019-12-08,7,1313,1320
1113,2019-12-09,141,2330,2471
1113,2019-12-10,158,2103,2261
1113,2019-12-11,128,2094,2222
1113,2019-12-12,126,2222,2348
1113,2019-12-13,121,2231,2352
1113,2019-12-14,50,1768,1818
1113,2019-12-15,11,1307,1318
1113,2019-12-16,112,2096,2208
1113,2019-12-17,108,2173,2281
1113,2019-12-18,106,2211,2317
1113,2019-12-19,100,2232,2332
1113,2019-12-20,54,2240,2294
1113,2019-12-21,35,1516,1551
1113,2019-12-22,6,1130,1136
1113,2019-12-23,34,1639,1673
1113,2019-12-24,34,1393,1427
1113,2019-12-25,6,1045,1051
1113,2019-12-26,9,1028,1037
1113,2019-12-27,34,1400,1434
1113,2019-12-28,32,1351,1383
1113,2019-12-29,9,1271,1280
1113,2019-12-30,41,1481,1522
1113,2019-12-31,26,1371,1397
1114,2019-01-01,13,794,807
1114,2019-01-02,72,1792,1864
1114,2019-01-03,78,2085,2163
1114,2019-01-04,93,1986,2079
1114,2019-01-05,47,1341,1388
1114,2019-01-06,15,1125,1140
1114,2019-01-07,95,2465,2560
1114,2019-01-08,101,2685,2786
1114,2019-01-09,110,2612,2722
1114,2019-01-10,123,2667,2790
1114,2019-01-11,105,2561,2666
1114,2019-01-12,57,1513,1570
1114,2019-01-13,12,1172,1184
1114,2019-01-14,120,2628,2748
1114,2019-01-15,110,2632,2742
1114,2019-01-16,134,2638,2772
1114,2019-01-17,138,2632,2770
1114,2019-01-18,157,2612,2769
1114,2019-01-19,78,1554,1632
1114,2019-01-20,21,1256,1277
1114,2019-01-21,128,2409,2537
1114,2019-01-22,162,2563,2725
1114,2019-01-23,110,2523,2633
1114,2019-01-24,115,2548,2663
1114,2019-01-25,122,2638,2760
1114,2019-01-26,52,1449,1501
1114,2019-01-27,18,1133,1151
1114,2019-01-28,92,2452,2544
1114,2019-01-29,151,2592,2743
1114,2019-01-30,84,1964,2048
1114,2019-01-31,91,1949,2040
1114,2019-02-01,105,2441,2546
1114,2019-02-02,64,1494,1558
1114,2019-02-03,19,1215,1234
1114,2019-02-04,108,2563,2671
1114,2019-02-21,177,2453,2630
1114,2019-02-22,138,2409,2547
1114,2019-02-23,85,1664,1749
1114,2019-02-24,16,1627,1643
1114,2019-02-25,127,2595,2722
1114,2019-02-26,192,2797,2989
1114,2019-02-27,170,2689,2859
1114,2019-02-28,165,2612,2777
1114,2019-03-01,143,2688,2831
1114,2019-03-02,64,1565,1629
1114,2019-03-03,20,1195,1215
1114,2019-03-04,130,2329,2459
1114,2019-03-05,119,2545,2664
1114,2019-03-06,133,2746,2879
1114,2019-03-07,154,2682,2836
1114,2019-03-08,118,2742,2860
1114,2019-03-09,71,1657,1728
1114,2019-03-10,27,1110,1137
1114,2019-03-11,136,2579,2715
1114,2019-03-12,153,3142,3295
1114,2019-03-13,144,2748,2892
1114,2019-03-14,130,2736,2866
1114,2019-03-15,136,2841,2977
1114,2019-03-16,70,1706,1776
1114,2019-03-17,35,1422,1457
1114,2019-03-18,132,2705,2837
1114,2019-03-19,151,2977,3128
1114,2019-03-20,164,2948,3112
1114,2019-03-21,149,2919,3068
1114,2019-03-22,152,3030,3182
1114,2019-03-23,87,2001,2088
1114,2019-03-24,20,1568,1588
1114,2019-03-25,191,2777,2968
1114,2019-03-26,196,2952,3148
1114,2019-03-27,168,2811,2979
1114,2019-03-28,170,2927,3097
1114,2019-03-29,185,2997,3182
1114,2019-03-30,110,2223,2333
1114,2019-04-01,154,2894,3048
1114,2019-04-02,147,2904,3051
1114,2019-04-03,120,2884,3004
1114,2019-04-04,159,2947,3106
1114,2019-04-05,182,3006,3188
1114,2019-04-06,78,1817,1895
1114,2019-04-07,20,1731,1751
1114,2019-04-08,185,2473,2658
1114,2019-04-09,153,2654,2807
1114,2019-04-10,157,2700,2857
1114,2019-04-11,131,2807,2938
1114,2019-04-12,169,2759,2928
1114,2019-04-13,110,1645,1755
1114,2019-04-14,17,1387,1404
1114,2019-04-15,162,2699,2861
1114,2019-04-16,138,2755,2893
1114,2019-04-17,139,2905,3044
1114,2019-04-18,209,2923,3132
1114,2019-04-19,178,3040,3218
1114,2019-04-20,86,2120,2206
1114,2019-04-21,24,1956,1980
1114,2019-04-22,26,1918,1944
1114,2019-04-23,148,2875,3023
1114,2019-04-24,128,2648,2776
1114,2019-04-25,122,2844,2966
1114,2019-04-26,128,2901,3029
1114,2019-04-27,91,1916,2007
1114,2019-04-28,21,1573,1594
1114,2019-04-29,153,2918,3071
1114,2019-04-30,155,3127,3282
1114,2019-05-01,99,1844,1943
1114,2019-05-02,201,2844,3045
1114,2019-05-03,186,2971,3157
1114,2019-05-04,77,1782,1859
1114,2019-05-05,28,1496,1524
1114,2019-05-06,252,2907,3159
1114,2019-05-07,222,3248,3470
1114,2019-05-08,202,3095,3297
1114,2019-05-09,94,1620,1714
1114,2019-05-10,138,2852,2990
1114,2019-05-11,59,1764,1823
1114,2019-05-12,20,1684,1704
1114,2019-05-13,198,3159,3357
1114,2019-05-14,172,3305,3477
1114,2019-05-15,211,3203,3414
1114,2019-05-16,206,3227,3433
1114,2019-05-17,171,3083,3254
1114,2019-05-18,106,1997,2103
1114,2019-05-19,22,1766,1788
1114,2019-05-20,152,2894,3046
1114,2019-05-21,171,3038,3209
1114,2019-05-22,166,3069,3235
1114,2019-05-23,202,3109,3311
1114,2019-05-24,158,3069,3227
1114,2019-05-25,75,1892,1967
1114,2019-05-26,21,1624,1645
1114,2019-05-27,123,2727,2850
1114,2019-05-28,124,2863,2987
1114,2019-05-29,147,3020,3167
1114,2019-05-30,13,1657,1670
1114,2019-05-31,125,2548,2673
1114,2019-06-01,87,2138,2225
1114,2019-06-02,36,2136,2172
1114,2019-06-03,176,2870,3046
1114,2019-06-04,161,3107,3268
1114,2019-06-05,188,2958,3146
1114,2019-06-06,160,3121,3281
1114,2019-06-07,161,3215,3376
1114,2019-06-08,58,2177,2235
1114,2019-06-09,27,2071,2098
1114,2019-06-10,62,1612,1674
1114,2019-06-11,159,3024,3183
1114,2019-06-12,161,3154,3315
1114,2019-06-13,164,3148,3312
1114,2019-06-14,151,3214,3365
1114,2019-06-15,66,2176,2242
1114,2019-06-16,33,1948,1981
1114,2019-06-17,147,2930,3077
1114,2019-06-18,222,3078,3300
1114,2019-06-19,194,3013,3207
1114,2019-06-20,140,2890,3030
1114,2019-06-21,145,3153,3298
1114,2019-06-22,69,1949,2018
1114,2019-06-23,30,1913,1943
1114,2019-06-24,163,2736,2899
1114,2019-06-25,170,3034,3204
1114,2019-06-26,161,2873,3034
1114,2019-06-27,183,2987,3170
1114,2019-06-28,162,3132,3294
1114,2019-06-29,96,2188,2284
1114,2019-06-30,34,1810,1844
1114,2019-07-01,153,2902,3055
1114,2019-07-02,164,3199,3363
1114,2019-07-03,166,3077,3243
1114,2019-07-04,197,3221,3418
1114,2019-07-05,216,3164,3380
1114,2019-07-06,62,1735,1797
1114,2019-07-07,20,1762,1782
1114,2019-07-08,164,2988,3152
1114,2019-07-09,183,3040,3223
1114,2019-07-10,191,3113,3304
1114,2019-07-11,194,2880,3074
1114,2019-07-12,138,2902,3040
1114,2019-07-13,65,1942,2007
1114,2019-07-14,23,1946,1969
1114,2019-07-15,141,2687,2828
1114,2019-07-16,149,3196,3345
1114,2019-07-17,168,3287,3455
1114,2019-07-18,167,3030,3197
1114,2019-07-19,135,3004,3139
1114,2019-07-20,95,1960,2055
1114,2019-07-21,64,3098,3162
1114,2019-07-22,147,2791,2938
1114,2019-07-23,171,2942,3113
1114,2019-07-24,166,2814,2980
1114,2019-07-25,156,2772,2928
1114,2019-07-26,167,2722,2889
1114,2019-07-27,73,1676,1749
1114,2019-07-28,24,1574,1598
1114,2019-07-29,107,2586,2693
1114,2019-07-30,131,2624,2755
1114,2019-07-31,166,2736,2902
1114,2019-08-01,136,2765,2901
1114,2019-08-02,150,2639,2789
1114,2019-08-03,83,2062,2145
1114,2019-08-04,38,2088,2126
1114,2019-08-05,141,2350,2491
1114,2019-08-06,135,2472,2607
1114,2019-08-07,142,2518,2660
1114,2019-08-08,117,2578,2695
1114,2019-08-09,162,2482,2644
1114,2019-08-10,62,2343,2405
1114,2019-08-11,21,2050,2071
1114,2019-08-12,140,2590,2730
1114,2019-08-13,113,2536,2649
1114,2019-08-14,123,2744,2867
1114,2019-08-15,48,1670,1718
1114,2019-08-16,156,2349,2505
1114,2019-08-17,78,1689,1767
1114,2019-08-18,30,1539,1569
1114,2019-08-19,116,2601,2717
1114,2019-08-20,137,2786,2923
1114,2019-08-21,128,2883,3011
1114,2019-08-22,135,2922,3057
1114,2019-08-23,168,2817,2985
1114,2019-08-24,69,2052,2121
1114,2019-08-25,29,1945,1974
1114,2019-08-26,138,2524,2662
1114,2019-08-27,151,2660,2811
1114,2019-08-28,146,2573,2719
1114,2019-08-29,147,2773,2920
1114,2019-08-30,131,2713,2844
1114,2019-08-31,77,1895,1972
1114,2019-09-01,19,1652,1671
1114,2019-09-02,151,2527,2678
1114,2019-09-03,172,2756,2928
1114,2019-09-04,153,2744,2897
1114,2019-09-05,196,2637,2833
1114,2019-09-06,140,2798,2938
1114,2019-09-07,98,1852,1950
1114,2019-09-08,26,1324,1350
1114,2019-09-09,156,2560,2716
1114,2019-09-10,191,2864,3055
1114,2019-09-11,131,2720,2851
1114,2019-09-12,141,2847,2988
1114,2019-09-13,204,2829,3033
1114,2019-09-14,101,2141,2242
1114,2019-09-15,24,1962,1986
1114,2019-09-16,154,2824,2978
1114,2019-09-17,160,3017,3177
1114,2019-09-18,132,3101,3233
1114,2019-09-19,148,3062,3210
1114,2019-09-20,188,3151,3339
1114,2019-09-21,162,2328,2490
1114,2019-09-22,43,1721,1764
1114,2019-09-23,130,3050,3180
1114,2019-09-24,148,2898,3046
1114,2019-09-25,144,3043,3187
1114,2019-09-26,167,2971,3138
1114,2019-09-27,157,3082,3239
1114,2019-09-28,93,1883,1976
1114,2019-09-29,23,1398,1421
1114,2019-09-30,146,2708,2854
1114,2019-10-01,172,3092,3264
1114,2019-10-02,160,2968,3128
1114,2019-10-03,190,3020,3210
1114,2019-10-04,126,2911,3037
1114,2019-10-05,70,1972,2042
1114,2019-10-06,25,1541,1566
1114,2019-10-07,147,2680,2827
1114,2019-10-08,134,2816,2950
1114,2019-10-09,134,2880,3014
1114,2019-10-10,144,2766,2910
1114,2019-10-11,160,2903,3063
1114,2019-10-12,88,2097,2185
1114,2019-10-13,99,1863,1962
1114,2019-10-14,188,2915,3103
1114,2019-10-15,142,3002,3144
1114,2019-10-16,134,3130,3264
1114,2019-10-17,162,2937,3099
1114,2019-10-18,166,2984,3150
1114,2019-10-19,68,1786,1854
1114,2019-10-20,22,1460,1482
1114,2019-10-21,151,2804,2955
1114,2019-10-22,155,2905,3060
1114,2019-10-23,196,2657,2853
1114,2019-10-24,194,2725,2919
1114,2019-10-25,161,3013,3174
1114,2019-10-26,93,1986,2079
1114,2019-10-27,19,1326,1345
1114,2019-10-28,144,2742,2886
1114,2019-10-29,203,2734,2937
1114,2019-10-30,167,2884,3051
1114,2019-11-01,18,1238,1256
1114,2019-11-02,59,1709,1768
1114,2019-11-03,33,1172,1205
1114,2019-11-04,116,2788,2904
1114,2019-11-05,153,2832,2985
1114,2019-11-06,116,2952,3068
1114,2019-11-07,138,2864,3002
1114,2019-11-08,135,2902,3037
1114,2019-11-09,94,1802,1896
1114,2019-11-10,21,1456,1477
1114,2019-11-11,144,2694,2838
1114,2019-11-12,113,2788,2901
1114,2019-11-13,121,2715,2836
1114,2019-11-14,130,2830,2960
1114,2019-11-15,147,2939,3086
1114,2019-11-16,58,1820,1878
1114,2019-11-17,30,1267,1297
1114,2019-11-18,118,2581,2699
1114,2019-11-19,135,2913,3048
1114,2019-11-20,123,2858,2981
1114,2019-11-21,142,2827,2969
1114,2019-11-22,143,2918,3061
1114,2019-11-23,65,1692,1757
1114,2019-11-24,21,1387,1408
1114,2019-11-25,124,2676,2800
1114,2019-11-26,126,2863,2989
1114,2019-11-27,116,2698,2814
1114,2019-11-28,122,2925,3047
1114,2019-11-29,152,2861,3013
1114,2019-11-30,75,1697,1772
1114,2019-12-01,17,1133,1150
1114,2019-12-02,130,2747,2877
1114,2019-12-03,149,2963,3112
1114,2019-12-04,132,2802,2934
1114,2019-12-05,125,2726,2851
1114,2019-12-06,117,2718,2835
1114,2019-12-07,66,1784,1850
1114,2019-12-08,30,1304,1334
1114,2019-12-09,119,2722,2841
1114,2019-12-10,128,2703,2831
1114,2019-12-11,137,2819,2956
1114,2019-12-12,155,2945,3100
1114,2019-12-13,131,3090,3221
1114,2019-12-14,78,1918,1996
1114,2019-12-15,24,1682,1706
1114,2019-12-16,106,2716,2822
1114,2019-12-17,131,3097,3228
1114,2019-12-18,127,2748,2875
1114,2019-12-19,139,2908,3047
1114,2019-12-20,112,2759,2871
1114,2019-12-21,65,1525,1590
1114,2019-12-22,19,1107,1126
1114,2019-12-23,77,2007,2084
1114,2019-12-24,76,1581,1657
1114,2019-12-25,28,1089,1117
1114,2019-12-26,20,1022,1042
1114,2019-12-27,81,1603,1684
1114,2019-12-28,61,1440,1501
1114,2019-12-29,21,1132,1153
1114,2019-12-30,78,1656,1734
1114,2019-12-31,69,1409,1478
1117,2019-01-01,54,5755,5809
1117,2019-01-02,477,11015,11492
1117,2019-01-03,532,11185,11717
1117,2019-01-04,557,11923,12480
1117,2019-01-05,340,9624,9964
1117,2019-01-06,90,8245,8335
1117,2019-01-07,556,12638,13194
1117,2019-01-08,649,13306,13955
1117,2019-01-09,640,13261,13901
1117,2019-01-10,685,13902,14587
1117,2019-01-11,718,14065,14783
1117,2019-01-12,336,10494,10830
1117,2019-01-13,83,7935,8018
1117,2019-01-14,773,13454,14227
1117,2019-01-15,893,13676,14569
1117,2019-01-16,884,14044,14928
1117,2019-01-17,795,14013,14808
1117,2019-01-18,837,14119,14956
1117,2019-01-19,361,11094,11455
1117,2019-01-20,112,9760,9872
1117,2019-01-21,804,13345,14149
1117,2019-01-22,821,13445,14266
1117,2019-01-23,828,13256,14084
1117,2019-01-24,815,13810,14625
1117,2019-01-25,807,13969,14776
1117,2019-01-26,341,10839,11180
1117,2019-01-27,78,8630,8708
1117,2019-01-28,725,13119,13844
1117,2019-01-29,782,13902,14684
1117,2019-01-30,635,11770,12405
1117,2019-02-01,670,13978,14648
1117,2019-02-02,345,11065,11410
1117,2019-02-03,102,9297,9399
1117,2019-02-04,751,13728,14479
1117,2019-02-05,775,14082,14857
1117,2019-02-06,766,14028,14794
1117,2019-02-07,726,14181,14907
1117,2019-02-08,805,14501,15306
1117,2019-02-09,330,11094,11424
1117,2019-02-10,60,8254,8314
1117,2019-02-11,773,13766,14539
1117,2019-02-12,871,14426,15297
1117,2019-02-13,835,14424,15259
1117,2019-02-14,828,14785,15613
1117,2019-02-15,844,14739,15583
1117,2019-02-16,341,11988,12329
1117,2019-02-17,101,10829,10930
1117,2019-02-18,768,12685,13453
1117,2019-02-19,839,12859,13698
1117,2019-02-20,882,12951,13833
1117,2019-02-21,867,12974,13841
1117,2019-02-22,825,13238,14063
1117,2019-02-23,366,11053,11419
1117,2019-02-24,80,11167,11247
1117,2019-02-25,816,13488,14304
1117,2019-02-26,847,14597,15444
1117,2019-02-27,887,14567,15454
1117,2019-02-28,876,14109,14985
1117,2019-03-01,882,14445,15327
1117,2019-03-02,332,11201,11533
1117,2019-03-03,105,8595,8700
1117,2019-03-04,533,12391,12924
1117,2019-03-05,794,13647,14441
1117,2019-03-06,915,13877,14792
1117,2019-03-07,863,14613,15476
1117,2019-03-08,830,14929,15759
1117,2019-03-09,365,11382,11747
1117,2019-03-10,109,8660,8769
1117,2019-03-11,874,13763,14637
1117,2019-03-12,990,15178,16168
1117,2019-03-13,838,14180,15018
1117,2019-03-14,779,14565,15344
1117,2019-03-15,783,14757,15540
1117,2019-03-16,294,11741,12035
1117,2019-03-17,107,9164,9271
1117,2019-03-18,838,13590,14428
1117,2019-03-19,842,14586,15428
1117,2019-03-20,883,14543,15426
1117,2019-03-21,788,15110,15898
1117,2019-03-22,861,15612,16473
1117,2019-03-23,419,12767,13186
1117,2019-03-24,99,11175,11274
1117,2019-03-25,846,13775,14621
1117,2019-03-26,906,14552,15458
1117,2019-03-27,864,14720,15584
1117,2019-03-28,852,15140,15992
1117,2019-03-29,901,15789,16690
1117,2019-03-30,415,13405,13820
1117,2019-04-01,822,14070,14892
1117,2019-04-02,929,14728,15657
1117,2019-04-03,841,14389,15230
1117,2019-04-04,853,14743,15596
1117,2019-04-05,1022,15268,16290
1117,2019-04-06,434,12111,12545
1117,2019-04-07,136,11085,11221
1117,2019-04-08,861,14358,15219
1117,2019-04-09,849,14174,15023
1117,2019-04-10,926,14212,15138
1117,2019-04-11,912,14511,15423
1117,2019-04-12,840,14635,15475
1117,2019-04-13,385,11170,11555
1117,2019-04-14,124,9503,9627
1117,2019-04-15,794,13591,14385
1117,2019-04-16,868,14385,15253
1117,2019-04-17,867,14949,15816
1117,2019-04-18,850,15617,16467
1117,2019-04-19,554,17862,18416
1117,2019-04-20,386,14049,14435
1117,2019-04-21,104,12994,13098
1117,2019-04-22,141,12284,12425
1117,2019-04-23,812,15351,16163
1117,2019-04-24,928,14795,15723
1117,2019-04-25,891,15125,16016
1117,2019-04-26,954,15566,16520
1117,2019-04-27,479,12576,13055
1117,2019-04-28,146,10305,10451
1117,2019-04-29,860,14674,15534
1117,2019-04-30,919,16332,17251
1117,2019-05-01,183,11759,11942
1117,2019-05-02,908,15233,16141
1117,2019-05-03,910,15868,16778
1117,2019-05-04,463,11965,12428
1117,2019-05-05,154,10480,10634
1117,2019-05-06,855,13581,14436
1117,2019-05-07,799,13885,14684
1117,2019-05-08,867,15293,16160
1117,2019-05-09,338,8715,9053
1117,2019-05-10,704,13567,14271
1117,2019-05-11,360,11633,11993
1117,2019-05-12,136,11394,11530
1117,2019-05-13,801,13427,14228
1117,2019-05-14,897,14840,15737
1117,2019-05-15,927,14765,15692
1117,2019-05-16,1017,15123,16140
1117,2019-05-17,953,15639,16592
1117,2019-05-18,426,12267,12693
1117,2019-05-19,132,10885,11017
1117,2019-05-20,830,14003,14833
1117,2019-05-21,907,14432,15339
1117,2019-05-22,938,14762,15700
1117,2019-05-23,889,15515,16404
1117,2019-05-24,1038,15838,16876
1117,2019-05-25,430,12488,12918
1117,2019-05-26,144,11532,11676
1117,2019-05-27,854,13414,14268
1117,2019-05-28,894,14313,15207
1117,2019-05-29,908,15830,16738
1117,2019-05-30,176,10872,11048
1117,2019-05-31,629,15963,16592
1117,2019-06-01,413,14484,14897
1117,2019-06-02,205,13580,13785
1117,2019-06-03,876,14498,15374
1117,2019-06-04,806,14572,15378
1117,2019-06-05,924,15183,16107
1117,2019-06-06,880,14939,15819
1117,2019-06-07,867,15096,15963
1117,2019-06-08,418,13629,14047
1117,2019-06-09,124,12580,12704
1117,2019-06-10,176,10582,10758
1117,2019-06-11,837,13861,14698
1117,2019-06-12,884,15047,15931
1117,2019-06-13,948,14668,15616
1117,2019-06-14,853,15531,16384
1117,2019-06-15,474,13102,13576
1117,2019-06-16,184,12150,12334
1117,2019-06-17,865,14370,15235
1117,2019-06-18,917,15126,16043
1117,2019-06-19,941,14486,15427
1117,2019-06-20,559,16691,17250
1117,2019-06-21,976,15350,16326
1117,2019-06-22,410,12509,12919
1117,2019-06-23,134,10964,11098
1117,2019-06-24,874,13923,14797
1117,2019-06-25,890,14564,15454
1117,2019-06-26,847,14291,15138
1117,2019-06-27,928,15012,15940
1117,2019-06-28,922,15606,16528
1117,2019-06-29,378,13536,13914
1117,2019-06-30,146,11221,11367
1117,2019-07-01,810,14404,15214
1117,2019-07-02,899,14818,15717
1117,2019-07-03,947,14976,15923
1117,2019-07-04,869,15213,16082
1117,2019-07-05,934,15269,16203
1117,2019-07-06,431,13174,13605
1117,2019-07-07,127,11287,11414
1117,2019-07-08,820,14320,15140
1117,2019-07-09,920,15136,16056
1117,2019-07-10,853,15003,15856
1117,2019-07-11,863,14988,15851
1117,2019-07-12,891,15120,16011
1117,2019-07-13,401,12248,12649
1117,2019-07-14,138,11486,11624
1117,2019-07-15,862,14048,14910
1117,2019-07-16,679,11386,12065
1117,2019-07-17,756,13042,13798
1117,2019-07-18,851,14171,15022
1117,2019-07-19,855,14452,15307
1117,2019-07-20,355,12327,12682
1117,2019-07-21,145,12310,12455
1117,2019-07-22,805,14035,14840
1117,2019-07-23,897,14205,15102
1117,2019-07-24,880,14272,15152
1117,2019-07-25,791,14067,14858
1117,2019-07-26,804,14287,15091
1117,2019-07-27,376,11187,11563
1117,2019-07-28,209,9905,10114
1117,2019-07-29,760,13238,13998
1117,2019-07-30,774,13505,14279
1117,2019-07-31,749,13743,14492
1117,2019-08-01,738,13415,14153
1117,2019-08-02,732,13522,14254
1117,2019-08-03,397,12080,12477
1117,2019-08-04,176,11815,11991
1117,2019-08-05,691,12436,13127
1117,2019-08-06,735,12599,13334
1117,2019-08-07,620,12689,13309
1117,2019-08-08,634,13291,13925
1117,2019-08-09,670,14097,14767
1117,2019-08-10,370,13666,14036
1117,2019-08-11,171,12390,12561
1117,2019-08-12,580,12436,13016
1117,2019-08-13,652,12787,13439
1117,2019-08-14,630,13502,14132
1117,2019-08-15,182,8703,8885
1117,2019-08-16,633,12822,13455
1117,2019-08-17,271,9694,9965
1117,2019-08-18,131,8529,8660
1117,2019-08-19,657,12869,13526
1117,2019-08-20,750,13753,14503
1117,2019-08-21,604,13262,13866
1117,2019-08-22,731,13770,14501
1117,2019-08-23,707,14164,14871
1117,2019-08-24,345,11741,12086
1117,2019-08-25,145,11669,11814
1117,2019-08-26,691,13288,13979
1117,2019-08-27,801,14124,14925
1117,2019-08-28,877,14107,14984
1117,2019-08-29,827,14146,14973
1117,2019-08-30,791,14532,15323
1117,2019-08-31,372,12063,12435
1117,2019-09-01,144,12051,12195
1117,2019-09-02,755,13104,13859
1117,2019-09-03,831,13712,14543
1117,2019-09-04,842,13786,14628
1117,2019-09-05,853,13850,14703
1117,2019-09-06,830,14051,14881
1117,2019-09-07,333,10711,11044
1117,2019-09-08,113,9995,10108
1117,2019-09-09,760,13252,14012
1117,2019-09-10,818,14220,15038
1117,2019-09-11,833,14240,15073
1117,2019-09-12,801,14513,15314
1117,2019-09-13,787,14644,15431
1117,2019-09-14,418,13052,13470
1117,2019-09-15,128,11704,11832
1117,2019-09-16,796,14058,14854
1117,2019-09-17,861,14900,15761
1117,2019-09-18,854,14808,15662
1117,2019-09-19,955,14616,15571
1117,2019-09-20,841,14793,15634
1117,2019-09-21,399,13143,13542
1117,2019-09-22,145,11086,11231
1117,2019-09-23,758,13764,14522
1117,2019-09-24,933,14655,15588
1117,2019-09-25,840,14448,15288
1117,2019-09-26,853,14415,15268
1117,2019-09-27,820,14750,15570
1117,2019-09-28,345,11509,11854
1117,2019-09-29,85,8789,8874
1117,2019-09-30,822,13573,14395
1117,2019-10-01,897,14388,15285
1117,2019-10-02,802,14268,15070
1117,2019-10-03,581,16452,17033
1117,2019-10-04,763,14741,15504
1117,2019-10-05,407,12379,12786
1117,2019-10-06,82,8981,9063
1117,2019-10-07,764,13556,14320
1117,2019-10-08,724,14225,14949
1117,2019-10-09,759,14209,14968
1117,2019-10-10,764,14163,14927
1117,2019-10-11,834,14785,15619
1117,2019-10-12,373,12163,12536
1117,2019-10-13,85,11310,11395
1117,2019-10-14,771,14009,14780
1117,2019-10-15,772,14387,15159
1117,2019-10-16,855,14575,15430
1117,2019-10-17,775,14361,15136
1117,2019-10-18,828,14780,15608
1117,2019-10-19,338,11463,11801
1117,2019-10-20,60,8706,8766
1117,2019-10-21,764,13792,14556
1117,2019-10-22,936,14756,15692
1117,2019-10-23,822,14355,15177
1117,2019-10-24,864,15096,15960
1117,2019-10-25,839,14864,15703
1117,2019-10-26,387,11976,12363
1117,2019-10-27,95,8848,8943
1117,2019-10-28,599,12289,12888
1117,2019-10-29,793,13954,14747
1117,2019-10-30,786,13998,14784
1117,2019-11-01,112,8565,8677
1117,2019-11-02,335,10628,10963
1117,2019-11-03,69,8567,8636
1117,2019-11-04,735,13553,14288
1117,2019-11-05,820,14271,15091
1117,2019-11-06,866,14222,15088
1117,2019-11-07,736,14370,15106
1117,2019-11-08,835,14894,15729
1117,2019-11-09,371,11423,11794
1117,2019-11-10,84,9695,9779
1117,2019-11-11,809,13426,14235
1117,2019-11-12,759,13931,14690
1117,2019-11-13,773,13884,14657
1117,2019-11-14,782,13918,14700
1117,2019-11-15,812,14147,14959
1117,2019-11-16,380,11604,11984
1117,2019-11-17,78,8892,8970
1117,2019-11-18,723,12877,13600
1117,2019-11-19,874,13695,14569
1117,2019-11-20,865,13405,14270
1117,2019-11-21,760,13744,14504
1117,2019-11-22,778,14211,14989
1117,2019-11-23,369,10598,10967
1117,2019-11-24,86,9460,9546
1117,2019-11-25,710,13003,13713
1117,2019-11-26,781,13850,14631
1117,2019-11-27,735,13792,14527
1117,2019-11-28,793,13705,14498
1117,2019-11-29,750,14434,15184
1117,2019-11-30,382,10829,11211
1117,2019-12-02,745,13112,13857
1117,2019-12-03,854,13775,14629
1117,2019-12-04,801,13873,14674
1117,2019-12-05,828,13934,14762
1117,2019-12-06,827,13718,14545
1117,2019-12-07,346,10473,10819
1117,2019-12-08,77,8237,8314
1117,2019-12-09,665,13107,13772
1117,2019-12-10,830,13979,14809
1117,2019-12-11,774,13746,14520
1117,2019-12-12,884,14131,15015
1117,2019-12-13,784,14304,15088
1117,2019-12-14,347,11371,11718
1117,2019-12-15,86,9746,9832
1117,2019-12-16,793,13207,14000
1117,2019-12-17,836,14410,15246
1117,2019-12-18,863,14112,14975
1117,2019-12-19,778,14618,15396
1117,2019-12-20,628,14349,14977
1117,2019-12-21,312,10609,10921
1117,2019-12-22,80,8547,8627
1117,2019-12-23,476,13073,13549
1117,2019-12-24,304,10382,10686
1117,2019-12-25,57,5693,5750
1117,2019-12-26,76,6969,7045
1117,2019-12-27,387,10454,10841
1117,2019-12-28,287,9592,9879
1117,2019-12-29,93,8734,8827
1117,2019-12-30,472,11266,11738
1117,2019-12-31,341,9968,10309
1119,2019-01-01,35,1444,1479
1119,2019-01-02,127,2833,2960
1119,2019-01-03,129,2829,2958
1119,2019-01-04,159,2951,3110
1119,2019-01-05,87,2487,2574
1119,2019-01-06,44,2015,2059
1119,2019-01-07,170,3191,3361
1119,2019-01-08,180,3422,3602
1119,2019-01-09,179,3414,3593
1119,2019-01-10,194,3524,3718
1119,2019-01-11,198,3465,3663
1119,2019-01-12,67,2795,2862
1119,2019-01-13,39,1993,2032
1119,2019-01-14,236,3353,3589
1119,2019-01-15,225,3523,3748
1119,2019-01-16,233,3592,3825
1119,2019-01-17,199,3488,3687
1119,2019-01-18,202,3635,3837
1119,2019-01-19,74,2886,2960
1119,2019-01-20,37,2252,2289
1119,2019-01-21,231,3293,3524
1119,2019-01-22,358,3366,3724
1119,2019-01-23,240,3314,3554
1119,2019-01-24,244,3395,3639
1119,2019-01-25,308,3416,3724
1119,2019-01-26,77,2639,2716
1119,2019-01-27,41,1952,1993
1119,2019-01-28,217,3269,3486
1119,2019-01-29,237,3545,3782
1119,2019-01-30,199,3170,3369
1119,2019-01-31,183,3302,3485
1119,2019-02-01,169,3398,3567
1119,2019-02-02,74,2886,2960
1119,2019-02-03,48,2222,2270
1119,2019-02-04,192,3270,3462
1119,2019-02-05,187,3447,3634
1119,2019-02-06,240,3391,3631
1119,2019-02-07,213,3452,3665
1119,2019-02-08,256,3523,3779
1119,2019-02-09,96,3067,3163
1119,2019-02-10,44,2107,2151
1119,2019-02-11,263,3486,3749
1119,2019-02-12,229,3486,3715
1119,2019-02-13,206,3702,3908
1119,2019-02-14,226,3850,4076
1119,2019-02-15,249,3746,3995
1119,2019-02-16,72,2969,3041
1119,2019-02-17,43,2640,2683
1119,2019-02-18,248,2962,3210
1119,2019-02-19,222,3149,3371
1119,2019-02-20,248,3241,3489
1119,2019-02-21,248,3315,3563
1119,2019-02-22,226,3320,3546
1119,2019-02-23,76,3005,3081
1119,2019-02-24,44,3032,3076
1119,2019-02-25,243,3387,3630
1119,2019-02-26,276,3630,3906
1119,2019-02-27,280,3693,3973
1119,2019-02-28,291,3558,3849
1119,2019-03-01,307,3643,3950
1119,2019-03-02,112,2974,3086
1119,2019-03-03,49,2170,2219
1119,2019-03-04,163,3086,3249
1119,2019-03-05,218,3359,3577
1119,2019-03-06,200,3412,3612
1119,2019-03-07,237,3708,3945
1119,2019-03-08,235,3869,4104
1119,2019-03-09,80,3097,3177
1119,2019-03-10,42,2207,2249
1119,2019-03-11,273,3317,3590
1119,2019-03-12,277,3861,4138
1119,2019-03-13,262,3461,3723
1119,2019-03-14,243,3567,3810
1119,2019-03-15,243,3538,3781
1119,2019-03-16,70,2922,2992
1119,2019-03-17,40,2307,2347
1119,2019-03-18,231,3334,3565
1119,2019-03-19,264,3565,3829
1119,2019-03-20,272,3596,3868
1119,2019-03-21,275,3802,4077
1119,2019-03-22,271,3769,4040
1119,2019-03-23,96,3323,3419
1119,2019-03-24,46,2654,2700
1119,2019-03-25,268,3310,3578
1119,2019-03-26,326,3527,3853
1119,2019-03-27,300,3457,3757
1119,2019-03-28,254,3820,4074
1119,2019-03-29,245,3854,4099
1119,2019-03-30,101,3529,3630
1119,2019-04-01,249,3611,3860
1119,2019-04-02,269,3546,3815
1119,2019-04-03,222,3505,3727
1119,2019-04-04,234,3653,3887
1119,2019-04-05,290,3741,4031
1119,2019-04-06,108,3258,3366
1119,2019-04-07,55,3073,3128
1119,2019-04-08,182,3293,3475
1119,2019-04-09,193,3450,3643
1119,2019-04-10,217,3342,3559
1119,2019-04-11,211,3540,3751
1119,2019-04-12,260,3547,3807
1119,2019-04-13,75,3046,3121
1119,2019-04-14,41,2396,2437
1119,2019-04-15,231,3262,3493
1119,2019-04-16,207,3411,3618
1119,2019-04-17,227,3510,3737
1119,2019-04-18,227,3838,4065
1119,2019-04-19,180,4274,4454
1119,2019-04-20,89,3941,4030
1119,2019-04-21,38,3620,3658
1119,2019-04-22,64,3271,3335
1119,2019-04-23,270,3639,3909
1119,2019-04-24,246,3698,3944
1119,2019-04-25,236,3647,3883
1119,2019-04-26,256,3733,3989
1119,2019-04-27,91,3194,3285
1119,2019-04-28,51,2468,2519
1119,2019-04-29,218,3568,3786
1119,2019-04-30,267,4012,4279
1119,2019-05-01,94,3420,3514
1119,2019-05-02,329,3899,4228
1119,2019-05-03,329,3781,4110
1119,2019-05-04,84,3186,3270
1119,2019-05-05,52,2655,2707
1119,2019-05-06,260,3579,3839
1119,2019-05-07,282,3650,3932
1119,2019-05-08,257,3801,4058
1119,2019-05-09,61,2403,2464
1119,2019-05-10,227,3884,4111
1119,2019-05-11,46,2714,2760
1119,2019-05-12,55,2995,3050
1119,2019-05-13,222,3566,3788
1119,2019-05-14,249,3820,4069
1119,2019-05-15,244,3787,4031
1119,2019-05-16,201,3932,4133
1119,2019-05-17,250,3875,4125
1119,2019-05-18,65,3438,3503
1119,2019-05-19,38,2922,2960
1119,2019-05-20,130,3549,3679
1119,2019-05-21,167,2924,3091
1119,2019-05-22,136,3545,3681
1119,2019-05-23,142,3955,4097
1119,2019-05-24,162,3944,4106
1119,2019-05-25,55,3185,3240
1119,2019-05-26,39,2975,3014
1119,2019-05-27,146,3146,3292
1119,2019-05-28,147,3152,3299
1119,2019-05-29,149,3614,3763
1119,2019-05-30,39,2413,2452
1119,2019-05-31,103,3690,3793
1119,2019-06-01,63,3278,3341
1119,2019-06-02,29,3403,3432
1119,2019-06-03,153,3349,3502
1119,2019-06-04,170,3766,3936
1119,2019-06-05,76,2746,2822
1119,2019-06-06,159,3836,3995
1119,2019-06-07,184,3886,4070
1119,2019-06-08,68,3475,3543
1119,2019-06-09,31,3372,3403
1119,2019-06-10,50,2504,2554
1119,2019-06-11,113,3067,3180
1119,2019-06-12,137,2794,2931
1119,2019-06-13,157,3162,3319
1119,2019-06-14,163,3308,3471
1119,2019-06-15,49,2574,2623
1119,2019-06-16,27,2610,2637
1119,2019-06-17,130,2988,3118
1119,2019-06-18,188,3104,3292
1119,2019-06-19,157,3292,3449
1119,2019-06-20,36,2006,2042
1119,2019-06-21,143,3685,3828
1119,2019-06-22,70,3241,3311
1119,2019-06-23,48,3101,3149
1119,2019-06-24,186,3560,3746
1119,2019-06-25,164,3550,3714
1119,2019-06-26,144,3110,3254
1119,2019-06-27,133,3349,3482
1119,2019-06-28,169,3849,4018
1119,2019-06-29,43,3302,3345
1119,2019-06-30,30,2736,2766
1119,2019-07-01,149,3322,3471
1119,2019-07-02,189,3610,3799
1119,2019-07-03,171,3565,3736
1119,2019-07-04,148,3776,3924
1119,2019-07-05,116,3126,3242
1119,2019-07-06,20,2632,2652
1119,2019-07-07,6,2286,2292
1119,2019-07-08,141,3647,3788
1119,2019-07-09,156,3567,3723
1119,2019-07-10,171,3731,3902
1119,2019-07-11,98,1386,1484
1119,2019-07-12,146,3316,3462
1119,2019-07-13,42,3327,3369
1119,2019-07-14,31,3157,3188
1119,2019-07-15,175,3592,3767
1119,2019-07-16,158,3425,3583
1119,2019-07-17,184,3615,3799
1119,2019-07-18,190,3643,3833
1119,2019-07-19,150,3453,3603
1119,2019-07-20,54,3368,3422
1119,2019-07-21,25,2872,2897
1119,2019-07-22,141,3436,3577
1119,2019-07-23,163,3579,3742
1119,2019-07-24,165,3446,3611
1119,2019-07-25,138,3336,3474
1119,2019-07-26,136,3389,3525
1119,2019-07-28,4,1678,1682
1119,2019-07-29,116,3056,3172
1119,2019-07-30,95,3260,3355
1119,2019-07-31,108,3327,3435
1119,2019-08-01,122,3428,3550
1119,2019-08-02,128,3504,3632
1119,2019-08-03,58,3746,3804
1119,2019-08-04,14,3018,3032
1119,2019-08-05,109,2953,3062
1119,2019-08-06,124,2837,2961
1119,2019-08-07,77,3058,3135
1119,2019-08-08,105,3344,3449
1119,2019-08-09,64,2374,2438
1119,2019-08-10,52,3121,3173
1119,2019-08-11,33,3009,3042
1119,2019-08-12,76,2040,2116
1119,2019-08-13,124,3115,3239
1119,2019-08-14,110,3397,3507
1119,2019-08-15,51,2125,2176
1119,2019-08-16,93,3195,3288
1119,2019-08-17,56,2143,2199
1119,2019-08-18,35,2504,2539
1119,2019-08-19,112,2817,2929
1119,2019-08-20,98,2382,2480
1119,2019-08-21,109,3167,3276
1119,2019-08-22,135,3124,3259
1119,2019-08-23,131,3270,3401
1119,2019-08-24,58,3218,3276
1119,2019-08-25,47,3019,3066
1119,2019-08-26,124,2904,3028
1119,2019-08-27,138,2958,3096
1119,2019-08-28,145,3151,3296
1119,2019-08-29,122,3111,3233
1119,2019-08-30,137,3356,3493
1119,2019-08-31,40,3052,3092
1119,2019-09-01,32,2635,2667
1119,2019-09-02,126,3061,3187
1119,2019-09-03,126,3094,3220
1119,2019-09-04,139,3098,3237
1119,2019-09-05,130,3235,3365
1119,2019-09-06,164,3276,3440
1119,2019-09-07,38,2711,2749
1119,2019-09-09,134,3173,3307
1119,2019-09-10,155,3286,3441
1119,2019-09-11,173,3422,3595
1119,2019-09-12,144,3452,3596
1119,2019-09-13,145,3512,3657
1119,2019-09-14,128,3119,3247
1119,2019-09-15,31,3051,3082
1119,2019-09-16,191,3387,3578
1119,2019-09-17,179,3568,3747
1119,2019-09-18,162,3612,3774
1119,2019-09-19,170,3573,3743
1119,2019-09-20,177,3698,3875
1119,2019-09-21,87,3481,3568
1119,2019-09-22,49,2898,2947
1119,2019-09-23,208,3203,3411
1119,2019-09-24,178,3280,3458
1119,2019-09-25,208,3245,3453
1119,2019-09-26,197,3426,3623
1119,2019-09-27,187,3481,3668
1119,2019-09-28,77,3023,3100
1119,2019-09-29,82,2325,2407
1119,2019-09-30,185,3178,3363
1119,2019-10-01,197,3250,3447
1119,2019-10-02,201,3328,3529
1119,2019-10-03,296,3691,3987
1119,2019-10-04,189,3438,3627
1119,2019-10-05,99,2955,3054
1119,2019-10-06,48,2507,2555
1119,2019-10-07,227,2979,3206
1119,2019-10-08,201,3138,3339
1119,2019-10-09,243,3130,3373
1119,2019-10-10,222,3477,3699
1119,2019-10-11,272,3337,3609
1119,2019-10-12,103,3246,3349
1119,2019-10-13,58,3008,3066
1119,2019-10-14,261,3326,3587
1119,2019-10-15,284,3290,3574
1119,2019-10-16,266,3293,3559
1119,2019-10-17,253,3412,3665
1119,2019-10-18,239,3395,3634
1119,2019-10-19,85,2891,2976
1119,2019-10-20,41,2157,2198
1119,2019-10-21,250,2980,3230
1119,2019-10-22,268,3331,3599
1119,2019-10-23,282,3196,3478
1119,2019-10-24,268,3513,3781
1119,2019-10-25,282,3348,3630
1119,2019-10-26,96,3158,3254
1119,2019-10-27,57,2343,2400
1119,2019-10-28,218,2866,3084
1119,2019-10-29,230,2938,3168
1119,2019-10-30,235,3219,3454
1119,2019-11-01,52,2042,2094
1119,2019-11-02,78,2723,2801
1119,2019-11-03,52,2233,2285
1119,2019-11-04,232,3025,3257
1119,2019-11-05,256,3140,3396
1119,2019-11-06,269,3240,3509
1119,2019-11-07,253,3197,3450
1119,2019-11-08,266,3444,3710
1119,2019-11-09,78,2997,3075
1119,2019-11-10,49,2327,2376
1119,2019-11-11,243,2931,3174
1119,2019-11-12,237,3080,3317
1119,2019-11-13,216,3020,3236
1119,2019-11-14,265,3251,3516
1119,2019-11-15,255,3184,3439
1119,2019-11-16,88,2995,3083
1119,2019-11-17,45,2142,2187
1119,2019-11-18,190,2920,3110
1119,2019-11-19,254,3041,3295
1119,2019-11-20,336,3089,3425
1119,2019-11-21,246,3145,3391
1119,2019-11-22,251,3243,3494
1119,2019-11-23,108,2778,2886
1119,2019-11-24,65,2438,2503
1119,2019-11-25,255,3011,3266
1119,2019-11-26,216,3145,3361
1119,2019-11-27,222,3178,3400
1119,2019-11-28,281,3332,3613
1119,2019-11-29,258,3307,3565
1119,2019-11-30,108,2847,2955
1119,2019-12-01,71,1928,1999
1119,2019-12-02,267,2894,3161
1119,2019-12-03,281,3202,3483
1119,2019-12-04,286,3112,3398
1119,2019-12-05,292,3233,3525
1119,2019-12-06,276,3215,3491
1119,2019-12-07,79,2594,2673
1119,2019-12-08,50,1895,1945
1119,2019-12-09,246,2885,3131
1119,2019-12-10,273,2992,3265
1119,2019-12-11,251,3070,3321
1119,2019-12-12,264,3214,3478
1119,2019-12-13,268,3384,3652
1119,2019-12-14,103,2990,3093
1119,2019-12-15,60,2537,2597
1119,2019-12-16,267,3026,3293
1119,2019-12-17,302,3292,3594
1119,2019-12-18,272,3217,3489
1119,2019-12-19,229,3415,3644
1119,2019-12-20,221,3269,3490
1119,2019-12-21,84,2581,2665
1119,2019-12-22,40,2014,2054
1119,2019-12-23,132,2966,3098
1119,2019-12-24,95,2494,2589
1119,2019-12-25,39,1543,1582
1119,2019-12-26,54,1695,1749
1119,2019-12-27,116,2485,2601
1119,2019-12-28,79,2368,2447
1119,2019-12-29,47,2122,2169
1119,2019-12-30,128,2666,2794
1119,2019-12-31,99,2284,2383
1202,2019-01-01,29,2399,2428
1202,2019-01-02,112,4955,5067
1202,2019-01-04,103,5612,5715
1202,2019-01-05,71,4275,4346
1202,2019-01-06,36,3406,3442
1202,2019-01-07,149,6444,6593
1202,2019-01-08,147,6591,6738
1202,2019-01-09,162,6581,6743
1202,2019-01-10,145,7164,7309
1202,2019-01-11,148,6935,7083
1202,2019-01-12,72,5353,5425
1202,2019-01-13,37,3035,3072
1202,2019-01-14,177,6571,6748
1202,2019-01-15,181,7099,7280
1202,2019-01-16,176,7111,7287
1202,2019-01-18,170,7356,7526
1202,2019-01-19,84,6019,6103
1202,2019-01-20,40,3435,3475
1202,2019-01-21,182,6954,7136
1202,2019-01-22,200,7161,7361
1202,2019-01-23,180,6504,6684
1202,2019-01-24,175,7242,7417
1202,2019-01-25,166,6999,7165
1202,2019-01-26,75,5647,5722
1202,2019-01-27,50,4006,4056
1202,2019-01-28,164,6393,6557
1202,2019-01-29,182,7229,7411
1202,2019-01-30,151,5918,6069
1202,2019-02-01,164,7040,7204
1202,2019-02-02,77,5640,5717
1202,2019-02-03,36,4028,4064
1202,2019-02-04,174,7146,7320
1202,2019-02-05,161,7494,7655
1202,2019-02-06,170,7299,7469
1202,2019-02-07,180,7220,7400
1202,2019-02-08,164,7271,7435
1202,2019-02-09,156,5642,5798
1202,2019-02-10,58,3158,3216
1202,2019-02-11,167,6897,7064
1202,2019-02-12,173,7484,7657
1202,2019-02-13,152,7149,7301
1202,2019-02-15,167,7324,7491
1202,2019-02-16,100,4869,4969
1202,2019-02-17,36,3234,3270
1202,2019-02-18,153,5871,6024
1202,2019-02-19,148,6052,6200
1202,2019-02-20,156,5991,6147
1202,2019-02-21,146,5936,6082
1202,2019-02-22,156,6335,6491
1202,2019-02-23,79,4798,4877
1202,2019-02-24,33,3690,3723
1202,2019-02-25,182,7084,7266
1202,2019-02-26,188,7460,7648
1202,2019-02-27,189,7376,7565
1202,2019-03-01,168,7190,7358
1202,2019-03-02,80,5741,5821
1202,2019-03-03,34,3589,3623
1202,2019-03-04,312,6720,7032
1202,2019-03-05,278,6894,7172
1202,2019-03-06,180,6568,6748
1202,2019-03-07,330,6820,7150
1202,2019-03-08,182,7454,7636
1202,2019-03-09,92,5875,5967
1202,2019-03-10,60,3626,3686
1202,2019-03-11,188,6994,7182
1202,2019-03-12,186,7631,7817
1202,2019-03-13,199,6651,6850
1202,2019-03-15,175,6985,7160
1202,2019-03-16,86,5782,5868
1202,2019-03-17,56,3660,3716
1202,2019-03-18,186,6877,7063
1202,2019-03-19,178,7547,7725
1202,2019-03-20,380,10954,11334
1202,2019-03-21,203,7782,7985
1202,2019-03-22,182,7442,7624
1202,2019-03-23,84,6407,6491
1202,2019-03-24,36,4105,4141
1202,2019-03-25,185,7166,7351
1202,2019-03-26,170,7690,7860
1202,2019-03-27,185,7391,7576
1202,2019-03-29,169,7545,7714
1202,2019-03-30,95,6986,7081
1202,2019-04-01,186,7253,7439
1202,2019-04-02,190,7522,7712
1202,2019-04-03,187,7108,7295
1202,2019-04-05,192,7592,7784
1202,2019-04-06,85,5988,6073
1202,2019-04-07,37,4035,4072
1202,2019-04-08,161,6436,6597
1202,2019-04-09,175,6074,6249
1202,2019-04-10,139,6386,6525
1202,2019-04-12,155,6792,6947
1202,2019-04-13,91,4954,5045
1202,2019-04-14,35,2982,3017
1202,2019-04-15,159,6357,6516
1202,2019-04-16,153,5946,6099
1202,2019-04-17,159,6450,6609
1202,2019-04-18,143,6683,6826
1202,2019-04-19,157,6761,6918
1202,2019-04-20,83,4942,5025
1202,2019-04-21,29,3577,3606
1202,2019-04-22,34,3468,3502
1202,2019-04-23,165,7699,7864
1202,2019-04-24,300,6888,7188
1202,2019-04-26,211,8190,8401
1202,2019-04-27,298,8000,8298
1202,2019-04-28,40,3602,3642
1202,2019-04-29,193,7370,7563
1202,2019-04-30,185,8031,8216
1202,2019-05-01,36,3596,3632
1202,2019-05-02,188,7654,7842
1202,2019-05-03,181,7487,7668
1202,2019-05-04,74,5092,5166
1202,2019-05-05,55,4134,4189
1202,2019-05-06,186,7451,7637
1202,2019-05-07,197,7745,7942
1202,2019-05-08,276,7128,7404
1202,2019-05-10,161,7075,7236
1202,2019-05-11,75,4171,4246
1202,2019-05-12,45,3995,4040
1202,2019-05-13,200,7146,7346
1202,2019-05-14,179,7788,7967
1202,2019-05-15,197,7556,7753
1202,2019-05-16,198,7797,7995
1202,2019-05-17,207,7674,7881
1202,2019-05-18,85,6259,6344
1202,2019-05-19,41,3892,3933
1202,2019-05-20,195,7152,7347
1202,2019-05-21,208,7725,7933
1202,2019-05-22,172,7350,7522
1202,2019-05-24,170,7669,7839
1202,2019-05-25,102,5731,5833
1202,2019-05-26,44,3643,3687
1202,2019-05-27,174,6231,6405
1202,2019-05-28,188,6343,6531
1202,2019-05-29,194,6751,6945
1202,2019-05-30,42,2911,2953
1202,2019-05-31,128,6092,6220
1202,2019-06-01,76,5076,5152
1202,2019-06-02,44,3787,3831
1202,2019-06-03,172,7208,7380
1202,2019-06-04,171,7267,7438
1202,2019-06-05,304,6700,7004
1202,2019-06-07,190,7267,7457
1202,2019-06-08,93,5644,5737
1202,2019-06-09,39,3744,3783
1202,2019-06-10,63,3066,3129
1202,2019-06-11,176,7687,7863
1202,2019-06-12,167,7089,7256
1202,2019-06-13,318,7178,7496
1202,2019-06-14,200,7663,7863
1202,2019-06-15,148,6248,6396
1202,2019-06-16,45,4593,4638
1202,2019-06-17,183,6925,7108
1202,2019-06-18,172,7397,7569
1202,2019-06-19,184,6884,7068
1202,2019-07-01,14,272,286
1202,2019-07-02,434,7758,8192
1202,2019-07-03,393,7405,7798
1202,2019-07-04,406,7727,8133
1202,2019-07-05,483,7363,7846
1202,2019-07-06,231,5883,6114
1202,2019-07-07,90,3860,3950
1202,2019-07-08,407,7181,7588
1202,2019-07-09,388,7646,8034
1202,2019-07-10,379,7205,7584
1202,2019-07-11,347,7021,7368
1202,2019-07-12,396,6650,7046
1202,2019-07-13,218,5563,5781
1202,2019-07-14,98,3610,3708
1202,2019-07-15,398,6668,7066
1202,2019-07-16,395,7103,7498
1202,2019-07-17,377,7005,7382
1202,2019-07-18,408,7030,7438
1202,2019-07-19,363,6946,7309
1202,2019-07-20,191,4939,5130
1202,2019-07-21,82,3621,3703
1202,2019-07-22,435,6418,6853
1202,2019-07-23,404,6432,6836
1202,2019-07-24,399,6506,6905
1202,2019-07-25,371,6393,6764
1202,2019-07-26,351,6059,6410
1202,2019-07-27,166,4399,4565
1202,2019-07-28,95,3072,3167
1202,2019-07-29,299,5908,6207
1202,2019-07-30,307,6018,6325
1202,2019-07-31,297,6184,6481
1202,2019-08-01,299,5948,6247
1202,2019-08-02,300,5963,6263
1202,2019-08-03,165,4151,4316
1202,2019-08-04,79,3104,3183
1202,2019-08-05,280,5230,5510
1202,2019-08-06,265,5499,5764
1202,2019-08-07,254,5458,5712
1202,2019-08-08,286,5533,5819
1202,2019-08-09,283,4986,5269
1202,2019-08-10,152,3462,3614
1202,2019-08-11,96,2957,3053
1202,2019-08-12,248,4966,5214
1202,2019-08-13,252,4912,5164
1202,2019-08-14,285,5613,5898
1202,2019-08-15,70,2596,2666
1202,2019-08-16,288,5053,5341
1202,2019-08-17,161,4604,4765
1202,2019-08-18,68,2667,2735
1202,2019-08-19,326,5515,5841
1202,2019-08-20,340,5823,6163
1202,2019-08-21,331,5770,6101
1202,2019-08-22,326,5671,5997
1202,2019-08-23,321,5934,6255
1202,2019-08-24,164,4436,4600
1202,2019-08-25,75,3446,3521
1202,2019-08-26,363,6001,6364
1202,2019-08-27,399,6281,6680
1202,2019-08-28,398,6305,6703
1202,2019-08-29,378,6513,6891
1202,2019-08-30,378,6591,6969
1202,2019-08-31,188,4725,4913
1202,2019-09-01,82,3671,3753
1202,2019-09-02,393,6164,6557
1202,2019-09-03,404,6428,6832
1202,2019-09-04,394,6604,6998
1202,2019-09-05,424,6550,6974
1202,2019-09-06,445,6629,7074
1202,2019-09-07,200,4776,4976
1202,2019-09-08,77,3421,3498
1202,2019-09-09,413,6629,7042
1202,2019-09-10,426,7260,7686
1202,2019-09-11,409,7148,7557
1202,2019-09-12,414,7131,7545
1202,2019-09-13,471,7277,7748
1202,2019-09-14,290,5881,6171
1202,2019-09-15,95,4158,4253
1202,2019-09-16,487,7056,7543
1202,2019-09-17,453,7723,8176
1202,2019-09-18,412,7306,7718
1202,2019-09-19,435,7599,8034
1202,2019-09-20,443,7585,8028
1202,2019-09-21,248,6279,6527
1202,2019-09-22,93,4341,4434
1202,2019-09-23,475,7019,7494
1202,2019-09-24,422,7596,8018
1202,2019-09-25,373,7321,7694
1202,2019-09-26,384,7641,8025
1202,2019-09-27,399,7644,8043
1202,2019-09-28,212,6382,6594
1202,2019-09-29,72,4137,4209
1202,2019-09-30,431,7515,7946
1202,2019-10-01,414,7768,8182
1202,2019-10-02,428,7982,8410
1202,2019-10-03,379,8225,8604
1202,2019-10-04,345,7963,8308
1202,2019-10-05,200,6780,6980
1202,2019-10-06,58,4056,4114
1202,2019-10-07,391,7576,7967
1202,2019-10-08,353,7929,8282
1202,2019-10-09,366,7828,8194
1202,2019-10-10,361,8343,8704
1202,2019-10-11,375,8322,8697
1202,2019-10-12,228,6592,6820
1202,2019-10-13,55,4548,4603
1202,2019-10-14,378,7896,8274
1202,2019-10-15,390,8250,8640
1202,2019-10-16,350,8239,8589
1202,2019-10-17,311,8077,8388
1202,2019-10-18,403,8181,8584
1202,2019-10-19,213,6596,6809
1202,2019-10-20,48,2934,2982
1202,2019-10-21,390,8174,8564
1202,2019-10-22,416,8497,8913
1202,2019-10-23,430,8159,8589
1202,2019-10-24,431,8355,8786
1202,2019-10-25,553,9334,9887
1202,2019-10-26,302,6882,7184
1202,2019-10-27,93,3782,3875
1202,2019-10-28,552,7909,8461
1202,2019-10-29,551,8180,8731
1202,2019-10-30,547,8212,8759
1202,2019-11-01,116,4064,4180
1202,2019-11-02,256,5673,5929
1202,2019-11-03,118,3366,3484
1202,2019-11-04,487,8193,8680
1202,2019-11-05,555,9170,9725
1202,2019-11-06,560,8611,9171
1202,2019-11-07,506,9073,9579
1202,2019-11-08,610,8900,9510
1202,2019-11-09,304,6837,7141
1202,2019-11-10,86,4501,4587
1202,2019-11-11,389,7730,8119
1202,2019-11-12,425,8144,8569
1202,2019-11-13,421,7801,8222
1202,2019-11-14,384,8301,8685
1202,2019-11-15,412,8095,8507
1202,2019-11-16,206,6755,6961
1202,2019-11-17,54,4006,4060
1202,2019-11-18,336,7695,8031
1202,2019-11-19,437,8087,8524
1202,2019-11-20,400,7797,8197
1202,2019-11-21,435,8524,8959
1202,2019-11-22,373,8371,8744
1202,2019-11-23,211,6395,6606
1202,2019-11-24,60,4334,4394
1202,2019-11-25,388,7332,7720
1202,2019-11-26,492,8782,9274
1202,2019-11-27,441,7954,8395
1202,2019-11-28,520,9018,9538
1202,2019-11-29,517,8761,9278
1202,2019-11-30,355,7134,7489
1202,2019-12-01,110,4093,4203
1202,2019-12-02,543,7898,8441
1202,2019-12-03,581,8270,8851
1202,2019-12-04,583,7960,8543
1202,2019-12-05,573,8250,8823
1202,2019-12-06,506,7789,8295
1202,2019-12-07,346,6503,6849
1202,2019-12-08,107,3954,4061
1202,2019-12-09,463,7432,7895
1202,2019-12-10,428,7668,8096
1202,2019-12-11,331,6918,7249
1202,2019-12-12,412,7460,7872
1202,2019-12-13,393,7215,7608
1202,2019-12-14,172,6063,6235
1202,2019-12-15,78,3891,3969
1202,2019-12-16,381,7116,7497
1202,2019-12-17,443,7630,8073
1202,2019-12-18,395,7438,7833
1202,2019-12-19,405,7705,8110
1202,2019-12-20,280,7731,8011
1202,2019-12-21,162,4980,5142
1202,2019-12-22,69,3431,3500
1202,2019-12-23,232,6388,6620
1202,2019-12-24,163,5069,5232
1202,2019-12-25,65,2834,2899
1202,2019-12-26,81,2586,2667
1202,2019-12-27,197,4613,4810
1202,2019-12-28,157,4077,4234
1202,2019-12-29,76,2856,2932
1202,2019-12-30,237,5210,5447
1202,2019-12-31,208,4501,4709
1204,2019-01-01,42,6126,6168
1204,2019-01-02,297,12080,12377
1204,2019-01-04,346,13377,13723
1204,2019-01-05,162,9412,9574
1204,2019-01-06,72,8066,8138
1204,2019-01-07,384,15111,15495
1204,2019-01-08,414,15060,15474
1204,2019-01-09,469,15626,16095
1204,2019-01-10,504,16544,17048
1204,2019-01-11,455,15763,16218
1204,2019-01-12,176,11112,11288
1204,2019-01-13,51,6674,6725
1204,2019-01-14,505,15043,15548
1204,2019-01-15,611,16634,17245
1204,2019-01-16,626,16750,17376
1204,2019-01-18,556,17174,17730
1204,2019-01-19,216,12988,13204
1204,2019-01-20,105,9362,9467
1204,2019-01-21,614,16556,17170
1204,2019-01-22,619,16586,17205
1204,2019-01-23,565,15673,16238
1204,2019-01-24,680,16950,17630
1204,2019-01-25,525,16665,17190
1204,2019-01-26,170,11596,11766
1204,2019-01-27,61,7573,7634
1204,2019-01-28,426,13915,14341
1204,2019-01-29,572,16595,17167
1204,2019-01-30,378,12443,12821
1204,2019-02-01,439,15461,15900
1204,2019-02-02,194,11362,11556
1204,2019-02-03,75,8943,9018
1204,2019-02-04,573,16167,16740
1204,2019-02-05,619,16953,17572
1204,2019-02-06,583,17061,17644
1204,2019-02-07,498,15917,16415
1204,2019-02-08,511,17383,17894
1204,2019-02-09,217,12886,13103
1204,2019-02-10,89,6301,6390
1204,2019-02-11,511,16285,16796
1204,2019-02-12,615,17258,17873
1204,2019-02-13,603,17320,17923
1204,2019-02-15,591,17289,17880
1204,2019-02-16,227,11930,12157
1204,2019-02-17,78,9550,9628
1204,2019-02-18,567,14879,15446
1204,2019-02-19,550,14975,15525
1204,2019-02-20,632,15328,15960
1204,2019-02-21,605,15136,15741
1204,2019-02-22,533,15630,16163
1204,2019-02-23,242,11803,12045
1204,2019-02-24,66,10192,10258
1204,2019-02-25,582,16544,17126
1204,2019-02-26,594,17172,17766
1204,2019-02-27,643,17582,18225
1204,2019-03-01,577,16245,16822
1204,2019-03-02,194,12941,13135
1204,2019-03-03,56,8923,8979
1204,2019-03-04,488,14139,14627
1204,2019-03-05,529,15316,15845
1204,2019-03-06,599,16257,16856
1204,2019-03-07,582,16341,16923
1204,2019-03-08,535,17637,18172
1204,2019-03-09,211,12659,12870
1204,2019-03-10,80,8096,8176
1204,2019-03-11,597,16489,17086
1204,2019-03-12,686,18156,18842
1204,2019-03-13,541,15645,16186
1204,2019-03-15,474,15148,15622
1204,2019-03-16,191,12276,12467
1204,2019-03-17,58,8772,8830
1204,2019-03-18,548,16436,16984
1204,2019-03-19,608,17225,17833
1204,2019-03-20,652,17402,18054
1204,2019-03-21,603,17945,18548
1204,2019-03-22,620,18015,18635
1204,2019-03-23,249,14640,14889
1204,2019-03-24,89,10990,11079
1204,2019-03-25,540,16574,17114
1204,2019-03-26,619,17682,18301
1204,2019-03-27,666,17583,18249
1204,2019-03-29,658,18214,18872
1204,2019-03-30,250,14878,15128
1204,2019-04-01,601,17268,17869
1204,2019-04-02,624,17725,18349
1204,2019-04-03,607,16836,17443
1204,2019-04-05,676,18095,18771
1204,2019-04-06,262,13565,13827
1204,2019-04-07,100,10277,10377
1204,2019-04-08,625,15757,16382
1204,2019-04-09,675,15500,16175
1204,2019-04-10,639,15857,16496
1204,2019-04-12,594,16895,17489
1204,2019-04-13,255,11764,12019
1204,2019-04-14,74,8389,8463
1204,2019-04-15,623,15855,16478
1204,2019-04-16,634,15413,16047
1204,2019-04-17,645,16213,16858
1204,2019-04-18,666,16952,17618
1204,2019-04-19,441,17007,17448
1204,2019-04-20,233,12638,12871
1204,2019-04-21,83,12067,12150
1204,2019-04-22,110,10957,11067
1204,2019-04-23,574,17994,18568
1204,2019-04-26,725,18615,19340
1204,2019-04-27,306,13132,13438
1204,2019-04-28,85,9272,9357
1204,2019-04-29,651,17369,18020
1204,2019-04-30,731,18589,19320
1204,2019-05-01,104,11817,11921
1204,2019-05-02,681,17991,18672
1204,2019-05-03,638,18142,18780
1204,2019-05-04,253,12219,12472
1204,2019-05-05,125,10665,10790
1204,2019-05-06,656,17127,17783
1204,2019-05-07,715,17956,18671
1204,2019-05-08,490,16578,17068
1204,2019-05-10,585,16761,17346
1204,2019-05-11,302,13078,13380
1204,2019-05-12,90,11380,11470
1204,2019-05-13,659,17104,17763
1204,2019-05-14,675,17999,18674
1204,2019-05-15,663,18209,18872
1204,2019-05-16,692,18525,19217
1204,2019-05-17,707,18771,19478
1204,2019-05-18,275,13790,14065
1204,2019-05-19,100,10081,10181
1204,2019-05-20,636,17284,17920
1204,2019-05-21,706,17910,18616
1204,2019-05-22,727,18291,19018
1204,2019-05-24,664,18618,19282
1204,2019-05-25,303,13743,14046
1204,2019-05-26,93,10937,11030
1204,2019-05-27,605,15512,16117
1204,2019-05-28,700,16179,16879
1204,2019-05-29,682,17253,17935
1204,2019-05-30,106,9291,9397
1204,2019-05-31,440,15797,16237
1204,2019-06-01,281,13249,13530
1204,2019-06-02,120,12147,12267
1204,2019-06-03,596,17558,18154
1204,2019-06-04,666,17735,18401
1204,2019-06-05,982,18700,19682
1204,2019-06-07,659,17952,18611
1204,2019-06-08,264,13637,13901
1204,2019-06-09,89,11380,11469
1204,2019-06-10,120,9244,9364
1204,2019-06-11,650,17774,18424
1204,2019-06-12,634,15712,16346
1204,2019-06-13,722,17651,18373
1204,2019-06-14,701,18594,19295
1204,2019-06-15,354,14593,14947
1204,2019-06-16,160,12376,12536
1204,2019-06-17,640,17277,17917
1204,2019-06-18,667,17971,18638
1204,2019-06-19,704,17482,18186
1204,2019-06-28,1436,18114,19550
1204,2019-06-29,548,14165,14713
1204,2019-06-30,194,11597,11791
1204,2019-07-01,346,4383,4729
1204,2019-07-02,1274,17170,18444
1204,2019-07-03,1197,17332,18529
1204,2019-07-04,1150,16589,17739
1204,2019-07-05,1335,17750,19085
1204,2019-07-06,537,14403,14940
1204,2019-07-07,210,11130,11340
1204,2019-07-08,1120,16546,17666
1204,2019-07-09,1168,16500,17668
1204,2019-07-10,1186,17347,18533
1204,2019-07-11,1131,17225,18356
1204,2019-07-12,1113,17242,18355
1204,2019-07-13,497,13363,13860
1204,2019-07-14,182,10717,10899
1204,2019-07-15,1240,16436,17676
1204,2019-07-16,1169,17066,18235
1204,2019-07-17,1300,16859,18159
1204,2019-07-18,1247,16933,18180
1204,2019-07-19,1129,16142,17271
1204,2019-07-20,445,12887,13332
1204,2019-07-21,201,12023,12224
1204,2019-07-22,1213,16105,17318
1204,2019-07-23,1225,16350,17575
1204,2019-07-24,1153,16759,17912
1204,2019-07-25,1083,16186,17269
1204,2019-07-26,973,15737,16710
1204,2019-07-27,359,11286,11645
1204,2019-07-28,222,8795,9017
1204,2019-07-29,882,14923,15805
1204,2019-07-30,879,15323,16202
1204,2019-07-31,897,15578,16475
1204,2019-08-01,932,15150,16082
1204,2019-08-02,911,15388,16299
1204,2019-08-03,371,11943,12314
1204,2019-08-04,189,10404,10593
1204,2019-08-05,799,13742,14541
1204,2019-08-06,826,13965,14791
1204,2019-08-07,743,14117,14860
1204,2019-08-08,829,14530,15359
1204,2019-08-09,812,13566,14378
1204,2019-08-10,394,11935,12329
1204,2019-08-11,237,10957,11194
1204,2019-08-12,798,13331,14129
1204,2019-08-13,810,14327,15137
1204,2019-08-14,837,14689,15526
1204,2019-08-15,180,8013,8193
1204,2019-08-16,769,13122,13891
1204,2019-08-17,289,9167,9456
1204,2019-08-18,141,7804,7945
1204,2019-08-19,900,14095,14995
1204,2019-08-20,974,14728,15702
1204,2019-08-21,1001,14807,15808
1204,2019-08-22,1030,14931,15961
1204,2019-08-23,1026,14881,15907
1204,2019-08-24,390,11815,12205
1204,2019-08-25,170,11564,11734
1204,2019-08-26,1032,15556,16588
1204,2019-08-27,1188,16177,17365
1204,2019-08-28,1237,16185,17422
1204,2019-08-29,1173,15915,17088
1204,2019-08-30,1159,16451,17610
1204,2019-08-31,422,12705,13127
1204,2019-09-01,225,12142,12367
1204,2019-09-02,1118,15439,16557
1204,2019-09-03,1290,15952,17242
1204,2019-09-04,1204,16267,17471
1204,2019-09-05,1243,15873,17116
1204,2019-09-06,1230,16428,17658
1204,2019-09-07,424,11781,12205
1204,2019-09-08,162,9905,10067
1204,2019-09-09,1090,16096,17186
1204,2019-09-10,1213,16460,17673
1204,2019-09-11,1179,17457,18636
1204,2019-09-12,1174,16428,17602
1204,2019-09-13,1168,16746,17914
1204,2019-09-14,557,14734,15291
1204,2019-09-15,195,11942,12137
1204,2019-09-16,1180,16702,17882
1204,2019-09-17,1226,17038,18264
1204,2019-09-18,1216,17403,18619
1204,2019-09-19,1296,17169,18465
1204,2019-09-20,1152,17470,18622
1204,2019-09-21,532,14476,15008
1204,2019-09-22,195,11291,11486
1204,2019-09-23,1108,15208,16316
1204,2019-09-24,1128,16544,17672
1204,2019-09-25,1049,16019,17068
1204,2019-09-26,1031,14454,15485
1204,2019-09-27,1021,16032,17053
1204,2019-09-28,405,12664,13069
1204,2019-09-29,153,8707,8860
1204,2019-09-30,996,16102,17098
1204,2019-10-01,1036,14759,15795
1204,2019-10-02,972,16527,17499
1204,2019-10-03,895,18140,19035
1204,2019-10-04,874,15964,16838
1204,2019-10-05,455,14783,15238
1204,2019-10-06,113,9355,9468
1204,2019-10-07,1004,17020,18024
1204,2019-10-08,810,12874,13684
1204,2019-10-09,959,15868,16827
1204,2019-10-10,1102,17927,19029
1204,2019-10-11,1122,18796,19918
1204,2019-10-12,481,14507,14988
1204,2019-10-13,143,12502,12645
1204,2019-10-14,1043,18130,19173
1204,2019-10-15,971,16643,17614
1204,2019-10-16,1000,17401,18401
1204,2019-10-17,891,15974,16865
1204,2019-10-18,1026,17997,19023
1204,2019-10-19,415,13633,14048
1204,2019-10-20,109,8585,8694
1204,2019-10-21,979,17351,18330
1204,2019-10-22,1204,18542,19746
1204,2019-10-23,1166,18092,19258
1204,2019-10-24,1217,18658,19875
1204,2019-10-25,1210,18782,19992
1204,2019-10-26,449,13942,14391
1204,2019-10-27,125,9227,9352
1204,2019-10-28,1103,16831,17934
1204,2019-10-29,1205,17536,18741
1204,2019-10-30,1130,17671,18801
1204,2019-11-01,108,6751,6859
1204,2019-11-02,289,10723,11012
1204,2019-11-03,93,7307,7400
1204,2019-11-04,943,15707,16650
1204,2019-11-05,1181,18199,19380
1204,2019-11-06,1163,17721,18884
1204,2019-11-07,1119,17870,18989
1204,2019-11-08,1279,19061,20340
1204,2019-11-09,494,14086,14580
1204,2019-11-10,124,11156,11280
1204,2019-11-11,1087,17242,18329
1204,2019-11-12,1001,17148,18149
1204,2019-11-13,1130,17760,18890
1204,2019-11-14,1135,18030,19165
1204,2019-11-15,1107,18390,19497
1204,2019-11-16,483,14860,15343
1204,2019-11-17,100,9699,9799
1204,2019-11-18,968,16023,16991
1204,2019-11-19,1145,17742,18887
1204,2019-11-20,1194,17691,18885
1204,2019-11-21,1153,18335,19488
1204,2019-11-22,1074,18512,19586
1204,2019-11-23,480,14002,14482
1204,2019-11-24,131,10844,10975
1204,2019-11-25,1030,17312,18342
1204,2019-11-26,1019,17386,18405
1204,2019-11-27,972,17452,18424
1204,2019-11-28,1080,18335,19415
1204,2019-11-29,1086,18706,19792
1204,2019-11-30,483,14565,15048
1204,2019-12-01,122,9407,9529
1204,2019-12-02,1064,16722,17786
1204,2019-12-03,1152,17671,18823
1204,2019-12-04,1180,17645,18825
1204,2019-12-05,1181,17822,19003
1204,2019-12-06,1036,16874,17910
1204,2019-12-07,452,13196,13648
1204,2019-12-08,101,9210,9311
1204,2019-12-09,942,16037,16979
1204,2019-12-10,1115,17534,18649
1204,2019-12-11,950,16739,17689
1204,2019-12-12,1158,17460,18618
1204,2019-12-13,1024,17180,18204
1204,2019-12-14,406,13382,13788
1204,2019-12-15,117,9882,9999
1204,2019-12-16,1028,16649,17677
1204,2019-12-17,1209,17702,18911
1204,2019-12-18,1183,17755,18938
1204,2019-12-19,1040,18195,19235
1204,2019-12-20,837,17797,18634
1204,2019-12-21,347,11930,12277
1204,2019-12-22,116,8755,8871
1204,2019-12-23,582,14477,15059
1204,2019-12-24,343,11183,11526
1204,2019-12-25,93,7720,7813
1204,2019-12-26,115,7093,7208
1204,2019-12-27,494,11828,12322
1204,2019-12-28,284,10049,10333
1204,2019-12-29,114,7978,8092
1204,2019-12-30,524,12517,13041
1204,2019-12-31,393,10658,11051
1223,2019-01-01,31,1870,1901
1223,2019-01-02,128,2899,3027
1223,2019-01-04,174,3321,3495
1223,2019-01-05,122,2620,2742
1223,2019-01-06,38,2493,2531
1223,2019-01-07,215,3476,3691
1223,2019-01-08,184,3770,3954
1223,2019-01-09,211,3739,3950
1223,2019-01-10,191,3813,4004
1223,2019-01-11,181,3955,4136
1223,2019-01-12,110,2942,3052
1223,2019-01-13,49,2609,2658
1223,2019-01-14,237,4001,4238
1223,2019-01-15,215,4290,4505
1223,2019-01-16,227,3995,4222
1223,2019-01-18,239,4327,4566
1223,2019-01-19,110,3266,3376
1223,2019-01-20,43,3061,3104
1223,2019-01-21,268,3969,4237
1223,2019-01-22,251,3980,4231
1223,2019-01-23,254,3721,3975
1223,2019-01-24,252,3923,4175
1223,2019-01-25,251,4118,4369
1223,2019-01-26,160,3036,3196
1223,2019-01-27,46,2418,2464
1223,2019-01-28,278,3770,4048
1223,2019-01-29,241,4094,4335
1223,2019-01-30,216,3795,4011
1223,2019-02-01,262,3982,4244
1223,2019-02-02,138,3119,3257
1223,2019-02-03,44,2808,2852
1223,2019-02-04,264,4000,4264
1223,2019-02-05,274,4340,4614
1223,2019-02-06,288,4274,4562
1223,2019-02-07,320,3942,4262
1223,2019-02-08,264,4186,4450
1223,2019-02-09,146,3370,3516
1223,2019-02-10,44,2416,2460
1223,2019-02-11,249,3920,4169
1223,2019-02-12,281,4220,4501
1223,2019-02-13,251,4326,4577
1223,2019-02-15,251,4615,4866
1223,2019-02-16,156,3542,3698
1223,2019-02-17,43,3967,4010
1223,2019-02-18,240,3891,4131
1223,2019-02-19,268,3638,3906
1223,2019-02-20,231,3793,4024
1223,2019-02-21,215,3902,4117
1223,2019-02-22,232,3853,4085
1223,2019-02-23,179,3457,3636
1223,2019-02-24,40,4217,4257
1223,2019-02-25,282,4091,4373
1223,2019-02-26,277,4272,4549
1223,2019-02-27,275,4593,4868
1223,2019-03-01,260,4228,4488
1223,2019-03-02,145,3259,3404
1223,2019-03-03,47,2802,2849
1223,2019-03-04,238,3246,3484
1223,2019-03-05,272,3790,4062
1223,2019-03-06,292,4172,4464
1223,2019-03-07,298,4180,4478
1223,2019-03-08,300,4210,4510
1223,2019-03-09,162,3276,3438
1223,2019-03-10,46,2822,2868
1223,2019-03-11,338,3818,4156
1223,2019-03-12,446,6870,7316
1223,2019-03-13,306,4016,4322
1223,2019-03-15,261,4478,4739
1223,2019-03-16,142,3320,3462
1223,2019-03-17,64,2918,2982
1223,2019-03-18,277,4009,4286
1223,2019-03-19,273,4409,4682
1223,2019-03-20,281,4444,4725
1223,2019-03-21,291,4522,4813
1223,2019-03-22,287,4853,5140
1223,2019-03-23,162,4222,4384
1223,2019-03-24,54,3590,3644
1223,2019-03-25,277,4197,4474
1223,2019-03-26,271,4261,4532
1223,2019-03-27,280,4527,4807
1223,2019-03-29,275,4891,5166
1223,2019-03-30,162,4513,4675
1223,2019-04-01,268,4509,4777
1223,2019-04-02,276,4334,4610
1223,2019-04-03,286,4460,4746
1223,2019-04-05,258,4538,4796
1223,2019-04-06,157,3757,3914
1223,2019-04-07,50,3598,3648
1223,2019-04-08,260,4165,4425
1223,2019-04-09,262,4190,4452
1223,2019-04-10,246,4762,5008
1223,2019-04-12,254,4853,5107
1223,2019-04-13,167,3443,3610
1223,2019-04-14,53,2970,3023
1223,2019-04-15,273,4631,4904
1223,2019-04-16,248,4644,4892
1223,2019-04-17,305,4992,5297
1223,2019-04-18,251,5055,5306
1223,2019-04-19,224,5417,5641
1223,2019-04-20,168,4338,4506
1223,2019-04-21,53,4525,4578
1223,2019-04-22,48,4680,4728
1223,2019-04-23,310,4535,4845
1223,2019-05-03,434,4101,4535
1223,2019-05-04,179,2841,3020
1223,2019-05-05,88,2908,2996
1223,2019-05-06,429,3499,3928
1223,2019-05-07,481,3659,4140
1223,2019-05-08,487,3928,4415
1223,2019-05-09,71,2791,2862
1223,2019-05-10,402,3836,4238
1223,2019-05-11,184,3212,3396
1223,2019-05-12,91,3438,3529
1223,2019-05-13,454,4085,4539
1223,2019-05-14,486,4249,4735
1223,2019-05-15,486,4416,4902
1223,2019-05-16,469,4330,4799
1223,2019-05-17,494,4954,5448
1223,2019-05-18,235,3554,3789
1223,2019-05-19,79,3516,3595
1223,2019-05-20,481,3949,4430
1223,2019-05-21,477,4154,4631
1223,2019-05-22,530,4381,4911
1223,2019-05-23,532,4533,5065
1223,2019-05-24,469,4594,5063
1223,2019-05-25,232,3826,4058
1223,2019-05-26,91,4027,4118
1223,2019-05-27,327,1870,2197
1223,2019-05-28,253,1822,2075
1223,2019-05-29,377,3698,4075
1223,2019-05-30,72,3381,3453
1223,2019-05-31,372,4067,4439
1223,2019-06-01,233,4026,4259
1223,2019-06-02,117,4725,4842
1223,2019-06-03,506,4253,4759
1223,2019-06-04,472,4494,4966
1223,2019-06-05,522,4508,5030
1223,2019-06-06,502,4612,5114
1223,2019-06-07,561,5016,5577
1223,2019-06-08,230,3875,4105
1223,2019-06-09,118,4904,5022
1223,2019-06-10,148,3676,3824
1223,2019-06-11,466,4538,5004
1223,2019-06-12,429,4416,4845
1223,2019-06-13,519,4706,5225
1223,2019-06-14,511,4975,5486
1223,2019-06-15,250,4616,4866
1223,2019-06-16,52,3186,3238
1223,2019-06-17,524,4578,5102
1223,2019-06-18,454,4675,5129
1223,2019-06-19,492,4653,5145
1223,2019-06-20,386,4743,5129
1223,2019-06-21,485,4938,5423
1223,2019-06-22,234,4020,4254
1223,2019-06-23,101,4189,4290
1223,2019-06-24,475,4267,4742
1223,2019-06-25,469,4575,5044
1223,2019-06-26,478,4629,5107
1223,2019-06-27,491,4641,5132
1223,2019-06-28,511,4994,5505
1223,2019-06-29,244,4727,4971
1223,2019-06-30,96,4873,4969
1223,2019-07-01,470,4570,5040
1223,2019-07-02,423,4833,5256
1223,2019-07-03,521,4807,5328
1223,2019-07-04,490,5035,5525
1223,2019-07-05,604,5496,6100
1223,2019-07-06,242,4799,5041
1223,2019-07-07,115,4931,5046
1223,2019-07-08,490,4531,5021
1223,2019-07-09,496,4774,5270
1223,2019-07-10,512,5063,5575
1223,2019-07-11,478,4629,5107
1223,2019-07-12,524,5122,5646
1223,2019-07-13,313,4286,4599
1223,2019-07-14,133,4807,4940
1223,2019-07-15,524,4291,4815
1223,2019-07-16,504,4708,5212
1223,2019-07-17,574,4782,5356
1223,2019-07-18,474,4656,5130
1223,2019-07-19,498,4784,5282
1223,2019-07-20,218,3998,4216
1223,2019-07-21,102,4665,4767
1223,2019-07-22,488,4444,4932
1223,2019-07-23,473,4488,4961
1223,2019-07-24,541,4433,4974
1223,2019-07-25,508,4326,4834
1223,2019-07-26,353,4277,4630
1223,2019-07-27,195,3301,3496
1223,2019-07-28,70,3736,3806
1223,2019-07-29,317,3971,4288
1223,2019-07-30,320,4123,4443
1223,2019-07-31,327,4207,4534
1223,2019-08-01,330,4096,4426
1223,2019-08-02,326,4237,4563
1223,2019-08-03,195,3733,3928
1223,2019-08-04,116,4423,4539
1223,2019-08-05,305,3575,3880
1223,2019-08-06,312,3642,3954
1223,2019-08-07,308,3664,3972
1223,2019-08-08,331,4223,4554
1223,2019-08-09,320,3932,4252
1223,2019-08-10,232,3686,3918
1223,2019-08-11,104,3796,3900
1223,2019-08-12,321,3447,3768
1223,2019-08-13,342,3752,4094
1223,2019-08-14,338,3957,4295
1223,2019-08-15,95,3912,4007
1223,2019-08-16,319,3991,4310
1223,2019-08-17,196,3245,3441
1223,2019-08-18,96,3835,3931
1223,2019-08-19,328,3866,4194
1223,2019-08-20,380,3909,4289
1223,2019-08-21,358,4131,4489
1223,2019-08-22,409,4157,4566
1223,2019-08-23,392,4299,4691
1223,2019-08-24,219,3726,3945
1223,2019-08-25,123,4201,4324
1223,2019-08-26,440,3976,4416
1223,2019-08-28,441,4308,4749
1223,2019-08-29,475,4351,4826
1223,2019-08-30,432,4399,4831
1223,2019-08-31,225,3812,4037
1223,2019-09-01,89,3380,3469
1223,2019-09-02,422,4174,4596
1223,2019-09-03,412,4170,4582
1223,2019-09-04,473,4353,4826
1223,2019-09-05,438,4246,4684
1223,2019-09-06,440,4478,4918
1223,2019-09-07,215,4040,4255
1223,2019-09-08,113,3639,3752
1223,2019-09-09,448,4049,4497
1223,2019-09-10,419,4381,4800
1223,2019-09-11,432,4403,4835
1223,2019-09-12,470,4453,4923
1223,2019-09-13,454,4549,5003
1223,2019-09-14,234,4321,4555
1223,2019-09-15,96,5574,5670
1223,2019-09-16,505,4193,4698
1223,2019-09-17,525,4652,5177
1223,2019-09-18,584,4706,5290
1223,2019-09-19,570,4624,5194
1223,2019-09-20,635,4864,5499
1223,2019-09-21,308,4722,5030
1223,2019-09-22,115,4126,4241
1223,2019-09-23,601,4323,4924
1223,2019-09-24,655,4337,4992
1223,2019-09-25,544,4509,5053
1223,2019-09-26,546,4633,5179
1223,2019-09-27,550,4796,5346
1223,2019-09-28,281,3908,4189
1223,2019-09-29,69,3172,3241
1223,2019-09-30,543,4383,4926
1223,2019-10-01,501,4419,4920
1223,2019-10-02,542,4517,5059
1223,2019-10-03,495,4868,5363
1223,2019-10-04,532,4776,5308
1223,2019-10-05,263,3963,4226
1223,2019-10-06,75,3261,3336
1223,2019-10-07,495,4207,4702
1223,2019-10-08,471,4375,4846
1223,2019-10-09,479,4647,5126
1223,2019-10-10,529,4561,5090
1223,2019-10-11,472,4693,5165
1223,2019-10-12,235,4035,4270
1223,2019-10-13,87,4619,4706
1223,2019-10-14,484,4605,5089
1223,2019-10-15,434,4427,4861
1223,2019-10-16,458,4521,4979
1223,2019-10-17,445,4307,4752
1223,2019-10-18,507,4705,5212
1223,2019-10-19,223,3443,3666
1223,2019-10-20,58,3021,3079
1223,2019-10-21,408,4265,4673
1223,2019-10-22,469,4616,5085
1223,2019-10-23,462,4562,5024
1223,2019-10-24,475,4666,5141
1223,2019-10-25,513,4860,5373
1223,2019-10-26,253,4410,4663
1223,2019-10-27,69,3346,3415
1223,2019-10-28,449,4169,4618
1223,2019-10-29,441,4322,4763
1223,2019-10-30,408,4315,4723
1223,2019-11-01,71,2887,2958
1223,2019-11-02,198,3334,3532
1223,2019-11-03,68,3059,3127
1223,2019-11-04,442,4197,4639
1223,2019-11-05,438,4429,4867
1223,2019-11-06,497,4321,4818
1223,2019-11-07,505,4450,4955
1223,2019-11-08,469,4705,5174
1223,2019-11-09,212,3800,4012
1223,2019-11-10,68,3061,3129
1223,2019-11-11,457,4306,4763
1223,2019-11-12,430,4487,4917
1223,2019-11-13,436,4411,4847
1223,2019-11-14,459,4520,4979
1223,2019-11-15,528,4809,5337
1223,2019-11-16,196,3485,3681
1223,2019-11-17,77,2811,2888
1223,2019-11-18,427,4145,4572
1223,2019-11-19,485,4558,5043
1223,2019-11-20,477,4622,5099
1223,2019-11-21,571,4630,5201
1223,2019-11-22,443,4724,5167
1223,2019-11-23,237,3599,3836
1223,2019-11-24,75,3402,3477
1223,2019-11-25,527,4224,4751
1223,2019-11-26,465,4562,5027
1223,2019-11-27,455,4475,4930
1223,2019-11-28,501,4475,4976
1223,2019-11-29,449,4622,5071
1223,2019-11-30,221,3595,3816
1223,2019-12-01,76,2663,2739
1223,2019-12-02,504,4332,4836
1223,2019-12-03,512,4451,4963
1223,2019-12-04,492,4419,4911
1223,2019-12-05,517,4715,5232
1223,2019-12-06,485,4476,4961
1223,2019-12-07,211,3561,3772
1223,2019-12-08,61,2741,2802
1223,2019-12-09,487,4250,4737
1223,2019-12-10,450,4577,5027
1223,2019-12-11,480,4464,4944
1223,2019-12-12,493,4411,4904
1223,2019-12-13,467,4592,5059
1223,2019-12-14,209,3487,3696
1223,2019-12-15,53,3061,3114
1223,2019-12-16,442,4382,4824
1223,2019-12-17,476,4383,4859
1223,2019-12-18,434,4414,4848
1223,2019-12-19,495,4724,5219
1223,2019-12-20,402,4678,5080
1223,2019-12-21,187,3282,3469
1223,2019-12-22,65,2422,2487
1223,2019-12-23,271,3415,3686
1223,2019-12-24,198,2702,2900
1223,2019-12-25,45,2159,2204
1223,2019-12-26,54,2228,2282
1223,2019-12-27,230,2899,3129
1223,2019-12-28,185,2824,3009
1223,2019-12-29,64,2695,2759
1223,2019-12-30,263,3120,3383
1223,2019-12-31,248,2643,2891
1229,2019-01-01,6,1044,1050
1229,2019-01-02,111,1978,2089
1229,2019-01-04,118,2196,2314
1229,2019-01-05,56,1774,1830
1229,2019-01-06,11,1274,1285
1229,2019-01-07,123,2530,2653
1229,2019-01-08,160,2634,2794
1229,2019-01-09,139,2658,2797
1229,2019-01-10,166,2787,2953
1229,2019-01-11,140,2796,2936
1229,2019-01-12,63,1940,2003
1229,2019-01-13,19,1328,1347
1229,2019-01-14,182,2792,2974
1229,2019-01-15,215,2868,3083
1229,2019-01-16,172,2891,3063
1229,2019-01-18,182,2975,3157
1229,2019-01-19,61,2084,2145
1229,2019-01-20,10,1560,1570
1229,2019-01-21,191,2932,3123
1229,2019-01-22,209,2825,3034
1229,2019-01-23,187,2779,2966
1229,2019-01-24,195,2946,3141
1229,2019-01-25,198,2919,3117
1229,2019-01-26,64,1974,2038
1229,2019-01-27,25,1385,1410
1229,2019-01-28,149,2689,2838
1229,2019-01-29,172,2921,3093
1229,2019-01-30,147,2460,2607
1229,2019-02-01,129,2890,3019
1229,2019-02-02,54,1923,1977
1229,2019-02-03,8,1422,1430
1229,2019-02-04,171,2783,2954
1229,2019-02-05,183,2944,3127
1229,2019-02-06,163,2898,3061
1229,2019-02-07,173,3021,3194
1229,2019-02-08,150,3008,3158
1229,2019-02-09,82,2151,2233
1229,2019-02-10,26,1350,1376
1229,2019-02-11,171,2783,2954
1229,2019-02-12,202,3023,3225
1229,2019-02-13,179,3040,3219
1229,2019-02-15,227,3240,3467
1229,2019-02-16,65,2142,2207
1229,2019-02-17,11,1719,1730
1229,2019-02-18,136,2642,2778
1229,2019-02-19,187,2766,2953
1229,2019-02-20,183,2798,2981
1229,2019-02-21,205,2812,3017
1229,2019-02-22,223,2899,3122
1229,2019-02-23,109,2146,2255
1229,2019-02-24,9,1863,1872
1229,2019-02-25,223,2924,3147
1229,2019-02-26,274,3129,3403
1229,2019-02-27,251,3047,3298
1229,2019-03-01,166,3112,3278
1229,2019-03-02,68,2027,2095
1229,2019-03-03,17,1547,1564
1229,2019-03-04,148,2210,2358
1229,2019-03-05,178,2793,2971
1229,2019-03-06,195,2984,3179
1229,2019-03-07,182,3092,3274
1229,2019-03-08,174,3058,3232
1229,2019-03-09,75,2147,2222
1229,2019-03-10,10,1492,1502
1229,2019-03-11,207,3065,3272
1229,2019-03-12,203,3386,3589
1229,2019-03-13,228,2884,3112
1229,2019-03-15,156,3054,3210
1229,2019-03-16,67,2133,2200
1229,2019-03-17,6,1408,1414
1229,2019-03-18,226,2936,3162
1229,2019-03-19,205,3133,3338
1229,2019-03-20,209,3154,3363
1229,2019-03-21,191,3193,3384
1229,2019-03-22,190,3403,3593
1229,2019-03-23,77,2488,2565
1229,2019-03-24,15,1823,1838
1229,2019-03-25,208,2916,3124
1229,2019-03-26,203,3101,3304
1229,2019-03-27,192,3218,3410
1229,2019-03-29,192,3587,3779
1229,2019-03-30,96,2758,2854
1229,2019-04-01,184,3090,3274
1229,2019-04-02,191,3267,3458
1229,2019-04-03,200,3136,3336
1229,2019-04-05,212,3307,3519
1229,2019-04-06,75,2447,2522
1229,2019-04-07,18,1823,1841
1229,2019-04-08,224,2923,3147
1229,2019-04-09,230,2868,3098
1229,2019-04-10,186,2968,3154
1229,2019-04-12,162,3007,3169
1229,2019-04-13,74,2132,2206
1229,2019-04-14,15,1587,1602
1229,2019-04-15,202,3010,3212
1229,2019-04-16,179,3006,3185
1229,2019-04-17,213,3258,3471
1229,2019-04-18,228,3314,3542
1229,2019-04-19,190,3343,3533
1229,2019-04-20,79,2596,2675
1229,2019-04-25,288,3283,3571
1229,2019-04-26,277,3381,3658
1229,2019-05-03,278,3267,3545
1229,2019-05-04,71,2220,2291
1229,2019-05-05,32,1970,2002
1229,2019-05-06,334,3048,3382
1229,2019-05-07,266,3256,3522
1229,2019-05-08,246,3298,3544
1229,2019-05-09,55,1802,1857
1229,2019-05-10,211,3078,3289
1229,2019-05-11,74,2116,2190
1229,2019-05-12,49,2050,2099
1229,2019-05-13,290,3109,3399
1229,2019-05-14,358,3210,3568
1229,2019-05-15,297,3395,3692
1229,2019-05-16,299,3403,3702
1229,2019-05-17,408,3339,3747
1229,2019-05-18,85,2302,2387
1229,2019-05-19,28,1769,1797
1229,2019-05-20,316,3022,3338
1229,2019-05-21,307,3347,3654
1229,2019-05-22,283,3262,3545
1229,2019-05-23,274,3473,3747
1229,2019-05-24,266,3456,3722
1229,2019-05-25,76,2710,2786
1229,2019-05-26,26,2200,2226
1229,2019-05-27,293,2889,3182
1229,2019-05-28,256,3031,3287
1229,2019-05-29,294,3337,3631
1229,2019-05-30,54,1945,1999
1229,2019-05-31,179,3104,3283
1229,2019-06-01,106,2615,2721
1229,2019-06-02,70,2458,2528
1229,2019-06-03,322,3041,3363
1229,2019-06-04,319,3338,3657
1229,2019-06-06,252,3470,3722
1229,2019-06-07,313,3548,3861
1229,2019-06-08,121,2519,2640
1229,2019-06-09,28,2350,2378
1229,2019-06-10,76,1756,1832
1229,2019-06-11,285,3277,3562
1229,2019-06-12,341,3173,3514
1229,2019-06-13,292,3500,3792
1229,2019-06-14,319,3502,3821
1229,2019-06-15,126,2937,3063
1229,2019-06-16,39,2560,2599
1229,2019-06-17,328,3386,3714
1229,2019-06-18,348,3443,3791
1229,2019-06-19,306,3268,3574
1229,2019-06-20,220,3451,3671
1229,2019-06-21,276,3531,3807
1229,2019-06-22,118,2462,2580
1229,2019-06-23,79,2041,2120
1229,2019-06-24,319,3230,3549
1229,2019-06-25,301,3348,3649
1229,2019-06-26,338,3202,3540
1229,2019-06-27,296,3611,3907
1229,2019-06-28,320,3676,3996
1229,2019-06-29,120,2898,3018
1229,2019-06-30,43,2267,2310
1229,2019-07-01,311,3397,3708
1229,2019-07-02,373,3584,3957
1229,2019-07-03,322,3874,4196
1229,2019-07-04,343,4231,4574
1229,2019-07-05,289,4008,4297
1229,2019-07-06,97,3083,3180
1229,2019-07-07,32,2368,2400
1229,2019-07-08,356,3623,3979
1229,2019-07-09,335,3853,4188
1229,2019-07-10,288,3857,4145
1229,2019-07-11,304,3502,3806
1229,2019-07-12,317,3428,3745
1229,2019-07-13,112,2599,2711
1229,2019-07-14,33,2141,2174
1229,2019-07-15,306,3210,3516
1229,2019-07-16,321,3341,3662
1229,2019-07-17,296,3332,3628
1229,2019-07-18,280,3323,3603
1229,2019-07-19,288,3454,3742
1229,2019-07-20,96,2430,2526
1229,2019-07-21,27,2318,2345
1229,2019-07-22,289,2980,3269
1229,2019-07-23,270,3212,3482
1229,2019-07-24,293,3157,3450
1229,2019-07-25,264,3065,3329
1229,2019-07-26,231,2990,3221
1229,2019-07-27,76,2190,2266
1229,2019-07-28,29,1783,1812
1229,2019-07-29,224,3520,3744
1229,2019-07-30,249,3782,4031
1229,2019-07-31,204,3124,3328
1229,2019-08-01,231,3050,3281
1229,2019-08-02,196,2933,3129
1229,2019-08-03,112,2371,2483
1229,2019-08-04,40,2188,2228
1229,2019-08-05,188,2519,2707
1229,2019-08-06,206,2812,3018
1229,2019-08-07,169,2745,2914
1229,2019-08-08,171,2879,3050
1229,2019-08-09,191,2886,3077
1229,2019-08-10,102,2039,2141
1229,2019-08-11,27,1879,1906
1229,2019-08-12,164,2668,2832
1229,2019-08-13,182,2835,3017
1229,2019-08-14,186,2914,3100
1229,2019-08-15,39,1845,1884
1229,2019-08-16,169,2668,2837
1229,2019-08-17,69,1993,2062
1229,2019-08-18,41,1573,1614
1229,2019-08-19,284,2847,3131
1229,2019-08-20,258,2958,3216
1229,2019-08-21,222,3095,3317
1229,2019-08-22,251,3165,3416
1229,2019-08-23,234,3187,3421
1229,2019-08-24,104,2556,2660
1229,2019-08-25,38,2556,2594
1229,2019-08-26,269,2932,3201
1229,2019-08-27,264,3237,3501
1229,2019-08-28,259,3285,3544
1229,2019-08-29,244,3212,3456
1229,2019-08-30,273,3177,3450
1229,2019-08-31,88,2393,2481
1229,2019-09-01,34,1860,1894
1229,2019-09-02,261,2992,3253
1229,2019-09-03,267,3027,3294
1229,2019-09-04,262,3173,3435
1229,2019-09-05,255,3145,3400
1229,2019-09-06,282,3269,3551
1229,2019-09-07,88,2190,2278
1229,2019-09-08,36,1887,1923
1229,2019-09-09,264,3104,3368
1229,2019-09-10,277,3197,3474
1229,2019-09-11,277,3346,3623
1229,2019-09-12,260,3376,3636
1229,2019-09-13,335,3501,3836
1229,2019-09-14,116,2702,2818
1229,2019-09-15,38,2479,2517
1229,2019-09-16,361,3199,3560
1229,2019-09-17,354,3373,3727
1229,2019-09-18,300,3505,3805
1229,2019-09-19,280,3496,3776
1229,2019-09-20,309,3478,3787
1229,2019-09-21,106,2762,2868
1229,2019-09-22,29,2217,2246
1229,2019-09-23,318,3070,3388
1229,2019-09-24,356,3361,3717
1229,2019-09-25,295,3320,3615
1229,2019-09-26,271,3262,3533
1229,2019-09-27,255,3435,3690
1229,2019-09-28,82,2391,2473
1229,2019-09-29,8,1735,1743
1229,2019-09-30,269,3255,3524
1229,2019-10-01,296,3460,3756
1229,2019-10-02,278,3392,3670
1229,2019-10-03,219,3488,3707
1229,2019-10-04,226,3281,3507
1229,2019-10-05,82,2372,2454
1229,2019-10-06,17,1784,1801
1229,2019-10-07,249,3158,3407
1229,2019-10-08,251,3343,3594
1229,2019-10-09,230,3306,3536
1229,2019-10-10,241,3382,3623
1229,2019-10-11,279,3453,3732
1229,2019-10-12,96,2654,2750
1229,2019-10-13,29,2280,2309
1229,2019-10-14,267,3440,3707
1229,2019-10-15,322,3259,3581
1229,2019-10-16,311,3323,3634
1229,2019-10-17,240,3369,3609
1229,2019-10-18,268,3518,3786
1229,2019-10-19,76,2292,2368
1229,2019-10-20,25,1709,1734
1229,2019-10-21,288,3077,3365
1229,2019-10-22,295,3251,3546
1229,2019-10-23,350,3403,3753
1229,2019-10-24,306,3434,3740
1229,2019-10-25,260,3503,3763
1229,2019-10-26,93,2534,2627
1229,2019-10-27,15,1724,1739
1229,2019-10-28,254,3210,3464
1229,2019-10-29,275,3297,3572
1229,2019-10-30,243,3307,3550
1229,2019-11-01,20,1616,1636
1229,2019-11-02,104,2258,2362
1229,2019-11-03,16,1534,1550
1229,2019-11-04,243,3291,3534
1229,2019-11-05,289,3347,3636
1229,2019-11-06,309,3378,3687
1229,2019-11-07,226,3472,3698
1229,2019-11-08,289,3481,3770
1229,2019-11-09,98,2339,2437
1229,2019-11-10,20,1880,1900
1229,2019-11-11,259,3044,3303
1229,2019-11-12,241,3199,3440
1229,2019-11-13,287,3157,3444
1229,2019-11-14,311,3233,3544
1229,2019-11-15,260,3466,3726
1229,2019-11-16,102,2202,2304
1229,2019-11-17,21,1528,1549
1229,2019-11-18,207,3120,3327
1229,2019-11-19,285,3248,3533
1229,2019-11-20,253,3198,3451
1229,2019-11-21,291,3253,3544
1229,2019-11-22,285,3344,3629
1229,2019-11-23,107,2212,2319
1229,2019-11-24,17,1596,1613
1229,2019-11-25,281,2997,3278
1229,2019-11-26,278,3320,3598
1229,2019-11-27,268,3261,3529
1229,2019-11-28,254,3375,3629
1229,2019-11-29,249,3451,3700
1229,2019-11-30,73,2232,2305
1229,2019-12-01,11,1321,1332
1229,2019-12-02,262,3105,3367
1229,2019-12-03,259,3258,3517
1229,2019-12-04,275,3232,3507
1229,2019-12-05,249,3239,3488
1229,2019-12-06,200,3143,3343
1229,2019-12-07,93,2214,2307
1229,2019-12-08,15,1525,1540
1229,2019-12-09,223,3181,3404
1229,2019-12-10,270,3239,3509
1229,2019-12-11,222,3126,3348
1229,2019-12-12,215,3163,3378
1229,2019-12-13,243,3246,3489
1229,2019-12-14,81,2100,2181
1229,2019-12-15,21,1509,1530
1229,2019-12-16,268,3132,3400
1229,2019-12-17,266,3208,3474
1229,2019-12-18,319,3204,3523
1229,2019-12-19,274,3434,3708
1229,2019-12-20,189,3261,3450
1229,2019-12-21,86,2002,2088
1229,2019-12-22,17,1293,1310
1229,2019-12-23,131,2140,2271
1229,2019-12-24,93,1656,1749
1229,2019-12-25,4,1256,1260
1229,2019-12-26,17,1165,1182
1229,2019-12-27,110,2029,2139
1229,2019-12-28,83,1854,1937
1229,2019-12-29,23,1262,1285
1229,2019-12-30,114,2003,2117
1229,2019-12-31,115,1599,1714
1230,2019-01-01,32,1541,1573
1230,2019-01-02,286,3781,4067
1230,2019-01-03,330,4146,4476
1230,2019-01-05,231,3122,3353
1230,2019-01-06,60,2440,2500
1230,2019-01-07,388,5017,5405
1230,2019-01-08,435,5227,5662
1230,2019-01-09,435,5243,5678
1230,2019-01-10,476,5706,6182
1230,2019-01-11,419,5475,5894
1230,2019-01-12,265,3752,4017
1230,2019-01-13,67,2833,2900
1230,2019-01-14,430,5252,5682
1230,2019-01-15,487,5803,6290
1230,2019-01-16,539,5633,6172
1230,2019-01-17,408,6962,7370
1230,2019-01-19,264,3697,3961
1230,2019-01-20,53,2624,2677
1230,2019-01-21,436,6236,6672
1230,2019-01-22,494,5750,6244
1230,2019-01-23,469,5432,5901
1230,2019-01-24,416,6584,7000
1230,2019-01-25,426,5540,5966
1230,2019-01-26,263,3591,3854
1230,2019-01-27,30,3060,3090
1230,2019-01-28,406,5203,5609
1230,2019-01-29,449,5355,5804
1230,2019-01-30,376,5311,5687
1230,2019-01-31,370,4981,5351
1230,2019-02-02,228,3946,4174
1230,2019-02-03,70,2795,2865
1230,2019-02-04,428,5034,5462
1230,2019-02-05,489,5423,5912
1230,2019-02-06,453,5472,5925
1230,2019-02-07,420,6800,7220
1230,2019-02-08,436,6043,6479
1230,2019-02-09,240,4134,4374
1230,2019-02-10,40,2678,2718
1230,2019-02-11,458,5123,5581
1230,2019-02-12,503,5362,5865
1230,2019-02-13,479,5764,6243
1230,2019-02-14,444,5701,6145
1230,2019-02-16,258,3149,3407
1230,2019-02-17,52,2362,2414
1230,2019-02-18,390,4268,4658
1230,2019-02-19,374,5054,5428
1230,2019-02-20,405,4598,5003
1230,2019-02-21,393,4462,4855
1230,2019-02-22,381,4448,4829
1230,2019-02-23,246,3300,3546
1230,2019-02-24,60,2652,2712
1230,2019-02-25,456,5234,5690
1230,2019-02-26,457,5373,5830
1230,2019-02-27,501,5730,6231
1230,2019-02-28,442,6390,6832
1230,2019-03-02,287,3518,3805
1230,2019-03-03,54,2710,2764
1230,2019-03-04,380,5612,5992
1230,2019-03-05,374,6192,6566
1230,2019-03-06,487,5490,5977
1230,2019-03-07,468,7050,7518
1230,2019-03-08,470,6618,7088
1230,2019-03-09,320,4186,4506
1230,2019-03-10,60,2942,3002
1230,2019-03-11,476,6184,6660
1230,2019-03-12,524,6134,6658
1230,2019-03-13,444,6760,7204
1230,2019-03-14,434,7478,7912
1230,2019-03-15,445,5845,6290
1230,2019-03-17,48,2972,3020
1230,2019-03-18,430,6082,6512
1230,2019-03-19,506,5978,6484
1230,2019-03-20,481,5815,6296
1230,2019-03-21,540,5785,6325
1230,2019-03-22,512,5799,6311
1230,2019-03-23,266,3713,3979
1230,2019-03-24,71,2920,2991
1230,2019-03-25,470,5333,5803
1230,2019-03-26,468,5583,6051
1230,2019-03-27,516,5783,6299
1230,2019-03-28,529,5757,6286
1230,2019-03-29,464,6950,7414
1230,2019-04-01,491,5382,5873
1230,2019-04-02,516,5606,6122
1230,2019-04-03,503,5675,6178
1230,2019-04-04,458,5766,6224
1230,2019-04-05,469,5637,6106
1230,2019-04-07,70,2819,2889
1230,2019-04-08,520,4915,5435
1230,2019-04-09,452,5970,6422
1230,2019-04-10,553,5763,6316
1230,2019-04-11,544,5452,5996
1230,2019-04-12,543,5011,5554
1230,2019-04-14,80,2594,2674
1230,2019-04-15,513,4735,5248
1230,2019-04-16,505,4848,5353
1230,2019-04-17,570,4082,4652
1230,2019-04-18,512,5037,5549
1230,2019-04-19,463,4832,5295
1230,2019-04-20,289,3412,3701
1230,2019-04-21,58,2576,2634
1230,2019-04-22,47,2501,2548
1230,2019-04-23,453,5293,5746
1230,2019-04-24,426,6388,6814
1230,2019-04-25,486,6306,6792
1230,2019-05-15,486,6018,6504
1230,2019-05-16,461,5779,6240
1230,2019-05-17,485,6017,6502
1230,2019-05-18,276,3890,4166
1230,2019-05-19,53,2949,3002
1230,2019-05-20,433,5676,6109
1230,2019-05-21,435,5694,6129
1230,2019-05-22,418,5889,6307
1230,2019-05-23,455,5805,6260
1230,2019-05-24,452,5767,6219
1230,2019-05-25,269,3313,3582
1230,2019-05-26,41,2522,2563
1230,2019-05-27,421,4639,5060
1230,2019-05-28,415,4824,5239
1230,2019-05-29,442,5100,5542
1230,2019-05-30,44,2417,2461
1230,2019-05-31,341,4630,4971
1230,2019-06-01,226,3286,3512
1230,2019-06-02,56,3164,3220
1230,2019-06-03,464,5493,5957
1230,2019-06-04,496,5783,6279
1230,2019-06-05,547,5932,6479
1230,2019-06-06,465,5831,6296
1230,2019-06-07,495,6095,6590
1230,2019-06-08,294,3739,4033
1230,2019-06-09,44,2960,3004
1230,2019-06-10,38,2261,2299
1230,2019-06-11,489,5671,6160
1230,2019-06-12,473,6114,6587
1230,2019-06-18,432,5945,6377
1230,2019-06-19,441,5794,6235
1230,2019-06-20,465,5916,6381
1230,2019-06-21,453,5912,6365
1230,2019-06-22,276,3639,3915
1230,2019-06-23,64,2893,2957
1230,2019-06-24,546,6210,6756
1230,2019-06-25,544,6826,7370
1230,2019-06-26,456,6201,6657
1230,2019-06-27,448,6339,6787
1230,2019-06-28,530,6458,6988
1230,2019-06-29,316,4681,4997
1230,2019-06-30,74,3879,3953
1230,2019-07-01,492,6310,6802
1230,2019-07-02,488,5784,6272
1230,2019-07-03,517,5383,5900
1230,2019-07-04,444,5784,6228
1230,2019-07-05,470,5749,6219
1230,2019-07-06,276,4058,4334
1230,2019-07-07,67,2919,2986
1230,2019-07-08,454,5271,5725
1230,2019-07-09,449,5385,5834
1230,2019-07-10,450,5388,5838
1230,2019-07-11,414,5658,6072
1230,2019-07-12,451,5634,6085
1230,2019-07-13,267,3495,3762
1230,2019-07-14,41,2524,2565
1230,2019-07-15,427,4867,5294
1230,2019-07-16,433,5113,5546
1230,2019-07-17,420,5164,5584
1230,2019-07-18,410,5263,5673
1230,2019-07-19,403,5421,5824
1230,2019-07-20,269,3406,3675
1230,2019-07-21,50,2797,2847
1230,2019-07-22,393,4734,5127
1230,2019-07-23,352,5132,5484
1230,2019-07-24,434,5912,6346
1230,2019-07-25,365,5414,5779
1230,2019-07-26,340,5160,5500
1230,2019-07-27,235,3236,3471
1230,2019-07-28,75,2435,2510
1230,2019-07-29,313,4611,4924
1230,2019-07-30,314,4733,5047
1230,2019-07-31,361,4725,5086
1230,2019-08-01,333,4704,5037
1230,2019-08-02,342,4597,4939
1230,2019-08-03,243,3065,3308
1230,2019-08-04,52,2613,2665
1230,2019-08-05,301,4289,4590
1230,2019-08-06,319,4387,4706
1230,2019-08-07,340,5332,5672
1230,2019-08-08,336,4607,4943
1230,2019-08-09,324,4197,4521
1230,2019-08-10,243,2756,2999
1230,2019-08-11,52,2212,2264
1230,2019-08-12,333,3992,4325
1230,2019-08-13,333,4153,4486
1230,2019-08-14,344,4325,4669
1230,2019-08-15,44,2175,2219
1230,2019-08-16,334,3950,4284
1230,2019-08-17,228,2647,2875
1230,2019-08-18,44,2061,2105
1230,2019-08-19,337,4135,4472
1230,2019-08-20,386,4259,4645
1230,2019-08-21,373,4467,4840
1230,2019-08-22,366,4613,4979
1230,2019-08-23,360,4589,4949
1230,2019-08-24,241,3197,3438
1230,2019-08-25,67,2870,2937
1230,2019-08-26,377,4794,5171
1230,2019-08-27,367,5043,5410
1230,2019-08-28,408,4747,5155
1230,2019-08-29,369,4956,5325
1230,2019-08-30,391,5023,5414
1230,2019-08-31,279,3642,3921
1230,2019-09-01,61,2604,2665
1230,2019-09-02,382,5237,5619
1230,2019-09-03,381,5100,5481
1230,2019-09-04,421,5087,5508
1230,2019-09-05,417,5109,5526
1230,2019-09-06,400,5405,5805
1230,2019-09-07,276,3709,3985
1230,2019-09-08,64,2642,2706
1230,2019-09-09,419,4964,5383
1230,2019-09-10,414,5576,5990
1230,2019-09-11,409,5166,5575
1230,2019-09-12,404,5898,6302
1230,2019-09-13,425,5524,5949
1230,2019-09-14,276,3970,4246
1230,2019-09-15,51,3100,3151
1230,2019-09-16,407,5104,5511
1230,2019-09-17,12,33,45
1230,2019-09-26,207,3739,3946
1230,2019-09-27,317,5496,5813
1230,2019-09-28,199,3729,3928
1230,2019-09-29,37,2398,2435
1230,2019-09-30,311,5188,5499
1230,2019-10-01,291,5105,5396
1230,2019-10-02,312,5356,5668
1230,2019-10-03,430,5882,6312
1230,2019-10-04,402,5783,6185
1230,2019-10-05,263,4066,4329
1230,2019-10-06,56,3113,3169
1230,2019-10-07,413,5515,5928
1230,2019-10-08,396,5841,6237
1230,2019-10-09,448,5610,6058
1230,2019-10-10,433,5677,6110
1230,2019-10-11,479,5991,6470
1230,2019-10-12,250,3862,4112
1230,2019-10-13,53,2959,3012
1230,2019-10-14,416,5454,5870
1230,2019-10-15,380,5909,6289
1230,2019-10-16,394,5927,6321
1230,2019-10-17,369,5549,5918
1230,2019-10-18,403,5822,6225
1230,2019-10-19,231,3783,4014
1230,2019-10-20,61,2842,2903
1230,2019-10-21,368,4552,4920
1230,2019-10-22,426,5639,6065
1230,2019-10-23,445,5955,6400
1230,2019-10-24,445,6352,6797
1230,2019-10-25,442,5861,6303
1230,2019-10-26,289,3694,3983
1230,2019-10-27,54,3017,3071
1230,2019-10-28,359,4816,5175
1230,2019-10-29,419,5001,5420
1230,2019-10-30,419,5098,5517
1230,2019-11-01,36,2479,2515
1230,2019-11-02,237,3198,3435
1230,2019-11-03,49,2507,2556
1230,2019-11-04,386,5536,5922
1230,2019-11-05,417,5788,6205
1230,2019-11-06,437,5703,6140
1230,2019-11-07,391,5894,6285
1230,2019-11-08,443,5883,6326
1230,2019-11-09,267,3757,4024
1230,2019-11-10,56,2895,2951
1230,2019-11-11,413,5639,6052
1230,2019-11-12,387,6080,6467
1230,2019-11-13,465,5759,6224
1230,2019-11-14,461,6206,6667
1230,2019-11-15,489,5900,6389
1230,2019-11-16,255,3798,4053
1230,2019-11-17,53,2809,2862
1230,2019-11-18,430,5729,6159
1230,2019-11-19,530,7864,8394
1230,2019-11-20,526,7664,8190
1230,2019-11-21,457,5953,6410
1230,2019-11-22,446,7008,7454
1230,2019-11-23,257,3774,4031
1230,2019-11-24,54,2956,3010
1230,2019-11-25,399,5398,5797
1230,2019-11-26,410,6058,6468
1230,2019-11-27,398,5772,6170
1230,2019-11-28,416,5983,6399
1230,2019-11-29,427,5906,6333
1230,2019-11-30,275,4204,4479
1230,2019-12-01,63,2646,2709
1230,2019-12-02,426,5612,6038
1230,2019-12-03,422,5735,6157
1230,2019-12-04,472,5921,6393
1230,2019-12-05,468,6064,6532
1230,2019-12-06,414,5689,6103
1230,2019-12-07,249,3941,4190
1230,2019-12-08,48,2779,2827
1230,2019-12-09,371,5727,6098
1230,2019-12-10,452,5775,6227
1230,2019-12-11,401,6037,6438
1230,2019-12-12,433,5984,6417
1230,2019-12-13,378,5923,6301
1230,2019-12-14,242,3840,4082
1230,2019-12-15,55,3060,3115
1230,2019-12-16,429,5568,5997
1230,2019-12-17,431,5725,6156
1230,2019-12-18,455,5697,6152
1230,2019-12-19,483,6321,6804
1230,2019-12-20,408,5991,6399
1230,2019-12-21,242,3790,4032
1230,2019-12-22,57,2670,2727
1230,2019-12-23,292,4708,5000
1230,2019-12-24,250,3467,3717
1230,2019-12-25,28,1720,1748
1230,2019-12-26,49,1799,1848
1230,2019-12-27,288,3636,3924
1230,2019-12-28,240,2839,3079
1230,2019-12-29,67,2262,2329
1230,2019-12-30,282,3841,4123
1230,2019-12-31,266,3288,3554
1231,2019-01-01,18,1418,1436
1231,2019-01-02,115,3893,4008
1231,2019-01-04,125,4240,4365
1231,2019-01-05,120,2990,3110
1231,2019-01-06,15,1995,2010
1231,2019-01-07,162,5484,5646
1231,2019-01-08,170,5840,6010
1231,2019-01-09,155,5522,5677
1231,2019-01-10,163,5648,5811
1231,2019-01-11,141,5425,5566
1231,2019-01-12,106,3076,3182
1231,2019-01-13,16,2070,2086
1231,2019-01-14,207,5568,5775
1231,2019-01-15,179,6379,6558
1231,2019-01-16,187,5867,6054
1231,2019-01-18,194,5720,5914
1231,2019-01-19,93,3151,3244
1231,2019-01-20,16,2191,2207
1231,2019-01-21,188,6060,6248
1231,2019-01-22,187,6226,6413
1231,2019-01-23,158,5677,5835
1231,2019-01-24,159,5509,5668
1231,2019-01-25,218,5836,6054
1231,2019-01-26,95,3193,3288
1231,2019-01-27,26,2134,2160
1231,2019-01-28,188,5842,6030
1231,2019-01-29,157,5795,5952
1231,2019-01-30,171,5649,5820
1231,2019-02-01,186,5526,5712
1231,2019-02-02,96,2989,3085
1231,2019-02-03,18,2123,2141
1231,2019-02-04,171,5258,5429
1231,2019-02-05,178,5933,6111
1231,2019-02-06,173,5811,5984
1231,2019-02-07,194,6588,6782
1231,2019-02-08,197,5999,6196
1231,2019-02-09,108,3204,3312
1231,2019-02-10,16,1980,1996
1231,2019-02-11,206,5854,6060
1231,2019-02-12,205,5955,6160
1231,2019-02-13,196,6192,6388
1231,2019-02-15,186,5802,5988
1231,2019-02-16,95,3097,3192
1231,2019-02-17,20,2213,2233
1231,2019-02-18,142,4870,5012
1231,2019-02-19,162,5336,5498
1231,2019-02-20,142,5208,5350
1231,2019-02-21,158,5176,5334
1231,2019-02-22,160,4945,5105
1231,2019-02-23,94,3093,3187
1231,2019-02-24,22,2539,2561
1231,2019-02-25,199,5459,5658
1231,2019-02-26,206,5876,6082
1231,2019-02-27,286,5871,6157
1231,2019-03-01,232,5632,5864
1231,2019-03-02,137,3136,3273
1231,2019-03-03,19,2132,2151
1231,2019-03-04,140,4694,4834
1231,2019-03-05,158,5596,5754
1231,2019-03-06,196,5629,5825
1231,2019-03-07,208,6732,6940
1231,2019-03-08,186,6054,6240
1231,2019-03-09,130,3562,3692
1231,2019-03-10,18,2408,2426
1231,2019-03-11,214,5746,5960
1231,2019-03-12,312,9052,9364
1231,2019-03-13,184,6552,6736
1231,2019-03-15,164,5630,5794
1231,2019-03-16,99,3231,3330
1231,2019-03-17,20,2138,2158
1231,2019-03-18,198,5579,5777
1231,2019-03-19,204,6335,6539
1231,2019-03-20,198,6110,6308
1231,2019-03-21,187,6323,6510
1231,2019-03-22,188,5810,5998
1231,2019-03-23,119,3661,3780
1231,2019-03-24,26,2456,2482
1231,2019-03-25,200,6388,6588
1231,2019-03-26,184,6223,6407
1231,2019-03-27,188,6104,6292
1231,2019-04-04,356,5781,6137
1231,2019-04-05,335,5509,5844
1231,2019-04-06,219,3411,3630
1231,2019-04-07,84,2424,2508
1231,2019-04-08,400,5059,5459
1231,2019-04-09,368,5190,5558
1231,2019-04-10,389,5546,5935
1231,2019-04-11,371,5138,5509
1231,2019-04-12,417,5006,5423
1231,2019-04-13,227,2899,3126
1231,2019-04-14,75,1983,2058
1231,2019-04-15,462,4720,5182
1231,2019-04-16,375,4838,5213
1231,2019-04-17,430,5850,6280
1231,2019-04-18,390,4972,5362
1231,2019-04-19,264,4575,4839
1231,2019-04-20,191,3163,3354
1231,2019-04-21,63,2264,2327
1231,2019-04-22,75,2227,2302
1231,2019-04-23,351,5466,5817
1231,2019-04-24,388,5413,5801
1231,2019-04-25,329,5376,5705
1231,2019-04-26,327,5358,5685
1231,2019-04-27,170,3302,3472
1231,2019-04-28,47,2293,2340
1231,2019-04-29,319,5153,5472
1231,2019-04-30,323,5770,6093
1231,2019-05-01,52,2179,2231
1231,2019-05-02,321,5625,5946
1231,2019-05-03,313,5246,5559
1231,2019-05-04,151,3099,3250
1231,2019-05-05,75,2408,2483
1231,2019-05-06,344,5393,5737
1231,2019-05-07,396,5963,6359
1231,2019-05-08,362,5989,6351
1231,2019-05-09,68,2575,2643
1231,2019-05-10,290,4914,5204
1231,2019-05-11,144,3057,3201
1231,2019-05-12,50,2589,2639
1231,2019-05-13,376,5443,5819
1231,2019-05-14,404,5998,6402
1231,2019-05-15,457,6307,6764
1231,2019-05-16,521,5742,6263
1231,2019-05-17,615,5636,6251
1231,2019-05-18,141,3414,3555
1231,2019-05-19,27,2256,2283
1231,2019-05-20,351,5572,5923
1231,2019-05-21,387,5908,6295
1231,2019-05-22,414,5834,6248
1231,2019-05-23,421,5826,6247
1231,2019-05-24,425,5653,6078
1231,2019-05-25,212,3613,3825
1231,2019-05-26,41,2427,2468
1231,2019-05-27,395,5072,5467
1231,2019-05-28,334,4957,5291
1231,2019-05-29,361,5289,5650
1231,2019-05-30,36,2258,2294
1231,2019-05-31,281,4289,4570
1231,2019-06-01,160,3395,3555
1231,2019-06-02,50,2573,2623
1231,2019-06-03,372,5448,5820
1231,2019-06-04,357,5942,6299
1231,2019-06-05,381,5873,6254
1231,2019-06-06,389,5659,6048
1231,2019-06-07,362,5540,5902
1231,2019-06-08,148,3484,3632
1231,2019-06-09,41,2554,2595
1231,2019-06-10,42,2057,2099
1231,2019-06-11,309,5647,5956
1231,2019-06-12,365,6239,6604
1231,2019-06-18,406,5826,6232
1231,2019-06-19,373,5708,6081
1231,2019-06-20,324,5378,5702
1231,2019-06-21,334,5392,5726
1231,2019-06-22,176,3383,3559
1231,2019-06-23,33,2216,2249
1231,2019-06-24,418,5416,5834
1231,2019-06-25,473,5804,6277
1231,2019-06-26,375,5677,6052
1231,2019-06-27,370,5806,6176
1231,2019-06-28,410,6062,6472
1231,2019-06-29,197,3827,4024
1231,2019-06-30,52,2677,2729
1231,2019-07-01,396,5462,5858
1231,2019-07-11,296,4633,4929
1231,2019-07-12,278,4925,5203
1231,2019-07-13,152,3214,3366
1231,2019-07-14,45,2420,2465
1231,2019-07-15,336,4790,5126
1231,2019-07-16,344,5056,5400
1231,2019-07-23,366,4821,5187
1231,2019-07-24,350,5050,5400
1231,2019-07-25,263,4541,4804
1231,2019-07-26,244,4512,4756
1231,2019-07-27,139,2642,2781
1231,2019-07-28,33,2144,2177
1231,2019-07-29,250,4116,4366
1231,2019-07-30,273,4291,4564
1231,2019-07-31,279,4336,4615
1231,2019-08-01,260,4461,4721
1231,2019-08-02,279,4227,4506
1231,2019-08-03,159,2565,2724
1231,2019-08-04,63,2176,2239
1231,2019-08-05,229,3978,4207
1231,2019-08-06,234,4268,4502
1231,2019-08-07,269,5098,5367
1231,2019-08-08,250,4337,4587
1231,2019-08-09,246,4004,4250
1231,2019-08-10,135,2662,2797
1231,2019-08-11,45,1993,2038
1231,2019-08-12,255,4172,4427
1231,2019-08-13,255,4402,4657
1231,2019-08-14,241,4445,4686
1231,2019-08-15,33,2113,2146
1231,2019-08-16,261,3813,4074
1231,2019-08-17,142,2413,2555
1231,2019-08-18,34,1839,1873
1231,2019-08-19,248,4391,4639
1231,2019-08-20,313,4773,5086
1231,2019-08-21,300,4808,5108
1231,2019-08-22,290,4827,5117
1231,2019-08-23,335,4700,5035
1231,2019-08-24,207,2852,3059
1231,2019-08-25,87,2331,2418
1231,2019-08-26,404,4717,5121
1231,2019-08-27,424,5152,5576
1231,2019-08-28,413,4841,5254
1231,2019-08-29,416,4841,5257
1231,2019-08-30,380,4722,5102
1231,2019-08-31,195,2816,3011
1231,2019-09-01,95,2087,2182
1231,2019-09-02,401,5340,5741
1231,2019-09-03,371,4890,5261
1231,2019-09-04,361,4955,5316
1231,2019-09-05,426,5070,5496
1231,2019-09-06,362,4732,5094
1231,2019-09-07,195,2720,2915
1231,2019-09-08,103,2246,2349
1231,2019-09-09,304,4698,5002
1231,2019-09-10,305,5424,5729
1231,2019-09-11,334,4995,5329
1231,2019-09-12,450,5358,5808
1231,2019-09-13,373,5214,5587
1231,2019-09-14,282,3222,3504
1231,2019-09-15,93,2537,2630
1231,2019-09-16,331,5137,5468
1231,2019-09-17,335,5738,6073
1231,2019-09-18,370,5864,6234
1231,2019-09-19,334,5714,6048
1231,2019-09-20,411,5441,5852
1231,2019-09-21,187,3327,3514
1231,2019-09-22,38,2474,2512
1231,2019-09-23,349,5416,5765
1231,2019-09-24,385,5919,6304
1231,2019-09-25,392,5580,5972
1231,2019-09-26,325,5792,6117
1231,2019-09-27,360,5450,5810
1231,2019-09-28,138,3422,3560
1231,2019-09-29,34,2226,2260
1231,2019-09-30,347,5544,5891
1231,2019-10-01,322,5806,6128
1231,2019-10-02,322,5494,5816
1231,2019-10-03,281,5473,5754
1231,2019-10-04,329,5389,5718
1231,2019-10-05,160,3470,3630
1231,2019-10-06,50,2681,2731
1231,2019-10-07,292,5241,5533
1231,2019-10-08,348,5820,6168
1231,2019-10-09,352,5355,5707
1231,2019-10-10,334,5512,5846
1231,2019-10-11,375,5665,6040
1231,2019-10-12,165,3335,3500
1231,2019-10-13,39,2546,2585
1231,2019-10-14,332,5455,5787
1231,2019-10-15,285,5950,6235
1231,2019-10-16,344,6041,6385
1231,2019-10-17,289,5754,6043
1231,2019-10-18,334,5516,5850
1231,2019-10-19,154,3272,3426
1231,2019-10-20,34,2126,2160
1231,2019-10-21,352,5419,5771
1231,2019-10-22,334,5938,6272
1231,2019-10-23,353,6024,6377
1231,2019-10-24,339,6163,6502
1231,2019-10-25,397,5531,5928
1231,2019-10-26,205,3524,3729
1231,2019-10-27,36,2251,2287
1231,2019-10-28,313,5126,5439
1231,2019-10-29,406,5215,5621
1231,2019-10-30,327,5228,5555
1231,2019-11-01,40,1871,1911
1231,2019-11-02,162,2916,3078
1231,2019-11-03,53,2011,2064
1231,2019-11-04,334,5538,5872
1231,2019-11-05,307,5908,6215
1231,2019-11-06,366,5726,6092
1231,2019-11-07,316,5701,6017
1231,2019-11-08,338,5591,5929
1231,2019-11-09,165,3320,3485
1231,2019-11-10,42,2219,2261
1231,2019-11-11,337,5578,5915
1231,2019-11-12,292,6401,6693
1231,2019-11-13,331,6020,6351
1231,2019-11-14,339,6253,6592
1231,2019-11-15,328,5637,5965
1231,2019-11-16,169,3362,3531
1231,2019-11-17,40,2078,2118
1231,2019-11-18,250,5865,6115
1231,2019-11-19,365,6390,6755
1231,2019-11-20,354,7112,7466
1231,2019-11-21,316,6340,6656
1231,2019-11-22,378,5826,6204
1231,2019-11-23,184,3181,3365
1231,2019-11-24,43,2389,2432
1231,2019-11-25,289,5432,5721
1231,2019-11-26,309,6021,6330
1231,2019-11-27,280,5662,5942
1231,2019-11-28,320,5800,6120
1231,2019-11-29,321,5446,5767
1231,2019-11-30,152,3207,3359
1231,2019-12-01,42,1929,1971
1231,2019-12-02,326,5553,5879
1231,2019-12-03,351,5794,6145
1231,2019-12-04,365,5789,6154
1231,2019-12-05,345,5824,6169
1231,2019-12-06,325,5281,5606
1231,2019-12-07,162,3235,3397
1231,2019-12-08,32,2052,2084
1231,2019-12-09,312,6684,6996
1231,2019-12-10,348,6021,6369
1231,2019-12-11,293,5901,6194
1231,2019-12-12,316,5898,6214
1231,2019-12-13,327,5540,5867
1231,2019-12-14,139,3299,3438
1231,2019-12-15,47,2240,2287
1231,2019-12-16,316,5300,5616
1231,2019-12-17,325,5734,6059
1231,2019-12-18,335,5542,5877
1231,2019-12-19,350,6122,6472
1231,2019-12-20,286,4890,5176
1231,2019-12-21,149,3107,3256
1231,2019-12-22,32,1944,1976
1231,2019-12-23,192,4042,4234
1231,2019-12-24,140,2852,2992
1231,2019-12-25,21,1556,1577
1231,2019-12-26,27,1580,1607
1231,2019-12-27,161,3167,3328
1231,2019-12-28,138,2691,2829
1231,2019-12-29,35,1911,1946
1231,2019-12-30,161,3459,3620
1231,2019-12-31,157,2715,2872
1232,2019-01-01,59,4929,4988
1232,2019-01-02,459,13515,13974
1232,2019-01-03,507,14306,14813
1232,2019-01-05,270,11182,11452
1232,2019-01-06,111,8715,8826
1232,2019-01-07,702,15425,16127
1232,2019-01-08,743,15748,16491
1232,2019-01-09,750,16197,16947
1232,2019-01-10,812,16477,17289
1232,2019-01-11,740,16271,17011
1232,2019-01-12,348,12070,12418
1232,2019-01-13,90,8594,8684
1232,2019-01-14,744,15854,16598
1232,2019-01-15,812,16206,17018
1232,2019-01-16,924,16153,17077
1232,2019-01-17,898,16283,17181
1232,2019-01-19,346,13068,13414
1232,2019-01-20,114,9969,10083
1232,2019-01-21,913,15445,16358
1232,2019-01-22,982,16223,17205
1232,2019-01-23,829,15534,16363
1232,2019-01-24,915,16387,17302
1232,2019-01-25,795,16478,17273
1232,2019-01-26,313,12604,12917
1232,2019-01-27,141,8579,8720
1232,2019-01-28,762,15428,16190
1232,2019-01-29,918,16529,17447
1232,2019-01-30,746,15074,15820
1232,2019-01-31,658,15545,16203
1232,2019-02-02,305,12290,12595
1232,2019-02-03,97,9314,9411
1232,2019-02-04,860,15959,16819
1232,2019-02-05,931,17011,17942
1232,2019-02-06,896,16267,17163
1232,2019-02-07,821,16595,17416
1232,2019-02-08,929,17088,18017
1232,2019-02-09,389,13162,13551
1232,2019-02-10,241,7844,8085
1232,2019-02-11,823,15853,16676
1232,2019-02-12,986,16168,17154
1232,2019-02-13,908,16241,17149
1232,2019-02-14,944,16947,17891
1232,2019-02-16,361,12571,12932
1232,2019-02-17,106,9812,9918
1232,2019-02-18,834,15384,16218
1232,2019-02-19,914,15352,16266
1232,2019-02-20,899,15905,16804
1232,2019-02-21,919,15862,16781
1232,2019-02-22,874,16215,17089
1232,2019-02-23,422,12408,12830
1232,2019-02-24,141,11392,11533
1232,2019-02-25,913,15961,16874
1232,2019-02-26,1016,16307,17323
1232,2019-02-27,904,16529,17433
1232,2019-02-28,1000,16739,17739
1232,2019-03-02,374,12607,12981
1232,2019-03-03,137,9095,9232
1232,2019-03-04,636,14244,14880
1232,2019-03-05,751,15941,16692
1232,2019-03-06,826,16340,17166
1232,2019-03-07,896,16851,17747
1232,2019-03-08,925,16822,17747
1232,2019-03-09,389,12812,13201
1232,2019-03-10,141,9278,9419
1232,2019-03-11,959,15649,16608
1232,2019-03-12,1036,15853,16889
1232,2019-03-13,982,16316,17298
1232,2019-03-14,929,15999,16928
1232,2019-03-16,337,12601,12938
1232,2019-03-17,152,9476,9628
1232,2019-03-18,927,15744,16671
1232,2019-03-19,1046,16176,17222
1232,2019-03-20,910,16052,16962
1232,2019-03-21,971,16352,17323
1232,2019-03-22,993,17013,18006
1232,2019-03-23,513,14356,14869
1232,2019-03-24,139,10661,10800
1232,2019-03-25,984,15805,16789
1232,2019-03-26,1019,16648,17667
1232,2019-03-27,977,16570,17547
1232,2019-03-28,986,16793,17779
1232,2019-03-30,431,14310,14741
1232,2019-04-01,974,16388,17362
1232,2019-04-02,1089,16716,17805
1232,2019-04-03,1017,16657,17674
1232,2019-04-04,990,16669,17659
1232,2019-04-06,468,12973,13441
1232,2019-04-07,171,9982,10153
1232,2019-04-08,836,11152,11988
1232,2019-04-09,688,9515,10203
1232,2019-04-10,770,10331,11101
1232,2019-04-11,803,10694,11497
1232,2019-04-13,514,10811,11325
1232,2019-04-14,136,8433,8569
1232,2019-04-15,892,11329,12221
1232,2019-04-16,838,11197,12035
1232,2019-04-17,856,11789,12645
1232,2019-04-18,815,11849,12664
1232,2019-04-19,591,13150,13741
1232,2019-04-20,407,12649,13056
1232,2019-04-21,129,9076,9205
1232,2019-04-22,182,9754,9936
1232,2019-04-23,994,15344,16338
1232,2019-05-03,826,16999,17825
1232,2019-05-04,280,12334,12614
1232,2019-05-05,106,9943,10049
1232,2019-05-06,745,16022,16767
1232,2019-05-07,776,16615,17391
1232,2019-05-08,759,16723,17482
1232,2019-05-09,181,10755,10936
1232,2019-05-10,738,16438,17176
1232,2019-05-11,295,12990,13285
1232,2019-05-12,99,10888,10987
1232,2019-05-13,799,15968,16767
1232,2019-05-14,758,16273,17031
1232,2019-05-15,791,16735,17526
1232,2019-05-16,793,16603,17396
1232,2019-05-17,853,17340,18193
1232,2019-05-18,334,12900,13234
1232,2019-05-19,85,10099,10184
1232,2019-05-20,825,16053,16878
1232,2019-05-21,813,16229,17042
1232,2019-05-22,802,16323,17125
1232,2019-05-23,845,16539,17384
1232,2019-05-24,802,17403,18205
1232,2019-05-25,366,13441,13807
1232,2019-05-26,91,10656,10747
1232,2019-05-27,862,15335,16197
1232,2019-05-28,844,15771,16615
1232,2019-05-29,853,16597,17450
1232,2019-05-30,144,8931,9075
1232,2019-05-31,545,15622,16167
1232,2019-06-01,328,12710,13038
1232,2019-06-02,143,11302,11445
1232,2019-06-03,796,16319,17115
1232,2019-06-04,748,16686,17434
1232,2019-06-05,765,16419,17184
1232,2019-06-06,778,16978,17756
1232,2019-06-07,848,17684,18532
1232,2019-06-08,336,13664,14000
1232,2019-06-09,92,10897,10989
1232,2019-06-10,124,8810,8934
1232,2019-06-11,707,16110,16817
1232,2019-06-12,703,16158,16861
1232,2019-06-13,760,16393,17153
1232,2019-06-14,787,17246,18033
1232,2019-06-15,285,14141,14426
1232,2019-06-16,115,11422,11537
1232,2019-06-17,788,17279,18067
1232,2019-06-18,847,17827,18674
1232,2019-06-19,871,17350,18221
1232,2019-06-20,575,19082,19657
1232,2019-06-21,846,18306,19152
1232,2019-06-22,367,13946,14313
1232,2019-06-23,117,10071,10188
1232,2019-06-24,817,17273,18090
1232,2019-06-25,800,17953,18753
1232,2019-06-26,776,18258,19034
1232,2019-06-27,759,18669,19428
1232,2019-06-28,780,18777,19557
1232,2019-06-29,316,13902,14218
1232,2019-06-30,106,11404,11510
1232,2019-07-01,739,16835,17574
1232,2019-07-02,749,17170,17919
1232,2019-07-03,785,17192,17977
1232,2019-07-04,788,16853,17641
1232,2019-07-05,752,17526,18278
1232,2019-07-06,285,13960,14245
1232,2019-07-07,75,10734,10809
1232,2019-07-08,775,16120,16895
1232,2019-07-09,755,16418,17173
1232,2019-07-10,835,16473,17308
1232,2019-07-11,783,16553,17336
1232,2019-07-12,749,17012,17761
1232,2019-07-13,330,13332,13662
1232,2019-07-14,116,10411,10527
1232,2019-07-15,770,16052,16822
1232,2019-07-16,799,16208,17007
1232,2019-07-17,758,16472,17230
1232,2019-07-18,766,16288,17054
1232,2019-07-19,722,16869,17591
1232,2019-07-20,335,12389,12724
1232,2019-07-21,107,10480,10587
1232,2019-07-22,679,15329,16008
1232,2019-07-23,666,16019,16685
1232,2019-07-24,723,15975,16698
1232,2019-07-25,700,15815,16515
1232,2019-07-26,608,16179,16787
1232,2019-07-27,290,11874,12164
1232,2019-07-28,99,9311,9410
1232,2019-07-29,584,15096,15680
1232,2019-07-30,524,15184,15708
1232,2019-07-31,581,15590,16171
1232,2019-08-01,559,15574,16133
1232,2019-08-02,585,15496,16081
1232,2019-08-03,281,11342,11623
1232,2019-08-04,102,9588,9690
1232,2019-08-05,557,14892,15449
1232,2019-08-06,462,15117,15579
1232,2019-08-07,470,15236,15706
1232,2019-08-08,513,15342,15855
1232,2019-08-09,542,14617,15159
1232,2019-08-10,294,11356,11650
1232,2019-08-11,107,9034,9141
1232,2019-08-12,489,14508,14997
1232,2019-08-13,525,15098,15623
1232,2019-08-14,539,15778,16317
1232,2019-08-15,126,9122,9248
1232,2019-08-16,519,14648,15167
1232,2019-08-17,255,10582,10837
1232,2019-08-18,72,8923,8995
1232,2019-08-19,628,14887,15515
1232,2019-08-20,648,15506,16154
1232,2019-08-21,609,15572,16181
1232,2019-08-22,648,15618,16266
1232,2019-08-23,704,16212,16916
1232,2019-08-24,349,12007,12356
1232,2019-08-25,141,10284,10425
1232,2019-08-26,624,14086,14710
1232,2019-08-27,649,15304,15953
1232,2019-08-28,715,14980,15695
1232,2019-08-29,755,15105,15860
1232,2019-08-30,776,16713,17489
1232,2019-08-31,332,11935,12267
1232,2019-09-01,141,9827,9968
1232,2019-09-02,788,15565,16353
1232,2019-09-03,749,16156,16905
1232,2019-09-04,813,15788,16601
1232,2019-09-05,764,16102,16866
1232,2019-09-06,826,15924,16750
1232,2019-09-07,368,12275,12643
1232,2019-09-08,238,9855,10093
1232,2019-09-09,740,15502,16242
1232,2019-09-10,679,15467,16146
1232,2019-09-11,679,15736,16415
1232,2019-09-12,704,15890,16594
1232,2019-09-13,710,16115,16825
1232,2019-09-14,432,12780,13212
1232,2019-09-15,160,10874,11034
1232,2019-09-16,685,15372,16057
1232,2019-09-17,714,16053,16767
1232,2019-09-18,716,16001,16717
1232,2019-09-19,754,16441,17195
1232,2019-09-20,753,16359,17112
1232,2019-09-21,369,12881,13250
1232,2019-09-22,152,9739,9891
1232,2019-09-23,670,14829,15499
1232,2019-09-24,707,15402,16109
1232,2019-09-25,668,15698,16366
1232,2019-09-26,713,16257,16970
1232,2019-09-27,714,16935,17649
1232,2019-09-28,328,13456,13784
1232,2019-09-29,114,9459,9573
1232,2019-09-30,659,15123,15782
1232,2019-10-01,690,15493,16183
1232,2019-10-02,700,15807,16507
1232,2019-10-03,504,16993,17497
1232,2019-10-04,655,16105,16760
1232,2019-10-05,326,13103,13429
1232,2019-10-06,81,9183,9264
1232,2019-10-07,669,15020,15689
1232,2019-10-08,636,15706,16342
1232,2019-10-09,649,15102,15751
1232,2019-10-10,680,16003,16683
1232,2019-10-11,668,16222,16890
1232,2019-10-12,287,13371,13658
1232,2019-10-13,95,10591,10686
1232,2019-10-14,648,15490,16138
1232,2019-10-15,625,15977,16602
1232,2019-10-16,705,16250,16955
1232,2019-10-17,653,15962,16615
1232,2019-10-18,666,16728,17394
1232,2019-10-19,302,12485,12787
1232,2019-10-20,112,9245,9357
1232,2019-10-21,661,15315,15976
1232,2019-10-22,693,15680,16373
1232,2019-10-23,691,15906,16597
1232,2019-10-24,664,15578,16242
1232,2019-10-25,748,16379,17127
1232,2019-10-26,341,13018,13359
1232,2019-10-27,88,9348,9436
1232,2019-10-28,677,15550,16227
1232,2019-10-29,674,15821,16495
1232,2019-10-30,693,15578,16271
1232,2019-11-01,62,7485,7547
1232,2019-11-02,234,11956,12190
1232,2019-11-03,78,8578,8656
1232,2019-11-04,623,14797,15420
1232,2019-11-05,659,15752,16411
1232,2019-11-06,651,15738,16389
1232,2019-11-07,638,15791,16429
1232,2019-11-08,709,15832,16541
1232,2019-11-09,316,12250,12566
1232,2019-11-10,89,9554,9643
1232,2019-11-11,630,15289,15919
1232,2019-11-12,625,15901,16526
1232,2019-11-13,666,15850,16516
1232,2019-11-14,746,15707,16453
1232,2019-11-15,666,16496,17162
1232,2019-11-16,273,12972,13245
1232,2019-11-17,79,9017,9096
1232,2019-11-18,599,15347,15946
1232,2019-11-19,651,15588,16239
1232,2019-11-20,653,15283,15936
1232,2019-11-21,703,15916,16619
1232,2019-11-22,675,16368,17043
1232,2019-11-23,280,12935,13215
1232,2019-11-24,88,9795,9883
1232,2019-11-25,656,15168,15824
1232,2019-11-26,709,16025,16734
1232,2019-11-27,664,16055,16719
1232,2019-11-28,695,16202,16897
1232,2019-11-29,680,16893,17573
1232,2019-11-30,286,13170,13456
1232,2019-12-01,80,8971,9051
1232,2019-12-02,692,15232,15924
1232,2019-12-03,716,15816,16532
1232,2019-12-04,754,15944,16698
1232,2019-12-05,720,16438,17158
1232,2019-12-06,654,16273,16927
1232,2019-12-07,279,12990,13269
1232,2019-12-08,55,9256,9311
1232,2019-12-09,660,15570,16230
1232,2019-12-10,727,16331,17058
1232,2019-12-11,642,15760,16402
1232,2019-12-12,689,16420,17109
1232,2019-12-13,642,16847,17489
1232,2019-12-14,318,13818,14136
1232,2019-12-15,77,9423,9500
1232,2019-12-16,608,15676,16284
1232,2019-12-17,650,16329,16979
1232,2019-12-18,640,16588,17228
1232,2019-12-19,704,16274,16978
1232,2019-12-20,557,16949,17506
1232,2019-12-21,263,12804,13067
1232,2019-12-22,62,8924,8986
1232,2019-12-23,398,15136,15534
1232,2019-12-24,246,11157,11403
1232,2019-12-25,42,5479,5521
1232,2019-12-26,53,6255,6308
1232,2019-12-27,346,12301,12647
1232,2019-12-28,261,10803,11064
1232,2019-12-29,84,7894,7978
1232,2019-12-30,341,13948,14289
1232,2019-12-31,283,11399,11682
1250,2019-01-01,33,1192,1225
1250,2019-01-02,102,2099,2201
1250,2019-01-04,114,2274,2388
1250,2019-01-05,60,1730,1790
1250,2019-01-06,38,1439,1477
1250,2019-01-07,121,2380,2501
1250,2019-01-08,159,2476,2635
1250,2019-01-09,152,2378,2530
1250,2019-01-10,144,2565,2709
1250,2019-01-11,131,2575,2706
1250,2019-01-12,57,1999,2056
1250,2019-01-13,48,1694,1742
1250,2019-01-14,188,2642,2830
1250,2019-01-15,140,2667,2807
1250,2019-01-16,179,2679,2858
1250,2019-01-18,141,2880,3021
1250,2019-01-19,64,2175,2239
1250,2019-01-20,39,1889,1928
1250,2019-01-21,169,2604,2773
1250,2019-01-22,214,2688,2902
1250,2019-01-23,159,2555,2714
1250,2019-01-24,194,2601,2795
1250,2019-01-25,203,2661,2864
1250,2019-01-26,64,2055,2119
1250,2019-01-27,69,1578,1647
1250,2019-01-28,129,2471,2600
1250,2019-01-29,163,2618,2781
1250,2019-01-30,155,2536,2691
1250,2019-02-01,131,2755,2886
1250,2019-02-02,66,2090,2156
1250,2019-02-03,46,1723,1769
1250,2019-02-04,155,2645,2800
1250,2019-02-05,140,2633,2773
1250,2019-02-06,158,2681,2839
1250,2019-02-07,146,2544,2690
1250,2019-02-08,168,2845,3013
1250,2019-02-09,72,2083,2155
1250,2019-02-11,165,2702,2867
1250,2019-02-12,169,2875,3044
1250,2019-02-13,182,2752,2934
1250,2019-02-15,169,2946,3115
1250,2019-02-16,66,2318,2384
1250,2019-02-17,44,2148,2192
1250,2019-02-18,176,2533,2709
1250,2019-02-19,192,2614,2806
1250,2019-02-20,170,2694,2864
1250,2019-02-21,180,2725,2905
1250,2019-02-22,156,2761,2917
1250,2019-02-23,67,2291,2358
1250,2019-02-24,41,2431,2472
1250,2019-02-25,178,2702,2880
1250,2019-02-26,190,2840,3030
1250,2019-02-27,209,2958,3167
1250,2019-03-01,199,2831,3030
1250,2019-03-02,76,2348,2424
1250,2019-03-03,39,1723,1762
1250,2019-03-04,226,2440,2666
1250,2019-03-05,183,2572,2755
1250,2019-03-06,161,2717,2878
1250,2019-03-07,208,2806,3014
1250,2019-03-08,196,2933,3129
1250,2019-03-09,69,2439,2508
1250,2019-03-10,50,1975,2025
1250,2019-03-11,179,2678,2857
1250,2019-03-12,146,2612,2758
1250,2019-03-13,256,2708,2964
1250,2019-03-15,165,2721,2886
1250,2019-03-16,58,2172,2230
1250,2019-03-17,64,1786,1850
1250,2019-03-18,178,2594,2772
1250,2019-03-19,185,2712,2897
1250,2019-03-20,198,2769,2967
1250,2019-03-21,218,2866,3084
1250,2019-03-22,210,2949,3159
1250,2019-03-23,77,2533,2610
1250,2019-03-24,49,2126,2175
1250,2019-03-25,206,2658,2864
1250,2019-03-26,201,2718,2919
1250,2019-03-27,211,2728,2939
1250,2019-03-29,165,2823,2988
1250,2019-03-30,81,2853,2934
1250,2019-04-01,170,2861,3031
1250,2019-04-02,177,2719,2896
1250,2019-04-03,182,2759,2941
1250,2019-04-05,195,3116,3311
1250,2019-04-06,70,2445,2515
1250,2019-04-07,45,2329,2374
1250,2019-04-08,171,2615,2786
1250,2019-04-09,178,2552,2730
1250,2019-04-10,160,2616,2776
1250,2019-04-12,180,2786,2966
1250,2019-04-13,86,2112,2198
1250,2019-04-14,48,1785,1833
1250,2019-04-15,166,2625,2791
1250,2019-04-16,167,2587,2754
1250,2019-04-17,166,2772,2938
1250,2019-04-18,172,2958,3130
1250,2019-04-19,131,3270,3401
1250,2019-04-20,80,2824,2904
1250,2019-04-21,46,2814,2860
1250,2019-04-22,58,2754,2812
1250,2019-04-23,175,2818,2993
1250,2019-04-25,165,2733,2898
1250,2019-04-26,183,2836,3019
1250,2019-04-27,75,2342,2417
1250,2019-04-28,46,1722,1768
1250,2019-04-29,164,2694,2858
1250,2019-04-30,197,2964,3161
1250,2019-05-01,45,2845,2890
1250,2019-05-03,264,2613,2877
1250,2019-05-04,77,2011,2088
1250,2019-05-05,54,1886,1940
1250,2019-05-06,232,2462,2694
1250,2019-05-07,260,2632,2892
1250,2019-05-08,251,2643,2894
1250,2019-05-09,64,1817,1881
1250,2019-05-10,221,2727,2948
1250,2019-05-11,72,1833,1905
1250,2019-05-12,55,2265,2320
1250,2019-05-13,255,2570,2825
1250,2019-05-14,233,2665,2898
1250,2019-05-15,255,2618,2873
1250,2019-05-16,230,2673,2903
1250,2019-05-17,217,2769,2986
1250,2019-05-18,102,2328,2430
1250,2019-05-19,66,2337,2403
1250,2019-05-20,194,2545,2739
1250,2019-05-21,232,2660,2892
1250,2019-05-22,258,2640,2898
1250,2019-05-23,234,2858,3092
1250,2019-05-24,254,2834,3088
1250,2019-05-25,92,2434,2526
1250,2019-05-26,53,2452,2505
1250,2019-05-27,237,2457,2694
1250,2019-05-28,232,2500,2732
1250,2019-05-29,268,2650,2918
1250,2019-05-30,76,2196,2272
1250,2019-05-31,156,2738,2894
1250,2019-06-01,110,2724,2834
1250,2019-06-02,84,3344,3428
1250,2019-06-03,244,2519,2763
1250,2019-06-04,255,2709,2964
1250,2019-06-05,284,2727,3011
1250,2019-06-06,290,2668,2958
1250,2019-06-07,266,3504,3770
1250,2019-06-08,111,2420,2531
1250,2019-06-09,63,2873,2936
1250,2019-06-10,112,2207,2319
1250,2019-06-11,250,2761,3011
1250,2019-06-12,238,2563,2801
1250,2019-06-13,255,2744,2999
1250,2019-06-14,240,2948,3188
1250,2019-06-15,96,2428,2524
1250,2019-06-16,66,2310,2376
1250,2019-06-17,226,2653,2879
1250,2019-06-18,253,2696,2949
1250,2019-06-19,245,2719,2964
1250,2019-06-20,216,2998,3214
1250,2019-06-21,243,3152,3395
1250,2019-06-22,105,2458,2563
1250,2019-06-23,83,2597,2680
1250,2019-06-24,307,2654,2961
1250,2019-06-25,280,2658,2938
1250,2019-06-26,272,2717,2989
1250,2019-06-27,279,2738,3017
1250,2019-06-28,300,3048,3348
1250,2019-06-29,95,2744,2839
1250,2019-06-30,64,2405,2469
1250,2019-07-01,385,2685,3070
1250,2019-07-02,380,2877,3257
1250,2019-07-03,394,2837,3231
1250,2019-07-04,300,2992,3292
1250,2019-07-05,319,3090,3409
1250,2019-07-06,96,2904,3000
1250,2019-07-07,61,2423,2484
1250,2019-07-08,233,2685,2918
1250,2019-07-09,231,2782,3013
1250,2019-07-10,303,2867,3170
1250,2019-07-11,254,2781,3035
1250,2019-07-12,300,2834,3134
1250,2019-07-13,96,2559,2655
1250,2019-07-14,63,2363,2426
1250,2019-07-15,267,2579,2846
1250,2019-07-16,273,2785,3058
1250,2019-07-17,341,2925,3266
1250,2019-07-18,324,2917,3241
1250,2019-07-19,232,2847,3079
1250,2019-07-20,103,2514,2617
1250,2019-07-21,56,2004,2060
1250,2019-07-22,200,2830,3030
1250,2019-07-23,257,2822,3079
1250,2019-07-24,255,2737,2992
1250,2019-07-25,191,2621,2812
1250,2019-07-26,184,2749,2933
1250,2019-07-27,82,2084,2166
1250,2019-07-28,56,1984,2040
1250,2019-07-29,181,2638,2819
1250,2019-07-30,155,2675,2830
1250,2019-07-31,182,2790,2972
1250,2019-08-01,176,2769,2945
1250,2019-08-02,165,2831,2996
1250,2019-08-03,96,2797,2893
1250,2019-08-04,76,2927,3003
1250,2019-08-05,176,2398,2574
1250,2019-08-06,164,2384,2548
1250,2019-08-07,144,2514,2658
1250,2019-08-08,164,2743,2907
1250,2019-08-09,180,2649,2829
1250,2019-08-10,89,2417,2506
1250,2019-08-11,74,2245,2319
1250,2019-08-12,160,2456,2616
1250,2019-08-13,184,2547,2731
1250,2019-08-14,154,2617,2771
1250,2019-08-15,77,1964,2041
1250,2019-08-16,141,2582,2723
1250,2019-08-17,77,1927,2004
1250,2019-08-18,62,2110,2172
1250,2019-08-19,205,2541,2746
1250,2019-08-20,226,2562,2788
1250,2019-08-21,250,2652,2902
1250,2019-08-22,203,2754,2957
1250,2019-08-23,270,2838,3108
1250,2019-08-24,90,2572,2662
1250,2019-08-25,62,2530,2592
1250,2019-08-26,221,2492,2713
1250,2019-08-27,225,2552,2777
1250,2019-08-28,289,2515,2804
1250,2019-08-29,318,2703,3021
1250,2019-08-30,275,2830,3105
1250,2019-08-31,86,2629,2715
1250,2019-09-01,68,2377,2445
1250,2019-09-02,200,2540,2740
1250,2019-09-03,227,2583,2810
1250,2019-09-04,269,2558,2827
1250,2019-09-05,221,2506,2727
1250,2019-09-06,287,2668,2955
1250,2019-09-07,83,2101,2184
1250,2019-09-08,62,1846,1908
1250,2019-09-09,201,2406,2607
1250,2019-09-10,236,2577,2813
1250,2019-09-11,239,2673,2912
1250,2019-09-12,243,2703,2946
1250,2019-09-13,218,2677,2895
1250,2019-09-14,95,2521,2616
1250,2019-09-15,52,2758,2810
1250,2019-09-16,247,2670,2917
1250,2019-09-17,299,2669,2968
1250,2019-09-18,259,2657,2916
1250,2019-09-19,251,2801,3052
1250,2019-09-20,221,2924,3145
1250,2019-09-21,110,2650,2760
1250,2019-09-22,71,2293,2364
1250,2019-09-23,256,2474,2730
1250,2019-09-24,218,2543,2761
1250,2019-09-25,263,2488,2751
1250,2019-09-26,285,2690,2975
1250,2019-09-27,236,2766,3002
1250,2019-09-28,99,2320,2419
1250,2019-09-29,69,1927,1996
1250,2019-09-30,232,2508,2740
1250,2019-10-01,234,2754,2988
1250,2019-10-02,277,2570,2847
1250,2019-10-03,231,2890,3121
1250,2019-10-04,232,2713,2945
1250,2019-10-05,97,2476,2573
1250,2019-10-06,58,2395,2453
1250,2019-10-07,270,2488,2758
1250,2019-10-08,202,2520,2722
1250,2019-10-09,340,2491,2831
1250,2019-10-10,272,2692,2964
1250,2019-10-11,246,2682,2928
1250,2019-10-12,109,2347,2456
1250,2019-10-13,63,2409,2472
1250,2019-10-14,301,2635,2936
1250,2019-10-15,248,2556,2804
1250,2019-10-16,255,2622,2877
1250,2019-10-17,240,2557,2797
1250,2019-10-18,225,2705,2930
1250,2019-10-19,82,2099,2181
1250,2019-10-20,52,1667,1719
1250,2019-10-21,216,2478,2694
1250,2019-10-22,247,2627,2874
1250,2019-10-23,243,2643,2886
1250,2019-10-24,273,2727,3000
1250,2019-10-25,305,2661,2966
1250,2019-10-26,83,2419,2502
1250,2019-10-27,53,1791,1844
1250,2019-10-28,255,2352,2607
1250,2019-10-29,242,2430,2672
1250,2019-10-30,233,2459,2692
1250,2019-11-01,42,1721,1763
1250,2019-11-02,64,2069,2133
1250,2019-11-03,43,1644,1687
1250,2019-11-04,199,2508,2707
1250,2019-11-05,224,2590,2814
1250,2019-11-06,243,2451,2694
1250,2019-11-07,255,2423,2678
1250,2019-11-08,232,2649,2881
1250,2019-11-09,77,2374,2451
1250,2019-11-10,58,1726,1784
1250,2019-11-11,214,2390,2604
1250,2019-11-12,216,2404,2620
1250,2019-11-13,248,2398,2646
1250,2019-11-14,266,2469,2735
1250,2019-11-15,240,2578,2818
1250,2019-11-16,78,2101,2179
1250,2019-11-17,50,1497,1547
1250,2019-11-18,201,2369,2570
1250,2019-11-19,244,2489,2733
1250,2019-11-20,316,2484,2800
1250,2019-11-21,269,2533,2802
1250,2019-11-22,233,2657,2890
1250,2019-11-23,88,2150,2238
1250,2019-11-24,55,1841,1896
1250,2019-11-25,262,2513,2775
1250,2019-11-26,196,2420,2616
1250,2019-11-27,214,2486,2700
1250,2019-11-28,207,2527,2734
1250,2019-11-29,249,2505,2754
1250,2019-11-30,93,2082,2175
1250,2019-12-01,60,1459,1519
1250,2019-12-02,231,2435,2666
1250,2019-12-03,257,2416,2673
1250,2019-12-04,273,2519,2792
1250,2019-12-05,266,2646,2912
1250,2019-12-06,265,2583,2848
1250,2019-12-07,85,2345,2430
1250,2019-12-08,52,1628,1680
1250,2019-12-09,235,2327,2562
1250,2019-12-10,238,2371,2609
1250,2019-12-11,237,2459,2696
1250,2019-12-12,258,2532,2790
1250,2019-12-13,290,2629,2919
1250,2019-12-14,79,2025,2104
1250,2019-12-15,55,1747,1802
1250,2019-12-16,254,2415,2669
1250,2019-12-17,269,2522,2791
1250,2019-12-18,259,2505,2764
1250,2019-12-19,232,2621,2853
1250,2019-12-20,159,2559,2718
1250,2019-12-21,80,1808,1888
1250,2019-12-22,43,1324,1367
1250,2019-12-23,130,2102,2232
1250,2019-12-24,92,1776,1868
1250,2019-12-25,40,1141,1181
1250,2019-12-26,54,1284,1338
1250,2019-12-27,114,1818,1932
1250,2019-12-28,71,1667,1738
1250,2019-12-29,52,1583,1635
1250,2019-12-30,129,1954,2083
1250,2019-12-31,100,1653,1753
1314,2019-01-01,16,1719,1735
1314,2019-01-02,93,3052,3145
1314,2019-01-04,112,3470,3582
1314,2019-01-05,85,2496,2581
1314,2019-01-06,20,2001,2021
1314,2019-01-07,131,4352,4483
1314,2019-01-08,136,4473,4609
1314,2019-01-09,190,4631,4821
1314,2019-01-10,153,4765,4918
1314,2019-01-11,151,4584,4735
1314,2019-01-12,95,2906,3001
1314,2019-01-13,18,2053,2071
1314,2019-01-14,227,4710,4937
1314,2019-01-15,276,5083,5359
1314,2019-01-16,251,5057,5308
1314,2019-01-18,242,5088,5330
1314,2019-01-19,69,3036,3105
1314,2019-01-20,25,2248,2273
1314,2019-01-21,241,4817,5058
1314,2019-01-22,225,4752,4977
1314,2019-01-23,208,4523,4731
1314,2019-01-24,208,4752,4960
1314,2019-01-25,210,4789,4999
1314,2019-01-26,70,2838,2908
1314,2019-01-27,14,2134,2148
1314,2019-01-28,210,4628,4838
1314,2019-01-29,251,4845,5096
1314,2019-01-30,160,4218,4378
1314,2019-02-01,173,4549,4722
1314,2019-02-02,74,2906,2980
1314,2019-02-03,25,2256,2281
1314,2019-02-04,216,4638,4854
1314,2019-02-05,257,4974,5231
1314,2019-02-06,243,4922,5165
1314,2019-02-07,250,4434,4684
1314,2019-02-08,272,5016,5288
1314,2019-02-11,307,4665,4972
1314,2019-02-12,281,4888,5169
1314,2019-02-13,259,4856,5115
1314,2019-02-15,266,5134,5400
1314,2019-02-16,110,3022,3132
1314,2019-02-17,27,2803,2830
1314,2019-02-18,253,4109,4362
1314,2019-02-19,213,4091,4304
1314,2019-02-20,183,4253,4436
1314,2019-02-21,222,4582,4804
1314,2019-02-22,223,4487,4710
1314,2019-02-23,111,3005,3116
1314,2019-02-24,29,2834,2863
1314,2019-02-25,275,4970,5245
1314,2019-02-26,263,5156,5419
1314,2019-02-27,254,5379,5633
1314,2019-03-01,278,5341,5619
1314,2019-03-02,120,3219,3339
1314,2019-03-03,26,2356,2382
1314,2019-03-05,306,4926,5232
1314,2019-03-06,336,5096,5432
1314,2019-03-07,336,4948,5284
1314,2019-03-08,288,5643,5931
1314,2019-03-09,124,3170,3294
1314,2019-03-11,280,5584,5864
1314,2019-03-12,268,5632,5900
1314,2019-03-13,308,5796,6104
1314,2019-03-15,276,5520,5796
1314,2019-03-16,109,3159,3268
1314,2019-03-17,40,2269,2309
1314,2019-03-18,240,5043,5283
1314,2019-03-19,261,5465,5726
1314,2019-03-20,292,5428,5720
1314,2019-03-21,316,5502,5818
1314,2019-03-22,309,5739,6048
1314,2019-03-23,160,3844,4004
1314,2019-03-24,30,2861,2891
1314,2019-03-25,312,5476,5788
1314,2019-03-26,274,5342,5616
1314,2019-03-27,294,5609,5903
1314,2019-03-29,299,5850,6149
1314,2019-03-30,111,3891,4002
1314,2019-04-01,279,5438,5717
1314,2019-04-02,283,5667,5950
1314,2019-04-03,256,4942,5198
1314,2019-04-05,315,6078,6393
1314,2019-04-06,137,3585,3722
1314,2019-04-07,30,2830,2860
1314,2019-04-08,276,4695,4971
1314,2019-04-09,262,5203,5465
1314,2019-04-10,246,4835,5081
1314,2019-04-12,256,5479,5735
1314,2019-04-13,139,3073,3212
1314,2019-04-14,20,2448,2468
1314,2019-04-15,249,4710,4959
1314,2019-04-16,252,4628,4880
1314,2019-04-17,243,4514,4757
1314,2019-04-18,232,4913,5145
1314,2019-04-19,197,4775,4972
1314,2019-04-20,103,3239,3342
1314,2019-04-21,22,2781,2803
1314,2019-04-22,32,2653,2685
1314,2019-04-23,278,5404,5682
1314,2019-04-24,244,4332,4576
1314,2019-04-25,226,4372,4598
1314,2019-04-26,256,4635,4891
1314,2019-04-28,30,2227,2257
1314,2019-04-29,276,4376,4652
1314,2019-04-30,345,4901,5246
1314,2019-05-01,36,2890,2926
1314,2019-05-03,280,4388,4668
1314,2019-05-04,132,2715,2847
1314,2019-05-05,36,2584,2620
1314,2019-05-06,312,4500,4812
1314,2019-05-07,257,4839,5096
1314,2019-05-08,270,5656,5926
1314,2019-05-10,184,4622,4806
1314,2019-05-11,118,3416,3534
1314,2019-05-12,39,3107,3146
1314,2019-05-13,235,4977,5212
1314,2019-05-14,281,5702,5983
1314,2019-05-15,336,5611,5947
1314,2019-05-17,280,5558,5838
1314,2019-05-18,130,3960,4090
1314,2019-05-19,33,2948,2981
1314,2019-05-20,311,5556,5867
1314,2019-05-21,289,5887,6176
1314,2019-05-22,319,5664,5983
1314,2019-05-24,291,5797,6088
1314,2019-05-25,131,3961,4092
1314,2019-05-26,28,3255,3283
1314,2019-05-27,230,4732,4962
1314,2019-05-28,250,4975,5225
1314,2019-05-29,268,5281,5549
1314,2019-05-30,38,2585,2623
1314,2019-05-31,175,4304,4479
1314,2019-06-01,139,3721,3860
1314,2019-06-02,47,3247,3294
1314,2019-06-03,326,5457,5783
1314,2019-06-04,290,5928,6218
1314,2019-06-05,316,5264,5580
1314,2019-06-08,167,3674,3841
1314,2019-06-09,42,3129,3171
1314,2019-06-10,83,2513,2596
1314,2019-06-11,343,5545,5888
1314,2019-06-12,358,5885,6243
1314,2019-06-13,372,6251,6623
1314,2019-06-14,394,6204,6598
1314,2019-06-15,175,4120,4295
1314,2019-06-16,48,3432,3480
1314,2019-06-17,383,5565,5948
1314,2019-06-18,383,5700,6083
1314,2019-06-19,383,5588,5971
1314,2019-06-20,373,5576,5949
1314,2019-06-21,366,5717,6083
1314,2019-06-22,170,3614,3784
1314,2019-06-23,55,2876,2931
1314,2019-06-24,324,5327,5651
1314,2019-06-25,412,5435,5847
1314,2019-06-26,427,5479,5906
1314,2019-06-27,363,5686,6049
1314,2019-06-28,360,6041,6401
1314,2019-06-29,198,4353,4551
1314,2019-06-30,40,3556,3596
1314,2019-07-01,364,5330,5694
1314,2019-07-02,374,5553,5927
1314,2019-07-03,349,5551,5900
1314,2019-07-04,385,5687,6072
1314,2019-07-05,349,5841,6190
1314,2019-07-06,156,4125,4281
1314,2019-07-07,52,3469,3521
1314,2019-07-08,317,5232,5549
1314,2019-07-09,356,5455,5811
1314,2019-07-10,360,5496,5856
1314,2019-07-11,298,5330,5628
1314,2019-07-12,318,5478,5796
1314,2019-07-13,150,3462,3612
1314,2019-07-14,44,2971,3015
1314,2019-07-15,298,4711,5009
1314,2019-07-16,326,5062,5388
1314,2019-07-17,333,5204,5537
1314,2019-07-18,291,5105,5396
1314,2019-07-19,313,5444,5757
1314,2019-07-20,159,3291,3450
1314,2019-07-21,48,3107,3155
1314,2019-07-22,338,4740,5078
1314,2019-07-23,359,4843,5202
1314,2019-07-24,309,4640,4949
1314,2019-07-25,271,4552,4823
1314,2019-07-26,272,4304,4576
1314,2019-07-27,126,2807,2933
1314,2019-07-28,53,2349,2402
1314,2019-07-29,180,3968,4148
1314,2019-07-30,207,4178,4385
1314,2019-07-31,263,4068,4331
1314,2019-08-01,211,4121,4332
1314,2019-08-02,202,4022,4224
1314,2019-08-03,146,2869,3015
1314,2019-08-04,57,2689,2746
1314,2019-08-05,209,3562,3771
1314,2019-08-06,215,3565,3780
1314,2019-08-07,188,3540,3728
1314,2019-08-08,207,3904,4111
1314,2019-08-09,202,3702,3904
1314,2019-08-10,146,2920,3066
1314,2019-08-11,60,2507,2567
1314,2019-08-12,167,3306,3473
1314,2019-08-13,171,3548,3719
1314,2019-08-14,161,3595,3756
1314,2019-08-15,37,2510,2547
1314,2019-08-16,148,3321,3469
1314,2019-08-17,113,2318,2431
1314,2019-08-18,39,2106,2145
1314,2019-08-19,205,3633,3838
1314,2019-08-20,249,3852,4101
1314,2019-08-21,281,3999,4280
1314,2019-08-22,220,3914,4134
1314,2019-08-23,209,4043,4252
1314,2019-08-24,135,2965,3100
1314,2019-08-25,32,2734,2766
1314,2019-08-26,248,4032,4280
1314,2019-08-27,307,4303,4610
1314,2019-08-28,307,4359,4666
1314,2019-08-29,251,4530,4781
1314,2019-08-30,296,4597,4893
1314,2019-08-31,158,3186,3344
1314,2019-09-01,38,2432,2470
1314,2019-09-02,301,4277,4578
1314,2019-09-03,338,4730,5068
1314,2019-09-04,349,4786,5135
1314,2019-09-05,379,4830,5209
1314,2019-09-06,322,4956,5278
1314,2019-09-07,153,3259,3412
1314,2019-09-08,72,2546,2618
1314,2019-09-09,304,4606,4910
1314,2019-09-10,280,5179,5459
1314,2019-09-11,423,4854,5277
1314,2019-09-12,313,5150,5463
1314,2019-09-13,294,5156,5450
1314,2019-09-14,411,4453,4864
1314,2019-09-15,104,4178,4282
1314,2019-09-16,361,5231,5592
1314,2019-09-17,358,5530,5888
1314,2019-09-18,395,5654,6049
1314,2019-09-19,305,5770,6075
1314,2019-09-20,350,5461,5811
1314,2019-09-21,180,3809,3989
1314,2019-09-22,53,2814,2867
1314,2019-09-23,327,5320,5647
1314,2019-09-24,307,6160,6467
1314,2019-09-25,309,5455,5764
1314,2019-09-26,291,5768,6059
1314,2019-09-27,287,5528,5815
1314,2019-09-28,171,3728,3899
1314,2019-09-29,60,2664,2724
1314,2019-09-30,258,5237,5495
1314,2019-10-01,289,5664,5953
1314,2019-10-02,335,5588,5923
1314,2019-10-03,271,5798,6069
1314,2019-10-04,263,5596,5859
1314,2019-10-05,150,3772,3922
1314,2019-10-06,35,2728,2763
1314,2019-10-07,282,5448,5730
1314,2019-10-08,277,5806,6083
1314,2019-10-09,302,5369,5671
1314,2019-10-10,257,5755,6012
1314,2019-10-11,291,5669,5960
1314,2019-10-12,171,3510,3681
1314,2019-10-13,59,3204,3263
1314,2019-10-14,301,5461,5762
1314,2019-10-15,330,5739,6069
1314,2019-10-16,316,5477,5793
1314,2019-10-17,289,5661,5950
1314,2019-10-18,329,5676,6005
1314,2019-10-19,155,3262,3417
1314,2019-10-20,28,2360,2388
1314,2019-10-21,304,5184,5488
1314,2019-10-22,286,5573,5859
1314,2019-10-23,304,5640,5944
1314,2019-10-24,360,5518,5878
1314,2019-10-25,359,5626,5985
1314,2019-10-26,183,3990,4173
1314,2019-10-27,35,2682,2717
1314,2019-10-28,253,4887,5140
1314,2019-10-29,326,5053,5379
1314,2019-10-30,279,4948,5227
1314,2019-11-01,56,3017,3073
1314,2019-11-02,158,3087,3245
1314,2019-11-03,47,2423,2470
1314,2019-11-04,289,5411,5700
1314,2019-11-05,304,5903,6207
1314,2019-11-06,303,5831,6134
1314,2019-11-07,306,5928,6234
1314,2019-11-08,300,5651,5951
1314,2019-11-09,147,3430,3577
1314,2019-11-10,31,2576,2607
1314,2019-11-11,271,5402,5673
1314,2019-11-12,271,5949,6220
1314,2019-11-13,307,5608,5915
1314,2019-11-14,307,6059,6366
1314,2019-11-15,335,5629,5964
1314,2019-11-16,190,3450,3640
1314,2019-11-17,29,2238,2267
1314,2019-11-18,223,5130,5353
1314,2019-11-19,288,5797,6085
1314,2019-11-20,302,5410,5712
1314,2019-11-21,302,5738,6040
1314,2019-11-22,302,5513,5815
1314,2019-11-23,136,3369,3505
1314,2019-11-24,32,2557,2589
1314,2019-11-25,309,5202,5511
1314,2019-11-26,304,5618,5922
1314,2019-11-27,266,5400,5666
1314,2019-11-28,274,5731,6005
1314,2019-11-29,259,5716,5975
1314,2019-11-30,145,3326,3471
1314,2019-12-01,42,2173,2215
1314,2019-12-02,321,5106,5427
1314,2019-12-03,334,5648,5982
1314,2019-12-04,347,5274,5621
1314,2019-12-05,308,5555,5863
1314,2019-12-06,270,5134,5404
1314,2019-12-07,124,3086,3210
1314,2019-12-08,29,2283,2312
1314,2019-12-09,263,5509,5772
1314,2019-12-10,268,5726,5994
1314,2019-12-11,239,5459,5698
1314,2019-12-12,250,5799,6049
1314,2019-12-13,237,5433,5670
1314,2019-12-14,125,3154,3279
1314,2019-12-15,31,2387,2418
1314,2019-12-16,252,5237,5489
1314,2019-12-17,280,5619,5899
1314,2019-12-18,293,5228,5521
1314,2019-12-19,257,5484,5741
1314,2019-12-20,199,5187,5386
1314,2019-12-21,105,2875,2980
1314,2019-12-22,24,2157,2181
1314,2019-12-23,128,3410,3538
1314,2019-12-24,156,2964,3120
1314,2019-12-25,21,1990,2011
1314,2019-12-26,26,1697,1723
1314,2019-12-27,127,2859,2986
1314,2019-12-28,111,2330,2441
1314,2019-12-29,30,1865,1895
1314,2019-12-30,136,2969,3105
1314,2019-12-31,120,2551,2671
1407,2019-01-01,977,22183,23160
1407,2019-01-02,3374,47865,51239
1407,2019-01-03,3959,52921,56880
1407,2019-01-04,5703,52045,57748
1407,2019-01-05,1909,41544,43453
1407,2019-01-06,1345,29517,30862
1407,2019-01-07,3335,57947,61282
1407,2019-01-08,3251,61088,64339
1407,2019-01-09,4529,61273,65802
1407,2019-01-10,6274,57291,63565
1407,2019-01-11,6120,61417,67537
1407,2019-01-12,3972,43333,47305
1407,2019-01-13,1348,29394,30742
1407,2019-01-14,6416,58955,65371
1407,2019-01-15,5360,63825,69185
1407,2019-01-16,6291,61148,67439
1407,2019-01-17,8036,57558,65594
1407,2019-01-18,10872,61164,72036
1407,2019-01-19,6632,43887,50519
1407,2019-01-20,3919,27676,31595
1407,2019-01-21,8067,57410,65477
1407,2019-01-22,6094,57825,63919
1407,2019-01-23,3138,56936,60074
1407,2019-01-24,3313,65070,68383
1407,2019-01-29,5748,61419,67167
1407,2019-01-30,2145,46363,48508
1407,2019-01-31,4063,51155,55218
1407,2019-02-01,3388,51649,55037
1407,2019-02-02,2838,43332,46170
1407,2019-02-05,8069,55752,63821
1407,2019-02-06,6558,56137,62695
1407,2019-02-07,8566,54768,63334
1407,2019-02-08,6263,60316,66579
1407,2019-02-09,2834,49380,52214
1407,2019-02-16,7962,39653,47615
1407,2019-02-17,8041,22889,30930
1407,2019-02-18,11333,51527,62860
1407,2019-02-19,9133,54185,63318
1407,2019-02-20,9557,54208,63765
1407,2019-02-21,9498,55884,65382
1407,2019-02-22,7838,57671,65509
1407,2019-02-23,7983,38698,46681
1407,2019-02-24,7692,25099,32791
1407,2019-02-25,11489,52788,64277
1407,2019-02-26,10314,54758,65072
1407,2019-03-01,8866,57982,66848
1407,2019-03-03,3991,28060,32051
1407,2019-03-04,5657,58372,64029
1407,2019-03-05,7665,54485,62150
1407,2019-03-06,7424,55765,63189
1407,2019-03-07,8382,55062,63444
1407,2019-03-08,11191,53152,64343
1407,2019-03-09,2689,50045,52734
1407,2019-03-10,2643,29964,32607
1407,2019-03-11,7232,56650,63882
1407,2019-03-12,8871,53868,62739
1407,2019-03-13,8712,53912,62624
1407,2019-03-14,6314,57857,64171
1407,2019-03-15,8733,52142,60875
1407,2019-03-16,5056,46599,51655
1407,2019-03-17,2914,30091,33005
1407,2019-03-18,8507,55790,64297
1407,2019-03-19,10340,54913,65253
1407,2019-03-20,7719,55938,63657
1407,2019-03-21,9163,57208,66371
1407,2019-03-22,8533,57580,66113
1407,2019-03-23,9703,41638,51341
1407,2019-03-24,7526,25313,32839
1407,2019-03-25,10696,51185,61881
1407,2019-03-26,8099,58636,66735
1407,2019-03-27,9426,53989,63415
1407,2019-03-28,7139,59350,66489
1407,2019-03-29,8378,60488,68866
1407,2019-03-30,10861,45147,56008
1407,2019-04-01,10921,57122,68043
1407,2019-04-02,8523,61966,70489
1407,2019-04-03,5483,62186,67669
1407,2019-04-04,6581,66382,72963
1407,2019-04-05,11908,59597,71505
1407,2019-04-06,12083,39259,51342
1407,2019-04-07,8599,24872,33471
1407,2019-04-08,12411,52565,64976
1407,2019-04-09,12518,52561,65079
1407,2019-04-10,6520,58990,65510
1407,2019-04-11,6350,60516,66866
1407,2019-04-12,6833,62524,69357
1407,2019-04-13,6978,41314,48292
1407,2019-04-14,7265,22431,29696
1407,2019-04-15,6342,59801,66143
1407,2019-04-16,9929,54856,64785
1407,2019-04-17,12180,54687,66867
1407,2019-04-18,12220,54760,66980
1407,2019-04-19,7172,61543,68715
1407,2019-04-20,5447,43536,48983
1407,2019-04-21,3989,28749,32738
1407,2019-04-22,5736,23923,29659
1407,2019-04-23,9994,58978,68972
1407,2019-04-24,11145,56181,67326
1407,2019-04-25,12110,58201,70311
1407,2019-04-26,7253,67646,74899
1407,2019-04-27,2935,55041,57976
1407,2019-04-28,7949,27183,35132
1407,2019-05-01,6332,24937,31269
1407,2019-05-02,11033,57385,68418
1407,2019-05-03,12373,59013,71386
1407,2019-05-04,10264,38479,48743
1407,2019-05-07,10888,59502,70390
1407,2019-05-08,5370,66914,72284
1407,2019-05-09,8214,22563,30777
1407,2019-05-10,16387,52704,69091
1407,2019-05-12,8938,24426,33364
1407,2019-05-13,12145,54974,67119
1407,2019-05-15,11902,57410,69312
1407,2019-05-16,11347,59491,70838
1407,2019-05-17,10631,61747,72378
1407,2019-05-18,9736,42656,52392
1407,2019-05-19,10155,22967,33122
1407,2019-05-20,12642,54691,67333
1407,2019-05-21,5710,65645,71355
1407,2019-05-22,12209,55705,67914
1407,2019-05-23,12706,57642,70348
1407,2019-05-24,10596,61444,72040
1407,2019-05-25,3459,50709,54168
1407,2019-05-26,7594,27243,34837
1407,2019-05-27,10154,55258,65412
1407,2019-05-29,5409,65792,71201
1407,2019-05-30,1043,28413,29456
1407,2019-05-31,4445,61999,66444
1407,2019-06-01,6339,43095,49434
1407,2019-06-02,9132,28499,37631
1407,2019-06-03,10473,56094,66567
1407,2019-06-04,5488,65324,70812
1407,2019-06-14,12478,58840,71318
1407,2019-06-15,2394,51327,53721
1407,2019-06-16,1246,34739,35985
1407,2019-06-17,11586,55489,67075
1407,2019-06-18,11225,57597,68822
1407,2019-06-19,7278,62884,70162
1407,2019-06-20,6206,66303,72509
1407,2019-06-21,12446,59396,71842
1407,2019-06-22,2216,48615,50831
1407,2019-06-23,8616,22548,31164
1407,2019-06-24,6334,59773,66107
1407,2019-06-25,11709,56228,67937
1407,2019-06-26,6543,61354,67897
1407,2019-06-27,6179,61644,67823
1407,2019-06-28,8545,60413,68958
1407,2019-06-29,4329,47077,51406
1407,2019-06-30,2854,36232,39086
1407,2019-07-01,6813,61312,68125
1407,2019-07-02,7263,60998,68261
1407,2019-07-03,7340,61479,68819
1407,2019-07-04,7117,59646,66763
1407,2019-07-05,7508,65059,72567
1407,2019-07-08,8001,60613,68614
1407,2019-07-09,7869,63599,71468
1407,2019-07-10,7408,61606,69014
1407,2019-07-11,6256,64035,70291
1407,2019-07-12,7894,63644,71538
1407,2019-07-13,2957,50441,53398
1407,2019-07-14,1295,32649,33944
1407,2019-07-15,5788,63367,69155
1407,2019-07-16,5504,62348,67852
1407,2019-07-17,6621,58934,65555
1407,2019-07-18,6058,61912,67970
1407,2019-07-19,7920,60603,68523
1407,2019-07-20,2407,45124,47531
1407,2019-07-21,2439,29266,31705
1407,2019-07-22,6631,57096,63727
1407,2019-07-23,7289,58132,65421
1407,2019-07-24,9981,54592,64573
1407,2019-07-25,7650,57681,65331
1407,2019-07-26,9643,55719,65362
1407,2019-07-27,2631,40513,43144
1407,2019-07-28,6040,21906,27946
1407,2019-07-29,4429,55210,59639
1407,2019-07-30,4294,56009,60303
1407,2019-07-31,8476,51701,60177
1407,2019-08-01,3588,57425,61013
1407,2019-08-02,9844,49825,59669
1407,2019-08-03,1694,37303,38997
1407,2019-08-04,5268,21239,26507
1407,2019-08-05,6587,47934,54521
1407,2019-08-06,7724,47978,55702
1407,2019-08-07,3411,52891,56302
1407,2019-08-08,9989,45092,55081
1407,2019-08-09,7978,47743,55721
1407,2019-08-10,9012,28840,37852
1407,2019-08-11,6807,18906,25713
1407,2019-08-12,10766,46070,56836
1407,2019-08-13,8784,45184,53968
1407,2019-08-14,8591,47820,56411
1407,2019-08-15,4520,19114,23634
1407,2019-08-16,7651,42407,50058
1407,2019-08-17,7660,27207,34867
1407,2019-08-18,6874,17133,24007
1407,2019-08-19,8331,49998,58329
1407,2019-08-20,8353,49860,58213
1407,2019-08-21,9343,49404,58747
1407,2019-08-22,8992,48800,57792
1407,2019-08-23,9370,53039,62409
1407,2019-08-24,9300,32618,41918
1407,2019-08-25,4715,26708,31423
1407,2019-08-26,10170,52806,62976
1407,2019-08-27,8675,54994,63669
1407,2019-08-28,9041,54714,63755
1407,2019-08-29,9479,57457,66936
1407,2019-08-30,10312,56968,67280
1407,2019-08-31,8752,39038,47790
1407,2019-09-01,2154,33402,35556
1407,2019-09-04,10072,53760,63832
1407,2019-09-05,9416,56876,66292
1407,2019-09-06,7089,61461,68550
1407,2019-09-07,7933,40433,48366
1407,2019-09-08,7025,24528,31553
1407,2019-09-13,9927,59488,69415
1407,2019-09-14,4000,48267,52267
1407,2019-09-15,6391,28570,34961
1407,2019-09-16,8501,56391,64892
1407,2019-09-17,9686,56955,66641
1407,2019-09-18,10191,56404,66595
1407,2019-09-19,7256,61115,68371
1407,2019-09-20,7146,62323,69469
1407,2019-09-21,10190,42384,52574
1407,2019-09-22,1548,32140,33688
1407,2019-09-23,7315,58373,65688
1407,2019-09-24,6264,60336,66600
1407,2019-09-25,9167,57668,66835
1407,2019-09-26,6618,60531,67149
1407,2019-09-27,11846,55967,67813
1407,2019-09-28,12294,43067,55361
1407,2019-09-29,8557,26010,34567
1407,2019-09-30,5753,58851,64604
1407,2019-10-01,11586,52556,64142
1407,2019-10-02,11104,52520,63624
1407,2019-10-03,8476,59737,68213
1407,2019-10-04,12141,55673,67814
1407,2019-10-05,4527,51187,55714
1407,2019-10-06,9076,26814,35890
1407,2019-10-07,14623,50025,64648
1407,2019-10-08,7510,56689,64199
1407,2019-10-09,10936,53213,64149
1407,2019-10-10,9600,53962,63562
1407,2019-10-11,9656,55896,65552
1407,2019-10-12,7476,45846,53322
1407,2019-10-13,8190,27342,35532
1407,2019-10-14,7592,58458,66050
1407,2019-10-15,9741,56142,65883
1407,2019-10-16,6525,58785,65310
1407,2019-10-17,6981,57576,64557
1407,2019-10-18,8712,59099,67811
1407,2019-10-19,6495,45439,51934
1407,2019-10-20,5159,30649,35808
1407,2019-10-21,8006,56718,64724
1407,2019-10-22,8985,58144,67129
1407,2019-10-23,9491,55214,64705
1407,2019-10-24,9199,57772,66971
1407,2019-10-25,10448,60841,71289
1407,2019-10-26,6258,45370,51628
1407,2019-10-27,4008,27724,31732
1407,2019-10-28,8585,55857,64442
1407,2019-10-29,8924,56735,65659
1407,2019-10-30,9409,57447,66856
1407,2019-10-31,10597,58291,68888
1407,2019-11-01,4991,26902,31893
1407,2019-11-02,6398,40204,46602
1407,2019-11-03,5685,25648,31333
1407,2019-11-04,9100,54129,63229
1407,2019-11-05,9509,55457,64966
1407,2019-11-06,7365,57685,65050
1407,2019-11-07,8243,52488,60731
1407,2019-11-08,6833,60928,67761
1407,2019-11-09,5367,46751,52118
1407,2019-11-10,5021,28824,33845
1407,2019-11-11,4373,57694,62067
1407,2019-11-12,7513,49607,57120
1407,2019-11-13,6992,56261,63253
1407,2019-11-14,6924,54808,61732
1407,2019-11-15,9487,58007,67494
1407,2019-11-16,3246,54801,58047
1407,2019-11-17,7952,26399,34351
1407,2019-11-18,5869,54117,59986
1407,2019-11-19,11070,51945,63015
1407,2019-11-20,9666,54788,64454
1407,2019-11-21,8588,57082,65670
1407,2019-11-22,8725,57353,66078
1407,2019-11-23,2661,52837,55498
1407,2019-11-24,5428,33642,39070
1407,2019-11-25,6502,54084,60586
1407,2019-11-26,7641,59614,67255
1407,2019-11-27,8404,53676,62080
1407,2019-11-28,12281,52660,64941
1407,2019-11-29,7214,59687,66901
1407,2019-11-30,7778,45705,53483
1407,2019-12-01,6262,27946,34208
1407,2019-12-02,8338,52873,61211
1407,2019-12-03,8140,56825,64965
1407,2019-12-04,11662,50090,61752
1407,2019-12-05,10689,54576,65265
1407,2019-12-06,8553,53823,62376
1407,2019-12-07,9780,39128,48908
1407,2019-12-08,6886,28562,35448
1407,2019-12-09,9276,50924,60200
1407,2019-12-10,10453,51364,61817
1407,2019-12-11,10806,51162,61968
1407,2019-12-12,9781,55306,65087
1407,2019-12-13,13473,50429,63902
1407,2019-12-14,12756,39772,52528
1407,2019-12-15,2513,35953,38466
1407,2019-12-16,7752,54630,62382
1407,2019-12-17,10650,55231,65881
1407,2019-12-18,12811,52269,65080
1407,2019-12-19,17621,47307,64928
1407,2019-12-20,14440,49896,64336
1407,2019-12-21,12320,33782,46102
1407,2019-12-22,7611,25800,33411
1407,2019-12-23,10080,43947,54027
1407,2019-12-24,8920,37257,46177
1407,2019-12-25,5571,15240,20811
1407,2019-12-26,6601,15617,22218
1407,2019-12-27,11465,33257,44722
1407,2019-12-28,10580,26170,36750
1407,2019-12-29,7078,19836,26914
1410,2019-01-01,2876,35828,38704
1410,2019-01-02,7046,61877,68923
1410,2019-01-03,9176,62073,71249
1410,2019-01-04,9461,67519,76980
1410,2019-01-05,7637,57264,64901
1410,2019-01-06,4029,46064,50093
1410,2019-01-07,10777,56783,67560
1410,2019-01-08,11918,49607,61525
1410,2019-01-09,12176,50895,63071
1410,2019-01-10,12955,63076,76031
1410,2019-01-11,12051,57972,70023
1410,2019-01-12,8926,50250,59176
1410,2019-01-13,4057,35582,39639
1410,2019-01-14,11569,54658,66227
1410,2019-01-15,13077,52972,66049
1410,2019-01-16,14159,58337,72496
1410,2019-01-17,13177,51729,64906
1410,2019-01-18,11938,58435,70373
1410,2019-01-19,8267,56238,64505
1410,2019-01-20,3466,42400,45866
1410,2019-01-21,11455,51594,63049
1410,2019-01-22,12948,52153,65101
1410,2019-01-23,13558,52067,65625
1410,2019-01-24,12736,61161,73897
1410,2019-01-29,12757,55576,68333
1410,2019-01-30,12148,45084,57232
1410,2019-01-31,12073,48094,60167
1410,2019-02-01,12373,51791,64164
1410,2019-02-02,8855,55419,64274
1410,2019-02-03,3702,43019,46721
1410,2019-02-04,12634,54314,66948
1410,2019-02-05,13300,51755,65055
1410,2019-02-06,13619,50406,64025
1410,2019-02-07,13941,55642,69583
1410,2019-02-08,13429,59410,72839
1410,2019-02-09,8499,60002,68501
1410,2019-02-10,7041,35906,42947
1410,2019-02-11,11744,59081,70825
1410,2019-02-12,13170,57677,70847
1410,2019-02-13,13196,56362,69558
1410,2019-02-16,8167,60091,68258
1410,2019-02-17,3517,45684,49201
1410,2019-02-18,12519,61144,73663
1410,2019-02-19,12574,55734,68308
1410,2019-02-20,13715,52787,66502
1410,2019-02-21,13997,60230,74227
1410,2019-02-22,10098,62925,73023
1410,2019-02-23,8534,61773,70307
1410,2019-02-24,3674,49176,52850
1410,2019-02-25,12189,59471,71660
1410,2019-02-26,13738,58968,72706
1410,2019-02-27,13892,58117,72009
1410,2019-02-28,13034,60084,73118
1410,2019-03-01,12780,63696,76476
1410,2019-03-02,9741,73107,82848
1410,2019-03-03,3698,48885,52583
1410,2019-03-04,12022,53953,65975
1410,2019-03-05,14008,58467,72475
1410,2019-03-06,14131,58513,72644
1410,2019-03-07,13319,56202,69521
1410,2019-03-08,13415,70508,83923
1410,2019-03-09,8573,71395,79968
1410,2019-03-10,4873,48446,53319
1410,2019-03-11,11666,55987,67653
1410,2019-03-12,13294,61943,75237
1410,2019-03-13,13837,57350,71187
1410,2019-03-15,12494,58961,71455
1410,2019-03-16,8323,64272,72595
1410,2019-03-17,4411,45780,50191
1410,2019-03-18,12240,60872,73112
1410,2019-03-19,13909,59555,73464
1410,2019-03-20,14514,63124,77638
1410,2019-03-21,13467,61774,75241
1410,2019-03-22,12399,68026,80425
1410,2019-03-23,8348,62001,70349
1410,2019-03-24,3352,48210,51562
1410,2019-03-25,12068,64756,76824
1410,2019-03-26,13425,64462,77887
1410,2019-03-27,13771,61720,75491
1410,2019-03-28,13645,66221,79866
1410,2019-03-29,12883,71779,84662
1410,2019-03-30,8485,64934,73419
1410,2019-04-01,12103,60637,72740
1410,2019-04-02,13439,61006,74445
1410,2019-04-03,13607,58327,71934
1410,2019-04-04,13872,60637,74509
1410,2019-04-05,12660,66323,78983
1410,2019-04-06,8483,69202,77685
1410,2019-04-07,3601,51778,55379
1410,2019-04-08,12586,62768,75354
1410,2019-04-09,13224,55629,68853
1410,2019-04-10,13319,56837,70156
1410,2019-04-11,13712,65608,79320
1410,2019-04-12,13021,67274,80295
1410,2019-04-13,8871,72489,81360
1410,2019-04-14,3769,53387,57156
1410,2019-04-15,12509,65873,78382
1410,2019-04-16,13934,55246,69180
1410,2019-04-17,12863,64132,76995
1410,2019-04-18,12807,71451,84258
1410,2019-04-19,9350,82234,91584
1410,2019-04-20,7184,66216,73400
1410,2019-04-21,3211,53960,57171
1410,2019-04-22,3810,59376,63186
1410,2019-04-24,12940,59602,72542
1410,2019-04-25,13443,61087,74530
1410,2019-04-26,12352,72832,85184
1410,2019-04-27,9324,60865,70189
1410,2019-04-28,3984,51359,55343
1410,2019-04-29,11334,66669,78003
1410,2019-05-01,4206,45321,49527
1410,2019-05-02,12729,66616,79345
1410,2019-05-03,12175,72729,84904
1410,2019-05-04,8833,61755,70588
1410,2019-05-05,3863,52516,56379
1410,2019-05-06,11868,65024,76892
1410,2019-05-07,12681,63390,76071
1410,2019-05-08,10730,66602,77332
1410,2019-05-09,10593,41636,52229
1410,2019-05-10,11879,68531,80410
1410,2019-05-11,9908,44376,54284
1410,2019-05-12,2986,44253,47239
1410,2019-05-13,11827,61219,73046
1410,2019-05-14,13071,62182,75253
1410,2019-05-15,13456,60514,73970
1410,2019-05-16,13102,66096,79198
1410,2019-05-17,12037,73041,85078
1410,2019-05-18,6341,49098,55439
1410,2019-05-19,3296,42624,45920
1410,2019-05-20,11074,61982,73056
1410,2019-05-23,11774,63799,75573
1410,2019-05-24,11684,73158,84842
1410,2019-05-25,8455,64011,72466
1410,2019-05-26,4163,51604,55767
1410,2019-05-27,12016,67728,79744
1410,2019-05-28,12923,65819,78742
1410,2019-05-29,12812,70182,82994
1410,2019-05-30,4794,55289,60083
1410,2019-05-31,11217,72863,84080
1410,2019-06-01,7994,61437,69431
1410,2019-06-02,4897,65488,70385
1410,2019-06-03,11476,68393,79869
1410,2019-06-04,12581,57820,70401
1410,2019-06-05,13175,64702,77877
1410,2019-06-06,12457,68477,80934
1410,2019-06-07,12251,77910,90161
1410,2019-06-08,10614,94781,105395
1410,2019-06-09,4835,75442,80277
1410,2019-06-10,5026,70609,75635
1410,2019-06-11,11945,71827,83772
1410,2019-06-12,13995,63147,77142
1410,2019-06-13,13072,65819,78891
1410,2019-06-14,12285,75035,87320
1410,2019-06-15,7552,55689,63241
1410,2019-06-16,4120,52606,56726
1410,2019-06-17,11487,67269,78756
1410,2019-06-18,12232,64365,76597
1410,2019-06-19,13368,68288,81656
1410,2019-06-20,11183,74363,85546
1410,2019-06-21,12192,74694,86886
1410,2019-06-22,8430,69998,78428
1410,2019-06-23,4676,59335,64011
1410,2019-06-24,11840,67379,79219
1410,2019-06-25,12857,64194,77051
1410,2019-06-26,13175,66974,80149
1410,2019-06-27,13477,68091,81568
1410,2019-06-28,12629,71299,83928
1410,2019-06-29,8592,69134,77726
1410,2019-06-30,5081,66696,71777
1410,2019-07-01,11833,69952,81785
1410,2019-07-02,12903,63742,76645
1410,2019-07-03,12787,64826,77613
1410,2019-07-04,13287,68427,81714
1410,2019-07-08,11974,74315,86289
1410,2019-07-09,12594,70000,82594
1410,2019-07-10,13170,70819,83989
1410,2019-07-11,13573,72240,85813
1410,2019-07-12,13132,83190,96322
1410,2019-07-13,9114,86838,95952
1410,2019-07-14,5498,69327,74825
1410,2019-07-15,12638,78848,91486
1410,2019-07-16,13129,72744,85873
1410,2019-07-17,13441,70981,84422
1410,2019-07-18,13309,76218,89527
1410,2019-07-19,12611,80431,93042
1410,2019-07-20,9019,86567,95586
1410,2019-07-21,6533,73538,80071
1410,2019-07-22,12012,76359,88371
1410,2019-07-26,12231,85810,98041
1410,2019-07-27,8209,81150,89359
1410,2019-07-28,5843,69195,75038
1410,2019-07-29,11468,75886,87354
1410,2019-07-30,12088,74282,86370
1410,2019-07-31,12758,74248,87006
1410,2019-08-01,12006,78398,90404
1410,2019-08-02,12424,84626,97050
1410,2019-08-03,7827,78997,86824
1410,2019-08-06,12613,71354,83967
1410,2019-08-07,12606,68431,81037
1410,2019-08-08,12572,73421,85993
1410,2019-08-09,12572,79932,92504
1410,2019-08-10,7647,73584,81231
1410,2019-08-11,5116,63502,68618
1410,2019-08-12,11198,68781,79979
1410,2019-08-13,11597,69000,80597
1410,2019-08-14,11726,74064,85790
1410,2019-08-15,6056,54028,60084
1410,2019-08-16,11329,76490,87819
1410,2019-08-17,7616,68934,76550
1410,2019-08-18,4825,62853,67678
1410,2019-08-19,11942,70897,82839
1410,2019-08-20,12454,69867,82321
1410,2019-08-21,13685,67718,81403
1410,2019-08-22,13612,70744,84356
1410,2019-08-23,13235,77296,90531
1410,2019-08-24,7831,71570,79401
1410,2019-08-25,4983,63654,68637
1410,2019-08-26,12335,69960,82295
1410,2019-08-27,12967,69137,82104
1410,2019-08-28,13307,70598,83905
1410,2019-08-29,13166,71961,85127
1410,2019-08-30,13340,79304,92644
1410,2019-08-31,8820,74881,83701
1410,2019-09-01,4868,69694,74562
1410,2019-09-02,12710,67792,80502
1410,2019-09-03,12813,64044,76857
1410,2019-09-04,13629,62883,76512
1410,2019-09-05,13074,65713,78787
1410,2019-09-06,12405,73198,85603
1410,2019-09-07,8200,69105,77305
1410,2019-09-08,4349,58588,62937
1410,2019-09-13,12577,77330,89907
1410,2019-09-14,9110,66020,75130
1410,2019-09-15,4187,53575,57762
1410,2019-09-16,11979,67593,79572
1410,2019-09-17,13512,64163,77675
1410,2019-09-18,14374,60556,74930
1410,2019-09-19,14174,66403,80577
1410,2019-09-20,13900,73173,87073
1410,2019-09-21,9433,66625,76058
1410,2019-09-22,4831,54407,59238
1410,2019-09-23,11607,63229,74836
1410,2019-09-24,12787,58932,71719
1410,2019-09-25,12691,59394,72085
1410,2019-09-26,12685,59268,71953
1410,2019-09-27,12141,69139,81280
1410,2019-09-28,8237,66332,74569
1410,2019-09-29,4744,53368,58112
1410,2019-09-30,11302,58267,69569
1410,2019-10-01,12813,60324,73137
1410,2019-10-02,12962,58711,71673
1410,2019-10-03,11819,69186,81005
1410,2019-10-04,12280,66005,78285
1410,2019-10-05,8101,66803,74904
1410,2019-10-06,4070,49395,53465
1410,2019-10-08,10185,43674,53859
1410,2019-10-09,14806,49917,64723
1410,2019-10-10,13357,58921,72278
1410,2019-10-11,13653,69545,83198
1410,2019-10-12,9397,63490,72887
1410,2019-10-13,4262,52900,57162
1410,2019-10-14,12874,61797,74671
1410,2019-10-15,13933,57817,71750
1410,2019-10-16,13820,60867,74687
1410,2019-10-17,13087,62297,75384
1410,2019-10-18,12310,67091,79401
1410,2019-10-19,8204,63750,71954
1410,2019-10-20,5659,48276,53935
1410,2019-10-21,11473,61967,73440
1410,2019-10-22,13614,63079,76693
1410,2019-10-23,13769,63893,77662
1410,2019-10-24,12910,64277,77187
1410,2019-10-25,11341,61600,72941
1410,2019-10-29,13035,63311,76346
1410,2019-10-30,13179,67531,80710
1410,2019-10-31,11997,60194,72191
1410,2019-11-04,10328,51775,62103
1410,2019-11-05,11623,56263,67886
1410,2019-11-06,13047,58826,71873
1410,2019-11-07,13067,60045,73112
1410,2019-11-08,12509,65952,78461
1410,2019-11-09,8098,60897,68995
1410,2019-11-10,3423,43952,47375
1410,2019-11-11,8307,63751,72058
1410,2019-11-12,12549,47974,60523
1410,2019-11-13,13418,50791,64209
1410,2019-11-14,11754,52767,64521
1410,2019-11-15,11930,65380,77310
1410,2019-11-16,9209,56906,66115
1410,2019-11-17,3375,42572,45947
1410,2019-11-18,12450,45396,57846
1410,2019-11-19,12352,49131,61483
1410,2019-11-20,13936,53895,67831
1410,2019-11-21,13718,56260,69978
1410,2019-11-22,12305,60237,72542
1410,2019-11-23,7998,57386,65384
1410,2019-11-24,3919,47806,51725
1410,2019-11-25,13452,56559,70011
1410,2019-11-26,13222,54521,67743
1410,2019-11-27,12690,47720,60410
1410,2019-11-28,12056,54462,66518
1410,2019-11-29,12533,64476,77009
1410,2019-11-30,9392,61930,71322
1410,2019-12-01,4147,45102,49249
1410,2019-12-02,11778,51000,62778
1410,2019-12-03,12919,54312,67231
1410,2019-12-04,13977,54535,68512
1410,2019-12-05,13326,53796,67122
1410,2019-12-06,13773,55306,69079
1410,2019-12-07,9466,60848,70314
1410,2019-12-08,4523,48215,52738
1410,2019-12-09,11561,51598,63159
1410,2019-12-10,13004,55433,68437
1410,2019-12-11,12854,47547,60401
1410,2019-12-12,12827,56508,69335
1410,2019-12-13,12255,56470,68725
1410,2019-12-14,8505,62878,71383
1410,2019-12-15,4063,53454,57517
1410,2019-12-16,11976,57964,69940
1410,2019-12-17,12885,59912,72797
1410,2019-12-18,13168,60148,73316
1410,2019-12-19,13961,66188,80149
1410,2019-12-20,12723,69263,81986
1410,2019-12-21,6997,76266,83263
1410,2019-12-22,3702,54406,58108
1410,2019-12-23,7929,67223,75152
1410,2019-12-24,6410,52371,58781
1410,2019-12-25,2388,34087,36475
1410,2019-12-26,3113,46137,49250
1410,2019-12-27,7202,64996,72198
1410,2019-12-28,5500,70246,75746
1410,2019-12-29,3603,51368,54971
1410,2019-12-30,7503,65595,73098
1410,2019-12-31,5852,54317,60169
1413,2019-01-04,8390,66337,74727
1413,2019-01-05,5350,44361,49711
1413,2019-01-06,2596,35602,38198
1413,2019-01-07,9386,70250,79636
1413,2019-01-08,10852,70823,81675
1413,2019-01-09,11520,69909,81429
1413,2019-01-10,10349,75520,85869
1413,2019-01-11,11504,76064,87568
1413,2019-01-12,6480,51397,57877
1413,2019-01-13,3393,35510,38903
1413,2019-01-14,11900,69800,81700
1413,2019-01-15,12258,73625,85883
1413,2019-01-16,11574,73511,85085
1413,2019-01-17,13141,71082,84223
1413,2019-01-18,13009,77450,90459
1413,2019-01-19,7144,53367,60511
1413,2019-01-20,3545,38632,42177
1413,2019-01-21,13105,67476,80581
1413,2019-01-22,14602,71113,85715
1413,2019-01-23,12033,66373,78406
1413,2019-01-24,10023,74563,84586
1413,2019-01-29,12495,73871,86366
1413,2019-01-30,10051,61607,71658
1413,2019-01-31,9802,65250,75052
1413,2019-02-01,11340,71215,82555
1413,2019-02-02,5216,48872,54088
1413,2019-02-05,13112,69662,82774
1413,2019-02-06,12518,69067,81585
1413,2019-02-07,12831,74585,87416
1413,2019-02-12,13432,72164,85596
1413,2019-02-13,13117,72197,85314
1413,2019-02-16,6641,47775,54416
1413,2019-02-17,3236,35555,38791
1413,2019-02-18,13139,68265,81404
1413,2019-02-19,15506,66239,81745
1413,2019-02-20,14290,65689,79979
1413,2019-02-21,13235,71643,84878
1413,2019-02-22,11659,73285,84944
1413,2019-02-23,6339,49987,56326
1413,2019-02-24,2910,39740,42650
1413,2019-02-25,13777,71266,85043
1413,2019-02-26,14543,73441,87984
1413,2019-03-01,14422,75740,90162
1413,2019-03-02,5705,57634,63339
1413,2019-03-03,2172,42410,44582
1413,2019-03-04,11778,70868,82646
1413,2019-03-05,12885,76106,88991
1413,2019-03-06,12119,75479,87598
1413,2019-03-07,13158,76832,89990
1413,2019-03-08,14056,77128,91184
1413,2019-03-09,5678,52292,57970
1413,2019-03-10,3039,39821,42860
1413,2019-03-11,12477,74117,86594
1413,2019-03-12,12298,74347,86645
1413,2019-03-13,12744,75202,87946
1413,2019-03-15,13009,75171,88180
1413,2019-03-16,5714,60032,65746
1413,2019-03-17,3054,43497,46551
1413,2019-03-18,12861,75205,88066
1413,2019-03-19,15330,72890,88220
1413,2019-03-20,13113,75355,88468
1413,2019-03-22,12941,75778,88719
1413,2019-03-23,5700,57720,63420
1413,2019-03-24,2148,46690,48838
1413,2019-03-25,11971,76686,88657
1413,2019-03-26,12191,79908,92099
1413,2019-03-27,11474,67037,78511
1413,2019-03-28,13230,79175,92405
1413,2019-03-29,13136,77036,90172
1413,2019-03-30,6118,53871,59989
1413,2019-04-01,12601,76915,89516
1413,2019-04-02,10746,76240,86986
1413,2019-04-03,12224,78974,91198
1413,2019-04-04,12861,80617,93478
1413,2019-04-05,12424,80247,92671
1413,2019-04-06,5699,58536,64235
1413,2019-04-07,2273,43979,46252
1413,2019-04-08,12326,75540,87866
1413,2019-04-09,12688,73030,85718
1413,2019-04-10,13358,76056,89414
1413,2019-04-12,13052,78305,91357
1413,2019-04-13,5838,55984,61822
1413,2019-04-14,2351,40863,43214
1413,2019-04-15,12761,75434,88195
1413,2019-04-16,12325,72256,84581
1413,2019-04-17,12306,78507,90813
1413,2019-04-18,11931,78970,90901
1413,2019-04-19,9604,77484,87088
1413,2019-04-20,5249,52418,57667
1413,2019-04-21,2164,43232,45396
1413,2019-04-22,2544,42253,44797
1413,2019-04-23,10233,78933,89166
1413,2019-04-24,13293,76995,90288
1413,2019-04-25,13565,77935,91500
1413,2019-04-26,11772,80302,92074
1413,2019-04-27,6121,59269,65390
1413,2019-04-28,2626,46567,49193
1413,2019-04-29,12069,80382,92451
1413,2019-05-01,2376,43036,45412
1413,2019-05-02,11035,81044,92079
1413,2019-05-03,10893,86718,97611
1413,2019-05-04,5505,58343,63848
1413,2019-05-07,11191,82204,93395
1413,2019-05-08,12501,81181,93682
1413,2019-05-09,7739,42414,50153
1413,2019-05-10,13132,75839,88971
1413,2019-05-11,6586,41744,48330
1413,2019-05-12,2290,37113,39403
1413,2019-05-13,13250,79200,92450
1413,2019-05-14,13140,78994,92134
1413,2019-05-15,13547,80772,94319
1413,2019-05-16,12999,84185,97184
1413,2019-05-17,10929,84430,95359
1413,2019-05-18,5207,48685,53892
1413,2019-05-19,2511,39783,42294
1413,2019-05-20,10907,80606,91513
1413,2019-05-21,11183,82417,93600
1413,2019-05-22,13318,80275,93593
1413,2019-05-23,12967,82260,95227
1413,2019-05-24,12272,84504,96776
1413,2019-05-25,6097,57505,63602
1413,2019-05-26,2561,44569,47130
1413,2019-05-27,11117,75879,86996
1413,2019-05-28,12025,80299,92324
1413,2019-05-29,12047,78066,90113
1413,2019-05-30,2976,43442,46418
1413,2019-05-31,10451,74447,84898
1413,2019-06-01,5943,59801,65744
1413,2019-06-02,3274,50497,53771
1413,2019-06-03,11896,74142,86038
1413,2019-06-04,12520,74320,86840
1413,2019-06-05,12325,79167,91492
1413,2019-06-06,11914,83719,95633
1413,2019-06-07,12357,81556,93913
1413,2019-06-08,6029,59988,66017
1413,2019-06-09,2427,45352,47779
1413,2019-06-10,2991,39028,42019
1413,2019-06-11,11847,82024,93871
1413,2019-06-12,13359,79245,92604
1413,2019-06-13,12576,79268,91844
1413,2019-06-15,6305,48759,55064
1413,2019-06-16,2608,42607,45215
1413,2019-06-17,12933,80021,92954
1413,2019-06-18,12665,80701,93366
1413,2019-06-19,12372,81727,94099
1413,2019-06-20,8586,82908,91494
1413,2019-06-21,12870,80653,93523
1413,2019-06-22,5439,61652,67091
1413,2019-06-23,2950,47699,50649
1413,2019-06-24,12686,77957,90643
1413,2019-06-25,13097,80754,93851
1413,2019-06-26,13453,80123,93576
1413,2019-06-27,12993,78448,91441
1413,2019-06-28,13334,78543,91877
1413,2019-06-29,4481,35920,40401
1413,2019-06-30,2235,38956,41191
1413,2019-07-01,11444,79342,90786
1413,2019-07-02,13364,78554,91918
1413,2019-07-03,13542,76121,89663
1413,2019-07-04,13204,80061,93265
1413,2019-07-08,11604,80671,92275
1413,2019-07-09,12457,81937,94394
1413,2019-07-10,13667,81813,95480
1413,2019-07-12,12114,78293,90407
1413,2019-07-13,5860,64161,70021
1413,2019-07-14,3046,48833,51879
1413,2019-07-15,11378,79625,91003
1413,2019-07-16,12825,79368,92193
1413,2019-07-19,12475,80833,93308
1413,2019-07-20,5743,61693,67436
1413,2019-07-21,3184,48726,51910
1413,2019-07-22,12864,77694,90558
1413,2019-07-23,13018,77441,90459
1413,2019-07-26,10415,78831,89246
1413,2019-07-27,4822,54207,59029
1413,2019-07-28,2926,42659,45585
1413,2019-07-29,10305,73088,83393
1413,2019-07-30,10225,74732,84957
1413,2019-07-31,9839,76453,86292
1413,2019-08-01,9109,77115,86224
1413,2019-08-02,9841,77514,87355
1413,2019-08-03,4411,54104,58515
1413,2019-08-06,8711,71466,80177
1413,2019-08-07,9098,70626,79724
1413,2019-08-08,8813,70535,79348
1413,2019-08-09,9170,71674,80844
1413,2019-08-10,4263,50281,54544
1413,2019-08-11,2427,41496,43923
1413,2019-08-12,9232,66278,75510
1413,2019-08-13,9009,69622,78631
1413,2019-08-14,8554,70932,79486
1413,2019-08-15,3084,38117,41201
1413,2019-08-17,3929,47356,51285
1413,2019-08-18,2363,39431,41794
1413,2019-08-19,10109,73163,83272
1413,2019-08-20,9386,73641,83027
1413,2019-08-21,10568,68685,79253
1413,2019-08-22,10931,73490,84421
1413,2019-08-23,11449,74762,86211
1413,2019-08-24,3829,42217,46046
1413,2019-08-25,2842,43302,46144
1413,2019-08-26,11845,73118,84963
1413,2019-08-27,11942,75112,87054
1413,2019-08-28,12122,74332,86454
1413,2019-08-29,11972,76523,88495
1413,2019-08-30,12538,77224,89762
1413,2019-08-31,4626,51018,55644
1413,2019-09-01,2837,47221,50058
1413,2019-09-04,12629,72461,85090
1413,2019-09-05,11470,79100,90570
1413,2019-09-08,3348,41887,45235
1413,2019-09-13,11440,81222,92662
1413,2019-09-14,6852,59622,66474
1413,2019-09-15,3190,46238,49428
1413,2019-09-16,11189,78908,90097
1413,2019-09-17,13281,76856,90137
1413,2019-09-18,13394,76078,89472
1413,2019-09-19,13910,78099,92009
1413,2019-09-20,13486,80171,93657
1413,2019-09-21,6557,58629,65186
1413,2019-09-22,3065,44865,47930
1413,2019-09-23,11502,78964,90466
1413,2019-09-24,11677,74228,85905
1413,2019-09-25,12511,75139,87650
1413,2019-09-26,12289,77678,89967
1413,2019-09-27,12717,83947,96664
1413,2019-09-28,5849,56506,62355
1413,2019-09-29,3148,46834,49982
1413,2019-09-30,11293,76745,88038
1413,2019-10-01,12617,77510,90127
1413,2019-10-02,13222,77295,90517
1413,2019-10-03,9817,82906,92723
1413,2019-10-04,12278,80063,92341
1413,2019-10-05,5695,65090,70785
1413,2019-10-06,3313,45270,48583
1413,2019-10-07,11731,76649,88380
1413,2019-10-08,12726,76226,88952
1413,2019-10-09,13261,75395,88656
1413,2019-10-10,11729,79661,91390
1413,2019-10-11,11869,82766,94635
1413,2019-10-12,6104,60238,66342
1413,2019-10-13,2889,48898,51787
1413,2019-10-14,11723,74270,85993
1413,2019-10-15,13038,77074,90112
1413,2019-10-16,12968,76868,89836
1413,2019-10-17,12345,76770,89115
1413,2019-10-18,12753,76463,89216
1413,2019-10-19,6161,59278,65439
1413,2019-10-20,4156,44527,48683
1413,2019-10-21,12232,75497,87729
1413,2019-10-22,14571,74452,89023
1413,2019-10-23,15223,74813,90036
1413,2019-10-24,13354,73372,86726
1413,2019-10-25,13191,77774,90965
1413,2019-10-26,6692,50266,56958
1413,2019-10-27,3481,38883,42364
1413,2019-10-28,12506,69768,82274
1413,2019-10-29,12136,72260,84396
1413,2019-10-30,11663,75753,87416
1413,2019-10-31,13538,73503,87041
1413,2019-11-01,3536,38531,42067
1413,2019-11-02,5609,44361,49970
1413,2019-11-03,2881,37698,40579
1413,2019-11-04,12702,72856,85558
1413,2019-11-05,12563,74063,86626
1413,2019-11-06,12569,74955,87524
1413,2019-11-07,13116,76477,89593
1413,2019-11-08,13128,79291,92419
1413,2019-11-09,4966,40514,45480
1413,2019-11-10,3509,41074,44583
1413,2019-11-11,11252,72490,83742
1413,2019-11-12,13641,72401,86042
1413,2019-11-13,15515,71633,87148
1413,2019-11-14,15353,72197,87550
1413,2019-11-15,12531,73825,86356
1413,2019-11-16,8149,58926,67075
1413,2019-11-17,3284,40841,44125
1413,2019-11-18,14184,67522,81706
1413,2019-11-19,13740,69949,83689
1413,2019-11-20,15927,72304,88231
1413,2019-11-21,15567,72654,88221
1413,2019-11-22,13753,75716,89469
1413,2019-11-23,5394,55779,61173
1413,2019-11-24,3548,41784,45332
1413,2019-11-25,15672,71805,87477
1413,2019-11-26,16044,71141,87185
1413,2019-11-27,14254,67461,81715
1413,2019-11-28,13858,71390,85248
1413,2019-11-29,13424,76929,90353
1413,2019-11-30,8451,56198,64649
1413,2019-12-01,2884,41973,44857
1413,2019-12-02,13677,69289,82966
1413,2019-12-03,13425,76654,90079
1413,2019-12-04,16557,69330,85887
1413,2019-12-05,15849,75769,91618
1413,2019-12-06,15030,76822,91852
1413,2019-12-07,6451,56752,63203
1413,2019-12-08,3357,42501,45858
1413,2019-12-09,12722,64889,77611
1413,2019-12-10,14653,71580,86233
1413,2019-12-11,14268,73305,87573
1413,2019-12-12,13906,75429,89335
1413,2019-12-13,12823,70406,83229
1413,2019-12-14,7157,55323,62480
1413,2019-12-15,2637,42789,45426
1413,2019-12-16,13242,68384,81626
1413,2019-12-17,12306,73489,85795
1413,2019-12-18,13024,74011,87035
1413,2019-12-19,11887,73517,85404
1413,2019-12-20,11536,72934,84470
1413,2019-12-21,4461,50501,54962
1413,2019-12-22,2856,39680,42536
1413,2019-12-23,7635,62632,70267
1413,2019-12-24,5178,48245,53423
1413,2019-12-25,1470,27937,29407
1413,2019-12-26,1746,31708,33454
1413,2019-12-27,5941,52958,58899
1413,2019-12-28,3529,41425,44954
1413,2019-12-29,2540,31431,33971
1413,2019-12-30,7006,52505,59511
1413,2019-12-31,3822,47399,51221
1414,2019-01-01,7301,24973,32274
1414,2019-01-02,12070,49410,61480
1414,2019-01-03,13191,46507,59698
1414,2019-01-04,13403,50985,64388
1414,2019-01-05,13545,44229,57774
1414,2019-01-06,9207,32458,41665
1414,2019-01-07,12202,38625,50827
1414,2019-01-09,13050,36153,49203
1414,2019-01-10,12351,42442,54793
1414,2019-01-11,16469,39694,56163
1414,2019-01-12,13539,38506,52045
1414,2019-01-13,8319,27750,36069
1414,2019-01-14,14155,39247,53402
1414,2019-01-15,13574,39551,53125
1414,2019-01-16,12843,40278,53121
1414,2019-01-17,14255,39352,53607
1414,2019-01-18,13272,41285,54557
1414,2019-01-19,10441,37978,48419
1414,2019-01-20,5815,27448,33263
1414,2019-01-21,12425,35743,48168
1414,2019-01-23,15766,38583,54349
1414,2019-01-24,13550,42940,56490
1414,2019-01-29,13148,42445,55593
1414,2019-01-31,11951,35302,47253
1414,2019-02-01,15761,41126,56887
1414,2019-02-02,13332,42384,55716
1414,2019-02-03,5250,28708,33958
1414,2019-02-04,12354,39386,51740
1414,2019-02-05,11740,36082,47822
1414,2019-02-06,12426,38607,51033
1414,2019-02-07,14074,40473,54547
1414,2019-02-08,16020,43611,59631
1414,2019-02-09,10105,44962,55067
1414,2019-02-10,10493,26623,37116
1414,2019-02-11,11670,42425,54095
1414,2019-02-12,12836,39113,51949
1414,2019-02-13,13707,42542,56249
1414,2019-02-16,9055,42180,51235
1414,2019-02-17,5241,31703,36944
1414,2019-02-19,12886,41161,54047
1414,2019-02-20,13036,37380,50416
1414,2019-02-21,13921,43336,57257
1414,2019-02-22,12866,48150,61016
1414,2019-02-23,9092,43776,52868
1414,2019-02-24,5245,31365,36610
1414,2019-02-25,11879,35916,47795
1414,2019-02-26,12372,39565,51937
1414,2019-02-27,12563,38345,50908
1414,2019-02-28,11905,40367,52272
1414,2019-03-01,16801,42137,58938
1414,2019-03-02,11783,55283,67066
1414,2019-03-03,6164,37462,43626
1414,2019-03-04,13569,39754,53323
1414,2019-03-05,16079,39331,55410
1414,2019-03-06,13799,40465,54264
1414,2019-03-07,13776,42586,56362
1414,2019-03-08,14631,49849,64480
1414,2019-03-09,14284,54654,68938
1414,2019-03-10,7342,36645,43987
1414,2019-03-11,10876,40678,51554
1414,2019-03-12,11627,44222,55849
1414,2019-03-13,16003,40001,56004
1414,2019-03-15,15752,40310,56062
1414,2019-03-16,10835,48051,58886
1414,2019-03-17,8119,31505,39624
1414,2019-03-18,11708,40894,52602
1414,2019-03-19,12743,36642,49385
1414,2019-03-20,12556,42937,55493
1414,2019-03-21,12517,42108,54625
1414,2019-03-22,12129,47073,59202
1414,2019-03-23,7925,47884,55809
1414,2019-03-24,4594,35010,39604
1414,2019-03-25,11621,44606,56227
1414,2019-03-26,11818,44011,55829
1414,2019-03-27,11988,43543,55531
1414,2019-03-28,12138,46200,58338
1414,2019-03-29,12259,48050,60309
1414,2019-03-30,8302,51531,59833
1414,2019-04-01,11517,43173,54690
1414,2019-04-02,10937,42823,53760
1414,2019-04-03,12422,42974,55396
1414,2019-04-04,14356,42281,56637
1414,2019-04-05,12987,47597,60584
1414,2019-04-06,8731,50523,59254
1414,2019-04-07,5315,39215,44530
1414,2019-04-08,13818,43364,57182
1414,2019-04-09,13420,41614,55034
1414,2019-04-10,13461,40329,53790
1414,2019-04-11,12449,45507,57956
1414,2019-04-12,12196,47580,59776
1414,2019-04-13,9285,54986,64271
1414,2019-04-14,5330,40345,45675
1414,2019-04-15,11623,46941,58564
1414,2019-04-16,13559,40932,54491
1414,2019-04-17,12847,47886,60733
1414,2019-04-18,12755,52271,65026
1414,2019-04-19,10832,62315,73147
1414,2019-04-20,7738,50722,58460
1414,2019-04-21,5138,41010,46148
1414,2019-04-22,5130,43653,48783
1414,2019-04-24,12783,41421,54204
1414,2019-04-25,14611,44577,59188
1414,2019-04-26,12957,50164,63121
1414,2019-04-27,10517,41415,51932
1414,2019-04-28,5534,35354,40888
1414,2019-04-29,11644,44211,55855
1414,2019-05-01,4988,35087,40075
1414,2019-05-02,11365,48393,59758
1414,2019-05-03,11836,52305,64141
1414,2019-05-04,8967,52434,61401
1414,2019-05-05,4737,42183,46920
1414,2019-05-06,9744,48403,58147
1414,2019-05-07,10007,47473,57480
1414,2019-05-08,9097,55572,64669
1414,2019-05-09,10405,33012,43417
1414,2019-05-10,11336,57437,68773
1414,2019-05-11,10931,40135,51066
1414,2019-05-12,4655,39840,44495
1414,2019-05-13,10549,45892,56441
1414,2019-05-14,11258,48107,59365
1414,2019-05-15,11764,45686,57450
1414,2019-05-16,11672,49772,61444
1414,2019-05-17,10366,56875,67241
1414,2019-05-18,5723,35466,41189
1414,2019-05-19,4874,34674,39548
1414,2019-05-20,9715,48644,58359
1414,2019-05-23,10264,46641,56905
1414,2019-05-24,10682,55384,66066
1414,2019-05-25,7757,51798,59555
1414,2019-05-26,4916,40457,45373
1414,2019-05-27,10375,55663,66038
1414,2019-05-28,10675,50336,61011
1414,2019-05-29,11263,53590,64853
1414,2019-05-30,5640,43978,49618
1414,2019-05-31,9538,60401,69939
1414,2019-06-01,8197,53728,61925
1414,2019-06-02,6674,54425,61099
1414,2019-06-03,10412,54454,64866
1414,2019-06-04,10482,48780,59262
1414,2019-06-05,10623,52381,63004
1414,2019-06-06,11388,52796,64184
1414,2019-06-07,11088,58980,70068
1414,2019-06-08,8543,59668,68211
1414,2019-06-09,5344,44116,49460
1414,2019-06-10,6047,42170,48217
1414,2019-06-11,10510,53843,64353
1414,2019-06-12,11594,47376,58970
1414,2019-06-13,11743,51081,62824
1414,2019-06-14,11623,57142,68765
1414,2019-06-15,8778,52033,60811
1414,2019-06-16,4958,44930,49888
1414,2019-06-17,10616,51215,61831
1414,2019-06-18,10162,50914,61076
1414,2019-06-19,10884,49954,60838
1414,2019-06-20,10693,56024,66717
1414,2019-06-21,11942,57906,69848
1414,2019-06-22,7654,54518,62172
1414,2019-06-23,5854,46404,52258
1414,2019-06-24,11068,52348,63416
1414,2019-06-25,10949,51407,62356
1414,2019-06-26,11614,51456,63070
1414,2019-06-27,12601,56447,69048
1414,2019-06-28,13166,60243,73409
1414,2019-06-29,11362,63962,75324
1414,2019-06-30,7175,59744,66919
1414,2019-07-01,10482,52291,62773
1414,2019-07-02,11544,51412,62956
1414,2019-07-03,11298,50796,62094
1414,2019-07-04,12308,52495,64803
1414,2019-07-08,11199,57625,68824
1414,2019-07-09,10934,54113,65047
1414,2019-07-10,12387,55128,67515
1414,2019-07-11,12762,53064,65826
1414,2019-07-12,13704,61801,75505
1414,2019-07-13,10224,65652,75876
1414,2019-07-14,7841,52466,60307
1414,2019-07-15,11620,60220,71840
1414,2019-07-16,11577,53102,64679
1414,2019-07-17,12291,53811,66102
1414,2019-07-18,12028,57239,69267
1414,2019-07-19,12604,61003,73607
1414,2019-07-20,10463,66955,77418
1414,2019-07-21,9162,56829,65991
1414,2019-07-22,11642,57503,69145
1414,2019-07-23,12227,54667,66894
1414,2019-07-26,12643,69051,81694
1414,2019-07-27,11004,65879,76883
1414,2019-07-28,9011,53664,62675
1414,2019-07-29,11791,61767,73558
1414,2019-07-30,11651,59391,71042
1414,2019-07-31,12381,61804,74185
1414,2019-08-01,12289,62902,75191
1414,2019-08-02,12962,65668,78630
1414,2019-08-03,9341,63518,72859
1414,2019-08-06,11814,56402,68216
1414,2019-08-07,12779,54945,67724
1414,2019-08-08,12316,60646,72962
1414,2019-08-09,13679,65241,78920
1414,2019-08-10,9486,58879,68365
1414,2019-08-11,7274,49793,57067
1414,2019-08-12,11412,57386,68798
1414,2019-08-13,11056,58686,69742
1414,2019-08-14,11675,59901,71576
1414,2019-08-15,7348,43105,50453
1414,2019-08-16,11207,63454,74661
1414,2019-08-17,10223,57044,67267
1414,2019-08-18,7178,51324,58502
1414,2019-08-19,11702,57982,69684
1414,2019-08-20,11135,55025,66160
1414,2019-08-21,12516,54786,67302
1414,2019-08-22,13072,56599,69671
1414,2019-08-23,13620,59125,72745
1414,2019-08-24,9432,59045,68477
1414,2019-08-25,7228,50446,57674
1414,2019-08-26,11869,54068,65937
1414,2019-08-27,11525,53183,64708
1414,2019-08-28,12280,54500,66780
1414,2019-08-29,12397,51093,63490
1414,2019-08-30,13394,59116,72510
1414,2019-08-31,10078,59185,69263
1414,2019-09-01,7098,52157,59255
1414,2019-09-02,11721,51304,63025
1414,2019-09-03,11658,47992,59650
1414,2019-09-04,12054,47049,59103
1414,2019-09-05,11473,46041,57514
1414,2019-09-06,12397,55346,67743
1414,2019-09-07,9268,54729,63997
1414,2019-09-08,7181,43038,50219
1414,2019-09-13,12046,56701,68747
1414,2019-09-14,9642,52387,62029
1414,2019-09-15,5950,40066,46016
1414,2019-09-16,11070,48392,59462
1414,2019-09-17,12073,45977,58050
1414,2019-09-18,12379,42576,54955
1414,2019-09-19,12534,47109,59643
1414,2019-09-20,12797,51464,64261
1414,2019-09-21,9785,50888,60673
1414,2019-09-22,6635,41995,48630
1414,2019-09-23,11195,44710,55905
1414,2019-09-24,11588,41878,53466
1414,2019-09-25,12513,43581,56094
1414,2019-09-26,12896,43503,56399
1414,2019-09-27,12908,50053,62961
1414,2019-09-28,9134,52006,61140
1414,2019-09-29,7193,40435,47628
1414,2019-09-30,11340,44681,56021
1414,2019-10-01,12222,44504,56726
1414,2019-10-02,11763,42389,54152
1414,2019-10-03,11738,46929,58667
1414,2019-10-04,12678,47198,59876
1414,2019-10-05,9114,52016,61130
1414,2019-10-06,7233,37373,44606
1414,2019-10-07,11462,44403,55865
1414,2019-10-08,11899,40897,52796
1414,2019-10-09,13298,39885,53183
1414,2019-10-10,12101,41530,53631
1414,2019-10-11,12385,48077,60462
1414,2019-10-12,9106,47257,56363
1414,2019-10-13,5673,36494,42167
1414,2019-10-14,11149,40275,51424
1414,2019-10-15,12678,41712,54390
1414,2019-10-16,12982,44219,57201
1414,2019-10-17,13341,44479,57820
1414,2019-10-18,13282,48271,61553
1414,2019-10-19,10741,54178,64919
1414,2019-10-20,9437,39437,48874
1414,2019-10-21,11359,40517,51876
1414,2019-10-22,11279,41553,52832
1414,2019-10-23,11885,41911,53796
1414,2019-10-24,11907,43361,55268
1414,2019-10-25,12329,47602,59931
1414,2019-10-26,8017,32650,40667
1414,2019-10-27,6776,29323,36099
1414,2019-10-28,11894,42930,54824
1414,2019-10-29,12252,42441,54693
1414,2019-10-30,13184,46369,59553
1414,2019-10-31,13482,47691,61173
1414,2019-11-01,7159,30841,38000
1414,2019-11-02,8152,28700,36852
1414,2019-11-03,5995,25696,31691
1414,2019-11-04,12511,37065,49576
1414,2019-11-05,12298,36509,48807
1414,2019-11-06,13405,41589,54994
1414,2019-11-07,13877,44602,58479
1414,2019-11-08,14003,44484,58487
1414,2019-11-09,11049,45479,56528
1414,2019-11-10,6371,29617,35988
1414,2019-11-11,10834,45330,56164
1414,2019-11-12,12923,33043,45966
1414,2019-11-13,15154,33686,48840
1414,2019-11-14,15915,34323,50238
1414,2019-11-15,15035,44492,59527
1414,2019-11-16,11490,39459,50949
1414,2019-11-17,8155,29773,37928
1414,2019-11-18,15552,33039,48591
1414,2019-11-19,12969,31041,44010
1414,2019-11-20,16671,35157,51828
1414,2019-11-21,15363,39439,54802
1414,2019-11-23,10143,41233,51376
1414,2019-11-24,7243,29107,36350
1414,2019-11-25,16618,37196,53814
1414,2019-11-26,17301,36583,53884
1414,2019-11-27,16470,34867,51337
1414,2019-11-28,16671,37689,54360
1414,2019-11-29,15065,42794,57859
1414,2019-11-30,11948,36500,48448
1414,2019-12-01,9073,33776,42849
1414,2019-12-02,13758,27737,41495
1414,2019-12-03,14530,33953,48483
1414,2019-12-04,14581,32632,47213
1414,2019-12-05,16187,34812,50999
1414,2019-12-06,17167,42783,59950
1414,2019-12-07,14312,40125,54437
1414,2019-12-08,10430,33389,43819
1414,2019-12-09,15188,32954,48142
1414,2019-12-10,15366,35434,50800
1414,2019-12-11,16384,34277,50661
1414,2019-12-12,16164,34837,51001
1414,2019-12-14,12542,38208,50750
1414,2019-12-15,8354,32591,40945
1414,2019-12-16,16063,32571,48634
1414,2019-12-17,12945,34746,47691
1414,2019-12-18,14474,36205,50679
1414,2019-12-19,14766,34380,49146
1414,2019-12-20,16622,42562,59184
1414,2019-12-21,13644,43620,57264
1414,2019-12-22,10603,34211,44814
1414,2019-12-23,14523,44440,58963
1414,2019-12-24,11281,35612,46893
1414,2019-12-26,8509,26883,35392
1414,2019-12-27,13194,42631,55825
1414,2019-12-28,9151,42220,51371
1414,2019-12-29,7480,29911,37391
1414,2019-12-30,11215,39844,51059
1414,2019-12-31,8952,38039,46991
1420,2019-01-01,1319,22231,23550
1420,2019-01-02,4288,42944,47232
1420,2019-01-03,5568,41169,46737
1420,2019-01-04,5426,44253,49679
1420,2019-01-05,4036,42409,46445
1420,2019-01-06,2009,27582,29591
1420,2019-01-07,6318,36516,42834
1420,2019-01-08,7719,33345,41064
1420,2019-01-09,7744,33624,41368
1420,2019-01-10,7556,38356,45912
1420,2019-01-11,7191,39211,46402
1420,2019-01-12,4960,32750,37710
1420,2019-01-13,2357,19895,22252
1420,2019-01-14,7233,35845,43078
1420,2019-01-15,8630,35840,44470
1420,2019-01-16,8416,35582,43998
1420,2019-01-17,8065,34065,42130
1420,2019-01-18,7630,41436,49066
1420,2019-01-19,5051,35017,40068
1420,2019-01-20,1876,21901,23777
1420,2019-01-21,7389,36702,44091
1420,2019-01-22,8047,30946,38993
1420,2019-01-23,8672,32341,41013
1420,2019-01-24,8181,38382,46563
1420,2019-01-25,7896,42336,50232
1420,2019-01-26,5541,36276,41817
1420,2019-01-27,2964,23895,26859
1420,2019-01-28,7520,28757,36277
1420,2019-01-29,8786,36531,45317
1420,2019-01-30,5842,21459,27301
1420,2019-01-31,6542,25220,31762
1420,2019-02-01,7323,39836,47159
1420,2019-02-02,4772,37985,42757
1420,2019-02-03,2052,24118,26170
1420,2019-02-04,7200,38053,45253
1420,2019-02-05,8508,36505,45013
1420,2019-02-06,8209,37108,45317
1420,2019-02-07,7998,37923,45921
1420,2019-02-08,7465,43657,51122
1420,2019-02-09,4636,40769,45405
1420,2019-02-10,3656,21781,25437
1420,2019-02-11,7406,40498,47904
1420,2019-02-12,8427,39017,47444
1420,2019-02-13,8072,37144,45216
1420,2019-02-16,4973,37069,42042
1420,2019-02-17,2074,28906,30980
1420,2019-02-18,7809,41596,49405
1420,2019-02-19,8617,38462,47079
1420,2019-02-20,9154,39366,48520
1420,2019-02-21,8769,39863,48632
1420,2019-02-22,7784,48445,56229
1420,2019-02-23,5225,38879,44104
1420,2019-02-24,2174,27546,29720
1420,2019-02-25,7805,39317,47122
1420,2019-02-26,9010,37628,46638
1420,2019-02-27,8884,36950,45834
1420,2019-02-28,8480,35795,44275
1420,2019-03-01,7298,43423,50721
1420,2019-03-02,5377,52157,57534
1420,2019-03-03,1953,28373,30326
1420,2019-03-04,7737,36943,44680
1420,2019-03-05,9562,35541,45103
1420,2019-03-06,9050,38109,47159
1420,2019-03-07,9200,37930,47130
1420,2019-03-08,8632,46060,54692
1420,2019-03-09,5458,51868,57326
1420,2019-03-10,2986,28775,31761
1420,2019-03-11,7558,38022,45580
1420,2019-03-12,8670,38575,47245
1420,2019-03-13,8853,34639,43492
1420,2019-03-15,7586,37533,45119
1420,2019-03-16,4848,39414,44262
1420,2019-03-17,2784,25027,27811
1420,2019-03-18,6978,34290,41268
1420,2019-03-19,8732,33184,41916
1420,2019-03-20,8616,33414,42030
1420,2019-03-21,9025,34029,43054
1420,2019-03-22,7509,35917,43426
1420,2019-03-23,5096,35970,41066
1420,2019-03-24,1953,26645,28598
1420,2019-03-25,7155,34676,41831
1420,2019-03-26,8184,34399,42583
1420,2019-03-27,8746,33403,42149
1420,2019-03-28,8133,35095,43228
1420,2019-03-29,8972,37088,46060
1420,2019-03-30,5618,37927,43545
1420,2019-04-01,7497,33969,41466
1420,2019-04-02,7701,33141,40842
1420,2019-04-03,8117,32823,40940
1420,2019-04-04,7697,36058,43755
1420,2019-04-05,7306,40829,48135
1420,2019-04-06,5035,37507,42542
1420,2019-04-07,2299,28697,30996
1420,2019-04-08,6952,36130,43082
1420,2019-04-09,7628,32933,40561
1420,2019-04-10,7922,33487,41409
1420,2019-04-11,9380,34399,43779
1420,2019-04-12,7974,39276,47250
1420,2019-04-13,5047,43285,48332
1420,2019-04-14,2220,30777,32997
1420,2019-04-15,7773,35630,43403
1420,2019-04-16,8646,33194,41840
1420,2019-04-17,8051,36219,44270
1420,2019-04-18,8669,38231,46900
1420,2019-04-19,7202,44665,51867
1420,2019-04-20,5414,37170,42584
1420,2019-04-21,2255,28940,31195
1420,2019-04-22,2692,34878,37570
1420,2019-04-23,5985,35484,41469
1420,2019-04-24,7913,33553,41466
1420,2019-04-25,7789,35405,43194
1420,2019-04-26,6941,41731,48672
1420,2019-04-27,5656,33271,38927
1420,2019-04-28,2092,27023,29115
1420,2019-04-29,6515,36698,43213
1420,2019-05-01,3219,22063,25282
1420,2019-05-02,7903,41674,49577
1420,2019-05-03,7470,48907,56377
1420,2019-05-04,5291,39663,44954
1420,2019-05-05,2703,29279,31982
1420,2019-05-06,7632,39674,47306
1420,2019-05-07,7714,40503,48217
1420,2019-05-08,7945,40798,48743
1420,2019-05-09,7513,30730,38243
1420,2019-05-10,8110,43473,51583
1420,2019-05-11,7703,28047,35750
1420,2019-05-12,2339,27263,29602
1420,2019-05-13,7859,40046,47905
1420,2019-05-14,9114,38368,47482
1420,2019-05-15,9276,38139,47415
1420,2019-05-16,8712,42595,51307
1420,2019-05-17,7220,45094,52314
1420,2019-05-18,4677,33173,37850
1420,2019-05-19,2156,26265,28421
1420,2019-05-20,7024,42112,49136
1420,2019-05-22,8981,39958,48939
1420,2019-05-23,8464,42348,50812
1420,2019-05-24,7605,48098,55703
1420,2019-05-25,5230,37577,42807
1420,2019-05-26,2460,28769,31229
1420,2019-05-27,7536,45680,53216
1420,2019-05-28,8477,44896,53373
1420,2019-05-29,8971,51551,60522
1420,2019-05-30,3315,33726,37041
1420,2019-05-31,7138,47221,54359
1420,2019-06-01,5282,38708,43990
1420,2019-06-02,3456,45116,48572
1420,2019-06-03,7426,43286,50712
1420,2019-06-04,8377,40873,49250
1420,2019-06-05,8485,42341,50826
1420,2019-06-06,8265,45975,54240
1420,2019-06-07,7678,52392,60070
1420,2019-06-08,5733,46539,52272
1420,2019-06-09,2586,31700,34286
1420,2019-06-10,3235,34018,37253
1420,2019-06-11,7652,45935,53587
1420,2019-06-12,9266,41199,50465
1420,2019-06-14,8027,51222,59249
1420,2019-06-15,5606,39669,45275
1420,2019-06-16,2919,32048,34967
1420,2019-06-17,7554,44319,51873
1420,2019-06-18,8632,41482,50114
1420,2019-06-19,9188,41513,50701
1420,2019-06-20,7360,44915,52275
1420,2019-06-21,8224,50253,58477
1420,2019-06-22,5438,42119,47557
1420,2019-06-23,3008,36318,39326
1420,2019-06-24,7617,43928,51545
1420,2019-06-25,8434,42286,50720
1420,2019-06-26,8868,40874,49742
1420,2019-06-27,8834,46108,54942
1420,2019-06-28,8794,53910,62704
1420,2019-06-29,6318,45701,52019
1420,2019-06-30,3522,41956,45478
1420,2019-07-01,7121,44864,51985
1420,2019-07-02,8655,43330,51985
1420,2019-07-03,9055,43606,52661
1420,2019-07-04,8848,43706,52554
1420,2019-07-05,8185,54712,62897
1420,2019-07-08,7714,51315,59029
1420,2019-07-09,8422,45908,54330
1420,2019-07-10,9316,47030,56346
1420,2019-07-11,8863,48889,57752
1420,2019-07-12,8504,56209,64713
1420,2019-07-13,5835,56219,62054
1420,2019-07-14,3574,46136,49710
1420,2019-07-15,7532,53972,61504
1420,2019-07-16,8564,48524,57088
1420,2019-07-17,9039,47581,56620
1420,2019-07-18,8918,51117,60035
1420,2019-07-19,8079,58706,66785
1420,2019-07-20,6345,57094,63439
1420,2019-07-21,4781,48439,53220
1420,2019-07-22,8134,53262,61396
1420,2019-07-23,8838,46988,55826
1420,2019-07-24,9075,47452,56527
1420,2019-07-25,8413,50266,58679
1420,2019-07-26,7662,61943,69605
1420,2019-07-27,5379,57300,62679
1420,2019-07-28,3850,48697,52547
1420,2019-07-29,7849,53541,61390
1420,2019-07-30,8377,49226,57603
1420,2019-07-31,8208,51948,60156
1420,2019-08-01,7864,55354,63218
1420,2019-08-02,7859,61442,69301
1420,2019-08-03,5045,53612,58657
1420,2019-08-04,3686,46937,50623
1420,2019-08-05,7736,51771,59507
1420,2019-08-06,9013,46706,55719
1420,2019-08-07,8833,45745,54578
1420,2019-08-08,9355,48287,57642
1420,2019-08-09,8218,55791,64009
1420,2019-08-10,5252,51574,56826
1420,2019-08-11,3693,41858,45551
1420,2019-08-12,9111,45463,54574
1420,2019-08-13,7786,46375,54161
1420,2019-08-14,7766,50738,58504
1420,2019-08-15,4585,36633,41218
1420,2019-08-16,7295,53617,60912
1420,2019-08-17,4372,50751,55123
1420,2019-08-18,2942,45208,48150
1420,2019-08-19,8853,50989,59842
1420,2019-08-20,8636,48372,57008
1420,2019-08-21,9728,45149,54877
1420,2019-08-22,10317,48547,58864
1420,2019-08-23,9973,53282,63255
1420,2019-08-24,5921,45925,51846
1420,2019-08-25,4044,40362,44406
1420,2019-08-26,8561,46551,55112
1420,2019-08-27,8507,45428,53935
1420,2019-08-28,8355,48559,56914
1420,2019-08-29,9161,50733,59894
1420,2019-08-30,10201,55868,66069
1420,2019-08-31,6184,50645,56829
1420,2019-09-01,3455,43299,46754
1420,2019-09-02,9666,45977,55643
1420,2019-09-03,10237,41464,51701
1420,2019-09-04,9292,43982,53274
1420,2019-09-05,8284,48253,56537
1420,2019-09-06,9379,51034,60413
1420,2019-09-07,6025,42949,48974
1420,2019-09-08,2514,39006,41520
1420,2019-09-13,8694,51088,59782
1420,2019-09-14,6508,42586,49094
1420,2019-09-15,3656,32629,36285
1420,2019-09-16,7404,42961,50365
1420,2019-09-17,8765,42189,50954
1420,2019-09-18,10268,41125,51393
1420,2019-09-19,9523,42286,51809
1420,2019-09-20,8842,50170,59012
1420,2019-09-21,5903,41263,47166
1420,2019-09-22,2787,35804,38591
1420,2019-09-23,7429,42681,50110
1420,2019-09-24,8288,41133,49421
1420,2019-09-25,8500,41255,49755
1420,2019-09-26,8427,42783,51210
1420,2019-09-27,7258,46988,54246
1420,2019-09-28,4933,41506,46439
1420,2019-09-29,2584,32412,34996
1420,2019-09-30,7407,42920,50327
1420,2019-10-01,8058,39822,47880
1420,2019-10-02,8334,40106,48440
1420,2019-10-03,8173,44392,52565
1420,2019-10-04,7597,45709,53306
1420,2019-10-05,5000,40290,45290
1420,2019-10-06,3193,28505,31698
1420,2019-10-07,7269,42668,49937
1420,2019-10-08,8181,35524,43705
1420,2019-10-09,8885,36984,45869
1420,2019-10-10,8141,42936,51077
1420,2019-10-11,7493,49668,57161
1420,2019-10-12,5087,37410,42497
1420,2019-10-13,2322,30175,32497
1420,2019-10-14,7463,42525,49988
1420,2019-10-15,8398,39165,47563
1420,2019-10-16,8921,39944,48865
1420,2019-10-17,8389,41136,49525
1420,2019-10-18,7788,48136,55924
1420,2019-10-19,4995,39313,44308
1420,2019-10-20,5155,24630,29785
1420,2019-10-21,7194,43693,50887
1420,2019-10-22,8226,41604,49830
1420,2019-10-23,8686,41975,50661
1420,2019-10-24,8134,43467,51601
1420,2019-10-25,7661,49872,57533
1420,2019-10-26,4469,36910,41379
1420,2019-10-27,2285,29689,31974
1420,2019-10-28,7330,43503,50833
1420,2019-10-29,8323,42280,50603
1420,2019-10-30,8286,45040,53326
1420,2019-10-31,7903,48259,56162
1420,2019-11-01,2815,25634,28449
1420,2019-11-02,3802,33766,37568
1420,2019-11-03,2034,30007,32041
1420,2019-11-04,7085,39000,46085
1420,2019-11-05,7822,38741,46563
1420,2019-11-06,8325,39011,47336
1420,2019-11-07,8182,39289,47471
1420,2019-11-08,7503,46080,53583
1420,2019-11-09,4867,39743,44610
1420,2019-11-10,1954,24756,26710
1420,2019-11-11,4723,42066,46789
1420,2019-11-12,8059,37264,45323
1420,2019-11-13,8428,37324,45752
1420,2019-11-14,8003,39170,47173
1420,2019-11-15,7443,45602,53045
1420,2019-11-16,4773,35357,40130
1420,2019-11-17,1927,24252,26179
1420,2019-11-18,7813,32208,40021
1420,2019-11-19,8069,36574,44643
1420,2019-11-20,8729,37915,46644
1420,2019-11-21,8370,39794,48164
1420,2019-11-22,7638,44351,51989
1420,2019-11-23,4751,34348,39099
1420,2019-11-24,2095,26042,28137
1420,2019-11-25,7690,40022,47712
1420,2019-11-26,8081,36110,44191
1420,2019-11-27,8289,35466,43755
1420,2019-11-28,7844,40458,48302
1420,2019-11-29,7919,47038,54957
1420,2019-11-30,4933,38127,43060
1420,2019-12-01,2595,25422,28017
1420,2019-12-02,7281,37426,44707
1420,2019-12-03,8669,38538,47207
1420,2019-12-04,9082,38432,47514
1420,2019-12-05,8796,39971,48767
1420,2019-12-06,7702,43805,51507
1420,2019-12-07,5182,36457,41639
1420,2019-12-08,3015,26996,30011
1420,2019-12-09,7484,36214,43698
1420,2019-12-10,8549,37326,45875
1420,2019-12-11,8483,35617,44100
1420,2019-12-12,8105,40184,48289
1420,2019-12-13,7655,41070,48725
1420,2019-12-14,4987,38484,43471
1420,2019-12-15,2386,29833,32219
1420,2019-12-16,7316,40635,47951
1420,2019-12-17,7834,39498,47332
1432,2019-01-04,3410,21498,24908
1432,2019-01-05,2128,15491,17619
1432,2019-01-06,725,11497,12222
1432,2019-01-07,3827,23310,27137
1432,2019-01-08,4544,23204,27748
1432,2019-01-09,4779,23175,27954
1432,2019-01-10,4491,24024,28515
1432,2019-01-11,4314,23408,27722
1432,2019-01-12,2510,15790,18300
1432,2019-01-13,819,10720,11539
1432,2019-01-14,4682,23967,28649
1432,2019-01-15,4772,24117,28889
1432,2019-01-16,4828,24860,29688
1432,2019-01-17,4867,24628,29495
1432,2019-01-18,4015,26323,30338
1432,2019-01-19,2554,15855,18409
1432,2019-01-20,692,11743,12435
1432,2019-01-21,4144,24846,28990
1432,2019-01-22,4922,24003,28925
1432,2019-01-23,5116,23396,28512
1432,2019-01-24,4928,24869,29797
1432,2019-01-29,4921,24442,29363
1432,2019-01-30,4644,21225,25869
1432,2019-01-31,4157,19401,23558
1432,2019-02-01,4353,23834,28187
1432,2019-02-02,2256,15304,17560
1432,2019-02-05,4570,25095,29665
1432,2019-02-06,4691,24808,29499
1432,2019-02-07,4697,24803,29500
1432,2019-02-12,4776,24911,29687
1432,2019-02-13,5053,25174,30227
1432,2019-02-16,2436,18021,20457
1432,2019-02-17,596,13144,13740
1432,2019-02-18,4465,25316,29781
1432,2019-02-19,5083,24792,29875
1432,2019-02-20,4989,25779,30768
1432,2019-02-21,5024,25666,30690
1432,2019-02-22,4593,26265,30858
1432,2019-02-23,2370,17560,19930
1432,2019-02-24,776,12887,13663
1432,2019-02-25,4675,23925,28600
1432,2019-02-26,4671,24712,29383
1432,2019-03-01,4621,24761,29382
1432,2019-03-02,2408,16343,18751
1432,2019-03-03,753,11653,12406
1432,2019-03-04,4011,19165,23176
1432,2019-03-05,4868,22607,27475
1432,2019-03-06,4926,25630,30556
1432,2019-03-07,4441,26112,30553
1432,2019-03-08,4677,26553,31230
1432,2019-03-09,2442,17361,19803
1432,2019-03-10,702,11912,12614
1432,2019-03-11,4848,24762,29610
1432,2019-03-12,4909,20586,25495
1432,2019-03-13,4829,25849,30678
1432,2019-03-15,4685,26106,30791
1432,2019-03-17,792,13022,13814
1432,2019-03-18,4636,24806,29442
1432,2019-03-19,5198,24995,30193
1432,2019-03-20,5136,26075,31211
1432,2019-03-21,4990,26335,31325
1432,2019-03-22,4382,26708,31090
1432,2019-03-23,2379,17855,20234
1432,2019-03-24,806,12988,13794
1432,2019-03-25,4808,25108,29916
1432,2019-03-26,4888,26086,30974
1432,2019-03-27,4702,25763,30465
1432,2019-03-28,5090,25745,30835
1432,2019-03-29,4597,26852,31449
1432,2019-03-30,2588,19822,22410
1432,2019-04-01,4724,25664,30388
1432,2019-04-02,5144,25788,30932
1432,2019-04-03,5374,26018,31392
1432,2019-04-04,5192,27236,32428
1432,2019-04-05,4644,28144,32788
1432,2019-04-06,2673,18956,21629
1432,2019-04-07,919,15502,16421
1432,2019-04-08,4785,27753,32538
1432,2019-04-09,5227,28205,33432
1432,2019-04-10,5311,27284,32595
1432,2019-04-11,5021,28638,33659
1432,2019-04-12,5142,29880,35022
1432,2019-04-13,2723,20716,23439
1432,2019-04-14,942,14698,15640
1432,2019-04-15,4851,26686,31537
1432,2019-04-16,5038,27587,32625
1432,2019-04-17,5321,27901,33222
1432,2019-04-18,4903,30164,35067
1432,2019-04-19,1919,27189,29108
1432,2019-04-20,2306,19068,21374
1432,2019-04-21,667,14690,15357
1432,2019-04-22,938,17362,18300
1432,2019-04-23,3667,26560,30227
1432,2019-04-24,5052,25153,30205
1432,2019-04-25,5342,25832,31174
1432,2019-04-26,4985,26979,31964
1432,2019-04-27,2585,20507,23092
1432,2019-04-28,1191,14225,15416
1432,2019-04-29,4488,24824,29312
1432,2019-05-01,1174,14124,15298
1432,2019-05-02,5060,25900,30960
1432,2019-05-03,4771,27610,32381
1432,2019-05-04,2546,17345,19891
1432,2019-05-07,5032,26627,31659
1432,2019-05-08,3805,27992,31797
1432,2019-05-09,3825,19018,22843
1432,2019-05-10,5310,24726,30036
1432,2019-05-11,2759,18182,20941
1432,2019-05-12,951,14864,15815
1432,2019-05-13,4657,26773,31430
1432,2019-05-14,5288,26938,32226
1432,2019-05-17,4848,27642,32490
1432,2019-05-18,2630,17463,20093
1432,2019-05-19,958,14326,15284
1432,2019-05-20,4276,26845,31121
1432,2019-05-21,5302,26861,32163
1432,2019-05-22,5510,26202,31712
1432,2019-05-23,4827,27472,32299
1432,2019-05-24,4873,27760,32633
1432,2019-05-25,2592,19393,21985
1432,2019-05-26,958,15534,16492
1432,2019-05-27,5004,26863,31867
1432,2019-05-28,5238,26508,31746
1432,2019-05-29,4976,28351,33327
1432,2019-05-30,1319,15586,16905
1432,2019-05-31,4050,24579,28629
1432,2019-06-01,2554,19801,22355
1432,2019-06-02,1105,17742,18847
1432,2019-06-03,4485,26202,30687
1432,2019-06-04,4705,25335,30040
1432,2019-06-05,5229,25556,30785
1432,2019-06-06,4865,27314,32179
1432,2019-06-07,4845,28860,33705
1432,2019-06-08,2756,19843,22599
1432,2019-06-09,855,15865,16720
1432,2019-06-10,1137,15423,16560
1432,2019-06-11,4133,27783,31916
1432,2019-06-12,4401,26289,30690
1432,2019-06-13,5331,26979,32310
1432,2019-06-14,4987,27459,32446
1432,2019-06-15,2651,17893,20544
1432,2019-06-16,932,14915,15847
1432,2019-06-17,4756,26203,30959
1432,2019-06-18,5054,25261,30315
1432,2019-06-19,5331,27378,32709
1432,2019-06-20,1957,28059,30016
1432,2019-06-21,4737,26978,31715
1432,2019-06-22,2612,19504,22116
1432,2019-06-23,1083,16253,17336
1432,2019-06-24,4772,25879,30651
1432,2019-06-25,4962,25890,30852
1432,2019-06-26,5102,24995,30097
1432,2019-06-27,4878,26620,31498
1432,2019-06-28,4836,28621,33457
1432,2019-06-29,2841,18463,21304
1432,2019-06-30,888,16366,17254
1432,2019-07-01,4722,25535,30257
1432,2019-07-02,4444,25976,30420
1432,2019-07-03,4903,26434,31337
1432,2019-07-04,5040,27449,32489
1432,2019-07-08,4285,27208,31493
1432,2019-07-09,4952,26612,31564
1432,2019-07-10,5309,26551,31860
1432,2019-07-12,4899,29835,34734
1432,2019-07-13,2521,22122,24643
1432,2019-07-14,1165,17181,18346
1432,2019-07-15,5145,26848,31993
1432,2019-07-16,4655,27176,31831
1432,2019-07-19,4843,29931,34774
1432,2019-07-20,2277,22642,24919
1432,2019-07-21,1120,18465,19585
1432,2019-07-22,4612,25416,30028
1432,2019-07-23,4789,24626,29415
1432,2019-07-26,4387,26504,30891
1432,2019-07-27,2064,20582,22646
1432,2019-07-28,1214,16435,17649
1432,2019-07-29,4147,23293,27440
1432,2019-07-30,4401,22683,27084
1432,2019-07-31,4465,24166,28631
1432,2019-08-01,4287,24984,29271
1432,2019-08-02,4319,27114,31433
1432,2019-08-03,2112,21332,23444
1432,2019-08-06,4044,23990,28034
1432,2019-08-07,3925,23512,27437
1432,2019-08-08,4069,24632,28701
1432,2019-08-09,3795,26045,29840
1432,2019-08-10,1756,20042,21798
1432,2019-08-11,951,16461,17412
1432,2019-08-12,3754,24497,28251
1432,2019-08-13,4058,24091,28149
1432,2019-08-14,3773,25633,29406
1432,2019-08-15,1664,17214,18878
1432,2019-08-16,3787,24027,27814
1432,2019-08-17,1458,18966,20424
1432,2019-08-18,807,16238,17045
1432,2019-08-19,4260,25497,29757
1432,2019-08-20,3666,26201,29867
1432,2019-08-21,4181,25346,29527
1432,2019-08-22,4330,27392,31722
1432,2019-08-23,3574,29651,33225
1432,2019-08-24,2074,20835,22909
1432,2019-08-25,1101,17952,19053
1432,2019-08-26,4599,26293,30892
1432,2019-08-27,4156,25498,29654
1432,2019-08-28,4692,26367,31059
1432,2019-08-29,4752,27215,31967
1432,2019-08-30,4343,29239,33582
1432,2019-08-31,2130,20178,22308
1432,2019-09-01,1088,18398,19486
1432,2019-09-04,5017,26143,31160
1432,2019-09-05,4903,27377,32280
1432,2019-09-08,904,16123,17027
1432,2019-09-13,4529,27853,32382
1432,2019-09-14,2531,21160,23691
1432,2019-09-15,895,17362,18257
1432,2019-09-16,4430,25581,30011
1432,2019-09-17,5011,25596,30607
1432,2019-09-18,5020,26063,31083
1432,2019-09-19,4539,27620,32159
1432,2019-09-20,4906,28048,32954
1432,2019-09-21,2633,20065,22698
1432,2019-09-22,935,15718,16653
1432,2019-09-23,4527,25897,30424
1432,2019-09-24,4883,26059,30942
1432,2019-09-25,5004,26192,31196
1432,2019-09-26,5059,25500,30559
1432,2019-09-27,4554,28287,32841
1432,2019-09-28,2500,19909,22409
1432,2019-09-29,850,15626,16476
1432,2019-09-30,4510,25413,29923
1432,2019-10-01,5163,24697,29860
1432,2019-10-02,5404,25210,30614
1432,2019-10-03,2076,28565,30641
1432,2019-10-04,4599,25236,29835
1432,2019-10-05,2376,19677,22053
1432,2019-10-06,887,15811,16698
1432,2019-10-07,4470,25556,30026
1432,2019-10-08,4800,24923,29723
1432,2019-10-09,4789,25087,29876
1432,2019-10-10,4905,26183,31088
1432,2019-10-11,4820,27868,32688
1432,2019-10-12,2609,20758,23367
1432,2019-10-13,838,16434,17272
1432,2019-10-14,3478,22419,25897
1432,2019-10-16,4867,26260,31127
1432,2019-10-17,4438,27883,32321
1432,2019-10-18,4166,28448,32614
1432,2019-10-19,2333,18786,21119
1432,2019-10-20,733,15035,15768
1432,2019-10-21,4269,27060,31329
1432,2019-10-22,4355,26754,31109
1432,2019-10-23,5045,27598,32643
1432,2019-10-24,4677,27678,32355
1432,2019-10-25,4631,29247,33878
1432,2019-10-26,2377,19282,21659
1432,2019-10-27,796,15745,16541
1432,2019-10-28,4645,27085,31730
1432,2019-10-29,4842,27165,32007
1432,2019-10-30,4870,28044,32914
1432,2019-10-31,4440,28956,33396
1432,2019-11-01,1079,14568,15647
1432,2019-11-02,2415,17433,19848
1432,2019-11-03,742,15820,16562
1432,2019-11-04,4412,25795,30207
1432,2019-11-05,4677,26041,30718
1432,2019-11-06,5189,25673,30862
1432,2019-11-07,4976,26846,31822
1432,2019-11-08,4415,27390,31805
1432,2019-11-09,2618,17854,20472
1432,2019-11-10,838,13253,14091
1432,2019-11-11,3722,26665,30387
1432,2019-11-12,4342,25713,30055
1432,2019-11-13,4855,25579,30434
1432,2019-11-14,4828,25906,30734
1432,2019-11-15,4610,26667,31277
1432,2019-11-16,2706,17657,20363
1432,2019-11-17,799,13317,14116
1432,2019-11-18,4616,24713,29329
1432,2019-11-19,5096,25570,30666
1432,2019-11-20,5445,25473,30918
1432,2019-11-21,5137,26127,31264
1432,2019-11-22,4497,26806,31303
1432,2019-11-23,2527,18417,20944
1432,2019-11-24,794,13745,14539
1432,2019-11-25,4631,25558,30189
1432,2019-11-26,4487,26444,30931
1432,2019-11-27,4353,26592,30945
1432,2019-11-28,4482,26820,31302
1432,2019-11-29,4808,27949,32757
1432,2019-11-30,2654,19487,22141
1432,2019-12-01,848,13734,14582
1432,2019-12-02,4563,25432,29995
1432,2019-12-03,4881,25777,30658
1432,2019-12-04,5099,26428,31527
1432,2019-12-05,5018,26968,31986
1432,2019-12-06,4827,27127,31954
1432,2019-12-07,2663,19738,22401
1432,2019-12-08,779,14188,14967
1432,2019-12-09,4104,25870,29974
1432,2019-12-10,4885,26815,31700
1432,2019-12-11,4668,26558,31226
1432,2019-12-12,5088,26694,31782
1432,2019-12-13,4622,26684,31306
1432,2019-12-14,2703,21818,24521
1432,2019-12-15,981,14988,15969
1432,2019-12-16,4278,25642,29920
1432,2019-12-17,4949,26490,31439
1432,2019-12-18,4967,26875,31842
1432,2019-12-19,4501,27570,32071
1432,2019-12-20,3681,27948,31629
1432,2019-12-21,1743,21782,23525
1432,2019-12-22,581,14530,15111
1432,2019-12-23,2244,19709,21953
1432,2019-12-24,1439,11134,12573
1432,2019-12-25,497,8469,8966
1432,2019-12-26,716,11063,11779
1432,2019-12-27,1730,19459,21189
1432,2019-12-28,1257,16550,17807
1432,2019-12-29,692,12325,13017
1432,2019-12-30,1860,19511,21371
1432,2019-12-31,1323,11510,12833
1441,2019-01-01,148,23777,23925
1441,2019-01-02,1610,41815,43425
1441,2019-01-03,1902,46050,47952
1441,2019-01-04,2143,47895,50038
1441,2019-01-05,700,38639,39339
1441,2019-01-06,229,28551,28780
1441,2019-01-07,2566,49273,51839
1441,2019-01-08,2963,50969,53932
1441,2019-01-09,3283,50097,53380
1441,2019-01-10,2943,53577,56520
1441,2019-01-11,3405,54193,57598
1441,2019-01-12,977,43055,44032
1441,2019-01-13,364,30136,30500
1441,2019-01-14,4159,50563,54722
1441,2019-01-15,4167,51813,55980
1441,2019-01-16,4079,52196,56275
1441,2019-01-17,4823,51597,56420
1441,2019-01-18,4235,53897,58132
1441,2019-01-20,211,31597,31808
1441,2019-01-21,3726,51974,55700
1441,2019-01-22,4144,51474,55618
1441,2019-01-23,3926,49753,53679
1441,2019-01-24,3614,53616,57230
1441,2019-01-29,3806,53501,57307
1441,2019-01-30,3164,40926,44090
1441,2019-01-31,3258,48847,52105
1441,2019-02-01,3296,52349,55645
1441,2019-02-02,941,44253,45194
1441,2019-02-05,3739,53461,57200
1441,2019-02-06,3919,52481,56400
1441,2019-02-07,4174,53161,57335
1441,2019-02-08,4169,54483,58652
1441,2019-02-09,1026,46011,47037
1441,2019-02-16,849,44833,45682
1441,2019-02-18,3766,50329,54095
1441,2019-02-19,4346,50834,55180
1441,2019-02-20,4385,51752,56137
1441,2019-02-21,4378,52801,57179
1441,2019-02-22,4188,54276,58464
1441,2019-02-23,904,44385,45289
1441,2019-02-24,210,33439,33649
1441,2019-02-25,3686,52889,56575
1441,2019-02-26,3809,54772,58581
1441,2019-03-01,4892,59186,64078
1441,2019-03-04,4070,49459,53529
1441,2019-03-06,4016,52340,56356
1441,2019-03-07,4465,52089,56554
1441,2019-03-08,4194,55342,59536
1441,2019-03-09,1266,48114,49380
1441,2019-03-10,370,32680,33050
1441,2019-03-11,3832,51768,55600
1441,2019-03-12,3707,53964,57671
1441,2019-03-13,4271,50866,55137
1441,2019-03-14,4746,50197,54943
1441,2019-03-15,3952,54252,58204
1441,2019-03-16,1285,46980,48265
1441,2019-03-17,600,32028,32628
1441,2019-03-18,3733,52005,55738
1441,2019-03-19,3872,53947,57819
1441,2019-03-20,4030,53067,57097
1441,2019-03-21,3766,54516,58282
1441,2019-03-22,3966,57050,61016
1441,2019-03-23,834,49070,49904
1441,2019-03-24,207,33958,34165
1441,2019-03-25,3784,52477,56261
1441,2019-03-26,3890,54729,58619
1441,2019-03-27,3722,54179,57901
1441,2019-03-28,3231,49468,52699
1441,2019-03-29,3553,57937,61490
1441,2019-03-30,919,50478,51397
1441,2019-04-01,3565,53924,57489
1441,2019-04-02,3650,54961,58611
1441,2019-04-03,3957,54282,58239
1441,2019-04-04,3994,55935,59929
1441,2019-04-05,3593,57757,61350
1441,2019-04-06,911,43457,44368
1441,2019-04-07,235,34019,34254
1441,2019-04-08,4024,51953,55977
1441,2019-04-09,4018,51809,55827
1441,2019-04-10,4363,50967,55330
1441,2019-04-11,4049,54077,58126
1441,2019-04-12,3948,55338,59286
1441,2019-04-13,992,44489,45481
1441,2019-04-14,251,31478,31729
1441,2019-04-15,4167,51871,56038
1441,2019-04-16,4089,49326,53415
1441,2019-04-17,3907,52282,56189
1441,2019-04-18,3499,54391,57890
1441,2019-04-19,3188,55589,58777
1441,2019-04-20,863,44803,45666
1441,2019-04-21,170,33139,33309
1441,2019-04-22,231,30969,31200
1441,2019-04-23,3915,55165,59080
1441,2019-04-24,4043,52856,56899
1441,2019-04-25,4680,55192,59872
1441,2019-04-26,4106,58238,62344
1441,2019-04-27,1800,48420,50220
1441,2019-04-28,358,33181,33539
1441,2019-05-01,238,31602,31840
1441,2019-05-02,4014,54554,58568
1441,2019-05-03,3885,56565,60450
1441,2019-05-04,1051,44500,45551
1441,2019-05-07,4087,55564,59651
1441,2019-05-08,4076,53949,58025
1441,2019-05-09,1433,32516,33949
1441,2019-05-10,3437,55075,58512
1441,2019-05-12,268,33512,33780
1441,2019-05-13,3780,53267,57047
1441,2019-05-15,4084,53805,57889
1441,2019-05-17,4224,57391,61615
1441,2019-05-18,1073,50761,51834
1441,2019-05-19,371,34247,34618
1441,2019-05-20,4016,53485,57501
1441,2019-05-21,4256,56336,60592
1441,2019-05-22,4128,55804,59932
1441,2019-05-23,4315,57444,61759
1441,2019-05-24,4298,58118,62416
1441,2019-05-25,1963,47229,49192
1441,2019-05-26,215,33902,34117
1441,2019-05-27,4076,50935,55011
1441,2019-05-29,4533,55436,59969
1441,2019-05-30,279,30026,30305
1441,2019-05-31,2398,52488,54886
1441,2019-06-01,817,44337,45154
1441,2019-06-02,257,34861,35118
1441,2019-06-03,4414,53127,57541
1441,2019-06-04,4419,54141,58560
1441,2019-06-05,4527,53548,58075
1441,2019-06-06,4167,55217,59384
1441,2019-06-07,4249,55554,59803
1441,2019-06-08,958,40885,41843
1441,2019-06-09,232,32125,32357
1441,2019-06-10,384,26788,27172
1441,2019-06-11,4293,53719,58012
1441,2019-06-12,4423,51643,56066
1441,2019-06-13,4419,54368,58787
1441,2019-06-14,4296,56493,60789
1441,2019-06-15,1128,47873,49001
1441,2019-06-16,248,35357,35605
1441,2019-06-17,4109,52710,56819
1441,2019-06-18,4383,53948,58331
1441,2019-06-19,4342,53496,57838
1441,2019-06-20,4062,54546,58608
1441,2019-06-21,4380,56893,61273
1441,2019-06-22,976,45788,46764
1441,2019-06-23,238,33359,33597
1441,2019-06-24,4176,51897,56073
1441,2019-06-25,4278,53694,57972
1441,2019-06-26,4051,53541,57592
1441,2019-06-27,4098,55634,59732
1441,2019-06-28,4060,57589,61649
1441,2019-06-29,1094,50593,51687
1441,2019-06-30,239,38848,39087
1441,2019-07-01,3853,53462,57315
1441,2019-07-02,3991,54737,58728
1441,2019-07-03,4000,54507,58507
1441,2019-07-04,3947,54828,58775
1441,2019-07-05,4107,56566,60673
1441,2019-07-08,4195,53293,57488
1441,2019-07-09,4199,55415,59614
1441,2019-07-10,4034,53204,57238
1441,2019-07-11,4271,54836,59107
1441,2019-07-12,4565,54540,59105
1441,2019-07-13,1002,47166,48168
1441,2019-07-14,235,33644,33879
1441,2019-07-15,4106,52691,56797
1441,2019-07-16,4292,53484,57776
1441,2019-07-17,4145,52255,56400
1441,2019-07-18,4283,53407,57690
1441,2019-07-19,4148,55218,59366
1441,2019-07-20,886,43495,44381
1441,2019-07-21,248,32175,32423
1441,2019-07-22,4080,51172,55252
1441,2019-07-23,4047,52822,56869
1441,2019-07-24,3691,52213,55904
1441,2019-07-25,3195,52782,55977
1441,2019-07-26,2579,52033,54612
1441,2019-07-27,600,38893,39493
1441,2019-07-28,192,28113,28305
1441,2019-07-29,2448,46806,49254
1441,2019-07-30,2428,48537,50965
1441,2019-07-31,2357,48154,50511
1441,2019-08-01,2212,48139,50351
1441,2019-08-02,2348,48328,50676
1441,2019-08-03,554,34596,35150
1441,2019-08-04,189,25884,26073
1441,2019-08-05,2153,43933,46086
1441,2019-08-06,2190,44226,46416
1441,2019-08-07,2428,44602,47030
1441,2019-08-08,2338,44515,46853
1441,2019-08-09,2345,40507,42852
1441,2019-08-10,800,34996,35796
1441,2019-08-11,308,26794,27102
1441,2019-08-12,2316,43304,45620
1441,2019-08-13,2115,45221,47336
1441,2019-08-14,2123,46369,48492
1441,2019-08-15,340,24463,24803
1441,2019-08-16,1890,41795,43685
1441,2019-08-17,626,32175,32801
1441,2019-08-18,287,24536,24823
1441,2019-08-19,2507,45337,47844
1441,2019-08-20,2546,41058,43604
1441,2019-08-21,2771,46619,49390
1441,2019-08-22,2886,47410,50296
1441,2019-08-23,3257,49992,53249
1441,2019-08-24,778,38325,39103
1441,2019-08-25,224,30142,30366
1441,2019-08-26,3754,50853,54607
1441,2019-08-27,3668,44827,48495
1441,2019-08-28,5012,50054,55066
1441,2019-08-29,5300,51719,57019
1441,2019-08-30,4878,53480,58358
1441,2019-08-31,1135,43264,44399
1441,2019-09-01,400,32169,32569
1441,2019-09-04,5186,50752,55938
1441,2019-09-05,5329,51042,56371
1441,2019-09-06,4919,51662,56581
1441,2019-09-07,1457,42032,43489
1441,2019-09-08,554,31186,31740
1441,2019-09-13,5419,54462,59881
1441,2019-09-14,1494,45671,47165
1441,2019-09-15,455,33913,34368
1441,2019-09-16,5032,50199,55231
1441,2019-09-17,5614,52840,58454
1441,2019-09-18,5411,52823,58234
1441,2019-09-19,5619,53636,59255
1441,2019-09-20,5427,54645,60072
1441,2019-09-21,1446,47391,48837
1441,2019-09-22,436,33061,33497
1441,2019-09-23,5297,51618,56915
1441,2019-09-24,5822,51294,57116
1441,2019-09-25,7406,48672,56078
1441,2019-09-26,7665,46834,54499
1441,2019-09-27,6348,51211,57559
1441,2019-09-28,1681,48470,50151
1441,2019-09-29,958,33170,34128
1441,2019-09-30,5408,49648,55056
1441,2019-10-01,6025,49722,55747
1441,2019-10-02,5970,49863,55833
1441,2019-10-03,5251,53412,58663
1441,2019-10-04,6529,52236,58765
1441,2019-10-05,1616,48272,49888
1441,2019-10-06,1407,32653,34060
1441,2019-10-07,6467,47337,53804
1441,2019-10-08,7706,45520,53226
1441,2019-10-09,6746,47177,53923
1441,2019-10-10,5084,51373,56457
1441,2019-10-11,5154,53311,58465
1441,2019-10-12,1498,48857,50355
1441,2019-10-13,468,35513,35981
1441,2019-10-14,5171,51775,56946
1441,2019-10-15,6358,50383,56741
1441,2019-10-16,6448,50445,56893
1441,2019-10-17,6552,50581,57133
1441,2019-10-18,6573,53424,59997
1441,2019-10-19,1515,47483,48998
1441,2019-10-20,975,32018,32993
1441,2019-10-21,5446,50849,56295
1441,2019-10-22,5481,53211,58692
1441,2019-10-23,5125,51856,56981
1441,2019-10-24,5308,53474,58782
1441,2019-10-25,5242,55227,60469
1441,2019-10-26,1632,47937,49569
1441,2019-10-27,661,32497,33158
1441,2019-10-28,5128,51402,56530
1441,2019-10-29,5236,52754,57990
1441,2019-10-30,5298,53550,58848
1441,2019-10-31,5197,55974,61171
1441,2019-11-01,1279,32482,33761
1441,2019-11-02,1952,40959,42911
1441,2019-11-03,830,30487,31317
1441,2019-11-04,6256,48200,54456
1441,2019-11-05,5270,51857,57127
1441,2019-11-06,5409,52438,57847
1441,2019-11-07,6436,49117,55553
1441,2019-11-08,5062,54798,59860
1441,2019-11-09,1328,48745,50073
1441,2019-11-10,537,34139,34676
1441,2019-11-11,5329,49256,54585
1441,2019-11-12,6431,48548,54979
1441,2019-11-13,5472,47877,53349
1441,2019-11-14,5388,51263,56651
1441,2019-11-15,5707,55319,61026
1441,2019-11-16,1663,49473,51136
1441,2019-11-17,519,33473,33992
1441,2019-11-18,6963,44919,51882
1441,2019-11-19,5582,50594,56176
1441,2019-11-20,5177,50832,56009
1441,2019-11-21,5523,52322,57845
1441,2019-11-22,5866,54415,60281
1441,2019-11-23,1612,48931,50543
1441,2019-11-25,5153,50932,56085
1441,2019-11-26,5794,51050,56844
1441,2019-11-27,6991,47720,54711
1441,2019-11-28,6093,52200,58293
1441,2019-11-29,6325,53119,59444
1441,2019-11-30,1629,49289,50918
1441,2019-12-01,1192,32462,33654
1441,2019-12-02,5432,49237,54669
1441,2019-12-03,5797,50854,56651
1441,2019-12-04,5193,51968,57161
1441,2019-12-05,5128,53435,58563
1441,2019-12-06,5991,52386,58377
1441,2019-12-07,1770,48137,49907
1441,2019-12-08,1136,32591,33727
1441,2019-12-09,6419,47448,53867
1441,2019-12-10,5517,51433,56950
1441,2019-12-11,6343,49965,56308
1441,2019-12-12,6070,52409,58479
1441,2019-12-13,7772,49967,57739
1441,2019-12-14,2486,48668,51154
1441,2019-12-15,1200,35566,36766
1441,2019-12-16,6257,48976,55233
1441,2019-12-17,5304,53148,58452
1441,2019-12-18,5474,53692,59166
1441,2019-12-19,4873,56087,60960
1441,2019-12-20,5189,54713,59902
1441,2019-12-21,1341,45226,46567
1441,2019-12-22,624,32874,33498
1441,2019-12-23,3261,46666,49927
1441,2019-12-24,2566,40676,43242
1441,2019-12-25,462,25311,25773
1441,2019-12-26,519,26395,26914
1441,2019-12-27,2461,41018,43479
1441,2019-12-28,942,36989,37931
1441,2019-12-29,418,28099,28517
1441,2019-12-30,1901,42839,44740
1441,2019-12-31,1581,38718,40299
1448,2019-01-01,322,9483,9805
1448,2019-01-02,1330,19890,21220
1448,2019-01-03,1869,20653,22522
1448,2019-01-04,1966,21381,23347
1448,2019-01-05,1367,17517,18884
1448,2019-01-06,576,12022,12598
1448,2019-01-07,2341,21983,24324
1448,2019-01-08,2762,22154,24916
1448,2019-01-09,3028,21741,24769
1448,2019-01-10,3285,22437,25722
1448,2019-01-11,2960,22614,25574
1448,2019-01-12,1815,18276,20091
1448,2019-01-13,705,10635,11340
1448,2019-01-14,2611,22577,25188
1448,2019-01-15,3371,22872,26243
1448,2019-01-16,3634,22759,26393
1448,2019-01-17,3147,23395,26542
1448,2019-01-18,3036,24732,27768
1448,2019-01-19,1850,18340,20190
1448,2019-01-20,559,11763,12322
1448,2019-01-21,3200,22639,25839
1448,2019-01-22,3648,22040,25688
1448,2019-01-23,3811,21042,24853
1448,2019-01-24,3391,22987,26378
1448,2019-01-29,3099,23186,26285
1448,2019-01-30,3533,19901,23434
1448,2019-01-31,3229,21152,24381
1448,2019-02-01,3287,23462,26749
1448,2019-02-02,2248,18399,20647
1448,2019-02-03,578,11700,12278
1448,2019-02-04,3136,22598,25734
1448,2019-02-05,3762,23095,26857
1448,2019-02-06,3770,22448,26218
1448,2019-02-07,3454,23887,27341
1448,2019-02-09,1953,19655,21608
1448,2019-02-10,882,11156,12038
1448,2019-02-11,2662,23048,25710
1448,2019-02-12,3569,23208,26777
1448,2019-02-13,3927,23246,27173
1448,2019-02-16,1996,21026,23022
1448,2019-02-17,635,14743,15378
1448,2019-02-18,3426,23174,26600
1448,2019-02-19,3651,22758,26409
1448,2019-02-20,4242,23700,27942
1448,2019-02-21,3980,23454,27434
1448,2019-02-22,3740,24848,28588
1448,2019-02-23,2084,20668,22752
1448,2019-02-24,674,15203,15877
1448,2019-02-25,3395,23228,26623
1448,2019-02-26,3757,23479,27236
1448,2019-02-27,4013,23287,27300
1448,2019-02-28,3781,23594,27375
1448,2019-03-01,3758,26194,29952
1448,2019-03-02,2400,20687,23087
1448,2019-03-03,1044,12427,13471
1448,2019-03-04,3077,20418,23495
1448,2019-03-05,3680,22623,26303
1448,2019-03-06,3696,23670,27366
1448,2019-03-07,3697,24884,28581
1448,2019-03-08,2953,26439,29392
1448,2019-03-09,2293,20665,22958
1448,2019-03-10,908,12267,13175
1448,2019-03-11,3177,22794,25971
1448,2019-03-12,3656,22902,26558
1448,2019-03-13,3607,22064,25671
1448,2019-03-14,2021,17415,19436
1448,2019-03-15,3511,23610,27121
1448,2019-03-16,1812,19909,21721
1448,2019-03-17,667,12347,13014
1448,2019-03-18,3007,22871,25878
1448,2019-03-19,3676,23743,27419
1448,2019-03-20,3891,23586,27477
1448,2019-03-21,3653,24445,28098
1448,2019-03-22,3421,25251,28672
1448,2019-03-23,2058,20182,22240
1448,2019-03-24,574,13506,14080
1448,2019-03-25,2068,17837,19905
1448,2019-03-26,1501,11003,12504
1448,2019-03-27,1187,7718,8905
1448,2019-03-28,1060,11116,12176
1448,2019-03-29,1123,14498,15621
1448,2019-03-30,1401,20983,22384
1448,2019-04-01,2790,23072,25862
1448,2019-04-02,3107,23840,26947
1448,2019-04-03,3026,24116,27142
1448,2019-04-04,2984,24251,27235
1448,2019-04-05,2956,25744,28700
1448,2019-04-06,1554,20486,22040
1448,2019-04-07,568,14128,14696
1448,2019-04-08,2683,24436,27119
1448,2019-04-09,3007,23944,26951
1448,2019-04-10,3189,24416,27605
1448,2019-04-11,3143,25413,28556
1448,2019-04-12,2864,26022,28886
1448,2019-04-13,1564,19493,21057
1448,2019-04-14,547,13204,13751
1448,2019-04-15,2924,23992,26916
1448,2019-04-16,3157,23745,26902
1448,2019-04-17,3113,25057,28170
1448,2019-04-18,2861,26495,29356
1448,2019-04-19,1147,25694,26841
1448,2019-04-20,1398,20288,21686
1448,2019-04-21,440,15444,15884
1448,2019-04-22,592,17722,18314
1448,2019-04-23,2596,24081,26677
1448,2019-04-24,2910,22964,25874
1448,2019-04-25,2927,24274,27201
1448,2019-04-26,2778,26303,29081
1448,2019-04-27,1402,20609,22011
1448,2019-04-28,429,13560,13989
1448,2019-04-29,2650,24649,27299
1448,2019-05-01,784,15979,16763
1448,2019-05-02,3107,24764,27871
1448,2019-05-03,2617,26223,28840
1448,2019-05-04,1302,19552,20854
1448,2019-05-05,570,15233,15803
1448,2019-05-06,2874,24385,27259
1448,2019-05-07,3070,24103,27173
1448,2019-05-08,3535,25505,29040
1448,2019-05-09,2246,20821,23067
1448,2019-05-10,2740,23857,26597
1448,2019-05-11,1701,17633,19334
1448,2019-05-12,541,14375,14916
1448,2019-05-13,2815,24325,27140
1448,2019-05-14,3202,24854,28056
1448,2019-05-15,3213,24789,28002
1448,2019-05-16,2993,25019,28012
1448,2019-05-17,2817,26356,29173
1448,2019-05-18,1472,19173,20645
1448,2019-05-19,644,13613,14257
1448,2019-05-20,2450,24007,26457
1448,2019-05-21,2801,24444,27245
1448,2019-05-22,3194,24554,27748
1448,2019-05-23,3052,26253,29305
1448,2019-05-24,2748,26530,29278
1448,2019-05-25,1495,20586,22081
1448,2019-05-26,612,15808,16420
1448,2019-05-27,2611,25167,27778
1448,2019-05-28,2958,25216,28174
1448,2019-05-29,3190,27233,30423
1448,2019-05-30,712,14381,15093
1448,2019-05-31,2482,24772,27254
1448,2019-06-01,1481,20961,22442
1448,2019-06-02,744,19618,20362
1448,2019-06-03,2611,24602,27213
1448,2019-06-04,2842,24931,27773
1448,2019-06-05,3155,24536,27691
1448,2019-06-06,3136,25372,28508
1448,2019-06-07,2899,27078,29977
1448,2019-06-08,1812,21670,23482
1448,2019-06-09,573,16323,16896
1448,2019-06-10,729,15119,15848
1448,2019-06-11,2825,25398,28223
1448,2019-06-12,3201,25241,28442
1448,2019-06-13,3146,25631,28777
1448,2019-06-14,2927,26772,29699
1448,2019-06-15,1616,21088,22704
1448,2019-06-16,679,15930,16609
1448,2019-06-17,2794,25152,27946
1448,2019-06-18,3121,25287,28408
1448,2019-06-19,3008,25455,28463
1448,2019-06-20,1424,25075,26499
1448,2019-06-21,3055,27154,30209
1448,2019-06-22,1622,20944,22566
1448,2019-06-23,746,18045,18791
1448,2019-06-24,2751,25117,27868
1448,2019-06-25,3131,25749,28880
1448,2019-06-26,3143,25918,29061
1448,2019-06-27,2997,26428,29425
1448,2019-06-28,2781,28020,30801
1448,2019-06-29,1615,23584,25199
1448,2019-06-30,704,18969,19673
1448,2019-07-01,2755,25811,28566
1448,2019-07-02,3050,25767,28817
1448,2019-07-03,3278,26194,29472
1448,2019-07-04,3146,26422,29568
1448,2019-07-08,2915,25755,28670
1448,2019-07-09,3235,25744,28979
1448,2019-07-10,3257,25887,29144
1448,2019-07-11,3154,25540,28694
1448,2019-07-12,2774,26700,29474
1448,2019-07-13,1417,22145,23562
1448,2019-07-14,700,16063,16763
1448,2019-07-15,2842,24778,27620
1448,2019-07-16,3121,25034,28155
1448,2019-07-17,3149,24676,27825
1448,2019-07-18,3113,25343,28456
1448,2019-07-19,2746,26902,29648
1448,2019-07-20,1327,23578,24905
1448,2019-07-21,701,18343,19044
1448,2019-07-22,2621,25203,27824
1448,2019-07-23,2934,24608,27542
1448,2019-07-26,2569,26275,28844
1448,2019-07-27,1193,20906,22099
1448,2019-07-28,636,15524,16160
1448,2019-07-29,2291,24125,26416
1448,2019-07-30,2607,23785,26392
1448,2019-07-31,2604,24180,26784
1448,2019-08-01,2486,24176,26662
1448,2019-08-02,2447,25954,28401
1448,2019-08-03,1143,21195,22338
1448,2019-08-04,625,17533,18158
1448,2019-08-05,2345,23176,25521
1448,2019-08-06,2390,22031,24421
1448,2019-08-07,2303,22416,24719
1448,2019-08-08,2333,23401,25734
1448,2019-08-09,2175,23911,26086
1448,2019-08-10,1099,19705,20804
1448,2019-08-11,589,15434,16023
1448,2019-08-12,2092,22277,24369
1448,2019-08-13,2343,22672,25015
1448,2019-08-14,2232,23887,26119
1448,2019-08-15,870,15297,16167
1448,2019-08-16,1876,23379,25255
1448,2019-08-17,1044,18499,19543
1448,2019-08-18,614,15140,15754
1448,2019-08-19,2138,24215,26353
1448,2019-08-20,2331,23933,26264
1448,2019-08-21,2484,24036,26520
1448,2019-08-22,2437,24425,26862
1448,2019-08-23,2380,26812,29192
1448,2019-08-24,1145,21340,22485
1448,2019-08-25,611,18314,18925
1448,2019-08-26,2345,25048,27393
1448,2019-08-27,2478,24788,27266
1448,2019-08-28,2857,24933,27790
1448,2019-08-29,2793,25473,28266
1448,2019-08-30,2656,27646,30302
1448,2019-08-31,1372,22282,23654
1448,2019-09-01,726,18195,18921
1448,2019-09-02,2248,24351,26599
1448,2019-09-03,2789,24509,27298
1448,2019-09-04,3041,24695,27736
1448,2019-09-05,2777,24903,27680
1448,2019-09-06,2771,27188,29959
1448,2019-09-07,1459,21002,22461
1448,2019-09-08,665,15195,15860
1448,2019-09-13,2570,26336,28906
1448,2019-09-14,1436,18422,19858
1448,2019-09-15,582,15563,16145
1448,2019-09-16,1757,17566,19323
1448,2019-09-17,1993,17286,19279
1448,2019-09-18,2169,17725,19894
1448,2019-09-19,1842,17102,18944
1448,2019-09-20,1962,18657,20619
1448,2019-09-21,1943,21132,23075
1448,2019-09-22,671,15334,16005
1448,2019-09-23,3232,23602,26834
1448,2019-09-24,3553,23640,27193
1448,2019-09-25,3630,24031,27661
1448,2019-09-26,3465,25209,28674
1448,2019-09-27,3327,26996,30323
1448,2019-09-28,1736,20764,22500
1448,2019-09-30,3033,24666,27699
1448,2019-10-02,3617,25631,29248
1448,2019-10-04,3313,26373,29686
1448,2019-10-05,1781,22288,24069
1448,2019-10-06,648,15338,15986
1448,2019-10-07,2931,26621,29552
1448,2019-10-08,3436,24232,27668
1448,2019-10-10,3369,24877,28246
1448,2019-10-12,1779,21462,23241
1448,2019-10-13,626,16617,17243
1448,2019-10-14,2920,24539,27459
1448,2019-10-15,3303,24426,27729
1448,2019-10-16,3475,24574,28049
1448,2019-10-17,3305,25084,28389
1448,2019-10-18,3036,26355,29391
1448,2019-10-19,1555,19306,20861
1448,2019-10-21,2930,23910,26840
1448,2019-10-22,3386,24352,27738
1448,2019-10-23,3345,24527,27872
1448,2019-10-24,3196,25502,28698
1448,2019-10-25,3017,27691,30708
1448,2019-10-26,1490,20451,21941
1448,2019-10-29,3270,25860,29130
1448,2019-10-30,3060,26334,29394
1448,2019-10-31,2659,24903,27562
1448,2019-11-01,626,11523,12149
1448,2019-11-02,1127,17887,19014
1448,2019-11-03,395,11711,12106
1448,2019-11-04,2567,22736,25303
1448,2019-11-05,3004,24192,27196
1448,2019-11-06,3139,24773,27912
1448,2019-11-07,3089,24950,28039
1448,2019-11-08,2723,26733,29456
1448,2019-11-09,1678,20115,21793
1448,2019-11-10,649,13335,13984
1448,2019-11-11,2754,25937,28691
1448,2019-11-12,2949,24075,27024
1448,2019-11-13,3139,24282,27421
1448,2019-11-14,3191,25322,28513
1448,2019-11-15,2956,25913,28869
1448,2019-11-16,1665,20170,21835
1448,2019-11-17,578,12824,13402
1448,2019-11-18,2861,22461,25322
1448,2019-11-19,3186,24544,27730
1448,2019-11-20,3466,24891,28357
1448,2019-11-21,3219,24892,28111
1448,2019-11-22,2898,26149,29047
1448,2019-11-23,1506,19402,20908
1448,2019-11-24,534,13275,13809
1448,2019-11-25,2705,24530,27235
1448,2019-11-26,3130,25444,28574
1448,2019-11-27,3316,24155,27471
1448,2019-11-28,3061,25284,28345
1448,2019-11-29,2962,26788,29750
1448,2019-11-30,1833,21495,23328
1448,2019-12-01,524,12993,13517
1448,2019-12-02,2807,24726,27533
1448,2019-12-03,3188,25244,28432
1448,2019-12-04,3446,25051,28497
1448,2019-12-05,3608,26437,30045
1448,2019-12-06,3340,26447,29787
1448,2019-12-07,1875,19935,21810
1448,2019-12-08,642,12703,13345
1448,2019-12-09,3033,24272,27305
1448,2019-12-10,3205,25756,28961
1448,2019-12-11,3803,24147,27950
1448,2019-12-12,3542,25466,29008
1448,2019-12-13,3427,26561,29988
1448,2019-12-14,1843,21249,23092
1448,2019-12-15,722,13798,14520
1448,2019-12-16,3247,24763,28010
1448,2019-12-17,3306,25989,29295
1448,2019-12-18,3393,25104,28497
1448,2019-12-19,2925,26078,29003
1448,2019-12-20,2623,27465,30088
1448,2019-12-21,1307,22310,23617
1448,2019-12-22,665,13463,14128
1448,2019-12-23,1349,21704,23053
1448,2019-12-24,810,14546,15356
1448,2019-12-25,289,9801,10090
1448,2019-12-26,438,11729,12167
1448,2019-12-27,1304,20488,21792
1448,2019-12-28,635,18911,19546
1448,2019-12-29,344,12811,13155
1448,2019-12-30,1079,20813,21892
1448,2019-12-31,716,14694,15410
1487,2019-01-01,46,13882,13928
1487,2019-01-02,730,24762,25492
1487,2019-01-03,909,26789,27698
1487,2019-01-04,1011,27908,28919
1487,2019-01-05,324,20574,20898
1487,2019-01-06,115,16954,17069
1487,2019-01-07,1305,31114,32419
1487,2019-01-08,1325,32564,33889
1487,2019-01-09,1255,32657,33912
1487,2019-01-10,1381,33270,34651
1487,2019-01-11,1387,34639,36026
1487,2019-01-12,371,23821,24192
1487,2019-01-13,135,18060,18195
1487,2019-01-14,1536,33897,35433
1487,2019-01-15,1764,33930,35694
1487,2019-01-16,1644,34592,36236
1487,2019-01-17,1638,35256,36894
1487,2019-01-18,1460,36872,38332
1487,2019-01-19,341,25642,25983
1487,2019-01-20,137,19945,20082
1487,2019-01-21,1606,33765,35371
1487,2019-01-22,1610,33821,35431
1487,2019-01-23,1572,32140,33712
1487,2019-01-24,1569,33647,35216
1487,2019-01-25,1517,35014,36531
1487,2019-01-26,331,24788,25119
1487,2019-01-27,130,19087,19217
1487,2019-01-28,1370,32621,33991
1487,2019-01-29,1633,34083,35716
1487,2019-01-30,1326,28442,29768
1487,2019-01-31,1382,31884,33266
1487,2019-02-01,1381,34096,35477
1487,2019-02-02,347,24149,24496
1487,2019-02-03,114,20092,20206
1487,2019-02-04,1478,33754,35232
1487,2019-02-05,1647,35045,36692
1487,2019-02-06,1635,34796,36431
1487,2019-02-07,1636,35587,37223
1487,2019-02-08,1649,36360,38009
1487,2019-02-09,371,25223,25594
1487,2019-02-10,120,18092,18212
1487,2019-02-11,1663,34243,35906
1487,2019-02-12,1739,35330,37069
1487,2019-02-13,1703,34688,36391
1487,2019-02-16,381,23958,24339
1487,2019-02-17,115,18785,18900
1487,2019-02-18,1678,31404,33082
1487,2019-02-19,1800,32377,34177
1487,2019-02-20,1809,32327,34136
1487,2019-02-21,1802,33006,34808
1487,2019-02-22,1614,33676,35290
1487,2019-02-23,402,24526,24928
1487,2019-02-24,135,19583,19718
1487,2019-02-25,1790,34318,36108
1487,2019-02-26,1826,36015,37841
1487,2019-02-27,1902,35711,37613
1487,2019-02-28,1785,36768,38553
1487,2019-03-01,1728,37168,38896
1487,2019-03-02,474,26302,26776
1487,2019-03-03,162,21312,21474
1487,2019-03-04,1416,32120,33536
1487,2019-03-05,1652,34878,36530
1487,2019-03-06,1805,35530,37335
1487,2019-03-07,1749,35997,37746
1487,2019-03-08,1746,37491,39237
1487,2019-03-09,420,25679,26099
1487,2019-03-10,182,20093,20275
1487,2019-03-11,1808,34804,36612
1487,2019-03-12,1782,32892,34674
1487,2019-03-13,1819,32708,34527
1487,2019-03-14,1747,34200,35947
1487,2019-03-15,1685,36151,37836
1487,2019-03-23,581,27575,28156
1487,2019-03-24,259,22559,22818
1487,2019-03-25,1911,35095,37006
1487,2019-03-26,2049,36346,38395
1487,2019-03-27,1959,35691,37650
1487,2019-03-28,1997,37594,39591
1487,2019-03-29,1901,38123,40024
1487,2019-03-30,584,27650,28234
1487,2019-04-01,2000,36048,38048
1487,2019-04-02,2070,36807,38877
1487,2019-04-03,1944,36846,38790
1487,2019-04-04,1966,37621,39587
1487,2019-04-05,1897,38336,40233
1487,2019-04-06,536,25969,26505
1487,2019-04-07,217,20798,21015
1487,2019-04-08,1934,34313,36247
1487,2019-04-09,1988,35508,37496
1487,2019-04-10,1958,35140,37098
1487,2019-04-11,2040,34744,36784
1487,2019-04-12,1853,36396,38249
1487,2019-04-13,576,23530,24106
1487,2019-04-14,264,18686,18950
1487,2019-04-15,2227,34848,37075
1487,2019-04-16,2312,34289,36601
1487,2019-04-17,2252,36277,38529
1487,2019-04-18,2243,37328,39571
1487,2019-04-19,1842,35164,37006
1487,2019-04-20,516,24574,25090
1487,2019-04-21,218,21669,21887
1487,2019-04-22,279,19623,19902
1487,2019-04-23,1836,36644,38480
1487,2019-04-24,1892,37268,39160
1487,2019-04-25,2044,38079,40123
1487,2019-04-26,1958,38761,40719
1487,2019-04-27,551,27769,28320
1487,2019-04-28,211,22303,22514
1487,2019-04-29,1967,35972,37939
1487,2019-05-01,251,20636,20887
1487,2019-05-02,1930,37251,39181
1487,2019-05-03,1898,37978,39876
1487,2019-05-04,514,25407,25921
1487,2019-05-05,259,21630,21889
1487,2019-05-06,1878,35748,37626
1487,2019-05-07,2015,37411,39426
1487,2019-05-08,1948,37927,39875
1487,2019-05-09,612,19478,20090
1487,2019-05-10,2143,35627,37770
1487,2019-05-11,562,24407,24969
1487,2019-05-12,388,20067,20455
1487,2019-05-13,1985,35385,37370
1487,2019-05-14,2035,37036,39071
1487,2019-05-15,1965,34775,36740
1487,2019-05-16,1889,34662,36551
1487,2019-05-17,1956,37766,39722
1487,2019-05-18,579,27658,28237
1487,2019-05-19,257,21391,21648
1487,2019-05-20,1753,33045,34798
1487,2019-05-23,1879,35153,37032
1487,2019-05-24,1875,37892,39767
1487,2019-05-25,653,27629,28282
1487,2019-05-26,247,21631,21878
1487,2019-05-27,2065,34757,36822
1487,2019-05-28,1846,34378,36224
1487,2019-05-29,1992,36401,38393
1487,2019-05-30,329,20371,20700
1487,2019-05-31,1608,31754,33362
1487,2019-06-01,569,24583,25152
1487,2019-06-02,330,24034,24364
1487,2019-06-03,1799,33659,35458
1487,2019-06-04,1799,32554,34353
1487,2019-06-05,1820,32953,34773
1487,2019-06-06,1919,35289,37208
1487,2019-06-07,1863,37856,39719
1487,2019-06-08,596,26276,26872
1487,2019-06-09,227,22112,22339
1487,2019-06-10,296,18260,18556
1487,2019-06-11,2032,36226,38258
1487,2019-06-12,2063,35378,37441
1487,2019-06-14,1966,38887,40853
1487,2019-06-15,569,27078,27647
1487,2019-06-16,306,22657,22963
1487,2019-06-17,2022,35562,37584
1487,2019-06-18,2014,36776,38790
1487,2019-06-19,2085,36582,38667
1487,2019-06-20,1819,37497,39316
1487,2019-06-21,1859,37431,39290
1487,2019-06-22,478,25297,25775
1487,2019-06-23,287,22058,22345
1487,2019-06-24,1829,35247,37076
1487,2019-06-25,2014,36188,38202
1487,2019-06-26,2019,35746,37765
1487,2019-06-27,1965,37152,39117
1487,2019-06-28,1930,36339,38269
1487,2019-06-29,476,23192,23668
1487,2019-06-30,259,22034,22293
1487,2019-07-01,1793,35506,37299
1487,2019-07-02,1995,36086,38081
1487,2019-07-03,1961,36036,37997
1487,2019-07-04,1982,37883,39865
1487,2019-07-05,1931,37937,39868
1487,2019-07-06,533,28541,29074
1487,2019-07-07,279,24609,24888
1487,2019-07-08,1925,35814,37739
1487,2019-07-09,1946,36993,38939
1487,2019-07-10,2022,37172,39194
1487,2019-07-11,1990,37912,39902
1487,2019-07-12,1865,38098,39963
1487,2019-07-13,526,26897,27423
1487,2019-07-14,264,21914,22178
1487,2019-07-15,1893,35789,37682
1487,2019-07-16,2051,36171,38222
1487,2019-07-17,2039,36305,38344
1487,2019-07-18,1970,36044,38014
1487,2019-07-19,1841,37414,39255
1487,2019-07-20,529,26126,26655
1487,2019-07-21,278,22428,22706
1487,2019-07-22,2164,35238,37402
1487,2019-07-23,2185,35570,37755
1487,2019-07-24,2191,35922,38113
1487,2019-07-25,1775,34703,36478
1487,2019-07-26,1562,33640,35202
1487,2019-07-27,428,22336,22764
1487,2019-07-28,342,19134,19476
1487,2019-07-29,1379,31243,32622
1487,2019-07-30,1393,31512,32905
1487,2019-07-31,1392,31985,33377
1487,2019-08-01,1355,31290,32645
1487,2019-08-02,1295,32185,33480
1487,2019-08-03,404,21924,22328
1487,2019-08-04,248,19950,20198
1487,2019-08-05,1183,28303,29486
1487,2019-08-06,1287,29194,30481
1487,2019-08-07,1255,29336,30591
1487,2019-08-08,1251,29182,30433
1487,2019-08-09,1259,29456,30715
1487,2019-08-10,418,20790,21208
1487,2019-08-11,250,17757,18007
1487,2019-08-12,1123,27052,28175
1487,2019-08-13,1263,28059,29322
1487,2019-08-14,1261,28641,29902
1487,2019-08-15,311,16865,17176
1487,2019-08-16,1120,24825,25945
1487,2019-08-17,309,18758,19067
1487,2019-08-18,206,16090,16296
1487,2019-08-19,1710,29157,30867
1487,2019-08-20,1774,30045,31819
1487,2019-08-21,1755,30018,31773
1487,2019-08-22,1717,30398,32115
1487,2019-08-23,1744,30333,32077
1487,2019-08-24,464,17277,17741
1487,2019-08-25,225,16487,16712
1487,2019-08-26,1836,30804,32640
1487,2019-08-27,1785,31635,33420
1487,2019-08-28,1795,32479,34274
1487,2019-08-29,1779,32588,34367
1487,2019-08-30,1742,33367,35109
1487,2019-08-31,503,24300,24803
1487,2019-09-01,254,21356,21610
1487,2019-09-02,1794,32312,34106
1487,2019-09-03,1841,33342,35183
1487,2019-09-04,1827,33606,35433
1487,2019-09-05,1919,33933,35852
1487,2019-09-06,1824,34993,36817
1487,2019-09-07,477,24233,24710
1487,2019-09-08,288,20026,20314
1487,2019-09-13,1858,36125,37983
1487,2019-09-14,571,26467,27038
1487,2019-09-15,274,21866,22140
1487,2019-09-16,2000,35101,37101
1487,2019-09-17,1823,33316,35139
1487,2019-09-18,1918,36019,37937
1487,2019-09-19,2080,35723,37803
1487,2019-09-20,2101,35373,37474
1487,2019-09-21,535,24425,24960
1487,2019-09-22,258,19927,20185
1487,2019-09-23,1883,34322,36205
1487,2019-09-24,1936,35429,37365
1487,2019-09-25,1847,34946,36793
1487,2019-09-26,1972,35216,37188
1487,2019-09-27,1897,36914,38811
1487,2019-09-28,594,27752,28346
1487,2019-09-29,275,21994,22269
1487,2019-09-30,1797,33817,35614
1487,2019-10-01,1880,32426,34306
1487,2019-10-02,1750,32503,34253
1487,2019-10-03,1666,35896,37562
1487,2019-10-04,1751,36173,37924
1487,2019-10-05,542,27380,27922
1487,2019-10-06,276,21798,22074
1487,2019-10-07,1837,34675,36512
1487,2019-10-08,1896,36095,37991
1487,2019-10-09,1967,35783,37750
1487,2019-10-10,1844,36328,38172
1487,2019-10-11,1851,38005,39856
1487,2019-10-12,517,28132,28649
1487,2019-10-13,192,24657,24849
1487,2019-10-14,1743,33279,35022
1487,2019-10-15,1779,32937,34716
1487,2019-10-16,1819,31947,33766
1487,2019-10-17,1806,32932,34738
1487,2019-10-18,1716,36025,37741
1487,2019-10-19,445,27404,27849
1487,2019-10-20,232,21141,21373
1487,2019-10-21,1726,34593,36319
1487,2019-10-22,1920,35308,37228
1487,2019-10-23,1824,36670,38494
1487,2019-10-24,1865,36693,38558
1487,2019-10-25,1818,38082,39900
1487,2019-10-26,473,26199,26672
1487,2019-10-27,156,19752,19908
1487,2019-10-28,1797,34419,36216
1487,2019-10-29,1980,35584,37564
1487,2019-10-30,1803,36129,37932
1487,2019-10-31,1793,36378,38171
1487,2019-11-01,181,19531,19712
1487,2019-11-02,369,23585,23954
1487,2019-11-03,124,19342,19466
1487,2019-11-04,1681,32370,34051
1487,2019-11-05,1682,32202,33884
1487,2019-11-06,1662,32398,34060
1487,2019-11-07,1679,33100,34779
1487,2019-11-08,1773,37278,39051
1487,2019-11-09,475,25814,26289
1487,2019-11-10,159,19911,20070
1487,2019-11-11,1626,35399,37025
1487,2019-11-12,1831,35450,37281
1487,2019-11-13,1837,35978,37815
1487,2019-11-14,1846,35650,37496
1487,2019-11-15,1802,37683,39485
1487,2019-11-16,443,28603,29046
1487,2019-11-17,195,20874,21069
1487,2019-11-18,1770,34422,36192
1487,2019-11-19,1887,34751,36638
1487,2019-11-20,1904,35718,37622
1487,2019-11-21,1997,36350,38347
1487,2019-11-22,1797,37568,39365
1487,2019-11-23,479,28118,28597
1487,2019-11-24,136,22802,22938
1487,2019-11-25,1757,35433,37190
1487,2019-11-26,1874,36570,38444
1487,2019-11-27,1859,35806,37665
1487,2019-11-28,1873,38148,40021
1487,2019-11-29,1779,39967,41746
1487,2019-11-30,467,28742,29209
1487,2019-12-01,136,20896,21032
1487,2019-12-02,1855,34968,36823
1487,2019-12-03,2005,36673,38678
1487,2019-12-04,1984,36423,38407
1487,2019-12-05,2049,36866,38915
1487,2019-12-06,1737,36410,38147
1487,2019-12-07,451,26754,27205
1487,2019-12-08,139,21225,21364
1487,2019-12-09,1994,35043,37037
1487,2019-12-10,2163,36939,39102
1487,2019-12-11,2012,35673,37685
1487,2019-12-12,2185,36991,39176
1487,2019-12-13,1796,37945,39741
1487,2019-12-14,482,27997,28479
1487,2019-12-15,148,22140,22288
1487,2019-12-16,1946,35341,37287
1487,2019-12-17,1953,37219,39172
1487,2019-12-18,1885,38214,40099
1487,2019-12-19,1818,38779,40597
1487,2019-12-20,1357,37484,38841
1487,2019-12-21,343,25123,25466
1487,2019-12-22,101,19537,19638
1487,2019-12-23,779,28800,29579
1487,2019-12-24,490,22924,23414
1487,2019-12-25,57,17199,17256
1487,2019-12-26,108,16376,16484
1487,2019-12-27,635,23701,24336
5053,2019-01-01,17,2004,2021
5053,2019-01-02,184,4030,4214
5053,2019-01-04,193,4672,4865
5053,2019-01-05,126,3408,3534
5053,2019-01-06,25,3003,3028
5053,2019-01-07,240,5974,6214
5053,2019-01-08,232,6178,6410
5053,2019-01-09,277,5820,6097
5053,2019-01-10,275,6014,6289
5053,2019-01-11,253,5933,6186
5053,2019-01-12,158,4118,4276
5053,2019-01-13,16,2874,2890
5053,2019-01-14,360,5948,6308
5053,2019-01-15,348,6121,6469
5053,2019-01-16,340,5963,6303
5053,2019-01-17,366,6566,6932
5053,2019-01-18,350,6189,6539
5053,2019-01-19,162,4194,4356
5053,2019-01-20,27,2795,2822
5053,2019-01-21,325,6060,6385
5053,2019-01-22,328,5890,6218
5053,2019-01-23,279,5705,5984
5053,2019-01-25,268,6280,6548
5053,2019-01-26,126,3936,4062
5053,2019-01-27,20,2542,2562
5053,2019-01-28,248,5902,6150
5053,2019-01-29,336,5907,6243
5053,2019-01-30,280,4912,5192
5053,2019-01-31,278,5694,5972
5053,2019-02-01,286,5803,6089
5053,2019-02-02,144,3766,3910
5053,2019-02-03,23,2761,2784
5053,2019-02-04,334,5924,6258
5053,2019-02-05,345,6178,6523
5053,2019-02-06,314,6086,6400
5053,2019-02-08,338,6572,6910
5053,2019-02-09,146,4286,4432
5053,2019-02-10,18,2550,2568
5053,2019-02-11,348,6086,6434
5053,2019-02-12,336,6212,6548
5053,2019-02-13,353,6060,6413
5053,2019-02-14,337,6329,6666
5053,2019-02-15,347,5877,6224
5053,2019-02-16,194,3763,3957
5053,2019-02-17,18,2801,2819
5053,2019-02-18,291,4796,5087
5053,2019-02-19,256,5342,5598
5053,2019-02-20,316,5337,5653
5053,2019-02-22,262,5270,5532
5053,2019-02-23,166,3847,4013
5053,2019-02-24,32,2862,2894
5053,2019-02-25,317,6094,6411
5053,2019-02-26,312,6527,6839
5053,2019-02-27,371,6322,6693
5053,2019-02-28,368,6762,7130
5053,2019-03-01,362,6946,7308
5053,2019-03-02,197,4254,4451
5053,2019-03-03,18,3030,3048
5053,2019-03-04,266,6042,6308
5053,2019-03-05,282,6396,6678
5053,2019-03-06,332,6528,6860
5053,2019-03-08,352,7006,7358
5053,2019-03-09,178,4314,4492
5053,2019-03-10,28,2626,2654
5053,2019-03-11,332,5756,6088
5053,2019-03-12,348,7062,7410
5053,2019-03-13,336,6764,7100
5053,2019-03-14,328,6970,7298
5053,2019-03-15,322,6956,7278
5053,2019-03-16,171,4076,4247
5053,2019-03-17,22,2932,2954
5053,2019-03-18,410,7020,7430
5053,2019-03-19,428,6715,7143
5053,2019-03-20,474,6910,7384
5053,2019-03-21,426,7158,7584
5053,2019-03-22,435,7234,7669
5053,2019-03-23,204,4751,4955
5053,2019-03-24,45,3390,3435
5053,2019-03-25,392,6461,6853
5053,2019-04-03,367,6573,6940
5053,2019-04-04,439,6656,7095
5053,2019-04-05,410,6963,7373
5053,2019-04-06,219,4546,4765
5053,2019-04-07,35,3087,3122
5053,2019-04-08,442,5694,6136
5053,2019-04-09,427,5715,6142
5053,2019-04-10,361,5718,6079
5053,2019-04-11,368,5995,6363
5053,2019-04-12,400,5728,6128
5053,2019-04-13,188,4080,4268
5053,2019-04-14,34,2994,3028
5053,2019-04-15,392,5601,5993
5053,2019-04-16,365,5754,6119
5053,2019-04-17,423,5694,6117
5053,2019-04-18,413,5913,6326
5053,2019-04-19,402,5778,6180
5053,2019-04-20,201,4024,4225
5053,2019-04-21,42,3648,3690
5053,2019-04-22,27,3837,3864
5053,2019-04-23,390,6627,7017
5053,2019-04-24,414,6824,7238
5053,2019-04-25,379,6845,7224
5053,2019-04-26,408,7041,7449
5053,2019-04-27,207,4521,4728
5053,2019-04-28,39,2998,3037
5053,2019-04-29,404,6455,6859
5053,2019-04-30,411,7013,7424
5053,2019-05-01,29,3376,3405
5053,2019-05-02,402,6536,6938
5053,2019-05-03,418,6676,7094
5053,2019-05-04,171,3999,4170
5053,2019-05-05,47,3697,3744
5053,2019-05-06,426,6482,6908
5053,2019-05-07,437,6792,7229
5053,2019-05-08,433,7094,7527
5053,2019-05-09,48,2570,2618
5053,2019-05-10,384,6215,6599
5053,2019-05-11,173,4454,4627
5053,2019-05-12,41,3468,3509
5053,2019-05-13,441,6399,6840
5053,2019-05-14,416,6843,7259
5053,2019-05-15,444,6677,7121
5053,2019-05-16,426,6877,7303
5053,2019-05-17,489,6813,7302
5053,2019-05-18,185,4667,4852
5053,2019-05-19,51,3206,3257
5053,2019-05-20,415,6467,6882
5053,2019-05-21,395,6694,7089
5053,2019-05-22,402,5662,6064
5053,2019-05-23,496,7123,7619
5053,2019-05-24,468,7048,7516
5053,2019-05-25,264,4508,4772
5053,2019-05-26,51,3632,3683
5053,2019-05-27,351,5561,5912
5053,2019-05-28,402,5638,6040
5053,2019-05-29,447,5837,6284
5053,2019-05-30,34,4171,4205
5053,2019-05-31,278,5239,5517
5053,2019-06-01,183,4311,4494
5053,2019-06-02,54,3798,3852
5053,2019-06-03,406,6471,6877
5053,2019-06-04,406,7018,7424
5053,2019-06-05,448,6958,7406
5053,2019-06-06,432,7044,7476
5053,2019-06-07,387,7182,7569
5053,2019-06-08,189,4380,4569
5053,2019-06-09,35,3623,3658
5053,2019-06-10,63,2894,2957
5053,2019-06-11,419,6491,6910
5053,2019-06-12,403,6711,7114
5053,2019-06-13,442,6949,7391
5053,2019-06-14,427,6828,7255
5053,2019-06-16,47,4326,4373
5053,2019-06-17,429,6459,6888
5053,2019-06-18,412,6626,7038
5053,2019-06-19,395,6269,6664
5053,2019-06-20,398,6700,7098
5053,2019-06-21,438,6806,7244
5053,2019-06-22,206,4579,4785
5053,2019-06-23,40,3631,3671
5053,2019-06-24,386,6278,6664
5053,2019-06-25,356,6560,6916
5053,2019-06-26,429,6605,7034
5053,2019-06-27,403,6529,6932
5053,2019-06-28,390,6539,6929
5053,2019-06-29,196,5052,5248
5053,2019-06-30,48,3872,3920
5053,2019-07-01,390,6335,6725
5053,2019-07-02,366,6508,6874
5053,2019-07-03,392,6662,7054
5053,2019-07-04,372,7015,7387
5053,2019-07-05,404,7092,7496
5053,2019-07-06,222,4830,5052
5053,2019-07-07,49,3479,3528
5053,2019-07-08,422,6349,6771
5053,2019-07-09,392,6646,7038
5053,2019-07-10,392,6773,7165
5053,2019-07-11,382,6533,6915
5053,2019-07-12,386,6368,6754
5053,2019-07-13,175,4485,4660
5053,2019-07-14,57,4063,4120
5053,2019-07-15,366,5348,5714
5053,2019-07-16,388,5890,6278
5053,2019-07-17,382,5922,6304
5053,2019-07-18,362,5815,6177
5053,2019-07-19,323,5843,6166
5053,2019-07-20,199,4168,4367
5053,2019-07-21,47,3358,3405
5053,2019-07-22,352,5554,5906
5053,2019-07-23,346,5780,6126
5053,2019-07-24,357,5960,6317
5053,2019-07-25,311,5863,6174
5053,2019-07-26,272,5645,5917
5053,2019-07-27,145,3757,3902
5053,2019-07-28,55,2774,2829
5053,2019-07-29,236,5235,5471
5053,2019-07-30,273,5373,5646
5053,2019-07-31,258,5366,5624
5053,2019-08-01,257,5437,5694
5053,2019-08-02,241,5403,5644
5053,2019-08-03,168,4305,4473
5053,2019-08-04,53,4068,4121
5053,2019-08-05,222,4779,5001
5053,2019-08-06,231,5135,5366
5053,2019-08-07,207,5100,5307
5053,2019-08-08,231,5053,5284
5053,2019-08-09,204,4733,4937
5053,2019-08-10,138,3286,3424
5053,2019-08-11,28,2499,2527
5053,2019-08-12,240,4458,4698
5053,2019-08-13,215,4753,4968
5053,2019-08-14,225,4756,4981
5053,2019-08-15,47,2476,2523
5053,2019-08-16,219,4244,4463
5053,2019-08-17,176,3203,3379
5053,2019-08-18,31,2284,2315
5053,2019-08-19,212,4181,4393
5053,2019-08-20,245,4386,4631
5053,2019-08-21,270,4895,5165
5053,2019-08-22,311,4925,5236
5053,2019-08-23,299,5112,5411
5053,2019-08-24,179,4665,4844
5053,2019-08-25,38,3879,3917
5053,2019-08-26,366,5217,5583
5053,2019-08-27,381,5688,6069
5053,2019-08-28,407,5705,6112
5053,2019-08-29,366,5727,6093
5053,2019-08-30,341,5774,6115
5053,2019-08-31,185,4198,4383
5053,2019-09-01,36,3533,3569
5053,2019-09-02,349,5176,5525
5053,2019-09-03,382,5336,5718
5053,2019-09-04,355,5470,5825
5053,2019-09-05,373,5551,5924
5053,2019-09-06,329,5510,5839
5053,2019-09-07,181,3984,4165
5053,2019-09-08,39,3096,3135
5053,2019-09-09,394,5786,6180
5053,2019-09-10,370,6041,6411
5053,2019-09-11,413,6033,6446
5053,2019-09-12,419,5912,6331
5053,2019-09-13,400,5866,6266
5053,2019-09-14,197,4453,4650
5053,2019-09-15,50,3430,3480
5053,2019-09-16,375,6128,6503
5053,2019-09-17,374,6440,6814
5053,2019-09-18,382,6177,6559
5053,2019-09-19,401,6431,6832
5053,2019-09-20,388,6248,6636
5053,2019-09-21,225,4923,5148
5053,2019-09-22,44,3628,3672
5053,2019-09-23,382,6625,7007
5053,2019-09-24,390,7113,7503
5053,2019-09-25,426,6479,6905
5053,2019-09-26,396,6241,6637
5053,2019-09-27,422,6548,6970
5053,2019-09-28,210,4440,4650
5053,2019-09-29,105,3526,3631
5053,2019-09-30,360,6183,6543
5053,2019-10-01,383,6396,6779
5053,2019-10-02,385,6278,6663
5053,2019-10-03,371,6669,7040
5053,2019-10-04,357,6569,6926
5053,2019-10-05,165,4544,4709
5053,2019-10-06,30,3398,3428
5053,2019-10-07,361,6108,6469
5053,2019-10-08,360,6250,6610
5053,2019-10-09,371,6327,6698
5053,2019-10-10,429,6671,7100
5053,2019-10-11,400,6413,6813
5053,2019-10-12,250,4419,4669
5053,2019-10-13,39,3380,3419
5053,2019-10-14,448,5996,6444
5053,2019-10-15,446,6374,6820
5053,2019-10-16,408,6077,6485
5053,2019-10-17,358,6040,6398
5053,2019-10-18,369,6200,6569
5053,2019-10-19,175,4526,4701
5053,2019-10-20,32,3140,3172
5053,2019-10-21,415,5860,6275
5053,2019-10-22,473,6082,6555
5053,2019-10-23,442,6199,6641
5053,2019-10-24,467,6422,6889
5053,2019-10-25,519,6278,6797
5053,2019-10-26,194,4357,4551
5053,2019-10-27,23,2839,2862
5053,2019-10-28,452,5504,5956
5053,2019-10-29,453,5667,6120
5053,2019-10-30,488,5409,5897
5053,2019-11-01,29,2935,2964
5053,2019-11-02,140,3802,3942
5053,2019-11-03,29,2556,2585
5053,2019-11-04,496,6057,6553
5053,2019-11-05,438,6220,6658
5053,2019-11-06,456,6070,6526
5053,2019-11-07,497,6314,6811
5053,2019-11-08,506,6251,6757
5053,2019-11-09,171,4508,4679
5053,2019-11-10,35,3217,3252
5053,2019-11-11,447,5777,6224
5053,2019-11-12,417,5902,6319
5053,2019-11-13,429,5841,6270
5053,2019-11-14,452,6203,6655
5053,2019-11-15,414,5957,6371
5053,2019-11-16,169,4244,4413
5053,2019-11-17,39,2965,3004
5053,2019-11-18,369,5655,6024
5053,2019-11-19,453,6333,6786
5053,2019-11-20,508,6066,6574
5053,2019-11-21,430,6211,6641
5053,2019-11-22,435,6036,6471
5053,2019-11-23,192,4217,4409
5053,2019-11-24,42,3207,3249
5053,2019-11-25,454,5736,6190
5053,2019-11-26,419,6211,6630
5053,2019-11-27,444,6201,6645
5053,2019-11-28,428,6287,6715
5053,2019-11-29,420,6407,6827
5053,2019-11-30,196,4397,4593
5053,2019-12-01,31,2731,2762
5053,2019-12-02,393,5827,6220
5053,2019-12-03,531,6058,6589
5053,2019-12-04,433,6129,6562
5053,2019-12-05,470,6377,6847
5053,2019-12-06,470,5912,6382
5053,2019-12-07,197,4035,4232
5053,2019-12-08,31,2998,3029
5053,2019-12-09,404,5927,6331
5053,2019-12-10,451,6006,6457
5053,2019-12-11,375,6264,6639
5053,2019-12-12,428,6342,6770
5053,2019-12-13,402,6250,6652
5053,2019-12-14,158,4424,4582
5053,2019-12-15,33,3184,3217
5053,2019-12-16,429,6116,6545
5053,2019-12-17,384,6418,6802
5053,2019-12-18,418,6402,6820
5053,2019-12-19,424,6439,6863
5053,2019-12-20,293,6088,6381
5053,2019-12-21,157,3880,4037
5053,2019-12-22,34,2910,2944
5053,2019-12-23,194,4792,4986
5053,2019-12-24,150,3832,3982
5053,2019-12-25,22,2339,2361
5053,2019-12-26,26,2094,2120
5053,2019-12-27,188,4082,4270
5053,2019-12-28,151,3217,3368
5053,2019-12-29,23,2563,2586
5053,2019-12-30,187,3873,4060
5053,2019-12-31,164,3570,3734
5055,2019-01-01,26,1454,1480
5055,2019-01-02,199,2803,3002
5055,2019-01-04,206,3174,3380
5055,2019-01-05,135,2158,2293
5055,2019-01-06,28,2000,2028
5055,2019-01-07,272,4092,4364
5055,2019-01-08,266,4138,4404
5055,2019-01-09,272,4008,4280
5055,2019-01-10,294,4356,4650
5055,2019-01-11,273,4363,4636
5055,2019-01-12,159,2546,2705
5055,2019-01-13,18,1998,2016
5055,2019-01-14,342,4098,4440
5055,2019-01-15,325,4614,4939
5055,2019-01-16,321,4603,4924
5055,2019-01-17,338,4402,4740
5055,2019-01-18,348,4535,4883
5055,2019-01-19,156,2719,2875
5055,2019-01-20,30,2061,2091
5055,2019-01-21,342,4734,5076
5055,2019-01-22,310,4611,4921
5055,2019-01-23,307,4449,4756
5055,2019-01-25,336,4660,4996
5055,2019-01-26,152,2624,2776
5055,2019-01-27,36,1638,1674
5055,2019-01-28,342,4199,4541
5055,2019-01-29,294,4498,4792
5055,2019-01-30,248,3494,3742
5055,2019-01-31,314,4347,4661
5055,2019-02-01,276,4084,4360
5055,2019-02-02,140,2644,2784
5055,2019-02-03,30,2000,2030
5055,2019-02-04,302,4447,4749
5055,2019-02-05,298,4672,4970
5055,2019-02-06,325,4701,5026
5055,2019-02-08,328,4806,5134
5055,2019-02-09,150,2924,3074
5055,2019-02-10,54,1674,1728
5055,2019-02-11,326,4222,4548
5055,2019-02-12,302,4701,5003
5055,2019-02-13,306,4675,4981
5055,2019-02-14,325,4798,5123
5055,2019-02-15,409,4464,4873
5055,2019-02-16,200,2634,2834
5055,2019-02-17,32,2069,2101
5055,2019-02-18,414,3734,4148
5055,2019-02-19,377,3825,4202
5055,2019-02-20,386,4076,4462
5055,2019-02-22,295,4021,4316
5055,2019-02-23,230,2713,2943
5055,2019-02-24,31,2106,2137
5055,2019-02-25,362,4727,5089
5055,2019-02-26,366,5077,5443
5055,2019-02-27,522,4917,5439
5055,2019-02-28,368,5146,5514
5055,2019-03-01,399,4832,5231
5055,2019-03-02,202,2881,3083
5055,2019-03-03,20,2140,2160
5055,2019-03-04,308,4362,4670
5055,2019-03-05,356,4572,4928
5055,2019-03-06,368,4763,5131
5055,2019-03-08,395,4905,5300
5055,2019-03-09,212,3091,3303
5055,2019-03-10,34,1022,1056
5055,2019-03-11,246,2851,3097
5055,2019-03-12,364,5238,5602
5055,2019-03-15,345,4847,5192
5055,2019-03-16,167,2816,2983
5055,2019-03-18,372,5114,5486
5055,2019-03-19,387,5109,5496
5055,2019-03-20,369,5220,5589
5055,2019-03-21,409,5430,5839
5055,2019-03-22,420,5469,5889
5055,2019-03-23,187,3360,3547
5055,2019-03-24,37,2490,2527
5055,2019-03-25,394,4658,5052
5055,2019-04-01,461,5159,5620
5055,2019-04-02,436,5370,5806
5055,2019-04-03,329,5065,5394
5055,2019-04-04,384,5212,5596
5055,2019-04-05,354,5301,5655
5055,2019-04-06,176,3104,3280
5055,2019-04-07,35,2368,2403
5055,2019-04-08,321,4174,4495
5055,2019-04-09,338,4319,4657
5055,2019-04-10,295,4272,4567
5055,2019-04-11,301,4400,4701
5055,2019-04-12,315,4211,4526
5055,2019-04-13,173,2802,2975
5055,2019-04-14,33,2171,2204
5055,2019-04-15,336,4114,4450
5055,2019-04-16,288,4257,4545
5055,2019-04-17,342,4241,4583
5055,2019-04-18,330,4404,4734
5055,2019-04-19,318,4197,4515
5055,2019-04-20,158,2867,3025
5055,2019-04-21,38,2694,2732
5055,2019-04-22,32,2847,2879
5055,2019-04-23,346,4960,5306
5055,2019-04-24,337,5109,5446
5055,2019-04-25,316,5255,5571
5055,2019-04-26,364,5221,5585
5055,2019-04-27,155,3148,3303
5055,2019-04-28,30,2211,2241
5055,2019-04-29,344,4993,5337
5055,2019-04-30,362,5320,5682
5055,2019-05-01,29,2566,2595
5055,2019-05-02,443,5021,5464
5055,2019-05-03,409,5119,5528
5055,2019-05-04,154,2864,3018
5055,2019-05-05,43,2761,2804
5055,2019-05-06,455,4844,5299
5055,2019-05-07,385,5263,5648
5055,2019-05-08,363,5334,5697
5055,2019-05-09,25,1476,1501
5055,2019-05-10,412,4675,5087
5055,2019-05-11,204,3270,3474
5055,2019-05-12,38,2656,2694
5055,2019-05-13,435,5011,5446
5055,2019-05-14,409,5357,5766
5055,2019-05-15,421,5219,5640
5055,2019-05-16,346,5279,5625
5055,2019-05-17,308,5269,5577
5055,2019-05-18,171,3485,3656
5055,2019-05-19,47,2914,2961
5055,2019-05-20,332,5056,5388
5055,2019-05-21,340,5245,5585
5055,2019-05-22,398,5580,5978
5055,2019-05-23,416,6441,6857
5055,2019-05-24,419,6250,6669
5055,2019-05-25,154,3764,3918
5055,2019-05-30,38,3270,3308
5055,2019-05-31,224,3765,3989
5055,2019-06-01,130,3102,3232
5055,2019-06-02,36,2847,2883
5055,2019-06-03,334,4939,5273
5055,2019-06-04,424,7709,8133
5055,2019-06-05,300,7416,7716
5055,2019-06-06,430,6906,7336
5055,2019-06-07,397,5528,5925
5055,2019-06-08,154,3067,3221
5055,2019-06-09,38,2750,2788
5055,2019-06-10,49,2115,2164
5055,2019-06-11,355,4952,5307
5055,2019-06-12,331,5159,5490
5055,2019-06-13,364,5365,5729
5055,2019-06-14,338,5171,5509
5055,2019-06-15,152,3486,3638
5055,2019-06-16,36,3416,3452
5055,2019-06-17,338,4967,5305
5055,2019-06-18,538,8656,9194
5055,2019-06-19,552,9232,9784
5055,2019-06-20,298,5892,6190
5055,2019-06-21,345,5470,5815
5055,2019-06-22,174,3444,3618
5055,2019-06-23,37,2836,2873
5055,2019-06-24,363,6749,7112
5055,2019-06-25,529,9851,10380
5055,2019-06-26,595,9805,10400
5055,2019-06-27,603,10085,10688
5055,2019-06-28,604,10190,10794
5055,2019-06-29,237,7452,7689
5055,2019-06-30,50,5376,5426
5055,2019-07-01,455,7843,8298
5055,2019-07-02,336,6416,6752
5055,2019-07-03,382,5455,5837
5055,2019-07-04,368,5834,6202
5055,2019-07-05,369,5386,5755
5055,2019-07-06,159,4158,4317
5055,2019-07-07,43,2726,2769
5055,2019-07-08,401,5046,5447
5055,2019-07-09,333,5188,5521
5055,2019-07-10,325,5295,5620
5055,2019-07-11,321,5172,5493
5055,2019-07-12,339,5149,5488
5055,2019-07-13,164,3250,3414
5055,2019-07-14,35,2711,2746
5055,2019-07-15,301,4386,4687
5055,2019-07-16,317,4734,5051
5055,2019-07-17,293,4763,5056
5055,2019-07-18,383,4621,5004
5055,2019-07-19,319,4580,4899
5055,2019-07-20,123,3117,3240
5055,2019-07-21,34,2586,2620
5055,2019-07-22,404,5727,6131
5055,2019-07-23,288,4603,4891
5055,2019-07-24,291,4740,5031
5055,2019-07-25,259,4611,4870
5055,2019-07-26,233,4361,4594
5055,2019-07-27,148,2724,2872
5055,2019-07-28,45,2041,2086
5055,2019-07-29,215,3879,4094
5055,2019-07-30,223,4056,4279
5055,2019-07-31,213,4140,4353
5055,2019-08-01,252,4059,4311
5055,2019-08-02,246,3971,4217
5055,2019-08-03,125,3122,3247
5055,2019-08-04,36,2976,3012
5055,2019-08-05,207,3630,3837
5055,2019-08-06,204,3745,3949
5055,2019-08-07,190,3820,4010
5055,2019-08-08,182,3781,3963
5055,2019-08-09,217,3613,3830
5055,2019-08-10,110,2385,2495
5055,2019-08-11,30,1893,1923
5055,2019-08-12,212,3548,3760
5055,2019-08-13,182,3614,3796
5055,2019-08-14,212,3510,3722
5055,2019-08-15,29,1992,2021
5055,2019-08-16,157,3078,3235
5055,2019-08-17,165,2221,2386
5055,2019-08-18,32,1656,1688
5055,2019-08-19,196,3318,3514
5055,2019-08-20,214,3417,3631
5055,2019-08-21,211,3912,4123
5055,2019-08-22,254,3846,4100
5055,2019-08-23,257,3939,4196
5055,2019-08-24,142,3481,3623
5055,2019-08-25,37,2994,3031
5055,2019-08-26,256,4088,4344
5055,2019-08-27,249,4486,4735
5055,2019-08-28,311,4553,4864
5055,2019-08-29,356,4541,4897
5055,2019-08-30,260,4484,4744
5055,2019-08-31,127,3208,3335
5055,2019-09-01,34,2648,2682
5055,2019-09-02,385,5422,5807
5055,2019-09-03,442,5584,6026
5055,2019-09-04,290,4443,4733
5055,2019-09-05,322,4556,4878
5055,2019-09-06,357,4442,4799
5055,2019-09-07,145,2929,3074
5055,2019-09-08,38,2457,2495
5055,2019-09-09,354,5105,5459
5055,2019-09-10,324,5026,5350
5055,2019-09-11,443,4878,5321
5055,2019-09-12,416,4894,5310
5055,2019-09-13,399,4763,5162
5055,2019-09-14,166,3401,3567
5055,2019-09-15,42,2731,2773
5055,2019-09-16,392,5167,5559
5055,2019-09-17,391,5325,5716
5055,2019-09-18,329,5288,5617
5055,2019-09-19,365,5538,5903
5055,2019-09-20,382,5252,5634
5055,2019-09-21,176,3738,3914
5055,2019-09-22,31,2826,2857
5055,2019-09-23,358,5129,5487
5055,2019-09-24,313,5685,5998
5055,2019-09-25,345,5320,5665
5055,2019-09-26,317,5434,5751
5055,2019-09-27,297,5248,5545
5055,2019-09-28,157,3168,3325
5055,2019-09-29,61,2443,2504
5055,2019-09-30,300,5242,5542
5055,2019-10-01,297,5651,5948
5055,2019-10-02,391,5320,5711
5055,2019-10-03,353,5711,6064
5055,2019-10-04,352,5563,5915
5055,2019-10-05,189,3343,3532
5055,2019-10-06,32,2501,2533
5055,2019-10-07,289,5221,5510
5055,2019-10-08,301,5482,5783
5055,2019-10-09,320,5364,5684
5055,2019-10-10,332,5315,5647
5055,2019-10-11,336,5443,5779
5055,2019-10-12,145,3310,3455
5055,2019-10-13,47,2548,2595
5055,2019-10-14,333,5261,5594
5055,2019-10-15,320,5589,5909
5055,2019-10-16,345,5419,5764
5055,2019-10-17,319,5548,5867
5055,2019-10-18,350,5422,5772
5055,2019-10-19,165,3496,3661
5055,2019-10-20,31,2271,2302
5055,2019-10-21,323,5094,5417
5055,2019-10-22,296,5289,5585
5055,2019-10-23,338,5268,5606
5055,2019-10-24,338,5562,5900
5055,2019-10-25,311,5208,5519
5055,2019-10-26,160,3250,3410
5055,2019-10-27,32,2022,2054
5055,2019-10-28,310,4138,4448
5055,2019-10-29,342,4236,4578
5055,2019-10-30,405,3999,4404
5055,2019-11-01,19,2115,2134
5055,2019-11-02,178,2588,2766
5055,2019-11-03,17,1754,1771
5055,2019-11-04,328,4512,4840
5055,2019-11-05,339,4785,5124
5055,2019-11-06,342,4671,5013
5055,2019-11-07,354,4799,5153
5055,2019-11-08,330,4664,4994
5055,2019-11-09,172,3098,3270
5055,2019-11-10,29,2342,2371
5055,2019-11-11,338,4444,4782
5055,2019-11-12,321,4531,4852
5055,2019-11-13,315,4379,4694
5055,2019-11-14,346,4661,5007
5055,2019-11-15,334,4432,4766
5055,2019-11-16,141,2844,2985
5055,2019-11-17,35,2151,2186
5055,2019-11-18,285,4286,4571
5055,2019-11-19,360,4760,5120
5055,2019-11-20,352,4517,4869
5055,2019-11-21,377,4649,5026
5055,2019-11-22,334,4457,4791
5055,2019-11-23,166,2923,3089
5055,2019-11-24,34,2357,2391
5055,2019-11-25,309,4414,4723
5055,2019-11-26,349,4844,5193
5055,2019-11-27,325,4664,4989
5055,2019-11-28,318,4761,5079
5055,2019-11-29,335,4770,5105
5055,2019-11-30,184,3116,3300
5055,2019-12-01,36,1995,2031
5055,2019-12-02,308,4273,4581
5055,2019-12-03,314,4443,4757
5055,2019-12-04,344,4495,4839
5055,2019-12-05,338,4720,5058
5055,2019-12-06,331,4276,4607
5055,2019-12-07,171,2726,2897
5055,2019-12-08,24,2062,2086
5055,2019-12-09,289,4402,4691
5055,2019-12-10,298,4454,4752
5055,2019-12-11,286,4563,4849
5055,2019-12-12,357,4720,5077
5055,2019-12-13,335,4575,4910
5055,2019-12-14,142,3013,3155
5055,2019-12-15,31,2217,2248
5055,2019-12-16,319,4381,4700
5055,2019-12-17,278,4516,4794
5055,2019-12-18,339,4760,5099
5055,2019-12-19,304,4705,5009
5055,2019-12-20,258,4283,4541
5055,2019-12-21,135,2577,2712
5055,2019-12-22,32,1919,1951
5055,2019-12-23,185,3213,3398
5055,2019-12-24,157,2619,2776
5055,2019-12-25,21,1693,1714
5055,2019-12-26,29,1477,1506
5055,2019-12-27,192,2651,2843
5055,2019-12-28,143,2089,2232
5055,2019-12-29,25,1822,1847
5055,2019-12-30,164,2661,2825
5055,2019-12-31,155,2396,2551
5073,2019-01-01,2,548,550
5073,2019-01-02,11,1102,1113
5073,2019-01-04,6,1154,1160
5073,2019-01-05,NA,900,NA
5073,2019-01-06,2,687,689
5073,2019-01-07,10,1312,1322
5073,2019-01-08,17,1383,1400
5073,2019-01-09,12,1356,1368
5073,2019-01-10,6,1442,1448
5073,2019-01-11,11,1327,1338
5073,2019-01-12,9,1030,1039
5073,2019-01-13,NA,765,NA
5073,2019-01-14,15,1391,1406
5073,2019-01-15,7,1430,1437
5073,2019-01-16,16,1499,1515
5073,2019-01-18,15,1390,1405
5073,2019-01-19,4,980,984
5073,2019-01-20,2,737,739
5073,2019-01-21,17,1430,1447
5073,2019-01-22,11,1318,1329
5073,2019-01-23,20,1224,1244
5073,2019-01-24,9,1380,1389
5073,2019-01-25,11,1335,1346
5073,2019-01-26,4,947,951
5073,2019-01-27,2,648,650
5073,2019-01-28,16,1330,1346
5073,2019-01-29,9,1511,1520
5073,2019-01-30,19,1085,1104
5073,2019-02-01,6,1368,1374
5073,2019-02-02,2,985,987
5073,2019-02-03,2,846,848
5073,2019-02-04,11,1342,1353
5073,2019-02-05,6,1525,1531
5073,2019-02-06,19,1539,1558
5073,2019-02-07,11,1561,1572
5073,2019-02-08,9,1446,1455
5073,2019-02-09,2,1058,1060
5073,2019-02-10,NA,667,NA
5073,2019-02-11,15,1461,1476
5073,2019-02-13,17,1484,1501
5073,2019-02-15,11,1596,1607
5073,2019-02-16,NA,1110,NA
5073,2019-02-17,2,828,830
5073,2019-02-18,4,1198,1202
5073,2019-02-19,6,1192,1198
5073,2019-02-20,4,1285,1289
5073,2019-02-21,14,1224,1238
5073,2019-02-22,20,1255,1275
5073,2019-02-23,10,1083,1093
5073,2019-02-24,2,976,978
5073,2019-02-25,22,1509,1531
5073,2019-02-26,12,1656,1668
5073,2019-02-27,25,1705,1730
5073,2019-03-01,15,1535,1550
5073,2019-03-02,31,1105,1136
5073,2019-03-03,3,794,797
5073,2019-03-04,18,1306,1324
5073,2019-03-05,7,1440,1447
5073,2019-03-06,14,1470,1484
5073,2019-03-07,13,1528,1541
5073,2019-03-08,18,1556,1574
5073,2019-03-09,4,1242,1246
5073,2019-03-10,2,803,805
5073,2019-03-11,15,1618,1633
5073,2019-03-12,12,2350,2362
5073,2019-03-13,30,1530,1560
5073,2019-03-15,20,1536,1556
5073,2019-03-16,NA,1070,NA
5073,2019-03-17,NA,704,NA
5073,2019-03-18,16,1472,1488
5073,2019-03-19,26,1739,1765
5073,2019-03-20,20,1768,1788
5073,2019-03-21,21,1731,1752
5073,2019-03-22,15,1783,1798
5073,2019-03-23,5,1371,1376
5073,2019-03-24,4,877,881
5073,2019-03-25,14,1336,1350
5073,2019-03-26,13,1678,1691
5073,2019-03-27,36,1729,1765
5073,2019-03-29,26,1779,1805
5073,2019-03-30,10,1500,1510
5073,2019-04-01,21,1622,1643
5073,2019-04-02,13,1617,1630
5073,2019-04-03,20,1532,1552
5073,2019-04-05,15,1642,1657
5073,2019-04-06,21,1258,1279
5073,2019-04-07,NA,875,NA
5073,2019-04-08,6,1363,1369
5073,2019-04-09,6,1393,1399
5073,2019-04-10,13,1471,1484
5073,2019-04-12,46,1434,1480
5073,2019-04-13,20,1093,1113
5073,2019-04-14,9,778,787
5073,2019-04-15,46,1234,1280
5073,2019-04-16,26,1131,1157
5073,2019-04-17,35,1158,1193
5073,2019-04-18,16,1198,1214
5073,2019-04-19,23,1257,1280
5073,2019-04-20,4,973,977
5073,2019-04-21,2,747,749
5073,2019-04-22,2,684,686
5073,2019-04-23,36,1385,1421
5073,2019-04-24,32,1440,1472
5073,2019-04-25,18,1494,1512
5073,2019-04-26,32,1552,1584
5073,2019-04-27,21,1038,1059
5073,2019-04-28,3,766,769
5073,2019-04-29,21,1382,1403
5073,2019-04-30,40,1483,1523
5073,2019-05-01,14,1852,1866
5073,2019-05-02,78,3026,3104
5073,2019-05-03,60,3274,3334
5073,2019-05-04,18,1836,1854
5073,2019-05-05,10,1724,1734
5073,2019-05-06,112,3104,3216
5073,2019-05-07,84,3334,3418
5073,2019-05-08,112,3130,3242
5073,2019-05-09,32,1404,1436
5073,2019-05-10,60,3134,3194
5073,2019-05-11,34,2120,2154
5073,2019-05-12,28,2274,2302
5073,2019-05-13,70,3158,3228
5073,2019-05-14,72,3336,3408
5073,2019-05-15,92,3298,3390
5073,2019-05-16,72,3496,3568
5073,2019-05-17,176,3358,3534
5073,2019-05-18,52,2548,2600
5073,2019-05-19,6,1798,1804
5073,2019-05-20,66,3264,3330
5073,2019-05-21,108,3232,3340
5073,2019-05-22,106,3566,3672
5073,2019-05-23,140,3388,3528
5073,2019-05-24,78,3324,3402
5073,2019-05-25,42,2792,2834
5073,2019-05-26,10,1846,1856
5073,2019-05-27,76,2544,2620
5073,2019-05-28,74,2826,2900
5073,2019-05-29,90,2882,2972
5073,2019-05-30,NA,1424,NA
5073,2019-05-31,60,2728,2788
5073,2019-06-01,64,2204,2268
5073,2019-06-02,8,1736,1744
5073,2019-06-03,50,3234,3284
5073,2019-06-04,66,3566,3632
5073,2019-06-05,222,3662,3884
5073,2019-06-06,66,3620,3686
5073,2019-06-07,70,3364,3434
5073,2019-06-08,18,2064,2082
5073,2019-06-09,8,1924,1932
5073,2019-06-10,6,1612,1618
5073,2019-06-11,50,3256,3306
5073,2019-06-12,50,3192,3242
5073,2019-06-13,46,3442,3488
5073,2019-06-14,70,3266,3336
5073,2019-06-15,28,2484,2512
5073,2019-06-16,18,2100,2118
5073,2019-06-17,50,3146,3196
5073,2019-06-18,100,3362,3462
5073,2019-06-19,104,3220,3324
5073,2019-06-20,72,3350,3422
5073,2019-06-21,64,3484,3548
5073,2019-06-22,28,2532,2560
5073,2019-06-23,22,1706,1728
5073,2019-06-24,56,3212,3268
5073,2019-06-25,90,3372,3462
5073,2019-06-26,82,3478,3560
5073,2019-06-27,62,3364,3426
5073,2019-06-28,80,3394,3474
5073,2019-06-29,20,2578,2598
5073,2019-06-30,8,1946,1954
5073,2019-07-01,98,3420,3518
5073,2019-07-02,76,3662,3738
5073,2019-07-03,96,3578,3674
5073,2019-07-04,128,3638,3766
5073,2019-07-05,66,3420,3486
5073,2019-07-06,24,2618,2642
5073,2019-07-07,4,1706,1710
5073,2019-07-08,56,3246,3302
5073,2019-07-09,78,3362,3440
5073,2019-07-10,68,3282,3350
5073,2019-07-11,60,3188,3248
5073,2019-07-12,82,3214,3296
5073,2019-07-13,22,2192,2214
5073,2019-07-14,4,1956,1960
5073,2019-07-15,120,2904,3024
5073,2019-07-16,76,3020,3096
5073,2019-07-17,64,2960,3024
5073,2019-07-18,38,2686,2724
5073,2019-07-19,60,2650,2710
5073,2019-07-20,24,1978,2002
5073,2019-07-21,18,1812,1830
5073,2019-07-22,82,2640,2722
5073,2019-07-23,66,2714,2780
5073,2019-07-24,48,2602,2650
5073,2019-07-25,48,2618,2666
5073,2019-07-26,56,2356,2412
5073,2019-07-27,24,1480,1504
5073,2019-07-28,8,1384,1392
5073,2019-07-29,52,2358,2410
5073,2019-07-30,80,2464,2544
5073,2019-07-31,88,2536,2624
5073,2019-08-01,62,2546,2608
5073,2019-08-02,80,2394,2474
5073,2019-08-03,44,1838,1882
5073,2019-08-04,4,1500,1504
5073,2019-08-05,36,2204,2240
5073,2019-08-06,62,2188,2250
5073,2019-08-07,48,2166,2214
5073,2019-08-08,56,2266,2322
5073,2019-08-09,48,1916,1964
5073,2019-08-10,14,1558,1572
5073,2019-08-11,8,1310,1318
5073,2019-08-12,88,2296,2384
5073,2019-08-13,50,2418,2468
5073,2019-08-14,68,2464,2532
5073,2019-08-15,4,1170,1174
5073,2019-08-16,30,2232,2262
5073,2019-08-17,16,1456,1472
5073,2019-08-18,20,1134,1154
5073,2019-08-19,26,2420,2446
5073,2019-08-20,40,2478,2518
5073,2019-08-21,54,2584,2638
5073,2019-08-22,54,2598,2652
5073,2019-08-23,32,2616,2648
5073,2019-08-24,12,2516,2528
5073,2019-08-25,14,2112,2126
5073,2019-08-26,32,2870,2902
5073,2019-08-27,60,3042,3102
5073,2019-08-28,92,2920,3012
5073,2019-08-29,86,2934,3020
5073,2019-08-30,64,2784,2848
5073,2019-08-31,42,2258,2300
5073,2019-09-01,12,1580,1592
5073,2019-09-02,58,2694,2752
5073,2019-09-03,46,2846,2892
5073,2019-09-04,56,2990,3046
5073,2019-09-05,48,2848,2896
5073,2019-09-06,66,2838,2904
5073,2019-09-07,56,1936,1992
5073,2019-09-08,12,1320,1332
5073,2019-09-09,48,2976,3024
5073,2019-09-10,40,3220,3260
5073,2019-09-11,80,3360,3440
5073,2019-09-12,52,3502,3554
5073,2019-09-13,116,3420,3536
5073,2019-09-14,50,2562,2612
5073,2019-09-15,20,2260,2280
5073,2019-09-16,60,2980,3040
5073,2019-09-17,80,3448,3528
5073,2019-09-18,80,3228,3308
5073,2019-09-19,120,3192,3312
5073,2019-09-20,120,3250,3370
5073,2019-09-21,38,3096,3134
5073,2019-09-22,10,2246,2256
5073,2019-09-23,54,3148,3202
5073,2019-09-24,60,3108,3168
5073,2019-09-25,42,2842,2884
5073,2019-09-26,28,3170,3198
5073,2019-09-27,46,2914,2960
5073,2019-09-28,40,2230,2270
5073,2019-09-29,8,1696,1704
5073,2019-09-30,58,3228,3286
5073,2019-10-01,44,2944,2988
5073,2019-10-02,100,2988,3088
5073,2019-10-03,84,2812,2896
5073,2019-10-04,46,3140,3186
5073,2019-10-05,30,2346,2376
5073,2019-10-06,14,1852,1866
5073,2019-10-07,68,2980,3048
5073,2019-10-08,38,2998,3036
5073,2019-10-09,70,3312,3382
5073,2019-10-10,52,2728,2780
5073,2019-10-11,58,3192,3250
5073,2019-10-12,28,2614,2642
5073,2019-10-13,44,2008,2052
5073,2019-10-14,112,3364,3476
5073,2019-10-15,36,3060,3096
5073,2019-10-16,42,3224,3266
5073,2019-10-17,40,3306,3346
5073,2019-10-18,70,3128,3198
5073,2019-10-19,22,2322,2344
5073,2019-10-20,28,1772,1800
5073,2019-10-21,72,3192,3264
5073,2019-10-22,58,3400,3458
5073,2019-10-23,70,3340,3410
5073,2019-10-24,54,3402,3456
5073,2019-10-25,104,3312,3416
5073,2019-10-26,40,2472,2512
5073,2019-10-27,6,1524,1530
5073,2019-10-28,52,2678,2730
5073,2019-10-29,80,2778,2858
5073,2019-10-30,70,2748,2818
5073,2019-10-31,80,2710,2790
5073,2019-11-01,4,1411,1415
5073,2019-11-02,10,1767,1777
5073,2019-11-03,10,1440,1450
5073,2019-11-04,66,2998,3064
5073,2019-11-05,87,3122,3209
5073,2019-11-06,57,3191,3248
5073,2019-11-07,24,3014,3038
5073,2019-11-08,42,3183,3225
5073,2019-11-09,13,2069,2082
5073,2019-11-10,3,1634,1637
5073,2019-11-11,49,2864,2913
5073,2019-11-12,51,3223,3274
5073,2019-11-13,82,3058,3140
5073,2019-11-14,36,3082,3118
5073,2019-11-15,42,3260,3302
5073,2019-11-16,48,2319,2367
5073,2019-11-17,5,1547,1552
5073,2019-11-18,39,2953,2992
5073,2019-11-19,59,3265,3324
5073,2019-11-20,97,3123,3220
5073,2019-11-21,42,3129,3171
5073,2019-11-22,71,2787,2858
5073,2019-11-23,55,2163,2218
5073,2019-11-24,18,1689,1707
5073,2019-11-25,53,2906,2959
5073,2019-11-26,61,2977,3038
5073,2019-11-27,45,3025,3070
5073,2019-11-28,37,3010,3047
5073,2019-11-29,48,3175,3223
5073,2019-11-30,32,1980,2012
5073,2019-12-01,6,1316,1322
5073,2019-12-02,65,2793,2858
5073,2019-12-03,56,2887,2943
5073,2019-12-04,86,2851,2937
5073,2019-12-05,54,2980,3034
5073,2019-12-06,32,2671,2703
5073,2019-12-07,13,2283,2296
5073,2019-12-08,7,1417,1424
5073,2019-12-09,35,2827,2862
5073,2019-12-10,45,2974,3019
5073,2019-12-11,42,2887,2929
5073,2019-12-12,50,2964,3014
5073,2019-12-13,38,2945,2983
5073,2019-12-14,44,2105,2149
5073,2019-12-15,NA,1439,NA
5073,2019-12-16,92,3084,3176
5073,2019-12-17,42,2989,3031
5073,2019-12-18,64,3107,3171
5073,2019-12-19,36,3138,3174
5073,2019-12-20,40,2653,2693
5073,2019-12-21,22,1746,1768
5073,2019-12-22,4,1264,1268
5073,2019-12-23,26,2297,2323
5073,2019-12-24,24,2075,2099
5073,2019-12-25,2,1114,1116
5073,2019-12-26,7,978,985
5073,2019-12-27,33,1921,1954
5073,2019-12-28,21,1648,1669
5073,2019-12-29,21,1200,1221
5073,2019-12-30,35,1849,1884
5073,2019-12-31,26,1697,1723
5074,2019-01-01,2,834,836
5074,2019-01-02,9,1523,1532
5074,2019-01-03,4,1546,1550
5074,2019-01-05,9,1409,1418
5074,2019-01-06,7,1132,1139
5074,2019-01-07,13,1945,1958
5074,2019-01-08,26,1886,1912
5074,2019-01-09,52,2091,2143
5074,2019-01-10,21,2134,2155
5074,2019-01-11,12,2062,2074
5074,2019-01-12,14,1607,1621
5074,2019-01-13,20,1145,1165
5074,2019-01-14,34,2116,2150
5074,2019-01-15,15,2152,2167
5074,2019-01-16,25,2187,2212
5074,2019-01-17,26,1960,1986
5074,2019-01-19,7,1581,1588
5074,2019-01-20,12,1142,1154
5074,2019-01-21,20,2060,2080
5074,2019-01-22,22,1995,2017
5074,2019-01-23,14,1896,1910
5074,2019-01-24,21,2070,2091
5074,2019-01-25,25,2065,2090
5074,2019-01-26,8,1476,1484
5074,2019-01-27,6,1117,1123
5074,2019-01-28,15,2016,2031
5074,2019-01-29,18,2165,2183
5074,2019-01-30,10,1717,1727
5074,2019-01-31,16,1887,1903
5074,2019-02-02,12,1648,1660
5074,2019-02-03,5,1223,1228
5074,2019-02-04,14,2094,2108
5074,2019-02-05,17,2275,2292
5074,2019-02-06,18,2326,2344
5074,2019-02-07,24,2350,2374
5074,2019-02-09,13,1725,1738
5074,2019-02-10,42,1122,1164
5074,2019-02-11,22,1896,1918
5074,2019-02-12,13,2232,2245
5074,2019-02-13,16,2278,2294
5074,2019-02-14,14,2349,2363
5074,2019-02-16,11,1600,1611
5074,2019-02-17,5,1166,1171
5074,2019-02-18,12,1797,1809
5074,2019-02-19,8,1792,1800
5074,2019-02-20,12,1836,1848
5074,2019-02-21,16,1832,1848
5074,2019-02-22,10,1869,1879
5074,2019-02-23,12,1598,1610
5074,2019-02-24,12,1432,1444
5074,2019-02-25,43,2288,2331
5074,2019-02-26,50,2380,2430
5074,2019-02-27,25,2371,2396
5074,2019-02-28,24,2280,2304
5074,2019-03-02,21,1870,1891
5074,2019-03-03,7,1208,1215
5074,2019-03-04,56,2021,2077
5074,2019-03-05,25,2365,2390
5074,2019-03-06,28,2248,2276
5074,2019-03-07,40,2391,2431
5074,2019-03-08,31,2376,2407
5074,2019-03-09,20,1838,1858
5074,2019-03-10,15,1230,1245
5074,2019-03-11,20,2364,2384
5074,2019-03-12,23,2662,2685
5074,2019-03-13,32,2162,2194
5074,2019-03-14,24,2080,2104
5074,2019-03-16,14,1781,1795
5074,2019-03-17,15,1197,1212
5074,2019-03-18,22,2236,2258
5074,2019-03-19,35,2632,2667
5074,2019-03-20,18,2757,2775
5074,2019-03-21,25,2599,2624
5074,2019-03-22,41,2725,2766
5074,2019-03-23,17,2082,2099
5074,2019-03-24,14,1432,1446
5074,2019-03-25,152,2082,2234
5074,2019-03-26,43,2590,2633
5074,2019-03-27,47,2547,2594
5074,2019-03-28,52,2634,2686
5074,2019-03-30,15,2259,2274
5074,2019-04-01,39,2491,2530
5074,2019-04-02,40,2475,2515
5074,2019-04-03,25,2354,2379
5074,2019-04-04,48,2389,2437
5074,2019-04-06,12,2071,2083
5074,2019-04-07,5,1372,1377
5074,2019-04-08,17,1986,2003
5074,2019-04-09,18,1874,1892
5074,2019-04-10,18,2018,2036
5074,2019-04-12,47,2071,2118
5074,2019-04-13,32,1670,1702
5074,2019-04-14,8,1114,1122
5074,2019-04-15,44,2017,2061
5074,2019-04-17,38,2021,2059
5074,2019-04-18,32,2058,2090
5074,2019-04-19,22,2143,2165
5074,2019-04-20,26,1708,1734
5074,2019-04-21,6,1218,1224
5074,2019-04-22,16,1048,1064
5074,2019-04-23,41,2249,2290
5074,2019-04-24,58,2526,2584
5074,2019-04-25,32,2397,2429
5074,2019-04-26,60,2478,2538
5074,2019-04-27,24,1763,1787
5074,2019-04-28,12,1188,1200
5074,2019-04-29,44,2211,2255
5074,2019-04-30,63,2378,2441
5074,2019-05-01,9,1350,1359
5074,2019-05-02,56,2391,2447
5074,2019-05-03,43,2473,2516
5074,2019-05-04,25,1669,1694
5074,2019-05-05,19,1445,1464
5074,2019-05-06,98,2305,2403
5074,2019-05-07,78,2565,2643
5074,2019-05-08,54,2538,2592
5074,2019-05-09,21,1138,1159
5074,2019-05-10,36,2362,2398
5074,2019-05-11,26,1870,1896
5074,2019-05-12,16,1578,1594
5074,2019-05-13,63,2402,2465
5074,2019-05-14,126,2511,2637
5074,2019-05-15,53,2364,2417
5074,2019-05-16,158,2492,2650
5074,2019-05-17,100,2507,2607
5074,2019-05-18,48,1929,1977
5074,2019-05-19,27,1333,1360
5074,2019-05-20,116,2312,2428
5074,2019-05-21,68,2611,2679
5074,2019-05-22,62,2575,2637
5074,2019-05-23,69,2608,2677
5074,2019-05-24,61,2445,2506
5074,2019-05-25,62,1919,1981
5074,2019-05-26,11,1394,1405
5074,2019-05-27,42,1975,2017
5074,2019-05-28,49,2061,2110
5074,2019-05-29,65,2191,2256
5074,2019-05-30,12,1017,1029
5074,2019-05-31,38,2038,2076
5074,2019-06-01,13,1559,1572
5074,2019-06-02,12,1322,1334
5074,2019-06-03,38,2379,2417
5074,2019-06-04,48,2640,2688
5074,2019-06-05,63,2660,2723
5074,2019-06-06,34,2636,2670
5074,2019-06-07,35,2535,2570
5074,2019-06-08,18,1751,1769
5074,2019-06-09,12,1376,1388
5074,2019-06-10,6,1085,1091
5074,2019-06-11,37,2448,2485
5074,2019-06-12,26,2548,2574
5074,2019-06-13,32,2612,2644
5074,2019-06-14,36,2597,2633
5074,2019-06-15,28,2686,2714
5074,2019-06-16,15,1500,1515
5074,2019-06-17,63,2389,2452
5074,2019-06-18,54,2386,2440
5074,2019-06-19,35,2391,2426
5074,2019-06-20,56,2420,2476
5074,2019-06-21,65,2539,2604
5074,2019-06-22,33,1894,1927
5074,2019-06-23,13,1271,1284
5074,2019-06-24,53,2349,2402
5074,2019-06-25,52,2380,2432
5074,2019-06-26,49,2312,2361
5074,2019-06-27,51,2422,2473
5074,2019-06-28,40,2579,2619
5074,2019-06-29,27,1949,1976
5074,2019-06-30,8,1427,1435
5074,2019-07-01,53,2365,2418
5074,2019-07-02,125,2543,2668
5074,2019-07-03,56,2375,2431
5074,2019-07-04,40,2474,2514
5074,2019-07-05,38,2517,2555
5074,2019-07-06,15,1912,1927
5074,2019-07-07,13,1197,1210
5074,2019-07-08,51,2291,2342
5074,2019-07-09,40,2425,2465
5074,2019-07-10,89,2270,2359
5074,2019-07-11,41,2280,2321
5074,2019-07-12,33,2282,2315
5074,2019-07-13,17,1627,1644
5074,2019-07-14,7,1348,1355
5074,2019-07-15,23,2124,2147
5074,2019-07-16,39,2226,2265
5074,2019-07-17,37,2106,2143
5074,2019-07-18,38,2091,2129
5074,2019-07-19,26,1875,1901
5074,2019-07-20,17,1518,1535
5074,2019-07-21,16,1232,1248
5074,2019-07-22,27,1942,1969
5074,2019-07-23,40,2023,2063
5074,2019-07-24,31,1916,1947
5074,2019-07-25,36,1954,1990
5074,2019-07-26,34,1801,1835
5074,2019-07-27,23,1211,1234
5074,2019-07-28,9,1023,1032
5074,2019-07-29,42,1670,1712
5074,2019-07-30,36,1801,1837
5074,2019-07-31,55,1698,1753
5074,2019-08-01,62,1755,1817
5074,2019-08-02,38,1732,1770
5074,2019-08-03,32,1341,1373
5074,2019-08-04,23,1071,1094
5074,2019-08-05,33,1546,1579
5074,2019-08-06,41,1541,1582
5074,2019-08-07,32,1591,1623
5074,2019-08-08,42,1559,1601
5074,2019-08-09,47,1492,1539
5074,2019-08-10,26,1240,1266
5074,2019-08-11,12,916,928
5074,2019-08-12,33,1455,1488
5074,2019-08-13,18,1568,1586
5074,2019-08-14,51,1597,1648
5074,2019-08-15,2,798,800
5074,2019-08-16,34,1427,1461
5074,2019-08-17,13,1000,1013
5074,2019-08-18,8,810,818
5074,2019-08-19,34,1564,1598
5074,2019-08-20,38,1625,1663
5074,2019-08-21,30,1712,1742
5074,2019-08-22,49,1697,1746
5074,2019-08-23,26,1696,1722
5074,2019-08-24,22,1570,1592
5074,2019-08-25,15,1219,1234
5074,2019-08-26,22,1836,1858
5074,2019-08-27,27,1968,1995
5074,2019-08-28,45,1824,1869
5074,2019-08-29,42,1842,1884
5074,2019-08-30,37,1868,1905
5074,2019-08-31,15,1564,1579
5074,2019-09-01,13,1077,1090
5074,2019-09-02,28,1802,1830
5074,2019-09-03,29,1880,1909
5074,2019-09-04,38,1791,1829
5074,2019-09-05,45,1943,1988
5074,2019-09-06,32,1974,2006
5074,2019-09-07,34,1379,1413
5074,2019-09-08,16,1066,1082
5074,2019-09-09,38,1964,2002
5074,2019-09-10,41,2055,2096
5074,2019-09-11,34,2118,2152
5074,2019-09-12,25,2199,2224
5074,2019-09-13,27,2261,2288
5074,2019-09-14,38,1864,1902
5074,2019-09-15,25,1477,1502
5074,2019-09-16,33,2123,2156
5074,2019-09-17,34,2353,2387
5074,2019-09-18,56,2223,2279
5074,2019-09-19,75,2263,2338
5074,2019-09-20,45,2326,2371
5074,2019-09-21,32,1889,1921
5074,2019-09-22,13,1397,1410
5074,2019-09-23,82,2166,2248
5074,2019-09-24,67,2167,2234
5074,2019-09-25,32,2049,2081
5074,2019-09-26,22,2205,2227
5074,2019-09-27,40,2106,2146
5074,2019-09-28,19,1690,1709
5074,2019-09-29,14,1329,1343
5074,2019-09-30,32,2140,2172
5074,2019-10-02,68,2433,2501
5074,2019-10-03,195,2277,2472
5074,2019-10-04,73,2357,2430
5074,2019-10-05,81,1847,1928
5074,2019-10-06,18,1132,1150
5074,2019-10-07,45,2066,2111
5074,2019-10-08,43,2140,2183
5074,2019-10-09,77,2455,2532
5074,2019-10-10,61,2275,2336
5074,2019-10-11,54,2239,2293
5074,2019-10-12,31,1903,1934
5074,2019-10-13,32,1445,1477
5074,2019-10-14,44,2353,2397
5074,2019-10-15,33,2249,2282
5074,2019-10-16,25,2292,2317
5074,2019-10-17,36,2382,2418
5074,2019-10-18,24,2322,2346
5074,2019-10-19,19,1805,1824
5074,2019-10-20,9,1129,1138
5074,2019-10-21,32,2216,2248
5074,2019-10-22,23,2338,2361
5074,2019-10-23,58,2313,2371
5074,2019-10-24,48,2345,2393
5074,2019-10-25,61,2340,2401
5074,2019-10-26,41,1701,1742
5074,2019-10-27,12,1099,1111
5074,2019-10-28,43,1985,2028
5074,2019-10-29,47,2001,2048
5074,2019-10-30,60,1929,1989
5074,2019-11-01,3,1077,1080
5074,2019-11-02,16,1418,1434
5074,2019-11-03,12,1038,1050
5074,2019-11-04,31,2198,2229
5074,2019-11-05,35,2247,2282
5074,2019-11-06,33,2345,2378
5074,2019-11-07,35,2282,2317
5074,2019-11-08,33,2244,2277
5074,2019-11-09,20,1672,1692
5074,2019-11-10,17,1345,1362
5074,2019-11-11,40,2142,2182
5074,2019-11-12,41,2393,2434
5074,2019-11-13,37,2222,2259
5074,2019-11-14,41,2295,2336
5074,2019-11-15,42,2274,2316
5074,2019-11-16,29,1719,1748
5074,2019-11-17,12,1159,1171
5074,2019-11-18,42,2098,2140
5074,2019-11-19,38,2389,2427
5074,2019-11-20,44,2279,2323
5074,2019-11-21,54,2281,2335
5074,2019-11-22,39,1861,1900
5074,2019-11-23,24,1615,1639
5074,2019-11-24,15,1248,1263
5074,2019-11-25,39,2092,2131
5074,2019-11-26,31,2207,2238
5074,2019-11-27,32,2173,2205
5074,2019-11-28,42,2167,2209
5074,2019-11-29,38,2230,2268
5074,2019-11-30,24,1681,1705
5074,2019-12-01,11,961,972
5074,2019-12-02,31,1981,2012
5074,2019-12-03,37,2116,2153
5074,2019-12-04,46,2152,2198
5074,2019-12-05,29,2162,2191
5074,2019-12-06,34,2032,2066
5074,2019-12-07,16,1637,1653
5074,2019-12-08,12,1094,1106
5074,2019-12-09,36,2049,2085
5074,2019-12-10,35,2106,2141
5074,2019-12-11,33,2130,2163
5074,2019-12-12,40,2172,2212
5074,2019-12-13,29,2170,2199
5074,2019-12-14,25,1732,1757
5074,2019-12-15,6,1141,1147
5074,2019-12-16,37,2106,2143
5074,2019-12-17,27,2124,2151
5074,2019-12-18,40,2228,2268
5074,2019-12-19,43,2261,2304
5074,2019-12-20,22,2015,2037
5074,2019-12-21,15,1421,1436
5074,2019-12-22,8,1001,1009
5074,2019-12-23,13,1636,1649
5074,2019-12-24,17,1413,1430
5074,2019-12-25,4,853,857
5074,2019-12-26,8,748,756
5074,2019-12-27,21,1383,1404
5074,2019-12-28,25,1181,1206
5074,2019-12-29,7,907,914
5074,2019-12-30,18,1300,1318
5074,2019-12-31,13,1204,1217
5075,2019-01-01,93,1082,1175
5075,2019-01-02,179,1826,2005
5075,2019-01-04,189,2296,2485
5075,2019-01-05,139,1839,1978
5075,2019-01-06,89,1458,1547
5075,2019-01-07,208,2574,2782
5075,2019-01-08,224,2700,2924
5075,2019-01-09,227,2676,2903
5075,2019-01-10,217,2882,3099
5075,2019-01-11,237,2814,3051
5075,2019-01-12,145,2164,2309
5075,2019-01-13,92,1394,1486
5075,2019-01-14,231,2621,2852
5075,2019-01-15,232,2962,3194
5075,2019-01-16,248,2994,3242
5075,2019-01-18,238,2912,3150
5075,2019-01-19,149,2221,2370
5075,2019-01-20,88,1416,1504
5075,2019-01-21,226,2604,2830
5075,2019-01-22,220,2863,3083
5075,2019-01-23,217,2674,2891
5075,2019-01-24,219,2858,3077
5075,2019-01-25,220,2884,3104
5075,2019-01-26,145,2146,2291
5075,2019-01-27,87,1413,1500
5075,2019-01-28,218,2479,2697
5075,2019-01-29,213,2835,3048
5075,2019-01-30,229,2624,2853
5075,2019-02-01,226,2973,3199
5075,2019-02-02,146,2212,2358
5075,2019-02-03,91,1481,1572
5075,2019-02-04,219,2711,2930
5075,2019-02-05,227,2947,3174
5075,2019-02-06,236,2830,3066
5075,2019-02-07,234,2960,3194
5075,2019-02-08,242,2943,3185
5075,2019-02-09,149,2083,2232
5075,2019-02-10,93,1271,1364
5075,2019-02-11,239,2754,2993
5075,2019-02-12,229,3060,3289
5075,2019-02-13,233,2987,3220
5075,2019-02-15,245,3297,3542
5075,2019-02-16,157,2149,2306
5075,2019-02-17,89,1494,1583
5075,2019-02-18,190,2269,2459
5075,2019-02-19,185,2369,2554
5075,2019-02-20,205,2268,2473
5075,2019-02-21,209,2465,2674
5075,2019-02-22,218,2501,2719
5075,2019-02-23,151,2300,2451
5075,2019-02-24,95,1759,1854
5075,2019-02-25,255,2970,3225
5075,2019-02-26,272,3081,3353
5075,2019-02-27,248,3143,3391
5075,2019-03-01,262,3144,3406
5075,2019-03-02,148,2547,2695
5075,2019-03-03,88,1393,1481
5075,2019-03-04,236,2564,2800
5075,2019-03-05,240,2991,3231
5075,2019-03-06,237,3017,3254
5075,2019-03-07,258,3076,3334
5075,2019-03-08,228,3174,3402
5075,2019-03-09,151,2437,2588
5075,2019-03-10,91,1489,1580
5075,2019-03-11,237,2761,2998
5075,2019-03-12,229,3105,3334
5075,2019-03-13,244,3012,3256
5075,2019-03-15,236,3055,3291
5075,2019-03-16,144,2342,2486
5075,2019-03-17,90,1432,1522
5075,2019-03-18,233,2828,3061
5075,2019-03-19,253,3168,3421
5075,2019-03-20,238,3212,3450
5075,2019-03-21,239,3315,3554
5075,2019-03-22,243,3401,3644
5075,2019-03-23,162,2648,2810
5075,2019-03-24,89,1611,1700
5075,2019-03-25,325,2917,3242
5075,2019-03-26,246,3189,3435
5075,2019-03-27,269,3086,3355
5075,2019-03-29,246,3555,3801
5075,2019-03-30,168,3087,3255
5075,2019-04-01,271,3033,3304
5075,2019-04-02,297,3205,3502
5075,2019-04-03,277,3017,3294
5075,2019-04-05,288,3255,3543
5075,2019-04-06,158,2670,2828
5075,2019-04-07,89,1620,1709
5075,2019-04-08,254,2442,2696
5075,2019-04-09,252,2500,2752
5075,2019-04-10,258,2464,2722
5075,2019-04-12,328,2588,2916
5075,2019-04-13,174,2047,2221
5075,2019-04-15,19,132,151
5075,2019-04-16,303,2363,2666
5075,2019-04-17,291,2533,2824
5075,2019-04-18,313,2747,3060
5075,2019-04-19,267,2876,3143
5075,2019-04-20,156,2435,2591
5075,2019-04-21,90,1513,1603
5075,2019-04-22,86,1317,1403
5075,2019-04-23,332,3128,3460
5075,2019-04-24,366,3160,3526
5075,2019-04-25,336,3193,3529
5075,2019-04-26,358,3204,3562
5075,2019-04-27,165,2480,2645
5075,2019-04-28,96,1458,1554
5075,2019-04-29,341,2928,3269
5075,2019-04-30,349,3329,3678
5075,2019-05-01,90,1833,1923
5075,2019-05-02,327,3311,3638
5075,2019-05-03,343,3197,3540
5075,2019-05-04,171,2243,2414
5075,2019-05-05,95,1669,1764
5075,2019-05-06,348,2925,3273
5075,2019-05-07,327,3337,3664
5075,2019-05-08,328,3164,3492
5075,2019-05-09,91,1264,1355
5075,2019-05-10,286,3142,3428
5075,2019-05-11,165,2110,2275
5075,2019-05-12,90,1805,1895
5075,2019-05-13,322,2984,3306
5075,2019-05-14,336,3197,3533
5075,2019-05-15,319,3189,3508
5075,2019-05-16,298,3142,3440
5075,2019-05-17,298,3189,3487
5075,2019-05-18,172,2623,2795
5075,2019-05-19,95,1755,1850
5075,2019-05-20,323,2967,3290
5075,2019-05-21,305,3269,3574
5075,2019-05-22,290,3099,3389
5075,2019-05-23,286,3305,3591
5075,2019-05-24,298,3243,3541
5075,2019-05-25,193,2600,2793
5075,2019-05-26,88,1868,1956
5075,2019-05-27,232,2499,2731
5075,2019-05-28,263,2619,2882
5075,2019-05-29,281,2758,3039
5075,2019-05-30,86,1296,1382
5075,2019-05-31,227,3211,3438
5075,2019-06-01,161,2716,2877
5075,2019-06-02,99,2034,2133
5075,2019-06-03,305,2985,3290
5075,2019-06-04,270,3402,3672
5075,2019-06-05,296,3157,3453
5075,2019-06-06,279,3373,3652
5075,2019-06-07,284,3388,3672
5075,2019-06-08,178,2547,2725
5075,2019-06-09,94,1857,1951
5075,2019-06-10,81,1499,1580
5075,2019-06-11,264,3038,3302
5075,2019-06-12,294,2965,3259
5075,2019-06-13,303,3151,3454
5075,2019-06-14,264,3187,3451
5075,2019-06-15,191,2607,2798
5075,2019-06-16,101,2170,2271
5075,2019-06-17,283,2959,3242
5075,2019-06-18,282,3176,3458
5075,2019-06-19,279,3212,3491
5075,2019-06-20,273,3160,3433
5075,2019-06-21,317,3198,3515
5075,2019-06-22,175,2416,2591
5075,2019-06-23,122,1570,1692
5075,2019-06-24,302,3037,3339
5075,2019-06-25,318,3101,3419
5075,2019-06-26,282,2911,3193
5075,2019-06-27,296,3339,3635
5075,2019-06-28,281,3186,3467
5075,2019-06-29,163,2609,2772
5075,2019-06-30,88,1720,1808
5075,2019-07-01,325,2988,3313
5075,2019-07-02,326,3170,3496
5075,2019-07-03,297,3063,3360
5075,2019-07-04,300,3114,3414
5075,2019-07-05,329,3240,3569
5075,2019-07-06,192,2643,2835
5075,2019-07-07,93,1691,1784
5075,2019-07-08,341,2936,3277
5075,2019-07-09,344,3149,3493
5075,2019-07-10,330,3035,3365
5075,2019-07-11,304,2862,3166
5075,2019-07-12,329,3056,3385
5075,2019-07-13,192,2138,2330
5075,2019-07-14,88,1762,1850
5075,2019-07-15,273,2609,2882
5075,2019-07-16,279,2616,2895
5075,2019-07-17,289,2748,3037
5075,2019-07-18,314,2770,3084
5075,2019-07-19,264,2657,2921
5075,2019-07-20,164,2032,2196
5075,2019-07-21,97,1580,1677
5075,2019-07-22,281,2407,2688
5075,2019-07-23,266,2501,2767
5075,2019-07-24,256,2405,2661
5075,2019-07-25,250,2456,2706
5075,2019-07-26,216,2453,2669
5075,2019-07-27,162,1867,2029
5075,2019-07-28,89,1248,1337
5075,2019-07-29,223,2223,2446
5075,2019-07-30,225,2501,2726
5075,2019-07-31,216,2359,2575
5075,2019-08-01,232,2419,2651
5075,2019-08-02,221,2368,2589
5075,2019-08-03,162,1853,2015
5075,2019-08-04,99,1389,1488
5075,2019-08-05,207,2054,2261
5075,2019-08-06,202,2011,2213
5075,2019-08-07,221,1951,2172
5075,2019-08-08,222,2248,2470
5075,2019-08-09,234,2166,2400
5075,2019-08-10,166,1905,2071
5075,2019-08-11,100,1303,1403
5075,2019-08-12,227,1997,2224
5075,2019-08-13,208,2181,2389
5075,2019-08-14,214,2165,2379
5075,2019-08-15,89,1026,1115
5075,2019-08-16,207,2082,2289
5075,2019-08-17,151,1471,1622
5075,2019-08-18,90,1256,1346
5075,2019-08-19,216,2127,2343
5075,2019-08-20,222,2184,2406
5075,2019-08-21,224,2317,2541
5075,2019-08-22,234,2332,2566
5075,2019-08-23,231,2213,2444
5075,2019-08-24,167,2057,2224
5075,2019-08-25,99,1454,1553
5075,2019-08-26,257,2302,2559
5075,2019-08-27,261,2321,2582
5075,2019-08-28,237,2600,2837
5075,2019-08-29,272,2584,2856
5075,2019-08-30,257,2536,2793
5075,2019-08-31,176,2209,2385
5075,2019-09-01,107,1647,1754
5075,2019-09-02,230,2297,2527
5075,2019-09-03,249,2454,2703
5075,2019-09-04,249,2371,2620
5075,2019-09-05,245,2535,2780
5075,2019-09-06,247,2668,2915
5075,2019-09-07,173,1998,2171
5075,2019-09-08,102,1459,1561
5075,2019-09-09,244,2471,2715
5075,2019-09-10,254,2692,2946
5075,2019-09-11,269,2734,3003
5075,2019-09-12,237,2890,3127
5075,2019-09-13,250,2787,3037
5075,2019-09-14,172,2562,2734
5075,2019-09-15,97,1941,2038
5075,2019-09-16,283,3038,3321
5075,2019-09-17,279,3071,3350
5075,2019-09-18,336,2978,3314
5075,2019-09-19,338,3138,3476
5075,2019-09-20,316,3032,3348
5075,2019-09-21,183,2530,2713
5075,2019-09-22,90,1803,1893
5075,2019-09-23,318,2786,3104
5075,2019-09-24,291,2901,3192
5075,2019-09-25,345,2774,3119
5075,2019-09-26,335,3097,3432
5075,2019-09-27,320,3055,3375
5075,2019-09-28,164,2536,2700
5075,2019-09-29,93,1718,1811
5075,2019-09-30,306,2870,3176
5075,2019-10-01,301,2876,3177
5075,2019-10-02,315,3095,3410
5075,2019-10-03,338,3380,3718
5075,2019-10-04,360,3054,3414
5075,2019-10-05,244,2602,2846
5075,2019-10-06,90,1617,1707
5075,2019-10-07,302,2850,3152
5075,2019-10-08,272,2890,3162
5075,2019-10-09,324,2958,3282
5075,2019-10-10,330,3129,3459
5075,2019-10-11,319,3065,3384
5075,2019-10-12,177,2857,3034
5075,2019-10-13,116,2191,2307
5075,2019-10-14,295,3046,3341
5075,2019-10-15,308,2987,3295
5075,2019-10-16,302,3028,3330
5075,2019-10-17,312,3007,3319
5075,2019-10-18,294,3238,3532
5075,2019-10-19,173,2586,2759
5075,2019-10-20,91,1288,1379
5075,2019-10-21,288,2876,3164
5075,2019-10-22,297,3248,3545
5075,2019-10-23,317,3191,3508
5075,2019-10-24,331,3429,3760
5075,2019-10-25,368,3190,3558
5075,2019-10-26,251,2527,2778
5075,2019-10-27,93,1916,2009
5075,2019-10-28,288,2685,2973
5075,2019-10-29,315,2779,3094
5075,2019-10-30,266,2836,3102
5075,2019-11-01,92,1740,1832
5075,2019-11-02,161,2014,2175
5075,2019-11-03,98,1273,1371
5075,2019-11-04,333,2931,3264
5075,2019-11-05,296,3165,3461
5075,2019-11-06,344,3149,3493
5075,2019-11-07,333,3095,3428
5075,2019-11-08,334,3260,3594
5075,2019-11-09,203,2610,2813
5075,2019-11-10,100,1881,1981
5075,2019-11-11,351,2815,3166
5075,2019-11-12,331,3207,3538
5075,2019-11-13,352,2814,3166
5075,2019-11-14,351,3088,3439
5075,2019-11-15,344,3017,3361
5075,2019-11-16,206,2674,2880
5075,2019-11-17,99,1401,1500
5075,2019-11-18,313,2671,2984
5075,2019-11-19,309,3108,3417
5075,2019-11-20,316,3114,3430
5075,2019-11-21,334,2986,3320
5075,2019-11-22,317,3420,3737
5075,2019-11-23,201,2350,2551
5075,2019-11-24,99,2007,2106
5075,2019-11-25,352,2925,3277
5075,2019-11-26,381,3142,3523
5075,2019-11-27,345,2917,3262
5075,2019-11-28,338,3091,3429
5075,2019-11-29,335,3074,3409
5075,2019-11-30,203,2631,2834
5075,2019-12-01,101,1675,1776
5075,2019-12-02,344,2858,3202
5075,2019-12-03,327,3124,3451
5075,2019-12-04,344,3084,3428
5075,2019-12-05,330,3258,3588
5075,2019-12-06,348,2828,3176
5075,2019-12-07,189,2521,2710
5075,2019-12-08,99,1547,1646
5075,2019-12-09,310,2890,3200
5075,2019-12-10,337,3049,3386
5075,2019-12-11,338,3022,3360
5075,2019-12-12,339,3087,3426
5075,2019-12-13,312,3090,3402
5075,2019-12-14,187,2552,2739
5075,2019-12-15,97,1611,1708
5075,2019-12-16,303,2793,3096
5075,2019-12-17,317,3049,3366
5075,2019-12-18,348,2973,3321
5075,2019-12-19,328,3143,3471
5075,2019-12-20,301,3063,3364
5075,2019-12-21,184,2140,2324
5075,2019-12-22,99,1387,1486
5075,2019-12-23,241,2388,2629
5075,2019-12-24,200,2295,2495
5075,2019-12-25,81,1250,1331
5075,2019-12-26,99,1136,1235
5075,2019-12-27,239,2053,2292
5075,2019-12-28,181,1719,1900
5075,2019-12-29,99,1259,1358
5075,2019-12-30,223,1948,2171
5075,2019-12-31,221,1908,2129
5076,2019-01-01,49,1766,1815
5076,2019-01-02,143,3276,3419
5076,2019-01-03,135,3607,3742
5076,2019-01-04,141,3848,3989
5076,2019-01-05,96,3420,3516
5076,2019-01-06,47,2501,2548
5076,2019-01-08,174,4427,4601
5076,2019-01-09,186,4608,4794
5076,2019-01-10,191,4800,4991
5076,2019-01-11,172,4839,5011
5076,2019-01-12,95,3735,3830
5076,2019-01-13,39,2508,2547
5076,2019-01-14,167,4558,4725
5076,2019-01-15,204,4919,5123
5076,2019-01-16,208,4929,5137
5076,2019-01-17,188,4864,5052
5076,2019-01-18,209,5045,5254
5076,2019-01-19,105,3984,4089
5076,2019-01-20,49,2735,2784
5076,2019-01-22,432,9568,10000
5076,2019-01-23,378,9848,10226
5076,2019-01-24,386,9952,10338
5076,2019-01-25,370,9674,10044
5076,2019-01-26,176,7604,7780
5076,2019-01-27,84,5062,5146
5076,2019-01-29,184,4899,5083
5076,2019-01-30,159,4224,4383
5076,2019-01-31,165,4717,4882
5076,2019-02-01,177,4909,5086
5076,2019-02-02,95,3950,4045
5076,2019-02-03,52,2905,2957
5076,2019-02-05,199,4805,5004
5076,2019-02-06,202,4905,5107
5076,2019-02-07,175,4812,4987
5076,2019-02-08,202,4905,5107
5076,2019-02-09,119,4007,4126
5076,2019-02-10,31,2241,2272
5076,2019-02-11,195,4402,4597
5076,2019-02-12,219,4773,4992
5076,2019-02-13,206,5004,5210
5076,2019-02-14,229,4933,5162
5076,2019-02-15,185,5197,5382
5076,2019-02-16,127,3414,3541
5076,2019-02-17,49,2466,2515
5076,2019-02-19,163,3712,3875
5076,2019-02-20,161,3784,3945
5076,2019-02-21,158,3781,3939
5076,2019-02-22,176,3952,4128
5076,2019-02-23,101,3318,3419
5076,2019-02-24,49,2926,2975
5076,2019-02-25,195,4571,4766
5076,2019-02-26,210,4822,5032
5076,2019-02-27,200,4845,5045
5076,2019-02-28,193,5043,5236
5076,2019-03-01,175,5071,5246
5076,2019-03-02,104,4025,4129
5076,2019-03-03,48,2679,2727
5076,2019-03-05,158,4484,4642
5076,2019-03-06,195,4638,4833
5076,2019-03-07,177,4531,4708
5076,2019-03-08,168,5006,5174
5076,2019-03-09,101,3924,4025
5076,2019-03-10,35,2290,2325
5076,2019-03-11,146,4269,4415
5076,2019-03-12,157,4778,4935
5076,2019-03-13,213,4735,4948
5076,2019-03-14,122,4266,4388
5076,2019-03-15,154,4577,4731
5076,2019-03-16,89,3829,3918
5076,2019-03-17,46,2677,2723
5076,2019-03-19,174,5026,5200
5076,2019-03-20,186,5115,5301
5076,2019-03-21,180,5092,5272
5076,2019-03-22,201,5280,5481
5076,2019-03-23,94,4174,4268
5076,2019-03-24,40,2955,2995
5076,2019-04-03,246,4807,5053
5076,2019-04-04,245,4952,5197
5076,2019-04-05,241,5239,5480
5076,2019-04-06,120,4064,4184
5076,2019-04-07,51,2823,2874
5076,2019-04-08,193,4167,4360
5076,2019-04-09,205,4140,4345
5076,2019-04-10,218,4212,4430
5076,2019-04-11,213,4358,4571
5076,2019-04-12,205,4476,4681
5076,2019-04-13,124,3239,3363
5076,2019-04-14,55,2359,2414
5076,2019-04-15,198,4072,4270
5076,2019-04-16,186,4099,4285
5076,2019-04-17,183,4212,4395
5076,2019-04-18,197,4244,4441
5076,2019-04-19,169,4492,4661
5076,2019-04-20,115,3599,3714
5076,2019-04-21,54,2680,2734
5076,2019-04-22,52,2284,2336
5076,2019-04-23,223,4714,4937
5076,2019-04-24,214,4906,5120
5076,2019-04-25,215,4957,5172
5076,2019-04-26,225,5094,5319
5076,2019-04-27,120,3859,3979
5076,2019-04-28,55,2786,2841
5076,2019-04-29,222,4748,4970
5076,2019-04-30,252,5386,5638
5076,2019-05-01,57,2622,2679
5076,2019-05-02,247,4929,5176
5076,2019-05-03,253,5069,5322
5076,2019-05-04,105,3749,3854
5076,2019-05-05,58,3080,3138
5076,2019-05-06,257,4822,5079
5076,2019-05-07,254,5174,5428
5076,2019-05-08,222,5299,5521
5076,2019-05-09,62,2379,2441
5076,2019-05-10,204,4815,5019
5076,2019-05-11,128,3778,3906
5076,2019-05-12,53,2894,2947
5076,2019-05-13,242,4658,4900
5076,2019-05-14,268,4953,5221
5076,2019-05-15,239,4888,5127
5076,2019-05-17,249,5129,5378
5076,2019-05-18,119,4168,4287
5076,2019-05-19,55,3041,3096
5076,2019-05-20,245,4696,4941
5076,2019-05-21,239,5157,5396
5076,2019-05-22,245,4877,5122
5076,2019-05-23,221,5234,5455
5076,2019-05-24,219,5104,5323
5076,2019-05-25,140,3834,3974
5076,2019-05-26,54,2963,3017
5076,2019-05-27,222,4068,4290
5076,2019-05-28,208,4255,4463
5076,2019-05-29,177,4519,4696
5076,2019-05-30,58,2046,2104
5076,2019-05-31,33,840,873
5076,2019-06-01,NA,473,NA
5076,2019-07-02,188,4909,5097
5076,2019-07-03,180,5142,5322
5076,2019-07-04,201,5193,5394
5076,2019-07-05,193,5235,5428
5076,2019-07-06,114,4026,4140
5076,2019-07-07,48,2990,3038
5076,2019-07-08,183,4765,4948
5076,2019-07-09,191,5069,5260
5076,2019-07-10,193,4892,5085
5076,2019-07-11,175,4877,5052
5076,2019-07-12,193,4951,5144
5076,2019-07-13,123,3674,3797
5076,2019-07-14,57,2696,2753
5076,2019-07-15,190,4284,4474
5076,2019-07-16,183,4474,4657
5076,2019-07-17,196,4221,4417
5076,2019-07-18,190,4369,4559
5076,2019-07-19,185,4279,4464
5076,2019-07-20,131,3277,3408
5076,2019-07-21,51,2712,2763
5076,2019-07-22,190,4031,4221
5076,2019-07-23,177,4209,4386
5076,2019-07-24,189,4075,4264
5076,2019-07-25,161,3998,4159
5076,2019-07-26,152,3956,4108
5076,2019-07-27,112,2989,3101
5076,2019-07-28,57,2185,2242
5076,2019-07-29,161,3584,3745
5076,2019-07-30,144,3766,3910
5076,2019-07-31,177,3726,3903
5076,2019-08-01,157,3654,3811
5076,2019-08-02,168,3692,3860
5076,2019-08-03,112,2783,2895
5076,2019-08-04,55,2090,2145
5076,2019-08-05,155,3332,3487
5076,2019-08-06,142,3340,3482
5076,2019-08-07,148,3254,3402
5076,2019-08-08,152,3331,3483
5076,2019-08-09,151,3298,3449
5076,2019-08-10,112,2447,2559
5076,2019-08-11,56,1989,2045
5076,2019-08-12,163,3039,3202
5076,2019-08-13,148,3244,3392
5076,2019-08-14,148,3438,3586
5076,2019-08-15,53,1606,1659
5076,2019-08-16,140,2907,3047
5076,2019-08-17,96,2262,2358
5076,2019-08-18,58,1963,2021
5076,2019-08-19,147,3304,3451
5076,2019-08-20,148,3362,3510
5076,2019-08-21,156,3520,3676
5076,2019-08-22,175,3552,3727
5076,2019-08-23,157,3582,3739
5076,2019-08-24,138,2861,2999
5076,2019-08-25,61,2423,2484
5076,2019-08-26,166,3602,3768
5076,2019-08-27,179,3794,3973
5076,2019-08-28,169,3784,3953
5076,2019-08-29,179,3826,4005
5076,2019-08-30,166,3977,4143
5076,2019-08-31,116,3117,3233
5076,2019-09-01,61,2577,2638
5076,2019-09-02,168,3648,3816
5076,2019-09-03,202,3871,4073
5076,2019-09-04,200,3872,4072
5076,2019-09-05,206,4022,4228
5076,2019-09-06,220,4185,4405
5076,2019-09-07,124,3079,3203
5076,2019-09-08,67,2525,2592
5076,2019-09-09,210,4124,4334
5076,2019-09-10,201,4192,4393
5076,2019-09-11,208,4229,4437
5076,2019-09-12,202,4442,4644
5076,2019-09-13,195,4573,4768
5076,2019-09-14,122,3683,3805
5076,2019-09-15,54,3306,3360
5076,2019-09-16,215,4361,4576
5076,2019-09-17,188,4640,4828
5076,2019-09-18,186,4585,4771
5076,2019-09-19,220,4888,5108
5076,2019-09-20,179,4750,4929
5076,2019-09-21,122,3967,4089
5076,2019-09-22,54,3048,3102
5076,2019-09-23,165,4486,4651
5076,2019-09-24,168,5180,5348
5076,2019-09-25,177,4540,4717
5076,2019-09-26,153,4532,4685
5076,2019-09-27,200,4877,5077
5076,2019-09-28,119,4061,4180
5076,2019-09-29,50,3243,3293
5076,2019-09-30,178,4605,4783
5076,2019-10-01,135,4805,4940
5076,2019-10-02,197,4773,4970
5076,2019-10-03,223,4987,5210
5076,2019-10-04,157,4831,4988
5076,2019-10-05,131,4440,4571
5076,2019-10-06,72,4161,4233
5076,2019-10-07,174,4413,4587
5076,2019-10-08,139,4369,4508
5076,2019-10-09,182,4480,4662
5076,2019-10-10,179,4803,4982
5076,2019-10-11,176,4793,4969
5076,2019-10-12,158,6214,6372
5076,2019-10-13,52,4133,4185
5076,2019-10-14,174,4458,4632
5076,2019-10-15,157,4693,4850
5076,2019-10-16,171,4696,4867
5076,2019-10-17,169,4844,5013
5076,2019-10-18,159,4512,4671
5076,2019-10-19,113,4014,4127
5076,2019-10-20,49,2680,2729
5076,2019-10-21,157,4505,4662
5076,2019-10-22,187,4789,4976
5076,2019-10-23,187,4583,4770
5076,2019-10-24,189,4868,5057
5076,2019-10-25,186,5086,5272
5076,2019-10-26,130,3859,3989
5076,2019-10-27,56,2961,3017
5076,2019-10-28,187,3950,4137
5076,2019-10-29,192,4119,4311
5076,2019-10-30,189,4170,4359
5076,2019-11-01,50,2248,2298
5076,2019-11-02,111,3170,3281
5076,2019-11-03,60,2473,2533
5076,2019-11-04,182,4489,4671
5076,2019-11-05,181,4853,5034
5076,2019-11-06,197,4866,5063
5076,2019-11-07,198,5037,5235
5076,2019-11-08,196,5029,5225
5076,2019-11-09,139,3994,4133
5076,2019-11-10,64,3014,3078
5076,2019-11-11,190,5463,5653
5076,2019-11-12,188,5845,6033
5076,2019-11-13,220,6118,6338
5076,2019-11-14,212,5437,5649
5076,2019-11-15,209,5063,5272
5076,2019-11-16,125,4240,4365
5076,2019-11-17,70,2715,2785
5076,2019-11-18,221,3963,4184
5076,2019-11-19,231,4698,4929
5076,2019-11-20,223,4552,4775
5076,2019-11-21,240,4579,4819
5076,2019-11-22,206,4757,4963
5076,2019-11-23,121,3825,3946
5076,2019-11-24,71,2884,2955
5076,2019-11-25,220,4310,4530
5076,2019-11-26,205,4651,4856
5076,2019-11-27,185,4530,4715
5076,2019-11-28,203,4629,4832
5076,2019-11-29,209,4760,4969
5076,2019-11-30,163,4015,4178
5076,2019-12-01,66,2733,2799
5076,2019-12-02,189,4330,4519
5076,2019-12-03,221,4315,4536
5076,2019-12-04,197,4560,4757
5076,2019-12-05,216,4654,4870
5076,2019-12-06,198,4556,4754
5076,2019-12-07,116,3925,4041
5076,2019-12-08,61,2845,2906
5076,2019-12-09,202,4198,4400
5076,2019-12-10,204,4467,4671
5076,2019-12-11,190,4411,4601
5076,2019-12-12,214,4571,4785
5076,2019-12-13,189,4726,4915
5076,2019-12-14,120,3871,3991
5076,2019-12-15,62,2905,2967
5076,2019-12-16,206,4221,4427
5076,2019-12-17,197,4552,4749
5076,2019-12-18,200,4579,4779
5076,2019-12-19,211,5804,6015
5076,2019-12-20,194,4937,5131
5076,2019-12-21,120,3524,3644
5076,2019-12-22,62,2526,2588
5076,2019-12-23,161,3745,3906
5076,2019-12-24,136,3258,3394
5076,2019-12-25,60,1594,1654
5076,2019-12-26,59,1678,1737
5076,2019-12-27,143,2992,3135
5076,2019-12-28,124,2480,2604
5076,2019-12-29,69,2049,2118
5076,2019-12-30,155,3064,3219
5076,2019-12-31,132,2908,3040
5077,2019-01-01,52,755,807
5077,2019-01-02,6,1311,1317
5077,2019-01-04,6,1545,1551
5077,2019-01-05,8,1160,1168
5077,2019-01-06,2,960,962
5077,2019-01-07,7,1885,1892
5077,2019-01-08,40,2011,2051
5077,2019-01-09,46,2066,2112
5077,2019-01-10,9,2084,2093
5077,2019-01-11,11,1993,2004
5077,2019-01-12,4,1200,1204
5077,2019-01-13,68,1027,1095
5077,2019-01-14,21,2030,2051
5077,2019-01-15,6,2110,2116
5077,2019-01-16,16,2184,2200
5077,2019-01-18,12,1994,2006
5077,2019-01-19,4,1401,1405
5077,2019-01-20,2,1064,1066
5077,2019-01-21,7,1948,1955
5077,2019-01-23,7,1782,1789
5077,2019-01-24,8,2033,2041
5077,2019-01-25,10,1855,1865
5077,2019-01-26,34,1320,1354
5077,2019-01-27,NA,1000,NA
5077,2019-01-28,23,1974,1997
5077,2019-01-29,8,2066,2074
5077,2019-01-30,15,1344,1359
5077,2019-02-01,8,1877,1885
5077,2019-02-02,2,1351,1353
5077,2019-02-03,NA,1049,NA
5077,2019-02-04,12,1979,1991
5077,2019-02-05,8,2154,2162
5077,2019-02-06,7,2188,2195
5077,2019-02-07,34,2203,2237
5077,2019-02-08,13,2049,2062
5077,2019-02-09,2,1290,1292
5077,2019-02-10,NA,932,NA
5077,2019-02-11,26,2051,2077
5077,2019-02-12,9,2142,2151
5077,2019-02-13,6,2139,2145
5077,2019-02-15,7,2170,2177
5077,2019-02-16,3,1298,1301
5077,2019-02-17,2,971,973
5077,2019-02-18,7,1742,1749
5077,2019-02-19,9,1715,1724
5077,2019-02-20,10,1721,1731
5077,2019-02-21,11,1848,1859
5077,2019-02-22,8,1740,1748
5077,2019-02-23,8,1282,1290
5077,2019-02-24,2,1213,1215
5077,2019-02-25,9,2129,2138
5077,2019-02-26,14,2200,2214
5077,2019-02-27,10,2344,2354
5077,2019-03-01,22,1940,1962
5077,2019-03-02,9,1519,1528
5077,2019-03-03,8,1189,1197
5077,2019-03-04,4,1706,1710
5077,2019-03-05,10,1916,1926
5077,2019-03-06,15,2282,2297
5077,2019-06-04,20,2434,2454
5077,2019-06-05,14,2294,2308
5077,2019-06-06,13,2480,2493
5077,2019-06-07,12,2397,2409
5077,2019-06-08,6,1434,1440
5077,2019-06-09,3,1247,1250
5077,2019-06-10,4,1121,1125
5077,2019-06-11,16,2336,2352
5077,2019-06-12,7,2461,2468
5077,2019-06-13,12,2390,2402
5077,2019-06-14,21,2218,2239
5077,2019-06-15,4,1597,1601
5077,2019-06-16,2,1301,1303
5077,2019-06-17,11,2224,2235
5077,2019-06-18,19,2389,2408
5077,2019-06-19,21,2450,2471
5077,2019-06-20,27,2439,2466
5077,2019-06-21,17,2507,2524
5077,2019-06-22,5,1784,1789
5077,2019-06-23,NA,1402,NA
5077,2019-06-24,13,2659,2672
5077,2019-06-25,7,2660,2667
5077,2019-06-26,16,2743,2759
5077,2019-06-27,18,2899,2917
5077,2019-06-28,15,3039,3054
5077,2019-06-29,2,2162,2164
5077,2019-06-30,2,1724,1726
5077,2019-07-01,20,3581,3601
5077,2019-07-02,19,5120,5139
5077,2019-07-03,30,5194,5224
5077,2019-07-04,19,5394,5413
5077,2019-07-05,23,5213,5236
5077,2019-07-06,8,3568,3576
5077,2019-07-07,4,2660,2664
5077,2019-07-08,37,4905,4942
5077,2019-07-09,58,5291,5349
5077,2019-07-10,34,5253,5287
5077,2019-07-11,37,5330,5367
5077,2019-07-12,37,5571,5608
5077,2019-07-13,6,3305,3311
5077,2019-07-14,3,2764,2767
5077,2019-07-15,36,5119,5155
5077,2019-07-16,49,5273,5322
5077,2019-07-17,40,5559,5599
5077,2019-07-18,48,5349,5397
5077,2019-07-19,30,5439,5469
5077,2019-07-20,11,3361,3372
5077,2019-07-21,9,2829,2838
5077,2019-07-22,46,4890,4936
5077,2019-07-23,38,5265,5303
5077,2019-07-24,31,5352,5383
5077,2019-07-25,33,4765,4798
5077,2019-07-26,26,4599,4625
5077,2019-07-27,9,2827,2836
5077,2019-07-28,8,2428,2436
5077,2019-07-29,23,4321,4344
5077,2019-07-30,16,4700,4716
5077,2019-07-31,29,4719,4748
5077,2019-08-01,27,4484,4511
5077,2019-08-02,34,4503,4537
5077,2019-08-03,14,2819,2833
5077,2019-08-04,5,2541,2546
5077,2019-08-05,19,4113,4132
5077,2019-08-06,18,4161,4179
5077,2019-08-07,18,4378,4396
5077,2019-08-08,24,4417,4441
5077,2019-08-09,26,4386,4412
5077,2019-08-10,8,2747,2755
5077,2019-08-11,4,2355,2359
5077,2019-08-12,18,4016,4034
5077,2019-08-13,16,4320,4336
5077,2019-08-14,19,4327,4346
5077,2019-08-15,2,2244,2246
5077,2019-08-16,9,3758,3767
5077,2019-08-17,4,2477,2481
5077,2019-08-18,4,2233,2237
5077,2019-08-19,24,4241,4265
5077,2019-08-20,31,4612,4643
5077,2019-08-21,15,4687,4702
5077,2019-08-22,22,4643,4665
5077,2019-08-23,21,4631,4652
5077,2019-08-24,12,3188,3200
5077,2019-08-25,4,2753,2757
5077,2019-08-26,30,4758,4788
5077,2019-08-27,22,4682,4704
5077,2019-08-28,17,4875,4892
5077,2019-08-29,27,4829,4856
5077,2019-08-30,31,4916,4947
5077,2019-08-31,15,3423,3438
5077,2019-09-01,2,2626,2628
5077,2019-09-02,30,4620,4650
5077,2019-09-03,23,5141,5164
5077,2019-09-04,40,5298,5338
5077,2019-09-05,38,5262,5300
5077,2019-09-06,22,5391,5413
5077,2019-09-07,8,3172,3180
5077,2019-09-08,NA,2538,NA
5077,2019-09-09,44,5340,5384
5077,2019-09-10,41,5857,5898
5077,2019-09-11,52,5631,5683
5077,2019-09-12,38,6020,6058
5077,2019-09-13,46,5869,5915
5077,2019-09-14,6,3778,3784
5077,2019-09-15,2,3321,3323
5077,2019-09-16,36,5577,5613
5077,2019-09-17,49,6552,6601
5077,2019-09-18,38,6196,6234
5077,2019-09-19,43,6177,6220
5077,2019-09-20,35,6226,6261
5077,2019-09-21,23,4269,4292
5077,2019-09-22,2,3260,3262
5077,2019-09-23,29,5826,5855
5077,2019-09-24,35,6322,6357
5077,2019-09-25,46,6179,6225
5077,2019-09-26,37,6338,6375
5077,2019-09-27,40,6357,6397
5077,2019-09-28,7,4050,4057
5077,2019-09-29,4,2906,2910
5077,2019-09-30,28,5796,5824
5077,2019-10-01,32,6729,6761
5077,2019-10-02,32,6552,6584
5077,2019-10-03,32,6338,6370
5077,2019-10-04,35,6122,6157
5077,2019-10-05,15,4140,4155
5077,2019-10-06,10,3233,3243
5077,2019-10-07,35,5772,5807
5077,2019-10-08,41,6083,6124
5077,2019-10-09,37,6072,6109
5077,2019-10-10,51,6186,6237
5077,2019-10-11,26,6156,6182
5077,2019-10-12,22,4528,4550
5077,2019-10-13,3,3433,3436
5077,2019-10-14,31,6748,6779
5077,2019-10-15,46,7612,7658
5077,2019-10-16,31,7747,7778
5077,2019-10-17,32,7637,7669
5077,2019-10-18,33,6674,6707
5077,2019-10-19,7,4257,4264
5077,2019-10-20,NA,2623,NA
5077,2019-10-21,33,6317,6350
5077,2019-10-22,40,6802,6842
5077,2019-10-23,48,6396,6444
5077,2019-10-24,43,6979,7022
5077,2019-10-25,35,6228,6263
5077,2019-10-26,26,4249,4275
5077,2019-10-27,2,2837,2839
5077,2019-10-28,51,5446,5497
5077,2019-10-29,41,5662,5703
5077,2019-10-30,41,5619,5660
5077,2019-11-01,2,2488,2490
5077,2019-11-02,11,3254,3265
5077,2019-11-03,4,2334,2338
5077,2019-11-04,35,6592,6627
5077,2019-11-05,36,7938,7974
5077,2019-11-06,39,7788,7827
5077,2019-11-07,32,7755,7787
5077,2019-11-08,44,6911,6955
5077,2019-11-09,16,4749,4765
5077,2019-11-10,9,3497,3506
5077,2019-11-11,48,5961,6009
5077,2019-11-12,25,6286,6311
5077,2019-11-13,31,6192,6223
5077,2019-11-14,23,6548,6571
5077,2019-11-15,26,6207,6233
5077,2019-11-16,12,4856,4868
5077,2019-11-17,10,3450,3460
5077,2019-11-18,33,5582,5615
5077,2019-11-19,37,6538,6575
5077,2019-11-20,37,6114,6151
5077,2019-11-21,29,6240,6269
5077,2019-11-22,29,6136,6165
5077,2019-11-23,22,4399,4421
5077,2019-11-24,2,3070,3072
5077,2019-11-25,53,5631,5684
5077,2019-11-26,32,6382,6414
5077,2019-11-27,39,6382,6421
5077,2019-11-28,32,6214,6246
5077,2019-11-29,36,6220,6256
5077,2019-11-30,29,4061,4090
5077,2019-12-01,5,2324,2329
5077,2019-12-02,19,5617,5636
5077,2019-12-03,32,6241,6273
5077,2019-12-04,21,6662,6683
5077,2019-12-05,33,6206,6239
5077,2019-12-06,27,5799,5826
5077,2019-12-07,11,4099,4110
5077,2019-12-08,2,2746,2748
5077,2019-12-09,37,5830,5867
5077,2019-12-10,35,6094,6129
5077,2019-12-11,26,6213,6239
5077,2019-12-12,21,6360,6381
5077,2019-12-13,21,6202,6223
5077,2019-12-14,6,4005,4011
5077,2019-12-15,NA,2832,NA
5077,2019-12-16,35,5688,5723
5077,2019-12-17,30,6300,6330
5077,2019-12-18,21,6283,6304
5077,2019-12-19,31,6300,6331
5077,2019-12-20,18,6076,6094
5077,2019-12-21,6,3492,3498
5077,2019-12-22,2,2303,2305
5077,2019-12-23,15,4206,4221
5077,2019-12-24,7,3073,3080
5077,2019-12-25,NA,1978,NA
5077,2019-12-26,2,1983,1985
5077,2019-12-27,3,3299,3302
5077,2019-12-28,10,2736,2746
5077,2019-12-29,4,2052,2056
5077,2019-12-30,10,3457,3467
5077,2019-12-31,9,2777,2786
5079,2019-01-01,8,940,948
5079,2019-01-02,57,1513,1570
5079,2019-01-03,78,1751,1829
5079,2019-01-04,68,1870,1938
5079,2019-01-05,55,1423,1478
5079,2019-01-06,20,1166,1186
5079,2019-01-08,89,2288,2377
5079,2019-01-09,106,2379,2485
5079,2019-01-10,129,2638,2767
5079,2019-01-11,114,2279,2393
5079,2019-01-12,50,1743,1793
5079,2019-01-13,23,1109,1132
5079,2019-01-14,120,2428,2548
5079,2019-01-15,147,2906,3053
5079,2019-01-16,137,2666,2803
5079,2019-01-17,129,2626,2755
5079,2019-01-18,139,2454,2593
5079,2019-01-19,77,1800,1877
5079,2019-01-20,20,1301,1321
5079,2019-01-22,124,2531,2655
5079,2019-01-23,120,2445,2565
5079,2019-01-24,142,2638,2780
5079,2019-01-25,116,2423,2539
5079,2019-01-26,40,1763,1803
5079,2019-01-27,11,1422,1433
5079,2019-01-28,100,2354,2454
5079,2019-01-29,138,2605,2743
5079,2019-01-30,91,2031,2122
5079,2019-01-31,80,2152,2232
5079,2019-02-01,99,2219,2318
5079,2019-02-02,45,1707,1752
5079,2019-02-03,16,1450,1466
5079,2019-02-05,124,2584,2708
5079,2019-02-06,118,2554,2672
5079,2019-02-07,111,2796,2907
5079,2019-02-08,132,2697,2829
5079,2019-02-09,57,1723,1780
5079,2019-02-10,22,1147,1169
5079,2019-02-20,108,2030,2138
5079,2019-02-21,116,2076,2192
5079,2019-02-22,129,2018,2147
5079,2019-02-23,75,1621,1696
5079,2019-02-24,22,1391,1413
5079,2019-02-25,137,2662,2799
5079,2019-02-26,157,2811,2968
5079,2019-02-27,175,2814,2989
5079,2019-02-28,185,2849,3034
5079,2019-03-01,150,2684,2834
5079,2019-03-02,74,1829,1903
5079,2019-03-03,19,1327,1346
5079,2019-03-04,151,2344,2495
5079,2019-03-06,157,2494,2651
5079,2019-03-07,100,2508,2608
5079,2019-03-08,132,2396,2528
5079,2019-03-09,71,1880,1951
5079,2019-03-10,30,1246,1276
5079,2019-03-11,186,2664,2850
5079,2019-03-13,124,2610,2734
5079,2019-03-14,119,3212,3331
5079,2019-03-15,143,3034,3177
5079,2019-03-16,69,1976,2045
5079,2019-03-17,10,1206,1216
5079,2019-03-18,176,2763,2939
5079,2019-03-19,193,3063,3256
5079,2019-03-20,208,3202,3410
5079,2019-03-21,184,2979,3163
5079,2019-03-22,202,3330,3532
5079,2019-03-23,86,2235,2321
5079,2019-03-24,24,1498,1522
5079,2019-03-25,174,2820,2994
5079,2019-04-03,169,2883,3052
5079,2019-04-04,154,2713,2867
5079,2019-04-05,159,3011,3170
5079,2019-04-06,104,1909,2013
5079,2019-04-07,19,1243,1262
5079,2019-04-08,121,2177,2298
5079,2019-04-09,110,2211,2321
5079,2019-04-10,136,2327,2463
5079,2019-04-11,149,2365,2514
5079,2019-04-12,174,2316,2490
5079,2019-04-13,104,1562,1666
5079,2019-04-14,13,1159,1172
5079,2019-04-16,130,2284,2414
5079,2019-04-17,140,2378,2518
5079,2019-04-18,170,2447,2617
5079,2019-04-19,147,2607,2754
5079,2019-04-20,86,1941,2027
5079,2019-04-21,23,1444,1467
5079,2019-04-22,14,1269,1283
5079,2019-04-23,163,2930,3093
5079,2019-04-24,156,2710,2866
5079,2019-04-25,153,2743,2896
5079,2019-04-26,194,2883,3077
5079,2019-04-27,50,1918,1968
5079,2019-04-28,15,1274,1289
5079,2019-04-30,177,2991,3168
5079,2019-05-01,27,1492,1519
5079,2019-05-02,171,2747,2918
5079,2019-05-03,128,2544,2672
5079,2019-05-04,60,1804,1864
5079,2019-05-05,29,1367,1396
5079,2019-05-07,172,2926,3098
5079,2019-05-08,134,2698,2832
5079,2019-05-09,14,1114,1128
5079,2019-05-10,147,2472,2619
5079,2019-05-11,55,1751,1806
5079,2019-05-12,21,1415,1436
5079,2019-05-14,177,3023,3200
5079,2019-05-15,198,3591,3789
5079,2019-05-16,167,3836,4003
5079,2019-05-17,177,2963,3140
5079,2019-05-18,88,2090,2178
5079,2019-05-19,29,1382,1411
5079,2019-05-20,138,3558,3696
5079,2019-05-21,138,4056,4194
5079,2019-05-22,196,3959,4155
5079,2019-05-23,182,3565,3747
5079,2019-05-24,190,3062,3252
5079,2019-05-25,91,1876,1967
5079,2019-05-26,19,1497,1516
5079,2019-05-28,136,2086,2222
5079,2019-05-29,152,2450,2602
5079,2019-05-30,18,1226,1244
5079,2019-06-13,107,3165,3272
5079,2019-06-14,100,3054,3154
5079,2019-06-15,30,3020,3050
5079,2019-06-16,11,1859,1870
5079,2019-06-17,164,2953,3117
5079,2019-06-18,102,3198,3300
5079,2019-06-19,93,3083,3176
5079,2019-06-20,103,3255,3358
5079,2019-06-21,99,3014,3113
5079,2019-06-22,45,2130,2175
5079,2019-06-23,17,1462,1479
5079,2019-06-24,75,2653,2728
5079,2019-06-25,95,3089,3184
5079,2019-06-26,84,2955,3039
5079,2019-06-27,87,3015,3102
5079,2019-06-28,106,3675,3781
5079,2019-06-29,29,2449,2478
5079,2019-06-30,18,1669,1687
5079,2019-07-01,98,2872,2970
5079,2019-07-02,124,2857,2981
5079,2019-07-03,76,2726,2802
5079,2019-07-04,77,3018,3095
5079,2019-07-05,75,2685,2760
5079,2019-07-06,67,2025,2092
5079,2019-07-07,14,1433,1447
5079,2019-07-08,93,2444,2537
5079,2019-07-09,70,2649,2719
5079,2019-07-10,91,2564,2655
5079,2019-07-11,58,2604,2662
5079,2019-07-12,97,2558,2655
5079,2019-07-13,64,1735,1799
5079,2019-07-14,13,1237,1250
5079,2019-07-15,59,2230,2289
5079,2019-07-16,61,2420,2481
5079,2019-07-17,62,2309,2371
5079,2019-07-18,70,2591,2661
5079,2019-07-19,69,2211,2280
5079,2019-07-20,37,1697,1734
5079,2019-07-21,21,1306,1327
5079,2019-07-22,67,2073,2140
5079,2019-07-23,86,2388,2474
5079,2019-07-24,72,2179,2251
5079,2019-07-25,80,2034,2114
5079,2019-07-26,53,2029,2082
5079,2019-07-27,26,1392,1418
5079,2019-07-28,9,1038,1047
5079,2019-07-29,59,1776,1835
5079,2019-07-30,79,1897,1976
5079,2019-07-31,71,1960,2031
5079,2019-08-01,75,1831,1906
5079,2019-08-02,87,1806,1893
5079,2019-08-03,29,1413,1442
5079,2019-08-04,21,1203,1224
5079,2019-08-05,100,1598,1698
5079,2019-08-06,88,1763,1851
5079,2019-08-07,91,1822,1913
5079,2019-08-08,61,1767,1828
5079,2019-08-09,34,1634,1668
5079,2019-08-10,25,1353,1378
5079,2019-08-11,13,1110,1123
5079,2019-08-12,40,1702,1742
5079,2019-08-13,25,1708,1733
5079,2019-08-14,39,1711,1750
5079,2019-08-15,14,944,958
5079,2019-08-16,36,1703,1739
5079,2019-08-17,22,1187,1209
5079,2019-08-18,19,925,944
5079,2019-08-19,55,1823,1878
5079,2019-08-20,54,1962,2016
5079,2019-08-21,44,1948,1992
5079,2019-08-22,43,2011,2054
5079,2019-08-23,45,1990,2035
5079,2019-08-24,41,1550,1591
5079,2019-08-25,13,1185,1198
5079,2019-08-26,29,1913,1942
5079,2019-08-27,35,1953,1988
5079,2019-08-28,79,2020,2099
5079,2019-08-29,46,2026,2072
5079,2019-08-30,81,2039,2120
5079,2019-08-31,26,1594,1620
5079,2019-09-01,15,1085,1100
5079,2019-09-02,41,1805,1846
5079,2019-09-03,56,2025,2081
5079,2019-09-04,83,1997,2080
5079,2019-09-05,73,2031,2104
5079,2019-09-06,64,1988,2052
5079,2019-09-07,23,1361,1384
5079,2019-09-08,32,1153,1185
5079,2019-09-09,48,1931,1979
5079,2019-09-10,63,2356,2419
5079,2019-09-11,61,2083,2144
5079,2019-09-12,85,2142,2227
5079,2019-09-13,106,2168,2274
5079,2019-09-14,35,1947,1982
5079,2019-09-15,15,1637,1652
5079,2019-09-16,65,2280,2345
5079,2019-09-17,100,3159,3259
5079,2019-09-18,96,2613,2709
5079,2019-09-19,95,2751,2846
5079,2019-09-20,106,2652,2758
5079,2019-09-21,46,2164,2210
5079,2019-09-22,38,1569,1607
5079,2019-09-23,60,2438,2498
5079,2019-09-24,91,2556,2647
5079,2019-09-25,117,2591,2708
5079,2019-09-26,81,2816,2897
5079,2019-09-27,76,2780,2856
5079,2019-09-28,26,1644,1670
5079,2019-09-29,18,1183,1201
5079,2019-09-30,77,2554,2631
5079,2019-10-01,78,2888,2966
5079,2019-10-02,117,3409,3526
5079,2019-10-03,123,3472,3595
5079,2019-10-04,90,3561,3651
5079,2019-10-05,40,2291,2331
5079,2019-10-06,14,1505,1519
5079,2019-10-07,73,2996,3069
5079,2019-10-08,64,3119,3183
5079,2019-10-09,108,3186,3294
5079,2019-10-10,71,3090,3161
5079,2019-10-11,84,2924,3008
5079,2019-10-12,59,2295,2354
5079,2019-10-13,9,1704,1713
5079,2019-10-14,108,2929,3037
5079,2019-10-15,118,3157,3275
5079,2019-10-16,102,3142,3244
5079,2019-10-17,108,3042,3150
5079,2019-10-18,115,2965,3080
5079,2019-10-19,31,2156,2187
5079,2019-10-20,16,1338,1354
5079,2019-10-21,75,2905,2980
5079,2019-10-22,95,3035,3130
5079,2019-10-23,88,3089,3177
5079,2019-10-24,93,3263,3356
5079,2019-10-25,104,3202,3306
5079,2019-10-26,37,2287,2324
5079,2019-10-27,14,1369,1383
5079,2019-10-28,81,2471,2552
5079,2019-10-29,82,2613,2695
5079,2019-10-30,97,2546,2643
5079,2019-11-01,8,1404,1412
5079,2019-11-02,24,1754,1778
5079,2019-11-03,9,1224,1233
5079,2019-11-04,95,2778,2873
5079,2019-11-05,116,3246,3362
5079,2019-11-06,118,3057,3175
5079,2019-11-07,81,3143,3224
5079,2019-11-08,109,2949,3058
5079,2019-11-09,58,2318,2376
5079,2019-11-10,15,1807,1822
5079,2019-11-11,92,2732,2824
5079,2019-11-12,97,2992,3089
5079,2019-11-13,122,2922,3044
5079,2019-11-14,80,3201,3281
5079,2019-11-15,110,2985,3095
5079,2019-11-16,50,2159,2209
5079,2019-11-17,12,1505,1517
5079,2019-11-18,103,2643,2746
5079,2019-11-19,117,3026,3143
5079,2019-11-20,136,2894,3030
5079,2019-11-21,125,2871,2996
5079,2019-11-22,117,2973,3090
5079,2019-11-23,41,2234,2275
5079,2019-11-24,17,1557,1574
5079,2019-11-25,116,2505,2621
5079,2019-11-26,79,2963,3042
5079,2019-11-27,92,2881,2973
5079,2019-11-28,147,2879,3026
5079,2019-11-29,101,2887,2988
5079,2019-11-30,41,2059,2100
5079,2019-12-01,15,1137,1152
5079,2019-12-02,63,2295,2358
5079,2019-12-03,98,2614,2712
5079,2019-12-04,106,2538,2644
5079,2019-12-05,100,2728,2828
5079,2019-12-06,64,2237,2301
5079,2019-12-07,48,1776,1824
5079,2019-12-08,16,1134,1150
5079,2019-12-09,59,2399,2458
5079,2019-12-10,69,2515,2584
5079,2019-12-11,62,2614,2676
5079,2019-12-12,69,2688,2757
5079,2019-12-13,57,2625,2682
5079,2019-12-14,26,1810,1836
5079,2019-12-15,18,1220,1238
5079,2019-12-16,62,2329,2391
5079,2019-12-17,82,2535,2617
5079,2019-12-18,59,2548,2607
5079,2019-12-19,62,2445,2507
5079,2019-12-20,43,2369,2412
5079,2019-12-21,40,1551,1591
5079,2019-12-22,12,1056,1068
5079,2019-12-23,36,1750,1786
5079,2019-12-24,21,1561,1582
5079,2019-12-25,2,1013,1015
5079,2019-12-26,4,847,851
5079,2019-12-27,19,1430,1449
5079,2019-12-28,27,1336,1363
5079,2019-12-29,13,945,958
5079,2019-12-30,14,1586,1600
5079,2019-12-31,22,1349,1371
5081,2019-01-01,28,823,851
5081,2019-01-02,42,1586,1628
5081,2019-01-04,49,1743,1792
5081,2019-01-05,39,1165,1204
5081,2019-01-06,6,1018,1024
5081,2019-01-07,56,2517,2573
5081,2019-01-08,68,2567,2635
5081,2019-01-09,73,2590,2663
5081,2019-01-10,59,2874,2933
5081,2019-01-11,56,2478,2534
5081,2019-01-12,39,1465,1504
5081,2019-01-13,6,1115,1121
5081,2019-01-14,70,2713,2783
5081,2019-01-15,62,3075,3137
5081,2019-01-16,102,2913,3015
5081,2019-01-18,69,2679,2748
5081,2019-01-19,48,1515,1563
5081,2019-01-20,7,1182,1189
5081,2019-01-21,69,2618,2687
5081,2019-01-22,69,2624,2693
5081,2019-01-23,76,2773,2849
5081,2019-01-24,82,2847,2929
5081,2019-01-25,65,2495,2560
5081,2019-01-26,39,1409,1448
5081,2019-01-27,6,1188,1194
5081,2019-01-28,59,2566,2625
5081,2019-01-29,70,2748,2818
5081,2019-01-30,56,2146,2202
5081,2019-02-01,55,2346,2401
5081,2019-02-02,54,1483,1537
5081,2019-02-03,10,1250,1260
5081,2019-02-04,73,2632,2705
5081,2019-02-05,67,2451,2518
5081,2019-02-06,64,2472,2536
5081,2019-02-07,70,2831,2901
5081,2019-02-08,79,2779,2858
5081,2019-02-09,44,1493,1537
5081,2019-02-10,21,1071,1092
5081,2019-02-11,62,2188,2250
5081,2019-02-12,64,2764,2828
5081,2019-02-13,59,2991,3050
5081,2019-02-15,72,2575,2647
5081,2019-02-16,45,1446,1491
5081,2019-02-17,10,1164,1174
5081,2019-02-18,61,2000,2061
5081,2019-02-19,53,2034,2087
5081,2019-02-20,55,2125,2180
5081,2019-02-21,63,2077,2140
5081,2019-02-22,56,1961,2017
5081,2019-02-23,53,1450,1503
5081,2019-02-24,9,1323,1332
5081,2019-02-25,62,2918,2980
5081,2019-02-26,76,3037,3113
5081,2019-02-27,75,3010,3085
5081,2019-03-01,74,2768,2842
5081,2019-03-02,44,1539,1583
5081,2019-03-03,12,1257,1269
5081,2019-03-04,69,2492,2561
5081,2019-03-05,72,2728,2800
5081,2019-03-06,73,2776,2849
5081,2019-03-07,68,3078,3146
5081,2019-03-08,70,2684,2754
5081,2019-03-09,39,1677,1716
5081,2019-03-10,16,1037,1053
5081,2019-03-11,68,2787,2855
5081,2019-03-12,78,3463,3541
5081,2019-03-13,78,2572,2650
5081,2019-03-15,59,3146,3205
5081,2019-03-16,43,1659,1702
5081,2019-03-17,23,1238,1261
5081,2019-03-18,76,3028,3104
5081,2019-03-19,85,3274,3359
5081,2019-03-20,78,3762,3840
5081,2019-03-21,77,3065,3142
5081,2019-03-22,83,3369,3452
5081,2019-03-23,55,1943,1998
5081,2019-03-24,10,1442,1452
5081,2019-03-25,82,2186,2268
5081,2019-03-26,86,3186,3272
5081,2019-03-27,88,3257,3345
5081,2019-03-29,77,3271,3348
5081,2019-03-30,47,1917,1964
5081,2019-04-01,78,3044,3122
5081,2019-04-02,86,3080,3166
5081,2019-04-03,68,3056,3124
5081,2019-04-05,84,3093,3177
5081,2019-04-06,51,1690,1741
5081,2019-04-07,8,1390,1398
5081,2019-04-08,68,2378,2446
5081,2019-04-09,70,2310,2380
5081,2019-04-10,74,2315,2389
5081,2019-04-11,69,2347,2416
5081,2019-04-12,73,2338,2411
5081,2019-04-13,52,1465,1517
5081,2019-04-14,8,1095,1103
5081,2019-04-15,78,2303,2381
5081,2019-04-16,66,2633,2699
5081,2019-04-17,71,2265,2336
5081,2019-04-19,62,2312,2374
5081,2019-04-20,50,1688,1738
5081,2019-04-21,7,1557,1564
5081,2019-04-22,8,1488,1496
5081,2019-04-23,76,2557,2633
5081,2019-04-24,116,2487,2603
5081,2019-04-25,94,2407,2501
5081,2019-04-26,79,2443,2522
5081,2019-04-27,51,1618,1669
5081,2019-04-28,7,1176,1183
5081,2019-04-29,65,2662,2727
5081,2019-04-30,83,2889,2972
5081,2019-05-01,17,1482,1499
5081,2019-05-03,84,2364,2448
5081,2019-05-04,50,1588,1638
5081,2019-05-05,8,1168,1176
5081,2019-05-06,67,2656,2723
5081,2019-05-07,78,2952,3030
5081,2019-05-08,70,3181,3251
5081,2019-05-09,12,1148,1160
5081,2019-05-10,77,2515,2592
5081,2019-05-11,44,1568,1612
5081,2019-05-12,12,1671,1683
5081,2019-05-13,72,2943,3015
5081,2019-05-14,74,3183,3257
5081,2019-05-15,80,3875,3955
5081,2019-05-17,75,3104,3179
5081,2019-05-18,50,1945,1995
5081,2019-05-19,12,1465,1477
5081,2019-05-20,71,3559,3630
5081,2019-05-21,73,4104,4177
5081,2019-05-22,75,4130,4205
5081,2019-06-13,87,3087,3174
5081,2019-06-14,106,2978,3084
5081,2019-06-15,8,291,299
5081,2019-06-20,3,91,94
5081,2019-06-21,99,2932,3031
5081,2019-06-22,60,1755,1815
5081,2019-06-23,19,1612,1631
5081,2019-06-24,69,2817,2886
5081,2019-06-25,77,3164,3241
5081,2019-06-26,74,3113,3187
5081,2019-06-27,81,3064,3145
5081,2019-06-28,111,3399,3510
5081,2019-06-29,56,2115,2171
5081,2019-06-30,11,1664,1675
5081,2019-07-01,94,2911,3005
5081,2019-07-02,77,3225,3302
5081,2019-07-03,94,3425,3519
5081,2019-07-04,95,3730,3825
5081,2019-07-05,80,3127,3207
5081,2019-07-06,61,2087,2148
5081,2019-07-07,10,1468,1478
5081,2019-07-08,65,3005,3070
5081,2019-07-09,77,3027,3104
5081,2019-07-10,80,3096,3176
5081,2019-07-11,95,2920,3015
5081,2019-07-12,79,2871,2950
5081,2019-07-13,58,1728,1786
5081,2019-07-14,13,1477,1490
5081,2019-07-15,87,2649,2736
5081,2019-07-16,84,2681,2765
5081,2019-07-17,92,2719,2811
5081,2019-07-18,81,2968,3049
5081,2019-07-19,64,2596,2660
5081,2019-07-20,60,1732,1792
5081,2019-07-21,16,1539,1555
5081,2019-07-22,91,2589,2680
5081,2019-07-23,83,2784,2867
5081,2019-07-24,85,2722,2807
5081,2019-07-25,85,2661,2746
5081,2019-07-26,75,2325,2400
5081,2019-07-27,53,1423,1476
5081,2019-07-28,12,1225,1237
5081,2019-07-29,57,2331,2388
5081,2019-07-30,68,2225,2293
5081,2019-07-31,70,2514,2584
5081,2019-08-01,77,2302,2379
5081,2019-08-02,70,2291,2361
5081,2019-08-03,54,1592,1646
5081,2019-08-04,19,1355,1374
5081,2019-08-05,85,2062,2147
5081,2019-08-06,73,2117,2190
5081,2019-08-07,61,2091,2152
5081,2019-08-08,78,2239,2317
5081,2019-08-09,66,1949,2015
5081,2019-08-10,66,1400,1466
5081,2019-08-11,15,1096,1111
5081,2019-08-12,61,1972,2033
5081,2019-08-13,50,2136,2186
5081,2019-08-14,66,2105,2171
5081,2019-08-15,9,1016,1025
5081,2019-08-16,57,1805,1862
5081,2019-08-17,42,1163,1205
5081,2019-08-18,8,1069,1077
5081,2019-08-19,75,2154,2229
5081,2019-08-20,65,2270,2335
5081,2019-08-21,63,2348,2411
5081,2019-08-22,51,2259,2310
5081,2019-08-23,60,2430,2490
5081,2019-08-24,56,2005,2061
5081,2019-08-25,12,1693,1705
5081,2019-08-26,57,2369,2426
5081,2019-08-27,72,2561,2633
5081,2019-08-28,82,2611,2693
5081,2019-08-29,70,2592,2662
5081,2019-08-30,71,2560,2631
5081,2019-08-31,56,1818,1874
5081,2019-09-01,13,1479,1492
5081,2019-09-02,84,2202,2286
5081,2019-09-03,81,2454,2535
5081,2019-09-04,72,2500,2572
5081,2019-09-05,83,2561,2644
5081,2019-09-06,88,2578,2666
5081,2019-09-07,47,1565,1612
5081,2019-09-08,38,1339,1377
5081,2019-09-09,70,2510,2580
5081,2019-09-10,84,3068,3152
5081,2019-09-11,84,2770,2854
5081,2019-09-12,81,2727,2808
5081,2019-09-13,69,2579,2648
5081,2019-09-14,63,1968,2031
5081,2019-09-15,10,1886,1896
5081,2019-09-16,76,2778,2854
5081,2019-09-17,113,3621,3734
5081,2019-09-18,88,3164,3252
5081,2019-09-19,85,3180,3265
5081,2019-09-20,84,3183,3267
5081,2019-09-21,71,2264,2335
5081,2019-09-22,20,1624,1644
5081,2019-09-23,77,2887,2964
5081,2019-09-24,81,3099,3180
5081,2019-09-25,75,3180,3255
5081,2019-09-26,69,3223,3292
5081,2019-09-28,49,1853,1902
5081,2019-09-29,3,1349,1352
5081,2019-09-30,77,3039,3116
5083,2019-01-01,71,5435,5506
5083,2019-01-02,230,9641,9871
5083,2019-01-04,275,10877,11152
5083,2019-01-05,165,8400,8565
5083,2019-01-06,46,6687,6733
5083,2019-01-07,310,11953,12263
5083,2019-01-08,336,12588,12924
5083,2019-01-09,376,12622,12998
5083,2019-01-10,382,13379,13761
5083,2019-01-11,350,13394,13744
5083,2019-01-12,153,10069,10222
5083,2019-01-13,51,6776,6827
5083,2019-01-14,366,12915,13281
5083,2019-01-15,418,13957,14375
5083,2019-01-16,450,13561,14011
5083,2019-01-18,390,13774,14164
5083,2019-01-19,189,10614,10803
5083,2019-01-20,53,7572,7625
5083,2019-01-21,392,13287,13679
5083,2019-01-22,435,13290,13725
5083,2019-01-23,389,13056,13445
5083,2019-01-24,409,13899,14308
5083,2019-01-25,369,13521,13890
5083,2019-01-26,140,10186,10326
5083,2019-01-27,44,7751,7795
5083,2019-01-28,370,12523,12893
5083,2019-01-29,387,13798,14185
5083,2019-01-30,354,11842,12196
5083,2019-02-01,337,12939,13276
5083,2019-02-02,158,10750,10908
5083,2019-02-03,67,7959,8026
5083,2019-02-04,364,12872,13236
5083,2019-02-05,390,13441,13831
5083,2019-02-06,432,13722,14154
5083,2019-02-07,356,14148,14504
5083,2019-02-08,402,13769,14171
5083,2019-02-09,148,10090,10238
5083,2019-02-11,482,12698,13180
5083,2019-02-12,381,13846,14227
5083,2019-02-13,400,13868,14268
5083,2019-02-15,424,13685,14109
5083,2019-02-16,180,9455,9635
5083,2019-02-17,57,7085,7142
5083,2019-02-18,374,11596,11970
5083,2019-02-19,346,11821,12167
5083,2019-02-20,341,12036,12377
5083,2019-02-21,344,11915,12259
5083,2019-02-22,349,12159,12508
5083,2019-02-23,166,9356,9522
5083,2019-02-24,52,7853,7905
5083,2019-02-25,438,13328,13766
5083,2019-02-26,453,14143,14596
5083,2019-02-27,472,13898,14370
5083,2019-03-01,398,14091,14489
5083,2019-03-02,262,10575,10837
5083,2019-03-03,49,7662,7711
5083,2019-03-04,346,12676,13022
5083,2019-03-05,472,13126,13598
5083,2019-03-06,430,13506,13936
5083,2019-03-07,461,14026,14487
5083,2019-03-08,460,13956,14416
5083,2019-03-09,182,10892,11074
5083,2019-03-10,64,7768,7832
5083,2019-03-11,500,13074,13574
5083,2019-03-12,530,15792,16322
5083,2019-03-13,528,13868,14396
5083,2019-03-15,395,14322,14717
5083,2019-03-16,199,11123,11322
5083,2019-03-17,48,7810,7858
5083,2019-03-18,478,12630,13108
5083,2019-03-19,438,13476,13914
5083,2019-03-20,503,14229,14732
5083,2019-03-21,470,14405,14875
5083,2019-03-22,497,14979,15476
5083,2019-03-23,315,11937,12252
5083,2019-03-24,117,8263,8380
5083,2019-03-25,472,12902,13374
5083,2019-03-26,475,13832,14307
5083,2019-03-27,476,14136,14612
5083,2019-03-29,455,15158,15613
5083,2019-03-30,313,11841,12154
5083,2019-04-01,446,13465,13911
5083,2019-04-02,493,13935,14428
5083,2019-04-03,446,14130,14576
5083,2019-04-05,449,14579,15028
5083,2019-04-06,201,10777,10978
5083,2019-04-07,49,7505,7554
5083,2019-04-08,429,11929,12358
5083,2019-04-09,432,12440,12872
5083,2019-04-10,422,12654,13076
5083,2019-04-11,442,12780,13222
5083,2019-04-12,386,12841,13227
5083,2019-04-13,292,9142,9434
5083,2019-04-14,121,6685,6806
5083,2019-04-15,516,12523,13039
5083,2019-04-16,511,13219,13730
5083,2019-04-17,494,13140,13634
5083,2019-04-19,465,14145,14610
5083,2019-04-20,277,10515,10792
5083,2019-04-21,125,8347,8472
5083,2019-04-22,124,7232,7356
5083,2019-04-23,453,14455,14908
5083,2019-04-24,426,13754,14180
5083,2019-04-25,490,14206,14696
5083,2019-04-26,500,14927,15427
5083,2019-04-27,192,11348,11540
5083,2019-04-28,44,7879,7923
5083,2019-04-29,454,14118,14572
5083,2019-04-30,533,15210,15743
5083,2019-05-01,63,7761,7824
5083,2019-05-03,524,14348,14872
5083,2019-05-04,182,10322,10504
5083,2019-05-05,66,7996,8062
5083,2019-05-06,468,13868,14336
5083,2019-05-07,487,14628,15115
5083,2019-05-08,478,14444,14922
5083,2019-05-09,64,7076,7140
5083,2019-05-10,546,14072,14618
5083,2019-05-11,276,10874,11150
5083,2019-05-12,129,8456,8585
5083,2019-05-13,467,14074,14541
5083,2019-05-14,468,14545,15013
5083,2019-05-15,506,15619,16125
5083,2019-05-17,521,15110,15631
5083,2019-05-18,208,11359,11567
5083,2019-05-19,68,8306,8374
5083,2019-05-20,500,15541,16041
5083,2019-05-21,605,17278,17883
5083,2019-05-22,613,17000,17613
5083,2019-05-23,581,16559,17140
5083,2019-05-24,495,15369,15864
5083,2019-05-25,215,10879,11094
5083,2019-05-26,51,7979,8030
5083,2019-05-27,442,12083,12525
5083,2019-05-28,422,12366,12788
5083,2019-05-29,440,13454,13894
5084,2019-01-01,9,1442,1451
5084,2019-01-02,124,2847,2971
5084,2019-01-04,115,3376,3491
5084,2019-01-05,65,2766,2831
5084,2019-01-06,15,2042,2057
5084,2019-01-07,185,3777,3962
5084,2019-01-08,155,4123,4278
5084,2019-01-09,185,4237,4422
5084,2019-01-10,226,4215,4441
5084,2019-01-11,188,4309,4497
5084,2019-01-12,53,3340,3393
5084,2019-01-13,2,2110,2112
5084,2019-01-14,208,4125,4333
5084,2019-01-15,228,4536,4764
5084,2019-01-16,247,4286,4533
5084,2019-01-18,209,4430,4639
5084,2019-01-19,76,3445,3521
5084,2019-01-20,11,2216,2227
5084,2019-01-21,207,4144,4351
5084,2019-01-22,193,4261,4454
5084,2019-01-23,221,4274,4495
5084,2019-01-24,192,4361,4553
5084,2019-01-25,181,4413,4594
5084,2019-01-26,59,3169,3228
5084,2019-01-27,18,2315,2333
5084,2019-01-28,193,4063,4256
5084,2019-01-29,184,4502,4686
5084,2019-01-30,155,3769,3924
5084,2019-02-01,162,4386,4548
5084,2019-02-02,69,3392,3461
5084,2019-02-03,19,2316,2335
5084,2019-02-04,224,4218,4442
5084,2019-02-05,198,4410,4608
5084,2019-02-06,228,4402,4630
5084,2019-02-07,172,4602,4774
5084,2019-02-08,198,4500,4698
5084,2019-02-09,58,3662,3720
5084,2019-02-10,2,1988,1990
5084,2019-02-11,199,4143,4342
5084,2019-02-12,187,4494,4681
5084,2019-02-13,268,4449,4717
5084,2019-02-15,214,4582,4796
5084,2019-02-16,84,3086,3170
5084,2019-02-17,15,2264,2279
5084,2019-02-18,177,3363,3540
5084,2019-02-19,153,3666,3819
5084,2019-02-20,173,3751,3924
5084,2019-02-21,176,3554,3730
5084,2019-02-22,178,3686,3864
5084,2019-02-23,82,3134,3216
5084,2019-02-24,14,2481,2495
5084,2019-02-25,216,4318,4534
5084,2019-02-26,234,4713,4947
5084,2019-02-27,254,4683,4937
5084,2019-03-01,200,4755,4955
5084,2019-03-02,106,3624,3730
5084,2019-03-03,26,2309,2335
5084,2019-03-04,162,4216,4378
5084,2019-03-05,218,4452,4670
5084,2019-03-06,237,4595,4832
5084,2019-03-07,233,4682,4915
5084,2019-03-08,249,4690,4939
5084,2019-03-09,81,3730,3811
5084,2019-03-10,20,2101,2121
5084,2019-03-11,269,4846,5115
5084,2019-03-12,274,5360,5634
5084,2019-03-13,207,4925,5132
5084,2019-03-15,172,5256,5428
5084,2019-03-16,72,3966,4038
5084,2019-03-17,21,2435,2456
5084,2019-03-18,230,4706,4936
5084,2019-03-19,287,5168,5455
5084,2019-03-20,247,5263,5510
5084,2019-03-21,213,5182,5395
5084,2019-03-22,245,5370,5615
5084,2019-03-23,87,4234,4321
5084,2019-03-24,36,2717,2753
5084,2019-03-25,253,4962,5215
5084,2019-03-26,231,5259,5490
5084,2019-03-27,269,5300,5569
5084,2019-03-29,247,5449,5696
5084,2019-03-30,109,4487,4596
5084,2019-04-01,257,5040,5297
5084,2019-04-02,271,5185,5456
5084,2019-04-03,233,5245,5478
5084,2019-04-05,216,5055,5271
5084,2019-04-06,84,3731,3815
5084,2019-04-07,23,2473,2496
5084,2019-04-08,211,4277,4488
5084,2019-04-09,183,4512,4695
5084,2019-04-10,220,5073,5293
5084,2019-04-11,289,5218,5507
5084,2019-04-12,289,4640,4929
5084,2019-04-13,157,4216,4373
5084,2019-04-14,22,3088,3110
5084,2019-04-15,214,4126,4340
5084,2019-04-16,212,3907,4119
5084,2019-04-17,231,4339,4570
5084,2019-04-19,238,4243,4481
5084,2019-04-20,88,3395,3483
5084,2019-04-21,24,2382,2406
5084,2019-04-22,28,2368,2396
5084,2019-04-23,253,4748,5001
5084,2019-04-24,214,4728,4942
5084,2019-04-25,216,4616,4832
5084,2019-04-26,259,4952,5211
5084,2019-04-27,32,3402,3434
5084,2019-04-28,23,2591,2614
5084,2019-04-29,229,4484,4713
5084,2019-04-30,256,4971,5227
5084,2019-05-01,45,2497,2542
5084,2019-05-03,266,4644,4910
5084,2019-05-04,82,3344,3426
5084,2019-05-05,23,2292,2315
5084,2019-05-06,274,4429,4703
5084,2019-05-07,253,4771,5024
5084,2019-05-08,238,5236,5474
5084,2019-05-09,32,1856,1888
5084,2019-05-10,207,4690,4897
5084,2019-05-11,74,3539,3613
5084,2019-05-12,41,3220,3261
5084,2019-05-13,239,4626,4865
5084,2019-05-14,273,5178,5451
5084,2019-05-15,279,4833,5112
5084,2019-05-17,271,4930,5201
5084,2019-05-18,92,3938,4030
5084,2019-05-19,31,2457,2488
5084,2019-05-20,246,5018,5264
5084,2019-05-21,277,5489,5766
5084,2019-05-22,288,5415,5703
5084,2019-05-23,299,5548,5847
5084,2019-05-24,288,5145,5433
5084,2019-05-25,99,3403,3502
5084,2019-05-26,30,2487,2517
5084,2019-05-27,239,3799,4038
5084,2019-05-28,242,4033,4275
5084,2019-05-29,245,4233,4478
5084,2019-06-01,74,3350,3424
5084,2019-06-02,51,2791,2842
5084,2019-06-03,234,4593,4827
5084,2019-06-04,221,4866,5087
5084,2019-06-05,266,4776,5042
5084,2019-06-06,261,4664,4925
5084,2019-06-07,246,4945,5191
5084,2019-06-08,104,4120,4224
5084,2019-06-09,43,3047,3090
5084,2019-06-10,63,2162,2225
5084,2019-06-11,226,4711,4937
5084,2019-06-12,260,4752,5012
5084,2019-06-13,254,4926,5180
5084,2019-06-14,222,4955,5177
5084,2019-06-16,41,2681,2722
5084,2019-06-17,238,4521,4759
5084,2019-06-18,218,4906,5124
5084,2019-06-19,212,4679,4891
5084,2019-06-20,240,4910,5150
5084,2019-06-21,210,4886,5096
5084,2019-06-22,80,3464,3544
5084,2019-06-23,30,2678,2708
5084,2019-06-24,209,4426,4635
5084,2019-06-25,221,4767,4988
5084,2019-06-26,251,4572,4823
5084,2019-06-27,198,4711,4909
5084,2019-06-28,243,5111,5354
5084,2019-06-29,120,4427,4547
5084,2019-06-30,48,4271,4319
5084,2019-07-01,240,4489,4729
5084,2019-07-02,247,4981,5228
5084,2019-07-03,269,4962,5231
5084,2019-07-04,244,4808,5052
5084,2019-07-05,224,4939,5163
5084,2019-07-06,96,3573,3669
5084,2019-07-07,41,2592,2633
5084,2019-07-08,227,4615,4842
5084,2019-07-09,207,5159,5366
5084,2019-07-10,261,4976,5237
5084,2019-07-11,225,4860,5085
5084,2019-07-12,215,5122,5337
5084,2019-07-13,85,3561,3646
5084,2019-07-14,22,3745,3767
5084,2019-07-15,205,4310,4515
5084,2019-07-16,211,4519,4730
5084,2019-07-17,210,4502,4712
5084,2019-07-18,231,4401,4632
5084,2019-07-19,209,4463,4672
5084,2019-07-20,94,3469,3563
5084,2019-07-21,43,2669,2712
5084,2019-07-22,205,4116,4321
5084,2019-07-23,183,4277,4460
5084,2019-07-24,175,4104,4279
5084,2019-07-25,148,4058,4206
5084,2019-07-26,173,3971,4144
5084,2019-07-27,62,2961,3023
5084,2019-07-28,31,2133,2164
5084,2019-07-29,160,3663,3823
5084,2019-07-30,136,3751,3887
5084,2019-07-31,167,3660,3827
5084,2019-08-01,167,3498,3665
5084,2019-08-02,140,3777,3917
5084,2019-08-03,101,2818,2919
5084,2019-08-04,37,2366,2403
5084,2019-08-05,135,3194,3329
5084,2019-08-06,135,3290,3425
5084,2019-08-07,120,3366,3486
5084,2019-08-08,141,3381,3522
5084,2019-08-09,155,3257,3412
5084,2019-08-10,72,2513,2585
5084,2019-08-11,24,1915,1939
5084,2019-08-12,134,3164,3298
5084,2019-08-13,125,3450,3575
5084,2019-08-14,133,3388,3521
5084,2019-08-15,35,1712,1747
5084,2019-08-16,107,3191,3298
5084,2019-08-17,56,2422,2478
5084,2019-08-18,14,1740,1754
5084,2019-08-19,121,3425,3546
5084,2019-08-20,158,3763,3921
5084,2019-08-21,142,3736,3878
5084,2019-08-22,150,3568,3718
5084,2019-08-23,158,4559,4717
5084,2019-08-24,192,7829,8021
5084,2019-08-25,70,5465,5535
5084,2019-08-26,204,3679,3883
5084,2019-08-27,186,3989,4175
5084,2019-08-28,189,4043,4232
5084,2019-08-29,182,4172,4354
5084,2019-08-30,199,4041,4240
5084,2019-08-31,80,3178,3258
5084,2019-09-01,22,2316,2338
5084,2019-09-02,214,3751,3965
5084,2019-09-03,197,4055,4252
5084,2019-09-04,188,4136,4324
5084,2019-09-05,218,4170,4388
5084,2019-09-06,214,4163,4377
5084,2019-09-07,74,3021,3095
5084,2019-09-08,20,2189,2209
5084,2019-09-09,216,4145,4361
5084,2019-09-10,189,4659,4848
5084,2019-09-11,265,4820,5085
5084,2019-09-12,261,4997,5258
5084,2019-09-13,326,4732,5058
5084,2019-09-14,89,3615,3704
5084,2019-09-15,21,2889,2910
5084,2019-09-16,230,4376,4606
5084,2019-09-17,280,4998,5278
5084,2019-09-18,322,4594,4916
5084,2019-09-19,242,4763,5005
5084,2019-09-20,260,4967,5227
5084,2019-09-21,114,5113,5227
5084,2019-09-22,52,3336,3388
5084,2019-09-23,264,4478,4742
5084,2019-09-24,259,4751,5010
5084,2019-09-25,211,4829,5040
5084,2019-09-26,242,5036,5278
5084,2019-09-27,243,4926,5169
5084,2019-09-28,80,3811,3891
5084,2019-09-29,21,2571,2592
5084,2019-09-30,262,4815,5077
5084,2019-10-01,190,4990,5180
5084,2019-10-02,220,4182,4402
5084,2019-10-03,240,5017,5257
5084,2019-10-04,222,4817,5039
5084,2019-10-05,96,4167,4263
5084,2019-10-06,14,2527,2541
5084,2019-10-07,234,4541,4775
5084,2019-10-08,217,4691,4908
5084,2019-10-09,222,4941,5163
5084,2019-10-10,257,4746,5003
5084,2019-10-11,277,4783,5060
5084,2019-10-12,70,3823,3893
5084,2019-10-13,25,2864,2889
5084,2019-10-14,226,4627,4853
5084,2019-10-15,249,4850,5099
5084,2019-10-16,244,4605,4849
5084,2019-10-17,244,5062,5306
5084,2019-10-18,240,5025,5265
5084,2019-10-19,79,3464,3543
5084,2019-10-20,11,2652,2663
5084,2019-10-21,233,4831,5064
5084,2019-10-22,230,5171,5401
5084,2019-10-23,248,5034,5282
5084,2019-10-24,233,5077,5310
5084,2019-10-25,259,4989,5248
5084,2019-10-26,98,3633,3731
5084,2019-10-27,20,2346,2366
5084,2019-10-28,211,4225,4436
5084,2019-10-29,198,4705,4903
5084,2019-10-30,195,4650,4845
5084,2019-11-01,16,2337,2353
5084,2019-11-02,68,3136,3204
5084,2019-11-03,10,2249,2259
5084,2019-11-04,201,4447,4648
5084,2019-11-05,186,4886,5072
5084,2019-11-06,221,4750,4971
5084,2019-11-07,211,4751,4962
5084,2019-11-08,204,4820,5024
5084,2019-11-09,97,4018,4115
5084,2019-11-10,13,2319,2332
5084,2019-11-11,212,4354,4566
5084,2019-11-12,203,4621,4824
5084,2019-11-13,247,4695,4942
5084,2019-11-14,229,4674,4903
5084,2019-11-15,235,4915,5150
5084,2019-11-16,79,3846,3925
5084,2019-11-17,16,2487,2503
5084,2019-11-18,213,4338,4551
5084,2019-11-19,296,5219,5515
5084,2019-11-20,301,5216,5517
5084,2019-11-21,255,4653,4908
5084,2019-11-22,191,4795,4986
5084,2019-11-23,68,3937,4005
5084,2019-11-24,22,2357,2379
5084,2019-11-25,234,4343,4577
5084,2019-11-26,194,4694,4888
5084,2019-11-27,206,4651,4857
5084,2019-11-28,186,4598,4784
5084,2019-11-29,214,5090,5304
5084,2019-11-30,54,3787,3841
5084,2019-12-01,13,2496,2509
5084,2019-12-02,171,4414,4585
5084,2019-12-03,185,4543,4728
5084,2019-12-04,219,4833,5052
5084,2019-12-05,199,4681,4880
5084,2019-12-06,203,4217,4420
5084,2019-12-07,50,3245,3295
5084,2019-12-08,11,2184,2195
5084,2019-12-09,184,4285,4469
5084,2019-12-10,178,4708,4886
5084,2019-12-11,270,4755,5025
5084,2019-12-12,200,4529,4729
5084,2019-12-13,214,4675,4889
5084,2019-12-14,49,3553,3602
5084,2019-12-15,8,2478,2486
5084,2019-12-16,230,4749,4979
5084,2019-12-17,212,5353,5565
5084,2019-12-18,227,4993,5220
5084,2019-12-19,250,4787,5037
5084,2019-12-20,143,4753,4896
5084,2019-12-21,63,3277,3340
5084,2019-12-22,12,2247,2259
5084,2019-12-23,103,3679,3782
5084,2019-12-24,77,2821,2898
5084,2019-12-25,NA,1541,NA
5084,2019-12-26,15,1579,1594
5084,2019-12-27,85,3019,3104
5084,2019-12-28,50,2737,2787
5084,2019-12-29,27,2446,2473
5084,2019-12-30,84,2979,3063
5084,2019-12-31,66,2435,2501
5085,2019-01-01,28,2948,2976
5085,2019-01-02,167,5782,5949
5085,2019-01-03,162,6183,6345
5085,2019-01-05,147,4864,5011
5085,2019-01-06,18,3672,3690
5085,2019-01-07,250,7023,7273
5085,2019-01-08,254,7072,7326
5085,2019-01-09,282,6796,7078
5085,2019-01-10,244,7793,8037
5085,2019-01-11,257,8099,8356
5085,2019-01-12,142,5780,5922
5085,2019-01-13,25,3767,3792
5085,2019-01-14,302,7309,7611
5085,2019-01-15,331,7943,8274
5085,2019-01-16,312,7630,7942
5085,2019-01-17,354,7122,7476
5085,2019-01-19,126,5978,6104
5085,2019-01-20,17,4034,4051
5085,2019-01-21,306,7490,7796
5085,2019-01-22,322,7741,8063
5085,2019-01-23,264,7296,7560
5085,2019-01-24,288,7753,8041
5085,2019-01-25,284,8043,8327
5085,2019-01-26,132,6168,6300
5085,2019-01-27,10,3968,3978
5085,2019-01-28,267,7162,7429
5085,2019-01-29,266,7883,8149
5085,2019-01-30,237,6689,6926
5085,2019-01-31,244,7524,7768
5085,2019-02-02,138,5622,5760
5085,2019-02-03,31,4589,4620
5085,2019-02-04,291,7440,7731
5085,2019-02-05,268,8068,8336
5085,2019-02-06,310,7754,8064
5085,2019-02-07,350,7654,8004
5085,2019-02-08,329,8446,8775
5085,2019-02-09,136,5818,5954
5085,2019-02-10,22,3622,3644
5085,2019-02-11,344,7166,7510
5085,2019-02-12,343,8191,8534
5085,2019-02-13,349,7954,8303
5085,2019-02-14,286,8326,8612
5085,2019-02-16,150,5682,5832
5085,2019-02-17,17,4305,4322
5085,2019-02-18,280,6655,6935
5085,2019-02-19,278,6904,7182
5085,2019-02-20,288,6870,7158
5085,2019-02-21,251,7066,7317
5085,2019-02-22,248,7115,7363
5085,2019-02-23,146,5801,5947
5085,2019-02-24,10,4619,4629
5085,2019-02-25,300,7483,7783
5085,2019-02-26,319,8311,8630
5085,2019-02-27,347,8182,8529
5085,2019-02-28,324,8291,8615
5085,2019-03-02,231,6347,6578
5085,2019-03-03,19,4207,4226
5085,2019-03-04,280,6610,6890
5085,2019-03-05,360,7024,7384
5085,2019-03-06,303,7433,7736
5085,2019-03-07,345,7910,8255
5085,2019-03-08,382,7944,8326
5085,2019-03-09,148,6147,6295
5085,2019-03-10,50,3894,3944
5085,2019-03-11,414,7334,7748
5085,2019-03-12,389,8487,8876
5085,2019-03-13,400,6916,7316
5085,2019-03-14,376,7060,7436
5085,2019-03-16,150,6165,6315
5085,2019-03-17,12,3976,3988
5085,2019-03-18,378,6854,7232
5085,2019-03-19,344,7927,8271
5085,2019-03-20,351,7811,8162
5085,2019-03-21,330,8110,8440
5085,2019-03-22,321,8221,8542
5085,2019-03-23,222,6692,6914
5085,2019-03-24,100,4381,4481
5085,2019-03-25,354,6782,7136
5085,2019-03-26,322,8123,8445
5085,2019-03-27,347,7996,8343
5085,2019-03-28,315,8124,8439
5085,2019-03-30,230,6774,7004
5085,2019-04-01,298,7943,8241
5085,2019-04-02,378,7510,7888
5085,2019-04-03,314,7806,8120
5085,2019-04-04,343,8147,8490
5085,2019-04-05,324,8628,8952
5085,2019-04-07,27,4526,4553
5085,2019-04-08,164,5243,5407
5085,2019-04-09,82,3400,3482
5085,2019-04-10,196,5781,5977
5085,2019-04-11,189,5876,6065
5085,2019-04-12,190,5876,6066
5085,2019-04-13,101,3772,3873
5085,2019-04-14,66,2588,2654
5085,2019-04-15,297,5335,5632
5085,2019-04-16,330,5599,5929
5085,2019-04-17,426,7270,7696
5085,2019-04-18,460,6311,6771
5085,2019-04-19,420,6685,7105
5085,2019-04-21,130,4433,4563
5085,2019-04-22,125,3938,4063
5085,2019-04-23,308,8128,8436
5085,2019-04-24,330,6872,7202
5085,2019-04-25,324,8084,8408
5085,2019-04-26,368,9150,9518
5085,2019-04-27,262,8694,8956
5085,2019-04-28,32,5277,5309
5085,2019-04-29,338,8093,8431
5085,2019-04-30,368,9103,9471
5085,2019-05-01,25,4321,4346
5085,2019-05-02,315,8090,8405
5085,2019-05-03,374,8363,8737
5085,2019-05-05,18,4252,4270
5085,2019-05-06,330,7750,8080
5085,2019-05-07,356,8315,8671
5085,2019-05-08,324,7694,8018
5085,2019-05-09,14,3504,3518
5085,2019-05-10,447,8477,8924
5085,2019-05-11,222,4806,5028
5085,2019-05-12,124,5027,5151
5085,2019-05-13,379,8013,8392
5085,2019-05-14,345,8409,8754
5085,2019-05-15,391,8102,8493
5085,2019-05-16,370,8247,8617
5085,2019-05-17,331,8681,9012
5085,2019-05-19,30,4525,4555
5085,2019-05-20,345,7795,8140
5085,2019-05-21,325,8272,8597
5085,2019-05-22,354,8147,8501
5085,2019-05-23,367,8165,8532
5085,2019-05-24,325,8543,8868
5085,2019-05-25,170,6401,6571
5085,2019-05-26,24,4593,4617
5085,2019-05-27,312,6975,7287
5085,2019-05-28,282,6490,6772
5085,2019-05-29,339,7722,8061
5085,2019-05-30,47,4053,4100
5085,2019-06-01,133,5790,5923
5085,2019-06-02,57,4955,5012
5085,2019-06-03,372,7937,8309
5085,2019-06-04,316,8496,8812
5085,2019-06-05,365,8303,8668
5085,2019-06-06,388,8450,8838
5085,2019-06-07,373,8860,9233
5085,2019-06-08,201,6754,6955
5085,2019-06-09,92,6003,6095
5085,2019-06-10,64,3771,3835
5085,2019-06-11,361,8529,8890
5085,2019-06-12,393,8165,8558
5085,2019-06-13,372,8329,8701
5085,2019-06-14,382,8613,8995
5085,2019-06-15,153,6901,7054
5085,2019-06-16,34,5268,5302
5085,2019-06-17,378,7967,8345
5085,2019-06-18,338,8500,8838
5085,2019-06-19,328,8182,8510
5085,2019-06-20,366,8227,8593
5085,2019-06-21,399,8527,8926
5085,2019-06-22,164,7081,7245
5085,2019-06-23,36,4710,4746
5085,2019-06-24,374,7816,8190
5085,2019-06-25,324,8196,8520
5085,2019-06-26,317,8157,8474
5085,2019-06-27,337,8106,8443
5085,2019-06-28,378,8285,8663
5085,2019-06-29,140,6304,6444
5085,2019-06-30,103,7892,7995
5085,2019-07-01,394,7820,8214
5085,2019-07-02,348,8234,8582
5085,2019-07-03,405,8028,8433
5085,2019-07-04,342,8318,8660
5085,2019-07-05,368,8783,9151
5085,2019-07-06,161,6564,6725
5085,2019-07-07,30,4699,4729
5085,2019-07-08,377,7793,8170
5085,2019-07-09,342,8501,8843
5085,2019-07-10,366,7867,8233
5085,2019-07-11,288,7486,7774
5085,2019-07-12,352,8306,8658
5085,2019-07-13,169,6349,6518
5085,2019-07-14,61,5508,5569
5085,2019-07-15,330,7730,8060
5085,2019-07-16,359,7735,8094
5085,2019-07-17,309,7716,8025
5085,2019-07-18,382,8234,8616
5085,2019-07-19,326,8070,8396
5085,2019-07-20,165,5932,6097
5085,2019-07-21,51,4641,4692
5085,2019-07-22,461,7429,7890
5085,2019-07-23,397,7720,8117
5085,2019-07-24,424,7728,8152
5085,2019-07-25,265,7218,7483
5085,2019-07-26,278,7985,8263
5085,2019-07-27,157,5884,6041
5085,2019-07-28,38,3911,3949
5085,2019-07-29,218,6684,6902
5085,2019-07-30,231,6866,7097
5085,2019-07-31,289,7085,7374
5085,2019-08-01,241,6880,7121
5085,2019-08-02,244,6966,7210
5085,2019-08-03,152,5043,5195
5085,2019-08-04,41,4029,4070
5085,2019-08-05,249,5976,6225
5085,2019-08-06,226,6046,6272
5085,2019-08-07,221,6351,6572
5085,2019-08-08,218,6137,6355
5085,2019-08-09,211,6404,6615
5085,2019-08-10,150,4745,4895
5085,2019-08-11,44,3642,3686
5085,2019-08-12,203,5473,5676
5085,2019-08-13,220,6076,6296
5085,2019-08-14,227,6154,6381
5085,2019-08-15,31,3073,3104
5085,2019-08-16,204,5484,5688
5085,2019-08-17,147,4227,4374
5085,2019-08-18,38,3321,3359
5085,2019-08-19,248,6064,6312
5085,2019-08-20,267,6277,6544
5085,2019-08-21,294,6224,6518
5085,2019-08-22,276,6324,6600
5085,2019-08-23,248,6917,7165
5085,2019-08-24,194,6906,7100
5085,2019-08-25,61,5121,5182
5085,2019-08-26,296,6343,6639
5085,2019-08-27,265,6554,6819
5085,2019-08-28,351,6654,7005
5085,2019-08-29,301,6591,6892
5085,2019-08-30,286,6890,7176
5085,2019-08-31,141,5098,5239
5085,2019-09-01,48,4018,4066
5085,2019-09-02,276,6741,7017
5085,2019-09-03,288,6726,7014
5085,2019-09-04,305,6890,7195
5085,2019-09-05,306,6827,7133
5085,2019-09-06,318,7025,7343
5085,2019-09-07,200,4944,5144
5085,2019-09-08,51,3761,3812
5085,2019-09-09,325,6798,7123
5085,2019-09-10,325,6812,7137
5085,2019-09-11,364,6956,7320
5085,2019-09-12,361,7022,7383
5085,2019-09-13,359,7146,7505
5085,2019-09-14,188,5785,5973
5085,2019-09-15,36,5079,5115
5085,2019-09-16,378,7037,7415
5085,2019-09-17,353,7393,7746
5085,2019-09-18,361,7254,7615
5085,2019-09-19,347,7229,7576
5085,2019-09-20,395,7776,8171
5085,2019-09-21,210,6564,6774
5085,2019-09-22,83,5009,5092
5085,2019-09-23,370,6874,7244
5085,2019-09-24,345,7130,7475
5085,2019-09-25,365,7866,8231
5085,2019-09-26,418,7731,8149
5085,2019-09-27,332,7510,7842
5085,2019-09-28,199,5482,5681
5085,2019-09-29,90,4224,4314
5085,2019-09-30,345,7829,8174
5085,2019-10-01,324,7287,7611
5085,2019-10-02,351,7041,7392
5085,2019-10-03,315,6965,7280
5085,2019-10-04,313,7447,7760
5085,2019-10-05,215,6323,6538
5085,2019-10-06,86,4399,4485
5085,2019-10-07,333,6816,7149
5085,2019-10-08,296,7158,7454
5085,2019-10-09,364,7069,7433
5085,2019-10-10,348,7355,7703
5085,2019-10-11,345,7430,7775
5085,2019-10-12,150,5745,5895
5085,2019-10-13,24,4679,4703
5085,2019-10-14,347,6992,7339
5085,2019-10-15,326,7347,7673
5085,2019-10-16,342,7026,7368
5085,2019-10-17,357,7055,7412
5085,2019-10-18,457,7696,8153
5085,2019-10-19,160,6148,6308
5085,2019-10-20,30,4060,4090
5085,2019-10-21,435,6818,7253
5085,2019-10-22,480,7104,7584
5085,2019-10-23,457,7255,7712
5085,2019-10-24,382,7378,7760
5085,2019-10-25,498,7597,8095
5085,2019-10-26,171,6382,6553
5085,2019-10-27,53,4275,4328
5085,2019-10-28,319,6086,6405
5085,2019-10-29,388,6964,7352
5085,2019-10-30,410,7033,7443
5085,2019-11-01,46,4457,4503
5085,2019-11-02,118,5474,5592
5085,2019-11-03,26,3949,3975
5085,2019-11-04,346,7120,7466
5085,2019-11-05,395,7606,8001
5085,2019-11-06,411,7378,7789
5085,2019-11-07,324,7587,7911
5085,2019-11-08,367,8002,8369
5085,2019-11-09,183,6331,6514
5085,2019-11-10,23,4134,4157
5085,2019-11-11,343,7172,7515
5085,2019-11-12,301,7576,7877
5085,2019-11-13,390,7314,7704
5085,2019-11-14,420,7686,8106
5085,2019-11-15,405,7978,8383
5085,2019-11-16,174,6336,6510
5085,2019-11-17,26,4194,4220
5085,2019-11-18,288,6517,6805
5085,2019-11-19,242,5989,6231
5085,2019-11-20,300,6452,6752
5085,2019-11-21,373,7309,7682
5085,2019-11-22,353,7812,8165
5085,2019-11-23,168,6051,6219
5085,2019-11-24,19,4332,4351
5085,2019-11-25,397,7057,7454
5085,2019-11-26,395,7356,7751
5085,2019-11-27,389,7401,7790
5085,2019-11-28,444,7919,8363
5085,2019-11-29,479,8272,8751
5085,2019-11-30,261,8990,9251
5085,2019-12-01,42,5928,5970
5085,2019-12-02,445,7188,7633
5085,2019-12-03,434,7596,8030
5085,2019-12-04,460,7240,7700
5085,2019-12-05,421,7697,8118
5085,2019-12-06,389,7740,8129
5085,2019-12-07,166,5864,6030
5085,2019-12-08,25,3738,3763
5085,2019-12-09,407,7171,7578
5085,2019-12-10,421,7785,8206
5085,2019-12-11,426,7834,8260
5085,2019-12-12,385,7848,8233
5085,2019-12-13,415,8030,8445
5085,2019-12-14,156,6276,6432
5085,2019-12-15,16,4220,4236
5085,2019-12-16,392,8361,8753
5085,2019-12-17,444,8491,8935
5085,2019-12-18,386,7974,8360
5085,2019-12-19,356,7948,8304
5085,2019-12-20,279,8132,8411
5085,2019-12-21,146,5808,5954
5085,2019-12-22,17,3812,3829
5085,2019-12-23,176,7218,7394
5085,2019-12-24,153,5774,5927
5085,2019-12-25,10,3195,3205
5085,2019-12-26,15,2879,2894
5085,2019-12-27,181,5689,5870
5085,2019-12-28,151,4712,4863
5085,2019-12-29,27,3752,3779
5085,2019-12-30,191,5861,6052
5085,2019-12-31,166,5223,5389
5086,2019-01-01,13,4520,4533
5086,2019-01-02,148,8974,9122
5086,2019-01-03,186,9682,9868
5086,2019-01-04,171,10097,10268
5086,2019-01-06,21,5688,5709
5086,2019-01-07,236,11625,11861
5086,2019-01-08,268,12300,12568
5086,2019-01-09,295,11770,12065
5086,2019-01-10,301,12601,12902
5086,2019-01-11,295,12651,12946
5086,2019-01-12,141,8513,8654
5086,2019-01-13,8,6196,6204
5086,2019-01-14,327,12751,13078
5086,2019-01-15,413,13145,13558
5086,2019-01-16,396,13060,13456
5086,2019-01-17,416,13408,13824
5086,2019-01-18,361,13345,13706
5086,2019-01-20,22,6076,6098
5086,2019-01-21,419,12840,13259
5086,2019-01-22,426,12898,13324
5086,2019-01-23,328,11824,12152
5086,2019-01-24,340,12756,13096
5086,2019-01-25,316,12837,13153
5086,2019-01-26,109,8981,9090
5086,2019-01-27,18,6022,6040
5086,2019-01-28,310,12025,12335
5086,2019-01-29,346,12897,13243
5086,2019-01-30,229,10267,10496
5086,2019-01-31,270,12393,12663
5086,2019-02-01,261,12641,12902
5086,2019-02-03,18,6247,6265
5086,2019-02-04,350,12571,12921
5086,2019-02-05,377,13392,13769
5086,2019-02-06,384,13028,13412
5086,2019-02-07,366,13561,13927
5086,2019-02-08,385,13843,14228
5086,2019-02-09,128,8882,9010
5086,2019-02-10,20,5850,5870
5086,2019-02-11,460,12940,13400
5086,2019-02-12,434,13627,14061
5086,2019-02-13,491,13357,13848
5086,2019-02-14,406,13947,14353
5086,2019-02-15,355,13871,14226
5086,2019-03-03,32,6423,6455
5086,2019-03-04,448,13234,13682
5086,2019-03-05,424,14782,15206
5086,2019-03-06,426,14171,14597
5086,2019-03-07,448,13722,14170
5086,2019-03-08,488,14066,14554
5086,2019-03-09,137,9562,9699
5086,2019-03-10,26,6308,6334
5086,2019-03-11,494,13550,14044
5086,2019-03-12,474,13713,14187
5086,2019-03-13,482,13184,13666
5086,2019-03-14,426,13796,14222
5086,2019-03-15,384,14460,14844
5086,2019-03-17,130,6861,6991
5086,2019-03-18,501,13224,13725
5086,2019-03-19,484,14135,14619
5086,2019-03-20,466,13272,13738
5086,2019-03-21,463,14417,14880
5086,2019-03-22,403,14795,15198
5086,2019-03-23,165,10332,10497
5086,2019-03-24,41,7016,7057
5086,2019-03-25,456,13441,13897
5086,2019-03-26,437,14078,14515
5086,2019-03-27,443,13988,14431
5086,2019-03-28,440,14461,14901
5086,2019-03-29,437,14992,15429
5086,2019-04-01,436,13949,14385
5086,2019-04-02,484,14038,14522
5086,2019-04-03,413,13780,14193
5086,2019-04-04,470,14669,15139
5086,2019-04-05,457,14987,15444
5086,2019-04-07,32,6423,6455
5086,2019-04-08,406,11936,12342
5086,2019-04-09,446,12406,12852
5086,2019-04-10,445,12395,12840
5086,2019-04-11,427,12661,13088
5086,2019-04-12,382,12764,13146
5086,2019-04-13,45,1417,1462
5086,2019-04-14,18,1423,1441
5086,2019-04-15,373,11648,12021
5086,2019-04-16,435,12151,12586
5086,2019-04-17,447,12568,13015
5086,2019-04-18,445,12695,13140
5086,2019-04-19,394,12543,12937
5086,2019-04-21,33,6742,6775
5086,2019-04-22,40,6339,6379
5086,2019-04-23,427,14620,15047
5086,2019-04-24,544,13758,14302
5086,2019-04-25,473,14770,15243
5086,2019-04-26,521,15644,16165
5086,2019-04-27,208,11184,11392
5086,2019-04-28,43,7210,7253
5086,2019-04-29,511,14196,14707
5086,2019-04-30,491,15409,15900
5086,2019-05-01,28,6581,6609
5086,2019-05-02,520,14327,14847
5086,2019-05-03,445,14324,14769
5086,2019-05-05,36,6738,6774
5086,2019-05-06,409,13575,13984
5086,2019-05-07,475,14117,14592
5086,2019-05-08,462,14200,14662
5086,2019-05-09,52,6028,6080
5086,2019-05-10,414,13362,13776
5086,2019-05-11,140,8756,8896
5086,2019-05-12,69,6815,6884
5086,2019-05-13,452,13084,13536
5086,2019-05-14,417,14372,14789
5086,2019-05-15,499,13672,14171
5086,2019-05-16,460,14035,14495
5086,2019-05-17,441,14461,14902
5086,2019-05-19,42,6556,6598
5086,2019-05-20,445,13168,13613
5086,2019-05-21,409,13778,14187
5086,2019-05-22,489,13617,14106
5086,2019-05-23,555,14078,14633
5086,2019-05-24,482,14268,14750
5086,2019-06-01,151,8903,9054
5086,2019-06-02,77,6871,6948
5086,2019-06-03,715,13011,13726
5086,2019-06-04,754,13710,14464
5086,2019-06-05,827,13535,14362
5086,2019-06-06,786,13913,14699
5086,2019-06-07,797,14582,15379
5086,2019-06-08,206,9649,9855
5086,2019-06-09,76,8146,8222
5086,2019-06-10,75,5553,5628
5086,2019-06-11,753,13647,14400
5086,2019-06-12,807,12945,13752
5086,2019-06-13,815,13729,14544
5086,2019-06-14,711,14166,14877
5086,2019-06-15,243,10599,10842
5086,2019-06-16,93,7718,7811
5086,2019-06-17,814,13028,13842
5086,2019-06-18,719,14001,14720
5086,2019-06-19,801,13435,14236
5086,2019-06-20,808,13832,14640
5086,2019-06-21,770,13665,14435
5086,2019-06-22,197,9927,10124
5086,2019-06-23,51,6528,6579
5086,2019-06-24,770,13173,13943
5086,2019-06-25,730,13643,14373
5086,2019-06-26,760,13265,14025
5086,2019-06-27,763,13622,14385
5086,2019-06-28,847,14088,14935
5086,2019-06-29,217,9743,9960
5086,2019-06-30,108,9252,9360
5086,2019-07-01,825,13232,14057
5086,2019-07-02,775,13669,14444
5086,2019-07-03,830,13331,14161
5086,2019-07-04,846,14220,15066
5086,2019-07-05,827,14139,14966
5086,2019-07-06,223,9983,10206
5086,2019-07-07,63,7574,7637
5086,2019-07-08,905,12953,13858
5086,2019-07-09,777,13766,14543
5086,2019-07-10,802,13108,13910
5086,2019-07-11,740,12987,13727
5086,2019-07-12,709,13958,14667
5086,2019-07-13,212,9643,9855
5086,2019-07-14,79,7940,8019
5086,2019-07-15,4,85,89
5086,2019-07-16,290,8088,8378
5086,2019-07-17,557,12823,13380
5086,2019-07-18,574,12974,13548
5086,2019-07-19,638,13202,13840
5086,2019-07-20,146,8986,9132
5086,2019-07-21,20,6619,6639
5086,2019-07-22,670,11936,12606
5086,2019-07-23,591,12384,12975
5086,2019-07-24,540,12214,12754
5086,2019-07-25,419,11730,12149
5086,2019-07-26,323,12090,12413
5086,2019-07-27,141,8253,8394
5086,2019-07-28,41,5814,5855
5086,2019-07-29,247,10751,10998
5086,2019-07-30,236,11009,11245
5086,2019-07-31,280,11135,11415
5086,2019-08-01,250,11202,11452
5086,2019-08-02,249,11252,11501
5086,2019-08-03,122,7880,8002
5086,2019-08-04,49,6254,6303
5086,2019-08-05,245,10022,10267
5086,2019-08-06,211,10418,10629
5086,2019-08-07,215,10246,10461
5086,2019-08-08,236,10607,10843
5086,2019-08-09,232,10564,10796
5086,2019-08-10,125,7364,7489
5086,2019-08-11,30,5442,5472
5086,2019-08-12,226,9495,9721
5086,2019-08-13,201,9937,10138
5086,2019-08-14,253,10171,10424
5086,2019-08-15,44,5156,5200
5086,2019-08-16,225,9141,9366
5086,2019-08-17,111,6854,6965
5086,2019-08-18,35,4823,4858
5086,2019-08-19,394,10274,10668
5086,2019-08-20,385,10834,11219
5086,2019-08-21,418,10562,10980
5086,2019-08-22,389,10704,11093
5086,2019-08-23,387,10654,11041
5086,2019-08-24,119,7105,7224
5086,2019-08-25,31,5125,5156
5086,2019-08-26,413,10388,10801
5086,2019-08-27,550,10509,11059
5086,2019-08-28,740,10660,11400
5086,2019-08-29,639,10888,11527
5086,2019-08-30,652,11073,11725
5086,2019-08-31,137,7795,7932
5086,2019-09-01,56,6156,6212
5086,2019-09-02,572,10647,11219
5086,2019-09-03,613,11161,11774
5086,2019-09-04,652,11120,11772
5086,2019-09-05,720,11237,11957
5086,2019-09-06,653,11626,12279
5086,2019-09-07,189,7994,8183
5086,2019-09-08,42,5574,5616
5086,2019-09-09,649,11711,12360
5086,2019-09-10,623,11788,12411
5086,2019-09-11,589,11486,12075
5086,2019-09-12,607,11956,12563
5086,2019-09-13,648,11964,12612
5086,2019-09-14,204,9565,9769
5086,2019-09-15,51,8106,8157
5086,2019-09-16,714,12823,13537
5086,2019-09-17,744,13175,13919
5086,2019-09-18,791,12851,13642
5086,2019-09-19,734,13346,14080
5086,2019-09-20,699,13368,14067
5086,2019-09-21,191,9206,9397
5086,2019-09-22,73,6794,6867
5086,2019-09-23,634,12647,13281
5086,2019-09-24,726,13269,13995
5086,2019-09-25,717,13170,13887
5086,2019-09-26,723,13500,14223
5086,2019-09-27,591,13472,14063
5086,2019-09-28,190,9355,9545
5086,2019-09-29,51,6372,6423
5086,2019-09-30,645,13520,14165
5086,2019-10-01,650,13369,14019
5086,2019-10-02,773,12934,13707
5086,2019-10-03,709,13501,14210
5086,2019-10-04,672,13898,14570
5086,2019-10-05,182,9783,9965
5086,2019-10-06,48,6451,6499
5086,2019-10-07,770,12869,13639
5086,2019-10-08,768,13090,13858
5086,2019-10-09,723,12756,13479
5086,2019-10-10,854,13046,13900
5086,2019-10-11,817,13127,13944
5086,2019-10-12,175,9559,9734
5086,2019-10-13,41,6752,6793
5086,2019-10-14,762,12273,13035
5086,2019-10-15,715,12693,13408
5086,2019-10-16,810,12470,13280
5086,2019-10-17,787,13127,13914
5086,2019-10-18,886,13378,14264
5086,2019-10-19,162,9500,9662
5086,2019-10-20,26,6131,6157
5086,2019-10-21,821,12190,13011
5086,2019-10-22,764,13231,13995
5086,2019-10-23,849,13046,13895
5086,2019-10-24,739,14062,14801
5086,2019-10-25,782,14041,14823
5086,2019-10-26,223,9734,9957
5086,2019-10-27,34,6740,6774
5086,2019-10-28,751,12103,12854
5086,2019-10-29,757,12948,13705
5086,2019-10-30,752,12696,13448
5086,2019-11-01,38,6487,6525
5086,2019-11-02,125,8472,8597
5086,2019-11-03,31,6155,6186
5086,2019-11-04,819,12992,13811
5086,2019-11-05,794,13773,14567
5086,2019-11-06,771,13370,14141
5086,2019-11-07,785,14060,14845
5086,2019-11-08,795,14269,15064
5086,2019-11-09,228,9823,10051
5086,2019-11-10,45,6597,6642
5086,2019-11-11,613,13095,13708
5086,2019-11-12,686,13914,14600
5086,2019-11-13,760,13261,14021
5086,2019-11-14,735,13953,14688
5086,2019-11-15,732,14101,14833
5086,2019-11-16,202,10167,10369
5086,2019-11-17,51,6398,6449
5086,2019-11-18,688,12993,13681
5086,2019-11-19,267,8545,8812
5086,2019-11-20,264,8461,8725
5086,2019-11-21,713,12653,13366
5086,2019-11-22,673,13507,14180
5086,2019-11-23,217,9882,10099
5086,2019-11-24,35,6884,6919
5086,2019-11-25,1151,12934,14085
5086,2019-11-26,1250,13449,14699
5086,2019-11-27,1287,13457,14744
5086,2019-11-28,1343,14220,15563
5086,2019-11-29,1325,14271,15596
5086,2019-11-30,210,11695,11905
5086,2019-12-01,47,7380,7427
5086,2019-12-02,1280,13213,14493
5086,2019-12-03,1416,13716,15132
5086,2019-12-04,1548,13316,14864
5086,2019-12-05,1497,13803,15300
5086,2019-12-06,1213,13515,14728
5086,2019-12-07,172,9299,9471
5086,2019-12-08,42,6205,6247
5086,2019-12-09,1512,13078,14590
5086,2019-12-10,1597,13717,15314
5086,2019-12-11,1292,13075,14367
5086,2019-12-12,1593,13952,15545
5086,2019-12-13,1394,13936,15330
5086,2019-12-14,248,9696,9944
5086,2019-12-15,34,6631,6665
5086,2019-12-16,1470,13642,15112
5086,2019-12-17,1638,13912,15550
5086,2019-12-18,1446,13674,15120
5086,2019-12-19,1215,13926,15141
5086,2019-12-20,609,13738,14347
5086,2019-12-21,218,9044,9262
5086,2019-12-22,49,6209,6258
5086,2019-12-23,262,10783,11045
5086,2019-12-24,183,8871,9054
5086,2019-12-25,21,5363,5384
5086,2019-12-26,37,4799,4836
5086,2019-12-27,268,8930,9198
5086,2019-12-28,180,7634,7814
5086,2019-12-29,54,5607,5661
5086,2019-12-30,266,9186,9452
5086,2019-12-31,237,8216,8453
5088,2019-01-01,24,1345,1369
5088,2019-01-02,123,2687,2810
5088,2019-01-04,130,2989,3119
5088,2019-01-05,100,2443,2543
5088,2019-01-06,16,1818,1834
5088,2019-01-07,144,3197,3341
5088,2019-01-08,164,3485,3649
5088,2019-01-09,155,3484,3639
5088,2019-01-10,164,3697,3861
5088,2019-01-11,157,3535,3692
5088,2019-01-12,95,2795,2890
5088,2019-01-13,25,1965,1990
5088,2019-01-14,208,3586,3794
5088,2019-01-15,213,3850,4063
5088,2019-01-16,217,3823,4040
5088,2019-01-18,283,3917,4200
5088,2019-01-19,94,2923,3017
5088,2019-01-20,19,2335,2354
5088,2019-01-21,299,3654,3953
5088,2019-01-22,339,3529,3868
5088,2019-01-23,256,3441,3697
5088,2019-01-24,297,3622,3919
5088,2019-01-25,277,3753,4030
5088,2019-01-26,87,2815,2902
5088,2019-01-27,16,1985,2001
5088,2019-01-28,272,3510,3782
5088,2019-01-29,334,3714,4048
5088,2019-01-30,155,3093,3248
5088,2019-02-01,4,349,353
5088,2019-02-02,2,243,245
5088,2019-02-03,13,1320,1333
5088,2019-02-04,177,2825,3002
5088,2019-02-05,192,3502,3694
5088,2019-02-06,308,3607,3915
5088,2019-02-07,246,3628,3874
5088,2019-02-08,227,3817,4044
5088,2019-02-09,102,2942,3044
5088,2019-02-10,12,1554,1566
5088,2019-02-11,203,3518,3721
5088,2019-02-12,226,3696,3922
5088,2019-02-13,200,3779,3979
5088,2019-02-15,198,3900,4098
5088,2019-02-16,121,2903,3024
5088,2019-02-17,24,2549,2573
5088,2019-02-18,196,3530,3726
5088,2019-02-19,201,3401,3602
5088,2019-02-20,181,3599,3780
5088,2019-02-21,200,3507,3707
5088,2019-02-22,205,3658,3863
5088,2019-02-23,139,3065,3204
5088,2019-02-24,15,2903,2918
5088,2019-02-25,202,3795,3997
5088,2019-02-26,244,3935,4179
5088,2019-02-27,213,4142,4355
5088,2019-03-01,235,3931,4166
5088,2019-03-02,99,3113,3212
5088,2019-03-03,18,2381,2399
5088,2019-03-04,134,2408,2542
5088,2019-03-05,213,3498,3711
5088,2019-03-06,189,3804,3993
5088,2019-03-07,192,3718,3910
5088,2019-03-08,201,4190,4391
5088,2019-03-09,101,3139,3240
5088,2019-03-10,16,1928,1944
5088,2019-03-11,180,3554,3734
5088,2019-03-12,219,3982,4201
5088,2019-03-13,218,3836,4054
5088,2019-03-15,174,3836,4010
5088,2019-03-16,122,3189,3311
5088,2019-03-17,22,2370,2392
5088,2019-03-18,212,3655,3867
5088,2019-03-19,208,4090,4298
5088,2019-03-20,197,4034,4231
5088,2019-03-21,210,4368,4578
5088,2019-03-22,216,4339,4555
5088,2019-03-23,111,3613,3724
5088,2019-03-24,27,2899,2926
5088,2019-03-25,192,3908,4100
5088,2019-03-26,194,4144,4338
5088,2019-03-27,199,4203,4402
5088,2019-03-29,214,4532,4746
5088,2019-03-30,108,3938,4046
5088,2019-04-01,196,4142,4338
5088,2019-04-02,251,4024,4275
5088,2019-04-03,218,4127,4345
5088,2019-04-05,211,4358,4569
5088,2019-04-06,118,3376,3494
5088,2019-04-07,25,2710,2735
5088,2019-04-08,164,2795,2959
5088,2019-04-09,200,3382,3582
5088,2019-04-10,199,3747,3946
5088,2019-04-11,207,3913,4120
5088,2019-04-12,203,3939,4142
5088,2019-04-13,136,3072,3208
5088,2019-04-14,28,2241,2269
5088,2019-04-15,194,3795,3989
5088,2019-04-16,208,3578,3786
5088,2019-04-17,181,3484,3665
5088,2019-04-19,198,4461,4659
5088,2019-04-20,99,3838,3937
5088,2019-04-21,19,3433,3452
5088,2019-04-22,31,3290,3321
5088,2019-04-23,234,4417,4651
5088,2019-04-24,196,4232,4428
5088,2019-04-25,205,4238,4443
5088,2019-04-26,198,4583,4781
5088,2019-04-27,105,3664,3769
5088,2019-04-28,25,2635,2660
5088,2019-04-29,217,4126,4343
5088,2019-04-30,230,4642,4872
5088,2019-05-01,28,3791,3819
5088,2019-05-03,215,4369,4584
5088,2019-05-04,104,3606,3710
5088,2019-05-05,16,2912,2928
5088,2019-05-06,241,4160,4401
5088,2019-05-07,245,4526,4771
5088,2019-05-08,219,4421,4640
5088,2019-05-09,30,2268,2298
5088,2019-05-10,198,4396,4594
5088,2019-05-11,102,2804,2906
5088,2019-05-12,25,3324,3349
5088,2019-05-13,268,4284,4552
5088,2019-05-14,246,4540,4786
5088,2019-05-15,258,4709,4967
5088,2019-05-17,231,4735,4966
5088,2019-05-18,128,3872,4000
5088,2019-05-19,25,2991,3016
5088,2019-05-20,203,4213,4416
5088,2019-05-21,231,4490,4721
5088,2019-05-22,251,4793,5044
5088,2019-05-23,236,4561,4797
5088,2019-05-24,232,4596,4828
5088,2019-05-25,121,3794,3915
5088,2019-05-26,28,3309,3337
5088,2019-05-27,222,3718,3940
5088,2019-05-28,218,3877,4095
5088,2019-05-29,76,1454,1530
5088,2019-05-31,167,4304,4471
5088,2019-06-01,130,4082,4212
5088,2019-06-02,40,3759,3799
5088,2019-06-03,249,4382,4631
5088,2019-06-04,256,4619,4875
5088,2019-06-05,282,4580,4862
5088,2019-06-06,271,4686,4957
5088,2019-06-07,291,4595,4886
5088,2019-06-08,143,3804,3947
5088,2019-06-09,27,3562,3589
5088,2019-06-10,35,2921,2956
5088,2019-06-11,234,3560,3794
5088,2019-06-12,208,3272,3480
5088,2019-06-14,283,4389,4672
5088,2019-06-15,151,3674,3825
5088,2019-06-16,35,3495,3530
5088,2019-06-17,224,4276,4500
5088,2019-06-18,235,4752,4987
5088,2019-06-19,257,4255,4512
5088,2019-06-21,220,4683,4903
5088,2019-06-22,130,3941,4071
5088,2019-06-23,31,3328,3359
5088,2019-06-24,223,4191,4414
5088,2019-06-25,213,4548,4761
5088,2019-06-27,35,962,997
5088,2019-06-28,266,4790,5056
5088,2019-06-29,145,4194,4339
5088,2019-06-30,37,3631,3668
5088,2019-07-01,2,53,55
5088,2019-07-11,NA,3,NA
5088,2019-07-16,207,3482,3689
5088,2019-07-17,358,4520,4878
5088,2019-07-18,307,4342,4649
5088,2019-07-19,242,4425,4667
5088,2019-07-20,137,3508,3645
5088,2019-07-21,55,3420,3475
5088,2019-07-22,310,4129,4439
5088,2019-07-23,293,4435,4728
5088,2019-07-24,273,4478,4751
5088,2019-07-25,255,4041,4296
5088,2019-07-26,247,3963,4210
5088,2019-07-27,152,3298,3450
5088,2019-07-28,52,2580,2632
5088,2019-07-29,187,3813,4000
5088,2019-07-30,206,4020,4226
5088,2019-07-31,199,4155,4354
5088,2019-08-01,207,4162,4369
5088,2019-08-02,204,4020,4224
5088,2019-08-03,151,3567,3718
5088,2019-08-04,63,3234,3297
5088,2019-08-05,175,3540,3715
5088,2019-08-06,203,3715,3918
5088,2019-08-07,155,3987,4142
5088,2019-08-08,180,3975,4155
5088,2019-08-09,191,3593,3784
5088,2019-08-10,139,3018,3157
5088,2019-08-11,48,3067,3115
5088,2019-08-12,185,3299,3484
5088,2019-08-13,196,3884,4080
5088,2019-08-14,179,3968,4147
5088,2019-08-15,38,2446,2484
5088,2019-08-16,185,3734,3919
5088,2019-08-17,94,2651,2745
5088,2019-08-18,36,2267,2303
5088,2019-08-19,196,3097,3293
5088,2019-08-20,235,2923,3158
5088,2019-08-21,217,3056,3273
5088,2019-08-22,257,3166,3423
5088,2019-08-23,226,3206,3432
5088,2019-08-24,147,3006,3153
5088,2019-08-25,43,3030,3073
5088,2019-08-26,228,2958,3186
5088,2019-08-27,241,3250,3491
5088,2019-08-28,289,3214,3503
5088,2019-08-29,261,3289,3550
5088,2019-08-30,236,3468,3704
5088,2019-08-31,136,3154,3290
5088,2019-09-01,47,2549,2596
5088,2019-09-02,241,2839,3080
5088,2019-09-03,261,2976,3237
5088,2019-09-04,260,3032,3292
5088,2019-09-05,256,3098,3354
5088,2019-09-06,227,3204,3431
5088,2019-09-07,119,2732,2851
5088,2019-09-08,33,2246,2279
5088,2019-09-09,215,2994,3209
5088,2019-09-10,286,3285,3571
5088,2019-09-11,242,3322,3564
5088,2019-09-12,253,3173,3426
5088,2019-09-13,239,3364,3603
5088,2019-09-14,150,3498,3648
5088,2019-09-15,28,3170,3198
5088,2019-09-16,238,3008,3246
5088,2019-09-17,275,3319,3594
5088,2019-09-18,227,3398,3625
5088,2019-09-19,260,3390,3650
5088,2019-09-20,220,3550,3770
5088,2019-09-21,145,3515,3660
5088,2019-09-22,38,3272,3310
5088,2019-09-23,217,3018,3235
5088,2019-09-24,261,3246,3507
5088,2019-09-25,210,3171,3381
5088,2019-09-26,203,3071,3274
5088,2019-09-27,188,3300,3488
5088,2019-09-28,129,3101,3230
5088,2019-09-29,18,2100,2118
5088,2019-09-30,244,3153,3397
5088,2019-10-01,238,3405,3643
5088,2019-10-02,252,3533,3785
5088,2019-10-03,266,3748,4014
5088,2019-10-04,202,3673,3875
5088,2019-10-05,129,3377,3506
5088,2019-10-06,17,2305,2322
5088,2019-10-07,216,3293,3509
5088,2019-10-08,211,3294,3505
5088,2019-10-09,178,3258,3436
5088,2019-10-10,229,3599,3828
5088,2019-10-11,239,3724,3963
5088,2019-10-12,118,3378,3496
5088,2019-10-13,30,3221,3251
5088,2019-10-14,233,3510,3743
5088,2019-10-15,217,3486,3703
5088,2019-10-16,228,3455,3683
5088,2019-10-17,217,3661,3878
5088,2019-10-18,249,3567,3816
5088,2019-10-19,100,2979,3079
5088,2019-10-20,22,2152,2174
5088,2019-10-21,253,3111,3364
5088,2019-10-22,266,3537,3803
5088,2019-10-23,272,3580,3852
5088,2019-10-24,251,3695,3946
5088,2019-10-25,264,3763,4027
5088,2019-10-26,136,3236,3372
5088,2019-10-27,28,2202,2230
5088,2019-10-28,239,3406,3645
5088,2019-10-29,292,3528,3820
5088,2019-10-30,257,3502,3759
5088,2019-11-01,31,2083,2114
5088,2019-11-02,90,2797,2887
5088,2019-11-03,18,1859,1877
5088,2019-11-04,207,3300,3507
5088,2019-11-05,251,3418,3669
5088,2019-11-06,232,3599,3831
5088,2019-11-07,233,3567,3800
5088,2019-11-08,211,3660,3871
5088,2019-11-09,105,2862,2967
5088,2019-11-10,19,2574,2593
5088,2019-11-11,218,3344,3562
5088,2019-11-12,240,3341,3581
5088,2019-11-13,228,3295,3523
5088,2019-11-14,238,3466,3704
5088,2019-11-15,236,3859,4095
5088,2019-11-16,143,3433,3576
5088,2019-11-17,23,2377,2400
5088,2019-11-18,176,3688,3864
5088,2019-11-19,236,4098,4334
5088,2019-11-20,248,4080,4328
5088,2019-11-21,233,4279,4512
5088,2019-11-22,242,4382,4624
5088,2019-11-23,123,3486,3609
5088,2019-11-24,19,2971,2990
5088,2019-11-25,281,4052,4333
5088,2019-11-26,221,4102,4323
5088,2019-11-27,178,4086,4264
5088,2019-11-28,237,4167,4404
5088,2019-11-29,230,4341,4571
5088,2019-11-30,127,3427,3554
5088,2019-12-01,19,2248,2267
5088,2019-12-02,220,3774,3994
5088,2019-12-03,246,3836,4082
5088,2019-12-04,239,3920,4159
5088,2019-12-05,222,3799,4021
5088,2019-12-06,184,3656,3840
5088,2019-12-07,112,3250,3362
5088,2019-12-08,18,2396,2414
5088,2019-12-09,213,3449,3662
5088,2019-12-10,240,3883,4123
5088,2019-12-11,197,3927,4124
5088,2019-12-12,228,3973,4201
5088,2019-12-13,201,3893,4094
5088,2019-12-14,115,3170,3285
5088,2019-12-15,20,2239,2259
5088,2019-12-16,207,3746,3953
5088,2019-12-17,263,3968,4231
5088,2019-12-18,222,3982,4204
5088,2019-12-19,245,4116,4361
5088,2019-12-20,186,3676,3862
5088,2019-12-21,110,2647,2757
5088,2019-12-22,17,1996,2013
5088,2019-12-23,131,3242,3373
5088,2019-12-24,123,2513,2636
5088,2019-12-25,15,1815,1830
5088,2019-12-26,15,1756,1771
5088,2019-12-27,137,2689,2826
5088,2019-12-28,108,2443,2551
5088,2019-12-29,22,1903,1925
5088,2019-12-30,121,2885,3006
5088,2019-12-31,129,2501,2630
5092,2019-01-01,45,12385,12430
5092,2019-01-02,846,22387,23233
5092,2019-01-04,597,14865,15462
5092,2019-01-05,330,10519,10849
5092,2019-01-06,118,8524,8642
5092,2019-01-07,788,17305,18093
5092,2019-01-08,813,18027,18840
5092,2019-01-09,784,18432,19216
5092,2019-01-10,828,19022,19850
5092,2019-01-11,891,19272,20163
5092,2019-01-12,196,11995,12191
5092,2019-01-13,65,8817,8882
5092,2019-01-14,987,19364,20351
5092,2019-01-15,1134,19879,21013
5092,2019-01-16,939,15500,16439
5092,2019-01-18,1868,33205,35073
5092,2019-01-19,398,22936,23334
5092,2019-01-20,130,17951,18081
5092,2019-01-21,1970,31323,33293
5092,2019-01-22,2027,31199,33226
5092,2019-01-23,1837,29583,31420
5092,2019-01-24,1889,27578,29467
5092,2019-01-25,1848,31778,33626
5092,2019-01-26,355,22273,22628
5092,2019-01-27,123,17119,17242
5092,2019-01-28,1642,29419,31061
5092,2019-01-29,1891,30932,32823
5092,2019-01-30,1567,22976,24543
5092,2019-02-01,1538,30581,32119
5092,2019-02-02,368,21818,22186
5092,2019-02-03,120,17965,18085
5092,2019-02-04,1781,30697,32478
5092,2019-02-05,1989,31928,33917
5092,2019-02-06,1964,31937,33901
5092,2019-02-07,1922,32535,34457
5092,2019-02-08,1881,33078,34959
5092,2019-02-09,422,22591,23013
5092,2019-02-10,122,15977,16099
5092,2019-02-11,2002,31039,33041
5092,2019-02-12,2083,32314,34397
5092,2019-02-13,2005,32189,34194
5092,2019-02-14,1906,32902,34808
5092,2019-02-15,1988,33112,35100
5092,2019-02-16,417,21500,21917
5092,2019-02-17,111,16952,17063
5092,2019-02-18,1988,28505,30493
5092,2019-02-19,2081,29304,31385
5092,2019-02-20,2081,29140,31221
5092,2019-02-22,1967,29853,31820
5092,2019-02-23,439,21949,22388
5092,2019-02-24,139,17715,17854
5092,2019-02-25,2131,31437,33568
5092,2019-02-26,2215,33227,35442
5092,2019-02-27,2299,33140,35439
5092,2019-02-28,2206,33665,35871
5092,2019-03-01,2138,33519,35657
5092,2019-03-02,522,23426,23948
5092,2019-03-03,154,19048,19202
5092,2019-03-04,1746,28778,30524
5092,2019-03-05,1998,31067,33065
5092,2019-03-06,2163,32182,34345
5092,2019-03-08,2135,33493,35628
5092,2019-03-09,469,23265,23734
5092,2019-03-10,173,17816,17989
5092,2019-03-11,2367,30528,32895
5092,2019-03-12,1999,26706,28705
5092,2019-03-13,2347,28766,31113
5092,2019-03-14,2080,31470,33550
5092,2019-03-15,1985,32786,34771
5092,2019-03-16,454,24399,24853
5092,2019-03-17,151,18931,19082
5092,2019-03-18,2165,31669,33834
5092,2019-03-19,2345,32840,35185
5092,2019-03-20,2337,32457,34794
5092,2019-03-22,2424,34777,37201
5092,2019-03-23,585,25410,25995
5092,2019-03-24,236,20665,20901
5092,2019-03-25,2279,31999,34278
5092,2019-03-26,2457,33323,35780
5092,2019-03-27,2398,33247,35645
5092,2019-03-28,2390,34469,36859
5092,2019-03-29,2328,34869,37197
5092,2019-03-30,625,24970,25595
5092,2019-04-01,2163,26519,28682
5092,2019-04-02,2502,34020,36522
5092,2019-04-03,2411,33920,36331
5092,2019-04-05,2228,30094,32322
5092,2019-04-06,583,23970,24553
5092,2019-04-07,197,18911,19108
5092,2019-04-08,2235,29748,31983
5092,2019-04-09,2288,29952,32240
5092,2019-04-10,2243,30375,32618
5092,2019-04-11,2548,30652,33200
5092,2019-04-12,2196,32638,34834
5092,2019-04-13,603,20687,21290
5092,2019-04-14,247,16589,16836
5092,2019-04-15,2555,31807,34362
5092,2019-04-16,2714,31700,34414
5092,2019-04-17,2569,31461,34030
5092,2019-04-19,2072,33714,35786
5092,2019-04-20,542,23464,24006
5092,2019-04-21,211,20788,20999
5092,2019-04-22,242,18348,18590
5092,2019-04-23,2252,34258,36510
5092,2019-04-24,2291,34448,36739
5092,2019-04-25,2385,34814,37199
5092,2019-04-26,2382,35957,38339
5092,2019-04-27,559,25208,25767
5092,2019-04-28,196,20147,20343
5092,2019-04-29,2336,33436,35772
5092,2019-04-30,2505,36165,38670
5092,2019-05-01,222,19028,19250
5092,2019-05-03,2345,34344,36689
5092,2019-05-04,515,22835,23350
5092,2019-05-05,235,19752,19987
5092,2019-05-06,2286,32960,35246
5092,2019-05-07,2422,34484,36906
5092,2019-05-08,2305,29726,32031
5092,2019-05-09,576,16694,17270
5092,2019-05-10,2359,32147,34506
5092,2019-05-11,593,22212,22805
5092,2019-05-12,262,15473,15735
5092,2019-05-13,2273,32521,34794
5092,2019-05-14,2293,28824,31117
5092,2019-05-15,2398,33652,36050
5092,2019-05-17,2318,35061,37379
5092,2019-05-18,573,25287,25860
5092,2019-05-19,211,19604,19815
5092,2019-05-20,2161,32354,34515
5092,2019-05-21,2275,33703,35978
5092,2019-05-22,2320,28846,31166
5092,2019-05-23,2411,34630,37041
5092,2019-05-24,2263,35390,37653
5092,2019-05-25,702,24911,25613
5092,2019-05-26,203,19299,19502
5092,2019-05-27,2423,31397,33820
5092,2019-05-28,2399,32288,34687
5092,2019-05-29,2420,33589,36009
5092,2019-05-31,1563,28068,29631
5092,2019-06-01,443,22301,22744
5092,2019-06-02,234,21772,22006
5092,2019-06-03,2143,32400,34543
5092,2019-06-04,2223,33463,35686
5092,2019-06-05,2278,33448,35726
5092,2019-06-06,2266,29837,32103
5092,2019-06-07,2258,35346,37604
5092,2019-06-08,601,24133,24734
5092,2019-06-09,195,20752,20947
5092,2019-06-10,229,16549,16778
5092,2019-06-11,2375,33183,35558
5092,2019-06-12,2334,32621,34955
5092,2019-06-14,2298,35535,37833
5092,2019-06-15,582,24885,25467
5092,2019-06-16,248,21479,21727
5092,2019-06-17,2323,33106,35429
5092,2019-06-18,2365,34404,36769
5092,2019-06-19,2369,33993,36362
5092,2019-06-20,2107,34441,36548
5092,2019-06-21,2179,34286,36465
5092,2019-06-22,481,23228,23709
5092,2019-06-23,222,20117,20339
5092,2019-06-24,2075,32775,34850
5092,2019-06-25,1475,23691,25166
5092,2019-06-26,2217,33066,35283
5092,2019-06-28,2173,34507,36680
5092,2019-06-29,494,22499,22993
5092,2019-06-30,217,21097,21314
5092,2019-07-01,2101,32877,34978
5092,2019-07-02,2226,33953,36179
5092,2019-07-03,2275,34023,36298
5092,2019-07-04,2265,35460,37725
5092,2019-07-05,2194,35372,37566
5092,2019-07-06,544,26659,27203
5092,2019-07-07,214,23165,23379
5092,2019-07-08,2283,33280,35563
5092,2019-07-09,2288,34191,36479
5092,2019-07-10,2314,34744,37058
5092,2019-07-11,2283,34571,36854
5092,2019-07-12,2137,34868,37005
5092,2019-07-13,539,24822,25361
5092,2019-07-14,217,20980,21197
5092,2019-07-15,2150,32955,35105
5092,2019-07-16,2322,33341,35663
5092,2019-07-17,2303,33635,35938
5092,2019-07-19,2205,34007,36212
5092,2019-07-20,534,24285,24819
5092,2019-07-21,205,20912,21117
5092,2019-07-22,2362,32674,35036
5092,2019-07-23,2377,33443,35820
5092,2019-07-24,2389,33420,35809
5092,2019-07-26,1630,31098,32728
5092,2019-07-27,379,20461,20840
5092,2019-07-28,227,17546,17773
5092,2019-07-29,1483,28588,30071
5092,2019-07-30,1495,29232,30727
5092,2019-07-31,1496,29728,31224
5092,2019-08-01,1439,29036,30475
5092,2019-08-02,1394,29760,31154
5092,2019-08-03,367,20412,20779
5092,2019-08-04,184,18865,19049
5092,2019-08-05,1240,25912,27152
5092,2019-08-06,1348,26602,27950
5092,2019-08-07,1331,26665,27996
5092,2019-08-08,1314,26719,28033
5092,2019-08-09,1258,26612,27870
5092,2019-08-10,375,19170,19545
5092,2019-08-11,205,16596,16801
5092,2019-08-12,1398,24569,25967
5092,2019-08-13,1640,25410,27050
5092,2019-08-14,1596,25832,27428
5092,2019-08-15,336,15110,15446
5092,2019-08-16,1429,22982,24411
5092,2019-08-17,467,17327,17794
5092,2019-08-18,273,14742,15015
5092,2019-08-19,2181,26668,28849
5092,2019-08-20,2323,27230,29553
5092,2019-08-21,2283,27293,29576
5092,2019-08-22,2263,27489,29752
5092,2019-08-23,2194,23998,26192
5092,2019-08-24,168,314,482
5092,2019-08-25,38,2645,2683
5092,2019-08-26,2363,27731,30094
5092,2019-08-27,2382,28152,30534
5092,2019-08-28,2385,29032,31417
5092,2019-08-30,2224,28491,30715
5092,2019-08-31,544,21122,21666
5092,2019-09-01,249,18205,18454
5092,2019-09-02,2307,27608,29915
5092,2019-09-03,2224,28441,30665
5092,2019-09-04,2196,28799,30995
5092,2019-09-05,2284,28633,30917
5092,2019-09-06,2329,29284,31613
5092,2019-09-07,579,19864,20443
5092,2019-09-08,246,16616,16862
5092,2019-09-09,2212,28843,31055
5092,2019-09-10,2109,28667,30776
5092,2019-09-11,2269,28681,30950
5092,2019-09-13,2277,30076,32353
5092,2019-09-14,562,24280,24842
5092,2019-09-15,220,20329,20549
5092,2019-09-16,2276,31793,34069
5092,2019-09-17,2212,31926,34138
5092,2019-09-18,2244,32863,35107
5092,2019-09-20,2452,28967,31419
5092,2019-09-21,13,705,718
5092,2019-09-22,72,6463,6535
5092,2019-09-23,2130,31571,33701
5092,2019-09-24,2261,32583,34844
5092,2019-09-25,2131,31804,33935
5092,2019-09-26,955,20425,21380
5092,2019-09-27,2108,33562,35670
5092,2019-09-28,625,24909,25534
5092,2019-09-29,225,19726,19951
5092,2019-09-30,2051,30349,32400
5092,2019-10-01,2029,28040,30069
5092,2019-10-02,2266,28883,31149
5092,2019-10-04,1929,33014,34943
5092,2019-10-05,571,24664,25235
5092,2019-10-06,257,19066,19323
5092,2019-10-07,2075,31741,33816
5092,2019-10-08,2111,32357,34468
5092,2019-10-09,2181,32371,34552
5092,2019-10-10,2068,28831,30899
5092,2019-10-11,2050,29803,31853
5092,2019-10-12,513,23377,23890
5092,2019-10-13,173,20921,21094
5092,2019-10-14,2020,27307,29327
5092,2019-10-15,2164,27537,29701
5092,2019-10-16,2162,28326,30488
5092,2019-10-18,2073,24703,26776
5092,2019-10-19,458,24486,24944
5092,2019-10-20,173,18225,18398
5092,2019-10-21,2076,32552,34628
5092,2019-10-22,2282,33717,35999
5092,2019-10-23,2161,34125,36286
5092,2019-10-24,2172,34183,36355
5092,2019-10-25,2137,35035,37172
5092,2019-10-26,531,23766,24297
5092,2019-10-27,153,17714,17867
5092,2019-10-28,2072,31265,33337
5092,2019-10-29,2267,32561,34828
5092,2019-10-30,2106,33017,35123
5092,2019-10-31,32,8498,8530
5092,2019-11-01,175,15752,15927
5092,2019-11-02,394,19707,20101
5092,2019-11-03,119,16303,16422
5092,2019-11-04,1987,27017,29004
5092,2019-11-05,2137,28151,30288
5092,2019-11-06,2126,27893,30019
5092,2019-11-07,22,9284,9306
5092,2019-11-08,2120,25244,27364
5092,2019-11-09,460,23748,24208
5092,2019-11-10,187,18700,18887
5092,2019-11-11,1790,26959,28749
5092,2019-11-12,2146,33001,35147
5092,2019-11-13,2141,33174,35315
5092,2019-11-14,52,9378,9430
5092,2019-11-15,2073,24661,26734
5092,2019-11-16,521,25813,26334
5092,2019-11-17,155,18919,19074
5092,2019-11-18,2098,31160,33258
5092,2019-11-19,2209,32159,34368
5092,2019-11-20,2172,32716,34888
5092,2019-11-21,50,9400,9450
5092,2019-11-22,2070,25094,27164
5092,2019-11-23,495,25099,25594
5092,2019-11-24,121,20227,20348
5092,2019-11-25,2062,32511,34573
5092,2019-11-26,2159,33733,35892
5092,2019-11-27,2152,32787,34939
5092,2019-11-28,2227,34864,37091
5092,2019-11-29,2179,35950,38129
5092,2019-11-30,504,26039,26543
5092,2019-12-01,130,18098,18228
5092,2019-12-02,2208,31798,34006
5092,2019-12-03,2384,34051,36435
5092,2019-12-04,2403,34046,36449
5092,2019-12-05,78,9938,10016
5092,2019-12-06,1957,23916,25873
5092,2019-12-07,479,23818,24297
5092,2019-12-08,127,18388,18515
5092,2019-12-09,2227,32428,34655
5092,2019-12-10,2490,34427,36917
5092,2019-12-11,2233,31266,33499
5092,2019-12-12,61,10201,10262
5092,2019-12-13,2065,25303,27368
5092,2019-12-14,483,24926,25409
5092,2019-12-15,131,19606,19737
5092,2019-12-16,2218,32063,34281
5092,2019-12-17,2201,32896,35097
5092,2019-12-18,2253,34662,36915
5092,2019-12-19,2123,35686,37809
5092,2019-12-20,1550,30236,31786
5092,2019-12-21,376,21153,21529
5092,2019-12-22,87,16311,16398
5092,2019-12-23,931,23784,24715
5092,2019-12-24,554,19359,19913
5092,2019-12-25,53,14666,14719
5092,2019-12-26,109,13754,13863
5092,2019-12-27,754,20440,21194
5092,2019-12-28,258,18983,19241
5092,2019-12-29,87,15073,15160
5092,2019-12-30,752,22618,23370
5092,2019-12-31,569,19707,20276
5093,2019-01-01,32,4166,4198
5093,2019-01-02,170,7038,7208
5093,2019-01-04,182,8012,8194
5093,2019-01-05,128,6367,6495
5093,2019-01-06,32,4999,5031
5093,2019-01-07,243,8627,8870
5093,2019-01-08,247,9215,9462
5093,2019-01-09,239,9233,9472
5093,2019-01-10,253,9344,9597
5093,2019-01-11,266,9623,9889
5093,2019-01-12,135,7390,7525
5093,2019-01-13,31,5024,5055
5093,2019-01-14,223,9266,9489
5093,2019-01-15,265,9780,10045
5093,2019-01-16,346,9566,9912
5093,2019-01-18,192,10302,10494
5093,2019-01-19,131,7985,8116
5093,2019-01-20,40,5621,5661
5093,2019-01-21,363,9290,9653
5093,2019-01-22,281,9321,9602
5093,2019-01-23,271,9102,9373
5093,2019-01-24,317,9343,9660
5093,2019-01-25,333,9745,10078
5093,2019-01-26,114,7746,7860
5093,2019-01-27,32,5662,5694
5093,2019-01-28,296,9052,9348
5093,2019-01-29,298,9412,9710
5093,2019-01-30,208,8538,8746
5093,2019-02-01,255,9380,9635
5093,2019-02-02,109,7844,7953
5093,2019-02-03,41,6464,6505
5093,2019-02-04,258,9388,9646
5093,2019-02-05,256,9789,10045
5093,2019-02-06,263,9693,9956
5093,2019-02-07,298,9662,9960
5093,2019-02-08,261,10187,10448
5093,2019-02-09,114,7882,7996
5093,2019-02-10,20,4922,4942
5093,2019-02-11,305,9318,9623
5093,2019-02-12,283,9777,10060
5093,2019-02-13,276,9830,10106
5093,2019-03-01,308,10220,10528
5093,2019-03-02,229,8350,8579
5093,2019-03-03,35,5680,5715
5093,2019-03-04,286,8962,9248
5093,2019-03-05,280,9504,9784
5093,2019-03-06,326,9520,9846
5093,2019-03-07,358,10143,10501
5093,2019-03-08,470,10184,10654
5093,2019-03-09,122,8163,8285
5093,2019-03-10,42,5384,5426
5093,2019-03-11,303,9355,9658
5093,2019-03-12,294,9560,9854
5093,2019-03-13,490,10086,10576
5093,2019-03-14,252,9514,9766
5093,2019-03-15,238,10083,10321
5093,2019-03-16,98,8210,8308
5093,2019-03-17,32,5730,5762
5093,2019-03-18,250,9361,9611
5093,2019-03-19,349,9743,10092
5093,2019-03-20,331,9283,9614
5093,2019-03-22,403,10333,10736
5093,2019-03-23,311,8794,9105
5093,2019-03-24,119,5966,6085
5093,2019-03-25,245,7232,7477
5093,2019-03-26,356,8971,9327
5093,2019-03-27,384,8770,9154
5093,2019-03-28,279,7819,8098
5093,2019-03-29,376,9756,10132
5093,2019-03-30,298,8765,9063
5093,2019-04-01,436,9383,9819
5093,2019-04-02,378,9730,10108
5093,2019-04-03,358,9649,10007
5093,2019-04-05,379,10026,10405
5093,2019-04-06,149,7690,7839
5093,2019-04-07,47,5684,5731
5093,2019-04-08,376,9740,10116
5093,2019-04-09,384,10716,11100
5093,2019-04-10,364,10241,10605
5093,2019-04-11,108,8271,8379
5093,2019-04-12,117,3524,3641
5093,2019-04-13,272,7569,7841
5093,2019-04-14,110,5819,5929
5093,2019-04-15,346,8950,9296
5093,2019-04-16,373,9371,9744
5093,2019-04-17,400,9674,10074
5093,2019-04-19,357,11107,11464
5093,2019-04-20,230,7674,7904
5093,2019-04-21,135,5707,5842
5093,2019-04-22,114,5384,5498
5093,2019-04-23,333,10231,10564
5093,2019-04-24,276,8334,8610
5093,2019-04-25,350,9538,9888
5093,2019-04-26,330,10023,10353
5093,2019-04-27,170,8384,8554
5093,2019-04-28,38,5877,5915
5093,2019-04-29,387,9867,10254
5093,2019-04-30,528,11094,11622
5093,2019-05-01,35,5993,6028
5093,2019-05-03,293,9312,9605
5093,2019-05-04,132,7464,7596
5093,2019-05-05,39,5768,5807
5093,2019-05-06,299,9534,9833
5093,2019-05-07,318,10453,10771
5093,2019-05-08,286,9364,9650
5093,2019-05-09,36,5228,5264
5093,2019-05-10,364,10684,11048
5093,2019-05-11,225,7551,7776
5093,2019-05-12,194,9052,9246
5093,2019-05-13,461,9611,10072
5093,2019-05-14,284,10364,10648
5093,2019-05-15,292,10127,10419
5093,2019-05-17,300,10885,11185
5093,2019-05-18,185,8513,8698
5093,2019-05-19,51,6207,6258
5093,2019-05-20,305,9995,10300
5093,2019-05-21,465,10151,10616
5093,2019-05-22,409,9990,10399
5093,2019-05-23,375,10007,10382
5093,2019-05-24,331,10684,11015
5093,2019-05-25,180,8556,8736
5093,2019-05-26,35,6329,6364
5093,2019-05-27,270,8564,8834
5093,2019-05-28,283,9292,9575
5093,2019-05-29,426,9192,9618
5093,2019-06-01,300,7137,7437
5093,2019-06-02,73,5884,5957
5093,2019-06-03,527,9871,10398
5093,2019-06-07,600,10668,11268
5093,2019-06-08,243,8067,8310
5093,2019-06-09,61,6588,6649
5093,2019-06-10,77,5614,5691
5093,2019-06-11,575,10085,10660
5093,2019-06-12,590,10182,10772
5093,2019-06-13,545,9994,10539
5093,2019-06-14,549,11230,11779
5093,2019-06-15,255,8638,8893
5093,2019-06-16,59,6403,6462
5093,2019-06-17,560,9764,10324
5093,2019-06-18,572,10108,10680
5093,2019-06-19,557,10016,10573
5093,2019-06-20,562,10142,10704
5093,2019-06-21,518,10259,10777
5093,2019-06-22,245,7986,8231
5093,2019-06-23,100,6038,6138
5093,2019-06-24,597,9367,9964
5093,2019-06-25,690,9933,10623
5093,2019-06-26,610,10028,10638
5093,2019-06-27,703,10258,10961
5093,2019-06-28,572,10348,10920
5093,2019-06-29,256,7778,8034
5093,2019-06-30,99,6769,6868
5093,2019-07-01,556,9878,10434
5093,2019-07-02,624,10086,10710
5093,2019-07-03,598,10077,10675
5093,2019-07-04,571,10614,11185
5093,2019-07-05,565,10573,11138
5093,2019-07-06,222,8159,8381
5093,2019-07-07,69,6209,6278
5093,2019-07-08,635,9850,10485
5093,2019-07-09,514,10295,10809
5093,2019-07-10,536,10123,10659
5093,2019-07-11,617,10217,10834
5093,2019-07-12,796,10062,10858
5093,2019-07-13,252,8148,8400
5093,2019-07-14,117,6239,6356
5093,2019-07-15,555,9532,10087
5093,2019-07-16,621,9613,10234
5093,2019-07-17,584,9808,10392
5093,2019-07-18,512,9760,10272
5093,2019-07-19,565,9839,10404
5093,2019-07-20,227,7453,7680
5093,2019-07-21,88,5923,6011
5093,2019-07-22,618,9363,9981
5093,2019-07-23,616,9494,10110
5093,2019-07-24,633,9371,10004
5093,2019-07-25,507,9114,9621
5093,2019-07-26,420,8825,9245
5093,2019-07-27,174,6473,6647
5093,2019-07-28,73,5043,5116
5093,2019-07-29,365,8095,8460
5093,2019-07-30,394,8299,8693
5093,2019-07-31,414,8661,9075
5093,2019-08-01,398,8403,8801
5093,2019-08-02,357,8478,8835
5093,2019-08-03,188,6151,6339
5093,2019-08-04,90,4819,4909
5093,2019-08-05,398,7365,7763
5093,2019-08-06,348,7447,7795
5093,2019-08-07,379,7816,8195
5093,2019-08-08,347,7770,8117
5093,2019-08-09,361,7508,7869
5093,2019-08-10,215,5701,5916
5093,2019-08-11,77,4464,4541
5093,2019-08-12,355,7332,7687
5093,2019-08-13,373,7924,8297
5093,2019-08-14,426,8588,9014
5093,2019-08-15,58,4636,4694
5093,2019-08-16,295,7106,7401
5093,2019-08-17,180,5523,5703
5093,2019-08-18,69,4303,4372
5093,2019-08-19,362,8028,8390
5093,2019-08-20,383,8490,8873
5093,2019-08-21,465,8679,9144
5093,2019-08-22,502,8845,9347
5093,2019-08-23,464,12105,12569
5093,2019-08-24,659,21243,21902
5093,2019-08-25,360,18228,18588
5093,2019-08-26,647,9149,9796
5093,2019-08-27,501,9530,10031
5093,2019-08-28,536,9512,10048
5093,2019-08-29,504,9738,10242
5093,2019-08-30,751,9866,10617
5093,2019-08-31,220,7460,7680
5093,2019-09-01,91,5690,5781
5093,2019-09-02,595,9349,9944
5093,2019-09-03,627,9953,10580
5093,2019-09-04,612,9918,10530
5093,2019-09-05,576,10272,10848
5093,2019-09-06,588,10145,10733
5093,2019-09-07,221,7467,7688
5093,2019-09-08,63,5562,5625
5093,2019-09-09,509,10132,10641
5093,2019-09-10,761,10543,11304
5093,2019-09-11,766,10404,11170
5093,2019-09-12,819,12759,13578
5093,2019-09-13,812,11225,12037
5093,2019-09-14,229,8016,8245
5093,2019-09-15,72,6532,6604
5093,2019-09-16,732,9539,10271
5093,2019-09-17,665,10231,10896
5093,2019-09-18,778,10403,11181
5093,2019-09-19,792,10053,10845
5093,2019-09-20,615,12354,12969
5093,2019-09-21,290,9920,10210
5093,2019-09-22,92,7492,7584
5093,2019-09-23,758,9659,10417
5093,2019-09-24,691,9883,10574
5093,2019-09-25,721,10959,11680
5093,2019-09-26,831,11633,12464
5093,2019-09-27,810,11021,11831
5093,2019-09-28,373,8825,9198
5093,2019-09-29,186,6253,6439
5093,2019-09-30,823,10963,11786
5093,2019-10-01,777,11658,12435
5093,2019-10-02,565,11663,12228
5093,2019-10-03,556,10623,11179
5093,2019-10-04,703,10583,11286
5093,2019-10-05,323,8681,9004
5093,2019-10-06,124,6331,6455
5093,2019-10-07,777,9557,10334
5093,2019-10-08,746,10444,11190
5093,2019-10-09,765,10159,10924
5093,2019-10-10,751,10222,10973
5093,2019-10-11,673,10734,11407
5093,2019-10-12,278,8536,8814
5093,2019-10-13,74,6531,6605
5093,2019-10-14,838,10896,11734
5093,2019-10-15,786,10960,11746
5093,2019-10-16,713,10053,10766
5093,2019-10-17,742,10935,11677
5093,2019-10-18,714,10398,11112
5093,2019-10-19,249,8415,8664
5093,2019-10-20,83,5843,5926
5093,2019-10-21,525,9781,10306
5093,2019-10-22,668,10358,11026
5093,2019-10-23,764,10219,10983
5093,2019-10-24,702,10616,11318
5093,2019-10-25,730,10824,11554
5093,2019-10-26,220,8177,8397
5093,2019-10-27,60,5799,5859
5093,2019-10-28,666,9173,9839
5093,2019-10-29,769,9717,10486
5093,2019-10-30,553,9944,10497
5093,2019-11-01,37,5658,5695
5093,2019-11-02,173,6940,7113
5093,2019-11-03,51,5278,5329
5093,2019-11-04,587,9839,10426
5093,2019-11-05,698,10154,10852
5093,2019-11-06,615,10204,10819
5093,2019-11-07,594,10231,10825
5093,2019-11-08,657,10569,11226
5093,2019-11-09,302,8444,8746
5093,2019-11-10,57,6212,6269
5093,2019-11-11,512,9732,10244
5093,2019-11-12,658,10155,10813
5093,2019-11-13,564,10104,10668
5093,2019-11-14,561,10278,10839
5093,2019-11-15,707,10277,10984
5093,2019-11-16,235,8981,9216
5093,2019-11-17,90,6019,6109
5093,2019-11-18,526,9337,9863
5093,2019-11-19,578,10366,10944
5093,2019-11-20,592,10435,11027
5093,2019-11-21,637,10202,10839
5093,2019-11-22,565,10732,11297
5093,2019-11-23,277,8389,8666
5093,2019-11-24,61,6195,6256
5093,2019-11-25,655,9486,10141
5093,2019-11-26,621,10047,10668
5093,2019-11-27,627,9774,10401
5093,2019-11-28,551,10104,10655
5093,2019-11-29,695,10467,11162
5093,2019-11-30,220,8680,8900
5093,2019-12-01,48,5897,5945
5093,2019-12-02,533,9737,10270
5093,2019-12-03,583,10117,10700
5093,2019-12-04,574,10089,10663
5093,2019-12-05,610,10295,10905
5093,2019-12-06,647,10025,10672
5093,2019-12-07,205,7795,8000
5093,2019-12-08,64,5843,5907
5093,2019-12-09,559,9544,10103
5093,2019-12-10,582,9930,10512
5093,2019-12-11,633,11647,12280
5093,2019-12-12,576,9937,10513
5093,2019-12-13,583,10676,11259
5093,2019-12-14,199,8421,8620
5093,2019-12-15,62,6083,6145
5093,2019-12-16,542,10510,11052
5093,2019-12-17,591,12067,12658
5093,2019-12-18,703,10342,11045
5093,2019-12-19,628,10371,10999
5093,2019-12-20,436,10599,11035
5093,2019-12-21,170,7318,7488
5093,2019-12-22,42,5347,5389
5093,2019-12-23,307,8288,8595
5093,2019-12-24,230,7286,7516
5093,2019-12-25,39,4531,4570
5093,2019-12-26,35,4280,4315
5093,2019-12-27,237,6838,7075
5093,2019-12-28,144,6135,6279
5093,2019-12-29,45,5142,5187
5093,2019-12-30,256,7053,7309
5093,2019-12-31,283,6463,6746
5095,2019-01-01,53,4339,4392
5095,2019-01-02,366,9011,9377
5095,2019-01-04,449,9835,10284
5095,2019-01-05,214,7061,7275
5095,2019-01-06,111,5722,5833
5095,2019-01-07,514,10787,11301
5095,2019-01-08,568,10729,11297
5095,2019-01-09,578,11304,11882
5095,2019-01-10,681,11796,12477
5095,2019-01-11,611,11425,12036
5095,2019-01-12,229,7742,7971
5095,2019-01-13,62,4580,4642
5095,2019-01-14,651,10755,11406
5095,2019-01-15,850,11890,12740
5095,2019-01-16,895,11912,12807
5095,2019-01-18,805,12243,13048
5095,2019-01-19,302,9185,9487
5095,2019-01-20,117,6945,7062
5095,2019-01-21,846,11895,12741
5095,2019-01-22,928,11721,12649
5095,2019-01-23,770,11227,11997
5095,2019-01-24,886,11896,12782
5095,2019-01-25,734,11924,12658
5095,2019-01-26,257,8575,8832
5095,2019-01-27,142,6430,6572
5095,2019-01-28,613,10188,10801
5095,2019-01-29,836,11817,12653
5095,2019-01-30,497,9170,9667
5095,2019-02-01,572,10910,11482
5095,2019-02-02,245,7853,8098
5095,2019-02-03,113,6096,6209
5095,2019-02-04,741,11220,11961
5095,2019-02-05,818,11858,12676
5095,2019-02-06,829,12022,12851
5095,2019-02-07,784,11674,12458
5095,2019-02-08,748,12365,13113
5095,2019-02-09,344,8904,9248
5095,2019-02-11,710,11984,12694
5095,2019-02-12,883,12187,13070
5095,2019-02-13,870,12179,13049
5095,2019-02-15,836,11752,12588
5095,2019-02-16,292,8829,9121
5095,2019-02-17,146,7407,7553
5095,2019-02-18,646,11418,12064
5095,2019-02-19,748,10587,11335
5095,2019-02-20,828,11012,11840
5095,2019-02-21,813,10784,11597
5095,2019-02-22,755,10931,11686
5095,2019-02-23,328,8837,9165
5095,2019-02-24,144,7826,7970
5095,2019-02-25,812,11536,12348
5095,2019-02-26,838,12277,13115
5095,2019-02-27,856,12516,13372
5095,2019-03-01,538,13651,14189
5095,2019-03-02,141,9840,9981
5095,2019-03-03,40,6914,6954
5095,2019-03-04,368,12030,12398
5095,2019-03-05,542,13938,14480
5095,2019-03-06,529,12684,13213
5095,2019-03-07,654,14888,15542
5095,2019-03-08,594,15560,16154
5095,2019-03-09,160,9709,9869
5095,2019-03-10,42,6716,6758
5095,2019-03-11,530,13385,13915
5095,2019-03-12,618,14327,14945
5095,2019-03-13,566,14242,14808
5095,2019-03-14,544,14528,15072
5095,2019-03-15,432,13395,13827
5095,2019-03-16,144,9758,9902
5095,2019-03-17,38,7438,7476
5095,2019-03-18,494,13235,13729
5095,2019-03-19,542,13638,14180
5095,2019-03-20,298,9861,10159
5095,2019-03-22,863,12878,13741
5095,2019-03-23,407,10476,10883
5095,2019-03-24,171,8228,8399
5095,2019-03-25,811,11904,12715
5095,2019-03-26,905,12507,13412
5095,2019-03-27,865,12578,13443
5095,2019-03-28,879,12791,13670
5095,2019-03-29,949,12928,13877
5095,2019-03-30,373,10763,11136
5095,2019-04-01,873,12393,13266
5095,2019-04-02,948,12759,13707
5095,2019-04-03,835,12187,13022
5095,2019-04-05,933,12771,13704
5095,2019-04-06,380,9576,9956
5095,2019-04-07,176,7376,7552
5095,2019-04-08,835,11281,12116
5095,2019-04-09,818,11031,11849
5095,2019-04-10,849,11123,11972
5095,2019-04-11,939,11775,12714
5095,2019-04-12,871,12066,12937
5095,2019-04-13,377,8746,9123
5095,2019-04-14,157,6394,6551
5095,2019-04-15,822,11423,12245
5095,2019-04-16,815,11184,11999
5095,2019-04-17,859,11717,12576
5095,2019-04-19,607,12609,13216
5095,2019-04-20,345,9769,10114
5095,2019-04-21,184,9341,9525
5095,2019-04-22,184,8313,8497
5095,2019-04-23,902,12116,13018
5095,2019-04-24,842,11630,12472
5095,2019-04-25,931,12311,13242
5095,2019-04-26,940,12915,13855
5095,2019-04-27,449,8866,9315
5095,2019-04-28,134,6785,6919
5095,2019-04-29,903,12249,13152
5095,2019-04-30,967,13243,14210
5095,2019-05-01,188,9173,9361
5095,2019-05-03,888,13232,14120
5095,2019-05-04,383,9201,9584
5095,2019-05-05,177,8304,8481
5095,2019-05-06,945,12147,13092
5095,2019-05-07,980,12722,13702
5095,2019-05-08,794,12786,13580
5095,2019-05-09,320,5856,6176
5095,2019-05-10,805,12048,12853
5095,2019-05-11,306,9360,9666
5095,2019-05-12,178,8254,8432
5095,2019-05-13,884,12290,13174
5095,2019-05-14,1009,12893,13902
5095,2019-05-15,934,13187,14121
5095,2019-05-17,923,13560,14483
5095,2019-05-18,427,10097,10524
5095,2019-05-19,160,7463,7623
5095,2019-05-20,844,12405,13249
5095,2019-05-21,932,12747,13679
5095,2019-05-22,977,12951,13928
5095,2019-05-23,995,12904,13899
5095,2019-05-24,935,12935,13870
5095,2019-05-25,395,10162,10557
5095,2019-05-26,199,8229,8428
5095,2019-05-27,796,11270,12066
5095,2019-05-28,898,11445,12343
5095,2019-05-29,891,12560,13451
5095,2019-05-31,720,11214,11934
5095,2019-06-01,376,10183,10559
5095,2019-06-02,231,9088,9319
5095,2019-06-03,897,12371,13268
5095,2019-06-04,920,12566,13486
5095,2019-06-05,1076,12476,13552
5095,2019-06-06,1074,12696,13770
5095,2019-06-07,944,12942,13886
5095,2019-06-08,412,10500,10912
5095,2019-06-09,163,8748,8911
5095,2019-06-10,198,6962,7160
5095,2019-06-11,970,12314,13284
5095,2019-06-12,883,10648,11531
5095,2019-06-14,981,13110,14091
5095,2019-06-15,583,10461,11044
5095,2019-06-16,329,9020,9349
5095,2019-06-17,937,12216,13153
5095,2019-06-18,966,12675,13641
5095,2019-06-19,977,12607,13584
5095,2019-06-20,778,12746,13524
5095,2019-06-21,949,13023,13972
5095,2019-06-22,371,10126,10497
5095,2019-06-23,204,8387,8591
5095,2019-06-24,930,12088,13018
5095,2019-06-25,971,12589,13560
5095,2019-07-02,1077,13023,14100
5095,2019-07-03,1025,13304,14329
5095,2019-07-04,927,13034,13961
5095,2019-07-05,1052,13492,14544
5095,2019-07-06,438,11106,11544
5095,2019-07-07,227,8622,8849
5095,2019-07-08,1006,12856,13862
5095,2019-07-09,1013,13496,14509
5095,2019-07-10,1023,13526,14549
5095,2019-07-11,1027,13197,14224
5095,2019-07-12,976,12723,13699
5095,2019-07-13,404,10440,10844
5095,2019-07-14,157,8560,8717
5095,2019-07-15,1012,12360,13372
5095,2019-07-16,930,12626,13556
5095,2019-07-17,1076,12763,13839
5095,2019-07-18,988,12467,13455
5095,2019-07-19,959,11885,12844
5095,2019-07-20,348,10046,10394
5095,2019-07-21,182,9728,9910
5095,2019-07-22,885,11999,12884
5095,2019-07-23,936,12382,13318
5095,2019-07-24,974,12481,13455
5095,2019-07-25,870,11871,12741
5095,2019-07-26,821,11854,12675
5095,2019-07-27,351,8971,9322
5095,2019-07-28,218,6740,6958
5095,2019-07-29,706,11340,12046
5095,2019-07-30,748,11803,12551
5095,2019-07-31,767,11952,12719
5095,2019-08-01,725,11548,12273
5095,2019-08-02,738,11617,12355
5095,2019-08-03,334,9723,10057
5095,2019-08-04,177,8545,8722
5095,2019-08-05,644,10687,11331
5095,2019-08-06,684,11011,11695
5095,2019-08-07,658,11081,11739
5095,2019-08-08,637,11306,11943
5095,2019-08-09,665,10795,11460
5095,2019-08-10,351,9777,10128
5095,2019-08-11,195,9136,9331
5095,2019-08-12,625,10363,10988
5095,2019-08-13,672,11149,11821
5095,2019-08-14,671,11462,12133
5095,2019-08-15,186,6453,6639
5095,2019-08-16,639,10330,10969
5095,2019-08-17,218,6867,7085
5095,2019-08-18,128,5881,6009
5095,2019-08-19,683,10906,11589
5095,2019-08-20,791,11163,11954
5095,2019-08-21,767,11221,11988
5095,2019-08-22,813,11607,12420
5095,2019-08-23,822,11503,12325
5095,2019-08-24,306,9323,9629
5095,2019-08-25,142,9268,9410
5095,2019-08-26,770,11297,12067
5095,2019-08-27,913,11992,12905
5095,2019-08-28,995,11969,12964
5095,2019-08-29,923,11786,12709
5095,2019-08-30,911,12172,13083
5095,2019-08-31,343,9938,10281
5095,2019-09-01,235,9570,9805
5095,2019-09-02,864,11371,12235
5095,2019-09-03,1044,11576,12620
5095,2019-09-04,974,12009,12983
5095,2019-09-05,1015,11828,12843
5095,2019-09-06,942,12149,13091
5095,2019-09-07,355,8810,9165
5095,2019-09-08,150,7441,7591
5095,2019-09-09,830,11740,12570
5095,2019-09-10,960,12214,13174
5095,2019-09-11,937,12651,13588
5095,2019-09-12,906,12042,12948
5095,2019-09-13,901,12350,13251
5095,2019-09-14,441,11322,11763
5095,2019-09-15,160,9362,9522
5095,2019-09-16,966,12273,13239
5095,2019-09-17,1055,12862,13917
5095,2019-09-18,1050,13245,14295
5095,2019-09-19,1076,13011,14087
5095,2019-09-20,922,13135,14057
5095,2019-09-21,372,10915,11287
5095,2019-09-22,170,8489,8659
5095,2019-09-23,827,12393,13220
5095,2019-09-24,947,13124,14071
5095,2019-09-25,867,12757,13624
5095,2019-09-26,896,12803,13699
5095,2019-09-27,777,11774,12551
5095,2019-09-28,356,10275,10631
5095,2019-09-29,127,6994,7121
5095,2019-09-30,772,12391,13163
5095,2019-10-01,955,13225,14180
5095,2019-10-02,721,12042,12763
5095,2019-10-03,706,14143,14849
5095,2019-10-04,755,12838,13593
5095,2019-10-05,293,10490,10783
5095,2019-10-06,80,6907,6987
5095,2019-10-07,770,12501,13271
5095,2019-10-08,708,10519,11227
5095,2019-10-09,789,11929,12718
5095,2019-10-10,826,13172,13998
5095,2019-10-11,926,13802,14728
5095,2019-10-12,325,10895,11220
5095,2019-10-13,101,9778,9879
5095,2019-10-14,824,13481,14305
5095,2019-10-15,805,12898,13703
5095,2019-10-16,866,13594,14460
5095,2019-10-17,764,13170,13934
5095,2019-10-18,829,13449,14278
5095,2019-10-19,307,10045,10352
5095,2019-10-20,71,5704,5775
5095,2019-10-21,775,12202,12977
5095,2019-10-22,975,13591,14566
5095,2019-10-23,898,13650,14548
5095,2019-10-24,929,14004,14933
5095,2019-10-25,1056,13921,14977
5095,2019-10-26,388,10789,11177
5095,2019-10-27,89,5139,5228
5095,2019-10-28,848,12194,13042
5095,2019-10-29,1034,13050,14084
5095,2019-10-30,953,13245,14198
5095,2019-11-01,118,6236,6354
5095,2019-11-02,261,7929,8190
5095,2019-11-03,83,5088,5171
5095,2019-11-04,769,11164,11933
5095,2019-11-05,946,12732,13678
5095,2019-11-06,1038,13426,14464
5095,2019-11-07,932,12600,13532
5095,2019-11-08,1049,14152,15201
5095,2019-11-09,406,10167,10573
5095,2019-11-10,128,8365,8493
5095,2019-11-11,956,12563,13519
5095,2019-11-12,864,12695,13559
5095,2019-11-13,1014,12975,13989
5095,2019-11-14,1025,13152,14177
5095,2019-11-15,1000,13400,14400
5095,2019-11-16,405,10789,11194
5095,2019-11-17,123,6842,6965
5095,2019-11-18,723,8607,9330
5095,2019-11-19,959,13002,13961
5095,2019-11-20,1098,13069,14167
5095,2019-11-21,1010,13125,14135
5095,2019-11-22,913,13411,14324
5095,2019-11-23,410,10127,10537
5095,2019-11-24,133,7998,8131
5095,2019-11-25,838,12645,13483
5095,2019-11-26,902,12884,13786
5095,2019-11-27,816,11996,12812
5095,2019-11-28,873,12586,13459
5095,2019-11-29,905,11537,12442
5095,2019-11-30,428,10626,11054
5095,2019-12-01,125,6878,7003
5095,2019-12-02,841,12871,13712
5095,2019-12-03,1000,13316,14316
5095,2019-12-04,995,13472,14467
5095,2019-12-05,1033,13513,14546
5095,2019-12-06,866,12648,13514
5095,2019-12-07,300,9043,9343
5095,2019-12-08,72,5435,5507
5095,2019-12-09,678,9370,10048
5095,2019-12-10,918,13118,14036
5095,2019-12-11,734,10789,11523
5095,2019-12-12,909,11790,12699
5095,2019-12-13,721,10609,11330
5095,2019-12-14,326,9307,9633
5095,2019-12-15,107,7246,7353
5095,2019-12-16,779,10485,11264
5095,2019-12-17,1008,12955,13963
5095,2019-12-18,958,13136,14094
5095,2019-12-19,884,13466,14350
5095,2019-12-20,682,11824,12506
5095,2019-12-21,318,9170,9488
5095,2019-12-22,83,5738,5821
5095,2019-12-23,438,10391,10829
5095,2019-12-24,269,7819,8088
5095,2019-12-25,69,5467,5536
5095,2019-12-26,100,5359,5459
5095,2019-12-27,369,8961,9330
5095,2019-12-28,242,7977,8219
5095,2019-12-29,92,6175,6267
5095,2019-12-30,417,9898,10315
5095,2019-12-31,286,8286,8572
5096,2019-01-01,13,1317,1330
5096,2019-01-02,56,2413,2469
5096,2019-01-03,55,2612,2667
5096,2019-01-04,65,2690,2755
5096,2019-01-05,51,2242,2293
5096,2019-01-06,12,1617,1629
5096,2019-01-08,81,3254,3335
5096,2019-01-09,83,3164,3247
5096,2019-01-10,77,3339,3416
5096,2019-01-11,75,3285,3360
5096,2019-01-12,57,2581,2638
5096,2019-01-13,11,1688,1699
5096,2019-01-14,92,3282,3374
5096,2019-01-15,92,3451,3543
5096,2019-01-16,109,3316,3425
5096,2019-01-17,119,3358,3477
5096,2019-01-18,124,3476,3600
5096,2019-01-19,58,2727,2785
5096,2019-01-20,13,1770,1783
5096,2019-01-22,116,3340,3456
5096,2019-01-23,96,3241,3337
5096,2019-01-24,98,3442,3540
5096,2019-01-25,95,3366,3461
5096,2019-01-26,51,2722,2773
5096,2019-01-27,14,1888,1902
5096,2019-01-28,95,3205,3300
5096,2019-01-29,95,3354,3449
5096,2019-01-30,79,2624,2703
5096,2019-01-31,82,3445,3527
5096,2019-02-01,83,4071,4154
5096,2019-02-02,66,3312,3378
5096,2019-02-03,8,2333,2341
5096,2019-02-05,94,3817,3911
5096,2019-02-06,99,3688,3787
5096,2019-02-07,87,3678,3765
5096,2019-02-08,104,3643,3747
5096,2019-02-09,67,2856,2923
5096,2019-02-10,30,1795,1825
5096,2019-02-11,100,3349,3449
5096,2019-02-12,96,3632,3728
5096,2019-02-13,105,3466,3571
5096,2019-02-14,81,3613,3694
5096,2019-02-15,105,3665,3770
5096,2019-02-16,50,2652,2702
5096,2019-02-17,11,1800,1811
5096,2019-02-19,93,3113,3206
5096,2019-02-20,94,3110,3204
5096,2019-02-21,88,2991,3079
5096,2019-02-22,89,3212,3301
5096,2019-02-23,60,2574,2634
5096,2019-02-24,9,1961,1970
5096,2019-02-25,99,3475,3574
5096,2019-02-26,130,3751,3881
5096,2019-02-27,109,3549,3658
5096,2019-02-28,107,3669,3776
5096,2019-03-01,104,3617,3721
5096,2019-03-02,57,2833,2890
5096,2019-03-03,16,1903,1919
5096,2019-03-05,100,3541,3641
5096,2019-03-06,102,3344,3446
5096,2019-03-07,96,3717,3813
5096,2019-03-08,106,3860,3966
5096,2019-03-09,52,2871,2923
5096,2019-03-10,9,1920,1929
5096,2019-03-11,96,3450,3546
5096,2019-03-12,103,3672,3775
5096,2019-03-13,124,3594,3718
5096,2019-03-14,112,3740,3852
5096,2019-03-15,86,3662,3748
5096,2019-03-16,57,2892,2949
5096,2019-03-17,11,1996,2007
5096,2019-03-18,132,3344,3476
5096,2019-03-19,100,3680,3780
5096,2019-03-20,133,3572,3705
5096,2019-03-21,131,3692,3823
5096,2019-03-22,112,3728,3840
5096,2019-03-23,58,3165,3223
5096,2019-03-24,10,1963,1973
5096,2019-03-27,110,3578,3688
5096,2019-03-28,98,3841,3939
5096,2019-03-29,126,4010,4136
5096,2019-03-30,65,3332,3397
5096,2019-04-01,107,3688,3795
5096,2019-04-03,132,3435,3567
5096,2019-04-04,125,3545,3670
5096,2019-04-05,193,3750,3943
5096,2019-04-06,85,2932,3017
5096,2019-04-07,22,2046,2068
5096,2019-04-08,136,3255,3391
5096,2019-04-09,160,3460,3620
5096,2019-04-10,124,3307,3431
5096,2019-04-11,106,3358,3464
5096,2019-04-12,134,3309,3443
5096,2019-04-13,84,2538,2622
5096,2019-04-14,22,1622,1644
5096,2019-04-15,136,3176,3312
5096,2019-04-16,132,3355,3487
5096,2019-04-17,114,3391,3505
5096,2019-04-18,130,3516,3646
5096,2019-04-19,124,3707,3831
5096,2019-04-20,88,2843,2931
5096,2019-04-21,22,2092,2114
5096,2019-04-22,22,1935,1957
5096,2019-04-24,152,3796,3948
5096,2019-04-25,148,4070,4218
5096,2019-04-26,143,4153,4296
5096,2019-04-27,94,3066,3160
5096,2019-04-28,17,2055,2072
5096,2019-04-29,145,3765,3910
5096,2019-04-30,131,3946,4077
5096,2019-05-01,25,2096,2121
5096,2019-05-02,139,3864,4003
5096,2019-05-03,147,3783,3930
5096,2019-05-04,78,2829,2907
5096,2019-05-05,25,1921,1946
5096,2019-05-06,151,3555,3706
5096,2019-05-08,180,3588,3768
5096,2019-05-09,22,1604,1626
5096,2019-05-10,132,3660,3792
5096,2019-05-11,70,2764,2834
5096,2019-05-12,25,2206,2231
5096,2019-05-13,138,3738,3876
5096,2019-05-14,142,4045,4187
5096,2019-05-15,218,3796,4014
5096,2019-05-16,161,3883,4044
5096,2019-05-17,141,3829,3970
5096,2019-05-18,103,3051,3154
5096,2019-05-19,20,2177,2197
5096,2019-05-20,128,3697,3825
5096,2019-05-22,161,3755,3916
5096,2019-05-23,141,3917,4058
5096,2019-05-24,143,3952,4095
5096,2019-05-25,114,3141,3255
5096,2019-05-26,23,2048,2071
5096,2019-05-27,140,3297,3437
5096,2019-07-01,107,3718,3825
5096,2019-07-02,114,3961,4075
5096,2019-07-03,123,3781,3904
5096,2019-07-04,113,4038,4151
5096,2019-07-05,142,3898,4040
5096,2019-07-06,119,2897,3016
5096,2019-07-07,13,2097,2110
5096,2019-07-08,148,3661,3809
5096,2019-07-09,142,3871,4013
5096,2019-07-10,97,3705,3802
5096,2019-07-11,144,3564,3708
5096,2019-07-12,93,3724,3817
5096,2019-07-13,62,2878,2940
5096,2019-07-14,25,1972,1997
5096,2019-07-15,100,3505,3605
5096,2019-07-16,97,3623,3720
5096,2019-07-17,102,3482,3584
5096,2019-07-18,114,3554,3668
5096,2019-07-19,129,3470,3599
5096,2019-07-20,65,2747,2812
5096,2019-07-21,27,2135,2162
5096,2019-07-22,128,3222,3350
5096,2019-07-23,122,3354,3476
5096,2019-07-24,105,3261,3366
5096,2019-07-25,94,3217,3311
5096,2019-07-26,95,3064,3159
5096,2019-07-27,59,2534,2593
5096,2019-07-28,22,1690,1712
5096,2019-07-29,75,2956,3031
5096,2019-07-30,73,2937,3010
5096,2019-07-31,84,3010,3094
5096,2019-08-01,67,3007,3074
5096,2019-08-02,73,2973,3046
5096,2019-08-03,57,2138,2195
5096,2019-08-04,23,1740,1763
5096,2019-08-05,72,2710,2782
5096,2019-08-06,77,2843,2920
5096,2019-08-07,68,2812,2880
5096,2019-08-08,107,2727,2834
5096,2019-08-09,115,2804,2919
5096,2019-08-10,53,2131,2184
5096,2019-08-11,18,1586,1604
5096,2019-08-12,95,2657,2752
5096,2019-08-13,82,2785,2867
5096,2019-08-14,55,2781,2836
5096,2019-08-15,15,1413,1428
5096,2019-08-16,51,2612,2663
5096,2019-08-17,54,2136,2190
5096,2019-08-18,18,1455,1473
5096,2019-08-19,66,2916,2982
5096,2019-08-20,74,3051,3125
5096,2019-08-21,88,3168,3256
5096,2019-08-22,70,3145,3215
5096,2019-08-23,90,3290,3380
5096,2019-08-24,59,2840,2899
5096,2019-08-25,10,2196,2206
5096,2019-08-26,96,3303,3399
5096,2019-08-27,103,3482,3585
5096,2019-08-28,139,3430,3569
5096,2019-08-29,143,3501,3644
5096,2019-08-30,107,3507,3614
5096,2019-08-31,60,2767,2827
5096,2019-09-01,12,2006,2018
5096,2019-09-02,114,3284,3398
5096,2019-09-03,138,3434,3572
5096,2019-09-04,101,3398,3499
5096,2019-09-05,98,3493,3591
5096,2019-09-06,120,3638,3758
5096,2019-09-07,54,2688,2742
5096,2019-09-08,18,1967,1985
5096,2019-09-09,115,3591,3706
5096,2019-09-10,90,3830,3920
5096,2019-09-11,134,3748,3882
5096,2019-09-12,117,3735,3852
5096,2019-09-13,107,3773,3880
5096,2019-09-14,67,3176,3243
5096,2019-09-15,15,2394,2409
5096,2019-09-16,126,3709,3835
5096,2019-09-17,122,4134,4256
5096,2019-09-18,121,3781,3902
5096,2019-09-19,111,3988,4099
5096,2019-09-20,104,4054,4158
5096,2019-09-21,76,3326,3402
5096,2019-09-22,32,2654,2686
5096,2019-09-23,121,3836,3957
5096,2019-09-24,119,3918,4037
5096,2019-09-25,111,3868,3979
5096,2019-09-26,122,3856,3978
5096,2019-09-27,120,3964,4084
5096,2019-09-28,67,3157,3224
5096,2019-09-29,16,2166,2182
5096,2019-09-30,106,4151,4257
5096,2019-10-01,141,4464,4605
5096,2019-10-02,170,4605,4775
5096,2019-10-03,110,4485,4595
5096,2019-10-04,104,4695,4799
5096,2019-10-05,52,3547,3599
5096,2019-10-06,10,2289,2299
5096,2019-10-07,106,4378,4484
5096,2019-10-08,95,4464,4559
5096,2019-10-09,108,4446,4554
5096,2019-10-10,86,4601,4687
5096,2019-10-11,100,4525,4625
5096,2019-10-12,62,3390,3452
5096,2019-10-13,11,2714,2725
5096,2019-10-14,121,4618,4739
5096,2019-10-15,90,4620,4710
5096,2019-10-16,91,4552,4643
5096,2019-10-17,88,4646,4734
5096,2019-10-18,97,4579,4676
5096,2019-10-19,54,3467,3521
5096,2019-10-20,30,2406,2436
5096,2019-10-21,95,4411,4506
5096,2019-10-22,112,4580,4692
5096,2019-10-23,113,4387,4500
5096,2019-10-24,88,4515,4603
5096,2019-10-25,113,4583,4696
5096,2019-10-26,53,3261,3314
5096,2019-10-27,11,2084,2095
5096,2019-10-28,97,3784,3881
5096,2019-10-29,127,3958,4085
5096,2019-10-30,97,3914,4011
5096,2019-11-01,10,1951,1961
5096,2019-11-02,40,3015,3055
5096,2019-11-03,6,1941,1947
5096,2019-11-04,81,4335,4416
5096,2019-11-05,96,4495,4591
5096,2019-11-06,99,4301,4400
5096,2019-11-07,83,4525,4608
5096,2019-11-08,99,4468,4567
5096,2019-11-09,51,3304,3355
5096,2019-11-10,13,2368,2381
5096,2019-11-11,93,4346,4439
5096,2019-11-12,129,4211,4340
5096,2019-11-13,128,4285,4413
5096,2019-11-14,116,4488,4604
5096,2019-11-15,115,4416,4531
5096,2019-11-16,48,3394,3442
5096,2019-11-17,10,2245,2255
5096,2019-11-18,69,4242,4311
5096,2019-11-19,83,4286,4369
5096,2019-11-20,99,4039,4138
5096,2019-11-21,103,4320,4423
5096,2019-11-22,88,4448,4536
5096,2019-11-23,37,3112,3149
5096,2019-11-24,10,2181,2191
5096,2019-11-25,85,3971,4056
5096,2019-11-26,67,4376,4443
5096,2019-11-27,72,4156,4228
5096,2019-11-28,97,4236,4333
5096,2019-11-29,92,4375,4467
5096,2019-11-30,91,3202,3293
5096,2019-12-01,8,1902,1910
5096,2019-12-02,150,3904,4054
5096,2019-12-03,143,3798,3941
5096,2019-12-04,155,3731,3886
5096,2019-12-05,160,3814,3974
5096,2019-12-06,124,3496,3620
5096,2019-12-07,56,2802,2858
5096,2019-12-08,7,1908,1915
5096,2019-12-09,145,3759,3904
5096,2019-12-10,182,3714,3896
5096,2019-12-11,116,3731,3847
5096,2019-12-12,156,3808,3964
5096,2019-12-13,117,4005,4122
5096,2019-12-14,59,3040,3099
5096,2019-12-15,14,1962,1976
5096,2019-12-16,129,3671,3800
5096,2019-12-17,180,3789,3969
5096,2019-12-18,125,3648,3773
5096,2019-12-19,106,3850,3956
5096,2019-12-20,75,3859,3934
5096,2019-12-21,50,2579,2629
5096,2019-12-22,4,1822,1826
5096,2019-12-23,70,3106,3176
5096,2019-12-24,51,2505,2556
5096,2019-12-25,6,1460,1466
5096,2019-12-26,9,1383,1392
5096,2019-12-27,44,2606,2650
5096,2019-12-28,44,2256,2300
5096,2019-12-29,8,1451,1459
5096,2019-12-30,55,2674,2729
5096,2019-12-31,45,2239,2284
5103,2019-01-01,45,2815,2860
5103,2019-01-02,238,5108,5346
5103,2019-01-03,256,5762,6018
5103,2019-01-04,264,5900,6164
5103,2019-01-05,151,4464,4615
5103,2019-01-06,55,3491,3546
5103,2019-01-08,242,5864,6106
5103,2019-01-09,246,5902,6148
5103,2019-01-10,346,7240,7586
5103,2019-01-11,323,7223,7546
5103,2019-01-12,162,4102,4264
5103,2019-01-13,46,3080,3126
5103,2019-01-14,325,7192,7517
5103,2019-01-15,340,7654,7994
5103,2019-01-16,340,7459,7799
5103,2019-01-17,272,6580,6852
5103,2019-01-18,330,7740,8070
5103,2019-01-19,167,5195,5362
5103,2019-01-20,51,3859,3910
5103,2019-01-22,334,7291,7625
5103,2019-01-23,318,6821,7139
5103,2019-01-24,324,7396,7720
5103,2019-01-25,328,7414,7742
5103,2019-01-26,166,4856,5022
5103,2019-01-27,42,2970,3012
5103,2019-01-28,254,5968,6222
5103,2019-01-29,325,7404,7729
5103,2019-01-30,262,6802,7064
5103,2019-01-31,306,6952,7258
5103,2019-02-01,236,6496,6732
5103,2019-02-02,154,4240,4394
5103,2019-02-03,54,4052,4106
5103,2019-02-05,321,7680,8001
5103,2019-02-06,370,7598,7968
5103,2019-02-07,313,7628,7941
5103,2019-02-08,324,7659,7983
5103,2019-02-09,150,4568,4718
5103,2019-02-10,34,2834,2868
5103,2019-02-11,307,7242,7549
5103,2019-02-12,342,7456,7798
5103,2019-02-13,352,7554,7906
5103,2019-02-14,345,7798,8143
5103,2019-02-15,356,7832,8188
5103,2019-02-16,173,5359,5532
5103,2019-02-17,51,4795,4846
5103,2019-02-18,286,6620,6906
5103,2019-02-19,287,6768,7055
5103,2019-02-20,305,6789,7094
5103,2019-02-21,310,6796,7106
5103,2019-02-22,298,7164,7462
5103,2019-02-23,179,5285,5464
5103,2019-02-24,60,4764,4824
5103,2019-02-26,375,7817,8192
5103,2019-02-27,358,7927,8285
5103,2019-02-28,314,6636,6950
5103,2019-03-01,298,6764,7062
5103,2019-03-02,193,5507,5700
5103,2019-03-03,48,3938,3986
5103,2019-03-04,276,6112,6388
5103,2019-03-05,282,6564,6846
5103,2019-03-06,338,7521,7859
5103,2019-03-07,288,6908,7196
5103,2019-03-08,290,7020,7310
5103,2019-03-09,178,4532,4710
5103,2019-03-10,42,3108,3150
5103,2019-03-12,310,6990,7300
5103,2019-03-13,320,6620,6940
5103,2019-03-14,264,6914,7178
5103,2019-03-15,345,7978,8323
5103,2019-03-16,176,5354,5530
5103,2019-03-17,50,3396,3446
5103,2019-03-18,330,6594,6924
5103,2019-03-19,402,8220,8622
5103,2019-03-20,365,7728,8093
5103,2019-03-21,375,8296,8671
5103,2019-03-22,364,8377,8741
5103,2019-03-23,178,6372,6550
5103,2019-03-24,58,4737,4795
5103,2019-07-01,718,8830,9548
5103,2019-07-02,632,8267,8899
5103,2019-07-03,690,8218,8908
5103,2019-07-04,614,8407,9021
5103,2019-07-05,655,8442,9097
5103,2019-07-06,257,6972,7229
5103,2019-07-07,92,5221,5313
5103,2019-07-08,617,7603,8220
5103,2019-07-09,687,8132,8819
5103,2019-07-10,647,8134,8781
5103,2019-07-11,625,8085,8710
5103,2019-07-12,586,7248,7834
5103,2019-07-13,256,5707,5963
5103,2019-07-14,73,4858,4931
5103,2019-07-15,568,7301,7869
5103,2019-07-16,608,7928,8536
5103,2019-07-17,625,8085,8710
5103,2019-07-18,601,7553,8154
5103,2019-07-19,630,7963,8593
5103,2019-07-20,246,5627,5873
5103,2019-07-21,99,5335,5434
5103,2019-07-22,598,6956,7554
5103,2019-07-23,582,7622,8204
5103,2019-07-24,546,7290,7836
5103,2019-07-25,492,7029,7521
5103,2019-07-26,451,7101,7552
5103,2019-07-27,206,4790,4996
5103,2019-07-28,75,4034,4109
5103,2019-07-29,384,6303,6687
5103,2019-07-30,414,6673,7087
5103,2019-07-31,428,6573,7001
5103,2019-08-01,382,6722,7104
5103,2019-08-02,416,6859,7275
5103,2019-08-03,209,5020,5229
5103,2019-08-04,84,4596,4680
5103,2019-08-05,372,5763,6135
5103,2019-08-06,357,5963,6320
5103,2019-08-07,350,5854,6204
5103,2019-08-08,375,6448,6823
5103,2019-08-09,357,5746,6103
5103,2019-08-10,206,4772,4978
5103,2019-08-11,70,4019,4089
5103,2019-08-12,368,5480,5848
5103,2019-08-13,345,6005,6350
5103,2019-08-14,351,6112,6463
5103,2019-08-15,72,3935,4007
5103,2019-08-16,330,5512,5842
5103,2019-08-17,181,4000,4181
5103,2019-08-18,55,3428,3483
5103,2019-08-19,446,6109,6555
5103,2019-08-20,465,6367,6832
5103,2019-08-21,499,6533,7032
5103,2019-08-22,462,6518,6980
5103,2019-08-23,429,6758,7187
5103,2019-08-24,215,4966,5181
5103,2019-08-25,63,4643,4706
5103,2019-08-26,497,6478,6975
5103,2019-08-27,535,6867,7402
5103,2019-08-28,523,6622,7145
5103,2019-08-29,547,6855,7402
5103,2019-08-30,538,7161,7699
5103,2019-08-31,243,5284,5527
5103,2019-09-01,76,4104,4180
5103,2019-09-02,666,7182,7848
5103,2019-09-04,605,7297,7902
5103,2019-09-05,625,7072,7697
5103,2019-09-06,577,7311,7888
5103,2019-09-07,244,5134,5378
5103,2019-09-08,102,3873,3975
5103,2019-09-09,521,6694,7215
5103,2019-09-10,513,7206,7719
5103,2019-09-11,538,7174,7712
5103,2019-09-12,637,7560,8197
5103,2019-09-13,602,7984,8586
5103,2019-09-14,434,7935,8369
5103,2019-09-15,80,5956,6036
5103,2019-09-16,515,7741,8256
5103,2019-09-17,531,7723,8254
5103,2019-09-18,625,7707,8332
5103,2019-09-19,636,9096,9732
5103,2019-09-20,586,7909,8495
5103,2019-09-21,280,6108,6388
5103,2019-09-22,75,4719,4794
5103,2019-09-23,612,7301,7913
5103,2019-09-24,577,7630,8207
5103,2019-09-25,597,7469,8066
5103,2019-09-26,532,7658,8190
5103,2019-09-27,592,7897,8489
5103,2019-09-28,232,5713,5945
5103,2019-09-29,80,4218,4298
5103,2019-09-30,605,7779,8384
5103,2019-10-01,564,8205,8769
5103,2019-10-02,591,8148,8739
5103,2019-10-03,527,8503,9030
5103,2019-10-04,522,8274,8796
5103,2019-10-05,233,6328,6561
5103,2019-10-06,53,4259,4312
5103,2019-10-07,502,7592,8094
5103,2019-10-08,511,7986,8497
5103,2019-10-09,484,6620,7104
5103,2019-10-10,534,8271,8805
5103,2019-10-11,560,8537,9097
5103,2019-10-12,230,6269,6499
5103,2019-10-13,75,5536,5611
5103,2019-10-14,517,8005,8522
5103,2019-10-15,584,8122,8706
5103,2019-10-16,585,8063,8648
5103,2019-10-17,558,7551,8109
5103,2019-10-18,577,8281,8858
5103,2019-10-19,227,5974,6201
5103,2019-10-20,51,4175,4226
5103,2019-10-21,607,7490,8097
5103,2019-10-22,579,8184,8763
5103,2019-10-23,586,8177,8763
5103,2019-10-24,569,8706,9275
5103,2019-10-25,664,8618,9282
5103,2019-10-26,339,8007,8346
5103,2019-10-27,80,5522,5602
5103,2019-10-28,540,7623,8163
5103,2019-10-29,596,8029,8625
5103,2019-10-30,591,7821,8412
5103,2019-11-01,64,4618,4682
5103,2019-11-02,259,6009,6268
5103,2019-11-03,61,4469,4530
5103,2019-11-04,369,3855,4224
5103,2019-11-05,459,6722,7181
5103,2019-11-06,540,8271,8811
5103,2019-11-07,534,8225,8759
5103,2019-11-08,559,8263,8822
5103,2019-11-09,214,5987,6201
5103,2019-11-10,59,4268,4327
5103,2019-11-11,537,7753,8290
5103,2019-11-12,520,8070,8590
5103,2019-11-13,558,7843,8401
5103,2019-11-14,497,8226,8723
5103,2019-11-15,574,8271,8845
5103,2019-11-16,275,5821,6096
5103,2019-11-17,59,3932,3991
5103,2019-11-18,597,7488,8085
5103,2019-11-19,607,8110,8717
5103,2019-11-20,614,7956,8570
5103,2019-11-21,583,8094,8677
5103,2019-11-22,595,8074,8669
5103,2019-11-23,241,5641,5882
5103,2019-11-24,60,4518,4578
5103,2019-11-25,561,7639,8200
5103,2019-11-26,551,7962,8513
5103,2019-11-27,547,8068,8615
5103,2019-11-28,550,8093,8643
5103,2019-11-29,558,8526,9084
5103,2019-11-30,251,5854,6105
5103,2019-12-01,60,3981,4041
5103,2019-12-02,566,7482,8048
5103,2019-12-03,550,7843,8393
5103,2019-12-04,588,7563,8151
5103,2019-12-05,513,8170,8683
5103,2019-12-06,495,7614,8109
5103,2019-12-07,198,5348,5546
5103,2019-12-08,55,3677,3732
5103,2019-12-09,513,7323,7836
5103,2019-12-10,559,7766,8325
5103,2019-12-11,501,7778,8279
5103,2019-12-12,528,7850,8378
5103,2019-12-13,487,7915,8402
5103,2019-12-14,219,5453,5672
5103,2019-12-15,52,3942,3994
5103,2019-12-16,508,7276,7784
5103,2019-12-17,536,7775,8311
5103,2019-12-18,519,7629,8148
5103,2019-12-19,472,7920,8392
5103,2019-12-20,418,8082,8500
5103,2019-12-21,190,5064,5254
5103,2019-12-22,44,3512,3556
5103,2019-12-23,293,5820,6113
5103,2019-12-24,262,4903,5165
5103,2019-12-25,39,3247,3286
5103,2019-12-26,50,2848,2898
5103,2019-12-27,287,4872,5159
5103,2019-12-28,185,4146,4331
5103,2019-12-29,54,3452,3506
5103,2019-12-30,284,4980,5264
5103,2019-12-31,270,4450,4720
5104,2019-01-01,13,2174,2187
5104,2019-01-02,120,3895,4015
5104,2019-01-04,150,4591,4741
5104,2019-01-05,63,3490,3553
5104,2019-01-06,18,2538,2556
5104,2019-01-07,179,5410,5589
5104,2019-01-08,244,5788,6032
5104,2019-01-09,212,5506,5718
5104,2019-01-10,214,5815,6029
5104,2019-01-11,210,5855,6065
5104,2019-01-12,91,3923,4014
5104,2019-01-13,14,2812,2826
5104,2019-01-14,217,6063,6280
5104,2019-01-15,211,6559,6770
5104,2019-01-16,222,6245,6467
5104,2019-01-18,244,6416,6660
5104,2019-01-19,86,3959,4045
5104,2019-01-20,19,2911,2930
5104,2019-01-21,240,6228,6468
5104,2019-01-22,197,6076,6273
5104,2019-01-23,210,5608,5818
5104,2019-01-24,261,5858,6119
5104,2019-01-25,239,6223,6462
5104,2019-01-26,101,3805,3906
5104,2019-01-27,24,2482,2506
5104,2019-01-28,180,5909,6089
5104,2019-01-29,191,6315,6506
5104,2019-01-30,128,5154,5282
5104,2019-02-01,159,6117,6276
5104,2019-02-02,78,3927,4005
5104,2019-02-03,14,2996,3010
5104,2019-02-04,178,5949,6127
5104,2019-02-05,205,6991,7196
5104,2019-02-06,198,6432,6630
5104,2019-02-07,180,6306,6486
5104,2019-02-08,207,6649,6856
5104,2019-02-11,200,6190,6390
5104,2019-02-12,224,6413,6637
5104,2019-02-13,211,6717,6928
5104,2019-02-14,233,7136,7369
5104,2019-02-15,239,6628,6867
5104,2019-02-16,88,4273,4361
5104,2019-02-17,23,3425,3448
5104,2019-02-18,198,5503,5701
5104,2019-02-19,206,5725,5931
5104,2019-02-20,225,5812,6037
5104,2019-02-22,233,6047,6280
5104,2019-02-23,92,4317,4409
5104,2019-02-24,32,3806,3838
5104,2019-02-25,251,6446,6697
5104,2019-02-26,267,7013,7280
5104,2019-02-27,259,6820,7079
5104,2019-02-28,186,6668,6854
5104,2019-03-01,271,7218,7489
5104,2019-03-02,98,4407,4505
5104,2019-03-03,24,3215,3239
5104,2019-03-05,168,5968,6136
5104,2019-03-06,172,6076,6248
5104,2019-03-08,237,7255,7492
5104,2019-03-09,90,3918,4008
5104,2019-03-11,226,6953,7179
5104,2019-03-12,223,6843,7066
5104,2019-03-14,222,7216,7438
5104,2019-03-15,224,7184,7408
5104,2019-03-16,152,4314,4466
5104,2019-03-17,34,3158,3192
5104,2019-03-18,414,6114,6528
5104,2019-03-19,382,6757,7139
5104,2019-03-20,292,7350,7642
5104,2019-03-22,203,7944,8147
5104,2019-03-23,80,5119,5199
5104,2019-03-24,16,3696,3712
5104,2019-03-25,228,6573,6801
5104,2019-03-26,235,6741,6976
5104,2019-03-27,286,7347,7633
5104,2019-03-28,223,7069,7292
5104,2019-03-29,346,7497,7843
5104,2019-03-30,121,5409,5530
5104,2019-04-01,239,7219,7458
5104,2019-04-02,289,7134,7423
5104,2019-04-03,265,6894,7159
5104,2019-04-05,357,9793,10150
5104,2019-04-06,121,5095,5216
5104,2019-04-07,39,3540,3579
5104,2019-04-08,216,6288,6504
5104,2019-04-09,258,6742,7000
5104,2019-04-10,204,6409,6613
5104,2019-04-11,183,6934,7117
5104,2019-04-12,289,7205,7494
5104,2019-04-13,86,4377,4463
5104,2019-04-14,21,3131,3152
5104,2019-04-15,233,6511,6744
5104,2019-04-16,166,6034,6200
5104,2019-04-17,234,6743,6977
5104,2019-04-19,198,8246,8444
5104,2019-04-20,91,5269,5360
5104,2019-04-21,21,4075,4096
5104,2019-04-22,24,4000,4024
5104,2019-04-23,244,7284,7528
5104,2019-04-24,196,6596,6792
5104,2019-04-25,218,6708,6926
5104,2019-04-26,271,7394,7665
5104,2019-04-27,204,5326,5530
5104,2019-04-28,23,3522,3545
5104,2019-04-29,214,6805,7019
5104,2019-04-30,202,7936,8138
5104,2019-05-01,32,4341,4373
5104,2019-05-03,237,7388,7625
5104,2019-05-04,66,4570,4636
5104,2019-05-05,15,3599,3614
5104,2019-05-06,205,7332,7537
5104,2019-05-07,209,7878,8087
5104,2019-05-08,258,7030,7288
5104,2019-05-09,90,2698,2788
5104,2019-05-10,208,5912,6120
5104,2019-05-11,128,4368,4496
5104,2019-05-12,29,4114,4143
5104,2019-05-13,205,7412,7617
5104,2019-05-14,243,8028,8271
5104,2019-05-15,282,7993,8275
5104,2019-05-17,279,8119,8398
5104,2019-05-18,222,6223,6445
5104,2019-05-19,39,4437,4476
5104,2019-05-20,252,7571,7823
5104,2019-05-21,277,7627,7904
5104,2019-05-22,297,7477,7774
5104,2019-05-23,297,8143,8440
5104,2019-05-24,276,8064,8340
5104,2019-05-25,110,5183,5293
5104,2019-05-26,16,4112,4128
5104,2019-05-27,192,6470,6662
5104,2019-05-28,201,6780,6981
5104,2019-05-29,193,7578,7771
5104,2019-05-31,167,6240,6407
5104,2019-06-01,101,5133,5234
5104,2019-06-02,29,4297,4326
5104,2019-06-03,262,7128,7390
5104,2019-06-04,227,8203,8430
5104,2019-06-07,490,7174,7664
5104,2019-06-08,152,5354,5506
5104,2019-06-09,29,4622,4651
5104,2019-06-10,32,3040,3072
5104,2019-06-11,596,7080,7676
5104,2019-06-12,715,6969,7684
5104,2019-06-13,415,7185,7600
5104,2019-06-14,678,7382,8060
5104,2019-06-15,181,5764,5945
5104,2019-06-16,51,3971,4022
5104,2019-06-17,472,7002,7474
5104,2019-06-18,435,7304,7739
5104,2019-06-19,487,7111,7598
5104,2019-06-20,512,7231,7743
5104,2019-06-21,638,7594,8232
5104,2019-06-22,195,4946,5141
5104,2019-06-23,51,3936,3987
5104,2019-06-24,446,6950,7396
5104,2019-06-25,503,7123,7626
5104,2019-06-26,587,6819,7406
5104,2019-06-27,518,7036,7554
5104,2019-06-28,538,7679,8217
5104,2019-06-29,200,5157,5357
5104,2019-06-30,70,3763,3833
5104,2019-07-01,491,6947,7438
5104,2019-07-02,433,7464,7897
5104,2019-07-03,455,7407,7862
5104,2019-07-04,444,7724,8168
5104,2019-07-05,475,7611,8086
5104,2019-07-06,173,5568,5741
5104,2019-07-07,40,3935,3975
5104,2019-07-08,427,6932,7359
5104,2019-07-09,606,7457,8063
5104,2019-07-10,493,7307,7800
5104,2019-07-11,438,7200,7638
5104,2019-07-12,533,6956,7489
5104,2019-07-13,149,4640,4789
5104,2019-07-14,36,3843,3879
5104,2019-07-15,472,6609,7081
5104,2019-07-16,400,7162,7562
5104,2019-07-17,422,7240,7662
5104,2019-07-18,389,7232,7621
5104,2019-07-19,432,7486,7918
5104,2019-07-20,396,4776,5172
5104,2019-07-21,229,4001,4230
5104,2019-07-22,640,6126,6766
5104,2019-07-23,560,6470,7030
5104,2019-07-24,391,6826,7217
5104,2019-07-25,384,5940,6324
5104,2019-07-26,430,5862,6292
5104,2019-07-27,148,3739,3887
5104,2019-07-28,32,2972,3004
5104,2019-07-29,340,5382,5722
5104,2019-07-30,307,5658,5965
5104,2019-07-31,313,5618,5931
5104,2019-08-01,326,5711,6037
5104,2019-08-02,489,5587,6076
5104,2019-08-03,113,4038,4151
5104,2019-08-04,128,3979,4107
5104,2019-08-05,235,4704,4939
5104,2019-08-06,256,4843,5099
5104,2019-08-07,251,4737,4988
5104,2019-08-08,284,5157,5441
5104,2019-08-09,292,4684,4976
5104,2019-08-10,125,3637,3762
5104,2019-08-11,42,3057,3099
5104,2019-08-12,244,4403,4647
5104,2019-08-13,242,4638,4880
5104,2019-08-14,241,4914,5155
5104,2019-08-15,48,2779,2827
5104,2019-08-16,243,4507,4750
5104,2019-08-17,95,3214,3309
5104,2019-08-18,17,2539,2556
5104,2019-08-19,547,4719,5266
5104,2019-08-20,641,4871,5512
5104,2019-08-21,663,5199,5862
5104,2019-08-22,401,5416,5817
5104,2019-08-23,336,5434,5770
5104,2019-08-24,141,3826,3967
5104,2019-08-25,26,3338,3364
5104,2019-08-26,450,5401,5851
5104,2019-08-27,705,5516,6221
5104,2019-08-28,918,5114,6032
5104,2019-08-29,1020,5289,6309
5104,2019-08-30,567,5784,6351
5104,2019-08-31,193,3908,4101
5104,2019-09-01,34,3104,3138
5104,2019-09-02,486,6588,7074
5104,2019-09-03,572,6774,7346
5104,2019-09-04,454,6353,6807
5104,2019-09-05,507,6499,7006
5104,2019-09-06,435,6188,6623
5104,2019-09-07,143,3954,4097
5104,2019-09-08,40,2797,2837
5104,2019-09-09,378,5867,6245
5104,2019-09-10,383,6285,6668
5104,2019-09-11,394,6082,6476
5104,2019-09-12,408,6695,7103
5104,2019-09-13,412,6585,6997
5104,2019-09-14,214,5646,5860
5104,2019-09-15,70,6386,6456
5104,2019-09-16,354,6596,6950
5104,2019-09-17,370,7021,7391
5104,2019-09-18,438,6862,7300
5104,2019-09-19,451,6984,7435
5104,2019-09-20,471,6994,7465
5104,2019-09-21,215,4832,5047
5104,2019-09-22,39,3769,3808
5104,2019-09-23,437,6409,6846
5104,2019-09-24,438,7386,7824
5104,2019-09-25,445,6502,6947
5104,2019-09-26,470,7194,7664
5104,2019-09-27,503,6984,7487
5104,2019-09-28,172,4460,4632
5104,2019-09-29,60,3347,3407
5104,2019-09-30,431,7123,7554
5104,2019-10-01,491,7177,7668
5104,2019-10-02,428,7091,7519
5104,2019-10-03,809,6973,7782
5104,2019-10-04,748,7301,8049
5104,2019-10-05,167,4895,5062
5104,2019-10-06,17,3284,3301
5104,2019-10-07,356,6802,7158
5104,2019-10-08,372,7635,8007
5104,2019-10-09,402,6773,7175
5104,2019-10-10,404,7077,7481
5104,2019-10-11,440,7345,7785
5104,2019-10-12,144,4812,4956
5104,2019-10-13,23,4087,4110
5104,2019-10-14,418,6753,7171
5104,2019-10-15,437,7088,7525
5104,2019-10-16,431,6757,7188
5104,2019-10-17,381,7017,7398
5104,2019-10-18,526,7058,7584
5104,2019-10-19,154,4946,5100
5104,2019-10-20,21,3164,3185
5104,2019-10-21,426,6521,6947
5104,2019-10-22,591,6768,7359
5104,2019-10-23,436,6949,7385
5104,2019-10-24,403,7336,7739
5104,2019-10-25,533,7458,7991
5104,2019-10-26,241,7191,7432
5104,2019-10-27,44,4193,4237
5104,2019-10-28,432,6766,7198
5104,2019-10-29,559,6810,7369
5104,2019-10-30,956,6544,7500
5104,2019-11-01,86,4286,4372
5104,2019-11-02,239,4991,5230
5104,2019-11-03,47,3588,3635
5104,2019-11-04,438,6637,7075
5104,2019-11-05,353,6930,7283
5104,2019-11-06,467,6686,7153
5104,2019-11-07,409,7074,7483
5104,2019-11-08,451,7213,7664
5104,2019-11-09,154,4970,5124
5104,2019-11-10,60,3100,3160
5104,2019-11-11,440,7282,7722
5104,2019-11-12,384,7370,7754
5104,2019-11-13,439,6934,7373
5104,2019-11-14,503,7198,7701
5104,2019-11-15,567,7058,7625
5104,2019-11-16,134,4444,4578
5104,2019-11-17,24,2935,2959
5104,2019-11-18,382,7037,7419
5104,2019-11-19,389,7559,7948
5104,2019-11-20,451,7025,7476
5104,2019-11-21,641,7277,7918
5104,2019-11-22,469,6997,7466
5104,2019-11-23,151,4414,4565
5104,2019-11-24,28,3243,3271
5104,2019-11-25,391,6900,7291
5104,2019-11-26,459,7313,7772
5104,2019-11-27,518,7040,7558
5104,2019-11-28,587,7206,7793
5104,2019-11-29,478,7442,7920
5104,2019-11-30,149,4627,4776
5104,2019-12-01,25,2785,2810
5104,2019-12-02,385,7074,7459
5104,2019-12-03,449,7598,8047
5104,2019-12-04,444,6992,7436
5104,2019-12-05,598,7250,7848
5104,2019-12-06,492,7597,8089
5104,2019-12-07,142,4683,4825
5104,2019-12-08,25,2958,2983
5104,2019-12-09,379,7289,7668
5104,2019-12-10,526,7225,7751
5104,2019-12-11,448,7279,7727
5104,2019-12-12,468,7666,8134
5104,2019-12-13,387,7611,7998
5104,2019-12-14,112,4144,4256
5104,2019-12-15,22,3090,3112
5104,2019-12-16,390,6850,7240
5104,2019-12-17,629,7183,7812
5104,2019-12-18,474,6856,7330
5104,2019-12-19,483,7221,7704
5104,2019-12-20,401,7413,7814
5104,2019-12-21,113,4057,4170
5104,2019-12-22,7,2740,2747
5104,2019-12-23,176,5002,5178
5104,2019-12-24,202,4231,4433
5104,2019-12-25,25,2571,2596
5104,2019-12-26,27,2313,2340
5104,2019-12-27,173,4047,4220
5104,2019-12-28,81,3262,3343
5104,2019-12-29,16,2472,2488
5104,2019-12-30,256,4086,4342
5104,2019-12-31,150,3610,3760
5106,2019-01-24,732,9736,10468
5106,2019-01-25,666,10034,10700
5106,2019-01-26,162,5885,6047
5106,2019-01-27,46,3988,4034
5106,2019-01-28,650,9541,10191
5106,2019-01-29,707,10111,10818
5106,2019-01-31,481,9036,9517
5106,2019-02-01,498,9869,10367
5106,2019-02-02,136,5907,6043
5106,2019-02-03,41,4255,4296
5106,2019-02-04,656,9872,10528
5106,2019-02-05,788,11274,12062
5106,2019-02-07,697,10462,11159
5106,2019-02-08,770,10591,11361
5106,2019-02-09,154,7034,7188
5106,2019-02-10,34,3750,3784
5106,2019-02-11,704,9772,10476
5106,2019-02-12,778,10251,11029
5106,2019-02-13,829,10524,11353
5106,2019-02-14,698,10885,11583
5106,2019-02-15,711,10476,11187
5106,2019-02-16,190,6247,6437
5106,2019-02-17,48,4546,4594
5106,2019-02-18,639,9036,9675
5106,2019-02-19,652,9326,9978
5106,2019-02-21,743,9575,10318
5106,2019-02-22,712,9810,10522
5106,2019-02-23,208,6108,6316
5106,2019-02-24,46,4794,4840
5106,2019-02-25,854,10136,10990
5106,2019-02-26,750,10710,11460
5106,2019-02-27,800,10614,11414
5106,2019-02-28,831,11173,12004
5106,2019-03-01,778,11632,12410
5106,2019-03-02,168,7076,7244
5106,2019-03-03,34,4508,4542
5106,2019-03-04,686,9570,10256
5106,2019-03-05,826,10456,11282
5106,2019-03-06,810,10474,11284
5106,2019-03-07,861,11413,12274
5106,2019-03-08,771,11401,12172
5106,2019-03-09,239,6790,7029
5106,2019-03-10,135,4044,4179
5106,2019-03-11,829,10383,11212
5106,2019-03-12,887,10598,11485
5106,2019-03-14,874,10588,11462
5106,2019-03-15,712,11169,11881
5106,2019-03-16,191,6891,7082
5106,2019-03-17,53,4413,4466
5106,2019-03-18,896,10568,11464
5106,2019-03-19,876,11158,12034
5106,2019-03-21,954,11706,12660
5106,2019-03-22,852,11369,12221
5106,2019-03-23,178,6887,7065
5106,2019-03-24,39,4753,4792
5106,2019-03-25,742,10271,11013
5106,2019-03-26,774,10471,11245
5106,2019-03-27,924,10736,11660
5106,2019-03-28,759,10857,11616
5106,2019-03-29,809,11081,11890
5106,2019-03-30,217,8402,8619
5106,2019-04-01,830,11036,11866
5106,2019-04-02,816,11614,12430
5106,2019-04-04,890,11989,12879
5106,2019-04-05,947,12895,13842
5106,2019-04-06,164,7441,7605
5106,2019-04-07,77,5147,5224
5106,2019-04-08,645,10202,10847
5106,2019-04-09,774,10553,11327
5106,2019-04-10,775,10169,10944
5106,2019-04-11,725,10948,11673
5106,2019-04-12,851,11824,12675
5106,2019-04-13,184,6394,6578
5106,2019-04-14,55,4429,4484
5106,2019-04-15,769,10249,11018
5106,2019-04-16,742,10304,11046
5106,2019-04-18,780,11649,12429
5106,2019-04-19,802,12015,12817
5106,2019-04-20,172,7509,7681
5106,2019-04-21,41,5756,5797
5106,2019-04-22,84,5705,5789
5106,2019-04-23,873,11306,12179
5106,2019-04-24,1056,11956,13012
5106,2019-04-25,799,10717,11516
5106,2019-04-26,913,11630,12543
5106,2019-04-27,360,9405,9765
5106,2019-04-28,84,5793,5877
5106,2019-04-29,855,10829,11684
5106,2019-04-30,903,11818,12721
5106,2019-05-02,888,11067,11955
5106,2019-05-03,846,10974,11820
5106,2019-05-04,181,6628,6809
5106,2019-05-05,72,5356,5428
5106,2019-05-06,818,10836,11654
5106,2019-05-07,942,11611,12553
5106,2019-05-08,1016,11762,12778
5106,2019-05-09,188,4646,4834
5106,2019-05-10,806,9929,10735
5106,2019-05-11,265,6053,6318
5106,2019-05-12,74,5446,5520
5106,2019-05-13,926,11293,12219
5106,2019-05-14,928,11534,12462
5106,2019-05-16,1042,12030,13072
5106,2019-05-17,1252,12944,14196
5106,2019-05-18,1543,13547,15090
5106,2019-05-19,490,9819,10309
5106,2019-05-20,948,11064,12012
5106,2019-05-21,966,11041,12007
5106,2019-05-22,934,11173,12107
5106,2019-05-23,999,12048,13047
5106,2019-05-24,836,11789,12625
5106,2019-05-25,359,7797,8156
5106,2019-05-26,52,5502,5554
5106,2019-05-27,751,10290,11041
5106,2019-05-28,802,10718,11520
5106,2019-05-30,86,5274,5360
5106,2019-05-31,544,10133,10677
5106,2019-06-01,225,7594,7819
5106,2019-06-02,67,6236,6303
5106,2019-06-03,784,10972,11756
5106,2019-06-04,843,11589,12432
5106,2019-06-20,1291,11676,12967
5106,2019-06-21,1280,12205,13485
5106,2019-06-22,338,7299,7637
5106,2019-06-23,109,5690,5799
5106,2019-06-24,1236,10478,11714
5106,2019-06-25,1338,10841,12179
5106,2019-06-26,1346,10890,12236
5106,2019-06-27,1355,10924,12279
5106,2019-06-28,1345,11870,13215
5106,2019-06-29,272,5428,5700
5106,2019-06-30,137,4441,4578
5106,2019-07-01,1418,11258,12676
5106,2019-07-02,1291,11474,12765
5106,2019-07-03,1382,11526,12908
5106,2019-07-04,1303,11799,13102
5106,2019-07-05,1335,11754,13089
5106,2019-07-06,346,7319,7665
5106,2019-07-07,133,5336,5469
5106,2019-07-08,1315,11188,12503
5106,2019-07-09,1311,11917,13228
5106,2019-07-10,1327,11359,12686
5106,2019-07-11,1401,11410,12811
5106,2019-07-12,1121,10127,11248
5106,2019-07-13,406,9616,10022
5106,2019-07-14,147,6183,6330
5106,2019-07-15,1232,10344,11576
5106,2019-07-16,1224,11173,12397
5106,2019-07-17,1309,10747,12056
5106,2019-07-18,1165,11212,12377
5106,2019-07-19,1259,10841,12100
5106,2019-07-20,369,7801,8170
5106,2019-07-21,199,6168,6367
5106,2019-07-22,1195,10084,11279
5106,2019-07-23,1139,10495,11634
5106,2019-07-24,1125,10681,11806
5106,2019-07-25,885,9621,10506
5106,2019-07-26,849,9453,10302
5106,2019-07-27,262,5802,6064
5106,2019-07-28,97,4439,4536
5106,2019-07-29,695,9352,10047
5106,2019-07-30,695,9658,10353
5106,2019-07-31,655,9649,10304
5106,2019-08-01,731,9816,10547
5106,2019-08-02,789,9536,10325
5106,2019-08-03,226,6635,6861
5106,2019-08-04,202,5863,6065
5106,2019-08-05,655,8617,9272
5106,2019-08-06,616,8594,9210
5106,2019-08-07,661,8261,8922
5106,2019-08-08,627,9538,10165
5106,2019-08-09,686,8227,8913
5106,2019-08-10,232,5709,5941
5106,2019-08-11,119,4743,4862
5106,2019-08-12,594,8117,8711
5106,2019-08-13,655,8334,8989
5106,2019-08-14,701,8658,9359
5106,2019-08-15,182,4163,4345
5106,2019-08-16,661,8095,8756
5106,2019-08-17,225,5047,5272
5106,2019-08-18,161,4177,4338
5106,2019-08-19,950,8682,9632
5106,2019-08-20,944,9055,9999
5106,2019-08-21,1031,9298,10329
5106,2019-08-22,897,9586,10483
5106,2019-08-23,940,9430,10370
5106,2019-08-24,302,6314,6616
5106,2019-08-25,95,5130,5225
5106,2019-08-26,973,9254,10227
5106,2019-08-27,1051,9412,10463
5106,2019-08-28,1003,9582,10585
5106,2019-08-29,1070,9996,11066
5106,2019-08-30,1114,9907,11021
5106,2019-08-31,303,6185,6488
5106,2019-09-01,96,5008,5104
5106,2019-09-02,1234,9573,10807
5106,2019-09-03,1214,10037,11251
5106,2019-09-04,1212,9857,11069
5106,2019-09-05,1273,10762,12035
5106,2019-09-06,1220,9975,11195
5106,2019-09-07,307,6017,6324
5106,2019-09-08,104,4103,4207
5106,2019-09-09,1085,9655,10740
5106,2019-09-10,1172,10291,11463
5106,2019-09-11,1286,10035,11321
5106,2019-09-12,1310,10979,12289
5106,2019-09-13,1274,10310,11584
5106,2019-09-14,394,7508,7902
5106,2019-09-15,122,7163,7285
5106,2019-09-16,1187,10169,11356
5106,2019-09-17,1275,10750,12025
5106,2019-09-18,1335,10312,11647
5106,2019-09-19,1258,10756,12014
5106,2019-09-20,1215,10772,11987
5106,2019-09-21,371,7615,7986
5106,2019-09-22,115,5443,5558
5106,2019-09-23,1075,10137,11212
5106,2019-09-24,1186,11650,12836
5106,2019-09-25,1235,10429,11664
5106,2019-09-26,1151,11701,12852
5106,2019-09-27,1122,10647,11769
5106,2019-09-28,362,6914,7276
5106,2019-09-29,69,2645,2714
5106,2019-09-30,38,872,910
5106,2019-11-12,1039,11206,12245
5106,2019-11-13,1305,12089,13394
5106,2019-11-14,1228,12018,13246
5106,2019-11-15,1308,11298,12606
5106,2019-11-16,367,6743,7110
5106,2019-11-17,73,3998,4071
5106,2019-11-18,1094,8659,9753
5106,2019-11-19,1287,11731,13018
5106,2019-11-20,1437,11244,12681
5106,2019-11-21,1453,11663,13116
5106,2019-11-22,1229,11133,12362
5106,2019-11-23,277,6714,6991
5106,2019-11-24,70,4449,4519
5106,2019-11-25,1293,10631,11924
5106,2019-11-26,1199,11157,12356
5106,2019-11-27,1166,10990,12156
5106,2019-11-28,1222,11697,12919
5106,2019-11-29,1142,10868,12010
5106,2019-11-30,344,6933,7277
5106,2019-12-01,80,3861,3941
5106,2019-12-02,1165,11099,12264
5106,2019-12-03,1378,11704,13082
5106,2019-12-04,1408,11052,12460
5106,2019-12-05,1312,12169,13481
5106,2019-12-06,1200,12319,13519
5106,2019-12-07,309,6962,7271
5106,2019-12-08,88,4375,4463
5106,2019-12-09,1169,11747,12916
5106,2019-12-10,1365,11665,13030
5106,2019-12-11,1205,10815,12020
5106,2019-12-12,1259,11953,13212
5106,2019-12-13,1088,11314,12402
5106,2019-12-14,258,6503,6761
5106,2019-12-15,82,4422,4504
5106,2019-12-16,1169,10818,11987
5106,2019-12-17,1330,11837,13167
5106,2019-12-18,1306,11261,12567
5106,2019-12-19,1197,11877,13074
5106,2019-12-20,879,11380,12259
5106,2019-12-21,227,6115,6342
5106,2019-12-22,35,4130,4165
5106,2019-12-23,524,8126,8650
5106,2019-12-24,392,6705,7097
5106,2019-12-25,36,3522,3558
5106,2019-12-26,62,3612,3674
5106,2019-12-27,361,6661,7022
5106,2019-12-28,177,5177,5354
5106,2019-12-29,56,3604,3660
5106,2019-12-30,499,7107,7606
5119,2019-01-01,18,6710,6728
5119,2019-01-02,307,11599,11906
5119,2019-01-03,452,12797,13249
5119,2019-01-05,67,11230,11297
5119,2019-01-06,40,8647,8687
5119,2019-01-07,476,14266,14742
5119,2019-01-08,484,15102,15586
5119,2019-01-09,642,14977,15619
5119,2019-01-10,637,15639,16276
5119,2019-01-11,608,15950,16558
5119,2019-01-12,87,12678,12765
5119,2019-01-13,39,9076,9115
5119,2019-01-14,656,15396,16052
5119,2019-01-15,702,15775,16477
5119,2019-01-16,735,15334,16069
5119,2019-01-17,691,15850,16541
5119,2019-01-18,674,16793,17467
5119,2019-01-19,85,13137,13222
5119,2019-01-20,33,9656,9689
5119,2019-01-21,576,15541,16117
5119,2019-01-22,672,15757,16429
5119,2019-01-23,646,15286,15932
5119,2019-01-24,657,15884,16541
5119,2019-01-26,90,12642,12732
5119,2019-01-27,24,9024,9048
5119,2019-01-28,528,15030,15558
5119,2019-01-29,618,16298,16916
5119,2019-01-30,482,13379,13861
5119,2019-01-31,551,14628,15179
5119,2019-02-01,592,15318,15910
5119,2019-02-02,84,12786,12870
5119,2019-02-03,31,9469,9500
5119,2019-02-04,541,15339,15880
5119,2019-02-05,721,16389,17110
5119,2019-02-06,657,16137,16794
5119,2019-02-07,728,15610,16338
5119,2019-02-10,50,8846,8896
5119,2019-02-11,531,15698,16229
5119,2019-02-12,664,15970,16634
5119,2019-02-13,670,15980,16650
5119,2019-02-14,687,16622,17309
5119,2019-02-15,683,16925,17608
5119,2019-02-16,90,13719,13809
5119,2019-02-17,29,9669,9698
5119,2019-02-18,655,14446,15101
5119,2019-02-19,647,15055,15702
5119,2019-02-20,738,15230,15968
5119,2019-02-21,701,15471,16172
5119,2019-02-23,103,13160,13263
5119,2019-02-24,36,10375,10411
5119,2019-02-25,524,15411,15935
5119,2019-02-26,615,16297,16912
5119,2019-02-27,670,16210,16880
5119,2019-02-28,682,15802,16484
5119,2019-03-01,622,16314,16936
5119,2019-03-02,105,14194,14299
5119,2019-03-03,24,9622,9646
5119,2019-03-05,510,15362,15872
5119,2019-03-06,686,15350,16036
5119,2019-03-07,656,15392,16048
5119,2019-03-09,99,14328,14427
5119,2019-03-10,78,10574,10652
5119,2019-03-11,584,15686,16270
5119,2019-03-12,569,16416,16985
5119,2019-03-13,654,14258,14912
5119,2019-03-14,582,14816,15398
5119,2019-03-15,438,17177,17615
5119,2019-03-16,94,13884,13978
5119,2019-03-17,50,9862,9912
5119,2019-03-18,542,15758,16300
5119,2019-03-19,600,16349,16949
5119,2019-03-20,671,16429,17100
5119,2019-03-21,615,16493,17108
5119,2019-03-23,130,14528,14658
5119,2019-03-24,36,10536,10572
5119,2019-03-25,644,15827,16471
5119,2019-03-26,665,16295,16960
5119,2019-03-27,640,16406,17046
5119,2019-03-28,680,16952,17632
5119,2019-03-29,678,17650,18328
5119,2019-03-30,169,15251,15420
5119,2019-04-01,584,16080,16664
5119,2019-04-02,706,15638,16344
5119,2019-04-03,587,16691,17278
5119,2019-04-04,669,16919,17588
5119,2019-04-06,243,13135,13378
5119,2019-04-07,50,10220,10270
5119,2019-04-08,623,15016,15639
5119,2019-04-09,672,14714,15386
5119,2019-04-10,716,14262,14978
5119,2019-04-11,692,15715,16407
5119,2019-04-12,638,16155,16793
5119,2019-04-13,192,13198,13390
5119,2019-04-14,73,10016,10089
5119,2019-04-15,668,14827,15495
5119,2019-04-16,680,14662,15342
5119,2019-04-17,617,15130,15747
5119,2019-04-18,629,15480,16109
5119,2019-04-20,190,13478,13668
5119,2019-04-21,39,9853,9892
5119,2019-04-22,32,9049,9081
5119,2019-04-23,631,16502,17133
5119,2019-04-24,688,15200,15888
5119,2019-04-25,626,15762,16388
5119,2019-04-27,272,14284,14556
5119,2019-04-28,71,10315,10386
5119,2019-04-29,621,16214,16835
5119,2019-04-30,637,17693,18330
5119,2019-05-01,44,10065,10109
5119,2019-05-02,638,16260,16898
5119,2019-05-04,179,13199,13378
5119,2019-05-05,46,10810,10856
5119,2019-05-06,663,16148,16811
5119,2019-05-07,688,16718,17406
5119,2019-05-08,642,16138,16780
5119,2019-05-09,462,8810,9272
5119,2019-05-11,160,12896,13056
5119,2019-05-12,32,10437,10469
5119,2019-05-13,636,16082,16718
5119,2019-05-14,598,16590,17188
5119,2019-05-15,691,16345,17036
5119,2019-05-16,689,17024,17713
5119,2019-05-18,138,14016,14154
5119,2019-05-19,42,10466,10508
5119,2019-05-20,704,16006,16710
5119,2019-05-21,747,16616,17363
5119,2019-05-22,832,16204,17036
5119,2019-05-23,678,17025,17703
5119,2019-05-25,214,14028,14242
5119,2019-05-26,42,10395,10437
5119,2019-05-27,674,13781,14455
5119,2019-05-28,694,13760,14454
5119,2019-05-29,670,16621,17291
5119,2019-05-30,34,8536,8570
5119,2019-05-31,461,14999,15460
5119,2019-06-01,91,13066,13157
5119,2019-06-02,30,10451,10481
5119,2019-06-03,579,16215,16794
5119,2019-06-04,647,16711,17358
5119,2019-06-05,728,15554,16282
5119,2019-06-06,690,16030,16720
5119,2019-06-08,121,13657,13778
5119,2019-06-09,37,10762,10799
5119,2019-06-10,28,7870,7898
5119,2019-06-11,648,16169,16817
5119,2019-06-12,699,16240,16939
5119,2019-06-13,694,15618,16312
5119,2019-06-15,104,13834,13938
5119,2019-06-16,29,11123,11152
5119,2019-06-17,641,16228,16869
5119,2019-06-18,687,16697,17384
5119,2019-06-19,738,15132,15870
5119,2019-06-20,684,16920,17604
5119,2019-06-21,654,17298,17952
5119,2019-06-22,185,13267,13452
5119,2019-06-23,35,9817,9852
5119,2019-06-24,617,16138,16755
5119,2019-06-25,809,16611,17420
5119,2019-06-26,645,16701,17346
5119,2019-06-27,629,17503,18132
5119,2019-06-29,218,15521,15739
5119,2019-06-30,100,11875,11975
5119,2019-07-01,622,17279,17901
5119,2019-07-02,639,17437,18076
5119,2019-07-03,721,17642,18363
5119,2019-07-04,666,17342,18008
5119,2019-07-06,113,13998,14111
5119,2019-07-07,32,9848,9880
5119,2019-07-08,675,16164,16839
5119,2019-07-09,629,17052,17681
5119,2019-07-10,690,17010,17700
5119,2019-07-11,626,16080,16706
5119,2019-07-12,580,16164,16744
5119,2019-07-13,136,13769,13905
5119,2019-07-14,36,10412,10448
5119,2019-07-15,529,15596,16125
5119,2019-07-16,552,16374,16926
5119,2019-07-17,622,15944,16566
5119,2019-07-18,620,16183,16803
5119,2019-07-20,114,12951,13065
5119,2019-07-21,30,9622,9652
5119,2019-07-22,530,15272,15802
5119,2019-07-23,610,16095,16705
5119,2019-07-24,685,15709,16394
5119,2019-07-25,568,15765,16333
5119,2019-07-27,74,10520,10594
5119,2019-07-28,24,7816,7840
5119,2019-07-29,464,12697,13161
5119,2019-07-30,491,13148,13639
5119,2019-07-31,519,13179,13698
5119,2019-08-01,613,13039,13652
5119,2019-08-02,499,12771,13270
5119,2019-08-03,100,9478,9578
5119,2019-08-04,23,7139,7162
5119,2019-08-05,489,11192,11681
5119,2019-08-06,460,11630,12090
5119,2019-08-07,536,11320,11856
5119,2019-08-08,492,11658,12150
5119,2019-08-09,532,11608,12140
5119,2019-08-10,110,9353,9463
5119,2019-08-11,34,7438,7472
5119,2019-08-12,262,10424,10686
5119,2019-08-13,258,11872,12130
5119,2019-08-14,275,11994,12269
5119,2019-08-15,35,6678,6713
5119,2019-08-16,224,11424,11648
5119,2019-08-17,79,8775,8854
5119,2019-08-18,58,7191,7249
5119,2019-08-19,300,13548,13848
5119,2019-08-20,337,13555,13892
5119,2019-08-21,323,13887,14210
5119,2019-08-22,403,14657,15060
5119,2019-08-23,415,14892,15307
5119,2019-08-24,113,11465,11578
5119,2019-08-25,44,8949,8993
5119,2019-08-26,474,15580,16054
5119,2019-08-27,601,15552,16153
5119,2019-08-28,612,15698,16310
5119,2019-08-29,529,15826,16355
5119,2019-08-31,98,13330,13428
5119,2019-09-01,36,9819,9855
5119,2019-09-02,489,15333,15822
5119,2019-09-03,643,16170,16813
5119,2019-09-04,645,16129,16774
5119,2019-09-05,650,16223,16873
5119,2019-09-06,609,16872,17481
5119,2019-09-07,135,12321,12456
5119,2019-09-08,36,9310,9346
5119,2019-09-09,501,15751,16252
5119,2019-09-10,522,16451,16973
5119,2019-09-11,604,16327,16931
5119,2019-09-12,540,16619,17159
5119,2019-09-14,134,13929,14063
5119,2019-09-15,42,10064,10106
5119,2019-09-16,533,16347,16880
5119,2019-09-17,586,16878,17464
5119,2019-09-18,666,17076,17742
5119,2019-09-19,563,17174,17737
5119,2019-09-21,163,14336,14499
5119,2019-09-22,44,10327,10371
5119,2019-09-23,471,16669,17140
5119,2019-09-24,672,15656,16328
5119,2019-09-25,656,15568,16224
5119,2019-09-26,573,16636,17209
5119,2019-09-27,639,17330,17969
5119,2019-09-28,152,14714,14866
5119,2019-09-29,28,10048,10076
5119,2019-09-30,323,16218,16541
5119,2019-10-01,312,16440,16752
5119,2019-10-02,467,16709,17176
5119,2019-10-03,537,16754,17291
5119,2019-10-05,107,14632,14739
5119,2019-10-06,51,10157,10208
5119,2019-10-07,569,16395,16964
5119,2019-10-08,580,15134,15714
5119,2019-10-09,636,14582,15218
5119,2019-10-10,668,16138,16806
5119,2019-10-12,146,14172,14318
5119,2019-10-13,40,12322,12362
5119,2019-10-14,576,16563,17139
5119,2019-10-15,601,16876,17477
5119,2019-10-16,692,15544,16236
5119,2019-10-17,730,16028,16758
5119,2019-10-19,98,14168,14266
5119,2019-10-20,18,9336,9354
5119,2019-10-21,560,16608,17168
5119,2019-10-22,634,17045,17679
5119,2019-10-23,624,16780,17404
5119,2019-10-24,686,17235,17921
5119,2019-10-25,649,18072,18721
5119,2019-10-26,110,14151,14261
5119,2019-10-27,21,9616,9637
5119,2019-10-28,577,15769,16346
5119,2019-10-29,663,16526,17189
5119,2019-10-30,686,16423,17109
5119,2019-10-31,765,17648,18413
5119,2019-11-02,74,12440,12514
5119,2019-11-03,22,9040,9062
5119,2019-11-04,564,15642,16206
5119,2019-11-05,657,16794,17451
5119,2019-11-06,662,15934,16596
5119,2019-11-07,714,15790,16504
5119,2019-11-09,116,14524,14640
5119,2019-11-10,41,10337,10378
5119,2019-11-11,520,15470,15990
5119,2019-11-12,714,15616,16330
5119,2019-11-13,711,16297,17008
5119,2019-11-14,607,16468,17075
5119,2019-11-16,118,14544,14662
5119,2019-11-17,53,9911,9964
5119,2019-11-18,543,15817,16360
5119,2019-11-19,651,16539,17190
5119,2019-11-20,606,16361,16967
5119,2019-11-21,590,16546,17136
5119,2019-11-23,173,14697,14870
5119,2019-11-24,40,10348,10388
5119,2019-11-25,577,16335,16912
5119,2019-11-26,532,15882,16414
5119,2019-11-27,546,15312,15858
5119,2019-11-28,582,15618,16200
5119,2019-11-29,467,17594,18061
5119,2019-11-30,106,14698,14804
5119,2019-12-01,21,9922,9943
5119,2019-12-02,516,15729,16245
5119,2019-12-03,618,16467,17085
5119,2019-12-04,569,16584,17153
5119,2019-12-05,641,16975,17616
5119,2019-12-06,600,15878,16478
5119,2019-12-07,116,14320,14436
5119,2019-12-08,54,10357,10411
5119,2019-12-09,610,15820,16430
5119,2019-12-10,624,16785,17409
5119,2019-12-11,698,15814,16512
5119,2019-12-12,667,17048,17715
5119,2019-12-14,145,14881,15026
5119,2019-12-15,30,10020,10050
5119,2019-12-16,591,16407,16998
5119,2019-12-17,632,16082,16714
5119,2019-12-18,659,17088,17747
5119,2019-12-19,442,17694,18136
5119,2019-12-20,290,17542,17832
5119,2019-12-21,86,13316,13402
5119,2019-12-22,53,9993,10046
5119,2019-12-23,137,14302,14439
5119,2019-12-24,98,12200,12298
5119,2019-12-25,14,7431,7445
5119,2019-12-26,24,7404,7428
5119,2019-12-27,104,12264,12368
5119,2019-12-28,67,10915,10982
5119,2019-12-29,17,8432,8449
5119,2019-12-30,100,12569,12669
5119,2019-12-31,84,11807,11891
5120,2019-01-01,60,2963,3023
5120,2019-01-03,316,4846,5162
5120,2019-01-04,309,5177,5486
5120,2019-01-05,244,4592,4836
5120,2019-01-06,55,3886,3941
5120,2019-01-07,340,5150,5490
5120,2019-01-08,330,5180,5510
5120,2019-01-09,352,5220,5572
5120,2019-01-10,349,5808,6157
5120,2019-01-11,325,5705,6030
5120,2019-01-12,254,5168,5422
5120,2019-01-13,52,4048,4100
5120,2019-01-14,352,5182,5534
5120,2019-01-15,336,5755,6091
5120,2019-01-16,328,5632,5960
5120,2019-01-17,340,5510,5850
5120,2019-01-18,340,6198,6538
5120,2019-01-19,237,5612,5849
5120,2019-01-20,63,4336,4399
5120,2019-01-21,337,5689,6026
5120,2019-01-22,349,5513,5862
5120,2019-01-24,340,5894,6234
5120,2019-01-25,366,6047,6413
5120,2019-01-26,222,5442,5664
5120,2019-01-27,56,4054,4110
5120,2019-01-28,334,5282,5616
5120,2019-01-29,333,5999,6332
5120,2019-01-30,287,5188,5475
5120,2019-01-31,327,5532,5859
5120,2019-02-01,350,5967,6317
5120,2019-02-02,262,5491,5753
5120,2019-02-03,56,4359,4415
5120,2019-02-04,349,5888,6237
5120,2019-02-05,342,6057,6399
5120,2019-02-07,358,5480,5838
5120,2019-02-08,344,5878,6222
5120,2019-02-09,250,5814,6064
5120,2019-02-10,48,3798,3846
5120,2019-02-11,341,5743,6084
5120,2019-02-12,362,5929,6291
5120,2019-02-13,324,5926,6250
5120,2019-02-14,336,6424,6760
5120,2019-02-15,336,6374,6710
5120,2019-02-16,245,5972,6217
5120,2019-02-17,60,4742,4802
5120,2019-02-18,330,5493,5823
5120,2019-02-19,330,5158,5488
5120,2019-02-21,347,5714,6061
5120,2019-02-22,328,5948,6276
5120,2019-02-23,249,5566,5815
5120,2019-02-24,60,4886,4946
5120,2019-02-25,338,5862,6200
5120,2019-02-26,333,5965,6298
5120,2019-02-27,342,5903,6245
5120,2019-02-28,344,5644,5988
5120,2019-03-01,380,6166,6546
5120,2019-03-02,272,5934,6206
5120,2019-03-03,74,4236,4310
5120,2019-03-04,364,4954,5318
5120,2019-03-05,382,5374,5756
5120,2019-03-07,352,5176,5528
5120,2019-03-08,376,5836,6212
5120,2019-03-09,264,5752,6016
5120,2019-03-10,82,5526,5608
5120,2019-03-11,368,5240,5608
5120,2019-03-12,382,5434,5816
5120,2019-03-13,346,5226,5572
5120,2019-03-14,324,5280,5604
5120,2019-03-15,318,5998,6316
5120,2019-03-16,256,5332,5588
5120,2019-03-17,54,4352,4406
5120,2019-03-18,351,5568,5919
5120,2019-03-19,339,5550,5889
5120,2019-03-21,336,5986,6322
5120,2019-03-22,334,6205,6539
5120,2019-03-23,239,5900,6139
5120,2019-03-24,55,4708,4763
5120,2019-03-25,357,5655,6012
5120,2019-03-26,359,5928,6287
5120,2019-03-27,338,5859,6197
5120,2019-03-28,332,5878,6210
5120,2019-03-29,331,6293,6624
5120,2019-03-30,245,6041,6286
5120,2019-04-01,300,6021,6321
5120,2019-04-02,364,5608,5972
5120,2019-04-04,329,6063,6392
5120,2019-04-05,330,6268,6598
5120,2019-04-06,251,6304,6555
5120,2019-04-07,54,4622,4676
5120,2019-04-08,346,5417,5763
5120,2019-04-09,338,5300,5638
5120,2019-04-10,324,5142,5466
5120,2019-04-11,337,5692,6029
5120,2019-04-12,331,5938,6269
5120,2019-04-13,236,5149,5385
5120,2019-04-14,63,4389,4452
5120,2019-04-15,340,5553,5893
5120,2019-04-16,350,5272,5622
5120,2019-04-18,309,6002,6311
5120,2019-04-19,324,6424,6748
5120,2019-04-20,240,5858,6098
5120,2019-04-21,52,4730,4782
5120,2019-04-22,58,4304,4362
5120,2019-04-23,362,6008,6370
5120,2019-04-25,382,5688,6070
5120,2019-04-26,349,6287,6636
5120,2019-04-27,236,5374,5610
5120,2019-04-28,56,4362,4418
5120,2019-04-29,356,5952,6308
5120,2019-04-30,355,6750,7105
5120,2019-05-02,384,5990,6374
5120,2019-05-03,368,6074,6442
5120,2019-05-04,237,5624,5861
5120,2019-05-05,62,4613,4675
5120,2019-05-06,372,5883,6255
5120,2019-05-07,363,5861,6224
5120,2019-05-09,58,3978,4036
5120,2019-05-10,349,6356,6705
5120,2019-05-11,250,5416,5666
5120,2019-05-12,57,4767,4824
5120,2019-05-13,365,6015,6380
5120,2019-05-14,354,6071,6425
5120,2019-05-16,339,6138,6477
5120,2019-05-17,386,6645,7031
5120,2019-05-18,248,5368,5616
5120,2019-05-19,60,4566,4626
5120,2019-05-20,424,6005,6429
5120,2019-05-21,428,6086,6514
5120,2019-05-23,439,6229,6668
5120,2019-05-24,421,6480,6901
5120,2019-05-25,248,5874,6122
5120,2019-05-26,89,5272,5361
5120,2019-05-27,443,7497,7940
5120,2019-05-28,366,5872,6238
5120,2019-05-29,381,6421,6802
5120,2019-05-30,64,4092,4156
5120,2019-05-31,313,6220,6533
5120,2019-06-01,236,5775,6011
5120,2019-06-02,56,4951,5007
5120,2019-06-03,391,6080,6471
5120,2019-06-04,391,6279,6670
5120,2019-06-05,420,5738,6158
5120,2019-06-06,384,5822,6206
5120,2019-06-07,380,6190,6570
5120,2019-06-08,253,6051,6304
5120,2019-06-09,65,5132,5197
5120,2019-06-10,56,4052,4108
5120,2019-06-11,336,5987,6323
5120,2019-06-13,366,5750,6116
5120,2019-06-14,347,6596,6943
5120,2019-06-15,282,5816,6098
5120,2019-06-16,72,4880,4952
5120,2019-06-17,343,5976,6319
5120,2019-06-18,378,6157,6535
5120,2019-06-19,392,5472,5864
5120,2019-06-20,404,5732,6136
5120,2019-06-21,366,6517,6883
5120,2019-06-22,266,5817,6083
5120,2019-06-23,73,4705,4778
5120,2019-06-24,333,6217,6550
5120,2019-06-25,330,6304,6634
5120,2019-06-26,330,6332,6662
5120,2019-06-27,347,6526,6873
5120,2019-06-28,340,6766,7106
5120,2019-06-29,199,6862,7061
5120,2019-06-30,48,5311,5359
5120,2019-07-01,344,6332,6676
5120,2019-07-02,337,6290,6627
5120,2019-07-04,330,6497,6827
5120,2019-07-05,339,6729,7068
5120,2019-07-06,230,6076,6306
5120,2019-07-07,58,4638,4696
5120,2019-07-08,363,6237,6600
5120,2019-07-09,375,6327,6702
5120,2019-07-10,365,6422,6787
5120,2019-07-11,446,5884,6330
5120,2019-07-12,370,6046,6416
5120,2019-07-13,236,5809,6045
5120,2019-07-14,62,4649,4711
5120,2019-07-15,378,5944,6322
5120,2019-07-16,393,6017,6410
5120,2019-07-18,372,5732,6104
5120,2019-07-19,406,5684,6090
5120,2019-07-20,247,5306,5553
5120,2019-07-21,64,4740,4804
5120,2019-07-22,371,5818,6189
5120,2019-07-23,311,5881,6192
5120,2019-07-25,313,5662,5975
5120,2019-07-26,294,5567,5861
5120,2019-07-27,240,4448,4688
5120,2019-07-28,59,3693,3752
5120,2019-07-29,317,5005,5322
5120,2019-07-30,309,4968,5277
5120,2019-07-31,317,4854,5171
5120,2019-08-01,311,5043,5354
5120,2019-08-02,304,5052,5356
5120,2019-08-03,224,4269,4493
5120,2019-08-04,51,3514,3565
5120,2019-08-05,302,4405,4707
5120,2019-08-06,328,4165,4493
5120,2019-08-07,330,4138,4468
5120,2019-08-08,303,4351,4654
5120,2019-08-09,330,5534,5864
5120,2019-08-10,232,4247,4479
5120,2019-08-11,59,3571,3630
5120,2019-08-12,312,4062,4374
5120,2019-08-13,320,4194,4514
5120,2019-08-14,303,4437,4740
5120,2019-08-15,81,2907,2988
5120,2019-08-16,296,4333,4629
5120,2019-08-17,240,3542,3782
5120,2019-08-18,56,3230,3286
5120,2019-08-19,299,4656,4955
5120,2019-08-20,314,4578,4892
5120,2019-08-21,306,4602,4908
5120,2019-08-22,333,5010,5343
5120,2019-08-23,317,5152,5469
5120,2019-08-24,232,4458,4690
5120,2019-08-25,55,4194,4249
5120,2019-08-26,324,5134,5458
5120,2019-08-27,329,5214,5543
5120,2019-08-29,303,5335,5638
5120,2019-08-30,337,5560,5897
5120,2019-08-31,235,4819,5054
5120,2019-09-01,62,4261,4323
5120,2019-09-02,311,5246,5557
5120,2019-09-03,314,5403,5717
5120,2019-09-04,346,5339,5685
5120,2019-09-05,350,5328,5678
5120,2019-09-06,320,5767,6087
5120,2019-09-07,248,4712,4960
5120,2019-09-08,67,3990,4057
5120,2019-09-09,326,5372,5698
5120,2019-09-10,328,5644,5972
5120,2019-09-12,339,6001,6340
5120,2019-09-13,343,6145,6488
5120,2019-09-14,243,5684,5927
5120,2019-09-15,65,4669,4734
5120,2019-09-16,336,6023,6359
5120,2019-09-17,332,6046,6378
5120,2019-09-19,347,6127,6474
5120,2019-09-20,362,6253,6615
5120,2019-09-21,243,5728,5971
5120,2019-09-22,58,4590,4648
5120,2019-09-23,382,5722,6104
5120,2019-09-24,372,5726,6098
5120,2019-09-25,372,5580,5952
5120,2019-09-26,365,6057,6422
5120,2019-09-27,382,6000,6382
5120,2019-09-28,240,5452,5692
5120,2019-09-29,58,4496,4554
5120,2019-09-30,340,5608,5948
5120,2019-10-01,366,5582,5948
5120,2019-10-03,350,6005,6355
5120,2019-10-04,354,5942,6296
5120,2019-10-05,258,5666,5924
5120,2019-10-06,52,4444,4496
5120,2019-10-07,368,5921,6289
5120,2019-10-08,372,5666,6038
5120,2019-10-10,390,5626,6016
5120,2019-10-11,360,6398,6758
5120,2019-10-12,244,5580,5824
5120,2019-10-13,57,5066,5123
5120,2019-10-14,360,5866,6226
5120,2019-10-15,386,5586,5972
5120,2019-10-17,400,5228,5628
5120,2019-10-18,424,5556,5980
5120,2019-10-19,244,5310,5554
5120,2019-10-20,48,3948,3996
5120,2019-10-21,350,5817,6167
5120,2019-10-22,348,5718,6066
5120,2019-10-23,353,5734,6087
5120,2019-10-24,362,5970,6332
5120,2019-10-25,353,6527,6880
5120,2019-10-26,237,5699,5936
5120,2019-10-27,61,4663,4724
5120,2019-10-28,318,5793,6111
5120,2019-10-29,327,5675,6002
5120,2019-10-31,350,6524,6874
5120,2019-11-01,90,4256,4346
5120,2019-11-02,242,5002,5244
5120,2019-11-03,50,4212,4262
5120,2019-11-04,370,5556,5926
5120,2019-11-05,386,5696,6082
5120,2019-11-07,360,5890,6250
5120,2019-11-08,356,6201,6557
5120,2019-11-09,254,5616,5870
5120,2019-11-10,64,4664,4728
5120,2019-11-11,342,5518,5860
5120,2019-11-12,380,5602,5982
5120,2019-11-13,378,5930,6308
5120,2019-11-14,349,5971,6320
5120,2019-11-15,365,6479,6844
5120,2019-11-16,242,5784,6026
5120,2019-11-17,60,4388,4448
5120,2019-11-18,360,5502,5862
5120,2019-11-19,374,5424,5798
5120,2019-11-21,362,6014,6376
5120,2019-11-22,372,6309,6681
5120,2019-11-23,246,5691,5937
5120,2019-11-24,60,4439,4499
5120,2019-11-25,352,5832,6184
5120,2019-11-26,349,5914,6263
5120,2019-11-27,348,5276,5624
5120,2019-11-28,370,5456,5826
5120,2019-11-29,372,6164,6536
5120,2019-11-30,233,5514,5747
5120,2019-12-01,61,4161,4222
5120,2019-12-02,347,5688,6035
5120,2019-12-03,356,5818,6174
5120,2019-12-04,346,5743,6089
5120,2019-12-05,354,5982,6336
5120,2019-12-06,416,5740,6156
5120,2019-12-07,260,5488,5748
5120,2019-12-08,52,4160,4212
5120,2019-12-09,378,5630,6008
5120,2019-12-10,371,5873,6244
5120,2019-12-12,380,5762,6142
5120,2019-12-13,352,6022,6374
5120,2019-12-14,248,5458,5706
5120,2019-12-15,62,4280,4342
5120,2019-12-16,365,5854,6219
5120,2019-12-17,376,5702,6078
5120,2019-12-18,350,5854,6204
5120,2019-12-19,385,6465,6850
5120,2019-12-20,338,6636,6974
5120,2019-12-21,256,5485,5741
5120,2019-12-22,54,3856,3910
5120,2019-12-23,318,5468,5786
5120,2019-12-24,284,5166,5450
5120,2019-12-25,32,3048,3080
5120,2019-12-26,44,3180,3224
5120,2019-12-27,290,4702,4992
5120,2019-12-28,237,4348,4585
5120,2019-12-29,57,3556,3613
5120,2019-12-30,290,4809,5099
5120,2019-12-31,296,4963,5259
17563,2019-01-01,8,4151,4159
17563,2019-01-02,61,12815,12876
17563,2019-01-03,63,14624,14687
17563,2019-01-04,80,15048,15128
17563,2019-01-05,28,9992,10020
17563,2019-01-06,10,6894,6904
17563,2019-01-07,87,16199,16286
17563,2019-01-08,103,16615,16718
17563,2019-01-09,90,16487,16577
17563,2019-01-11,102,17127,17229
17563,2019-01-12,32,7685,7717
17563,2019-01-13,7,6362,6369
17563,2019-01-14,99,16764,16863
17563,2019-01-15,129,17410,17539
17563,2019-01-16,120,16899,17019
17563,2019-01-17,150,15809,15959
17563,2019-01-18,113,16922,17035
17563,2019-01-19,48,11550,11598
17563,2019-01-20,11,6583,6594
17563,2019-01-21,110,16715,16825
17563,2019-01-22,111,16363,16474
17563,2019-01-23,95,15964,16059
17563,2019-01-24,133,16978,17111
17563,2019-01-29,143,17300,17443
17563,2019-01-30,110,10944,11054
17563,2019-01-31,126,16091,16217
17563,2019-02-01,127,17455,17582
17563,2019-02-02,39,11039,11078
17563,2019-02-05,131,17276,17407
17563,2019-02-06,129,16726,16855
17563,2019-02-07,127,17210,17337
17563,2019-02-08,114,16742,16856
17563,2019-02-09,40,11642,11682
17563,2019-02-12,117,16508,16625
17563,2019-02-13,124,16180,16304
17563,2019-02-16,37,10807,10844
17563,2019-02-17,7,6893,6900
17563,2019-02-18,119,15988,16107
17563,2019-02-19,132,16201,16333
17563,2019-02-20,149,16461,16610
17563,2019-02-21,159,16604,16763
17563,2019-02-22,181,16429,16610
17563,2019-02-23,47,11664,11711
17563,2019-02-24,13,7012,7025
17563,2019-02-25,125,16805,16930
17563,2019-02-26,177,17279,17456
17563,2019-03-01,141,17948,18089
17563,2019-03-02,41,12279,12320
17563,2019-03-03,14,7143,7157
17563,2019-03-04,103,16874,16977
17563,2019-03-05,124,17505,17629
17563,2019-03-06,147,17196,17343
17563,2019-03-07,153,17876,18029
17563,2019-03-08,125,17701,17826
17563,2019-03-09,55,12698,12753
17563,2019-03-10,4,6934,6938
17563,2019-03-11,146,17447,17593
17563,2019-03-12,140,17634,17774
17563,2019-03-13,127,17089,17216
17563,2019-03-14,146,17584,17730
17563,2019-03-15,139,17797,17936
17563,2019-03-16,45,12319,12364
17563,2019-03-17,14,6980,6994
17563,2019-03-18,124,14956,15080
17563,2019-03-19,160,17151,17311
17563,2019-03-20,207,16335,16542
17563,2019-03-21,208,17223,17431
17563,2019-03-22,187,17884,18071
17563,2019-03-23,43,12447,12490
17563,2019-03-24,8,7227,7235
17563,2019-03-25,184,17103,17287
17563,2019-03-26,211,17665,17876
17563,2019-03-27,189,17285,17474
17563,2019-03-28,193,17710,17903
17563,2019-03-29,141,18317,18458
17563,2019-03-30,57,12695,12752
17563,2019-04-01,189,17438,17627
17563,2019-04-02,196,17784,17980
17563,2019-04-03,171,17518,17689
17563,2019-04-04,164,18022,18186
17563,2019-04-05,160,18138,18298
17563,2019-04-06,54,12109,12163
17563,2019-04-07,10,7102,7112
17563,2019-04-08,161,17423,17584
17563,2019-04-09,159,17746,17905
17563,2019-04-10,145,17268,17413
17563,2019-04-11,149,17840,17989
17563,2019-04-12,149,18092,18241
17563,2019-04-13,46,11761,11807
17563,2019-04-14,15,6819,6834
17563,2019-04-15,133,16990,17123
17563,2019-04-16,166,17652,17818
17563,2019-04-17,127,17346,17473
17563,2019-04-18,128,17406,17534
17563,2019-04-19,139,17181,17320
17563,2019-04-20,42,11258,11300
17563,2019-04-21,3,6569,6572
17563,2019-04-22,6,6146,6152
17563,2019-04-23,146,17424,17570
17563,2019-04-24,157,17425,17582
17563,2019-04-25,151,18403,18554
17563,2019-04-26,167,18813,18980
17563,2019-04-27,35,12879,12914
17563,2019-04-28,11,7423,7434
17563,2019-04-29,176,17759,17935
17563,2019-05-01,5,6952,6957
17563,2019-05-02,172,17880,18052
17563,2019-05-03,152,18508,18660
17563,2019-05-04,39,12321,12360
17563,2019-05-07,187,18416,18603
17563,2019-05-08,106,18476,18582
17563,2019-05-09,37,7079,7116
17563,2019-05-10,171,16912,17083
17563,2019-05-11,53,11642,11695
17563,2019-05-12,15,7473,7488
17563,2019-05-13,175,17821,17996
17563,2019-05-14,204,17108,17312
17563,2019-05-15,185,17223,17408
17563,2019-05-16,175,18937,19112
17563,2019-05-17,198,18459,18657
17563,2019-05-18,71,13692,13763
17563,2019-05-19,10,7526,7536
17563,2019-05-20,170,17632,17802
17563,2019-05-21,181,18331,18512
17563,2019-05-22,149,17366,17515
17563,2019-05-23,191,18580,18771
17563,2019-05-24,209,18626,18835
17563,2019-05-25,66,12374,12440
17563,2019-05-26,15,8459,8474
17563,2019-05-27,308,18461,18769
17563,2019-05-28,389,17996,18385
17563,2019-05-29,259,19028,19287
17563,2019-05-30,22,6902,6924
17563,2019-05-31,114,16555,16669
17563,2019-06-01,44,11892,11936
17563,2019-06-02,22,9272,9294
17563,2019-06-03,223,18385,18608
17563,2019-06-04,212,18652,18864
17563,2019-06-05,200,18095,18295
17563,2019-06-06,176,18492,18668
17563,2019-06-07,177,18590,18767
17563,2019-06-08,49,10829,10878
17563,2019-06-09,16,7423,7439
17563,2019-06-10,4,5716,5720
17563,2019-06-11,170,17859,18029
17563,2019-06-12,162,18146,18308
17563,2019-06-14,162,14697,14859
17563,2019-06-15,27,8822,8849
17563,2019-06-16,13,7759,7772
17563,2019-06-17,134,17505,17639
17563,2019-06-18,168,18013,18181
17563,2019-06-19,172,18277,18449
17563,2019-06-20,178,15554,15732
17563,2019-06-21,188,18829,19017
17563,2019-06-22,43,11931,11974
17563,2019-06-23,16,7527,7543
17563,2019-06-24,159,17527,17686
17563,2019-06-25,189,18171,18360
17563,2019-06-26,170,17836,18006
17563,2019-06-27,165,18275,18440
17563,2019-06-28,174,18704,18878
17563,2019-06-29,56,13099,13155
17563,2019-06-30,17,9011,9028
17563,2019-07-01,146,18008,18154
17563,2019-07-02,171,18070,18241
17563,2019-07-03,176,17819,17995
17563,2019-07-04,169,18098,18267
17563,2019-07-05,186,18718,18904
17563,2019-07-08,173,17515,17688
17563,2019-07-09,202,17639,17841
17563,2019-07-10,145,17304,17449
17563,2019-07-11,155,17554,17709
17563,2019-07-12,177,18520,18697
17563,2019-07-13,67,12257,12324
17563,2019-07-14,21,7235,7256
17563,2019-07-15,148,17385,17533
17563,2019-07-16,165,17830,17995
17563,2019-07-17,145,15457,15602
17563,2019-07-18,163,17865,18028
17563,2019-07-19,226,18718,18944
17563,2019-07-20,55,11649,11704
17563,2019-07-21,10,7590,7600
17563,2019-07-22,126,16846,16972
17563,2019-07-23,169,17487,17656
17563,2019-07-24,139,17344,17483
17563,2019-07-25,176,17873,18049
17563,2019-07-26,170,17751,17921
17563,2019-07-27,48,10964,11012
17563,2019-07-28,8,6381,6389
17563,2019-07-29,118,15962,16080
17563,2019-07-30,143,16140,16283
17563,2019-07-31,126,16224,16350
17563,2019-08-01,125,16637,16762
17563,2019-08-02,135,16735,16870
17563,2019-08-03,39,10157,10196
17563,2019-08-04,7,6694,6701
17563,2019-08-05,130,14985,15115
17563,2019-08-06,129,15206,15335
17563,2019-08-07,131,15083,15214
17563,2019-08-08,132,13602,13734
17563,2019-08-09,134,15309,15443
17563,2019-08-10,54,9228,9282
17563,2019-08-11,8,5858,5866
17563,2019-08-12,98,14395,14493
17563,2019-08-13,108,14520,14628
17563,2019-08-14,110,14663,14773
17563,2019-08-15,11,5513,5524
17563,2019-08-16,81,12937,13018
17563,2019-08-17,33,9321,9354
17563,2019-08-18,7,5895,5902
17563,2019-08-19,112,15602,15714
17563,2019-08-20,119,16378,16497
17563,2019-08-21,132,16299,16431
17563,2019-08-22,127,16193,16320
17563,2019-08-23,130,17072,17202
17563,2019-08-24,49,10821,10870
17563,2019-08-25,11,7431,7442
17563,2019-08-26,125,17056,17181
17563,2019-08-27,127,17956,18083
17563,2019-08-28,138,17615,17753
17563,2019-08-29,141,18301,18442
17563,2019-08-30,137,18723,18860
17563,2019-08-31,46,12227,12273
17563,2019-09-01,9,8059,8068
17563,2019-09-04,149,18062,18211
17563,2019-09-05,186,18373,18559
17563,2019-09-06,203,19033,19236
17563,2019-09-07,63,12980,13043
17563,2019-09-08,11,7148,7159
17563,2019-09-13,216,19548,19764
17563,2019-09-14,58,12643,12701
17563,2019-09-15,11,8161,8172
17563,2019-09-16,194,17767,17961
17563,2019-09-17,133,17729,17862
17563,2019-09-18,158,18121,18279
17563,2019-09-19,195,18483,18678
17563,2019-09-20,177,18631,18808
17563,2019-09-21,50,12881,12931
17563,2019-09-22,14,7385,7399
17563,2019-09-23,135,17971,18106
17563,2019-09-24,146,18427,18573
17563,2019-09-25,142,18177,18319
17563,2019-09-26,176,18051,18227
17563,2019-09-27,181,18802,18983
17563,2019-09-28,40,13051,13091
17563,2019-09-29,8,7636,7644
17563,2019-09-30,170,18230,18400
17563,2019-10-01,157,18565,18722
17563,2019-10-02,214,18318,18532
17563,2019-10-03,207,19021,19228
17563,2019-10-04,169,19028,19197
17563,2019-10-05,53,13827,13880
17563,2019-10-06,14,8171,8185
17563,2019-10-07,155,16007,16162
17563,2019-10-08,162,16316,16478
17563,2019-10-09,148,17721,17869
17563,2019-10-10,153,18422,18575
17563,2019-10-11,238,18143,18381
17563,2019-10-12,57,13480,13537
17563,2019-10-13,8,8171,8179
17563,2019-10-14,174,18216,18390
17563,2019-10-15,167,18651,18818
17563,2019-10-16,179,18323,18502
17563,2019-10-17,176,19331,19507
17563,2019-10-18,166,20354,20520
17563,2019-10-19,42,13755,13797
17563,2019-10-20,10,8976,8986
17563,2019-10-21,154,18223,18377
17563,2019-10-22,161,17905,18066
17563,2019-10-23,129,17940,18069
17563,2019-10-24,177,18234,18411
17563,2019-10-25,165,19227,19392
17563,2019-10-26,44,13802,13846
17563,2019-10-27,12,8334,8346
17563,2019-10-28,155,19649,19804
17563,2019-10-29,177,18073,18250
17563,2019-10-30,206,20251,20457
17563,2019-10-31,193,22235,22428
17563,2019-11-01,14,11320,11334
17563,2019-11-02,56,16792,16848
17563,2019-11-03,19,11297,11316
17563,2019-11-04,180,21181,21361
17563,2019-11-05,240,21468,21708
17563,2019-11-06,184,21556,21740
17563,2019-11-07,163,21726,21889
17563,2019-11-08,163,22483,22646
17563,2019-11-09,50,18285,18335
17563,2019-11-10,15,11589,11604
17563,2019-11-11,76,21864,21940
17563,2019-11-12,241,21326,21567
17563,2019-11-13,237,21294,21531
17563,2019-11-14,243,21831,22074
17563,2019-11-15,209,22517,22726
17563,2019-11-16,48,17342,17390
17563,2019-11-17,13,9197,9210
17563,2019-11-18,151,18089,18240
17563,2019-11-19,189,18769,18958
17563,2019-11-20,194,17983,18177
17563,2019-11-21,210,17810,18020
17563,2019-11-22,211,19158,19369
17563,2019-11-23,38,13479,13517
17563,2019-11-24,10,9302,9312
17563,2019-11-25,171,17984,18155
17563,2019-11-26,162,18355,18517
17563,2019-11-27,165,18051,18216
17563,2019-11-28,199,18677,18876
17563,2019-11-29,191,19141,19332
17563,2019-11-30,49,14032,14081
17563,2019-12-01,15,9305,9320
17563,2019-12-02,187,15210,15397
17563,2019-12-03,176,15804,15980
17563,2019-12-04,195,15574,15769
17563,2019-12-05,212,18552,18764
17563,2019-12-06,204,18938,19142
17563,2019-12-07,48,13700,13748
17563,2019-12-08,9,9090,9099
17563,2019-12-09,170,18604,18774
17563,2019-12-10,217,19244,19461
17563,2019-12-11,206,18884,19090
17563,2019-12-12,195,19811,20006
17563,2019-12-13,172,19904,20076
17563,2019-12-14,61,14156,14217
17563,2019-12-15,6,9985,9991
17563,2019-12-16,142,18247,18389
17563,2019-12-17,167,18691,18858
17563,2019-12-18,187,18335,18522
17563,2019-12-19,170,19478,19648
17563,2019-12-20,162,19700,19862
17563,2019-12-21,50,13419,13469
17563,2019-12-22,7,9601,9608
17563,2019-12-23,85,16072,16157
17563,2019-12-24,69,13673,13742
17563,2019-12-25,2,4638,4640
17563,2019-12-26,8,5601,5609
17563,2019-12-27,121,13573,13694
17563,2019-12-28,36,10829,10865
17563,2019-12-29,9,7222,7231
17563,2019-12-30,77,14272,14349
17563,2019-12-31,76,13208,13284
