"POSTE_ID","date","C","V","T"
2,2016-01-01,19,2163,2182
2,2016-01-02,38,5259,5297
2,2016-01-03,30,5855,5885
2,2016-01-05,387,6930,7317
2,2016-01-06,398,6849,7247
2,2016-01-07,506,7269,7775
2,2016-01-08,401,7524,7925
2,2016-01-09,91,4769,4860
2,2016-01-10,24,5952,5976
2,2016-01-12,570,7294,7864
2,2016-01-13,558,7044,7602
2,2016-01-14,468,6906,7374
2,2016-01-15,326,5953,6279
2,2016-01-16,79,4214,4293
2,2016-01-17,34,4870,4904
2,2016-01-19,494,7332,7826
2,2016-01-20,457,7168,7625
2,2016-01-21,484,7627,8111
2,2016-01-22,433,7292,7725
2,2016-01-23,83,4855,4938
2,2016-01-24,30,5643,5673
2,2016-01-26,484,7451,7935
2,2016-01-27,514,7532,8046
2,2016-01-28,556,7650,8206
2,2016-01-29,501,7926,8427
2,2016-01-30,88,5440,5528
2,2016-01-31,24,6278,6302
2,2016-02-02,570,7636,8206
2,2016-02-03,605,7472,8077
2,2016-02-04,565,7211,7776
2,2016-02-05,486,7609,8095
2,2016-02-06,96,5250,5346
2,2016-02-07,30,4732,4762
2,2016-02-09,516,6232,6748
2,2016-02-10,482,6750,7232
2,2016-02-11,539,7373,7912
2,2016-02-12,523,7811,8334
2,2016-02-13,85,5056,5141
2,2016-02-14,32,6001,6033
2,2016-02-16,557,7373,7930
2,2016-02-17,532,7108,7640
2,2016-02-18,592,7693,8285
2,2016-02-19,460,7914,8374
2,2016-02-20,108,5244,5352
2,2016-02-21,31,6251,6282
2,2016-02-23,574,7212,7786
2,2016-02-24,563,7130,7693
2,2016-02-25,547,7527,8074
2,2016-02-26,512,8049,8561
2,2016-02-27,137,5471,5608
2,2016-02-28,34,6527,6561
2,2016-03-01,584,7695,8279
2,2016-03-02,566,7666,8232
2,2016-03-03,567,7175,7742
2,2016-03-04,423,7472,7895
2,2016-03-05,102,5250,5352
2,2016-03-06,45,5528,5573
2,2016-03-08,595,7493,8088
2,2016-03-09,623,7679,8302
2,2016-03-10,618,8117,8735
2,2016-03-11,594,8157,8751
2,2016-03-12,122,5850,5972
2,2016-03-13,32,6436,6468
2,2016-03-15,666,7657,8323
2,2016-03-16,751,7575,8326
2,2016-03-17,739,7723,8462
2,2016-03-18,703,8212,8915
2,2016-03-19,198,5551,5749
2,2016-03-20,62,6558,6620
2,2016-03-22,686,7549,8235
2,2016-03-23,694,7549,8243
2,2016-03-24,724,8185,8909
2,2016-03-25,577,9427,10004
2,2016-03-26,147,6032,6179
2,2016-03-29,678,7911,8589
2,2016-03-30,654,7872,8526
2,2016-03-31,613,8036,8649
2,2016-04-01,558,8609,9167
2,2016-04-02,167,6080,6247
2,2016-04-03,50,7020,7070
2,2016-04-05,881,7962,8843
2,2016-04-06,1234,8057,9291
2,2016-04-07,818,8260,9078
2,2016-04-08,582,8798,9380
2,2016-04-09,133,6065,6198
2,2016-04-10,43,7351,7394
2,2016-04-12,750,7776,8526
2,2016-04-13,663,7617,8280
2,2016-04-14,667,8035,8702
2,2016-04-15,576,8786,9362
2,2016-04-16,134,5651,5785
2,2016-04-17,59,7224,7283
2,2016-04-19,647,8009,8656
2,2016-04-20,694,7702,8396
2,2016-04-21,733,8194,8927
2,2016-04-22,743,8498,9241
2,2016-04-23,173,5858,6031
2,2016-04-24,57,6497,6554
2,2016-04-26,688,7948,8636
2,2016-04-27,614,7622,8236
2,2016-04-28,641,8213,8854
2,2016-04-29,701,9161,9862
2,2016-04-30,186,6705,6891
2,2016-05-01,80,7621,7701
2,2016-05-03,724,8762,9486
2,2016-05-04,677,9261,9938
2,2016-05-05,169,8549,8718
2,2016-05-06,393,7776,8169
2,2016-05-07,161,7286,7447
2,2016-05-08,143,8831,8974
2,2016-05-10,649,8113,8762
2,2016-05-11,695,7920,8615
2,2016-05-12,699,8452,9151
2,2016-05-13,713,9453,10166
2,2016-05-14,198,6919,7117
2,2016-05-15,68,7662,7730
2,2016-05-17,710,8433,9143
2,2016-05-18,688,7924,8612
2,2016-05-19,740,8347,9087
2,2016-05-20,591,9459,10050
2,2016-05-21,200,6151,6351
2,2016-05-22,115,6827,6942
2,2016-05-24,631,8128,8759
2,2016-05-25,689,7992,8681
2,2016-05-26,752,9412,10164
2,2016-05-27,680,9122,9802
2,2016-05-28,188,5944,6132
2,2016-05-29,86,7046,7132
2,2016-05-31,578,8358,8936
2,2016-06-01,702,8136,8838
2,2016-06-02,634,8644,9278
2,2016-06-03,632,9004,9636
2,2016-06-04,152,6098,6250
2,2016-06-05,86,7120,7206
2,2016-06-07,640,7990,8630
2,2016-06-08,670,8110,8780
2,2016-06-09,645,8399,9044
2,2016-06-10,639,9428,10067
2,2016-06-11,176,6519,6695
2,2016-06-12,84,6988,7072
2,2016-06-14,708,7900,8608
2,2016-06-15,590,8086,8676
2,2016-06-16,770,8350,9120
2,2016-06-17,540,10006,10546
2,2016-06-18,164,6434,6598
2,2016-06-19,92,7716,7808
2,2016-06-21,613,8226,8839
2,2016-06-22,670,8304,8974
2,2016-06-23,286,5384,5670
2,2016-06-24,498,7896,8394
2,2016-06-25,112,5932,6044
2,2016-06-26,92,6436,6528
2,2016-06-28,669,8444,9113
2,2016-06-29,605,8376,8981
2,2016-06-30,662,8820,9482
2,2016-07-01,628,9369,9997
2,2016-07-02,197,6558,6755
2,2016-07-03,83,7662,7745
2,2016-07-05,728,8230,8958
2,2016-07-06,641,8295,8936
2,2016-07-07,706,8573,9279
2,2016-07-08,681,8992,9673
2,2016-07-09,167,6850,7017
2,2016-07-10,99,7346,7445
2,2016-07-12,623,8214,8837
2,2016-07-13,666,8686,9352
2,2016-07-14,760,8960,9720
2,2016-07-15,655,9262,9917
2,2016-07-16,197,6883,7080
2,2016-07-17,141,8014,8155
2,2016-07-19,614,8533,9147
2,2016-07-20,570,8366,8936
2,2016-07-21,512,9225,9737
2,2016-07-22,578,9306,9884
2,2016-07-23,226,7572,7798
2,2016-07-24,158,7748,7906
2,2016-07-26,604,8612,9216
2,2016-07-27,542,8254,8796
2,2016-07-29,376,9646,10022
2,2016-07-30,199,7507,7706
2,2016-07-31,113,8263,8376
2,2016-08-02,386,7772,8158
2,2016-08-03,388,7536,7924
2,2016-08-04,418,7360,7778
2,2016-08-05,382,8648,9030
2,2016-08-06,146,6920,7066
2,2016-08-07,116,8534,8650
2,2016-08-09,362,7113,7475
2,2016-08-10,364,7407,7771
2,2016-08-11,392,7485,7877
2,2016-08-12,363,8460,8823
2,2016-08-13,147,7056,7203
2,2016-08-14,100,7867,7967
2,2016-08-16,458,7458,7916
2,2016-08-17,461,7530,7991
2,2016-08-18,496,7689,8185
2,2016-08-19,488,8202,8690
2,2016-08-20,163,6405,6568
2,2016-08-21,130,7094,7224
2,2016-08-23,560,8324,8884
2,2016-08-24,645,8402,9047
2,2016-08-25,612,8861,9473
2,2016-08-26,601,9944,10545
2,2016-08-27,214,6912,7126
2,2016-08-28,95,7369,7464
2,2016-08-30,599,8422,9021
2,2016-08-31,607,8538,9145
2,2016-09-01,670,8648,9318
2,2016-09-02,590,9341,9931
2,2016-09-03,134,6585,6719
2,2016-09-04,108,7322,7430
2,2016-09-06,681,8295,8976
2,2016-09-07,646,8452,9098
2,2016-09-08,748,8792,9540
2,2016-09-09,595,9285,9880
2,2016-09-10,154,6581,6735
2,2016-09-11,75,7571,7646
2,2016-09-13,677,8267,8944
2,2016-09-14,655,8283,8938
2,2016-09-15,661,8825,9486
2,2016-09-16,652,9302,9954
2,2016-09-17,165,6332,6497
2,2016-09-18,70,7341,7411
2,2016-09-20,687,8144,8831
2,2016-09-21,665,8212,8877
2,2016-09-22,717,8381,9098
2,2016-09-23,604,9146,9750
2,2016-09-24,169,6839,7008
2,2016-09-25,103,7643,7746
2,2016-09-27,672,8294,8966
2,2016-09-28,671,8205,8876
2,2016-09-29,716,8448,9164
2,2016-09-30,648,9510,10158
2,2016-10-01,220,6718,6938
2,2016-10-02,96,7146,7242
2,2016-10-04,697,8226,8923
2,2016-10-05,667,7855,8522
2,2016-10-06,695,8323,9018
2,2016-10-07,687,9103,9790
2,2016-10-08,207,6225,6432
2,2016-10-09,83,7075,7158
2,2016-10-11,706,7911,8617
2,2016-10-12,749,7746,8495
2,2016-10-13,645,8236,8881
2,2016-10-14,653,8636,9289
2,2016-10-15,212,6087,6299
2,2016-10-16,73,7088,7161
2,2016-10-18,736,8250,8986
2,2016-10-19,640,8076,8716
2,2016-10-20,656,8232,8888
2,2016-10-21,569,8746,9315
2,2016-10-22,211,5953,6164
2,2016-10-23,45,6706,6751
2,2016-10-25,610,7926,8536
2,2016-10-26,628,7870,8498
2,2016-10-27,602,8227,8829
2,2016-10-28,637,9170,9807
2,2016-10-29,144,6657,6801
2,2016-10-30,80,7216,7296
2,2016-11-01,135,6563,6698
2,2016-11-02,684,8294,8978
2,2016-11-03,688,8287,8975
2,2016-11-04,618,8642,9260
2,2016-11-05,153,5563,5716
2,2016-11-06,28,6362,6390
2,2016-11-08,637,7666,8303
2,2016-11-09,629,7686,8315
2,2016-11-10,650,8084,8734
2,2016-11-11,410,8820,9230
2,2016-11-12,108,5380,5488
2,2016-11-13,44,6239,6283
2,2016-11-15,622,8084,8706
2,2016-11-16,656,7605,8261
2,2016-11-17,644,7848,8492
2,2016-11-18,544,8294,8838
2,2016-11-19,120,5317,5437
2,2016-11-20,44,5694,5738
2,2016-11-22,612,7501,8113
2,2016-11-23,605,7542,8147
2,2016-11-24,634,8152,8786
2,2016-11-25,594,8573,9167
2,2016-11-26,153,5696,5849
2,2016-11-27,53,6178,6231
2,2016-11-29,595,7859,8454
2,2016-11-30,593,7791,8384
2,2016-12-01,660,8088,8748
2,2016-12-02,537,8636,9173
2,2016-12-03,140,6105,6245
2,2016-12-04,50,6822,6872
2,2016-12-06,581,7762,8343
2,2016-12-07,573,7684,8257
2,2016-12-08,570,8302,8872
2,2016-12-09,563,8417,8980
2,2016-12-10,123,5824,5947
2,2016-12-11,42,6516,6558
2,2016-12-13,554,7830,8384
2,2016-12-14,529,8132,8661
2,2016-12-15,575,8215,8790
2,2016-12-16,563,8850,9413
2,2016-12-17,145,6175,6320
2,2016-12-18,29,6940,6969
2,2016-12-20,602,8248,8850
2,2016-12-21,520,8236,8756
2,2016-12-22,480,8332,8812
2,2016-12-23,337,7985,8322
2,2016-12-24,70,4221,4291
2,2016-12-25,29,2005,2034
2,2016-12-27,212,6105,6317
2,2016-12-28,225,6398,6623
2,2016-12-29,244,6707,6951
2,2016-12-30,187,7184,7371
2,2016-12-31,76,4559,4635
7,2016-01-01,17,4521,4538
7,2016-01-02,53,10854,10907
7,2016-01-03,45,8998,9043
7,2016-01-04,313,11429,11742
7,2016-01-06,347,11586,11933
7,2016-01-07,362,11950,12312
7,2016-01-08,372,12413,12785
7,2016-01-09,86,10984,11070
7,2016-01-10,34,8721,8755
7,2016-01-11,395,11408,11803
7,2016-01-13,423,11943,12366
7,2016-01-14,415,12173,12588
7,2016-01-15,384,12350,12734
7,2016-01-16,97,10773,10870
7,2016-01-17,43,8112,8155
7,2016-01-18,422,11554,11976
7,2016-01-20,405,12145,12550
7,2016-01-21,395,12054,12449
7,2016-01-22,356,12310,12666
7,2016-01-23,65,10437,10502
7,2016-01-24,58,8672,8730
7,2016-01-25,438,11791,12229
7,2016-01-27,430,11827,12257
7,2016-01-28,474,14088,14562
7,2016-01-29,442,14033,14475
7,2016-01-30,84,12260,12344
7,2016-01-31,51,10039,10090
7,2016-02-01,423,12508,12931
7,2016-02-03,432,13630,14062
7,2016-02-04,466,12090,12556
7,2016-02-05,432,12621,13053
7,2016-02-06,108,11497,11605
7,2016-02-07,35,7639,7674
7,2016-02-10,477,11817,12294
7,2016-02-11,454,12445,12899
7,2016-02-12,439,13842,14281
7,2016-02-13,94,11526,11620
7,2016-02-14,54,10034,10088
7,2016-02-15,448,11739,12187
7,2016-02-17,414,12180,12594
7,2016-02-18,501,12530,13031
7,2016-02-19,475,12797,13272
7,2016-02-20,61,11222,11283
7,2016-02-21,44,9343,9387
7,2016-02-22,516,12004,12520
7,2016-02-24,444,12360,12804
7,2016-02-25,469,12815,13284
7,2016-02-26,532,13455,13987
7,2016-02-27,99,12829,12928
7,2016-02-28,42,10291,10333
7,2016-02-29,410,12870,13280
7,2016-03-02,474,12788,13262
7,2016-03-03,452,12473,12925
7,2016-03-04,435,12934,13369
7,2016-03-05,91,8710,8801
7,2016-03-06,58,9681,9739
7,2016-03-07,486,12676,13162
7,2016-03-09,458,12817,13275
7,2016-03-10,502,12943,13445
7,2016-03-11,409,13700,14109
7,2016-03-12,117,12645,12762
7,2016-03-13,64,11311,11375
7,2016-03-14,435,12163,12598
7,2016-03-16,449,12672,13121
7,2016-03-17,472,13200,13672
7,2016-03-18,486,13779,14265
7,2016-03-19,408,12610,13018
7,2016-03-20,46,9442,9488
7,2016-03-21,498,12199,12697
7,2016-03-23,432,13194,13626
7,2016-03-24,476,13571,14047
7,2016-03-25,161,11551,11712
7,2016-03-26,141,12311,12452
7,2016-03-28,68,8288,8356
7,2016-03-30,592,13020,13612
7,2016-03-31,552,13632,14184
7,2016-04-01,572,14888,15460
7,2016-04-02,148,12801,12949
7,2016-04-03,89,10222,10311
7,2016-04-04,546,12979,13525
7,2016-04-06,544,13265,13809
7,2016-04-07,542,13726,14268
7,2016-04-08,546,14287,14833
7,2016-04-09,156,13042,13198
7,2016-04-10,112,11112,11224
7,2016-04-11,502,12510,13012
7,2016-04-13,488,12917,13405
7,2016-04-14,472,13440,13912
7,2016-04-15,457,14127,14584
7,2016-04-16,142,12680,12822
7,2016-04-17,74,10943,11017
7,2016-04-18,470,12742,13212
7,2016-04-20,491,13404,13895
7,2016-04-21,504,13743,14247
7,2016-04-22,488,14321,14809
7,2016-04-23,118,12312,12430
7,2016-04-24,74,10051,10125
7,2016-04-25,516,12860,13376
7,2016-04-27,518,13074,13592
7,2016-04-28,521,13762,14283
7,2016-04-29,587,15130,15717
7,2016-04-30,74,13674,13748
7,2016-05-01,46,10036,10082
7,2016-05-02,534,13522,14056
7,2016-05-04,517,14971,15488
7,2016-05-05,123,11540,11663
7,2016-05-06,374,14126,14500
7,2016-05-07,132,13326,13458
7,2016-05-08,92,11304,11396
7,2016-05-09,492,13054,13546
7,2016-05-11,511,13799,14310
7,2016-05-12,564,14664,15228
7,2016-05-13,522,15220,15742
7,2016-05-14,135,14014,14149
7,2016-05-15,55,10272,10327
7,2016-05-16,83,10875,10958
7,2016-05-18,455,13323,13778
7,2016-05-19,489,13755,14244
7,2016-05-20,479,14098,14577
7,2016-05-21,127,12443,12570
7,2016-05-22,66,10340,10406
7,2016-05-23,442,13025,13467
7,2016-05-25,639,14352,14991
7,2016-05-26,192,14121,14313
7,2016-05-27,474,14996,15470
7,2016-05-28,80,12164,12244
7,2016-05-29,51,10349,10400
7,2016-05-30,418,12778,13196
7,2016-06-01,494,14332,14826
7,2016-06-02,530,14694,15224
7,2016-06-03,441,14136,14577
7,2016-06-04,984,15530,16514
7,2016-06-05,147,11829,11976
7,2016-06-06,482,13616,14098
7,2016-06-08,478,14342,14820
7,2016-06-09,457,14127,14584
7,2016-06-10,479,14239,14718
7,2016-06-11,92,13442,13534
7,2016-06-12,58,10486,10544
7,2016-06-13,488,13552,14040
7,2016-06-15,526,14126,14652
7,2016-06-16,520,14000,14520
7,2016-06-17,544,14762,15306
7,2016-06-18,90,13502,13592
7,2016-06-19,61,11488,11549
7,2016-06-20,489,12820,13309
7,2016-06-22,507,13503,14010
7,2016-06-23,214,11942,12156
7,2016-06-24,528,13484,14012
7,2016-06-25,92,12072,12164
7,2016-06-26,71,10127,10198
7,2016-06-27,554,12887,13441
7,2016-06-29,540,14394,14934
7,2016-06-30,437,14933,15370
7,2016-07-01,450,14782,15232
7,2016-07-02,123,12769,12892
7,2016-07-03,71,11562,11633
7,2016-07-04,510,13366,13876
7,2016-07-06,525,14024,14549
7,2016-07-07,508,13820,14328
7,2016-07-08,469,14223,14692
7,2016-07-09,125,13434,13559
7,2016-07-10,84,11245,11329
7,2016-07-11,407,12163,12570
7,2016-07-12,415,12069,12484
7,2016-07-14,452,13444,13896
7,2016-07-15,380,11994,12374
7,2016-07-16,84,10396,10480
7,2016-07-17,58,8738,8796
7,2016-07-18,455,11729,12184
7,2016-07-19,412,11972,12384
7,2016-07-21,478,12756,13234
7,2016-07-22,494,12978,13472
7,2016-07-23,94,11428,11522
7,2016-07-24,59,9623,9682
7,2016-07-25,466,11530,11996
7,2016-07-26,426,11774,12200
7,2016-07-28,499,13325,13824
7,2016-07-29,473,14047,14520
7,2016-07-30,90,12998,13088
7,2016-07-31,68,11209,11277
7,2016-08-01,420,12796,13216
7,2016-08-02,421,12703,13124
7,2016-08-04,444,12899,13343
7,2016-08-05,454,13027,13481
7,2016-08-06,105,12180,12285
7,2016-08-07,88,10887,10975
7,2016-08-08,447,12209,12656
7,2016-08-09,479,12514,12993
7,2016-08-11,430,12499,12929
7,2016-08-12,430,13074,13504
7,2016-08-13,120,11802,11922
7,2016-08-14,95,10883,10978
7,2016-08-15,220,11235,11455
7,2016-08-16,457,12924,13381
7,2016-08-18,496,12986,13482
7,2016-08-19,418,12981,13399
7,2016-08-20,133,11811,11944
7,2016-08-21,71,10131,10202
7,2016-08-22,451,12961,13412
7,2016-08-23,455,12738,13193
7,2016-08-25,433,13042,13475
7,2016-08-26,425,13516,13941
7,2016-08-27,100,11662,11762
7,2016-08-28,70,10757,10827
7,2016-08-29,509,13678,14187
7,2016-08-30,510,14098,14608
7,2016-09-01,444,14483,14927
7,2016-09-02,478,15013,15491
7,2016-09-03,119,13133,13252
7,2016-09-04,60,10318,10378
7,2016-09-05,466,13328,13794
7,2016-09-06,480,13703,14183
7,2016-09-08,451,13970,14421
7,2016-09-09,398,14448,14846
7,2016-09-10,136,12982,13118
7,2016-09-11,99,11034,11133
7,2016-09-12,298,10720,11018
7,2016-09-13,433,13352,13785
7,2016-09-15,376,12388,12764
7,2016-09-16,375,12436,12811
7,2016-09-17,92,11562,11654
7,2016-09-18,70,9091,9161
7,2016-09-19,426,11895,12321
7,2016-09-20,406,11888,12294
7,2016-09-22,413,12654,13067
7,2016-09-23,379,12596,12975
7,2016-09-24,116,11330,11446
7,2016-09-25,62,9702,9764
7,2016-09-26,414,11913,12327
7,2016-09-27,397,12129,12526
7,2016-09-29,412,12587,12999
7,2016-09-30,326,12039,12365
7,2016-10-01,78,10710,10788
7,2016-10-02,66,8752,8818
7,2016-10-03,143,10481,10624
7,2016-10-04,418,12076,12494
7,2016-10-06,441,12262,12703
7,2016-10-07,389,12598,12987
7,2016-10-08,66,11824,11890
7,2016-10-09,22,9216,9238
7,2016-10-10,433,11558,11991
7,2016-10-11,486,11727,12213
7,2016-10-13,514,11919,12433
7,2016-10-14,417,12055,12472
7,2016-10-15,98,10942,11040
7,2016-10-16,60,9402,9462
7,2016-10-17,416,11551,11967
7,2016-10-18,427,11572,11999
7,2016-10-20,452,12032,12484
7,2016-10-21,438,12074,12512
7,2016-10-22,94,10565,10659
7,2016-10-23,86,8781,8867
7,2016-10-24,432,11244,11676
7,2016-10-25,403,11957,12360
7,2016-10-27,436,12568,13004
7,2016-10-28,405,12258,12663
7,2016-10-29,104,10806,10910
7,2016-10-30,61,9315,9376
7,2016-10-31,223,11046,11269
7,2016-11-01,52,8372,8424
7,2016-11-04,404,12240,12644
7,2016-11-05,83,9716,9799
7,2016-11-06,38,8038,8076
7,2016-11-07,390,11439,11829
7,2016-11-08,454,11560,12014
7,2016-11-09,487,11315,11802
7,2016-11-11,436,12440,12876
7,2016-11-12,164,11540,11704
7,2016-11-13,59,8929,8988
7,2016-11-14,428,11729,12157
7,2016-11-15,440,12072,12512
7,2016-11-16,456,11694,12150
7,2016-11-18,470,13006,13476
7,2016-11-19,106,10827,10933
7,2016-11-20,33,8520,8553
7,2016-11-21,398,11371,11769
7,2016-11-22,388,11486,11874
7,2016-11-23,443,11882,12325
7,2016-11-25,410,12569,12979
7,2016-11-26,96,10960,11056
7,2016-11-27,57,9280,9337
7,2016-11-28,414,11861,12275
7,2016-11-29,468,12326,12794
7,2016-11-30,472,12791,13263
7,2016-12-02,400,12904,13304
7,2016-12-03,81,11351,11432
7,2016-12-04,64,9058,9122
7,2016-12-05,437,12157,12594
7,2016-12-06,434,11981,12415
7,2016-12-07,442,12320,12762
7,2016-12-09,380,12660,13040
7,2016-12-10,113,10946,11059
7,2016-12-11,54,8858,8912
7,2016-12-12,402,11872,12274
7,2016-12-13,402,11952,12354
7,2016-12-14,404,12444,12848
7,2016-12-16,372,13499,13871
7,2016-12-17,91,11981,12072
7,2016-12-18,49,9875,9924
7,2016-12-19,402,12819,13221
7,2016-12-20,404,13149,13553
7,2016-12-21,387,13746,14133
7,2016-12-23,246,13050,13296
7,2016-12-24,42,6922,6964
7,2016-12-25,12,4533,4545
7,2016-12-26,26,6372,6398
7,2016-12-27,220,11100,11320
7,2016-12-28,205,11330,11535
7,2016-12-30,202,12246,12448
7,2016-12-31,49,7871,7920
10,2016-01-01,10,4811,4821
10,2016-01-02,36,8520,8556
10,2016-01-03,22,7362,7384
10,2016-01-05,256,10567,10823
10,2016-01-06,246,10785,11031
10,2016-01-07,242,10930,11172
10,2016-01-08,321,11824,12145
10,2016-01-09,91,9200,9291
10,2016-01-10,36,7466,7502
10,2016-01-12,306,11427,11733
10,2016-01-13,360,11574,11934
10,2016-01-14,268,10983,11251
10,2016-01-15,198,9538,9736
10,2016-01-16,94,8372,8466
10,2016-01-17,26,7055,7081
10,2016-01-19,328,10953,11281
10,2016-01-20,356,11049,11405
10,2016-01-21,314,11051,11365
10,2016-01-22,351,11006,11357
10,2016-01-23,87,8619,8706
10,2016-01-24,42,7559,7601
10,2016-01-26,362,11551,11913
10,2016-01-27,378,11395,11773
10,2016-01-28,398,11871,12269
10,2016-01-29,384,12267,12651
10,2016-01-30,110,8966,9076
10,2016-01-31,30,7925,7955
10,2016-02-02,362,11438,11800
10,2016-02-03,472,11758,12230
10,2016-02-04,392,11368,11760
10,2016-02-05,407,11816,12223
10,2016-02-06,83,10072,10155
10,2016-02-07,22,6947,6969
10,2016-02-09,234,9330,9564
10,2016-02-10,330,10734,11064
10,2016-02-11,415,12341,12756
10,2016-02-12,428,12865,13293
10,2016-02-13,72,9662,9734
10,2016-02-14,24,8132,8156
10,2016-02-16,412,11662,12074
10,2016-02-17,452,11447,11899
10,2016-02-18,448,11637,12085
10,2016-02-19,460,11766,12226
10,2016-02-20,88,9586,9674
10,2016-02-21,21,7834,7855
10,2016-02-23,438,11262,11700
10,2016-02-24,451,11316,11767
10,2016-02-25,428,11723,12151
10,2016-02-26,438,12531,12969
10,2016-02-27,119,10923,11042
10,2016-02-28,36,8830,8866
10,2016-03-01,412,11696,12108
10,2016-03-02,417,11681,12098
10,2016-03-03,457,11229,11686
10,2016-03-04,314,11252,11566
10,2016-03-05,97,10409,10506
10,2016-03-06,21,4956,4977
10,2016-03-08,405,11578,11983
10,2016-03-09,419,11613,12032
10,2016-03-10,399,12078,12477
10,2016-03-11,441,12646,13087
10,2016-03-12,106,10451,10557
10,2016-03-13,30,8914,8944
10,2016-03-15,425,12142,12567
10,2016-03-16,453,12593,13046
10,2016-03-17,469,12666,13135
10,2016-03-18,474,12887,13361
10,2016-03-19,103,10298,10401
10,2016-03-20,38,8826,8864
10,2016-03-22,471,12336,12807
10,2016-03-23,494,12074,12568
10,2016-03-24,485,12406,12891
10,2016-03-25,120,12151,12271
10,2016-03-26,105,10620,10725
10,2016-03-30,373,11477,11850
10,2016-03-31,496,12106,12602
10,2016-04-01,502,12316,12818
10,2016-04-02,159,10704,10863
10,2016-04-03,61,9137,9198
10,2016-04-05,482,12140,12622
10,2016-04-06,516,12380,12896
10,2016-04-07,567,12377,12944
10,2016-04-08,522,12813,13335
10,2016-04-09,143,11077,11220
10,2016-04-10,64,10350,10414
10,2016-04-12,494,12292,12786
10,2016-04-13,486,12624,13110
10,2016-04-14,468,13035,13503
10,2016-04-15,506,13804,14310
10,2016-04-16,106,11336,11442
10,2016-04-17,53,10422,10475
10,2016-04-19,421,12481,12902
10,2016-04-20,427,12810,13237
10,2016-04-21,443,12932,13375
10,2016-04-22,475,12990,13465
10,2016-04-23,104,10606,10710
10,2016-04-24,18,8836,8854
10,2016-04-26,480,12254,12734
10,2016-04-27,430,12486,12916
10,2016-04-28,692,12534,13226
10,2016-04-29,783,12563,13346
10,2016-04-30,364,10942,11306
10,2016-05-01,216,9414,9630
10,2016-05-03,551,11757,12308
10,2016-05-04,524,12451,12975
10,2016-05-05,66,10044,10110
10,2016-05-06,327,12515,12842
10,2016-05-07,134,11238,11372
10,2016-05-08,50,10417,10467
10,2016-05-10,382,12065,12447
10,2016-05-11,417,12249,12666
10,2016-05-12,430,12281,12711
10,2016-05-13,486,13262,13748
10,2016-05-14,131,11190,11321
10,2016-05-15,59,9114,9173
10,2016-05-17,425,12245,12670
10,2016-05-18,436,11742,12178
10,2016-05-19,408,11995,12403
10,2016-05-20,445,12311,12756
10,2016-05-21,114,11226,11340
10,2016-05-22,54,9142,9196
10,2016-05-24,430,11817,12247
10,2016-05-25,426,12171,12597
10,2016-05-26,138,13612,13750
10,2016-05-27,518,12862,13380
10,2016-05-29,43,9481,9524
10,2016-05-31,442,12522,12964
10,2016-06-01,479,12383,12862
10,2016-06-02,428,12435,12863
10,2016-06-03,462,13094,13556
10,2016-06-04,102,10644,10746
10,2016-06-05,40,9976,10016
10,2016-06-07,428,12152,12580
10,2016-06-08,456,12620,13076
10,2016-06-09,419,12933,13352
10,2016-06-10,425,13391,13816
10,2016-06-11,153,11569,11722
10,2016-06-12,54,9966,10020
10,2016-06-14,372,12240,12612
10,2016-06-15,434,12308,12742
10,2016-06-16,456,12958,13414
10,2016-06-17,432,13646,14078
10,2016-06-18,104,11522,11626
10,2016-06-19,49,10196,10245
10,2016-06-21,389,11642,12031
10,2016-06-22,387,12457,12844
10,2016-06-23,164,9461,9625
10,2016-06-24,444,11946,12390
10,2016-06-25,102,9976,10078
10,2016-06-26,53,9570,9623
10,2016-06-28,392,12673,13065
10,2016-06-29,452,13109,13561
10,2016-06-30,407,13611,14018
10,2016-07-01,404,13843,14247
10,2016-07-02,138,11288,11426
10,2016-07-03,66,10523,10589
10,2016-07-05,380,12885,13265
10,2016-07-06,409,12729,13138
10,2016-07-07,424,12722,13146
10,2016-07-08,449,13617,14066
10,2016-07-09,139,11871,12010
10,2016-07-10,69,10548,10617
10,2016-07-12,454,12627,13081
10,2016-07-13,446,12080,12526
10,2016-07-14,512,13144,13656
10,2016-07-15,447,13487,13934
10,2016-07-16,99,11620,11719
10,2016-07-17,69,10495,10564
10,2016-07-19,377,12275,12652
10,2016-07-20,458,12356,12814
10,2016-07-22,423,12456,12879
10,2016-07-23,84,10722,10806
10,2016-07-24,53,10436,10489
10,2016-07-26,422,12116,12538
10,2016-07-27,470,12253,12723
10,2016-07-28,553,12108,12661
10,2016-07-29,390,12649,13039
10,2016-07-30,146,11026,11172
10,2016-07-31,89,10693,10782
10,2016-08-02,315,11510,11825
10,2016-08-03,330,11659,11989
10,2016-08-04,274,11100,11374
10,2016-08-05,319,12165,12484
10,2016-08-06,97,10821,10918
10,2016-08-07,94,10771,10865
10,2016-08-09,355,11195,11550
10,2016-08-10,390,11426,11816
10,2016-08-11,317,11283,11600
10,2016-08-12,322,11925,12247
10,2016-08-13,157,11157,11314
10,2016-08-14,93,10272,10365
10,2016-08-16,408,11485,11893
10,2016-08-17,373,11515,11888
10,2016-08-18,330,11269,11599
10,2016-08-19,320,11553,11873
10,2016-08-20,123,9905,10028
10,2016-08-21,49,9319,9368
10,2016-08-23,376,11788,12164
10,2016-08-24,391,11808,12199
10,2016-08-25,383,12084,12467
10,2016-08-26,435,12303,12738
10,2016-08-27,93,10835,10928
10,2016-08-28,49,9862,9911
10,2016-08-30,394,12070,12464
10,2016-08-31,483,12573,13056
10,2016-09-01,414,12579,12993
10,2016-09-02,435,13232,13667
10,2016-09-03,127,11940,12067
10,2016-09-04,18,9530,9548
10,2016-09-06,440,12226,12666
10,2016-09-07,414,12540,12954
10,2016-09-08,397,12749,13146
10,2016-09-09,434,13067,13501
10,2016-09-10,127,11423,11550
10,2016-09-11,67,10694,10761
10,2016-09-13,454,12264,12718
10,2016-09-14,497,12671,13168
10,2016-09-15,419,12604,13023
10,2016-09-16,478,12899,13377
10,2016-09-17,160,11828,11988
10,2016-09-18,54,9776,9830
10,2016-09-20,436,11888,12324
10,2016-09-21,431,12229,12660
10,2016-09-22,383,12518,12901
10,2016-09-23,386,12925,13311
10,2016-09-24,116,11701,11817
10,2016-09-25,51,12683,12734
10,2016-09-27,443,12157,12600
10,2016-09-28,462,12397,12859
10,2016-09-29,469,12581,13050
10,2016-09-30,478,12907,13385
10,2016-10-01,132,11308,11440
10,2016-10-02,63,9695,9758
10,2016-10-04,424,12639,13063
10,2016-10-05,533,13315,13848
10,2016-10-06,494,13141,13635
10,2016-10-07,528,13498,14026
10,2016-10-08,120,10806,10926
10,2016-10-09,41,9471,9512
10,2016-10-11,448,11578,12026
10,2016-10-12,490,12005,12495
10,2016-10-13,431,12121,12552
10,2016-10-14,488,12423,12911
10,2016-10-15,103,10343,10446
10,2016-10-16,47,10478,10525
10,2016-10-18,455,11502,11957
10,2016-10-19,451,11652,12103
10,2016-10-20,486,11664,12150
10,2016-10-21,457,12259,12716
10,2016-10-22,122,10476,10598
10,2016-10-23,26,9476,9502
10,2016-10-25,512,12147,12659
10,2016-10-26,489,12294,12783
10,2016-10-27,426,12310,12736
10,2016-10-28,442,12919,13361
10,2016-10-29,153,10991,11144
10,2016-10-30,37,10085,10122
10,2016-11-01,44,9169,9213
10,2016-11-02,479,12010,12489
10,2016-11-03,460,12326,12786
10,2016-11-04,465,12487,12952
10,2016-11-05,72,8790,8862
10,2016-11-06,29,8345,8374
10,2016-11-08,453,11511,11964
10,2016-11-09,349,11275,11624
10,2016-11-10,434,11774,12208
10,2016-11-11,441,12322,12763
10,2016-11-12,119,10070,10189
10,2016-11-13,29,8395,8424
10,2016-11-15,400,11314,11714
10,2016-11-16,368,10968,11336
10,2016-11-17,424,11731,12155
10,2016-11-18,372,11748,12120
10,2016-11-19,105,9977,10082
10,2016-11-20,46,8156,8202
10,2016-11-22,442,11292,11734
10,2016-11-23,402,11346,11748
10,2016-11-24,473,11402,11875
10,2016-11-25,433,12165,12598
10,2016-11-26,93,9779,9872
10,2016-11-27,34,8144,8178
10,2016-11-29,419,11997,12416
10,2016-11-30,428,12028,12456
10,2016-12-01,439,11880,12319
10,2016-12-02,472,12448,12920
10,2016-12-03,126,11106,11232
10,2016-12-04,44,9440,9484
10,2016-12-06,423,11514,11937
10,2016-12-07,393,11490,11883
10,2016-12-08,386,11694,12080
10,2016-12-09,395,12220,12615
10,2016-12-10,144,10317,10461
10,2016-12-11,26,8239,8265
10,2016-12-13,338,11644,11982
10,2016-12-14,406,11921,12327
10,2016-12-15,421,12025,12446
10,2016-12-16,435,12367,12802
10,2016-12-17,93,10254,10347
10,2016-12-18,23,8353,8376
10,2016-12-20,337,11677,12014
10,2016-12-21,346,11933,12279
10,2016-12-22,255,11962,12217
10,2016-12-23,207,12017,12224
10,2016-12-24,33,7696,7729
10,2016-12-25,17,4843,4860
10,2016-12-27,147,9747,9894
10,2016-12-28,170,10043,10213
10,2016-12-29,170,10541,10711
10,2016-12-30,157,10603,10760
10,2016-12-31,39,7585,7624
11,2016-01-01,27,1250,1277
11,2016-01-02,42,2256,2298
11,2016-01-03,34,1852,1886
11,2016-01-04,146,4162,4308
11,2016-01-06,176,4324,4500
11,2016-01-07,102,4324,4426
11,2016-01-08,245,4505,4750
11,2016-01-09,67,2584,2651
11,2016-01-10,28,1944,1972
11,2016-01-11,148,4838,4986
11,2016-01-13,204,4820,5024
11,2016-01-14,126,4558,4684
11,2016-01-15,154,4753,4907
11,2016-01-16,48,2458,2506
11,2016-01-17,44,1854,1898
11,2016-01-18,268,4604,4872
11,2016-01-20,262,4621,4883
11,2016-01-21,287,4695,4982
11,2016-01-22,225,4520,4745
11,2016-01-23,46,2409,2455
11,2016-01-24,35,2111,2146
11,2016-01-25,236,4927,5163
11,2016-01-27,296,4906,5202
11,2016-01-28,239,4991,5230
11,2016-01-29,252,4942,5194
11,2016-01-30,56,2578,2634
11,2016-01-31,27,2029,2056
11,2016-02-01,219,4832,5051
11,2016-02-03,275,5074,5349
11,2016-02-04,120,4762,4882
11,2016-02-05,237,4516,4753
11,2016-02-06,73,2780,2853
11,2016-02-07,109,2081,2190
11,2016-02-08,92,3158,3250
11,2016-02-10,211,4685,4896
11,2016-02-11,229,4953,5182
11,2016-02-12,272,4800,5072
11,2016-02-13,38,2424,2462
11,2016-02-14,54,2218,2272
11,2016-02-15,256,4740,4996
11,2016-02-17,313,4675,4988
11,2016-02-18,312,4764,5076
11,2016-02-19,202,4950,5152
11,2016-02-20,46,2530,2576
11,2016-02-21,23,2083,2106
11,2016-02-22,269,4721,4990
11,2016-02-24,279,4933,5212
11,2016-02-25,336,4994,5330
11,2016-02-26,338,4937,5275
11,2016-02-27,130,3061,3191
11,2016-02-28,59,2321,2380
11,2016-02-29,328,4889,5217
11,2016-03-02,230,4928,5158
11,2016-03-03,230,4904,5134
11,2016-03-04,106,4650,4756
11,2016-03-05,90,2783,2873
11,2016-03-06,59,2872,2931
11,2016-03-07,248,4614,4862
11,2016-03-09,333,4796,5129
11,2016-03-10,344,5181,5525
11,2016-03-11,303,5051,5354
11,2016-03-12,93,3089,3182
11,2016-03-13,67,2587,2654
11,2016-03-14,337,4681,5018
11,2016-03-16,326,4934,5260
11,2016-03-17,358,5234,5592
11,2016-03-18,322,5120,5442
11,2016-03-19,109,2692,2801
11,2016-03-20,70,2424,2494
11,2016-03-21,241,4513,4754
11,2016-03-23,334,4646,4980
11,2016-03-24,327,4754,5081
11,2016-03-25,100,4058,4158
11,2016-03-26,72,2896,2968
11,2016-03-28,14,1734,1748
11,2016-03-31,169,4601,4770
11,2016-04-01,244,4745,4989
11,2016-04-02,99,3102,3201
11,2016-04-03,38,2550,2588
11,2016-04-04,309,4940,5249
11,2016-04-06,293,5121,5414
11,2016-04-07,297,5234,5531
11,2016-04-08,273,5264,5537
11,2016-04-09,89,3225,3314
11,2016-04-10,67,3103,3170
11,2016-04-11,362,5104,5466
11,2016-04-12,494,12292,12786
11,2016-04-13,486,12624,13110
11,2016-04-14,468,13035,13503
11,2016-04-15,506,13804,14310
11,2016-04-16,106,11336,11442
11,2016-04-17,53,10422,10475
11,2016-04-19,421,12481,12902
11,2016-04-20,427,12810,13237
11,2016-04-21,443,12932,13375
11,2016-04-22,475,12990,13465
11,2016-04-23,104,10606,10710
11,2016-04-24,18,8836,8854
11,2016-04-27,170,5384,5554
11,2016-04-28,256,5646,5902
11,2016-04-29,342,5762,6104
11,2016-04-30,56,3156,3212
11,2016-05-01,54,2873,2927
11,2016-05-02,276,5562,5838
11,2016-05-04,336,5844,6180
11,2016-05-05,110,3742,3852
11,2016-05-06,176,4784,4960
11,2016-05-07,113,3513,3626
11,2016-05-08,71,3437,3508
11,2016-05-09,291,5220,5511
11,2016-05-11,299,5396,5695
11,2016-05-12,327,5328,5655
11,2016-05-13,258,5532,5790
11,2016-05-14,96,3223,3319
11,2016-05-15,63,2516,2579
11,2016-05-16,59,2508,2567
11,2016-05-18,276,5061,5337
11,2016-05-19,252,5334,5586
11,2016-05-20,253,5207,5460
11,2016-05-21,92,3381,3473
11,2016-05-22,69,2629,2698
11,2016-05-23,275,5048,5323
11,2016-05-25,350,5668,6018
11,2016-05-26,174,5888,6062
11,2016-05-27,220,5352,5572
11,2016-05-28,124,3290,3414
11,2016-05-29,57,2779,2836
11,2016-05-30,64,5220,5284
11,2016-05-31,210,5770,5980
11,2016-06-02,214,5754,5968
11,2016-06-03,194,5534,5728
11,2016-06-04,106,2922,3028
11,2016-06-05,40,2877,2917
11,2016-06-06,226,5406,5632
11,2016-06-07,202,5608,5810
11,2016-06-09,262,6042,6304
11,2016-06-10,286,5980,6266
11,2016-06-11,69,3510,3579
11,2016-06-12,60,3144,3204
11,2016-06-13,220,5358,5578
11,2016-06-14,282,5596,5878
11,2016-06-16,212,5752,5964
11,2016-06-17,216,5916,6132
11,2016-06-18,81,2663,2744
11,2016-06-19,71,3148,3219
11,2016-06-20,190,5450,5640
11,2016-06-21,226,5474,5700
11,2016-06-23,87,3345,3432
11,2016-06-24,178,4338,4516
11,2016-06-25,46,2812,2858
11,2016-06-26,68,2902,2970
11,2016-06-27,296,5021,5317
11,2016-06-28,303,5495,5798
11,2016-06-30,282,5510,5792
11,2016-07-01,272,5671,5943
11,2016-07-02,110,3434,3544
11,2016-07-03,84,3281,3365
11,2016-07-04,234,5422,5656
11,2016-07-05,330,5746,6076
11,2016-07-07,297,5740,6037
11,2016-07-08,299,5529,5828
11,2016-07-09,111,3626,3737
11,2016-07-10,84,3348,3432
11,2016-07-11,292,5418,5710
11,2016-07-12,289,5387,5676
11,2016-07-14,287,5519,5806
11,2016-07-15,262,5497,5759
11,2016-07-16,106,3413,3519
11,2016-07-17,73,3428,3501
11,2016-07-18,257,5143,5400
11,2016-07-19,275,5332,5607
11,2016-07-21,236,5174,5410
11,2016-07-22,266,5150,5416
11,2016-07-23,86,3184,3270
11,2016-07-24,65,3052,3117
11,2016-07-25,243,4890,5133
11,2016-07-26,238,4926,5164
11,2016-07-28,257,4867,5124
11,2016-07-29,187,4992,5179
11,2016-07-30,91,3227,3318
11,2016-07-31,58,2991,3049
11,2016-08-01,198,4608,4806
11,2016-08-02,180,4458,4638
11,2016-08-04,166,4394,4560
11,2016-08-05,154,4603,4757
11,2016-08-06,75,3230,3305
11,2016-08-07,72,3318,3390
11,2016-08-08,195,4282,4477
11,2016-08-09,228,4413,4641
11,2016-08-11,160,4243,4403
11,2016-08-12,170,4367,4537
11,2016-08-13,74,3176,3250
11,2016-08-14,92,3051,3143
11,2016-08-15,142,3489,3631
11,2016-08-16,259,4585,4844
11,2016-08-19,160,4334,4494
11,2016-08-20,85,2725,2810
11,2016-08-21,71,2607,2678
11,2016-08-22,224,4777,5001
11,2016-08-23,230,5022,5252
11,2016-08-24,229,4924,5153
11,2016-08-26,211,4792,5003
11,2016-08-27,84,3037,3121
11,2016-08-28,60,2863,2923
11,2016-08-29,265,5017,5282
11,2016-08-30,257,5328,5585
11,2016-08-31,271,5391,5662
11,2016-09-02,245,5517,5762
11,2016-09-03,108,3272,3380
11,2016-09-04,40,2294,2334
11,2016-09-05,268,4983,5251
11,2016-09-06,294,5310,5604
11,2016-09-07,318,5501,5819
11,2016-09-09,284,5537,5821
11,2016-09-10,120,3791,3911
11,2016-09-11,92,3411,3503
11,2016-09-12,294,5323,5617
11,2016-09-13,299,5409,5708
11,2016-09-14,255,5522,5777
11,2016-09-16,237,5152,5389
11,2016-09-17,165,3270,3435
11,2016-09-18,66,2888,2954
11,2016-09-19,294,5155,5449
11,2016-09-20,357,5271,5628
11,2016-09-21,379,5447,5826
11,2016-09-23,320,5559,5879
11,2016-09-24,153,3605,3758
11,2016-09-25,80,4133,4213
11,2016-09-26,328,5240,5568
11,2016-09-27,338,5483,5821
11,2016-09-28,351,5557,5908
11,2016-09-30,348,5549,5897
11,2016-10-01,63,3196,3259
11,2016-10-02,48,2634,2682
11,2016-10-03,236,5360,5596
11,2016-10-04,348,6098,6446
11,2016-10-05,371,5465,5836
11,2016-10-07,348,5640,5988
11,2016-10-08,132,3261,3393
11,2016-10-09,64,2677,2741
11,2016-10-10,338,5083,5421
11,2016-10-11,342,5307,5649
11,2016-10-12,316,5255,5571
11,2016-10-14,289,5302,5591
11,2016-10-15,82,3048,3130
11,2016-10-16,65,3444,3509
11,2016-10-17,298,4880,5178
11,2016-10-18,278,5234,5512
11,2016-10-19,287,5081,5368
11,2016-10-21,270,5058,5328
11,2016-10-22,95,3154,3249
11,2016-10-23,80,2740,2820
11,2016-10-24,150,5448,5598
11,2016-10-25,291,5579,5870
11,2016-10-26,331,5647,5978
11,2016-10-28,321,5665,5986
11,2016-10-29,120,3469,3589
11,2016-10-30,72,3179,3251
11,2016-10-31,170,4707,4877
11,2016-11-01,69,2616,2685
11,2016-11-02,317,5344,5661
11,2016-11-04,285,5331,5616
11,2016-11-05,43,2974,3017
11,2016-11-06,51,2294,2345
11,2016-11-07,302,5014,5316
11,2016-11-08,330,5227,5557
11,2016-11-09,106,5530,5636
11,2016-11-11,253,5421,5674
11,2016-11-12,106,2935,3041
11,2016-11-13,40,2338,2378
11,2016-11-14,315,4938,5253
11,2016-11-15,194,5202,5396
11,2016-11-16,178,5756,5934
11,2016-11-18,214,5394,5608
11,2016-11-19,87,2950,3037
11,2016-11-20,89,2305,2394
11,2016-11-21,337,5452,5789
11,2016-11-22,236,5277,5513
11,2016-11-23,300,5226,5526
11,2016-11-25,329,5444,5773
11,2016-11-26,97,2918,3015
11,2016-11-27,52,2344,2396
11,2016-11-28,351,4982,5333
11,2016-11-29,371,5263,5634
11,2016-11-30,375,5293,5668
11,2016-12-02,298,5225,5523
11,2016-12-03,103,3080,3183
11,2016-12-04,72,2380,2452
11,2016-12-05,305,5038,5343
11,2016-12-06,348,4996,5344
11,2016-12-07,316,5086,5402
11,2016-12-09,246,5273,5519
11,2016-12-10,66,3004,3070
11,2016-12-11,40,2249,2289
11,2016-12-12,305,4958,5263
11,2016-12-13,296,5191,5487
11,2016-12-14,310,5226,5536
11,2016-12-16,317,5065,5382
11,2016-12-17,89,3032,3121
11,2016-12-18,52,2216,2268
11,2016-12-19,292,4962,5254
11,2016-12-20,289,5076,5365
11,2016-12-21,297,4901,5198
11,2016-12-23,141,4366,4507
11,2016-12-24,60,2118,2178
11,2016-12-25,20,1368,1388
11,2016-12-26,28,1577,1605
11,2016-12-27,99,3076,3175
11,2016-12-28,104,3166,3270
11,2016-12-30,86,3218,3304
11,2016-12-31,40,1907,1947
12,2016-01-01,93,3511,3604
12,2016-01-02,214,8536,8750
12,2016-01-03,230,5530,5760
12,2016-01-05,280,10106,10386
12,2016-01-06,302,10532,10834
12,2016-01-07,408,10314,10722
12,2016-01-08,611,10118,10729
12,2016-01-09,256,9066,9322
12,2016-01-10,106,6018,6124
12,2016-01-12,398,10582,10980
12,2016-01-13,467,9743,10210
12,2016-01-14,548,10270,10818
12,2016-01-15,318,9146,9464
12,2016-01-16,138,7352,7490
12,2016-01-17,131,4998,5129
12,2016-01-19,670,8893,9563
12,2016-01-20,626,9074,9700
12,2016-01-21,638,9422,10060
12,2016-01-22,1004,9940,10944
12,2016-01-23,167,8349,8516
12,2016-01-24,214,6128,6342
12,2016-01-26,576,9512,10088
12,2016-01-27,607,9501,10108
12,2016-01-28,573,10049,10622
12,2016-01-29,653,10729,11382
12,2016-01-30,276,9692,9968
12,2016-01-31,84,6460,6544
12,2016-02-02,466,10674,11140
12,2016-02-03,622,11016,11638
12,2016-02-04,404,10542,10946
12,2016-02-05,538,10659,11197
12,2016-02-06,421,10788,11209
12,2016-02-07,338,5896,6234
12,2016-02-09,414,9234,9648
12,2016-02-10,544,11118,11662
12,2016-02-11,560,10996,11556
12,2016-02-12,539,10343,10882
12,2016-02-13,174,9430,9604
12,2016-02-14,288,6814,7102
12,2016-02-16,753,9901,10654
12,2016-02-17,701,9305,10006
12,2016-02-18,668,9760,10428
12,2016-02-20,72,9024,9096
12,2016-02-21,68,5675,5743
12,2016-02-23,268,8576,8844
12,2016-02-24,605,9419,10024
12,2016-02-25,362,9330,9692
12,2016-02-26,759,10814,11573
12,2016-02-27,485,10921,11406
12,2016-02-28,276,6449,6725
12,2016-03-01,1024,10814,11838
12,2016-03-02,664,10930,11594
12,2016-03-03,604,10744,11348
12,2016-03-04,334,10616,10950
12,2016-03-05,366,10695,11061
12,2016-03-06,181,7141,7322
12,2016-03-08,703,9826,10529
12,2016-03-09,733,9903,10636
12,2016-03-10,686,10400,11086
12,2016-03-11,747,10854,11601
12,2016-03-12,481,10415,10896
12,2016-03-13,295,6937,7232
12,2016-03-15,645,9799,10444
12,2016-03-16,744,10162,10906
12,2016-03-17,697,10977,11674
12,2016-03-18,734,10904,11638
12,2016-03-19,509,9576,10085
12,2016-03-20,335,6292,6627
12,2016-03-22,781,11672,12453
12,2016-03-23,688,11180,11868
12,2016-03-24,832,10731,11563
12,2016-03-25,274,9536,9810
12,2016-03-26,423,10569,10992
12,2016-03-30,312,10946,11258
12,2016-03-31,248,9650,9898
12,2016-04-01,342,10300,10642
12,2016-04-02,460,11236,11696
12,2016-04-03,136,7628,7764
12,2016-04-05,820,13494,14314
12,2016-04-06,942,13385,14327
12,2016-04-07,1000,13284,14284
12,2016-04-08,1054,13097,14151
12,2016-04-09,611,12009,12620
12,2016-04-10,397,10354,10751
12,2016-04-12,1086,13896,14982
12,2016-04-13,624,11633,12257
12,2016-04-14,926,11600,12526
12,2016-04-15,906,13192,14098
12,2016-04-16,508,11542,12050
12,2016-04-17,337,10788,11125
12,2016-04-19,1003,12277,13280
12,2016-04-20,976,12443,13419
12,2016-04-21,806,11980,12786
12,2016-04-22,754,12054,12808
12,2016-04-23,391,10421,10812
12,2016-04-24,122,6918,7040
12,2016-04-26,346,10450,10796
12,2016-04-28,974,12370,13344
12,2016-04-29,793,12581,13374
12,2016-04-30,299,11632,11931
12,2016-05-01,140,8272,8412
12,2016-05-03,848,12370,13218
12,2016-05-04,750,12943,13693
12,2016-05-05,379,10252,10631
12,2016-05-06,693,13225,13918
12,2016-05-07,499,11590,12089
12,2016-05-08,338,9326,9664
12,2016-05-10,788,11502,12290
12,2016-05-11,980,11494,12474
12,2016-05-12,650,11166,11816
12,2016-05-13,796,12382,13178
12,2016-05-14,506,11415,11921
12,2016-05-15,354,7342,7696
12,2016-05-17,713,11795,12508
12,2016-05-18,1072,11448,12520
12,2016-05-19,1080,12178,13258
12,2016-05-20,751,12837,13588
12,2016-05-21,576,11858,12434
12,2016-05-22,364,7996,8360
12,2016-05-24,530,11886,12416
12,2016-05-25,833,12446,13279
12,2016-05-26,754,12096,12850
12,2016-05-27,750,14609,15359
12,2016-05-28,552,12430,12982
12,2016-05-29,436,8404,8840
12,2016-05-31,726,11950,12676
12,2016-06-01,780,11898,12678
12,2016-06-02,684,12336,13020
12,2016-06-04,357,11493,11850
12,2016-06-05,300,8656,8956
12,2016-06-07,592,11364,11956
12,2016-06-08,457,11586,12043
12,2016-06-09,688,12011,12699
12,2016-06-10,733,12421,13154
12,2016-06-11,486,11742,12228
12,2016-06-12,298,8224,8522
12,2016-06-14,874,11502,12376
12,2016-06-15,832,11296,12128
12,2016-06-16,694,12240,12934
12,2016-06-17,782,12388,13170
12,2016-06-18,447,11453,11900
12,2016-06-19,369,8519,8888
12,2016-06-21,535,10801,11336
12,2016-06-22,593,11224,11817
12,2016-06-23,470,10717,11187
12,2016-06-24,572,10894,11466
12,2016-06-25,243,9811,10054
12,2016-06-26,322,7726,8048
12,2016-06-28,736,12114,12850
12,2016-06-29,722,12059,12781
12,2016-06-30,1016,12760,13776
12,2016-07-01,754,13174,13928
12,2016-07-02,622,12208,12830
12,2016-07-03,488,8654,9142
12,2016-07-05,648,12152,12800
12,2016-07-06,642,12030,12672
12,2016-07-07,715,12058,12773
12,2016-07-08,672,12233,12905
12,2016-07-09,518,12236,12754
12,2016-07-10,374,9502,9876
12,2016-07-11,696,11111,11807
12,2016-07-13,704,11308,12012
12,2016-07-14,646,12857,13503
12,2016-07-15,700,12028,12728
12,2016-07-16,509,10827,11336
12,2016-07-17,337,9347,9684
12,2016-07-18,563,11092,11655
12,2016-07-20,572,10979,11551
12,2016-07-21,726,11732,12458
12,2016-07-22,820,12184,13004
12,2016-07-23,392,10339,10731
12,2016-07-24,294,8414,8708
12,2016-07-25,583,10858,11441
12,2016-07-27,557,11658,12215
12,2016-07-28,595,11632,12227
12,2016-07-29,595,11861,12456
12,2016-07-30,432,11239,11671
12,2016-07-31,344,9033,9377
12,2016-08-01,571,11298,11869
12,2016-08-03,722,12044,12766
12,2016-08-04,482,11442,11924
12,2016-08-05,520,11788,12308
12,2016-08-06,424,11334,11758
12,2016-08-07,397,9845,10242
12,2016-08-08,530,10403,10933
12,2016-08-10,473,10303,10776
12,2016-08-11,534,10337,10871
12,2016-08-12,576,11113,11689
12,2016-08-13,376,10801,11177
12,2016-08-14,332,9024,9356
12,2016-08-15,383,9971,10354
12,2016-08-17,530,10771,11301
12,2016-08-18,588,10616,11204
12,2016-08-19,543,10682,11225
12,2016-08-20,608,10404,11012
12,2016-08-21,456,7848,8304
12,2016-08-22,580,10470,11050
12,2016-08-24,504,11025,11529
12,2016-08-25,568,11271,11839
12,2016-08-26,571,11672,12243
12,2016-08-27,379,10882,11261
12,2016-08-28,344,8397,8741
12,2016-08-29,577,11198,11775
12,2016-08-31,616,11558,12174
12,2016-09-01,601,11613,12214
12,2016-09-02,699,11932,12631
12,2016-09-03,466,11660,12126
12,2016-09-04,322,7578,7900
12,2016-09-05,659,11224,11883
12,2016-09-06,647,11140,11787
12,2016-09-08,677,11640,12317
12,2016-09-09,681,11879,12560
12,2016-09-10,462,11442,11904
12,2016-09-11,333,8400,8733
12,2016-09-12,617,10936,11553
12,2016-09-13,646,11034,11680
12,2016-09-15,804,12354,13158
12,2016-09-16,1018,12582,13600
12,2016-09-17,461,10768,11229
12,2016-09-18,245,6961,7206
12,2016-09-19,670,10380,11050
12,2016-09-20,681,10294,10975
12,2016-09-22,707,11336,12043
12,2016-09-23,713,11723,12436
12,2016-09-24,553,11344,11897
12,2016-09-25,416,10429,10845
12,2016-09-26,661,10910,11571
12,2016-09-27,720,11437,12157
12,2016-09-29,812,12294,13106
12,2016-09-30,735,12674,13409
12,2016-10-01,430,12580,13010
12,2016-10-02,368,7998,8366
12,2016-10-03,571,11376,11947
12,2016-10-04,718,12980,13698
12,2016-10-13,777,11384,12161
12,2016-10-14,773,11813,12586
12,2016-10-15,392,11530,11922
12,2016-10-16,337,8828,9165
12,2016-10-17,619,10611,11230
12,2016-10-18,906,11336,12242
12,2016-10-20,898,12000,12898
12,2016-10-21,771,11466,12237
12,2016-10-22,484,10334,10818
12,2016-10-23,346,7965,8311
12,2016-10-24,372,11736,12108
12,2016-10-25,605,11388,11993
12,2016-10-27,701,11718,12419
12,2016-10-28,763,11991,12754
12,2016-10-29,451,11280,11731
12,2016-10-30,321,8576,8897
12,2016-10-31,577,12476,13053
12,2016-11-01,258,7491,7749
12,2016-11-03,707,11292,11999
12,2016-11-04,894,12166,13060
12,2016-11-05,218,11014,11232
12,2016-11-06,362,7110,7472
12,2016-11-07,571,10792,11363
12,2016-11-08,1184,11258,12442
12,2016-11-10,496,11424,11920
12,2016-11-11,479,11624,12103
12,2016-11-12,484,9508,9992
12,2016-11-13,260,6124,6384
12,2016-11-14,722,10155,10877
12,2016-11-15,324,10100,10424
12,2016-11-17,736,11270,12006
12,2016-11-18,762,11372,12134
12,2016-11-19,481,9603,10084
12,2016-11-20,286,6120,6406
12,2016-11-21,246,10344,10590
12,2016-11-22,422,10496,10918
12,2016-11-24,700,10846,11546
12,2016-11-25,745,11022,11767
12,2016-11-26,461,9808,10269
12,2016-11-27,301,6365,6666
12,2016-11-28,724,10260,10984
12,2016-11-29,788,10762,11550
12,2016-12-01,866,11105,11971
12,2016-12-02,739,11505,12244
12,2016-12-03,489,10226,10715
12,2016-12-04,339,6939,7278
12,2016-12-05,786,10771,11557
12,2016-12-06,693,10463,11156
12,2016-12-08,716,10781,11497
12,2016-12-09,696,11259,11955
12,2016-12-10,369,10455,10824
12,2016-12-11,215,6937,7152
12,2016-12-12,656,10263,10919
12,2016-12-13,686,11006,11692
12,2016-12-15,671,10642,11313
12,2016-12-16,746,11171,11917
12,2016-12-17,446,10709,11155
12,2016-12-18,287,6654,6941
12,2016-12-19,702,10483,11185
12,2016-12-20,744,10684,11428
12,2016-12-22,282,11686,11968
12,2016-12-23,418,11024,11442
12,2016-12-24,248,7212,7460
12,2016-12-25,93,3605,3698
12,2016-12-26,99,5190,5289
12,2016-12-27,340,9455,9795
12,2016-12-29,415,10814,11229
12,2016-12-30,400,9937,10337
12,2016-12-31,260,7096,7356
15,2016-01-01,4,3028,3032
15,2016-01-02,18,7060,7078
15,2016-01-03,16,6632,6648
15,2016-01-04,47,9693,9740
15,2016-01-06,28,10947,10975
15,2016-01-07,22,9430,9452
15,2016-01-08,35,11099,11134
15,2016-01-09,14,8317,8331
15,2016-01-10,49,7307,7356
15,2016-01-11,36,9520,9556
15,2016-01-13,57,10951,11008
15,2016-01-14,66,10671,10737
15,2016-01-15,29,8823,8852
15,2016-01-16,52,6965,7017
15,2016-01-17,11,6044,6055
15,2016-01-18,73,10159,10232
15,2016-01-20,73,10256,10329
15,2016-01-21,73,10949,11022
15,2016-01-22,106,10773,10879
15,2016-01-23,22,7818,7840
15,2016-01-24,17,7131,7148
15,2016-01-25,54,10895,10949
15,2016-01-27,51,10748,10799
15,2016-01-28,36,11592,11628
15,2016-01-29,51,12254,12305
15,2016-01-30,4,8792,8796
15,2016-01-31,13,7385,7398
15,2016-02-01,42,10982,11024
15,2016-02-03,54,11608,11662
15,2016-02-04,47,11191,11238
15,2016-02-05,55,12798,12853
15,2016-02-06,32,9036,9068
15,2016-02-07,14,7510,7524
15,2016-02-08,34,8500,8534
15,2016-02-10,19,10303,10322
15,2016-02-11,32,10180,10212
15,2016-02-12,50,12130,12180
15,2016-02-13,4,8028,8032
15,2016-02-14,32,7365,7397
15,2016-02-15,49,9458,9507
15,2016-02-17,76,10642,10718
15,2016-02-18,48,10163,10211
15,2016-02-19,40,10933,10973
15,2016-02-20,27,7935,7962
15,2016-02-21,6,6860,6866
15,2016-02-22,64,10943,11007
15,2016-02-24,83,10992,11075
15,2016-02-25,138,11634,11772
15,2016-02-26,108,12414,12522
15,2016-02-27,25,9330,9355
15,2016-02-28,24,7899,7923
15,2016-02-29,64,10956,11020
15,2016-03-02,62,12092,12154
15,2016-03-03,56,11797,11853
15,2016-03-04,98,12253,12351
15,2016-03-05,24,9332,9356
15,2016-03-06,9,7493,7502
15,2016-03-07,51,10233,10284
15,2016-03-09,54,11387,11441
15,2016-03-10,51,11522,11573
15,2016-03-11,59,12258,12317
15,2016-03-12,24,9156,9180
15,2016-03-13,29,7925,7954
15,2016-03-14,48,10640,10688
15,2016-03-16,53,10711,10764
15,2016-03-17,64,11815,11879
15,2016-03-18,66,11954,12020
15,2016-03-19,24,8825,8849
15,2016-03-20,9,7377,7386
15,2016-03-21,47,10329,10376
15,2016-03-23,48,11124,11172
15,2016-03-24,60,11452,11512
15,2016-03-25,30,12585,12615
15,2016-03-26,21,8651,8672
15,2016-03-28,8,6030,6038
15,2016-03-31,36,10955,10991
15,2016-04-01,74,11861,11935
15,2016-04-02,35,9655,9690
15,2016-04-03,21,7993,8014
15,2016-04-04,20,10147,10167
15,2016-04-06,35,10566,10601
15,2016-04-07,73,10620,10693
15,2016-04-08,55,11108,11163
15,2016-04-09,26,9151,9177
15,2016-04-10,20,8101,8121
15,2016-04-11,60,10066,10126
15,2016-04-12,84,10879,10963
15,2016-04-14,51,10857,10908
15,2016-04-15,51,11339,11390
15,2016-04-16,28,8829,8857
15,2016-04-17,20,7806,7826
15,2016-04-18,80,10894,10974
15,2016-04-19,54,11492,11546
15,2016-04-21,63,12098,12161
15,2016-04-22,62,12218,12280
15,2016-04-23,62,9105,9167
15,2016-04-24,22,7639,7661
15,2016-04-25,48,11195,11243
15,2016-04-26,77,11595,11672
15,2016-04-28,71,12628,12699
15,2016-04-29,81,12950,13031
15,2016-04-30,23,9649,9672
15,2016-05-01,28,8122,8150
15,2016-05-02,68,12011,12079
15,2016-05-03,45,12656,12701
15,2016-05-05,17,7899,7916
15,2016-05-06,34,10659,10693
15,2016-05-07,13,9111,9124
15,2016-05-08,18,8284,8302
15,2016-05-09,54,11269,11323
15,2016-05-10,80,12172,12252
15,2016-05-12,43,12336,12379
15,2016-05-13,69,13432,13501
15,2016-05-14,25,9307,9332
15,2016-05-15,15,7978,7993
15,2016-05-16,14,6906,6920
15,2016-05-17,80,11599,11679
15,2016-05-19,52,11939,11991
15,2016-05-20,62,12736,12798
15,2016-05-21,46,11369,11415
15,2016-05-22,27,9318,9345
15,2016-05-23,68,12019,12087
15,2016-05-24,55,12472,12527
15,2016-05-26,92,15144,15236
15,2016-05-27,66,13788,13854
15,2016-05-28,32,9622,9654
15,2016-05-29,29,9132,9161
15,2016-05-30,36,11230,11266
15,2016-05-31,55,13130,13185
15,2016-06-02,50,13565,13615
15,2016-06-03,62,13648,13710
15,2016-06-04,37,9333,9370
15,2016-06-05,22,8444,8466
15,2016-06-06,57,12598,12655
15,2016-06-07,103,12840,12943
15,2016-06-09,53,12792,12845
15,2016-06-10,65,13471,13536
15,2016-06-11,30,9455,9485
15,2016-06-12,19,8477,8496
15,2016-06-13,64,11691,11755
15,2016-06-14,71,12590,12661
15,2016-06-16,61,12434,12495
15,2016-06-17,52,12863,12915
15,2016-06-18,22,8834,8856
15,2016-06-19,10,8453,8463
15,2016-06-20,37,11596,11633
15,2016-06-21,57,11991,12048
15,2016-06-23,15,7470,7485
15,2016-06-24,59,10666,10725
15,2016-06-25,22,8555,8577
15,2016-06-26,22,7909,7931
15,2016-06-27,52,11044,11096
15,2016-06-28,49,12744,12793
15,2016-06-30,61,13361,13422
15,2016-07-01,59,13663,13722
15,2016-07-02,20,9768,9788
15,2016-07-03,23,8231,8254
15,2016-07-04,43,12580,12623
15,2016-07-05,47,12372,12419
15,2016-07-07,57,12894,12951
15,2016-07-08,48,13220,13268
15,2016-07-09,32,9263,9295
15,2016-07-10,17,8118,8135
15,2016-07-11,55,11631,11686
15,2016-07-12,42,12243,12285
15,2016-07-14,35,13011,13046
15,2016-07-15,63,12608,12671
15,2016-07-16,23,8613,8636
15,2016-07-17,16,8034,8050
15,2016-07-18,56,11328,11384
15,2016-07-19,57,11681,11738
15,2016-07-21,52,11532,11584
15,2016-07-22,99,13191,13290
15,2016-07-23,49,8999,9048
15,2016-07-24,14,7740,7754
15,2016-07-25,42,10689,10731
15,2016-07-26,64,11139,11203
15,2016-07-28,41,11848,11889
15,2016-07-29,42,11893,11935
15,2016-07-30,15,8757,8772
15,2016-07-31,16,7941,7957
15,2016-08-01,32,9635,9667
15,2016-08-02,35,10323,10358
15,2016-08-04,40,9949,9989
15,2016-08-05,31,10527,10558
15,2016-08-06,20,8387,8407
15,2016-08-07,18,7370,7388
15,2016-08-08,16,8701,8717
15,2016-08-09,30,8954,8984
15,2016-08-11,30,9053,9083
15,2016-08-12,34,9737,9771
15,2016-08-13,21,7872,7893
15,2016-08-14,22,7031,7053
15,2016-08-15,25,6717,6742
15,2016-08-16,34,9590,9624
15,2016-08-18,22,9136,9158
15,2016-08-19,31,9779,9810
15,2016-08-20,14,7789,7803
15,2016-08-21,16,7234,7250
15,2016-08-22,20,9750,9770
15,2016-08-23,37,10074,10111
15,2016-08-25,25,10865,10890
15,2016-08-26,28,11232,11260
15,2016-08-27,26,8533,8559
15,2016-08-28,13,8126,8139
15,2016-08-29,48,12013,12061
15,2016-08-30,47,12215,12262
15,2016-09-01,55,11511,11566
15,2016-09-02,55,12453,12508
15,2016-09-03,26,9491,9517
15,2016-09-04,25,8219,8244
15,2016-09-05,43,11839,11882
15,2016-09-06,51,11967,12018
15,2016-09-08,53,12040,12093
15,2016-09-09,48,12687,12735
15,2016-09-10,21,9389,9410
15,2016-09-11,12,8464,8476
15,2016-09-12,53,11393,11446
15,2016-09-13,59,11547,11606
15,2016-09-15,50,11876,11926
15,2016-09-16,53,13071,13124
15,2016-09-17,24,8994,9018
15,2016-09-18,15,7704,7719
15,2016-09-19,67,11194,11261
15,2016-09-20,64,11546,11610
15,2016-09-22,57,12085,12142
15,2016-09-23,66,12802,12868
15,2016-09-24,28,9810,9838
15,2016-09-25,15,8239,8254
15,2016-09-26,52,11426,11478
15,2016-09-27,57,11614,11671
15,2016-09-28,62,12106,12168
15,2016-09-30,62,13545,13607
15,2016-10-01,47,9682,9729
15,2016-10-02,17,8546,8563
15,2016-10-03,54,11695,11749
15,2016-10-04,66,12242,12308
15,2016-10-05,57,12576,12633
15,2016-10-07,65,13719,13784
15,2016-10-08,26,9336,9362
15,2016-10-09,19,8323,8342
15,2016-10-10,56,11880,11936
15,2016-10-11,66,11576,11642
15,2016-10-12,79,12909,12988
15,2016-10-14,66,12553,12619
15,2016-10-15,19,9190,9209
15,2016-10-16,15,8405,8420
15,2016-10-17,50,10950,11000
15,2016-10-18,58,11754,11812
15,2016-10-19,45,11718,11763
15,2016-10-21,59,12214,12273
15,2016-10-22,68,8735,8803
15,2016-10-23,24,7919,7943
15,2016-10-24,37,11101,11138
15,2016-10-25,56,11706,11762
15,2016-10-26,61,11604,11665
15,2016-10-28,64,12797,12861
15,2016-10-29,25,9316,9341
15,2016-10-30,14,8156,8170
15,2016-10-31,32,9915,9947
15,2016-11-01,19,7202,7221
15,2016-11-02,49,11658,11707
15,2016-11-04,77,13422,13499
15,2016-11-05,30,11317,11347
15,2016-11-06,30,9276,9306
15,2016-11-07,56,11618,11674
15,2016-11-08,49,11484,11533
15,2016-11-09,38,11565,11603
15,2016-11-11,67,13303,13370
15,2016-11-12,19,8465,8484
15,2016-11-13,8,7429,7437
15,2016-11-14,76,11510,11586
15,2016-11-15,38,11492,11530
15,2016-11-16,25,11533,11558
15,2016-11-18,44,10770,10814
15,2016-11-19,20,8608,8628
15,2016-11-20,13,7387,7400
15,2016-11-21,109,11396,11505
15,2016-11-22,57,11448,11505
15,2016-11-23,50,12042,12092
15,2016-11-25,88,12449,12537
15,2016-11-26,21,8921,8942
15,2016-11-27,16,7886,7902
15,2016-11-28,61,11418,11479
15,2016-11-29,80,12125,12205
15,2016-11-30,94,12597,12691
15,2016-12-02,64,13332,13396
15,2016-12-03,34,9373,9407
15,2016-12-04,22,8104,8126
15,2016-12-05,64,12009,12073
15,2016-12-06,79,11647,11726
15,2016-12-07,65,11994,12059
15,2016-12-09,45,12401,12446
15,2016-12-10,14,8941,8955
15,2016-12-11,9,7997,8006
15,2016-12-12,45,11266,11311
15,2016-12-13,36,11793,11829
15,2016-12-14,42,11861,11903
15,2016-12-16,33,12229,12262
15,2016-12-17,22,8724,8746
15,2016-12-18,15,7610,7625
15,2016-12-19,39,10741,10780
15,2016-12-20,70,11227,11297
15,2016-12-21,50,11362,11412
15,2016-12-23,51,11714,11765
15,2016-12-24,15,7323,7338
15,2016-12-25,4,3502,3506
15,2016-12-26,12,5981,5993
15,2016-12-27,28,8769,8797
15,2016-12-28,20,8721,8741
15,2016-12-30,31,9554,9585
15,2016-12-31,21,7099,7120
16,2016-01-01,11,9192,9203
16,2016-01-02,74,16034,16108
16,2016-01-03,2,12912,12914
16,2016-01-04,126,21130,21256
16,2016-01-05,122,21928,22050
16,2016-01-06,115,19193,19308
16,2016-01-08,140,22019,22159
16,2016-01-09,65,19092,19157
16,2016-01-10,19,13163,13182
16,2016-01-11,203,20578,20781
16,2016-01-12,193,20950,21143
16,2016-01-13,181,21038,21219
16,2016-01-15,72,15931,16003
16,2016-01-16,55,16775,16830
16,2016-01-17,11,11695,11706
16,2016-01-18,181,20363,20544
16,2016-01-19,192,20285,20477
16,2016-01-20,176,20602,20778
16,2016-01-22,326,22122,22448
16,2016-01-23,74,18302,18376
16,2016-01-24,15,13119,13134
16,2016-01-25,199,20741,20940
16,2016-01-26,205,21036,21241
16,2016-01-27,211,20864,21075
16,2016-01-29,186,22467,22653
16,2016-01-30,87,18889,18976
16,2016-01-31,8,13373,13381
16,2016-02-01,199,19980,20179
16,2016-02-02,208,21213,21421
16,2016-02-03,232,21190,21422
16,2016-02-05,235,22087,22322
16,2016-02-06,83,20545,20628
16,2016-02-07,16,13179,13195
16,2016-02-08,264,19815,20079
16,2016-02-09,358,21744,22102
16,2016-02-10,203,20458,20661
16,2016-02-12,225,22203,22428
16,2016-02-13,66,19840,19906
16,2016-02-14,14,13587,13601
16,2016-02-15,220,19898,20118
16,2016-02-16,224,20447,20671
16,2016-02-17,212,20383,20595
16,2016-02-19,150,20997,21147
16,2016-02-20,44,18354,18398
16,2016-02-21,5,12688,12693
16,2016-02-22,186,20685,20871
16,2016-02-23,210,21139,21349
16,2016-02-24,210,21156,21366
16,2016-02-26,222,22795,23017
16,2016-02-27,73,21171,21244
16,2016-02-28,21,14288,14309
16,2016-02-29,217,21661,21878
16,2016-03-01,232,21545,21777
16,2016-03-02,202,21536,21738
16,2016-03-04,160,23916,24076
16,2016-03-05,74,19946,20020
16,2016-03-06,14,13325,13339
16,2016-03-07,149,20357,20506
16,2016-03-08,204,21604,21808
16,2016-03-09,201,21624,21825
16,2016-03-11,262,22638,22900
16,2016-03-12,99,21320,21419
16,2016-03-13,20,14878,14898
16,2016-03-14,218,20881,21099
16,2016-03-15,227,21418,21645
16,2016-03-16,197,21355,21552
16,2016-03-18,254,22464,22718
16,2016-03-19,89,20242,20331
16,2016-03-20,34,14436,14470
16,2016-03-21,208,20361,20569
16,2016-03-22,197,20700,20897
16,2016-03-23,206,21209,21415
16,2016-03-25,208,22395,22603
16,2016-03-26,83,20517,20600
16,2016-03-28,47,11491,11538
16,2016-03-29,193,21493,21686
16,2016-03-30,166,21567,21733
16,2016-04-02,72,21098,21170
16,2016-04-03,32,13840,13872
16,2016-04-04,243,20848,21091
16,2016-04-05,242,21661,21903
16,2016-04-06,248,22262,22510
16,2016-04-08,267,22879,23146
16,2016-04-09,99,20783,20882
16,2016-04-10,64,13982,14046
16,2016-04-11,228,20460,20688
16,2016-04-12,314,22638,22952
16,2016-04-13,216,21078,21294
16,2016-04-15,260,22472,22732
16,2016-04-16,91,20131,20222
16,2016-04-17,16,14917,14933
16,2016-04-18,270,21209,21479
16,2016-04-19,265,21650,21915
16,2016-04-20,277,22403,22680
16,2016-04-22,216,23079,23295
16,2016-04-23,92,20411,20503
16,2016-04-24,20,14403,14423
16,2016-04-25,222,21180,21402
16,2016-04-26,261,21446,21707
16,2016-04-27,225,21761,21986
16,2016-04-29,234,23663,23897
16,2016-04-30,86,21008,21094
16,2016-05-01,21,14333,14354
16,2016-05-02,215,21893,22108
16,2016-05-03,280,22627,22907
16,2016-05-04,250,23853,24103
16,2016-05-06,138,22614,22752
16,2016-05-07,81,21204,21285
16,2016-05-08,23,15830,15853
16,2016-05-09,188,21127,21315
16,2016-05-10,267,21516,21783
16,2016-05-11,237,22084,22321
16,2016-05-13,288,24506,24794
16,2016-05-14,79,20588,20667
16,2016-05-15,26,14528,14554
16,2016-05-16,12,12822,12834
16,2016-05-17,207,21618,21825
16,2016-05-18,192,21247,21439
16,2016-05-20,210,22811,23021
16,2016-05-21,93,21766,21859
16,2016-05-22,29,15230,15259
16,2016-05-23,196,21434,21630
16,2016-05-24,190,22028,22218
16,2016-05-25,226,21983,22209
16,2016-05-27,350,25088,25438
16,2016-05-28,114,22092,22206
16,2016-05-29,34,16187,16221
16,2016-05-30,328,21554,21882
16,2016-05-31,230,21531,21761
16,2016-06-01,380,23934,24314
16,2016-06-03,265,23443,23708
16,2016-06-04,86,21296,21382
16,2016-06-05,14,15270,15284
16,2016-06-06,216,21593,21809
16,2016-06-07,376,22970,23346
16,2016-06-08,257,22114,22371
16,2016-06-10,323,23459,23782
16,2016-06-11,91,20891,20982
16,2016-06-12,18,15146,15164
16,2016-06-13,269,21692,21961
16,2016-06-14,289,22098,22387
16,2016-06-15,368,23446,23814
16,2016-06-17,268,24628,24896
16,2016-06-18,94,20385,20479
16,2016-06-19,26,14949,14975
16,2016-06-20,394,22856,23250
16,2016-06-21,236,21768,22004
16,2016-06-22,229,22839,23068
16,2016-06-24,197,22017,22214
16,2016-06-25,102,19529,19631
16,2016-06-26,27,14603,14630
16,2016-06-27,194,21614,21808
16,2016-06-28,239,22415,22654
16,2016-06-29,182,22608,22790
16,2016-07-01,229,24001,24230
16,2016-07-02,91,21546,21637
16,2016-07-03,11,14937,14948
16,2016-07-04,221,21884,22105
16,2016-07-05,205,22630,22835
16,2016-07-06,220,22717,22937
16,2016-07-08,235,23658,23893
16,2016-07-09,91,21889,21980
16,2016-07-10,22,15079,15101
16,2016-07-11,200,21753,21953
16,2016-07-12,226,22130,22356
16,2016-07-13,207,21657,21864
16,2016-07-15,222,22848,23070
16,2016-07-16,100,19779,19879
16,2016-07-17,18,14403,14421
16,2016-07-18,186,21236,21422
16,2016-07-19,167,21362,21529
16,2016-07-20,188,21473,21661
16,2016-07-22,344,23636,23980
16,2016-07-23,100,19786,19886
16,2016-07-24,24,14518,14542
16,2016-07-25,166,21419,21585
16,2016-07-26,174,21458,21632
16,2016-07-27,187,21786,21973
16,2016-07-29,161,22681,22842
16,2016-07-30,86,19006,19092
16,2016-07-31,19,13604,13623
16,2016-08-01,134,19931,20065
16,2016-08-02,142,20067,20209
16,2016-08-03,167,19510,19677
16,2016-08-05,168,20673,20841
16,2016-08-06,75,17538,17613
16,2016-08-07,21,12460,12481
16,2016-08-08,179,18846,19025
16,2016-08-09,157,19153,19310
16,2016-08-10,169,19019,19188
16,2016-08-12,158,19901,20059
16,2016-08-13,74,16307,16381
16,2016-08-14,16,12149,12165
16,2016-08-15,29,11683,11712
16,2016-08-16,162,19482,19644
16,2016-08-17,165,18793,18958
16,2016-08-19,154,20017,20171
16,2016-08-20,86,17576,17662
16,2016-08-21,17,13043,13060
16,2016-08-22,191,20589,20780
16,2016-08-23,207,21082,21289
16,2016-08-24,184,21293,21477
16,2016-08-26,172,22549,22721
16,2016-08-27,78,18928,19006
16,2016-08-28,13,14592,14605
16,2016-08-29,236,21797,22033
16,2016-08-30,240,22318,22558
16,2016-08-31,216,22315,22531
16,2016-09-01,218,21864,22082
16,2016-09-03,82,19938,20020
16,2016-09-04,8,14120,14128
16,2016-09-05,215,21527,21742
16,2016-09-06,227,22060,22287
16,2016-09-07,215,22321,22536
16,2016-09-08,218,22341,22559
16,2016-09-10,94,21038,21132
16,2016-09-11,28,14947,14975
16,2016-09-12,249,21360,21609
16,2016-09-13,239,21833,22072
16,2016-09-14,266,21829,22095
16,2016-09-15,249,21743,21992
16,2016-09-17,102,20611,20713
16,2016-09-18,25,14206,14231
16,2016-09-19,265,20824,21089
16,2016-09-20,295,21176,21471
16,2016-09-21,248,21410,21658
16,2016-09-22,268,21730,21998
16,2016-09-24,87,21082,21169
16,2016-09-25,13,15243,15256
16,2016-09-26,260,21247,21507
16,2016-09-27,242,21837,22079
16,2016-09-28,262,21952,22214
16,2016-09-29,231,22533,22764
16,2016-10-01,109,20923,21032
16,2016-10-02,23,14575,14598
16,2016-10-03,300,21620,21920
16,2016-10-04,202,22000,22202
16,2016-10-05,213,22172,22385
16,2016-10-06,235,22433,22668
16,2016-10-08,93,21474,21567
16,2016-10-09,25,14471,14496
16,2016-10-10,231,21746,21977
16,2016-10-11,231,21993,22224
16,2016-10-12,208,21946,22154
16,2016-10-13,192,22077,22269
16,2016-10-15,89,21122,21211
16,2016-10-16,29,15101,15130
16,2016-10-17,176,21262,21438
16,2016-10-18,189,21668,21857
16,2016-10-19,142,21770,21912
16,2016-10-20,146,21880,22026
16,2016-10-22,95,20976,21071
16,2016-10-23,37,15310,15347
16,2016-10-24,151,20402,20553
16,2016-10-25,139,19716,19855
16,2016-10-26,143,20527,20670
16,2016-10-27,159,21078,21237
16,2016-10-29,86,21057,21143
16,2016-10-30,21,15639,15660
16,2016-10-31,135,21795,21930
16,2016-11-01,27,14694,14721
16,2016-11-02,159,21060,21219
16,2016-11-03,195,21149,21344
16,2016-11-05,78,22045,22123
16,2016-11-06,29,15272,15301
16,2016-11-07,160,20294,20454
16,2016-11-08,173,20418,20591
16,2016-11-09,128,20871,20999
16,2016-11-10,157,21841,21998
16,2016-11-12,91,21578,21669
16,2016-11-13,7,14100,14107
16,2016-11-14,195,20768,20963
16,2016-11-15,130,20843,20973
16,2016-11-16,137,21071,21208
16,2016-11-17,154,21218,21372
16,2016-11-19,96,20445,20541
16,2016-11-20,18,14141,14159
16,2016-11-21,192,22176,22368
16,2016-11-22,157,21099,21256
16,2016-11-23,141,21457,21598
16,2016-11-24,158,21857,22015
16,2016-11-26,107,20804,20911
16,2016-11-27,25,15739,15764
16,2016-11-28,171,21309,21480
16,2016-11-29,175,21902,22077
16,2016-11-30,201,21842,22043
16,2016-12-01,206,22009,22215
16,2016-12-03,105,21462,21567
16,2016-12-04,27,15592,15619
16,2016-12-05,157,21237,21394
16,2016-12-06,176,21803,21979
16,2016-12-07,168,21586,21754
16,2016-12-08,232,21838,22070
16,2016-12-10,90,21673,21763
16,2016-12-11,20,16111,16131
16,2016-12-12,220,21167,21387
16,2016-12-13,244,21860,22104
16,2016-12-14,231,22084,22315
16,2016-12-15,156,22165,22321
16,2016-12-17,85,17409,17494
16,2016-12-18,30,12658,12688
16,2016-12-19,134,17047,17181
16,2016-12-20,96,17214,17310
16,2016-12-21,115,17387,17502
16,2016-12-22,90,17572,17662
16,2016-12-24,65,13167,13232
16,2016-12-25,5,7516,7521
16,2016-12-26,6,9066,9072
16,2016-12-27,97,14126,14223
16,2016-12-28,98,13743,13841
16,2016-12-29,111,14644,14755
16,2016-12-31,54,8281,8335
18,2016-01-01,34,4368,4402
18,2016-01-02,84,10220,10304
18,2016-01-03,182,7440,7622
18,2016-01-04,660,10298,10958
18,2016-01-06,399,10551,10950
18,2016-01-07,576,9944,10520
18,2016-01-08,493,11441,11934
18,2016-01-09,320,11032,11352
18,2016-01-10,34,5692,5726
18,2016-01-11,116,9590,9706
18,2016-01-13,230,10316,10546
18,2016-01-14,262,7982,8244
18,2016-01-15,48,8938,8986
18,2016-01-16,356,9954,10310
18,2016-01-17,107,5922,6029
18,2016-01-18,607,10407,11014
18,2016-01-20,728,10441,11169
18,2016-01-21,682,10811,11493
18,2016-01-23,289,10632,10921
18,2016-01-24,118,6310,6428
18,2016-01-25,576,10568,11144
18,2016-01-27,442,10496,10938
18,2016-01-28,312,10710,11022
18,2016-01-29,585,12450,13035
18,2016-01-30,96,8056,8152
18,2016-01-31,22,6220,6242
18,2016-02-01,514,10602,11116
18,2016-02-03,338,9898,10236
18,2016-02-05,579,12960,13539
18,2016-02-06,348,11249,11597
18,2016-02-07,62,6236,6298
18,2016-02-08,184,8846,9030
18,2016-02-10,178,9822,10000
18,2016-02-11,591,11041,11632
18,2016-02-12,628,11986,12614
18,2016-02-14,42,6636,6678
18,2016-02-15,637,9932,10569
18,2016-02-17,737,10570,11307
18,2016-02-18,708,10168,10876
18,2016-02-19,248,11788,12036
18,2016-02-20,48,9100,9148
18,2016-02-21,30,6232,6262
18,2016-02-22,220,9746,9966
18,2016-02-24,656,10457,11113
18,2016-02-25,793,11026,11819
18,2016-02-26,678,12572,13250
18,2016-02-27,444,11909,12353
18,2016-02-28,147,6977,7124
18,2016-02-29,699,10692,11391
18,2016-03-02,224,10178,10402
18,2016-03-03,254,10102,10356
18,2016-03-05,369,11526,11895
18,2016-03-06,99,6563,6662
18,2016-03-07,515,9993,10508
18,2016-03-09,1190,10504,11694
18,2016-03-10,817,11296,12113
18,2016-03-11,712,12260,12972
18,2016-03-12,421,11836,12257
18,2016-03-13,122,7646,7768
18,2016-03-14,677,10566,11243
18,2016-03-16,821,10064,10885
18,2016-03-17,817,11101,11918
18,2016-03-18,718,11957,12675
18,2016-03-19,444,10987,11431
18,2016-03-20,127,7163,7290
18,2016-03-21,676,10365,11041
18,2016-03-23,806,10944,11750
18,2016-03-24,735,10717,11452
18,2016-03-25,454,13165,13619
18,2016-03-26,295,12397,12692
18,2016-03-28,28,6128,6156
18,2016-03-30,164,10826,10990
18,2016-03-31,948,11880,12828
18,2016-04-01,760,13374,14134
18,2016-04-02,445,11782,12227
18,2016-04-03,106,8138,8244
18,2016-04-04,412,10625,11037
18,2016-04-06,204,10896,11100
18,2016-04-07,150,8648,8798
18,2016-04-08,415,10295,10710
18,2016-04-09,275,9857,10132
18,2016-04-10,68,6093,6161
18,2016-04-11,480,8151,8631
18,2016-04-13,790,9916,10706
18,2016-04-14,492,9678,10170
18,2016-04-15,198,8598,8796
18,2016-04-16,60,7712,7772
18,2016-04-17,80,6009,6089
18,2016-04-18,532,8858,9390
18,2016-04-20,592,9330,9922
18,2016-04-21,571,9105,9676
18,2016-04-22,527,10405,10932
18,2016-04-23,442,10718,11160
18,2016-04-24,99,5850,5949
18,2016-04-25,124,6776,6900
18,2016-04-28,468,9111,9579
18,2016-04-29,425,9397,9822
18,2016-04-30,452,11184,11636
18,2016-05-01,134,6558,6692
18,2016-05-02,444,8870,9314
18,2016-05-04,401,9442,9843
18,2016-05-05,84,6452,6536
18,2016-05-06,373,9680,10053
18,2016-05-07,231,9242,9473
18,2016-05-08,57,6247,6304
18,2016-05-09,419,8689,9108
18,2016-05-11,524,9285,9809
18,2016-05-12,800,10054,10854
18,2016-05-13,658,10944,11602
18,2016-05-14,302,10025,10327
18,2016-05-15,38,5198,5236
18,2016-05-16,138,7658,7796
18,2016-05-18,531,9012,9543
18,2016-05-19,908,11022,11930
18,2016-05-20,575,11767,12342
18,2016-05-21,350,11487,11837
18,2016-05-22,18,6030,6048
18,2016-05-23,51,612,663
18,2016-05-25,8,112,120
18,2016-05-27,18,430,448
18,2016-05-28,527,10167,10694
18,2016-05-29,126,7688,7814
18,2016-05-30,628,11352,11980
18,2016-06-01,1075,10581,11656
18,2016-06-03,942,13364,14306
18,2016-06-04,524,13174,13698
18,2016-06-05,144,8834,8978
18,2016-06-06,774,11456,12230
18,2016-06-09,1063,11657,12720
18,2016-06-10,1006,13000,14006
18,2016-06-11,578,12460,13038
18,2016-06-12,215,7595,7810
18,2016-06-13,962,10168,11130
18,2016-06-15,1156,9356,10512
18,2016-06-17,1224,10018,11242
18,2016-06-18,636,11653,12289
18,2016-06-19,222,7303,7525
18,2016-06-22,1020,10717,11737
18,2016-06-23,973,11227,12200
18,2016-06-24,966,14414,15380
18,2016-06-25,640,10858,11498
18,2016-06-26,213,7574,7787
18,2016-06-27,961,10844,11805
18,2016-06-29,1166,12038,13204
18,2016-06-30,1079,11131,12210
18,2016-07-01,1089,13321,14410
18,2016-07-02,716,11952,12668
18,2016-07-03,222,7798,8020
18,2016-07-04,1096,9562,10658
18,2016-07-06,1192,11600,12792
18,2016-07-07,1200,11651,12851
18,2016-07-08,1044,13096,14140
18,2016-07-09,701,12072,12773
18,2016-07-10,219,8605,8824
18,2016-07-11,694,10966,11660
18,2016-07-13,1120,11880,13000
18,2016-07-14,616,11788,12404
18,2016-07-15,563,11964,12527
18,2016-07-16,343,11662,12005
18,2016-07-17,87,7803,7890
18,2016-07-18,583,10765,11348
18,2016-07-20,620,11559,12179
18,2016-07-21,938,11626,12564
18,2016-07-23,414,11796,12210
18,2016-07-24,89,7923,8012
18,2016-07-25,577,11850,12427
18,2016-07-27,603,11288,11891
18,2016-07-28,539,11519,12058
18,2016-07-29,529,12891,13420
18,2016-07-30,245,11324,11569
18,2016-07-31,65,7422,7487
18,2016-08-01,509,10627,11136
18,2016-08-03,524,10001,10525
18,2016-08-04,499,10597,11096
18,2016-08-05,507,11701,12208
18,2016-08-06,219,10749,10968
18,2016-08-07,58,7763,7821
18,2016-08-08,528,9915,10443
18,2016-08-10,896,10036,10932
18,2016-08-11,440,10017,10457
18,2016-08-12,409,11373,11782
18,2016-08-13,180,10667,10847
18,2016-08-14,69,7305,7374
18,2016-08-15,163,8256,8419
18,2016-08-17,212,9810,10022
18,2016-08-18,541,10696,11237
18,2016-08-19,544,11308,11852
18,2016-08-20,260,10415,10675
18,2016-08-21,112,6978,7090
18,2016-08-22,510,10591,11101
18,2016-08-24,647,11316,11963
18,2016-08-25,550,11198,11748
18,2016-08-26,561,12678,13239
18,2016-08-27,524,11816,12340
18,2016-08-28,115,7743,7858
18,2016-08-29,560,11163,11723
18,2016-08-31,607,11585,12192
18,2016-09-01,594,11266,11860
18,2016-09-02,505,11559,12064
18,2016-09-03,309,11497,11806
18,2016-09-04,178,7638,7816
18,2016-09-05,627,10766,11393
18,2016-09-07,707,11241,11948
18,2016-09-08,656,11602,12258
18,2016-09-09,224,12034,12258
18,2016-09-10,375,11984,12359
18,2016-09-11,118,7739,7857
18,2016-09-12,606,11135,11741
18,2016-09-14,638,11368,12006
18,2016-09-15,242,10488,10730
18,2016-09-16,667,12035,12702
18,2016-09-17,632,12268,12900
18,2016-09-18,115,7306,7421
18,2016-09-19,617,10647,11264
18,2016-09-21,672,10937,11609
18,2016-09-22,586,10320,10906
18,2016-09-23,643,12564,13207
18,2016-09-24,316,11712,12028
18,2016-09-25,100,8226,8326
18,2016-09-26,610,10619,11229
18,2016-09-28,713,11334,12047
18,2016-09-29,553,11302,11855
18,2016-09-30,652,13070,13722
18,2016-10-01,380,13648,14028
18,2016-10-02,136,7295,7431
18,2016-10-03,593,10975,11568
18,2016-10-04,659,11007,11666
18,2016-10-06,648,11199,11847
18,2016-10-07,623,12020,12643
18,2016-10-08,382,11967,12349
18,2016-10-09,82,7430,7512
18,2016-10-10,670,10767,11437
18,2016-10-11,622,10682,11304
18,2016-10-13,617,11319,11936
18,2016-10-14,1056,12770,13826
18,2016-10-15,313,10934,11247
18,2016-10-16,83,7418,7501
18,2016-10-17,623,10649,11272
18,2016-10-18,1038,11214,12252
18,2016-10-20,634,11204,11838
18,2016-10-21,622,12256,12878
18,2016-10-22,385,11141,11526
18,2016-10-23,148,7412,7560
18,2016-10-24,708,10148,10856
18,2016-10-25,661,10832,11493
18,2016-10-27,706,11322,12028
18,2016-10-28,648,12701,13349
18,2016-10-29,392,11845,12237
18,2016-10-30,81,7780,7861
18,2016-10-31,474,11851,12325
18,2016-11-03,742,11844,12586
18,2016-11-04,1116,12534,13650
18,2016-11-05,434,11484,11918
18,2016-11-06,84,7189,7273
18,2016-11-07,612,10941,11553
18,2016-11-10,1010,12016,13026
18,2016-11-11,358,11718,12076
18,2016-11-12,441,11791,12232
18,2016-11-13,93,7155,7248
18,2016-11-14,673,10342,11015
18,2016-11-17,146,10760,10906
18,2016-11-18,188,11054,11242
18,2016-11-19,440,10969,11409
18,2016-11-20,18,6098,6116
18,2016-11-21,840,10780,11620
18,2016-11-22,1166,10880,12046
18,2016-11-24,737,10911,11648
18,2016-11-25,787,12626,13413
18,2016-11-26,490,11669,12159
18,2016-11-27,87,7489,7576
18,2016-11-28,747,11087,11834
18,2016-11-29,834,11444,12278
18,2016-12-01,918,11615,12533
18,2016-12-02,766,12659,13425
18,2016-12-03,492,11965,12457
18,2016-12-04,80,6953,7033
18,2016-12-05,681,10489,11170
18,2016-12-06,839,10968,11807
18,2016-12-08,603,9735,10338
18,2016-12-09,691,12267,12958
18,2016-12-10,390,11235,11625
18,2016-12-11,74,7784,7858
18,2016-12-12,664,10668,11332
18,2016-12-13,753,10898,11651
18,2016-12-16,1224,13700,14924
18,2016-12-17,462,11611,12073
18,2016-12-18,93,8056,8149
18,2016-12-19,643,11141,11784
18,2016-12-22,452,13044,13496
18,2016-12-23,394,13768,14162
18,2016-12-24,178,10108,10286
18,2016-12-25,37,4801,4838
18,2016-12-26,155,8569,8724
18,2016-12-27,312,10166,10478
18,2016-12-29,399,10323,10722
18,2016-12-30,335,11614,11949
18,2016-12-31,186,9475,9661
20,2016-01-01,NA,2236,NA
20,2016-01-02,8,4404,4412
20,2016-01-03,6,3518,3524
20,2016-01-06,399,10551,10950
20,2016-01-07,576,9944,10520
20,2016-01-08,493,11441,11934
20,2016-01-09,320,11032,11352
20,2016-01-10,34,5692,5726
20,2016-01-11,116,9590,9706
20,2016-01-13,230,10316,10546
20,2016-01-14,262,7982,8244
20,2016-01-15,48,8938,8986
20,2016-01-16,356,9954,10310
20,2016-01-17,107,5922,6029
20,2016-01-18,607,10407,11014
20,2016-01-19,87,9569,9656
20,2016-01-20,106,9359,9465
20,2016-01-21,220,9779,9999
20,2016-01-22,74,10428,10502
20,2016-01-23,21,5668,5689
20,2016-01-24,12,3672,3684
20,2016-05-02,141,6509,6650
20,2016-05-03,211,10012,10223
20,2016-05-04,220,10133,10353
20,2016-05-05,59,4703,4762
20,2016-05-06,162,7509,7671
20,2016-05-07,95,5562,5657
20,2016-05-08,40,4381,4421
20,2016-05-09,244,9382,9626
20,2016-05-10,227,10110,10337
20,2016-05-11,273,10453,10726
20,2016-05-12,232,10039,10271
20,2016-05-13,249,10524,10773
20,2016-05-14,67,6053,6120
20,2016-05-15,41,3977,4018
20,2016-05-16,51,3896,3947
20,2016-05-17,228,9306,9534
20,2016-05-18,243,9324,9567
20,2016-05-19,215,9964,10179
20,2016-05-20,253,10201,10454
20,2016-05-21,88,5661,5749
20,2016-05-22,45,3741,3786
20,2016-05-23,204,9276,9480
20,2016-05-24,241,9947,10188
20,2016-05-25,271,9669,9940
20,2016-05-26,304,11660,11964
20,2016-05-27,255,11152,11407
20,2016-05-28,106,6141,6247
20,2016-05-29,72,3934,4006
20,2016-05-30,174,9634,9808
20,2016-06-01,180,10034,10214
20,2016-06-02,181,10418,10599
20,2016-06-03,238,10875,11113
20,2016-06-04,68,5687,5755
20,2016-06-05,23,4188,4211
20,2016-06-06,239,9571,9810
20,2016-06-07,211,9432,9643
20,2016-06-08,193,9336,9529
20,2016-06-09,213,9882,10095
20,2016-06-10,278,10594,10872
20,2016-06-11,82,5765,5847
20,2016-06-12,29,3925,3954
20,2016-06-13,167,9322,9489
20,2016-06-14,185,9665,9850
20,2016-06-15,169,9352,9521
20,2016-06-16,193,9658,9851
20,2016-06-17,175,10052,10227
20,2016-06-18,81,5387,5468
20,2016-06-19,57,4086,4143
20,2016-06-20,223,9492,9715
20,2016-06-21,257,9815,10072
20,2016-06-22,221,9721,9942
20,2016-06-23,96,5807,5903
20,2016-06-24,193,8577,8770
20,2016-06-25,63,5283,5346
20,2016-06-26,35,3963,3998
20,2016-06-27,248,9548,9796
20,2016-06-28,224,9689,9913
20,2016-06-29,199,9584,9783
20,2016-06-30,212,10052,10264
20,2016-07-01,201,10254,10455
20,2016-07-02,91,5492,5583
20,2016-07-03,52,4217,4269
20,2016-07-04,230,9250,9480
20,2016-07-05,242,9345,9587
20,2016-07-06,176,9012,9188
20,2016-07-07,246,9492,9738
20,2016-07-08,234,9733,9967
20,2016-07-09,110,5672,5782
20,2016-07-10,48,3941,3989
20,2016-07-11,218,8763,8981
20,2016-07-12,243,10684,10927
20,2016-07-13,205,9248,9453
20,2016-07-14,298,11145,11443
20,2016-07-15,251,10372,10623
20,2016-07-16,82,5423,5505
20,2016-08-26,231,9603,9834
20,2016-08-27,39,5149,5188
20,2016-08-28,15,4211,4226
20,2016-08-29,144,9569,9713
20,2016-08-30,174,9885,10059
20,2016-08-31,193,9395,9588
20,2016-09-01,193,10027,10220
20,2016-09-02,196,10544,10740
20,2016-09-03,61,6125,6186
20,2016-09-04,22,4681,4703
20,2016-09-05,206,10202,10408
20,2016-09-06,200,9997,10197
20,2016-09-07,212,9983,10195
20,2016-09-08,190,10404,10594
20,2016-09-09,295,10872,11167
20,2016-09-10,55,5830,5885
20,2016-09-11,27,4298,4325
20,2016-09-12,201,9941,10142
20,2016-09-13,227,10722,10949
20,2016-09-14,144,9987,10131
20,2016-09-15,189,10055,10244
20,2016-09-16,196,10646,10842
20,2016-09-17,49,6189,6238
20,2016-09-18,22,4183,4205
20,2016-09-19,171,9360,9531
20,2016-09-20,199,9573,9772
20,2016-09-21,176,9584,9760
20,2016-09-22,200,9984,10184
20,2016-09-23,167,10338,10505
20,2016-09-24,108,6026,6134
20,2016-09-25,37,4144,4181
20,2016-09-26,167,9481,9648
20,2016-09-27,161,9604,9765
20,2016-09-28,169,9565,9734
20,2016-09-29,183,10028,10211
20,2016-09-30,188,10321,10509
20,2016-10-01,59,5728,5787
20,2016-10-02,16,4143,4159
20,2016-10-03,202,9953,10155
20,2016-10-04,207,10684,10891
20,2016-10-05,177,9333,9510
20,2016-10-06,176,9852,10028
20,2016-10-07,184,10379,10563
20,2016-10-08,71,6131,6202
20,2016-10-09,23,4047,4070
20,2016-10-10,150,9324,9474
20,2016-10-11,152,9553,9705
20,2016-10-12,194,9400,9594
20,2016-10-13,191,9679,9870
20,2016-10-14,176,10045,10221
20,2016-10-15,47,5653,5700
20,2016-10-16,49,4158,4207
20,2016-10-17,203,9149,9352
20,2016-10-18,151,9423,9574
20,2016-10-19,177,9454,9631
20,2016-10-20,149,9582,9731
20,2016-10-21,172,10277,10449
20,2016-10-22,43,5703,5746
20,2016-10-23,30,3993,4023
20,2016-10-24,150,9099,9249
20,2016-10-25,155,9513,9668
20,2016-10-26,154,9716,9870
20,2016-10-27,199,10081,10280
20,2016-10-28,180,10397,10577
20,2016-10-29,74,6112,6186
20,2016-10-30,29,4753,4782
20,2016-11-01,23,3876,3899
20,2016-11-02,158,8368,8526
20,2016-11-03,162,8849,9011
20,2016-11-04,230,8894,9124
20,2016-11-05,33,5336,5369
20,2016-11-06,24,3724,3748
20,2016-11-07,174,9059,9233
20,2016-11-08,182,9443,9625
20,2016-11-09,174,9234,9408
20,2016-11-10,165,9969,10134
20,2016-11-11,114,10308,10422
20,2016-11-12,73,5611,5684
20,2016-11-13,28,3716,3744
20,2016-11-14,189,9547,9736
20,2016-11-15,158,9524,9682
20,2016-11-16,106,7156,7262
20,2016-11-17,166,9471,9637
20,2016-11-18,148,9861,10009
20,2016-11-19,58,5433,5491
20,2016-11-20,10,3343,3353
20,2016-11-21,133,9291,9424
20,2016-11-22,165,9510,9675
20,2016-11-23,154,9853,10007
20,2016-11-24,172,9786,9958
20,2016-11-25,169,10200,10369
20,2016-11-26,40,5513,5553
20,2016-11-27,23,3702,3725
20,2016-11-28,194,9340,9534
20,2016-11-29,180,9904,10084
20,2016-11-30,194,9555,9749
20,2016-12-01,171,9707,9878
20,2016-12-02,184,10111,10295
20,2016-12-03,53,5636,5689
20,2016-12-04,22,3755,3777
20,2016-12-05,157,9349,9506
20,2016-12-06,173,9523,9696
20,2016-12-07,195,9192,9387
20,2016-12-08,182,9819,10001
20,2016-12-09,155,10152,10307
20,2016-12-10,43,5671,5714
20,2016-12-11,14,4034,4048
20,2016-12-12,149,9041,9190
20,2016-12-13,167,9332,9499
20,2016-12-14,178,9483,9661
20,2016-12-15,186,9859,10045
20,2016-12-16,163,10032,10195
20,2016-12-17,30,5884,5914
20,2016-12-18,25,4115,4140
20,2016-12-19,149,9357,9506
20,2016-12-20,155,9878,10033
20,2016-12-21,148,9578,9726
20,2016-12-22,117,9659,9776
20,2016-12-23,95,9775,9870
20,2016-12-24,23,4689,4712
20,2016-12-25,12,2256,2268
20,2016-12-26,18,3235,3253
20,2016-12-27,74,6527,6601
20,2016-12-28,68,6309,6377
20,2016-12-29,77,6524,6601
20,2016-12-30,62,6618,6680
20,2016-12-31,20,4121,4141
21,2016-05-03,786,10599,11385
21,2016-05-04,744,10612,11356
21,2016-05-05,70,4308,4378
21,2016-05-06,609,8617,9226
21,2016-05-07,327,6660,6987
21,2016-05-08,54,4651,4705
21,2016-05-09,752,9909,10661
21,2016-05-10,784,10263,11047
21,2016-05-11,804,10682,11486
21,2016-05-12,770,10429,11199
21,2016-05-13,743,10980,11723
21,2016-05-14,395,6683,7078
21,2016-05-15,100,3924,4024
21,2016-05-16,111,3186,3297
21,2016-05-17,822,9696,10518
21,2016-05-18,732,9431,10163
21,2016-05-19,742,8690,9432
21,2016-05-20,782,9506,10288
21,2016-05-21,368,6038,6406
21,2016-05-22,71,3958,4029
21,2016-05-23,780,9728,10508
21,2016-05-24,749,10137,10886
21,2016-05-25,803,10297,11100
21,2016-05-26,804,11658,12462
21,2016-05-27,714,11049,11763
21,2016-05-28,349,6660,7009
21,2016-05-29,67,4174,4241
21,2016-05-30,602,9938,10540
21,2016-06-01,717,10222,10939
21,2016-06-02,672,10788,11460
21,2016-06-03,721,10295,11016
21,2016-06-04,304,6703,7007
21,2016-06-05,58,4522,4580
21,2016-06-06,688,9772,10460
21,2016-06-07,742,10072,10814
21,2016-06-08,739,9728,10467
21,2016-06-09,832,10861,11693
21,2016-06-10,783,11028,11811
21,2016-06-11,348,7217,7565
21,2016-06-12,64,4515,4579
21,2016-06-13,768,9699,10467
21,2016-06-14,713,9773,10486
21,2016-06-15,742,10025,10767
21,2016-06-16,771,9965,10736
21,2016-06-17,815,10499,11314
21,2016-06-18,350,6723,7073
21,2016-06-19,84,4154,4238
21,2016-06-20,748,9673,10421
21,2016-06-21,764,10543,11307
21,2016-06-22,754,10549,11303
21,2016-06-23,108,3866,3974
21,2016-06-24,598,8417,9015
21,2016-06-25,286,6237,6523
21,2016-06-26,74,4294,4368
21,2016-06-27,792,9999,10791
21,2016-06-28,752,10251,11003
21,2016-06-29,800,10135,10935
21,2016-06-30,785,10447,11232
21,2016-07-01,766,10540,11306
21,2016-07-02,348,6900,7248
21,2016-07-03,81,4689,4770
21,2016-07-04,767,9993,10760
21,2016-07-05,776,10152,10928
21,2016-07-06,789,9927,10716
21,2016-07-07,781,10052,10833
21,2016-07-08,834,10846,11680
21,2016-07-09,341,6834,7175
21,2016-07-10,100,4932,5032
21,2016-07-11,780,9816,10596
21,2016-07-12,817,10421,11238
21,2016-07-13,703,9988,10691
21,2016-07-14,835,11640,12475
21,2016-07-15,777,11386,12163
21,2016-07-16,347,6617,6964
21,2016-07-17,83,4287,4370
21,2016-07-18,726,9243,9969
21,2016-07-19,745,9879,10624
21,2016-07-20,687,9585,10272
21,2016-07-21,737,10992,11729
21,2016-07-22,687,10238,10925
21,2016-07-23,287,6263,6550
21,2016-07-24,63,4263,4326
21,2016-07-25,694,9306,10000
21,2016-07-26,607,9762,10369
21,2016-07-27,710,9590,10300
21,2016-07-28,681,9696,10377
21,2016-07-29,576,9872,10448
21,2016-07-30,292,5850,6142
21,2016-08-05,566,9094,9660
21,2016-08-06,302,6004,6306
21,2016-08-07,71,4613,4684
21,2016-08-08,530,7600,8130
21,2016-08-09,559,8090,8649
21,2016-08-10,539,8160,8699
21,2016-08-11,564,8138,8702
21,2016-08-12,555,8450,9005
21,2016-08-13,338,5526,5864
21,2016-08-14,115,3734,3849
21,2016-08-15,109,3269,3378
21,2016-08-16,557,7769,8326
21,2016-08-17,529,7861,8390
21,2016-08-18,571,8034,8605
21,2016-08-19,563,8566,9129
21,2016-08-20,325,5466,5791
21,2016-08-21,114,3966,4080
21,2016-08-22,711,8800,9511
21,2016-08-23,757,8921,9678
21,2016-08-24,735,8921,9656
21,2016-08-25,743,9504,10247
21,2016-08-26,733,9132,9865
21,2016-08-27,411,5610,6021
21,2016-08-28,110,4204,4314
21,2016-08-29,827,9561,10388
21,2016-08-30,853,9781,10634
21,2016-08-31,892,9463,10355
21,2016-09-01,899,9906,10805
21,2016-09-02,916,10085,11001
21,2016-09-03,335,5844,6179
21,2016-09-04,102,4429,4531
21,2016-09-05,835,9409,10244
25,2016-01-01,10,4767,4777
25,2016-01-02,48,8766,8814
25,2016-01-03,13,6485,6498
25,2016-01-05,106,13603,13709
25,2016-01-06,96,13846,13942
25,2016-01-07,124,13867,13991
25,2016-01-08,156,14886,15042
25,2016-01-09,55,10500,10555
25,2016-01-10,40,6594,6634
25,2016-01-12,116,13788,13904
25,2016-01-13,120,13882,14002
25,2016-01-14,134,13668,13802
25,2016-01-15,150,11881,12031
25,2016-01-16,71,9616,9687
25,2016-01-17,28,6019,6047
25,2016-01-19,179,13701,13880
25,2016-01-20,167,13600,13767
25,2016-01-21,135,14053,14188
25,2016-01-22,90,13716,13806
25,2016-01-23,47,10297,10344
25,2016-01-24,21,6591,6612
26,2016-01-01,68,12225,12293
26,2016-01-02,200,22058,22258
26,2016-01-03,108,15994,16102
26,2016-01-05,1188,29002,30190
26,2016-01-06,1348,27646,28994
26,2016-01-07,1534,29530,31064
26,2016-01-08,1478,29978,31456
26,2016-01-09,464,25622,26086
26,2016-01-10,121,15237,15358
26,2016-01-12,1407,27364,28771
26,2016-01-13,1564,27616,29180
26,2016-01-14,1426,26949,28375
26,2016-01-15,1031,18285,19316
26,2016-01-16,417,23268,23685
26,2016-01-17,133,14626,14759
26,2016-01-19,1634,27301,28935
26,2016-01-20,1701,27459,29160
26,2016-01-21,1637,28292,29929
26,2016-01-22,1511,27228,28739
26,2016-01-23,401,24980,25381
26,2016-01-24,112,15753,15865
27,2016-01-01,4,701,705
27,2016-01-02,4,1568,1572
27,2016-01-03,11,1398,1409
27,2016-01-05,17,1597,1614
27,2016-01-06,31,1585,1616
27,2016-01-07,19,1654,1673
27,2016-01-08,34,1837,1871
27,2016-01-09,7,1381,1388
27,2016-01-10,5,1283,1288
27,2016-01-12,54,1843,1897
27,2016-01-13,48,1718,1766
27,2016-01-14,41,1700,1741
27,2016-01-15,34,1684,1718
27,2016-01-16,9,1431,1440
27,2016-01-17,5,1413,1418
27,2016-01-19,36,1674,1710
27,2016-01-20,45,1818,1863
27,2016-01-21,41,1940,1981
27,2016-01-22,36,1893,1929
27,2016-01-23,10,1260,1270
27,2016-01-24,2,1232,1234
27,2016-01-26,61,1817,1878
27,2016-01-27,53,1781,1834
27,2016-01-28,65,1872,1937
27,2016-01-29,61,2087,2148
27,2016-01-30,13,1449,1462
27,2016-01-31,9,1369,1378
27,2016-02-02,66,1840,1906
27,2016-02-03,70,1874,1944
27,2016-02-04,50,1696,1746
27,2016-02-05,52,1814,1866
27,2016-02-06,10,1557,1567
27,2016-02-07,10,1181,1191
27,2016-02-09,28,1504,1532
27,2016-02-10,56,1785,1841
27,2016-02-11,48,1897,1945
27,2016-02-12,56,2025,2081
27,2016-02-13,12,1619,1631
27,2016-02-14,4,1461,1465
27,2016-02-16,50,1825,1875
27,2016-02-17,63,1863,1926
27,2016-02-18,39,1870,1909
27,2016-02-19,48,2064,2112
27,2016-02-20,4,1593,1597
27,2016-02-21,8,1416,1424
27,2016-02-23,54,1798,1852
27,2016-02-24,41,1799,1840
27,2016-02-25,39,2012,2051
27,2016-02-26,45,2022,2067
27,2016-02-27,12,1909,1921
27,2016-02-28,17,1590,1607
27,2016-03-01,56,1777,1833
27,2016-03-02,78,1872,1950
27,2016-03-03,41,1924,1965
27,2016-03-04,49,1832,1881
27,2016-03-05,11,1858,1869
27,2016-03-06,9,1431,1440
27,2016-03-08,56,1827,1883
27,2016-03-09,70,1846,1916
27,2016-03-10,54,1955,2009
27,2016-03-11,62,2105,2167
27,2016-03-12,9,1878,1887
27,2016-03-13,7,1739,1746
27,2016-03-15,57,1786,1843
27,2016-03-16,69,1908,1977
27,2016-03-17,75,1987,2062
27,2016-03-18,48,2278,2326
27,2016-03-19,18,1762,1780
27,2016-03-20,4,1664,1668
27,2016-03-22,56,1971,2027
27,2016-03-23,63,2114,2177
27,2016-03-24,63,2186,2249
27,2016-03-25,17,2096,2113
27,2016-03-26,13,2271,2284
27,2016-03-30,66,1990,2056
27,2016-03-31,39,2127,2166
27,2016-04-01,50,2334,2384
27,2016-04-02,15,2073,2088
27,2016-04-03,6,1944,1950
27,2016-04-05,65,1928,1993
27,2016-04-06,57,2052,2109
27,2016-04-07,128,2156,2284
27,2016-04-08,79,2303,2382
27,2016-04-09,24,2113,2137
27,2016-04-10,6,2091,2097
27,2016-04-12,62,2001,2063
27,2016-04-13,94,2014,2108
27,2016-04-14,88,2100,2188
27,2016-04-15,79,2265,2344
27,2016-04-16,19,1955,1974
27,2016-04-17,16,1940,1956
27,2016-04-19,75,2010,2085
27,2016-04-20,91,2024,2115
27,2016-04-21,83,2182,2265
27,2016-04-22,76,2266,2342
27,2016-04-23,20,2001,2021
27,2016-04-24,20,1732,1752
27,2016-04-26,108,1938,2046
27,2016-04-27,96,1952,2048
27,2016-04-28,151,2205,2356
27,2016-04-29,61,2493,2554
27,2016-04-30,24,2063,2087
27,2016-05-01,10,1952,1962
27,2016-05-03,74,2360,2434
27,2016-05-04,94,2670,2764
27,2016-05-05,16,3277,3293
27,2016-05-06,47,3427,3474
27,2016-05-07,22,3598,3620
27,2016-05-08,23,2922,2945
27,2016-05-10,64,2110,2174
27,2016-05-11,67,2150,2217
27,2016-05-12,88,2219,2307
27,2016-05-13,140,2530,2670
27,2016-05-14,22,2619,2641
27,2016-05-15,6,2814,2820
27,2016-05-17,66,2238,2304
27,2016-05-18,74,2226,2300
27,2016-05-19,85,2205,2290
27,2016-05-20,63,2464,2527
27,2016-05-21,28,2467,2495
27,2016-05-22,10,2006,2016
27,2016-05-24,79,2087,2166
27,2016-05-25,66,2232,2298
27,2016-05-26,37,2920,2957
27,2016-05-27,72,2956,3028
27,2016-05-28,28,2568,2596
27,2016-05-29,17,2063,2080
27,2016-05-31,60,2113,2173
27,2016-06-01,63,2205,2268
27,2016-06-02,92,2148,2240
27,2016-06-03,61,2503,2564
27,2016-06-04,16,2094,2110
27,2016-06-05,22,2270,2292
27,2016-06-07,56,2148,2204
27,2016-06-08,51,2203,2254
27,2016-06-09,63,2489,2552
27,2016-06-10,53,2862,2915
27,2016-06-11,26,2661,2687
27,2016-06-12,20,2270,2290
27,2016-06-14,78,2126,2204
27,2016-06-15,72,2166,2238
27,2016-06-16,96,2237,2333
27,2016-06-17,80,2496,2576
27,2016-06-18,28,2280,2308
27,2016-06-19,10,2183,2193
27,2016-06-21,71,2079,2150
27,2016-06-22,72,2282,2354
27,2016-06-23,30,2139,2169
27,2016-06-24,102,2404,2506
27,2016-06-25,22,2090,2112
27,2016-06-26,12,2206,2218
27,2016-06-28,56,2300,2356
27,2016-06-29,61,2344,2405
27,2016-06-30,85,2455,2540
27,2016-07-01,68,2599,2667
27,2016-07-02,16,2380,2396
27,2016-07-03,14,3136,3150
27,2016-07-05,63,2246,2309
27,2016-07-06,68,2214,2282
27,2016-07-07,78,2475,2553
27,2016-07-08,47,2537,2584
27,2016-07-09,23,2531,2554
27,2016-07-10,10,2687,2697
27,2016-07-12,60,2289,2349
27,2016-07-13,82,2389,2471
27,2016-07-14,86,2330,2416
27,2016-07-15,83,2598,2681
27,2016-07-16,46,2613,2659
27,2016-07-17,19,2571,2590
27,2016-07-19,72,2582,2654
27,2016-07-20,69,2437,2506
27,2016-07-21,72,2584,2656
27,2016-07-22,74,2836,2910
27,2016-07-23,25,2526,2551
27,2016-07-24,17,2507,2524
27,2016-07-26,53,2566,2619
27,2016-07-27,68,2778,2846
27,2016-07-28,76,2829,2905
27,2016-07-29,44,2832,2876
27,2016-07-30,28,2971,2999
27,2016-07-31,18,2859,2877
27,2016-08-02,43,2406,2449
27,2016-08-03,32,2360,2392
27,2016-08-04,31,2601,2632
27,2016-08-05,39,2715,2754
27,2016-08-06,22,2934,2956
27,2016-08-07,14,3350,3364
27,2016-08-09,48,2304,2352
27,2016-08-10,42,2328,2370
27,2016-08-11,38,2312,2350
27,2016-08-12,30,2540,2570
27,2016-08-13,21,2759,2780
27,2016-08-14,22,2917,2939
27,2016-08-16,52,2536,2588
27,2016-08-17,53,2472,2525
27,2016-08-18,59,2334,2393
27,2016-08-19,46,2533,2579
27,2016-08-20,20,2396,2416
27,2016-08-21,16,2036,2052
27,2016-08-23,62,2341,2403
27,2016-08-24,64,2405,2469
27,2016-08-25,69,2549,2618
27,2016-08-26,62,2580,2642
27,2016-08-27,40,2725,2765
27,2016-08-28,21,2520,2541
27,2016-08-30,43,2237,2280
27,2016-08-31,56,2365,2421
27,2016-09-01,90,2522,2612
27,2016-09-02,75,2540,2615
27,2016-09-03,15,2629,2644
27,2016-09-04,12,2118,2130
27,2016-09-06,70,2276,2346
27,2016-09-07,72,2190,2262
27,2016-09-08,67,2431,2498
27,2016-09-09,69,2573,2642
27,2016-09-10,35,2686,2721
27,2016-09-11,10,2574,2584
27,2016-09-13,58,2198,2256
27,2016-09-14,61,2311,2372
27,2016-09-15,69,2260,2329
27,2016-09-16,62,2529,2591
27,2016-09-17,17,2709,2726
27,2016-09-18,10,2271,2281
27,2016-09-20,61,1993,2054
27,2016-09-21,72,2229,2301
27,2016-09-22,59,2203,2262
27,2016-09-23,60,2399,2459
27,2016-09-24,16,2486,2502
27,2016-09-25,13,2477,2490
27,2016-09-27,47,1993,2040
27,2016-09-28,94,2025,2119
27,2016-09-29,72,2225,2297
27,2016-09-30,89,2292,2381
27,2016-10-01,26,2451,2477
27,2016-10-02,18,2011,2029
27,2016-10-04,60,1953,2013
27,2016-10-05,75,1918,1993
27,2016-10-06,69,2106,2175
27,2016-10-07,58,2333,2391
27,2016-10-08,18,1965,1983
27,2016-10-09,17,2473,2490
27,2016-10-11,52,1938,1990
27,2016-10-12,69,1921,1990
27,2016-10-13,51,1970,2021
27,2016-10-14,60,2186,2246
27,2016-10-15,13,1989,2002
27,2016-10-16,12,2201,2213
27,2016-10-18,49,2028,2077
27,2016-10-19,66,1908,1974
27,2016-10-20,64,1848,1912
27,2016-10-21,66,2222,2288
27,2016-10-22,20,1922,1942
27,2016-10-23,8,1917,1925
27,2016-10-25,63,1892,1955
27,2016-10-26,63,1954,2017
27,2016-10-27,48,2037,2085
27,2016-10-28,49,2222,2271
27,2016-10-29,19,2032,2051
27,2016-10-30,10,1966,1976
27,2016-11-01,10,1708,1718
27,2016-11-02,48,1994,2042
27,2016-11-03,55,2048,2103
27,2016-11-04,45,2131,2176
27,2016-11-05,12,1707,1719
27,2016-11-06,8,1510,1518
27,2016-11-08,64,1896,1960
27,2016-11-09,39,1790,1829
27,2016-11-10,61,1980,2041
27,2016-11-11,48,1964,2012
27,2016-11-12,11,1798,1809
27,2016-11-13,7,1491,1498
27,2016-11-15,30,1747,1777
27,2016-11-16,44,1721,1765
27,2016-11-17,43,1923,1966
27,2016-11-18,56,1946,2002
27,2016-11-19,4,1629,1633
27,2016-11-20,4,1466,1470
27,2016-11-22,35,1865,1900
27,2016-11-23,54,1736,1790
27,2016-11-24,58,1914,1972
27,2016-11-25,45,2060,2105
27,2016-11-26,15,1808,1823
27,2016-11-27,6,1680,1686
27,2016-11-29,48,1843,1891
27,2016-11-30,52,1902,1954
27,2016-12-01,41,1944,1985
27,2016-12-02,52,1997,2049
27,2016-12-03,15,1662,1677
27,2016-12-04,9,1822,1831
27,2016-12-06,44,1854,1898
27,2016-12-07,43,1861,1904
27,2016-12-08,51,1918,1969
27,2016-12-09,53,1995,2048
27,2016-12-10,14,1553,1567
27,2016-12-11,7,1446,1453
27,2016-12-13,39,1833,1872
27,2016-12-14,43,1875,1918
27,2016-12-15,56,1878,1934
27,2016-12-16,36,2029,2065
27,2016-12-17,11,1728,1739
27,2016-12-18,6,1398,1404
27,2016-12-20,46,1817,1863
27,2016-12-21,67,1930,1997
27,2016-12-22,40,1873,1913
27,2016-12-23,32,1924,1956
27,2016-12-24,7,1320,1327
27,2016-12-25,2,658,660
27,2016-12-27,12,1559,1571
27,2016-12-28,21,1588,1609
27,2016-12-29,15,1828,1843
27,2016-12-30,13,1787,1800
27,2016-12-31,7,1461,1468
29,2016-01-01,10,4925,4935
29,2016-01-02,82,10100,10182
29,2016-01-03,45,7962,8007
29,2016-01-05,250,14114,14364
29,2016-01-06,267,14741,15008
29,2016-01-07,280,14448,14728
29,2016-01-08,341,15699,16040
29,2016-01-09,110,11863,11973
29,2016-01-10,75,8409,8484
29,2016-01-12,339,15793,16132
29,2016-01-13,386,15526,15912
29,2016-01-14,370,14848,15218
29,2016-01-15,247,15002,15249
29,2016-01-16,80,11068,11148
29,2016-01-17,35,8021,8056
29,2016-01-19,354,15467,15821
29,2016-01-20,418,15578,15996
29,2016-01-21,328,15807,16135
29,2016-01-22,354,14766,15120
29,2016-01-23,83,11548,11631
29,2016-01-24,45,9389,9434
29,2016-01-26,367,15982,16349
29,2016-01-27,381,15933,16314
29,2016-01-28,376,15978,16354
29,2016-01-29,354,17080,17434
29,2016-01-30,88,11548,11636
29,2016-01-31,41,8727,8768
29,2016-02-02,414,15246,15660
29,2016-02-03,382,15750,16132
29,2016-02-04,388,14958,15346
29,2016-02-05,365,15775,16140
29,2016-02-06,113,11706,11819
29,2016-02-07,22,7738,7760
29,2016-02-09,216,13008,13224
29,2016-02-10,346,15088,15434
29,2016-02-11,337,16119,16456
29,2016-02-12,357,16969,17326
29,2016-02-13,82,11494,11576
29,2016-02-14,40,9076,9116
29,2016-02-16,399,16220,16619
29,2016-02-17,409,16011,16420
29,2016-02-18,389,15882,16271
29,2016-02-19,317,16205,16522
29,2016-02-20,113,12112,12225
29,2016-02-21,26,8799,8825
29,2016-02-23,390,14610,15000
29,2016-02-24,351,15502,15853
29,2016-02-25,350,16043,16393
29,2016-02-26,404,16446,16850
29,2016-02-27,134,13049,13183
29,2016-02-28,39,9748,9787
29,2016-03-01,416,15867,16283
29,2016-03-02,400,15114,15514
29,2016-03-03,360,15550,15910
29,2016-03-04,354,15522,15876
29,2016-03-05,111,12577,12688
29,2016-03-06,37,9435,9472
29,2016-03-08,388,15622,16010
29,2016-03-09,438,15767,16205
29,2016-03-10,672,15068,15740
29,2016-03-11,535,15988,16523
29,2016-03-12,130,13138,13268
29,2016-03-13,62,10232,10294
29,2016-03-15,505,15821,16326
29,2016-03-16,488,15883,16371
29,2016-03-17,490,16375,16865
29,2016-03-18,469,16713,17182
29,2016-03-19,143,12568,12711
29,2016-03-20,47,10197,10244
29,2016-03-22,511,15520,16031
29,2016-03-23,503,15944,16447
29,2016-03-24,441,16066,16507
29,2016-03-25,187,14307,14494
29,2016-03-26,133,12309,12442
29,2016-03-30,520,15522,16042
29,2016-03-31,484,15602,16086
29,2016-04-01,516,15870,16386
29,2016-04-02,155,12815,12970
29,2016-04-03,77,10003,10080
29,2016-04-05,444,16067,16511
29,2016-04-06,522,16046,16568
29,2016-04-07,584,15948,16532
29,2016-04-08,469,16765,17234
29,2016-04-09,140,13213,13353
29,2016-04-10,91,10987,11078
29,2016-04-12,453,16335,16788
29,2016-04-13,451,16507,16958
29,2016-04-14,481,16754,17235
29,2016-04-15,440,17300,17740
29,2016-04-16,169,13233,13402
29,2016-04-17,55,10422,10477
29,2016-04-19,510,16504,17014
29,2016-04-20,441,16619,17060
29,2016-04-21,445,16895,17340
29,2016-04-22,448,17397,17845
29,2016-04-23,98,12832,12930
29,2016-04-24,53,9733,9786
29,2016-04-26,450,15716,16166
29,2016-04-27,452,15596,16048
29,2016-04-28,431,16824,17255
29,2016-04-29,439,17850,18289
29,2016-04-30,158,13411,13569
29,2016-05-01,42,9718,9760
29,2016-05-03,528,16554,17082
29,2016-05-04,446,17979,18425
29,2016-05-05,109,11330,11439
29,2016-05-06,320,15824,16144
29,2016-05-07,154,13373,13527
29,2016-05-08,95,11999,12094
29,2016-05-10,383,16551,16934
29,2016-05-11,403,16613,17016
29,2016-05-12,458,16995,17453
29,2016-05-13,456,16846,17302
29,2016-05-14,144,13386,13530
29,2016-05-15,48,9165,9213
29,2016-05-17,464,16711,17175
29,2016-05-18,472,16230,16702
29,2016-05-19,447,16788,17235
29,2016-05-20,445,17189,17634
29,2016-05-21,157,12784,12941
29,2016-05-22,72,10074,10146
29,2016-05-24,451,16522,16973
29,2016-05-25,491,17096,17587
29,2016-05-26,247,17361,17608
29,2016-05-27,418,16366,16784
29,2016-05-28,172,13342,13514
29,2016-05-29,83,10179,10262
29,2016-05-31,442,17255,17697
29,2016-06-01,500,16232,16732
29,2016-06-02,490,16520,17010
29,2016-06-03,470,17521,17991
29,2016-06-05,65,10468,10533
29,2016-06-07,534,16030,16564
29,2016-06-08,480,16108,16588
29,2016-06-09,464,17296,17760
29,2016-06-10,437,17719,18156
29,2016-06-11,134,12866,13000
29,2016-06-12,64,10536,10600
29,2016-06-14,462,16172,16634
29,2016-06-15,500,15970,16470
29,2016-06-16,448,15950,16398
29,2016-06-17,498,16670,17168
29,2016-06-18,189,13897,14086
29,2016-06-19,85,10730,10815
29,2016-06-21,471,16147,16618
29,2016-06-22,445,16826,17271
29,2016-06-23,199,12929,13128
29,2016-06-24,424,15114,15538
29,2016-06-25,108,11324,11432
29,2016-06-26,55,10022,10077
29,2016-06-28,450,17138,17588
29,2016-06-29,471,17347,17818
29,2016-06-30,431,17266,17697
29,2016-07-01,423,17936,18359
29,2016-07-02,180,13341,13521
29,2016-07-03,57,10623,10680
29,2016-07-05,480,16961,17441
29,2016-07-06,464,17183,17647
29,2016-07-07,493,17438,17931
29,2016-07-08,438,17905,18343
29,2016-07-09,164,13953,14117
29,2016-07-10,74,11411,11485
29,2016-07-12,476,17459,17935
29,2016-07-13,453,17269,17722
29,2016-07-14,498,17402,17900
29,2016-07-15,474,18389,18863
29,2016-07-16,161,13878,14039
29,2016-07-17,112,11989,12101
29,2016-07-19,494,16994,17488
29,2016-07-20,466,16742,17208
29,2016-07-21,476,16702,17178
29,2016-07-22,486,16772,17258
29,2016-07-23,130,13312,13442
29,2016-07-24,87,11069,11156
29,2016-07-26,495,16703,17198
29,2016-07-27,525,17320,17845
29,2016-07-28,439,17180,17619
29,2016-07-29,356,17431,17787
29,2016-07-30,160,12961,13121
29,2016-07-31,98,11056,11154
29,2016-08-02,280,15589,15869
29,2016-08-03,359,15759,16118
29,2016-08-04,329,15571,15900
29,2016-08-05,299,16031,16330
29,2016-08-06,163,12465,12628
29,2016-08-07,88,11365,11453
29,2016-08-09,326,14998,15324
29,2016-08-10,347,15304,15651
29,2016-08-11,348,14938,15286
29,2016-08-12,327,15706,16033
29,2016-08-13,179,12232,12411
29,2016-08-14,79,11119,11198
29,2016-08-16,369,15418,15787
29,2016-08-17,392,15699,16091
29,2016-08-18,424,15366,15790
29,2016-08-19,382,15878,16260
29,2016-08-20,158,12449,12607
29,2016-08-21,76,10523,10599
29,2016-08-23,466,16372,16838
29,2016-08-24,458,16277,16735
29,2016-08-25,458,16530,16988
29,2016-08-26,411,16690,17101
29,2016-08-27,134,12658,12792
29,2016-08-28,86,10972,11058
29,2016-08-30,443,15888,16331
29,2016-08-31,476,16654,17130
29,2016-09-01,479,16624,17103
29,2016-09-02,416,17037,17453
29,2016-09-03,175,13237,13412
29,2016-09-04,28,9974,10002
29,2016-09-06,413,16312,16725
29,2016-09-07,426,16462,16888
29,2016-09-08,423,16470,16893
29,2016-09-09,455,17183,17638
29,2016-09-10,173,13106,13279
29,2016-09-11,96,10930,11026
29,2016-09-13,444,16346,16790
29,2016-09-14,458,16334,16792
29,2016-09-15,542,16528,17070
29,2016-09-16,400,17228,17628
29,2016-09-17,150,13500,13650
29,2016-09-18,66,11097,11163
29,2016-09-20,440,16213,16653
29,2016-09-21,417,16590,17007
29,2016-09-22,449,16480,16929
29,2016-09-23,468,17178,17646
29,2016-09-24,184,13798,13982
29,2016-09-25,144,12360,12504
29,2016-09-27,430,16378,16808
29,2016-09-28,413,16332,16745
29,2016-09-29,423,16859,17282
29,2016-09-30,425,17295,17720
29,2016-10-01,116,13260,13376
29,2016-10-02,28,10438,10466
29,2016-10-04,433,16236,16669
29,2016-10-05,435,16691,17126
29,2016-10-06,487,16641,17128
29,2016-10-07,434,17342,17776
29,2016-10-08,129,13412,13541
29,2016-10-09,40,10014,10054
29,2016-10-11,403,15826,16229
29,2016-10-12,412,15819,16231
29,2016-10-13,443,16039,16482
29,2016-10-14,422,16354,16776
29,2016-10-15,117,12818,12935
29,2016-10-16,65,11316,11381
29,2016-10-18,450,15952,16402
29,2016-10-19,498,15836,16334
29,2016-10-20,447,15720,16167
29,2016-10-21,451,16317,16768
29,2016-10-22,127,13058,13185
29,2016-10-23,44,10378,10422
29,2016-10-25,437,16480,16917
29,2016-10-26,456,16818,17274
29,2016-10-27,427,17126,17553
29,2016-10-28,465,17490,17955
29,2016-10-29,129,13647,13776
29,2016-10-30,66,11703,11769
29,2016-11-01,49,9715,9764
29,2016-11-02,477,16531,17008
29,2016-11-03,478,16952,17430
29,2016-11-04,431,16891,17322
29,2016-11-05,142,12303,12445
29,2016-11-06,38,10276,10314
29,2016-11-08,441,16216,16657
29,2016-11-09,409,15799,16208
29,2016-11-10,426,16090,16516
29,2016-11-11,425,16649,17074
29,2016-11-12,127,13114,13241
29,2016-11-13,51,9445,9496
29,2016-11-15,368,15791,16159
29,2016-11-16,370,15917,16287
29,2016-11-17,415,16180,16595
29,2016-11-18,394,14960,15354
29,2016-11-19,125,13009,13134
29,2016-11-20,43,9367,9410
29,2016-11-22,420,15678,16098
29,2016-11-23,421,16011,16432
29,2016-11-24,435,16280,16715
29,2016-11-25,419,16939,17358
29,2016-11-26,126,13033,13159
29,2016-11-27,46,9760,9806
29,2016-11-29,447,16187,16634
29,2016-11-30,460,16381,16841
29,2016-12-01,414,16836,17250
29,2016-12-02,382,17030,17412
29,2016-12-03,150,13444,13594
29,2016-12-04,60,10265,10325
29,2016-12-06,403,16110,16513
29,2016-12-07,433,16022,16455
29,2016-12-08,374,16421,16795
29,2016-12-09,369,16587,16956
29,2016-12-10,111,13549,13660
29,2016-12-11,53,9903,9956
29,2016-12-13,409,16045,16454
29,2016-12-14,428,16399,16827
29,2016-12-15,419,16088,16507
29,2016-12-16,374,17260,17634
29,2016-12-17,111,13195,13306
29,2016-12-18,44,9707,9751
29,2016-12-20,378,16361,16739
29,2016-12-21,387,16349,16736
29,2016-12-22,262,16007,16269
29,2016-12-23,229,15256,15485
29,2016-12-24,67,8941,9008
29,2016-12-25,15,5886,5901
29,2016-12-27,159,12095,12254
29,2016-12-28,180,12401,12581
29,2016-12-29,186,12912,13098
29,2016-12-30,166,12943,13109
29,2016-12-31,72,9023,9095
30,2016-01-01,15,2422,2437
30,2016-01-02,29,4196,4225
30,2016-01-03,18,3341,3359
30,2016-01-05,145,8082,8227
30,2016-01-06,196,7966,8162
30,2016-01-07,218,6294,6512
30,2016-01-08,216,8499,8715
30,2016-01-09,43,4827,4870
30,2016-01-10,7,3293,3300
30,2016-01-12,266,9164,9430
30,2016-01-13,291,8696,8987
30,2016-01-14,217,8574,8791
30,2016-01-15,212,9870,10082
30,2016-01-16,55,4469,4524
30,2016-01-17,16,3386,3402
30,2016-01-19,265,8418,8683
30,2016-01-20,229,8280,8509
30,2016-01-21,298,8762,9060
30,2016-01-22,245,8860,9105
30,2016-01-23,44,4850,4894
30,2016-01-24,25,3665,3690
30,2016-01-26,224,9245,9469
30,2016-01-27,272,8493,8765
30,2016-01-28,230,11522,11752
30,2016-01-29,325,9261,9586
30,2016-01-30,106,6110,6216
30,2016-01-31,20,4576,4596
30,2016-02-02,356,11148,11504
30,2016-02-03,306,10676,10982
30,2016-02-04,290,10798,11088
30,2016-02-05,284,9887,10171
30,2016-02-06,57,5657,5714
30,2016-02-07,26,3450,3476
30,2016-02-09,202,5410,5612
30,2016-02-10,210,7789,7999
30,2016-02-11,223,7379,7602
30,2016-02-12,263,9022,9285
30,2016-02-13,39,4997,5036
30,2016-02-14,9,4169,4178
30,2016-02-16,249,8410,8659
30,2016-02-17,334,8320,8654
30,2016-02-18,272,8220,8492
30,2016-02-19,239,8429,8668
30,2016-02-20,52,4882,4934
30,2016-02-21,14,3579,3593
30,2016-02-23,244,11320,11564
30,2016-02-24,254,8594,8848
30,2016-02-25,298,9180,9478
30,2016-02-26,336,9610,9946
30,2016-02-27,52,5802,5854
30,2016-02-28,17,4142,4159
30,2016-03-01,288,9071,9359
30,2016-03-02,268,10960,11228
30,2016-03-03,262,9173,9435
30,2016-03-04,215,9429,9644
30,2016-03-05,195,6272,6467
30,2016-03-06,20,3826,3846
30,2016-03-08,303,9120,9423
30,2016-03-09,298,9164,9462
30,2016-03-10,279,9240,9519
30,2016-03-11,339,9530,9869
30,2016-03-12,54,6119,6173
30,2016-03-13,19,4445,4464
30,2016-03-15,434,10806,11240
30,2016-03-16,323,8901,9224
30,2016-03-17,261,9214,9475
30,2016-03-18,309,9880,10189
30,2016-03-19,155,7212,7367
30,2016-03-20,34,5116,5150
30,2016-03-22,271,9056,9327
30,2016-03-23,328,8894,9222
30,2016-03-24,295,9382,9677
30,2016-03-25,195,9275,9470
30,2016-03-26,54,5854,5908
30,2016-03-30,258,9500,9758
30,2016-03-31,282,11684,11966
30,2016-04-01,354,11990,12344
30,2016-04-02,86,5908,5994
30,2016-04-03,26,4002,4028
30,2016-04-05,232,9182,9414
30,2016-04-06,288,9168,9456
30,2016-04-07,308,11362,11670
30,2016-04-08,292,9714,10006
30,2016-04-09,68,6297,6365
30,2016-04-10,16,4881,4897
30,2016-04-12,310,9306,9616
30,2016-04-13,259,8692,8951
30,2016-04-14,277,9038,9315
30,2016-04-15,266,9236,9502
30,2016-04-16,83,5955,6038
30,2016-04-17,25,4518,4543
30,2016-04-19,444,11362,11806
30,2016-04-20,296,9472,9768
30,2016-04-21,318,9886,10204
30,2016-04-22,310,10290,10600
30,2016-04-23,182,10162,10344
30,2016-04-24,56,7202,7258
30,2016-04-26,354,11232,11586
30,2016-04-27,324,10688,11012
30,2016-04-28,350,11774,12124
30,2016-04-29,411,10168,10579
30,2016-04-30,72,7390,7462
30,2016-05-01,20,5622,5642
30,2016-05-03,337,10353,10690
30,2016-05-04,344,8788,9132
30,2016-05-05,39,5238,5277
30,2016-05-06,203,8261,8464
30,2016-05-07,61,6157,6218
30,2016-05-08,24,5101,5125
30,2016-05-10,278,9715,9993
30,2016-05-11,312,9551,9863
30,2016-05-12,289,10164,10453
30,2016-05-13,504,13098,13602
30,2016-05-14,62,5987,6049
30,2016-05-15,32,4058,4090
30,2016-05-17,276,9193,9469
30,2016-05-18,307,9498,9805
30,2016-05-19,314,11516,11830
30,2016-05-20,303,10107,10410
30,2016-05-21,110,6442,6552
30,2016-05-22,28,4370,4398
30,2016-05-24,315,9978,10293
30,2016-05-25,376,9626,10002
30,2016-05-26,454,12824,13278
30,2016-05-27,452,12156,12608
30,2016-05-28,98,7164,7262
30,2016-05-29,34,5486,5520
30,2016-05-31,288,10489,10777
30,2016-06-01,442,11356,11798
30,2016-06-02,326,12396,12722
30,2016-06-03,442,11946,12388
30,2016-06-04,98,6924,7022
30,2016-06-05,22,4320,4342
30,2016-06-07,285,10289,10574
30,2016-06-08,362,11684,12046
30,2016-06-09,286,10469,10755
30,2016-06-10,395,10803,11198
30,2016-06-11,107,6356,6463
30,2016-06-12,24,5652,5676
30,2016-06-14,293,9788,10081
30,2016-06-15,275,9465,9740
30,2016-06-16,378,11664,12042
30,2016-06-17,460,11610,12070
30,2016-06-18,153,6099,6252
30,2016-06-19,26,4750,4776
30,2016-06-21,283,9712,9995
30,2016-06-22,316,10276,10592
30,2016-06-23,61,5121,5182
30,2016-06-24,242,10102,10344
30,2016-06-25,84,6272,6356
30,2016-06-26,34,4737,4771
30,2016-06-28,278,9759,10037
30,2016-06-29,334,9868,10202
30,2016-06-30,273,10330,10603
30,2016-07-01,412,10654,11066
30,2016-07-02,68,7514,7582
30,2016-07-03,21,4820,4841
30,2016-07-05,301,9840,10141
30,2016-07-06,311,9954,10265
30,2016-07-07,293,10559,10852
30,2016-07-08,360,11725,12085
30,2016-07-09,298,8651,8949
30,2016-07-10,49,5220,5269
30,2016-07-12,328,9779,10107
30,2016-07-13,346,10996,11342
30,2016-07-14,478,11852,12330
30,2016-07-15,431,11051,11482
30,2016-07-16,101,6097,6198
30,2016-07-17,41,4774,4815
30,2016-07-19,279,9750,10029
30,2016-07-20,270,9945,10215
30,2016-07-21,360,11504,11864
30,2016-07-22,312,11888,12200
30,2016-07-23,60,6360,6420
30,2016-07-24,13,4686,4699
30,2016-07-26,424,11046,11470
30,2016-07-27,314,9667,9981
30,2016-07-28,279,9678,9957
30,2016-07-29,251,9470,9721
30,2016-07-30,89,5634,5723
30,2016-07-31,62,4588,4650
30,2016-08-02,193,7912,8105
30,2016-08-03,233,8212,8445
30,2016-08-04,177,7603,7780
30,2016-08-05,202,8101,8303
30,2016-08-06,43,5044,5087
30,2016-08-07,31,4438,4469
30,2016-08-09,229,7177,7406
30,2016-08-10,176,8664,8840
30,2016-08-11,191,7116,7307
30,2016-08-12,190,7690,7880
30,2016-08-13,55,5006,5061
30,2016-08-14,49,4266,4315
30,2016-08-16,248,6338,6586
30,2016-08-17,227,7673,7900
30,2016-08-18,173,7349,7522
30,2016-08-19,183,7486,7669
30,2016-08-20,69,4938,5007
30,2016-08-21,40,3769,3809
30,2016-08-23,233,8341,8574
30,2016-08-24,256,8385,8641
30,2016-08-25,252,8550,8802
30,2016-08-26,208,9153,9361
30,2016-08-27,49,5119,5168
30,2016-08-28,20,4218,4238
30,2016-08-30,284,9365,9649
30,2016-08-31,317,9688,10005
30,2016-09-01,257,9182,9439
30,2016-09-02,294,10457,10751
30,2016-09-03,233,7583,7816
30,2016-09-04,56,5218,5274
30,2016-09-06,379,11852,12231
30,2016-09-07,401,11982,12383
30,2016-09-08,406,12662,13068
30,2016-09-09,373,12817,13190
30,2016-09-10,163,8065,8228
30,2016-09-11,58,6165,6223
30,2016-09-13,473,12234,12707
30,2016-09-14,493,12059,12552
30,2016-09-15,384,11963,12347
30,2016-09-16,415,12746,13161
30,2016-09-17,90,7857,7947
30,2016-09-18,32,7072,7104
30,2016-09-20,392,11304,11696
30,2016-09-21,419,11854,12273
30,2016-09-22,405,12071,12476
30,2016-09-23,415,12995,13410
30,2016-09-24,128,8957,9085
30,2016-09-25,38,7269,7307
30,2016-09-27,408,11907,12315
30,2016-09-28,427,11765,12192
30,2016-09-29,414,12047,12461
30,2016-09-30,405,12396,12801
30,2016-10-01,108,9262,9370
30,2016-10-02,51,6012,6063
30,2016-10-04,473,12019,12492
30,2016-10-05,445,12100,12545
30,2016-10-06,475,12048,12523
30,2016-10-07,451,13387,13838
30,2016-10-08,119,8057,8176
30,2016-10-09,61,6252,6313
30,2016-10-11,363,11877,12240
30,2016-10-12,479,12278,12757
30,2016-10-13,438,12202,12640
30,2016-10-14,412,12519,12931
30,2016-10-15,80,7992,8072
30,2016-10-16,29,6762,6791
30,2016-10-18,434,13722,14156
30,2016-10-19,438,13644,14082
30,2016-10-20,404,12048,12452
30,2016-10-21,491,12081,12572
30,2016-10-22,85,7850,7935
30,2016-10-23,54,7398,7452
30,2016-10-25,369,11664,12033
30,2016-10-26,452,14154,14606
30,2016-10-27,570,12214,12784
30,2016-10-28,424,12433,12857
30,2016-10-29,181,8647,8828
30,2016-10-30,20,5861,5881
30,2016-11-01,30,5759,5789
30,2016-11-02,523,11004,11527
30,2016-11-03,438,13872,14310
30,2016-11-04,472,13766,14238
30,2016-11-05,149,7691,7840
30,2016-11-06,52,6764,6816
30,2016-11-08,600,11401,12001
30,2016-11-09,381,11520,11901
30,2016-11-10,422,13694,14116
30,2016-11-11,386,13958,14344
30,2016-11-12,81,7896,7977
30,2016-11-13,27,5308,5335
30,2016-11-15,292,11797,12089
30,2016-11-16,312,11600,11912
30,2016-11-17,315,11630,11945
30,2016-11-18,454,13916,14370
30,2016-11-19,135,7349,7484
30,2016-11-20,20,4976,4996
30,2016-11-22,378,13020,13398
30,2016-11-23,444,11131,11575
30,2016-11-24,488,12334,12822
30,2016-11-25,437,12621,13058
30,2016-11-26,158,7567,7725
30,2016-11-27,28,5400,5428
30,2016-11-29,438,12248,12686
30,2016-11-30,505,11457,11962
30,2016-12-01,418,11648,12066
30,2016-12-02,454,12433,12887
30,2016-12-03,280,7279,7559
30,2016-12-04,50,5130,5180
30,2016-12-06,343,11701,12044
30,2016-12-07,402,11725,12127
30,2016-12-08,388,12328,12716
30,2016-12-09,394,12371,12765
30,2016-12-10,78,8108,8186
30,2016-12-11,26,5540,5566
30,2016-12-13,385,11897,12282
30,2016-12-14,425,11861,12286
30,2016-12-15,400,12279,12679
30,2016-12-16,383,12450,12833
30,2016-12-17,91,7751,7842
30,2016-12-18,25,5525,5550
30,2016-12-20,390,11534,11924
30,2016-12-21,331,11311,11642
30,2016-12-22,285,11581,11866
30,2016-12-23,260,12332,12592
30,2016-12-24,48,6269,6317
30,2016-12-25,17,3995,4012
30,2016-12-27,223,7113,7336
30,2016-12-28,168,7125,7293
30,2016-12-29,172,7795,7967
30,2016-12-30,198,7680,7878
30,2016-12-31,33,5268,5301
291,2016-01-01,33,501,534
291,2016-01-02,72,1892,1964
291,2016-01-03,36,1186,1222
291,2016-01-05,160,4224,4384
291,2016-01-06,170,4526,4696
291,2016-01-07,148,4318,4466
291,2016-01-08,181,4416,4597
291,2016-01-09,68,2411,2479
291,2016-01-10,34,906,940
291,2016-01-12,148,4584,4732
291,2016-01-13,156,4456,4612
291,2016-01-14,154,4610,4764
291,2016-01-15,162,3624,3786
291,2016-01-16,84,2080,2164
291,2016-01-17,43,871,914
291,2016-01-19,208,4371,4579
291,2016-01-20,204,4292,4496
291,2016-01-21,199,4536,4735
291,2016-01-22,172,4008,4180
291,2016-01-23,77,2042,2119
291,2016-01-24,53,969,1022
291,2016-01-26,186,4742,4928
291,2016-01-27,199,4777,4976
291,2016-01-28,241,4550,4791
291,2016-01-29,206,4881,5087
291,2016-01-30,72,1920,1992
291,2016-01-31,36,1024,1060
291,2016-02-02,150,4274,4424
291,2016-02-03,152,4368,4520
291,2016-02-04,160,4278,4438
291,2016-02-05,202,4726,4928
291,2016-02-06,80,2244,2324
291,2016-02-07,34,988,1022
291,2016-02-09,128,3690,3818
291,2016-02-10,138,3622,3760
291,2016-02-11,142,3662,3804
291,2016-02-12,197,4122,4319
291,2016-02-13,70,2216,2286
291,2016-02-14,36,1090,1126
291,2016-02-16,201,4478,4679
291,2016-02-17,208,4368,4576
291,2016-02-18,196,4270,4466
291,2016-02-19,209,4412,4621
291,2016-02-20,68,2218,2286
291,2016-02-21,37,1191,1228
291,2016-02-23,184,4462,4646
291,2016-02-24,225,4508,4733
291,2016-02-25,212,4782,4994
291,2016-02-26,215,4748,4963
291,2016-02-27,79,2349,2428
291,2016-02-28,40,1047,1087
291,2016-03-01,164,4464,4628
291,2016-03-02,136,4072,4208
291,2016-03-03,162,4384,4546
291,2016-03-04,148,4344,4492
291,2016-03-05,87,2388,2475
291,2016-03-06,44,1129,1173
291,2016-03-08,214,4835,5049
291,2016-03-09,211,4545,4756
291,2016-03-10,224,4512,4736
291,2016-03-11,210,4838,5048
291,2016-03-12,80,2710,2790
291,2016-03-13,39,1142,1181
291,2016-03-15,207,4709,4916
291,2016-03-16,209,4611,4820
291,2016-03-17,192,5102,5294
291,2016-03-18,220,4899,5119
291,2016-03-19,86,2502,2588
291,2016-03-20,42,1302,1344
291,2016-03-22,243,4908,5151
291,2016-03-23,237,4706,4943
291,2016-03-24,218,5004,5222
291,2016-03-25,210,4339,4549
291,2016-03-26,78,2574,2652
291,2016-03-30,176,4884,5060
291,2016-03-31,176,4713,4889
291,2016-04-01,221,4611,4832
291,2016-04-02,77,2438,2515
291,2016-04-03,34,1492,1526
291,2016-04-05,148,4356,4504
291,2016-04-06,188,3922,4110
291,2016-04-07,168,4790,4958
291,2016-04-08,242,4869,5111
291,2016-04-09,80,2160,2240
291,2016-04-10,40,1191,1231
291,2016-04-12,168,4094,4262
291,2016-04-13,202,4500,4702
291,2016-04-14,168,4208,4376
291,2016-04-15,176,4142,4318
291,2016-04-16,98,2504,2602
291,2016-04-17,42,1260,1302
291,2016-04-19,206,4959,5165
291,2016-04-20,217,4697,4914
291,2016-04-21,223,4948,5171
291,2016-04-22,226,4981,5207
291,2016-04-23,83,2536,2619
291,2016-04-24,34,1242,1276
291,2016-04-26,246,5336,5582
291,2016-04-27,250,5234,5484
291,2016-04-28,239,5096,5335
291,2016-04-29,236,5040,5276
291,2016-04-30,78,2790,2868
291,2016-05-01,36,990,1026
291,2016-05-03,214,5017,5231
291,2016-05-04,253,5113,5366
291,2016-05-05,34,947,981
291,2016-05-06,189,3627,3816
291,2016-05-07,75,2016,2091
291,2016-05-08,38,1532,1570
291,2016-05-10,152,4706,4858
291,2016-05-11,208,5058,5266
291,2016-05-12,230,5216,5446
291,2016-05-13,170,4662,4832
291,2016-05-14,85,2287,2372
291,2016-05-15,37,1093,1130
291,2016-05-17,237,4707,4944
291,2016-05-18,194,4116,4310
291,2016-05-19,229,4644,4873
291,2016-05-20,240,4626,4866
291,2016-05-21,93,2283,2376
291,2016-05-22,36,1044,1080
291,2016-05-24,238,5120,5358
291,2016-05-25,249,5041,5290
291,2016-05-26,204,4840,5044
291,2016-05-27,188,5094,5282
291,2016-05-28,72,2184,2256
291,2016-05-29,45,1142,1187
291,2016-05-31,172,5420,5592
291,2016-06-01,170,4678,4848
291,2016-06-02,178,5540,5718
291,2016-06-03,249,5565,5814
291,2016-06-04,72,2260,2332
291,2016-06-05,37,1991,2028
291,2016-06-07,138,5030,5168
291,2016-06-08,215,5355,5570
291,2016-06-09,223,5408,5631
291,2016-06-10,226,5103,5329
291,2016-06-11,83,2749,2832
291,2016-06-12,38,1320,1358
291,2016-06-14,184,4786,4970
291,2016-06-15,192,4770,4962
291,2016-06-16,176,4940,5116
291,2016-06-17,174,4754,4928
291,2016-06-18,84,2461,2545
291,2016-06-19,42,1570,1612
291,2016-06-21,214,5063,5277
291,2016-06-22,204,4901,5105
291,2016-06-23,35,944,979
291,2016-06-24,173,3830,4003
291,2016-06-25,76,2280,2356
291,2016-06-26,40,1300,1340
291,2016-06-28,219,5009,5228
291,2016-06-29,203,4941,5144
291,2016-06-30,250,5108,5358
291,2016-07-01,235,5406,5641
291,2016-07-02,78,2617,2695
291,2016-07-03,36,1692,1728
291,2016-07-05,223,5073,5296
291,2016-07-06,209,4921,5130
291,2016-07-07,230,5441,5671
291,2016-07-08,203,5121,5324
291,2016-07-09,79,2288,2367
291,2016-07-10,37,1119,1156
291,2016-07-11,217,4948,5165
291,2016-07-13,197,4871,5068
291,2016-07-14,237,5150,5387
291,2016-07-15,223,4546,4769
291,2016-07-16,81,2151,2232
291,2016-07-17,37,1152,1189
291,2016-07-18,194,4506,4700
291,2016-07-20,200,4344,4544
291,2016-07-21,172,3940,4112
291,2016-07-22,172,3864,4036
291,2016-07-23,80,2135,2215
291,2016-07-24,32,1178,1210
291,2016-07-25,200,4194,4394
291,2016-07-27,200,4216,4416
291,2016-07-28,218,4353,4571
291,2016-07-29,177,3673,3850
291,2016-07-30,79,1790,1869
291,2016-07-31,35,984,1019
291,2016-08-01,152,3411,3563
291,2016-08-03,154,3595,3749
291,2016-08-04,163,3231,3394
291,2016-08-05,132,3227,3359
291,2016-08-06,74,1594,1668
291,2016-08-07,33,908,941
291,2016-08-08,130,3037,3167
291,2016-08-10,126,2969,3095
291,2016-08-11,145,2979,3124
291,2016-08-12,139,3030,3169
291,2016-08-13,74,1736,1810
291,2016-08-14,35,880,915
291,2016-08-15,33,782,815
291,2016-08-17,128,2960,3088
291,2016-08-18,130,2961,3091
291,2016-08-19,138,3013,3151
291,2016-08-20,72,1640,1712
291,2016-08-21,36,860,896
291,2016-08-22,151,3604,3755
291,2016-08-24,151,3481,3632
291,2016-08-25,147,3507,3654
291,2016-08-26,146,3473,3619
291,2016-08-27,84,1776,1860
291,2016-08-28,38,987,1025
291,2016-08-29,164,4046,4210
291,2016-08-31,160,4112,4272
291,2016-09-01,156,4117,4273
291,2016-09-02,167,4424,4591
291,2016-09-03,102,2614,2716
291,2016-09-04,30,884,914
291,2016-09-05,107,2556,2663
291,2016-09-07,168,4296,4464
291,2016-09-08,155,4486,4641
291,2016-09-09,174,4461,4635
291,2016-09-10,78,2160,2238
291,2016-09-11,35,1114,1149
291,2016-09-12,180,4852,5032
291,2016-09-14,182,4866,5048
291,2016-09-15,197,5415,5612
291,2016-09-16,205,5511,5716
291,2016-09-17,77,2659,2736
291,2016-09-18,34,1200,1234
291,2016-09-19,226,5430,5656
291,2016-09-21,220,5258,5478
291,2016-09-22,185,5364,5549
291,2016-09-23,194,5400,5594
291,2016-09-24,83,2605,2688
291,2016-09-25,40,1314,1354
291,2016-09-26,189,5407,5596
291,2016-09-28,181,5422,5603
291,2016-09-29,197,6300,6497
291,2016-09-30,214,5865,6079
291,2016-10-01,104,3160,3264
291,2016-10-03,181,5628,5809
291,2016-10-05,199,5632,5831
291,2016-10-06,209,5577,5786
291,2016-10-07,211,5901,6112
291,2016-10-08,95,3013,3108
291,2016-10-09,41,1380,1421
291,2016-10-10,209,5502,5711
291,2016-10-12,213,5452,5665
291,2016-10-13,205,5698,5903
291,2016-10-14,205,6116,6321
291,2016-10-15,78,2682,2760
291,2016-10-16,35,1155,1190
291,2016-10-17,205,5757,5962
291,2016-10-19,213,5824,6037
291,2016-10-20,210,5825,6035
291,2016-10-21,230,5952,6182
291,2016-10-22,100,3344,3444
291,2016-10-23,41,1645,1686
291,2016-10-24,164,5554,5718
291,2016-10-26,183,5535,5718
291,2016-10-27,177,5621,5798
291,2016-10-28,209,5664,5873
291,2016-10-29,80,2981,3061
291,2016-10-30,31,1339,1370
291,2016-10-31,157,4298,4455
291,2016-11-03,187,5088,5275
291,2016-11-04,224,5476,5700
291,2016-11-05,86,2954,3040
291,2016-11-06,40,1188,1228
291,2016-11-07,206,5880,6086
291,2016-11-08,218,5893,6111
291,2016-11-10,166,5460,5626
291,2016-11-11,232,6115,6347
291,2016-11-12,83,2971,3054
291,2016-11-13,41,1721,1762
291,2016-11-14,196,5722,5918
291,2016-11-15,177,5766,5943
291,2016-11-17,148,5736,5884
291,2016-11-18,148,5740,5888
291,2016-11-19,79,2840,2919
291,2016-11-20,36,1098,1134
291,2016-11-21,142,5778,5920
291,2016-11-22,166,5580,5746
291,2016-11-24,230,5703,5933
291,2016-11-25,221,6315,6536
291,2016-11-26,95,2909,3004
291,2016-11-27,40,1694,1734
291,2016-11-28,221,5690,5911
291,2016-11-29,244,5888,6132
291,2016-12-01,213,5838,6051
291,2016-12-02,205,5700,5905
291,2016-12-03,97,3193,3290
291,2016-12-04,38,1678,1716
291,2016-12-05,205,5773,5978
291,2016-12-06,193,5672,5865
291,2016-12-08,206,5772,5978
291,2016-12-09,211,5798,6009
291,2016-12-10,87,2873,2960
291,2016-12-11,54,1728,1782
291,2016-12-12,196,5752,5948
291,2016-12-13,196,5912,6108
291,2016-12-15,195,5764,5959
291,2016-12-16,225,6081,6306
291,2016-12-17,89,2857,2946
291,2016-12-18,47,1796,1843
291,2016-12-19,176,4260,4436
291,2016-12-20,185,4101,4286
291,2016-12-22,136,4120,4256
291,2016-12-23,158,4184,4342
291,2016-12-24,70,2284,2354
291,2016-12-25,33,407,440
291,2016-12-26,35,726,761
291,2016-12-27,136,2724,2860
291,2016-12-29,132,2574,2706
291,2016-12-30,130,2706,2836
291,2016-12-31,88,1697,1785
345,2016-01-01,19,4926,4945
345,2016-01-02,110,6682,6792
345,2016-01-03,26,5530,5556
345,2016-01-04,232,9938,10170
345,2016-01-05,244,10644,10888
345,2016-01-07,280,11126,11406
345,2016-01-08,270,11594,11864
345,2016-01-09,116,8480,8596
345,2016-01-10,25,6002,6027
345,2016-01-11,334,11662,11996
345,2016-01-12,310,11937,12247
345,2016-01-14,272,11281,11553
345,2016-01-15,185,11250,11435
345,2016-01-16,119,8464,8583
345,2016-01-17,29,6114,6143
345,2016-01-18,317,11431,11748
345,2016-01-19,326,11352,11678
345,2016-01-21,326,11571,11897
345,2016-01-22,370,11130,11500
345,2016-01-23,115,8272,8387
345,2016-01-24,30,6376,6406
345,2016-01-25,301,11610,11911
345,2016-01-26,316,11819,12135
345,2016-01-28,305,12257,12562
345,2016-01-29,367,12346,12713
345,2016-01-30,206,11854,12060
345,2016-01-31,36,6434,6470
345,2016-02-01,309,11084,11393
345,2016-02-02,300,11605,11905
345,2016-02-03,366,11473,11839
345,2016-02-05,362,12356,12718
345,2016-02-06,135,8535,8670
345,2016-02-07,44,5938,5982
345,2016-02-08,222,9940,10162
345,2016-02-10,240,10813,11053
345,2016-02-12,286,11636,11922
345,2016-02-13,142,7780,7922
345,2016-02-14,33,6254,6287
345,2016-02-15,335,10801,11136
345,2016-02-16,326,11155,11481
345,2016-02-17,364,11684,12048
345,2016-02-19,311,11941,12252
345,2016-02-20,124,8550,8674
345,2016-02-21,37,6862,6899
345,2016-02-22,310,11465,11775
345,2016-02-23,410,12766,13176
345,2016-02-24,336,11937,12273
345,2016-02-26,376,12611,12987
345,2016-02-27,127,9498,9625
345,2016-02-28,37,6647,6684
345,2016-02-29,433,11906,12339
345,2016-03-01,311,11856,12167
345,2016-03-02,346,11983,12329
345,2016-03-04,450,12670,13120
345,2016-03-05,145,9226,9371
345,2016-03-06,34,6566,6600
345,2016-03-07,442,11624,12066
345,2016-03-08,343,11779,12122
345,2016-03-09,380,11952,12332
345,2016-03-11,360,12530,12890
345,2016-03-12,159,9747,9906
345,2016-03-13,39,7305,7344
345,2016-03-14,351,11303,11654
345,2016-03-15,457,12823,13280
345,2016-03-16,368,11561,11929
345,2016-03-18,389,13131,13520
345,2016-03-19,292,11433,11725
345,2016-03-20,74,8313,8387
345,2016-03-21,335,11431,11766
345,2016-03-22,374,12105,12479
345,2016-03-23,380,11831,12211
345,2016-03-25,366,12459,12825
345,2016-03-26,142,9259,9401
345,2016-03-28,62,5440,5502
345,2016-03-29,453,10424,10877
345,2016-03-30,386,9660,10046
345,2016-04-01,644,10190,10834
345,2016-04-02,276,9229,9505
345,2016-04-03,82,7506,7588
345,2016-04-04,304,10885,11189
345,2016-04-05,325,11011,11336
345,2016-04-06,336,11957,12293
345,2016-04-08,332,12360,12692
345,2016-04-09,200,10210,10410
345,2016-04-10,53,7914,7967
345,2016-04-11,341,11782,12123
345,2016-04-12,480,11922,12402
345,2016-04-13,332,11593,11925
345,2016-04-15,372,12243,12615
345,2016-04-16,173,9971,10144
345,2016-04-17,51,7759,7810
345,2016-04-18,348,11959,12307
345,2016-04-19,421,12374,12795
345,2016-04-20,380,12910,13290
345,2016-04-22,519,13974,14493
345,2016-04-23,538,17790,18328
345,2016-04-24,125,10162,10287
345,2016-04-25,377,12402,12779
345,2016-04-26,365,12757,13122
345,2016-04-27,568,12010,12578
345,2016-04-29,419,13105,13524
345,2016-04-30,190,9774,9964
345,2016-05-01,46,6950,6996
345,2016-05-02,391,12345,12736
345,2016-05-03,375,13137,13512
345,2016-05-04,514,13965,14479
345,2016-05-06,321,11397,11718
345,2016-05-07,164,9765,9929
345,2016-05-08,61,7993,8054
345,2016-05-09,403,12096,12499
345,2016-05-10,578,13098,13676
345,2016-05-11,408,12799,13207
345,2016-05-13,546,12860,13406
345,2016-05-14,243,12707,12950
345,2016-05-15,49,8406,8455
345,2016-05-16,52,7452,7504
345,2016-05-17,535,11003,11538
345,2016-05-18,559,10318,10877
345,2016-05-19,463,10229,10692
345,2016-05-21,557,13320,13877
345,2016-05-22,94,8020,8114
345,2016-05-23,386,11517,11903
345,2016-05-24,370,12334,12704
345,2016-05-25,356,12217,12573
345,2016-05-28,192,9478,9670
345,2016-05-29,270,13320,13590
345,2016-05-30,502,12456,12958
345,2016-05-31,444,13123,13567
345,2016-06-01,426,12737,13163
345,2016-06-02,429,13373,13802
345,2016-06-04,196,9094,9290
345,2016-06-05,47,6985,7032
345,2016-06-06,460,12410,12870
345,2016-06-07,416,12808,13224
345,2016-06-08,442,12696,13138
345,2016-06-09,368,13289,13657
345,2016-06-11,76,3478,3554
345,2016-06-12,33,4392,4425
345,2016-06-13,368,11674,12042
345,2016-06-14,450,12802,13252
345,2016-06-15,452,12142,12594
345,2016-06-16,406,12208,12614
345,2016-06-18,151,9243,9394
345,2016-06-19,38,7387,7425
345,2016-06-20,449,12979,13428
345,2016-06-21,477,13670,14147
345,2016-06-22,480,13845,14325
345,2016-06-23,87,7023,7110
345,2016-06-25,153,8426,8579
345,2016-06-26,74,7072,7146
345,2016-06-27,450,11816,12266
345,2016-06-28,664,11165,11829
345,2016-06-29,561,10756,11317
345,2016-06-30,559,10739,11298
345,2016-07-02,215,9834,10049
345,2016-07-03,83,6994,7077
345,2016-07-04,400,12308,12708
345,2016-07-05,427,12530,12957
345,2016-07-06,439,12656,13095
345,2016-07-07,483,13258,13741
345,2016-07-09,204,10751,10955
345,2016-07-10,81,9014,9095
345,2016-07-11,427,13184,13611
345,2016-07-12,589,10327,10916
345,2016-07-13,556,8922,9478
345,2016-07-14,448,9171,9619
345,2016-07-16,138,8102,8240
345,2016-07-17,46,6528,6574
345,2016-07-18,389,9006,9395
345,2016-07-19,386,9351,9737
345,2016-07-20,421,9201,9622
345,2016-07-21,506,8836,9342
345,2016-07-23,170,7549,7719
345,2016-07-24,39,6378,6417
345,2016-07-25,386,8866,9252
345,2016-07-26,286,9081,9367
345,2016-07-27,350,9543,9893
345,2016-07-28,257,10175,10432
345,2016-07-30,119,7724,7843
345,2016-07-31,43,6236,6279
345,2016-08-01,219,9125,9344
345,2016-08-02,241,9489,9730
345,2016-08-03,262,10143,10405
345,2016-08-04,239,8992,9231
345,2016-08-06,110,7296,7406
345,2016-08-07,62,5988,6050
345,2016-08-08,242,8865,9107
345,2016-08-09,219,8868,9087
345,2016-08-10,245,8871,9116
345,2016-08-11,230,8874,9104
345,2016-08-13,143,6810,6953
345,2016-08-14,33,5687,5720
345,2016-08-15,68,6022,6090
345,2016-08-16,232,9586,9818
345,2016-08-17,239,9074,9313
345,2016-08-18,255,8851,9106
345,2016-08-20,150,6907,7057
345,2016-08-21,44,5740,5784
345,2016-08-22,353,10043,10396
345,2016-08-23,251,10016,10267
345,2016-08-24,266,9724,9990
345,2016-08-25,250,9731,9981
345,2016-08-27,181,8004,8185
345,2016-08-28,42,6478,6520
345,2016-08-29,307,10247,10554
345,2016-08-30,305,10546,10851
345,2016-08-31,299,11046,11345
345,2016-09-01,264,10124,10388
345,2016-09-03,1040,12054,13094
345,2016-09-04,448,11888,12336
345,2016-09-05,360,10949,11309
345,2016-09-06,319,11465,11784
345,2016-09-07,368,11363,11731
345,2016-09-08,343,11221,11564
345,2016-09-10,194,9270,9464
345,2016-09-11,39,7812,7851
345,2016-09-12,353,11165,11518
345,2016-09-13,362,11479,11841
345,2016-09-14,376,11891,12267
345,2016-09-15,620,12634,13254
345,2016-09-17,163,8298,8461
345,2016-09-18,45,7152,7197
345,2016-09-19,489,10584,11073
345,2016-09-20,371,11029,11400
345,2016-09-21,381,11037,11418
345,2016-09-22,367,11495,11862
345,2016-09-24,204,10112,10316
345,2016-09-25,49,8401,8450
345,2016-09-26,458,11033,11491
345,2016-09-27,385,11342,11727
345,2016-09-28,395,11085,11480
345,2016-09-29,389,12012,12401
345,2016-10-01,186,10282,10468
345,2016-10-02,45,7087,7132
345,2016-10-03,327,10797,11124
345,2016-10-04,415,11254,11669
345,2016-10-05,468,11507,11975
345,2016-10-06,505,11793,12298
345,2016-10-08,142,9235,9377
345,2016-10-09,81,7591,7672
345,2016-10-10,464,10933,11397
345,2016-10-11,411,11199,11610
345,2016-10-12,530,11201,11731
345,2016-10-13,380,11078,11458
345,2016-10-15,172,9521,9693
345,2016-10-16,55,7330,7385
345,2016-10-17,389,10431,10820
345,2016-10-18,373,11024,11397
345,2016-10-19,407,10759,11166
345,2016-10-20,382,11433,11815
345,2016-10-22,155,9093,9248
345,2016-10-23,56,7514,7570
345,2016-10-24,664,11592,12256
345,2016-10-25,412,11239,11651
345,2016-10-26,429,11286,11715
345,2016-10-27,228,9596,9824
345,2016-10-29,136,9058,9194
345,2016-10-30,48,7009,7057
345,2016-10-31,285,9929,10214
345,2016-11-01,34,6892,6926
345,2016-11-02,356,10919,11275
345,2016-11-03,421,11568,11989
345,2016-11-05,634,15145,15779
345,2016-11-06,133,10472,10605
345,2016-11-07,407,10730,11137
345,2016-11-08,378,10818,11196
345,2016-11-09,409,11067,11476
345,2016-11-10,376,11477,11853
345,2016-11-12,126,9100,9226
345,2016-11-13,30,6537,6567
345,2016-11-14,396,10748,11144
345,2016-11-15,178,9496,9674
345,2016-11-16,401,10776,11177
345,2016-11-17,349,10728,11077
345,2016-11-19,140,8914,9054
345,2016-11-20,51,6605,6656
345,2016-11-21,568,12052,12620
345,2016-11-22,480,12076,12556
345,2016-11-23,384,11088,11472
345,2016-11-24,438,12124,12562
345,2016-11-26,141,8959,9100
345,2016-11-27,43,6884,6927
345,2016-11-28,349,10578,10927
345,2016-11-29,406,11913,12319
345,2016-11-30,376,11117,11493
345,2016-12-01,346,11113,11459
345,2016-12-03,403,10391,10794
345,2016-12-04,78,7980,8058
345,2016-12-05,346,10987,11333
345,2016-12-06,348,10842,11190
345,2016-12-07,417,11512,11929
345,2016-12-08,352,11461,11813
345,2016-12-10,144,9122,9266
345,2016-12-11,33,6711,6744
345,2016-12-12,351,10492,10843
345,2016-12-13,349,10563,10912
345,2016-12-14,396,11142,11538
345,2016-12-15,386,11001,11387
345,2016-12-17,118,9062,9180
345,2016-12-18,35,6706,6741
345,2016-12-19,335,10346,10681
345,2016-12-20,353,11082,11435
345,2016-12-21,306,10994,11300
345,2016-12-22,318,11070,11388
345,2016-12-24,94,7209,7303
345,2016-12-25,24,5247,5271
345,2016-12-26,22,4785,4807
345,2016-12-27,159,8106,8265
345,2016-12-28,208,7990,8198
345,2016-12-29,168,8399,8567
345,2016-12-31,90,6117,6207
390,2016-01-01,20,2145,2165
390,2016-01-02,148,2838,2986
390,2016-01-03,22,2474,2496
390,2016-01-04,212,5931,6143
390,2016-01-05,234,6260,6494
390,2016-01-06,196,6548,6744
390,2016-01-08,249,6658,6907
390,2016-01-09,167,3826,3993
390,2016-01-10,24,2542,2566
390,2016-01-11,238,6266,6504
390,2016-01-12,302,6864,7166
390,2016-01-13,266,6486,6752
390,2016-01-15,66,1176,1242
390,2016-01-16,113,2870,2983
390,2016-01-17,19,2709,2728
390,2016-01-18,239,6343,6582
390,2016-01-19,233,6554,6787
390,2016-01-20,250,6549,6799
390,2016-01-21,260,6698,6958
390,2016-01-23,170,3435,3605
390,2016-01-24,21,2703,2724
390,2016-01-25,255,6676,6931
390,2016-01-26,258,7081,7339
390,2016-01-27,255,6832,7087
390,2016-01-28,256,7115,7371
390,2016-01-29,278,6976,7254
390,2016-01-30,200,3580,3780
390,2016-01-31,25,2781,2806
390,2016-02-01,299,6581,6880
390,2016-02-02,235,7184,7419
390,2016-02-03,286,6134,6420
390,2016-02-04,276,6484,6760
390,2016-02-06,190,3504,3694
390,2016-02-07,25,2421,2446
390,2016-02-08,210,4052,4262
390,2016-02-09,214,4436,4650
390,2016-02-10,226,5129,5355
390,2016-02-11,231,5131,5362
390,2016-02-13,149,3108,3257
390,2016-02-14,25,2657,2682
390,2016-02-15,252,6536,6788
390,2016-02-16,266,7246,7512
390,2016-02-17,279,6950,7229
390,2016-02-18,269,7286,7555
390,2016-02-20,177,4070,4247
390,2016-02-21,19,2630,2649
390,2016-02-22,252,6530,6782
390,2016-02-23,264,6586,6850
390,2016-02-24,261,7075,7336
390,2016-02-25,287,7227,7514
390,2016-02-27,182,4539,4721
390,2016-02-28,23,3033,3056
390,2016-02-29,288,7057,7345
390,2016-03-01,279,7006,7285
390,2016-03-02,276,6382,6658
390,2016-03-03,253,7068,7321
390,2016-03-05,171,3916,4087
390,2016-03-06,33,2777,2810
390,2016-03-07,248,6827,7075
390,2016-03-08,267,7190,7457
390,2016-03-09,286,7210,7496
390,2016-03-10,267,7153,7420
390,2016-03-12,186,4402,4588
390,2016-03-13,16,3285,3301
390,2016-03-14,266,6929,7195
390,2016-03-15,286,7332,7618
390,2016-03-16,291,6987,7278
390,2016-03-17,279,7282,7561
390,2016-03-19,196,4298,4494
390,2016-03-20,20,3242,3262
390,2016-03-21,275,6750,7025
390,2016-03-22,259,7154,7413
390,2016-03-23,258,7132,7390
390,2016-03-24,260,6993,7253
390,2016-03-26,188,3810,3998
390,2016-03-28,24,2090,2114
390,2016-03-29,305,5760,6065
390,2016-03-30,260,5589,5849
390,2016-03-31,278,5760,6038
390,2016-04-09,208,4034,4242
390,2016-04-10,26,3056,3082
390,2016-04-11,283,7156,7439
390,2016-04-12,311,7736,8047
390,2016-04-13,285,7201,7486
390,2016-04-14,302,7705,8007
390,2016-04-16,204,4990,5194
390,2016-04-17,42,3921,3963
390,2016-04-18,271,7266,7537
390,2016-04-19,313,7725,8038
390,2016-04-20,303,7614,7917
390,2016-04-21,301,7696,7997
390,2016-04-23,170,4409,4579
390,2016-04-24,20,2956,2976
390,2016-04-25,258,7276,7534
390,2016-04-26,360,7072,7432
390,2016-04-27,334,6882,7216
390,2016-04-28,281,8454,8735
390,2016-04-30,214,4520,4734
390,2016-05-01,24,3533,3557
390,2016-05-02,292,7157,7449
390,2016-05-03,308,7024,7332
390,2016-05-04,283,7677,7960
390,2016-05-05,22,3392,3414
390,2016-05-07,194,4309,4503
390,2016-05-08,19,3378,3397
390,2016-05-09,261,7005,7266
390,2016-05-10,302,7052,7354
390,2016-05-11,307,7423,7730
390,2016-05-12,289,7720,8009
390,2016-05-14,202,3570,3772
390,2016-05-15,31,2724,2755
390,2016-05-16,24,2266,2290
390,2016-05-17,247,5806,6053
390,2016-05-18,290,5890,6180
390,2016-05-19,286,6001,6287
390,2016-05-21,197,3804,4001
390,2016-05-22,30,2544,2574
390,2016-05-23,243,7000,7243
390,2016-05-24,286,7582,7868
390,2016-05-25,291,7567,7858
390,2016-05-26,277,7855,8132
390,2016-05-28,188,3922,4110
390,2016-05-29,30,3144,3174
390,2016-05-30,264,6948,7212
390,2016-05-31,268,7581,7849
390,2016-06-01,310,6978,7288
390,2016-06-02,284,7046,7330
390,2016-06-03,294,7256,7550
390,2016-06-05,30,2800,2830
390,2016-06-06,263,7230,7493
390,2016-06-07,298,7294,7592
390,2016-06-08,286,6964,7250
390,2016-06-09,265,7851,8116
390,2016-06-10,279,7730,8009
390,2016-06-12,34,2898,2932
390,2016-06-13,266,6438,6704
390,2016-06-14,302,6774,7076
390,2016-06-15,276,7010,7286
390,2016-06-16,328,6920,7248
390,2016-06-17,294,6840,7134
390,2016-06-19,29,3346,3375
390,2016-06-20,320,6980,7300
390,2016-06-21,274,7274,7548
390,2016-06-22,284,7385,7669
390,2016-06-23,31,3527,3558
390,2016-06-24,246,5543,5789
390,2016-06-26,32,2810,2842
390,2016-06-27,286,7078,7364
390,2016-06-28,289,7243,7532
390,2016-06-29,268,7600,7868
390,2016-06-30,278,7814,8092
390,2016-07-01,290,7625,7915
390,2016-07-03,32,3382,3414
390,2016-07-04,247,6754,7001
390,2016-07-05,289,7379,7668
390,2016-07-06,296,7342,7638
390,2016-07-07,322,7898,8220
390,2016-07-08,331,7750,8081
390,2016-07-10,29,3653,3682
390,2016-07-11,298,7235,7533
390,2016-07-12,301,7909,8210
390,2016-07-13,278,6782,7060
390,2016-07-14,272,6798,7070
390,2016-07-15,275,7424,7699
390,2016-07-17,24,3134,3158
390,2016-07-18,245,6852,7097
390,2016-07-19,260,7083,7343
390,2016-07-20,241,6776,7017
390,2016-07-21,246,6574,6820
390,2016-07-22,250,6116,6366
390,2016-07-24,70,940,1010
390,2016-07-25,228,6073,6301
390,2016-07-26,258,5896,6154
390,2016-07-27,309,6332,6641
390,2016-07-28,237,6174,6411
390,2016-07-29,221,5778,5999
390,2016-07-31,19,2758,2777
390,2016-08-01,215,5249,5464
390,2016-08-02,214,4622,4836
390,2016-08-03,217,5213,5430
390,2016-08-04,207,5138,5345
390,2016-08-05,198,5127,5325
390,2016-08-07,27,3204,3231
390,2016-08-08,212,4717,4929
390,2016-08-09,213,4892,5105
390,2016-08-10,226,4424,4650
390,2016-08-11,204,4800,5004
390,2016-08-12,201,4652,4853
390,2016-08-14,28,2659,2687
390,2016-08-15,40,2432,2472
390,2016-08-16,218,4839,5057
390,2016-08-17,211,4775,4986
390,2016-08-18,210,4256,4466
390,2016-08-19,210,4976,5186
390,2016-08-21,32,3007,3039
390,2016-08-22,220,5446,5666
390,2016-08-23,231,6047,6278
390,2016-08-24,227,6036,6263
390,2016-08-25,228,6312,6540
390,2016-08-26,228,6663,6891
390,2016-08-27,184,4398,4582
390,2016-08-29,244,5674,5918
390,2016-08-30,260,6210,6470
390,2016-08-31,275,6238,6513
390,2016-09-01,279,6211,6490
390,2016-09-02,266,6326,6592
390,2016-09-03,212,4216,4428
390,2016-09-05,256,6457,6713
390,2016-09-06,259,7234,7493
390,2016-09-07,285,7527,7812
390,2016-09-08,283,7042,7325
390,2016-09-09,278,6653,6931
390,2016-09-10,200,3676,3876
390,2016-09-12,259,6648,6907
390,2016-09-13,286,7005,7291
390,2016-09-14,277,7119,7396
390,2016-09-15,298,6900,7198
390,2016-09-16,252,7203,7455
390,2016-09-19,286,7100,7386
390,2016-09-20,293,7264,7557
390,2016-09-21,285,7326,7611
390,2016-09-22,277,7448,7725
390,2016-09-23,274,8309,8583
390,2016-09-24,205,5821,6026
390,2016-09-26,291,7350,7641
390,2016-09-27,274,7700,7974
390,2016-09-28,287,7512,7799
390,2016-09-29,292,7769,8061
390,2016-09-30,296,7050,7346
390,2016-10-01,194,3738,3932
390,2016-10-03,271,7442,7713
390,2016-10-04,267,7935,8202
390,2016-10-05,275,7517,7792
390,2016-10-06,287,7506,7793
390,2016-10-07,273,7998,8271
390,2016-10-08,194,3958,4152
390,2016-10-10,256,7371,7627
390,2016-10-11,276,7567,7843
390,2016-10-12,265,7575,7840
390,2016-10-13,288,8103,8391
390,2016-10-14,314,7769,8083
390,2016-10-15,197,4229,4426
390,2016-10-17,257,7254,7511
390,2016-10-18,318,7026,7344
390,2016-10-19,268,7048,7316
390,2016-10-20,324,7891,8215
390,2016-10-21,286,7601,7887
390,2016-10-22,189,4360,4549
390,2016-10-24,268,6520,6788
390,2016-10-25,249,7353,7602
390,2016-10-26,253,7609,7862
390,2016-10-27,321,9936,10257
390,2016-10-28,280,7581,7861
390,2016-10-29,214,4211,4425
390,2016-10-31,209,4895,5104
390,2016-11-01,19,3108,3127
390,2016-11-02,247,6131,6378
390,2016-11-03,241,6085,6326
390,2016-11-04,266,5894,6160
390,2016-11-07,267,7046,7313
390,2016-11-08,271,7380,7651
390,2016-11-09,310,6766,7076
390,2016-11-10,316,7414,7730
390,2016-11-11,283,8222,8505
390,2016-11-12,187,4262,4449
390,2016-11-14,298,7177,7475
390,2016-11-15,242,7406,7648
390,2016-11-16,240,7328,7568
390,2016-11-17,262,7508,7770
390,2016-11-18,296,6854,7150
390,2016-11-19,184,4206,4390
390,2016-11-21,284,6374,6658
390,2016-11-22,249,7419,7668
390,2016-11-23,251,7179,7430
390,2016-11-24,276,7744,8020
390,2016-11-25,303,7925,8228
390,2016-11-26,182,4492,4674
390,2016-11-28,272,7287,7559
390,2016-11-29,264,7717,7981
390,2016-11-30,277,7355,7632
390,2016-12-01,264,7615,7879
390,2016-12-02,266,7403,7669
390,2016-12-03,182,4323,4505
390,2016-12-05,269,7160,7429
390,2016-12-06,287,7272,7559
390,2016-12-07,291,7298,7589
390,2016-12-08,271,7980,8251
390,2016-12-09,263,7881,8144
390,2016-12-10,166,4235,4401
390,2016-12-12,299,7125,7424
390,2016-12-13,272,7673,7945
390,2016-12-14,283,7247,7530
390,2016-12-15,280,7753,8033
390,2016-12-16,285,7545,7830
390,2016-12-17,181,4415,4596
390,2016-12-19,264,7337,7601
390,2016-12-20,270,7656,7926
390,2016-12-21,249,7190,7439
390,2016-12-22,238,7059,7297
390,2016-12-23,221,6049,6270
390,2016-12-24,156,2766,2922
390,2016-12-26,23,1583,1606
390,2016-12-27,149,3216,3365
390,2016-12-28,160,3203,3363
390,2016-12-29,151,3286,3437
390,2016-12-30,156,3251,3407
390,2016-12-31,126,2146,2272
394,2016-01-01,183,8600,8783
394,2016-01-02,335,10483,10818
394,2016-01-03,170,9126,9296
394,2016-01-04,532,15216,15748
394,2016-01-05,530,16026,16556
394,2016-01-06,540,16062,16602
394,2016-01-08,595,16752,17347
394,2016-01-09,362,14643,15005
394,2016-01-10,160,10392,10552
394,2016-01-11,616,16476,17092
394,2016-01-12,578,17145,17723
394,2016-01-13,579,17076,17655
394,2016-01-15,548,17398,17946
394,2016-01-16,343,15422,15765
394,2016-01-17,167,11349,11516
394,2016-01-18,593,16359,16952
394,2016-01-19,605,16968,17573
394,2016-01-20,587,16850,17437
394,2016-01-22,610,16584,17194
394,2016-01-23,367,14842,15209
394,2016-01-24,174,11173,11347
394,2016-01-25,582,16407,16989
394,2016-01-26,569,17019,17588
394,2016-01-27,624,17015,17639
394,2016-01-28,597,17528,18125
394,2016-01-29,606,17829,18435
394,2016-01-30,370,14936,15306
394,2016-01-31,145,11474,11619
394,2016-02-01,542,16331,16873
394,2016-02-02,530,17030,17560
394,2016-02-03,576,16924,17500
394,2016-02-05,362,12356,12718
394,2016-02-06,135,8535,8670
394,2016-02-07,44,5938,5982
394,2016-02-08,222,9940,10162
394,2016-02-10,240,10813,11053
394,2016-02-12,286,11636,11922
394,2016-02-13,142,7780,7922
394,2016-02-14,33,6254,6287
394,2016-02-15,335,10801,11136
394,2016-02-16,326,11155,11481
394,2016-02-17,364,11684,12048
394,2016-02-19,605,17220,17825
394,2016-02-20,576,15032,15608
394,2016-02-21,236,11408,11644
394,2016-02-22,585,16217,16802
394,2016-02-23,566,16787,17353
394,2016-02-24,682,17255,17937
394,2016-02-26,627,17487,18114
394,2016-02-27,484,15532,16016
394,2016-02-28,266,12207,12473
394,2016-02-29,598,16745,17343
394,2016-03-01,633,17122,17755
394,2016-03-02,630,17098,17728
394,2016-03-04,618,17744,18362
394,2016-03-05,378,15208,15586
394,2016-03-06,157,11576,11733
394,2016-03-07,602,16404,17006
394,2016-03-08,643,17530,18173
394,2016-03-09,638,17024,17662
394,2016-03-11,654,17833,18487
394,2016-03-12,511,15412,15923
394,2016-03-13,283,12308,12591
394,2016-03-14,622,16356,16978
394,2016-03-15,634,17028,17662
394,2016-03-16,637,16902,17539
394,2016-03-18,585,17529,18114
394,2016-03-19,430,15591,16021
394,2016-03-20,196,11931,12127
394,2016-03-21,597,16012,16609
394,2016-03-22,637,16703,17340
394,2016-03-23,597,17002,17599
394,2016-03-25,494,16832,17326
394,2016-03-26,471,13412,13883
394,2016-03-28,228,8424,8652
394,2016-03-29,682,15457,16139
394,2016-03-30,640,15778,16418
394,2016-04-01,666,15779,16445
394,2016-04-02,497,13274,13771
394,2016-04-03,264,11289,11553
394,2016-04-04,628,15040,15668
394,2016-04-05,680,16306,16986
394,2016-04-06,710,16202,16912
394,2016-04-08,678,16708,17386
394,2016-04-09,484,15143,15627
394,2016-04-10,276,13543,13819
394,2016-04-11,593,16327,16920
394,2016-04-12,615,17268,17883
394,2016-04-13,613,17024,17637
394,2016-04-15,618,17713,18331
394,2016-04-16,373,15983,16356
394,2016-04-17,176,12727,12903
394,2016-04-18,588,16597,17185
394,2016-04-19,605,17292,17897
394,2016-04-20,604,17239,17843
394,2016-04-22,587,17907,18494
394,2016-04-23,395,15474,15869
394,2016-04-24,192,12196,12388
394,2016-04-25,604,16776,17380
394,2016-04-26,614,17942,18556
394,2016-04-27,590,17281,17871
394,2016-04-29,592,18042,18634
394,2016-04-30,372,15980,16352
394,2016-05-01,194,11832,12026
394,2016-05-02,600,16433,17033
394,2016-05-03,606,16878,17484
394,2016-05-04,621,17911,18532
394,2016-05-06,557,16457,17014
394,2016-05-07,391,14597,14988
394,2016-05-08,177,11490,11667
394,2016-05-09,600,16399,16999
394,2016-05-10,664,17786,18450
394,2016-05-11,613,17200,17813
394,2016-05-13,585,17332,17917
394,2016-05-14,380,14729,15109
394,2016-05-15,188,11440,11628
394,2016-05-16,183,8872,9055
394,2016-05-17,544,15087,15631
394,2016-05-18,540,15198,15738
394,2016-05-20,541,15764,16305
394,2016-05-21,382,13969,14351
394,2016-05-22,182,10594,10776
394,2016-05-23,607,16494,17101
394,2016-05-24,637,17470,18107
394,2016-05-25,597,17207,17804
394,2016-05-27,666,18436,19102
394,2016-05-28,390,14050,14440
394,2016-05-29,180,11020,11200
394,2016-05-30,642,17130,17772
394,2016-05-31,572,17786,18358
394,2016-06-01,640,17710,18350
394,2016-06-03,575,17622,18197
394,2016-06-04,452,15383,15835
394,2016-06-05,366,12296,12662
394,2016-06-06,580,16443,17023
394,2016-06-07,622,16964,17586
394,2016-06-08,562,16849,17411
394,2016-06-10,572,18101,18673
394,2016-06-11,389,15165,15554
394,2016-06-12,186,11484,11670
394,2016-06-13,628,16200,16828
394,2016-06-14,598,17560,18158
394,2016-06-15,608,17250,17858
394,2016-06-17,608,17860,18468
394,2016-06-18,503,14798,15301
394,2016-06-19,267,11921,12188
394,2016-06-20,620,16516,17136
394,2016-06-21,612,17470,18082
394,2016-06-22,585,16917,17502
394,2016-06-24,562,15915,16477
394,2016-06-25,433,13146,13579
394,2016-06-26,277,11153,11430
394,2016-06-27,580,16208,16788
394,2016-06-28,601,17502,18103
394,2016-06-29,654,16860,17514
394,2016-07-01,578,17783,18361
394,2016-07-02,512,14841,15353
394,2016-07-03,296,12609,12905
394,2016-07-04,572,16487,17059
394,2016-07-05,609,17055,17664
394,2016-07-06,580,16830,17410
394,2016-07-08,570,17592,18162
394,2016-07-09,377,14179,14556
394,2016-07-10,167,11625,11792
394,2016-07-11,552,16912,17464
394,2016-07-12,580,17129,17709
394,2016-07-13,542,16886,17428
394,2016-07-15,544,17098,17642
394,2016-07-16,482,13768,14250
394,2016-07-17,262,11569,11831
394,2016-07-18,676,15985,16661
394,2016-07-19,666,16797,17463
394,2016-07-20,675,15998,16673
394,2016-07-22,671,16036,16707
394,2016-07-23,378,15196,15574
394,2016-07-24,194,11651,11845
394,2016-07-25,513,15143,15656
394,2016-07-26,524,15988,16512
394,2016-07-27,555,15692,16247
394,2016-07-29,510,15091,15601
394,2016-07-30,369,11784,12153
394,2016-07-31,173,9295,9468
394,2016-08-01,503,13573,14076
394,2016-08-02,512,13646,14158
394,2016-08-03,540,13886,14426
394,2016-08-05,510,13609,14119
394,2016-08-06,368,10767,11135
394,2016-08-07,185,9192,9377
394,2016-08-08,487,12451,12938
394,2016-08-09,480,12882,13362
394,2016-08-10,526,12780,13306
394,2016-08-12,458,12772,13230
394,2016-08-13,382,10006,10388
394,2016-08-14,181,8248,8429
394,2016-08-15,174,7375,7549
394,2016-08-16,474,12955,13429
394,2016-08-17,469,12958,13427
394,2016-08-19,478,13049,13527
394,2016-08-20,473,10900,11373
394,2016-08-21,287,9423,9710
394,2016-08-22,565,13560,14125
394,2016-08-23,571,14039,14610
394,2016-08-24,564,14305,14869
394,2016-08-26,596,14497,15093
394,2016-08-27,502,12238,12740
394,2016-08-28,271,10832,11103
394,2016-08-29,611,14504,15115
394,2016-08-30,617,15274,15891
394,2016-08-31,599,15350,15949
394,2016-09-02,604,15853,16457
394,2016-09-03,475,13046,13521
394,2016-09-04,262,10052,10314
394,2016-09-05,592,14736,15328
394,2016-09-06,622,16205,16827
394,2016-09-07,615,16551,17166
394,2016-09-09,594,16037,16631
394,2016-09-10,450,13355,13805
394,2016-09-11,246,10608,10854
394,2016-09-12,563,15476,16039
394,2016-09-13,591,16060,16651
394,2016-09-14,534,16482,17016
394,2016-09-16,559,17162,17721
394,2016-09-17,377,14292,14669
394,2016-09-18,174,11557,11731
394,2016-09-19,591,16248,16839
394,2016-09-20,644,16650,17294
394,2016-09-21,611,16537,17148
394,2016-09-23,585,17518,18103
394,2016-09-24,513,16007,16520
394,2016-09-25,304,13032,13336
394,2016-09-26,583,16525,17108
394,2016-09-27,642,17174,17816
394,2016-09-28,679,17146,17825
394,2016-09-30,626,17727,18353
394,2016-10-01,454,15501,15955
394,2016-10-02,263,12999,13262
394,2016-10-03,575,17173,17748
394,2016-10-04,646,17687,18333
394,2016-10-05,662,17355,18017
394,2016-10-07,639,17521,18160
394,2016-10-08,360,15113,15473
394,2016-10-09,194,11942,12136
394,2016-10-10,615,16706,17321
394,2016-10-11,689,17594,18283
394,2016-10-12,681,17549,18230
394,2016-10-14,660,16286,16946
394,2016-10-15,473,15361,15834
394,2016-10-16,288,12283,12571
394,2016-10-17,601,16885,17486
394,2016-10-18,660,17609,18269
394,2016-10-19,651,17085,17736
394,2016-10-21,600,17395,17995
394,2016-10-22,536,15237,15773
394,2016-10-23,362,13075,13437
394,2016-10-24,560,16295,16855
394,2016-10-25,648,17088,17736
394,2016-10-26,559,16588,17147
394,2016-10-28,666,17397,18063
394,2016-10-29,409,15150,15559
394,2016-10-30,181,10849,11030
394,2016-10-31,480,14572,15052
394,2016-11-01,182,10120,10302
394,2016-11-02,543,15362,15905
394,2016-11-04,541,15987,16528
394,2016-11-05,494,13678,14172
394,2016-11-06,288,10660,10948
394,2016-11-07,587,16275,16862
394,2016-11-08,641,16949,17590
394,2016-11-09,608,17148,17756
394,2016-11-11,611,17762,18373
394,2016-11-12,533,15570,16103
394,2016-11-13,290,11989,12279
394,2016-11-14,643,16482,17125
394,2016-11-15,538,17101,17639
394,2016-11-16,546,17000,17546
394,2016-11-18,646,17962,18608
394,2016-11-19,497,15657,16154
394,2016-11-20,306,12419,12725
394,2016-11-21,624,16236,16860
394,2016-11-22,623,16886,17509
394,2016-11-23,559,17158,17717
394,2016-11-25,636,17732,18368
394,2016-11-26,394,15276,15670
394,2016-11-27,190,11731,11921
394,2016-11-28,636,16195,16831
394,2016-11-29,653,16843,17496
394,2016-11-30,643,16983,17626
394,2016-12-02,615,17619,18234
394,2016-12-03,409,15339,15748
394,2016-12-04,203,12017,12220
394,2016-12-05,617,16717,17334
394,2016-12-06,596,16764,17360
394,2016-12-07,611,17201,17812
394,2016-12-09,633,18055,18688
394,2016-12-10,385,15304,15689
394,2016-12-11,195,11777,11972
394,2016-12-12,632,16067,16699
394,2016-12-13,628,17135,17763
394,2016-12-14,607,17326,17933
394,2016-12-16,635,18200,18835
394,2016-12-17,399,15374,15773
394,2016-12-18,195,11695,11890
394,2016-12-19,627,16427,17054
394,2016-12-20,624,17255,17879
394,2016-12-21,577,17052,17629
394,2016-12-23,591,15984,16575
394,2016-12-24,308,10783,11091
394,2016-12-25,167,7129,7296
394,2016-12-26,177,7318,7495
394,2016-12-27,487,12151,12638
394,2016-12-28,469,12418,12887
394,2016-12-30,446,12843,13289
394,2016-12-31,359,10358,10717
400,2016-01-02,379,8244,8623
400,2016-01-03,190,7356,7546
400,2016-01-04,598,14681,15279
400,2016-01-05,752,19254,20006
400,2016-01-06,615,15942,16557
400,2016-01-07,615,16086,16701
400,2016-01-08,792,16482,17274
400,2016-01-10,186,7656,7842
400,2016-01-11,946,20026,20972
400,2016-01-12,1007,18620,19627
400,2016-01-13,805,17040,17845
400,2016-01-14,717,16530,17247
400,2016-01-15,625,15590,16215
400,2016-01-17,208,7529,7737
400,2016-01-18,775,15845,16620
400,2016-01-19,974,19560,20534
400,2016-01-20,786,16523,17309
400,2016-01-21,778,16887,17665
400,2016-01-22,770,15875,16645
400,2016-01-24,200,8145,8345
400,2016-01-25,843,16432,17275
400,2016-01-26,811,17218,18029
400,2016-01-27,876,16874,17750
400,2016-01-28,799,17401,18200
400,2016-01-29,1036,18272,19308
400,2016-01-30,396,12228,12624
400,2016-01-31,195,8118,8313
400,2016-02-01,881,16128,17009
400,2016-02-02,778,17011,17789
400,2016-02-03,844,17399,18243
400,2016-02-04,1004,20478,21482
400,2016-02-05,903,17542,18445
400,2016-02-07,176,7629,7805
400,2016-02-08,712,14962,15674
400,2016-02-09,734,16094,16828
400,2016-02-10,722,14748,15470
400,2016-02-11,795,14883,15678
400,2016-02-12,825,15539,16364
400,2016-02-14,222,8251,8473
400,2016-02-15,816,16235,17051
400,2016-02-16,908,17967,18875
400,2016-02-17,949,17331,18280
400,2016-02-18,955,17427,18382
400,2016-02-19,829,17338,18167
400,2016-02-21,221,8439,8660
400,2016-02-22,779,16364,17143
400,2016-02-23,770,17366,18136
400,2016-02-24,888,17229,18117
400,2016-02-25,873,18018,18891
400,2016-02-26,1026,17494,18520
400,2016-02-28,259,8748,9007
400,2016-02-29,670,13370,14040
400,2016-03-01,832,17221,18053
400,2016-03-02,838,17109,17947
400,2016-03-03,780,17543,18323
400,2016-03-04,727,17160,17887
400,2016-03-06,201,8733,8934
400,2016-03-07,864,16199,17063
400,2016-03-08,861,17355,18216
400,2016-03-09,916,17610,18526
400,2016-03-10,638,13900,14538
400,2016-03-11,726,14140,14866
400,2016-03-13,244,9502,9746
400,2016-03-14,977,16325,17302
400,2016-03-15,968,17603,18571
400,2016-03-16,984,17074,18058
400,2016-03-17,1004,18137,19141
400,2016-03-18,1127,18147,19274
400,2016-03-20,245,8764,9009
400,2016-03-21,1009,16502,17511
400,2016-03-22,1061,17885,18946
400,2016-03-23,1115,18294,19409
400,2016-03-24,1026,17527,18553
400,2016-03-25,826,16393,17219
400,2016-03-28,278,8056,8334
400,2016-03-29,1282,16719,18001
400,2016-03-30,1101,15844,16945
400,2016-03-31,1009,15450,16459
400,2016-04-01,1135,15570,16705
400,2016-04-08,1194,16640,17834
400,2016-04-10,372,9467,9839
400,2016-04-11,1146,17512,18658
400,2016-04-12,1031,18032,19063
400,2016-04-13,1005,18112,19117
400,2016-04-14,1017,18491,19508
400,2016-04-15,1366,22286,23652
400,2016-04-17,304,11241,11545
400,2016-04-18,1060,17388,18448
400,2016-04-19,1060,17951,19011
400,2016-04-20,1039,18354,19393
400,2016-04-21,1010,18640,19650
400,2016-04-22,1082,18720,19802
400,2016-04-24,264,10388,10652
400,2016-04-25,958,17097,18055
400,2016-04-26,1045,17933,18978
400,2016-04-27,1036,17842,18878
400,2016-04-28,952,18757,19709
400,2016-04-29,1062,19214,20276
400,2016-05-01,266,9762,10028
400,2016-05-02,990,17043,18033
400,2016-05-03,1041,17980,19021
400,2016-05-04,1075,18649,19724
400,2016-05-05,235,9473,9708
400,2016-05-06,829,15570,16399
400,2016-05-08,232,9640,9872
400,2016-05-09,977,17182,18159
400,2016-05-10,1206,21394,22600
400,2016-05-11,992,18373,19365
400,2016-05-12,1019,18418,19437
400,2016-05-13,1354,22970,24324
400,2016-05-14,558,11300,11858
400,2016-05-16,200,7703,7903
400,2016-05-17,893,15333,16226
400,2016-05-18,1033,16010,17043
400,2016-05-19,923,15990,16913
400,2016-05-20,937,16228,17165
400,2016-05-21,577,11142,11719
400,2016-05-23,995,16587,17582
400,2016-05-24,1014,18201,19215
400,2016-05-25,1047,17967,19014
400,2016-05-26,1356,23046,24402
400,2016-05-27,1450,23250,24700
400,2016-05-28,740,14820,15560
400,2016-05-30,972,20176,21148
400,2016-05-31,960,18754,19714
400,2016-06-01,1204,21024,22228
400,2016-06-02,1268,21458,22726
400,2016-06-03,1072,19318,20390
400,2016-06-04,600,14238,14838
400,2016-06-06,959,17701,18660
400,2016-06-07,1164,21876,23040
400,2016-06-08,1238,21696,22934
400,2016-06-09,939,18835,19774
400,2016-06-10,1023,18815,19838
400,2016-06-11,578,13006,13584
400,2016-06-13,944,17656,18600
400,2016-06-14,1234,21644,22878
400,2016-06-15,1144,21272,22416
400,2016-06-16,1276,21748,23024
400,2016-06-17,1432,21502,22934
400,2016-06-18,551,12102,12653
400,2016-06-19,280,9756,10036
400,2016-06-21,1011,17902,18913
400,2016-06-22,1102,18923,20025
400,2016-06-23,236,9440,9676
400,2016-06-24,913,14764,15677
400,2016-06-25,594,11698,12292
400,2016-06-26,277,9323,9600
400,2016-06-28,1004,18474,19478
400,2016-06-29,1045,18274,19319
400,2016-06-30,1020,18590,19610
400,2016-07-01,1022,18445,19467
400,2016-07-02,519,9233,9752
400,2016-07-03,240,8277,8517
400,2016-07-05,1010,17557,18567
400,2016-07-06,1033,18136,19169
400,2016-07-07,991,18691,19682
400,2016-07-08,1099,18882,19981
400,2016-07-09,618,12600,13218
400,2016-07-10,251,9650,9901
400,2016-07-12,1029,19224,20253
400,2016-07-13,1136,21434,22570
400,2016-07-14,1164,21470,22634
400,2016-07-15,958,18366,19324
400,2016-07-16,601,11591,12192
400,2016-07-17,256,9608,9864
400,2016-07-19,959,17157,18116
400,2016-07-20,961,16635,17596
400,2016-07-21,1194,19988,21182
400,2016-07-22,1244,20624,21868
400,2016-07-23,674,12832,13506
400,2016-07-24,255,9061,9316
400,2016-07-25,954,17241,18195
400,2016-07-27,704,12858,13562
400,2016-07-28,658,13004,13662
400,2016-07-29,813,16042,16855
400,2016-07-30,503,10126,10629
400,2016-07-31,233,8013,8246
400,2016-08-01,672,11992,12664
400,2016-08-03,747,14675,15422
400,2016-08-04,726,14590,15316
400,2016-08-05,792,14483,15275
400,2016-08-06,521,9550,10071
400,2016-08-07,235,8148,8383
400,2016-08-08,757,13245,14002
400,2016-08-10,848,16396,17244
400,2016-08-11,740,14179,14919
400,2016-08-12,780,14164,14944
400,2016-08-13,511,9461,9972
400,2016-08-14,242,8022,8264
400,2016-08-15,219,7623,7842
400,2016-08-17,802,13739,14541
400,2016-08-18,850,16274,17124
400,2016-08-19,761,13914,14675
400,2016-08-20,580,8983,9563
400,2016-08-21,248,7503,7751
400,2016-08-22,967,14263,15230
400,2016-08-24,1064,15180,16244
400,2016-08-25,901,15383,16284
400,2016-08-26,942,15558,16500
400,2016-08-27,668,12278,12946
400,2016-08-28,300,8686,8986
400,2016-08-29,1023,15728,16751
400,2016-08-30,987,15689,16676
400,2016-09-01,984,15629,16613
400,2016-09-02,1058,16477,17535
400,2016-09-03,589,11139,11728
400,2016-09-04,288,9372,9660
400,2016-09-05,902,14520,15422
400,2016-09-06,1010,16664,17674
400,2016-09-07,1079,17386,18465
400,2016-09-08,1089,17233,18322
400,2016-09-09,1016,17133,18149
400,2016-09-10,540,10940,11480
400,2016-09-11,277,8759,9036
400,2016-09-13,890,17405,18295
400,2016-09-14,959,17458,18417
400,2016-09-15,900,17897,18797
400,2016-09-16,945,18020,18965
400,2016-09-17,521,12076,12597
400,2016-09-18,261,9078,9339
400,2016-09-19,953,17116,18069
400,2016-09-20,975,17719,18694
400,2016-09-21,1019,17815,18834
400,2016-09-22,1066,18072,19138
400,2016-09-23,1017,18294,19311
400,2016-09-25,332,10878,11210
400,2016-09-26,1161,17051,18212
400,2016-09-27,1001,18106,19107
400,2016-09-28,1106,17843,18949
400,2016-09-29,1043,18107,19150
400,2016-09-30,1019,18416,19435
400,2016-10-02,339,9945,10284
400,2016-10-03,1101,17914,19015
400,2016-10-04,1213,19040,20253
400,2016-10-05,1085,18033,19118
400,2016-10-06,1090,18725,19815
400,2016-10-07,1065,18273,19338
400,2016-10-09,284,9323,9607
400,2016-10-10,1050,17241,18291
400,2016-10-11,1174,17632,18806
400,2016-10-12,1112,18152,19264
400,2016-10-13,1158,18366,19524
400,2016-10-14,1109,18408,19517
400,2016-10-16,367,9744,10111
400,2016-10-17,993,17105,18098
400,2016-10-18,1030,17953,18983
400,2016-10-19,1039,17717,18756
400,2016-10-20,1017,18109,19126
400,2016-10-21,1069,18021,19090
400,2016-10-23,293,9361,9654
400,2016-10-24,903,16964,17867
400,2016-10-25,1100,17885,18985
400,2016-10-26,1100,18264,19364
400,2016-10-27,1221,18400,19621
400,2016-10-28,1392,20375,21767
400,2016-10-30,301,9148,9449
400,2016-10-31,809,14441,15250
400,2016-11-01,228,8849,9077
400,2016-11-02,1038,16327,17365
400,2016-11-03,986,16319,17305
400,2016-11-04,1083,16104,17187
400,2016-11-06,339,8963,9302
400,2016-11-07,828,14076,14904
400,2016-11-08,1057,17563,18620
400,2016-11-09,855,17459,18314
400,2016-11-10,1312,21152,22464
400,2016-11-11,1030,18736,19766
400,2016-11-13,276,9200,9476
400,2016-11-14,988,17584,18572
400,2016-11-15,844,18260,19104
400,2016-11-16,887,17860,18747
400,2016-11-17,959,17950,18909
400,2016-11-18,1248,22168,23416
400,2016-11-20,235,8755,8990
400,2016-11-21,789,17149,17938
400,2016-11-22,869,18230,19099
400,2016-11-23,996,17960,18956
400,2016-11-24,957,18234,19191
400,2016-11-25,1346,22844,24190
400,2016-11-27,228,9431,9659
400,2016-11-28,903,17578,18481
400,2016-11-29,974,18087,19061
400,2016-11-30,1033,18284,19317
400,2016-12-01,979,18141,19120
400,2016-12-02,976,18697,19673
400,2016-12-04,259,10159,10418
400,2016-12-05,921,17571,18492
400,2016-12-06,922,17594,18516
400,2016-12-07,1011,18560,19571
400,2016-12-08,1278,22008,23286
400,2016-12-09,1282,22122,23404
400,2016-12-11,221,9660,9881
400,2016-12-12,988,17213,18201
400,2016-12-13,632,14718,15350
400,2016-12-14,937,18587,19524
400,2016-12-15,1288,22114,23402
400,2016-12-16,975,18623,19598
400,2016-12-18,233,9786,10019
400,2016-12-19,952,17059,18011
400,2016-12-20,1062,18090,19152
400,2016-12-21,1004,17487,18491
400,2016-12-22,766,17436,18202
400,2016-12-23,830,16389,17219
400,2016-12-24,392,9256,9648
400,2016-12-26,205,6181,6386
400,2016-12-27,719,11649,12368
400,2016-12-28,658,11995,12653
400,2016-12-29,708,12275,12983
400,2016-12-30,686,12326,13012
400,2016-12-31,478,8375,8853
401,2016-01-01,96,5377,5473
401,2016-01-02,205,7580,7785
401,2016-01-03,106,5876,5982
401,2016-01-04,392,10324,10716
401,2016-01-06,444,10932,11376
401,2016-01-07,438,11432,11870
401,2016-01-08,403,11821,12224
401,2016-01-09,228,9492,9720
401,2016-01-10,102,6528,6630
401,2016-01-11,464,11194,11658
401,2016-01-13,482,12356,12838
401,2016-01-14,492,11364,11856
401,2016-01-15,384,12310,12694
401,2016-01-16,218,9748,9966
401,2016-01-17,93,6972,7065
401,2016-01-18,454,11816,12270
401,2016-01-20,441,11943,12384
401,2016-01-21,414,11938,12352
401,2016-01-22,478,11346,11824
401,2016-01-23,245,9697,9942
401,2016-01-24,75,7276,7351
401,2016-01-25,424,11702,12126
401,2016-01-26,423,12082,12505
401,2016-01-27,516,11881,12397
401,2016-01-28,511,12401,12912
401,2016-01-29,547,12673,13220
401,2016-01-30,308,8786,9094
401,2016-01-31,103,7612,7715
401,2016-02-01,515,11037,11552
401,2016-02-03,572,11990,12562
401,2016-02-04,586,11698,12284
401,2016-02-05,521,11193,11714
401,2016-02-06,258,9045,9303
401,2016-02-07,122,6280,6402
401,2016-02-08,516,7984,8500
401,2016-02-10,504,10278,10782
401,2016-02-11,418,10229,10647
401,2016-02-12,457,10370,10827
401,2016-02-13,338,8756,9094
401,2016-02-14,102,7060,7162
401,2016-02-15,620,10676,11296
401,2016-02-17,739,10710,11449
401,2016-02-18,456,11675,12131
401,2016-02-19,546,11589,12135
401,2016-02-20,318,9248,9566
401,2016-02-21,82,7210,7292
401,2016-02-22,570,10485,11055
401,2016-02-24,618,10772,11390
401,2016-02-25,771,10961,11732
401,2016-02-26,600,11534,12134
401,2016-02-27,266,10359,10625
401,2016-02-28,93,7754,7847
401,2016-02-29,569,11079,11648
401,2016-03-02,726,9432,10158
401,2016-03-03,864,10996,11860
401,2016-03-04,528,9894,10422
401,2016-03-05,234,10021,10255
401,2016-03-06,77,7024,7101
401,2016-03-07,409,11675,12084
401,2016-03-09,330,12331,12661
401,2016-03-10,302,12484,12786
401,2016-03-11,344,12553,12897
401,2016-03-12,217,10370,10587
401,2016-03-13,60,7807,7867
401,2016-03-14,370,11248,11618
401,2016-03-16,327,12136,12463
401,2016-03-17,331,12185,12516
401,2016-03-18,334,12499,12833
401,2016-03-19,202,10891,11093
401,2016-03-20,98,7977,8075
401,2016-03-21,340,11599,11939
401,2016-03-23,344,12179,12523
401,2016-03-24,341,12356,12697
401,2016-03-25,309,12284,12593
401,2016-03-26,250,10011,10261
401,2016-03-28,186,5072,5258
401,2016-03-31,334,10916,11250
401,2016-04-01,394,11197,11591
401,2016-04-02,277,9241,9518
401,2016-04-03,147,7330,7477
401,2016-04-04,419,10640,11059
401,2016-04-06,654,10372,11026
401,2016-04-07,620,10566,11186
401,2016-04-08,408,11744,12152
401,2016-04-09,278,10463,10741
401,2016-04-10,113,8232,8345
401,2016-04-11,366,11103,11469
401,2016-04-13,387,11238,11625
401,2016-04-14,576,11512,12088
401,2016-04-15,387,12172,12559
401,2016-04-16,308,10602,10910
401,2016-04-17,61,8436,8497
401,2016-04-18,382,10669,11051
401,2016-04-20,385,10839,11224
401,2016-04-21,331,12107,12438
401,2016-04-22,184,12366,12550
401,2016-04-23,205,10440,10645
401,2016-04-24,81,7680,7761
401,2016-04-26,558,11982,12540
401,2016-04-28,358,12364,12722
401,2016-04-29,366,12762,13128
401,2016-04-30,204,10921,11125
401,2016-05-01,104,7455,7559
401,2016-05-02,384,11621,12005
401,2016-05-03,530,12502,13032
401,2016-05-05,102,7411,7513
401,2016-05-06,341,11757,12098
401,2016-05-07,245,10535,10780
401,2016-05-08,100,7762,7862
401,2016-05-09,435,11667,12102
401,2016-05-12,390,12651,13041
401,2016-05-13,574,12684,13258
401,2016-05-14,218,10139,10357
401,2016-05-15,106,7194,7300
401,2016-05-16,98,5655,5753
401,2016-05-17,341,10744,11085
401,2016-05-19,338,10973,11311
401,2016-05-20,468,10873,11341
401,2016-05-21,259,9526,9785
401,2016-05-22,126,6886,7012
401,2016-05-23,475,12180,12655
401,2016-05-24,414,12784,13198
401,2016-05-26,554,12420,12974
401,2016-05-27,636,13378,14014
401,2016-05-28,304,10054,10358
401,2016-05-29,140,6960,7100
401,2016-05-30,528,12758,13286
401,2016-05-31,404,13175,13579
401,2016-06-02,606,13638,14244
401,2016-06-03,356,12629,12985
401,2016-06-04,240,10459,10699
401,2016-06-05,84,7828,7912
401,2016-06-06,360,11344,11704
401,2016-06-07,548,11508,12056
401,2016-06-09,371,12234,12605
401,2016-06-10,395,12592,12987
401,2016-06-11,245,10544,10789
401,2016-06-12,140,7752,7892
401,2016-06-13,588,10662,11250
401,2016-06-14,498,11822,12320
401,2016-06-16,532,11658,12190
401,2016-06-17,510,11800,12310
401,2016-06-18,300,9705,10005
401,2016-06-19,118,7626,7744
401,2016-06-20,564,11234,11798
401,2016-06-21,505,12048,12553
401,2016-06-23,158,6777,6935
401,2016-06-24,468,11192,11660
401,2016-06-25,320,8482,8802
401,2016-06-26,138,7530,7668
401,2016-06-27,491,10829,11320
401,2016-06-28,463,11955,12418
401,2016-06-30,453,12258,12711
401,2016-07-01,468,12558,13026
401,2016-07-02,300,10301,10601
401,2016-07-03,135,8426,8561
401,2016-07-04,445,11522,11967
401,2016-07-05,455,11496,11951
401,2016-07-07,479,12009,12488
401,2016-07-08,491,12195,12686
401,2016-07-09,326,10232,10558
401,2016-07-10,128,7890,8018
401,2016-07-11,471,11643,12114
401,2016-07-12,474,12252,12726
401,2016-07-14,480,11420,11900
401,2016-07-15,414,12254,12668
401,2016-07-16,290,9801,10091
401,2016-07-17,148,8557,8705
401,2016-07-18,443,11529,11972
401,2016-07-19,399,11793,12192
401,2016-07-21,500,11484,11984
401,2016-07-22,476,11538,12014
401,2016-07-23,312,9624,9936
401,2016-07-24,118,7465,7583
401,2016-07-25,417,10939,11356
401,2016-07-26,403,11285,11688
401,2016-07-28,405,11257,11662
401,2016-07-29,366,11113,11479
401,2016-07-30,259,8568,8827
401,2016-07-31,130,6566,6696
401,2016-08-01,373,9592,9965
401,2016-08-02,402,9874,10276
401,2016-08-04,389,9743,10132
401,2016-08-05,354,9714,10068
401,2016-08-06,271,7866,8137
401,2016-08-07,124,6748,6872
401,2016-08-08,360,8572,8932
401,2016-08-09,334,9090,9424
401,2016-08-11,348,8966,9314
401,2016-08-12,339,8979,9318
401,2016-08-13,280,7460,7740
401,2016-08-14,115,6158,6273
401,2016-08-15,121,5291,5412
401,2016-08-16,386,9026,9412
401,2016-08-18,434,8436,8870
401,2016-08-19,355,9164,9519
401,2016-08-20,333,7892,8225
401,2016-08-21,183,6376,6559
401,2016-08-22,437,9555,9992
401,2016-08-23,454,10184,10638
401,2016-08-25,421,10457,10878
401,2016-08-26,465,10547,11012
401,2016-08-27,332,8418,8750
401,2016-08-28,175,7020,7195
401,2016-08-29,451,10374,10825
401,2016-08-30,463,10865,11328
401,2016-09-01,452,10750,11202
401,2016-09-02,473,11184,11657
401,2016-09-03,323,8859,9182
401,2016-09-04,206,6306,6512
401,2016-09-05,442,10385,10827
401,2016-09-06,438,10164,10602
401,2016-09-08,452,9991,10443
401,2016-09-09,439,10129,10568
401,2016-09-10,338,9318,9656
401,2016-09-11,176,6790,6966
401,2016-09-12,422,10352,10774
401,2016-09-13,398,10677,11075
401,2016-09-15,508,10452,10960
401,2016-09-16,471,10875,11346
401,2016-09-17,268,9605,9873
401,2016-09-18,123,7068,7191
401,2016-09-19,469,10327,10796
401,2016-09-20,480,10742,11222
401,2016-09-22,468,11212,11680
401,2016-09-23,473,11441,11914
401,2016-09-24,265,10004,10269
401,2016-09-25,123,7965,8088
401,2016-09-26,464,11345,11809
401,2016-09-27,533,11908,12441
401,2016-09-29,491,12116,12607
401,2016-09-30,646,12374,13020
401,2016-10-01,272,9644,9916
401,2016-10-02,100,6856,6956
401,2016-10-03,513,11387,11900
401,2016-10-04,603,12259,12862
401,2016-10-06,577,12284,12861
401,2016-10-07,479,11517,11996
401,2016-10-08,274,9753,10027
401,2016-10-09,132,7368,7500
401,2016-10-10,471,11117,11588
401,2016-10-11,534,11946,12480
401,2016-10-13,545,12140,12685
401,2016-10-14,501,11666,12167
401,2016-10-15,274,9618,9892
401,2016-10-16,112,7301,7413
401,2016-10-17,480,11330,11810
401,2016-10-18,700,12732,13432
401,2016-10-20,548,11148,11696
401,2016-10-21,488,11492,11980
401,2016-10-22,292,9870,10162
401,2016-10-23,125,7459,7584
401,2016-10-24,450,10554,11004
401,2016-10-25,461,11394,11855
401,2016-10-27,512,11538,12050
401,2016-10-28,498,11627,12125
401,2016-10-29,314,10006,10320
401,2016-10-30,125,7380,7505
401,2016-10-31,346,10192,10538
401,2016-11-01,128,6590,6718
401,2016-11-03,441,10660,11101
401,2016-11-04,500,10368,10868
401,2016-11-05,286,8908,9194
401,2016-11-06,114,6301,6415
401,2016-11-07,457,10707,11164
401,2016-11-08,556,11122,11678
401,2016-11-10,568,11454,12022
401,2016-11-11,455,11611,12066
401,2016-11-12,279,9991,10270
401,2016-11-13,112,7268,7380
401,2016-11-14,469,10688,11157
401,2016-11-15,472,11240,11712
401,2016-11-17,558,11192,11750
401,2016-11-18,540,11550,12090
401,2016-11-19,282,9967,10249
401,2016-11-20,118,7524,7642
401,2016-11-21,546,10574,11120
401,2016-11-22,542,11468,12010
401,2016-11-24,497,11774,12271
401,2016-11-25,471,12290,12761
401,2016-11-26,269,9913,10182
401,2016-11-27,130,7274,7404
401,2016-11-28,453,10965,11418
401,2016-11-29,439,11745,12184
401,2016-12-01,440,11905,12345
401,2016-12-02,449,11870,12319
401,2016-12-03,279,9792,10071
401,2016-12-04,122,7288,7410
401,2016-12-05,448,11450,11898
401,2016-12-06,426,11627,12053
401,2016-12-08,469,12215,12684
401,2016-12-09,435,12486,12921
401,2016-12-10,275,9863,10138
401,2016-12-11,110,6942,7052
401,2016-12-12,463,11084,11547
401,2016-12-13,586,12080,12666
401,2016-12-15,448,11887,12335
401,2016-12-17,270,9855,10125
401,2016-12-18,104,7317,7421
401,2016-12-19,472,11355,11827
401,2016-12-20,463,12011,12474
401,2016-12-21,430,11747,12177
401,2016-12-22,490,11798,12288
401,2016-12-24,226,7750,7976
401,2016-12-25,97,5144,5241
401,2016-12-26,122,4974,5096
401,2016-12-27,343,8233,8576
401,2016-12-28,316,8420,8736
401,2016-12-29,323,8469,8792
401,2016-12-31,257,6757,7014
403,2016-01-01,45,4751,4796
403,2016-01-02,114,6250,6364
403,2016-01-03,54,5468,5522
403,2016-01-04,216,11844,12060
403,2016-01-05,203,11613,11816
403,2016-01-06,206,11541,11747
403,2016-01-08,267,12044,12311
403,2016-01-09,132,8056,8188
403,2016-01-10,61,5706,5767
403,2016-01-11,306,12203,12509
403,2016-01-12,276,13405,13681
403,2016-01-13,283,12805,13088
403,2016-01-15,312,12069,12381
403,2016-01-16,140,8147,8287
403,2016-01-17,56,5851,5907
403,2016-01-18,281,11991,12272
403,2016-01-19,289,12421,12710
403,2016-01-20,278,12810,13088
403,2016-01-22,291,11787,12078
403,2016-01-23,118,7758,7876
403,2016-01-24,49,5898,5947
403,2016-01-25,271,12497,12768
403,2016-01-26,265,13069,13334
403,2016-01-27,295,12976,13271
403,2016-01-28,283,13511,13794
403,2016-01-29,272,13407,13679
403,2016-01-30,158,8549,8707
403,2016-01-31,44,6108,6152
403,2016-02-01,272,12496,12768
403,2016-02-02,271,13010,13281
403,2016-02-03,320,12966,13286
403,2016-02-05,261,12793,13054
403,2016-02-06,143,7746,7889
403,2016-02-07,56,5507,5563
403,2016-02-08,232,9112,9344
403,2016-02-09,326,10364,10690
403,2016-02-10,239,10988,11227
403,2016-02-12,266,11079,11345
403,2016-02-13,171,7655,7826
403,2016-02-14,63,5923,5986
403,2016-02-15,289,12475,12764
403,2016-02-16,333,13309,13642
403,2016-02-17,364,13213,13577
403,2016-02-19,333,13164,13497
403,2016-02-20,117,8556,8673
403,2016-02-21,48,6087,6135
403,2016-02-22,309,12698,13007
403,2016-02-23,279,13612,13891
403,2016-02-24,321,13342,13663
403,2016-02-26,311,13423,13734
403,2016-02-27,133,9533,9666
403,2016-02-28,68,6679,6747
403,2016-02-29,322,13141,13463
403,2016-03-01,283,13178,13461
403,2016-03-02,295,12990,13285
403,2016-03-04,285,12775,13060
403,2016-03-05,154,8484,8638
403,2016-03-06,56,6228,6284
403,2016-03-07,261,12362,12623
403,2016-03-08,369,13520,13889
403,2016-03-09,362,13378,13740
403,2016-03-11,349,13419,13768
403,2016-03-12,144,9516,9660
403,2016-03-13,54,7276,7330
403,2016-03-14,325,12773,13098
403,2016-03-15,368,13896,14264
403,2016-03-16,344,13341,13685
403,2016-03-18,301,13781,14082
403,2016-03-19,148,9506,9654
403,2016-03-20,56,6869,6925
403,2016-03-21,321,12568,12889
403,2016-03-22,339,13245,13584
403,2016-03-23,390,13684,14074
403,2016-03-25,266,12743,13009
403,2016-03-26,141,8652,8793
403,2016-03-28,93,5654,5747
403,2016-03-29,357,11951,12308
403,2016-03-30,356,12232,12588
403,2016-04-02,158,8966,9124
403,2016-04-03,85,7110,7195
403,2016-04-04,303,11726,12029
403,2016-04-05,389,12169,12558
403,2016-04-06,336,12758,13094
403,2016-04-08,340,12413,12753
403,2016-04-09,194,9543,9737
403,2016-04-10,76,7722,7798
403,2016-04-11,356,13622,13978
403,2016-04-12,373,14296,14669
403,2016-04-13,353,14120,14473
403,2016-04-15,357,14419,14776
403,2016-04-16,144,10564,10708
403,2016-04-17,68,8381,8449
403,2016-04-18,370,13929,14299
403,2016-04-19,368,14188,14556
403,2016-04-20,347,14402,14749
403,2016-04-22,332,14486,14818
403,2016-04-23,159,9509,9668
403,2016-04-24,90,7244,7334
403,2016-04-25,319,13387,13706
403,2016-04-26,390,15672,16062
403,2016-04-27,384,14112,14496
403,2016-04-29,352,14611,14963
403,2016-04-30,161,10289,10450
403,2016-05-01,102,7424,7526
403,2016-05-02,333,13433,13766
403,2016-05-03,388,15458,15846
403,2016-05-04,336,14385,14721
403,2016-05-06,232,12508,12740
403,2016-05-07,162,9735,9897
403,2016-05-08,62,7992,8054
403,2016-05-09,295,13542,13837
403,2016-05-10,470,15606,16076
403,2016-05-11,383,13997,14380
403,2016-05-13,354,15766,16120
403,2016-05-14,150,9346,9496
403,2016-05-15,69,6966,7035
403,2016-05-16,65,6187,6252
403,2016-05-17,313,12180,12493
403,2016-05-18,299,12412,12711
403,2016-05-20,315,12622,12937
403,2016-05-21,157,8933,9090
403,2016-05-22,68,6934,7002
403,2016-05-23,320,13532,13852
403,2016-05-24,367,14746,15113
403,2016-05-25,369,14061,14430
403,2016-05-27,432,16236,16668
403,2016-05-28,214,12024,12238
403,2016-05-29,98,8692,8790
403,2016-05-30,346,14960,15306
403,2016-05-31,331,14407,14738
403,2016-06-01,438,16180,16618
403,2016-06-03,370,16284,16654
403,2016-06-04,188,12058,12246
403,2016-06-05,92,8002,8094
403,2016-06-06,295,14133,14428
403,2016-06-07,404,16360,16764
403,2016-06-08,414,15988,16402
403,2016-06-10,325,14661,14986
403,2016-06-11,198,10560,10758
403,2016-06-12,78,8096,8174
403,2016-06-13,372,14950,15322
403,2016-06-14,320,14317,14637
403,2016-06-15,412,15644,16056
403,2016-06-17,334,15370,15704
403,2016-06-18,165,9563,9728
403,2016-06-19,81,7832,7913
403,2016-06-20,408,14740,15148
403,2016-06-21,317,13940,14257
403,2016-06-22,336,14545,14881
403,2016-06-24,297,11675,11972
403,2016-06-25,170,8614,8784
403,2016-06-26,73,7184,7257
403,2016-06-27,332,14224,14556
403,2016-06-28,322,14334,14656
403,2016-06-29,381,14608,14989
403,2016-07-01,329,14908,15237
403,2016-07-02,151,9839,9990
403,2016-07-03,73,7577,7650
403,2016-07-04,303,13508,13811
403,2016-07-05,344,14219,14563
403,2016-07-06,325,14175,14500
403,2016-07-08,356,14969,15325
403,2016-07-09,206,9875,10081
403,2016-07-10,78,8269,8347
403,2016-07-11,301,13936,14237
403,2016-07-12,354,15218,15572
403,2016-07-13,386,15612,15998
403,2016-07-15,310,14240,14550
403,2016-07-16,133,9553,9686
403,2016-07-17,58,7774,7832
403,2016-07-18,323,13274,13597
403,2016-07-19,318,13947,14265
403,2016-07-20,334,13766,14100
403,2016-07-22,320,14568,14888
403,2016-07-23,150,8156,8306
403,2016-07-24,53,6937,6990
403,2016-07-25,280,12592,12872
403,2016-07-26,362,14938,15300
403,2016-07-27,321,13823,14144
403,2016-07-29,235,12218,12453
403,2016-07-30,124,8251,8375
403,2016-07-31,63,6660,6723
403,2016-08-01,213,10749,10962
403,2016-08-02,223,10914,11137
403,2016-08-03,213,11122,11335
403,2016-08-05,249,11004,11253
403,2016-08-06,118,7665,7783
403,2016-08-07,54,6961,7015
403,2016-08-08,206,10051,10257
403,2016-08-09,221,10404,10625
403,2016-08-10,198,10340,10538
403,2016-08-12,212,10326,10538
403,2016-08-13,150,7742,7892
403,2016-08-14,63,6878,6941
403,2016-08-15,59,6508,6567
403,2016-08-16,232,10594,10826
403,2016-08-17,234,10733,10967
403,2016-08-19,220,11052,11272
403,2016-08-20,147,7794,7941
403,2016-08-21,69,6700,6769
403,2016-08-22,263,11340,11603
403,2016-08-23,280,12082,12362
403,2016-08-24,272,12546,12818
403,2016-08-26,293,12678,12971
403,2016-08-27,202,9768,9970
403,2016-08-28,84,7820,7904
403,2016-08-29,288,12252,12540
403,2016-08-30,257,12788,13045
403,2016-08-31,272,12833,13105
403,2016-09-02,301,13304,13605
403,2016-09-03,175,9497,9672
403,2016-09-04,76,8144,8220
403,2016-09-05,262,12998,13260
403,2016-09-06,306,14007,14313
403,2016-09-07,333,15247,15580
403,2016-09-09,326,13570,13896
403,2016-09-10,171,9095,9266
403,2016-09-11,79,7396,7475
403,2016-09-12,291,13369,13660
403,2016-09-13,320,13980,14300
403,2016-09-14,348,14203,14551
403,2016-09-16,298,14300,14598
403,2016-09-17,169,9294,9463
403,2016-09-18,68,7184,7252
403,2016-09-19,325,13742,14067
403,2016-09-20,357,13749,14106
403,2016-09-21,365,14400,14765
403,2016-09-23,307,14433,14740
403,2016-09-24,181,10965,11146
403,2016-09-25,77,8782,8859
403,2016-09-26,341,14042,14383
403,2016-09-27,357,14922,15279
403,2016-09-28,359,14985,15344
403,2016-09-30,348,14561,14909
403,2016-10-01,168,10532,10700
403,2016-10-02,79,8121,8200
403,2016-10-03,303,14392,14695
403,2016-10-04,382,15649,16031
403,2016-10-05,398,14858,15256
403,2016-10-07,320,14924,15244
403,2016-10-08,142,9609,9751
403,2016-10-09,53,7345,7398
403,2016-10-10,326,14199,14525
403,2016-10-11,363,14610,14973
403,2016-10-12,397,14330,14727
403,2016-10-14,388,15129,15517
403,2016-10-15,139,9793,9932
403,2016-10-16,60,8107,8167
403,2016-10-17,318,13786,14104
403,2016-10-18,372,14325,14697
403,2016-10-19,343,14163,14506
403,2016-10-21,341,14508,14849
403,2016-10-22,155,9778,9933
403,2016-10-23,154,7581,7735
403,2016-10-24,297,13146,13443
403,2016-10-25,311,14316,14627
403,2016-10-26,330,14362,14692
403,2016-10-28,309,14409,14718
403,2016-10-29,172,10560,10732
403,2016-10-30,59,7596,7655
403,2016-10-31,208,10939,11147
403,2016-11-01,50,7345,7395
403,2016-11-02,287,12890,13177
403,2016-11-04,285,12786,13071
403,2016-11-05,155,8894,9049
403,2016-11-06,75,6698,6773
403,2016-11-07,290,13524,13814
403,2016-11-08,317,14244,14561
403,2016-11-09,306,13976,14282
403,2016-11-11,298,14852,15150
403,2016-11-12,120,10137,10257
403,2016-11-13,65,7662,7727
403,2016-11-14,312,13917,14229
403,2016-11-15,288,14127,14415
403,2016-11-16,281,14378,14659
403,2016-11-18,384,16364,16748
403,2016-11-19,137,9606,9743
403,2016-11-20,65,6858,6923
403,2016-11-21,338,14940,15278
403,2016-11-22,362,15568,15930
403,2016-11-23,301,14289,14590
403,2016-11-25,329,14736,15065
403,2016-11-26,171,10060,10231
403,2016-11-27,52,7925,7977
403,2016-11-28,301,14152,14453
403,2016-11-29,319,14995,15314
403,2016-11-30,358,14625,14983
403,2016-12-02,305,15051,15356
403,2016-12-03,145,10542,10687
403,2016-12-04,56,7990,8046
403,2016-12-05,285,14111,14396
403,2016-12-06,326,14189,14515
403,2016-12-07,317,14921,15238
403,2016-12-09,302,15267,15569
403,2016-12-10,167,10269,10436
403,2016-12-11,75,7706,7781
403,2016-12-12,265,13730,13995
403,2016-12-13,324,14594,14918
403,2016-12-14,284,14622,14906
403,2016-12-16,304,14799,15103
403,2016-12-17,141,10324,10465
403,2016-12-18,51,7755,7806
403,2016-12-19,264,13444,13708
403,2016-12-20,298,14685,14983
403,2016-12-21,276,14126,14402
403,2016-12-23,226,12480,12706
403,2016-12-24,102,6765,6867
403,2016-12-25,38,4942,4980
403,2016-12-26,57,4767,4824
403,2016-12-27,174,8957,9131
403,2016-12-28,157,9295,9452
403,2016-12-30,165,9151,9316
403,2016-12-31,122,5936,6058
405,2016-01-01,61,4084,4145
405,2016-01-10,69,5198,5267
405,2016-01-11,525,10312,10837
405,2016-01-12,575,11068,11643
405,2016-01-13,587,10663,11250
405,2016-01-14,543,10091,10634
405,2016-01-15,425,8322,8747
405,2016-01-16,303,5804,6107
405,2016-01-18,536,9833,10369
405,2016-01-19,611,10403,11014
405,2016-01-20,589,10236,10825
405,2016-01-21,557,10366,10923
405,2016-01-22,544,9266,9810
405,2016-01-23,310,6260,6570
405,2016-01-25,564,10302,10866
405,2016-01-26,601,10834,11435
405,2016-01-27,561,10720,11281
405,2016-01-28,611,11003,11614
405,2016-01-29,599,11083,11682
405,2016-01-30,332,7184,7516
405,2016-01-31,58,5505,5563
405,2016-02-01,559,10265,10824
405,2016-02-02,562,11005,11567
405,2016-02-03,588,10764,11352
405,2016-02-04,593,10838,11431
405,2016-02-05,567,10709,11276
405,2016-02-06,344,6455,6799
405,2016-02-08,468,7266,7734
405,2016-02-09,515,8000,8515
405,2016-02-10,463,8364,8827
405,2016-02-11,503,8397,8900
405,2016-02-12,529,8842,9371
405,2016-02-13,338,6114,6452
405,2016-02-15,602,10179,10781
405,2016-02-16,661,11308,11969
405,2016-02-17,635,10743,11378
405,2016-02-18,615,10893,11508
405,2016-02-19,570,10800,11370
405,2016-02-20,305,7254,7559
405,2016-02-21,65,5258,5323
405,2016-02-23,562,11096,11658
405,2016-02-24,614,10771,11385
405,2016-02-25,634,11040,11674
405,2016-02-26,688,11016,11704
405,2016-02-27,359,7555,7914
405,2016-02-28,95,5852,5947
405,2016-03-01,673,10780,11453
405,2016-03-02,622,10646,11268
405,2016-03-03,584,10841,11425
405,2016-03-04,576,10516,11092
405,2016-03-05,363,7070,7433
405,2016-03-06,89,5974,6063
405,2016-03-08,736,11377,12113
405,2016-03-09,661,11540,12201
405,2016-03-10,689,11596,12285
405,2016-03-11,665,11582,12247
405,2016-03-12,405,8194,8599
405,2016-03-13,91,6415,6506
405,2016-03-15,682,11080,11762
405,2016-03-16,668,10846,11514
405,2016-03-17,709,11466,12175
405,2016-03-18,671,11607,12278
405,2016-03-19,402,7858,8260
405,2016-03-20,100,6541,6641
405,2016-03-22,634,9968,10602
405,2016-03-23,639,11156,11795
405,2016-03-24,649,10988,11637
405,2016-03-25,564,10816,11380
405,2016-03-26,373,6694,7067
405,2016-03-30,578,8994,9572
405,2016-03-31,550,9968,10518
405,2016-04-01,661,9880,10541
405,2016-04-02,393,6801,7194
405,2016-04-03,94,5767,5861
405,2016-04-05,572,9801,10373
405,2016-04-06,666,9975,10641
405,2016-04-07,654,9916,10570
405,2016-04-08,636,10426,11062
405,2016-04-09,402,7342,7744
405,2016-04-10,118,6335,6453
405,2016-04-12,700,11511,12211
405,2016-04-13,637,11140,11777
405,2016-04-14,658,11626,12284
405,2016-04-15,731,11476,12207
405,2016-04-16,386,7985,8371
405,2016-04-17,124,6802,6926
405,2016-04-18,667,10999,11666
405,2016-04-20,681,11661,12342
405,2016-04-21,763,11756,12519
405,2016-04-22,638,12374,13012
405,2016-04-23,382,8428,8810
405,2016-04-24,88,6674,6762
405,2016-04-25,576,11282,11858
405,2016-04-27,658,11202,11860
405,2016-04-28,662,12005,12667
405,2016-04-29,689,11694,12383
405,2016-04-30,480,9178,9658
405,2016-05-01,254,6955,7209
405,2016-05-02,690,10985,11675
405,2016-05-03,690,11393,12083
405,2016-05-04,726,12111,12837
405,2016-05-05,135,7986,8121
405,2016-05-06,610,10125,10735
405,2016-05-07,396,7796,8192
405,2016-05-08,110,7070,7180
405,2016-05-09,649,10754,11403
405,2016-05-10,773,11220,11993
405,2016-05-12,709,11808,12517
405,2016-05-13,705,11671,12376
405,2016-05-14,387,7018,7405
405,2016-05-15,106,5538,5644
405,2016-05-16,108,4630,4738
405,2016-05-17,654,9285,9939
405,2016-05-19,608,9750,10358
405,2016-05-20,596,9727,10323
405,2016-05-21,412,7084,7496
405,2016-05-22,96,5411,5507
405,2016-05-23,755,10824,11579
405,2016-05-24,767,11415,12182
405,2016-05-26,684,12622,13306
405,2016-05-27,696,12804,13500
405,2016-05-28,402,8170,8572
405,2016-05-29,112,6470,6582
405,2016-05-30,668,12082,12750
405,2016-05-31,678,11473,12151
405,2016-06-02,1272,24112,25384
405,2016-06-03,1282,23290,24572
405,2016-06-04,756,16422,17178
405,2016-06-05,200,12738,12938
405,2016-06-06,1348,22044,23392
405,2016-06-07,1376,22758,24134
405,2016-06-08,1292,24164,25456
405,2016-06-10,752,12139,12891
405,2016-06-11,389,7764,8153
405,2016-06-12,74,6756,6830
405,2016-06-13,618,11524,12142
405,2016-06-14,676,11814,12490
405,2016-06-15,675,11753,12428
405,2016-06-17,699,11576,12275
405,2016-06-18,381,7839,8220
405,2016-06-19,124,6228,6352
405,2016-06-20,640,10611,11251
405,2016-06-21,660,10995,11655
405,2016-06-22,740,11394,12134
405,2016-06-24,592,9064,9656
405,2016-06-25,392,6825,7217
405,2016-06-26,142,6346,6488
405,2016-06-27,701,10909,11610
405,2016-06-28,658,11503,12161
405,2016-06-29,671,11680,12351
405,2016-07-01,744,11757,12501
405,2016-07-02,376,7468,7844
405,2016-07-03,91,5915,6006
405,2016-07-04,666,10694,11360
405,2016-07-05,710,11798,12508
405,2016-07-06,722,11768,12490
405,2016-07-08,648,12284,12932
405,2016-07-09,413,8314,8727
405,2016-07-10,119,7174,7293
405,2016-07-11,708,11446,12154
405,2016-07-12,724,13368,14092
405,2016-07-13,574,11848,12422
405,2016-07-15,709,11567,12276
405,2016-07-16,451,7595,8046
405,2016-07-17,111,5656,5767
405,2016-07-18,656,10438,11094
405,2016-07-19,719,10997,11716
405,2016-07-20,648,10575,11223
405,2016-07-22,611,10367,10978
405,2016-07-23,374,6770,7144
405,2016-07-24,86,5304,5390
405,2016-07-25,600,9772,10372
405,2016-07-26,554,10840,11394
405,2016-07-27,625,10319,10944
405,2016-07-28,548,9914,10462
405,2016-07-30,354,6508,6862
405,2016-07-31,100,5543,5643
405,2016-08-01,498,8348,8846
405,2016-08-02,442,8422,8864
405,2016-08-03,432,8455,8887
405,2016-08-04,438,8468,8906
405,2016-08-06,362,6379,6741
405,2016-08-07,110,6283,6393
405,2016-08-08,454,7509,7963
405,2016-08-09,490,7823,8313
405,2016-08-10,501,7861,8362
405,2016-08-11,456,7801,8257
405,2016-08-12,446,7581,8027
405,2016-08-14,97,5053,5150
405,2016-08-15,113,4755,4868
405,2016-08-16,499,7805,8304
405,2016-08-17,473,7688,8161
405,2016-08-18,420,7634,8054
405,2016-08-19,458,7691,8149
405,2016-08-21,87,5108,5195
405,2016-08-22,513,8636,9149
405,2016-08-23,539,9320,9859
405,2016-08-24,569,9653,10222
405,2016-08-25,568,10569,11137
405,2016-08-26,534,9847,10381
405,2016-08-27,372,8064,8436
405,2016-08-29,567,9031,9598
405,2016-08-30,570,9566,10136
405,2016-08-31,630,9763,10393
405,2016-09-01,604,9764,10368
405,2016-09-02,608,9932,10540
405,2016-09-03,388,7366,7754
405,2016-09-05,628,9709,10337
405,2016-09-06,709,10690,11399
405,2016-09-07,748,11196,11944
405,2016-09-08,767,10951,11718
405,2016-09-09,699,10421,11120
405,2016-09-10,381,6850,7231
405,2016-09-12,601,10217,10818
405,2016-09-13,621,10774,11395
405,2016-09-14,643,10974,11617
405,2016-09-15,628,10993,11621
405,2016-09-16,648,11051,11699
405,2016-09-17,384,8368,8752
405,2016-09-19,660,10671,11331
405,2016-09-20,697,10845,11542
405,2016-09-21,661,11597,12258
405,2016-09-22,723,11561,12284
405,2016-09-23,707,11427,12134
405,2016-09-24,402,7617,8019
405,2016-09-26,695,10762,11457
405,2016-09-27,714,11365,12079
405,2016-09-28,740,11517,12257
405,2016-09-29,700,11828,12528
405,2016-09-30,719,11527,12246
405,2016-10-01,506,8323,8829
405,2016-10-03,611,11162,11773
405,2016-10-04,814,12220,13034
405,2016-10-05,733,11909,12642
405,2016-10-06,697,11702,12399
405,2016-10-07,696,11413,12109
405,2016-10-08,380,7724,8104
405,2016-10-10,618,11156,11774
405,2016-10-11,698,11304,12002
405,2016-10-12,774,10898,11672
405,2016-10-13,727,12142,12869
405,2016-10-14,658,11653,12311
405,2016-10-15,351,7678,8029
405,2016-10-16,96,6441,6537
405,2016-10-18,686,11301,11987
405,2016-10-19,681,11157,11838
405,2016-10-20,664,11514,12178
405,2016-11-11,508,11164,11672
405,2016-11-12,324,7824,8148
405,2016-11-13,76,6061,6137
405,2016-11-14,584,10447,11031
405,2016-11-15,605,11044,11649
405,2016-11-16,666,9850,10516
405,2016-11-18,598,11116,11714
405,2016-11-19,342,7918,8260
405,2016-11-20,61,5616,5677
405,2016-11-21,518,9684,10202
405,2016-11-22,552,10817,11369
405,2016-11-23,498,10622,11120
405,2016-11-25,592,11553,12145
405,2016-11-26,313,7704,8017
405,2016-11-27,50,5850,5900
405,2016-11-28,632,11090,11722
405,2016-11-29,666,11822,12488
405,2016-11-30,640,11494,12134
405,2016-12-02,558,11132,11690
405,2016-12-03,318,7598,7916
405,2016-12-04,76,5988,6064
405,2016-12-05,543,10292,10835
405,2016-12-06,562,10401,10963
405,2016-12-07,554,10570,11124
405,2016-12-09,538,11179,11717
405,2016-12-10,309,7384,7693
405,2016-12-11,66,5773,5839
405,2016-12-12,509,10284,10793
405,2016-12-13,516,11131,11647
405,2016-12-14,524,10747,11271
405,2016-12-16,515,11239,11754
405,2016-12-17,302,7662,7964
405,2016-12-18,68,5773,5841
405,2016-12-19,493,10749,11242
405,2016-12-20,564,10961,11525
405,2016-12-21,483,10595,11078
405,2016-12-23,394,9561,9955
405,2016-12-24,250,5310,5560
405,2016-12-25,35,4250,4285
405,2016-12-26,82,3963,4045
405,2016-12-27,322,6338,6660
405,2016-12-28,323,6452,6775
405,2016-12-30,321,6284,6605
405,2016-12-31,262,4545,4807
406,2016-01-01,8,3086,3094
406,2016-01-02,3,79,82
406,2016-01-03,9,3465,3474
406,2016-01-04,10,182,192
406,2016-01-05,42,4635,4677
406,2016-01-08,170,9759,9929
406,2016-01-09,47,6292,6339
406,2016-01-10,18,3893,3911
406,2016-01-11,188,8629,8817
406,2016-01-12,181,10036,10217
406,2016-01-13,194,10071,10265
406,2016-01-15,117,7567,7684
406,2016-01-16,26,5300,5326
406,2016-01-17,7,3640,3647
406,2016-01-18,186,9734,9920
406,2016-01-19,183,9886,10069
406,2016-01-20,158,9829,9987
406,2016-01-22,162,9013,9175
406,2016-01-23,54,6248,6302
406,2016-01-24,14,4208,4222
406,2016-01-25,155,9815,9970
406,2016-01-26,207,10235,10442
406,2016-01-27,210,10312,10522
406,2016-01-29,202,10663,10865
406,2016-01-30,54,5984,6038
406,2016-01-31,13,4175,4188
406,2016-02-01,142,9680,9822
406,2016-02-02,188,9630,9818
406,2016-02-03,228,10210,10438
406,2016-02-05,193,10149,10342
406,2016-02-06,49,6344,6393
406,2016-02-07,23,4308,4331
406,2016-02-08,158,7588,7746
406,2016-02-09,161,7327,7488
406,2016-02-10,157,8452,8609
406,2016-02-12,158,9156,9314
406,2016-02-13,45,5450,5495
406,2016-02-14,15,4062,4077
406,2016-02-15,190,9808,9998
406,2016-02-16,236,10836,11072
406,2016-02-17,201,10624,10825
406,2016-02-19,184,10294,10478
406,2016-02-20,49,6270,6319
406,2016-02-21,14,3953,3967
406,2016-02-22,193,9670,9863
406,2016-02-23,165,9775,9940
406,2016-02-24,214,10418,10632
406,2016-02-26,175,10927,11102
406,2016-02-27,69,7317,7386
406,2016-02-28,38,4646,4684
406,2016-02-29,182,10430,10612
406,2016-03-01,201,10548,10749
406,2016-03-02,181,10105,10286
406,2016-03-04,191,9420,9611
406,2016-03-05,56,6703,6759
406,2016-03-06,20,4904,4924
406,2016-03-07,191,10169,10360
406,2016-03-08,198,10781,10979
406,2016-03-09,209,11142,11351
406,2016-03-11,193,11234,11427
406,2016-03-12,67,7677,7744
406,2016-03-13,26,5343,5369
406,2016-03-14,178,10396,10574
406,2016-03-15,215,10723,10938
406,2016-03-16,198,10703,10901
406,2016-03-18,200,10987,11187
406,2016-03-19,67,7585,7652
406,2016-03-20,16,5821,5837
406,2016-03-21,202,10152,10354
406,2016-03-22,198,10604,10802
406,2016-03-23,225,10719,10944
406,2016-03-25,194,9916,10110
406,2016-03-26,63,6315,6378
406,2016-03-28,21,3334,3355
406,2016-03-29,197,9975,10172
406,2016-03-30,195,9911,10106
406,2016-04-02,82,6382,6464
406,2016-04-03,17,4604,4621
406,2016-04-04,225,9608,9833
406,2016-04-05,217,9385,9602
406,2016-04-06,261,10155,10416
406,2016-04-08,220,10422,10642
406,2016-04-09,61,7413,7474
406,2016-04-10,17,5290,5307
406,2016-04-11,103,10344,10447
406,2016-04-12,72,10258,10330
406,2016-04-13,86,10324,10410
406,2016-04-15,93,10544,10637
406,2016-04-16,73,7399,7472
406,2016-04-17,16,5296,5312
406,2016-04-18,178,10434,10612
406,2016-04-19,215,10716,10931
406,2016-04-20,207,11046,11253
406,2016-04-22,222,11383,11605
406,2016-04-23,59,7504,7563
406,2016-04-24,25,5184,5209
406,2016-04-25,183,9795,9978
406,2016-04-26,234,10730,10964
406,2016-04-27,230,10462,10692
406,2016-04-29,222,11280,11502
406,2016-04-30,94,7964,8058
406,2016-05-01,21,4489,4510
406,2016-05-02,176,10375,10551
406,2016-05-03,199,10821,11020
406,2016-05-04,221,11606,11827
406,2016-05-06,189,9223,9412
406,2016-05-07,83,7041,7124
406,2016-05-08,26,5501,5527
406,2016-05-09,196,10215,10411
406,2016-05-10,221,10490,10711
406,2016-05-11,217,10658,10875
406,2016-05-13,264,12004,12268
406,2016-05-14,73,7089,7162
406,2016-05-15,32,4712,4744
406,2016-05-16,35,3966,4001
406,2016-05-17,177,9630,9807
406,2016-05-18,186,9669,9855
406,2016-05-20,180,9903,10083
406,2016-05-21,100,6697,6797
406,2016-05-22,34,4246,4280
406,2016-05-23,200,10106,10306
406,2016-05-24,218,10881,11099
406,2016-05-25,218,11108,11326
406,2016-05-27,195,11276,11471
406,2016-05-28,90,7445,7535
406,2016-05-29,27,4643,4670
406,2016-05-30,158,8301,8459
406,2016-05-31,202,10935,11137
406,2016-06-01,202,10689,10891
406,2016-06-03,198,10742,10940
406,2016-06-04,79,6852,6931
406,2016-06-05,37,4736,4773
406,2016-06-06,219,10146,10365
406,2016-06-07,196,10505,10701
406,2016-06-08,178,10777,10955
406,2016-06-10,200,10987,11187
406,2016-06-11,67,7055,7122
406,2016-06-12,18,5466,5484
406,2016-06-13,173,9693,9866
406,2016-06-14,188,10641,10829
406,2016-06-15,173,10274,10447
406,2016-06-17,226,10668,10894
406,2016-06-18,74,7250,7324
406,2016-06-19,27,4880,4907
406,2016-06-20,196,9756,9952
406,2016-06-21,203,10043,10246
406,2016-06-22,180,10237,10417
406,2016-06-24,181,8026,8207
406,2016-06-25,67,6138,6205
406,2016-06-26,38,5334,5372
406,2016-06-27,187,10116,10303
406,2016-06-28,185,10703,10888
406,2016-06-29,209,10732,10941
406,2016-07-01,208,10970,11178
406,2016-07-02,49,7506,7555
406,2016-07-03,29,5425,5454
406,2016-07-04,179,9871,10050
406,2016-07-05,200,11035,11235
406,2016-07-06,210,10845,11055
406,2016-07-08,195,11112,11307
406,2016-07-09,80,7789,7869
406,2016-07-10,31,5347,5378
406,2016-07-11,213,10337,10550
406,2016-07-12,232,11154,11386
406,2016-07-13,181,10381,10562
406,2016-07-15,191,10875,11066
406,2016-07-16,66,7080,7146
406,2016-07-17,12,3678,3690
406,2016-07-18,192,9399,9591
406,2016-07-19,202,9592,9794
406,2016-07-20,173,9543,9716
406,2016-07-22,166,9483,9649
406,2016-07-23,63,6943,7006
406,2016-07-24,26,5374,5400
406,2016-07-25,194,9083,9277
406,2016-07-26,171,9188,9359
406,2016-07-27,203,9725,9928
406,2016-07-29,146,8427,8573
406,2016-07-30,47,5721,5768
406,2016-07-31,21,4225,4246
406,2016-08-01,151,7485,7636
406,2016-08-02,128,7384,7512
406,2016-08-03,154,7249,7403
406,2016-08-05,146,7605,7751
406,2016-08-06,56,5400,5456
406,2016-08-07,35,4445,4480
406,2016-08-08,149,6720,6869
406,2016-08-09,181,7176,7357
406,2016-08-10,142,7292,7434
406,2016-08-12,160,7093,7253
406,2016-08-13,73,4704,4777
406,2016-08-14,64,3857,3921
406,2016-08-15,53,3352,3405
406,2016-08-16,172,6942,7114
406,2016-08-17,197,6974,7171
406,2016-08-19,142,6833,6975
406,2016-08-20,51,5240,5291
406,2016-08-21,21,3901,3922
406,2016-08-22,153,8180,8333
406,2016-08-23,187,8765,8952
406,2016-08-24,152,8351,8503
406,2016-08-26,163,8083,8246
406,2016-08-27,60,5299,5359
406,2016-08-28,32,4255,4287
406,2016-08-29,184,8510,8694
406,2016-08-30,180,8813,8993
406,2016-08-31,177,9065,9242
406,2016-09-02,180,9357,9537
406,2016-09-03,58,6486,6544
406,2016-09-04,27,5086,5113
406,2016-09-05,158,9542,9700
406,2016-09-06,179,9842,10021
406,2016-09-07,183,9947,10130
406,2016-09-09,172,10205,10377
406,2016-09-10,63,6361,6424
406,2016-09-11,22,4767,4789
406,2016-09-12,180,9554,9734
406,2016-09-13,193,10159,10352
406,2016-09-14,181,10145,10326
406,2016-09-16,207,10325,10532
406,2016-09-17,59,7210,7269
406,2016-09-18,17,4861,4878
406,2016-09-19,181,9954,10135
406,2016-09-20,200,10279,10479
406,2016-09-21,183,10702,10885
406,2016-09-23,213,10484,10697
406,2016-09-24,68,6998,7066
406,2016-09-25,27,5474,5501
406,2016-09-26,210,10251,10461
406,2016-09-27,204,10735,10939
406,2016-09-28,220,10851,11071
406,2016-09-30,199,11015,11214
406,2016-10-01,62,6548,6610
406,2016-10-02,20,4719,4739
406,2016-10-03,204,10384,10588
406,2016-10-04,241,11624,11865
406,2016-10-05,266,11146,11412
406,2016-10-07,208,11099,11307
406,2016-10-08,52,7190,7242
406,2016-10-09,30,5327,5357
406,2016-10-10,215,10340,10555
406,2016-10-11,196,10825,11021
406,2016-10-12,222,10952,11174
406,2016-10-14,223,11254,11477
406,2016-10-15,55,6650,6705
406,2016-10-16,33,4925,4958
406,2016-10-17,208,10165,10373
406,2016-10-18,215,10402,10617
406,2016-10-19,191,10406,10597
406,2016-10-21,198,10902,11100
406,2016-10-22,66,7165,7231
406,2016-10-23,28,5593,5621
406,2016-10-24,168,8951,9119
406,2016-10-25,156,10273,10429
406,2016-10-26,193,10815,11008
406,2016-10-28,207,10886,11093
406,2016-10-29,77,7619,7696
406,2016-10-30,24,4981,5005
406,2016-10-31,139,8040,8179
406,2016-11-01,12,4593,4605
406,2016-11-02,168,9757,9925
406,2016-11-04,214,9438,9652
406,2016-11-05,68,6235,6303
406,2016-11-06,20,3949,3969
406,2016-11-07,186,9946,10132
406,2016-11-08,208,10730,10938
406,2016-11-09,166,9942,10108
406,2016-11-11,187,10840,11027
406,2016-11-12,58,6954,7012
406,2016-11-13,16,4524,4540
406,2016-11-14,178,10044,10222
406,2016-11-15,181,9869,10050
406,2016-11-16,205,9944,10149
406,2016-11-18,185,9719,9904
406,2016-11-19,50,7101,7151
406,2016-11-20,22,4217,4239
406,2016-11-21,151,8412,8563
406,2016-11-22,183,10038,10221
406,2016-11-23,193,10135,10328
406,2016-11-25,186,11110,11296
406,2016-11-26,59,6987,7046
406,2016-11-27,16,5169,5185
406,2016-11-28,186,10259,10445
406,2016-11-29,230,10692,10922
406,2016-11-30,181,10774,10955
406,2016-12-02,180,10697,10877
406,2016-12-03,47,6758,6805
406,2016-12-04,22,5013,5035
406,2016-12-05,174,10146,10320
406,2016-12-06,170,10456,10626
406,2016-12-07,177,10583,10760
406,2016-12-09,172,10633,10805
406,2016-12-10,45,6857,6902
406,2016-12-11,14,4969,4983
406,2016-12-12,172,10042,10214
406,2016-12-13,180,10547,10727
406,2016-12-14,171,10334,10505
406,2016-12-16,194,10937,11131
406,2016-12-17,51,7070,7121
406,2016-12-18,19,5282,5301
406,2016-12-19,198,10385,10583
406,2016-12-20,187,10653,10840
406,2016-12-21,177,10304,10481
406,2016-12-23,145,8982,9127
406,2016-12-24,40,4479,4519
406,2016-12-25,9,3442,3451
406,2016-12-26,17,3071,3088
406,2016-12-27,80,6971,7051
406,2016-12-28,75,6554,6629
406,2016-12-30,71,6365,6436
406,2016-12-31,37,3954,3991
407,2016-01-01,130,3120,3250
407,2016-01-02,297,12491,12788
407,2016-01-03,117,7664,7781
407,2016-01-04,632,14371,15003
407,2016-01-06,574,14527,15101
407,2016-01-07,591,14353,14944
407,2016-01-08,638,15528,16166
407,2016-01-09,314,13303,13617
407,2016-01-10,143,4473,4616
407,2016-01-11,602,14216,14818
407,2016-01-13,684,14310,14994
407,2016-01-14,658,13965,14623
407,2016-01-15,573,12743,13316
407,2016-01-16,330,12271,12601
407,2016-01-17,127,4028,4155
407,2016-01-18,601,13880,14481
407,2016-01-20,638,14318,14956
407,2016-01-21,668,15091,15759
407,2016-01-22,705,14453,15158
407,2016-01-23,333,12819,13152
407,2016-01-24,126,4406,4532
407,2016-01-25,640,14603,15243
413,2016-01-01,100,4223,4323
413,2016-01-02,388,12577,12965
413,2016-01-03,106,8178,8284
413,2016-01-04,664,14618,15282
413,2016-01-06,641,15736,16377
413,2016-01-07,704,15500,16204
413,2016-01-08,750,16822,17572
413,2016-01-09,393,14344,14737
413,2016-01-10,92,6186,6278
413,2016-01-11,718,14624,15342
413,2016-01-13,778,15306,16084
413,2016-01-14,660,15214,15874
413,2016-01-15,543,14387,14930
413,2016-01-16,366,12934,13300
413,2016-01-17,100,5552,5652
413,2016-01-18,715,14817,15532
413,2016-01-20,727,15343,16070
413,2016-01-21,703,15824,16527
413,2016-01-22,770,15168,15938
413,2016-01-23,379,13608,13987
413,2016-01-24,100,5866,5966
413,2016-01-25,701,15262,15963
413,2016-05-03,764,17021,17785
413,2016-05-04,777,17480,18257
413,2016-05-05,85,6498,6583
413,2016-05-06,698,16730,17428
413,2016-05-07,397,13457,13854
413,2016-05-08,106,6813,6919
413,2016-05-09,749,15081,15830
413,2016-05-10,742,16523,17265
413,2016-05-11,751,16669,17420
413,2016-05-12,800,16964,17764
413,2016-05-13,724,17865,18589
413,2016-05-14,480,13353,13833
413,2016-05-15,139,5717,5856
413,2016-05-16,138,5119,5257
413,2016-05-17,693,14288,14981
413,2016-05-18,673,13778,14451
413,2016-05-19,686,14335,15021
413,2016-05-20,766,15153,15919
413,2016-05-21,433,12071,12504
413,2016-05-22,114,5882,5996
413,2016-05-23,810,16013,16823
413,2016-05-24,780,16735,17515
413,2016-05-25,834,16865,17699
413,2016-05-26,771,17357,18128
413,2016-05-27,724,17747,18471
413,2016-05-28,429,13952,14381
413,2016-05-29,111,6489,6600
413,2016-05-30,581,14980,15561
413,2016-05-31,744,17143,17887
413,2016-06-01,733,16548,17281
413,2016-06-02,694,17188,17882
413,2016-06-03,706,17062,17768
413,2016-06-04,388,14301,14689
413,2016-06-05,111,7351,7462
413,2016-06-06,768,15385,16153
413,2016-06-07,731,16333,17064
413,2016-06-08,756,15005,15761
413,2016-06-09,773,16917,17690
413,2016-06-10,855,17631,18486
413,2016-06-11,429,14926,15355
413,2016-06-12,113,6949,7062
413,2016-06-13,856,16155,17011
413,2016-06-14,804,15906,16710
413,2016-06-15,778,15651,16429
413,2016-06-16,816,16060,16876
413,2016-06-17,793,16662,17455
413,2016-06-18,452,14102,14554
413,2016-06-19,107,6739,6846
413,2016-06-20,775,15562,16337
413,2016-06-21,777,16752,17529
413,2016-06-22,782,16439,17221
413,2016-06-23,208,6292,6500
413,2016-06-24,679,16139,16818
413,2016-06-25,396,13551,13947
413,2016-06-26,134,9666,9800
413,2016-06-27,780,16223,17003
413,2016-06-28,752,16550,17302
413,2016-06-29,797,16412,17209
413,2016-06-30,841,17618,18459
413,2016-07-01,761,18356,19117
413,2016-07-02,449,15332,15781
413,2016-07-03,146,8678,8824
413,2016-07-04,751,16053,16804
413,2016-07-05,750,16188,16938
413,2016-07-06,767,15885,16652
413,2016-07-07,762,16288,17050
413,2016-07-08,818,17702,18520
413,2016-07-09,471,13979,14450
413,2016-07-10,165,7334,7499
413,2016-07-11,736,15634,16370
413,2016-07-12,752,17086,17838
413,2016-07-13,646,15936,16582
413,2016-07-14,715,16453,17168
413,2016-07-15,770,17835,18605
413,2016-07-16,453,12795,13248
413,2016-07-17,157,6944,7101
413,2016-07-18,720,14216,14936
413,2016-07-19,698,14659,15357
413,2016-07-20,718,14513,15231
413,2016-07-21,658,16263,16921
413,2016-07-22,719,15369,16088
413,2016-07-23,402,12133,12535
413,2016-07-24,119,6085,6204
413,2016-07-25,673,14085,14758
413,2016-07-26,695,14705,15400
413,2016-07-27,689,14517,15206
413,2016-07-28,685,14876,15561
413,2016-07-29,635,15294,15929
413,2016-07-30,406,11121,11527
413,2016-07-31,132,5586,5718
413,2016-08-01,617,12560,13177
413,2016-08-02,604,13669,14273
413,2016-08-03,582,13093,13675
413,2016-08-04,614,13237,13851
413,2016-08-05,633,13612,14245
413,2016-08-06,416,10772,11188
413,2016-08-07,129,5920,6049
413,2016-08-08,562,11753,12315
413,2016-08-09,595,12325,12920
413,2016-08-10,596,12180,12776
413,2016-08-11,600,12745,13345
413,2016-08-12,607,12946,13553
413,2016-08-13,456,10122,10578
413,2016-08-14,169,5089,5258
413,2016-08-15,134,4750,4884
413,2016-08-16,603,12200,12803
413,2016-08-17,588,12136,12724
413,2016-08-18,559,12481,13040
413,2016-08-19,636,14102,14738
413,2016-08-20,435,10565,11000
413,2016-08-21,177,5203,5380
413,2016-08-22,691,12118,12809
413,2016-08-23,723,12510,13233
413,2016-08-24,695,12858,13553
413,2016-08-25,711,14236,14947
413,2016-08-26,695,14493,15188
413,2016-08-27,417,11256,11673
413,2016-08-28,180,6264,6444
413,2016-08-29,762,13849,14611
413,2016-08-30,798,13856,14654
413,2016-08-31,758,14068,14826
413,2016-09-01,746,14770,15516
413,2016-09-02,784,15953,16737
413,2016-09-03,432,12195,12627
413,2016-09-04,162,10069,10231
413,2016-09-05,705,14910,15615
413,2016-09-06,742,15081,15823
413,2016-09-07,820,15952,16772
413,2016-09-08,793,15324,16117
413,2016-09-09,759,16025,16784
413,2016-09-10,445,11899,12344
413,2016-09-11,160,6211,6371
413,2016-09-12,732,15231,15963
413,2016-09-13,782,15968,16750
413,2016-09-14,663,15963,16626
413,2016-09-15,724,16170,16894
413,2016-09-16,720,17460,18180
413,2016-09-17,393,13894,14287
413,2016-09-18,101,6642,6743
413,2016-09-19,718,15632,16350
413,2016-09-20,733,16527,17260
413,2016-09-21,765,16190,16955
413,2016-09-22,765,16727,17492
413,2016-09-23,775,18303,19078
413,2016-09-24,466,16740,17206
413,2016-09-25,132,9181,9313
413,2016-09-26,760,15629,16389
413,2016-09-27,771,16655,17426
413,2016-09-28,729,15943,16672
413,2016-09-29,726,16559,17285
413,2016-09-30,723,17877,18600
413,2016-10-01,348,15313,15661
413,2016-10-02,100,7195,7295
413,2016-10-03,718,16107,16825
413,2016-10-04,777,16995,17772
413,2016-10-05,794,15994,16788
413,2016-10-06,782,16390,17172
413,2016-10-07,765,17759,18524
413,2016-10-08,450,14571,15021
413,2016-10-09,143,7730,7873
413,2016-10-10,790,15777,16567
413,2016-10-11,815,16834,17649
413,2016-10-12,757,16240,16997
413,2016-10-13,814,17266,18080
413,2016-10-14,768,18042,18810
413,2016-10-15,399,14398,14797
413,2016-10-16,96,6873,6969
413,2016-10-17,748,15220,15968
413,2016-10-18,730,16760,17490
413,2016-10-19,743,16219,16962
413,2016-10-20,719,16325,17044
413,2016-10-21,755,18502,19257
413,2016-10-22,421,15274,15695
413,2016-10-23,103,9565,9668
413,2016-10-24,587,14900,15487
413,2016-10-25,706,16640,17346
413,2016-10-26,777,16133,16910
413,2016-10-27,766,16978,17744
413,2016-10-28,733,17195,17928
413,2016-10-29,457,12826,13283
413,2016-10-30,125,6274,6399
413,2016-11-01,104,6035,6139
413,2016-11-02,670,15266,15936
413,2016-11-03,713,15264,15977
413,2016-11-04,731,16018,16749
413,2016-11-05,364,12819,13183
413,2016-11-06,92,5690,5782
413,2016-11-07,701,15121,15822
413,2016-11-08,740,16330,17070
413,2016-11-09,688,15575,16263
413,2016-11-10,732,15783,16515
413,2016-11-11,675,18777,19452
413,2016-11-12,395,14860,15255
413,2016-11-13,96,6363,6459
413,2016-11-14,722,15675,16397
413,2016-11-15,708,16021,16729
413,2016-11-16,662,15307,15969
413,2016-11-17,694,16031,16725
413,2016-11-18,740,17134,17874
413,2016-11-19,403,14606,15009
413,2016-11-20,101,6181,6282
413,2016-11-21,633,15247,15880
413,2016-11-22,758,16052,16810
413,2016-11-23,709,16003,16712
413,2016-11-24,738,16476,17214
413,2016-11-25,716,18109,18825
413,2016-11-26,405,14252,14657
413,2016-11-27,101,9565,9666
413,2016-11-28,776,15628,16404
413,2016-11-29,797,17141,17938
413,2016-11-30,754,16359,17113
413,2016-12-01,777,16144,16921
413,2016-12-02,785,17492,18277
413,2016-12-03,420,14495,14915
413,2016-12-04,122,9325,9447
413,2016-12-05,765,15892,16657
413,2016-12-07,767,16295,17062
413,2016-12-08,747,16475,17222
413,2016-12-09,773,16910,17683
413,2016-12-10,421,14320,14741
413,2016-12-11,81,9302,9383
413,2016-12-12,661,15874,16535
413,2016-12-13,691,16800,17491
413,2016-12-14,705,16734,17439
413,2016-12-15,730,17443,18173
413,2016-12-16,726,18162,18888
413,2016-12-17,394,15317,15711
413,2016-12-18,97,10427,10524
413,2016-12-19,738,17011,17749
413,2016-12-20,759,18062,18821
413,2016-12-21,720,17238,17958
413,2016-12-22,645,18097,18742
413,2016-12-23,650,17784,18434
413,2016-12-24,312,11191,11503
413,2016-12-25,95,4321,4416
413,2016-12-26,105,4759,4864
413,2016-12-27,550,13668,14218
413,2016-12-28,546,13116,13662
413,2016-12-29,523,12957,13480
413,2016-12-30,533,14212,14745
413,2016-12-31,364,9921,10285
414,2016-01-01,57,2692,2749
414,2016-01-02,186,3710,3896
414,2016-01-03,66,3010,3076
414,2016-01-04,404,5832,6236
414,2016-01-05,557,6522,7079
414,2016-01-06,531,6324,6855
414,2016-01-08,556,6898,7454
414,2016-01-09,238,4797,5035
414,2016-01-10,74,3358,3432
414,2016-01-11,612,6702,7314
414,2016-01-12,671,7135,7806
414,2016-01-13,757,6920,7677
414,2016-01-15,350,5658,6008
414,2016-01-16,204,4096,4300
414,2016-01-17,45,3048,3093
414,2016-01-18,589,6711,7300
414,2016-01-19,558,6886,7444
414,2016-01-20,515,6815,7330
414,2016-01-22,561,6514,7075
414,2016-01-23,215,4497,4712
414,2016-01-24,50,3273,3323
414,2016-01-25,677,6819,7496
414,2016-01-26,678,7165,7843
414,2016-01-27,786,7375,8161
414,2016-01-28,753,7792,8545
414,2016-01-29,785,7632,8417
414,2016-01-30,198,4960,5158
414,2016-01-31,55,3512,3567
414,2016-02-01,673,6997,7670
414,2016-02-02,735,7023,7758
414,2016-02-03,736,7081,7817
414,2016-02-05,618,6744,7362
414,2016-02-06,246,4519,4765
414,2016-02-07,61,3110,3171
414,2016-02-08,440,5386,5826
414,2016-02-10,567,6742,7309
414,2016-02-12,614,6419,7033
414,2016-02-13,204,4070,4274
414,2016-02-14,58,3245,3303
414,2016-02-15,690,6793,7483
414,2016-02-16,766,7154,7920
414,2016-02-17,759,7103,7862
414,2016-02-19,646,7390,8036
414,2016-02-20,236,4831,5067
414,2016-02-21,52,3355,3407
414,2016-02-22,648,6903,7551
414,2016-02-23,686,7424,8110
414,2016-02-24,752,7261,8013
414,2016-02-26,728,7435,8163
414,2016-02-27,304,5131,5435
414,2016-02-28,94,3771,3865
414,2016-02-29,698,7025,7723
414,2016-03-01,728,7055,7783
414,2016-03-02,748,7294,8042
414,2016-03-04,656,7052,7708
414,2016-03-05,271,5079,5350
414,2016-03-06,77,4088,4165
414,2016-03-07,702,7133,7835
414,2016-03-08,782,7292,8074
414,2016-03-09,800,7179,7979
414,2016-03-11,778,7576,8354
414,2016-03-12,308,5320,5628
414,2016-03-13,79,4369,4448
414,2016-03-14,752,7094,7846
414,2016-03-15,814,7286,8100
414,2016-03-16,742,7176,7918
414,2016-03-18,728,7598,8326
414,2016-03-19,324,5470,5794
414,2016-03-20,76,4060,4136
414,2016-03-21,756,7117,7873
414,2016-03-22,792,7337,8129
414,2016-03-23,824,7326,8150
414,2016-03-25,721,7500,8221
414,2016-03-26,305,4677,4982
414,2016-03-28,146,3468,3614
414,2016-03-29,757,6435,7192
414,2016-03-30,672,6628,7300
414,2016-04-02,303,4369,4672
414,2016-04-03,97,3569,3666
414,2016-04-04,706,6739,7445
414,2016-04-05,706,6890,7596
414,2016-04-06,784,6987,7771
414,2016-04-08,694,7033,7727
414,2016-04-09,286,4948,5234
414,2016-04-10,64,4120,4184
414,2016-04-11,697,7145,7842
414,2016-04-12,646,7338,7984
414,2016-04-13,656,7016,7672
414,2016-04-15,626,7829,8455
414,2016-04-16,259,5546,5805
414,2016-04-17,68,4293,4361
414,2016-04-18,689,7303,7992
414,2016-04-19,774,7795,8569
414,2016-04-20,705,7637,8342
414,2016-04-21,693,7729,8422
414,2016-04-22,749,8001,8750
414,2016-04-23,258,5410,5668
414,2016-04-24,106,3856,3962
414,2016-04-25,684,7287,7971
414,2016-04-26,777,7601,8378
414,2016-04-27,746,7353,8099
414,2016-04-28,753,7643,8396
414,2016-04-29,791,7852,8643
414,2016-04-30,322,6404,6726
414,2016-05-01,70,3810,3880
414,2016-05-02,717,7330,8047
414,2016-05-03,776,7798,8574
414,2016-05-04,820,8098,8918
414,2016-05-06,605,6673,7278
414,2016-05-07,291,5233,5524
414,2016-05-08,160,4653,4813
414,2016-05-09,678,7142,7820
414,2016-05-10,694,7590,8284
414,2016-05-11,824,7559,8383
414,2016-05-13,714,7634,8348
414,2016-05-14,345,5104,5449
414,2016-05-15,79,3493,3572
414,2016-05-16,72,3091,3163
414,2016-05-17,723,6753,7476
414,2016-05-18,797,6687,7484
414,2016-05-20,703,6968,7671
414,2016-05-21,308,5321,5629
414,2016-05-22,122,3941,4063
414,2016-05-23,717,7342,8059
414,2016-05-24,808,7559,8367
414,2016-05-25,874,7573,8447
414,2016-05-27,748,7616,8364
414,2016-05-28,317,5457,5774
414,2016-05-29,66,3720,3786
414,2016-05-30,660,7194,7854
414,2016-05-31,796,7803,8599
414,2016-06-01,776,7372,8148
414,2016-06-03,740,7678,8418
414,2016-06-04,284,5256,5540
414,2016-06-05,76,4170,4246
414,2016-06-06,700,7294,7994
414,2016-06-07,674,7578,8252
414,2016-06-08,670,7320,7990
414,2016-06-10,696,7932,8628
414,2016-06-11,268,5284,5552
414,2016-06-12,68,4241,4309
414,2016-06-13,618,8818,9436
414,2016-06-14,678,8668,9346
414,2016-06-15,678,7566,8244
414,2016-06-17,851,8112,8963
414,2016-06-18,351,5517,5868
414,2016-06-19,89,4316,4405
414,2016-06-20,726,7330,8056
414,2016-06-21,840,8144,8984
414,2016-06-22,789,7474,8263
414,2016-06-24,546,6174,6720
414,2016-06-25,260,5086,5346
414,2016-06-26,64,3642,3706
414,2016-06-27,700,7212,7912
414,2016-06-28,751,7748,8499
414,2016-06-29,795,7764,8559
414,2016-07-01,779,7731,8510
414,2016-07-02,274,5955,6229
414,2016-07-03,101,4760,4861
414,2016-07-04,730,7343,8073
414,2016-07-05,789,7809,8598
414,2016-07-06,807,7757,8564
414,2016-07-08,664,8026,8690
414,2016-07-09,333,5835,6168
414,2016-07-10,122,4291,4413
414,2016-07-11,774,7536,8310
414,2016-07-12,860,7970,8830
414,2016-07-13,755,7749,8504
414,2016-07-15,795,8022,8817
414,2016-07-16,314,5202,5516
414,2016-07-17,92,3852,3944
414,2016-07-18,774,6968,7742
414,2016-07-19,738,7358,8096
414,2016-07-20,701,7074,7775
414,2016-07-22,658,6990,7648
414,2016-07-23,272,5186,5458
414,2016-07-24,84,3857,3941
414,2016-07-25,676,6617,7293
414,2016-07-26,594,6594,7188
414,2016-07-27,796,6838,7634
414,2016-07-29,585,6323,6908
414,2016-07-30,253,4375,4628
414,2016-07-31,88,3209,3297
414,2016-08-01,497,5684,6181
414,2016-08-02,468,5996,6464
414,2016-08-03,494,5733,6227
414,2016-08-05,478,5916,6394
414,2016-08-06,288,4597,4885
414,2016-08-07,113,4119,4232
414,2016-08-08,474,5438,5912
414,2016-08-09,516,5727,6243
414,2016-08-10,483,5569,6052
414,2016-08-12,500,5553,6053
414,2016-08-13,267,4108,4375
414,2016-08-14,141,3591,3732
414,2016-08-15,129,3028,3157
414,2016-08-16,529,5394,5923
414,2016-08-17,495,5444,5939
414,2016-08-19,490,6016,6506
414,2016-08-20,277,4120,4397
414,2016-08-21,97,3298,3395
414,2016-08-22,525,5986,6511
414,2016-08-23,652,6298,6950
414,2016-08-24,580,6351,6931
414,2016-08-26,562,6672,7234
414,2016-08-27,290,4366,4656
414,2016-08-28,114,3648,3762
414,2016-08-29,611,6256,6867
414,2016-08-30,677,6527,7204
414,2016-08-31,685,6745,7430
414,2016-09-02,623,6672,7295
414,2016-09-03,263,4366,4629
414,2016-09-04,95,3506,3601
414,2016-09-05,616,6386,7002
414,2016-09-06,642,6614,7256
414,2016-09-07,700,6698,7398
414,2016-09-09,738,6882,7620
414,2016-09-10,319,4849,5168
414,2016-09-11,96,3910,4006
414,2016-09-12,710,6925,7635
414,2016-09-13,707,7385,8092
414,2016-09-14,754,7392,8146
414,2016-09-16,724,7603,8327
414,2016-09-17,260,5228,5488
414,2016-09-18,80,4292,4372
414,2016-09-19,689,6981,7670
414,2016-09-20,703,7434,8137
414,2016-09-21,776,7515,8291
414,2016-09-23,830,7599,8429
414,2016-09-24,300,5505,5805
414,2016-09-25,86,4572,4658
414,2016-09-26,764,7198,7962
414,2016-09-27,826,7560,8386
414,2016-09-28,795,7393,8188
414,2016-09-30,772,7853,8625
414,2016-10-01,272,5406,5678
414,2016-10-02,70,4243,4313
414,2016-10-03,683,7401,8084
414,2016-10-04,773,7695,8468
414,2016-10-05,848,7624,8472
414,2016-10-07,786,7815,8601
414,2016-10-08,259,5559,5818
414,2016-10-09,102,4455,4557
414,2016-10-10,789,7495,8284
414,2016-10-11,708,7643,8351
414,2016-10-12,819,7212,8031
414,2016-10-14,804,7808,8612
414,2016-10-15,249,5182,5431
414,2016-10-16,80,4285,4365
414,2016-10-17,727,7283,8010
414,2016-10-18,794,7613,8407
414,2016-10-19,715,7031,7746
414,2016-10-21,722,7780,8502
414,2016-10-22,263,5352,5615
414,2016-10-23,78,4022,4100
414,2016-10-24,584,7020,7604
414,2016-10-25,719,7572,8291
414,2016-10-26,716,7621,8337
414,2016-10-28,725,7693,8418
414,2016-10-29,321,5398,5719
414,2016-10-30,80,4291,4371
414,2016-10-31,495,5906,6401
414,2016-11-01,57,3737,3794
414,2016-11-02,638,8111,8749
414,2016-11-04,592,8176,8768
414,2016-11-05,219,5083,5302
414,2016-11-06,69,3335,3404
414,2016-11-07,660,7012,7672
414,2016-11-08,746,7771,8517
414,2016-11-09,670,7545,8215
414,2016-11-11,677,7982,8659
414,2016-11-12,302,5236,5538
414,2016-11-13,64,3956,4020
414,2016-11-14,734,7379,8113
414,2016-11-15,670,7582,8252
414,2016-11-16,705,7493,8198
414,2016-11-18,626,8038,8664
414,2016-11-19,251,5232,5483
414,2016-11-20,75,3700,3775
414,2016-11-21,498,6896,7394
414,2016-11-22,642,7376,8018
414,2016-11-23,634,7760,8394
414,2016-11-25,713,7979,8692
414,2016-11-26,268,5399,5667
414,2016-11-27,61,3764,3825
414,2016-11-28,623,7215,7838
414,2016-11-29,748,7656,8404
414,2016-11-30,703,7514,8217
414,2016-12-02,724,7926,8650
414,2016-12-03,254,5002,5256
414,2016-12-04,73,4137,4210
414,2016-12-05,649,7156,7805
414,2016-12-06,714,7248,7962
414,2016-12-07,720,7424,8144
414,2016-12-09,709,7615,8324
414,2016-12-10,282,5047,5329
414,2016-12-11,60,3845,3905
414,2016-12-12,691,7028,7719
414,2016-12-13,696,7528,8224
414,2016-12-14,732,7338,8070
414,2016-12-16,742,7609,8351
414,2016-12-17,259,4866,5125
414,2016-12-18,68,3539,3607
414,2016-12-19,718,7140,7858
414,2016-12-20,744,7319,8063
414,2016-12-21,691,7102,7793
414,2016-12-23,574,6493,7067
414,2016-12-24,182,3824,4006
414,2016-12-25,40,3007,3047
414,2016-12-26,54,2691,2745
414,2016-12-27,350,5427,5777
414,2016-12-28,325,5034,5359
414,2016-12-30,338,4821,5159
414,2016-12-31,202,3431,3633
415,2016-01-01,6,3799,3805
415,2016-01-02,40,6534,6574
415,2016-01-03,16,5244,5260
415,2016-01-04,156,10185,10341
415,2016-01-05,168,11060,11228
415,2016-01-06,172,11188,11360
415,2016-01-08,248,11801,12049
415,2016-01-09,59,8916,8975
415,2016-01-10,12,5749,5761
415,2016-01-11,278,12052,12330
415,2016-01-12,338,12938,13276
415,2016-01-13,379,12108,12487
415,2016-01-15,174,8905,9079
415,2016-01-16,63,8207,8270
415,2016-01-17,18,5570,5588
415,2016-01-18,276,11182,11458
415,2016-01-19,290,11904,12194
415,2016-01-20,264,11660,11924
415,2016-01-22,240,10774,11014
415,2016-01-23,65,9184,9249
415,2016-01-24,19,6204,6223
415,2016-01-25,276,11506,11782
415,2016-01-26,283,12318,12601
415,2016-01-27,297,12298,12595
415,2016-01-28,276,12857,13133
415,2016-01-29,294,12541,12835
415,2016-01-30,60,9416,9476
415,2016-01-31,21,6310,6331
415,2016-02-01,271,11776,12047
415,2016-02-02,305,12211,12516
415,2016-02-03,356,12712,13068
415,2016-02-05,282,12131,12413
415,2016-02-06,74,8553,8627
415,2016-02-07,21,5361,5382
415,2016-02-08,186,8994,9180
415,2016-02-09,202,9996,10198
415,2016-02-10,253,10249,10502
415,2016-02-12,257,10365,10622
415,2016-02-13,50,7497,7547
415,2016-02-14,16,5630,5646
415,2016-02-15,282,11436,11718
415,2016-02-16,313,12854,13167
415,2016-02-17,282,12201,12483
415,2016-02-19,277,12282,12559
415,2016-02-20,58,9028,9086
415,2016-02-21,16,6047,6063
415,2016-02-22,298,12064,12362
415,2016-02-23,358,12794,13152
415,2016-02-24,312,12243,12555
415,2016-02-26,345,12530,12875
415,2016-02-27,98,9818,9916
415,2016-02-28,20,6528,6548
415,2016-02-29,321,12091,12412
415,2016-03-01,341,12249,12590
415,2016-03-02,338,12308,12646
415,2016-03-04,251,12042,12293
415,2016-03-05,61,9406,9467
415,2016-03-06,18,5830,5848
415,2016-03-07,273,11705,11978
415,2016-03-08,351,12762,13113
415,2016-03-09,326,12290,12616
415,2016-03-11,320,12615,12935
415,2016-03-12,127,9870,9997
415,2016-03-13,32,6613,6645
415,2016-03-14,294,11887,12181
415,2016-03-15,332,12659,12991
415,2016-03-16,338,12341,12679
415,2016-03-18,348,12953,13301
415,2016-03-19,85,9825,9910
415,2016-03-20,31,6603,6634
415,2016-03-21,322,11716,12038
415,2016-03-22,327,12316,12643
415,2016-03-23,330,12362,12692
415,2016-03-25,243,12387,12630
415,2016-03-26,83,8062,8145
415,2016-03-28,18,3926,3944
415,2016-03-29,266,10744,11010
415,2016-03-30,265,10904,11169
415,2016-04-02,84,8172,8256
415,2016-04-03,14,5511,5525
415,2016-04-04,317,10725,11042
415,2016-04-05,276,11317,11593
415,2016-04-06,390,11590,11980
415,2016-04-08,320,11957,12277
415,2016-04-09,95,9162,9257
415,2016-04-10,37,6760,6797
415,2016-04-11,389,12075,12464
415,2016-04-12,351,13113,13464
415,2016-04-13,303,12719,13022
415,2016-04-15,402,13342,13744
415,2016-04-16,130,10388,10518
415,2016-04-17,26,7065,7091
415,2016-04-18,329,12191,12520
415,2016-04-19,331,13072,13403
415,2016-04-20,336,12952,13288
415,2016-04-22,360,13019,13379
415,2016-04-23,108,9992,10100
415,2016-04-24,14,6124,6138
415,2016-04-25,338,12470,12808
415,2016-04-26,360,13526,13886
415,2016-04-27,404,13028,13432
415,2016-04-29,310,13286,13596
415,2016-04-30,106,10300,10406
415,2016-05-01,10,6118,6128
415,2016-05-02,301,12105,12406
415,2016-05-03,398,14132,14530
415,2016-05-04,365,13442,13807
415,2016-05-06,234,11650,11884
415,2016-05-07,95,9436,9531
415,2016-05-08,31,6502,6533
415,2016-05-09,347,12353,12700
415,2016-05-10,291,12902,13193
415,2016-05-11,348,12930,13278
415,2016-05-13,428,14056,14484
415,2016-05-14,82,8994,9076
415,2016-05-15,19,5446,5465
415,2016-05-16,14,4854,4868
415,2016-05-17,341,11420,11761
415,2016-05-18,339,11056,11395
415,2016-05-20,321,11236,11557
415,2016-05-21,103,8640,8743
415,2016-05-22,16,5648,5664
415,2016-05-23,327,12316,12643
415,2016-05-24,335,13365,13700
415,2016-05-25,349,13093,13442
415,2016-05-27,430,14602,15032
415,2016-05-28,96,10407,10503
415,2016-05-29,33,6382,6415
415,2016-05-30,328,12770,13098
415,2016-05-31,285,13436,13721
415,2016-06-01,474,13958,14432
415,2016-06-03,330,14354,14684
415,2016-06-04,82,9952,10034
415,2016-06-05,8,6974,6982
415,2016-06-06,306,12276,12582
415,2016-06-07,388,14078,14466
415,2016-06-08,292,13542,13834
415,2016-06-10,332,13483,13815
415,2016-06-11,104,9980,10084
415,2016-06-12,12,6702,6714
415,2016-06-13,296,12736,13032
415,2016-06-14,314,13752,14066
415,2016-06-15,268,13190,13458
415,2016-06-17,354,12598,12952
415,2016-06-18,96,9675,9771
415,2016-06-19,28,6360,6388
415,2016-06-20,329,12263,12592
415,2016-06-21,300,12880,13180
415,2016-06-22,312,12886,13198
415,2016-06-24,255,11285,11540
415,2016-06-25,92,8546,8638
415,2016-06-26,18,6694,6712
415,2016-06-27,347,11901,12248
415,2016-06-28,340,14776,15116
415,2016-06-29,304,13343,13647
415,2016-07-01,330,13074,13404
415,2016-07-02,81,9580,9661
415,2016-07-03,38,6871,6909
415,2016-07-04,286,11877,12163
415,2016-07-05,255,12821,13076
415,2016-07-06,337,12689,13026
415,2016-07-08,366,13117,13483
415,2016-07-09,94,9364,9458
415,2016-07-10,25,6810,6835
415,2016-07-11,329,12212,12541
415,2016-07-12,322,12964,13286
415,2016-07-13,390,12940,13330
415,2016-07-15,284,12854,13138
415,2016-07-16,85,8779,8864
415,2016-07-17,48,6873,6921
415,2016-07-18,305,11068,11373
415,2016-07-19,248,11164,11412
415,2016-07-20,273,11872,12145
415,2016-07-22,308,11704,12012
415,2016-07-23,112,9226,9338
415,2016-07-24,39,6797,6836
415,2016-07-25,270,10686,10956
415,2016-07-26,234,11568,11802
415,2016-07-27,288,11612,11900
415,2016-07-29,199,10584,10783
415,2016-07-30,67,7576,7643
415,2016-07-31,18,5396,5414
415,2016-08-01,179,9065,9244
415,2016-08-02,150,9744,9894
415,2016-08-03,159,9624,9783
415,2016-08-05,176,9480,9656
415,2016-08-06,63,6977,7040
415,2016-08-07,32,5267,5299
415,2016-08-08,160,8282,8442
415,2016-08-09,153,9012,9165
415,2016-08-10,187,8960,9147
415,2016-08-12,147,8783,8930
415,2016-08-13,63,6264,6327
415,2016-08-14,19,4561,4580
415,2016-08-15,21,4355,4376
415,2016-08-16,167,9446,9613
415,2016-08-17,175,9089,9264
415,2016-08-19,161,8968,9129
415,2016-08-20,49,6775,6824
415,2016-08-21,27,4889,4916
415,2016-08-22,209,9295,9504
415,2016-08-23,200,9955,10155
415,2016-08-24,227,10026,10253
415,2016-08-26,212,9975,10187
415,2016-08-27,48,6078,6126
415,2016-08-28,23,4448,4471
415,2016-08-29,278,9947,10225
415,2016-08-30,247,10678,10925
415,2016-08-31,248,10751,10999
415,2016-09-02,273,11260,11533
415,2016-09-03,83,7956,8039
415,2016-09-04,16,5664,5680
415,2016-09-05,278,10799,11077
415,2016-09-06,250,11606,11856
415,2016-09-07,278,11616,11894
415,2016-09-09,322,11933,12255
415,2016-09-10,90,8931,9021
415,2016-09-11,23,6143,6166
415,2016-09-12,298,11817,12115
415,2016-09-13,314,12998,13312
415,2016-09-14,323,14585,14908
415,2016-09-16,302,12855,13157
415,2016-09-17,115,9831,9946
415,2016-09-18,19,6348,6367
415,2016-09-19,331,12348,12679
415,2016-09-20,275,13003,13278
415,2016-09-21,286,12990,13276
415,2016-09-23,335,13003,13338
415,2016-09-24,107,9613,9720
415,2016-09-25,39,6707,6746
415,2016-09-26,343,12353,12696
415,2016-09-27,344,13045,13389
415,2016-09-28,283,12983,13266
415,2016-09-30,331,13608,13939
415,2016-10-01,96,10524,10620
415,2016-10-02,16,7600,7616
415,2016-10-03,312,12800,13112
415,2016-10-04,361,14349,14710
415,2016-10-05,358,13269,13627
415,2016-10-07,329,13192,13521
415,2016-10-08,104,10200,10304
415,2016-10-09,27,6539,6566
415,2016-10-10,300,12393,12693
415,2016-10-11,331,13466,13797
415,2016-10-12,321,13346,13667
415,2016-10-14,361,13752,14113
415,2016-10-15,85,10092,10177
415,2016-10-16,30,6821,6851
415,2016-10-17,335,12689,13024
415,2016-10-18,378,14542,14920
415,2016-10-19,386,13564,13950
415,2016-10-21,336,14085,14421
415,2016-10-22,86,10330,10416
415,2016-10-23,29,6780,6809
415,2016-10-24,251,12061,12312
415,2016-10-25,309,13406,13715
415,2016-10-26,321,13860,14181
415,2016-10-28,347,14059,14406
415,2016-10-29,168,10497,10665
415,2016-10-30,29,6979,7008
415,2016-10-31,183,10806,10989
415,2016-11-01,20,6297,6317
415,2016-11-02,293,12361,12654
415,2016-11-04,272,12457,12729
415,2016-11-05,70,9081,9151
415,2016-11-06,28,5898,5926
415,2016-11-07,288,12827,13115
415,2016-11-08,299,13916,14215
415,2016-11-09,364,13506,13870
415,2016-11-11,315,13665,13980
415,2016-11-12,89,10938,11027
415,2016-11-13,23,6802,6825
415,2016-11-14,285,12810,13095
415,2016-11-15,237,13295,13532
415,2016-11-16,233,13388,13621
415,2016-11-18,378,14840,15218
415,2016-11-19,87,11136,11223
415,2016-11-20,12,6963,6975
415,2016-11-21,262,12435,12697
415,2016-11-22,305,13741,14046
415,2016-11-23,325,13103,13428
415,2016-11-25,332,13897,14229
415,2016-11-26,86,9851,9937
415,2016-11-27,22,6403,6425
415,2016-11-28,365,12708,13073
415,2016-11-29,402,13393,13795
415,2016-11-30,368,13150,13518
415,2016-12-02,303,13344,13647
415,2016-12-03,98,9926,10024
415,2016-12-04,13,6657,6670
415,2016-12-05,288,12544,12832
415,2016-12-06,317,13162,13479
415,2016-12-07,307,13101,13408
415,2016-12-09,346,13254,13600
415,2016-12-10,108,9806,9914
415,2016-12-11,25,6612,6637
415,2016-12-12,296,12467,12763
415,2016-12-13,277,13320,13597
415,2016-12-14,279,13183,13462
415,2016-12-16,299,13426,13725
415,2016-12-17,104,9751,9855
415,2016-12-18,17,6649,6666
415,2016-12-19,336,12503,12839
415,2016-12-20,317,13366,13683
415,2016-12-21,293,12597,12890
415,2016-12-23,156,11879,12035
415,2016-12-24,44,6645,6689
415,2016-12-25,13,4188,4201
415,2016-12-26,4,3848,3852
415,2016-12-27,120,8160,8280
415,2016-12-28,112,8328,8440
415,2016-12-30,116,8307,8423
415,2016-12-31,32,5715,5747
416,2016-01-01,15,5856,5871
416,2016-01-02,58,10338,10396
416,2016-01-03,18,8508,8526
416,2016-01-04,274,16370,16644
416,2016-01-05,296,16940,17236
416,2016-01-06,259,17345,17604
416,2016-01-08,343,18590,18933
416,2016-01-09,93,13181,13274
416,2016-01-10,24,8676,8700
416,2016-01-11,650,18180,18830
416,2016-01-12,416,20065,20481
416,2016-01-13,530,18747,19277
416,2016-01-15,301,13996,14297
416,2016-01-16,82,11686,11768
416,2016-01-17,19,7824,7843
416,2016-01-18,417,17387,17804
416,2016-01-19,421,18436,18857
416,2016-01-20,361,17956,18317
416,2016-01-22,492,16716,17208
416,2016-01-23,77,13337,13414
416,2016-01-24,41,9079,9120
416,2016-01-25,507,18363,18870
416,2016-01-26,524,19731,20255
416,2016-01-27,526,19601,20127
416,2016-01-28,530,20309,20839
416,2016-01-29,549,20557,21106
416,2016-01-30,178,14564,14742
416,2016-01-31,16,8955,8971
416,2016-02-01,551,18777,19328
416,2016-02-02,474,19283,19757
416,2016-02-03,538,19232,19770
416,2016-02-05,544,19897,20441
416,2016-02-06,130,12527,12657
416,2016-02-07,43,7863,7906
416,2016-02-08,546,14610,15156
416,2016-02-09,650,15734,16384
416,2016-02-10,440,16242,16682
416,2016-02-12,446,17082,17528
416,2016-02-13,142,12294,12436
416,2016-02-14,45,8468,8513
416,2016-02-15,484,18360,18844
416,2016-02-16,546,20014,20560
416,2016-02-17,570,19244,19814
416,2016-02-19,515,19933,20448
416,2016-02-20,126,14105,14231
416,2016-02-21,15,8795,8810
416,2016-02-22,445,18914,19359
416,2016-02-23,518,19706,20224
416,2016-02-24,523,19409,19932
416,2016-02-26,615,20471,21086
416,2016-02-27,157,14440,14597
416,2016-02-28,33,9369,9402
416,2016-02-29,543,19690,20233
416,2016-03-01,544,19812,20356
416,2016-03-02,553,19427,19980
416,2016-03-04,656,19136,19792
416,2016-03-05,124,14028,14152
416,2016-03-06,22,9171,9193
416,2016-03-07,501,19060,19561
416,2016-03-08,608,20424,21032
416,2016-03-09,608,20209,20817
416,2016-03-11,638,20782,21420
416,2016-03-12,165,14815,14980
416,2016-03-13,56,9918,9974
416,2016-03-14,576,19055,19631
416,2016-03-15,655,20492,21147
416,2016-03-16,655,20145,20800
416,2016-03-18,618,21004,21622
416,2016-03-19,145,14935,15080
416,2016-03-20,41,10340,10381
416,2016-03-21,572,18869,19441
416,2016-03-22,581,20091,20672
416,2016-03-23,630,20048,20678
416,2016-03-25,600,19971,20571
416,2016-03-26,128,12097,12225
416,2016-03-28,46,6586,6632
416,2016-03-29,647,18374,19021
416,2016-03-30,585,18147,18732
416,2016-04-02,157,12776,12933
416,2016-04-03,122,8829,8951
416,2016-04-04,577,17092,17669
416,2016-04-05,629,18012,18641
416,2016-04-06,625,18225,18850
416,2016-04-08,627,19733,20360
416,2016-04-09,164,13687,13851
416,2016-04-10,42,10215,10257
416,2016-04-11,638,19678,20316
416,2016-04-12,726,20862,21588
416,2016-04-13,636,20284,20920
416,2016-04-15,617,21537,22154
416,2016-04-16,161,14816,14977
416,2016-04-17,40,9435,9475
416,2016-04-18,636,19759,20395
416,2016-04-19,645,20999,21644
416,2016-04-20,600,21054,21654
416,2016-04-22,664,21601,22265
416,2016-04-23,157,15291,15448
416,2016-04-24,51,9603,9654
416,2016-04-25,529,19497,20026
416,2016-04-26,575,20984,21559
416,2016-04-27,599,20494,21093
416,2016-04-29,601,21706,22307
416,2016-04-30,245,16445,16690
416,2016-05-01,59,9307,9366
416,2016-05-02,618,19803,20421
416,2016-05-03,604,21534,22138
416,2016-05-04,682,21916,22598
416,2016-05-06,419,17620,18039
416,2016-05-07,165,13907,14072
416,2016-05-08,39,10292,10331
416,2016-05-09,655,19977,20632
416,2016-05-10,734,20834,21568
416,2016-05-11,632,20544,21176
416,2016-05-13,836,20428,21264
416,2016-05-14,200,13625,13825
416,2016-05-15,54,8019,8073
416,2016-05-16,60,7352,7412
416,2016-05-17,677,18873,19550
416,2016-05-18,698,18715,19413
416,2016-05-20,610,19314,19924
416,2016-05-21,181,13256,13437
416,2016-05-22,54,8736,8790
416,2016-05-23,629,19820,20449
416,2016-05-24,649,21410,22059
416,2016-05-25,661,20912,21573
416,2016-05-27,674,21500,22174
416,2016-05-28,148,16062,16210
416,2016-05-29,52,9580,9632
416,2016-05-30,586,19274,19860
416,2016-05-31,590,21557,22147
416,2016-06-01,719,21144,21863
416,2016-06-03,638,21240,21878
416,2016-06-18,201,14804,15005
416,2016-06-19,46,9556,9602
416,2016-06-20,683,19883,20566
416,2016-06-21,636,20439,21075
416,2016-06-22,670,20854,21524
416,2016-06-23,61,9383,9444
416,2016-06-25,182,13130,13312
416,2016-06-26,82,10668,10750
416,2016-06-27,690,19676,20366
416,2016-06-28,652,20935,21587
416,2016-06-29,602,20863,21465
416,2016-06-30,612,21310,21922
416,2016-07-02,160,14121,14281
416,2016-07-03,34,9364,9398
416,2016-07-04,657,19478,20135
416,2016-07-05,654,20815,21469
416,2016-07-06,689,20684,21373
416,2016-07-07,622,21820,22442
416,2016-07-09,204,15010,15214
416,2016-07-10,58,10313,10371
416,2016-07-11,703,19729,20432
416,2016-07-12,684,20735,21419
416,2016-07-13,674,20135,20809
416,2016-07-14,624,20783,21407
416,2016-07-16,200,14329,14529
416,2016-07-17,50,9583,9633
416,2016-07-18,663,18689,19352
416,2016-07-19,623,19557,20180
416,2016-07-20,605,19334,19939
416,2016-07-21,706,19834,20540
416,2016-07-23,470,15472,15942
416,2016-07-24,172,10703,10875
416,2016-07-25,677,18134,18811
416,2016-07-26,646,18630,19276
416,2016-07-27,573,19044,19617
416,2016-07-28,450,18515,18965
416,2016-07-30,93,11609,11702
416,2016-07-31,42,8287,8329
416,2016-08-01,322,14484,14806
416,2016-08-02,262,14951,15213
416,2016-08-03,259,15085,15344
416,2016-08-04,253,15049,15302
416,2016-08-06,120,10897,11017
416,2016-08-07,49,8226,8275
416,2016-08-08,248,13228,13476
416,2016-08-09,229,13905,14134
416,2016-08-10,295,14086,14381
416,2016-08-11,255,13987,14242
416,2016-08-13,104,9777,9881
416,2016-08-14,48,6983,7031
416,2016-08-15,48,6611,6659
416,2016-08-16,230,13755,13985
416,2016-08-17,323,13918,14241
416,2016-08-18,298,13852,14150
416,2016-08-20,98,10331,10429
416,2016-08-21,40,7403,7443
416,2016-08-22,393,15420,15813
416,2016-08-23,418,16233,16651
416,2016-08-24,454,16446,16900
416,2016-08-25,441,17503,17944
416,2016-08-27,67,2522,2589
416,2016-08-28,44,1828,1872
416,2016-08-29,519,16372,16891
416,2016-08-30,539,17274,17813
416,2016-08-31,608,17497,18105
416,2016-09-01,609,17740,18349
416,2016-09-03,175,12154,12329
416,2016-09-04,74,8885,8959
416,2016-09-05,578,17874,18452
416,2016-09-06,595,18981,19576
416,2016-09-07,614,18880,19494
416,2016-09-08,570,19937,20507
416,2016-09-10,159,13530,13689
416,2016-09-11,51,9409,9460
416,2016-09-12,689,19276,19965
416,2016-09-13,641,20472,21113
416,2016-09-14,670,19847,20517
416,2016-09-15,606,19983,20589
416,2016-09-17,188,15444,15632
416,2016-09-18,34,9508,9542
416,2016-09-19,616,19465,20081
416,2016-09-20,622,20289,20911
416,2016-09-21,657,20633,21290
416,2016-09-22,675,20982,21657
416,2016-09-24,195,13313,13508
416,2016-09-25,68,9678,9746
416,2016-09-26,613,19579,20192
416,2016-09-28,670,20751,21421
416,2016-09-29,675,21465,22140
416,2016-09-30,566,21822,22388
416,2016-10-01,196,15772,15968
416,2016-10-02,42,11220,11262
416,2016-10-03,628,20868,21496
416,2016-10-04,695,22723,23418
416,2016-10-05,685,21090,21775
416,2016-10-06,741,21764,22505
416,2016-10-07,647,21454,22101
416,2016-10-08,161,15272,15433
416,2016-10-09,36,10101,10137
416,2016-10-10,708,19912,20620
416,2016-10-12,745,21258,22003
416,2016-10-13,783,21924,22707
416,2016-10-14,812,22302,23114
416,2016-10-15,201,15390,15591
416,2016-10-16,45,10332,10377
416,2016-10-17,679,20066,20745
416,2016-10-19,598,20746,21344
416,2016-10-20,617,21460,22077
416,2016-10-21,708,21526,22234
416,2016-10-22,179,15518,15697
416,2016-10-23,32,10588,10620
416,2016-10-24,684,18968,19652
416,2016-10-26,635,20942,21577
416,2016-10-27,483,17522,18005
416,2016-10-28,659,21345,22004
416,2016-10-29,291,15342,15633
416,2016-10-30,38,9790,9828
416,2016-10-31,337,15462,15799
416,2016-11-02,599,19535,20134
416,2016-11-03,625,19988,20613
416,2016-11-04,678,19264,19942
416,2016-11-05,158,13778,13936
416,2016-11-06,23,8357,8380
416,2016-11-07,673,19859,20532
416,2016-11-09,779,20066,20845
416,2016-11-10,775,21470,22245
416,2016-11-11,694,21485,22179
416,2016-11-12,144,15537,15681
416,2016-11-13,40,9459,9499
416,2016-11-14,859,20137,20996
416,2016-11-16,626,20652,21278
416,2016-11-17,647,20759,21406
416,2016-11-18,920,20778,21698
416,2016-11-19,157,15867,16024
416,2016-11-20,46,9540,9586
416,2016-11-21,622,19396,20018
416,2016-11-23,752,20152,20904
416,2016-11-24,595,21524,22119
416,2016-11-25,690,21246,21936
416,2016-11-26,154,14667,14821
416,2016-11-27,39,10000,10039
416,2016-11-28,667,19828,20495
416,2016-11-30,748,20235,20983
416,2016-12-01,591,21217,21808
416,2016-12-02,596,21132,21728
416,2016-12-03,154,14729,14883
416,2016-12-04,37,9905,9942
416,2016-12-05,681,19932,20613
416,2016-12-07,594,20310,20904
416,2016-12-08,595,21321,21916
416,2016-12-09,624,21069,21693
416,2016-12-10,124,14569,14693
416,2016-12-11,38,10162,10200
416,2016-12-12,597,19704,20301
416,2016-12-14,630,20652,21282
416,2016-12-15,573,21506,22079
416,2016-12-16,512,21790,22302
416,2016-12-17,147,14731,14878
416,2016-12-18,40,10114,10154
416,2016-12-19,579,19961,20540
416,2016-12-21,479,20519,20998
416,2016-12-22,397,20117,20514
416,2016-12-23,265,18567,18832
416,2016-12-24,63,9948,10011
416,2016-12-25,10,6645,6655
416,2016-12-26,19,6145,6164
416,2016-12-28,153,12563,12716
416,2016-12-29,180,12559,12739
416,2016-12-30,157,12480,12637
416,2016-12-31,49,8350,8399
417,2016-01-01,11,1620,1631
417,2016-01-02,29,2221,2250
417,2016-01-03,29,1895,1924
417,2016-01-04,122,3664,3786
417,2016-01-05,134,3928,4062
417,2016-01-06,128,3908,4036
417,2016-01-08,154,4196,4350
417,2016-01-09,41,2749,2790
417,2016-01-10,14,1920,1934
417,2016-01-11,228,4196,4424
417,2016-01-12,185,4492,4677
417,2016-01-13,182,4667,4849
417,2016-01-15,107,3289,3396
417,2016-01-16,16,1659,1675
417,2016-01-17,4,1657,1661
417,2016-01-18,147,4032,4179
417,2016-01-19,168,4071,4239
417,2016-01-20,128,4079,4207
417,2016-01-22,142,3928,4070
417,2016-01-23,38,2636,2674
417,2016-01-24,5,1966,1971
417,2016-01-25,140,4253,4393
417,2016-01-26,153,4430,4583
417,2016-01-27,178,4414,4592
417,2016-01-29,158,4623,4781
417,2016-01-30,38,2904,2942
417,2016-01-31,12,2183,2195
417,2016-02-01,136,4268,4404
417,2016-02-02,222,4568,4790
417,2016-02-03,194,4519,4713
417,2016-02-05,150,4413,4563
417,2016-02-06,36,2683,2719
417,2016-02-07,39,2138,2177
417,2016-02-08,128,3250,3378
417,2016-02-09,152,5116,5268
417,2016-02-10,140,6479,6619
417,2016-02-12,122,4089,4211
417,2016-02-13,42,2451,2493
417,2016-02-14,8,1814,1822
417,2016-02-15,168,4208,4376
417,2016-02-16,174,4506,4680
417,2016-02-17,168,4524,4692
417,2016-02-19,144,4538,4682
417,2016-02-20,52,2760,2812
417,2016-02-21,10,1938,1948
417,2016-02-22,194,4362,4556
417,2016-02-23,141,4471,4612
417,2016-02-24,175,4564,4739
417,2016-02-26,150,4608,4758
417,2016-02-27,52,2989,3041
417,2016-02-28,35,2247,2282
417,2016-02-29,167,4334,4501
417,2016-03-02,210,4740,4950
417,2016-03-04,174,4505,4679
417,2016-03-05,40,3046,3086
417,2016-03-06,15,2495,2510
417,2016-03-07,151,4280,4431
417,2016-03-08,165,4457,4622
417,2016-03-09,160,4547,4707
417,2016-03-11,158,4647,4805
417,2016-03-12,39,3036,3075
417,2016-03-13,23,2501,2524
417,2016-03-14,143,4401,4544
417,2016-03-15,170,4652,4822
417,2016-03-16,153,4517,4670
417,2016-03-18,160,4770,4930
417,2016-03-19,48,3311,3359
417,2016-03-20,9,2497,2506
417,2016-03-21,160,4435,4595
417,2016-03-22,166,4672,4838
417,2016-03-23,178,4652,4830
417,2016-03-25,169,4622,4791
417,2016-03-26,56,2756,2812
417,2016-03-28,14,1958,1972
417,2016-03-29,192,4191,4383
417,2016-03-30,181,4285,4466
417,2016-04-02,65,2686,2751
417,2016-04-03,18,2161,2179
417,2016-04-04,194,4214,4408
417,2016-04-05,195,4305,4500
417,2016-04-06,221,4450,4671
417,2016-04-08,165,4508,4673
417,2016-04-09,53,3043,3096
417,2016-04-10,18,2522,2540
417,2016-04-11,86,4049,4135
417,2016-04-12,70,4212,4282
417,2016-04-13,53,4033,4086
417,2016-04-15,94,4516,4610
417,2016-04-16,54,3426,3480
417,2016-04-17,12,2585,2597
417,2016-04-18,139,4580,4719
417,2016-04-19,171,4797,4968
417,2016-04-20,172,4837,5009
417,2016-04-22,166,5007,5173
417,2016-04-23,38,3314,3352
417,2016-04-24,19,2508,2527
417,2016-04-25,198,4520,4718
417,2016-04-26,180,4734,4914
417,2016-04-27,210,4714,4924
417,2016-04-29,170,4935,5105
417,2016-04-30,78,3378,3456
417,2016-05-01,15,2354,2369
417,2016-05-02,131,4589,4720
417,2016-05-03,220,5198,5418
417,2016-05-04,183,5034,5217
417,2016-05-06,156,3980,4136
417,2016-05-07,89,3247,3336
417,2016-05-08,28,2685,2713
417,2016-05-09,157,4576,4733
417,2016-05-10,244,5188,5432
417,2016-05-11,185,4966,5151
417,2016-05-13,240,5120,5360
417,2016-05-14,55,3211,3266
417,2016-05-15,17,2132,2149
417,2016-05-16,17,1991,2008
417,2016-05-17,142,4429,4571
417,2016-05-18,138,4241,4379
417,2016-05-20,150,4530,4680
417,2016-05-21,65,3204,3269
417,2016-05-22,28,2248,2276
417,2016-05-23,161,4564,4725
417,2016-05-24,191,4870,5061
417,2016-05-25,191,4954,5145
417,2016-05-27,200,5228,5428
417,2016-05-28,70,3248,3318
417,2016-05-29,27,2276,2303
417,2016-05-30,168,4728,4896
417,2016-05-31,172,5026,5198
417,2016-06-01,250,5110,5360
417,2016-06-03,172,5163,5335
417,2016-06-04,56,3208,3264
417,2016-06-05,22,2504,2526
417,2016-06-06,169,4715,4884
417,2016-06-07,194,5136,5330
417,2016-06-08,198,5092,5290
417,2016-06-10,176,5124,5300
417,2016-06-11,62,3165,3227
417,2016-06-12,8,2770,2778
417,2016-06-13,168,4728,4896
417,2016-06-14,190,5144,5334
417,2016-06-15,190,5298,5488
417,2016-06-17,242,5276,5518
417,2016-06-18,77,3611,3688
417,2016-06-19,15,2375,2390
417,2016-06-20,218,7860,8078
417,2016-06-21,187,7849,8036
417,2016-06-22,160,4999,5159
417,2016-06-24,170,3728,3898
417,2016-06-25,56,2692,2748
417,2016-06-26,24,2572,2596
417,2016-06-27,155,4752,4907
417,2016-06-28,150,4983,5133
417,2016-06-29,172,4986,5158
417,2016-07-01,178,5203,5381
417,2016-07-02,42,3689,3731
417,2016-07-03,26,3124,3150
417,2016-07-04,144,4646,4790
417,2016-07-05,156,5253,5409
417,2016-07-06,176,5063,5239
417,2016-07-08,175,5525,5700
417,2016-07-09,69,3610,3679
417,2016-07-10,23,2808,2831
417,2016-07-11,175,4816,4991
417,2016-07-12,192,5153,5345
417,2016-07-13,170,5316,5486
417,2016-07-15,182,5107,5289
417,2016-07-16,53,3096,3149
417,2016-07-17,17,1606,1623
417,2016-07-18,136,4416,4552
417,2016-07-19,177,4579,4756
417,2016-07-20,164,4450,4614
417,2016-07-22,168,4832,5000
417,2016-07-23,46,3260,3306
417,2016-07-24,15,2895,2910
417,2016-07-25,174,4260,4434
417,2016-07-26,168,4378,4546
417,2016-07-27,175,4494,4669
417,2016-07-29,139,3893,4032
417,2016-07-30,37,2684,2721
417,2016-07-31,16,2035,2051
417,2016-08-01,120,3499,3619
417,2016-08-02,135,3689,3824
417,2016-08-03,122,3472,3594
417,2016-08-05,125,3650,3775
417,2016-08-06,47,2654,2701
417,2016-08-07,22,2369,2391
417,2016-08-08,110,3222,3332
417,2016-08-09,126,3523,3649
417,2016-08-10,127,3447,3574
417,2016-08-12,126,3363,3489
417,2016-08-13,61,2402,2463
417,2016-08-14,41,2280,2321
417,2016-08-15,39,1810,1849
417,2016-08-16,136,3283,3419
417,2016-08-17,138,3390,3528
417,2016-08-19,127,5467,5594
417,2016-08-20,46,2464,2510
417,2016-08-21,29,2352,2381
417,2016-08-22,128,3736,3864
417,2016-08-23,146,4104,4250
417,2016-08-24,135,4040,4175
417,2016-08-26,138,3996,4134
417,2016-08-27,52,2578,2630
417,2016-08-28,20,2276,2296
417,2016-08-29,160,4086,4246
417,2016-08-30,175,4148,4323
417,2016-08-31,153,4272,4425
417,2016-09-02,151,4284,4435
417,2016-09-03,48,2605,2653
417,2016-09-04,10,2106,2116
417,2016-09-05,127,4087,4214
417,2016-09-06,137,4441,4578
417,2016-09-07,151,4334,4485
417,2016-09-09,146,4637,4783
417,2016-09-10,52,2990,3042
417,2016-09-11,16,2458,2474
417,2016-09-12,193,4344,4537
417,2016-09-13,160,4898,5058
417,2016-09-14,177,4747,4924
417,2016-09-16,200,4743,4943
417,2016-09-17,48,3290,3338
417,2016-09-18,19,2499,2518
417,2016-09-19,153,4497,4650
417,2016-09-20,141,4676,4817
417,2016-09-21,154,4663,4817
417,2016-09-23,169,4839,5008
417,2016-09-24,55,3338,3393
417,2016-09-25,20,2829,2849
417,2016-09-26,164,4650,4814
417,2016-09-27,237,4711,4948
417,2016-09-28,170,4803,4973
417,2016-09-30,177,5012,5189
417,2016-10-01,50,3192,3242
417,2016-10-02,22,2482,2504
417,2016-10-03,165,4707,4872
417,2016-10-04,172,4830,5002
417,2016-10-05,205,4848,5053
417,2016-10-07,155,4954,5109
417,2016-10-08,46,3158,3204
417,2016-10-09,60,2682,2742
417,2016-10-10,289,4458,4747
417,2016-10-11,148,4801,4949
417,2016-10-12,174,4590,4764
417,2016-10-14,178,4921,5099
417,2016-10-15,38,2992,3030
417,2016-10-16,22,2609,2631
417,2016-10-17,169,4524,4693
417,2016-10-18,182,4825,5007
417,2016-10-19,186,4890,5076
417,2016-10-21,150,4751,4901
417,2016-10-22,46,3061,3107
417,2016-10-23,17,2474,2491
417,2016-10-24,148,4432,4580
417,2016-10-25,139,4727,4866
417,2016-10-26,158,4789,4947
417,2016-10-28,159,4940,5099
417,2016-10-29,60,3283,3343
417,2016-10-30,20,2505,2525
417,2016-10-31,131,3552,3683
417,2016-11-01,11,2190,2201
417,2016-11-02,143,5287,5430
417,2016-11-04,188,5109,5297
417,2016-11-05,54,2904,2958
417,2016-11-06,23,2060,2083
417,2016-11-07,150,4557,4707
417,2016-11-08,163,4841,5004
417,2016-11-09,200,4828,5028
417,2016-11-11,159,5058,5217
417,2016-11-12,36,2985,3021
417,2016-11-13,13,2264,2277
417,2016-11-14,141,4533,4674
417,2016-11-15,156,4698,4854
417,2016-11-16,157,4828,4985
417,2016-11-18,206,5864,6070
417,2016-11-19,43,3052,3095
417,2016-11-20,36,2250,2286
417,2016-11-21,175,4625,4800
417,2016-11-22,126,4803,4929
417,2016-11-23,157,4920,5077
417,2016-11-25,147,5024,5171
417,2016-11-26,43,3120,3163
417,2016-11-27,16,2222,2238
417,2016-11-28,139,4479,4618
417,2016-11-29,175,4789,4964
417,2016-11-30,186,4709,4895
417,2016-12-02,159,4892,5051
417,2016-12-03,35,3006,3041
417,2016-12-04,20,2296,2316
417,2016-12-05,115,4532,4647
417,2016-12-06,139,4695,4834
417,2016-12-07,140,4720,4860
417,2016-12-09,132,4744,4876
417,2016-12-10,36,3090,3126
417,2016-12-11,12,2343,2355
417,2016-12-12,149,4573,4722
417,2016-12-13,145,4746,4891
417,2016-12-14,140,4710,4850
417,2016-12-16,165,4883,5048
417,2016-12-17,41,2896,2937
417,2016-12-18,15,2107,2122
417,2016-12-19,151,4584,4735
417,2016-12-20,156,4583,4739
417,2016-12-21,150,4220,4370
417,2016-12-23,143,3930,4073
417,2016-12-24,40,2138,2178
417,2016-12-25,8,1854,1862
417,2016-12-26,11,1709,1720
417,2016-12-27,62,3133,3195
417,2016-12-28,55,2959,3014
417,2016-12-30,67,2910,2977
417,2016-12-31,37,1886,1923
419,2016-08-06,28,4011,4039
419,2016-08-07,18,3033,3051
419,2016-08-08,52,4866,4918
419,2016-08-09,47,5035,5082
419,2016-08-10,51,5156,5207
419,2016-08-11,50,5082,5132
419,2016-08-13,2,315,317
419,2016-08-14,NA,12,NA
419,2016-08-15,NA,2,NA
419,2016-08-16,28,3096,3124
419,2016-08-17,49,5009,5058
419,2016-08-18,30,2512,2542
419,2016-08-19,33,2609,2642
419,2016-08-20,45,3636,3681
419,2016-08-21,7,2297,2304
419,2016-08-22,56,5859,5915
419,2016-08-24,74,5888,5962
419,2016-08-25,42,5780,5822
419,2016-08-26,39,5671,5710
419,2016-08-27,38,3808,3846
419,2016-08-28,23,2917,2940
419,2016-08-29,60,5939,5999
419,2016-08-31,57,6473,6530
419,2016-09-01,50,6721,6771
419,2016-09-02,50,6696,6746
419,2016-09-03,35,4964,4999
419,2016-09-04,10,3804,3814
419,2016-09-05,61,6993,7054
419,2016-09-07,46,7280,7326
419,2016-09-22,41,5536,5577
419,2016-09-23,64,7371,7435
419,2016-09-24,53,4873,4926
419,2016-09-25,21,3790,3811
419,2016-09-26,67,7291,7358
419,2016-09-28,84,7940,8024
419,2016-09-29,112,7948,8060
419,2016-09-30,91,8018,8109
419,2016-10-01,59,5328,5387
419,2016-10-02,29,3393,3422
419,2016-10-03,119,7535,7654
419,2016-10-05,177,7933,8110
419,2016-10-06,155,7778,7933
419,2016-10-07,90,7971,8061
419,2016-10-08,63,5119,5182
419,2016-10-09,21,3467,3488
419,2016-10-10,144,7175,7319
419,2016-10-11,115,7656,7771
419,2016-10-13,91,8095,8186
419,2016-10-14,100,8008,8108
419,2016-10-15,49,5067,5116
419,2016-10-16,17,3268,3285
419,2016-10-17,126,7103,7229
419,2016-10-18,124,7491,7615
419,2016-10-20,92,7864,7956
419,2016-10-21,68,7865,7933
419,2016-10-22,58,5244,5302
419,2016-10-23,17,4115,4132
419,2016-10-24,73,7057,7130
419,2016-10-25,55,7412,7467
419,2016-10-27,110,7551,7661
419,2016-10-28,88,7754,7842
419,2016-10-29,41,5647,5688
419,2016-10-30,16,3342,3358
419,2016-10-31,78,5748,5826
419,2016-11-01,18,3247,3265
419,2016-11-03,66,5796,5862
419,2016-11-04,74,5775,5849
419,2016-11-05,35,4798,4833
419,2016-11-06,4,2674,2678
419,2016-11-07,91,6901,6992
419,2016-11-08,75,7308,7383
419,2016-11-10,62,7402,7464
419,2016-11-11,89,7512,7601
419,2016-11-12,67,5064,5131
419,2016-11-13,13,3011,3024
419,2016-11-14,75,6903,6978
419,2016-11-15,86,7374,7460
419,2016-11-16,95,7283,7378
419,2016-11-18,86,6250,6336
419,2016-11-19,80,5071,5151
419,2016-11-20,11,2754,2765
419,2016-11-21,48,6518,6566
419,2016-11-22,86,7115,7201
419,2016-11-23,69,7180,7249
419,2016-11-25,103,7620,7723
419,2016-11-26,44,4886,4930
419,2016-11-27,15,3710,3725
419,2016-11-28,94,7300,7394
419,2016-11-29,136,7190,7326
419,2016-11-30,144,7276,7420
419,2016-12-02,90,7320,7410
419,2016-12-03,40,4743,4783
419,2016-12-04,25,3467,3492
419,2016-12-05,90,6941,7031
419,2016-12-06,121,7025,7146
419,2016-12-07,87,7247,7334
419,2016-12-09,91,7392,7483
419,2016-12-10,57,4677,4734
419,2016-12-11,14,3520,3534
419,2016-12-12,80,6879,6959
419,2016-12-13,78,7370,7448
419,2016-12-14,74,7164,7238
419,2016-12-15,73,7574,7647
419,2016-12-17,36,5096,5132
419,2016-12-18,15,3872,3887
419,2016-12-19,110,7171,7281
419,2016-12-20,100,7449,7549
419,2016-12-21,81,7192,7273
419,2016-12-22,45,7078,7123
419,2016-12-24,27,3116,3143
419,2016-12-25,3,2152,2155
419,2016-12-26,12,1938,1950
419,2016-12-27,41,4695,4736
419,2016-12-28,28,4421,4449
419,2016-12-29,53,4524,4577
419,2016-12-31,28,2582,2610
420,2016-07-01,385,17944,18329
420,2016-07-02,113,12888,13001
420,2016-07-03,24,6097,6121
420,2016-07-04,313,16315,16628
420,2016-07-05,353,16688,17041
420,2016-07-06,350,16006,16356
420,2016-07-07,359,16743,17102
420,2016-07-08,396,17288,17684
420,2016-07-09,159,12329,12488
420,2016-07-10,52,6319,6371
420,2016-07-11,358,15667,16025
420,2016-07-12,393,17397,17790
420,2016-07-13,308,16162,16470
420,2016-07-14,331,16371,16702
420,2016-07-15,348,16907,17255
420,2016-07-16,103,11184,11287
420,2016-07-17,34,5294,5328
420,2016-07-18,263,14849,15112
420,2016-07-19,322,15096,15418
420,2016-07-20,318,15123,15441
420,2016-07-21,344,15492,15836
420,2016-08-05,224,12745,12969
420,2016-08-06,72,8824,8896
420,2016-08-07,24,4528,4552
420,2016-08-08,174,11264,11438
420,2016-08-09,199,11781,11980
420,2016-08-10,194,11476,11670
420,2016-08-11,219,11829,12048
420,2016-08-12,194,11820,12014
420,2016-08-13,68,8031,8099
420,2016-08-14,16,3891,3907
420,2016-08-15,25,3843,3868
420,2016-08-16,212,12099,12311
420,2016-08-17,195,11560,11755
420,2016-08-18,211,12014,12225
420,2016-08-19,207,12384,12591
420,2016-08-20,69,8636,8705
420,2016-08-21,19,4162,4181
420,2016-08-22,205,12356,12561
420,2016-08-23,214,12807,13021
420,2016-08-24,198,13158,13356
420,2016-08-25,270,13702,13972
420,2016-08-26,209,13534,13743
420,2016-08-27,82,9962,10044
420,2016-08-28,28,5151,5179
420,2016-08-29,183,8741,8924
420,2016-08-30,170,6889,7059
420,2016-08-31,128,6870,6998
420,2016-09-01,244,7140,7384
420,2016-09-02,231,13789,14020
420,2016-09-03,81,10714,10795
420,2016-09-04,27,7536,7563
420,2016-09-05,310,14529,14839
420,2016-09-06,344,15122,15466
420,2016-09-07,344,15377,15721
420,2016-09-08,316,15533,15849
420,2016-09-09,330,15971,16301
420,2016-09-10,105,11271,11376
420,2016-09-11,32,5246,5278
420,2016-09-12,316,16284,16600
420,2016-09-13,364,17122,17486
420,2016-09-14,287,16419,16706
420,2016-09-15,312,16631,16943
420,2016-09-16,287,17283,17570
420,2016-09-17,81,12705,12786
420,2016-09-18,18,5532,5550
420,2016-09-19,353,16298,16651
420,2016-09-20,379,16539,16918
420,2016-09-21,274,16575,16849
420,2016-09-22,342,17178,17520
420,2016-09-23,399,17844,18243
420,2016-09-24,213,14869,15082
420,2016-09-25,62,7073,7135
420,2016-09-26,354,16453,16807
420,2016-09-27,392,16741,17133
420,2016-09-28,374,16577,16951
420,2016-09-29,362,16712,17074
420,2016-09-30,355,17642,17997
420,2016-10-01,122,14204,14326
420,2016-10-02,27,5787,5814
420,2016-10-03,385,16954,17339
420,2016-10-04,383,16792,17175
420,2016-10-05,384,16575,16959
420,2016-10-06,389,17374,17763
420,2016-10-07,402,18160,18562
420,2016-10-08,81,13507,13588
420,2016-10-09,41,6181,6222
420,2016-10-10,349,16351,16700
420,2016-10-11,397,16875,17272
420,2016-10-12,359,16520,16879
420,2016-10-13,381,16944,17325
420,2016-10-14,378,18819,19197
420,2016-10-15,94,13146,13240
420,2016-10-16,36,5852,5888
420,2016-10-17,332,16431,16763
420,2016-10-18,345,17317,17662
420,2016-10-19,315,16699,17014
420,2016-10-20,385,17140,17525
420,2016-10-21,383,18632,19015
420,2016-10-22,95,13911,14006
420,2016-10-23,24,7876,7900
420,2016-10-24,350,16220,16570
420,2016-10-25,347,16367,16714
420,2016-10-26,393,16606,16999
420,2016-10-27,395,17528,17923
420,2016-10-28,366,17606,17972
420,2016-10-29,90,11386,11476
420,2016-10-30,30,5100,5130
420,2016-11-01,14,4775,4789
420,2016-11-02,277,14754,15031
420,2016-11-03,227,9817,10044
420,2016-11-04,319,15658,15977
420,2016-11-05,101,11786,11887
420,2016-11-06,20,5337,5357
420,2016-11-07,309,15831,16140
420,2016-11-08,375,16769,17144
420,2016-11-09,347,16348,16695
420,2016-11-10,368,17179,17547
420,2016-11-11,358,18098,18456
420,2016-11-12,86,13626,13712
420,2016-11-13,25,5781,5806
420,2016-11-14,324,16147,16471
420,2016-11-15,360,16892,17252
420,2016-11-16,324,16465,16789
420,2016-11-17,362,16867,17229
420,2016-11-18,402,17716,18118
420,2016-11-19,80,13560,13640
420,2016-11-20,16,5564,5580
420,2016-11-21,302,15924,16226
420,2016-11-22,314,16789,17103
420,2016-11-23,430,23812,24242
420,2016-11-24,606,23500,24106
420,2016-11-25,372,19289,19661
420,2016-11-26,69,13161,13230
420,2016-11-27,21,7823,7844
420,2016-11-28,362,16627,16989
420,2016-11-29,403,17171,17574
420,2016-11-30,337,17037,17374
420,2016-12-01,374,17188,17562
420,2016-12-02,341,17541,17882
420,2016-12-03,107,13065,13172
420,2016-12-04,44,7905,7949
420,2016-12-05,316,16586,16902
420,2016-12-06,358,16754,17112
420,2016-12-07,383,16652,17035
420,2016-12-08,358,16920,17278
420,2016-12-09,392,17518,17910
420,2016-12-10,109,13310,13419
420,2016-12-11,37,7794,7831
420,2016-12-12,312,16625,16937
420,2016-12-13,331,17238,17569
420,2016-12-14,348,17069,17417
420,2016-12-15,347,17556,17903
420,2016-12-16,326,17914,18240
420,2016-12-17,83,13579,13662
420,2016-12-18,23,8785,8808
420,2016-12-19,326,17337,17663
420,2016-12-20,368,18041,18409
420,2016-12-21,322,18130,18452
420,2016-12-22,308,18593,18901
420,2016-12-23,186,17309,17495
420,2016-12-24,50,9295,9345
420,2016-12-25,6,3148,3154
420,2016-12-26,15,3762,3777
420,2016-12-27,136,12184,12320
420,2016-12-28,128,11709,11837
420,2016-12-29,135,12094,12229
420,2016-12-30,135,13015,13150
420,2016-12-31,44,7954,7998
421,2016-08-13,29,2180,2209
421,2016-08-14,6,246,252
421,2016-08-15,2,114,116
421,2016-08-16,19,1902,1921
421,2016-08-17,46,2948,2994
421,2016-08-18,28,2302,2330
421,2016-08-19,38,2687,2725
421,2016-08-20,8,2259,2267
421,2016-08-21,8,1116,1124
421,2016-08-22,41,3269,3310
421,2016-08-23,36,3427,3463
421,2016-08-24,40,3258,3298
421,2016-08-25,27,2123,2150
421,2016-08-26,15,2668,2683
421,2016-08-27,48,4554,4602
421,2016-08-28,15,2467,2482
421,2016-08-29,47,3522,3569
421,2016-08-30,101,3409,3510
421,2016-08-31,38,3565,3603
421,2016-09-01,40,3870,3910
421,2016-09-02,44,3935,3979
421,2016-09-03,18,2869,2887
421,2016-09-04,10,2416,2426
421,2016-09-05,7,461,468
421,2016-09-06,4,326,330
421,2016-09-07,31,2993,3024
421,2016-09-08,63,4206,4269
421,2016-09-09,51,4261,4312
421,2016-09-10,19,2890,2909
421,2016-09-11,7,1677,1684
421,2016-09-12,37,4215,4252
421,2016-09-13,57,4369,4426
421,2016-09-14,55,4350,4405
421,2016-09-15,70,4488,4558
421,2016-09-16,59,4553,4612
421,2016-09-17,30,3148,3178
421,2016-09-18,4,1613,1617
421,2016-09-19,41,4360,4401
421,2016-09-20,77,4584,4661
421,2016-09-21,67,4612,4679
421,2016-09-22,73,4702,4775
421,2016-09-23,70,4692,4762
421,2016-09-24,45,3813,3858
421,2016-09-25,17,2095,2112
421,2016-09-26,63,4402,4465
421,2016-09-27,64,4591,4655
421,2016-09-28,73,4596,4669
421,2016-09-29,74,4774,4848
421,2016-09-30,57,4971,5028
421,2016-10-01,37,3490,3527
421,2016-10-02,17,1606,1623
421,2016-10-03,60,4410,4470
421,2016-10-04,62,4880,4942
421,2016-10-05,62,4697,4759
421,2016-10-06,63,4748,4811
421,2016-10-07,66,4795,4861
421,2016-10-08,17,3251,3268
421,2016-10-09,17,1736,1753
421,2016-10-10,77,4376,4453
421,2016-10-11,81,4689,4770
421,2016-10-12,73,4559,4632
421,2016-10-13,67,4673,4740
421,2016-10-14,74,4974,5048
421,2016-10-15,14,3307,3321
421,2016-10-16,7,1592,1599
421,2016-10-17,73,4282,4355
421,2016-10-18,77,4544,4621
421,2016-10-19,80,4528,4608
421,2016-10-20,85,4701,4786
421,2016-10-21,82,5246,5328
421,2016-10-22,37,3512,3549
421,2016-10-23,11,2510,2521
421,2016-10-24,59,4284,4343
421,2016-10-25,66,4546,4612
421,2016-10-26,60,4559,4619
421,2016-10-27,128,5572,5700
421,2016-10-28,61,4721,4782
421,2016-10-29,31,2886,2917
421,2016-10-30,14,1523,1537
421,2016-10-31,29,3521,3550
421,2016-11-02,16,949,965
421,2016-11-03,15,218,233
421,2016-11-04,4,1100,1104
421,2016-11-05,14,2727,2741
421,2016-11-06,4,1288,1292
421,2016-11-07,60,3843,3903
421,2016-11-09,56,4367,4423
421,2016-11-10,60,4364,4424
421,2016-11-11,71,5020,5091
421,2016-11-12,15,3292,3307
421,2016-11-13,4,1338,1342
421,2016-11-14,59,4365,4424
421,2016-11-16,64,4502,4566
421,2016-11-17,45,4512,4557
421,2016-11-18,66,4336,4402
421,2016-11-19,21,3521,3542
421,2016-11-20,12,1274,1286
421,2016-11-21,40,4330,4370
421,2016-11-23,50,4487,4537
421,2016-11-24,56,4352,4408
421,2016-11-25,64,4903,4967
421,2016-11-26,14,3008,3022
421,2016-11-27,8,2334,2342
421,2016-11-28,75,4508,4583
421,2016-11-30,60,4612,4672
421,2016-12-01,72,4550,4622
421,2016-12-02,47,4708,4755
421,2016-12-03,15,3047,3062
421,2016-12-04,6,2206,2212
421,2016-12-05,64,4334,4398
421,2016-12-07,42,4454,4496
421,2016-12-08,52,4622,4674
421,2016-12-09,60,4750,4810
421,2016-12-10,8,3106,3114
421,2016-12-11,5,2163,2168
421,2016-12-12,47,4373,4420
421,2016-12-14,50,4581,4631
421,2016-12-15,70,4730,4800
421,2016-12-16,58,4798,4856
421,2016-12-17,20,3392,3412
421,2016-12-18,8,2522,2530
421,2016-12-19,54,4649,4703
421,2016-12-21,61,4742,4803
421,2016-12-22,40,4978,5018
421,2016-12-23,36,4293,4329
421,2016-12-24,9,2175,2184
421,2016-12-25,3,1130,1133
421,2016-12-26,10,943,953
421,2016-12-28,16,2852,2868
421,2016-12-29,28,2770,2798
421,2016-12-30,19,2888,2907
421,2016-12-31,7,1784,1791
422,2016-01-01,6,1472,1478
422,2016-01-02,9,2145,2154
422,2016-01-03,24,1980,2004
422,2016-01-04,33,3895,3928
422,2016-01-05,37,4377,4414
422,2016-01-07,48,4336,4384
422,2016-01-08,99,4441,4540
422,2016-01-09,17,2959,2976
422,2016-01-10,8,2270,2278
422,2016-01-11,32,4790,4822
422,2016-01-12,50,5546,5596
422,2016-01-14,22,4322,4344
422,2016-01-15,26,3720,3746
422,2016-01-16,15,2506,2521
422,2016-01-17,2,1860,1862
422,2016-01-18,35,4228,4263
422,2016-01-19,49,4369,4418
422,2016-01-21,48,4593,4641
422,2016-01-22,38,4226,4264
422,2016-01-23,8,2687,2695
422,2016-01-24,6,1979,1985
422,2016-01-25,34,4529,4563
422,2016-01-26,32,4712,4744
422,2016-01-28,48,4907,4955
422,2016-01-29,54,5182,5236
422,2016-01-30,9,2981,2990
422,2016-01-31,14,2008,2022
422,2016-02-01,135,4342,4477
422,2016-02-02,93,4552,4645
422,2016-02-04,111,4504,4615
422,2016-02-05,260,4791,5051
422,2016-02-06,148,2682,2830
422,2016-02-07,98,1621,1719
422,2016-02-08,80,3103,3183
422,2016-02-09,139,3384,3523
422,2016-02-11,240,3548,3788
422,2016-02-12,377,3564,3941
422,2016-02-13,68,2386,2454
422,2016-02-14,204,1780,1984
422,2016-02-15,394,3908,4302
422,2016-02-16,556,5763,6319
422,2016-02-18,473,4219,4692
422,2016-02-19,260,4322,4582
422,2016-02-20,30,2812,2842
422,2016-02-21,68,2014,2082
422,2016-02-22,335,4103,4438
422,2016-02-23,97,4721,4818
422,2016-02-25,120,4873,4993
422,2016-02-26,155,4852,5007
422,2016-02-27,65,3410,3475
422,2016-02-28,36,2167,2203
422,2016-02-29,192,4859,5051
422,2016-03-01,125,4698,4823
422,2016-03-03,77,5067,5144
422,2016-03-04,39,4733,4772
422,2016-03-05,32,3462,3494
422,2016-03-06,14,2347,2361
422,2016-03-07,88,4506,4594
422,2016-03-08,106,4796,4902
422,2016-03-10,133,5212,5345
422,2016-03-11,116,5046,5162
422,2016-03-12,44,3428,3472
422,2016-03-13,17,2518,2535
422,2016-03-14,127,4640,4767
422,2016-03-15,130,5179,5309
422,2016-03-17,124,5050,5174
422,2016-03-18,111,5041,5152
422,2016-03-19,45,3500,3545
422,2016-03-20,14,2440,2454
422,2016-03-21,112,4669,4781
422,2016-03-22,114,4923,5037
422,2016-03-24,141,4934,5075
422,2016-03-25,46,4421,4467
422,2016-03-26,46,2850,2896
422,2016-03-28,8,1577,1585
422,2016-03-29,115,5147,5262
422,2016-04-07,124,4976,5100
422,2016-04-08,123,4927,5050
422,2016-04-09,39,3565,3604
422,2016-04-10,21,2706,2727
422,2016-04-11,105,5212,5317
422,2016-04-12,125,5393,5518
422,2016-04-14,111,5260,5371
422,2016-04-15,109,5314,5423
422,2016-04-16,33,4121,4154
422,2016-04-17,38,2961,2999
422,2016-04-18,133,5067,5200
422,2016-04-19,145,5250,5395
422,2016-04-21,119,5599,5718
422,2016-04-22,144,5607,5751
422,2016-04-23,35,4605,4640
422,2016-04-24,29,3172,3201
422,2016-04-25,70,5113,5183
422,2016-04-26,144,5497,5641
422,2016-04-28,145,5536,5681
422,2016-04-29,111,5655,5766
422,2016-04-30,68,4298,4366
422,2016-05-01,17,2531,2548
422,2016-05-02,100,5438,5538
422,2016-05-03,118,6097,6215
422,2016-05-05,13,2564,2577
422,2016-05-06,76,4571,4647
422,2016-05-07,28,3506,3534
422,2016-05-08,22,2669,2691
422,2016-05-09,114,5208,5322
422,2016-05-10,134,4624,4758
422,2016-05-12,122,5755,5877
422,2016-05-13,124,5206,5330
422,2016-05-14,120,3320,3440
422,2016-05-15,107,2310,2417
422,2016-05-16,39,2322,2361
422,2016-05-17,106,4686,4792
422,2016-05-19,104,4833,4937
422,2016-05-20,100,4903,5003
422,2016-05-21,19,3421,3440
422,2016-05-22,22,2382,2404
422,2016-05-23,103,5216,5319
422,2016-05-24,134,5658,5792
422,2016-05-26,116,5813,5929
422,2016-05-27,129,5849,5978
422,2016-05-28,19,3603,3622
422,2016-05-29,39,3519,3558
422,2016-05-30,42,4700,4742
422,2016-05-31,102,5733,5835
422,2016-06-02,115,6617,6732
422,2016-06-03,104,5156,5260
422,2016-06-04,22,3438,3460
422,2016-06-05,30,2881,2911
422,2016-06-06,113,5245,5358
422,2016-06-07,116,4762,4878
422,2016-06-09,147,5542,5689
422,2016-06-10,162,5643,5805
422,2016-06-11,44,3914,3958
422,2016-06-12,26,2733,2759
422,2016-06-13,117,4994,5111
422,2016-06-14,128,5377,5505
422,2016-06-16,104,5485,5589
422,2016-06-17,382,8750,9132
422,2016-06-18,86,5412,5498
422,2016-06-19,50,3786,3836
422,2016-06-20,502,11524,12026
422,2016-06-21,123,5508,5631
422,2016-06-23,22,2466,2488
422,2016-06-24,29,4261,4290
422,2016-06-25,30,2918,2948
422,2016-06-26,30,2503,2533
422,2016-06-27,116,4862,4978
422,2016-06-28,126,5377,5503
422,2016-06-30,96,5521,5617
422,2016-07-01,123,5736,5859
422,2016-07-02,24,3736,3760
422,2016-07-03,19,2811,2830
422,2016-07-04,80,5080,5160
422,2016-07-05,119,5195,5314
422,2016-07-07,92,6005,6097
422,2016-07-08,113,6110,6223
422,2016-07-09,30,3703,3733
422,2016-07-10,35,2850,2885
422,2016-07-11,104,5246,5350
422,2016-07-12,139,6120,6259
422,2016-07-14,122,4724,4846
422,2016-07-15,135,5992,6127
422,2016-07-16,24,3662,3686
422,2016-07-17,23,2825,2848
422,2016-07-18,96,5315,5411
422,2016-07-19,104,5590,5694
422,2016-07-21,142,5634,5776
422,2016-07-22,108,4574,4682
422,2016-07-23,22,3040,3062
422,2016-07-24,17,2475,2492
422,2016-07-25,120,5511,5631
422,2016-07-26,99,5466,5565
422,2016-07-28,133,5251,5384
422,2016-07-29,103,4762,4865
422,2016-07-30,41,2959,3000
422,2016-07-31,17,2343,2360
422,2016-08-01,48,4080,4128
422,2016-08-02,49,4161,4210
422,2016-08-04,68,4095,4163
422,2016-08-05,55,3977,4032
422,2016-08-06,25,2662,2687
422,2016-08-07,19,2342,2361
422,2016-08-08,64,3698,3762
422,2016-08-09,71,3796,3867
422,2016-08-11,56,3800,3856
422,2016-08-12,73,3694,3767
422,2016-08-13,51,2523,2574
422,2016-08-14,34,2076,2110
422,2016-08-15,39,2144,2183
422,2016-08-16,86,3742,3828
422,2016-08-18,61,3754,3815
422,2016-08-19,70,3585,3655
422,2016-08-20,31,2401,2432
422,2016-08-21,11,1933,1944
422,2016-08-22,19,724,743
422,2016-08-23,20,238,258
422,2016-08-25,6,260,266
422,2016-08-26,51,2581,2632
422,2016-08-27,19,2471,2490
422,2016-08-28,15,1953,1968
422,2016-08-29,89,4601,4690
422,2016-08-30,85,4375,4460
422,2016-09-01,81,4312,4393
422,2016-09-02,104,5025,5129
422,2016-09-03,46,2992,3038
422,2016-09-04,23,2130,2153
422,2016-09-05,103,4762,4865
422,2016-09-06,99,4985,5084
422,2016-09-08,133,5529,5662
422,2016-09-09,93,5263,5356
422,2016-09-10,38,3204,3242
422,2016-09-11,23,2514,2537
422,2016-09-12,120,5159,5279
422,2016-09-13,121,5392,5513
422,2016-09-15,140,5436,5576
422,2016-09-16,156,5433,5589
422,2016-09-17,36,3604,3640
422,2016-09-18,22,3066,3088
422,2016-09-19,179,5168,5347
422,2016-09-20,153,5377,5530
422,2016-09-22,184,5774,5958
422,2016-09-23,136,6020,6156
422,2016-09-24,44,4232,4276
422,2016-09-25,19,3192,3211
422,2016-09-26,110,5147,5257
422,2016-09-27,114,5705,5819
422,2016-09-29,145,5513,5658
422,2016-09-30,104,5663,5767
422,2016-10-01,36,3564,3600
422,2016-10-02,21,2626,2647
422,2016-10-03,125,5371,5496
422,2016-10-04,129,6117,6246
422,2016-10-06,143,5713,5856
422,2016-10-07,165,5697,5862
422,2016-10-08,41,3483,3524
422,2016-10-09,29,2794,2823
422,2016-10-10,151,5199,5350
422,2016-10-11,127,5561,5688
422,2016-10-13,152,5706,5858
422,2016-10-14,155,5801,5956
422,2016-10-15,23,3578,3601
422,2016-10-16,23,3069,3092
422,2016-10-17,120,5357,5477
422,2016-10-18,114,5540,5654
422,2016-10-20,105,5560,5665
422,2016-10-21,123,5527,5650
422,2016-10-22,35,3522,3557
422,2016-10-23,24,2702,2726
422,2016-10-24,64,5264,5328
422,2016-10-25,103,4588,4691
422,2016-10-27,13,264,277
422,2016-10-28,23,1647,1670
422,2016-10-29,43,4761,4804
422,2016-10-30,14,2392,2406
422,2016-10-31,56,3614,3670
422,2016-11-01,25,2429,2454
422,2016-11-04,115,4865,4980
422,2016-11-05,41,3887,3928
422,2016-11-06,21,2407,2428
422,2016-11-07,100,4973,5073
422,2016-11-08,131,5335,5466
422,2016-11-09,65,5173,5238
422,2016-11-11,125,5451,5576
422,2016-11-12,34,3478,3512
422,2016-11-13,26,2190,2216
422,2016-11-14,120,5250,5370
422,2016-11-15,54,5414,5468
422,2016-11-16,46,5234,5280
422,2016-11-18,106,5553,5659
422,2016-11-19,42,3514,3556
422,2016-11-20,4,2260,2264
422,2016-11-21,36,5005,5041
422,2016-11-22,79,5473,5552
422,2016-11-23,102,5167,5269
422,2016-11-25,128,5602,5730
422,2016-11-26,47,3658,3705
422,2016-11-27,31,2504,2535
422,2016-11-28,152,5582,5734
422,2016-11-29,156,5574,5730
422,2016-11-30,137,5259,5396
422,2016-12-02,127,5477,5604
422,2016-12-03,45,3217,3262
422,2016-12-04,16,2441,2457
422,2016-12-05,107,5223,5330
422,2016-12-06,98,5382,5480
422,2016-12-07,117,5643,5760
422,2016-12-09,103,5511,5614
422,2016-12-10,35,3347,3382
422,2016-12-11,20,2409,2429
422,2016-12-12,88,5201,5289
422,2016-12-13,87,5710,5797
422,2016-12-14,103,5438,5541
422,2016-12-16,121,5332,5453
422,2016-12-17,44,3214,3258
422,2016-12-18,28,2351,2379
422,2016-12-19,114,4742,4856
422,2016-12-20,121,5385,5506
422,2016-12-21,100,4953,5053
422,2016-12-23,64,4494,4558
422,2016-12-24,17,2263,2280
422,2016-12-25,9,1735,1744
422,2016-12-26,11,1632,1643
422,2016-12-27,24,2829,2853
422,2016-12-28,66,3022,3088
422,2016-12-30,35,3022,3057
422,2016-12-31,25,2164,2189
423,2016-01-02,14,1629,1643
423,2016-01-03,10,1204,1214
423,2016-01-04,58,3528,3586
423,2016-01-05,84,3786,3870
423,2016-01-06,89,4437,4526
423,2016-01-07,86,3856,3942
423,2016-01-08,69,4456,4525
423,2016-01-09,14,2094,2108
423,2016-01-10,4,1446,1450
423,2016-01-11,98,4134,4232
423,2016-01-12,94,5450,5544
423,2016-01-13,107,5153,5260
423,2016-01-15,60,4172,4232
423,2016-01-16,20,1966,1986
423,2016-01-17,6,1206,1212
423,2016-01-18,84,4668,4752
423,2016-01-19,77,4690,4767
423,2016-01-20,79,4628,4707
423,2016-01-22,102,3780,3882
423,2016-01-23,15,1829,1844
423,2016-01-24,19,1473,1492
423,2016-01-25,85,4949,5034
423,2016-01-26,93,5086,5179
423,2016-01-27,95,4895,4990
423,2016-01-28,95,5212,5307
423,2016-01-29,104,5227,5331
423,2016-01-30,18,2164,2182
423,2016-01-31,12,1550,1562
423,2016-02-02,89,5277,5366
423,2016-02-03,109,5083,5192
423,2016-02-04,123,5207,5330
423,2016-02-05,94,5216,5310
423,2016-02-06,22,2097,2119
423,2016-02-07,11,1167,1178
423,2016-02-10,87,4100,4187
423,2016-02-11,101,4153,4254
423,2016-02-12,91,4279,4370
423,2016-02-13,30,1996,2026
423,2016-02-14,7,1413,1420
423,2016-02-15,90,4637,4727
423,2016-02-17,98,4850,4948
423,2016-02-18,105,4845,4950
423,2016-02-19,108,4923,5031
423,2016-02-20,12,2194,2206
423,2016-02-21,5,1333,1338
423,2016-02-22,120,4887,5007
423,2016-02-23,78,5964,6042
423,2016-02-25,143,5094,5237
423,2016-02-26,108,4847,4955
423,2016-02-27,27,2357,2384
423,2016-02-28,5,1453,1458
423,2016-02-29,153,5058,5211
423,2016-03-01,104,5083,5187
423,2016-03-02,154,4102,4256
423,2016-03-03,123,5217,5340
423,2016-03-05,20,2086,2106
423,2016-03-06,5,1342,1347
423,2016-03-07,77,4710,4787
423,2016-03-08,84,4854,4938
423,2016-03-09,125,5111,5236
423,2016-03-10,108,5121,5229
423,2016-03-11,83,5057,5140
423,2016-03-12,30,2351,2381
423,2016-03-13,6,1530,1536
423,2016-03-15,182,5026,5208
423,2016-03-16,110,4790,4900
423,2016-03-17,95,4975,5070
423,2016-03-18,125,5041,5166
423,2016-03-19,33,2374,2407
423,2016-03-20,4,1432,1436
423,2016-03-21,151,4766,4917
423,2016-03-23,160,5322,5482
423,2016-03-24,118,4997,5115
423,2016-03-25,94,4426,4520
423,2016-03-26,28,1965,1993
423,2016-03-28,10,984,994
423,2016-03-30,118,4442,4560
423,2016-03-31,158,3858,4016
423,2016-04-01,90,4298,4388
423,2016-04-02,22,2108,2130
423,2016-04-03,4,1310,1314
423,2016-04-04,85,4547,4632
423,2016-04-06,127,4514,4641
423,2016-04-07,137,4718,4855
423,2016-04-08,111,4687,4798
423,2016-04-09,25,2409,2434
423,2016-04-10,4,1548,1552
423,2016-04-11,136,4480,4616
423,2016-04-12,136,4472,4608
423,2016-04-14,107,5188,5295
423,2016-04-15,143,4989,5132
423,2016-04-16,26,2790,2816
423,2016-04-17,13,1888,1901
423,2016-04-18,125,5044,5169
423,2016-04-19,133,5292,5425
423,2016-04-20,125,5429,5554
423,2016-04-21,131,5422,5553
423,2016-04-22,130,5604,5734
423,2016-04-23,63,2711,2774
423,2016-04-24,17,1538,1555
423,2016-04-25,130,4218,4348
423,2016-04-27,137,5097,5234
423,2016-04-28,154,4414,4568
423,2016-04-29,129,5119,5248
423,2016-04-30,41,2983,3024
423,2016-05-01,15,1530,1545
423,2016-05-02,101,5065,5166
423,2016-05-04,136,5426,5562
423,2016-05-05,3,1511,1514
423,2016-05-06,91,3826,3917
423,2016-05-07,33,2425,2458
423,2016-05-08,8,1603,1611
423,2016-05-09,114,4972,5086
423,2016-05-10,144,4656,4800
423,2016-05-11,137,5448,5585
423,2016-05-13,186,4882,5068
423,2016-05-14,30,2169,2199
423,2016-05-15,7,1280,1287
423,2016-05-16,12,1288,1300
423,2016-05-17,148,4563,4711
423,2016-05-18,160,4521,4681
423,2016-05-20,133,4565,4698
423,2016-05-21,43,2445,2488
423,2016-05-22,4,1482,1486
423,2016-05-23,114,4976,5090
423,2016-05-24,107,5263,5370
423,2016-05-25,112,5184,5296
423,2016-05-27,128,4606,4734
423,2016-05-28,32,2592,2624
423,2016-05-29,14,2132,2146
423,2016-05-30,104,4512,4616
423,2016-05-31,117,5869,5986
423,2016-06-01,142,5452,5594
423,2016-06-03,140,4764,4904
423,2016-06-04,98,2376,2474
423,2016-06-05,7,1584,1591
423,2016-06-06,120,5077,5197
423,2016-06-07,140,4492,4632
423,2016-06-08,120,4416,4536
423,2016-06-09,117,5528,5645
423,2016-06-11,34,2572,2606
423,2016-06-12,57,2049,2106
423,2016-06-13,124,4302,4426
423,2016-06-14,136,5612,5748
423,2016-06-15,130,4322,4452
423,2016-06-16,170,4388,4558
423,2016-06-18,88,4344,4432
423,2016-06-19,18,2842,2860
423,2016-06-20,544,8894,9438
423,2016-06-21,144,4814,4958
423,2016-06-22,94,5048,5142
423,2016-06-23,10,1456,1466
423,2016-06-25,42,1897,1939
423,2016-06-26,12,1458,1470
423,2016-06-27,113,4803,4916
423,2016-06-28,115,5085,5200
423,2016-06-29,137,5207,5344
423,2016-06-30,99,5062,5161
423,2016-07-01,134,5134,5268
423,2016-07-03,6,1570,1576
423,2016-07-04,159,5344,5503
423,2016-07-05,94,4964,5058
423,2016-07-06,132,5002,5134
423,2016-07-07,130,5367,5497
423,2016-07-08,138,5335,5473
423,2016-07-09,46,2512,2558
423,2016-07-10,21,1706,1727
423,2016-07-11,126,4787,4913
423,2016-07-12,168,5193,5361
423,2016-07-13,153,4684,4837
423,2016-07-14,142,4320,4462
423,2016-07-15,109,5565,5674
423,2016-07-16,31,2690,2721
423,2016-07-17,4,1966,1970
423,2016-07-19,107,4880,4987
423,2016-07-20,113,4674,4787
423,2016-07-21,202,4712,4914
423,2016-07-22,116,4276,4392
423,2016-07-23,38,1984,2022
423,2016-07-24,9,1379,1388
423,2016-07-25,136,4560,4696
423,2016-07-27,138,4852,4990
423,2016-07-28,127,4458,4585
423,2016-07-29,74,4103,4177
423,2016-07-30,61,1877,1938
423,2016-07-31,8,1274,1282
423,2016-08-01,62,3505,3567
423,2016-08-03,84,3653,3737
423,2016-08-04,85,3568,3653
423,2016-08-05,70,3440,3510
423,2016-08-06,13,1772,1785
423,2016-08-07,17,1353,1370
423,2016-08-08,79,3262,3341
423,2016-08-09,80,3427,3507
423,2016-08-11,79,3276,3355
423,2016-08-12,55,3226,3281
423,2016-08-13,15,1761,1776
423,2016-08-14,14,1338,1352
423,2016-08-15,14,1239,1253
423,2016-08-16,111,3426,3537
423,2016-08-17,70,3323,3393
423,2016-08-18,83,3368,3451
423,2016-08-19,75,3222,3297
423,2016-08-20,30,1555,1585
423,2016-08-21,14,1153,1167
423,2016-08-22,114,5989,6103
423,2016-08-24,87,6556,6643
423,2016-08-25,111,6540,6651
423,2016-08-26,85,4508,4593
423,2016-08-27,26,1935,1961
423,2016-08-28,8,1291,1299
423,2016-08-29,120,4406,4526
423,2016-08-30,121,4539,4660
423,2016-09-01,102,4267,4369
423,2016-09-02,108,4100,4208
423,2016-09-03,60,1917,1977
423,2016-09-04,10,1200,1210
423,2016-09-05,151,4150,4301
423,2016-09-06,154,4638,4792
423,2016-09-07,154,4434,4588
423,2016-09-09,151,4714,4865
423,2016-09-10,34,2182,2216
423,2016-09-11,31,1474,1505
423,2016-09-12,115,4778,4893
423,2016-09-13,140,4995,5135
423,2016-09-14,110,4921,5031
423,2016-09-16,106,5076,5182
423,2016-09-17,33,2229,2262
423,2016-09-18,11,957,968
423,2016-09-19,117,4899,5016
423,2016-09-20,127,5191,5318
423,2016-09-21,143,5096,5239
423,2016-09-23,143,5227,5370
423,2016-09-24,29,2735,2764
423,2016-09-25,8,2012,2020
423,2016-09-26,133,5024,5157
423,2016-09-27,135,5371,5506
423,2016-09-28,113,5281,5394
423,2016-09-29,105,5228,5333
423,2016-10-01,22,2402,2424
423,2016-10-02,7,1865,1872
423,2016-10-03,93,5274,5367
423,2016-10-04,167,5898,6065
423,2016-10-05,128,5373,5501
423,2016-10-06,120,5296,5416
423,2016-10-07,142,5372,5514
423,2016-10-15,54,2353,2407
423,2016-10-16,12,1522,1534
423,2016-10-17,286,5111,5397
423,2016-10-18,318,5085,5403
423,2016-10-19,341,5208,5549
423,2016-10-20,291,5209,5500
423,2016-10-21,322,5200,5522
423,2016-10-22,50,2301,2351
423,2016-10-23,6,1423,1429
423,2016-10-24,255,5026,5281
423,2016-10-25,289,5904,6193
423,2016-10-26,298,8920,9218
423,2016-10-27,354,9253,9607
423,2016-10-28,316,8373,8689
423,2016-10-29,160,3469,3629
423,2016-10-30,9,1549,1558
423,2016-11-01,15,1462,1477
423,2016-11-02,267,4547,4814
423,2016-11-03,250,4653,4903
423,2016-11-04,321,4676,4997
423,2016-11-05,66,2444,2510
423,2016-11-06,2,1410,1412
423,2016-11-07,310,5089,5399
423,2016-11-08,331,5328,5659
423,2016-11-09,286,5197,5483
423,2016-11-10,297,5268,5565
423,2016-11-11,300,5210,5510
423,2016-11-12,57,2311,2368
423,2016-11-13,10,1263,1273
423,2016-11-14,276,5105,5381
423,2016-11-15,347,5383,5730
423,2016-11-16,306,5194,5500
423,2016-11-17,338,5191,5529
423,2016-11-18,300,5269,5569
423,2016-11-19,49,2254,2303
423,2016-11-20,7,1290,1297
423,2016-11-21,255,5095,5350
423,2016-11-22,329,5242,5571
423,2016-11-23,328,5286,5614
423,2016-11-24,325,5290,5615
423,2016-11-25,329,5302,5631
423,2016-11-26,56,2141,2197
423,2016-11-27,11,1363,1374
423,2016-11-28,346,4312,4658
423,2016-11-29,422,5222,5644
423,2016-11-30,374,5466,5840
423,2016-12-01,422,5061,5483
423,2016-12-02,303,5136,5439
423,2016-12-03,113,2135,2248
423,2016-12-04,12,1433,1445
423,2016-12-05,301,4943,5244
423,2016-12-06,390,4846,5236
423,2016-12-07,450,5260,5710
423,2016-12-08,364,5325,5689
423,2016-12-09,404,5112,5516
423,2016-12-10,36,2102,2138
423,2016-12-11,10,1339,1349
423,2016-12-12,278,4981,5259
423,2016-12-13,334,5411,5745
423,2016-12-14,386,5308,5694
423,2016-12-15,351,5317,5668
423,2016-12-16,254,4962,5216
423,2016-12-17,39,2133,2172
423,2016-12-18,9,1277,1286
423,2016-12-19,278,4757,5035
423,2016-12-20,370,4872,5242
423,2016-12-21,288,4675,4963
423,2016-12-22,268,4720,4988
423,2016-12-23,134,4168,4302
423,2016-12-24,15,1577,1592
423,2016-12-25,4,951,955
423,2016-12-26,9,995,1004
423,2016-12-27,98,2405,2503
423,2016-12-28,85,2534,2619
423,2016-12-29,92,2513,2605
423,2016-12-30,78,2363,2441
423,2016-12-31,15,1253,1268
424,2016-01-01,NA,969,NA
424,2016-01-03,56,1368,1424
424,2016-01-04,34,5130,5164
424,2016-01-05,17,5351,5368
424,2016-01-06,33,5273,5306
424,2016-01-07,41,5424,5465
424,2016-01-08,37,5399,5436
424,2016-01-10,NA,1488,NA
424,2016-01-11,35,5899,5934
424,2016-01-12,18,6092,6110
424,2016-01-13,34,5851,5885
424,2016-01-14,30,5633,5663
424,2016-01-15,31,4673,4704
424,2016-01-17,4,1284,1288
424,2016-01-18,34,5460,5494
424,2016-01-19,22,5574,5596
424,2016-01-20,46,5441,5487
424,2016-01-21,26,5762,5788
424,2016-01-22,40,5282,5322
424,2016-01-24,NA,2159,NA
424,2016-01-25,37,5783,5820
424,2016-01-26,26,6097,6123
424,2016-01-27,51,5731,5782
424,2016-01-28,22,6020,6042
424,2016-01-29,41,5944,5985
424,2016-01-31,6,2083,2089
424,2016-02-01,43,5845,5888
424,2016-02-02,23,6019,6042
424,2016-02-03,38,5654,5692
424,2016-02-04,31,5873,5904
424,2016-02-05,32,6260,6292
424,2016-02-08,2,3860,3862
424,2016-02-10,17,4385,4402
424,2016-02-11,12,4190,4202
424,2016-02-12,14,4215,4229
424,2016-02-13,8,1716,1724
424,2016-02-15,36,5307,5343
424,2016-02-16,26,5621,5647
424,2016-02-17,49,5423,5472
424,2016-02-18,19,2461,2480
424,2016-02-19,41,5084,5125
424,2016-02-20,NA,2597,NA
424,2016-02-22,37,5879,5916
424,2016-02-23,28,5898,5926
424,2016-02-24,49,5907,5956
424,2016-02-25,24,5996,6020
424,2016-02-26,44,6080,6124
424,2016-02-27,NA,2322,NA
424,2016-02-29,34,5796,5830
424,2016-03-01,35,5859,5894
424,2016-03-02,42,5929,5971
424,2016-03-03,29,5836,5865
424,2016-03-04,49,5748,5797
424,2016-03-05,2,2512,2514
424,2016-03-06,NA,1755,NA
424,2016-03-08,26,5885,5911
424,2016-03-09,38,5762,5800
424,2016-03-10,25,5797,5822
424,2016-03-11,42,6148,6190
424,2016-03-12,8,2906,2914
424,2016-03-13,3,1917,1920
424,2016-03-15,31,6035,6066
424,2016-03-16,38,5583,5621
424,2016-03-17,38,5987,6025
424,2016-03-18,49,5930,5979
424,2016-03-19,2,2518,2520
424,2016-03-20,6,2051,2057
424,2016-03-22,28,5801,5829
424,2016-03-23,42,5616,5658
424,2016-03-24,20,5789,5809
424,2016-03-25,51,4662,4713
424,2016-03-26,2,1963,1965
424,2016-03-30,8,4634,4642
424,2016-03-31,18,4366,4384
424,2016-04-01,18,4160,4178
424,2016-04-02,2,2202,2204
424,2016-04-03,4,1537,1541
424,2016-04-05,37,4586,4623
424,2016-04-06,19,4446,4465
424,2016-04-07,16,4605,4621
424,2016-04-08,16,4715,4731
424,2016-04-09,3,1993,1996
424,2016-04-10,NA,1600,NA
424,2016-04-12,26,5280,5306
424,2016-04-13,42,5425,5467
424,2016-04-14,29,5469,5498
424,2016-04-15,49,5474,5523
424,2016-04-16,7,2764,2771
424,2016-04-17,3,1869,1872
424,2016-04-19,35,6185,6220
424,2016-04-20,50,6164,6214
424,2016-04-21,36,6096,6132
424,2016-04-22,59,6080,6139
424,2016-04-23,NA,2744,NA
424,2016-04-24,14,1864,1878
424,2016-04-26,34,6105,6139
424,2016-04-27,43,6054,6097
424,2016-04-28,32,5966,5998
424,2016-04-29,35,6172,6207
424,2016-04-30,18,2816,2834
424,2016-05-01,NA,1552,NA
424,2016-05-02,37,6117,6154
424,2016-05-04,43,6321,6364
424,2016-05-05,11,1688,1699
424,2016-05-06,37,4241,4278
424,2016-05-07,2,2434,2436
424,2016-05-08,2,2427,2429
424,2016-05-09,47,5779,5826
424,2016-05-11,40,5992,6032
424,2016-05-12,24,5904,5928
424,2016-05-13,42,5864,5906
424,2016-05-14,11,2066,2077
424,2016-05-15,2,1340,1342
424,2016-05-16,6,1340,1346
424,2016-05-18,25,5015,5040
424,2016-05-19,21,5163,5184
424,2016-05-20,12,5131,5143
424,2016-05-21,5,2113,2118
424,2016-05-22,16,1439,1455
424,2016-05-23,38,5910,5948
424,2016-05-25,41,6015,6056
424,2016-05-26,34,6010,6044
424,2016-05-27,48,5806,5854
424,2016-05-28,4,2670,2674
424,2016-05-29,2,2098,2100
424,2016-05-30,42,5798,5840
424,2016-06-01,50,6263,6313
424,2016-06-02,46,7767,7813
424,2016-06-03,44,5834,5878
424,2016-06-04,2,2238,2240
424,2016-06-05,2,1583,1585
424,2016-06-06,45,6196,6241
424,2016-06-08,48,5720,5768
424,2016-06-09,27,6327,6354
424,2016-06-10,49,6318,6367
424,2016-06-11,10,2550,2560
424,2016-06-12,2,1854,1856
424,2016-06-13,38,5493,5531
424,2016-06-15,54,5591,5645
424,2016-06-16,40,5629,5669
424,2016-06-17,41,4303,4344
424,2016-06-18,3,1293,1296
424,2016-06-19,NA,1265,NA
424,2016-06-20,35,3945,3980
424,2016-06-22,40,5249,5289
424,2016-06-23,5,1736,1741
424,2016-06-24,57,4281,4338
424,2016-06-25,4,1970,1974
424,2016-06-26,6,1694,1700
424,2016-06-27,37,5423,5460
424,2016-06-29,46,5888,5934
424,2016-06-30,29,5759,5788
424,2016-07-01,42,5859,5901
424,2016-07-02,4,2561,2565
424,2016-07-03,3,1704,1707
424,2016-07-04,47,5878,5925
424,2016-07-06,51,5830,5881
424,2016-07-07,34,6642,6676
424,2016-07-08,46,6281,6327
424,2016-07-09,6,2855,2861
424,2016-07-10,3,1874,1877
424,2016-07-11,53,5885,5938
424,2016-07-12,39,6330,6369
424,2016-07-14,36,5402,5438
424,2016-07-15,42,2661,2703
424,2016-07-16,NA,721,NA
424,2016-07-17,NA,731,NA
424,2016-07-18,9,3300,3309
424,2016-07-19,21,5063,5084
424,2016-07-21,12,4654,4666
424,2016-07-22,20,5383,5403
424,2016-07-23,6,1720,1726
424,2016-07-24,2,1568,1570
424,2016-07-25,20,4725,4745
424,2016-07-26,15,4740,4755
424,2016-07-28,14,4725,4739
424,2016-07-29,16,4641,4657
424,2016-07-30,4,1987,1991
424,2016-07-31,3,1632,1635
424,2016-08-01,18,3884,3902
424,2016-08-02,13,3935,3948
424,2016-08-04,9,3799,3808
424,2016-08-05,15,3865,3880
424,2016-08-06,4,1732,1736
424,2016-08-07,17,1480,1497
424,2016-08-08,10,3678,3688
424,2016-08-09,14,3710,3724
424,2016-08-11,13,3603,3616
424,2016-08-12,6,3517,3523
424,2016-08-13,4,1694,1698
424,2016-08-14,3,1321,1324
424,2016-08-15,2,1314,1316
424,2016-08-16,19,3835,3854
424,2016-08-18,8,3640,3648
424,2016-08-19,10,3763,3773
424,2016-08-20,10,1636,1646
424,2016-08-21,4,1237,1241
424,2016-08-22,13,4269,4282
424,2016-08-23,12,4297,4309
424,2016-08-25,11,3931,3942
424,2016-08-26,11,4076,4087
424,2016-08-27,9,1730,1739
424,2016-08-28,NA,1578,NA
424,2016-08-29,17,4602,4619
424,2016-08-30,11,4747,4758
424,2016-09-01,14,4564,4578
424,2016-09-02,31,5553,5584
424,2016-09-03,6,2352,2358
424,2016-09-04,38,1695,1733
424,2016-09-05,12,5097,5109
424,2016-09-06,21,5465,5486
424,2016-09-08,35,5675,5710
424,2016-09-09,24,5396,5420
424,2016-09-10,5,2321,2326
424,2016-09-11,NA,1770,NA
424,2016-09-12,16,5638,5654
424,2016-09-13,36,5918,5954
424,2016-09-15,24,5876,5900
424,2016-09-16,50,6137,6187
424,2016-09-17,7,2603,2610
424,2016-09-18,4,1841,1845
424,2016-09-19,34,5854,5888
424,2016-09-22,35,6267,6302
424,2016-09-23,44,6204,6248
424,2016-09-24,4,2942,2946
424,2016-09-25,8,2178,2186
424,2016-09-26,37,5875,5912
424,2016-09-27,27,6058,6085
424,2016-09-29,33,6282,6315
424,2016-09-30,46,6105,6151
424,2016-10-01,2,2946,2948
424,2016-10-02,5,2123,2128
424,2016-10-03,35,5926,5961
424,2016-10-04,35,6262,6297
424,2016-10-06,23,6379,6402
424,2016-10-07,41,6178,6219
424,2016-10-08,2,2456,2458
424,2016-10-09,2,1663,1665
424,2016-10-10,32,6004,6036
424,2016-10-11,28,6200,6228
424,2016-10-12,48,6145,6193
424,2016-10-14,34,5986,6020
424,2016-10-15,4,2941,2945
424,2016-10-16,9,2525,2534
424,2016-10-17,30,5823,5853
424,2016-10-18,21,5108,5129
424,2016-10-19,38,5595,5633
424,2016-10-21,42,5857,5899
424,2016-10-22,3,2687,2690
424,2016-10-23,2,1774,1776
424,2016-10-24,36,5466,5502
424,2016-10-25,24,5862,5886
424,2016-10-26,49,5745,5794
424,2016-10-28,37,6199,6236
424,2016-10-29,3,2270,2273
424,2016-10-30,3,1778,1781
424,2016-10-31,6,3420,3426
424,2016-11-01,2,1589,1591
424,2016-11-02,15,4942,4957
424,2016-11-04,38,5394,5432
424,2016-11-05,3,2459,2462
424,2016-11-06,4,1575,1579
424,2016-11-07,46,5728,5774
424,2016-11-08,25,6160,6185
424,2016-11-09,44,5965,6009
424,2016-11-11,46,5899,5945
424,2016-11-12,5,3347,3352
424,2016-11-13,2,1527,1529
424,2016-11-14,34,5899,5933
424,2016-11-15,26,6237,6263
424,2016-11-16,39,6109,6148
424,2016-11-18,34,6224,6258
424,2016-11-19,2,2742,2744
424,2016-11-20,4,1816,1820
424,2016-11-21,28,6054,6082
424,2016-11-22,14,6138,6152
424,2016-11-23,33,6169,6202
424,2016-11-25,49,6252,6301
424,2016-11-26,6,3037,3043
424,2016-11-27,2,1924,1926
424,2016-11-28,36,5957,5993
424,2016-11-29,26,6254,6280
424,2016-11-30,36,6120,6156
424,2016-12-02,45,6179,6224
424,2016-12-03,4,2817,2821
424,2016-12-04,NA,2025,NA
424,2016-12-05,38,5998,6036
424,2016-12-06,18,5464,5482
424,2016-12-07,44,6145,6189
424,2016-12-09,41,6041,6082
424,2016-12-10,5,2801,2806
424,2016-12-11,3,1848,1851
424,2016-12-12,30,5848,5878
424,2016-12-13,23,6340,6363
424,2016-12-14,39,6342,6381
424,2016-12-15,31,6280,6311
424,2016-12-17,6,2498,2504
424,2016-12-18,2,1716,1718
424,2016-12-19,36,5427,5463
424,2016-12-20,32,5709,5741
424,2016-12-21,38,5521,5559
424,2016-12-22,22,5506,5528
424,2016-12-24,2,1534,1536
424,2016-12-25,NA,1257,NA
424,2016-12-26,8,1150,1158
424,2016-12-27,2,2521,2523
424,2016-12-28,6,2588,2594
424,2016-12-29,6,2573,2579
424,2016-12-31,2,1217,1219
425,2016-01-01,28,3275,3303
425,2016-01-02,75,6052,6127
425,2016-01-03,18,4482,4500
425,2016-01-04,139,9106,9245
425,2016-01-05,120,10021,10141
425,2016-01-07,131,10269,10400
425,2016-01-08,161,11017,11178
425,2016-01-09,107,7576,7683
425,2016-01-10,23,4603,4626
425,2016-01-11,130,10328,10458
425,2016-01-12,143,10836,10979
425,2016-01-14,126,9385,9511
425,2016-01-15,101,8967,9068
425,2016-01-16,107,7546,7653
425,2016-01-17,31,4936,4967
425,2016-01-18,186,10735,10921
425,2016-01-19,196,10959,11155
425,2016-01-21,182,10842,11024
425,2016-01-22,189,10433,10622
425,2016-01-23,86,7215,7301
425,2016-01-24,19,4753,4772
425,2016-01-25,167,10393,10560
425,2016-01-26,153,11001,11154
425,2016-01-28,169,11023,11192
425,2016-01-29,172,11338,11510
425,2016-01-30,100,7352,7452
425,2016-01-31,23,4698,4721
425,2016-02-01,164,10212,10376
425,2016-02-02,136,10955,11091
425,2016-02-04,141,10786,10927
425,2016-02-05,159,10962,11121
425,2016-02-06,94,6768,6862
425,2016-02-07,25,3915,3940
425,2016-02-08,50,7750,7800
425,2016-02-09,76,8786,8862
425,2016-02-11,142,9616,9758
425,2016-02-12,151,10205,10356
425,2016-02-13,91,6393,6484
425,2016-02-14,23,4919,4942
425,2016-02-15,181,10369,10550
425,2016-02-16,174,11068,11242
425,2016-02-18,165,10949,11114
425,2016-02-19,167,10887,11054
425,2016-02-20,72,7396,7468
425,2016-02-21,18,5059,5077
425,2016-02-22,159,10150,10309
425,2016-02-23,149,11179,11328
425,2016-02-25,173,11204,11377
425,2016-02-26,180,11526,11706
425,2016-02-27,84,8179,8263
425,2016-02-28,22,5059,5081
425,2016-02-29,180,10830,11010
425,2016-03-01,175,11150,11325
425,2016-03-03,154,11118,11272
425,2016-03-04,164,11095,11259
425,2016-03-05,92,7790,7882
425,2016-03-06,26,4880,4906
425,2016-03-07,182,10261,10443
425,2016-03-08,175,10886,11061
425,2016-03-10,191,12002,12193
425,2016-03-11,200,11716,11916
425,2016-03-12,220,8695,8915
425,2016-03-13,24,5343,5367
425,2016-03-14,183,10396,10579
425,2016-03-15,177,11141,11318
425,2016-03-17,212,11558,11770
425,2016-03-18,203,11815,12018
425,2016-03-19,107,8311,8418
425,2016-03-20,29,5092,5121
425,2016-03-21,169,10289,10458
425,2016-03-22,204,11230,11434
425,2016-03-24,200,11546,11746
425,2016-03-25,136,10713,10849
425,2016-03-26,174,7071,7245
425,2016-03-28,108,3713,3821
425,2016-03-29,244,10272,10516
425,2016-04-01,378,10484,10862
425,2016-04-02,197,7101,7298
425,2016-04-03,102,4514,4616
425,2016-04-04,273,9689,9962
425,2016-04-05,228,10273,10501
425,2016-04-07,281,10725,11006
425,2016-04-08,278,11141,11419
425,2016-04-09,195,8201,8396
425,2016-04-10,118,5900,6018
425,2016-04-11,213,10835,11048
425,2016-04-12,214,11353,11567
425,2016-04-14,203,12137,12340
425,2016-04-15,213,11707,11920
425,2016-04-16,112,8217,8329
425,2016-04-17,39,5643,5682
425,2016-04-18,175,10939,11114
425,2016-04-19,214,11875,12089
425,2016-04-21,216,12118,12334
425,2016-04-22,223,12280,12503
425,2016-04-23,114,8405,8519
425,2016-04-24,39,5396,5435
425,2016-04-25,197,10710,10907
425,2016-04-26,254,11504,11758
425,2016-04-28,196,12095,12291
425,2016-04-29,236,12519,12755
425,2016-04-30,110,8651,8761
425,2016-05-01,68,5412,5480
425,2016-05-02,217,11034,11251
425,2016-05-03,229,12226,12455
425,2016-05-05,27,5317,5344
425,2016-05-06,190,10595,10785
425,2016-05-07,109,8105,8214
425,2016-05-08,60,5586,5646
425,2016-05-09,242,11134,11376
425,2016-05-10,217,11832,12049
425,2016-05-12,217,12175,12392
425,2016-05-13,274,11894,12168
425,2016-05-14,173,8342,8515
425,2016-05-15,96,5210,5306
425,2016-05-16,33,4670,4703
425,2016-05-17,194,10775,10969
425,2016-05-19,199,10976,11175
425,2016-05-20,153,11065,11218
425,2016-05-21,151,7612,7763
425,2016-05-22,18,4972,4990
425,2016-05-23,172,10672,10844
425,2016-05-24,185,11898,12083
425,2016-05-26,173,11798,11971
425,2016-05-27,175,11066,11241
425,2016-05-28,81,6832,6913
425,2016-05-29,20,4419,4439
425,2016-05-30,35,2827,2862
425,2016-05-31,77,8621,8698
425,2016-06-02,130,9611,9741
425,2016-06-03,185,11030,11215
425,2016-06-04,120,8414,8534
425,2016-06-05,38,4478,4516
425,2016-06-06,264,9708,9972
425,2016-06-07,238,9632,9870
425,2016-06-09,136,8690,8826
425,2016-06-10,257,9496,9753
425,2016-06-11,156,4932,5088
425,2016-06-12,35,2949,2984
425,2016-06-13,144,4373,4517
425,2016-06-14,69,6454,6523
425,2016-06-16,107,6820,6927
425,2016-06-17,179,6394,6573
425,2016-06-18,144,4595,4739
425,2016-06-19,68,2498,2566
425,2016-06-20,91,6141,6232
425,2016-06-21,88,6518,6606
425,2016-06-23,15,3092,3107
425,2016-06-24,95,4955,5050
425,2016-06-25,38,2498,2536
425,2016-06-26,18,2139,2157
425,2016-06-27,76,4783,4859
425,2016-06-28,92,5721,5813
425,2016-06-30,140,5273,5413
425,2016-07-01,80,5753,5833
425,2016-07-02,60,3219,3279
425,2016-07-03,2,1854,1856
425,2016-07-04,52,3850,3902
425,2016-07-05,100,7432,7532
425,2016-07-07,104,5936,6040
425,2016-07-08,84,5040,5124
425,2016-07-09,27,2708,2735
425,2016-07-10,12,1938,1950
425,2016-07-11,57,4517,4574
425,2016-07-12,75,4697,4772
425,2016-07-14,55,5202,5257
425,2016-07-15,47,4422,4469
425,2016-07-16,90,2841,2931
425,2016-07-17,18,1592,1610
425,2016-07-18,62,3579,3641
425,2016-07-19,126,4081,4207
425,2016-07-21,93,5983,6076
425,2016-07-22,72,6269,6341
425,2016-07-23,48,4703,4751
425,2016-07-24,5,2201,2206
425,2016-07-25,70,4747,4817
425,2016-07-26,49,6391,6440
425,2016-07-28,75,5721,5796
425,2016-07-29,64,5720,5784
425,2016-07-30,49,3519,3568
425,2016-07-31,8,2296,2304
425,2016-08-01,69,5144,5213
425,2016-08-02,92,7415,7507
425,2016-08-04,67,5859,5926
425,2016-08-05,63,4922,4985
425,2016-08-06,40,3003,3043
425,2016-08-07,18,1875,1893
425,2016-08-08,66,4480,4546
425,2016-08-09,64,4070,4134
425,2016-08-11,58,4528,4586
425,2016-08-12,57,4178,4235
425,2016-08-13,96,2790,2886
425,2016-08-14,20,1882,1902
425,2016-08-15,10,2033,2043
425,2016-08-16,104,4227,4331
425,2016-08-18,54,4172,4226
425,2016-08-19,51,4060,4111
425,2016-08-20,40,2909,2949
425,2016-08-21,30,2031,2061
425,2016-08-22,63,4166,4229
425,2016-08-23,78,4566,4644
425,2016-08-25,168,4825,4993
425,2016-08-26,70,4874,4944
425,2016-08-27,108,3134,3242
425,2016-08-28,24,2175,2199
425,2016-08-29,78,4349,4427
425,2016-08-30,89,4685,4774
425,2016-09-01,75,4763,4838
425,2016-09-02,73,4765,4838
425,2016-09-03,62,3061,3123
425,2016-09-04,16,2776,2792
425,2016-09-05,114,4279,4393
425,2016-09-06,79,4805,4884
425,2016-09-08,124,4923,5047
425,2016-09-09,190,5003,5193
425,2016-09-10,102,3346,3448
425,2016-09-11,52,2727,2779
425,2016-09-12,95,4943,5038
425,2016-09-13,105,5689,5794
425,2016-09-16,88,5390,5478
425,2016-09-17,122,3467,3589
425,2016-09-18,20,2326,2346
425,2016-09-19,190,4819,5009
425,2016-09-20,176,5093,5269
425,2016-09-21,194,5066,5260
425,2016-09-23,240,5472,5712
425,2016-09-24,122,4408,4530
425,2016-09-25,28,3075,3103
425,2016-09-26,94,5002,5096
425,2016-09-27,105,5544,5649
425,2016-09-28,100,5603,5703
425,2016-09-30,84,5724,5808
425,2016-10-01,49,5401,5450
425,2016-10-02,22,2371,2393
425,2016-10-03,91,5369,5460
425,2016-10-04,117,6610,6727
425,2016-10-05,141,8672,8813
425,2016-10-07,157,9342,9499
425,2016-10-08,126,7302,7428
425,2016-10-09,30,4494,4524
425,2016-10-10,169,9276,9445
425,2016-10-11,183,10430,10613
425,2016-10-12,171,10592,10763
425,2016-10-14,199,11054,11253
425,2016-10-15,78,7840,7918
425,2016-10-16,50,5810,5860
425,2016-10-17,183,9981,10164
425,2016-10-18,175,10481,10656
425,2016-10-19,191,10198,10389
425,2016-10-21,201,11009,11210
425,2016-10-22,106,7612,7718
425,2016-10-23,25,5140,5165
425,2016-10-24,142,9423,9565
425,2016-10-25,175,10620,10795
425,2016-10-26,183,10579,10762
425,2016-10-28,221,10820,11041
425,2016-10-29,117,7828,7945
425,2016-10-30,37,5621,5658
425,2016-10-31,122,7864,7986
425,2016-11-01,28,4213,4241
425,2016-11-02,163,9782,9945
425,2016-11-04,166,10181,10347
425,2016-11-05,103,6861,6964
425,2016-11-06,27,4232,4259
425,2016-11-07,190,9985,10175
425,2016-11-08,196,10602,10798
425,2016-11-09,147,10016,10163
425,2016-11-11,215,11208,11423
425,2016-11-12,124,7985,8109
425,2016-11-13,29,4686,4715
425,2016-11-14,183,10161,10344
425,2016-11-15,141,10797,10938
425,2016-11-16,170,10582,10752
425,2016-11-18,130,12822,12952
425,2016-11-19,120,8092,8212
425,2016-11-20,21,4931,4952
425,2016-11-21,136,9974,10110
425,2016-11-22,151,10592,10743
425,2016-11-23,189,10307,10496
425,2016-11-25,180,11250,11430
425,2016-11-26,110,7985,8095
425,2016-11-27,26,5013,5039
425,2016-11-28,196,10090,10286
425,2016-11-29,163,10843,11006
425,2016-11-30,166,10398,10564
425,2016-12-02,171,11228,11399
425,2016-12-03,99,7813,7912
425,2016-12-04,24,5361,5385
425,2016-12-05,174,10179,10353
425,2016-12-06,155,10696,10851
425,2016-12-07,177,10512,10689
425,2016-12-09,170,11078,11248
425,2016-12-10,89,7742,7831
425,2016-12-11,31,4915,4946
425,2016-12-12,168,10304,10472
425,2016-12-13,150,11033,11183
425,2016-12-14,142,10426,10568
425,2016-12-16,169,11186,11355
425,2016-12-17,108,7831,7939
425,2016-12-18,28,4939,4967
425,2016-12-19,172,9843,10015
425,2016-12-20,153,10523,10676
425,2016-12-21,164,10422,10586
425,2016-12-23,151,10103,10254
425,2016-12-24,71,5753,5824
425,2016-12-25,18,3556,3574
425,2016-12-26,30,3463,3493
425,2016-12-27,138,7234,7372
425,2016-12-28,118,7090,7208
425,2016-12-30,107,7570,7677
425,2016-12-31,81,4859,4940
426,2016-01-01,112,2242,2354
426,2016-01-02,154,3065,3219
426,2016-01-03,116,3200,3316
426,2016-01-04,246,6228,6474
426,2016-01-05,256,6618,6874
426,2016-01-06,264,6941,7205
426,2016-01-08,240,7233,7473
426,2016-01-09,134,4117,4251
426,2016-01-10,112,3116,3228
426,2016-01-11,222,7088,7310
426,2016-01-12,318,7646,7964
426,2016-01-13,270,7580,7850
426,2016-01-15,244,6607,6851
426,2016-01-16,146,4028,4174
426,2016-01-17,126,3087,3213
426,2016-01-18,266,7100,7366
426,2016-01-19,261,7293,7554
426,2016-01-20,258,7166,7424
426,2016-01-22,268,6890,7158
426,2016-01-23,136,3961,4097
426,2016-01-24,134,3170,3304
426,2016-01-25,240,7242,7482
426,2016-01-26,239,7336,7575
426,2016-01-27,266,7464,7730
426,2016-01-28,308,7756,8064
426,2016-01-30,152,4308,4460
426,2016-01-31,136,3595,3731
426,2016-02-01,289,7403,7692
426,2016-02-02,278,7462,7740
426,2016-02-03,282,7420,7702
426,2016-02-04,312,7460,7772
426,2016-02-05,252,7689,7941
426,2016-02-07,120,2634,2754
426,2016-02-08,254,5402,5656
426,2016-02-09,264,5878,6142
426,2016-02-10,276,6332,6608
426,2016-02-11,249,6500,6749
426,2016-02-12,270,6499,6769
426,2016-02-14,116,2832,2948
426,2016-02-15,220,6930,7150
426,2016-02-16,268,7370,7638
426,2016-02-17,284,7564,7848
426,2016-02-18,281,7940,8221
426,2016-02-19,261,7400,7661
426,2016-02-21,95,3623,3718
426,2016-02-22,296,7256,7552
426,2016-02-23,278,7365,7643
426,2016-02-24,285,7607,7892
426,2016-02-25,266,7783,8049
426,2016-02-26,268,7739,8007
426,2016-02-28,108,3587,3695
426,2016-02-29,263,7430,7693
426,2016-03-01,265,7497,7762
426,2016-03-02,284,7530,7814
426,2016-03-03,228,7243,7471
426,2016-03-04,326,7370,7696
426,2016-03-06,125,3503,3628
426,2016-03-07,259,7378,7637
426,2016-03-08,288,7460,7748
426,2016-03-09,270,7328,7598
426,2016-03-10,258,8944,9202
426,2016-03-11,269,7898,8167
426,2016-03-13,117,3818,3935
426,2016-03-14,287,7345,7632
426,2016-03-15,328,7993,8321
426,2016-03-16,294,7673,7967
426,2016-03-17,257,8021,8278
426,2016-03-18,262,7919,8181
426,2016-03-19,154,4726,4880
426,2016-03-20,112,3641,3753
426,2016-03-22,265,7456,7721
426,2016-03-23,257,7583,7840
426,2016-03-24,280,7624,7904
426,2016-03-25,300,7208,7508
426,2016-03-26,162,4092,4254
426,2016-03-30,296,6516,6812
426,2016-03-31,235,6431,6666
426,2016-04-01,274,6586,6860
426,2016-04-02,180,4146,4326
426,2016-04-03,123,3333,3456
426,2016-04-04,216,7916,8132
426,2016-04-05,330,7274,7604
426,2016-04-06,348,7346,7694
426,2016-04-07,322,7546,7868
426,2016-04-08,281,8256,8537
426,2016-04-09,242,8582,8824
426,2016-04-10,144,5794,5938
426,2016-04-11,265,7731,7996
426,2016-04-12,314,7854,8168
426,2016-04-13,269,8182,8451
426,2016-04-14,296,8336,8632
426,2016-04-16,184,4808,4992
426,2016-04-17,115,3957,4072
426,2016-04-18,317,7899,8216
426,2016-04-19,291,8159,8450
426,2016-04-20,274,8460,8734
426,2016-04-21,307,8208,8515
426,2016-04-22,308,8251,8559
426,2016-04-24,117,4079,4196
426,2016-04-25,316,7560,7876
426,2016-04-26,310,8316,8626
426,2016-04-27,324,7956,8280
426,2016-04-28,312,8707,9019
426,2016-04-29,314,8240,8554
426,2016-05-01,119,3866,3985
426,2016-05-02,291,7994,8285
426,2016-05-03,294,8180,8474
426,2016-05-04,290,8236,8526
426,2016-05-05,108,3980,4088
426,2016-05-06,248,6697,6945
426,2016-05-07,156,4691,4847
426,2016-05-08,124,4291,4415
426,2016-05-09,303,7885,8188
426,2016-05-10,296,8260,8556
426,2016-05-11,276,8213,8489
426,2016-05-13,324,8212,8536
426,2016-05-14,155,4311,4466
426,2016-05-15,123,3245,3368
426,2016-05-16,116,3626,3742
426,2016-05-17,264,6894,7158
426,2016-05-18,259,7020,7279
426,2016-05-20,246,7289,7535
426,2016-05-21,147,4384,4531
426,2016-05-22,124,3342,3466
426,2016-05-23,284,7883,8167
426,2016-05-24,267,8276,8543
426,2016-05-25,277,8226,8503
426,2016-05-26,294,8440,8734
426,2016-05-28,182,5352,5534
426,2016-05-29,118,3546,3664
426,2016-05-30,252,7318,7570
426,2016-05-31,284,8130,8414
426,2016-06-01,304,8220,8524
426,2016-06-02,330,8258,8588
426,2016-06-04,241,5122,5363
426,2016-06-05,136,3806,3942
426,2016-06-06,281,7873,8154
426,2016-06-07,306,7988,8294
426,2016-06-08,284,7986,8270
426,2016-06-09,277,8542,8819
426,2016-06-10,289,8420,8709
426,2016-06-12,118,3784,3902
426,2016-06-13,304,7928,8232
426,2016-06-14,306,7898,8204
426,2016-06-15,316,7962,8278
426,2016-06-16,314,7904,8218
426,2016-06-17,304,8286,8590
426,2016-06-18,178,4966,5144
426,2016-06-19,97,4198,4295
426,2016-06-20,298,7586,7884
426,2016-06-21,247,8054,8301
426,2016-06-22,286,8294,8580
426,2016-06-23,102,3976,4078
426,2016-06-25,176,3936,4112
426,2016-06-26,122,3800,3922
426,2016-06-27,291,7822,8113
426,2016-06-28,323,7906,8229
426,2016-06-29,332,7406,7738
426,2016-06-30,304,8159,8463
426,2016-07-02,186,4514,4700
426,2016-07-03,124,3822,3946
426,2016-07-04,255,7717,7972
426,2016-07-05,305,8030,8335
426,2016-07-06,281,7932,8213
426,2016-07-07,273,8653,8926
426,2016-07-09,192,4686,4878
426,2016-07-10,128,4079,4207
426,2016-07-11,315,8005,8320
426,2016-07-12,301,8086,8387
426,2016-07-13,340,8044,8384
426,2016-07-14,338,7834,8172
426,2016-07-15,273,8083,8356
426,2016-07-16,144,4547,4691
426,2016-07-17,107,3728,3835
426,2016-07-18,256,7470,7726
426,2016-07-20,290,7813,8103
426,2016-07-21,324,7576,7900
426,2016-07-22,304,7598,7902
426,2016-07-23,196,4178,4374
426,2016-07-24,104,3543,3647
426,2016-07-25,287,7231,7518
426,2016-07-27,275,7753,8028
426,2016-07-28,272,7390,7662
426,2016-07-29,267,6805,7072
426,2016-07-30,176,3971,4147
426,2016-07-31,100,3319,3419
426,2016-08-01,220,5917,6137
426,2016-08-02,264,5704,5968
426,2016-08-04,254,6020,6274
426,2016-08-05,266,5821,6087
426,2016-08-06,168,3602,3770
426,2016-08-07,121,3386,3507
426,2016-08-08,244,5419,5663
426,2016-08-09,240,5476,5716
426,2016-08-10,232,5729,5961
426,2016-08-11,228,5809,6037
426,2016-08-12,236,5701,5937
426,2016-08-13,156,3612,3768
426,2016-08-14,119,3037,3156
426,2016-08-15,115,3219,3334
426,2016-08-16,242,5511,5753
426,2016-08-17,245,5628,5873
426,2016-08-18,292,5648,5940
426,2016-08-19,245,5475,5720
426,2016-08-20,148,3332,3480
426,2016-08-21,107,3140,3247
426,2016-08-22,268,6410,6678
426,2016-08-23,247,6326,6573
426,2016-08-24,240,6569,6809
426,2016-08-25,247,6620,6867
426,2016-08-26,269,6594,6863
426,2016-08-28,106,3400,3506
426,2016-08-29,270,6851,7121
426,2016-08-30,263,6857,7120
426,2016-08-31,285,7077,7362
426,2016-09-01,282,7155,7437
426,2016-09-02,259,7312,7571
426,2016-09-03,177,4156,4333
426,2016-09-04,110,3384,3494
426,2016-09-05,266,7228,7494
426,2016-09-06,315,7551,7866
426,2016-09-07,297,7603,7900
426,2016-09-09,336,7819,8155
426,2016-09-10,172,4413,4585
426,2016-09-11,130,3795,3925
426,2016-09-12,274,7555,7829
426,2016-09-13,308,7815,8123
426,2016-09-14,304,8058,8362
426,2016-09-16,311,8069,8380
426,2016-09-17,174,4722,4896
426,2016-09-18,111,3689,3800
426,2016-09-19,269,7746,8015
426,2016-09-20,296,7866,8162
426,2016-09-21,303,7929,8232
426,2016-09-23,297,8275,8572
426,2016-09-24,180,4861,5041
426,2016-09-25,112,4254,4366
426,2016-09-26,327,7826,8153
426,2016-09-27,305,7916,8221
426,2016-09-28,295,8188,8483
426,2016-09-30,298,8518,8816
426,2016-10-01,184,4694,4878
426,2016-10-02,124,3932,4056
426,2016-10-03,278,8330,8608
426,2016-10-04,302,8819,9121
426,2016-10-05,300,8163,8463
426,2016-10-08,168,4678,4846
426,2016-10-09,114,3567,3681
426,2016-10-10,280,7704,7984
426,2016-10-11,284,8027,8311
426,2016-10-12,302,8107,8409
426,2016-10-13,312,8463,8775
427,2016-01-01,2,1188,1190
427,2016-01-02,10,1562,1572
427,2016-01-03,4,1618,1622
427,2016-01-04,30,3044,3074
427,2016-01-05,48,3250,3298
427,2016-01-07,52,3406,3458
427,2016-01-08,57,3618,3675
427,2016-01-09,10,2065,2075
427,2016-01-10,24,1783,1807
427,2016-01-11,138,3472,3610
427,2016-01-12,94,4315,4409
427,2016-01-14,85,3602,3687
427,2016-01-15,87,3098,3185
427,2016-01-16,13,1870,1883
427,2016-01-17,12,1586,1598
427,2016-01-18,84,3369,3453
427,2016-01-19,95,3477,3572
427,2016-01-21,68,3588,3656
427,2016-01-22,100,3134,3234
427,2016-01-23,13,1977,1990
427,2016-01-24,4,1722,1726
427,2016-01-25,96,3745,3841
427,2016-01-26,125,3904,4029
427,2016-01-28,146,3964,4110
427,2016-01-29,131,4208,4339
427,2016-01-30,18,2422,2440
427,2016-01-31,4,1850,1854
427,2016-02-01,152,3784,3936
427,2016-02-02,153,4154,4307
427,2016-02-04,131,3962,4093
427,2016-02-05,144,3925,4069
427,2016-02-06,28,2134,2162
427,2016-02-07,4,1595,1599
427,2016-02-08,108,2492,2600
427,2016-02-09,122,2750,2872
427,2016-02-11,111,3237,3348
427,2016-02-12,109,3424,3533
427,2016-02-13,14,1984,1998
427,2016-02-14,NA,1841,NA
427,2016-02-15,123,3800,3923
427,2016-02-16,133,4008,4141
427,2016-02-18,112,4183,4295
427,2016-02-19,111,4000,4111
427,2016-02-20,24,2327,2351
427,2016-02-21,2,1955,1957
427,2016-02-22,78,3879,3957
427,2016-02-23,96,4036,4132
427,2016-02-25,185,4068,4253
427,2016-02-26,220,3925,4145
427,2016-02-27,72,2505,2577
427,2016-02-28,11,2016,2027
427,2016-02-29,140,4126,4266
427,2016-03-01,149,3899,4048
427,2016-03-03,142,3931,4073
427,2016-03-04,114,3682,3796
427,2016-03-05,22,2371,2393
427,2016-03-06,8,1897,1905
427,2016-03-07,88,3767,3855
427,2016-03-08,154,4080,4234
427,2016-03-10,190,5843,6033
427,2016-03-11,180,4183,4363
427,2016-03-12,77,2682,2759
427,2016-03-13,4,2305,2309
427,2016-03-14,201,3813,4014
427,2016-03-15,250,4635,4885
427,2016-03-17,198,4152,4350
427,2016-03-18,235,4127,4362
427,2016-03-19,32,2437,2469
427,2016-03-20,10,2073,2083
427,2016-03-21,219,3729,3948
427,2016-03-22,136,3955,4091
427,2016-03-24,260,4087,4347
427,2016-03-25,157,3780,3937
427,2016-03-26,26,2280,2306
427,2016-03-28,4,1488,1492
427,2016-03-29,156,3583,3739
427,2016-04-01,135,3552,3687
427,2016-04-02,28,2653,2681
427,2016-04-03,10,2028,2038
427,2016-04-04,166,3566,3732
427,2016-04-05,168,4008,4176
427,2016-04-07,237,4256,4493
427,2016-04-08,283,4634,4917
427,2016-04-09,149,6434,6583
427,2016-04-10,32,4238,4270
427,2016-04-11,256,4259,4515
427,2016-04-12,344,4182,4526
427,2016-04-14,227,5670,5897
427,2016-04-15,268,4547,4815
427,2016-04-16,76,2974,3050
427,2016-04-17,11,2445,2456
427,2016-04-18,301,4139,4440
427,2016-04-19,273,4268,4541
427,2016-04-21,262,4573,4835
427,2016-04-22,257,4445,4702
427,2016-04-23,48,2824,2872
427,2016-04-24,7,2245,2252
427,2016-04-25,215,4112,4327
427,2016-04-26,204,4524,4728
427,2016-04-28,160,4666,4826
427,2016-04-29,178,4416,4594
427,2016-04-30,75,2863,2938
427,2016-05-01,4,2212,2216
427,2016-05-02,230,4101,4331
427,2016-05-03,260,4554,4814
427,2016-05-05,10,2515,2525
427,2016-05-06,57,3680,3737
427,2016-05-07,36,2826,2862
427,2016-05-08,15,2542,2557
427,2016-05-09,243,4227,4470
427,2016-05-10,342,4716,5058
427,2016-05-12,310,4795,5105
427,2016-05-13,372,4700,5072
427,2016-05-14,62,2634,2696
427,2016-05-15,6,2071,2077
427,2016-05-16,6,1936,1942
427,2016-05-17,269,3739,4008
427,2016-05-19,254,3929,4183
427,2016-05-20,308,4023,4331
427,2016-05-21,67,2596,2663
427,2016-05-22,12,2030,2042
427,2016-05-23,215,4285,4500
427,2016-05-24,319,4823,5142
427,2016-05-26,346,4428,4774
427,2016-05-27,386,4452,4838
427,2016-05-28,28,3180,3208
427,2016-05-29,2,2120,2122
427,2016-05-30,100,4604,4704
427,2016-05-31,193,4795,4988
427,2016-06-02,332,4906,5238
427,2016-06-03,234,4924,5158
427,2016-06-04,58,2706,2764
427,2016-06-05,23,2317,2340
427,2016-06-06,200,4449,4649
427,2016-06-07,218,4863,5081
427,2016-06-09,223,5019,5242
427,2016-06-10,216,4888,5104
427,2016-06-11,32,3176,3208
427,2016-06-12,2,2644,2646
427,2016-06-13,314,3974,4288
427,2016-06-14,228,4516,4744
427,2016-06-16,190,4416,4606
427,2016-06-17,192,4476,4668
427,2016-06-18,40,3010,3050
427,2016-06-19,9,2619,2628
427,2016-06-20,220,4362,4582
427,2016-06-21,160,4390,4550
427,2016-06-23,4,2238,2242
427,2016-06-24,67,3542,3609
427,2016-06-25,18,2218,2236
427,2016-06-26,12,2249,2261
427,2016-06-27,286,4415,4701
427,2016-06-28,278,4555,4833
427,2016-06-30,283,4702,4985
427,2016-07-01,254,4672,4926
427,2016-07-02,24,2639,2663
427,2016-07-03,16,2481,2497
427,2016-07-04,244,4210,4454
427,2016-07-05,325,4365,4690
427,2016-07-07,331,4659,4990
427,2016-07-08,310,4718,5028
427,2016-07-09,55,2770,2825
427,2016-07-10,28,2609,2637
427,2016-07-11,315,4179,4494
427,2016-07-12,307,4679,4986
427,2016-07-14,354,4402,4756
427,2016-07-15,252,4590,4842
427,2016-07-16,29,2609,2638
427,2016-07-17,21,2441,2462
427,2016-07-18,237,4155,4392
427,2016-07-19,282,4441,4723
427,2016-07-21,320,4296,4616
427,2016-07-23,66,2404,2470
427,2016-07-24,3,2220,2223
427,2016-07-25,212,3899,4111
427,2016-07-26,194,3978,4172
427,2016-07-28,136,4040,4176
427,2016-07-29,80,3815,3895
427,2016-07-30,45,2441,2486
427,2016-07-31,11,2102,2113
427,2016-08-01,50,3106,3156
427,2016-08-02,31,3100,3131
427,2016-08-04,27,3021,3048
427,2016-08-05,47,3148,3195
427,2016-08-06,28,2154,2182
427,2016-08-07,9,2160,2169
427,2016-08-08,43,2848,2891
427,2016-08-09,44,3000,3044
427,2016-08-11,36,2956,2992
427,2016-08-12,42,3032,3074
427,2016-08-13,30,2204,2234
427,2016-08-14,18,2040,2058
427,2016-08-15,21,2006,2027
427,2016-08-16,60,3027,3087
427,2016-08-18,62,2932,2994
427,2016-08-19,63,2940,3003
427,2016-08-20,23,1933,1956
427,2016-08-21,8,1857,1865
427,2016-08-22,109,3174,3283
427,2016-08-23,87,3520,3607
427,2016-08-25,71,3713,3784
427,2016-08-26,157,3646,3803
427,2016-08-27,24,2289,2313
427,2016-08-28,11,2105,2116
427,2016-08-29,197,3444,3641
427,2016-08-30,100,3708,3808
427,2016-09-01,155,3818,3973
427,2016-09-02,199,4106,4305
427,2016-09-03,32,2493,2525
427,2016-09-04,8,1996,2004
427,2016-09-05,121,3539,3660
427,2016-09-06,158,3889,4047
427,2016-09-08,170,4353,4523
427,2016-09-09,219,4132,4351
427,2016-09-10,24,2901,2925
427,2016-09-11,17,2508,2525
427,2016-09-12,212,4159,4371
427,2016-09-13,147,4377,4524
427,2016-09-15,142,4693,4835
427,2016-09-16,204,4429,4633
427,2016-09-17,72,2725,2797
427,2016-09-18,12,2240,2252
427,2016-09-19,127,4021,4148
427,2016-09-20,174,4318,4492
427,2016-09-22,141,4520,4661
427,2016-09-23,143,4485,4628
427,2016-09-24,70,3099,3169
427,2016-09-25,19,2835,2854
427,2016-09-26,123,4245,4368
427,2016-09-27,159,4368,4527
427,2016-09-29,132,4661,4793
427,2016-09-30,158,4688,4846
427,2016-10-01,22,2558,2580
427,2016-10-02,10,2330,2340
427,2016-10-03,105,4802,4907
427,2016-10-04,266,6949,7215
427,2016-10-06,221,4976,5197
427,2016-10-07,193,4551,4744
427,2016-10-08,30,2540,2570
427,2016-10-09,3,2114,2117
427,2016-10-10,204,4267,4471
427,2016-10-11,154,4488,4642
427,2016-10-13,155,5090,5245
427,2016-10-14,207,5193,5400
427,2016-10-15,24,2707,2731
427,2016-10-16,7,2440,2447
427,2016-10-17,190,4155,4345
427,2016-10-18,136,4618,4754
427,2016-10-20,117,4505,4622
427,2016-10-21,134,4700,4834
427,2016-10-22,19,2669,2688
427,2016-10-23,NA,2064,NA
427,2016-10-24,100,4196,4296
427,2016-10-25,125,4414,4539
427,2016-10-27,168,4714,4882
427,2016-10-28,169,4515,4684
427,2016-10-29,57,2999,3056
427,2016-10-30,5,2423,2428
427,2016-10-31,66,3010,3076
427,2016-11-01,5,1995,2000
427,2016-11-03,127,3892,4019
427,2016-11-04,169,3969,4138
427,2016-11-05,29,2415,2444
427,2016-11-06,8,2085,2093
427,2016-11-07,118,3979,4097
427,2016-11-08,137,4447,4584
427,2016-11-10,332,4536,4868
427,2016-11-11,238,4487,4725
427,2016-11-12,29,2751,2780
427,2016-11-13,4,2026,2030
427,2016-11-14,324,4266,4590
427,2016-11-15,132,4563,4695
427,2016-11-17,214,4659,4873
427,2016-11-18,354,5568,5922
427,2016-11-19,68,2826,2894
427,2016-11-20,14,2144,2158
427,2016-11-21,186,4760,4946
427,2016-11-22,246,4726,4972
427,2016-11-24,217,4627,4844
427,2016-11-25,204,4816,5020
427,2016-11-26,22,2515,2537
427,2016-11-27,10,1774,1784
427,2016-11-28,165,4148,4313
427,2016-11-29,224,4710,4934
427,2016-12-01,230,4383,4613
427,2016-12-02,322,4493,4815
427,2016-12-03,32,2653,2685
427,2016-12-04,7,1935,1942
427,2016-12-05,324,4151,4475
427,2016-12-06,297,4394,4691
427,2016-12-08,310,4848,5158
427,2016-12-09,245,4417,4662
427,2016-12-10,20,2361,2381
427,2016-12-11,3,1799,1802
427,2016-12-12,215,4205,4420
427,2016-12-13,211,4961,5172
427,2016-12-15,248,4791,5039
427,2016-12-16,315,4504,4819
427,2016-12-17,48,2508,2556
427,2016-12-18,NA,1905,NA
427,2016-12-19,120,3783,3903
427,2016-12-20,374,4433,4807
427,2016-12-22,205,4227,4432
427,2016-12-23,51,3722,3773
427,2016-12-24,2,1687,1689
427,2016-12-25,2,1349,1351
427,2016-12-26,2,1379,1381
427,2016-12-27,14,2226,2240
427,2016-12-29,20,2510,2530
427,2016-12-30,24,2262,2286
427,2016-12-31,7,1422,1429
432,2016-01-01,17,2528,2545
432,2016-01-02,139,4393,4532
432,2016-01-03,22,3481,3503
432,2016-01-04,180,6974,7154
432,2016-01-05,174,7646,7820
432,2016-01-07,188,7840,8028
432,2016-01-08,229,7788,8017
432,2016-01-09,153,6280,6433
432,2016-01-10,16,3874,3890
432,2016-01-11,178,7556,7734
432,2016-01-12,164,8202,8366
432,2016-01-14,200,7694,7894
432,2016-01-15,148,7468,7616
432,2016-01-16,126,6016,6142
432,2016-01-17,19,3432,3451
432,2016-01-18,217,6973,7190
432,2016-01-19,211,7396,7607
432,2016-01-21,227,7532,7759
432,2016-01-22,225,7004,7229
432,2016-01-23,134,5637,5771
432,2016-01-24,18,3589,3607
432,2016-01-25,216,7015,7231
432,2016-01-26,218,7592,7810
432,2016-01-28,230,8480,8710
432,2016-01-29,248,7976,8224
432,2016-01-30,112,6546,6658
432,2016-01-31,21,3866,3887
432,2016-02-01,196,7218,7414
432,2016-02-02,176,8304,8480
432,2016-02-04,188,8346,8534
432,2016-02-05,211,7583,7794
432,2016-02-06,139,5361,5500
432,2016-02-07,18,3604,3622
432,2016-02-08,180,6106,6286
432,2016-02-09,158,6528,6686
432,2016-02-11,209,6638,6847
432,2016-02-12,206,6910,7116
432,2016-02-13,138,5414,5552
432,2016-02-14,18,3976,3994
432,2016-02-15,222,6965,7187
432,2016-02-16,232,7529,7761
432,2016-02-18,220,7765,7985
432,2016-02-19,215,7672,7887
432,2016-02-20,136,6322,6458
432,2016-02-21,18,3918,3936
432,2016-02-22,216,7628,7844
432,2016-02-23,192,8146,8338
432,2016-02-25,229,7634,7863
432,2016-02-26,231,7859,8090
432,2016-02-27,152,6317,6469
432,2016-02-28,19,4912,4931
432,2016-02-29,241,7246,7487
432,2016-03-01,223,7653,7876
432,2016-03-03,185,7528,7713
432,2016-03-04,170,7285,7455
432,2016-03-05,154,6064,6218
432,2016-03-06,14,4020,4034
432,2016-03-07,216,6829,7045
432,2016-03-08,228,7478,7706
432,2016-03-10,231,8130,8361
432,2016-03-11,230,8176,8406
432,2016-03-12,193,6331,6524
432,2016-03-13,23,4024,4047
432,2016-03-14,256,7130,7386
432,2016-03-15,216,7621,7837
432,2016-03-17,226,7693,7919
432,2016-03-18,227,8010,8237
432,2016-03-19,164,6465,6629
432,2016-03-20,21,4293,4314
432,2016-03-21,247,7166,7413
432,2016-03-22,249,7619,7868
432,2016-03-24,224,7658,7882
432,2016-03-25,186,8528,8714
432,2016-03-26,168,5689,5857
432,2016-03-28,14,2846,2860
432,2016-03-29,212,7822,8034
432,2016-04-01,211,7006,7217
432,2016-04-02,165,5243,5408
432,2016-04-03,17,3501,3518
432,2016-04-04,229,6660,6889
432,2016-04-05,172,7616,7788
432,2016-04-07,196,7872,8068
432,2016-04-08,211,7288,7499
432,2016-04-09,174,5993,6167
432,2016-04-10,23,4236,4259
432,2016-04-11,210,7292,7502
432,2016-04-12,214,8370,8584
432,2016-04-14,243,8110,8353
432,2016-04-15,222,8720,8942
432,2016-04-16,160,6796,6956
432,2016-04-17,23,4413,4436
432,2016-04-18,240,7419,7659
432,2016-04-19,238,7578,7816
432,2016-04-21,219,7974,8193
432,2016-04-22,235,7967,8202
432,2016-04-23,146,5999,6145
432,2016-04-24,20,4360,4380
432,2016-04-25,200,7910,8110
432,2016-04-26,212,8848,9060
432,2016-04-28,223,8214,8437
432,2016-04-29,236,8164,8400
432,2016-04-30,158,6704,6862
432,2016-05-01,20,4188,4208
432,2016-05-02,229,7369,7598
432,2016-05-03,208,8856,9064
432,2016-05-05,17,3727,3744
432,2016-05-06,211,7669,7880
432,2016-05-07,179,6009,6188
432,2016-05-08,24,3873,3897
432,2016-05-09,216,7990,8206
432,2016-05-10,218,8648,8866
432,2016-05-12,254,7793,8047
432,2016-05-13,224,8932,9156
432,2016-05-14,200,6090,6290
432,2016-05-15,21,3669,3690
432,2016-05-16,44,3304,3348
432,2016-05-17,238,6749,6987
432,2016-05-19,211,6848,7059
432,2016-05-20,186,7892,8078
432,2016-05-21,159,5623,5782
432,2016-05-22,18,4006,4024
432,2016-05-23,212,8164,8376
432,2016-05-24,240,8130,8370
432,2016-05-26,240,8842,9082
432,2016-05-27,230,9088,9318
432,2016-05-28,150,7236,7386
432,2016-05-29,30,4284,4314
432,2016-05-30,160,7612,7772
432,2016-05-31,218,7898,8116
432,2016-06-02,222,8808,9030
432,2016-06-03,254,8996,9250
432,2016-06-04,158,6714,6872
432,2016-06-05,24,4273,4297
432,2016-06-06,222,7535,7757
432,2016-06-07,182,9024,9206
432,2016-06-09,233,8121,8354
432,2016-06-10,252,8346,8598
432,2016-06-11,161,6539,6700
432,2016-06-12,14,4664,4678
432,2016-06-13,232,8212,8444
432,2016-06-14,210,8982,9192
432,2016-06-16,214,8806,9020
432,2016-06-17,260,9128,9388
432,2016-06-18,154,7138,7292
432,2016-06-19,19,4372,4391
432,2016-06-20,218,8428,8646
432,2016-06-21,202,9048,9250
432,2016-06-23,24,3285,3309
432,2016-06-24,218,7613,7831
432,2016-06-25,140,6012,6152
432,2016-06-26,18,4640,4658
432,2016-06-27,264,8106,8370
432,2016-06-28,224,8238,8462
432,2016-06-30,228,8148,8376
432,2016-07-01,226,8296,8522
432,2016-07-02,138,6744,6882
432,2016-07-03,18,4179,4197
432,2016-07-04,193,7673,7866
432,2016-07-05,236,7930,8166
432,2016-07-07,234,8543,8777
432,2016-07-08,258,9480,9738
432,2016-07-09,160,6436,6596
432,2016-07-10,20,4485,4505
432,2016-07-11,232,7832,8064
432,2016-07-12,215,7977,8192
432,2016-07-14,194,8924,9118
432,2016-07-15,221,8169,8390
432,2016-07-16,158,6103,6261
432,2016-07-17,21,4226,4247
432,2016-07-18,211,7329,7540
432,2016-07-19,222,7787,8009
432,2016-07-21,194,8196,8390
432,2016-07-22,210,8688,8898
432,2016-07-23,148,6016,6164
432,2016-07-24,24,3976,4000
432,2016-07-25,211,7110,7321
432,2016-07-26,210,7856,8066
432,2016-07-28,200,7537,7737
432,2016-07-29,198,7103,7301
432,2016-07-30,157,5186,5343
432,2016-07-31,18,3614,3632
432,2016-08-01,179,6419,6598
432,2016-08-02,158,7196,7354
432,2016-08-04,142,7046,7188
432,2016-08-05,156,7134,7290
432,2016-08-06,148,4749,4897
432,2016-08-07,29,3416,3445
432,2016-08-08,187,6110,6297
432,2016-08-09,177,6325,6502
432,2016-08-11,189,6275,6464
432,2016-08-12,193,6512,6705
432,2016-08-13,186,4757,4943
432,2016-08-14,26,3386,3412
432,2016-08-15,26,3010,3036
432,2016-08-16,199,6314,6513
432,2016-08-18,192,6684,6876
432,2016-08-19,200,6209,6409
432,2016-08-20,172,4469,4641
432,2016-08-21,43,3143,3186
432,2016-08-22,165,6275,6440
432,2016-08-23,181,6642,6823
432,2016-08-25,197,6896,7093
432,2016-08-26,186,6876,7062
432,2016-08-27,166,5014,5180
432,2016-08-28,38,3692,3730
432,2016-08-29,192,6706,6898
432,2016-08-30,207,6952,7159
432,2016-09-01,212,7034,7246
432,2016-09-02,233,7242,7475
432,2016-09-03,171,5156,5327
432,2016-09-04,16,3878,3894
432,2016-09-05,239,6839,7078
432,2016-09-06,221,7265,7486
432,2016-09-08,228,7228,7456
432,2016-09-09,238,7451,7689
432,2016-09-10,163,5918,6081
432,2016-09-11,26,4099,4125
432,2016-09-12,242,7374,7616
432,2016-09-13,211,7834,8045
432,2016-09-15,234,8674,8908
432,2016-09-16,236,7999,8235
432,2016-09-17,150,6388,6538
432,2016-09-18,36,3966,4002
432,2016-09-19,244,7455,7699
432,2016-09-20,239,7684,7923
432,2016-09-22,214,7884,8098
432,2016-09-23,217,8034,8251
432,2016-09-24,172,6212,6384
432,2016-09-25,29,4332,4361
432,2016-09-26,257,7383,7640
432,2016-09-29,218,7830,8048
432,2016-09-30,240,9608,9848
432,2016-10-01,140,7158,7298
432,2016-10-02,38,4724,4762
432,2016-10-03,208,7579,7787
432,2016-10-04,241,8214,8455
432,2016-10-06,240,8028,8268
432,2016-10-07,238,8117,8355
432,2016-10-08,150,6708,6858
432,2016-10-09,29,4200,4229
432,2016-10-10,228,7365,7593
432,2016-10-11,235,7881,8116
432,2016-10-13,219,7950,8169
432,2016-10-14,235,8023,8258
432,2016-10-15,161,6270,6431
432,2016-10-16,33,4501,4534
432,2016-10-17,233,7290,7523
432,2016-10-18,238,8756,8994
432,2016-10-20,232,8716,8948
432,2016-10-21,239,8100,8339
432,2016-10-22,171,6513,6684
432,2016-10-23,33,4372,4405
432,2016-10-24,165,7224,7389
432,2016-10-25,208,8716,8924
432,2016-10-27,227,7909,8136
432,2016-10-28,244,8112,8356
432,2016-10-29,157,5832,5989
432,2016-10-30,36,3952,3988
432,2016-10-31,189,7036,7225
432,2016-11-01,27,3926,3953
432,2016-11-04,202,7417,7619
432,2016-11-05,138,6204,6342
432,2016-11-06,35,3869,3904
432,2016-11-07,205,7272,7477
432,2016-11-08,231,7734,7965
432,2016-11-09,230,8422,8652
432,2016-11-11,235,7971,8206
432,2016-11-12,166,6338,6504
432,2016-11-13,28,4152,4180
432,2016-11-14,229,7389,7618
432,2016-11-15,216,8508,8724
432,2016-11-16,209,7513,7722
432,2016-11-18,154,8334,8488
432,2016-11-19,166,6880,7046
432,2016-11-20,32,4268,4300
432,2016-11-22,204,7371,7575
432,2016-11-23,233,7715,7948
432,2016-11-25,239,8092,8331
432,2016-11-26,167,6446,6613
432,2016-11-27,26,4206,4232
432,2016-11-28,242,7404,7646
432,2016-11-29,234,7854,8088
432,2016-11-30,247,7644,7891
432,2016-12-02,238,8001,8239
432,2016-12-03,179,6292,6471
432,2016-12-04,35,4452,4487
432,2016-12-05,246,7492,7738
432,2016-12-06,234,7635,7869
432,2016-12-07,234,7489,7723
432,2016-12-09,232,8091,8323
432,2016-12-10,167,6179,6346
432,2016-12-11,32,4243,4275
432,2016-12-12,224,7262,7486
432,2016-12-13,216,7771,7987
432,2016-12-14,217,7823,8040
432,2016-12-16,249,8101,8350
432,2016-12-17,181,6232,6413
432,2016-12-18,33,4334,4367
432,2016-12-19,224,7489,7713
432,2016-12-20,230,8059,8289
432,2016-12-21,219,7995,8214
432,2016-12-23,202,8092,8294
432,2016-12-24,134,5800,5934
432,2016-12-25,21,2864,2885
432,2016-12-26,32,2832,2864
432,2016-12-27,199,5587,5786
432,2016-12-28,180,5716,5896
432,2016-12-30,178,5991,6169
432,2016-12-31,163,4518,4681
433,2016-01-01,55,4923,4978
433,2016-01-02,99,6767,6866
433,2016-01-03,65,5628,5693
433,2016-01-04,336,10126,10462
433,2016-01-05,378,9896,10274
433,2016-01-07,370,10774,11144
433,2016-01-08,491,11953,12444
433,2016-01-09,151,8345,8496
433,2016-01-10,60,5800,5860
433,2016-01-11,580,10918,11498
433,2016-01-12,576,11416,11992
433,2016-01-14,469,11130,11599
433,2016-01-15,405,10134,10539
433,2016-01-16,165,8061,8226
433,2016-01-17,53,6071,6124
433,2016-01-18,559,11041,11600
433,2016-01-19,520,11619,12139
433,2016-01-21,520,11798,12318
433,2016-01-22,541,10788,11329
433,2016-01-23,135,8046,8181
433,2016-01-24,50,6104,6154
433,2016-01-25,568,11327,11895
433,2016-01-26,581,11869,12450
433,2016-01-28,686,11970,12656
433,2016-01-29,609,12565,13174
433,2016-01-30,140,8786,8926
433,2016-01-31,60,6075,6135
433,2016-02-01,597,11222,11819
433,2016-02-02,652,11388,12040
433,2016-02-04,694,11758,12452
433,2016-02-05,609,11858,12467
433,2016-02-06,169,8259,8428
433,2016-02-07,77,5825,5902
433,2016-02-08,522,9356,9878
433,2016-02-09,588,10184,10772
433,2016-02-11,562,11224,11786
433,2016-02-12,555,11233,11788
433,2016-02-13,160,6792,6952
433,2016-02-14,89,6329,6418
433,2016-02-15,580,11332,11912
433,2016-02-16,595,11970,12565
433,2016-02-18,643,12156,12799
433,2016-02-19,637,11772,12409
433,2016-02-20,149,7959,8108
433,2016-02-21,65,6262,6327
433,2016-02-22,640,10884,11524
433,2016-02-23,720,11334,12054
433,2016-02-25,625,12101,12726
433,2016-02-26,706,12255,12961
433,2016-02-27,196,10001,10197
433,2016-02-28,90,7188,7278
433,2016-02-29,686,11128,11814
433,2016-03-01,696,11681,12377
433,2016-03-03,592,11421,12013
433,2016-03-04,576,10458,11034
433,2016-03-05,180,9212,9392
433,2016-03-06,97,6542,6639
433,2016-03-07,581,10912,11493
433,2016-03-08,660,11781,12441
433,2016-03-10,661,12278,12939
433,2016-03-11,694,12487,13181
433,2016-03-12,250,9831,10081
433,2016-03-13,117,7712,7829
433,2016-03-14,633,11520,12153
433,2016-03-15,771,12433,13204
433,2016-03-17,784,12827,13611
433,2016-03-18,736,12760,13496
433,2016-03-19,260,10074,10334
433,2016-03-20,116,8116,8232
433,2016-03-21,740,11571,12311
433,2016-03-22,777,12074,12851
433,2016-03-24,730,12181,12911
433,2016-03-25,491,11145,11636
433,2016-03-26,228,8980,9208
433,2016-03-28,112,5772,5884
433,2016-03-29,612,10174,10786
433,2016-04-01,728,11382,12110
433,2016-04-02,254,8604,8858
433,2016-04-03,109,6888,6997
433,2016-04-04,622,11100,11722
433,2016-04-05,722,11548,12270
433,2016-04-07,788,11984,12772
433,2016-04-08,701,12059,12760
433,2016-04-09,221,9028,9249
433,2016-04-10,107,8249,8356
433,2016-04-11,649,11574,12223
433,2016-04-12,658,11822,12480
433,2016-04-14,716,12337,13053
433,2016-04-15,752,12434,13186
433,2016-04-16,191,9626,9817
433,2016-04-17,92,8103,8195
433,2016-04-18,621,11649,12270
433,2016-04-19,742,12289,13031
433,2016-04-21,637,12672,13309
433,2016-04-22,706,12434,13140
433,2016-04-23,236,10364,10600
433,2016-04-24,111,7458,7569
433,2016-04-25,636,11250,11886
433,2016-04-26,656,12062,12718
433,2016-04-28,634,12293,12927
433,2016-04-29,711,12571,13282
433,2016-04-30,222,9754,9976
433,2016-05-01,72,7764,7836
433,2016-05-02,699,11706,12405
433,2016-05-03,690,12142,12832
433,2016-05-05,94,8346,8440
433,2016-05-06,493,11202,11695
433,2016-05-07,241,9897,10138
433,2016-05-08,107,8537,8644
433,2016-05-09,684,11593,12277
433,2016-05-10,599,11733,12332
433,2016-05-12,722,12413,13135
433,2016-05-13,738,11555,12293
433,2016-05-14,219,8922,9141
433,2016-05-15,110,7056,7166
433,2016-05-16,92,6076,6168
433,2016-05-17,692,11079,11771
433,2016-05-19,681,11450,12131
433,2016-05-20,677,11628,12305
433,2016-05-21,263,9400,9663
433,2016-05-22,80,6890,6970
433,2016-05-23,633,11160,11793
433,2016-05-24,671,12052,12723
433,2016-05-26,606,12538,13144
433,2016-05-27,724,12396,13120
433,2016-05-28,218,9296,9514
433,2016-05-29,90,7092,7182
433,2016-05-30,682,10710,11392
433,2016-05-31,623,11645,12268
433,2016-06-02,744,12404,13148
433,2016-06-03,750,12190,12940
433,2016-06-04,230,9494,9724
433,2016-06-05,82,7944,8026
433,2016-06-06,642,11667,12309
433,2016-06-07,678,11574,12252
433,2016-06-09,689,12205,12894
433,2016-06-10,715,12822,13537
433,2016-06-11,287,10387,10674
433,2016-06-12,106,8158,8264
433,2016-06-13,648,11158,11806
433,2016-06-14,596,11604,12200
433,2016-06-16,710,12418,13128
433,2016-06-17,812,13832,14644
433,2016-06-18,288,10566,10854
433,2016-06-19,111,8575,8686
433,2016-06-20,834,13000,13834
433,2016-06-21,676,12479,13155
433,2016-06-23,143,8280,8423
433,2016-06-24,612,11066,11678
433,2016-06-25,220,8484,8704
433,2016-06-26,105,7679,7784
433,2016-06-27,735,11483,12218
433,2016-06-28,677,12368,13045
433,2016-06-30,685,12834,13519
433,2016-07-01,762,12545,13307
433,2016-07-02,261,9759,10020
433,2016-07-03,106,8800,8906
433,2016-07-04,637,11395,12032
433,2016-07-05,650,12455,13105
433,2016-07-07,758,12818,13576
433,2016-07-08,764,12720,13484
433,2016-07-09,256,9871,10127
433,2016-07-10,132,8466,8598
433,2016-07-11,719,11686,12405
433,2016-07-12,699,12216,12915
433,2016-07-14,746,12222,12968
433,2016-07-15,683,13086,13769
433,2016-07-16,239,10040,10279
433,2016-07-17,116,8804,8920
433,2016-07-18,700,11721,12421
433,2016-07-19,678,11883,12561
433,2016-07-21,698,11518,12216
433,2016-07-22,660,11746,12406
433,2016-07-23,266,8890,9156
433,2016-07-24,94,7527,7621
433,2016-07-25,609,10971,11580
433,2016-07-26,670,11600,12270
433,2016-07-28,765,11572,12337
433,2016-07-29,583,11467,12050
433,2016-07-30,221,8623,8844
433,2016-07-31,136,7459,7595
433,2016-08-01,431,10833,11264
433,2016-08-02,480,10750,11230
433,2016-08-04,429,10180,10609
433,2016-08-05,439,10672,11111
433,2016-08-06,175,7856,8031
433,2016-08-07,84,7795,7879
433,2016-08-08,446,9916,10362
433,2016-08-09,454,10161,10615
433,2016-08-11,405,10289,10694
433,2016-08-12,472,10696,11168
433,2016-08-13,260,8502,8762
433,2016-08-14,131,7982,8113
433,2016-08-15,123,8286,8409
433,2016-08-16,532,10363,10895
433,2016-08-18,430,10514,10944
433,2016-08-19,438,10439,10877
433,2016-08-20,186,7580,7766
433,2016-08-21,92,6523,6615
433,2016-08-22,582,10402,10984
433,2016-08-23,604,11414,12018
433,2016-08-25,632,11542,12174
433,2016-08-26,628,11482,12110
433,2016-08-27,199,8317,8516
433,2016-08-28,107,7474,7581
433,2016-08-29,644,10783,11427
433,2016-08-30,677,11373,12050
433,2016-09-01,722,11760,12482
433,2016-09-02,766,12286,13052
433,2016-09-03,268,10472,10740
433,2016-09-04,130,7950,8080
433,2016-09-05,647,11221,11868
433,2016-09-06,675,12037,12712
433,2016-09-08,726,11947,12673
433,2016-09-09,713,12165,12878
433,2016-09-10,263,9293,9556
433,2016-09-11,118,8022,8140
433,2016-09-12,748,11433,12181
433,2016-09-13,823,12085,12908
433,2016-09-15,791,11495,12286
433,2016-09-16,785,12174,12959
433,2016-09-17,242,9479,9721
433,2016-09-18,77,7682,7759
433,2016-09-19,749,11637,12386
433,2016-09-20,825,11978,12803
433,2016-09-22,741,12127,12868
433,2016-09-23,779,12183,12962
433,2016-09-24,229,10351,10580
433,2016-09-25,149,9778,9927
433,2016-09-26,731,11123,11854
433,2016-09-27,743,12158,12901
433,2016-09-29,835,12201,13036
433,2016-09-30,760,11881,12641
433,2016-10-01,260,9922,10182
433,2016-10-02,118,7615,7733
433,2016-10-03,538,11362,11900
433,2016-10-04,741,11841,12582
433,2016-10-06,831,12597,13428
433,2016-10-07,876,12378,13254
433,2016-10-08,202,10110,10312
433,2016-10-09,118,8069,8187
433,2016-10-10,856,11229,12085
433,2016-10-11,827,11760,12587
433,2016-10-13,804,11873,12677
433,2016-10-14,759,11433,12192
433,2016-10-15,189,9453,9642
433,2016-10-16,124,8684,8808
433,2016-10-17,802,11225,12027
433,2016-10-18,806,12142,12948
433,2016-10-20,682,11640,12322
433,2016-10-21,741,11788,12529
433,2016-10-22,252,9738,9990
433,2016-10-23,123,8009,8132
433,2016-10-24,612,9814,10426
433,2016-10-25,750,11649,12399
433,2016-10-27,781,11927,12708
433,2016-10-28,788,12078,12866
433,2016-10-29,281,8646,8927
433,2016-10-30,93,7281,7374
433,2016-10-31,445,10311,10756
433,2016-11-01,80,7155,7235
433,2016-11-03,735,11855,12590
433,2016-11-04,754,11328,12082
433,2016-11-05,181,7943,8124
433,2016-11-06,80,6904,6984
433,2016-11-07,742,11030,11772
433,2016-11-08,673,11617,12290
433,2016-11-10,718,11568,12286
433,2016-11-11,736,11816,12552
433,2016-11-12,194,9405,9599
433,2016-11-13,84,6945,7029
433,2016-11-14,646,11092,11738
433,2016-11-15,548,10346,10894
433,2016-11-17,605,11716,12321
433,2016-11-18,662,11360,12022
433,2016-11-19,203,9372,9575
433,2016-11-20,83,6671,6754
433,2016-11-21,577,9571,10148
433,2016-11-22,552,10901,11453
433,2016-11-24,688,12028,12716
433,2016-11-25,692,11965,12657
433,2016-11-26,207,9716,9923
433,2016-11-27,95,7460,7555
433,2016-11-28,682,10894,11576
433,2016-11-29,702,11402,12104
433,2016-12-01,696,11431,12127
433,2016-12-02,675,11865,12540
433,2016-12-03,261,10825,11086
433,2016-12-04,112,8575,8687
433,2016-12-05,619,10890,11509
433,2016-12-06,603,11022,11625
433,2016-12-08,610,11709,12319
433,2016-12-09,630,11792,12422
433,2016-12-10,219,9398,9617
433,2016-12-11,77,7009,7086
433,2016-12-12,615,10666,11281
433,2016-12-13,591,10960,11551
433,2016-12-15,678,11392,12070
433,2016-12-16,725,11952,12677
433,2016-12-17,212,9298,9510
433,2016-12-18,84,7375,7459
433,2016-12-19,660,10766,11426
433,2016-12-20,598,11419,12017
433,2016-12-22,441,10403,10844
433,2016-12-23,479,11053,11532
433,2016-12-24,108,6659,6767
433,2016-12-25,44,5217,5261
433,2016-12-26,64,4854,4918
433,2016-12-27,367,8232,8599
433,2016-12-29,358,8877,9235
433,2016-12-30,340,8493,8833
433,2016-12-31,107,5814,5921
445,2016-01-01,168,5059,5227
445,2016-01-02,604,6415,7019
445,2016-01-03,168,5948,6116
445,2016-01-04,828,9312,10140
445,2016-01-05,851,9707,10558
445,2016-01-07,852,9892,10744
445,2016-01-08,880,10652,11532
445,2016-01-09,631,8310,8941
445,2016-01-10,160,6576,6736
445,2016-01-11,926,9958,10884
445,2016-01-12,988,10711,11699
445,2016-01-14,1000,10300,11300
445,2016-01-15,710,9810,10520
445,2016-01-16,601,8361,8962
445,2016-01-17,189,6215,6404
445,2016-01-18,993,9907,10900
445,2016-01-19,1014,10204,11218
445,2016-01-21,1017,10502,11519
445,2016-01-22,936,10116,11052
445,2016-01-23,631,8569,9200
445,2016-01-24,197,6631,6828
445,2016-01-25,962,10194,11156
445,2016-01-26,981,10569,11550
445,2016-01-28,1023,10827,11850
445,2016-01-29,1076,11079,12155
445,2016-01-30,628,9308,9936
445,2016-01-31,186,6619,6805
445,2016-02-01,952,10263,11215
445,2016-02-02,930,10543,11473
445,2016-02-04,980,10650,11630
445,2016-02-05,1008,11326,12334
445,2016-02-06,681,8369,9050
445,2016-02-07,198,5950,6148
445,2016-02-08,818,8362,9180
445,2016-02-09,840,8860,9700
445,2016-02-11,959,9370,10329
445,2016-02-12,1029,10028,11057
445,2016-02-13,642,7704,8346
445,2016-02-14,225,6527,6752
445,2016-02-15,1029,9760,10789
445,2016-02-16,1058,10325,11383
445,2016-02-18,1070,10406,11476
445,2016-02-19,1005,10780,11785
445,2016-02-20,652,8286,8938
445,2016-02-21,184,6172,6356
445,2016-02-22,1044,10241,11285
445,2016-02-23,985,10611,11596
445,2016-02-25,1185,10757,11942
445,2016-02-26,1194,11118,12312
445,2016-02-27,700,9282,9982
445,2016-02-28,206,6773,6979
445,2016-02-29,1130,10241,11371
445,2016-03-01,1100,10530,11630
445,2016-03-03,1015,10854,11869
445,2016-03-04,956,10996,11952
445,2016-03-05,657,8930,9587
445,2016-03-06,214,6717,6931
445,2016-03-07,1104,9895,10999
445,2016-03-08,1118,10711,11829
445,2016-03-10,1170,10767,11937
445,2016-03-11,1117,11146,12263
445,2016-03-12,699,9213,9912
445,2016-03-13,238,7115,7353
445,2016-03-14,1075,10298,11373
445,2016-03-15,1046,10835,11881
445,2016-03-17,1029,10930,11959
445,2016-03-18,1053,11278,12331
445,2016-03-19,700,9551,10251
445,2016-03-20,234,7582,7816
445,2016-03-21,1058,10139,11197
445,2016-03-22,1091,10989,12080
445,2016-03-24,1037,11158,12195
445,2016-03-25,880,10880,11760
445,2016-03-26,608,8253,8861
445,2016-03-28,270,5350,5620
445,2016-03-29,989,10067,11056
445,2016-04-01,952,10223,11175
445,2016-04-02,615,8198,8813
445,2016-04-03,187,6182,6369
445,2016-04-04,936,9529,10465
445,2016-04-05,852,9906,10758
445,2016-04-07,942,10238,11180
445,2016-04-08,937,10647,11584
445,2016-04-09,669,9251,9920
445,2016-04-10,229,7259,7488
445,2016-04-11,1003,10468,11471
445,2016-04-12,1019,10991,12010
445,2016-04-14,1100,11125,12225
445,2016-04-15,1056,11391,12447
445,2016-04-16,639,9615,10254
445,2016-04-17,241,7629,7870
445,2016-04-18,1048,10660,11708
445,2016-04-19,1102,10915,12017
445,2016-04-21,1100,11326,12426
445,2016-04-22,1127,11678,12805
445,2016-04-23,742,11225,11967
445,2016-04-24,249,8304,8553
445,2016-04-25,1005,10378,11383
445,2016-04-26,1098,10665,11763
445,2016-04-28,1025,11044,12069
445,2016-04-29,1054,11410,12464
445,2016-04-30,656,9444,10100
445,2016-05-01,218,7534,7752
445,2016-05-02,1047,10598,11645
445,2016-05-03,1054,10833,11887
445,2016-05-05,184,7161,7345
445,2016-05-06,921,10562,11483
445,2016-05-07,648,9091,9739
445,2016-05-08,195,7181,7376
445,2016-05-09,1076,10562,11638
445,2016-05-10,997,11054,12051
445,2016-05-12,1137,11181,12318
445,2016-05-13,1051,11019,12070
445,2016-05-14,616,8528,9144
445,2016-05-15,222,6349,6571
445,2016-05-16,220,5787,6007
445,2016-05-17,1071,9634,10705
445,2016-05-19,1013,10155,11168
445,2016-05-20,1044,10500,11544
445,2016-05-21,660,8924,9584
445,2016-05-22,197,6865,7062
445,2016-05-23,1065,10396,11461
445,2016-05-24,1097,10774,11871
445,2016-05-26,1064,11272,12336
445,2016-05-27,1039,11126,12165
445,2016-05-28,617,8487,9104
445,2016-05-29,178,7548,7726
445,2016-05-30,826,10289,11115
445,2016-05-31,1000,10818,11818
445,2016-06-02,799,9611,10410
445,2016-06-03,1007,11134,12141
445,2016-06-04,624,9484,10108
445,2016-06-05,262,7345,7607
445,2016-06-06,1044,10960,12004
445,2016-06-07,1024,11284,12308
445,2016-06-09,1047,11714,12761
445,2016-06-10,1033,11416,12449
445,2016-06-11,611,9283,9894
445,2016-06-12,212,7520,7732
445,2016-06-13,1086,10632,11718
445,2016-06-14,1084,10875,11959
445,2016-06-16,1047,11148,12195
445,2016-06-17,1153,11298,12451
445,2016-06-18,635,9398,10033
445,2016-06-19,215,7397,7612
445,2016-06-20,1099,10708,11807
445,2016-06-21,1000,10964,11964
445,2016-06-23,204,7085,7289
445,2016-06-24,905,10322,11227
445,2016-06-25,575,7766,8341
445,2016-06-26,227,6964,7191
445,2016-06-27,1010,10223,11233
445,2016-06-28,676,7578,8254
445,2016-06-30,1025,11165,12190
445,2016-07-01,1067,11343,12410
445,2016-07-02,636,9423,10059
445,2016-07-03,205,7623,7828
445,2016-07-04,961,10653,11614
445,2016-07-05,1038,11139,12177
445,2016-07-07,1074,11124,12198
445,2016-07-08,990,12225,13215
445,2016-07-09,726,12087,12813
445,2016-07-10,244,8805,9049
445,2016-07-11,1043,11411,12454
445,2016-07-12,1047,11293,12340
445,2016-07-14,957,11281,12238
445,2016-07-15,966,11108,12074
445,2016-07-16,618,8746,9364
445,2016-07-17,212,7316,7528
445,2016-07-18,1002,10391,11393
445,2016-07-19,932,10717,11649
445,2016-07-21,900,10532,11432
445,2016-07-22,951,10773,11724
445,2016-07-23,582,8300,8882
445,2016-07-24,183,6949,7132
445,2016-07-25,966,10312,11278
445,2016-07-26,916,10363,11279
445,2016-08-04,672,8965,9637
445,2016-08-05,702,9251,9953
445,2016-08-06,517,7202,7719
445,2016-08-07,149,6068,6217
445,2016-08-08,692,8592,9284
445,2016-08-09,680,8549,9229
445,2016-08-10,674,8198,8872
445,2016-08-11,674,8526,9200
445,2016-08-12,700,8943,9643
445,2016-08-13,545,6868,7413
445,2016-08-14,187,5670,5857
445,2016-08-15,173,5432,5605
445,2016-08-16,742,8471,9213
445,2016-08-17,753,8492,9245
445,2016-08-18,696,8251,8947
445,2016-08-19,776,8697,9473
445,2016-08-20,584,6846,7430
445,2016-08-21,192,5668,5860
445,2016-08-22,817,8750,9567
445,2016-08-23,801,9435,10236
445,2016-08-24,865,9463,10328
445,2016-08-25,868,9514,10382
445,2016-08-26,880,9695,10575
445,2016-08-27,572,7260,7832
445,2016-08-28,194,6042,6236
445,2016-08-29,902,9553,10455
445,2016-08-30,919,9983,10902
445,2016-08-31,896,10100,10996
445,2016-09-01,950,10001,10951
445,2016-09-02,1031,10513,11544
445,2016-09-03,625,9435,10060
445,2016-09-04,215,7138,7353
445,2016-09-05,1005,9390,10395
445,2016-09-06,1007,10529,11536
445,2016-09-07,1020,10558,11578
445,2016-09-08,919,10429,11348
445,2016-09-09,846,10564,11410
445,2016-09-10,531,8254,8785
445,2016-09-11,162,6157,6319
445,2016-09-12,883,10369,11252
445,2016-09-13,824,10585,11409
445,2016-09-14,909,11149,12058
445,2016-09-15,845,10667,11512
445,2016-09-16,829,10731,11560
445,2016-09-17,541,8857,9398
445,2016-09-18,167,6755,6922
445,2016-09-19,894,10532,11426
445,2016-09-20,926,11050,11976
445,2016-09-21,888,10709,11597
445,2016-09-22,947,11570,12517
445,2016-09-23,902,11658,12560
445,2016-09-24,584,10289,10873
445,2016-09-25,194,7687,7881
445,2016-09-26,876,10480,11356
445,2016-09-27,869,10693,11562
445,2016-09-28,937,10599,11536
445,2016-09-29,960,11121,12081
445,2016-09-30,861,11264,12125
445,2016-10-01,526,9334,9860
445,2016-10-02,165,7321,7486
445,2016-10-03,924,10534,11458
445,2016-10-04,900,11190,12090
445,2016-10-05,906,11186,12092
445,2016-10-06,973,10896,11869
445,2016-10-07,937,11162,12099
445,2016-10-08,564,9105,9669
445,2016-10-09,181,7225,7406
445,2016-10-10,874,10250,11124
445,2016-10-11,858,10910,11768
445,2016-10-12,926,10718,11644
445,2016-10-13,963,11081,12044
445,2016-10-14,954,11427,12381
445,2016-10-15,539,9286,9825
445,2016-10-16,161,7454,7615
445,2016-10-17,896,10704,11600
445,2016-10-18,927,10973,11900
445,2016-10-19,912,11340,12252
445,2016-10-20,905,11925,12830
445,2016-10-21,932,12061,12993
445,2016-10-22,584,9283,9867
445,2016-10-23,160,7192,7352
445,2016-10-24,837,10313,11150
445,2016-10-25,915,11175,12090
445,2016-10-26,890,10602,11492
445,2016-10-27,1067,11304,12371
445,2016-10-28,1115,11313,12428
445,2016-10-29,682,9488,10170
445,2016-10-30,177,6554,6731
445,2016-11-01,192,7114,7306
445,2016-11-02,939,8403,9342
445,2016-11-03,971,9301,10272
445,2016-11-04,897,9739,10636
445,2016-11-05,566,8471,9037
445,2016-11-06,185,6276,6461
445,2016-11-07,1074,9793,10867
445,2016-11-08,1034,10258,11292
445,2016-11-09,1007,9891,10898
445,2016-11-10,1058,10491,11549
445,2016-11-11,871,9282,10153
445,2016-11-12,641,9063,9704
445,2016-11-13,194,6201,6395
445,2016-11-14,657,4767,5424
445,2016-11-15,251,1905,2156
445,2016-11-16,480,4315,4795
445,2016-11-17,524,5322,5846
445,2016-11-18,706,8584,9290
445,2016-11-19,544,9807,10351
445,2016-11-20,143,6282,6425
445,2016-11-21,669,8725,9394
445,2016-11-22,810,9063,9873
445,2016-11-23,947,10216,11163
445,2016-11-24,972,10506,11478
445,2016-11-25,999,10127,11126
445,2016-11-26,630,9018,9648
445,2016-11-27,181,6881,7062
445,2016-11-28,1051,10025,11076
445,2016-11-29,1087,10098,11185
445,2016-11-30,1095,9677,10772
445,2016-12-01,1206,10401,11607
445,2016-12-02,1085,10465,11550
445,2016-12-03,612,9368,9980
445,2016-12-04,239,8087,8326
445,2016-12-05,1085,9768,10853
445,2016-12-06,1134,10505,11639
445,2016-12-07,1195,10462,11657
445,2016-12-08,995,10185,11180
445,2016-12-09,1032,10624,11656
445,2016-12-10,577,9583,10160
445,2016-12-11,171,7100,7271
445,2016-12-12,1076,9906,10982
445,2016-12-13,992,10506,11498
445,2016-12-14,1093,10598,11691
445,2016-12-15,979,9974,10953
445,2016-12-16,1074,11239,12313
445,2016-12-17,591,9285,9876
445,2016-12-18,178,7044,7222
445,2016-12-19,1111,10032,11143
445,2016-12-20,1023,10294,11317
445,2016-12-21,1137,10582,11719
445,2016-12-22,831,10851,11682
445,2016-12-23,764,10741,11505
445,2016-12-24,439,7395,7834
445,2016-12-25,148,5066,5214
445,2016-12-26,148,4841,4989
445,2016-12-27,694,7558,8252
445,2016-12-28,704,7754,8458
445,2016-12-29,686,7922,8608
445,2016-12-30,676,7939,8615
445,2016-12-31,505,6279,6784
446,2016-01-01,60,3258,3318
446,2016-01-02,165,5592,5757
446,2016-01-03,80,4126,4206
446,2016-01-04,220,8199,8419
446,2016-01-05,188,8510,8698
446,2016-01-06,213,8520,8733
446,2016-01-08,241,8156,8397
446,2016-01-09,174,6687,6861
446,2016-01-10,56,4121,4177
446,2016-01-11,236,9171,9407
446,2016-01-12,238,9515,9753
446,2016-01-13,159,6938,7097
446,2016-01-14,145,6006,6151
446,2016-01-16,106,4811,4917
446,2016-01-17,66,4446,4512
446,2016-01-18,326,9119,9445
446,2016-01-19,327,9254,9581
446,2016-01-20,298,8999,9297
446,2016-01-21,320,9640,9960
446,2016-01-22,312,9335,9647
446,2016-01-24,73,4685,4758
446,2016-01-25,287,9415,9702
446,2016-01-26,306,9865,10171
446,2016-01-27,324,9297,9621
446,2016-01-28,304,9597,9901
446,2016-01-29,330,10211,10541
446,2016-01-31,63,4618,4681
446,2016-02-01,292,9316,9608
446,2016-02-02,308,9130,9438
446,2016-02-03,274,9274,9548
446,2016-02-04,240,9108,9348
446,2016-02-05,311,10446,10757
446,2016-02-07,79,4104,4183
446,2016-02-08,148,7608,7756
446,2016-02-09,190,7804,7994
446,2016-02-10,258,8950,9208
446,2016-02-11,246,9228,9474
446,2016-02-12,292,9744,10036
446,2016-02-14,73,4670,4743
446,2016-02-15,310,8625,8935
446,2016-02-16,338,9108,9446
446,2016-02-17,369,9144,9513
446,2016-02-18,336,9003,9339
446,2016-02-19,305,9296,9601
446,2016-02-21,63,4283,4346
446,2016-02-22,309,9200,9509
446,2016-02-23,286,9150,9436
446,2016-02-24,203,6215,6418
446,2016-02-25,342,9583,9925
446,2016-02-26,339,10131,10470
446,2016-02-28,86,4721,4807
446,2016-02-29,351,9462,9813
446,2016-03-01,305,9460,9765
446,2016-03-02,269,9036,9305
446,2016-03-03,271,9698,9969
446,2016-03-04,259,9683,9942
446,2016-03-06,80,4832,4912
446,2016-03-07,332,9147,9479
446,2016-03-08,339,9333,9672
446,2016-03-09,338,9543,9881
446,2016-03-10,360,9704,10064
446,2016-03-11,340,10041,10381
446,2016-03-13,87,5312,5399
446,2016-03-14,347,9379,9726
446,2016-03-15,384,10004,10388
446,2016-03-16,364,9135,9499
446,2016-03-17,362,9615,9977
446,2016-03-18,357,10373,10730
446,2016-03-20,93,5895,5988
446,2016-03-21,357,8979,9336
446,2016-03-22,358,9520,9878
446,2016-03-23,346,9522,9868
446,2016-03-24,345,9852,10197
446,2016-03-25,245,10219,10464
446,2016-03-28,52,3090,3142
446,2016-03-29,312,10274,10586
446,2016-03-30,314,9846,10160
446,2016-03-31,386,9556,9942
446,2016-04-01,416,10272,10688
446,2016-04-08,423,10324,10747
446,2016-04-10,95,5468,5563
446,2016-04-11,429,9545,9974
446,2016-04-12,468,10211,10679
446,2016-04-13,396,9737,10133
446,2016-04-14,443,9876,10319
446,2016-04-15,444,10292,10736
446,2016-04-17,79,5425,5504
446,2016-04-18,429,9944,10373
446,2016-04-19,452,10331,10783
446,2016-04-20,453,10246,10699
446,2016-04-21,443,10656,11099
446,2016-04-22,456,11209,11665
446,2016-04-24,128,7507,7635
446,2016-04-25,351,10086,10437
446,2016-04-26,490,9512,10002
446,2016-04-27,444,9438,9882
446,2016-04-28,432,10583,11015
446,2016-04-29,468,11233,11701
446,2016-05-01,86,5774,5860
446,2016-05-02,440,10247,10687
446,2016-05-03,426,10645,11071
446,2016-05-04,391,11213,11604
446,2016-05-05,83,5275,5358
446,2016-05-06,319,9274,9593
446,2016-05-08,87,5351,5438
446,2016-05-09,340,9842,10182
446,2016-05-10,336,9612,9948
446,2016-05-11,335,9844,10179
446,2016-05-12,347,10374,10721
446,2016-05-13,364,10290,10654
446,2016-05-15,82,4785,4867
446,2016-05-16,86,4427,4513
446,2016-05-17,322,9723,10045
446,2016-05-18,338,9884,10222
446,2016-05-19,325,10213,10538
446,2016-05-20,338,10398,10736
446,2016-05-22,72,5176,5248
446,2016-05-23,314,9679,9993
446,2016-05-24,358,10078,10436
446,2016-05-25,357,9806,10163
446,2016-05-26,504,10596,11100
446,2016-05-27,476,10078,10554
446,2016-05-29,126,8676,8802
446,2016-05-30,200,8374,8574
446,2016-05-31,293,10364,10657
446,2016-06-01,374,9512,9886
446,2016-06-02,218,9472,9690
446,2016-06-03,338,9948,10286
446,2016-06-05,77,5116,5193
446,2016-06-06,337,10124,10461
446,2016-06-07,321,10376,10697
446,2016-06-08,330,9456,9786
446,2016-06-09,327,10725,11052
446,2016-06-10,339,11179,11518
446,2016-06-12,81,5768,5849
446,2016-06-13,338,8802,9140
446,2016-06-14,318,9900,10218
446,2016-06-15,390,9156,9546
446,2016-06-16,334,9572,9906
446,2016-06-17,338,10326,10664
446,2016-06-19,83,5371,5454
446,2016-06-20,333,9750,10083
446,2016-06-21,303,9623,9926
446,2016-06-22,292,10263,10555
446,2016-06-23,92,5260,5352
446,2016-06-24,310,9074,9384
446,2016-06-26,78,5459,5537
446,2016-06-27,328,9359,9687
446,2016-06-28,317,9925,10242
446,2016-06-29,337,9861,10198
446,2016-06-30,310,10434,10744
446,2016-07-01,355,10513,10868
446,2016-07-02,191,7591,7782
446,2016-07-04,291,9618,9909
446,2016-07-05,354,9837,10191
446,2016-07-06,369,9852,10221
446,2016-07-07,368,10465,10833
446,2016-07-08,388,11438,11826
446,2016-07-09,237,9064,9301
446,2016-07-11,345,10283,10628
446,2016-07-12,383,10239,10622
446,2016-07-13,334,9498,9832
446,2016-07-14,344,9762,10106
446,2016-07-15,345,11233,11578
446,2016-07-16,204,7790,7994
446,2016-07-18,325,10286,10611
446,2016-07-19,302,10297,10599
446,2016-07-20,332,10090,10422
446,2016-07-21,372,9766,10138
446,2016-07-22,300,11056,11356
446,2016-07-23,212,7030,7242
446,2016-07-25,338,9940,10278
446,2016-07-26,403,9667,10070
446,2016-07-27,366,10105,10471
446,2016-07-28,360,9826,10186
446,2016-07-29,319,9737,10056
446,2016-07-30,223,6491,6714
446,2016-08-01,342,8440,8782
446,2016-08-02,275,8385,8660
446,2016-08-03,317,9019,9336
446,2016-08-04,266,8289,8555
446,2016-08-05,309,8582,8891
446,2016-08-06,194,6165,6359
446,2016-08-07,83,4843,4926
446,2016-08-09,308,7849,8157
446,2016-08-10,340,7918,8258
446,2016-08-11,317,7711,8028
446,2016-08-12,293,8117,8410
446,2016-08-13,202,5878,6080
446,2016-08-14,84,4456,4540
446,2016-08-16,300,8208,8508
446,2016-08-17,289,8028,8317
446,2016-08-18,294,7762,8056
446,2016-08-19,287,8172,8459
446,2016-08-20,187,5891,6078
446,2016-08-21,83,4425,4508
446,2016-08-23,288,8815,9103
446,2016-08-24,306,8947,9253
446,2016-08-25,291,9141,9432
446,2016-08-26,295,9539,9834
446,2016-08-27,184,6387,6571
446,2016-08-28,79,4693,4772
446,2016-08-30,340,9793,10133
446,2016-08-31,329,10128,10457
446,2016-09-01,311,9800,10111
446,2016-09-02,357,10444,10801
446,2016-09-03,223,8714,8937
446,2016-09-04,90,7436,7526
446,2016-09-06,335,10375,10710
446,2016-09-07,345,10266,10611
446,2016-09-08,353,10909,11262
446,2016-09-09,398,10721,11119
446,2016-09-10,207,6871,7078
446,2016-09-11,65,1974,2039
446,2016-09-13,412,10303,10715
446,2016-09-14,331,10234,10565
446,2016-09-15,318,9914,10232
446,2016-09-16,359,10445,10804
446,2016-09-17,207,7059,7266
446,2016-09-18,76,5078,5154
446,2016-09-20,355,9401,9756
446,2016-09-21,343,9691,10034
446,2016-09-22,340,10282,10622
446,2016-09-23,349,10618,10967
446,2016-09-24,197,8200,8397
446,2016-09-25,73,5502,5575
446,2016-09-27,358,9927,10285
446,2016-09-28,371,9616,9987
446,2016-09-29,352,10065,10417
446,2016-09-30,322,10069,10391
446,2016-10-01,178,7022,7200
446,2016-10-02,77,5158,5235
446,2016-10-03,346,9547,9893
446,2016-10-05,338,9809,10147
446,2016-10-06,365,9846,10211
446,2016-10-07,366,10080,10446
446,2016-10-08,214,7006,7220
446,2016-10-09,94,5233,5327
446,2016-10-10,357,9500,9857
446,2016-10-12,367,9713,10080
446,2016-10-13,378,9683,10061
446,2016-10-14,332,10152,10484
446,2016-10-15,186,7311,7497
446,2016-10-16,74,5709,5783
446,2016-10-17,350,9423,9773
446,2016-10-19,376,11365,11741
446,2016-10-20,330,9817,10147
446,2016-10-21,348,10104,10452
446,2016-10-22,191,7002,7193
446,2016-10-23,99,5091,5190
446,2016-10-24,308,8942,9250
446,2016-10-26,353,9690,10043
446,2016-10-27,361,10185,10546
446,2016-11-01,107,4755,4862
446,2016-11-02,669,8914,9583
446,2016-11-03,682,9619,10301
446,2016-11-04,694,10053,10747
446,2016-11-05,302,7297,7599
446,2016-11-06,102,4662,4764
446,2016-11-07,748,9135,9883
446,2016-11-08,736,9318,10054
446,2016-11-09,686,8741,9427
446,2016-11-10,700,9608,10308
446,2016-11-11,725,9886,10611
446,2016-11-12,318,6891,7209
446,2016-11-13,106,4425,4531
446,2016-11-14,744,9198,9942
446,2016-11-15,672,7386,8058
446,2016-11-16,650,8561,9211
446,2016-11-17,748,8911,9659
446,2016-11-18,675,9548,10223
446,2016-11-19,284,6478,6762
446,2016-11-20,94,4468,4562
446,2016-11-21,663,8740,9403
446,2016-11-29,680,9481,10161
446,2016-11-30,730,9245,9975
446,2016-12-01,748,9231,9979
446,2016-12-02,718,10154,10872
446,2016-12-03,384,8928,9312
446,2016-12-04,128,6974,7102
446,2016-12-05,737,9272,10009
446,2016-12-06,738,9229,9967
446,2016-12-07,816,8736,9552
446,2016-12-08,800,9745,10545
446,2016-12-11,102,4985,5087
446,2016-12-12,680,8897,9577
446,2016-12-15,734,9587,10321
446,2016-12-27,459,6429,6888
446,2016-12-28,463,6289,6752
446,2016-12-29,457,6695,7152
446,2016-12-30,455,6997,7452
446,2016-12-31,227,4691,4918
448,2016-01-01,47,3167,3214
448,2016-01-02,171,4316,4487
448,2016-01-03,50,3662,3712
448,2016-01-04,274,6033,6307
448,2016-01-05,254,6540,6794
448,2016-01-07,268,6652,6920
448,2016-01-08,269,6799,7068
448,2016-01-09,174,5301,5475
448,2016-01-10,46,4044,4090
448,2016-01-11,312,6738,7050
448,2016-01-12,322,6834,7156
448,2016-01-14,316,6848,7164
448,2016-01-15,309,6938,7247
448,2016-01-16,196,5406,5602
448,2016-01-17,46,3987,4033
448,2016-01-18,286,6932,7218
448,2016-01-19,266,7029,7295
448,2016-01-21,282,6913,7195
448,2016-01-22,302,6550,6852
448,2016-01-23,187,5099,5286
448,2016-01-24,34,4223,4257
448,2016-01-25,294,6645,6939
448,2016-01-26,280,6899,7179
448,2016-01-28,404,7158,7562
448,2016-01-29,315,7362,7677
448,2016-01-30,158,5380,5538
448,2016-01-31,40,3964,4004
448,2016-02-01,291,6684,6975
448,2016-02-02,320,7110,7430
448,2016-02-04,342,6924,7266
448,2016-02-05,305,6961,7266
448,2016-02-06,179,5619,5798
448,2016-02-07,80,4754,4834
448,2016-02-08,214,4950,5164
448,2016-02-09,264,5974,6238
448,2016-02-11,282,6466,6748
448,2016-02-12,254,6631,6885
448,2016-02-13,186,4976,5162
448,2016-02-14,44,4005,4049
448,2016-02-15,322,6541,6863
448,2016-02-16,292,7179,7471
448,2016-02-18,343,7099,7442
448,2016-02-19,317,7089,7406
448,2016-02-20,180,5518,5698
448,2016-02-21,39,3948,3987
448,2016-02-22,325,6601,6926
448,2016-02-23,302,6969,7271
448,2016-02-25,301,7288,7589
448,2016-02-26,297,7526,7823
448,2016-02-27,182,6107,6289
448,2016-02-28,64,4765,4829
448,2016-02-29,315,6787,7102
448,2016-03-01,301,7104,7405
448,2016-03-03,299,7192,7491
448,2016-03-04,280,7336,7616
448,2016-03-05,212,5717,5929
448,2016-03-06,60,4356,4416
448,2016-03-07,304,6773,7077
448,2016-03-08,282,7305,7587
448,2016-03-10,337,7433,7770
448,2016-03-11,334,7605,7939
448,2016-03-12,206,6357,6563
448,2016-03-13,48,4882,4930
448,2016-03-14,310,6973,7283
448,2016-03-15,291,7087,7378
448,2016-03-17,349,7337,7686
448,2016-03-18,341,7767,8108
448,2016-03-19,203,6312,6515
448,2016-03-20,47,4951,4998
448,2016-03-21,337,7002,7339
448,2016-03-22,333,7396,7729
448,2016-03-24,357,7482,7839
448,2016-03-25,332,7814,8146
448,2016-03-26,201,6515,6716
448,2016-03-28,68,3706,3774
448,2016-03-29,322,6880,7202
448,2016-10-25,451,7072,7523
448,2016-10-26,453,6995,7448
448,2016-10-27,483,7290,7773
448,2016-10-28,504,7761,8265
448,2016-10-29,258,6308,6566
448,2016-10-30,59,5422,5481
448,2016-11-01,70,4662,4732
448,2016-11-02,446,6822,7268
448,2016-11-03,456,6771,7227
448,2016-11-04,453,6946,7399
448,2016-11-05,242,5481,5723
448,2016-11-06,76,4115,4191
448,2016-11-07,410,6713,7123
448,2016-11-08,510,6924,7434
448,2016-11-09,374,6676,7050
448,2016-11-10,440,7094,7534
448,2016-11-11,468,7278,7746
448,2016-11-12,233,5742,5975
448,2016-11-13,49,4149,4198
448,2016-11-14,483,6742,7225
448,2016-11-15,288,6291,6579
448,2016-11-16,453,6809,7262
448,2016-11-17,449,6965,7414
448,2016-11-18,475,7360,7835
448,2016-11-19,204,5866,6070
448,2016-11-20,42,3960,4002
448,2016-11-21,413,6473,6886
448,2016-11-22,459,6942,7401
448,2016-11-23,461,6792,7253
448,2016-11-24,494,7092,7586
448,2016-11-25,461,7228,7689
448,2016-11-26,240,5796,6036
448,2016-11-27,56,4255,4311
448,2016-11-28,474,6688,7162
448,2016-11-29,461,7003,7464
448,2016-11-30,474,6746,7220
448,2016-12-01,437,7084,7521
448,2016-12-02,506,7258,7764
448,2016-12-03,221,5800,6021
448,2016-12-04,60,4528,4588
448,2016-12-05,465,6717,7182
448,2016-12-06,449,6871,7320
448,2016-12-07,443,6765,7208
448,2016-12-08,440,6969,7409
448,2016-12-09,452,7082,7534
448,2016-12-10,223,5505,5728
448,2016-12-11,46,4236,4282
448,2016-12-12,413,6532,6945
448,2016-12-13,430,6832,7262
448,2016-12-14,438,6739,7177
448,2016-12-15,444,7458,7902
448,2016-12-16,473,7064,7537
448,2016-12-17,248,5433,5681
448,2016-12-18,49,4386,4435
448,2016-12-19,457,6768,7225
448,2016-12-20,462,7083,7545
448,2016-12-21,483,7001,7484
448,2016-12-22,366,6799,7165
448,2016-12-23,354,7039,7393
448,2016-12-24,155,4651,4806
448,2016-12-25,30,3536,3566
448,2016-12-26,44,3279,3323
448,2016-12-27,270,5162,5432
448,2016-12-28,302,5666,5968
448,2016-12-29,265,5572,5837
448,2016-12-30,270,5560,5830
448,2016-12-31,199,4239,4438
449,2016-01-01,80,5876,5956
449,2016-01-02,274,8489,8763
449,2016-01-03,78,7004,7082
449,2016-01-04,454,11587,12041
449,2016-01-05,466,12308,12774
449,2016-01-06,460,12120,12580
449,2016-01-08,492,13242,13734
449,2016-01-09,281,10269,10550
449,2016-01-10,74,7320,7394
449,2016-01-11,530,12810,13340
449,2016-01-12,578,12962,13540
449,2016-01-13,584,12666,13250
449,2016-01-15,548,13190,13738
449,2016-01-16,342,10296,10638
449,2016-01-17,100,7573,7673
449,2016-01-18,552,12833,13385
449,2016-01-19,508,13104,13612
449,2016-01-20,555,12812,13367
449,2016-01-22,588,12404,12992
449,2016-01-23,303,10039,10342
449,2016-01-24,87,7980,8067
449,2016-01-25,533,12414,12947
449,2016-01-26,581,12932,13513
449,2016-01-27,570,12931,13501
449,2016-01-29,595,13838,14433
449,2016-01-30,286,10414,10700
449,2016-01-31,75,7857,7932
449,2016-02-01,533,12820,13353
449,2016-02-02,592,13142,13734
449,2016-02-03,634,13008,13642
449,2016-02-05,590,13554,14144
449,2016-02-06,361,11314,11675
449,2016-02-07,266,9102,9368
449,2016-02-08,416,9538,9954
449,2016-02-09,458,11428,11886
449,2016-02-10,548,12348,12896
449,2016-02-12,501,12579,13080
449,2016-02-13,288,9808,10096
449,2016-02-14,88,7744,7832
449,2016-02-15,570,12450,13020
449,2016-02-16,594,13204,13798
449,2016-02-17,616,13025,13641
449,2016-02-19,643,13415,14058
449,2016-02-20,290,10578,10868
449,2016-02-21,98,7747,7845
449,2016-02-22,944,17239,18183
449,2016-02-23,936,17984,18920
449,2016-02-24,882,17916,18798
449,2016-02-26,895,18496,19391
449,2016-02-27,460,15479,15939
449,2016-02-28,127,11387,11514
449,2016-02-29,897,17706,18603
449,2016-03-01,1005,18089,19094
449,2016-03-02,980,18458,19438
449,2016-03-04,988,18794,19782
449,2016-03-05,483,14668,15151
449,2016-03-06,135,10471,10606
449,2016-03-07,921,17386,18307
449,2016-03-08,872,18707,19579
449,2016-03-09,1004,18350,19354
449,2016-03-11,895,19438,20333
449,2016-03-12,529,16094,16623
449,2016-03-13,115,11773,11888
449,2016-03-14,909,17793,18702
449,2016-03-15,947,18463,19410
449,2016-03-16,973,17853,18826
449,2016-03-18,1120,20990,22110
449,2016-03-19,504,15544,16048
449,2016-03-20,146,12758,12904
449,2016-03-21,1003,18159,19162
449,2016-03-22,999,18853,19852
449,2016-03-23,1040,18707,19747
449,2016-03-25,922,19656,20578
449,2016-03-26,496,15729,16225
449,2016-03-28,134,9040,9174
449,2016-03-29,816,17338,18154
449,2016-03-30,836,17557,18393
449,2016-04-01,961,17806,18767
449,2016-04-02,528,14914,15442
449,2016-04-03,148,11356,11504
449,2016-04-04,817,16545,17362
449,2016-04-05,892,17090,17982
449,2016-04-06,886,17090,17976
449,2016-04-08,894,18458,19352
449,2016-04-09,513,15821,16334
449,2016-04-10,126,12597,12723
449,2016-04-11,1098,18656,19754
449,2016-04-12,1054,19460,20514
449,2016-04-13,1116,18980,20096
449,2016-04-15,1162,20242,21404
449,2016-04-16,470,16804,17274
449,2016-04-17,118,12904,13022
449,2016-04-18,1258,18244,19502
449,2016-04-19,1164,18854,20018
449,2016-04-20,1021,18999,20020
449,2016-04-22,1110,20430,21540
449,2016-04-23,528,15752,16280
449,2016-04-24,104,11852,11956
449,2016-04-25,970,18100,19070
449,2016-04-26,1096,18958,20054
449,2016-04-27,978,18448,19426
449,2016-04-29,1084,20408,21492
449,2016-04-30,517,16566,17083
449,2016-05-01,143,11847,11990
449,2016-05-02,994,19046,20040
449,2016-05-03,1076,20128,21204
449,2016-05-04,1048,20858,21906
449,2016-05-06,895,21907,22802
449,2016-05-07,695,18467,19162
449,2016-05-08,273,14391,14664
449,2016-05-09,1006,18685,19691
449,2016-05-10,931,19508,20439
449,2016-05-11,978,19132,20110
449,2016-05-13,1102,21068,22170
449,2016-05-14,517,16656,17173
449,2016-05-15,152,12979,13131
449,2016-05-16,200,10952,11152
449,2016-05-17,904,17643,18547
449,2016-05-18,892,16952,17844
449,2016-05-19,993,17723,18716
449,2016-05-21,769,15807,16576
449,2016-05-22,158,12518,12676
449,2016-05-23,1016,18733,19749
449,2016-05-24,1086,19258,20344
449,2016-05-25,1130,18832,19962
449,2016-05-26,1180,20168,21348
449,2016-05-28,527,16366,16893
449,2016-05-29,156,11667,11823
449,2016-05-30,870,18456,19326
449,2016-05-31,984,19418,20402
449,2016-06-01,1018,18624,19642
449,2016-06-02,1072,19512,20584
449,2016-06-04,476,16580,17056
449,2016-06-05,173,13393,13566
449,2016-06-06,334,16688,17022
449,2016-06-07,NA,16666,NA
449,2016-06-08,24,17105,17129
449,2016-06-09,2,17740,17742
449,2016-06-11,4,14251,14255
449,2016-06-12,NA,10550,NA
449,2016-06-13,NA,15930,NA
449,2016-06-14,NA,16884,NA
449,2016-06-15,NA,16354,NA
449,2016-06-16,NA,16546,NA
449,2016-06-18,NA,14000,NA
449,2016-06-19,NA,10528,NA
449,2016-06-20,NA,16330,NA
449,2016-06-21,NA,16884,NA
449,2016-06-22,NA,17555,NA
449,2016-06-23,NA,10335,NA
449,2016-06-25,NA,12404,NA
449,2016-06-26,NA,10332,NA
449,2016-06-27,60,16605,16665
449,2016-06-28,NA,17262,NA
449,2016-06-29,2,17354,17356
449,2016-06-30,20,17677,17697
449,2016-07-02,120,14523,14643
449,2016-07-03,6,12099,12105
449,2016-07-04,8,16807,16815
449,2016-07-05,NA,17390,NA
449,2016-07-06,NA,17375,NA
449,2016-07-07,2,17753,17755
449,2016-07-09,NA,15805,NA
449,2016-07-10,NA,12579,NA
449,2016-07-11,NA,17428,NA
449,2016-07-12,NA,18097,NA
449,2016-07-13,NA,16472,NA
449,2016-07-14,NA,17572,NA
449,2016-07-16,NA,15072,NA
449,2016-07-17,NA,12252,NA
449,2016-07-18,NA,17195,NA
449,2016-07-19,NA,17886,NA
449,2016-07-20,8,17566,17574
449,2016-07-21,NA,17822,NA
449,2016-07-23,NA,14504,NA
449,2016-07-24,NA,12346,NA
449,2016-07-25,NA,17507,NA
449,2016-07-26,NA,17702,NA
449,2016-07-27,NA,17875,NA
449,2016-07-28,60,17461,17521
449,2016-07-30,NA,14301,NA
449,2016-07-31,NA,11424,NA
449,2016-08-01,NA,15033,NA
449,2016-08-02,NA,14788,NA
449,2016-08-04,233,22852,23085
449,2016-08-06,101,13368,13469
449,2016-08-07,14,12241,12255
449,2016-08-08,173,14038,14211
449,2016-08-09,NA,14398,NA
449,2016-08-10,NA,13836,NA
449,2016-08-11,4,14009,14013
449,2016-08-13,NA,12882,NA
449,2016-08-14,6,12193,12199
449,2016-08-15,NA,10464,NA
449,2016-08-16,2,14941,14943
449,2016-08-17,NA,14143,NA
449,2016-08-18,NA,13894,NA
449,2016-10-14,1069,15696,16765
449,2016-10-15,476,12880,13356
449,2016-10-16,133,10954,11087
449,2016-10-17,947,14443,15390
449,2016-10-18,990,14983,15973
449,2016-10-19,987,14495,15482
449,2016-10-20,870,15165,16035
449,2016-10-21,935,15591,16526
449,2016-10-22,479,12933,13412
449,2016-10-23,157,10308,10465
449,2016-10-24,833,14611,15444
449,2016-10-25,934,14147,15081
449,2016-10-26,930,13138,14068
449,2016-10-27,925,13659,14584
449,2016-10-28,975,14358,15333
449,2016-10-29,421,11868,12289
449,2016-10-30,119,9707,9826
449,2016-11-01,137,8599,8736
449,2016-11-02,859,12532,13391
449,2016-11-03,1182,12383,13565
449,2016-11-04,878,12948,13826
449,2016-11-05,382,10384,10766
449,2016-11-06,123,8013,8136
449,2016-11-07,925,12473,13398
449,2016-11-08,940,13094,14034
449,2016-11-09,890,12562,13452
449,2016-11-10,999,13153,14152
449,2016-11-11,1006,13741,14747
449,2016-11-12,571,10925,11496
449,2016-11-13,130,7976,8106
449,2016-11-14,917,12748,13665
449,2016-11-15,852,12948,13800
449,2016-11-16,1020,12723,13743
449,2016-11-17,1080,12876,13956
449,2016-11-18,965,13763,14728
449,2016-11-19,354,11011,11365
449,2016-11-20,103,8310,8413
449,2016-11-21,877,12361,13238
449,2016-11-22,916,12856,13772
449,2016-11-23,930,12763,13693
449,2016-11-24,944,13193,14137
449,2016-11-25,967,13684,14651
449,2016-11-26,510,10828,11338
449,2016-11-27,124,8110,8234
449,2016-11-28,916,12591,13507
449,2016-11-29,887,13136,14023
449,2016-11-30,1009,12828,13837
449,2016-12-01,1026,13129,14155
449,2016-12-02,940,13540,14480
449,2016-12-03,365,10782,11147
449,2016-12-04,110,8443,8553
449,2016-12-05,955,12724,13679
449,2016-12-06,1008,12747,13755
449,2016-12-07,1073,12587,13660
449,2016-12-08,1027,12868,13895
449,2016-12-09,949,13437,14386
449,2016-12-10,549,10487,11036
449,2016-12-11,108,8100,8208
449,2016-12-12,878,12444,13322
449,2016-12-13,921,12979,13900
449,2016-12-14,909,12725,13634
449,2016-12-15,916,13404,14320
449,2016-12-16,830,13619,14449
449,2016-12-17,354,10482,10836
449,2016-12-18,94,8399,8493
449,2016-12-19,890,12649,13539
449,2016-12-20,817,13197,14014
449,2016-12-21,912,13158,14070
449,2016-12-22,665,13402,14067
449,2016-12-23,635,13350,13985
449,2016-12-24,249,9046,9295
449,2016-12-25,68,6504,6572
449,2016-12-26,104,6361,6465
449,2016-12-27,425,9893,10318
449,2016-12-28,447,10482,10929
449,2016-12-29,435,10583,11018
449,2016-12-30,397,10440,10837
449,2016-12-31,295,8131,8426
450,2016-01-01,41,3429,3470
450,2016-01-02,110,5006,5116
450,2016-01-03,44,4111,4155
450,2016-01-04,216,6429,6645
450,2016-01-05,240,6909,7149
450,2016-01-07,253,6847,7100
450,2016-01-08,255,7305,7560
450,2016-01-09,119,5999,6118
450,2016-01-10,45,4110,4155
450,2016-01-11,272,6878,7150
450,2016-01-12,313,7181,7494
450,2016-01-14,308,7033,7341
450,2016-01-15,267,7193,7460
450,2016-01-16,160,5864,6024
450,2016-01-17,66,4377,4443
450,2016-01-18,286,7032,7318
450,2016-01-19,258,7277,7535
450,2016-01-21,261,7192,7453
450,2016-01-22,284,6934,7218
450,2016-01-23,124,5807,5931
450,2016-01-24,40,4695,4735
450,2016-01-25,285,6833,7118
450,2016-01-26,302,7279,7581
450,2016-01-28,350,7374,7724
450,2016-01-29,348,7675,8023
450,2016-01-30,134,6092,6226
450,2016-01-31,48,4632,4680
450,2016-02-01,301,7140,7441
450,2016-02-02,336,7314,7650
450,2016-02-04,312,7246,7558
450,2016-02-05,309,7534,7843
450,2016-02-06,178,7590,7768
450,2016-02-07,178,4920,5098
450,2016-02-08,248,5460,5708
450,2016-02-09,272,6430,6702
450,2016-02-11,266,6779,7045
450,2016-02-12,283,7044,7327
450,2016-02-13,128,5701,5829
450,2016-02-14,46,4647,4693
450,2016-02-15,292,7033,7325
450,2016-02-16,318,7551,7869
450,2016-02-18,352,7307,7659
450,2016-02-19,364,7547,7911
450,2016-02-20,134,6065,6199
450,2016-02-21,48,4655,4703
450,2016-02-22,331,6977,7308
450,2016-02-23,289,7205,7494
450,2016-02-25,369,7730,8099
450,2016-02-26,308,7583,7891
450,2016-02-27,146,6511,6657
450,2016-02-28,52,5056,5108
450,2016-02-29,322,7246,7568
450,2016-03-01,340,7448,7788
450,2016-03-03,290,7238,7528
450,2016-03-04,270,7413,7683
450,2016-03-05,143,6143,6286
450,2016-03-06,56,4815,4871
450,2016-03-07,279,6996,7275
450,2016-03-08,298,7505,7803
450,2016-03-10,303,7460,7763
450,2016-03-11,292,7756,8048
450,2016-03-12,170,6592,6762
450,2016-03-13,57,5396,5453
450,2016-03-14,308,7117,7425
450,2016-03-15,355,7374,7729
450,2016-03-17,366,7581,7947
450,2016-03-18,335,8014,8349
450,2016-03-19,173,6339,6512
450,2016-03-20,46,5352,5398
450,2016-03-21,343,7262,7605
450,2016-03-22,312,7585,7897
450,2016-03-24,347,7688,8035
450,2016-03-25,302,7917,8219
450,2016-03-26,162,7068,7230
450,2016-03-28,48,4306,4354
450,2016-03-29,296,7215,7511
450,2016-04-01,302,7359,7661
450,2016-04-02,177,6765,6942
450,2016-04-03,58,5412,5470
450,2016-04-04,338,6913,7251
450,2016-04-05,360,6878,7238
450,2016-04-07,394,7207,7601
450,2016-04-08,361,7465,7826
450,2016-04-09,161,6844,7005
450,2016-04-10,60,5753,5813
450,2016-04-11,360,7485,7845
450,2016-04-12,365,7801,8166
450,2016-04-14,340,7786,8126
450,2016-04-15,314,8175,8489
450,2016-04-16,160,6958,7118
450,2016-04-17,61,5857,5918
450,2016-04-18,364,7360,7724
450,2016-04-19,384,7697,8081
450,2016-04-21,356,7945,8301
450,2016-04-22,359,8168,8527
450,2016-04-23,160,6971,7131
450,2016-04-24,46,5230,5276
450,2016-04-25,390,7294,7684
450,2016-04-26,380,7658,8038
450,2016-04-28,353,7824,8177
450,2016-04-29,357,8313,8670
450,2016-04-30,162,7007,7169
450,2016-05-01,50,5274,5324
450,2016-05-02,329,7589,7918
450,2016-05-03,355,8162,8517
450,2016-05-05,95,7313,7408
450,2016-05-06,298,9513,9811
450,2016-05-07,163,8248,8411
450,2016-05-08,123,6936,7059
450,2016-05-09,329,7959,8288
450,2016-05-10,312,7970,8282
450,2016-05-12,397,8219,8616
450,2016-05-13,372,8682,9054
450,2016-05-14,182,7598,7780
450,2016-05-15,66,5957,6023
450,2016-05-16,88,5386,5474
450,2016-05-17,343,7716,8059
450,2016-05-19,300,7512,7812
450,2016-05-20,346,7836,8182
450,2016-05-21,181,7140,7321
450,2016-05-22,90,5579,5669
450,2016-05-23,330,7434,7764
450,2016-05-24,349,7675,8024
450,2016-05-26,302,8424,8726
450,2016-05-27,364,8468,8832
450,2016-05-28,146,7345,7491
450,2016-05-29,67,5584,5651
450,2016-05-30,302,7094,7396
450,2016-05-31,331,7858,8189
450,2016-06-02,376,7784,8160
450,2016-06-03,343,8339,8682
450,2016-06-04,164,7194,7358
450,2016-06-05,72,5872,5944
450,2016-06-06,364,7414,7778
450,2016-06-07,300,7592,7892
450,2016-06-09,356,8086,8442
450,2016-06-10,380,8440,8820
450,2016-06-11,154,6944,7098
450,2016-06-12,76,5966,6042
450,2016-06-13,404,7162,7566
450,2016-06-14,366,7468,7834
450,2016-06-16,424,7544,7968
450,2016-06-17,420,8206,8626
450,2016-06-18,158,6880,7038
450,2016-06-19,74,5876,5950
450,2016-06-20,339,7437,7776
450,2016-06-21,328,7586,7914
450,2016-06-23,97,5357,5454
450,2016-06-24,344,7656,8000
450,2016-06-25,166,6438,6604
450,2016-06-26,74,5594,5668
450,2016-06-27,382,7446,7828
450,2016-06-28,371,7867,8238
450,2016-06-30,382,7967,8349
450,2016-07-01,368,8453,8821
450,2016-07-02,190,7218,7408
450,2016-07-03,64,6463,6527
450,2016-07-04,374,7624,7998
450,2016-07-05,359,7933,8292
450,2016-07-07,391,8166,8557
450,2016-07-08,388,8371,8759
450,2016-07-09,203,7924,8127
450,2016-07-10,102,6677,6779
450,2016-07-11,366,7926,8292
450,2016-07-12,359,8065,8424
450,2016-07-14,440,8038,8478
450,2016-07-15,336,8297,8633
450,2016-07-16,241,7521,7762
450,2016-07-17,67,6464,6531
450,2016-07-18,317,7919,8236
450,2016-07-19,310,8306,8616
450,2016-07-21,340,8241,8581
450,2016-07-22,394,8624,9018
450,2016-07-23,264,7972,8236
450,2016-07-24,78,6838,6916
450,2016-07-25,361,8235,8596
450,2016-07-26,310,8712,9022
450,2016-07-28,331,8208,8539
450,2016-07-29,278,8097,8375
450,2016-07-30,134,7102,7236
450,2016-07-31,70,5770,5840
450,2016-08-01,230,7173,7403
450,2016-08-02,249,7115,7364
450,2016-08-04,234,7101,7335
450,2016-08-05,284,7235,7519
450,2016-08-06,150,6641,6791
450,2016-08-07,82,6322,6404
450,2016-08-08,252,6954,7206
450,2016-08-09,262,6969,7231
450,2016-08-11,265,6740,7005
450,2016-08-12,266,7214,7480
450,2016-08-13,157,6952,7109
450,2016-08-14,90,6887,6977
450,2016-08-15,86,5576,5662
450,2016-08-16,254,7067,7321
450,2016-08-18,294,6486,6780
450,2016-08-19,299,6533,6832
450,2016-08-20,166,5819,5985
450,2016-08-21,64,5122,5186
450,2016-08-22,319,6803,7122
450,2016-08-23,303,7103,7406
450,2016-08-25,316,7345,7661
450,2016-08-26,321,7538,7859
450,2016-08-27,180,6579,6759
450,2016-08-28,59,5472,5531
450,2016-08-29,317,6790,7107
450,2016-08-30,306,7184,7490
450,2016-09-01,287,7197,7484
450,2016-09-02,321,7366,7687
450,2016-09-03,150,6610,6760
450,2016-09-04,66,4788,4854
450,2016-09-05,295,7110,7405
450,2016-09-06,302,7023,7325
450,2016-09-08,306,7737,8043
450,2016-09-09,325,8127,8452
450,2016-09-10,152,7095,7247
450,2016-09-11,77,5981,6058
450,2016-09-12,293,7607,7900
450,2016-09-13,312,7572,7884
450,2016-09-15,315,7970,8285
450,2016-09-16,291,8183,8474
450,2016-09-17,164,6852,7016
450,2016-09-18,58,5609,5667
450,2016-09-19,365,7571,7936
450,2016-09-20,374,7675,8049
450,2016-09-22,401,7707,8108
450,2016-09-23,351,8109,8460
450,2016-09-24,176,7185,7361
450,2016-09-25,64,6407,6471
450,2016-09-26,307,7403,7710
450,2016-09-27,313,7713,8026
450,2016-09-29,365,7782,8147
450,2016-09-30,338,8007,8345
450,2016-10-01,157,6734,6891
450,2016-10-02,68,5547,5615
450,2016-10-03,279,7353,7632
450,2016-10-04,370,7538,7908
450,2016-10-06,440,7613,8053
450,2016-10-07,391,7962,8353
450,2016-10-08,149,6578,6727
450,2016-10-09,65,5330,5395
450,2016-10-10,352,7136,7488
450,2016-10-11,348,7535,7883
450,2016-10-14,507,7626,8133
450,2016-10-15,224,6204,6428
450,2016-10-16,61,5571,5632
450,2016-10-17,486,6919,7405
450,2016-10-18,447,7298,7745
450,2016-10-19,495,6941,7436
450,2016-10-20,435,7096,7531
450,2016-10-21,456,7355,7811
450,2016-10-22,197,6233,6430
450,2016-10-23,82,5046,5128
450,2016-10-24,448,7028,7476
450,2016-10-25,474,7281,7755
450,2016-10-26,568,7118,7686
450,2016-10-27,519,7497,8016
450,2016-10-28,511,7854,8365
450,2016-10-29,211,6738,6949
450,2016-10-30,63,5500,5563
450,2016-11-01,82,5095,5177
450,2016-11-02,494,6750,7244
450,2016-11-03,509,6805,7314
450,2016-11-04,460,7070,7530
450,2016-11-05,166,5835,6001
450,2016-11-06,73,4755,4828
450,2016-11-07,489,6671,7160
450,2016-11-08,475,7182,7657
450,2016-11-09,431,6913,7344
450,2016-11-10,489,7259,7748
450,2016-11-11,565,7587,8152
450,2016-11-12,203,6237,6440
450,2016-11-13,69,4660,4729
450,2016-11-14,458,6944,7402
450,2016-11-15,333,7106,7439
450,2016-11-16,470,6895,7365
450,2016-11-17,454,7088,7542
450,2016-11-18,435,7470,7905
450,2016-11-19,177,6178,6355
450,2016-11-20,55,5176,5231
452,2016-01-01,2,2323,2325
452,2016-01-02,38,3107,3145
452,2016-01-03,11,2695,2706
452,2016-01-04,47,5537,5584
452,2016-01-05,47,6148,6195
452,2016-01-07,60,6075,6135
452,2016-01-08,61,6607,6668
452,2016-01-09,24,4256,4280
452,2016-01-10,3,2792,2795
452,2016-01-11,69,6210,6279
452,2016-01-12,70,6664,6734
452,2016-01-14,69,6351,6420
452,2016-01-15,55,5586,5641
452,2016-01-16,18,3809,3827
452,2016-01-17,4,3343,3347
452,2016-01-18,69,6226,6295
452,2016-01-19,73,6705,6778
452,2016-01-21,61,6705,6766
452,2016-01-22,66,5982,6048
452,2016-01-23,50,3797,3847
452,2016-01-24,2,3199,3201
452,2016-01-25,72,6382,6454
452,2016-01-26,79,6729,6808
452,2016-01-28,81,6993,7074
452,2016-01-29,74,7479,7553
452,2016-01-30,46,4001,4047
452,2016-01-31,6,3261,3267
452,2016-02-01,58,6454,6512
452,2016-02-02,73,6653,6726
452,2016-02-04,94,6712,6806
452,2016-02-05,68,6844,6912
452,2016-02-06,25,4116,4141
452,2016-02-07,32,4029,4061
452,2016-02-08,70,4300,4370
452,2016-02-09,94,4844,4938
452,2016-02-11,63,6352,6415
452,2016-02-12,60,6654,6714
452,2016-02-13,21,4131,4152
452,2016-02-14,4,3263,3267
452,2016-02-15,61,6862,6923
452,2016-02-16,90,7940,8030
452,2016-02-18,84,7827,7911
452,2016-02-19,70,7867,7937
452,2016-02-20,25,4254,4279
452,2016-02-21,8,3389,3397
452,2016-02-22,72,6759,6831
452,2016-02-23,74,6926,7000
452,2016-02-25,67,7255,7322
452,2016-02-26,92,7217,7309
452,2016-02-27,23,4265,4288
452,2016-02-28,4,3328,3332
452,2016-02-29,83,6558,6641
452,2016-03-01,81,6948,7029
452,2016-03-03,79,6715,6794
452,2016-03-04,62,6618,6680
452,2016-03-05,25,3950,3975
452,2016-03-06,2,2969,2971
452,2016-03-07,78,6322,6400
452,2016-03-08,81,6921,7002
452,2016-03-10,90,6852,6942
452,2016-03-11,78,7039,7117
452,2016-03-12,25,4461,4486
452,2016-03-13,4,3520,3524
452,2016-03-14,91,6548,6639
452,2016-03-15,73,6882,6955
452,2016-03-17,93,6888,6981
452,2016-03-18,93,7200,7293
452,2016-03-19,31,4364,4395
452,2016-03-20,4,3642,3646
452,2016-03-21,84,6500,6584
452,2016-03-22,90,7023,7113
452,2016-03-24,93,6978,7071
452,2016-03-25,83,7057,7140
452,2016-03-26,28,4232,4260
452,2016-03-28,8,2636,2644
452,2016-03-29,93,6059,6152
452,2016-04-01,94,6426,6520
452,2016-04-02,52,4094,4146
452,2016-04-03,6,3279,3285
452,2016-04-04,97,5852,5949
452,2016-04-05,93,5979,6072
452,2016-04-07,94,6160,6254
452,2016-04-08,125,6462,6587
452,2016-04-09,42,4166,4208
452,2016-04-10,4,3791,3795
452,2016-04-11,74,6505,6579
452,2016-04-12,90,6768,6858
452,2016-04-14,77,7087,7164
452,2016-04-15,81,7296,7377
452,2016-04-16,50,4437,4487
452,2016-04-17,4,3866,3870
452,2016-04-18,91,6685,6776
452,2016-04-19,92,6850,6942
452,2016-04-21,71,7066,7137
452,2016-04-22,95,7388,7483
452,2016-04-23,27,4658,4685
452,2016-04-24,2,3573,3575
452,2016-04-25,74,6564,6638
452,2016-04-26,100,7003,7103
452,2016-04-28,82,6804,6886
452,2016-04-29,101,7443,7544
452,2016-04-30,29,4636,4665
452,2016-05-01,10,3648,3658
452,2016-05-02,71,6510,6581
452,2016-05-03,85,7222,7307
452,2016-05-05,7,4538,4545
452,2016-05-06,46,5590,5636
452,2016-05-07,16,3927,3943
452,2016-05-08,12,3411,3423
452,2016-05-09,71,6849,6920
452,2016-05-10,80,7124,7204
452,2016-05-12,98,7190,7288
452,2016-05-13,122,6892,7014
452,2016-05-14,62,4999,5061
452,2016-05-15,10,4011,4021
452,2016-05-16,12,3707,3719
452,2016-05-17,88,5676,5764
452,2016-05-19,70,6370,6440
452,2016-05-20,73,7273,7346
452,2016-05-21,25,5263,5288
452,2016-05-22,4,3925,3929
452,2016-05-23,90,6755,6845
452,2016-05-24,88,6963,7051
452,2016-05-26,46,5427,5473
452,2016-05-27,43,3682,3725
452,2016-05-28,24,2870,2894
452,2016-05-29,3,3555,3558
452,2016-05-30,79,5896,5975
452,2016-05-31,78,6873,6951
452,2016-06-02,67,7788,7855
452,2016-06-03,50,5795,5845
452,2016-06-04,16,3688,3704
452,2016-06-05,8,2946,2954
452,2016-06-06,24,2743,2767
452,2016-06-07,22,4060,4082
452,2016-06-09,33,4960,4993
452,2016-06-10,42,5057,5099
452,2016-06-11,66,4713,4779
452,2016-06-12,7,3510,3517
452,2016-06-13,86,6470,6556
452,2016-06-14,78,6864,6942
452,2016-06-16,98,6977,7075
452,2016-06-17,69,7175,7244
452,2016-06-18,16,4121,4137
452,2016-06-19,10,3694,3704
452,2016-06-20,39,5515,5554
452,2016-06-21,45,6953,6998
452,2016-06-23,4,883,887
452,2016-06-24,32,1901,1933
452,2016-06-25,24,3789,3813
452,2016-06-26,NA,2491,NA
452,2016-06-27,76,6581,6657
452,2016-06-28,44,5770,5814
452,2016-06-30,71,6845,6916
452,2016-07-01,55,6997,7052
452,2016-07-02,20,3971,3991
452,2016-07-03,NA,3717,NA
452,2016-07-04,72,6206,6278
452,2016-07-05,48,5682,5730
452,2016-07-07,38,4298,4336
452,2016-07-08,26,3282,3308
452,2016-07-09,8,3312,3320
452,2016-07-10,2,926,928
452,2016-07-11,35,4989,5024
452,2016-07-12,34,5695,5729
452,2016-07-14,69,7023,7092
452,2016-07-15,53,6444,6497
452,2016-07-16,23,4153,4176
452,2016-07-17,4,1125,1129
452,2016-07-18,24,2642,2666
452,2016-07-19,20,2444,2464
452,2016-07-21,22,2912,2934
452,2016-07-22,44,2256,2300
452,2016-07-23,16,4068,4084
452,2016-07-24,NA,977,NA
452,2016-07-25,22,2001,2023
452,2016-07-26,33,5174,5207
452,2016-07-28,25,5074,5099
452,2016-07-29,18,4158,4176
452,2016-07-30,18,1545,1563
452,2016-07-31,4,2734,2738
452,2016-08-01,20,2844,2864
452,2016-08-02,47,5585,5632
452,2016-08-04,19,5069,5088
452,2016-08-05,33,4454,4487
452,2016-08-06,22,1934,1956
452,2016-08-07,2,1593,1595
452,2016-08-08,26,2429,2455
452,2016-08-09,20,4024,4044
452,2016-08-11,37,4749,4786
452,2016-08-12,30,4174,4204
452,2016-08-13,16,1672,1688
452,2016-08-14,4,1465,1469
452,2016-08-15,10,1188,1198
452,2016-08-16,42,2385,2427
452,2016-08-18,40,3956,3996
452,2016-08-19,29,4636,4665
452,2016-08-20,14,3578,3592
452,2016-08-21,4,3210,3214
452,2016-08-22,33,3763,3796
452,2016-08-23,42,2203,2245
452,2016-08-24,20,1977,1997
452,2016-08-26,42,1844,1886
452,2016-08-27,24,1182,1206
452,2016-08-28,4,1037,1041
452,2016-08-29,37,3544,3581
452,2016-08-30,31,3564,3595
452,2016-08-31,66,2871,2937
452,2016-11-24,489,6499,6988
452,2016-11-25,540,6848,7388
452,2016-11-26,135,4112,4247
452,2016-11-27,22,3283,3305
452,2016-11-28,485,6032,6517
452,2016-11-29,516,6419,6935
452,2016-11-30,516,6548,7064
452,2016-12-01,558,6497,7055
452,2016-12-02,468,6772,7240
452,2016-12-03,123,4083,4206
452,2016-12-04,37,3176,3213
452,2016-12-05,512,6036,6548
452,2016-12-06,460,6278,6738
452,2016-12-07,526,6334,6860
452,2016-12-08,486,6617,7103
452,2016-12-09,493,6668,7161
452,2016-12-10,145,3779,3924
452,2016-12-11,32,2996,3028
452,2016-12-12,448,6147,6595
452,2016-12-13,495,6678,7173
452,2016-12-14,536,6416,6952
452,2016-12-15,557,7686,8243
452,2016-12-16,520,7237,7757
452,2016-12-17,148,4266,4414
452,2016-12-18,29,3395,3424
452,2016-12-19,554,6324,6878
452,2016-12-20,588,6642,7230
452,2016-12-21,552,6289,6841
452,2016-12-22,433,6538,6971
452,2016-12-23,284,5798,6082
452,2016-12-24,79,3082,3161
452,2016-12-25,19,2570,2589
452,2016-12-26,33,2450,2483
452,2016-12-27,192,4108,4300
452,2016-12-28,183,4130,4313
452,2016-12-29,189,4184,4373
452,2016-12-30,177,4055,4232
452,2016-12-31,84,2635,2719
453,2016-01-01,60,4409,4469
453,2016-01-02,111,5606,5717
453,2016-01-03,83,5395,5478
453,2016-01-04,467,8403,8870
453,2016-01-05,583,9482,10065
453,2016-01-07,796,12804,13600
453,2016-01-08,742,12727,13469
453,2016-01-09,204,7419,7623
453,2016-01-10,72,6544,6616
453,2016-01-11,942,12788,13730
453,2016-01-12,1088,13602,14690
453,2016-01-14,831,11338,12169
453,2016-01-15,609,9458,10067
453,2016-01-16,238,7097,7335
453,2016-01-17,96,6767,6863
453,2016-01-18,886,11979,12865
453,2016-01-19,907,12859,13766
453,2016-01-21,829,12774,13603
453,2016-01-22,1038,11906,12944
453,2016-01-23,198,7150,7348
453,2016-01-24,64,6237,6301
453,2016-01-25,939,12298,13237
453,2016-01-26,987,13320,14307
453,2016-01-28,1049,13414,14463
453,2016-01-29,1083,14130,15213
453,2016-01-30,244,9376,9620
453,2016-01-31,59,6391,6450
453,2016-02-01,930,12046,12976
453,2016-02-02,1194,13750,14944
453,2016-02-04,1120,13764,14884
453,2016-02-05,900,12788,13688
453,2016-02-06,209,8275,8484
453,2016-02-07,146,8582,8728
453,2016-02-08,612,9202,9814
453,2016-02-09,950,11308,12258
453,2016-02-11,926,12400,13326
453,2016-02-12,997,13159,14156
453,2016-02-13,184,6493,6677
453,2016-02-14,69,6416,6485
453,2016-02-15,996,13621,14617
453,2016-02-16,1094,14676,15770
453,2016-02-18,1096,14798,15894
453,2016-02-19,1004,14313,15317
453,2016-02-20,288,7780,8068
453,2016-02-21,74,6174,6248
453,2016-02-22,1016,12487,13503
453,2016-02-23,967,12444,13411
453,2016-02-25,1079,14512,15591
453,2016-02-26,1093,15079,16172
453,2016-02-27,301,10074,10375
453,2016-02-28,110,7752,7862
453,2016-02-29,1084,13728,14812
453,2016-03-01,1107,14245,15352
453,2016-03-03,956,12584,13540
453,2016-03-04,837,9957,10794
453,2016-03-05,250,8377,8627
453,2016-03-06,113,6809,6922
453,2016-03-07,1069,13067,14136
453,2016-03-08,1121,14019,15140
453,2016-03-10,1076,14233,15309
453,2016-03-11,1126,14696,15822
453,2016-03-12,279,10018,10297
453,2016-03-13,116,8065,8181
453,2016-03-14,1095,13469,14564
453,2016-03-15,1165,13922,15087
453,2016-03-17,1198,14224,15422
453,2016-03-18,1160,14489,15649
453,2016-03-19,341,10142,10483
453,2016-03-20,108,7704,7812
453,2016-03-21,1090,13375,14465
453,2016-03-22,1184,14354,15538
453,2016-03-24,1170,14739,15909
453,2016-03-25,889,12045,12934
453,2016-03-26,282,8965,9247
453,2016-03-28,132,6972,7104
453,2016-03-29,1274,13050,14324
453,2016-04-01,94,6426,6520
453,2016-04-02,52,4094,4146
453,2016-04-03,6,3279,3285
453,2016-04-04,97,5852,5949
453,2016-04-05,93,5979,6072
453,2016-04-07,94,6160,6254
453,2016-04-08,125,6462,6587
453,2016-04-09,42,4166,4208
453,2016-04-10,4,3791,3795
453,2016-04-11,74,6505,6579
453,2016-04-12,90,6768,6858
453,2016-04-14,77,7087,7164
453,2016-04-15,81,7296,7377
453,2016-04-16,50,4437,4487
453,2016-04-17,4,3866,3870
453,2016-04-18,91,6685,6776
453,2016-04-19,92,6850,6942
453,2016-04-21,1172,14580,15752
453,2016-04-22,1289,15315,16604
453,2016-04-23,334,9368,9702
453,2016-04-24,156,7827,7983
453,2016-04-25,1229,11747,12976
453,2016-04-26,1201,13467,14668
453,2016-04-28,1178,14350,15528
453,2016-04-29,1308,15093,16401
453,2016-04-30,327,8904,9231
453,2016-05-01,154,7518,7672
453,2016-05-02,1255,13291,14546
453,2016-05-03,1242,14343,15585
453,2016-05-05,200,8462,8662
453,2016-05-06,805,12891,13696
453,2016-05-07,372,10718,11090
453,2016-05-08,226,9580,9806
453,2016-05-09,1207,13436,14643
453,2016-05-10,1175,13094,14269
453,2016-05-12,1314,14297,15611
453,2016-05-13,1622,15346,16968
453,2016-05-14,525,10439,10964
453,2016-05-15,268,8205,8473
453,2016-05-16,263,7235,7498
453,2016-05-17,1439,13096,14535
453,2016-05-19,1363,13489,14852
453,2016-05-20,1606,16128,17734
453,2016-05-21,510,10069,10579
453,2016-05-22,314,8068,8382
453,2016-05-23,1079,12574,13653
453,2016-05-24,1290,13848,15138
453,2016-05-26,1284,13718,15002
453,2016-05-27,1450,15556,17006
453,2016-05-28,388,9587,9975
453,2016-05-29,137,7111,7248
453,2016-05-30,1158,13578,14736
453,2016-05-31,1366,14474,15840
453,2016-06-02,1404,15380,16784
453,2016-06-03,1464,14568,16032
453,2016-06-04,322,8839,9161
453,2016-06-05,168,8125,8293
453,2016-06-06,1318,12623,13941
453,2016-06-07,1078,12501,13579
453,2016-06-09,1235,14216,15451
453,2016-06-10,1261,14243,15504
453,2016-06-11,325,9163,9488
453,2016-06-12,216,8758,8974
453,2016-06-13,1430,13512,14942
453,2016-06-14,1275,13626,14901
453,2016-06-16,1574,14818,16392
453,2016-06-17,1294,13526,14820
453,2016-06-18,373,9642,10015
453,2016-06-19,168,8050,8218
453,2016-06-20,1546,13572,15118
453,2016-06-21,1194,14566,15760
453,2016-06-23,320,8089,8409
453,2016-06-24,1132,11898,13030
453,2016-06-25,368,9398,9766
453,2016-06-26,212,8596,8808
453,2016-06-27,1256,13093,14349
453,2016-06-28,1224,14046,15270
453,2016-06-30,1287,14636,15923
453,2016-07-01,1307,15001,16308
453,2016-07-02,398,10864,11262
453,2016-07-03,188,9988,10176
453,2016-07-04,1152,12095,13247
453,2016-07-05,1162,14002,15164
453,2016-07-07,1293,13985,15278
453,2016-07-08,1325,14470,15795
453,2016-07-09,434,10188,10622
453,2016-07-10,148,8570,8718
453,2016-07-11,1268,13830,15098
453,2016-07-12,1251,14423,15674
453,2016-07-14,1221,14305,15526
453,2016-07-15,1315,14329,15644
453,2016-07-16,432,10328,10760
453,2016-07-17,258,8346,8604
453,2016-07-18,1113,12798,13911
453,2016-07-19,1107,13307,14414
453,2016-07-21,1141,12788,13929
453,2016-07-22,1416,14432,15848
453,2016-07-23,654,10440,11094
453,2016-07-24,287,8114,8401
453,2016-07-25,968,11742,12710
453,2016-07-26,738,10318,11056
453,2016-07-28,706,12462,13168
453,2016-07-29,638,12406,13044
453,2016-07-30,361,9684,10045
453,2016-07-31,218,8353,8571
453,2016-08-01,634,10216,10850
453,2016-08-02,613,8545,9158
453,2016-08-04,746,10584,11330
453,2016-08-05,768,11817,12585
453,2016-08-06,309,8904,9213
453,2016-08-07,198,8756,8954
453,2016-08-08,673,11063,11736
453,2016-08-09,746,11631,12377
453,2016-08-11,718,10717,11435
453,2016-08-12,734,11121,11855
453,2016-08-13,282,8226,8508
453,2016-08-14,161,7445,7606
453,2016-08-15,236,6971,7207
453,2016-08-16,828,10810,11638
453,2016-08-18,968,11530,12498
453,2016-08-19,790,11117,11907
453,2016-08-20,272,8715,8987
453,2016-08-21,174,7392,7566
453,2016-08-22,1074,11862,12936
453,2016-08-23,1090,12552,13642
453,2016-08-25,1109,12742,13851
453,2016-08-26,1133,12571,13704
453,2016-08-27,442,9940,10382
453,2016-08-28,179,8247,8426
453,2016-08-29,1129,12184,13313
453,2016-08-30,1186,13003,14189
453,2016-09-01,1167,12948,14115
453,2016-09-02,1177,13519,14696
453,2016-09-03,328,9310,9638
453,2016-09-04,204,8022,8226
453,2016-09-05,1138,12747,13885
453,2016-09-06,1175,13145,14320
453,2016-09-08,1202,13580,14782
453,2016-09-09,1193,14050,15243
453,2016-09-10,326,9863,10189
453,2016-09-11,148,8395,8543
453,2016-09-12,1161,12823,13984
453,2016-09-13,1172,13447,14619
453,2016-09-15,1157,13414,14571
453,2016-09-16,1158,14172,15330
453,2016-09-17,353,10347,10700
453,2016-09-18,142,7963,8105
453,2016-09-19,1190,13499,14689
453,2016-09-20,1277,14401,15678
453,2016-09-22,1279,14499,15778
453,2016-09-23,1305,14817,16122
453,2016-09-24,371,10749,11120
453,2016-09-25,195,9194,9389
453,2016-09-26,1178,13279,14457
453,2016-09-27,1309,14081,15390
453,2016-09-29,1263,14221,15484
453,2016-09-30,1221,14425,15646
453,2016-10-01,247,8004,8251
453,2016-10-02,89,6883,6972
453,2016-10-03,1162,13231,14393
453,2016-10-04,1173,13939,15112
453,2016-10-06,1253,14435,15688
453,2016-10-07,1230,15101,16331
453,2016-10-08,369,10339,10708
453,2016-10-09,177,8841,9018
453,2016-10-10,1197,13596,14793
453,2016-10-11,1271,14689,15960
453,2016-10-13,1221,14804,16025
453,2016-10-14,1270,14849,16119
453,2016-10-15,312,8481,8793
453,2016-10-16,125,7904,8029
453,2016-10-17,1180,12779,13959
453,2016-10-18,1246,14059,15305
453,2016-10-20,1472,14450,15922
453,2016-10-21,1366,12922,14288
453,2016-10-22,409,9141,9550
453,2016-10-23,120,8366,8486
453,2016-10-24,979,10744,11723
453,2016-10-25,1165,14002,15167
453,2016-10-27,1226,14433,15659
453,2016-10-28,1254,15080,16334
453,2016-10-29,315,9874,10189
453,2016-10-30,133,8230,8363
453,2016-10-31,796,11196,11992
453,2016-11-01,209,7641,7850
453,2016-11-03,1275,13506,14781
453,2016-11-04,1426,13586,15012
453,2016-11-05,278,7974,8252
453,2016-11-06,106,7576,7682
453,2016-11-07,1197,12774,13971
453,2016-11-08,1253,14183,15436
453,2016-11-10,1231,13963,15194
453,2016-11-11,1052,14152,15204
453,2016-11-12,275,9293,9568
453,2016-11-13,112,6646,6758
453,2016-11-14,1058,13594,14652
453,2016-11-15,881,11717,12598
453,2016-11-17,1284,14490,15774
453,2016-11-18,1208,13130,14338
453,2016-11-19,219,7492,7711
453,2016-11-20,138,7404,7542
453,2016-11-21,1258,13328,14586
453,2016-11-22,1137,13354,14491
453,2016-11-24,1191,14527,15718
453,2016-11-25,1268,15120,16388
453,2016-11-26,370,9883,10253
453,2016-11-27,105,7729,7834
453,2016-11-28,1198,13554,14752
453,2016-11-29,1324,14337,15661
453,2016-12-01,1178,14588,15766
453,2016-12-02,1123,14254,15377
453,2016-12-03,340,9660,10000
453,2016-12-04,217,7917,8134
453,2016-12-05,1205,13507,14712
453,2016-12-06,1231,13689,14920
453,2016-12-08,1251,14052,15303
453,2016-12-09,1141,14108,15249
453,2016-12-10,309,9239,9548
453,2016-12-11,106,7252,7358
453,2016-12-12,1077,12943,14020
453,2016-12-13,1131,13687,14818
453,2016-12-15,1143,14794,15937
453,2016-12-16,1129,15100,16229
453,2016-12-17,333,9702,10035
453,2016-12-18,84,7575,7659
453,2016-12-19,1191,13454,14645
453,2016-12-20,1121,14137,15258
453,2016-12-22,784,11039,11823
453,2016-12-23,676,12591,13267
453,2016-12-24,207,6653,6860
453,2016-12-25,56,5690,5746
453,2016-12-26,91,5563,5654
453,2016-12-27,490,8974,9464
453,2016-12-29,455,9513,9968
453,2016-12-30,457,9247,9704
453,2016-12-31,170,6045,6215
454,2016-01-01,15,5305,5320
454,2016-01-02,38,7175,7213
454,2016-01-03,28,6970,6998
454,2016-01-04,275,10672,10947
454,2016-01-05,282,10999,11281
454,2016-01-07,406,13156,13562
454,2016-01-08,317,12688,13005
454,2016-01-09,74,8146,8220
454,2016-01-10,18,7130,7148
454,2016-01-11,494,13110,13604
454,2016-01-12,520,13804,14324
454,2016-01-14,336,11604,11940
454,2016-01-15,243,9460,9703
454,2016-01-16,80,7941,8021
454,2016-01-17,29,7654,7683
454,2016-01-18,374,11725,12099
454,2016-01-19,415,12539,12954
454,2016-01-21,376,12737,13113
454,2016-01-22,420,12318,12738
454,2016-01-23,83,7956,8039
454,2016-01-24,20,7229,7249
454,2016-01-25,409,12372,12781
454,2016-01-26,433,13229,13662
454,2016-01-28,465,13518,13983
454,2016-01-29,423,14300,14723
454,2016-01-30,98,9698,9796
454,2016-01-31,15,7733,7748
454,2016-02-01,381,12942,13323
454,2016-02-02,402,12566,12968
454,2016-02-04,464,12799,13263
454,2016-02-05,357,13231,13588
454,2016-02-06,78,8826,8904
454,2016-02-07,91,8429,8520
454,2016-02-08,324,9548,9872
454,2016-02-09,444,11804,12248
454,2016-02-11,401,12429,12830
454,2016-02-12,416,12879,13295
454,2016-02-13,71,7698,7769
454,2016-02-14,15,7117,7132
454,2016-02-15,383,12793,13176
454,2016-02-16,485,13510,13995
454,2016-02-18,500,13858,14358
454,2016-02-19,390,13529,13919
454,2016-02-20,130,9150,9280
454,2016-02-21,17,7393,7410
454,2016-02-22,442,12393,12835
454,2016-02-23,399,12977,13376
454,2016-02-25,460,14025,14485
454,2016-02-26,456,14270,14726
454,2016-02-27,126,10111,10237
454,2016-02-28,31,8249,8280
454,2016-02-29,470,13027,13497
454,2016-03-01,482,13541,14023
454,2016-03-03,428,12704,13132
454,2016-03-04,356,11571,11927
454,2016-03-05,92,9004,9096
454,2016-03-06,36,7459,7495
454,2016-03-07,438,12703,13141
454,2016-03-08,467,13771,14238
454,2016-03-10,473,13966,14439
454,2016-03-11,489,14332,14821
454,2016-03-12,114,10050,10164
454,2016-03-13,27,8551,8578
454,2016-03-14,496,13139,13635
454,2016-03-15,537,13766,14303
454,2016-03-17,522,14210,14732
454,2016-03-18,481,14572,15053
454,2016-03-19,140,10164,10304
454,2016-03-20,28,8279,8307
454,2016-03-21,500,13202,13702
454,2016-03-22,535,14291,14826
454,2016-03-24,507,14667,15174
454,2016-03-25,439,13628,14067
454,2016-03-26,97,9505,9602
454,2016-03-28,38,7704,7742
454,2016-03-29,640,14054,14694
454,2016-04-01,544,13977,14521
454,2016-04-02,143,9626,9769
454,2016-04-03,93,7850,7943
454,2016-04-04,752,13543,14295
454,2016-04-05,762,13081,13843
454,2016-04-07,874,14882,15756
454,2016-04-08,571,14175,14746
454,2016-04-09,139,9925,10064
454,2016-04-10,44,8935,8979
454,2016-04-11,624,14344,14968
454,2016-04-12,650,15016,15666
454,2016-04-14,558,14446,15004
454,2016-04-15,602,15972,16574
454,2016-04-16,126,10958,11084
454,2016-04-17,35,8984,9019
454,2016-04-18,553,13669,14222
454,2016-04-19,588,14009,14597
454,2016-04-21,553,14427,14980
454,2016-04-22,546,15269,15815
454,2016-04-23,100,10113,10213
454,2016-04-24,29,8426,8455
454,2016-04-25,507,12466,12973
454,2016-04-26,474,13837,14311
454,2016-04-28,512,14406,14918
454,2016-04-29,536,15045,15581
454,2016-04-30,93,10431,10524
454,2016-05-01,48,8630,8678
454,2016-05-02,692,14934,15626
454,2016-05-03,561,14710,15271
454,2016-05-05,70,9771,9841
454,2016-05-06,358,13628,13986
454,2016-05-07,148,11400,11548
454,2016-05-08,68,10733,10801
454,2016-05-09,539,13789,14328
454,2016-05-10,628,15458,16086
454,2016-05-12,608,14916,15524
454,2016-05-13,660,16930,17590
454,2016-05-14,174,11142,11316
454,2016-05-15,62,9170,9232
454,2016-05-16,87,8288,8375
454,2016-05-17,671,13655,14326
454,2016-05-19,629,14336,14965
454,2016-05-20,580,15102,15682
454,2016-05-21,176,10700,10876
454,2016-05-22,75,8521,8596
454,2016-05-23,508,13633,14141
454,2016-05-24,549,14245,14794
454,2016-05-26,558,14553,15111
454,2016-05-27,564,16332,16896
454,2016-05-28,176,11310,11486
454,2016-05-29,52,9084,9136
454,2016-05-30,602,14452,15054
454,2016-05-31,481,14002,14483
454,2016-06-02,644,15662,16306
454,2016-06-03,491,14633,15124
454,2016-06-04,120,10070,10190
454,2016-06-05,39,9400,9439
454,2016-06-06,605,13778,14383
454,2016-06-07,610,15538,16148
454,2016-06-09,584,14910,15494
454,2016-06-10,549,15030,15579
454,2016-06-11,135,10348,10483
454,2016-06-12,50,9650,9700
454,2016-06-13,702,14616,15318
454,2016-06-14,583,14459,15042
454,2016-06-16,696,16084,16780
454,2016-06-17,650,16316,16966
454,2016-06-18,124,10339,10463
454,2016-06-19,54,8850,8904
454,2016-06-20,640,15040,15680
454,2016-06-21,510,14272,14782
454,2016-06-23,160,8988,9148
454,2016-06-24,500,13200,13700
454,2016-06-25,146,10208,10354
454,2016-06-26,26,9362,9388
454,2016-06-27,537,13721,14258
454,2016-06-28,567,14901,15468
454,2016-06-30,728,16278,17006
454,2016-07-01,556,15602,16158
454,2016-07-02,144,11576,11720
454,2016-07-03,41,10783,10824
454,2016-07-04,536,13811,14347
454,2016-07-05,497,14608,15105
454,2016-07-07,608,14868,15476
454,2016-07-08,543,15338,15881
454,2016-07-09,129,11178,11307
454,2016-07-10,42,9617,9659
454,2016-07-11,569,14428,14997
454,2016-07-12,604,15268,15872
454,2016-07-14,527,15059,15586
454,2016-07-15,462,15386,15848
454,2016-07-16,132,11082,11214
454,2016-07-17,46,9925,9971
454,2016-07-18,482,14114,14596
454,2016-07-19,546,14362,14908
454,2016-07-21,596,15842,16438
454,2016-07-22,552,16084,16636
454,2016-07-23,180,11600,11780
454,2016-07-24,78,9621,9699
454,2016-07-25,567,14438,15005
454,2016-07-26,481,14377,14858
454,2016-07-28,437,14446,14883
454,2016-07-29,367,14464,14831
454,2016-07-30,106,10947,11053
454,2016-07-31,53,9428,9481
454,2016-08-01,372,12128,12500
454,2016-08-02,269,11118,11387
454,2016-08-04,328,12012,12340
454,2016-08-05,280,12760,13040
454,2016-08-06,85,10298,10383
454,2016-08-07,61,10202,10263
454,2016-08-08,240,11613,11853
454,2016-08-09,311,12104,12415
454,2016-08-11,347,11580,11927
454,2016-08-12,315,12357,12672
454,2016-08-13,102,9647,9749
454,2016-08-14,45,9089,9134
454,2016-08-15,91,8341,8432
454,2016-08-16,378,11831,12209
454,2016-08-18,502,12710,13212
454,2016-08-19,364,12080,12444
454,2016-08-20,100,9588,9688
454,2016-08-21,37,8540,8577
454,2016-08-22,453,12678,13131
454,2016-08-23,482,13634,14116
454,2016-08-25,545,14010,14555
454,2016-08-26,468,14034,14502
454,2016-08-27,126,10598,10724
454,2016-08-28,44,9218,9262
454,2016-08-29,496,13040,13536
454,2016-08-30,518,13784,14302
454,2016-09-01,554,13850,14404
454,2016-09-02,503,14434,14937
454,2016-09-03,121,10104,10225
454,2016-09-04,34,8882,8916
454,2016-09-05,486,13482,13968
454,2016-09-06,552,13999,14551
454,2016-09-08,514,14476,14990
454,2016-09-09,527,14639,15166
454,2016-09-10,126,10516,10642
454,2016-09-11,39,9500,9539
454,2016-09-12,539,13864,14403
454,2016-09-13,526,14472,14998
454,2016-09-15,529,14429,14958
454,2016-09-16,506,14954,15460
454,2016-09-17,136,11137,11273
454,2016-09-18,34,9199,9233
454,2016-09-19,519,13902,14421
454,2016-09-20,578,14659,15237
454,2016-09-22,586,15029,15615
454,2016-09-23,535,15229,15764
454,2016-09-24,151,11360,11511
454,2016-09-25,53,10223,10276
454,2016-09-26,539,13702,14241
454,2016-09-27,607,14611,15218
454,2016-09-29,593,14951,15544
454,2016-09-30,545,15049,15594
454,2016-10-01,89,8677,8766
454,2016-10-02,20,7356,7376
454,2016-10-03,521,13946,14467
454,2016-10-04,579,14171,14750
454,2016-10-06,596,14634,15230
454,2016-10-07,533,15267,15800
454,2016-10-08,153,10829,10982
454,2016-10-09,50,8985,9035
454,2016-10-10,525,13761,14286
454,2016-10-11,586,14810,15396
454,2016-10-13,518,15174,15692
454,2016-10-14,502,15044,15546
454,2016-10-15,120,10372,10492
454,2016-10-16,46,9101,9147
454,2016-10-17,518,13511,14029
454,2016-10-18,547,14356,14903
454,2016-10-20,574,14082,14656
454,2016-10-21,494,13915,14409
454,2016-10-22,153,10192,10345
454,2016-10-23,36,9024,9060
454,2016-10-24,469,12800,13269
454,2016-10-25,532,14455,14987
454,2016-10-27,550,15036,15586
454,2016-10-28,523,15441,15964
454,2016-10-29,133,10498,10631
454,2016-10-30,51,9235,9286
454,2016-10-31,391,11993,12384
454,2016-11-01,76,8660,8736
454,2016-11-03,587,13969,14556
454,2016-11-04,550,13321,13871
454,2016-11-05,110,8904,9014
454,2016-11-06,29,8271,8300
454,2016-11-07,534,13230,13764
454,2016-11-08,551,14303,14854
454,2016-11-10,541,14502,15043
454,2016-11-11,426,14487,14913
454,2016-11-12,102,9773,9875
454,2016-11-13,29,7583,7612
454,2016-11-14,549,13661,14210
454,2016-11-15,447,13118,13565
454,2016-11-17,592,15550,16142
454,2016-11-18,550,15392,15942
454,2016-11-19,109,9733,9842
454,2016-11-20,59,7596,7655
454,2016-11-21,540,14392,14932
454,2016-11-22,592,15112,15704
454,2016-11-24,560,14635,15195
454,2016-11-25,523,14952,15475
454,2016-11-26,131,10285,10416
454,2016-11-27,31,8402,8433
454,2016-11-28,553,13497,14050
454,2016-11-29,559,14293,14852
454,2016-12-01,556,14155,14711
454,2016-12-02,479,14434,14913
454,2016-12-03,132,9892,10024
454,2016-12-04,64,8476,8540
454,2016-12-05,550,13578,14128
454,2016-12-06,568,13762,14330
454,2016-12-08,531,14351,14882
454,2016-12-09,463,14125,14588
454,2016-12-10,114,9677,9791
454,2016-12-11,31,7828,7859
454,2016-12-12,503,13030,13533
454,2016-12-13,514,13820,14334
454,2016-12-15,490,14138,14628
454,2016-12-16,503,14425,14928
454,2016-12-17,137,10100,10237
454,2016-12-18,30,8270,8300
454,2016-12-19,504,13703,14207
454,2016-12-20,432,14590,15022
454,2016-12-22,359,12920,13279
454,2016-12-23,259,12547,12806
454,2016-12-24,77,6994,7071
454,2016-12-25,14,6258,6272
454,2016-12-26,34,6396,6430
454,2016-12-27,214,9475,9689
454,2016-12-29,205,9809,10014
454,2016-12-30,189,9478,9667
454,2016-12-31,67,6221,6288
459,2016-01-01,11,1447,1458
459,2016-01-02,58,2117,2175
459,2016-01-03,7,1727,1734
459,2016-01-04,130,3780,3910
459,2016-01-05,113,3940,4053
459,2016-01-06,139,3878,4017
459,2016-01-08,164,4026,4190
459,2016-01-09,72,2613,2685
459,2016-01-10,12,2058,2070
459,2016-01-11,128,4014,4142
459,2016-01-12,118,4357,4475
459,2016-01-13,133,4192,4325
459,2016-01-15,91,3459,3550
459,2016-01-16,61,2408,2469
459,2016-01-17,9,1778,1787
459,2016-01-18,173,4096,4269
459,2016-01-19,166,4327,4493
459,2016-01-20,165,4201,4366
459,2016-01-22,161,3892,4053
459,2016-01-23,67,2521,2588
459,2016-01-24,10,1931,1941
459,2016-01-25,147,4198,4345
459,2016-01-26,145,4426,4571
459,2016-01-27,158,4329,4487
459,2016-01-29,175,4405,4580
459,2016-01-30,58,2601,2659
459,2016-01-31,19,1875,1894
459,2016-02-01,143,4062,4205
459,2016-02-02,120,4317,4437
459,2016-02-03,139,4150,4289
459,2016-02-05,153,4146,4299
459,2016-02-06,77,2543,2620
459,2016-02-07,24,1613,1637
459,2016-02-08,69,2800,2869
459,2016-02-09,79,3216,3295
459,2016-02-10,76,3487,3563
459,2016-02-12,89,3571,3660
459,2016-02-13,61,2355,2416
459,2016-02-14,9,1775,1784
459,2016-02-15,173,4175,4348
459,2016-02-16,157,4474,4631
459,2016-02-17,161,4276,4437
459,2016-02-19,165,4406,4571
459,2016-02-20,46,2725,2771
459,2016-02-21,10,1957,1967
459,2016-02-22,157,4160,4317
459,2016-02-23,118,4416,4534
459,2016-02-24,150,4254,4404
459,2016-02-26,172,4389,4561
459,2016-02-27,86,3092,3178
459,2016-02-28,9,2098,2107
459,2016-02-29,166,4256,4422
459,2016-03-01,160,4479,4639
459,2016-03-02,151,3974,4125
459,2016-03-04,150,3996,4146
459,2016-03-05,61,2833,2894
459,2016-03-06,8,1985,1993
459,2016-03-07,159,4086,4245
459,2016-03-08,159,4409,4568
459,2016-03-09,162,4286,4448
459,2016-03-11,179,4488,4667
459,2016-03-12,71,3101,3172
459,2016-03-13,17,2246,2263
459,2016-03-14,175,4381,4556
459,2016-03-15,165,4466,4631
459,2016-03-16,181,4215,4396
459,2016-03-18,172,4367,4539
459,2016-03-19,76,2920,2996
459,2016-03-20,15,2282,2297
459,2016-03-21,163,4069,4232
459,2016-03-22,161,4229,4390
459,2016-03-23,159,4192,4351
459,2016-03-25,144,3934,4078
459,2016-03-26,89,2595,2684
459,2016-03-28,18,1505,1523
459,2016-03-29,93,3693,3786
459,2016-03-30,81,3684,3765
459,2016-04-01,113,3856,3969
459,2016-04-02,82,2640,2722
459,2016-04-03,16,1887,1903
459,2016-04-04,88,3875,3963
459,2016-04-05,97,3876,3973
459,2016-04-06,92,4044,4136
459,2016-04-08,115,4182,4297
459,2016-04-09,85,2941,3026
459,2016-04-10,14,2408,2422
459,2016-04-11,164,4303,4467
459,2016-04-12,141,4469,4610
459,2016-04-13,150,4340,4490
459,2016-04-15,164,4423,4587
459,2016-04-16,70,2960,3030
459,2016-04-17,9,2350,2359
459,2016-04-18,148,4155,4303
459,2016-04-19,156,4307,4463
459,2016-04-20,158,4306,4464
459,2016-04-22,146,4372,4518
459,2016-04-23,73,2807,2880
459,2016-04-24,10,2143,2153
459,2016-04-25,143,3967,4110
459,2016-04-26,142,4288,4430
459,2016-04-27,160,4033,4193
459,2016-04-29,164,4403,4567
459,2016-04-30,64,2764,2828
459,2016-05-01,17,2094,2111
459,2016-05-02,160,4107,4267
459,2016-05-03,137,4154,4291
459,2016-05-04,167,4511,4678
459,2016-05-06,147,3879,4026
459,2016-05-07,70,2920,2990
459,2016-05-08,9,2393,2402
459,2016-05-09,134,4296,4430
459,2016-05-10,121,4323,4444
459,2016-05-11,127,4389,4516
459,2016-05-14,60,2759,2819
459,2016-05-15,11,1947,1958
459,2016-05-16,14,1768,1782
459,2016-05-17,102,3772,3874
459,2016-05-18,96,3753,3849
459,2016-05-20,85,3748,3833
459,2016-05-21,63,2746,2809
459,2016-05-22,19,1923,1942
459,2016-05-23,133,4125,4258
459,2016-05-24,124,4305,4429
459,2016-05-25,127,4338,4465
459,2016-05-27,142,4275,4417
459,2016-05-28,66,2971,3037
459,2016-05-29,20,2129,2149
459,2016-05-30,80,3463,3543
459,2016-05-31,124,4152,4276
459,2016-06-01,124,4146,4270
459,2016-06-03,147,4207,4354
459,2016-06-04,75,2960,3035
459,2016-06-05,7,2151,2158
459,2016-06-06,232,4076,4308
459,2016-06-07,224,3862,4086
459,2016-06-08,144,4057,4201
459,2016-06-10,167,4591,4758
459,2016-06-11,104,3574,3678
459,2016-06-12,22,2754,2776
459,2016-06-13,151,4065,4216
459,2016-06-14,138,4194,4332
459,2016-06-15,161,4077,4238
459,2016-06-17,177,4408,4585
459,2016-06-18,60,2326,2386
459,2016-06-19,21,2535,2556
459,2016-06-20,147,4202,4349
459,2016-06-21,152,4181,4333
459,2016-06-22,175,4346,4521
459,2016-06-24,164,3623,3787
459,2016-06-25,58,2418,2476
459,2016-06-26,19,2044,2063
459,2016-06-27,168,4058,4226
459,2016-06-28,152,4282,4434
459,2016-06-29,170,4335,4505
459,2016-07-01,171,4491,4662
459,2016-07-02,69,3231,3300
459,2016-07-03,59,2306,2365
459,2016-07-04,157,4040,4197
459,2016-07-05,145,4399,4544
459,2016-07-06,176,4296,4472
459,2016-07-08,86,4336,4422
459,2016-07-09,75,2954,3029
459,2016-07-10,19,2332,2351
459,2016-07-11,145,4298,4443
459,2016-07-12,145,4361,4506
459,2016-07-13,132,4021,4153
459,2016-07-15,140,4126,4266
459,2016-07-16,78,2746,2824
459,2016-07-17,13,2198,2211
459,2016-07-18,128,3732,3860
459,2016-07-19,111,3980,4091
459,2016-07-20,110,3773,3883
459,2016-07-22,107,3746,3853
459,2016-07-23,98,2424,2522
459,2016-07-24,9,1994,2003
459,2016-07-25,88,3618,3706
459,2016-07-26,110,3704,3814
459,2016-07-27,115,3819,3934
459,2016-07-29,103,3710,3813
459,2016-07-30,74,2486,2560
459,2016-07-31,16,1985,2001
459,2016-08-01,95,3474,3569
459,2016-08-02,78,3358,3436
459,2016-08-03,96,3409,3505
459,2016-08-05,92,3404,3496
459,2016-08-06,74,2374,2448
459,2016-08-07,9,2068,2077
459,2016-08-08,104,3325,3429
459,2016-08-09,109,3406,3515
459,2016-08-10,95,3306,3401
459,2016-08-12,108,3400,3508
459,2016-08-13,121,2347,2468
459,2016-08-14,29,1746,1775
459,2016-08-15,17,2191,2208
459,2016-08-16,88,3202,3290
459,2016-08-17,91,3355,3446
459,2016-08-19,105,3261,3366
459,2016-08-20,79,2188,2267
459,2016-08-21,13,2008,2021
459,2016-08-22,83,3450,3533
459,2016-08-24,79,3698,3777
459,2016-08-25,92,3589,3681
459,2016-08-26,92,3523,3615
459,2016-08-27,74,2413,2487
459,2016-08-28,15,2017,2032
459,2016-08-29,88,3530,3618
459,2016-08-31,111,3855,3966
459,2016-09-01,110,3852,3962
459,2016-09-02,108,3773,3881
459,2016-09-03,79,2606,2685
459,2016-09-04,16,1860,1876
459,2016-09-05,95,3642,3737
459,2016-09-07,90,3916,4006
459,2016-09-08,92,3961,4053
459,2016-09-09,103,3990,4093
459,2016-09-10,65,2767,2832
459,2016-09-11,27,2368,2395
459,2016-09-12,99,3967,4066
459,2016-09-14,120,4266,4386
459,2016-09-15,176,4150,4326
459,2016-09-16,162,4098,4260
459,2016-09-17,81,2719,2800
459,2016-09-18,15,2371,2386
459,2016-09-19,173,4130,4303
459,2016-09-21,177,4288,4465
459,2016-09-22,178,4320,4498
459,2016-09-23,199,4189,4388
459,2016-09-24,79,2883,2962
459,2016-09-25,25,2443,2468
459,2016-09-26,174,4026,4200
459,2016-09-28,178,4437,4615
459,2016-09-29,194,4375,4569
459,2016-09-30,164,4257,4421
459,2016-10-01,58,2736,2794
459,2016-10-02,12,2138,2150
459,2016-10-03,190,4123,4313
459,2016-10-05,181,4359,4540
459,2016-10-06,186,4285,4471
459,2016-10-07,182,4368,4550
459,2016-10-08,76,2997,3073
459,2016-10-09,21,2672,2693
459,2016-10-10,181,4161,4342
459,2016-10-12,201,4270,4471
459,2016-10-13,169,4297,4466
459,2016-10-14,200,4377,4577
459,2016-10-15,68,2812,2880
459,2016-10-16,17,2411,2428
459,2016-10-17,172,4041,4213
459,2016-10-19,156,4137,4293
459,2016-10-20,156,4225,4381
459,2016-10-21,172,4175,4347
459,2016-10-22,78,2868,2946
459,2016-10-23,23,2415,2438
459,2016-10-24,152,3986,4138
459,2016-10-26,158,4318,4476
459,2016-10-27,170,4436,4606
459,2016-10-28,194,4416,4610
459,2016-10-29,63,2733,2796
459,2016-10-30,22,2121,2143
459,2016-10-31,97,3583,3680
459,2016-11-02,115,3826,3941
459,2016-11-03,124,3865,3989
459,2016-11-04,123,3803,3926
459,2016-11-05,69,2427,2496
459,2016-11-06,18,1871,1889
459,2016-11-07,189,4223,4412
459,2016-11-09,153,4097,4250
459,2016-11-10,156,4357,4513
459,2016-11-11,183,4300,4483
459,2016-11-12,89,2817,2906
459,2016-11-13,18,2090,2108
459,2016-11-14,205,4074,4279
459,2016-11-16,156,4124,4280
459,2016-11-17,166,4288,4454
459,2016-11-18,166,4052,4218
459,2016-11-19,85,2817,2902
459,2016-11-20,16,1980,1996
459,2016-11-21,143,3812,3955
459,2016-11-23,164,4302,4466
459,2016-11-24,169,4602,4771
459,2016-11-25,183,4269,4452
459,2016-11-26,85,2849,2934
459,2016-11-27,15,2224,2239
459,2016-11-28,191,4088,4279
459,2016-11-30,199,4358,4557
459,2016-12-01,189,4377,4566
459,2016-12-02,196,4277,4473
459,2016-12-03,88,2890,2978
459,2016-12-04,21,2253,2274
459,2016-12-05,190,4202,4392
459,2016-12-07,194,4154,4348
459,2016-12-08,182,4333,4515
459,2016-12-09,173,4405,4578
459,2016-12-10,87,2865,2952
459,2016-12-11,18,2135,2153
459,2016-12-12,174,4083,4257
459,2016-12-14,173,4340,4513
459,2016-12-15,164,4351,4515
459,2016-12-16,187,4224,4411
459,2016-12-17,88,2846,2934
459,2016-12-18,15,2198,2213
459,2016-12-19,199,4115,4314
459,2016-12-21,98,4274,4372
459,2016-12-22,62,4110,4172
459,2016-12-23,78,3958,4036
459,2016-12-24,67,2327,2394
459,2016-12-25,30,1627,1657
459,2016-12-26,18,1465,1483
459,2016-12-28,107,2895,3002
459,2016-12-29,108,2804,2912
459,2016-12-30,115,2771,2886
459,2016-12-31,77,1889,1966
460,2016-01-01,24,917,941
460,2016-01-02,32,1346,1378
460,2016-01-03,24,1064,1088
460,2016-01-04,128,3054,3182
460,2016-01-05,164,3248,3412
460,2016-01-07,192,3228,3420
460,2016-01-08,157,3395,3552
460,2016-01-09,56,1750,1806
460,2016-01-10,28,1262,1290
460,2016-01-12,182,3816,3998
460,2016-01-14,191,3360,3551
460,2016-01-15,159,2549,2708
460,2016-01-16,67,1473,1540
460,2016-01-17,26,1003,1029
460,2016-01-18,223,3179,3402
460,2016-01-19,190,3305,3495
460,2016-01-21,190,3387,3577
460,2016-01-22,220,3197,3417
460,2016-01-23,47,1499,1546
460,2016-01-24,37,1217,1254
460,2016-01-25,195,3662,3857
460,2016-01-26,231,4090,4321
460,2016-01-28,165,3331,3496
460,2016-01-29,197,3399,3596
460,2016-01-30,54,1826,1880
460,2016-01-31,23,1235,1258
460,2016-02-01,212,3425,3637
460,2016-02-02,192,3615,3807
460,2016-02-04,163,3545,3708
460,2016-02-05,185,3666,3851
460,2016-02-06,66,1810,1876
460,2016-02-07,27,1155,1182
460,2016-02-08,108,2296,2404
460,2016-02-11,184,3137,3321
460,2016-02-12,229,3236,3465
460,2016-02-13,56,1634,1690
460,2016-02-14,41,1283,1324
460,2016-02-15,209,3475,3684
460,2016-02-16,240,3864,4104
460,2016-02-18,254,3838,4092
460,2016-02-19,229,3922,4151
460,2016-02-20,44,1860,1904
460,2016-02-21,23,1356,1379
460,2016-02-22,233,3946,4179
460,2016-02-23,200,3780,3980
460,2016-02-25,231,4271,4502
460,2016-02-26,243,4286,4529
460,2016-02-27,95,2112,2207
460,2016-02-28,32,1479,1511
460,2016-02-29,273,4159,4432
460,2016-03-01,273,4154,4427
460,2016-03-10,299,4241,4540
460,2016-03-11,317,4240,4557
460,2016-03-12,69,2183,2252
460,2016-03-13,43,1622,1665
460,2016-03-14,278,4110,4388
460,2016-03-15,278,3782,4060
460,2016-03-17,299,4260,4559
460,2016-03-18,309,4221,4530
460,2016-03-19,125,2080,2205
460,2016-03-20,45,1524,1569
460,2016-03-21,287,3894,4181
460,2016-03-22,245,4124,4369
460,2016-03-24,298,3987,4285
460,2016-03-25,203,3353,3556
460,2016-03-26,97,1910,2007
460,2016-03-28,60,1152,1212
460,2016-03-29,242,3564,3806
460,2016-04-01,206,3444,3650
460,2016-04-02,88,1979,2067
460,2016-04-03,34,1358,1392
460,2016-04-04,192,3248,3440
460,2016-04-05,212,3605,3817
460,2016-04-07,206,3744,3950
460,2016-04-08,246,3760,4006
460,2016-04-09,134,2005,2139
460,2016-04-10,63,1896,1959
460,2016-04-11,328,3704,4032
460,2016-04-12,252,3762,4014
460,2016-04-14,290,4111,4401
460,2016-04-15,284,4079,4363
460,2016-04-16,95,2006,2101
460,2016-04-17,41,1635,1676
460,2016-04-18,287,3926,4213
460,2016-04-19,285,4048,4333
460,2016-04-21,300,4274,4574
460,2016-04-22,311,4130,4441
460,2016-04-23,84,2096,2180
460,2016-04-24,46,1567,1613
460,2016-04-25,270,3907,4177
460,2016-04-26,246,4444,4690
460,2016-04-28,269,4246,4515
460,2016-04-29,260,4282,4542
460,2016-04-30,109,2137,2246
460,2016-05-01,86,1644,1730
460,2016-05-02,288,4263,4551
460,2016-05-03,262,4356,4618
460,2016-05-05,42,1946,1988
460,2016-05-06,213,3500,3713
460,2016-05-07,99,2262,2361
460,2016-05-08,95,1808,1903
460,2016-05-09,306,4007,4313
460,2016-05-10,286,4318,4604
460,2016-05-12,284,4020,4304
460,2016-05-13,284,3866,4150
460,2016-05-14,102,2157,2259
460,2016-05-15,45,1512,1557
460,2016-05-16,41,1329,1370
460,2016-05-17,273,3849,4122
460,2016-05-19,286,4023,4309
460,2016-05-20,257,3959,4216
460,2016-05-21,151,2059,2210
460,2016-05-22,64,1588,1652
460,2016-05-23,249,4118,4367
460,2016-05-24,278,4563,4841
460,2016-05-26,296,4100,4396
460,2016-05-27,254,4038,4292
460,2016-05-28,192,2190,2382
460,2016-05-29,88,1532,1620
460,2016-05-30,208,3836,4044
460,2016-05-31,270,4677,4947
460,2016-06-02,254,4400,4654
460,2016-06-03,322,4444,4766
460,2016-06-04,108,2102,2210
460,2016-06-05,49,1660,1709
460,2016-06-06,295,4420,4715
460,2016-06-07,240,4182,4422
460,2016-06-09,377,4852,5229
460,2016-06-10,317,4947,5264
460,2016-06-11,112,2140,2252
460,2016-06-12,52,1722,1774
460,2016-06-13,253,4288,4541
460,2016-06-14,248,4508,4756
460,2016-06-16,238,4288,4526
460,2016-06-17,282,4945,5227
460,2016-06-18,140,2883,3023
460,2016-06-19,42,1712,1754
460,2016-06-20,269,4448,4717
460,2016-06-21,230,4444,4674
460,2016-06-23,46,1841,1887
460,2016-06-24,184,3175,3359
460,2016-06-25,85,1834,1919
460,2016-06-26,40,1531,1571
460,2016-06-27,239,4113,4352
460,2016-06-28,247,4547,4794
460,2016-06-30,287,4622,4909
460,2016-07-01,294,4632,4926
460,2016-07-02,113,2270,2383
460,2016-07-03,73,1844,1917
460,2016-07-04,262,4340,4602
460,2016-07-05,232,4597,4829
460,2016-07-07,269,4902,5171
460,2016-07-08,299,4853,5152
460,2016-07-09,110,2411,2521
460,2016-07-10,40,2145,2185
460,2016-07-11,306,4747,5053
460,2016-07-12,315,5258,5573
460,2016-07-14,308,5104,5412
460,2016-07-15,341,5770,6111
460,2016-07-16,123,2407,2530
460,2016-07-17,52,2160,2212
460,2016-07-18,333,4914,5247
460,2016-07-19,307,5132,5439
460,2016-07-21,364,4814,5178
460,2016-07-22,300,4480,4780
460,2016-07-23,110,2100,2210
460,2016-07-24,59,1835,1894
460,2016-07-25,307,4351,4658
460,2016-07-26,288,4448,4736
460,2016-07-28,290,4315,4605
460,2016-07-29,231,3928,4159
460,2016-07-30,106,2081,2187
460,2016-07-31,77,1797,1874
460,2016-08-01,207,3566,3773
460,2016-08-02,170,3231,3401
460,2016-08-04,145,3215,3360
460,2016-08-05,201,3276,3477
460,2016-08-06,93,1890,1983
460,2016-08-07,66,1745,1811
460,2016-08-08,193,3046,3239
460,2016-08-09,176,3062,3238
460,2016-08-11,137,3074,3211
460,2016-08-12,158,3154,3312
460,2016-08-13,128,2140,2268
460,2016-08-14,87,1768,1855
460,2016-08-15,82,1959,2041
460,2016-08-16,188,3223,3411
460,2016-08-18,190,3125,3315
460,2016-08-19,206,3091,3297
460,2016-08-20,72,1817,1889
460,2016-08-21,34,1487,1521
460,2016-08-22,198,3494,3692
460,2016-08-23,249,3889,4138
460,2016-08-25,264,4235,4499
460,2016-08-26,207,4298,4505
460,2016-08-27,105,2181,2286
460,2016-08-28,49,1800,1849
460,2016-08-29,235,4302,4537
460,2016-08-30,309,4494,4803
460,2016-09-01,230,4405,4635
460,2016-09-02,273,4806,5079
460,2016-09-03,124,2259,2383
460,2016-09-04,66,1502,1568
460,2016-09-05,284,4448,4732
460,2016-09-06,276,4757,5033
460,2016-09-08,297,4873,5170
460,2016-09-09,339,5022,5361
460,2016-09-10,144,2286,2430
460,2016-09-11,64,2081,2145
460,2016-09-12,297,4884,5181
460,2016-09-13,288,5101,5389
460,2016-09-15,318,5110,5428
460,2016-09-16,296,4848,5144
460,2016-09-17,186,2222,2408
460,2016-09-18,76,1694,1770
460,2016-09-19,306,4615,4921
460,2016-09-20,305,4772,5077
460,2016-09-22,284,4706,4990
460,2016-09-23,282,4904,5186
460,2016-09-24,108,2456,2564
460,2016-09-25,81,2546,2627
460,2016-09-26,263,4433,4696
460,2016-09-27,280,4664,4944
460,2016-09-29,283,4668,4951
460,2016-09-30,342,4344,4686
460,2016-10-01,80,2140,2220
460,2016-10-02,46,1633,1679
460,2016-10-03,264,4394,4658
460,2016-10-04,303,4551,4854
460,2016-10-06,269,4679,4948
460,2016-10-07,309,4683,4992
460,2016-10-08,114,2164,2278
460,2016-10-09,37,1750,1787
460,2016-10-10,287,4351,4638
460,2016-10-11,288,4407,4695
460,2016-10-13,334,4723,5057
460,2016-10-14,325,4555,4880
460,2016-10-15,111,2190,2301
460,2016-10-16,50,1965,2015
460,2016-10-17,279,4268,4547
460,2016-10-18,302,4531,4833
460,2016-10-20,290,4458,4748
460,2016-10-21,321,4451,4772
460,2016-10-22,100,2232,2332
460,2016-10-23,88,1862,1950
460,2016-10-24,216,4246,4462
460,2016-10-25,271,4548,4819
460,2016-10-27,338,4641,4979
460,2016-10-28,285,4499,4784
460,2016-10-29,151,2298,2449
460,2016-10-30,56,1718,1774
460,2016-10-31,178,3366,3544
460,2016-11-01,40,1673,1713
460,2016-11-03,309,4477,4786
460,2016-11-04,296,4254,4550
460,2016-11-05,77,2051,2128
460,2016-11-06,47,1617,1664
460,2016-11-07,287,4459,4746
460,2016-11-08,319,4666,4985
460,2016-11-10,274,4578,4852
460,2016-11-11,289,4664,4953
460,2016-11-12,112,2425,2537
460,2016-11-13,53,1582,1635
460,2016-11-14,309,4443,4752
460,2016-11-15,295,4699,4994
460,2016-11-17,310,4729,5039
460,2016-11-18,270,4710,4980
460,2016-11-19,107,2211,2318
460,2016-11-20,49,1580,1629
460,2016-11-21,330,4216,4546
460,2016-11-22,254,4370,4624
460,2016-11-24,298,4630,4928
460,2016-11-25,300,4663,4963
460,2016-11-26,105,2277,2382
460,2016-11-27,48,1602,1650
460,2016-11-28,299,4431,4730
460,2016-11-29,313,5011,5324
460,2016-12-01,318,4908,5226
460,2016-12-02,287,4992,5279
460,2016-12-03,86,2386,2472
460,2016-12-04,50,1753,1803
460,2016-12-05,303,4663,4966
460,2016-12-06,259,4791,5050
460,2016-12-08,305,5135,5440
460,2016-12-09,289,4949,5238
460,2016-12-10,111,2375,2486
460,2016-12-11,33,1595,1628
460,2016-12-12,286,4791,5077
460,2016-12-13,297,5152,5449
460,2016-12-15,329,5032,5361
460,2016-12-16,306,4772,5078
460,2016-12-17,97,2204,2301
460,2016-12-18,39,1598,1637
460,2016-12-19,281,4268,4549
460,2016-12-20,270,4246,4516
460,2016-12-22,202,4094,4296
460,2016-12-23,161,3627,3788
460,2016-12-24,51,1555,1606
460,2016-12-25,21,1178,1199
460,2016-12-26,24,1082,1106
460,2016-12-27,83,2364,2447
460,2016-12-29,99,2505,2604
460,2016-12-30,82,2332,2414
460,2016-12-31,46,1269,1315
463,2016-01-01,51,3345,3396
463,2016-01-02,151,4695,4846
463,2016-01-03,60,3935,3995
463,2016-01-04,294,6781,7075
463,2016-01-05,284,6821,7105
463,2016-01-06,271,7065,7336
463,2016-01-08,365,7916,8281
463,2016-01-09,183,5693,5876
463,2016-01-10,56,4270,4326
463,2016-01-11,300,7372,7672
463,2016-01-12,393,7791,8184
463,2016-01-13,395,7799,8194
463,2016-01-15,324,7318,7642
463,2016-01-16,197,5631,5828
463,2016-01-17,64,4230,4294
463,2016-01-18,366,7609,7975
463,2016-01-19,361,7686,8047
463,2016-01-20,346,7592,7938
463,2016-01-22,378,7441,7819
463,2016-01-23,186,5634,5820
463,2016-01-24,56,4409,4465
463,2016-01-25,418,8020,8438
463,2016-01-26,379,8443,8822
463,2016-01-27,362,8652,9014
463,2016-01-29,353,9058,9411
463,2016-01-30,188,6004,6192
463,2016-01-31,57,4513,4570
463,2016-02-01,379,8331,8710
463,2016-02-02,364,8610,8974
463,2016-02-03,336,8610,8946
463,2016-02-05,439,8497,8936
463,2016-02-06,232,6745,6977
463,2016-02-07,69,4614,4683
463,2016-02-08,258,6338,6596
463,2016-02-09,234,7022,7256
463,2016-02-10,353,7573,7926
463,2016-02-12,364,8079,8443
463,2016-02-13,188,5807,5995
463,2016-02-14,54,5059,5113
463,2016-02-15,375,7549,7924
463,2016-02-16,450,8451,8901
463,2016-02-17,444,7929,8373
463,2016-02-19,448,8375,8823
463,2016-02-20,188,6007,6195
463,2016-02-21,58,4689,4747
463,2016-02-22,446,7757,8203
463,2016-02-23,440,8113,8553
463,2016-02-24,415,8316,8731
463,2016-02-26,476,9005,9481
463,2016-02-27,213,6980,7193
463,2016-02-28,62,5200,5262
463,2016-02-29,454,8181,8635
463,2016-03-01,496,8355,8851
463,2016-03-02,350,8058,8408
463,2016-03-04,344,7694,8038
463,2016-03-05,198,6298,6496
463,2016-03-06,67,5182,5249
463,2016-03-07,378,7824,8202
463,2016-03-08,421,8201,8622
463,2016-03-09,447,8143,8590
463,2016-03-11,412,8842,9254
463,2016-03-12,217,7018,7235
463,2016-03-13,59,6071,6130
463,2016-03-14,404,7982,8386
463,2016-03-15,381,7786,8167
463,2016-03-16,411,8151,8562
463,2016-03-18,451,9371,9822
463,2016-03-19,238,6071,6309
463,2016-03-20,61,4515,4576
463,2016-03-21,416,7795,8211
463,2016-03-22,453,8604,9057
463,2016-03-23,419,8450,8869
463,2016-03-25,353,8791,9144
463,2016-03-26,220,6770,6990
463,2016-03-28,52,4080,4132
463,2016-03-29,376,7886,8262
463,2016-03-30,349,7598,7947
463,2016-04-01,360,8152,8512
463,2016-04-02,231,6797,7028
463,2016-04-03,50,5100,5150
463,2016-04-04,425,8017,8442
463,2016-04-05,360,8301,8661
463,2016-04-06,417,8528,8945
463,2016-04-08,390,9245,9635
463,2016-04-09,228,7408,7636
463,2016-04-10,83,7358,7441
463,2016-04-11,431,8606,9037
463,2016-04-12,448,9551,9999
463,2016-04-13,454,9409,9863
463,2016-04-15,384,9654,10038
463,2016-04-16,202,7284,7486
463,2016-04-17,70,8056,8126
463,2016-04-18,532,9284,9816
463,2016-04-19,505,9661,10166
463,2016-04-20,456,9384,9840
463,2016-04-22,464,9347,9811
463,2016-04-23,238,6830,7068
463,2016-04-24,74,5092,5166
463,2016-04-25,489,7999,8488
463,2016-04-26,429,8736,9165
463,2016-04-27,386,9034,9420
463,2016-04-29,464,9253,9717
463,2016-04-30,223,7089,7312
463,2016-05-01,108,6265,6373
463,2016-05-02,477,8617,9094
463,2016-05-03,449,8891,9340
463,2016-05-04,490,9407,9897
463,2016-05-06,401,8974,9375
463,2016-05-07,215,7502,7717
463,2016-05-08,78,7361,7439
463,2016-05-09,401,8409,8810
463,2016-05-10,375,8589,8964
463,2016-05-11,427,8821,9248
463,2016-05-13,352,9710,10062
463,2016-05-14,242,6670,6912
463,2016-05-15,61,5408,5469
463,2016-05-16,84,5278,5362
463,2016-05-17,397,8512,8909
463,2016-05-18,422,7981,8403
463,2016-05-20,418,8714,9132
463,2016-05-21,215,6575,6790
463,2016-05-22,53,4996,5049
463,2016-05-23,422,8256,8678
463,2016-05-24,418,8724,9142
463,2016-05-25,408,8760,9168
463,2016-05-27,421,9230,9651
463,2016-05-28,202,7294,7496
463,2016-05-29,66,5926,5992
463,2016-05-30,304,8412,8716
463,2016-05-31,371,8892,9263
463,2016-06-01,354,8738,9092
463,2016-06-03,356,9512,9868
463,2016-06-04,219,6685,6904
463,2016-06-05,68,6272,6340
463,2016-06-06,387,8286,8673
463,2016-06-07,356,8564,8920
463,2016-06-08,418,8828,9246
463,2016-06-10,429,9751,10180
463,2016-06-11,225,7093,7318
463,2016-06-12,58,6200,6258
463,2016-06-13,356,8412,8768
463,2016-06-14,346,8902,9248
463,2016-06-15,366,8756,9122
463,2016-06-17,384,10018,10402
463,2016-06-18,317,7918,8235
463,2016-06-19,63,6133,6196
463,2016-06-20,420,8210,8630
463,2016-06-21,366,8595,8961
463,2016-06-22,390,9249,9639
463,2016-06-24,350,7938,8288
463,2016-06-25,220,6290,6510
463,2016-06-26,70,6037,6107
463,2016-06-27,402,8178,8580
463,2016-06-28,401,8951,9352
463,2016-06-29,421,8788,9209
463,2016-07-01,420,9552,9972
463,2016-07-02,234,7312,7546
463,2016-07-03,68,6409,6477
463,2016-07-04,395,8638,9033
463,2016-07-05,382,8936,9318
463,2016-07-06,395,9213,9608
463,2016-07-08,432,10048,10480
463,2016-07-09,242,8022,8264
463,2016-07-10,76,7622,7698
463,2016-07-11,409,8703,9112
463,2016-07-12,404,9155,9559
463,2016-07-13,358,9108,9466
463,2016-07-15,453,9500,9953
463,2016-07-16,235,7265,7500
463,2016-07-17,94,7059,7153
463,2016-07-18,373,8445,8818
463,2016-07-19,353,9003,9356
463,2016-07-20,306,9186,9492
463,2016-07-22,346,8901,9247
463,2016-07-23,202,6271,6473
463,2016-07-24,61,6371,6432
463,2016-07-25,359,8084,8443
463,2016-07-26,320,8686,9006
463,2016-07-27,412,8720,9132
463,2016-07-29,327,8323,8650
463,2016-07-30,223,6480,6703
463,2016-07-31,69,6694,6763
463,2016-08-01,305,8272,8577
463,2016-08-02,296,7563,7859
463,2016-08-03,294,7382,7676
463,2016-08-05,272,7583,7855
463,2016-08-06,202,6454,6656
463,2016-08-07,83,6831,6914
463,2016-08-08,286,6736,7022
463,2016-08-09,298,6678,6976
463,2016-08-10,334,6810,7144
463,2016-08-12,299,7249,7548
463,2016-08-13,209,6616,6825
463,2016-08-14,84,6721,6805
463,2016-08-15,85,7371,7456
463,2016-08-16,253,7235,7488
463,2016-08-17,287,7224,7511
463,2016-08-19,317,7167,7484
463,2016-08-20,210,5536,5746
463,2016-08-21,64,4850,4914
463,2016-08-22,333,7247,7580
463,2016-08-23,349,7933,8282
463,2016-08-24,308,8032,8340
463,2016-08-26,305,8211,8516
463,2016-08-27,237,6182,6419
463,2016-08-28,77,5953,6030
463,2016-08-29,357,7521,7878
463,2016-08-30,364,8032,8396
463,2016-08-31,344,8172,8516
463,2016-09-02,358,8316,8674
463,2016-09-03,218,6253,6471
463,2016-09-04,58,4200,4258
463,2016-09-05,369,7851,8220
463,2016-09-06,375,8406,8781
463,2016-09-07,386,8625,9011
463,2016-09-09,406,9345,9751
463,2016-09-10,215,7110,7325
463,2016-09-11,72,6912,6984
463,2016-09-12,377,8563,8940
463,2016-09-13,355,9034,9389
463,2016-09-14,410,9286,9696
463,2016-09-16,418,9692,10110
463,2016-09-17,228,7455,7683
463,2016-09-18,79,6331,6410
463,2016-09-19,440,9484,9924
463,2016-09-20,412,9482,9894
463,2016-09-21,422,8910,9332
463,2016-09-23,410,9736,10146
463,2016-09-24,227,8161,8388
463,2016-09-25,69,8257,8326
463,2016-09-26,427,8925,9352
463,2016-09-27,401,9435,9836
463,2016-09-28,431,9297,9728
463,2016-09-30,398,9532,9930
463,2016-10-01,269,6966,7235
463,2016-10-02,65,5648,5713
463,2016-10-03,367,8878,9245
463,2016-10-04,369,9167,9536
463,2016-10-05,455,8886,9341
463,2016-10-07,432,9353,9785
463,2016-10-08,227,6859,7086
463,2016-10-09,71,6026,6097
463,2016-10-10,435,8575,9010
463,2016-10-11,464,8785,9249
463,2016-10-12,448,8897,9345
463,2016-10-14,460,9384,9844
463,2016-10-15,233,6763,6996
463,2016-10-16,66,7009,7075
463,2016-10-17,440,8374,8814
463,2016-10-18,358,8852,9210
463,2016-10-19,432,8626,9058
463,2016-10-21,451,9289,9740
463,2016-10-22,225,6806,7031
463,2016-10-23,59,5559,5618
463,2016-10-24,408,8076,8484
463,2016-10-25,400,8775,9175
463,2016-10-26,415,9109,9524
463,2016-10-28,453,9581,10034
463,2016-10-29,226,7239,7465
463,2016-10-30,65,6827,6892
463,2016-10-31,265,8147,8412
463,2016-11-01,52,5474,5526
463,2016-11-02,415,8607,9022
463,2016-11-04,399,8761,9160
463,2016-11-05,210,5780,5990
463,2016-11-06,64,4438,4502
463,2016-11-07,442,8456,8898
463,2016-11-08,452,9021,9473
463,2016-11-09,416,8346,8762
463,2016-11-11,443,9777,10220
463,2016-11-12,208,7027,7235
463,2016-11-13,67,5271,5338
463,2016-11-14,399,8600,8999
463,2016-11-15,393,8574,8967
463,2016-11-16,416,8907,9323
463,2016-11-18,356,9362,9718
463,2016-11-19,225,6697,6922
463,2016-11-20,50,4920,4970
463,2016-11-21,334,7919,8253
463,2016-11-22,406,8949,9355
463,2016-11-23,425,9008,9433
463,2016-11-25,446,9543,9989
463,2016-11-26,225,6927,7152
463,2016-11-27,67,5220,5287
463,2016-11-28,398,8693,9091
463,2016-11-29,458,9067,9525
463,2016-11-30,480,8988,9468
463,2016-12-02,469,9416,9885
463,2016-12-03,234,6208,6442
463,2016-12-04,67,4512,4579
463,2016-12-05,448,8641,9089
463,2016-12-06,417,8735,9152
463,2016-12-07,428,8905,9333
463,2016-12-09,383,9479,9862
463,2016-12-10,219,6776,6995
463,2016-12-11,49,5032,5081
463,2016-12-12,390,8527,8917
463,2016-12-13,379,9145,9524
463,2016-12-14,422,9356,9778
463,2016-12-16,389,9724,10113
463,2016-12-17,219,6833,7052
463,2016-12-18,51,5238,5289
463,2016-12-19,406,8381,8787
463,2016-12-20,375,8737,9112
463,2016-12-21,398,8855,9253
463,2016-12-23,333,8541,8874
463,2016-12-24,184,5369,5553
463,2016-12-25,51,4017,4068
463,2016-12-26,58,4003,4061
463,2016-12-27,243,6285,6528
463,2016-12-28,251,6036,6287
463,2016-12-30,248,6453,6701
463,2016-12-31,191,4963,5154
464,2016-01-01,6,2073,2079
464,2016-01-02,16,3170,3186
464,2016-01-03,9,2678,2687
464,2016-01-04,59,5139,5198
464,2016-01-05,108,5469,5577
464,2016-01-07,91,5618,5709
464,2016-01-08,74,6182,6256
464,2016-01-09,12,3508,3520
464,2016-01-10,10,2936,2946
464,2016-01-11,132,5630,5762
464,2016-01-12,140,5982,6122
464,2016-01-14,96,5844,5940
464,2016-01-15,78,5827,5905
464,2016-01-16,16,3359,3375
464,2016-01-17,10,2847,2857
464,2016-01-18,111,5691,5802
464,2016-01-19,76,5663,5739
464,2016-01-21,76,5899,5975
464,2016-01-22,85,5762,5847
464,2016-01-23,15,3385,3400
464,2016-01-24,8,3061,3069
464,2016-01-25,93,6210,6303
464,2016-01-26,109,5982,6091
464,2016-01-28,126,6336,6462
464,2016-01-29,89,6752,6841
464,2016-01-30,18,3980,3998
464,2016-01-31,4,3218,3222
464,2016-02-01,105,5917,6022
464,2016-02-02,119,6145,6264
464,2016-02-04,168,6170,6338
464,2016-02-05,94,6641,6735
464,2016-02-06,17,5379,5396
464,2016-02-07,14,3642,3656
464,2016-02-08,86,4530,4616
464,2016-02-09,100,5128,5228
464,2016-02-11,86,5091,5177
464,2016-02-12,87,5238,5325
464,2016-02-13,14,3453,3467
464,2016-02-14,27,3496,3523
464,2016-02-15,115,5685,5800
464,2016-02-16,127,6236,6363
464,2016-02-18,81,6171,6252
464,2016-02-19,160,6564,6724
464,2016-02-20,21,3506,3527
464,2016-02-21,8,2943,2951
464,2016-02-22,117,6032,6149
464,2016-02-23,108,6280,6388
464,2016-02-25,91,6781,6872
464,2016-02-26,103,6927,7030
464,2016-02-27,12,5253,5265
464,2016-02-28,11,3929,3940
464,2016-02-29,81,6236,6317
464,2016-03-01,98,6290,6388
464,2016-03-03,99,6105,6204
464,2016-03-04,101,6204,6305
464,2016-03-05,20,4112,4132
464,2016-03-06,8,3654,3662
464,2016-03-07,102,5656,5758
464,2016-03-08,112,6007,6119
464,2016-03-10,97,6487,6584
464,2016-03-11,101,6842,6943
464,2016-03-12,17,5330,5347
464,2016-03-13,20,5422,5442
464,2016-03-14,85,6258,6343
464,2016-03-15,105,6195,6300
464,2016-03-17,97,6714,6811
464,2016-03-18,93,7216,7309
464,2016-03-19,19,4077,4096
464,2016-03-20,12,3507,3519
464,2016-03-21,107,6154,6261
464,2016-03-22,88,6449,6537
464,2016-03-24,77,6424,6501
464,2016-03-25,49,6471,6520
464,2016-03-26,15,4896,4911
464,2016-03-28,4,2988,2992
464,2016-03-29,106,6778,6884
464,2016-04-01,110,6840,6950
464,2016-04-02,20,5400,5420
464,2016-04-03,7,4242,4249
464,2016-04-04,77,6532,6609
464,2016-04-05,90,5812,5902
464,2016-04-07,74,6300,6374
464,2016-04-08,89,7103,7192
464,2016-04-09,30,5367,5397
464,2016-04-10,22,7452,7474
464,2016-04-11,84,6201,6285
464,2016-04-12,84,5924,6008
464,2016-04-14,122,7030,7152
464,2016-04-15,81,6474,6555
464,2016-04-16,24,5304,5328
464,2016-04-17,14,4923,4937
464,2016-04-18,96,6116,6212
464,2016-04-19,73,6200,6273
464,2016-04-21,77,6851,6928
464,2016-04-22,82,6866,6948
464,2016-04-23,28,4413,4441
464,2016-04-24,28,4012,4040
464,2016-04-25,124,6093,6217
464,2016-04-26,126,6652,6778
464,2016-04-28,134,7028,7162
464,2016-04-29,147,7455,7602
464,2016-04-30,30,5144,5174
464,2016-05-01,18,6480,6498
464,2016-05-02,138,7330,7468
464,2016-05-03,95,7045,7140
464,2016-05-05,14,9332,9346
464,2016-05-06,84,7753,7837
464,2016-05-07,32,7022,7054
464,2016-05-08,19,8668,8687
464,2016-05-09,84,6724,6808
464,2016-05-10,69,6750,6819
464,2016-05-12,83,7047,7130
464,2016-05-13,130,7938,8068
464,2016-05-14,28,4990,5018
464,2016-05-15,14,4806,4820
464,2016-05-16,18,4307,4325
464,2016-05-17,119,7184,7303
464,2016-05-19,117,7488,7605
464,2016-05-20,123,7760,7883
464,2016-05-21,36,6160,6196
464,2016-05-22,20,5016,5036
464,2016-05-23,114,6994,7108
464,2016-05-24,117,7269,7386
464,2016-05-26,62,9214,9276
464,2016-05-27,77,8313,8390
464,2016-05-28,26,5572,5598
464,2016-05-29,20,4964,4984
464,2016-05-30,124,6096,6220
464,2016-05-31,80,6958,7038
464,2016-06-02,100,7180,7280
464,2016-06-03,100,7660,7760
464,2016-06-04,11,5012,5023
464,2016-06-05,23,6298,6321
464,2016-06-06,90,6894,6984
464,2016-06-07,100,6892,6992
464,2016-06-09,66,7949,8015
464,2016-06-10,96,8568,8664
464,2016-06-11,47,5512,5559
464,2016-06-12,18,5856,5874
464,2016-06-13,116,6448,6564
464,2016-06-14,82,6737,6819
464,2016-06-16,112,7410,7522
464,2016-06-17,122,8420,8542
464,2016-06-18,9,2443,2452
464,2016-06-19,10,5958,5968
464,2016-06-20,110,6865,6975
464,2016-06-21,78,6682,6760
464,2016-06-23,23,7602,7625
464,2016-06-24,83,6457,6540
464,2016-06-25,26,4368,4394
464,2016-06-26,15,5475,5490
464,2016-06-27,82,6360,6442
464,2016-06-28,87,6832,6919
464,2016-06-30,79,7170,7249
464,2016-07-01,86,7408,7494
464,2016-07-02,44,5590,5634
464,2016-07-03,24,6388,6412
464,2016-07-04,95,6625,6720
464,2016-07-05,64,7126,7190
464,2016-07-07,91,8054,8145
464,2016-07-08,114,8124,8238
464,2016-07-09,32,7187,7219
464,2016-07-10,26,9974,10000
464,2016-07-11,100,6668,6768
464,2016-07-12,88,7294,7382
464,2016-07-14,116,7814,7930
464,2016-07-15,112,7575,7687
464,2016-07-16,22,6022,6044
464,2016-07-17,16,8479,8495
464,2016-07-18,77,7385,7462
464,2016-07-19,80,8709,8789
464,2016-07-21,88,7060,7148
464,2016-07-22,79,7551,7630
464,2016-07-23,12,5250,5262
464,2016-07-24,8,7321,7329
464,2016-07-25,83,7058,7141
464,2016-07-26,76,6977,7053
464,2016-07-28,77,7064,7141
464,2016-07-29,58,7096,7154
464,2016-07-30,21,5956,5977
464,2016-07-31,15,7461,7476
464,2016-08-01,67,6841,6908
464,2016-08-02,74,6015,6089
464,2016-08-04,66,6074,6140
464,2016-08-05,41,6790,6831
464,2016-08-06,18,6271,6289
464,2016-08-07,19,10231,10250
464,2016-08-08,51,6306,6357
464,2016-08-09,59,5908,5967
464,2016-08-11,38,5885,5923
464,2016-08-12,59,6442,6501
464,2016-08-13,23,5795,5818
464,2016-08-14,14,9517,9531
464,2016-08-15,27,10973,11000
464,2016-08-16,55,7130,7185
464,2016-08-18,48,5845,5893
464,2016-08-19,46,6065,6111
464,2016-08-20,20,4584,4604
464,2016-08-21,19,4914,4933
464,2016-08-22,52,5991,6043
464,2016-08-23,56,7941,7997
464,2016-08-25,70,8278,8348
464,2016-08-26,62,8405,8467
464,2016-08-27,21,7374,7395
464,2016-08-28,14,7568,7582
464,2016-08-29,57,6500,6557
464,2016-08-30,59,7232,7291
464,2016-09-01,56,7374,7430
464,2016-09-02,88,7617,7705
464,2016-09-03,17,6252,6269
464,2016-09-04,14,4832,4846
464,2016-09-05,81,6417,6498
464,2016-09-06,69,7107,7176
464,2016-09-08,73,7887,7960
464,2016-09-09,61,7790,7851
464,2016-09-10,18,6371,6389
464,2016-09-11,20,7130,7150
464,2016-09-12,77,7076,7153
464,2016-09-13,76,7838,7914
464,2016-09-15,87,7056,7143
464,2016-09-16,82,7166,7248
464,2016-09-17,37,5266,5303
464,2016-09-18,13,4750,4763
464,2016-09-19,86,6299,6385
464,2016-09-20,78,6684,6762
464,2016-09-22,83,7327,7410
464,2016-09-23,88,7682,7770
464,2016-09-24,22,6315,6337
464,2016-09-25,23,8030,8053
464,2016-09-26,84,6687,6771
464,2016-09-27,63,7175,7238
464,2016-09-29,90,7451,7541
464,2016-09-30,95,7460,7555
464,2016-10-01,32,5142,5174
464,2016-10-02,14,5010,5024
464,2016-10-03,61,7356,7417
464,2016-10-04,77,6884,6961
464,2016-10-06,76,6686,6762
464,2016-10-07,105,6823,6928
464,2016-10-08,34,4882,4916
464,2016-10-09,20,4992,5012
464,2016-10-10,89,6776,6865
464,2016-10-11,82,6743,6825
464,2016-10-13,92,6788,6880
464,2016-10-14,94,7041,7135
464,2016-10-15,16,4652,4668
464,2016-10-16,17,7513,7530
464,2016-10-17,98,6207,6305
464,2016-10-18,92,6538,6630
464,2016-10-20,92,6430,6522
464,2016-10-21,77,6763,6840
464,2016-10-22,15,4633,4648
464,2016-10-23,9,4817,4826
464,2016-10-24,96,5904,6000
464,2016-10-25,83,6141,6224
464,2016-10-27,65,6814,6879
464,2016-10-28,82,6914,6996
464,2016-10-29,20,5166,5186
464,2016-10-30,8,6261,6269
464,2016-10-31,57,6144,6201
464,2016-11-01,8,4832,4840
464,2016-11-03,87,6585,6672
464,2016-11-04,76,6946,7022
464,2016-11-05,26,5096,5122
464,2016-11-06,6,3338,3344
464,2016-11-07,92,6202,6294
464,2016-11-08,79,6385,6464
464,2016-11-10,88,6278,6366
464,2016-11-11,73,6773,6846
464,2016-11-12,11,4053,4064
464,2016-11-13,9,3288,3297
464,2016-11-14,78,6218,6296
464,2016-11-15,88,6224,6312
464,2016-11-17,96,6172,6268
464,2016-11-18,98,6404,6502
464,2016-11-19,15,4163,4178
464,2016-11-20,16,3004,3020
464,2016-11-21,113,5930,6043
464,2016-11-22,75,6106,6181
464,2016-11-24,74,6647,6721
464,2016-11-25,73,6804,6877
464,2016-11-26,13,4159,4172
464,2016-11-27,8,3270,3278
464,2016-11-28,93,6340,6433
464,2016-11-29,85,6637,6722
464,2016-12-01,85,6661,6746
464,2016-12-02,100,6949,7049
464,2016-12-03,18,4668,4686
464,2016-12-04,11,3882,3893
464,2016-12-05,100,6470,6570
464,2016-12-06,95,6239,6334
464,2016-12-08,99,6476,6575
464,2016-12-09,106,6516,6622
464,2016-12-10,9,4255,4264
464,2016-12-11,8,3333,3341
464,2016-12-12,91,6193,6284
464,2016-12-13,88,6202,6290
464,2016-12-15,99,6552,6651
464,2016-12-16,124,6682,6806
464,2016-12-17,13,4326,4339
464,2016-12-18,6,3271,3277
464,2016-12-19,107,5969,6076
464,2016-12-20,90,6228,6318
464,2016-12-22,53,5948,6001
464,2016-12-23,39,5822,5861
464,2016-12-24,5,2729,2734
464,2016-12-25,NA,1881,NA
464,2016-12-26,14,2335,2349
464,2016-12-27,33,4384,4417
464,2016-12-29,25,4898,4923
464,2016-12-30,21,4522,4543
464,2016-12-31,12,2803,2815
465,2016-01-01,15,1744,1759
465,2016-01-02,40,2806,2846
465,2016-01-03,23,2925,2948
465,2016-01-04,106,3090,3196
465,2016-01-05,134,3272,3406
465,2016-01-07,147,3426,3573
465,2016-01-08,167,3951,4118
465,2016-01-09,58,2900,2958
465,2016-01-10,17,2888,2905
465,2016-01-12,208,3597,3805
465,2016-01-14,149,3673,3822
465,2016-01-15,135,3532,3667
465,2016-01-16,78,2822,2900
465,2016-01-17,20,2570,2590
465,2016-01-18,173,3320,3493
465,2016-01-19,203,3413,3616
465,2016-01-21,208,3391,3599
465,2016-01-22,169,3460,3629
465,2016-01-23,63,2750,2813
465,2016-01-24,18,3003,3021
465,2016-01-25,170,3656,3826
465,2016-01-26,224,3625,3849
465,2016-01-28,184,3700,3884
465,2016-01-29,170,4218,4388
465,2016-01-31,20,3562,3582
465,2016-02-01,194,3493,3687
465,2016-02-02,227,3774,4001
465,2016-02-04,188,3749,3937
465,2016-02-05,205,3980,4185
465,2016-02-06,80,3807,3887
465,2016-02-07,36,2767,2803
465,2016-02-09,166,2644,2810
465,2016-02-11,165,3475,3640
465,2016-02-12,139,3792,3931
465,2016-02-13,79,2822,2901
465,2016-02-14,32,2908,2940
465,2016-02-15,181,3544,3725
465,2016-02-16,189,3893,4082
465,2016-02-18,191,3742,3933
465,2016-02-19,216,3838,4054
465,2016-02-20,68,2852,2920
465,2016-02-21,25,2831,2856
465,2016-02-22,190,3321,3511
465,2016-02-23,188,3370,3558
465,2016-02-25,191,3912,4103
465,2016-02-26,198,4156,4354
465,2016-02-27,76,3774,3850
465,2016-02-28,21,3503,3524
465,2016-02-29,173,3807,3980
465,2016-03-01,179,3960,4139
465,2016-03-03,178,3708,3886
465,2016-03-04,190,3719,3909
465,2016-03-05,66,3553,3619
465,2016-03-06,18,3052,3070
465,2016-03-07,172,3256,3428
465,2016-03-08,197,3648,3845
465,2016-03-10,212,3902,4114
465,2016-03-11,213,4038,4251
465,2016-03-12,78,3774,3852
465,2016-03-13,27,3682,3709
465,2016-03-14,187,3824,4011
465,2016-03-15,202,3617,3819
465,2016-03-17,208,3944,4152
465,2016-03-18,198,4178,4376
465,2016-03-19,57,3004,3061
465,2016-03-20,24,2988,3012
465,2016-03-21,185,3705,3890
465,2016-03-22,182,3789,3971
465,2016-03-25,82,4131,4213
465,2016-03-26,66,3465,3531
465,2016-03-29,138,3975,4113
465,2016-03-31,198,4048,4246
465,2016-04-01,188,4032,4220
465,2016-04-02,97,3634,3731
465,2016-04-03,21,3462,3483
465,2016-04-04,174,3675,3849
465,2016-04-05,169,3652,3821
465,2016-04-07,210,4168,4378
465,2016-04-08,182,3879,4061
465,2016-04-09,72,3412,3484
465,2016-04-10,30,4070,4100
465,2016-04-11,171,3468,3639
465,2016-04-12,192,3405,3597
465,2016-04-14,181,3448,3629
465,2016-04-15,160,3641,3801
465,2016-04-16,66,2552,2618
465,2016-04-17,21,2792,2813
465,2016-04-18,166,3208,3374
465,2016-04-19,179,3419,3598
465,2016-04-21,248,3937,4185
465,2016-04-22,193,4043,4236
465,2016-04-23,82,3228,3310
465,2016-04-24,22,3378,3400
465,2016-04-25,215,3394,3609
465,2016-04-26,200,3724,3924
465,2016-04-28,194,4051,4245
465,2016-04-29,220,4552,4772
465,2016-04-30,66,3784,3850
465,2016-05-01,30,5110,5140
465,2016-05-02,196,4128,4324
465,2016-05-03,182,3924,4106
465,2016-05-05,26,4759,4785
465,2016-05-06,158,4492,4650
465,2016-05-07,76,4081,4157
465,2016-05-08,25,4363,4388
465,2016-05-09,196,3823,4019
465,2016-05-10,206,3672,3878
465,2016-05-12,206,3880,4086
465,2016-05-13,192,4314,4506
465,2016-05-14,65,3325,3390
465,2016-05-15,21,3413,3434
465,2016-05-16,28,3313,3341
465,2016-05-17,162,3718,3880
465,2016-05-19,219,3945,4164
465,2016-05-20,171,4016,4187
465,2016-05-21,83,3381,3464
465,2016-05-22,20,3312,3332
465,2016-05-23,185,3619,3804
465,2016-05-24,234,3844,4078
465,2016-05-26,126,5260,5386
465,2016-05-27,204,4424,4628
465,2016-05-28,80,3492,3572
465,2016-05-29,26,3352,3378
465,2016-05-30,196,3506,3702
465,2016-05-31,198,4068,4266
465,2016-06-02,218,4096,4314
465,2016-06-03,208,4130,4338
465,2016-06-04,73,3556,3629
465,2016-06-05,29,4471,4500
465,2016-06-06,190,3694,3884
465,2016-06-07,210,3798,4008
465,2016-06-09,218,4290,4508
465,2016-06-10,209,4635,4844
465,2016-06-11,68,3466,3534
465,2016-06-12,20,3534,3554
465,2016-06-13,194,3551,3745
465,2016-06-14,185,3683,3868
465,2016-06-16,198,4108,4306
465,2016-06-17,230,4042,4272
465,2016-06-18,54,4205,4259
465,2016-06-19,28,3722,3750
465,2016-06-20,211,3676,3887
465,2016-06-21,215,3583,3798
465,2016-06-23,71,4133,4204
465,2016-06-24,215,3809,4024
465,2016-06-25,70,2920,2990
465,2016-06-26,25,3553,3578
465,2016-06-27,225,3517,3742
465,2016-06-28,213,3986,4199
465,2016-06-30,193,4268,4461
465,2016-07-01,193,4394,4587
465,2016-07-02,63,3658,3721
465,2016-07-03,25,4026,4051
465,2016-07-04,182,3900,4082
465,2016-07-05,196,4096,4292
465,2016-07-07,201,4650,4851
465,2016-07-08,186,4525,4711
465,2016-07-09,82,4207,4289
465,2016-07-10,39,5755,5794
465,2016-07-11,195,3886,4081
465,2016-07-12,189,4124,4313
465,2016-07-14,176,4154,4330
465,2016-07-15,204,4834,5038
465,2016-07-16,82,3680,3762
465,2016-07-17,30,4323,4353
465,2016-07-18,181,4023,4204
465,2016-07-19,218,4851,5069
465,2016-07-21,194,4016,4210
465,2016-07-22,158,4225,4383
465,2016-07-23,68,3306,3374
465,2016-07-24,25,3756,3781
465,2016-07-25,158,3883,4041
465,2016-07-26,194,3880,4074
465,2016-07-28,156,4137,4293
465,2016-07-29,162,4336,4498
465,2016-07-30,62,3712,3774
465,2016-07-31,24,4378,4402
465,2016-08-01,159,3755,3914
465,2016-08-02,153,3412,3565
465,2016-08-04,164,3412,3576
465,2016-08-05,156,3796,3952
465,2016-08-06,58,3497,3555
465,2016-08-07,37,5140,5177
465,2016-08-08,141,3221,3362
465,2016-08-09,162,3370,3532
465,2016-08-11,147,3123,3270
465,2016-08-12,149,3619,3768
465,2016-08-13,89,4248,4337
465,2016-08-14,37,4591,4628
465,2016-08-15,42,4894,4936
465,2016-08-16,145,3847,3992
465,2016-08-18,181,3385,3566
465,2016-08-19,159,3569,3728
465,2016-08-20,58,3006,3064
465,2016-08-21,30,2983,3013
465,2016-08-22,173,3346,3519
465,2016-08-23,148,4034,4182
465,2016-08-25,202,4513,4715
465,2016-08-26,165,4654,4819
465,2016-08-27,60,4422,4482
465,2016-08-28,35,4511,4546
465,2016-08-29,138,3480,3618
465,2016-08-30,162,4099,4261
465,2016-09-01,155,4328,4483
465,2016-09-02,178,4436,4614
465,2016-09-03,77,3894,3971
465,2016-09-04,20,3608,3628
465,2016-09-05,172,3656,3828
465,2016-09-06,186,3983,4169
465,2016-09-08,179,4235,4414
465,2016-09-09,157,4233,4390
465,2016-09-10,80,3764,3844
465,2016-09-11,30,3935,3965
465,2016-09-12,196,3864,4060
465,2016-09-13,201,4296,4497
465,2016-09-15,191,3841,4032
465,2016-09-16,215,3902,4117
465,2016-09-17,67,3282,3349
465,2016-09-18,22,3246,3268
465,2016-09-19,233,3549,3782
465,2016-09-20,216,3464,3680
465,2016-09-22,209,3790,3999
465,2016-09-23,259,4220,4479
465,2016-09-24,81,3539,3620
465,2016-09-25,29,4410,4439
465,2016-09-26,206,3597,3803
465,2016-09-27,241,3826,4067
465,2016-09-29,239,4229,4468
465,2016-09-30,236,4609,4845
465,2016-10-01,80,3714,3794
465,2016-10-02,29,3724,3753
465,2016-10-03,146,5232,5378
465,2016-10-04,200,3808,4008
465,2016-10-06,220,3689,3909
465,2016-10-07,233,3709,3942
465,2016-10-08,88,3558,3646
465,2016-10-09,26,3406,3432
465,2016-10-10,234,3701,3935
465,2016-10-11,258,4052,4310
465,2016-10-13,249,4032,4281
465,2016-10-14,217,4235,4452
465,2016-10-15,73,3389,3462
465,2016-10-16,93,5111,5204
465,2016-10-17,170,3629,3799
465,2016-10-18,246,3700,3946
465,2016-10-20,202,3740,3942
465,2016-10-21,231,4100,4331
465,2016-10-22,70,3456,3526
465,2016-10-23,27,3416,3443
465,2016-10-24,226,3388,3614
465,2016-10-25,213,3365,3578
465,2016-10-27,240,3914,4154
465,2016-10-28,235,4105,4340
465,2016-10-29,80,3717,3797
465,2016-10-30,24,4116,4140
465,2016-10-31,177,3872,4049
465,2016-11-01,26,3739,3765
465,2016-11-03,227,3590,3817
465,2016-11-04,203,3814,4017
465,2016-11-05,68,3227,3295
465,2016-11-06,25,2860,2885
465,2016-11-07,235,3400,3635
465,2016-11-08,203,3451,3654
465,2016-11-10,242,3684,3926
465,2016-11-11,205,3852,4057
465,2016-11-12,64,3077,3141
465,2016-11-13,23,2929,2952
465,2016-11-14,208,3493,3701
465,2016-11-15,220,3407,3627
465,2016-11-17,96,6172,6268
465,2016-11-18,98,6404,6502
465,2016-11-19,15,4163,4178
465,2016-11-20,16,3004,3020
465,2016-11-21,113,5930,6043
465,2016-11-22,75,6106,6181
465,2016-11-24,74,6647,6721
465,2016-11-25,73,6804,6877
465,2016-11-26,13,4159,4172
465,2016-11-27,8,3270,3278
465,2016-11-28,93,6340,6433
465,2016-11-29,85,6637,6722
465,2016-12-01,221,4008,4229
465,2016-12-02,203,4186,4389
465,2016-12-03,63,3497,3560
465,2016-12-04,26,3593,3619
465,2016-12-05,214,3539,3753
465,2016-12-06,234,3347,3581
465,2016-12-08,252,3640,3892
465,2016-12-09,212,4045,4257
465,2016-12-10,68,3129,3197
465,2016-12-11,25,2994,3019
465,2016-12-12,239,3563,3802
465,2016-12-13,220,3699,3919
465,2016-12-15,219,3782,4001
465,2016-12-16,218,4152,4370
465,2016-12-17,75,3200,3275
465,2016-12-18,23,3055,3078
465,2016-12-19,216,3577,3793
465,2016-12-20,217,3616,3833
465,2016-12-22,164,3494,3658
465,2016-12-23,163,3656,3819
465,2016-12-24,57,1874,1931
465,2016-12-25,11,1436,1447
465,2016-12-26,20,1898,1918
465,2016-12-27,116,2851,2967
465,2016-12-29,110,3288,3398
465,2016-12-30,102,3273,3375
465,2016-12-31,50,2017,2067
469,2016-01-01,30,5632,5662
469,2016-01-02,147,8935,9082
469,2016-01-03,100,7026,7126
469,2016-01-04,636,14896,15532
469,2016-01-05,670,18160,18830
469,2016-01-06,685,16023,16708
469,2016-01-08,753,17971,18724
469,2016-01-09,340,10677,11017
469,2016-01-10,88,7260,7348
469,2016-01-11,884,18674,19558
469,2016-01-12,896,19434,20330
469,2016-01-13,914,18956,19870
469,2016-01-15,567,13462,14029
469,2016-01-16,362,9712,10074
469,2016-01-17,89,7041,7130
469,2016-01-18,873,16788,17661
469,2016-01-19,922,17150,18072
469,2016-01-20,961,17041,18002
473,2016-01-01,18,3909,3927
473,2016-01-02,73,5971,6044
473,2016-01-03,19,4724,4743
473,2016-01-04,332,9656,9988
473,2016-01-05,336,9964,10300
473,2016-01-06,301,10461,10762
473,2016-01-08,352,11181,11533
473,2016-01-09,86,7281,7367
473,2016-01-10,10,4722,4732
473,2016-01-11,428,10154,10582
473,2016-01-12,410,10826,11236
473,2016-01-13,472,10708,11180
473,2016-01-15,362,10206,10568
473,2016-01-16,121,6918,7039
473,2016-01-17,19,5096,5115
473,2016-01-18,379,10904,11283
473,2016-01-19,395,11133,11528
473,2016-01-20,397,11147,11544
473,2016-01-22,440,10238,10678
473,2016-01-23,87,6898,6985
473,2016-01-24,29,5137,5166
473,2016-01-25,394,11136,11530
473,2016-01-26,419,11192,11611
473,2016-01-27,444,11019,11463
473,2016-01-29,452,12005,12457
473,2016-01-30,90,6818,6908
473,2016-01-31,22,5211,5233
473,2016-02-01,423,11211,11634
473,2016-02-02,462,10892,11354
473,2016-02-03,518,10848,11366
473,2016-02-05,440,11501,11941
473,2016-02-06,100,7683,7783
473,2016-02-07,26,4868,4894
473,2016-02-08,336,8058,8394
473,2016-02-09,414,8948,9362
473,2016-02-10,468,9802,10270
473,2016-02-12,436,10266,10702
473,2016-02-13,102,6576,6678
473,2016-02-14,18,5308,5326
473,2016-02-15,433,10683,11116
473,2016-02-16,436,11293,11729
473,2016-02-17,453,11018,11471
473,2016-02-19,524,10736,11260
473,2016-02-20,108,7106,7214
473,2016-02-21,14,5062,5076
473,2016-02-22,461,10567,11028
473,2016-02-23,542,9922,10464
473,2016-02-24,487,11044,11531
473,2016-02-26,503,11694,12197
473,2016-02-27,106,8369,8475
473,2016-02-28,27,5952,5979
473,2016-02-29,471,10965,11436
473,2016-03-01,514,11363,11877
473,2016-03-02,546,10608,11154
473,2016-03-04,436,11154,11590
473,2016-03-05,92,8158,8250
473,2016-03-06,50,5294,5344
473,2016-03-07,430,10551,10981
473,2016-03-08,486,11021,11507
473,2016-03-09,526,11083,11609
473,2016-03-11,479,11953,12432
473,2016-03-12,112,8186,8298
473,2016-03-13,30,6667,6697
473,2016-03-14,461,11001,11462
473,2016-03-15,615,12208,12823
473,2016-03-16,624,11443,12067
473,2016-03-18,543,12445,12988
473,2016-03-19,151,8659,8810
473,2016-03-20,39,6583,6622
473,2016-03-21,530,11189,11719
473,2016-03-22,553,11631,12184
473,2016-03-23,524,11297,11821
473,2016-03-25,418,10228,10646
473,2016-03-26,114,8035,8149
473,2016-03-28,24,4312,4336
473,2016-03-29,528,9978,10506
473,2016-03-30,532,10082,10614
473,2016-04-01,574,10374,10948
473,2016-04-02,130,7949,8079
473,2016-04-03,47,6210,6257
473,2016-04-04,444,10952,11396
473,2016-04-05,447,10972,11419
473,2016-04-06,522,11263,11785
473,2016-04-08,468,11575,12043
473,2016-04-09,128,8092,8220
473,2016-04-10,41,7739,7780
473,2016-04-11,544,10618,11162
473,2016-04-12,576,10838,11414
473,2016-04-13,459,11373,11832
473,2016-04-15,648,11368,12016
473,2016-04-16,114,7802,7916
473,2016-04-17,34,7070,7104
473,2016-04-18,474,11196,11670
473,2016-04-19,525,11491,12016
473,2016-04-20,449,11797,12246
473,2016-04-22,490,12097,12587
473,2016-04-23,149,8501,8650
473,2016-04-24,44,5910,5954
473,2016-04-25,538,10644,11182
473,2016-04-26,578,10720,11298
473,2016-04-27,544,10938,11482
473,2016-04-29,466,11625,12091
473,2016-04-30,138,8157,8295
473,2016-05-01,20,6204,6224
473,2016-05-02,475,11117,11592
473,2016-05-03,471,11543,12014
473,2016-05-04,534,12408,12942
473,2016-05-06,382,10827,11209
473,2016-05-07,173,8944,9117
473,2016-05-08,52,7866,7918
473,2016-05-09,505,11131,11636
473,2016-05-10,454,11540,11994
473,2016-05-11,512,11531,12043
473,2016-05-13,568,11136,11704
473,2016-05-14,139,8126,8265
473,2016-05-15,47,6131,6178
473,2016-05-16,34,5493,5527
473,2016-05-17,485,10699,11184
473,2016-05-18,586,10378,10964
473,2016-05-20,488,11182,11670
473,2016-05-21,156,8751,8907
473,2016-05-22,52,6285,6337
473,2016-05-23,490,10786,11276
473,2016-05-24,502,11533,12035
473,2016-05-25,558,11418,11976
473,2016-05-27,642,11268,11910
473,2016-05-28,126,7848,7974
473,2016-05-29,60,6572,6632
473,2016-05-30,554,10192,10746
473,2016-05-31,463,11752,12215
473,2016-06-01,604,10628,11232
473,2016-06-03,562,11326,11888
473,2016-06-04,129,7884,8013
473,2016-06-05,60,6850,6910
473,2016-06-06,568,10548,11116
473,2016-06-07,542,10628,11170
473,2016-06-08,568,11064,11632
473,2016-06-10,524,11757,12281
473,2016-06-11,168,8811,8979
473,2016-06-12,58,6906,6964
473,2016-06-13,556,10172,10728
473,2016-06-14,546,10546,11092
473,2016-06-15,580,10614,11194
473,2016-06-17,538,11478,12016
473,2016-06-18,130,8212,8342
473,2016-06-19,46,6816,6862
473,2016-06-20,574,10094,10668
473,2016-06-21,511,11153,11664
473,2016-06-22,505,11427,11932
473,2016-06-24,518,9588,10106
473,2016-06-25,128,6704,6832
473,2016-06-26,55,6683,6738
473,2016-06-27,503,10885,11388
473,2016-06-28,515,11561,12076
473,2016-06-29,670,10864,11534
473,2016-07-01,543,11974,12517
473,2016-07-02,140,7808,7948
473,2016-07-03,46,6775,6821
473,2016-07-04,472,10981,11453
473,2016-07-05,504,11940,12444
473,2016-07-06,536,11657,12193
473,2016-07-08,548,12429,12977
473,2016-07-09,175,9284,9459
473,2016-07-10,58,8157,8215
473,2016-07-11,494,10802,11296
473,2016-07-12,531,14185,14716
473,2016-07-13,568,14206,14774
473,2016-07-15,497,11701,12198
473,2016-07-16,129,8335,8464
473,2016-07-17,49,7734,7783
473,2016-07-18,473,10587,11060
473,2016-07-19,451,11064,11515
473,2016-07-20,530,9892,10422
473,2016-07-22,482,9914,10396
473,2016-07-23,96,7322,7418
473,2016-07-24,39,6944,6983
473,2016-07-25,411,10194,10605
473,2016-07-26,432,10217,10649
473,2016-07-27,559,10756,11315
473,2016-07-29,398,10510,10908
473,2016-07-30,140,7781,7921
473,2016-07-31,76,7380,7456
473,2016-08-01,359,10301,10660
473,2016-08-02,362,9392,9754
473,2016-08-03,332,9669,10001
473,2016-08-05,315,9935,10250
473,2016-08-06,114,7787,7901
473,2016-08-07,78,7681,7759
473,2016-08-08,343,9283,9626
473,2016-08-09,336,9290,9626
473,2016-08-10,394,8658,9052
473,2016-08-12,344,9905,10249
473,2016-08-13,147,8019,8166
473,2016-08-14,90,7615,7705
473,2016-08-15,133,7991,8124
473,2016-08-16,485,10300,10785
473,2016-08-17,372,9901,10273
473,2016-08-19,327,9552,9879
473,2016-08-20,123,6961,7084
473,2016-08-21,45,5862,5907
473,2016-08-22,429,9437,9866
473,2016-08-23,393,10388,10781
473,2016-08-24,445,10218,10663
473,2016-08-26,459,10265,10724
473,2016-08-27,104,7903,8007
473,2016-08-28,56,6763,6819
473,2016-08-29,449,9761,10210
473,2016-08-30,422,10294,10716
473,2016-08-31,506,10275,10781
473,2016-09-02,504,10944,11448
473,2016-09-03,153,9694,9847
473,2016-09-04,36,6326,6362
473,2016-09-05,438,10055,10493
473,2016-09-06,479,10455,10934
473,2016-09-07,491,10653,11144
473,2016-09-09,502,10947,11449
473,2016-09-10,142,8196,8338
473,2016-09-11,57,7293,7350
473,2016-09-12,546,10000,10546
473,2016-09-13,595,10626,11221
473,2016-09-14,579,10925,11504
473,2016-09-16,603,11128,11731
473,2016-09-17,116,7830,7946
473,2016-09-18,35,6406,6441
473,2016-09-19,583,10487,11070
473,2016-09-20,567,10682,11249
473,2016-09-21,585,10588,11173
473,2016-09-23,569,11290,11859
473,2016-09-24,130,9193,9323
473,2016-09-25,57,9229,9286
473,2016-09-26,530,10187,10717
473,2016-09-27,559,10731,11290
473,2016-09-28,592,10468,11060
473,2016-09-30,564,11074,11638
473,2016-10-01,156,8428,8584
473,2016-10-02,36,6048,6084
473,2016-10-03,340,10196,10536
473,2016-10-04,528,10781,11309
473,2016-10-05,636,11213,11849
473,2016-10-07,610,11457,12067
473,2016-10-08,123,7889,8012
473,2016-10-09,46,6268,6314
473,2016-10-10,581,10248,10829
473,2016-10-11,555,10448,11003
473,2016-10-12,584,10729,11313
473,2016-10-14,552,10729,11281
473,2016-10-15,111,7744,7855
473,2016-10-16,39,7272,7311
473,2016-10-17,586,10007,10593
473,2016-10-18,596,9618,10214
473,2016-10-19,638,9506,10144
473,2016-10-21,546,10876,11422
473,2016-10-22,138,7723,7861
473,2016-10-23,60,6171,6231
473,2016-10-24,513,9928,10441
473,2016-10-25,582,10602,11184
473,2016-10-26,597,10720,11317
473,2016-10-28,566,11207,11773
473,2016-10-29,162,8041,8203
473,2016-10-30,42,6552,6594
473,2016-10-31,336,9737,10073
473,2016-11-01,35,5833,5868
473,2016-11-02,540,10240,10780
473,2016-11-04,552,10100,10652
473,2016-11-05,83,7008,7091
473,2016-11-06,26,5660,5686
473,2016-11-07,496,10167,10663
473,2016-11-08,484,10489,10973
473,2016-11-09,478,9734,10212
473,2016-11-11,523,10949,11472
473,2016-11-12,97,7663,7760
473,2016-11-13,30,5502,5532
473,2016-11-14,480,10434,10914
473,2016-11-15,490,9780,10270
473,2016-11-16,439,10645,11084
473,2016-11-18,508,10142,10650
473,2016-11-19,115,7515,7630
473,2016-11-20,18,4956,4974
473,2016-11-21,430,10081,10511
473,2016-11-22,488,9770,10258
473,2016-11-23,485,10588,11073
473,2016-11-25,473,11229,11702
473,2016-11-26,108,7681,7789
473,2016-11-27,30,5653,5683
473,2016-11-28,499,10148,10647
473,2016-11-29,500,10549,11049
473,2016-11-30,506,10266,10772
473,2016-12-02,494,10874,11368
473,2016-12-03,149,9585,9734
473,2016-12-04,58,7278,7336
473,2016-12-05,484,10359,10843
473,2016-12-06,477,10144,10621
473,2016-12-07,487,10356,10843
473,2016-12-09,464,10696,11160
473,2016-12-10,115,7787,7902
473,2016-12-11,17,5412,5429
473,2016-12-12,429,9779,10208
473,2016-12-13,421,10222,10643
473,2016-12-14,453,10624,11077
473,2016-12-16,528,10723,11251
473,2016-12-17,85,7557,7642
473,2016-12-18,26,5432,5458
473,2016-12-19,460,9781,10241
473,2016-12-20,403,10198,10601
473,2016-12-21,442,10315,10757
473,2016-12-23,320,9883,10203
473,2016-12-24,68,5751,5819
473,2016-12-25,15,3753,3768
473,2016-12-26,16,3714,3730
473,2016-12-27,260,7311,7571
473,2016-12-28,266,7461,7727
473,2016-12-30,262,7925,8187
473,2016-12-31,55,5168,5223
474,2016-01-02,27,2776,2803
474,2016-01-03,10,2728,2738
474,2016-01-04,69,3598,3667
474,2016-01-05,70,3930,4000
474,2016-01-06,53,3976,4029
474,2016-01-07,85,3980,4065
474,2016-01-09,36,3320,3356
474,2016-01-10,12,2691,2703
474,2016-01-11,120,4210,4330
474,2016-01-12,101,4469,4570
474,2016-01-13,91,4385,4476
474,2016-01-14,80,4387,4467
474,2016-01-16,26,3202,3228
474,2016-01-17,7,2656,2663
474,2016-01-18,93,4177,4270
474,2016-01-19,103,4364,4467
474,2016-01-20,98,4265,4363
474,2016-01-21,81,4389,4470
474,2016-01-23,35,3189,3224
474,2016-01-24,10,2877,2887
474,2016-01-25,83,4488,4571
474,2016-01-26,91,4637,4728
474,2016-01-27,87,4669,4756
474,2016-01-28,78,4571,4649
474,2016-01-30,44,3420,3464
474,2016-01-31,4,3055,3059
474,2016-02-01,109,4319,4428
474,2016-02-02,93,4516,4609
474,2016-02-03,98,4626,4724
474,2016-02-04,92,4622,4714
474,2016-02-06,31,4159,4190
474,2016-02-07,13,3086,3099
474,2016-02-08,76,3398,3474
474,2016-02-09,100,3802,3902
474,2016-02-10,84,4444,4528
474,2016-02-11,66,4034,4100
474,2016-02-13,34,3097,3131
474,2016-02-14,8,3291,3299
474,2016-02-15,95,4337,4432
474,2016-02-16,103,4886,4989
474,2016-02-17,89,4564,4653
474,2016-02-18,111,4826,4937
474,2016-02-20,26,3418,3444
474,2016-02-21,7,3135,3142
474,2016-02-22,99,4305,4404
474,2016-02-23,71,4475,4546
474,2016-02-24,91,4601,4692
474,2016-02-25,109,4953,5062
474,2016-02-27,39,4360,4399
474,2016-02-28,15,3923,3938
474,2016-02-29,101,4649,4750
474,2016-03-01,120,4935,5055
474,2016-03-02,105,4463,4568
474,2016-03-03,89,4750,4839
474,2016-03-05,35,3924,3959
474,2016-03-06,24,3559,3583
474,2016-03-07,99,4581,4680
474,2016-03-08,98,4877,4975
474,2016-03-09,101,4937,5038
474,2016-03-10,88,5150,5238
474,2016-03-12,39,4447,4486
474,2016-03-13,9,4544,4553
474,2016-03-14,98,4727,4825
474,2016-03-15,103,4980,5083
474,2016-03-16,83,4766,4849
474,2016-03-17,98,5267,5365
474,2016-03-19,36,4033,4069
474,2016-03-20,13,3699,3712
474,2016-03-21,99,4651,4750
474,2016-03-22,81,5107,5188
474,2016-03-23,88,5023,5111
474,2016-03-24,89,5155,5244
474,2016-03-26,33,4405,4438
474,2016-03-28,4,3146,3150
474,2016-03-29,93,4868,4961
474,2016-03-30,69,4596,4665
474,2016-03-31,85,4581,4666
474,2016-04-09,48,4754,4802
474,2016-04-10,7,5614,5621
474,2016-04-11,96,4757,4853
474,2016-04-12,120,5174,5294
474,2016-04-13,64,4803,4867
474,2016-04-14,89,5307,5396
474,2016-04-16,37,4396,4433
474,2016-04-17,10,4779,4789
474,2016-04-18,100,5041,5141
474,2016-04-19,96,5362,5458
474,2016-04-20,97,5909,6006
474,2016-04-21,98,5887,5985
474,2016-04-23,38,4359,4397
474,2016-04-24,8,3937,3945
474,2016-04-25,90,4795,4885
474,2016-04-26,90,5189,5279
474,2016-04-27,119,4924,5043
474,2016-04-28,108,5365,5473
474,2016-04-30,37,4182,4219
474,2016-05-01,12,4574,4586
474,2016-05-02,122,5476,5598
474,2016-05-03,96,5477,5573
474,2016-05-04,90,6034,6124
474,2016-05-05,26,7059,7085
474,2016-05-07,36,5651,5687
474,2016-05-08,9,5748,5757
474,2016-05-09,95,5138,5233
474,2016-05-10,86,6101,6187
474,2016-05-11,89,5626,5715
474,2016-05-12,112,5519,5631
474,2016-05-14,50,4661,4711
474,2016-05-15,12,4725,4737
474,2016-05-16,14,4304,4318
474,2016-05-17,98,5253,5351
474,2016-05-18,85,5091,5176
474,2016-05-19,98,5249,5347
474,2016-05-21,52,4981,5033
474,2016-05-22,11,3948,3959
474,2016-05-23,88,4948,5036
474,2016-05-24,102,5289,5391
474,2016-05-25,111,5414,5525
474,2016-05-26,71,6132,6203
474,2016-05-28,56,4790,4846
474,2016-05-29,10,4455,4465
474,2016-05-30,130,4236,4366
474,2016-05-31,91,5055,5146
474,2016-06-01,96,5246,5342
474,2016-06-02,92,5028,5120
474,2016-06-04,31,4144,4175
474,2016-06-05,14,4497,4511
474,2016-06-06,120,4920,5040
474,2016-06-07,136,5312,5448
474,2016-06-08,90,5060,5150
474,2016-06-09,91,5877,5968
474,2016-06-11,44,4800,4844
474,2016-06-12,12,4660,4672
474,2016-06-13,130,4916,5046
474,2016-06-14,82,5279,5361
474,2016-06-15,144,5360,5504
474,2016-06-16,120,5718,5838
474,2016-06-19,11,5226,5237
474,2016-06-20,115,4955,5070
474,2016-06-21,77,5212,5289
474,2016-06-22,101,5405,5506
474,2016-06-23,16,4746,4762
474,2016-06-25,39,3829,3868
474,2016-06-26,18,5159,5177
474,2016-06-27,95,4804,4899
474,2016-06-28,73,5233,5306
474,2016-06-29,98,5396,5494
474,2016-06-30,92,5243,5335
474,2016-07-02,27,5171,5198
474,2016-07-03,11,5764,5775
474,2016-07-04,94,4696,4790
474,2016-07-05,87,5005,5092
474,2016-07-06,84,5191,5275
474,2016-07-07,95,5651,5746
474,2016-07-09,48,5185,5233
474,2016-07-10,24,6051,6075
474,2016-07-11,104,5055,5159
474,2016-07-12,85,5442,5527
474,2016-07-13,117,4976,5093
474,2016-07-14,83,5534,5617
474,2016-07-16,30,5066,5096
474,2016-07-17,8,6447,6455
474,2016-07-18,79,4863,4942
474,2016-07-19,87,5624,5711
474,2016-07-20,87,5374,5461
474,2016-07-21,96,5264,5360
474,2016-07-23,56,5046,5102
474,2016-07-24,11,5297,5308
474,2016-07-25,82,5027,5109
474,2016-07-26,80,5258,5338
474,2016-07-27,82,5586,5668
474,2016-07-28,104,5190,5294
474,2016-07-30,35,4410,4445
474,2016-07-31,24,5359,5383
474,2016-08-01,75,4595,4670
474,2016-08-02,63,4069,4132
474,2016-08-03,64,4324,4388
474,2016-08-04,72,4138,4210
474,2016-08-06,35,4416,4451
474,2016-08-07,15,6135,6150
474,2016-08-08,63,4205,4268
474,2016-08-09,63,4152,4215
474,2016-08-10,84,4394,4478
474,2016-08-11,64,4187,4251
474,2016-08-13,82,5009,5091
474,2016-08-14,27,5991,6018
474,2016-08-15,26,6626,6652
474,2016-08-16,79,4612,4691
474,2016-08-17,64,4630,4694
474,2016-08-18,87,4247,4334
474,2016-08-20,22,3674,3696
474,2016-08-21,13,3986,3999
474,2016-08-22,70,4132,4202
474,2016-08-23,60,5033,5093
474,2016-08-24,47,4837,4884
474,2016-08-25,74,4789,4863
474,2016-08-27,26,4159,4185
474,2016-08-28,13,4346,4359
474,2016-08-29,64,4454,4518
474,2016-08-30,77,4874,4951
474,2016-08-31,89,4854,4943
474,2016-09-01,68,5030,5098
474,2016-09-03,37,4526,4563
474,2016-09-04,28,3269,3297
474,2016-09-05,74,4420,4494
474,2016-09-06,51,5049,5100
474,2016-09-07,63,5268,5331
474,2016-09-08,58,5240,5298
474,2016-09-10,25,5219,5244
474,2016-09-11,19,5398,5417
474,2016-09-12,66,4896,4962
474,2016-09-13,60,5327,5387
474,2016-09-14,82,5525,5607
474,2016-09-15,66,5251,5317
474,2016-09-17,58,4773,4831
474,2016-09-18,35,4974,5009
474,2016-09-19,89,4719,4808
474,2016-09-20,76,5081,5157
474,2016-09-21,77,5239,5316
474,2016-09-22,73,5233,5306
474,2016-09-24,35,5219,5254
474,2016-09-25,10,3488,3498
474,2016-09-26,97,4902,4999
474,2016-09-27,90,5470,5560
474,2016-09-28,82,5306,5388
474,2016-09-29,93,5780,5873
474,2016-10-01,30,4049,4079
474,2016-10-02,16,4249,4265
474,2016-10-03,67,5313,5380
474,2016-10-04,109,5546,5655
474,2016-10-05,108,5385,5493
474,2016-10-06,81,5221,5302
474,2016-10-08,35,4339,4374
474,2016-10-09,12,4165,4177
474,2016-10-10,77,4979,5056
474,2016-10-11,99,5542,5641
474,2016-10-12,75,5277,5352
474,2016-10-13,91,5559,5650
474,2016-10-15,14,4325,4339
474,2016-10-16,10,5665,5675
474,2016-10-17,87,4768,4855
474,2016-10-18,67,5307,5374
474,2016-10-19,88,5000,5088
474,2016-10-20,72,4939,5011
474,2016-10-22,27,4104,4131
474,2016-10-23,14,3936,3950
474,2016-10-24,71,4147,4218
474,2016-10-25,81,4626,4707
474,2016-10-26,91,4571,4662
474,2016-10-27,71,4877,4948
474,2016-10-29,36,4180,4216
474,2016-10-30,30,4628,4658
474,2016-10-31,54,4402,4456
474,2016-11-01,12,3571,3583
474,2016-11-02,68,4351,4419
474,2016-11-03,75,4409,4484
474,2016-11-05,28,3393,3421
474,2016-11-06,6,2986,2992
474,2016-11-07,91,4320,4411
474,2016-11-08,96,4729,4825
474,2016-11-09,72,4465,4537
474,2016-11-10,72,4748,4820
474,2016-11-12,35,3813,3848
474,2016-11-13,22,3071,3093
474,2016-11-14,114,4611,4725
474,2016-11-15,116,4650,4766
474,2016-11-16,90,4752,4842
474,2016-11-17,120,4708,4828
474,2016-11-19,35,3556,3591
474,2016-11-20,10,2802,2812
474,2016-11-21,80,4039,4119
474,2016-11-22,74,4445,4519
474,2016-11-23,80,4720,4800
474,2016-11-24,84,5001,5085
474,2016-11-26,33,3794,3827
474,2016-11-27,11,3142,3153
474,2016-11-28,96,4335,4431
474,2016-11-29,96,4787,4883
474,2016-11-30,78,4636,4714
474,2016-12-01,88,4652,4740
474,2016-12-03,28,3561,3589
474,2016-12-04,13,3104,3117
474,2016-12-05,98,4474,4572
474,2016-12-06,86,4546,4632
474,2016-12-07,85,4603,4688
474,2016-12-08,81,4735,4816
474,2016-12-10,27,3883,3910
474,2016-12-11,9,2917,2926
474,2016-12-12,89,4392,4481
474,2016-12-13,102,4618,4720
474,2016-12-14,76,4696,4772
474,2016-12-15,91,4772,4863
474,2016-12-17,29,3574,3603
474,2016-12-18,12,2892,2904
474,2016-12-19,75,4273,4348
474,2016-12-20,90,4609,4699
474,2016-12-21,96,4365,4461
474,2016-12-22,78,4558,4636
474,2016-12-24,21,2472,2493
474,2016-12-25,3,2210,2213
474,2016-12-26,12,2131,2143
474,2016-12-27,38,3002,3040
474,2016-12-28,50,3047,3097
474,2016-12-29,45,3324,3369
474,2016-12-31,29,2294,2323
479,2016-01-01,35,3431,3466
479,2016-01-02,129,4853,4982
479,2016-01-03,32,4120,4152
479,2016-01-04,368,8622,8990
479,2016-01-05,420,8918,9338
479,2016-01-06,426,8924,9350
479,2016-01-08,504,9616,10120
479,2016-01-09,136,6039,6175
479,2016-01-10,30,4446,4476
479,2016-01-11,522,9242,9764
479,2016-01-12,568,9988,10556
479,2016-01-13,576,9702,10278
479,2016-01-15,426,9192,9618
479,2016-01-16,165,5907,6072
479,2016-01-17,43,4419,4462
479,2016-01-18,563,9429,9992
479,2016-01-19,531,9741,10272
479,2016-01-20,562,9650,10212
479,2016-01-22,510,9716,10226
479,2016-01-23,151,5854,6005
479,2016-01-24,55,4289,4344
479,2016-01-25,623,9214,9837
479,2016-01-26,596,8535,9131
479,2016-01-27,628,8381,9009
479,2016-01-29,618,10435,11053
479,2016-01-30,170,6456,6626
479,2016-01-31,49,4478,4527
479,2016-02-01,610,9526,10136
479,2016-02-02,624,9868,10492
479,2016-02-03,610,9836,10446
479,2016-02-05,620,10172,10792
479,2016-02-06,160,5999,6159
479,2016-02-07,44,4274,4318
479,2016-02-08,450,7546,7996
479,2016-02-09,518,8598,9116
479,2016-02-10,624,8915,9539
479,2016-02-12,570,9118,9688
479,2016-02-13,158,5782,5940
479,2016-02-14,48,4806,4854
479,2016-02-15,644,9083,9727
479,2016-02-16,605,9426,10031
479,2016-02-17,656,9117,9773
479,2016-02-19,665,9132,9797
479,2016-02-20,148,6168,6316
479,2016-02-21,38,4539,4577
479,2016-02-22,645,8660,9305
479,2016-02-23,641,8771,9412
479,2016-02-24,659,9047,9706
479,2016-02-26,780,9638,10418
479,2016-02-27,183,6761,6944
479,2016-02-28,39,5090,5129
479,2016-02-29,661,8837,9498
479,2016-03-01,758,9041,9799
479,2016-03-02,604,8624,9228
479,2016-03-04,640,9144,9784
479,2016-03-05,162,6432,6594
479,2016-03-06,84,4666,4750
479,2016-03-07,617,8625,9242
479,2016-03-08,704,8844,9548
479,2016-03-09,714,8971,9685
479,2016-03-11,663,9540,10203
479,2016-03-12,218,6733,6951
479,2016-03-13,53,5379,5432
479,2016-03-14,669,8893,9562
479,2016-03-15,837,9645,10482
479,2016-03-16,824,9183,10007
479,2016-03-18,765,9950,10715
479,2016-03-19,230,6854,7084
479,2016-03-20,48,5682,5730
479,2016-03-21,722,9087,9809
479,2016-03-22,841,9237,10078
479,2016-03-23,786,9410,10196
479,2016-03-25,590,8898,9488
479,2016-03-26,181,6348,6529
479,2016-03-28,94,4038,4132
479,2016-03-29,570,8630,9200
479,2016-03-30,734,8702,9436
479,2016-04-01,698,8830,9528
479,2016-04-02,281,6227,6508
479,2016-04-03,243,5226,5469
479,2016-04-04,674,8825,9499
479,2016-04-05,725,8896,9621
479,2016-04-06,749,8999,9748
479,2016-04-08,636,9232,9868
479,2016-04-09,205,6407,6612
479,2016-04-10,46,6169,6215
479,2016-04-11,610,9178,9788
479,2016-04-12,646,9548,10194
479,2016-04-13,636,9382,10018
479,2016-04-15,768,9934,10702
479,2016-04-16,268,6505,6773
479,2016-04-17,65,5728,5793
479,2016-04-18,661,9199,9860
479,2016-04-19,762,9475,10237
479,2016-04-20,657,9719,10376
479,2016-04-22,761,9738,10499
479,2016-04-23,228,7081,7309
479,2016-04-24,79,5151,5230
479,2016-04-25,803,9340,10143
479,2016-04-26,688,9227,9915
479,2016-04-27,717,9522,10239
479,2016-04-29,676,9645,10321
479,2016-04-30,248,6686,6934
479,2016-05-01,65,5540,5605
479,2016-05-02,703,8839,9542
479,2016-05-03,748,9312,10060
479,2016-05-04,735,9810,10545
479,2016-05-06,558,8555,9113
479,2016-05-07,253,7252,7505
479,2016-05-08,74,6332,6406
479,2016-05-09,695,8973,9668
479,2016-05-10,707,9356,10063
479,2016-05-11,727,9350,10077
479,2016-05-13,688,9606,10294
479,2016-05-14,192,6356,6548
479,2016-05-15,72,5066,5138
479,2016-05-16,45,4577,4622
479,2016-05-17,702,8468,9170
479,2016-05-20,721,8875,9596
479,2016-05-21,259,7035,7294
479,2016-05-22,200,5089,5289
479,2016-05-23,685,8724,9409
479,2016-05-24,692,9164,9856
479,2016-05-25,780,9228,10008
479,2016-05-27,802,9306,10108
479,2016-05-28,184,7098,7282
479,2016-05-29,82,5280,5362
479,2016-05-30,664,8892,9556
479,2016-05-31,670,9216,9886
479,2016-06-01,596,8926,9522
479,2016-06-03,668,9628,10296
479,2016-06-04,208,6352,6560
479,2016-06-05,90,5506,5596
479,2016-06-06,626,8730,9356
479,2016-06-07,658,8898,9556
479,2016-06-08,786,9195,9981
479,2016-06-10,713,9737,10450
479,2016-06-11,264,7776,8040
479,2016-06-12,102,6292,6394
479,2016-06-13,666,8324,8990
479,2016-06-14,612,8884,9496
479,2016-06-15,690,8852,9542
479,2016-06-17,688,10056,10744
479,2016-06-18,202,7674,7876
479,2016-06-19,75,5797,5872
479,2016-06-20,660,8782,9442
479,2016-06-21,692,8962,9654
479,2016-06-22,743,9218,9961
479,2016-06-24,649,8261,8910
479,2016-06-25,288,5876,6164
479,2016-06-26,63,5566,5629
479,2016-06-27,747,8938,9685
479,2016-06-28,723,9392,10115
479,2016-06-29,761,9306,10067
479,2016-07-01,741,9649,10390
479,2016-07-02,195,6651,6846
479,2016-07-03,182,7062,7244
479,2016-07-04,725,8833,9558
479,2016-07-05,701,9441,10142
479,2016-07-06,690,9219,9909
479,2016-07-08,754,9900,10654
479,2016-07-09,247,7183,7430
479,2016-07-10,91,6605,6696
479,2016-07-11,692,8763,9455
479,2016-07-12,737,8828,9565
479,2016-07-13,733,8445,9178
479,2016-07-15,662,8572,9234
479,2016-07-16,187,6543,6730
479,2016-07-17,82,6172,6254
479,2016-07-18,656,8183,8839
479,2016-07-19,649,8626,9275
479,2016-07-20,622,8850,9472
479,2016-07-22,696,9266,9962
479,2016-07-23,215,6273,6488
479,2016-07-24,92,5783,5875
479,2016-07-25,618,7901,8519
479,2016-07-26,614,8228,8842
479,2016-07-27,842,8914,9756
479,2016-07-29,656,8746,9402
479,2016-07-30,253,6459,6712
479,2016-07-31,100,5973,6073
479,2016-08-01,448,8550,8998
479,2016-08-02,422,7946,8368
479,2016-08-03,434,8206,8640
479,2016-08-05,439,8186,8625
479,2016-08-06,170,6247,6417
479,2016-08-07,74,6443,6517
479,2016-08-08,434,7738,8172
479,2016-08-09,434,7888,8322
479,2016-08-10,436,7698,8134
479,2016-08-12,453,8338,8791
479,2016-08-13,220,6792,7012
479,2016-08-14,118,6598,6716
479,2016-08-15,124,6780,6904
479,2016-08-16,559,8290,8849
479,2016-08-17,454,8417,8871
479,2016-08-19,426,7921,8347
479,2016-08-20,201,5602,5803
479,2016-08-21,54,4722,4776
479,2016-08-22,527,7846,8373
479,2016-08-23,576,8581,9157
479,2016-08-24,618,8498,9116
479,2016-08-26,608,8311,8919
479,2016-08-27,189,6337,6526
479,2016-08-28,75,5579,5654
479,2016-08-29,642,7732,8374
479,2016-08-30,589,8203,8792
479,2016-08-31,666,8266,8932
479,2016-09-02,696,8596,9292
479,2016-09-03,262,7855,8117
479,2016-09-04,62,5740,5802
479,2016-09-05,644,7927,8571
479,2016-09-06,722,8677,9399
479,2016-09-07,700,8695,9395
479,2016-09-09,692,8752,9444
479,2016-09-10,224,6812,7036
479,2016-09-11,89,5932,6021
479,2016-09-12,732,8023,8755
479,2016-09-13,797,8664,9461
479,2016-09-14,820,8795,9615
479,2016-09-16,795,8819,9614
479,2016-09-17,208,6643,6851
479,2016-09-18,61,5193,5254
479,2016-09-19,789,8225,9014
479,2016-09-20,765,8405,9170
479,2016-09-21,832,8644,9476
479,2016-09-23,823,9055,9878
479,2016-09-24,219,7558,7777
479,2016-09-25,108,7580,7688
479,2016-09-26,751,8179,8930
479,2016-09-27,766,8710,9476
479,2016-09-28,879,8446,9325
479,2016-09-30,851,8985,9836
479,2016-10-01,216,6832,7048
479,2016-10-02,82,5251,5333
479,2016-10-03,520,8392,8912
479,2016-10-04,769,8648,9417
479,2016-10-05,877,9078,9955
479,2016-10-07,876,9121,9997
479,2016-10-08,206,6484,6690
479,2016-10-09,76,5358,5434
479,2016-10-10,829,8385,9214
479,2016-10-11,796,8492,9288
479,2016-10-12,835,8702,9537
479,2016-10-14,760,8668,9428
479,2016-10-15,210,6311,6521
479,2016-10-16,76,5920,5996
479,2016-10-17,801,8164,8965
479,2016-10-18,761,8544,9305
479,2016-10-19,795,8399,9194
479,2016-10-21,787,8723,9510
479,2016-10-22,231,6307,6538
479,2016-10-23,88,5084,5172
479,2016-10-24,823,7900,8723
479,2016-10-25,870,8439,9309
479,2016-10-26,817,8686,9503
479,2016-10-28,791,9013,9804
479,2016-10-29,274,6355,6629
479,2016-10-30,71,5373,5444
479,2016-10-31,465,7850,8315
479,2016-11-01,57,5080,5137
479,2016-11-02,791,8284,9075
479,2016-11-04,742,8852,9594
479,2016-11-05,222,5674,5896
479,2016-11-06,52,4656,4708
479,2016-11-07,716,8286,9002
479,2016-11-08,713,8416,9129
479,2016-11-09,724,8456,9180
479,2016-11-11,729,8783,9512
479,2016-11-12,184,6174,6358
479,2016-11-13,52,4599,4651
479,2016-11-14,707,8440,9147
479,2016-11-15,680,8475,9155
479,2016-11-16,672,8718,9390
479,2016-11-18,684,8962,9646
479,2016-11-19,175,6218,6393
479,2016-11-20,52,4592,4644
479,2016-11-21,642,7962,8604
479,2016-11-22,606,8530,9136
479,2016-11-23,746,8374,9120
479,2016-11-25,686,9136,9822
479,2016-11-26,196,6307,6503
479,2016-11-27,57,4894,4951
479,2016-11-28,668,8100,8768
479,2016-11-29,694,8517,9211
479,2016-11-30,714,8044,8758
479,2016-12-02,680,8550,9230
479,2016-12-03,263,7773,8036
479,2016-12-04,72,5935,6007
479,2016-12-05,677,8144,8821
479,2016-12-06,682,8080,8762
479,2016-12-07,688,8203,8891
479,2016-12-09,675,8444,9119
479,2016-12-10,214,6410,6624
479,2016-12-11,49,4688,4737
479,2016-12-12,641,7763,8404
479,2016-12-13,709,7968,8677
479,2016-12-14,678,8319,8997
479,2016-12-16,766,8540,9306
479,2016-12-17,152,6199,6351
479,2016-12-18,49,4586,4635
479,2016-12-19,651,7764,8415
479,2016-12-20,633,8339,8972
479,2016-12-21,698,8364,9062
479,2016-12-23,513,7951,8464
479,2016-12-24,116,4632,4748
479,2016-12-25,31,3349,3380
479,2016-12-26,46,3369,3415
479,2016-12-27,381,5903,6284
479,2016-12-28,383,6186,6569
479,2016-12-30,341,6380,6721
479,2016-12-31,115,4153,4268
481,2016-01-01,48,1961,2009
481,2016-01-02,95,2990,3085
481,2016-01-03,44,2526,2570
481,2016-01-04,184,4572,4756
481,2016-01-05,170,4632,4802
481,2016-01-06,208,4692,4900
481,2016-01-08,198,4983,5181
481,2016-01-09,129,3608,3737
481,2016-01-10,60,2802,2862
481,2016-01-11,206,4818,5024
481,2016-01-12,230,5102,5332
481,2016-01-13,196,5090,5286
481,2016-01-15,426,9192,9618
481,2016-01-16,165,5907,6072
481,2016-01-17,43,4419,4462
481,2016-01-18,563,9429,9992
481,2016-01-19,531,9741,10272
481,2016-01-20,562,9650,10212
481,2016-01-22,510,9716,10226
481,2016-01-23,151,5854,6005
481,2016-01-24,55,4289,4344
481,2016-01-25,623,9214,9837
481,2016-01-26,596,8535,9131
481,2016-01-27,628,8381,9009
481,2016-01-29,233,5326,5559
481,2016-01-30,128,3474,3602
481,2016-01-31,58,2805,2863
481,2016-02-01,215,4852,5067
481,2016-02-02,252,5126,5378
481,2016-02-03,245,5167,5412
481,2016-02-05,227,5071,5298
481,2016-02-06,114,3532,3646
481,2016-02-07,46,2318,2364
481,2016-02-08,172,3674,3846
481,2016-02-09,190,3916,4106
481,2016-02-10,182,4342,4524
481,2016-02-12,192,4486,4678
481,2016-02-13,138,3178,3316
481,2016-02-14,72,2624,2696
481,2016-02-15,220,5159,5379
481,2016-02-16,234,5969,6203
481,2016-02-17,270,5878,6148
481,2016-02-19,257,6175,6432
481,2016-02-20,124,3842,3966
481,2016-02-21,65,2958,3023
481,2016-02-22,239,5804,6043
481,2016-02-23,243,6296,6539
481,2016-02-24,226,6175,6401
481,2016-02-26,259,6382,6641
481,2016-02-27,130,4544,4674
481,2016-02-28,45,3215,3260
481,2016-02-29,236,6017,6253
481,2016-03-01,252,6334,6586
481,2016-03-02,272,6136,6408
481,2016-03-04,240,5752,5992
481,2016-03-05,129,4230,4359
481,2016-03-06,45,2938,2983
481,2016-03-07,229,5907,6136
481,2016-03-08,241,6331,6572
481,2016-03-09,265,6155,6420
481,2016-03-11,276,6422,6698
481,2016-03-12,156,4392,4548
481,2016-03-13,69,3337,3406
481,2016-03-14,261,6038,6299
481,2016-03-15,239,6410,6649
481,2016-03-16,247,6148,6395
481,2016-03-18,262,6228,6490
481,2016-03-19,139,4315,4454
481,2016-03-20,70,3311,3381
481,2016-03-21,268,5678,5946
481,2016-03-22,252,5998,6250
481,2016-03-23,253,5950,6203
481,2016-03-25,240,5525,5765
481,2016-03-26,161,3886,4047
481,2016-03-28,60,2276,2336
481,2016-03-29,270,5228,5498
481,2016-03-30,275,5197,5472
481,2016-04-01,233,5297,5530
481,2016-04-02,139,3826,3965
481,2016-04-03,82,2913,2995
481,2016-04-04,256,5196,5452
481,2016-04-05,251,5377,5628
481,2016-04-06,270,5631,5901
481,2016-04-08,258,5633,5891
481,2016-04-09,131,4203,4334
481,2016-04-10,57,3540,3597
481,2016-04-11,280,5776,6056
481,2016-04-12,278,5952,6230
481,2016-04-13,254,5970,6224
481,2016-04-15,258,6124,6382
481,2016-04-16,152,4288,4440
481,2016-04-17,52,3489,3541
481,2016-04-18,243,5926,6169
481,2016-04-19,304,6235,6539
481,2016-04-20,256,6254,6510
481,2016-04-22,284,6329,6613
481,2016-04-23,151,4222,4373
481,2016-04-24,56,3182,3238
481,2016-04-25,270,5740,6010
481,2016-04-26,268,6442,6710
481,2016-04-27,266,6144,6410
481,2016-04-29,274,6467,6741
481,2016-04-30,168,4327,4495
481,2016-05-01,67,3199,3266
481,2016-05-02,263,6338,6601
481,2016-05-03,258,6557,6815
481,2016-05-04,282,6685,6967
481,2016-05-06,215,5589,5804
481,2016-05-07,145,4331,4476
481,2016-05-08,62,3557,3619
481,2016-05-09,288,6052,6340
481,2016-05-10,258,6182,6440
481,2016-05-11,266,6450,6716
481,2016-05-13,272,6120,6392
481,2016-05-14,133,4086,4219
481,2016-05-15,55,2878,2933
481,2016-05-16,50,2555,2605
481,2016-05-17,226,5479,5705
481,2016-05-18,231,5718,5949
481,2016-05-20,218,5808,6026
481,2016-05-21,138,4192,4330
481,2016-05-22,50,3068,3118
481,2016-05-23,258,6252,6510
481,2016-05-24,264,6672,6936
481,2016-05-25,285,6568,6853
481,2016-05-27,278,6751,7029
481,2016-05-28,140,4454,4594
481,2016-05-29,70,3166,3236
481,2016-05-30,264,5710,5974
481,2016-05-31,266,6555,6821
481,2016-06-01,332,6500,6832
481,2016-06-03,336,6788,7124
481,2016-06-04,178,4582,4760
481,2016-06-05,51,3828,3879
481,2016-06-06,265,6463,6728
481,2016-06-07,290,6426,6716
481,2016-06-08,257,6774,7031
481,2016-06-10,277,6997,7274
481,2016-06-11,173,4887,5060
481,2016-06-12,62,3884,3946
481,2016-06-13,260,6332,6592
481,2016-06-14,239,6338,6577
481,2016-06-15,268,6318,6586
481,2016-06-17,278,6998,7276
481,2016-06-18,148,4878,5026
481,2016-06-19,63,3729,3792
481,2016-06-20,250,6278,6528
481,2016-06-21,242,6374,6616
481,2016-06-22,257,6449,6706
481,2016-06-24,272,5170,5442
481,2016-06-25,155,3792,3947
481,2016-06-26,71,3223,3294
481,2016-06-27,260,5846,6106
481,2016-06-28,291,6363,6654
481,2016-06-29,274,6546,6820
481,2016-07-01,741,9649,10390
481,2016-07-02,195,6651,6846
481,2016-07-03,182,7062,7244
481,2016-07-04,725,8833,9558
481,2016-07-05,701,9441,10142
481,2016-07-06,690,9219,9909
481,2016-07-08,754,9900,10654
481,2016-07-09,247,7183,7430
481,2016-07-10,91,6605,6696
481,2016-07-11,692,8763,9455
481,2016-07-12,737,8828,9565
481,2016-07-13,733,8445,9178
481,2016-07-15,249,7295,7544
481,2016-07-16,150,4455,4605
481,2016-07-17,66,3695,3761
481,2016-07-18,268,6250,6518
481,2016-07-19,275,6530,6805
481,2016-07-20,222,6346,6568
481,2016-07-22,276,5988,6264
481,2016-07-23,196,3788,3984
481,2016-07-24,62,3178,3240
481,2016-07-25,239,5779,6018
481,2016-07-26,243,6081,6324
481,2016-07-27,220,6140,6360
481,2016-07-29,169,5516,5685
481,2016-07-30,101,3681,3782
481,2016-07-31,55,2883,2938
481,2016-08-01,197,4892,5089
481,2016-08-02,178,4610,4788
481,2016-08-03,179,4885,5064
481,2016-08-05,171,4737,4908
481,2016-08-06,122,3270,3392
481,2016-08-07,53,2878,2931
481,2016-08-08,186,4566,4752
481,2016-08-09,166,4617,4783
481,2016-08-10,176,4583,4759
481,2016-08-12,202,4750,4952
481,2016-08-13,165,3541,3706
481,2016-08-14,71,2765,2836
481,2016-08-15,47,3320,3367
481,2016-08-16,177,4592,4769
481,2016-08-17,175,4701,4876
481,2016-08-19,190,4544,4734
481,2016-08-20,154,3347,3501
481,2016-08-21,60,2990,3050
481,2016-08-22,218,4836,5054
481,2016-08-23,240,5482,5722
481,2016-08-24,226,5713,5939
481,2016-08-26,226,5617,5843
481,2016-08-27,144,3655,3799
481,2016-08-28,66,3181,3247
481,2016-08-29,289,5486,5775
481,2016-08-30,366,5736,6102
481,2016-08-31,382,5889,6271
481,2016-09-02,283,6496,6779
481,2016-09-03,166,4365,4531
481,2016-09-04,62,2988,3050
481,2016-09-05,270,5722,5992
481,2016-09-06,257,6259,6516
481,2016-09-07,305,6469,6774
481,2016-09-09,259,6307,6566
481,2016-09-10,159,4216,4375
481,2016-09-11,78,3482,3560
481,2016-09-12,256,6312,6568
481,2016-09-13,270,6550,6820
481,2016-09-14,297,6593,6890
481,2016-09-16,294,6211,6505
481,2016-09-17,138,4256,4394
481,2016-09-18,63,3522,3585
481,2016-09-19,235,6129,6364
481,2016-09-20,266,6183,6449
481,2016-09-21,254,6321,6575
481,2016-09-23,236,6351,6587
481,2016-09-24,148,4641,4789
481,2016-09-25,123,3665,3788
481,2016-09-26,224,5863,6087
481,2016-09-27,302,6387,6689
481,2016-09-28,253,6327,6580
481,2016-09-30,277,6200,6477
481,2016-10-01,149,4496,4645
481,2016-10-02,78,3469,3547
481,2016-10-03,249,6053,6302
481,2016-10-04,239,6552,6791
481,2016-10-05,245,6269,6514
481,2016-10-07,294,6311,6605
481,2016-10-08,163,4444,4607
481,2016-10-09,65,3790,3855
481,2016-10-10,278,5826,6104
481,2016-10-11,266,6212,6478
481,2016-10-12,291,6148,6439
481,2016-10-14,290,6066,6356
481,2016-10-15,133,4433,4566
481,2016-10-16,84,3936,4020
481,2016-10-17,267,5872,6139
481,2016-10-18,281,6401,6682
481,2016-10-19,243,6111,6354
481,2016-10-21,266,6107,6373
481,2016-10-22,155,4554,4709
481,2016-10-23,128,3744,3872
481,2016-10-24,226,5808,6034
481,2016-10-25,212,6239,6451
481,2016-10-26,240,6148,6388
481,2016-10-28,267,6181,6448
481,2016-10-29,127,3990,4117
481,2016-10-30,55,3209,3264
481,2016-10-31,175,5134,5309
481,2016-11-01,39,3275,3314
481,2016-11-02,238,5632,5870
481,2016-11-04,294,5872,6166
481,2016-11-05,126,3866,3992
481,2016-11-06,64,3160,3224
481,2016-11-07,236,5888,6124
481,2016-11-08,231,6293,6524
481,2016-11-09,242,5874,6116
481,2016-11-11,222,6208,6430
481,2016-11-12,134,4427,4561
481,2016-11-13,74,3267,3341
481,2016-11-14,215,5666,5881
481,2016-11-15,227,5944,6171
481,2016-11-16,232,5877,6109
481,2016-11-18,254,6314,6568
481,2016-11-19,131,4368,4499
481,2016-11-20,62,3082,3144
481,2016-11-21,264,5960,6224
481,2016-11-22,246,6256,6502
481,2016-11-23,258,5900,6158
481,2016-11-25,243,6120,6363
481,2016-11-26,134,4410,4544
481,2016-11-27,58,3339,3397
481,2016-11-28,242,5735,5977
481,2016-11-29,238,6488,6726
481,2016-11-30,256,6429,6685
481,2016-12-02,230,6338,6568
481,2016-12-03,138,4539,4677
481,2016-12-04,64,3553,3617
481,2016-12-05,246,5912,6158
481,2016-12-06,227,5962,6189
481,2016-12-07,232,6062,6294
481,2016-12-09,287,6363,6650
481,2016-12-10,147,4413,4560
481,2016-12-11,76,3341,3417
481,2016-12-12,230,6060,6290
481,2016-12-13,261,6254,6515
481,2016-12-14,260,6272,6532
481,2016-12-16,250,6246,6496
481,2016-12-17,129,4260,4389
481,2016-12-18,51,3338,3389
481,2016-12-19,229,5816,6045
481,2016-12-20,212,6042,6254
481,2016-12-21,228,6011,6239
481,2016-12-23,212,5429,5641
481,2016-12-24,119,3427,3546
481,2016-12-25,39,2348,2387
481,2016-12-26,50,2214,2264
481,2016-12-27,156,3849,4005
481,2016-12-28,157,4071,4228
481,2016-12-30,142,3894,4036
481,2016-12-31,98,2761,2859
483,2016-01-02,184,3236,3420
483,2016-01-03,62,2570,2632
483,2016-01-04,317,6043,6360
483,2016-01-05,400,6538,6938
483,2016-01-06,359,6867,7226
483,2016-01-07,381,7164,7545
483,2016-01-09,211,3790,4001
483,2016-01-10,60,2577,2637
483,2016-01-11,414,6972,7386
483,2016-01-12,482,7412,7894
483,2016-01-13,558,7366,7924
483,2016-01-14,556,7209,7765
483,2016-01-16,178,3116,3294
483,2016-01-17,67,2690,2757
483,2016-01-18,466,7061,7527
483,2016-01-19,555,7530,8085
483,2016-01-20,570,7221,7791
483,2016-01-21,523,7463,7986
483,2016-01-23,204,3798,4002
483,2016-01-24,74,2899,2973
483,2016-01-25,482,7454,7936
483,2016-01-26,494,7562,8056
483,2016-01-27,534,7125,7659
483,2016-01-28,500,7620,8120
483,2016-01-30,180,2956,3136
483,2016-01-31,42,2394,2436
483,2016-02-01,542,7647,8189
483,2016-02-02,560,7588,8148
483,2016-02-03,536,7022,7558
483,2016-02-04,508,7656,8164
483,2016-02-06,272,4410,4682
483,2016-02-07,58,2889,2947
483,2016-02-08,368,5732,6100
483,2016-02-09,518,6238,6756
483,2016-02-10,494,6036,6530
483,2016-02-11,625,6754,7379
483,2016-02-13,204,3658,3862
483,2016-02-14,70,3155,3225
483,2016-02-15,586,6501,7087
483,2016-02-16,609,7223,7832
483,2016-02-17,628,7141,7769
483,2016-02-18,589,7315,7904
483,2016-02-20,207,3992,4199
483,2016-02-21,53,2836,2889
483,2016-02-22,628,7216,7844
483,2016-02-23,496,7610,8106
483,2016-02-24,627,7789,8416
483,2016-02-25,612,7742,8354
483,2016-02-27,237,4489,4726
483,2016-02-28,68,3148,3216
483,2016-02-29,629,7518,8147
483,2016-03-01,638,7731,8369
483,2016-03-02,512,7438,7950
483,2016-03-03,590,7563,8153
483,2016-03-05,492,6548,7040
483,2016-03-06,76,3344,3420
483,2016-03-07,630,7409,8039
483,2016-03-08,723,7825,8548
483,2016-03-09,734,7597,8331
483,2016-03-10,660,7859,8519
483,2016-03-12,245,4541,4786
483,2016-03-13,68,3773,3841
483,2016-03-14,692,7588,8280
483,2016-03-15,716,8124,8840
483,2016-03-16,731,7679,8410
483,2016-03-17,702,8210,8912
483,2016-03-19,369,6526,6895
483,2016-03-20,119,4749,4868
483,2016-03-21,644,7648,8292
483,2016-03-22,646,7923,8569
483,2016-03-23,668,7363,8031
483,2016-03-24,727,7879,8606
483,2016-03-26,249,4552,4801
483,2016-03-28,48,2150,2198
483,2016-03-29,484,6924,7408
483,2016-03-30,606,7397,8003
483,2016-03-31,500,7020,7520
483,2016-04-02,290,4546,4836
483,2016-04-03,64,3134,3198
483,2016-04-04,637,7061,7698
483,2016-04-05,536,6990,7526
483,2016-04-06,567,7102,7669
483,2016-04-07,494,7034,7528
483,2016-04-09,264,4679,4943
483,2016-04-10,81,4212,4293
483,2016-04-11,653,7143,7796
483,2016-04-12,552,8294,8846
483,2016-04-13,652,7684,8336
483,2016-04-14,701,8419,9120
483,2016-04-16,309,4903,5212
483,2016-04-17,70,3926,3996
483,2016-04-18,590,8101,8691
483,2016-04-19,793,8814,9607
483,2016-04-20,739,8642,9381
483,2016-04-21,710,8859,9569
483,2016-04-23,260,4442,4702
483,2016-04-24,84,3298,3382
483,2016-04-25,638,8069,8707
483,2016-04-26,516,8356,8872
483,2016-04-27,552,8152,8704
483,2016-04-28,608,8598,9206
483,2016-04-30,314,4082,4396
483,2016-05-01,66,3474,3540
483,2016-05-02,662,8376,9038
483,2016-05-03,636,8638,9274
483,2016-05-04,928,9528,10456
483,2016-05-05,86,4516,4602
483,2016-05-07,297,5015,5312
483,2016-05-08,97,4268,4365
483,2016-05-09,782,8147,8929
483,2016-05-10,636,8616,9252
483,2016-05-11,707,8288,8995
483,2016-05-12,706,8520,9226
483,2016-05-13,728,8678,9406
483,2016-05-15,60,2898,2958
483,2016-05-16,131,3424,3555
483,2016-05-17,671,8021,8692
483,2016-05-18,697,7655,8352
483,2016-05-19,672,7893,8565
483,2016-05-20,713,8046,8759
483,2016-05-22,81,3645,3726
483,2016-05-23,675,7945,8620
483,2016-05-24,646,8390,9036
483,2016-05-25,664,8437,9101
483,2016-05-26,540,8288,8828
483,2016-05-29,54,3858,3912
483,2016-05-30,336,7514,7850
483,2016-05-31,566,8494,9060
483,2016-06-01,550,9080,9630
483,2016-06-02,602,10874,11476
483,2016-06-03,738,10350,11088
483,2016-06-05,54,3664,3718
483,2016-06-06,654,9594,10248
483,2016-06-07,692,10218,10910
483,2016-06-08,658,10088,10746
483,2016-06-09,742,10476,11218
483,2016-06-10,710,9820,10530
483,2016-06-12,60,3464,3524
483,2016-06-13,574,9422,9996
483,2016-06-14,582,9720,10302
483,2016-06-15,608,9558,10166
483,2016-06-16,638,9542,10180
483,2016-06-19,84,4173,4257
483,2016-06-20,662,8679,9341
483,2016-06-21,769,9498,10267
483,2016-06-22,699,9315,10014
483,2016-06-23,106,4634,4740
483,2016-06-24,390,7022,7412
483,2016-06-25,188,3690,3878
483,2016-06-27,658,8783,9441
483,2016-06-28,636,9630,10266
483,2016-06-29,624,9433,10057
483,2016-06-30,608,9589,10197
483,2016-07-01,614,9206,9820
483,2016-07-02,244,4430,4674
483,2016-07-04,535,8690,9225
483,2016-07-05,664,9545,10209
483,2016-07-06,627,9009,9636
483,2016-07-07,701,10106,10807
483,2016-07-08,684,9885,10569
483,2016-07-09,350,6866,7216
483,2016-07-11,610,9416,10026
483,2016-07-12,646,9657,10303
483,2016-07-13,590,9418,10008
483,2016-07-14,660,9156,9816
483,2016-07-15,651,9295,9946
483,2016-07-16,278,5356,5634
483,2016-07-17,107,4577,4684
483,2016-07-19,589,9149,9738
483,2016-07-20,480,8728,9208
483,2016-07-21,464,8488,8952
483,2016-07-22,478,8466,8944
483,2016-07-23,204,4090,4294
483,2016-07-24,80,4197,4277
483,2016-07-25,530,8422,8952
483,2016-07-27,555,7266,7821
483,2016-07-28,468,7416,7884
483,2016-07-29,384,7131,7515
483,2016-07-30,249,4379,4628
483,2016-07-31,109,3568,3677
483,2016-08-01,397,6424,6821
483,2016-08-03,385,6257,6642
483,2016-08-04,378,5911,6289
483,2016-08-05,386,6208,6594
483,2016-08-06,249,4287,4536
483,2016-08-07,122,3970,4092
483,2016-08-08,361,5602,5963
483,2016-08-10,264,4722,4986
483,2016-08-11,384,5449,5833
483,2016-08-12,377,5633,6010
483,2016-08-13,268,4028,4296
483,2016-08-14,112,3432,3544
483,2016-08-15,99,3552,3651
483,2016-08-17,399,6185,6584
483,2016-08-18,376,5675,6051
483,2016-08-19,374,5754,6128
483,2016-08-20,238,3741,3979
483,2016-08-21,72,2930,3002
483,2016-08-22,413,6081,6494
483,2016-08-23,463,6680,7143
483,2016-08-25,466,6633,7099
483,2016-08-26,515,6670,7185
483,2016-08-27,248,4139,4387
483,2016-08-28,106,3253,3359
483,2016-08-29,470,6884,7354
483,2016-08-30,495,7657,8152
483,2016-09-01,608,7743,8351
483,2016-09-02,749,10257,11006
483,2016-09-03,1180,12448,13628
483,2016-09-04,600,14682,15282
483,2016-09-05,607,8212,8819
483,2016-09-06,563,8697,9260
483,2016-09-08,589,8771,9360
483,2016-09-09,592,8815,9407
483,2016-09-10,284,5367,5651
483,2016-09-11,87,3840,3927
483,2016-09-12,584,8338,8922
483,2016-09-13,566,8814,9380
483,2016-09-15,530,8343,8873
483,2016-09-16,570,8690,9260
483,2016-09-17,291,5189,5480
483,2016-09-18,58,3578,3636
483,2016-09-19,627,8475,9102
483,2016-09-20,600,8956,9556
483,2016-09-22,680,9398,10078
483,2016-09-23,649,8916,9565
483,2016-09-24,302,5841,6143
483,2016-09-25,98,4921,5019
483,2016-09-26,502,7746,8248
483,2016-09-27,615,8807,9422
483,2016-09-29,593,8798,9391
483,2016-09-30,554,8126,8680
483,2016-10-01,290,5416,5706
483,2016-10-02,54,3248,3302
483,2016-10-03,549,8043,8592
483,2016-10-04,611,8638,9249
483,2016-10-06,484,7340,7824
483,2016-10-07,632,8582,9214
483,2016-10-08,190,3990,4180
483,2016-10-09,196,5732,5928
483,2016-10-10,555,7870,8425
483,2016-10-11,629,8310,8939
483,2016-10-13,440,7556,7996
483,2016-10-14,588,8199,8787
483,2016-10-15,258,5024,5282
483,2016-10-16,86,4681,4767
483,2016-10-17,493,7681,8174
483,2016-10-18,500,7868,8368
483,2016-10-20,460,7352,7812
483,2016-10-21,577,8174,8751
483,2016-10-22,241,4965,5206
483,2016-10-23,62,3028,3090
483,2016-10-24,430,6860,7290
483,2016-10-25,627,7796,8423
483,2016-10-27,670,9629,10299
483,2016-10-28,650,8559,9209
483,2016-10-29,288,5176,5464
483,2016-10-30,73,4195,4268
483,2016-10-31,396,6437,6833
483,2016-11-01,73,3761,3834
483,2016-11-03,574,7860,8434
483,2016-11-04,444,6728,7172
483,2016-11-05,196,3816,4012
483,2016-11-06,78,4044,4122
483,2016-11-07,505,8103,8608
483,2016-11-08,598,8464,9062
483,2016-11-10,458,7628,8086
483,2016-11-11,436,7022,7458
483,2016-11-12,241,4760,5001
483,2016-11-13,73,3276,3349
483,2016-11-14,591,8004,8595
483,2016-11-15,550,8013,8563
483,2016-11-17,583,8402,8985
483,2016-11-18,448,7490,7938
483,2016-11-19,241,4478,4719
483,2016-11-20,63,3201,3264
483,2016-11-21,432,7522,7954
483,2016-11-22,452,7286,7738
483,2016-11-24,641,8216,8857
483,2016-11-25,618,8240,8858
483,2016-11-26,255,4800,5055
483,2016-11-27,74,3339,3413
483,2016-11-28,549,7777,8326
483,2016-11-29,617,8082,8699
483,2016-12-01,635,8014,8649
483,2016-12-02,945,10467,11412
483,2016-12-03,1755,15109,16864
483,2016-12-04,523,12692,13215
483,2016-12-05,552,7714,8266
483,2016-12-06,625,7753,8378
483,2016-12-08,626,8086,8712
483,2016-12-09,596,8155,8751
483,2016-12-10,224,4909,5133
483,2016-12-11,63,3453,3516
483,2016-12-12,518,7544,8062
483,2016-12-13,601,7877,8478
483,2016-12-15,376,7614,7990
483,2016-12-16,553,8296,8849
483,2016-12-17,216,4809,5025
483,2016-12-18,59,3346,3405
483,2016-12-19,546,7136,7682
483,2016-12-20,545,7438,7983
483,2016-12-22,458,7373,7831
483,2016-12-23,405,6955,7360
483,2016-12-24,170,3508,3678
483,2016-12-25,51,2578,2629
483,2016-12-26,34,2036,2070
483,2016-12-27,273,4743,5016
483,2016-12-29,277,4746,5023
483,2016-12-30,283,4826,5109
483,2016-12-31,157,3169,3326
484,2016-01-01,13,2651,2664
484,2016-01-02,84,2888,2972
484,2016-01-03,30,2918,2948
484,2016-01-04,170,4846,5016
484,2016-01-05,204,5002,5206
484,2016-01-06,268,6435,6703
484,2016-01-08,298,7118,7416
484,2016-01-09,125,4561,4686
484,2016-01-10,20,3024,3044
484,2016-01-11,270,5496,5766
484,2016-01-12,431,7687,8118
484,2016-01-13,469,7363,7832
484,2016-01-15,269,5884,6153
484,2016-01-16,110,4536,4646
484,2016-01-17,24,3237,3261
484,2016-01-18,407,7044,7451
484,2016-01-19,284,5660,5944
484,2016-01-20,514,7071,7585
484,2016-01-23,99,4481,4580
484,2016-01-24,33,3327,3360
484,2016-01-25,439,7579,8018
484,2016-01-26,441,7571,8012
484,2016-01-27,469,7384,7853
484,2016-01-29,457,7854,8311
484,2016-01-31,34,3692,3726
484,2016-02-01,552,7210,7762
484,2016-02-02,532,9482,10014
484,2016-02-03,526,9278,9804
484,2016-02-05,425,7611,8036
484,2016-02-06,147,4724,4871
484,2016-02-07,31,3168,3199
484,2016-02-10,410,6756,7166
484,2016-02-12,474,6799,7273
484,2016-02-13,134,3938,4072
484,2016-02-14,21,3801,3822
484,2016-02-15,496,7063,7559
484,2016-02-16,544,7577,8121
484,2016-02-17,636,7286,7922
484,2016-02-19,432,7492,7924
484,2016-02-20,114,4862,4976
484,2016-02-21,26,3377,3403
484,2016-02-22,498,7169,7667
484,2016-02-23,538,7745,8283
484,2016-02-24,576,7446,8022
484,2016-02-26,772,9788,10560
484,2016-02-27,171,5343,5514
484,2016-02-28,29,4037,4066
484,2016-02-29,476,7554,8030
484,2016-03-01,808,9100,9908
484,2016-03-04,316,6102,6418
484,2016-03-05,128,5892,6020
484,2016-03-06,31,3705,3736
484,2016-03-07,606,9058,9664
484,2016-03-08,678,9738,10416
484,2016-03-09,543,7761,8304
484,2016-03-11,565,8024,8589
484,2016-03-12,174,5788,5962
484,2016-03-13,42,4290,4332
484,2016-03-14,549,7289,7838
484,2016-03-15,792,9910,10702
484,2016-03-16,601,8011,8612
484,2016-03-18,636,8840,9476
484,2016-03-19,278,7847,8125
484,2016-03-20,64,5888,5952
484,2016-03-21,585,7466,8051
484,2016-03-22,750,7719,8469
484,2016-03-23,616,8068,8684
484,2016-03-25,460,7640,8100
484,2016-03-26,143,5316,5459
484,2016-03-28,134,2684,2818
484,2016-03-29,447,7463,7910
484,2016-03-30,418,7441,7859
484,2016-04-01,455,7897,8352
484,2016-04-02,192,5612,5804
484,2016-04-03,32,3594,3626
484,2016-04-04,441,7521,7962
484,2016-04-05,395,7459,7854
484,2016-04-06,392,7813,8205
484,2016-04-08,389,7961,8350
484,2016-04-09,172,5898,6070
484,2016-04-10,43,5051,5094
484,2016-04-11,584,7585,8169
484,2016-04-12,344,6418,6762
484,2016-04-13,466,7842,8308
484,2016-04-15,506,8212,8718
484,2016-04-16,188,5737,5925
484,2016-04-17,47,4739,4786
484,2016-04-18,461,7848,8309
484,2016-04-19,539,8414,8953
484,2016-04-20,814,10150,10964
484,2016-04-22,836,9838,10674
484,2016-04-23,182,6562,6744
484,2016-04-24,76,4602,4678
484,2016-04-25,422,7664,8086
484,2016-04-26,562,9526,10088
484,2016-04-27,558,9944,10502
484,2016-04-29,467,8414,8881
484,2016-04-30,202,5834,6036
484,2016-05-01,26,4324,4350
484,2016-05-02,448,8157,8605
484,2016-05-03,598,10480,11078
484,2016-05-06,320,7676,7996
484,2016-05-07,218,6327,6545
484,2016-05-08,56,5242,5298
484,2016-05-09,566,8108,8674
484,2016-05-10,412,6512,6924
484,2016-05-11,514,8610,9124
484,2016-05-13,408,6996,7404
484,2016-05-14,179,5731,5910
484,2016-05-15,37,4053,4090
484,2016-05-16,45,3663,3708
484,2016-05-17,475,7480,7955
484,2016-05-18,502,7704,8206
484,2016-05-20,473,8169,8642
484,2016-05-21,229,6346,6575
484,2016-05-22,30,4188,4218
484,2016-05-23,544,7959,8503
484,2016-05-24,502,8363,8865
484,2016-05-25,540,8545,9085
484,2016-05-27,366,7014,7380
484,2016-05-28,172,5370,5542
484,2016-05-29,100,6510,6610
484,2016-05-31,473,9011,9484
484,2016-06-01,498,8482,8980
484,2016-06-03,450,7166,7616
484,2016-06-04,214,5272,5486
484,2016-06-05,33,4502,4535
484,2016-06-06,346,6560,6906
484,2016-06-07,338,6714,7052
484,2016-06-08,528,8519,9047
484,2016-06-10,527,9371,9898
484,2016-06-11,154,6249,6403
484,2016-06-12,54,5154,5208
484,2016-06-13,370,6100,6470
484,2016-06-14,374,6444,6818
484,2016-06-15,380,6064,6444
484,2016-06-17,524,8438,8962
484,2016-06-18,150,5502,5652
484,2016-06-19,26,4751,4777
484,2016-06-20,364,6026,6390
484,2016-06-21,569,8400,8969
484,2016-06-22,511,8477,8988
484,2016-06-24,379,6688,7067
484,2016-06-25,150,4893,5043
484,2016-06-26,51,4447,4498
484,2016-06-27,581,7607,8188
484,2016-06-28,462,8547,9009
484,2016-06-29,561,8558,9119
484,2016-07-01,552,8673,9225
484,2016-07-02,191,5971,6162
484,2016-07-03,56,4544,4600
484,2016-07-04,376,6012,6388
484,2016-07-05,496,8535,9031
484,2016-07-06,521,8640,9161
484,2016-07-08,698,10724,11422
484,2016-07-09,398,8611,9009
484,2016-07-10,72,5414,5486
484,2016-07-11,622,8337,8959
484,2016-07-12,517,8550,9067
484,2016-07-13,506,8233,8739
484,2016-07-15,538,10068,10606
484,2016-07-16,196,5580,5776
484,2016-07-17,47,4769,4816
484,2016-07-18,473,7607,8080
484,2016-07-19,537,8068,8605
484,2016-07-20,561,7879,8440
484,2016-07-22,340,6840,7180
484,2016-07-23,128,4418,4546
484,2016-07-24,54,4464,4518
484,2016-07-25,452,7486,7938
484,2016-07-26,474,7417,7891
484,2016-07-27,672,7649,8321
484,2016-07-29,326,6976,7302
484,2016-07-30,189,4992,5181
484,2016-07-31,98,4267,4365
484,2016-08-01,306,5877,6183
484,2016-08-02,278,5734,6012
484,2016-08-03,277,6014,6291
484,2016-08-05,288,6001,6289
484,2016-08-06,156,4583,4739
484,2016-08-07,115,4495,4610
484,2016-08-08,313,5458,5771
484,2016-08-09,285,5488,5773
484,2016-08-10,286,5279,5565
484,2016-08-12,248,5596,5844
484,2016-08-13,152,4445,4597
484,2016-08-14,57,4174,4231
484,2016-08-15,75,4278,4353
484,2016-08-16,394,7090,7484
484,2016-08-17,286,6278,6564
484,2016-08-19,242,5511,5753
484,2016-08-20,149,4234,4383
484,2016-08-21,176,3767,3943
484,2016-08-22,351,5785,6136
484,2016-08-23,364,6386,6750
484,2016-08-24,344,6283,6627
484,2016-08-26,319,6310,6629
484,2016-08-27,130,4298,4428
484,2016-08-28,58,3299,3357
484,2016-08-29,398,6691,7089
484,2016-08-30,380,7007,7387
484,2016-08-31,391,6899,7290
484,2016-09-01,608,7743,8351
484,2016-09-02,749,10257,11006
484,2016-09-03,1180,12448,13628
484,2016-09-04,600,14682,15282
484,2016-09-05,607,8212,8819
484,2016-09-06,563,8697,9260
484,2016-09-08,589,8771,9360
484,2016-09-09,592,8815,9407
484,2016-09-10,284,5367,5651
484,2016-09-11,87,3840,3927
484,2016-09-12,584,8338,8922
484,2016-09-13,566,8814,9380
484,2016-09-16,430,5850,6280
484,2016-09-17,127,4359,4486
484,2016-09-18,27,3178,3205
484,2016-09-19,422,5509,5931
484,2016-09-20,336,6087,6423
484,2016-09-21,502,5674,6176
484,2016-09-23,356,6176,6532
484,2016-09-24,174,5003,5177
484,2016-09-25,32,4328,4360
484,2016-09-26,331,5396,5727
484,2016-09-27,380,5923,6303
484,2016-09-28,549,5864,6413
484,2016-09-30,360,5916,6276
484,2016-10-01,196,4495,4691
484,2016-10-02,35,3348,3383
484,2016-10-03,410,5335,5745
484,2016-10-04,336,5925,6261
484,2016-10-05,429,6367,6796
484,2016-10-07,320,6313,6633
484,2016-10-08,122,3256,3378
484,2016-10-09,108,5070,5178
484,2016-10-10,493,5412,5905
484,2016-10-11,392,5579,5971
484,2016-10-12,338,5808,6146
484,2016-10-14,288,4824,5112
484,2016-10-15,122,3869,3991
484,2016-10-16,23,3494,3517
484,2016-10-17,291,5299,5590
484,2016-10-18,297,5733,6030
484,2016-10-19,332,5459,5791
484,2016-10-21,289,5798,6087
484,2016-10-22,119,3779,3898
484,2016-10-23,16,2464,2480
484,2016-10-24,246,4960,5206
484,2016-10-25,287,5828,6115
484,2016-10-26,492,5660,6152
484,2016-10-28,378,5962,6340
484,2016-10-29,131,4556,4687
484,2016-10-30,34,3424,3458
484,2016-10-31,213,4774,4987
484,2016-11-01,30,2939,2969
484,2016-11-02,303,4976,5279
484,2016-11-04,260,5168,5428
484,2016-11-05,196,6195,6391
484,2016-11-06,47,4403,4450
484,2016-11-07,367,5255,5622
484,2016-11-08,323,5559,5882
484,2016-11-09,256,4410,4666
484,2016-11-11,326,5312,5638
484,2016-11-12,118,3761,3879
484,2016-11-13,22,2474,2496
484,2016-11-14,377,5162,5539
484,2016-11-15,348,5491,5839
484,2016-11-16,326,5457,5783
484,2016-11-18,358,5030,5388
484,2016-11-19,100,3376,3476
484,2016-11-20,14,1742,1756
484,2016-11-21,232,4330,4562
484,2016-11-22,334,4450,4784
484,2016-11-23,293,5570,5863
484,2016-11-25,266,5917,6183
484,2016-11-26,126,3388,3514
484,2016-11-27,18,2550,2568
484,2016-11-28,383,5197,5580
484,2016-11-29,306,5665,5971
484,2016-11-30,418,5372,5790
484,2016-12-02,552,7809,8361
484,2016-12-03,1701,15585,17286
484,2016-12-04,362,11912,12274
484,2016-12-05,295,5420,5715
484,2016-12-06,269,5212,5481
484,2016-12-07,303,5463,5766
484,2016-12-09,332,5396,5728
484,2016-12-10,115,3577,3692
484,2016-12-11,20,2460,2480
484,2016-12-12,280,4819,5099
484,2016-12-13,330,5216,5546
484,2016-12-14,386,5227,5613
484,2016-12-16,272,5403,5675
484,2016-12-17,117,3387,3504
484,2016-12-18,17,2226,2243
484,2016-12-19,411,4516,4927
484,2016-12-20,287,5166,5453
484,2016-12-21,298,4633,4931
484,2016-12-23,199,4540,4739
484,2016-12-24,71,2588,2659
484,2016-12-25,14,2063,2077
484,2016-12-26,14,1753,1767
484,2016-12-27,143,2991,3134
484,2016-12-28,139,2893,3032
484,2016-12-30,121,3124,3245
484,2016-12-31,88,2102,2190
485,2016-01-01,48,2890,2938
485,2016-01-02,123,4062,4185
485,2016-01-03,54,3034,3088
485,2016-01-04,159,5251,5410
485,2016-01-05,170,5760,5930
485,2016-01-06,146,5434,5580
485,2016-01-08,154,6214,6368
485,2016-01-09,130,4994,5124
485,2016-01-10,64,3626,3690
485,2016-01-12,156,6252,6408
485,2016-01-13,165,5778,5943
485,2016-01-15,140,5256,5396
485,2016-01-16,161,4961,5122
485,2016-01-17,55,3720,3775
485,2016-01-18,168,5558,5726
485,2016-01-19,207,5881,6088
485,2016-01-20,172,5630,5802
487,2016-01-01,73,4306,4379
487,2016-01-02,199,5073,5272
487,2016-01-03,106,4437,4543
487,2016-01-04,347,7611,7958
487,2016-01-05,312,8444,8756
487,2016-01-06,407,8110,8517
487,2016-01-08,419,8405,8824
487,2016-01-09,249,6409,6658
487,2016-01-10,93,4665,4758
487,2016-01-11,495,8163,8658
487,2016-01-12,364,9272,9636
487,2016-01-13,392,8574,8966
487,2016-01-15,308,6064,6372
487,2016-01-16,239,5918,6157
487,2016-01-17,62,4654,4716
487,2016-01-18,417,7883,8300
487,2016-01-19,399,8434,8833
487,2016-01-20,399,8207,8606
487,2016-01-22,450,7877,8327
487,2016-01-23,251,6153,6404
487,2016-01-24,84,4966,5050
487,2016-01-25,492,8257,8749
487,2016-01-26,494,8575,9069
487,2016-01-27,490,8443,8933
487,2016-01-29,510,8918,9428
487,2016-01-30,320,6260,6580
487,2016-01-31,86,4992,5078
487,2016-02-01,490,8416,8906
487,2016-02-02,466,8566,9032
487,2016-02-03,324,8768,9092
487,2016-02-05,466,8795,9261
487,2016-02-06,252,6638,6890
487,2016-02-07,71,4942,5013
487,2016-02-08,426,7104,7530
487,2016-02-09,398,7454,7852
487,2016-02-10,438,7555,7993
487,2016-02-12,494,7750,8244
487,2016-02-13,318,5914,6232
487,2016-02-14,101,5228,5329
487,2016-02-15,485,8037,8522
487,2016-02-16,500,8696,9196
487,2016-02-17,515,8154,8669
487,2016-02-19,552,8382,8934
487,2016-02-20,242,6273,6515
487,2016-02-21,95,4896,4991
487,2016-02-22,398,8414,8812
487,2016-02-23,352,8740,9092
487,2016-02-24,479,8605,9084
487,2016-02-26,547,9003,9550
487,2016-02-27,276,7293,7569
487,2016-02-28,134,5628,5762
487,2016-02-29,548,8522,9070
487,2016-03-01,499,8631,9130
487,2016-03-02,444,8756,9200
487,2016-03-04,497,8634,9131
487,2016-03-05,237,6775,7012
487,2016-03-06,99,4892,4991
487,2016-03-07,483,8220,8703
487,2016-03-08,366,9090,9456
487,2016-03-09,518,8763,9281
487,2016-03-11,504,9154,9658
487,2016-03-12,254,7360,7614
487,2016-03-13,100,6047,6147
487,2016-03-14,515,8602,9117
487,2016-03-15,560,8801,9361
487,2016-03-16,503,8446,8949
487,2016-03-18,553,9146,9699
487,2016-03-19,302,7485,7787
487,2016-03-20,102,5881,5983
487,2016-03-21,512,8521,9033
487,2016-03-22,527,8718,9245
487,2016-03-23,483,8686,9169
487,2016-03-25,464,8832,9296
487,2016-03-26,277,7141,7418
487,2016-03-28,68,4512,4580
487,2016-03-29,421,8032,8453
487,2016-03-30,461,8130,8591
487,2016-04-01,346,8866,9212
487,2016-04-02,273,7032,7305
487,2016-04-03,99,5343,5442
487,2016-04-04,444,8091,8535
487,2016-04-05,435,8218,8653
487,2016-04-06,338,8782,9120
487,2016-04-08,439,8536,8975
487,2016-04-09,284,7515,7799
487,2016-04-10,105,6358,6463
487,2016-04-11,364,8810,9174
487,2016-04-12,338,9318,9656
487,2016-04-13,475,8710,9185
487,2016-04-15,502,9216,9718
487,2016-04-16,299,7564,7863
487,2016-04-17,101,6296,6397
487,2016-04-18,463,8845,9308
487,2016-04-19,497,9319,9816
487,2016-04-20,499,9294,9793
487,2016-04-22,406,9702,10108
487,2016-04-23,222,7798,8020
487,2016-04-24,94,5934,6028
487,2016-04-25,486,8637,9123
487,2016-04-26,577,9379,9956
487,2016-04-27,428,9090,9518
487,2016-04-29,524,9322,9846
487,2016-04-30,258,7896,8154
487,2016-05-01,64,6266,6330
487,2016-05-02,579,8918,9497
487,2016-05-03,468,9488,9956
487,2016-05-04,641,10111,10752
487,2016-05-06,411,8790,9201
487,2016-05-07,280,7440,7720
487,2016-05-08,93,6289,6382
487,2016-05-09,485,8872,9357
487,2016-05-10,434,9504,9938
487,2016-05-11,479,9116,9595
487,2016-05-13,408,9594,10002
487,2016-05-14,253,6977,7230
487,2016-05-15,95,5495,5590
487,2016-05-16,70,5404,5474
487,2016-05-17,452,8035,8487
487,2016-05-18,479,8102,8581
487,2016-05-20,476,8955,9431
487,2016-05-21,428,10587,11015
487,2016-05-22,143,7904,8047
487,2016-05-23,451,8928,9379
487,2016-05-24,545,9065,9610
487,2016-05-25,487,9019,9506
487,2016-05-27,432,9990,10422
487,2016-05-28,224,7920,8144
487,2016-05-29,99,5010,5109
487,2016-05-30,352,8820,9172
487,2016-05-31,480,9418,9898
487,2016-06-01,384,9476,9860
487,2016-06-03,446,9818,10264
487,2016-06-04,228,7778,8006
487,2016-06-05,128,5985,6113
487,2016-06-06,350,9306,9656
487,2016-06-07,404,8616,9020
487,2016-06-08,380,9470,9850
487,2016-06-10,414,9848,10262
487,2016-06-11,220,7758,7978
487,2016-06-12,158,6203,6361
487,2016-06-13,398,9218,9616
487,2016-06-14,540,9252,9792
487,2016-06-15,494,9272,9766
487,2016-06-17,456,9904,10360
487,2016-06-18,307,7221,7528
487,2016-06-19,113,6095,6208
487,2016-06-20,521,8687,9208
487,2016-06-21,508,9482,9990
487,2016-06-22,588,9071,9659
487,2016-06-24,453,8233,8686
487,2016-06-25,190,7070,7260
487,2016-06-26,100,5777,5877
487,2016-06-27,520,8524,9044
487,2016-06-28,544,9366,9910
487,2016-06-29,573,9343,9916
487,2016-07-01,450,9618,10068
487,2016-07-02,305,6751,7056
487,2016-07-03,106,5168,5274
487,2016-07-04,527,8882,9409
487,2016-07-05,410,10044,10454
487,2016-07-06,428,9750,10178
487,2016-07-08,486,9530,10016
487,2016-07-09,283,8003,8286
487,2016-07-10,101,5796,5897
487,2016-07-11,495,9165,9660
487,2016-07-12,446,9768,10214
487,2016-07-13,406,9332,9738
487,2016-07-15,468,9403,9871
487,2016-07-16,267,7134,7401
487,2016-07-17,84,5791,5875
487,2016-07-18,128,3761,3889
487,2016-07-19,88,2997,3085
487,2016-07-20,63,2543,2606
487,2016-07-22,70,2984,3054
487,2016-07-23,194,4696,4890
487,2016-07-24,82,4296,4378
487,2016-07-25,344,6272,6616
487,2016-07-26,403,6988,7391
487,2016-07-27,400,7394,7794
487,2016-07-29,349,7173,7522
487,2016-07-30,190,5474,5664
487,2016-07-31,89,4844,4933
487,2016-08-01,281,6155,6436
487,2016-08-02,283,6293,6576
487,2016-08-03,278,6380,6658
487,2016-08-05,284,6102,6386
487,2016-08-06,173,4993,5166
487,2016-08-07,70,4021,4091
487,2016-08-08,267,5859,6126
487,2016-08-09,276,6248,6524
487,2016-08-10,220,6146,6366
487,2016-08-12,283,5673,5956
487,2016-08-13,183,4499,4682
487,2016-08-14,79,3894,3973
487,2016-08-15,59,3732,3791
487,2016-08-16,266,6130,6396
487,2016-08-17,264,6212,6476
487,2016-08-19,307,6100,6407
487,2016-08-20,182,5068,5250
487,2016-08-21,74,4063,4137
487,2016-08-22,301,6638,6939
487,2016-08-23,325,6926,7251
487,2016-08-24,302,6884,7186
487,2016-08-26,325,7080,7405
487,2016-08-27,286,5564,5850
487,2016-08-28,80,4380,4460
487,2016-08-29,360,7287,7647
487,2016-08-30,387,8079,8466
487,2016-08-31,390,7751,8141
487,2016-09-02,446,8049,8495
487,2016-09-03,241,6135,6376
487,2016-09-04,66,4850,4916
487,2016-09-05,395,7808,8203
487,2016-09-06,414,8590,9004
487,2016-09-07,380,8230,8610
487,2016-09-09,410,8527,8937
487,2016-09-10,239,6487,6726
487,2016-09-11,106,5570,5676
487,2016-09-12,377,8456,8833
487,2016-09-13,391,8745,9136
487,2016-09-14,458,8459,8917
487,2016-09-16,471,9288,9759
487,2016-09-17,294,7459,7753
487,2016-09-18,111,5425,5536
487,2016-09-19,431,8744,9175
487,2016-09-20,456,9548,10004
487,2016-09-21,463,8826,9289
487,2016-09-23,489,9184,9673
487,2016-09-24,279,7651,7930
487,2016-09-25,88,6069,6157
487,2016-09-26,489,8570,9059
487,2016-09-27,412,9826,10238
487,2016-09-28,514,8942,9456
487,2016-09-30,529,9181,9710
487,2016-10-01,186,7252,7438
487,2016-10-02,102,5693,5795
487,2016-10-03,512,8871,9383
487,2016-10-04,561,9292,9853
487,2016-10-05,478,8881,9359
487,2016-10-07,522,9240,9762
487,2016-10-08,254,6837,7091
487,2016-10-09,88,5022,5110
487,2016-10-10,493,8674,9167
487,2016-10-11,493,9081,9574
487,2016-10-12,513,8905,9418
487,2016-10-14,546,9102,9648
487,2016-10-15,391,6904,7295
487,2016-10-16,91,5816,5907
487,2016-10-17,484,8563,9047
487,2016-10-18,402,9440,9842
487,2016-10-19,558,8693,9251
487,2016-10-21,547,9219,9766
487,2016-10-22,263,7378,7641
487,2016-10-23,111,5943,6054
487,2016-10-24,362,8628,8990
487,2016-10-25,482,9067,9549
487,2016-10-26,485,8984,9469
487,2016-10-28,480,9238,9718
487,2016-10-29,238,7286,7524
487,2016-10-30,87,5829,5916
487,2016-10-31,368,7733,8101
487,2016-11-01,138,5703,5841
487,2016-11-02,472,7973,8445
487,2016-11-04,456,11246,11702
487,2016-11-05,481,11636,12117
487,2016-11-06,161,8107,8268
487,2016-11-07,408,9546,9954
487,2016-11-08,420,9916,10336
487,2016-11-09,404,9088,9492
487,2016-11-11,535,9153,9688
487,2016-11-12,269,7153,7422
487,2016-11-13,88,5500,5588
487,2016-11-14,479,8534,9013
487,2016-11-15,520,9032,9552
487,2016-11-16,471,8870,9341
487,2016-11-18,354,9600,9954
487,2016-11-19,252,7095,7347
487,2016-11-20,102,5109,5211
487,2016-11-21,374,8848,9222
487,2016-11-22,378,9442,9820
487,2016-11-23,498,9072,9570
487,2016-11-25,521,9479,10000
487,2016-11-26,254,7261,7515
487,2016-11-27,102,5772,5874
487,2016-11-28,448,8942,9390
487,2016-11-29,575,9505,10080
487,2016-11-30,523,9331,9854
487,2016-12-02,533,9519,10052
487,2016-12-03,261,7362,7623
487,2016-12-04,86,5690,5776
487,2016-12-05,483,8711,9194
487,2016-12-06,479,8978,9457
487,2016-12-07,538,8704,9242
487,2016-12-09,538,9117,9655
487,2016-12-10,290,7319,7609
487,2016-12-11,111,5589,5700
487,2016-12-12,498,8668,9166
487,2016-12-13,510,9200,9710
487,2016-12-14,521,9112,9633
487,2016-12-16,540,9372,9912
487,2016-12-17,243,7138,7381
487,2016-12-18,119,5325,5444
487,2016-12-19,504,8620,9124
487,2016-12-20,516,9114,9630
487,2016-12-21,456,8908,9364
487,2016-12-23,396,8537,8933
487,2016-12-24,209,6526,6735
487,2016-12-25,82,4715,4797
487,2016-12-26,94,4317,4411
487,2016-12-27,220,6189,6409
487,2016-12-28,244,6022,6266
487,2016-12-30,275,6238,6513
487,2016-12-31,181,5029,5210
488,2016-01-01,46,2509,2555
488,2016-01-02,142,2870,3012
488,2016-01-03,44,2638,2682
488,2016-01-04,214,4480,4694
488,2016-01-05,242,4658,4900
488,2016-01-06,267,4739,5006
488,2016-01-08,275,4950,5225
488,2016-01-09,163,3519,3682
488,2016-01-10,46,2812,2858
488,2016-01-11,322,4858,5180
488,2016-01-12,308,4904,5212
488,2016-01-13,312,5094,5406
488,2016-01-15,172,3940,4112
488,2016-01-16,194,3418,3612
488,2016-01-17,42,2637,2679
488,2016-01-18,312,4720,5032
488,2016-01-19,298,4965,5263
488,2016-01-20,299,4825,5124
488,2016-01-22,305,4811,5116
488,2016-01-23,150,3503,3653
488,2016-01-24,42,2877,2919
488,2016-01-25,285,4987,5272
488,2016-01-26,272,5159,5431
488,2016-01-27,319,5106,5425
488,2016-01-29,299,5486,5785
488,2016-01-30,152,3606,3758
488,2016-01-31,41,2924,2965
488,2016-02-01,273,5226,5499
488,2016-02-02,232,5204,5436
488,2016-02-03,220,4956,5176
488,2016-02-05,266,5333,5599
488,2016-02-06,158,3671,3829
488,2016-02-07,61,2835,2896
488,2016-02-08,262,4024,4286
488,2016-02-09,292,4248,4540
488,2016-02-10,303,4526,4829
488,2016-02-12,291,4619,4910
488,2016-02-13,158,3346,3504
488,2016-02-14,40,3056,3096
488,2016-02-15,286,4778,5064
488,2016-02-16,271,5113,5384
488,2016-02-17,265,4843,5108
488,2016-02-19,296,5019,5315
488,2016-02-20,160,3592,3752
488,2016-02-21,53,3642,3695
488,2016-02-22,260,4957,5217
488,2016-02-23,254,5128,5382
488,2016-02-24,258,5082,5340
488,2016-02-26,338,5384,5722
488,2016-02-27,145,4055,4200
488,2016-02-28,62,3199,3261
488,2016-02-29,286,5053,5339
488,2016-03-01,249,5082,5331
488,2016-03-02,282,5058,5340
488,2016-03-04,234,5180,5414
488,2016-03-05,137,3816,3953
488,2016-03-06,36,2835,2871
488,2016-03-07,212,4844,5056
488,2016-03-08,213,5144,5357
488,2016-03-09,250,5199,5449
488,2016-03-11,255,5406,5661
488,2016-03-12,136,4044,4180
488,2016-03-13,46,3533,3579
488,2016-03-14,283,5052,5335
488,2016-03-15,283,5186,5469
488,2016-03-16,254,5027,5281
488,2016-03-18,283,5479,5762
488,2016-03-19,150,4180,4330
488,2016-03-20,53,3448,3501
488,2016-03-21,258,5152,5410
488,2016-03-22,258,5284,5542
488,2016-03-23,238,5289,5527
488,2016-03-25,205,5444,5649
488,2016-03-26,144,4002,4146
488,2016-03-28,38,2670,2708
488,2016-03-29,202,5092,5294
488,2016-03-30,186,4980,5166
488,2016-04-01,202,5189,5391
488,2016-04-02,146,3816,3962
488,2016-04-03,47,3019,3066
488,2016-04-04,201,4842,5043
488,2016-04-05,189,4884,5073
488,2016-04-06,184,5000,5184
488,2016-04-08,191,5127,5318
488,2016-04-09,164,4148,4312
488,2016-04-10,50,3541,3591
488,2016-04-11,211,5001,5212
488,2016-04-12,194,5260,5454
488,2016-04-13,205,5163,5368
488,2016-04-15,206,5566,5772
488,2016-04-16,140,3942,4082
488,2016-04-17,54,3477,3531
488,2016-04-18,225,5294,5519
488,2016-04-19,216,5511,5727
488,2016-04-20,222,5528,5750
488,2016-04-22,232,5703,5935
488,2016-04-23,138,4015,4153
488,2016-04-24,66,3170,3236
488,2016-04-25,288,5121,5409
488,2016-04-26,291,5655,5946
488,2016-04-27,262,5345,5607
488,2016-04-29,252,5666,5918
488,2016-04-30,128,3991,4119
488,2016-05-01,46,3335,3381
488,2016-05-02,304,5397,5701
488,2016-05-03,316,5528,5844
488,2016-05-04,348,6276,6624
488,2016-05-06,245,4924,5169
488,2016-05-07,140,4065,4205
488,2016-05-08,53,3418,3471
488,2016-05-09,263,5187,5450
488,2016-05-10,250,5390,5640
488,2016-05-11,249,5421,5670
488,2016-05-13,246,5478,5724
488,2016-05-14,145,3418,3563
488,2016-05-15,48,2922,2970
488,2016-05-16,58,2685,2743
488,2016-05-17,234,4572,4806
488,2016-05-18,259,4830,5089
488,2016-05-20,250,5108,5358
488,2016-05-21,160,4921,5081
488,2016-05-22,64,3734,3798
488,2016-05-23,224,5270,5494
488,2016-05-24,266,5355,5621
488,2016-05-25,263,5343,5606
488,2016-05-27,276,5730,6006
488,2016-05-28,170,3970,4140
488,2016-05-29,45,3757,3802
488,2016-05-30,272,4928,5200
488,2016-05-31,274,5725,5999
488,2016-06-01,220,5504,5724
488,2016-06-03,261,5968,6229
488,2016-06-04,145,3966,4111
488,2016-06-05,49,3329,3378
488,2016-06-06,247,5440,5687
488,2016-06-07,214,6182,6396
488,2016-06-08,264,5503,5767
488,2016-06-10,295,5899,6194
488,2016-06-11,145,4039,4184
488,2016-06-12,40,3456,3496
488,2016-06-13,282,5581,5863
488,2016-06-14,268,5724,5992
488,2016-06-15,316,5276,5592
488,2016-06-17,296,5740,6036
488,2016-06-18,148,3899,4047
488,2016-06-19,47,3280,3327
488,2016-06-20,294,5320,5614
488,2016-06-21,332,5513,5845
488,2016-06-22,315,5457,5772
488,2016-06-24,270,4785,5055
488,2016-06-25,132,3567,3699
488,2016-06-26,44,3120,3164
488,2016-06-27,249,5118,5367
488,2016-06-28,264,5580,5844
488,2016-06-29,302,5538,5840
488,2016-07-01,268,5683,5951
488,2016-07-02,157,3377,3534
488,2016-07-03,55,3303,3358
488,2016-07-04,276,5341,5617
488,2016-07-05,264,5662,5926
488,2016-07-06,276,5556,5832
488,2016-07-08,253,5753,6006
488,2016-07-09,148,4148,4296
488,2016-07-10,50,3136,3186
488,2016-07-11,279,5425,5704
488,2016-07-12,289,5643,5932
488,2016-07-13,258,5409,5667
488,2016-07-15,266,5620,5886
488,2016-07-16,145,3930,4075
488,2016-07-17,48,3103,3151
488,2016-07-18,103,2173,2276
488,2016-07-19,103,1824,1927
488,2016-07-20,80,1538,1618
488,2016-08-05,212,3648,3860
488,2016-08-06,129,2831,2960
488,2016-08-07,38,2257,2295
488,2016-08-08,180,3362,3542
488,2016-08-09,203,3530,3733
488,2016-08-10,183,3447,3630
488,2016-08-12,159,3446,3605
488,2016-08-13,130,3026,3156
488,2016-08-14,43,2256,2299
488,2016-08-15,39,2141,2180
488,2016-08-16,152,3657,3809
488,2016-08-17,152,3629,3781
488,2016-08-19,163,3618,3781
488,2016-08-20,134,2778,2912
488,2016-08-21,42,2391,2433
488,2016-08-22,183,3886,4069
488,2016-08-23,187,4078,4265
488,2016-08-24,179,4066,4245
488,2016-08-26,173,4201,4374
488,2016-08-27,172,3149,3321
488,2016-08-28,46,2466,2512
488,2016-08-29,223,4303,4526
488,2016-08-30,198,4639,4837
488,2016-08-31,194,4578,4772
488,2016-09-02,258,4724,4982
488,2016-09-03,148,3332,3480
488,2016-09-04,44,2600,2644
488,2016-09-05,225,4630,4855
488,2016-09-06,206,4861,5067
488,2016-09-07,219,4748,4967
488,2016-09-09,227,5034,5261
488,2016-09-10,147,3496,3643
488,2016-09-11,45,3025,3070
488,2016-09-12,210,4995,5205
488,2016-09-13,223,5131,5354
488,2016-09-14,242,5132,5374
488,2016-09-16,246,5485,5731
488,2016-09-17,146,4200,4346
488,2016-09-18,43,3012,3055
488,2016-09-19,246,5155,5401
488,2016-09-20,242,5491,5733
488,2016-09-21,245,5381,5626
488,2016-09-23,291,5501,5792
488,2016-09-24,160,4121,4281
488,2016-09-25,51,3364,3415
488,2016-09-26,258,5157,5415
488,2016-09-27,252,5510,5762
488,2016-09-28,240,5159,5399
488,2016-09-30,224,5511,5735
488,2016-10-01,148,4030,4178
488,2016-10-02,51,3136,3187
488,2016-10-03,245,5374,5619
488,2016-10-04,255,5464,5719
488,2016-10-05,265,5368,5633
488,2016-10-07,241,5829,6070
488,2016-10-08,136,3406,3542
488,2016-10-09,51,3610,3661
488,2016-10-10,246,5382,5628
488,2016-10-11,256,5546,5802
488,2016-10-12,254,5458,5712
488,2016-10-14,280,5648,5928
488,2016-10-15,199,3990,4189
488,2016-10-16,53,3236,3289
488,2016-10-17,244,5260,5504
488,2016-10-18,277,5584,5861
488,2016-10-19,277,5362,5639
488,2016-10-21,260,5694,5954
488,2016-10-22,142,4088,4230
488,2016-10-23,48,3374,3422
488,2016-10-24,225,4936,5161
488,2016-10-25,240,5614,5854
488,2016-10-26,246,5312,5558
488,2016-10-28,242,5591,5833
488,2016-10-29,137,4134,4271
488,2016-10-30,46,3257,3303
488,2016-10-31,238,4359,4597
488,2016-11-01,66,3226,3292
488,2016-11-02,253,4862,5115
488,2016-11-04,247,5612,5859
488,2016-11-05,152,5050,5202
488,2016-11-06,47,3614,3661
488,2016-11-07,250,5490,5740
488,2016-11-08,258,5692,5950
488,2016-11-09,269,5298,5567
488,2016-11-11,260,5510,5770
488,2016-11-12,147,3979,4126
488,2016-11-13,42,3160,3202
488,2016-11-14,222,5154,5376
488,2016-11-15,234,5459,5693
488,2016-11-16,233,5337,5570
488,2016-11-18,224,5482,5706
488,2016-11-19,157,4037,4194
488,2016-11-20,42,3004,3046
488,2016-11-21,228,5048,5276
488,2016-11-22,233,5384,5617
488,2016-11-23,219,5440,5659
488,2016-11-25,228,5777,6005
488,2016-11-26,146,4029,4175
488,2016-11-27,56,3161,3217
488,2016-11-28,229,5460,5689
488,2016-11-29,240,5703,5943
488,2016-11-30,246,5536,5782
488,2016-12-02,220,5648,5868
488,2016-12-03,152,3913,4065
488,2016-12-04,50,3155,3205
488,2016-12-05,238,5201,5439
488,2016-12-06,234,5226,5460
488,2016-12-07,253,5171,5424
488,2016-12-09,273,5571,5844
488,2016-12-10,150,3980,4130
488,2016-12-11,52,3239,3291
488,2016-12-12,257,5201,5458
488,2016-12-13,245,5497,5742
488,2016-12-14,262,5498,5760
488,2016-12-16,245,5625,5870
488,2016-12-17,150,3866,4016
488,2016-12-18,47,3039,3086
488,2016-12-19,269,5095,5364
488,2016-12-20,253,5306,5559
488,2016-12-21,244,5277,5521
488,2016-12-23,248,4908,5156
488,2016-12-24,126,3720,3846
488,2016-12-25,41,2772,2813
488,2016-12-26,50,2560,2610
488,2016-12-27,187,3402,3589
488,2016-12-28,174,3456,3630
488,2016-12-30,182,3606,3788
488,2016-12-31,135,2814,2949
490,2016-01-01,6,1098,1104
490,2016-01-02,29,1848,1877
490,2016-01-03,6,1616,1622
490,2016-01-04,59,4039,4098
490,2016-01-05,76,5302,5378
490,2016-01-06,62,4209,4271
490,2016-01-08,90,4274,4364
490,2016-01-09,21,2289,2310
490,2016-01-10,42,1607,1649
490,2016-01-11,122,4417,4539
490,2016-01-12,59,4621,4680
490,2016-01-13,93,4546,4639
490,2016-01-15,112,3343,3455
490,2016-01-16,22,2027,2049
490,2016-01-17,19,1612,1631
490,2016-01-18,87,4022,4109
490,2016-01-19,73,4224,4297
490,2016-01-20,78,4117,4195
490,2016-01-22,74,5110,5184
490,2016-01-23,32,2297,2329
490,2016-01-24,13,1669,1682
490,2016-01-25,56,4364,4420
490,2016-01-26,78,4288,4366
490,2016-01-27,79,4258,4337
490,2016-01-29,77,4659,4736
490,2016-01-30,14,2378,2392
490,2016-01-31,5,1723,1728
490,2016-02-01,68,4213,4281
490,2016-02-02,74,4371,4445
490,2016-02-03,93,4285,4378
490,2016-02-05,63,4502,4565
490,2016-02-06,24,2307,2331
490,2016-02-07,17,1595,1612
490,2016-02-08,86,3492,3578
490,2016-02-09,74,3466,3540
490,2016-02-10,53,3062,3115
490,2016-02-12,57,3159,3216
490,2016-02-13,30,2130,2160
490,2016-02-14,16,1715,1731
490,2016-02-15,60,4123,4183
490,2016-02-16,77,4349,4426
490,2016-02-17,144,4229,4373
490,2016-02-19,70,4404,4474
490,2016-02-20,36,2285,2321
490,2016-02-21,5,1604,1609
490,2016-02-22,82,4204,4286
490,2016-02-23,61,4536,4597
490,2016-02-24,69,4324,4393
490,2016-02-26,84,4511,4595
490,2016-02-27,30,2554,2584
490,2016-02-28,21,1787,1808
490,2016-02-29,83,4327,4410
490,2016-03-01,88,4441,4529
490,2016-03-02,95,4245,4340
490,2016-03-04,75,4517,4592
490,2016-03-05,30,2553,2583
490,2016-03-06,15,1812,1827
490,2016-03-07,66,4332,4398
490,2016-03-08,70,4522,4592
490,2016-03-09,94,4492,4586
490,2016-03-11,100,4778,4878
490,2016-03-12,37,2734,2771
490,2016-03-13,15,2065,2080
490,2016-03-14,85,4296,4381
490,2016-03-15,104,4567,4671
490,2016-03-16,121,4341,4462
490,2016-03-18,144,4782,4926
490,2016-03-19,39,2587,2626
490,2016-03-20,18,1955,1973
490,2016-03-21,93,4348,4441
490,2016-03-22,106,4693,4799
490,2016-03-23,93,4550,4643
490,2016-03-25,104,4494,4598
490,2016-03-26,36,2398,2434
490,2016-03-28,18,1588,1606
490,2016-03-29,120,3455,3575
490,2016-03-30,83,3432,3515
490,2016-04-02,36,2405,2441
490,2016-04-03,24,1947,1971
490,2016-04-04,97,4448,4545
490,2016-04-05,79,4240,4319
490,2016-04-06,92,4742,4834
490,2016-04-08,128,3870,3998
490,2016-04-09,56,2452,2508
490,2016-04-10,26,2201,2227
490,2016-04-11,105,4696,4801
490,2016-04-12,118,5936,6054
490,2016-04-13,109,4533,4642
490,2016-04-15,113,4929,5042
490,2016-04-16,48,2801,2849
490,2016-04-17,27,2119,2146
490,2016-04-18,78,4651,4729
490,2016-04-19,102,4851,4953
490,2016-04-20,116,4769,4885
490,2016-04-22,106,4950,5056
490,2016-04-23,55,2689,2744
490,2016-04-24,25,1976,2001
490,2016-04-25,91,4616,4707
490,2016-04-26,98,5906,6004
490,2016-04-27,131,4661,4792
490,2016-04-29,93,5060,5153
490,2016-04-30,44,2858,2902
490,2016-05-01,30,2230,2260
490,2016-05-02,92,4653,4745
490,2016-05-03,101,4866,4967
490,2016-05-04,101,4600,4701
490,2016-05-06,67,3165,3232
490,2016-05-07,48,2706,2754
490,2016-05-08,19,2613,2632
490,2016-05-09,120,4618,4738
490,2016-05-10,136,6042,6178
490,2016-05-11,115,4892,5007
490,2016-05-13,140,6054,6194
490,2016-05-14,45,2811,2856
490,2016-05-15,21,2083,2104
490,2016-05-16,18,1931,1949
490,2016-05-17,93,4528,4621
490,2016-05-18,121,4530,4651
490,2016-05-20,89,4445,4534
490,2016-05-21,53,2890,2943
490,2016-05-22,14,2100,2114
490,2016-05-23,70,4430,4500
490,2016-05-24,117,4663,4780
490,2016-05-25,114,4517,4631
490,2016-05-27,142,6252,6394
490,2016-05-28,46,2773,2819
490,2016-05-29,22,2008,2030
490,2016-05-30,102,6182,6284
490,2016-05-31,84,5258,5342
490,2016-06-01,104,5990,6094
490,2016-06-03,116,6376,6492
490,2016-06-04,66,2762,2828
490,2016-06-05,18,2272,2290
490,2016-06-06,120,6036,6156
490,2016-06-07,80,6146,6226
490,2016-06-08,97,4825,4922
490,2016-06-10,121,5306,5427
490,2016-06-11,80,2934,3014
490,2016-06-12,25,2140,2165
490,2016-06-13,126,5930,6056
490,2016-06-14,94,4822,4916
490,2016-06-15,134,5664,5798
490,2016-06-17,116,4861,4977
490,2016-06-18,38,2645,2683
490,2016-06-19,21,2086,2107
490,2016-06-20,120,5652,5772
490,2016-06-21,123,4791,4914
490,2016-06-22,116,5075,5191
490,2016-06-24,112,3863,3975
490,2016-06-25,50,2707,2757
490,2016-06-26,34,2476,2510
490,2016-06-27,131,4739,4870
490,2016-06-28,132,5058,5190
490,2016-06-29,136,5038,5174
490,2016-07-01,125,5246,5371
490,2016-07-02,72,2881,2953
490,2016-07-03,25,2424,2449
490,2016-07-04,153,4644,4797
490,2016-07-05,145,4758,4903
490,2016-07-06,108,4302,4410
490,2016-07-08,104,4412,4516
490,2016-07-09,50,2607,2657
490,2016-07-10,20,2087,2107
490,2016-07-11,91,4215,4306
490,2016-07-12,156,5050,5206
490,2016-07-13,143,4807,4950
490,2016-07-15,142,5129,5271
490,2016-07-16,53,2599,2652
490,2016-07-17,25,2244,2269
490,2016-07-18,115,4108,4223
490,2016-07-19,161,4437,4598
490,2016-07-20,138,4527,4665
490,2016-07-22,120,5020,5140
490,2016-07-23,64,2774,2838
490,2016-07-24,28,2191,2219
490,2016-07-25,98,4154,4252
490,2016-07-26,94,4752,4846
490,2016-07-27,124,4343,4467
490,2016-07-29,101,4544,4645
490,2016-07-30,44,2823,2867
490,2016-07-31,38,2175,2213
490,2016-08-01,78,3643,3721
490,2016-08-02,96,3661,3757
490,2016-08-03,80,3641,3721
490,2016-08-05,95,3965,4060
490,2016-08-06,71,2787,2858
490,2016-08-07,35,2617,2652
490,2016-08-08,82,3252,3334
490,2016-08-09,83,3388,3471
490,2016-08-10,95,3511,3606
490,2016-08-12,88,3663,3751
490,2016-08-13,44,2603,2647
490,2016-08-14,18,2095,2113
490,2016-08-15,24,2304,2328
490,2016-08-16,91,3669,3760
490,2016-08-17,126,3717,3843
490,2016-08-19,106,3883,3989
490,2016-08-20,56,2720,2776
490,2016-08-21,34,2120,2154
490,2016-08-22,119,3878,3997
490,2016-08-23,145,3985,4130
490,2016-08-24,133,4013,4146
490,2016-08-26,125,4528,4653
490,2016-08-27,74,2672,2746
490,2016-08-28,40,2260,2300
490,2016-08-29,147,4445,4592
490,2016-08-30,218,4492,4710
490,2016-08-31,166,4355,4521
490,2016-09-02,194,5081,5275
490,2016-09-03,61,3012,3073
490,2016-09-04,24,2144,2168
490,2016-09-05,135,4802,4937
490,2016-09-06,150,5083,5233
490,2016-09-07,122,5096,5218
490,2016-09-09,156,5542,5698
490,2016-09-10,59,2952,3011
490,2016-09-11,32,2360,2392
490,2016-09-12,132,5351,5483
490,2016-09-13,136,5499,5635
490,2016-09-14,131,5187,5318
490,2016-09-16,106,5405,5511
490,2016-09-17,66,3010,3076
490,2016-09-18,28,2282,2310
490,2016-09-19,113,5043,5156
490,2016-09-20,131,5204,5335
490,2016-09-21,143,5103,5246
490,2016-09-23,163,5553,5716
490,2016-09-24,51,3194,3245
490,2016-09-25,29,2649,2678
490,2016-09-26,117,4925,5042
490,2016-09-27,123,4921,5044
490,2016-09-28,142,5207,5349
490,2016-09-30,146,5694,5840
490,2016-10-01,50,2992,3042
490,2016-10-02,23,2435,2458
490,2016-10-03,153,5367,5520
490,2016-10-04,136,5916,6052
490,2016-10-07,506,13052,13558
490,2016-10-08,216,8220,8436
490,2016-10-09,61,6211,6272
490,2016-10-10,507,11914,12421
490,2016-10-11,484,12508,12992
490,2016-10-12,474,12238,12712
490,2016-10-14,150,5516,5666
490,2016-10-15,41,3029,3070
490,2016-10-16,24,2455,2479
490,2016-10-17,102,5066,5168
490,2016-10-18,125,5339,5464
490,2016-10-19,149,5360,5509
490,2016-10-21,128,5796,5924
490,2016-10-22,50,2991,3041
490,2016-10-23,18,2442,2460
490,2016-10-24,134,5318,5452
490,2016-10-25,133,5326,5459
490,2016-10-26,119,5403,5522
490,2016-10-28,122,5537,5659
490,2016-10-29,46,3020,3066
490,2016-10-30,16,2238,2254
490,2016-10-31,68,3364,3432
490,2016-11-01,20,2055,2075
490,2016-11-02,95,3993,4088
490,2016-11-04,120,4614,4734
490,2016-11-05,35,2794,2829
490,2016-11-06,28,2115,2143
490,2016-11-07,112,5279,5391
490,2016-11-08,145,5400,5545
490,2016-11-09,111,5159,5270
490,2016-11-11,58,4606,4664
490,2016-11-12,48,2915,2963
490,2016-11-13,24,2109,2133
490,2016-11-14,112,5115,5227
490,2016-11-15,101,5388,5489
490,2016-11-16,113,5253,5366
490,2016-11-18,110,7170,7280
490,2016-11-19,31,2955,2986
490,2016-11-20,16,2009,2025
490,2016-11-21,106,6296,6402
490,2016-11-22,105,5581,5686
490,2016-11-23,71,5198,5269
490,2016-11-25,106,5685,5791
490,2016-11-26,34,2775,2809
490,2016-11-27,17,2117,2134
490,2016-11-28,120,5167,5287
490,2016-11-29,118,5442,5560
490,2016-11-30,138,5386,5524
490,2016-12-02,113,5506,5619
490,2016-12-03,40,2873,2913
490,2016-12-04,24,1921,1945
490,2016-12-05,93,5193,5286
490,2016-12-06,109,5444,5553
490,2016-12-07,137,5248,5385
490,2016-12-09,110,5591,5701
490,2016-12-10,48,2903,2951
490,2016-12-11,15,2050,2065
490,2016-12-12,101,5229,5330
490,2016-12-13,121,5385,5506
490,2016-12-14,101,5330,5431
490,2016-12-16,123,5497,5620
490,2016-12-17,35,2906,2941
490,2016-12-18,13,2080,2093
490,2016-12-19,116,4942,5058
490,2016-12-20,106,5121,5227
490,2016-12-21,97,5066,5163
490,2016-12-23,78,4674,4752
490,2016-12-24,11,2156,2167
490,2016-12-25,3,1180,1183
490,2016-12-26,25,1863,1888
490,2016-12-27,49,2587,2636
490,2016-12-28,48,2556,2604
490,2016-12-30,34,2687,2721
490,2016-12-31,19,2042,2061
492,2016-01-01,11,1824,1835
492,2016-01-02,64,2411,2475
492,2016-01-03,22,2121,2143
492,2016-01-04,104,3401,3505
492,2016-01-05,117,3541,3658
492,2016-01-06,115,3597,3712
492,2016-01-08,160,3958,4118
492,2016-01-09,93,3122,3215
492,2016-01-10,22,2092,2114
492,2016-01-11,224,3762,3986
492,2016-01-12,212,4263,4475
492,2016-01-13,221,4124,4345
492,2016-01-15,153,3641,3794
492,2016-01-16,96,2921,3017
492,2016-01-17,23,2308,2331
492,2016-01-18,181,3715,3896
492,2016-01-19,195,3913,4108
492,2016-01-20,173,4037,4210
492,2016-01-22,202,3610,3812
492,2016-01-23,102,3052,3154
492,2016-01-24,14,2369,2383
492,2016-01-25,159,3830,3989
492,2016-01-26,178,4150,4328
492,2016-01-27,178,4174,4352
492,2016-01-29,173,4310,4483
492,2016-01-30,94,3328,3422
492,2016-01-31,22,2449,2471
492,2016-02-01,175,3881,4056
492,2016-02-02,170,4090,4260
492,2016-02-03,188,4143,4331
492,2016-02-05,171,4142,4313
492,2016-02-06,88,3111,3199
492,2016-02-07,18,2448,2466
492,2016-02-08,152,2850,3002
492,2016-02-09,198,3262,3460
492,2016-02-10,176,3826,4002
492,2016-02-12,158,3989,4147
492,2016-02-13,67,2975,3042
492,2016-02-14,18,2263,2281
492,2016-02-15,165,3903,4068
492,2016-02-16,180,4200,4380
492,2016-02-17,196,4442,4638
492,2016-02-19,182,4310,4492
492,2016-02-20,65,3203,3268
492,2016-02-21,9,2459,2468
492,2016-02-22,172,3999,4171
492,2016-02-23,160,4263,4423
492,2016-02-24,176,4300,4476
492,2016-02-26,185,4441,4626
492,2016-02-27,82,3671,3753
492,2016-02-28,18,2768,2786
492,2016-02-29,184,4104,4288
492,2016-03-01,185,4175,4360
492,2016-03-02,191,4246,4437
492,2016-03-04,158,4168,4326
492,2016-03-05,82,3389,3471
492,2016-03-06,22,2649,2671
492,2016-03-07,172,3858,4030
492,2016-03-08,192,4231,4423
492,2016-03-09,183,4198,4381
492,2016-03-11,237,4469,4706
492,2016-03-12,114,3829,3943
492,2016-03-13,21,3115,3136
492,2016-03-14,175,4050,4225
492,2016-03-15,189,4164,4353
492,2016-03-16,169,4226,4395
492,2016-03-18,194,4563,4757
492,2016-03-19,118,3620,3738
492,2016-03-20,16,2928,2944
492,2016-03-21,230,4021,4251
492,2016-03-22,204,4298,4502
492,2016-03-23,250,4286,4536
492,2016-03-25,160,4224,4384
492,2016-03-26,86,3632,3718
492,2016-03-28,26,2242,2268
492,2016-03-29,191,4091,4282
492,2016-03-30,288,4064,4352
492,2016-04-02,92,3666,3758
492,2016-04-03,24,2747,2771
492,2016-04-04,177,3976,4153
492,2016-04-05,179,4084,4263
492,2016-04-06,220,4508,4728
492,2016-04-08,196,4828,5024
492,2016-04-09,100,4208,4308
492,2016-04-10,26,3749,3775
492,2016-04-11,180,4371,4551
492,2016-04-12,238,4412,4650
492,2016-04-13,218,4517,4735
492,2016-04-15,210,4648,4858
492,2016-04-16,99,4017,4116
492,2016-04-17,28,3192,3220
492,2016-04-18,184,4283,4467
492,2016-04-19,182,4605,4787
492,2016-04-20,212,4789,5001
492,2016-04-22,206,4978,5184
492,2016-04-23,88,3734,3822
492,2016-04-24,24,3282,3306
492,2016-04-25,188,4193,4381
492,2016-04-26,181,4409,4590
492,2016-04-27,204,4346,4550
492,2016-04-29,210,4894,5104
492,2016-04-30,112,4083,4195
492,2016-05-01,36,3019,3055
492,2016-05-02,214,4489,4703
492,2016-05-03,212,4769,4981
492,2016-05-04,202,4998,5200
492,2016-05-06,139,5172,5311
492,2016-05-07,92,4749,4841
492,2016-05-08,58,4661,4719
492,2016-05-09,185,4462,4647
492,2016-05-10,187,4573,4760
492,2016-05-11,192,4617,4809
492,2016-05-13,276,4626,4902
492,2016-05-14,89,4285,4374
492,2016-05-15,23,3217,3240
492,2016-05-16,92,3163,3255
492,2016-05-17,219,4395,4614
492,2016-05-18,216,4205,4421
492,2016-05-20,206,4739,4945
492,2016-05-21,100,4101,4201
492,2016-05-22,22,2756,2778
492,2016-05-23,201,4339,4540
492,2016-05-24,209,4823,5032
492,2016-05-25,212,4825,5037
492,2016-05-27,185,5086,5271
492,2016-05-28,115,4219,4334
492,2016-05-29,61,3019,3080
492,2016-05-30,137,4024,4161
492,2016-05-31,187,4359,4546
492,2016-06-01,186,4559,4745
492,2016-06-03,178,4702,4880
492,2016-06-04,89,3619,3708
492,2016-06-05,21,3107,3128
492,2016-06-06,179,4380,4559
492,2016-06-07,185,4617,4802
492,2016-06-08,203,4533,4736
492,2016-06-10,224,5072,5296
492,2016-06-11,107,4205,4312
492,2016-06-12,35,3299,3334
492,2016-06-13,182,4375,4557
492,2016-06-14,199,4546,4745
492,2016-06-15,169,4702,4871
492,2016-06-17,201,5025,5226
492,2016-06-18,98,4066,4164
492,2016-06-19,27,3709,3736
492,2016-06-20,192,4457,4649
492,2016-06-21,231,4671,4902
492,2016-06-22,214,4822,5036
492,2016-06-24,191,4521,4712
492,2016-06-25,102,3560,3662
492,2016-06-26,40,3015,3055
492,2016-06-27,221,4162,4383
492,2016-06-28,208,4934,5142
492,2016-06-29,234,4994,5228
492,2016-07-01,241,5139,5380
492,2016-07-02,131,4182,4313
492,2016-07-03,36,3612,3648
492,2016-07-04,208,4556,4764
492,2016-07-05,224,4960,5184
492,2016-07-06,247,4873,5120
492,2016-07-08,192,5122,5314
492,2016-07-09,116,4508,4624
492,2016-07-10,56,4365,4421
492,2016-07-11,219,4723,4942
492,2016-07-12,246,4949,5195
492,2016-07-13,203,4938,5141
492,2016-07-15,182,5161,5343
492,2016-07-16,93,4374,4467
492,2016-07-17,31,3964,3995
492,2016-07-18,225,4845,5070
492,2016-07-19,255,5436,5691
492,2016-07-20,250,5192,5442
492,2016-07-22,189,5178,5367
492,2016-07-23,89,3858,3947
492,2016-07-24,24,3785,3809
492,2016-07-25,193,4759,4952
492,2016-07-26,260,5060,5320
492,2016-07-27,259,5205,5464
492,2016-07-29,170,4827,4997
492,2016-07-30,87,4299,4386
492,2016-07-31,38,3767,3805
492,2016-08-01,159,4145,4304
492,2016-08-02,115,4209,4324
492,2016-08-03,135,4218,4353
492,2016-08-05,121,4043,4164
492,2016-08-06,72,3886,3958
492,2016-08-07,30,3910,3940
492,2016-08-08,167,3885,4052
492,2016-08-09,174,4111,4285
492,2016-08-10,148,4144,4292
492,2016-08-12,124,4231,4355
492,2016-08-13,97,3811,3908
492,2016-08-14,51,4028,4079
492,2016-08-15,65,3728,3793
492,2016-08-16,165,4210,4375
492,2016-08-17,129,4095,4224
492,2016-08-19,149,4253,4402
492,2016-08-20,94,3596,3690
492,2016-08-21,34,2968,3002
492,2016-08-22,181,4218,4399
492,2016-08-23,200,4632,4832
492,2016-08-24,192,4595,4787
492,2016-08-26,207,4821,5028
492,2016-08-27,114,3870,3984
492,2016-08-28,39,3607,3646
492,2016-08-29,195,4301,4496
492,2016-08-30,176,4542,4718
492,2016-08-31,208,4694,4902
492,2016-09-02,203,4612,4815
492,2016-09-03,109,3927,4036
492,2016-09-04,20,2900,2920
492,2016-09-05,202,4365,4567
492,2016-09-06,218,4723,4941
492,2016-09-07,200,4796,4996
492,2016-11-12,195,3874,4069
492,2016-11-13,32,2766,2798
492,2016-11-14,425,4253,4678
492,2016-11-15,368,4416,4784
492,2016-11-16,337,4398,4735
492,2016-11-17,380,4496,4876
492,2016-11-18,367,4568,4935
492,2016-11-19,173,3805,3978
492,2016-11-20,36,2619,2655
492,2016-11-21,316,4082,4398
492,2016-11-22,388,4572,4960
492,2016-11-23,421,4370,4791
492,2016-11-24,376,4781,5157
492,2016-11-25,382,4718,5100
492,2016-11-26,167,3649,3816
492,2016-11-27,35,2678,2713
492,2016-11-28,374,4261,4635
492,2016-11-29,395,4625,5020
492,2016-11-30,443,4476,4919
492,2016-12-01,389,4531,4920
492,2016-12-02,430,4865,5295
492,2016-12-03,151,3819,3970
492,2016-12-04,40,2975,3015
492,2016-12-05,348,4271,4619
492,2016-12-06,379,4329,4708
492,2016-12-07,367,4321,4688
492,2016-12-08,344,4639,4983
492,2016-12-09,375,4496,4871
492,2016-12-10,169,3520,3689
492,2016-12-11,31,2603,2634
492,2016-12-12,320,4203,4523
492,2016-12-13,306,4483,4789
492,2016-12-14,347,4433,4780
492,2016-12-15,354,4639,4993
492,2016-12-16,344,4592,4936
492,2016-12-17,155,3589,3744
492,2016-12-18,39,2711,2750
492,2016-12-19,375,4120,4495
492,2016-12-20,322,4313,4635
492,2016-12-21,388,4347,4735
492,2016-12-22,313,4262,4575
492,2016-12-23,224,3827,4051
492,2016-12-24,106,2353,2459
492,2016-12-25,26,2194,2220
492,2016-12-26,36,1977,2013
492,2016-12-27,187,2926,3113
492,2016-12-28,189,3097,3286
492,2016-12-29,178,3327,3505
492,2016-12-30,194,3119,3313
492,2016-12-31,112,2147,2259
493,2016-01-01,19,2548,2567
493,2016-01-02,108,3581,3689
493,2016-01-03,30,3236,3266
493,2016-01-04,185,6037,6222
493,2016-01-05,216,6436,6652
493,2016-01-06,249,6481,6730
493,2016-01-08,266,6854,7120
493,2016-01-09,135,4491,4626
493,2016-01-10,34,3344,3378
493,2016-01-11,267,6353,6620
493,2016-01-12,309,6374,6683
493,2016-01-13,316,6319,6635
493,2016-01-15,227,5802,6029
493,2016-01-16,157,4268,4425
493,2016-01-17,34,3286,3320
493,2016-01-18,282,6635,6917
493,2016-01-19,293,6660,6953
493,2016-01-20,308,6634,6942
493,2016-01-22,288,6233,6521
493,2016-01-23,136,4442,4578
493,2016-01-24,34,3300,3334
493,2016-01-25,320,6405,6725
493,2016-01-26,308,6640,6948
493,2016-01-27,319,6746,7065
493,2016-01-29,326,6871,7197
493,2016-01-30,158,4532,4690
493,2016-01-31,28,3394,3422
493,2016-02-01,315,6548,6863
493,2016-02-02,301,6764,7065
493,2016-02-03,282,6654,6936
493,2016-02-05,295,6871,7166
493,2016-02-06,161,4713,4874
493,2016-02-07,35,3436,3471
493,2016-02-08,256,4992,5248
493,2016-02-09,314,5840,6154
493,2016-02-10,244,5983,6227
493,2016-02-12,260,6074,6334
493,2016-02-13,121,4172,4293
493,2016-02-14,29,3200,3229
493,2016-02-15,294,6473,6767
493,2016-02-16,324,6792,7116
493,2016-02-17,356,6862,7218
493,2016-02-19,300,6958,7258
493,2016-02-20,140,4802,4942
493,2016-02-21,29,3509,3538
493,2016-02-22,322,6608,6930
493,2016-02-23,283,6660,6943
493,2016-02-24,311,6840,7151
493,2016-02-26,329,7488,7817
493,2016-02-27,167,5240,5407
493,2016-02-28,30,3759,3789
493,2016-02-29,336,7237,7573
493,2016-03-01,336,7260,7596
493,2016-03-02,334,7212,7546
493,2016-03-04,248,7234,7482
493,2016-03-05,144,5141,5285
493,2016-03-06,35,3822,3857
493,2016-03-07,316,6938,7254
493,2016-03-08,314,7420,7734
493,2016-03-09,337,7327,7664
493,2016-03-11,364,7565,7929
493,2016-03-12,178,5381,5559
493,2016-03-13,39,3872,3911
493,2016-03-14,365,7047,7412
493,2016-03-15,381,7251,7632
493,2016-03-16,355,7082,7437
493,2016-03-17,344,7408,7752
493,2016-03-18,340,7459,7799
493,2016-03-19,174,5290,5464
493,2016-03-20,40,4198,4238
493,2016-03-21,373,7006,7379
493,2016-03-22,310,7393,7703
493,2016-03-23,310,7337,7647
493,2016-03-24,424,7477,7901
493,2016-03-25,325,7384,7709
493,2016-03-26,155,4766,4921
493,2016-03-28,40,2898,2938
493,2016-03-29,376,6578,6954
493,2016-03-30,285,7209,7494
493,2016-04-02,159,5083,5242
493,2016-04-03,39,4191,4230
493,2016-04-04,277,6638,6915
493,2016-04-05,237,6771,7008
493,2016-04-06,305,6906,7211
493,2016-04-08,321,7132,7453
493,2016-04-09,164,4955,5119
493,2016-04-10,38,4126,4164
493,2016-04-11,345,7040,7385
493,2016-04-12,338,7314,7652
493,2016-04-13,363,7313,7676
493,2016-04-15,345,7666,8011
493,2016-04-16,174,5400,5574
493,2016-04-17,42,3992,4034
493,2016-04-18,368,7103,7471
493,2016-04-19,353,7296,7649
493,2016-04-20,332,7467,7799
493,2016-04-22,389,7864,8253
493,2016-04-23,230,5506,5736
493,2016-04-24,39,3853,3892
493,2016-04-25,361,7004,7365
493,2016-04-26,323,7155,7478
493,2016-04-27,328,7028,7356
493,2016-04-29,387,7735,8122
493,2016-04-30,193,5474,5667
493,2016-05-01,32,3572,3604
493,2016-05-02,381,7159,7540
493,2016-05-03,337,7527,7864
493,2016-05-04,360,7687,8047
493,2016-05-06,267,6866,7133
493,2016-05-07,166,5242,5408
493,2016-05-08,56,4258,4314
493,2016-05-09,359,7211,7570
493,2016-05-10,292,7268,7560
493,2016-05-11,357,7424,7781
493,2016-05-13,385,7824,8209
493,2016-05-14,163,5215,5378
493,2016-05-15,47,3595,3642
493,2016-05-16,85,2991,3076
493,2016-05-17,397,6896,7293
493,2016-05-18,468,6590,7058
493,2016-05-20,353,7006,7359
493,2016-05-21,167,5116,5283
493,2016-05-22,48,3534,3582
493,2016-05-23,357,7131,7488
493,2016-05-24,341,7514,7855
493,2016-05-25,367,7534,7901
493,2016-05-27,418,7518,7936
493,2016-05-28,153,5290,5443
493,2016-05-29,29,3586,3615
493,2016-05-30,368,6802,7170
493,2016-05-31,334,7362,7696
493,2016-06-01,314,7303,7617
493,2016-06-03,313,7561,7874
493,2016-06-04,132,5129,5261
493,2016-06-05,34,4204,4238
493,2016-06-06,312,7162,7474
493,2016-06-07,312,7370,7682
493,2016-06-08,319,7373,7692
493,2016-06-10,342,7786,8128
493,2016-06-11,164,5434,5598
493,2016-06-12,38,4265,4303
493,2016-06-13,342,7148,7490
493,2016-06-14,381,7255,7636
493,2016-06-15,389,7297,7686
493,2016-06-17,464,7538,8002
493,2016-06-18,144,5340,5484
493,2016-06-19,36,3886,3922
493,2016-06-20,427,7170,7597
493,2016-06-21,349,7488,7837
493,2016-06-22,351,7484,7835
493,2016-06-24,356,6162,6518
493,2016-06-25,150,4578,4728
493,2016-06-26,38,3798,3836
493,2016-06-27,345,6854,7199
493,2016-06-28,326,7222,7548
493,2016-06-29,335,7258,7593
493,2016-07-01,322,7552,7874
493,2016-07-02,157,5345,5502
493,2016-07-03,40,4171,4211
493,2016-07-04,310,6958,7268
493,2016-07-05,359,7161,7520
493,2016-07-06,341,7276,7617
493,2016-07-08,334,7776,8110
493,2016-07-09,201,5569,5770
493,2016-07-10,57,4312,4369
493,2016-07-11,372,7078,7450
493,2016-07-12,344,7169,7513
493,2016-07-13,331,6995,7326
493,2016-07-15,326,7428,7754
493,2016-07-16,170,5208,5378
493,2016-07-17,38,4088,4126
493,2016-07-18,289,6943,7232
493,2016-07-19,303,7427,7730
493,2016-07-20,368,7153,7521
493,2016-07-22,322,7185,7507
493,2016-07-23,162,5216,5378
493,2016-07-24,39,4008,4047
493,2016-07-25,299,6645,6944
493,2016-07-26,254,6714,6968
493,2016-07-27,272,6721,6993
493,2016-07-29,222,6509,6731
493,2016-07-30,136,4502,4638
493,2016-07-31,41,3454,3495
493,2016-08-01,231,5459,5690
493,2016-08-02,201,5595,5796
493,2016-08-03,195,5650,5845
493,2016-08-05,243,5635,5878
493,2016-08-06,159,4335,4494
493,2016-08-07,63,3730,3793
493,2016-08-08,227,5108,5335
493,2016-08-09,212,5297,5509
493,2016-08-10,220,5268,5488
493,2016-08-12,196,5442,5638
493,2016-08-13,146,4167,4313
493,2016-08-14,62,3229,3291
493,2016-08-15,62,3179,3241
493,2016-08-16,234,5311,5545
493,2016-08-17,228,5319,5547
493,2016-08-19,217,5367,5584
493,2016-08-20,161,4023,4184
493,2016-08-21,36,3195,3231
493,2016-08-22,245,5590,5835
493,2016-08-23,254,6124,6378
493,2016-08-24,268,6214,6482
493,2016-08-26,272,6111,6383
493,2016-08-27,157,4626,4783
493,2016-08-28,36,3589,3625
493,2016-08-29,272,5804,6076
493,2016-08-30,247,6356,6603
493,2016-08-31,279,6318,6597
493,2016-09-02,263,6365,6628
493,2016-09-03,201,4837,5038
493,2016-09-04,42,3408,3450
493,2016-09-05,290,6141,6431
493,2016-09-06,264,6522,6786
493,2016-09-07,272,6451,6723
493,2016-09-09,293,6780,7073
493,2016-09-10,144,5112,5256
493,2016-09-11,38,3775,3813
493,2016-09-12,306,6736,7042
493,2016-09-13,316,7247,7563
493,2016-09-14,334,7109,7443
493,2016-09-16,385,7097,7482
493,2016-09-17,188,5080,5268
493,2016-09-18,54,4005,4059
493,2016-09-19,301,6877,7178
493,2016-09-20,329,7078,7407
493,2016-09-21,328,7035,7363
493,2016-09-23,327,7236,7563
493,2016-09-24,159,5505,5664
493,2016-09-25,32,4416,4448
493,2016-09-26,328,6789,7117
493,2016-09-27,392,7107,7499
493,2016-09-28,367,7044,7411
493,2016-09-30,361,7423,7784
493,2016-10-01,131,4912,5043
493,2016-10-02,36,4010,4046
493,2016-10-03,324,5647,5971
493,2016-10-04,363,6895,7258
493,2016-10-05,350,6892,7242
493,2016-10-14,328,7182,7510
493,2016-10-15,171,5276,5447
493,2016-10-16,37,3915,3952
493,2016-10-17,350,6643,6993
493,2016-10-18,351,6807,7158
493,2016-10-19,351,6831,7182
493,2016-10-21,354,7462,7816
493,2016-10-22,163,5256,5419
493,2016-10-23,36,4003,4039
493,2016-10-24,260,6906,7166
493,2016-10-25,286,7241,7527
493,2016-10-26,330,7180,7510
493,2016-10-28,356,7398,7754
493,2016-10-29,186,5119,5305
493,2016-10-30,38,3842,3880
493,2016-10-31,283,6018,6301
493,2016-11-01,40,3457,3497
493,2016-11-02,321,6757,7078
493,2016-11-04,344,6991,7335
493,2016-11-05,138,4656,4794
493,2016-11-06,35,3440,3475
493,2016-11-07,354,6680,7034
493,2016-11-08,331,6908,7239
493,2016-11-09,268,6655,6923
493,2016-11-11,348,7300,7648
493,2016-11-12,146,5150,5296
493,2016-11-13,33,3297,3330
493,2016-11-14,335,6737,7072
493,2016-11-15,315,6881,7196
493,2016-11-16,266,6871,7137
493,2016-11-18,364,6934,7298
493,2016-11-19,144,4905,5049
493,2016-11-20,27,3278,3305
493,2016-11-21,231,6192,6423
493,2016-11-22,278,6880,7158
493,2016-11-23,290,6629,6919
493,2016-11-25,287,7366,7653
493,2016-11-26,149,5062,5211
493,2016-11-27,35,3729,3764
493,2016-11-28,314,6761,7075
493,2016-11-29,375,6943,7318
493,2016-11-30,313,6849,7162
493,2016-12-02,294,7109,7403
493,2016-12-03,167,5099,5266
493,2016-12-04,30,3788,3818
493,2016-12-05,311,6713,7024
493,2016-12-06,348,6463,6811
493,2016-12-07,345,6944,7289
493,2016-12-09,306,7040,7346
493,2016-12-10,164,4843,5007
493,2016-12-11,28,3345,3373
493,2016-12-12,302,6587,6889
493,2016-12-13,340,6493,6833
493,2016-12-14,313,6905,7218
493,2016-12-16,260,7603,7863
493,2016-12-17,171,5023,5194
493,2016-12-18,30,3766,3796
493,2016-12-19,312,6633,6945
493,2016-12-20,317,6820,7137
493,2016-12-21,287,6972,7259
493,2016-12-23,249,6419,6668
493,2016-12-24,123,3756,3879
493,2016-12-25,22,2786,2808
493,2016-12-26,27,2546,2573
493,2016-12-27,188,4420,4608
493,2016-12-28,188,4622,4810
493,2016-12-30,163,4572,4735
493,2016-12-31,133,3266,3399
495,2016-01-01,12,3042,3054
495,2016-01-02,85,4695,4780
495,2016-01-03,8,3678,3686
495,2016-01-04,169,7788,7957
495,2016-01-05,160,8234,8394
495,2016-01-07,182,8452,8634
495,2016-01-08,185,8626,8811
495,2016-01-09,74,5848,5922
495,2016-01-10,12,3714,3726
495,2016-01-11,212,8552,8764
495,2016-01-12,206,8817,9023
495,2016-01-15,82,5127,5209
495,2016-01-16,61,5506,5567
495,2016-01-17,10,3802,3812
495,2016-01-18,210,8169,8379
495,2016-01-19,198,8393,8591
495,2016-01-20,185,8274,8459
495,2016-01-21,188,8576,8764
495,2016-01-22,206,8188,8394
495,2016-01-23,84,5562,5646
495,2016-01-24,16,4079,4095
495,2016-01-25,210,8531,8741
495,2016-01-26,244,8872,9116
495,2016-01-27,253,8586,8839
495,2016-01-28,237,8911,9148
495,2016-01-29,217,9181,9398
495,2016-01-30,160,5966,6126
495,2016-01-31,5,4241,4246
495,2016-02-02,168,8278,8446
495,2016-02-03,254,8780,9034
495,2016-02-04,208,8863,9071
495,2016-02-05,246,9024,9270
495,2016-02-06,98,5787,5885
495,2016-02-07,18,3831,3849
495,2016-02-09,216,7672,7888
495,2016-02-10,189,7845,8034
495,2016-02-12,204,8138,8342
495,2016-02-13,84,5688,5772
495,2016-02-14,11,4086,4097
495,2016-02-15,274,8479,8753
495,2016-02-16,266,8927,9193
495,2016-02-17,264,8698,8962
495,2016-02-18,286,9011,9297
495,2016-02-19,239,9052,9291
495,2016-02-20,81,6195,6276
495,2016-02-21,11,4182,4193
495,2016-02-22,258,8583,8841
495,2016-02-24,241,9022,9263
495,2016-02-25,280,9269,9549
495,2016-02-26,271,9411,9682
495,2016-02-27,95,6968,7063
495,2016-02-28,9,4401,4410
495,2016-02-29,288,9008,9296
495,2016-03-01,235,9181,9416
495,2016-03-02,218,8638,8856
495,2016-03-03,228,9098,9326
495,2016-03-04,216,9778,9994
495,2016-03-05,89,6526,6615
495,2016-03-06,13,4383,4396
495,2016-03-07,231,8852,9083
495,2016-03-08,266,9196,9462
495,2016-03-09,331,9158,9489
495,2016-03-11,336,9557,9893
495,2016-03-12,110,6478,6588
495,2016-03-13,12,4941,4953
495,2016-03-14,317,8857,9174
495,2016-03-15,344,9347,9691
495,2016-03-16,354,9165,9519
495,2016-03-17,325,9567,9892
495,2016-03-18,317,9576,9893
495,2016-03-19,107,6637,6744
495,2016-03-20,11,5336,5347
495,2016-03-21,262,8830,9092
495,2016-03-22,269,9546,9815
495,2016-03-23,313,9175,9488
495,2016-03-24,316,9302,9618
495,2016-03-25,251,9240,9491
495,2016-03-26,102,5822,5924
495,2016-03-30,280,8376,8656
495,2016-03-31,256,8392,8648
495,2016-04-01,285,8594,8879
495,2016-04-02,99,5827,5926
495,2016-04-03,6,4436,4442
495,2016-04-04,267,8290,8557
495,2016-04-05,278,8598,8876
495,2016-04-06,297,8803,9100
495,2016-04-07,286,8754,9040
495,2016-04-08,212,9043,9255
495,2016-04-09,125,6265,6390
495,2016-04-10,12,4853,4865
495,2016-04-11,309,9256,9565
495,2016-04-13,378,9453,9831
495,2016-04-14,386,9902,10288
495,2016-04-15,302,9927,10229
495,2016-04-16,116,6912,7028
495,2016-04-17,8,4691,4699
495,2016-04-18,288,9145,9433
495,2016-04-20,284,9414,9698
495,2016-04-21,257,9559,9816
495,2016-04-22,290,10102,10392
495,2016-04-23,131,6711,6842
495,2016-04-24,21,4585,4606
495,2016-04-25,259,9098,9357
495,2016-04-26,275,9677,9952
495,2016-04-28,286,10124,10410
495,2016-04-29,283,10105,10388
495,2016-04-30,118,6879,6997
495,2016-05-01,18,4443,4461
495,2016-05-02,248,9175,9423
495,2016-05-03,286,9634,9920
495,2016-05-04,339,9992,10331
495,2016-05-06,209,8329,8538
495,2016-05-07,108,6608,6716
495,2016-05-08,12,5379,5391
495,2016-05-09,299,9456,9755
495,2016-05-10,322,9956,10278
495,2016-05-11,306,9696,10002
495,2016-05-12,291,10078,10369
495,2016-05-14,104,6471,6575
495,2016-05-15,18,4895,4913
495,2016-05-16,17,3544,3561
495,2016-05-17,281,8608,8889
495,2016-05-18,249,8608,8857
495,2016-05-19,233,8597,8830
495,2016-05-20,260,8705,8965
495,2016-05-21,130,6063,6193
495,2016-05-22,13,4238,4251
495,2016-05-23,283,8814,9097
495,2016-05-24,270,9302,9572
495,2016-05-25,303,9057,9360
495,2016-05-26,282,9604,9886
495,2016-05-27,332,10254,10586
495,2016-05-28,107,6562,6669
495,2016-05-29,8,4142,4150
495,2016-05-30,211,8710,8921
495,2016-05-31,257,9630,9887
495,2016-06-01,257,9469,9726
495,2016-06-02,316,10074,10390
495,2016-06-03,256,10450,10706
495,2016-06-04,114,7092,7206
495,2016-06-05,18,5404,5422
495,2016-06-06,298,9442,9740
495,2016-06-07,255,9623,9878
495,2016-06-08,262,9578,9840
495,2016-06-10,286,10401,10687
495,2016-06-11,130,6866,6996
495,2016-06-12,24,4822,4846
495,2016-06-13,301,9137,9438
495,2016-06-14,264,9658,9922
495,2016-06-15,292,9658,9950
495,2016-06-16,262,10006,10268
495,2016-06-17,316,10179,10495
495,2016-06-18,106,6522,6628
495,2016-06-19,12,4933,4945
495,2016-06-20,292,9392,9684
495,2016-06-22,343,9996,10339
495,2016-06-23,40,4735,4775
495,2016-06-24,248,8590,8838
495,2016-06-25,89,5995,6084
495,2016-06-26,21,5032,5053
495,2016-06-27,312,9420,9732
495,2016-06-28,297,9774,10071
495,2016-06-29,329,9902,10231
495,2016-06-30,302,10152,10454
495,2016-07-01,280,10415,10695
495,2016-07-02,105,6821,6926
495,2016-07-03,26,5444,5470
495,2016-07-04,287,9400,9687
495,2016-07-05,289,9747,10036
495,2016-07-06,320,9450,9770
495,2016-07-07,266,9445,9711
495,2016-07-08,292,9988,10280
495,2016-07-09,136,6787,6923
495,2016-07-10,34,4904,4938
495,2016-07-11,272,9063,9335
495,2016-07-13,290,9991,10281
495,2016-07-14,271,10127,10398
495,2016-07-15,251,10133,10384
495,2016-07-16,132,6636,6768
495,2016-07-17,28,5490,5518
495,2016-07-18,275,9197,9472
495,2016-07-19,284,9321,9605
495,2016-07-20,276,9320,9596
495,2016-07-22,300,9434,9734
495,2016-07-23,114,7016,7130
495,2016-07-24,16,5299,5315
495,2016-07-25,281,8836,9117
495,2016-07-26,312,9058,9370
495,2016-07-27,285,9131,9416
495,2016-07-28,235,9004,9239
495,2016-07-29,216,8843,9059
495,2016-07-30,101,6058,6159
495,2016-07-31,28,4494,4522
495,2016-08-01,146,7537,7683
495,2016-08-02,153,7683,7836
495,2016-08-04,192,7815,8007
495,2016-08-05,177,8075,8252
495,2016-08-06,101,5770,5871
495,2016-08-07,26,4795,4821
495,2016-08-08,173,6968,7141
495,2016-08-10,195,7519,7714
495,2016-08-11,140,7396,7536
495,2016-08-12,177,7500,7677
495,2016-08-13,92,5523,5615
495,2016-08-14,34,4264,4298
495,2016-08-15,59,4199,4258
495,2016-08-16,218,7296,7514
495,2016-08-17,200,7445,7645
495,2016-08-18,184,6832,7016
495,2016-08-19,212,7394,7606
495,2016-08-20,88,5865,5953
495,2016-08-21,25,3961,3986
495,2016-08-22,215,7643,7858
495,2016-08-23,205,8058,8263
495,2016-08-24,278,7930,8208
495,2016-08-26,250,8462,8712
495,2016-08-27,104,5830,5934
495,2016-08-28,8,4330,4338
495,2016-08-29,254,8359,8613
495,2016-08-30,236,8658,8894
495,2016-09-01,280,8608,8888
495,2016-09-02,242,9105,9347
495,2016-09-03,99,6167,6266
495,2016-09-04,22,4236,4258
495,2016-09-06,255,9186,9441
495,2016-09-07,289,9187,9476
495,2016-09-08,265,9444,9709
495,2016-09-09,255,9515,9770
495,2016-09-10,114,6823,6937
495,2016-09-12,298,9649,9947
495,2016-09-13,265,9919,10184
495,2016-09-14,314,9757,10071
495,2016-09-15,300,10444,10744
495,2016-09-16,261,10499,10760
495,2016-09-17,128,7192,7320
495,2016-09-18,12,5158,5170
495,2016-09-20,278,10217,10495
495,2016-09-21,338,10203,10541
495,2016-09-22,283,10667,10950
495,2016-09-23,324,10901,11225
495,2016-09-24,192,7547,7739
495,2016-09-26,279,9753,10032
495,2016-09-27,283,10195,10478
495,2016-09-28,315,10052,10367
495,2016-09-29,330,10437,10767
495,2016-09-30,316,10419,10735
495,2016-10-01,96,6968,7064
495,2016-10-02,12,5176,5188
495,2016-10-03,281,9895,10176
495,2016-10-04,279,10238,10517
495,2016-10-05,304,9694,9998
495,2016-10-06,295,10223,10518
495,2016-10-07,282,10376,10658
495,2016-10-08,130,7063,7193
495,2016-10-09,35,5421,5456
495,2016-10-10,271,9718,9989
495,2016-10-11,275,10164,10439
495,2016-10-13,317,10155,10472
495,2016-10-14,286,10318,10604
495,2016-10-15,91,6943,7034
495,2016-10-16,8,5398,5406
495,2016-10-18,283,10261,10544
495,2016-10-19,308,9851,10159
495,2016-10-20,307,10278,10585
495,2016-10-21,314,10580,10894
495,2016-10-22,131,6966,7097
495,2016-10-23,8,4947,4955
495,2016-10-25,267,10275,10542
495,2016-10-26,296,10086,10382
495,2016-10-27,286,10458,10744
495,2016-10-28,262,10646,10908
495,2016-10-29,106,6996,7102
495,2016-10-31,186,7822,8008
495,2016-11-01,14,4555,4569
495,2016-11-02,266,8907,9173
495,2016-11-03,254,9219,9473
495,2016-11-05,77,6501,6578
495,2016-11-06,17,4495,4512
495,2016-11-07,274,9701,9975
495,2016-11-08,279,10387,10666
495,2016-11-09,292,10016,10308
495,2016-11-11,246,10415,10661
495,2016-11-12,104,6930,7034
495,2016-11-13,6,4572,4578
495,2016-11-14,261,9815,10076
495,2016-11-18,274,10736,11010
495,2016-11-19,99,6915,7014
495,2016-11-20,4,4564,4568
495,2016-11-22,240,10488,10728
495,2016-11-23,240,9746,9986
495,2016-11-24,233,10143,10376
495,2016-11-25,230,10480,10710
495,2016-11-26,97,7121,7218
495,2016-11-27,8,5019,5027
495,2016-11-29,212,10521,10733
495,2016-11-30,266,10158,10424
495,2016-12-01,263,10272,10535
495,2016-12-02,254,10505,10759
495,2016-12-03,102,6856,6958
495,2016-12-04,17,4985,5002
495,2016-12-06,222,9995,10217
495,2016-12-07,292,9771,10063
495,2016-12-08,245,10380,10625
495,2016-12-09,248,10484,10732
495,2016-12-10,84,6849,6933
495,2016-12-11,11,4635,4646
495,2016-12-13,232,10203,10435
495,2016-12-14,258,9924,10182
495,2016-12-15,254,10307,10561
495,2016-12-16,231,10555,10786
495,2016-12-18,14,4597,4611
495,2016-12-19,232,9627,9859
495,2016-12-20,242,10271,10513
495,2016-12-21,256,10072,10328
495,2016-12-23,159,9233,9392
495,2016-12-24,81,5342,5423
495,2016-12-25,3,3914,3917
495,2016-12-26,29,3687,3716
495,2016-12-28,110,6440,6550
495,2016-12-29,105,6717,6822
495,2016-12-30,109,6558,6667
495,2016-12-31,78,4759,4837
498,2016-01-01,6,3964,3970
498,2016-01-02,35,6483,6518
498,2016-01-03,15,4613,4628
498,2016-01-04,199,8579,8778
498,2016-01-05,217,8814,9031
498,2016-01-06,303,8971,9274
498,2016-01-08,291,9421,9712
498,2016-01-09,83,7820,7903
498,2016-01-10,30,4683,4713
498,2016-01-11,292,8702,8994
498,2016-01-12,301,9168,9469
498,2016-01-13,344,9035,9379
498,2016-01-15,267,8529,8796
498,2016-01-16,84,7545,7629
498,2016-01-17,23,4610,4633
498,2016-01-18,370,8988,9358
498,2016-01-19,362,9280,9642
498,2016-01-20,355,8871,9226
498,2016-01-22,352,9088,9440
498,2016-01-23,69,7873,7942
498,2016-01-24,36,5091,5127
498,2016-01-25,358,9134,9492
498,2016-01-26,418,9164,9582
498,2016-01-27,320,8890,9210
498,2016-01-29,359,9842,10201
498,2016-01-30,110,7450,7560
498,2016-01-31,22,5129,5151
498,2016-02-01,358,8972,9330
498,2016-02-02,323,9136,9459
498,2016-02-03,354,8992,9346
498,2016-02-05,384,9624,10008
498,2016-02-06,108,8103,8211
498,2016-02-07,21,4806,4827
498,2016-02-08,346,7922,8268
498,2016-02-09,232,8086,8318
498,2016-02-10,356,8923,9279
498,2016-02-12,367,9308,9675
498,2016-02-13,87,7781,7868
498,2016-02-14,22,5237,5259
498,2016-02-15,350,8766,9116
498,2016-02-16,327,9299,9626
498,2016-02-17,351,8914,9265
498,2016-02-19,313,9327,9640
498,2016-02-20,88,7618,7706
498,2016-02-21,21,4543,4564
498,2016-02-22,394,8606,9000
498,2016-02-23,334,8860,9194
498,2016-02-24,362,9113,9475
498,2016-02-26,340,9998,10338
498,2016-02-27,130,8748,8878
498,2016-02-28,27,5122,5149
498,2016-02-29,340,9358,9698
498,2016-03-01,389,9234,9623
498,2016-03-02,387,9105,9492
498,2016-03-04,315,9519,9834
498,2016-03-05,90,8052,8142
498,2016-03-06,23,5412,5435
498,2016-03-07,326,8809,9135
498,2016-03-08,397,8962,9359
498,2016-03-09,388,9175,9563
498,2016-03-11,423,9877,10300
498,2016-03-12,111,8891,9002
498,2016-03-13,32,5583,5615
498,2016-03-14,352,9019,9371
498,2016-03-15,371,9160,9531
498,2016-03-16,317,9121,9438
498,2016-03-18,364,10018,10382
498,2016-03-19,110,8441,8551
498,2016-03-20,29,5543,5572
498,2016-03-21,375,9125,9500
498,2016-03-22,335,9511,9846
498,2016-03-23,388,9488,9876
498,2016-03-25,267,9202,9469
498,2016-03-26,109,8398,8507
498,2016-03-28,31,4339,4370
498,2016-03-29,362,9111,9473
498,2016-03-30,332,8546,8878
498,2016-04-02,117,7811,7928
498,2016-04-03,35,4908,4943
498,2016-04-04,61,947,1008
498,2016-04-05,15,598,613
498,2016-04-06,59,1304,1363
498,2016-04-08,317,7659,7976
498,2016-04-09,108,7650,7758
498,2016-04-10,31,4936,4967
498,2016-04-11,353,8485,8838
498,2016-04-12,396,8748,9144
498,2016-04-13,322,9082,9404
498,2016-04-15,318,10073,10391
498,2016-04-16,89,8491,8580
498,2016-04-17,30,5450,5480
498,2016-04-18,360,9252,9612
498,2016-04-19,394,9882,10276
498,2016-04-20,361,10304,10665
498,2016-04-22,403,10711,11114
498,2016-04-23,135,9263,9398
498,2016-04-24,34,5316,5350
498,2016-04-25,372,9286,9658
498,2016-04-26,475,10733,11208
498,2016-04-27,410,9328,9738
498,2016-04-29,354,10421,10775
498,2016-04-30,149,8706,8855
498,2016-05-01,136,5713,5849
498,2016-05-02,330,9565,9895
498,2016-05-03,341,9894,10235
498,2016-05-04,402,10799,11201
498,2016-05-06,280,10092,10372
498,2016-05-07,108,8731,8839
498,2016-05-08,36,5932,5968
498,2016-05-09,401,9601,10002
498,2016-05-10,406,9710,10116
498,2016-05-11,378,9892,10270
498,2016-05-13,484,10152,10636
498,2016-05-14,169,9315,9484
498,2016-05-15,29,5552,5581
498,2016-05-16,39,5280,5319
498,2016-05-17,411,10333,10744
498,2016-05-18,379,10002,10381
498,2016-05-20,398,10183,10581
498,2016-05-21,125,8777,8902
498,2016-05-22,36,5367,5403
498,2016-05-23,321,9294,9615
498,2016-05-24,347,9853,10200
498,2016-05-25,370,10033,10403
498,2016-05-27,484,10282,10766
498,2016-05-28,112,8417,8529
498,2016-05-29,40,5452,5492
498,2016-05-30,396,9106,9502
498,2016-05-31,319,9650,9969
498,2016-06-01,331,9484,9815
498,2016-06-03,433,10192,10625
498,2016-06-04,160,8780,8940
498,2016-06-05,23,6342,6365
498,2016-06-06,476,9590,10066
498,2016-06-07,442,9286,9728
498,2016-06-08,532,10018,10550
498,2016-06-10,365,10608,10973
498,2016-06-11,166,10294,10460
498,2016-06-12,42,6864,6906
498,2016-06-13,430,10442,10872
498,2016-06-14,448,10932,11380
498,2016-06-15,474,10535,11009
498,2016-06-17,403,11302,11705
498,2016-06-18,153,9675,9828
498,2016-06-19,51,6342,6393
498,2016-06-20,363,9306,9669
498,2016-06-21,384,9649,10033
498,2016-06-22,385,9720,10105
498,2016-06-24,426,9142,9568
498,2016-06-25,107,7860,7967
498,2016-06-26,30,5476,5506
498,2016-06-27,392,9298,9690
498,2016-06-28,333,9846,10179
498,2016-06-29,355,9725,10080
498,2016-07-01,348,10345,10693
498,2016-07-02,94,8047,8141
498,2016-07-03,31,5359,5390
498,2016-07-04,389,9420,9809
498,2016-07-05,378,9696,10074
498,2016-07-06,413,9834,10247
498,2016-07-08,368,10484,10852
498,2016-07-09,122,9268,9390
498,2016-07-10,54,6152,6206
498,2016-07-11,342,9642,9984
498,2016-07-12,309,9751,10060
498,2016-07-13,408,9096,9504
498,2016-07-15,336,10059,10395
498,2016-07-16,123,8428,8551
498,2016-07-17,23,5544,5567
498,2016-07-18,337,9316,9653
498,2016-07-19,335,9717,10052
498,2016-07-20,353,9063,9416
498,2016-07-22,362,8956,9318
498,2016-07-23,115,7873,7988
498,2016-07-24,28,5179,5207
498,2016-07-25,337,8955,9292
498,2016-07-26,404,8892,9296
498,2016-07-27,353,9203,9556
498,2016-07-29,305,9192,9497
498,2016-07-30,67,6968,7035
498,2016-07-31,26,4012,4038
498,2016-08-01,277,7841,8118
498,2016-08-02,310,7936,8246
498,2016-08-03,270,7662,7932
498,2016-08-05,332,7988,8320
498,2016-08-06,74,6415,6489
498,2016-08-07,31,4576,4607
498,2016-08-08,311,7312,7623
498,2016-08-09,295,7387,7682
498,2016-08-10,322,7036,7358
498,2016-08-12,286,7748,8034
498,2016-08-13,75,6114,6189
498,2016-08-14,43,4293,4336
498,2016-08-15,60,4111,4171
498,2016-08-16,305,7672,7977
498,2016-08-17,301,7343,7644
498,2016-08-19,285,7789,8074
498,2016-08-20,76,6276,6352
498,2016-08-21,23,4119,4142
498,2016-08-22,332,8926,9258
498,2016-08-23,334,8354,8688
498,2016-08-24,322,8402,8724
498,2016-08-26,312,8884,9196
498,2016-08-27,85,7355,7440
498,2016-08-28,20,4859,4879
498,2016-08-29,526,9826,10352
498,2016-08-30,541,10440,10981
498,2016-08-31,532,10167,10699
498,2016-09-02,547,11052,11599
498,2016-09-03,278,9072,9350
498,2016-09-04,80,5666,5746
498,2016-09-05,529,10283,10812
498,2016-09-06,555,10787,11342
498,2016-09-07,564,10616,11180
498,2016-09-09,394,10667,11061
498,2016-09-10,149,8400,8549
498,2016-09-11,38,5889,5927
498,2016-09-12,300,10079,10379
498,2016-09-13,346,9861,10207
498,2016-09-14,367,10229,10596
498,2016-09-16,367,10355,10722
498,2016-09-17,154,8984,9138
498,2016-09-18,26,5402,5428
498,2016-09-19,377,9705,10082
498,2016-09-20,375,9690,10065
498,2016-09-21,421,10459,10880
498,2016-09-23,447,10339,10786
498,2016-09-24,120,9529,9649
498,2016-09-25,30,6248,6278
498,2016-09-26,455,9539,9994
498,2016-09-27,430,9761,10191
498,2016-09-28,392,9440,9832
498,2016-09-30,425,10108,10533
498,2016-10-01,128,8465,8593
498,2016-10-02,33,5563,5596
498,2016-10-03,360,9434,9794
498,2016-10-04,354,9543,9897
498,2016-10-05,364,9803,10167
498,2016-10-07,380,10015,10395
498,2016-10-08,159,8485,8644
498,2016-10-09,40,5875,5915
498,2016-10-10,405,9458,9863
498,2016-10-11,398,9968,10366
498,2016-10-12,388,9518,9906
498,2016-10-14,394,9912,10306
498,2016-10-15,82,8610,8692
498,2016-10-16,42,5623,5665
498,2016-10-17,379,9187,9566
498,2016-10-18,367,9356,9723
498,2016-10-19,370,9334,9704
498,2016-10-21,432,9990,10422
498,2016-10-22,102,8409,8511
498,2016-10-23,35,5301,5336
498,2016-10-24,353,8720,9073
498,2016-10-25,385,9274,9659
498,2016-10-26,371,9061,9432
498,2016-10-28,411,10046,10457
498,2016-10-29,99,8331,8430
498,2016-10-30,24,5562,5586
498,2016-10-31,307,9554,9861
498,2016-11-01,29,5264,5293
498,2016-11-02,380,8771,9151
498,2016-11-04,502,9412,9914
498,2016-11-05,106,7923,8029
498,2016-11-06,29,4820,4849
498,2016-11-07,394,9095,9489
498,2016-11-08,421,9432,9853
498,2016-11-09,364,9394,9758
498,2016-11-11,294,9878,10172
498,2016-11-12,123,8418,8541
498,2016-11-13,20,4871,4891
498,2016-11-14,375,9126,9501
498,2016-11-15,361,9109,9470
498,2016-11-16,353,9107,9460
498,2016-11-18,363,9906,10269
498,2016-11-19,105,8205,8310
498,2016-11-20,16,5738,5754
498,2016-11-21,327,8762,9089
498,2016-11-22,359,9302,9661
498,2016-11-23,399,9052,9451
498,2016-11-25,411,10678,11089
498,2016-11-26,106,8471,8577
498,2016-11-27,19,5572,5591
498,2016-11-28,379,9319,9698
498,2016-11-29,366,9749,10115
498,2016-11-30,378,9504,9882
498,2016-12-02,345,9957,10302
498,2016-12-03,109,8376,8485
498,2016-12-04,30,6018,6048
498,2016-12-05,364,9533,9897
498,2016-12-06,368,9538,9906
498,2016-12-07,402,9406,9808
498,2016-12-09,400,10254,10654
498,2016-12-10,140,8387,8527
498,2016-12-11,24,6049,6073
498,2016-12-12,375,9316,9691
498,2016-12-13,349,9487,9836
498,2016-12-14,377,9915,10292
498,2016-12-16,358,10443,10801
498,2016-12-17,103,8533,8636
498,2016-12-18,25,6122,6147
498,2016-12-19,336,9550,9886
498,2016-12-20,400,9976,10376
498,2016-12-21,390,9767,10157
498,2016-12-23,208,9906,10114
498,2016-12-24,40,6925,6965
498,2016-12-25,6,3860,3866
498,2016-12-26,27,4316,4343
498,2016-12-27,167,7608,7775
498,2016-12-28,164,7533,7697
498,2016-12-30,158,8057,8215
498,2016-12-31,54,6034,6088
520,2016-01-03,34,3942,3976
520,2016-01-04,228,7416,7644
520,2016-01-05,246,7996,8242
520,2016-01-06,210,7755,7965
520,2016-01-07,284,7756,8040
520,2016-01-08,257,8520,8777
520,2016-01-10,36,4514,4550
520,2016-01-11,248,7714,7962
520,2016-01-12,212,8422,8634
520,2016-01-13,235,8186,8421
520,2016-01-14,282,8064,8346
520,2016-01-15,178,7989,8167
520,2016-01-17,33,4267,4300
520,2016-01-18,263,8249,8512
520,2016-01-19,159,5441,5600
520,2016-01-20,260,8199,8459
520,2016-01-21,259,8128,8387
520,2016-01-22,296,8100,8396
520,2016-01-24,41,5091,5132
520,2016-01-25,258,8098,8356
520,2016-01-26,246,8607,8853
520,2016-01-27,258,8520,8778
520,2016-01-28,253,8532,8785
520,2016-01-29,260,8975,9235
520,2016-01-31,35,5292,5327
520,2016-02-01,235,7891,8126
520,2016-02-02,284,8402,8686
520,2016-02-03,240,8395,8635
520,2016-02-04,290,8152,8442
520,2016-02-05,278,8349,8627
520,2016-02-07,44,4310,4354
520,2016-02-08,222,6526,6748
520,2016-02-09,234,7202,7436
520,2016-02-10,240,7416,7656
520,2016-02-11,246,7229,7475
520,2016-02-12,225,7770,7995
520,2016-02-14,40,4559,4599
520,2016-02-15,296,8982,9278
520,2016-02-16,363,9116,9479
520,2016-02-17,342,9548,9890
520,2016-02-18,297,8637,8934
520,2016-02-19,255,8327,8582
520,2016-02-21,28,4747,4775
520,2016-02-22,265,7618,7883
520,2016-02-23,218,8003,8221
520,2016-02-24,300,8027,8327
520,2016-02-25,254,8182,8436
520,2016-02-26,310,8516,8826
520,2016-02-28,45,4993,5038
520,2016-02-29,269,7888,8157
520,2016-03-01,268,8017,8285
520,2016-03-02,283,7971,8254
520,2016-03-03,296,7874,8170
520,2016-03-04,282,8312,8594
520,2016-03-06,30,4884,4914
520,2016-03-07,324,8272,8596
520,2016-03-08,295,8884,9179
520,2016-03-09,323,10102,10425
520,2016-03-10,289,9145,9434
520,2016-03-11,288,9275,9563
520,2016-03-12,151,7600,7751
520,2016-03-14,266,8224,8490
520,2016-03-15,352,8574,8926
520,2016-03-16,331,8452,8783
520,2016-03-17,270,8730,9000
520,2016-03-18,296,8962,9258
520,2016-03-19,161,7665,7826
520,2016-03-20,66,5503,5569
520,2016-03-21,293,8219,8512
520,2016-03-22,284,8519,8803
520,2016-03-23,346,8595,8941
520,2016-03-24,306,8613,8919
520,2016-03-25,267,9000,9267
520,2016-03-26,248,7015,7263
520,2016-03-30,388,7782,8170
520,2016-03-31,276,7863,8139
520,2016-04-01,396,8164,8560
520,2016-04-02,249,6657,6906
520,2016-04-03,152,4994,5146
520,2016-04-04,352,8300,8652
520,2016-04-05,319,8457,8776
520,2016-04-06,327,8290,8617
520,2016-04-07,372,8668,9040
520,2016-04-08,346,8823,9169
520,2016-04-09,261,7656,7917
520,2016-04-11,334,8360,8694
520,2016-04-12,458,8680,9138
520,2016-04-13,290,8470,8760
520,2016-04-14,378,8678,9056
520,2016-04-15,344,8898,9242
520,2016-04-16,224,7822,8046
520,2016-04-18,308,8257,8565
520,2016-04-19,291,8647,8938
520,2016-04-20,328,9313,9641
520,2016-04-21,339,10040,10379
520,2016-04-22,324,9818,10142
520,2016-04-23,148,7343,7491
520,2016-04-25,336,8126,8462
520,2016-04-26,291,8516,8807
520,2016-04-27,297,8528,8825
520,2016-04-28,378,8722,9100
520,2016-04-29,321,9095,9416
520,2016-04-30,145,7985,8130
520,2016-05-03,328,8757,9085
520,2016-05-04,338,9308,9646
520,2016-05-05,51,4804,4855
520,2016-05-06,306,8959,9265
520,2016-05-07,160,7277,7437
520,2016-05-08,66,5411,5477
520,2016-05-10,406,9176,9582
520,2016-05-11,374,8532,8906
520,2016-05-12,374,8421,8795
520,2016-05-13,418,8956,9374
520,2016-05-14,156,7100,7256
520,2016-05-15,41,4593,4634
520,2016-05-17,307,8153,8460
520,2016-05-18,293,8255,8548
520,2016-05-19,334,7868,8202
520,2016-05-20,243,8061,8304
520,2016-05-21,241,6942,7183
520,2016-05-22,40,4634,4674
520,2016-05-24,333,8883,9216
520,2016-05-25,341,8769,9110
520,2016-05-26,382,8548,8930
520,2016-05-27,430,9084,9514
520,2016-05-28,194,7240,7434
520,2016-05-29,70,4616,4686
520,2016-05-31,285,8638,8923
520,2016-06-01,291,8147,8438
520,2016-06-02,300,8286,8586
520,2016-06-03,334,8644,8978
520,2016-06-04,158,7456,7614
520,2016-06-05,46,5295,5341
520,2016-06-07,287,8494,8781
520,2016-06-08,342,8540,8882
520,2016-06-09,298,8764,9062
520,2016-06-10,305,9268,9573
520,2016-06-11,156,7395,7551
520,2016-06-12,54,5240,5294
520,2016-06-14,358,8266,8624
520,2016-06-15,366,8296,8662
520,2016-06-16,348,8264,8612
520,2016-06-17,372,8746,9118
520,2016-06-18,166,7327,7493
520,2016-06-19,58,5289,5347
520,2016-06-21,306,8735,9041
520,2016-06-22,293,9145,9438
520,2016-06-23,62,4609,4671
520,2016-06-24,340,8240,8580
520,2016-06-25,182,6748,6930
520,2016-06-26,52,5620,5672
520,2016-06-29,324,8662,8986
520,2016-06-30,293,8865,9158
520,2016-07-01,324,9168,9492
520,2016-07-02,168,7365,7533
520,2016-07-03,82,5125,5207
520,2016-07-04,312,8517,8829
520,2016-07-06,391,10321,10712
520,2016-07-07,344,9777,10121
520,2016-07-08,328,9339,9667
520,2016-07-09,197,7373,7570
520,2016-07-10,60,5310,5370
520,2016-07-11,325,8716,9041
520,2016-07-13,317,8822,9139
520,2016-07-14,319,8659,8978
520,2016-07-15,314,9382,9696
520,2016-07-16,179,7110,7289
520,2016-07-17,84,5582,5666
520,2016-07-18,314,9133,9447
520,2016-07-20,304,9378,9682
520,2016-07-21,308,9407,9715
520,2016-07-22,299,9394,9693
520,2016-07-23,198,8968,9166
520,2016-07-24,47,6195,6242
520,2016-07-25,268,8523,8791
520,2016-07-27,276,8273,8549
520,2016-07-28,277,8155,8432
520,2016-07-29,243,8043,8286
520,2016-07-30,154,6253,6407
520,2016-07-31,68,4423,4491
520,2016-08-01,273,6886,7159
520,2016-08-03,240,6909,7149
520,2016-08-04,233,6666,6899
520,2016-08-05,243,6862,7105
520,2016-08-06,155,5738,5893
520,2016-08-07,83,4818,4901
520,2016-08-08,250,6091,6341
520,2016-08-10,265,6322,6587
520,2016-08-11,206,6390,6596
520,2016-08-12,224,6524,6748
520,2016-08-13,162,5554,5716
520,2016-08-14,62,3932,3994
520,2016-08-15,62,3767,3829
520,2016-08-16,237,6665,6902
520,2016-08-18,208,6301,6509
520,2016-08-19,214,6311,6525
520,2016-08-20,242,5388,5630
520,2016-08-21,142,3958,4100
520,2016-08-22,367,7036,7403
520,2016-08-23,385,7465,7850
520,2016-08-25,354,7218,7572
520,2016-08-26,335,7426,7761
520,2016-08-27,302,6044,6346
520,2016-08-28,120,4531,4651
520,2016-08-29,351,7192,7543
520,2016-08-30,352,7538,7890
520,2016-09-01,358,7739,8097
520,2016-09-02,360,8152,8512
520,2016-09-03,235,6505,6740
520,2016-09-04,168,4580,4748
520,2016-09-05,413,10288,10701
520,2016-09-06,422,10871,11293
520,2016-09-08,429,9104,9533
520,2016-09-09,422,9564,9986
520,2016-09-10,248,7226,7474
520,2016-09-11,132,5153,5285
520,2016-09-12,277,8223,8500
520,2016-09-13,257,8354,8611
520,2016-09-15,298,8350,8648
520,2016-09-16,264,8607,8871
520,2016-09-17,160,7286,7446
520,2016-09-18,51,5445,5496
520,2016-09-19,297,8145,8442
520,2016-09-20,313,8511,8824
520,2016-09-22,352,10498,10850
520,2016-09-23,349,9791,10140
520,2016-09-24,168,7344,7512
520,2016-09-25,84,5768,5852
520,2016-09-26,265,8347,8612
520,2016-09-27,298,8794,9092
520,2016-09-28,340,9002,9342
520,2016-09-29,291,8682,8973
520,2016-09-30,329,9471,9800
520,2016-10-01,144,7255,7399
520,2016-10-02,37,5177,5214
520,2016-10-03,290,8494,8784
520,2016-10-04,293,9221,9514
520,2016-10-05,346,9107,9453
520,2016-10-06,309,8853,9162
520,2016-10-07,304,8934,9238
520,2016-10-08,172,7183,7355
520,2016-10-09,44,4999,5043
520,2016-10-10,296,8279,8575
520,2016-10-11,358,9910,10268
520,2016-10-12,478,10460,10938
520,2016-10-14,323,9015,9338
520,2016-10-15,176,7568,7744
520,2016-10-16,48,5238,5286
520,2016-10-17,332,8528,8860
520,2016-10-18,319,8985,9304
520,2016-10-19,318,8360,8678
520,2016-10-23,60,5534,5594
520,2016-10-24,271,8373,8644
520,2016-10-25,317,8992,9309
520,2016-10-26,296,8697,8993
520,2016-10-27,296,8476,8772
520,2016-10-28,299,9123,9422
520,2016-10-30,31,4910,4941
520,2016-10-31,237,7847,8084
520,2016-11-01,52,4610,4662
520,2016-11-02,236,7687,7923
520,2016-11-03,235,7844,8079
520,2016-11-04,280,8276,8556
520,2016-11-06,102,4438,4540
520,2016-11-07,330,9242,9572
520,2016-11-09,390,10490,10880
520,2016-11-11,242,8758,9000
520,2016-11-13,65,4408,4473
520,2016-11-14,296,7770,8066
520,2016-11-15,254,8206,8460
520,2016-11-16,314,9585,9899
520,2016-11-17,310,8416,8726
520,2016-11-18,274,8640,8914
520,2016-11-21,270,7640,7910
520,2016-11-22,308,8152,8460
520,2016-11-23,256,8170,8426
520,2016-11-24,263,8396,8659
520,2016-11-25,288,8795,9083
520,2016-11-27,58,5152,5210
520,2016-11-28,264,8144,8408
520,2016-11-29,242,8298,8540
520,2016-11-30,326,8101,8427
520,2016-12-01,270,8367,8637
520,2016-12-02,270,8703,8973
520,2016-12-04,43,4780,4823
520,2016-12-05,255,8114,8369
520,2016-12-06,283,8652,8935
520,2016-12-07,270,8106,8376
520,2016-12-08,266,8627,8893
520,2016-12-09,254,8674,8928
520,2016-12-11,53,4708,4761
520,2016-12-12,294,7656,7950
520,2016-12-13,306,8306,8612
520,2016-12-14,282,8196,8478
520,2016-12-15,266,8339,8605
520,2016-12-16,273,8864,9137
520,2016-12-18,31,4924,4955
520,2016-12-19,234,8094,8328
520,2016-12-20,287,8606,8893
520,2016-12-21,262,8661,8923
520,2016-12-22,288,8808,9096
520,2016-12-23,226,8883,9109
520,2016-12-25,38,3550,3588
520,2016-12-26,31,3312,3343
520,2016-12-27,158,6044,6202
520,2016-12-28,157,6038,6195
520,2016-12-29,164,6468,6632
520,2016-12-30,166,6481,6647
525,2016-01-01,3,1640,1643
525,2016-01-02,51,2548,2599
525,2016-01-03,14,2052,2066
525,2016-01-05,102,3444,3546
525,2016-01-06,119,3548,3667
525,2016-01-07,158,3552,3710
525,2016-01-08,114,3896,4010
525,2016-01-09,61,3077,3138
525,2016-01-10,6,2080,2086
525,2016-01-12,140,3794,3934
525,2016-01-13,140,3516,3656
525,2016-01-14,172,3647,3819
525,2016-01-15,58,3530,3588
525,2016-01-16,65,3022,3087
525,2016-01-17,18,2009,2027
525,2016-01-18,155,3659,3814
525,2016-01-20,131,3747,3878
525,2016-01-21,136,3663,3799
525,2016-01-22,141,3728,3869
525,2016-01-23,67,3100,3167
525,2016-01-24,8,2263,2271
525,2016-01-25,126,3654,3780
525,2016-01-27,147,3701,3848
525,2016-01-28,168,3813,3981
525,2016-01-29,151,4148,4299
525,2016-01-30,60,3302,3362
525,2016-01-31,12,2379,2391
525,2016-02-01,135,3675,3810
525,2016-02-03,182,3896,4078
525,2016-02-04,144,3936,4080
525,2016-02-05,172,3929,4101
525,2016-02-06,73,3110,3183
525,2016-02-07,35,2204,2239
525,2016-02-08,92,2898,2990
525,2016-02-11,145,3553,3698
525,2016-02-12,135,3842,3977
525,2016-02-13,76,3168,3244
525,2016-02-14,11,2375,2386
525,2016-02-15,155,3672,3827
525,2016-02-16,177,3852,4029
525,2016-02-18,182,3809,3991
525,2016-02-19,126,3941,4067
525,2016-02-20,78,3062,3140
525,2016-02-21,6,2280,2286
525,2016-02-22,144,3648,3792
525,2016-02-25,163,3769,3932
525,2016-02-26,163,4052,4215
525,2016-02-27,77,3612,3689
525,2016-02-28,12,2370,2382
525,2016-02-29,167,3762,3929
525,2016-03-01,162,3845,4007
525,2016-03-03,135,3710,3845
525,2016-03-04,148,3906,4054
525,2016-03-05,68,3416,3484
525,2016-03-06,8,2391,2399
525,2016-03-07,185,3603,3788
525,2016-03-08,188,3901,4089
525,2016-03-10,192,3968,4160
525,2016-03-11,244,4056,4300
525,2016-03-12,88,3589,3677
525,2016-03-13,14,2676,2690
525,2016-03-14,202,3730,3932
525,2016-03-15,208,3936,4144
525,2016-03-16,189,3951,4140
525,2016-03-18,183,4300,4483
525,2016-03-19,84,3382,3466
525,2016-03-20,18,2688,2706
525,2016-03-21,191,3767,3958
525,2016-03-22,171,4005,4176
525,2016-03-23,204,3965,4169
525,2016-03-26,70,3451,3521
525,2016-03-28,26,1896,1922
525,2016-03-29,188,3819,4007
525,2016-03-30,169,3786,3955
525,2016-04-01,186,3948,4134
525,2016-04-02,86,3420,3506
525,2016-04-03,25,2447,2472
525,2016-04-04,144,3541,3685
525,2016-04-05,182,3636,3818
525,2016-04-06,192,3907,4099
525,2016-04-08,162,3943,4105
525,2016-04-09,93,3736,3829
525,2016-04-10,22,3019,3041
525,2016-04-11,166,3715,3881
525,2016-04-12,202,4028,4230
525,2016-04-13,170,4076,4246
525,2016-04-15,185,4253,4438
525,2016-04-16,90,3684,3774
525,2016-04-17,27,2994,3021
525,2016-04-18,183,3965,4148
525,2016-04-19,178,4028,4206
525,2016-04-20,208,4208,4416
525,2016-04-23,94,3634,3728
525,2016-04-24,35,2830,2865
525,2016-04-25,224,4006,4230
525,2016-04-26,163,4061,4224
525,2016-04-27,152,4106,4258
525,2016-04-28,181,4121,4302
525,2016-04-30,116,3756,3872
525,2016-05-01,14,2644,2658
525,2016-05-02,173,4109,4282
525,2016-05-03,190,4354,4544
525,2016-05-04,213,4570,4783
525,2016-05-05,37,2921,2958
525,2016-05-07,108,4008,4116
525,2016-05-08,22,3260,3282
525,2016-05-09,205,4067,4272
525,2016-05-10,253,4188,4441
525,2016-05-11,208,3955,4163
525,2016-05-12,197,4077,4274
525,2016-05-14,81,3795,3876
525,2016-05-15,17,2584,2601
525,2016-05-16,27,2137,2164
525,2016-05-17,192,3863,4055
525,2016-05-18,181,3651,3832
525,2016-05-19,168,3662,3830
525,2016-05-21,86,3553,3639
525,2016-05-22,29,2232,2261
525,2016-05-23,183,3726,3909
525,2016-05-24,194,4133,4327
525,2016-05-25,193,4127,4320
525,2016-05-28,91,3770,3861
525,2016-05-29,14,2334,2348
525,2016-05-30,164,3692,3856
525,2016-05-31,206,3919,4125
525,2016-06-01,192,3960,4152
525,2016-06-02,182,3982,4164
525,2016-06-03,122,4260,4382
525,2016-06-05,24,2847,2871
525,2016-06-06,170,3952,4122
525,2016-06-07,178,4018,4196
525,2016-06-08,184,4034,4218
525,2016-06-09,181,4140,4321
525,2016-06-10,220,4405,4625
525,2016-06-12,24,2784,2808
525,2016-06-13,178,3748,3926
525,2016-06-14,193,3954,4147
525,2016-06-15,171,3975,4146
525,2016-06-16,194,3957,4151
525,2016-06-17,222,4274,4496
525,2016-06-19,22,2785,2807
525,2016-06-20,187,3924,4111
525,2016-06-21,174,4051,4225
525,2016-06-22,197,4404,4601
525,2016-06-23,37,2520,2557
525,2016-06-24,158,4050,4208
525,2016-06-26,40,3104,3144
525,2016-06-27,198,4013,4211
525,2016-06-28,181,4225,4406
525,2016-06-29,181,4139,4320
525,2016-06-30,200,4159,4359
525,2016-07-01,168,4412,4580
525,2016-07-03,33,2594,2627
525,2016-07-04,170,4060,4230
525,2016-07-05,199,4308,4507
525,2016-07-06,233,4239,4472
525,2016-07-07,210,4246,4456
525,2016-07-08,176,4521,4697
525,2016-07-09,123,4041,4164
525,2016-07-11,225,4192,4417
525,2016-07-12,193,4354,4547
525,2016-07-13,178,4248,4426
525,2016-07-14,220,4386,4606
525,2016-07-15,173,4571,4744
525,2016-07-16,74,4038,4112
525,2016-07-18,214,4577,4791
525,2016-07-19,190,4703,4893
525,2016-07-20,219,4626,4845
525,2016-07-21,202,4938,5140
525,2016-07-22,200,4998,5198
525,2016-07-23,138,4612,4750
525,2016-07-25,192,4698,4890
525,2016-07-26,202,4640,4842
525,2016-07-27,185,4382,4567
525,2016-07-28,171,4452,4623
525,2016-07-29,157,4241,4398
525,2016-07-30,103,3462,3565
525,2016-08-01,159,3583,3742
525,2016-08-02,115,3799,3914
525,2016-08-03,127,3515,3642
525,2016-08-04,125,3449,3574
525,2016-08-05,129,3636,3765
525,2016-08-06,94,3274,3368
525,2016-08-08,134,3422,3556
525,2016-08-09,149,3395,3544
525,2016-08-10,172,3374,3546
525,2016-08-11,117,3557,3674
525,2016-08-12,157,3470,3627
525,2016-08-13,85,3353,3438
525,2016-08-15,50,2488,2538
525,2016-08-16,172,3854,4026
525,2016-08-17,192,3314,3506
525,2016-08-18,142,3246,3388
525,2016-08-19,153,3383,3536
525,2016-08-20,87,2901,2988
525,2016-08-22,138,3457,3595
525,2016-08-24,152,3502,3654
525,2016-08-25,149,3460,3609
525,2016-08-26,152,3549,3701
525,2016-08-27,116,3010,3126
525,2016-08-28,36,2540,2576
525,2016-08-29,168,3545,3713
525,2016-08-31,207,3602,3809
525,2016-09-01,183,3722,3905
525,2016-09-02,159,3751,3910
525,2016-09-03,88,3338,3426
525,2016-09-04,22,2166,2188
525,2016-09-05,146,3602,3748
525,2016-09-07,81,1950,2031
525,2016-09-08,71,1611,1682
525,2016-09-09,75,2086,2161
525,2016-09-10,99,3512,3611
525,2016-09-11,18,2755,2773
525,2016-09-12,154,3750,3904
525,2016-09-14,158,3883,4041
525,2016-09-15,182,3988,4170
525,2016-09-16,178,4172,4350
525,2016-09-17,98,3644,3742
525,2016-09-18,20,2750,2770
525,2016-09-19,178,3745,3923
525,2016-09-21,206,4026,4232
525,2016-09-22,179,3967,4146
525,2016-09-23,192,4300,4492
525,2016-09-24,114,3817,3931
525,2016-09-25,21,2970,2991
525,2016-09-26,202,3706,3908
525,2016-09-27,181,3973,4154
525,2016-09-28,260,3927,4187
525,2016-09-29,140,4011,4151
525,2016-09-30,175,4197,4372
525,2016-10-01,92,3588,3680
525,2016-10-02,37,2645,2682
525,2016-10-03,143,3725,3868
525,2016-10-04,187,4007,4194
525,2016-10-05,196,3880,4076
525,2016-10-06,207,3949,4156
525,2016-10-07,199,4102,4301
525,2016-10-08,87,3555,3642
525,2016-10-09,24,2528,2552
525,2016-10-10,153,3736,3889
525,2016-10-11,175,3895,4070
525,2016-10-13,177,4028,4205
525,2016-10-14,180,4402,4582
525,2016-10-15,88,3711,3799
525,2016-10-16,21,2730,2751
525,2016-10-17,160,3735,3895
525,2016-10-18,148,4288,4436
525,2016-10-20,161,3895,4056
525,2016-10-21,217,4645,4862
525,2016-10-22,96,3779,3875
525,2016-10-23,16,2732,2748
525,2016-10-24,154,3628,3782
525,2016-10-25,165,4045,4210
525,2016-10-27,175,3831,4006
525,2016-10-28,185,4141,4326
525,2016-10-29,72,3555,3627
525,2016-10-30,11,2575,2586
525,2016-10-31,99,3671,3770
525,2016-11-01,11,2216,2227
525,2016-11-03,134,3655,3789
525,2016-11-04,158,3802,3960
525,2016-11-05,82,3304,3386
525,2016-11-06,12,2229,2241
525,2016-11-07,154,3569,3723
525,2016-11-08,202,3794,3996
525,2016-11-10,152,3841,3993
525,2016-11-11,144,3911,4055
525,2016-11-12,72,3370,3442
525,2016-11-13,6,2235,2241
525,2016-11-14,171,3579,3750
525,2016-11-15,155,3663,3818
525,2016-11-17,172,3756,3928
525,2016-11-18,140,3762,3902
525,2016-11-19,84,3575,3659
525,2016-11-20,6,2232,2238
525,2016-11-21,138,3598,3736
525,2016-11-22,186,3719,3905
525,2016-11-24,176,3958,4134
525,2016-11-25,161,4121,4282
525,2016-11-26,60,3193,3253
525,2016-11-27,14,2495,2509
525,2016-11-28,151,3679,3830
525,2016-11-29,161,3926,4087
525,2016-12-01,185,3757,3942
525,2016-12-02,163,4018,4181
525,2016-12-03,61,3389,3450
525,2016-12-04,9,2565,2574
525,2016-12-05,137,3633,3770
525,2016-12-06,178,3738,3916
525,2016-12-16,182,4032,4214
525,2016-12-17,73,3443,3516
525,2016-12-18,11,2447,2458
525,2016-12-19,178,3570,3748
525,2016-12-20,200,3823,4023
525,2016-12-21,182,3948,4130
525,2016-12-23,123,3919,4042
525,2016-12-24,54,2605,2659
525,2016-12-25,3,1608,1611
525,2016-12-26,12,1601,1613
525,2016-12-27,82,2820,2902
525,2016-12-28,89,2795,2884
525,2016-12-30,79,2960,3039
525,2016-12-31,47,2271,2318
602,2016-01-01,21,2319,2340
602,2016-01-02,104,5425,5529
602,2016-01-03,48,5360,5408
602,2016-01-04,345,7086,7431
602,2016-01-05,369,7558,7927
602,2016-01-06,421,7212,7633
602,2016-01-08,424,8411,8835
602,2016-01-09,152,5283,5435
602,2016-01-10,56,5682,5738
602,2016-01-11,561,7434,7995
602,2016-01-12,896,7490,8386
602,2016-01-13,730,7156,7886
602,2016-01-15,470,6690,7160
602,2016-01-16,202,4950,5152
602,2016-01-17,79,5038,5117
602,2016-01-18,628,7410,8038
602,2016-01-19,711,7508,8219
602,2016-01-20,712,7245,7957
602,2016-01-22,632,7340,7972
602,2016-01-23,181,5093,5274
602,2016-01-24,45,5315,5360
602,2016-01-25,596,7529,8125
602,2016-01-26,531,7865,8396
602,2016-01-27,623,7565,8188
602,2016-01-29,504,8646,9150
602,2016-01-31,36,5618,5654
602,2016-02-01,537,7608,8145
602,2016-02-03,506,6958,7464
602,2016-02-05,586,8104,8690
602,2016-02-06,216,5397,5613
602,2016-02-07,60,4700,4760
602,2016-02-10,585,6655,7240
602,2016-02-12,687,8368,9055
602,2016-02-13,179,5182,5361
602,2016-02-14,58,5686,5744
602,2016-02-15,601,7264,7865
602,2016-02-16,698,7609,8307
602,2016-02-17,751,6973,7724
602,2016-02-19,645,8274,8919
602,2016-02-20,326,5184,5510
602,2016-02-21,39,5698,5737
602,2016-02-22,726,6690,7416
602,2016-02-23,832,7152,7984
602,2016-02-24,790,7285,8075
602,2016-02-26,745,8455,9200
602,2016-02-27,250,5742,5992
602,2016-02-28,90,6318,6408
602,2016-02-29,773,7836,8609
602,2016-03-01,748,7853,8601
602,2016-03-02,1053,7384,8437
602,2016-03-04,467,7411,7878
602,2016-03-05,201,5290,5491
602,2016-03-06,60,5425,5485
602,2016-03-07,705,7267,7972
602,2016-03-08,740,7805,8545
602,2016-03-09,679,8034,8713
602,2016-03-11,659,8943,9602
602,2016-03-12,174,6212,6386
602,2016-03-13,41,6405,6446
602,2016-03-14,637,7989,8626
602,2016-03-15,697,8180,8877
602,2016-03-16,782,7995,8777
602,2016-03-18,657,9104,9761
602,2016-03-19,212,6173,6385
602,2016-03-20,54,6079,6133
602,2016-03-21,635,7997,8632
602,2016-03-22,684,8334,9018
602,2016-03-23,751,8174,8925
602,2016-03-25,603,10144,10747
602,2016-03-26,186,7024,7210
602,2016-03-28,222,6998,7220
602,2016-03-29,635,8603,9238
602,2016-03-30,668,8580,9248
602,2016-04-01,608,9498,10106
602,2016-04-02,221,6561,6782
602,2016-04-03,57,6891,6948
602,2016-04-04,954,8639,9593
602,2016-04-05,935,8641,9576
602,2016-04-06,1424,8911,10335
602,2016-04-08,684,9958,10642
602,2016-04-09,215,6851,7066
602,2016-04-10,71,7838,7909
602,2016-04-11,719,8285,9004
602,2016-04-12,866,8332,9198
602,2016-04-13,934,8196,9130
602,2016-04-15,700,9437,10137
602,2016-04-16,244,6362,6606
602,2016-04-17,71,7140,7211
602,2016-04-18,722,8349,9071
602,2016-04-19,713,8571,9284
602,2016-04-20,781,8325,9106
602,2016-04-22,620,9594,10214
602,2016-04-23,230,6496,6726
602,2016-04-24,53,6656,6709
602,2016-04-25,790,8400,9190
602,2016-04-26,744,8322,9066
602,2016-04-27,693,8425,9118
602,2016-04-29,738,10016,10754
602,2016-04-30,225,7090,7315
602,2016-05-01,54,7696,7750
602,2016-05-02,718,9005,9723
602,2016-05-03,914,9174,10088
602,2016-05-04,751,10295,11046
602,2016-05-06,549,9691,10240
602,2016-05-07,303,8699,9002
602,2016-05-08,168,9713,9881
602,2016-05-09,731,8895,9626
602,2016-05-10,674,9008,9682
602,2016-05-11,788,8782,9570
602,2016-05-13,952,10024,10976
602,2016-05-14,277,7837,8114
602,2016-05-15,85,7886,7971
602,2016-05-16,172,8504,8676
602,2016-05-17,753,9387,10140
602,2016-05-18,719,8586,9305
602,2016-05-20,726,10524,11250
602,2016-05-21,242,6582,6824
602,2016-05-22,59,6983,7042
602,2016-05-23,659,8797,9456
602,2016-05-24,704,8798,9502
602,2016-05-25,813,8655,9468
602,2016-05-27,886,9668,10554
602,2016-05-28,290,6884,7174
602,2016-05-29,88,7716,7804
602,2016-05-30,688,8592,9280
602,2016-05-31,648,9092,9740
602,2016-06-01,840,8716,9556
602,2016-06-03,866,9678,10544
602,2016-06-04,240,6496,6736
602,2016-06-05,86,7344,7430
602,2016-06-06,840,7834,8674
602,2016-06-07,715,8567,9282
602,2016-06-08,812,8582,9394
602,2016-06-10,693,10388,11081
602,2016-06-11,260,7333,7593
602,2016-06-12,109,7742,7851
602,2016-06-13,806,8298,9104
602,2016-06-14,820,8506,9326
602,2016-06-15,846,8304,9150
602,2016-06-17,790,9950,10740
602,2016-06-18,304,7784,8088
602,2016-06-19,91,7968,8059
602,2016-06-20,677,8572,9249
602,2016-06-21,668,8812,9480
602,2016-06-22,760,8905,9665
602,2016-06-24,806,8308,9114
602,2016-06-25,270,6690,6960
602,2016-06-26,154,7226,7380
602,2016-06-27,689,8800,9489
602,2016-06-28,707,9106,9813
602,2016-06-29,682,8946,9628
602,2016-07-01,675,9880,10555
602,2016-07-02,338,6852,7190
602,2016-07-03,108,7628,7736
602,2016-07-04,643,8656,9299
602,2016-07-05,664,8802,9466
602,2016-07-06,695,8752,9447
602,2016-07-08,751,9728,10479
602,2016-07-09,233,7753,7986
602,2016-07-10,91,7948,8039
602,2016-07-11,628,8795,9423
602,2016-07-12,657,8905,9562
602,2016-07-13,888,9096,9984
602,2016-07-15,689,10282,10971
602,2016-07-16,240,7726,7966
602,2016-07-17,120,8490,8610
602,2016-07-18,603,9363,9966
602,2016-07-19,611,9510,10121
602,2016-07-20,660,9234,9894
602,2016-07-22,702,9840,10542
602,2016-07-23,260,7948,8208
602,2016-07-24,96,8223,8319
602,2016-07-25,697,9338,10035
602,2016-07-26,635,9559,10194
602,2016-07-27,633,9251,9884
602,2016-07-29,478,10179,10657
602,2016-07-30,253,8018,8271
602,2016-07-31,108,8298,8406
602,2016-08-01,457,8402,8859
602,2016-08-02,375,8398,8773
602,2016-08-03,422,8166,8588
602,2016-08-05,614,9570,10184
602,2016-08-06,224,7908,8132
602,2016-08-07,129,8954,9083
602,2016-08-08,395,8183,8578
602,2016-08-09,447,8042,8489
602,2016-08-10,499,8139,8638
602,2016-08-12,497,9383,9880
602,2016-08-13,251,7726,7977
602,2016-08-14,131,8192,8323
602,2016-08-15,155,7576,7731
602,2016-08-16,518,8297,8815
602,2016-08-17,562,8449,9011
602,2016-08-19,549,9065,9614
602,2016-08-20,242,7675,7917
602,2016-08-21,142,8348,8490
602,2016-08-22,565,8759,9324
602,2016-08-23,662,9184,9846
602,2016-08-24,680,9210,9890
602,2016-08-26,701,10978,11679
602,2016-08-27,302,8516,8818
602,2016-08-28,118,8423,8541
602,2016-08-29,623,9351,9974
602,2016-08-30,668,9246,9914
602,2016-08-31,683,9197,9880
602,2016-09-02,500,10170,10670
602,2016-09-03,223,6919,7142
602,2016-09-04,70,7294,7364
602,2016-09-05,636,8986,9622
602,2016-09-06,659,9150,9809
602,2016-09-07,742,9137,9879
602,2016-09-09,694,10438,11132
602,2016-09-10,239,7244,7483
602,2016-09-11,111,7837,7948
602,2016-09-12,693,9183,9876
602,2016-09-13,716,9321,10037
602,2016-09-14,699,9187,9886
602,2016-09-16,750,10162,10912
602,2016-09-17,247,6930,7177
602,2016-09-18,88,7249,7337
602,2016-09-19,701,8692,9393
602,2016-09-20,784,8815,9599
602,2016-09-21,753,8680,9433
602,2016-09-23,732,9774,10506
602,2016-09-24,260,7427,7687
602,2016-09-25,126,8267,8393
602,2016-09-26,670,8735,9405
602,2016-09-27,739,8824,9563
602,2016-09-28,755,8598,9353
602,2016-09-30,743,10513,11256
602,2016-10-01,276,7156,7432
602,2016-10-02,70,7368,7438
602,2016-10-03,711,9314,10025
602,2016-10-04,704,8813,9517
602,2016-10-05,725,8441,9166
602,2016-10-07,747,9791,10538
602,2016-10-08,306,7004,7310
602,2016-10-09,80,7405,7485
602,2016-10-10,688,8392,9080
602,2016-10-11,722,8721,9443
602,2016-10-12,774,8439,9213
602,2016-10-14,712,9636,10348
602,2016-10-15,211,6794,7005
602,2016-10-16,70,7179,7249
602,2016-10-17,682,8627,9309
602,2016-10-18,840,8502,9342
602,2016-10-19,844,8364,9208
602,2016-10-21,652,9429,10081
602,2016-10-22,282,6688,6970
602,2016-10-23,70,6721,6791
602,2016-10-24,573,8611,9184
602,2016-10-25,687,8640,9327
602,2016-10-26,725,8543,9268
602,2016-10-28,716,9968,10684
602,2016-10-29,218,6846,7064
602,2016-10-30,87,7499,7586
602,2016-10-31,488,8270,8758
602,2016-11-01,128,6274,6402
602,2016-11-02,764,8594,9358
602,2016-11-04,685,9417,10102
602,2016-11-05,205,6159,6364
602,2016-11-06,96,6350,6446
602,2016-11-07,624,8267,8891
602,2016-11-08,648,8230,8878
602,2016-11-09,786,8164,8950
602,2016-11-11,610,9012,9622
602,2016-11-12,184,5972,6156
602,2016-11-13,41,6181,6222
602,2016-11-14,682,8470,9152
602,2016-11-15,556,8427,8983
602,2016-11-16,618,8265,8883
602,2016-11-19,202,5982,6184
602,2016-11-20,48,5739,5787
602,2016-11-21,558,7960,8518
602,2016-11-22,648,8255,8903
602,2016-11-23,620,8266,8886
602,2016-11-25,683,9781,10464
602,2016-11-26,232,6423,6655
602,2016-11-27,57,6219,6276
602,2016-11-28,656,8718,9374
602,2016-11-29,623,8818,9441
602,2016-11-30,694,8629,9323
602,2016-12-02,610,9668,10278
602,2016-12-03,236,6722,6958
602,2016-12-04,84,6689,6773
602,2016-12-05,620,8963,9583
602,2016-12-06,642,8683,9325
602,2016-12-07,633,8322,8955
602,2016-12-09,610,9326,9936
602,2016-12-10,183,6289,6472
602,2016-12-11,49,6309,6358
602,2016-12-12,600,8662,9262
602,2016-12-13,656,8526,9182
602,2016-12-14,627,8464,9091
602,2016-12-16,674,9818,10492
602,2016-12-17,220,6484,6704
602,2016-12-18,44,6661,6705
602,2016-12-19,672,8910,9582
602,2016-12-20,652,9294,9946
602,2016-12-21,630,9146,9776
602,2016-12-23,418,9854,10272
602,2016-12-24,147,5537,5684
602,2016-12-25,21,2382,2403
602,2016-12-26,74,5112,5186
602,2016-12-27,314,6831,7145
602,2016-12-28,356,6971,7327
602,2016-12-30,286,7972,8258
602,2016-12-31,143,5409,5552
604,2016-01-02,14,3308,3322
604,2016-01-03,4,3005,3009
604,2016-01-04,99,5482,5581
604,2016-01-05,102,5658,5760
604,2016-01-06,98,5809,5907
604,2016-01-07,108,5929,6037
604,2016-01-09,24,3785,3809
604,2016-01-10,16,3326,3342
604,2016-01-11,232,5890,6122
604,2016-01-12,236,6170,6406
604,2016-01-13,216,5930,6146
604,2016-01-14,123,5759,5882
604,2016-01-16,68,3647,3715
604,2016-01-17,8,3152,3160
604,2016-01-18,148,5830,5978
604,2016-01-19,123,6003,6126
604,2016-01-20,118,5743,5861
604,2016-01-21,105,6102,6207
604,2016-01-23,19,3774,3793
604,2016-01-24,16,3321,3337
604,2016-01-25,120,5799,5919
604,2016-01-26,129,6032,6161
604,2016-01-27,129,6072,6201
604,2016-01-28,145,6353,6498
604,2016-01-30,48,4090,4138
604,2016-01-31,14,3620,3634
604,2016-02-01,124,6147,6271
604,2016-02-02,220,5972,6192
604,2016-02-03,138,6071,6209
604,2016-02-04,158,6354,6512
604,2016-02-06,17,4024,4041
604,2016-02-07,18,3024,3042
604,2016-02-08,130,4052,4182
604,2016-02-09,162,5020,5182
604,2016-02-10,142,5584,5726
604,2016-02-11,115,5753,5868
604,2016-02-13,21,3821,3842
604,2016-02-14,6,3426,3432
604,2016-02-15,145,5570,5715
604,2016-02-16,138,6100,6238
604,2016-02-17,143,5751,5894
604,2016-02-18,143,6111,6254
604,2016-02-20,30,4320,4350
604,2016-02-21,8,3361,3369
604,2016-02-22,220,5546,5766
604,2016-02-23,124,6094,6218
604,2016-02-24,132,6010,6142
604,2016-02-25,129,6279,6408
604,2016-02-27,34,4464,4498
604,2016-02-28,4,3578,3582
604,2016-02-29,149,6101,6250
604,2016-03-01,165,6030,6195
604,2016-03-02,220,6038,6258
604,2016-03-03,125,6010,6135
604,2016-03-05,28,4136,4164
604,2016-03-06,7,3285,3292
604,2016-03-07,119,5659,5778
604,2016-03-08,142,6014,6156
604,2016-03-09,140,6029,6169
604,2016-03-10,165,6464,6629
604,2016-03-12,28,4642,4670
604,2016-03-13,2,4014,4016
604,2016-03-14,144,6064,6208
604,2016-03-15,166,6191,6357
604,2016-03-16,174,6068,6242
604,2016-03-17,152,6420,6572
604,2016-03-19,20,4414,4434
604,2016-03-20,16,3673,3689
604,2016-03-21,122,5980,6102
604,2016-03-22,168,6099,6267
604,2016-03-23,140,6161,6301
604,2016-03-24,140,6525,6665
604,2016-03-26,41,4639,4680
604,2016-03-28,18,2988,3006
604,2016-03-29,210,5662,5872
604,2016-03-30,156,5809,5965
604,2016-03-31,122,5556,5678
604,2016-04-02,34,4335,4369
604,2016-04-03,12,3623,3635
604,2016-04-04,144,5873,6017
604,2016-04-05,157,6112,6269
604,2016-04-06,300,5878,6178
604,2016-04-07,240,6022,6262
604,2016-04-09,25,4641,4666
604,2016-04-10,4,4061,4065
604,2016-04-11,147,6258,6405
604,2016-04-12,228,6400,6628
604,2016-04-13,187,6323,6510
604,2016-04-14,143,6566,6709
604,2016-04-16,56,4752,4808
604,2016-04-17,16,3864,3880
604,2016-04-18,142,6154,6296
604,2016-04-19,146,6507,6653
604,2016-04-20,172,6398,6570
604,2016-04-21,178,6474,6652
604,2016-04-23,35,4892,4927
604,2016-04-24,2,3667,3669
604,2016-04-25,262,6088,6350
604,2016-04-26,161,6296,6457
604,2016-04-27,170,6869,7039
604,2016-04-28,155,6831,6986
604,2016-04-30,40,4709,4749
604,2016-05-01,9,3961,3970
604,2016-05-02,191,6340,6531
604,2016-05-03,192,6711,6903
604,2016-05-04,192,7062,7254
604,2016-05-05,13,4333,4346
604,2016-05-07,34,5112,5146
604,2016-05-08,17,5758,5775
604,2016-05-09,184,6390,6574
604,2016-05-10,177,6620,6797
604,2016-05-11,169,6635,6804
604,2016-05-12,181,6705,6886
604,2016-05-14,48,4826,4874
604,2016-05-15,14,4104,4118
604,2016-05-16,13,3624,3637
604,2016-05-17,187,6170,6357
604,2016-05-18,296,6068,6364
604,2016-05-19,171,6138,6309
604,2016-05-21,29,4737,4766
604,2016-05-22,8,3542,3550
604,2016-05-23,146,6073,6219
604,2016-05-24,190,6649,6839
604,2016-05-25,198,6531,6729
604,2016-05-26,182,6924,7106
604,2016-05-28,29,4618,4647
604,2016-05-29,14,3930,3944
604,2016-05-30,156,6016,6172
604,2016-05-31,165,6639,6804
604,2016-06-01,244,6470,6714
604,2016-06-02,270,6490,6760
604,2016-06-04,33,4650,4683
604,2016-06-05,6,3574,3580
604,2016-06-06,310,6562,6872
604,2016-06-07,198,6978,7176
604,2016-06-08,346,6944,7290
604,2016-06-09,176,7661,7837
604,2016-06-11,40,5265,5305
604,2016-06-12,16,4074,4090
604,2016-06-13,306,6808,7114
604,2016-06-14,330,6820,7150
604,2016-06-15,266,6478,6744
604,2016-06-16,278,6760,7038
604,2016-06-18,49,4638,4687
604,2016-06-19,6,3833,3839
604,2016-06-20,286,6154,6440
604,2016-06-21,164,6603,6767
604,2016-06-22,171,6914,7085
604,2016-06-23,52,3913,3965
604,2016-06-25,23,4378,4401
604,2016-06-26,20,3746,3766
604,2016-06-27,163,6189,6352
604,2016-06-28,172,6610,6782
604,2016-06-29,162,6540,6702
604,2016-06-30,268,6724,6992
604,2016-07-02,58,4552,4610
604,2016-07-03,6,3997,4003
604,2016-07-04,142,6100,6242
604,2016-07-05,145,6404,6549
604,2016-07-06,150,6275,6425
604,2016-07-07,138,6761,6899
604,2016-07-09,62,4744,4806
604,2016-07-10,19,4265,4284
604,2016-07-11,163,6245,6408
604,2016-07-12,169,6487,6656
604,2016-07-13,242,6514,6756
604,2016-07-14,166,6644,6810
604,2016-07-16,31,4781,4812
604,2016-07-17,6,4126,4132
604,2016-07-18,152,6189,6341
604,2016-07-19,155,6709,6864
604,2016-07-20,124,6296,6420
604,2016-07-21,117,6060,6177
604,2016-07-23,29,4645,4674
604,2016-07-24,24,4265,4289
604,2016-07-25,100,5900,6000
604,2016-07-26,147,6101,6248
604,2016-07-27,135,6229,6364
604,2016-07-28,127,6310,6437
604,2016-07-30,36,4382,4418
604,2016-07-31,5,3667,3672
604,2016-08-01,64,4937,5001
604,2016-08-02,130,4918,5048
604,2016-08-03,122,5016,5138
604,2016-08-04,82,4832,4914
604,2016-08-06,19,4127,4146
604,2016-08-07,27,4028,4055
604,2016-08-08,73,4565,4638
604,2016-08-09,98,4632,4730
604,2016-08-10,73,4622,4695
604,2016-08-11,68,4659,4727
604,2016-08-13,26,3948,3974
604,2016-08-14,20,3557,3577
604,2016-08-15,62,3377,3439
604,2016-08-16,121,5097,5218
604,2016-08-17,108,5091,5199
604,2016-08-18,124,4971,5095
604,2016-08-20,27,3979,4006
604,2016-08-21,16,3552,3568
604,2016-08-22,121,5531,5652
604,2016-08-23,121,6230,6351
604,2016-08-24,148,6030,6178
604,2016-08-25,131,6047,6178
604,2016-08-27,37,4578,4615
604,2016-08-28,6,4119,4125
604,2016-08-29,132,5882,6014
604,2016-08-30,124,5864,5988
604,2016-08-31,153,6182,6335
604,2016-09-01,163,6004,6167
604,2016-09-03,33,4508,4541
604,2016-09-04,10,3568,3578
604,2016-09-05,159,5850,6009
604,2016-09-06,151,6015,6166
604,2016-09-07,157,6068,6225
604,2016-09-08,150,6287,6437
604,2016-09-10,32,4652,4684
604,2016-09-11,4,3803,3807
604,2016-09-12,162,6341,6503
604,2016-09-13,159,6439,6598
604,2016-09-14,141,6419,6560
604,2016-09-15,254,6610,6864
604,2016-09-17,27,4460,4487
604,2016-09-18,18,3825,3843
604,2016-09-19,177,6175,6352
604,2016-09-20,180,6294,6474
604,2016-09-21,141,6188,6329
604,2016-09-22,187,6557,6744
604,2016-09-24,23,4876,4899
604,2016-09-25,10,4159,4169
604,2016-09-26,167,6159,6326
604,2016-09-27,177,6445,6622
604,2016-09-28,189,6372,6561
604,2016-09-29,157,6696,6853
604,2016-10-01,27,4955,4982
604,2016-10-02,20,4146,4166
604,2016-10-04,164,6326,6490
604,2016-10-05,160,6312,6472
604,2016-10-06,185,6489,6674
604,2016-10-07,153,6714,6867
604,2016-10-08,45,4575,4620
604,2016-10-09,18,3961,3979
604,2016-10-11,154,6481,6635
604,2016-10-12,199,6165,6364
604,2016-10-13,162,6444,6606
604,2016-10-14,143,6802,6945
604,2016-10-15,44,4471,4515
604,2016-10-16,12,3923,3935
604,2016-10-18,312,6468,6780
604,2016-10-19,284,6012,6296
604,2016-10-20,240,6508,6748
604,2016-10-21,134,6724,6858
604,2016-10-22,29,4503,4532
604,2016-10-23,18,3695,3713
604,2016-10-25,169,6376,6545
604,2016-10-26,145,6174,6319
604,2016-10-27,146,6474,6620
604,2016-10-28,148,6844,6992
604,2016-10-29,30,5026,5056
604,2016-10-30,11,4121,4132
604,2016-11-01,34,3466,3500
604,2016-11-02,165,5821,5986
604,2016-11-03,154,6433,6587
604,2016-11-04,113,6260,6373
604,2016-11-05,35,4282,4317
604,2016-11-06,8,3373,3381
604,2016-11-08,148,6252,6400
604,2016-11-09,159,6205,6364
604,2016-11-10,172,6379,6551
604,2016-11-11,107,6318,6425
604,2016-11-12,17,4583,4600
604,2016-11-13,18,3463,3481
604,2016-11-15,139,6008,6147
604,2016-11-16,226,6054,6280
604,2016-11-17,240,6204,6444
604,2016-11-18,200,6468,6668
604,2016-11-19,24,4486,4510
604,2016-11-20,14,3377,3391
604,2016-11-22,139,6228,6367
604,2016-11-23,155,5929,6084
604,2016-11-24,118,6635,6753
604,2016-11-25,136,6916,7052
604,2016-11-26,26,4583,4609
604,2016-11-27,20,3821,3841
604,2016-11-29,154,6348,6502
604,2016-11-30,155,6230,6385
604,2016-12-01,163,6504,6667
604,2016-12-02,106,6520,6626
604,2016-12-03,34,4560,4594
604,2016-12-04,22,3770,3792
604,2016-12-06,134,6144,6278
604,2016-12-07,133,6131,6264
604,2016-12-08,129,6535,6664
604,2016-12-09,120,6621,6741
604,2016-12-10,20,4366,4386
604,2016-12-11,9,3430,3439
604,2016-12-13,137,6186,6323
604,2016-12-14,138,6118,6256
604,2016-12-15,154,6581,6735
604,2016-12-16,142,6662,6804
604,2016-12-17,31,4552,4583
604,2016-12-18,6,3595,3601
604,2016-12-20,142,6485,6627
604,2016-12-21,129,6302,6431
604,2016-12-22,100,6588,6688
604,2016-12-23,82,6570,6652
604,2016-12-24,19,4002,4021
604,2016-12-25,14,1682,1696
604,2016-12-27,52,4326,4378
604,2016-12-28,46,4449,4495
604,2016-12-29,56,4643,4699
604,2016-12-30,36,4911,4947
604,2016-12-31,44,3680,3724
605,2016-01-01,2,801,803
605,2016-01-02,2,1044,1046
605,2016-01-03,2,869,871
605,2016-01-04,86,2367,2453
605,2016-01-06,118,2623,2741
605,2016-01-07,125,2513,2638
605,2016-01-08,106,2951,3057
605,2016-01-09,7,1588,1595
605,2016-01-10,3,997,1000
605,2016-01-11,122,2430,2552
605,2016-01-13,200,3378,3578
605,2016-01-14,140,2781,2921
605,2016-01-15,96,2411,2507
605,2016-01-16,36,1984,2020
605,2016-01-17,6,1281,1287
605,2016-01-18,133,2980,3113
605,2016-01-20,136,2916,3052
605,2016-01-21,122,2970,3092
605,2016-01-22,108,2775,2883
605,2016-01-23,10,1474,1484
605,2016-01-24,4,1168,1172
605,2016-01-25,121,2919,3040
605,2016-01-27,131,3021,3152
605,2016-01-28,122,3121,3243
605,2016-01-29,135,3170,3305
605,2016-01-30,16,1960,1976
605,2016-01-31,NA,1245,NA
605,2016-02-01,121,2989,3110
605,2016-02-03,142,3135,3277
605,2016-02-04,143,2957,3100
605,2016-02-05,118,3254,3372
605,2016-02-06,12,1675,1687
605,2016-02-07,10,1199,1209
605,2016-02-08,168,2348,2516
605,2016-02-10,126,2745,2871
605,2016-02-11,134,2809,2943
605,2016-02-12,138,3001,3139
605,2016-02-13,16,1170,1186
605,2016-02-14,2,1091,1093
605,2016-02-15,131,2829,2960
605,2016-02-17,135,3129,3264
605,2016-02-18,145,3279,3424
605,2016-02-19,110,3186,3296
605,2016-02-20,11,1457,1468
605,2016-02-21,2,1240,1242
605,2016-02-22,236,3326,3562
605,2016-02-24,121,3139,3260
605,2016-02-25,140,3233,3373
605,2016-02-26,126,3333,3459
605,2016-02-27,11,1824,1835
605,2016-02-28,6,1366,1372
605,2016-02-29,122,3195,3317
605,2016-03-02,139,3007,3146
605,2016-03-03,130,2865,2995
605,2016-03-04,107,2522,2629
605,2016-03-05,5,1691,1696
605,2016-03-06,2,1172,1174
605,2016-03-07,116,2948,3064
605,2016-03-09,145,3278,3423
605,2016-03-10,161,3372,3533
605,2016-03-11,131,3457,3588
605,2016-03-12,9,2044,2053
605,2016-03-13,2,1795,1797
605,2016-03-14,121,3087,3208
605,2016-03-16,138,3309,3447
605,2016-03-17,180,3471,3651
605,2016-03-18,130,3474,3604
605,2016-03-19,12,1951,1963
605,2016-03-20,4,1437,1441
605,2016-03-21,121,3150,3271
605,2016-03-23,143,3381,3524
605,2016-03-24,166,3403,3569
605,2016-03-25,101,2994,3095
605,2016-03-26,9,1813,1822
605,2016-03-28,10,1588,1598
605,2016-03-31,232,3214,3446
605,2016-04-01,111,3048,3159
605,2016-04-02,8,1901,1909
605,2016-04-03,6,1524,1530
605,2016-04-04,108,2810,2918
605,2016-04-06,114,3052,3166
605,2016-04-07,228,3316,3544
605,2016-04-08,151,3109,3260
605,2016-04-09,10,2010,2020
605,2016-04-10,2,1488,1490
605,2016-04-11,145,3276,3421
605,2016-04-13,155,3071,3226
605,2016-04-14,164,3270,3434
605,2016-04-15,200,3904,4104
605,2016-04-16,12,2196,2208
605,2016-04-17,NA,1429,NA
605,2016-04-18,155,3241,3396
605,2016-04-20,136,3394,3530
605,2016-04-21,151,3431,3582
605,2016-04-22,139,3513,3652
605,2016-04-23,18,2176,2194
605,2016-04-24,12,1313,1325
605,2016-04-25,188,3324,3512
605,2016-04-27,125,3010,3135
605,2016-04-28,148,3384,3532
605,2016-04-29,139,3410,3549
605,2016-04-30,7,1884,1891
605,2016-05-01,2,1662,1664
605,2016-05-02,133,3333,3466
605,2016-05-04,159,3638,3797
605,2016-05-05,8,2349,2357
605,2016-05-06,77,2722,2799
605,2016-05-07,18,2334,2352
605,2016-05-08,3,2014,2017
605,2016-05-09,149,3298,3447
605,2016-05-11,128,3292,3420
605,2016-05-12,158,3334,3492
605,2016-05-13,208,3828,4036
605,2016-05-14,36,2060,2096
605,2016-05-15,23,1522,1545
605,2016-05-16,29,1495,1524
605,2016-05-18,203,3041,3244
605,2016-05-19,194,3161,3355
605,2016-05-20,168,3357,3525
605,2016-05-21,34,2062,2096
605,2016-05-22,38,1170,1208
605,2016-05-23,129,3019,3148
605,2016-05-25,159,3319,3478
605,2016-05-26,132,3368,3500
605,2016-05-27,200,3840,4040
605,2016-05-28,4,1980,1984
605,2016-05-29,2,1524,1526
605,2016-05-30,188,3534,3722
605,2016-06-01,162,3632,3794
605,2016-06-02,206,3732,3938
605,2016-06-03,186,3606,3792
605,2016-06-04,18,2318,2336
605,2016-06-05,4,1656,1660
605,2016-06-06,208,3522,3730
605,2016-06-08,224,3694,3918
605,2016-06-09,141,3473,3614
605,2016-06-10,130,3444,3574
605,2016-06-11,13,2079,2092
605,2016-06-12,2,1746,1748
605,2016-06-13,168,3424,3592
605,2016-06-15,188,3628,3816
605,2016-06-16,154,3019,3173
605,2016-06-17,142,3343,3485
605,2016-06-18,8,3068,3076
605,2016-06-19,2,1582,1584
605,2016-06-20,132,2927,3059
605,2016-06-22,149,3203,3352
605,2016-06-23,48,1634,1682
605,2016-06-24,174,2808,2982
605,2016-06-25,15,1682,1697
605,2016-06-26,NA,1710,NA
605,2016-06-27,164,2945,3109
605,2016-06-29,147,3286,3433
605,2016-06-30,157,3236,3393
605,2016-07-01,134,3260,3394
605,2016-07-02,8,1818,1826
605,2016-07-03,10,1400,1410
605,2016-07-04,112,2783,2895
605,2016-07-06,147,3148,3295
605,2016-07-07,154,3290,3444
605,2016-07-08,136,3430,3566
605,2016-07-09,14,1989,2003
605,2016-07-10,2,1669,1671
605,2016-07-11,149,3168,3317
605,2016-07-13,126,3184,3310
605,2016-07-14,139,3177,3316
605,2016-07-15,142,3298,3440
605,2016-07-16,11,1888,1899
605,2016-07-17,6,1625,1631
605,2016-07-18,123,3012,3135
605,2016-07-20,113,3079,3192
605,2016-07-21,168,3580,3748
605,2016-07-22,154,3332,3486
605,2016-07-23,46,2054,2100
605,2016-07-24,40,1658,1698
605,2016-07-25,127,2979,3106
605,2016-07-27,149,3259,3408
605,2016-07-28,94,3055,3149
605,2016-07-29,114,4332,4446
605,2016-07-30,16,2802,2818
605,2016-07-31,4,1563,1567
605,2016-08-01,57,2554,2611
605,2016-08-03,56,2247,2303
605,2016-08-04,67,2464,2531
605,2016-08-05,53,2473,2526
605,2016-08-06,12,1658,1670
605,2016-08-07,10,1616,1626
605,2016-08-08,47,2309,2356
605,2016-08-10,45,2395,2440
605,2016-08-11,53,2288,2341
605,2016-08-12,64,2320,2384
605,2016-08-13,14,1843,1857
605,2016-08-14,6,1541,1547
605,2016-08-15,14,1568,1582
605,2016-08-17,24,2467,2491
605,2016-08-18,30,2940,2970
605,2016-08-19,22,2217,2239
605,2016-08-20,NA,1412,NA
605,2016-08-21,NA,1538,NA
605,2016-08-22,17,2395,2412
605,2016-08-24,18,2699,2717
605,2016-08-25,26,2640,2666
605,2016-08-26,38,2648,2686
605,2016-08-27,4,1414,1418
605,2016-08-28,2,1386,1388
605,2016-08-29,14,2532,2546
605,2016-08-31,25,2681,2706
605,2016-09-01,21,2789,2810
605,2016-09-02,23,2743,2766
605,2016-09-03,NA,1451,NA
605,2016-09-04,NA,1408,NA
605,2016-09-05,21,2545,2566
605,2016-09-07,30,2840,2870
605,2016-09-08,38,2784,2822
605,2016-09-09,26,2816,2842
605,2016-09-10,2,1765,1767
605,2016-09-11,4,1359,1363
605,2016-09-12,21,2819,2840
605,2016-09-14,38,2894,2932
605,2016-09-15,36,2946,2982
605,2016-09-16,30,3020,3050
605,2016-09-17,NA,1826,NA
605,2016-09-18,NA,1258,NA
605,2016-09-19,21,2858,2879
605,2016-09-21,16,2917,2933
605,2016-09-22,39,3073,3112
605,2016-09-23,27,3041,3068
605,2016-09-24,4,1803,1807
605,2016-09-25,NA,1448,NA
605,2016-09-26,24,2707,2731
605,2016-09-28,48,2969,3017
605,2016-09-29,48,2951,2999
605,2016-09-30,46,2955,3001
605,2016-10-01,NA,1614,NA
605,2016-10-02,8,1268,1276
605,2016-10-03,18,2595,2613
605,2016-10-05,21,2775,2796
605,2016-10-06,38,2943,2981
605,2016-10-07,22,3060,3082
605,2016-10-08,NA,1699,NA
605,2016-10-09,4,1275,1279
605,2016-10-10,42,2761,2803
605,2016-10-12,21,2850,2871
605,2016-10-13,27,3012,3039
605,2016-10-14,19,2898,2917
605,2016-10-15,NA,1461,NA
605,2016-10-16,NA,1354,NA
605,2016-10-17,36,2789,2825
605,2016-10-19,52,3546,3598
605,2016-10-20,36,3694,3730
605,2016-10-21,32,2996,3028
605,2016-10-22,6,1656,1662
605,2016-10-23,2,1283,1285
605,2016-10-24,15,2496,2511
605,2016-10-26,42,2864,2906
605,2016-10-27,19,2872,2891
605,2016-10-28,16,3207,3223
605,2016-10-29,NA,1969,NA
605,2016-10-30,NA,1358,NA
605,2016-10-31,6,2055,2061
605,2016-11-03,22,2977,2999
605,2016-11-04,30,2851,2881
605,2016-11-05,2,1489,1491
605,2016-11-06,NA,1177,NA
605,2016-11-07,17,2624,2641
605,2016-11-08,44,3064,3108
605,2016-11-10,46,3744,3790
605,2016-11-11,30,3452,3482
605,2016-11-12,2,1597,1599
605,2016-11-13,NA,973,NA
605,2016-11-14,20,2715,2735
605,2016-11-15,20,2642,2662
605,2016-11-17,42,2741,2783
605,2016-11-18,42,3604,3646
605,2016-11-19,NA,1795,NA
605,2016-11-20,NA,1089,NA
605,2016-11-21,20,2169,2189
605,2016-11-22,25,2894,2919
605,2016-11-24,46,3029,3075
605,2016-11-25,40,3093,3133
605,2016-11-26,NA,1615,NA
605,2016-11-27,NA,1060,NA
605,2016-11-28,26,2968,2994
605,2016-11-29,27,3061,3088
605,2016-12-01,21,3113,3134
605,2016-12-02,15,2943,2958
605,2016-12-03,6,1656,1662
605,2016-12-04,NA,1358,NA
605,2016-12-05,42,2802,2844
605,2016-12-06,23,2843,2866
605,2016-12-08,46,2955,3001
605,2016-12-09,24,2948,2972
605,2016-12-10,NA,1617,NA
605,2016-12-11,NA,1471,NA
605,2016-12-12,26,2737,2763
605,2016-12-13,23,2858,2881
605,2016-12-15,27,2852,2879
605,2016-12-16,36,3057,3093
605,2016-12-17,2,1759,1761
605,2016-12-18,NA,1114,NA
605,2016-12-19,16,2746,2762
605,2016-12-20,13,2899,2912
605,2016-12-22,11,2384,2395
605,2016-12-23,12,2408,2420
605,2016-12-24,NA,1032,NA
605,2016-12-25,NA,682,NA
605,2016-12-26,NA,1130,NA
605,2016-12-27,2,1385,1387
605,2016-12-30,4,1528,1532
605,2016-12-31,NA,962,NA
610,2016-01-02,102,6394,6496
610,2016-01-03,72,6027,6099
610,2016-01-04,389,9710,10099
610,2016-01-05,438,10202,10640
610,2016-01-06,516,10341,10857
610,2016-01-07,528,10705,11233
610,2016-01-09,163,7210,7373
610,2016-01-10,92,5944,6036
610,2016-01-11,714,10444,11158
610,2016-01-12,648,11444,12092
610,2016-01-13,647,11411,12058
610,2016-01-14,674,10184,10858
610,2016-01-16,185,7033,7218
610,2016-01-17,70,6814,6884
610,2016-01-18,631,10246,10877
610,2016-01-19,631,10991,11622
610,2016-01-20,606,10925,11531
610,2016-01-21,610,11016,11626
610,2016-01-23,156,6984,7140
610,2016-01-24,38,6632,6670
610,2016-01-25,633,10921,11554
610,2016-01-26,672,11524,12196
610,2016-01-27,675,11635,12310
610,2016-01-28,707,11814,12521
610,2016-01-30,210,6652,6862
610,2016-01-31,24,7317,7341
610,2016-02-01,660,11326,11986
610,2016-02-02,641,11581,12222
610,2016-02-03,763,11738,12501
610,2016-02-04,568,10536,11104
610,2016-02-06,180,7271,7451
610,2016-02-07,109,6343,6452
610,2016-02-08,502,7364,7866
610,2016-02-09,672,9204,9876
610,2016-02-10,568,10512,11080
610,2016-02-11,617,10953,11570
610,2016-02-13,185,7459,7644
610,2016-02-14,43,6351,6394
610,2016-02-15,656,10965,11621
610,2016-02-16,744,11527,12271
610,2016-02-17,761,11461,12222
610,2016-02-18,732,12041,12773
610,2016-02-20,176,7909,8085
610,2016-02-21,45,6764,6809
610,2016-02-22,707,11011,11718
610,2016-02-23,752,11638,12390
610,2016-02-24,763,11425,12188
610,2016-02-25,739,12091,12830
610,2016-02-27,218,8348,8566
610,2016-02-28,76,7320,7396
610,2016-02-29,741,11338,12079
610,2016-03-01,802,11822,12624
610,2016-03-02,755,11633,12388
610,2016-03-03,596,10911,11507
610,2016-03-05,180,7622,7802
610,2016-03-06,56,6624,6680
610,2016-03-07,696,10857,11553
610,2016-03-08,762,11798,12560
610,2016-03-09,825,11724,12549
610,2016-03-10,759,12045,12804
610,2016-03-12,218,8312,8530
610,2016-03-13,71,7515,7586
610,2016-03-14,764,11319,12083
610,2016-03-15,904,11796,12700
610,2016-03-16,922,11693,12615
610,2016-03-17,878,12029,12907
610,2016-03-19,249,8454,8703
610,2016-03-20,77,7149,7226
610,2016-03-21,789,11402,12191
610,2016-03-22,874,12151,13025
610,2016-03-23,900,12203,13103
610,2016-03-24,883,12603,13486
610,2016-03-26,207,7964,8171
610,2016-03-28,76,6272,6348
610,2016-03-29,781,11408,12189
610,2016-03-30,844,11468,12312
610,2016-03-31,568,12132,12700
610,2016-04-02,295,8139,8434
610,2016-04-03,72,7063,7135
610,2016-04-04,1178,11709,12887
610,2016-04-05,1075,11765,12840
610,2016-04-06,1613,12337,13950
610,2016-04-07,1076,12180,13256
610,2016-04-09,272,8348,8620
610,2016-04-10,72,8094,8166
610,2016-04-11,871,11316,12187
610,2016-04-12,887,12008,12895
610,2016-04-13,857,11830,12687
610,2016-04-14,901,12547,13448
610,2016-04-16,326,8356,8682
610,2016-04-17,88,7738,7826
610,2016-04-18,930,11760,12690
610,2016-04-19,945,11989,12934
610,2016-04-20,885,12005,12890
610,2016-04-21,910,12478,13388
610,2016-04-23,112,8714,8826
610,2016-04-24,93,7468,7561
610,2016-04-25,962,11366,12328
610,2016-04-26,781,11947,12728
610,2016-04-27,806,12068,12874
610,2016-04-28,638,12730,13368
610,2016-04-30,144,9614,9758
610,2016-05-01,38,7952,7990
610,2016-05-02,885,11838,12723
610,2016-05-03,933,12686,13619
610,2016-05-04,686,13756,14442
610,2016-05-05,160,8615,8775
610,2016-05-07,272,9817,10089
610,2016-05-08,128,10041,10169
610,2016-05-09,911,11813,12724
610,2016-05-10,624,12532,13156
610,2016-05-11,899,12435,13334
610,2016-05-12,676,13122,13798
610,2016-05-14,362,9328,9690
610,2016-05-15,187,8207,8394
610,2016-05-16,204,7731,7935
610,2016-05-17,1081,11880,12961
610,2016-05-18,1028,12295,13323
610,2016-05-19,1040,12475,13515
610,2016-05-21,376,8766,9142
610,2016-05-22,220,7486,7706
610,2016-05-23,823,11994,12817
610,2016-05-24,630,12538,13168
610,2016-05-25,936,12303,13239
610,2016-05-26,900,12638,13538
610,2016-05-28,154,9254,9408
610,2016-05-29,48,7864,7912
610,2016-05-30,522,11844,12366
610,2016-05-31,724,12876,13600
610,2016-06-01,897,12261,13158
610,2016-06-02,652,12546,13198
610,2016-06-04,118,9110,9228
610,2016-06-05,42,8508,8550
610,2016-06-06,1013,11982,12995
610,2016-06-07,852,12265,13117
610,2016-06-08,658,12694,13352
610,2016-06-09,927,12670,13597
610,2016-06-11,283,8967,9250
610,2016-06-12,146,7960,8106
610,2016-06-13,680,12014,12694
610,2016-06-14,906,12500,13406
610,2016-06-15,955,12655,13610
610,2016-06-16,940,12903,13843
610,2016-06-18,255,8749,9004
610,2016-06-19,147,7719,7866
610,2016-06-20,982,12035,13017
610,2016-06-21,844,12304,13148
610,2016-06-22,992,12737,13729
610,2016-06-23,272,8188,8460
610,2016-06-25,126,8486,8612
610,2016-06-26,106,7902,8008
610,2016-06-27,895,11946,12841
610,2016-06-28,965,12736,13701
610,2016-06-29,953,12607,13560
610,2016-06-30,957,13144,14101
610,2016-07-02,284,9637,9921
610,2016-07-03,130,9378,9508
610,2016-07-04,819,12335,13154
610,2016-07-05,858,12618,13476
610,2016-07-06,850,12610,13460
610,2016-07-07,1024,12779,13803
610,2016-07-09,311,9581,9892
610,2016-07-10,124,8594,8718
610,2016-07-11,886,12300,13186
610,2016-07-12,1199,12673,13872
610,2016-07-13,1031,12709,13740
610,2016-07-14,1070,12933,14003
610,2016-07-16,462,9229,9691
610,2016-07-17,294,8496,8790
610,2016-07-18,981,12278,13259
610,2016-07-19,848,12683,13531
610,2016-07-20,1030,12254,13284
610,2016-07-21,574,13088,13662
610,2016-07-23,130,9700,9830
610,2016-07-24,198,8562,8760
610,2016-07-25,992,12586,13578
610,2016-07-26,584,13246,13830
610,2016-08-05,598,11000,11598
610,2016-08-06,299,8820,9119
610,2016-08-07,160,9201,9361
610,2016-08-08,491,10001,10492
610,2016-08-09,553,10346,10899
610,2016-08-10,592,10300,10892
610,2016-08-12,570,10701,11271
610,2016-08-13,271,8302,8573
610,2016-08-14,175,7929,8104
610,2016-08-15,253,7369,7622
610,2016-08-16,674,10150,10824
610,2016-08-17,706,10559,11265
610,2016-08-19,637,10492,11129
610,2016-08-20,255,8298,8553
610,2016-08-21,108,7745,7853
610,2016-08-22,822,11030,11852
610,2016-08-23,880,12048,12928
610,2016-08-24,901,12081,12982
610,2016-08-26,883,12323,13206
610,2016-08-27,301,9013,9314
610,2016-08-28,133,8419,8552
610,2016-08-29,904,11528,12432
610,2016-08-30,938,12080,13018
610,2016-08-31,1058,11973,13031
610,2016-09-01,981,12274,13255
610,2016-09-03,275,8830,9105
610,2016-09-04,40,7926,7966
610,2016-09-05,868,12031,12899
610,2016-09-06,916,12357,13273
610,2016-09-07,981,12659,13640
610,2016-09-09,938,12880,13818
610,2016-09-10,301,9121,9422
610,2016-09-11,122,8509,8631
610,2016-09-12,930,12021,12951
610,2016-09-14,924,12775,13699
610,2016-09-30,1019,12918,13937
610,2016-10-01,74,3564,3638
610,2016-10-02,24,1912,1936
610,2016-10-03,887,11977,12864
610,2016-10-04,972,12035,13007
610,2016-10-05,953,12005,12958
610,2016-10-06,1024,12250,13274
610,2016-10-08,354,9803,10157
610,2016-10-09,115,8014,8129
610,2016-10-10,925,11533,12458
610,2016-10-11,960,12243,13203
610,2016-10-12,967,12207,13174
610,2016-10-13,919,12571,13490
610,2016-10-19,1578,11824,13402
610,2016-10-20,1546,12426,13972
610,2016-10-22,506,8550,9056
610,2016-10-23,187,7926,8113
610,2016-10-24,1379,11611,12990
610,2016-10-25,1472,12210,13682
610,2016-10-26,1610,12137,13747
610,2016-10-27,1642,12564,14206
610,2016-10-28,1592,13484,15076
610,2016-10-29,532,8475,9007
610,2016-10-30,196,8187,8383
610,2016-11-01,195,7402,7597
610,2016-11-02,1476,11788,13264
610,2016-11-03,1552,11663,13215
610,2016-11-04,1544,11770,13314
610,2016-11-05,393,7655,8048
610,2016-11-06,146,7505,7651
610,2016-11-07,1402,11017,12419
610,2016-11-08,1461,12009,13470
610,2016-11-09,1209,10382,11591
610,2016-11-10,1490,12057,13547
610,2016-11-11,1244,12110,13354
610,2016-11-12,310,8102,8412
610,2016-11-13,90,6815,6905
610,2016-11-14,1451,11366,12817
610,2016-11-15,1152,9560,10712
610,2016-11-16,1224,10351,11575
610,2016-11-17,1276,11754,13030
610,2016-11-18,1402,11881,13283
610,2016-11-19,334,8062,8396
610,2016-11-20,94,6677,6771
610,2016-11-21,1315,11058,12373
610,2016-11-22,1411,11597,13008
610,2016-11-23,1459,11453,12912
610,2016-11-24,1432,12175,13607
610,2016-11-25,1527,12403,13930
610,2016-11-26,385,8489,8874
610,2016-11-27,86,7245,7331
610,2016-11-28,1460,11232,12692
610,2016-11-29,1525,11639,13164
610,2016-11-30,1444,11762,13206
610,2016-12-01,1471,11775,13246
610,2016-12-02,1360,12098,13458
610,2016-12-03,387,8219,8606
610,2016-12-04,182,7553,7735
610,2016-12-05,1451,11252,12703
610,2016-12-06,1450,11416,12866
610,2016-12-07,1458,11333,12791
610,2016-12-08,1460,11875,13335
610,2016-12-09,1459,11620,13079
610,2016-12-10,372,8299,8671
610,2016-12-11,100,7000,7100
610,2016-12-12,1273,10822,12095
610,2016-12-13,1423,11498,12921
610,2016-12-14,1376,11512,12888
610,2016-12-15,1352,11759,13111
610,2016-12-16,1484,11934,13418
610,2016-12-17,379,8334,8713
610,2016-12-18,75,7317,7392
610,2016-12-19,1449,11083,12532
610,2016-12-20,1459,11789,13248
610,2016-12-21,1453,11588,13041
610,2016-12-22,1017,11338,12355
610,2016-12-23,795,10578,11373
610,2016-12-24,228,5616,5844
610,2016-12-25,31,5282,5313
610,2016-12-26,81,5678,5759
610,2016-12-27,612,7813,8425
610,2016-12-28,622,7892,8514
610,2016-12-29,579,8172,8751
610,2016-12-30,547,7812,8359
708,2016-01-01,21,1976,1997
708,2016-01-03,22,2298,2320
708,2016-01-04,131,3639,3770
708,2016-01-05,133,3910,4043
708,2016-01-06,156,3989,4145
708,2016-01-07,156,3862,4018
708,2016-01-08,185,4340,4525
708,2016-01-10,32,2483,2515
708,2016-01-11,228,4124,4352
708,2016-01-12,165,4107,4272
708,2016-01-13,222,4049,4271
708,2016-01-14,148,3636,3784
708,2016-01-15,82,2949,3031
708,2016-01-17,29,2481,2510
708,2016-01-18,194,4161,4355
708,2016-01-19,176,4073,4249
708,2016-01-20,201,3942,4143
708,2016-01-21,233,4032,4265
708,2016-01-22,220,4010,4230
708,2016-01-24,36,2682,2718
708,2016-01-25,297,3915,4212
708,2016-01-26,319,4032,4351
708,2016-01-27,273,4022,4295
708,2016-01-28,304,4164,4468
708,2016-01-29,271,4351,4622
708,2016-01-31,24,2987,3011
708,2016-02-01,291,3936,4227
708,2016-02-02,243,3910,4153
708,2016-02-03,301,3932,4233
708,2016-02-04,292,3945,4237
708,2016-02-05,278,4194,4472
708,2016-02-07,64,2641,2705
708,2016-02-08,164,3174,3338
708,2016-02-10,185,3636,3821
708,2016-02-11,231,3555,3786
708,2016-02-12,286,3767,4053
708,2016-02-14,31,2515,2546
708,2016-02-15,291,3787,4078
708,2016-02-16,291,3902,4193
708,2016-02-17,364,3820,4184
708,2016-02-18,287,3826,4113
708,2016-02-19,316,4139,4455
708,2016-02-21,33,2742,2775
708,2016-02-22,273,3860,4133
708,2016-02-23,336,4019,4355
708,2016-02-24,257,3281,3538
708,2016-02-25,242,2970,3212
708,2016-02-26,237,3317,3554
708,2016-02-28,29,2134,2163
708,2016-02-29,213,2973,3186
708,2016-03-01,251,2996,3247
708,2016-03-02,190,3152,3342
708,2016-03-03,179,3195,3374
708,2016-03-04,215,3365,3580
708,2016-03-06,42,2445,2487
708,2016-03-07,234,3206,3440
708,2016-03-08,242,3245,3487
708,2016-03-09,228,3262,3490
708,2016-03-10,211,3426,3637
708,2016-03-11,217,3722,3939
708,2016-03-13,26,2458,2484
708,2016-03-14,174,3428,3602
708,2016-03-15,289,3343,3632
708,2016-03-16,316,3225,3541
708,2016-03-17,257,3406,3663
708,2016-03-18,271,3630,3901
708,2016-03-20,33,2581,2614
708,2016-03-21,272,3313,3585
708,2016-03-22,264,3358,3622
708,2016-03-23,267,3379,3646
708,2016-03-24,327,3582,3909
708,2016-03-25,243,3749,3992
708,2016-03-28,24,1982,2006
708,2016-03-29,248,3708,3956
708,2016-03-30,239,3680,3919
708,2016-03-31,238,3718,3956
708,2016-04-01,262,3960,4222
708,2016-04-08,226,3789,4015
708,2016-04-10,37,2831,2868
708,2016-04-11,290,4007,4297
708,2016-04-13,339,4082,4421
708,2016-04-14,315,4255,4570
708,2016-04-15,302,4452,4754
708,2016-04-17,42,2744,2786
708,2016-04-18,330,4006,4336
708,2016-04-19,323,4128,4451
708,2016-04-20,399,4117,4516
708,2016-04-21,473,4140,4613
708,2016-04-22,374,4501,4875
708,2016-04-24,41,2783,2824
708,2016-04-25,290,3987,4277
708,2016-04-26,343,4106,4449
708,2016-04-27,264,3928,4192
708,2016-04-28,324,4331,4655
708,2016-04-29,349,4488,4837
708,2016-04-30,132,3996,4128
708,2016-05-02,335,4112,4447
708,2016-05-03,314,4277,4591
708,2016-05-04,313,4530,4843
708,2016-05-05,67,2732,2799
708,2016-05-06,237,4511,4748
708,2016-05-07,171,3831,4002
708,2016-05-09,359,4213,4572
708,2016-05-10,344,4272,4616
708,2016-05-11,354,4314,4668
708,2016-05-12,331,4156,4487
708,2016-05-13,294,4618,4912
708,2016-05-14,145,3388,3533
708,2016-05-16,36,2068,2104
708,2016-05-17,295,3938,4233
708,2016-05-18,278,3860,4138
708,2016-05-19,347,3889,4236
708,2016-05-20,287,3954,4241
708,2016-05-21,150,3286,3436
708,2016-05-23,302,3831,4133
708,2016-05-24,313,4295,4608
708,2016-05-25,347,4063,4410
708,2016-05-26,316,4142,4458
708,2016-05-27,314,4306,4620
708,2016-05-28,124,3454,3578
708,2016-05-30,262,3868,4130
708,2016-05-31,269,3963,4232
708,2016-06-01,322,3863,4185
708,2016-06-02,318,4038,4356
708,2016-06-03,294,4188,4482
708,2016-06-04,116,3490,3606
708,2016-06-06,340,3960,4300
708,2016-06-07,296,4064,4360
708,2016-06-08,344,4159,4503
708,2016-06-09,276,4257,4533
708,2016-06-10,335,4489,4824
708,2016-06-11,150,3648,3798
708,2016-06-12,46,2832,2878
708,2016-06-14,269,4036,4305
708,2016-06-15,282,3910,4192
708,2016-06-16,316,4220,4536
708,2016-06-17,279,4281,4560
708,2016-06-18,149,3422,3571
708,2016-06-19,33,2622,2655
708,2016-06-20,320,3879,4199
708,2016-06-22,372,4163,4535
708,2016-06-23,153,2439,2592
708,2016-06-24,243,3851,4094
708,2016-06-25,114,3338,3452
708,2016-06-26,38,2684,2722
708,2016-06-27,330,3773,4103
708,2016-06-29,331,4000,4331
708,2016-06-30,367,4072,4439
708,2016-07-01,309,4348,4657
708,2016-07-02,137,3712,3849
708,2016-07-03,66,3086,3152
708,2016-07-04,343,3882,4225
708,2016-07-05,379,4054,4433
708,2016-07-07,346,4215,4561
708,2016-07-08,342,4324,4666
708,2016-07-09,179,3659,3838
708,2016-07-10,79,3068,3147
708,2016-07-11,308,4273,4581
708,2016-07-12,332,4225,4557
708,2016-07-13,296,4127,4423
708,2016-07-14,344,3989,4333
708,2016-07-15,279,4337,4616
708,2016-07-16,152,3437,3589
708,2016-07-17,38,2800,2838
708,2016-07-18,332,3969,4301
708,2016-07-19,291,3938,4229
708,2016-07-21,312,4426,4738
708,2016-07-22,298,4218,4516
708,2016-07-23,134,3412,3546
708,2016-07-24,61,2730,2791
708,2016-07-25,320,3797,4117
708,2016-07-26,292,3900,4192
708,2016-07-28,287,3865,4152
708,2016-07-29,214,3821,4035
708,2016-07-30,115,3027,3142
708,2016-07-31,43,2563,2606
708,2016-08-01,235,3239,3474
708,2016-08-02,169,3259,3428
708,2016-08-04,188,3294,3482
708,2016-08-05,177,3393,3570
708,2016-08-06,105,2864,2969
708,2016-08-07,60,2660,2720
708,2016-08-08,185,3290,3475
708,2016-08-09,179,3276,3455
708,2016-08-10,176,3182,3358
708,2016-08-11,174,3277,3451
708,2016-08-12,169,3357,3526
708,2016-08-13,112,2847,2959
708,2016-08-14,30,2335,2365
708,2016-08-15,65,2125,2190
708,2016-08-16,208,3453,3661
708,2016-08-17,243,3375,3618
708,2016-09-02,242,3702,3944
708,2016-09-03,131,2897,3028
708,2016-09-04,52,2146,2198
708,2016-09-05,231,3530,3761
708,2016-09-06,259,3669,3928
708,2016-09-07,288,3655,3943
708,2016-09-08,261,3817,4078
708,2016-09-10,177,3283,3460
708,2016-09-11,27,2668,2695
708,2016-09-12,313,3851,4164
708,2016-09-13,312,4031,4343
708,2016-09-14,364,3910,4274
708,2016-09-15,296,3951,4247
708,2016-09-17,143,3682,3825
708,2016-09-18,45,3129,3174
708,2016-09-19,319,4165,4484
708,2016-09-20,324,4258,4582
708,2016-09-21,305,4151,4456
708,2016-09-22,317,4130,4447
708,2016-09-24,136,3995,4131
708,2016-09-25,41,3461,3502
708,2016-09-26,347,4046,4393
708,2016-09-27,353,4445,4798
708,2016-09-28,362,4029,4391
708,2016-09-29,297,4203,4500
708,2016-10-01,148,3960,4108
708,2016-10-02,57,3417,3474
708,2016-10-03,359,3995,4354
708,2016-10-04,351,4129,4480
708,2016-10-05,362,3992,4354
708,2016-10-06,366,4024,4390
708,2016-10-08,130,3599,3729
708,2016-10-09,174,3025,3199
708,2016-10-10,317,3917,4234
708,2016-10-11,329,4148,4477
708,2016-10-12,351,3931,4282
708,2016-10-13,360,4049,4409
708,2016-10-14,309,4434,4743
708,2016-10-15,123,3807,3930
708,2016-10-16,38,2919,2957
708,2016-10-17,330,3916,4246
708,2016-10-18,354,4002,4356
708,2016-10-20,294,4048,4342
708,2016-10-21,294,4416,4710
708,2016-10-22,132,3747,3879
708,2016-10-23,32,2788,2820
708,2016-10-24,270,4056,4326
708,2016-10-25,305,4205,4510
708,2016-10-26,344,4030,4374
708,2016-10-28,327,4236,4563
708,2016-10-29,144,1279,1423
708,2016-10-30,26,2416,2442
708,2016-10-31,188,3335,3523
708,2016-11-01,37,2206,2243
708,2016-11-02,88,1090,1178
708,2016-11-04,272,3735,4007
708,2016-11-05,114,3164,3278
708,2016-11-06,32,2719,2751
708,2016-11-07,283,3802,4085
708,2016-11-08,292,4135,4427
708,2016-11-09,244,3829,4073
708,2016-11-11,304,4179,4483
708,2016-11-12,124,3736,3860
708,2016-11-13,32,2811,2843
708,2016-11-14,326,3812,4138
708,2016-11-15,253,3857,4110
708,2016-11-16,266,4066,4332
708,2016-11-18,226,4004,4230
708,2016-11-19,96,3083,3179
708,2016-11-25,137,2409,2546
708,2016-11-26,125,3457,3582
708,2016-11-27,32,2706,2738
708,2016-11-28,63,1622,1685
708,2016-11-29,312,3984,4296
708,2016-12-01,313,4244,4557
708,2016-12-02,293,3269,3562
708,2016-12-15,130,2339,2469
708,2016-12-16,268,4235,4503
708,2016-12-17,119,3628,3747
708,2016-12-18,28,2562,2590
708,2016-12-19,294,3927,4221
708,2016-12-21,332,4088,4420
708,2016-12-22,209,4259,4468
708,2016-12-23,223,4251,4474
708,2016-12-24,86,2916,3002
708,2016-12-25,25,2141,2166
708,2016-12-26,30,2245,2275
708,2016-12-28,135,3106,3241
708,2016-12-29,143,3143,3286
708,2016-12-30,135,3302,3437
708,2016-12-31,93,2591,2684
710,2016-01-02,75,13031,13106
710,2016-01-03,43,10277,10320
710,2016-01-04,423,19983,20406
710,2016-01-05,483,20995,21478
710,2016-01-06,557,21113,21670
710,2016-01-07,623,21217,21840
710,2016-01-09,89,11240,11329
710,2016-01-10,40,10678,10718
710,2016-01-11,878,21928,22806
710,2016-01-12,894,23062,23956
710,2016-01-13,798,23171,23969
710,2016-01-14,758,21598,22356
710,2016-01-16,169,14805,14974
710,2016-01-17,47,11147,11194
710,2016-01-18,742,22409,23151
710,2016-01-19,759,22742,23501
710,2016-01-20,697,22231,22928
710,2016-01-21,697,22296,22993
710,2016-01-23,158,15583,15741
710,2016-01-24,43,11766,11809
710,2016-01-25,684,22208,22892
710,2016-01-26,764,23068,23832
710,2016-01-27,784,23303,24087
710,2016-01-28,815,23682,24497
710,2016-01-30,184,15582,15766
710,2016-01-31,34,12304,12338
710,2016-02-01,745,22232,22977
710,2016-02-02,866,23028,23894
710,2016-02-03,984,22918,23902
710,2016-02-04,944,22666,23610
710,2016-02-06,174,15439,15613
710,2016-02-07,82,12656,12738
710,2016-02-08,508,16174,16682
710,2016-02-09,788,18800,19588
710,2016-02-10,682,20196,20878
710,2016-02-11,748,20676,21424
710,2016-02-13,117,14660,14777
710,2016-02-14,36,10653,10689
710,2016-02-15,747,21836,22583
710,2016-02-16,792,22681,23473
710,2016-02-17,803,22739,23542
710,2016-02-18,865,23058,23923
710,2016-02-20,229,17097,17326
710,2016-02-21,51,11908,11959
710,2016-02-22,816,21677,22493
710,2016-02-23,789,22756,23545
710,2016-02-24,832,22757,23589
710,2016-02-25,818,23907,24725
710,2016-02-27,178,18035,18213
710,2016-02-28,69,12744,12813
710,2016-02-29,813,22468,23281
710,2016-03-01,923,24842,25765
710,2016-03-02,878,22840,23718
710,2016-03-03,825,22618,23443
710,2016-03-05,186,16694,16880
710,2016-03-06,66,11838,11904
710,2016-03-07,787,22146,22933
710,2016-03-08,792,23587,24379
710,2016-03-09,909,23083,23992
710,2016-03-10,832,24096,24928
710,2016-03-12,196,18235,18431
710,2016-03-13,49,13344,13393
710,2016-03-14,841,22561,23402
710,2016-03-15,890,23288,24178
710,2016-03-16,924,22870,23794
710,2016-03-17,988,23622,24610
710,2016-03-19,217,18285,18502
710,2016-03-20,77,14226,14303
710,2016-03-21,876,21841,22717
710,2016-03-22,946,23559,24505
710,2016-03-23,932,23463,24395
710,2016-03-24,955,24124,25079
710,2016-03-26,206,16627,16833
710,2016-03-28,122,10052,10174
710,2016-03-29,1208,21368,22576
710,2016-03-30,1194,21782,22976
710,2016-03-31,973,21927,22900
710,2016-04-02,285,16017,16302
710,2016-04-03,150,12132,12282
710,2016-04-04,1363,21343,22706
710,2016-04-05,1409,23145,24554
710,2016-04-06,1990,22162,24152
710,2016-04-07,1628,22294,23922
710,2016-04-09,237,17120,17357
710,2016-04-10,110,13262,13372
710,2016-04-11,947,22580,23527
710,2016-04-12,1086,23338,24424
710,2016-04-13,928,23130,24058
710,2016-04-14,963,23939,24902
710,2016-04-16,216,17746,17962
710,2016-04-17,74,13691,13765
710,2016-04-18,979,23334,24313
710,2016-04-19,984,23168,24152
710,2016-04-20,981,23179,24160
710,2016-04-21,946,23724,24670
710,2016-04-23,222,18242,18464
710,2016-04-24,71,13397,13468
710,2016-04-25,973,21858,22831
710,2016-04-26,908,23187,24095
710,2016-04-27,974,23094,24068
710,2016-04-28,923,24080,25003
710,2016-04-30,250,18282,18532
710,2016-05-01,92,12034,12126
710,2016-05-02,993,22839,23832
710,2016-05-03,1001,24196,25197
710,2016-05-04,982,25736,26718
710,2016-05-05,128,13158,13286
710,2016-05-07,257,18604,18861
710,2016-05-08,122,14894,15016
710,2016-05-09,1078,24403,25481
710,2016-05-10,951,25072,26023
710,2016-05-11,1046,24961,26007
710,2016-05-12,1087,25959,27046
710,2016-05-14,283,18809,19092
710,2016-05-15,78,12837,12915
710,2016-05-16,101,11142,11243
710,2016-05-17,998,21913,22911
710,2016-05-18,1180,21618,22798
710,2016-05-19,1054,22194,23248
710,2016-05-21,350,17367,17717
710,2016-05-22,96,12796,12892
710,2016-05-23,911,22574,23485
710,2016-05-24,990,23235,24225
710,2016-05-25,1016,23101,24117
710,2016-05-26,1246,23276,24522
710,2016-05-28,229,17295,17524
710,2016-05-29,78,12602,12680
710,2016-05-30,795,20930,21725
710,2016-05-31,920,23169,24089
710,2016-06-01,923,23019,23942
710,2016-06-02,913,18063,18976
710,2016-06-04,212,16837,17049
710,2016-06-05,102,13711,13813
710,2016-06-06,1288,21888,23176
710,2016-06-07,906,23039,23945
710,2016-06-08,945,23267,24212
710,2016-06-09,1021,23876,24897
710,2016-06-11,226,18208,18434
710,2016-06-12,108,13102,13210
710,2016-06-13,1180,21856,23036
710,2016-06-14,982,23107,24089
710,2016-06-15,1230,22616,23846
710,2016-06-16,1136,23194,24330
710,2016-06-18,250,17192,17442
710,2016-06-19,104,13018,13122
710,2016-06-20,1192,21476,22668
710,2016-06-21,956,23348,24304
710,2016-06-22,1074,23586,24660
710,2016-06-23,294,12211,12505
710,2016-06-25,220,15770,15990
710,2016-06-26,120,13027,13147
710,2016-06-27,1002,22524,23526
710,2016-06-28,962,23503,24465
710,2016-06-29,955,23754,24709
710,2016-06-30,1002,24339,25341
710,2016-07-02,238,18862,19100
710,2016-07-03,139,15942,16081
710,2016-07-04,969,22440,23409
710,2016-07-05,939,23640,24579
710,2016-07-06,937,23522,24459
710,2016-07-07,1032,24101,25133
710,2016-07-09,262,18737,18999
710,2016-07-10,95,14534,14629
710,2016-07-11,989,23453,24442
710,2016-07-12,1033,24566,25599
710,2016-07-13,1170,23868,25038
710,2016-07-14,957,24372,25329
710,2016-07-16,305,17850,18155
710,2016-07-17,143,13720,13863
710,2016-07-18,893,21232,22125
710,2016-07-19,886,21791,22677
710,2016-07-20,938,22024,22962
710,2016-07-21,1082,22204,23286
710,2016-07-23,291,17307,17598
710,2016-07-24,120,13288,13408
710,2016-07-25,921,21184,22105
710,2016-07-26,845,22721,23566
710,2016-07-27,886,22781,23667
710,2016-07-28,835,22542,23377
710,2016-07-30,218,16216,16434
710,2016-07-31,108,13140,13248
710,2016-08-01,635,18384,19019
710,2016-08-02,551,18750,19301
710,2016-08-03,659,18799,19458
710,2016-08-04,582,18750,19332
710,2016-08-06,176,15066,15242
710,2016-08-07,99,13709,13808
710,2016-08-08,337,13391,13728
710,2016-08-09,373,13520,13893
710,2016-08-10,386,12980,13366
710,2016-08-11,405,13546,13951
710,2016-08-13,179,13953,14132
710,2016-08-14,93,12116,12209
710,2016-08-15,162,10799,10961
710,2016-08-16,648,17817,18465
710,2016-08-17,670,17964,18634
710,2016-08-18,661,17989,18650
710,2016-08-20,226,14466,14692
710,2016-08-21,150,11805,11955
710,2016-08-22,953,20005,20958
710,2016-08-23,1000,20622,21622
710,2016-08-24,970,20691,21661
710,2016-08-25,964,20812,21776
710,2016-08-27,318,16116,16434
710,2016-08-28,129,13402,13531
710,2016-08-29,1046,20482,21528
710,2016-08-30,1081,21355,22436
710,2016-08-31,1040,21612,22652
710,2016-09-01,1047,21663,22710
710,2016-09-03,266,15868,16134
710,2016-09-04,164,11682,11846
710,2016-09-05,971,21229,22200
710,2016-09-06,1015,21727,22742
710,2016-09-07,1024,22542,23566
710,2016-09-08,1042,22737,23779
710,2016-09-10,286,16741,17027
710,2016-09-11,116,13255,13371
710,2016-09-12,905,21848,22753
710,2016-09-13,897,22571,23468
710,2016-09-14,845,22874,23719
710,2016-09-15,859,23370,24229
710,2016-09-17,253,18257,18510
710,2016-09-18,73,13089,13162
710,2016-09-19,881,22752,23633
710,2016-09-20,920,23522,24442
710,2016-09-21,889,23432,24321
710,2016-09-22,980,24185,25165
710,2016-09-24,262,18941,19203
710,2016-09-25,118,15554,15672
710,2016-09-26,880,22308,23188
710,2016-09-27,974,23273,24247
710,2016-09-28,998,22912,23910
710,2016-09-29,971,23769,24740
710,2016-10-01,203,16894,17097
710,2016-10-02,84,12210,12294
710,2016-10-03,816,22394,23210
710,2016-10-04,904,22891,23795
710,2016-10-05,913,22897,23810
710,2016-10-06,968,23668,24636
710,2016-10-08,253,17935,18188
710,2016-10-09,100,15101,15201
710,2016-10-10,893,21804,22697
710,2016-10-11,901,23345,24246
710,2016-10-12,893,22892,23785
710,2016-10-13,905,23571,24476
710,2016-10-15,42,8985,9027
710,2016-10-16,73,12457,12530
710,2016-10-17,884,21178,22062
710,2016-10-18,470,12220,12690
710,2016-10-19,1034,21630,22664
710,2016-10-20,1142,22580,23722
710,2016-10-22,186,9063,9249
710,2016-10-23,60,13579,13639
710,2016-10-24,761,21475,22236
710,2016-10-25,863,23144,24007
710,2016-10-26,938,23036,23974
710,2016-10-27,882,23708,24590
710,2016-10-29,192,17074,17266
710,2016-10-30,78,12936,13014
710,2016-10-31,579,19197,19776
710,2016-11-01,119,11873,11992
710,2016-11-02,919,22684,23603
710,2016-11-03,918,21848,22766
710,2016-11-05,209,15038,15247
710,2016-11-06,66,11749,11815
710,2016-11-07,932,21920,22852
710,2016-11-08,919,23002,23921
710,2016-11-09,996,21842,22838
710,2016-11-10,919,23797,24716
710,2016-11-12,188,16877,17065
710,2016-11-13,64,11538,11602
710,2016-11-14,887,21932,22819
710,2016-11-15,781,22417,23198
710,2016-11-16,795,22240,23035
710,2016-11-17,1008,22688,23696
710,2016-11-19,181,16221,16402
710,2016-11-20,73,11734,11807
710,2016-11-21,780,20941,21721
710,2016-11-22,837,22668,23505
710,2016-11-23,829,22481,23310
710,2016-11-24,844,23405,24249
710,2016-11-26,218,16982,17200
710,2016-11-27,59,12582,12641
710,2016-11-28,870,22182,23052
710,2016-11-29,911,22821,23732
710,2016-11-30,869,22817,23686
710,2016-12-01,892,23003,23895
710,2016-12-03,214,16683,16897
710,2016-12-04,71,12414,12485
710,2016-12-05,883,22080,22963
710,2016-12-06,910,22256,23166
710,2016-12-07,874,22536,23410
710,2016-12-08,868,23133,24001
710,2016-12-10,187,16490,16677
710,2016-12-11,72,11956,12028
710,2016-12-12,833,21464,22297
710,2016-12-13,863,22607,23470
710,2016-12-14,875,22346,23221
710,2016-12-15,887,22925,23812
710,2016-12-17,200,16812,17012
710,2016-12-18,52,12782,12834
710,2016-12-19,861,22274,23135
710,2016-12-20,855,22996,23851
710,2016-12-21,842,23540,24382
710,2016-12-22,688,23039,23727
710,2016-12-24,134,11956,12090
710,2016-12-25,29,9112,9141
710,2016-12-26,54,8892,8946
710,2016-12-27,348,15160,15508
710,2016-12-28,392,15668,16060
710,2016-12-29,342,15970,16312
710,2016-12-31,115,10475,10590
711,2016-01-02,156,3614,3770
711,2016-01-03,42,3494,3536
711,2016-01-04,210,4998,5208
711,2016-01-05,194,5656,5850
711,2016-01-06,204,5482,5686
711,2016-01-07,211,5677,5888
711,2016-01-09,161,5155,5316
711,2016-01-10,29,3858,3887
711,2016-01-11,215,5545,5760
711,2016-01-12,233,5822,6055
711,2016-01-13,197,5807,6004
711,2016-01-14,210,5713,5923
711,2016-01-16,169,14805,14974
711,2016-01-17,47,11147,11194
711,2016-01-18,742,22409,23151
711,2016-01-19,759,22742,23501
711,2016-01-20,697,22231,22928
711,2016-01-21,697,22296,22993
711,2016-01-23,158,15583,15741
711,2016-01-24,43,11766,11809
711,2016-01-25,684,22208,22892
711,2016-01-26,764,23068,23832
711,2016-01-27,784,23303,24087
711,2016-01-28,815,23682,24497
711,2016-01-30,172,5020,5192
711,2016-01-31,24,4215,4239
711,2016-02-01,220,5702,5922
711,2016-02-02,216,5542,5758
711,2016-02-03,260,5528,5788
711,2016-02-04,228,5770,5998
711,2016-02-06,170,4976,5146
711,2016-02-07,77,5019,5096
711,2016-02-08,238,4662,4900
711,2016-02-09,192,4782,4974
711,2016-02-10,196,5304,5500
711,2016-02-11,198,5575,5773
711,2016-02-13,168,4656,4824
711,2016-02-14,37,3993,4030
711,2016-02-15,228,5597,5825
711,2016-02-16,249,6188,6437
711,2016-02-17,223,5924,6147
711,2016-02-18,226,6274,6500
711,2016-02-20,150,5450,5600
711,2016-02-21,19,4181,4200
711,2016-02-22,250,6030,6280
711,2016-02-23,218,6004,6222
711,2016-02-24,227,6425,6652
711,2016-02-25,216,6643,6859
711,2016-02-27,174,5906,6080
711,2016-02-28,34,4793,4827
711,2016-02-29,250,6406,6656
711,2016-03-01,284,7288,7572
711,2016-03-02,234,6192,6426
711,2016-03-03,214,6550,6764
711,2016-03-05,169,5915,6084
711,2016-03-06,37,4708,4745
711,2016-03-07,235,6200,6435
711,2016-03-08,216,6646,6862
711,2016-03-09,223,6517,6740
711,2016-03-10,258,7424,7682
711,2016-03-12,173,6328,6501
711,2016-03-13,32,5151,5183
711,2016-03-14,250,6515,6765
711,2016-03-15,242,6685,6927
711,2016-03-16,236,6640,6876
711,2016-03-17,237,7215,7452
711,2016-03-19,174,6106,6280
711,2016-03-20,33,5188,5221
711,2016-03-21,272,6378,6650
711,2016-03-22,267,6780,7047
711,2016-03-23,269,6892,7161
711,2016-03-24,252,7002,7254
711,2016-03-26,269,6102,6371
711,2016-03-28,152,3910,4062
711,2016-03-29,336,6384,6720
711,2016-03-30,344,6503,6847
711,2016-03-31,338,6184,6522
711,2016-04-02,273,5989,6262
711,2016-04-03,117,4777,4894
711,2016-04-04,328,6152,6480
711,2016-04-05,316,6622,6938
711,2016-04-06,346,6995,7341
711,2016-04-07,360,6996,7356
711,2016-04-09,285,6315,6600
711,2016-04-10,111,5299,5410
711,2016-04-11,259,6828,7087
711,2016-04-12,254,6744,6998
711,2016-04-13,233,7054,7287
711,2016-04-14,218,7442,7660
711,2016-04-16,172,6603,6775
711,2016-04-17,28,5455,5483
711,2016-04-18,276,7036,7312
711,2016-04-19,265,7039,7304
711,2016-04-20,279,7105,7384
711,2016-04-21,299,7225,7524
711,2016-04-23,202,6078,6280
711,2016-04-24,36,4936,4972
711,2016-04-25,229,6541,6770
711,2016-04-26,294,6636,6930
711,2016-04-27,290,6258,6548
711,2016-04-28,260,7234,7494
711,2016-04-30,196,6490,6686
711,2016-05-01,38,4568,4606
711,2016-05-02,249,6919,7168
711,2016-05-03,249,7353,7602
711,2016-05-04,279,7268,7547
711,2016-05-05,47,5918,5965
711,2016-05-07,197,6934,7131
711,2016-05-08,51,5740,5791
711,2016-05-09,258,6847,7105
711,2016-05-10,264,6901,7165
711,2016-05-11,235,6709,6944
711,2016-05-12,245,7041,7286
711,2016-05-14,177,6271,6448
711,2016-05-15,66,4769,4835
711,2016-05-16,46,4426,4472
711,2016-05-17,227,6075,6302
711,2016-05-18,228,5488,5716
711,2016-05-19,226,5738,5964
711,2016-05-21,248,5493,5741
711,2016-05-22,50,4351,4401
711,2016-05-23,264,5647,5911
711,2016-05-24,253,6553,6806
711,2016-05-25,245,6809,7054
711,2016-05-26,233,7162,7395
711,2016-05-28,186,6390,6576
711,2016-05-29,34,4514,4548
711,2016-05-30,246,6104,6350
711,2016-05-31,250,6967,7217
711,2016-06-01,249,6751,7000
711,2016-06-02,248,7030,7278
711,2016-06-04,192,6064,6256
711,2016-06-05,41,5433,5474
711,2016-06-06,260,6410,6670
711,2016-06-07,244,6832,7076
711,2016-06-08,234,6662,6896
711,2016-06-09,231,7515,7746
711,2016-06-11,183,6548,6731
711,2016-06-12,30,5492,5522
711,2016-06-13,235,6507,6742
711,2016-06-14,231,6969,7200
711,2016-06-15,244,6795,7039
711,2016-06-16,272,6776,7048
711,2016-06-18,192,6506,6698
711,2016-06-19,44,5358,5402
711,2016-06-20,248,6785,7033
711,2016-06-21,237,7127,7364
711,2016-06-22,226,7248,7474
711,2016-06-23,46,4741,4787
711,2016-06-25,182,5602,5784
711,2016-06-26,42,4796,4838
711,2016-06-27,253,6538,6791
711,2016-06-28,235,7290,7525
711,2016-06-29,239,7306,7545
711,2016-06-30,259,7357,7616
711,2016-07-02,195,7074,7269
711,2016-07-03,54,6827,6881
711,2016-07-04,314,6825,7139
711,2016-07-05,266,7394,7660
711,2016-07-06,251,7117,7368
711,2016-07-07,267,7650,7917
711,2016-07-09,210,6963,7173
711,2016-07-10,77,5718,5795
711,2016-07-11,291,7225,7516
711,2016-07-12,296,7519,7815
711,2016-07-13,272,7020,7292
711,2016-07-14,297,7281,7578
711,2016-07-16,297,6565,6862
711,2016-07-17,59,5519,5578
711,2016-07-18,224,7456,7680
711,2016-07-19,256,7580,7836
711,2016-07-20,260,7488,7748
711,2016-07-21,252,8130,8382
711,2016-07-23,206,7510,7716
711,2016-07-24,35,5972,6007
711,2016-07-25,275,7203,7478
711,2016-07-26,250,6872,7122
711,2016-07-27,306,7286,7592
711,2016-07-28,383,7129,7512
711,2016-07-30,183,5741,5924
711,2016-07-31,54,4726,4780
711,2016-08-01,315,5896,6211
711,2016-08-02,298,5721,6019
711,2016-08-03,300,5696,5996
711,2016-08-04,327,5757,6084
711,2016-08-06,195,5096,5291
711,2016-08-07,60,4926,4986
711,2016-08-08,341,5494,5835
711,2016-08-09,316,5449,5765
711,2016-08-10,284,5226,5510
711,2016-08-11,258,5526,5784
711,2016-08-13,178,4628,4806
711,2016-08-14,53,4552,4605
711,2016-08-15,102,4214,4316
711,2016-08-16,271,5791,6062
711,2016-08-17,326,5570,5896
711,2016-08-18,313,5478,5791
711,2016-08-20,397,4999,5396
711,2016-08-21,262,4260,4522
711,2016-08-22,438,6383,6821
711,2016-08-23,401,6619,7020
711,2016-08-24,383,6421,6804
711,2016-08-25,361,6407,6768
711,2016-08-27,275,5338,5613
711,2016-08-28,124,4684,4808
711,2016-08-29,372,6050,6422
711,2016-08-30,364,6662,7026
711,2016-08-31,343,6503,6846
711,2016-09-01,426,6370,6796
711,2016-09-03,270,5545,5815
711,2016-09-04,112,4118,4230
711,2016-09-05,461,6248,6709
711,2016-09-06,337,6653,6990
711,2016-09-07,333,6859,7192
711,2016-09-08,354,7102,7456
711,2016-09-10,276,6290,6566
711,2016-09-11,114,5037,5151
711,2016-09-12,287,6877,7164
711,2016-09-13,266,7209,7475
711,2016-09-14,272,7063,7335
711,2016-09-15,256,7245,7501
711,2016-09-17,190,5994,6184
711,2016-09-18,31,5068,5099
711,2016-09-19,252,7041,7293
711,2016-09-20,248,7348,7596
711,2016-09-21,253,7234,7487
711,2016-09-22,259,7358,7617
711,2016-09-24,196,7005,7201
711,2016-09-25,28,5293,5321
711,2016-09-26,270,6910,7180
711,2016-09-27,251,7172,7423
711,2016-09-28,271,7132,7403
711,2016-09-29,276,7636,7912
711,2016-10-01,170,6272,6442
711,2016-10-02,54,5277,5331
711,2016-10-03,277,7036,7313
711,2016-10-04,268,7295,7563
711,2016-10-05,273,7436,7709
711,2016-10-06,282,7755,8037
711,2016-10-08,198,6630,6828
711,2016-10-09,45,5235,5280
711,2016-10-10,266,6584,6850
711,2016-10-11,262,6945,7207
711,2016-10-12,254,7087,7341
711,2016-10-13,263,7102,7365
711,2016-10-15,174,6468,6642
711,2016-10-16,32,4921,4953
711,2016-10-17,263,6827,7090
711,2016-10-18,297,6632,6929
711,2016-10-19,270,6502,6772
711,2016-10-20,264,6584,6848
711,2016-10-22,183,6446,6629
711,2016-10-23,31,4940,4971
711,2016-10-24,258,6488,6746
711,2016-10-25,239,6930,7169
711,2016-10-26,252,6758,7010
711,2016-10-27,248,6706,6954
711,2016-10-29,172,6189,6361
711,2016-10-30,39,5110,5149
711,2016-10-31,223,6024,6247
711,2016-11-01,34,4303,4337
711,2016-11-02,243,6153,6396
711,2016-11-03,252,6064,6316
711,2016-11-05,192,5344,5536
711,2016-11-06,31,4423,4454
711,2016-11-07,264,6447,6711
711,2016-11-08,239,6881,7120
711,2016-11-09,219,6501,6720
711,2016-11-10,244,6777,7021
711,2016-11-12,178,5840,6018
711,2016-11-13,24,4267,4291
711,2016-11-14,289,6375,6664
711,2016-11-15,236,6567,6803
711,2016-11-16,229,6710,6939
711,2016-11-17,241,6751,6992
711,2016-11-19,164,5946,6110
711,2016-11-20,28,4298,4326
711,2016-11-21,264,6267,6531
711,2016-11-22,249,6634,6883
711,2016-11-23,259,6728,6987
711,2016-11-24,248,6752,7000
711,2016-11-26,179,6018,6197
711,2016-11-27,26,4565,4591
711,2016-11-28,257,6454,6711
711,2016-11-29,254,6524,6778
711,2016-11-30,248,6614,6862
711,2016-12-01,276,6769,7045
711,2016-12-03,170,5878,6048
711,2016-12-04,32,4493,4525
711,2016-12-05,271,6426,6697
711,2016-12-06,234,6251,6485
711,2016-12-07,236,6490,6726
711,2016-12-08,241,6754,6995
711,2016-12-10,161,5817,5978
711,2016-12-11,28,4687,4715
711,2016-12-12,241,6422,6663
711,2016-12-13,213,6605,6818
711,2016-12-14,214,6720,6934
711,2016-12-15,246,6937,7183
711,2016-12-17,169,5782,5951
711,2016-12-18,28,4665,4693
711,2016-12-19,232,6335,6567
711,2016-12-20,225,6703,6928
711,2016-12-21,237,6513,6750
711,2016-12-22,193,6635,6828
711,2016-12-24,144,4765,4909
711,2016-12-25,29,3502,3531
711,2016-12-26,31,3388,3419
711,2016-12-27,182,4739,4921
711,2016-12-28,173,4870,5043
711,2016-12-29,174,4908,5082
711,2016-12-31,151,4208,4359
712,2016-01-02,105,3581,3686
712,2016-01-03,7,3114,3121
712,2016-01-04,253,5932,6185
712,2016-01-05,190,6267,6457
712,2016-01-06,234,5986,6220
712,2016-01-07,192,5635,5827
712,2016-01-09,110,4580,4690
712,2016-01-10,18,3253,3271
712,2016-01-11,236,6078,6314
712,2016-01-12,286,6643,6929
712,2016-01-13,256,5868,6124
712,2016-01-14,238,5839,6077
712,2016-01-16,110,4208,4318
712,2016-01-17,5,3136,3141
712,2016-01-18,247,5467,5714
712,2016-01-19,235,5660,5895
712,2016-01-20,239,5230,5469
712,2016-01-21,205,5716,5921
712,2016-01-23,102,4127,4229
712,2016-01-24,6,3002,3008
712,2016-01-25,261,5917,6178
712,2016-01-26,242,6417,6659
712,2016-01-27,274,6168,6442
712,2016-01-28,250,6411,6661
712,2016-01-30,92,5052,5144
712,2016-01-31,NA,3677,NA
712,2016-02-01,240,5884,6124
712,2016-02-02,228,6062,6290
712,2016-02-03,244,6202,6446
712,2016-02-04,194,6026,6220
712,2016-02-06,117,4490,4607
712,2016-02-07,23,3288,3311
712,2016-02-08,152,4382,4534
712,2016-02-09,154,4850,5004
712,2016-02-10,190,4986,5176
712,2016-02-11,211,5096,5307
712,2016-02-13,102,3998,4100
712,2016-02-14,8,3454,3462
712,2016-02-15,272,6154,6426
712,2016-02-16,233,6591,6824
712,2016-02-17,264,6195,6459
712,2016-02-18,246,6445,6691
712,2016-02-20,110,4543,4653
712,2016-02-21,4,3387,3391
712,2016-02-22,234,5952,6186
712,2016-02-23,242,6338,6580
712,2016-02-24,251,6120,6371
712,2016-02-25,279,6460,6739
712,2016-02-27,112,4838,4950
712,2016-02-28,10,3522,3532
712,2016-02-29,259,6226,6485
712,2016-03-01,299,6512,6811
712,2016-03-02,244,6092,6336
712,2016-03-03,224,6311,6535
712,2016-03-05,106,4468,4574
712,2016-03-06,12,3531,3543
712,2016-03-07,276,6070,6346
712,2016-03-08,240,6406,6646
712,2016-03-09,246,6340,6586
712,2016-03-10,271,6679,6950
712,2016-03-12,113,5038,5151
712,2016-03-13,8,3674,3682
712,2016-03-14,243,6416,6659
712,2016-03-15,295,6704,6999
712,2016-03-16,261,6295,6556
712,2016-03-17,273,6973,7246
712,2016-03-19,110,5092,5202
712,2016-03-20,23,4016,4039
712,2016-03-21,241,6492,6733
712,2016-03-22,240,6794,7034
712,2016-03-23,259,6484,6743
712,2016-03-24,270,7044,7314
712,2016-03-26,120,4788,4908
712,2016-03-28,20,2860,2880
712,2016-03-29,192,5624,5816
712,2016-03-30,201,5469,5670
712,2016-03-31,188,5496,5684
712,2016-04-02,102,4638,4740
712,2016-04-03,8,3548,3556
712,2016-04-04,173,5773,5946
712,2016-04-05,134,6494,6628
712,2016-04-06,184,5815,5999
712,2016-04-07,321,5844,6165
712,2016-04-09,125,4770,4895
712,2016-04-10,13,3911,3924
712,2016-04-11,227,6722,6949
712,2016-04-12,222,6868,7090
712,2016-04-13,249,6928,7177
712,2016-04-14,236,6808,7044
712,2016-04-16,112,4938,5050
712,2016-04-17,15,3902,3917
712,2016-04-18,178,6602,6780
712,2016-04-19,221,7293,7514
712,2016-04-20,227,6900,7127
712,2016-04-21,205,6519,6724
712,2016-04-23,120,5114,5234
712,2016-04-24,8,3864,3872
712,2016-04-25,210,6376,6586
712,2016-04-26,242,6556,6798
712,2016-04-27,268,6472,6740
712,2016-04-28,201,6873,7074
712,2016-04-30,110,5254,5364
712,2016-05-01,4,3726,3730
712,2016-05-02,248,6581,6829
712,2016-05-03,232,6907,7139
712,2016-05-04,225,7325,7550
712,2016-05-05,26,3901,3927
712,2016-05-07,126,5294,5420
712,2016-05-08,21,4078,4099
712,2016-05-09,266,6941,7207
712,2016-05-10,229,7161,7390
712,2016-05-11,260,7079,7339
712,2016-05-12,225,7175,7400
712,2016-05-14,116,4798,4914
712,2016-05-15,8,3388,3396
712,2016-05-16,17,3099,3116
712,2016-05-17,152,5619,5771
712,2016-05-18,188,4930,5118
712,2016-05-19,168,5408,5576
712,2016-05-21,136,5243,5379
712,2016-05-22,10,3520,3530
712,2016-05-23,200,6779,6979
712,2016-05-24,184,6985,7169
712,2016-05-25,189,6518,6707
712,2016-05-26,221,7091,7312
712,2016-05-28,126,5273,5399
712,2016-05-29,10,3768,3778
712,2016-05-30,192,6186,6378
712,2016-05-31,199,6897,7096
712,2016-06-01,176,5705,5881
712,2016-06-02,154,4356,4510
712,2016-06-04,104,4868,4972
712,2016-06-05,20,4046,4066
712,2016-06-06,226,6584,6810
712,2016-06-07,234,6770,7004
712,2016-06-08,264,6744,7008
712,2016-06-09,220,7220,7440
712,2016-06-11,111,5072,5183
712,2016-06-12,12,4182,4194
712,2016-06-13,284,6214,6498
712,2016-06-14,256,6500,6756
712,2016-06-15,252,6434,6686
712,2016-06-16,248,5986,6234
712,2016-06-18,129,4923,5052
712,2016-06-19,8,3894,3902
712,2016-06-20,273,6573,6846
712,2016-06-21,241,6498,6739
712,2016-06-22,250,6898,7148
712,2016-06-23,15,3457,3472
712,2016-06-25,112,4518,4630
712,2016-06-26,20,3670,3690
712,2016-06-27,263,6353,6616
712,2016-06-28,254,6743,6997
712,2016-06-29,212,6679,6891
712,2016-06-30,218,7060,7278
712,2016-07-02,157,5014,5171
712,2016-07-03,38,4207,4245
712,2016-07-04,256,6558,6814
712,2016-07-05,253,7060,7313
712,2016-07-06,262,6873,7135
712,2016-07-07,211,7129,7340
712,2016-07-09,117,5294,5411
712,2016-07-10,35,4205,4240
712,2016-07-11,234,6702,6936
712,2016-07-12,225,7047,7272
712,2016-07-13,212,6806,7018
712,2016-07-14,234,6494,6728
712,2016-07-16,125,5063,5188
712,2016-07-17,18,3862,3880
712,2016-07-18,163,6039,6202
712,2016-07-19,178,6259,6437
712,2016-07-20,181,5905,6086
712,2016-07-21,174,5606,5780
712,2016-07-23,132,4286,4418
712,2016-07-24,12,3849,3861
712,2016-07-25,186,5576,5762
712,2016-07-26,192,5809,6001
712,2016-07-27,171,5857,6028
712,2016-07-28,144,5260,5404
712,2016-07-30,118,4754,4872
712,2016-07-31,18,3652,3670
712,2016-08-01,178,5408,5586
712,2016-08-02,159,5105,5264
712,2016-08-03,151,5225,5376
712,2016-08-04,152,5153,5305
712,2016-08-06,105,3997,4102
712,2016-08-07,19,3424,3443
712,2016-08-08,155,5374,5529
712,2016-08-09,170,5457,5627
712,2016-08-10,140,4832,4972
712,2016-08-11,156,5325,5481
712,2016-08-13,93,4259,4352
712,2016-08-14,10,3434,3444
712,2016-08-15,22,3291,3313
712,2016-08-16,169,5398,5567
712,2016-08-17,159,5134,5293
712,2016-08-18,150,5072,5222
712,2016-08-20,98,4007,4105
712,2016-08-21,24,3321,3345
712,2016-08-22,159,5113,5272
712,2016-08-23,140,5225,5365
712,2016-08-24,186,5103,5289
712,2016-08-25,162,5149,5311
712,2016-08-27,100,4166,4266
712,2016-08-28,6,3334,3340
712,2016-08-29,172,5127,5299
712,2016-08-30,173,5240,5413
712,2016-08-31,195,5003,5198
712,2016-09-01,206,5127,5333
712,2016-09-03,121,4091,4212
712,2016-09-04,8,3196,3204
712,2016-09-05,184,4977,5161
712,2016-09-06,180,5285,5465
712,2016-09-07,184,5246,5430
712,2016-09-08,187,5347,5534
712,2016-09-10,112,4432,4544
712,2016-09-11,4,3416,3420
712,2016-09-12,196,5685,5881
712,2016-09-13,187,5762,5949
712,2016-09-14,176,5629,5805
712,2016-09-15,222,6079,6301
712,2016-09-17,119,4803,4922
712,2016-09-18,10,3753,3763
712,2016-09-19,245,6438,6683
712,2016-09-20,257,6554,6811
712,2016-09-21,239,6474,6713
712,2016-09-22,243,6736,6979
712,2016-09-24,115,5121,5236
712,2016-09-25,12,3903,3915
712,2016-09-26,274,6444,6718
712,2016-09-27,247,6812,7059
712,2016-09-28,253,6688,6941
712,2016-09-29,244,6700,6944
712,2016-10-01,112,5060,5172
712,2016-10-02,27,4014,4041
712,2016-10-03,323,6585,6908
712,2016-10-04,270,6845,7115
712,2016-10-05,299,6870,7169
712,2016-10-06,257,6888,7145
712,2016-10-08,117,4957,5074
712,2016-10-09,147,3961,4108
712,2016-10-10,259,6538,6797
712,2016-10-11,266,6953,7219
712,2016-10-12,286,6643,6929
712,2016-10-13,272,6888,7160
712,2016-10-15,104,5304,5408
712,2016-10-16,18,4002,4020
712,2016-10-17,246,6586,6832
712,2016-10-18,257,7862,8119
712,2016-10-19,295,6655,6950
712,2016-10-20,248,6442,6690
712,2016-10-22,128,5268,5396
712,2016-10-23,8,3878,3886
712,2016-10-24,240,6402,6642
712,2016-10-25,236,6789,7025
712,2016-10-26,225,6684,6909
712,2016-10-27,246,6979,7225
712,2016-10-29,111,4902,5013
712,2016-10-30,12,3673,3685
712,2016-10-31,161,5410,5571
712,2016-11-01,7,3473,3480
712,2016-11-02,186,5777,5963
712,2016-11-03,212,5869,6081
712,2016-11-05,107,4285,4392
712,2016-11-06,6,3551,3557
712,2016-11-07,244,6371,6615
712,2016-11-08,243,6926,7169
712,2016-11-09,225,6418,6643
712,2016-11-10,245,6598,6843
712,2016-11-12,100,4930,5030
712,2016-11-13,12,3446,3458
712,2016-11-14,247,6357,6604
712,2016-11-15,226,6636,6862
712,2016-11-16,234,6514,6748
712,2016-11-17,250,6432,6682
712,2016-11-19,114,5001,5115
712,2016-11-20,11,3393,3404
712,2016-11-21,260,6395,6655
712,2016-11-22,235,6794,7029
712,2016-11-23,233,6681,6914
712,2016-11-24,242,6767,7009
712,2016-11-26,117,4738,4855
712,2016-11-27,9,3692,3701
712,2016-11-28,259,6354,6613
712,2016-11-29,269,6538,6807
712,2016-11-30,248,6487,6735
712,2016-12-01,248,6497,6745
712,2016-12-03,96,4809,4905
712,2016-12-04,11,3506,3517
712,2016-12-05,228,6150,6378
712,2016-12-06,197,6384,6581
712,2016-12-07,237,6141,6378
712,2016-12-08,226,6274,6500
712,2016-12-10,109,4611,4720
712,2016-12-11,9,3613,3622
712,2016-12-12,249,6241,6490
712,2016-12-13,227,6591,6818
712,2016-12-14,228,6403,6631
712,2016-12-15,229,6617,6846
712,2016-12-17,100,4817,4917
712,2016-12-18,13,4199,4212
712,2016-12-19,263,6303,6566
712,2016-12-20,214,6824,7038
712,2016-12-21,231,6402,6633
712,2016-12-22,202,6530,6732
712,2016-12-24,84,4440,4524
712,2016-12-25,5,2978,2983
712,2016-12-26,12,2797,2809
712,2016-12-27,135,4401,4536
712,2016-12-28,145,4481,4626
712,2016-12-29,133,4537,4670
712,2016-12-31,91,3594,3685
715,2016-01-02,330,15964,16294
715,2016-01-03,66,10956,11022
715,2016-01-04,612,20842,21454
715,2016-01-05,564,18766,19330
715,2016-01-06,568,18894,19462
715,2016-01-07,654,21176,21830
715,2016-01-09,319,16950,17269
715,2016-01-10,112,11314,11426
715,2016-01-11,786,22010,22796
715,2016-01-12,631,19646,20277
715,2016-01-13,689,19782,20471
715,2016-01-14,649,19110,19759
715,2016-01-16,372,18482,18854
715,2016-01-17,75,10607,10682
715,2016-01-18,682,19876,20558
715,2016-01-19,625,20226,20851
715,2016-01-20,726,19889,20615
715,2016-01-21,659,20127,20786
715,2016-01-22,768,21858,22626
715,2016-01-24,59,12307,12366
715,2016-01-25,684,19502,20186
715,2016-01-26,706,19962,20668
715,2016-01-27,699,19993,20692
715,2016-01-28,730,20665,21395
715,2016-01-29,710,21624,22334
715,2016-01-31,60,12464,12524
715,2016-02-01,655,19590,20245
715,2016-02-02,625,19586,20211
715,2016-02-03,699,19802,20501
715,2016-02-04,685,19980,20665
715,2016-02-05,742,21159,21901
715,2016-02-07,390,10519,10909
715,2016-02-08,304,13690,13994
715,2016-02-10,595,17924,18519
715,2016-02-11,558,17105,17663
715,2016-02-12,569,17952,18521
715,2016-02-14,90,10567,10657
715,2016-02-15,726,17832,18558
715,2016-02-16,690,18507,19197
715,2016-02-17,713,18225,18938
715,2016-02-18,702,18629,19331
715,2016-02-19,674,19505,20179
715,2016-02-21,77,11359,11436
715,2016-02-22,818,19422,20240
715,2016-02-23,858,20240,21098
715,2016-02-24,704,18019,18723
715,2016-02-25,678,19389,20067
715,2016-02-26,705,19708,20413
715,2016-02-28,106,11687,11793
715,2016-02-29,750,18108,18858
715,2016-03-01,715,18995,19710
715,2016-03-02,733,18604,19337
715,2016-03-03,688,19315,20003
715,2016-03-04,838,21436,22274
715,2016-03-06,92,11140,11232
715,2016-03-07,688,18292,18980
715,2016-03-08,694,19409,20103
715,2016-03-09,713,18770,19483
715,2016-03-10,728,19500,20228
715,2016-03-11,732,20535,21267
715,2016-03-13,91,12078,12169
715,2016-03-14,727,18629,19356
715,2016-03-15,751,19323,20074
715,2016-03-16,792,18711,19503
715,2016-03-17,734,19878,20612
715,2016-03-18,735,20830,21565
715,2016-03-20,107,14180,14287
715,2016-03-21,807,18955,19762
715,2016-03-22,791,19796,20587
715,2016-03-23,772,19893,20665
715,2016-03-24,754,20635,21389
715,2016-03-25,638,21327,21965
715,2016-03-29,749,18532,19281
715,2016-03-30,742,18319,19061
715,2016-03-31,846,20062,20908
715,2016-04-01,886,21074,21960
715,2016-04-08,756,19691,20447
715,2016-04-10,191,12275,12466
715,2016-04-11,924,21230,22154
715,2016-04-12,794,22056,22850
715,2016-04-13,761,19601,20362
715,2016-04-14,892,22498,23390
715,2016-04-15,866,23474,24340
715,2016-04-17,107,12717,12824
715,2016-04-18,819,19169,19988
715,2016-04-19,770,19662,20432
715,2016-04-20,829,19367,20196
715,2016-04-21,768,19859,20627
715,2016-04-22,769,21722,22491
715,2016-04-24,124,12784,12908
715,2016-04-25,872,20842,21714
715,2016-04-26,934,21508,22442
715,2016-04-27,708,19224,19932
715,2016-04-28,765,20067,20832
715,2016-04-29,736,21172,21908
715,2016-05-01,94,11702,11796
715,2016-05-02,801,19566,20367
715,2016-05-03,920,23244,24164
715,2016-05-04,828,22215,23043
715,2016-05-05,118,12149,12267
715,2016-05-06,633,21983,22616
715,2016-05-08,168,14258,14426
715,2016-05-09,771,18847,19618
715,2016-05-10,924,22804,23728
715,2016-05-11,769,20076,20845
715,2016-05-12,785,20703,21488
715,2016-05-13,938,23828,24766
715,2016-05-15,105,12060,12165
715,2016-05-16,105,10202,10307
715,2016-05-17,701,18767,19468
715,2016-05-18,650,17885,18535
715,2016-05-19,674,18602,19276
715,2016-05-20,702,19475,20177
715,2016-05-22,115,12142,12257
715,2016-05-23,746,19048,19794
715,2016-05-24,762,19702,20464
715,2016-05-25,778,19483,20261
715,2016-05-26,858,22900,23758
715,2016-05-27,960,23706,24666
715,2016-05-29,116,12896,13012
715,2016-05-30,726,20976,21702
715,2016-05-31,724,19766,20490
715,2016-06-01,854,21346,22200
715,2016-06-02,844,20378,21222
715,2016-06-03,924,22956,23880
715,2016-06-05,119,12900,13019
715,2016-06-06,850,20958,21808
715,2016-06-07,816,21806,22622
715,2016-06-08,948,22622,23570
715,2016-06-09,754,20519,21273
715,2016-06-10,786,21180,21966
715,2016-06-12,96,12500,12596
715,2016-06-13,884,21134,22018
715,2016-06-14,751,19412,20163
715,2016-06-15,900,21322,22222
715,2016-06-16,886,21788,22674
715,2016-06-17,754,20673,21427
715,2016-06-19,106,12458,12564
715,2016-06-20,774,18542,19316
715,2016-06-21,761,19287,20048
715,2016-06-22,765,20222,20987
715,2016-06-23,161,11119,11280
715,2016-06-24,814,22450,23264
715,2016-06-26,148,13086,13234
715,2016-06-27,815,18956,19771
715,2016-06-28,759,19958,20717
715,2016-06-29,825,19797,20622
715,2016-06-30,770,20288,21058
715,2016-07-01,801,21462,22263
715,2016-07-03,131,13996,14127
715,2016-07-04,775,19326,20101
715,2016-07-05,784,20534,21318
715,2016-07-06,804,19962,20766
715,2016-07-07,751,20602,21353
715,2016-07-08,799,22116,22915
715,2016-07-10,169,14380,14549
715,2016-07-11,722,20440,21162
715,2016-07-12,749,21564,22313
715,2016-07-13,842,22384,23226
715,2016-07-14,674,20522,21196
715,2016-07-15,717,20605,21322
715,2016-07-17,135,12987,13122
715,2016-07-18,641,19050,19691
715,2016-07-19,711,19459,20170
715,2016-07-20,648,18937,19585
715,2016-07-21,752,21462,22214
715,2016-07-22,742,22198,22940
715,2016-07-24,127,13004,13131
715,2016-07-25,645,19187,19832
715,2016-07-26,604,19944,20548
715,2016-07-27,615,19855,20470
715,2016-07-28,689,20196,20885
715,2016-07-29,565,19898,20463
715,2016-07-31,96,11908,12004
715,2016-08-01,493,17534,18027
715,2016-08-02,497,17462,17959
715,2016-08-03,463,17328,17791
715,2016-08-04,523,17604,18127
715,2016-08-05,507,17947,18454
715,2016-08-07,121,11863,11984
715,2016-08-08,490,16616,17106
715,2016-08-09,535,16728,17263
715,2016-08-10,532,16471,17003
715,2016-08-11,527,16618,17145
715,2016-08-12,497,17007,17504
715,2016-08-14,115,11526,11641
715,2016-08-15,125,9944,10069
715,2016-08-16,551,17236,17787
715,2016-08-17,560,16160,16720
715,2016-08-18,502,16196,16698
715,2016-08-19,496,16528,17024
715,2016-08-21,230,10089,10319
715,2016-08-22,722,17134,17856
715,2016-08-23,712,17294,18006
715,2016-08-24,702,17293,17995
715,2016-08-25,765,17612,18377
715,2016-08-26,734,17929,18663
715,2016-08-28,288,12358,12646
715,2016-08-29,763,17332,18095
715,2016-08-30,740,17722,18462
715,2016-08-31,788,17634,18422
715,2016-09-01,770,17917,18687
715,2016-09-02,772,18568,19340
715,2016-09-04,264,11320,11584
715,2016-09-05,772,17717,18489
715,2016-09-06,771,18018,18789
715,2016-09-07,796,18544,19340
715,2016-09-08,797,18920,19717
715,2016-09-09,833,19908,20741
715,2016-09-11,234,12120,12354
715,2016-09-12,608,19078,19686
715,2016-09-13,618,19271,19889
715,2016-09-14,611,19414,20025
715,2016-09-15,605,20340,20945
715,2016-09-16,660,21325,21985
715,2016-09-18,109,12208,12317
715,2016-09-19,715,19890,20605
715,2016-09-20,731,19890,20621
715,2016-09-21,781,19519,20300
715,2016-09-22,803,19866,20669
715,2016-09-23,756,20562,21318
715,2016-09-25,116,14871,14987
715,2016-09-26,749,19339,20088
715,2016-09-27,750,19756,20506
715,2016-09-28,862,19487,20349
715,2016-09-29,762,19877,20639
715,2016-09-30,914,23774,24688
715,2016-10-02,127,12384,12511
715,2016-10-03,756,19305,20061
715,2016-10-04,745,19514,20259
715,2016-10-05,789,19295,20084
715,2016-10-06,775,19448,20223
715,2016-10-07,742,20899,21641
715,2016-10-09,200,14272,14472
715,2016-10-10,767,18743,19510
715,2016-10-11,762,20109,20871
715,2016-10-12,800,19691,20491
715,2016-10-13,776,20413,21189
715,2016-10-14,731,19692,20423
715,2016-10-16,112,12438,12550
715,2016-10-17,763,18946,19709
715,2016-10-18,763,18770,19533
715,2016-10-19,819,19091,19910
715,2016-10-20,742,20128,20870
715,2016-10-21,742,18691,19433
715,2016-10-23,112,13026,13138
715,2016-10-24,830,21412,22242
715,2016-10-25,732,19936,20668
715,2016-10-26,733,20230,20963
715,2016-10-27,785,20668,21453
715,2016-10-28,790,21813,22603
715,2016-10-30,77,12304,12381
715,2016-10-31,497,19430,19927
715,2016-11-01,104,10635,10739
715,2016-11-02,651,19724,20375
715,2016-11-03,652,18720,19372
715,2016-11-04,822,22402,23224
715,2016-11-06,95,11106,11201
715,2016-11-07,783,19162,19945
715,2016-11-08,724,20037,20761
715,2016-11-09,757,19027,19784
715,2016-11-10,793,20742,21535
715,2016-11-11,817,21099,21916
715,2016-11-13,97,11603,11700
715,2016-11-14,747,19256,20003
715,2016-11-15,659,19563,20222
715,2016-11-16,716,19586,20302
715,2016-11-17,719,19490,20209
715,2016-11-18,576,18724,19300
715,2016-11-20,88,11325,11413
715,2016-11-21,844,21050,21894
715,2016-11-22,870,21776,22646
715,2016-11-23,842,21478,22320
715,2016-11-24,721,20338,21059
715,2016-11-25,734,21438,22172
715,2016-11-27,85,12073,12158
715,2016-11-28,733,19449,20182
715,2016-11-29,753,19800,20553
715,2016-11-30,756,19917,20673
715,2016-12-01,786,20190,20976
715,2016-12-02,757,21037,21794
715,2016-12-04,101,11928,12029
715,2016-12-05,755,19689,20444
715,2016-12-06,745,19770,20515
715,2016-12-07,759,19662,20421
715,2016-12-08,693,20019,20712
715,2016-12-09,716,20859,21575
715,2016-12-11,93,11617,11710
715,2016-12-12,718,19271,19989
715,2016-12-13,713,20045,20758
715,2016-12-14,748,19644,20392
715,2016-12-15,704,19068,19772
715,2016-12-16,702,20536,21238
715,2016-12-18,89,13061,13150
715,2016-12-19,727,19893,20620
715,2016-12-20,738,21052,21790
715,2016-12-21,764,20958,21722
715,2016-12-22,643,21786,22429
715,2016-12-23,588,21935,22523
715,2016-12-25,64,8533,8597
715,2016-12-26,67,8647,8714
715,2016-12-27,431,16099,16530
715,2016-12-28,432,16368,16800
715,2016-12-29,390,16684,17074
715,2016-12-30,365,17113,17478
716,2016-01-02,273,9225,9498
716,2016-01-03,78,7118,7196
716,2016-01-04,394,12731,13125
716,2016-01-05,431,13039,13470
716,2016-01-06,449,12938,13387
716,2016-01-07,526,14160,14686
716,2016-01-09,318,12992,13310
716,2016-01-10,84,7438,7522
716,2016-01-11,596,13904,14500
716,2016-01-12,570,14328,14898
716,2016-01-13,618,14262,14880
716,2016-01-14,614,14068,14682
716,2016-01-16,308,10515,10823
716,2016-01-17,76,7410,7486
716,2016-01-18,508,13683,14191
716,2016-01-19,556,14135,14691
716,2016-01-20,563,13758,14321
716,2016-01-21,510,14083,14593
716,2016-01-23,320,11528,11848
716,2016-01-24,76,8423,8499
716,2016-01-25,534,13303,13837
716,2016-01-26,520,13873,14393
716,2016-01-27,604,13708,14312
716,2016-01-28,646,15044,15690
716,2016-01-30,310,12226,12536
716,2016-01-31,70,8798,8868
716,2016-02-01,525,13238,13763
716,2016-02-02,572,14244,14816
716,2016-02-03,514,13680,14194
716,2016-02-04,608,14738,15346
716,2016-02-06,366,11810,12176
716,2016-02-07,306,8134,8440
716,2016-02-08,414,10688,11102
716,2016-02-09,474,12608,13082
716,2016-02-10,508,12478,12986
716,2016-02-11,500,12456,12956
716,2016-02-13,271,10703,10974
716,2016-02-14,84,7663,7747
716,2016-02-15,553,12892,13445
716,2016-02-16,563,13758,14321
716,2016-02-17,566,13400,13966
716,2016-02-18,574,13789,14363
716,2016-02-20,360,11906,12266
716,2016-02-21,77,7840,7917
716,2016-02-22,549,12733,13282
716,2016-02-23,484,13688,14172
716,2016-02-24,563,12986,13549
716,2016-02-25,564,13905,14469
716,2016-02-27,372,12176,12548
716,2016-02-28,99,8510,8609
716,2016-02-29,553,13102,13655
716,2016-03-01,634,14498,15132
716,2016-03-02,550,13123,13673
716,2016-03-03,493,13772,14265
716,2016-03-05,317,11771,12088
716,2016-03-06,102,7980,8082
716,2016-03-07,551,12970,13521
716,2016-03-08,548,14125,14673
716,2016-03-09,566,13222,13788
716,2016-03-10,587,14214,14801
716,2016-03-12,363,12251,12614
716,2016-03-13,95,8622,8717
716,2016-03-14,556,13034,13590
716,2016-03-15,545,13811,14356
716,2016-03-16,586,13187,13773
716,2016-03-17,569,14244,14813
716,2016-03-19,380,12391,12771
716,2016-03-20,91,8996,9087
716,2016-03-21,617,13454,14071
716,2016-03-22,595,13948,14543
716,2016-03-23,643,13992,14635
716,2016-03-24,617,14536,15153
716,2016-03-26,466,12412,12878
716,2016-03-28,212,6370,6582
716,2016-03-29,822,13284,14106
716,2016-03-30,710,12743,13453
716,2016-03-31,618,12684,13302
716,2016-04-02,490,11342,11832
716,2016-04-03,283,8336,8619
716,2016-04-04,775,12474,13249
716,2016-04-05,657,13768,14425
716,2016-04-06,693,12703,13396
716,2016-04-07,872,13474,14346
716,2016-04-09,486,12216,12702
716,2016-04-10,219,9064,9283
716,2016-04-11,672,14064,14736
716,2016-04-12,620,15112,15732
716,2016-04-13,566,14211,14777
716,2016-04-14,590,14722,15312
716,2016-04-16,364,13104,13468
716,2016-04-17,97,8822,8919
716,2016-04-18,609,13694,14303
716,2016-04-19,562,14078,14640
716,2016-04-20,569,13987,14556
716,2016-04-21,598,14276,14874
716,2016-04-23,328,13146,13474
716,2016-04-24,105,9552,9657
716,2016-04-25,610,13836,14446
716,2016-04-26,566,13803,14369
716,2016-04-27,614,14210,14824
716,2016-04-28,566,14389,14955
716,2016-04-30,328,12935,13263
716,2016-05-01,101,7739,7840
716,2016-05-02,570,13917,14487
716,2016-05-03,568,14907,15475
716,2016-05-04,598,16346,16944
716,2016-05-05,117,8836,8953
716,2016-05-07,363,12943,13306
716,2016-05-08,123,9672,9795
716,2016-05-09,613,14179,14792
716,2016-05-10,664,15462,16126
716,2016-05-11,588,14503,15091
716,2016-05-12,620,15069,15689
716,2016-07-01,650,15649,16299
716,2016-07-02,376,12794,13170
716,2016-07-04,529,13697,14226
716,2016-07-05,590,14778,15368
716,2016-07-06,600,14243,14843
716,2016-07-07,593,14834,15427
716,2016-07-08,620,15665,16285
716,2016-07-09,408,13496,13904
716,2016-07-11,585,14565,15150
716,2016-07-12,582,15091,15673
716,2016-07-13,618,14978,15596
716,2016-07-14,560,15196,15756
716,2016-07-15,455,14677,15132
716,2016-07-16,477,12239,12716
716,2016-07-18,453,13602,14055
716,2016-07-19,462,14177,14639
716,2016-07-20,473,13277,13750
716,2016-07-21,510,13886,14396
716,2016-07-22,530,14424,14954
716,2016-07-23,484,12664,13148
716,2016-07-25,668,13662,14330
716,2016-07-26,684,14742,15426
716,2016-07-27,616,13643,14259
716,2016-07-28,548,14524,15072
716,2016-07-29,474,14480,14954
716,2016-07-30,348,11435,11783
716,2016-08-01,412,12084,12496
716,2016-08-02,378,12217,12595
716,2016-08-03,436,12650,13086
716,2016-08-04,405,12209,12614
716,2016-08-05,401,12563,12964
716,2016-08-06,334,10154,10488
716,2016-08-08,469,12514,12983
716,2016-08-09,481,12769,13250
716,2016-08-10,506,12098,12604
716,2016-08-11,443,12561,13004
716,2016-08-12,433,12928,13361
716,2016-08-13,349,10197,10546
716,2016-08-15,104,7096,7200
716,2016-08-16,429,12157,12586
716,2016-08-17,430,11499,11929
716,2016-08-18,400,11768,12168
716,2016-08-19,427,11885,12312
716,2016-08-20,521,9647,10168
716,2016-08-22,719,12163,12882
716,2016-08-23,705,12426,13131
716,2016-08-24,698,12113,12811
716,2016-08-25,710,12596,13306
716,2016-08-26,723,12656,13379
716,2016-08-27,506,10997,11503
716,2016-08-29,735,11895,12630
716,2016-08-30,718,12531,13249
716,2016-08-31,755,12349,13104
716,2016-09-01,714,12573,13287
716,2016-09-02,730,13121,13851
716,2016-09-03,497,10566,11063
716,2016-09-05,741,12148,12889
716,2016-09-06,708,12596,13304
716,2016-09-07,682,13013,13695
716,2016-09-08,718,13377,14095
716,2016-09-09,728,13915,14643
716,2016-09-10,514,11623,12137
716,2016-09-12,447,13557,14004
716,2016-09-13,423,13630,14053
716,2016-09-14,434,13686,14120
716,2016-09-15,546,15036,15582
716,2016-09-16,460,14843,15303
716,2016-09-17,370,12453,12823
716,2016-09-19,575,14171,14746
716,2016-09-20,572,14368,14940
716,2016-09-21,583,14026,14609
716,2016-09-22,560,14133,14693
716,2016-09-23,577,14730,15307
716,2016-09-24,337,12603,12940
716,2016-09-26,569,13576,14145
716,2016-09-27,547,14174,14721
716,2016-09-28,615,13982,14597
716,2016-09-29,534,14222,14756
716,2016-09-30,608,15002,15610
716,2016-10-01,314,12690,13004
716,2016-10-03,601,13722,14323
716,2016-10-04,545,14116,14661
716,2016-10-05,595,14063,14658
716,2016-10-06,591,14697,15288
716,2016-10-07,611,14731,15342
716,2016-10-08,375,12350,12725
716,2016-10-10,606,13326,13932
716,2016-10-11,559,14204,14763
716,2016-10-12,590,14407,14997
716,2016-10-13,589,14384,14973
716,2016-10-14,575,13616,14191
716,2016-10-15,337,13891,14228
716,2016-10-17,592,13333,13925
716,2016-10-18,784,13682,14466
716,2016-10-19,660,13928,14588
716,2016-10-20,568,14554,15122
716,2016-10-21,877,17044,17921
716,2016-10-22,449,14332,14781
716,2016-10-24,441,13368,13809
716,2016-10-25,566,14267,14833
716,2016-10-26,571,14094,14665
716,2016-10-27,583,14467,15050
716,2016-10-28,563,15361,15924
716,2016-10-29,350,12181,12531
716,2016-10-31,378,13235,13613
716,2016-11-01,96,7639,7735
716,2016-11-02,466,13097,13563
716,2016-11-03,500,12915,13415
716,2016-11-04,586,14084,14670
716,2016-11-05,295,10889,11184
716,2016-11-07,620,13918,14538
716,2016-11-08,564,14226,14790
716,2016-11-09,610,13934,14544
716,2016-11-10,634,14898,15532
716,2016-11-11,545,15050,15595
716,2016-11-12,331,11875,12206
716,2016-11-14,560,13489,14049
716,2016-11-15,570,14318,14888
716,2016-11-16,594,14226,14820
716,2016-11-17,620,14522,15142
716,2016-11-18,622,15228,15850
716,2016-11-19,346,12170,12516
716,2016-11-21,393,13049,13442
716,2016-11-22,518,13963,14481
716,2016-11-23,480,13656,14136
716,2016-11-24,575,14166,14741
716,2016-11-25,588,14704,15292
716,2016-11-26,353,11983,12336
716,2016-11-28,578,13462,14040
716,2016-11-29,576,13748,14324
716,2016-11-30,611,14104,14715
716,2016-12-01,601,14029,14630
716,2016-12-02,569,14627,15196
716,2016-12-03,341,12116,12457
716,2016-12-05,543,13939,14482
716,2016-12-06,530,13796,14326
716,2016-12-07,543,13854,14397
716,2016-12-08,538,14183,14721
716,2016-12-09,575,14489,15064
716,2016-12-10,351,11805,12156
716,2016-12-12,576,13565,14141
716,2016-12-13,531,14134,14665
716,2016-12-14,554,13702,14256
716,2016-12-15,583,14042,14625
716,2016-12-16,560,15173,15733
716,2016-12-17,349,12192,12541
716,2016-12-19,552,13766,14318
716,2016-12-20,557,14855,15412
716,2016-12-21,586,14393,14979
716,2016-12-22,457,15207,15664
716,2016-12-23,479,15254,15733
716,2016-12-24,289,10701,10990
716,2016-12-26,76,6366,6442
716,2016-12-27,381,11185,11566
716,2016-12-28,358,11399,11757
716,2016-12-29,370,11628,11998
716,2016-12-30,361,12175,12536
716,2016-12-31,322,9302,9624
724,2016-01-01,NA,2776,NA
724,2016-01-03,8,3504,3512
724,2016-01-04,42,5616,5658
724,2016-01-05,53,5886,5939
724,2016-01-06,56,6012,6068
724,2016-01-07,46,5905,5951
724,2016-01-08,49,6454,6503
724,2016-01-10,3,3765,3768
724,2016-01-11,62,6541,6603
724,2016-01-12,72,6513,6585
724,2016-01-13,60,6563,6623
724,2016-01-14,58,6297,6355
724,2016-01-15,42,6061,6103
724,2016-01-17,5,3630,3635
724,2016-01-18,65,6360,6425
724,2016-01-19,66,6608,6674
724,2016-01-20,51,6149,6200
724,2016-01-21,65,6583,6648
724,2016-01-22,52,5159,5211
724,2016-01-24,4,3990,3994
724,2016-01-25,53,4865,4918
724,2016-01-26,26,2947,2973
724,2016-01-27,25,3019,3044
724,2016-01-28,29,2892,2921
724,2016-01-29,24,3404,3428
724,2016-01-30,15,2318,2333
724,2016-01-31,3,1563,1566
724,2016-02-01,18,3089,3107
724,2016-02-22,42,3168,3210
724,2016-02-23,23,2465,2488
724,2016-02-24,64,5710,5774
724,2016-02-25,52,6952,7004
724,2016-02-26,68,7225,7293
724,2016-02-27,41,5751,5792
724,2016-02-29,69,6794,6863
724,2016-03-01,68,6669,6737
724,2016-03-02,77,6652,6729
724,2016-03-03,73,6796,6869
724,2016-03-04,62,6914,6976
724,2016-03-05,34,5402,5436
724,2016-03-07,65,6461,6526
724,2016-03-08,68,7127,7195
724,2016-03-09,83,7131,7214
724,2016-03-10,85,7236,7321
724,2016-03-11,76,7517,7593
724,2016-03-12,36,5761,5797
724,2016-03-14,71,6800,6871
724,2016-03-15,72,6930,7002
724,2016-03-16,68,6823,6891
724,2016-03-17,73,7047,7120
724,2016-03-18,80,7414,7494
724,2016-03-19,39,5725,5764
724,2016-03-21,92,6596,6688
724,2016-03-22,74,6992,7066
724,2016-03-23,99,6971,7070
724,2016-03-24,96,6910,7006
724,2016-03-25,84,7145,7229
724,2016-03-26,28,5754,5782
724,2016-03-30,59,6435,6494
724,2016-03-31,60,6144,6204
724,2016-04-01,72,6759,6831
724,2016-04-02,30,5521,5551
724,2016-04-04,75,6074,6149
724,2016-04-05,77,6347,6424
724,2016-04-06,78,6592,6670
724,2016-04-07,93,6472,6565
724,2016-04-08,81,6799,6880
724,2016-04-09,42,5965,6007
724,2016-04-11,89,6989,7078
724,2016-04-12,72,7176,7248
724,2016-04-13,65,7088,7153
724,2016-04-14,76,7281,7357
724,2016-04-15,74,7529,7603
724,2016-04-16,39,5926,5965
724,2016-04-18,71,6837,6908
724,2016-04-19,67,7085,7152
724,2016-04-20,87,7320,7407
724,2016-04-21,70,7439,7509
724,2016-04-22,85,7807,7892
724,2016-04-23,38,6038,6076
724,2016-04-25,71,6932,7003
724,2016-04-26,18,2131,2149
724,2016-04-27,NA,5,NA
724,2016-04-28,NA,62,NA
724,2016-04-29,NA,2,NA
724,2016-04-30,32,5883,5915
724,2016-05-01,3,4648,4651
724,2016-05-02,26,2558,2584
724,2016-05-14,35,6098,6133
724,2016-05-15,3,4959,4962
724,2016-05-16,15,4029,4044
724,2016-05-17,74,6210,6284
724,2016-05-18,66,6367,6433
724,2016-05-19,76,6472,6548
724,2016-05-21,50,6015,6065
724,2016-05-22,4,4268,4272
724,2016-05-23,93,7051,7144
724,2016-05-24,85,7432,7517
724,2016-05-25,83,7643,7726
724,2016-05-26,76,7724,7800
724,2016-05-28,45,6201,6246
724,2016-05-29,4,4537,4541
724,2016-05-30,52,5837,5889
724,2016-05-31,59,7060,7119
724,2016-06-01,67,7117,7184
724,2016-06-02,76,7820,7896
724,2016-06-04,42,5916,5958
724,2016-06-05,3,4794,4797
724,2016-06-06,81,6979,7060
724,2016-06-07,65,7113,7178
724,2016-06-08,69,7181,7250
724,2016-06-09,76,7551,7627
724,2016-06-11,41,6133,6174
724,2016-06-12,8,5014,5022
724,2016-06-13,55,6318,6373
724,2016-06-14,78,7137,7215
724,2016-06-15,68,7147,7215
724,2016-06-16,78,7074,7152
724,2016-06-17,75,7408,7483
724,2016-10-05,509,6909,7418
724,2016-10-06,564,6983,7547
724,2016-10-07,532,6953,7485
724,2016-10-08,263,5570,5833
724,2016-10-09,51,4835,4886
724,2016-10-10,571,6350,6921
724,2016-10-11,627,6653,7280
724,2016-10-12,626,6731,7357
724,2016-10-13,590,6895,7485
724,2016-10-14,562,8026,8588
724,2016-10-15,235,5950,6185
724,2016-10-16,60,4990,5050
724,2016-10-17,503,6791,7294
724,2016-10-18,551,7560,8111
724,2016-10-19,529,6763,7292
724,2016-10-20,505,6772,7277
724,2016-10-21,629,8409,9038
724,2016-10-22,276,6370,6646
724,2016-10-23,56,4482,4538
724,2016-10-24,505,6479,6984
724,2016-10-25,532,6715,7247
724,2016-10-26,620,6849,7469
724,2016-10-27,605,6949,7554
724,2016-10-28,580,7231,7811
724,2016-10-29,266,5645,5911
724,2016-10-30,61,4633,4694
724,2016-11-01,55,3975,4030
724,2016-11-02,489,6165,6654
724,2016-11-03,528,6113,6641
724,2016-11-04,470,6141,6611
724,2016-11-05,223,5078,5301
724,2016-11-06,49,4080,4129
724,2016-11-07,583,6274,6857
724,2016-11-08,576,6448,7024
724,2016-11-09,602,6281,6883
724,2016-11-10,560,6662,7222
724,2016-11-11,564,6865,7429
724,2016-11-12,222,5215,5437
724,2016-11-13,41,4026,4067
724,2016-11-14,511,6392,6903
724,2016-11-15,499,6356,6855
724,2016-11-16,504,6466,6970
724,2016-11-17,476,6611,7087
724,2016-11-18,475,7083,7558
724,2016-11-19,213,5301,5514
724,2016-11-20,42,3969,4011
724,2016-11-21,443,6255,6698
724,2016-11-22,485,6685,7170
724,2016-11-23,489,6497,6986
724,2016-11-24,535,6874,7409
724,2016-11-25,604,7037,7641
724,2016-11-26,210,5179,5389
724,2016-11-27,40,4148,4188
724,2016-11-28,577,6438,7015
724,2016-11-29,579,6717,7296
724,2016-11-30,628,6476,7104
724,2016-12-01,541,6460,7001
724,2016-12-02,546,6793,7339
724,2016-12-03,209,5198,5407
724,2016-12-04,42,4399,4441
724,2016-12-05,503,6424,6927
724,2016-12-06,538,6361,6899
724,2016-12-07,558,6289,6847
724,2016-12-08,496,6603,7099
724,2016-12-09,495,6693,7188
724,2016-12-10,215,5120,5335
724,2016-12-11,33,3971,4004
724,2016-12-12,462,6449,6911
724,2016-12-13,423,6722,7145
724,2016-12-14,517,6633,7150
724,2016-12-15,473,6578,7051
724,2016-12-16,464,6955,7419
724,2016-12-17,219,5247,5466
724,2016-12-18,39,4207,4246
724,2016-12-19,492,6225,6717
724,2016-12-20,500,6665,7165
724,2016-12-21,509,6436,6945
724,2016-12-22,402,6597,6999
724,2016-12-23,306,6154,6460
724,2016-12-24,145,4097,4242
724,2016-12-25,29,3019,3048
724,2016-12-26,38,2798,2836
724,2016-12-27,239,4259,4498
724,2016-12-28,234,4460,4694
724,2016-12-29,212,4556,4768
724,2016-12-30,218,4628,4846
724,2016-12-31,158,3688,3846
805,2016-01-02,142,3462,3604
805,2016-01-03,49,3352,3401
805,2016-01-04,267,5395,5662
805,2016-01-05,302,5681,5983
805,2016-01-06,286,5730,6016
805,2016-01-07,296,5722,6018
805,2016-01-09,152,4164,4316
805,2016-01-10,34,2520,2554
805,2016-01-11,284,5588,5872
805,2016-01-12,310,6010,6320
805,2016-01-13,362,5752,6114
805,2016-01-14,292,5565,5857
805,2016-01-16,138,4154,4292
805,2016-01-17,37,2094,2131
805,2016-01-18,294,5646,5940
805,2016-01-19,290,5916,6206
805,2016-01-20,310,5791,6101
805,2016-01-21,303,5921,6224
805,2016-01-23,148,4131,4279
805,2016-01-24,33,2747,2780
805,2016-01-25,306,5545,5851
805,2016-01-26,309,6088,6397
805,2016-01-27,326,5734,6060
805,2016-01-28,284,6080,6364
805,2016-01-30,140,4070,4210
805,2016-01-31,30,2557,2587
805,2016-02-01,269,5395,5664
805,2016-02-02,278,5840,6118
805,2016-02-03,312,5562,5874
805,2016-02-04,280,5674,5954
805,2016-02-06,211,4039,4250
805,2016-02-07,36,2454,2490
805,2016-02-08,214,4076,4290
805,2016-02-09,254,4774,5028
805,2016-02-10,246,4804,5050
805,2016-02-11,238,4929,5167
805,2016-02-13,133,3854,3987
805,2016-02-14,34,2440,2474
805,2016-02-15,278,5440,5718
805,2016-02-16,307,5979,6286
805,2016-02-17,356,5633,5989
805,2016-02-18,289,5849,6138
805,2016-02-20,168,4156,4324
805,2016-02-21,39,2795,2834
805,2016-02-22,317,5531,5848
805,2016-02-23,338,6264,6602
805,2016-02-24,352,5517,5869
805,2016-02-25,342,5685,6027
805,2016-02-27,162,4245,4407
805,2016-02-28,32,2456,2488
805,2016-02-29,350,5353,5703
805,2016-03-01,289,5837,6126
805,2016-03-02,366,5342,5708
805,2016-03-03,378,5528,5906
805,2016-03-05,164,4523,4687
805,2016-03-06,33,2722,2755
805,2016-03-07,269,5389,5658
805,2016-03-08,370,5636,6006
805,2016-03-09,624,5768,6392
805,2016-03-10,494,5717,6211
805,2016-03-12,166,4329,4495
805,2016-03-13,36,2651,2687
805,2016-03-14,314,5481,5795
805,2016-03-15,423,5759,6182
805,2016-03-16,338,5485,5823
805,2016-03-17,320,5776,6096
805,2016-03-19,212,4487,4699
805,2016-03-20,48,2828,2876
805,2016-03-21,390,5509,5899
805,2016-03-22,332,6021,6353
805,2016-03-23,387,5644,6031
805,2016-03-24,358,6172,6530
805,2016-03-26,151,4437,4588
805,2016-03-28,30,1746,1776
805,2016-03-29,276,4818,5094
805,2016-03-30,260,4972,5232
805,2016-03-31,211,5121,5332
805,2016-04-02,153,3945,4098
805,2016-04-03,37,2390,2427
805,2016-04-04,216,4719,4935
805,2016-04-05,257,4868,5125
805,2016-04-06,256,4752,5008
805,2016-04-07,276,4970,5246
805,2016-04-09,166,4291,4457
805,2016-04-10,37,2816,2853
805,2016-04-11,349,5594,5943
805,2016-04-12,364,5848,6212
805,2016-04-13,334,5770,6104
805,2016-04-14,333,6281,6614
805,2016-04-16,162,4480,4642
805,2016-04-17,41,2751,2792
805,2016-04-18,365,5493,5858
805,2016-04-19,338,6081,6419
805,2016-04-20,372,5954,6326
805,2016-04-21,350,6060,6410
805,2016-04-23,163,4679,4842
805,2016-04-24,44,2791,2835
805,2016-04-25,346,5414,5760
805,2016-04-26,398,6000,6398
805,2016-04-27,364,5700,6064
805,2016-04-28,331,6170,6501
805,2016-04-30,185,5487,5672
805,2016-05-01,48,2556,2604
805,2016-05-02,343,5545,5888
805,2016-05-03,348,6379,6727
805,2016-05-04,418,6827,7245
805,2016-05-05,42,2731,2773
805,2016-05-07,182,4651,4833
805,2016-05-08,40,3292,3332
805,2016-05-09,377,5734,6111
805,2016-05-10,360,6168,6528
805,2016-05-11,338,6177,6515
805,2016-05-12,346,6383,6729
805,2016-05-14,152,4821,4973
805,2016-05-15,40,2369,2409
805,2016-05-16,34,1869,1903
805,2016-05-17,335,5284,5619
805,2016-05-18,322,4898,5220
805,2016-05-19,283,5213,5496
805,2016-05-21,167,4410,4577
805,2016-05-22,56,2430,2486
805,2016-05-23,338,5779,6117
805,2016-05-24,357,6314,6671
805,2016-05-25,345,6213,6558
805,2016-05-26,364,6098,6462
805,2016-05-28,171,4506,4677
805,2016-05-29,59,2544,2603
805,2016-05-30,308,5638,5946
805,2016-05-31,382,6191,6573
805,2016-06-01,390,6006,6396
805,2016-06-02,380,5968,6348
805,2016-06-04,168,4946,5114
805,2016-06-05,37,3028,3065
805,2016-06-06,319,6039,6358
805,2016-06-07,363,6397,6760
805,2016-06-08,362,6290,6652
805,2016-06-09,355,6488,6843
805,2016-06-11,174,4722,4896
805,2016-06-12,41,2786,2827
805,2016-06-13,360,5702,6062
805,2016-06-14,350,6236,6586
805,2016-06-15,388,5884,6272
805,2016-06-16,342,5920,6262
805,2016-06-18,184,4256,4440
805,2016-06-19,36,2243,2279
805,2016-06-20,374,5660,6034
805,2016-06-21,351,6266,6617
805,2016-06-22,380,6406,6786
805,2016-06-23,47,2331,2378
805,2016-06-25,152,4403,4555
805,2016-06-26,42,2498,2540
805,2016-06-27,348,5754,6102
805,2016-06-28,356,6154,6510
805,2016-06-29,395,6198,6593
805,2016-06-30,355,6343,6698
805,2016-07-02,176,4480,4656
805,2016-07-03,36,3152,3188
805,2016-07-04,322,5918,6240
805,2016-07-05,343,6330,6673
805,2016-07-06,380,6047,6427
805,2016-07-07,401,6356,6757
805,2016-07-09,218,4983,5201
805,2016-07-10,53,3445,3498
805,2016-07-11,363,6659,7022
805,2016-07-12,439,7072,7511
805,2016-07-13,484,6698,7182
805,2016-07-14,306,6162,6468
805,2016-07-16,172,4374,4546
805,2016-07-17,47,2923,2970
805,2016-07-18,256,5428,5684
805,2016-07-19,388,5542,5930
805,2016-07-20,365,5399,5764
805,2016-07-21,392,5260,5652
805,2016-07-23,162,3956,4118
805,2016-07-24,37,2625,2662
805,2016-07-25,233,5128,5361
805,2016-07-26,306,5332,5638
805,2016-07-27,271,5235,5506
805,2016-07-28,269,5378,5647
805,2016-07-30,148,3968,4116
805,2016-07-31,35,2629,2664
805,2016-08-01,201,4442,4643
805,2016-08-02,209,4664,4873
805,2016-08-03,218,4708,4926
805,2016-08-04,209,4889,5098
805,2016-08-06,146,3849,3995
805,2016-08-07,56,2830,2886
805,2016-08-08,225,4295,4520
805,2016-08-09,233,4612,4845
805,2016-08-10,236,4604,4840
805,2016-08-11,234,4581,4815
805,2016-08-13,157,3773,3930
805,2016-08-14,44,2486,2530
805,2016-08-15,50,1928,1978
805,2016-08-16,249,4830,5079
805,2016-08-17,244,4637,4881
805,2016-08-18,202,4346,4548
805,2016-08-20,143,3583,3726
805,2016-08-21,32,2420,2452
805,2016-08-22,244,4625,4869
805,2016-08-23,297,4961,5258
805,2016-08-24,321,4948,5269
805,2016-08-25,306,5177,5483
805,2016-08-27,226,3990,4216
805,2016-08-28,40,2536,2576
805,2016-08-29,317,4775,5092
805,2016-08-30,274,5036,5310
805,2016-08-31,296,5034,5330
805,2016-09-01,261,5294,5555
805,2016-09-03,165,3773,3938
805,2016-09-04,24,2358,2382
805,2016-09-05,263,4933,5196
805,2016-09-06,296,5476,5772
805,2016-09-07,276,5339,5615
805,2016-09-08,256,5712,5968
805,2016-09-10,155,4417,4572
805,2016-09-11,37,2921,2958
805,2016-09-12,280,5910,6190
805,2016-09-13,335,6266,6601
805,2016-09-14,278,6156,6434
805,2016-09-15,386,6348,6734
805,2016-09-17,159,4559,4718
805,2016-09-18,31,2957,2988
805,2016-09-19,311,6063,6374
805,2016-09-20,352,6650,7002
805,2016-09-21,386,6315,6701
805,2016-09-22,375,6569,6944
805,2016-09-24,174,4937,5111
805,2016-09-25,64,5633,5697
805,2016-09-26,314,6106,6420
805,2016-09-27,359,6523,6882
805,2016-09-28,370,6286,6656
805,2016-09-29,393,6462,6855
805,2016-10-01,171,4700,4871
805,2016-10-02,28,3040,3068
805,2016-10-03,380,5815,6195
805,2016-10-04,416,6484,6900
805,2016-10-05,375,6213,6588
805,2016-10-06,478,6425,6903
805,2016-10-08,226,4700,4926
805,2016-10-09,179,2791,2970
805,2016-10-10,603,5841,6444
805,2016-10-11,448,6380,6828
805,2016-10-12,350,6433,6783
805,2016-10-13,380,6550,6930
805,2016-10-15,152,4655,4807
805,2016-10-16,32,2801,2833
805,2016-10-17,399,5792,6191
805,2016-10-18,400,6396,6796
805,2016-10-19,396,5776,6172
805,2016-10-20,414,6262,6676
805,2016-10-22,190,4970,5160
805,2016-10-23,38,2632,2670
805,2016-10-24,323,5848,6171
805,2016-10-25,383,6583,6966
805,2016-10-26,384,6125,6509
805,2016-10-27,338,6594,6932
805,2016-10-29,162,4687,4849
805,2016-10-30,27,2844,2871
805,2016-10-31,240,5526,5766
805,2016-11-01,34,2423,2457
805,2016-11-02,248,5141,5389
805,2016-11-03,291,5369,5660
805,2016-11-05,142,4095,4237
805,2016-11-06,29,2715,2744
805,2016-11-07,368,5810,6178
805,2016-11-08,391,6520,6911
805,2016-11-09,348,5942,6290
805,2016-11-10,325,6309,6634
805,2016-11-12,141,4625,4766
805,2016-11-13,29,2428,2457
805,2016-11-14,316,5670,5986
805,2016-11-15,371,6964,7335
805,2016-11-16,371,6449,6820
805,2016-11-17,334,6248,6582
805,2016-11-19,151,4992,5143
805,2016-11-20,34,2848,2882
805,2016-11-21,332,5650,5982
805,2016-11-22,330,6212,6542
805,2016-11-23,325,6169,6494
805,2016-11-24,334,6316,6650
805,2016-11-26,151,4715,4866
805,2016-11-27,26,2396,2422
805,2016-11-28,332,5861,6193
805,2016-11-29,324,6351,6675
805,2016-11-30,344,6168,6512
805,2016-12-01,321,6292,6613
805,2016-12-03,146,4537,4683
805,2016-12-04,26,3135,3161
805,2016-12-05,320,5970,6290
805,2016-12-06,338,5971,6309
805,2016-12-07,365,6099,6464
805,2016-12-08,328,6339,6667
805,2016-12-10,152,4378,4530
805,2016-12-11,32,2342,2374
805,2016-12-12,298,5893,6191
805,2016-12-13,341,6280,6621
805,2016-12-14,344,5995,6339
805,2016-12-15,323,5944,6267
805,2016-12-17,157,4690,4847
805,2016-12-18,31,2641,2672
805,2016-12-19,329,5925,6254
805,2016-12-20,349,6554,6903
805,2016-12-21,354,6393,6747
805,2016-12-22,288,7202,7490
805,2016-12-24,131,4100,4231
805,2016-12-25,21,1606,1627
805,2016-12-26,26,1806,1832
805,2016-12-27,176,3936,4112
805,2016-12-28,191,4168,4359
805,2016-12-29,186,4400,4586
805,2016-12-31,142,3421,3563
807,2016-01-02,142,4132,4274
807,2016-01-03,26,3444,3470
807,2016-01-04,263,5911,6174
807,2016-01-05,224,6148,6372
807,2016-01-06,212,6172,6384
807,2016-01-07,280,6090,6370
807,2016-01-09,147,4808,4955
807,2016-01-10,35,3357,3392
807,2016-01-11,248,5983,6231
807,2016-01-12,262,6552,6814
807,2016-01-13,303,6206,6509
807,2016-01-14,278,6024,6302
807,2016-01-16,137,4623,4760
807,2016-01-17,39,2934,2973
807,2016-01-18,265,6037,6302
807,2016-01-19,256,6303,6559
807,2016-01-20,269,6257,6526
807,2016-01-21,248,6322,6570
807,2016-01-23,139,4625,4764
807,2016-01-24,23,3570,3593
807,2016-01-25,310,6085,6395
807,2016-01-26,277,6165,6442
807,2016-01-27,306,5838,6144
807,2016-01-28,290,6122,6412
807,2016-01-30,156,4539,4695
807,2016-01-31,28,3157,3185
807,2016-02-01,258,5546,5804
807,2016-02-02,257,5909,6166
807,2016-02-03,261,5622,5883
807,2016-02-04,236,5743,5979
807,2016-02-06,139,4511,4650
807,2016-02-07,34,3151,3185
807,2016-02-08,175,4196,4371
807,2016-02-09,264,5228,5492
807,2016-02-10,218,5175,5393
807,2016-02-11,201,5148,5349
807,2016-02-13,148,4368,4516
807,2016-02-14,29,2993,3022
807,2016-02-15,287,5311,5598
807,2016-02-16,279,5866,6145
807,2016-02-17,279,5542,5821
807,2016-02-18,284,5839,6123
807,2016-02-20,117,4815,4932
807,2016-02-21,20,3073,3093
807,2016-02-22,263,5376,5639
807,2016-02-23,285,5916,6201
807,2016-02-24,263,5217,5480
807,2016-02-25,274,5340,5614
807,2016-02-27,157,4490,4647
807,2016-02-28,21,2969,2990
807,2016-02-29,268,5065,5333
807,2016-03-01,266,5424,5690
807,2016-03-02,251,5118,5369
807,2016-03-03,223,5232,5455
807,2016-03-05,146,4581,4727
807,2016-03-06,22,3239,3261
807,2016-03-07,248,4924,5172
807,2016-03-08,301,5335,5636
807,2016-03-09,267,5053,5320
807,2016-03-10,280,5446,5726
807,2016-03-12,152,4593,4745
807,2016-03-13,34,3332,3366
807,2016-03-14,284,5152,5436
807,2016-03-15,308,5556,5864
807,2016-03-16,293,5201,5494
807,2016-03-17,275,5535,5810
807,2016-03-19,191,4820,5011
807,2016-03-20,26,3447,3473
807,2016-03-21,309,5193,5502
807,2016-03-22,292,5760,6052
807,2016-03-23,303,5343,5646
807,2016-03-24,304,5804,6108
807,2016-03-26,154,4732,4886
807,2016-03-29,211,5041,5252
807,2016-03-30,209,4990,5199
807,2016-03-31,254,5176,5430
807,2016-04-02,158,4222,4380
807,2016-04-03,41,3161,3202
807,2016-04-04,238,4650,4888
807,2016-04-05,245,4976,5221
807,2016-04-06,265,5020,5285
807,2016-04-07,246,5114,5360
807,2016-04-09,170,4636,4806
807,2016-04-10,37,3749,3786
807,2016-04-11,300,5431,5731
807,2016-04-12,294,6010,6304
807,2016-04-13,293,5562,5855
807,2016-04-14,326,6170,6496
807,2016-04-16,168,5024,5192
807,2016-04-17,42,3533,3575
807,2016-04-18,301,5316,5617
807,2016-04-19,307,6086,6393
807,2016-04-20,281,5867,6148
807,2016-04-21,309,6043,6352
807,2016-04-23,182,5026,5208
807,2016-04-24,36,3353,3389
807,2016-04-25,257,5260,5517
807,2016-04-26,315,6019,6334
807,2016-04-27,282,5582,5864
807,2016-04-28,296,6131,6427
807,2016-04-30,190,5262,5452
807,2016-05-01,44,3590,3634
807,2016-05-02,311,5527,5838
807,2016-05-03,298,6157,6455
807,2016-05-04,398,6740,7138
807,2016-05-05,67,6131,6198
807,2016-05-07,169,5199,5368
807,2016-05-08,43,4211,4254
807,2016-05-09,331,5536,5867
807,2016-05-10,360,6128,6488
807,2016-05-11,317,5971,6288
807,2016-05-12,306,6205,6511
807,2016-05-14,170,4822,4992
807,2016-05-15,40,3081,3121
807,2016-05-16,45,2780,2825
807,2016-05-17,247,5362,5609
807,2016-05-18,271,5048,5319
807,2016-05-19,260,5276,5536
807,2016-05-21,173,4596,4769
807,2016-05-22,44,3221,3265
807,2016-05-23,309,5609,5918
807,2016-05-24,315,5980,6295
807,2016-05-25,376,5893,6269
807,2016-05-26,323,6176,6499
807,2016-05-28,174,4934,5108
807,2016-05-29,34,3100,3134
807,2016-05-30,264,5508,5772
807,2016-05-31,320,5826,6146
807,2016-06-01,301,5647,5948
807,2016-06-02,352,5886,6238
807,2016-06-04,150,4986,5136
807,2016-06-05,32,3619,3651
807,2016-06-06,314,5524,5838
807,2016-06-07,344,5960,6304
807,2016-06-08,305,6039,6344
807,2016-06-09,307,6441,6748
807,2016-06-11,194,5034,5228
807,2016-06-12,37,3466,3503
807,2016-06-13,250,5429,5679
807,2016-06-14,290,5809,6099
807,2016-06-15,307,5557,5864
807,2016-06-16,338,5944,6282
807,2016-06-18,191,4829,5020
807,2016-06-19,47,3577,3624
807,2016-06-20,272,5580,5852
807,2016-06-21,282,5937,6219
807,2016-06-23,42,3325,3367
807,2016-06-25,150,4525,4675
807,2016-06-26,40,3400,3440
807,2016-06-27,288,5480,5768
807,2016-06-28,302,5963,6265
807,2016-06-29,330,5781,6111
807,2016-06-30,301,6063,6364
807,2016-07-02,170,4774,4944
807,2016-07-03,33,3728,3761
807,2016-07-04,303,5613,5916
807,2016-07-05,301,6040,6341
807,2016-07-06,339,5939,6278
807,2016-07-07,350,6186,6536
807,2016-07-09,217,5452,5669
807,2016-07-10,68,4386,4454
807,2016-07-11,314,6047,6361
807,2016-07-12,395,6386,6781
807,2016-07-13,455,6033,6488
807,2016-07-14,322,6118,6440
807,2016-07-16,162,4863,5025
807,2016-07-17,51,3847,3898
807,2016-07-18,258,5625,5883
807,2016-07-19,347,6019,6366
807,2016-07-20,270,5785,6055
807,2016-07-21,290,6080,6370
807,2016-07-23,168,4494,4662
807,2016-07-24,39,3425,3464
807,2016-07-25,221,5290,5511
807,2016-07-26,280,5632,5912
807,2016-07-27,235,5361,5596
807,2016-07-28,226,5377,5603
807,2016-07-30,140,4313,4453
807,2016-07-31,37,3291,3328
807,2016-08-01,200,4504,4704
807,2016-08-02,157,4807,4964
807,2016-08-03,160,4757,4917
807,2016-08-04,159,4845,5004
807,2016-08-06,149,4408,4557
807,2016-08-07,54,4056,4110
807,2016-08-08,200,4508,4708
807,2016-08-09,211,4724,4935
807,2016-08-10,187,4657,4844
807,2016-08-11,169,4601,4770
807,2016-08-13,158,4071,4229
807,2016-08-14,53,3385,3438
807,2016-08-15,80,3078,3158
807,2016-08-16,219,5004,5223
807,2016-08-17,237,4569,4806
807,2016-08-18,218,4844,5062
807,2016-08-20,154,3998,4152
807,2016-08-21,30,3001,3031
807,2016-08-22,223,4551,4774
807,2016-08-23,234,5017,5251
807,2016-08-24,247,5105,5352
807,2016-08-25,243,5279,5522
807,2016-08-27,192,4202,4394
807,2016-08-28,28,3412,3440
807,2016-08-29,221,4833,5054
807,2016-08-30,250,5191,5441
807,2016-08-31,224,5065,5289
807,2016-09-01,226,5148,5374
807,2016-09-03,160,4198,4358
807,2016-09-04,32,2974,3006
807,2016-09-05,239,4940,5179
807,2016-09-06,279,5385,5664
807,2016-09-07,246,5275,5521
807,2016-09-08,268,5801,6069
807,2016-09-10,190,4868,5058
807,2016-09-11,52,4024,4076
807,2016-09-12,267,5679,5946
807,2016-09-13,278,5922,6200
807,2016-09-14,308,5718,6026
807,2016-09-15,312,5994,6306
807,2016-09-17,168,4979,5147
807,2016-09-18,27,3662,3689
807,2016-09-19,291,5490,5781
807,2016-09-20,288,6053,6341
807,2016-09-21,327,5802,6129
807,2016-09-22,291,6188,6479
807,2016-09-24,169,5165,5334
807,2016-09-25,52,5168,5220
807,2016-09-26,293,5557,5850
807,2016-09-27,303,6008,6311
807,2016-09-28,327,5714,6041
807,2016-09-29,295,6208,6503
807,2016-10-01,224,5110,5334
807,2016-10-02,25,3659,3684
807,2016-10-03,294,5526,5820
807,2016-10-04,351,6187,6538
807,2016-10-05,295,5817,6112
807,2016-10-06,379,6072,6451
807,2016-10-08,209,4955,5164
807,2016-10-09,171,3445,3616
807,2016-10-10,445,5531,5976
807,2016-10-11,376,6051,6427
807,2016-10-12,292,5960,6252
807,2016-10-13,293,6078,6371
807,2016-10-15,144,4999,5143
807,2016-10-16,36,3619,3655
807,2016-10-17,328,5420,5748
807,2016-10-18,316,6074,6390
807,2016-10-19,307,5510,5817
807,2016-10-20,282,5926,6208
807,2016-10-22,158,5139,5297
807,2016-10-23,41,3418,3459
807,2016-10-24,229,5552,5781
807,2016-10-25,284,6164,6448
807,2016-10-26,264,5668,5932
807,2016-10-27,281,6252,6533
807,2016-10-29,164,4676,4840
807,2016-10-30,36,3864,3900
807,2016-10-31,202,5441,5643
807,2016-11-01,35,3207,3242
807,2016-11-02,212,5250,5462
807,2016-11-03,275,5600,5875
807,2016-11-05,135,4318,4453
807,2016-11-06,36,3212,3248
807,2016-11-07,288,5312,5600
807,2016-11-08,269,5910,6179
807,2016-11-09,228,5520,5748
807,2016-11-10,269,5875,6144
807,2016-11-12,169,4715,4884
807,2016-11-13,27,3241,3268
807,2016-11-14,263,5135,5398
807,2016-11-15,219,5752,5971
807,2016-11-16,219,5467,5686
807,2016-11-17,227,5704,5931
807,2016-11-19,156,4907,5063
807,2016-11-20,28,3162,3190
807,2016-11-21,270,5250,5520
807,2016-11-22,246,5729,5975
807,2016-11-23,265,5675,5940
807,2016-11-24,261,5721,5982
807,2016-11-26,161,4654,4815
807,2016-11-27,30,3018,3048
807,2016-11-28,261,5358,5619
807,2016-11-29,264,5696,5960
807,2016-11-30,282,5421,5703
807,2016-12-01,288,5795,6083
807,2016-12-03,156,4655,4811
807,2016-12-04,34,4170,4204
807,2016-12-05,275,5417,5692
807,2016-12-06,273,5568,5841
807,2016-12-07,282,5445,5727
807,2016-12-08,272,5824,6096
807,2016-12-10,156,4667,4823
807,2016-12-11,30,3157,3187
807,2016-12-12,274,5370,5644
807,2016-12-13,268,5804,6072
807,2016-12-14,300,5581,5881
807,2016-12-15,274,5572,5846
807,2016-12-17,148,4719,4867
807,2016-12-18,29,3169,3198
807,2016-12-19,273,5335,5608
807,2016-12-20,303,5890,6193
807,2016-12-21,269,5692,5961
807,2016-12-22,242,6316,6558
807,2016-12-24,117,4149,4266
807,2016-12-25,19,2376,2395
807,2016-12-26,42,2502,2544
807,2016-12-27,152,3990,4142
807,2016-12-28,147,4028,4175
807,2016-12-29,141,4167,4308
807,2016-12-31,128,3385,3513
809,2016-01-01,6,850,856
809,2016-01-02,33,1074,1107
809,2016-01-03,7,1064,1071
809,2016-01-04,88,1538,1626
809,2016-01-06,79,1855,1934
809,2016-01-07,110,1746,1856
809,2016-01-08,84,1979,2063
809,2016-01-09,38,1213,1251
809,2016-01-10,3,962,965
809,2016-01-11,110,1875,1985
809,2016-01-13,106,1798,1904
809,2016-01-14,99,1901,2000
809,2016-01-15,108,1804,1912
809,2016-01-16,51,1186,1237
809,2016-01-17,14,1070,1084
809,2016-01-18,95,1824,1919
809,2016-01-19,100,2020,2120
809,2016-01-21,101,2007,2108
809,2016-01-22,94,1849,1943
809,2016-01-23,36,1256,1292
809,2016-01-24,8,955,963
809,2016-01-25,101,1858,1959
809,2016-01-26,105,1935,2040
809,2016-01-28,98,2004,2102
809,2016-01-29,94,1948,2042
809,2016-01-30,38,1288,1326
809,2016-01-31,8,1048,1056
809,2016-02-01,98,1856,1954
809,2016-02-02,78,1834,1912
809,2016-02-04,96,1954,2050
809,2016-02-05,97,1907,2004
809,2016-02-06,49,1292,1341
809,2016-02-07,8,922,930
809,2016-02-09,86,1508,1594
809,2016-02-11,77,1661,1738
809,2016-02-12,71,1774,1845
809,2016-02-13,43,1167,1210
809,2016-02-14,12,1012,1024
809,2016-02-15,85,1762,1847
809,2016-02-16,90,1974,2064
809,2016-02-18,105,1954,2059
809,2016-02-19,97,1905,2002
809,2016-02-20,50,1490,1540
809,2016-02-21,8,1031,1039
809,2016-02-22,88,1911,1999
809,2016-02-23,72,1270,1342
809,2016-02-26,99,2002,2101
809,2016-02-27,49,1404,1453
809,2016-02-28,13,1104,1117
809,2016-02-29,93,1905,1998
809,2016-03-01,116,1994,2110
809,2016-03-04,100,1916,2016
809,2016-03-05,42,1376,1418
809,2016-03-06,19,1132,1151
809,2016-03-07,116,1958,2074
809,2016-03-08,102,2137,2239
809,2016-03-09,99,1994,2093
809,2016-03-11,151,2267,2418
809,2016-03-12,56,1682,1738
809,2016-03-13,6,1306,1312
809,2016-03-14,108,1997,2105
809,2016-03-15,125,2227,2352
809,2016-03-16,126,2065,2191
809,2016-03-18,133,2287,2420
809,2016-03-19,87,1578,1665
809,2016-03-20,10,1217,1227
809,2016-03-21,142,2007,2149
809,2016-03-22,118,2233,2351
809,2016-03-23,129,2199,2328
809,2016-03-25,141,2097,2238
809,2016-03-26,61,1564,1625
809,2016-03-29,118,1846,1964
809,2016-03-30,100,1860,1960
809,2016-04-01,109,1970,2079
809,2016-04-02,53,1419,1472
809,2016-04-03,8,1271,1279
809,2016-04-04,112,1969,2081
809,2016-04-05,111,2170,2281
809,2016-04-06,111,2153,2264
809,2016-04-08,101,2063,2164
809,2016-04-09,48,1571,1619
809,2016-04-10,10,1314,1324
809,2016-04-11,150,2190,2340
809,2016-04-12,148,2088,2236
809,2016-04-13,118,2156,2274
809,2016-04-15,134,2136,2270
809,2016-04-16,54,1502,1556
809,2016-04-17,13,1320,1333
809,2016-04-18,136,2136,2272
809,2016-04-19,132,2307,2439
809,2016-04-20,111,2231,2342
809,2016-04-21,124,2285,2409
809,2016-04-23,65,1633,1698
809,2016-04-24,22,1218,1240
809,2016-04-25,148,1844,1992
809,2016-04-26,158,2170,2328
809,2016-04-27,110,2046,2156
809,2016-04-28,141,2267,2408
809,2016-04-30,85,1602,1687
809,2016-05-01,18,1374,1392
809,2016-05-02,127,2207,2334
809,2016-05-03,156,2396,2552
809,2016-05-04,160,2344,2504
809,2016-05-05,17,1666,1683
809,2016-05-06,129,2172,2301
809,2016-05-08,12,1589,1601
809,2016-05-09,128,2220,2348
809,2016-05-10,160,2192,2352
809,2016-05-11,129,2272,2401
809,2016-05-12,141,2363,2504
809,2016-05-13,136,2244,2380
809,2016-05-15,9,1396,1405
809,2016-05-16,193,1044,1237
809,2016-05-17,112,1945,2057
809,2016-05-18,160,1918,2078
809,2016-05-19,120,2063,2183
809,2016-05-20,116,1900,2016
809,2016-05-22,26,1264,1290
809,2016-05-23,137,2170,2307
809,2016-05-24,132,2254,2386
809,2016-05-25,164,2263,2427
809,2016-05-26,125,2409,2534
809,2016-05-27,206,2328,2534
809,2016-05-28,56,1537,1593
809,2016-05-30,114,1886,2000
809,2016-05-31,136,2518,2654
809,2016-06-01,138,2010,2148
809,2016-06-02,120,2100,2220
809,2016-06-03,138,2008,2146
809,2016-06-04,46,1514,1560
809,2016-06-05,10,1340,1350
809,2016-06-07,174,2244,2418
809,2016-06-08,144,2408,2552
809,2016-06-09,179,2510,2689
809,2016-06-10,231,2513,2744
809,2016-06-11,144,1508,1652
809,2016-06-12,8,1300,1308
809,2016-06-14,107,2050,2157
809,2016-06-15,138,1978,2116
809,2016-06-16,146,1998,2144
809,2016-06-17,160,2170,2330
809,2016-06-18,75,1605,1680
809,2016-06-19,9,2051,2060
809,2016-06-21,131,2155,2286
809,2016-06-22,156,2205,2361
809,2016-06-23,23,1499,1522
809,2016-06-24,121,1923,2044
809,2016-06-25,59,1444,1503
809,2016-06-26,17,1338,1355
809,2016-06-28,125,2105,2230
809,2016-06-29,128,2227,2355
809,2016-06-30,141,2051,2192
809,2016-07-01,146,2191,2337
809,2016-07-02,64,1651,1715
809,2016-07-03,15,1423,1438
809,2016-07-05,126,2108,2234
809,2016-07-06,130,2206,2336
809,2016-07-07,352,2595,2947
809,2016-07-08,137,2308,2445
809,2016-07-09,84,1631,1715
809,2016-07-10,20,1795,1815
809,2016-07-11,147,2052,2199
809,2016-07-13,148,2016,2164
809,2016-07-14,124,2040,2164
809,2016-07-15,130,2165,2295
809,2016-07-16,60,1529,1589
809,2016-07-17,18,1501,1519
809,2016-07-18,141,2055,2196
809,2016-07-20,117,2304,2421
809,2016-07-21,118,2058,2176
809,2016-07-22,150,2178,2328
809,2016-07-23,72,1482,1554
809,2016-07-24,8,1428,1436
809,2016-07-25,126,1979,2105
809,2016-07-27,130,2064,2194
809,2016-07-28,148,1920,2068
809,2016-07-29,138,1822,1960
809,2016-07-30,48,1440,1488
809,2016-07-31,8,1251,1259
809,2016-08-01,126,1706,1832
809,2016-08-03,107,1872,1979
809,2016-08-04,92,1566,1658
809,2016-08-05,96,1835,1931
809,2016-08-06,62,1583,1645
809,2016-08-07,26,1664,1690
809,2016-08-08,108,1789,1897
809,2016-08-09,113,1644,1757
809,2016-08-11,95,1719,1814
809,2016-08-12,95,1743,1838
809,2016-08-13,50,1417,1467
809,2016-08-14,28,1522,1550
809,2016-08-15,53,1563,1616
809,2016-08-16,124,1745,1869
809,2016-08-17,134,1799,1933
809,2016-08-19,88,1732,1820
809,2016-08-20,44,1267,1311
809,2016-08-21,14,1036,1050
809,2016-08-22,108,1653,1761
809,2016-08-23,109,1894,2003
809,2016-08-24,137,2075,2212
809,2016-08-25,132,2046,2178
809,2016-08-27,70,1744,1814
809,2016-08-28,12,1506,1518
809,2016-08-29,163,1767,1930
809,2016-08-30,103,1929,2032
809,2016-08-31,109,1818,1927
809,2016-09-01,104,1981,2085
809,2016-09-03,65,1557,1622
809,2016-09-04,4,1046,1050
809,2016-09-05,97,1857,1954
809,2016-09-06,115,2036,2151
809,2016-09-07,131,1961,2092
809,2016-09-08,121,2016,2137
809,2016-09-10,66,1435,1501
809,2016-09-11,18,1387,1405
809,2016-09-12,116,2099,2215
809,2016-09-13,129,2141,2270
809,2016-09-14,112,2036,2148
809,2016-09-15,138,1920,2058
809,2016-09-17,55,1540,1595
809,2016-09-18,10,1288,1298
809,2016-09-19,132,1902,2034
809,2016-09-20,121,2017,2138
809,2016-09-21,129,2107,2236
809,2016-09-22,148,2192,2340
809,2016-09-24,99,1671,1770
809,2016-09-25,31,1806,1837
809,2016-09-26,133,1915,2048
809,2016-09-27,122,2084,2206
809,2016-09-28,134,2055,2189
809,2016-09-29,161,2097,2258
809,2016-09-30,249,2156,2405
809,2016-10-02,26,1480,1506
809,2016-10-03,194,2118,2312
809,2016-10-04,167,2157,2324
809,2016-10-05,139,2055,2194
809,2016-10-06,131,2194,2325
809,2016-10-07,143,2192,2335
809,2016-10-09,10,1223,1233
809,2016-10-10,152,2001,2153
809,2016-10-11,132,2018,2150
809,2016-10-12,132,2031,2163
809,2016-10-13,157,2139,2296
809,2016-10-14,137,2164,2301
809,2016-10-16,11,1447,1458
809,2016-10-17,106,1896,2002
809,2016-10-18,146,1932,2078
809,2016-10-19,153,2168,2321
809,2016-10-20,143,2184,2327
809,2016-10-21,130,2211,2341
809,2016-10-23,9,1279,1288
809,2016-10-24,126,2189,2315
809,2016-10-25,105,2138,2243
809,2016-10-26,132,2146,2278
809,2016-10-27,115,2205,2320
809,2016-10-28,132,2220,2352
809,2016-10-29,77,1614,1691
809,2016-10-31,118,1704,1822
809,2016-11-01,6,1357,1363
809,2016-11-02,133,2031,2164
809,2016-11-03,133,2068,2201
809,2016-11-04,143,2009,2152
809,2016-11-05,48,1464,1512
809,2016-11-07,100,2210,2310
809,2016-11-08,126,2156,2282
809,2016-11-09,126,2201,2327
809,2016-11-10,118,2179,2297
809,2016-11-11,114,2277,2391
809,2016-11-12,46,1481,1527
809,2016-11-14,113,2032,2145
809,2016-11-15,121,2112,2233
809,2016-11-16,120,2105,2225
809,2016-11-17,122,1996,2118
809,2016-11-18,124,1996,2120
809,2016-11-19,44,1380,1424
809,2016-11-20,12,1139,1151
809,2016-11-22,92,2071,2163
809,2016-11-23,121,1965,2086
809,2016-11-24,113,2151,2264
809,2016-11-25,105,2127,2232
809,2016-11-26,63,1510,1573
809,2016-11-27,7,1190,1197
809,2016-11-29,113,1968,2081
809,2016-11-30,118,2030,2148
809,2016-12-01,133,2228,2361
809,2016-12-02,132,2094,2226
809,2016-12-03,45,1401,1446
809,2016-12-04,6,1144,1150
809,2016-12-06,122,1947,2069
809,2016-12-07,131,1919,2050
809,2016-12-08,140,2060,2200
809,2016-12-09,128,2071,2199
809,2016-12-10,37,1441,1478
809,2016-12-11,4,1147,1151
809,2016-12-13,104,2071,2175
809,2016-12-14,102,2090,2192
809,2016-12-15,114,2118,2232
809,2016-12-16,123,2094,2217
809,2016-12-17,39,1444,1483
809,2016-12-18,12,1156,1168
809,2016-12-20,103,2051,2154
809,2016-12-21,110,1963,2073
809,2016-12-22,94,1916,2010
809,2016-12-23,97,1930,2027
809,2016-12-24,30,1144,1174
809,2016-12-25,8,1176,1184
809,2016-12-27,70,1450,1520
809,2016-12-28,61,1341,1402
809,2016-12-29,72,1414,1486
809,2016-12-30,66,1413,1479
809,2016-12-31,29,1187,1216
811,2016-01-01,16,1451,1467
811,2016-01-02,72,1935,2007
811,2016-01-03,30,1812,1842
811,2016-01-04,127,3313,3440
811,2016-01-05,129,3611,3740
811,2016-01-07,192,3772,3964
811,2016-01-08,153,3895,4048
811,2016-01-09,69,2367,2436
811,2016-01-10,14,1807,1821
811,2016-01-11,196,3680,3876
811,2016-01-12,166,3859,4025
811,2016-01-14,147,3699,3846
811,2016-01-15,70,3332,3402
811,2016-01-16,77,2327,2404
811,2016-01-17,23,1762,1785
811,2016-01-18,146,3679,3825
811,2016-01-19,176,3738,3914
811,2016-01-21,151,3954,4105
811,2016-01-22,148,3634,3782
811,2016-01-23,67,2467,2534
811,2016-01-24,15,1968,1983
811,2016-01-25,185,3802,3987
811,2016-01-26,174,4015,4189
811,2016-01-28,148,4109,4257
811,2016-01-29,172,4264,4436
811,2016-01-30,50,2515,2565
811,2016-01-31,16,2065,2081
811,2016-02-01,174,3812,3986
811,2016-02-02,174,3976,4150
811,2016-02-04,161,3889,4050
811,2016-02-05,159,4228,4387
811,2016-02-06,71,2491,2562
811,2016-02-07,20,1896,1916
811,2016-02-08,110,2908,3018
811,2016-02-09,192,3414,3606
811,2016-02-11,139,3566,3705
811,2016-02-12,158,3644,3802
811,2016-02-13,88,2416,2504
811,2016-02-14,21,1958,1979
811,2016-02-15,190,3788,3978
811,2016-02-16,197,4063,4260
811,2016-02-18,176,4110,4286
811,2016-02-19,159,4116,4275
811,2016-02-20,79,2512,2591
811,2016-02-21,21,1983,2004
811,2016-02-22,156,3834,3990
811,2016-02-23,166,3914,4080
811,2016-02-25,158,4272,4430
811,2016-02-26,161,4359,4520
811,2016-02-27,64,2794,2858
811,2016-02-28,20,2122,2142
811,2016-02-29,194,3927,4121
811,2016-03-01,178,4115,4293
811,2016-03-03,156,4310,4466
811,2016-03-04,198,4416,4614
811,2016-03-05,70,2754,2824
811,2016-03-06,21,2177,2198
811,2016-03-07,156,4069,4225
811,2016-03-08,170,4364,4534
811,2016-03-10,168,4417,4585
811,2016-03-11,212,4482,4694
811,2016-03-12,102,2992,3094
811,2016-03-13,22,2433,2455
811,2016-03-14,201,4091,4292
811,2016-03-15,212,4457,4669
811,2016-03-17,173,4438,4611
811,2016-03-18,169,4679,4848
811,2016-03-19,88,2906,2994
811,2016-03-20,18,2408,2426
811,2016-03-21,173,4153,4326
811,2016-03-22,167,4507,4674
811,2016-03-24,185,4466,4651
811,2016-03-25,191,4409,4600
811,2016-03-26,76,2767,2843
811,2016-03-28,46,1916,1962
811,2016-03-29,152,3822,3974
811,2016-03-31,210,3870,4080
811,2016-04-01,182,3917,4099
811,2016-04-02,56,2488,2544
811,2016-04-03,24,2389,2413
811,2016-04-04,168,3681,3849
811,2016-04-05,154,3933,4087
811,2016-04-07,172,4050,4222
811,2016-04-08,164,4199,4363
811,2016-04-09,75,2616,2691
811,2016-04-10,23,2355,2378
811,2016-04-11,201,4086,4287
811,2016-04-12,264,4218,4482
811,2016-04-14,199,4498,4697
811,2016-04-15,177,4579,4756
811,2016-04-16,84,3055,3139
811,2016-04-17,34,2407,2441
811,2016-04-18,184,4222,4406
811,2016-04-19,190,4390,4580
811,2016-04-21,187,4472,4659
811,2016-04-22,173,4676,4849
811,2016-04-23,87,3055,3142
811,2016-04-24,19,2171,2190
811,2016-04-25,163,4049,4212
811,2016-04-26,166,4289,4455
811,2016-04-28,196,4517,4713
811,2016-04-29,187,4638,4825
811,2016-04-30,79,2969,3048
811,2016-05-01,16,2446,2462
811,2016-05-02,176,4051,4227
811,2016-05-03,185,4271,4456
811,2016-05-05,21,3348,3369
811,2016-05-06,140,3593,3733
811,2016-05-07,98,2769,2867
811,2016-05-08,28,2620,2648
811,2016-05-09,233,3972,4205
811,2016-05-10,224,4346,4570
811,2016-05-12,172,4338,4510
811,2016-05-13,198,4565,4763
811,2016-05-14,112,2899,3011
811,2016-05-15,26,2210,2236
811,2016-05-16,135,1894,2029
811,2016-05-17,247,3903,4150
811,2016-05-19,164,4430,4594
811,2016-05-20,176,4421,4597
811,2016-05-21,77,3049,3126
811,2016-05-22,22,2096,2118
811,2016-05-23,195,4041,4236
811,2016-05-24,207,4491,4698
811,2016-05-26,188,4790,4978
811,2016-05-27,256,4812,5068
811,2016-05-28,89,2806,2895
811,2016-05-29,29,2103,2132
811,2016-05-30,173,3917,4090
811,2016-05-31,155,4333,4488
811,2016-06-02,222,4574,4796
811,2016-06-03,169,4618,4787
811,2016-06-04,84,2862,2946
811,2016-06-05,23,2673,2696
811,2016-06-06,186,4156,4342
811,2016-06-07,180,4230,4410
811,2016-06-09,178,4536,4714
811,2016-06-10,190,4707,4897
811,2016-06-11,73,2948,3021
811,2016-06-12,22,2631,2653
811,2016-06-13,156,4064,4220
811,2016-06-14,167,4287,4454
811,2016-06-16,192,4190,4382
811,2016-06-17,175,4500,4675
811,2016-06-18,72,2808,2880
811,2016-06-19,24,2348,2372
811,2016-06-20,184,4108,4292
811,2016-06-21,149,3944,4093
811,2016-06-23,22,2002,2024
811,2016-06-24,142,3195,3337
811,2016-06-25,69,2275,2344
811,2016-06-26,19,1960,1979
811,2016-06-27,139,3523,3662
811,2016-06-28,134,3662,3796
811,2016-06-30,240,3795,4035
811,2016-07-01,150,3831,3981
811,2016-07-02,80,2365,2445
811,2016-07-03,28,2070,2098
811,2016-07-04,167,3386,3553
811,2016-07-05,141,3606,3747
811,2016-07-07,198,4434,4632
811,2016-07-08,180,4573,4753
811,2016-07-09,81,3241,3322
811,2016-07-10,45,2353,2398
811,2016-07-11,83,1156,1239
811,2016-07-12,94,562,656
811,2016-07-14,117,3288,3405
811,2016-07-15,149,3607,3756
811,2016-07-16,79,2319,2398
811,2016-07-17,30,1963,1993
811,2016-07-18,129,3308,3437
811,2016-07-19,165,3355,3520
811,2016-07-21,190,3500,3690
811,2016-07-22,188,3464,3652
811,2016-07-23,94,2148,2242
811,2016-07-24,27,1792,1819
811,2016-07-25,101,3024,3125
811,2016-07-26,135,3286,3421
811,2016-07-28,121,3098,3219
811,2016-07-29,98,3042,3140
811,2016-07-30,71,2061,2132
811,2016-07-31,25,1753,1778
811,2016-08-01,118,2632,2750
811,2016-08-02,132,2734,2866
811,2016-08-04,113,2720,2833
811,2016-08-05,104,2782,2886
811,2016-08-06,71,2018,2089
811,2016-08-07,38,1949,1987
811,2016-08-08,141,2577,2718
811,2016-08-09,135,2894,3029
811,2016-08-11,122,2689,2811
811,2016-08-12,128,2877,3005
811,2016-08-13,80,1906,1986
811,2016-08-14,39,1651,1690
811,2016-08-15,62,1934,1996
811,2016-08-16,116,2421,2537
811,2016-08-18,123,2538,2661
811,2016-08-19,108,2558,2666
811,2016-08-20,67,1887,1954
811,2016-08-21,17,1579,1596
811,2016-08-22,116,2734,2850
811,2016-08-23,126,2949,3075
811,2016-08-25,144,3004,3148
811,2016-08-26,134,2982,3116
811,2016-08-27,112,2032,2144
811,2016-08-28,30,1716,1746
811,2016-08-29,154,2875,3029
811,2016-08-30,154,3203,3357
811,2016-09-01,134,3119,3253
811,2016-09-02,125,3098,3223
811,2016-09-03,72,2257,2329
811,2016-09-04,17,1586,1603
811,2016-09-05,112,3044,3156
811,2016-09-06,113,3190,3303
811,2016-09-08,117,3268,3385
811,2016-09-09,126,3235,3361
811,2016-09-10,89,2233,2322
811,2016-09-11,26,1861,1887
811,2016-09-12,152,3125,3277
811,2016-09-13,142,3384,3526
811,2016-09-15,160,3527,3687
811,2016-09-16,121,3776,3897
811,2016-09-17,102,2336,2438
811,2016-09-18,18,1759,1777
811,2016-09-19,146,3121,3267
811,2016-09-20,132,3459,3591
811,2016-09-22,135,3442,3577
811,2016-09-23,147,3571,3718
811,2016-09-24,66,2304,2370
811,2016-09-25,77,2260,2337
811,2016-09-26,133,3264,3397
811,2016-09-27,149,3464,3613
811,2016-09-29,138,3547,3685
811,2016-09-30,129,3570,3699
811,2016-10-01,90,2190,2280
811,2016-10-02,19,1877,1896
811,2016-10-03,154,3182,3336
811,2016-10-04,135,3432,3567
811,2016-10-06,141,3396,3537
811,2016-10-07,144,3553,3697
811,2016-10-08,102,2353,2455
811,2016-10-09,17,1918,1935
811,2016-10-10,152,3190,3342
811,2016-10-11,150,3586,3736
811,2016-10-13,139,3433,3572
811,2016-10-14,148,3502,3650
811,2016-10-15,70,2373,2443
811,2016-10-16,16,1959,1975
811,2016-10-17,168,3179,3347
811,2016-10-18,132,3487,3619
811,2016-10-20,131,3414,3545
811,2016-10-21,144,3553,3697
811,2016-10-22,76,2291,2367
811,2016-10-23,23,1849,1872
811,2016-10-24,122,3156,3278
811,2016-10-25,124,3427,3551
811,2016-10-27,158,3419,3577
811,2016-10-28,148,3580,3728
811,2016-10-29,93,2151,2244
811,2016-10-30,19,1898,1917
811,2016-10-31,108,2594,2702
811,2016-11-01,15,1707,1722
811,2016-11-03,125,3007,3132
811,2016-11-04,116,3165,3281
811,2016-11-05,67,2050,2117
811,2016-11-06,19,1674,1693
811,2016-11-07,142,3234,3376
811,2016-11-08,134,3332,3466
811,2016-11-10,136,3417,3553
811,2016-11-11,135,3391,3526
811,2016-11-12,72,2216,2288
811,2016-11-13,21,1626,1647
811,2016-11-14,156,3380,3536
811,2016-11-15,127,3507,3634
811,2016-11-17,133,3294,3427
811,2016-11-18,129,3486,3615
811,2016-11-19,68,2200,2268
811,2016-11-20,22,1522,1544
811,2016-11-21,158,3190,3348
811,2016-11-22,126,3457,3583
811,2016-11-24,131,3628,3759
811,2016-11-25,186,3980,4166
811,2016-11-26,60,2303,2363
811,2016-11-27,30,1742,1772
811,2016-11-28,137,3325,3462
811,2016-11-29,130,3405,3535
811,2016-12-01,128,3415,3543
811,2016-12-02,132,3663,3795
811,2016-12-03,62,2247,2309
811,2016-12-04,19,2026,2045
811,2016-12-05,131,3198,3329
811,2016-12-06,127,3303,3430
811,2016-12-08,137,3504,3641
811,2016-12-09,115,3606,3721
811,2016-12-10,86,2315,2401
811,2016-12-11,16,1601,1617
811,2016-12-12,129,3118,3247
811,2016-12-13,133,3504,3637
811,2016-12-15,121,3307,3428
811,2016-12-16,125,3554,3679
811,2016-12-17,70,2254,2324
811,2016-12-18,16,1604,1620
811,2016-12-19,107,3248,3355
811,2016-12-20,134,3369,3503
811,2016-12-22,122,3252,3374
811,2016-12-23,99,3129,3228
811,2016-12-24,54,1799,1853
811,2016-12-25,24,1286,1310
811,2016-12-26,34,1488,1522
811,2016-12-27,69,1893,1962
811,2016-12-29,67,2023,2090
811,2016-12-30,80,2031,2111
811,2016-12-31,61,1524,1585
813,2016-01-01,13,1112,1125
813,2016-01-02,25,1506,1531
813,2016-01-03,18,1564,1582
813,2016-01-04,62,2769,2831
813,2016-01-05,87,3020,3107
813,2016-01-07,108,3234,3342
813,2016-01-08,93,3412,3505
813,2016-01-09,31,1895,1926
813,2016-01-10,16,1518,1534
813,2016-01-11,158,3164,3322
813,2016-01-12,116,3253,3369
813,2016-01-14,133,3113,3246
813,2016-01-15,72,2837,2909
813,2016-01-16,56,1846,1902
813,2016-01-17,20,1438,1458
813,2016-01-18,142,3102,3244
813,2016-01-19,160,3205,3365
813,2016-01-21,134,3253,3387
813,2016-01-22,140,2981,3121
813,2016-01-23,49,1948,1997
813,2016-01-24,18,1520,1538
813,2016-01-25,157,3470,3627
813,2016-01-26,200,3999,4199
813,2016-01-28,186,4225,4411
813,2016-01-29,187,4392,4579
813,2016-01-30,84,2526,2610
813,2016-01-31,12,1852,1864
813,2016-02-01,163,4050,4213
813,2016-02-02,161,4054,4215
813,2016-02-04,156,3987,4143
813,2016-02-05,151,4252,4403
813,2016-02-06,74,2543,2617
813,2016-02-07,14,1792,1806
813,2016-02-08,148,3142,3290
813,2016-02-09,166,3460,3626
813,2016-02-11,167,3648,3815
813,2016-02-12,163,3716,3879
813,2016-02-13,100,2246,2346
813,2016-02-14,22,1860,1882
813,2016-02-15,198,3964,4162
813,2016-02-16,195,4152,4347
813,2016-02-18,217,4255,4472
813,2016-02-19,188,4303,4491
813,2016-02-20,70,2429,2499
813,2016-02-21,12,1964,1976
813,2016-02-22,184,4093,4277
813,2016-02-23,162,4135,4297
813,2016-02-25,203,4594,4797
813,2016-02-26,211,4678,4889
813,2016-02-27,91,2860,2951
813,2016-02-28,22,2207,2229
813,2016-02-29,210,4344,4554
813,2016-03-01,228,4456,4684
813,2016-03-03,176,4485,4661
813,2016-03-04,202,4528,4730
813,2016-03-05,62,2922,2984
813,2016-03-06,16,2119,2135
813,2016-03-08,211,4685,4896
813,2016-03-10,196,4657,4853
813,2016-03-11,225,4853,5078
813,2016-03-12,129,3015,3144
813,2016-03-13,29,2359,2388
813,2016-03-14,229,4333,4562
813,2016-03-15,237,4655,4892
813,2016-03-17,209,4645,4854
813,2016-03-18,210,4841,5051
813,2016-03-19,100,3003,3103
813,2016-03-20,25,2319,2344
813,2016-03-21,226,4451,4677
813,2016-03-22,229,4822,5051
813,2016-03-24,218,4824,5042
813,2016-03-25,197,4707,4904
813,2016-03-26,100,2801,2901
813,2016-03-28,22,1702,1724
813,2016-03-29,190,4065,4255
813,2016-03-31,148,3992,4140
813,2016-04-01,183,4118,4301
813,2016-04-02,82,2773,2855
813,2016-04-03,19,2428,2447
813,2016-04-04,191,3949,4140
813,2016-04-05,159,4184,4343
813,2016-04-07,210,4297,4507
813,2016-04-08,190,4469,4659
813,2016-04-09,97,2766,2863
813,2016-04-10,19,2326,2345
813,2016-04-11,212,4470,4682
813,2016-04-12,260,4440,4700
813,2016-04-14,210,4761,4971
813,2016-04-15,204,4661,4865
813,2016-04-16,87,2947,3034
813,2016-04-17,21,2305,2326
813,2016-04-18,218,4471,4689
813,2016-04-19,206,4590,4796
813,2016-04-21,210,4792,5002
813,2016-04-22,213,4864,5077
813,2016-04-23,86,2965,3051
813,2016-04-24,30,2173,2203
813,2016-04-25,184,4272,4456
813,2016-04-26,209,4469,4678
813,2016-04-28,225,4706,4931
813,2016-04-29,247,4781,5028
813,2016-04-30,87,3207,3294
813,2016-05-01,16,2252,2268
813,2016-05-02,240,4413,4653
813,2016-05-03,233,4720,4953
813,2016-05-05,21,2824,2845
813,2016-05-06,153,4067,4220
813,2016-05-07,113,2962,3075
813,2016-05-08,24,2557,2581
813,2016-05-09,228,4433,4661
813,2016-05-10,266,4496,4762
813,2016-05-12,196,4726,4922
813,2016-05-13,203,4885,5088
813,2016-05-14,150,3016,3166
813,2016-05-15,24,2295,2319
813,2016-05-16,158,1778,1936
813,2016-05-17,254,4210,4464
813,2016-05-19,210,4466,4676
813,2016-05-20,184,4397,4581
813,2016-05-21,126,3208,3334
813,2016-05-22,34,2027,2061
813,2016-05-23,214,4313,4527
813,2016-05-24,235,4757,4992
813,2016-05-26,210,5106,5316
813,2016-05-27,226,4964,5190
813,2016-05-28,61,2903,2964
813,2016-05-29,26,2040,2066
813,2016-05-30,124,3924,4048
813,2016-05-31,192,4647,4839
813,2016-06-02,159,4478,4637
813,2016-06-03,136,4868,5004
813,2016-06-04,50,3642,3692
813,2016-06-05,16,3516,3532
813,2016-06-06,172,4582,4754
813,2016-06-07,155,4527,4682
813,2016-06-09,161,4897,5058
813,2016-06-10,160,5172,5332
813,2016-06-11,55,3011,3066
813,2016-06-12,16,2515,2531
813,2016-06-13,168,4341,4509
813,2016-06-14,186,4620,4806
813,2016-06-16,204,4662,4866
813,2016-06-17,185,4730,4915
813,2016-06-18,69,2911,2980
813,2016-06-19,20,2371,2391
813,2016-06-20,197,4397,4594
813,2016-06-21,167,4493,4660
813,2016-06-23,29,2085,2114
813,2016-06-24,121,3900,4021
813,2016-06-25,64,2644,2708
813,2016-06-26,22,2203,2225
813,2016-06-27,185,4149,4334
813,2016-06-28,192,4345,4537
813,2016-06-30,184,4566,4750
813,2016-07-01,196,4559,4755
813,2016-07-02,89,2963,3052
813,2016-07-03,20,2553,2573
813,2016-07-04,195,4152,4347
813,2016-07-05,184,4490,4674
813,2016-07-07,288,4696,4984
813,2016-07-08,168,4928,5096
813,2016-07-09,92,3321,3413
813,2016-07-10,40,2505,2545
813,2016-07-11,183,3790,3973
813,2016-07-12,227,3719,3946
813,2016-07-14,158,4327,4485
813,2016-07-15,190,4517,4707
813,2016-07-16,83,2728,2811
813,2016-07-17,19,2294,2313
813,2016-07-18,147,4046,4193
813,2016-07-19,159,4216,4375
813,2016-07-21,208,4248,4456
813,2016-07-22,224,4228,4452
813,2016-07-23,78,2732,2810
813,2016-07-24,26,2062,2088
813,2016-07-25,149,3867,4016
813,2016-07-26,147,4006,4153
813,2016-07-28,132,3801,3933
813,2016-07-29,111,3762,3873
813,2016-07-30,56,2486,2542
813,2016-07-31,14,2006,2020
813,2016-08-01,116,3305,3421
813,2016-08-02,114,3255,3369
813,2016-08-04,106,3398,3504
813,2016-08-05,99,3490,3589
813,2016-08-06,69,2405,2474
813,2016-08-07,43,2276,2319
813,2016-08-08,132,3013,3145
813,2016-08-09,138,3432,3570
813,2016-08-11,110,3324,3434
813,2016-08-12,102,3395,3497
813,2016-08-13,67,2394,2461
813,2016-08-14,45,2103,2148
813,2016-08-15,49,1991,2040
813,2016-08-16,111,3156,3267
813,2016-08-18,56,2962,3018
813,2016-08-19,101,3160,3261
813,2016-08-20,56,2284,2340
813,2016-08-21,19,1819,1838
813,2016-08-22,129,3379,3508
813,2016-08-23,136,3671,3807
813,2016-08-25,131,3721,3852
813,2016-08-26,114,3675,3789
813,2016-08-27,114,2658,2772
813,2016-08-28,22,2011,2033
813,2016-08-29,168,3509,3677
813,2016-08-30,153,3819,3972
813,2016-09-01,158,3812,3970
813,2016-09-02,151,3759,3910
813,2016-09-03,71,2519,2590
813,2016-09-04,15,1809,1824
813,2016-09-05,124,3642,3766
813,2016-09-06,120,3894,4014
813,2016-09-08,138,4080,4218
813,2016-09-09,139,4041,4180
813,2016-09-10,97,2715,2812
813,2016-09-11,28,2130,2158
813,2016-09-12,124,3970,4094
813,2016-09-13,145,4454,4599
813,2016-09-15,192,4456,4648
813,2016-09-16,177,4538,4715
813,2016-09-17,110,2700,2810
813,2016-09-18,12,2032,2044
813,2016-09-19,192,3998,4190
813,2016-09-20,298,4182,4480
813,2016-09-22,448,4062,4510
813,2016-09-23,446,4344,4790
813,2016-09-24,153,2899,3052
813,2016-09-25,112,2826,2938
813,2016-09-26,442,3936,4378
813,2016-09-27,510,4133,4643
813,2016-09-29,441,4175,4616
813,2016-09-30,384,4202,4586
813,2016-10-01,222,2722,2944
813,2016-10-02,43,2209,2252
813,2016-10-03,477,3892,4369
813,2016-10-04,456,4153,4609
813,2016-10-06,492,4064,4556
813,2016-10-07,474,4180,4654
813,2016-10-08,191,2724,2915
813,2016-10-09,54,2177,2231
813,2016-10-10,441,3801,4242
813,2016-10-11,421,4005,4426
813,2016-10-13,453,4175,4628
813,2016-10-14,401,4170,4571
813,2016-10-15,140,2745,2885
813,2016-10-16,38,2300,2338
813,2016-10-17,386,3739,4125
813,2016-10-18,445,4100,4545
813,2016-10-20,431,4129,4560
813,2016-10-21,413,4191,4604
813,2016-10-22,179,2757,2936
813,2016-10-23,48,2074,2122
813,2016-10-24,299,3771,4070
813,2016-10-25,414,4199,4613
813,2016-10-27,460,4159,4619
813,2016-10-28,431,4287,4718
813,2016-10-29,185,2673,2858
813,2016-10-30,35,2186,2221
813,2016-10-31,267,3296,3563
813,2016-11-01,32,1992,2024
813,2016-11-03,390,3694,4084
813,2016-11-04,378,3681,4059
813,2016-11-05,157,2370,2527
813,2016-11-06,42,1950,1992
813,2016-11-07,402,4019,4421
813,2016-11-08,449,4039,4488
813,2016-11-10,401,4184,4585
813,2016-11-11,386,4137,4523
813,2016-11-12,167,2576,2743
813,2016-11-13,31,1746,1777
813,2016-11-14,389,3995,4384
813,2016-11-15,346,4011,4357
813,2016-11-17,372,4087,4459
813,2016-11-18,353,4109,4462
813,2016-11-19,167,2736,2903
813,2016-11-20,43,1719,1762
813,2016-11-21,334,4016,4350
813,2016-11-22,390,4119,4509
813,2016-11-24,404,4174,4578
813,2016-11-25,359,4396,4755
813,2016-11-26,151,2752,2903
813,2016-11-27,35,2004,2039
813,2016-11-28,326,3909,4235
813,2016-11-29,413,4233,4646
813,2016-12-01,381,4067,4448
813,2016-12-02,394,4213,4607
813,2016-12-03,171,2659,2830
813,2016-12-04,51,2134,2185
813,2016-12-05,346,3881,4227
813,2016-12-06,395,3885,4280
813,2016-12-08,413,4180,4593
813,2016-12-09,322,4479,4801
813,2016-12-10,161,2757,2918
813,2016-12-11,24,1849,1873
813,2016-12-12,314,3844,4158
813,2016-12-13,353,4095,4448
813,2016-12-15,333,4037,4370
813,2016-12-16,341,4218,4559
813,2016-12-17,157,2699,2856
813,2016-12-18,41,1900,1941
813,2016-12-19,324,3842,4166
813,2016-12-20,350,4103,4453
813,2016-12-22,253,3977,4230
813,2016-12-23,278,3885,4163
813,2016-12-24,108,2162,2270
813,2016-12-25,17,1444,1461
813,2016-12-26,42,1583,1625
813,2016-12-27,179,2432,2611
813,2016-12-29,161,2426,2587
813,2016-12-30,157,2412,2569
813,2016-12-31,109,1754,1863
816,2016-01-01,11,2128,2139
816,2016-01-02,56,2911,2967
816,2016-01-03,18,2862,2880
816,2016-01-04,122,4897,5019
816,2016-01-05,186,5582,5768
816,2016-01-07,224,5818,6042
816,2016-01-08,168,5734,5902
816,2016-01-09,74,3565,3639
816,2016-01-10,16,2620,2636
816,2016-01-11,252,5638,5890
816,2016-01-12,220,6048,6268
816,2016-01-14,189,5677,5866
816,2016-01-15,125,5008,5133
816,2016-01-16,72,3624,3696
816,2016-01-17,11,2735,2746
816,2016-01-18,170,5604,5774
816,2016-01-19,185,5872,6057
816,2016-01-21,187,5967,6154
816,2016-01-22,166,5479,5645
816,2016-01-23,71,3596,3667
816,2016-01-24,10,2719,2729
816,2016-01-25,232,5706,5938
816,2016-01-26,220,5957,6177
816,2016-01-28,229,6193,6422
816,2016-01-29,263,6304,6567
816,2016-01-30,106,4024,4130
816,2016-01-31,12,2873,2885
816,2016-02-01,222,5719,5941
816,2016-02-02,340,6206,6546
816,2016-02-04,272,6184,6456
816,2016-02-05,187,6007,6194
816,2016-02-06,80,3850,3930
816,2016-02-07,36,2758,2794
816,2016-02-08,206,4276,4482
816,2016-02-09,234,5074,5308
816,2016-02-11,165,5066,5231
816,2016-02-12,184,5428,5612
816,2016-02-13,98,3416,3514
816,2016-02-14,10,2676,2686
816,2016-02-15,208,5668,5876
816,2016-02-16,219,6219,6438
816,2016-02-18,256,6053,6309
816,2016-02-19,191,6143,6334
816,2016-02-20,88,3805,3893
816,2016-02-21,14,2913,2927
816,2016-02-22,220,5652,5872
816,2016-02-23,185,6044,6229
816,2016-02-25,223,6296,6519
816,2016-02-26,195,6382,6577
816,2016-02-27,83,4311,4394
816,2016-02-28,12,3017,3029
816,2016-02-29,239,5922,6161
816,2016-03-01,225,6142,6367
816,2016-03-03,187,6112,6299
816,2016-03-04,262,6714,6976
816,2016-03-05,79,4340,4419
816,2016-03-06,15,3111,3126
816,2016-03-07,194,5928,6122
816,2016-03-08,230,6388,6618
816,2016-03-10,249,6404,6653
816,2016-03-11,260,6683,6943
816,2016-03-12,93,4547,4640
816,2016-03-13,12,3457,3469
816,2016-03-14,256,5809,6065
816,2016-03-15,283,6470,6753
816,2016-03-17,275,6362,6637
816,2016-03-18,213,6696,6909
816,2016-03-19,98,4379,4477
816,2016-03-20,21,3463,3484
816,2016-03-21,226,6020,6246
816,2016-03-22,217,6492,6709
816,2016-03-24,255,6695,6950
816,2016-03-25,273,6454,6727
816,2016-03-26,98,4184,4282
816,2016-03-28,12,2834,2846
816,2016-03-29,294,5714,6008
816,2016-03-31,204,5502,5706
816,2016-04-01,255,5853,6108
816,2016-04-02,98,3936,4034
816,2016-04-03,11,3530,3541
816,2016-04-04,243,5668,5911
816,2016-04-05,246,5972,6218
816,2016-04-07,231,6123,6354
816,2016-04-08,214,6119,6333
816,2016-04-09,94,4387,4481
816,2016-04-10,18,3374,3392
816,2016-04-11,245,6241,6486
816,2016-04-12,326,6844,7170
816,2016-04-14,260,6994,7254
816,2016-04-15,250,6947,7197
816,2016-04-16,108,4536,4644
816,2016-04-17,14,3532,3546
816,2016-04-18,274,6237,6511
816,2016-04-19,251,6733,6984
816,2016-04-21,220,6878,7098
816,2016-04-22,247,6883,7130
816,2016-04-23,84,4459,4543
816,2016-04-24,12,3151,3163
816,2016-04-25,268,6047,6315
816,2016-04-26,236,6616,6852
816,2016-04-28,263,6827,7090
816,2016-04-29,237,6892,7129
816,2016-04-30,106,4726,4832
816,2016-05-01,11,3371,3382
816,2016-05-02,237,6114,6351
816,2016-05-03,235,6614,6849
816,2016-05-05,15,5796,5811
816,2016-05-06,161,5987,6148
816,2016-05-07,125,4608,4733
816,2016-05-08,17,4391,4408
816,2016-05-09,231,6171,6402
816,2016-05-10,368,6780,7148
816,2016-05-12,264,6725,6989
816,2016-05-13,253,7019,7272
816,2016-05-14,138,4423,4561
816,2016-05-15,15,3367,3382
816,2016-05-16,68,2702,2770
816,2016-05-17,285,5664,5949
816,2016-05-19,220,5923,6143
816,2016-05-20,206,6034,6240
816,2016-05-21,119,4256,4375
816,2016-05-22,28,3028,3056
816,2016-05-23,243,6037,6280
816,2016-05-24,253,6525,6778
816,2016-05-26,306,7300,7606
816,2016-05-27,362,7246,7608
816,2016-05-28,107,4371,4478
816,2016-05-29,22,3022,3044
816,2016-05-30,252,6150,6402
816,2016-05-31,208,6465,6673
816,2016-06-02,230,6590,6820
816,2016-06-03,220,6796,7016
816,2016-06-04,110,4960,5070
816,2016-06-05,13,3891,3904
816,2016-06-06,310,6442,6752
816,2016-06-07,235,6295,6530
816,2016-06-09,241,6953,7194
816,2016-06-10,214,7140,7354
816,2016-06-11,158,4442,4600
816,2016-06-12,12,3501,3513
816,2016-06-13,208,6083,6291
816,2016-06-14,320,6540,6860
816,2016-06-16,278,6688,6966
816,2016-06-17,310,6834,7144
816,2016-06-18,96,4342,4438
816,2016-06-19,13,3447,3460
816,2016-06-20,330,6274,6604
816,2016-06-21,241,6369,6610
816,2016-06-23,34,3595,3629
816,2016-06-24,169,5512,5681
816,2016-06-25,86,3919,4005
816,2016-06-26,20,3442,3462
816,2016-06-27,199,5917,6116
816,2016-06-28,221,6404,6625
816,2016-06-30,241,6481,6722
816,2016-07-01,220,6481,6701
816,2016-07-02,89,4355,4444
816,2016-07-03,20,3637,3657
816,2016-07-04,196,5985,6181
816,2016-07-05,218,6418,6636
816,2016-07-07,248,6841,7089
816,2016-07-08,254,7010,7264
816,2016-07-09,101,4956,5057
816,2016-07-10,13,4356,4369
816,2016-07-11,239,6158,6397
816,2016-07-12,231,6316,6547
816,2016-07-14,215,6534,6749
816,2016-07-15,233,6530,6763
816,2016-07-16,99,4403,4502
816,2016-07-17,23,3891,3914
816,2016-07-18,219,6172,6391
816,2016-07-19,234,6538,6772
816,2016-07-21,358,6238,6596
816,2016-07-23,128,4396,4524
816,2016-07-24,12,3313,3325
816,2016-07-25,207,5793,6000
816,2016-07-26,223,5978,6201
816,2016-07-28,189,5695,5884
816,2016-07-29,173,5606,5779
816,2016-07-30,77,4190,4267
816,2016-07-31,12,3224,3236
816,2016-08-01,135,4866,5001
816,2016-08-02,122,4841,4963
816,2016-08-04,135,5098,5233
816,2016-08-05,128,5053,5181
816,2016-08-06,76,4141,4217
816,2016-08-07,11,4147,4158
816,2016-08-08,134,4759,4893
816,2016-08-09,131,4957,5088
816,2016-08-11,132,4836,4968
816,2016-08-12,142,4723,4865
816,2016-08-13,84,3755,3839
816,2016-08-14,24,3470,3494
816,2016-08-15,44,3462,3506
816,2016-08-16,150,4832,4982
816,2016-08-18,142,4501,4643
816,2016-08-19,131,4919,5050
816,2016-08-20,66,3745,3811
816,2016-08-21,13,3004,3017
816,2016-08-22,151,5035,5186
816,2016-08-23,201,5421,5622
816,2016-08-25,212,5690,5902
816,2016-08-26,206,5649,5855
816,2016-08-27,136,4294,4430
816,2016-08-28,20,3728,3748
816,2016-08-29,198,5192,5390
816,2016-08-30,176,5697,5873
816,2016-09-01,215,5714,5929
816,2016-09-02,208,5954,6162
816,2016-09-03,104,4186,4290
816,2016-09-04,26,3082,3108
816,2016-09-05,194,5665,5859
816,2016-09-06,199,6045,6244
816,2016-09-08,196,6259,6455
816,2016-09-09,225,5947,6172
816,2016-09-10,89,3999,4088
816,2016-09-11,20,3450,3470
816,2016-09-12,212,5885,6097
816,2016-09-13,219,6311,6530
816,2016-09-15,251,6298,6549
816,2016-09-16,206,6568,6774
816,2016-09-17,124,4466,4590
816,2016-09-18,22,3544,3566
816,2016-09-19,212,6011,6223
816,2016-09-20,255,6226,6481
816,2016-09-22,237,6764,7001
816,2016-09-23,240,6786,7026
816,2016-09-24,98,4776,4874
816,2016-09-25,108,4798,4906
816,2016-09-26,213,6149,6362
816,2016-09-27,208,6575,6783
816,2016-09-29,229,6670,6899
816,2016-09-30,247,6856,7103
816,2016-10-01,68,4505,4573
816,2016-10-02,9,3578,3587
816,2016-10-03,207,6281,6488
816,2016-10-04,210,6752,6962
816,2016-10-06,239,6677,6916
816,2016-10-07,230,6694,6924
816,2016-10-08,117,4599,4716
816,2016-10-09,16,3449,3465
816,2016-10-10,252,6215,6467
816,2016-10-11,228,6834,7062
816,2016-10-13,224,6621,6845
816,2016-10-14,252,6768,7020
816,2016-10-15,78,4540,4618
816,2016-10-16,22,3674,3696
816,2016-10-17,246,6239,6485
816,2016-10-18,253,6669,6922
816,2016-10-20,262,6656,6918
816,2016-10-21,260,7100,7360
816,2016-10-22,97,4745,4842
816,2016-10-23,13,3446,3459
816,2016-10-24,200,6127,6327
816,2016-10-25,241,6665,6906
816,2016-10-27,224,6974,7198
816,2016-10-28,208,6960,7168
816,2016-10-29,96,4378,4474
816,2016-10-30,26,3827,3853
816,2016-10-31,160,5109,5269
816,2016-11-01,10,3462,3472
816,2016-11-03,205,5914,6119
816,2016-11-04,239,5895,6134
816,2016-11-05,64,4145,4209
816,2016-11-06,10,3055,3065
816,2016-11-07,233,6117,6350
816,2016-11-08,245,6554,6799
816,2016-11-10,196,6720,6916
816,2016-11-11,216,6872,7088
816,2016-11-12,73,4228,4301
816,2016-11-13,12,3218,3230
816,2016-11-14,227,6419,6646
816,2016-11-15,194,6584,6778
816,2016-11-17,302,6724,7026
816,2016-11-18,256,6722,6978
816,2016-11-19,96,4647,4743
816,2016-11-20,23,3354,3377
816,2016-11-21,218,6354,6572
816,2016-11-22,207,6421,6628
816,2016-11-24,233,6714,6947
816,2016-11-25,219,6854,7073
816,2016-11-26,96,4402,4498
816,2016-11-27,18,3226,3244
816,2016-11-28,229,6240,6469
816,2016-11-29,198,6642,6840
816,2016-12-01,216,6661,6877
816,2016-12-02,205,6882,7087
816,2016-12-03,91,4509,4600
816,2016-12-04,16,3937,3953
816,2016-12-05,230,6336,6566
816,2016-12-06,217,6318,6535
816,2016-12-08,195,6823,7018
816,2016-12-09,209,6751,6960
816,2016-12-10,73,4484,4557
816,2016-12-11,8,3287,3295
816,2016-12-12,220,6008,6228
816,2016-12-13,184,6552,6736
816,2016-12-15,207,6526,6733
816,2016-12-16,206,6713,6919
816,2016-12-17,80,4578,4658
816,2016-12-18,11,3226,3237
816,2016-12-19,228,6329,6557
816,2016-12-20,253,6613,6866
816,2016-12-22,187,6352,6539
816,2016-12-23,169,6021,6190
816,2016-12-24,61,3479,3540
816,2016-12-25,7,2794,2801
816,2016-12-26,19,2500,2519
816,2016-12-27,95,4064,4159
816,2016-12-29,88,4170,4258
816,2016-12-30,99,4217,4316
816,2016-12-31,63,3170,3233
818,2016-01-01,15,1599,1614
818,2016-01-02,126,2100,2226
818,2016-01-03,12,2103,2115
818,2016-01-04,206,3406,3612
818,2016-01-05,169,3936,4105
818,2016-01-06,180,3955,4135
818,2016-01-08,219,4209,4428
818,2016-01-09,111,2549,2660
818,2016-01-10,12,1998,2010
818,2016-01-11,310,3734,4044
818,2016-01-12,278,4453,4731
818,2016-01-13,298,4176,4474
818,2016-01-15,178,3405,3583
818,2016-01-16,128,2379,2507
818,2016-01-17,30,1883,1913
818,2016-01-18,260,3863,4123
818,2016-01-19,243,4233,4476
818,2016-01-20,238,4023,4261
818,2016-01-22,259,3753,4012
818,2016-01-23,121,2487,2608
818,2016-01-24,30,2003,2033
818,2016-01-25,288,4052,4340
818,2016-01-26,298,4196,4494
818,2016-01-27,317,4250,4567
818,2016-01-29,334,4416,4750
818,2016-01-30,150,2734,2884
818,2016-01-31,18,2063,2081
818,2016-02-01,286,4078,4364
818,2016-02-02,296,4193,4489
818,2016-02-03,315,4124,4439
818,2016-02-05,282,4135,4417
818,2016-02-06,140,2688,2828
818,2016-02-07,11,1924,1935
818,2016-02-08,296,2944,3240
818,2016-02-09,318,3370,3688
818,2016-02-10,232,3594,3826
818,2016-02-12,302,3784,4086
818,2016-02-13,121,2343,2464
818,2016-02-14,19,1896,1915
818,2016-02-15,273,4002,4275
818,2016-02-16,299,4278,4577
818,2016-02-17,307,4043,4350
818,2016-02-19,281,4249,4530
818,2016-02-20,105,2703,2808
818,2016-02-21,22,2027,2049
818,2016-02-22,315,3964,4279
818,2016-02-23,282,4243,4525
818,2016-02-24,304,4185,4489
818,2016-02-26,310,4299,4609
818,2016-02-27,150,2951,3101
818,2016-02-28,22,2265,2287
818,2016-02-29,311,4076,4387
818,2016-03-01,311,4280,4591
818,2016-03-02,316,3932,4248
818,2016-03-04,283,4276,4559
818,2016-03-05,123,2889,3012
818,2016-03-06,27,2164,2191
818,2016-03-07,288,4042,4330
818,2016-03-08,344,4382,4726
818,2016-03-09,308,4378,4686
818,2016-03-11,322,4497,4819
818,2016-03-12,156,3068,3224
818,2016-03-13,20,2465,2485
818,2016-03-14,345,4075,4420
818,2016-03-15,321,4377,4698
818,2016-03-16,329,4216,4545
818,2016-03-17,373,4364,4737
818,2016-03-18,310,4625,4935
818,2016-03-19,174,2982,3156
818,2016-03-20,42,2489,2531
818,2016-03-21,316,4093,4409
818,2016-03-22,298,4429,4727
818,2016-03-23,333,4368,4701
818,2016-03-24,329,4548,4877
818,2016-03-25,299,4383,4682
818,2016-03-26,152,2951,3103
818,2016-03-28,22,2046,2068
818,2016-03-29,316,3975,4291
818,2016-03-30,269,3815,4084
818,2016-04-02,152,2806,2958
818,2016-04-03,29,2531,2560
818,2016-04-04,335,4028,4363
818,2016-04-05,298,4203,4501
818,2016-04-06,363,4338,4701
818,2016-04-08,331,4173,4504
818,2016-04-09,158,3027,3185
818,2016-04-10,28,2477,2505
818,2016-04-11,421,4403,4824
818,2016-04-12,418,4655,5073
818,2016-04-13,424,4577,5001
818,2016-04-15,424,4679,5103
818,2016-04-16,158,3217,3375
818,2016-04-17,31,2600,2631
818,2016-04-18,350,4327,4677
818,2016-04-19,359,4696,5055
818,2016-04-20,351,4722,5073
818,2016-04-22,373,4704,5077
818,2016-04-23,159,3138,3297
818,2016-04-24,25,2355,2380
818,2016-04-25,329,4345,4674
818,2016-04-26,346,4364,4710
818,2016-04-27,368,4236,4604
818,2016-04-29,319,4676,4995
818,2016-04-30,168,3233,3401
818,2016-05-01,24,2492,2516
818,2016-05-02,342,4281,4623
818,2016-05-03,360,4330,4690
818,2016-05-04,382,5028,5410
818,2016-05-06,251,4301,4552
818,2016-05-07,171,3400,3571
818,2016-05-08,47,3532,3579
818,2016-05-09,327,4212,4539
818,2016-05-10,402,4384,4786
818,2016-05-11,326,4539,4865
818,2016-05-13,402,4696,5098
818,2016-05-14,208,2888,3096
818,2016-05-15,30,2425,2455
818,2016-05-16,50,1927,1977
818,2016-05-17,355,3869,4224
818,2016-05-18,337,4086,4423
818,2016-05-20,284,4019,4303
818,2016-05-21,204,2941,3145
818,2016-05-22,35,2177,2212
818,2016-05-23,321,4188,4509
818,2016-05-24,326,4478,4804
818,2016-05-25,343,4673,5016
818,2016-05-27,426,4750,5176
818,2016-05-28,162,3177,3339
818,2016-05-29,47,2235,2282
818,2016-05-30,334,4138,4472
818,2016-05-31,290,4674,4964
818,2016-06-01,408,4342,4750
818,2016-06-03,329,4808,5137
818,2016-06-04,150,3606,3756
818,2016-06-05,29,3017,3046
818,2016-06-06,392,4196,4588
818,2016-06-07,386,4438,4824
818,2016-06-08,292,4595,4887
818,2016-06-10,301,5132,5433
818,2016-06-11,190,3212,3402
818,2016-06-12,51,2661,2712
818,2016-06-13,378,3922,4300
818,2016-06-14,324,4506,4830
818,2016-06-15,384,4374,4758
818,2016-06-16,430,4476,4906
818,2016-06-17,350,4720,5070
818,2016-06-18,236,2930,3166
818,2016-06-19,28,2607,2635
818,2016-06-20,303,4376,4679
818,2016-06-21,321,4403,4724
818,2016-06-22,313,4346,4659
818,2016-06-24,292,3386,3678
818,2016-06-25,146,2629,2775
818,2016-06-26,30,2312,2342
818,2016-06-27,300,4108,4408
818,2016-06-28,289,4368,4657
818,2016-06-29,338,4318,4656
818,2016-07-01,328,4309,4637
818,2016-07-02,150,2840,2990
818,2016-07-03,24,2490,2514
818,2016-07-04,330,4077,4407
818,2016-07-05,348,4406,4754
818,2016-07-06,352,4936,5288
818,2016-07-08,377,5025,5402
818,2016-07-09,184,4113,4297
818,2016-07-10,40,3620,3660
818,2016-07-11,358,4598,4956
818,2016-07-12,352,4571,4923
818,2016-07-13,346,4414,4760
818,2016-07-15,325,4570,4895
818,2016-07-16,186,3116,3302
818,2016-07-17,38,3208,3246
818,2016-07-18,329,4305,4634
818,2016-07-19,299,4674,4973
818,2016-07-20,268,4695,4963
818,2016-07-22,384,4452,4836
818,2016-07-23,158,2682,2840
818,2016-07-24,24,2003,2027
818,2016-07-25,286,4011,4297
818,2016-07-26,332,3960,4292
818,2016-07-27,311,4063,4374
818,2016-07-29,198,3758,3956
818,2016-07-30,129,2757,2886
818,2016-07-31,19,2329,2348
818,2016-08-01,182,3389,3571
818,2016-08-02,148,3361,3509
818,2016-08-03,168,3492,3660
818,2016-08-05,196,3310,3506
818,2016-08-06,128,2817,2945
818,2016-08-07,38,2943,2981
818,2016-08-08,198,3338,3536
818,2016-08-09,214,3417,3631
818,2016-08-10,190,3339,3529
818,2016-08-12,194,3377,3571
818,2016-08-13,146,2548,2694
818,2016-08-14,42,2630,2672
818,2016-08-15,40,2548,2588
818,2016-08-16,212,3305,3517
818,2016-08-17,198,3403,3601
818,2016-08-19,165,3327,3492
818,2016-08-20,131,2469,2600
818,2016-08-21,28,2095,2123
818,2016-08-22,229,3435,3664
818,2016-08-23,242,3726,3968
818,2016-08-24,226,4057,4283
818,2016-08-26,261,3822,4083
818,2016-08-27,142,3042,3184
818,2016-08-28,32,2616,2648
818,2016-08-29,270,3605,3875
818,2016-08-30,277,3901,4178
818,2016-08-31,290,3922,4212
818,2016-09-02,276,4117,4393
818,2016-09-03,159,3021,3180
818,2016-09-04,20,2338,2358
818,2016-09-05,257,3762,4019
818,2016-09-06,285,4020,4305
818,2016-09-07,310,4067,4377
818,2016-09-09,278,3977,4255
818,2016-09-10,141,2745,2886
818,2016-09-11,26,2437,2463
818,2016-09-12,288,4030,4318
818,2016-09-13,301,4164,4465
818,2016-09-14,325,4280,4605
818,2016-09-16,240,4251,4491
818,2016-09-17,154,2962,3116
818,2016-09-18,20,2303,2323
818,2016-09-19,291,4030,4321
818,2016-09-20,338,4056,4394
818,2016-09-21,357,4453,4810
818,2016-09-23,324,4476,4800
818,2016-09-24,159,3036,3195
818,2016-09-25,50,3659,3709
818,2016-09-26,290,4027,4317
818,2016-09-27,310,4279,4589
818,2016-09-28,312,4320,4632
818,2016-09-30,322,4547,4869
818,2016-10-01,154,3884,4038
818,2016-10-02,34,3064,3098
818,2016-10-03,288,4161,4449
818,2016-10-04,331,4538,4869
818,2016-10-07,328,4430,4758
818,2016-10-08,146,2947,3093
818,2016-10-09,25,2252,2277
818,2016-10-10,377,4041,4418
818,2016-10-11,308,4344,4652
818,2016-10-12,297,4337,4634
818,2016-10-14,286,4386,4672
818,2016-10-15,121,2982,3103
818,2016-10-16,18,2649,2667
818,2016-10-17,278,3970,4248
818,2016-10-18,318,4292,4610
818,2016-10-19,356,4126,4482
818,2016-10-21,310,4601,4911
818,2016-10-22,122,3092,3214
818,2016-10-23,16,2360,2376
818,2016-10-24,245,4062,4307
818,2016-10-25,296,4418,4714
818,2016-10-26,296,4276,4572
818,2016-10-28,305,4433,4738
818,2016-10-29,163,2741,2904
818,2016-10-30,20,2452,2472
818,2016-10-31,206,3148,3354
818,2016-11-01,17,2315,2332
818,2016-11-02,228,3783,4011
818,2016-11-05,102,2683,2785
818,2016-11-06,23,1905,1928
818,2016-11-07,305,3903,4208
818,2016-11-08,325,4236,4561
818,2016-11-09,233,4114,4347
818,2016-11-10,320,4200,4520
818,2016-11-12,124,2692,2816
818,2016-11-13,16,2169,2185
818,2016-11-14,337,4072,4409
818,2016-11-15,254,4114,4368
818,2016-11-16,255,4198,4453
818,2016-11-17,302,4004,4306
818,2016-11-19,131,2977,3108
818,2016-11-20,13,2085,2098
818,2016-11-21,202,3993,4195
818,2016-11-22,254,4145,4399
818,2016-11-23,267,4666,4933
818,2016-11-24,290,4500,4790
818,2016-11-26,135,2725,2860
818,2016-11-27,17,2166,2183
818,2016-11-28,303,4108,4411
818,2016-11-29,308,4275,4583
818,2016-11-30,282,4177,4459
818,2016-12-01,310,4322,4632
818,2016-12-03,137,2770,2907
818,2016-12-04,24,2545,2569
818,2016-12-05,309,3944,4253
818,2016-12-06,281,3915,4196
818,2016-12-07,282,4062,4344
818,2016-12-08,275,4259,4534
818,2016-12-10,127,2802,2929
818,2016-12-11,13,2288,2301
818,2016-12-12,284,3502,3786
818,2016-12-13,276,4232,4508
818,2016-12-14,298,4206,4504
818,2016-12-15,275,4279,4554
818,2016-12-17,139,2904,3043
818,2016-12-18,24,2165,2189
818,2016-12-19,291,4062,4353
818,2016-12-20,330,4253,4583
818,2016-12-21,309,4258,4567
818,2016-12-22,223,4052,4275
818,2016-12-24,97,2168,2265
818,2016-12-25,12,1778,1790
818,2016-12-26,26,1666,1692
818,2016-12-27,145,2726,2871
818,2016-12-28,141,2747,2888
818,2016-12-29,145,2615,2760
818,2016-12-31,110,1984,2094
820,2016-01-01,2,1081,1083
820,2016-01-02,7,1590,1597
820,2016-01-04,67,3086,3153
820,2016-01-05,70,3137,3207
820,2016-01-06,39,3247,3286
820,2016-01-07,68,3359,3427
820,2016-01-08,72,3496,3568
820,2016-01-09,8,1952,1960
820,2016-01-11,54,3410,3464
820,2016-01-12,76,3528,3604
820,2016-01-13,74,3537,3611
820,2016-01-14,72,3250,3322
820,2016-01-15,54,2607,2661
820,2016-01-16,20,1778,1798
820,2016-01-18,110,3320,3430
820,2016-01-19,77,3307,3384
820,2016-01-20,69,3252,3321
820,2016-01-21,76,3366,3442
820,2016-01-22,96,3276,3372
820,2016-01-23,10,1827,1837
820,2016-01-25,95,3448,3543
820,2016-01-26,60,3407,3467
820,2016-01-27,85,3360,3445
820,2016-01-28,73,3587,3660
820,2016-01-29,94,3581,3675
820,2016-01-30,20,2080,2100
820,2016-02-01,88,3527,3615
820,2016-02-02,65,3486,3551
820,2016-02-03,77,3586,3663
820,2016-02-04,59,3582,3641
820,2016-02-05,77,3713,3790
820,2016-02-06,21,2139,2160
820,2016-02-08,48,2814,2862
820,2016-02-09,68,3086,3154
820,2016-02-10,56,3047,3103
820,2016-02-11,73,3155,3228
820,2016-02-12,65,3279,3344
820,2016-02-13,18,1859,1877
820,2016-02-15,80,3318,3398
820,2016-02-16,75,3601,3676
820,2016-02-17,75,3629,3704
820,2016-02-18,81,3603,3684
820,2016-02-19,89,3725,3814
820,2016-02-20,12,2036,2048
820,2016-02-21,2,1546,1548
820,2016-02-23,62,3440,3502
820,2016-02-24,78,3597,3675
820,2016-02-25,85,3857,3942
820,2016-02-26,82,3719,3801
820,2016-02-27,28,2287,2315
820,2016-02-28,4,1733,1737
820,2016-03-01,75,3613,3688
820,2016-03-02,76,3544,3620
820,2016-03-03,85,3396,3481
820,2016-03-04,80,3334,3414
820,2016-03-05,17,2058,2075
820,2016-03-06,10,1636,1646
820,2016-03-08,86,3519,3605
820,2016-03-09,60,3599,3659
820,2016-03-10,83,3689,3772
820,2016-03-11,92,3976,4068
820,2016-03-12,35,2417,2452
820,2016-03-13,5,1993,1998
820,2016-03-15,113,3841,3954
820,2016-03-16,123,3925,4048
820,2016-03-17,117,3992,4109
820,2016-03-18,134,4044,4178
820,2016-03-19,58,2365,2423
820,2016-03-20,8,1855,1863
820,2016-03-22,108,3549,3657
820,2016-03-23,102,3612,3714
820,2016-03-24,83,3803,3886
820,2016-03-25,76,3730,3806
820,2016-03-26,27,2173,2200
820,2016-03-30,89,3377,3466
820,2016-03-31,62,3303,3365
820,2016-04-01,62,3605,3667
820,2016-04-02,32,2467,2499
820,2016-04-03,13,2088,2101
820,2016-04-05,59,3507,3566
820,2016-04-06,136,3681,3817
820,2016-04-07,76,3610,3686
820,2016-04-08,81,3738,3819
820,2016-04-09,31,2541,2572
820,2016-04-10,5,2128,2133
820,2016-04-12,104,4068,4172
820,2016-04-13,77,3656,3733
820,2016-04-14,96,4005,4101
820,2016-04-15,88,4172,4260
820,2016-04-16,30,2428,2458
820,2016-04-17,3,2225,2228
820,2016-04-19,85,3899,3984
820,2016-04-20,86,4067,4153
820,2016-04-21,79,3882,3961
820,2016-04-22,88,4109,4197
820,2016-04-23,32,2528,2560
820,2016-04-24,9,1755,1764
820,2016-04-26,80,3713,3793
820,2016-04-27,64,3670,3734
820,2016-04-28,76,3762,3838
820,2016-04-29,71,3958,4029
820,2016-04-30,30,2351,2381
820,2016-05-01,7,2021,2028
820,2016-05-02,100,3899,3999
820,2016-05-04,89,3967,4056
820,2016-05-05,22,3417,3439
820,2016-05-06,106,3756,3862
820,2016-05-07,32,3153,3185
820,2016-05-08,11,3094,3105
820,2016-05-09,94,3963,4057
820,2016-05-11,102,3938,4040
820,2016-05-12,92,4087,4179
820,2016-05-13,88,4266,4354
820,2016-05-14,47,2804,2851
820,2016-05-15,10,2904,2914
820,2016-05-16,13,1956,1969
820,2016-05-18,86,3666,3752
820,2016-05-19,74,3685,3759
820,2016-05-20,95,3784,3879
820,2016-05-21,56,2764,2820
820,2016-05-22,4,1882,1886
820,2016-05-23,89,3885,3974
820,2016-05-25,116,3931,4047
820,2016-05-26,137,4390,4527
820,2016-05-27,92,4258,4350
820,2016-05-28,36,2552,2588
820,2016-05-29,6,1970,1976
820,2016-05-30,60,3758,3818
820,2016-06-01,64,3727,3791
820,2016-06-02,72,3966,4038
820,2016-06-03,92,4072,4164
820,2016-06-04,22,2736,2758
820,2016-06-05,9,2132,2141
820,2016-06-06,64,4052,4116
820,2016-06-07,102,3994,4096
820,2016-06-09,110,4144,4254
820,2016-06-10,112,4341,4453
820,2016-06-11,59,2559,2618
820,2016-06-12,10,2041,2051
820,2016-06-13,64,3823,3887
820,2016-06-14,64,3934,3998
820,2016-06-16,66,4016,4082
820,2016-06-17,110,4178,4288
820,2016-06-18,46,3846,3892
820,2016-06-19,11,2455,2466
820,2016-06-20,90,4044,4134
820,2016-06-21,67,3745,3812
820,2016-06-23,77,3529,3606
820,2016-06-24,131,3648,3779
820,2016-06-25,41,2611,2652
820,2016-06-26,2,2226,2228
820,2016-06-27,100,3879,3979
820,2016-06-28,95,3810,3905
820,2016-06-30,78,4026,4104
820,2016-07-01,96,4116,4212
820,2016-07-02,44,2637,2681
820,2016-07-03,6,2549,2555
820,2016-07-04,81,3899,3980
820,2016-07-05,70,3759,3829
820,2016-07-07,107,4237,4344
820,2016-07-08,75,4234,4309
820,2016-07-09,45,3113,3158
820,2016-07-10,39,4331,4370
820,2016-07-11,104,3926,4030
820,2016-07-12,88,3916,4004
820,2016-07-14,87,3808,3895
820,2016-07-15,88,3969,4057
820,2016-07-16,40,2758,2798
820,2016-07-17,5,2791,2796
820,2016-07-18,83,3723,3806
820,2016-07-19,84,4513,4597
820,2016-07-21,82,3888,3970
820,2016-07-22,90,3948,4038
820,2016-07-23,22,2476,2498
820,2016-07-24,7,2722,2729
820,2016-07-25,86,3733,3819
820,2016-07-26,49,3605,3654
820,2016-07-28,53,3655,3708
820,2016-07-29,64,3656,3720
820,2016-07-30,28,2642,2670
820,2016-07-31,22,2265,2287
820,2016-08-01,86,3213,3299
820,2016-08-02,52,2993,3045
820,2016-08-04,61,3139,3200
820,2016-08-05,42,3235,3277
820,2016-08-06,33,2863,2896
820,2016-08-07,22,3429,3451
820,2016-08-08,109,3093,3202
820,2016-08-09,75,3146,3221
820,2016-08-11,42,3160,3202
820,2016-08-12,86,3163,3249
820,2016-08-13,54,2659,2713
820,2016-08-14,45,3353,3398
820,2016-08-15,63,3265,3328
820,2016-08-16,112,3545,3657
820,2016-08-17,151,3494,3645
820,2016-08-19,38,3169,3207
820,2016-08-20,42,2210,2252
820,2016-08-21,4,1692,1696
820,2016-08-22,42,3187,3229
820,2016-08-23,56,3733,3789
820,2016-08-24,78,4119,4197
820,2016-08-26,118,4295,4413
820,2016-08-27,94,3830,3924
820,2016-08-28,16,3218,3234
820,2016-08-29,65,3252,3317
820,2016-08-30,58,3669,3727
820,2016-08-31,67,3580,3647
820,2016-09-02,114,3648,3762
820,2016-09-03,27,2417,2444
820,2016-09-04,8,1796,1804
820,2016-09-05,55,3507,3562
820,2016-09-06,60,3623,3683
820,2016-09-07,59,3631,3690
820,2016-09-09,72,3738,3810
820,2016-09-10,28,2684,2712
820,2016-09-11,11,2246,2257
820,2016-09-12,59,4004,4063
820,2016-09-13,65,4359,4424
820,2016-09-14,55,4297,4352
820,2016-09-16,64,4361,4425
820,2016-09-17,34,2773,2807
820,2016-09-18,6,2458,2464
820,2016-09-19,91,4172,4263
820,2016-09-20,84,4207,4291
820,2016-09-21,88,4351,4439
820,2016-09-23,117,4480,4597
820,2016-09-24,30,2940,2970
820,2016-09-25,12,2810,2822
820,2016-09-26,93,4116,4209
820,2016-09-27,68,4266,4334
820,2016-09-28,89,4203,4292
820,2016-09-30,81,4403,4484
820,2016-10-01,56,2907,2963
820,2016-10-02,8,2679,2687
820,2016-10-03,71,4105,4176
820,2016-10-04,76,4295,4371
820,2016-10-05,85,4180,4265
820,2016-10-07,83,4335,4418
820,2016-10-08,28,2773,2801
820,2016-10-09,49,2298,2347
820,2016-10-10,131,4072,4203
820,2016-10-11,117,4267,4384
820,2016-10-12,109,4124,4233
820,2016-10-14,94,4382,4476
820,2016-10-15,22,2640,2662
820,2016-10-16,7,2747,2754
820,2016-10-17,90,4150,4240
820,2016-10-18,131,4319,4450
820,2016-10-19,78,4171,4249
820,2016-10-20,86,4276,4362
820,2016-10-22,31,2651,2682
820,2016-10-23,66,2261,2327
820,2016-10-24,99,4054,4153
820,2016-10-25,81,4173,4254
820,2016-10-26,85,4204,4289
820,2016-10-27,118,4384,4502
820,2016-10-29,44,2881,2925
820,2016-10-30,11,2538,2549
820,2016-10-31,71,3613,3684
820,2016-11-01,12,2290,2302
820,2016-11-02,83,3866,3949
820,2016-11-03,93,3867,3960
820,2016-11-05,25,2392,2417
820,2016-11-06,8,2002,2010
820,2016-11-07,91,3958,4049
820,2016-11-08,71,4178,4249
820,2016-11-09,88,3854,3942
820,2016-11-10,96,4177,4273
820,2016-11-12,32,2402,2434
820,2016-11-13,7,1992,1999
820,2016-11-14,100,3950,4050
820,2016-11-15,72,3969,4041
820,2016-11-16,87,4061,4148
820,2016-11-17,85,4074,4159
820,2016-11-19,28,2538,2566
820,2016-11-20,25,1808,1833
820,2016-11-21,88,3836,3924
820,2016-11-22,45,3930,3975
820,2016-11-23,67,3858,3925
820,2016-11-24,73,4271,4344
820,2016-11-26,40,2642,2682
820,2016-11-27,10,2175,2185
820,2016-11-28,111,4093,4204
820,2016-11-29,98,4055,4153
820,2016-11-30,80,4021,4101
820,2016-12-01,79,4131,4210
820,2016-12-03,26,2414,2440
820,2016-12-04,4,1799,1803
820,2016-12-05,82,3879,3961
820,2016-12-06,75,3844,3919
820,2016-12-07,71,3933,4004
820,2016-12-08,57,4012,4069
820,2016-12-10,24,2362,2386
820,2016-12-11,8,1798,1806
820,2016-12-12,68,3933,4001
820,2016-12-13,81,3951,4032
820,2016-12-14,77,3985,4062
820,2016-12-15,61,4120,4181
820,2016-12-17,28,2524,2552
820,2016-12-18,4,1816,1820
820,2016-12-19,86,3763,3849
820,2016-12-20,85,3902,3987
820,2016-12-21,78,3864,3942
820,2016-12-22,51,3881,3932
820,2016-12-24,11,1963,1974
820,2016-12-25,3,1342,1345
820,2016-12-26,5,1535,1540
820,2016-12-27,47,2553,2600
820,2016-12-28,39,2554,2593
820,2016-12-29,53,2895,2948
820,2016-12-31,9,1799,1808
822,2016-01-02,8,939,947
822,2016-01-03,6,1038,1044
822,2016-01-04,36,1428,1464
822,2016-01-05,26,1485,1511
822,2016-01-06,29,1523,1552
822,2016-01-07,29,1534,1563
822,2016-01-09,6,1160,1166
822,2016-01-10,13,1137,1150
822,2016-01-11,49,1532,1581
822,2016-01-12,64,1702,1766
822,2016-01-13,62,1683,1745
822,2016-01-14,44,1541,1585
822,2016-01-16,13,1037,1050
822,2016-01-17,5,993,998
822,2016-01-18,37,1459,1496
822,2016-01-19,40,1540,1580
822,2016-01-20,33,1565,1598
822,2016-01-21,33,1587,1620
822,2016-01-23,6,1004,1010
822,2016-01-24,4,1141,1145
822,2016-01-25,35,1596,1631
822,2016-01-26,36,1637,1673
822,2016-01-27,45,1611,1656
822,2016-01-28,52,1750,1802
822,2016-01-30,16,1246,1262
822,2016-01-31,6,1126,1132
822,2016-02-01,42,1615,1657
822,2016-02-02,66,1688,1754
822,2016-02-03,56,1738,1794
822,2016-02-04,54,1766,1820
822,2016-02-06,19,1145,1164
822,2016-02-07,8,1029,1037
822,2016-02-08,56,1220,1276
822,2016-02-09,50,1524,1574
822,2016-02-10,41,1464,1505
822,2016-02-11,51,1468,1519
822,2016-02-13,17,1044,1061
822,2016-02-14,3,980,983
822,2016-02-15,39,1606,1645
822,2016-02-16,51,1736,1787
822,2016-02-17,67,1726,1793
822,2016-02-18,42,1626,1668
822,2016-02-20,11,1199,1210
822,2016-02-21,5,1102,1107
822,2016-02-22,74,1634,1708
822,2016-02-23,90,1656,1746
822,2016-02-24,35,862,897
822,2016-02-25,28,723,751
822,2016-02-27,10,571,581
822,2016-02-28,2,484,486
822,2016-02-29,21,596,617
822,2016-03-01,18,513,531
822,2016-03-02,18,434,452
822,2016-03-03,28,437,465
822,2016-03-05,17,733,750
822,2016-03-06,4,824,828
822,2016-03-07,29,622,651
822,2016-03-08,31,568,599
822,2016-03-09,23,570,593
822,2016-03-10,20,536,556
822,2016-03-12,12,861,873
822,2016-03-13,4,908,912
822,2016-03-14,28,635,663
822,2016-03-15,18,630,648
822,2016-03-16,25,654,679
822,2016-03-17,27,700,727
822,2016-03-19,13,821,834
822,2016-03-20,10,839,849
822,2016-03-21,37,709,746
822,2016-03-22,23,811,834
822,2016-03-23,31,818,849
822,2016-03-24,22,760,782
822,2016-03-26,13,806,819
822,2016-03-28,14,810,824
822,2016-03-29,34,1144,1178
822,2016-03-30,68,958,1026
822,2016-03-31,88,944,1032
822,2016-04-02,12,892,904
822,2016-04-03,6,935,941
822,2016-04-04,30,1002,1032
822,2016-04-05,44,931,975
822,2016-04-06,33,1003,1036
822,2016-04-07,42,1026,1068
822,2016-04-09,14,1341,1355
822,2016-04-10,7,1413,1420
822,2016-04-11,58,1570,1628
822,2016-04-12,80,1760,1840
822,2016-04-13,84,1672,1756
822,2016-04-14,55,1812,1867
822,2016-04-16,32,1430,1462
822,2016-04-17,11,1331,1342
822,2016-04-18,61,1567,1628
822,2016-04-19,65,1730,1795
822,2016-04-20,34,1830,1864
822,2016-04-21,88,1890,1978
822,2016-04-23,152,1322,1474
822,2016-04-24,8,1214,1222
822,2016-04-25,66,1562,1628
822,2016-04-26,64,1620,1684
822,2016-04-27,84,1614,1698
822,2016-04-28,59,1804,1863
822,2016-04-30,20,1422,1442
822,2016-05-01,16,1310,1326
822,2016-05-02,76,1674,1750
822,2016-05-03,64,1692,1756
822,2016-05-04,71,2084,2155
822,2016-05-05,25,4121,4146
822,2016-05-07,35,1490,1525
822,2016-05-08,29,1838,1867
822,2016-05-09,63,1631,1694
822,2016-05-10,68,1715,1783
822,2016-05-11,68,1787,1855
822,2016-05-12,55,1709,1764
822,2016-05-14,20,1346,1366
822,2016-05-15,14,1421,1435
822,2016-05-16,11,1358,1369
822,2016-05-17,74,1786,1860
822,2016-05-18,64,1562,1626
822,2016-05-19,53,1612,1665
822,2016-05-21,15,1345,1360
822,2016-05-22,4,1190,1194
822,2016-05-23,55,1605,1660
822,2016-05-24,71,1614,1685
822,2016-05-25,61,1774,1835
822,2016-05-26,88,1826,1914
822,2016-05-28,22,1356,1378
822,2016-05-29,2,1200,1202
822,2016-05-30,60,1538,1598
822,2016-05-31,70,1754,1824
822,2016-06-01,64,1688,1752
822,2016-06-02,82,1806,1888
822,2016-06-04,10,1476,1486
822,2016-06-05,3,1385,1388
822,2016-06-06,48,1676,1724
822,2016-06-07,64,1786,1850
822,2016-06-08,70,1824,1894
822,2016-06-09,54,1859,1913
822,2016-06-11,34,1382,1416
822,2016-06-12,6,1230,1236
822,2016-06-13,68,1492,1560
822,2016-06-14,48,1662,1710
822,2016-06-15,88,1722,1810
822,2016-06-16,76,1798,1874
822,2016-06-18,22,1334,1356
822,2016-06-19,4,1344,1348
822,2016-06-20,77,1614,1691
822,2016-06-21,61,1711,1772
822,2016-06-22,60,1762,1822
822,2016-06-23,11,1649,1660
822,2016-06-25,26,1194,1220
822,2016-06-26,10,1208,1218
822,2016-06-27,58,1713,1771
822,2016-06-28,43,1973,2016
822,2016-06-29,59,1989,2048
822,2016-06-30,55,1884,1939
822,2016-07-02,20,1508,1528
822,2016-07-03,6,1498,1504
822,2016-07-04,57,1763,1820
822,2016-07-05,51,1998,2049
822,2016-07-06,71,1995,2066
822,2016-07-07,57,2014,2071
822,2016-07-09,26,1757,1783
822,2016-07-10,17,2087,2104
822,2016-07-11,66,1754,1820
822,2016-07-12,72,1926,1998
822,2016-07-13,88,1918,2006
822,2016-07-14,108,2020,2128
822,2016-07-16,22,1527,1549
822,2016-07-17,10,1699,1709
822,2016-07-18,67,1982,2049
822,2016-07-19,69,2379,2448
822,2016-07-20,66,2288,2354
822,2016-07-21,86,2416,2502
822,2016-07-23,20,1596,1616
822,2016-07-24,7,1677,1684
822,2016-07-25,52,1932,1984
822,2016-07-26,56,1944,2000
822,2016-07-27,54,1826,1880
822,2016-07-28,44,1703,1747
822,2016-07-30,30,1508,1538
822,2016-07-31,17,1431,1448
822,2016-08-01,66,1528,1594
822,2016-08-02,42,1540,1582
822,2016-08-03,34,1564,1598
822,2016-08-04,38,1452,1490
822,2016-08-06,11,1397,1408
822,2016-08-07,19,1855,1874
822,2016-08-08,35,1441,1476
822,2016-08-09,68,1457,1525
822,2016-08-10,66,1378,1444
822,2016-08-11,47,1398,1445
822,2016-08-13,31,1455,1486
822,2016-08-14,8,1633,1641
822,2016-08-15,12,1629,1641
822,2016-08-16,50,1536,1586
822,2016-08-17,58,1606,1664
822,2016-08-18,84,1534,1618
822,2016-08-20,13,1274,1287
822,2016-08-21,4,1124,1128
822,2016-08-22,46,1518,1564
822,2016-08-24,47,1963,2010
822,2016-08-25,41,1895,1936
822,2016-08-27,20,1706,1726
822,2016-08-28,8,1634,1642
822,2016-08-29,53,1618,1671
822,2016-08-30,54,1832,1886
822,2016-08-31,71,1703,1774
822,2016-09-01,61,1754,1815
822,2016-09-03,33,1427,1460
822,2016-09-04,12,1206,1218
822,2016-09-05,59,1713,1772
822,2016-09-06,65,1852,1917
822,2016-09-07,59,1918,1977
822,2016-09-08,22,1944,1966
822,2016-09-10,26,1613,1639
822,2016-09-11,14,1561,1575
822,2016-09-12,89,1959,2048
822,2016-09-13,73,1959,2032
822,2016-09-14,78,1951,2029
822,2016-09-15,110,1918,2028
822,2016-09-17,33,1629,1662
822,2016-09-18,10,1575,1585
822,2016-09-19,57,1780,1837
822,2016-09-20,75,1795,1870
822,2016-09-21,91,1886,1977
822,2016-09-22,67,1893,1960
822,2016-09-24,15,1584,1599
822,2016-09-25,13,1878,1891
822,2016-09-26,62,1751,1813
822,2016-09-27,113,1868,1981
822,2016-09-28,81,1832,1913
822,2016-09-29,72,2015,2087
822,2016-10-01,32,1462,1494
822,2016-10-02,16,1386,1402
822,2016-10-03,69,1828,1897
822,2016-10-04,70,1819,1889
822,2016-10-05,58,1866,1924
822,2016-10-06,71,1881,1952
822,2016-10-08,14,1473,1487
822,2016-10-09,10,1430,1440
822,2016-10-10,70,1716,1786
822,2016-10-11,64,1871,1935
822,2016-10-12,60,1790,1850
822,2016-10-13,76,1973,2049
822,2016-10-15,20,1460,1480
822,2016-10-16,7,1555,1562
822,2016-10-17,72,1773,1845
822,2016-10-18,71,2081,2152
822,2016-10-19,94,1872,1966
822,2016-10-20,98,1892,1990
822,2016-10-22,22,1571,1593
822,2016-10-23,4,1369,1373
822,2016-10-24,66,1890,1956
822,2016-10-25,64,1903,1967
822,2016-10-26,55,1868,1923
822,2016-10-27,75,1888,1963
822,2016-10-29,31,1755,1786
822,2016-10-30,11,1694,1705
822,2016-10-31,34,1711,1745
822,2016-11-01,7,1416,1423
822,2016-11-02,86,2213,2299
822,2016-11-03,79,1859,1938
822,2016-11-05,17,1369,1386
822,2016-11-06,13,1314,1327
822,2016-11-07,59,1706,1765
822,2016-11-08,48,1760,1808
822,2016-11-09,43,1732,1775
822,2016-11-10,56,1853,1909
822,2016-11-13,8,1223,1231
822,2016-11-14,52,1698,1750
822,2016-11-15,52,1780,1832
822,2016-11-16,51,1804,1855
822,2016-11-17,64,1855,1919
822,2016-11-19,12,1385,1397
822,2016-11-20,5,1367,1372
822,2016-11-21,48,1700,1748
822,2016-11-22,59,1779,1838
822,2016-11-23,62,1899,1961
822,2016-11-24,69,1821,1890
822,2016-11-26,23,1318,1341
822,2016-11-27,5,1117,1122
822,2016-11-28,56,1665,1721
822,2016-11-29,68,1719,1787
822,2016-11-30,74,1756,1830
822,2016-12-01,60,1807,1867
822,2016-12-03,19,1351,1370
822,2016-12-04,4,1360,1364
822,2016-12-05,54,1640,1694
822,2016-12-06,40,1681,1721
822,2016-12-07,57,1747,1804
822,2016-12-08,40,1736,1776
822,2016-12-10,4,1275,1279
822,2016-12-11,4,1131,1135
822,2016-12-12,44,1708,1752
822,2016-12-13,55,1758,1813
822,2016-12-14,57,1735,1792
822,2016-12-15,64,1777,1841
822,2016-12-17,10,1278,1288
822,2016-12-18,2,1055,1057
822,2016-12-19,65,1683,1748
822,2016-12-20,60,1838,1898
822,2016-12-21,70,1781,1851
822,2016-12-22,42,1759,1801
822,2016-12-24,3,931,934
822,2016-12-25,2,856,858
822,2016-12-26,6,1002,1008
822,2016-12-27,17,1088,1105
822,2016-12-28,25,1099,1124
822,2016-12-29,15,1109,1124
822,2016-12-31,7,915,922
902,2016-01-01,16,1904,1920
902,2016-01-02,157,2648,2805
902,2016-01-03,16,2302,2318
902,2016-01-05,256,4148,4404
902,2016-01-06,253,4168,4421
902,2016-01-07,253,4218,4471
902,2016-01-08,281,4632,4913
902,2016-01-10,23,2361,2384
902,2016-01-11,252,4163,4415
902,2016-01-12,280,4441,4721
902,2016-01-13,310,4410,4720
902,2016-01-15,208,3634,3842
902,2016-01-16,166,3310,3476
902,2016-01-17,30,2637,2667
902,2016-01-18,303,4281,4584
902,2016-01-20,282,4332,4614
902,2016-01-21,287,4526,4813
902,2016-01-22,291,4255,4546
902,2016-01-23,151,3174,3325
902,2016-01-25,270,4342,4612
902,2016-01-26,301,4558,4859
902,2016-01-27,322,4666,4988
902,2016-01-28,305,4693,4998
902,2016-01-31,29,2918,2947
902,2016-02-01,279,4386,4665
902,2016-02-02,292,4344,4636
902,2016-02-03,350,4558,4908
902,2016-02-05,294,4752,5046
902,2016-02-06,178,3329,3507
902,2016-02-07,38,2610,2648
902,2016-02-08,262,3324,3586
902,2016-02-10,254,4252,4506
902,2016-02-11,270,4419,4689
902,2016-02-12,292,4564,4856
902,2016-02-13,163,3174,3337
902,2016-02-15,274,4247,4521
902,2016-02-16,290,4706,4996
902,2016-02-17,273,4486,4759
902,2016-02-18,299,4674,4973
902,2016-02-20,147,3437,3584
902,2016-02-21,18,2824,2842
902,2016-02-22,320,4368,4688
902,2016-02-23,268,4564,4832
902,2016-02-25,318,4882,5200
902,2016-02-26,321,4808,5129
902,2016-02-27,195,3660,3855
902,2016-02-28,25,2884,2909
902,2016-03-01,346,4689,5035
902,2016-03-03,283,4489,4772
902,2016-03-04,241,4350,4591
902,2016-03-06,27,2589,2616
902,2016-03-07,295,4388,4683
902,2016-03-08,303,4549,4852
902,2016-03-09,317,4512,4829
902,2016-03-11,319,5091,5410
902,2016-03-12,188,3942,4130
902,2016-03-13,28,3339,3367
902,2016-03-14,326,4404,4730
902,2016-03-16,333,4640,4973
902,2016-03-17,312,4866,5178
902,2016-03-18,354,5012,5366
902,2016-03-19,182,3612,3794
902,2016-03-21,317,4429,4746
902,2016-03-22,320,4595,4915
902,2016-03-23,332,4739,5071
902,2016-03-24,338,5131,5469
902,2016-03-26,208,3723,3931
902,2016-03-28,30,3182,3212
902,2016-03-29,299,4581,4880
902,2016-03-31,290,4578,4868
902,2016-04-01,297,4826,5123
902,2016-04-02,180,3788,3968
902,2016-04-03,27,3190,3217
902,2016-04-05,286,4609,4895
902,2016-04-06,302,4536,4838
902,2016-04-07,332,4694,5026
902,2016-04-08,282,4941,5223
902,2016-04-10,22,3411,3433
902,2016-04-11,351,4453,4804
902,2016-04-12,317,4509,4826
902,2016-04-13,380,4650,5030
902,2016-04-15,440,4856,5296
902,2016-04-16,204,4216,4420
902,2016-04-17,46,3187,3233
902,2016-04-18,350,4599,4949
902,2016-04-20,390,4564,4954
902,2016-04-21,340,4961,5301
902,2016-04-22,381,4907,5288
902,2016-04-23,250,3638,3888
902,2016-04-25,318,4321,4639
902,2016-04-26,378,4650,5028
902,2016-04-27,384,4468,4852
902,2016-04-28,440,4872,5312
902,2016-04-30,247,3788,4035
902,2016-05-01,98,3222,3320
902,2016-05-02,391,4673,5064
902,2016-05-03,427,5167,5594
902,2016-05-05,80,4493,4573
902,2016-05-06,342,5544,5886
902,2016-05-07,248,4909,5157
902,2016-05-08,97,4072,4169
902,2016-05-10,344,4804,5148
902,2016-05-11,366,4748,5114
902,2016-05-12,360,4830,5190
902,2016-05-13,406,5241,5647
902,2016-05-15,112,3373,3485
902,2016-05-16,119,2981,3100
902,2016-05-17,443,4602,5045
902,2016-05-18,520,4460,4980
902,2016-05-20,468,4808,5276
902,2016-05-21,328,3956,4284
902,2016-05-22,102,3044,3146
902,2016-05-23,374,4427,4801
902,2016-05-25,371,4680,5051
902,2016-05-26,400,5005,5405
902,2016-05-27,410,4624,5034
902,2016-05-28,220,4025,4245
902,2016-05-30,308,4230,4538
902,2016-05-31,325,4812,5137
902,2016-06-01,408,4482,4890
902,2016-06-02,380,4642,5022
902,2016-06-04,206,3602,3808
902,2016-06-05,58,3314,3372
902,2016-06-06,327,4988,5315
902,2016-06-07,400,4322,4722
902,2016-06-09,367,5049,5416
902,2016-06-10,357,5349,5706
902,2016-06-11,223,4103,4326
902,2016-06-12,58,3370,3428
902,2016-06-14,392,4920,5312
902,2016-06-15,434,4788,5222
902,2016-06-16,428,4832,5260
902,2016-06-17,406,5138,5544
902,2016-06-19,44,3840,3884
902,2016-06-20,309,4731,5040
902,2016-06-21,400,4747,5147
902,2016-06-22,273,4806,5079
902,2016-06-24,330,4554,4884
902,2016-06-25,180,4128,4308
902,2016-06-26,36,3396,3432
902,2016-06-27,258,4777,5035
902,2016-06-29,316,5212,5528
902,2016-06-30,290,5272,5562
902,2016-07-01,313,5129,5442
902,2016-07-02,189,4038,4227
902,2016-07-04,291,4959,5250
902,2016-07-05,331,5227,5558
902,2016-07-06,340,5199,5539
902,2016-07-07,313,5328,5641
902,2016-07-09,231,4662,4893
902,2016-07-10,38,4246,4284
902,2016-07-11,309,5068,5377
902,2016-07-12,346,5152,5498
902,2016-07-14,262,5393,5655
902,2016-07-15,273,5549,5822
902,2016-07-16,193,4255,4448
902,2016-07-17,47,3825,3872
902,2016-07-19,281,5558,5839
902,2016-07-20,296,5198,5494
902,2016-07-21,330,5458,5788
902,2016-07-22,368,5652,6020
902,2016-07-24,101,4158,4259
902,2016-07-25,358,5199,5557
902,2016-07-26,303,5383,5686
902,2016-07-27,352,5581,5933
902,2016-07-29,255,5708,5963
902,2016-07-30,186,4622,4808
902,2016-07-31,32,3655,3687
902,2016-08-01,245,4543,4788
902,2016-08-03,188,4718,4906
902,2016-08-04,218,4867,5085
902,2016-08-05,242,4874,5116
902,2016-08-06,170,3983,4153
902,2016-08-08,232,4400,4632
902,2016-08-09,243,4501,4744
902,2016-08-10,254,4592,4846
902,2016-08-11,229,4467,4696
902,2016-08-13,179,4450,4629
902,2016-08-14,38,4145,4183
902,2016-08-15,37,3771,3808
902,2016-08-16,267,4510,4777
902,2016-08-18,247,4719,4966
902,2016-08-19,259,4624,4883
902,2016-08-20,167,3898,4065
902,2016-08-21,36,3080,3116
902,2016-08-23,283,5190,5473
902,2016-08-24,301,4874,5175
902,2016-08-25,272,4847,5119
902,2016-08-26,258,4947,5205
902,2016-08-28,35,3732,3767
902,2016-08-29,253,4459,4712
902,2016-08-30,287,5021,5308
902,2016-08-31,292,5030,5322
902,2016-09-02,316,5389,5705
902,2016-09-03,180,4238,4418
902,2016-09-04,38,3330,3368
902,2016-09-05,305,4734,5039
902,2016-09-07,289,5186,5475
902,2016-09-08,284,4973,5257
902,2016-09-09,289,5310,5599
902,2016-09-10,190,5098,5288
902,2016-09-12,255,4896,5151
902,2016-09-13,273,5074,5347
902,2016-09-14,275,5217,5492
902,2016-09-15,302,5217,5519
902,2016-09-16,341,5253,5594
902,2016-09-18,23,3322,3345
902,2016-09-19,338,4676,5014
902,2016-09-20,336,4803,5139
902,2016-09-21,341,4966,5307
902,2016-09-23,359,5423,5782
902,2016-09-24,204,4577,4781
902,2016-09-25,27,3745,3772
902,2016-09-26,313,4793,5106
902,2016-09-28,316,4881,5197
902,2016-09-29,315,5110,5425
902,2016-09-30,310,5328,5638
902,2016-10-01,162,4082,4244
902,2016-10-03,282,4759,5041
902,2016-10-04,279,5012,5291
902,2016-10-05,289,4812,5101
902,2016-10-06,327,5193,5520
902,2016-10-08,241,3992,4233
902,2016-10-09,41,3479,3520
902,2016-10-10,283,4696,4979
902,2016-10-11,311,4991,5302
902,2016-10-13,301,5140,5441
902,2016-10-14,375,5078,5453
902,2016-10-15,166,3808,3974
902,2016-10-16,23,3699,3722
902,2016-10-18,380,5062,5442
902,2016-10-19,372,4974,5346
902,2016-10-20,352,5102,5454
902,2016-10-21,348,5310,5658
902,2016-10-23,22,3478,3500
902,2016-10-24,282,4590,4872
902,2016-10-25,301,5011,5312
902,2016-10-26,305,4808,5113
902,2016-10-28,304,5521,5825
902,2016-10-29,165,4002,4167
902,2016-10-30,23,3567,3590
902,2016-10-31,246,4561,4807
902,2016-11-02,259,4863,5122
902,2016-11-03,246,4902,5148
902,2016-11-04,268,5009,5277
902,2016-11-05,174,3517,3691
902,2016-11-07,275,4622,4897
902,2016-11-08,306,4923,5229
902,2016-11-09,248,4632,4880
902,2016-11-10,283,5059,5342
902,2016-11-12,176,3655,3831
902,2016-11-13,42,2592,2634
902,2016-11-14,310,4434,4744
902,2016-11-15,281,4818,5099
902,2016-11-17,261,4973,5234
902,2016-11-18,279,4943,5222
902,2016-11-19,179,3803,3982
902,2016-11-20,21,2675,2696
902,2016-11-22,265,4774,5039
902,2016-11-23,273,4779,5052
902,2016-11-24,285,4945,5230
902,2016-11-25,312,5150,5462
902,2016-11-27,21,2945,2966
902,2016-11-28,269,4436,4705
902,2016-11-29,286,4826,5112
902,2016-11-30,293,4632,4925
902,2016-12-02,271,4894,5165
902,2016-12-03,171,3544,3715
902,2016-12-04,68,2812,2880
902,2016-12-05,304,4463,4767
902,2016-12-07,322,4569,4891
902,2016-12-08,291,4859,5150
902,2016-12-09,305,4973,5278
902,2016-12-10,173,3748,3921
902,2016-12-12,286,4498,4784
902,2016-12-13,296,4760,5056
902,2016-12-14,296,4791,5087
902,2016-12-15,283,5161,5444
902,2016-12-17,177,4017,4194
902,2016-12-18,22,2836,2858
902,2016-12-19,287,4693,4980
902,2016-12-20,295,4847,5142
902,2016-12-22,224,5045,5269
902,2016-12-23,292,4516,4808
902,2016-12-24,165,3029,3194
902,2016-12-25,11,2254,2265
902,2016-12-27,205,3580,3785
902,2016-12-28,208,3684,3892
902,2016-12-29,206,3829,4035
902,2016-12-30,210,3885,4095
905,2016-01-01,39,5300,5339
905,2016-01-02,184,7561,7745
905,2016-01-04,494,10120,10614
905,2016-01-05,476,10860,11336
905,2016-01-06,367,10655,11022
905,2016-01-07,528,10958,11486
905,2016-01-09,202,9561,9763
905,2016-01-10,84,7508,7592
905,2016-01-11,600,10824,11424
905,2016-01-12,412,11362,11774
905,2016-01-14,458,11498,11956
905,2016-01-15,88,10934,11022
905,2016-01-16,102,9612,9714
905,2016-01-17,62,7760,7822
905,2016-01-19,460,12420,12880
905,2016-01-20,436,12114,12550
905,2016-01-21,422,12291,12713
905,2016-01-22,558,11846,12404
905,2016-01-24,52,8072,8124
905,2016-01-25,445,11058,11503
905,2016-01-26,484,11398,11882
905,2016-01-27,483,11288,11771
905,2016-01-29,494,12225,12719
905,2016-01-30,88,9858,9946
905,2016-01-31,46,8380,8426
905,2016-02-01,451,11109,11560
905,2016-02-03,280,11132,11412
905,2016-02-04,424,11495,11919
905,2016-02-05,445,11660,12105
905,2016-02-06,227,9360,9587
905,2016-02-08,242,9118,9360
905,2016-02-10,280,10524,10804
905,2016-02-11,429,10823,11252
905,2016-02-13,264,9178,9442
905,2016-02-14,67,7293,7360
905,2016-02-15,480,10966,11446
905,2016-02-16,507,11528,12035
905,2016-02-18,516,11625,12141
905,2016-02-19,475,12086,12561
905,2016-02-20,177,9891,10068
905,2016-02-21,62,7791,7853
905,2016-02-23,520,11234,11754
905,2016-02-24,121,3139,3260
905,2016-02-25,140,3233,3373
905,2016-02-26,126,3333,3459
905,2016-02-27,11,1824,1835
905,2016-02-28,6,1366,1372
905,2016-02-29,122,3195,3317
905,2016-03-02,202,3382,3584
905,2016-03-03,130,2865,2995
905,2016-03-04,107,2522,2629
905,2016-03-05,5,1691,1696
905,2016-03-06,2,1172,1174
905,2016-03-07,116,2948,3064
905,2016-03-09,536,11189,11725
905,2016-03-10,500,11531,12031
905,2016-03-11,491,12050,12541
905,2016-03-12,228,10465,10693
905,2016-03-14,521,10830,11351
905,2016-03-15,531,11505,12036
905,2016-03-16,556,11103,11659
905,2016-03-17,522,11757,12279
905,2016-03-19,296,10224,10520
905,2016-03-20,96,9186,9282
905,2016-03-21,559,10683,11242
905,2016-03-22,613,11274,11887
905,2016-03-24,585,11685,12270
905,2016-03-25,460,12500,12960
905,2016-03-26,240,10108,10348
905,2016-03-30,494,12036,12530
905,2016-03-31,600,11898,12498
905,2016-04-01,642,12426,13068
905,2016-04-03,86,8394,8480
905,2016-04-04,828,11166,11994
905,2016-04-05,610,11598,12208
905,2016-04-06,597,11250,11847
905,2016-04-08,546,11929,12475
905,2016-04-09,273,10012,10285
905,2016-04-10,78,8509,8587
905,2016-04-11,552,11193,11745
905,2016-04-13,490,11302,11792
905,2016-04-14,586,12518,13104
905,2016-04-15,710,12800,13510
905,2016-04-16,280,10755,11035
905,2016-04-18,432,11128,11560
905,2016-04-19,581,11610,12191
905,2016-04-20,587,11699,12286
905,2016-04-21,569,11696,12265
905,2016-04-23,334,10918,11252
905,2016-04-24,100,8592,8692
905,2016-04-25,320,11458,11778
905,2016-04-26,406,11752,12158
905,2016-04-28,540,12296,12836
905,2016-04-29,600,12780,13380
905,2016-04-30,290,11357,11647
905,2016-05-01,100,8388,8488
905,2016-05-03,595,12431,13026
905,2016-05-04,606,13450,14056
905,2016-05-05,188,13903,14091
905,2016-05-06,346,10621,10967
905,2016-05-08,128,8178,8306
905,2016-05-09,527,11148,11675
905,2016-05-10,708,11768,12476
905,2016-05-11,439,9604,10043
905,2016-05-13,678,13110,13788
905,2016-05-14,319,11076,11395
905,2016-05-15,124,8643,8767
905,2016-05-16,130,8280,8410
905,2016-05-18,531,11235,11766
905,2016-05-19,562,11453,12015
905,2016-05-20,569,11958,12527
905,2016-05-21,249,8355,8604
905,2016-05-23,468,10609,11077
905,2016-05-24,598,11654,12252
905,2016-05-25,550,11663,12213
905,2016-05-26,268,9540,9808
905,2016-05-28,244,8312,8556
905,2016-05-29,140,8196,8336
905,2016-05-30,415,11137,11552
905,2016-05-31,503,11707,12210
905,2016-06-02,522,9962,10484
905,2016-06-03,498,9822,10320
905,2016-06-04,276,9416,9692
905,2016-06-05,50,4585,4635
905,2016-06-07,430,8784,9214
905,2016-06-08,400,8044,8444
905,2016-06-09,352,7585,7937
905,2016-06-10,374,9134,9508
905,2016-06-12,76,8981,9057
905,2016-06-13,624,10986,11610
905,2016-06-14,506,11555,12061
905,2016-06-15,557,11350,11907
905,2016-06-17,734,12662,13396
905,2016-06-18,252,10735,10987
905,2016-06-19,72,7500,7572
905,2016-06-20,517,11064,11581
905,2016-06-22,315,6867,7182
905,2016-06-23,54,2460,2514
905,2016-06-24,191,4679,4870
905,2016-06-25,231,10217,10448
905,2016-06-27,552,11081,11633
905,2016-06-28,421,10174,10595
905,2016-06-29,422,9855,10277
905,2016-06-30,546,12325,12871
905,2016-07-02,240,11371,11611
905,2016-07-03,99,9898,9997
905,2016-07-04,403,9081,9484
905,2016-07-05,483,11946,12429
905,2016-07-07,283,6131,6414
905,2016-07-08,277,6901,7178
905,2016-07-09,172,7298,7470
905,2016-07-10,63,4107,4170
905,2016-07-12,446,9432,9878
905,2016-07-13,493,12213,12706
905,2016-07-14,546,12375,12921
905,2016-07-15,512,12185,12697
905,2016-07-17,53,4632,4685
905,2016-07-18,213,5363,5576
905,2016-07-19,219,5221,5440
905,2016-07-20,247,5872,6119
905,2016-07-22,304,7340,7644
905,2016-07-23,310,10192,10502
905,2016-07-24,41,3655,3696
905,2016-07-25,224,5446,5670
905,2016-07-27,292,6862,7154
905,2016-07-28,393,9478,9871
905,2016-07-29,294,9218,9512
905,2016-07-30,128,6014,6142
905,2016-08-01,244,6226,6470
905,2016-08-02,333,10852,11185
905,2016-08-03,342,10834,11176
905,2016-08-04,386,10723,11109
905,2016-08-06,121,5791,5912
905,2016-08-07,53,3871,3924
905,2016-08-08,253,8318,8571
905,2016-08-09,290,6574,6864
905,2016-08-11,403,10148,10551
905,2016-08-12,258,8052,8310
905,2016-08-13,114,4313,4427
905,2016-08-14,42,3395,3437
905,2016-10-01,303,11455,11758
905,2016-10-04,949,11947,12896
905,2016-10-05,982,11468,12450
905,2016-10-06,1060,11743,12803
905,2016-10-07,933,12344,13277
905,2016-10-08,369,10933,11302
905,2016-10-09,287,9373,9660
905,2016-10-10,893,10905,11798
905,2016-10-11,955,11474,12429
905,2016-10-12,933,11039,11972
905,2016-10-13,971,11722,12693
905,2016-10-14,825,11185,12010
905,2016-10-15,369,10230,10599
905,2016-10-16,159,9605,9764
905,2016-10-17,899,10606,11505
905,2016-10-18,923,10800,11723
905,2016-10-19,944,10920,11864
905,2016-10-20,862,11566,12428
905,2016-10-21,781,10541,11322
905,2016-10-22,407,10243,10650
905,2016-10-23,116,9217,9333
905,2016-10-24,804,10920,11724
905,2016-10-25,881,11544,12425
905,2016-10-26,903,11487,12390
905,2016-10-27,922,11598,12520
905,2016-10-28,915,11956,12871
905,2016-10-29,474,9803,10277
905,2016-10-30,136,9462,9598
905,2016-11-01,117,8134,8251
905,2016-11-02,910,10121,11031
905,2016-11-03,958,10872,11830
905,2016-11-04,869,11370,12239
905,2016-11-05,336,9719,10055
905,2016-11-06,106,8067,8173
905,2016-11-07,934,10642,11576
905,2016-11-08,936,11150,12086
905,2016-11-09,904,11102,12006
905,2016-11-10,943,11505,12448
905,2016-11-11,827,11766,12593
905,2016-11-12,379,10456,10835
905,2016-11-13,123,8198,8321
905,2016-11-14,902,10703,11605
905,2016-11-15,879,11152,12031
905,2016-11-16,894,11118,12012
905,2016-11-17,891,11239,12130
905,2016-11-18,887,11984,12871
905,2016-11-19,332,10462,10794
905,2016-11-20,98,8960,9058
908,2016-01-01,40,5635,5675
908,2016-01-02,117,7847,7964
908,2016-01-03,62,6638,6700
908,2016-01-05,324,12798,13122
908,2016-01-06,309,13237,13546
908,2016-01-07,326,13817,14143
908,2016-01-08,437,14099,14536
908,2016-01-10,48,7028,7076
908,2016-01-11,494,13024,13518
908,2016-01-12,516,13710,14226
908,2016-01-13,438,13074,13512
908,2016-01-15,492,12676,13168
908,2016-01-16,220,10071,10291
908,2016-01-17,152,6667,6819
908,2016-01-18,436,13716,14152
908,2016-01-20,492,13589,14081
908,2016-01-21,609,13769,14378
908,2016-01-22,434,13202,13636
908,2016-01-23,183,10150,10333
908,2016-01-25,483,14208,14691
908,2016-01-26,477,14298,14775
908,2016-01-27,549,13950,14499
908,2016-01-28,544,13422,13966
908,2016-01-30,216,15270,15486
908,2016-01-31,38,7060,7098
908,2016-02-01,434,13664,14098
908,2016-02-02,468,13396,13864
908,2016-02-05,538,14838,15376
908,2016-02-06,208,10782,10990
908,2016-02-07,60,6776,6836
908,2016-02-09,326,11822,12148
908,2016-02-10,366,12298,12664
908,2016-02-11,374,12883,13257
908,2016-02-12,331,13891,14222
908,2016-02-14,34,7214,7248
908,2016-02-15,494,13264,13758
908,2016-02-16,590,13736,14326
908,2016-02-17,722,14492,15214
908,2016-02-19,548,13448,13996
908,2016-02-20,172,10414,10586
908,2016-02-21,126,7819,7945
908,2016-02-22,742,13499,14241
908,2016-02-24,525,14121,14646
908,2016-02-25,573,14789,15362
908,2016-02-26,539,15069,15608
908,2016-02-27,198,11846,12044
908,2016-02-29,394,14934,15328
908,2016-03-01,509,14575,15084
908,2016-03-02,588,13516,14104
908,2016-03-03,450,14964,15414
908,2016-03-05,202,11752,11954
908,2016-03-06,58,7690,7748
908,2016-03-07,461,13948,14409
908,2016-03-08,447,14582,15029
908,2016-03-10,560,15002,15562
908,2016-03-11,563,15101,15664
908,2016-03-12,204,12091,12295
908,2016-03-13,57,8234,8291
908,2016-03-15,582,16055,16637
908,2016-03-16,465,14379,14844
908,2016-03-17,503,15425,15928
908,2016-03-18,598,15836,16434
908,2016-03-20,131,10931,11062
908,2016-03-21,548,14415,14963
908,2016-03-22,527,15164,15691
908,2016-03-23,532,14871,15403
908,2016-03-25,491,15546,16037
908,2016-03-26,202,11539,11741
908,2016-03-28,32,5648,5680
908,2016-03-30,354,14940,15294
908,2016-03-31,450,14593,15043
908,2016-04-01,557,15810,16367
908,2016-04-02,351,13314,13665
908,2016-04-04,410,15181,15591
908,2016-04-05,536,15130,15666
908,2016-04-06,481,15999,16480
908,2016-04-07,556,15944,16500
908,2016-04-09,285,13027,13312
908,2016-04-10,71,9572,9643
908,2016-04-11,432,14762,15194
908,2016-04-12,658,14844,15502
908,2016-04-14,517,15146,15663
908,2016-04-15,552,14734,15286
908,2016-04-16,238,13146,13384
908,2016-04-17,86,9075,9161
908,2016-04-19,654,15369,16023
908,2016-04-20,811,15347,16158
908,2016-04-21,577,15876,16453
908,2016-04-22,742,16378,17120
908,2016-04-24,126,8864,8990
908,2016-04-25,628,14348,14976
908,2016-04-26,568,14398,14966
908,2016-04-27,694,15232,15926
908,2016-04-29,549,15832,16381
908,2016-04-30,226,11698,11924
908,2016-05-01,92,8160,8252
908,2016-05-02,611,15155,15766
908,2016-05-04,719,16947,17666
908,2016-05-05,96,8845,8941
908,2016-05-06,424,14863,15287
908,2016-05-07,299,12296,12595
908,2016-05-09,626,15282,15908
908,2016-05-11,392,16564,16956
908,2016-05-12,330,16718,17048
908,2016-05-14,280,14732,15012
908,2016-05-15,79,9076,9155
908,2016-05-16,66,8115,8181
908,2016-05-17,411,14588,14999
908,2016-05-19,490,14304,14794
908,2016-05-20,600,16488,17088
908,2016-05-21,618,21812,22430
908,2016-05-22,159,13131,13290
908,2016-05-24,460,15792,16252
908,2016-05-25,497,15446,15943
908,2016-05-26,808,15248,16056
908,2016-05-27,650,15462,16112
908,2016-05-29,98,9696,9794
908,2016-05-30,484,14438,14922
908,2016-05-31,428,16800,17228
908,2016-06-03,549,16474,17023
908,2016-06-04,188,12050,12238
908,2016-06-05,73,8463,8536
908,2016-06-06,505,15760,16265
908,2016-06-08,524,15560,16084
908,2016-06-09,586,16412,16998
908,2016-06-10,568,16635,17203
908,2016-06-11,222,10283,10505
908,2016-06-13,524,13948,14472
908,2016-06-14,620,15496,16116
908,2016-06-15,534,14448,14982
908,2016-06-16,482,15404,15886
908,2016-06-18,187,11563,11750
908,2016-06-19,109,8271,8380
908,2016-06-20,604,14198,14802
908,2016-06-21,728,14232,14960
908,2016-06-23,92,7726,7818
908,2016-06-24,441,13576,14017
908,2016-06-25,233,10504,10737
908,2016-06-26,91,8335,8426
908,2016-06-28,509,14985,15494
908,2016-06-29,623,14581,15204
908,2016-06-30,564,14828,15392
908,2016-07-01,615,15670,16285
908,2016-07-03,51,4812,4863
908,2016-07-04,429,14962,15391
908,2016-07-05,433,15814,16247
908,2016-07-06,540,15454,15994
908,2016-07-08,674,16057,16731
908,2016-07-09,246,13707,13953
908,2016-07-10,133,10076,10209
908,2016-07-11,561,15971,16532
908,2016-07-14,677,12497,13174
908,2016-07-15,726,12535,13261
908,2016-07-16,222,10677,10899
908,2016-07-18,486,12138,12624
908,2016-07-19,540,12161,12701
908,2016-07-20,522,11821,12343
908,2016-07-21,614,11502,12116
908,2016-07-23,288,9649,9937
908,2016-07-24,118,7568,7686
908,2016-07-25,318,12606,12924
908,2016-07-26,632,11516,12148
908,2016-07-28,435,13003,13438
908,2016-07-29,322,13182,13504
908,2016-07-30,197,9698,9895
908,2016-07-31,59,7204,7263
908,2016-08-02,248,11869,12117
908,2016-08-03,321,12512,12833
908,2016-08-04,290,11058,11348
908,2016-08-05,258,11971,12229
908,2016-08-07,92,7009,7101
908,2016-08-08,285,10646,10931
908,2016-08-09,281,11073,11354
908,2016-08-10,259,10945,11204
908,2016-08-12,237,11321,11558
908,2016-08-13,179,8872,9051
908,2016-08-14,68,6672,6740
908,2016-08-15,96,6655,6751
908,2016-08-17,249,11470,11719
908,2016-08-18,261,11078,11339
908,2016-08-19,238,11261,11499
908,2016-08-20,172,8380,8552
908,2016-08-22,364,12500,12864
908,2016-08-23,349,13120,13469
908,2016-08-24,298,13007,13305
908,2016-08-25,180,13218,13398
908,2016-08-27,241,10408,10649
908,2016-08-28,75,7783,7858
908,2016-08-29,461,13553,14014
908,2016-08-30,408,14054,14462
908,2016-09-01,389,13697,14086
908,2016-09-02,461,15352,15813
908,2016-09-03,282,14405,14687
908,2016-09-04,112,11634,11746
908,2016-09-06,314,16424,16738
908,2016-09-07,504,15827,16331
908,2016-09-08,499,15995,16494
908,2016-09-09,472,16735,17207
908,2016-09-11,127,10484,10611
908,2016-09-12,647,15935,16582
908,2016-09-13,660,17472,18132
908,2016-09-14,714,17420,18134
908,2016-09-16,723,17951,18674
908,2016-09-17,261,10116,10377
908,2016-09-18,114,10563,10677
908,2016-09-19,736,16849,17585
908,2016-09-21,592,16907,17499
908,2016-09-22,692,17016,17708
908,2016-09-23,731,17877,18608
908,2016-09-24,324,16389,16713
908,2016-09-26,720,17217,17937
908,2016-09-27,731,17533,18264
908,2016-09-28,693,17142,17835
908,2016-09-29,753,18040,18793
908,2016-10-01,290,15702,15992
908,2016-10-02,154,10980,11134
908,2016-10-03,617,16954,17571
908,2016-10-04,631,17677,18308
908,2016-10-06,770,18418,19188
908,2016-10-07,698,17784,18482
908,2016-10-08,303,14596,14899
908,2016-10-09,115,11397,11512
908,2016-10-11,692,17689,18381
908,2016-10-12,679,17055,17734
908,2016-10-13,571,17461,18032
908,2016-10-14,547,17918,18465
908,2016-10-16,78,11147,11225
908,2016-10-17,477,16845,17322
908,2016-10-18,714,16994,17708
908,2016-10-19,920,16280,17200
908,2016-10-21,838,17261,18099
908,2016-10-22,526,14309,14835
908,2016-10-23,214,10467,10681
908,2016-10-24,750,17580,18330
908,2016-10-26,792,16904,17696
908,2016-10-27,795,17856,18651
908,2016-10-28,781,17788,18569
908,2016-10-29,380,15240,15620
908,2016-10-31,473,15763,16236
908,2016-11-01,137,10196,10333
908,2016-11-02,454,16805,17259
908,2016-11-03,525,17566,18091
908,2016-11-05,806,21506,22312
908,2016-11-06,314,15341,15655
908,2016-11-07,589,17141,17730
908,2016-11-08,573,17355,17928
908,2016-11-10,680,17352,18032
908,2016-11-11,506,18082,18588
908,2016-11-12,265,14303,14568
908,2016-11-13,133,9608,9741
908,2016-11-15,599,17136,17735
908,2016-11-16,556,16611,17167
908,2016-11-17,497,17215,17712
908,2016-11-18,610,17500,18110
908,2016-11-20,103,9670,9773
908,2016-11-21,425,16738,17163
908,2016-11-22,504,17134,17638
908,2016-11-23,568,17198,17766
908,2016-11-25,575,18006,18581
908,2016-11-26,275,14354,14629
908,2016-11-27,111,10052,10163
908,2016-11-28,506,16779,17285
908,2016-11-30,556,17189,17745
908,2016-12-01,554,17136,17690
908,2016-12-02,576,18589,19165
908,2016-12-03,413,17943,18356
908,2016-12-05,652,17013,17665
908,2016-12-06,477,16892,17369
908,2016-12-07,809,17147,17956
908,2016-12-08,478,17818,18296
908,2016-12-10,246,14355,14601
908,2016-12-11,74,10152,10226
908,2016-12-12,382,17134,17516
908,2016-12-13,410,17338,17748
908,2016-12-15,525,17365,17890
908,2016-12-16,502,18067,18569
908,2016-12-17,226,14055,14281
908,2016-12-18,105,9998,10103
908,2016-12-20,334,18382,18716
908,2016-12-21,517,17216,17733
908,2016-12-22,521,17667,18188
908,2016-12-23,381,17262,17643
908,2016-12-25,54,7915,7969
908,2016-12-26,39,7126,7165
908,2016-12-27,289,12940,13229
908,2016-12-28,306,13169,13475
908,2016-12-30,348,13546,13894
908,2016-12-31,179,9760,9939
909,2016-01-01,44,6554,6598
909,2016-01-02,179,9809,9988
909,2016-01-04,278,13209,13487
909,2016-01-05,205,13418,13623
909,2016-01-06,257,13787,14044
909,2016-01-07,286,14854,15140
909,2016-01-09,155,11996,12151
909,2016-01-10,53,7970,8023
909,2016-01-11,258,13747,14005
909,2016-01-12,234,13902,14136
909,2016-01-14,251,13510,13761
909,2016-01-15,163,12998,13161
909,2016-01-16,142,12035,12177
909,2016-01-17,49,8084,8133
909,2016-01-19,274,14104,14378
909,2016-01-20,307,13686,13993
909,2016-01-21,324,14588,14912
909,2016-01-22,281,13822,14103
909,2016-01-24,57,8562,8619
909,2016-01-25,345,13789,14134
909,2016-01-26,364,13818,14182
909,2016-01-27,414,13822,14236
909,2016-01-29,371,15230,15601
909,2016-01-30,145,11245,11390
909,2016-01-31,55,8620,8675
909,2016-02-01,347,13951,14298
909,2016-02-03,332,14087,14419
909,2016-02-04,314,14184,14498
909,2016-02-05,391,14744,15135
909,2016-02-06,193,12050,12243
909,2016-02-08,229,12201,12430
909,2016-02-09,440,13566,14006
909,2016-02-10,256,13311,13567
909,2016-02-11,328,13791,14119
909,2016-02-13,174,12030,12204
909,2016-02-14,74,8614,8688
909,2016-02-15,322,13414,13736
909,2016-02-16,320,14334,14654
909,2016-02-28,85,9136,9221
909,2016-02-29,393,14115,14508
909,2016-03-01,341,13887,14228
909,2016-03-02,371,13813,14184
909,2016-03-04,386,15422,15808
909,2016-03-05,184,12493,12677
909,2016-03-06,52,8648,8700
909,2016-03-07,326,13635,13961
909,2016-03-09,395,14038,14433
909,2016-03-10,418,14683,15101
909,2016-03-11,402,15438,15840
909,2016-03-12,213,13195,13408
909,2016-03-14,417,14158,14575
909,2016-03-15,393,14142,14535
909,2016-03-16,406,14410,14816
909,2016-03-17,480,14915,15395
909,2016-03-19,226,12738,12964
909,2016-03-20,70,9345,9415
909,2016-03-21,399,14340,14739
909,2016-03-22,401,14875,15276
909,2016-03-24,428,15244,15672
909,2016-03-25,301,16070,16371
909,2016-03-26,260,13038,13298
909,2016-03-30,349,14451,14800
909,2016-03-31,404,15278,15682
909,2016-04-01,464,16022,16486
909,2016-04-03,104,9038,9142
909,2016-04-04,452,14223,14675
909,2016-04-05,361,14797,15158
909,2016-04-06,407,14576,14983
909,2016-04-08,386,15549,15935
909,2016-04-09,231,12862,13093
909,2016-04-10,88,9767,9855
909,2016-04-11,461,14501,14962
909,2016-04-13,429,14447,14876
909,2016-04-14,476,14798,15274
909,2016-04-15,470,15961,16431
909,2016-04-16,298,13806,14104
909,2016-04-18,414,14498,14912
909,2016-04-19,428,14681,15109
909,2016-04-20,427,14716,15143
909,2016-04-21,419,15070,15489
909,2016-04-23,204,13458,13662
909,2016-04-24,124,9167,9291
909,2016-04-25,268,13612,13880
909,2016-04-26,386,14291,14677
909,2016-04-28,372,14793,15165
909,2016-04-29,430,16150,16580
909,2016-04-30,184,12932,13116
909,2016-05-01,82,9626,9708
909,2016-05-03,610,18464,19074
909,2016-05-04,499,16672,17171
909,2016-05-05,91,9023,9114
909,2016-05-06,264,15531,15795
909,2016-05-08,89,11058,11147
909,2016-05-09,347,14532,14879
909,2016-05-10,434,14645,15079
909,2016-05-11,383,15390,15773
909,2016-05-13,470,16170,16640
909,2016-05-14,207,13221,13428
909,2016-05-15,58,9093,9151
909,2016-05-16,48,7406,7454
909,2016-05-18,418,13969,14387
909,2016-05-19,374,14510,14884
909,2016-05-20,361,14499,14860
909,2016-05-21,127,10657,10784
909,2016-05-23,339,13860,14199
909,2016-05-24,391,15237,15628
909,2016-05-25,292,14727,15019
909,2016-05-26,314,15030,15344
909,2016-05-28,210,13370,13580
909,2016-05-29,62,10149,10211
909,2016-05-30,324,12614,12938
909,2016-05-31,231,13869,14100
909,2016-06-02,309,13999,14308
909,2016-06-03,362,15301,15663
909,2016-06-04,182,12628,12810
909,2016-06-05,60,9174,9234
909,2016-06-07,320,11336,11656
909,2016-06-08,370,14582,14952
909,2016-06-09,355,15554,15909
909,2016-06-10,307,16069,16376
909,2016-06-12,48,9827,9875
909,2016-06-13,303,14601,14904
909,2016-06-14,319,14850,15169
909,2016-06-15,331,14282,14613
909,2016-06-17,296,15193,15489
909,2016-06-18,165,12829,12994
909,2016-06-19,54,9680,9734
909,2016-06-20,293,13198,13491
909,2016-06-22,301,13703,14004
909,2016-06-23,53,8078,8131
909,2016-06-24,228,14481,14709
909,2016-06-25,112,12326,12438
909,2016-06-27,319,13549,13868
909,2016-06-28,328,14520,14848
909,2016-06-29,285,14571,14856
909,2016-06-30,305,14128,14433
909,2016-07-02,143,12562,12705
909,2016-07-03,49,9443,9492
909,2016-07-04,308,13780,14088
909,2016-07-05,245,14842,15087
909,2016-07-07,285,14569,14854
909,2016-07-08,271,15584,15855
909,2016-07-09,90,12795,12885
909,2016-07-10,41,8910,8951
909,2016-07-12,209,14714,14923
909,2016-07-13,382,14686,15068
909,2016-07-14,176,15986,16162
909,2016-07-15,187,15919,16106
909,2016-07-17,29,9191,9220
909,2016-07-18,163,15246,15409
909,2016-07-19,192,15996,16188
909,2016-07-20,179,15420,15599
909,2016-07-22,238,15347,15585
909,2016-07-23,176,12878,13054
909,2016-07-24,17,9040,9057
909,2016-07-25,137,14328,14465
909,2016-07-27,152,14361,14513
909,2016-07-28,133,14024,14157
909,2016-07-29,121,13571,13692
909,2016-07-30,45,10234,10279
909,2016-08-01,102,11741,11843
909,2016-08-02,78,11697,11775
909,2016-08-03,68,11672,11740
909,2016-08-04,52,11611,11663
909,2016-08-06,66,9693,9759
909,2016-08-07,38,7730,7768
909,2016-08-08,146,10893,11039
909,2016-08-09,127,11446,11573
909,2016-08-11,106,11798,11904
909,2016-08-12,91,11905,11996
909,2016-08-13,81,11012,11093
909,2016-08-14,58,7335,7393
909,2016-08-16,94,11926,12020
909,2016-08-17,106,11570,11676
909,2016-08-18,109,11597,11706
909,2016-08-19,103,11964,12067
909,2016-08-21,24,7304,7328
909,2016-08-22,114,12614,12728
909,2016-08-23,127,13249,13376
909,2016-08-24,135,13062,13197
909,2016-08-26,103,14003,14106
909,2016-08-27,74,11232,11306
909,2016-08-28,16,8289,8305
909,2016-08-29,157,13072,13229
909,2016-08-31,196,14092,14288
909,2016-09-01,181,14169,14350
909,2016-09-02,193,14937,15130
909,2016-09-03,156,11566,11722
909,2016-09-05,144,13960,14104
909,2016-09-06,164,14234,14398
909,2016-09-07,173,14335,14508
909,2016-09-08,168,14725,14893
909,2016-09-10,100,12042,12142
909,2016-09-11,32,9383,9415
909,2016-09-12,168,14788,14956
909,2016-09-13,197,15212,15409
909,2016-09-15,207,14847,15054
909,2016-09-16,177,16151,16328
909,2016-09-17,130,12786,12916
909,2016-09-18,52,9210,9262
909,2016-09-20,230,14772,15002
909,2016-09-21,227,14230,14457
909,2016-09-22,204,14558,14762
909,2016-09-23,233,15518,15751
909,2016-09-25,32,9833,9865
909,2016-09-26,189,14234,14423
909,2016-09-27,189,14529,14718
909,2016-09-28,238,14668,14906
909,2016-09-30,213,15177,15390
909,2016-10-01,104,12688,12792
909,2016-10-02,33,9785,9818
909,2016-10-03,88,14254,14342
909,2016-10-05,253,14382,14635
909,2016-10-06,221,14339,14560
909,2016-10-07,258,15362,15620
909,2016-10-08,136,13236,13372
909,2016-10-10,220,14190,14410
909,2016-10-11,224,14703,14927
909,2016-10-12,233,14455,14688
909,2016-10-13,212,14392,14604
909,2016-10-15,94,12922,13016
909,2016-10-16,27,9691,9718
909,2016-10-17,244,14085,14329
909,2016-10-18,197,14652,14849
909,2016-10-20,271,14525,14796
909,2016-10-21,254,15695,15949
909,2016-10-22,110,13018,13128
909,2016-10-23,41,10014,10055
909,2016-10-25,258,14585,14843
909,2016-10-26,215,14604,14819
909,2016-10-27,207,14793,15000
909,2016-10-28,243,15838,16081
909,2016-10-30,42,9655,9697
909,2016-10-31,204,14306,14510
909,2016-11-01,56,8753,8809
909,2016-11-02,234,14722,14956
909,2016-11-05,96,10465,10561
909,2016-11-06,38,7577,7615
909,2016-11-07,258,13789,14047
909,2016-11-08,269,14135,14404
909,2016-11-10,248,13952,14200
909,2016-11-11,260,15210,15470
909,2016-11-12,126,12873,12999
909,2016-11-13,32,8995,9027
909,2016-11-15,217,13815,14032
909,2016-11-16,227,14077,14304
909,2016-11-17,265,14460,14725
909,2016-11-18,268,14910,15178
909,2016-11-20,39,8798,8837
909,2016-11-21,226,12624,12850
909,2016-11-22,288,14396,14684
909,2016-11-23,222,14037,14259
909,2016-11-25,258,15219,15477
909,2016-11-26,115,12402,12517
909,2016-11-27,46,9740,9786
909,2016-11-28,82,13810,13892
909,2016-11-30,217,14099,14316
909,2016-12-01,214,13975,14189
909,2016-12-02,265,15064,15329
909,2016-12-03,109,12356,12465
909,2016-12-05,205,13659,13864
909,2016-12-06,189,13401,13590
909,2016-12-07,185,13236,13421
909,2016-12-08,190,14147,14337
909,2016-12-10,112,12697,12809
909,2016-12-11,52,9497,9549
909,2016-12-12,274,14003,14277
909,2016-12-13,259,14501,14760
909,2016-12-15,312,15861,16173
909,2016-12-16,229,15542,15771
909,2016-12-17,123,12467,12590
909,2016-12-18,43,9410,9453
909,2016-12-20,231,14437,14668
909,2016-12-21,192,14430,14622
909,2016-12-22,150,14693,14843
909,2016-12-23,156,15312,15468
909,2016-12-25,26,6882,6908
909,2016-12-26,24,6709,6733
909,2016-12-27,149,11810,11959
909,2016-12-28,133,11405,11538
909,2016-12-30,129,12002,12131
909,2016-12-31,94,9989,10083
923,2016-01-01,9,2848,2857
923,2016-01-02,85,4309,4394
923,2016-01-04,234,6435,6669
923,2016-01-05,228,7005,7233
923,2016-01-06,242,6854,7096
923,2016-01-07,362,7456,7818
923,2016-01-09,80,5199,5279
923,2016-01-10,32,5230,5262
923,2016-01-11,432,7500,7932
923,2016-01-12,402,7918,8320
923,2016-01-14,264,6942,7206
923,2016-01-15,177,5506,5683
923,2016-01-16,99,4293,4392
923,2016-01-17,29,4588,4617
923,2016-01-19,360,7375,7735
923,2016-01-20,304,7262,7566
923,2016-01-21,279,7604,7883
923,2016-01-22,326,7230,7556
923,2016-01-24,19,5118,5137
923,2016-01-25,268,7477,7745
923,2016-01-26,318,7915,8233
923,2016-01-27,308,7611,7919
923,2016-01-29,295,8141,8436
923,2016-01-30,220,5612,5832
923,2016-01-31,20,5355,5375
923,2016-02-01,256,7303,7559
923,2016-02-03,354,7437,7791
923,2016-02-04,333,7615,7948
923,2016-02-05,280,7949,8229
923,2016-02-06,107,5336,5443
923,2016-02-08,428,5660,6088
923,2016-02-09,456,6760,7216
923,2016-02-10,263,6629,6892
923,2016-02-11,272,7193,7465
923,2016-02-13,189,4557,4746
923,2016-02-14,19,5006,5025
923,2016-02-15,271,7358,7629
923,2016-02-16,296,7948,8244
923,2016-02-18,301,7893,8194
923,2016-02-19,276,7966,8242
923,2016-02-20,172,5244,5416
923,2016-02-21,31,5157,5188
923,2016-02-23,383,7434,7817
923,2016-02-24,314,7939,8253
923,2016-02-25,351,8217,8568
923,2016-02-26,334,8322,8656
923,2016-02-28,26,5797,5823
923,2016-02-29,323,7853,8176
923,2016-03-01,321,7685,8006
923,2016-03-02,316,7696,8012
923,2016-03-04,410,7616,8026
923,2016-03-05,122,5391,5513
923,2016-03-06,39,5232,5271
923,2016-03-07,270,7495,7765
923,2016-03-09,312,7788,8100
923,2016-03-10,328,8132,8460
923,2016-03-11,301,8255,8556
923,2016-03-12,110,6071,6181
923,2016-03-14,349,7823,8172
923,2016-03-15,329,8107,8436
923,2016-03-16,352,7883,8235
923,2016-03-17,319,8368,8687
923,2016-03-19,134,6095,6229
923,2016-03-20,39,5936,5975
923,2016-03-21,308,7663,7971
923,2016-03-22,365,8114,8479
923,2016-03-24,371,8410,8781
923,2016-03-25,371,8278,8649
923,2016-03-26,140,6652,6792
923,2016-03-30,384,7857,8241
923,2016-03-31,482,6631,7113
923,2016-04-01,320,7977,8297
923,2016-04-03,43,5842,5885
923,2016-04-04,324,8072,8396
923,2016-04-05,294,7330,7624
923,2016-04-06,435,8402,8837
923,2016-04-08,396,8166,8562
923,2016-04-09,118,6254,6372
923,2016-04-10,35,6509,6544
923,2016-04-11,349,8137,8486
923,2016-04-13,500,8452,8952
923,2016-04-14,376,9036,9412
923,2016-04-15,494,9150,9644
923,2016-04-16,154,6340,6494
923,2016-04-18,333,8144,8477
923,2016-04-19,352,8335,8687
923,2016-04-20,452,8514,8966
923,2016-04-21,448,9039,9487
923,2016-04-23,162,6260,6422
923,2016-04-24,34,5871,5905
923,2016-04-25,370,7709,8079
923,2016-04-26,352,8290,8642
923,2016-04-28,322,8889,9211
923,2016-04-29,387,9141,9528
923,2016-04-30,254,6980,7234
923,2016-05-01,71,6377,6448
923,2016-05-03,408,9040,9448
923,2016-05-04,443,10785,11228
923,2016-05-05,131,14572,14703
923,2016-05-06,294,9192,9486
923,2016-05-08,78,8318,8396
923,2016-05-09,398,8511,8909
923,2016-05-10,486,8558,9044
923,2016-05-11,369,8638,9007
923,2016-05-13,490,9982,10472
923,2016-05-14,185,7386,7571
923,2016-05-15,60,6652,6712
923,2016-05-16,88,7409,7497
923,2016-05-18,476,8202,8678
923,2016-05-19,385,8466,8851
923,2016-05-20,390,8849,9239
923,2016-05-21,184,6755,6939
923,2016-05-23,320,8115,8435
923,2016-05-24,382,8489,8871
923,2016-05-25,373,8362,8735
923,2016-05-26,500,9236,9736
923,2016-05-28,210,6654,6864
923,2016-05-29,82,6184,6266
923,2016-05-30,640,7976,8616
923,2016-05-31,357,8468,8825
923,2016-06-02,446,8598,9044
923,2016-06-03,508,9014,9522
923,2016-06-04,214,6820,7034
923,2016-06-05,108,5926,6034
923,2016-06-07,498,8396,8894
923,2016-06-08,506,8696,9202
923,2016-06-09,388,9134,9522
923,2016-06-10,398,9551,9949
923,2016-06-12,57,6421,6478
923,2016-06-13,266,7570,7836
923,2016-06-14,460,8512,8972
923,2016-06-15,514,8368,8882
923,2016-06-17,508,9344,9852
923,2016-06-18,152,6786,6938
923,2016-06-19,41,6338,6379
923,2016-06-20,472,8426,8898
923,2016-06-22,393,8800,9193
923,2016-06-23,97,5984,6081
923,2016-06-24,376,7846,8222
923,2016-06-25,156,6127,6283
923,2016-06-27,396,8258,8654
923,2016-06-28,403,8684,9087
923,2016-06-29,411,8695,9106
923,2016-06-30,398,9232,9630
923,2016-07-02,151,6896,7047
923,2016-07-03,51,7075,7126
923,2016-07-04,403,8382,8785
923,2016-07-05,366,8697,9063
923,2016-07-07,419,9049,9468
923,2016-07-08,468,9515,9983
923,2016-07-09,183,7864,8047
923,2016-07-10,74,7618,7692
923,2016-07-12,429,9008,9437
923,2016-07-13,355,8879,9234
923,2016-07-14,396,9013,9409
923,2016-07-15,402,9493,9895
923,2016-07-17,73,7047,7120
923,2016-07-18,325,8714,9039
923,2016-07-19,366,9117,9483
923,2016-07-20,416,9132,9548
923,2016-07-22,436,9364,9800
923,2016-07-23,246,7210,7456
923,2016-07-24,81,7677,7758
923,2016-07-25,399,8791,9190
923,2016-07-27,438,8848,9286
923,2016-07-28,383,9031,9414
923,2016-07-29,307,9085,9392
923,2016-07-30,172,7686,7858
923,2016-08-01,328,7870,8198
923,2016-08-02,248,7174,7422
923,2016-08-03,254,7611,7865
923,2016-08-04,280,7627,7907
923,2016-08-06,163,6590,6753
923,2016-08-07,74,7086,7160
923,2016-08-08,296,7462,7758
923,2016-08-09,316,7620,7936
923,2016-08-11,252,7411,7663
923,2016-08-12,330,8050,8380
923,2016-08-13,166,6996,7162
923,2016-08-14,77,7170,7247
923,2016-08-16,319,7882,8201
923,2016-08-17,308,7943,8251
923,2016-08-18,324,7720,8044
923,2016-08-19,330,8038,8368
923,2016-08-21,68,6165,6233
923,2016-08-22,388,7909,8297
923,2016-08-23,371,8370,8741
923,2016-08-24,347,8608,8955
923,2016-08-26,407,8858,9265
923,2016-08-27,318,6934,7252
923,2016-08-28,87,6715,6802
923,2016-08-29,445,7884,8329
923,2016-08-31,434,8523,8957
923,2016-09-01,360,8359,8719
923,2016-09-02,433,8787,9220
923,2016-09-03,178,6755,6933
923,2016-09-05,379,8368,8747
923,2016-09-06,400,8486,8886
923,2016-09-07,386,8769,9155
923,2016-09-08,437,9069,9506
923,2016-09-10,164,7289,7453
923,2016-09-11,52,7112,7164
923,2016-09-12,473,8753,9226
923,2016-09-13,449,8861,9310
923,2016-09-15,536,9080,9616
923,2016-09-16,394,9549,9943
923,2016-09-17,157,8957,9114
923,2016-09-18,57,7499,7556
923,2016-09-20,394,8607,9001
923,2016-09-21,401,8916,9317
923,2016-09-22,371,9026,9397
923,2016-09-23,365,9482,9847
923,2016-09-25,56,7607,7663
923,2016-09-26,361,8556,8917
923,2016-09-27,441,8755,9196
923,2016-09-28,371,8815,9186
923,2016-09-30,392,9378,9770
923,2016-10-01,162,6673,6835
923,2016-10-02,27,6831,6858
923,2016-10-03,322,8305,8627
923,2016-10-05,380,8684,9064
923,2016-10-06,397,8880,9277
923,2016-10-07,377,9266,9643
923,2016-10-08,137,6933,7070
923,2016-10-10,359,8460,8819
923,2016-10-11,354,8633,8987
923,2016-10-12,368,8423,8791
923,2016-10-13,410,8926,9336
923,2016-10-15,123,6436,6559
923,2016-10-16,47,6911,6958
923,2016-10-17,367,8303,8670
923,2016-10-18,351,8580,8931
923,2016-10-20,462,8890,9352
923,2016-10-21,335,9148,9483
923,2016-10-22,109,6629,6738
923,2016-10-23,43,6576,6619
923,2016-10-25,364,8702,9066
923,2016-10-26,354,8737,9091
923,2016-10-27,363,9048,9411
923,2016-10-28,365,9271,9636
923,2016-10-30,36,6985,7021
923,2016-10-31,261,7729,7990
923,2016-11-01,43,6200,6243
923,2016-11-02,327,8196,8523
923,2016-11-04,468,8764,9232
923,2016-11-05,111,5744,5855
923,2016-11-06,36,5514,5550
923,2016-11-07,385,7994,8379
923,2016-11-09,438,8222,8660
923,2016-11-10,350,8935,9285
923,2016-11-11,265,8754,9019
923,2016-11-12,111,6263,6374
923,2016-11-14,345,8208,8553
923,2016-11-15,358,7899,8257
923,2016-11-16,351,8109,8460
923,2016-11-17,440,8676,9116
923,2016-11-19,109,6264,6373
923,2016-11-20,36,6048,6084
923,2016-11-21,458,8036,8494
923,2016-11-22,362,8428,8790
923,2016-11-24,345,8462,8807
923,2016-11-25,340,8902,9242
923,2016-11-26,102,6164,6266
923,2016-11-27,27,5422,5449
923,2016-11-29,357,8343,8700
923,2016-11-30,384,8550,8934
923,2016-12-01,333,8422,8755
923,2016-12-02,325,8773,9098
923,2016-12-04,48,5893,5941
923,2016-12-05,314,8357,8671
923,2016-12-06,338,8292,8630
923,2016-12-07,317,8327,8644
923,2016-12-09,338,8677,9015
923,2016-12-10,96,6234,6330
923,2016-12-11,19,5514,5533
923,2016-12-12,280,7970,8250
923,2016-12-14,335,8393,8728
923,2016-12-15,358,8418,8776
923,2016-12-16,305,8662,8967
923,2016-12-17,89,6260,6349
923,2016-12-19,310,8219,8529
923,2016-12-20,326,8611,8937
923,2016-12-21,321,8526,8847
923,2016-12-22,303,7930,8233
923,2016-12-24,62,4500,4562
923,2016-12-25,13,3384,3397
923,2016-12-26,35,4647,4682
923,2016-12-27,173,5781,5954
923,2016-12-28,186,5951,6137
923,2016-12-30,164,5943,6107
923,2016-12-31,76,4076,4152
926,2016-01-01,134,8864,8998
926,2016-01-02,368,12849,13217
926,2016-01-03,68,11296,11364
926,2016-01-05,440,18858,19298
926,2016-01-06,534,18076,18610
926,2016-01-07,450,19644,20094
926,2016-01-08,583,18760,19343
926,2016-01-10,72,11418,11490
926,2016-01-11,476,18538,19014
926,2016-01-12,514,18625,19139
926,2016-01-13,593,18222,18815
926,2016-01-15,448,17193,17641
926,2016-01-16,390,15219,15609
926,2016-01-17,147,10583,10730
926,2016-01-18,598,17858,18456
926,2016-01-20,604,18473,19077
926,2016-01-21,597,19034,19631
926,2016-01-22,643,18122,18765
926,2016-01-23,373,15787,16160
926,2016-01-25,544,18471,19015
926,2016-01-26,633,19086,19719
926,2016-01-27,606,19506,20112
926,2016-01-28,596,19881,20477
926,2016-01-30,300,16674,16974
926,2016-01-31,120,11966,12086
926,2016-02-01,569,19272,19841
926,2016-02-02,523,19767,20290
926,2016-02-04,498,20090,20588
926,2016-02-05,646,20070,20716
926,2016-02-06,436,16981,17417
926,2016-02-07,208,11471,11679
926,2016-02-09,434,17310,17744
926,2016-02-10,575,18087,18662
926,2016-02-11,597,18451,19048
926,2016-02-12,615,19236,19851
926,2016-02-14,177,10936,11113
926,2016-02-15,625,18315,18940
926,2016-02-16,678,19384,20062
926,2016-02-17,649,18917,19566
926,2016-02-19,640,19820,20460
926,2016-02-20,298,16650,16948
926,2016-02-21,136,11920,12056
926,2016-02-22,621,18824,19445
926,2016-02-24,633,19408,20041
926,2016-02-25,643,20268,20911
926,2016-02-26,695,20661,21356
926,2016-02-27,476,18407,18883
926,2016-02-29,656,19405,20061
926,2016-03-01,641,19031,19672
926,2016-03-02,566,19271,19837
926,2016-03-03,619,19597,20216
926,2016-03-05,431,16161,16592
926,2016-03-06,156,11951,12107
926,2016-03-07,609,18899,19508
926,2016-03-08,601,19221,19822
926,2016-03-10,648,19869,20517
926,2016-03-11,631,20764,21395
926,2016-03-12,438,18021,18459
926,2016-03-13,241,14042,14283
926,2016-03-15,654,19592,20246
926,2016-03-16,672,19315,19987
926,2016-03-17,596,19955,20551
926,2016-03-18,642,20313,20955
926,2016-03-20,221,13620,13841
926,2016-03-21,677,19227,19904
926,2016-03-22,675,19667,20342
926,2016-03-23,673,19777,20450
926,2016-03-25,561,20730,21291
926,2016-03-26,450,17824,18274
926,2016-03-28,62,10068,10130
926,2016-03-31,496,19151,19647
926,2016-04-01,611,19406,20017
926,2016-04-02,472,17269,17741
926,2016-04-04,600,19013,19613
926,2016-04-05,514,19187,19701
926,2016-04-06,608,19334,19942
926,2016-04-07,438,20596,21034
926,2016-04-09,487,17926,18413
926,2016-04-10,250,14411,14661
926,2016-04-11,640,19019,19659
926,2016-04-12,514,21436,21950
926,2016-04-14,683,20359,21042
926,2016-04-15,598,20184,20782
926,2016-04-16,470,18023,18493
926,2016-04-17,216,13932,14148
926,2016-04-19,669,20323,20992
926,2016-04-20,637,19875,20512
926,2016-04-21,650,20571,21221
926,2016-04-22,705,20978,21683
926,2016-04-24,201,13097,13298
926,2016-04-25,598,18961,19559
926,2016-04-26,654,17184,17838
926,2016-04-27,651,19881,20532
926,2016-04-29,639,20936,21575
926,2016-04-30,391,18030,18421
926,2016-05-01,222,13127,13349
926,2016-05-02,684,19849,20533
926,2016-05-04,722,21299,22021
926,2016-05-05,223,13282,13505
926,2016-05-06,612,20700,21312
926,2016-05-07,460,18648,19108
926,2016-05-08,272,15139,15411
926,2016-05-10,595,19881,20476
926,2016-05-11,628,20425,21053
926,2016-05-12,654,20476,21130
926,2016-05-13,554,22356,22910
926,2016-05-15,193,12551,12744
926,2016-05-16,171,10930,11101
926,2016-05-17,633,20233,20866
926,2016-05-18,633,19534,20167
926,2016-05-20,717,20181,20898
926,2016-05-21,521,19218,19739
926,2016-05-22,104,15346,15450
926,2016-05-23,568,19318,19886
926,2016-05-25,655,20015,20670
926,2016-05-26,582,21744,22326
926,2016-05-27,594,22874,23468
926,2016-05-28,324,19164,19488
926,2016-05-30,416,20302,20718
926,2016-05-31,619,19873,20492
926,2016-06-01,548,21148,21696
926,2016-06-02,619,20066,20685
926,2016-06-04,322,18222,18544
926,2016-06-05,191,13548,13739
926,2016-06-06,560,19356,19916
926,2016-06-07,492,20444,20936
926,2016-06-09,624,20741,21365
926,2016-06-10,546,21708,22254
926,2016-06-11,463,17787,18250
926,2016-06-12,88,14220,14308
926,2016-06-14,565,19598,20163
926,2016-06-15,596,20676,21272
926,2016-06-16,592,20392,20984
926,2016-06-17,700,20108,20808
926,2016-06-19,202,13280,13482
926,2016-06-20,725,19414,20139
926,2016-06-21,710,19954,20664
926,2016-06-22,683,20510,21193
926,2016-06-24,635,19221,19856
926,2016-06-25,398,16468,16866
926,2016-06-26,227,14153,14380
926,2016-06-27,629,18981,19610
926,2016-06-29,634,20245,20879
926,2016-06-30,630,20476,21106
926,2016-07-01,641,20600,21241
926,2016-07-02,472,17870,18342
926,2016-07-04,522,19689,20211
926,2016-07-05,610,20119,20729
926,2016-07-06,613,20431,21044
926,2016-07-07,611,20796,21407
926,2016-07-09,488,19769,20257
926,2016-07-10,225,14455,14680
926,2016-07-11,609,20258,20867
926,2016-07-12,654,20757,21411
926,2016-07-14,651,20363,21014
926,2016-07-15,640,20910,21550
926,2016-07-16,474,18036,18510
926,2016-07-17,203,13599,13802
926,2016-07-19,654,18491,19145
926,2016-07-20,597,18360,18957
926,2016-07-21,470,19006,19476
926,2016-07-22,575,17511,18086
926,2016-07-24,192,11539,11731
926,2016-07-25,557,17652,18209
926,2016-07-26,517,18026,18543
926,2016-07-27,568,18198,18766
926,2016-07-29,572,18020,18592
926,2016-07-30,382,15042,15424
926,2016-07-31,175,12038,12213
926,2016-08-01,506,15613,16119
926,2016-08-03,498,15560,16058
926,2016-08-04,492,15420,15912
926,2016-08-05,515,15633,16148
926,2016-08-06,369,12430,12799
926,2016-08-08,460,15036,15496
926,2016-08-09,499,15037,15536
926,2016-08-10,477,14843,15320
926,2016-08-11,453,14547,15000
926,2016-08-13,360,12003,12363
926,2016-08-14,138,9111,9249
926,2016-08-15,113,9001,9114
926,2016-08-16,507,15242,15749
926,2016-08-18,462,15232,15694
926,2016-08-19,461,15439,15900
926,2016-08-20,280,14212,14492
926,2016-08-21,150,9893,10043
926,2016-08-23,500,16836,17336
926,2016-08-24,496,16544,17040
926,2016-08-25,489,16516,17005
926,2016-08-26,538,17184,17722
926,2016-08-28,163,10902,11065
926,2016-08-29,637,16955,17592
926,2016-08-30,664,17859,18523
926,2016-08-31,624,18182,18806
926,2016-09-02,639,19328,19967
926,2016-09-03,513,16126,16639
926,2016-09-04,84,11988,12072
926,2016-09-05,522,17769,18291
926,2016-09-07,551,18393,18944
926,2016-09-08,602,19277,19879
926,2016-09-09,590,19054,19644
926,2016-09-10,408,15864,16272
926,2016-09-12,601,18826,19427
926,2016-09-13,667,19140,19807
926,2016-09-14,621,18800,19421
926,2016-09-15,644,19720,20364
926,2016-09-17,445,17669,18114
926,2016-09-18,202,12811,13013
926,2016-09-19,704,19349,20053
926,2016-09-20,716,19491,20207
926,2016-09-22,643,19824,20467
926,2016-09-23,714,20500,21214
926,2016-09-24,483,18300,18783
926,2016-09-25,211,13861,14072
926,2016-09-27,663,19954,20617
926,2016-09-28,673,19504,20177
926,2016-09-29,644,20068,20712
926,2016-09-30,646,20478,21124
926,2016-10-02,175,12851,13026
926,2016-10-03,648,19391,20039
926,2016-10-04,641,19985,20626
926,2016-10-05,679,19471,20150
926,2016-10-06,666,19688,20354
926,2016-10-08,457,17329,17786
926,2016-10-09,188,12385,12573
926,2016-10-10,695,19108,19803
926,2016-10-11,723,19738,20461
926,2016-10-13,720,19801,20521
926,2016-10-14,705,20521,21226
926,2016-10-15,483,17257,17740
926,2016-10-16,201,13494,13695
926,2016-10-18,646,19879,20525
926,2016-10-19,623,19295,19918
926,2016-10-20,640,19940,20580
926,2016-10-21,704,20674,21378
926,2016-10-23,208,13363,13571
926,2016-10-24,443,18421,18864
926,2016-10-25,580,18920,19500
926,2016-10-26,600,19023,19623
926,2016-10-28,586,19683,20269
926,2016-10-29,483,14316,14799
926,2016-10-30,166,11101,11267
926,2016-10-31,581,15321,15902
926,2016-11-02,593,15390,15983
926,2016-11-03,655,15889,16544
926,2016-11-04,619,17822,18441
926,2016-11-05,469,17176,17645
926,2016-11-07,523,18363,18886
926,2016-11-08,651,18881,19532
926,2016-11-09,513,18592,19105
926,2016-11-10,594,19133,19727
926,2016-11-12,454,17841,18295
926,2016-11-13,163,11983,12146
926,2016-11-14,549,18593,19142
926,2016-11-15,543,19436,19979
926,2016-11-17,584,19258,19842
926,2016-11-18,408,21360,21768
926,2016-11-19,448,17601,18049
926,2016-11-20,78,13004,13082
926,2016-11-22,635,19076,19711
926,2016-11-23,552,19485,20037
926,2016-11-24,474,21004,21478
926,2016-11-25,632,20435,21067
926,2016-11-27,207,14136,14343
926,2016-11-28,595,19082,19677
926,2016-11-29,612,19481,20093
926,2016-11-30,652,19154,19806
926,2016-12-02,630,20171,20801
926,2016-12-03,433,17314,17747
926,2016-12-04,177,13789,13966
926,2016-12-05,630,19054,19684
926,2016-12-07,622,18971,19593
926,2016-12-08,595,19472,20067
926,2016-12-09,634,20136,20770
926,2016-12-10,415,17786,18201
926,2016-12-12,594,19309,19903
926,2016-12-13,586,18814,19400
926,2016-12-14,567,19315,19882
926,2016-12-15,571,19518,20089
926,2016-12-17,441,17903,18344
926,2016-12-18,178,13549,13727
926,2016-12-19,621,19036,19657
926,2016-12-20,596,19462,20058
926,2016-12-22,482,20181,20663
926,2016-12-23,628,20255,20883
926,2016-12-24,357,14953,15310
926,2016-12-25,109,9356,9465
926,2016-12-27,447,15943,16390
926,2016-12-28,432,15585,16017
926,2016-12-29,437,16022,16459
926,2016-12-30,468,16189,16657
927,2016-01-01,39,3476,3515
927,2016-01-02,110,5122,5232
927,2016-01-03,46,3986,4032
927,2016-01-05,508,10456,10964
927,2016-01-06,586,9209,9795
927,2016-01-07,526,11066,11592
927,2016-01-08,737,9976,10713
927,2016-01-10,44,4208,4252
927,2016-01-11,792,11582,12374
927,2016-01-12,962,12674,13636
927,2016-01-13,904,11440,12344
927,2016-01-15,362,7500,7862
927,2016-01-16,118,5738,5856
927,2016-01-17,57,4057,4114
927,2016-01-18,708,9489,10197
927,2016-01-20,799,9439,10238
927,2016-01-21,799,10268,11067
927,2016-01-22,874,10476,11350
927,2016-01-23,182,5821,6003
927,2016-08-06,162,6280,6442
927,2016-08-07,132,5584,5716
927,2016-08-08,375,8215,8590
927,2016-08-09,452,7996,8448
927,2016-08-10,353,8096,8449
927,2016-08-11,341,8472,8813
927,2016-08-12,335,8106,8441
927,2016-08-13,189,5931,6120
927,2016-08-14,95,5169,5264
927,2016-08-15,122,4587,4709
927,2016-08-16,354,7987,8341
927,2016-08-17,2,109,111
927,2016-08-25,229,5491,5720
927,2016-08-26,235,5334,5569
927,2016-08-27,68,3259,3327
927,2016-08-28,8,2605,2613
927,2016-08-29,288,5698,5986
927,2016-08-30,306,5931,6237
927,2016-08-31,282,5736,6018
927,2016-09-01,349,6079,6428
927,2016-09-02,312,5969,6281
927,2016-09-03,94,3839,3933
927,2016-09-04,23,2451,2474
927,2016-09-05,307,5834,6141
927,2016-09-06,326,6384,6710
927,2016-09-07,352,6131,6483
927,2016-09-08,395,6251,6646
927,2016-09-09,356,6638,6994
927,2016-09-10,197,4126,4323
927,2016-09-11,17,3122,3139
927,2016-09-12,372,8659,9031
927,2016-09-13,501,10388,10889
927,2016-09-14,491,10510,11001
927,2016-09-15,581,11333,11914
927,2016-09-16,526,11294,11820
927,2016-09-17,237,7241,7478
927,2016-09-18,55,5205,5260
927,2016-09-19,631,10909,11540
927,2016-09-20,658,11961,12619
927,2016-09-21,522,11596,12118
927,2016-09-22,625,12225,12850
927,2016-09-23,710,12239,12949
927,2016-09-24,322,8716,9038
927,2016-09-25,71,6171,6242
927,2016-09-26,547,11442,11989
927,2016-09-27,566,12264,12830
927,2016-09-28,618,11998,12616
927,2016-09-29,632,12804,13436
927,2016-09-30,685,12401,13086
927,2016-10-01,219,7320,7539
927,2016-10-02,40,5078,5118
927,2016-10-03,640,11427,12067
927,2016-10-04,625,11852,12477
927,2016-10-05,734,11429,12163
927,2016-10-06,713,12241,12954
927,2016-10-07,802,11900,12702
927,2016-10-08,444,7411,7855
927,2016-10-09,150,6262,6412
927,2016-10-10,768,11224,11992
927,2016-10-11,658,11953,12611
927,2016-10-12,594,11554,12148
927,2016-10-13,606,12146,12752
927,2016-10-14,754,11890,12644
927,2016-10-15,262,6887,7149
927,2016-10-16,58,5216,5274
927,2016-10-17,575,10944,11519
927,2016-10-18,665,11932,12597
927,2016-10-19,615,11751,12366
927,2016-10-20,645,12078,12723
927,2016-10-21,599,11958,12557
927,2016-10-22,325,7580,7905
927,2016-10-23,54,5129,5183
927,2016-10-24,543,11093,11636
927,2016-10-25,596,11482,12078
927,2016-10-26,716,12156,12872
927,2016-10-27,575,12123,12698
927,2016-10-28,570,12155,12725
927,2016-10-29,238,6939,7177
927,2016-10-30,62,4989,5051
927,2016-11-01,56,4913,4969
927,2016-11-02,577,10406,10983
927,2016-11-03,501,11676,12177
927,2016-11-04,512,10881,11393
927,2016-11-05,247,7147,7394
927,2016-11-06,78,4597,4675
927,2016-11-07,548,11189,11737
927,2016-11-08,596,11661,12257
927,2016-11-09,577,11661,12238
927,2016-11-10,572,12297,12869
927,2016-11-11,548,12509,13057
927,2016-11-12,184,7270,7454
927,2016-11-13,49,4506,4555
927,2016-11-14,522,11192,11714
927,2016-11-15,589,11831,12420
927,2016-11-16,516,11455,11971
927,2016-11-17,491,11931,12422
927,2016-11-18,589,11816,12405
927,2016-11-19,209,7095,7304
927,2016-11-20,33,4738,4771
927,2016-11-21,531,11052,11583
927,2016-11-22,505,11436,11941
927,2016-11-23,537,11173,11710
927,2016-11-24,472,11803,12275
927,2016-11-25,514,12680,13194
927,2016-11-26,197,7121,7318
927,2016-11-27,49,4915,4964
927,2016-11-28,518,11288,11806
927,2016-11-29,581,12062,12643
927,2016-11-30,564,11919,12483
927,2016-12-01,526,11970,12496
927,2016-12-02,531,11954,12485
927,2016-12-03,207,7117,7324
927,2016-12-04,59,4740,4799
927,2016-12-05,473,11063,11536
927,2016-12-06,538,11374,11912
927,2016-12-07,513,11573,12086
927,2016-12-08,548,12118,12666
927,2016-12-09,523,12113,12636
927,2016-12-10,153,7002,7155
927,2016-12-11,50,4993,5043
927,2016-12-12,525,10751,11276
927,2016-12-13,527,11434,11961
927,2016-12-14,509,11528,12037
927,2016-12-15,609,12061,12670
927,2016-12-16,562,11982,12544
927,2016-12-17,164,7242,7406
927,2016-12-18,40,4936,4976
927,2016-12-19,543,11048,11591
927,2016-12-20,553,11781,12334
927,2016-12-21,526,11258,11784
927,2016-12-22,456,11630,12086
927,2016-12-23,357,10085,10442
927,2016-12-24,58,5613,5671
927,2016-12-25,9,3730,3739
927,2016-12-26,5,3502,3507
927,2016-12-27,148,6434,6582
927,2016-12-28,155,6528,6683
927,2016-12-29,145,6751,6896
927,2016-12-30,132,6388,6520
927,2016-12-31,46,4325,4371
928,2016-01-01,29,4462,4491
928,2016-01-02,132,5985,6117
928,2016-01-04,204,9082,9286
928,2016-01-05,184,9418,9602
928,2016-01-06,176,9370,9546
928,2016-01-07,216,9830,10046
928,2016-01-09,141,7716,7857
928,2016-01-10,30,6114,6144
928,2016-01-11,224,10082,10306
928,2016-01-12,178,9942,10120
928,2016-01-14,251,9573,9824
928,2016-01-15,208,8228,8436
928,2016-01-16,170,6821,6991
928,2016-01-17,42,5458,5500
928,2016-01-19,224,9567,9791
928,2016-01-20,196,9543,9739
928,2016-01-21,213,9905,10118
928,2016-01-22,192,8984,9176
928,2016-01-24,37,5864,5901
928,2016-01-25,211,9948,10159
928,2016-01-26,209,10122,10331
928,2016-01-27,201,10222,10423
928,2016-01-29,207,10789,10996
928,2016-01-30,140,8118,8258
928,2016-01-31,30,6652,6682
928,2016-02-01,209,10382,10591
928,2016-02-03,192,10286,10478
928,2016-02-04,190,10278,10468
928,2016-02-05,233,10483,10716
928,2016-02-06,151,7816,7967
928,2016-02-08,184,8982,9166
928,2016-02-09,184,8730,8914
928,2016-02-10,204,9322,9526
928,2016-02-11,201,9246,9447
928,2016-02-13,160,7912,8072
928,2016-02-14,46,7076,7122
928,2016-02-15,217,9597,9814
928,2016-02-16,197,10144,10341
928,2016-02-18,210,10038,10248
928,2016-02-19,202,10073,10275
928,2016-02-20,148,7954,8102
928,2016-02-21,38,6056,6094
928,2016-02-23,210,10336,10546
928,2016-02-24,218,10029,10247
928,2016-02-25,237,10406,10643
928,2016-02-26,221,10609,10830
928,2016-02-28,41,6505,6546
928,2016-02-29,204,10324,10528
928,2016-03-01,210,10360,10570
928,2016-03-02,188,10506,10694
928,2016-03-04,160,9920,10080
928,2016-03-05,168,8209,8377
928,2016-03-06,34,6396,6430
928,2016-03-07,210,10011,10221
928,2016-03-09,228,10362,10590
928,2016-03-10,247,10286,10533
928,2016-03-11,228,10811,11039
928,2016-03-12,169,8849,9018
928,2016-03-14,238,10260,10498
928,2016-03-15,226,10397,10623
928,2016-03-16,242,10022,10264
928,2016-03-17,231,10611,10842
928,2016-03-19,160,8385,8545
928,2016-03-20,48,6564,6612
928,2016-03-21,210,10407,10617
928,2016-03-22,207,10736,10943
928,2016-03-24,208,10684,10892
928,2016-03-25,253,10994,11247
928,2016-03-26,149,8166,8315
928,2016-03-30,186,9440,9626
928,2016-03-31,198,9352,9550
928,2016-04-01,214,9450,9664
928,2016-04-03,35,6472,6507
928,2016-04-04,218,9302,9520
928,2016-04-05,257,9361,9618
928,2016-04-06,214,9664,9878
928,2016-04-08,206,9956,10162
928,2016-04-09,166,8342,8508
928,2016-04-10,45,6682,6727
928,2016-04-11,240,9934,10174
928,2016-04-13,236,10277,10513
928,2016-04-14,200,10788,10988
928,2016-04-15,190,11326,11516
928,2016-04-16,192,9366,9558
928,2016-04-18,213,10728,10941
928,2016-04-19,217,11019,11236
928,2016-04-20,247,11105,11352
928,2016-04-21,242,11312,11554
928,2016-04-23,148,9216,9364
928,2016-04-24,32,7090,7122
928,2016-04-25,194,11258,11452
928,2016-04-26,202,11422,11624
928,2016-04-28,235,11170,11405
928,2016-04-29,249,11406,11655
928,2016-04-30,162,9508,9670
928,2016-05-01,34,7144,7178
928,2016-05-03,196,11162,11358
928,2016-05-04,250,11385,11635
928,2016-05-05,46,6414,6460
928,2016-05-06,231,10549,10780
928,2016-05-08,50,7253,7303
928,2016-05-09,235,10535,10770
928,2016-05-10,205,10754,10959
928,2016-05-11,209,10994,11203
928,2016-05-13,198,11014,11212
928,2016-05-14,254,8569,8823
928,2016-05-15,98,6250,6348
928,2016-05-16,90,5696,5786
928,2016-05-18,298,10072,10370
928,2016-05-19,308,9985,10293
928,2016-05-20,322,10436,10758
928,2016-05-21,261,8785,9046
928,2016-05-23,200,10776,10976
928,2016-05-24,207,10724,10931
928,2016-05-25,230,10572,10802
928,2016-05-26,212,11338,11550
928,2016-05-28,166,9366,9532
928,2016-05-29,42,7414,7456
928,2016-05-30,156,10302,10458
928,2016-05-31,193,10727,10920
928,2016-06-02,212,11134,11346
928,2016-06-03,204,11666,11870
928,2016-06-04,152,11082,11234
928,2016-06-05,56,8582,8638
928,2016-06-08,218,10747,10965
928,2016-06-09,225,11132,11357
928,2016-06-10,229,11503,11732
928,2016-06-12,34,8682,8716
928,2016-06-13,214,11570,11784
928,2016-06-14,224,12128,12352
928,2016-06-15,222,12270,12492
928,2016-06-17,236,12802,13038
928,2016-06-18,197,9737,9934
928,2016-06-19,78,8005,8083
928,2016-06-20,248,11216,11464
928,2016-06-22,213,11444,11657
928,2016-06-23,49,6969,7018
928,2016-06-24,228,10478,10706
928,2016-06-25,162,8224,8386
928,2016-06-27,228,10509,10737
928,2016-06-28,231,11067,11298
928,2016-06-29,247,11055,11302
928,2016-06-30,223,11210,11433
928,2016-07-02,158,8917,9075
928,2016-07-03,53,6727,6780
928,2016-07-04,201,10720,10921
928,2016-07-05,201,10932,11133
928,2016-07-07,223,11157,11380
928,2016-07-08,226,11225,11451
928,2016-07-09,170,8931,9101
928,2016-07-10,65,8321,8386
928,2016-07-12,184,11296,11480
928,2016-07-13,188,10862,11050
928,2016-07-14,180,11246,11426
928,2016-07-15,195,11073,11268
928,2016-07-17,57,6849,6906
928,2016-07-18,218,10021,10239
928,2016-07-19,195,10718,10913
928,2016-07-20,203,10806,11009
928,2016-07-22,270,9690,9960
928,2016-07-23,158,8140,8298
928,2016-07-24,41,6671,6712
928,2016-07-25,213,9542,9755
928,2016-07-27,189,9947,10136
928,2016-07-28,212,9438,9650
928,2016-07-29,205,8601,8806
928,2016-07-30,161,6497,6658
928,2016-08-01,203,7476,7679
928,2016-08-02,204,7254,7458
928,2016-08-03,223,7453,7676
928,2016-08-04,209,7112,7321
928,2016-08-06,126,5689,5815
928,2016-08-07,35,5287,5322
928,2016-08-08,196,6812,7008
928,2016-08-09,192,7104,7296
928,2016-08-11,195,6745,6940
928,2016-08-12,193,7111,7304
928,2016-08-13,148,5763,5911
928,2016-08-14,53,5052,5105
928,2016-08-16,177,7201,7378
928,2016-08-17,195,7164,7359
928,2016-08-18,191,6961,7152
928,2016-08-19,184,7225,7409
928,2016-08-21,35,4966,5001
928,2016-08-22,181,8175,8356
928,2016-08-23,175,8712,8887
928,2016-08-24,200,8884,9084
928,2016-08-26,192,8818,9010
928,2016-08-27,178,7474,7652
928,2016-08-28,46,6448,6494
928,2016-08-29,182,8850,9032
928,2016-08-31,199,9265,9464
928,2016-09-01,179,9424,9603
928,2016-09-02,209,9526,9735
928,2016-09-03,161,7767,7928
928,2016-09-05,197,9344,9541
928,2016-09-06,183,9618,9801
928,2016-09-07,188,9793,9981
928,2016-09-08,192,9782,9974
928,2016-09-10,136,8019,8155
928,2016-09-11,67,6749,6816
928,2016-09-12,182,10315,10497
928,2016-09-13,202,10570,10772
928,2016-09-15,221,10659,10880
928,2016-09-16,194,11088,11282
928,2016-09-17,164,8337,8501
928,2016-09-18,48,7006,7054
928,2016-09-20,228,10590,10818
928,2016-09-21,200,8733,8933
928,2016-09-22,70,4066,4136
928,2016-09-23,185,8012,8197
928,2016-09-25,43,7124,7167
928,2016-09-26,217,10148,10365
928,2016-09-27,204,10740,10944
928,2016-09-28,217,10375,10592
928,2016-09-30,190,11104,11294
928,2016-10-01,184,8698,8882
928,2016-10-02,72,7113,7185
928,2016-10-03,204,10629,10833
928,2016-10-05,207,10554,10761
928,2016-10-06,230,10754,10984
928,2016-10-07,226,10894,11120
928,2016-10-08,206,8644,8850
928,2016-10-10,232,10374,10606
928,2016-10-11,218,10678,10896
928,2016-10-12,228,10545,10773
928,2016-10-13,228,10768,10996
928,2016-10-15,181,8819,9000
928,2016-10-16,42,7007,7049
928,2016-10-17,204,10394,10598
928,2016-10-18,174,10974,11148
928,2016-10-20,226,10990,11216
928,2016-10-21,231,10986,11217
928,2016-10-22,179,9587,9766
928,2016-10-23,58,7135,7193
928,2016-10-25,241,10981,11222
928,2016-10-26,225,10931,11156
928,2016-10-27,224,11216,11440
928,2016-10-28,281,11791,12072
928,2016-10-30,89,7082,7171
928,2016-10-31,296,9511,9807
928,2016-11-01,82,6899,6981
928,2016-11-02,294,10210,10504
928,2016-11-04,309,9994,10303
928,2016-11-05,286,8538,8824
928,2016-11-06,93,6317,6410
928,2016-11-07,224,10394,10618
928,2016-11-09,190,10736,10926
928,2016-11-10,200,11050,11250
928,2016-11-11,198,11188,11386
928,2016-11-12,158,8993,9151
928,2016-11-14,211,10323,10534
928,2016-11-15,176,10617,10793
928,2016-11-16,198,10476,10674
928,2016-11-17,224,11144,11368
928,2016-11-19,164,8627,8791
928,2016-11-20,36,6858,6894
928,2016-11-21,183,10410,10593
928,2016-11-22,200,10497,10697
928,2016-11-24,205,10826,11031
928,2016-11-25,209,11395,11604
928,2016-11-26,181,8374,8555
928,2016-11-27,46,6940,6986
928,2016-11-29,217,10693,10910
928,2016-11-30,229,10400,10629
928,2016-12-01,215,10657,10872
928,2016-12-02,213,10980,11193
928,2016-12-04,55,6758,6813
928,2016-12-05,210,10288,10498
928,2016-12-06,217,10161,10378
928,2016-12-07,224,10226,10450
928,2016-12-09,214,11180,11394
928,2016-12-10,179,8555,8734
928,2016-12-11,75,6592,6667
928,2016-12-12,227,10190,10417
928,2016-12-14,223,10552,10775
928,2016-12-15,203,10793,10996
928,2016-12-16,226,11404,11630
928,2016-12-17,161,9434,9595
928,2016-12-19,241,10201,10442
928,2016-12-20,206,10572,10778
928,2016-12-21,220,10578,10798
928,2016-12-22,163,10543,10706
928,2016-12-24,165,7385,7550
928,2016-12-25,53,5139,5192
928,2016-12-26,50,5460,5510
928,2016-12-27,179,7310,7489
928,2016-12-29,174,7595,7769
928,2016-12-30,169,7751,7920
928,2016-12-31,151,6118,6269
939,2016-01-01,32,4111,4143
939,2016-01-02,66,6291,6357
939,2016-01-03,52,6366,6418
939,2016-01-05,412,10062,10474
939,2016-01-06,408,10089,10497
939,2016-01-07,478,10716,11194
939,2016-01-08,431,10832,11263
939,2016-01-09,121,7125,7246
939,2016-01-10,34,6176,6210
939,2016-01-13,516,11298,11814
939,2016-01-14,465,10196,10661
939,2016-01-15,370,8838,9208
939,2016-01-16,142,6785,6927
939,2016-01-17,32,6666,6698
939,2016-01-18,474,10224,10698
939,2016-01-20,486,10992,11478
939,2016-01-21,477,11106,11583
939,2016-01-22,516,10366,10882
939,2016-01-23,121,6699,6820
939,2016-01-24,34,6740,6774
939,2016-01-26,510,11844,12354
939,2016-01-27,604,12144,12748
939,2016-01-28,690,12090,12780
939,2016-01-29,516,12502,13018
939,2016-01-30,118,7666,7784
939,2016-01-31,34,7216,7250
939,2016-02-02,618,12010,12628
939,2016-02-03,660,12054,12714
939,2016-02-04,660,11592,12252
939,2016-02-05,486,11713,12199
939,2016-02-06,145,7191,7336
939,2016-02-08,370,7368,7738
939,2016-02-09,548,9610,10158
939,2016-02-10,526,10762,11288
939,2016-02-11,498,11263,11761
939,2016-02-12,542,11726,12268
939,2016-02-14,36,6606,6642
939,2016-02-15,526,10948,11474
939,2016-02-16,585,11957,12542
939,2016-02-17,585,11792,12377
939,2016-02-18,590,12412,13002
939,2016-02-19,514,12158,12672
939,2016-02-21,53,8284,8337
939,2016-02-22,618,11570,12188
939,2016-02-23,569,11527,12096
939,2016-02-24,599,11910,12509
939,2016-02-25,601,12456,13057
939,2016-02-27,196,8549,8745
939,2016-02-28,51,7730,7781
939,2016-02-29,622,11791,12413
939,2016-03-01,627,12051,12678
939,2016-03-02,698,12142,12840
939,2016-03-04,495,10800,11295
939,2016-03-05,141,7624,7765
939,2016-03-06,39,6804,6843
939,2016-03-07,573,10893,11466
939,2016-03-08,589,11868,12457
939,2016-03-10,593,12460,13053
939,2016-03-11,599,12690,13289
939,2016-03-12,155,8523,8678
939,2016-03-13,43,8125,8168
939,2016-03-14,624,11526,12150
939,2016-03-15,720,12011,12731
939,2016-03-17,723,12083,12806
939,2016-03-18,679,12912,13591
939,2016-03-19,193,8140,8333
939,2016-03-20,48,7294,7342
939,2016-03-21,610,11464,12074
939,2016-03-23,757,12471,13228
939,2016-03-24,681,12909,13590
939,2016-03-25,620,13520,14140
939,2016-03-26,129,8031,8160
939,2016-03-30,754,12364,13118
939,2016-03-31,629,11949,12578
939,2016-04-01,641,12779,13420
939,2016-04-02,212,8339,8551
939,2016-04-03,44,7463,7507
939,2016-04-04,1021,11807,12828
939,2016-04-05,1124,12252,13376
939,2016-04-06,1472,12544,14016
939,2016-04-07,948,12634,13582
939,2016-04-08,675,12877,13552
939,2016-04-09,173,8642,8815
939,2016-04-10,50,8655,8705
939,2016-04-12,828,12464,13292
939,2016-04-13,686,12160,12846
939,2016-04-14,725,12674,13399
939,2016-04-15,740,13268,14008
939,2016-04-16,162,8930,9092
939,2016-04-18,717,11903,12620
939,2016-04-19,691,12186,12877
939,2016-04-20,711,12169,12880
939,2016-04-21,709,12585,13294
939,2016-04-22,697,13258,13955
939,2016-04-24,46,7487,7533
939,2016-04-25,686,11912,12598
939,2016-04-26,655,12229,12884
939,2016-04-27,718,12662,13380
939,2016-04-28,644,12855,13499
939,2016-04-30,194,9677,9871
939,2016-05-01,62,7804,7866
939,2016-05-02,738,12271,13009
939,2016-05-03,790,13406,14196
939,2016-05-04,696,14045,14741
939,2016-05-05,100,9069,9169
939,2016-05-06,465,11857,12322
939,2016-05-07,179,9843,10022
939,2016-05-08,91,10049,10140
939,2016-05-09,710,12043,12753
939,2016-05-10,736,12568,13304
939,2016-05-11,734,12495,13229
939,2016-05-12,707,12963,13670
939,2016-05-14,263,9614,9877
939,2016-05-15,95,8717,8812
939,2016-05-16,159,8359,8518
939,2016-05-17,796,12564,13360
939,2016-05-18,866,12652,13518
939,2016-05-20,703,13674,14377
939,2016-05-21,241,8701,8942
939,2016-05-22,130,7958,8088
939,2016-05-23,667,12244,12911
939,2016-05-24,690,12646,13336
939,2016-05-25,735,12717,13452
939,2016-05-27,724,13968,14692
939,2016-05-28,205,9051,9256
939,2016-05-29,54,8178,8232
939,2016-05-30,726,11994,12720
939,2016-05-31,638,12636,13274
939,2016-06-02,802,13296,14098
939,2016-06-03,680,13195,13875
939,2016-06-04,188,9406,9594
939,2016-06-05,74,8730,8804
939,2016-06-06,940,12522,13462
939,2016-06-08,634,12516,13150
939,2016-06-09,717,13100,13817
939,2016-06-10,672,14439,15111
939,2016-06-11,213,9527,9740
939,2016-06-12,78,8386,8464
939,2016-06-14,776,13124,13900
939,2016-06-15,844,13124,13968
939,2016-06-16,824,13374,14198
939,2016-06-17,744,13704,14448
939,2016-06-18,140,8700,8840
939,2016-06-19,62,7832,7894
939,2016-06-21,704,13016,13720
939,2016-06-22,648,12690,13338
939,2016-06-23,243,6604,6847
939,2016-06-24,474,10555,11029
939,2016-06-25,178,8776,8954
939,2016-06-26,40,7930,7970
939,2016-06-28,634,12644,13278
939,2016-06-29,577,12731,13308
939,2016-06-30,818,13666,14484
939,2016-07-01,708,14382,15090
939,2016-07-02,170,9834,10004
939,2016-07-03,54,9218,9272
939,2016-07-04,590,11680,12270
939,2016-07-05,585,12447,13032
939,2016-07-06,612,12383,12995
939,2016-07-07,652,12747,13399
939,2016-07-09,140,9496,9636
939,2016-07-10,51,8590,8641
939,2016-07-11,590,12204,12794
939,2016-07-12,824,13592,14416
939,2016-07-13,760,13190,13950
939,2016-07-14,702,14120,14822
939,2016-07-15,573,13371,13944
939,2016-07-16,161,9560,9721
939,2016-07-17,63,8687,8750
939,2016-07-18,521,12403,12924
939,2016-07-19,562,12434,12996
939,2016-07-20,540,12608,13148
939,2016-07-21,638,13664,14302
939,2016-07-22,618,13990,14608
939,2016-07-23,246,10068,10314
939,2016-07-24,73,8766,8839
939,2016-07-25,599,12539,13138
939,2016-07-26,684,14102,14786
939,2016-07-27,580,13117,13697
939,2016-07-28,612,13366,13978
939,2016-07-29,682,12740,13422
939,2016-07-30,135,9885,10020
939,2016-07-31,74,8781,8855
939,2016-08-01,426,10249,10675
939,2016-08-02,512,10466,10978
939,2016-08-03,491,10662,11153
939,2016-08-04,423,10446,10869
939,2016-08-05,324,11090,11414
939,2016-08-06,94,8946,9040
939,2016-08-07,71,9247,9318
939,2016-08-08,277,9864,10141
939,2016-08-12,617,11171,11788
939,2016-08-13,319,9111,9430
939,2016-08-14,176,8222,8398
939,2016-08-15,232,8300,8532
939,2016-08-16,783,10217,11000
939,2016-08-17,781,10837,11618
939,2016-08-19,700,10618,11318
939,2016-08-20,307,8994,9301
939,2016-08-21,160,8308,8468
939,2016-08-22,797,11201,11998
939,2016-08-23,974,11991,12965
939,2016-08-24,977,12413,13390
939,2016-08-26,896,12943,13839
939,2016-08-27,381,9535,9916
939,2016-08-28,177,8854,9031
939,2016-08-29,987,11846,12833
939,2016-08-30,1030,12479,13509
939,2016-08-31,969,12223,13192
939,2016-09-02,934,12791,13725
939,2016-09-03,319,8905,9224
939,2016-09-04,160,7882,8042
939,2016-09-05,947,11850,12797
939,2016-09-06,958,12204,13162
939,2016-09-07,1023,12451,13474
939,2016-09-08,992,12843,13835
939,2016-09-09,909,13157,14066
939,2016-09-10,320,9411,9731
939,2016-09-11,141,9023,9164
939,2016-09-12,955,12104,13059
939,2016-09-13,988,12643,13631
939,2016-09-14,984,12798,13782
939,2016-09-15,962,13044,14006
939,2016-09-16,792,13416,14208
939,2016-09-17,280,9913,10193
939,2016-09-18,69,8489,8558
939,2016-09-19,804,12107,12911
939,2016-09-20,848,12852,13700
939,2016-09-21,870,12573,13443
939,2016-09-22,872,13012,13884
939,2016-09-23,811,13393,14204
939,2016-09-24,284,9787,10071
939,2016-09-26,791,11978,12769
939,2016-09-27,836,12572,13408
939,2016-09-28,896,12316,13212
939,2016-09-29,852,12873,13725
939,2016-09-30,837,13717,14554
939,2016-10-01,228,8496,8724
939,2016-10-25,1416,11695,13111
939,2016-10-26,1442,11914,13356
939,2016-10-27,1415,12262,13677
939,2016-10-28,1424,12644,14068
939,2016-10-29,426,8549,8975
939,2016-10-30,131,8338,8469
939,2016-11-01,170,7345,7515
939,2016-11-02,1343,11632,12975
939,2016-11-03,1436,11682,13118
939,2016-11-04,1450,11660,13110
939,2016-11-05,403,7570,7973
939,2016-11-06,124,7823,7947
939,2016-11-07,1332,10584,11916
939,2016-11-08,1374,11354,12728
939,2016-11-09,1109,6851,7960
939,2016-11-10,1354,11726,13080
939,2016-11-11,1163,11857,13020
939,2016-11-12,330,7836,8166
939,2016-11-13,114,6748,6862
939,2016-11-14,1493,11001,12494
939,2016-11-15,1484,11417,12901
939,2016-11-16,1509,11322,12831
939,2016-11-17,1394,11716,13110
939,2016-11-18,1314,11928,13242
939,2016-11-19,375,7813,8188
939,2016-11-20,106,6633,6739
939,2016-11-21,1138,10271,11409
939,2016-11-22,1342,11244,12586
939,2016-11-23,1340,11374,12714
939,2016-11-24,1396,11869,13265
939,2016-11-25,1395,11876,13271
939,2016-11-26,411,8375,8786
939,2016-11-27,116,7405,7521
939,2016-11-28,1507,10788,12295
939,2016-11-29,1627,11282,12909
939,2016-11-30,1514,11316,12830
939,2016-12-01,1439,11520,12959
939,2016-12-02,1304,11438,12742
939,2016-12-03,362,8103,8465
939,2016-12-04,179,7663,7842
939,2016-12-05,1394,10992,12386
939,2016-12-06,1403,11266,12669
939,2016-12-07,1359,10707,12066
939,2016-12-08,1253,10484,11737
939,2016-12-09,1401,11754,13155
939,2016-12-10,368,7997,8365
939,2016-12-11,107,7140,7247
939,2016-12-12,1263,10522,11785
939,2016-12-13,1386,11150,12536
939,2016-12-14,1329,11152,12481
939,2016-12-15,1285,11559,12844
939,2016-12-16,1351,11809,13160
939,2016-12-17,356,7950,8306
939,2016-12-18,96,7326,7422
939,2016-12-19,1325,10766,12091
939,2016-12-20,1344,11489,12833
939,2016-12-21,1351,11296,12647
939,2016-12-22,1141,11620,12761
939,2016-12-23,854,10504,11358
939,2016-12-24,229,5947,6176
939,2016-12-25,46,4789,4835
939,2016-12-26,93,5475,5568
939,2016-12-27,533,7802,8335
939,2016-12-28,562,6553,7115
939,2016-12-29,577,8209,8786
939,2016-12-30,522,7922,8444
939,2016-12-31,243,5418,5661
941,2016-01-01,4,666,670
941,2016-01-02,13,1200,1213
941,2016-01-04,116,2611,2727
941,2016-01-05,117,2669,2786
941,2016-01-06,139,2714,2853
941,2016-01-07,180,2748,2928
941,2016-01-09,19,1512,1531
941,2016-01-10,13,1243,1256
941,2016-01-11,234,2898,3132
941,2016-01-12,208,2790,2998
941,2016-01-14,165,2778,2943
941,2016-01-15,144,2606,2750
941,2016-01-16,40,1412,1452
941,2016-01-17,11,1229,1240
941,2016-01-19,173,2800,2973
941,2016-01-20,168,2676,2844
941,2016-01-21,157,2762,2919
941,2016-01-22,129,2787,2916
941,2016-01-24,14,1243,1257
941,2016-01-25,141,2760,2901
941,2016-01-26,171,2735,2906
941,2016-01-27,170,2831,3001
941,2016-01-29,156,3004,3160
941,2016-01-30,30,1782,1812
941,2016-01-31,15,1306,1321
941,2016-02-01,166,2835,3001
941,2016-02-03,214,2866,3080
941,2016-02-04,154,2784,2938
941,2016-02-05,156,3108,3264
941,2016-02-06,16,1659,1675
941,2016-02-08,150,2038,2188
941,2016-02-10,152,2762,2914
941,2016-02-11,136,2746,2882
941,2016-02-13,26,1516,1542
941,2016-02-14,12,1395,1407
941,2016-02-15,182,2723,2905
941,2016-02-16,195,2851,3046
941,2016-02-18,201,2889,3090
941,2016-02-19,172,2998,3170
941,2016-02-20,44,1810,1854
941,2016-02-21,9,1404,1413
941,2016-02-23,187,2964,3151
941,2016-02-24,177,3026,3203
941,2016-02-25,211,2999,3210
941,2016-02-26,173,3130,3303
941,2016-02-28,9,1412,1421
941,2016-02-29,176,3027,3203
941,2016-03-01,183,2923,3106
941,2016-03-02,188,2966,3154
941,2016-03-04,145,2862,3007
941,2016-03-05,26,1570,1596
941,2016-03-06,12,1306,1318
941,2016-03-07,186,2840,3026
941,2016-03-09,186,3107,3293
941,2016-03-10,199,3073,3272
941,2016-03-11,183,3169,3352
941,2016-03-12,23,2086,2109
941,2016-03-14,191,2895,3086
941,2016-03-15,203,2949,3152
941,2016-03-16,195,3121,3316
941,2016-03-17,206,3181,3387
941,2016-03-19,28,1800,1828
941,2016-03-20,13,1443,1456
941,2016-03-21,205,2958,3163
941,2016-03-22,211,3052,3263
941,2016-03-24,248,3174,3422
941,2016-03-25,181,3136,3317
941,2016-03-26,34,1908,1942
941,2016-03-30,174,2711,2885
941,2016-03-31,204,2878,3082
941,2016-04-01,140,3327,3467
941,2016-04-03,17,1500,1517
941,2016-04-04,137,2767,2904
941,2016-04-05,130,2863,2993
941,2016-04-06,174,2982,3156
941,2016-04-08,151,3037,3188
941,2016-04-09,46,2083,2129
941,2016-04-10,8,1599,1607
941,2016-04-11,191,3040,3231
941,2016-04-13,224,3006,3230
941,2016-04-14,192,3044,3236
941,2016-04-15,142,2580,2722
941,2016-04-16,32,1750,1782
941,2016-04-18,163,3191,3354
941,2016-04-19,196,2976,3172
941,2016-04-20,223,3141,3364
941,2016-04-21,198,3306,3504
941,2016-04-23,48,1988,2036
941,2016-04-24,4,1320,1324
941,2016-04-25,178,2942,3120
941,2016-04-26,182,3156,3338
941,2016-04-28,223,3032,3255
941,2016-04-29,173,3228,3401
941,2016-04-30,19,1855,1874
941,2016-05-01,14,1472,1486
941,2016-05-03,308,3220,3528
941,2016-05-04,243,3434,3677
941,2016-05-05,20,1962,1982
941,2016-05-06,85,2462,2547
941,2016-05-08,9,2011,2020
941,2016-05-09,191,3173,3364
941,2016-05-10,191,3036,3227
941,2016-05-11,164,3277,3441
941,2016-05-13,200,3362,3562
941,2016-05-14,37,2099,2136
941,2016-05-15,8,1476,1484
941,2016-05-16,6,1620,1626
941,2016-05-18,220,3105,3325
941,2016-05-19,229,3210,3439
941,2016-05-20,177,3319,3496
941,2016-05-21,40,2362,2402
941,2016-05-23,194,3203,3397
941,2016-05-24,221,3378,3599
941,2016-05-25,211,3206,3417
941,2016-05-26,198,3356,3554
941,2016-05-28,26,2076,2102
941,2016-05-29,8,1484,1492
941,2016-05-30,156,2992,3148
941,2016-05-31,158,3056,3214
941,2016-06-02,166,3166,3332
941,2016-06-03,142,3350,3492
941,2016-06-04,24,2096,2120
941,2016-06-05,14,1642,1656
941,2016-06-07,182,3168,3350
941,2016-06-08,223,3275,3498
941,2016-06-09,199,3401,3600
941,2016-06-10,175,3482,3657
941,2016-06-12,12,1688,1700
941,2016-06-13,162,3048,3210
941,2016-06-14,204,3116,3320
941,2016-06-15,164,3198,3362
941,2016-06-17,207,3341,3548
941,2016-06-18,35,2098,2133
941,2016-06-19,11,1715,1726
941,2016-06-20,175,3141,3316
941,2016-06-22,210,3273,3483
941,2016-06-23,106,1777,1883
941,2016-06-24,156,2674,2830
941,2016-06-25,16,1776,1792
941,2016-06-27,187,3038,3225
941,2016-06-28,168,3230,3398
941,2016-06-29,174,3310,3484
941,2016-06-30,218,3248,3466
941,2016-07-02,32,2070,2102
941,2016-07-03,6,1797,1803
941,2016-07-04,145,3057,3202
941,2016-07-05,177,3078,3255
941,2016-07-07,200,3314,3514
941,2016-07-08,202,3335,3537
941,2016-07-09,35,2247,2282
941,2016-07-10,19,1881,1900
941,2016-07-12,192,3177,3369
941,2016-07-13,192,3180,3372
941,2016-07-14,132,3138,3270
941,2016-07-15,145,3158,3303
941,2016-07-17,13,1796,1809
941,2016-07-18,133,3045,3178
941,2016-07-19,150,3102,3252
941,2016-07-20,159,3172,3331
941,2016-07-22,106,2920,3026
941,2016-07-23,22,2182,2204
941,2016-07-24,8,1880,1888
941,2016-07-25,127,2953,3080
941,2016-07-27,137,2900,3037
941,2016-07-28,116,3085,3201
941,2016-07-29,98,3155,3253
941,2016-07-30,21,2344,2365
941,2016-08-01,92,2373,2465
941,2016-08-02,112,2438,2550
941,2016-08-03,86,2342,2428
941,2016-08-04,76,2439,2515
941,2016-08-06,28,1823,1851
941,2016-08-07,44,1862,1906
941,2016-08-08,107,2353,2460
941,2016-08-09,109,2283,2392
941,2016-08-11,80,2216,2296
941,2016-08-12,79,2376,2455
941,2016-08-13,28,2021,2049
941,2016-08-14,8,1698,1706
941,2016-08-16,152,2551,2703
941,2016-08-17,145,2709,2854
941,2016-08-18,108,2692,2800
941,2016-08-19,125,2690,2815
941,2016-08-21,12,1766,1778
941,2016-08-22,154,2846,3000
941,2016-08-23,170,2915,3085
941,2016-08-24,147,3109,3256
941,2016-08-26,137,3216,3353
941,2016-08-27,23,2191,2214
941,2016-08-28,17,1804,1821
941,2016-08-29,146,2887,3033
941,2016-08-31,159,3223,3382
941,2016-09-01,154,3116,3270
941,2016-09-02,168,3262,3430
941,2016-09-03,32,1954,1986
941,2016-09-05,164,2904,3068
941,2016-09-06,181,2962,3143
941,2016-09-07,160,3174,3334
941,2016-09-08,177,3096,3273
941,2016-09-10,34,2196,2230
941,2016-09-11,7,1640,1647
941,2016-09-12,173,3076,3249
941,2016-09-13,157,3009,3166
941,2016-09-15,168,3158,3326
941,2016-09-16,149,3294,3443
941,2016-09-17,29,1995,2024
941,2016-09-18,13,1573,1586
941,2016-09-20,185,2910,3095
941,2016-09-21,158,3181,3339
941,2016-09-22,196,3165,3361
941,2016-09-23,146,3199,3345
941,2016-09-25,17,1838,1855
941,2016-09-26,163,3099,3262
941,2016-09-27,174,3077,3251
941,2016-09-28,185,3222,3407
941,2016-09-30,153,3360,3513
941,2016-10-01,34,2188,2222
941,2016-10-02,16,1966,1982
941,2016-10-03,139,2993,3132
941,2016-10-05,182,3056,3238
941,2016-10-06,188,3082,3270
941,2016-10-07,172,3285,3457
941,2016-10-08,34,2129,2163
941,2016-10-10,182,3057,3239
941,2016-10-11,204,3039,3243
941,2016-10-12,204,3067,3271
941,2016-10-13,195,3207,3402
941,2016-10-15,135,1949,2084
941,2016-10-16,36,1756,1792
941,2016-10-17,194,2997,3191
941,2016-10-18,176,2860,3036
941,2016-10-20,152,3088,3240
941,2016-10-21,143,3165,3308
941,2016-10-22,38,1915,1953
941,2016-10-23,16,1512,1528
941,2016-10-25,150,3075,3225
941,2016-10-26,170,3200,3370
941,2016-10-27,165,3121,3286
941,2016-10-28,159,3230,3389
941,2016-10-30,11,1736,1747
941,2016-10-31,65,2208,2273
941,2016-11-01,13,1513,1526
941,2016-11-02,132,2985,3117
941,2016-11-05,35,1899,1934
941,2016-11-06,14,1312,1326
941,2016-11-07,134,2881,3015
941,2016-11-08,150,2992,3142
941,2016-11-10,156,3078,3234
941,2016-11-11,94,2784,2878
941,2016-11-12,27,1770,1797
941,2016-11-13,10,1282,1292
941,2016-11-15,190,2980,3170
941,2016-11-16,158,3043,3201
941,2016-11-17,146,3116,3262
941,2016-11-18,142,3140,3282
941,2016-11-20,8,1261,1269
941,2016-11-21,141,2896,3037
941,2016-11-22,159,2983,3142
941,2016-11-23,165,2922,3087
941,2016-11-25,157,3147,3304
941,2016-11-26,12,1808,1820
941,2016-11-27,9,1329,1338
941,2016-11-28,166,2967,3133
941,2016-11-30,155,3048,3203
941,2016-12-01,192,3092,3284
941,2016-12-02,162,3146,3308
941,2016-12-03,28,1930,1958
941,2016-12-05,156,2907,3063
941,2016-12-06,154,2889,3043
941,2016-12-07,162,3015,3177
941,2016-12-08,175,3045,3220
941,2016-12-10,20,1859,1879
941,2016-12-11,6,1520,1526
941,2016-12-12,153,2871,3024
941,2016-12-13,140,2958,3098
941,2016-12-15,162,3042,3204
941,2016-12-16,152,3117,3269
941,2016-12-17,18,1826,1844
941,2016-12-18,4,1300,1304
941,2016-12-20,143,2910,3053
941,2016-12-21,137,3036,3173
941,2016-12-22,78,2940,3018
941,2016-12-23,69,2684,2753
941,2016-12-25,8,690,698
941,2016-12-26,20,1014,1034
941,2016-12-27,34,1645,1679
941,2016-12-28,32,1752,1784
941,2016-12-30,19,1818,1837
941,2016-12-31,21,1287,1308
942,2016-01-01,6,1657,1663
942,2016-01-02,59,2708,2767
942,2016-01-04,200,4878,5078
942,2016-01-05,194,5116,5310
942,2016-01-06,225,5102,5327
942,2016-01-07,204,5334,5538
942,2016-01-09,49,3332,3381
942,2016-01-10,60,2595,2655
942,2016-01-11,319,5124,5443
942,2016-01-12,393,5701,6094
942,2016-01-14,259,5192,5451
942,2016-01-15,222,4099,4321
942,2016-01-16,77,2970,3047
942,2016-01-17,23,2475,2498
942,2016-01-19,285,5349,5634
942,2016-01-20,266,5105,5371
942,2016-01-21,240,5245,5485
942,2016-01-22,223,5044,5267
942,2016-01-24,12,2738,2750
942,2016-01-25,249,5204,5453
942,2016-01-26,275,5570,5845
942,2016-01-27,282,5484,5766
942,2016-01-29,266,5928,6194
942,2016-01-30,76,3170,3246
942,2016-01-31,8,2904,2912
942,2016-02-01,247,5371,5618
942,2016-02-03,310,5512,5822
942,2016-02-04,259,5408,5667
942,2016-02-05,281,5906,6187
942,2016-02-06,52,3337,3389
942,2016-02-08,206,3358,3564
942,2016-02-10,246,5043,5289
942,2016-02-11,236,5188,5424
942,2016-02-13,28,3036,3064
942,2016-02-14,7,2654,2661
942,2016-02-15,265,5223,5488
942,2016-02-16,314,5568,5882
942,2016-02-18,315,5587,5902
942,2016-02-19,291,5683,5974
942,2016-02-20,38,3210,3248
942,2016-02-21,15,2844,2859
942,2016-02-23,311,5692,6003
942,2016-02-24,309,5590,5899
942,2016-02-25,317,5651,5968
942,2016-02-26,308,5942,6250
942,2016-02-28,9,2914,2923
942,2016-02-29,313,5716,6029
942,2016-03-01,352,5614,5966
942,2016-03-02,354,5248,5602
942,2016-03-04,246,5311,5557
942,2016-03-05,50,3298,3348
942,2016-03-06,13,2634,2647
942,2016-03-07,259,5400,5659
942,2016-03-09,304,5703,6007
942,2016-03-10,319,5849,6168
942,2016-03-11,307,6034,6341
942,2016-03-12,66,3955,4021
942,2016-03-14,316,5626,5942
942,2016-03-15,363,5810,6173
942,2016-03-16,355,5901,6256
942,2016-03-17,364,6277,6641
942,2016-03-19,75,3923,3998
942,2016-03-20,25,3186,3211
942,2016-03-21,364,5705,6069
942,2016-03-22,409,6011,6420
942,2016-03-24,389,6157,6546
942,2016-03-25,310,6146,6456
942,2016-03-26,112,3958,4070
942,2016-03-30,321,5521,5842
942,2016-03-31,234,5740,5974
942,2016-04-01,283,5881,6164
942,2016-04-03,44,3408,3452
942,2016-04-04,250,5410,5660
942,2016-04-05,291,5701,5992
942,2016-04-06,356,5524,5880
942,2016-04-08,274,5931,6205
942,2016-04-09,91,4263,4354
942,2016-04-10,19,3486,3505
942,2016-04-11,323,5852,6175
942,2016-04-13,342,5821,6163
942,2016-04-14,320,6175,6495
942,2016-04-15,342,6146,6488
942,2016-04-16,92,4092,4184
942,2016-04-18,309,5905,6214
942,2016-04-19,334,6172,6506
942,2016-04-20,380,6136,6516
942,2016-04-21,370,6254,6624
942,2016-04-23,60,4236,4296
942,2016-04-24,31,3362,3393
942,2016-04-25,351,5761,6112
942,2016-04-26,313,6191,6504
942,2016-04-28,333,6227,6560
942,2016-04-29,339,6565,6904
942,2016-04-30,99,3924,4023
942,2016-05-01,28,3652,3680
942,2016-05-03,453,6498,6951
942,2016-05-04,415,6591,7006
942,2016-05-05,59,5035,5094
942,2016-05-06,244,5416,5660
942,2016-05-08,32,4119,4151
942,2016-05-09,335,5912,6247
942,2016-05-10,258,6416,6674
942,2016-05-11,325,6292,6617
942,2016-05-12,288,6522,6810
942,2016-05-14,128,4154,4282
942,2016-05-15,19,3330,3349
942,2016-05-16,36,3313,3349
942,2016-05-17,364,5675,6039
942,2016-05-19,319,5867,6186
942,2016-05-20,287,6214,6501
942,2016-05-21,104,4419,4523
942,2016-05-24,391,6284,6675
942,2016-05-25,333,6177,6510
942,2016-05-26,375,6485,6860
942,2016-05-27,314,6628,6942
942,2016-05-29,16,3270,3286
942,2016-05-30,220,6096,6316
942,2016-05-31,288,6215,6503
942,2016-06-01,312,5935,6247
942,2016-06-03,224,6474,6698
942,2016-06-04,50,4566,4616
942,2016-06-05,12,3034,3046
942,2016-06-06,262,5910,6172
942,2016-06-08,244,6278,6522
942,2016-06-09,346,6355,6701
942,2016-06-10,353,6492,6845
942,2016-06-11,84,4572,4656
942,2016-06-13,324,5628,5952
942,2016-06-14,334,5938,6272
942,2016-06-15,282,6190,6472
942,2016-06-16,250,6284,6534
942,2016-06-18,88,5689,5777
942,2016-06-19,31,3285,3316
942,2016-06-20,340,5374,5714
942,2016-06-21,305,5957,6262
942,2016-06-23,167,3316,3483
942,2016-06-24,272,5258,5530
942,2016-06-25,54,4200,4254
942,2016-06-26,24,3236,3260
942,2016-06-28,333,6190,6523
942,2016-06-29,456,6027,6483
942,2016-06-30,357,6092,6449
942,2016-07-01,355,6146,6501
942,2016-07-03,29,3334,3363
942,2016-07-04,303,5348,5651
942,2016-07-05,299,5360,5659
942,2016-07-06,292,5568,5860
942,2016-07-08,343,6508,6851
942,2016-07-09,112,4239,4351
942,2016-07-10,32,3743,3775
942,2016-07-11,315,5859,6174
942,2016-07-13,320,6094,6414
942,2016-07-14,273,6105,6378
942,2016-07-15,303,6174,6477
942,2016-07-16,100,4048,4148
942,2016-07-18,269,5647,5916
942,2016-07-19,242,4310,4552
942,2016-07-20,215,3982,4197
942,2016-07-21,192,5968,6160
942,2016-07-23,36,4322,4358
942,2016-07-24,20,3716,3736
942,2016-07-25,280,5558,5838
942,2016-07-26,334,6057,6391
942,2016-07-28,238,5844,6082
942,2016-07-29,178,6375,6553
942,2016-07-30,63,4999,5062
942,2016-07-31,18,3384,3402
942,2016-08-02,162,4955,5117
942,2016-08-03,146,4848,4994
942,2016-08-04,142,4991,5133
942,2016-08-05,159,5017,5176
942,2016-08-07,83,3695,3778
942,2016-08-08,192,4484,4676
942,2016-08-09,198,4634,4832
942,2016-08-10,174,4579,4753
942,2016-08-12,168,4706,4874
942,2016-08-13,74,3774,3848
942,2016-08-14,37,3390,3427
942,2016-08-15,70,3177,3247
942,2016-08-17,259,4773,5032
942,2016-08-18,209,4690,4899
942,2016-08-19,239,4879,5118
942,2016-08-20,83,3433,3516
942,2016-08-22,270,5111,5381
942,2016-08-23,297,5508,5805
942,2016-08-24,250,5159,5409
942,2016-08-25,278,4317,4595
942,2016-08-27,94,3620,3714
942,2016-08-28,44,3355,3399
942,2016-08-29,266,5427,5693
942,2016-08-30,303,5733,6036
942,2016-09-01,393,5576,5969
942,2016-09-02,343,5626,5969
942,2016-09-03,108,3580,3688
942,2016-09-04,54,2853,2907
942,2016-09-06,321,5695,6016
942,2016-09-07,308,5619,5927
942,2016-09-08,281,5771,6052
942,2016-09-09,299,5926,6225
942,2016-09-11,27,3185,3212
942,2016-09-12,315,5770,6085
942,2016-09-13,314,5805,6119
942,2016-09-14,292,5757,6049
942,2016-09-16,337,6235,6572
942,2016-09-17,70,4190,4260
942,2016-09-18,24,3478,3502
942,2016-09-19,361,5661,6022
942,2016-09-21,294,5935,6229
942,2016-09-22,344,6050,6394
942,2016-09-23,301,6157,6458
942,2016-09-24,106,4243,4349
942,2016-09-26,295,5628,5923
942,2016-09-27,354,6057,6411
942,2016-09-28,352,5951,6303
942,2016-09-29,326,6172,6498
942,2016-10-01,56,4370,4426
942,2016-10-02,19,3922,3941
942,2016-10-03,285,5566,5851
942,2016-10-04,352,5904,6256
942,2016-10-06,353,5973,6326
942,2016-10-07,366,6232,6598
942,2016-10-08,101,4046,4147
942,2016-10-09,34,3354,3388
942,2016-10-11,316,6075,6391
942,2016-10-12,347,5944,6291
942,2016-10-13,337,6120,6457
942,2016-10-14,284,6286,6570
942,2016-10-16,61,3556,3617
942,2016-10-17,333,5696,6029
942,2016-10-18,306,5948,6254
942,2016-10-19,288,5744,6032
942,2016-10-21,316,6192,6508
942,2016-10-22,126,3953,4079
942,2016-10-23,24,3319,3343
942,2016-10-24,246,5884,6130
942,2016-10-26,315,6027,6342
942,2016-10-27,355,6161,6516
942,2016-10-28,344,6387,6731
942,2016-10-29,78,4044,4122
942,2016-10-31,143,4588,4731
942,2016-11-01,34,2909,2943
942,2016-11-02,274,5676,5950
942,2016-11-03,324,5849,6173
942,2016-11-05,78,3671,3749
942,2016-11-06,24,2879,2903
942,2016-11-07,270,5500,5770
942,2016-11-08,376,5887,6263
942,2016-11-10,342,6197,6539
942,2016-11-11,217,5670,5887
942,2016-11-12,69,3828,3897
942,2016-11-13,27,2984,3011
942,2016-11-15,274,5695,5969
942,2016-11-16,293,5797,6090
942,2016-11-17,292,5804,6096
942,2016-11-18,346,5750,6096
942,2016-11-20,39,2840,2879
942,2016-11-21,216,5672,5888
942,2016-11-22,279,6003,6282
942,2016-11-23,322,5853,6175
942,2016-12-01,307,5948,6255
942,2016-12-02,270,5993,6263
942,2016-12-03,59,3560,3619
942,2016-12-04,18,3118,3136
942,2016-12-06,296,5582,5878
942,2016-12-07,274,5765,6039
942,2016-12-08,291,5835,6126
942,2016-12-09,285,6033,6318
942,2016-12-11,14,3031,3045
942,2016-12-12,250,5496,5746
942,2016-12-13,275,5845,6120
942,2016-12-14,282,5774,6056
942,2016-12-16,284,6074,6358
942,2016-12-17,63,3764,3827
942,2016-12-18,10,2923,2933
942,2016-12-19,303,5748,6051
942,2016-12-21,272,5789,6061
942,2016-12-22,169,5814,5983
942,2016-12-23,161,5575,5736
942,2016-12-24,44,2773,2817
942,2016-12-26,24,2355,2379
942,2016-12-27,94,3446,3540
942,2016-12-28,89,3514,3603
942,2016-12-29,106,3532,3638
942,2016-12-31,38,2494,2532
943,2016-01-01,12,2454,2466
943,2016-01-02,125,4596,4721
943,2016-01-04,324,7812,8136
943,2016-01-05,275,7632,7907
943,2016-01-06,295,7712,8007
943,2016-01-07,291,7840,8131
943,2016-01-09,164,5783,5947
943,2016-01-10,18,4820,4838
943,2016-01-11,398,8052,8450
943,2016-01-12,480,8804,9284
943,2016-01-14,363,7539,7902
943,2016-01-15,381,6343,6724
943,2016-01-16,168,5412,5580
943,2016-01-17,30,4332,4362
943,2016-01-19,385,7868,8253
943,2016-01-20,387,7741,8128
943,2016-01-21,342,7838,8180
943,2016-01-22,344,7485,7829
943,2016-01-24,18,4713,4731
943,2016-01-25,393,7937,8330
943,2016-01-26,359,8117,8476
943,2016-01-27,326,7922,8248
943,2016-01-29,435,8567,9002
943,2016-01-30,172,6672,6844
943,2016-01-31,23,5024,5047
943,2016-02-01,376,8197,8573
943,2016-02-03,534,8632,9166
943,2016-02-04,506,8660,9166
943,2016-02-05,369,8201,8570
943,2016-02-06,171,5711,5882
943,2016-02-08,346,6780,7126
943,2016-02-09,438,7488,7926
943,2016-02-10,414,7578,7992
943,2016-02-11,364,7342,7706
943,2016-02-13,125,5655,5780
943,2016-02-14,26,4609,4635
943,2016-02-15,373,7761,8134
943,2016-02-16,419,8165,8584
943,2016-02-18,416,8051,8467
943,2016-02-19,395,8010,8405
943,2016-02-20,172,6256,6428
943,2016-02-21,48,5438,5486
943,2016-02-23,364,7903,8267
943,2016-02-24,426,8008,8434
943,2016-02-25,409,8180,8589
943,2016-02-26,402,8752,9154
943,2016-02-28,14,4998,5012
943,2016-02-29,377,8255,8632
943,2016-03-01,407,8071,8478
943,2016-03-02,504,8566,9070
943,2016-03-04,327,7645,7972
943,2016-03-05,143,6095,6238
943,2016-03-06,34,4636,4670
943,2016-03-07,380,7803,8183
943,2016-03-09,365,8028,8393
943,2016-03-10,413,8370,8783
943,2016-03-11,404,8604,9008
943,2016-03-12,177,6293,6470
943,2016-03-14,440,8176,8616
943,2016-03-15,469,8300,8769
943,2016-03-16,441,7999,8440
943,2016-03-17,430,8585,9015
943,2016-03-19,161,6223,6384
943,2016-03-20,30,5008,5038
943,2016-03-21,444,8103,8547
943,2016-03-22,464,8514,8978
943,2016-03-24,413,8774,9187
943,2016-03-25,381,8655,9036
943,2016-03-26,166,6801,6967
943,2016-03-30,400,8004,8404
943,2016-03-31,345,7416,7761
943,2016-04-01,339,7912,8251
943,2016-04-03,25,4858,4883
943,2016-04-04,344,7577,7921
943,2016-04-05,319,7612,7931
943,2016-04-06,480,8080,8560
943,2016-04-08,372,7946,8318
943,2016-04-09,192,6464,6656
943,2016-04-10,33,5378,5411
943,2016-04-11,400,8228,8628
943,2016-05-03,516,9318,9834
943,2016-05-04,440,9888,10328
943,2016-05-05,84,12155,12239
943,2016-05-06,317,9070,9387
943,2016-05-08,39,6152,6191
943,2016-05-09,414,8563,8977
943,2016-05-10,442,8748,9190
943,2016-05-11,414,8642,9056
943,2016-05-13,437,9325,9762
943,2016-05-14,223,6810,7033
943,2016-05-15,62,5430,5492
943,2016-05-16,132,5909,6041
943,2016-05-18,534,8312,8846
943,2016-05-19,443,8233,8676
943,2016-05-20,449,8347,8796
943,2016-05-21,201,6427,6628
943,2016-05-23,363,8335,8698
943,2016-05-24,424,8475,8899
943,2016-05-25,438,8418,8856
943,2016-05-26,398,8942,9340
943,2016-05-28,158,6679,6837
943,2016-05-29,31,5157,5188
943,2016-05-30,448,9010,9458
943,2016-05-31,526,9336,9862
943,2016-06-02,568,9236,9804
943,2016-06-03,413,8844,9257
943,2016-06-04,202,7182,7384
943,2016-06-05,29,5320,5349
943,2016-06-07,494,8986,9480
943,2016-06-08,424,8680,9104
943,2016-06-09,417,9097,9514
943,2016-06-10,443,9772,10215
943,2016-06-12,63,5883,5946
943,2016-06-13,504,8542,9046
943,2016-06-14,506,9570,10076
943,2016-06-15,506,8884,9390
943,2016-06-17,554,9260,9814
943,2016-06-18,182,6529,6711
943,2016-06-19,49,5440,5489
943,2016-06-20,510,8316,8826
943,2016-06-22,376,8952,9328
943,2016-06-23,95,6411,6506
943,2016-06-24,436,8634,9070
943,2016-06-25,203,6137,6340
943,2016-06-27,414,8610,9024
943,2016-06-28,392,8837,9229
943,2016-06-29,409,8870,9279
943,2016-06-30,574,9404,9978
943,2016-07-02,214,6409,6623
943,2016-07-03,38,5552,5590
943,2016-07-04,394,8680,9074
943,2016-07-05,424,9166,9590
943,2016-07-07,416,9179,9595
943,2016-07-08,384,9063,9447
943,2016-07-09,181,7450,7631
943,2016-07-10,46,6509,6555
943,2016-07-12,391,8891,9282
943,2016-07-13,490,9414,9904
943,2016-07-14,383,8660,9043
943,2016-07-15,431,9182,9613
943,2016-07-17,52,6049,6101
943,2016-07-18,329,8443,8772
943,2016-07-19,389,9007,9396
943,2016-07-20,415,8653,9068
943,2016-07-22,418,8994,9412
943,2016-07-23,220,7042,7262
943,2016-07-24,32,5874,5906
943,2016-07-25,383,8237,8620
943,2016-07-27,413,8485,8898
943,2016-07-28,391,8376,8767
943,2016-07-29,356,8948,9304
943,2016-07-30,166,6278,6444
943,2016-08-01,267,6997,7264
943,2016-08-02,296,7276,7572
943,2016-08-03,294,7424,7718
943,2016-08-04,239,7096,7335
943,2016-08-06,151,5624,5775
943,2016-08-07,35,5288,5323
943,2016-08-08,303,6499,6802
943,2016-08-09,283,6707,6990
943,2016-08-11,291,7154,7445
943,2016-08-12,290,6711,7001
943,2016-08-13,161,5910,6071
943,2016-08-14,46,5269,5315
943,2016-08-16,351,7215,7566
943,2016-08-17,329,7317,7646
943,2016-08-18,364,7594,7958
943,2016-08-19,292,7104,7396
943,2016-08-21,34,5008,5042
943,2016-08-22,353,7123,7476
943,2016-08-23,345,7692,8037
943,2016-08-24,350,7989,8339
943,2016-08-26,402,8064,8466
943,2016-08-27,216,6962,7178
943,2016-08-28,50,5329,5379
943,2016-08-29,395,7326,7721
943,2016-08-31,375,8040,8415
943,2016-09-01,370,7780,8150
943,2016-09-02,381,7844,8225
943,2016-09-03,189,6187,6376
943,2016-09-05,371,7533,7904
943,2016-09-06,394,7914,8308
943,2016-09-07,375,7961,8336
943,2016-09-08,419,8317,8736
943,2016-09-10,183,6902,7085
943,2016-09-11,48,5731,5779
943,2016-09-12,431,8201,8632
943,2016-09-13,425,8249,8674
943,2016-09-15,560,9292,9852
943,2016-09-16,485,8945,9430
943,2016-09-17,179,8315,8494
943,2016-09-18,49,6095,6144
943,2016-09-20,380,8434,8814
943,2016-09-21,385,8329,8714
943,2016-09-22,408,8671,9079
943,2016-09-23,387,8758,9145
943,2016-09-25,33,6006,6039
943,2016-09-26,411,8241,8652
943,2016-09-27,384,8612,8996
943,2016-09-28,406,8455,8861
943,2016-09-30,415,8779,9194
943,2016-10-01,198,7184,7382
943,2016-10-02,28,5998,6026
943,2016-10-03,379,8275,8654
943,2016-10-05,420,8340,8760
943,2016-10-06,404,8637,9041
943,2016-10-07,431,8727,9158
943,2016-10-08,170,6461,6631
943,2016-10-10,416,8199,8615
943,2016-10-11,410,8617,9027
943,2016-10-12,429,8484,8913
943,2016-10-13,454,8707,9161
943,2016-10-15,163,6683,6846
943,2016-10-16,29,5618,5647
943,2016-10-17,398,8258,8656
943,2016-10-18,538,9306,9844
943,2016-10-20,492,9130,9622
943,2016-10-21,399,8921,9320
943,2016-10-22,136,5306,5442
943,2016-10-23,34,5629,5663
943,2016-10-25,408,8565,8973
943,2016-10-26,411,8846,9257
943,2016-10-27,429,8974,9403
943,2016-10-28,406,9018,9424
943,2016-10-30,25,5735,5760
943,2016-10-31,285,7900,8185
943,2016-11-01,39,5263,5302
943,2016-11-02,406,7858,8264
943,2016-11-04,413,8391,8804
943,2016-11-05,141,6251,6392
943,2016-11-06,28,4975,5003
943,2016-11-07,445,8365,8810
943,2016-11-09,524,8998,9522
943,2016-11-10,457,9152,9609
943,2016-11-11,340,8932,9272
943,2016-11-12,142,6413,6555
943,2016-11-14,374,8273,8647
943,2016-11-15,426,8732,9158
943,2016-11-16,395,8593,8988
943,2016-11-17,504,9108,9612
943,2016-11-19,145,6317,6462
943,2016-11-20,50,4961,5011
943,2016-11-21,367,8044,8411
943,2016-11-22,430,8604,9034
943,2016-11-24,388,8596,8984
943,2016-11-25,403,8730,9133
943,2016-11-26,140,6089,6229
943,2016-11-27,24,4837,4861
943,2016-11-29,483,8628,9111
943,2016-11-30,496,8644,9140
943,2016-12-01,485,8649,9134
943,2016-12-02,414,8713,9127
943,2016-12-04,60,5036,5096
943,2016-12-05,386,8316,8702
943,2016-12-06,413,8134,8547
943,2016-12-07,422,8388,8810
943,2016-12-09,403,8737,9140
943,2016-12-10,138,6043,6181
943,2016-12-11,22,5160,5182
943,2016-12-12,378,8294,8672
943,2016-12-14,404,8536,8940
943,2016-12-15,391,8538,8929
943,2016-12-16,404,8576,8980
943,2016-12-17,144,6251,6395
943,2016-12-19,287,5288,5575
943,2016-12-20,281,5610,5891
943,2016-12-21,264,5416,5680
943,2016-12-22,254,6911,7165
943,2016-12-24,142,5585,5727
943,2016-12-25,43,4085,4128
943,2016-12-26,24,4342,4366
943,2016-12-27,228,6183,6411
943,2016-12-29,211,6311,6522
943,2016-12-30,201,6319,6520
943,2016-12-31,123,4854,4977
944,2016-01-01,2,998,1000
944,2016-01-02,53,1710,1763
944,2016-01-03,4,1588,1592
944,2016-01-05,161,2866,3027
944,2016-01-06,165,2986,3151
944,2016-01-07,238,2956,3194
944,2016-01-08,214,3173,3387
944,2016-01-10,16,1778,1794
944,2016-01-11,174,3220,3394
944,2016-01-12,190,3248,3438
944,2016-01-13,162,3084,3246
944,2016-01-15,86,1948,2034
944,2016-01-16,69,1749,1818
944,2016-01-17,21,1546,1567
944,2016-01-18,232,2929,3161
944,2016-01-20,232,3114,3346
944,2016-01-21,321,3238,3559
944,2016-01-22,317,3226,3543
944,2016-01-23,85,2176,2261
944,2016-01-25,316,3185,3501
944,2016-01-26,268,3086,3354
944,2016-01-27,254,3056,3310
944,2016-01-28,300,3161,3461
944,2016-01-30,46,2168,2214
944,2016-01-31,17,1896,1913
944,2016-02-01,243,3013,3256
944,2016-02-02,212,3204,3416
944,2016-02-04,273,3209,3482
944,2016-02-05,262,3410,3672
944,2016-02-06,54,2126,2180
944,2016-02-07,28,1660,1688
944,2016-02-10,241,2851,3092
944,2016-02-11,247,2960,3207
944,2016-02-12,289,3077,3366
944,2016-02-14,8,1775,1783
944,2016-02-15,290,2892,3182
944,2016-02-16,321,3074,3395
944,2016-02-17,321,2994,3315
944,2016-02-19,268,3229,3497
944,2016-02-20,16,2174,2190
944,2016-02-21,12,1740,1752
944,2016-02-22,300,2990,3290
944,2016-02-24,367,3106,3473
944,2016-02-25,351,3186,3537
944,2016-02-26,323,3373,3696
944,2016-02-27,88,2415,2503
944,2016-02-29,276,3303,3579
944,2016-03-01,303,3312,3615
944,2016-03-02,302,3216,3518
944,2016-03-03,244,3096,3340
944,2016-03-05,36,2073,2109
944,2016-03-06,9,1750,1759
944,2016-03-07,212,2939,3151
944,2016-03-08,298,3156,3454
944,2016-03-10,317,3344,3661
944,2016-03-11,242,3508,3750
944,2016-03-12,64,2444,2508
944,2016-03-13,10,2361,2371
944,2016-03-15,284,3330,3614
944,2016-03-16,330,3307,3637
944,2016-03-17,321,3366,3687
944,2016-03-18,294,3573,3867
944,2016-03-20,19,1888,1907
944,2016-03-21,301,3161,3462
944,2016-03-22,386,3222,3608
944,2016-03-23,283,3357,3640
944,2016-03-25,218,3603,3821
944,2016-03-26,91,2501,2592
944,2016-03-28,24,1598,1622
944,2016-03-30,267,3072,3339
944,2016-03-31,320,2922,3242
944,2016-04-01,244,3179,3423
944,2016-04-02,55,2109,2164
944,2016-04-04,259,3017,3276
944,2016-04-05,318,3305,3623
944,2016-04-06,346,3255,3601
944,2016-04-07,184,3104,3288
944,2016-04-09,65,2510,2575
944,2016-04-10,10,2190,2200
944,2016-04-11,251,3196,3447
944,2016-04-12,348,3414,3762
944,2016-04-14,273,3357,3630
944,2016-04-15,275,3563,3838
944,2016-04-16,65,2811,2876
944,2016-04-17,18,2166,2184
944,2016-04-19,313,3536,3849
944,2016-04-20,292,3219,3511
944,2016-04-21,329,3390,3719
944,2016-04-22,282,3637,3919
944,2016-04-24,34,1995,2029
944,2016-04-25,188,3298,3486
944,2016-04-26,176,3490,3666
944,2016-04-27,162,3256,3418
944,2016-04-29,275,3629,3904
944,2016-04-30,90,2352,2442
944,2016-05-01,26,2070,2096
944,2016-05-02,304,3209,3513
944,2016-05-04,337,3721,4058
944,2016-05-05,35,2814,2849
944,2016-05-06,171,3173,3344
944,2016-05-07,89,2865,2954
944,2016-05-09,286,3243,3529
944,2016-05-10,320,3402,3722
944,2016-05-11,287,3527,3814
944,2016-05-12,291,3468,3759
944,2016-05-14,170,2566,2736
944,2016-05-15,83,2120,2203
944,2016-05-16,79,1970,2049
944,2016-05-17,401,3186,3587
944,2016-05-19,345,3152,3497
944,2016-05-20,322,3419,3741
944,2016-05-21,130,2654,2784
944,2016-05-22,89,2003,2092
944,2016-05-24,316,3512,3828
944,2016-05-25,294,3402,3696
944,2016-05-26,311,3649,3960
944,2016-05-27,318,3646,3964
944,2016-05-29,10,2052,2062
944,2016-05-30,308,3066,3374
944,2016-05-31,258,3497,3755
944,2016-06-01,248,3238,3486
944,2016-06-03,302,3496,3798
944,2016-06-04,66,2712,2778
944,2016-06-05,18,1964,1982
944,2016-06-06,312,3058,3370
944,2016-06-08,328,3288,3616
944,2016-06-09,244,3525,3769
944,2016-06-10,260,3692,3952
944,2016-06-11,56,2655,2711
944,2016-06-13,261,3139,3400
944,2016-06-14,253,3338,3591
944,2016-06-15,224,3214,3438
944,2016-06-16,318,3374,3692
944,2016-06-18,65,2731,2796
944,2016-06-19,20,2152,2172
944,2016-06-20,260,3144,3404
944,2016-06-21,286,3315,3601
944,2016-06-23,100,1980,2080
944,2016-06-24,256,2884,3140
944,2016-06-25,61,2305,2366
944,2016-06-26,18,1912,1930
944,2016-06-28,280,3496,3776
944,2016-06-29,269,3504,3773
944,2016-06-30,234,3424,3658
944,2016-07-01,255,3537,3792
944,2016-07-03,15,2096,2111
944,2016-07-04,227,3025,3252
944,2016-07-05,260,3083,3343
944,2016-07-06,269,3211,3480
944,2016-07-08,296,3779,4075
944,2016-07-09,133,2606,2739
944,2016-07-10,33,2079,2112
944,2016-07-11,248,3234,3482
944,2016-07-13,269,3360,3629
944,2016-07-14,270,3495,3765
944,2016-07-15,254,3525,3779
944,2016-07-16,59,2480,2539
944,2016-07-18,221,3181,3402
944,2016-07-19,246,3572,3818
944,2016-07-20,220,3361,3581
944,2016-07-21,226,3332,3558
944,2016-07-23,146,2548,2694
944,2016-07-24,83,2272,2355
944,2016-07-25,293,3082,3375
944,2016-07-26,340,3267,3607
944,2016-07-28,240,3378,3618
944,2016-07-29,151,3582,3733
944,2016-07-30,58,2689,2747
944,2016-07-31,9,2119,2128
944,2016-08-02,120,2714,2834
944,2016-08-03,138,2759,2897
944,2016-08-04,127,2636,2763
944,2016-08-05,128,2964,3092
944,2016-08-07,51,2263,2314
944,2016-08-08,136,2458,2594
944,2016-08-09,168,2538,2706
944,2016-08-10,144,2461,2605
944,2016-08-12,146,2745,2891
944,2016-08-13,60,2267,2327
944,2016-08-14,21,2002,2023
944,2016-08-15,54,1873,1927
944,2016-08-17,199,2606,2805
944,2016-08-18,179,2526,2705
944,2016-08-19,172,2520,2692
944,2016-08-20,62,2096,2158
944,2016-08-22,215,2920,3135
944,2016-08-23,218,3062,3280
944,2016-08-24,255,3096,3351
944,2016-08-25,217,3181,3398
944,2016-08-27,67,2326,2393
944,2016-08-28,17,2113,2130
944,2016-08-29,224,2996,3220
944,2016-08-30,229,3074,3303
944,2016-09-01,232,3017,3249
944,2016-09-02,256,3084,3340
944,2016-09-03,69,2161,2230
944,2016-09-04,26,1970,1996
944,2016-09-06,255,3145,3400
944,2016-09-07,230,3098,3328
944,2016-09-08,248,3261,3509
944,2016-09-09,233,3265,3498
944,2016-09-11,19,1917,1936
944,2016-09-12,266,3176,3442
944,2016-09-13,287,3205,3492
944,2016-09-14,237,3194,3431
944,2016-09-16,237,3571,3808
944,2016-09-17,52,2441,2493
944,2016-09-18,17,2229,2246
944,2016-09-19,273,3223,3496
944,2016-09-21,253,3276,3529
944,2016-09-22,289,3412,3701
944,2016-09-23,243,3410,3653
944,2016-09-24,69,2549,2618
944,2016-09-26,260,3157,3417
944,2016-09-27,297,3473,3770
944,2016-09-28,309,3407,3716
944,2016-09-29,287,3577,3864
944,2016-10-01,60,2642,2702
944,2016-10-02,22,2467,2489
944,2016-10-03,211,3104,3315
944,2016-10-04,312,3287,3599
944,2016-10-06,325,3366,3691
944,2016-10-07,319,3575,3894
944,2016-10-08,94,2342,2436
944,2016-10-09,18,2039,2057
944,2016-10-11,285,3450,3735
944,2016-10-12,339,3289,3628
944,2016-10-13,247,3401,3648
944,2016-10-14,286,3597,3883
944,2016-10-16,38,2166,2204
944,2016-10-17,267,3245,3512
944,2016-10-18,279,3407,3686
944,2016-10-19,198,3140,3338
944,2016-10-21,255,3500,3755
944,2016-10-22,60,2401,2461
944,2016-10-23,16,1913,1929
944,2016-10-24,266,3158,3424
944,2016-10-26,234,3296,3530
944,2016-10-27,258,3507,3765
944,2016-10-28,257,3749,4006
944,2016-10-29,53,2532,2585
944,2016-10-31,129,2794,2923
944,2016-11-01,23,1803,1826
944,2016-11-02,237,3204,3441
944,2016-11-03,221,3377,3598
944,2016-11-05,82,2260,2342
944,2016-11-06,11,1780,1791
944,2016-11-07,251,3016,3267
944,2016-11-08,248,3329,3577
944,2016-11-10,281,3346,3627
944,2016-11-11,175,3148,3323
944,2016-11-12,35,2359,2394
944,2016-11-13,14,1822,1836
944,2016-11-15,224,3260,3484
944,2016-11-16,245,3178,3423
944,2016-11-17,237,3325,3562
944,2016-11-18,142,3500,3642
944,2016-11-20,8,1737,1745
944,2016-11-21,300,3032,3332
944,2016-11-22,239,3354,3593
944,2016-11-23,252,3206,3458
944,2016-11-25,229,3552,3781
944,2016-11-26,52,2316,2368
944,2016-11-27,21,1870,1891
944,2016-11-28,240,3084,3324
944,2016-12-01,251,3263,3514
944,2016-12-02,130,3442,3572
944,2016-12-03,64,2337,2401
944,2016-12-04,57,1917,1974
944,2016-12-06,223,3175,3398
944,2016-12-07,246,3188,3434
944,2016-12-08,209,3344,3553
944,2016-12-09,215,3441,3656
944,2016-12-11,13,1702,1715
944,2016-12-12,194,3057,3251
944,2016-12-13,234,3245,3479
944,2016-12-14,241,3164,3405
944,2016-12-16,224,3344,3568
944,2016-12-17,58,2475,2533
944,2016-12-18,6,1850,1856
944,2016-12-19,253,3198,3451
944,2016-12-21,190,3218,3408
944,2016-12-22,192,3387,3579
944,2016-12-23,132,3382,3514
944,2016-12-24,35,1830,1865
944,2016-12-26,12,1490,1502
944,2016-12-27,91,2187,2278
944,2016-12-28,77,2153,2230
944,2016-12-29,94,2219,2313
944,2016-12-31,31,1650,1681
946,2016-01-01,18,2594,2612
946,2016-01-02,113,4499,4612
946,2016-01-04,410,6056,6466
946,2016-01-05,404,6398,6802
946,2016-01-06,446,6160,6606
946,2016-01-07,484,6880,7364
946,2016-01-09,139,4571,4710
946,2016-01-10,22,4360,4382
946,2016-01-11,556,6966,7522
946,2016-01-12,560,7444,8004
946,2016-01-14,510,6802,7312
946,2016-01-15,388,5780,6168
946,2016-01-16,154,4331,4485
946,2016-01-17,57,4484,4541
946,2016-01-19,527,7011,7538
946,2016-01-20,523,7075,7598
946,2016-01-21,538,7090,7628
946,2016-01-22,470,6704,7174
946,2016-01-24,34,4545,4579
946,2016-01-25,504,7160,7664
946,2016-01-26,569,7568,8137
946,2016-01-27,592,7678,8270
946,2016-01-29,566,8146,8712
946,2016-01-30,158,4784,4942
946,2016-01-31,26,4706,4732
946,2016-02-01,589,8455,9044
946,2016-02-04,656,7436,8092
946,2016-02-05,514,7896,8410
946,2016-02-06,165,4732,4897
946,2016-02-08,352,4774,5126
946,2016-02-09,582,6100,6682
946,2016-02-10,500,6910,7410
946,2016-02-11,545,7486,8031
946,2016-02-13,138,4588,4726
946,2016-02-14,22,4438,4460
946,2016-02-15,556,7329,7885
946,2016-02-16,604,7705,8309
946,2016-02-18,678,8202,8880
946,2016-02-19,601,7941,8542
946,2016-02-20,164,4726,4890
946,2016-02-21,28,4916,4944
946,2016-02-23,667,7404,8071
946,2016-02-24,691,7869,8560
946,2016-02-25,669,8244,8913
946,2016-02-26,671,8385,9056
946,2016-02-28,38,5151,5189
946,2016-02-29,691,7976,8667
946,2016-03-01,654,7892,8546
946,2016-03-02,684,7616,8300
946,2016-03-04,519,7313,7832
946,2016-03-05,157,4930,5087
946,2016-03-06,42,4786,4828
946,2016-03-07,619,7169,7788
946,2016-03-09,731,7973,8704
946,2016-03-10,686,8175,8861
946,2016-03-11,675,8351,9026
946,2016-03-12,181,5485,5666
946,2016-03-14,688,7715,8403
946,2016-03-15,801,8051,8852
946,2016-03-16,833,7942,8775
946,2016-03-17,781,7977,8758
946,2016-03-19,229,5431,5660
946,2016-03-20,52,5194,5246
946,2016-03-21,698,7720,8418
946,2016-03-22,787,8120,8907
946,2016-03-24,763,8473,9236
946,2016-03-25,688,9134,9822
946,2016-03-26,173,5542,5715
946,2016-03-30,754,8018,8772
946,2016-03-31,634,7842,8476
946,2016-04-01,748,8739,9487
946,2016-04-03,50,5422,5472
946,2016-04-04,1092,8190,9282
946,2016-04-05,1184,8214,9398
946,2016-04-06,1544,8524,10068
946,2016-04-08,755,8885,9640
946,2016-04-09,208,5795,6003
946,2016-04-10,66,6284,6350
946,2016-04-11,752,7720,8472
946,2016-04-13,772,8185,8957
946,2016-04-14,806,8264,9070
946,2016-04-15,774,8708,9482
946,2016-04-16,186,5698,5884
946,2016-04-18,813,8120,8933
946,2016-04-19,767,8086,8853
946,2016-04-20,820,8152,8972
946,2016-04-21,822,8615,9437
946,2016-04-23,219,5846,6065
946,2016-04-24,54,5337,5391
946,2016-04-25,744,8030,8774
946,2016-04-26,758,8230,8988
946,2016-04-28,780,8608,9388
946,2016-04-29,776,9423,10199
946,2016-04-30,254,6678,6932
946,2016-05-01,74,5752,5826
946,2016-05-04,800,9570,10370
946,2016-05-05,134,6819,6953
946,2016-05-06,505,7859,8364
946,2016-05-08,85,7719,7804
946,2016-05-09,768,8230,8998
946,2016-05-10,762,8252,9014
946,2016-05-11,776,8406,9182
946,2016-05-13,896,9843,10739
946,2016-05-14,256,6554,6810
946,2016-05-15,68,6356,6424
946,2016-05-16,103,6559,6662
946,2016-05-18,814,8400,9214
946,2016-05-19,824,8640,9464
946,2016-05-20,767,9860,10627
946,2016-05-21,257,5917,6174
946,2016-05-23,737,8492,9229
946,2016-05-24,848,8426,9274
946,2016-05-25,812,8439,9251
946,2016-05-26,936,9430,10366
946,2016-05-27,720,9412,10132
946,2016-05-29,62,6106,6168
946,2016-05-30,744,7908,8652
946,2016-05-31,727,8472,9199
946,2016-06-01,754,8232,8986
946,2016-06-03,747,8873,9620
946,2016-06-04,200,5712,5912
946,2016-06-05,78,5730,5808
946,2016-06-06,854,8196,9050
946,2016-06-08,695,8392,9087
946,2016-06-09,795,8810,9605
946,2016-06-10,761,9531,10292
946,2016-06-11,235,6618,6853
946,2016-06-13,734,7934,8668
946,2016-06-14,742,8478,9220
946,2016-06-15,770,8554,9324
946,2016-06-16,858,8726,9584
946,2016-06-18,265,5987,6252
946,2016-06-19,87,5816,5903
946,2016-06-20,806,8338,9144
946,2016-06-21,743,8582,9325
946,2016-06-23,292,4739,5031
946,2016-06-24,564,7558,8122
946,2016-06-25,184,5650,5834
946,2016-06-26,60,5646,5706
946,2016-06-28,851,8770,9621
946,2016-06-29,758,8583,9341
946,2016-06-30,786,8794,9580
946,2016-07-01,720,9255,9975
946,2016-07-03,79,6632,6711
946,2016-07-04,707,8248,8955
946,2016-07-05,749,8327,9076
946,2016-07-06,794,8590,9384
946,2016-07-08,685,8252,8937
946,2016-07-09,164,5968,6132
946,2016-07-10,71,6345,6416
946,2016-07-11,718,8428,9146
946,2016-07-13,746,8520,9266
946,2016-07-14,810,9172,9982
946,2016-07-15,820,9488,10308
946,2016-07-16,252,7041,7293
946,2016-07-18,705,9135,9840
946,2016-07-19,660,8890,9550
946,2016-07-20,724,8947,9671
946,2016-07-21,669,8980,9649
946,2016-07-23,242,6922,7164
946,2016-07-24,91,6688,6779
946,2016-07-25,796,8836,9632
946,2016-07-26,728,9060,9788
946,2016-07-28,638,9032,9670
946,2016-07-29,484,9040,9524
946,2016-07-30,254,6977,7231
946,2016-07-31,125,6684,6809
946,2016-08-02,464,7150,7614
946,2016-08-03,440,7018,7458
946,2016-08-04,500,6900,7400
946,2016-08-05,438,7930,8368
946,2016-08-07,111,7316,7427
946,2016-08-08,412,6760,7172
946,2016-08-09,428,6695,7123
946,2016-08-10,482,6779,7261
946,2016-08-12,444,7859,8303
946,2016-08-13,278,6447,6725
946,2016-08-14,114,6452,6566
946,2016-08-15,164,6078,6242
946,2016-08-17,545,7418,7963
946,2016-08-18,571,7223,7794
946,2016-08-19,476,7414,7890
946,2016-08-20,231,6453,6684
946,2016-08-22,587,7948,8535
946,2016-08-23,730,8445,9175
946,2016-08-24,683,8792,9475
946,2016-08-25,730,9418,10148
946,2016-08-27,318,6786,7104
946,2016-08-28,88,6744,6832
946,2016-08-29,792,8720,9512
946,2016-08-30,795,8571,9366
946,2016-09-01,778,8704,9482
946,2016-09-02,707,9167,9874
946,2016-09-03,206,6072,6278
946,2016-09-04,76,5698,5774
946,2016-09-06,663,8666,9329
946,2016-09-07,741,8647,9388
946,2016-09-08,645,9138,9783
946,2016-09-09,684,9273,9957
946,2016-09-11,77,6762,6839
946,2016-09-12,707,8536,9243
946,2016-09-13,704,8849,9553
946,2016-09-14,733,9033,9766
946,2016-09-16,698,9197,9895
946,2016-09-17,219,6565,6784
946,2016-09-18,61,6119,6180
946,2016-09-19,706,8132,8838
946,2016-09-21,799,8558,9357
946,2016-09-22,785,8891,9676
946,2016-09-23,723,9070,9793
946,2016-09-24,250,6583,6833
946,2016-09-26,735,8224,8959
946,2016-09-27,841,8521,9362
946,2016-09-28,828,8322,9150
946,2016-09-29,870,8772,9642
946,2016-10-01,194,5824,6018
946,2016-10-02,40,5238,5278
946,2016-10-03,774,8484,9258
946,2016-10-04,754,8175,8929
946,2016-10-06,784,8638,9422
946,2016-10-07,765,9337,10102
946,2016-10-08,250,6200,6450
946,2016-10-09,67,6005,6072
946,2016-10-11,768,8277,9045
946,2016-10-12,787,8327,9114
946,2016-10-13,823,8573,9396
946,2016-10-14,744,8714,9458
946,2016-10-16,56,6067,6123
946,2016-10-17,724,8048,8772
946,2016-10-18,786,8318,9104
946,2016-10-19,752,8134,8886
946,2016-10-21,728,8704,9432
946,2016-10-22,278,5954,6232
946,2016-10-23,52,5515,5567
946,2016-10-24,669,7993,8662
946,2016-10-26,732,8348,9080
946,2016-10-27,755,8647,9402
946,2016-10-28,725,9227,9952
946,2016-10-29,200,5872,6072
946,2016-10-31,490,6861,7351
946,2016-11-01,111,5232,5343
946,2016-11-02,760,8200,8960
946,2016-11-03,734,8455,9189
946,2016-11-05,227,5186,5413
946,2016-11-06,75,5288,5363
946,2016-11-07,722,7900,8622
946,2016-11-08,723,8135,8858
946,2016-11-10,766,8414,9180
946,2016-11-11,576,8318,8894
946,2016-11-12,183,5186,5369
946,2016-11-13,47,4976,5023
946,2016-11-15,692,8038,8730
946,2016-11-16,712,8162,8874
946,2016-11-17,694,8224,8918
946,2016-11-18,596,8262,8858
946,2016-11-20,38,4646,4684
946,2016-11-21,674,7646,8320
946,2016-11-22,688,7830,8518
946,2016-11-23,670,7856,8526
946,2016-11-25,692,8917,9609
946,2016-11-26,224,5675,5899
946,2016-11-27,47,5157,5204
946,2016-11-28,694,8032,8726
946,2016-11-30,709,8111,8820
946,2016-12-01,674,8261,8935
946,2016-12-02,617,8396,9013
946,2016-12-03,197,5661,5858
946,2016-12-05,625,7934,8559
946,2016-12-06,704,8011,8715
946,2016-12-07,669,7957,8626
946,2016-12-08,697,8120,8817
946,2016-12-10,198,5322,5520
946,2016-12-11,43,4909,4952
946,2016-12-12,639,7643,8282
946,2016-12-13,737,7938,8675
946,2016-12-15,680,8026,8706
946,2016-12-16,699,8407,9106
946,2016-12-17,195,5482,5677
946,2016-12-18,34,5332,5366
946,2016-12-20,683,8212,8895
946,2016-12-21,666,8076,8742
946,2016-12-22,574,8426,9000
946,2016-12-23,419,7593,8012
946,2016-12-25,27,3099,3126
946,2016-12-26,50,3986,4036
946,2016-12-27,301,5471,5772
946,2016-12-28,329,5446,5775
946,2016-12-30,276,5728,6004
946,2016-12-31,128,3792,3920
947,2016-01-01,13,1117,1130
947,2016-01-02,128,4608,4736
947,2016-01-04,262,4470,4732
947,2016-01-05,227,4509,4736
947,2016-01-06,228,4438,4666
947,2016-01-07,261,4429,4690
947,2016-01-09,124,4089,4213
947,2016-01-10,38,5382,5420
947,2016-01-11,279,4565,4844
947,2016-01-12,224,4682,4906
947,2016-01-14,256,4269,4525
947,2016-01-15,118,4238,4356
947,2016-01-16,124,3636,3760
947,2016-01-17,43,4380,4423
947,2016-01-19,290,4413,4703
947,2016-01-20,314,4354,4668
947,2016-01-21,278,4549,4827
947,2016-01-22,310,4587,4897
947,2016-01-24,15,5111,5126
947,2016-01-25,300,4676,4976
947,2016-01-26,305,4477,4782
947,2016-01-27,288,4628,4916
947,2016-01-29,335,5210,5545
947,2016-01-30,88,3966,4054
947,2016-01-31,19,5586,5605
947,2016-02-01,300,4550,4850
947,2016-02-03,335,4683,5018
947,2016-02-04,160,3920,4080
947,2016-02-05,285,4944,5229
947,2016-02-06,132,4519,4651
947,2016-02-08,280,4266,4546
947,2016-02-10,144,4162,4306
947,2016-02-11,301,4600,4901
947,2016-02-13,156,4212,4368
947,2016-02-15,304,4015,4319
947,2016-02-16,325,4431,4756
947,2016-02-18,292,4509,4801
947,2016-02-19,300,4752,5052
947,2016-02-20,66,3968,4034
947,2016-02-21,18,5200,5218
947,2016-02-23,326,4187,4513
947,2016-02-24,380,4410,4790
947,2016-02-25,336,4724,5060
947,2016-02-26,314,5058,5372
947,2016-02-28,22,5708,5730
947,2016-03-01,335,4536,4871
947,2016-03-02,270,4628,4898
947,2016-03-05,147,4322,4469
947,2016-03-06,24,4941,4965
947,2016-03-07,307,4098,4405
947,2016-03-09,363,4671,5034
947,2016-03-10,354,4937,5291
947,2016-03-11,353,5365,5718
947,2016-03-12,130,5054,5184
947,2016-03-14,335,4561,4896
947,2016-03-15,390,4600,4990
947,2016-03-16,433,4635,5068
947,2016-03-17,378,4919,5297
947,2016-03-19,147,4592,4739
947,2016-03-20,28,5341,5369
947,2016-03-21,367,4565,4932
947,2016-03-22,350,4573,4923
947,2016-03-24,356,5069,5425
947,2016-03-25,362,6269,6631
947,2016-03-26,148,5472,5620
947,2016-03-30,342,5080,5422
947,2016-03-31,396,5384,5780
947,2016-04-01,372,5602,5974
947,2016-04-03,25,5652,5677
947,2016-04-04,458,5303,5761
947,2016-04-05,465,5313,5778
947,2016-04-06,652,5299,5951
947,2016-04-08,439,5746,6185
947,2016-04-09,161,5174,5335
947,2016-04-10,36,5962,5998
947,2016-04-11,456,4793,5249
947,2016-04-13,356,4986,5342
947,2016-04-14,421,5003,5424
947,2016-04-15,346,5428,5774
947,2016-04-16,144,4920,5064
947,2016-04-18,425,4781,5206
947,2016-04-19,435,4929,5364
947,2016-04-20,486,5021,5507
947,2016-04-21,481,5130,5611
947,2016-04-23,164,5344,5508
947,2016-04-25,449,4860,5309
947,2016-04-26,361,4673,5034
947,2016-04-28,428,5375,5803
947,2016-04-30,147,5378,5525
947,2016-05-01,24,6590,6614
947,2016-05-03,410,5552,5962
947,2016-05-04,441,6083,6524
947,2016-05-05,95,7127,7222
947,2016-05-06,323,6421,6744
947,2016-05-08,93,6060,6153
947,2016-05-09,406,5126,5532
947,2016-05-10,474,5182,5656
947,2016-05-11,393,5253,5646
947,2016-05-13,439,5840,6279
947,2016-05-14,180,5655,5835
947,2016-05-15,21,6666,6687
947,2016-05-16,50,6707,6757
947,2016-05-18,452,5080,5532
947,2016-05-19,390,5273,5663
947,2016-05-20,439,5760,6199
947,2016-05-21,184,4744,4928
947,2016-05-23,385,4765,5150
947,2016-05-24,431,5022,5453
947,2016-05-25,474,5189,5663
947,2016-05-26,598,6070,6668
947,2016-05-28,188,4842,5030
947,2016-05-29,36,6242,6278
947,2016-05-30,390,5070,5460
947,2016-05-31,402,5086,5488
947,2016-06-02,442,5052,5494
947,2016-06-03,416,5356,5772
947,2016-06-04,156,5036,5192
947,2016-06-05,38,6082,6120
947,2016-06-07,427,5031,5458
947,2016-06-08,442,5142,5584
947,2016-06-09,393,5524,5917
947,2016-06-10,390,6029,6419
947,2016-06-12,32,6203,6235
947,2016-06-13,330,4640,4970
947,2016-06-14,338,4732,5070
947,2016-06-15,387,4890,5277
947,2016-06-17,373,5909,6282
947,2016-06-18,168,5066,5234
947,2016-06-19,43,6284,6327
947,2016-06-20,316,4796,5112
947,2016-06-22,486,5280,5766
947,2016-06-23,123,3811,3934
947,2016-06-24,374,5246,5620
947,2016-06-25,176,5224,5400
947,2016-06-27,406,5085,5491
947,2016-06-28,448,5193,5641
947,2016-06-29,428,5313,5741
947,2016-06-30,433,5564,5997
947,2016-07-02,158,5356,5514
947,2016-07-03,34,6241,6275
947,2016-07-04,380,5056,5436
947,2016-07-05,389,5239,5628
947,2016-07-07,442,5582,6024
947,2016-07-08,418,5635,6053
947,2016-07-09,162,5317,5479
947,2016-07-10,39,5856,5895
947,2016-07-12,384,5467,5851
947,2016-07-13,468,5880,6348
947,2016-07-14,476,5612,6088
947,2016-07-15,431,5779,6210
947,2016-07-17,40,6055,6095
947,2016-07-18,405,5403,5808
947,2016-07-19,370,5703,6073
947,2016-07-20,421,5565,5986
947,2016-07-22,424,5802,6226
947,2016-07-23,176,5830,6006
947,2016-07-24,31,6270,6301
947,2016-07-25,418,5343,5761
947,2016-07-27,398,5514,5912
947,2016-07-28,330,5832,6162
947,2016-07-29,292,6047,6339
947,2016-07-30,145,5351,5496
947,2016-08-01,269,4875,5144
947,2016-08-02,210,5746,5956
947,2016-08-03,241,5320,5561
947,2016-08-04,281,5051,5332
947,2016-08-06,127,4931,5058
947,2016-08-07,49,5803,5852
947,2016-08-08,268,4701,4969
947,2016-08-09,272,4900,5172
947,2016-08-11,240,4817,5057
947,2016-08-12,295,5483,5778
947,2016-08-13,148,5205,5353
947,2016-08-14,43,5475,5518
947,2016-08-16,286,5025,5311
947,2016-08-17,382,4921,5303
947,2016-08-18,353,5050,5403
947,2016-08-19,298,5067,5365
947,2016-08-21,39,5881,5920
947,2016-08-22,336,5000,5336
947,2016-08-23,372,5242,5614
947,2016-08-24,341,5460,5801
947,2016-08-26,375,5904,6279
947,2016-08-27,199,5032,5231
947,2016-08-28,48,5399,5447
947,2016-08-29,390,5295,5685
947,2016-09-10,150,4872,5022
947,2016-09-11,44,5607,5651
947,2016-09-12,389,5200,5589
947,2016-09-13,405,5315,5720
947,2016-09-15,316,5322,5638
947,2016-09-16,393,5846,6239
947,2016-09-17,168,4825,4993
947,2016-09-18,32,5792,5824
947,2016-09-20,426,4972,5398
947,2016-09-21,427,5023,5450
947,2016-09-22,373,5135,5508
947,2016-09-23,402,5552,5954
947,2016-09-25,46,5939,5985
947,2016-09-26,375,4993,5368
947,2016-09-27,446,5211,5657
947,2016-09-28,421,5137,5558
947,2016-09-30,400,5842,6242
947,2016-10-02,24,5906,5930
947,2016-10-03,392,5839,6231
947,2016-10-05,404,5216,5620
947,2016-10-06,374,5137,5511
947,2016-10-07,410,5629,6039
947,2016-10-08,147,5029,5176
947,2016-10-10,414,4716,5130
947,2016-10-11,418,5061,5479
947,2016-10-12,431,5084,5515
947,2016-10-13,421,5223,5644
947,2016-10-15,149,5192,5341
947,2016-10-16,38,5740,5778
947,2016-10-17,446,4887,5333
947,2016-10-18,375,5075,5450
947,2016-10-20,416,5236,5652
947,2016-10-21,375,5608,5983
947,2016-10-22,163,4871,5034
947,2016-10-23,47,5573,5620
947,2016-10-25,398,5022,5420
947,2016-10-26,389,5028,5417
947,2016-10-27,415,5224,5639
947,2016-10-28,404,5684,6088
947,2016-10-30,23,6270,6293
947,2016-10-31,279,5324,5603
947,2016-11-01,28,5141,5169
947,2016-11-02,360,5316,5676
947,2016-11-04,387,5673,6060
947,2016-11-05,143,4685,4828
947,2016-11-06,29,5268,5297
947,2016-11-07,270,3391,3661
947,2016-11-09,326,4630,4956
947,2016-11-10,385,5024,5409
947,2016-11-11,276,6430,6706
947,2016-11-12,149,4901,5050
947,2016-11-14,356,4766,5122
947,2016-11-15,319,4763,5082
947,2016-11-17,278,5000,5278
947,2016-11-19,136,4733,4869
947,2016-11-20,37,5118,5155
947,2016-11-21,355,4578,4933
947,2016-11-22,368,4674,5042
947,2016-11-24,349,5256,5605
947,2016-11-25,381,5479,5860
947,2016-11-26,158,5064,5222
947,2016-11-27,21,5114,5135
947,2016-11-29,335,5053,5388
947,2016-11-30,372,5060,5432
947,2016-12-01,351,5214,5565
947,2016-12-02,355,5582,5937
947,2016-12-04,33,5749,5782
947,2016-12-05,340,5269,5609
947,2016-12-06,385,5004,5389
947,2016-12-07,365,4971,5336
947,2016-12-09,375,5511,5886
947,2016-12-10,133,4982,5115
947,2016-12-11,27,5653,5680
947,2016-12-12,390,5181,5571
947,2016-12-14,340,5148,5488
947,2016-12-15,347,5418,5765
947,2016-12-16,401,5807,6208
947,2016-12-17,145,5455,5600
947,2016-12-19,394,5613,6007
947,2016-12-20,371,5912,6283
947,2016-12-21,382,5804,6186
947,2016-12-22,304,6259,6563
947,2016-12-24,116,4706,4822
947,2016-12-25,10,1023,1033
947,2016-12-26,37,4427,4464
947,2016-12-27,230,4815,5045
947,2016-12-29,251,5433,5684
947,2016-12-30,225,5877,6102
947,2016-12-31,115,4338,4453
1111,2016-01-01,9,986,995
1111,2016-01-02,13,1129,1142
1111,2016-01-05,175,3008,3183
1111,2016-01-06,174,3110,3284
1111,2016-01-07,185,3232,3417
1111,2016-01-08,181,3332,3513
1111,2016-01-10,51,2139,2190
1111,2016-01-11,210,3059,3269
1111,2016-01-12,204,3333,3537
1111,2016-01-13,194,3246,3440
1111,2016-01-15,144,3255,3399
1111,2016-01-16,90,2519,2609
1111,2016-01-17,40,2194,2234
1111,2016-01-18,200,3141,3341
1111,2016-01-20,231,3239,3470
1111,2016-01-21,215,3411,3626
1111,2016-01-22,193,3215,3408
1111,2016-01-23,101,2639,2740
1111,2016-01-25,208,3164,3372
1111,2016-01-26,213,3335,3548
1111,2016-01-27,215,3328,3543
1111,2016-01-28,212,3602,3814
1111,2016-01-30,102,2638,2740
1111,2016-01-31,34,2234,2268
1111,2016-02-01,192,3177,3369
1111,2016-02-02,183,3252,3435
1111,2016-02-04,213,3365,3578
1111,2016-02-05,195,3507,3702
1111,2016-02-06,87,2766,2853
1111,2016-02-07,95,2371,2466
1111,2016-02-09,170,3450,3620
1111,2016-02-10,184,3080,3264
1111,2016-02-11,201,3220,3421
1111,2016-02-12,174,3453,3627
1111,2016-02-14,37,2450,2487
1111,2016-02-15,195,3199,3394
1111,2016-02-16,208,3403,3611
1111,2016-02-17,218,3286,3504
1111,2016-02-19,214,3633,3847
1111,2016-02-20,100,2744,2844
1111,2016-02-21,34,2337,2371
1111,2016-02-22,224,3250,3474
1111,2016-02-24,236,3333,3569
1111,2016-02-25,235,3680,3915
1111,2016-02-26,203,3598,3801
1111,2016-02-27,103,3107,3210
1111,2016-02-29,196,3304,3500
1111,2016-03-01,237,3363,3600
1111,2016-03-02,228,3418,3646
1111,2016-03-03,209,3479,3688
1111,2016-03-05,106,2919,3025
1111,2016-03-06,39,2561,2600
1111,2016-03-07,198,3313,3511
1111,2016-03-08,226,3547,3773
1111,2016-03-10,205,3651,3856
1111,2016-03-11,187,3568,3755
1111,2016-03-12,96,3208,3304
1111,2016-03-13,46,2999,3045
1111,2016-03-15,235,3385,3620
1111,2016-03-16,249,3280,3529
1111,2016-03-17,241,3589,3830
1111,2016-03-18,201,3785,3986
1111,2016-03-20,34,2581,2615
1111,2016-03-21,215,3311,3526
1111,2016-03-22,223,3435,3658
1111,2016-03-23,221,3521,3742
1111,2016-03-25,183,4031,4214
1111,2016-03-26,124,3736,3860
1111,2016-03-28,66,2560,2626
1111,2016-03-30,176,3186,3362
1111,2016-03-31,212,3548,3760
1111,2016-04-01,160,3146,3306
1111,2016-04-02,120,3339,3459
1111,2016-04-04,224,3357,3581
1111,2016-04-05,222,3232,3454
1111,2016-04-06,177,3433,3610
1111,2016-04-07,218,3508,3726
1111,2016-04-08,184,2650,2834
1111,2016-04-10,41,3528,3569
1111,2016-04-11,217,3441,3658
1111,2016-04-12,213,3065,3278
1111,2016-04-13,129,2173,2302
1111,2016-04-14,35,520,555
1111,2016-04-16,108,3203,3311
1111,2016-04-17,44,3203,3247
1111,2016-04-18,258,3423,3681
1111,2016-04-19,257,3578,3835
1111,2016-04-21,234,3849,4083
1111,2016-04-22,237,3748,3985
1111,2016-04-23,110,3322,3432
1111,2016-04-24,35,2791,2826
1111,2016-04-26,243,3478,3721
1111,2016-04-27,233,3415,3648
1111,2016-04-28,286,3832,4118
1111,2016-04-29,243,3880,4123
1111,2016-05-01,50,3048,3098
1111,2016-05-02,236,3637,3873
1111,2016-05-03,249,3668,3917
1111,2016-05-04,249,4160,4409
1111,2016-05-06,223,4920,5143
1111,2016-05-07,161,4886,5047
1111,2016-05-08,96,4597,4693
1111,2016-05-09,259,3683,3942
1111,2016-05-12,273,3933,4206
1111,2016-05-13,258,4060,4318
1111,2016-05-14,129,4032,4161
1111,2016-05-17,271,4273,4544
1111,2016-05-18,217,3448,3665
1111,2016-05-19,208,3650,3858
1111,2016-05-20,220,3555,3775
1111,2016-05-22,64,2862,2926
1111,2016-05-23,217,3429,3646
1111,2016-05-24,250,3587,3837
1111,2016-05-27,230,4662,4892
1111,2016-05-28,130,4056,4186
1111,2016-05-29,74,3030,3104
1111,2016-06-01,275,3874,4149
1111,2016-06-02,250,3897,4147
1111,2016-06-03,236,4046,4282
1111,2016-06-04,150,4004,4154
1111,2016-06-06,346,6262,6608
1111,2016-06-07,343,6096,6439
1111,2016-06-08,321,6226,6547
1111,2016-06-11,187,5823,6010
1111,2016-06-12,84,5064,5148
1111,2016-06-13,354,5808,6162
1111,2016-06-14,322,6150,6472
1111,2016-06-17,350,6802,7152
1111,2016-06-18,204,5713,5917
1111,2016-06-19,92,5095,5187
1111,2016-06-21,352,5473,5825
1111,2016-06-22,299,4584,4883
1111,2016-06-23,107,3851,3958
1111,2016-06-24,276,4235,4511
1111,2016-06-26,58,3546,3604
1111,2016-06-27,274,3887,4161
1111,2016-06-28,262,3958,4220
1111,2016-06-29,250,4095,4345
1111,2016-07-01,253,4215,4468
1111,2016-07-02,133,3766,3899
1111,2016-07-03,55,3909,3964
1111,2016-07-04,264,3672,3936
1111,2016-07-06,278,3988,4266
1111,2016-07-07,146,2523,2669
1111,2016-07-08,284,4233,4517
1111,2016-07-09,173,4266,4439
1111,2016-07-11,240,3882,4122
1111,2016-07-12,239,4063,4302
1111,2016-07-13,270,4032,4302
1111,2016-07-14,244,4220,4464
1111,2016-07-16,164,4081,4245
1111,2016-07-17,47,2432,2479
1111,2016-07-18,133,2642,2775
1111,2016-07-19,135,2962,3097
1111,2016-07-20,149,2958,3107
1111,2016-07-21,272,5378,5650
1111,2016-07-22,104,2866,2970
1111,2016-07-23,60,2122,2182
1111,2016-07-24,28,2334,2362
1111,2016-07-25,102,2605,2707
1111,2016-07-26,232,4682,4914
1111,2016-07-27,118,3076,3194
1111,2016-07-28,121,2681,2802
1111,2016-07-29,75,2715,2790
1111,2016-07-30,63,2370,2433
1111,2016-07-31,70,4496,4566
1111,2016-08-01,105,2379,2484
1111,2016-08-02,92,2269,2361
1111,2016-08-03,66,2266,2332
1111,2016-08-05,176,4052,4228
1111,2016-08-06,117,4765,4882
1111,2016-08-07,56,5013,5069
1111,2016-08-08,160,4120,4280
1111,2016-08-10,190,3928,4118
1111,2016-08-11,203,4133,4336
1111,2016-08-12,174,4236,4410
1111,2016-08-13,143,5200,5343
1111,2016-08-15,75,4426,4501
1111,2016-08-16,198,4230,4428
1111,2016-08-17,169,4071,4240
1111,2016-08-18,195,3824,4019
1111,2016-08-20,133,3446,3579
1111,2016-08-21,57,3512,3569
1111,2016-08-22,263,5803,6066
1111,2016-08-23,314,6265,6579
1111,2016-08-25,238,4487,4725
1111,2016-08-26,246,4113,4359
1111,2016-08-27,135,4173,4308
1111,2016-08-28,50,4071,4121
1111,2016-08-30,214,3783,3997
1111,2016-08-31,231,3818,4049
1111,2016-09-01,235,3843,4078
1111,2016-09-02,211,3920,4131
1111,2016-09-04,70,3012,3082
1111,2016-09-05,198,3376,3574
1111,2016-09-06,218,3585,3803
1111,2016-09-07,222,3788,4010
1111,2016-09-09,231,4135,4366
1111,2016-09-10,138,3796,3934
1111,2016-09-11,64,3816,3880
1111,2016-09-12,234,3802,4036
1111,2016-09-14,212,3963,4175
1111,2016-09-15,204,4180,4384
1111,2016-09-16,116,2936,3052
1111,2016-09-17,146,3680,3826
1111,2016-09-19,246,3775,4021
1111,2016-09-20,252,3955,4207
1111,2016-09-21,257,3984,4241
1111,2016-09-22,234,4190,4424
1111,2016-09-24,127,3845,3972
1111,2016-09-25,56,3982,4038
1111,2016-09-26,256,3772,4028
1111,2016-09-27,264,3868,4132
1111,2016-09-29,267,3937,4204
1111,2016-09-30,243,3904,4147
1111,2016-10-01,122,3452,3574
1111,2016-10-02,62,3341,3403
1111,2016-10-04,255,3865,4120
1111,2016-10-05,285,4009,4294
1111,2016-10-06,254,4013,4267
1111,2016-10-07,228,3950,4178
1111,2016-10-09,51,3178,3229
1111,2016-10-10,236,3369,3605
1111,2016-10-11,166,1909,2075
1111,2016-10-12,188,2791,2979
1111,2016-10-14,227,3942,4169
1111,2016-10-15,123,3095,3218
1111,2016-10-16,37,2562,2599
1111,2016-10-17,235,3413,3648
1111,2016-10-19,235,3627,3862
1111,2016-10-20,222,3676,3898
1111,2016-10-21,223,3726,3949
1111,2016-10-22,113,3197,3310
1111,2016-10-24,243,3380,3623
1111,2016-10-25,249,3504,3753
1111,2016-10-26,217,3503,3720
1111,2016-10-27,245,3703,3948
1111,2016-10-29,161,3501,3662
1111,2016-10-30,52,3706,3758
1111,2016-10-31,182,3670,3852
1111,2016-11-03,212,3365,3577
1111,2016-11-04,181,3221,3402
1111,2016-11-05,149,2851,3000
1111,2016-11-06,51,2563,2614
1111,2016-11-08,244,3456,3700
1111,2016-11-09,235,3330,3565
1111,2016-11-10,220,3623,3843
1111,2016-11-11,226,3768,3994
1111,2016-11-13,43,2526,2569
1111,2016-11-14,234,3356,3590
1111,2016-11-15,212,3306,3518
1111,2016-11-16,236,3301,3537
1111,2016-11-18,214,3640,3854
1111,2016-11-19,117,2859,2976
1111,2016-11-20,52,2273,2325
1111,2016-11-21,252,3318,3570
1111,2016-11-23,254,3358,3612
1111,2016-11-24,224,3698,3922
1111,2016-11-25,259,3865,4124
1111,2016-11-26,119,2768,2887
1111,2016-11-28,240,3413,3653
1111,2016-11-29,251,3552,3803
1111,2016-11-30,270,3615,3885
1111,2016-12-01,251,3633,3884
1111,2016-12-03,119,2977,3096
1111,2016-12-04,45,2615,2660
1111,2016-12-05,233,3360,3593
1111,2016-12-06,204,3409,3613
1111,2016-12-08,240,3570,3810
1111,2016-12-09,221,3683,3904
1111,2016-12-10,119,3156,3275
1111,2016-12-11,50,2879,2929
1111,2016-12-13,227,3369,3596
1111,2016-12-14,229,3496,3725
1111,2016-12-15,232,3599,3831
1111,2016-12-16,239,3628,3867
1111,2016-12-18,52,2207,2259
1111,2016-12-19,217,3249,3466
1111,2016-12-20,198,3450,3648
1111,2016-12-21,203,3399,3602
1111,2016-12-23,180,3437,3617
1111,2016-12-24,94,2308,2402
1111,2016-12-25,40,1819,1859
1111,2016-12-26,41,2149,2190
1111,2016-12-28,142,2745,2887
1111,2016-12-29,145,3065,3210
1111,2016-12-30,137,2789,2926
1111,2016-12-31,99,2251,2350
1113,2016-01-01,9,986,995
1113,2016-01-02,13,1129,1142
1113,2016-01-04,35,1778,1813
1113,2016-01-05,55,1900,1955
1113,2016-01-06,49,1897,1946
1113,2016-01-07,64,1971,2035
1113,2016-01-09,28,1369,1397
1113,2016-01-10,2,1150,1152
1113,2016-01-11,66,1927,1993
1113,2016-01-12,88,2133,2221
1113,2016-01-14,71,2004,2075
1113,2016-01-15,73,1788,1861
1113,2016-01-16,21,1250,1271
1113,2016-01-17,15,1065,1080
1113,2016-01-19,69,2010,2079
1113,2016-01-20,81,2039,2120
1113,2016-01-21,96,2105,2201
1113,2016-01-22,83,1934,2017
1113,2016-01-24,5,1240,1245
1113,2016-01-25,61,2087,2148
1113,2016-01-26,92,2149,2241
1113,2016-01-27,96,2144,2240
1113,2016-01-29,97,2277,2374
1113,2016-01-30,24,1524,1548
1113,2016-01-31,15,1195,1210
1113,2016-02-01,82,2014,2096
1113,2016-02-03,105,2098,2203
1113,2016-02-04,91,2023,2114
1113,2016-02-05,104,2139,2243
1113,2016-02-06,45,1436,1481
1113,2016-02-08,50,1430,1480
1113,2016-02-09,75,1635,1710
1113,2016-02-10,130,1746,1876
1113,2016-02-11,101,1943,2044
1113,2016-02-13,30,1317,1347
1113,2016-02-14,11,1123,1134
1113,2016-02-15,103,1970,2073
1113,2016-02-16,90,2296,2386
1113,2016-02-18,121,2168,2289
1113,2016-02-19,103,2215,2318
1113,2016-02-20,25,1532,1557
1113,2016-02-21,4,1212,1216
1113,2016-02-23,122,2283,2405
1113,2016-02-24,104,2103,2207
1113,2016-02-25,122,2160,2282
1113,2016-02-26,101,2246,2347
1113,2016-02-28,20,1402,1422
1113,2016-02-29,116,2128,2244
1113,2016-03-01,138,2207,2345
1113,2016-03-02,116,2136,2252
1113,2016-03-04,107,2160,2267
1113,2016-03-05,27,1505,1532
1113,2016-03-06,6,1314,1320
1113,2016-03-07,133,2065,2198
1113,2016-03-09,104,2212,2316
1113,2016-03-10,141,2358,2499
1113,2016-03-11,122,2281,2403
1113,2016-03-12,38,1783,1821
1113,2016-03-14,107,2119,2226
1113,2016-03-15,127,2275,2402
1113,2016-03-16,118,2251,2369
1113,2016-03-17,163,2372,2535
1113,2016-03-19,53,1833,1886
1113,2016-03-20,31,1562,1593
1113,2016-03-21,95,2104,2199
1113,2016-03-22,131,2384,2515
1113,2016-03-24,149,2282,2431
1113,2016-03-25,99,2152,2251
1113,2016-03-26,35,1858,1893
1113,2016-03-30,88,2116,2204
1113,2016-03-31,128,2041,2169
1113,2016-04-01,115,2143,2258
1113,2016-04-03,12,1691,1703
1113,2016-04-04,107,2056,2163
1113,2016-04-05,99,2169,2268
1113,2016-04-06,113,2196,2309
1113,2016-04-08,133,2283,2416
1113,2016-04-09,50,2023,2073
1113,2016-04-10,30,2151,2181
1113,2016-04-11,108,2317,2425
1113,2016-04-13,89,2330,2419
1113,2016-04-14,113,2454,2567
1113,2016-04-15,131,2398,2529
1113,2016-04-16,40,1942,1982
1113,2016-04-18,130,2282,2412
1113,2016-04-19,146,2407,2553
1113,2016-04-20,166,2481,2647
1113,2016-04-21,130,2550,2680
1113,2016-04-23,58,1816,1874
1113,2016-04-24,17,1676,1693
1113,2016-04-25,106,2150,2256
1113,2016-04-26,119,2397,2516
1113,2016-04-28,119,2518,2637
1113,2016-04-29,85,2677,2762
1113,2016-04-30,70,2077,2147
1113,2016-05-01,23,1781,1804
1113,2016-05-03,140,2548,2688
1113,2016-05-04,130,2787,2917
1113,2016-05-05,43,2998,3041
1113,2016-05-06,99,3109,3208
1113,2016-05-08,63,2809,2872
1113,2016-05-09,106,2418,2524
1113,2016-05-10,132,2378,2510
1113,2016-05-11,130,2401,2531
1113,2016-05-13,137,2545,2682
1113,2016-05-14,72,2444,2516
1113,2016-05-15,31,2231,2262
1113,2016-05-16,28,1647,1675
1113,2016-05-18,106,2153,2259
1113,2016-05-19,110,2192,2302
1113,2016-05-20,148,2260,2408
1113,2016-05-21,82,2106,2188
1113,2016-05-23,94,2180,2274
1113,2016-05-24,129,2484,2613
1113,2016-05-25,134,2422,2556
1113,2016-05-26,112,2650,2762
1113,2016-05-28,57,2535,2592
1113,2016-05-29,26,1582,1608
1113,2016-05-30,62,2188,2250
1113,2016-05-31,103,2356,2459
1113,2016-06-02,127,2355,2482
1113,2016-06-03,138,2584,2722
1113,2016-06-04,65,1939,2004
1113,2016-06-05,38,1845,1883
1113,2016-06-07,135,2488,2623
1113,2016-06-08,90,2414,2504
1113,2016-06-09,122,2622,2744
1113,2016-06-10,166,2951,3117
1113,2016-06-12,18,2040,2058
1113,2016-06-13,82,2392,2474
1113,2016-06-14,127,2374,2501
1113,2016-06-15,118,2454,2572
1113,2016-06-17,132,2466,2598
1113,2016-06-18,64,2269,2333
1113,2016-06-19,25,1972,1997
1113,2016-06-20,131,2303,2434
1113,2016-06-22,122,2599,2721
1113,2016-06-23,45,1950,1995
1113,2016-06-24,101,2384,2485
1113,2016-06-25,38,1840,1878
1113,2016-06-27,135,2691,2826
1113,2016-06-28,124,2539,2663
1113,2016-06-29,127,2653,2780
1113,2016-06-30,123,2441,2564
1113,2016-07-02,60,2358,2418
1113,2016-07-03,31,2165,2196
1113,2016-07-04,101,2362,2463
1113,2016-07-05,103,2612,2715
1113,2016-07-07,148,2791,2939
1113,2016-07-08,142,2788,2930
1113,2016-07-09,90,2555,2645
1113,2016-07-10,40,2635,2675
1113,2016-07-12,134,2809,2943
1113,2016-07-13,105,2663,2768
1113,2016-07-14,118,2742,2860
1113,2016-07-15,127,2756,2883
1113,2016-07-17,47,2432,2479
1113,2016-07-18,133,2642,2775
1113,2016-07-19,135,2962,3097
1113,2016-07-20,149,2958,3107
1113,2016-07-22,104,2866,2970
1113,2016-07-23,60,2122,2182
1113,2016-07-24,28,2334,2362
1113,2016-07-25,102,2605,2707
1113,2016-07-27,118,3076,3194
1113,2016-07-28,121,2681,2802
1113,2016-07-29,75,2715,2790
1113,2016-07-30,63,2370,2433
1113,2016-08-01,105,2379,2484
1113,2016-08-02,92,2269,2361
1113,2016-08-03,66,2266,2332
1113,2016-08-04,84,2299,2383
1113,2016-08-06,96,2401,2497
1113,2016-08-07,62,2759,2821
1113,2016-08-08,96,2504,2600
1113,2016-08-09,111,2543,2654
1113,2016-08-11,81,2413,2494
1113,2016-08-12,88,2502,2590
1113,2016-08-13,67,2583,2650
1113,2016-08-14,75,3110,3185
1113,2016-08-16,121,2576,2697
1113,2016-08-17,167,2617,2784
1113,2016-08-18,122,2280,2402
1113,2016-08-19,115,2430,2545
1113,2016-08-21,35,1868,1903
1113,2016-08-22,100,2245,2345
1113,2016-08-23,113,2438,2551
1113,2016-08-24,92,2584,2676
1113,2016-08-26,97,2516,2613
1113,2016-08-27,45,2194,2239
1113,2016-08-28,46,2059,2105
1113,2016-08-29,90,2252,2342
1113,2016-08-31,102,2530,2632
1113,2016-09-01,126,2424,2550
1113,2016-09-02,90,2461,2551
1113,2016-09-03,41,2127,2168
1113,2016-09-05,129,2153,2282
1113,2016-09-06,103,2424,2527
1113,2016-09-07,115,2218,2333
1113,2016-09-08,109,2308,2417
1113,2016-09-10,63,2203,2266
1113,2016-09-11,24,2165,2189
1113,2016-09-12,133,2420,2553
1113,2016-09-13,133,2547,2680
1113,2016-09-15,120,2478,2598
1113,2016-09-16,122,2686,2808
1113,2016-09-17,64,2134,2198
1113,2016-09-18,27,1827,1854
1113,2016-09-20,190,2675,2865
1113,2016-09-21,161,2767,2928
1113,2016-09-22,191,2859,3050
1113,2016-09-23,166,2729,2895
1113,2016-09-25,60,2230,2290
1113,2016-09-26,177,2315,2492
1113,2016-09-27,134,2554,2688
1113,2016-09-28,123,2472,2595
1113,2016-09-30,95,2465,2560
1113,2016-10-01,29,1909,1938
1113,2016-10-02,16,1804,1820
1113,2016-10-03,104,2276,2380
1113,2016-10-05,96,2321,2417
1113,2016-10-06,120,2445,2565
1113,2016-10-07,140,2428,2568
1113,2016-10-08,54,1869,1923
1113,2016-10-10,97,2228,2325
1113,2016-10-11,132,2341,2473
1113,2016-10-12,122,2337,2459
1113,2016-10-13,113,2417,2530
1113,2016-10-15,54,1972,2026
1113,2016-10-16,22,2030,2052
1113,2016-10-17,109,2292,2401
1113,2016-10-18,112,2518,2630
1113,2016-10-20,116,2478,2594
1113,2016-10-21,157,2555,2712
1113,2016-10-22,63,1985,2048
1113,2016-10-23,27,1683,1710
1113,2016-10-25,139,2531,2670
1113,2016-10-26,159,2498,2657
1113,2016-10-27,185,2567,2752
1113,2016-10-28,141,2714,2855
1113,2016-10-30,13,1914,1927
1113,2016-10-31,56,2106,2162
1113,2016-11-01,17,1729,1746
1113,2016-11-02,92,2257,2349
1113,2016-11-05,26,1717,1743
1113,2016-11-06,23,1845,1868
1113,2016-11-07,139,2190,2329
1113,2016-11-09,130,1899,2029
1113,2016-11-10,144,1935,2079
1113,2016-11-11,119,2048,2167
1113,2016-11-12,23,1723,1746
1113,2016-11-14,125,2219,2344
1113,2016-11-15,88,2219,2307
1113,2016-11-16,95,2172,2267
1113,2016-11-17,86,2304,2390
1113,2016-11-19,42,1894,1936
1113,2016-11-20,7,1285,1292
1113,2016-11-21,64,2168,2232
1113,2016-11-22,107,2228,2335
1113,2016-11-24,125,2319,2444
1113,2016-11-25,117,2446,2563
1113,2016-11-26,39,1684,1723
1113,2016-11-27,16,1440,1456
1113,2016-11-29,88,2448,2536
1113,2016-11-30,118,2351,2469
1113,2016-12-01,100,2342,2442
1113,2016-12-02,92,2478,2570
1113,2016-12-04,18,1733,1751
1113,2016-12-05,105,2181,2286
1113,2016-12-06,131,2354,2485
1113,2016-12-07,145,2175,2320
1113,2016-12-09,79,2380,2459
1113,2016-12-10,39,1817,1856
1113,2016-12-11,13,1487,1500
1113,2016-12-12,101,2208,2309
1113,2016-12-14,98,2208,2306
1113,2016-12-15,97,2285,2382
1113,2016-12-16,124,2394,2518
1113,2016-12-17,43,1727,1770
1113,2016-12-19,112,2179,2291
1113,2016-12-20,113,2298,2411
1113,2016-12-21,89,2240,2329
1113,2016-12-22,82,2230,2312
1113,2016-12-24,15,1282,1297
1113,2016-12-25,2,1112,1114
1113,2016-12-26,12,986,998
1113,2016-12-27,61,1371,1432
1113,2016-12-29,41,1520,1561
1113,2016-12-30,33,1454,1487
1113,2016-12-31,15,1028,1043
1114,2016-02-14,6,1048,1054
1114,2016-02-15,57,2327,2384
1114,2016-02-16,78,2511,2589
1114,2016-02-17,92,2397,2489
1114,2016-02-19,73,2443,2516
1114,2016-02-20,34,1384,1418
1114,2016-02-21,6,958,964
1114,2016-02-22,82,2316,2398
1114,2016-02-24,54,2414,2468
1114,2016-02-25,71,2538,2609
1114,2016-02-26,74,2476,2550
1114,2016-02-27,38,1587,1625
1114,2016-02-29,75,2417,2492
1114,2016-03-01,128,2418,2546
1114,2016-03-02,86,2392,2478
1114,2016-03-03,76,2384,2460
1114,2016-03-05,29,1488,1517
1114,2016-03-06,6,1036,1042
1114,2016-03-07,69,2330,2399
1114,2016-03-08,70,2442,2512
1114,2016-03-09,78,2414,2492
1114,2016-03-11,75,2625,2700
1114,2016-03-12,36,1578,1614
1114,2016-03-13,4,1231,1235
1114,2016-03-14,77,2409,2486
1114,2016-03-16,88,2437,2525
1114,2016-03-17,90,2645,2735
1114,2016-03-18,80,2669,2749
1114,2016-03-19,69,1627,1696
1114,2016-03-21,77,2395,2472
1114,2016-03-22,90,2588,2678
1114,2016-03-23,81,2489,2570
1114,2016-03-24,86,2608,2694
1114,2016-03-26,39,1698,1737
1114,2016-03-28,8,1106,1114
1114,2016-03-29,70,2206,2276
1114,2016-03-30,72,2280,2352
1114,2016-04-01,57,2411,2468
1114,2016-04-02,39,1489,1528
1114,2016-04-03,10,1230,1240
1114,2016-04-04,75,2167,2242
1114,2016-04-06,69,2381,2450
1114,2016-04-07,80,2380,2460
1114,2016-04-08,66,2499,2565
1114,2016-04-09,30,1653,1683
1114,2016-04-11,72,2406,2478
1114,2016-04-12,84,2542,2626
1114,2016-04-13,79,2453,2532
1114,2016-04-14,91,2636,2727
1114,2016-04-16,42,1680,1722
1114,2016-04-17,18,1456,1474
1114,2016-04-18,78,2276,2354
1114,2016-04-19,68,2287,2355
1114,2016-04-20,57,2325,2382
1114,2016-04-22,68,2413,2481
1114,2016-04-23,30,1383,1413
1114,2016-04-24,10,1104,1114
1114,2016-04-25,78,2290,2368
1114,2016-04-27,70,2324,2394
1114,2016-04-28,80,2416,2496
1114,2016-04-29,60,2389,2449
1114,2016-04-30,29,1368,1397
1114,2016-05-02,60,2151,2211
1114,2016-05-03,78,2442,2520
1114,2016-05-04,85,2375,2460
1114,2016-05-05,17,1562,1579
1114,2016-05-07,90,1677,1767
1114,2016-05-08,24,1567,1591
1114,2016-05-09,71,2279,2350
1114,2016-05-10,59,2310,2369
1114,2016-05-12,76,2326,2402
1114,2016-05-13,102,2464,2566
1114,2016-05-14,32,1510,1542
1114,2016-05-15,19,1327,1346
1114,2016-05-17,54,2269,2323
1114,2016-05-18,72,2264,2336
1114,2016-05-19,70,2151,2221
1114,2016-05-20,106,2326,2432
1114,2016-05-22,6,1256,1262
1114,2016-05-23,72,2398,2470
1114,2016-05-24,83,2544,2627
1114,2016-05-25,85,2574,2659
1114,2016-05-26,82,2837,2919
1114,2016-05-28,46,1880,1926
1114,2016-05-29,8,1379,1387
1114,2016-05-30,76,2380,2456
1114,2016-05-31,84,2468,2552
1114,2016-06-02,80,2550,2630
1114,2016-06-03,83,2707,2790
1114,2016-06-04,52,2096,2148
1114,2016-06-05,8,1568,1576
1114,2016-06-07,88,2514,2602
1114,2016-06-08,73,2635,2708
1114,2016-06-09,79,2746,2825
1114,2016-06-10,77,2834,2911
1114,2016-06-12,4,1510,1514
1114,2016-06-13,72,2434,2506
1114,2016-06-14,74,2582,2656
1114,2016-06-15,74,2614,2688
1114,2016-06-17,76,2626,2702
1114,2016-06-18,36,1782,1818
1114,2016-06-19,2,1539,1541
1114,2016-06-20,84,2418,2502
1114,2016-06-22,87,2733,2820
1114,2016-06-23,14,1462,1476
1114,2016-06-24,74,2190,2264
1114,2016-06-25,32,1524,1556
1114,2016-06-26,12,1352,1364
1114,2016-06-28,74,2760,2834
1114,2016-06-29,71,2660,2731
1114,2016-06-30,92,2534,2626
1114,2016-07-01,64,2745,2809
1114,2016-07-03,23,1459,1482
1114,2016-07-04,69,2478,2547
1114,2016-07-05,69,2658,2727
1114,2016-07-06,83,2640,2723
1114,2016-07-08,105,2950,3055
1114,2016-07-09,63,1890,1953
1114,2016-07-10,20,1762,1782
1114,2016-07-11,85,2696,2781
1114,2016-07-13,120,2728,2848
1114,2016-07-14,108,2804,2912
1114,2016-07-15,70,2879,2949
1114,2016-07-16,41,1951,1992
1114,2016-07-18,99,2532,2631
1114,2016-07-19,106,2795,2901
1114,2016-07-20,77,2701,2778
1114,2016-07-21,90,2618,2708
1114,2016-07-22,92,2586,2678
1114,2016-07-24,4,1719,1723
1114,2016-07-25,85,2515,2600
1114,2016-07-26,80,2470,2550
1114,2016-07-27,68,2670,2738
1114,2016-07-29,54,2514,2568
1114,2016-07-30,35,1768,1803
1114,2016-07-31,33,1645,1678
1114,2016-08-01,53,2166,2219
1114,2016-08-03,72,2314,2386
1114,2016-08-04,58,2072,2130
1114,2016-08-05,60,2228,2288
1114,2016-08-06,43,1816,1859
1114,2016-08-08,58,2120,2178
1114,2016-08-09,63,2211,2274
1114,2016-08-10,56,2096,2152
1114,2016-08-11,57,2169,2226
1114,2016-08-13,55,2216,2271
1114,2016-08-14,28,2256,2284
1114,2016-08-15,46,1672,1718
1114,2016-08-16,65,2321,2386
1114,2016-08-18,63,2214,2277
1114,2016-08-19,67,2174,2241
1114,2016-08-20,49,1561,1610
1114,2016-08-21,7,1380,1387
1114,2016-08-23,77,2313,2390
1114,2016-08-24,82,2450,2532
1114,2016-08-25,92,2531,2623
1114,2016-08-26,81,2484,2565
1114,2016-08-28,14,1624,1638
1114,2016-08-29,141,3200,3341
1114,2016-08-30,109,3463,3572
1114,2016-08-31,153,3527,3680
1114,2016-09-02,112,2844,2956
1114,2016-09-03,44,1740,1784
1114,2016-09-04,8,1172,1180
1114,2016-09-05,64,2287,2351
1114,2016-09-06,53,2440,2493
1114,2016-09-08,77,2683,2760
1114,2016-09-09,64,2572,2636
1114,2016-09-10,41,1714,1755
1114,2016-09-11,7,1736,1743
1114,2016-09-13,83,2670,2753
1114,2016-09-14,62,2673,2735
1114,2016-09-15,94,2620,2714
1114,2016-09-16,74,2744,2818
1114,2016-09-18,4,1362,1366
1114,2016-09-19,93,2742,2835
1114,2016-09-20,89,2717,2806
1114,2016-09-21,74,2674,2748
1114,2016-09-23,78,2754,2832
1114,2016-09-24,47,1877,1924
1114,2016-09-25,9,1743,1752
1114,2016-09-26,118,2651,2769
1114,2016-09-27,68,2743,2811
1114,2016-09-29,112,2865,2977
1114,2016-09-30,88,2732,2820
1114,2016-10-01,38,1678,1716
1114,2016-10-02,8,1530,1538
1114,2016-10-04,82,2807,2889
1114,2016-10-05,91,2846,2937
1114,2016-10-06,95,2810,2905
1114,2016-10-07,84,2914,2998
1114,2016-10-09,6,1416,1422
1114,2016-10-10,73,2489,2562
1114,2016-10-11,100,2639,2739
1114,2016-10-12,74,2695,2769
1114,2016-10-14,90,2686,2776
1114,2016-10-15,56,1666,1722
1114,2016-10-16,9,1842,1851
1114,2016-10-17,70,2428,2498
1114,2016-10-19,110,2484,2594
1114,2016-10-20,72,2674,2746
1114,2016-10-21,69,2675,2744
1114,2016-10-22,42,1711,1753
1114,2016-10-24,68,2520,2588
1114,2016-10-25,71,2870,2941
1114,2016-10-26,71,2851,2922
1114,2016-10-27,89,2861,2950
1114,2016-10-29,34,1783,1817
1114,2016-10-30,9,1655,1664
1114,2016-10-31,44,2207,2251
1114,2016-11-01,8,1296,1304
1114,2016-11-03,100,2867,2967
1114,2016-11-04,124,2948,3072
1114,2016-11-05,42,1478,1520
1114,2016-11-06,7,1345,1352
1114,2016-11-08,110,2898,3008
1114,2016-11-09,98,2630,2728
1114,2016-11-10,100,2744,2844
1114,2016-11-11,116,2812,2928
1114,2016-11-13,6,1258,1264
1114,2016-11-14,85,2689,2774
1114,2016-11-15,82,2642,2724
1114,2016-11-16,80,2751,2831
1114,2016-11-18,92,2798,2890
1114,2016-11-19,55,1780,1835
1114,2016-11-20,2,1198,1200
1114,2016-11-21,126,2642,2768
1114,2016-11-22,120,2730,2850
1114,2016-11-24,71,2871,2942
1114,2016-11-25,78,2945,3023
1114,2016-11-26,38,1687,1725
1114,2016-11-27,4,1322,1326
1114,2016-11-29,81,2876,2957
1114,2016-11-30,80,2761,2841
1114,2016-12-01,90,2887,2977
1114,2016-12-02,75,2928,3003
1114,2016-12-04,4,1268,1272
1114,2016-12-05,78,2717,2795
1114,2016-12-06,61,2798,2859
1114,2016-12-07,85,2803,2888
1114,2016-12-09,67,3038,3105
1114,2016-12-10,30,1938,1968
1114,2016-12-11,6,1903,1909
1114,2016-12-12,59,2677,2736
1114,2016-12-14,78,2890,2968
1114,2016-12-15,68,2908,2976
1114,2016-12-16,77,2866,2943
1114,2016-12-17,36,1669,1705
1114,2016-12-19,72,2670,2742
1114,2016-12-20,68,2778,2846
1114,2016-12-21,61,2663,2724
1114,2016-12-22,80,2588,2668
1114,2016-12-24,38,1232,1270
1114,2016-12-25,10,1091,1101
1114,2016-12-26,4,1026,1030
1114,2016-12-27,44,1488,1532
1114,2016-12-29,40,1630,1670
1114,2016-12-30,28,1604,1632
1114,2016-12-31,30,1035,1065
1117,2016-01-02,118,6721,6839
1117,2016-01-03,37,6342,6379
1117,2016-01-04,326,9750,10076
1117,2016-01-05,392,10303,10695
1117,2016-01-07,377,10755,11132
1117,2016-01-08,433,11066,11499
1117,2016-01-09,175,8071,8246
1117,2016-01-10,46,6768,6814
1117,2016-01-12,530,11258,11788
1117,2016-01-13,523,10851,11374
1117,2016-01-14,513,11099,11612
1117,2016-01-15,461,10539,11000
1117,2016-01-16,195,7843,8038
1117,2016-01-18,464,10547,11011
1117,2016-01-19,492,11005,11497
1117,2016-01-20,501,10932,11433
1117,2016-01-21,478,11225,11703
1117,2016-01-23,164,8009,8173
1117,2016-01-24,47,7311,7358
1117,2016-01-25,504,11096,11600
1117,2016-01-26,528,11742,12270
1117,2016-01-28,502,12199,12701
1117,2016-01-29,515,12383,12898
1117,2016-01-30,166,8496,8662
1117,2016-01-31,50,6843,6893
1117,2016-02-02,499,11351,11850
1117,2016-02-03,625,11638,12263
1117,2016-02-04,584,11200,11784
1117,2016-02-05,563,11351,11914
1117,2016-02-07,61,6607,6668
1117,2016-02-08,387,8161,8548
1117,2016-02-09,507,9034,9541
1117,2016-02-10,545,10482,11027
1117,2016-02-12,535,10965,11500
1117,2016-02-13,183,7845,8028
1117,2016-02-14,46,7076,7122
1117,2016-02-15,527,10912,11439
1117,2016-02-17,579,11503,12082
1117,2016-02-18,594,11577,12171
1117,2016-02-19,523,11756,12279
1117,2016-02-20,175,8155,8330
1117,2016-02-22,536,10841,11377
1117,2016-02-23,532,11253,11785
1117,2016-02-24,590,11299,11889
1117,2016-02-25,579,11701,12280
1117,2016-02-26,577,11951,12528
1117,2016-02-28,71,7937,8008
1117,2016-02-29,563,11021,11584
1117,2016-03-01,565,11563,12128
1117,2016-03-02,539,11229,11768
1117,2016-03-04,503,11429,11932
1117,2016-03-05,174,8878,9052
1117,2016-03-06,56,7254,7310
1117,2016-03-07,569,11212,11781
1117,2016-03-09,589,11764,12353
1117,2016-03-10,557,12017,12574
1117,2016-03-11,592,12228,12820
1117,2016-03-12,193,9619,9812
1117,2016-03-14,562,11167,11729
1117,2016-03-15,582,11688,12270
1117,2016-03-16,578,11758,12336
1117,2016-03-17,596,12141,12737
1117,2016-03-18,557,12940,13497
1117,2016-03-19,245,9371,9616
1117,2016-03-20,72,7810,7882
1117,2016-03-22,594,11719,12313
1117,2016-03-23,633,11986,12619
1117,2016-03-24,618,12484,13102
1117,2016-03-25,336,12704,13040
1117,2016-03-26,208,10253,10461
1117,2016-03-28,61,6657,6718
1117,2016-03-30,550,10905,11455
1117,2016-03-31,532,10890,11422
1117,2016-04-01,594,11437,12031
1117,2016-04-02,254,9594,9848
1117,2016-04-04,595,11053,11648
1117,2016-04-05,621,11497,12118
1117,2016-04-06,615,11615,12230
1117,2016-04-07,579,11774,12353
1117,2016-04-09,215,9494,9709
1117,2016-04-10,65,9839,9904
1117,2016-04-11,563,11562,12125
1117,2016-04-12,610,12340,12950
1117,2016-04-14,578,12295,12873
1117,2016-04-15,623,12823,13446
1117,2016-04-16,214,10083,10297
1117,2016-04-17,78,9118,9196
1117,2016-04-19,642,11877,12519
1117,2016-04-20,649,12503,13152
1117,2016-04-21,619,12660,13279
1117,2016-04-22,593,12751,13344
1117,2016-04-23,245,9717,9962
1117,2016-04-25,572,11245,11817
1117,2016-04-26,617,12294,12911
1117,2016-04-27,606,12071,12677
1117,2016-04-28,634,12402,13036
1117,2016-04-30,255,9934,10189
1117,2016-05-01,80,8811,8891
1117,2016-05-02,488,12019,12507
1117,2016-05-03,637,12282,12919
1117,2016-05-05,89,11798,11887
1117,2016-05-06,504,12844,13348
1117,2016-05-07,246,11505,11751
1117,2016-05-08,122,10970,11092
1117,2016-05-10,588,12249,12837
1117,2016-05-11,623,12586,13209
1117,2016-05-12,618,12907,13525
1117,2016-05-13,609,13296,13905
1117,2016-05-14,228,11169,11397
1117,2016-05-16,98,8707,8805
1117,2016-05-17,680,11706,12386
1117,2016-05-18,611,11455,12066
1117,2016-05-19,614,11656,12270
1117,2016-05-21,245,9999,10244
1117,2016-05-22,74,7795,7869
1117,2016-05-23,532,11589,12121
1117,2016-05-24,642,12291,12933
1117,2016-05-26,371,13480,13851
1117,2016-05-27,601,12948,13549
1117,2016-05-28,235,10467,10702
1117,2016-05-29,89,8201,8290
1117,2016-05-30,510,10727,11237
1117,2016-06-01,581,11841,12422
1117,2016-06-02,611,12202,12813
1117,2016-06-03,558,12461,13019
1117,2016-06-04,327,10184,10511
1117,2016-06-06,584,11330,11914
1117,2016-06-07,604,12344,12948
1117,2016-06-08,608,12186,12794
1117,2016-06-09,551,12670,13221
1117,2016-06-11,255,10080,10335
1117,2016-06-12,104,9698,9802
1117,2016-06-13,553,11352,11905
1117,2016-06-14,610,11781,12391
1117,2016-06-15,643,12010,12653
1117,2016-06-17,579,12255,12834
1117,2016-06-18,266,10314,10580
1117,2016-06-19,83,9820,9903
1117,2016-06-20,618,11442,12060
1117,2016-06-22,621,12196,12817
1117,2016-06-23,175,8649,8824
1117,2016-06-24,680,11307,11987
1117,2016-06-25,208,8604,8812
1117,2016-06-27,596,11859,12455
1117,2016-06-28,602,12636,13238
1117,2016-06-29,622,12605,13227
1117,2016-06-30,685,12739,13424
1117,2016-07-02,254,10456,10710
1117,2016-07-03,74,8825,8899
1117,2016-07-04,598,11943,12541
1117,2016-07-05,606,12556,13162
1117,2016-07-06,654,12409,13063
1117,2016-07-08,653,13124,13777
1117,2016-07-09,274,10975,11249
1117,2016-07-10,113,10231,10344
1117,2016-07-11,681,12397,13078
1117,2016-07-13,623,13006,13629
1117,2016-07-14,614,13085,13699
1117,2016-07-15,636,13347,13983
1117,2016-07-16,303,11351,11654
1117,2016-07-17,75,9662,9737
1117,2016-07-18,542,12234,12776
1117,2016-07-20,625,12940,13565
1117,2016-07-21,712,12886,13598
1117,2016-07-22,708,12884,13592
1117,2016-07-23,243,10199,10442
1117,2016-07-30,229,10186,10415
1117,2016-07-31,86,9450,9536
1117,2016-08-01,460,11014,11474
1117,2016-08-02,429,10864,11293
1117,2016-08-03,426,11119,11545
1117,2016-08-05,525,11532,12057
1117,2016-08-06,208,10591,10799
1117,2016-08-07,85,10752,10837
1117,2016-08-08,476,10714,11190
1117,2016-08-10,482,10902,11384
1117,2016-08-11,498,11087,11585
1117,2016-08-12,506,12961,13467
1117,2016-08-13,328,13484,13812
1117,2016-08-14,186,12807,12993
1117,2016-08-16,513,11434,11947
1117,2016-08-17,545,11305,11850
1117,2016-08-18,527,10734,11261
1117,2016-08-19,524,11059,11583
1117,2016-08-21,91,8165,8256
1117,2016-08-22,521,10979,11500
1117,2016-08-23,572,11704,12276
1117,2016-08-24,600,11719,12319
1117,2016-08-26,524,12244,12768
1117,2016-08-27,271,9729,10000
1117,2016-08-28,94,9236,9330
1117,2016-08-29,531,11136,11667
1117,2016-08-31,611,11811,12422
1117,2016-09-01,714,11828,12542
1117,2016-09-02,1026,12860,13886
1117,2016-09-03,391,10310,10701
1117,2016-09-05,572,10764,11336
1117,2016-09-06,588,11635,12223
1117,2016-09-07,658,11680,12338
1117,2016-09-08,653,11924,12577
1117,2016-09-09,582,12338,12920
1117,2016-09-11,93,9325,9418
1117,2016-09-12,592,11890,12482
1117,2016-09-13,614,12146,12760
1117,2016-09-14,635,12412,13047
1117,2016-09-16,627,13071,13698
1117,2016-09-17,271,9612,9883
1117,2016-09-18,73,8065,8138
1117,2016-09-19,610,11830,12440
1117,2016-09-21,602,12343,12945
1117,2016-09-22,594,12448,13042
1117,2016-09-23,633,12850,13483
1117,2016-09-24,211,10639,10850
1117,2016-09-26,633,11976,12609
1117,2016-09-27,605,12608,13213
1117,2016-09-28,599,12240,12839
1117,2016-09-29,636,12739,13375
1117,2016-10-01,240,10088,10328
1117,2016-10-02,63,8595,8658
1117,2016-10-03,328,12730,13058
1117,2016-10-04,566,12608,13174
1117,2016-10-05,671,12437,13108
1117,2016-10-07,616,12942,13558
1117,2016-10-08,266,9533,9799
1117,2016-10-09,48,8174,8222
1117,2016-10-10,567,11553,12120
1117,2016-10-12,587,11988,12575
1117,2016-10-13,603,12272,12875
1117,2016-10-14,604,12715,13319
1117,2016-10-15,247,10103,10350
1117,2016-10-17,588,11775,12363
1117,2016-10-18,600,12151,12751
1117,2016-10-19,542,12070,12612
1117,2016-10-20,571,12259,12830
1117,2016-10-22,261,9806,10067
1117,2016-10-23,61,8065,8126
1117,2016-10-24,458,11293,11751
1117,2016-10-25,555,12003,12558
1117,2016-10-27,534,12339,12873
1117,2016-10-28,567,13123,13690
1117,2016-10-29,226,10481,10707
1117,2016-10-30,49,9933,9982
1117,2016-11-01,55,8876,8931
1117,2016-11-02,534,11808,12342
1117,2016-11-03,525,12166,12691
1117,2016-11-04,506,11762,12268
1117,2016-11-06,50,7561,7611
1117,2016-11-07,553,11536,12089
1117,2016-11-08,603,11955,12558
1117,2016-11-09,590,11740,12330
1117,2016-11-11,493,12503,12996
1117,2016-11-12,236,9656,9892
1117,2016-11-13,39,7662,7701
1117,2016-11-14,541,11598,12139
1117,2016-11-16,577,11628,12205
1117,2016-11-17,566,12024,12590
1117,2016-11-18,515,12193,12708
1117,2016-11-19,216,9348,9564
1117,2016-11-20,45,6724,6769
1117,2016-11-22,565,11837,12402
1117,2016-11-23,720,11888,12608
1117,2016-11-24,633,12333,12966
1117,2016-11-25,583,12673,13256
1117,2016-11-27,51,7297,7348
1117,2016-11-28,549,11653,12202
1117,2016-11-29,562,12259,12821
1117,2016-11-30,635,11988,12623
1117,2016-12-02,572,12805,13377
1117,2016-12-03,203,9450,9653
1117,2016-12-04,52,8334,8386
1117,2016-12-05,530,11934,12464
1117,2016-12-07,602,11915,12517
1117,2016-12-08,633,12467,13100
1117,2016-12-09,682,12938,13620
1117,2016-12-10,248,10278,10526
1117,2016-12-12,598,11615,12213
1117,2016-12-13,633,12108,12741
1117,2016-12-14,620,12092,12712
1117,2016-12-15,636,12385,13021
1117,2016-12-17,320,9727,10047
1117,2016-12-18,71,7434,7505
1117,2016-12-19,619,11698,12317
1117,2016-12-20,665,12633,13298
1117,2016-12-22,511,12409,12920
1117,2016-12-23,480,12278,12758
1117,2016-12-24,236,7975,8211
1117,2016-12-25,39,5310,5349
1117,2016-12-27,355,9348,9703
1117,2016-12-28,343,9261,9604
1117,2016-12-29,387,9870,10257
1117,2016-12-30,331,9721,10052
1119,2016-01-02,59,2238,2297
1119,2016-01-03,30,1960,1990
1119,2016-01-04,106,3166,3272
1119,2016-01-05,123,3349,3472
1119,2016-01-07,122,3404,3526
1119,2016-01-08,136,3671,3807
1119,2016-01-09,67,2752,2819
1119,2016-01-10,26,2120,2146
1119,2016-01-12,202,3484,3686
1119,2016-01-13,160,3334,3494
1119,2016-01-14,143,3607,3750
1119,2016-01-15,134,3607,3741
1119,2016-01-17,32,2087,2119
1119,2016-01-18,151,3395,3546
1119,2016-01-19,164,3419,3583
1119,2016-01-20,146,3431,3577
1119,2016-01-22,129,3558,3687
1119,2016-01-23,75,2761,2836
1119,2016-01-24,24,2136,2160
1119,2016-01-25,152,3473,3625
1119,2016-01-27,169,3483,3652
1119,2016-01-28,162,3742,3904
1119,2016-01-29,180,3823,4003
1119,2016-01-30,92,3030,3122
1119,2016-01-31,25,2233,2258
1119,2016-02-02,228,3508,3736
1119,2016-02-03,191,3627,3818
1119,2016-02-04,167,3546,3713
1119,2016-02-05,150,3765,3915
1119,2016-02-07,33,2118,2151
1119,2016-02-08,136,2348,2484
1119,2016-02-09,129,2916,3045
1119,2016-02-10,166,3148,3314
1119,2016-02-12,135,3510,3645
1119,2016-02-13,56,2638,2694
1119,2016-02-14,30,2375,2405
1119,2016-02-15,177,3445,3622
1119,2016-02-17,180,3562,3742
1119,2016-02-18,197,3667,3864
1119,2016-02-19,184,3936,4120
1119,2016-02-20,52,2887,2939
1119,2016-02-21,25,2344,2369
1119,2016-02-23,230,3522,3752
1119,2016-02-24,163,3516,3679
1119,2016-02-25,179,3883,4062
1119,2016-02-26,191,3820,4011
1119,2016-02-28,35,2571,2606
1119,2016-02-29,176,3540,3716
1119,2016-03-01,191,3593,3784
1119,2016-03-02,226,3526,3752
1119,2016-03-04,140,3863,4003
1119,2016-03-05,64,3103,3167
1119,2016-03-06,34,2327,2361
1119,2016-03-07,238,3456,3694
1119,2016-03-09,183,3686,3869
1119,2016-03-10,196,3763,3959
1119,2016-03-11,187,3881,4068
1119,2016-03-12,68,3476,3544
1119,2016-03-14,188,3488,3676
1119,2016-03-15,207,3610,3817
1119,2016-03-16,204,3568,3772
1119,2016-03-17,174,3833,4007
1119,2016-03-19,86,3258,3344
1119,2016-03-20,26,2560,2586
1119,2016-03-21,186,3511,3697
1119,2016-03-22,168,3626,3794
1119,2016-03-23,168,3584,3752
1119,2016-03-25,143,3839,3982
1119,2016-03-26,73,3630,3703
1119,2016-03-28,48,2102,2150
1119,2016-03-30,147,3437,3584
1119,2016-03-31,180,3438,3618
1119,2016-04-01,143,3691,3834
1119,2016-04-02,66,3352,3418
1119,2016-04-04,175,3465,3640
1119,2016-04-05,154,3474,3628
1119,2016-04-06,150,3600,3750
1119,2016-04-07,181,3685,3866
1119,2016-04-09,87,3544,3631
1119,2016-04-10,40,3483,3523
1119,2016-04-11,195,3698,3893
1119,2016-04-12,246,3720,3966
1119,2016-04-14,181,3858,4039
1119,2016-04-15,180,4023,4203
1119,2016-04-16,86,3754,3840
1119,2016-04-17,32,3159,3191
1119,2016-04-19,193,3999,4192
1119,2016-04-20,206,4180,4386
1119,2016-04-21,193,4298,4491
1119,2016-04-22,174,4087,4261
1119,2016-04-24,37,2923,2960
1119,2016-04-25,242,3660,3902
1119,2016-04-26,318,3998,4316
1119,2016-04-27,210,4006,4216
1119,2016-04-28,207,4062,4269
1119,2016-04-30,106,3596,3702
1119,2016-05-01,31,2884,2915
1119,2016-05-02,201,3919,4120
1119,2016-05-03,201,4067,4268
1119,2016-05-05,62,4546,4608
1119,2016-05-06,231,4563,4794
1119,2016-05-07,101,4609,4710
1119,2016-05-08,54,4215,4269
1119,2016-05-10,274,4042,4316
1119,2016-05-11,190,4121,4311
1119,2016-05-12,179,4197,4376
1119,2016-05-13,274,4328,4602
1119,2016-05-14,95,3734,3829
1119,2016-05-16,53,3051,3104
1119,2016-05-17,186,4017,4203
1119,2016-05-18,219,3811,4030
1119,2016-05-19,160,3975,4135
1119,2016-05-21,124,3423,3547
1119,2016-05-22,37,2706,2743
1119,2016-05-23,154,3617,3771
1119,2016-05-24,189,3693,3882
1119,2016-05-25,217,3995,4212
1119,2016-05-27,198,4346,4544
1119,2016-05-28,71,3839,3910
1119,2016-05-29,44,2892,2936
1119,2016-05-30,202,3582,3784
1119,2016-06-01,238,3802,4040
1119,2016-06-02,202,3952,4154
1119,2016-06-03,203,4338,4541
1119,2016-06-04,112,3932,4044
1119,2016-06-06,240,3652,3892
1119,2016-06-07,201,3944,4145
1119,2016-06-08,302,3852,4154
1119,2016-06-09,215,4307,4522
1119,2016-06-11,109,3770,3879
1119,2016-06-12,38,3130,3168
1119,2016-06-13,234,3610,3844
1119,2016-06-14,181,3845,4026
1119,2016-06-16,220,3918,4138
1119,2016-06-17,266,4098,4364
1119,2016-06-18,86,3874,3960
1119,2016-06-19,41,3463,3504
1119,2016-06-20,180,3725,3905
1119,2016-06-22,195,4000,4195
1119,2016-06-23,50,3103,3153
1119,2016-06-24,177,3835,4012
1119,2016-06-25,84,3098,3182
1119,2016-06-27,191,3536,3727
1119,2016-06-28,178,3853,4031
1119,2016-06-29,185,3878,4063
1119,2016-06-30,213,4043,4256
1119,2016-07-02,108,4051,4159
1119,2016-07-03,40,3169,3209
1119,2016-07-04,182,3706,3888
1119,2016-07-05,170,3856,4026
1119,2016-07-07,189,4283,4472
1119,2016-07-08,233,4234,4467
1119,2016-07-09,87,3988,4075
1119,2016-07-10,47,3905,3952
1119,2016-07-12,175,3932,4107
1119,2016-07-13,204,3950,4154
1119,2016-07-14,200,4044,4244
1119,2016-07-15,170,4225,4395
1119,2016-07-17,48,3424,3472
1119,2016-07-18,242,5567,5809
1119,2016-07-19,244,6548,6792
1119,2016-07-20,232,6555,6787
1119,2016-07-22,223,6915,7138
1119,2016-07-23,114,5492,5606
1119,2016-07-24,52,4935,4987
1119,2016-07-25,198,6284,6482
1119,2016-08-01,167,5476,5643
1119,2016-08-02,139,4982,5121
1119,2016-08-03,113,4407,4520
1119,2016-08-04,120,4069,4189
1119,2016-08-06,77,4295,4372
1119,2016-08-07,52,4418,4470
1119,2016-08-08,142,3670,3812
1119,2016-08-09,162,3751,3913
1119,2016-08-10,134,3710,3844
1119,2016-08-12,135,4283,4418
1119,2016-08-13,96,4453,4549
1119,2016-08-14,55,4650,4705
1119,2016-08-15,69,3530,3599
1119,2016-08-17,134,3660,3794
1119,2016-08-18,159,3591,3750
1119,2016-08-19,140,3710,3850
1119,2016-08-20,78,3020,3098
1119,2016-08-22,124,3497,3621
1119,2016-08-23,113,4064,4177
1119,2016-08-24,136,3747,3883
1119,2016-08-25,162,3807,3969
1119,2016-08-27,76,3525,3601
1119,2016-08-28,36,3199,3235
1119,2016-08-29,115,2740,2855
1119,2016-08-30,98,2951,3049
1119,2016-09-01,136,3814,3950
1119,2016-09-02,186,3985,4171
1119,2016-09-03,87,3454,3541
1119,2016-09-04,92,2796,2888
1119,2016-09-06,157,3624,3781
1119,2016-09-07,178,3795,3973
1119,2016-09-08,139,3999,4138
1119,2016-09-09,187,4191,4378
1119,2016-09-11,38,3407,3445
1119,2016-09-12,170,3852,4022
1119,2016-09-13,155,4111,4266
1119,2016-09-14,145,4074,4219
1119,2016-09-16,207,4117,4324
1119,2016-09-17,99,3550,3649
1119,2016-09-18,34,2978,3012
1119,2016-09-19,182,3781,3963
1119,2016-09-20,196,3922,4118
1119,2016-09-22,196,4133,4329
1119,2016-09-23,188,4179,4367
1119,2016-09-24,79,3741,3820
1119,2016-09-25,34,3516,3550
1119,2016-09-27,181,3970,4151
1119,2016-09-28,90,3778,3868
1119,2016-09-29,173,4083,4256
1119,2016-09-30,179,4035,4214
1119,2016-10-02,31,2946,2977
1119,2016-10-03,150,4060,4210
1119,2016-10-04,199,3853,4052
1119,2016-10-05,221,3872,4093
1119,2016-10-07,183,4047,4230
1119,2016-10-08,78,3168,3246
1119,2016-10-09,33,2691,2724
1119,2016-10-11,202,3725,3927
1119,2016-10-12,180,3698,3878
1119,2016-10-13,177,3928,4105
1119,2016-10-14,184,3927,4111
1119,2016-10-16,30,2887,2917
1119,2016-10-17,160,3636,3796
1119,2016-10-18,169,3747,3916
1119,2016-10-19,262,3620,3882
1119,2016-10-21,184,3801,3985
1119,2016-10-22,85,3263,3348
1119,2016-10-23,52,2627,2679
1119,2016-10-24,160,3561,3721
1119,2016-10-25,153,3686,3839
1119,2016-10-27,173,3901,4074
1119,2016-10-28,205,3968,4173
1119,2016-10-29,105,3496,3601
1119,2016-10-30,34,3408,3442
1119,2016-11-01,32,2518,2550
1119,2016-11-02,77,1341,1418
1119,2016-11-03,59,1194,1253
1119,2016-11-04,37,1340,1377
1119,2016-11-06,29,2385,2414
1119,2016-11-07,178,3330,3508
1119,2016-11-08,219,3584,3803
1119,2016-11-09,191,3432,3623
1119,2016-11-11,176,3816,3992
1119,2016-11-12,109,3192,3301
1119,2016-11-13,25,2282,2307
1119,2016-11-14,202,3501,3703
1119,2016-11-16,196,3509,3705
1119,2016-11-17,200,3651,3851
1119,2016-11-18,296,3630,3926
1119,2016-11-19,88,3102,3190
1119,2016-11-21,165,3439,3604
1119,2016-11-22,209,3539,3748
1119,2016-11-23,220,3759,3979
1119,2016-11-24,189,3711,3900
1119,2016-11-26,70,3105,3175
1119,2016-11-27,27,2450,2477
1119,2016-11-28,221,3499,3720
1119,2016-11-29,204,3600,3804
1119,2016-12-01,199,3707,3906
1119,2016-12-02,176,3598,3774
1119,2016-12-03,72,3028,3100
1119,2016-12-04,26,2374,2400
1119,2016-12-05,166,3542,3708
1119,2016-12-07,198,3630,3828
1119,2016-12-08,224,3759,3983
1119,2016-12-09,174,3889,4063
1119,2016-12-10,66,3272,3338
1119,2016-12-12,174,3367,3541
1119,2016-12-13,189,3476,3665
1119,2016-12-14,166,3527,3693
1119,2016-12-15,176,3724,3900
1119,2016-12-17,59,3048,3107
1119,2016-12-18,26,2201,2227
1119,2016-12-19,148,3390,3538
1119,2016-12-20,197,3623,3820
1119,2016-12-22,148,3602,3750
1119,2016-12-23,129,3552,3681
1119,2016-12-24,51,2435,2486
1119,2016-12-25,23,1595,1618
1119,2016-12-26,34,1644,1678
1119,2016-12-28,83,2688,2771
1119,2016-12-29,85,2979,3064
1119,2016-12-30,98,2980,3078
1119,2016-12-31,52,2157,2209
1202,2016-01-01,38,2721,2759
1202,2016-01-02,79,3913,3992
1202,2016-01-03,51,3245,3296
1202,2016-01-04,146,5525,5671
1202,2016-01-06,165,5793,5958
1202,2016-01-07,160,5926,6086
1202,2016-01-08,166,6933,7099
1202,2016-01-09,94,5367,5461
1202,2016-01-10,50,3714,3764
1202,2016-01-12,196,6520,6716
1202,2016-01-13,210,6754,6964
1202,2016-01-14,185,6321,6506
1202,2016-01-15,182,5995,6177
1202,2016-01-16,92,5120,5212
1202,2016-01-18,210,6503,6713
1202,2016-01-19,200,6729,6929
1202,2016-01-20,214,6703,6917
1202,2016-01-21,190,6879,7069
1202,2016-01-22,198,6525,6723
1202,2016-01-24,40,4128,4168
1202,2016-01-25,197,6493,6690
1202,2016-01-26,241,6987,7228
1202,2016-01-27,221,7112,7333
1202,2016-01-28,214,7043,7257
1202,2016-01-30,120,5322,5442
1202,2016-01-31,42,3856,3898
1202,2016-02-01,173,6221,6394
1202,2016-02-02,280,6444,6724
1202,2016-02-03,199,6729,6928
1202,2016-02-05,195,6802,6997
1202,2016-02-06,104,4964,5068
1202,2016-02-07,54,3409,3463
1202,2016-02-08,296,5114,5410
1202,2016-02-09,238,5196,5434
1202,2016-02-11,200,5961,6161
1202,2016-02-12,191,6196,6387
1202,2016-02-13,100,4041,4141
1202,2016-02-14,44,3429,3473
1202,2016-02-15,209,6569,6778
1202,2016-02-17,256,7044,7300
1202,2016-02-18,228,7077,7305
1202,2016-02-19,202,6944,7146
1202,2016-02-20,103,5079,5182
1202,2016-02-21,37,3554,3591
1202,2016-02-23,109,4118,4227
1202,2016-02-24,124,4208,4332
1202,2016-02-25,228,7137,7365
1202,2016-02-26,233,7416,7649
1202,2016-02-27,117,6439,6556
1202,2016-02-29,245,6889,7134
1202,2016-03-01,208,6870,7078
1202,2016-03-02,225,6893,7118
1202,2016-03-03,220,6890,7110
1202,2016-03-04,194,6207,6401
1202,2016-03-06,52,3820,3872
1202,2016-03-07,202,6492,6694
1202,2016-03-08,259,7444,7703
1202,2016-03-09,226,7323,7549
1202,2016-03-10,234,7183,7417
1202,2016-03-12,109,6172,6281
1202,2016-03-13,48,4442,4490
1202,2016-03-14,240,6701,6941
1202,2016-03-15,249,7186,7435
1202,2016-03-16,248,7002,7250
1202,2016-03-18,243,7797,8040
1202,2016-03-19,120,6087,6207
1202,2016-03-20,47,4394,4441
1202,2016-03-21,232,6853,7085
1202,2016-03-22,251,7304,7555
1202,2016-03-24,246,7513,7759
1202,2016-03-25,171,6903,7074
1202,2016-03-26,123,5372,5495
1202,2016-03-28,56,3058,3114
1202,2016-03-30,220,6480,6700
1202,2016-03-31,180,5776,5956
1202,2016-04-01,188,6979,7167
1202,2016-04-02,138,5219,5357
1202,2016-04-03,48,3742,3790
1202,2016-04-05,194,6276,6470
1202,2016-04-06,200,6684,6884
1202,2016-04-07,221,6862,7083
1202,2016-04-08,217,6910,7127
1202,2016-04-09,121,5688,5809
1202,2016-04-11,213,6684,6897
1202,2016-04-12,342,6930,7272
1202,2016-04-13,220,7010,7230
1202,2016-04-14,232,7387,7619
1202,2016-04-15,225,7510,7735
1202,2016-04-17,41,4428,4469
1202,2016-04-18,241,6936,7177
1202,2016-04-19,248,7468,7716
1202,2016-04-20,239,7320,7559
1202,2016-04-21,255,7579,7834
1202,2016-04-23,109,5733,5842
1202,2016-04-24,40,4355,4395
1202,2016-04-25,330,6184,6514
1202,2016-04-26,227,7210,7437
1202,2016-04-27,332,6656,6988
1202,2016-04-29,254,7716,7970
1202,2016-04-30,140,5809,5949
1202,2016-05-01,32,3939,3971
1202,2016-05-02,223,6637,6860
1202,2016-05-03,224,7444,7668
1202,2016-05-05,44,4347,4391
1202,2016-05-06,195,6960,7155
1202,2016-05-07,106,5866,5972
1202,2016-05-08,53,4846,4899
1202,2016-05-09,234,6835,7069
1202,2016-05-11,237,7107,7344
1202,2016-05-12,236,7429,7665
1202,2016-05-13,326,6890,7216
1202,2016-05-14,108,5602,5710
1202,2016-05-15,36,3750,3786
1202,2016-05-17,240,6697,6937
1202,2016-05-18,254,6856,7110
1202,2016-05-19,231,6625,6856
1202,2016-05-20,220,7100,7320
1202,2016-05-21,108,5473,5581
1202,2016-05-23,207,7063,7270
1202,2016-05-24,247,7703,7950
1202,2016-05-25,230,7461,7691
1202,2016-05-26,211,7499,7710
1202,2016-05-27,368,7308,7676
1202,2016-05-29,55,3800,3855
1202,2016-05-30,358,6014,6372
1202,2016-05-31,252,7039,7291
1202,2016-06-01,248,6393,6641
1202,2016-06-02,235,6964,7199
1202,2016-06-04,152,5664,5816
1202,2016-06-05,41,3988,4029
1202,2016-06-06,199,6863,7062
1202,2016-06-07,238,7236,7474
1202,2016-06-08,225,6869,7094
1202,2016-06-10,246,7640,7886
1202,2016-06-11,154,5720,5874
1202,2016-06-12,60,4436,4496
1202,2016-06-13,360,6302,6662
1202,2016-06-14,366,6636,7002
1202,2016-06-16,376,6814,7190
1202,2016-06-17,348,6848,7196
1202,2016-06-18,160,6098,6258
1202,2016-06-19,49,5320,5369
1202,2016-06-20,348,6250,6598
1202,2016-06-22,205,7787,7992
1202,2016-06-23,73,3910,3983
1202,2016-06-24,198,6386,6584
1202,2016-06-25,136,4730,4866
1202,2016-06-26,39,4140,4179
1202,2016-06-28,237,7568,7805
1202,2016-06-29,254,7375,7629
1202,2016-06-30,244,7737,7981
1202,2016-07-01,234,7867,8101
1202,2016-07-02,115,6245,6360
1202,2016-07-04,232,6751,6983
1202,2016-07-05,239,7307,7546
1202,2016-07-06,238,7285,7523
1202,2016-07-07,257,7578,7835
1202,2016-07-08,210,7353,7563
1202,2016-07-10,41,4371,4412
1202,2016-07-11,236,7196,7432
1202,2016-07-12,241,7439,7680
1202,2016-07-13,306,6874,7180
1202,2016-07-14,265,7685,7950
1202,2016-07-16,139,5568,5707
1202,2016-07-17,41,4135,4176
1202,2016-07-18,206,6933,7139
1202,2016-07-19,231,7066,7297
1202,2016-07-20,233,7047,7280
1202,2016-07-22,308,6666,6974
1202,2016-07-23,100,4788,4888
1202,2016-07-24,47,3929,3976
1202,2016-07-25,226,6690,6916
1202,2016-07-26,217,6388,6605
1202,2016-07-28,274,6536,6810
1202,2016-07-29,167,6588,6755
1202,2016-07-30,87,4815,4902
1202,2016-07-31,40,3741,3781
1202,2016-08-01,162,5580,5742
1202,2016-08-03,146,5667,5813
1202,2016-08-04,173,5585,5758
1202,2016-08-05,158,5927,6085
1202,2016-08-06,83,4388,4471
1202,2016-08-07,38,3672,3710
1202,2016-08-09,143,5655,5798
1202,2016-08-10,206,5282,5488
1202,2016-08-11,151,5566,5717
1202,2016-08-12,153,5739,5892
1202,2016-08-13,100,4284,4384
1202,2016-08-15,43,3146,3189
1202,2016-08-16,153,5631,5784
1202,2016-08-17,164,5505,5669
1202,2016-08-18,172,5389,5561
1202,2016-08-19,148,5617,5765
1202,2016-08-21,39,3219,3258
1202,2016-08-22,234,5908,6142
1202,2016-08-23,248,6185,6433
1202,2016-08-24,243,6180,6423
1202,2016-08-25,254,6235,6489
1202,2016-08-27,246,4550,4796
1202,2016-08-28,75,3750,3825
1202,2016-08-29,289,6385,6674
1202,2016-08-30,276,6700,6976
1202,2016-08-31,290,6780,7070
1202,2016-09-02,286,6975,7261
1202,2016-09-03,192,5540,5732
1202,2016-09-04,110,3564,3674
1202,2016-09-05,266,6652,6918
1202,2016-09-06,295,7008,7303
1202,2016-09-08,283,7210,7493
1202,2016-09-09,308,7321,7629
1202,2016-09-10,167,5756,5923
1202,2016-09-11,68,4383,4451
1202,2016-09-12,300,7139,7439
1202,2016-09-14,294,7557,7851
1202,2016-09-15,282,7507,7789
1202,2016-09-16,319,8149,8468
1202,2016-09-17,224,6561,6785
1202,2016-09-18,97,4701,4798
1202,2016-09-20,265,7780,8045
1202,2016-09-21,229,7662,7891
1202,2016-09-22,234,7726,7960
1202,2016-09-23,217,7761,7978
1202,2016-09-24,113,6220,6333
1202,2016-09-26,291,7689,7980
1202,2016-09-27,209,7645,7854
1202,2016-09-28,236,7578,7814
1202,2016-09-29,235,7444,7679
1202,2016-09-30,205,7590,7795
1202,2016-10-02,35,4457,4492
1202,2016-10-03,174,7020,7194
1202,2016-10-04,228,7320,7548
1202,2016-10-05,239,7366,7605
1202,2016-10-06,224,7947,8171
1202,2016-10-08,121,6521,6642
1202,2016-10-09,39,4273,4312
1202,2016-10-10,218,6953,7171
1202,2016-10-11,221,7525,7746
1202,2016-10-12,207,7373,7580
1202,2016-10-14,200,7763,7963
1202,2016-10-15,110,5922,6032
1202,2016-10-16,38,4426,4464
1202,2016-10-17,188,6823,7011
1202,2016-10-18,216,7435,7651
1202,2016-10-20,292,6756,7048
1202,2016-10-21,187,7738,7925
1202,2016-10-22,96,6252,6348
1202,2016-10-23,38,4301,4339
1202,2016-10-24,185,6145,6330
1202,2016-10-26,208,7811,8019
1202,2016-10-27,221,8130,8351
1202,2016-10-28,187,7769,7956
1202,2016-10-29,176,5788,5964
1202,2016-10-30,39,3838,3877
1202,2016-11-01,43,3797,3840
1202,2016-11-02,154,6967,7121
1202,2016-11-03,165,6946,7111
1202,2016-11-04,168,6909,7077
1202,2016-11-05,93,5028,5121
1202,2016-11-07,228,7254,7482
1202,2016-11-08,269,8021,8290
1202,2016-11-09,176,6685,6861
1202,2016-11-10,314,7254,7568
1202,2016-11-11,179,7786,7965
1202,2016-11-13,34,3984,4018
1202,2016-11-14,199,7042,7241
1202,2016-11-15,162,6801,6963
1202,2016-11-16,164,7019,7183
1202,2016-11-17,195,7102,7297
1202,2016-11-19,98,6138,6236
1202,2016-11-20,38,3858,3896
1202,2016-11-21,151,5795,5946
1202,2016-11-22,187,7044,7231
1202,2016-11-23,177,6902,7079
1202,2016-11-25,188,7758,7946
1202,2016-11-26,100,6145,6245
1202,2016-11-27,36,4101,4137
1202,2016-11-28,198,6918,7116
1202,2016-11-29,80,8012,8092
1202,2016-12-01,194,7373,7567
1202,2016-12-02,176,7584,7760
1202,2016-12-03,93,5971,6064
1202,2016-12-04,35,4243,4278
1202,2016-12-05,193,7345,7538
1202,2016-12-07,192,7110,7302
1202,2016-12-08,172,7530,7702
1202,2016-12-09,174,7403,7577
1202,2016-12-10,92,5863,5955
1202,2016-12-11,41,3968,4009
1202,2016-12-13,159,6898,7057
1202,2016-12-14,175,6939,7114
1202,2016-12-15,179,7185,7364
1202,2016-12-16,197,7685,7882
1202,2016-12-17,94,5807,5901
1202,2016-12-19,191,7022,7213
1202,2016-12-20,192,7345,7537
1202,2016-12-21,179,7291,7470
1202,2016-12-22,154,6808,6962
1202,2016-12-23,160,6964,7124
1202,2016-12-25,28,2846,2874
1202,2016-12-26,41,2648,2689
1202,2016-12-27,118,4937,5055
1202,2016-12-28,124,4969,5093
1202,2016-12-29,113,5185,5298
1202,2016-12-31,89,3797,3886
1204,2016-01-01,36,5901,5937
1204,2016-01-02,110,8043,8153
1204,2016-01-03,76,7111,7187
1204,2016-01-04,261,11901,12162
1204,2016-01-06,309,12710,13019
1204,2016-01-07,396,15442,15838
1204,2016-01-08,411,15053,15464
1204,2016-01-09,147,10706,10853
1204,2016-01-10,49,7107,7156
1204,2016-01-12,368,14160,14528
1204,2016-01-13,414,14653,15067
1204,2016-01-14,427,13572,13999
1204,2016-01-15,262,7758,8020
1204,2016-01-16,178,10054,10232
1204,2016-01-18,491,14420,14911
1204,2016-01-19,491,14914,15405
1204,2016-01-20,440,15114,15554
1204,2016-01-21,425,15362,15787
1204,2016-01-22,467,14217,14684
1204,2016-01-24,52,8556,8608
1204,2016-01-25,461,14737,15198
1204,2016-01-26,497,15725,16222
1204,2016-01-27,457,15840,16297
1204,2016-01-28,486,15593,16079
1204,2016-01-30,190,9135,9325
1204,2016-01-31,46,7644,7690
1204,2016-02-01,411,13827,14238
1204,2016-02-02,439,13850,14289
1204,2016-02-03,519,14599,15118
1204,2016-02-05,455,15157,15612
1204,2016-02-06,178,10661,10839
1204,2016-02-07,60,7335,7395
1204,2016-02-08,350,10310,10660
1204,2016-02-11,458,13485,13943
1204,2016-02-12,455,14353,14808
1204,2016-02-13,204,10486,10690
1204,2016-02-14,46,7377,7423
1204,2016-02-15,479,14565,15044
1204,2016-02-17,578,15897,16475
1204,2016-02-18,532,15733,16265
1204,2016-02-19,456,15108,15564
1204,2016-02-20,126,8821,8947
1204,2016-02-21,39,6994,7033
1204,2016-02-23,475,14162,14637
1204,2016-02-24,547,15694,16241
1204,2016-02-25,698,16770,17468
1204,2016-02-26,595,16500,17095
1204,2016-02-27,182,13321,13503
1204,2016-02-29,561,15310,15871
1204,2016-03-01,559,15275,15834
1204,2016-03-02,467,14322,14789
1204,2016-03-03,522,14734,15256
1204,2016-03-04,456,13944,14400
1204,2016-03-06,71,8441,8512
1204,2016-03-07,434,14632,15066
1204,2016-03-08,604,16083,16687
1204,2016-03-09,548,15787,16335
1204,2016-03-10,567,16203,16770
1204,2016-03-12,194,12819,13013
1204,2016-03-13,77,10579,10656
1204,2016-03-14,549,15108,15657
1204,2016-03-15,627,15800,16427
1204,2016-03-16,574,15847,16421
1204,2016-03-18,586,16912,17498
1204,2016-03-19,254,12599,12853
1204,2016-03-20,79,9684,9763
1204,2016-03-21,566,15081,15647
1204,2016-03-22,612,15670,16282
1204,2016-03-24,656,16352,17008
1204,2016-03-25,357,14374,14731
1204,2016-03-26,167,11988,12155
1204,2016-03-28,61,6646,6707
1204,2016-03-30,497,14106,14603
1204,2016-03-31,628,14940,15568
1204,2016-04-01,754,15688,16442
1204,2016-04-02,253,11576,11829
1204,2016-04-03,83,8671,8754
1204,2016-04-05,544,13637,14181
1204,2016-04-06,587,15142,15729
1204,2016-04-07,579,15761,16340
1204,2016-04-08,622,15887,16509
1204,2016-04-09,227,11862,12089
1204,2016-04-11,527,15485,16012
1204,2016-04-12,588,16177,16765
1204,2016-04-13,528,16189,16717
1204,2016-04-14,604,16647,17251
1204,2016-04-15,562,16774,17336
1204,2016-04-17,68,10763,10831
1204,2016-04-18,574,15856,16430
1204,2016-04-19,639,16645,17284
1204,2016-04-20,651,16845,17496
1204,2016-04-21,659,17046,17705
1204,2016-04-23,212,11846,12058
1204,2016-04-24,65,9877,9942
1204,2016-04-25,510,14112,14622
1204,2016-04-26,610,15920,16530
1204,2016-04-27,571,15472,16043
1204,2016-04-29,638,17511,18149
1204,2016-04-30,295,12311,12606
1204,2016-05-01,151,9796,9947
1204,2016-05-02,567,15834,16401
1204,2016-05-03,612,15944,16556
1204,2016-05-05,95,11562,11657
1204,2016-05-06,451,15418,15869
1204,2016-05-07,241,12954,13195
1204,2016-05-08,106,12299,12405
1204,2016-05-09,561,15656,16217
1204,2016-05-11,614,16244,16858
1204,2016-05-12,634,16925,17559
1204,2016-05-13,744,17104,17848
1204,2016-05-14,228,12501,12729
1204,2016-05-15,63,8937,9000
1204,2016-05-17,621,15502,16123
1204,2016-05-18,640,15271,15911
1204,2016-05-19,621,15162,15783
1204,2016-05-20,605,15830,16435
1204,2016-05-21,222,11958,12180
1204,2016-05-23,515,15127,15642
1204,2016-05-24,638,16735,17373
1204,2016-05-25,661,16616,17277
1204,2016-05-26,472,16957,17429
1204,2016-05-27,868,17910,18778
1204,2016-05-29,102,9684,9786
1204,2016-05-30,736,15606,16342
1204,2016-05-31,560,15330,15890
1204,2016-06-01,619,15415,16034
1204,2016-06-02,552,15792,16344
1204,2016-06-04,310,12440,12750
1204,2016-06-05,78,9628,9706
1204,2016-06-06,534,15886,16420
1204,2016-06-07,607,16520,17127
1204,2016-06-08,802,17260,18062
1204,2016-06-10,625,17319,17944
1204,2016-06-11,314,13728,14042
1204,2016-06-12,146,11050,11196
1204,2016-06-13,706,16362,17068
1204,2016-06-14,617,15555,16172
1204,2016-06-16,642,16305,16947
1204,2016-06-17,760,17432,18192
1204,2016-06-18,231,13321,13552
1204,2016-06-19,91,11004,11095
1204,2016-06-20,621,15362,15983
1204,2016-06-22,618,16940,17558
1204,2016-06-23,187,10002,10189
1204,2016-06-24,593,14568,15161
1204,2016-06-25,238,11548,11786
1204,2016-06-26,88,9829,9917
1204,2016-06-28,657,16893,17550
1204,2016-06-29,663,17225,17888
1204,2016-06-30,648,17042,17690
1204,2016-07-01,630,17998,18628
1204,2016-07-02,224,13483,13707
1204,2016-07-04,553,15364,15917
1204,2016-07-05,637,16701,17338
1204,2016-07-06,653,16999,17652
1204,2016-07-07,707,17497,18204
1204,2016-07-08,640,17452,18092
1204,2016-07-10,111,11498,11609
1204,2016-07-11,655,16806,17461
1204,2016-07-12,642,17256,17898
1204,2016-07-13,578,16041,16619
1204,2016-07-14,697,17344,18041
1204,2016-07-16,269,13835,14104
1204,2016-07-17,85,10501,10586
1204,2016-07-18,562,16032,16594
1204,2016-07-19,636,16756,17392
1204,2016-07-20,645,16535,17180
1204,2016-07-22,653,16287,16940
1204,2016-07-23,263,11148,11411
1204,2016-07-24,81,10587,10668
1204,2016-07-25,564,15504,16068
1204,2016-07-26,588,15045,15633
1204,2016-07-28,554,16158,16712
1204,2016-07-29,511,15577,16088
1204,2016-07-30,203,11496,11699
1204,2016-07-31,84,9711,9795
1204,2016-08-01,422,13627,14049
1204,2016-08-03,381,13017,13398
1204,2016-08-04,464,13465,13929
1204,2016-08-05,498,14032,14530
1204,2016-08-06,156,11052,11208
1204,2016-08-07,91,10297,10388
1204,2016-08-09,459,13573,14032
1204,2016-08-10,436,13537,13973
1204,2016-08-11,423,13517,13940
1204,2016-08-12,420,14176,14596
1204,2016-08-13,173,11597,11770
1204,2016-08-15,127,9056,9183
1204,2016-08-16,491,13676,14167
1204,2016-08-17,472,13571,14043
1204,2016-08-18,450,13395,13845
1204,2016-08-19,492,14075,14567
1204,2016-08-21,74,8609,8683
1204,2016-08-22,549,14238,14787
1204,2016-08-23,588,14861,15449
1204,2016-08-24,566,15025,15591
1204,2016-08-25,561,15034,15595
1204,2016-08-27,241,11189,11430
1204,2016-08-28,111,10051,10162
1204,2016-08-29,594,14882,15476
1204,2016-08-30,597,15659,16256
1204,2016-08-31,652,15927,16579
1204,2016-09-02,1018,17057,18075
1204,2016-09-03,368,13000,13368
1204,2016-09-04,106,9130,9236
1204,2016-09-05,616,15262,15878
1204,2016-09-06,626,16230,16856
1204,2016-09-08,722,16607,17329
1204,2016-09-09,717,16675,17392
1204,2016-09-10,247,12906,13153
1204,2016-09-11,114,10615,10729
1204,2016-09-12,644,16205,16849
1204,2016-09-14,729,16959,17688
1204,2016-09-15,638,16428,17066
1204,2016-09-16,657,17484,18141
1204,2016-09-17,230,13323,13553
1204,2016-09-18,82,9777,9859
1204,2016-09-20,695,16532,17227
1204,2016-09-21,630,16897,17527
1204,2016-09-22,667,17074,17741
1204,2016-09-23,654,17386,18040
1204,2016-09-24,227,13580,13807
1204,2016-09-26,593,16466,17059
1204,2016-09-27,654,17243,17897
1204,2016-09-28,678,17069,17747
1204,2016-09-29,643,17253,17896
1204,2016-09-30,588,17175,17763
1204,2016-10-02,72,10201,10273
1204,2016-10-03,343,16135,16478
1204,2016-10-04,644,16751,17395
1204,2016-10-05,712,16916,17628
1204,2016-10-06,660,17585,18245
1204,2016-10-08,265,12964,13229
1204,2016-10-09,67,9953,10020
1204,2016-10-10,621,15949,16570
1204,2016-10-11,608,16825,17433
1204,2016-10-12,561,16697,17258
1204,2016-10-14,613,17504,18117
1204,2016-10-15,239,12473,12712
1204,2016-10-16,71,11235,11306
1204,2016-10-17,560,16341,16901
1204,2016-10-18,629,16665,17294
1204,2016-10-20,530,16142,16672
1204,2016-10-21,602,17777,18379
1204,2016-10-22,255,13197,13452
1204,2016-10-23,94,10477,10571
1204,2016-10-24,449,13022,13471
1204,2016-10-26,568,16046,16614
1204,2016-10-27,543,16616,17159
1204,2016-10-28,576,16960,17536
1204,2016-10-29,226,12250,12476
1204,2016-10-30,75,10259,10334
1204,2016-11-01,77,9849,9926
1204,2016-11-02,566,16263,16829
1204,2016-11-03,597,16176,16773
1204,2016-11-04,591,16092,16683
1204,2016-11-05,211,10609,10820
1204,2016-11-07,512,16185,16697
1204,2016-11-08,600,17004,17604
1204,2016-11-09,489,14589,15078
1204,2016-11-10,586,16697,17283
1204,2016-11-11,491,17147,17638
1204,2016-11-13,57,9261,9318
1204,2016-11-14,558,16043,16601
1204,2016-11-15,412,14583,14995
1204,2016-11-16,512,15048,15560
1204,2016-11-17,513,15670,16183
1204,2016-11-19,238,12800,13038
1204,2016-11-20,55,8347,8402
1204,2016-11-21,568,16438,17006
1204,2016-11-22,728,17496,18224
1204,2016-11-23,727,16263,16990
1204,2016-11-25,595,17470,18065
1204,2016-11-26,232,12997,13229
1204,2016-11-27,73,9536,9609
1204,2016-11-28,558,15903,16461
1204,2016-11-29,605,16614,17219
1204,2016-12-01,629,16382,17011
1204,2016-12-02,581,17083,17664
1204,2016-12-03,204,12568,12772
1204,2016-12-04,85,10066,10151
1204,2016-12-05,519,15853,16372
1204,2016-12-07,585,16120,16705
1204,2016-12-08,599,16612,17211
1204,2016-12-09,580,16904,17484
1204,2016-12-10,190,12656,12846
1204,2016-12-11,70,9424,9494
1204,2016-12-13,517,15734,16251
1204,2016-12-14,534,16374,16908
1204,2016-12-15,525,16548,17073
1204,2016-12-16,570,17381,17951
1204,2016-12-17,225,12723,12948
1204,2016-12-19,545,15824,16369
1204,2016-12-20,615,16467,17082
1204,2016-12-21,581,16493,17074
1204,2016-12-22,432,14520,14952
1204,2016-12-23,378,15261,15639
1204,2016-12-25,44,6911,6955
1204,2016-12-26,61,6183,6244
1204,2016-12-27,291,11473,11764
1204,2016-12-28,263,11695,11958
1204,2016-12-29,262,12252,12514
1204,2016-12-31,142,7979,8121
1223,2016-01-01,36,2177,2213
1223,2016-01-02,99,2874,2973
1223,2016-01-03,44,3174,3218
1223,2016-01-04,192,3842,4034
1223,2016-01-05,216,4180,4396
1223,2016-01-07,218,3986,4204
1223,2016-01-08,241,4680,4921
1223,2016-01-09,127,3577,3704
1223,2016-01-10,42,3016,3058
1223,2016-01-11,288,4132,4420
1223,2016-01-13,274,4697,4971
1223,2016-01-14,220,4560,4780
1223,2016-01-15,253,4889,5142
1223,2016-01-16,119,3542,3661
1223,2016-01-17,41,2889,2930
1223,2016-01-19,242,4576,4818
1223,2016-01-20,246,4444,4690
1223,2016-01-21,232,4577,4809
1223,2016-01-22,256,4554,4810
1223,2016-01-23,109,3380,3489
1223,2016-01-25,262,4631,4893
1223,2016-01-26,251,4743,4994
1223,2016-01-27,249,4842,5091
1223,2016-01-28,246,4879,5125
1223,2016-01-29,251,5243,5494
1223,2016-01-31,44,3249,3293
1223,2016-02-01,272,4467,4739
1223,2016-02-02,280,4764,5044
1223,2016-02-03,254,4794,5048
1223,2016-02-04,244,4694,4938
1223,2016-02-06,119,4213,4332
1223,2016-02-07,50,3052,3102
1223,2016-02-08,160,3404,3564
1223,2016-02-09,154,3722,3876
1223,2016-02-10,208,4358,4566
1223,2016-02-12,178,4502,4680
1223,2016-02-13,132,3430,3562
1223,2016-02-14,85,3479,3564
1223,2016-02-15,237,4396,4633
1223,2016-02-16,267,4899,5166
1223,2016-02-18,267,4770,5037
1223,2016-02-19,254,4960,5214
1223,2016-02-20,116,3324,3440
1223,2016-02-21,38,3209,3247
1223,2016-02-22,272,4387,4659
1223,2016-02-24,247,4813,5060
1223,2016-02-25,260,4958,5218
1223,2016-02-26,253,5240,5493
1223,2016-02-27,104,4501,4605
1223,2016-02-28,42,3924,3966
1223,2016-03-01,308,4720,5028
1223,2016-03-02,270,4746,5016
1223,2016-03-03,248,4942,5190
1223,2016-03-04,222,4826,5048
1223,2016-03-05,134,3918,4052
1223,2016-03-07,262,4541,4803
1223,2016-03-08,248,4764,5012
1223,2016-03-09,287,4895,5182
1223,2016-03-10,269,5095,5364
1223,2016-03-11,247,5128,5375
1223,2016-03-13,48,4360,4408
1223,2016-03-14,254,4732,4986
1223,2016-03-15,253,4827,5080
1223,2016-03-16,258,4670,4928
1223,2016-03-17,245,5148,5393
1223,2016-03-19,133,4030,4163
1223,2016-03-20,55,3638,3693
1223,2016-03-21,278,4527,4805
1223,2016-03-22,246,5108,5354
1223,2016-03-23,259,5015,5274
1223,2016-03-25,204,4892,5096
1223,2016-03-26,116,4450,4566
1223,2016-03-28,42,3192,3234
1223,2016-03-29,220,4588,4808
1223,2016-03-31,215,4641,4856
1223,2016-04-01,197,5403,5600
1223,2016-04-02,127,4544,4671
1223,2016-04-03,56,3900,3956
1223,2016-04-04,208,4380,4588
1223,2016-04-06,228,4672,4900
1223,2016-04-07,240,4988,5228
1223,2016-04-08,243,5227,5470
1223,2016-04-09,144,4622,4766
1223,2016-04-10,52,5079,5131
1223,2016-04-12,284,5114,5398
1223,2016-04-13,247,4987,5234
1223,2016-04-14,262,5333,5595
1223,2016-04-15,262,5548,5810
1223,2016-04-16,132,4752,4884
1223,2016-04-18,267,4914,5181
1223,2016-04-19,259,5324,5583
1223,2016-04-20,323,5616,5939
1223,2016-04-21,262,5489,5751
1223,2016-04-22,253,5662,5915
1223,2016-04-24,67,3966,4033
1223,2016-04-25,276,4576,4852
1223,2016-04-26,328,4774,5102
1223,2016-04-27,346,4794,5140
1223,2016-04-28,289,5433,5722
1223,2016-04-30,146,4278,4424
1223,2016-05-01,76,4328,4404
1223,2016-05-02,311,5373,5684
1223,2016-05-03,316,5350,5666
1223,2016-05-04,263,5852,6115
1223,2016-05-06,323,5967,6290
1223,2016-05-07,130,5388,5518
1223,2016-05-08,61,5691,5752
1223,2016-05-09,243,4916,5159
1223,2016-05-10,248,5230,5478
1223,2016-05-12,275,5530,5805
1223,2016-05-13,322,5802,6124
1223,2016-05-14,160,4822,4982
1223,2016-05-15,59,4507,4566
1223,2016-05-16,65,4234,4299
1223,2016-05-18,226,4836,5062
1223,2016-05-19,266,5164,5430
1223,2016-05-20,242,5332,5574
1223,2016-05-21,157,4915,5072
1223,2016-05-22,76,4206,4282
1223,2016-05-24,293,5305,5598
1223,2016-05-25,301,5363,5664
1223,2016-05-26,234,6064,6298
1223,2016-05-27,300,5840,6140
1223,2016-05-28,126,4764,4890
1223,2016-05-30,236,4540,4776
1223,2016-05-31,252,5229,5481
1223,2016-06-01,252,5056,5308
1223,2016-06-02,276,5280,5556
1223,2016-06-03,288,5791,6079
1223,2016-06-05,59,4433,4492
1223,2016-06-06,336,5044,5380
1223,2016-06-07,312,5258,5570
1223,2016-06-08,265,5271,5536
1223,2016-06-09,262,5915,6177
1223,2016-06-11,144,4500,4644
1223,2016-06-12,48,4716,4764
1223,2016-06-13,278,4626,4904
1223,2016-06-14,308,5256,5564
1223,2016-06-15,288,5100,5388
1223,2016-06-17,290,5696,5986
1223,2016-06-19,66,4868,4934
1223,2016-06-20,268,4988,5256
1223,2016-06-21,272,5222,5494
1223,2016-06-23,81,4848,4929
1223,2016-06-24,258,4948,5206
1223,2016-06-25,116,3916,4032
1223,2016-06-26,56,4756,4812
1223,2016-06-27,278,4968,5246
1223,2016-06-29,346,5320,5666
1223,2016-06-30,280,5671,5951
1223,2016-07-01,274,5913,6187
1223,2016-07-02,152,5118,5270
1223,2016-07-03,69,5587,5656
1223,2016-07-05,253,5451,5704
1223,2016-07-06,265,5490,5755
1223,2016-07-07,258,6028,6286
1223,2016-07-08,312,6125,6437
1223,2016-07-09,145,5555,5700
1223,2016-07-11,278,5365,5643
1223,2016-07-12,268,5731,5999
1223,2016-07-13,272,5240,5512
1223,2016-07-14,225,5764,5989
1223,2016-07-15,276,6408,6684
1223,2016-07-17,124,6210,6334
1223,2016-07-18,227,5213,5440
1223,2016-07-19,235,6026,6261
1223,2016-07-20,244,5605,5849
1223,2016-07-21,258,5146,5404
1223,2016-07-23,128,4602,4730
1223,2016-07-24,45,5079,5124
1223,2016-07-25,248,5106,5354
1223,2016-07-26,261,5324,5585
1223,2016-07-27,262,5536,5798
1223,2016-07-29,196,5311,5507
1223,2016-07-30,113,4506,4619
1223,2016-07-31,53,5498,5551
1223,2016-08-01,166,4534,4700
1223,2016-08-02,178,4210,4388
1223,2016-08-04,148,4390,4538
1223,2016-08-05,185,4722,4907
1223,2016-08-06,126,4646,4772
1223,2016-08-07,63,5969,6032
1223,2016-08-08,153,4249,4402
1223,2016-08-10,162,4310,4472
1223,2016-08-11,176,4338,4514
1223,2016-08-12,192,4716,4908
1223,2016-08-13,146,4827,4973
1223,2016-08-14,77,5697,5774
1223,2016-08-16,191,4648,4839
1223,2016-08-17,184,4697,4881
1223,2016-08-18,180,4252,4432
1223,2016-08-19,164,4656,4820
1223,2016-08-20,120,3860,3980
1223,2016-08-22,204,4183,4387
1223,2016-08-23,247,5234,5481
1223,2016-08-24,203,5100,5303
1223,2016-08-25,238,4962,5200
1223,2016-08-26,192,4971,5163
1223,2016-08-28,60,4560,4620
1223,2016-08-29,232,4581,4813
1223,2016-08-30,244,5153,5397
1223,2016-08-31,260,4908,5168
1223,2016-09-01,209,4977,5186
1223,2016-09-03,155,4567,4722
1223,2016-09-04,66,3578,3644
1223,2016-09-05,206,4548,4754
1223,2016-09-06,223,5000,5223
1223,2016-09-07,238,5260,5498
1223,2016-09-09,234,5937,6171
1223,2016-09-10,151,5813,5964
1223,2016-09-11,89,5477,5566
1223,2016-09-12,241,5097,5338
1223,2016-09-13,251,5350,5601
1223,2016-09-15,286,5342,5628
1223,2016-09-16,252,5394,5646
1223,2016-09-17,151,4735,4886
1223,2016-09-18,58,4849,4907
1223,2016-09-19,279,4781,5060
1223,2016-09-21,271,5408,5679
1223,2016-09-22,242,5327,5569
1223,2016-09-23,251,5720,5971
1223,2016-09-24,133,5103,5236
1223,2016-09-25,34,4733,4767
1223,2016-09-27,290,5478,5768
1223,2016-09-28,281,5885,6166
1223,2016-09-29,302,5839,6141
1223,2016-09-30,314,5550,5864
1223,2016-10-01,138,4446,4584
1223,2016-10-03,250,5330,5580
1223,2016-10-04,302,5526,5828
1223,2016-10-05,276,5562,5838
1223,2016-10-06,272,5406,5678
1223,2016-10-07,291,5781,6072
1223,2016-10-09,48,4282,4330
1223,2016-10-10,276,4870,5146
1223,2016-10-11,307,5628,5935
1223,2016-10-12,301,5148,5449
1223,2016-10-13,323,5347,5670
1223,2016-10-15,153,4352,4505
1223,2016-10-16,55,5009,5064
1223,2016-10-17,279,4709,4988
1223,2016-10-18,258,5034,5292
1223,2016-10-19,302,5046,5348
1223,2016-10-21,263,5480,5743
1223,2016-10-22,119,4364,4483
1223,2016-10-23,47,4120,4167
1223,2016-10-24,214,3266,3480
1223,2016-10-25,208,3203,3411
1223,2016-10-27,179,3317,3496
1223,2016-10-28,200,3461,3661
1223,2016-10-29,130,2855,2985
1223,2016-10-30,36,2859,2895
1223,2016-10-31,133,2998,3131
1223,2016-11-02,156,3075,3231
1223,2016-11-03,181,3528,3709
1223,2016-11-04,248,4554,4802
1223,2016-11-05,146,3396,3542
1223,2016-11-06,41,3094,3135
1223,2016-11-08,269,4677,4946
1223,2016-11-09,248,4698,4946
1223,2016-11-10,250,4700,4950
1223,2016-11-11,244,4971,5215
1223,2016-11-12,121,3899,4020
1223,2016-11-14,279,4529,4808
1223,2016-11-15,350,4930,5280
1223,2016-11-16,281,4941,5222
1223,2016-11-17,284,4708,4992
1223,2016-11-18,254,4912,5166
1223,2016-11-20,40,2942,2982
1223,2016-11-21,238,4316,4554
1223,2016-11-22,278,4754,5032
1223,2016-11-23,257,4898,5155
1223,2016-11-24,259,5237,5496
1223,2016-11-26,125,3976,4101
1223,2016-11-27,42,3148,3190
1223,2016-11-28,270,4497,4767
1223,2016-11-29,263,4887,5150
1223,2016-11-30,270,4859,5129
1223,2016-12-02,236,5258,5494
1223,2016-12-03,123,3848,3971
1223,2016-12-04,46,3334,3380
1223,2016-12-05,254,4686,4940
1223,2016-12-06,267,4770,5037
1223,2016-12-08,256,4771,5027
1223,2016-12-09,255,5078,5333
1223,2016-12-10,115,4009,4124
1223,2016-12-11,40,3278,3318
1223,2016-12-12,259,4468,4727
1223,2016-12-14,252,4872,5124
1223,2016-12-15,266,4920,5186
1223,2016-12-16,270,5055,5325
1223,2016-12-17,115,3747,3862
1223,2016-12-18,43,3016,3059
1223,2016-12-20,251,4892,5143
1223,2016-12-21,284,4564,4848
1223,2016-12-22,228,4742,4970
1223,2016-12-23,194,4403,4597
1223,2016-12-24,92,2673,2765
1223,2016-12-26,47,2465,2512
1223,2016-12-27,133,3328,3461
1223,2016-12-28,140,3206,3346
1223,2016-12-29,149,3517,3666
1223,2016-12-30,132,3398,3530
1229,2016-01-01,4,1117,1121
1229,2016-01-02,56,1716,1772
1229,2016-01-03,5,1450,1455
1229,2016-01-04,131,2547,2678
1229,2016-01-06,136,2691,2827
1229,2016-01-07,130,2835,2965
1229,2016-01-08,120,2959,3079
1229,2016-01-09,68,2086,2154
1229,2016-01-10,9,1405,1414
1229,2016-01-12,179,3105,3284
1229,2016-01-13,183,2984,3167
1229,2016-01-14,166,2922,3088
1229,2016-01-15,129,2852,2981
1229,2016-01-16,66,1880,1946
1229,2016-01-18,146,2928,3074
1229,2016-01-19,172,3073,3245
1229,2016-01-20,148,3034,3182
1229,2016-01-21,156,3017,3173
1229,2016-01-22,158,2832,2990
1229,2016-01-24,13,1677,1690
1229,2016-01-25,148,2953,3101
1229,2016-01-26,217,3125,3342
1229,2016-01-27,188,2989,3177
1229,2016-01-28,214,2934,3148
1229,2016-01-30,46,2148,2194
1229,2016-01-31,4,1504,1508
1229,2016-02-01,179,2890,3069
1229,2016-02-02,178,3106,3284
1229,2016-02-03,150,3040,3190
1229,2016-02-05,170,3013,3183
1229,2016-02-06,54,2167,2221
1229,2016-02-07,10,1502,1512
1229,2016-02-08,96,1964,2060
1229,2016-02-09,182,2432,2614
1229,2016-02-11,154,2888,3042
1229,2016-02-12,135,2874,3009
1229,2016-02-13,54,2110,2164
1229,2016-02-14,10,1583,1593
1229,2016-02-15,186,2875,3061
1229,2016-02-17,193,3018,3211
1229,2016-02-18,198,3104,3302
1229,2016-02-19,227,3159,3386
1229,2016-02-20,59,2153,2212
1229,2016-02-21,7,1578,1585
1229,2016-02-23,194,3034,3228
1229,2016-02-24,206,3066,3272
1229,2016-02-25,158,3199,3357
1229,2016-02-26,163,3186,3349
1229,2016-02-27,57,2370,2427
1229,2016-02-29,199,2947,3146
1229,2016-03-01,226,3029,3255
1229,2016-03-02,228,2974,3202
1229,2016-03-03,193,3008,3201
1229,2016-03-04,163,3000,3163
1229,2016-03-06,12,1624,1636
1229,2016-03-07,172,3045,3217
1229,2016-03-08,219,3126,3345
1229,2016-03-09,202,3129,3331
1229,2016-03-10,192,3153,3345
1229,2016-03-12,87,2505,2592
1229,2016-03-13,25,1977,2002
1229,2016-03-14,242,3084,3326
1229,2016-03-15,193,3103,3296
1229,2016-03-16,234,2988,3222
1229,2016-03-18,221,3179,3400
1229,2016-03-19,80,2302,2382
1229,2016-03-20,10,1722,1732
1229,2016-03-21,252,3017,3269
1229,2016-03-22,204,3042,3246
1229,2016-03-24,189,3196,3385
1229,2016-03-25,144,2952,3096
1229,2016-03-26,90,2395,2485
1229,2016-03-28,4,1414,1418
1229,2016-03-30,168,2975,3143
1229,2016-03-31,174,3024,3198
1229,2016-04-01,202,3082,3284
1229,2016-04-02,69,2444,2513
1229,2016-04-03,20,1817,1837
1229,2016-04-05,213,3139,3352
1229,2016-04-06,214,3309,3523
1229,2016-04-07,204,3168,3372
1229,2016-04-08,199,3277,3476
1229,2016-04-09,87,2635,2722
1229,2016-04-11,205,3023,3228
1229,2016-04-12,178,3190,3368
1229,2016-04-13,189,3159,3348
1229,2016-04-14,208,3191,3399
1229,2016-04-15,195,3275,3470
1229,2016-04-17,14,2000,2014
1229,2016-04-18,227,3047,3274
1229,2016-04-19,194,3332,3526
1229,2016-04-20,173,3325,3498
1229,2016-04-21,192,3464,3656
1229,2016-04-23,80,2649,2729
1229,2016-04-24,12,1872,1884
1229,2016-04-25,210,3004,3214
1229,2016-04-26,208,3130,3338
1229,2016-04-27,198,2962,3160
1229,2016-04-29,173,3332,3505
1229,2016-04-30,72,2492,2564
1229,2016-05-01,10,1816,1826
1229,2016-05-02,224,3179,3403
1229,2016-05-03,220,3376,3596
1229,2016-05-05,30,2714,2744
1229,2016-05-06,170,3305,3475
1229,2016-05-07,100,2925,3025
1229,2016-05-08,29,2618,2647
1229,2016-05-09,211,3156,3367
1229,2016-05-11,208,3368,3576
1229,2016-05-12,206,3226,3432
1229,2016-05-13,258,3372,3630
1229,2016-05-14,78,2610,2688
1229,2016-05-15,14,1899,1913
1229,2016-05-17,212,3043,3255
1229,2016-05-18,201,2992,3193
1229,2016-05-19,205,3220,3425
1229,2016-05-20,204,3310,3514
1229,2016-05-21,73,2542,2615
1229,2016-05-23,198,3016,3214
1229,2016-05-24,217,3273,3490
1229,2016-05-25,268,3321,3589
1229,2016-05-26,202,3531,3733
1229,2016-05-27,212,3282,3494
1229,2016-05-29,61,1913,1974
1229,2016-05-30,216,2998,3214
1229,2016-05-31,214,3095,3309
1229,2016-06-01,214,3006,3220
1229,2016-06-02,234,3324,3558
1229,2016-06-04,62,2458,2520
1229,2016-06-05,25,1970,1995
1229,2016-06-06,204,3008,3212
1229,2016-06-07,227,3319,3546
1229,2016-06-08,221,3188,3409
1229,2016-06-10,323,3490,3813
1229,2016-06-11,186,2840,3026
1229,2016-06-12,18,2050,2068
1229,2016-06-13,218,2958,3176
1229,2016-06-14,214,3072,3286
1229,2016-06-16,240,3144,3384
1229,2016-06-17,196,3164,3360
1229,2016-06-18,79,2755,2834
1229,2016-06-19,26,2234,2260
1229,2016-06-20,220,2965,3185
1229,2016-06-22,213,3082,3295
1229,2016-06-23,68,2105,2173
1229,2016-06-24,202,2948,3150
1229,2016-06-25,72,2168,2240
1229,2016-06-26,21,2283,2304
1229,2016-06-28,222,4519,4741
1229,2016-06-29,254,4563,4817
1229,2016-06-30,227,4065,4292
1229,2016-07-01,204,3490,3694
1229,2016-07-02,70,2693,2763
1229,2016-07-04,178,3147,3325
1229,2016-07-05,240,3329,3569
1229,2016-07-06,213,3321,3534
1229,2016-07-07,208,3517,3725
1229,2016-07-08,197,3412,3609
1229,2016-07-10,38,2428,2466
1229,2016-07-11,209,3275,3484
1229,2016-07-12,248,3296,3544
1229,2016-07-13,244,3248,3492
1229,2016-07-14,262,3174,3436
1229,2016-07-16,100,2824,2924
1229,2016-07-17,33,2546,2579
1229,2016-07-18,203,3336,3539
1229,2016-07-19,268,3720,3988
1229,2016-07-20,216,3393,3609
1229,2016-07-22,222,3390,3612
1229,2016-07-23,68,2272,2340
1229,2016-07-24,12,2140,2152
1229,2016-07-25,231,3137,3368
1229,2016-07-26,170,3176,3346
1229,2016-07-28,199,3319,3518
1229,2016-07-29,136,3108,3244
1229,2016-07-30,70,2715,2785
1229,2016-07-31,20,2245,2265
1229,2016-08-01,152,2775,2927
1229,2016-08-03,129,2812,2941
1229,2016-08-04,147,2693,2840
1229,2016-08-05,126,2644,2770
1229,2016-08-06,94,2384,2478
1229,2016-08-07,27,2371,2398
1229,2016-08-09,156,2668,2824
1229,2016-08-10,171,2766,2937
1229,2016-08-11,149,2778,2927
1229,2016-08-12,136,2828,2964
1229,2016-08-13,161,2465,2626
1229,2016-08-15,54,2311,2365
1229,2016-08-16,155,2834,2989
1229,2016-08-17,169,2767,2936
1229,2016-08-18,138,2580,2718
1229,2016-08-19,131,2633,2764
1229,2016-08-21,12,1839,1851
1229,2016-08-22,180,2757,2937
1229,2016-08-23,183,3271,3454
1229,2016-08-24,214,2956,3170
1229,2016-08-25,223,3087,3310
1229,2016-08-27,77,2268,2345
1229,2016-08-28,19,2149,2168
1229,2016-08-29,184,2805,2989
1229,2016-08-30,190,3106,3296
1229,2016-08-31,202,3070,3272
1229,2016-09-02,174,3177,3351
1229,2016-09-03,78,2421,2499
1229,2016-09-04,10,1586,1596
1229,2016-09-05,191,2849,3040
1229,2016-09-06,211,3059,3270
1229,2016-09-08,177,3258,3435
1229,2016-09-09,173,3299,3472
1229,2016-09-10,73,2550,2623
1229,2016-09-11,23,2412,2435
1229,2016-09-12,174,3218,3392
1229,2016-09-26,233,3056,3289
1229,2016-09-27,178,3124,3302
1229,2016-09-28,199,3163,3362
1229,2016-09-29,210,3168,3378
1229,2016-09-30,222,3236,3458
1229,2016-10-02,12,1888,1900
1229,2016-10-03,150,2915,3065
1229,2016-10-04,196,3259,3455
1229,2016-10-05,261,3201,3462
1229,2016-10-06,232,3282,3514
1229,2016-10-08,100,2342,2442
1229,2016-10-09,15,1945,1960
1229,2016-10-10,212,2875,3087
1229,2016-10-11,250,2979,3229
1229,2016-10-12,216,3131,3347
1229,2016-10-14,238,3233,3471
1229,2016-10-15,79,2337,2416
1229,2016-10-16,13,2166,2179
1229,2016-10-17,204,2932,3136
1229,2016-10-18,239,3106,3345
1229,2016-10-20,211,3025,3236
1229,2016-10-21,205,3228,3433
1229,2016-10-22,79,2440,2519
1229,2016-10-23,14,1797,1811
1229,2016-10-24,201,2909,3110
1229,2016-10-26,224,2955,3179
1229,2016-10-27,175,3091,3266
1229,2016-10-28,192,3270,3462
1229,2016-10-29,81,2522,2603
1229,2016-10-30,11,2151,2162
1229,2016-11-01,13,1754,1767
1229,2016-11-02,196,2985,3181
1229,2016-11-03,220,2881,3101
1229,2016-11-04,131,2410,2541
1229,2016-11-05,83,1528,1611
1229,2016-11-07,164,2510,2674
1229,2016-11-08,195,2646,2841
1229,2016-11-09,197,2679,2876
1229,2016-11-10,196,2860,3056
1229,2016-11-11,234,2724,2958
1229,2016-11-13,9,1419,1428
1229,2016-11-14,169,2558,2727
1229,2016-11-15,186,2573,2759
1229,2016-11-16,184,2641,2825
1229,2016-11-17,205,2691,2896
1229,2016-11-19,62,2057,2119
1229,2016-11-20,9,1291,1300
1229,2016-11-21,174,2595,2769
1229,2016-11-22,218,2750,2968
1229,2016-11-23,278,2733,3011
1229,2016-11-25,216,2855,3071
1229,2016-11-26,65,2044,2109
1229,2016-11-27,10,1391,1401
1229,2016-11-28,185,2508,2693
1229,2016-11-29,239,2829,3068
1229,2016-12-01,194,2626,2820
1229,2016-12-02,191,2855,3046
1229,2016-12-03,63,2144,2207
1229,2016-12-04,4,1522,1526
1229,2016-12-05,190,2666,2856
1229,2016-12-07,183,2684,2867
1229,2016-12-08,158,2700,2858
1229,2016-12-09,186,2829,3015
1229,2016-12-10,74,2067,2141
1229,2016-12-11,8,1367,1375
1229,2016-12-14,252,4872,5124
1229,2016-12-15,266,4920,5186
1229,2016-12-16,270,5055,5325
1229,2016-12-17,115,3747,3862
1229,2016-12-18,43,3016,3059
1229,2016-12-20,251,4892,5143
1229,2016-12-21,284,4564,4848
1229,2016-12-22,228,4742,4970
1229,2016-12-23,194,4403,4597
1229,2016-12-24,92,2673,2765
1229,2016-12-26,47,2465,2512
1229,2016-12-27,133,3328,3461
1229,2016-12-28,140,3206,3346
1229,2016-12-29,149,3517,3666
1229,2016-12-30,132,3398,3530
1230,2016-01-01,35,1539,1574
1230,2016-01-02,212,2871,3083
1230,2016-01-03,89,2492,2581
1230,2016-01-04,335,4974,5309
1230,2016-01-06,351,5305,5656
1230,2016-01-07,429,5896,6325
1230,2016-01-08,413,5825,6238
1230,2016-01-09,225,3646,3871
1230,2016-01-10,104,2758,2862
1230,2016-01-12,486,5922,6408
1230,2016-01-13,460,5754,6214
1230,2016-01-14,435,5601,6036
1230,2016-01-15,366,5570,5936
1230,2016-01-16,269,3648,3917
1230,2016-01-18,466,5256,5722
1230,2016-01-19,460,5845,6305
1230,2016-01-20,466,5677,6143
1230,2016-01-21,446,5666,6112
1230,2016-01-22,352,5970,6322
1230,2016-01-24,46,2703,2749
1230,2016-01-25,450,5640,6090
1230,2016-01-26,499,5739,6238
1230,2016-01-27,511,5926,6437
1230,2016-01-28,509,5666,6175
1230,2016-01-30,228,4150,4378
1230,2016-01-31,45,2737,2782
1230,2016-02-01,443,5536,5979
1230,2016-02-02,442,7136,7578
1230,2016-02-03,488,6800,7288
1230,2016-02-05,467,5647,6114
1230,2016-02-06,308,3200,3508
1230,2016-02-07,63,2376,2439
1230,2016-02-08,314,4528,4842
1230,2016-02-09,324,5078,5402
1230,2016-02-11,391,4665,5056
1230,2016-02-12,436,4789,5225
1230,2016-02-13,220,3624,3844
1230,2016-02-14,62,2604,2666
1230,2016-02-15,471,5508,5979
1230,2016-02-17,515,5475,5990
1230,2016-02-18,490,5704,6194
1230,2016-02-19,484,5714,6198
1230,2016-02-20,249,3889,4138
1230,2016-02-21,46,2759,2805
1230,2016-02-23,478,5798,6276
1230,2016-02-24,505,5767,6272
1230,2016-02-25,500,5804,6304
1230,2016-02-26,484,5780,6264
1230,2016-02-27,267,3809,4076
1230,2016-02-29,499,5417,5916
1230,2016-03-01,517,5582,6099
1230,2016-03-02,416,6590,7006
1230,2016-03-03,433,5698,6131
1230,2016-03-04,398,5651,6049
1230,2016-03-06,64,2736,2800
1230,2016-03-07,414,5297,5711
1230,2016-03-08,449,5477,5926
1230,2016-03-09,488,5518,6006
1230,2016-03-10,454,7004,7458
1230,2016-03-12,318,3264,3582
1230,2016-03-13,72,3141,3213
1230,2016-03-14,485,5660,6145
1230,2016-03-15,506,5747,6253
1230,2016-03-16,472,5478,5950
1230,2016-03-18,455,5810,6265
1230,2016-03-19,273,3596,3869
1230,2016-03-20,70,3042,3112
1230,2016-03-21,459,5165,5624
1230,2016-03-22,463,5425,5888
1230,2016-03-24,470,5664,6134
1230,2016-03-25,378,6092,6470
1230,2016-03-26,266,3426,3692
1230,2016-03-28,26,2036,2062
1230,2016-03-30,354,5616,5970
1230,2016-03-31,324,5608,5932
1230,2016-04-01,420,5002,5422
1230,2016-04-02,251,3201,3452
1230,2016-04-03,56,2506,2562
1230,2016-04-05,366,6292,6658
1230,2016-04-06,380,6134,6514
1230,2016-04-07,418,6084,6502
1230,2016-04-08,445,5369,5814
1230,2016-04-09,266,3860,4126
1230,2016-04-11,481,5586,6067
1230,2016-04-12,446,7220,7666
1230,2016-04-13,466,6860,7326
1230,2016-04-14,527,6365,6892
1230,2016-04-15,446,7016,7462
1230,2016-04-17,70,2927,2997
1230,2016-04-18,412,6478,6890
1230,2016-04-19,438,6680,7118
1230,2016-04-20,493,5835,6328
1230,2016-04-21,472,6096,6568
1230,2016-04-23,256,4085,4341
1230,2016-04-24,45,2920,2965
1230,2016-04-25,422,6376,6798
1230,2016-04-26,430,6960,7390
1230,2016-04-27,440,6674,7114
1230,2016-04-29,507,5949,6456
1230,2016-04-30,236,4542,4778
1230,2016-05-01,26,3352,3378
1230,2016-05-02,468,5764,6232
1230,2016-05-03,509,5986,6495
1230,2016-05-05,57,2758,2815
1230,2016-05-06,391,5263,5654
1230,2016-05-07,264,3849,4113
1230,2016-05-08,71,3067,3138
1230,2016-05-09,508,5729,6237
1230,2016-05-11,483,5896,6379
1230,2016-05-12,454,7178,7632
1230,2016-05-13,432,6956,7388
1230,2016-05-14,256,3552,3808
1230,2016-05-15,53,2417,2470
1230,2016-05-17,412,4979,5391
1230,2016-05-18,372,4900,5272
1230,2016-05-19,446,4878,5324
1230,2016-05-20,403,5090,5493
1230,2016-05-21,268,3534,3802
1230,2016-05-23,471,5548,6019
1230,2016-05-24,442,6748,7190
1230,2016-05-25,508,5680,6188
1230,2016-05-26,432,7118,7550
1230,2016-05-27,380,7158,7538
1230,2016-05-29,46,3386,3432
1230,2016-05-30,374,6820,7194
1230,2016-05-31,388,7030,7418
1230,2016-06-01,424,6672,7096
1230,2016-06-02,388,7154,7542
1230,2016-06-04,252,4306,4558
1230,2016-06-05,60,3078,3138
1230,2016-06-06,457,5737,6194
1230,2016-06-07,466,6950,7416
1230,2016-06-08,478,6884,7362
1230,2016-06-10,452,7460,7912
1230,2016-06-11,262,4898,5160
1230,2016-06-12,54,3586,3640
1230,2016-06-13,404,6482,6886
1230,2016-06-14,466,6842,7308
1230,2016-06-16,400,6680,7080
1230,2016-06-17,414,7138,7552
1230,2016-06-18,248,4930,5178
1230,2016-06-19,162,4295,4457
1230,2016-06-20,440,6450,6890
1230,2016-06-22,467,6113,6580
1230,2016-06-23,59,2486,2545
1230,2016-06-24,401,5030,5431
1230,2016-06-25,222,3852,4074
1230,2016-06-26,65,2886,2951
1230,2016-06-28,458,6045,6503
1230,2016-06-29,540,5940,6480
1230,2016-06-30,451,6091,6542
1230,2016-07-01,497,6080,6577
1230,2016-07-02,242,4540,4782
1230,2016-07-04,414,5701,6115
1230,2016-07-05,436,5761,6197
1230,2016-07-06,460,5830,6290
1230,2016-07-07,483,6082,6565
1230,2016-07-08,472,6362,6834
1230,2016-07-10,66,3308,3374
1230,2016-07-11,463,5600,6063
1230,2016-07-12,437,6020,6457
1230,2016-07-13,410,6866,7276
1230,2016-07-14,384,6712,7096
1230,2016-07-16,265,3632,3897
1230,2016-07-17,68,2921,2989
1230,2016-07-18,410,5319,5729
1230,2016-07-19,441,6173,6614
1230,2016-07-20,404,5490,5894
1230,2016-07-22,404,6052,6456
1230,2016-07-23,256,3908,4164
1230,2016-07-24,61,2745,2806
1230,2016-07-25,389,4981,5370
1230,2016-07-26,392,5830,6222
1230,2016-07-28,428,5234,5662
1230,2016-07-29,338,5054,5392
1230,2016-07-30,251,3111,3362
1230,2016-07-31,58,2469,2527
1230,2016-08-01,332,4332,4664
1230,2016-08-03,357,4665,5022
1230,2016-08-04,354,4590,4944
1230,2016-08-05,317,4523,4840
1230,2016-08-06,226,3031,3257
1230,2016-08-07,74,2699,2773
1230,2016-08-09,334,4260,4594
1230,2016-08-10,320,4405,4725
1230,2016-08-11,314,4387,4701
1230,2016-08-12,344,4364,4708
1230,2016-08-13,228,2964,3192
1230,2016-08-15,60,2392,2452
1230,2016-08-16,352,4445,4797
1230,2016-08-17,372,4529,4901
1230,2016-08-18,314,4768,5082
1230,2016-08-19,368,4246,4614
1230,2016-08-21,59,2345,2404
1230,2016-08-22,366,4367,4733
1230,2016-08-23,379,4821,5200
1230,2016-08-24,350,4994,5344
1230,2016-08-25,388,5029,5417
1230,2016-08-27,238,3421,3659
1230,2016-08-28,63,2839,2902
1230,2016-08-29,401,4450,4851
1230,2016-08-30,405,4836,5241
1230,2016-08-31,425,4900,5325
1230,2016-09-02,435,5061,5496
1230,2016-09-03,277,3187,3464
1230,2016-09-04,48,2900,2948
1230,2016-09-05,382,4580,4962
1230,2016-09-06,413,4949,5362
1230,2016-09-08,468,5220,5688
1230,2016-09-09,495,5292,5787
1230,2016-09-10,261,3920,4181
1230,2016-09-11,72,2985,3057
1230,2016-09-12,463,5244,5707
1230,2016-09-15,358,6126,6484
1230,2016-09-16,442,5600,6042
1230,2016-09-17,247,3767,4014
1230,2016-09-18,51,2611,2662
1230,2016-09-20,420,5561,5981
1230,2016-09-21,480,5639,6119
1230,2016-09-22,506,5832,6338
1230,2016-09-23,447,5897,6344
1230,2016-09-24,269,3922,4191
1230,2016-09-26,474,6596,7070
1230,2016-09-27,478,5792,6270
1230,2016-09-28,474,6327,6801
1230,2016-09-29,485,5879,6364
1230,2016-09-30,366,6716,7082
1230,2016-10-02,46,3140,3186
1230,2016-10-03,442,6640,7082
1230,2016-10-04,547,6175,6722
1230,2016-10-05,473,5758,6231
1230,2016-10-06,502,5781,6283
1230,2016-10-08,257,3731,3988
1230,2016-10-09,64,2755,2819
1230,2016-10-10,478,5436,5914
1230,2016-10-11,424,6430,6854
1230,2016-10-12,476,5459,5935
1230,2016-10-14,484,6718,7202
1230,2016-10-15,239,4003,4242
1230,2016-10-16,73,3103,3176
1230,2016-10-17,459,5412,5871
1230,2016-10-18,420,6344,6764
1230,2016-10-20,416,6484,6900
1230,2016-10-21,410,6564,6974
1230,2016-10-22,267,3910,4177
1230,2016-10-23,63,2915,2978
1230,2016-10-24,414,6750,7164
1230,2016-10-26,480,5756,6236
1230,2016-10-27,476,5906,6382
1230,2016-10-28,473,5872,6345
1230,2016-10-29,317,3533,3850
1230,2016-10-30,64,2979,3043
1230,2016-11-01,44,2372,2416
1230,2016-11-02,412,4695,5107
1230,2016-11-03,415,4899,5314
1230,2016-11-04,423,4959,5382
1230,2016-11-05,287,3556,3843
1230,2016-11-07,422,5361,5783
1230,2016-11-08,454,7046,7500
1230,2016-11-09,422,6618,7040
1230,2016-11-10,398,6454,6852
1230,2016-11-11,459,5906,6365
1230,2016-11-13,52,2739,2791
1230,2016-11-14,451,5523,5974
1230,2016-11-15,393,6020,6413
1230,2016-11-16,390,7046,7436
1230,2016-11-17,394,7156,7550
1230,2016-11-19,242,3641,3883
1230,2016-11-20,67,2698,2765
1230,2016-11-21,362,6914,7276
1230,2016-11-22,396,6994,7390
1230,2016-11-23,467,6141,6608
1230,2016-11-25,517,5880,6397
1230,2016-11-26,257,3973,4230
1230,2016-11-27,66,2880,2946
1230,2016-11-28,460,5522,5982
1230,2016-11-29,454,6978,7432
1230,2016-12-01,475,5726,6201
1230,2016-12-02,441,5981,6422
1230,2016-12-03,280,4043,4323
1230,2016-12-04,70,2742,2812
1230,2016-12-05,465,5386,5851
1230,2016-12-07,447,5867,6314
1230,2016-12-08,441,6045,6486
1230,2016-12-09,444,5926,6370
1230,2016-12-10,249,3754,4003
1230,2016-12-11,59,2913,2972
1230,2016-12-13,474,6070,6544
1230,2016-12-14,421,5744,6165
1230,2016-12-15,461,5962,6423
1230,2016-12-16,473,5878,6351
1230,2016-12-17,261,4040,4301
1230,2016-12-19,498,5425,5923
1230,2016-12-20,473,5720,6193
1230,2016-12-21,424,5692,6116
1230,2016-12-22,397,5761,6158
1230,2016-12-23,378,5335,5713
1230,2016-12-25,26,1699,1725
1230,2016-12-26,38,1771,1809
1230,2016-12-27,284,3609,3893
1230,2016-12-28,286,3800,4086
1230,2016-12-29,297,3809,4106
1230,2016-12-31,203,2658,2861
1231,2016-01-01,13,1250,1263
1231,2016-01-02,69,1963,2032
1231,2016-01-03,16,1726,1742
1231,2016-01-04,104,4054,4158
1231,2016-01-06,114,4065,4179
1231,2016-01-07,126,4490,4616
1231,2016-01-08,145,4351,4496
1231,2016-01-09,82,2450,2532
1231,2016-01-10,20,1776,1796
1231,2016-01-12,144,5354,5498
1231,2016-01-13,138,5162,5300
1231,2016-01-14,156,5060,5216
1231,2016-01-15,149,4432,4581
1231,2016-01-16,100,2359,2459
1231,2016-01-18,162,4198,4360
1231,2016-01-19,166,4760,4926
1231,2016-01-20,159,4537,4696
1231,2016-01-21,121,4562,4683
1231,2016-01-22,154,4442,4596
1231,2016-01-24,18,1863,1881
1231,2016-01-25,151,4475,4626
1231,2016-01-26,120,4706,4826
1231,2016-01-27,144,4552,4696
1231,2016-01-28,164,4936,5100
1231,2016-01-30,74,2580,2654
1231,2016-01-31,19,1829,1848
1231,2016-02-01,142,4502,4644
1231,2016-02-02,156,5622,5778
1231,2016-02-03,160,5186,5346
1231,2016-02-05,152,4413,4565
1231,2016-02-06,88,2517,2605
1231,2016-02-07,16,1764,1780
1231,2016-02-08,104,3090,3194
1231,2016-02-09,106,3578,3684
1231,2016-02-11,132,4272,4404
1231,2016-02-12,135,4200,4335
1231,2016-02-13,64,2365,2429
1231,2016-02-14,20,1962,1982
1231,2016-02-15,150,4610,4760
1231,2016-02-17,151,4725,4876
1231,2016-02-18,143,4886,5029
1231,2016-02-19,155,4808,4963
1231,2016-02-20,96,2604,2700
1231,2016-02-21,20,1914,1934
1231,2016-02-23,176,5674,5850
1231,2016-02-24,147,4956,5103
1231,2016-02-25,144,4833,4977
1231,2016-02-26,164,4629,4793
1231,2016-02-27,94,2973,3067
1231,2016-02-29,148,4464,4612
1231,2016-03-01,185,4819,5004
1231,2016-03-02,126,5374,5500
1231,2016-03-03,121,4808,4929
1231,2016-03-04,130,4496,4626
1231,2016-03-06,18,1870,1888
1231,2016-03-07,172,4725,4897
1231,2016-03-08,151,4800,4951
1231,2016-03-09,161,4898,5059
1231,2016-03-10,221,6383,6604
1231,2016-03-12,106,3175,3281
1231,2016-03-13,15,2310,2325
1231,2016-03-14,225,5444,5669
1231,2016-03-15,147,5188,5335
1231,2016-03-16,161,5113,5274
1231,2016-03-18,155,5341,5496
1231,2016-03-19,97,2943,3040
1231,2016-03-20,20,2032,2052
1231,2016-03-21,180,4934,5114
1231,2016-03-22,168,5129,5297
1231,2016-03-24,170,4993,5163
1231,2016-03-25,114,4712,4826
1231,2016-03-26,129,2923,3052
1231,2016-03-28,54,1708,1762
1231,2016-03-30,172,4680,4852
1231,2016-03-31,196,4668,4864
1231,2016-04-01,200,4625,4825
1231,2016-04-02,125,3039,3164
1231,2016-04-03,44,2139,2183
1231,2016-04-05,200,5586,5786
1231,2016-04-06,206,5196,5402
1231,2016-04-07,208,4996,5204
1231,2016-04-08,192,4727,4919
1231,2016-04-09,135,3120,3255
1231,2016-04-11,199,5034,5233
1231,2016-04-12,168,6104,6272
1231,2016-04-13,149,5305,5454
1231,2016-04-14,147,5466,5613
1231,2016-04-15,168,5498,5666
1231,2016-04-17,16,2192,2208
1231,2016-04-18,156,4989,5145
1231,2016-04-19,164,5927,6091
1231,2016-04-20,162,5253,5415
1231,2016-04-21,164,5298,5462
1231,2016-04-23,80,3035,3115
1231,2016-04-24,18,2226,2244
1231,2016-04-25,160,5048,5208
1231,2016-04-26,140,5612,5752
1231,2016-04-27,152,5292,5444
1231,2016-04-29,173,4977,5150
1231,2016-04-30,86,2992,3078
1231,2016-05-01,16,2140,2156
1231,2016-05-02,167,5177,5344
1231,2016-05-03,187,5535,5722
1231,2016-05-05,25,2491,2516
1231,2016-05-06,145,4672,4817
1231,2016-05-07,118,3492,3610
1231,2016-05-08,20,2888,2908
1231,2016-05-09,187,5178,5365
1231,2016-05-11,148,5520,5668
1231,2016-05-12,207,5263,5470
1231,2016-05-13,146,5382,5528
1231,2016-05-14,94,3203,3297
1231,2016-05-15,57,1955,2012
1231,2016-05-17,166,4599,4765
1231,2016-05-18,142,4701,4843
1231,2016-05-19,152,4823,4975
1231,2016-05-20,156,4625,4781
1231,2016-05-21,113,3154,3267
1231,2016-05-23,148,5121,5269
1231,2016-05-24,143,5130,5273
1231,2016-05-25,191,5307,5498
1231,2016-05-26,138,5290,5428
1231,2016-05-27,108,5574,5682
1231,2016-05-29,18,2222,2240
1231,2016-05-30,110,3898,4008
1231,2016-05-31,131,5551,5682
1231,2016-06-01,130,5846,5976
1231,2016-06-02,98,6278,6376
1231,2016-06-04,38,3268,3306
1231,2016-06-05,4,2535,2539
1231,2016-06-06,112,5676,5788
1231,2016-06-07,78,5951,6029
1231,2016-06-08,65,5479,5544
1231,2016-06-10,268,7833,8101
1231,2016-06-11,48,3622,3670
1231,2016-06-12,18,2610,2628
1231,2016-06-13,112,5458,5570
1231,2016-06-14,142,5860,6002
1231,2016-06-16,102,5566,5668
1231,2016-06-17,114,5590,5704
1231,2016-06-18,74,3772,3846
1231,2016-06-19,301,9581,9882
1231,2016-06-20,144,5336,5480
1231,2016-06-22,102,5911,6013
1231,2016-06-23,21,3183,3204
1231,2016-06-24,98,4774,4872
1231,2016-06-25,36,2680,2716
1231,2016-06-26,18,2640,2658
1231,2016-06-28,118,5770,5888
1231,2016-06-29,144,5342,5486
1231,2016-06-30,135,5471,5606
1231,2016-07-01,164,5321,5485
1231,2016-07-02,78,3088,3166
1231,2016-07-04,98,5165,5263
1231,2016-07-05,157,5690,5847
1231,2016-07-06,91,5542,5633
1231,2016-07-07,89,5905,5994
1231,2016-07-08,120,5639,5759
1231,2016-07-10,22,3110,3132
1231,2016-07-11,128,5308,5436
1231,2016-07-12,134,5845,5979
1231,2016-07-13,120,5596,5716
1231,2016-07-14,102,5154,5256
1231,2016-07-16,31,3221,3252
1231,2016-07-17,7,2345,2352
1231,2016-07-18,63,4669,4732
1231,2016-07-19,90,5842,5932
1231,2016-07-20,110,4836,4946
1231,2016-07-22,74,4157,4231
1231,2016-07-23,24,2738,2762
1231,2016-07-24,7,2138,2145
1231,2016-07-25,95,4321,4416
1231,2016-07-26,52,4073,4125
1231,2016-07-28,78,4464,4542
1231,2016-07-29,90,4306,4396
1231,2016-07-30,34,2815,2849
1231,2016-07-31,18,2274,2292
1231,2016-08-01,79,4017,4096
1231,2016-08-03,48,4170,4218
1231,2016-08-04,58,3986,4044
1231,2016-08-05,64,3967,4031
1231,2016-08-06,27,2733,2760
1231,2016-08-07,14,2299,2313
1231,2016-08-09,68,3873,3941
1231,2016-08-10,66,3707,3773
1231,2016-08-11,54,3641,3695
1231,2016-08-12,69,3841,3910
1231,2016-08-13,72,2777,2849
1231,2016-08-15,33,2512,2545
1231,2016-08-16,59,4013,4072
1231,2016-08-17,71,4003,4074
1231,2016-08-18,68,3766,3834
1231,2016-08-19,71,3702,3773
1231,2016-08-21,14,2000,2014
1231,2016-08-22,112,4035,4147
1231,2016-08-23,70,4401,4471
1231,2016-08-24,81,4343,4424
1231,2016-08-25,88,4346,4434
1231,2016-08-27,52,2777,2829
1231,2016-08-28,12,2147,2159
1231,2016-08-29,86,4182,4268
1231,2016-08-30,101,4643,4744
1231,2016-08-31,114,4564,4678
1231,2016-09-02,112,4475,4587
1231,2016-09-03,66,2855,2921
1231,2016-09-04,16,1776,1792
1231,2016-09-05,119,4359,4478
1231,2016-09-06,104,4581,4685
1231,2016-09-08,121,4862,4983
1231,2016-09-09,118,4837,4955
1231,2016-09-10,82,3630,3712
1231,2016-09-11,23,3016,3039
1231,2016-09-12,128,4749,4877
1231,2016-09-14,133,4950,5083
1231,2016-09-15,174,5024,5198
1231,2016-09-16,144,4998,5142
1231,2016-09-17,85,3273,3358
1231,2016-09-18,19,2297,2316
1231,2016-09-20,149,4908,5057
1231,2016-09-21,156,5507,5663
1231,2016-09-22,190,5636,5826
1231,2016-09-23,171,5401,5572
1231,2016-09-24,77,3474,3551
1231,2016-09-26,166,5130,5296
1231,2016-09-27,165,5599,5764
1231,2016-09-28,189,6446,6635
1231,2016-09-29,157,5462,5619
1231,2016-09-30,158,5228,5386
1231,2016-10-02,42,2435,2477
1231,2016-10-03,154,5295,5449
1231,2016-10-04,169,5869,6038
1231,2016-10-05,218,5561,5779
1231,2016-10-06,182,5424,5606
1231,2016-10-08,103,3180,3283
1231,2016-10-09,20,2137,2157
1231,2016-10-10,209,4704,4913
1231,2016-10-11,169,4933,5102
1231,2016-10-12,163,4613,4776
1231,2016-10-14,169,4910,5079
1231,2016-10-15,99,2912,3011
1231,2016-10-16,24,2290,2314
1231,2016-10-17,159,4595,4754
1231,2016-10-18,178,5052,5230
1231,2016-10-20,176,4998,5174
1231,2016-10-21,135,4774,4909
1231,2016-10-22,86,2975,3061
1231,2016-10-23,18,2187,2205
1231,2016-10-24,116,5084,5200
1231,2016-10-26,148,5280,5428
1231,2016-10-27,163,5269,5432
1231,2016-10-28,164,5150,5314
1231,2016-10-29,95,3114,3209
1231,2016-10-30,21,2369,2390
1231,2016-11-01,28,1872,1900
1231,2016-11-02,148,4433,4581
1231,2016-11-03,160,4524,4684
1231,2016-11-04,169,5474,5643
1231,2016-11-05,102,3299,3401
1231,2016-11-07,162,4712,4874
1231,2016-11-08,193,5739,5932
1231,2016-11-09,142,5560,5702
1231,2016-11-10,158,5378,5536
1231,2016-11-11,177,4866,5043
1231,2016-11-13,22,1851,1873
1231,2016-11-14,193,4833,5026
1231,2016-11-15,130,5435,5565
1231,2016-11-16,182,5672,5854
1231,2016-11-17,158,5301,5459
1231,2016-11-19,113,2814,2927
1231,2016-11-20,27,1871,1898
1231,2016-11-21,142,5345,5487
1231,2016-11-22,133,5569,5702
1231,2016-11-23,166,5321,5487
1231,2016-11-25,186,4969,5155
1231,2016-11-26,98,2904,3002
1231,2016-11-27,23,1960,1983
1231,2016-11-28,189,4538,4727
1231,2016-11-29,178,5604,5782
1231,2016-12-01,154,4855,5009
1231,2016-12-02,149,5075,5224
1231,2016-12-03,90,2892,2982
1231,2016-12-04,15,1985,2000
1231,2016-12-05,158,4694,4852
1231,2016-12-07,165,4856,5021
1231,2016-12-08,124,5091,5215
1231,2016-12-09,161,5111,5272
1231,2016-12-10,93,2896,2989
1231,2016-12-11,23,1903,1926
1231,2016-12-13,146,5255,5401
1231,2016-12-14,165,5028,5193
1231,2016-12-15,135,5046,5181
1231,2016-12-16,162,4798,4960
1231,2016-12-17,87,2892,2979
1231,2016-12-19,171,4582,4753
1231,2016-12-20,166,4775,4941
1231,2016-12-21,162,4623,4785
1231,2016-12-22,122,4567,4689
1231,2016-12-23,126,4023,4149
1231,2016-12-26,24,1347,1371
1231,2016-12-27,114,2888,3002
1231,2016-12-28,85,2804,2889
1231,2016-12-29,97,2910,3007
1231,2016-12-31,72,1818,1890
1232,2016-01-01,54,4366,4420
1232,2016-01-02,269,9765,10034
1232,2016-01-03,119,8101,8220
1232,2016-01-04,535,14491,15026
1232,2016-01-06,631,15042,15673
1232,2016-01-07,743,15037,15780
1232,2016-01-08,747,16029,16776
1232,2016-01-09,368,11914,12282
1232,2016-01-10,147,8009,8156
1232,2016-01-12,849,15999,16848
1232,2016-01-13,886,16009,16895
1232,2016-01-14,1040,15240,16280
1232,2016-01-15,759,15041,15800
1232,2016-01-16,362,11269,11631
1232,2016-01-18,861,15223,16084
1232,2016-01-19,887,15726,16613
1232,2016-01-20,882,15750,16632
1232,2016-01-21,852,16056,16908
1232,2016-01-22,908,14891,15799
1232,2016-01-24,125,8953,9078
1232,2016-01-25,812,15363,16175
1232,2016-01-26,889,16384,17273
1232,2016-01-27,991,15830,16821
1232,2016-01-28,892,16290,17182
1232,2016-01-30,549,11053,11602
1232,2016-01-31,100,8311,8411
1232,2016-02-01,847,15277,16124
1232,2016-02-02,886,15898,16784
1232,2016-02-03,882,16093,16975
1232,2016-02-05,1072,15402,16474
1232,2016-02-06,336,11689,12025
1232,2016-02-07,112,7651,7763
1232,2016-02-08,627,11869,12496
1232,2016-02-09,854,12836,13690
1232,2016-02-11,811,15018,15829
1232,2016-02-12,1070,15120,16190
1232,2016-02-13,437,10608,11045
1232,2016-02-14,114,8497,8611
1232,2016-02-15,1030,14634,15664
1232,2016-02-17,998,15647,16645
1232,2016-02-18,926,16098,17024
1232,2016-02-19,899,16237,17136
1232,2016-02-20,301,11375,11676
1232,2016-02-21,98,8550,8648
1232,2016-02-23,971,15913,16884
1232,2016-02-24,903,15919,16822
1232,2016-02-25,921,16335,17256
1232,2016-02-26,961,16750,17711
1232,2016-02-27,414,13070,13484
1232,2016-02-29,894,15193,16087
1232,2016-03-01,1048,15782,16830
1232,2016-03-02,934,15470,16404
1232,2016-03-03,823,16115,16938
1232,2016-03-04,892,15803,16695
1232,2016-03-06,139,8905,9044
1232,2016-03-07,822,15042,15864
1232,2016-03-08,903,16089,16992
1232,2016-03-09,956,15785,16741
1232,2016-03-10,995,15569,16564
1232,2016-03-12,432,12847,13279
1232,2016-03-13,122,9631,9753
1232,2016-03-14,977,15452,16429
1232,2016-03-15,1082,15756,16838
1232,2016-03-16,1076,15682,16758
1232,2016-03-18,1123,16286,17409
1232,2016-03-19,510,12400,12910
1232,2016-03-20,148,9447,9595
1232,2016-03-21,1014,15055,16069
1232,2016-03-22,1146,15734,16880
1232,2016-03-24,1109,16103,17212
1232,2016-03-25,657,15961,16618
1232,2016-03-26,459,12080,12539
1232,2016-03-28,218,7422,7640
1232,2016-03-30,796,15546,16342
1232,2016-03-31,900,16084,16984
1232,2016-04-01,800,16646,17446
1232,2016-04-02,454,11744,12198
1232,2016-04-03,148,8723,8871
1232,2016-04-05,961,15342,16303
1232,2016-04-06,1094,15360,16454
1232,2016-04-07,997,14756,15753
1232,2016-04-08,1123,16041,17164
1232,2016-04-09,585,12389,12974
1232,2016-04-11,1042,15188,16230
1232,2016-04-12,1138,15937,17075
1232,2016-04-13,1131,15952,17083
1232,2016-04-14,1171,16341,17512
1232,2016-04-15,1074,16604,17678
1232,2016-04-17,151,9579,9730
1232,2016-04-18,1137,15168,16305
1232,2016-04-19,1082,15963,17045
1232,2016-04-20,1207,15787,16994
1232,2016-04-21,1215,16233,17448
1232,2016-04-23,542,12442,12984
1232,2016-04-24,170,9461,9631
1232,2016-04-25,1060,15197,16257
1232,2016-04-26,1153,15733,16886
1232,2016-04-27,1141,15863,17004
1232,2016-04-29,1093,16766,17859
1232,2016-04-30,463,12542,13005
1232,2016-05-01,74,8790,8864
1232,2016-05-02,1090,15859,16949
1232,2016-05-03,1112,16514,17626
1232,2016-05-05,189,9782,9971
1232,2016-05-06,789,15362,16151
1232,2016-05-07,496,12754,13250
1232,2016-05-08,193,10826,11019
1232,2016-05-09,1056,15512,16568
1232,2016-05-11,1048,15802,16850
1232,2016-05-12,1232,15440,16672
1232,2016-05-13,1394,14934,16328
1232,2016-05-14,489,12305,12794
1232,2016-05-15,148,8185,8333
1232,2016-05-17,1045,15214,16259
1232,2016-05-18,1115,14995,16110
1232,2016-05-19,1033,15183,16216
1232,2016-05-20,1052,15758,16810
1232,2016-05-21,440,11852,12292
1232,2016-05-23,938,14983,15921
1232,2016-05-24,1065,15801,16866
1232,2016-05-25,932,16656,17588
1232,2016-05-26,772,17401,18173
1232,2016-05-27,800,16318,17118
1232,2016-05-29,183,9037,9220
1232,2016-05-31,836,15558,16394
1232,2016-06-01,812,16204,17016
1232,2016-06-02,1022,15779,16801
1232,2016-06-04,394,12326,12720
1232,2016-06-05,131,9357,9488
1232,2016-06-06,808,16040,16848
1232,2016-06-07,846,16300,17146
1232,2016-06-08,824,16446,17270
1232,2016-06-10,943,16686,17629
1232,2016-06-11,424,12580,13004
1232,2016-06-12,94,10444,10538
1232,2016-06-13,818,15608,16426
1232,2016-06-14,910,15863,16773
1232,2016-06-16,901,15799,16700
1232,2016-06-17,942,16528,17470
1232,2016-06-18,425,13175,13600
1232,2016-06-19,138,9956,10094
1232,2016-06-20,841,14894,15735
1232,2016-06-22,869,16267,17136
1232,2016-06-23,256,9585,9841
1232,2016-06-24,744,14634,15378
1232,2016-06-25,395,10623,11018
1232,2016-06-26,119,9274,9393
1232,2016-06-28,850,16132,16982
1232,2016-06-29,826,16258,17084
1232,2016-06-30,875,16193,17068
1232,2016-07-01,923,16726,17649
1232,2016-07-02,409,12508,12917
1232,2016-07-04,877,15586,16463
1232,2016-07-05,1115,16416,17531
1232,2016-07-06,1090,16651,17741
1232,2016-07-07,1031,16777,17808
1232,2016-07-08,913,17066,17979
1232,2016-07-10,161,10745,10906
1232,2016-07-11,979,15599,16578
1232,2016-07-12,904,16492,17396
1232,2016-07-13,1095,16096,17191
1232,2016-07-14,1015,16380,17395
1232,2016-07-16,425,12768,13193
1232,2016-07-17,198,10076,10274
1232,2016-07-18,868,14971,15839
1232,2016-07-19,948,16259,17207
1232,2016-07-20,844,15674,16518
1232,2016-07-22,843,15207,16050
1232,2016-07-23,343,11461,11804
1232,2016-07-24,125,9520,9645
1232,2016-07-25,784,14766,15550
1232,2016-07-26,891,15231,16122
1232,2016-07-28,861,15949,16810
1232,2016-07-29,789,15914,16703
1232,2016-07-30,380,11314,11694
1232,2016-07-31,136,9670,9806
1232,2016-08-01,627,14395,15022
1232,2016-08-03,620,14318,14938
1232,2016-08-04,607,14291,14898
1232,2016-08-05,648,14804,15452
1232,2016-08-06,346,10995,11341
1232,2016-08-07,130,9423,9553
1232,2016-08-09,621,14235,14856
1232,2016-08-10,652,14313,14965
1232,2016-08-11,648,13921,14569
1232,2016-08-12,611,14337,14948
1232,2016-08-13,355,10685,11040
1232,2016-08-15,183,9160,9343
1232,2016-08-16,652,14607,15259
1232,2016-08-17,655,14475,15130
1232,2016-08-18,650,14334,14984
1232,2016-08-19,647,14641,15288
1232,2016-08-21,108,8852,8960
1232,2016-08-22,731,14195,14926
1232,2016-08-23,798,15127,15925
1232,2016-08-24,756,15252,16008
1232,2016-08-25,726,15479,16205
1232,2016-08-27,301,11386,11687
1232,2016-08-28,105,9337,9442
1232,2016-08-29,695,14500,15195
1232,2016-08-30,751,14109,14860
1232,2016-08-31,706,14990,15696
1232,2016-09-02,720,15409,16129
1232,2016-09-03,328,11709,12037
1232,2016-09-04,128,8535,8663
1232,2016-09-05,705,14633,15338
1232,2016-09-06,778,15397,16175
1232,2016-09-08,801,16049,16850
1232,2016-09-09,814,16266,17080
1232,2016-09-10,412,14013,14425
1232,2016-09-11,243,11556,11799
1232,2016-09-12,831,15690,16521
1232,2016-09-14,907,16034,16941
1232,2016-09-15,944,16280,17224
1232,2016-09-16,854,17068,17922
1232,2016-09-17,455,14610,15065
1232,2016-09-18,137,11516,11653
1232,2016-09-20,898,16070,16968
1232,2016-09-21,890,15999,16889
1232,2016-09-22,903,15903,16806
1232,2016-09-23,835,16576,17411
1232,2016-09-24,421,13121,13542
1232,2016-09-26,836,15414,16250
1232,2016-09-27,843,16210,17053
1232,2016-09-28,819,16305,17124
1232,2016-09-29,754,16600,17354
1232,2016-09-30,844,16402,17246
1232,2016-10-02,90,9526,9616
1232,2016-10-03,612,17003,17615
1232,2016-10-04,844,15883,16727
1232,2016-10-05,925,15825,16750
1232,2016-10-06,909,16308,17217
1232,2016-10-08,462,12941,13403
1232,2016-10-09,142,9378,9520
1232,2016-10-10,883,14981,15864
1232,2016-10-11,1016,15812,16828
1232,2016-10-12,1063,15614,16677
1232,2016-10-14,1030,15878,16908
1232,2016-10-15,416,12308,12724
1232,2016-10-16,138,10049,10187
1232,2016-10-17,934,14950,15884
1232,2016-10-18,992,15795,16787
1232,2016-10-20,966,15559,16525
1232,2016-10-21,1008,16377,17385
1232,2016-10-22,468,12582,13050
1232,2016-10-23,160,9656,9816
1232,2016-10-24,950,15517,16467
1232,2016-10-26,1059,16485,17544
1232,2016-10-27,1026,16906,17932
1232,2016-10-28,1045,17464,18509
1232,2016-10-29,444,13024,13468
1232,2016-10-30,155,10647,10802
1232,2016-11-01,127,8464,8591
1232,2016-11-02,1015,15833,16848
1232,2016-11-03,934,15821,16755
1232,2016-11-04,734,15714,16448
1232,2016-11-05,348,11048,11396
1232,2016-11-07,782,15916,16698
1232,2016-11-08,930,15733,16663
1232,2016-11-09,922,15522,16444
1232,2016-11-10,971,15945,16916
1232,2016-11-11,960,16167,17127
1232,2016-11-13,118,8699,8817
1232,2016-11-14,911,14930,15841
1232,2016-11-15,771,15843,16614
1232,2016-11-16,840,15529,16369
1232,2016-11-17,930,15774,16704
1232,2016-11-19,406,12097,12503
1232,2016-11-20,136,8541,8677
1232,2016-11-21,835,14239,15074
1232,2016-11-22,809,15795,16604
1232,2016-11-23,823,15538,16361
1232,2016-11-25,936,16052,16988
1232,2016-11-26,439,12727,13166
1232,2016-11-27,132,8898,9030
1232,2016-11-28,877,15043,15920
1232,2016-11-29,1009,15704,16713
1232,2016-12-01,1041,15854,16895
1232,2016-12-02,1041,16591,17632
1232,2016-12-03,417,12493,12910
1232,2016-12-04,156,9466,9622
1232,2016-12-05,993,15576,16569
1232,2016-12-07,998,15561,16559
1232,2016-12-08,999,16030,17029
1232,2016-12-09,963,16151,17114
1232,2016-12-10,468,12851,13319
1232,2016-12-11,119,9589,9708
1232,2016-12-13,752,16390,17142
1232,2016-12-14,900,16097,16997
1232,2016-12-15,966,16036,17002
1232,2016-12-16,965,16951,17916
1232,2016-12-17,416,12967,13383
1232,2016-12-19,909,15791,16700
1232,2016-12-20,973,16546,17519
1232,2016-12-21,880,16358,17238
1232,2016-12-22,817,16353,17170
1232,2016-12-23,684,16101,16785
1232,2016-12-25,52,4944,4996
1232,2016-12-26,79,5682,5761
1232,2016-12-27,454,11884,12338
1232,2016-12-28,463,11949,12412
1232,2016-12-29,456,12659,13115
1232,2016-12-31,265,9205,9470
1250,2016-01-01,27,1329,1356
1250,2016-01-02,54,1717,1771
1250,2016-01-03,31,1502,1533
1250,2016-01-04,104,2258,2362
1250,2016-01-06,107,2214,2321
1250,2016-01-07,101,2408,2509
1250,2016-01-08,126,2722,2848
1250,2016-01-09,61,1929,1990
1250,2016-01-10,25,1568,1593
1250,2016-01-12,138,2552,2690
1250,2016-01-13,150,2498,2648
1250,2016-01-14,90,2390,2480
1250,2016-01-15,125,2611,2736
1250,2016-01-16,67,2010,2077
1250,2016-01-18,135,2548,2683
1250,2016-01-19,157,2496,2653
1250,2016-01-20,143,2566,2709
1250,2016-01-21,124,2543,2667
1250,2016-01-22,134,2576,2710
1250,2016-01-24,29,1630,1659
1250,2016-01-25,157,2605,2762
1250,2016-01-26,152,2675,2827
1250,2016-01-27,160,2698,2858
1250,2016-01-28,180,2722,2902
1250,2016-01-31,32,1661,1693
1250,2016-02-01,136,2529,2665
1250,2016-02-02,182,2616,2798
1250,2016-02-03,196,2828,3024
1250,2016-02-05,134,2751,2885
1250,2016-02-06,55,2164,2219
1250,2016-02-07,45,1520,1565
1250,2016-02-09,110,2164,2274
1250,2016-02-11,157,2569,2726
1250,2016-02-12,142,2634,2776
1250,2016-02-13,80,2210,2290
1250,2016-02-14,29,1684,1713
1250,2016-02-15,158,2474,2632
1250,2016-02-17,156,2652,2808
1250,2016-02-18,164,2621,2785
1250,2016-02-19,166,2919,3085
1250,2016-02-20,50,1900,1950
1250,2016-02-21,33,1871,1904
1250,2016-02-23,208,2662,2870
1250,2016-02-24,163,2711,2874
1250,2016-02-25,164,2707,2871
1250,2016-02-26,157,2828,2985
1250,2016-02-27,66,2369,2435
1250,2016-02-29,159,2715,2874
1250,2016-03-01,149,2639,2788
1250,2016-03-02,186,2826,3012
1250,2016-03-03,162,2760,2922
1250,2016-03-04,135,2763,2898
1250,2016-03-06,42,1827,1869
1250,2016-03-07,208,2604,2812
1250,2016-03-08,164,2729,2893
1250,2016-03-09,176,2795,2971
1250,2016-03-10,159,2738,2897
1250,2016-03-12,69,2438,2507
1250,2016-03-13,29,2345,2374
1250,2016-03-14,188,2668,2856
1250,2016-03-15,184,2681,2865
1250,2016-03-16,186,2660,2846
1250,2016-03-18,177,3014,3191
1250,2016-03-19,84,2875,2959
1250,2016-03-20,42,2112,2154
1250,2016-03-21,158,2665,2823
1250,2016-03-22,146,2786,2932
1250,2016-03-24,171,2807,2978
1250,2016-03-25,122,2904,3026
1250,2016-03-26,56,2597,2653
1250,2016-03-30,168,2546,2714
1250,2016-03-31,168,2568,2736
1250,2016-04-01,162,2642,2804
1250,2016-04-02,84,2606,2690
1250,2016-04-03,37,2132,2169
1250,2016-04-05,160,2626,2786
1250,2016-04-06,131,2782,2913
1250,2016-04-07,153,2736,2889
1250,2016-04-08,172,3155,3327
1250,2016-04-09,70,2702,2772
1250,2016-04-11,186,2901,3087
1250,2016-04-13,180,2814,2994
1250,2016-04-14,185,2916,3101
1250,2016-04-15,198,2900,3098
1250,2016-04-17,36,2329,2365
1250,2016-04-18,202,3107,3309
1250,2016-04-19,183,3247,3430
1250,2016-04-20,200,3239,3439
1250,2016-04-21,179,3558,3737
1250,2016-04-23,100,2612,2712
1250,2016-04-24,54,2436,2490
1250,2016-04-25,220,2962,3182
1250,2016-04-26,258,3208,3466
1250,2016-04-27,208,3122,3330
1250,2016-04-29,166,3386,3552
1250,2016-04-30,110,2702,2812
1250,2016-05-01,42,2304,2346
1250,2016-05-02,176,3208,3384
1250,2016-05-03,230,3308,3538
1250,2016-05-05,64,3809,3873
1250,2016-05-06,174,3579,3753
1250,2016-05-07,89,3579,3668
1250,2016-05-08,45,3339,3384
1250,2016-05-09,164,3167,3331
1250,2016-05-11,197,3219,3416
1250,2016-05-12,236,3354,3590
1250,2016-05-13,232,3576,3808
1250,2016-05-14,96,3141,3237
1250,2016-05-15,46,2565,2611
1250,2016-05-17,172,3313,3485
1250,2016-05-18,202,3027,3229
1250,2016-05-19,164,3029,3193
1250,2016-05-20,160,2946,3106
1250,2016-05-21,80,2718,2798
1250,2016-05-23,142,2691,2833
1250,2016-05-24,176,2828,3004
1250,2016-05-25,194,3106,3300
1250,2016-05-26,171,3554,3725
1250,2016-05-27,204,3398,3602
1250,2016-05-29,49,2342,2391
1250,2016-05-30,174,2560,2734
1250,2016-05-31,136,2942,3078
1250,2016-06-01,200,2748,2948
1250,2016-06-02,194,2860,3054
1250,2016-06-04,116,3450,3566
1250,2016-06-05,47,2849,2896
1250,2016-06-06,208,2866,3074
1250,2016-06-07,216,2930,3146
1250,2016-06-08,226,3010,3236
1250,2016-06-10,168,3421,3589
1250,2016-06-11,84,2394,2478
1250,2016-06-12,52,2412,2464
1250,2016-06-13,175,2778,2953
1250,2016-06-14,188,2912,3100
1250,2016-06-16,218,2936,3154
1250,2016-06-17,192,3106,3298
1250,2016-06-18,86,2428,2514
1250,2016-06-19,54,2457,2511
1250,2016-06-20,175,2886,3061
1250,2016-06-22,186,3153,3339
1250,2016-06-23,73,2648,2721
1250,2016-06-24,179,2888,3067
1250,2016-06-25,68,2432,2500
1250,2016-06-26,50,2528,2578
1250,2016-06-28,152,3036,3188
1250,2016-06-29,157,3105,3262
1250,2016-06-30,189,3264,3453
1250,2016-07-01,163,3275,3438
1250,2016-07-02,86,2888,2974
1250,2016-07-04,165,2921,3086
1250,2016-07-05,151,3077,3228
1250,2016-07-06,184,3193,3377
1250,2016-07-07,165,3457,3622
1250,2016-07-08,183,3419,3602
1250,2016-07-10,39,3004,3043
1250,2016-07-11,156,2876,3032
1250,2016-07-12,168,3015,3183
1250,2016-07-13,176,2922,3098
1250,2016-07-14,178,2972,3150
1250,2016-07-16,79,2629,2708
1250,2016-07-17,48,2495,2543
1250,2016-07-18,169,3033,3202
1250,2016-07-19,143,3197,3340
1250,2016-07-20,168,3142,3310
1250,2016-07-22,182,3298,3480
1250,2016-07-23,84,2720,2804
1250,2016-07-24,46,2678,2724
1250,2016-07-25,136,3064,3200
1250,2016-07-26,170,3166,3336
1250,2016-07-28,169,3194,3363
1250,2016-07-29,125,3209,3334
1250,2016-07-30,68,2700,2768
1250,2016-07-31,49,2759,2808
1250,2016-08-01,114,2911,3025
1250,2016-08-03,107,2754,2861
1250,2016-08-04,130,2848,2978
1250,2016-08-05,121,3005,3126
1250,2016-08-06,65,2865,2930
1250,2016-08-07,43,3272,3315
1250,2016-08-09,122,2808,2930
1250,2016-08-10,130,2716,2846
1250,2016-08-11,119,2729,2848
1250,2016-08-12,126,3075,3201
1250,2016-08-13,96,3207,3303
1250,2016-08-15,63,2801,2864
1250,2016-08-16,143,2976,3119
1250,2016-08-17,127,2846,2973
1250,2016-08-18,142,2756,2898
1250,2016-08-19,126,2807,2933
1250,2016-08-21,39,2457,2496
1250,2016-08-22,140,2689,2829
1250,2016-08-23,119,2999,3118
1250,2016-08-24,146,3057,3203
1250,2016-08-25,136,3116,3252
1250,2016-08-27,78,2631,2709
1250,2016-08-28,44,2630,2674
1250,2016-08-29,113,816,929
1250,2016-08-30,73,611,684
1250,2016-08-31,34,521,555
1250,2016-09-02,180,3185,3365
1250,2016-09-03,84,2643,2727
1250,2016-09-04,44,1710,1754
1250,2016-09-05,137,2770,2907
1250,2016-09-06,139,2911,3050
1250,2016-09-08,161,3306,3467
1250,2016-09-09,179,3334,3513
1250,2016-09-10,81,2806,2887
1250,2016-09-11,48,2900,2948
1250,2016-09-12,140,3214,3354
1250,2016-09-14,163,3355,3518
1250,2016-09-15,143,3397,3540
1250,2016-09-16,196,3330,3526
1250,2016-09-17,90,2886,2976
1250,2016-09-18,38,2365,2403
1250,2016-09-20,161,3126,3287
1250,2016-09-21,152,3252,3404
1250,2016-09-22,193,3381,3574
1250,2016-09-23,171,3400,3571
1250,2016-09-24,81,2955,3036
1250,2016-09-26,196,3148,3344
1250,2016-09-27,166,3204,3370
1250,2016-09-28,163,3082,3245
1250,2016-09-29,178,3397,3575
1250,2016-09-30,189,3269,3458
1250,2016-10-02,45,2364,2409
1250,2016-10-03,118,3108,3226
1250,2016-10-04,179,3179,3358
1250,2016-10-05,178,3069,3247
1250,2016-10-06,173,3179,3352
1250,2016-10-08,96,2516,2612
1250,2016-10-09,47,2160,2207
1250,2016-10-10,150,2850,3000
1250,2016-10-11,173,3018,3191
1250,2016-10-12,154,2939,3093
1250,2016-10-15,84,2504,2588
1250,2016-10-16,39,2907,2946
1250,2016-10-17,159,2918,3077
1250,2016-10-18,154,2965,3119
1250,2016-10-19,200,2956,3156
1250,2016-10-21,153,3257,3410
1250,2016-10-22,83,2540,2623
1250,2016-10-23,47,2220,2267
1250,2016-10-24,224,3032,3256
1250,2016-10-25,167,3238,3405
1250,2016-10-27,188,3325,3513
1250,2016-10-28,177,3389,3566
1250,2016-10-29,97,2553,2650
1250,2016-10-30,43,2621,2664
1250,2016-11-02,156,2707,2863
1250,2016-11-03,132,2794,2926
1250,2016-11-04,164,2919,3083
1250,2016-11-05,92,2331,2423
1250,2016-11-06,36,1914,1950
1250,2016-11-08,156,2964,3120
1250,2016-11-09,157,2916,3073
1250,2016-11-10,187,2931,3118
1250,2016-11-11,212,3142,3354
1250,2016-11-12,84,2447,2531
1250,2016-11-14,181,3072,3253
1250,2016-11-15,132,3060,3192
1250,2016-11-16,143,2938,3081
1250,2016-11-17,208,3016,3224
1250,2016-11-20,29,1863,1892
1250,2016-11-21,151,2791,2942
1250,2016-11-22,180,3045,3225
1250,2016-11-23,183,3256,3439
1250,2016-11-24,160,3106,3266
1250,2016-11-26,73,2262,2335
1250,2016-11-27,29,1930,1959
1250,2016-11-28,193,2848,3041
1250,2016-11-29,198,2909,3107
1250,2016-11-30,178,2899,3077
1250,2016-12-02,173,3178,3351
1250,2016-12-03,73,2523,2596
1250,2016-12-04,37,2127,2164
1250,2016-12-05,186,3038,3224
1250,2016-12-06,160,2956,3116
1250,2016-12-08,202,3164,3366
1250,2016-12-09,159,3099,3258
1250,2016-12-10,65,2428,2493
1250,2016-12-11,31,1876,1907
1250,2016-12-12,168,2919,3087
1250,2016-12-14,150,2928,3078
1250,2016-12-15,157,2946,3103
1250,2016-12-16,193,3111,3304
1250,2016-12-17,68,2404,2472
1250,2016-12-18,30,1827,1857
1250,2016-12-20,200,3065,3265
1250,2016-12-21,169,2984,3153
1250,2016-12-22,141,2872,3013
1250,2016-12-23,119,2784,2903
1250,2016-12-24,59,1726,1785
1250,2016-12-26,38,1336,1374
1250,2016-12-27,90,2093,2183
1250,2016-12-28,82,2097,2179
1250,2016-12-29,89,2228,2317
1250,2016-12-30,91,2333,2424
1314,2016-01-01,16,1778,1794
1314,2016-01-02,52,2192,2244
1314,2016-01-03,18,1894,1912
1314,2016-01-04,132,3514,3646
1314,2016-01-06,144,3628,3772
1314,2016-01-07,134,3788,3922
1314,2016-01-08,165,4392,4557
1314,2016-01-09,57,3006,3063
1314,2016-01-10,18,2218,2236
1314,2016-01-12,183,4356,4539
1314,2016-01-13,199,4451,4650
1314,2016-01-14,203,4315,4518
1314,2016-01-15,178,3968,4146
1314,2016-01-16,82,2736,2818
1314,2016-01-18,153,4073,4226
1314,2016-01-19,199,4234,4433
1314,2016-01-20,214,4364,4578
1314,2016-01-21,183,4331,4514
1314,2016-01-22,184,3638,3822
1314,2016-01-24,28,2316,2344
1314,2016-01-25,184,4349,4533
1314,2016-01-26,210,4531,4741
1314,2016-01-27,257,4744,5001
1314,2016-01-28,223,4596,4819
1314,2016-01-30,76,2806,2882
1314,2016-01-31,24,2358,2382
1314,2016-02-01,200,4275,4475
1314,2016-02-02,177,4469,4646
1314,2016-02-03,208,4864,5072
1314,2016-02-05,208,4531,4739
1314,2016-02-06,75,3188,3263
1314,2016-02-07,20,2182,2202
1314,2016-02-08,138,2966,3104
1314,2016-02-09,136,3334,3470
1314,2016-02-11,191,3971,4162
1314,2016-02-12,179,4040,4219
1314,2016-02-13,70,2792,2862
1314,2016-02-14,42,2452,2494
1314,2016-02-15,220,4130,4350
1314,2016-02-17,212,4588,4800
1314,2016-02-18,220,4469,4689
1314,2016-02-19,189,4536,4725
1314,2016-02-20,64,3086,3150
1314,2016-02-21,13,2532,2545
1314,2016-02-23,200,4844,5044
1314,2016-02-24,191,4676,4867
1314,2016-02-25,234,4674,4908
1314,2016-02-26,202,4923,5125
1314,2016-02-27,92,3509,3601
1314,2016-02-29,249,4623,4872
1314,2016-03-01,260,4703,4963
1314,2016-03-02,198,4226,4424
1314,2016-03-03,180,4084,4264
1314,2016-03-04,198,4228,4426
1314,2016-03-06,22,2994,3016
1314,2016-03-07,214,4300,4514
1314,2016-03-08,214,4670,4884
1314,2016-03-09,230,4691,4921
1314,2016-03-10,212,4688,4900
1314,2016-03-12,104,3673,3777
1314,2016-03-13,29,3168,3197
1314,2016-03-14,231,4513,4744
1314,2016-03-15,263,5003,5266
1314,2016-03-16,269,4695,4964
1314,2016-03-18,227,5301,5528
1314,2016-03-19,135,3776,3911
1314,2016-03-20,30,2998,3028
1314,2016-03-21,203,4446,4649
1314,2016-03-22,203,4832,5035
1314,2016-03-24,246,4850,5096
1314,2016-03-25,215,4566,4781
1314,2016-03-26,107,3469,3576
1314,2016-03-30,186,3936,4122
1314,2016-03-31,189,4180,4369
1314,2016-04-01,170,4193,4363
1314,2016-04-02,118,3833,3951
1314,2016-04-03,18,2740,2758
1314,2016-04-05,214,3850,4064
1314,2016-04-06,229,4606,4835
1314,2016-04-07,204,5122,5326
1314,2016-04-08,195,4735,4930
1314,2016-04-09,113,3741,3854
1314,2016-04-11,200,4142,4342
1314,2016-04-12,202,4266,4468
1314,2016-04-13,220,4561,4781
1314,2016-04-14,172,4434,4606
1314,2016-04-15,255,5024,5279
1314,2016-04-17,25,3245,3270
1314,2016-04-18,211,4559,4770
1314,2016-04-19,246,4921,5167
1314,2016-04-20,228,5063,5291
1314,2016-04-21,215,5213,5428
1314,2016-04-23,95,3614,3709
1314,2016-04-24,34,2626,2660
1314,2016-04-25,224,4536,4760
1314,2016-04-26,246,4848,5094
1314,2016-04-27,227,4904,5131
1314,2016-04-29,215,5078,5293
1314,2016-04-30,114,3658,3772
1314,2016-05-01,53,3039,3092
1314,2016-05-02,244,4921,5165
1314,2016-05-03,241,5134,5375
1314,2016-05-05,46,3864,3910
1314,2016-05-06,237,4795,5032
1314,2016-05-07,112,3975,4087
1314,2016-05-08,33,3485,3518
1314,2016-05-09,309,4717,5026
1314,2016-05-11,273,4955,5228
1314,2016-05-12,284,5094,5378
1314,2016-05-13,276,4618,4894
1314,2016-05-14,93,3515,3608
1314,2016-05-15,32,2573,2605
1314,2016-05-17,216,4235,4451
1314,2016-05-18,192,3922,4114
1314,2016-05-19,168,4188,4356
1314,2016-05-20,274,4546,4820
1314,2016-05-21,169,3721,3890
1314,2016-05-23,260,4590,4850
1314,2016-05-24,242,4877,5119
1314,2016-05-25,253,5106,5359
1314,2016-05-26,224,4832,5056
1314,2016-05-27,253,5233,5486
1314,2016-05-29,32,3336,3368
1314,2016-05-30,218,4140,4358
1314,2016-05-31,250,4310,4560
1314,2016-06-01,272,4831,5103
1314,2016-06-02,228,5075,5303
1314,2016-06-04,90,3504,3594
1314,2016-06-05,37,3024,3061
1314,2016-06-06,238,4178,4416
1314,2016-06-07,238,4350,4588
1314,2016-06-08,237,5008,5245
1314,2016-06-10,248,5407,5655
1314,2016-06-11,94,3794,3888
1314,2016-06-12,20,3208,3228
1314,2016-06-13,192,4148,4340
1314,2016-06-14,166,4354,4520
1314,2016-06-16,208,4270,4478
1314,2016-06-17,204,4692,4896
1314,2016-06-18,77,3760,3837
1314,2016-06-19,32,3331,3363
1314,2016-06-20,226,4316,4542
1314,2016-06-22,226,5088,5314
1314,2016-06-23,56,3163,3219
1314,2016-06-24,220,4179,4399
1314,2016-06-25,88,3132,3220
1314,2016-06-26,51,2972,3023
1314,2016-06-28,261,5033,5294
1314,2016-06-29,304,5190,5494
1314,2016-06-30,274,5092,5366
1314,2016-07-01,267,5282,5549
1314,2016-07-02,122,3797,3919
1314,2016-07-04,232,4222,4454
1314,2016-07-05,277,5061,5338
1314,2016-07-06,234,5050,5284
1314,2016-07-07,265,5232,5497
1314,2016-07-08,289,5329,5618
1314,2016-07-10,42,3800,3842
1314,2016-07-11,268,4686,4954
1314,2016-07-12,242,5246,5488
1314,2016-07-13,216,4899,5115
1314,2016-07-14,218,5086,5304
1314,2016-07-16,170,3937,4107
1314,2016-07-17,48,3594,3642
1314,2016-07-18,269,4575,4844
1314,2016-07-19,260,4889,5149
1314,2016-07-20,224,4793,5017
1314,2016-07-22,186,4316,4502
1314,2016-07-23,113,3263,3376
1314,2016-07-24,36,3036,3072
1314,2016-07-25,214,4381,4595
1314,2016-07-26,205,4432,4637
1314,2016-07-28,224,4458,4682
1314,2016-07-29,188,4285,4473
1314,2016-07-30,113,3263,3376
1314,2016-07-31,66,2918,2984
1314,2016-08-01,187,3578,3765
1314,2016-08-03,167,3697,3864
1314,2016-08-04,140,3641,3781
1314,2016-08-05,168,3648,3816
1314,2016-08-06,98,3184,3282
1314,2016-08-07,65,3244,3309
1314,2016-08-09,184,3482,3666
1314,2016-08-10,156,3339,3495
1314,2016-08-11,144,3377,3521
1314,2016-08-12,147,3696,3843
1314,2016-08-13,114,3358,3472
1314,2016-08-15,74,3697,3771
1314,2016-08-16,207,3884,4091
1314,2016-08-17,197,3622,3819
1314,2016-08-18,182,3447,3629
1314,2016-08-19,133,3318,3451
1314,2016-08-21,44,2492,2536
1314,2016-08-22,182,3465,3647
1314,2016-08-23,173,3895,4068
1314,2016-08-24,192,4039,4231
1314,2016-08-25,164,4042,4206
1314,2016-08-27,98,3109,3207
1314,2016-08-28,34,2648,2682
1314,2016-08-29,177,3924,4101
1314,2016-08-30,167,4016,4183
1314,2016-08-31,205,4143,4348
1314,2016-09-02,249,4483,4732
1314,2016-09-03,138,4084,4222
1314,2016-09-04,46,3040,3086
1314,2016-09-05,238,3957,4195
1314,2016-09-06,260,4173,4433
1314,2016-09-08,202,4463,4665
1314,2016-09-09,264,4546,4810
1314,2016-09-10,107,3490,3597
1314,2016-09-11,40,3204,3244
1314,2016-09-12,206,4450,4656
1314,2016-09-14,241,4634,4875
1314,2016-09-15,216,4130,4346
1314,2016-09-16,212,4318,4530
1314,2016-09-17,114,3406,3520
1314,2016-09-18,72,2876,2948
1314,2016-09-20,244,4735,4979
1314,2016-09-21,261,4773,5034
1314,2016-09-22,247,4832,5079
1314,2016-09-23,265,4956,5221
1314,2016-09-24,150,3928,4078
1314,2016-09-26,247,4504,4751
1314,2016-09-27,245,4832,5077
1314,2016-09-28,301,4838,5139
1314,2016-09-29,226,5111,5337
1314,2016-09-30,240,4370,4610
1314,2016-10-02,22,2728,2750
1314,2016-10-03,221,4573,4794
1314,2016-10-04,268,4989,5257
1314,2016-10-05,306,4877,5183
1314,2016-10-06,294,5059,5353
1314,2016-10-08,115,3395,3510
1314,2016-10-09,32,2950,2982
1314,2016-10-10,225,4385,4610
1314,2016-10-11,246,4714,4960
1314,2016-10-12,218,4644,4862
1314,2016-10-14,240,4747,4987
1314,2016-10-15,126,3302,3428
1314,2016-10-16,29,3156,3185
1314,2016-10-17,242,4383,4625
1314,2016-10-18,238,4602,4840
1314,2016-10-20,199,4630,4829
1314,2016-10-21,216,4837,5053
1314,2016-10-22,92,3281,3373
1314,2016-10-23,30,2795,2825
1314,2016-10-24,204,3910,4114
1314,2016-10-26,254,4765,5019
1314,2016-10-27,243,4765,5008
1314,2016-10-28,229,4965,5194
1314,2016-10-29,130,3824,3954
1314,2016-10-30,36,2963,2999
1314,2016-11-01,35,3005,3040
1314,2016-11-02,216,4178,4394
1314,2016-11-03,171,3997,4168
1314,2016-11-04,178,4116,4294
1314,2016-11-05,98,3154,3252
1314,2016-11-07,206,4458,4664
1314,2016-11-08,238,4667,4905
1314,2016-11-09,206,4030,4236
1314,2016-11-10,194,4002,4196
1314,2016-11-11,190,4773,4963
1314,2016-11-13,29,2432,2461
1314,2016-11-14,234,4378,4612
1314,2016-11-15,204,4623,4827
1314,2016-11-16,213,4518,4731
1314,2016-11-17,254,4692,4946
1314,2016-11-19,84,3161,3245
1314,2016-11-20,14,2354,2368
1314,2016-11-21,152,3880,4032
1314,2016-11-22,188,4082,4270
1314,2016-11-23,203,4758,4961
1314,2016-11-25,212,4899,5111
1314,2016-11-26,108,3268,3376
1314,2016-11-27,19,2361,2380
1314,2016-11-28,191,4256,4447
1314,2016-11-29,254,4673,4927
1314,2016-12-01,175,4515,4690
1314,2016-12-02,202,4844,5046
1314,2016-12-03,148,3873,4021
1314,2016-12-04,34,2945,2979
1314,2016-12-05,211,4306,4517
1314,2016-12-07,229,4432,4661
1314,2016-12-08,197,4539,4736
1314,2016-12-09,219,4657,4876
1314,2016-12-10,89,3169,3258
1314,2016-12-11,20,2297,2317
1314,2016-12-13,248,3992,4240
1314,2016-12-14,230,4566,4796
1314,2016-12-15,209,4577,4786
1314,2016-12-16,232,4517,4749
1314,2016-12-17,74,3160,3234
1314,2016-12-19,205,4024,4229
1314,2016-12-20,206,4234,4440
1314,2016-12-21,186,4192,4378
1314,2016-12-22,144,4106,4250
1314,2016-12-23,120,3891,4011
1314,2016-12-25,18,2027,2045
1314,2016-12-26,29,1788,1817
1314,2016-12-27,82,2714,2796
1314,2016-12-28,93,2739,2832
1314,2016-12-29,86,2871,2957
1314,2016-12-31,50,1969,2019
1407,2016-01-01,931,17357,18288
1407,2016-01-02,1888,31058,32946
1407,2016-01-03,794,25175,25969
1407,2016-01-04,4589,45082,49671
1407,2016-01-05,5115,46244,51359
1407,2016-01-06,6043,46723,52766
1407,2016-01-07,6240,50452,56692
1407,2016-01-08,5162,52635,57797
1407,2016-01-09,3432,37542,40974
1407,2016-01-10,1437,23427,24864
1407,2016-01-11,6663,47354,54017
1407,2016-01-12,6091,45915,52006
1407,2016-01-13,6455,50393,56848
1407,2016-01-14,5526,50857,56383
1407,2016-01-15,3468,37480,40948
1407,2016-01-16,1877,36945,38822
1407,2016-01-17,512,24018,24530
1407,2016-01-18,4201,51559,55760
1407,2016-01-19,3948,51580,55528
1407,2016-01-20,4347,51500,55847
1407,2016-01-21,4334,55392,59726
1407,2016-01-22,5044,51037,56081
1407,2016-01-23,2516,40086,42602
1407,2016-01-24,1279,26571,27850
1407,2016-01-25,6417,50679,57096
1407,2016-01-26,7551,53482,61033
1407,2016-01-27,4436,56642,61078
1407,2016-01-28,5276,54373,59649
1407,2016-01-29,5894,56408,62302
1407,2016-01-30,3498,40182,43680
1407,2016-01-31,1166,27429,28595
1407,2016-02-01,5452,51588,57040
1407,2016-02-02,6232,52883,59115
1407,2016-02-03,6003,51957,57960
1407,2016-02-04,6254,53330,59584
1407,2016-02-05,5848,55289,61137
1407,2016-02-06,2039,40757,42796
1407,2016-02-07,639,24095,24734
1407,2016-02-08,6461,44616,51077
1407,2016-02-09,6389,48680,55069
1407,2016-02-10,5986,49938,55924
1407,2016-02-11,6498,51541,58039
1407,2016-02-12,5230,52731,57961
1407,2016-02-13,2784,37346,40130
1407,2016-02-14,892,24847,25739
1407,2016-02-15,4972,51502,56474
1407,2016-02-16,6570,54606,61176
1407,2016-02-17,5440,54759,60199
1407,2016-02-18,5494,55729,61223
1407,2016-02-19,5979,53739,59718
1407,2016-02-20,2658,41015,43673
1407,2016-02-21,888,26536,27424
1407,2016-02-22,5717,51209,56926
1407,2016-02-23,6013,50005,56018
1407,2016-02-24,5658,52893,58551
1407,2016-02-25,5685,55459,61144
1407,2016-02-26,5296,57236,62532
1407,2016-02-27,2051,46105,48156
1407,2016-02-28,505,28848,29353
1407,2016-02-29,5378,56665,62043
1407,2016-03-01,4652,54766,59418
1407,2016-03-02,5938,52073,58011
1407,2016-03-03,7266,51102,58368
1407,2016-03-04,7634,52097,59731
1407,2016-03-05,2322,40737,43059
1407,2016-03-06,1544,25718,27262
1407,2016-03-07,6368,50049,56417
1407,2016-03-08,4997,56003,61000
1407,2016-03-09,5014,55065,60079
1407,2016-03-10,4278,55784,60062
1407,2016-03-11,4906,58722,63628
1407,2016-03-12,2164,47781,49945
1407,2016-03-13,672,31532,32204
1407,2016-03-14,5212,54237,59449
1407,2016-03-15,5056,57051,62107
1407,2016-03-16,3961,57093,61054
1407,2016-03-17,5986,59300,65286
1407,2016-03-18,5851,59476,65327
1407,2016-03-19,1950,46298,48248
1407,2016-03-20,451,31990,32441
1407,2016-03-21,4708,54995,59703
1407,2016-03-22,4878,56963,61841
1407,2016-03-23,5003,57220,62223
1407,2016-03-24,3724,55873,59597
1407,2016-03-25,7811,56478,64289
1407,2016-03-26,1994,42973,44967
1407,2016-03-27,890,26623,27513
1407,2016-03-28,1515,21510,23025
1407,2016-03-29,5436,52388,57824
1407,2016-03-30,6493,52990,59483
1407,2016-03-31,7691,52052,59743
1407,2016-05-05,543,28431,28974
1407,2016-05-06,4102,56496,60598
1407,2016-05-07,1385,43860,45245
1407,2016-05-08,600,31666,32266
1407,2016-05-09,4557,55761,60318
1407,2016-05-10,6098,51301,57399
1407,2016-05-11,5382,56164,61546
1407,2016-05-12,4781,56970,61751
1407,2016-05-13,6421,55224,61645
1407,2016-05-14,1093,25674,26767
1407,2016-05-15,221,14526,14747
1407,2016-05-16,308,12919,13227
1407,2016-05-17,4623,53253,57876
1407,2016-05-18,4694,53146,57840
1407,2016-05-19,6626,53634,60260
1407,2016-05-21,2786,56155,58941
1407,2016-05-22,961,35454,36415
1407,2016-05-23,5856,55413,61269
1407,2016-05-24,5181,57434,62615
1407,2016-05-25,5154,56780,61934
1407,2016-05-27,6250,60166,66416
1407,2016-05-28,2573,44512,47085
1407,2016-05-29,883,31521,32404
1407,2016-05-30,7710,50738,58448
1407,2016-05-31,7086,53704,60790
1407,2016-06-01,6152,54788,60940
1407,2016-06-02,6503,56962,63465
1407,2016-06-03,6554,58515,65069
1407,2016-06-04,3408,44150,47558
1407,2016-06-05,982,30159,31141
1407,2016-06-06,5442,54398,59840
1407,2016-06-07,6472,56271,62743
1407,2016-06-09,5647,59913,65560
1407,2016-06-10,5767,59830,65597
1407,2016-06-11,2809,42545,45354
1407,2016-06-12,1178,31879,33057
1407,2016-06-13,6604,54044,60648
1407,2016-06-14,6388,54852,61240
1407,2016-06-15,7618,54653,62271
1407,2016-06-16,8270,55840,64110
1407,2016-06-17,6800,56618,63418
1407,2016-06-18,3277,41777,45054
1407,2016-06-19,636,29464,30100
1407,2016-06-20,5623,53399,59022
1407,2016-06-21,5725,55950,61675
1407,2016-06-22,5808,58001,63809
1407,2016-06-23,1097,27652,28749
1407,2016-06-24,4460,51850,56310
1407,2016-06-25,2938,39801,42739
1407,2016-06-26,584,30588,31172
1407,2016-06-27,4945,55015,59960
1407,2016-06-28,5941,58023,63964
1407,2016-06-29,5324,57144,62468
1407,2016-06-30,5187,57977,63164
1407,2016-07-01,5051,59116,64167
1407,2016-07-02,2351,45874,48225
1407,2016-07-03,669,31530,32199
1407,2016-07-04,5573,55734,61307
1407,2016-07-05,4449,57415,61864
1407,2016-07-06,4924,57728,62652
1407,2016-07-07,5775,58983,64758
1407,2016-07-08,5320,58710,64030
1407,2016-07-09,2129,45798,47927
1407,2016-07-10,710,30227,30937
1407,2016-07-11,4697,57170,61867
1407,2016-07-12,4798,57696,62494
1407,2016-07-13,5931,55831,61762
1407,2016-07-14,6106,57533,63639
1407,2016-07-15,5216,57648,62864
1407,2016-07-16,2178,42536,44714
1407,2016-07-17,728,28741,29469
1407,2016-07-19,6025,54957,60982
1407,2016-07-20,5677,52372,58049
1407,2016-07-21,6657,52710,59367
1407,2016-07-22,5867,54659,60526
1407,2016-07-23,2932,38617,41549
1407,2016-07-24,625,27291,27916
1407,2016-07-25,5579,52225,57804
1407,2016-07-26,6994,51966,58960
1407,2016-07-27,5302,54119,59421
1407,2016-07-28,4971,52664,57635
1407,2016-07-29,3954,51857,55811
1407,2016-07-30,1352,35007,36359
1407,2016-07-31,575,24566,25141
1407,2016-08-01,3659,45812,49471
1407,2016-08-02,4899,46094,50993
1407,2016-08-03,4017,46293,50310
1407,2016-08-04,4263,47629,51892
1407,2016-08-05,3166,46832,49998
1407,2016-08-06,1207,31766,32973
1407,2016-08-07,470,23012,23482
1407,2016-08-08,3183,44466,47649
1407,2016-08-09,2923,45530,48453
1407,2016-08-10,3421,44440,47861
1407,2016-08-11,2955,45177,48132
1407,2016-08-12,3064,45060,48124
1407,2016-08-13,1258,29829,31087
1407,2016-08-14,492,21407,21899
1407,2016-08-15,562,20448,21010
1407,2016-08-16,3430,44371,47801
1407,2016-08-17,3328,44864,48192
1407,2016-08-18,2984,45791,48775
1407,2016-08-19,3196,45733,48929
1407,2016-08-20,1224,33000,34224
1407,2016-08-21,543,24839,25382
1407,2016-08-22,4124,48476,52600
1407,2016-08-23,4556,48489,53045
1407,2016-08-24,4510,49190,53700
1407,2016-08-25,4745,49627,54372
1407,2016-08-26,4879,50970,55849
1407,2016-08-27,1601,35042,36643
1407,2016-08-28,589,26668,27257
1407,2016-08-29,4194,54662,58856
1407,2016-08-30,5279,57667,62946
1407,2016-08-31,5103,57380,62483
1407,2016-09-01,5364,57767,63131
1407,2016-09-02,5194,59432,64626
1407,2016-09-03,1794,45613,47407
1407,2016-09-04,1497,30737,32234
1407,2016-09-05,5323,55878,61201
1407,2016-09-06,5950,54388,60338
1407,2016-09-08,5399,57417,62816
1407,2016-09-09,5380,58517,63897
1407,2016-09-10,1989,41522,43511
1407,2016-09-11,676,28197,28873
1407,2016-09-12,5015,54541,59556
1407,2016-09-14,4932,55264,60196
1407,2016-09-15,5002,55969,60971
1407,2016-09-16,5110,56071,61181
1407,2016-09-17,2297,43094,45391
1407,2016-09-18,966,28584,29550
1407,2016-09-19,4633,53559,58192
1407,2016-09-20,4741,53315,58056
1407,2016-09-21,5224,54498,59722
1407,2016-09-22,4876,54744,59620
1407,2016-09-23,5046,55924,60970
1407,2016-09-24,2272,43072,45344
1407,2016-09-25,647,30179,30826
1407,2016-09-26,4761,53398,58159
1407,2016-09-27,5489,55244,60733
1407,2016-09-28,4989,54170,59159
1407,2016-09-29,5205,56631,61836
1407,2016-09-30,6870,54779,61649
1407,2016-10-01,3388,44125,47513
1407,2016-10-02,913,30178,31091
1407,2016-10-04,4575,66394,70969
1407,2016-10-05,4812,65991,70803
1407,2016-10-06,4857,66378,71235
1407,2016-10-07,4692,69320,74012
1407,2016-10-08,2002,54966,56968
1407,2016-10-09,330,37323,37653
1407,2016-10-10,6764,62508,69272
1407,2016-10-11,8931,62191,71122
1407,2016-10-12,8207,61960,70167
1407,2016-10-13,4796,63351,68147
1407,2016-10-14,8287,64659,72946
1407,2016-10-15,5113,52606,57719
1407,2016-10-16,2095,37598,39693
1407,2016-10-17,6241,61505,67746
1407,2016-10-19,4689,65792,70481
1407,2016-10-20,4490,67474,71964
1407,2016-10-21,4930,70881,75811
1407,2016-10-22,1779,56194,57973
1407,2016-10-23,1219,40883,42102
1407,2016-10-24,8228,59190,67418
1407,2016-10-25,5458,66009,71467
1407,2016-10-26,4907,63042,67949
1407,2016-10-27,4567,67215,71782
1407,2016-10-28,4570,69242,73812
1407,2016-10-29,3291,54475,57766
1407,2016-11-01,3874,32867,36741
1407,2016-11-02,11438,56763,68201
1407,2016-11-03,11477,59520,70997
1407,2016-11-04,12138,64363,76501
1407,2016-11-05,8971,54589,63560
1407,2016-11-06,6256,34129,40385
1407,2016-11-07,11272,57774,69046
1407,2016-11-08,10510,59953,70463
1407,2016-11-09,6519,59507,66026
1407,2016-11-10,5082,63939,69021
1407,2016-11-11,5316,68172,73488
1407,2016-11-12,3491,56251,59742
1407,2016-11-13,1140,36007,37147
1407,2016-11-14,4153,61998,66151
1407,2016-11-15,4713,60550,65263
1407,2016-11-16,4198,62349,66547
1407,2016-11-17,4484,65105,69589
1407,2016-11-18,5360,65285,70645
1407,2016-11-19,1755,56676,58431
1407,2016-11-20,927,38533,39460
1407,2016-11-21,4923,60002,64925
1407,2016-11-22,4257,64702,68959
1407,2016-11-23,5283,64129,69412
1407,2016-11-24,4740,66854,71594
1407,2016-11-25,4941,67830,72771
1407,2016-11-26,1666,58132,59798
1407,2016-11-27,424,42711,43135
1407,2016-11-28,5626,62860,68486
1407,2016-11-29,6934,62194,69128
1407,2016-11-30,8020,62816,70836
1407,2016-12-01,5068,69665,74733
1407,2016-12-02,4328,70393,74721
1407,2016-12-03,3101,54257,57358
1407,2016-12-04,1604,40731,42335
1407,2016-12-05,4054,63408,67462
1407,2016-12-06,4620,64821,69441
1407,2016-12-07,4385,63034,67419
1407,2016-12-08,4206,64150,68356
1407,2016-12-09,4933,65518,70451
1407,2016-12-10,3221,52657,55878
1407,2016-12-11,1483,39355,40838
1407,2016-12-12,5087,60926,66013
1407,2016-12-13,4617,62592,67209
1407,2016-12-14,4341,61584,65925
1407,2016-12-15,5240,62592,67832
1407,2016-12-17,3156,53523,56679
1407,2016-12-18,1852,40797,42649
1407,2016-12-19,5427,62896,68323
1407,2016-12-20,4498,64660,69158
1407,2016-12-21,4709,64908,69617
1407,2016-12-22,6155,64362,70517
1407,2016-12-24,3246,39284,42530
1407,2016-12-25,1860,23115,24975
1407,2016-12-26,1792,25142,26934
1407,2016-12-27,2180,50824,53004
1407,2016-12-28,2801,49199,52000
1407,2016-12-29,2838,51625,54463
1407,2016-12-30,2707,52831,55538
1407,2016-12-31,3132,35301,38433
1410,2016-01-01,2497,29035,31532
1410,2016-01-02,4843,57978,62821
1410,2016-01-03,3037,45149,48186
1410,2016-01-04,8130,48845,56975
1410,2016-01-05,10589,43947,54536
1410,2016-01-06,11337,48164,59501
1410,2016-01-07,11328,49809,61137
1410,2016-01-08,10856,56868,67724
1410,2016-01-09,8499,46259,54758
1410,2016-01-10,4321,30005,34326
1410,2016-01-11,11642,44153,55795
1410,2016-01-12,12535,47079,59614
1410,2016-01-13,13103,48251,61354
1410,2016-01-14,13298,47064,60362
1410,2016-01-15,10154,40749,50903
1410,2016-01-16,9706,40489,50195
1410,2016-01-17,3252,32415,35667
1410,2016-01-18,11871,49320,61191
1410,2016-01-19,13184,53991,67175
1410,2016-01-20,14299,52150,66449
1410,2016-01-21,13583,56510,70093
1410,2016-01-22,12927,51801,64728
1410,2016-01-23,8455,48070,56525
1410,2016-01-24,3673,34932,38605
1410,2016-01-25,12928,48045,60973
1410,2016-01-26,14702,47750,62452
1410,2016-01-27,14577,56166,70743
1410,2016-01-28,13699,52992,66691
1410,2016-01-29,13802,59238,73040
1410,2016-01-30,8442,40930,49372
1410,2016-01-31,3641,36723,40364
1410,2016-02-01,12080,53055,65135
1410,2016-02-02,13381,50993,64374
1410,2016-02-03,13925,49107,63032
1410,2016-02-04,13936,52200,66136
1410,2016-02-05,11878,60548,72426
1410,2016-02-06,8445,64262,72707
1410,2016-02-07,3128,39725,42853
1410,2016-02-08,13337,47426,60763
1410,2016-02-09,16399,48569,64968
1410,2016-02-10,13727,53004,66731
1410,2016-02-11,12723,55388,68111
1410,2016-02-12,12627,62912,75539
1410,2016-02-13,9055,55713,64768
1410,2016-02-14,3007,43361,46368
1410,2016-02-15,12115,55461,67576
1410,2016-02-16,13317,54548,67865
1410,2016-02-17,13635,54675,68310
1410,2016-02-18,12778,57244,70022
1410,2016-02-19,11903,58112,70015
1410,2016-02-20,7910,47480,55390
1410,2016-02-21,3027,36811,39838
1410,2016-02-22,11769,55321,67090
1410,2016-02-23,12695,47166,59861
1410,2016-02-24,13999,54452,68451
1410,2016-02-25,11417,48718,60135
1410,2016-02-26,12327,64747,77074
1410,2016-02-27,7368,56819,64187
1410,2016-02-28,2668,40786,43454
1410,2016-02-29,12405,53374,65779
1410,2016-03-01,13620,56077,69697
1410,2016-03-02,13840,48542,62382
1410,2016-03-03,13808,50303,64111
1410,2016-03-04,13924,53141,67065
1410,2016-03-06,3238,39713,42951
1410,2016-03-07,11618,52159,63777
1410,2016-03-08,13816,54604,68420
1410,2016-03-09,13962,52483,66445
1410,2016-03-10,13190,58355,71545
1410,2016-03-11,12386,66674,79060
1410,2016-03-12,7534,58450,65984
1410,2016-03-13,2902,43438,46340
1410,2016-03-14,12843,57586,70429
1410,2016-03-15,13491,52759,66250
1410,2016-03-16,14589,60403,74992
1410,2016-03-17,14119,57744,71863
1410,2016-03-18,13288,62982,76270
1410,2016-03-19,7889,57431,65320
1410,2016-03-20,2854,43475,46329
1410,2016-03-21,12466,60535,73001
1410,2016-03-22,13773,58983,72756
1410,2016-03-23,13757,60645,74402
1410,2016-03-24,13170,67647,80817
1410,2016-03-25,10102,70771,80873
1410,2016-03-26,6719,65614,72333
1410,2016-03-28,4725,41551,46276
1410,2016-03-29,10460,57358,67818
1410,2016-03-30,13039,54483,67522
1410,2016-03-31,14575,55441,70016
1410,2016-06-01,13283,59699,72982
1410,2016-06-02,13085,61050,74135
1410,2016-06-03,11101,68918,80019
1410,2016-06-04,8995,57050,66045
1410,2016-06-05,4049,46477,50526
1410,2016-06-06,10997,58828,69825
1410,2016-06-07,11884,56843,68727
1410,2016-06-08,12935,57739,70674
1410,2016-06-10,11585,66852,78437
1410,2016-06-11,8088,58488,66576
1410,2016-06-12,4133,49578,53711
1410,2016-06-13,12050,64384,76434
1410,2016-06-14,12298,59132,71430
1410,2016-06-15,13399,60266,73665
1410,2016-06-16,13420,61580,75000
1410,2016-06-17,12478,68491,80969
1410,2016-06-18,7781,58831,66612
1410,2016-06-19,4091,50018,54109
1410,2016-06-20,11764,61971,73735
1410,2016-06-21,12282,61495,73777
1410,2016-06-24,10822,66159,76981
1410,2016-06-25,8111,58177,66288
1410,2016-06-26,4163,52167,56330
1410,2016-06-27,10950,67160,78110
1410,2016-06-28,11674,65060,76734
1410,2016-06-29,12829,64552,77381
1410,2016-06-30,12605,69285,81890
1410,2016-07-01,12162,78542,90704
1410,2016-07-02,8589,70270,78859
1410,2016-07-03,4501,58063,62564
1410,2016-07-04,12261,65271,77532
1410,2016-07-05,12117,63134,75251
1410,2016-07-06,12889,62960,75849
1410,2016-07-07,12688,63882,76570
1410,2016-07-09,8103,69786,77889
1410,2016-07-10,5089,59633,64722
1410,2016-07-11,11425,71318,82743
1410,2016-07-12,12022,63674,75696
1410,2016-07-13,13947,66297,80244
1410,2016-07-14,9399,74743,84142
1410,2016-07-15,12509,77141,89650
1410,2016-07-16,8705,76427,85132
1410,2016-07-17,6303,66095,72398
1410,2016-07-18,11798,67594,79392
1410,2016-07-19,12684,64206,76890
1410,2016-07-20,12963,67063,80026
1410,2016-07-21,12727,69073,81800
1410,2016-07-22,12720,75698,88418
1410,2016-07-23,8401,74486,82887
1410,2016-07-24,6713,64831,71544
1410,2016-07-25,11954,67137,79091
1410,2016-07-26,13107,65978,79085
1410,2016-07-27,13195,66133,79328
1410,2016-07-28,12730,73485,86215
1410,2016-07-29,11875,84347,96222
1410,2016-07-30,7759,73462,81221
1410,2016-07-31,6399,65753,72152
1410,2016-08-01,10824,71773,82597
1410,2016-08-02,11009,64886,75895
1410,2016-08-03,9716,57740,67456
1410,2016-08-04,12235,70263,82498
1410,2016-08-05,11157,79400,90557
1410,2016-08-06,7058,67103,74161
1410,2016-08-08,10271,66767,77038
1410,2016-08-09,10535,64194,74729
1410,2016-08-10,10989,65653,76642
1410,2016-08-11,10949,68759,79708
1410,2016-08-12,10688,79756,90444
1410,2016-08-13,7278,67581,74859
1410,2016-08-14,4860,57767,62627
1410,2016-08-15,5340,51849,57189
1410,2016-08-16,10406,62697,73103
1410,2016-08-17,10811,64393,75204
1410,2016-08-18,10943,66955,77898
1410,2016-08-19,10653,76584,87237
1410,2016-08-21,4927,55537,60464
1410,2016-08-22,10444,63655,74099
1410,2016-08-23,12393,62706,75099
1410,2016-08-24,12939,62821,75760
1410,2016-08-25,10389,57190,67579
1410,2016-08-26,13236,74759,87995
1410,2016-08-27,8407,63683,72090
1410,2016-08-28,4980,56604,61584
1410,2016-08-29,11041,62428,73469
1410,2016-08-30,12678,63747,76425
1410,2016-08-31,12847,61167,74014
1410,2016-09-01,13642,63616,77258
1410,2016-09-02,11833,68149,79982
1410,2016-09-03,7345,61875,69220
1410,2016-09-04,5822,48858,54680
1410,2016-09-06,13135,59119,72254
1410,2016-09-07,13892,57712,71604
1410,2016-09-08,13288,59189,72477
1410,2016-09-10,8216,60098,68314
1410,2016-09-11,4078,53257,57335
1410,2016-09-12,12071,61555,73626
1410,2016-09-13,13070,59570,72640
1410,2016-09-14,13558,59955,73513
1410,2016-09-15,12612,62933,75545
1410,2016-09-16,11796,65811,77607
1410,2016-09-17,8847,58683,67530
1410,2016-09-18,4187,48200,52387
1410,2016-09-19,11461,62076,73537
1410,2016-09-20,12364,60912,73276
1410,2016-09-21,13290,57137,70427
1410,2016-09-22,12746,60933,73679
1410,2016-09-23,12381,64922,77303
1410,2016-09-24,8258,53716,61974
1410,2016-09-25,4136,48997,53133
1410,2016-09-26,11897,60258,72155
1410,2016-09-27,13077,57675,70752
1410,2016-09-28,12914,58793,71707
1410,2016-09-29,13420,59717,73137
1410,2016-09-30,13032,67407,80439
1410,2016-10-01,9324,51981,61305
1410,2016-10-02,4329,45724,50053
1410,2016-10-03,9631,62785,72416
1410,2016-10-04,12745,58199,70944
1410,2016-10-05,13964,54656,68620
1410,2016-10-06,13654,60688,74342
1410,2016-10-07,12083,62236,74319
1410,2016-10-08,8224,55736,63960
1410,2016-10-09,3619,43131,46750
1410,2016-10-11,13096,57335,70431
1410,2016-10-12,13222,52333,65555
1410,2016-10-13,12848,58917,71765
1410,2016-10-14,11622,65861,77483
1410,2016-10-15,7971,55627,63598
1410,2016-10-16,3781,44132,47913
1410,2016-10-17,11676,59731,71407
1410,2016-10-18,12249,55809,68058
1410,2016-10-19,12818,56740,69558
1410,2016-10-20,12472,57095,69567
1410,2016-10-21,12199,63148,75347
1410,2016-10-22,7943,56983,64926
1410,2016-10-23,3588,46818,50406
1410,2016-10-24,12314,47677,59991
1410,2016-10-25,11795,51256,63051
1410,2016-10-26,13860,55711,69571
1410,2016-10-27,12071,57274,69345
1410,2016-10-28,12497,65077,77574
1410,2016-10-29,8117,56721,64838
1410,2016-11-01,4222,42077,46299
1410,2016-11-02,13572,59432,73004
1410,2016-11-03,13281,61122,74403
1410,2016-11-04,12379,61023,73402
1410,2016-11-05,10302,54668,64970
1410,2016-11-06,4105,42899,47004
1410,2016-11-07,12423,55332,67755
1410,2016-11-08,12553,55221,67774
1410,2016-11-09,13761,49664,63425
1410,2016-11-10,12005,56259,68264
1410,2016-11-11,8940,67271,76211
1410,2016-11-12,7321,49302,56623
1410,2016-11-13,3137,43100,46237
1410,2016-11-14,11675,53211,64886
1410,2016-11-15,13377,47792,61169
1410,2016-11-16,14169,48180,62349
1410,2016-11-17,13565,53966,67531
1410,2016-11-18,12369,56591,68960
1410,2016-11-19,7592,49389,56981
1410,2016-11-20,3288,37613,40901
1410,2016-11-21,13154,45529,58683
1410,2016-11-22,12158,50753,62911
1410,2016-11-23,13358,54664,68022
1410,2016-11-24,12303,53335,65638
1410,2016-11-25,11410,59580,70990
1410,2016-11-26,7489,52115,59604
1410,2016-11-27,3206,44493,47699
1410,2016-11-28,12428,56176,68604
1410,2016-11-29,13236,50790,64026
1410,2016-11-30,14031,54871,68902
1410,2016-12-01,12236,60625,72861
1410,2016-12-02,12430,60164,72594
1410,2016-12-03,8472,51717,60189
1410,2016-12-04,3557,42650,46207
1410,2016-12-05,11981,51741,63722
1410,2016-12-06,13941,48758,62699
1410,2016-12-07,14599,45927,60526
1410,2016-12-08,14453,52457,66910
1410,2016-12-10,8496,51661,60157
1410,2016-12-11,4721,44169,48890
1410,2016-12-12,12471,54695,67166
1410,2016-12-13,15517,51599,67116
1410,2016-12-14,14351,48894,63245
1410,2016-12-15,16142,56110,72252
1410,2016-12-16,14157,66058,80215
1410,2016-12-17,10443,55385,65828
1410,2016-12-18,4318,46688,51006
1410,2016-12-19,12162,62136,74298
1410,2016-12-20,13050,58826,71876
1410,2016-12-21,14707,53268,67975
1410,2016-12-22,12169,57922,70091
1410,2016-12-23,9810,68068,77878
1410,2016-12-24,4859,43577,48436
1410,2016-12-25,3025,30980,34005
1410,2016-12-26,3973,42209,46182
1410,2016-12-27,7556,58378,65934
1410,2016-12-28,7906,57062,64968
1410,2016-12-29,8042,59450,67492
1410,2016-12-30,8100,65923,74023
1410,2016-12-31,4616,43912,48528
1413,2016-01-01,1732,22767,24499
1413,2016-01-02,3145,40628,43773
1413,2016-01-03,2823,32967,35790
1413,2016-01-04,8498,64302,72800
1413,2016-01-05,9622,58693,68315
1413,2016-01-06,10393,65392,75785
1413,2016-01-07,11532,67088,78620
1413,2016-01-08,10321,71226,81547
1413,2016-01-09,5598,47168,52766
1413,2016-01-10,2924,30697,33621
1413,2016-01-11,11486,64936,76422
1413,2016-01-12,12405,61219,73624
1413,2016-01-13,11966,66995,78961
1413,2016-01-14,12717,66467,79184
1413,2016-01-15,6565,48535,55100
1413,2016-01-16,4563,44587,49150
1413,2016-01-17,1628,32662,34290
1413,2016-01-18,8746,71298,80044
1413,2016-01-19,8942,72108,81050
1413,2016-01-20,10352,71221,81573
1413,2016-01-21,9240,75056,84296
1413,2016-01-22,10944,67556,78500
1413,2016-01-23,5193,46022,51215
1413,2016-01-24,2863,32350,35213
1413,2016-01-25,14431,66053,80484
1413,2016-01-26,14323,71419,85742
1413,2016-01-27,10620,76985,87605
1413,2016-01-28,11366,76881,88247
1413,2016-01-29,11099,72999,84098
1413,2016-01-30,6096,46031,52127
1413,2016-01-31,2359,33511,35870
1413,2016-02-01,10982,73161,84143
1413,2016-02-02,11877,72388,84265
1413,2016-02-03,12787,71066,83853
1413,2016-02-04,12655,73545,86200
1413,2016-02-05,10907,71183,82090
1413,2016-02-06,4403,44033,48436
1413,2016-02-07,1916,30057,31973
1413,2016-02-08,11141,60170,71311
1413,2016-02-09,12496,64913,77409
1413,2016-02-10,12512,66721,79233
1413,2016-02-11,11161,70175,81336
1413,2016-02-12,9784,71370,81154
1413,2016-02-13,5980,42295,48275
1413,2016-02-14,1923,31225,33148
1413,2016-02-15,10120,71897,82017
1413,2016-02-16,12727,70669,83396
1413,2016-02-17,11116,74404,85520
1413,2016-02-18,11257,76530,87787
1413,2016-02-19,11954,73025,84979
1413,2016-02-20,5031,48427,53458
1413,2016-02-21,2397,34110,36507
1413,2016-02-22,10973,71643,82616
1413,2016-02-23,11257,72799,84056
1413,2016-02-24,10942,70878,81820
1413,2016-02-25,12479,75750,88229
1413,2016-02-26,10664,78712,89376
1413,2016-02-27,4942,52426,57368
1413,2016-02-28,1534,36798,38332
1413,2016-02-29,10797,72126,82923
1413,2016-03-01,10819,75981,86800
1413,2016-03-02,12311,73336,85647
1413,2016-03-03,11676,71153,82829
1413,2016-03-04,11877,72694,84571
1413,2016-03-05,4989,50005,54994
1413,2016-03-06,3225,34835,38060
1413,2016-03-07,12173,69973,82146
1413,2016-03-08,12659,73766,86425
1413,2016-03-09,12366,70688,83054
1413,2016-03-10,10329,72987,83316
1413,2016-03-11,10357,78834,89191
1413,2016-03-12,5383,52987,58370
1413,2016-03-13,2400,41721,44121
1413,2016-03-14,10526,68632,79158
1413,2016-03-15,11353,73704,85057
1413,2016-03-16,11377,74341,85718
1413,2016-03-17,13753,75348,89101
1413,2016-03-18,13021,75123,88144
1413,2016-03-19,5592,50732,56324
1413,2016-03-20,1819,40603,42422
1413,2016-03-21,10549,74875,85424
1413,2016-03-22,11613,76162,87775
1413,2016-03-23,10670,73682,84352
1413,2016-03-24,10818,80736,91554
1413,2016-03-25,11449,70475,81924
1413,2016-03-26,4926,48219,53145
1413,2016-03-27,2200,34149,36349
1413,2016-03-28,3445,31010,34455
1413,2016-03-29,9173,64675,73848
1413,2016-03-30,12657,67834,80491
1413,2016-03-31,15626,69258,84884
1413,2016-05-05,2752,41239,43991
1413,2016-05-06,9393,67083,76476
1413,2016-05-07,4975,48692,53667
1413,2016-05-08,2622,39160,41782
1413,2016-05-09,10530,71279,81809
1413,2016-05-10,12836,73751,86587
1413,2016-05-11,12638,75917,88555
1413,2016-05-12,11341,78270,89611
1413,2016-05-13,13069,71780,84849
1413,2016-05-14,6035,49243,55278
1413,2016-05-15,1894,34381,36275
1413,2016-05-16,2117,34514,36631
1413,2016-05-17,11600,72460,84060
1413,2016-05-18,11438,72385,83823
1413,2016-05-19,13536,74109,87645
1413,2016-05-20,12391,74513,86904
1413,2016-05-21,6299,51481,57780
1413,2016-05-22,3130,38862,41992
1413,2016-05-23,11233,76553,87786
1413,2016-05-24,11054,77488,88542
1413,2016-05-25,11155,79710,90865
1413,2016-05-26,10472,81057,91529
1413,2016-05-27,12763,78148,90911
1413,2016-05-28,6613,57241,63854
1413,2016-05-29,2914,37821,40735
1413,2016-05-30,14098,66027,80125
1413,2016-05-31,13371,72706,86077
1413,2016-06-01,12699,75530,88229
1413,2016-06-02,12930,78432,91362
1413,2016-06-03,11630,76171,87801
1413,2016-06-04,5908,51186,57094
1413,2016-06-05,2361,38793,41154
1413,2016-06-06,11998,74280,86278
1413,2016-06-07,12443,73884,86327
1413,2016-06-08,13460,73632,87092
1413,2016-06-09,13138,78299,91437
1413,2016-06-10,13168,78913,92081
1413,2016-06-11,7017,54107,61124
1413,2016-06-12,3052,46683,49735
1413,2016-06-13,12896,73453,86349
1413,2016-06-14,12425,74310,86735
1413,2016-06-15,15560,74324,89884
1413,2016-06-16,14472,74026,88498
1413,2016-06-17,13234,77051,90285
1413,2016-06-18,6581,52316,58897
1413,2016-06-19,2267,40429,42696
1413,2016-06-20,11842,65900,77742
1413,2016-06-21,10924,78041,88965
1413,2016-06-22,12325,78386,90711
1413,2016-06-23,5448,41590,47038
1413,2016-06-24,9971,69286,79257
1413,2016-06-25,5969,48931,54900
1413,2016-06-26,2146,41985,44131
1413,2016-06-27,10805,77212,88017
1413,2016-06-28,11791,79961,91752
1413,2016-06-29,12745,78877,91622
1413,2016-06-30,11098,80589,91687
1413,2016-07-01,10918,80857,91775
1413,2016-07-02,5702,59886,65588
1413,2016-07-03,2151,44645,46796
1413,2016-07-04,11809,76508,88317
1413,2016-07-05,10571,75075,85646
1413,2016-07-06,12124,77674,89798
1413,2016-07-07,12975,77963,90938
1413,2016-07-08,11579,75801,87380
1413,2016-07-09,5191,55582,60773
1413,2016-07-10,2650,44088,46738
1413,2016-07-11,10356,78537,88893
1413,2016-07-12,10803,72171,82974
1413,2016-07-13,12292,77161,89453
1413,2016-07-14,10098,80818,90916
1413,2016-07-15,12117,77267,89384
1413,2016-07-16,4844,56703,61547
1413,2016-07-17,2622,43761,46383
1413,2016-07-18,10695,73680,84375
1413,2016-07-19,12279,73447,85726
1413,2016-07-20,12898,73687,86585
1413,2016-07-21,11843,67008,78851
1413,2016-07-22,12095,74241,86336
1413,2016-07-23,4762,54554,59316
1413,2016-07-24,2504,42209,44713
1413,2016-07-25,11029,67993,79022
1413,2016-07-26,11431,68397,79828
1413,2016-07-27,11491,65127,76618
1413,2016-07-28,9819,70909,80728
1413,2016-07-29,8977,75284,84261
1413,2016-07-30,4160,50370,54530
1413,2016-07-31,2524,40599,43123
1413,2016-08-01,8838,66020,74858
1413,2016-08-02,9060,67074,76134
1413,2016-08-03,8369,67641,76010
1413,2016-08-04,8344,69694,78038
1413,2016-08-05,7761,71198,78959
1413,2016-08-06,3459,46648,50107
1413,2016-08-07,2290,39792,42082
1413,2016-08-08,7536,65323,72859
1413,2016-08-09,7225,66933,74158
1413,2016-08-10,7895,67260,75155
1413,2016-08-11,7394,68253,75647
1413,2016-08-12,7367,68820,76187
1413,2016-08-13,3734,45026,48760
1413,2016-08-14,2062,37791,39853
1413,2016-08-15,2497,37244,39741
1413,2016-08-16,8341,65132,73473
1413,2016-08-17,8228,66202,74430
1413,2016-08-18,7621,67642,75263
1413,2016-08-19,7535,69413,76948
1413,2016-08-20,3576,46237,49813
1413,2016-08-21,2252,37485,39737
1413,2016-08-22,9510,70919,80429
1413,2016-08-23,10899,70509,81408
1413,2016-08-24,11071,70121,81192
1413,2016-08-25,11231,70018,81249
1413,2016-08-26,11066,71766,82832
1413,2016-08-27,4604,45420,50024
1413,2016-08-28,2537,38340,40877
1413,2016-08-29,9501,68014,77515
1413,2016-08-30,11295,71550,82845
1413,2016-08-31,10969,73462,84431
1413,2016-09-01,11922,73259,85181
1413,2016-09-02,11040,73513,84553
1413,2016-09-03,4836,50463,55299
1413,2016-09-04,2917,39025,41942
1413,2016-09-05,12099,73201,85300
1413,2016-09-06,13418,70960,84378
1413,2016-09-07,12064,73322,85386
1413,2016-09-08,12146,71335,83481
1413,2016-09-09,12091,75890,87981
1413,2016-09-10,5610,54268,59878
1413,2016-09-11,2507,43355,45862
1413,2016-09-12,11265,72387,83652
1413,2016-09-13,12123,75030,87153
1413,2016-09-14,12513,75692,88205
1413,2016-09-15,10618,76440,87058
1413,2016-09-16,10780,79310,90090
1413,2016-09-17,5202,57465,62667
1413,2016-09-18,2271,41956,44227
1413,2016-09-19,9797,76902,86699
1413,2016-09-20,10476,77130,87606
1413,2016-09-21,12573,74968,87541
1413,2016-09-22,11477,78255,89732
1413,2016-09-23,11418,79619,91037
1413,2016-09-24,5642,51799,57441
1413,2016-09-25,2451,43345,45796
1413,2016-09-26,10607,74371,84978
1413,2016-09-27,12319,75228,87547
1413,2016-09-28,11042,75873,86915
1413,2016-09-29,12015,78220,90235
1413,2016-09-30,11829,80082,91911
1413,2016-10-01,5753,52549,58302
1413,2016-10-02,2424,41762,44186
1413,2016-10-03,8393,70551,78944
1413,2016-10-04,9341,64298,73639
1413,2016-10-05,12763,73187,85950
1413,2016-10-06,12552,75143,87695
1413,2016-10-07,10827,78672,89499
1413,2016-10-08,5074,55650,60724
1413,2016-10-09,2118,39934,42052
1413,2016-10-10,10250,74657,84907
1413,2016-10-11,11567,75400,86967
1413,2016-10-12,10974,73291,84265
1413,2016-10-13,10537,70308,80845
1413,2016-10-14,9656,71772,81428
1413,2016-10-15,5152,55303,60455
1413,2016-10-16,2725,42863,45588
1413,2016-10-18,10945,77200,88145
1413,2016-10-19,11401,78502,89903
1413,2016-10-20,11429,78846,90275
1413,2016-10-21,10959,81315,92274
1413,2016-10-22,4869,57552,62421
1413,2016-10-23,2402,43634,46036
1413,2016-10-24,12392,71745,84137
1413,2016-10-25,11868,76475,88343
1413,2016-10-26,13166,75022,88188
1413,2016-10-27,11912,78835,90747
1413,2016-11-01,1967,37499,39466
1413,2016-11-02,11176,71462,82638
1413,2016-11-03,11671,73664,85335
1413,2016-11-04,10871,74539,85410
1413,2016-11-05,4614,38935,43549
1413,2016-11-06,2200,35411,37611
1413,2016-11-07,11429,71482,82911
1413,2016-11-08,10747,75190,85937
1413,2016-11-09,13643,71426,85069
1413,2016-11-10,11956,76625,88581
1413,2016-11-11,10296,78239,88535
1413,2016-11-12,4938,52967,57905
1413,2016-11-13,1976,36020,37996
1413,2016-11-14,11501,71390,82891
1413,2016-11-15,12721,73587,86308
1413,2016-11-16,13193,73154,86347
1413,2016-11-17,13092,76302,89394
1413,2016-11-18,12311,75270,87581
1413,2016-11-19,4427,54963,59390
1413,2016-11-20,2048,40202,42250
1413,2016-11-21,12961,70154,83115
1413,2016-11-22,12484,72079,84563
1413,2016-11-23,12897,74458,87355
1413,2016-11-24,11422,76979,88401
1413,2016-11-25,11328,75776,87104
1413,2016-11-26,4469,56193,60662
1413,2016-11-27,1861,42528,44389
1413,2016-11-28,11932,64355,76287
1413,2016-11-29,12740,65482,78222
1413,2016-11-30,13189,68085,81274
1413,2016-12-01,11258,77703,88961
1413,2016-12-02,11978,77423,89401
1413,2016-12-03,7811,51277,59088
1413,2016-12-04,3821,39137,42958
1413,2016-12-05,11842,70401,82243
1413,2016-12-06,14612,71785,86397
1413,2016-12-07,13591,69098,82689
1413,2016-12-08,13789,75380,89169
1413,2016-12-09,12224,77112,89336
1413,2016-12-10,6069,53292,59361
1413,2016-12-11,2414,38319,40733
1413,2016-12-12,11317,72085,83402
1413,2016-12-13,13374,71542,84916
1413,2016-12-14,13738,70639,84377
1413,2016-12-15,15070,73290,88360
1413,2016-12-16,13731,76073,89804
1413,2016-12-17,7097,53973,61070
1413,2016-12-18,3174,40050,43224
1413,2016-12-19,11514,72972,84486
1413,2016-12-20,14618,70122,84740
1413,2016-12-21,14003,75589,89592
1413,2016-12-22,11200,76578,87778
1413,2016-12-23,11380,70946,82326
1413,2016-12-24,3141,35780,38921
1413,2016-12-25,1944,27369,29313
1413,2016-12-26,2147,28859,31006
1413,2016-12-27,6195,55027,61222
1413,2016-12-28,6688,56040,62728
1413,2016-12-29,8178,54531,62709
1413,2016-12-30,6038,58372,64410
1413,2016-12-31,2563,33831,36394
1414,2016-01-01,4627,19681,24308
1414,2016-01-02,8165,44355,52520
1414,2016-01-03,6039,32381,38420
1414,2016-01-04,11596,33336,44932
1414,2016-01-05,12468,33027,45495
1414,2016-01-06,14044,33741,47785
1414,2016-01-07,13488,34419,47907
1414,2016-01-08,9986,29919,39905
1414,2016-01-09,9245,30754,39999
1414,2016-01-10,4201,17722,21923
1414,2016-01-11,11248,25664,36912
1414,2016-01-12,12207,23187,35394
1414,2016-01-13,11775,21822,33597
1414,2016-01-14,12219,24290,36509
1414,2016-01-16,8087,22262,30349
1414,2016-01-17,3598,16094,19692
1414,2016-01-18,10713,26353,37066
1414,2016-01-19,12509,27830,40339
1414,2016-01-20,12453,27963,40416
1414,2016-01-21,12822,27182,40004
1414,2016-01-22,14146,26780,40926
1414,2016-01-23,10564,26438,37002
1414,2016-01-24,5626,19399,25025
1414,2016-01-25,10163,22522,32685
1414,2016-01-26,13884,30636,44520
1414,2016-01-27,12950,31201,44151
1414,2016-01-28,12891,29828,42719
1414,2016-01-29,12482,34144,46626
1414,2016-01-30,9881,31435,41316
1414,2016-01-31,4960,21653,26613
1414,2016-02-01,12561,31193,43754
1414,2016-02-03,11756,24985,36741
1414,2016-02-04,12701,30192,42893
1414,2016-02-05,12764,37294,50058
1414,2016-02-06,8621,34274,42895
1414,2016-02-07,4169,22030,26199
1414,2016-02-08,11834,43190,55024
1414,2016-02-09,13498,45588,59086
1414,2016-02-10,12207,42079,54286
1414,2016-02-11,12566,41477,54043
1414,2016-02-12,12303,47940,60243
1414,2016-02-13,10251,46140,56391
1414,2016-02-14,4454,32587,37041
1414,2016-02-15,13785,35591,49376
1414,2016-02-17,13006,30024,43030
1414,2016-02-18,14208,44456,58664
1414,2016-02-19,14115,46359,60474
1414,2016-02-20,11208,38681,49889
1414,2016-02-21,6377,27385,33762
1414,2016-02-22,14551,35015,49566
1414,2016-02-23,15232,33264,48496
1414,2016-02-24,15100,40658,55758
1414,2016-02-26,14868,49124,63992
1414,2016-02-27,9738,41737,51475
1414,2016-02-28,5658,29688,35346
1414,2016-02-29,13777,40626,54403
1414,2016-03-01,14764,38730,53494
1414,2016-03-02,15371,34285,49656
1414,2016-03-03,16334,35240,51574
1414,2016-03-04,16120,40787,56907
1414,2016-03-06,7285,28136,35421
1414,2016-03-07,13989,37514,51503
1414,2016-03-08,14492,37162,51654
1414,2016-03-09,15228,36973,52201
1414,2016-03-10,13171,38354,51525
1414,2016-03-11,13532,47220,60752
1414,2016-03-12,9870,42398,52268
1414,2016-03-13,5690,30129,35819
1414,2016-03-14,13529,41246,54775
1414,2016-03-15,14635,40188,54823
1414,2016-03-16,15273,43797,59070
1414,2016-03-17,15219,38890,54109
1414,2016-03-18,15187,45678,60865
1414,2016-03-19,13623,48457,62080
1414,2016-03-20,6955,39205,46160
1414,2016-03-21,13468,43686,57154
1414,2016-03-22,14006,48211,62217
1414,2016-03-23,13356,47485,60841
1414,2016-03-24,13867,53267,67134
1414,2016-03-25,14385,59273,73658
1414,2016-03-26,10930,52559,63489
1414,2016-03-28,7385,32373,39758
1414,2016-03-29,11496,48530,60026
1414,2016-03-30,13835,45904,59739
1414,2016-03-31,17193,46043,63236
1414,2016-05-05,5532,42675,48207
1414,2016-05-06,10251,57187,67438
1414,2016-05-07,8331,52367,60698
1414,2016-05-08,5924,49534,55458
1414,2016-05-09,10124,53072,63196
1414,2016-05-10,11969,47255,59224
1414,2016-05-11,11233,48083,59316
1414,2016-05-12,11502,52085,63587
1414,2016-05-13,12272,54173,66445
1414,2016-05-18,11241,49622,60863
1414,2016-05-20,11416,55313,66729
1414,2016-05-24,10567,50885,61452
1414,2016-05-25,11181,51987,63168
1414,2016-05-26,10827,45352,56179
1414,2016-05-27,11354,55051,66405
1414,2016-05-28,9048,46438,55486
1414,2016-05-29,5499,31003,36502
1414,2016-05-30,16110,41469,57579
1414,2016-05-31,11333,49668,61001
1414,2016-06-01,12400,49594,61994
1414,2016-06-03,11304,58051,69355
1414,2016-06-04,8887,49872,58759
1414,2016-06-05,5371,40064,45435
1414,2016-06-06,10338,47356,57694
1414,2016-06-07,10535,50379,60914
1414,2016-06-09,11477,53748,65225
1414,2016-06-10,11017,56963,67980
1414,2016-06-11,8363,50467,58830
1414,2016-06-12,5280,41731,47011
1414,2016-06-13,11406,52553,63959
1414,2016-06-14,10869,50404,61273
1414,2016-06-15,11430,50068,61498
1414,2016-06-16,12892,51490,64382
1414,2016-06-17,12452,59011,71463
1414,2016-06-18,8775,49133,57908
1414,2016-06-19,5518,41135,46653
1414,2016-06-20,10805,51751,62556
1414,2016-06-21,10933,52080,63013
1414,2016-06-24,10642,59357,69999
1414,2016-06-25,8769,50367,59136
1414,2016-06-26,5710,43808,49518
1414,2016-06-27,10346,58670,69016
1414,2016-06-28,10737,56908,67645
1414,2016-06-29,11748,55777,67525
1414,2016-06-30,12314,59366,71680
1414,2016-07-01,13027,67522,80549
1414,2016-07-02,9651,59912,69563
1414,2016-07-03,6321,46559,52880
1414,2016-07-04,10953,55287,66240
1414,2016-07-05,10951,56861,67812
1414,2016-07-06,11485,53714,65199
1414,2016-07-07,12343,54788,67131
1414,2016-07-09,11034,62333,73367
1414,2016-07-10,7998,50713,58711
1414,2016-07-11,11562,61730,73292
1414,2016-07-12,11352,56130,67482
1414,2016-07-13,13012,57135,70147
1414,2016-07-14,7805,71110,78915
1414,2016-07-15,13001,65432,78433
1414,2016-07-16,11303,64349,75652
1414,2016-07-17,8938,55055,63993
1414,2016-07-18,11400,60046,71446
1414,2016-07-19,11844,55017,66861
1414,2016-07-20,12675,56158,68833
1414,2016-07-21,13802,59380,73182
1414,2016-07-22,12894,62201,75095
1414,2016-07-23,11130,63367,74497
1414,2016-07-24,9653,55636,65289
1414,2016-07-25,12125,59619,71744
1414,2016-07-26,12639,58233,70872
1414,2016-07-27,12886,60161,73047
1414,2016-07-28,13474,65657,79131
1414,2016-07-29,13873,75801,89674
1414,2016-07-30,10319,62320,72639
1414,2016-07-31,9297,55859,65156
1414,2016-08-01,11387,63253,74640
1414,2016-08-02,11092,61638,72730
1414,2016-08-03,11600,60203,71803
1414,2016-08-05,12412,74204,86616
1414,2016-08-06,9149,58186,67335
1414,2016-08-08,10479,61288,71767
1414,2016-08-09,10451,59500,69951
1414,2016-08-10,10820,61965,72785
1414,2016-08-11,11087,63069,74156
1414,2016-08-12,12297,71200,83497
1414,2016-08-13,9608,57123,66731
1414,2016-08-14,7704,49015,56719
1414,2016-08-15,6740,43588,50328
1414,2016-08-16,10663,56944,67607
1414,2016-08-17,10865,59071,69936
1414,2016-08-18,11272,60757,72029
1414,2016-08-19,11604,67785,79389
1414,2016-08-21,6997,46101,53098
1414,2016-08-22,10991,60375,71366
1414,2016-08-23,12279,55951,68230
1414,2016-08-24,13177,55929,69106
1414,2016-08-25,13409,57731,71140
1414,2016-08-26,14202,64817,79019
1414,2016-08-27,10568,54803,65371
1414,2016-08-28,7573,46167,53740
1414,2016-08-29,11374,56157,67531
1414,2016-08-30,12363,55934,68297
1414,2016-09-01,13625,56940,70565
1414,2016-09-02,12789,59294,72083
1414,2016-09-03,11411,61073,72484
1414,2016-09-04,9342,45960,55302
1414,2016-09-06,12858,51087,63945
1414,2016-09-07,13547,48923,62470
1414,2016-09-08,13717,51389,65106
1414,2016-09-10,9796,51044,60840
1414,2016-09-11,5948,42150,48098
1414,2016-09-12,12064,54175,66239
1414,2016-09-14,13813,51963,65776
1414,2016-09-15,13557,52967,66524
1414,2016-09-16,13276,53699,66975
1414,2016-09-17,9623,48999,58622
1414,2016-09-18,6520,38559,45079
1414,2016-09-19,11706,53124,64830
1414,2016-09-20,12734,49313,62047
1414,2016-09-21,12997,46556,59553
1414,2016-09-22,12838,49599,62437
1414,2016-09-23,13487,52520,66007
1414,2016-09-24,9340,45460,54800
1414,2016-09-25,6652,36660,43312
1414,2016-09-26,12520,49101,61621
1414,2016-09-27,13151,47562,60713
1414,2016-09-28,12820,48264,61084
1414,2016-09-29,13530,47891,61421
1414,2016-09-30,14512,53761,68273
1414,2016-10-01,10734,42630,53364
1414,2016-10-02,6797,35349,42146
1414,2016-10-03,11563,50459,62022
1414,2016-10-04,12984,47887,60871
1414,2016-10-05,13418,44868,58286
1414,2016-10-06,14466,48288,62754
1414,2016-10-07,13569,47415,60984
1414,2016-10-08,9806,44991,54797
1414,2016-10-09,6010,33778,39788
1414,2016-10-10,12339,43489,55828
1414,2016-10-11,13703,47150,60853
1414,2016-10-12,13583,38659,52242
1414,2016-10-13,13281,45534,58815
1414,2016-10-14,14123,52797,66920
1414,2016-10-15,9346,44536,53882
1414,2016-10-16,6139,33249,39388
1414,2016-10-17,12754,49284,62038
1414,2016-10-18,14097,45879,59976
1414,2016-10-19,14028,46009,60037
1414,2016-10-20,14011,44529,58540
1414,2016-10-21,13908,51287,65195
1414,2016-10-22,9755,47038,56793
1414,2016-10-23,6285,35819,42104
1414,2016-10-25,13840,45767,59607
1414,2016-10-26,13997,42322,56319
1414,2016-10-27,13954,46043,59997
1414,2016-10-28,14923,52049,66972
1414,2016-10-30,6637,30496,37133
1414,2016-10-31,11697,45909,57606
1414,2016-11-01,6159,31170,37329
1414,2016-11-02,13754,46859,60613
1414,2016-11-03,14367,48145,62512
1414,2016-11-04,14480,50193,64673
1414,2016-11-05,13382,41513,54895
1414,2016-11-06,7196,31133,38329
1414,2016-11-07,15044,41348,56392
1414,2016-11-08,14696,42456,57152
1414,2016-11-09,16299,39103,55402
1414,2016-11-11,13592,55621,69213
1414,2016-11-12,9986,38521,48507
1414,2016-11-13,6448,32326,38774
1414,2016-11-14,14607,40721,55328
1414,2016-11-15,16599,39081,55680
1414,2016-11-16,18653,37140,55793
1414,2016-11-17,17777,40762,58539
1414,2016-11-18,16457,42073,58530
1414,2016-11-19,9447,37021,46468
1414,2016-11-20,7343,29035,36378
1414,2016-11-21,17698,34811,52509
1414,2016-11-23,18741,37834,56575
1414,2016-11-24,14405,38888,53293
1414,2016-11-25,14996,48429,63425
1414,2016-11-26,9880,39403,49283
1414,2016-11-27,7037,32979,40016
1414,2016-11-28,15078,39143,54221
1414,2016-11-30,14254,37350,51604
1414,2016-12-01,15592,45392,60984
1414,2016-12-02,17345,44771,62116
1414,2016-12-03,14954,39495,54449
1414,2016-12-04,8874,32167,41041
1414,2016-12-05,17900,37603,55503
1414,2016-12-06,18864,38593,57457
1414,2016-12-07,19665,37401,57066
1414,2016-12-08,19859,41986,61845
1414,2016-12-10,13059,34870,47929
1414,2016-12-11,9241,31113,40354
1414,2016-12-13,20988,39553,60541
1414,2016-12-15,21762,37998,59760
1414,2016-12-17,16387,38402,54789
1414,2016-12-18,10964,32635,43599
1414,2016-12-19,16641,44851,61492
1414,2016-12-20,18382,42266,60648
1414,2016-12-21,20610,42943,63553
1414,2016-12-22,19775,46042,65817
1414,2016-12-23,20114,52706,72820
1414,2016-12-24,11535,29389,40924
1414,2016-12-25,7687,20484,28171
1414,2016-12-26,9450,28398,37848
1414,2016-12-27,12565,42437,55002
1414,2016-12-28,16573,43680,60253
1414,2016-12-29,12757,41804,54561
1414,2016-12-30,15259,49675,64934
1414,2016-12-31,9232,34275,43507
1420,2016-10-21,7317,48464,55781
1420,2016-10-22,4521,36902,41423
1420,2016-10-23,1932,28465,30397
1420,2016-10-24,7540,38992,46532
1420,2016-10-25,8105,40466,48571
1420,2016-10-26,8613,38336,46949
1420,2016-10-27,8073,43863,51936
1420,2016-10-28,7364,51599,58963
1420,2016-10-29,4667,41897,46564
1420,2016-11-01,2683,27294,29977
1420,2016-11-02,8472,42505,50977
1420,2016-11-03,8292,41880,50172
1420,2016-11-04,7304,45020,52324
1420,2016-11-05,5154,34647,39801
1420,2016-11-06,1814,26161,27975
1420,2016-11-07,7113,39627,46740
1420,2016-11-08,7922,38423,46345
1420,2016-11-09,8723,33479,42202
1420,2016-11-10,7583,41681,49264
1420,2016-11-11,4354,42990,47344
1420,2016-11-12,4152,32147,36299
1420,2016-11-13,1982,28580,30562
1420,2016-11-14,7299,37202,44501
1420,2016-11-15,8392,35201,43593
1420,2016-11-16,8433,35119,43552
1420,2016-11-17,7979,37804,45783
1420,2016-11-18,7202,40681,47883
1420,2016-11-19,4326,31495,35821
1420,2016-11-20,1835,22230,24065
1420,2016-11-21,7709,33586,41295
1420,2016-11-22,7934,35790,43724
1420,2016-11-23,8293,35557,43850
1420,2016-11-24,8029,40921,48950
1420,2016-11-25,7228,44084,51312
1420,2016-11-26,4290,32713,37003
1420,2016-11-27,1684,26299,27983
1420,2016-11-28,7278,38724,46002
1420,2016-11-29,8318,37573,45891
1420,2016-11-30,8678,36592,45270
1420,2016-12-01,7898,40235,48133
1420,2016-12-02,7378,44847,52225
1420,2016-12-03,4831,32759,37590
1420,2016-12-04,1779,25682,27461
1420,2016-12-05,7381,37488,44869
1420,2016-12-06,8383,36867,45250
1420,2016-12-07,8889,36843,45732
1420,2016-12-08,8298,39116,47414
1420,2016-12-09,7665,44279,51944
1420,2016-12-10,5198,34206,39404
1420,2016-12-11,2143,27063,29206
1420,2016-12-12,7387,38544,45931
1420,2016-12-13,8773,36011,44784
1420,2016-12-14,9191,36884,46075
1420,2016-12-15,8505,41081,49586
1420,2016-12-16,7519,47286,54805
1420,2016-12-17,4671,37165,41836
1420,2016-12-18,1990,29270,31260
1420,2016-12-19,6858,42665,49523
1420,2016-12-20,7652,41827,49479
1420,2016-12-21,7463,43280,50743
1420,2016-12-22,7716,43054,50770
1420,2016-12-23,5304,53870,59174
1420,2016-12-24,1916,28481,30397
1420,2016-12-25,817,18395,19212
1420,2016-12-26,2024,31194,33218
1420,2016-12-27,4260,43116,47376
1420,2016-12-28,4451,40890,45341
1420,2016-12-29,4605,42466,47071
1420,2016-12-30,4075,49985,54060
1420,2016-12-31,1813,29317,31130
1429,2016-01-01,681,27010,27691
1429,2016-01-02,1300,47121,48421
1429,2016-01-03,715,38881,39596
1429,2016-01-04,4336,75565,79901
1429,2016-01-05,4977,76882,81859
1429,2016-01-06,5319,79453,84772
1429,2016-01-07,5251,81943,87194
1429,2016-01-08,5117,85597,90714
1429,2016-01-09,2834,56436,59270
1429,2016-01-10,951,37272,38223
1429,2016-01-11,5708,79884,85592
1429,2016-01-12,5794,80122,85916
1429,2016-01-13,6350,83160,89510
1429,2016-01-14,6205,83038,89243
1429,2016-01-15,5456,73652,79108
1429,2016-01-16,3039,52968,56007
1429,2016-01-17,1019,37667,38686
1429,2016-01-18,5912,81708,87620
1429,2016-01-19,6095,84004,90099
1429,2016-01-20,6487,84590,91077
1429,2016-01-21,5998,86961,92959
1429,2016-01-22,5786,79928,85714
1429,2016-01-23,2834,52868,55702
1429,2016-01-24,972,37592,38564
1429,2016-01-25,5960,83625,89585
1429,2016-01-26,6091,86600,92691
1429,2016-01-27,6173,88018,94191
1429,2016-01-28,5945,90627,96572
1429,2016-01-29,5895,89231,95126
1429,2016-01-30,2926,56170,59096
1429,2016-01-31,856,38953,39809
1429,2016-02-01,5743,84931,90674
1429,2016-02-02,5893,85848,91741
1429,2016-02-03,6706,85841,92547
1429,2016-02-04,6219,87418,93637
1429,2016-02-05,5710,85066,90776
1429,2016-02-06,2758,51152,53910
1429,2016-02-07,834,34672,35506
1429,2016-02-08,5413,69765,75178
1429,2016-02-09,5969,76733,82702
1429,2016-02-10,6511,79209,85720
1429,2016-02-11,6152,81932,88084
1429,2016-02-12,5998,80891,86889
1429,2016-02-13,2895,50458,53353
1429,2016-02-14,864,36174,37038
1429,2016-02-15,6050,83177,89227
1429,2016-02-16,6170,86447,92617
1429,2016-02-17,6607,86745,93352
1429,2016-02-18,6360,89266,95626
1429,2016-02-19,6053,87292,93345
1429,2016-02-20,2785,55579,58364
1429,2016-02-21,913,39269,40182
1429,2016-02-22,5582,84061,89643
1429,2016-02-23,6246,85281,91527
1429,2016-02-25,6168,90889,97057
1429,2016-02-26,5989,91984,97973
1429,2016-02-27,2886,61512,64398
1429,2016-02-28,896,40562,41458
1429,2016-02-29,5989,83854,89843
1429,2016-03-02,6457,86705,93162
1429,2016-03-03,6322,85299,91621
1429,2016-03-04,6086,85854,91940
1429,2016-03-05,2892,59225,62117
1429,2016-03-06,1019,42018,43037
1429,2016-03-07,5855,82885,88740
1429,2016-03-08,6346,87490,93836
1429,2016-03-09,6470,85334,91804
1429,2016-03-12,2920,62926,65846
1429,2016-03-13,1001,47290,48291
1429,2016-03-16,6708,88358,95066
1429,2016-03-17,6738,91318,98056
1429,2016-03-18,6208,90974,97182
1429,2016-03-19,3198,60529,63727
1429,2016-03-20,976,46626,47602
1429,2016-03-21,6162,86216,92378
1429,2016-03-22,6471,88889,95360
1429,2016-03-23,6483,86471,92954
1429,2016-03-24,6116,91893,98009
1429,2016-03-25,4015,81393,85408
1429,2016-03-26,2741,55472,58213
1429,2016-03-28,966,36176,37142
1429,2016-03-29,5677,75564,81241
1429,2016-03-30,6440,80008,86448
1429,2016-03-31,6632,83251,89883
1429,2016-05-05,1267,45465,46732
1429,2016-05-06,5253,77228,82481
1429,2016-05-07,3073,56295,59368
1429,2016-05-08,1077,46443,47520
1429,2016-05-09,6165,85636,91801
1429,2016-05-10,6633,88185,94818
1429,2016-05-11,6792,90019,96811
1429,2016-05-12,6774,92500,99274
1429,2016-05-13,6412,86244,92656
1429,2016-05-14,3391,56618,60009
1429,2016-05-15,851,37934,38785
1429,2016-05-16,995,37903,38898
1429,2016-05-17,6431,84743,91174
1429,2016-05-18,6894,84102,90996
1429,2016-05-19,6867,86734,93601
1429,2016-05-20,6395,89399,95794
1429,2016-05-21,3465,58996,62461
1429,2016-05-22,1075,42892,43967
1429,2016-05-23,6375,86929,93304
1429,2016-05-24,6731,88421,95152
1429,2016-05-25,7017,91530,98547
1429,2016-05-26,4446,90359,94805
1429,2016-05-27,6540,92404,98944
1429,2016-05-28,3226,64096,67322
1429,2016-05-29,1018,44103,45121
1429,2016-05-30,6067,80149,86216
1429,2016-05-31,6851,87542,94393
1429,2016-06-01,6738,88082,94820
1429,2016-06-02,6703,90284,96987
1429,2016-06-03,6555,89350,95905
1429,2016-06-04,3350,57581,60931
1429,2016-06-05,961,41895,42856
1429,2016-06-07,6671,86078,92749
1429,2016-06-08,6974,87392,94366
1429,2016-06-09,6579,90628,97207
1429,2016-06-10,6384,91091,97475
1429,2016-06-11,3392,59815,63207
1429,2016-06-12,1133,47907,49040
1429,2016-06-13,6422,86612,93034
1429,2016-06-14,6644,88010,94654
1429,2016-06-15,6996,89325,96321
1429,2016-06-16,6741,90716,97457
1429,2016-06-17,6549,92284,98833
1429,2016-06-18,3188,60307,63495
1429,2016-06-19,1057,43885,44942
1429,2016-06-20,6111,79766,85877
1429,2016-06-21,6881,88915,95796
1429,2016-06-22,7097,89820,96917
1429,2016-06-23,3645,47160,50805
1429,2016-06-24,6332,78849,85181
1429,2016-06-25,3106,56159,59265
1429,2016-06-26,949,44988,45937
1429,2016-06-27,6418,87851,94269
1429,2016-06-28,6378,91571,97949
1429,2016-06-29,6960,91187,98147
1429,2016-06-30,6684,92331,99015
1429,2016-07-01,6647,91516,98163
1429,2016-07-02,3106,62984,66090
1429,2016-07-03,1020,47269,48289
1429,2016-07-04,6250,88231,94481
1429,2016-07-05,6143,84890,91033
1429,2016-07-06,6639,83838,90477
1429,2016-07-07,6674,90397,97071
1429,2016-07-08,6357,89202,95559
1429,2016-07-09,2978,63816,66794
1429,2016-07-10,1042,48998,50040
1429,2016-07-11,6498,89310,95808
1429,2016-07-12,6483,86600,93083
1429,2016-07-13,6802,89752,96554
1429,2016-07-14,5480,91826,97306
1429,2016-07-15,6065,90921,96986
1429,2016-07-16,2808,63560,66368
1429,2016-07-17,1115,47612,48727
1429,2016-07-18,6226,83985,90211
1429,2016-07-19,6692,85219,91911
1429,2016-07-20,6811,85184,91995
1429,2016-07-21,6511,83299,89810
1429,2016-07-22,6394,88162,94556
1429,2016-07-23,2819,61596,64415
1429,2016-07-24,1126,46955,48081
1429,2016-07-25,6424,79954,86378
1429,2016-07-26,6503,82311,88814
1429,2016-07-27,6481,80616,87097
1429,2016-07-28,6053,84348,90401
1429,2016-07-29,5391,85944,91335
1429,2016-07-30,2366,56785,59151
1429,2016-07-31,1035,44997,46032
1429,2016-08-01,5146,76196,81342
1429,2016-08-02,4934,76234,81168
1429,2016-08-03,5293,76093,81386
1429,2016-08-04,5184,76999,82183
1429,2016-08-05,4962,78922,83884
1429,2016-08-06,2061,51057,53118
1429,2016-08-07,901,43493,44394
1429,2016-08-08,4857,71932,76789
1429,2016-08-09,4948,73510,78458
1429,2016-08-10,5061,74670,79731
1429,2016-08-11,4812,75756,80568
1429,2016-08-12,4744,76504,81248
1429,2016-08-13,2200,50007,52207
1429,2016-08-14,966,40977,41943
1429,2016-08-15,1354,39771,41125
1429,2016-08-16,5344,72627,77971
1429,2016-08-17,5143,73701,78844
1429,2016-08-18,5068,74900,79968
1429,2016-08-19,5152,77052,82204
1429,2016-08-20,2365,51597,53962
1429,2016-08-21,1062,41388,42450
1429,2016-08-22,5658,78683,84341
1429,2016-08-23,6193,80152,86345
1429,2016-08-24,6334,79870,86204
1429,2016-08-25,6142,81034,87176
1429,2016-08-26,6020,82796,88816
1429,2016-08-27,2647,52548,55195
1429,2016-08-28,1051,42495,43546
1429,2016-08-29,6193,78460,84653
1429,2016-08-30,6504,82252,88756
1429,2016-08-31,6782,83726,90508
1429,2016-09-01,6592,84303,90895
1429,2016-09-02,6232,85858,92090
1429,2016-09-03,3059,56670,59729
1429,2016-09-04,1055,43666,44721
1429,2016-09-05,6235,83839,90074
1429,2016-09-06,6680,86204,92884
1429,2016-09-07,6937,86715,93652
1429,2016-09-09,6672,89778,96450
1429,2016-09-10,3239,61585,64824
1429,2016-09-11,1181,46570,47751
1429,2016-09-12,6323,84491,90814
1429,2016-09-13,6480,87806,94286
1429,2016-09-14,6803,89109,95912
1429,2016-09-15,6486,86981,93467
1429,2016-09-16,6578,92117,98695
1429,2016-09-17,3273,65393,68666
1429,2016-09-18,1041,46584,47625
1429,2016-09-19,6269,87459,93728
1429,2016-09-20,6554,88697,95251
1429,2016-09-21,6916,88888,95804
1429,2016-09-22,6494,92552,99046
1429,2016-09-23,6423,93459,99882
1429,2016-09-24,3136,62934,66070
1429,2016-09-25,980,50595,51575
1429,2016-09-26,6182,86648,92830
1429,2016-09-27,6495,89466,95961
1429,2016-09-28,7000,89315,96315
1429,2016-09-29,6505,91543,98048
1429,2016-09-30,6294,93461,99755
1429,2016-10-01,3713,63491,67204
1429,2016-10-02,898,47495,48393
1429,2016-10-03,3495,75973,79468
1429,2016-10-04,5535,70097,75632
1429,2016-10-05,6994,84926,91920
1429,2016-10-06,6732,88738,95470
1429,2016-10-07,6653,91847,98500
1429,2016-10-09,967,45111,46078
1429,2016-10-10,6318,86625,92943
1429,2016-10-11,6881,88314,95195
1429,2016-10-12,7061,85539,92600
1429,2016-10-13,6151,79099,85250
1429,2016-10-14,5788,79332,85120
1429,2016-10-15,3186,64243,67429
1429,2016-10-16,1002,49235,50237
1429,2016-10-18,6674,88350,95024
1429,2016-10-21,6446,92753,99199
1429,2016-10-22,3234,65948,69182
1429,2016-10-23,1112,49695,50807
1429,2016-10-24,6558,84871,91429
1429,2016-10-25,6994,88840,95834
1429,2016-10-26,7487,88770,96257
1429,2016-10-27,6725,89129,95854
1429,2016-10-29,2698,47050,49748
1429,2016-11-01,1177,42211,43388
1429,2016-11-02,7036,82716,89752
1429,2016-11-03,6175,82451,88626
1429,2016-11-04,6873,87798,94671
1429,2016-11-05,3389,47641,51030
1429,2016-11-06,1078,41367,42445
1429,2016-11-07,6488,85668,92156
1429,2016-11-08,6743,88919,95662
1429,2016-11-09,7181,85616,92797
1429,2016-11-10,6916,90952,97868
1429,2016-11-11,5370,93137,98507
1429,2016-11-12,3387,63018,66405
1429,2016-11-13,1076,41288,42364
1429,2016-11-14,6676,86089,92765
1429,2016-11-15,6883,86519,93402
1429,2016-11-16,7081,86258,93339
1429,2016-11-17,6930,90594,97524
1429,2016-11-18,6543,88672,95215
1429,2016-11-19,3084,63580,66664
1429,2016-11-20,1076,46541,47617
1429,2016-11-21,6398,84258,90656
1429,2016-11-22,6895,86981,93876
1429,2016-11-23,7133,88352,95485
1429,2016-11-24,6879,91371,98250
1429,2016-11-25,6680,90483,97163
1429,2016-11-26,3304,66991,70295
1429,2016-11-27,1050,49891,50941
1429,2016-11-28,6614,86290,92904
1429,2016-11-30,7079,87189,94268
1429,2016-12-01,6854,90915,97769
1429,2016-12-02,6445,92124,98569
1429,2016-12-03,3340,63207,66547
1429,2016-12-04,1131,47327,48458
1429,2016-12-06,6960,85856,92816
1429,2016-12-07,7348,84810,92158
1429,2016-12-08,6812,89329,96141
1429,2016-12-09,6808,90586,97394
1429,2016-12-10,3402,64191,67593
1429,2016-12-11,1108,47677,48785
1429,2016-12-12,6258,85663,91921
1429,2016-12-13,6572,84740,91312
1429,2016-12-14,6898,88742,95640
1429,2016-12-15,6556,89476,96032
1429,2016-12-16,6558,95135,101693
1429,2016-12-17,3222,65275,68497
1429,2016-12-18,1210,47908,49118
1429,2016-12-19,6194,87893,94087
1429,2016-12-20,6630,89880,96510
1429,2016-12-21,6361,90956,97317
1429,2016-12-22,5674,90218,95892
1429,2016-12-23,4483,84485,88968
1429,2016-12-24,1697,42577,44274
1429,2016-12-25,656,32849,33505
1429,2016-12-26,999,34275,35274
1429,2016-12-27,3775,62811,66586
1429,2016-12-28,3806,63275,67081
1429,2016-12-29,3480,65355,68835
1429,2016-12-30,3415,66620,70035
1429,2016-12-31,1607,38712,40319
1432,2016-01-01,623,7125,7748
1432,2016-01-02,926,16994,17920
1432,2016-01-03,783,14413,15196
1432,2016-01-04,3774,21005,24779
1432,2016-01-05,4487,21156,25643
1432,2016-01-06,4850,20504,25354
1432,2016-01-07,4427,20201,24628
1432,2016-01-08,4346,21986,26332
1432,2016-01-09,2567,14428,16995
1432,2016-01-10,1006,9975,10981
1432,2016-01-11,5268,22136,27404
1432,2016-01-12,5812,22159,27971
1432,2016-01-13,6093,22411,28504
1432,2016-01-14,5625,21449,27074
1432,2016-01-15,5264,20948,26212
1432,2016-01-16,2644,12369,15013
1432,2016-01-17,1067,9145,10212
1432,2016-01-18,5159,22220,27379
1432,2016-01-19,5881,21776,27657
1432,2016-01-20,5808,22135,27943
1432,2016-01-21,5456,22835,28291
1432,2016-01-22,5076,22114,27190
1432,2016-01-23,2491,13156,15647
1432,2016-01-24,980,9659,10639
1432,2016-01-25,5045,23245,28290
1432,2016-01-26,5761,23215,28976
1432,2016-01-27,6077,23367,29444
1432,2016-01-28,5797,23636,29433
1432,2016-01-29,5776,26661,32437
1432,2016-01-30,2591,16819,19410
1432,2016-01-31,931,13132,14063
1432,2016-02-02,5953,23110,29063
1432,2016-02-03,6182,23367,29549
1432,2016-02-04,5871,22014,27885
1432,2016-02-05,5408,23504,28912
1432,2016-02-06,2397,15446,17843
1432,2016-02-07,901,9563,10464
1432,2016-02-08,4506,16579,21085
1432,2016-02-09,5358,19047,24405
1432,2016-02-10,6008,22950,28958
1432,2016-02-11,5874,24237,30111
1432,2016-02-12,5577,25334,30911
1432,2016-02-13,2539,14952,17491
1432,2016-02-14,915,11559,12474
1432,2016-02-15,5517,23271,28788
1432,2016-02-16,6107,23586,29693
1432,2016-02-17,6148,23374,29522
1432,2016-02-18,6274,23974,30248
1432,2016-02-19,5571,24150,29721
1432,2016-02-20,2527,14200,16727
1432,2016-02-21,980,10696,11676
1432,2016-02-22,5735,22337,28072
1432,2016-02-23,6024,22926,28950
1432,2016-02-24,6151,23416,29567
1432,2016-02-25,5875,24428,30303
1432,2016-02-26,5471,25106,30577
1432,2016-02-27,2657,16295,18952
1432,2016-03-01,6160,22823,28983
1432,2016-03-02,6214,23101,29315
1432,2016-03-04,5651,23647,29298
1432,2016-03-05,2641,17245,19886
1432,2016-03-08,6317,23419,29736
1432,2016-03-09,6439,23375,29814
1432,2016-03-10,6135,23859,29994
1432,2016-03-12,2670,17078,19748
1432,2016-03-14,5949,22778,28727
1432,2016-03-15,6239,23659,29898
1432,2016-03-17,6517,24659,31176
1432,2016-03-18,6399,25615,32014
1432,2016-03-19,3268,18852,22120
1432,2016-03-20,1221,12590,13811
1432,2016-03-21,6028,22945,28973
1432,2016-03-23,6549,23438,29987
1432,2016-03-24,6254,25216,31470
1432,2016-03-26,2398,17558,19956
1432,2016-03-28,1074,12771,13845
1432,2016-03-30,6524,23574,30098
1432,2016-03-31,6645,24013,30658
1432,2016-05-05,1624,14740,16364
1432,2016-05-06,5236,21620,26856
1432,2016-05-07,3070,17712,20782
1432,2016-05-08,1506,15332,16838
1432,2016-05-09,6346,23659,30005
1432,2016-05-10,6696,24701,31397
1432,2016-05-11,6683,24825,31508
1432,2016-05-12,6771,25895,32666
1432,2016-05-13,6576,28673,35249
1432,2016-05-14,3534,21515,25049
1432,2016-05-15,1186,12621,13807
1432,2016-05-16,1312,14628,15940
1432,2016-05-17,6271,26337,32608
1432,2016-05-19,7027,26011,33038
1432,2016-05-20,6683,27271,33954
1432,2016-05-22,1347,13350,14697
1432,2016-05-23,6502,24706,31208
1432,2016-05-24,6992,24548,31540
1432,2016-05-25,7597,26132,33729
1432,2016-05-26,3131,25155,28286
1432,2016-05-28,3410,19807,23217
1432,2016-05-29,1436,14735,16171
1432,2016-05-30,6149,24085,30234
1432,2016-05-31,6897,24541,31438
1432,2016-06-01,6904,25038,31942
1432,2016-06-02,6968,25554,32522
1432,2016-06-03,6594,26749,33343
1432,2016-06-04,2722,15560,18282
1432,2016-06-05,1177,12751,13928
1432,2016-06-14,6649,24140,30789
1432,2016-06-15,7048,25014,32062
1432,2016-06-16,6714,25902,32616
1432,2016-06-17,6395,26614,33009
1432,2016-06-18,3034,16111,19145
1432,2016-06-19,1401,13220,14621
1432,2016-06-20,6218,24390,30608
1432,2016-06-23,4509,18259,22768
1432,2016-06-24,6301,22409,28710
1432,2016-06-26,1363,14680,16043
1432,2016-06-27,6233,25434,31667
1432,2016-06-29,7128,25636,32764
1432,2016-07-01,6706,27388,34094
1432,2016-07-02,2898,18551,21449
1432,2016-07-03,1457,15111,16568
1432,2016-07-04,6233,25348,31581
1432,2016-07-05,7318,28557,35875
1432,2016-07-07,6861,26819,33680
1432,2016-07-08,6844,29562,36406
1432,2016-07-09,3517,21177,24694
1432,2016-07-10,1690,15831,17521
1432,2016-07-11,6474,27290,33764
1432,2016-07-12,6701,27346,34047
1432,2016-07-14,5616,28936,34552
1432,2016-07-15,7077,31673,38750
1432,2016-07-17,2015,17973,19988
1432,2016-07-18,6388,26758,33146
1432,2016-07-19,6721,25787,32508
1432,2016-07-23,3028,22155,25183
1432,2016-07-24,2025,18119,20144
1432,2016-07-26,6798,26269,33067
1432,2016-07-27,6768,26182,32950
1432,2016-07-28,6504,26720,33224
1432,2016-07-29,5836,28415,34251
1432,2016-08-01,5210,24195,29405
1432,2016-08-04,5316,24061,29377
1432,2016-08-05,5092,25849,30941
1432,2016-08-06,2562,19843,22405
1432,2016-08-07,1611,16969,18580
1432,2016-08-08,4776,22842,27618
1432,2016-08-09,4922,22184,27106
1432,2016-08-10,5027,22407,27434
1432,2016-08-14,1385,15939,17324
1432,2016-08-17,5168,22868,28036
1432,2016-08-18,5424,23732,29156
1432,2016-08-21,1511,16921,18432
1432,2016-08-22,6380,23474,29854
1432,2016-08-23,5853,23710,29563
1432,2016-08-24,6081,23578,29659
1432,2016-08-26,6007,25236,31243
1432,2016-08-27,2802,17119,19921
1432,2016-08-29,5768,24699,30467
1432,2016-08-30,6086,24537,30623
1432,2016-08-31,6450,25477,31927
1432,2016-09-01,6120,25865,31985
1432,2016-09-02,5434,26040,31474
1432,2016-09-03,2870,18884,21754
1432,2016-09-06,6124,25230,31354
1432,2016-09-07,6446,25299,31745
1432,2016-09-08,6359,25766,32125
1432,2016-09-09,6121,28040,34161
1432,2016-09-10,3268,19292,22560
1432,2016-09-11,1464,15739,17203
1432,2016-09-13,6998,25050,32048
1432,2016-09-14,6725,25462,32187
1432,2016-09-20,6463,25864,32327
1432,2016-09-21,6676,26272,32948
1432,2016-09-22,6392,26833,33225
1432,2016-09-23,6108,28073,34181
1432,2016-09-24,3050,19892,22942
1432,2016-09-25,1179,16180,17359
1432,2016-09-27,6271,26465,32736
1432,2016-09-28,6734,25766,32500
1432,2016-09-30,6339,29937,36276
1432,2016-10-01,3401,20973,24374
1432,2016-10-02,1221,16179,17400
1432,2016-10-03,2345,30326,32671
1432,2016-10-04,6193,26904,33097
1432,2016-10-06,6816,27884,34700
1432,2016-10-07,6874,29629,36503
1432,2016-10-08,3279,22074,25353
1432,2016-10-10,5933,25442,31375
1432,2016-10-11,6612,25326,31938
1432,2016-10-12,6871,25663,32534
1432,2016-10-13,6570,25967,32537
1432,2016-10-14,6192,27874,34066
1432,2016-10-15,2968,20266,23234
1432,2016-10-16,1204,16473,17677
1432,2016-10-17,5894,25555,31449
1432,2016-10-18,6748,25408,32156
1432,2016-10-21,6311,27764,34075
1432,2016-10-22,3252,20661,23913
1432,2016-10-23,1229,15677,16906
1432,2016-10-26,7060,27474,34534
1432,2016-10-28,6368,29353,35721
1432,2016-11-03,6669,27512,34181
1432,2016-11-05,3192,17346,20538
1432,2016-11-07,6145,25604,31749
1432,2016-11-08,6527,25571,32098
1432,2016-11-09,6795,25313,32108
1432,2016-11-10,6489,26771,33260
1432,2016-11-11,5350,27763,33113
1432,2016-11-12,3216,17894,21110
1432,2016-11-13,1056,12141,13197
1432,2016-11-14,5947,25649,31596
1432,2016-11-15,6730,25208,31938
1432,2016-11-16,6661,25271,31932
1432,2016-11-17,6639,25865,32504
1432,2016-11-18,6131,26243,32374
1432,2016-11-19,2867,17276,20143
1432,2016-11-20,1014,12503,13517
1432,2016-11-21,6163,24911,31074
1432,2016-11-22,6630,25280,31910
1432,2016-11-23,6462,25973,32435
1432,2016-11-24,6518,26526,33044
1432,2016-11-25,6193,27089,33282
1432,2016-11-26,2917,18688,21605
1432,2016-11-28,6061,25526,31587
1432,2016-11-29,6459,25562,32021
1432,2016-12-01,6553,26454,33007
1432,2016-12-02,6431,27231,33662
1432,2016-12-06,6569,25955,32524
1432,2016-12-08,6404,26440,32844
1432,2016-12-09,6280,27136,33416
1432,2016-12-10,2982,20704,23686
1432,2016-12-13,6590,25838,32428
1432,2016-12-14,6804,26475,33279
1432,2016-12-15,6680,25750,32430
1432,2016-12-16,6110,27237,33347
1432,2016-12-18,1155,14346,15501
1432,2016-12-19,5749,25420,31169
1432,2016-12-21,5735,25860,31595
1432,2016-12-22,4840,25525,30365
1432,2016-12-23,3486,22993,26479
1432,2016-12-24,1235,9589,10824
1432,2016-12-26,902,10456,11358
1432,2016-12-27,2654,18420,21074
1432,2016-12-29,2597,19338,21935
1432,2016-12-31,1044,9395,10439
1441,2016-01-01,119,20425,20544
1441,2016-01-02,428,29566,29994
1441,2016-01-03,217,23993,24210
1441,2016-01-04,2171,41052,43223
1441,2016-01-05,2683,42332,45015
1441,2016-01-06,2424,43939,46363
1441,2016-01-07,2812,45031,47843
1441,2016-01-08,2335,47916,50251
1441,2016-01-09,690,36497,37187
1441,2016-01-10,344,25213,25557
1441,2016-01-11,3403,43539,46942
1441,2016-01-12,3363,42256,45619
1441,2016-01-13,3173,42816,45989
1441,2016-01-14,3205,42101,45306
1441,2016-01-15,2929,37855,40784
1441,2016-01-16,930,35231,36161
1441,2016-01-17,295,24831,25126
1441,2016-01-18,2828,44730,47558
1441,2016-01-19,2815,45279,48094
1441,2016-01-20,2902,45101,48003
1441,2016-01-21,3077,46797,49874
1441,2016-01-22,3107,43764,46871
1441,2016-01-23,759,37539,38298
1441,2016-01-24,366,26230,26596
1441,2016-01-25,3507,44809,48316
1441,2016-01-26,3811,46050,49861
1441,2016-01-27,3033,44501,47534
1441,2016-01-28,3665,47035,50700
1441,2016-01-29,3411,49634,53045
1441,2016-01-30,1233,38708,39941
1441,2016-01-31,281,27562,27843
1441,2016-02-01,3547,44983,48530
1441,2016-02-02,3938,45360,49298
1441,2016-02-03,3722,45253,48975
1441,2016-02-04,3892,46087,49979
1441,2016-02-05,3804,48290,52094
1441,2016-02-06,860,38880,39740
1441,2016-02-07,201,25031,25232
1441,2016-02-08,3637,39900,43537
1441,2016-02-09,3995,41790,45785
1441,2016-02-10,3722,45825,49547
1441,2016-02-11,3935,45062,48997
1441,2016-02-12,3644,46561,50205
1441,2016-02-13,981,36027,37008
1441,2016-02-14,297,26618,26915
1441,2016-02-15,3689,45287,48976
1441,2016-02-16,3479,47143,50622
1441,2016-02-17,3777,45873,49650
1441,2016-02-18,3437,47197,50634
1441,2016-02-19,3493,47326,50819
1441,2016-02-20,1150,37647,38797
1441,2016-02-21,287,26280,26567
1441,2016-02-22,3448,45253,48701
1441,2016-02-23,3528,45317,48845
1441,2016-02-24,3094,46953,50047
1441,2016-02-25,3052,48369,51421
1441,2016-02-26,3074,49841,52915
1441,2016-02-27,736,41905,42641
1441,2016-02-28,175,28454,28629
1441,2016-02-29,2990,46776,49766
1441,2016-03-01,3091,47369,50460
1441,2016-03-02,3390,43682,47072
1441,2016-03-03,3674,45789,49463
1441,2016-03-05,1130,39542,40672
1441,2016-03-06,295,27291,27586
1441,2016-03-07,3320,44700,48020
1441,2016-03-08,3377,47245,50622
1441,2016-03-09,2880,46763,49643
1441,2016-03-10,3080,48297,51377
1441,2016-03-11,3201,50380,53581
1441,2016-03-12,746,42432,43178
1441,2016-03-13,198,30331,30529
1441,2016-03-14,3037,45981,49018
1441,2016-03-15,3205,47166,50371
1441,2016-03-16,3151,47172,50323
1441,2016-03-17,2867,49050,51917
1441,2016-03-18,2742,49772,52514
1441,2016-03-19,887,41530,42417
1441,2016-03-20,179,28676,28855
1441,2016-03-21,2953,43787,46740
1441,2016-03-22,2763,44115,46878
1441,2016-03-23,3002,44735,47737
1441,2016-03-26,1029,38560,39589
1441,2016-03-28,315,22655,22970
1441,2016-03-29,2861,46380,49241
1441,2016-03-30,3539,41438,44977
1441,2016-05-05,345,27949,28294
1441,2016-05-06,2522,46419,48941
1441,2016-05-07,751,39600,40351
1441,2016-05-08,325,30046,30371
1441,2016-05-09,3771,46363,50134
1441,2016-05-10,3568,46649,50217
1441,2016-05-11,3750,48225,51975
1441,2016-05-12,3441,49536,52977
1441,2016-05-13,3654,48658,52312
1441,2016-05-14,915,35818,36733
1441,2016-05-15,146,24000,24146
1441,2016-05-16,162,22668,22830
1441,2016-05-17,3699,45615,49314
1441,2016-05-18,3564,45428,48992
1441,2016-05-19,3522,46785,50307
1441,2016-05-21,1013,37436,38449
1441,2016-05-22,206,26615,26821
1441,2016-05-23,3732,45625,49357
1441,2016-05-24,3528,48068,51596
1441,2016-05-25,3570,47849,51419
1441,2016-05-27,3656,50917,54573
1441,2016-05-28,1119,41811,42930
1441,2016-05-29,219,30187,30406
1441,2016-05-30,3909,43466,47375
1441,2016-05-31,3306,47610,50916
1441,2016-06-01,3570,47562,51132
1441,2016-06-02,3661,47614,51275
1441,2016-06-03,3535,49381,52916
1441,2016-06-04,1175,39149,40324
1441,2016-06-05,279,26001,26280
1441,2016-06-06,3409,45529,48938
1441,2016-06-07,3760,43701,47461
1441,2016-06-08,3700,46017,49717
1441,2016-06-09,3861,49557,53418
1441,2016-06-10,3665,50252,53917
1441,2016-06-11,1129,38918,40047
1441,2016-06-12,260,29120,29380
1441,2016-06-13,3680,46151,49831
1441,2016-06-14,3823,46600,50423
1441,2016-06-15,4120,44780,48900
1441,2016-06-16,4010,45366,49376
1441,2016-06-17,3978,47503,51481
1441,2016-06-18,1068,37754,38822
1441,2016-06-19,204,27098,27302
1441,2016-06-20,3975,44816,48791
1441,2016-06-21,3896,47206,51102
1441,2016-06-22,3857,47635,51492
1441,2016-06-23,773,29881,30654
1441,2016-06-24,2764,44750,47514
1441,2016-06-25,856,36661,37517
1441,2016-06-26,211,28983,29194
1441,2016-06-27,3743,46149,49892
1441,2016-06-28,3885,48247,52132
1441,2016-07-01,3629,50806,54435
1441,2016-07-02,933,41405,42338
1441,2016-07-03,234,29871,30105
1441,2016-07-04,3966,45779,49745
1441,2016-07-05,3432,47650,51082
1441,2016-07-06,3768,48187,51955
1441,2016-07-07,3522,49359,52881
1441,2016-07-08,3727,49764,53491
1441,2016-07-09,908,41968,42876
1441,2016-07-10,237,30715,30952
1441,2016-07-11,3468,48669,52137
1441,2016-07-12,3621,49144,52765
1441,2016-07-13,3766,47518,51284
1441,2016-07-14,3369,49746,53115
1441,2016-07-15,3765,50077,53842
1441,2016-07-16,1103,40286,41389
1441,2016-07-17,209,28284,28493
1441,2016-07-19,3516,46809,50325
1441,2016-07-20,3538,46457,49995
1441,2016-07-21,3481,46757,50238
1441,2016-07-22,3373,47513,50886
1441,2016-07-23,992,37054,38046
1441,2016-07-24,210,26690,26900
1441,2016-07-25,3496,45166,48662
1441,2016-07-26,3753,45762,49515
1441,2016-07-27,3635,46584,50219
1441,2016-07-28,2857,47164,50021
1441,2016-07-29,2194,45556,47750
1441,2016-07-30,543,32986,33529
1441,2016-07-31,168,23715,23883
1441,2016-08-01,2097,39811,41908
1441,2016-08-02,2040,38415,40455
1441,2016-08-03,2148,38832,40980
1441,2016-08-04,2112,39829,41941
1441,2016-08-05,1957,40680,42637
1441,2016-08-06,504,28981,29485
1441,2016-08-07,240,22795,23035
1441,2016-08-08,1788,37026,38814
1441,2016-08-09,1664,38332,39996
1441,2016-08-10,1997,37963,39960
1441,2016-08-11,1793,38474,40267
1441,2016-08-12,1823,39906,41729
1441,2016-08-13,610,27819,28429
1441,2016-08-14,179,22055,22234
1441,2016-08-15,295,21128,21423
1441,2016-08-16,1918,38276,40194
1441,2016-08-17,1904,38641,40545
1441,2016-08-18,1761,39320,41081
1441,2016-08-19,1820,41145,42965
1441,2016-08-20,463,30101,30564
1441,2016-08-21,183,23701,23884
1441,2016-08-22,2299,43134,45433
1441,2016-08-23,2548,43701,46249
1441,2016-08-24,2562,44084,46646
1441,2016-08-25,2695,44678,47373
1441,2016-08-26,2716,45965,48681
1441,2016-08-27,753,34315,35068
1441,2016-08-28,197,26506,26703
1441,2016-08-29,3094,45540,48634
1441,2016-08-30,3168,47048,50216
1441,2016-09-01,2995,42358,45353
1441,2016-09-03,833,37798,38631
1441,2016-09-04,185,26573,26758
1441,2016-09-05,3282,46145,49427
1441,2016-09-06,3333,46730,50063
1441,2016-09-07,3302,47953,51255
1441,2016-09-08,3420,48164,51584
1441,2016-09-09,3467,49680,53147
1441,2016-09-10,856,40277,41133
1441,2016-09-11,221,29637,29858
1441,2016-09-12,3245,47359,50604
1441,2016-09-13,3383,48390,51773
1441,2016-09-14,3491,48257,51748
1441,2016-09-15,3568,48434,52002
1441,2016-09-16,3553,50545,54098
1441,2016-09-17,807,41731,42538
1441,2016-09-18,183,28576,28759
1441,2016-09-19,3252,47573,50825
1441,2016-09-20,3396,47669,51065
1441,2016-09-21,3390,47192,50582
1441,2016-09-22,3339,48972,52311
1441,2016-09-23,3334,50545,53879
1441,2016-09-24,1012,43742,44754
1441,2016-09-25,278,31880,32158
1441,2016-09-26,3298,46995,50293
1441,2016-09-27,3623,48311,51934
1441,2016-09-28,3867,47711,51578
1441,2016-09-29,3562,49923,53485
1441,2016-09-30,3644,50422,54066
1441,2016-10-01,1186,41639,42825
1441,2016-10-02,154,30634,30788
1441,2016-10-03,3397,45174,48571
1441,2016-10-06,3243,44771,48014
1441,2016-10-07,3388,49516,52904
1441,2016-10-08,895,42394,43289
1441,2016-10-09,217,30708,30925
1441,2016-10-10,3398,46928,50326
1441,2016-10-11,3523,48304,51827
1441,2016-10-12,3532,47991,51523
1441,2016-10-13,3473,49000,52473
1441,2016-10-14,3461,50911,54372
1441,2016-10-15,1056,42430,43486
1441,2016-10-16,196,30555,30751
1441,2016-10-17,3334,46708,50042
1441,2016-10-19,3475,46374,49849
1441,2016-10-20,3550,47919,51469
1441,2016-10-21,3323,50302,53625
1441,2016-10-22,644,37351,37995
1441,2016-10-23,189,29797,29986
1441,2016-10-24,3829,44234,48063
1441,2016-10-25,3579,47111,50690
1441,2016-10-26,3309,47124,50433
1441,2016-10-27,3160,48686,51846
1441,2016-10-28,3098,50370,53468
1441,2016-11-01,264,28212,28476
1441,2016-11-02,3046,46186,49232
1441,2016-11-03,3268,46653,49921
1441,2016-11-05,1109,37479,38588
1441,2016-11-07,3212,46172,49384
1441,2016-11-08,3263,47670,50933
1441,2016-11-09,4109,45983,50092
1441,2016-11-10,3993,49171,53164
1441,2016-11-11,3109,50096,53205
1441,2016-11-12,797,43558,44355
1441,2016-11-13,215,29657,29872
1441,2016-11-14,3211,46551,49762
1441,2016-11-15,3683,46548,50231
1441,2016-11-16,3756,45713,49469
1441,2016-11-17,3682,46883,50565
1441,2016-11-18,3763,48318,52081
1441,2016-11-19,748,42336,43084
1441,2016-11-20,215,29603,29818
1441,2016-11-21,4623,42419,47042
1441,2016-11-22,3654,45774,49428
1441,2016-11-23,3616,45687,49303
1441,2016-11-24,3335,48218,51553
1441,2016-11-25,3219,50445,53664
1441,2016-11-26,848,43316,44164
1441,2016-11-27,192,31960,32152
1441,2016-11-28,3433,46326,49759
1441,2016-11-29,3270,47443,50713
1441,2016-11-30,3381,46567,49948
1441,2016-12-01,3264,49135,52399
1441,2016-12-02,3293,50317,53610
1441,2016-12-03,724,42939,43663
1441,2016-12-04,200,31161,31361
1441,2016-12-05,3564,46141,49705
1441,2016-12-06,3386,45625,49011
1441,2016-12-07,3858,45449,49307
1441,2016-12-08,3827,46241,50068
1441,2016-12-09,4062,49579,53641
1441,2016-12-10,1103,42909,44012
1441,2016-12-11,269,31003,31272
1441,2016-12-12,3659,45546,49205
1441,2016-12-13,3615,46714,50329
1441,2016-12-14,3944,46262,50206
1441,2016-12-15,3721,47911,51632
1441,2016-12-16,3572,51662,55234
1441,2016-12-17,800,44593,45393
1441,2016-12-18,197,33363,33560
1441,2016-12-19,3523,47788,51311
1441,2016-12-20,3471,48794,52265
1441,2016-12-21,3432,48503,51935
1441,2016-12-22,3301,48696,51997
1441,2016-12-23,2038,49291,51329
1441,2016-12-24,468,32228,32696
1441,2016-12-25,104,22633,22737
1441,2016-12-26,252,23476,23728
1441,2016-12-27,1265,38056,39321
1441,2016-12-28,1328,37961,39289
1441,2016-12-29,1261,39355,40616
1441,2016-12-30,1322,39012,40334
1441,2016-12-31,476,28233,28709
1448,2016-01-01,673,7757,8430
1448,2016-01-02,992,15125,16117
1448,2016-01-03,814,11262,12076
1448,2016-01-04,1729,17700,19429
1448,2016-01-05,1928,18575,20503
1448,2016-01-06,2086,18783,20869
1448,2016-01-07,2340,18778,21118
1448,2016-01-08,2101,20023,22124
1448,2016-01-09,1435,16203,17638
1448,2016-01-10,897,10224,11121
1448,2016-01-11,2350,19772,22122
1448,2016-01-12,2607,19952,22559
1448,2016-01-13,2747,20095,22842
1448,2016-01-14,2660,19990,22650
1448,2016-01-15,2218,18249,20467
1448,2016-01-16,1777,14158,15935
1448,2016-01-17,525,8561,9086
1448,2016-01-18,2403,19848,22251
1448,2016-01-19,2695,19899,22594
1448,2016-01-20,2815,20265,23080
1448,2016-01-21,2906,20516,23422
1448,2016-01-22,2785,19770,22555
1448,2016-01-23,2570,14956,17526
1448,2016-01-24,1027,9670,10697
1448,2016-01-25,3164,19470,22634
1448,2016-01-26,3968,19422,23390
1448,2016-01-27,3705,20359,24064
1448,2016-01-28,3824,20700,24524
1448,2016-01-29,3159,21695,24854
1448,2016-01-30,2491,16492,18983
1448,2016-01-31,1416,10439,11855
1448,2016-02-01,3959,18886,22845
1448,2016-02-02,4209,19743,23952
1448,2016-02-03,2927,20874,23801
1448,2016-02-04,2975,21082,24057
1448,2016-02-05,3632,22431,26063
1448,2016-02-06,2667,19959,22626
1448,2016-02-07,1110,10881,11991
1448,2016-02-08,3286,16566,19852
1448,2016-02-09,3785,18599,22384
1448,2016-02-10,3094,20802,23896
1448,2016-02-11,3419,20792,24211
1448,2016-02-12,3296,21851,25147
1448,2016-02-13,2581,17992,20573
1448,2016-02-14,1099,11353,12452
1448,2016-02-15,3265,19390,22655
1448,2016-02-16,3827,20258,24085
1448,2016-02-17,3886,20103,23989
1448,2016-02-19,3495,20805,24300
1448,2016-02-20,2959,15557,18516
1448,2016-02-21,1883,9574,11457
1448,2016-02-22,3552,19526,23078
1448,2016-02-23,3433,20381,23814
1448,2016-02-24,3859,20572,24431
1448,2016-02-25,3580,20795,24375
1448,2016-02-26,3448,21818,25266
1448,2016-02-27,2027,18245,20272
1448,2016-02-28,896,11152,12048
1448,2016-02-29,3341,20964,24305
1448,2016-03-01,3628,20714,24342
1448,2016-03-02,4068,20082,24150
1448,2016-03-03,4031,20289,24320
1448,2016-03-04,3899,20734,24633
1448,2016-03-05,2527,15335,17862
1448,2016-03-06,955,11480,12435
1448,2016-03-07,3224,19818,23042
1448,2016-03-08,3754,20569,24323
1448,2016-03-09,3775,20303,24078
1448,2016-03-12,2221,18004,20225
1448,2016-03-13,894,12350,13244
1448,2016-03-14,3260,20243,23503
1448,2016-03-15,3219,17962,21181
1448,2016-03-16,3525,19157,22682
1448,2016-03-17,3572,20419,23991
1448,2016-03-18,3511,21417,24928
1448,2016-03-19,1810,15764,17574
1448,2016-03-20,900,10694,11594
1448,2016-03-21,3345,19946,23291
1448,2016-03-22,3695,19828,23523
1448,2016-03-23,3828,19936,23764
1448,2016-03-24,3636,21561,25197
1448,2016-03-25,2328,18257,20585
1448,2016-03-26,3185,17418,20603
1448,2016-03-28,1524,10659,12183
1448,2016-03-29,3486,20113,23599
1448,2016-03-30,4528,20016,24544
1448,2016-03-31,4499,20296,24795
1448,2016-05-05,999,15428,16427
1448,2016-05-06,3040,19773,22813
1448,2016-05-07,1941,17454,19395
1448,2016-05-08,871,15666,16537
1448,2016-05-09,3366,19624,22990
1448,2016-05-10,3691,19586,23277
1448,2016-05-11,3828,20032,23860
1448,2016-05-12,3623,20147,23770
1448,2016-05-14,2225,17504,19729
1448,2016-05-15,622,11784,12406
1448,2016-05-16,729,11850,12579
1448,2016-05-17,3542,19571,23113
1448,2016-05-18,4094,19320,23414
1448,2016-05-19,3820,19905,23725
1448,2016-05-20,3305,20590,23895
1448,2016-05-21,1921,15477,17398
1448,2016-05-22,695,11369,12064
1448,2016-05-23,3293,18783,22076
1448,2016-05-24,3779,18717,22496
1448,2016-05-25,4033,20173,24206
1448,2016-05-26,1652,19290,20942
1448,2016-05-27,3284,21095,24379
1448,2016-05-28,1731,17340,19071
1448,2016-05-29,962,12643,13605
1448,2016-05-30,3050,18644,21694
1448,2016-05-31,3416,20409,23825
1448,2016-06-01,3747,19804,23551
1448,2016-06-02,3483,20515,23998
1448,2016-06-03,3365,21039,24404
1448,2016-06-04,1775,16591,18366
1448,2016-06-06,3044,19385,22429
1448,2016-06-07,3542,19977,23519
1448,2016-06-08,3711,20262,23973
1448,2016-06-09,3686,20370,24056
1448,2016-06-10,3455,21175,24630
1448,2016-06-11,1843,16874,18717
1448,2016-06-12,811,12978,13789
1448,2016-06-13,3202,20110,23312
1448,2016-06-14,3493,19529,23022
1448,2016-06-15,3705,19383,23088
1448,2016-06-16,3484,20370,23854
1448,2016-06-17,3420,20898,24318
1448,2016-06-18,1877,17891,19768
1448,2016-06-19,744,13102,13846
1448,2016-06-20,3420,19471,22891
1448,2016-06-21,3461,19655,23116
1448,2016-06-22,3589,19972,23561
1448,2016-06-23,2445,19808,22253
1448,2016-06-24,2933,18677,21610
1448,2016-06-25,1670,15798,17468
1448,2016-06-26,764,13236,14000
1448,2016-06-27,3263,20342,23605
1448,2016-06-28,3421,19517,22938
1448,2016-06-29,3705,20045,23750
1448,2016-06-30,3310,20622,23932
1448,2016-07-01,3150,21211,24361
1448,2016-07-02,1708,17974,19682
1448,2016-07-03,935,13793,14728
1448,2016-07-04,3038,20100,23138
1448,2016-07-06,3726,20124,23850
1448,2016-07-07,3527,20919,24446
1448,2016-07-08,3294,21567,24861
1448,2016-07-09,1623,18282,19905
1448,2016-07-10,935,16105,17040
1448,2016-07-11,3265,20471,23736
1448,2016-07-12,3685,20568,24253
1448,2016-07-13,3878,20614,24492
1448,2016-07-14,3966,21584,25550
1448,2016-07-15,3261,22061,25322
1448,2016-07-16,1698,18513,20211
1448,2016-07-17,948,15739,16687
1448,2016-07-18,3149,20409,23558
1448,2016-07-19,3484,20910,24394
1448,2016-07-20,3677,21052,24729
1448,2016-07-23,1602,17839,19441
1448,2016-07-24,886,14552,15438
1448,2016-07-25,3008,20338,23346
1448,2016-07-26,3444,20146,23590
1448,2016-07-27,3470,20305,23775
1448,2016-07-28,3291,21009,24300
1448,2016-07-29,3084,21689,24773
1448,2016-07-30,1528,18221,19749
1448,2016-07-31,836,15115,15951
1448,2016-08-01,2980,19455,22435
1448,2016-08-02,2915,19314,22229
1448,2016-08-03,2941,19164,22105
1448,2016-08-04,2652,19056,21708
1448,2016-08-05,2654,20180,22834
1448,2016-08-06,1416,17567,18983
1448,2016-08-07,796,16166,16962
1448,2016-08-09,2757,17697,20454
1448,2016-08-10,2941,18104,21045
1448,2016-08-11,2855,18321,21176
1448,2016-08-12,2671,19991,22662
1448,2016-08-13,1469,17702,19171
1448,2016-08-14,703,15242,15945
1448,2016-08-15,1235,16954,18189
1448,2016-08-16,2647,18146,20793
1448,2016-08-17,2882,18865,21747
1448,2016-08-18,2910,18835,21745
1448,2016-08-19,2652,19676,22328
1448,2016-08-20,1489,17063,18552
1448,2016-08-21,777,13152,13929
1448,2016-08-22,2786,19535,22321
1448,2016-08-23,3156,19750,22906
1448,2016-08-24,3244,20147,23391
1448,2016-08-25,3140,20607,23747
1448,2016-08-26,3023,21748,24771
1448,2016-08-27,1438,18598,20036
1448,2016-08-28,776,15338,16114
1448,2016-08-29,3103,20138,23241
1448,2016-08-30,3141,20148,23289
1448,2016-08-31,3470,20421,23891
1448,2016-09-01,3400,20673,24073
1448,2016-09-02,3113,22066,25179
1448,2016-09-03,1710,15679,17389
1448,2016-09-04,780,11629,12409
1448,2016-09-05,1546,14297,15843
1448,2016-09-08,1906,16808,18714
1448,2016-09-09,1909,16203,18112
1448,2016-09-10,2026,18304,20330
1448,2016-09-11,803,14341,15144
1448,2016-09-12,3290,20120,23410
1448,2016-09-13,3705,21003,24708
1448,2016-09-14,3803,20617,24420
1448,2016-09-15,3588,20316,23904
1448,2016-09-16,3305,21114,24419
1448,2016-09-17,1948,17224,19172
1448,2016-09-18,731,12272,13003
1448,2016-09-19,3389,19618,23007
1448,2016-09-20,3837,19542,23379
1448,2016-09-21,3768,19541,23309
1448,2016-09-22,3561,20396,23957
1448,2016-09-23,3469,21216,24685
1448,2016-09-24,2172,17851,20023
1448,2016-09-25,752,14764,15516
1448,2016-09-26,3182,19610,22792
1448,2016-09-27,3693,20139,23832
1448,2016-09-28,3635,20049,23684
1448,2016-09-29,3597,21212,24809
1448,2016-09-30,3338,22301,25639
1448,2016-10-01,2088,16500,18588
1448,2016-10-02,686,13196,13882
1448,2016-10-03,1380,19755,21135
1448,2016-10-04,3726,20601,24327
1448,2016-10-05,3714,19525,23239
1448,2016-10-08,2025,17627,19652
1448,2016-10-09,669,12914,13583
1448,2016-10-10,3181,20034,23215
1448,2016-10-11,3542,20112,23654
1448,2016-10-13,3517,20154,23671
1448,2016-10-14,3333,21403,24736
1448,2016-10-15,1801,17208,19009
1448,2016-10-16,772,15449,16221
1448,2016-10-17,3184,19841,23025
1448,2016-10-18,3538,19792,23330
1448,2016-10-19,3531,19400,22931
1448,2016-10-21,3110,20669,23779
1448,2016-10-22,1822,17135,18957
1448,2016-10-23,630,12298,12928
1448,2016-10-24,3250,19883,23133
1448,2016-10-25,3392,19441,22833
1448,2016-10-26,3748,19982,23730
1448,2016-10-27,3519,21292,24811
1448,2016-10-28,3491,22612,26103
1448,2016-10-29,1998,18743,20741
1448,2016-10-30,664,13265,13929
1448,2016-10-31,2725,19896,22621
1448,2016-11-01,881,12660,13541
1448,2016-11-02,3627,21827,25454
1448,2016-11-03,3242,22757,25999
1448,2016-11-04,2672,22490,25162
1448,2016-11-05,1873,16148,18021
1448,2016-11-06,544,10802,11346
1448,2016-11-07,2485,20240,22725
1448,2016-11-08,2740,20162,22902
1448,2016-11-09,3096,20090,23186
1448,2016-11-10,3105,20970,24075
1448,2016-11-11,3145,22818,25963
1448,2016-11-12,1619,16654,18273
1448,2016-11-13,556,11080,11636
1448,2016-11-14,2901,19969,22870
1448,2016-11-15,3292,20403,23695
1448,2016-11-16,3822,19905,23727
1448,2016-11-17,3520,20697,24217
1448,2016-11-18,3155,20755,23910
1448,2016-11-19,1902,16265,18167
1448,2016-11-20,615,10253,10868
1448,2016-11-21,3239,19591,22830
1448,2016-11-22,3531,19822,23353
1448,2016-11-23,3556,20040,23596
1448,2016-11-24,3501,20619,24120
1448,2016-11-25,3133,21094,24227
1448,2016-11-26,1895,16388,18283
1448,2016-11-28,2560,20765,23325
1448,2016-11-29,2817,20785,23602
1448,2016-11-30,3202,21153,24355
1448,2016-12-01,2928,21380,24308
1448,2016-12-02,2951,21634,24585
1448,2016-12-03,1510,13757,15267
1448,2016-12-04,456,8949,9405
1448,2016-12-05,3045,20228,23273
1448,2016-12-06,3590,20589,24179
1448,2016-12-07,3715,20422,24137
1448,2016-12-08,3557,20918,24475
1448,2016-12-09,3106,21631,24737
1448,2016-12-10,2126,17545,19671
1448,2016-12-11,549,11329,11878
1448,2016-12-12,3098,19849,22947
1448,2016-12-13,3760,20547,24307
1448,2016-12-14,4122,20654,24776
1448,2016-12-15,3672,21249,24921
1448,2016-12-16,3221,22181,25402
1448,2016-12-17,2045,18482,20527
1448,2016-12-18,744,11903,12647
1448,2016-12-19,3206,19999,23205
1448,2016-12-20,3442,20268,23710
1448,2016-12-21,3196,20383,23579
1448,2016-12-22,2791,20837,23628
1448,2016-12-23,2003,20381,22384
1448,2016-12-24,725,10751,11476
1448,2016-12-25,316,8514,8830
1448,2016-12-26,448,10098,10546
1448,2016-12-27,1501,16823,18324
1448,2016-12-28,1673,16739,18412
1448,2016-12-29,1334,18484,19818
1448,2016-12-30,1519,17914,19433
1448,2016-12-31,810,11105,11915
1487,2016-01-01,33,10601,10634
1487,2016-01-02,110,13975,14085
1487,2016-01-03,71,12500,12571
1487,2016-01-04,598,20989,21587
1487,2016-01-05,701,22101,22802
1487,2016-01-06,798,22718,23516
1487,2016-01-07,805,23279,24084
1487,2016-01-08,770,24848,25618
1487,2016-01-09,165,17699,17864
1487,2016-01-10,91,13802,13893
1487,2016-01-11,970,23541,24511
1487,2016-01-12,989,24436,25425
1487,2016-01-13,968,24344,25312
1487,2016-01-14,978,24487,25465
1487,2016-01-15,700,21175,21875
1487,2016-01-16,216,17471,17687
1487,2016-01-17,82,14461,14543
1487,2016-01-18,923,23577,24500
1487,2016-01-19,1018,24551,25569
1487,2016-01-20,978,24778,25756
1487,2016-01-21,921,25334,26255
1487,2016-01-22,944,23592,24536
1487,2016-01-23,212,16979,17191
1487,2016-01-24,79,14208,14287
1487,2016-01-25,1012,24852,25864
1487,2016-01-26,990,25829,26819
1487,2016-01-27,1009,25969,26978
1487,2016-01-28,1035,25695,26730
1487,2016-01-29,1022,26714,27736
1487,2016-01-30,238,18944,19182
1487,2016-01-31,78,15086,15164
1487,2016-02-01,1062,24600,25662
1487,2016-02-02,1020,25653,26673
1487,2016-02-03,1114,25493,26607
1487,2016-02-04,1132,25668,26800
1487,2016-02-05,975,25426,26401
1487,2016-02-06,202,16742,16944
1487,2016-02-07,85,13596,13681
1487,2016-02-08,749,19478,20227
1487,2016-02-09,933,21850,22783
1487,2016-02-10,935,22835,23770
1487,2016-02-11,957,23387,24344
1487,2016-02-12,979,23951,24930
1487,2016-02-13,166,16965,17131
1487,2016-02-14,83,14233,14316
1487,2016-02-15,1005,24717,25722
1487,2016-02-16,1053,25291,26344
1487,2016-02-17,986,25745,26731
1487,2016-02-18,1072,26009,27081
1487,2016-02-19,1030,26621,27651
1487,2016-02-20,210,18829,19039
1487,2016-02-21,89,15297,15386
1487,2016-02-22,1088,24619,25707
1487,2016-02-23,1143,26032,27175
1487,2016-02-24,1116,26485,27601
1487,2016-02-25,1188,27064,28252
1487,2016-02-26,1140,27592,28732
1487,2016-02-27,225,20363,20588
1487,2016-02-28,87,15567,15654
1487,2016-02-29,1129,25910,27039
1487,2016-03-01,1173,26439,27612
1487,2016-03-02,1102,25884,26986
1487,2016-03-03,1124,25751,26875
1487,2016-03-04,1061,26649,27710
1487,2016-03-05,259,19424,19683
1487,2016-03-06,153,16292,16445
1487,2016-03-07,1088,23748,24836
1487,2016-03-08,1133,23470,24603
1487,2016-03-09,1240,24895,26135
1487,2016-03-10,1131,25696,26827
1487,2016-03-11,1128,27014,28142
1487,2016-03-12,213,20070,20283
1487,2016-03-13,87,17061,17148
1487,2016-03-14,1236,25356,26592
1487,2016-03-15,1293,25891,27184
1487,2016-03-16,1291,25846,27137
1487,2016-03-17,1291,26941,28232
1487,2016-03-18,1202,27093,28295
1487,2016-03-19,262,19538,19800
1487,2016-03-20,122,16932,17054
1487,2016-03-21,1185,25446,26631
1487,2016-03-22,1297,26531,27828
1487,2016-03-23,1273,26381,27654
1487,2016-03-24,1339,27320,28659
1487,2016-03-25,964,25329,26293
1487,2016-03-26,276,17954,18230
1487,2016-03-27,119,14906,15025
1487,2016-03-28,139,13036,13175
1487,2016-03-29,1395,23874,25269
1487,2016-03-30,1578,24732,26310
1487,2016-03-31,1600,25276,26876
1487,2016-05-06,855,22231,23086
1487,2016-05-07,337,19312,19649
1487,2016-05-08,280,17772,18052
1487,2016-05-09,1343,25881,27224
1487,2016-05-10,1341,26919,28260
1487,2016-05-11,1310,25973,27283
1487,2016-05-12,1424,27833,29257
1487,2016-05-13,1414,28504,29918
1487,2016-05-14,319,18457,18776
1487,2016-05-15,160,14831,14991
1487,2016-05-16,187,13626,13813
1487,2016-05-17,1437,25021,26458
1487,2016-05-18,1396,25820,27216
1487,2016-05-19,1346,25097,26443
1487,2016-05-20,1406,26617,28023
1487,2016-05-21,364,18837,19201
1487,2016-05-22,145,15282,15427
1487,2016-05-23,858,19277,20135
1487,2016-05-24,904,20406,21310
1487,2016-05-25,920,21018,21938
1487,2016-05-26,801,19666,20467
1487,2016-05-27,798,20282,21080
1487,2016-05-28,288,16069,16357
1487,2016-05-29,158,16185,16343
1487,2016-05-30,1228,23957,25185
1487,2016-05-31,1329,25284,26613
1487,2016-06-01,1232,25422,26654
1487,2016-06-02,1308,25319,26627
1487,2016-06-03,1403,27756,29159
1487,2016-06-04,344,19706,20050
1487,2016-06-05,188,16197,16385
1487,2016-06-06,1485,26898,28383
1487,2016-06-07,1446,27443,28889
1487,2016-06-08,1392,27574,28966
1487,2016-06-09,1365,28124,29489
1487,2016-06-10,1419,28670,30089
1487,2016-06-11,338,19790,20128
1487,2016-06-12,178,18953,19131
1487,2016-06-13,1459,26818,28277
1487,2016-06-14,1366,27654,29020
1487,2016-06-15,1491,27881,29372
1487,2016-06-16,1371,28538,29909
1487,2016-06-17,1464,29084,30548
1487,2016-06-18,396,19791,20187
1487,2016-06-19,196,16352,16548
1487,2016-06-20,1472,26719,28191
1487,2016-06-21,1421,27642,29063
1487,2016-06-22,1599,28131,29730
1487,2016-06-23,380,16367,16747
1487,2016-06-24,1258,22984,24242
1487,2016-06-25,299,17989,18288
1487,2016-06-26,206,16518,16724
1487,2016-06-27,1463,27049,28512
1487,2016-06-28,1530,27904,29434
1487,2016-06-29,1491,28099,29590
1487,2016-06-30,1467,29231,30698
1487,2016-07-01,1530,29424,30954
1487,2016-07-02,325,21039,21364
1487,2016-07-03,190,19311,19501
1487,2016-07-04,1600,27196,28796
1487,2016-07-05,1246,26225,27471
1487,2016-07-06,1420,27886,29306
1487,2016-07-07,1441,28304,29745
1487,2016-07-08,1407,28874,30281
1487,2016-07-09,393,19478,19871
1487,2016-07-10,222,17829,18051
1487,2016-07-11,1509,27902,29411
1487,2016-07-12,1477,28050,29527
1487,2016-07-13,1445,28584,30029
1487,2016-07-14,1471,28945,30416
1487,2016-07-15,1503,28795,30298
1487,2016-07-16,353,20096,20449
1487,2016-07-17,284,17742,18026
1487,2016-07-18,1548,26174,27722
1487,2016-07-19,1496,26547,28043
1487,2016-07-20,1376,26768,28144
1487,2016-07-21,1478,26432,27910
1487,2016-07-22,1384,27835,29219
1487,2016-07-23,458,20899,21357
1487,2016-07-24,222,17165,17387
1487,2016-07-25,1368,24690,26058
1487,2016-07-26,1308,25786,27094
1487,2016-07-27,1399,26272,27671
1487,2016-07-28,1478,26608,28086
1487,2016-07-29,1178,25960,27138
1487,2016-07-30,306,17685,17991
1487,2016-07-31,199,15325,15524
1487,2016-08-01,949,22082,23031
1487,2016-08-02,941,22621,23562
1487,2016-08-03,942,22903,23845
1487,2016-08-04,969,22638,23607
1487,2016-08-05,944,23101,24045
1487,2016-08-06,222,15859,16081
1487,2016-08-07,187,15792,15979
1487,2016-08-08,924,20693,21617
1487,2016-08-09,951,20974,21925
1487,2016-08-10,900,21661,22561
1487,2016-08-11,916,22035,22951
1487,2016-08-12,919,22005,22924
1487,2016-08-13,246,15380,15626
1487,2016-08-14,133,14116,14249
1487,2016-08-15,227,14028,14255
1487,2016-08-16,1019,21158,22177
1487,2016-08-17,1018,21189,22207
1487,2016-08-18,1040,22145,23185
1487,2016-08-19,1012,22606,23618
1487,2016-08-20,343,16625,16968
1487,2016-08-21,264,14723,14987
1487,2016-08-22,1413,24342,25755
1487,2016-08-23,1501,24909,26410
1487,2016-08-24,1447,25107,26554
1487,2016-08-25,1494,25620,27114
1487,2016-08-26,1466,25299,26765
1487,2016-08-27,456,18553,19009
1487,2016-08-28,291,16709,17000
1487,2016-08-29,1591,25258,26849
1487,2016-08-30,1592,26450,28042
1487,2016-08-31,1604,26683,28287
1487,2016-09-01,1549,27189,28738
1487,2016-09-02,1527,28063,29590
1487,2016-09-03,454,19483,19937
1487,2016-09-04,288,16058,16346
1487,2016-09-05,1525,26978,28503
1487,2016-09-06,1597,27853,29450
1487,2016-09-07,1573,29092,30665
1487,2016-09-08,1780,30107,31887
1487,2016-09-09,1707,29735,31442
1487,2016-09-10,435,20282,20717
1487,2016-09-11,290,16873,17163
1487,2016-09-12,1450,27608,29058
1487,2016-09-13,1470,28516,29986
1487,2016-09-14,1367,28591,29958
1487,2016-09-15,1323,28862,30185
1487,2016-09-16,1367,30002,31369
1487,2016-09-17,334,22129,22463
1487,2016-09-18,170,17936,18106
1487,2016-09-19,1336,28594,29930
1487,2016-09-20,1244,27485,28729
1487,2016-09-21,1411,28608,30019
1487,2016-09-22,1441,29555,30996
1487,2016-09-23,1506,31190,32696
1487,2016-09-24,457,23586,24043
1487,2016-09-25,275,20712,20987
1487,2016-09-26,1322,26775,28097
1487,2016-09-27,1434,27237,28671
1487,2016-09-28,1374,26711,28085
1487,2016-09-29,1430,28473,29903
1487,2016-09-30,1387,29034,30421
1487,2016-11-01,110,16008,16118
1487,2016-11-02,1364,27791,29155
1487,2016-11-03,1404,27310,28714
1487,2016-11-04,1312,28948,30260
1487,2016-11-05,286,18617,18903
1487,2016-11-06,116,15759,15875
1487,2016-11-07,1386,28055,29441
1487,2016-11-08,1317,28629,29946
1487,2016-11-09,1290,28361,29651
1487,2016-11-10,1320,29448,30768
1487,2016-11-11,1298,30403,31701
1487,2016-11-12,284,21544,21828
1487,2016-11-13,114,16357,16471
1487,2016-11-14,1354,28059,29413
1487,2016-11-15,1279,28264,29543
1487,2016-11-16,1303,28334,29637
1487,2016-11-17,1326,29320,30646
1487,2016-11-18,1262,29849,31111
1487,2016-11-19,298,21953,22251
1487,2016-11-20,128,18103,18231
1487,2016-11-21,1364,27627,28991
1487,2016-11-22,1271,28322,29593
1487,2016-11-23,1275,28359,29634
1487,2016-11-24,1262,29744,31006
1487,2016-11-25,1320,29699,31019
1487,2016-11-26,291,22958,23249
1487,2016-11-27,96,18061,18157
1487,2016-11-28,1335,27823,29158
1487,2016-11-29,1290,28457,29747
1487,2016-11-30,1303,28727,30030
1487,2016-12-01,1254,28998,30252
1487,2016-12-02,1275,30265,31540
1487,2016-12-03,279,21617,21896
1487,2016-12-04,123,17540,17663
1487,2016-12-05,1282,28211,29493
1487,2016-12-06,1319,28884,30203
1487,2016-12-07,1290,28707,29997
1487,2016-12-08,1286,29435,30721
1487,2016-12-09,1302,29999,31301
1487,2016-12-10,318,22056,22374
1487,2016-12-11,121,17122,17243
1487,2016-12-12,1222,27629,28851
1487,2016-12-13,1222,28760,29982
1487,2016-12-14,1328,28638,29966
1487,2016-12-15,1221,29141,30362
1487,2016-12-16,1286,30537,31823
1487,2016-12-17,313,22460,22773
1487,2016-12-18,85,17413,17498
1487,2016-12-19,1276,28000,29276
1487,2016-12-20,1279,29094,30373
1487,2016-12-21,1154,29435,30589
1487,2016-12-22,1052,29150,30202
1487,2016-12-23,744,27344,28088
1487,2016-12-24,128,15256,15384
1487,2016-12-25,37,14222,14259
1487,2016-12-26,70,13824,13894
1487,2016-12-27,523,19665,20188
1487,2016-12-28,521,20495,21016
1487,2016-12-29,472,20739,21211
1487,2016-12-30,464,20482,20946
1487,2016-12-31,112,13295,13407
5073,2016-01-01,NA,514,NA
5073,2016-01-02,9,628,637
5073,2016-01-03,NA,664,NA
5073,2016-01-04,16,1051,1067
5073,2016-01-05,14,1120,1134
5073,2016-01-06,20,999,1019
5073,2016-01-07,8,1112,1120
5073,2016-01-08,18,1191,1209
5073,2016-01-09,3,875,878
5073,2016-01-10,2,704,706
5073,2016-01-11,17,1074,1091
5073,2016-01-12,16,1225,1241
5073,2016-01-13,27,1142,1169
5073,2016-01-14,16,1047,1063
5073,2016-01-15,11,830,841
5073,2016-01-16,3,640,643
5073,2016-01-17,2,581,583
5073,2016-01-18,24,986,1010
5073,2016-01-19,12,1082,1094
5073,2016-01-20,27,996,1023
5073,2016-01-21,13,1032,1045
5073,2016-01-22,19,901,920
5073,2016-01-23,3,769,772
5073,2016-01-24,NA,616,NA
5073,2016-01-25,28,1165,1193
5073,2016-01-26,17,1212,1229
5073,2016-01-27,25,1203,1228
5073,2016-01-28,16,1289,1305
5073,2016-01-29,29,1306,1335
5073,2016-01-30,8,835,843
5073,2016-01-31,NA,683,NA
5073,2016-02-01,34,1156,1190
5073,2016-02-02,21,1208,1229
5073,2016-02-03,25,1143,1168
5073,2016-02-05,22,1231,1253
5073,2016-02-06,2,1031,1033
5073,2016-02-07,2,645,647
5073,2016-02-08,18,854,872
5073,2016-02-09,8,926,934
5073,2016-02-10,8,1031,1039
5073,2016-02-11,6,1103,1109
5073,2016-02-12,13,1208,1221
5073,2016-02-13,6,945,951
5073,2016-02-14,2,771,773
5073,2016-02-15,23,1177,1200
5073,2016-02-16,19,1377,1396
5073,2016-02-17,29,1272,1301
5073,2016-02-18,15,1267,1282
5073,2016-02-19,20,1247,1267
5073,2016-02-20,8,887,895
5073,2016-02-21,NA,726,NA
5073,2016-02-22,25,1153,1178
5073,2016-02-23,18,1213,1231
5073,2016-02-24,23,1259,1282
5073,2016-02-25,17,1370,1387
5073,2016-02-26,22,1275,1297
5073,2016-02-27,4,1185,1189
5073,2016-02-28,3,904,907
5073,2016-02-29,22,1254,1276
5073,2016-03-01,11,1225,1236
5073,2016-03-02,23,1236,1259
5073,2016-03-03,12,1131,1143
5073,2016-03-04,24,1249,1273
5073,2016-03-05,4,1018,1022
5073,2016-03-06,NA,786,NA
5073,2016-03-07,20,1288,1308
5073,2016-03-08,12,1499,1511
5073,2016-03-09,29,1491,1520
5073,2016-03-10,14,1473,1487
5073,2016-03-11,27,1442,1469
5073,2016-03-12,12,1248,1260
5073,2016-03-13,2,923,925
5073,2016-03-14,26,1326,1352
5073,2016-03-15,13,1328,1341
5073,2016-03-16,27,1307,1334
5073,2016-03-18,32,1558,1590
5073,2016-03-19,13,1110,1123
5073,2016-03-20,2,915,917
5073,2016-03-21,27,1354,1381
5073,2016-03-22,15,1479,1494
5073,2016-03-23,34,1376,1410
5073,2016-03-24,36,1405,1441
5073,2016-03-25,31,1280,1311
5073,2016-03-26,10,1224,1234
5073,2016-03-28,3,529,532
5073,2016-03-29,12,1202,1214
5073,2016-03-30,15,1158,1173
5073,2016-04-06,17,1856,1873
5073,2016-04-08,8,1597,1605
5073,2016-04-09,12,1528,1540
5073,2016-04-10,2,1238,1240
5073,2016-04-11,19,1384,1403
5073,2016-04-12,10,1498,1508
5073,2016-04-13,30,1384,1414
5073,2016-04-14,13,1639,1652
5073,2016-04-15,25,1404,1429
5073,2016-04-16,5,1234,1239
5073,2016-04-17,2,1089,1091
5073,2016-04-18,20,1530,1550
5073,2016-04-19,26,1636,1662
5073,2016-04-20,24,1697,1721
5073,2016-04-21,16,1862,1878
5073,2016-04-22,23,1577,1600
5073,2016-04-23,9,1139,1148
5073,2016-04-24,NA,831,NA
5073,2016-04-25,26,1292,1318
5073,2016-04-26,28,1621,1649
5073,2016-04-27,32,1355,1387
5073,2016-04-28,11,1548,1559
5073,2016-04-29,15,1465,1480
5073,2016-04-30,6,1138,1144
5073,2016-05-01,NA,1051,NA
5073,2016-05-02,19,1691,1710
5073,2016-05-03,19,1507,1526
5073,2016-05-04,32,1789,1821
5073,2016-05-05,2,1383,1385
5073,2016-05-06,24,1629,1653
5073,2016-05-07,23,1564,1587
5073,2016-05-08,3,1492,1495
5073,2016-05-09,24,1644,1668
5073,2016-05-10,24,1557,1581
5073,2016-05-11,25,1741,1766
5073,2016-05-12,38,1600,1638
5073,2016-05-13,54,1376,1430
5073,2016-05-14,8,1280,1288
5073,2016-05-15,2,891,893
5073,2016-05-16,44,833,877
5073,2016-05-17,28,1544,1572
5073,2016-05-18,33,1484,1517
5073,2016-05-20,14,1243,1257
5073,2016-05-21,28,1390,1418
5073,2016-05-22,4,886,890
5073,2016-05-23,43,1303,1346
5073,2016-05-24,24,1694,1718
5073,2016-05-25,33,1734,1767
5073,2016-05-26,13,1685,1698
5073,2016-05-27,30,1609,1639
5073,2016-05-28,3,1287,1290
5073,2016-05-29,NA,975,NA
5073,2016-05-30,16,1306,1322
5073,2016-05-31,17,1568,1585
5073,2016-06-01,23,1534,1557
5073,2016-06-02,8,1622,1630
5073,2016-06-03,17,1603,1620
5073,2016-06-04,6,1462,1468
5073,2016-06-05,2,1248,1250
5073,2016-06-06,23,1594,1617
5073,2016-06-07,11,1588,1599
5073,2016-06-08,24,1328,1352
5073,2016-06-09,16,1992,2008
5073,2016-06-10,17,1886,1903
5073,2016-06-11,7,1175,1182
5073,2016-06-12,4,1115,1119
5073,2016-06-13,22,1418,1440
5073,2016-06-14,14,1578,1592
5073,2016-06-15,21,1509,1530
5073,2016-06-16,20,1550,1570
5073,2016-06-17,28,1410,1438
5073,2016-06-18,9,1186,1195
5073,2016-06-19,4,1233,1237
5073,2016-06-20,22,1503,1525
5073,2016-06-21,17,1537,1554
5073,2016-06-22,43,1618,1661
5073,2016-06-23,4,1257,1261
5073,2016-06-24,25,1436,1461
5073,2016-06-25,14,986,1000
5073,2016-06-26,2,1196,1198
5073,2016-06-27,23,1387,1410
5073,2016-06-28,25,1771,1796
5073,2016-06-29,28,1834,1862
5073,2016-06-30,19,1589,1608
5073,2016-07-01,25,1531,1556
5073,2016-07-02,9,1202,1211
5073,2016-07-03,2,992,994
5073,2016-07-04,23,1521,1544
5073,2016-07-05,19,1718,1737
5073,2016-07-06,33,1695,1728
5073,2016-07-07,47,1998,2045
5073,2016-07-08,31,1787,1818
5073,2016-07-09,9,1734,1743
5073,2016-07-10,4,1302,1306
5073,2016-07-11,27,1724,1751
5073,2016-07-12,18,1645,1663
5073,2016-07-13,23,1420,1443
5073,2016-07-14,24,1310,1334
5073,2016-07-15,21,1630,1651
5073,2016-07-16,16,1339,1355
5073,2016-07-17,5,1556,1561
5073,2016-07-18,18,1690,1708
5073,2016-07-19,19,1815,1834
5073,2016-07-20,31,1668,1699
5073,2016-07-22,24,1406,1430
5073,2016-07-23,28,1010,1038
5073,2016-07-24,2,1512,1514
5073,2016-07-25,17,1642,1659
5073,2016-07-26,14,1469,1483
5073,2016-07-27,28,1766,1794
5073,2016-07-29,14,1311,1325
5073,2016-07-30,14,1160,1174
5073,2016-07-31,6,940,946
5073,2016-08-01,21,1149,1170
5073,2016-08-02,10,954,964
5073,2016-08-03,24,1062,1086
5073,2016-08-05,19,1054,1073
5073,2016-08-06,10,1002,1012
5073,2016-08-07,2,1028,1030
5073,2016-08-08,8,1064,1072
5073,2016-08-09,8,1014,1022
5073,2016-08-10,14,959,973
5073,2016-08-12,9,978,987
5073,2016-08-13,10,1058,1068
5073,2016-08-14,8,806,814
5073,2016-08-15,11,783,794
5073,2016-08-16,15,1069,1084
5073,2016-08-17,19,1050,1069
5073,2016-08-19,5,963,968
5073,2016-08-20,5,921,926
5073,2016-08-21,2,782,784
5073,2016-08-22,7,1125,1132
5073,2016-08-23,16,1328,1344
5073,2016-08-24,8,1250,1258
5073,2016-08-25,10,1296,1306
5073,2016-08-26,10,1209,1219
5073,2016-08-27,24,830,854
5073,2016-08-28,NA,840,NA
5073,2016-08-29,7,1121,1128
5073,2016-08-30,7,1243,1250
5073,2016-08-31,13,1274,1287
5073,2016-09-01,13,1351,1364
5073,2016-09-02,12,1277,1289
5073,2016-09-03,13,1023,1036
5073,2016-09-04,2,634,636
5073,2016-09-05,17,1318,1335
5073,2016-09-06,12,1518,1530
5073,2016-09-07,17,1616,1633
5073,2016-09-08,13,1769,1782
5073,2016-09-09,14,1712,1726
5073,2016-09-10,4,1134,1138
5073,2016-09-11,4,970,974
5073,2016-09-12,14,1438,1452
5073,2016-09-13,12,1561,1573
5073,2016-09-15,42,1538,1580
5073,2016-09-16,22,1576,1598
5073,2016-09-17,36,1012,1048
5073,2016-09-18,2,1060,1062
5073,2016-09-19,14,1583,1597
5073,2016-09-20,15,1675,1690
5073,2016-09-21,27,1712,1739
5073,2016-09-22,10,1828,1838
5073,2016-09-23,8,1526,1534
5073,2016-09-24,8,1259,1267
5073,2016-09-25,2,1226,1228
5073,2016-09-26,12,1604,1616
5073,2016-09-27,14,1696,1710
5073,2016-09-28,18,1797,1815
5073,2016-09-29,30,1681,1711
5073,2016-09-30,10,1734,1744
5073,2016-10-01,25,1147,1172
5073,2016-10-02,NA,931,NA
5073,2016-10-03,11,1546,1557
5073,2016-10-04,10,1933,1943
5073,2016-10-05,15,1792,1807
5073,2016-10-06,12,1705,1717
5073,2016-10-07,19,1537,1556
5073,2016-10-08,32,1144,1176
5073,2016-10-09,NA,1001,NA
5073,2016-10-10,16,1532,1548
5073,2016-10-11,13,1808,1821
5073,2016-10-12,21,1779,1800
5073,2016-10-14,15,1687,1702
5073,2016-10-15,2,1079,1081
5073,2016-10-16,2,1080,1082
5073,2016-10-17,18,1638,1656
5073,2016-10-18,15,1631,1646
5073,2016-10-19,25,1601,1626
5073,2016-10-20,8,1632,1640
5073,2016-10-21,22,1624,1646
5073,2016-10-22,4,1133,1137
5073,2016-10-23,2,969,971
5073,2016-10-24,15,1481,1496
5073,2016-10-25,17,1697,1714
5073,2016-10-26,19,1697,1716
5073,2016-10-27,17,1697,1714
5073,2016-10-28,27,1704,1731
5073,2016-10-29,6,1191,1197
5073,2016-10-30,NA,1004,NA
5073,2016-10-31,9,1243,1252
5073,2016-11-01,2,843,845
5073,2016-11-02,8,1342,1350
5073,2016-11-08,12,1630,1642
5073,2016-11-09,18,1498,1516
5073,2016-11-10,7,1622,1629
5073,2016-11-11,10,1578,1588
5073,2016-11-12,11,1016,1027
5073,2016-11-13,4,794,798
5073,2016-11-14,22,1537,1559
5073,2016-11-15,9,1485,1494
5073,2016-11-16,10,1592,1602
5073,2016-11-17,13,1536,1549
5073,2016-11-18,12,1597,1609
5073,2016-11-19,8,1257,1265
5073,2016-11-20,2,821,823
5073,2016-11-21,11,1429,1440
5073,2016-11-22,10,1548,1558
5073,2016-11-23,11,1480,1491
5073,2016-11-25,14,1537,1551
5073,2016-11-26,4,1026,1030
5073,2016-11-27,NA,866,NA
5073,2016-11-28,12,1380,1392
5073,2016-11-29,10,1476,1486
5073,2016-11-30,22,1458,1480
5073,2016-12-01,14,1455,1469
5073,2016-12-02,14,1424,1438
5073,2016-12-03,5,976,981
5073,2016-12-04,2,733,735
5073,2016-12-05,13,1346,1359
5073,2016-12-06,11,1448,1459
5073,2016-12-07,19,1381,1400
5073,2016-12-08,16,1434,1450
5073,2016-12-09,13,1457,1470
5073,2016-12-10,8,889,897
5073,2016-12-11,2,747,749
5073,2016-12-12,13,1384,1397
5073,2016-12-13,12,1453,1465
5073,2016-12-14,16,1424,1440
5073,2016-12-15,10,1460,1470
5073,2016-12-16,15,1415,1430
5073,2016-12-17,9,1055,1064
5073,2016-12-18,2,743,745
5073,2016-12-19,10,1317,1327
5073,2016-12-20,7,1404,1411
5073,2016-12-21,17,1405,1422
5073,2016-12-22,15,1352,1367
5073,2016-12-23,6,1390,1396
5073,2016-12-24,NA,866,NA
5073,2016-12-25,NA,522,NA
5073,2016-12-26,NA,464,NA
5073,2016-12-27,4,872,876
5073,2016-12-28,4,927,931
5073,2016-12-29,3,831,834
5073,2016-12-30,7,860,867
5073,2016-12-31,2,612,614
5074,2016-01-01,3,822,825
5074,2016-01-02,7,1150,1157
5074,2016-01-03,9,1019,1028
5074,2016-01-04,11,1701,1712
5074,2016-01-05,10,1688,1698
5074,2016-01-06,8,1821,1829
5074,2016-01-07,13,1907,1920
5074,2016-01-08,22,2036,2058
5074,2016-01-09,8,1472,1480
5074,2016-01-10,6,1197,1203
5074,2016-01-11,17,1908,1925
5074,2016-01-12,7,1974,1981
5074,2016-01-13,11,1897,1908
5074,2016-01-14,15,1788,1803
5074,2016-01-15,10,1430,1440
5074,2016-01-16,28,1198,1226
5074,2016-01-17,6,947,953
5074,2016-01-18,11,1816,1827
5074,2016-01-19,14,1829,1843
5074,2016-01-20,14,1813,1827
5074,2016-01-21,14,1855,1869
5074,2016-01-23,10,1348,1358
5074,2016-01-24,8,1045,1053
5074,2016-01-25,10,1865,1875
5074,2016-01-26,5,1967,1972
5074,2016-01-27,12,2021,2033
5074,2016-01-28,20,2000,2020
5074,2016-01-29,13,2149,2162
5074,2016-01-31,5,1081,1086
5074,2016-02-01,15,1929,1944
5074,2016-02-02,16,1784,1800
5074,2016-02-03,15,2018,2033
5074,2016-02-05,12,2093,2105
5074,2016-02-06,13,1549,1562
5074,2016-02-07,2,964,966
5074,2016-02-08,22,1416,1438
5074,2016-02-09,10,1586,1596
5074,2016-02-10,4,1671,1675
5074,2016-02-11,11,1723,1734
5074,2016-02-12,17,1891,1908
5074,2016-02-13,12,1424,1436
5074,2016-02-14,8,1277,1285
5074,2016-02-15,5,1950,1955
5074,2016-02-16,10,2050,2060
5074,2016-02-17,17,2093,2110
5074,2016-02-18,17,2094,2111
5074,2016-02-19,17,2043,2060
5074,2016-02-20,12,1541,1553
5074,2016-02-21,5,1189,1194
5074,2016-02-22,18,1870,1888
5074,2016-02-23,22,1936,1958
5074,2016-02-24,8,2120,2128
5074,2016-02-25,16,2148,2164
5074,2016-02-26,21,2172,2193
5074,2016-02-27,17,1795,1812
5074,2016-02-28,6,1412,1418
5074,2016-02-29,16,2106,2122
5074,2016-03-01,9,2085,2094
5074,2016-03-02,28,2098,2126
5074,2016-03-03,9,2008,2017
5074,2016-03-04,26,2079,2105
5074,2016-03-05,16,1700,1716
5074,2016-03-06,8,1281,1289
5074,2016-03-07,12,2000,2012
5074,2016-03-08,20,2252,2272
5074,2016-03-09,20,2155,2175
5074,2016-03-10,14,2187,2201
5074,2016-03-11,26,2210,2236
5074,2016-03-12,66,1829,1895
5074,2016-03-13,8,1335,1343
5074,2016-03-14,71,2077,2148
5074,2016-03-15,30,2080,2110
5074,2016-03-16,24,2113,2137
5074,2016-03-18,17,2327,2344
5074,2016-03-19,18,1765,1783
5074,2016-03-20,7,1376,1383
5074,2016-03-21,24,2131,2155
5074,2016-03-22,17,2130,2147
5074,2016-03-23,16,2143,2159
5074,2016-03-24,6,2255,2261
5074,2016-03-25,30,2068,2098
5074,2016-03-26,16,1735,1751
5074,2016-03-28,12,918,930
5074,2016-03-29,10,2001,2011
5074,2016-03-30,13,2050,2063
5074,2016-04-06,21,2484,2505
5074,2016-04-08,8,2343,2351
5074,2016-04-09,14,1986,2000
5074,2016-04-10,6,1555,1561
5074,2016-04-11,12,2406,2418
5074,2016-04-12,18,2464,2482
5074,2016-04-13,13,2383,2396
5074,2016-04-14,17,2577,2594
5074,2016-04-15,14,2495,2509
5074,2016-04-16,13,2015,2028
5074,2016-04-17,8,1447,1455
5074,2016-04-18,18,2412,2430
5074,2016-04-19,14,2667,2681
5074,2016-04-20,19,2585,2604
5074,2016-04-21,19,2554,2573
5074,2016-04-22,23,2403,2426
5074,2016-04-23,16,1856,1872
5074,2016-04-24,32,1316,1348
5074,2016-04-25,18,2082,2100
5074,2016-04-26,20,2502,2522
5074,2016-04-27,16,2206,2222
5074,2016-04-28,14,2544,2558
5074,2016-04-29,22,2418,2440
5074,2016-04-30,22,1972,1994
5074,2016-05-01,10,1376,1386
5074,2016-05-02,21,2402,2423
5074,2016-05-03,18,2216,2234
5074,2016-05-04,29,2737,2766
5074,2016-05-05,4,1449,1453
5074,2016-05-06,50,2219,2269
5074,2016-05-07,26,1892,1918
5074,2016-05-08,15,1595,1610
5074,2016-05-09,65,2363,2428
5074,2016-05-10,50,2404,2454
5074,2016-05-11,66,2589,2655
5074,2016-05-12,25,2493,2518
5074,2016-05-13,124,2260,2384
5074,2016-05-14,22,1884,1906
5074,2016-05-15,6,1196,1202
5074,2016-05-16,11,1028,1039
5074,2016-05-17,25,1987,2012
5074,2016-05-18,19,2007,2026
5074,2016-05-20,16,2056,2072
5074,2016-05-21,16,1925,1941
5074,2016-05-22,7,1339,1346
5074,2016-05-23,12,2193,2205
5074,2016-05-24,23,2511,2534
5074,2016-05-25,24,2563,2587
5074,2016-05-26,28,2318,2346
5074,2016-05-27,146,2316,2462
5074,2016-05-28,41,1945,1986
5074,2016-05-29,8,1360,1368
5074,2016-05-30,8,2152,2160
5074,2016-05-31,19,2524,2543
5074,2016-06-01,20,2180,2200
5074,2016-06-02,12,2204,2216
5074,2016-06-03,21,2400,2421
5074,2016-06-04,30,1964,1994
5074,2016-06-05,10,1515,1525
5074,2016-06-06,24,2354,2378
5074,2016-06-08,8,2238,2246
5074,2016-06-09,15,2627,2642
5074,2016-06-10,53,2523,2576
5074,2016-06-11,28,1784,1812
5074,2016-06-12,11,1463,1474
5074,2016-06-13,31,2214,2245
5074,2016-06-14,7,2365,2372
5074,2016-06-15,19,2293,2312
5074,2016-06-16,18,2192,2210
5074,2016-06-17,16,2034,2050
5074,2016-06-18,18,1778,1796
5074,2016-06-19,7,1414,1421
5074,2016-06-20,15,2189,2204
5074,2016-06-21,23,2317,2340
5074,2016-06-22,28,2319,2347
5074,2016-06-23,4,1382,1386
5074,2016-06-24,31,2010,2041
5074,2016-06-25,20,1428,1448
5074,2016-06-26,11,1532,1543
5074,2016-06-27,18,2201,2219
5074,2016-06-28,25,2413,2438
5074,2016-06-29,18,2426,2444
5074,2016-06-30,17,2322,2339
5074,2016-07-01,12,2275,2287
5074,2016-07-02,12,1817,1829
5074,2016-07-03,14,1350,1364
5074,2016-07-04,9,2165,2174
5074,2016-07-05,15,2368,2383
5074,2016-07-06,36,2391,2427
5074,2016-07-07,30,2587,2617
5074,2016-07-08,21,2456,2477
5074,2016-07-09,55,2036,2091
5074,2016-07-10,5,1495,1500
5074,2016-07-11,55,2479,2534
5074,2016-07-12,21,2412,2433
5074,2016-07-13,22,2146,2168
5074,2016-07-14,32,2146,2178
5074,2016-07-15,31,2390,2421
5074,2016-07-16,18,1789,1807
5074,2016-07-17,9,1617,1626
5074,2016-07-18,16,2312,2328
5074,2016-07-19,20,2300,2320
5074,2016-07-20,28,2300,2328
5074,2016-07-22,28,2064,2092
5074,2016-07-23,8,1498,1506
5074,2016-07-24,5,1440,1445
5074,2016-07-25,22,2099,2121
5074,2016-07-26,8,1878,1886
5074,2016-07-27,71,2191,2262
5074,2016-07-29,21,1901,1922
5074,2016-07-30,35,1555,1590
5074,2016-07-31,14,1173,1187
5074,2016-08-01,48,1705,1753
5074,2016-08-02,11,1596,1607
5074,2016-08-03,12,1645,1657
5074,2016-08-05,17,1566,1583
5074,2016-08-06,44,1419,1463
5074,2016-08-07,9,1253,1262
5074,2016-08-08,9,1421,1430
5074,2016-08-09,21,1482,1503
5074,2016-08-10,122,1388,1510
5074,2016-08-12,13,1541,1554
5074,2016-08-13,22,1525,1547
5074,2016-08-14,11,1125,1136
5074,2016-08-15,13,1046,1059
5074,2016-08-16,36,1560,1596
5074,2016-08-17,39,1540,1579
5074,2016-08-19,41,1572,1613
5074,2016-08-20,45,1394,1439
5074,2016-08-21,8,1124,1132
5074,2016-08-22,14,1683,1697
5074,2016-08-23,22,1882,1904
5074,2016-08-24,12,1811,1823
5074,2016-08-25,9,1921,1930
5074,2016-08-26,27,1837,1864
5074,2016-08-27,22,1395,1417
5074,2016-08-28,12,1121,1133
5074,2016-08-29,16,1769,1785
5074,2016-08-30,27,1987,2014
5074,2016-08-31,21,1941,1962
5074,2016-09-01,16,2118,2134
5074,2016-09-02,13,2141,2154
5074,2016-09-03,10,1600,1610
5074,2016-09-04,12,1058,1070
5074,2016-09-05,17,2135,2152
5074,2016-09-06,5,2606,2611
5074,2016-09-07,13,2494,2507
5074,2016-09-08,9,2632,2641
5074,2016-09-09,30,2695,2725
5074,2016-09-10,14,2007,2021
5074,2016-09-11,8,1564,1572
5074,2016-09-12,10,2393,2403
5074,2016-09-13,14,2648,2662
5074,2016-09-14,26,2670,2696
5074,2016-09-15,16,2500,2516
5074,2016-09-16,30,2868,2898
5074,2016-09-17,16,1938,1954
5074,2016-09-18,8,1554,1562
5074,2016-09-19,12,2694,2706
5074,2016-09-20,14,2948,2962
5074,2016-09-21,22,2879,2901
5074,2016-09-22,15,2859,2874
5074,2016-09-23,33,2851,2884
5074,2016-09-24,19,2151,2170
5074,2016-09-25,9,1879,1888
5074,2016-09-26,46,2630,2676
5074,2016-09-27,48,2905,2953
5074,2016-09-28,118,2889,3007
5074,2016-09-29,7,2882,2889
5074,2016-09-30,35,2841,2876
5074,2016-10-01,12,2052,2064
5074,2016-10-02,2,1398,1400
5074,2016-10-03,22,2698,2720
5074,2016-10-04,25,3070,3095
5074,2016-10-05,19,2874,2893
5074,2016-10-06,21,3001,3022
5074,2016-10-07,22,2779,2801
5074,2016-10-08,18,1960,1978
5074,2016-10-09,8,1642,1650
5074,2016-10-10,90,2670,2760
5074,2016-10-11,18,3068,3086
5074,2016-10-12,78,2885,2963
5074,2016-10-14,25,2867,2892
5074,2016-10-15,17,1846,1863
5074,2016-10-16,10,1575,1585
5074,2016-10-17,15,2715,2730
5074,2016-10-18,15,2842,2857
5074,2016-10-19,26,2739,2765
5074,2016-10-20,20,2592,2612
5074,2016-10-21,16,2859,2875
5074,2016-10-22,11,1979,1990
5074,2016-10-23,7,1556,1563
5074,2016-10-24,14,2416,2430
5074,2016-10-25,15,2864,2879
5074,2016-10-26,27,2800,2827
5074,2016-10-27,21,2860,2881
5074,2016-10-28,43,2905,2948
5074,2016-10-29,21,2040,2061
5074,2016-10-30,6,1387,1393
5074,2016-10-31,18,1962,1980
5074,2016-11-01,4,1267,1271
5074,2016-11-02,7,2209,2216
5074,2016-11-08,11,2747,2758
5074,2016-11-09,17,2490,2507
5074,2016-11-10,12,2406,2418
5074,2016-11-11,19,2765,2784
5074,2016-11-12,17,1898,1915
5074,2016-11-13,5,1278,1283
5074,2016-11-14,24,2528,2552
5074,2016-11-15,15,2721,2736
5074,2016-11-16,14,2698,2712
5074,2016-11-17,15,2692,2707
5074,2016-11-18,35,2870,2905
5074,2016-11-19,14,2047,2061
5074,2016-11-20,6,1393,1399
5074,2016-11-21,18,2332,2350
5074,2016-11-22,12,2408,2420
5074,2016-11-23,21,2575,2596
5074,2016-11-24,18,2683,2701
5074,2016-11-25,19,2603,2622
5074,2016-11-26,15,1718,1733
5074,2016-11-27,6,1411,1417
5074,2016-11-29,7,2565,2572
5074,2016-11-30,15,2464,2479
5074,2016-12-01,8,2434,2442
5074,2016-12-02,22,2451,2473
5074,2016-12-03,11,1656,1667
5074,2016-12-04,6,1134,1140
5074,2016-12-05,11,2257,2268
5074,2016-12-06,13,2375,2388
5074,2016-12-07,14,2263,2277
5074,2016-12-08,11,2427,2438
5074,2016-12-09,11,2350,2361
5074,2016-12-10,18,1684,1702
5074,2016-12-11,6,1248,1254
5074,2016-12-12,15,2269,2284
5074,2016-12-13,12,2367,2379
5074,2016-12-14,10,2301,2311
5074,2016-12-15,10,2527,2537
5074,2016-12-16,20,2374,2394
5074,2016-12-17,10,1674,1684
5074,2016-12-18,6,1187,1193
5074,2016-12-19,15,2162,2177
5074,2016-12-20,12,2275,2287
5074,2016-12-21,18,2331,2349
5074,2016-12-22,6,2246,2252
5074,2016-12-23,17,2186,2203
5074,2016-12-24,11,1432,1443
5074,2016-12-25,NA,946,NA
5074,2016-12-26,4,798,802
5074,2016-12-27,5,1404,1409
5074,2016-12-28,3,1407,1410
5074,2016-12-29,8,1364,1372
5074,2016-12-30,5,1468,1473
5074,2016-12-31,10,1058,1068
5075,2016-01-01,101,1129,1230
5075,2016-01-02,149,1796,1945
5075,2016-01-03,89,1422,1511
5075,2016-01-04,212,2697,2909
5075,2016-01-05,226,2943,3169
5075,2016-01-06,216,2796,3012
5075,2016-01-07,205,3031,3236
5075,2016-01-08,254,3076,3330
5075,2016-01-09,153,2221,2374
5075,2016-01-10,89,1537,1626
5075,2016-01-11,217,2726,2943
5075,2016-01-12,236,2968,3204
5075,2016-01-13,224,2908,3132
5075,2016-01-14,208,2877,3085
5075,2016-01-15,209,2874,3083
5075,2016-01-16,149,2270,2419
5075,2016-01-17,91,1626,1717
5075,2016-01-18,251,2882,3133
5075,2016-01-19,247,2904,3151
5075,2016-01-20,231,2793,3024
5075,2016-01-21,215,3024,3239
5075,2016-01-22,222,2870,3092
5075,2016-01-23,151,2501,2652
5075,2016-01-24,89,1637,1726
5075,2016-01-25,216,2789,3005
5075,2016-01-26,227,3145,3372
5075,2016-01-27,263,2927,3190
5075,2016-01-28,244,3060,3304
5075,2016-01-29,250,3334,3584
5075,2016-01-30,154,2443,2597
5075,2016-01-31,93,1648,1741
5075,2016-02-01,214,2865,3079
5075,2016-02-02,230,3032,3262
5075,2016-02-03,223,3103,3326
5075,2016-02-05,265,3218,3483
5075,2016-02-06,153,2157,2310
5075,2016-02-07,87,1336,1423
5075,2016-02-08,168,1970,2138
5075,2016-02-09,177,2434,2611
5075,2016-02-10,164,2522,2686
5075,2016-02-11,185,2608,2793
5075,2016-02-12,183,2697,2880
5075,2016-02-13,153,2159,2312
5075,2016-02-14,88,1765,1853
5075,2016-02-15,232,2887,3119
5075,2016-02-16,241,3294,3535
5075,2016-02-17,231,3381,3612
5075,2016-02-18,219,3258,3477
5075,2016-02-19,236,3194,3430
5075,2016-02-20,152,2311,2463
5075,2016-02-21,88,1658,1746
5075,2016-02-22,242,2975,3217
5075,2016-02-23,226,3192,3418
5075,2016-02-24,236,3058,3294
5075,2016-02-25,226,3507,3733
5075,2016-02-26,285,3413,3698
5075,2016-02-27,163,2925,3088
5075,2016-02-28,89,1926,2015
5075,2016-02-29,236,3049,3285
5075,2016-03-01,259,3255,3514
5075,2016-03-02,234,3126,3360
5075,2016-03-03,194,3279,3473
5075,2016-03-04,236,3297,3533
5075,2016-03-05,156,2560,2716
5075,2016-03-06,86,1660,1746
5075,2016-03-07,234,2925,3159
5075,2016-03-08,245,3241,3486
5075,2016-03-09,225,3144,3369
5075,2016-03-10,222,3426,3648
5075,2016-03-11,272,3327,3599
5075,2016-03-12,228,2663,2891
5075,2016-03-13,102,1875,1977
5075,2016-03-14,274,2985,3259
5075,2016-03-15,266,3354,3620
5075,2016-03-16,237,3252,3489
5075,2016-03-18,272,3675,3947
5075,2016-03-19,145,2768,2913
5075,2016-03-20,90,2048,2138
5075,2016-03-21,227,3150,3377
5075,2016-03-22,250,3435,3685
5075,2016-03-23,241,3566,3807
5075,2016-03-24,237,3577,3814
5075,2016-03-25,244,3623,3867
5075,2016-03-26,149,2656,2805
5075,2016-03-28,104,1074,1178
5075,2016-03-29,183,2528,2711
5075,2016-03-30,189,2395,2584
5075,2016-04-06,187,3202,3389
5075,2016-04-08,198,3415,3613
5075,2016-04-09,164,2737,2901
5075,2016-04-10,96,2352,2448
5075,2016-04-11,235,3655,3890
5075,2016-04-12,271,4014,4285
5075,2016-04-13,249,3687,3936
5075,2016-04-14,221,4201,4422
5075,2016-04-15,313,3686,3999
5075,2016-04-16,161,3009,3170
5075,2016-04-17,94,1856,1950
5075,2016-04-18,250,3852,4102
5075,2016-04-19,278,3921,4199
5075,2016-04-20,265,4236,4501
5075,2016-04-21,231,4078,4309
5075,2016-04-22,305,3650,3955
5075,2016-04-23,153,2971,3124
5075,2016-04-24,91,1678,1769
5075,2016-04-25,241,3145,3386
5075,2016-04-26,237,3640,3877
5075,2016-04-27,250,3363,3613
5075,2016-04-28,220,3674,3894
5075,2016-04-29,268,3558,3826
5075,2016-04-30,179,2786,2965
5075,2016-05-01,101,2071,2172
5075,2016-05-02,244,3429,3673
5075,2016-05-03,261,3593,3854
5075,2016-05-04,252,4059,4311
5075,2016-05-05,107,2188,2295
5075,2016-05-06,277,3680,3957
5075,2016-05-07,174,3045,3219
5075,2016-05-08,103,2433,2536
5075,2016-05-09,250,3567,3817
5075,2016-05-10,297,3579,3876
5075,2016-05-11,294,3768,4062
5075,2016-05-12,224,3817,4041
5075,2016-05-13,328,3636,3964
5075,2016-05-14,155,2613,2768
5075,2016-05-15,98,1545,1643
5075,2016-05-16,88,1329,1417
5075,2016-05-17,227,2974,3201
5075,2016-05-18,194,2866,3060
5075,2016-05-20,258,3057,3315
5075,2016-05-21,170,2911,3081
5075,2016-05-22,95,2009,2104
5075,2016-05-23,231,3394,3625
5075,2016-05-24,275,3747,4022
5075,2016-05-25,260,3702,3962
5075,2016-05-26,248,3878,4126
5075,2016-05-27,298,3494,3792
5075,2016-05-28,155,2986,3141
5075,2016-05-29,96,1830,1926
5075,2016-05-30,236,3278,3514
5075,2016-05-31,272,3575,3847
5075,2016-06-01,232,3546,3778
5075,2016-06-02,232,3798,4030
5075,2016-06-03,266,3554,3820
5075,2016-06-04,204,3212,3416
5075,2016-06-05,92,2109,2201
5075,2016-06-06,239,3332,3571
5075,2016-06-07,318,3416,3734
5075,2016-06-08,236,3512,3748
5075,2016-06-09,247,4080,4327
5075,2016-06-10,289,3917,4206
5075,2016-06-11,168,2774,2942
5075,2016-06-12,98,2058,2156
5075,2016-06-13,232,3378,3610
5075,2016-06-14,264,3457,3721
5075,2016-06-15,253,3261,3514
5075,2016-06-16,214,3452,3666
5075,2016-06-17,306,3354,3660
5075,2016-06-18,156,2702,2858
5075,2016-06-19,91,1894,1985
5075,2016-06-20,227,3236,3463
5075,2016-06-21,310,3373,3683
5075,2016-06-22,280,3766,4046
5075,2016-06-23,109,1943,2052
5075,2016-06-24,253,3217,3470
5075,2016-06-25,154,2022,2176
5075,2016-06-26,103,2342,2445
5075,2016-06-27,255,3353,3608
5075,2016-06-28,244,3353,3597
5075,2016-06-29,277,3726,4003
5075,2016-06-30,224,3470,3694
5075,2016-07-01,235,3641,3876
5075,2016-07-02,153,3064,3217
5075,2016-07-03,95,2063,2158
5075,2016-07-04,240,3256,3496
5075,2016-07-05,326,3594,3920
5075,2016-07-06,337,3686,4023
5075,2016-07-07,315,3929,4244
5075,2016-07-08,294,3766,4060
5075,2016-07-09,190,3380,3570
5075,2016-07-10,167,2127,2294
5075,2016-07-11,277,3621,3898
5075,2016-07-12,244,3664,3908
5075,2016-07-13,228,3517,3745
5075,2016-07-14,202,3548,3750
5075,2016-07-15,229,3650,3879
5075,2016-07-16,157,2713,2870
5075,2016-07-17,100,2312,2412
5075,2016-07-18,212,3101,3313
5075,2016-07-19,208,3432,3640
5075,2016-07-20,210,3229,3439
5075,2016-07-22,206,3245,3451
5075,2016-07-23,160,2310,2470
5075,2016-07-24,96,2097,2193
5075,2016-07-25,184,2881,3065
5075,2016-07-26,186,2754,2940
5075,2016-07-27,182,2946,3128
5075,2016-07-29,184,2813,2997
5075,2016-07-30,179,2405,2584
5075,2016-07-31,89,1688,1777
5075,2016-08-01,185,2373,2558
5075,2016-08-02,180,2245,2425
5075,2016-08-03,169,2269,2438
5075,2016-08-05,182,2476,2658
5075,2016-08-06,185,2179,2364
5075,2016-08-07,92,1855,1947
5075,2016-08-08,169,2139,2308
5075,2016-08-09,169,2383,2552
5075,2016-08-10,198,2160,2358
5075,2016-08-12,180,2414,2594
5075,2016-08-13,177,2351,2528
5075,2016-08-14,101,1640,1741
5075,2016-08-15,110,1509,1619
5075,2016-08-16,188,2321,2509
5075,2016-08-17,183,2326,2509
5075,2016-08-19,177,2204,2381
5075,2016-08-20,164,1862,2026
5075,2016-08-21,102,1377,1479
5075,2016-08-22,180,2230,2410
5075,2016-08-23,187,2690,2877
5075,2016-08-24,187,2469,2656
5075,2016-08-25,357,2566,2923
5075,2016-08-26,201,2572,2773
5075,2016-08-27,167,1938,2105
5075,2016-08-28,105,1742,1847
5075,2016-08-29,208,2273,2481
5075,2016-08-30,195,2614,2809
5075,2016-08-31,191,2528,2719
5075,2016-09-01,180,2560,2740
5075,2016-09-02,185,2537,2722
5075,2016-09-03,160,2127,2287
5075,2016-09-04,114,1144,1258
5075,2016-09-05,183,2290,2473
5075,2016-09-06,187,2828,3015
5075,2016-09-07,170,2554,2724
5075,2016-09-08,180,2638,2818
5075,2016-09-09,192,2775,2967
5075,2016-09-10,158,2214,2372
5075,2016-09-11,95,1848,1943
5075,2016-09-12,209,2551,2760
5075,2016-09-13,191,2907,3098
5075,2016-09-14,205,2795,3000
5075,2016-09-15,229,2950,3179
5075,2016-09-16,237,2684,2921
5075,2016-09-17,156,2322,2478
5075,2016-09-18,96,1995,2091
5075,2016-09-19,246,2589,2835
5075,2016-09-20,242,2894,3136
5075,2016-09-21,243,2928,3171
5075,2016-09-22,232,3305,3537
5075,2016-09-23,266,2902,3168
5075,2016-09-24,164,2779,2943
5075,2016-09-25,96,2379,2475
5075,2016-09-26,290,2664,2954
5075,2016-09-27,235,3105,3340
5075,2016-09-28,284,2975,3259
5075,2016-09-29,229,3181,3410
5075,2016-09-30,264,2936,3200
5075,2016-10-01,148,2578,2726
5075,2016-10-02,83,1850,1933
5075,2016-10-03,251,2638,2889
5075,2016-10-04,248,3206,3454
5075,2016-10-05,258,2892,3150
5075,2016-10-06,234,3229,3463
5075,2016-10-07,250,2941,3191
5075,2016-10-08,160,2326,2486
5075,2016-10-09,92,2003,2095
5075,2016-10-10,313,2790,3103
5075,2016-10-11,248,3127,3375
5075,2016-10-12,234,2796,3030
5075,2016-10-14,253,3102,3355
5075,2016-10-15,162,2497,2659
5075,2016-10-16,90,1902,1992
5075,2016-10-17,240,2617,2857
5075,2016-10-18,238,3024,3262
5075,2016-10-19,272,2798,3070
5075,2016-10-20,256,2927,3183
5075,2016-10-21,265,3107,3372
5075,2016-10-22,152,2478,2630
5075,2016-10-23,89,1752,1841
5075,2016-10-24,292,2536,2828
5075,2016-10-25,260,3106,3366
5075,2016-10-26,266,2804,3070
5075,2016-10-27,362,3055,3417
5075,2016-10-28,279,3169,3448
5075,2016-10-29,164,2686,2850
5075,2016-10-30,91,1867,1958
5075,2016-10-31,197,2383,2580
5075,2016-11-01,87,1743,1830
5075,2016-11-02,203,2260,2463
5075,2016-11-04,207,2281,2488
5075,2016-11-05,155,1913,2068
5075,2016-11-06,93,1560,1653
5075,2016-11-07,238,2430,2668
5075,2016-11-08,247,2823,3070
5075,2016-11-09,242,2486,2728
5075,2016-11-10,244,2768,3012
5075,2016-11-11,255,2705,2960
5075,2016-11-12,162,2272,2434
5075,2016-11-13,94,1504,1598
5075,2016-11-14,251,2556,2807
5075,2016-11-15,245,2665,2910
5075,2016-11-16,238,2558,2796
5075,2016-11-17,236,2704,2940
5075,2016-11-18,262,2767,3029
5075,2016-11-19,149,2408,2557
5075,2016-11-20,89,1965,2054
5075,2016-11-21,237,2574,2811
5075,2016-11-22,254,2950,3204
5075,2016-11-23,254,2656,2910
5075,2016-11-25,246,2922,3168
5075,2016-11-26,146,2430,2576
5075,2016-11-27,88,1747,1835
5075,2016-11-28,249,2682,2931
5075,2016-11-29,235,2815,3050
5075,2016-11-30,252,2774,3026
5075,2016-12-01,245,2875,3120
5075,2016-12-02,260,3019,3279
5075,2016-12-03,153,2473,2626
5075,2016-12-04,89,1701,1790
5075,2016-12-05,243,2647,2890
5075,2016-12-06,214,2715,2929
5075,2016-12-07,256,2782,3038
5075,2016-12-08,228,2836,3064
5075,2016-12-09,238,3006,3244
5075,2016-12-10,149,2443,2592
5075,2016-12-11,90,1442,1532
5075,2016-12-12,245,2785,3030
5075,2016-12-13,239,2923,3162
5075,2016-12-14,230,2902,3132
5075,2016-12-15,220,3014,3234
5075,2016-12-16,241,2866,3107
5075,2016-12-17,158,2284,2442
5075,2016-12-18,89,1549,1638
5075,2016-12-19,239,2724,2963
5075,2016-12-20,243,3013,3256
5075,2016-12-21,235,3015,3250
5075,2016-12-22,209,2990,3199
5075,2016-12-23,228,3038,3266
5075,2016-12-24,122,2116,2238
5075,2016-12-25,72,1281,1353
5075,2016-12-26,88,1078,1166
5075,2016-12-27,187,1842,2029
5075,2016-12-28,175,1828,2003
5075,2016-12-29,184,1956,2140
5075,2016-12-30,192,2017,2209
5075,2016-12-31,147,1652,1799
5076,2016-01-01,48,1974,2022
5076,2016-01-02,99,2721,2820
5076,2016-01-03,52,2466,2518
5076,2016-01-04,156,4034,4190
5076,2016-01-05,174,4145,4319
5076,2016-01-06,163,4198,4361
5076,2016-01-07,184,4315,4499
5076,2016-01-08,201,4673,4874
5076,2016-01-09,104,3502,3606
5076,2016-01-10,52,2616,2668
5076,2016-01-11,177,4319,4496
5076,2016-01-12,193,4719,4912
5076,2016-01-13,213,4517,4730
5076,2016-01-14,183,4386,4569
5076,2016-01-15,130,4045,4175
5076,2016-01-16,103,3767,3870
5076,2016-01-17,50,2778,2828
5076,2016-01-18,213,4475,4688
5076,2016-01-19,221,4334,4555
5076,2016-01-20,202,4529,4731
5076,2016-01-21,213,4465,4678
5076,2016-01-22,213,4178,4391
5076,2016-01-23,102,3758,3860
5076,2016-01-24,50,2838,2888
5076,2016-01-25,197,4297,4494
5076,2016-01-26,218,4624,4842
5076,2016-01-27,212,4652,4864
5076,2016-01-28,216,4601,4817
5076,2016-01-29,184,4954,5138
5076,2016-01-30,100,3927,4027
5076,2016-01-31,52,2732,2784
5076,2016-02-01,213,4279,4492
5076,2016-02-02,177,4415,4592
5076,2016-02-03,210,4464,4674
5076,2016-02-05,211,4673,4884
5076,2016-02-06,105,3595,3700
5076,2016-02-07,53,2504,2557
5076,2016-02-08,156,3460,3616
5076,2016-02-09,123,3081,3204
5076,2016-02-10,170,3454,3624
5076,2016-02-11,173,3521,3694
5076,2016-02-12,156,3820,3976
5076,2016-02-13,103,3185,3288
5076,2016-02-14,55,2807,2862
5076,2016-02-15,186,4016,4202
5076,2016-02-16,220,4551,4771
5076,2016-02-17,234,4502,4736
5076,2016-02-18,209,4595,4804
5076,2016-02-19,202,4876,5078
5076,2016-02-20,97,3633,3730
5076,2016-02-21,45,2688,2733
5076,2016-02-22,188,4300,4488
5076,2016-02-23,193,4454,4647
5076,2016-02-24,204,4581,4785
5076,2016-02-25,217,4863,5080
5076,2016-02-26,235,4997,5232
5076,2016-02-27,110,4343,4453
5076,2016-02-28,54,3002,3056
5076,2016-02-29,224,4751,4975
5076,2016-03-01,229,4610,4839
5076,2016-03-02,202,4562,4764
5076,2016-03-03,196,4685,4881
5076,2016-03-04,196,4786,4982
5076,2016-03-05,101,4013,4114
5076,2016-03-06,50,2857,2907
5076,2016-03-07,201,4519,4720
5076,2016-03-08,252,4759,5011
5076,2016-03-09,232,4654,4886
5076,2016-03-10,246,4815,5061
5076,2016-03-11,249,4998,5247
5076,2016-03-12,141,4070,4211
5076,2016-03-13,50,2834,2884
5076,2016-03-14,215,4530,4745
5076,2016-03-15,244,4763,5007
5076,2016-03-16,240,4694,4934
5076,2016-03-18,222,5271,5493
5076,2016-03-19,106,4064,4170
5076,2016-03-20,51,3141,3192
5076,2016-03-21,212,4550,4762
5076,2016-03-22,219,4695,4914
5076,2016-03-23,243,4859,5102
5076,2016-03-24,212,4964,5176
5076,2016-03-25,208,5101,5309
5076,2016-03-26,108,3507,3615
5076,2016-03-28,58,2010,2068
5076,2016-03-29,168,4074,4242
5076,2016-03-30,169,4067,4236
5076,2016-04-06,201,4993,5194
5076,2016-04-08,233,5377,5610
5076,2016-04-09,113,4222,4335
5076,2016-04-10,51,3293,3344
5076,2016-04-11,212,5112,5324
5076,2016-04-12,242,5462,5704
5076,2016-04-13,251,5136,5387
5076,2016-04-14,231,5751,5982
5076,2016-04-15,254,5529,5783
5076,2016-04-16,104,4285,4389
5076,2016-04-17,55,3246,3301
5076,2016-04-18,241,5217,5458
5076,2016-04-19,268,5489,5757
5076,2016-04-20,238,5761,5999
5076,2016-04-21,272,5536,5808
5076,2016-04-22,239,5565,5804
5076,2016-04-23,103,4432,4535
5076,2016-04-24,56,3099,3155
5076,2016-04-25,218,4779,4997
5076,2016-04-26,244,5355,5599
5076,2016-04-27,251,5103,5354
5076,2016-04-28,238,5466,5704
5076,2016-04-29,238,5402,5640
5076,2016-04-30,113,4205,4318
5076,2016-05-01,55,3162,3217
5076,2016-05-02,208,4866,5074
5076,2016-05-03,220,5165,5385
5076,2016-05-04,251,5816,6067
5076,2016-05-05,57,2728,2785
5076,2016-05-06,171,4796,4967
5076,2016-05-07,118,4170,4288
5076,2016-05-08,50,3323,3373
5076,2016-05-09,240,4900,5140
5076,2016-05-10,217,5065,5282
5076,2016-05-11,242,5139,5381
5076,2016-05-12,238,5429,5667
5076,2016-05-13,268,5196,5464
5076,2016-05-14,110,3943,4053
5076,2016-05-15,55,2538,2593
5076,2016-05-16,55,2259,2314
5076,2016-05-17,217,4384,4601
5076,2016-05-18,214,4185,4399
5076,2016-05-20,200,4650,4850
5076,2016-05-21,109,3952,4061
5076,2016-05-22,55,2839,2894
5076,2016-05-23,240,4961,5201
5076,2016-05-24,221,5124,5345
5076,2016-05-25,220,5167,5387
5076,2016-05-26,238,5199,5437
5076,2016-05-27,284,5430,5714
5076,2016-05-28,110,4271,4381
5076,2016-05-29,52,3142,3194
5076,2016-05-30,182,4340,4522
5076,2016-05-31,209,5069,5278
5076,2016-06-01,241,4855,5096
5076,2016-06-02,227,5102,5329
5076,2016-06-03,194,5271,5465
5076,2016-06-04,118,4312,4430
5076,2016-06-05,49,3296,3345
5076,2016-06-06,205,4994,5199
5076,2016-06-07,246,5012,5258
5076,2016-06-08,225,5025,5250
5076,2016-06-09,196,5420,5616
5076,2016-06-10,221,5419,5640
5076,2016-06-11,116,3945,4061
5076,2016-06-12,52,3091,3143
5076,2016-06-13,198,4790,4988
5076,2016-06-14,208,5134,5342
5076,2016-06-15,207,4848,5055
5076,2016-06-16,214,5174,5388
5076,2016-06-17,220,5248,5468
5076,2016-06-18,106,4093,4199
5076,2016-06-19,53,3180,3233
5076,2016-06-20,218,4751,4969
5076,2016-06-21,247,4943,5190
5076,2016-06-22,241,4997,5238
5076,2016-06-23,84,2627,2711
5076,2016-06-24,193,4618,4811
5076,2016-06-25,122,3650,3772
5076,2016-06-26,52,3313,3365
5076,2016-06-27,227,4835,5062
5076,2016-06-28,206,6288,6494
5076,2016-06-29,233,5248,5481
5076,2016-06-30,230,5208,5438
5076,2016-07-01,235,5421,5656
5076,2016-07-02,115,4254,4369
5076,2016-07-03,54,3052,3106
5076,2016-07-04,178,4613,4791
5076,2016-07-05,187,5075,5262
5076,2016-07-06,213,5097,5310
5076,2016-07-07,196,5208,5404
5076,2016-07-08,213,5307,5520
5076,2016-07-09,127,4018,4145
5076,2016-07-10,58,3165,3223
5076,2016-07-11,212,4995,5207
5076,2016-07-12,193,5235,5428
5076,2016-07-13,223,4910,5133
5076,2016-07-14,211,5017,5228
5076,2016-07-15,201,5281,5482
5076,2016-07-16,110,3753,3863
5076,2016-07-17,52,2972,3024
5076,2016-07-18,201,4373,4574
5076,2016-07-19,189,4808,4997
5076,2016-07-20,186,4481,4667
5076,2016-07-22,163,4699,4862
5076,2016-07-23,98,3309,3407
5076,2016-07-24,43,2635,2678
5076,2016-07-25,178,4140,4318
5076,2016-07-26,163,4189,4352
5076,2016-07-27,193,4374,4567
5076,2016-07-29,160,4139,4299
5076,2016-07-30,108,3130,3238
5076,2016-07-31,43,2445,2488
5076,2016-08-01,150,3511,3661
5076,2016-08-02,123,3290,3413
5076,2016-08-03,123,3475,3598
5076,2016-08-05,138,3698,3836
5076,2016-08-06,89,2851,2940
5076,2016-08-07,48,2258,2306
5076,2016-08-08,124,3188,3312
5076,2016-08-09,142,3300,3442
5076,2016-08-10,167,3264,3431
5076,2016-08-12,131,3359,3490
5076,2016-08-13,89,2717,2806
5076,2016-08-14,46,2132,2178
5076,2016-08-15,49,1844,1893
5076,2016-08-16,144,3846,3990
5076,2016-08-17,136,3258,3394
5076,2016-08-19,149,3483,3632
5076,2016-08-20,116,2800,2916
5076,2016-08-21,55,2211,2266
5076,2016-08-22,157,3494,3651
5076,2016-08-23,161,3877,4038
5076,2016-08-24,157,3706,3863
5076,2016-08-25,163,3963,4126
5076,2016-08-26,156,4008,4164
5076,2016-08-27,95,3103,3198
5076,2016-08-28,46,2578,2624
5076,2016-08-29,171,3956,4127
5076,2016-08-30,150,4152,4302
5076,2016-08-31,170,4030,4200
5076,2016-09-01,172,4018,4190
5076,2016-09-02,166,4510,4676
5076,2016-09-03,108,3260,3368
5076,2016-09-04,49,2487,2536
5076,2016-09-05,181,4217,4398
5076,2016-09-06,191,5011,5202
5076,2016-09-07,184,4689,4873
5076,2016-09-08,187,4644,4831
5076,2016-09-09,187,4767,4954
5076,2016-09-10,97,3696,3793
5076,2016-09-11,49,2931,2980
5076,2016-09-12,205,4557,4762
5076,2016-09-13,195,4926,5121
5076,2016-09-14,193,6059,6252
5076,2016-09-15,200,5056,5256
5076,2016-09-16,213,5516,5729
5076,2016-09-17,101,4114,4215
5076,2016-09-18,53,3227,3280
5076,2016-09-19,221,4847,5068
5076,2016-09-20,220,5177,5397
5076,2016-09-21,231,4892,5123
5076,2016-09-22,225,5262,5487
5076,2016-09-23,211,5237,5448
5076,2016-09-24,114,4891,5005
5076,2016-09-25,57,4257,4314
5076,2016-09-26,255,4853,5108
5076,2016-09-27,216,5225,5441
5076,2016-09-28,235,4955,5190
5076,2016-09-29,200,5151,5351
5076,2016-09-30,226,5325,5551
5076,2016-10-01,102,4356,4458
5076,2016-10-02,47,3813,3860
5076,2016-10-03,215,4805,5020
5076,2016-10-04,215,5301,5516
5076,2016-10-05,246,5096,5342
5076,2016-10-06,237,5381,5618
5076,2016-10-07,207,5356,5563
5076,2016-10-08,111,4576,4687
5076,2016-10-09,49,4119,4168
5076,2016-10-10,267,4828,5095
5076,2016-10-11,255,5328,5583
5076,2016-10-12,265,5175,5440
5076,2016-10-14,229,5541,5770
5076,2016-10-15,122,4277,4399
5076,2016-10-16,60,3244,3304
5076,2016-10-17,231,4993,5224
5076,2016-10-18,212,5217,5429
5076,2016-10-19,215,4860,5075
5076,2016-10-20,211,5079,5290
5076,2016-10-21,216,5538,5754
5076,2016-10-22,107,4347,4454
5076,2016-10-23,54,3271,3325
5076,2016-10-24,192,4595,4787
5076,2016-10-25,230,5205,5435
5076,2016-10-26,237,5362,5599
5076,2016-10-27,238,5773,6011
5076,2016-10-28,235,6145,6380
5076,2016-10-29,103,4387,4490
5076,2016-10-30,51,3381,3432
5076,2016-10-31,144,4525,4669
5076,2016-11-01,53,2856,2909
5076,2016-11-02,189,4872,5061
5076,2016-11-04,188,5066,5254
5076,2016-11-05,107,3690,3797
5076,2016-11-06,51,2942,2993
5076,2016-11-07,190,4991,5181
5076,2016-11-08,219,5329,5548
5076,2016-11-09,182,4693,4875
5076,2016-11-10,204,5231,5435
5076,2016-11-11,193,5415,5608
5076,2016-11-12,111,4276,4387
5076,2016-11-13,57,2919,2976
5076,2016-11-14,194,4949,5143
5076,2016-11-15,192,4735,4927
5076,2016-11-16,186,4780,4966
5076,2016-11-17,186,4976,5162
5076,2016-11-18,177,4919,5096
5076,2016-11-19,108,4586,4694
5076,2016-11-20,47,2957,3004
5076,2016-11-21,151,4080,4231
5076,2016-11-22,192,4883,5075
5076,2016-11-23,203,4870,5073
5076,2016-11-25,232,5355,5587
5076,2016-11-26,125,4226,4351
5076,2016-11-27,52,2968,3020
5076,2016-11-28,239,4813,5052
5076,2016-11-29,218,5109,5327
5076,2016-11-30,233,4941,5174
5076,2016-12-01,216,5024,5240
5076,2016-12-02,221,5115,5336
5076,2016-12-03,110,4282,4392
5076,2016-12-04,54,3231,3285
5076,2016-12-05,229,4939,5168
5076,2016-12-06,220,5168,5388
5076,2016-12-07,236,4902,5138
5076,2016-12-08,215,5162,5377
5076,2016-12-09,233,5337,5570
5076,2016-12-10,115,4171,4286
5076,2016-12-11,46,2950,2996
5076,2016-12-12,237,4757,4994
5076,2016-12-13,185,4856,5041
5076,2016-12-14,206,4943,5149
5076,2016-12-15,206,5163,5369
5076,2016-12-16,225,5360,5585
5076,2016-12-17,125,4111,4236
5076,2016-12-18,48,2989,3037
5076,2016-12-19,224,4819,5043
5076,2016-12-20,209,5095,5304
5076,2016-12-21,229,5092,5321
5076,2016-12-22,149,4689,4838
5076,2016-12-23,187,5046,5233
5076,2016-12-24,85,3249,3334
5076,2016-12-25,50,1926,1976
5076,2016-12-26,52,1834,1886
5076,2016-12-27,127,3296,3423
5076,2016-12-28,128,3360,3488
5076,2016-12-29,137,4000,4137
5076,2016-12-30,125,3573,3698
5076,2016-12-31,97,3003,3100
5077,2016-01-01,6,1743,1749
5077,2016-01-02,8,2575,2583
5077,2016-01-03,4,2138,2142
5077,2016-01-04,14,4182,4196
5077,2016-01-05,73,4493,4566
5077,2016-01-06,26,4345,4371
5077,2016-01-07,42,4622,4664
5077,2016-01-08,48,4789,4837
5077,2016-01-09,6,3211,3217
5077,2016-01-10,4,2392,2396
5077,2016-01-11,22,4820,4842
5077,2016-01-12,40,5256,5296
5077,2016-01-13,36,4874,4910
5077,2016-01-14,24,4468,4492
5077,2016-01-15,34,3517,3551
5077,2016-01-16,17,2698,2715
5077,2016-01-17,4,2292,2296
5077,2016-01-18,32,4264,4296
5077,2016-01-19,32,4601,4633
5077,2016-01-20,32,4499,4531
5077,2016-01-21,34,4725,4759
5077,2016-01-22,44,4154,4198
5077,2016-01-24,2,2587,2589
5077,2016-01-25,40,4634,4674
5077,2016-01-26,25,5049,5074
5077,2016-01-27,37,4948,4985
5077,2016-01-28,28,5276,5304
5077,2016-01-29,46,5315,5361
5077,2016-01-30,2,3272,3274
5077,2016-01-31,28,2714,2742
5077,2016-02-01,32,4637,4669
5077,2016-02-02,18,5394,5412
5077,2016-02-03,30,5204,5234
5077,2016-02-05,45,5146,5191
5077,2016-02-06,22,3241,3263
5077,2016-02-07,2,2126,2128
5077,2016-02-08,6,3276,3282
5077,2016-02-09,22,3796,3818
5077,2016-02-10,24,4158,4182
5077,2016-02-11,30,4378,4408
5077,2016-02-12,35,4474,4509
5077,2016-02-13,12,2976,2988
5077,2016-02-14,2,2606,2608
5077,2016-02-15,36,4659,4695
5077,2016-02-16,44,5096,5140
5077,2016-02-17,36,5019,5055
5077,2016-02-18,32,5354,5386
5077,2016-02-19,40,5014,5054
5077,2016-02-20,8,3300,3308
5077,2016-02-21,3,2694,2697
5077,2016-02-22,38,4930,4968
5077,2016-02-23,30,5226,5256
5077,2016-02-24,38,5044,5082
5077,2016-02-25,39,5286,5325
5077,2016-02-26,40,5383,5423
5077,2016-02-27,9,3994,4003
5077,2016-02-28,8,3036,3044
5077,2016-02-29,47,5065,5112
5077,2016-03-01,60,5070,5130
5077,2016-03-02,42,5108,5150
5077,2016-03-03,58,5038,5096
5077,2016-03-04,28,4814,4842
5077,2016-03-05,21,3833,3854
5077,2016-03-06,13,2687,2700
5077,2016-03-07,36,4860,4896
5077,2016-03-08,42,5651,5693
5077,2016-03-09,38,5113,5151
5077,2016-03-10,44,5584,5628
5077,2016-03-11,37,5335,5372
5077,2016-03-12,14,4107,4121
5077,2016-03-13,10,3159,3169
5077,2016-03-14,68,4857,4925
5077,2016-03-15,37,5446,5483
5077,2016-03-16,53,5323,5376
5077,2016-03-18,50,5348,5398
5077,2016-03-19,12,3769,3781
5077,2016-03-20,4,2899,2903
5077,2016-03-21,35,4920,4955
5077,2016-03-22,38,5246,5284
5077,2016-03-23,44,5299,5343
5077,2016-03-24,48,5331,5379
5077,2016-03-25,50,5048,5098
5077,2016-03-26,11,3379,3390
5077,2016-03-28,4,1840,1844
5077,2016-03-29,49,4641,4690
5077,2016-03-30,30,4670,4700
5077,2016-04-06,34,5128,5162
5077,2016-04-08,51,5543,5594
5077,2016-04-09,19,4539,4558
5077,2016-04-10,5,3459,3464
5077,2016-04-11,50,5192,5242
5077,2016-04-12,52,5638,5690
5077,2016-04-13,48,5289,5337
5077,2016-04-14,61,5999,6060
5077,2016-04-15,30,5922,5952
5077,2016-04-16,49,4632,4681
5077,2016-04-17,10,3313,3323
5077,2016-04-18,49,5321,5370
5077,2016-04-19,62,5633,5695
5077,2016-04-20,49,5631,5680
5077,2016-04-21,48,5826,5874
5077,2016-04-22,48,5763,5811
5077,2016-04-23,39,4034,4073
5077,2016-04-24,24,2910,2934
5077,2016-04-25,50,5212,5262
5077,2016-04-26,54,5970,6024
5077,2016-04-27,38,5480,5518
5077,2016-04-28,45,5636,5681
5077,2016-04-29,53,5898,5951
5077,2016-04-30,31,4076,4107
5077,2016-05-01,75,3111,3186
5077,2016-05-02,47,5300,5347
5077,2016-05-03,38,5932,5970
5077,2016-05-04,59,6148,6207
5077,2016-05-05,8,3298,3306
5077,2016-05-06,28,4949,4977
5077,2016-05-07,23,4115,4138
5077,2016-05-08,14,3550,3564
5077,2016-05-09,39,5381,5420
5077,2016-05-10,36,6076,6112
5077,2016-05-11,44,5725,5769
5077,2016-05-12,61,5972,6033
5077,2016-05-13,48,6250,6298
5077,2016-05-14,14,3729,3743
5077,2016-05-15,9,2745,2754
5077,2016-05-16,3,2429,2432
5077,2016-05-17,45,4932,4977
5077,2016-05-18,54,5050,5104
5077,2016-05-20,53,5201,5254
5077,2016-05-21,15,3756,3771
5077,2016-05-22,10,2912,2922
5077,2016-05-23,59,5425,5484
5077,2016-05-24,65,5844,5909
5077,2016-05-25,44,5765,5809
5077,2016-05-26,50,6094,6144
5077,2016-05-27,52,6326,6378
5077,2016-05-28,33,4574,4607
5077,2016-05-29,10,3026,3036
5077,2016-05-30,22,5526,5548
5077,2016-05-31,45,6185,6230
5077,2016-06-01,40,5954,5994
5077,2016-06-02,30,5976,6006
5077,2016-06-03,56,6130,6186
5077,2016-06-04,12,3946,3958
5077,2016-06-05,13,3471,3484
5077,2016-06-06,53,5597,5650
5077,2016-06-07,48,6094,6142
5077,2016-06-08,49,5769,5818
5077,2016-06-09,59,6254,6313
5077,2016-06-10,59,6327,6386
5077,2016-06-11,16,3896,3912
5077,2016-06-12,8,3132,3140
5077,2016-06-13,40,5356,5396
5077,2016-06-14,18,6172,6190
5077,2016-06-15,42,5666,5708
5077,2016-06-16,60,5904,5964
5077,2016-06-17,38,5844,5882
5077,2016-06-18,28,3972,4000
5077,2016-06-19,12,3325,3337
5077,2016-06-20,46,5984,6030
5077,2016-06-21,58,5840,5898
5077,2016-06-22,62,6016,6078
5077,2016-06-23,11,3257,3268
5077,2016-06-24,46,5112,5158
5077,2016-06-25,18,3044,3062
5077,2016-06-26,6,3198,3204
5077,2016-06-27,44,5476,5520
5077,2016-06-28,69,6060,6129
5077,2016-06-29,41,5944,5985
5077,2016-06-30,39,6125,6164
5077,2016-07-01,55,6394,6449
5077,2016-07-02,26,3901,3927
5077,2016-07-03,13,3640,3653
5077,2016-07-04,36,5528,5564
5077,2016-07-05,59,5796,5855
5077,2016-07-06,63,5733,5796
5077,2016-07-07,59,6012,6071
5077,2016-07-08,70,5931,6001
5077,2016-07-09,44,4096,4140
5077,2016-07-10,25,3505,3530
5077,2016-07-11,60,5521,5581
5077,2016-07-12,63,6178,6241
5077,2016-07-13,54,5798,5852
5077,2016-07-14,66,6086,6152
5077,2016-07-15,58,6015,6073
5077,2016-07-16,18,4061,4079
5077,2016-07-17,17,3355,3372
5077,2016-07-18,59,5390,5449
5077,2016-07-19,61,5597,5658
5077,2016-07-20,52,5419,5471
5077,2016-07-22,57,5508,5565
5077,2016-07-23,22,3392,3414
5077,2016-07-24,10,3075,3085
5077,2016-07-25,49,4892,4941
5077,2016-07-26,36,4930,4966
5077,2016-07-27,50,5272,5322
5077,2016-07-29,39,5020,5059
5077,2016-07-30,19,3435,3454
5077,2016-07-31,12,2781,2793
5077,2016-08-01,40,4316,4356
5077,2016-08-02,28,4278,4306
5077,2016-08-03,26,4248,4274
5077,2016-08-05,37,4380,4417
5077,2016-08-06,14,3139,3153
5077,2016-08-07,8,2806,2814
5077,2016-08-08,27,3955,3982
5077,2016-08-09,26,4146,4172
5077,2016-08-10,32,4259,4291
5077,2016-08-12,32,4199,4231
5077,2016-08-13,19,3216,3235
5077,2016-08-14,8,2690,2698
5077,2016-08-15,7,2758,2765
5077,2016-08-16,34,4273,4307
5077,2016-08-17,39,4543,4582
5077,2016-08-19,33,4247,4280
5077,2016-08-20,8,2937,2945
5077,2016-08-21,17,2477,2494
5077,2016-08-22,32,4486,4518
5077,2016-08-23,25,4856,4881
5077,2016-08-24,29,4898,4927
5077,2016-08-25,25,5056,5081
5077,2016-08-26,39,4885,4924
5077,2016-08-27,23,3136,3159
5077,2016-08-28,24,2788,2812
5077,2016-08-29,51,4692,4743
5077,2016-08-30,56,4882,4938
5077,2016-08-31,48,5010,5058
5077,2016-09-01,50,5080,5130
5077,2016-09-02,35,5448,5483
5077,2016-09-03,13,3445,3458
5077,2016-09-04,4,2472,2476
5077,2016-09-05,35,4789,4824
5077,2016-09-06,49,5282,5331
5077,2016-09-07,44,5457,5501
5077,2016-09-08,52,5907,5959
5077,2016-09-09,49,5754,5803
5077,2016-09-10,13,3899,3912
5077,2016-09-11,7,3136,3143
5077,2016-09-12,42,5590,5632
5077,2016-09-13,56,5731,5787
5077,2016-09-14,60,5896,5956
5077,2016-09-15,53,5689,5742
5077,2016-09-16,59,5868,5927
5077,2016-09-17,30,4189,4219
5077,2016-09-18,11,3154,3165
5077,2016-09-19,36,5418,5454
5077,2016-09-20,61,5906,5967
5077,2016-09-21,43,6084,6127
5077,2016-09-22,50,6049,6099
5077,2016-09-23,47,6012,6059
5077,2016-09-24,31,4921,4952
5077,2016-09-25,35,3929,3964
5077,2016-09-26,46,5863,5909
5077,2016-09-27,54,6522,6576
5077,2016-09-28,54,6264,6318
5077,2016-09-29,47,6444,6491
5077,2016-09-30,79,6109,6188
5077,2016-10-01,4,4094,4098
5077,2016-10-02,8,3522,3530
5077,2016-10-03,44,5723,5767
5077,2016-10-04,57,6646,6703
5077,2016-10-05,51,6383,6434
5077,2016-10-06,46,6913,6959
5077,2016-10-07,53,6299,6352
5077,2016-10-08,28,3980,4008
5077,2016-10-09,10,3191,3201
5077,2016-10-10,45,5843,5888
5077,2016-10-11,63,6602,6665
5077,2016-10-12,56,6026,6082
5077,2016-10-14,61,6210,6271
5077,2016-10-15,16,4167,4183
5077,2016-10-16,9,3396,3405
5077,2016-10-17,48,5814,5862
5077,2016-10-18,40,6342,6382
5077,2016-10-19,40,6074,6114
5077,2016-10-20,46,6128,6174
5077,2016-10-21,49,6330,6379
5077,2016-10-22,12,4206,4218
5077,2016-10-23,8,3202,3210
5077,2016-10-24,58,5347,5405
5077,2016-10-25,59,6080,6139
5077,2016-10-26,48,6033,6081
5077,2016-10-27,60,6316,6376
5077,2016-10-28,49,6076,6125
5077,2016-10-29,13,4289,4302
5077,2016-10-30,8,3172,3180
5077,2016-10-31,32,4440,4472
5077,2016-11-01,8,2761,2769
5077,2016-11-02,38,5269,5307
5077,2016-11-04,50,5254,5304
5077,2016-11-05,15,3621,3636
5077,2016-11-06,10,2770,2780
5077,2016-11-07,54,5296,5350
5077,2016-11-08,50,5964,6014
5077,2016-11-09,20,5832,5852
5077,2016-11-10,40,6162,6202
5077,2016-11-11,58,6022,6080
5077,2016-11-12,14,4491,4505
5077,2016-11-13,7,3109,3116
5077,2016-11-14,45,5501,5546
5077,2016-11-15,42,6134,6176
5077,2016-11-16,46,5879,5925
5077,2016-11-17,61,5869,5930
5077,2016-11-18,16,6154,6170
5077,2016-11-19,35,4778,4813
5077,2016-11-20,NA,3536,NA
5077,2016-11-21,16,5672,5688
5077,2016-11-22,49,6068,6117
5077,2016-11-23,56,5793,5849
5077,2016-11-25,66,6215,6281
5077,2016-11-26,18,4112,4130
5077,2016-11-27,7,2808,2815
5077,2016-11-28,42,5403,5445
5077,2016-11-29,51,5951,6002
5077,2016-11-30,61,5717,5778
5077,2016-12-01,44,5803,5847
5077,2016-12-02,45,5811,5856
5077,2016-12-03,13,4023,4036
5077,2016-12-04,5,2897,2902
5077,2016-12-05,38,5427,5465
5077,2016-12-06,44,5431,5475
5077,2016-12-07,39,5706,5745
5077,2016-12-08,50,6065,6115
5077,2016-12-09,58,5831,5889
5077,2016-12-10,15,3901,3916
5077,2016-12-11,7,2737,2744
5077,2016-12-12,44,5263,5307
5077,2016-12-13,64,5879,5943
5077,2016-12-14,43,5767,5810
5077,2016-12-15,54,5841,5895
5077,2016-12-16,48,5975,6023
5077,2016-12-17,9,3870,3879
5077,2016-12-18,9,2851,2860
5077,2016-12-19,50,5218,5268
5077,2016-12-20,58,5684,5742
5077,2016-12-21,53,5448,5501
5077,2016-12-22,58,5333,5391
5077,2016-12-23,31,5208,5239
5077,2016-12-24,18,2783,2801
5077,2016-12-25,2,2095,2097
5077,2016-12-26,10,1895,1905
5077,2016-12-27,15,3358,3373
5077,2016-12-28,5,3482,3487
5077,2016-12-29,10,3552,3562
5077,2016-12-30,24,3404,3428
5077,2016-12-31,2,2291,2293
5079,2016-01-01,12,789,801
5079,2016-01-02,48,1093,1141
5079,2016-01-03,16,925,941
5079,2016-01-04,80,1628,1708
5079,2016-01-05,61,1767,1828
5079,2016-01-06,88,1877,1965
5079,2016-01-07,99,1815,1914
5079,2016-01-08,137,1925,2062
5079,2016-01-09,53,1369,1422
5079,2016-01-10,13,984,997
5079,2016-01-11,96,1843,1939
5079,2016-01-12,100,2019,2119
5079,2016-01-13,157,1957,2114
5079,2016-01-14,165,1920,2085
5079,2016-01-15,128,1866,1994
5079,2016-01-16,61,1428,1489
5079,2016-01-17,12,1066,1078
5079,2016-01-18,133,1784,1917
5079,2016-01-19,115,1908,2023
5079,2016-01-20,158,1879,2037
5079,2016-01-21,122,1985,2107
5079,2016-01-22,131,1808,1939
5079,2016-01-23,54,1375,1429
5079,2016-01-24,19,1167,1186
5079,2016-01-25,134,1998,2132
5079,2016-01-26,137,1971,2108
5079,2016-01-27,163,1911,2074
5079,2016-01-28,151,2222,2373
5079,2016-01-29,163,2097,2260
5079,2016-01-30,57,1461,1518
5079,2016-01-31,16,1230,1246
5079,2016-02-01,151,1882,2033
5079,2016-02-02,153,2084,2237
5079,2016-02-03,193,2042,2235
5079,2016-02-05,137,1995,2132
5079,2016-02-06,82,1370,1452
5079,2016-02-07,10,923,933
5079,2016-02-08,70,1340,1410
5079,2016-02-09,106,1506,1612
5079,2016-02-10,133,1521,1654
5079,2016-02-11,148,1774,1922
5079,2016-02-12,154,1654,1808
5079,2016-02-13,49,1324,1373
5079,2016-02-14,19,1068,1087
5079,2016-02-15,165,1865,2030
5079,2016-02-16,176,1983,2159
5079,2016-02-17,174,1970,2144
5079,2016-02-18,120,1860,1980
5079,2016-02-19,148,1989,2137
5079,2016-02-20,58,1539,1597
5079,2016-02-21,17,1136,1153
5079,2016-02-22,144,1930,2074
5079,2016-02-23,175,2056,2231
5079,2016-02-24,174,1995,2169
5079,2016-02-25,192,1975,2167
5079,2016-02-26,137,1978,2115
5079,2016-02-27,91,1661,1752
5079,2016-02-28,27,1244,1271
5079,2016-02-29,132,1955,2087
5079,2016-03-01,169,1987,2156
5079,2016-03-02,179,2055,2234
5079,2016-03-03,136,2056,2192
5079,2016-03-04,113,1900,2013
5079,2016-03-05,69,1576,1645
5079,2016-03-06,19,1110,1129
5079,2016-03-07,159,1982,2141
5079,2016-03-08,191,2619,2810
5079,2016-03-09,184,2037,2221
5079,2016-03-10,164,2165,2329
5079,2016-03-11,184,2116,2300
5079,2016-03-12,79,1635,1714
5079,2016-03-13,23,1234,1257
5079,2016-03-14,169,1960,2129
5079,2016-03-15,179,2033,2212
5079,2016-03-16,133,2080,2213
5079,2016-03-18,186,2155,2341
5079,2016-03-19,93,1655,1748
5079,2016-03-20,24,1310,1334
5079,2016-03-21,187,2002,2189
5079,2016-03-22,182,2158,2340
5079,2016-03-23,171,2084,2255
5079,2016-03-24,141,2048,2189
5079,2016-03-25,133,2083,2216
5079,2016-03-26,84,1495,1579
5079,2016-03-28,12,772,784
5079,2016-03-29,150,1832,1982
5079,2016-03-30,110,1736,1846
5079,2016-04-06,140,1811,1951
5079,2016-04-08,168,1989,2157
5079,2016-04-09,121,1918,2039
5079,2016-04-10,24,1409,1433
5079,2016-04-11,162,2007,2169
5079,2016-04-12,178,2135,2313
5079,2016-04-13,148,1761,1909
5079,2016-04-14,204,2246,2450
5079,2016-04-15,184,2157,2341
5079,2016-04-16,102,1802,1904
5079,2016-04-17,24,1266,1290
5079,2016-04-18,165,2047,2212
5079,2016-04-19,164,2168,2332
5079,2016-04-20,154,2231,2385
5079,2016-04-21,203,2213,2416
5079,2016-04-22,166,2210,2376
5079,2016-04-23,92,1618,1710
5079,2016-04-24,20,1208,1228
5079,2016-04-25,118,1847,1965
5079,2016-04-26,222,2088,2310
5079,2016-04-27,216,2226,2442
5079,2016-04-28,189,2222,2411
5079,2016-04-29,193,2216,2409
5079,2016-04-30,88,1717,1805
5079,2016-05-01,10,1301,1311
5079,2016-05-02,178,2077,2255
5079,2016-05-03,177,2335,2512
5079,2016-05-04,187,2279,2466
5079,2016-05-05,37,1462,1499
5079,2016-05-06,144,2213,2357
5079,2016-05-07,104,1772,1876
5079,2016-05-08,48,1491,1539
5079,2016-05-09,163,2255,2418
5079,2016-05-10,160,2174,2334
5079,2016-05-11,186,2318,2504
5079,2016-05-12,213,2427,2640
5079,2016-05-13,204,2244,2448
5079,2016-05-14,106,1625,1731
5079,2016-05-15,22,1100,1122
5079,2016-05-16,20,966,986
5079,2016-05-17,198,1771,1969
5079,2016-05-18,196,1830,2026
5079,2016-05-20,146,1990,2136
5079,2016-05-21,90,1608,1698
5079,2016-05-22,47,1094,1141
5079,2016-05-23,181,2495,2676
5079,2016-05-24,194,2664,2858
5079,2016-05-25,168,2421,2589
5079,2016-05-26,206,2560,2766
5079,2016-05-27,225,2729,2954
5079,2016-05-28,95,1908,2003
5079,2016-05-29,35,1187,1222
5079,2016-05-30,84,1974,2058
5079,2016-05-31,179,2836,3015
5079,2016-06-01,146,2110,2256
5079,2016-06-02,180,2895,3075
5079,2016-06-03,170,2214,2384
5079,2016-06-04,82,1794,1876
5079,2016-06-05,24,1329,1353
5079,2016-06-06,149,2047,2196
5079,2016-06-07,160,2128,2288
5079,2016-06-08,164,2062,2226
5079,2016-06-09,137,2450,2587
5079,2016-06-10,185,2372,2557
5079,2016-06-11,110,1782,1892
5079,2016-06-12,22,1429,1451
5079,2016-06-13,114,1986,2100
5079,2016-06-14,147,2123,2270
5079,2016-06-15,140,2075,2215
5079,2016-06-16,140,2030,2170
5079,2016-06-17,164,2204,2368
5079,2016-06-18,92,1450,1542
5079,2016-06-19,32,1418,1450
5079,2016-06-20,159,1968,2127
5079,2016-06-21,192,2156,2348
5079,2016-06-22,171,2199,2370
5079,2016-06-23,33,1244,1277
5079,2016-06-24,131,1908,2039
5079,2016-06-25,46,1602,1648
5079,2016-06-26,31,1401,1432
5079,2016-06-27,173,2089,2262
5079,2016-06-28,180,2046,2226
5079,2016-06-29,172,2277,2449
5079,2016-06-30,171,2244,2415
5079,2016-07-01,180,2384,2564
5079,2016-07-02,149,1805,1954
5079,2016-07-03,37,1288,1325
5079,2016-07-04,150,2086,2236
5079,2016-07-05,202,2194,2396
5079,2016-07-06,201,2154,2355
5079,2016-07-07,161,2301,2462
5079,2016-07-08,222,2340,2562
5079,2016-07-09,125,1970,2095
5079,2016-07-10,38,1606,1644
5079,2016-07-11,168,2133,2301
5079,2016-07-12,163,2275,2438
5079,2016-07-13,144,2262,2406
5079,2016-07-14,170,2102,2272
5079,2016-07-15,219,2215,2434
5079,2016-07-16,131,1656,1787
5079,2016-07-17,37,1293,1330
5079,2016-07-18,200,2011,2211
5079,2016-07-19,202,2031,2233
5079,2016-07-20,206,2095,2301
5079,2016-07-22,177,2057,2234
5079,2016-07-23,106,1639,1745
5079,2016-07-24,18,1420,1438
5079,2016-07-25,163,1889,2052
5079,2016-07-26,121,1771,1892
5079,2016-07-27,187,1976,2163
5079,2016-07-29,100,1872,1972
5079,2016-07-30,109,1496,1605
5079,2016-07-31,24,1218,1242
5079,2016-08-01,99,1663,1762
5079,2016-08-02,71,1680,1751
5079,2016-08-03,80,1641,1721
5079,2016-08-05,116,1730,1846
5079,2016-08-06,80,1519,1599
5079,2016-08-07,32,1314,1346
5079,2016-08-08,98,1480,1578
5079,2016-08-09,100,1528,1628
5079,2016-08-10,80,1596,1676
5079,2016-08-12,89,1616,1705
5079,2016-08-13,74,1467,1541
5079,2016-08-14,26,1167,1193
5079,2016-08-15,37,1114,1151
5079,2016-08-16,98,1593,1691
5079,2016-08-17,126,1734,1860
5079,2016-08-19,127,1516,1643
5079,2016-08-20,82,1249,1331
5079,2016-08-21,14,980,994
5079,2016-08-22,109,1609,1718
5079,2016-08-23,108,1779,1887
5079,2016-08-24,130,1733,1863
5079,2016-08-25,110,1714,1824
5079,2016-08-26,115,1843,1958
5079,2016-08-27,54,1264,1318
5079,2016-08-28,15,1059,1074
5079,2016-08-29,100,1699,1799
5079,2016-08-30,108,1783,1891
5079,2016-08-31,135,1794,1929
5079,2016-09-01,154,1827,1981
5079,2016-09-02,132,1945,2077
5079,2016-09-03,94,1400,1494
5079,2016-09-04,12,996,1008
5079,2016-09-05,145,1775,1920
5079,2016-09-06,144,1891,2035
5079,2016-09-07,145,1918,2063
5079,2016-09-08,154,1917,2071
5079,2016-09-09,145,1896,2041
5079,2016-09-10,112,1587,1699
5079,2016-09-11,31,1331,1362
5079,2016-09-12,158,1864,2022
5079,2016-09-13,145,2085,2230
5079,2016-09-14,153,2066,2219
5079,2016-09-15,143,2116,2259
5079,2016-09-16,151,2245,2396
5079,2016-09-17,79,1680,1759
5079,2016-09-18,28,1299,1327
5079,2016-09-19,151,2088,2239
5079,2016-09-20,173,2255,2428
5079,2016-09-21,147,2127,2274
5079,2016-09-22,150,2328,2478
5079,2016-09-23,179,2381,2560
5079,2016-09-24,101,1835,1936
5079,2016-09-25,26,1538,1564
5079,2016-09-26,165,2358,2523
5079,2016-09-27,187,2590,2777
5079,2016-09-28,164,2778,2942
5079,2016-09-29,153,2565,2718
5079,2016-09-30,167,2598,2765
5079,2016-10-01,68,1757,1825
5079,2016-10-02,14,1360,1374
5079,2016-10-03,147,2346,2493
5079,2016-10-04,141,2563,2704
5079,2016-10-05,176,2626,2802
5079,2016-10-06,180,2774,2954
5079,2016-10-07,177,2275,2452
5079,2016-10-08,114,1604,1718
5079,2016-10-09,18,1329,1347
5079,2016-10-10,174,2255,2429
5079,2016-10-11,172,2594,2766
5079,2016-10-12,211,2353,2564
5079,2016-10-13,180,2472,2652
5079,2016-10-14,165,2375,2540
5079,2016-10-15,105,1763,1868
5079,2016-10-16,18,1373,1391
5079,2016-10-17,144,2326,2470
5079,2016-10-18,163,2439,2602
5079,2016-10-19,188,2105,2293
5079,2016-10-20,152,2110,2262
5079,2016-10-21,184,2165,2349
5079,2016-10-22,113,1661,1774
5079,2016-10-23,19,1385,1404
5079,2016-10-24,100,1996,2096
5079,2016-10-25,143,2248,2391
5079,2016-10-26,183,2232,2415
5079,2016-10-27,157,2174,2331
5079,2016-10-28,188,2363,2551
5079,2016-10-29,90,1701,1791
5079,2016-10-30,11,1276,1287
5079,2016-10-31,109,1733,1842
5079,2016-11-01,11,1294,1305
5079,2016-11-02,116,1803,1919
5079,2016-11-08,134,2142,2276
5079,2016-11-09,98,2129,2227
5079,2016-11-10,126,2194,2320
5079,2016-11-11,153,2232,2385
5079,2016-11-12,101,1564,1665
5079,2016-11-13,11,1060,1071
5079,2016-11-14,148,2027,2175
5079,2016-11-15,97,2248,2345
5079,2016-11-16,117,2316,2433
5079,2016-11-17,123,2305,2428
5079,2016-11-18,108,2010,2118
5079,2016-11-19,90,1592,1682
5079,2016-11-20,14,1112,1126
5079,2016-11-21,116,2212,2328
5079,2016-11-22,136,2277,2413
5079,2016-11-23,147,2269,2416
5079,2016-11-25,172,2638,2810
5079,2016-11-26,87,1725,1812
5079,2016-11-27,14,1185,1199
5079,2016-11-28,157,2201,2358
5079,2016-11-29,163,2425,2588
5079,2016-11-30,175,2336,2511
5079,2016-12-01,203,2295,2498
5079,2016-12-02,147,2305,2452
5079,2016-12-03,79,1595,1674
5079,2016-12-04,19,1063,1082
5079,2016-12-05,161,2169,2330
5079,2016-12-06,140,2212,2352
5079,2016-12-07,126,2210,2336
5079,2016-12-08,141,2329,2470
5079,2016-12-09,156,2251,2407
5079,2016-12-10,47,1546,1593
5079,2016-12-11,15,1099,1114
5079,2016-12-12,139,2087,2226
5079,2016-12-13,130,2412,2542
5079,2016-12-14,191,2306,2497
5079,2016-12-15,119,2300,2419
5079,2016-12-16,156,2287,2443
5079,2016-12-17,107,1559,1666
5079,2016-12-18,20,1121,1141
5079,2016-12-19,145,2010,2155
5079,2016-12-20,138,2231,2369
5079,2016-12-21,142,2002,2144
5079,2016-12-22,96,2112,2208
5079,2016-12-23,102,1982,2084
5079,2016-12-24,32,1190,1222
5079,2016-12-25,14,939,953
5079,2016-12-26,16,829,845
5079,2016-12-27,65,1256,1321
5079,2016-12-28,65,1259,1324
5079,2016-12-29,64,1328,1392
5079,2016-12-30,56,1401,1457
5079,2016-12-31,46,1046,1092
5081,2016-01-01,8,1001,1009
5081,2016-01-02,45,1207,1252
5081,2016-01-03,13,1107,1120
5081,2016-01-04,64,2509,2573
5081,2016-01-05,71,2728,2799
5081,2016-01-06,70,2771,2841
5081,2016-01-07,77,2681,2758
5081,2016-01-08,78,2862,2940
5081,2016-01-09,41,1590,1631
5081,2016-01-10,12,1161,1173
5081,2016-01-11,69,2810,2879
5081,2016-01-12,78,2876,2954
5081,2016-01-13,80,2941,3021
5081,2016-01-14,71,2748,2819
5081,2016-01-15,69,2542,2611
5081,2016-01-16,38,1142,1180
5081,2016-01-17,11,1037,1048
5081,2016-01-18,78,2519,2597
5081,2016-01-19,70,2767,2837
5081,2016-01-20,87,2827,2914
5081,2016-01-21,82,2712,2794
5081,2016-01-22,92,2475,2567
5081,2016-01-23,50,1480,1530
5081,2016-01-24,13,1166,1179
5081,2016-01-25,76,2735,2811
5081,2016-01-26,90,2798,2888
5081,2016-01-27,84,2918,3002
5081,2016-01-28,85,3127,3212
5081,2016-01-29,87,2969,3056
5081,2016-01-30,40,1776,1816
5081,2016-01-31,11,1179,1190
5081,2016-02-01,77,2799,2876
5081,2016-02-02,84,2929,3013
5081,2016-02-03,81,2931,3012
5081,2016-02-05,76,2792,2868
5081,2016-02-06,47,1599,1646
5081,2016-02-07,12,1134,1146
5081,2016-02-08,63,1829,1892
5081,2016-02-09,88,2232,2320
5081,2016-02-10,50,2146,2196
5081,2016-02-11,63,2185,2248
5081,2016-02-12,57,2154,2211
5081,2016-02-13,51,1372,1423
5081,2016-02-14,11,1225,1236
5081,2016-02-15,75,2781,2856
5081,2016-02-16,95,2910,3005
5081,2016-02-17,78,2922,3000
5081,2016-02-18,69,2853,2922
5081,2016-02-19,80,2772,2852
5081,2016-02-20,52,1705,1757
5081,2016-02-21,10,1205,1215
5081,2016-02-22,83,2909,2992
5081,2016-02-23,123,3133,3256
5081,2016-02-24,77,3041,3118
5081,2016-02-25,87,3039,3126
5081,2016-02-26,93,3035,3128
5081,2016-02-27,49,1990,2039
5081,2016-02-28,19,1438,1457
5081,2016-02-29,81,2988,3069
5081,2016-03-01,89,2946,3035
5081,2016-03-02,107,2945,3052
5081,2016-03-03,66,2929,2995
5081,2016-03-04,80,2723,2803
5081,2016-03-05,53,1744,1797
5081,2016-03-06,14,1311,1325
5081,2016-03-07,94,2933,3027
5081,2016-03-08,89,3701,3790
5081,2016-03-09,84,3122,3206
5081,2016-03-10,94,3289,3383
5081,2016-03-11,112,3147,3259
5081,2016-03-12,45,1945,1990
5081,2016-03-13,13,1475,1488
5081,2016-03-14,97,2920,3017
5081,2016-03-15,100,3173,3273
5081,2016-03-16,83,3026,3109
5081,2016-03-18,97,3090,3187
5081,2016-03-19,51,2014,2065
5081,2016-03-20,10,1483,1493
5081,2016-03-21,84,2903,2987
5081,2016-03-22,84,3100,3184
5081,2016-03-23,92,3133,3225
5081,2016-03-24,89,3093,3182
5081,2016-03-25,66,2821,2887
5081,2016-03-26,47,1854,1901
5081,2016-03-28,14,1139,1153
5081,2016-03-29,60,2500,2560
5081,2016-03-30,65,2515,2580
5081,2016-04-06,91,2757,2848
5081,2016-04-08,73,2869,2942
5081,2016-04-09,60,2446,2506
5081,2016-04-10,16,1872,1888
5081,2016-04-11,87,3229,3316
5081,2016-04-12,84,3304,3388
5081,2016-04-13,80,3271,3351
5081,2016-04-14,87,3371,3458
5081,2016-04-15,92,3258,3350
5081,2016-04-16,49,1962,2011
5081,2016-04-17,12,1729,1741
5081,2016-04-18,88,3291,3379
5081,2016-04-19,87,3333,3420
5081,2016-04-20,84,3449,3533
5081,2016-04-21,94,3473,3567
5081,2016-04-22,94,3410,3504
5081,2016-04-23,56,1984,2040
5081,2016-04-24,36,1664,1700
5081,2016-04-25,73,2978,3051
5081,2016-04-26,84,2766,2850
5081,2016-04-27,87,3219,3306
5081,2016-04-28,88,3394,3482
5081,2016-04-29,88,3314,3402
5081,2016-04-30,52,2034,2086
5081,2016-05-01,12,1656,1668
5081,2016-05-02,99,3163,3262
5081,2016-05-03,92,3401,3493
5081,2016-05-04,91,3399,3490
5081,2016-05-05,12,1826,1838
5081,2016-05-06,87,3034,3121
5081,2016-05-07,52,2202,2254
5081,2016-05-08,16,1796,1812
5081,2016-05-09,88,3279,3367
5081,2016-05-10,103,3386,3489
5081,2016-05-11,74,3458,3532
5081,2016-05-12,91,3539,3630
5081,2016-05-13,94,3048,3142
5081,2016-05-14,54,1952,2006
5081,2016-05-15,13,1550,1563
5081,2016-05-16,11,1301,1312
5081,2016-05-17,73,2420,2493
5081,2016-05-18,79,2658,2737
5081,2016-05-20,55,2599,2654
5081,2016-05-21,58,1873,1931
5081,2016-05-22,27,1329,1356
5081,2016-05-23,86,3644,3730
5081,2016-05-24,102,3792,3894
5081,2016-05-25,110,3698,3808
5081,2016-05-26,135,3792,3927
5081,2016-05-27,84,3496,3580
5081,2016-05-28,58,2313,2371
5081,2016-05-29,17,1582,1599
5081,2016-05-30,82,2838,2920
5081,2016-05-31,87,4006,4093
5081,2016-06-01,90,4034,4124
5081,2016-06-02,96,2974,3070
5081,2016-06-03,98,3547,3645
5081,2016-06-04,97,2134,2231
5081,2016-06-05,18,1713,1731
5081,2016-06-06,93,3384,3477
5081,2016-06-07,99,3471,3570
5081,2016-06-08,92,2900,2992
5081,2016-06-09,76,3659,3735
5081,2016-06-10,86,3526,3612
5081,2016-06-11,76,1879,1955
5081,2016-06-12,22,1696,1718
5081,2016-06-13,98,3102,3200
5081,2016-06-14,80,3272,3352
5081,2016-06-15,87,3291,3378
5081,2016-06-16,86,2712,2798
5081,2016-06-17,110,3254,3364
5081,2016-06-18,54,2245,2299
5081,2016-06-19,17,2004,2021
5081,2016-06-20,87,3195,3282
5081,2016-06-21,98,3299,3397
5081,2016-06-22,87,3370,3457
5081,2016-06-23,14,1736,1750
5081,2016-06-24,77,2691,2768
5081,2016-06-25,50,1492,1542
5081,2016-06-26,16,1693,1709
5081,2016-06-27,83,3081,3164
5081,2016-06-28,101,3263,3364
5081,2016-06-29,94,3389,3483
5081,2016-06-30,130,3259,3389
5081,2016-07-01,85,3390,3475
5081,2016-07-02,58,2075,2133
5081,2016-07-03,14,1672,1686
5081,2016-07-04,70,2976,3046
5081,2016-07-05,110,3258,3368
5081,2016-07-06,95,3323,3418
5081,2016-07-07,101,3368,3469
5081,2016-07-08,110,3406,3516
5081,2016-07-09,54,2218,2272
5081,2016-07-10,21,1870,1891
5081,2016-07-11,94,3037,3131
5081,2016-07-12,79,3290,3369
5081,2016-07-13,63,3099,3162
5081,2016-07-14,62,2772,2834
5081,2016-07-15,68,3192,3260
5081,2016-07-16,49,1950,1999
5081,2016-07-17,15,1888,1903
5081,2016-07-18,76,3162,3238
5081,2016-07-19,84,3236,3320
5081,2016-07-20,83,3226,3309
5081,2016-07-22,54,2864,2918
5081,2016-07-23,44,1680,1724
5081,2016-07-24,21,1621,1642
5081,2016-07-25,90,2753,2843
5081,2016-07-26,56,2658,2714
5081,2016-07-27,63,3023,3086
5081,2016-07-29,65,2650,2715
5081,2016-07-30,59,1712,1771
5081,2016-07-31,13,1556,1569
5081,2016-08-01,61,2392,2453
5081,2016-08-02,50,2326,2376
5081,2016-08-03,49,2303,2352
5081,2016-08-05,70,2310,2380
5081,2016-08-06,51,1779,1830
5081,2016-08-07,17,1593,1610
5081,2016-08-08,53,2211,2264
5081,2016-08-09,62,2347,2409
5081,2016-08-10,73,2284,2357
5081,2016-08-12,53,2260,2313
5081,2016-08-13,44,1675,1719
5081,2016-08-14,16,1516,1532
5081,2016-08-15,23,1423,1446
5081,2016-08-16,75,2326,2401
5081,2016-08-17,73,2648,2721
5081,2016-08-19,60,2308,2368
5081,2016-08-20,52,1618,1670
5081,2016-08-21,17,1339,1356
5081,2016-08-22,73,2428,2501
5081,2016-08-23,66,2637,2703
5081,2016-08-24,71,2701,2772
5081,2016-08-25,83,2546,2629
5081,2016-08-26,62,2672,2734
5081,2016-08-27,70,1779,1849
5081,2016-08-28,20,1475,1495
5081,2016-08-29,73,2460,2533
5081,2016-08-30,91,2604,2695
5081,2016-08-31,82,2641,2723
5081,2016-09-01,81,2735,2816
5081,2016-09-02,71,2669,2740
5081,2016-09-03,73,1841,1914
5081,2016-09-04,39,1344,1383
5081,2016-09-05,71,2656,2727
5081,2016-09-06,92,2795,2887
5081,2016-09-07,87,3001,3088
5081,2016-09-08,107,2898,3005
5081,2016-09-09,80,2823,2903
5081,2016-09-10,58,1877,1935
5081,2016-09-11,13,1574,1587
5081,2016-09-12,77,2818,2895
5081,2016-09-13,85,3058,3143
5081,2016-09-14,86,3079,3165
5081,2016-09-15,81,2987,3068
5081,2016-09-16,76,3013,3089
5081,2016-09-17,56,1706,1762
5081,2016-09-18,9,1382,1391
5081,2016-09-19,72,3047,3119
5081,2016-09-20,80,3211,3291
5081,2016-09-21,75,3248,3323
5081,2016-09-22,81,3352,3433
5081,2016-09-23,99,3293,3392
5081,2016-09-24,59,2210,2269
5081,2016-09-25,13,1921,1934
5081,2016-09-26,92,3338,3430
5081,2016-09-27,110,3600,3710
5081,2016-09-28,93,3709,3802
5081,2016-09-29,85,3424,3509
5081,2016-09-30,112,3428,3540
5081,2016-10-01,44,1802,1846
5081,2016-10-02,9,1547,1556
5081,2016-10-03,87,3233,3320
5081,2016-10-04,96,3837,3933
5081,2016-10-05,111,3767,3878
5081,2016-10-06,108,3785,3893
5081,2016-10-07,87,3211,3298
5081,2016-10-08,54,1730,1784
5081,2016-10-09,13,1488,1501
5081,2016-10-10,93,3054,3147
5081,2016-10-11,83,3398,3481
5081,2016-10-12,86,3259,3345
5081,2016-10-13,93,3235,3328
5081,2016-10-14,104,3333,3437
5081,2016-10-15,44,1933,1977
5081,2016-10-16,11,1678,1689
5081,2016-10-17,114,3211,3325
5081,2016-10-18,126,3478,3604
5081,2016-10-19,123,3228,3351
5081,2016-10-20,91,3255,3346
5081,2016-10-21,79,3469,3548
5081,2016-10-22,52,1965,2017
5081,2016-10-23,12,1510,1522
5081,2016-10-24,112,3014,3126
5081,2016-10-25,80,3194,3274
5081,2016-10-26,78,3151,3229
5081,2016-10-27,83,3206,3289
5081,2016-10-28,82,3140,3222
5081,2016-10-29,62,1835,1897
5081,2016-10-30,13,1512,1525
5081,2016-10-31,53,2194,2247
5081,2016-11-01,8,1531,1539
5081,2016-11-02,60,2447,2507
5081,2016-11-08,83,3224,3307
5081,2016-11-09,74,3090,3164
5081,2016-11-10,97,3145,3242
5081,2016-11-11,69,3162,3231
5081,2016-11-12,50,1870,1920
5081,2016-11-13,15,1300,1315
5081,2016-11-14,69,3023,3092
5081,2016-11-15,73,3270,3343
5081,2016-11-16,70,3364,3434
5081,2016-11-17,77,3274,3351
5081,2016-11-18,98,3416,3514
5081,2016-11-19,39,1819,1858
5081,2016-11-20,12,1328,1340
5081,2016-11-21,94,3147,3241
5081,2016-11-22,100,3259,3359
5081,2016-11-23,68,3379,3447
5081,2016-11-24,84,3277,3361
5081,2016-11-25,115,3625,3740
5081,2016-11-26,60,1901,1961
5081,2016-11-27,10,1424,1434
5081,2016-11-29,85,3397,3482
5081,2016-11-30,99,3253,3352
5081,2016-12-01,97,3317,3414
5081,2016-12-02,87,3257,3344
5081,2016-12-03,42,1841,1883
5081,2016-12-04,12,1409,1421
5081,2016-12-05,92,3176,3268
5081,2016-12-06,84,3004,3088
5081,2016-12-07,81,3328,3409
5081,2016-12-08,83,3363,3446
5081,2016-12-09,77,3235,3312
5081,2016-12-10,59,1731,1790
5081,2016-12-11,8,1348,1356
5081,2016-12-12,75,3073,3148
5081,2016-12-13,81,3384,3465
5081,2016-12-14,75,3321,3396
5081,2016-12-15,87,3196,3283
5081,2016-12-16,84,3289,3373
5081,2016-12-17,74,1814,1888
5081,2016-12-18,14,1381,1395
5081,2016-12-19,82,2995,3077
5081,2016-12-20,111,3212,3323
5081,2016-12-21,96,2985,3081
5081,2016-12-22,76,2883,2959
5081,2016-12-23,70,2621,2691
5081,2016-12-24,35,1408,1443
5081,2016-12-25,6,1002,1008
5081,2016-12-26,8,984,992
5081,2016-12-27,45,1658,1703
5081,2016-12-28,49,1676,1725
5081,2016-12-29,53,1704,1757
5081,2016-12-30,46,1655,1701
5081,2016-12-31,43,1067,1110
5083,2016-01-01,68,5751,5819
5083,2016-01-02,149,7625,7774
5083,2016-01-03,49,6381,6430
5083,2016-01-04,335,10957,11292
5083,2016-01-05,347,11802,12149
5083,2016-01-06,371,11880,12251
5083,2016-01-07,371,12259,12630
5083,2016-01-08,467,12778,13245
5083,2016-01-09,177,9627,9804
5083,2016-01-10,47,7213,7260
5083,2016-01-11,431,12032,12463
5083,2016-01-12,443,13006,13449
5083,2016-01-13,482,13169,13651
5083,2016-01-14,457,12264,12721
5083,2016-01-15,552,14348,14900
5083,2016-01-16,200,10470,10670
5083,2016-01-17,62,7389,7451
5083,2016-01-18,514,12657,13171
5083,2016-01-19,478,12489,12967
5083,2016-01-20,505,12632,13137
5083,2016-01-21,433,12892,13325
5083,2016-01-22,478,12066,12544
5083,2016-01-23,180,10106,10286
5083,2016-01-24,53,7699,7752
5083,2016-01-25,486,12527,13013
5083,2016-01-26,466,13177,13643
5083,2016-01-27,501,13139,13640
5083,2016-01-28,564,13940,14504
5083,2016-01-29,504,13660,14164
5083,2016-01-30,178,9144,9322
5083,2016-01-31,52,8021,8073
5083,2016-02-01,466,12288,12754
5083,2016-02-02,512,13516,14028
5083,2016-02-03,596,13076,13672
5083,2016-02-05,479,13065,13544
5083,2016-02-06,206,9440,9646
5083,2016-02-07,59,6879,6938
5083,2016-02-09,310,10456,10766
5083,2016-02-10,380,11548,11928
5083,2016-02-11,408,11773,12181
5083,2016-02-12,443,11993,12436
5083,2016-02-13,194,9668,9862
5083,2016-02-14,53,7143,7196
5083,2016-02-15,500,12205,12705
5083,2016-02-16,569,13024,13593
5083,2016-02-17,528,12860,13388
5083,2016-02-18,515,13066,13581
5083,2016-02-19,498,13012,13510
5083,2016-02-20,192,10080,10272
5083,2016-02-21,50,7591,7641
5083,2016-02-22,542,12068,12610
5083,2016-02-23,550,13000,13550
5083,2016-02-24,554,12977,13531
5083,2016-02-25,581,13214,13795
5083,2016-02-26,586,13383,13969
5083,2016-02-27,258,10876,11134
5083,2016-02-28,73,8478,8551
5083,2016-02-29,548,12534,13082
5083,2016-03-01,533,12910,13443
5083,2016-03-02,616,12736,13352
5083,2016-03-03,473,12845,13318
5083,2016-03-04,495,12984,13479
5083,2016-03-05,190,10620,10810
5083,2016-03-06,59,7692,7751
5083,2016-03-07,533,12953,13486
5083,2016-03-08,595,14943,15538
5083,2016-03-09,576,13497,14073
5083,2016-03-10,554,13364,13918
5083,2016-03-11,551,13364,13915
5083,2016-03-12,232,10922,11154
5083,2016-03-13,66,8408,8474
5083,2016-03-14,536,12324,12860
5083,2016-03-15,561,13128,13689
5083,2016-03-16,563,13016,13579
5083,2016-03-18,573,13466,14039
5083,2016-03-19,227,10985,11212
5083,2016-03-20,74,8694,8768
5083,2016-03-21,502,12665,13167
5083,2016-03-22,565,13195,13760
5083,2016-03-23,579,13460,14039
5083,2016-03-24,546,13253,13799
5083,2016-03-25,410,13322,13732
5083,2016-03-26,302,9925,10227
5083,2016-03-28,150,5903,6053
5083,2016-03-29,584,12129,12713
5083,2016-03-30,505,11895,12400
5083,2016-04-06,667,12619,13286
5083,2016-04-08,637,13630,14267
5083,2016-04-09,337,11432,11769
5083,2016-04-10,131,8877,9008
5083,2016-04-11,610,12931,13541
5083,2016-04-12,606,13429,14035
5083,2016-04-13,580,13328,13908
5083,2016-04-14,577,13664,14241
5083,2016-04-15,529,14058,14587
5083,2016-04-16,281,11866,12147
5083,2016-04-17,72,8752,8824
5083,2016-04-18,573,12897,13470
5083,2016-04-19,572,13589,14161
5083,2016-04-20,576,13486,14062
5083,2016-04-21,580,13834,14414
5083,2016-04-22,588,14058,14646
5083,2016-04-23,276,11918,12194
5083,2016-04-24,103,8159,8262
5083,2016-04-25,564,12704,13268
5083,2016-04-26,546,13390,13936
5083,2016-04-27,652,13400,14052
5083,2016-04-28,570,13877,14447
5083,2016-04-29,560,14039,14599
5083,2016-04-30,256,12070,12326
5083,2016-05-01,88,8490,8578
5083,2016-05-02,534,12867,13401
5083,2016-05-03,578,13842,14420
5083,2016-05-04,587,14371,14958
5083,2016-05-05,96,8773,8869
5083,2016-05-06,465,12754,13219
5083,2016-05-07,263,10911,11174
5083,2016-05-08,79,8615,8694
5083,2016-05-09,531,13256,13787
5083,2016-05-10,569,13594,14163
5083,2016-05-11,588,13663,14251
5083,2016-05-12,575,14083,14658
5083,2016-05-13,636,14194,14830
5083,2016-05-14,209,10568,10777
5083,2016-05-15,64,7728,7792
5083,2016-05-16,54,6489,6543
5083,2016-05-17,534,12305,12839
5083,2016-05-18,527,12416,12943
5083,2016-05-20,475,12494,12969
5083,2016-05-21,279,9827,10106
5083,2016-05-22,52,7521,7573
5083,2016-05-23,572,13508,14080
5083,2016-05-24,581,14139,14720
5083,2016-05-25,586,13718,14304
5083,2016-05-26,604,14014,14618
5083,2016-05-27,562,14708,15270
5083,2016-05-28,238,10904,11142
5083,2016-05-29,72,8236,8308
5083,2016-05-30,504,12662,13166
5083,2016-05-31,561,14718,15279
5083,2016-06-01,520,12786,13306
5083,2016-06-02,522,12880,13402
5083,2016-06-03,513,13497,14010
5083,2016-06-04,226,11106,11332
5083,2016-06-05,60,8422,8482
5083,2016-06-06,529,12624,13153
5083,2016-06-07,592,13358,13950
5083,2016-06-08,610,13386,13996
5083,2016-06-09,511,13784,14295
5083,2016-06-10,598,13835,14433
5083,2016-06-11,252,11272,11524
5083,2016-06-12,84,8658,8742
5083,2016-06-13,562,12696,13258
5083,2016-06-14,467,13163,13630
5083,2016-06-15,505,13007,13512
5083,2016-06-16,588,13390,13978
5083,2016-06-17,508,13373,13881
5083,2016-06-18,255,10162,10417
5083,2016-06-19,80,8187,8267
5083,2016-06-20,490,12592,13082
5083,2016-06-21,547,13518,14065
5083,2016-06-22,548,13715,14263
5083,2016-06-23,112,7540,7652
5083,2016-06-24,530,11658,12188
5083,2016-06-25,248,10002,10250
5083,2016-06-26,76,8438,8514
5083,2016-06-27,546,12428,12974
5083,2016-06-28,544,13189,13733
5083,2016-06-29,591,13421,14012
5083,2016-06-30,552,13602,14154
5083,2016-07-01,560,13819,14379
5083,2016-07-02,255,10822,11077
5083,2016-07-03,82,8740,8822
5083,2016-07-04,498,12904,13402
5083,2016-07-05,549,13468,14017
5083,2016-07-06,570,13299,13869
5083,2016-07-07,527,13719,14246
5083,2016-07-08,584,13899,14483
5083,2016-07-09,261,11423,11684
5083,2016-07-10,83,8863,8946
5083,2016-07-11,542,13125,13667
5083,2016-07-12,577,14093,14670
5083,2016-07-13,552,14086,14638
5083,2016-07-14,556,13644,14200
5083,2016-07-15,505,13871,14376
5083,2016-07-16,242,10512,10754
5083,2016-07-17,109,9235,9344
5083,2016-07-18,512,12793,13305
5083,2016-07-19,496,12809,13305
5083,2016-07-20,527,12825,13352
5083,2016-07-22,610,13088,13698
5083,2016-07-23,236,11334,11570
5083,2016-07-24,62,8641,8703
5083,2016-07-25,481,11933,12414
5083,2016-07-26,502,12786,13288
5083,2016-07-27,472,12739,13211
5083,2016-07-29,379,11990,12369
5083,2016-07-30,207,9329,9536
5083,2016-07-31,76,7385,7461
5083,2016-08-01,393,10273,10666
5083,2016-08-02,329,10726,11055
5083,2016-08-03,358,10601,10959
5083,2016-08-05,372,10335,10707
5083,2016-08-06,192,8333,8525
5083,2016-08-07,87,7507,7594
5083,2016-08-08,331,9162,9493
5083,2016-08-09,330,9653,9983
5083,2016-08-10,460,10078,10538
5083,2016-08-12,347,9596,9943
5083,2016-08-13,216,7865,8081
5083,2016-08-14,74,6786,6860
5083,2016-08-15,87,6177,6264
5083,2016-08-16,402,9647,10049
5083,2016-08-17,408,10463,10871
5083,2016-08-19,386,9772,10158
5083,2016-08-20,300,8180,8480
5083,2016-08-21,149,6598,6747
5083,2016-08-22,498,10274,10772
5083,2016-08-23,512,11230,11742
5083,2016-08-24,545,11289,11834
5083,2016-08-25,515,11241,11756
5083,2016-08-26,511,11263,11774
5083,2016-08-27,300,9254,9554
5083,2016-08-28,149,7493,7642
5083,2016-08-29,560,11383,11943
5083,2016-08-30,590,11959,12549
5083,2016-08-31,536,12179,12715
5083,2016-09-01,859,20487,21346
5083,2016-09-02,1124,24684,25808
5083,2016-09-03,602,18914,19516
5083,2016-09-04,328,15608,15936
5083,2016-09-05,1070,23996,25066
5083,2016-09-06,1056,24150,25206
5083,2016-09-07,1102,24168,25270
5083,2016-09-09,536,11341,11877
5083,2016-09-10,326,10125,10451
5083,2016-09-11,150,7803,7953
5083,2016-09-12,504,11966,12470
5083,2016-09-13,494,12750,13244
5083,2016-09-14,484,12877,13361
5083,2016-09-15,526,12557,13083
5083,2016-09-16,493,13033,13526
5083,2016-09-17,244,11034,11278
5083,2016-09-18,71,8189,8260
5083,2016-09-19,505,12325,12830
5083,2016-09-20,523,12929,13452
5083,2016-09-21,501,13035,13536
5083,2016-09-22,525,13400,13925
5083,2016-09-23,548,13701,14249
5083,2016-09-24,256,11175,11431
5083,2016-09-25,93,9216,9309
5083,2016-09-26,523,13050,13573
5083,2016-09-27,602,14166,14768
5083,2016-09-28,615,14034,14649
5083,2016-09-29,576,14279,14855
5083,2016-09-30,598,13834,14432
5083,2016-10-01,246,11110,11356
5083,2016-10-02,52,8385,8437
5083,2016-10-03,486,13163,13649
5083,2016-10-04,601,14584,15185
5083,2016-10-05,609,13902,14511
5083,2016-10-06,587,14677,15264
5083,2016-10-07,522,13587,14109
5083,2016-10-08,241,10681,10922
5083,2016-10-09,70,8416,8486
5083,2016-10-10,514,13023,13537
5083,2016-10-11,607,14485,15092
5083,2016-10-12,617,14181,14798
5083,2016-10-14,550,13296,13846
5083,2016-10-15,221,10654,10875
5083,2016-10-16,60,8265,8325
5083,2016-10-17,546,13479,14025
5083,2016-10-18,540,14090,14630
5083,2016-10-19,626,12872,13498
5083,2016-10-20,574,13192,13766
5083,2016-10-21,494,13405,13899
5083,2016-10-22,214,10983,11197
5083,2016-10-23,73,8664,8737
5083,2016-10-24,532,12510,13042
5083,2016-10-25,444,13134,13578
5083,2016-10-26,490,12828,13318
5083,2016-10-27,522,13417,13939
5083,2016-10-28,519,13589,14108
5083,2016-10-29,254,10799,11053
5083,2016-10-30,66,8162,8228
5083,2016-10-31,322,11207,11529
5083,2016-11-01,59,7813,7872
5083,2016-11-02,449,11932,12381
5083,2016-11-04,492,12240,12732
5083,2016-11-05,256,10270,10526
5083,2016-11-06,56,7219,7275
5083,2016-11-07,472,12251,12723
5083,2016-11-08,520,12895,13415
5083,2016-11-09,445,12836,13281
5083,2016-11-10,506,13356,13862
5083,2016-11-11,507,13382,13889
5083,2016-11-12,231,11107,11338
5083,2016-11-13,65,7782,7847
5083,2016-11-14,470,12376,12846
5083,2016-11-15,447,13036,13483
5083,2016-11-16,454,12941,13395
5083,2016-11-17,471,13295,13766
5083,2016-11-18,376,13604,13980
5083,2016-11-19,224,10989,11213
5083,2016-11-20,51,8254,8305
5083,2016-11-21,498,12286,12784
5083,2016-11-22,492,13210,13702
5083,2016-11-23,504,12935,13439
5083,2016-11-25,536,13975,14511
5083,2016-11-26,193,10840,11033
5083,2016-11-27,63,8160,8223
5083,2016-11-28,561,12525,13086
5083,2016-11-29,540,13394,13934
5083,2016-11-30,497,13152,13649
5083,2016-12-01,490,13376,13866
5083,2016-12-02,500,13359,13859
5083,2016-12-03,197,10421,10618
5083,2016-12-04,59,7733,7792
5083,2016-12-05,501,12727,13228
5083,2016-12-06,484,13247,13731
5083,2016-12-07,532,12910,13442
5083,2016-12-08,517,13643,14160
5083,2016-12-09,465,13572,14037
5083,2016-12-10,193,10362,10555
5083,2016-12-11,54,7526,7580
5083,2016-12-12,482,12231,12713
5083,2016-12-13,485,13230,13715
5083,2016-12-14,506,13256,13762
5083,2016-12-15,508,13563,14071
5083,2016-12-16,482,13492,13974
5083,2016-12-17,244,10449,10693
5083,2016-12-18,51,7694,7745
5083,2016-12-19,467,12372,12839
5083,2016-12-20,497,13244,13741
5083,2016-12-21,457,12925,13382
5083,2016-12-22,385,13103,13488
5083,2016-12-23,348,12118,12466
5083,2016-12-24,136,7940,8076
5083,2016-12-25,46,6121,6167
5083,2016-12-26,58,5846,5904
5083,2016-12-27,258,8866,9124
5083,2016-12-28,277,8946,9223
5083,2016-12-29,254,9268,9522
5083,2016-12-30,264,9087,9351
5083,2016-12-31,156,6878,7034
5084,2016-01-01,13,1600,1613
5084,2016-01-02,32,2567,2599
5084,2016-01-03,10,2192,2202
5084,2016-01-04,131,4018,4149
5084,2016-01-05,142,4191,4333
5084,2016-01-06,150,4191,4341
5084,2016-01-07,140,4296,4436
5084,2016-01-08,193,4484,4677
5084,2016-01-09,67,3227,3294
5084,2016-01-10,12,2194,2206
5084,2016-01-11,196,4127,4323
5084,2016-01-12,156,4480,4636
5084,2016-01-13,166,4381,4547
5084,2016-01-14,187,4146,4333
5084,2016-01-15,134,3944,4078
5084,2016-01-16,55,3118,3173
5084,2016-01-17,28,2038,2066
5084,2016-01-18,209,4455,4664
5084,2016-01-19,221,4608,4829
5084,2016-01-20,183,4333,4516
5084,2016-01-21,176,4323,4499
5084,2016-01-22,194,4094,4288
5084,2016-01-23,60,3297,3357
5084,2016-01-24,17,2335,2352
5084,2016-01-25,215,4224,4439
5084,2016-01-26,203,4535,4738
5084,2016-01-27,199,4407,4606
5084,2016-01-28,223,4592,4815
5084,2016-01-29,214,4668,4882
5084,2016-01-30,28,3364,3392
5084,2016-01-31,12,2322,2334
5084,2016-02-01,171,4364,4535
5084,2016-02-02,182,4386,4568
5084,2016-02-03,213,4529,4742
5084,2016-02-05,204,4512,4716
5084,2016-02-06,52,3163,3215
5084,2016-02-07,35,2148,2183
5084,2016-02-08,112,3080,3192
5084,2016-02-09,110,3592,3702
5084,2016-02-10,150,3662,3812
5084,2016-02-11,146,3605,3751
5084,2016-02-12,145,3908,4053
5084,2016-02-13,61,2940,3001
5084,2016-02-14,19,2243,2262
5084,2016-02-15,204,4274,4478
5084,2016-02-16,236,4909,5145
5084,2016-02-17,236,4697,4933
5084,2016-02-18,249,4502,4751
5084,2016-02-19,194,4549,4743
5084,2016-02-20,57,3366,3423
5084,2016-02-21,15,2127,2142
5084,2016-02-22,186,3979,4165
5084,2016-02-23,176,4464,4640
5084,2016-02-24,210,4352,4562
5084,2016-02-25,220,4568,4788
5084,2016-02-26,211,4637,4848
5084,2016-02-27,98,3553,3651
5084,2016-02-28,40,2320,2360
5084,2016-02-29,203,4434,4637
5084,2016-03-01,195,4534,4729
5084,2016-03-02,212,4442,4654
5084,2016-03-03,207,4507,4714
5084,2016-03-04,174,4556,4730
5084,2016-03-05,59,3349,3408
5084,2016-03-06,32,2366,2398
5084,2016-03-07,213,4423,4636
5084,2016-03-08,239,4643,4882
5084,2016-03-09,241,5011,5252
5084,2016-03-10,226,4879,5105
5084,2016-03-11,211,4897,5108
5084,2016-03-12,79,3640,3719
5084,2016-03-13,20,2507,2527
5084,2016-03-14,234,4228,4462
5084,2016-03-15,237,4641,4878
5084,2016-03-16,219,4455,4674
5084,2016-03-18,221,4803,5024
5084,2016-03-19,61,3671,3732
5084,2016-03-20,45,2663,2708
5084,2016-03-21,211,4318,4529
5084,2016-03-22,216,4532,4748
5084,2016-03-23,228,4366,4594
5084,2016-03-24,232,4534,4766
5084,2016-03-25,173,4761,4934
5084,2016-03-26,61,3270,3331
5084,2016-03-28,10,1866,1876
5084,2016-03-29,185,4029,4214
5084,2016-03-30,179,4156,4335
5084,2016-04-06,170,4246,4416
5084,2016-04-08,179,4332,4511
5084,2016-04-09,102,3617,3719
5084,2016-04-10,17,2762,2779
5084,2016-04-11,161,4400,4561
5084,2016-04-12,164,4916,5080
5084,2016-04-13,194,4478,4672
5084,2016-04-14,203,4675,4878
5084,2016-04-15,197,4790,4987
5084,2016-04-16,89,3755,3844
5084,2016-04-17,21,2640,2661
5084,2016-04-18,213,4419,4632
5084,2016-04-19,237,4663,4900
5084,2016-04-20,239,4837,5076
5084,2016-04-21,244,5318,5562
5084,2016-04-22,222,5209,5431
5084,2016-04-23,63,3569,3632
5084,2016-04-24,36,2489,2525
5084,2016-04-25,215,4384,4599
5084,2016-04-26,253,4670,4923
5084,2016-04-27,224,4639,4863
5084,2016-04-28,204,4946,5150
5084,2016-04-29,234,4810,5044
5084,2016-04-30,99,3786,3885
5084,2016-05-01,29,2505,2534
5084,2016-05-02,205,4494,4699
5084,2016-05-03,225,4866,5091
5084,2016-05-04,223,4995,5218
5084,2016-05-05,46,2537,2583
5084,2016-05-06,213,4733,4946
5084,2016-05-07,104,3747,3851
5084,2016-05-08,42,2842,2884
5084,2016-05-09,221,4476,4697
5084,2016-05-10,174,4940,5114
5084,2016-05-11,238,4632,4870
5084,2016-05-12,219,4758,4977
5084,2016-05-13,182,5200,5382
5084,2016-05-14,89,3422,3511
5084,2016-05-15,37,2224,2261
5084,2016-05-16,41,2123,2164
5084,2016-05-17,158,4022,4180
5084,2016-05-18,203,4018,4221
5084,2016-05-21,127,3236,3363
5084,2016-05-22,45,2334,2379
5084,2016-05-23,217,4425,4642
5084,2016-05-24,215,4738,4953
5084,2016-05-25,234,4727,4961
5084,2016-05-26,223,4853,5076
5084,2016-05-27,224,5030,5254
5084,2016-05-28,106,3549,3655
5084,2016-05-29,32,2428,2460
5084,2016-05-30,131,4236,4367
5084,2016-05-31,199,4872,5071
5084,2016-06-01,236,4810,5046
5084,2016-06-02,250,4809,5059
5084,2016-06-03,210,4822,5032
5084,2016-06-04,71,3520,3591
5084,2016-06-05,36,2744,2780
5084,2016-06-06,240,4471,4711
5084,2016-06-07,236,4697,4933
5084,2016-06-08,208,4704,4912
5084,2016-06-09,273,4851,5124
5084,2016-06-10,253,5050,5303
5084,2016-06-11,70,3791,3861
5084,2016-06-12,40,2793,2833
5084,2016-06-13,183,4333,4516
5084,2016-06-14,251,4950,5201
5084,2016-06-15,202,4788,4990
5084,2016-06-16,200,4842,5042
5084,2016-06-17,190,4756,4946
5084,2016-06-18,71,3642,3713
5084,2016-06-19,42,2706,2748
5084,2016-06-20,190,4422,4612
5084,2016-06-21,206,4504,4710
5084,2016-06-22,201,4597,4798
5084,2016-06-23,37,2288,2325
5084,2016-06-24,166,4046,4212
5084,2016-06-25,55,3219,3274
5084,2016-06-26,30,3310,3340
5084,2016-06-27,225,4316,4541
5084,2016-06-28,191,4684,4875
5084,2016-06-29,236,4607,4843
5084,2016-06-30,236,4679,4915
5084,2016-07-01,211,4825,5036
5084,2016-07-02,77,3577,3654
5084,2016-07-03,30,2602,2632
5084,2016-07-04,210,4262,4472
5084,2016-07-05,237,5199,5436
5084,2016-07-06,260,4953,5213
5084,2016-07-07,267,5308,5575
5084,2016-07-08,274,5041,5315
5084,2016-07-09,113,4056,4169
5084,2016-07-10,47,2930,2977
5084,2016-07-11,269,4464,4733
5084,2016-07-12,211,4772,4983
5084,2016-07-13,187,4606,4793
5084,2016-07-14,202,4696,4898
5084,2016-07-15,183,4842,5025
5084,2016-07-16,83,3570,3653
5084,2016-07-17,47,3741,3788
5084,2016-07-18,208,4344,4552
5084,2016-07-19,235,4612,4847
5084,2016-07-20,207,4475,4682
5084,2016-07-22,134,4188,4322
5084,2016-07-23,147,4549,4696
5084,2016-07-24,68,3424,3492
5084,2016-07-25,179,4286,4465
5084,2016-07-26,119,4231,4350
5084,2016-07-27,184,4224,4408
5084,2016-07-29,166,3973,4139
5084,2016-07-30,73,2878,2951
5084,2016-07-31,45,2214,2259
5084,2016-08-01,180,3267,3447
5084,2016-08-02,139,3592,3731
5084,2016-08-03,149,3443,3592
5084,2016-08-05,133,3546,3679
5084,2016-08-06,78,2801,2879
5084,2016-08-07,52,2319,2371
5084,2016-08-08,173,3007,3180
5084,2016-08-09,142,3260,3402
5084,2016-08-10,148,3281,3429
5084,2016-08-12,142,3172,3314
5084,2016-08-13,69,2463,2532
5084,2016-08-14,80,2083,2163
5084,2016-08-15,79,1865,1944
5084,2016-08-16,158,3106,3264
5084,2016-08-17,188,3123,3311
5084,2016-08-19,140,3097,3237
5084,2016-08-20,60,2486,2546
5084,2016-08-21,36,2040,2076
5084,2016-08-22,138,3317,3455
5084,2016-08-23,154,3695,3849
5084,2016-08-24,151,3561,3712
5084,2016-08-25,138,3327,3465
5084,2016-08-26,173,3462,3635
5084,2016-08-27,66,2680,2746
5084,2016-08-28,61,2225,2286
5084,2016-08-29,171,3455,3626
5084,2016-08-30,154,3659,3813
5084,2016-08-31,158,3716,3874
5084,2016-09-01,188,3785,3973
5084,2016-09-02,161,3861,4022
5084,2016-09-03,60,2956,3016
5084,2016-09-04,31,2190,2221
5084,2016-09-05,165,3923,4088
5084,2016-09-06,199,4286,4485
5084,2016-09-07,219,4098,4317
5084,2016-09-08,230,4092,4322
5084,2016-09-09,233,4489,4722
5084,2016-09-10,86,3067,3153
5084,2016-09-11,33,2537,2570
5084,2016-09-12,220,3949,4169
5084,2016-09-13,222,4257,4479
5084,2016-09-14,220,4278,4498
5084,2016-09-15,200,4351,4551
5084,2016-09-16,191,4548,4739
5084,2016-09-17,56,3580,3636
5084,2016-09-18,33,2870,2903
5084,2016-09-19,213,4297,4510
5084,2016-09-20,272,4442,4714
5084,2016-09-21,236,4880,5116
5084,2016-09-22,263,5036,5299
5084,2016-09-23,225,4797,5022
5084,2016-09-24,84,3431,3515
5084,2016-09-25,16,2762,2778
5084,2016-09-26,217,4488,4705
5084,2016-09-27,238,4640,4878
5084,2016-09-28,249,4634,4883
5084,2016-09-29,221,4668,4889
5084,2016-09-30,257,5078,5335
5084,2016-10-01,64,3362,3426
5084,2016-10-02,31,2629,2660
5084,2016-10-03,205,4428,4633
5084,2016-10-04,230,5066,5296
5084,2016-10-05,301,4881,5182
5084,2016-10-06,279,4665,4944
5084,2016-10-07,202,4712,4914
5084,2016-10-08,72,3404,3476
5084,2016-10-09,25,2654,2679
5084,2016-10-10,255,4377,4632
5084,2016-10-11,235,5290,5525
5084,2016-10-12,289,5476,5765
5084,2016-10-13,254,5104,5358
5084,2016-10-14,222,4890,5112
5084,2016-10-15,76,3646,3722
5084,2016-10-16,28,2721,2749
5084,2016-10-17,227,4369,4596
5084,2016-10-18,231,4704,4935
5084,2016-10-19,220,4577,4797
5084,2016-10-20,222,4661,4883
5084,2016-10-21,221,4896,5117
5084,2016-10-22,89,3591,3680
5084,2016-10-23,37,2715,2752
5084,2016-10-24,147,4441,4588
5084,2016-10-25,202,4643,4845
5084,2016-10-26,219,4618,4837
5084,2016-10-27,228,4624,4852
5084,2016-10-28,223,4769,4992
5084,2016-10-29,60,3481,3541
5084,2016-10-30,13,2603,2616
5084,2016-10-31,137,3653,3790
5084,2016-11-01,16,2339,2355
5084,2016-11-02,184,3912,4096
5084,2016-11-04,211,4035,4246
5084,2016-11-05,69,3000,3069
5084,2016-11-06,21,2258,2279
5084,2016-11-07,198,4280,4478
5084,2016-11-08,230,4888,5118
5084,2016-11-09,198,4748,4946
5084,2016-11-10,256,4993,5249
5084,2016-11-11,186,4758,4944
5084,2016-11-12,65,3519,3584
5084,2016-11-13,12,2260,2272
5084,2016-11-14,196,4486,4682
5084,2016-11-15,205,4849,5054
5084,2016-11-16,219,4639,4858
5084,2016-11-17,177,4895,5072
5084,2016-11-18,154,4728,4882
5084,2016-11-19,64,3767,3831
5084,2016-11-20,32,2515,2547
5084,2016-11-21,156,4198,4354
5084,2016-11-22,174,4434,4608
5084,2016-11-23,190,4467,4657
5084,2016-11-25,216,4711,4927
5084,2016-11-26,75,4080,4155
5084,2016-11-27,27,2716,2743
5084,2016-11-28,197,4243,4440
5084,2016-11-29,223,4530,4753
5084,2016-11-30,238,4549,4787
5084,2016-12-01,225,4369,4594
5084,2016-12-02,207,4517,4724
5084,2016-12-03,71,3259,3330
5084,2016-12-04,39,2383,2422
5084,2016-12-05,218,4185,4403
5084,2016-12-06,188,4332,4520
5084,2016-12-07,212,4298,4510
5084,2016-12-08,193,4629,4822
5084,2016-12-09,194,4609,4803
5084,2016-12-10,102,3305,3407
5084,2016-12-11,20,2409,2429
5084,2016-12-12,201,4226,4427
5084,2016-12-14,199,4208,4407
5084,2016-12-15,254,4466,4720
5084,2016-12-16,261,4704,4965
5084,2016-12-17,72,3341,3413
5084,2016-12-18,18,2547,2565
5084,2016-12-19,197,4242,4439
5084,2016-12-20,218,4552,4770
5084,2016-12-21,215,4541,4756
5084,2016-12-22,184,4606,4790
5084,2016-12-23,141,4375,4516
5084,2016-12-24,49,2530,2579
5084,2016-12-25,14,1748,1762
5084,2016-12-26,8,1724,1732
5084,2016-12-27,92,3278,3370
5084,2016-12-28,103,3042,3145
5084,2016-12-29,93,3078,3171
5084,2016-12-30,79,2978,3057
5084,2016-12-31,33,2188,2221
5085,2016-01-01,14,3066,3080
5085,2016-01-02,99,4004,4103
5085,2016-01-03,18,3476,3494
5085,2016-01-04,210,6103,6313
5085,2016-01-05,227,6449,6676
5085,2016-01-06,245,6467,6712
5085,2016-01-07,236,6610,6846
5085,2016-01-08,214,7513,7727
5085,2016-01-09,118,5429,5547
5085,2016-01-10,17,3769,3786
5085,2016-01-11,295,6552,6847
5085,2016-01-12,306,6064,6370
5085,2016-01-13,286,6750,7036
5085,2016-01-14,253,6737,6990
5085,2016-01-15,242,5790,6032
5085,2016-01-16,118,5477,5595
5085,2016-01-17,15,3789,3804
5085,2016-01-18,244,6564,6808
5085,2016-01-19,256,6926,7182
5085,2016-01-20,256,6732,6988
5085,2016-01-21,243,6945,7188
5085,2016-01-22,222,6583,6805
5085,2016-01-23,114,5218,5332
5085,2016-01-24,17,4140,4157
5085,2016-01-25,266,6822,7088
5085,2016-01-26,257,7152,7409
5085,2016-01-27,293,6950,7243
5085,2016-01-28,256,6376,6632
5085,2016-01-29,273,7501,7774
5085,2016-01-30,124,4968,5092
5085,2016-01-31,15,4152,4167
5085,2016-02-01,302,6805,7107
5085,2016-02-02,256,6098,6354
5085,2016-02-03,282,6270,6552
5085,2016-02-05,299,7324,7623
5085,2016-02-06,137,5018,5155
5085,2016-02-07,18,3634,3652
5085,2016-02-08,186,4734,4920
5085,2016-02-09,224,5144,5368
5085,2016-02-10,223,6287,6510
5085,2016-02-11,252,5638,5890
5085,2016-02-12,218,6594,6812
5085,2016-02-13,121,5170,5291
5085,2016-02-14,14,3950,3964
5085,2016-02-15,272,6934,7206
5085,2016-02-16,282,7158,7440
5085,2016-02-17,307,7152,7459
5085,2016-02-18,274,7181,7455
5085,2016-02-19,270,7512,7782
5085,2016-02-20,122,5307,5429
5085,2016-02-21,14,3958,3972
5085,2016-02-22,252,5978,6230
5085,2016-02-23,270,6362,6632
5085,2016-02-24,283,7020,7303
5085,2016-02-25,265,7154,7419
5085,2016-02-26,270,7665,7935
5085,2016-02-27,119,5924,6043
5085,2016-02-28,14,4042,4056
5085,2016-02-29,309,6926,7235
5085,2016-03-01,287,6995,7282
5085,2016-03-02,292,6214,6506
5085,2016-03-03,234,7011,7245
5085,2016-03-04,301,7315,7616
5085,2016-03-05,118,5076,5194
5085,2016-03-06,15,3948,3963
5085,2016-03-07,282,7209,7491
5085,2016-03-08,323,7345,7668
5085,2016-03-09,327,8325,8652
5085,2016-03-10,305,7406,7711
5085,2016-03-11,310,7565,7875
5085,2016-03-12,120,5852,5972
5085,2016-03-13,15,4444,4459
5085,2016-03-14,303,6784,7087
5085,2016-03-15,307,7176,7483
5085,2016-03-16,316,6998,7314
5085,2016-03-18,330,7618,7948
5085,2016-03-19,132,6000,6132
5085,2016-03-20,16,4574,4590
5085,2016-03-21,259,6871,7130
5085,2016-03-22,308,7382,7690
5085,2016-03-23,296,7259,7555
5085,2016-03-24,292,7117,7409
5085,2016-03-25,316,7489,7805
5085,2016-03-26,209,5478,5687
5085,2016-03-28,72,2660,2732
5085,2016-03-29,529,6678,7207
5085,2016-03-30,539,6763,7302
5085,2016-04-06,568,6651,7219
5085,2016-04-08,570,7228,7798
5085,2016-04-09,261,5604,5865
5085,2016-04-10,95,4493,4588
5085,2016-04-11,289,7078,7367
5085,2016-04-12,307,7530,7837
5085,2016-04-13,343,7232,7575
5085,2016-04-14,282,6716,6998
5085,2016-04-15,332,6902,7234
5085,2016-04-16,136,5328,5464
5085,2016-04-17,26,4576,4602
5085,2016-04-18,309,7147,7456
5085,2016-04-19,326,7519,7845
5085,2016-04-20,339,8220,8559
5085,2016-04-21,282,7965,8247
5085,2016-04-22,326,8099,8425
5085,2016-04-23,242,5896,6138
5085,2016-04-24,36,4284,4320
5085,2016-04-25,324,6296,6620
5085,2016-04-26,320,6590,6910
5085,2016-04-27,346,6648,6994
5085,2016-04-28,306,7616,7922
5085,2016-04-29,320,7943,8263
5085,2016-04-30,128,5232,5360
5085,2016-05-01,18,3620,3638
5085,2016-05-02,289,7115,7404
5085,2016-05-03,320,7500,7820
5085,2016-05-04,306,7802,8108
5085,2016-05-05,36,4172,4208
5085,2016-05-06,285,7349,7634
5085,2016-05-07,161,5850,6011
5085,2016-05-08,34,4704,4738
5085,2016-05-09,328,7599,7927
5085,2016-05-10,332,7873,8205
5085,2016-05-11,353,7748,8101
5085,2016-05-12,325,7884,8209
5085,2016-05-13,366,6670,7036
5085,2016-05-14,152,5491,5643
5085,2016-05-15,35,4021,4056
5085,2016-05-16,25,3195,3220
5085,2016-05-17,276,6520,6796
5085,2016-05-18,283,6309,6592
5085,2016-05-19,417,7998,8415
5085,2016-05-21,184,5077,5261
5085,2016-05-22,25,3857,3882
5085,2016-05-23,284,6701,6985
5085,2016-05-24,261,7194,7455
5085,2016-05-25,328,7002,7330
5085,2016-05-26,286,7111,7397
5085,2016-05-27,386,6584,6970
5085,2016-05-28,134,5728,5862
5085,2016-05-29,20,3698,3718
5085,2016-05-30,304,5690,5994
5085,2016-05-31,278,7052,7330
5085,2016-06-01,336,6194,6530
5085,2016-06-02,272,6406,6678
5085,2016-06-03,264,7364,7628
5085,2016-06-04,126,5000,5126
5085,2016-06-05,46,5191,5237
5085,2016-06-06,313,6740,7053
5085,2016-06-07,259,6975,7234
5085,2016-06-08,304,6162,6466
5085,2016-06-09,288,7289,7577
5085,2016-06-10,291,7621,7912
5085,2016-06-11,134,5760,5894
5085,2016-06-12,20,3946,3966
5085,2016-06-13,298,5848,6146
5085,2016-06-14,275,7075,7350
5085,2016-06-15,360,6168,6528
5085,2016-06-16,324,6206,6530
5085,2016-06-17,324,6478,6802
5085,2016-06-18,138,5408,5546
5085,2016-06-19,36,4339,4375
5085,2016-06-20,324,6776,7100
5085,2016-06-21,286,6368,6654
5085,2016-06-22,363,8074,8437
5085,2016-06-23,27,4305,4332
5085,2016-06-24,270,6142,6412
5085,2016-06-25,120,4856,4976
5085,2016-06-26,46,6344,6390
5085,2016-06-27,306,6951,7257
5085,2016-06-28,292,7252,7544
5085,2016-06-29,297,7358,7655
5085,2016-06-30,346,7244,7590
5085,2016-07-01,299,7487,7786
5085,2016-07-02,191,5721,5912
5085,2016-07-03,44,4292,4336
5085,2016-07-04,299,7041,7340
5085,2016-07-05,322,7310,7632
5085,2016-07-06,345,7326,7671
5085,2016-07-07,296,7539,7835
5085,2016-07-08,324,7860,8184
5085,2016-07-09,171,5890,6061
5085,2016-07-10,65,4545,4610
5085,2016-07-11,316,7034,7350
5085,2016-07-12,315,7363,7678
5085,2016-07-13,316,6326,6642
5085,2016-07-14,286,6696,6982
5085,2016-07-15,271,7504,7775
5085,2016-07-16,166,5518,5684
5085,2016-07-17,54,4884,4938
5085,2016-07-18,316,9016,9332
5085,2016-07-19,306,7758,8064
5085,2016-07-20,310,8465,8775
5085,2016-07-21,300,6020,6320
5085,2016-07-23,200,5822,6022
5085,2016-07-24,89,5229,5318
5085,2016-07-25,259,8071,8330
5085,2016-07-26,310,6554,6864
5085,2016-07-27,284,6593,6877
5085,2016-07-28,240,6731,6971
5085,2016-07-30,135,5086,5221
5085,2016-07-31,42,3806,3848
5085,2016-08-01,208,5702,5910
5085,2016-08-02,220,5760,5980
5085,2016-08-03,215,5876,6091
5085,2016-08-04,204,5873,6077
5085,2016-08-06,130,4684,4814
5085,2016-08-07,49,4003,4052
5085,2016-08-08,220,5467,5687
5085,2016-08-09,233,5606,5839
5085,2016-08-10,252,5290,5542
5085,2016-08-12,234,5739,5973
5085,2016-08-13,150,4618,4768
5085,2016-08-14,55,3617,3672
5085,2016-08-15,63,3503,3566
5085,2016-08-16,257,5555,5812
5085,2016-08-17,234,5775,6009
5085,2016-08-19,224,5762,5986
5085,2016-08-20,217,4570,4787
5085,2016-08-21,126,3388,3514
5085,2016-08-22,436,5635,6071
5085,2016-08-23,481,5918,6399
5085,2016-08-24,457,5863,6320
5085,2016-08-25,493,5797,6290
5085,2016-08-26,471,6151,6622
5085,2016-08-27,230,4202,4432
5085,2016-08-28,141,3782,3923
5085,2016-08-29,474,5936,6410
5085,2016-08-30,464,6339,6803
5085,2016-08-31,510,6560,7070
5085,2016-09-01,513,6631,7144
5085,2016-09-02,481,6830,7311
5085,2016-09-03,257,5038,5295
5085,2016-09-04,112,3546,3658
5085,2016-09-05,493,6770,7263
5085,2016-09-06,527,6836,7363
5085,2016-09-07,582,7141,7723
5085,2016-09-08,563,7205,7768
5085,2016-09-09,512,7620,8132
5085,2016-09-10,245,5647,5892
5085,2016-09-11,134,4957,5091
5085,2016-09-12,319,6911,7230
5085,2016-09-13,279,7201,7480
5085,2016-09-14,280,7212,7492
5085,2016-09-15,258,7383,7641
5085,2016-09-16,281,7857,8138
5085,2016-09-17,156,6200,6356
5085,2016-09-18,31,5036,5067
5085,2016-09-19,317,7032,7349
5085,2016-09-20,303,7468,7771
5085,2016-09-21,434,8573,9007
5085,2016-09-22,357,8264,8621
5085,2016-09-23,341,7941,8282
5085,2016-09-24,186,6198,6384
5085,2016-09-25,32,5093,5125
5085,2016-09-26,345,7071,7416
5085,2016-09-27,330,7591,7921
5085,2016-09-28,369,7231,7600
5085,2016-09-29,345,7616,7961
5085,2016-09-30,392,7977,8369
5085,2016-10-01,138,5576,5714
5085,2016-10-02,34,4657,4691
5085,2016-10-03,328,7211,7539
5085,2016-10-04,294,8036,8330
5085,2016-10-05,321,7554,7875
5085,2016-10-06,317,7583,7900
5085,2016-10-07,311,7818,8129
5085,2016-10-08,140,5885,6025
5085,2016-10-09,29,4504,4533
5085,2016-10-10,302,7232,7534
5085,2016-10-11,335,7928,8263
5085,2016-10-12,417,7616,8033
5085,2016-10-13,317,7622,7939
5085,2016-10-14,280,7774,8054
5085,2016-10-15,128,5996,6124
5085,2016-10-16,14,4640,4654
5085,2016-10-17,311,7233,7544
5085,2016-10-18,320,7532,7852
5085,2016-10-19,352,6516,6868
5085,2016-10-20,312,6838,7150
5085,2016-10-21,330,7943,8273
5085,2016-10-22,147,5933,6080
5085,2016-10-23,18,4437,4455
5085,2016-10-24,302,6748,7050
5085,2016-10-25,313,7548,7861
5085,2016-10-26,287,7428,7715
5085,2016-10-27,335,7504,7839
5085,2016-10-28,303,8037,8340
5085,2016-10-29,138,5804,5942
5085,2016-10-30,22,4538,4560
5085,2016-10-31,191,6447,6638
5085,2016-11-01,20,3825,3845
5085,2016-11-02,264,6772,7036
5085,2016-11-03,274,6831,7105
5085,2016-11-05,131,5379,5510
5085,2016-11-06,18,4006,4024
5085,2016-11-07,297,7759,8056
5085,2016-11-08,327,8551,8878
5085,2016-11-09,372,8324,8696
5085,2016-11-10,326,8700,9026
5085,2016-11-11,333,8004,8337
5085,2016-11-12,126,5942,6068
5085,2016-11-13,16,3954,3970
5085,2016-11-14,278,7243,7521
5085,2016-11-15,268,7829,8097
5085,2016-11-16,306,7382,7688
5085,2016-11-17,324,7542,7866
5085,2016-11-18,288,7154,7442
5085,2016-11-19,123,5942,6065
5085,2016-11-20,21,4079,4100
5085,2016-11-21,279,6912,7191
5085,2016-11-22,261,7304,7565
5085,2016-11-23,289,7134,7423
5085,2016-11-24,258,7464,7722
5085,2016-11-26,181,8912,9093
5085,2016-11-27,34,6412,6446
5085,2016-11-28,282,7096,7378
5085,2016-11-29,250,7381,7631
5085,2016-11-30,282,7443,7725
5085,2016-12-01,253,7463,7716
5085,2016-12-02,278,7847,8125
5085,2016-12-03,139,5914,6053
5085,2016-12-04,26,4356,4382
5085,2016-12-05,283,7084,7367
5085,2016-12-06,278,7050,7328
5085,2016-12-07,297,7211,7508
5085,2016-12-08,298,7685,7983
5085,2016-12-09,302,7878,8180
5085,2016-12-10,150,6032,6182
5085,2016-12-11,20,3981,4001
5085,2016-12-12,327,6953,7280
5085,2016-12-13,320,7403,7723
5085,2016-12-14,332,7236,7568
5085,2016-12-15,289,7448,7737
5085,2016-12-16,259,7929,8188
5085,2016-12-17,121,6187,6308
5085,2016-12-18,24,4180,4204
5085,2016-12-19,320,7248,7568
5085,2016-12-20,333,7607,7940
5085,2016-12-21,339,7730,8069
5085,2016-12-22,298,8520,8818
5085,2016-12-23,244,8045,8289
5085,2016-12-24,115,4993,5108
5085,2016-12-25,11,3135,3146
5085,2016-12-26,6,2772,2778
5085,2016-12-27,131,5283,5414
5085,2016-12-28,181,5321,5502
5085,2016-12-29,149,5550,5699
5085,2016-12-30,157,5719,5876
5085,2016-12-31,89,4512,4601
5086,2016-01-01,17,3897,3914
5086,2016-01-02,82,6045,6127
5086,2016-01-03,32,4715,4747
5086,2016-01-04,186,9233,9419
5086,2016-01-05,175,9657,9832
5086,2016-01-06,209,9790,9999
5086,2016-01-07,247,10050,10297
5086,2016-01-08,261,10501,10762
5086,2016-01-09,86,7463,7549
5086,2016-01-10,21,4872,4893
5086,2016-01-11,280,10087,10367
5086,2016-01-12,320,10380,10700
5086,2016-01-13,329,10353,10682
5086,2016-01-14,271,10191,10462
5086,2016-01-15,220,9245,9465
5086,2016-01-16,91,7206,7297
5086,2016-01-17,15,4957,4972
5086,2016-01-18,247,9954,10201
5086,2016-01-19,236,10291,10527
5086,2016-01-20,256,10008,10264
5086,2016-01-21,228,10372,10600
5086,2016-01-22,226,9967,10193
5086,2016-01-23,90,7185,7275
5086,2016-01-24,10,5201,5211
5086,2016-01-25,277,10284,10561
5086,2016-01-26,309,10759,11068
5086,2016-01-27,310,10380,10690
5086,2016-01-28,322,10739,11061
5086,2016-01-29,285,11162,11447
5086,2016-01-30,120,7854,7974
5086,2016-01-31,14,5406,5420
5086,2016-02-01,269,10209,10478
5086,2016-02-02,318,10502,10820
5086,2016-02-03,388,10344,10732
5086,2016-02-05,285,11094,11379
5086,2016-02-06,105,7359,7464
5086,2016-02-07,21,4803,4824
5086,2016-02-08,268,7738,8006
5086,2016-02-09,256,8990,9246
5086,2016-02-10,247,9471,9718
5086,2016-02-11,298,9362,9660
5086,2016-02-12,243,9939,10182
5086,2016-02-13,77,7233,7310
5086,2016-02-14,21,5186,5207
5086,2016-02-15,344,10173,10517
5086,2016-02-16,317,10739,11056
5086,2016-02-17,325,10458,10783
5086,2016-02-18,321,10832,11153
5086,2016-02-19,323,10995,11318
5086,2016-02-20,101,7948,8049
5086,2016-02-21,14,5274,5288
5086,2016-02-22,361,10458,10819
5086,2016-02-23,366,10870,11236
5086,2016-02-24,321,10733,11054
5086,2016-02-25,369,11129,11498
5086,2016-02-26,352,11398,11750
5086,2016-02-27,114,8833,8947
5086,2016-02-28,18,5522,5540
5086,2016-02-29,365,10899,11264
5086,2016-03-01,313,10918,11231
5086,2016-03-02,376,10438,10814
5086,2016-03-03,284,10768,11052
5086,2016-03-04,279,11259,11538
5086,2016-03-05,120,8268,8388
5086,2016-03-06,21,5549,5570
5086,2016-03-07,293,10883,11176
5086,2016-03-08,345,11182,11527
5086,2016-03-09,402,11100,11502
5086,2016-03-10,410,11354,11764
5086,2016-03-11,418,11484,11902
5086,2016-03-12,120,8255,8375
5086,2016-03-13,23,6172,6195
5086,2016-03-14,416,10623,11039
5086,2016-03-15,405,11205,11610
5086,2016-03-16,430,10887,11317
5086,2016-03-18,398,11700,12098
5086,2016-03-19,122,8329,8451
5086,2016-03-20,25,6483,6508
5086,2016-03-21,304,10668,10972
5086,2016-03-22,321,11465,11786
5086,2016-03-23,401,11000,11401
5086,2016-03-24,398,11177,11575
5086,2016-03-25,326,11259,11585
5086,2016-03-26,129,7511,7640
5086,2016-03-28,26,4330,4356
5086,2016-03-29,324,9906,10230
5086,2016-03-30,324,9909,10233
5086,2016-04-06,341,10468,10809
5086,2016-04-08,298,11073,11371
5086,2016-04-09,146,7974,8120
5086,2016-04-10,20,5972,5992
5086,2016-04-11,384,11187,11571
5086,2016-04-12,451,11961,12412
5086,2016-04-13,432,11479,11911
5086,2016-04-14,446,11718,12164
5086,2016-04-15,430,11860,12290
5086,2016-04-16,126,8694,8820
5086,2016-04-17,27,5908,5935
5086,2016-04-18,380,11079,11459
5086,2016-04-19,399,11443,11842
5086,2016-04-20,365,11410,11775
5086,2016-04-21,309,11499,11808
5086,2016-04-22,381,12243,12624
5086,2016-04-23,147,8623,8770
5086,2016-04-24,43,5794,5837
5086,2016-04-25,348,10864,11212
5086,2016-04-26,400,11256,11656
5086,2016-04-27,418,11028,11446
5086,2016-04-28,369,11971,12340
5086,2016-04-29,406,12182,12588
5086,2016-04-30,136,8684,8820
5086,2016-05-01,20,5754,5774
5086,2016-05-02,312,11205,11517
5086,2016-05-03,350,11706,12056
5086,2016-05-04,407,12011,12418
5086,2016-05-05,38,6319,6357
5086,2016-05-06,225,10395,10620
5086,2016-05-07,127,8387,8514
5086,2016-05-08,29,6459,6488
5086,2016-05-09,344,11211,11555
5086,2016-05-10,371,11635,12006
5086,2016-05-11,393,11454,11847
5086,2016-05-12,366,12089,12455
5086,2016-05-13,376,12222,12598
5086,2016-05-14,133,8277,8410
5086,2016-05-15,24,5703,5727
5086,2016-05-16,26,4563,4589
5086,2016-05-17,334,10515,10849
5086,2016-05-18,326,10405,10731
5086,2016-05-20,347,10443,10790
5086,2016-05-21,158,7684,7842
5086,2016-05-22,43,5351,5394
5086,2016-05-23,376,10683,11059
5086,2016-05-24,338,11267,11605
5086,2016-05-25,387,10876,11263
5086,2016-05-26,330,11316,11646
5086,2016-05-27,402,12140,12542
5086,2016-05-28,137,8401,8538
5086,2016-05-29,8,5622,5630
5086,2016-05-30,342,10684,11026
5086,2016-05-31,340,11582,11922
5086,2016-06-01,408,11232,11640
5086,2016-06-02,382,11424,11806
5086,2016-06-03,317,12175,12492
5086,2016-06-04,140,8740,8880
5086,2016-06-05,41,7009,7050
5086,2016-06-06,369,11137,11506
5086,2016-06-07,332,11574,11906
5086,2016-06-08,400,11150,11550
5086,2016-06-09,379,11940,12319
5086,2016-06-10,394,12673,13067
5086,2016-06-11,150,8481,8631
5086,2016-06-12,18,6240,6258
5086,2016-06-13,378,10554,10932
5086,2016-06-14,338,11620,11958
5086,2016-06-15,368,11454,11822
5086,2016-06-16,358,11479,11837
5086,2016-06-17,476,11936,12412
5086,2016-06-18,139,8373,8512
5086,2016-06-19,27,6102,6129
5086,2016-06-20,343,11076,11419
5086,2016-06-21,360,11410,11770
5086,2016-06-22,444,12284,12728
5086,2016-06-23,41,6040,6081
5086,2016-06-24,350,10268,10618
5086,2016-06-25,120,7760,7880
5086,2016-06-26,40,7606,7646
5086,2016-06-27,377,11311,11688
5086,2016-06-28,357,11763,12120
5086,2016-06-29,407,11834,12241
5086,2016-06-30,379,12051,12430
5086,2016-07-01,366,12450,12816
5086,2016-07-02,135,8787,8922
5086,2016-07-03,42,6840,6882
5086,2016-07-04,346,11440,11786
5086,2016-07-05,344,11876,12220
5086,2016-07-06,390,11512,11902
5086,2016-07-07,307,11547,11854
5086,2016-07-08,333,12331,12664
5086,2016-07-09,159,8830,8989
5086,2016-07-10,49,6414,6463
5086,2016-07-11,345,11093,11438
5086,2016-07-12,395,12049,12444
5086,2016-07-13,412,11886,12298
5086,2016-07-14,316,12118,12434
5086,2016-07-15,336,12221,12557
5086,2016-07-16,150,8408,8558
5086,2016-07-17,46,7545,7591
5086,2016-07-18,310,11181,11491
5086,2016-07-19,341,11245,11586
5086,2016-07-20,336,11199,11535
5086,2016-07-22,384,12054,12438
5086,2016-07-23,158,8738,8896
5086,2016-07-24,32,6498,6530
5086,2016-07-25,316,10665,10981
5086,2016-07-26,382,10728,11110
5086,2016-07-27,358,11048,11406
5086,2016-07-29,246,10718,10964
5086,2016-07-30,108,7765,7873
5086,2016-07-31,33,5682,5715
5086,2016-08-01,191,9234,9425
5086,2016-08-02,176,9412,9588
5086,2016-08-03,200,9377,9577
5086,2016-08-05,185,9856,10041
5086,2016-08-06,99,7406,7505
5086,2016-08-07,31,6356,6387
5086,2016-08-08,205,8659,8864
5086,2016-08-09,187,8975,9162
5086,2016-08-10,243,9033,9276
5086,2016-08-12,199,9170,9369
5086,2016-08-13,114,7172,7286
5086,2016-08-14,41,5580,5621
5086,2016-08-15,64,5596,5660
5086,2016-08-16,232,9157,9389
5086,2016-08-17,235,9192,9427
5086,2016-08-19,238,9045,9283
5086,2016-08-20,107,7476,7583
5086,2016-08-21,32,5236,5268
5086,2016-08-22,241,9355,9596
5086,2016-08-23,260,9851,10111
5086,2016-08-24,300,9741,10041
5086,2016-08-25,291,10251,10542
5086,2016-08-26,296,10307,10603
5086,2016-08-27,132,7162,7294
5086,2016-08-28,29,5715,5744
5086,2016-08-29,303,10163,10466
5086,2016-08-30,263,10730,10993
5086,2016-08-31,340,10625,10965
5086,2016-09-01,331,10677,11008
5086,2016-09-02,302,11261,11563
5086,2016-09-03,127,8039,8166
5086,2016-09-04,22,5780,5802
5086,2016-09-05,297,10550,10847
5086,2016-09-06,320,10810,11130
5086,2016-09-07,358,10930,11288
5086,2016-09-08,309,11369,11678
5086,2016-09-09,335,11694,12029
5086,2016-09-10,145,8669,8814
5086,2016-09-11,42,7491,7533
5086,2016-09-12,370,11585,11955
5086,2016-09-13,358,11800,12158
5086,2016-09-14,384,11701,12085
5086,2016-09-15,394,12271,12665
5086,2016-09-16,361,12445,12806
5086,2016-09-17,145,9075,9220
5086,2016-09-18,26,6768,6794
5086,2016-09-19,367,11620,11987
5086,2016-09-20,356,12219,12575
5086,2016-09-21,392,12153,12545
5086,2016-09-22,337,12541,12878
5086,2016-09-23,386,13022,13408
5086,2016-09-24,190,9469,9659
5086,2016-09-25,64,7819,7883
5086,2016-09-26,370,11657,12027
5086,2016-09-27,384,12122,12506
5086,2016-09-28,379,11821,12200
5086,2016-09-29,393,12419,12812
5086,2016-09-30,420,12618,13038
5086,2016-10-01,124,8872,8996
5086,2016-10-02,25,6727,6752
5086,2016-10-03,340,11850,12190
5086,2016-10-04,355,12579,12934
5086,2016-10-05,356,11642,11998
5086,2016-10-06,349,12084,12433
5086,2016-10-07,356,12413,12769
5086,2016-10-08,146,8875,9021
5086,2016-10-09,56,6748,6804
5086,2016-10-10,347,11618,11965
5086,2016-10-11,355,12200,12555
5086,2016-10-12,401,11605,12006
5086,2016-10-13,375,12136,12511
5086,2016-10-14,358,12285,12643
5086,2016-10-15,117,8841,8958
5086,2016-10-16,22,6704,6726
5086,2016-10-17,359,11434,11793
5086,2016-10-18,360,12092,12452
5086,2016-10-19,406,11684,12090
5086,2016-10-20,393,12282,12675
5086,2016-10-21,392,12649,13041
5086,2016-10-22,156,8731,8887
5086,2016-10-23,22,6315,6337
5086,2016-10-24,309,11449,11758
5086,2016-10-25,324,12186,12510
5086,2016-10-26,365,11970,12335
5086,2016-10-27,366,12329,12695
5086,2016-10-28,347,12661,13008
5086,2016-10-29,122,8988,9110
5086,2016-10-30,27,6595,6622
5086,2016-10-31,228,9723,9951
5086,2016-11-01,26,5653,5679
5086,2016-11-02,317,10828,11145
5086,2016-11-04,349,11257,11606
5086,2016-11-05,96,8181,8277
5086,2016-11-06,31,5802,5833
5086,2016-11-07,344,11726,12070
5086,2016-11-08,372,12410,12782
5086,2016-11-09,349,11769,12118
5086,2016-11-10,353,12484,12837
5086,2016-11-11,333,12469,12802
5086,2016-11-12,127,8647,8774
5086,2016-11-13,18,5821,5839
5086,2016-11-14,319,11608,11927
5086,2016-11-15,271,12067,12338
5086,2016-11-16,332,11543,11875
5086,2016-11-17,366,11526,11892
5086,2016-11-18,338,12210,12548
5086,2016-11-19,127,8476,8603
5086,2016-11-20,18,5742,5760
5086,2016-11-21,290,11315,11605
5086,2016-11-22,323,12094,12417
5086,2016-11-23,350,11588,11938
5086,2016-11-25,335,12350,12685
5086,2016-11-26,161,10783,10944
5086,2016-11-27,24,7443,7467
5086,2016-11-28,352,11643,11995
5086,2016-11-29,336,12457,12793
5086,2016-11-30,360,11853,12213
5086,2016-12-01,347,12192,12539
5086,2016-12-02,346,12479,12825
5086,2016-12-03,115,8660,8775
5086,2016-12-04,24,6312,6336
5086,2016-12-05,344,11786,12130
5086,2016-12-06,305,11888,12193
5086,2016-12-07,392,11608,12000
5086,2016-12-08,354,12295,12649
5086,2016-12-09,323,12428,12751
5086,2016-12-10,106,8516,8622
5086,2016-12-11,18,5885,5903
5086,2016-12-12,349,11504,11853
5086,2016-12-13,303,12151,12454
5086,2016-12-14,354,11651,12005
5086,2016-12-15,349,12096,12445
5086,2016-12-16,308,12577,12885
5086,2016-12-17,125,8575,8700
5086,2016-12-18,24,6058,6082
5086,2016-12-19,326,11541,11867
5086,2016-12-20,342,12206,12548
5086,2016-12-21,368,12014,12382
5086,2016-12-22,266,12079,12345
5086,2016-12-23,204,11173,11377
5086,2016-12-24,95,6755,6850
5086,2016-12-25,10,4836,4846
5086,2016-12-26,14,4520,4534
5086,2016-12-27,134,7831,7965
5086,2016-12-28,131,8074,8205
5086,2016-12-29,125,8327,8452
5086,2016-12-30,124,8192,8316
5086,2016-12-31,85,6099,6184
5088,2016-01-01,15,1063,1078
5088,2016-01-02,63,1500,1563
5088,2016-01-03,19,1303,1322
5088,2016-01-04,108,2184,2292
5088,2016-01-05,123,2287,2410
5088,2016-01-06,112,2274,2386
5088,2016-01-07,110,2360,2470
5088,2016-01-08,125,2543,2668
5088,2016-01-09,80,2061,2141
5088,2016-01-10,25,1298,1323
5088,2016-01-11,145,2343,2488
5088,2016-01-12,143,2656,2799
5088,2016-01-13,191,2617,2808
5088,2016-01-14,136,2074,2210
5088,2016-01-15,145,2382,2527
5088,2016-01-16,87,1985,2072
5088,2016-01-17,14,1422,1436
5088,2016-01-18,140,2341,2481
5088,2016-01-19,153,2407,2560
5088,2016-01-20,129,2565,2694
5088,2016-01-21,166,2519,2685
5088,2016-01-22,145,2348,2493
5088,2016-01-23,81,1964,2045
5088,2016-01-24,14,1476,1490
5088,2016-01-25,174,2420,2594
5088,2016-01-26,209,2613,2822
5088,2016-01-27,180,2647,2827
5088,2016-01-28,175,2791,2966
5088,2016-01-29,170,2719,2889
5088,2016-01-30,48,1882,1930
5088,2016-01-31,13,1486,1499
5088,2016-02-01,150,2551,2701
5088,2016-02-02,166,2624,2790
5088,2016-02-03,183,2593,2776
5088,2016-02-05,157,2597,2754
5088,2016-02-06,95,2082,2177
5088,2016-02-07,19,1529,1548
5088,2016-02-08,126,1866,1992
5088,2016-02-09,104,1856,1960
5088,2016-02-10,179,2400,2579
5088,2016-02-11,170,2396,2566
5088,2016-02-12,169,2438,2607
5088,2016-02-13,91,1930,2021
5088,2016-02-14,17,1462,1479
5088,2016-02-15,168,2411,2579
5088,2016-02-16,214,2610,2824
5088,2016-02-17,224,2834,3058
5088,2016-02-18,212,2860,3072
5088,2016-02-19,188,2662,2850
5088,2016-02-20,61,2146,2207
5088,2016-02-21,14,1585,1599
5088,2016-02-22,209,2518,2727
5088,2016-02-23,208,2888,3096
5088,2016-02-24,171,2728,2899
5088,2016-02-25,179,2963,3142
5088,2016-02-26,181,2851,3032
5088,2016-02-27,88,2609,2697
5088,2016-02-28,19,1861,1880
5088,2016-02-29,192,2708,2900
5088,2016-03-01,183,2630,2813
5088,2016-03-02,174,2736,2910
5088,2016-03-03,170,2431,2601
5088,2016-03-04,126,2442,2568
5088,2016-03-05,102,2306,2408
5088,2016-03-06,28,1741,1769
5088,2016-03-07,179,2394,2573
5088,2016-03-08,200,2691,2891
5088,2016-03-09,191,2584,2775
5088,2016-03-10,205,2787,2992
5088,2016-03-11,177,2841,3018
5088,2016-03-12,124,2605,2729
5088,2016-03-13,32,2053,2085
5088,2016-03-14,184,2550,2734
5088,2016-03-15,204,2679,2883
5088,2016-03-16,161,2728,2889
5088,2016-03-18,193,2970,3163
5088,2016-03-19,96,2496,2592
5088,2016-03-20,13,1936,1949
5088,2016-03-21,178,2552,2730
5088,2016-03-22,214,2839,3053
5088,2016-03-23,185,2745,2930
5088,2016-03-24,199,2716,2915
5088,2016-03-25,170,2846,3016
5088,2016-03-26,93,2500,2593
5088,2016-03-28,28,1273,1301
5088,2016-03-29,190,2666,2856
5088,2016-03-30,200,2505,2705
5088,2016-04-06,250,2914,3164
5088,2016-04-08,227,3195,3422
5088,2016-04-09,110,2998,3108
5088,2016-04-10,24,2652,2676
5088,2016-04-11,203,2945,3148
5088,2016-04-12,212,3030,3242
5088,2016-04-13,210,2979,3189
5088,2016-04-14,240,3183,3423
5088,2016-04-15,223,3065,3288
5088,2016-04-16,163,2846,3009
5088,2016-04-17,30,2394,2424
5088,2016-04-18,207,2876,3083
5088,2016-04-19,283,3139,3422
5088,2016-04-20,231,3231,3462
5088,2016-04-21,190,3214,3404
5088,2016-04-22,204,3207,3411
5088,2016-04-23,114,2732,2846
5088,2016-04-24,23,2565,2588
5088,2016-04-25,178,2649,2827
5088,2016-04-26,222,3056,3278
5088,2016-04-27,185,2969,3154
5088,2016-04-28,196,3108,3304
5088,2016-04-29,210,3360,3570
5088,2016-04-30,110,2854,2964
5088,2016-05-01,22,2020,2042
5088,2016-05-02,172,3054,3226
5088,2016-05-03,196,3067,3263
5088,2016-05-04,209,3320,3529
5088,2016-05-05,23,2729,2752
5088,2016-05-06,148,3541,3689
5088,2016-05-07,95,3146,3241
5088,2016-05-08,24,3249,3273
5088,2016-05-09,188,3019,3207
5088,2016-05-10,186,3024,3210
5088,2016-05-11,202,3146,3348
5088,2016-05-12,215,3397,3612
5088,2016-05-13,190,3078,3268
5088,2016-05-14,100,2928,3028
5088,2016-05-15,24,2135,2159
5088,2016-05-16,28,2120,2148
5088,2016-05-17,232,2978,3210
5088,2016-05-18,183,2785,2968
5088,2016-05-20,200,3036,3236
5088,2016-05-21,115,2846,2961
5088,2016-05-22,26,1900,1926
5088,2016-05-23,205,2857,3062
5088,2016-05-24,231,3279,3510
5088,2016-05-25,228,3377,3605
5088,2016-05-27,214,3608,3822
5088,2016-05-28,139,2817,2956
5088,2016-05-29,25,2098,2123
5088,2016-05-30,152,2638,2790
5088,2016-05-31,177,3049,3226
5088,2016-06-01,179,3109,3288
5088,2016-06-03,210,3126,3336
5088,2016-06-04,122,2458,2580
5088,2016-06-05,27,2272,2299
5088,2016-06-06,185,2970,3155
5088,2016-06-07,213,3186,3399
5088,2016-06-08,234,2940,3174
5088,2016-06-10,215,3415,3630
5088,2016-06-11,116,2958,3074
5088,2016-06-12,30,2259,2289
5088,2016-06-13,198,2882,3080
5088,2016-06-14,197,3208,3405
5088,2016-06-15,182,3080,3262
5088,2016-06-17,233,3318,3551
5088,2016-06-18,105,2745,2850
5088,2016-06-19,27,2595,2622
5088,2016-06-20,224,2988,3212
5088,2016-06-21,230,3215,3445
5088,2016-06-22,215,3409,3624
5088,2016-06-24,167,3187,3354
5088,2016-06-25,112,2450,2562
5088,2016-06-26,38,1926,1964
5088,2016-06-27,200,2557,2757
5088,2016-06-28,204,3201,3405
5088,2016-06-29,245,3248,3493
5088,2016-07-01,200,3468,3668
5088,2016-07-02,144,2842,2986
5088,2016-07-03,31,2450,2481
5088,2016-07-04,172,3005,3177
5088,2016-07-05,218,3198,3416
5088,2016-07-06,227,3348,3575
5088,2016-07-08,201,3505,3706
5088,2016-07-09,123,3296,3419
5088,2016-07-10,45,2960,3005
5088,2016-07-11,222,3164,3386
5088,2016-07-12,241,3475,3716
5088,2016-07-13,198,3323,3521
5088,2016-07-15,211,3472,3683
5088,2016-07-16,120,2978,3098
5088,2016-07-17,30,2710,2740
5088,2016-07-18,241,3148,3389
5088,2016-07-19,285,3605,3890
5088,2016-07-20,236,3338,3574
5088,2016-07-22,234,3574,3808
5088,2016-07-23,152,2636,2788
5088,2016-07-24,46,2604,2650
5088,2016-07-25,246,3060,3306
5088,2016-07-26,272,3250,3522
5088,2016-07-27,259,3455,3714
5088,2016-07-29,193,3324,3517
5088,2016-07-30,104,2855,2959
5088,2016-07-31,28,2419,2447
5088,2016-08-01,159,2796,2955
5088,2016-08-02,132,2864,2996
5088,2016-08-03,125,2935,3060
5088,2016-08-05,148,2911,3059
5088,2016-08-06,101,2660,2761
5088,2016-08-07,31,2518,2549
5088,2016-08-08,157,2643,2800
5088,2016-08-09,161,2945,3106
5088,2016-08-10,154,2644,2798
5088,2016-08-12,146,2974,3120
5088,2016-08-13,102,2405,2507
5088,2016-08-14,51,2511,2562
5088,2016-08-15,52,2306,2358
5088,2016-08-16,159,2877,3036
5088,2016-08-17,147,2797,2944
5088,2016-08-19,166,2902,3068
5088,2016-08-20,119,2421,2540
5088,2016-08-21,37,1961,1998
5088,2016-08-22,170,2804,2974
5088,2016-08-23,206,3095,3301
5088,2016-08-24,194,3109,3303
5088,2016-08-25,199,3216,3415
5088,2016-08-26,198,3244,3442
5088,2016-08-27,124,2544,2668
5088,2016-08-28,36,2419,2455
5088,2016-08-29,208,2901,3109
5088,2016-08-30,219,3109,3328
5088,2016-08-31,202,3172,3374
5088,2016-09-01,239,3230,3469
5088,2016-09-02,219,3153,3372
5088,2016-09-03,117,2756,2873
5088,2016-09-04,27,2076,2103
5088,2016-09-05,204,2929,3133
5088,2016-09-06,207,3318,3525
5088,2016-09-07,197,3309,3506
5088,2016-09-08,193,3313,3506
5088,2016-09-09,206,3298,3504
5088,2016-09-10,116,2939,3055
5088,2016-09-11,25,2774,2799
5088,2016-09-12,185,3110,3295
5088,2016-09-13,205,3263,3468
5088,2016-09-14,173,3361,3534
5088,2016-09-15,195,3316,3511
5088,2016-09-16,200,3390,3590
5088,2016-09-17,130,2927,3057
5088,2016-09-18,27,2582,2609
5088,2016-09-19,173,2465,2638
5088,2016-09-20,203,2306,2509
5088,2016-09-21,206,2373,2579
5088,2016-09-22,192,2631,2823
5088,2016-09-23,183,3309,3492
5088,2016-09-24,107,3056,3163
5088,2016-09-25,41,2818,2859
5088,2016-09-26,186,3153,3339
5088,2016-09-27,206,3457,3663
5088,2016-09-28,216,3274,3490
5088,2016-09-30,183,3326,3509
5088,2016-10-01,118,2842,2960
5088,2016-10-02,31,2620,2651
5088,2016-10-03,175,3191,3366
5088,2016-10-04,216,3089,3305
5088,2016-10-05,206,2937,3143
5088,2016-10-06,220,3295,3515
5088,2016-10-07,217,3367,3584
5088,2016-10-08,113,2909,3022
5088,2016-10-09,29,2614,2643
5088,2016-10-10,230,3052,3282
5088,2016-10-11,236,3204,3440
5088,2016-10-12,211,3159,3370
5088,2016-10-13,209,3295,3504
5088,2016-10-14,250,3721,3971
5088,2016-10-15,128,2972,3100
5088,2016-10-16,34,2678,2712
5088,2016-10-17,196,3102,3298
5088,2016-10-18,227,3340,3567
5088,2016-10-19,225,3174,3399
5088,2016-10-20,222,3323,3545
5088,2016-10-21,256,3492,3748
5088,2016-10-22,135,2780,2915
5088,2016-10-23,22,2149,2171
5088,2016-10-24,580,7758,8338
5088,2016-10-25,816,10470,11286
5088,2016-10-26,811,10581,11392
5088,2016-10-27,695,8434,9129
5088,2016-10-28,309,3573,3882
5088,2016-10-29,97,2880,2977
5088,2016-10-30,18,2279,2297
5088,2016-10-31,133,2870,3003
5088,2016-11-01,22,2088,2110
5088,2016-11-02,213,3249,3462
5088,2016-11-04,202,3123,3325
5088,2016-11-05,94,2508,2602
5088,2016-11-06,21,2078,2099
5088,2016-11-07,173,2945,3118
5088,2016-11-08,198,3029,3227
5088,2016-11-09,171,3050,3221
5088,2016-11-10,193,3260,3453
5088,2016-11-11,206,3371,3577
5088,2016-11-12,91,2780,2871
5088,2016-11-13,17,1961,1978
5088,2016-11-14,235,2988,3223
5088,2016-11-15,185,3089,3274
5088,2016-11-16,163,3096,3259
5088,2016-11-17,201,3146,3347
5088,2016-11-18,172,2728,2900
5088,2016-11-19,103,2748,2851
5088,2016-11-20,21,1892,1913
5088,2016-11-21,133,2788,2921
5088,2016-11-22,191,3156,3347
5088,2016-11-23,203,3015,3218
5088,2016-11-25,188,3236,3424
5088,2016-11-26,99,2653,2752
5088,2016-11-27,16,1820,1836
5088,2016-11-28,198,3063,3261
5088,2016-11-29,216,3196,3412
5088,2016-11-30,238,3139,3377
5088,2016-12-01,199,3167,3366
5088,2016-12-02,217,3408,3625
5088,2016-12-03,82,2775,2857
5088,2016-12-04,24,2210,2234
5088,2016-12-05,161,2961,3122
5088,2016-12-06,185,2966,3151
5088,2016-12-07,188,3086,3274
5088,2016-12-08,171,3179,3350
5088,2016-12-09,210,3106,3316
5088,2016-12-10,119,2488,2607
5088,2016-12-11,19,1815,1834
5088,2016-12-12,154,2815,2969
5088,2016-12-13,180,3059,3239
5088,2016-12-14,171,3153,3324
5088,2016-12-15,200,3254,3454
5088,2016-12-16,177,3148,3325
5088,2016-12-17,92,2497,2589
5088,2016-12-18,19,1812,1831
5088,2016-12-19,170,2888,3058
5088,2016-12-20,176,3019,3195
5088,2016-12-21,203,3031,3234
5088,2016-12-22,174,2959,3133
5088,2016-12-23,123,2768,2891
5088,2016-12-24,69,1658,1727
5088,2016-12-25,15,1458,1473
5088,2016-12-26,30,1252,1282
5088,2016-12-27,127,2133,2260
5088,2016-12-28,110,2186,2296
5088,2016-12-29,117,2380,2497
5088,2016-12-30,106,2274,2380
5088,2016-12-31,80,1515,1595
5092,2016-01-01,51,10592,10643
5092,2016-01-02,164,13919,14083
5092,2016-01-03,88,12549,12637
5092,2016-01-04,849,21151,22000
5092,2016-01-05,984,22195,23179
5092,2016-01-06,1108,22646,23754
5092,2016-01-07,1098,23372,24470
5092,2016-01-08,1103,24818,25921
5092,2016-01-09,237,17774,18011
5092,2016-01-10,110,13805,13915
5092,2016-01-11,1344,23313,24657
5092,2016-01-12,1422,24570,25992
5092,2016-01-13,1497,24725,26222
5092,2016-01-14,1476,24263,25739
5092,2016-01-15,1093,21904,22997
5092,2016-01-16,300,17213,17513
5092,2016-01-17,106,14305,14411
5092,2016-01-18,1433,23406,24839
5092,2016-01-19,1496,24102,25598
5092,2016-01-20,1477,24640,26117
5092,2016-01-21,1334,25133,26467
5092,2016-01-22,1412,23373,24785
5092,2016-01-23,278,17135,17413
5092,2016-01-24,85,14250,14335
5092,2016-01-25,1501,24748,26249
5092,2016-01-26,1438,25848,27286
5092,2016-01-27,1531,25870,27401
5092,2016-01-28,1507,22668,24175
5092,2016-01-29,1505,23390,24895
5092,2016-01-30,300,17482,17782
5092,2016-01-31,106,13633,13739
5092,2016-02-01,1566,21144,22710
5092,2016-02-02,1455,22712,24167
5092,2016-02-03,1675,22110,23785
5092,2016-02-05,1389,21997,23386
5092,2016-02-06,286,15580,15866
5092,2016-02-07,104,12556,12660
5092,2016-02-08,1112,17035,18147
5092,2016-02-09,1273,19540,20813
5092,2016-02-10,1249,20175,21424
5092,2016-02-11,1434,21815,23249
5092,2016-02-12,1422,20873,22295
5092,2016-02-13,224,15879,16103
5092,2016-02-14,101,13010,13111
5092,2016-02-15,1428,20381,21809
5092,2016-02-16,1410,21045,22455
5092,2016-02-17,1310,21261,22571
5092,2016-02-18,1476,22671,24147
5092,2016-02-19,1501,25975,27476
5092,2016-02-20,307,18779,19086
5092,2016-02-21,94,15084,15178
5092,2016-02-22,1487,24231,25718
5092,2016-02-23,1602,25464,27066
5092,2016-02-24,1568,25775,27343
5092,2016-02-25,1631,26686,28317
5092,2016-02-26,1500,27201,28701
5092,2016-02-27,318,20374,20692
5092,2016-02-28,90,15710,15800
5092,2016-02-29,1605,25627,27232
5092,2016-03-01,1687,25743,27430
5092,2016-03-02,1602,25223,26825
5092,2016-03-03,1552,25429,26981
5092,2016-03-04,1466,26007,27473
5092,2016-03-05,345,19291,19636
5092,2016-03-06,186,16143,16329
5092,2016-03-07,1755,24059,25814
5092,2016-03-08,1830,24990,26820
5092,2016-03-09,1934,22810,24744
5092,2016-03-10,1683,23853,25536
5092,2016-03-11,1742,25142,26884
5092,2016-03-12,424,20116,20540
5092,2016-03-13,185,17080,17265
5092,2016-03-14,1925,24845,26770
5092,2016-03-15,1702,25776,27478
5092,2016-03-16,1780,25554,27334
5092,2016-03-17,80,4626,4706
5092,2016-03-18,1682,26684,28366
5092,2016-03-19,367,19780,20147
5092,2016-03-20,127,17089,17216
5092,2016-03-21,1770,25244,27014
5092,2016-03-22,1696,26274,27970
5092,2016-03-23,1675,26188,27863
5092,2016-03-24,1703,26990,28693
5092,2016-03-25,1441,25101,26542
5092,2016-03-26,367,18143,18510
5092,2016-03-28,130,12855,12985
5092,2016-03-29,1756,23853,25609
5092,2016-03-30,1916,24270,26186
5092,2016-04-06,2704,26407,29111
5092,2016-04-08,1860,27366,29226
5092,2016-04-09,412,18755,19167
5092,2016-04-10,180,16248,16428
5092,2016-04-11,1869,25714,27583
5092,2016-04-12,1932,27486,29418
5092,2016-04-13,1826,27023,28849
5092,2016-04-14,1884,27617,29501
5092,2016-04-15,1875,28309,30184
5092,2016-04-16,386,20838,21224
5092,2016-04-17,145,17653,17798
5092,2016-04-18,1871,26559,28430
5092,2016-04-19,1893,27206,29099
5092,2016-04-20,1791,26361,28152
5092,2016-04-21,1751,26070,27821
5092,2016-04-22,1821,28175,29996
5092,2016-04-23,443,20657,21100
5092,2016-04-24,129,16656,16785
5092,2016-04-25,1898,25705,27603
5092,2016-04-26,1815,27232,29047
5092,2016-04-27,1844,27187,29031
5092,2016-04-28,1727,28195,29922
5092,2016-04-29,1759,28803,30562
5092,2016-04-30,460,20465,20925
5092,2016-05-01,147,16068,16215
5092,2016-05-02,1832,26132,27964
5092,2016-05-03,1884,27383,29267
5092,2016-05-04,1979,28770,30749
5092,2016-05-05,188,18263,18451
5092,2016-05-06,1135,24065,25200
5092,2016-05-07,407,20219,20626
5092,2016-05-08,249,18277,18526
5092,2016-05-09,1976,27766,29742
5092,2016-05-10,2039,28576,30615
5092,2016-05-11,2034,29072,31106
5092,2016-05-12,2099,29694,31793
5092,2016-05-13,1988,28577,30565
5092,2016-05-14,394,19036,19430
5092,2016-05-15,150,15230,15380
5092,2016-05-16,170,13455,13625
5092,2016-05-17,1917,24916,26833
5092,2016-05-18,1956,25406,27362
5092,2016-05-20,1930,26282,28212
5092,2016-05-21,461,18959,19420
5092,2016-05-22,139,15249,15388
5092,2016-05-23,1939,25646,27585
5092,2016-05-24,1965,26618,28583
5092,2016-05-25,2021,26970,28991
5092,2016-05-26,1800,27361,29161
5092,2016-05-27,1788,28467,30255
5092,2016-05-28,426,19733,20159
5092,2016-05-29,153,15848,16001
5092,2016-05-30,1713,24978,26691
5092,2016-05-31,1928,27365,29293
5092,2016-06-01,1854,27134,28988
5092,2016-06-02,1859,27344,29203
5092,2016-06-03,1871,28129,30000
5092,2016-06-04,420,19857,20277
5092,2016-06-05,175,16663,16838
5092,2016-06-06,1954,26217,28171
5092,2016-06-07,1935,26376,28311
5092,2016-06-08,1928,27151,29079
5092,2016-06-09,1782,27531,29313
5092,2016-06-10,1764,26443,28207
5092,2016-06-11,401,19665,20066
5092,2016-06-12,176,19045,19221
5092,2016-06-13,1973,25934,27907
5092,2016-06-14,1848,27150,28998
5092,2016-06-15,1979,27456,29435
5092,2016-06-16,1878,28025,29903
5092,2016-06-17,1945,28392,30337
5092,2016-06-18,419,19616,20035
5092,2016-06-19,176,16239,16415
5092,2016-06-20,1936,26301,28237
5092,2016-06-21,1890,27426,29316
5092,2016-06-22,2103,27974,30077
5092,2016-06-23,386,16248,16634
5092,2016-06-24,1477,22823,24300
5092,2016-06-25,333,17774,18107
5092,2016-06-26,182,16515,16697
5092,2016-06-27,1896,26500,28396
5092,2016-06-28,2050,27818,29868
5092,2016-06-29,1981,28034,30015
5092,2016-06-30,1942,28950,30892
5092,2016-07-01,2006,29284,31290
5092,2016-07-02,417,21103,21520
5092,2016-07-03,167,19646,19813
5092,2016-07-04,2081,26632,28713
5092,2016-07-05,1934,26491,28425
5092,2016-07-06,1704,25731,27435
5092,2016-07-07,1816,26696,28512
5092,2016-07-08,1855,28358,30213
5092,2016-07-09,482,20493,20975
5092,2016-07-10,185,18512,18697
5092,2016-07-11,1916,27046,28962
5092,2016-07-12,1971,28059,30030
5092,2016-07-13,1922,28054,29976
5092,2016-07-14,1925,28077,30002
5092,2016-07-15,1875,28026,29901
5092,2016-07-16,442,20170,20612
5092,2016-07-17,230,18954,19184
5092,2016-07-18,2054,25084,27138
5092,2016-07-19,1687,22865,24552
5092,2016-07-20,1328,18512,19840
5092,2016-07-21,304,6838,7142
5092,2016-07-22,1149,13424,14573
5092,2016-07-23,250,9272,9522
5092,2016-07-24,104,9237,9341
5092,2016-07-25,1107,13134,14241
5092,2016-07-26,971,10940,11911
5092,2016-07-27,1114,14405,15519
5092,2016-07-28,74,1087,1161
5092,2016-07-29,719,11378,12097
5092,2016-07-30,204,9957,10161
5092,2016-07-31,114,9616,9730
5092,2016-08-01,617,11468,12085
5092,2016-08-02,629,10735,11364
5092,2016-08-03,1120,18294,19414
5092,2016-08-05,1264,19044,20308
5092,2016-08-06,114,8079,8193
5092,2016-08-07,93,8856,8949
5092,2016-08-08,628,10505,11133
5092,2016-08-09,627,10499,11126
5092,2016-08-10,643,9756,10399
5092,2016-08-11,14,61,75
5092,2016-08-12,1176,18118,19294
5092,2016-08-13,158,8320,8478
5092,2016-08-14,75,8534,8609
5092,2016-08-15,122,7392,7514
5092,2016-08-16,726,11823,12549
5092,2016-08-17,798,13455,14253
5092,2016-08-18,72,506,578
5092,2016-08-19,1234,18534,19768
5092,2016-08-20,197,7786,7983
5092,2016-08-21,157,7814,7971
5092,2016-08-22,1524,19240,20764
5092,2016-08-23,730,9476,10206
5092,2016-08-24,947,12721,13668
5092,2016-08-25,1327,14287,15614
5092,2016-08-26,2228,25314,27542
5092,2016-08-27,640,18732,19372
5092,2016-08-28,246,15850,16096
5092,2016-08-29,2148,20446,22594
5092,2016-08-30,1785,22166,23951
5092,2016-08-31,2000,26407,28407
5092,2016-09-01,1983,26185,28168
5092,2016-09-02,1933,27380,29313
5092,2016-09-03,506,19577,20083
5092,2016-09-04,363,15875,16238
5092,2016-09-05,1162,15705,16867
5092,2016-09-06,1834,14215,16049
5092,2016-09-07,1056,18332,19388
5092,2016-09-08,2470,16513,18983
5092,2016-09-09,1322,18252,19574
5092,2016-09-10,481,19588,20069
5092,2016-09-11,233,16529,16762
5092,2016-09-12,1828,26383,28211
5092,2016-09-13,1815,27775,29590
5092,2016-09-14,1718,27733,29451
5092,2016-09-15,1692,27586,29278
5092,2016-09-16,1718,28700,30418
5092,2016-09-17,398,21306,21704
5092,2016-09-18,140,17248,17388
5092,2016-09-19,1713,27100,28813
5092,2016-09-20,1687,27869,29556
5092,2016-09-21,1734,26727,28461
5092,2016-09-22,1754,26647,28401
5092,2016-09-23,1849,29418,31267
5092,2016-09-24,503,23185,23688
5092,2016-09-25,212,20721,20933
5092,2016-09-26,1666,26880,28546
5092,2016-09-27,1883,27724,29607
5092,2016-09-28,1860,26113,27973
5092,2016-09-29,1791,28821,30612
5092,2016-09-30,1752,27499,29251
5092,2016-10-01,474,20857,21331
5092,2016-10-02,144,16989,17133
5092,2016-10-03,1704,26274,27978
5092,2016-10-04,1748,25144,26892
5092,2016-10-05,1715,24514,26229
5092,2016-10-06,1732,27404,29136
5092,2016-10-07,1717,29020,30737
5092,2016-10-08,398,21362,21760
5092,2016-10-09,156,18002,18158
5092,2016-10-10,1798,26132,27930
5092,2016-10-11,1879,25723,27602
5092,2016-10-12,1702,24600,26302
5092,2016-10-13,759,15805,16564
5092,2016-10-14,1691,27023,28714
5092,2016-10-15,384,20686,21070
5092,2016-10-16,156,16150,16306
5092,2016-10-17,1684,26890,28574
5092,2016-10-18,1664,27063,28727
5092,2016-10-19,1784,27297,29081
5092,2016-10-20,1801,28402,30203
5092,2016-10-21,1646,27719,29365
5092,2016-10-22,402,20885,21287
5092,2016-10-23,122,17549,17671
5092,2016-10-24,1857,23270,25127
5092,2016-10-25,1825,24504,26329
5092,2016-10-26,1945,25390,27335
5092,2016-10-27,1786,27715,29501
5092,2016-10-28,1763,29032,30795
5092,2016-10-29,451,19182,19633
5092,2016-10-30,130,15430,15560
5092,2016-10-31,1099,22573,23672
5092,2016-11-01,117,15926,16043
5092,2016-11-02,1827,26599,28426
5092,2016-11-03,879,15749,16628
5092,2016-11-04,1739,27024,28763
5092,2016-11-05,374,17832,18206
5092,2016-11-06,135,14657,14792
5092,2016-11-07,1835,23315,25150
5092,2016-11-08,1717,26669,28386
5092,2016-11-09,1738,25662,27400
5092,2016-11-10,1766,27167,28933
5092,2016-11-11,1646,28505,30151
5092,2016-11-12,335,20676,21011
5092,2016-11-13,115,15677,15792
5092,2016-11-14,1760,25889,27649
5092,2016-11-15,1674,25722,27396
5092,2016-11-16,1685,25584,27269
5092,2016-11-17,1696,26248,27944
5092,2016-11-18,1639,28369,30008
5092,2016-11-19,356,21256,21612
5092,2016-11-20,133,17445,17578
5092,2016-11-21,1733,26466,28199
5092,2016-11-22,1649,27561,29210
5092,2016-11-23,1683,27452,29135
5092,2016-11-24,808,17590,18398
5092,2016-11-25,1674,29182,30856
5092,2016-11-26,365,21804,22169
5092,2016-11-27,112,15520,15632
5092,2016-11-28,1735,26834,28569
5092,2016-11-29,1686,28181,29867
5092,2016-11-30,1745,28146,29891
5092,2016-12-01,1710,28383,30093
5092,2016-12-02,1705,29371,31076
5092,2016-12-03,322,20796,21118
5092,2016-12-04,138,16990,17128
5092,2016-12-05,1676,27511,29187
5092,2016-12-06,1773,27747,29520
5092,2016-12-07,1763,27896,29659
5092,2016-12-08,1696,28769,30465
5092,2016-12-09,1675,28954,30629
5092,2016-12-10,417,21219,21636
5092,2016-12-11,124,16163,16287
5092,2016-12-12,1631,26456,28087
5092,2016-12-13,1637,27904,29541
5092,2016-12-14,1697,27988,29685
5092,2016-12-15,1575,28483,30058
5092,2016-12-16,1611,29416,31027
5092,2016-12-17,360,20880,21240
5092,2016-12-18,90,16513,16603
5092,2016-12-19,1631,26813,28444
5092,2016-12-20,1758,28067,29825
5092,2016-12-21,1615,28041,29656
5092,2016-12-22,1367,27450,28817
5092,2016-12-23,986,25580,26566
5092,2016-12-24,204,14483,14687
5092,2016-12-25,37,13499,13536
5092,2016-12-26,79,12807,12886
5092,2016-12-27,647,18586,19233
5092,2016-12-28,645,19500,20145
5092,2016-12-29,586,19749,20335
5092,2016-12-30,626,19323,19949
5092,2016-12-31,135,12912,13047
5093,2016-01-01,47,4129,4176
5093,2016-01-02,122,5230,5352
5093,2016-01-03,28,4362,4390
5093,2016-01-04,267,8026,8293
5093,2016-01-05,248,8342,8590
5093,2016-01-06,274,8107,8381
5093,2016-01-07,308,8252,8560
5093,2016-01-08,283,9037,9320
5093,2016-01-09,137,6812,6949
5093,2016-01-10,36,4980,5016
5093,2016-01-11,278,8240,8518
5093,2016-01-12,314,8963,9277
5093,2016-01-13,324,8798,9122
5093,2016-01-14,317,8680,8997
5093,2016-01-15,253,8482,8735
5093,2016-01-16,140,7205,7345
5093,2016-01-17,42,5136,5178
5093,2016-01-18,338,8818,9156
5093,2016-01-19,352,9082,9434
5093,2016-01-20,401,8657,9058
5093,2016-01-21,282,8701,8983
5093,2016-01-22,316,8470,8786
5093,2016-01-23,150,7195,7345
5093,2016-01-24,42,5500,5542
5093,2016-01-25,284,8696,8980
5093,2016-01-26,639,9762,10401
5093,2016-01-27,306,9167,9473
5093,2016-01-28,402,9082,9484
5093,2016-01-29,330,9599,9929
5093,2016-01-30,130,7352,7482
5093,2016-01-31,46,6263,6309
5093,2016-02-01,266,8597,8863
5093,2016-02-02,318,9128,9446
5093,2016-02-03,539,8745,9284
5093,2016-02-05,288,9115,9403
5093,2016-02-06,153,6816,6969
5093,2016-02-07,105,4874,4979
5093,2016-02-08,468,6770,7238
5093,2016-02-09,436,7418,7854
5093,2016-02-10,582,7800,8382
5093,2016-02-11,313,7900,8213
5093,2016-02-12,285,8254,8539
5093,2016-02-13,206,6576,6782
5093,2016-02-14,38,4932,4970
5093,2016-02-15,318,9904,10222
5093,2016-02-16,398,10104,10502
5093,2016-02-17,388,10531,10919
5093,2016-02-18,343,9391,9734
5093,2016-02-19,346,9127,9473
5093,2016-02-20,152,7216,7368
5093,2016-02-21,48,5394,5442
5093,2016-02-22,314,8313,8627
5093,2016-02-23,289,8846,9135
5093,2016-02-24,345,9166,9511
5093,2016-02-25,434,8957,9391
5093,2016-02-26,371,9420,9791
5093,2016-02-27,154,7839,7993
5093,2016-02-28,47,5811,5858
5093,2016-02-29,316,8413,8729
5093,2016-03-01,378,8783,9161
5093,2016-03-02,392,8608,9000
5093,2016-03-03,319,8615,8934
5093,2016-03-04,306,8966,9272
5093,2016-03-05,144,7365,7509
5093,2016-03-06,41,5367,5408
5093,2016-03-07,339,8942,9281
5093,2016-03-08,402,9110,9512
5093,2016-03-09,536,10686,11222
5093,2016-03-10,335,9685,10020
5093,2016-03-11,399,9677,10076
5093,2016-03-12,169,7902,8071
5093,2016-03-13,45,5989,6034
5093,2016-03-14,483,8651,9134
5093,2016-03-15,422,9121,9543
5093,2016-03-16,380,9098,9478
5093,2016-03-18,371,9586,9957
5093,2016-03-19,169,7834,8003
5093,2016-03-20,46,6097,6143
5093,2016-03-21,369,8914,9283
5093,2016-03-22,789,9037,9826
5093,2016-03-23,452,9436,9888
5093,2016-03-24,616,9064,9680
5093,2016-03-25,376,9286,9662
5093,2016-03-26,238,7171,7409
5093,2016-03-28,128,4112,4240
5093,2016-03-29,526,8474,9000
5093,2016-03-30,486,8436,8922
5093,2016-04-06,720,8368,9088
5093,2016-04-08,401,8911,9312
5093,2016-04-09,265,7330,7595
5093,2016-04-10,134,5966,6100
5093,2016-04-11,332,8872,9204
5093,2016-04-12,390,9292,9682
5093,2016-04-13,625,8708,9333
5093,2016-04-14,334,9098,9432
5093,2016-04-15,752,9212,9964
5093,2016-04-16,186,8094,8280
5093,2016-04-17,44,5998,6042
5093,2016-04-18,326,8895,9221
5093,2016-04-19,482,9042,9524
5093,2016-04-20,399,9893,10292
5093,2016-04-21,416,10920,11336
5093,2016-04-22,338,10430,10768
5093,2016-04-23,162,7670,7832
5093,2016-04-24,62,5724,5786
5093,2016-04-25,352,8720,9072
5093,2016-04-26,312,9305,9617
5093,2016-04-27,337,9391,9728
5093,2016-04-28,326,9448,9774
5093,2016-04-29,355,9781,10136
5093,2016-04-30,162,8212,8374
5093,2016-05-01,59,5671,5730
5093,2016-05-02,323,9073,9396
5093,2016-05-03,348,9437,9785
5093,2016-05-04,363,9859,10222
5093,2016-05-05,53,5609,5662
5093,2016-05-06,286,9209,9495
5093,2016-05-07,170,7433,7603
5093,2016-05-08,46,5915,5961
5093,2016-05-09,340,8337,8677
5093,2016-05-10,354,8705,9059
5093,2016-05-11,332,8753,9085
5093,2016-05-12,590,8569,9159
5093,2016-05-13,374,9738,10112
5093,2016-05-14,159,7275,7434
5093,2016-05-15,44,5244,5288
5093,2016-05-16,42,4789,4831
5093,2016-05-17,348,8186,8534
5093,2016-05-18,335,8284,8619
5093,2016-05-20,280,8505,8785
5093,2016-05-21,207,7032,7239
5093,2016-05-22,38,5186,5224
5093,2016-05-23,308,8666,8974
5093,2016-05-24,367,9575,9942
5093,2016-05-25,366,9413,9779
5093,2016-05-26,316,9412,9728
5093,2016-05-27,384,9790,10174
5093,2016-05-28,188,7743,7931
5093,2016-05-29,48,5342,5390
5093,2016-05-30,282,8776,9058
5093,2016-05-31,274,9285,9559
5093,2016-06-01,322,8666,8988
5093,2016-06-02,278,8776,9054
5093,2016-06-03,300,9158,9458
5093,2016-06-04,158,7352,7510
5093,2016-06-05,44,5657,5701
5093,2016-06-06,507,8662,9169
5093,2016-06-07,336,9002,9338
5093,2016-06-08,353,8964,9317
5093,2016-06-09,356,9392,9748
5093,2016-06-10,376,9794,10170
5093,2016-06-11,161,7753,7914
5093,2016-06-12,44,5944,5988
5093,2016-06-13,498,8534,9032
5093,2016-06-14,366,8862,9228
5093,2016-06-15,750,8528,9278
5093,2016-06-16,330,8862,9192
5093,2016-06-17,372,9408,9780
5093,2016-06-18,171,7476,7647
5093,2016-06-19,54,5891,5945
5093,2016-06-20,394,8478,8872
5093,2016-06-21,344,9413,9757
5093,2016-06-22,391,9745,10136
5093,2016-06-23,43,5415,5458
5093,2016-06-24,330,8462,8792
5093,2016-06-25,163,6942,7105
5093,2016-06-26,114,6265,6379
5093,2016-06-27,432,8539,8971
5093,2016-06-28,397,9069,9466
5093,2016-06-29,446,9243,9689
5093,2016-06-30,367,9326,9693
5093,2016-07-01,656,9554,10210
5093,2016-07-02,149,7753,7902
5093,2016-07-03,52,5850,5902
5093,2016-07-04,419,8950,9369
5093,2016-07-05,393,9955,10348
5093,2016-07-06,618,10956,11574
5093,2016-07-07,408,10500,10908
5093,2016-07-08,401,10006,10407
5093,2016-07-09,172,7522,7694
5093,2016-07-10,58,5938,5996
5093,2016-07-11,308,9556,9864
5093,2016-07-12,404,9343,9747
5093,2016-07-13,319,9422,9741
5093,2016-07-14,631,9131,9762
5093,2016-07-15,408,9914,10322
5093,2016-07-16,169,7272,7441
5093,2016-07-17,72,6296,6368
5093,2016-07-18,538,9200,9738
5093,2016-07-19,559,9606,10165
5093,2016-07-20,645,9389,10034
5093,2016-07-22,498,9010,9508
5093,2016-07-23,180,8480,8660
5093,2016-07-24,48,6291,6339
5093,2016-07-25,534,9046,9580
5093,2016-07-26,374,8896,9270
5093,2016-07-27,622,8967,9589
5093,2016-07-29,282,8778,9060
5093,2016-07-30,150,6796,6946
5093,2016-07-31,46,5118,5164
5093,2016-08-01,254,7361,7615
5093,2016-08-02,213,7621,7834
5093,2016-08-03,286,7412,7698
5093,2016-08-05,221,7414,7635
5093,2016-08-06,138,5862,6000
5093,2016-08-07,54,5088,5142
5093,2016-08-08,245,6471,6716
5093,2016-08-09,238,6939,7177
5093,2016-08-10,230,7009,7239
5093,2016-08-12,230,6952,7182
5093,2016-08-13,156,5626,5782
5093,2016-08-14,58,4477,4535
5093,2016-08-15,43,4353,4396
5093,2016-08-16,240,6892,7132
5093,2016-08-17,269,6930,7199
5093,2016-08-19,248,7053,7301
5093,2016-08-20,253,5705,5958
5093,2016-08-21,143,4598,4741
5093,2016-08-22,391,7566,7957
5093,2016-08-23,396,8070,8466
5093,2016-08-24,489,8275,8764
5093,2016-08-25,610,7963,8573
5093,2016-08-26,451,8123,8574
5093,2016-08-27,270,6166,6436
5093,2016-08-28,121,5011,5132
5093,2016-08-29,338,7935,8273
5093,2016-08-30,445,8119,8564
5093,2016-08-31,461,8164,8625
5093,2016-09-01,400,8562,8962
5093,2016-09-02,364,8745,9109
5093,2016-09-03,232,6737,6969
5093,2016-09-04,118,4972,5090
5093,2016-09-05,400,11431,11831
5093,2016-09-06,427,11771,12198
5093,2016-09-07,792,10546,11338
5093,2016-09-08,593,9710,10303
5093,2016-09-09,481,10095,10576
5093,2016-09-10,280,7304,7584
5093,2016-09-11,129,5437,5566
5093,2016-09-12,335,8832,9167
5093,2016-09-13,365,8915,9280
5093,2016-09-14,383,8922,9305
5093,2016-09-15,476,8772,9248
5093,2016-09-16,525,9397,9922
5093,2016-09-17,168,7505,7673
5093,2016-09-18,46,5949,5995
5093,2016-09-19,342,8660,9002
5093,2016-09-20,393,9049,9442
5093,2016-09-21,487,10028,10515
5093,2016-09-22,466,10979,11445
5093,2016-09-23,428,10410,10838
5093,2016-09-24,157,8075,8232
5093,2016-09-25,73,6546,6619
5093,2016-09-26,338,8817,9155
5093,2016-09-27,324,9123,9447
5093,2016-09-28,446,9459,9905
5093,2016-09-29,297,9355,9652
5093,2016-09-30,331,10217,10548
5093,2016-10-01,144,7788,7932
5093,2016-10-02,32,5838,5870
5093,2016-10-03,427,9045,9472
5093,2016-10-04,322,9630,9952
5093,2016-10-05,366,9667,10033
5093,2016-10-06,310,9451,9761
5093,2016-10-07,409,9438,9847
5093,2016-10-08,154,7747,7901
5093,2016-10-09,41,5732,5773
5093,2016-10-10,439,8739,9178
5093,2016-10-11,608,10335,10943
5093,2016-10-12,787,10935,11722
5093,2016-10-13,545,9873,10418
5093,2016-10-14,425,9519,9944
5093,2016-10-15,185,7951,8136
5093,2016-10-16,44,5969,6013
5093,2016-10-17,501,8722,9223
5093,2016-10-18,406,9176,9582
5093,2016-10-19,424,9014,9438
5093,2016-10-20,292,9176,9468
5093,2016-10-21,321,9835,10156
5093,2016-10-22,147,8141,8288
5093,2016-10-23,46,6275,6321
5093,2016-10-24,321,8968,9289
5093,2016-10-25,291,9633,9924
5093,2016-10-26,379,9417,9796
5093,2016-10-27,437,9190,9627
5093,2016-10-28,408,9608,10016
5093,2016-10-29,146,7540,7686
5093,2016-10-30,37,5577,5614
5093,2016-10-31,317,7904,8221
5093,2016-11-01,30,5563,5593
5093,2016-11-02,440,8347,8787
5093,2016-11-04,273,8752,9025
5093,2016-11-05,142,6814,6956
5093,2016-11-06,32,5327,5359
5093,2016-11-07,312,9391,9703
5093,2016-11-08,355,10090,10445
5093,2016-11-09,390,11196,11586
5093,2016-11-10,466,11318,11784
5093,2016-11-11,348,10193,10541
5093,2016-11-12,135,8142,8277
5093,2016-11-13,26,5531,5557
5093,2016-11-14,326,9860,10186
5093,2016-11-15,338,10660,10998
5093,2016-11-16,331,10467,10798
5093,2016-11-17,392,11099,11491
5093,2016-11-18,284,9130,9414
5093,2016-11-19,156,7809,7965
5093,2016-11-20,72,5562,5634
5093,2016-11-21,332,8312,8644
5093,2016-11-22,370,8830,9200
5093,2016-11-23,325,8899,9224
5093,2016-11-25,357,9558,9915
5093,2016-11-26,153,7851,8004
5093,2016-11-27,34,5889,5923
5093,2016-11-28,339,8726,9065
5093,2016-11-29,339,8916,9255
5093,2016-11-30,317,8983,9300
5093,2016-12-01,303,9183,9486
5093,2016-12-02,352,9227,9579
5093,2016-12-03,142,7490,7632
5093,2016-12-04,39,5530,5569
5093,2016-12-05,286,8834,9120
5093,2016-12-06,309,9139,9448
5093,2016-12-07,323,8881,9204
5093,2016-12-08,344,9417,9761
5093,2016-12-09,344,9670,10014
5093,2016-12-10,153,7514,7667
5093,2016-12-11,28,5403,5431
5093,2016-12-12,291,8604,8895
5093,2016-12-13,286,8962,9248
5093,2016-12-14,328,9032,9360
5093,2016-12-15,308,9433,9741
5093,2016-12-16,304,9811,10115
5093,2016-12-17,199,7971,8170
5093,2016-12-18,32,5687,5719
5093,2016-12-19,317,8808,9125
5093,2016-12-20,295,9325,9620
5093,2016-12-21,310,9389,9699
5093,2016-12-22,259,9612,9871
5093,2016-12-23,237,9257,9494
5093,2016-12-24,112,6050,6162
5093,2016-12-25,41,4462,4503
5093,2016-12-26,31,4192,4223
5093,2016-12-27,181,6442,6623
5093,2016-12-28,177,6390,6567
5093,2016-12-29,176,6611,6787
5093,2016-12-30,169,6830,6999
5093,2016-12-31,122,5016,5138
5095,2016-01-01,42,3794,3836
5095,2016-01-02,136,5794,5930
5095,2016-01-03,42,4804,4846
5095,2016-01-04,332,8558,8890
5095,2016-01-05,344,8878,9222
5095,2016-01-06,369,8888,9257
5095,2016-01-08,478,9593,10071
5095,2016-01-09,171,6917,7088
5095,2016-01-10,78,4978,5056
5095,2016-01-11,398,9070,9468
5095,2016-01-12,490,9408,9898
5095,2016-01-13,541,9401,9942
5095,2016-01-14,545,9386,9931
5095,2016-01-15,262,4862,5124
5095,2016-01-16,200,6496,6696
5095,2016-01-17,61,5123,5184
5095,2016-01-18,515,9334,9849
5095,2016-01-19,493,9508,10001
5095,2016-01-20,466,9647,10113
5095,2016-01-21,496,9602,10098
5095,2016-01-22,502,8754,9256
5095,2016-01-23,154,6780,6934
5095,2016-01-24,80,5490,5570
5095,2016-01-25,525,9493,10018
5095,2016-01-26,599,10120,10719
5095,2016-01-27,581,10203,10784
5095,2016-01-28,596,9938,10534
5095,2016-01-29,600,10321,10921
5095,2016-01-31,51,5262,5313
5095,2016-02-01,587,9239,9826
5095,2016-02-02,570,9307,9877
5095,2016-02-03,644,9212,9856
5095,2016-02-05,614,9692,10306
5095,2016-02-06,183,6928,7111
5095,2016-02-07,74,4877,4951
5095,2016-02-09,458,7528,7986
5095,2016-02-10,518,8877,9395
5095,2016-02-11,550,8843,9393
5095,2016-02-12,582,9257,9839
5095,2016-02-13,130,6408,6538
5095,2016-02-14,64,4834,4898
5095,2016-02-15,534,9422,9956
5095,2016-02-16,665,10018,10683
5095,2016-02-17,690,10205,10895
5095,2016-02-18,626,10112,10738
5095,2016-02-19,530,9768,10298
5095,2016-02-20,195,6338,6533
5095,2016-02-21,46,5045,5091
5095,2016-02-22,550,9627,10177
5095,2016-02-23,600,9212,9812
5095,2016-02-24,695,10224,10919
5095,2016-02-25,639,10183,10822
5095,2016-02-26,652,10455,11107
5095,2016-02-27,229,8324,8553
5095,2016-02-28,96,5999,6095
5095,2016-02-29,605,9907,10512
5095,2016-03-01,655,9880,10535
5095,2016-03-02,589,9071,9660
5095,2016-03-03,637,9687,10324
5095,2016-03-04,504,9746,10250
5095,2016-03-05,201,7583,7784
5095,2016-03-06,94,5673,5767
5095,2016-03-07,597,9359,9956
5095,2016-03-08,725,10029,10754
5095,2016-03-09,623,9925,10548
5095,2016-03-10,641,10178,10819
5095,2016-03-11,646,10323,10969
5095,2016-03-12,253,8159,8412
5095,2016-03-13,125,6955,7080
5095,2016-03-14,644,9657,10301
5095,2016-03-15,691,9904,10595
5095,2016-03-16,619,10195,10814
5095,2016-03-18,677,10759,11436
5095,2016-03-19,274,8187,8461
5095,2016-03-20,110,6149,6259
5095,2016-03-21,645,9720,10365
5095,2016-03-22,675,10002,10677
5095,2016-03-23,754,10310,11064
5095,2016-03-24,671,10356,11027
5095,2016-03-25,401,9830,10231
5095,2016-03-26,235,7908,8143
5095,2016-03-28,162,4630,4792
5095,2016-03-29,604,9020,9624
5095,2016-03-30,615,9076,9691
5095,2016-04-06,752,9927,10679
5095,2016-04-08,697,10317,11014
5095,2016-04-09,229,8091,8320
5095,2016-04-10,128,7070,7198
5095,2016-04-11,574,9950,10524
5095,2016-04-12,676,10244,10920
5095,2016-04-13,696,10687,11383
5095,2016-04-14,727,10819,11546
5095,2016-04-15,727,10862,11589
5095,2016-04-16,287,8287,8574
5095,2016-04-17,132,7362,7494
5095,2016-04-18,700,10315,11015
5095,2016-04-19,786,10819,11605
5095,2016-04-20,794,10985,11779
5095,2016-04-21,814,10913,11727
5095,2016-04-22,789,10978,11767
5095,2016-04-23,250,8106,8356
5095,2016-04-24,131,6438,6569
5095,2016-04-25,577,9596,10173
5095,2016-04-26,766,10531,11297
5095,2016-04-27,758,10162,10920
5095,2016-04-28,662,10636,11298
5095,2016-04-29,697,11364,12061
5095,2016-04-30,296,8295,8591
5095,2016-05-01,116,6375,6491
5095,2016-05-02,644,10503,11147
5095,2016-05-03,706,10489,11195
5095,2016-05-04,728,11220,11948
5095,2016-05-05,168,8032,8200
5095,2016-05-06,532,10227,10759
5095,2016-05-07,307,9047,9354
5095,2016-05-08,151,8196,8347
5095,2016-05-09,662,10354,11016
5095,2016-05-10,616,10178,10794
5095,2016-05-11,721,10663,11384
5095,2016-05-12,708,11079,11787
5095,2016-05-13,622,10316,10938
5095,2016-05-14,280,8429,8709
5095,2016-05-15,96,6096,6192
5095,2016-05-16,141,5958,6099
5095,2016-05-17,684,10253,10937
5095,2016-05-18,656,9868,10524
5095,2016-05-20,693,10138,10831
5095,2016-05-21,254,8140,8394
5095,2016-05-22,112,5602,5714
5095,2016-05-23,645,10037,10682
5095,2016-05-24,738,10492,11230
5095,2016-05-25,756,10653,11409
5095,2016-05-27,716,10890,11606
5095,2016-05-28,254,7860,8114
5095,2016-05-29,138,6174,6312
5095,2016-05-30,602,9556,10158
5095,2016-05-31,694,10097,10791
5095,2016-06-01,686,10187,10873
5095,2016-06-03,687,10821,11508
5095,2016-06-04,334,7866,8200
5095,2016-06-05,146,6527,6673
5095,2016-06-06,624,10006,10630
5095,2016-06-07,732,10678,11410
5095,2016-06-08,688,10232,10920
5095,2016-06-10,714,11196,11910
5095,2016-06-11,264,8558,8822
5095,2016-06-12,220,6870,7090
5095,2016-06-13,574,9932,10506
5095,2016-06-14,679,10268,10947
5095,2016-06-15,666,10538,11204
5095,2016-06-16,25,595,620
5095,2016-06-18,338,8674,9012
5095,2016-06-19,217,7151,7368
5095,2016-06-20,696,9900,10596
5095,2016-06-21,789,10593,11382
5095,2016-06-22,803,10739,11542
5095,2016-06-23,205,6615,6820
5095,2016-06-25,229,6715,6944
5095,2016-06-26,131,6552,6683
5095,2016-06-27,712,10208,10920
5095,2016-06-28,768,10620,11388
5095,2016-06-29,857,11231,12088
5095,2016-06-30,762,10502,11264
5095,2016-07-02,335,8737,9072
5095,2016-07-03,131,7068,7199
5095,2016-07-04,664,10208,10872
5095,2016-07-05,730,10760,11490
5095,2016-07-06,801,11183,11984
5095,2016-07-07,744,10964,11708
5095,2016-07-09,365,9188,9553
5095,2016-07-10,206,7909,8115
5095,2016-07-11,762,10801,11563
5095,2016-07-12,778,11370,12148
5095,2016-07-13,672,10250,10922
5095,2016-07-14,768,10986,11754
5095,2016-07-16,318,9720,10038
5095,2016-07-17,135,7268,7403
5095,2016-07-18,688,10342,11030
5095,2016-07-19,732,10638,11370
5095,2016-07-20,744,10692,11436
5095,2016-07-21,680,10302,10982
5095,2016-07-23,334,7658,7992
5095,2016-07-24,149,7477,7626
5095,2016-07-25,679,9985,10664
5095,2016-07-26,638,9699,10337
5095,2016-07-27,714,10601,11315
5095,2016-07-28,681,10362,11043
5095,2016-07-30,275,7971,8246
5095,2016-07-31,138,6795,6933
5095,2016-08-01,497,9113,9610
5095,2016-08-02,466,8718,9184
5095,2016-08-03,477,8884,9361
5095,2016-08-04,542,9214,9756
5095,2016-08-06,226,7856,8082
5095,2016-08-07,158,7309,7467
5095,2016-08-08,490,8844,9334
5095,2016-08-09,562,9242,9804
5095,2016-08-10,522,8988,9510
5095,2016-08-12,523,9686,10209
5095,2016-08-13,227,8524,8751
5095,2016-08-14,204,8462,8666
5095,2016-08-15,193,6434,6627
5095,2016-08-16,552,9273,9825
5095,2016-08-17,516,9096,9612
5095,2016-08-19,538,9454,9992
5095,2016-08-20,232,7227,7459
5095,2016-08-21,138,6044,6182
5095,2016-08-22,669,9419,10088
5095,2016-08-23,652,9881,10533
5095,2016-08-24,653,9900,10553
5095,2016-08-25,646,9734,10380
5095,2016-08-26,654,10046,10700
5095,2016-08-27,287,7509,7796
5095,2016-08-28,186,6963,7149
5095,2016-08-29,674,9791,10465
5095,2016-08-30,737,10140,10877
5095,2016-08-31,828,10287,11115
5095,2016-09-01,840,10418,11258
5095,2016-09-02,1232,11256,12488
5095,2016-09-03,444,8759,9203
5095,2016-09-04,182,6342,6524
5095,2016-09-05,706,9721,10427
5095,2016-09-06,711,10483,11194
5095,2016-09-07,792,10563,11355
5095,2016-09-08,861,10344,11205
5095,2016-09-09,792,10652,11444
5095,2016-09-10,335,8693,9028
5095,2016-09-11,181,7261,7442
5095,2016-09-12,721,10529,11250
5095,2016-09-13,761,10690,11451
5095,2016-09-14,816,10702,11518
5095,2016-09-15,738,10524,11262
5095,2016-09-16,763,11356,12119
5095,2016-09-17,285,8638,8923
5095,2016-09-18,123,6295,6418
5095,2016-09-19,676,10380,11056
5095,2016-09-20,847,10676,11523
5095,2016-09-21,765,10658,11423
5095,2016-09-22,745,11010,11755
5095,2016-09-23,743,11104,11847
5095,2016-09-24,287,8981,9268
5095,2016-09-25,144,7993,8137
5095,2016-09-26,737,10831,11568
5095,2016-09-27,779,11179,11958
5095,2016-09-28,802,11055,11857
5095,2016-09-30,667,11213,11880
5095,2016-10-01,300,7905,8205
5095,2016-10-02,134,6982,7116
5095,2016-10-03,480,10976,11456
5095,2016-10-04,695,11182,11877
5095,2016-10-05,838,11109,11947
5095,2016-10-06,778,11399,12177
5095,2016-10-07,755,11592,12347
5095,2016-10-08,301,8130,8431
5095,2016-10-09,122,6754,6876
5095,2016-10-10,671,10595,11266
5095,2016-10-11,714,10915,11629
5095,2016-10-12,713,10839,11552
5095,2016-10-13,733,10871,11604
5095,2016-10-14,784,11353,12137
5095,2016-10-15,303,8743,9046
5095,2016-10-16,118,7838,7956
5095,2016-10-17,717,10786,11503
5095,2016-10-18,794,11094,11888
5095,2016-10-19,753,10634,11387
5095,2016-10-20,700,10807,11507
5095,2016-10-21,770,11514,12284
5095,2016-10-22,322,8676,8998
5095,2016-10-23,138,7014,7152
5095,2016-10-24,604,8364,8968
5095,2016-10-25,707,9156,9863
5095,2016-10-26,642,9439,10081
5095,2016-10-27,631,10025,10656
5095,2016-10-28,748,10937,11685
5095,2016-10-29,281,8572,8853
5095,2016-10-30,134,7273,7407
5095,2016-10-31,530,9572,10102
5095,2016-11-01,133,6652,6785
5095,2016-11-02,733,10485,11218
5095,2016-11-08,809,11076,11885
5095,2016-11-09,722,10540,11262
5095,2016-11-10,758,11118,11876
5095,2016-11-11,663,11269,11932
5095,2016-11-12,316,8682,8998
5095,2016-11-13,92,6149,6241
5095,2016-11-14,716,10484,11200
5095,2016-11-15,631,10353,10984
5095,2016-11-16,664,10667,11331
5095,2016-11-17,695,10438,11133
5095,2016-11-18,774,10758,11532
5095,2016-11-19,307,8430,8737
5095,2016-11-20,124,5572,5696
5095,2016-11-21,546,10200,10746
5095,2016-11-22,730,10674,11404
5095,2016-11-23,964,10912,11876
5095,2016-11-24,780,11262,12042
5095,2016-11-25,753,11318,12071
5095,2016-11-26,284,8397,8681
5095,2016-11-27,131,6249,6380
5095,2016-11-29,769,11056,11825
5095,2016-11-30,808,10925,11733
5095,2016-12-01,799,11010,11809
5095,2016-12-02,722,11324,12046
5095,2016-12-03,254,8195,8449
5095,2016-12-04,132,6693,6825
5095,2016-12-05,681,10794,11475
5095,2016-12-06,727,10772,11499
5095,2016-12-07,777,10683,11460
5095,2016-12-08,757,11006,11763
5095,2016-12-09,776,11220,11996
5095,2016-12-10,257,8418,8675
5095,2016-12-11,82,6263,6345
5095,2016-12-12,640,10300,10940
5095,2016-12-13,706,10650,11356
5095,2016-12-14,714,10929,11643
5095,2016-12-15,748,11023,11771
5095,2016-12-16,721,11244,11965
5095,2016-12-17,295,8313,8608
5095,2016-12-18,100,6405,6505
5095,2016-12-19,696,10485,11181
5095,2016-12-20,731,10716,11447
5095,2016-12-21,770,10725,11495
5095,2016-12-22,637,10293,10930
5095,2016-12-23,470,10068,10538
5095,2016-12-24,155,5844,5999
5095,2016-12-25,57,4856,4913
5095,2016-12-26,80,4229,4309
5095,2016-12-27,323,7896,8219
5095,2016-12-28,314,8046,8360
5095,2016-12-29,301,8647,8948
5095,2016-12-30,297,8280,8577
5095,2016-12-31,164,5474,5638
5096,2016-01-06,45,2235,2280
5096,2016-01-07,71,3155,3226
5096,2016-01-08,73,3251,3324
5096,2016-01-09,52,2705,2757
5096,2016-01-10,22,1738,1760
5096,2016-01-11,106,3196,3302
5096,2016-01-12,85,3181,3266
5096,2016-01-13,96,3194,3290
5096,2016-01-15,76,2694,2770
5096,2016-01-16,69,2384,2453
5096,2016-01-17,12,1717,1729
5096,2016-01-18,81,3067,3148
5096,2016-01-19,108,3194,3302
5096,2016-01-20,92,3219,3311
5096,2016-01-21,44,940,984
5096,2016-01-22,80,3042,3122
5096,2016-01-23,66,2557,2623
5096,2016-01-24,11,1848,1859
5096,2016-01-25,84,3174,3258
5096,2016-01-26,95,3355,3450
5096,2016-01-27,89,3242,3331
5096,2016-01-29,80,3391,3471
5096,2016-01-30,52,2856,2908
5096,2016-01-31,11,1780,1791
5096,2016-02-01,85,3070,3155
5096,2016-02-02,81,3320,3401
5096,2016-02-03,76,3301,3377
5096,2016-02-05,91,3220,3311
5096,2016-02-06,51,2535,2586
5096,2016-02-07,12,1639,1651
5096,2016-02-08,91,2610,2701
5096,2016-02-09,92,2908,3000
5096,2016-02-10,80,3013,3093
5096,2016-02-11,79,2941,3020
5096,2016-02-12,81,3005,3086
5096,2016-02-13,54,2392,2446
5096,2016-02-14,12,1681,1693
5096,2016-02-15,85,3136,3221
5096,2016-02-16,106,3370,3476
5096,2016-02-17,87,3296,3383
5096,2016-02-18,114,3384,3498
5096,2016-02-19,103,3396,3499
5096,2016-02-20,57,2814,2871
5096,2016-02-21,9,1837,1846
5096,2016-02-22,114,3185,3299
5096,2016-02-23,128,3193,3321
5096,2016-02-24,107,3343,3450
5096,2016-02-25,96,3326,3422
5096,2016-02-26,96,3479,3575
5096,2016-02-27,60,2952,3012
5096,2016-02-28,10,1805,1815
5096,2016-02-29,101,3285,3386
5096,2016-03-01,81,3384,3465
5096,2016-03-02,107,3446,3553
5096,2016-03-03,86,3301,3387
5096,2016-03-04,81,3193,3274
5096,2016-03-05,52,2856,2908
5096,2016-03-06,15,1880,1895
5096,2016-03-07,96,3175,3271
5096,2016-03-08,104,3456,3560
5096,2016-03-09,104,3456,3560
5096,2016-03-10,97,3472,3569
5096,2016-03-11,98,3624,3722
5096,2016-03-12,60,2950,3010
5096,2016-03-13,11,2027,2038
5096,2016-03-14,119,3330,3449
5096,2016-03-15,120,3469,3589
5096,2016-03-16,93,3344,3437
5096,2016-03-17,84,3367,3451
5096,2016-03-18,107,3664,3771
5096,2016-03-20,10,2089,2099
5096,2016-03-21,92,3366,3458
5096,2016-03-22,124,3503,3627
5096,2016-03-23,93,3486,3579
5096,2016-03-24,116,3569,3685
5096,2016-03-25,98,3457,3555
5096,2016-03-26,58,2797,2855
5096,2016-03-28,25,1493,1518
5096,2016-03-29,87,3142,3229
5096,2016-03-30,104,3285,3389
5096,2016-03-31,120,3176,3296
5096,2016-04-01,136,3474,3610
5096,2016-04-03,12,1860,1872
5096,2016-04-04,85,3392,3477
5096,2016-04-05,70,3267,3337
5096,2016-04-06,95,3159,3254
5096,2016-04-07,97,3241,3338
5096,2016-04-08,89,3318,3407
5096,2016-04-09,59,2730,2789
5096,2016-04-10,9,1943,1952
5096,2016-04-11,98,3229,3327
5096,2016-04-12,115,3484,3599
5096,2016-04-14,123,3388,3511
5096,2016-04-15,124,3578,3702
5096,2016-04-16,81,2975,3056
5096,2016-04-17,15,2046,2061
5096,2016-04-18,139,3495,3634
5096,2016-04-19,152,3584,3736
5096,2016-04-20,130,3615,3745
5096,2016-04-21,163,3653,3816
5096,2016-04-22,129,3612,3741
5096,2016-04-23,74,3013,3087
5096,2016-04-24,24,2122,2146
5096,2016-04-25,101,3281,3382
5096,2016-04-26,110,3382,3492
5096,2016-04-27,137,3407,3544
5096,2016-04-28,99,3537,3636
5096,2016-04-29,99,3501,3600
5096,2016-04-30,86,3051,3137
5096,2016-05-01,14,1944,1958
5096,2016-05-02,90,3480,3570
5096,2016-05-03,119,3633,3752
5096,2016-05-04,103,3827,3930
5096,2016-05-05,17,2003,2020
5096,2016-05-06,108,3600,3708
5096,2016-05-07,67,3171,3238
5096,2016-05-08,15,2183,2198
5096,2016-05-09,120,3511,3631
5096,2016-05-10,94,3459,3553
5096,2016-05-12,96,3349,3445
5096,2016-05-14,63,2800,2863
5096,2016-05-15,15,1768,1783
5096,2016-05-16,12,1499,1511
5096,2016-05-17,119,3334,3453
5096,2016-05-19,158,3380,3538
5096,2016-05-20,96,3450,3546
5096,2016-05-21,54,2979,3033
5096,2016-05-22,20,1782,1802
5096,2016-05-23,119,3333,3452
5096,2016-05-24,100,3662,3762
5096,2016-05-26,136,3842,3978
5096,2016-05-27,122,3766,3888
5096,2016-05-28,69,3089,3158
5096,2016-05-29,14,2068,2082
5096,2016-05-30,158,3274,3432
5096,2016-05-31,117,3527,3644
5096,2016-06-02,116,3730,3846
5096,2016-06-03,84,3533,3617
5096,2016-06-04,80,3048,3128
5096,2016-06-05,11,2031,2042
5096,2016-06-06,113,3525,3638
5096,2016-06-07,107,3649,3756
5096,2016-06-09,103,3696,3799
5096,2016-06-10,140,3782,3922
5096,2016-06-11,64,3129,3193
5096,2016-06-12,16,2089,2105
5096,2016-06-13,107,3517,3624
5096,2016-06-14,125,3489,3614
5096,2016-06-16,108,3554,3662
5096,2016-06-17,110,3513,3623
5096,2016-06-18,98,3739,3837
5096,2016-06-19,78,2743,2821
5096,2016-06-20,105,3464,3569
5096,2016-06-21,109,3574,3683
5096,2016-06-23,19,1967,1986
5096,2016-06-24,93,3367,3460
5096,2016-06-25,58,2728,2786
5096,2016-06-26,19,2344,2363
5096,2016-06-27,91,3599,3690
5096,2016-06-28,114,3606,3720
5096,2016-06-30,81,3568,3649
5096,2016-07-01,87,3690,3777
5096,2016-07-02,70,3082,3152
5096,2016-07-03,10,2250,2260
5096,2016-07-04,103,3406,3509
5096,2016-07-05,106,3786,3892
5096,2016-07-06,115,3503,3618
5096,2016-07-08,101,3676,3777
5096,2016-07-09,86,3133,3219
5096,2016-07-10,37,2194,2231
5096,2016-07-11,122,3668,3790
5096,2016-07-12,112,3788,3900
5096,2016-07-13,96,3555,3651
5096,2016-07-15,102,3703,3805
5096,2016-07-16,121,2937,3058
5096,2016-07-17,14,2067,2081
5096,2016-07-18,93,3602,3695
5096,2016-07-19,117,3635,3752
5096,2016-07-20,109,3616,3725
5096,2016-07-22,94,3846,3940
5096,2016-07-23,70,2816,2886
5096,2016-07-24,17,1989,2006
5096,2016-07-25,116,3365,3481
5096,2016-07-26,100,3388,3488
5096,2016-07-27,111,3582,3693
5096,2016-07-29,90,3337,3427
5096,2016-07-30,85,2677,2762
5096,2016-07-31,19,1799,1818
5096,2016-08-01,74,2979,3053
5096,2016-08-02,69,2875,2944
5096,2016-08-03,72,3045,3117
5096,2016-08-05,80,2970,3050
5096,2016-08-06,64,2387,2451
5096,2016-08-07,18,1788,1806
5096,2016-08-08,75,2697,2772
5096,2016-08-09,75,2796,2871
5096,2016-08-10,90,2988,3078
5096,2016-08-11,79,2846,2925
5096,2016-08-12,70,2854,2924
5096,2016-08-13,61,2197,2258
5096,2016-08-14,20,1794,1814
5096,2016-08-15,26,1638,1664
5096,2016-08-16,75,2958,3033
5096,2016-08-17,87,2826,2913
5096,2016-08-18,84,2878,2962
5096,2016-08-19,65,2851,2916
5096,2016-08-20,69,2203,2272
5096,2016-08-21,16,1649,1665
5096,2016-08-22,92,2901,2993
5096,2016-08-23,74,3176,3250
5096,2016-08-24,82,2978,3060
5096,2016-08-25,86,3213,3299
5096,2016-08-26,73,3125,3198
5096,2016-08-27,72,2463,2535
5096,2016-08-28,13,1734,1747
5096,2016-08-29,120,3129,3249
5096,2016-08-30,96,3309,3405
5096,2016-08-31,141,3298,3439
5096,2016-09-01,104,3229,3333
5096,2016-09-02,109,3336,3445
5096,2016-09-03,51,2678,2729
5096,2016-09-04,16,1946,1962
5096,2016-09-05,111,3320,3431
5096,2016-09-06,94,3481,3575
5096,2016-09-07,107,3425,3532
5096,2016-09-08,95,3547,3642
5096,2016-09-09,98,3594,3692
5096,2016-09-10,51,2826,2877
5096,2016-09-11,19,2072,2091
5096,2016-09-12,116,3492,3608
5096,2016-09-13,116,3725,3841
5096,2016-09-14,120,3713,3833
5096,2016-09-15,117,3762,3879
5096,2016-09-16,121,3866,3987
5096,2016-09-17,81,3186,3267
5096,2016-09-18,15,2372,2387
5096,2016-09-19,116,3784,3900
5096,2016-09-20,119,4027,4146
5096,2016-09-21,110,4020,4130
5096,2016-09-22,99,4037,4136
5096,2016-09-23,111,3989,4100
5096,2016-09-24,62,3105,3167
5096,2016-09-25,13,2189,2202
5096,2016-09-26,100,3639,3739
5096,2016-09-27,132,3753,3885
5096,2016-09-28,126,3673,3799
5096,2016-09-29,95,3705,3800
5096,2016-09-30,109,3704,3813
5096,2016-10-01,100,3110,3210
5096,2016-10-03,86,3436,3522
5096,2016-10-04,118,3641,3759
5096,2016-10-05,110,3761,3871
5096,2016-10-06,97,3957,4054
5096,2016-10-07,103,4021,4124
5096,2016-10-08,79,2978,3057
5096,2016-10-09,16,2199,2215
5096,2016-10-10,113,3457,3570
5096,2016-10-11,133,3668,3801
5096,2016-10-12,106,3689,3795
5096,2016-10-13,91,3791,3882
5096,2016-10-14,105,4059,4164
5096,2016-10-15,69,3078,3147
5096,2016-10-16,13,2166,2179
5096,2016-10-17,107,3548,3655
5096,2016-10-18,102,3830,3932
5096,2016-10-19,103,3483,3586
5096,2016-10-20,97,3543,3640
5096,2016-10-21,106,3951,4057
5096,2016-10-22,60,3227,3287
5096,2016-10-23,22,2519,2541
5096,2016-10-24,112,3507,3619
5096,2016-10-25,132,3713,3845
5096,2016-10-26,112,3648,3760
5096,2016-10-27,119,3955,4074
5096,2016-10-28,111,3741,3852
5096,2016-10-29,82,2826,2908
5096,2016-10-31,80,3174,3254
5096,2016-11-01,15,1808,1823
5096,2016-11-02,90,3575,3665
5096,2016-11-03,90,3805,3895
5096,2016-11-04,111,3923,4034
5096,2016-11-05,77,3046,3123
5096,2016-11-06,13,2075,2088
5096,2016-11-07,117,3643,3760
5096,2016-11-08,128,3926,4054
5096,2016-11-09,116,3602,3718
5096,2016-11-10,110,3880,3990
5096,2016-11-11,93,3659,3752
5096,2016-11-12,59,3079,3138
5096,2016-11-13,7,1919,1926
5096,2016-11-14,104,3396,3500
5096,2016-11-15,90,3453,3543
5096,2016-11-16,95,3431,3526
5096,2016-11-17,92,3730,3822
5096,2016-11-18,109,3678,3787
5096,2016-11-19,69,2950,3019
5096,2016-11-20,8,1858,1866
5096,2016-11-21,93,3334,3427
5096,2016-11-22,92,3563,3655
5096,2016-11-23,86,3503,3589
5096,2016-11-24,88,3611,3699
5096,2016-11-25,93,3633,3726
5096,2016-11-26,62,3048,3110
5096,2016-11-28,89,3418,3507
5096,2016-11-29,84,3479,3563
5096,2016-11-30,88,3424,3512
5096,2016-12-01,94,3524,3618
5096,2016-12-02,100,3558,3658
5096,2016-12-03,56,2876,2932
5096,2016-12-04,15,2160,2175
5096,2016-12-05,88,3447,3535
5096,2016-12-06,89,3417,3506
5096,2016-12-07,89,3425,3514
5096,2016-12-08,81,3418,3499
5096,2016-12-09,80,3699,3779
5096,2016-12-10,57,2884,2941
5096,2016-12-11,12,1944,1956
5096,2016-12-12,101,3326,3427
5096,2016-12-13,97,3391,3488
5096,2016-12-14,156,3470,3626
5096,2016-12-15,92,3563,3655
5096,2016-12-16,99,3560,3659
5096,2016-12-17,66,2873,2939
5096,2016-12-18,15,2073,2088
5096,2016-12-19,81,3277,3358
5096,2016-12-20,87,3578,3665
5096,2016-12-21,97,3476,3573
5096,2016-12-22,77,3523,3600
5096,2016-12-23,81,3417,3498
5096,2016-12-24,46,2145,2191
5096,2016-12-25,7,1479,1486
5096,2016-12-26,16,1398,1414
5096,2016-12-27,68,2497,2565
5096,2016-12-28,55,2485,2540
5096,2016-12-29,52,2678,2730
5096,2016-12-30,63,2632,2695
5096,2016-12-31,61,1914,1975
5103,2016-02-03,322,7900,8222
5103,2016-02-04,302,8144,8446
5103,2016-02-05,357,8799,9156
5103,2016-02-06,192,6097,6289
5103,2016-02-07,65,4108,4173
5103,2016-02-08,228,6036,6264
5103,2016-02-09,266,6574,6840
5103,2016-02-10,288,6964,7252
5103,2016-02-11,310,7883,8193
5103,2016-02-12,329,8046,8375
5103,2016-02-13,149,5183,5332
5103,2016-02-14,42,4026,4068
5103,2016-02-15,386,8227,8613
5103,2016-02-16,379,8901,9280
5103,2016-02-17,353,8520,8873
5103,2016-02-18,348,8682,9030
5103,2016-02-19,329,8504,8833
5103,2016-02-20,142,5026,5168
5103,2016-02-21,54,4203,4257
5103,2016-02-22,373,8175,8548
5103,2016-02-23,284,8246,8530
5103,2016-02-24,369,8568,8937
5103,2016-02-26,367,9540,9907
5103,2016-02-27,184,6541,6725
5103,2016-02-28,49,4790,4839
5103,2016-02-29,381,8841,9222
5103,2016-03-01,356,9006,9362
5103,2016-03-02,356,7912,8268
5103,2016-03-03,319,8959,9278
5103,2016-03-04,232,8700,8932
5103,2016-03-05,383,8271,8654
5103,2016-03-06,63,4647,4710
5103,2016-03-07,372,8594,8966
5103,2016-03-08,404,9302,9706
5103,2016-03-09,401,8603,9004
5103,2016-03-10,384,9337,9721
5103,2016-03-11,379,9548,9927
5103,2016-03-12,206,6715,6921
5103,2016-03-13,62,5424,5486
5103,2016-03-14,388,9044,9432
5103,2016-03-15,873,11298,12171
5103,2016-03-16,390,9106,9496
5103,2016-03-17,372,10032,10404
5103,2016-03-18,409,10583,10992
5103,2016-03-19,299,8849,9148
5103,2016-03-20,94,6753,6847
5103,2016-03-21,407,9060,9467
5103,2016-03-22,344,9423,9767
5103,2016-03-23,394,9309,9703
5103,2016-03-24,394,9541,9935
5103,2016-03-25,362,8916,9278
5103,2016-03-26,201,6373,6574
5103,2016-03-28,36,3154,3190
5103,2016-03-29,322,7840,8162
5103,2016-03-30,354,8574,8928
5103,2016-04-06,337,8990,9327
5103,2016-04-07,288,8354,8642
5103,2016-04-08,344,9294,9638
5103,2016-04-09,192,6912,7104
5103,2016-04-10,65,6280,6345
5103,2016-04-11,413,8993,9406
5103,2016-04-12,352,8602,8954
5103,2016-04-13,370,9154,9524
5103,2016-04-14,337,9629,9966
5103,2016-04-15,318,8862,9180
5103,2016-04-16,158,5980,6138
5103,2016-04-17,60,5716,5776
5103,2016-04-18,377,9179,9556
5103,2016-04-19,396,9791,10187
5103,2016-04-20,391,9787,10178
5103,2016-04-21,378,10034,10412
5103,2016-04-22,411,9961,10372
5103,2016-04-23,194,6036,6230
5103,2016-04-24,60,4402,4462
5103,2016-04-25,332,8270,8602
5103,2016-04-26,350,8390,8740
5103,2016-04-27,326,8748,9074
5103,2016-04-28,348,8798,9146
5103,2016-04-29,378,9884,10262
5103,2016-04-30,188,5736,5924
5103,2016-05-01,60,4728,4788
5103,2016-05-02,342,9473,9815
5103,2016-05-03,366,9284,9650
5103,2016-05-04,484,10687,11171
5103,2016-05-05,75,6522,6597
5103,2016-05-06,324,8834,9158
5103,2016-05-07,223,7214,7437
5103,2016-05-08,78,6200,6278
5103,2016-05-09,388,9401,9789
5103,2016-05-10,338,9298,9636
5103,2016-05-11,369,9660,10029
5103,2016-05-12,390,9925,10315
5103,2016-05-13,366,9832,10198
5103,2016-05-14,190,5496,5686
5103,2016-05-15,55,4807,4862
5103,2016-05-16,90,4527,4617
5103,2016-05-17,329,8795,9124
5103,2016-05-18,338,8838,9176
5103,2016-05-20,328,9392,9720
5103,2016-05-21,229,7259,7488
5103,2016-05-22,56,4390,4446
5103,2016-05-23,424,9237,9661
5103,2016-05-24,355,9336,9691
5103,2016-05-25,358,9757,10115
5103,2016-05-27,308,9202,9510
5103,2016-05-28,166,5506,5672
5103,2016-05-29,30,4085,4115
5103,2016-05-30,142,6222,6364
5103,2016-05-31,117,7692,7809
5103,2016-06-01,180,7542,7722
5103,2016-06-03,50,3724,3774
5103,2016-06-04,31,2983,3014
5103,2016-06-05,21,3306,3327
5103,2016-06-06,60,3549,3609
5103,2016-06-07,93,4946,5039
5103,2016-06-08,98,4275,4373
5103,2016-06-10,58,4306,4364
5103,2016-06-11,42,2769,2811
5103,2016-06-12,32,4462,4494
5103,2016-06-13,272,8336,8608
5103,2016-06-14,290,9174,9464
5103,2016-06-15,225,9045,9270
5103,2016-06-17,268,8962,9230
5103,2016-06-18,130,6796,6926
5103,2016-06-19,27,4883,4910
5103,2016-06-20,248,8748,8996
5103,2016-06-21,212,9649,9861
5103,2016-06-22,99,7066,7165
5103,2016-06-24,194,7532,7726
5103,2016-06-25,116,4854,4970
5103,2016-06-26,51,5226,5277
5103,2016-06-27,259,9030,9289
5103,2016-06-28,230,9768,9998
5103,2016-06-29,319,9737,10056
5103,2016-07-01,311,10300,10611
5103,2016-07-02,186,6985,7171
5103,2016-07-03,42,5805,5847
5103,2016-07-04,179,8932,9111
5103,2016-07-05,281,9916,10197
5103,2016-07-06,242,9710,9952
5103,2016-07-08,258,10157,10415
5103,2016-07-09,159,8480,8639
5103,2016-07-10,44,6247,6291
5103,2016-07-11,345,9445,9790
5103,2016-07-12,283,9737,10020
5103,2016-07-13,302,8786,9088
5103,2016-07-15,221,9787,10008
5103,2016-07-16,140,6817,6957
5103,2016-07-17,50,5792,5842
5103,2016-07-18,129,8038,8167
5103,2016-07-19,132,6581,6713
5103,2016-07-20,175,8555,8730
5103,2016-07-22,152,7192,7344
5103,2016-07-23,70,4916,4986
5103,2016-07-24,39,5310,5349
5103,2016-07-25,207,8835,9042
5103,2016-07-26,206,8579,8785
5103,2016-07-27,283,9008,9291
5103,2016-07-29,270,8366,8636
5103,2016-07-30,174,5893,6067
5103,2016-07-31,49,4973,5022
5103,2016-08-01,209,7309,7518
5103,2016-08-02,226,6090,6316
5103,2016-08-03,238,7417,7655
5103,2016-08-05,227,7366,7593
5103,2016-08-06,167,5852,6019
5103,2016-08-07,83,5541,5624
5103,2016-08-08,258,6665,6923
5103,2016-08-09,228,6698,6926
5103,2016-08-10,220,5412,5632
5103,2016-08-12,228,6993,7221
5103,2016-08-13,187,5678,5865
5103,2016-08-14,71,5058,5129
5103,2016-08-15,49,3338,3387
5103,2016-08-16,361,8628,8989
5103,2016-08-17,152,6313,6465
5103,2016-08-19,210,6737,6947
5103,2016-08-20,189,5393,5582
5103,2016-08-21,56,3862,3918
5103,2016-08-22,259,7136,7395
5103,2016-08-23,139,5376,5515
5103,2016-08-24,96,4954,5050
5103,2016-08-25,99,4998,5097
5103,2016-08-26,106,4332,4438
5103,2016-08-27,79,3869,3948
5103,2016-08-28,54,4538,4592
5103,2016-08-29,245,8082,8327
5103,2016-08-30,122,6490,6612
5103,2016-08-31,190,8370,8560
5103,2016-09-01,257,8350,8607
5103,2016-09-02,337,11058,11395
5103,2016-09-03,1396,18875,20271
5103,2016-09-04,364,15186,15550
5103,2016-09-05,287,8187,8474
5103,2016-09-06,169,7523,7692
5103,2016-09-07,131,6768,6899
5103,2016-09-08,220,8495,8715
5103,2016-09-09,194,8672,8866
5103,2016-09-10,155,6332,6487
5103,2016-09-11,65,5603,5668
5103,2016-09-12,141,7899,8040
5103,2016-09-13,161,7523,7684
5103,2016-09-14,118,6432,6550
5103,2016-09-15,235,8478,8713
5103,2016-09-16,245,8794,9039
5103,2016-09-17,135,6145,6280
5103,2016-09-18,45,4655,4700
5103,2016-09-19,194,8833,9027
5103,2016-09-20,200,9053,9253
5103,2016-09-21,144,7075,7219
5103,2016-09-22,170,8724,8894
5103,2016-09-23,210,8875,9085
5103,2016-09-24,125,6695,6820
5103,2016-09-25,60,5982,6042
5103,2016-09-26,187,8227,8414
5103,2016-09-27,215,8868,9083
5103,2016-09-28,308,8970,9278
5103,2016-09-29,329,9071,9400
5103,2016-09-30,346,9216,9562
5103,2016-10-01,234,6776,7010
5103,2016-10-02,54,4182,4236
5103,2016-10-03,267,8294,8561
5103,2016-10-04,163,7985,8148
5103,2016-10-05,217,8578,8795
5103,2016-10-06,385,9769,10154
5103,2016-10-07,209,8916,9125
5103,2016-10-08,133,5934,6067
5103,2016-10-09,97,6711,6808
5103,2016-10-10,257,8125,8382
5103,2016-10-11,200,8785,8985
5103,2016-10-12,219,8413,8632
5103,2016-10-13,294,8720,9014
5103,2016-10-14,308,8863,9171
5103,2016-10-15,181,6112,6293
5103,2016-10-16,73,5697,5770
5103,2016-10-17,222,8205,8427
5103,2016-10-18,264,7610,7874
5103,2016-10-19,298,7336,7634
5103,2016-10-20,266,7306,7572
5103,2016-10-21,297,8701,8998
5103,2016-10-22,167,5989,6156
5103,2016-10-23,44,4684,4728
5103,2016-10-24,170,8205,8375
5103,2016-10-25,268,8429,8697
5103,2016-10-26,304,8701,9005
5103,2016-10-27,339,9053,9392
5103,2016-10-28,330,8906,9236
5103,2016-10-29,209,6592,6801
5103,2016-10-30,64,5169,5233
5103,2016-10-31,284,7060,7344
5103,2016-11-01,68,4777,4845
5103,2016-11-02,317,7886,8203
5103,2016-11-04,264,6638,6902
5103,2016-11-05,44,1145,1189
5103,2016-12-06,124,3738,3862
5103,2016-12-07,325,8371,8696
5103,2016-12-08,337,8514,8851
5103,2016-12-09,342,8545,8887
5103,2016-12-10,162,6118,6280
5103,2016-12-11,54,4397,4451
5103,2016-12-12,311,7772,8083
5103,2016-12-13,296,8387,8683
5103,2016-12-14,323,8371,8694
5103,2016-12-15,332,8436,8768
5103,2016-12-16,357,8644,9001
5103,2016-12-17,167,5864,6031
5103,2016-12-18,50,4215,4265
5103,2016-12-19,325,7817,8142
5103,2016-12-20,313,8038,8351
5103,2016-12-21,311,7973,8284
5103,2016-12-22,250,8198,8448
5103,2016-12-23,270,7595,7865
5103,2016-12-24,147,4321,4468
5103,2016-12-25,44,3401,3445
5103,2016-12-26,61,3234,3295
5103,2016-12-27,221,5271,5492
5103,2016-12-28,212,5133,5345
5103,2016-12-29,222,5727,5949
5103,2016-12-30,231,5467,5698
5103,2016-12-31,146,3874,4020
5104,2016-02-03,414,11088,11502
5104,2016-02-04,277,8970,9247
5104,2016-02-05,246,9350,9596
5104,2016-02-06,98,5876,5974
5104,2016-02-07,54,4013,4067
5104,2016-02-09,162,5714,5876
5104,2016-02-10,216,7984,8200
5104,2016-02-11,216,8211,8427
5104,2016-02-12,228,8405,8633
5104,2016-02-13,78,4684,4762
5104,2016-02-14,20,4414,4434
5104,2016-02-15,250,8589,8839
5104,2016-02-16,232,9393,9625
5104,2016-02-17,313,9061,9374
5104,2016-02-18,336,9150,9486
5104,2016-02-19,275,9148,9423
5104,2016-02-20,98,5368,5466
5104,2016-02-21,18,4103,4121
5104,2016-02-22,326,8816,9142
5104,2016-02-23,374,11366,11740
5104,2016-02-24,341,9077,9418
5104,2016-02-26,274,9911,10185
5104,2016-02-27,106,6422,6528
5104,2016-02-28,17,4806,4823
5104,2016-02-29,286,9181,9467
5104,2016-03-01,355,9185,9540
5104,2016-03-02,218,7152,7370
5104,2016-03-03,178,7252,7430
5104,2016-03-04,174,7444,7618
5104,2016-03-05,98,7408,7506
5104,2016-03-06,15,4484,4499
5104,2016-03-07,290,8815,9105
5104,2016-03-08,251,9303,9554
5104,2016-03-09,316,9538,9854
5104,2016-03-10,320,9737,10057
5104,2016-03-11,264,9989,10253
5104,2016-03-12,97,6895,6992
5104,2016-03-13,34,5174,5208
5104,2016-03-14,284,9065,9349
5104,2016-03-15,608,12100,12708
5104,2016-03-16,268,9748,10016
5104,2016-03-17,290,10251,10541
5104,2016-03-18,263,10683,10946
5104,2016-03-19,186,8393,8579
5104,2016-03-20,39,6297,6336
5104,2016-03-21,274,9216,9490
5104,2016-03-22,276,9591,9867
5104,2016-03-23,283,9606,9889
5104,2016-03-24,277,9981,10258
5104,2016-03-25,222,9229,9451
5104,2016-03-26,85,6355,6440
5104,2016-03-28,66,3248,3314
5104,2016-03-29,162,7264,7426
5104,2016-03-30,246,8798,9044
5104,2016-04-06,232,9153,9385
5104,2016-04-07,259,9213,9472
5104,2016-04-08,211,9269,9480
5104,2016-04-09,87,6906,6993
5104,2016-04-10,28,5781,5809
5104,2016-04-11,228,9202,9430
5104,2016-04-12,186,7534,7720
5104,2016-04-13,222,9276,9498
5104,2016-04-14,248,9821,10069
5104,2016-04-15,281,9846,10127
5104,2016-04-16,100,6274,6374
5104,2016-04-17,26,5549,5575
5104,2016-04-18,251,9216,9467
5104,2016-04-19,260,9865,10125
5104,2016-04-20,240,10058,10298
5104,2016-04-21,259,10257,10516
5104,2016-04-22,289,10144,10433
5104,2016-04-23,118,7939,8057
5104,2016-04-24,20,4734,4754
5104,2016-04-25,222,9131,9353
5104,2016-04-26,280,9324,9604
5104,2016-04-27,258,11446,11704
5104,2016-04-28,222,7682,7904
5104,2016-04-29,222,9894,10116
5104,2016-04-30,96,6713,6809
5104,2016-05-01,16,5314,5330
5104,2016-05-02,319,9408,9727
5104,2016-05-03,294,9963,10257
5104,2016-05-04,426,11337,11763
5104,2016-05-05,31,5924,5955
5104,2016-05-06,165,8872,9037
5104,2016-05-07,156,7298,7454
5104,2016-05-08,23,6109,6132
5104,2016-05-09,233,9701,9934
5104,2016-05-10,178,7780,7958
5104,2016-05-11,247,10059,10306
5104,2016-05-12,213,10383,10596
5104,2016-05-13,226,8120,8346
5104,2016-05-14,117,6854,6971
5104,2016-05-15,18,4608,4626
5104,2016-05-16,17,4309,4326
5104,2016-05-17,228,9006,9234
5104,2016-05-18,271,9006,9277
5104,2016-05-20,235,9428,9663
5104,2016-05-21,120,7046,7166
5104,2016-05-22,14,4796,4810
5104,2016-05-23,270,9548,9818
5104,2016-05-24,233,10068,10301
5104,2016-05-25,268,10454,10722
5104,2016-05-27,258,10331,10589
5104,2016-05-28,90,6192,6282
5104,2016-05-29,46,7956,8002
5104,2016-05-30,262,7374,7636
5104,2016-05-31,134,7670,7804
5104,2016-06-01,462,9647,10109
5104,2016-06-03,254,8208,8462
5104,2016-06-04,166,6320,6486
5104,2016-06-05,19,5285,5304
5104,2016-06-06,182,7602,7784
5104,2016-06-07,180,7846,8026
5104,2016-06-08,336,11836,12172
5104,2016-06-10,294,10855,11149
5104,2016-06-11,76,7185,7261
5104,2016-06-12,8,5206,5214
5104,2016-06-13,190,7378,7568
5104,2016-06-14,214,7554,7768
5104,2016-06-15,184,7340,7524
5104,2016-06-17,226,7796,8022
5104,2016-06-18,92,6469,6561
5104,2016-06-19,11,5515,5526
5104,2016-06-20,262,7172,7434
5104,2016-06-21,453,9730,10183
5104,2016-06-22,303,10079,10382
5104,2016-06-24,201,7916,8117
5104,2016-06-25,81,5668,5749
5104,2016-06-26,23,5116,5139
5104,2016-06-27,272,9149,9421
5104,2016-06-28,253,9984,10237
5104,2016-06-29,264,9987,10251
5104,2016-07-01,274,10295,10569
5104,2016-07-02,93,6984,7077
5104,2016-07-03,26,5494,5520
5104,2016-07-04,206,7432,7638
5104,2016-07-05,315,10124,10439
5104,2016-07-06,319,10005,10324
5104,2016-07-08,403,10729,11132
5104,2016-07-09,435,9828,10263
5104,2016-07-10,250,6326,6576
5104,2016-07-11,386,9896,10282
5104,2016-07-12,234,10121,10355
5104,2016-07-13,279,9641,9920
5104,2016-07-15,257,10081,10338
5104,2016-07-16,113,6552,6665
5104,2016-07-17,28,5520,5548
5104,2016-07-18,217,9183,9400
5104,2016-07-19,336,9446,9782
5104,2016-07-20,180,7620,7800
5104,2016-07-22,222,7508,7730
5104,2016-07-23,114,5560,5674
5104,2016-07-24,32,5147,5179
5104,2016-07-25,269,8940,9209
5104,2016-07-26,301,8830,9131
5104,2016-07-27,246,9323,9569
5104,2016-07-29,189,8196,8385
5104,2016-07-30,105,5835,5940
5104,2016-07-31,46,4873,4919
5104,2016-08-01,205,6948,7153
5104,2016-08-02,205,6709,6914
5104,2016-08-03,213,7161,7374
5104,2016-08-05,192,7062,7254
5104,2016-08-06,107,5362,5469
5104,2016-08-07,75,4990,5065
5104,2016-08-08,240,6402,6642
5104,2016-08-09,221,6513,6734
5104,2016-08-10,194,6308,6502
5104,2016-08-11,188,6525,6713
5104,2016-08-12,159,6755,6914
5104,2016-08-13,136,5148,5284
5104,2016-08-14,53,4723,4776
5104,2016-08-15,56,4849,4905
5104,2016-08-16,422,9007,9429
5104,2016-08-17,249,7195,7444
5104,2016-08-18,212,6588,6800
5104,2016-08-19,204,6597,6801
5104,2016-08-20,128,4638,4766
5104,2016-08-21,39,4618,4657
5104,2016-08-22,217,6994,7211
5104,2016-08-23,202,7614,7816
5104,2016-08-24,188,7620,7808
5104,2016-08-25,278,7539,7817
5104,2016-08-26,185,7648,7833
5104,2016-08-27,75,4990,5065
5104,2016-08-28,28,4054,4082
5104,2016-08-29,263,8078,8341
5104,2016-08-30,272,8214,8486
5104,2016-08-31,275,8133,8408
5104,2016-09-01,192,7922,8114
5104,2016-09-02,326,9955,10281
5104,2016-09-03,1312,17589,18901
5104,2016-09-05,329,6547,6876
5104,2016-09-06,257,6060,6317
5104,2016-09-07,264,5846,6110
5104,2016-09-08,245,6071,6316
5104,2016-09-09,197,6074,6271
5104,2016-09-10,96,4590,4686
5104,2016-09-11,31,4362,4393
5104,2016-09-12,161,5222,5383
5104,2016-09-13,217,5978,6195
5104,2016-09-14,158,6138,6296
5104,2016-09-15,156,4526,4682
5104,2016-09-16,182,5860,6042
5104,2016-09-17,75,4277,4352
5104,2016-09-18,21,3188,3209
5104,2016-09-19,205,5577,5782
5104,2016-09-20,187,6039,6226
5104,2016-09-21,206,5870,6076
5104,2016-09-22,191,5942,6133
5104,2016-09-23,250,6087,6337
5104,2016-09-24,84,4906,4990
5104,2016-09-25,17,4327,4344
5104,2016-09-26,185,5471,5656
5104,2016-09-27,212,5811,6023
5104,2016-09-28,160,5959,6119
5104,2016-09-29,183,6164,6347
5104,2016-09-30,205,5919,6124
5104,2016-10-01,98,3316,3414
5104,2016-10-02,15,3278,3293
5104,2016-10-03,114,5508,5622
5104,2016-10-04,185,5793,5978
5104,2016-10-05,248,6344,6592
5104,2016-10-06,429,7292,7721
5104,2016-10-07,189,6270,6459
5104,2016-10-08,70,4282,4352
5104,2016-10-09,56,5063,5119
5104,2016-10-10,233,5526,5759
5104,2016-10-11,217,5680,5897
5104,2016-10-12,204,5762,5966
5104,2016-10-13,197,5756,5953
5104,2016-10-14,218,5833,6051
5104,2016-10-15,72,3760,3832
5104,2016-10-16,16,3448,3464
5104,2016-10-17,215,5224,5439
5104,2016-10-18,202,5618,5820
5104,2016-10-19,178,5347,5525
5104,2016-10-20,190,5728,5918
5104,2016-10-21,189,5715,5904
5104,2016-10-22,88,3596,3684
5104,2016-10-23,16,2334,2350
5104,2016-10-24,134,4606,4740
5104,2016-10-25,169,5670,5839
5104,2016-10-26,239,5591,5830
5104,2016-10-27,205,5737,5942
5104,2016-10-28,200,5799,5999
5104,2016-10-29,92,4155,4247
5104,2016-10-30,17,3121,3138
5104,2016-10-31,138,4555,4693
5104,2016-11-01,23,2841,2864
5104,2016-11-02,172,4789,4961
5104,2016-11-08,218,5407,5625
5104,2016-11-09,192,4160,4352
5104,2016-11-10,258,5577,5835
5104,2016-11-11,251,5337,5588
5104,2016-11-12,78,3523,3601
5104,2016-11-13,13,2414,2427
5104,2016-11-14,224,5181,5405
5104,2016-11-15,155,5491,5646
5104,2016-11-16,174,5318,5492
5104,2016-11-17,180,5550,5730
5104,2016-11-18,184,4902,5086
5104,2016-11-19,82,3331,3413
5104,2016-11-20,14,1754,1768
5104,2016-11-21,162,4048,4210
5104,2016-11-22,182,4364,4546
5104,2016-11-23,176,5503,5679
5104,2016-11-24,165,5770,5935
5104,2016-11-25,158,5687,5845
5104,2016-11-26,88,3245,3333
5104,2016-11-27,14,2423,2437
5104,2016-11-29,202,5564,5766
5104,2016-11-30,232,5340,5572
5104,2016-12-01,200,5255,5455
5104,2016-12-02,399,7682,8081
5104,2016-12-03,1445,15357,16802
5104,2016-12-04,271,11687,11958
5104,2016-12-05,197,5365,5562
5104,2016-12-06,173,5092,5265
5104,2016-12-07,182,5244,5426
5104,2016-12-08,190,5346,5536
5104,2016-12-09,176,5405,5581
5104,2016-12-10,61,3430,3491
5104,2016-12-11,13,2335,2348
5104,2016-12-12,151,4786,4937
5104,2016-12-13,189,5095,5284
5104,2016-12-14,183,5083,5266
5104,2016-12-15,249,5227,5476
5104,2016-12-16,164,5215,5379
5104,2016-12-17,74,3183,3257
5104,2016-12-18,13,2241,2254
5104,2016-12-19,207,4630,4837
5104,2016-12-20,187,4890,5077
5104,2016-12-21,166,4587,4753
5104,2016-12-22,210,4759,4969
5104,2016-12-23,119,4516,4635
5104,2016-12-24,64,2458,2522
5104,2016-12-25,14,1983,1997
5104,2016-12-26,30,1695,1725
5104,2016-12-27,109,3036,3145
5104,2016-12-28,105,2919,3024
5104,2016-12-29,85,3164,3249
5104,2016-12-30,87,3001,3088
5104,2016-12-31,57,2045,2102
5106,2016-02-03,1028,13696,14724
5106,2016-02-04,914,13894,14808
5106,2016-02-05,953,11174,12127
5106,2016-02-06,270,7028,7298
5106,2016-02-07,68,5090,5158
5106,2016-02-08,682,10676,11358
5106,2016-02-09,818,11998,12816
5106,2016-02-10,944,12422,13366
5106,2016-02-11,889,9966,10855
5106,2016-02-12,969,10152,11121
5106,2016-02-13,196,6958,7154
5106,2016-02-14,64,4950,5014
5106,2016-02-15,935,10057,10992
5106,2016-02-16,994,10607,11601
5106,2016-02-17,997,10453,11450
5106,2016-02-18,1029,10573,11602
5106,2016-02-19,921,10760,11681
5106,2016-02-20,190,7908,8098
5106,2016-02-21,82,4889,4971
5106,2016-02-22,1062,13072,14134
5106,2016-02-23,958,14182,15140
5106,2016-02-24,985,10642,11627
5106,2016-02-26,983,11409,12392
5106,2016-02-27,304,7271,7575
5106,2016-02-28,96,5192,5288
5106,2016-02-29,1086,10641,11727
5106,2016-03-01,1177,10693,11870
5106,2016-03-02,984,13616,14600
5106,2016-03-03,873,10821,11694
5106,2016-03-04,905,10999,11904
5106,2016-03-05,306,9236,9542
5106,2016-03-06,108,5246,5354
5106,2016-03-07,862,10308,11170
5106,2016-03-08,924,10668,11592
5106,2016-03-09,953,10841,11794
5106,2016-03-10,929,10968,11897
5106,2016-03-11,932,11233,12165
5106,2016-03-12,301,7695,7996
5106,2016-03-13,102,5457,5559
5106,2016-03-14,1001,10361,11362
5106,2016-03-15,1712,14266,15978
5106,2016-03-16,1044,10586,11630
5106,2016-03-17,994,11111,12105
5106,2016-03-18,1323,12860,14183
5106,2016-03-19,1520,15202,16722
5106,2016-03-20,736,10724,11460
5106,2016-03-21,1070,10098,11168
5106,2016-03-22,1108,10558,11666
5106,2016-03-23,1123,10797,11920
5106,2016-03-24,1070,10952,12022
5106,2016-03-25,923,11015,11938
5106,2016-03-26,229,7302,7531
5106,2016-03-28,38,4234,4272
5106,2016-03-29,1120,14812,15932
5106,2016-03-30,1042,11298,12340
5106,2016-04-06,1083,11639,12722
5106,2016-04-07,1126,14666,15792
5106,2016-04-08,1089,11597,12686
5106,2016-04-09,360,8194,8554
5106,2016-04-10,151,6801,6952
5106,2016-04-11,935,10779,11714
5106,2016-04-12,989,11186,12175
5106,2016-04-13,996,10822,11818
5106,2016-04-14,969,11214,12183
5106,2016-04-15,1107,11281,12388
5106,2016-04-16,232,9028,9260
5106,2016-04-17,126,6304,6430
5106,2016-04-18,995,10684,11679
5106,2016-04-19,1014,11154,12168
5106,2016-04-20,1063,11368,12431
5106,2016-04-21,1043,11563,12606
5106,2016-04-22,1084,11592,12676
5106,2016-04-23,399,9389,9788
5106,2016-04-24,198,6620,6818
5106,2016-04-25,1110,13512,14622
5106,2016-04-26,1124,13970,15094
5106,2016-04-27,1194,14012,15206
5106,2016-04-28,1282,14220,15502
5106,2016-04-29,1103,11403,12506
5106,2016-04-30,272,8756,9028
5106,2016-05-01,120,6066,6186
5106,2016-05-02,1066,10856,11922
5106,2016-05-03,1073,11360,12433
5106,2016-05-04,1215,12093,13308
5106,2016-05-05,175,7644,7819
5106,2016-05-06,703,10905,11608
5106,2016-05-07,272,8740,9012
5106,2016-05-08,105,7216,7321
5106,2016-05-09,999,10887,11886
5106,2016-05-10,866,14166,15032
5106,2016-05-11,925,11080,12005
5106,2016-05-12,933,11669,12602
5106,2016-05-13,1032,11688,12720
5106,2016-05-14,314,7967,8281
5106,2016-05-15,80,5361,5441
5106,2016-05-16,90,5026,5116
5106,2016-05-17,980,10699,11679
5106,2016-05-18,1132,10615,11747
5106,2016-05-20,1035,11069,12104
5106,2016-05-21,341,8726,9067
5106,2016-05-22,80,6670,6750
5106,2016-05-23,1172,10725,11897
5106,2016-05-24,1011,11307,12318
5106,2016-05-25,986,11233,12219
5106,2016-05-27,1254,14764,16018
5106,2016-05-28,242,9150,9392
5106,2016-05-29,92,5906,5998
5106,2016-05-30,852,11678,12530
5106,2016-05-31,1120,11145,12265
5106,2016-06-01,1074,14242,15316
5106,2016-06-03,1100,11645,12745
5106,2016-06-04,270,8578,8848
5106,2016-06-05,102,5828,5930
5106,2016-06-06,1056,11141,12197
5106,2016-06-07,1122,14276,15398
5106,2016-06-08,1170,14418,15588
5106,2016-06-10,921,11784,12705
5106,2016-06-11,291,9918,10209
5106,2016-06-12,66,7890,7956
5106,2016-06-13,1136,13658,14794
5106,2016-06-14,926,14300,15226
5106,2016-06-15,966,14196,15162
5106,2016-06-17,1036,14248,15284
5106,2016-06-18,284,7808,8092
5106,2016-06-19,90,6130,6220
5106,2016-06-20,1368,13552,14920
5106,2016-06-21,1184,11128,12312
5106,2016-06-22,999,11189,12188
5106,2016-06-24,648,9448,10096
5106,2016-06-25,192,7450,7642
5106,2016-06-26,93,5940,6033
5106,2016-06-27,1008,10469,11477
5106,2016-06-28,951,11470,12421
5106,2016-06-29,1014,11416,12430
