"POSTE_ID","date","C","V","T"
1,2021-01-02,9,461,470
1,2021-01-03,1,213,214
1,2021-01-04,20,1182,1202
1,2021-01-05,26,1175,1201
1,2021-01-06,33,1120,1153
1,2021-01-07,29,1193,1222
1,2021-01-08,33,1201,1234
1,2021-01-09,24,514,538
1,2021-01-10,7,244,251
1,2021-01-11,26,1345,1371
1,2021-01-12,16,1662,1678
1,2021-01-13,18,1405,1423
1,2021-01-14,15,1196,1211
1,2021-01-15,30,1167,1197
1,2021-01-16,8,453,461
1,2021-01-17,2,213,215
1,2021-01-18,21,1394,1415
1,2021-01-19,24,1492,1516
1,2021-01-20,24,1441,1465
1,2021-01-21,27,1626,1653
1,2021-01-22,35,1560,1595
1,2021-01-23,8,533,541
1,2021-01-24,6,264,270
1,2021-01-25,35,1325,1360
1,2021-01-26,44,1485,1529
1,2021-01-27,39,1310,1349
1,2021-01-28,25,1557,1582
1,2021-01-29,66,1728,1794
1,2021-01-30,2,543,545
1,2021-02-02,28,1576,1604
1,2021-02-03,30,1429,1459
1,2021-02-04,44,1540,1584
1,2021-02-05,27,1458,1485
1,2021-02-06,5,596,601
1,2021-02-07,6,265,271
1,2021-02-08,34,1356,1390
1,2021-02-09,37,1296,1333
1,2021-02-10,46,1457,1503
1,2021-02-11,41,1369,1410
1,2021-02-12,44,1366,1410
1,2021-02-13,10,591,601
1,2021-02-14,5,333,338
1,2021-02-15,51,1309,1360
1,2021-02-16,32,1377,1409
1,2021-02-17,29,1282,1311
1,2021-02-18,38,1313,1351
1,2021-02-19,34,1332,1366
1,2021-02-20,6,625,631
1,2021-02-21,2,332,334
1,2021-02-22,42,1439,1481
1,2021-02-23,49,1560,1609
1,2021-02-24,32,1464,1496
1,2021-02-25,46,1536,1582
1,2021-02-26,46,1473,1519
1,2021-02-27,18,642,660
1,2021-02-28,2,318,320
1,2021-03-02,51,1579,1630
1,2021-03-03,54,1518,1572
1,2021-03-04,46,1518,1564
1,2021-03-05,35,1528,1563
1,2021-03-06,15,643,658
1,2021-03-07,18,372,390
1,2021-03-08,62,1561,1623
1,2021-03-09,32,1647,1679
1,2021-03-10,41,1538,1579
1,2021-03-11,67,1754,1821
1,2021-03-12,76,1671,1747
1,2021-03-13,26,758,784
1,2021-03-14,4,290,294
1,2021-03-15,22,1591,1613
1,2021-03-16,26,1692,1718
1,2021-03-17,33,1533,1566
1,2021-03-18,35,1591,1626
1,2021-03-19,39,1542,1581
1,2021-03-20,12,670,682
1,2021-03-21,3,289,292
1,2021-03-22,61,1499,1560
1,2021-03-23,30,1617,1647
1,2021-03-24,38,1604,1642
1,2021-03-25,48,1599,1647
1,2021-03-26,46,1552,1598
1,2021-03-27,16,624,640
1,2021-03-29,42,1494,1536
1,2021-03-30,54,1630,1684
1,2021-04-02,71,1499,1570
1,2021-04-03,13,619,632
1,2021-04-04,0,299,299
1,2021-04-05,2,250,252
1,2021-04-06,56,1339,1395
1,2021-04-07,51,1254,1305
1,2021-04-08,52,1394,1446
1,2021-04-09,52,1413,1465
1,2021-04-10,10,583,593
1,2021-04-11,0,240,240
1,2021-04-12,39,1388,1427
1,2021-04-13,25,1448,1473
1,2021-04-14,35,1406,1441
1,2021-04-15,40,1472,1512
1,2021-04-16,39,1572,1611
1,2021-04-17,31,687,718
1,2021-04-18,5,334,339
1,2021-04-19,33,1509,1542
1,2021-04-20,34,1766,1800
1,2021-04-21,52,1636,1688
1,2021-04-22,65,1643,1708
1,2021-04-23,46,1649,1695
1,2021-04-24,16,684,700
1,2021-04-25,11,401,412
1,2021-04-26,42,1661,1703
1,2021-04-27,38,1846,1884
1,2021-04-28,28,1721,1749
1,2021-04-29,35,1712,1747
1,2021-04-30,34,1671,1705
1,2021-05-02,1,375,376
1,2021-05-03,37,1794,1831
1,2021-05-04,54,1867,1921
1,2021-05-05,44,1764,1808
1,2021-05-06,31,1887,1918
1,2021-05-07,34,1777,1811
1,2021-05-08,21,782,803
1,2021-05-09,32,381,413
1,2021-05-10,39,1688,1727
1,2021-05-11,54,1952,2006
1,2021-05-12,43,1761,1804
1,2021-05-13,24,389,413
1,2021-05-14,36,1195,1231
1,2021-05-15,12,683,695
1,2021-05-16,9,367,376
1,2021-05-17,31,1837,1868
1,2021-05-18,40,1893,1933
1,2021-05-19,22,1745,1767
1,2021-05-20,35,1795,1830
1,2021-05-21,60,1779,1839
1,2021-05-22,24,759,783
1,2021-05-23,1,354,355
1,2021-05-24,16,330,346
1,2021-05-25,41,1776,1817
1,2021-05-26,30,1605,1635
1,2021-05-27,20,1754,1774
1,2021-05-28,24,1786,1810
1,2021-05-29,12,759,771
1,2021-05-30,5,472,477
1,2021-05-31,20,1815,1835
1,2021-06-01,27,2177,2204
1,2021-06-02,34,2037,2071
1,2021-06-03,32,2027,2059
1,2021-06-04,42,1914,1956
1,2021-06-05,10,712,722
1,2021-06-06,4,364,368
1,2021-06-07,62,1967,2029
1,2021-06-08,44,2176,2220
1,2021-06-09,52,2047,2099
1,2021-06-10,39,2163,2202
1,2021-06-11,40,2060,2100
1,2021-06-12,26,779,805
1,2021-06-13,21,397,418
1,2021-06-14,34,1965,1999
1,2021-06-15,31,2098,2129
1,2021-06-16,29,2001,2030
1,2021-06-17,31,2094,2125
1,2021-06-18,33,1935,1968
1,2021-06-19,45,816,861
1,2021-06-20,5,374,379
1,2021-06-21,22,1873,1895
1,2021-06-22,42,2067,2109
1,2021-06-23,8,720,728
1,2021-06-24,40,2570,2610
1,2021-06-25,49,1923,1972
1,2021-06-26,34,714,748
1,2021-06-27,4,429,433
1,2021-06-28,26,1913,1939
1,2021-06-29,27,2071,2098
1,2021-06-30,20,2028,2048
1,2021-07-01,25,2108,2133
1,2021-07-02,19,1913,1932
1,2021-07-03,22,735,757
1,2021-07-04,10,425,435
1,2021-07-05,16,1894,1910
1,2021-07-06,24,2158,2182
1,2021-07-07,22,1726,1748
1,2021-07-08,27,1961,1988
1,2021-07-09,26,1858,1884
1,2021-07-10,20,712,732
1,2021-07-11,2,409,411
1,2021-07-12,35,1701,1736
1,2021-07-13,21,2016,2037
1,2021-07-14,17,1650,1667
1,2021-07-15,29,2119,2148
1,2021-07-16,31,1684,1715
1,2021-07-17,13,731,744
1,2021-07-18,10,394,404
1,2021-07-19,35,1631,1666
1,2021-07-20,29,1742,1771
1,2021-07-21,37,1580,1617
1,2021-07-22,46,1734,1780
1,2021-07-23,35,1680,1715
1,2021-07-24,4,570,574
1,2021-07-25,0,384,384
1,2021-07-26,22,1582,1604
1,2021-07-27,26,1793,1819
1,2021-07-28,22,1535,1557
1,2021-07-29,30,1698,1728
1,2021-07-30,21,1550,1571
1,2021-07-31,28,663,691
1,2021-08-01,30,438,468
1,2021-08-02,41,1303,1344
1,2021-08-03,16,1340,1356
1,2021-08-04,36,1252,1288
1,2021-08-05,12,1288,1300
1,2021-08-06,25,1310,1335
1,2021-08-07,11,629,640
1,2021-08-08,4,317,321
1,2021-08-09,18,1190,1208
1,2021-08-10,19,1210,1229
1,2021-08-11,39,1189,1228
1,2021-08-12,46,1249,1295
1,2021-08-13,56,1218,1274
1,2021-08-14,23,596,619
1,2021-08-15,38,377,415
1,2021-08-16,18,1111,1129
1,2021-08-17,25,1171,1196
1,2021-08-18,15,1273,1288
1,2021-08-19,18,1227,1245
1,2021-08-20,36,1387,1423
1,2021-08-21,28,623,651
1,2021-08-22,0,344,344
1,2021-08-23,28,1440,1468
1,2021-08-24,40,2322,2362
1,2021-08-25,47,2444,2491
1,2021-08-26,45,2618,2663
1,2021-08-27,30,2651,2681
1,2021-08-28,19,1130,1149
1,2021-08-29,3,664,667
1,2021-08-30,72,2713,2785
1,2021-08-31,54,2813,2867
1,2021-09-01,39,2821,2860
1,2021-09-02,53,3042,3095
1,2021-09-03,44,2978,3022
1,2021-09-04,23,1236,1259
1,2021-09-05,5,698,703
1,2021-09-06,30,3101,3131
1,2021-09-07,34,3289,3323
1,2021-09-08,44,3154,3198
1,2021-09-09,61,3498,3559
1,2021-09-10,45,3138,3183
1,2021-09-11,21,1315,1336
1,2021-09-12,4,746,750
1,2021-09-14,43,3572,3615
1,2021-09-15,68,3303,3371
1,2021-09-16,48,3611,3659
1,2021-09-17,52,3267,3319
1,2021-09-18,34,1411,1445
1,2021-09-19,3,826,829
1,2021-09-20,49,3255,3304
1,2021-09-21,54,3574,3628
1,2021-09-22,66,3182,3248
1,2021-09-23,60,3089,3149
1,2021-09-24,51,2949,3000
1,2021-09-25,38,1250,1288
1,2021-09-26,14,645,659
1,2021-09-27,48,3104,3152
1,2021-09-28,53,3603,3656
1,2021-09-29,87,3482,3569
1,2021-09-30,47,3751,3798
1,2021-10-01,43,3529,3572
1,2021-10-02,16,1345,1361
1,2021-10-03,3,614,617
1,2021-10-04,56,3459,3515
1,2021-10-05,55,3965,4020
1,2021-10-06,36,3682,3718
1,2021-10-07,131,4207,4338
1,2021-10-08,124,3085,3209
1,2021-10-09,29,947,976
1,2021-10-10,8,472,480
1,2021-10-11,26,2388,2414
1,2021-10-12,26,2582,2608
1,2021-10-13,78,2326,2404
1,2021-10-14,47,2295,2342
1,2021-10-15,50,1801,1851
1,2021-10-16,19,991,1010
1,2021-10-17,4,409,413
1,2021-10-18,33,2304,2337
1,2021-10-19,42,2597,2639
1,2021-10-20,36,2271,2307
1,2021-10-21,68,2437,2505
1,2021-10-22,47,2131,2178
1,2021-10-23,32,777,809
1,2021-10-24,3,443,446
1,2021-10-25,28,2176,2204
1,2021-10-26,40,2389,2429
1,2021-10-27,35,2130,2165
1,2021-10-28,56,2172,2228
1,2021-10-29,62,2096,2158
1,2021-10-30,9,779,788
1,2021-11-01,4,325,329
1,2021-11-02,30,1869,1899
1,2021-11-03,20,1884,1904
1,2021-11-04,41,1901,1942
1,2021-11-05,31,1745,1776
1,2021-11-06,12,673,685
1,2021-11-07,4,341,345
1,2021-11-08,26,2128,2154
1,2021-11-09,24,2380,2404
1,2021-11-10,45,2145,2190
1,2021-11-11,37,2030,2067
1,2021-11-12,49,2044,2093
1,2021-11-13,11,749,760
1,2021-11-14,1,329,330
1,2021-11-15,34,2062,2096
1,2021-11-16,27,2474,2501
1,2021-11-17,31,2087,2118
1,2021-11-18,38,2384,2422
1,2021-11-19,37,2069,2106
1,2021-11-20,16,746,762
1,2021-11-21,3,271,274
1,2021-11-22,29,2028,2057
1,2021-11-23,32,2157,2189
1,2021-11-24,38,2045,2083
1,2021-11-25,40,2257,2297
1,2021-11-26,45,2106,2151
1,2021-11-27,10,649,659
1,2021-11-28,3,330,333
1,2021-11-29,31,1951,1982
1,2021-12-02,29,2124,2153
1,2021-12-03,39,1968,2007
1,2021-12-04,8,665,673
1,2021-12-05,1,301,302
1,2021-12-06,27,1934,1961
1,2021-12-07,26,2115,2141
1,2021-12-08,24,1952,1976
1,2021-12-09,24,2026,2050
1,2021-12-10,20,1678,1698
1,2021-12-11,7,612,619
1,2021-12-12,1,298,299
1,2021-12-13,25,1961,1986
1,2021-12-14,44,2158,2202
1,2021-12-15,34,1931,1965
1,2021-12-16,27,2091,2118
1,2021-12-17,24,1879,1903
1,2021-12-18,8,662,670
1,2021-12-19,0,377,377
1,2021-12-20,25,1547,1572
1,2021-12-21,21,1601,1622
1,2021-12-22,31,1409,1440
1,2021-12-23,15,1355,1370
1,2021-12-24,10,767,777
1,2021-12-25,0,211,211
1,2021-12-26,5,236,241
1,2021-12-27,9,767,776
1,2021-12-28,19,859,878
1,2021-12-29,12,840,852
1,2021-12-30,18,799,817
1,2021-12-31,7,650,657
2,2021-01-03,30,1698,1728
2,2021-01-06,140,1113,1253
2,2021-01-07,444,3863,4307
2,2021-01-09,89,2808,2897
2,2021-01-10,57,3499,3556
2,2021-01-11,787,7563,8350
2,2021-01-12,717,7404,8121
2,2021-01-13,690,6599,7289
2,2021-01-14,752,7176,7928
2,2021-01-17,6,724,730
2,2021-01-18,507,5019,5526
2,2021-01-19,883,7510,8393
2,2021-01-20,632,5268,5900
2,2021-01-21,893,7911,8804
2,2021-01-22,781,8112,8893
2,2021-01-23,243,5295,5538
2,2021-01-24,67,3765,3832
2,2021-01-25,776,7783,8559
2,2021-01-26,914,8279,9193
2,2021-01-27,859,6759,7618
2,2021-01-28,893,6908,7801
2,2021-01-29,857,7301,8158
2,2021-01-30,195,3744,3939
2,2021-01-31,64,2758,2822
2,2021-02-01,639,4552,5191
2,2021-02-02,921,7061,7982
2,2021-02-03,856,6824,7680
2,2021-02-04,921,6601,7522
2,2021-02-05,882,7290,8172
2,2021-02-06,240,4025,4265
2,2021-02-07,68,2757,2825
2,2021-02-08,771,6720,7491
2,2021-02-09,366,2078,2444
2,2021-02-10,549,4283,4832
2,2021-02-11,667,4703,5370
2,2021-02-12,621,5073,5694
2,2021-02-13,210,3718,3928
2,2021-02-14,78,2937,3015
2,2021-02-15,730,5863,6593
2,2021-02-16,899,6720,7619
2,2021-02-17,900,6720,7620
2,2021-02-18,1006,6933,7939
2,2021-02-19,934,6910,7844
2,2021-02-20,242,3963,4205
2,2021-02-21,64,3752,3816
2,2021-02-22,912,7143,8055
2,2021-02-23,1055,7315,8370
2,2021-02-24,1049,7075,8124
2,2021-02-25,1012,7437,8449
2,2021-02-26,971,7451,8422
2,2021-02-27,297,4428,4725
2,2021-02-28,78,4035,4113
2,2021-03-02,1135,7213,8348
2,2021-03-03,1138,7138,8276
2,2021-03-04,866,6466,7332
2,2021-03-05,1043,7336,8379
2,2021-03-06,302,4324,4626
2,2021-03-07,67,4280,4347
2,2021-03-08,1093,7070,8163
2,2021-03-09,1037,7398,8435
2,2021-03-10,1079,7120,8199
2,2021-03-11,1019,7498,8517
2,2021-03-12,1045,7331,8376
2,2021-03-13,247,4450,4697
2,2021-03-14,88,4096,4184
2,2021-03-15,995,7094,8089
2,2021-03-16,1020,7155,8175
2,2021-03-17,1141,6962,8103
2,2021-03-18,1116,7313,8429
2,2021-03-19,1081,7542,8623
2,2021-03-20,273,4192,4465
2,2021-03-21,74,4320,4394
2,2021-03-22,1043,7147,8190
2,2021-03-23,1075,7212,8287
2,2021-03-24,1101,7353,8454
2,2021-03-25,1095,7529,8624
2,2021-03-26,1112,7493,8605
2,2021-03-27,305,4285,4590
2,2021-03-29,1000,7098,8098
2,2021-03-30,1146,7290,8436
2,2021-03-31,1093,7245,8338
2,2021-04-01,1084,7602,8686
2,2021-04-02,930,7997,8927
2,2021-04-03,262,4364,4626
2,2021-04-04,63,2871,2934
2,2021-04-05,151,3293,3444
2,2021-04-06,848,6605,7453
2,2021-04-07,942,6436,7378
2,2021-04-08,1047,7423,8470
2,2021-04-09,1047,7452,8499
2,2021-04-10,286,4504,4790
2,2021-04-11,86,3983,4069
2,2021-04-12,983,7091,8074
2,2021-04-13,1077,7309,8386
2,2021-04-14,1075,7181,8256
2,2021-04-15,1082,7376,8458
2,2021-04-16,1048,7541,8589
2,2021-04-17,340,4594,4934
2,2021-04-18,104,4733,4837
2,2021-04-19,1098,7848,8946
2,2021-04-20,1110,8198,9308
2,2021-04-21,1184,7799,8983
2,2021-04-22,1163,8191,9354
2,2021-04-23,1144,8752,9896
2,2021-04-24,303,6453,6756
2,2021-04-25,124,7257,7381
2,2021-04-26,1017,7836,8853
2,2021-04-27,1046,8174,9220
2,2021-04-28,1047,7814,8861
2,2021-04-29,1163,8221,9384
2,2021-04-30,1014,8613,9627
2,2021-05-01,216,6194,6410
2,2021-05-02,99,7155,7254
2,2021-05-03,1058,7589,8647
2,2021-05-04,1001,7851,8852
2,2021-05-05,1053,7835,8888
2,2021-05-06,1007,8193,9200
2,2021-05-07,1037,8405,9442
2,2021-05-08,266,5876,6142
2,2021-05-09,120,5722,5842
2,2021-05-10,1042,7778,8820
2,2021-05-11,1072,8225,9297
2,2021-05-12,1134,8341,9475
2,2021-05-13,301,6001,6302
2,2021-05-14,697,7322,8019
2,2021-05-15,344,6186,6530
2,2021-05-16,192,7156,7348
2,2021-05-17,935,7987,8922
2,2021-05-18,1024,8090,9114
2,2021-05-19,998,7992,8990
2,2021-05-20,1085,8116,9201
2,2021-05-21,1073,8862,9935
2,2021-05-22,356,6395,6751
2,2021-05-23,128,6526,6654
2,2021-05-24,210,6790,7000
2,2021-05-25,1034,8227,9261
2,2021-05-26,1033,8022,9055
2,2021-05-27,1089,8267,9356
2,2021-05-28,1046,8701,9747
2,2021-05-29,319,6087,6406
2,2021-05-30,152,7056,7208
2,2021-05-31,1090,8067,9157
2,2021-06-01,1068,8315,9383
2,2021-06-02,1094,7470,8564
2,2021-06-03,1064,8959,10023
2,2021-06-04,1007,7873,8880
2,2021-06-05,398,6213,6611
2,2021-06-06,205,7002,7207
2,2021-06-07,982,7582,8564
2,2021-06-08,1054,7941,8995
2,2021-06-09,1075,7834,8909
2,2021-06-10,1134,8307,9441
2,2021-06-11,1062,8902,9964
2,2021-06-12,403,6334,6737
2,2021-06-13,167,7031,7198
2,2021-06-14,993,7907,8900
2,2021-06-15,1048,8377,9425
2,2021-06-16,1066,8040,9106
2,2021-06-17,1006,8140,9146
2,2021-06-18,1010,8901,9911
2,2021-06-19,370,6328,6698
2,2021-06-20,158,7013,7171
2,2021-06-21,1005,8164,9169
2,2021-06-22,1099,8477,9576
2,2021-06-23,580,5357,5937
2,2021-06-24,1127,8500,9627
2,2021-06-25,1041,8850,9891
2,2021-06-26,327,6555,6882
2,2021-06-27,192,7365,7557
2,2021-06-28,1000,8261,9261
2,2021-06-29,1010,8600,9610
2,2021-06-30,1056,8522,9578
2,2021-07-01,1112,8986,10098
2,2021-07-02,1050,9051,10101
2,2021-07-03,386,6706,7092
2,2021-07-04,185,7925,8110
2,2021-07-05,991,8515,9506
2,2021-07-06,1023,8671,9694
2,2021-07-07,1055,8274,9329
2,2021-07-08,1106,8633,9739
2,2021-07-09,1016,9048,10064
2,2021-07-10,375,6587,6962
2,2021-07-11,214,7534,7748
2,2021-07-12,974,8366,9340
2,2021-07-13,959,8621,9580
2,2021-07-14,917,8447,9364
2,2021-07-15,1114,8968,10082
2,2021-07-16,1194,9098,10292
2,2021-07-17,450,5998,6448
2,2021-07-18,215,6724,6939
2,2021-07-19,1121,8458,9579
2,2021-07-20,1201,8642,9843
2,2021-07-21,1032,9145,10177
2,2021-07-22,1264,8771,10035
2,2021-07-23,1234,9469,10703
2,2021-07-24,572,7068,7640
2,2021-07-25,285,7509,7794
2,2021-07-26,1071,8593,9664
2,2021-07-27,1112,8473,9585
2,2021-07-28,1150,8474,9624
2,2021-07-29,1087,8898,9985
2,2021-07-30,1017,9307,10324
2,2021-07-31,561,7690,8251
2,2021-08-01,277,8321,8598
2,2021-08-02,895,7592,8487
2,2021-08-03,826,7662,8488
2,2021-08-04,957,7307,8264
2,2021-08-05,904,7826,8730
2,2021-08-06,850,8436,9286
2,2021-08-07,485,6990,7475
2,2021-08-08,267,7832,8099
2,2021-08-09,816,7301,8117
2,2021-08-10,834,7283,8117
2,2021-08-12,987,7515,8502
2,2021-08-13,974,8382,9356
2,2021-08-14,564,7405,7969
2,2021-08-15,334,7948,8282
2,2021-08-16,900,7901,8801
2,2021-08-17,977,7568,8545
2,2021-08-18,997,7640,8637
2,2021-08-19,983,7961,8944
2,2021-08-20,1029,8465,9494
2,2021-08-21,524,7229,7753
2,2021-08-22,289,8103,8392
2,2021-08-23,1000,8515,9515
2,2021-08-24,1180,8615,9795
2,2021-08-25,1276,8847,10123
2,2021-08-26,1248,9149,10397
2,2021-08-27,1022,8935,9957
2,2021-08-28,377,6557,6934
2,2021-08-29,219,7435,7654
2,2021-08-30,1140,8792,9932
2,2021-08-31,1163,8887,10050
2,2021-09-01,1246,8661,9907
2,2021-09-02,1250,9028,10278
2,2021-09-03,1314,9648,10962
2,2021-09-04,563,7520,8083
2,2021-09-05,281,8385,8666
2,2021-09-06,1365,8971,10336
2,2021-09-07,1379,8779,10158
2,2021-09-08,1343,8910,10253
2,2021-09-09,1436,9103,10539
2,2021-09-10,1346,9912,11258
2,2021-09-11,444,6921,7365
2,2021-09-12,274,8112,8386
2,2021-09-13,1314,8611,9925
2,2021-09-14,1361,8569,9930
2,2021-09-15,1318,8658,9976
2,2021-09-16,1373,8839,10212
2,2021-09-17,1301,9884,11185
2,2021-09-18,514,7566,8080
2,2021-09-19,283,8452,8735
2,2021-09-20,1211,8723,9934
2,2021-09-21,1344,8755,10099
2,2021-09-22,1390,8954,10344
2,2021-09-23,1378,9210,10588
2,2021-09-24,1304,9466,10770
2,2021-09-25,476,7243,7719
2,2021-09-26,263,7899,8162
2,2021-09-27,1178,8346,9524
2,2021-09-28,1294,8572,9866
2,2021-09-29,1383,8670,10053
2,2021-09-30,1371,9127,10498
2,2021-10-01,1216,9710,10926
2,2021-10-02,442,7247,7689
2,2021-10-03,173,8020,8193
2,2021-10-04,1230,8515,9745
2,2021-10-05,1258,8495,9753
2,2021-10-06,1252,8442,9694
2,2021-10-07,1324,8811,10135
2,2021-10-08,1241,9295,10536
2,2021-10-09,498,7312,7810
2,2021-10-10,229,8489,8718
2,2021-10-11,1255,8351,9606
2,2021-10-12,1397,8631,10028
2,2021-10-13,1379,8397,9776
2,2021-10-14,1324,8873,10197
2,2021-10-15,1277,9557,10834
2,2021-10-16,484,7052,7536
2,2021-10-17,247,8153,8400
2,2021-10-18,1379,8628,10007
2,2021-10-19,1318,8735,10053
2,2021-10-20,1325,8659,9984
2,2021-10-21,1259,9020,10279
2,2021-10-22,1294,9582,10876
2,2021-10-23,391,6365,6756
2,2021-10-24,230,8071,8301
2,2021-10-25,1189,8482,9671
2,2021-10-26,1416,8604,10020
2,2021-10-27,1424,8689,10113
2,2021-10-28,1421,9035,10456
2,2021-10-29,1278,9811,11089
2,2021-10-30,410,7749,8159
2,2021-11-01,336,6862,7198
2,2021-11-02,1232,8576,9808
2,2021-11-03,1187,8671,9858
2,2021-11-04,1221,8528,9749
2,2021-11-05,1197,8930,10127
2,2021-11-06,430,6243,6673
2,2021-11-07,127,7180,7307
2,2021-11-08,1170,8226,9396
2,2021-11-09,1307,8308,9615
2,2021-11-10,1294,8322,9616
2,2021-11-11,960,9161,10121
2,2021-11-12,1042,8972,10014
2,2021-11-13,307,6280,6587
2,2021-11-14,153,7067,7220
2,2021-11-15,1196,8157,9353
2,2021-11-16,1351,8389,9740
2,2021-11-17,1356,8274,9630
2,2021-11-18,1267,8513,9780
2,2021-11-19,1194,8670,9864
2,2021-11-20,352,6276,6628
2,2021-11-21,111,6804,6915
2,2021-11-22,1215,8073,9288
2,2021-11-23,1318,8253,9571
2,2021-11-24,1307,8169,9476
2,2021-11-25,1266,8586,9852
2,2021-11-26,1091,9032,10123
2,2021-11-27,314,5881,6195
2,2021-11-28,108,6478,6586
2,2021-11-29,1103,8009,9112
2,2021-11-30,1014,8281,9295
2,2021-12-01,1097,8260,9357
2,2021-12-02,1146,8361,9507
2,2021-12-03,1113,8928,10041
2,2021-12-04,275,6451,6726
3,2021-01-01,6,996,1002
3,2021-01-02,34,3262,3296
3,2021-01-03,6,1307,1313
3,2021-01-04,186,5093,5279
3,2021-01-05,258,5176,5434
3,2021-01-06,244,5177,5421
3,2021-01-07,252,5182,5434
3,2021-01-08,242,5730,5972
3,2021-01-09,72,3945,4017
3,2021-01-10,14,1472,1486
3,2021-01-11,274,6154,6428
3,2021-01-12,281,6020,6301
3,2021-01-13,280,6192,6472
3,2021-01-14,224,5204,5428
3,2021-01-15,247,5632,5879
3,2021-01-16,71,3699,3770
3,2021-01-17,11,1156,1167
3,2021-01-18,235,6296,6531
3,2021-01-19,241,6329,6570
3,2021-01-20,272,6309,6581
3,2021-01-21,329,6746,7075
3,2021-01-22,302,6792,7094
3,2021-01-23,63,4140,4203
3,2021-01-24,12,1497,1509
3,2021-01-25,219,5302,5521
3,2021-01-26,343,6720,7063
3,2021-01-27,236,5490,5726
3,2021-01-28,257,5887,6144
3,2021-01-29,310,6110,6420
3,2021-01-30,56,3075,3131
3,2021-01-31,12,1165,1177
3,2021-02-01,267,5880,6147
3,2021-02-02,277,5950,6227
3,2021-02-03,331,5608,5939
3,2021-02-04,335,6165,6500
3,2021-02-05,306,6118,6424
3,2021-02-06,53,3108,3161
3,2021-02-07,7,1267,1274
3,2021-02-08,217,5683,5900
3,2021-02-09,297,5699,5996
3,2021-02-10,340,5580,5920
3,2021-02-11,334,5897,6231
3,2021-02-12,294,6093,6387
3,2021-02-13,80,3262,3342
3,2021-02-14,15,1333,1348
3,2021-02-15,300,5514,5814
3,2021-02-16,313,5892,6205
3,2021-02-17,326,5668,5994
3,2021-02-18,379,5876,6255
3,2021-02-19,333,5964,6297
3,2021-02-20,74,3250,3324
3,2021-02-21,9,1506,1515
3,2021-02-22,349,6157,6506
3,2021-02-23,309,6170,6479
3,2021-02-24,342,6092,6434
3,2021-02-25,368,6243,6611
3,2021-02-26,345,6457,6802
3,2021-02-27,99,3853,3952
3,2021-02-28,9,1578,1587
3,2021-03-01,327,6366,6693
3,2021-03-02,391,6567,6958
3,2021-03-03,403,6403,6806
3,2021-03-04,379,6496,6875
3,2021-03-05,404,6623,7027
3,2021-03-06,76,3895,3971
3,2021-03-07,20,1614,1634
3,2021-03-08,378,6476,6854
3,2021-03-09,447,6595,7042
3,2021-03-10,347,6520,6867
3,2021-03-11,347,6848,7195
3,2021-03-12,316,6600,6916
3,2021-03-13,78,3887,3965
3,2021-03-14,10,1460,1470
3,2021-03-15,340,6382,6722
3,2021-03-16,331,6730,7061
3,2021-03-17,298,6416,6714
3,2021-03-18,319,6629,6948
3,2021-03-19,318,6538,6856
3,2021-03-20,70,3977,4047
3,2021-03-21,24,1493,1517
3,2021-03-22,303,6358,6661
3,2021-03-23,357,6758,7115
3,2021-03-24,325,6595,6920
3,2021-03-25,353,6912,7265
3,2021-03-26,323,6971,7294
3,2021-03-27,82,3231,3313
3,2021-03-29,302,6221,6523
3,2021-03-30,350,6382,6732
3,2021-03-31,328,6347,6675
3,2021-04-01,314,6486,6800
3,2021-04-02,354,6658,7012
3,2021-04-03,65,3270,3335
3,2021-04-04,11,1462,1473
3,2021-04-05,12,1369,1381
3,2021-04-06,300,5935,6235
3,2021-04-07,320,5783,6103
3,2021-04-08,354,6169,6523
3,2021-04-09,337,6360,6697
3,2021-04-10,60,3087,3147
3,2021-04-11,7,1390,1397
3,2021-04-12,343,6053,6396
3,2021-04-13,319,6251,6570
3,2021-04-14,372,6281,6653
3,2021-04-15,345,6515,6860
3,2021-04-16,336,6194,6530
3,2021-04-17,90,3564,3654
3,2021-04-18,19,1785,1804
3,2021-04-19,297,6533,6830
3,2021-04-20,346,6961,7307
3,2021-04-21,394,6684,7078
3,2021-04-22,369,7049,7418
3,2021-04-23,350,6944,7294
3,2021-04-24,102,4034,4136
3,2021-04-25,18,2067,2085
3,2021-04-26,379,7306,7685
3,2021-04-27,392,7576,7968
3,2021-04-28,406,7643,8049
3,2021-04-29,385,7592,7977
3,2021-04-30,365,7661,8026
3,2021-05-01,32,2273,2305
3,2021-05-02,26,2093,2119
3,2021-05-03,392,7357,7749
3,2021-05-04,494,8037,8531
3,2021-05-05,468,7395,7863
3,2021-05-06,389,7492,7881
3,2021-05-07,389,7811,8200
3,2021-05-08,103,4814,4917
3,2021-05-09,32,2129,2161
3,2021-05-10,397,7077,7474
3,2021-05-11,447,7657,8104
3,2021-05-12,438,7482,7920
3,2021-05-13,62,2066,2128
3,2021-05-14,302,6122,6424
3,2021-05-15,128,4694,4822
3,2021-05-16,45,1923,1968
3,2021-05-17,397,7764,8161
3,2021-05-18,431,7705,8136
3,2021-05-19,434,7341,7775
3,2021-05-20,420,7549,7969
3,2021-05-21,428,7501,7929
3,2021-05-22,120,5083,5203
3,2021-05-23,29,1862,1891
3,2021-05-24,50,1735,1785
3,2021-05-25,404,7905,8309
3,2021-05-26,384,7355,7739
3,2021-05-27,436,7541,7977
3,2021-05-28,447,7791,8238
3,2021-05-29,119,4514,4633
3,2021-05-30,43,2134,2177
3,2021-05-31,428,7498,7926
3,2021-06-01,414,8301,8715
3,2021-06-02,406,7991,8397
3,2021-06-03,491,8156,8647
3,2021-06-04,395,7497,7892
3,2021-06-05,125,4851,4976
3,2021-06-06,40,2136,2176
3,2021-06-07,476,8432,8908
3,2021-06-08,484,8411,8895
3,2021-06-09,521,8888,9409
3,2021-06-10,461,8789,9250
3,2021-06-11,413,8549,8962
3,2021-06-12,157,4871,5028
3,2021-06-13,38,2410,2448
3,2021-06-14,419,7959,8378
3,2021-06-15,483,8202,8685
3,2021-06-16,438,7610,8048
3,2021-06-17,442,8119,8561
3,2021-06-18,419,7970,8389
3,2021-06-19,124,4952,5076
3,2021-06-20,34,2120,2154
3,2021-06-21,398,7551,7949
3,2021-06-22,454,7949,8403
3,2021-06-23,102,4287,4389
3,2021-06-24,444,8696,9140
3,2021-06-25,406,7594,8000
3,2021-06-26,111,4565,4676
3,2021-06-27,37,2324,2361
3,2021-06-28,400,7718,8118
3,2021-06-29,411,8163,8574
3,2021-06-30,371,7524,7895
3,2021-07-01,412,7953,8365
3,2021-07-02,396,7830,8226
3,2021-07-03,113,4684,4797
3,2021-07-04,60,2123,2183
3,2021-07-05,409,7862,8271
3,2021-07-06,416,7894,8310
3,2021-07-07,430,7315,7745
3,2021-07-08,440,7599,8039
3,2021-07-09,388,7624,8012
3,2021-07-10,122,4671,4793
3,2021-07-11,45,2333,2378
3,2021-07-12,389,7065,7454
3,2021-07-13,316,7224,7540
3,2021-07-14,304,6519,6823
3,2021-07-15,402,7424,7826
3,2021-07-16,325,7398,7723
3,2021-07-17,116,4136,4252
3,2021-07-18,50,2537,2587
3,2021-07-19,378,7021,7399
3,2021-07-20,376,7194,7570
3,2021-07-21,327,6381,6708
3,2021-07-22,388,7345,7733
3,2021-07-23,351,7161,7512
3,2021-07-24,119,4235,4354
3,2021-07-25,46,2118,2164
3,2021-07-26,333,6854,7187
3,2021-07-27,358,6571,6929
3,2021-07-28,292,6904,7196
3,2021-07-29,357,7183,7540
3,2021-07-30,308,6570,6878
3,2021-07-31,108,4440,4548
3,2021-08-01,36,2048,2084
3,2021-08-02,263,6147,6410
3,2021-08-03,272,5720,5992
3,2021-08-04,247,5729,5976
3,2021-08-05,297,5887,6184
3,2021-08-06,250,6025,6275
3,2021-08-07,115,3714,3829
3,2021-08-08,49,1937,1986
3,2021-08-09,253,5846,6099
3,2021-08-10,295,5689,5984
3,2021-08-11,243,5731,5974
3,2021-08-12,272,5976,6248
3,2021-08-13,239,5769,6008
3,2021-08-14,112,3726,3838
3,2021-08-15,62,1964,2026
3,2021-08-16,225,5597,5822
3,2021-08-17,270,6017,6287
3,2021-08-18,247,6200,6447
3,2021-08-19,265,6267,6532
3,2021-08-20,245,6574,6819
3,2021-08-21,118,3920,4038
3,2021-08-22,33,1936,1969
3,2021-08-23,329,6554,6883
3,2021-08-24,364,6747,7111
3,2021-08-25,352,6855,7207
3,2021-08-26,380,7027,7407
3,2021-08-27,313,6908,7221
3,2021-08-28,94,4226,4320
3,2021-08-29,50,2620,2670
3,2021-08-30,402,7137,7539
3,2021-08-31,410,7426,7836
3,2021-09-01,395,7207,7602
3,2021-09-02,409,7660,8069
3,2021-09-03,383,7557,7940
3,2021-09-04,113,4379,4492
3,2021-09-05,48,2250,2298
3,2021-09-06,371,7475,7846
3,2021-09-07,432,7681,8113
3,2021-09-08,444,7872,8316
3,2021-09-09,437,7942,8379
3,2021-09-10,446,8316,8762
3,2021-09-11,144,4955,5099
3,2021-09-12,40,2476,2516
3,2021-09-13,412,7873,8285
3,2021-09-14,416,8148,8564
3,2021-09-15,367,7003,7370
3,2021-09-16,444,8236,8680
3,2021-09-17,399,8197,8596
3,2021-09-18,129,5469,5598
3,2021-09-19,51,2845,2896
3,2021-09-20,415,7786,8201
3,2021-09-21,471,7929,8400
3,2021-09-22,426,7704,8130
3,2021-09-23,429,8228,8657
3,2021-09-24,390,7900,8290
3,2021-09-25,145,5156,5301
3,2021-09-26,46,1958,2004
3,2021-09-27,413,7454,7867
3,2021-09-28,440,7997,8437
3,2021-09-29,435,7724,8159
3,2021-09-30,434,8683,9117
3,2021-10-01,418,8222,8640
3,2021-10-02,125,5311,5436
3,2021-10-03,32,1954,1986
3,2021-10-04,381,8264,8645
3,2021-10-05,410,8041,8451
3,2021-10-06,348,7844,8192
3,2021-10-07,423,8264,8687
3,2021-10-08,365,8096,8461
3,2021-10-09,166,4934,5100
3,2021-10-10,35,2378,2413
3,2021-10-11,426,8000,8426
3,2021-10-12,441,7886,8327
3,2021-10-13,445,7782,8227
3,2021-10-14,411,8141,8552
3,2021-10-15,411,8138,8549
3,2021-10-16,164,6548,6712
3,2021-10-17,50,2288,2338
3,2021-10-18,421,8019,8440
3,2021-10-19,402,7987,8389
3,2021-10-20,445,7733,8178
3,2021-10-21,492,8536,9028
3,2021-10-22,404,8077,8481
3,2021-10-23,124,4886,5010
3,2021-10-24,36,2330,2366
3,2021-10-25,381,7729,8110
3,2021-10-26,435,8233,8668
3,2021-10-27,484,7809,8293
3,2021-10-28,478,8338,8816
3,2021-10-29,432,8423,8855
3,2021-10-30,96,4709,4805
3,2021-11-01,33,2189,2222
3,2021-11-02,395,7554,7949
3,2021-11-03,341,7397,7738
3,2021-11-04,409,7550,7959
3,2021-11-05,396,7434,7830
3,2021-11-06,126,4646,4772
3,2021-11-07,39,1992,2031
3,2021-11-08,412,7981,8393
3,2021-11-09,453,8201,8654
3,2021-11-10,434,7771,8205
3,2021-11-11,338,7577,7915
3,2021-11-12,403,7972,8375
3,2021-11-13,111,4924,5035
3,2021-11-14,36,2182,2218
3,2021-11-15,442,7960,8402
3,2021-11-16,477,8214,8691
3,2021-11-17,409,7843,8252
3,2021-11-18,445,7963,8408
3,2021-11-19,381,7959,8340
3,2021-11-20,121,4754,4875
3,2021-11-21,43,2044,2087
3,2021-11-22,417,7695,8112
3,2021-11-23,450,8046,8496
3,2021-11-24,430,7716,8146
3,2021-11-25,451,7960,8411
3,2021-11-26,287,6801,7088
3,2021-11-27,93,4368,4461
3,2021-11-28,45,2641,2686
3,2021-11-29,379,7689,8068
3,2021-11-30,398,7608,8006
3,2021-12-01,388,7069,7457
3,2021-12-02,398,8010,8408
3,2021-12-03,382,7708,8090
3,2021-12-04,106,4756,4862
3,2021-12-05,32,2108,2140
3,2021-12-06,443,7460,7903
3,2021-12-07,460,7920,8380
3,2021-12-08,433,7389,7822
3,2021-12-09,409,7705,8114
3,2021-12-10,280,6225,6505
3,2021-12-11,103,4593,4696
3,2021-12-12,34,2549,2583
3,2021-12-13,388,7602,7990
3,2021-12-14,419,7932,8351
3,2021-12-15,417,7654,8071
3,2021-12-16,460,8093,8553
3,2021-12-17,361,7904,8265
3,2021-12-18,119,4555,4674
3,2021-12-19,39,2195,2234
3,2021-12-20,331,7341,7672
3,2021-12-21,356,7242,7598
3,2021-12-22,311,6992,7303
3,2021-12-23,303,6667,6970
3,2021-12-24,109,4404,4513
3,2021-12-25,18,1474,1492
3,2021-12-26,21,1631,1652
3,2021-12-27,153,5173,5326
3,2021-12-28,188,5427,5615
3,2021-12-29,185,4951,5136
3,2021-12-30,164,4954,5118
3,2021-12-31,120,3778,3898
5,2021-01-02,172,3911,4083
5,2021-01-03,112,2827,2939
5,2021-01-04,445,5899,6344
5,2021-01-05,546,6120,6666
5,2021-01-06,562,5909,6471
5,2021-01-07,675,6493,7168
5,2021-01-08,604,5833,6437
5,2021-01-09,288,4398,4686
5,2021-01-10,104,3367,3471
5,2021-01-11,905,7829,8734
5,2021-01-12,725,5601,6326
5,2021-01-13,1028,7196,8224
5,2021-01-14,879,5862,6741
5,2021-01-15,1006,7688,8694
5,2021-01-16,310,5008,5318
5,2021-01-17,97,2647,2744
5,2021-01-18,1000,7473,8473
5,2021-01-19,917,6579,7496
5,2021-01-20,951,7208,8159
5,2021-01-21,921,6771,7692
5,2021-01-22,692,7550,8242
5,2021-01-23,279,4297,4576
5,2021-01-24,121,3586,3707
5,2021-01-25,952,7110,8062
5,2021-01-26,1001,7761,8762
5,2021-01-27,850,6033,6883
5,2021-01-28,750,5971,6721
5,2021-01-29,823,6178,7001
5,2021-01-30,184,3003,3187
5,2021-01-31,109,3268,3377
5,2021-02-01,903,6048,6951
5,2021-02-02,929,6355,7284
5,2021-02-03,855,5967,6822
5,2021-02-04,1104,7685,8789
5,2021-02-05,1054,7542,8596
5,2021-02-06,193,3697,3890
5,2021-02-07,112,3184,3296
5,2021-02-08,862,5324,6186
5,2021-02-09,1115,7743,8858
5,2021-02-10,1202,8391,9593
5,2021-02-11,1100,8193,9293
5,2021-02-12,1062,8511,9573
5,2021-02-13,334,5777,6111
5,2021-02-14,152,4618,4770
5,2021-02-15,855,6802,7657
5,2021-02-16,1076,7963,9039
5,2021-02-17,1116,7860,8976
5,2021-02-18,1098,7640,8738
5,2021-02-19,1092,8119,9211
5,2021-02-20,294,5153,5447
5,2021-02-21,151,5301,5452
5,2021-02-22,1017,7861,8878
5,2021-02-23,1137,7790,8927
5,2021-02-24,1039,7927,8966
5,2021-02-25,1052,8045,9097
5,2021-02-26,1013,7246,8259
5,2021-02-27,476,5666,6142
5,2021-02-28,174,5259,5433
5,2021-03-01,1235,7987,9222
5,2021-03-02,1151,8032,9183
5,2021-03-03,1153,7981,9134
5,2021-03-04,1054,7255,8309
5,2021-03-05,1234,8526,9760
5,2021-03-06,420,5878,6298
5,2021-03-07,145,5201,5346
5,2021-03-08,1248,8206,9454
5,2021-03-09,1192,7623,8815
5,2021-03-10,1219,7980,9199
5,2021-03-11,1111,7252,8363
5,2021-03-12,950,7656,8606
5,2021-03-13,342,5297,5639
5,2021-03-14,95,3459,3554
5,2021-03-15,1097,7550,8647
5,2021-03-16,1027,6853,7880
5,2021-03-17,1213,8054,9267
5,2021-03-18,1206,8318,9524
5,2021-03-19,1224,8523,9747
5,2021-03-20,457,5954,6411
5,2021-03-21,172,4918,5090
5,2021-03-22,1200,8122,9322
5,2021-03-23,1328,8317,9645
5,2021-03-24,1230,8246,9476
5,2021-03-25,1424,8464,9888
5,2021-03-26,1265,8467,9732
5,2021-03-27,459,5075,5534
5,2021-03-29,1139,8116,9255
5,2021-03-30,1258,8138,9396
5,2021-03-31,1221,8437,9658
5,2021-04-01,1236,8853,10089
5,2021-04-02,656,8349,9005
5,2021-04-03,342,5708,6050
5,2021-04-04,153,4155,4308
5,2021-04-05,192,3583,3775
5,2021-04-06,1112,8309,9421
5,2021-04-07,1148,8115,9263
5,2021-04-08,1103,8908,10011
5,2021-04-09,1245,8624,9869
5,2021-04-10,324,3529,3853
5,2021-04-11,73,2462,2535
5,2021-04-12,1099,8153,9252
5,2021-04-13,1074,8183,9257
5,2021-04-14,1093,8627,9720
5,2021-04-15,1093,8777,9870
5,2021-04-16,1200,8627,9827
5,2021-04-17,424,5617,6041
5,2021-04-18,201,5167,5368
5,2021-04-19,1034,7701,8735
5,2021-04-20,1174,8323,9497
5,2021-04-21,1258,8262,9520
5,2021-04-22,1170,8549,9719
5,2021-04-23,1259,8733,9992
5,2021-04-24,420,5777,6197
5,2021-04-25,279,6445,6724
5,2021-04-26,1195,8384,9579
5,2021-04-27,1234,8513,9747
5,2021-04-28,1255,8566,9821
5,2021-04-29,1217,8991,10208
5,2021-04-30,1279,9323,10602
5,2021-05-01,287,5153,5440
5,2021-05-02,307,6266,6573
5,2021-05-03,1263,8333,9596
5,2021-05-04,1119,8028,9147
5,2021-05-05,1614,8806,10420
5,2021-05-06,852,8144,8996
5,2021-05-07,1321,9177,10498
5,2021-05-08,537,8244,8781
5,2021-05-09,251,5944,6195
5,2021-05-10,1192,8500,9692
5,2021-05-11,1121,7364,8485
5,2021-05-12,1306,8952,10258
5,2021-05-13,352,5319,5671
5,2021-05-14,902,7043,7945
5,2021-05-15,403,5302,5705
5,2021-05-16,401,4948,5349
5,2021-05-17,1070,7433,8503
5,2021-05-18,1187,7740,8927
5,2021-05-19,1223,8134,9357
5,2021-05-20,1184,8489,9673
5,2021-05-21,1372,8718,10090
5,2021-05-22,503,6198,6701
5,2021-05-23,208,5924,6132
5,2021-05-24,313,4767,5080
5,2021-05-25,1049,7540,8589
5,2021-05-26,1045,6763,7808
5,2021-05-27,1189,7839,9028
5,2021-05-28,1208,8198,9406
5,2021-05-29,456,5997,6453
5,2021-05-30,334,6362,6696
5,2021-05-31,977,6815,7792
5,2021-06-01,1000,6519,7519
5,2021-06-02,955,6337,7292
5,2021-06-03,577,6773,7350
5,2021-06-04,800,6091,6891
5,2021-06-05,331,4341,4672
5,2021-06-06,315,4635,4950
5,2021-06-07,828,5975,6803
5,2021-06-08,833,6062,6895
5,2021-06-09,798,5961,6759
5,2021-06-10,856,6227,7083
5,2021-06-11,883,6041,6924
5,2021-06-12,356,4434,4790
5,2021-06-13,154,4649,4803
5,2021-06-14,870,5900,6770
5,2021-06-15,809,6005,6814
5,2021-06-16,864,5845,6709
5,2021-06-17,906,6001,6907
5,2021-06-18,955,6135,7090
5,2021-06-19,378,5142,5520
5,2021-06-20,162,5390,5552
5,2021-06-21,987,7537,8524
5,2021-06-22,1024,7242,8266
5,2021-06-23,495,5317,5812
5,2021-06-24,933,6064,6997
5,2021-06-25,1014,7937,8951
5,2021-06-26,422,5923,6345
5,2021-06-27,224,6178,6402
5,2021-06-28,1089,7907,8996
5,2021-06-29,744,7768,8512
5,2021-06-30,1073,7921,8994
5,2021-07-01,1129,8675,9804
5,2021-07-02,1143,9202,10345
5,2021-07-03,457,6616,7073
5,2021-07-04,224,5801,6025
5,2021-07-05,1000,7608,8608
5,2021-07-06,947,8326,9273
5,2021-07-07,1042,8653,9695
5,2021-07-08,1001,6752,7753
5,2021-07-09,1007,8616,9623
5,2021-07-10,423,6095,6518
5,2021-07-11,209,6101,6310
5,2021-07-12,1124,7973,9097
5,2021-07-13,815,5712,6527
5,2021-07-14,798,5810,6608
5,2021-07-15,596,7718,8314
5,2021-07-16,965,10311,11276
5,2021-07-17,595,9347,9942
5,2021-07-18,348,8480,8828
5,2021-07-19,1192,11065,12257
5,2021-07-20,1051,8984,10035
5,2021-07-21,1202,8652,9854
5,2021-07-22,1166,8239,9405
5,2021-07-23,1143,8121,9264
5,2021-07-24,397,4516,4913
5,2021-07-25,234,5308,5542
5,2021-07-26,1054,7959,9013
5,2021-07-27,979,6520,7499
5,2021-07-28,1098,8024,9122
5,2021-07-29,1151,8625,9776
5,2021-07-30,970,8550,9520
5,2021-07-31,481,6330,6811
5,2021-08-01,286,5608,5894
5,2021-08-02,730,7427,8157
5,2021-08-03,674,6623,7297
5,2021-08-04,747,7483,8230
5,2021-08-05,718,7164,7882
5,2021-08-06,737,7660,8397
5,2021-08-07,216,5762,5978
5,2021-08-08,173,5180,5353
5,2021-08-09,665,7511,8176
5,2021-08-10,709,7724,8433
5,2021-08-11,720,7755,8475
5,2021-08-12,796,7914,8710
5,2021-08-13,816,8047,8863
5,2021-08-14,439,6017,6456
5,2021-08-15,336,5670,6006
5,2021-08-16,787,7312,8099
5,2021-08-17,749,7040,7789
5,2021-08-18,759,7946,8705
5,2021-08-19,789,8133,8922
5,2021-08-20,870,8374,9244
5,2021-08-21,412,5812,6224
5,2021-08-22,200,4935,5135
5,2021-08-23,910,7852,8762
5,2021-08-24,1003,8594,9597
5,2021-08-25,1090,8618,9708
5,2021-08-26,1195,8893,10088
5,2021-08-27,1090,8769,9859
5,2021-08-28,429,5518,5947
5,2021-08-29,223,4507,4730
5,2021-08-30,965,8363,9328
5,2021-08-31,1055,8659,9714
5,2021-09-01,1103,8780,9883
5,2021-09-02,1246,8966,10212
5,2021-09-03,1178,9033,10211
5,2021-09-04,434,6039,6473
5,2021-09-05,250,6184,6434
5,2021-09-06,1226,8347,9573
5,2021-09-07,1273,8686,9959
5,2021-09-08,1232,8779,10011
5,2021-09-09,1252,8222,9474
5,2021-09-10,1145,8056,9201
5,2021-09-11,414,6096,6510
5,2021-09-12,239,6104,6343
5,2021-09-13,1035,8609,9644
5,2021-09-14,1221,8764,9985
5,2021-09-15,1114,6850,7964
5,2021-09-16,1233,9186,10419
5,2021-09-17,1576,9369,10945
5,2021-09-18,794,7467,8261
5,2021-09-19,357,7381,7738
5,2021-09-20,1332,8833,10165
5,2021-09-21,1259,9062,10321
5,2021-09-22,1315,8953,10268
5,2021-09-23,1442,9213,10655
5,2021-09-24,1462,9298,10760
5,2021-09-25,651,6442,7093
5,2021-09-26,184,5331,5515
5,2021-09-27,1350,8536,9886
5,2021-09-28,1347,9182,10529
5,2021-09-29,1281,8601,9882
5,2021-09-30,1417,9658,11075
5,2021-10-01,1434,9494,10928
5,2021-10-02,428,5884,6312
5,2021-10-03,117,3837,3954
5,2021-10-04,1332,8819,10151
5,2021-10-05,1152,7834,8986
5,2021-10-06,1148,7912,9060
5,2021-10-07,1261,9349,10610
5,2021-10-08,1386,9739,11125
5,2021-10-09,749,6731,7480
5,2021-10-10,407,6626,7033
5,2021-10-11,1303,8955,10258
5,2021-10-12,1169,7445,8614
5,2021-10-13,1337,8842,10179
5,2021-10-14,1382,9522,10904
5,2021-10-15,1274,9179,10453
5,2021-10-16,572,6717,7289
5,2021-10-17,247,6510,6757
5,2021-10-18,1268,9084,10352
5,2021-10-19,1074,8473,9547
5,2021-10-20,1084,7809,8893
5,2021-10-21,752,8836,9588
5,2021-10-22,1412,9383,10795
5,2021-10-23,483,6796,7279
5,2021-10-24,378,7127,7505
5,2021-10-25,1259,8445,9704
5,2021-10-26,1313,9232,10545
5,2021-10-27,1309,9430,10739
5,2021-10-28,1362,9945,11307
5,2021-10-29,1256,9649,10905
5,2021-10-30,331,4556,4887
5,2021-11-01,212,4756,4968
5,2021-11-02,1064,8075,9139
5,2021-11-03,989,7263,8252
5,2021-11-04,1169,8341,9510
5,2021-11-05,1172,9257,10429
5,2021-11-06,496,6474,6970
5,2021-11-07,177,5230,5407
5,2021-11-08,1225,8812,10037
5,2021-11-09,1359,9369,10728
5,2021-11-10,1296,10263,11559
5,2021-11-11,1400,9421,10821
5,2021-11-12,1522,9354,10876
5,2021-11-13,324,4653,4977
5,2021-11-14,162,5285,5447
5,2021-11-15,1276,8726,10002
5,2021-11-16,1124,8383,9507
5,2021-11-17,1123,8868,9991
5,2021-11-18,1239,9069,10308
5,2021-11-19,1210,8728,9938
5,2021-11-20,389,5980,6369
5,2021-11-21,151,4101,4252
5,2021-11-22,1415,8792,10207
5,2021-11-23,1217,9346,10563
5,2021-11-24,1201,9414,10615
5,2021-11-25,1363,9519,10882
5,2021-11-26,1212,8171,9383
5,2021-11-27,428,5086,5514
5,2021-11-28,123,3805,3928
5,2021-11-29,1105,7989,9094
5,2021-11-30,1169,7463,8632
5,2021-12-01,973,7119,8092
5,2021-12-02,1119,8910,10029
5,2021-12-03,1172,8908,10080
5,2021-12-04,284,4324,4608
5,2021-12-05,127,4399,4526
5,2021-12-06,1019,8190,9209
5,2021-12-07,1245,8761,10006
5,2021-12-08,1107,8095,9202
5,2021-12-09,1046,7662,8708
5,2021-12-10,950,6559,7509
5,2021-12-11,376,5617,5993
5,2021-12-12,132,3866,3998
5,2021-12-13,1021,7763,8784
5,2021-12-14,1104,8457,9561
5,2021-12-15,1051,8376,9427
5,2021-12-16,1147,8987,10134
5,2021-12-17,1099,9120,10219
5,2021-12-18,382,5914,6296
5,2021-12-19,187,5007,5194
5,2021-12-20,807,8378,9185
5,2021-12-21,850,8852,9702
5,2021-12-22,781,9017,9798
5,2021-12-23,643,8310,8953
5,2021-12-24,183,3626,3809
5,2021-12-25,79,2247,2326
5,2021-12-26,75,2567,2642
5,2021-12-27,311,4015,4326
5,2021-12-28,335,4965,5300
5,2021-12-29,358,4669,5027
5,2021-12-30,367,5048,5415
5,2021-12-31,210,4947,5157
7,2021-01-01,21,2669,2690
7,2021-01-02,84,6419,6503
7,2021-01-03,16,5147,5163
7,2021-01-04,283,7352,7635
7,2021-01-05,331,7523,7854
7,2021-01-06,359,7712,8071
7,2021-01-07,335,7869,8204
7,2021-01-08,383,7846,8229
7,2021-01-09,114,6864,6978
7,2021-01-10,23,6067,6090
7,2021-01-11,446,8173,8619
7,2021-01-12,406,8066,8472
7,2021-01-13,494,8292,8786
7,2021-01-14,455,8291,8746
7,2021-01-15,408,8821,9229
7,2021-01-16,119,7878,7997
7,2021-01-17,30,5232,5262
7,2021-01-18,448,8415,8863
7,2021-01-19,419,8268,8687
7,2021-01-20,462,8612,9074
7,2021-01-21,434,8467,8901
7,2021-01-22,468,9613,10081
7,2021-01-23,82,7759,7841
7,2021-01-24,26,5982,6008
7,2021-01-25,455,7829,8284
7,2021-01-26,478,7899,8377
7,2021-01-27,445,7816,8261
7,2021-01-28,437,8536,8973
7,2021-01-29,428,8103,8531
7,2021-01-30,110,8126,8236
7,2021-01-31,30,6588,6618
7,2021-02-01,443,8286,8729
7,2021-02-02,498,8497,8995
7,2021-02-03,397,8505,8902
7,2021-02-04,460,9072,9532
7,2021-02-05,448,9254,9702
7,2021-02-06,108,7864,7972
7,2021-02-07,34,6170,6204
7,2021-02-08,511,7563,8074
7,2021-02-09,436,7909,8345
7,2021-02-10,449,8649,9098
7,2021-02-11,458,8955,9413
7,2021-02-12,475,9523,9998
7,2021-02-13,117,8585,8702
7,2021-02-14,21,7039,7060
7,2021-02-15,361,7852,8213
7,2021-02-16,455,8679,9134
7,2021-02-17,480,8528,9008
7,2021-02-18,535,8729,9264
7,2021-02-19,476,9266,9742
7,2021-02-20,121,8423,8544
7,2021-02-21,35,8017,8052
7,2021-02-22,522,8404,8926
7,2021-02-23,531,8393,8924
7,2021-02-24,505,8714,9219
7,2021-02-25,468,9026,9494
7,2021-02-26,504,9375,9879
7,2021-02-27,135,9045,9180
7,2021-02-28,32,8280,8312
7,2021-03-01,478,8946,9424
7,2021-03-02,516,8698,9214
7,2021-03-03,559,9391,9950
7,2021-03-04,566,9440,10006
7,2021-03-05,586,9822,10408
7,2021-03-06,158,9117,9275
7,2021-03-07,39,8103,8142
7,2021-03-08,614,8971,9585
7,2021-03-09,514,8675,9189
7,2021-03-10,603,9464,10067
7,2021-03-11,582,9273,9855
7,2021-03-12,566,10400,10966
7,2021-03-13,123,9160,9283
7,2021-03-14,37,7476,7513
7,2021-03-15,490,9557,10047
7,2021-03-16,513,9585,10098
7,2021-03-17,552,9744,10296
7,2021-03-18,609,9906,10515
7,2021-03-19,561,10719,11280
7,2021-03-20,131,9714,9845
7,2021-03-21,51,7666,7717
7,2021-03-22,587,9086,9673
7,2021-03-23,587,9926,10513
7,2021-03-24,579,10071,10650
7,2021-03-25,594,10129,10723
7,2021-03-26,525,10894,11419
7,2021-03-27,166,9401,9567
7,2021-03-29,559,10102,10661
7,2021-03-30,599,11004,11603
7,2021-03-31,610,11318,11928
7,2021-04-01,539,11728,12267
7,2021-04-02,198,10513,10711
7,2021-04-03,124,9319,9443
7,2021-04-04,21,6296,6317
7,2021-04-05,46,6122,6168
7,2021-04-06,577,9692,10269
7,2021-04-07,556,9598,10154
7,2021-04-08,533,10130,10663
7,2021-04-09,575,10831,11406
7,2021-04-10,133,9032,9165
7,2021-04-11,38,7125,7163
7,2021-04-12,597,9837,10434
7,2021-04-13,566,9886,10452
7,2021-04-14,535,10173,10708
7,2021-04-15,547,10533,11080
7,2021-04-16,609,10781,11390
7,2021-04-17,148,9732,9880
7,2021-04-18,31,7900,7931
7,2021-04-19,556,9582,10138
7,2021-04-20,534,9964,10498
7,2021-04-21,534,10081,10615
7,2021-04-22,607,10378,10985
7,2021-04-23,566,10920,11486
7,2021-04-24,207,10063,10270
7,2021-04-25,109,8905,9014
7,2021-04-26,593,9701,10294
7,2021-04-27,536,10252,10788
7,2021-04-28,525,10278,10803
7,2021-04-29,547,11085,11632
7,2021-04-30,515,11927,12442
7,2021-05-01,93,8353,8446
7,2021-05-02,91,9151,9242
7,2021-05-03,532,10167,10699
7,2021-05-04,537,9978,10515
7,2021-05-05,540,10315,10855
7,2021-05-06,519,10340,10859
7,2021-05-07,572,11326,11898
7,2021-05-08,159,10713,10872
7,2021-05-09,45,9153,9198
7,2021-05-10,569,10254,10823
7,2021-05-11,614,10513,11127
7,2021-05-12,629,11500,12129
7,2021-05-13,54,8237,8291
7,2021-05-14,413,11461,11874
7,2021-05-15,138,10279,10417
7,2021-05-16,72,7334,7406
7,2021-05-17,462,8428,8890
7,2021-05-18,535,10223,10758
7,2021-05-19,535,10746,11281
7,2021-05-20,530,11151,11681
7,2021-05-21,535,11869,12404
7,2021-05-22,160,10424,10584
7,2021-05-23,38,8501,8539
7,2021-05-24,76,7993,8069
7,2021-05-25,539,10588,11127
7,2021-05-26,517,10641,11158
7,2021-05-27,561,10811,11372
7,2021-05-28,553,11822,12375
7,2021-05-29,151,11101,11252
7,2021-05-30,45,10020,10065
7,2021-05-31,519,11486,12005
7,2021-06-01,584,11821,12405
7,2021-06-02,531,11377,11908
7,2021-06-03,199,11172,11371
7,2021-06-04,483,11779,12262
7,2021-06-05,148,10895,11043
7,2021-06-06,70,8863,8933
7,2021-06-07,540,10639,11179
7,2021-06-08,568,11302,11870
7,2021-06-09,568,11417,11985
7,2021-06-10,552,11562,12114
7,2021-06-11,550,12085,12635
7,2021-06-12,146,11016,11162
7,2021-06-13,71,9981,10052
7,2021-06-14,561,10813,11374
7,2021-06-15,577,11080,11657
7,2021-06-16,521,11443,11964
7,2021-06-17,536,11174,11710
7,2021-06-18,568,11949,12517
7,2021-06-19,131,10357,10488
7,2021-06-20,56,9249,9305
7,2021-06-21,541,11058,11599
7,2021-06-22,592,11656,12248
7,2021-06-23,239,10150,10389
7,2021-06-24,568,11099,11667
7,2021-06-25,553,12143,12696
7,2021-06-26,204,11072,11276
7,2021-06-27,87,9646,9733
7,2021-06-28,525,10761,11286
7,2021-06-29,586,10846,11432
7,2021-06-30,517,12114,12631
7,2021-07-01,566,11956,12522
7,2021-07-02,564,12234,12798
7,2021-07-03,134,11329,11463
7,2021-07-04,48,9708,9756
7,2021-07-05,502,10924,11426
7,2021-07-06,491,11186,11677
7,2021-07-07,528,11513,12041
7,2021-07-08,512,11495,12007
7,2021-07-09,521,12001,12522
7,2021-07-10,134,11091,11225
7,2021-07-11,74,9554,9628
7,2021-07-12,551,10969,11520
7,2021-07-13,426,11157,11583
7,2021-07-14,379,10538,10917
7,2021-07-15,385,11780,12165
7,2021-07-16,469,11946,12415
7,2021-07-17,143,11181,11324
7,2021-07-18,53,10001,10054
7,2021-07-19,450,11702,12152
7,2021-07-20,513,12042,12555
7,2021-07-21,521,12132,12653
7,2021-07-22,576,12356,12932
7,2021-07-23,519,12495,13014
7,2021-07-24,160,10912,11072
7,2021-07-25,75,10840,10915
7,2021-07-26,523,11670,12193
7,2021-07-27,564,11408,11972
7,2021-07-28,506,12208,12714
7,2021-07-29,511,12264,12775
7,2021-07-30,440,12570,13010
7,2021-07-31,167,11517,11684
7,2021-08-01,64,9476,9540
7,2021-08-02,404,10600,11004
7,2021-08-03,410,10684,11094
7,2021-08-04,408,10642,11050
7,2021-08-05,363,11188,11551
7,2021-08-06,424,11305,11729
7,2021-08-07,164,10652,10816
7,2021-08-08,48,8904,8952
7,2021-08-09,379,10188,10567
7,2021-08-10,397,10515,10912
7,2021-08-11,391,10565,10956
7,2021-08-12,352,10976,11328
7,2021-08-13,390,11210,11600
7,2021-08-14,148,10405,10553
7,2021-08-15,42,9322,9364
7,2021-08-16,399,10544,10943
7,2021-08-17,418,10142,10560
7,2021-08-18,402,10440,10842
7,2021-08-19,368,10696,11064
7,2021-08-20,359,11253,11612
7,2021-08-21,106,10155,10261
7,2021-08-22,45,9475,9520
7,2021-08-23,490,12017,12507
7,2021-08-24,475,12341,12816
7,2021-08-25,533,12532,13065
7,2021-08-26,534,12736,13270
7,2021-08-27,495,13033,13528
7,2021-08-28,161,11395,11556
7,2021-08-29,66,8947,9013
7,2021-08-30,541,12150,12691
7,2021-08-31,496,12739,13235
7,2021-09-01,454,10927,11381
7,2021-09-02,558,13331,13889
7,2021-09-03,542,13535,14077
7,2021-09-04,155,12134,12289
7,2021-09-05,58,10683,10741
7,2021-09-06,516,12487,13003
7,2021-09-07,503,13008,13511
7,2021-09-08,527,13046,13573
7,2021-09-09,522,12972,13494
7,2021-09-10,472,12466,12938
7,2021-09-11,128,11277,11405
7,2021-09-12,56,9775,9831
7,2021-09-13,574,13275,13849
7,2021-09-14,586,13885,14471
7,2021-09-15,591,13925,14516
7,2021-09-16,642,14037,14679
7,2021-09-17,549,14524,15073
7,2021-09-18,193,13196,13389
7,2021-09-19,91,11365,11456
7,2021-09-20,579,13486,14065
7,2021-09-21,624,13895,14519
7,2021-09-22,573,13994,14567
7,2021-09-23,584,14359,14943
7,2021-09-24,565,14699,15264
7,2021-09-25,164,13868,14032
7,2021-09-26,65,10626,10691
7,2021-09-27,666,13080,13746
7,2021-09-28,640,13764,14404
7,2021-09-29,630,13899,14529
7,2021-09-30,684,15028,15712
7,2021-10-01,622,15112,15734
7,2021-10-02,164,13475,13639
7,2021-10-03,40,9119,9159
7,2021-10-04,622,13814,14436
7,2021-10-05,633,13567,14200
7,2021-10-06,648,14118,14766
7,2021-10-07,612,14492,15104
7,2021-10-08,682,14921,15603
7,2021-10-09,206,14038,14244
7,2021-10-10,106,10540,10646
7,2021-10-11,693,13051,13744
7,2021-10-12,645,13482,14127
7,2021-10-13,616,13864,14480
7,2021-10-14,628,14136,14764
7,2021-10-15,661,14257,14918
7,2021-10-16,172,13256,13428
7,2021-10-17,110,10503,10613
7,2021-10-18,682,13443,14125
7,2021-10-19,647,14207,14854
7,2021-10-20,596,13977,14573
7,2021-10-21,578,13706,14284
7,2021-10-22,617,14480,15097
7,2021-10-23,201,13585,13786
7,2021-10-24,68,10773,10841
7,2021-10-25,632,13915,14547
7,2021-10-26,631,13935,14566
7,2021-10-27,630,14359,14989
7,2021-10-28,628,15313,15941
7,2021-10-29,643,15199,15842
7,2021-10-30,137,11666,11803
7,2021-11-01,53,8665,8718
7,2021-11-02,508,11669,12177
7,2021-11-03,529,12346,12875
7,2021-11-04,601,12436,13037
7,2021-11-05,531,12665,13196
7,2021-11-06,173,11249,11422
7,2021-11-07,63,8749,8812
7,2021-11-08,557,11656,12213
7,2021-11-09,607,11680,12287
7,2021-11-10,596,11927,12523
7,2021-11-11,596,11934,12530
7,2021-11-12,535,12161,12696
7,2021-11-13,152,11582,11734
7,2021-11-14,47,8846,8893
7,2021-11-15,520,10962,11482
7,2021-11-16,591,11286,11877
7,2021-11-17,552,11480,12032
7,2021-11-18,541,11487,12028
7,2021-11-19,574,11926,12500
7,2021-11-20,142,10647,10789
7,2021-11-21,46,8322,8368
7,2021-11-22,577,10484,11061
7,2021-11-23,539,10941,11480
7,2021-11-24,493,11196,11689
7,2021-11-25,533,11466,11999
7,2021-11-26,534,11533,12067
7,2021-11-27,132,10491,10623
7,2021-11-28,41,8532,8573
7,2021-11-29,509,10638,11147
7,2021-11-30,503,11576,12079
7,2021-12-01,500,11477,11977
7,2021-12-02,515,11696,12211
7,2021-12-03,506,12386,12892
7,2021-12-04,106,10252,10358
7,2021-12-05,46,8251,8297
7,2021-12-06,488,10275,10763
7,2021-12-07,539,11041,11580
7,2021-12-08,561,11124,11685
7,2021-12-09,509,11094,11603
7,2021-12-10,475,11108,11583
7,2021-12-11,149,10338,10487
7,2021-12-12,37,8240,8277
7,2021-12-13,500,10588,11088
7,2021-12-14,548,11023,11571
7,2021-12-15,566,11212,11778
7,2021-12-16,512,11353,11865
7,2021-12-17,458,11808,12266
7,2021-12-18,146,10359,10505
7,2021-12-19,44,8451,8495
7,2021-12-20,422,10956,11378
7,2021-12-21,438,11200,11638
7,2021-12-22,372,11659,12031
7,2021-12-23,299,11251,11550
7,2021-12-24,131,6830,6961
7,2021-12-25,10,4330,4340
7,2021-12-26,21,5531,5552
7,2021-12-27,239,9116,9355
7,2021-12-28,221,9666,9887
7,2021-12-29,193,10145,10338
7,2021-12-30,238,10782,11020
7,2021-12-31,152,8040,8192
9,2021-01-02,1,164,165
9,2021-01-03,0,125,125
9,2021-01-04,1,200,201
9,2021-01-05,3,269,272
9,2021-01-06,2,257,259
9,2021-01-07,0,283,283
9,2021-01-08,4,278,282
9,2021-01-09,0,177,177
9,2021-01-10,1,177,178
9,2021-01-11,1,312,313
9,2021-01-12,2,299,301
9,2021-01-13,3,348,351
9,2021-01-14,1,281,282
9,2021-01-15,0,278,278
9,2021-01-16,7,183,190
9,2021-01-17,0,142,142
9,2021-01-18,0,340,340
9,2021-01-19,1,343,344
9,2021-01-20,1,366,367
9,2021-01-21,1,372,373
9,2021-01-22,2,318,320
9,2021-01-23,14,180,194
9,2021-01-24,1,135,136
9,2021-01-25,2,329,331
9,2021-01-26,1,327,328
9,2021-01-27,1,310,311
9,2021-01-28,6,523,529
9,2021-01-29,6,239,245
9,2021-01-30,6,205,211
9,2021-02-02,2,308,310
9,2021-02-03,1,391,392
9,2021-02-04,6,338,344
9,2021-02-05,1,354,355
9,2021-02-06,4,168,172
9,2021-02-07,1,151,152
9,2021-02-08,1,255,256
9,2021-02-09,3,218,221
9,2021-02-10,7,241,248
9,2021-02-11,3,236,239
9,2021-02-12,3,232,235
9,2021-02-13,2,171,173
9,2021-02-14,1,172,173
9,2021-02-15,1,187,188
9,2021-02-16,1,246,247
9,2021-02-17,2,318,320
9,2021-02-18,8,338,346
9,2021-02-19,3,309,312
9,2021-02-20,2,243,245
9,2021-02-21,1,316,317
9,2021-02-22,3,326,329
9,2021-02-23,2,372,374
9,2021-02-24,5,348,353
9,2021-02-25,1,362,363
9,2021-02-26,7,299,306
9,2021-02-27,2,231,233
9,2021-02-28,0,252,252
9,2021-03-02,5,310,315
9,2021-03-03,8,369,377
9,2021-03-04,8,270,278
9,2021-03-05,12,341,353
9,2021-03-06,6,261,267
9,2021-03-07,2,268,270
9,2021-03-08,2,323,325
9,2021-03-09,3,317,320
9,2021-03-10,7,380,387
9,2021-03-11,0,365,365
9,2021-03-12,6,377,383
9,2021-03-13,2,196,198
9,2021-03-14,2,180,182
9,2021-03-15,0,320,320
9,2021-03-16,2,387,389
9,2021-03-17,4,403,407
9,2021-03-18,4,396,400
9,2021-03-19,4,383,387
9,2021-03-20,7,281,288
9,2021-03-21,0,213,213
9,2021-03-22,6,354,360
9,2021-03-23,6,396,402
9,2021-03-24,5,437,442
9,2021-03-25,4,388,392
9,2021-03-26,6,414,420
9,2021-03-27,7,221,228
9,2021-03-29,9,391,400
9,2021-03-30,10,436,446
9,2021-04-02,4,393,397
9,2021-04-03,7,248,255
9,2021-04-04,0,258,258
9,2021-04-05,3,149,152
9,2021-04-06,1,372,373
9,2021-04-07,3,358,361
9,2021-04-08,5,399,404
9,2021-04-09,3,422,425
9,2021-04-10,3,259,262
9,2021-04-11,1,181,182
9,2021-04-12,7,385,392
9,2021-04-13,6,394,400
9,2021-04-14,3,366,369
9,2021-04-15,8,368,376
9,2021-04-16,8,384,392
9,2021-04-17,1,359,360
9,2021-04-18,4,247,251
9,2021-04-19,13,347,360
9,2021-04-20,5,434,439
9,2021-04-21,7,444,451
9,2021-04-22,5,429,434
9,2021-04-23,9,496,505
9,2021-04-24,9,365,374
9,2021-04-25,6,441,447
9,2021-04-26,2,473,475
9,2021-04-27,36,470,506
9,2021-04-28,10,489,499
9,2021-04-29,6,443,449
9,2021-05-01,4,314,318
9,2021-05-02,3,323,326
9,2021-05-03,8,455,463
9,2021-05-04,1,425,426
9,2021-05-05,4,404,408
9,2021-05-06,4,426,430
9,2021-05-07,9,440,449
9,2021-05-08,8,402,410
9,2021-05-09,2,450,452
9,2021-05-10,4,426,430
9,2021-05-11,10,380,390
9,2021-05-12,15,461,476
9,2021-05-13,9,460,469
9,2021-05-14,2,498,500
9,2021-05-15,2,422,424
9,2021-05-16,4,268,272
9,2021-05-17,6,344,350
9,2021-05-18,8,394,402
9,2021-05-19,9,428,437
9,2021-05-20,12,495,507
9,2021-05-21,34,450,484
9,2021-05-22,6,340,346
9,2021-05-23,4,529,533
9,2021-05-24,3,299,302
9,2021-05-25,4,344,348
9,2021-05-26,4,430,434
9,2021-05-27,20,420,440
9,2021-05-28,17,522,539
9,2021-05-29,10,477,487
9,2021-05-30,28,600,628
9,2021-06-01,21,601,622
9,2021-06-02,18,538,556
9,2021-06-03,34,610,644
9,2021-06-04,20,644,664
9,2021-06-05,20,501,521
9,2021-06-06,8,367,375
9,2021-06-07,11,495,506
9,2021-06-08,16,542,558
9,2021-06-09,9,526,535
9,2021-06-10,24,548,572
9,2021-06-11,18,630,648
9,2021-06-12,22,564,586
9,2021-06-13,10,551,561
9,2021-06-14,6,462,468
9,2021-06-15,9,429,438
9,2021-06-16,9,491,500
9,2021-06-17,12,497,509
9,2021-06-18,9,496,505
9,2021-06-19,8,456,464
9,2021-06-20,5,442,447
9,2021-06-21,4,443,447
9,2021-06-22,8,376,384
9,2021-06-23,1,370,371
9,2021-06-24,2,440,442
9,2021-06-25,10,595,605
9,2021-06-26,6,546,552
9,2021-06-27,6,404,410
9,2021-06-28,2,452,454
9,2021-06-29,4,466,470
9,2021-06-30,5,473,478
9,2021-07-02,5,524,529
9,2021-07-03,11,470,481
9,2021-07-04,4,307,311
9,2021-07-05,6,407,413
9,2021-07-06,8,530,538
9,2021-07-07,7,559,566
9,2021-07-08,8,465,473
9,2021-07-09,13,510,523
9,2021-07-10,8,454,462
9,2021-07-11,6,464,470
9,2021-07-12,6,457,463
9,2021-07-13,3,420,423
9,2021-07-14,2,664,666
9,2021-07-15,2,599,601
9,2021-07-16,1,432,433
9,2021-07-17,9,343,352
9,2021-07-18,6,291,297
9,2021-07-19,8,370,378
9,2021-07-20,4,349,353
9,2021-07-21,8,434,442
9,2021-07-22,17,428,445
9,2021-07-23,17,560,577
9,2021-07-24,8,384,392
9,2021-07-25,4,336,340
9,2021-07-26,6,392,398
9,2021-07-27,20,452,472
9,2021-07-28,2,516,518
9,2021-07-29,6,570,576
9,2021-07-30,7,569,576
9,2021-07-31,13,470,483
9,2021-08-01,5,423,428
9,2021-08-02,22,452,474
9,2021-08-03,4,368,372
9,2021-08-04,10,477,487
9,2021-08-05,26,489,515
9,2021-08-06,10,429,439
9,2021-08-07,12,474,486
9,2021-08-08,2,334,336
9,2021-08-09,11,501,512
9,2021-08-10,9,523,532
9,2021-08-11,7,655,662
9,2021-08-12,5,636,641
9,2021-08-13,9,577,586
9,2021-08-14,19,662,681
9,2021-08-15,11,671,682
9,2021-08-16,14,490,504
9,2021-08-17,7,477,484
9,2021-08-18,10,496,506
9,2021-08-19,9,517,526
9,2021-08-20,9,613,622
9,2021-08-21,16,622,638
9,2021-08-22,6,308,314
9,2021-08-23,9,471,480
9,2021-08-24,6,544,550
9,2021-08-25,17,618,635
9,2021-08-26,7,487,494
9,2021-08-27,11,487,498
9,2021-08-28,9,397,406
9,2021-08-29,5,252,257
9,2021-08-30,8,450,458
9,2021-08-31,2,492,494
9,2021-09-01,8,521,529
9,2021-09-02,8,487,495
9,2021-09-03,18,548,566
9,2021-09-04,14,623,637
9,2021-09-05,6,519,525
9,2021-09-06,9,489,498
9,2021-09-07,13,565,578
9,2021-09-08,9,596,605
9,2021-09-09,8,535,543
9,2021-09-10,14,416,430
9,2021-09-11,9,466,475
9,2021-09-12,4,412,416
9,2021-09-13,5,468,473
9,2021-09-14,6,445,451
9,2021-09-15,8,386,394
9,2021-09-16,21,454,475
9,2021-09-17,21,599,620
9,2021-09-18,12,502,514
9,2021-09-19,4,378,382
9,2021-09-20,14,405,419
9,2021-09-21,11,474,485
9,2021-09-22,16,483,499
9,2021-09-23,14,476,490
9,2021-09-24,6,494,500
9,2021-09-25,7,504,511
9,2021-09-26,3,255,258
9,2021-09-27,9,401,410
9,2021-09-28,7,411,418
9,2021-09-29,5,408,413
9,2021-09-30,5,427,432
9,2021-10-02,3,344,347
9,2021-10-03,1,201,202
9,2021-10-04,4,399,403
9,2021-10-05,7,436,443
9,2021-10-06,7,406,413
9,2021-10-07,2,399,401
9,2021-10-08,30,461,491
9,2021-10-09,11,409,420
9,2021-10-10,8,312,320
9,2021-10-11,6,377,383
9,2021-10-12,40,499,539
9,2021-10-13,6,389,395
9,2021-10-14,10,390,400
9,2021-10-15,21,434,455
9,2021-10-16,9,328,337
9,2021-10-17,16,346,362
9,2021-10-18,15,389,404
9,2021-10-19,8,441,449
9,2021-10-20,4,469,473
9,2021-10-22,6,392,398
9,2021-10-24,6,324,330
9,2021-10-25,9,415,424
9,2021-10-26,4,382,386
9,2021-10-27,11,429,440
9,2021-10-28,11,426,437
9,2021-10-29,17,459,476
9,2021-10-30,1,266,267
9,2021-11-02,6,382,388
9,2021-11-03,0,380,380
9,2021-11-04,6,420,426
9,2021-11-05,6,387,393
9,2021-11-06,8,333,341
9,2021-11-07,2,216,218
9,2021-11-08,6,593,599
9,2021-11-09,4,411,415
9,2021-11-10,1,429,430
9,2021-11-11,3,429,432
9,2021-11-12,7,411,418
9,2021-11-13,4,271,275
9,2021-11-14,0,202,202
9,2021-11-15,0,383,383
9,2021-11-16,2,385,387
9,2021-11-17,6,398,404
9,2021-11-18,2,412,414
9,2021-11-19,7,401,408
9,2021-11-20,14,275,289
9,2021-11-21,1,210,211
9,2021-11-22,9,400,409
9,2021-11-23,6,439,445
9,2021-11-24,2,436,438
9,2021-11-25,1,415,416
9,2021-11-26,5,397,402
9,2021-11-27,2,218,220
9,2021-11-28,0,189,189
9,2021-11-29,2,389,391
9,2021-11-30,2,388,390
9,2021-12-02,5,406,411
9,2021-12-03,2,377,379
9,2021-12-04,2,285,287
9,2021-12-05,0,200,200
9,2021-12-06,2,380,382
9,2021-12-07,0,381,381
9,2021-12-08,4,368,372
9,2021-12-09,1,377,378
9,2021-12-10,4,355,359
9,2021-12-12,0,147,147
9,2021-12-13,2,325,327
9,2021-12-14,2,329,331
9,2021-12-15,1,404,405
9,2021-12-16,5,357,362
9,2021-12-17,6,400,406
9,2021-12-18,9,281,290
9,2021-12-19,1,179,180
9,2021-12-20,3,331,334
9,2021-12-21,5,312,317
9,2021-12-22,7,335,342
9,2021-12-23,17,280,297
9,2021-12-24,1,167,168
9,2021-12-25,0,138,138
9,2021-12-26,0,170,170
9,2021-12-27,4,237,241
9,2021-12-28,2,239,241
9,2021-12-29,3,250,253
9,2021-12-30,0,276,276
9,2021-12-31,0,250,250
10,2021-01-01,12,3169,3181
10,2021-01-02,50,6251,6301
10,2021-01-03,27,4902,4929
10,2021-01-04,305,8464,8769
10,2021-01-05,305,8719,9024
10,2021-01-06,311,8525,8836
10,2021-01-07,339,8742,9081
10,2021-01-08,315,9126,9441
10,2021-01-09,90,7694,7784
10,2021-01-10,23,5879,5902
10,2021-01-11,433,10023,10456
10,2021-01-12,393,9502,9895
10,2021-01-13,456,9883,10339
10,2021-01-14,367,9304,9671
10,2021-01-15,401,9933,10334
10,2021-01-16,123,7894,8017
10,2021-01-17,18,4661,4679
10,2021-01-18,457,10043,10500
10,2021-01-19,423,10212,10635
10,2021-01-20,471,10432,10903
10,2021-01-21,429,10388,10817
10,2021-01-22,445,11063,11508
10,2021-01-23,91,8443,8534
10,2021-01-24,18,5765,5783
10,2021-01-25,432,9582,10014
10,2021-01-26,497,10165,10662
10,2021-01-27,326,7493,7819
10,2021-01-28,450,10424,10874
10,2021-01-29,523,10827,11350
10,2021-01-30,126,8770,8896
10,2021-01-31,37,7532,7569
10,2021-02-01,510,11500,12010
10,2021-02-02,472,11732,12204
10,2021-02-03,459,11475,11934
10,2021-02-04,535,11870,12405
10,2021-02-05,484,12026,12510
10,2021-02-06,194,9985,10179
10,2021-02-07,49,7455,7504
10,2021-02-08,489,9968,10457
10,2021-03-09,548,10737,11285
10,2021-03-10,540,10771,11311
10,2021-03-11,505,10573,11078
10,2021-03-12,555,11396,11951
10,2021-03-13,119,8529,8648
10,2021-03-14,38,6550,6588
10,2021-03-15,536,10645,11181
10,2021-03-16,562,10751,11313
10,2021-03-17,612,10906,11518
10,2021-03-18,557,11146,11703
10,2021-03-19,562,11738,12300
10,2021-03-20,149,9596,9745
10,2021-03-21,32,7080,7112
10,2021-03-22,547,10528,11075
10,2021-03-23,635,10990,11625
10,2021-03-24,612,11284,11896
10,2021-03-25,594,11295,11889
10,2021-03-26,603,11926,12529
10,2021-03-27,154,9032,9186
10,2021-03-29,556,11245,11801
10,2021-03-30,612,11463,12075
10,2021-03-31,651,11989,12640
10,2021-04-01,610,12247,12857
10,2021-04-02,285,12275,12560
10,2021-04-03,151,9536,9687
10,2021-04-04,14,6472,6486
10,2021-04-05,41,5280,5321
10,2021-04-06,562,10551,11113
10,2021-04-07,593,10391,10984
10,2021-04-08,626,11288,11914
10,2021-04-09,710,11603,12313
10,2021-04-10,151,8802,8953
10,2021-04-11,32,6518,6550
10,2021-04-12,593,10902,11495
10,2021-04-13,647,11128,11775
10,2021-04-14,670,11210,11880
10,2021-04-15,612,11457,12069
10,2021-04-16,589,11992,12581
10,2021-04-17,160,10022,10182
10,2021-04-18,34,7072,7106
10,2021-04-19,577,10731,11308
10,2021-04-20,563,11103,11666
10,2021-04-21,624,11293,11917
10,2021-04-22,589,11614,12203
10,2021-04-23,624,12591,13215
10,2021-04-24,165,10435,10600
10,2021-04-25,58,8651,8709
10,2021-04-26,577,11372,11949
10,2021-04-27,580,11836,12416
10,2021-04-28,583,11758,12341
10,2021-04-29,571,12370,12941
10,2021-04-30,615,13025,13640
10,2021-05-01,88,8037,8125
10,2021-05-02,55,8432,8487
10,2021-05-03,577,11734,12311
10,2021-05-04,531,11380,11911
10,2021-05-05,569,11366,11935
10,2021-05-06,556,11640,12196
10,2021-05-07,554,12620,13174
10,2021-05-08,179,10832,11011
10,2021-05-09,40,8518,8558
10,2021-05-10,509,11180,11689
10,2021-05-11,546,11487,12033
10,2021-05-12,661,12713,13374
10,2021-05-13,66,7560,7626
10,2021-05-14,468,11774,12242
10,2021-05-15,158,9939,10097
10,2021-05-16,57,7515,7572
10,2021-05-17,519,11294,11813
10,2021-05-18,543,11375,11918
10,2021-05-19,530,11581,12111
10,2021-05-20,560,12269,12829
10,2021-05-21,581,13057,13638
10,2021-05-22,270,11071,11341
10,2021-05-23,65,8349,8414
10,2021-05-24,67,7139,7206
10,2021-05-25,537,11718,12255
10,2021-05-26,593,11313,11906
10,2021-05-27,658,12047,12705
10,2021-05-28,100,1499,1599
10,2021-05-31,14,430,444
10,2021-06-01,280,4608,4888
10,2021-06-02,91,2247,2338
10,2021-06-03,26,1354,1380
10,2021-06-04,310,9253,9563
10,2021-06-05,169,10657,10826
10,2021-06-06,68,8895,8963
10,2021-06-07,624,11785,12409
10,2021-06-08,588,12372,12960
10,2021-06-09,604,12603,13207
10,2021-06-10,577,13133,13710
10,2021-06-11,555,13426,13981
10,2021-06-12,148,11567,11715
10,2021-06-13,56,10431,10487
10,2021-06-14,526,12243,12769
10,2021-06-15,641,12478,13119
10,2021-06-16,580,12556,13136
10,2021-06-17,535,12667,13202
10,2021-06-18,582,13107,13689
10,2021-06-19,141,10994,11135
10,2021-06-20,56,8874,8930
10,2021-06-21,541,12177,12718
10,2021-06-22,563,12551,13114
10,2021-06-23,188,8816,9004
10,2021-06-24,549,12025,12574
10,2021-06-25,572,13047,13619
10,2021-06-26,170,11488,11658
10,2021-06-27,55,9635,9690
10,2021-06-28,572,12417,12989
10,2021-06-29,550,12375,12925
10,2021-06-30,556,12692,13248
10,2021-07-01,586,13209,13795
10,2021-07-02,569,13544,14113
10,2021-07-03,187,11580,11767
10,2021-07-04,66,8622,8688
10,2021-07-05,576,12027,12603
10,2021-07-06,487,12181,12668
10,2021-07-07,566,12745,13311
10,2021-07-08,492,12499,12991
10,2021-07-09,554,13181,13735
10,2021-07-10,138,11729,11867
10,2021-07-11,66,10018,10084
10,2021-07-12,589,12135,12724
10,2021-07-13,517,11785,12302
10,2021-07-14,501,12105,12606
10,2021-07-15,482,12999,13481
10,2021-07-16,573,13129,13702
10,2021-07-17,164,10899,11063
10,2021-07-18,51,9717,9768
10,2021-07-19,575,12095,12670
10,2021-07-20,656,12362,13018
10,2021-07-21,664,12312,12976
10,2021-07-22,600,12819,13419
10,2021-07-23,595,12892,13487
10,2021-07-24,175,9633,9808
10,2021-07-25,57,8650,8707
10,2021-07-26,565,11475,12040
10,2021-07-27,594,11280,11874
10,2021-07-28,543,12030,12573
10,2021-07-29,516,12657,13173
10,2021-07-30,534,12714,13248
10,2021-07-31,232,11155,11387
10,2021-08-01,138,9568,9706
10,2021-08-02,465,10845,11310
10,2021-08-03,385,11017,11402
10,2021-08-04,425,11255,11680
10,2021-08-05,425,11252,11677
10,2021-08-06,432,11424,11856
10,2021-08-07,116,9843,9959
10,2021-08-08,59,8366,8425
10,2021-08-09,404,10720,11124
10,2021-08-10,440,10988,11428
10,2021-08-11,447,11409,11856
10,2021-08-12,426,11760,12186
10,2021-08-13,508,12162,12670
10,2021-08-14,224,10752,10976
10,2021-08-15,129,9608,9737
10,2021-08-16,448,10616,11064
10,2021-08-17,424,10567,10991
10,2021-08-18,451,10794,11245
10,2021-08-19,441,11136,11577
10,2021-08-20,455,11945,12400
10,2021-08-21,211,10632,10843
10,2021-08-22,45,8143,8188
10,2021-08-23,518,11235,11753
10,2021-08-24,529,11886,12415
10,2021-08-25,574,12090,12664
10,2021-08-26,534,11957,12491
10,2021-08-27,530,12283,12813
10,2021-08-28,143,9916,10059
10,2021-08-29,85,8325,8410
10,2021-08-30,538,11553,12091
10,2021-08-31,530,12275,12805
10,2021-09-01,580,12657,13237
10,2021-09-02,603,12934,13537
10,2021-09-03,596,13242,13838
10,2021-09-04,162,11546,11708
10,2021-09-05,63,10469,10532
10,2021-09-06,498,12324,12822
10,2021-09-07,505,12514,13019
10,2021-09-08,533,13005,13538
10,2021-09-09,571,12359,12930
10,2021-09-10,569,13112,13681
10,2021-09-11,182,13195,13377
10,2021-09-12,63,10096,10159
10,2021-09-13,561,12663,13224
10,2021-09-14,577,12518,13095
10,2021-09-15,538,12754,13292
10,2021-09-16,609,13008,13617
10,2021-09-17,641,13182,13823
10,2021-09-18,160,11662,11822
10,2021-09-19,77,9869,9946
10,2021-09-20,590,12496,13086
10,2021-09-21,615,12772,13387
10,2021-09-22,662,12759,13421
10,2021-09-23,658,13130,13788
10,2021-09-24,683,13747,14430
10,2021-09-25,269,12223,12492
10,2021-09-26,68,9335,9403
10,2021-09-27,631,12294,12925
10,2021-09-28,647,12690,13337
10,2021-09-29,681,12702,13383
10,2021-09-30,604,13003,13607
10,2021-10-01,693,13449,14142
10,2021-10-02,195,11673,11868
10,2021-10-03,59,8423,8482
10,2021-10-04,505,11664,12169
10,2021-10-05,561,11253,11814
10,2021-10-06,595,11498,12093
10,2021-10-07,602,11982,12584
10,2021-10-08,603,12531,13134
10,2021-10-09,156,10938,11094
10,2021-10-10,73,9142,9215
10,2021-10-11,561,11377,11938
10,2021-10-12,540,11439,11979
10,2021-10-13,583,11318,11901
10,2021-10-14,594,11840,12434
10,2021-10-15,644,12312,12956
10,2021-10-16,157,10792,10949
10,2021-10-17,57,8077,8134
10,2021-10-18,602,11008,11610
10,2021-10-19,575,11533,12108
10,2021-10-20,538,11315,11853
10,2021-10-21,571,11067,11638
10,2021-10-22,615,12252,12867
10,2021-10-23,138,10385,10523
10,2021-10-24,51,8927,8978
10,2021-10-25,625,11040,11665
10,2021-10-26,641,11113,11754
10,2021-10-27,656,11343,11999
10,2021-10-28,623,11927,12550
10,2021-10-29,602,12753,13355
10,2021-10-30,132,9794,9926
10,2021-11-01,35,7193,7228
10,2021-11-02,529,11554,12083
10,2021-11-03,587,11353,11940
10,2021-11-04,563,11473,12036
10,2021-11-05,612,11949,12561
10,2021-11-06,159,9772,9931
10,2021-11-07,42,6689,6731
10,2021-11-08,562,11121,11683
10,2021-11-09,557,11499,12056
10,2021-11-10,578,11583,12161
10,2021-11-11,631,11843,12474
10,2021-11-12,596,11928,12524
10,2021-11-13,116,9522,9638
10,2021-11-14,46,7152,7198
10,2021-11-15,527,11317,11844
10,2021-11-16,541,11387,11928
10,2021-11-17,522,11147,11669
10,2021-11-18,548,11518,12066
10,2021-11-19,575,12111,12686
10,2021-11-20,203,10031,10234
10,2021-11-21,35,7086,7121
10,2021-11-22,542,11405,11947
10,2021-11-23,570,11711,12281
10,2021-11-24,574,11970,12544
10,2021-11-25,533,12208,12741
10,2021-11-26,472,12166,12638
10,2021-11-27,123,9657,9780
10,2021-11-28,19,6801,6820
10,2021-11-29,551,11253,11804
10,2021-11-30,496,11436,11932
10,2021-12-01,471,11691,12162
10,2021-12-02,506,11903,12409
10,2021-12-03,576,12651,13227
10,2021-12-04,112,10162,10274
10,2021-12-05,28,7492,7520
10,2021-12-06,486,11422,11908
10,2021-12-07,530,11884,12414
10,2021-12-08,521,11819,12340
10,2021-12-09,527,11921,12448
10,2021-12-10,451,12012,12463
10,2021-12-11,127,10106,10233
10,2021-12-12,33,7297,7330
10,2021-12-13,494,11568,12062
10,2021-12-14,533,12103,12636
10,2021-12-15,546,12039,12585
10,2021-12-16,531,12542,13073
10,2021-12-17,470,12933,13403
10,2021-12-18,162,9877,10039
10,2021-12-19,33,7445,7478
10,2021-12-20,416,11314,11730
10,2021-12-21,416,11889,12305
10,2021-12-22,333,11683,12016
10,2021-12-23,346,11629,11975
10,2021-12-24,175,8590,8765
10,2021-12-25,15,4614,4629
10,2021-12-26,20,5448,5468
10,2021-12-27,217,8968,9185
10,2021-12-28,224,9596,9820
10,2021-12-29,226,9898,10124
10,2021-12-30,238,10508,10746
10,2021-12-31,152,8754,8906
11,2021-01-01,5,992,997
11,2021-01-02,45,2032,2077
11,2021-01-03,19,1559,1578
11,2021-01-04,72,3468,3540
11,2021-01-05,83,3676,3759
11,2021-01-06,74,3652,3726
11,2021-01-07,69,3705,3774
11,2021-01-08,108,3566,3674
11,2021-01-09,56,2163,2219
11,2021-01-10,22,1763,1785
11,2021-01-11,97,4454,4551
11,2021-01-12,107,4444,4551
11,2021-01-13,96,4555,4651
11,2021-01-14,82,4111,4193
11,2021-01-15,92,4186,4278
11,2021-01-16,60,2255,2315
11,2021-01-17,15,1460,1475
11,2021-01-18,110,4505,4615
11,2021-01-19,105,4526,4631
11,2021-01-20,113,4704,4817
11,2021-01-21,105,4630,4735
11,2021-01-22,99,4757,4856
11,2021-01-23,65,2641,2706
11,2021-01-24,10,1884,1894
11,2021-01-25,83,4479,4562
11,2021-01-26,115,4641,4756
11,2021-01-27,96,4456,4552
11,2021-01-28,91,4661,4752
11,2021-01-29,97,4694,4791
11,2021-01-30,38,2652,2690
11,2021-01-31,4,1925,1929
11,2021-02-01,101,4931,5032
11,2021-02-02,111,5079,5190
11,2021-02-03,113,5102,5215
11,2021-02-04,113,5221,5334
11,2021-02-05,137,5149,5286
11,2021-02-06,128,2979,3107
11,2021-02-07,25,1954,1979
11,2021-02-08,114,4427,4541
11,2021-02-09,89,4140,4229
11,2021-02-10,105,4388,4493
11,2021-02-11,98,4572,4670
11,2021-02-12,99,4431,4530
11,2021-02-13,62,2659,2721
11,2021-02-14,13,2083,2096
11,2021-02-15,94,3984,4078
11,2021-02-16,115,4506,4621
11,2021-02-17,112,4568,4680
11,2021-02-18,125,4432,4557
11,2021-02-19,119,4593,4712
11,2021-02-20,60,2945,3005
11,2021-02-21,9,2677,2686
11,2021-02-22,112,4693,4805
11,2021-02-23,120,5036,5156
11,2021-02-24,114,4937,5051
11,2021-02-25,126,5030,5156
11,2021-02-26,148,4946,5094
11,2021-02-27,58,2998,3056
11,2021-02-28,14,2458,2472
11,2021-03-01,136,4925,5061
11,2021-03-02,127,5000,5127
11,2021-03-03,115,4837,4952
11,2021-03-04,138,4792,4930
11,2021-03-05,137,4831,4968
11,2021-03-06,84,2847,2931
11,2021-03-07,13,2362,2375
11,2021-03-08,136,4717,4853
11,2021-03-09,138,4992,5130
11,2021-03-10,116,4833,4949
11,2021-03-11,123,4773,4896
11,2021-03-12,111,4858,4969
11,2021-03-13,80,2650,2730
11,2021-03-14,14,2048,2062
11,2021-03-15,103,4680,4783
11,2021-03-16,117,4952,5069
11,2021-03-17,96,4803,4899
11,2021-03-18,104,4965,5069
11,2021-03-19,109,4792,4901
11,2021-03-20,57,2963,3020
11,2021-03-21,12,2038,2050
11,2021-03-22,99,4688,4787
11,2021-03-23,87,4998,5085
11,2021-03-24,116,5052,5168
11,2021-03-25,125,4999,5124
11,2021-03-26,122,5030,5152
11,2021-03-27,58,2879,2937
11,2021-03-29,107,4833,4940
11,2021-03-30,115,5912,6027
11,2021-03-31,123,5471,5594
11,2021-04-01,115,5034,5149
11,2021-04-02,87,4577,4664
11,2021-04-03,59,2732,2791
11,2021-04-04,7,2187,2194
11,2021-04-05,14,1747,1761
11,2021-04-06,109,4428,4537
11,2021-04-07,113,4366,4479
11,2021-04-08,126,4717,4843
11,2021-04-09,136,4839,4975
11,2021-04-10,65,2632,2697
11,2021-04-11,10,1755,1765
11,2021-04-12,173,4731,4904
11,2021-04-13,141,4874,5015
11,2021-04-14,141,4760,4901
11,2021-04-15,157,4865,5022
11,2021-04-16,146,4754,4900
11,2021-04-17,71,2883,2954
11,2021-04-18,15,2058,2073
11,2021-04-19,143,4764,4907
11,2021-04-20,120,5076,5196
11,2021-04-21,109,5030,5139
11,2021-04-22,112,5181,5293
11,2021-04-23,119,5269,5388
11,2021-04-24,72,3313,3385
11,2021-04-25,11,2827,2838
11,2021-04-26,121,5010,5131
11,2021-04-27,111,5275,5386
11,2021-04-28,125,5209,5334
11,2021-04-29,119,5184,5303
11,2021-04-30,125,5321,5446
11,2021-05-01,35,2657,2692
11,2021-05-02,15,2417,2432
11,2021-05-03,113,4949,5062
11,2021-05-04,143,5079,5222
11,2021-05-05,114,4974,5088
11,2021-05-06,99,5045,5144
11,2021-05-07,122,5237,5359
11,2021-05-08,57,3165,3222
11,2021-05-09,12,3323,3335
11,2021-05-10,134,4812,4946
11,2021-05-11,120,5068,5188
11,2021-05-12,133,5161,5294
11,2021-05-13,11,2563,2574
11,2021-05-14,138,4213,4351
11,2021-05-15,62,2876,2938
11,2021-05-16,27,2413,2440
11,2021-05-17,131,5019,5150
11,2021-05-18,127,5159,5286
11,2021-05-19,115,5228,5343
11,2021-05-20,133,5331,5464
11,2021-05-21,109,5396,5505
11,2021-05-22,60,3028,3088
11,2021-05-23,8,2439,2447
11,2021-05-24,39,2156,2195
11,2021-05-25,113,4836,4949
11,2021-05-26,110,4711,4821
11,2021-05-27,101,4985,5086
11,2021-05-28,112,5054,5166
11,2021-05-29,65,3465,3530
11,2021-05-30,30,3310,3340
11,2021-05-31,116,5196,5312
11,2021-06-01,122,5452,5574
11,2021-06-02,120,5414,5534
11,2021-06-03,72,5437,5509
11,2021-06-04,130,5238,5368
11,2021-06-05,54,3312,3366
11,2021-06-06,14,2770,2784
11,2021-06-07,112,5689,5801
11,2021-06-08,120,6450,6570
11,2021-06-09,117,6342,6459
11,2021-06-10,119,6349,6468
11,2021-06-11,129,6105,6234
11,2021-06-12,54,3632,3686
11,2021-06-13,21,3418,3439
11,2021-06-14,101,5418,5519
11,2021-06-15,138,5657,5795
11,2021-06-16,121,5551,5672
11,2021-06-17,112,5508,5620
11,2021-06-18,86,5670,5756
11,2021-06-19,63,3489,3552
11,2021-06-20,18,2703,2721
11,2021-06-21,115,5202,5317
11,2021-06-22,118,5421,5539
11,2021-06-23,47,2872,2919
11,2021-06-24,105,5071,5176
11,2021-06-25,128,5465,5593
11,2021-06-26,72,3583,3655
11,2021-06-27,13,2971,2984
11,2021-06-28,112,5275,5387
11,2021-06-29,136,5493,5629
11,2021-06-30,110,5357,5467
11,2021-07-01,125,5589,5714
11,2021-07-02,137,5720,5857
11,2021-07-03,156,3622,3778
11,2021-07-04,29,2623,2652
11,2021-07-05,128,5325,5453
11,2021-07-06,127,5449,5576
11,2021-07-07,172,5542,5714
11,2021-07-08,141,5554,5695
11,2021-07-09,136,5515,5651
11,2021-07-10,68,3619,3687
11,2021-07-11,19,2945,2964
11,2021-07-12,118,5236,5354
11,2021-07-13,80,5274,5354
11,2021-07-14,129,5421,5550
11,2021-07-15,98,5511,5609
11,2021-07-16,128,5287,5415
11,2021-07-17,78,3188,3266
11,2021-07-18,12,2895,2907
11,2021-07-19,96,4937,5033
11,2021-07-20,140,5249,5389
11,2021-07-21,119,5312,5431
11,2021-07-22,126,5081,5207
11,2021-07-23,152,5114,5266
11,2021-07-24,65,2909,2974
11,2021-07-25,12,2465,2477
11,2021-07-26,94,4722,4816
11,2021-07-27,111,4720,4831
11,2021-07-28,99,4834,4933
11,2021-07-29,96,4926,5022
11,2021-07-30,106,4681,4787
11,2021-07-31,95,2997,3092
11,2021-08-01,81,2705,2786
11,2021-08-02,112,4257,4369
11,2021-08-03,94,4298,4392
11,2021-08-04,78,4340,4418
11,2021-08-05,97,4388,4485
11,2021-08-06,78,4216,4294
11,2021-08-07,32,2775,2807
11,2021-08-08,30,2242,2272
11,2021-08-09,96,3987,4083
11,2021-08-10,71,4072,4143
11,2021-08-11,95,4109,4204
11,2021-08-12,113,4352,4465
11,2021-08-13,120,4226,4346
11,2021-08-14,89,3087,3176
11,2021-08-15,43,2795,2838
11,2021-08-16,95,3911,4006
11,2021-08-17,103,4080,4183
11,2021-08-18,105,4050,4155
11,2021-08-19,112,4230,4342
11,2021-08-20,111,4331,4442
11,2021-08-21,72,2912,2984
11,2021-08-22,30,2258,2288
11,2021-08-23,104,4392,4496
11,2021-08-24,90,4797,4887
11,2021-08-25,142,4861,5003
11,2021-08-26,127,4742,4869
11,2021-08-27,116,4639,4755
11,2021-08-28,55,2969,3024
11,2021-08-29,24,2391,2415
11,2021-08-30,136,4832,4968
11,2021-08-31,120,5060,5180
11,2021-09-01,119,5275,5394
11,2021-09-02,116,5518,5634
11,2021-09-03,121,5392,5513
11,2021-09-04,63,3441,3504
11,2021-09-05,29,3141,3170
11,2021-09-06,115,5252,5367
11,2021-09-07,141,5451,5592
11,2021-09-08,165,5574,5739
11,2021-09-09,140,5390,5530
11,2021-09-10,118,5260,5378
11,2021-09-11,54,3450,3504
11,2021-09-12,19,3026,3045
11,2021-09-13,119,6127,6246
11,2021-09-14,154,6094,6248
11,2021-09-15,111,6075,6186
11,2021-09-16,111,5882,5993
11,2021-09-17,113,6284,6397
11,2021-09-18,54,3997,4051
11,2021-09-19,15,3298,3313
11,2021-09-20,112,5926,6038
11,2021-09-21,138,6129,6267
11,2021-09-22,208,6085,6293
11,2021-09-23,141,6355,6496
11,2021-09-24,225,6310,6535
11,2021-09-25,94,3986,4080
11,2021-09-26,107,2857,2964
11,2021-09-27,202,5909,6111
11,2021-09-28,119,6231,6350
11,2021-09-29,218,6081,6299
11,2021-09-30,219,6255,6474
11,2021-10-01,145,6185,6330
11,2021-10-02,96,3712,3808
11,2021-10-03,16,2790,2806
11,2021-10-04,132,5970,6102
11,2021-10-05,133,6082,6215
11,2021-10-06,118,6064,6182
11,2021-10-07,290,6179,6469
11,2021-10-08,183,6350,6533
11,2021-10-09,90,4630,4720
11,2021-10-10,32,3363,3395
11,2021-10-11,124,5701,5825
11,2021-10-12,115,5925,6040
11,2021-10-13,125,5854,5979
11,2021-10-14,141,6136,6277
11,2021-10-15,141,5953,6094
11,2021-10-16,67,3580,3647
11,2021-10-17,11,2916,2927
11,2021-10-18,140,5808,5948
11,2021-10-19,151,6055,6206
11,2021-10-21,112,5692,5804
11,2021-10-22,123,5634,5757
11,2021-10-23,63,3540,3603
11,2021-10-24,26,3316,3342
11,2021-10-25,114,5945,6059
11,2021-10-26,116,6019,6135
11,2021-10-27,128,6042,6170
11,2021-10-28,131,6154,6285
11,2021-10-29,113,6159,6272
11,2021-10-30,40,3196,3236
11,2021-11-01,23,2415,2438
11,2021-11-02,102,5264,5366
11,2021-11-03,88,5067,5155
11,2021-11-04,108,5413,5521
11,2021-11-05,121,5277,5398
11,2021-11-06,56,3105,3161
11,2021-11-07,14,2273,2287
11,2021-11-08,109,5341,5450
11,2021-11-09,115,5710,5825
11,2021-11-10,107,5662,5769
11,2021-11-11,122,5652,5774
11,2021-11-12,122,5558,5680
11,2021-11-13,54,3111,3165
11,2021-11-14,8,2297,2305
11,2021-11-15,107,5461,5568
11,2021-11-16,92,5816,5908
11,2021-11-17,88,5581,5669
11,2021-11-18,122,5584,5706
11,2021-11-19,99,5494,5593
11,2021-11-20,57,3228,3285
11,2021-11-21,11,2221,2232
11,2021-11-22,110,5374,5484
11,2021-11-23,123,5707,5830
11,2021-11-24,116,5472,5588
11,2021-11-25,142,5657,5799
11,2021-11-26,101,5492,5593
11,2021-11-27,50,3076,3126
11,2021-11-28,12,2293,2305
11,2021-11-29,112,5177,5289
11,2021-11-30,90,5407,5497
11,2021-12-01,89,5290,5379
11,2021-12-02,110,5344,5454
11,2021-12-03,97,5806,5903
11,2021-12-04,46,3619,3665
11,2021-12-05,13,2382,2395
11,2021-12-06,89,5178,5267
11,2021-12-07,111,5574,5685
11,2021-12-08,114,5474,5588
11,2021-12-09,99,5499,5598
11,2021-12-10,103,5163,5266
11,2021-12-11,62,3042,3104
11,2021-12-12,11,2152,2163
11,2021-12-13,99,5254,5353
11,2021-12-14,103,5331,5434
11,2021-12-15,95,5432,5527
11,2021-12-16,125,5571,5696
11,2021-12-17,112,5426,5538
11,2021-12-18,37,2958,2995
11,2021-12-19,10,2203,2213
11,2021-12-20,82,4339,4421
11,2021-12-21,114,4393,4507
11,2021-12-22,114,4157,4271
11,2021-12-23,92,3813,3905
11,2021-12-24,46,2797,2843
11,2021-12-25,4,1457,1461
11,2021-12-26,2,1621,1623
11,2021-12-27,56,2912,2968
11,2021-12-28,75,3174,3249
11,2021-12-29,68,3179,3247
11,2021-12-30,53,3138,3191
11,2021-12-31,62,2794,2856
12,2021-01-01,21,2391,2412
12,2021-01-02,54,6411,6465
12,2021-01-03,33,3880,3913
12,2021-01-04,138,7282,7420
12,2021-01-05,154,7597,7751
12,2021-01-06,152,7568,7720
12,2021-01-07,162,7692,7854
12,2021-01-08,165,7855,8020
12,2021-01-09,98,7519,7617
12,2021-01-10,39,4830,4869
12,2021-01-11,193,8547,8740
12,2021-01-12,195,7747,7942
12,2021-01-13,191,7975,8166
12,2021-01-14,175,7146,7321
12,2021-01-15,186,7583,7769
12,2021-01-16,94,7738,7832
12,2021-01-17,34,3687,3721
12,2021-01-18,198,8320,8518
12,2021-01-19,204,8505,8709
12,2021-01-20,191,8524,8715
12,2021-01-21,198,8601,8799
12,2021-01-22,214,9251,9465
12,2021-01-23,103,8283,8386
12,2021-01-24,43,5444,5487
12,2021-01-25,207,8141,8348
12,2021-01-26,199,8701,8900
12,2021-01-27,179,7637,7816
12,2021-01-28,167,8869,9036
12,2021-01-29,218,10542,10760
12,2021-01-30,118,10610,10728
12,2021-01-31,58,5446,5504
12,2021-02-01,261,8099,8360
12,2021-02-02,255,7688,7943
12,2021-02-03,256,8234,8490
12,2021-02-04,238,8345,8583
12,2021-02-05,262,8537,8799
12,2021-02-06,146,6796,6942
12,2021-02-07,58,4533,4591
12,2021-02-08,238,7610,7848
12,2021-02-09,210,7787,7997
12,2021-02-10,200,8369,8569
12,2021-02-11,213,9234,9447
12,2021-02-12,233,9510,9743
12,2021-02-13,97,8256,8353
12,2021-02-14,33,5280,5313
12,2021-02-15,188,8283,8471
12,2021-02-16,166,8191,8357
12,2021-02-17,190,7618,7808
12,2021-02-18,177,7860,8037
12,2021-02-19,163,8688,8851
12,2021-02-20,84,7758,7842
12,2021-02-21,35,5908,5943
12,2021-02-22,179,7815,7994
12,2021-02-23,213,8178,8391
12,2021-02-24,188,8326,8514
12,2021-02-25,216,9029,9245
12,2021-02-26,220,9527,9747
12,2021-02-27,109,8506,8615
12,2021-02-28,35,5857,5892
12,2021-03-01,206,8559,8765
12,2021-03-02,207,7989,8196
12,2021-03-03,199,8044,8243
12,2021-03-04,223,8066,8289
12,2021-03-05,220,8504,8724
12,2021-03-06,108,7263,7371
12,2021-03-07,43,5461,5504
12,2021-03-08,212,8397,8609
12,2021-03-09,219,8444,8663
12,2021-03-10,203,8214,8417
12,2021-03-11,200,8537,8737
12,2021-03-12,214,8735,8949
12,2021-03-13,98,7254,7352
12,2021-03-14,26,4716,4742
12,2021-03-15,184,8303,8487
12,2021-03-16,217,8403,8620
12,2021-03-17,200,8259,8459
12,2021-03-18,201,8662,8863
12,2021-03-19,225,8957,9182
12,2021-03-20,114,8056,8170
12,2021-03-21,37,5159,5196
12,2021-03-22,195,8576,8771
12,2021-03-23,216,8830,9046
12,2021-03-24,208,8916,9124
12,2021-03-25,219,9018,9237
12,2021-03-26,216,9512,9728
12,2021-03-27,113,7654,7767
12,2021-03-29,204,8841,9045
12,2021-03-30,180,9399,9579
12,2021-03-31,179,9709,9888
12,2021-04-01,203,10527,10730
12,2021-04-02,170,10056,10226
12,2021-04-03,109,8683,8792
12,2021-04-04,32,4350,4382
12,2021-04-05,33,3693,3726
12,2021-04-06,209,8204,8413
12,2021-04-07,190,8108,8298
12,2021-04-08,205,8544,8749
12,2021-04-09,224,8904,9128
12,2021-04-10,112,6962,7074
12,2021-04-11,21,3925,3946
12,2021-04-12,209,8649,8858
12,2021-04-13,214,8617,8831
12,2021-04-14,192,8490,8682
12,2021-04-15,244,8809,9053
12,2021-04-16,232,8855,9087
12,2021-04-17,142,7710,7852
12,2021-04-18,29,4828,4857
12,2021-04-19,189,8242,8431
12,2021-04-20,198,8519,8717
12,2021-04-21,219,8635,8854
12,2021-04-22,225,8910,9135
12,2021-04-23,199,9356,9555
12,2021-04-24,129,8290,8419
12,2021-04-25,42,6154,6196
12,2021-04-26,193,8578,8771
12,2021-04-27,205,9381,9586
12,2021-04-28,208,9457,9665
12,2021-04-29,210,10084,10294
12,2021-04-30,227,10683,10910
12,2021-05-01,47,5510,5557
12,2021-05-02,45,6244,6289
12,2021-05-03,219,9807,10026
12,2021-05-04,203,9243,9446
12,2021-05-05,210,9703,9913
12,2021-05-06,191,9364,9555
12,2021-05-07,229,9994,10223
12,2021-05-08,100,10078,10178
12,2021-05-09,47,9022,9069
12,2021-05-10,180,9160,9340
12,2021-05-11,196,9281,9477
12,2021-05-12,194,10526,10720
12,2021-05-13,58,6317,6375
12,2021-05-14,197,10926,11123
12,2021-05-15,122,9245,9367
12,2021-05-16,99,6345,6444
12,2021-05-17,130,8914,9044
12,2021-05-18,207,9527,9734
12,2021-05-19,140,8830,8970
12,2021-05-20,219,10273,10492
12,2021-05-21,224,10634,10858
12,2021-05-22,133,9523,9656
12,2021-05-23,50,6593,6643
12,2021-05-24,61,5897,5958
12,2021-05-25,184,9132,9316
12,2021-05-26,250,9639,9889
12,2021-05-27,207,10086,10293
12,2021-05-28,201,10737,10938
12,2021-05-29,121,10509,10630
12,2021-05-30,48,8678,8726
12,2021-05-31,191,10389,10580
12,2021-06-01,191,10822,11013
12,2021-06-02,189,10803,10992
12,2021-06-03,123,10146,10269
12,2021-06-04,235,11311,11546
12,2021-06-05,92,10511,10603
12,2021-06-06,52,7285,7337
12,2021-06-07,180,9901,10081
12,2021-06-08,200,10182,10382
12,2021-06-09,176,10376,10552
12,2021-06-10,207,10727,10934
12,2021-06-11,221,11341,11562
12,2021-06-12,100,10687,10787
12,2021-06-13,33,8714,8747
12,2021-06-14,161,10364,10525
12,2021-06-15,198,10453,10651
12,2021-06-16,197,10539,10736
12,2021-06-17,195,10832,11027
12,2021-06-18,184,11135,11319
12,2021-06-19,101,10558,10659
12,2021-06-20,66,7504,7570
12,2021-06-21,192,10188,10380
12,2021-06-22,211,11235,11446
12,2021-06-23,114,9320,9434
12,2021-06-24,191,10248,10439
12,2021-06-25,209,11481,11690
12,2021-06-26,121,10588,10709
12,2021-06-27,37,7538,7575
12,2021-06-28,180,10445,10625
12,2021-06-29,205,10621,10826
12,2021-06-30,189,10632,10821
12,2021-07-01,182,11373,11555
12,2021-07-02,212,11718,11930
12,2021-07-03,84,11177,11261
12,2021-07-04,55,7263,7318
12,2021-07-05,204,10617,10821
12,2021-07-06,187,10831,11018
12,2021-07-07,190,11213,11403
12,2021-07-08,166,10576,10742
12,2021-07-09,211,11824,12035
12,2021-07-10,117,11039,11156
12,2021-07-11,49,8229,8278
12,2021-07-12,191,10268,10459
12,2021-07-13,184,10157,10341
12,2021-07-14,176,11979,12155
12,2021-07-15,202,12279,12481
12,2021-07-16,211,12913,13124
12,2021-07-17,192,11056,11248
12,2021-07-18,55,9630,9685
12,2021-07-19,180,10114,10294
12,2021-07-20,158,10370,10528
12,2021-07-21,185,10303,10488
12,2021-07-22,167,10612,10779
12,2021-07-23,214,11034,11248
12,2021-07-24,131,9308,9439
12,2021-07-25,38,6790,6828
12,2021-07-26,169,9979,10148
12,2021-07-27,172,9008,9180
12,2021-07-28,192,10569,10761
12,2021-07-29,172,11379,11551
12,2021-07-30,171,11532,11703
12,2021-07-31,125,10774,10899
12,2021-08-01,71,8084,8155
12,2021-08-02,139,9986,10125
12,2021-08-03,137,10172,10309
12,2021-08-04,174,10368,10542
12,2021-08-05,161,10690,10851
12,2021-08-06,154,10732,10886
12,2021-08-07,75,9857,9932
12,2021-08-08,65,6751,6816
12,2021-08-09,163,9776,9939
12,2021-08-10,152,9846,9998
12,2021-08-11,147,9995,10142
12,2021-08-12,149,10446,10595
12,2021-08-13,151,10789,10940
12,2021-08-14,97,10139,10236
12,2021-08-15,51,8692,8743
12,2021-08-16,155,9505,9660
12,2021-08-17,162,9580,9742
12,2021-08-18,150,9604,9754
12,2021-08-19,152,9729,9881
12,2021-08-20,133,10680,10813
12,2021-08-21,86,10371,10457
12,2021-08-22,61,6773,6834
12,2021-08-23,148,9980,10128
12,2021-08-24,160,10213,10373
12,2021-08-25,149,10341,10490
12,2021-08-26,164,10579,10743
12,2021-08-27,148,10955,11103
12,2021-08-28,90,9952,10042
12,2021-08-29,56,7291,7347
12,2021-08-30,163,10204,10367
12,2021-08-31,138,10717,10855
12,2021-09-01,162,11126,11288
12,2021-09-02,182,10870,11052
12,2021-09-03,176,11316,11492
12,2021-09-04,125,11156,11281
12,2021-09-05,55,8863,8918
12,2021-09-06,186,10530,10716
12,2021-09-07,190,10778,10968
12,2021-09-08,223,10808,11031
12,2021-09-09,192,10471,10663
12,2021-09-10,198,11180,11378
12,2021-09-11,96,11251,11347
12,2021-09-12,37,8234,8271
12,2021-09-13,194,10576,10770
12,2021-09-14,175,10467,10642
12,2021-09-15,190,11014,11204
12,2021-09-16,180,10597,10777
12,2021-09-17,213,11455,11668
12,2021-09-18,121,10875,10996
12,2021-09-19,49,8219,8268
12,2021-09-20,188,11250,11438
12,2021-09-21,217,11300,11517
12,2021-09-22,220,10792,11012
12,2021-09-23,223,11105,11328
12,2021-09-24,216,11787,12003
12,2021-09-25,119,11503,11622
12,2021-09-26,49,7241,7290
12,2021-09-27,211,10453,10664
12,2021-09-28,204,11002,11206
12,2021-09-29,209,11027,11236
12,2021-09-30,215,11511,11726
12,2021-10-01,218,12219,12437
12,2021-10-02,114,12048,12162
12,2021-10-03,37,6893,6930
12,2021-10-04,193,10910,11103
12,2021-10-05,219,11230,11449
12,2021-10-06,209,11239,11448
12,2021-10-07,178,11626,11804
12,2021-10-08,206,11933,12139
12,2021-10-09,131,12567,12698
12,2021-10-10,55,9267,9322
12,2021-10-11,243,10847,11090
12,2021-10-12,216,10925,11141
12,2021-10-13,188,10927,11115
12,2021-10-14,213,11260,11473
12,2021-10-15,222,11942,12164
12,2021-10-16,126,11827,11953
12,2021-10-17,49,8225,8274
12,2021-10-18,210,10978,11188
12,2021-10-19,207,10916,11123
12,2021-10-20,203,10656,10859
12,2021-10-21,164,10722,10886
12,2021-10-22,244,12397,12641
12,2021-10-23,108,10968,11076
12,2021-10-24,51,8455,8506
12,2021-10-25,220,10637,10857
12,2021-10-26,158,10762,10920
12,2021-10-27,185,10985,11170
12,2021-10-28,189,11843,12032
12,2021-10-29,221,12356,12577
12,2021-10-30,106,11075,11181
12,2021-11-01,26,6610,6636
12,2021-11-02,179,11564,11743
12,2021-11-03,196,10885,11081
12,2021-11-04,179,11053,11232
12,2021-11-05,217,11949,12166
12,2021-11-06,103,11055,11158
12,2021-11-07,29,6438,6467
12,2021-11-08,196,10389,10585
12,2021-11-09,222,10948,11170
12,2021-11-10,209,10870,11079
12,2021-11-11,173,12220,12393
12,2021-11-12,223,11649,11872
12,2021-11-13,100,10610,10710
12,2021-11-14,32,6717,6749
12,2021-11-15,183,10384,10567
12,2021-11-16,223,10488,10711
12,2021-11-17,194,10395,10589
12,2021-11-18,205,10885,11090
12,2021-11-19,193,11086,11279
12,2021-11-20,86,10484,10570
12,2021-11-21,43,6186,6229
12,2021-11-22,181,10324,10505
12,2021-11-23,185,10525,10710
12,2021-11-24,209,10575,10784
12,2021-11-25,238,11006,11244
12,2021-11-26,235,11548,11783
12,2021-11-27,102,10306,10408
12,2021-11-28,40,6144,6184
12,2021-11-29,197,10516,10713
12,2021-11-30,195,10574,10769
12,2021-12-01,174,10821,10995
12,2021-12-02,194,11047,11241
12,2021-12-03,214,11533,11747
12,2021-12-04,59,10525,10584
12,2021-12-05,44,6491,6535
12,2021-12-06,171,10343,10514
12,2021-12-07,182,10585,10767
12,2021-12-08,185,10350,10535
12,2021-12-09,196,10483,10679
12,2021-12-10,182,10301,10483
12,2021-12-11,112,10688,10800
12,2021-12-12,40,6417,6457
12,2021-12-13,191,10258,10449
12,2021-12-14,171,10512,10683
12,2021-12-15,196,10790,10986
12,2021-12-16,210,10899,11109
12,2021-12-17,173,11582,11755
12,2021-12-18,91,10584,10675
12,2021-12-19,31,6673,6704
12,2021-12-20,138,10563,10701
12,2021-12-21,160,10635,10795
12,2021-12-22,129,10394,10523
12,2021-12-23,112,10657,10769
12,2021-12-24,68,7766,7834
12,2021-12-25,23,3523,3546
12,2021-12-26,24,4367,4391
12,2021-12-27,71,8773,8844
12,2021-12-28,82,8934,9016
12,2021-12-29,92,9231,9323
12,2021-12-30,91,10211,10302
12,2021-12-31,72,8591,8663
13,2021-01-02,11,1760,1771
13,2021-01-03,9,1318,1327
13,2021-01-04,27,2319,2346
13,2021-01-05,35,2401,2436
13,2021-01-06,34,2572,2606
13,2021-01-07,46,2444,2490
13,2021-01-08,29,2559,2588
13,2021-01-09,20,2041,2061
13,2021-01-10,10,1660,1670
13,2021-01-11,29,3061,3090
13,2021-01-12,18,3055,3073
13,2021-01-13,23,2978,3001
13,2021-01-14,29,2713,2742
13,2021-01-15,32,2594,2626
13,2021-01-16,19,74,93
13,2021-01-17,4,762,766
13,2021-01-18,30,2423,2453
13,2021-01-19,38,3021,3059
13,2021-01-20,21,3118,3139
13,2021-01-21,32,3125,3157
13,2021-01-22,37,3278,3315
13,2021-01-23,16,2573,2589
13,2021-01-24,27,449,476
13,2021-01-25,44,2845,2889
13,2021-01-26,57,3297,3354
13,2021-01-27,18,2994,3012
13,2021-01-28,31,3215,3246
13,2021-02-12,8,500,508
13,2021-02-13,14,748,762
13,2021-02-14,4,874,878
13,2021-02-15,16,885,901
13,2021-02-16,34,1580,1614
13,2021-02-17,31,2347,2378
13,2021-02-18,47,2652,2699
13,2021-02-19,40,2855,2895
13,2021-02-20,27,2507,2534
13,2021-02-21,6,2544,2550
13,2021-02-22,41,2780,2821
13,2021-02-23,36,3024,3060
13,2021-02-24,35,3037,3072
13,2021-02-25,37,3293,3330
13,2021-02-26,44,3336,3380
13,2021-02-27,21,2691,2712
13,2021-02-28,9,2299,2308
13,2021-03-01,39,3292,3331
13,2021-03-02,35,3144,3179
13,2021-03-03,45,3573,3618
13,2021-03-04,44,3079,3123
13,2021-03-05,36,3093,3129
13,2021-03-06,16,2267,2283
13,2021-03-07,8,2217,2225
13,2021-03-08,46,3111,3157
13,2021-03-09,37,3142,3179
13,2021-03-10,52,3101,3153
13,2021-03-11,26,3166,3192
13,2021-03-12,44,3303,3347
13,2021-03-13,15,2247,2262
13,2021-03-14,7,1734,1741
13,2021-03-15,40,3161,3201
13,2021-03-16,49,3197,3246
13,2021-03-17,43,3161,3204
13,2021-03-18,43,3254,3297
13,2021-03-19,69,3437,3506
13,2021-03-20,26,2496,2522
13,2021-03-21,9,1931,1940
13,2021-03-22,63,3086,3149
13,2021-03-23,71,3377,3448
13,2021-03-24,51,3557,3608
13,2021-03-25,53,3431,3484
13,2021-03-26,61,3603,3664
13,2021-03-27,14,2410,2424
13,2021-03-29,34,3513,3547
13,2021-03-30,48,3724,3772
13,2021-03-31,43,3894,3937
13,2021-04-01,47,4458,4505
13,2021-04-02,58,4390,4448
13,2021-04-03,26,2981,3007
13,2021-04-04,10,1961,1971
13,2021-04-05,8,1335,1343
13,2021-04-06,45,3038,3083
13,2021-04-07,72,3304,3376
13,2021-04-08,55,3219,3274
13,2021-04-09,49,3330,3379
13,2021-04-10,15,2016,2031
13,2021-04-11,10,1329,1339
13,2021-04-12,64,3230,3294
13,2021-04-13,38,3287,3325
13,2021-04-14,50,3353,3403
13,2021-04-15,52,3382,3434
13,2021-04-16,49,3366,3415
13,2021-04-17,32,2413,2445
13,2021-04-18,6,1799,1805
13,2021-04-19,59,3288,3347
13,2021-04-20,47,3628,3675
13,2021-04-21,53,3479,3532
13,2021-04-22,46,3510,3556
13,2021-04-23,59,3674,3733
13,2021-04-24,24,3031,3055
13,2021-04-25,9,2857,2866
13,2021-04-26,73,3369,3442
13,2021-04-27,65,3601,3666
13,2021-04-28,66,3503,3569
13,2021-04-29,55,3494,3549
13,2021-04-30,67,3703,3770
13,2021-05-01,14,2238,2252
13,2021-05-02,15,2704,2719
13,2021-05-03,84,3885,3969
13,2021-05-04,54,3709,3763
13,2021-05-05,67,3980,4047
13,2021-05-06,44,3737,3781
13,2021-05-07,60,4201,4261
13,2021-05-08,14,3645,3659
13,2021-05-09,11,1816,1827
13,2021-05-10,57,3432,3489
13,2021-05-11,55,3657,3712
13,2021-05-12,40,4066,4106
13,2021-05-13,14,2845,2859
13,2021-05-14,48,4073,4121
13,2021-05-15,37,3147,3184
13,2021-05-16,25,2709,2734
13,2021-05-17,57,3751,3808
13,2021-05-18,53,3868,3921
13,2021-05-19,64,3976,4040
13,2021-05-20,40,4047,4087
13,2021-05-21,66,4125,4191
13,2021-05-22,28,3197,3225
13,2021-05-23,9,3178,3187
13,2021-05-24,10,2387,2397
13,2021-05-25,61,3910,3971
13,2021-05-26,65,3810,3875
13,2021-05-27,67,4044,4111
13,2021-05-28,64,4514,4578
13,2021-05-29,25,4048,4073
13,2021-05-30,20,3896,3916
13,2021-05-31,39,4333,4372
13,2021-06-01,42,4631,4673
13,2021-06-02,65,4850,4915
13,2021-06-03,47,4442,4489
13,2021-06-04,57,4629,4686
13,2021-06-05,30,3413,3443
13,2021-06-06,24,3275,3299
13,2021-06-07,56,4026,4082
13,2021-06-08,63,4263,4326
13,2021-06-09,64,4278,4342
13,2021-06-10,55,4659,4714
13,2021-06-11,58,4832,4890
13,2021-06-12,25,4014,4039
13,2021-06-13,17,4010,4027
13,2021-06-14,49,4353,4402
13,2021-06-15,52,4543,4595
13,2021-06-16,51,4566,4617
13,2021-06-17,49,4740,4789
13,2021-06-18,43,4860,4903
13,2021-06-19,21,3898,3919
13,2021-06-20,16,3380,3396
13,2021-06-21,55,4431,4486
13,2021-06-22,44,3092,3136
13,2021-06-23,23,3349,3372
13,2021-06-24,51,4240,4291
13,2021-06-25,58,4731,4789
13,2021-06-26,33,4057,4090
13,2021-06-27,18,3456,3474
13,2021-06-28,62,4364,4426
13,2021-06-29,57,4449,4506
13,2021-06-30,49,4391,4440
13,2021-07-01,58,4691,4749
13,2021-07-02,82,5253,5335
13,2021-07-03,28,4253,4281
13,2021-07-04,20,3097,3117
13,2021-07-05,59,4267,4326
13,2021-07-06,74,4693,4767
13,2021-07-07,63,5174,5237
13,2021-07-08,59,4404,4463
13,2021-07-09,52,4880,4932
13,2021-07-10,39,4057,4096
13,2021-07-11,22,3728,3750
13,2021-07-12,54,4385,4439
13,2021-07-13,46,4236,4282
13,2021-07-14,33,4368,4401
13,2021-07-19,49,3635,3684
13,2021-07-20,50,4320,4370
13,2021-07-21,53,4398,4451
13,2021-07-22,41,4655,4696
13,2021-07-23,77,4752,4829
13,2021-07-24,37,3309,3346
13,2021-07-25,36,3095,3131
13,2021-07-26,57,3993,4050
13,2021-07-27,74,3929,4003
13,2021-07-28,56,4441,4497
13,2021-07-29,57,4400,4457
13,2021-07-30,74,4690,4764
13,2021-07-31,37,3842,3879
13,2021-08-01,16,3405,3421
13,2021-08-02,54,3606,3660
13,2021-08-03,48,3581,3629
13,2021-08-04,50,4133,4183
13,2021-08-05,49,3805,3854
13,2021-08-06,56,3885,3941
13,2021-08-07,29,3331,3360
13,2021-08-08,19,2950,2969
13,2021-08-09,39,3449,3488
13,2021-08-10,31,3656,3687
13,2021-08-11,46,3922,3968
13,2021-08-12,38,4154,4192
13,2021-08-13,52,4168,4220
13,2021-08-14,34,3969,4003
13,2021-08-15,22,3857,3879
13,2021-08-16,61,3077,3138
13,2021-08-17,59,3458,3517
13,2021-08-18,49,3382,3431
13,2021-08-19,53,4066,4119
13,2021-08-20,57,4169,4226
13,2021-08-21,27,4014,4041
13,2021-08-22,19,2808,2827
13,2021-08-23,56,4315,4371
13,2021-08-24,44,3989,4033
13,2021-08-25,60,4170,4230
13,2021-08-26,60,4159,4219
13,2021-08-27,56,4270,4326
13,2021-08-28,42,3454,3496
13,2021-08-29,27,2821,2848
13,2021-08-30,67,3889,3956
13,2021-08-31,76,4218,4294
13,2021-09-01,73,4798,4871
13,2021-09-02,62,4368,4430
13,2021-09-03,59,4685,4744
13,2021-09-04,36,4063,4099
13,2021-09-05,23,3720,3743
13,2021-09-06,57,4132,4189
13,2021-09-07,61,4350,4411
13,2021-09-08,45,4436,4481
13,2021-09-09,74,4228,4302
13,2021-09-10,82,4351,4433
13,2021-09-11,20,2143,2163
13,2021-09-12,27,3405,3432
13,2021-09-13,57,4116,4173
13,2021-09-14,61,4190,4251
13,2021-09-15,46,3008,3054
13,2021-09-16,71,4094,4165
13,2021-09-17,64,4317,4381
13,2021-09-18,36,3904,3940
13,2021-09-19,26,3624,3650
13,2021-09-20,63,4005,4068
13,2021-09-21,64,4204,4268
13,2021-09-22,51,4005,4056
13,2021-09-23,73,4376,4449
13,2021-09-24,66,4456,4522
13,2021-09-25,33,4076,4109
13,2021-09-26,34,2891,2925
13,2021-09-27,77,4136,4213
13,2021-09-28,67,4343,4410
13,2021-09-29,77,4338,4415
13,2021-09-30,64,4638,4702
13,2021-10-01,76,4752,4828
13,2021-10-02,47,3867,3914
13,2021-10-03,16,2593,2609
13,2021-10-04,71,4308,4379
13,2021-10-05,81,4674,4755
13,2021-10-06,68,4533,4601
13,2021-10-07,84,4706,4790
13,2021-10-08,71,4853,4924
13,2021-10-09,37,4012,4049
13,2021-10-10,22,3648,3670
13,2021-10-11,69,4307,4376
13,2021-10-12,78,4539,4617
13,2021-10-13,68,4426,4494
13,2021-10-14,56,4742,4798
13,2021-10-15,72,4723,4795
13,2021-10-16,38,3685,3723
13,2021-10-17,19,3672,3691
13,2021-10-18,63,4606,4669
13,2021-10-19,58,4586,4644
13,2021-10-20,61,4431,4492
13,2021-10-21,55,3569,3624
13,2021-10-22,80,4517,4597
13,2021-10-23,35,3616,3651
13,2021-10-24,27,3221,3248
13,2021-10-25,71,4157,4228
13,2021-10-26,59,4176,4235
13,2021-10-27,52,4127,4179
13,2021-10-28,75,4296,4371
13,2021-10-29,89,4595,4684
13,2021-10-30,25,2961,2986
13,2021-11-01,18,2387,2405
13,2021-11-02,57,4100,4157
13,2021-11-03,63,4234,4297
13,2021-11-04,56,4259,4315
13,2021-11-05,54,4284,4338
13,2021-11-06,26,3365,3391
13,2021-11-07,7,2309,2316
13,2021-11-08,52,4127,4179
13,2021-11-09,70,4507,4577
13,2021-11-10,57,4229,4286
13,2021-11-11,42,4469,4511
13,2021-11-12,65,4444,4509
13,2021-11-13,11,2915,2926
13,2021-11-14,13,2252,2265
13,2021-11-15,38,4148,4186
13,2021-11-16,48,4436,4484
13,2021-11-17,59,4180,4239
13,2021-11-18,73,4268,4341
13,2021-11-19,59,4326,4385
13,2021-11-20,19,3141,3160
13,2021-11-21,8,2120,2128
13,2021-11-22,45,3812,3857
13,2021-11-23,53,4021,4074
13,2021-11-24,63,3198,3261
13,2021-11-25,73,4077,4150
13,2021-11-26,68,3943,4011
13,2021-11-27,32,2964,2996
13,2021-11-28,12,2058,2070
13,2021-11-29,37,4045,4082
13,2021-11-30,51,4290,4341
13,2021-12-01,44,4453,4497
13,2021-12-02,59,4357,4416
13,2021-12-03,53,4177,4230
13,2021-12-04,18,2964,2982
13,2021-12-05,5,2175,2180
13,2021-12-06,54,4075,4129
13,2021-12-07,49,4260,4309
13,2021-12-08,44,4181,4225
13,2021-12-09,57,4267,4324
13,2021-12-10,37,4032,4069
13,2021-12-11,23,3017,3040
13,2021-12-12,8,2151,2159
13,2021-12-13,52,4039,4091
13,2021-12-14,39,4107,4146
13,2021-12-15,45,4095,4140
13,2021-12-16,57,4395,4452
13,2021-12-17,53,4304,4357
13,2021-12-18,25,3136,3161
13,2021-12-19,11,2380,2391
13,2021-12-20,47,3771,3818
13,2021-12-21,57,3890,3947
13,2021-12-22,37,3469,3506
13,2021-12-23,44,3672,3716
13,2021-12-24,10,2739,2749
13,2021-12-25,2,1181,1183
13,2021-12-26,1,1613,1614
13,2021-12-27,19,3036,3055
13,2021-12-28,25,2981,3006
13,2021-12-29,19,3050,3069
13,2021-12-30,26,3376,3402
13,2021-12-31,14,3001,3015
15,2021-01-02,17,6265,6282
15,2021-01-03,11,5579,5590
15,2021-01-04,17,8397,8414
15,2021-01-05,24,8580,8604
15,2021-01-06,39,8312,8351
15,2021-01-07,36,8691,8727
15,2021-01-08,48,8862,8910
15,2021-01-09,25,7848,7873
15,2021-01-10,7,6836,6843
15,2021-01-11,45,10154,10199
15,2021-01-12,54,9567,9621
15,2021-01-13,60,10085,10145
15,2021-01-14,58,8882,8940
15,2021-01-15,55,7489,7544
15,2021-01-16,27,6464,6491
15,2021-01-17,8,4572,4580
15,2021-01-18,49,9564,9613
15,2021-01-19,81,9751,9832
15,2021-01-20,59,9978,10037
15,2021-01-21,58,10378,10436
15,2021-01-22,57,11079,11136
15,2021-01-23,14,8763,8777
15,2021-01-24,7,7083,7090
15,2021-01-25,53,9952,10005
15,2021-01-26,84,10534,10618
15,2021-01-27,52,9745,9797
15,2021-01-28,54,11069,11123
15,2021-01-29,67,11745,11812
15,2021-01-30,11,9213,9224
15,2021-01-31,3,6349,6352
15,2021-02-01,42,8476,8518
15,2021-02-02,43,8521,8564
15,2021-02-03,77,8666,8743
15,2021-02-04,63,8615,8678
15,2021-02-05,51,9112,9163
15,2021-02-06,12,5915,5927
15,2021-02-07,7,4752,4759
15,2021-02-08,51,8564,8615
15,2021-02-09,60,8314,8374
15,2021-02-10,74,7831,7905
15,2021-02-11,68,8364,8432
15,2021-02-12,59,8840,8899
15,2021-02-13,22,6111,6133
15,2021-02-14,6,5152,5158
15,2021-02-15,79,7943,8022
15,2021-02-16,58,8717,8775
15,2021-02-17,66,8628,8694
15,2021-02-18,63,8822,8885
15,2021-02-19,60,9378,9438
15,2021-02-20,33,6631,6664
15,2021-02-21,8,5613,5621
15,2021-02-22,74,9185,9259
15,2021-02-23,95,8808,8903
15,2021-02-24,71,8921,8992
15,2021-02-25,78,9866,9944
15,2021-02-26,70,9878,9948
15,2021-02-27,28,7439,7467
15,2021-02-28,6,6092,6098
15,2021-03-01,54,8983,9037
15,2021-03-02,63,9012,9075
15,2021-03-03,71,8999,9070
15,2021-03-04,70,9188,9258
15,2021-03-05,90,9420,9510
15,2021-03-06,33,7097,7130
15,2021-03-07,10,5829,5839
15,2021-03-08,78,9068,9146
15,2021-03-09,68,9782,9850
15,2021-03-10,80,9578,9658
15,2021-03-11,78,9888,9966
15,2021-03-12,76,9863,9939
15,2021-03-13,22,6828,6850
15,2021-03-14,11,5611,5622
15,2021-03-15,54,9373,9427
15,2021-03-16,84,9808,9892
15,2021-03-17,87,9660,9747
15,2021-03-18,82,9755,9837
15,2021-03-19,119,10183,10302
15,2021-03-21,8,6189,6197
15,2021-03-22,71,9416,9487
15,2021-03-23,74,10125,10199
15,2021-03-24,90,10012,10102
15,2021-03-25,71,9747,9818
15,2021-03-26,57,10327,10384
15,2021-03-27,31,7697,7728
15,2021-03-29,62,9640,9702
15,2021-03-30,72,10466,10538
15,2021-03-31,95,11117,11212
15,2021-04-01,75,13423,13498
15,2021-04-02,55,13131,13186
15,2021-04-03,26,8785,8811
15,2021-04-04,6,4229,4235
15,2021-04-05,5,3638,3643
15,2021-04-06,73,7762,7835
15,2021-04-07,89,7485,7574
15,2021-04-08,83,7939,8022
15,2021-04-09,83,8238,8321
15,2021-04-10,9,4863,4872
15,2021-04-11,3,3214,3217
15,2021-04-12,61,7936,7997
15,2021-04-13,93,8860,8953
15,2021-04-14,98,8289,8387
15,2021-04-15,85,8720,8805
15,2021-04-16,88,8420,8508
15,2021-04-17,31,5815,5846
15,2021-04-18,4,4162,4166
15,2021-04-19,71,8209,8280
15,2021-04-20,83,9050,9133
15,2021-04-21,83,8514,8597
15,2021-04-22,96,8951,9047
15,2021-04-23,58,8845,8903
15,2021-04-24,31,6342,6373
15,2021-04-25,3,4750,4753
15,2021-04-26,75,8952,9027
15,2021-04-27,84,9002,9086
15,2021-04-28,94,9476,9570
15,2021-04-29,70,9698,9768
15,2021-04-30,89,9792,9881
15,2021-05-01,5,5052,5057
15,2021-05-02,12,5215,5227
15,2021-05-03,74,12169,12243
15,2021-05-04,96,11915,12011
15,2021-05-05,100,12270,12370
15,2021-05-06,73,11787,11860
15,2021-05-07,83,11927,12010
15,2021-05-08,54,9558,9612
15,2021-05-09,13,7522,7535
15,2021-05-10,73,10639,10712
15,2021-05-11,87,11030,11117
15,2021-05-12,79,11610,11689
15,2021-05-13,15,6994,7009
15,2021-05-14,51,9962,10013
15,2021-05-15,26,8051,8077
15,2021-05-16,8,6685,6693
15,2021-05-17,78,10445,10523
15,2021-05-18,72,11449,11521
15,2021-05-19,83,11137,11220
15,2021-05-20,64,11516,11580
15,2021-05-21,83,11849,11932
15,2021-05-22,59,10646,10705
15,2021-05-23,19,7893,7912
15,2021-05-24,12,6873,6885
15,2021-05-25,54,10692,10746
15,2021-05-26,115,11898,12013
15,2021-05-27,73,12010,12083
15,2021-05-28,71,11877,11948
15,2021-05-29,34,9384,9418
15,2021-05-30,12,8332,8344
15,2021-05-31,68,12070,12138
15,2021-06-01,75,12448,12523
15,2021-06-02,86,12730,12816
15,2021-06-03,65,12641,12706
15,2021-06-04,79,12560,12639
15,2021-06-05,35,9954,9989
15,2021-06-06,7,8454,8461
15,2021-06-07,82,11257,11339
15,2021-06-08,102,12454,12556
15,2021-06-09,86,12021,12107
15,2021-06-10,61,12609,12670
15,2021-06-11,71,12658,12729
15,2021-06-12,90,9700,9790
15,2021-06-13,24,8602,8626
15,2021-06-14,78,11655,11733
15,2021-06-15,89,12179,12268
15,2021-06-16,98,12276,12374
15,2021-06-17,80,12627,12707
15,2021-06-18,102,13775,13877
15,2021-06-19,95,10208,10303
15,2021-06-20,11,9147,9158
15,2021-06-21,59,11867,11926
15,2021-06-22,57,12687,12744
15,2021-06-23,38,8081,8119
15,2021-06-24,70,11782,11852
15,2021-06-25,73,12514,12587
15,2021-06-26,89,10897,10986
15,2021-06-27,16,9220,9236
15,2021-06-28,77,12043,12120
15,2021-06-29,82,12811,12893
15,2021-06-30,110,13279,13389
15,2021-07-01,92,14444,14536
15,2021-07-02,105,14731,14836
15,2021-07-03,81,10531,10612
15,2021-07-04,19,8824,8843
15,2021-07-05,91,12988,13079
15,2021-07-06,98,12873,12971
15,2021-07-07,66,12725,12791
15,2021-07-08,90,13151,13241
15,2021-07-09,109,13199,13308
15,2021-07-10,103,10153,10256
15,2021-07-11,10,8637,8647
15,2021-07-12,57,11577,11634
15,2021-07-13,59,11546,11605
15,2021-07-14,36,11423,11459
15,2021-07-15,63,12266,12329
15,2021-07-16,84,12666,12750
15,2021-07-17,81,9250,9331
15,2021-07-18,17,8260,8277
15,2021-07-19,47,10903,10950
15,2021-07-20,57,11181,11238
15,2021-07-21,66,11165,11231
15,2021-07-22,67,11907,11974
15,2021-07-23,88,11871,11959
15,2021-07-24,115,8960,9075
15,2021-07-25,36,8100,8136
15,2021-07-26,58,11173,11231
15,2021-07-27,88,12152,12240
15,2021-07-28,72,12636,12708
15,2021-07-29,62,11919,11981
15,2021-07-30,57,12189,12246
15,2021-07-31,20,9038,9058
15,2021-08-01,23,8448,8471
15,2021-08-02,28,9847,9875
15,2021-08-03,44,9688,9732
15,2021-08-04,37,9773,9810
15,2021-08-05,33,10326,10359
15,2021-08-06,37,10644,10681
15,2021-08-07,74,8712,8786
15,2021-08-08,23,7653,7676
15,2021-08-09,38,9239,9277
15,2021-08-10,34,9455,9489
15,2021-08-11,48,10012,10060
15,2021-08-12,44,9595,9639
15,2021-08-13,43,10085,10128
15,2021-08-14,37,8491,8528
15,2021-08-15,27,7818,7845
15,2021-08-16,43,9978,10021
15,2021-08-17,30,9365,9395
15,2021-08-18,30,9603,9633
15,2021-08-19,34,10117,10151
15,2021-08-20,29,10491,10520
15,2021-08-21,79,8816,8895
15,2021-08-22,10,7922,7932
15,2021-08-23,51,9754,9805
15,2021-08-24,69,10104,10173
15,2021-08-25,64,10516,10580
15,2021-08-26,72,11658,11730
15,2021-08-27,83,12368,12451
15,2021-08-28,35,9305,9340
15,2021-08-29,20,8240,8260
15,2021-08-30,51,11518,11569
15,2021-08-31,81,11773,11854
15,2021-09-01,104,13379,13483
15,2021-09-02,93,12508,12601
15,2021-09-03,89,13150,13239
15,2021-09-04,25,10186,10211
15,2021-09-05,14,9156,9170
15,2021-09-06,65,12664,12729
15,2021-09-07,107,12912,13019
15,2021-09-08,72,12583,12655
15,2021-09-09,95,13374,13469
15,2021-09-10,101,12950,13051
15,2021-09-11,30,10456,10486
15,2021-09-12,13,8698,8711
15,2021-09-13,92,12409,12501
15,2021-09-14,103,12290,12393
15,2021-09-15,74,12569,12643
15,2021-09-16,99,12999,13098
15,2021-09-17,89,12008,12097
15,2021-09-18,31,10273,10304
15,2021-09-19,21,8939,8960
15,2021-09-20,61,11977,12038
15,2021-09-21,78,12559,12637
15,2021-09-22,100,12355,12455
15,2021-09-23,82,12797,12879
15,2021-09-24,86,13117,13203
15,2021-09-25,48,10090,10138
15,2021-09-26,13,8594,8607
15,2021-09-27,76,12281,12357
15,2021-09-28,77,12689,12766
15,2021-09-29,87,13109,13196
15,2021-09-30,104,12942,13046
15,2021-10-01,94,13095,13189
15,2021-10-02,41,10739,10780
15,2021-10-03,6,8616,8622
15,2021-10-04,102,12194,12296
15,2021-10-05,87,13094,13181
15,2021-10-06,105,12756,12861
15,2021-10-07,91,13103,13194
15,2021-10-08,72,13593,13665
15,2021-10-09,48,11249,11297
15,2021-10-10,20,9141,9161
15,2021-10-11,81,11806,11887
15,2021-10-12,81,12282,12363
15,2021-10-13,83,12470,12553
15,2021-10-14,89,12880,12969
15,2021-10-15,100,13244,13344
15,2021-10-16,27,10138,10165
15,2021-10-17,24,8869,8893
15,2021-10-18,76,11730,11806
15,2021-10-19,78,12346,12424
15,2021-10-20,73,11997,12070
15,2021-10-21,69,12199,12268
15,2021-10-22,82,12340,12422
15,2021-10-23,28,9864,9892
15,2021-10-24,17,8376,8393
15,2021-10-25,62,11340,11402
15,2021-10-26,91,11830,11921
15,2021-10-27,108,12070,12178
15,2021-10-28,76,12532,12608
15,2021-10-29,80,12915,12995
15,2021-10-30,37,9404,9441
15,2021-11-01,20,7454,7474
15,2021-11-02,67,12152,12219
15,2021-11-03,88,11769,11857
15,2021-11-04,73,12318,12391
15,2021-11-05,89,12191,12280
15,2021-11-06,39,9663,9702
15,2021-11-07,12,8134,8146
15,2021-11-08,78,11405,11483
15,2021-11-09,107,11900,12007
15,2021-11-10,107,12077,12184
15,2021-11-11,53,13438,13491
15,2021-11-12,77,12527,12604
15,2021-11-13,12,9030,9042
15,2021-11-14,15,7729,7744
15,2021-11-15,69,11424,11493
15,2021-11-16,91,11656,11747
15,2021-11-17,83,12039,12122
15,2021-11-18,83,12120,12203
15,2021-11-19,77,12289,12366
15,2021-11-20,29,9136,9165
15,2021-11-21,8,7689,7697
15,2021-11-22,95,10981,11076
15,2021-11-23,89,11808,11897
15,2021-11-24,95,11724,11819
15,2021-11-25,93,11916,12009
15,2021-11-26,75,12305,12380
15,2021-11-27,19,9326,9345
15,2021-11-28,14,7548,7562
15,2021-11-29,91,11004,11095
15,2021-11-30,85,11680,11765
15,2021-12-01,78,12019,12097
15,2021-12-02,92,12493,12585
15,2021-12-03,102,12587,12689
15,2021-12-04,24,9491,9515
15,2021-12-05,21,8164,8185
15,2021-12-06,118,11464,11582
15,2021-12-07,97,12081,12178
15,2021-12-08,111,11521,11632
15,2021-12-09,94,12145,12239
15,2021-12-10,89,10148,10237
15,2021-12-11,19,9412,9431
15,2021-12-12,12,7791,7803
15,2021-12-13,180,11319,11499
15,2021-12-14,186,11521,11707
15,2021-12-15,203,11853,12056
15,2021-12-16,169,12003,12172
15,2021-12-17,152,11694,11846
15,2021-12-18,59,9205,9264
15,2021-12-19,6,7955,7961
15,2021-12-20,123,10189,10312
15,2021-12-21,135,10962,11097
15,2021-12-22,128,10368,10496
15,2021-12-23,112,10604,10716
15,2021-12-24,80,8739,8819
15,2021-12-25,5,4083,4088
15,2021-12-26,9,5997,6006
15,2021-12-27,87,8610,8697
15,2021-12-28,92,9181,9273
15,2021-12-29,98,9047,9145
15,2021-12-30,91,9420,9511
15,2021-12-31,103,8604,8707
16,2021-01-01,15,4151,4166
16,2021-01-02,63,7161,7224
16,2021-01-03,13,5409,5422
16,2021-01-04,130,9710,9840
16,2021-01-05,146,10307,10453
16,2021-01-06,138,9832,9970
16,2021-01-07,153,10091,10244
16,2021-01-08,131,11040,11171
16,2021-01-09,74,9251,9325
16,2021-01-10,22,6979,7001
16,2021-01-11,157,11947,12104
16,2021-01-12,123,10425,10548
16,2021-01-13,145,11742,11887
16,2021-01-14,137,9646,9783
16,2021-01-15,130,10289,10419
16,2021-01-16,71,8760,8831
16,2021-01-17,18,5201,5219
16,2021-01-18,142,11572,11714
16,2021-01-19,133,11345,11478
16,2021-01-20,174,12019,12193
16,2021-01-21,142,11514,11656
16,2021-01-22,132,12393,12525
16,2021-01-23,61,10434,10495
16,2021-01-24,39,6742,6781
16,2021-01-25,151,11558,11709
16,2021-01-26,184,12027,12211
16,2021-01-27,122,10059,10181
16,2021-01-28,134,11692,11826
16,2021-01-29,135,12936,13071
16,2021-01-30,69,11121,11190
16,2021-01-31,18,6573,6591
16,2021-02-01,130,10590,10720
16,2021-02-02,137,10864,11001
16,2021-02-03,136,10417,10553
16,2021-02-04,176,11039,11215
16,2021-02-05,176,12075,12251
16,2021-02-06,61,8411,8472
16,2021-02-07,18,5470,5488
16,2021-02-08,164,10603,10767
16,2021-02-09,165,10614,10779
16,2021-02-10,167,10626,10793
16,2021-02-11,173,10966,11139
16,2021-02-12,169,11723,11892
16,2021-02-13,100,9059,9159
16,2021-02-14,19,6260,6279
16,2021-02-15,167,10786,10953
16,2021-02-16,163,11330,11493
16,2021-02-17,151,10823,10974
16,2021-02-18,177,11434,11611
16,2021-02-19,174,12029,12203
16,2021-02-20,90,9983,10073
16,2021-02-21,25,7287,7312
16,2021-02-22,191,11451,11642
16,2021-02-23,215,12013,12228
16,2021-02-24,197,12020,12217
16,2021-02-25,195,12422,12617
16,2021-02-26,179,12486,12665
16,2021-02-27,100,10129,10229
16,2021-02-28,34,7438,7472
16,2021-03-01,210,11875,12085
16,2021-03-02,182,12046,12228
16,2021-03-03,197,11872,12069
16,2021-03-04,190,11697,11887
16,2021-03-05,192,12270,12462
16,2021-03-06,104,10277,10381
16,2021-03-07,23,7150,7173
16,2021-03-08,203,11881,12084
16,2021-03-09,213,12169,12382
16,2021-03-10,205,12109,12314
16,2021-03-11,163,11654,11817
16,2021-03-12,175,12618,12793
16,2021-03-13,84,9202,9286
16,2021-03-14,20,6531,6551
16,2021-03-15,151,11910,12061
16,2021-03-16,165,11827,11992
16,2021-03-17,153,12139,12292
16,2021-03-18,201,12261,12462
16,2021-03-19,179,12730,12909
16,2021-03-20,114,10492,10606
16,2021-03-21,19,7217,7236
16,2021-03-22,189,12190,12379
16,2021-03-23,206,12680,12886
16,2021-03-24,190,12611,12801
16,2021-03-25,212,12540,12752
16,2021-03-26,202,13526,13728
16,2021-03-27,84,10442,10526
16,2021-03-29,178,12540,12718
16,2021-03-30,196,12984,13180
16,2021-03-31,222,13353,13575
16,2021-04-01,192,14063,14255
16,2021-04-02,197,14775,14972
16,2021-04-03,109,11468,11577
16,2021-04-04,19,6325,6344
16,2021-04-05,22,5448,5470
16,2021-04-06,220,11105,11325
16,2021-04-07,220,11008,11228
16,2021-04-08,218,11012,11230
16,2021-04-09,234,11864,12098
16,2021-04-10,65,8184,8249
16,2021-04-11,3,5209,5212
16,2021-04-15,196,11513,11709
16,2021-04-16,226,12070,12296
16,2021-04-17,108,9830,9938
16,2021-04-18,21,6301,6322
16,2021-04-19,197,11714,11911
16,2021-04-20,207,12236,12443
16,2021-04-21,247,12188,12435
16,2021-04-22,229,12414,12643
16,2021-04-23,230,12913,13143
16,2021-04-24,115,10503,10618
16,2021-04-25,25,7294,7319
16,2021-04-26,212,12207,12419
16,2021-04-27,202,12579,12781
16,2021-04-28,204,12486,12690
16,2021-04-29,247,12361,12608
16,2021-04-30,215,13959,14174
16,2021-05-01,41,8618,8659
16,2021-05-02,17,7451,7468
16,2021-05-03,213,13633,13846
16,2021-05-04,170,13013,13183
16,2021-05-05,195,13452,13647
16,2021-05-06,156,12984,13140
16,2021-05-07,213,13845,14058
16,2021-05-08,104,12599,12703
16,2021-05-09,20,9022,9042
16,2021-05-10,181,12502,12683
16,2021-05-11,199,12895,13094
16,2021-05-12,198,14057,14255
16,2021-05-13,50,8826,8876
16,2021-05-14,174,13659,13833
16,2021-05-15,82,11139,11221
16,2021-05-16,33,7874,7907
16,2021-05-17,175,12785,12960
16,2021-05-18,178,13164,13342
16,2021-05-19,218,12928,13146
16,2021-05-20,217,13495,13712
16,2021-05-21,213,14111,14324
16,2021-05-22,84,12497,12581
16,2021-05-23,27,8689,8716
16,2021-05-24,25,7581,7606
16,2021-05-25,176,12511,12687
16,2021-05-26,155,12518,12673
16,2021-05-27,190,13534,13724
16,2021-05-28,192,14300,14492
16,2021-05-29,115,12861,12976
16,2021-05-30,46,10300,10346
16,2021-05-31,198,13243,13441
16,2021-06-01,221,14033,14254
16,2021-06-02,213,13516,13729
16,2021-06-03,206,13040,13246
16,2021-06-04,182,14118,14300
16,2021-06-05,80,12935,13015
16,2021-06-06,31,9585,9616
16,2021-06-07,191,12982,13173
16,2021-06-08,197,13825,14022
16,2021-06-09,190,14072,14262
16,2021-06-10,201,14149,14350
16,2021-06-11,192,15189,15381
16,2021-06-12,96,13148,13244
16,2021-06-13,29,10463,10492
16,2021-06-14,190,13895,14085
16,2021-06-15,196,14421,14617
16,2021-06-16,204,14326,14530
16,2021-06-17,198,14202,14400
16,2021-06-18,189,15182,15371
16,2021-06-19,128,13701,13829
16,2021-06-20,26,10805,10831
16,2021-06-21,205,13792,13997
16,2021-06-22,208,14034,14242
16,2021-06-23,62,10630,10692
16,2021-06-24,221,13466,13687
16,2021-06-25,190,14673,14863
16,2021-06-26,104,13321,13425
16,2021-06-27,37,10305,10342
16,2021-06-28,217,13801,14018
16,2021-06-29,202,13706,13908
16,2021-06-30,193,13725,13918
16,2021-07-01,199,14480,14679
16,2021-07-02,209,15533,15742
16,2021-07-03,115,13678,13793
16,2021-07-04,39,9697,9736
16,2021-07-05,173,12946,13119
16,2021-07-06,163,13694,13857
16,2021-07-07,213,13955,14168
16,2021-07-08,224,13611,13835
16,2021-07-09,213,14830,15043
16,2021-07-10,104,12981,13085
16,2021-07-11,29,9796,9825
16,2021-07-12,192,13565,13757
16,2021-07-13,130,11619,11749
16,2021-07-14,133,11169,11302
16,2021-07-15,178,12855,13033
16,2021-07-16,208,14152,14360
16,2021-07-17,111,12064,12175
16,2021-07-18,23,9765,9788
16,2021-07-19,189,12605,12794
16,2021-07-20,183,13064,13247
16,2021-07-21,184,12650,12834
16,2021-07-22,220,12443,12663
16,2021-07-23,201,13334,13535
16,2021-07-24,89,11024,11113
16,2021-07-25,28,9046,9074
16,2021-07-26,186,12165,12351
16,2021-07-27,212,12635,12847
16,2021-07-28,204,13095,13299
16,2021-07-29,173,13138,13311
16,2021-07-30,168,13423,13591
16,2021-07-31,107,11162,11269
16,2021-08-01,41,8569,8610
16,2021-08-02,153,10561,10714
16,2021-08-03,132,10329,10461
16,2021-08-04,163,11000,11163
16,2021-08-05,169,11312,11481
16,2021-08-06,152,11716,11868
16,2021-08-07,80,10201,10281
16,2021-08-08,25,7514,7539
16,2021-08-09,145,10412,10557
16,2021-08-10,167,10206,10373
16,2021-08-11,150,10328,10478
16,2021-08-12,139,10464,10603
16,2021-08-13,153,11508,11661
16,2021-08-14,69,9798,9867
16,2021-08-15,22,7962,7984
16,2021-08-16,150,10242,10392
16,2021-08-17,150,10314,10464
16,2021-08-18,165,10537,10702
16,2021-08-19,163,10650,10813
16,2021-08-20,170,11664,11834
16,2021-08-21,70,10508,10578
16,2021-08-22,32,8184,8216
16,2021-08-23,141,11685,11826
16,2021-08-24,176,12102,12278
16,2021-08-25,178,12054,12232
16,2021-08-26,201,12420,12621
16,2021-08-27,202,13342,13544
16,2021-08-28,89,11774,11863
16,2021-08-29,29,9099,9128
16,2021-08-30,177,12392,12569
16,2021-08-31,213,12836,13049
16,2021-09-01,216,12765,12981
16,2021-09-02,206,12244,12450
16,2021-09-03,215,13729,13944
16,2021-09-04,108,12751,12859
16,2021-09-05,32,9895,9927
16,2021-09-06,204,12914,13118
16,2021-09-07,231,13674,13905
16,2021-09-08,205,13107,13312
16,2021-09-09,232,13258,13490
16,2021-09-10,234,14127,14361
16,2021-09-11,125,13462,13587
16,2021-09-12,39,10431,10470
16,2021-09-13,215,12869,13084
16,2021-09-14,222,13210,13432
16,2021-09-15,187,12816,13003
16,2021-09-16,236,13580,13816
16,2021-09-17,235,14925,15160
16,2021-09-18,111,12812,12923
16,2021-09-19,21,10051,10072
16,2021-09-20,215,12764,12979
16,2021-09-21,227,13211,13438
16,2021-09-22,218,13265,13483
16,2021-09-23,206,13282,13488
16,2021-09-24,218,14313,14531
16,2021-09-25,107,13137,13244
16,2021-09-26,51,7714,7765
16,2021-09-27,219,12896,13115
16,2021-09-28,225,13657,13882
16,2021-09-29,230,13219,13449
16,2021-09-30,232,13331,13563
16,2021-10-01,232,14683,14915
16,2021-10-02,102,13094,13196
16,2021-10-03,51,8779,8830
16,2021-10-04,214,13591,13805
16,2021-10-05,225,13338,13563
16,2021-10-06,192,13653,13845
16,2021-10-07,277,14018,14295
16,2021-10-08,256,14663,14919
16,2021-10-09,131,13874,14005
16,2021-10-10,36,10197,10233
16,2021-10-11,233,13450,13683
16,2021-10-12,243,13694,13937
16,2021-10-13,220,13514,13734
16,2021-10-14,228,14019,14247
16,2021-10-15,245,14774,15019
16,2021-10-16,135,12839,12974
16,2021-10-17,53,9427,9480
16,2021-10-18,231,13180,13411
16,2021-10-19,176,13949,14125
16,2021-10-20,198,13730,13928
16,2021-10-21,176,12789,12965
16,2021-10-22,194,14675,14869
16,2021-10-23,290,11898,12188
16,2021-10-24,150,9286,9436
16,2021-10-25,328,12223,12551
16,2021-10-26,165,13746,13911
16,2021-10-27,217,13857,14074
16,2021-10-28,207,14197,14404
16,2021-10-29,220,15119,15339
16,2021-10-30,70,11736,11806
16,2021-11-01,34,9051,9085
16,2021-11-02,174,13181,13355
16,2021-11-03,171,12985,13156
16,2021-11-04,211,13459,13670
16,2021-11-05,81,4042,4123
16,2021-11-06,13,785,798
16,2021-11-07,0,713,713
16,2021-11-08,172,10514,10686
16,2021-11-09,198,12691,12889
16,2021-11-10,155,10459,10614
16,2021-11-11,194,13737,13931
16,2021-11-12,194,14113,14307
16,2021-11-13,74,11750,11824
16,2021-11-14,36,8809,8845
16,2021-11-15,267,11912,12179
16,2021-11-16,186,12122,12308
16,2021-11-17,192,12143,12335
16,2021-11-18,208,12295,12503
16,2021-11-19,214,14498,14712
16,2021-11-20,105,12646,12751
16,2021-11-21,20,8640,8660
16,2021-11-22,194,12499,12693
16,2021-11-23,219,13344,13563
16,2021-11-24,209,13215,13424
16,2021-11-25,212,12365,12577
16,2021-11-26,181,13433,13614
16,2021-11-27,75,11602,11677
16,2021-11-28,18,8545,8563
16,2021-11-29,179,12418,12597
16,2021-11-30,122,11372,11494
16,2021-12-01,135,12198,12333
16,2021-12-02,178,13229,13407
16,2021-12-03,189,13886,14075
16,2021-12-04,78,11984,12062
16,2021-12-05,27,8683,8710
16,2021-12-06,184,12862,13046
16,2021-12-07,194,13452,13646
16,2021-12-08,211,13076,13287
16,2021-12-09,183,13189,13372
16,2021-12-10,144,12815,12959
16,2021-12-11,94,12424,12518
16,2021-12-12,25,8879,8904
16,2021-12-13,172,12870,13042
16,2021-12-14,181,13491,13672
16,2021-12-15,243,13693,13936
16,2021-12-16,218,13836,14054
16,2021-12-17,198,14557,14755
16,2021-12-18,82,11781,11863
16,2021-12-19,26,8696,8722
16,2021-12-20,176,12273,12449
16,2021-12-21,172,12581,12753
16,2021-12-22,176,12682,12858
16,2021-12-23,157,12618,12775
16,2021-12-24,107,10870,10977
16,2021-12-25,11,5921,5932
16,2021-12-26,11,6592,6603
16,2021-12-27,118,9908,10026
16,2021-12-28,110,10096,10206
16,2021-12-29,126,10096,10222
16,2021-12-30,116,10553,10669
16,2021-12-31,127,11042,11169
18,2021-01-01,54,3563,3617
18,2021-01-02,219,7484,7703
18,2021-01-03,148,5138,5286
18,2021-01-04,1223,8117,9340
18,2021-01-05,1468,8155,9623
18,2021-01-06,1453,7992,9445
18,2021-01-07,1468,7654,9122
18,2021-01-08,1473,8795,10268
18,2021-01-09,821,9285,10106
18,2021-01-10,221,5858,6079
18,2021-01-11,1573,8390,9963
18,2021-01-12,1507,7745,9252
18,2021-01-13,1872,8587,10459
18,2021-01-14,1364,6868,8232
18,2021-01-15,1547,8705,10252
18,2021-01-16,940,8646,9586
18,2021-01-17,222,5075,5297
18,2021-01-18,1629,8726,10355
18,2021-01-19,1780,8163,9943
18,2021-01-20,1875,9024,10899
18,2021-01-21,1905,8568,10473
18,2021-01-22,1767,9980,11747
18,2021-01-23,960,10547,11507
18,2021-01-24,207,6163,6370
18,2021-01-25,1713,8793,10506
18,2021-01-26,1918,9676,11594
18,2021-01-27,1733,7021,8754
18,2021-01-28,1656,7600,9256
18,2021-01-29,1801,9000,10801
18,2021-01-30,927,8933,9860
18,2021-01-31,216,4894,5110
18,2021-02-01,1581,7637,9218
18,2021-02-02,1792,7462,9254
18,2021-02-03,1803,7091,8894
18,2021-02-04,1958,8147,10105
18,2021-02-05,1729,9133,10862
18,2021-02-06,965,7592,8557
18,2021-02-07,179,4780,4959
18,2021-02-08,1678,7786,9464
18,2021-02-09,1909,7880,9789
18,2021-02-10,1897,7848,9745
18,2021-02-11,1909,8406,10315
18,2021-02-12,1766,9220,10986
18,2021-02-13,944,8475,9419
18,2021-02-14,207,5548,5755
18,2021-02-15,1727,7372,9099
18,2021-02-16,1855,7784,9639
18,2021-02-17,2002,7887,9889
18,2021-02-18,1804,7899,9703
18,2021-02-19,1855,9037,10892
18,2021-02-20,945,8273,9218
18,2021-02-21,197,5872,6069
18,2021-02-22,1683,7925,9608
18,2021-02-23,1880,8105,9985
18,2021-02-24,2023,8082,10105
18,2021-02-25,1972,8663,10635
18,2021-02-26,1812,8937,10749
18,2021-02-27,893,8867,9760
18,2021-02-28,230,6048,6278
18,2021-03-01,1783,8604,10387
18,2021-03-02,1844,8037,9881
18,2021-03-03,1895,8654,10549
18,2021-03-04,1816,8442,10258
18,2021-03-05,1811,9259,11070
18,2021-03-06,1009,10431,11440
18,2021-03-07,198,6248,6446
18,2021-03-08,1758,8575,10333
18,2021-03-09,1868,7622,9490
18,2021-03-10,2022,8034,10056
18,2021-03-11,1772,8068,9840
18,2021-03-12,1925,9568,11493
18,2021-03-13,921,7639,8560
18,2021-03-14,201,5524,5725
18,2021-03-15,1692,8406,10098
18,2021-03-16,1924,8016,9940
18,2021-03-17,1876,8203,10079
18,2021-03-18,1930,8545,10475
18,2021-03-19,1800,9610,11410
18,2021-03-20,958,9113,10071
18,2021-03-21,168,5807,5975
18,2021-03-22,1692,8336,10028
18,2021-03-23,1896,8752,10648
18,2021-03-24,1972,8277,10249
18,2021-03-25,1998,9066,11064
18,2021-03-26,1926,10211,12137
18,2021-03-27,863,8226,9089
18,2021-03-29,1694,8256,9950
18,2021-03-30,1828,9091,10919
18,2021-03-31,1921,9291,11212
18,2021-04-01,1727,9535,11262
18,2021-04-02,1641,11422,13063
18,2021-04-03,793,9326,10119
18,2021-04-04,124,5303,5427
18,2021-04-05,259,4722,4981
18,2021-04-06,1661,8095,9756
18,2021-04-07,1981,7930,9911
18,2021-04-08,2012,8229,10241
18,2021-04-09,1930,9093,11023
18,2021-04-10,968,7172,8140
18,2021-04-11,173,4631,4804
18,2021-04-12,1901,9323,11224
18,2021-04-13,2003,8885,10888
18,2021-04-14,2205,9126,11331
18,2021-04-15,1889,8584,10473
18,2021-04-16,1844,9154,10998
18,2021-04-17,977,8167,9144
18,2021-04-18,206,5503,5709
18,2021-04-19,1765,8460,10225
18,2021-04-20,1983,8602,10585
18,2021-04-21,2030,8736,10766
18,2021-04-22,1802,8774,10576
18,2021-04-23,1817,10075,11892
18,2021-04-24,952,9338,10290
18,2021-04-25,180,6586,6766
18,2021-04-26,1580,8901,10481
18,2021-04-27,1822,8978,10800
18,2021-04-28,1884,9119,11003
18,2021-04-29,1911,9549,11460
18,2021-04-30,1690,11021,12711
18,2021-05-01,477,7980,8457
18,2021-05-02,191,6744,6935
18,2021-05-03,1847,9697,11544
18,2021-05-04,1848,8925,10773
18,2021-05-05,1954,9490,11444
18,2021-05-06,1730,9456,11186
18,2021-05-07,1736,10942,12678
18,2021-05-08,723,11074,11797
18,2021-05-09,180,7582,7762
18,2021-05-10,1742,9549,11291
18,2021-05-11,1860,9501,11361
18,2021-05-12,1732,11353,13085
18,2021-05-13,576,7781,8357
18,2021-05-14,1311,10384,11695
18,2021-05-15,962,9559,10521
18,2021-05-16,159,7030,7189
18,2021-05-17,1618,9025,10643
18,2021-05-18,1864,9263,11127
18,2021-05-19,1964,10121,12085
18,2021-05-20,1873,10508,12381
18,2021-05-21,1805,12114,13919
18,2021-05-22,1130,10743,11873
18,2021-05-23,162,7333,7495
18,2021-05-24,368,7099,7467
18,2021-05-25,1623,9843,11466
18,2021-05-26,2021,8951,10972
18,2021-05-27,1898,10033,11931
18,2021-05-28,1753,11305,13058
18,2021-05-29,996,13162,14158
18,2021-05-30,140,8577,8717
18,2021-05-31,1770,10131,11901
18,2021-06-01,1799,10630,12429
18,2021-06-02,1968,10371,12339
18,2021-06-03,1880,10508,12388
18,2021-06-04,1586,9998,11584
18,2021-06-05,954,11624,12578
18,2021-06-06,183,7868,8051
18,2021-06-07,1635,10176,11811
18,2021-06-08,1823,10391,12214
18,2021-06-09,1880,10666,12546
18,2021-06-10,1769,10704,12473
18,2021-06-11,1729,12320,14049
18,2021-06-12,900,11983,12883
18,2021-06-13,194,8418,8612
18,2021-06-14,1667,10788,12455
18,2021-06-15,1920,10944,12864
18,2021-06-16,2030,10673,12703
18,2021-06-17,1905,11289,13194
18,2021-06-18,1781,12536,14317
18,2021-06-19,874,11631,12505
18,2021-06-20,163,7958,8121
18,2021-06-21,1636,10619,12255
18,2021-06-22,1744,10421,12165
18,2021-06-23,1711,10591,12302
18,2021-06-24,1834,10710,12544
18,2021-06-25,1776,12608,14384
18,2021-06-26,980,11754,12734
18,2021-06-27,182,8484,8666
18,2021-06-28,1658,10739,12397
18,2021-06-29,1765,10777,12542
18,2021-06-30,1867,10824,12691
18,2021-07-01,1811,11591,13402
18,2021-07-02,1650,12448,14098
18,2021-07-03,860,11995,12855
18,2021-07-04,153,8520,8673
18,2021-07-05,1599,10569,12168
18,2021-07-06,1742,10557,12299
18,2021-07-07,1911,11025,12936
18,2021-07-08,1790,11015,12805
18,2021-07-09,1817,12301,14118
18,2021-07-10,842,12007,12849
18,2021-07-11,190,8547,8737
18,2021-07-12,1582,10450,12032
18,2021-07-13,1533,7794,9327
18,2021-07-14,1188,8325,9513
18,2021-07-15,1721,11476,13197
18,2021-07-16,1838,12305,14143
18,2021-07-17,857,11505,12362
18,2021-07-18,178,8597,8775
18,2021-07-19,1554,10602,12156
18,2021-07-20,1798,10545,12343
18,2021-07-21,1682,10552,12234
18,2021-07-22,1604,10745,12349
18,2021-07-23,1679,11978,13657
18,2021-07-24,749,10767,11516
18,2021-07-25,190,7931,8121
18,2021-07-26,1609,9979,11588
18,2021-07-27,1802,9192,10994
18,2021-07-28,1768,10839,12607
18,2021-07-29,1690,11064,12754
18,2021-07-30,1562,11541,13103
18,2021-07-31,656,11243,11899
18,2021-08-01,171,8238,8409
18,2021-08-02,1507,10310,11817
18,2021-08-03,1573,10652,12225
18,2021-08-04,1508,9243,10751
18,2021-08-05,1492,10109,11601
18,2021-08-06,1393,10996,12389
18,2021-08-07,515,10234,10749
18,2021-08-08,187,7268,7455
18,2021-08-09,1346,9362,10708
18,2021-08-10,1406,9467,10873
18,2021-08-11,1435,9091,10526
18,2021-08-12,1398,9683,11081
18,2021-08-13,1369,11079,12448
18,2021-08-14,513,10279,10792
18,2021-08-15,168,8178,8346
18,2021-08-16,1198,8947,10145
18,2021-08-17,1356,9272,10628
18,2021-08-18,1404,9155,10559
18,2021-08-19,1433,9754,11187
18,2021-08-20,1412,11157,12569
18,2021-08-21,592,10237,10829
18,2021-08-22,177,7883,8060
18,2021-08-23,1306,9627,10933
18,2021-08-24,1438,9901,11339
18,2021-08-25,1511,10359,11870
18,2021-08-26,1486,10643,12129
18,2021-08-27,1429,11986,13415
18,2021-08-28,766,11350,12116
18,2021-08-29,194,7814,8008
18,2021-08-30,1447,10805,12252
18,2021-08-31,1429,10737,12166
18,2021-09-01,1506,11261,12767
18,2021-09-02,1628,11114,12742
18,2021-09-03,1530,12536,14066
18,2021-09-04,788,11867,12655
18,2021-09-05,213,8939,9152
18,2021-09-06,1509,10831,12340
18,2021-09-07,1708,10596,12304
18,2021-09-08,1603,10287,11890
18,2021-09-09,1618,10695,12313
18,2021-09-10,1525,12125,13650
18,2021-09-11,850,12150,13000
18,2021-09-12,178,8897,9075
18,2021-09-13,1532,10572,12104
18,2021-09-14,1835,10566,12401
18,2021-09-15,1789,10391,12180
18,2021-09-16,1836,10796,12632
18,2021-09-17,1630,11928,13558
18,2021-09-18,858,12200,13058
18,2021-09-19,172,8548,8720
18,2021-09-20,1541,10210,11751
18,2021-09-21,1618,10291,11909
18,2021-09-22,1874,10552,12426
18,2021-09-23,1797,11067,12864
18,2021-09-24,1614,12151,13765
18,2021-09-25,794,12298,13092
18,2021-09-26,187,8233,8420
18,2021-09-27,1532,10288,11820
18,2021-09-28,1700,10724,12424
18,2021-09-29,1756,10648,12404
18,2021-09-30,1840,11504,13344
18,2021-10-01,1678,12874,14552
18,2021-10-02,855,12549,13404
18,2021-10-03,142,7644,7786
18,2021-10-04,1602,10813,12415
18,2021-10-05,1726,10264,11990
18,2021-10-06,1759,9993,11752
18,2021-10-07,1827,11097,12924
18,2021-10-08,1660,12992,14652
18,2021-10-09,891,12946,13837
18,2021-10-10,198,9007,9205
18,2021-10-11,1688,10539,12227
18,2021-10-12,1755,10648,12403
18,2021-10-13,1851,10875,12726
18,2021-10-14,1728,11099,12827
18,2021-10-15,1748,12127,13875
18,2021-10-16,876,12329,13205
18,2021-10-17,228,8722,8950
18,2021-10-18,1595,10586,12181
18,2021-10-19,1764,10492,12256
18,2021-10-20,1801,10083,11884
18,2021-10-21,1775,9930,11705
18,2021-10-22,1839,12433,14272
18,2021-10-23,891,12725,13616
18,2021-10-24,215,8912,9127
18,2021-10-25,1457,9997,11454
18,2021-10-26,1870,11220,13090
18,2021-10-27,1907,12184,14091
18,2021-10-28,1799,11515,13314
18,2021-10-29,1510,11688,13198
18,2021-10-30,857,11764,12621
18,2021-11-01,421,8743,9164
18,2021-11-02,1669,10358,12027
18,2021-11-03,1689,10201,11890
18,2021-11-04,1751,10944,12695
18,2021-11-05,1767,12479,14246
18,2021-11-06,928,11574,12502
18,2021-11-07,183,8016,8199
18,2021-11-08,1492,10023,11515
18,2021-11-09,1791,10532,12323
18,2021-11-10,1721,10880,12601
18,2021-11-11,955,10712,11667
18,2021-11-12,1484,12175,13659
18,2021-11-13,789,10963,11752
18,2021-11-14,170,7807,7977
18,2021-11-15,1550,9694,11244
18,2021-11-16,1812,10052,11864
18,2021-11-17,1842,9570,11412
18,2021-11-18,1791,10273,12064
18,2021-11-19,1619,11836,13455
18,2021-11-20,930,12174,13104
18,2021-11-21,170,7311,7481
18,2021-11-22,1651,10176,11827
18,2021-11-23,1704,9460,11164
18,2021-11-24,1942,10321,12263
18,2021-11-25,1850,10821,12671
18,2021-11-26,1733,10916,12649
18,2021-11-27,839,11487,12326
18,2021-11-28,153,8207,8360
18,2021-11-29,1745,10252,11997
18,2021-11-30,1694,9060,10754
18,2021-12-01,1747,8834,10581
18,2021-12-02,1841,10487,12328
18,2021-12-03,1750,11941,13691
18,2021-12-04,858,11363,12221
18,2021-12-05,182,7646,7828
18,2021-12-06,1669,10348,12017
18,2021-12-07,1909,10511,12420
18,2021-12-08,1954,10328,12282
18,2021-12-09,1753,9753,11506
18,2021-12-10,1618,10623,12241
18,2021-12-11,893,11699,12592
18,2021-12-12,194,7744,7938
18,2021-12-13,1588,10561,12149
18,2021-12-14,1649,9808,11457
18,2021-12-15,1876,11054,12930
18,2021-12-16,1703,11228,12931
18,2021-12-17,1535,12501,14036
18,2021-12-18,795,12034,12829
18,2021-12-19,169,8326,8495
18,2021-12-20,1370,11674,13044
18,2021-12-21,1444,11275,12719
18,2021-12-22,1342,12200,13542
18,2021-12-23,1130,13097,14227
18,2021-12-24,682,10400,11082
18,2021-12-25,57,5714,5771
18,2021-12-26,97,7120,7217
18,2021-12-27,763,9511,10274
18,2021-12-28,870,10674,11544
18,2021-12-29,796,9235,10031
18,2021-12-30,753,10226,10979
18,2021-12-31,502,11238,11740
19,2021-01-01,39,6288,6327
19,2021-01-02,136,11082,11218
19,2021-01-03,69,8620,8689
19,2021-01-04,404,11371,11775
19,2021-01-05,505,11868,12373
19,2021-01-06,465,11362,11827
19,2021-01-07,538,11648,12186
19,2021-01-08,448,12345,12793
19,2021-01-09,245,12781,13026
19,2021-01-10,114,10006,10120
19,2021-01-11,568,12404,12972
19,2021-01-12,526,11410,11936
19,2021-01-13,621,12014,12635
19,2021-01-14,528,9586,10114
19,2021-01-15,526,11551,12077
19,2021-01-16,336,11945,12281
19,2021-01-17,111,8476,8587
19,2021-01-18,573,12425,12998
19,2021-01-19,594,11458,12052
19,2021-01-20,614,12365,12979
19,2021-01-21,608,12237,12845
19,2021-01-22,615,13414,14029
19,2021-01-23,349,13148,13497
19,2021-01-24,102,10374,10476
19,2021-01-25,653,11877,12530
19,2021-01-26,660,12434,13094
19,2021-01-27,619,11573,12192
19,2021-01-28,558,13144,13702
19,2021-01-29,586,14315,14901
19,2021-01-30,309,14130,14439
19,2021-01-31,96,10394,10490
19,2021-02-01,649,11995,12644
19,2021-02-02,726,11645,12371
19,2021-02-03,599,11605,12204
19,2021-02-04,708,12512,13220
19,2021-02-05,624,13918,14542
19,2021-02-06,352,12705,13057
19,2021-02-07,67,10013,10080
19,2021-02-08,631,11940,12571
19,2021-02-09,670,11604,12274
19,2021-02-10,772,12242,13014
19,2021-02-11,648,12305,12953
19,2021-02-12,717,13838,14555
19,2021-02-13,387,13886,14273
19,2021-02-14,93,11313,11406
19,2021-02-15,655,12604,13259
19,2021-02-16,649,12292,12941
19,2021-02-17,683,11989,12672
19,2021-02-18,691,12829,13520
19,2021-02-19,704,14157,14861
19,2021-02-20,315,14226,14541
19,2021-02-21,90,11833,11923
19,2021-02-22,587,12441,13028
19,2021-02-23,714,12550,13264
19,2021-02-24,672,12910,13582
19,2021-02-25,696,13329,14025
19,2021-02-26,672,14395,15067
19,2021-02-27,320,14176,14496
19,2021-02-28,91,11988,12079
19,2021-03-01,627,13025,13652
19,2021-03-02,669,12694,13363
19,2021-03-03,912,12853,13765
19,2021-03-04,648,13794,14442
19,2021-03-05,686,13946,14632
19,2021-03-06,444,14546,14990
19,2021-03-07,135,12512,12647
19,2021-03-08,680,13327,14007
19,2021-03-09,720,12717,13437
19,2021-03-10,702,12669,13371
19,2021-03-11,707,12458,13165
19,2021-03-12,612,13762,14374
19,2021-03-13,320,12583,12903
19,2021-03-14,76,10685,10761
19,2021-03-15,610,12770,13380
19,2021-03-16,670,12172,12842
19,2021-03-17,790,12211,13001
19,2021-03-18,702,13043,13745
19,2021-03-19,695,14428,15123
19,2021-03-20,388,14397,14785
19,2021-03-21,88,11325,11413
19,2021-03-22,657,12942,13599
19,2021-03-23,675,12941,13616
19,2021-03-24,732,12918,13650
19,2021-03-25,786,12741,13527
19,2021-03-26,673,14401,15074
19,2021-03-27,371,13528,13899
19,2021-03-29,596,13915,14511
19,2021-03-30,636,13640,14276
19,2021-03-31,700,13763,14463
19,2021-04-01,699,14913,15612
19,2021-04-02,614,15654,16268
19,2021-04-03,390,14513,14903
19,2021-04-04,60,10727,10787
19,2021-04-05,88,9605,9693
19,2021-04-06,595,11551,12146
19,2021-04-07,681,11132,11813
19,2021-04-08,719,11617,12336
19,2021-04-09,609,12948,13557
19,2021-04-10,346,11053,11399
19,2021-04-11,79,8638,8717
19,2021-04-12,573,12220,12793
19,2021-04-13,670,11957,12627
19,2021-04-14,698,11665,12363
19,2021-04-15,671,11866,12537
19,2021-04-16,621,12794,13415
19,2021-04-17,300,12271,12571
19,2021-04-18,62,9800,9862
19,2021-04-19,524,11810,12334
19,2021-04-20,659,11937,12596
19,2021-04-21,635,12128,12763
19,2021-04-22,597,12532,13129
19,2021-04-23,656,13350,14006
19,2021-04-24,329,12909,13238
19,2021-04-25,73,11253,11326
19,2021-04-26,552,12405,12957
19,2021-04-27,637,12203,12840
19,2021-04-28,736,12414,13150
19,2021-04-29,725,12872,13597
19,2021-04-30,629,14328,14957
19,2021-05-01,320,13431,13751
19,2021-05-02,231,11154,11385
19,2021-05-03,581,13900,14481
19,2021-05-04,638,12683,13321
19,2021-05-05,631,13360,13991
19,2021-05-06,848,12999,13847
19,2021-05-07,545,14786,15331
19,2021-05-08,274,14188,14462
19,2021-05-09,102,12800,12902
19,2021-05-10,599,13147,13746
19,2021-05-11,658,13454,14112
19,2021-05-12,633,14745,15378
19,2021-05-13,158,12810,12968
19,2021-05-14,409,14455,14864
19,2021-05-15,332,13062,13394
19,2021-05-16,71,11418,11489
19,2021-05-17,580,12976,13556
19,2021-05-18,701,12762,13463
19,2021-05-19,672,13570,14242
19,2021-05-20,711,14059,14770
19,2021-05-21,650,15767,16417
19,2021-05-22,358,13838,14196
19,2021-05-23,101,11853,11954
19,2021-05-24,122,11760,11882
19,2021-05-25,595,13424,14019
19,2021-05-26,683,13240,13923
19,2021-05-27,678,14057,14735
19,2021-05-28,583,15760,16343
19,2021-05-29,353,15622,15975
19,2021-05-30,90,14023,14113
19,2021-05-31,593,14036,14629
19,2021-06-01,717,14021,14738
19,2021-06-02,691,13844,14535
19,2021-06-03,668,14028,14696
19,2021-06-04,578,14766,15344
19,2021-06-05,304,15289,15593
19,2021-06-06,97,12707,12804
19,2021-06-07,598,13750,14348
19,2021-06-08,600,14173,14773
19,2021-06-09,652,14372,15024
19,2021-06-10,578,14744,15322
19,2021-06-11,587,16365,16952
19,2021-06-12,336,15971,16307
19,2021-06-13,95,13826,13921
19,2021-06-14,607,14555,15162
19,2021-06-16,597,14172,14769
19,2021-06-17,603,15099,15702
19,2021-06-18,558,16250,16808
19,2021-06-19,291,15297,15588
19,2021-06-20,71,13461,13532
19,2021-06-21,507,14364,14871
19,2021-06-22,706,13971,14677
19,2021-06-23,512,14549,15061
19,2021-06-24,604,14298,14902
19,2021-06-25,550,16046,16596
19,2021-06-26,398,15483,15881
19,2021-06-27,72,13191,13263
19,2021-06-28,517,14390,14907
19,2021-06-29,601,14227,14828
19,2021-06-30,584,14242,14826
19,2021-07-01,692,15218,15910
19,2021-07-02,647,16077,16724
19,2021-07-03,298,15683,15981
19,2021-07-04,90,12950,13040
19,2021-07-05,576,14262,14838
19,2021-07-06,649,14199,14848
19,2021-07-07,684,14194,14878
19,2021-07-08,759,14261,15020
19,2021-07-09,620,15786,16406
19,2021-07-10,370,14721,15091
19,2021-07-11,87,13052,13139
19,2021-07-12,534,13797,14331
19,2021-07-13,504,12552,13056
19,2021-07-14,326,11856,12182
19,2021-07-15,753,16486,17239
19,2021-07-16,569,15568,16137
19,2021-07-17,290,15226,15516
19,2021-07-18,95,13532,13627
19,2021-07-19,513,14354,14867
19,2021-07-20,555,14216,14771
19,2021-07-21,566,14121,14687
19,2021-07-22,645,14297,14942
19,2021-07-23,516,15407,15923
19,2021-07-24,264,14149,14413
19,2021-07-25,92,12570,12662
19,2021-07-26,491,13573,14064
19,2021-07-27,588,11419,12007
19,2021-07-28,587,13882,14469
19,2021-07-29,651,14090,14741
19,2021-07-30,536,15249,15785
19,2021-07-31,275,14786,15061
19,2021-08-01,80,12376,12456
19,2021-08-02,460,13635,14095
19,2021-08-03,593,13713,14306
19,2021-08-04,488,13195,13683
19,2021-08-05,499,13511,14010
19,2021-08-06,494,14464,14958
19,2021-08-12,538,13450,13988
19,2021-08-13,490,14939,15429
19,2021-08-14,240,14287,14527
19,2021-08-15,103,12416,12519
19,2021-08-16,448,12875,13323
19,2021-08-17,492,12575,13067
19,2021-08-18,489,12892,13381
19,2021-08-19,545,13418,13963
19,2021-08-20,535,14776,15311
19,2021-08-21,226,13794,14020
19,2021-08-22,128,11940,12068
19,2021-08-23,608,14056,14664
19,2021-08-24,553,13933,14486
19,2021-08-25,574,13919,14493
19,2021-08-26,668,14375,15043
19,2021-08-27,622,15782,16404
19,2021-08-28,280,15553,15833
19,2021-08-29,107,12440,12547
19,2021-08-30,566,14531,15097
19,2021-08-31,672,14655,15327
19,2021-09-01,611,15114,15725
19,2021-09-02,645,14971,15616
19,2021-09-03,629,16736,17365
19,2021-09-04,314,16341,16655
19,2021-09-05,107,13622,13729
19,2021-09-06,596,14808,15404
19,2021-09-07,584,14579,15163
19,2021-09-08,711,14789,15500
19,2021-09-09,659,14512,15171
19,2021-09-10,675,16249,16924
19,2021-09-11,402,16724,17126
19,2021-09-12,97,13879,13976
19,2021-09-13,563,14421,14984
19,2021-09-14,708,14003,14711
19,2021-09-15,644,14716,15360
19,2021-09-16,682,14436,15118
19,2021-09-17,684,16413,17097
19,2021-09-18,329,15944,16273
19,2021-09-19,95,13398,13493
19,2021-09-20,643,14218,14861
19,2021-09-21,692,14212,14904
19,2021-09-22,704,14528,15232
19,2021-09-23,769,14728,15497
19,2021-09-24,667,16331,16998
19,2021-09-25,318,16109,16427
19,2021-09-26,97,12562,12659
19,2021-09-27,630,13696,14326
19,2021-09-28,651,14501,15152
19,2021-09-29,803,14300,15103
19,2021-09-30,701,14912,15613
19,2021-10-01,663,16755,17418
19,2021-10-02,372,16155,16527
19,2021-10-03,75,11883,11958
19,2021-10-04,780,15211,15991
19,2021-10-05,632,13352,13984
19,2021-10-06,735,14006,14741
19,2021-10-07,864,15264,16128
19,2021-10-08,787,16918,17705
19,2021-10-09,340,16467,16807
19,2021-10-10,118,13985,14103
19,2021-10-11,707,14537,15244
19,2021-10-12,848,14645,15493
19,2021-10-13,800,14972,15772
19,2021-10-14,1134,14994,16128
19,2021-10-15,1092,16320,17412
19,2021-10-16,880,16738,17618
19,2021-10-17,602,13510,14112
19,2021-10-18,967,14591,15558
19,2021-10-19,674,14338,15012
19,2021-10-20,741,14305,15046
19,2021-10-21,783,13497,14280
19,2021-10-22,833,17250,18083
19,2021-10-23,404,16405,16809
19,2021-10-24,247,13741,13988
19,2021-10-25,694,14517,15211
19,2021-10-26,874,14557,15431
19,2021-10-27,879,15302,16181
19,2021-10-28,697,15142,15839
19,2021-10-29,716,16773,17489
19,2021-10-30,385,14845,15230
19,2021-11-01,199,14169,14368
19,2021-11-02,552,11255,11807
19,2021-11-03,929,13412,14341
19,2021-11-04,1111,14437,15548
19,2021-11-05,1140,16327,17467
19,2021-11-06,834,16911,17745
19,2021-11-07,442,12819,13261
19,2021-11-08,914,14030,14944
19,2021-11-09,1113,14750,15863
19,2021-11-10,1390,15359,16749
19,2021-11-11,959,14158,15117
19,2021-11-12,1165,16349,17514
19,2021-11-13,533,15916,16449
19,2021-11-14,190,12962,13152
19,2021-11-15,1018,14404,15422
19,2021-11-16,1258,13827,15085
19,2021-11-17,1467,14099,15566
19,2021-11-18,1344,14445,15789
19,2021-11-19,950,15815,16765
19,2021-11-20,697,15982,16679
19,2021-11-21,538,12834,13372
19,2021-11-22,1073,14571,15644
19,2021-11-23,1253,14383,15636
19,2021-11-24,1228,14523,15751
19,2021-11-25,908,15365,16273
19,2021-11-26,870,15790,16660
19,2021-11-27,437,15804,16241
19,2021-11-28,148,12534,12682
19,2021-11-29,880,14288,15168
19,2021-11-30,771,13635,14406
19,2021-12-01,770,13529,14299
19,2021-12-02,1152,14496,15648
19,2021-12-03,1125,16060,17185
19,2021-12-04,507,15203,15710
19,2021-12-05,142,12387,12529
19,2021-12-06,750,14280,15030
19,2021-12-07,832,13860,14692
19,2021-12-08,1109,14248,15357
19,2021-12-09,737,13847,14584
19,2021-12-10,739,14743,15482
19,2021-12-11,478,15852,16330
19,2021-12-12,105,11874,11979
19,2021-12-13,708,14608,15316
19,2021-12-14,760,14216,14976
19,2021-12-15,865,14767,15632
19,2021-12-16,697,14999,15696
19,2021-12-17,798,17357,18155
19,2021-12-18,380,15948,16328
19,2021-12-19,207,13100,13307
19,2021-12-20,564,15371,15935
19,2021-12-21,798,15466,16264
19,2021-12-22,693,15531,16224
19,2021-12-23,580,17307,17887
19,2021-12-24,277,14248,14525
19,2021-12-25,54,9510,9564
19,2021-12-26,115,12404,12519
19,2021-12-27,324,13560,13884
19,2021-12-28,337,13348,13685
19,2021-12-29,322,13270,13592
19,2021-12-30,346,14348,14694
19,2021-12-31,278,15953,16231
20,2021-01-01,8,1344,1352
20,2021-01-02,15,3367,3382
20,2021-01-03,3,2144,2147
20,2021-01-04,63,6213,6276
20,2021-01-05,74,6419,6493
20,2021-01-06,78,6255,6333
20,2021-01-07,107,6398,6505
20,2021-01-08,96,6605,6701
20,2021-01-09,33,4273,4306
20,2021-01-10,13,2421,2434
20,2021-01-11,146,6951,7097
20,2021-01-12,95,7240,7335
20,2021-01-13,109,7106,7215
20,2021-01-14,106,6512,6618
20,2021-01-15,137,7050,7187
20,2021-01-16,49,4446,4495
20,2021-01-17,16,2229,2245
20,2021-01-18,105,6958,7063
20,2021-01-19,105,6953,7058
20,2021-01-20,130,7069,7199
20,2021-01-21,113,7668,7781
20,2021-01-22,129,8134,8263
20,2021-01-23,36,5023,5059
20,2021-01-24,12,2604,2616
20,2021-01-25,161,7149,7310
20,2021-01-26,118,7625,7743
20,2021-01-27,114,6812,6926
20,2021-01-28,105,6987,7092
20,2021-01-29,141,7279,7420
20,2021-01-30,52,4024,4076
20,2021-01-31,18,2140,2158
20,2021-02-01,113,6599,6712
20,2021-02-02,105,6973,7078
20,2021-02-03,109,6663,6772
20,2021-02-04,150,7134,7284
20,2021-02-05,98,7490,7588
20,2021-02-06,38,4227,4265
20,2021-02-07,10,2244,2254
20,2021-02-08,124,6503,6627
20,2021-02-09,121,6667,6788
20,2021-02-10,140,6795,6935
20,2021-02-11,149,7161,7310
20,2021-02-12,114,7335,7449
20,2021-02-13,37,4450,4487
20,2021-02-14,22,2494,2516
20,2021-02-15,143,6278,6421
20,2021-02-16,130,6798,6928
20,2021-02-17,131,6441,6572
20,2021-02-18,122,6912,7034
20,2021-02-19,97,6923,7020
20,2021-02-20,50,4392,4442
20,2021-02-21,17,2845,2862
20,2021-02-22,125,6829,6954
20,2021-02-23,118,7187,7305
20,2021-02-24,159,7338,7497
20,2021-02-25,139,7393,7532
20,2021-02-26,134,7197,7331
20,2021-02-27,46,4721,4767
20,2021-02-28,14,2761,2775
20,2021-03-01,156,7140,7296
20,2021-03-02,181,7376,7557
20,2021-03-03,130,7429,7559
20,2021-03-04,133,7411,7544
20,2021-03-05,140,7944,8084
20,2021-03-06,62,4899,4961
20,2021-03-07,25,2706,2731
20,2021-03-08,143,7184,7327
20,2021-03-09,146,7340,7486
20,2021-03-10,143,7219,7362
20,2021-03-11,156,7571,7727
20,2021-03-12,131,7762,7893
20,2021-03-13,44,4597,4641
20,2021-03-14,21,2447,2468
20,2021-03-15,143,7202,7345
20,2021-03-16,173,7470,7643
20,2021-03-17,141,7286,7427
20,2021-03-18,132,7566,7698
20,2021-03-19,122,7885,8007
20,2021-03-20,60,4800,4860
20,2021-03-21,17,2646,2663
20,2021-03-22,129,7016,7145
20,2021-03-23,134,7282,7416
20,2021-03-24,113,7344,7457
20,2021-03-25,133,7653,7786
20,2021-03-26,158,7876,8034
20,2021-03-27,44,4363,4407
20,2021-03-29,116,6839,6955
20,2021-03-30,135,7149,7284
20,2021-03-31,140,7112,7252
20,2021-04-01,146,7337,7483
20,2021-04-02,170,7796,7966
20,2021-04-03,56,4626,4682
20,2021-04-04,11,2462,2473
20,2021-04-05,21,2216,2237
20,2021-04-06,116,6795,6911
20,2021-04-07,146,6610,6756
20,2021-04-08,140,7126,7266
20,2021-04-09,123,7457,7580
20,2021-04-10,50,4110,4160
20,2021-04-11,10,2262,2272
20,2021-04-12,140,6632,6772
20,2021-04-13,166,6862,7028
20,2021-04-14,187,6866,7053
20,2021-04-15,166,7109,7275
20,2021-04-16,163,7262,7425
20,2021-04-17,79,4653,4732
20,2021-04-18,8,2761,2769
20,2021-04-19,146,7247,7393
20,2021-04-20,155,7537,7692
20,2021-04-21,207,7765,7972
20,2021-04-22,172,7866,8038
20,2021-04-23,181,8104,8285
20,2021-04-24,86,5445,5531
20,2021-04-25,19,3253,3272
20,2021-04-26,139,7486,7625
20,2021-04-27,162,7917,8079
20,2021-04-28,225,7936,8161
20,2021-04-29,155,8335,8490
20,2021-04-30,174,8687,8861
20,2021-05-01,43,3768,3811
20,2021-05-02,21,3403,3424
20,2021-05-03,147,7723,7870
20,2021-05-04,138,7904,8042
20,2021-05-05,156,8039,8195
20,2021-05-06,180,8074,8254
20,2021-05-07,128,8874,9002
20,2021-05-08,59,5577,5636
20,2021-05-09,25,3698,3723
20,2021-05-10,140,7419,7559
20,2021-05-11,141,8116,8257
20,2021-05-12,194,8405,8599
20,2021-05-13,24,3359,3383
20,2021-05-14,112,7152,7264
20,2021-05-15,24,5074,5098
20,2021-05-16,11,3012,3023
20,2021-05-17,129,8019,8148
20,2021-05-18,164,7960,8124
20,2021-05-19,154,8072,8226
20,2021-05-20,174,8262,8436
20,2021-05-21,164,8563,8727
20,2021-05-22,58,5020,5078
20,2021-05-23,25,2866,2891
20,2021-05-24,33,2553,2586
20,2021-05-25,117,8012,8129
20,2021-05-26,135,7844,7979
20,2021-05-27,169,8174,8343
20,2021-05-28,167,8691,8858
20,2021-05-29,46,5468,5514
20,2021-05-30,26,3631,3657
20,2021-05-31,167,7888,8055
20,2021-06-01,185,8312,8497
20,2021-06-02,159,8191,8350
20,2021-06-03,177,8526,8703
20,2021-06-04,201,8522,8723
20,2021-06-05,98,5618,5716
20,2021-06-06,12,3315,3327
20,2021-06-07,147,7755,7902
20,2021-06-08,166,8194,8360
20,2021-06-09,173,8693,8866
20,2021-06-10,149,8550,8699
20,2021-06-11,145,8752,8897
20,2021-06-12,74,5501,5575
20,2021-06-13,34,3653,3687
20,2021-06-14,172,8089,8261
20,2021-06-15,170,8452,8622
20,2021-06-16,169,8424,8593
20,2021-06-17,152,8636,8788
20,2021-06-18,149,8585,8734
20,2021-06-19,87,5458,5545
20,2021-06-20,24,3358,3382
20,2021-06-21,153,8044,8197
20,2021-06-22,182,8543,8725
20,2021-06-23,47,5225,5272
20,2021-06-24,220,9776,9996
20,2021-06-25,131,8886,9017
20,2021-06-26,57,5725,5782
20,2021-06-27,18,3713,3731
20,2021-06-28,151,8069,8220
20,2021-06-29,160,8386,8546
20,2021-06-30,163,8294,8457
20,2021-07-01,184,8709,8893
20,2021-07-02,142,8395,8537
20,2021-07-03,48,5389,5437
20,2021-07-04,17,3452,3469
20,2021-07-05,128,7917,8045
20,2021-07-06,141,8335,8476
20,2021-07-07,151,8019,8170
20,2021-07-08,134,8316,8450
20,2021-07-09,137,8388,8525
20,2021-07-10,46,5354,5400
20,2021-07-11,18,3786,3804
20,2021-07-12,131,7553,7684
20,2021-07-13,159,7892,8051
20,2021-07-14,136,7770,7906
20,2021-07-15,128,8808,8936
20,2021-07-16,117,8375,8492
20,2021-07-17,41,5309,5350
20,2021-07-18,20,3783,3803
20,2021-07-19,97,7021,7118
20,2021-07-20,153,7441,7594
20,2021-07-21,101,7360,7461
20,2021-07-22,142,7588,7730
20,2021-07-23,149,7875,8024
20,2021-07-24,37,5041,5078
20,2021-07-25,17,3476,3493
20,2021-07-26,108,6956,7064
20,2021-07-27,150,7354,7504
20,2021-07-28,119,7320,7439
20,2021-07-29,131,8028,8159
20,2021-07-30,102,7804,7906
20,2021-07-31,45,5363,5408
20,2021-08-01,25,3562,3587
20,2021-08-02,103,6627,6730
20,2021-08-03,100,6639,6739
20,2021-08-04,105,6464,6569
20,2021-08-05,95,6637,6732
20,2021-08-06,65,7020,7085
20,2021-08-07,50,4636,4686
20,2021-08-08,27,3080,3107
20,2021-08-09,79,5996,6075
20,2021-08-10,84,6234,6318
20,2021-08-11,90,6273,6363
20,2021-08-12,102,6630,6732
20,2021-08-13,132,7183,7315
20,2021-08-14,65,4651,4716
20,2021-08-15,38,3397,3435
20,2021-08-16,81,5991,6072
20,2021-08-17,88,6561,6649
20,2021-08-18,111,6766,6877
20,2021-08-19,98,6859,6957
20,2021-08-20,125,7617,7742
20,2021-08-21,53,4757,4810
20,2021-08-22,12,3151,3163
20,2021-08-23,129,6585,6714
20,2021-08-24,160,7269,7429
20,2021-08-25,180,7104,7284
20,2021-08-26,180,7902,8082
20,2021-08-27,165,8278,8443
20,2021-08-28,70,4998,5068
20,2021-08-29,19,3690,3709
20,2021-08-30,125,7401,7526
20,2021-08-31,174,7992,8166
20,2021-09-01,167,7853,8020
20,2021-09-02,149,8277,8426
20,2021-09-03,181,8438,8619
20,2021-09-04,72,5420,5492
20,2021-09-05,15,3849,3864
20,2021-09-06,157,7777,7934
20,2021-09-07,149,8038,8187
20,2021-09-08,173,7892,8065
20,2021-09-09,150,8320,8470
20,2021-09-10,135,8425,8560
20,2021-09-11,56,5281,5337
20,2021-09-12,19,3651,3670
20,2021-09-13,158,8040,8198
20,2021-09-14,162,8294,8456
20,2021-09-15,202,8104,8306
20,2021-09-16,151,8330,8481
20,2021-09-17,212,8743,8955
20,2021-09-18,74,6203,6277
20,2021-09-19,23,4331,4354
20,2021-09-20,183,7830,8013
20,2021-09-21,180,8342,8522
20,2021-09-22,167,8058,8225
20,2021-09-23,196,8590,8786
20,2021-09-24,154,8686,8840
20,2021-09-25,71,5675,5746
20,2021-09-26,26,3770,3796
20,2021-09-27,138,7789,7927
20,2021-09-28,137,8446,8583
20,2021-09-29,137,8629,8766
20,2021-09-30,183,9219,9402
20,2021-10-01,165,9046,9211
20,2021-10-02,92,5874,5966
20,2021-10-03,11,3377,3388
20,2021-10-04,143,8127,8270
20,2021-10-05,137,8390,8527
20,2021-10-06,132,8258,8390
20,2021-10-07,211,8681,8892
20,2021-10-08,260,9178,9438
20,2021-10-09,73,5646,5719
20,2021-10-10,22,3718,3740
20,2021-10-11,165,8007,8172
20,2021-10-12,132,8430,8562
20,2021-10-13,163,8375,8538
20,2021-10-14,166,8645,8811
20,2021-10-15,144,9454,9598
20,2021-10-16,88,9226,9314
20,2021-10-17,50,3931,3981
20,2021-10-18,162,8057,8219
20,2021-10-19,114,8702,8816
20,2021-10-20,151,8251,8402
20,2021-10-21,135,8664,8799
20,2021-10-22,120,8987,9107
20,2021-10-23,50,5778,5828
20,2021-10-24,22,3755,3777
20,2021-10-25,165,7926,8091
20,2021-10-26,134,8687,8821
20,2021-10-27,178,8418,8596
20,2021-10-28,158,8753,8911
20,2021-10-29,239,9408,9647
20,2021-10-30,40,5892,5932
20,2021-11-01,23,3275,3298
20,2021-11-02,143,8200,8343
20,2021-11-03,126,8272,8398
20,2021-11-04,165,8311,8476
20,2021-11-05,164,8336,8500
20,2021-11-06,66,5402,5468
20,2021-11-07,19,3499,3518
20,2021-11-08,178,8424,8602
20,2021-11-09,169,8662,8831
20,2021-11-10,182,8828,9010
20,2021-11-11,118,8747,8865
20,2021-11-12,152,9053,9205
20,2021-11-13,62,5613,5675
20,2021-11-14,10,3588,3598
20,2021-11-15,145,8427,8572
20,2021-11-16,165,8866,9031
20,2021-11-17,153,8622,8775
20,2021-11-18,181,9223,9404
20,2021-11-19,139,8947,9086
20,2021-11-20,70,5754,5824
20,2021-11-21,12,3387,3399
20,2021-11-22,151,7977,8128
20,2021-11-23,172,8667,8839
20,2021-11-24,186,8435,8621
20,2021-11-25,171,8739,8910
20,2021-11-26,181,9202,9383
20,2021-11-27,41,5297,5338
20,2021-11-28,17,3617,3634
20,2021-11-29,152,7885,8037
20,2021-11-30,157,8375,8532
20,2021-12-01,146,8331,8477
20,2021-12-02,162,8686,8848
20,2021-12-03,173,8706,8879
20,2021-12-04,38,5468,5506
20,2021-12-05,8,3360,3368
20,2021-12-06,148,7887,8035
20,2021-12-07,137,8522,8659
20,2021-12-08,132,8346,8478
20,2021-12-09,156,8453,8609
20,2021-12-10,130,8270,8400
20,2021-12-11,54,5646,5700
20,2021-12-12,5,3558,3563
20,2021-12-13,145,7922,8067
20,2021-12-14,127,8436,8563
20,2021-12-15,150,8265,8415
20,2021-12-16,140,8826,8966
20,2021-12-17,139,9084,9223
20,2021-12-18,60,5891,5951
20,2021-12-19,17,3542,3559
20,2021-12-20,120,7641,7761
20,2021-12-21,131,8127,8258
20,2021-12-22,115,7768,7883
20,2021-12-23,99,7827,7926
20,2021-12-24,57,5911,5968
20,2021-12-25,1,2206,2207
20,2021-12-26,10,2404,2414
20,2021-12-27,77,5227,5304
20,2021-12-28,64,5398,5462
20,2021-12-29,78,5779,5857
20,2021-12-30,54,5947,6001
20,2021-12-31,52,5113,5165
21,2021-01-01,45,1673,1718
21,2021-01-02,271,4344,4615
21,2021-01-03,52,2628,2680
21,2021-01-04,470,7043,7513
21,2021-01-05,497,7139,7636
21,2021-01-06,492,7112,7604
21,2021-01-07,514,7285,7799
21,2021-01-08,498,7799,8297
21,2021-01-09,261,5260,5521
21,2021-01-10,64,2922,2986
21,2021-01-11,686,9077,9763
21,2021-01-12,610,9400,10010
21,2021-01-13,627,9001,9628
21,2021-01-14,625,8629,9254
21,2021-01-15,625,9120,9745
21,2021-01-16,302,6760,7062
21,2021-01-17,74,2840,2914
21,2021-01-18,711,9015,9726
21,2021-01-19,674,9265,9939
21,2021-01-20,783,9205,9988
21,2021-01-21,583,8677,9260
21,2021-01-22,694,10234,10928
21,2021-01-23,308,7405,7713
21,2021-01-24,79,3383,3462
21,2021-01-25,692,9538,10230
21,2021-01-26,702,9615,10317
21,2021-01-27,664,9161,9825
21,2021-01-28,659,9696,10355
21,2021-01-29,619,10230,10849
21,2021-01-30,328,7016,7344
21,2021-01-31,100,3260,3360
21,2021-02-01,684,9113,9797
21,2021-02-02,698,9639,10337
21,2021-02-03,655,9156,9811
21,2021-02-04,696,9825,10521
21,2021-02-05,684,10094,10778
21,2021-02-06,334,7386,7720
21,2021-02-07,102,3433,3535
21,2021-02-08,661,8547,9208
21,2021-02-09,674,8949,9623
21,2021-02-10,680,9153,9833
21,2021-02-11,685,9282,9967
21,2021-02-12,682,9767,10449
21,2021-02-13,321,7233,7554
21,2021-02-14,75,3593,3668
21,2021-02-15,702,8333,9035
21,2021-02-16,669,9115,9784
21,2021-02-17,673,8751,9424
21,2021-02-18,656,9139,9795
21,2021-02-19,605,9579,10184
21,2021-02-20,346,6969,7315
21,2021-02-21,77,4060,4137
21,2021-02-22,795,9934,10729
21,2021-02-23,713,9620,10333
21,2021-02-24,771,9821,10592
21,2021-02-25,742,10510,11252
21,2021-02-26,706,10389,11095
21,2021-02-27,391,7844,8235
21,2021-02-28,106,4045,4151
21,2021-03-01,773,9632,10405
21,2021-03-02,781,9859,10640
21,2021-03-03,747,9841,10588
21,2021-03-04,763,9955,10718
21,2021-03-05,786,10356,11142
21,2021-03-06,387,7822,8209
21,2021-03-07,109,3989,4098
21,2021-03-08,795,9652,10447
21,2021-03-09,770,9787,10557
21,2021-03-10,761,9604,10365
21,2021-03-11,734,9959,10693
21,2021-03-12,737,10359,11096
21,2021-03-13,342,7438,7780
21,2021-03-14,110,3636,3746
21,2021-03-15,733,9421,10154
21,2021-03-16,732,9712,10444
21,2021-03-17,753,9403,10156
21,2021-03-18,731,9727,10458
21,2021-03-19,756,10096,10852
21,2021-03-20,353,7729,8082
21,2021-03-21,96,3650,3746
21,2021-03-22,722,9402,10124
21,2021-03-23,756,9843,10599
21,2021-03-24,775,9871,10646
21,2021-03-25,758,10057,10815
21,2021-03-26,741,10696,11437
21,2021-03-27,310,7840,8150
21,2021-03-29,768,9787,10555
21,2021-03-30,765,10227,10992
21,2021-03-31,755,10199,10954
21,2021-04-01,805,10644,11449
21,2021-04-02,736,11191,11927
21,2021-04-03,362,8331,8693
21,2021-04-04,58,3577,3635
21,2021-04-05,72,2804,2876
21,2021-04-06,708,10017,10725
21,2021-04-07,687,9395,10082
21,2021-04-08,657,9642,10299
21,2021-04-09,649,10226,10875
21,2021-04-10,319,7171,7490
21,2021-04-11,54,3470,3524
21,2021-04-12,651,9158,9809
21,2021-04-13,707,9451,10158
21,2021-04-14,743,9463,10206
21,2021-04-15,686,9871,10557
21,2021-04-16,643,9995,10638
21,2021-04-17,298,7294,7592
21,2021-04-18,58,3827,3885
21,2021-04-19,683,9254,9937
21,2021-04-20,683,9723,10406
21,2021-04-21,732,9438,10170
21,2021-04-22,722,9862,10584
21,2021-04-23,719,10112,10831
21,2021-04-24,320,7771,8091
21,2021-04-25,67,4343,4410
21,2021-04-26,738,9486,10224
21,2021-04-27,810,9808,10618
21,2021-04-28,766,9845,10611
21,2021-04-29,792,10328,11120
21,2021-04-30,806,11161,11967
21,2021-05-01,122,3996,4118
21,2021-05-02,115,4497,4612
21,2021-05-03,862,9825,10687
21,2021-05-04,813,9791,10604
21,2021-05-05,781,9660,10441
21,2021-05-06,808,9876,10684
21,2021-05-07,831,10366,11197
21,2021-05-08,314,7559,7873
21,2021-05-09,96,4361,4457
21,2021-05-10,888,9152,10040
21,2021-05-11,814,9898,10712
21,2021-05-12,849,10335,11184
21,2021-05-13,123,3415,3538
21,2021-05-14,551,9048,9599
21,2021-05-15,286,7177,7463
21,2021-05-16,117,3708,3825
21,2021-05-17,709,9696,10405
21,2021-05-18,680,9501,10181
21,2021-05-19,681,9372,10053
21,2021-05-20,691,9784,10475
21,2021-05-21,713,10026,10739
21,2021-05-22,336,7382,7718
21,2021-05-23,116,3520,3636
21,2021-05-24,123,2819,2942
21,2021-05-25,682,9417,10099
21,2021-05-26,630,9121,9751
21,2021-05-27,644,9060,9704
21,2021-05-28,653,9699,10352
21,2021-05-29,270,6871,7141
21,2021-05-30,137,4262,4399
21,2021-05-31,700,9445,10145
21,2021-06-01,698,9905,10603
21,2021-06-02,703,9581,10284
21,2021-06-03,649,9655,10304
21,2021-06-04,695,9945,10640
21,2021-06-05,272,7271,7543
21,2021-06-06,101,4008,4109
21,2021-06-07,660,9331,9991
21,2021-06-08,677,9608,10285
21,2021-06-09,717,10202,10919
21,2021-06-10,629,9883,10512
21,2021-06-11,619,10294,10913
21,2021-06-12,321,7634,7955
21,2021-06-13,100,4530,4630
21,2021-06-14,672,9124,9796
21,2021-06-15,688,9266,9954
21,2021-06-16,678,9626,10304
21,2021-06-17,656,9688,10344
21,2021-06-18,657,9959,10616
21,2021-06-19,292,6839,7131
21,2021-06-20,98,3899,3997
21,2021-06-21,729,9200,9929
21,2021-06-22,690,10185,10875
21,2021-06-23,106,3530,3636
21,2021-06-24,649,9750,10399
21,2021-06-25,633,9655,10288
21,2021-06-26,292,6930,7222
21,2021-06-27,85,3950,4035
21,2021-06-28,683,9068,9751
21,2021-06-29,651,9285,9936
21,2021-06-30,703,9395,10098
21,2021-07-01,701,9942,10643
21,2021-07-02,686,9647,10333
21,2021-07-03,270,6908,7178
21,2021-07-04,97,3936,4033
21,2021-07-05,675,9261,9936
21,2021-07-06,659,9455,10114
21,2021-07-07,676,9166,9842
21,2021-07-08,687,9861,10548
21,2021-07-09,657,9787,10444
21,2021-07-10,288,6708,6996
21,2021-07-11,90,4165,4255
21,2021-07-12,623,8982,9605
21,2021-07-13,562,9082,9644
21,2021-07-14,569,8872,9441
21,2021-07-15,532,9673,10205
21,2021-07-16,597,9469,10066
21,2021-07-17,263,6530,6793
21,2021-07-18,82,3918,4000
21,2021-07-19,611,8366,8977
21,2021-07-20,629,8608,9237
21,2021-07-21,602,8982,9584
21,2021-07-22,621,7996,8617
21,2021-07-23,613,8508,9121
21,2021-07-24,277,6033,6310
21,2021-07-25,91,3790,3881
21,2021-07-26,598,8496,9094
21,2021-07-27,600,8719,9319
21,2021-07-28,610,8647,9257
21,2021-07-29,564,9019,9583
21,2021-07-30,554,8850,9404
21,2021-07-31,239,5962,6201
21,2021-08-01,95,3694,3789
21,2021-08-02,498,7953,8451
21,2021-08-03,492,7943,8435
21,2021-08-04,560,7871,8431
21,2021-08-05,484,8014,8498
21,2021-08-06,497,8081,8578
21,2021-08-07,255,5644,5899
21,2021-08-08,85,3183,3268
21,2021-08-09,500,7215,7715
21,2021-08-10,493,7266,7759
21,2021-08-11,519,7247,7766
21,2021-08-12,531,7823,8354
21,2021-08-13,510,7939,8449
21,2021-08-14,285,5515,5800
21,2021-08-15,119,3601,3720
21,2021-08-16,517,7305,7822
21,2021-08-17,510,7148,7658
21,2021-08-18,528,7455,7983
21,2021-08-19,484,7626,8110
21,2021-08-20,464,8045,8509
21,2021-08-21,245,4951,5196
21,2021-08-22,77,3246,3323
21,2021-08-23,560,7838,8398
21,2021-08-24,596,7988,8584
21,2021-08-25,651,7950,8601
21,2021-08-26,599,8458,9057
21,2021-08-27,643,8665,9308
21,2021-08-28,246,5656,5902
21,2021-08-29,85,3687,3772
21,2021-08-30,621,8638,9259
21,2021-08-31,648,8795,9443
21,2021-09-01,628,8758,9386
21,2021-09-02,641,8878,9519
21,2021-09-03,602,9195,9797
21,2021-09-04,289,6327,6616
21,2021-09-05,81,4189,4270
21,2021-09-06,650,8779,9429
21,2021-09-07,653,8984,9637
21,2021-09-08,645,8947,9592
21,2021-09-09,639,9284,9923
21,2021-09-10,584,9020,9604
21,2021-09-11,276,6586,6862
21,2021-09-12,99,4250,4349
21,2021-09-13,664,9380,10044
21,2021-09-14,678,9832,10510
21,2021-09-15,647,9399,10046
21,2021-09-16,662,9367,10029
21,2021-09-17,694,10085,10779
21,2021-09-18,328,8711,9039
21,2021-09-19,106,5390,5496
21,2021-09-20,707,9389,10096
21,2021-09-21,693,9489,10182
21,2021-09-22,730,9352,10082
21,2021-09-23,712,9834,10546
21,2021-09-24,743,9818,10561
21,2021-09-25,324,7729,8053
21,2021-09-26,132,4440,4572
21,2021-09-27,691,9591,10282
21,2021-09-28,733,9633,10366
21,2021-09-29,733,10049,10782
21,2021-09-30,762,10806,11568
21,2021-10-01,745,10263,11008
21,2021-10-02,260,7265,7525
21,2021-10-03,97,4054,4151
21,2021-10-04,737,9412,10149
21,2021-10-05,719,9888,10607
21,2021-10-06,736,9755,10491
21,2021-10-07,712,9935,10647
21,2021-10-08,772,10126,10898
21,2021-10-09,322,7024,7346
21,2021-10-10,101,4257,4358
21,2021-10-11,741,9314,10055
21,2021-10-12,752,9508,10260
21,2021-10-13,673,9541,10214
21,2021-10-14,720,9955,10675
21,2021-10-15,732,10407,11139
21,2021-10-16,304,8797,9101
21,2021-10-17,116,4243,4359
21,2021-10-18,738,9492,10230
21,2021-10-19,681,9897,10578
21,2021-10-20,677,9371,10048
21,2021-10-21,628,9232,9860
21,2021-10-22,727,10074,10801
21,2021-10-23,293,7116,7409
21,2021-10-24,100,4357,4457
21,2021-10-25,699,9469,10168
21,2021-10-26,678,9867,10545
21,2021-10-27,740,9803,10543
21,2021-10-28,674,9975,10649
21,2021-10-29,689,10088,10777
21,2021-10-30,289,6872,7161
21,2021-11-01,128,3222,3350
21,2021-11-02,647,8891,9538
21,2021-11-03,593,9163,9756
21,2021-11-04,668,8722,9390
21,2021-11-05,635,8740,9375
21,2021-11-06,287,6279,6566
21,2021-11-07,80,3624,3704
21,2021-11-08,707,9457,10164
21,2021-11-09,763,9373,10136
21,2021-11-10,714,9349,10063
21,2021-11-11,728,9989,10717
21,2021-11-12,720,9712,10432
21,2021-11-13,302,6803,7105
21,2021-11-14,94,3680,3774
21,2021-11-15,698,9035,9733
21,2021-11-16,698,9476,10174
21,2021-11-17,661,9208,9869
21,2021-11-18,651,9810,10461
21,2021-11-19,661,9742,10403
21,2021-11-20,262,6709,6971
21,2021-11-21,99,3641,3740
21,2021-11-22,672,9162,9834
21,2021-11-23,687,9466,10153
21,2021-11-24,702,9296,9998
21,2021-11-25,687,9654,10341
21,2021-11-26,619,10393,11012
21,2021-11-27,258,6555,6813
21,2021-11-28,88,3840,3928
21,2021-11-29,720,9129,9849
21,2021-11-30,648,9389,10037
21,2021-12-01,660,9587,10247
21,2021-12-02,673,9620,10293
21,2021-12-03,691,9561,10252
21,2021-12-04,249,6835,7084
21,2021-12-05,91,3861,3952
21,2021-12-06,680,9031,9711
21,2021-12-07,691,9523,10214
21,2021-12-08,691,9415,10106
21,2021-12-09,670,9543,10213
21,2021-12-10,620,9469,10089
21,2021-12-11,243,6998,7241
21,2021-12-12,94,3787,3881
21,2021-12-13,675,9044,9719
21,2021-12-14,726,9357,10083
21,2021-12-15,647,9338,9985
21,2021-12-16,656,9666,10322
21,2021-12-17,596,9697,10293
21,2021-12-18,242,6550,6792
21,2021-12-19,87,3741,3828
21,2021-12-20,535,8164,8699
21,2021-12-21,529,8306,8835
21,2021-12-22,486,8271,8757
21,2021-12-23,473,8851,9324
21,2021-12-24,346,7053,7399
21,2021-12-25,64,2221,2285
21,2021-12-26,77,2379,2456
21,2021-12-27,389,6237,6626
21,2021-12-28,399,6302,6701
21,2021-12-29,402,6366,6768
21,2021-12-30,396,7144,7540
21,2021-12-31,355,6257,6612
22,2021-01-02,12,545,557
22,2021-01-03,5,482,487
22,2021-01-04,15,805,820
22,2021-01-05,14,868,882
22,2021-01-06,13,892,905
22,2021-01-07,13,907,920
22,2021-01-08,11,866,877
22,2021-01-09,12,655,667
22,2021-01-10,2,593,595
22,2021-01-11,25,1113,1138
22,2021-01-12,33,1176,1209
22,2021-01-13,34,1246,1280
22,2021-01-14,14,1123,1137
22,2021-01-15,26,1233,1259
22,2021-01-16,8,809,817
22,2021-01-17,3,564,567
22,2021-01-18,30,1203,1233
22,2021-01-19,19,1237,1256
22,2021-01-20,25,1374,1399
22,2021-01-21,37,1270,1307
22,2021-01-22,50,1314,1364
22,2021-01-23,9,882,891
22,2021-01-24,3,608,611
22,2021-01-25,44,1241,1285
22,2021-01-26,61,1252,1313
22,2021-01-27,20,1232,1252
22,2021-01-28,26,1427,1453
22,2021-01-29,28,1286,1314
22,2021-01-30,12,871,883
22,2021-02-02,19,1269,1288
22,2021-02-03,14,1253,1267
22,2021-02-04,35,1282,1317
22,2021-02-05,73,1269,1342
22,2021-02-06,4,839,843
22,2021-02-07,0,666,666
22,2021-02-08,79,1200,1279
22,2021-02-09,11,1193,1204
22,2021-02-10,18,1220,1238
22,2021-02-11,14,1277,1291
22,2021-02-12,34,1279,1313
22,2021-02-13,17,877,894
22,2021-02-14,9,699,708
22,2021-02-15,19,1172,1191
22,2021-02-16,50,1304,1354
22,2021-02-17,47,1265,1312
22,2021-02-18,56,1240,1296
22,2021-02-19,69,1260,1329
22,2021-02-20,15,972,987
22,2021-02-21,5,911,916
22,2021-02-22,56,1225,1281
22,2021-02-23,70,1332,1402
22,2021-02-24,81,1425,1506
22,2021-02-25,42,1315,1357
22,2021-02-26,32,1241,1273
22,2021-02-27,10,915,925
22,2021-03-01,24,1177,1201
22,2021-03-02,53,1184,1237
22,2021-03-03,40,1273,1313
22,2021-03-04,29,1176,1205
22,2021-03-05,39,1250,1289
22,2021-03-06,17,862,879
22,2021-03-07,2,686,688
22,2021-03-08,30,1215,1245
22,2021-03-09,34,1135,1169
22,2021-03-10,57,1248,1305
22,2021-03-11,48,1164,1212
22,2021-03-12,34,1202,1236
22,2021-03-13,28,832,860
22,2021-03-14,10,633,643
22,2021-03-15,53,1221,1274
22,2021-03-16,63,1217,1280
22,2021-03-17,46,1233,1279
22,2021-03-18,45,1151,1196
22,2021-03-19,45,1293,1338
22,2021-03-20,42,926,968
22,2021-03-21,12,726,738
22,2021-03-22,91,1251,1342
22,2021-03-23,75,1280,1355
22,2021-03-24,75,1326,1401
22,2021-03-25,104,1242,1346
22,2021-03-26,57,1338,1395
22,2021-03-27,21,899,920
22,2021-03-29,106,1251,1357
22,2021-03-30,91,1289,1380
22,2021-03-31,62,1349,1411
22,2021-04-01,92,1262,1354
22,2021-04-02,51,1258,1309
22,2021-04-03,29,916,945
22,2021-04-04,3,717,720
22,2021-04-05,9,514,523
22,2021-04-06,53,1091,1144
22,2021-04-07,39,1136,1175
22,2021-04-08,41,1197,1238
22,2021-04-09,59,1269,1328
22,2021-04-10,9,780,789
22,2021-04-11,2,565,567
22,2021-04-12,48,1181,1229
22,2021-04-13,31,1253,1284
22,2021-04-14,31,1190,1221
22,2021-04-15,47,1156,1203
22,2021-04-16,38,1265,1303
22,2021-04-17,39,986,1025
22,2021-04-18,2,670,672
22,2021-04-19,26,1106,1132
22,2021-04-20,25,1211,1236
22,2021-04-21,44,1211,1255
22,2021-04-22,37,1157,1194
22,2021-04-23,64,1278,1342
22,2021-04-24,21,1103,1124
22,2021-04-25,10,975,985
22,2021-04-26,52,1335,1387
22,2021-04-27,36,1318,1354
22,2021-04-28,30,1349,1379
22,2021-04-29,46,1232,1278
22,2021-04-30,46,1383,1429
22,2021-05-02,4,845,849
22,2021-05-03,39,1270,1309
22,2021-05-04,40,1258,1298
22,2021-05-05,36,1296,1332
22,2021-05-06,24,1217,1241
22,2021-05-07,38,1363,1401
22,2021-05-08,34,991,1025
22,2021-05-09,4,1008,1012
22,2021-05-10,48,1220,1268
22,2021-05-11,40,1295,1335
22,2021-05-12,43,1453,1496
22,2021-05-13,25,1071,1096
22,2021-05-14,39,1348,1387
22,2021-05-15,35,1012,1047
22,2021-05-16,28,940,968
22,2021-05-17,48,1206,1254
22,2021-05-18,31,1317,1348
22,2021-05-19,23,1234,1257
22,2021-05-20,31,1361,1392
22,2021-05-21,68,1440,1508
22,2021-05-22,37,996,1033
22,2021-05-23,8,978,986
22,2021-05-24,28,766,794
22,2021-05-25,42,1282,1324
22,2021-05-26,42,1216,1258
22,2021-05-27,49,1279,1328
22,2021-05-28,35,1319,1354
22,2021-05-29,57,1139,1196
22,2021-05-30,38,1064,1102
22,2021-05-31,48,1339,1387
22,2021-06-01,38,1379,1417
22,2021-06-02,49,1414,1463
22,2021-06-03,18,1446,1464
22,2021-06-04,54,1584,1638
22,2021-06-05,25,1153,1178
22,2021-06-06,40,959,999
22,2021-06-07,76,1406,1482
22,2021-06-08,77,1406,1483
22,2021-06-09,55,1371,1426
22,2021-06-10,64,1471,1535
22,2021-06-11,60,1516,1576
22,2021-06-12,9,1345,1354
22,2021-06-13,15,1143,1158
22,2021-06-14,62,1451,1513
22,2021-06-15,102,1447,1549
22,2021-06-16,86,1473,1559
22,2021-06-17,62,1536,1598
22,2021-06-18,46,1532,1578
22,2021-06-19,28,1382,1410
22,2021-06-20,14,935,949
22,2021-06-21,34,1395,1429
22,2021-06-22,43,1314,1357
22,2021-06-23,19,1031,1050
22,2021-06-24,52,1304,1356
22,2021-06-25,49,1507,1556
22,2021-06-26,18,1358,1376
22,2021-06-27,9,1060,1069
22,2021-06-28,35,1278,1313
22,2021-06-29,48,1352,1400
22,2021-06-30,22,1344,1366
22,2021-07-01,57,1408,1465
22,2021-07-02,52,1494,1546
22,2021-07-03,10,1316,1326
22,2021-07-04,7,930,937
22,2021-07-05,46,1318,1364
22,2021-07-06,41,1355,1396
22,2021-07-07,55,1493,1548
22,2021-07-08,60,1425,1485
22,2021-07-09,39,1535,1574
22,2021-07-10,22,1364,1386
22,2021-07-11,15,1132,1147
22,2021-07-12,44,1444,1488
22,2021-07-13,31,1386,1417
22,2021-07-14,36,1660,1696
22,2021-07-15,10,394,404
22,2021-07-16,17,1270,1287
22,2021-07-17,14,924,938
22,2021-07-18,9,958,967
22,2021-07-19,38,1287,1325
22,2021-07-20,36,1411,1447
22,2021-07-21,46,1459,1505
22,2021-07-22,49,1424,1473
22,2021-07-23,73,1496,1569
22,2021-07-24,58,1039,1097
22,2021-07-25,12,901,913
22,2021-07-26,18,1418,1436
22,2021-07-27,39,1352,1391
22,2021-07-28,26,1429,1455
22,2021-07-29,36,1516,1552
22,2021-07-30,28,1422,1450
22,2021-07-31,47,1241,1288
22,2021-08-03,28,1261,1289
22,2021-08-04,24,1229,1253
22,2021-08-05,25,1276,1301
22,2021-08-06,28,1271,1299
22,2021-08-07,23,1181,1204
22,2021-08-08,5,900,905
22,2021-08-09,28,1226,1254
22,2021-08-10,32,1295,1327
22,2021-08-11,30,1350,1380
22,2021-08-12,19,1497,1516
22,2021-08-13,19,1415,1434
22,2021-08-14,35,1353,1388
22,2021-08-15,30,1126,1156
22,2021-08-16,33,1110,1143
22,2021-08-17,37,1169,1206
22,2021-08-18,37,1261,1298
22,2021-08-19,33,1184,1217
22,2021-08-20,33,1399,1432
22,2021-08-21,30,1366,1396
22,2021-08-22,12,977,989
22,2021-08-23,26,1142,1168
22,2021-08-24,37,1259,1296
22,2021-08-25,32,1361,1393
22,2021-08-26,44,1242,1286
22,2021-08-27,44,1254,1298
22,2021-08-28,18,1036,1054
22,2021-08-29,10,799,809
22,2021-08-30,16,1167,1183
22,2021-08-31,20,1256,1276
22,2021-09-01,33,1211,1244
22,2021-09-02,21,1299,1320
22,2021-09-03,16,1354,1370
22,2021-09-04,13,1257,1270
22,2021-09-05,10,1177,1187
22,2021-09-06,23,1305,1328
22,2021-09-07,38,1369,1407
22,2021-09-08,28,1350,1378
22,2021-09-09,16,1253,1269
22,2021-09-10,20,1266,1286
22,2021-09-11,6,1170,1176
22,2021-09-12,12,1070,1082
22,2021-09-13,27,1275,1302
22,2021-09-14,27,1235,1262
22,2021-09-15,45,1398,1443
22,2021-09-16,28,1354,1382
22,2021-09-17,44,1500,1544
22,2021-09-18,24,1312,1336
22,2021-09-19,11,977,988
22,2021-09-20,39,1318,1357
22,2021-09-21,59,1289,1348
22,2021-09-22,24,1386,1410
22,2021-09-23,32,1304,1336
22,2021-09-24,42,1354,1396
22,2021-09-25,24,1232,1256
22,2021-09-26,10,886,896
22,2021-09-27,40,1259,1299
22,2021-09-28,58,1298,1356
22,2021-09-29,24,1276,1300
22,2021-09-30,37,1236,1273
22,2021-10-01,25,1291,1316
22,2021-10-02,13,1027,1040
22,2021-10-03,0,738,738
22,2021-10-04,23,1218,1241
22,2021-10-05,24,1283,1307
22,2021-10-06,21,1221,1242
22,2021-10-07,26,1279,1305
22,2021-10-08,22,1302,1324
22,2021-10-09,27,1189,1216
22,2021-10-10,8,1028,1036
22,2021-10-11,61,1179,1240
22,2021-10-12,40,1217,1257
22,2021-10-13,42,1216,1258
22,2021-10-14,27,1230,1257
22,2021-10-15,28,1231,1259
22,2021-10-16,27,1021,1048
22,2021-10-17,12,895,907
22,2021-10-18,26,1272,1298
22,2021-10-19,21,1280,1301
22,2021-10-20,38,1251,1289
22,2021-10-21,32,1222,1254
22,2021-10-22,27,1275,1302
22,2021-10-23,15,997,1012
22,2021-10-24,8,799,807
22,2021-10-25,45,1222,1267
22,2021-10-26,41,1216,1257
22,2021-10-27,36,1232,1268
22,2021-10-28,33,1231,1264
22,2021-10-29,39,1349,1388
22,2021-10-30,9,948,957
22,2021-11-01,8,766,774
22,2021-11-02,37,1226,1263
22,2021-11-03,17,1150,1167
22,2021-11-04,33,1181,1214
22,2021-11-05,23,1204,1227
22,2021-11-06,16,967,983
22,2021-11-07,6,714,720
22,2021-11-08,27,1226,1253
22,2021-11-09,20,1180,1200
22,2021-11-10,16,1322,1338
22,2021-11-11,42,1229,1271
22,2021-11-12,37,1354,1391
22,2021-11-13,12,953,965
22,2021-11-14,6,677,683
22,2021-11-15,18,1205,1223
22,2021-11-16,17,1169,1186
22,2021-11-17,36,1218,1254
22,2021-11-18,18,1314,1332
22,2021-11-19,22,1268,1290
22,2021-11-20,24,925,949
22,2021-11-21,1,680,681
22,2021-11-22,15,1154,1169
22,2021-11-23,21,1224,1245
22,2021-11-24,19,1161,1180
22,2021-11-25,24,1218,1242
22,2021-11-26,19,1222,1241
22,2021-11-27,6,907,913
22,2021-11-28,3,725,728
22,2021-11-29,31,1154,1185
22,2021-11-30,13,1130,1143
22,2021-12-01,20,1184,1204
22,2021-12-02,23,1261,1284
22,2021-12-03,33,1188,1221
22,2021-12-04,11,897,908
22,2021-12-05,2,709,711
22,2021-12-06,21,1105,1126
22,2021-12-07,11,1192,1203
22,2021-12-08,12,1168,1180
22,2021-12-09,37,1229,1266
22,2021-12-10,15,1169,1184
22,2021-12-11,27,838,865
22,2021-12-12,3,625,628
22,2021-12-13,23,1148,1171
22,2021-12-14,23,1175,1198
22,2021-12-15,34,1212,1246
22,2021-12-16,30,1214,1244
22,2021-12-17,21,1209,1230
22,2021-12-18,13,830,843
22,2021-12-19,8,693,701
22,2021-12-20,13,960,973
22,2021-12-21,15,1011,1026
22,2021-12-22,37,982,1019
22,2021-12-23,21,985,1006
22,2021-12-24,8,795,803
22,2021-12-25,3,489,492
22,2021-12-26,0,525,525
22,2021-12-27,6,779,785
22,2021-12-28,5,805,810
22,2021-12-29,19,826,845
22,2021-12-30,11,856,867
22,2021-12-31,1,787,788
24,2021-01-01,31,2267,2298
24,2021-01-02,171,4052,4223
24,2021-01-03,36,2876,2912
24,2021-01-04,257,5435,5692
24,2021-01-05,266,5849,6115
24,2021-01-06,263,5656,5919
24,2021-01-07,300,5860,6160
24,2021-01-08,292,6127,6419
24,2021-01-09,181,5332,5513
24,2021-01-10,40,3358,3398
24,2021-01-11,328,7001,7329
24,2021-01-12,301,7571,7872
24,2021-01-13,310,6984,7294
24,2021-01-14,289,6473,6762
24,2021-01-15,333,6913,7246
24,2021-01-16,221,5363,5584
24,2021-01-17,37,3182,3219
24,2021-01-18,285,6948,7233
24,2021-01-19,263,7015,7278
24,2021-01-20,323,6967,7290
24,2021-01-21,321,6757,7078
24,2021-01-22,320,7309,7629
24,2021-01-23,223,5479,5702
24,2021-01-24,47,3383,3430
24,2021-01-25,316,6874,7190
24,2021-01-26,309,7301,7610
24,2021-01-27,258,7018,7276
24,2021-01-28,257,7654,7911
24,2021-01-29,308,8060,8368
24,2021-01-30,195,5719,5914
24,2021-01-31,31,3542,3573
24,2021-02-01,338,7398,7736
24,2021-02-02,264,7310,7574
24,2021-02-03,287,7267,7554
24,2021-02-04,316,7554,7870
24,2021-02-05,283,7703,7986
24,2021-02-06,217,5497,5714
24,2021-02-07,31,3554,3585
24,2021-02-08,291,6854,7145
24,2021-02-09,291,7022,7313
24,2021-02-10,295,6896,7191
24,2021-02-11,286,6857,7143
24,2021-02-12,321,7173,7494
24,2021-02-13,217,5673,5890
24,2021-02-14,42,4001,4043
24,2021-02-15,297,6640,6937
24,2021-02-16,319,6967,7286
24,2021-02-17,318,6635,6953
24,2021-02-18,292,6930,7222
24,2021-02-19,323,7240,7563
24,2021-02-20,229,5975,6204
24,2021-02-21,55,4176,4231
24,2021-02-22,284,6957,7241
24,2021-02-23,329,7315,7644
24,2021-02-24,337,7124,7461
24,2021-02-25,339,7448,7787
24,2021-02-26,352,7812,8164
24,2021-02-27,222,6083,6305
24,2021-02-28,41,4178,4219
24,2021-03-01,362,7072,7434
24,2021-03-02,353,7368,7721
24,2021-03-03,318,7349,7667
24,2021-03-04,282,7286,7568
24,2021-03-05,342,7597,7939
24,2021-03-06,278,9125,9403
24,2021-03-07,43,4985,5028
24,2021-03-08,327,7668,7995
24,2021-03-09,378,7468,7846
24,2021-03-10,349,7358,7707
24,2021-03-11,307,7229,7536
24,2021-03-12,346,7639,7985
24,2021-03-13,252,5622,5874
24,2021-03-14,55,3753,3808
24,2021-03-15,303,7051,7354
24,2021-03-16,274,7118,7392
24,2021-03-17,368,7142,7510
24,2021-03-18,301,7147,7448
24,2021-03-19,320,7621,7941
24,2021-03-20,245,6022,6267
24,2021-03-21,46,3770,3816
24,2021-03-22,313,7016,7329
24,2021-03-23,331,7364,7695
24,2021-03-24,340,7254,7594
24,2021-03-25,347,7153,7500
24,2021-03-26,363,7712,8075
24,2021-03-27,231,5866,6097
24,2021-03-29,304,7329,7633
24,2021-03-30,317,7278,7595
24,2021-03-31,318,7459,7777
24,2021-04-01,300,7769,8069
24,2021-04-02,327,8089,8416
24,2021-04-03,224,6126,6350
24,2021-04-04,42,3923,3965
24,2021-04-05,38,3283,3321
24,2021-04-06,322,6698,7020
24,2021-04-07,325,6560,6885
24,2021-04-08,352,6898,7250
24,2021-04-09,333,7209,7542
24,2021-04-10,189,5719,5908
24,2021-04-11,40,3671,3711
24,2021-04-12,466,8253,8719
24,2021-04-13,478,8443,8921
24,2021-04-14,496,8306,8802
24,2021-04-15,345,7543,7888
24,2021-04-16,329,7722,8051
24,2021-04-17,217,6270,6487
24,2021-04-18,33,3951,3984
24,2021-04-19,295,7319,7614
24,2021-04-20,316,7439,7755
24,2021-04-21,293,7355,7648
24,2021-04-22,304,7579,7883
24,2021-04-23,317,7974,8291
24,2021-04-24,230,6545,6775
24,2021-04-25,47,4737,4784
24,2021-04-26,286,7402,7688
24,2021-04-27,275,7626,7901
24,2021-04-28,293,7886,8179
24,2021-04-29,323,7679,8002
24,2021-04-30,294,8482,8776
24,2021-05-01,35,5705,5740
24,2021-05-02,36,4782,4818
24,2021-05-03,283,7726,8009
24,2021-05-04,285,7534,7819
24,2021-05-05,292,7516,7808
24,2021-05-06,307,7553,7860
24,2021-05-07,327,8201,8528
24,2021-05-08,206,6924,7130
24,2021-05-09,41,4965,5006
24,2021-05-10,254,7599,7853
24,2021-05-11,268,7966,8234
24,2021-05-12,303,8065,8368
24,2021-05-13,38,4937,4975
24,2021-05-14,254,7820,8074
24,2021-05-15,189,6217,6406
24,2021-05-16,44,4438,4482
24,2021-05-17,279,7647,7926
24,2021-05-18,315,7731,8046
24,2021-05-19,329,7732,8061
24,2021-05-20,353,7984,8337
24,2021-05-21,339,8552,8891
24,2021-05-22,192,7146,7338
24,2021-05-23,42,4760,4802
24,2021-05-24,53,4257,4310
24,2021-05-25,288,7689,7977
24,2021-05-26,264,7401,7665
24,2021-05-27,261,8059,8320
24,2021-05-28,269,8530,8799
24,2021-05-29,193,7272,7465
24,2021-05-30,37,5525,5562
24,2021-05-31,280,7995,8275
24,2021-06-01,243,8277,8520
24,2021-06-02,249,8000,8249
24,2021-06-03,272,8102,8374
24,2021-06-04,299,8500,8799
24,2021-06-05,221,7214,7435
24,2021-06-06,49,4958,5007
24,2021-06-07,245,8068,8313
24,2021-06-08,302,8156,8458
24,2021-06-09,249,8195,8444
24,2021-06-10,261,8507,8768
24,2021-06-11,262,8918,9180
24,2021-06-12,209,7309,7518
24,2021-06-13,36,5487,5523
24,2021-06-14,279,8176,8455
24,2021-06-15,264,8474,8738
24,2021-06-16,276,8200,8476
24,2021-06-17,292,8315,8607
24,2021-06-18,277,8954,9231
24,2021-06-19,180,7253,7433
24,2021-06-20,38,4873,4911
24,2021-06-21,268,7925,8193
24,2021-06-22,271,8371,8642
24,2021-06-23,65,6288,6353
24,2021-06-24,294,7946,8240
24,2021-06-25,273,8776,9049
24,2021-06-26,211,7221,7432
24,2021-06-27,35,5143,5178
24,2021-06-28,267,7974,8241
24,2021-06-29,278,8288,8566
24,2021-06-30,266,8281,8547
24,2021-07-01,292,8321,8613
24,2021-07-02,281,8720,9001
24,2021-07-03,188,7179,7367
24,2021-07-04,48,5161,5209
24,2021-07-05,277,7791,8068
24,2021-07-06,270,8207,8477
24,2021-07-07,290,8056,8346
24,2021-07-08,258,7890,8148
24,2021-07-09,304,8533,8837
24,2021-07-10,211,7257,7468
24,2021-07-11,57,5138,5195
24,2021-07-12,280,8015,8295
24,2021-07-13,224,7775,7999
24,2021-07-14,221,7635,7856
24,2021-07-15,260,8689,8949
24,2021-07-16,249,8156,8405
24,2021-07-17,198,7017,7215
24,2021-07-18,49,5160,5209
24,2021-07-19,283,6838,7121
24,2021-07-20,275,7920,8195
24,2021-07-21,275,7690,7965
24,2021-07-22,273,7568,7841
24,2021-07-23,288,8053,8341
24,2021-07-24,210,6475,6685
24,2021-07-25,56,4999,5055
24,2021-07-26,313,7203,7516
24,2021-07-27,289,7266,7555
24,2021-07-28,245,7766,8011
24,2021-07-29,230,7680,7910
24,2021-07-30,277,7870,8147
24,2021-07-31,180,6090,6270
24,2021-08-01,38,4492,4530
24,2021-08-02,225,6288,6513
24,2021-08-03,213,6541,6754
24,2021-08-04,235,6492,6727
24,2021-08-05,228,6477,6705
24,2021-08-06,231,6748,6979
24,2021-08-07,181,5132,5313
24,2021-08-08,49,3757,3806
24,2021-08-09,217,5807,6024
24,2021-08-10,224,5979,6203
24,2021-08-11,210,5856,6066
24,2021-08-12,223,6110,6333
24,2021-08-13,229,6357,6586
24,2021-08-14,171,5128,5299
24,2021-08-15,41,4286,4327
24,2021-08-16,220,5770,5990
24,2021-08-17,209,5959,6168
24,2021-08-18,210,5945,6155
24,2021-08-19,231,6070,6301
24,2021-08-20,213,6749,6962
24,2021-08-21,170,5437,5607
24,2021-08-22,41,4124,4165
24,2021-08-23,297,6646,6943
24,2021-08-24,239,6704,6943
24,2021-08-25,257,6736,6993
24,2021-08-26,241,6782,7023
24,2021-08-27,264,7350,7614
24,2021-08-28,179,6088,6267
24,2021-08-29,38,4361,4399
24,2021-08-30,226,7005,7231
24,2021-08-31,255,7095,7350
24,2021-09-01,244,7117,7361
24,2021-09-02,263,6856,7119
24,2021-09-03,242,7239,7481
24,2021-09-04,176,6579,6755
24,2021-09-05,52,4989,5041
24,2021-09-06,261,6909,7170
24,2021-09-07,238,7012,7250
24,2021-09-08,265,6867,7132
24,2021-09-09,249,6999,7248
24,2021-09-10,276,7894,8170
24,2021-09-11,172,6650,6822
24,2021-09-12,42,5222,5264
24,2021-09-13,254,7323,7577
24,2021-09-14,224,7577,7801
24,2021-09-15,229,7861,8090
24,2021-09-16,263,7636,7899
24,2021-09-17,247,8403,8650
24,2021-09-18,180,7187,7367
24,2021-09-19,40,4967,5007
24,2021-09-20,254,7457,7711
24,2021-09-21,235,7755,7990
24,2021-09-22,247,7755,8002
24,2021-09-23,253,7873,8126
24,2021-09-24,279,8289,8568
24,2021-09-25,173,6828,7001
24,2021-09-26,50,4923,4973
24,2021-09-27,251,7582,7833
24,2021-09-28,269,8082,8351
24,2021-09-29,280,8070,8350
24,2021-09-30,274,8278,8552
24,2021-10-01,242,8645,8887
24,2021-10-02,171,7296,7467
24,2021-10-03,53,4757,4810
24,2021-10-04,367,7973,8340
24,2021-10-05,268,7918,8186
24,2021-10-06,269,7883,8152
24,2021-10-07,261,7940,8201
24,2021-10-08,315,8741,9056
24,2021-10-09,167,7502,7669
24,2021-10-10,47,5152,5199
24,2021-10-11,277,7911,8188
24,2021-10-12,283,7982,8265
24,2021-10-13,257,7818,8075
24,2021-10-14,277,7993,8270
24,2021-10-15,288,8268,8556
24,2021-10-16,204,7067,7271
24,2021-10-17,47,5025,5072
24,2021-10-18,274,7751,8025
24,2021-10-19,263,7958,8221
24,2021-10-20,277,7938,8215
24,2021-10-21,271,7668,7939
24,2021-10-22,314,8166,8480
24,2021-10-23,188,7116,7304
24,2021-10-24,44,5043,5087
24,2021-10-25,290,7790,8080
24,2021-10-26,293,8762,9055
24,2021-10-27,318,9441,9759
24,2021-10-28,264,8490,8754
24,2021-10-29,269,8344,8613
24,2021-10-30,208,6830,7038
24,2021-11-01,59,4861,4920
24,2021-11-02,246,7402,7648
24,2021-11-03,265,7518,7783
24,2021-11-04,277,7568,7845
24,2021-11-05,294,7682,7976
24,2021-11-06,194,6937,7131
24,2021-11-07,52,4796,4848
24,2021-11-08,304,7530,7834
24,2021-11-09,338,7878,8216
24,2021-11-10,340,7839,8179
24,2021-11-11,308,8029,8337
24,2021-11-12,313,8350,8663
24,2021-11-13,199,6664,6863
24,2021-11-14,54,4818,4872
24,2021-11-15,329,7706,8035
24,2021-11-16,265,7926,8191
24,2021-11-17,273,7565,7838
24,2021-11-18,347,7780,8127
24,2021-11-19,350,8245,8595
24,2021-11-20,215,6949,7164
24,2021-11-21,46,4673,4719
24,2021-11-22,295,7700,7995
24,2021-11-23,306,7565,7871
24,2021-11-24,338,7706,8044
24,2021-11-25,342,8026,8368
24,2021-11-26,316,8193,8509
24,2021-11-27,183,6817,7000
24,2021-11-28,57,4938,4995
24,2021-11-29,304,7744,8048
24,2021-11-30,247,7740,7987
24,2021-12-01,226,7915,8141
24,2021-12-02,284,7808,8092
24,2021-12-03,277,8085,8362
24,2021-12-04,182,6874,7056
24,2021-12-05,49,4775,4824
24,2021-12-06,297,7411,7708
24,2021-12-07,271,7669,7940
24,2021-12-08,319,7649,7968
24,2021-12-09,259,7686,7945
24,2021-12-10,248,8326,8574
24,2021-12-11,188,6935,7123
24,2021-12-12,52,4647,4699
24,2021-12-13,264,7836,8100
24,2021-12-14,266,7787,8053
24,2021-12-15,304,8159,8463
24,2021-12-16,278,8284,8562
24,2021-12-17,289,8767,9056
24,2021-12-18,186,6756,6942
24,2021-12-19,48,4832,4880
24,2021-12-20,251,7778,8029
24,2021-12-21,251,7708,7959
24,2021-12-22,270,7814,8084
24,2021-12-23,251,7986,8237
24,2021-12-24,189,6746,6935
24,2021-12-25,32,3655,3687
24,2021-12-26,29,3842,3871
24,2021-12-27,201,5984,6185
24,2021-12-28,168,6174,6342
24,2021-12-29,175,6488,6663
24,2021-12-30,206,6555,6761
24,2021-12-31,194,6528,6722
25,2021-01-01,20,3251,3271
25,2021-01-02,82,7632,7714
25,2021-01-03,21,4668,4689
25,2021-01-04,200,11035,11235
25,2021-01-05,220,11397,11617
25,2021-01-06,213,11437,11650
25,2021-01-07,233,11398,11631
25,2021-01-08,238,12358,12596
25,2021-01-09,125,9974,10099
25,2021-01-10,28,5917,5945
25,2021-01-11,313,12543,12856
25,2021-01-12,232,12671,12903
25,2021-01-13,264,12577,12841
25,2021-01-14,222,9894,10116
25,2021-01-15,250,12159,12409
25,2021-01-16,153,9557,9710
25,2021-01-17,27,5381,5408
25,2021-01-18,279,12467,12746
25,2021-01-19,259,12577,12836
25,2021-01-20,375,13158,13533
25,2021-01-21,268,12085,12353
25,2021-01-22,271,13262,13533
25,2021-01-23,143,10449,10592
25,2021-01-24,38,5854,5892
25,2021-01-25,293,12393,12686
25,2021-01-26,323,13453,13776
25,2021-01-27,281,11805,12086
25,2021-01-28,265,11011,11276
25,2021-01-29,306,12335,12641
25,2021-01-30,85,7208,7293
25,2021-01-31,31,4656,4687
25,2021-02-01,242,11506,11748
25,2021-02-02,260,11534,11794
25,2021-02-03,200,10674,10874
25,2021-02-04,306,12520,12826
25,2021-02-05,289,12933,13222
25,2021-02-06,109,8422,8531
25,2021-02-07,18,5205,5223
25,2021-02-08,276,11401,11677
25,2021-02-09,344,11916,12260
25,2021-02-10,371,12039,12410
25,2021-02-11,330,12156,12486
25,2021-02-12,304,12760,13064
25,2021-02-13,175,8949,9124
25,2021-02-14,41,5544,5585
25,2021-02-15,330,10882,11212
25,2021-02-16,289,11515,11804
25,2021-02-17,303,11421,11724
25,2021-02-18,346,11462,11808
25,2021-02-19,297,12162,12459
25,2021-02-20,179,9544,9723
25,2021-02-21,60,6124,6184
25,2021-02-22,394,12423,12817
25,2021-02-23,398,13211,13609
25,2021-02-24,365,13424,13789
25,2021-02-25,444,13394,13838
25,2021-02-26,344,13468,13812
25,2021-02-27,236,10697,10933
25,2021-02-28,86,6430,6516
25,2021-03-01,415,12852,13267
25,2021-03-02,429,13218,13647
25,2021-03-03,446,13059,13505
25,2021-03-04,473,12771,13244
25,2021-03-05,466,13557,14023
25,2021-03-06,346,11318,11664
25,2021-03-07,82,6524,6606
25,2021-03-08,436,12825,13261
25,2021-03-09,438,13238,13676
25,2021-03-10,415,13196,13611
25,2021-03-11,326,11824,12150
25,2021-03-12,441,13575,14016
25,2021-03-13,179,9317,9496
25,2021-03-14,122,5947,6069
25,2021-03-15,367,12590,12957
25,2021-03-16,384,13000,13384
25,2021-03-17,490,12926,13416
25,2021-03-18,468,13193,13661
25,2021-03-19,451,13690,14141
25,2021-03-20,259,10825,11084
25,2021-03-21,95,6096,6191
25,2021-03-22,417,12564,12981
25,2021-03-23,433,13027,13460
25,2021-03-24,448,13394,13842
25,2021-03-25,430,13422,13852
25,2021-03-26,445,14157,14602
25,2021-03-27,280,10068,10348
25,2021-03-29,426,12523,12949
25,2021-03-30,439,13124,13563
25,2021-03-31,415,12815,13230
25,2021-04-01,437,12896,13333
25,2021-04-02,456,13966,14422
25,2021-04-03,328,10279,10607
25,2021-04-04,82,5810,5892
25,2021-04-05,88,4813,4901
25,2021-04-06,400,11820,12220
25,2021-04-07,438,12184,12622
25,2021-04-08,493,12279,12772
25,2021-04-09,456,13092,13548
25,2021-04-10,144,8541,8685
25,2021-04-11,66,4811,4877
25,2021-04-12,764,14269,15033
25,2021-04-13,793,14768,15561
25,2021-04-14,845,14582,15427
25,2021-04-15,503,12705,13208
25,2021-04-16,433,13418,13851
25,2021-04-17,335,10464,10799
25,2021-04-18,96,6298,6394
25,2021-04-19,429,13348,13777
25,2021-04-20,452,13710,14162
25,2021-04-21,418,13798,14216
25,2021-04-22,460,13724,14184
25,2021-04-23,476,14882,15358
25,2021-04-24,369,11809,12178
25,2021-04-25,93,7740,7833
25,2021-04-26,433,13444,13877
25,2021-04-27,434,14073,14507
25,2021-04-28,410,14054,14464
25,2021-04-29,433,14231,14664
25,2021-04-30,389,15529,15918
25,2021-05-01,131,7842,7973
25,2021-05-02,74,7469,7543
25,2021-05-03,356,13988,14344
25,2021-05-04,295,13173,13468
25,2021-05-05,375,13681,14056
25,2021-05-06,364,13513,13877
25,2021-05-07,399,15459,15858
25,2021-05-08,187,12205,12392
25,2021-05-09,37,7839,7876
25,2021-05-10,312,13592,13904
25,2021-05-11,349,14158,14507
25,2021-05-12,395,15087,15482
25,2021-05-13,55,6807,6862
25,2021-05-14,227,13883,14110
25,2021-05-15,133,11027,11160
25,2021-05-16,64,6982,7046
25,2021-05-17,291,13054,13345
25,2021-05-18,313,13692,14005
25,2021-05-19,406,13912,14318
25,2021-05-20,383,14429,14812
25,2021-05-21,375,15124,15499
25,2021-05-22,175,12696,12871
25,2021-05-23,31,7465,7496
25,2021-05-24,32,5728,5760
25,2021-05-25,294,13946,14240
25,2021-05-26,270,13511,13781
25,2021-05-27,338,14268,14606
25,2021-05-28,399,15692,16091
25,2021-05-29,167,12443,12610
25,2021-05-30,53,8415,8468
25,2021-05-31,373,14137,14510
25,2021-06-01,381,14249,14630
25,2021-06-02,382,14281,14663
25,2021-06-03,352,14272,14624
25,2021-06-04,321,14512,14833
25,2021-06-05,152,11527,11679
25,2021-06-06,83,7520,7603
25,2021-06-07,355,13790,14145
25,2021-06-08,356,14034,14390
25,2021-06-09,345,14362,14707
25,2021-06-10,324,14667,14991
25,2021-06-11,367,15531,15898
25,2021-06-12,307,12865,13172
25,2021-06-13,85,8554,8639
25,2021-06-14,348,13808,14156
25,2021-06-15,354,14354,14708
25,2021-06-16,413,13984,14397
25,2021-06-17,380,14342,14722
25,2021-06-18,354,15390,15744
25,2021-06-19,257,11750,12007
25,2021-06-20,73,7885,7958
25,2021-06-21,350,13960,14310
25,2021-06-22,344,14218,14562
25,2021-06-23,107,11078,11185
25,2021-06-24,365,14268,14633
25,2021-06-25,389,15056,15445
25,2021-06-26,240,12159,12399
25,2021-06-27,79,8746,8825
25,2021-06-28,324,13954,14278
25,2021-06-29,301,14061,14362
25,2021-06-30,315,14428,14743
25,2021-07-01,359,14681,15040
25,2021-07-02,379,14953,15332
25,2021-07-03,234,12476,12710
25,2021-07-04,90,8048,8138
25,2021-07-05,300,13699,13999
25,2021-07-06,286,12493,12779
25,2021-07-07,354,14032,14386
25,2021-07-08,346,14377,14723
25,2021-07-09,286,15217,15503
25,2021-07-10,225,12266,12491
25,2021-07-11,88,8260,8348
25,2021-07-12,276,13249,13525
25,2021-07-13,195,10984,11179
25,2021-07-14,247,11355,11602
25,2021-07-15,271,12936,13207
25,2021-07-16,318,14931,15249
25,2021-07-17,152,11718,11870
25,2021-07-18,33,8164,8197
25,2021-07-19,267,13245,13512
25,2021-07-20,303,13484,13787
25,2021-07-21,252,13370,13622
25,2021-07-22,303,13768,14071
25,2021-07-23,327,14353,14680
25,2021-07-24,127,10339,10466
25,2021-07-25,33,7627,7660
25,2021-07-26,262,12740,13002
25,2021-07-27,336,11998,12334
25,2021-07-28,280,13592,13872
25,2021-07-29,317,13668,13985
25,2021-07-30,239,13775,14014
25,2021-07-31,139,10383,10522
25,2021-08-01,42,6936,6978
25,2021-08-02,225,10838,11063
25,2021-08-03,162,10473,10635
25,2021-08-04,198,11407,11605
25,2021-08-05,199,11355,11554
25,2021-08-06,177,11880,12057
25,2021-08-07,124,8934,9058
25,2021-08-08,42,6285,6327
25,2021-08-09,190,10575,10765
25,2021-08-10,181,10702,10883
25,2021-08-11,179,10632,10811
25,2021-08-12,193,10716,10909
25,2021-08-13,160,11364,11524
25,2021-08-14,79,9064,9143
25,2021-08-15,20,6490,6510
25,2021-08-16,168,10606,10774
25,2021-08-17,209,11004,11213
25,2021-08-18,199,10899,11098
25,2021-08-19,188,11338,11526
25,2021-08-20,194,12047,12241
25,2021-08-21,136,9091,9227
25,2021-08-22,30,6573,6603
25,2021-08-23,282,11918,12200
25,2021-08-24,311,12849,13160
25,2021-08-25,328,12766,13094
25,2021-08-26,361,13260,13621
25,2021-08-27,364,14254,14618
25,2021-08-28,209,11158,11367
25,2021-08-29,85,7455,7540
25,2021-08-30,393,13729,14122
25,2021-08-31,422,14505,14927
25,2021-09-01,442,14532,14974
25,2021-09-02,422,14772,15194
25,2021-09-03,421,15885,16306
25,2021-09-04,272,12217,12489
25,2021-09-05,97,8354,8451
25,2021-09-06,381,14367,14748
25,2021-09-07,431,14886,15317
25,2021-09-08,457,15415,15872
25,2021-09-09,480,15542,16022
25,2021-09-10,461,15649,16110
25,2021-09-11,256,13385,13641
25,2021-09-12,104,9180,9284
25,2021-09-13,411,14952,15363
25,2021-09-14,418,15114,15532
25,2021-09-15,374,14181,14555
25,2021-09-16,399,15747,16146
25,2021-09-17,415,16384,16799
25,2021-09-18,322,14413,14735
25,2021-09-19,73,9432,9505
25,2021-09-20,417,14888,15305
25,2021-09-21,430,15608,16038
25,2021-09-22,411,15588,15999
25,2021-09-23,387,15789,16176
25,2021-09-24,427,16560,16987
25,2021-09-25,229,14108,14337
25,2021-09-26,58,9110,9168
25,2021-09-27,342,14452,14794
25,2021-09-28,372,15144,15516
25,2021-09-29,392,14670,15062
25,2021-09-30,385,16053,16438
25,2021-10-01,425,16761,17186
25,2021-10-02,159,13410,13569
25,2021-10-03,27,7954,7981
25,2021-10-04,399,15200,15599
25,2021-10-05,368,14371,14739
25,2021-10-06,355,15092,15447
25,2021-10-12,424,15315,15739
25,2021-10-13,372,15323,15695
25,2021-10-14,427,15577,16004
25,2021-10-15,428,16550,16978
25,2021-10-16,229,14503,14732
25,2021-10-17,56,8881,8937
25,2021-10-18,383,14783,15166
25,2021-10-19,332,15204,15536
25,2021-10-20,394,15320,15714
25,2021-10-21,362,14231,14593
25,2021-10-22,417,16460,16877
25,2021-10-23,199,13600,13799
25,2021-10-24,70,9039,9109
25,2021-10-25,364,14045,14409
25,2021-10-26,376,14638,15014
25,2021-10-27,476,14988,15464
25,2021-10-28,402,15310,15712
25,2021-10-29,402,15799,16201
25,2021-10-30,116,11713,11829
25,2021-11-01,42,7322,7364
25,2021-11-02,336,14120,14456
25,2021-11-03,318,13266,13584
25,2021-11-04,404,14576,14980
25,2021-11-05,428,15236,15664
25,2021-11-06,200,13139,13339
25,2021-11-07,56,8110,8166
25,2021-11-08,387,15074,15461
25,2021-11-09,497,15811,16308
25,2021-11-10,506,15906,16412
25,2021-11-11,404,15728,16132
25,2021-11-12,467,16449,16916
25,2021-11-13,180,13725,13905
25,2021-11-14,51,8571,8622
25,2021-11-15,482,14828,15310
25,2021-11-16,501,14807,15308
25,2021-11-17,465,15290,15755
25,2021-11-18,440,15849,16289
25,2021-11-19,464,16143,16607
25,2021-11-20,213,13454,13667
25,2021-11-21,52,7872,7924
25,2021-11-22,439,14505,14944
25,2021-11-23,450,15247,15697
25,2021-11-24,437,15434,15871
25,2021-11-25,472,15768,16240
25,2021-11-26,404,15788,16192
25,2021-11-27,180,13059,13239
25,2021-11-28,57,8148,8205
25,2021-11-29,437,14783,15220
25,2021-11-30,337,14783,15120
25,2021-12-01,393,13440,13833
25,2021-12-02,436,15386,15822
25,2021-12-03,409,15665,16074
25,2021-12-04,134,12110,12244
25,2021-12-05,42,7735,7777
25,2021-12-06,351,13933,14284
25,2021-12-07,395,15039,15434
25,2021-12-08,377,14896,15273
25,2021-12-09,407,15054,15461
25,2021-12-10,269,11779,12048
25,2021-12-11,165,12970,13135
25,2021-12-12,51,8142,8193
25,2021-12-13,359,14799,15158
25,2021-12-14,428,15413,15841
25,2021-12-15,396,15480,15876
25,2021-12-16,419,15591,16010
25,2021-12-17,422,16536,16958
25,2021-12-18,194,12732,12926
25,2021-12-19,65,8090,8155
25,2021-12-20,309,14239,14548
25,2021-12-21,322,14759,15081
25,2021-12-22,315,14823,15138
25,2021-12-23,288,15422,15710
25,2021-12-24,145,12302,12447
25,2021-12-25,27,5150,5177
25,2021-12-26,30,5067,5097
25,2021-12-27,119,10063,10182
25,2021-12-28,133,10871,11004
25,2021-12-29,170,11731,11901
25,2021-12-30,168,12316,12484
25,2021-12-31,150,11795,11945
26,2021-01-01,58,8680,8738
26,2021-01-02,262,17609,17871
26,2021-01-03,127,11116,11243
26,2021-01-04,1612,22573,24185
26,2021-01-05,1846,22940,24786
26,2021-01-06,1953,23113,25066
26,2021-01-07,1975,23312,25287
26,2021-01-08,2040,25021,27061
26,2021-01-09,587,21727,22314
26,2021-01-10,146,13358,13504
26,2021-01-11,2424,25698,28122
26,2021-01-12,2164,19590,21754
26,2021-01-13,2374,22274,24648
26,2021-01-14,2303,21834,24137
26,2021-01-15,2043,24432,26475
26,2021-01-16,540,22194,22734
26,2021-01-17,108,12437,12545
26,2021-01-18,2258,25385,27643
26,2021-01-19,2226,23257,25483
26,2021-01-20,2614,26365,28979
26,2021-01-21,2442,23865,26307
26,2021-01-22,2294,26206,28500
26,2021-01-23,620,23085,23705
26,2021-01-24,137,13798,13935
26,2021-01-25,2341,25001,27342
26,2021-01-26,2482,26457,28939
26,2021-01-27,2302,23634,25936
26,2021-01-28,2447,21729,24176
26,2021-01-29,2371,24355,26726
26,2021-01-30,557,21447,22004
26,2021-01-31,123,13000,13123
26,2021-02-01,2438,24527,26965
26,2021-02-02,2423,23182,25605
26,2021-02-03,2503,22305,24808
26,2021-02-04,2583,26660,29243
26,2021-02-05,2598,26757,29355
26,2021-02-06,651,21960,22611
26,2021-02-07,100,12903,13003
26,2021-02-08,2506,24117,26623
26,2021-02-09,2651,24755,27406
26,2021-02-10,2544,26071,28615
26,2021-02-11,2569,25381,27950
26,2021-02-12,2592,26371,28963
26,2021-02-13,675,22826,23501
26,2021-02-14,137,13677,13814
26,2021-02-15,2500,23853,26353
26,2021-02-16,2622,24536,27158
26,2021-02-17,2705,24538,27243
26,2021-02-18,2708,24331,27039
26,2021-02-19,2822,26131,28953
26,2021-02-20,749,22999,23748
26,2021-02-21,138,15123,15261
26,2021-02-22,3003,25307,28310
26,2021-02-23,2944,26098,29042
26,2021-02-24,2853,25977,28830
26,2021-02-25,3115,26415,29530
26,2021-02-26,2782,26391,29173
26,2021-02-27,773,24642,25415
26,2021-02-28,143,15300,15443
26,2021-03-01,2778,25683,28461
26,2021-03-02,2891,26019,28910
26,2021-03-03,3042,25828,28870
26,2021-03-04,2828,25228,28056
26,2021-03-05,2883,27425,30308
26,2021-03-06,874,23575,24449
26,2021-03-07,152,14916,15068
26,2021-03-08,2968,25196,28164
26,2021-03-09,3258,25999,29257
26,2021-03-10,3195,26013,29208
26,2021-03-11,2884,23742,26626
26,2021-03-12,2952,26112,29064
26,2021-03-13,614,21912,22526
26,2021-03-14,139,13749,13888
26,2021-03-15,2890,25346,28236
26,2021-03-16,2887,23263,26150
26,2021-03-17,3178,25818,28996
26,2021-03-18,2911,26547,29458
26,2021-03-19,2769,27642,30411
26,2021-03-20,879,24918,25797
26,2021-03-21,166,14419,14585
26,2021-03-22,2794,25543,28337
26,2021-03-23,3048,26226,29274
26,2021-03-24,3052,26151,29203
26,2021-03-25,3020,26779,29799
26,2021-03-26,2878,27884,30762
26,2021-03-27,822,24438,25260
26,2021-03-29,2872,25837,28709
26,2021-03-30,2940,26871,29811
26,2021-03-31,2984,27237,30221
26,2021-04-01,2824,27910,30734
26,2021-04-02,2570,29197,31767
26,2021-04-03,739,24491,25230
26,2021-04-04,103,14225,14328
26,2021-04-05,210,11675,11885
26,2021-04-06,2568,25276,27844
26,2021-04-07,2762,25567,28329
26,2021-04-08,2777,26085,28862
26,2021-04-09,2791,26836,29627
26,2021-04-10,646,20343,20989
26,2021-04-11,96,11406,11502
26,2021-04-12,2441,24432,26873
26,2021-04-13,2553,24796,27349
26,2021-04-14,2622,25351,27973
26,2021-04-15,2826,25653,28479
26,2021-04-16,2848,26947,29795
26,2021-04-17,885,24167,25052
26,2021-04-18,153,14718,14871
26,2021-04-19,2822,25710,28532
26,2021-04-20,2831,24071,26902
26,2021-04-21,2875,26341,29216
26,2021-04-22,2830,26265,29095
26,2021-04-23,2740,27771,30511
26,2021-04-24,929,25830,26759
26,2021-04-25,163,16827,16990
26,2021-04-26,2690,25828,28518
26,2021-04-27,2811,26284,29095
26,2021-04-28,3034,26636,29670
26,2021-04-29,3012,26973,29985
26,2021-04-30,2942,28668,31610
26,2021-05-01,323,17122,17445
26,2021-05-02,128,16439,16567
26,2021-05-03,2919,26640,29559
26,2021-05-04,2854,24716,27570
26,2021-05-05,2970,25868,28838
26,2021-05-06,2872,25510,28382
26,2021-05-07,2951,28658,31609
26,2021-05-08,801,26818,27619
26,2021-05-09,133,17233,17366
26,2021-05-10,2758,25361,28119
26,2021-05-11,2950,25874,28824
26,2021-05-12,2830,26417,29247
26,2021-05-13,356,16475,16831
26,2021-05-14,1997,27352,29349
26,2021-05-15,649,23709,24358
26,2021-05-16,120,15482,15602
26,2021-05-17,2717,24526,27243
26,2021-05-18,2765,25419,28184
26,2021-05-19,2803,25435,28238
26,2021-05-20,2958,27778,30736
26,2021-05-21,2925,28509,31434
26,2021-05-22,1019,25984,27003
26,2021-05-23,143,16851,16994
26,2021-05-24,268,13807,14075
26,2021-05-25,2732,24430,27162
26,2021-05-26,2651,24731,27382
26,2021-05-27,2946,26996,29942
26,2021-05-28,2845,28516,31361
26,2021-05-29,817,27761,28578
26,2021-05-30,167,18841,19008
26,2021-05-31,2887,26861,29748
26,2021-06-01,2811,27390,30201
26,2021-06-02,2980,27760,30740
26,2021-06-03,2770,27453,30223
26,2021-06-04,2826,26858,29684
26,2021-06-05,886,24475,25361
26,2021-06-06,156,16575,16731
26,2021-06-07,2801,26939,29740
26,2021-06-08,2928,27186,30114
26,2021-06-09,2950,27558,30508
26,2021-06-10,2869,28381,31250
26,2021-06-11,2877,29496,32373
26,2021-06-12,806,28524,29330
26,2021-06-13,189,19992,20181
26,2021-06-14,2736,27028,29764
26,2021-06-15,2848,27787,30635
26,2021-06-16,2928,27612,30540
26,2021-06-17,2864,28197,31061
26,2021-06-18,2672,29471,32143
26,2021-06-19,738,27080,27818
26,2021-06-20,152,17236,17388
26,2021-06-21,2663,27264,29927
26,2021-06-22,2801,27496,30297
26,2021-06-23,1264,22037,23301
26,2021-06-24,3035,26418,29453
26,2021-06-25,2768,29337,32105
26,2021-06-26,864,27601,28465
26,2021-06-27,199,19509,19708
26,2021-06-28,2886,27321,30207
26,2021-06-29,2816,26316,29132
26,2021-06-30,2887,26827,29714
26,2021-07-01,2822,28230,31052
26,2021-07-02,2818,29720,32538
26,2021-07-03,749,28865,29614
26,2021-07-04,164,19131,19295
26,2021-07-05,2598,25796,28394
26,2021-07-06,2820,26609,29429
26,2021-07-07,2979,28449,31428
26,2021-07-08,2994,28079,31073
26,2021-07-09,2877,30153,33030
26,2021-07-10,783,27511,28294
26,2021-07-11,196,19377,19573
26,2021-07-12,2883,27094,29977
26,2021-07-13,2480,21733,24213
26,2021-07-14,2098,21175,23273
26,2021-07-15,2556,24809,27365
26,2021-07-16,2578,29256,31834
26,2021-07-17,758,28728,29486
26,2021-07-18,179,19240,19419
26,2021-07-19,2632,26843,29475
26,2021-07-20,2656,26923,29579
26,2021-07-21,2445,27264,29709
26,2021-07-22,2660,27481,30141
26,2021-07-23,2666,28807,31473
26,2021-07-24,619,25141,25760
26,2021-07-25,165,17688,17853
26,2021-07-26,2505,25905,28410
26,2021-07-27,2762,24516,27278
26,2021-07-28,2655,27293,29948
26,2021-07-29,2479,28040,30519
26,2021-07-30,2139,28284,30423
26,2021-07-31,559,24320,24879
26,2021-08-01,195,16369,16564
26,2021-08-02,1821,23677,25498
26,2021-08-03,1764,23059,24823
26,2021-08-04,1785,24644,26429
26,2021-08-05,1800,24788,26588
26,2021-08-06,1778,25701,27479
26,2021-08-07,456,21499,21955
26,2021-08-08,155,14661,14816
26,2021-08-09,1611,23707,25318
26,2021-08-10,1830,24128,25958
26,2021-08-11,1807,24425,26232
26,2021-08-12,1725,24786,26511
26,2021-08-13,1708,25551,27259
26,2021-08-14,424,21590,22014
26,2021-08-15,122,15335,15457
26,2021-08-16,1629,21891,23520
26,2021-08-17,1710,22960,24670
26,2021-08-18,1862,23765,25627
26,2021-08-19,1760,24573,26333
26,2021-08-20,1831,25854,27685
26,2021-08-21,542,22151,22693
26,2021-08-22,158,15872,16030
26,2021-08-23,2355,25481,27836
26,2021-08-24,2590,24882,27472
26,2021-08-25,2379,24831,27210
26,2021-08-26,2439,26680,29119
26,2021-08-27,2386,27976,30362
26,2021-08-28,608,24949,25557
26,2021-08-29,200,16604,16804
26,2021-08-30,2609,25996,28605
26,2021-08-31,2631,27080,29711
26,2021-09-01,2632,26920,29552
26,2021-09-02,2611,26791,29402
26,2021-09-03,2555,28117,30672
26,2021-09-04,672,24036,24708
26,2021-09-05,175,17482,17657
26,2021-09-06,2557,26909,29466
26,2021-09-07,2653,27321,29974
26,2021-09-08,2631,28127,30758
26,2021-09-09,2630,27858,30488
26,2021-09-10,2531,28827,31358
26,2021-09-11,732,28970,29702
26,2021-09-12,202,20529,20731
26,2021-09-13,2560,27900,30460
26,2021-09-14,2562,27878,30440
26,2021-09-15,2501,27350,29851
26,2021-09-16,2581,28746,31327
26,2021-09-17,2565,30393,32958
26,2021-09-18,915,29790,30705
26,2021-09-19,176,20692,20868
26,2021-09-20,2528,27444,29972
26,2021-09-21,2633,28152,30785
26,2021-09-22,2637,28169,30806
26,2021-09-23,2613,28714,31327
26,2021-09-24,2649,30015,32664
26,2021-09-25,847,29967,30814
26,2021-09-26,181,19862,20043
26,2021-09-27,2574,26055,28629
26,2021-09-28,2672,28234,30906
26,2021-09-29,2493,26585,29078
26,2021-09-30,2566,28985,31551
26,2021-10-01,2533,30725,33258
26,2021-10-02,634,29214,29848
26,2021-10-03,129,17372,17501
26,2021-10-04,2629,27968,30597
26,2021-10-05,2541,27089,29630
26,2021-10-06,2538,25598,28136
26,2021-10-07,2513,28486,30999
26,2021-10-08,2515,30273,32788
26,2021-10-09,785,30018,30803
26,2021-10-10,203,20745,20948
26,2021-10-11,2542,27852,30394
26,2021-10-12,2491,28446,30937
26,2021-10-13,2685,28735,31420
26,2021-10-14,2564,29419,31983
26,2021-10-15,2305,30801,33106
26,2021-10-16,682,30234,30916
26,2021-10-17,157,19960,20117
26,2021-10-18,2430,27738,30168
26,2021-10-19,2502,28138,30640
26,2021-10-20,2592,27672,30264
26,2021-10-21,2642,27326,29968
26,2021-10-22,2498,30455,32953
26,2021-10-23,667,29709,30376
26,2021-10-24,159,20834,20993
26,2021-10-25,2389,27698,30087
26,2021-10-26,2372,28075,30447
26,2021-10-27,2533,28123,30656
26,2021-10-28,2582,29278,31860
26,2021-10-29,2518,29892,32410
26,2021-10-30,552,27261,27813
27,2021-01-02,19,1287,1306
27,2021-01-03,13,1103,1116
27,2021-01-04,39,1658,1697
27,2021-01-05,33,1670,1703
27,2021-01-06,54,1729,1783
27,2021-01-07,71,1757,1828
27,2021-01-08,48,1839,1887
27,2021-01-09,22,1271,1293
27,2021-01-10,9,1203,1212
27,2021-01-11,66,1917,1983
27,2021-01-12,67,1920,1987
27,2021-01-13,72,1932,2004
27,2021-01-14,66,1914,1980
27,2021-01-15,75,2060,2135
27,2021-01-16,17,1419,1436
27,2021-01-17,8,1104,1112
27,2021-01-18,71,1808,1879
27,2021-01-19,76,1853,1929
27,2021-01-20,111,1910,2021
27,2021-01-21,69,2006,2075
27,2021-01-22,75,2021,2096
27,2021-01-23,21,1362,1383
27,2021-01-24,17,1134,1151
27,2021-01-25,78,1893,1971
27,2021-01-26,79,2018,2097
27,2021-01-27,65,1768,1833
27,2021-01-28,65,2062,2127
27,2021-01-29,61,2146,2207
27,2021-01-30,24,1466,1490
27,2021-01-31,12,1250,1262
27,2021-02-02,77,1935,2012
27,2021-02-03,74,1992,2066
27,2021-02-04,74,2014,2088
27,2021-02-05,67,2152,2219
27,2021-02-06,11,1435,1446
27,2021-02-07,15,1247,1262
27,2021-02-08,61,1783,1844
27,2021-02-09,73,1951,2024
27,2021-02-10,67,1905,1972
27,2021-02-11,59,2040,2099
27,2021-02-12,69,2021,2090
27,2021-02-13,41,1543,1584
27,2021-02-14,8,1370,1378
27,2021-02-15,77,1688,1765
27,2021-02-16,70,2033,2103
27,2021-02-17,71,2008,2079
27,2021-02-18,92,2093,2185
27,2021-02-19,62,2200,2262
27,2021-02-20,23,1581,1604
27,2021-02-21,20,1660,1680
27,2021-02-22,87,1974,2061
27,2021-02-23,95,2099,2194
27,2021-02-24,85,2100,2185
27,2021-02-25,103,2300,2403
27,2021-02-26,90,2335,2425
27,2021-02-27,38,1641,1679
27,2021-02-28,6,1637,1643
27,2021-03-01,101,2205,2306
27,2021-03-02,76,2229,2305
27,2021-03-03,90,2097,2187
27,2021-03-04,100,2120,2220
27,2021-03-05,88,2244,2332
27,2021-03-06,23,1662,1685
27,2021-03-07,17,1640,1657
27,2021-03-08,91,1961,2052
27,2021-03-09,81,2004,2085
27,2021-03-10,102,2135,2237
27,2021-03-11,70,2095,2165
27,2021-03-12,90,2315,2405
27,2021-03-13,28,1706,1734
27,2021-03-14,26,1460,1486
27,2021-03-15,73,2105,2178
27,2021-03-16,73,2127,2200
27,2021-03-17,71,2166,2237
27,2021-03-18,98,2218,2316
27,2021-03-19,65,2286,2351
27,2021-03-20,28,1730,1758
27,2021-03-21,25,1538,1563
27,2021-03-22,98,2073,2171
27,2021-03-23,106,2145,2251
27,2021-03-24,81,2126,2207
27,2021-03-25,82,2281,2363
27,2021-03-26,75,2252,2327
27,2021-03-27,38,1601,1639
27,2021-03-29,92,2212,2304
27,2021-03-30,91,2172,2263
27,2021-03-31,130,2181,2311
27,2021-04-01,180,2481,2661
27,2021-04-02,71,2409,2480
27,2021-04-03,52,1955,2007
27,2021-04-04,18,1481,1499
27,2021-04-05,30,1335,1365
27,2021-04-06,80,1997,2077
27,2021-04-07,71,1969,2040
27,2021-04-08,90,2147,2237
27,2021-04-09,76,2385,2461
27,2021-04-10,30,1436,1466
27,2021-04-11,4,1314,1318
27,2021-04-12,88,2074,2162
27,2021-04-13,103,2111,2214
27,2021-04-14,114,2196,2310
27,2021-04-15,96,2171,2267
27,2021-04-16,110,2330,2440
27,2021-04-17,40,1686,1726
27,2021-04-18,30,1705,1735
27,2021-04-19,95,2094,2189
27,2021-04-20,114,2257,2371
27,2021-04-21,122,2279,2401
27,2021-04-22,133,2347,2480
27,2021-04-23,138,2523,2661
27,2021-04-24,42,1981,2023
27,2021-04-25,55,2218,2273
27,2021-04-26,111,2280,2391
27,2021-04-27,102,2356,2458
27,2021-04-28,99,2383,2482
27,2021-04-29,114,2338,2452
27,2021-04-30,151,2579,2730
27,2021-05-01,31,1837,1868
27,2021-05-02,46,2057,2103
27,2021-05-03,89,2259,2348
27,2021-05-04,93,2160,2253
27,2021-05-05,125,2267,2392
27,2021-05-06,108,2289,2397
27,2021-05-07,127,2423,2550
27,2021-05-08,68,1995,2063
27,2021-05-09,40,2626,2666
27,2021-05-10,118,2203,2321
27,2021-05-11,102,2240,2342
27,2021-05-12,195,2620,2815
27,2021-05-13,92,2190,2282
27,2021-05-14,100,2353,2453
27,2021-05-15,52,2009,2061
27,2021-05-16,102,1855,1957
27,2021-05-17,100,2266,2366
27,2021-05-18,107,2380,2487
27,2021-05-19,73,2234,2307
27,2021-05-20,133,2557,2690
27,2021-05-21,177,2770,2947
27,2021-05-22,66,2162,2228
27,2021-05-23,21,2275,2296
27,2021-05-24,74,2039,2113
27,2021-05-25,98,2379,2477
27,2021-05-26,87,2398,2485
27,2021-05-27,102,2413,2515
27,2021-05-28,110,2720,2830
27,2021-05-29,44,2302,2346
27,2021-05-30,37,2922,2959
27,2021-05-31,122,2547,2669
27,2021-06-01,91,2648,2739
27,2021-06-02,130,2604,2734
27,2021-06-03,85,2841,2926
27,2021-06-04,105,2787,2892
27,2021-06-05,45,2279,2324
27,2021-06-06,58,2167,2225
27,2021-06-07,99,2461,2560
27,2021-06-08,88,2485,2573
27,2021-06-09,112,2563,2675
27,2021-06-10,85,2547,2632
27,2021-06-11,113,2706,2819
27,2021-06-12,51,2563,2614
27,2021-06-13,34,2584,2618
27,2021-06-14,90,2435,2525
27,2021-06-15,88,2587,2675
27,2021-06-16,97,2515,2612
27,2021-06-17,121,2623,2744
27,2021-06-18,101,2656,2757
27,2021-06-19,80,2568,2648
27,2021-06-20,22,2216,2238
27,2021-06-21,104,2386,2490
27,2021-06-22,100,2507,2607
27,2021-06-23,44,1888,1932
27,2021-06-24,99,2372,2471
27,2021-06-25,85,2717,2802
27,2021-06-26,41,2497,2538
27,2021-06-27,23,2251,2274
27,2021-06-28,87,2539,2626
27,2021-06-29,94,2436,2530
27,2021-06-30,91,2542,2633
27,2021-07-01,106,2678,2784
27,2021-07-02,85,2772,2857
27,2021-07-03,39,2530,2569
27,2021-07-04,25,2073,2098
27,2021-07-05,103,2538,2641
27,2021-07-06,117,2344,2461
27,2021-07-07,103,2617,2720
27,2021-07-08,101,2631,2732
27,2021-07-09,96,2720,2816
27,2021-07-10,28,2402,2430
27,2021-07-11,26,2373,2399
27,2021-07-12,110,2505,2615
27,2021-07-13,71,2518,2589
27,2021-07-14,61,2390,2451
27,2021-07-15,40,1705,1745
27,2021-07-16,83,2368,2451
27,2021-07-17,26,1870,1896
27,2021-07-18,13,1919,1932
27,2021-07-19,84,2410,2494
27,2021-07-20,83,2483,2566
27,2021-07-21,110,2626,2736
27,2021-07-22,113,2598,2711
27,2021-07-23,104,2784,2888
27,2021-07-24,28,2029,2057
27,2021-07-25,17,1989,2006
27,2021-07-26,73,2311,2384
27,2021-07-27,89,2440,2529
27,2021-07-28,83,2546,2629
27,2021-07-29,98,2591,2689
27,2021-07-30,75,2680,2755
27,2021-07-31,38,2386,2424
27,2021-08-01,23,2105,2128
27,2021-08-02,63,2165,2228
27,2021-08-03,65,2201,2266
27,2021-08-04,76,2217,2293
27,2021-08-05,78,2201,2279
27,2021-08-06,56,2393,2449
27,2021-08-07,26,2042,2068
27,2021-08-08,17,2131,2148
27,2021-08-09,46,2214,2260
27,2021-08-10,60,2248,2308
27,2021-08-11,61,2495,2556
27,2021-08-12,78,2480,2558
27,2021-08-13,59,2456,2515
27,2021-08-14,37,2610,2647
27,2021-08-15,42,2638,2680
27,2021-08-16,62,2168,2230
27,2021-08-17,73,2335,2408
27,2021-08-18,69,2267,2336
27,2021-08-19,72,2380,2452
27,2021-08-20,72,2527,2599
27,2021-08-21,36,2410,2446
27,2021-08-22,33,1944,1977
27,2021-08-23,106,2313,2419
27,2021-08-24,83,2579,2662
27,2021-08-25,107,2617,2724
27,2021-08-26,101,2443,2544
27,2021-08-27,62,2530,2592
27,2021-08-28,42,2196,2238
27,2021-08-29,17,1837,1854
27,2021-08-30,99,2311,2410
27,2021-08-31,91,2417,2508
27,2021-09-01,100,2427,2527
27,2021-09-02,135,2624,2759
27,2021-09-03,123,2955,3078
27,2021-09-04,54,2594,2648
27,2021-09-05,32,2457,2489
27,2021-09-06,116,2430,2546
27,2021-09-07,122,2580,2702
27,2021-09-08,132,2659,2791
27,2021-09-09,172,2428,2600
27,2021-09-10,130,2603,2733
27,2021-09-11,39,2649,2688
27,2021-09-12,21,2584,2605
27,2021-09-13,114,2475,2589
27,2021-09-14,107,2456,2563
27,2021-09-15,94,2291,2385
27,2021-09-16,116,2667,2783
27,2021-09-17,101,2762,2863
27,2021-09-18,29,2654,2683
27,2021-09-19,28,2410,2438
27,2021-09-20,82,2442,2524
27,2021-09-21,79,2450,2529
27,2021-09-22,85,2449,2534
27,2021-09-23,94,2542,2636
27,2021-09-24,91,2740,2831
27,2021-09-25,41,2611,2652
27,2021-09-26,21,1991,2012
27,2021-09-27,79,2338,2417
27,2021-09-28,56,2420,2476
27,2021-09-29,71,2356,2427
27,2021-10-01,101,2712,2813
27,2021-10-02,32,2105,2137
27,2021-10-03,18,1805,1823
27,2021-10-04,88,2282,2370
27,2021-10-05,81,2286,2367
27,2021-10-06,75,2313,2388
27,2021-10-07,95,2481,2576
27,2021-10-08,83,2755,2838
27,2021-10-14,74,2416,2490
27,2021-10-15,87,2457,2544
27,2021-10-16,28,2144,2172
27,2021-10-17,19,2114,2133
27,2021-10-18,75,2326,2401
27,2021-10-19,52,2243,2295
27,2021-10-20,58,2339,2397
27,2021-10-21,86,2265,2351
27,2021-10-22,61,2633,2694
27,2021-10-23,25,2026,2051
27,2021-10-24,14,2061,2075
27,2021-10-25,72,2254,2326
27,2021-10-26,97,2326,2423
27,2021-10-27,96,2386,2482
27,2021-10-28,80,2459,2539
27,2021-10-29,133,2672,2805
27,2021-10-30,14,1941,1955
27,2021-11-01,15,1823,1838
27,2021-11-02,84,2351,2435
27,2021-11-03,57,2270,2327
27,2021-11-04,77,2386,2463
27,2021-11-05,71,2400,2471
27,2021-11-06,26,1900,1926
27,2021-11-07,10,1646,1656
27,2021-11-08,124,2229,2353
27,2021-11-09,143,2168,2311
27,2021-11-10,154,2208,2362
27,2021-11-11,128,2450,2578
27,2021-11-12,165,2445,2610
27,2021-11-13,29,1898,1927
27,2021-11-14,7,1759,1766
27,2021-11-15,131,2194,2325
27,2021-11-16,133,2195,2328
27,2021-11-17,90,2138,2228
27,2021-11-18,62,2322,2384
27,2021-11-19,88,2325,2413
27,2021-11-20,27,1855,1882
27,2021-11-21,13,1477,1490
27,2021-11-22,69,2232,2301
27,2021-11-23,82,2202,2284
27,2021-11-24,103,2224,2327
27,2021-11-25,94,2377,2471
27,2021-11-26,84,2381,2465
27,2021-11-27,25,1695,1720
27,2021-11-28,9,1479,1488
27,2021-11-29,67,2100,2167
27,2021-11-30,67,2136,2203
27,2021-12-01,63,2175,2238
27,2021-12-02,90,2181,2271
27,2021-12-03,65,2310,2375
27,2021-12-04,24,1787,1811
27,2021-12-05,9,1455,1464
27,2021-12-06,82,2122,2204
27,2021-12-07,69,2170,2239
27,2021-12-08,84,2226,2310
27,2021-12-09,67,2131,2198
27,2021-12-10,72,2250,2322
27,2021-12-11,16,1635,1651
27,2021-12-12,23,1461,1484
27,2021-12-13,78,2043,2121
27,2021-12-14,78,2111,2189
27,2021-12-15,95,2162,2257
27,2021-12-16,98,2144,2242
27,2021-12-17,87,2417,2504
27,2021-12-18,33,1670,1703
27,2021-12-19,20,1535,1555
27,2021-12-20,74,2016,2090
27,2021-12-21,64,2057,2121
27,2021-12-22,51,1976,2027
27,2021-12-23,63,2030,2093
27,2021-12-24,33,1613,1646
27,2021-12-25,17,747,764
27,2021-12-26,21,1306,1327
27,2021-12-27,32,1628,1660
27,2021-12-28,43,1816,1859
27,2021-12-29,41,1805,1846
27,2021-12-30,50,1856,1906
27,2021-12-31,29,1771,1800
29,2021-01-01,30,3859,3889
29,2021-01-02,94,7530,7624
29,2021-01-03,45,5947,5992
29,2021-01-04,261,11778,12039
29,2021-01-05,307,11745,12052
29,2021-01-06,340,12026,12366
29,2021-01-07,316,12144,12460
29,2021-01-08,327,12328,12655
29,2021-01-09,159,8846,9005
29,2021-01-10,49,7066,7115
29,2021-01-11,488,14143,14631
29,2021-01-12,442,14052,14494
29,2021-01-13,461,14079,14540
29,2021-01-14,417,13800,14217
29,2021-01-15,435,14296,14731
29,2021-01-16,152,9866,10018
29,2021-01-17,38,6137,6175
29,2021-01-18,437,14286,14723
29,2021-01-19,460,14352,14812
29,2021-01-20,506,14543,15049
29,2021-01-21,441,14423,14864
29,2021-01-22,402,15174,15576
29,2021-01-23,141,10291,10432
29,2021-01-24,41,7226,7267
29,2021-01-25,434,13846,14280
29,2021-01-26,501,14287,14788
29,2021-01-27,423,14099,14522
29,2021-01-28,451,14942,15393
29,2021-01-29,428,15396,15824
29,2021-01-30,140,10409,10549
29,2021-01-31,43,7460,7503
29,2021-02-01,457,14465,14922
29,2021-02-02,479,14749,15228
29,2021-02-03,458,14621,15079
29,2021-02-04,507,14910,15417
29,2021-02-05,469,15167,15636
29,2021-02-06,172,10466,10638
29,2021-02-07,36,7444,7480
29,2021-02-08,438,13507,13945
29,2021-02-09,393,13604,13997
29,2021-02-10,444,14274,14718
29,2021-02-11,410,14326,14736
29,2021-02-12,427,14880,15307
29,2021-02-13,156,11010,11166
29,2021-02-14,35,7940,7975
29,2021-02-15,417,13242,13659
29,2021-02-16,424,14281,14705
29,2021-02-17,463,14114,14577
29,2021-02-18,467,14662,15129
29,2021-02-19,481,15304,15785
29,2021-02-20,164,10897,11061
29,2021-02-21,40,9352,9392
29,2021-02-22,493,14486,14979
29,2021-02-23,493,15054,15547
29,2021-02-24,490,15338,15828
29,2021-02-25,503,15353,15856
29,2021-02-26,543,15913,16456
29,2021-02-27,170,11556,11726
29,2021-02-28,68,9435,9503
29,2021-03-01,456,15039,15495
29,2021-03-02,565,15026,15591
29,2021-03-03,589,15366,15955
29,2021-03-04,597,14548,15145
29,2021-03-05,645,15279,15924
29,2021-03-06,171,11081,11252
29,2021-03-07,39,8881,8920
29,2021-03-08,537,14612,15149
29,2021-03-09,569,15101,15670
29,2021-03-10,601,15039,15640
29,2021-03-11,523,14962,15485
29,2021-03-12,572,14941,15513
29,2021-03-13,175,10850,11025
29,2021-03-14,37,8653,8690
29,2021-03-15,524,14715,15239
29,2021-03-16,579,14890,15469
29,2021-03-17,597,14901,15498
29,2021-03-18,559,14970,15529
29,2021-03-19,541,15628,16169
29,2021-03-20,179,11798,11977
29,2021-03-21,65,8618,8683
29,2021-03-22,475,14579,15054
29,2021-03-23,488,15175,15663
29,2021-03-24,550,15370,15920
29,2021-03-25,506,15424,15930
29,2021-03-26,562,15579,16141
29,2021-03-27,314,11187,11501
29,2021-03-29,528,15010,15538
29,2021-03-30,500,12346,12846
29,2021-03-31,532,14750,15282
29,2021-04-01,582,15698,16280
29,2021-04-02,216,14948,15164
29,2021-04-03,138,11084,11222
29,2021-04-04,22,7773,7795
29,2021-04-05,40,7199,7239
29,2021-04-06,544,14279,14823
29,2021-04-07,520,14598,15118
29,2021-04-08,525,15266,15791
29,2021-04-09,558,15227,15785
29,2021-04-10,245,10482,10727
29,2021-04-11,37,7631,7668
29,2021-04-12,571,14904,15475
29,2021-04-13,576,14845,15421
29,2021-04-14,567,15334,15901
29,2021-04-15,552,15358,15910
29,2021-04-16,557,15830,16387
29,2021-04-17,168,11441,11609
29,2021-04-18,46,8892,8938
29,2021-04-19,450,14880,15330
29,2021-04-20,508,15178,15686
29,2021-04-21,518,15513,16031
29,2021-04-22,558,15937,16495
29,2021-04-23,514,16191,16705
29,2021-04-24,162,12119,12281
29,2021-04-25,60,10157,10217
29,2021-04-26,551,14900,15451
29,2021-04-27,503,15339,15842
29,2021-04-28,517,15640,16157
29,2021-04-29,545,15701,16246
29,2021-04-30,574,16964,17538
29,2021-05-01,71,8880,8951
29,2021-05-02,57,10017,10074
29,2021-05-03,536,15346,15882
29,2021-05-04,530,15250,15780
29,2021-05-05,576,15499,16075
29,2021-05-06,556,15399,15955
29,2021-05-07,611,16239,16850
29,2021-05-08,193,12123,12316
29,2021-05-09,40,10762,10802
29,2021-05-10,529,15078,15607
29,2021-05-11,537,15699,16236
29,2021-05-12,535,16511,17046
29,2021-05-13,59,9283,9342
29,2021-05-14,345,14124,14469
29,2021-05-15,142,11461,11603
29,2021-05-16,65,9207,9272
29,2021-05-17,512,15221,15733
29,2021-05-18,507,15850,16357
29,2021-05-19,531,15701,16232
29,2021-05-20,510,16025,16535
29,2021-05-21,561,16491,17052
29,2021-05-22,187,12079,12266
29,2021-05-23,58,9114,9172
29,2021-05-24,56,8689,8745
29,2021-05-25,548,15291,15839
29,2021-05-26,522,15581,16103
29,2021-05-27,562,15537,16099
29,2021-05-28,556,16224,16780
29,2021-05-29,181,12615,12796
29,2021-05-30,99,11454,11553
29,2021-05-31,534,15590,16124
29,2021-06-01,543,16607,17150
29,2021-06-02,598,16498,17096
29,2021-06-03,222,16547,16769
29,2021-06-04,513,16313,16826
29,2021-06-05,194,12575,12769
29,2021-06-06,85,10255,10340
29,2021-06-07,504,14505,15009
29,2021-06-08,511,14632,15143
29,2021-06-09,480,15079,15559
29,2021-06-10,516,15456,15972
29,2021-06-11,498,16292,16790
29,2021-06-12,192,12969,13161
29,2021-06-13,73,11798,11871
29,2021-06-14,533,15939,16472
29,2021-06-15,541,16754,17295
29,2021-06-16,525,16725,17250
29,2021-06-17,545,16514,17059
29,2021-06-18,468,17135,17603
29,2021-06-19,172,12972,13144
29,2021-06-20,56,10692,10748
29,2021-06-21,500,15971,16471
29,2021-06-22,564,16490,17054
29,2021-06-23,252,11883,12135
29,2021-06-24,595,15731,16326
29,2021-06-25,554,16781,17335
29,2021-06-26,164,12934,13098
29,2021-06-27,83,10660,10743
29,2021-06-28,506,16136,16642
29,2021-06-29,531,15910,16441
29,2021-06-30,548,16811,17359
29,2021-07-01,574,17020,17594
29,2021-07-02,583,17381,17964
29,2021-07-03,196,13425,13621
29,2021-07-04,63,9862,9925
29,2021-07-05,523,15994,16517
29,2021-07-06,441,16400,16841
29,2021-07-07,505,16645,17150
29,2021-07-08,507,16674,17181
29,2021-07-09,531,17201,17732
29,2021-07-10,165,12667,12832
29,2021-07-11,71,10739,10810
29,2021-07-12,581,15979,16560
29,2021-07-13,451,16136,16587
29,2021-07-14,468,15916,16384
29,2021-07-15,470,16875,17345
29,2021-07-16,519,16663,17182
29,2021-07-17,177,12492,12669
29,2021-07-18,79,10890,10969
29,2021-07-19,516,15852,16368
29,2021-07-20,520,16170,16690
29,2021-07-21,547,16442,16989
29,2021-07-22,575,16354,16929
29,2021-07-23,570,16406,16976
29,2021-07-24,176,11571,11747
29,2021-07-25,77,9924,10001
29,2021-07-26,508,15167,15675
29,2021-07-27,545,14529,15074
29,2021-07-28,553,15784,16337
29,2021-07-29,511,15974,16485
29,2021-07-30,426,15985,16411
29,2021-07-31,227,12557,12784
29,2021-08-01,107,10322,10429
29,2021-08-02,402,14018,14420
29,2021-08-03,401,14189,14590
29,2021-08-04,435,14760,15195
29,2021-08-05,407,14336,14743
29,2021-08-06,388,14863,15251
29,2021-08-07,197,11418,11615
29,2021-08-08,69,9222,9291
29,2021-08-09,361,13830,14191
29,2021-08-10,394,14235,14629
29,2021-08-11,409,14431,14840
29,2021-08-12,391,14539,14930
29,2021-08-13,422,14795,15217
29,2021-08-14,163,11812,11975
29,2021-08-15,113,10709,10822
29,2021-08-16,419,13762,14181
29,2021-08-17,420,13965,14385
29,2021-08-18,442,14424,14866
29,2021-08-19,412,14513,14925
29,2021-08-20,441,15116,15557
29,2021-08-21,181,12207,12388
29,2021-08-22,76,9985,10061
29,2021-08-23,530,15468,15998
29,2021-08-24,525,15558,16083
29,2021-08-25,513,15966,16479
29,2021-08-26,633,15672,16305
29,2021-08-27,549,16155,16704
29,2021-08-28,210,12274,12484
29,2021-08-29,84,9914,9998
29,2021-08-30,541,15512,16053
29,2021-08-31,509,16157,16666
29,2021-09-01,668,16360,17028
29,2021-09-02,650,16640,17290
29,2021-09-03,604,16932,17536
29,2021-09-04,205,13337,13542
29,2021-09-05,78,12026,12104
29,2021-09-06,543,15844,16387
29,2021-09-07,624,16248,16872
29,2021-09-08,634,16566,17200
29,2021-09-09,658,16515,17173
29,2021-09-10,553,17107,17660
29,2021-09-11,178,14183,14361
29,2021-09-12,73,11429,11502
29,2021-09-13,468,11523,11991
29,2021-09-14,440,11671,12111
29,2021-09-15,479,11501,11980
29,2021-09-16,442,11889,12331
29,2021-09-17,452,12130,12582
29,2021-09-18,164,9962,10126
29,2021-09-19,56,8380,8436
29,2021-09-20,447,10970,11417
29,2021-09-21,492,11360,11852
29,2021-09-22,450,11331,11781
29,2021-09-23,500,11526,12026
29,2021-09-24,476,12160,12636
29,2021-09-25,167,10166,10333
29,2021-09-26,68,7529,7597
29,2021-09-27,466,10941,11407
29,2021-09-28,435,11521,11956
29,2021-09-29,434,11609,12043
29,2021-09-30,385,11659,12044
29,2021-10-01,403,12298,12701
29,2021-10-02,187,9860,10047
29,2021-10-03,51,7237,7288
29,2021-10-04,373,11286,11659
29,2021-10-05,383,10996,11379
29,2021-10-06,384,11415,11799
29,2021-10-07,444,11746,12190
29,2021-10-08,414,12367,12781
29,2021-10-09,143,9513,9656
29,2021-10-10,55,8342,8397
29,2021-10-11,409,10939,11348
29,2021-10-12,394,10791,11185
29,2021-10-13,442,10934,11376
29,2021-10-14,438,11433,11871
29,2021-10-15,440,11728,12168
29,2021-10-16,208,9309,9517
29,2021-10-17,59,7525,7584
29,2021-10-18,436,11055,11491
29,2021-10-19,445,11090,11535
29,2021-10-20,419,11368,11787
29,2021-10-21,415,10975,11390
29,2021-10-22,409,12017,12426
29,2021-10-23,139,10060,10199
29,2021-10-24,60,7884,7944
29,2021-10-25,446,11181,11627
29,2021-10-26,466,11654,12120
29,2021-10-27,468,11669,12137
29,2021-10-28,437,11817,12254
29,2021-10-29,434,12428,12862
29,2021-10-30,112,10878,10990
29,2021-11-01,36,8444,8480
29,2021-11-02,447,15422,15869
29,2021-11-03,492,15532,16024
29,2021-11-04,514,15819,16333
29,2021-11-05,543,16303,16846
29,2021-11-06,164,12487,12651
29,2021-11-07,56,9173,9229
29,2021-11-08,502,15671,16173
29,2021-11-09,548,16310,16858
29,2021-11-10,593,16086,16679
29,2021-11-11,549,16090,16639
29,2021-11-12,577,16565,17142
29,2021-11-13,164,12709,12873
29,2021-11-14,58,9403,9461
29,2021-11-15,580,15359,15939
29,2021-11-16,521,15784,16305
29,2021-11-17,584,15972,16556
29,2021-11-18,589,15797,16386
29,2021-11-19,515,16378,16893
29,2021-11-20,169,12720,12889
29,2021-11-21,55,9161,9216
29,2021-11-22,511,15445,15956
29,2021-11-23,545,15941,16486
29,2021-11-24,528,15950,16478
29,2021-11-25,542,16290,16832
29,2021-11-26,506,16400,16906
29,2021-11-27,160,12227,12387
29,2021-11-28,40,8973,9013
29,2021-11-29,525,15559,16084
29,2021-11-30,510,16052,16562
29,2021-12-01,453,16190,16643
29,2021-12-02,565,16076,16641
29,2021-12-03,518,16939,17457
29,2021-12-04,162,12603,12765
29,2021-12-05,53,9271,9324
29,2021-12-06,524,15448,15972
29,2021-12-07,559,15913,16472
29,2021-12-08,541,16050,16591
29,2021-12-09,514,15979,16493
29,2021-12-10,476,16111,16587
29,2021-12-11,197,12526,12723
29,2021-12-12,52,9239,9291
29,2021-12-13,531,15073,15604
29,2021-12-14,560,15910,16470
29,2021-12-15,597,16148,16745
29,2021-12-16,623,16268,16891
29,2021-12-17,486,16642,17128
29,2021-12-18,170,11925,12095
29,2021-12-19,72,9179,9251
29,2021-12-20,401,15009,15410
29,2021-12-21,407,15436,15843
29,2021-12-22,350,15268,15618
29,2021-12-23,297,14713,15010
29,2021-12-24,144,10068,10212
29,2021-12-25,24,5991,6015
29,2021-12-26,19,7172,7191
29,2021-12-27,226,11081,11307
29,2021-12-28,224,11517,11741
29,2021-12-29,222,12086,12308
29,2021-12-30,237,12505,12742
29,2021-12-31,144,10077,10221
30,2021-01-01,12,2425,2437
30,2021-01-02,61,4247,4308
30,2021-01-03,23,3376,3399
30,2021-01-04,253,6793,7046
30,2021-01-05,265,7014,7279
30,2021-01-06,296,6953,7249
30,2021-01-07,335,7392,7727
30,2021-01-08,335,7689,8024
30,2021-01-09,91,5243,5334
30,2021-01-10,41,4043,4084
30,2021-01-11,431,9377,9808
30,2021-01-12,406,9135,9541
30,2021-01-13,449,9124,9573
30,2021-01-14,414,9530,9944
30,2021-01-15,344,8222,8566
30,2021-01-16,95,5475,5570
30,2021-01-17,20,3375,3395
30,2021-01-18,454,9165,9619
30,2021-01-19,415,9393,9808
30,2021-01-20,505,9401,9906
30,2021-01-21,422,9280,9702
30,2021-01-22,454,10100,10554
30,2021-01-23,92,5916,6008
30,2021-01-24,32,3841,3873
30,2021-01-25,471,8751,9222
30,2021-01-26,459,9387,9846
30,2021-01-27,317,7365,7682
30,2021-01-28,395,9743,10138
30,2021-01-29,427,10384,10811
30,2021-01-30,79,5907,5986
30,2021-01-31,21,3781,3802
30,2021-02-01,426,9075,9501
30,2021-02-02,501,9497,9998
30,2021-02-03,393,8706,9099
30,2021-02-04,467,9713,10180
30,2021-02-05,477,9652,10129
30,2021-02-06,114,6029,6143
30,2021-02-07,22,4019,4041
30,2021-02-08,444,9055,9499
30,2021-02-09,460,9030,9490
30,2021-02-10,420,8837,9257
30,2021-02-11,376,9282,9658
30,2021-02-12,441,9199,9640
30,2021-02-13,105,6285,6390
30,2021-02-14,33,4406,4439
30,2021-02-15,381,8769,9150
30,2021-02-16,476,9630,10106
30,2021-02-17,430,9063,9493
30,2021-02-18,448,9436,9884
30,2021-02-19,451,9783,10234
30,2021-02-20,126,6659,6785
30,2021-02-21,32,5199,5231
30,2021-02-22,433,9194,9627
30,2021-02-23,443,9558,10001
30,2021-02-24,466,9510,9976
30,2021-02-25,409,10095,10504
30,2021-02-26,428,9575,10003
30,2021-02-27,108,6667,6775
30,2021-02-28,19,4648,4667
30,2021-03-01,479,9188,9667
30,2021-03-02,581,9658,10239
30,2021-03-03,503,9624,10127
30,2021-03-04,519,9584,10103
30,2021-03-05,605,9678,10283
30,2021-03-06,142,6805,6947
30,2021-03-07,35,4726,4761
30,2021-03-08,510,9350,9860
30,2021-03-09,579,9821,10400
30,2021-03-10,552,9719,10271
30,2021-03-11,505,9619,10124
30,2021-03-12,571,10036,10607
30,2021-03-13,167,5758,5925
30,2021-03-14,19,4093,4112
30,2021-03-15,628,9947,10575
30,2021-03-16,560,10352,10912
30,2021-03-17,530,9361,9891
30,2021-03-18,618,9882,10500
30,2021-03-19,529,10084,10613
30,2021-03-20,131,6755,6886
30,2021-03-21,30,4206,4236
30,2021-03-22,524,9449,9973
30,2021-03-23,529,9977,10506
30,2021-03-24,657,9852,10509
30,2021-03-25,604,10022,10626
30,2021-03-26,570,10449,11019
30,2021-03-27,131,6509,6640
30,2021-03-29,540,10039,10579
30,2021-03-30,542,10524,11066
30,2021-03-31,601,10680,11281
30,2021-04-01,601,11095,11696
30,2021-04-02,489,10926,11415
30,2021-04-03,182,6799,6981
30,2021-04-04,23,4470,4493
30,2021-04-05,30,3562,3592
30,2021-04-06,528,9685,10213
30,2021-04-07,533,9372,9905
30,2021-04-08,520,9936,10456
30,2021-04-09,602,9866,10468
30,2021-04-10,171,5540,5711
30,2021-04-11,69,4896,4965
30,2021-04-12,537,9855,10392
30,2021-04-13,558,9925,10483
30,2021-04-14,635,10224,10859
30,2021-04-15,597,10316,10913
30,2021-04-16,665,10037,10702
30,2021-04-17,193,6649,6842
30,2021-04-18,55,4208,4263
30,2021-04-19,575,9939,10514
30,2021-04-20,605,10619,11224
30,2021-04-21,527,10044,10571
30,2021-04-22,515,10585,11100
30,2021-04-23,572,10773,11345
30,2021-04-24,159,7612,7771
30,2021-04-25,30,5111,5141
30,2021-04-26,574,10182,10756
30,2021-04-27,540,10845,11385
30,2021-04-28,564,10467,11031
30,2021-04-29,634,10955,11589
30,2021-04-30,609,11218,11827
30,2021-05-01,28,5210,5238
30,2021-05-02,20,5062,5082
30,2021-05-03,612,10603,11215
30,2021-05-04,472,10452,10924
30,2021-05-05,554,10616,11170
30,2021-05-06,516,10679,11195
30,2021-05-07,689,11352,12041
30,2021-05-08,153,7840,7993
30,2021-05-09,25,5734,5759
30,2021-05-10,515,10139,10654
30,2021-05-11,580,10563,11143
30,2021-05-12,523,11181,11704
30,2021-05-13,48,4960,5008
30,2021-05-14,418,9292,9710
30,2021-05-15,115,6400,6515
30,2021-05-16,51,4244,4295
30,2021-05-17,563,10014,10577
30,2021-05-18,581,10823,11404
30,2021-05-19,539,10789,11328
30,2021-05-20,550,11282,11832
30,2021-05-21,690,11458,12148
30,2021-05-22,413,12760,13173
30,2021-05-23,65,7505,7570
30,2021-05-24,30,4389,4419
30,2021-05-25,546,10184,10730
30,2021-05-26,547,10182,10729
30,2021-05-27,594,10585,11179
30,2021-05-28,584,11021,11605
30,2021-05-29,263,7534,7797
30,2021-05-30,128,6162,6290
30,2021-05-31,681,10893,11574
30,2021-06-01,660,11627,12287
30,2021-06-02,629,11682,12311
30,2021-06-03,543,11261,11804
30,2021-06-04,564,10892,11456
30,2021-06-05,148,7346,7494
30,2021-06-06,20,5158,5178
30,2021-06-07,544,10434,10978
30,2021-06-08,563,11185,11748
30,2021-06-09,627,11384,12011
30,2021-06-10,739,11848,12587
30,2021-06-11,623,11911,12534
30,2021-06-12,202,8106,8308
30,2021-06-13,76,6886,6962
30,2021-06-14,612,10974,11586
30,2021-06-15,698,12832,13530
30,2021-06-16,641,11218,11859
30,2021-06-17,711,12093,12804
30,2021-06-18,638,11930,12568
30,2021-06-19,176,7082,7258
30,2021-06-20,47,4759,4806
30,2021-06-21,569,10671,11240
30,2021-06-22,603,10803,11406
30,2021-06-23,84,5707,5791
30,2021-06-24,602,10819,11421
30,2021-06-25,596,11970,12566
30,2021-06-26,286,11981,12267
30,2021-06-27,68,7677,7745
30,2021-06-28,541,10440,10981
30,2021-06-29,531,10702,11233
30,2021-06-30,500,11173,11673
30,2021-07-01,673,11606,12279
30,2021-07-02,572,12250,12822
30,2021-07-03,115,7687,7802
30,2021-07-04,61,5518,5579
30,2021-07-05,539,10966,11505
30,2021-07-06,559,11102,11661
30,2021-07-07,547,10862,11409
30,2021-07-08,573,11729,12302
30,2021-07-09,566,11784,12350
30,2021-07-10,138,7828,7966
30,2021-07-11,35,5703,5738
30,2021-07-12,503,10874,11377
30,2021-07-13,480,9881,10361
30,2021-07-14,457,8624,9081
30,2021-07-15,508,11838,12346
30,2021-07-16,560,12036,12596
30,2021-07-17,106,7232,7338
30,2021-07-18,36,5789,5825
30,2021-07-19,466,10409,10875
30,2021-07-20,520,10330,10850
30,2021-07-21,539,10394,10933
30,2021-07-22,551,10864,11415
30,2021-07-23,583,11024,11607
30,2021-07-24,143,6485,6628
30,2021-07-25,47,4988,5035
30,2021-07-26,496,9965,10461
30,2021-07-27,504,10281,10785
30,2021-07-28,509,10875,11384
30,2021-07-29,495,10484,10979
30,2021-07-30,462,10213,10675
30,2021-07-31,155,6597,6752
30,2021-08-01,67,5057,5124
30,2021-08-02,307,8271,8578
30,2021-08-03,320,7890,8210
30,2021-08-04,328,7995,8323
30,2021-08-05,336,8097,8433
30,2021-08-06,360,8746,9106
30,2021-08-07,103,6153,6256
30,2021-08-08,43,4556,4599
30,2021-08-09,306,7409,7715
30,2021-08-10,315,7798,8113
30,2021-08-11,334,7821,8155
30,2021-08-12,326,8201,8527
30,2021-08-13,389,8555,8944
30,2021-08-14,143,6279,6422
30,2021-08-15,85,5520,5605
30,2021-08-16,298,6998,7296
30,2021-08-17,362,7384,7746
30,2021-08-18,319,7325,7644
30,2021-08-19,328,8217,8545
30,2021-08-20,366,8766,9132
30,2021-08-21,119,6110,6229
30,2021-08-22,45,4670,4715
30,2021-08-23,360,8101,8461
30,2021-08-24,379,8797,9176
30,2021-08-25,475,8989,9464
30,2021-08-26,414,9636,10050
30,2021-08-27,450,10081,10531
30,2021-08-28,109,6160,6269
30,2021-08-29,40,4989,5029
30,2021-08-30,502,9558,10060
30,2021-08-31,518,10121,10639
30,2021-09-01,512,10408,10920
30,2021-09-02,484,10124,10608
30,2021-09-03,539,10963,11502
30,2021-09-04,138,6741,6879
30,2021-09-05,48,5616,5664
30,2021-09-06,434,10550,10984
30,2021-09-07,537,11086,11623
30,2021-09-08,539,10981,11520
30,2021-09-09,541,11122,11663
30,2021-09-10,533,11711,12244
30,2021-09-11,258,8261,8519
30,2021-09-12,53,6277,6330
30,2021-09-13,564,11272,11836
30,2021-09-14,593,11230,11823
30,2021-09-15,555,11199,11754
30,2021-09-16,565,11715,12280
30,2021-09-17,526,11505,12031
30,2021-09-18,166,7858,8024
30,2021-09-19,43,5783,5826
30,2021-09-20,530,10735,11265
30,2021-09-21,486,10921,11407
30,2021-09-22,568,11003,11571
30,2021-09-23,517,11497,12014
30,2021-09-24,560,11588,12148
30,2021-09-25,215,8083,8298
30,2021-09-26,40,5450,5490
30,2021-09-27,592,10916,11508
30,2021-09-28,545,11258,11803
30,2021-09-29,580,11085,11665
30,2021-09-30,637,11891,12528
30,2021-10-01,672,11820,12492
30,2021-10-02,159,7300,7459
30,2021-10-03,24,4447,4471
30,2021-10-04,555,10412,10967
30,2021-10-05,492,10592,11084
30,2021-10-06,487,11301,11788
30,2021-10-07,534,12132,12666
30,2021-10-08,519,11622,12141
30,2021-10-09,137,7856,7993
30,2021-10-10,46,5786,5832
30,2021-10-11,517,10924,11441
30,2021-10-12,531,11561,12092
30,2021-10-13,507,11136,11643
30,2021-10-14,555,11668,12223
30,2021-10-15,514,11688,12202
30,2021-10-16,123,7609,7732
30,2021-10-17,33,5353,5386
30,2021-10-18,569,10961,11530
30,2021-10-19,452,11141,11593
30,2021-10-20,558,10820,11378
30,2021-10-21,527,10306,10833
30,2021-10-22,485,11284,11769
30,2021-10-23,135,7814,7949
30,2021-10-24,77,6842,6919
30,2021-10-25,466,10584,11050
30,2021-10-26,531,10597,11128
30,2021-10-27,502,10784,11286
30,2021-10-28,518,11708,12226
30,2021-10-29,435,11015,11450
30,2021-10-30,114,6268,6382
30,2021-11-01,40,4735,4775
30,2021-11-02,407,10197,10604
30,2021-11-03,443,10309,10752
30,2021-11-04,514,11226,11740
30,2021-11-05,483,10957,11440
30,2021-11-06,136,7201,7337
30,2021-11-07,21,4630,4651
30,2021-11-08,494,10754,11248
30,2021-11-09,528,11245,11773
30,2021-11-10,565,10946,11511
30,2021-11-11,549,11785,12334
30,2021-11-12,530,11763,12293
30,2021-11-13,108,6845,6953
30,2021-11-14,58,5061,5119
30,2021-11-15,716,10619,11335
30,2021-11-16,493,11248,11741
30,2021-11-17,513,10656,11169
30,2021-11-18,635,12038,12673
30,2021-11-19,457,11523,11980
30,2021-11-20,118,7771,7889
30,2021-11-21,32,4594,4626
30,2021-11-22,495,10585,11080
30,2021-11-23,548,11389,11937
30,2021-11-24,483,11030,11513
30,2021-11-25,525,11521,12046
30,2021-11-26,487,10398,10885
30,2021-11-27,102,7289,7391
30,2021-11-28,25,4589,4614
30,2021-11-29,536,10425,10961
30,2021-11-30,516,10832,11348
30,2021-12-01,456,9577,10033
30,2021-12-02,497,10965,11462
30,2021-12-03,528,11184,11712
30,2021-12-04,76,6684,6760
30,2021-12-05,25,4613,4638
30,2021-12-06,444,10560,11004
30,2021-12-07,504,10787,11291
30,2021-12-08,564,10500,11064
30,2021-12-09,512,11246,11758
30,2021-12-10,357,7809,8166
30,2021-12-11,105,7295,7400
30,2021-12-12,36,4667,4703
30,2021-12-13,456,10305,10761
30,2021-12-14,533,10737,11270
30,2021-12-15,512,10669,11181
30,2021-12-16,494,11211,11705
30,2021-12-17,400,11286,11686
30,2021-12-18,94,6695,6789
30,2021-12-19,61,4674,4735
30,2021-12-20,306,8632,8938
30,2021-12-21,381,9266,9647
30,2021-12-22,324,8698,9022
30,2021-12-23,297,8489,8786
30,2021-12-24,179,6832,7011
30,2021-12-25,10,3569,3579
30,2021-12-26,16,3484,3500
30,2021-12-27,195,5841,6036
30,2021-12-28,227,5947,6174
30,2021-12-29,209,6183,6392
30,2021-12-30,217,6662,6879
30,2021-12-31,177,6299,6476
31,2021-01-01,4,890,894
31,2021-01-02,47,1532,1579
31,2021-01-03,8,1187,1195
31,2021-01-04,48,2508,2556
31,2021-01-05,49,2665,2714
31,2021-01-06,42,2699,2741
31,2021-01-07,54,2688,2742
31,2021-01-08,55,2845,2900
31,2021-01-09,56,1964,2020
31,2021-01-10,4,1488,1492
31,2021-01-11,53,3369,3422
31,2021-01-12,56,3331,3387
31,2021-01-13,61,3461,3522
31,2021-01-14,56,2767,2823
31,2021-01-15,53,2652,2705
31,2021-01-16,55,1732,1787
31,2021-01-17,10,1230,1240
31,2021-01-18,50,3182,3232
31,2021-01-19,51,3237,3288
31,2021-01-20,51,3384,3435
31,2021-01-21,50,3444,3494
31,2021-01-22,52,3602,3654
31,2021-01-23,53,2240,2293
31,2021-01-24,9,1564,1573
31,2021-01-25,60,3186,3246
31,2021-01-26,54,3320,3374
31,2021-01-27,55,4285,4340
31,2021-01-28,56,5109,5165
31,2021-01-29,49,5076,5125
31,2021-01-30,51,2345,2396
31,2021-01-31,12,1943,1955
31,2021-02-01,51,5012,5063
31,2021-02-02,51,5128,5179
31,2021-02-03,55,5023,5078
31,2021-02-04,69,5414,5483
31,2021-02-05,64,5338,5402
31,2021-02-06,48,3181,3229
31,2021-02-07,12,2202,2214
31,2021-02-08,59,4955,5014
31,2021-02-09,79,4618,4697
31,2021-02-10,67,4258,4325
31,2021-02-11,61,3742,3803
31,2021-02-12,68,3571,3639
31,2021-02-13,64,2298,2362
31,2021-02-14,7,1711,1718
31,2021-02-15,52,3429,3481
31,2021-02-16,54,3592,3646
31,2021-02-17,70,3485,3555
31,2021-02-18,63,3440,3503
31,2021-02-19,56,3644,3700
31,2021-02-20,54,2575,2629
31,2021-02-21,5,1889,1894
31,2021-02-22,44,3604,3648
31,2021-02-23,66,3727,3793
31,2021-02-24,55,3855,3910
31,2021-02-25,53,3782,3835
31,2021-02-26,63,3753,3816
31,2021-02-27,53,2628,2681
31,2021-03-01,62,3626,3688
31,2021-03-02,62,3730,3792
31,2021-03-03,54,3867,3921
31,2021-03-04,56,3747,3803
31,2021-03-05,46,3799,3845
31,2021-03-06,67,2582,2649
31,2021-03-07,10,1814,1824
31,2021-03-08,67,3850,3917
31,2021-03-09,76,3671,3747
31,2021-03-10,74,3841,3915
31,2021-03-11,57,3744,3801
31,2021-03-12,63,3971,4034
31,2021-03-13,44,2357,2401
31,2021-03-14,6,1512,1518
31,2021-03-15,52,3842,3894
31,2021-03-16,65,3914,3979
31,2021-03-17,48,3820,3868
31,2021-03-18,57,3889,3946
31,2021-03-19,60,4001,4061
31,2021-03-20,60,2586,2646
31,2021-03-21,4,1733,1737
31,2021-03-22,63,4002,4065
31,2021-03-23,65,3940,4005
31,2021-03-24,58,4025,4083
31,2021-03-25,67,4009,4076
31,2021-03-26,64,4332,4396
31,2021-03-27,58,2537,2595
31,2021-03-29,50,4143,4193
31,2021-03-30,55,4304,4359
31,2021-03-31,66,4265,4331
31,2021-04-01,80,4304,4384
31,2021-04-02,67,4463,4530
31,2021-04-03,68,2749,2817
31,2021-04-04,8,1739,1747
31,2021-04-05,16,1491,1507
31,2021-04-06,62,3691,3753
31,2021-04-07,65,3747,3812
31,2021-04-08,63,3834,3897
31,2021-04-09,57,3948,4005
31,2021-04-10,53,2356,2409
31,2021-04-11,4,1588,1592
31,2021-04-12,61,3887,3948
31,2021-04-13,65,4064,4129
31,2021-04-14,63,4097,4160
31,2021-04-15,60,4010,4070
31,2021-04-16,63,4055,4118
31,2021-04-17,58,2683,2741
31,2021-04-18,8,1770,1778
31,2021-04-19,63,4059,4122
31,2021-04-20,60,4105,4165
31,2021-04-21,70,3990,4060
31,2021-04-22,74,4236,4310
31,2021-04-23,72,4149,4221
31,2021-04-24,67,2905,2972
31,2021-04-25,10,2083,2093
31,2021-04-26,67,4115,4182
31,2021-04-27,62,4226,4288
31,2021-04-28,72,4279,4351
31,2021-04-29,59,4397,4456
31,2021-04-30,59,4453,4512
31,2021-05-01,11,2185,2196
31,2021-05-02,4,1972,1976
31,2021-05-03,59,4321,4380
31,2021-05-04,56,4329,4385
31,2021-05-05,53,4134,4187
31,2021-05-06,53,4212,4265
31,2021-05-07,64,4407,4471
31,2021-05-08,60,2787,2847
31,2021-05-09,17,2078,2095
31,2021-05-10,54,4084,4138
31,2021-05-11,57,4328,4385
31,2021-05-12,69,4345,4414
31,2021-05-13,7,1846,1853
31,2021-05-14,64,3519,3583
31,2021-05-15,63,2395,2458
31,2021-05-16,10,1676,1686
31,2021-05-17,73,4419,4492
31,2021-05-18,74,4346,4420
31,2021-05-19,63,4366,4429
31,2021-05-20,55,4295,4350
31,2021-05-21,69,4471,4540
31,2021-05-22,56,2748,2804
31,2021-05-23,5,1908,1913
31,2021-05-24,9,1559,1568
31,2021-05-25,71,4065,4136
31,2021-05-26,66,4109,4175
31,2021-05-27,72,4223,4295
31,2021-05-28,60,4343,4403
31,2021-05-29,53,3007,3060
31,2021-05-30,7,2261,2268
31,2021-05-31,63,4406,4469
31,2021-06-01,75,4441,4516
31,2021-06-02,72,4366,4438
31,2021-06-03,58,4427,4485
31,2021-06-04,72,4376,4448
31,2021-06-05,63,2785,2848
31,2021-06-06,6,2117,2123
31,2021-06-07,64,4149,4213
31,2021-06-08,66,4371,4437
31,2021-06-09,60,4386,4446
31,2021-06-10,61,4474,4535
31,2021-06-11,60,4559,4619
31,2021-06-12,72,2949,3021
31,2021-06-13,21,3197,3218
31,2021-06-14,62,4346,4408
31,2021-06-15,70,4484,4554
31,2021-06-16,74,4517,4591
31,2021-06-17,57,4488,4545
31,2021-06-18,60,4607,4667
31,2021-06-19,46,2835,2881
31,2021-06-20,3,2001,2004
31,2021-06-21,60,4195,4255
31,2021-06-22,60,4437,4497
31,2021-06-23,12,2029,2041
31,2021-06-24,56,4164,4220
31,2021-06-25,65,4612,4677
31,2021-06-26,51,2722,2773
31,2021-06-27,3,2069,2072
31,2021-06-28,66,4358,4424
31,2021-06-29,58,4387,4445
31,2021-06-30,61,4336,4397
31,2021-07-01,58,4668,4726
31,2021-07-02,73,4750,4823
31,2021-07-03,82,2898,2980
31,2021-07-04,11,2123,2134
31,2021-07-05,50,4352,4402
31,2021-07-06,71,4450,4521
31,2021-07-07,69,4633,4702
31,2021-07-08,68,4769,4837
31,2021-07-09,61,4779,4840
31,2021-07-10,55,2862,2917
31,2021-07-11,5,2170,2175
31,2021-07-12,61,4423,4484
31,2021-07-13,55,4418,4473
31,2021-07-14,50,4368,4418
31,2021-07-15,82,4563,4645
31,2021-07-16,58,4548,4606
31,2021-07-17,59,2817,2876
31,2021-07-18,7,2248,2255
31,2021-07-19,55,4225,4280
31,2021-07-20,72,4281,4353
31,2021-07-21,61,4203,4264
31,2021-07-22,83,4424,4507
31,2021-07-23,85,4234,4319
31,2021-07-24,64,2455,2519
31,2021-07-25,40,2034,2074
31,2021-07-26,74,3964,4038
31,2021-07-27,60,3991,4051
31,2021-07-28,53,4144,4197
31,2021-07-29,55,3969,4024
31,2021-07-30,53,3706,3759
31,2021-07-31,63,2162,2225
31,2021-08-01,17,1697,1714
31,2021-08-02,55,3153,3208
31,2021-08-03,59,2955,3014
31,2021-08-04,49,3057,3106
31,2021-08-05,58,2929,2987
31,2021-08-06,51,3089,3140
31,2021-08-07,48,1967,2015
31,2021-08-08,6,1554,1560
31,2021-08-09,49,2904,2953
31,2021-08-10,61,2986,3047
31,2021-08-11,47,3012,3059
31,2021-08-12,43,3051,3094
31,2021-08-13,56,2950,3006
31,2021-08-14,48,2035,2083
31,2021-08-15,8,1788,1796
31,2021-08-16,55,2782,2837
31,2021-08-17,61,2969,3030
31,2021-08-18,66,2805,2871
31,2021-08-19,49,2826,2875
31,2021-08-20,52,2903,2955
31,2021-08-21,64,2244,2308
31,2021-08-22,7,1580,1587
31,2021-08-23,50,3390,3440
31,2021-08-24,57,3579,3636
31,2021-09-09,58,4384,4442
31,2021-09-10,61,4541,4602
31,2021-09-11,59,2800,2859
31,2021-09-12,8,2482,2490
31,2021-09-13,71,4264,4335
31,2021-09-14,68,4343,4411
31,2021-09-15,64,3904,3968
31,2021-09-16,60,4490,4550
31,2021-09-17,65,4508,4573
31,2021-09-18,55,2815,2870
31,2021-09-19,5,2143,2148
31,2021-09-20,76,4562,4638
31,2021-09-21,67,4638,4705
31,2021-09-22,58,4394,4452
31,2021-09-23,62,4525,4587
31,2021-09-24,59,4624,4683
31,2021-09-25,49,2923,2972
31,2021-09-26,9,1992,2001
31,2021-09-27,51,4310,4361
31,2021-09-28,68,4594,4662
31,2021-09-29,63,4537,4600
31,2021-09-30,62,4595,4657
31,2021-10-01,69,4645,4714
31,2021-10-02,55,2685,2740
31,2021-10-03,7,1849,1856
31,2021-10-04,62,4653,4715
31,2021-10-05,53,4648,4701
31,2021-10-06,58,4445,4503
31,2021-10-07,67,4542,4609
31,2021-10-08,69,4727,4796
31,2021-10-09,50,2828,2878
31,2021-10-10,12,2590,2602
31,2021-10-11,65,4549,4614
31,2021-10-12,59,4763,4822
31,2021-10-13,69,5020,5089
31,2021-10-14,60,4971,5031
31,2021-10-15,67,4825,4892
31,2021-10-16,58,2759,2817
31,2021-10-17,7,1996,2003
31,2021-10-18,66,4669,4735
31,2021-10-19,59,4828,4887
31,2021-10-20,61,4555,4616
31,2021-10-21,68,4931,4999
31,2021-10-22,62,4654,4716
31,2021-10-23,70,2749,2819
31,2021-10-24,9,2047,2056
31,2021-10-25,63,4441,4504
31,2021-10-26,66,4327,4393
31,2021-10-27,67,4253,4320
31,2021-10-28,65,4641,4706
31,2021-10-29,70,4638,4708
31,2021-10-30,44,2469,2513
31,2021-11-01,6,1725,1731
31,2021-11-02,40,1899,1939
31,2021-11-03,26,1816,1842
31,2021-11-04,38,2007,2045
31,2021-11-05,68,4699,4767
31,2021-11-06,54,3232,3286
31,2021-11-07,7,2231,2238
31,2021-11-08,64,4567,4631
31,2021-11-09,62,4851,4913
31,2021-11-10,59,5275,5334
31,2021-11-11,56,4527,4583
31,2021-11-12,65,4654,4719
31,2021-11-13,47,2527,2574
31,2021-11-14,3,1823,1826
31,2021-11-15,54,4700,4754
31,2021-11-16,60,4946,5006
31,2021-11-17,77,4852,4929
31,2021-11-18,78,5155,5233
31,2021-11-19,58,5384,5442
31,2021-11-20,55,2723,2778
31,2021-11-21,9,1733,1742
31,2021-11-22,53,4433,4486
31,2021-11-23,65,4461,4526
31,2021-11-24,55,3964,4019
31,2021-11-25,68,5066,5134
31,2021-11-26,68,4897,4965
31,2021-11-27,50,2614,2664
31,2021-11-28,9,1693,1702
31,2021-11-29,56,4504,4560
31,2021-11-30,58,4757,4815
31,2021-12-01,52,4679,4731
31,2021-12-02,55,4726,4781
31,2021-12-03,62,4672,4734
31,2021-12-04,44,2611,2655
31,2021-12-05,7,1751,1758
31,2021-12-06,56,4380,4436
31,2021-12-07,56,4746,4802
31,2021-12-08,57,4471,4528
31,2021-12-09,67,4747,4814
31,2021-12-10,50,4174,4224
31,2021-12-11,57,2518,2575
31,2021-12-12,9,1875,1884
31,2021-12-13,51,4633,4684
31,2021-12-14,61,4951,5012
31,2021-12-15,68,4625,4693
31,2021-12-16,57,4770,4827
31,2021-12-17,50,4576,4626
31,2021-12-18,46,2712,2758
31,2021-12-19,3,1848,1851
31,2021-12-20,59,3603,3662
31,2021-12-21,54,3767,3821
31,2021-12-22,50,3443,3493
31,2021-12-23,46,3367,3413
31,2021-12-24,43,2472,2515
31,2021-12-25,0,1232,1232
31,2021-12-26,0,1298,1298
31,2021-12-27,48,2346,2394
31,2021-12-28,49,2467,2516
31,2021-12-29,46,2443,2489
31,2021-12-30,46,2532,2578
31,2021-12-31,47,2420,2467
32,2021-01-01,19,2114,2133
32,2021-01-02,90,4064,4154
32,2021-01-03,20,3284,3304
32,2021-01-04,175,6510,6685
32,2021-01-05,180,6538,6718
32,2021-01-06,180,6515,6695
32,2021-01-07,179,6863,7042
32,2021-01-08,199,7262,7461
32,2021-01-09,111,5028,5139
32,2021-01-10,22,4013,4035
32,2021-01-11,202,8114,8316
32,2021-01-12,208,7896,8104
32,2021-01-13,196,8074,8270
32,2021-01-14,173,7501,7674
32,2021-01-15,172,6824,6996
32,2021-01-16,113,4688,4801
32,2021-01-17,24,3027,3051
32,2021-01-18,194,8089,8283
32,2021-01-19,201,8248,8449
32,2021-01-20,191,8033,8224
32,2021-01-21,220,8271,8491
32,2021-01-22,206,8642,8848
32,2021-01-23,115,5879,5994
32,2021-01-24,34,3969,4003
32,2021-01-25,236,7851,8087
32,2021-01-26,220,8507,8727
32,2021-01-27,187,7561,7748
32,2021-01-28,193,8616,8809
32,2021-01-29,217,9040,9257
32,2021-01-30,107,6653,6760
32,2021-01-31,18,3689,3707
32,2021-02-01,200,7944,8144
32,2021-02-02,216,8030,8246
32,2021-02-03,264,8036,8300
32,2021-02-04,240,8158,8398
32,2021-02-05,226,8179,8405
32,2021-02-06,103,5133,5236
32,2021-02-07,19,3579,3598
32,2021-02-08,204,7535,7739
32,2021-02-09,210,7646,7856
32,2021-02-10,193,7361,7554
32,2021-02-11,216,7707,7923
32,2021-02-12,193,7949,8142
32,2021-02-13,112,5491,5603
32,2021-02-14,21,4087,4108
32,2021-02-15,208,7242,7450
32,2021-02-16,193,7922,8115
32,2021-02-17,197,7487,7684
32,2021-02-18,222,7575,7797
32,2021-02-19,210,7940,8150
32,2021-02-20,104,5718,5822
32,2021-02-21,22,4573,4595
32,2021-02-22,227,7739,7966
32,2021-02-23,251,7960,8211
32,2021-02-24,249,8004,8253
32,2021-02-25,218,8459,8677
32,2021-02-26,213,8384,8597
32,2021-02-27,125,6006,6131
32,2021-02-28,24,4677,4701
32,2021-03-01,288,8001,8289
32,2021-03-02,265,8254,8519
32,2021-03-03,281,8120,8401
32,2021-03-04,298,8303,8601
32,2021-03-05,247,8560,8807
32,2021-03-06,109,6003,6112
32,2021-03-07,23,4416,4439
32,2021-03-08,250,8378,8628
32,2021-03-09,239,8882,9121
32,2021-03-10,257,8509,8766
32,2021-03-11,272,8659,8931
32,2021-03-12,260,8866,9126
32,2021-03-13,126,5748,5874
32,2021-03-14,18,4098,4116
32,2021-03-15,249,8576,8825
32,2021-03-16,236,8712,8948
32,2021-03-17,241,8320,8561
32,2021-03-18,225,8691,8916
32,2021-03-19,249,8901,9150
32,2021-03-20,138,6180,6318
32,2021-03-21,22,4374,4396
32,2021-03-22,290,8606,8896
32,2021-03-23,236,8772,9008
32,2021-03-24,236,8675,8911
32,2021-03-25,218,8644,8862
32,2021-03-26,244,9019,9263
32,2021-03-27,120,6151,6271
32,2021-03-29,244,8639,8883
32,2021-03-30,240,9118,9358
32,2021-03-31,220,9293,9513
32,2021-04-01,255,10142,10397
32,2021-04-02,185,10614,10799
32,2021-04-03,142,6679,6821
32,2021-04-04,19,3978,3997
32,2021-04-05,22,2956,2978
32,2021-04-06,231,7439,7670
32,2021-04-07,204,7092,7296
32,2021-04-08,222,7451,7673
32,2021-04-09,184,7647,7831
32,2021-04-10,114,5089,5203
32,2021-04-11,19,3213,3232
32,2021-04-12,227,7386,7613
32,2021-04-13,193,7864,8057
32,2021-04-14,185,7431,7616
32,2021-04-15,202,7854,8056
32,2021-04-16,217,7972,8189
32,2021-04-17,127,5747,5874
32,2021-04-18,21,3961,3982
32,2021-04-19,249,8048,8297
32,2021-04-20,214,8362,8576
32,2021-04-21,231,8409,8640
32,2021-04-22,227,8448,8675
32,2021-04-23,219,8715,8934
32,2021-04-24,152,6221,6373
32,2021-04-25,23,4557,4580
32,2021-04-26,259,8419,8678
32,2021-04-27,283,8479,8762
32,2021-04-28,236,8465,8701
32,2021-04-29,270,8922,9192
32,2021-04-30,240,9104,9344
32,2021-05-01,21,4460,4481
32,2021-05-02,18,4531,4549
32,2021-05-03,283,9374,9657
32,2021-05-04,275,9525,9800
32,2021-05-05,284,9151,9435
32,2021-05-06,260,9162,9422
32,2021-05-07,254,9537,9791
32,2021-05-08,135,6995,7130
32,2021-05-09,27,4852,4879
32,2021-05-10,280,8733,9013
32,2021-05-11,311,9147,9458
32,2021-05-12,283,9460,9743
32,2021-05-13,25,4556,4581
32,2021-05-14,221,8014,8235
32,2021-05-15,127,6164,6291
32,2021-05-16,43,4610,4653
32,2021-05-17,305,8819,9124
32,2021-05-18,290,9109,9399
32,2021-05-19,331,9052,9383
32,2021-05-20,329,9163,9492
32,2021-05-21,338,9565,9903
32,2021-05-22,140,6726,6866
32,2021-05-23,23,4718,4741
32,2021-05-24,33,4083,4116
32,2021-05-25,293,8767,9060
32,2021-05-26,319,8861,9180
32,2021-05-27,288,9106,9394
32,2021-05-28,272,9442,9714
32,2021-05-29,136,6889,7025
32,2021-05-30,31,5788,5819
32,2021-05-31,297,9258,9555
32,2021-06-01,295,9727,10022
32,2021-06-02,306,9619,9925
32,2021-06-03,292,9354,9646
32,2021-06-04,242,9402,9644
32,2021-06-05,126,6879,7005
32,2021-06-06,23,5264,5287
32,2021-06-07,256,9094,9350
32,2021-06-08,274,9228,9502
32,2021-06-09,250,9409,9659
32,2021-06-10,284,9663,9947
32,2021-06-11,283,10002,10285
32,2021-06-12,117,6793,6910
32,2021-06-13,15,5547,5562
32,2021-06-14,268,9131,9399
32,2021-06-15,321,9517,9838
32,2021-06-16,325,9370,9695
32,2021-06-17,321,9713,10034
32,2021-06-18,308,10083,10391
32,2021-06-19,128,6938,7066
32,2021-06-20,25,5194,5219
32,2021-06-21,368,8971,9339
32,2021-06-22,335,9356,9691
32,2021-06-23,74,5029,5103
32,2021-06-24,276,8898,9174
32,2021-06-25,318,9552,9870
32,2021-06-26,137,6832,6969
32,2021-06-27,27,5288,5315
32,2021-06-28,322,9280,9602
32,2021-06-29,292,9696,9988
32,2021-06-30,317,9437,9754
32,2021-07-01,310,10040,10350
32,2021-07-02,342,10222,10564
32,2021-07-03,188,7734,7922
32,2021-07-04,18,4956,4974
32,2021-07-05,382,9245,9627
32,2021-07-06,285,9636,9921
32,2021-07-07,302,9455,9757
32,2021-07-08,297,9668,9965
32,2021-07-09,257,10206,10463
32,2021-07-10,130,6769,6899
32,2021-07-11,25,5172,5197
32,2021-07-12,236,8812,9048
32,2021-07-13,289,9197,9486
32,2021-07-14,195,9495,9690
32,2021-07-15,203,9400,9603
32,2021-07-16,285,9416,9701
32,2021-07-17,137,6458,6595
32,2021-07-18,22,5333,5355
32,2021-07-19,325,8356,8681
32,2021-07-20,282,8683,8965
32,2021-07-21,283,8579,8862
32,2021-07-22,310,8917,9227
32,2021-07-23,314,9199,9513
32,2021-07-24,155,5958,6113
32,2021-07-25,53,4924,4977
32,2021-07-26,315,8260,8575
32,2021-07-27,283,8443,8726
32,2021-07-28,232,8983,9215
32,2021-07-29,203,8692,8895
32,2021-07-30,211,8875,9086
32,2021-07-31,169,5999,6168
32,2021-08-01,87,5018,5105
32,2021-08-02,231,7031,7262
32,2021-08-03,178,6828,7006
32,2021-08-04,159,7096,7255
32,2021-08-05,170,7160,7330
32,2021-08-06,179,7502,7681
32,2021-08-07,98,5561,5659
32,2021-08-08,34,4300,4334
32,2021-08-09,209,6622,6831
32,2021-08-10,179,7162,7341
32,2021-08-11,206,7191,7397
32,2021-08-12,230,7255,7485
32,2021-08-13,244,7206,7450
32,2021-08-14,198,5534,5732
32,2021-08-15,83,4524,4607
32,2021-08-16,250,6742,6992
32,2021-08-17,239,6881,7120
32,2021-08-18,189,7209,7398
32,2021-08-19,206,7098,7304
32,2021-08-20,251,7595,7846
32,2021-08-21,149,5654,5803
32,2021-08-22,36,4629,4665
32,2021-08-23,204,7512,7716
32,2021-08-24,264,7800,8064
32,2021-08-25,264,7975,8239
32,2021-08-26,290,8521,8811
32,2021-08-27,313,8701,9014
32,2021-08-28,131,5930,6061
32,2021-08-29,30,4720,4750
32,2021-08-30,255,8310,8565
32,2021-08-31,243,8743,8986
32,2021-09-01,268,9088,9356
32,2021-09-02,213,8808,9021
32,2021-09-03,270,9318,9588
32,2021-09-04,144,6271,6415
32,2021-09-05,21,5210,5231
32,2021-09-06,257,8875,9132
32,2021-09-07,247,9339,9586
32,2021-09-08,246,9197,9443
32,2021-09-09,265,9514,9779
32,2021-09-10,303,9614,9917
32,2021-09-11,125,6664,6789
32,2021-09-12,22,5261,5283
32,2021-09-13,301,9122,9423
32,2021-09-14,282,9590,9872
32,2021-09-15,261,9517,9778
32,2021-09-16,287,9879,10166
32,2021-09-17,201,8231,8432
32,2021-09-18,123,6947,7070
32,2021-09-19,19,5324,5343
32,2021-09-20,343,9344,9687
32,2021-09-21,304,10255,10559
32,2021-09-22,285,9725,10010
32,2021-09-23,255,10019,10274
32,2021-09-24,273,10076,10349
32,2021-09-25,138,7142,7280
32,2021-09-26,19,5401,5420
32,2021-09-27,281,9604,9885
32,2021-09-28,270,10320,10590
32,2021-09-29,293,10220,10513
32,2021-09-30,316,10532,10848
32,2021-10-01,475,10978,11453
32,2021-10-02,128,7070,7198
32,2021-10-03,18,5192,5210
32,2021-10-04,321,9797,10118
32,2021-10-05,308,10351,10659
32,2021-10-06,314,10157,10471
32,2021-10-07,298,10686,10984
32,2021-10-08,311,10599,10910
32,2021-10-09,226,7166,7392
32,2021-10-10,118,5482,5600
32,2021-10-11,402,9871,10273
32,2021-10-12,439,10427,10866
32,2021-10-13,517,10110,10627
32,2021-10-14,379,10553,10932
32,2021-10-15,315,10420,10735
32,2021-10-16,123,7097,7220
32,2021-10-17,24,5626,5650
32,2021-10-18,297,9738,10035
32,2021-10-19,278,10489,10767
32,2021-11-10,239,10267,10506
32,2021-11-11,186,10574,10760
32,2021-11-12,302,10080,10382
32,2021-11-13,112,6267,6379
32,2021-11-14,18,4997,5015
32,2021-11-15,252,9824,10076
32,2021-11-16,248,10716,10964
32,2021-11-17,268,10568,10836
32,2021-11-18,243,10813,11056
32,2021-11-19,265,10995,11260
32,2021-11-20,117,6598,6715
32,2021-11-21,22,5000,5022
32,2021-11-22,279,9724,10003
32,2021-11-23,300,10023,10323
32,2021-11-24,280,9723,10003
32,2021-11-25,326,10273,10599
32,2021-11-26,311,10000,10311
32,2021-11-27,111,6421,6532
32,2021-11-28,29,4725,4754
32,2021-11-29,275,9894,10169
32,2021-11-30,259,10254,10513
32,2021-12-01,247,10206,10453
32,2021-12-02,271,10326,10597
32,2021-12-03,340,10016,10356
32,2021-12-04,107,6396,6503
32,2021-12-05,21,4917,4938
32,2021-12-06,396,9420,9816
32,2021-12-07,265,10126,10391
32,2021-12-08,261,9661,9922
32,2021-12-09,257,10013,10270
32,2021-12-10,217,8956,9173
32,2021-12-11,113,6491,6604
32,2021-12-12,19,4862,4881
32,2021-12-13,263,9501,9764
32,2021-12-14,288,9881,10169
32,2021-12-15,308,9610,9918
32,2021-12-16,324,10002,10326
32,2021-12-17,255,10307,10562
32,2021-12-18,107,6768,6875
32,2021-12-19,20,4764,4784
32,2021-12-20,188,8199,8387
32,2021-12-21,179,8692,8871
32,2021-12-22,188,8292,8480
32,2021-12-23,170,7954,8124
32,2021-12-24,146,6909,7055
32,2021-12-25,16,3061,3077
32,2021-12-26,16,3653,3669
32,2021-12-27,130,6025,6155
32,2021-12-28,164,6613,6777
32,2021-12-29,161,6561,6722
32,2021-12-30,168,6732,6900
32,2021-12-31,139,6645,6784
33,2021-01-01,2,1097,1099
33,2021-01-02,51,2069,2120
33,2021-01-03,4,1717,1721
33,2021-01-04,57,4236,4293
33,2021-01-05,56,4471,4527
33,2021-01-06,62,4462,4524
33,2021-01-07,66,4564,4630
33,2021-01-08,53,4749,4802
33,2021-01-09,43,2778,2821
33,2021-01-10,5,2002,2007
33,2021-01-11,98,5439,5537
33,2021-01-12,45,3162,3207
33,2021-01-14,71,4019,4090
33,2021-01-15,64,3854,3918
33,2021-01-16,65,2385,2450
33,2021-01-17,5,1601,1606
33,2021-01-18,103,5131,5234
33,2021-01-19,105,5423,5528
33,2021-01-20,76,5363,5439
33,2021-01-21,56,5811,5867
33,2021-01-22,54,5784,5838
33,2021-01-23,42,3254,3296
33,2021-01-24,9,2041,2050
33,2021-01-25,57,4971,5028
33,2021-02-12,51,4156,4207
33,2021-02-13,89,2754,2843
33,2021-02-14,0,1912,1912
33,2021-02-15,47,4493,4540
33,2021-02-16,46,4932,4978
33,2021-02-17,58,4884,4942
33,2021-02-18,55,5003,5058
33,2021-02-19,55,5204,5259
33,2021-02-20,52,3199,3251
33,2021-02-21,4,2288,2292
33,2021-02-22,56,5126,5182
33,2021-02-23,55,5268,5323
33,2021-02-24,66,5252,5318
33,2021-02-25,46,5405,5451
33,2021-02-26,58,5204,5262
33,2021-02-27,46,3312,3358
33,2021-02-28,5,2361,2366
33,2021-03-01,48,5236,5284
33,2021-03-02,66,5481,5547
33,2021-03-03,63,5324,5387
33,2021-03-04,54,5495,5549
33,2021-03-05,70,5509,5579
33,2021-03-06,93,3446,3539
33,2021-03-07,7,2295,2302
33,2021-03-08,75,5586,5661
33,2021-03-09,68,5685,5753
33,2021-03-10,62,5620,5682
33,2021-03-11,104,6000,6104
33,2021-03-12,130,5888,6018
33,2021-03-13,100,3390,3490
33,2021-03-14,1,2184,2185
33,2021-03-15,126,5634,5760
33,2021-03-16,76,5841,5917
33,2021-03-17,72,5854,5926
33,2021-03-18,67,5644,5711
33,2021-03-19,98,5800,5898
33,2021-03-20,100,3564,3664
33,2021-03-22,83,5539,5622
33,2021-03-23,85,5775,5860
33,2021-03-24,87,5791,5878
33,2021-03-25,102,5846,5948
33,2021-03-26,101,5900,6001
33,2021-03-27,107,3573,3680
33,2021-03-29,82,5752,5834
33,2021-03-30,121,5925,6046
33,2021-03-31,125,5854,5979
33,2021-04-01,113,6162,6275
33,2021-04-02,100,5982,6082
33,2021-04-03,114,3694,3808
33,2021-04-04,3,2083,2086
33,2021-04-05,0,1940,1940
33,2021-04-06,84,5449,5533
33,2021-04-07,70,5463,5533
33,2021-04-08,66,5482,5548
33,2021-04-09,97,5607,5704
33,2021-04-10,56,3339,3395
33,2021-04-11,0,1978,1978
33,2021-04-12,97,5553,5650
33,2021-04-13,106,5720,5826
33,2021-04-14,94,5641,5735
33,2021-04-15,77,5887,5964
33,2021-04-16,93,5705,5798
33,2021-04-17,138,3688,3826
33,2021-04-18,4,2399,2403
33,2021-04-19,103,5751,5854
33,2021-04-20,95,5773,5868
33,2021-04-21,80,5800,5880
33,2021-04-22,97,5919,6016
33,2021-04-23,96,6016,6112
33,2021-04-24,130,3971,4101
33,2021-04-25,5,2731,2736
33,2021-04-26,83,5926,6009
33,2021-04-27,70,6144,6214
33,2021-04-28,70,5993,6063
33,2021-04-29,80,6077,6157
33,2021-04-30,87,6190,6277
33,2021-05-01,11,2794,2805
33,2021-05-02,6,2608,2614
33,2021-05-03,80,6069,6149
33,2021-05-04,61,6078,6139
33,2021-05-05,103,6026,6129
33,2021-05-06,68,6094,6162
33,2021-05-07,96,6302,6398
33,2021-05-08,100,3986,4086
33,2021-05-09,5,2782,2787
33,2021-05-10,77,6029,6106
33,2021-05-11,72,6308,6380
33,2021-05-12,72,6280,6352
33,2021-05-13,2,2585,2587
33,2021-05-14,60,4918,4978
33,2021-05-15,43,3507,3550
33,2021-05-16,4,2531,2535
33,2021-05-17,105,6351,6456
33,2021-05-18,82,6313,6395
33,2021-05-19,73,6211,6284
33,2021-05-20,86,6395,6481
33,2021-05-21,85,6453,6538
33,2021-05-22,52,3875,3927
33,2021-05-23,4,2746,2750
33,2021-05-24,31,2614,2645
33,2021-05-25,70,6244,6314
33,2021-05-26,66,6075,6141
33,2021-05-27,63,6425,6488
33,2021-05-28,64,6409,6473
33,2021-05-29,15,3795,3810
33,2021-05-30,3,3245,3248
33,2021-05-31,57,6369,6426
33,2021-06-01,73,6704,6777
33,2021-06-02,64,6549,6613
33,2021-06-03,67,6808,6875
33,2021-06-04,154,6956,7110
33,2021-06-05,33,4151,4184
33,2021-06-06,8,3016,3024
33,2021-06-07,61,6322,6383
33,2021-06-08,62,6706,6768
33,2021-06-09,86,6733,6819
33,2021-06-10,79,6944,7023
33,2021-06-11,75,6874,6949
33,2021-06-12,44,4206,4250
33,2021-06-13,4,3227,3231
33,2021-06-14,70,6317,6387
33,2021-06-15,68,6585,6653
33,2021-06-16,106,6632,6738
33,2021-06-17,61,6861,6922
33,2021-06-18,70,6761,6831
33,2021-06-19,52,4405,4457
33,2021-06-20,8,3160,3168
33,2021-06-21,47,4985,5032
33,2021-06-22,83,6686,6769
33,2021-06-23,12,3210,3222
33,2021-06-24,63,6399,6462
33,2021-06-25,69,6564,6633
33,2021-06-26,32,4307,4339
33,2021-06-27,4,3118,3122
33,2021-06-28,59,6560,6619
33,2021-06-29,45,6705,6750
33,2021-06-30,64,6611,6675
33,2021-07-01,67,6835,6902
33,2021-07-02,72,7058,7130
33,2021-07-03,45,4095,4140
33,2021-07-04,12,2874,2886
33,2021-07-05,88,6249,6337
33,2021-07-06,91,6610,6701
33,2021-07-07,80,6503,6583
33,2021-07-08,59,6230,6289
33,2021-07-09,58,6505,6563
33,2021-07-10,49,4161,4210
33,2021-07-11,4,2930,2934
33,2021-07-12,62,5958,6020
33,2021-07-13,57,6209,6266
33,2021-07-14,53,5900,5953
33,2021-07-15,62,6070,6132
33,2021-07-16,58,6097,6155
33,2021-07-17,33,3867,3900
33,2021-07-18,5,2970,2975
33,2021-07-19,62,5947,6009
33,2021-07-20,56,5907,5963
33,2021-07-21,80,5911,5991
33,2021-07-22,98,6139,6237
33,2021-07-23,81,6199,6280
33,2021-07-24,57,3731,3788
33,2021-07-25,15,2757,2772
33,2021-07-26,77,5731,5808
33,2021-07-27,67,5745,5812
33,2021-07-28,64,5857,5921
33,2021-07-29,54,6041,6095
33,2021-07-30,52,5725,5777
33,2021-07-31,36,3386,3422
33,2021-08-01,13,2569,2582
33,2021-08-02,24,4874,4898
33,2021-08-03,59,4744,4803
33,2021-08-04,54,4815,4869
33,2021-08-05,55,4772,4827
33,2021-08-06,57,4700,4757
33,2021-08-07,26,3034,3060
33,2021-08-08,1,2225,2226
33,2021-08-09,57,4329,4386
33,2021-08-10,59,4464,4523
33,2021-08-11,63,4509,4572
33,2021-08-12,52,4737,4789
33,2021-08-13,55,4603,4658
33,2021-08-14,47,3169,3216
33,2021-08-15,28,2539,2567
33,2021-08-16,61,4395,4456
33,2021-08-17,55,4342,4397
33,2021-08-18,64,4363,4427
33,2021-08-19,71,4527,4598
33,2021-08-20,62,4673,4735
33,2021-08-21,102,3246,3348
33,2021-08-22,8,2383,2391
33,2021-08-23,96,5088,5184
33,2021-08-24,149,5431,5580
33,2021-08-25,122,5593,5715
33,2021-08-26,102,5691,5793
33,2021-08-27,106,5757,5863
33,2021-08-28,47,3726,3773
33,2021-08-29,8,2760,2768
33,2021-08-30,63,5901,5964
33,2021-08-31,75,6339,6414
33,2021-09-01,79,6420,6499
33,2021-09-02,100,6251,6351
33,2021-09-03,83,6558,6641
33,2021-09-04,88,4436,4524
33,2021-09-05,5,3708,3713
33,2021-09-06,65,6505,6570
33,2021-09-07,68,6728,6796
33,2021-09-08,85,6629,6714
33,2021-09-09,77,6592,6669
33,2021-09-10,70,6729,6799
33,2021-09-11,50,4058,4108
33,2021-09-12,3,2972,2975
33,2021-09-13,68,6569,6637
33,2021-09-14,73,6773,6846
33,2021-09-15,75,6743,6818
33,2021-09-16,78,6911,6989
33,2021-09-17,80,6927,7007
33,2021-09-18,53,4034,4087
33,2021-09-19,6,3058,3064
33,2021-09-20,72,6628,6700
33,2021-09-21,72,6954,7026
33,2021-09-22,67,6727,6794
33,2021-09-23,58,6841,6899
33,2021-09-24,96,7064,7160
33,2021-09-25,98,4398,4496
33,2021-09-26,2,2989,2991
33,2021-09-27,73,6808,6881
33,2021-09-28,86,7117,7203
33,2021-09-29,100,6977,7077
33,2021-09-30,77,7080,7157
33,2021-10-01,73,7059,7132
33,2021-10-02,19,3782,3801
33,2021-10-03,6,2858,2864
33,2021-10-04,58,6887,6945
33,2021-10-05,90,7054,7144
33,2021-10-06,83,6928,7011
33,2021-10-07,70,7218,7288
33,2021-10-08,79,7109,7188
33,2021-10-09,58,4229,4287
33,2021-10-10,3,3037,3040
33,2021-10-11,58,6813,6871
33,2021-10-12,66,7072,7138
33,2021-10-13,83,6877,6960
33,2021-10-14,75,7134,7209
33,2021-10-15,78,7195,7273
33,2021-10-16,37,4203,4240
33,2021-10-17,1,3045,3046
33,2021-10-18,70,6831,6901
33,2021-10-19,76,7079,7155
33,2021-10-20,104,6873,6977
33,2021-10-21,83,6869,6952
33,2021-10-22,85,7054,7139
33,2021-10-23,91,4121,4212
33,2021-10-24,4,3040,3044
33,2021-10-25,111,6503,6614
33,2021-10-26,78,6825,6903
33,2021-10-27,83,6625,6708
33,2021-10-28,78,6837,6915
33,2021-10-29,64,6981,7045
33,2021-10-30,40,3928,3968
33,2021-11-01,3,2633,2636
33,2021-11-02,50,6948,6998
33,2021-11-03,38,7050,7088
33,2021-11-04,54,7274,7328
33,2021-11-05,57,7170,7227
33,2021-11-06,36,4099,4135
33,2021-11-07,6,2737,2743
33,2021-11-08,63,6777,6840
33,2021-11-09,70,6937,7007
33,2021-11-10,86,6861,6947
33,2021-11-11,61,6797,6858
33,2021-11-12,72,6864,6936
33,2021-11-13,56,3924,3980
33,2021-11-14,6,2894,2900
33,2021-11-15,70,6904,6974
33,2021-11-16,86,6973,7059
33,2021-11-17,78,6922,7000
33,2021-11-18,73,7016,7089
33,2021-11-19,68,7068,7136
33,2021-11-20,42,4162,4204
33,2021-11-21,0,2747,2747
33,2021-11-22,69,6819,6888
33,2021-11-23,90,6938,7028
33,2021-11-24,83,6891,6974
33,2021-11-25,82,7138,7220
33,2021-11-26,51,5918,5969
33,2021-11-27,24,3513,3537
33,2021-11-28,1,2688,2689
33,2021-11-29,80,6473,6553
33,2021-11-30,43,6792,6835
33,2021-12-01,59,6674,6733
33,2021-12-02,78,6805,6883
33,2021-12-03,66,6889,6955
33,2021-12-04,33,3967,4000
33,2021-12-05,5,2789,2794
33,2021-12-06,62,6509,6571
33,2021-12-07,61,7039,7100
33,2021-12-08,66,6655,6721
33,2021-12-09,58,6792,6850
33,2021-12-10,53,5918,5971
33,2021-12-11,33,3924,3957
33,2021-12-12,1,2859,2860
33,2021-12-13,56,6604,6660
33,2021-12-14,57,6925,6982
33,2021-12-15,73,6794,6867
33,2021-12-16,59,7073,7132
33,2021-12-17,55,6929,6984
33,2021-12-18,38,3918,3956
33,2021-12-19,5,2736,2741
33,2021-12-20,56,5449,5505
33,2021-12-21,44,5417,5461
33,2021-12-22,45,5241,5286
33,2021-12-23,47,5165,5212
33,2021-12-24,26,3898,3924
33,2021-12-25,0,1577,1577
33,2021-12-26,2,1828,1830
33,2021-12-27,26,3802,3828
33,2021-12-28,33,4066,4099
33,2021-12-29,37,4076,4113
33,2021-12-30,33,4106,4139
33,2021-12-31,41,3686,3727
34,2021-01-01,16,3565,3581
34,2021-01-02,140,9914,10054
34,2021-01-03,99,5344,5443
34,2021-01-04,1467,13037,14504
34,2021-01-05,1604,12945,14549
34,2021-01-06,1681,13028,14709
34,2021-01-07,1725,13318,15043
34,2021-01-08,1696,13822,15518
34,2021-01-09,416,12195,12611
34,2021-01-10,119,6499,6618
34,2021-01-11,1952,13227,15179
34,2021-01-12,1804,12021,13825
34,2021-01-13,2059,12868,14927
34,2021-01-14,1924,12576,14500
34,2021-01-15,1642,13184,14826
34,2021-01-16,376,12191,12567
34,2021-01-17,131,5974,6105
34,2021-01-18,1883,13456,15339
34,2021-01-19,2003,13542,15545
34,2021-01-20,2149,13744,15893
34,2021-01-21,2081,13938,16019
34,2021-01-22,2030,14399,16429
34,2021-01-23,442,13640,14082
34,2021-01-24,128,6795,6923
34,2021-01-25,1993,13306,15299
34,2021-01-26,2071,13867,15938
34,2021-02-02,1912,12621,14533
34,2021-02-03,1937,11709,13646
34,2021-02-04,1961,13703,15664
34,2021-02-05,2038,13618,15656
34,2021-02-06,408,10462,10870
34,2021-02-07,95,5691,5786
34,2021-02-08,1998,12787,14785
34,2021-02-09,2081,13175,15256
34,2021-02-10,2016,13400,15416
34,2021-02-11,2093,13307,15400
34,2021-02-12,2053,13479,15532
34,2021-02-13,369,11243,11612
34,2021-02-14,111,5959,6070
34,2021-02-15,2005,12733,14738
34,2021-02-16,2060,12933,14993
34,2021-02-17,2196,12484,14680
34,2021-02-18,2080,12411,14491
34,2021-02-19,2222,13285,15507
34,2021-02-20,415,11162,11577
34,2021-02-21,102,6412,6514
34,2021-02-22,2355,12314,14669
34,2021-02-23,2295,12662,14957
34,2021-02-24,2261,12608,14869
34,2021-02-25,2509,12874,15383
34,2021-02-26,2259,12636,14895
34,2021-02-27,429,11703,12132
34,2021-02-28,111,6490,6601
34,2021-03-01,2186,12804,14990
34,2021-03-02,2273,12959,15232
34,2021-03-03,2428,12835,15263
34,2021-03-04,2230,12455,14685
34,2021-03-05,2246,13306,15552
34,2021-03-06,399,9097,9496
34,2021-03-07,108,5507,5615
34,2021-03-08,2327,12201,14528
34,2021-03-09,2576,12815,15391
34,2021-03-10,2602,13060,15662
34,2021-03-11,2354,12235,14589
34,2021-03-12,2392,13010,15402
34,2021-03-13,375,10707,11082
34,2021-03-14,102,5824,5926
34,2021-03-15,2396,12974,15370
34,2021-03-16,2332,12168,14500
34,2021-03-17,2421,13137,15558
34,2021-03-18,2308,13429,15737
34,2021-03-19,2180,13947,16127
34,2021-03-20,455,11999,12454
34,2021-03-21,127,6410,6537
34,2021-03-22,2243,13207,15450
34,2021-03-23,2367,13437,15804
34,2021-03-24,2361,13564,15925
34,2021-03-25,2446,13513,15959
34,2021-03-26,2278,14112,16390
34,2021-03-27,437,11932,12369
34,2021-03-29,2222,13240,15462
34,2021-03-30,2263,13514,15777
34,2021-03-31,2299,13621,15920
34,2021-04-01,2079,13983,16062
34,2021-04-02,1893,14343,16236
34,2021-04-03,384,11912,12296
34,2021-04-04,107,5692,5799
34,2021-04-05,184,5107,5291
34,2021-04-06,1942,12561,14503
34,2021-04-07,2189,12852,15041
34,2021-04-08,2116,13273,15389
34,2021-04-09,2046,13348,15394
34,2021-04-10,435,9980,10415
34,2021-04-11,107,4775,4882
34,2021-04-12,2240,13238,15478
34,2021-04-13,2129,12274,14403
34,2021-04-14,2006,11906,13912
34,2021-04-15,2097,12526,14623
34,2021-04-16,2080,13143,15223
34,2021-04-17,465,11284,11749
34,2021-04-18,133,6293,6426
34,2021-04-19,2125,12783,14908
34,2021-04-20,2309,13065,15374
34,2021-04-21,2279,13070,15349
34,2021-04-22,2132,13231,15363
34,2021-04-23,2055,13742,15797
34,2021-04-24,468,12181,12649
34,2021-04-25,98,7357,7455
34,2021-04-26,2047,13171,15218
34,2021-04-27,2223,13465,15688
34,2021-04-28,2344,13680,16024
34,2021-04-29,2324,13742,16066
34,2021-04-30,2320,14359,16679
34,2021-05-05,2524,13478,16002
34,2021-05-06,2560,13717,16277
34,2021-05-07,2437,14484,16921
34,2021-05-08,496,13549,14045
34,2021-05-09,136,8243,8379
34,2021-05-10,2544,13578,16122
34,2021-05-11,2634,13911,16545
34,2021-05-12,2514,14416,16930
34,2021-05-13,379,8150,8529
34,2021-05-14,1684,13587,15271
34,2021-05-15,496,12640,13136
34,2021-05-16,128,7446,7574
34,2021-05-17,2289,13356,15645
34,2021-05-18,2474,13954,16428
34,2021-05-19,2513,13940,16453
34,2021-05-20,2561,14494,17055
34,2021-05-21,2466,15134,17600
34,2021-05-22,838,14024,14862
34,2021-05-23,149,8263,8412
34,2021-05-24,288,8324,8612
34,2021-05-25,2453,14099,16552
34,2021-05-26,2443,14435,16878
34,2021-05-27,2504,14844,17348
34,2021-05-28,2413,15645,18058
34,2021-05-29,540,15051,15591
34,2021-05-30,157,9537,9694
34,2021-05-31,2424,14490,16914
34,2021-06-01,2343,14672,17015
34,2021-06-02,2538,14719,17257
34,2021-06-03,2369,14704,17073
34,2021-06-04,2376,14571,16947
34,2021-06-05,687,13456,14143
34,2021-06-06,132,8156,8288
34,2021-06-07,2387,14348,16735
34,2021-06-08,2434,14814,17248
34,2021-06-09,2628,15162,17790
34,2021-06-10,2412,15173,17585
34,2021-06-11,2443,15780,18223
34,2021-06-12,537,15484,16021
34,2021-06-13,151,9550,9701
34,2021-06-14,2310,14542,16852
34,2021-06-15,2365,14879,17244
34,2021-06-16,2436,14891,17327
34,2021-06-17,2444,15310,17754
34,2021-06-18,2246,15681,17927
34,2021-06-19,529,14669,15198
34,2021-06-20,150,8714,8864
34,2021-06-21,2272,14465,16737
34,2021-06-22,2445,15091,17536
34,2021-06-23,1290,13370,14660
34,2021-06-24,2649,14592,17241
34,2021-06-25,2405,15496,17901
34,2021-06-26,585,15522,16107
34,2021-06-27,164,9881,10045
34,2021-06-28,2396,14555,16951
34,2021-06-29,2461,14745,17206
34,2021-06-30,2551,15029,17580
34,2021-07-01,2439,15490,17929
34,2021-07-02,2397,15987,18384
34,2021-07-03,478,16069,16547
34,2021-07-04,156,9848,10004
34,2021-07-05,2297,14332,16629
34,2021-07-06,2439,14761,17200
34,2021-07-07,2524,15330,17854
34,2021-07-08,2596,15119,17715
34,2021-07-09,2415,15809,18224
34,2021-07-10,490,15743,16233
34,2021-07-11,176,9972,10148
34,2021-07-12,2527,14510,17037
34,2021-07-13,2225,14065,16290
34,2021-07-14,1737,14078,15815
34,2021-07-15,2109,12619,14728
34,2021-07-16,2212,15616,17828
34,2021-07-17,488,14821,15309
34,2021-07-18,151,9499,9650
34,2021-07-19,2153,14497,16650
34,2021-07-20,2283,14855,17138
34,2021-07-21,2001,15222,17223
34,2021-07-22,2179,15078,17257
34,2021-07-23,2169,15648,17817
34,2021-07-24,445,14471,14916
34,2021-07-25,141,9020,9161
34,2021-07-26,2040,14179,16219
34,2021-07-27,2237,13716,15953
34,2021-07-28,2167,14822,16989
34,2021-07-29,2154,15410,17564
34,2021-07-30,1825,15640,17465
34,2021-07-31,390,13503,13893
34,2021-08-01,171,8586,8757
34,2021-08-02,1578,13546,15124
34,2021-08-03,1545,13297,14842
34,2021-08-04,1580,13931,15511
34,2021-08-05,1642,14221,15863
34,2021-08-06,1496,14497,15993
34,2021-08-07,335,12439,12774
34,2021-08-08,134,7630,7764
34,2021-08-09,1437,13485,14922
34,2021-08-10,1570,13811,15381
34,2021-08-11,1534,13996,15530
34,2021-08-12,1508,14222,15730
34,2021-08-13,1489,14775,16264
34,2021-08-14,264,11983,12247
34,2021-08-15,122,8006,8128
34,2021-08-16,1476,13137,14613
34,2021-08-17,1540,13531,15071
34,2021-08-18,1617,13857,15474
34,2021-08-19,1661,14032,15693
34,2021-08-20,1610,14917,16527
34,2021-08-21,336,12601,12937
34,2021-08-22,143,8351,8494
34,2021-08-23,1907,14791,16698
34,2021-08-24,2009,14941,16950
34,2021-08-25,1949,15055,17004
34,2021-08-26,2004,15861,17865
34,2021-08-27,1945,16204,18149
34,2021-08-28,413,14554,14967
34,2021-08-29,124,8613,8737
34,2021-08-30,2072,15252,17324
34,2021-08-31,2136,15943,18079
34,2021-09-01,2224,15656,17880
34,2021-09-02,2352,15517,17869
34,2021-09-03,2256,16393,18649
34,2021-09-04,456,13837,14293
34,2021-09-05,142,9090,9232
34,2021-09-06,2088,15447,17535
34,2021-09-07,2312,15924,18236
34,2021-09-08,2261,16017,18278
34,2021-09-09,2230,16042,18272
34,2021-09-10,2176,16449,18625
34,2021-09-11,510,15547,16057
34,2021-09-12,156,10202,10358
34,2021-09-13,2201,15155,17356
34,2021-09-14,2325,15451,17776
34,2021-09-15,2229,15123,17352
34,2021-09-16,2293,15816,18109
34,2021-09-17,2170,16695,18865
34,2021-09-18,650,16430,17080
34,2021-09-19,125,9937,10062
34,2021-09-20,2222,14637,16859
34,2021-09-21,2332,15285,17617
34,2021-09-22,2322,15368,17690
34,2021-09-23,2341,15532,17873
34,2021-09-24,2256,16273,18529
34,2021-09-25,646,16584,17230
34,2021-09-26,154,9637,9791
34,2021-09-27,2292,14738,17030
34,2021-09-28,2315,15523,17838
34,2021-09-29,2280,15201,17481
34,2021-09-30,2320,15624,17944
34,2021-10-01,2201,16695,18896
34,2021-10-02,479,16603,17082
34,2021-10-03,123,9062,9185
34,2021-10-04,2212,14849,17061
34,2021-10-05,2237,15409,17646
34,2021-10-06,2304,15113,17417
34,2021-10-07,2287,15387,17674
34,2021-10-08,2094,16314,18408
34,2021-10-09,535,16811,17346
34,2021-10-10,126,10163,10289
34,2021-10-11,2123,14969,17092
34,2021-10-12,2203,15463,17666
34,2021-10-13,2360,15313,17673
34,2021-10-14,2277,15524,17801
34,2021-10-15,2135,16626,18761
34,2021-10-16,543,17171,17714
34,2021-10-17,135,9882,10017
34,2021-10-18,2334,14780,17114
34,2021-10-19,2361,15185,17546
34,2021-10-20,2391,14973,17364
34,2021-10-27,2157,13797,15954
34,2021-10-28,2332,15578,17910
34,2021-10-29,2361,16435,18796
34,2021-10-30,492,15687,16179
34,2021-11-01,242,9523,9765
34,2021-11-02,2227,14894,17121
34,2021-11-03,2267,15105,17372
34,2021-11-04,2372,15708,18080
34,2021-11-05,2275,16173,18448
34,2021-11-06,580,15770,16350
34,2021-11-07,141,8673,8814
34,2021-11-08,2254,14382,16636
34,2021-11-09,2205,14792,16997
34,2021-11-10,2344,15146,17490
34,2021-11-11,1370,15485,16855
34,2021-11-12,2003,15558,17561
34,2021-11-13,478,15700,16178
34,2021-11-14,130,9105,9235
34,2021-11-15,2079,14059,16138
34,2021-11-16,2304,14951,17255
34,2021-11-17,2357,14640,16997
34,2021-11-18,2344,15156,17500
34,2021-11-19,2096,15815,17911
34,2021-11-20,745,16439,17184
34,2021-11-21,125,9321,9446
34,2021-11-22,2310,14608,16918
34,2021-11-23,2446,14492,16938
34,2021-11-24,2537,15135,17672
34,2021-11-25,2405,15360,17765
34,2021-11-26,2250,15926,18176
34,2021-11-27,623,15920,16543
34,2021-11-28,136,10228,10364
34,2021-11-29,2284,14449,16733
34,2021-11-30,2236,14310,16546
34,2021-12-01,2231,14638,16869
34,2021-12-02,2405,14882,17287
34,2021-12-03,2222,15837,18059
34,2021-12-04,497,15648,16145
34,2021-12-05,118,10094,10212
34,2021-12-06,2311,14724,17035
34,2021-12-07,2365,15001,17366
34,2021-12-08,2310,14925,17235
34,2021-12-09,2257,14972,17229
34,2021-12-10,2042,15453,17495
34,2021-12-11,494,16208,16702
34,2021-12-12,135,10351,10486
34,2021-12-13,2153,14655,16808
34,2021-12-14,2354,15081,17435
34,2021-12-15,2204,15647,17851
34,2021-12-16,2093,15863,17956
34,2021-12-17,1941,16738,18679
34,2021-12-18,405,16123,16528
34,2021-12-19,151,10897,11048
34,2021-12-20,1678,15534,17212
34,2021-12-21,1686,15848,17534
34,2021-12-22,1516,16057,17573
34,2021-12-23,1274,16280,17554
34,2021-12-24,706,13163,13869
34,2021-12-25,17,5341,5358
34,2021-12-26,92,7347,7439
34,2021-12-27,952,13210,14162
34,2021-12-28,1024,13387,14411
34,2021-12-29,924,13816,14740
34,2021-12-30,907,14064,14971
34,2021-12-31,479,12482,12961
35,2021-01-02,18,1653,1671
35,2021-01-03,11,1437,1448
35,2021-01-04,19,1806,1825
35,2021-01-05,15,1934,1949
35,2021-01-06,24,1981,2005
35,2021-01-07,24,2008,2032
35,2021-01-08,24,1891,1915
35,2021-01-09,28,1638,1666
35,2021-01-10,12,1669,1681
35,2021-01-11,21,2318,2339
35,2021-01-12,30,2175,2205
35,2021-01-13,30,2340,2370
35,2021-01-14,29,2193,2222
35,2021-01-15,32,2384,2416
35,2021-01-16,29,1876,1905
35,2021-01-17,4,1611,1615
35,2021-01-18,21,2292,2313
35,2021-01-19,23,2357,2380
35,2021-01-20,18,2399,2417
35,2021-01-21,18,2306,2324
35,2021-01-22,36,2512,2548
35,2021-01-23,19,1854,1873
35,2021-01-24,15,1701,1716
35,2021-01-25,24,2204,2228
35,2021-01-26,27,2391,2418
35,2021-01-27,19,2244,2263
35,2021-01-28,16,2424,2440
35,2021-01-29,22,2580,2602
35,2021-01-30,14,2008,2022
35,2021-01-31,4,1936,1940
35,2021-02-02,31,2407,2438
35,2021-02-03,23,2279,2302
35,2021-02-04,16,2517,2533
35,2021-02-05,17,2485,2502
35,2021-02-06,15,1777,1792
35,2021-02-07,4,1814,1818
35,2021-02-08,31,2119,2150
35,2021-02-09,25,2178,2203
35,2021-02-10,29,2326,2355
35,2021-02-11,32,2428,2460
35,2021-02-12,35,2623,2658
35,2021-02-13,32,2098,2130
35,2021-02-14,9,2073,2082
35,2021-02-15,33,2376,2409
35,2021-02-16,37,2755,2792
35,2021-02-17,31,2418,2449
35,2021-02-18,30,2364,2394
35,2021-02-19,38,2545,2583
35,2021-02-20,18,2413,2431
35,2021-02-21,8,2751,2759
35,2021-02-22,28,2490,2518
35,2021-02-23,38,2725,2763
35,2021-02-24,47,2710,2757
35,2021-02-25,39,2778,2817
35,2021-02-26,53,2758,2811
35,2021-02-27,42,2302,2344
35,2021-02-28,7,2604,2611
35,2021-03-01,36,2630,2666
35,2021-03-02,41,2749,2790
35,2021-03-03,41,2641,2682
35,2021-03-04,55,2527,2582
35,2021-03-05,34,2721,2755
35,2021-03-06,37,2323,2360
35,2021-03-07,8,2563,2571
35,2021-03-08,30,2596,2626
35,2021-03-09,34,2568,2602
35,2021-03-10,40,2549,2589
35,2021-03-11,36,2657,2693
35,2021-03-12,34,2746,2780
35,2021-03-13,36,2053,2089
35,2021-03-14,16,2028,2044
35,2021-03-15,38,2524,2562
35,2021-03-16,36,2563,2599
35,2021-03-17,35,2458,2493
35,2021-03-18,29,2718,2747
35,2021-03-19,36,2767,2803
35,2021-03-20,22,2276,2298
35,2021-03-21,15,2291,2306
35,2021-03-22,33,2594,2627
35,2021-03-23,39,2690,2729
35,2021-03-24,34,2720,2754
35,2021-03-25,58,2804,2862
35,2021-03-26,84,2924,3008
35,2021-03-27,56,2219,2275
35,2021-03-29,38,2799,2837
35,2021-03-30,43,3051,3094
35,2021-03-31,55,3119,3174
35,2021-04-02,36,2847,2883
35,2021-04-03,29,2318,2347
35,2021-04-04,23,1972,1995
35,2021-04-05,25,1896,1921
35,2021-04-06,38,2897,2935
35,2021-04-07,43,2716,2759
35,2021-04-08,57,3146,3203
35,2021-04-09,64,3234,3298
35,2021-04-10,35,2274,2309
35,2021-04-11,7,1950,1957
35,2021-04-12,41,2668,2709
35,2021-04-13,40,2504,2544
35,2021-04-14,41,2601,2642
35,2021-04-15,52,2794,2846
35,2021-04-16,70,2804,2874
35,2021-04-17,53,2308,2361
35,2021-04-18,20,2349,2369
35,2021-04-19,32,2306,2338
35,2021-04-20,56,2576,2632
35,2021-04-21,41,2551,2592
35,2021-04-22,67,2917,2984
35,2021-04-23,124,3126,3250
35,2021-04-24,71,2795,2866
35,2021-04-25,28,3114,3142
35,2021-04-26,84,2739,2823
35,2021-04-27,82,2842,2924
35,2021-04-28,51,2781,2832
35,2021-04-29,72,2916,2988
35,2021-04-30,81,3013,3094
35,2021-05-01,37,2522,2559
35,2021-05-02,52,2788,2840
35,2021-05-03,50,2751,2801
35,2021-05-04,38,2574,2612
35,2021-05-05,63,2643,2706
35,2021-05-06,49,2751,2800
35,2021-05-07,81,3070,3151
35,2021-05-08,61,2542,2603
35,2021-05-09,23,3239,3262
35,2021-05-10,54,2655,2709
35,2021-05-11,47,2803,2850
35,2021-05-12,84,3063,3147
35,2021-05-13,69,2629,2698
35,2021-05-14,50,2685,2735
35,2021-05-15,48,2380,2428
35,2021-05-16,64,2344,2408
35,2021-05-17,63,2723,2786
35,2021-05-18,38,2729,2767
35,2021-05-19,38,2784,2822
35,2021-05-20,65,3147,3212
35,2021-05-21,96,3123,3219
35,2021-05-22,37,2471,2508
35,2021-05-23,17,2463,2480
35,2021-05-24,43,2329,2372
35,2021-05-25,74,2781,2855
35,2021-05-26,72,2694,2766
35,2021-05-27,62,2916,2978
35,2021-05-28,56,3038,3094
35,2021-05-29,44,2891,2935
35,2021-05-30,99,3714,3813
35,2021-05-31,46,3221,3267
35,2021-06-01,55,3451,3506
35,2021-06-02,71,3386,3457
35,2021-06-03,51,3329,3380
35,2021-06-04,69,3241,3310
35,2021-06-05,66,2735,2801
35,2021-06-06,51,2736,2787
35,2021-06-07,67,2841,2908
35,2021-06-08,39,3044,3083
35,2021-06-09,65,3000,3065
35,2021-06-10,116,3297,3413
35,2021-06-11,64,3331,3395
35,2021-06-12,44,2906,2950
35,2021-06-13,46,3739,3785
35,2021-06-14,54,3164,3218
35,2021-06-15,61,3296,3357
35,2021-06-16,58,3035,3093
35,2021-06-17,77,3225,3302
35,2021-06-18,55,3247,3302
35,2021-06-19,42,3038,3080
35,2021-06-20,28,3211,3239
35,2021-06-21,44,2991,3035
35,2021-06-22,49,3073,3122
35,2021-06-23,30,2520,2550
35,2021-06-24,36,2884,2920
35,2021-06-25,62,3370,3432
35,2021-06-26,38,3129,3167
35,2021-06-27,32,3168,3200
35,2021-06-28,39,2957,2996
35,2021-06-29,54,2965,3019
35,2021-06-30,33,3068,3101
35,2021-07-01,35,3272,3307
35,2021-07-02,41,3400,3441
35,2021-07-03,29,3159,3188
35,2021-07-04,33,2786,2819
35,2021-07-05,61,3101,3162
35,2021-07-07,44,3140,3184
35,2021-07-08,45,3166,3211
35,2021-07-09,74,3445,3519
35,2021-07-10,34,3098,3132
35,2021-07-11,31,3275,3306
35,2021-07-12,38,2905,2943
35,2021-07-13,33,2836,2869
35,2021-07-14,39,3230,3269
35,2021-07-15,20,1174,1194
35,2021-07-16,44,2250,2294
35,2021-07-17,31,2366,2397
35,2021-07-18,23,1865,1888
35,2021-07-19,38,2795,2833
35,2021-07-20,55,2645,2700
35,2021-07-21,57,3003,3060
35,2021-07-22,77,2883,2960
35,2021-07-23,77,2964,3041
35,2021-07-24,33,2252,2285
35,2021-07-25,18,2514,2532
35,2021-07-26,45,2722,2767
35,2021-07-27,67,2634,2701
35,2021-07-28,42,2818,2860
35,2021-07-29,52,3117,3169
35,2021-07-30,72,3112,3184
35,2021-07-31,67,2850,2917
35,2021-08-01,56,2910,2966
35,2021-08-02,45,2683,2728
35,2021-08-03,48,2703,2751
35,2021-08-04,48,2793,2841
35,2021-08-05,47,2872,2919
35,2021-08-06,45,3011,3056
35,2021-08-07,40,2652,2692
35,2021-08-08,16,2490,2506
35,2021-08-09,35,2628,2663
35,2021-08-10,53,2798,2851
35,2021-08-11,78,3114,3192
35,2021-08-12,54,3247,3301
35,2021-08-13,76,3215,3291
35,2021-08-14,80,3034,3114
35,2021-08-15,101,3191,3292
35,2021-08-16,69,2732,2801
35,2021-08-17,50,2764,2814
35,2021-08-18,58,2607,2665
35,2021-08-19,46,2915,2961
35,2021-08-20,80,2993,3073
35,2021-08-21,79,3067,3146
35,2021-08-22,18,2486,2504
35,2021-08-23,37,2833,2870
35,2021-08-24,49,3090,3139
35,2021-08-25,63,3131,3194
35,2021-08-26,95,3123,3218
35,2021-08-27,89,3138,3227
35,2021-08-28,58,2601,2659
35,2021-08-29,23,2509,2532
35,2021-08-30,46,2838,2884
35,2021-08-31,62,2921,2983
35,2021-09-01,68,2998,3066
35,2021-09-02,66,3187,3253
35,2021-09-03,68,3344,3412
35,2021-09-04,60,2982,3042
35,2021-09-05,59,3433,3492
35,2021-09-06,77,2932,3009
35,2021-09-07,52,3077,3129
35,2021-09-08,53,3289,3342
35,2021-09-09,66,3066,3132
35,2021-09-10,52,3093,3145
35,2021-09-11,38,2682,2720
35,2021-09-12,26,3037,3063
35,2021-09-13,53,3125,3178
35,2021-09-14,48,2979,3027
35,2021-09-15,52,2786,2838
35,2021-09-16,58,3314,3372
35,2021-09-17,62,3577,3639
35,2021-09-18,41,3290,3331
35,2021-09-19,29,3287,3316
35,2021-09-20,52,3054,3106
35,2021-09-21,44,3271,3315
35,2021-09-22,88,3309,3397
35,2021-09-23,43,3302,3345
35,2021-09-24,52,3470,3522
35,2021-09-25,56,3066,3122
35,2021-09-26,18,2762,2780
35,2021-09-27,42,2903,2945
35,2021-09-28,78,3177,3255
35,2021-09-29,63,3083,3146
35,2021-09-30,166,3437,3603
35,2021-10-01,62,3451,3513
35,2021-10-02,121,2664,2785
35,2021-10-03,18,2423,2441
35,2021-10-04,53,2822,2875
35,2021-10-05,43,3130,3173
35,2021-10-06,41,2961,3002
35,2021-10-07,100,3281,3381
35,2021-10-08,58,3422,3480
35,2021-10-09,105,3086,3191
35,2021-10-10,18,3277,3295
35,2021-10-11,61,3017,3078
35,2021-10-12,79,3075,3154
35,2021-10-13,49,2997,3046
35,2021-10-14,49,3246,3295
35,2021-10-15,70,3308,3378
35,2021-10-16,92,2977,3069
35,2021-10-17,46,2723,2769
35,2021-10-18,101,3127,3228
35,2021-10-19,56,3222,3278
35,2021-10-20,57,2933,2990
35,2021-10-21,53,2963,3016
35,2021-10-22,48,3382,3430
35,2021-10-23,55,2836,2891
35,2021-10-24,16,3051,3067
35,2021-10-25,32,2939,2971
35,2021-10-26,39,3241,3280
35,2021-10-27,42,3120,3162
35,2021-10-28,51,3583,3634
35,2021-10-29,74,3562,3636
35,2021-10-30,36,2720,2756
35,2021-11-01,23,2470,2493
35,2021-11-02,23,2959,2982
35,2021-11-03,35,3011,3046
35,2021-11-04,56,3045,3101
35,2021-11-05,46,3106,3152
35,2021-11-06,27,2762,2789
35,2021-11-07,17,2345,2362
35,2021-11-08,43,2843,2886
35,2021-11-09,52,3057,3109
35,2021-11-10,42,3058,3100
35,2021-11-11,44,3227,3271
35,2021-11-12,39,3047,3086
35,2021-11-13,21,2283,2304
35,2021-11-14,9,2427,2436
35,2021-11-15,34,2914,2948
35,2021-11-16,44,3062,3106
35,2021-11-17,36,2877,2913
35,2021-11-18,40,3045,3085
35,2021-11-19,24,3004,3028
35,2021-11-20,28,2543,2571
35,2021-11-21,10,2214,2224
35,2021-11-22,35,2801,2836
35,2021-11-23,47,2964,3011
35,2021-11-24,31,3041,3072
35,2021-11-25,37,3166,3203
35,2021-11-26,36,3040,3076
35,2021-11-27,28,2357,2385
35,2021-11-28,14,2243,2257
35,2021-11-29,36,2793,2829
35,2021-11-30,40,2838,2878
35,2021-12-01,28,2928,2956
35,2021-12-02,37,3082,3119
35,2021-12-03,53,2899,2952
35,2021-12-04,28,2397,2425
35,2021-12-05,13,2261,2274
35,2021-12-06,36,2648,2684
35,2021-12-07,40,2881,2921
35,2021-12-08,37,2778,2815
35,2021-12-09,41,2925,2966
35,2021-12-10,38,2813,2851
35,2021-12-11,46,2577,2623
35,2021-12-12,14,2115,2129
35,2021-12-13,27,2753,2780
35,2021-12-14,61,2845,2906
35,2021-12-15,31,2856,2887
35,2021-12-16,54,3018,3072
35,2021-12-17,35,3058,3093
35,2021-12-18,45,2351,2396
35,2021-12-19,7,2270,2277
35,2021-12-20,27,2710,2737
35,2021-12-21,35,3052,3087
35,2021-12-22,43,2883,2926
35,2021-12-23,27,2747,2774
35,2021-12-24,5,1851,1856
35,2021-12-25,3,1278,1281
35,2021-12-26,2,1763,1765
35,2021-12-27,18,2205,2223
35,2021-12-28,26,2307,2333
35,2021-12-29,19,2301,2320
35,2021-12-30,23,2558,2581
35,2021-12-31,5,2070,2075
36,2021-01-01,11,1061,1072
36,2021-01-02,33,2058,2091
36,2021-01-03,17,1603,1620
36,2021-01-04,68,3003,3071
36,2021-01-05,59,3293,3352
36,2021-01-06,66,3182,3248
36,2021-01-07,79,3066,3145
36,2021-01-08,59,3378,3437
36,2021-01-09,30,2462,2492
36,2021-01-10,21,1904,1925
36,2021-01-11,116,3795,3911
36,2021-01-12,123,3846,3969
36,2021-01-13,90,3904,3994
36,2021-01-14,85,3424,3509
36,2021-01-15,103,3945,4048
36,2021-01-16,32,2643,2675
36,2021-01-17,19,1759,1778
36,2021-01-18,95,3764,3859
36,2021-01-19,100,3946,4046
36,2021-01-20,111,3861,3972
36,2021-01-21,123,3654,3777
36,2021-01-22,136,4164,4300
36,2021-01-23,29,2845,2874
36,2021-01-24,15,1936,1951
36,2021-01-25,111,3841,3952
36,2021-01-26,131,4027,4158
36,2021-01-27,102,3700,3802
36,2021-01-28,81,3654,3735
36,2021-01-29,85,4215,4300
36,2021-01-30,37,2746,2783
36,2021-01-31,28,1935,1963
36,2021-02-01,98,3776,3874
36,2021-02-02,74,4025,4099
36,2021-02-03,108,3865,3973
36,2021-02-04,112,3811,3923
36,2021-02-05,127,4235,4362
36,2021-02-06,18,2812,2830
36,2021-02-07,20,1932,1952
36,2021-02-08,118,3499,3617
36,2021-02-09,98,3707,3805
36,2021-02-10,93,3775,3868
36,2021-02-11,108,3611,3719
36,2021-02-12,111,4011,4122
36,2021-02-13,43,2807,2850
36,2021-02-14,20,2116,2136
36,2021-02-15,84,3466,3550
36,2021-02-16,101,4038,4139
36,2021-02-17,142,3791,3933
36,2021-02-18,139,3623,3762
36,2021-02-19,147,4049,4196
36,2021-02-20,52,3048,3100
36,2021-02-21,31,2548,2579
36,2021-02-22,152,4078,4230
36,2021-02-23,138,4235,4373
36,2021-02-24,156,4302,4458
36,2021-02-25,153,4035,4188
36,2021-02-26,126,4336,4462
36,2021-02-27,67,3171,3238
36,2021-02-28,18,2442,2460
36,2021-03-01,141,4145,4286
36,2021-03-02,117,4420,4537
36,2021-03-03,145,4360,4505
36,2021-03-04,123,4062,4185
36,2021-03-05,146,4482,4628
36,2021-03-06,79,3534,3613
36,2021-03-07,24,2455,2479
36,2021-03-08,123,4097,4220
36,2021-03-09,140,4278,4418
36,2021-03-10,143,4293,4436
36,2021-03-11,106,4059,4165
36,2021-03-12,104,4383,4487
36,2021-03-13,37,2870,2907
36,2021-03-14,30,2101,2131
36,2021-03-15,124,4045,4169
36,2021-03-16,127,4242,4369
36,2021-03-17,162,4338,4500
36,2021-03-18,152,3999,4151
36,2021-03-19,145,4449,4594
36,2021-03-20,37,3197,3234
36,2021-03-21,22,2319,2341
36,2021-03-22,167,4249,4416
36,2021-03-23,144,4269,4413
36,2021-03-24,152,4372,4524
36,2021-03-25,223,3959,4182
36,2021-03-26,170,4515,4685
36,2021-03-27,65,3016,3081
36,2021-03-29,174,4127,4301
36,2021-03-30,145,4330,4475
36,2021-03-31,176,4413,4589
36,2021-04-01,158,4210,4368
36,2021-04-02,67,4306,4373
36,2021-04-03,59,3137,3196
36,2021-04-04,30,2470,2500
36,2021-04-05,32,1990,2022
36,2021-04-06,162,4038,4200
36,2021-04-07,168,4033,4201
36,2021-04-08,150,3928,4078
36,2021-04-09,154,4444,4598
36,2021-04-10,52,2816,2868
36,2021-04-11,14,1931,1945
36,2021-04-12,168,4096,4264
36,2021-04-13,127,4387,4514
36,2021-04-14,161,4222,4383
36,2021-04-15,147,4072,4219
36,2021-04-16,150,4500,4650
36,2021-04-17,60,3225,3285
36,2021-04-18,24,2470,2494
36,2021-04-19,122,4066,4188
36,2021-04-20,109,4311,4420
36,2021-04-21,96,4186,4282
36,2021-04-22,110,4010,4120
36,2021-04-23,139,4594,4733
36,2021-04-24,67,3476,3543
36,2021-04-25,30,3245,3275
36,2021-04-26,159,4364,4523
36,2021-04-27,157,4538,4695
36,2021-04-28,151,4431,4582
36,2021-04-29,152,4258,4410
36,2021-04-30,194,4822,5016
36,2021-05-01,27,2752,2779
36,2021-05-02,35,2867,2902
36,2021-05-03,152,4426,4578
36,2021-05-04,139,4441,4580
36,2021-05-05,143,4285,4428
36,2021-05-06,127,4007,4134
36,2021-05-07,156,4763,4919
36,2021-05-08,101,3509,3610
36,2021-05-09,41,3396,3437
36,2021-05-10,151,4306,4457
36,2021-05-11,140,4548,4688
36,2021-05-12,181,4778,4959
36,2021-05-13,77,2635,2712
36,2021-05-14,122,4362,4484
36,2021-05-15,46,3226,3272
36,2021-05-16,79,2768,2847
36,2021-05-17,179,4145,4324
36,2021-05-18,146,4493,4639
36,2021-05-19,199,4487,4686
36,2021-05-20,247,4319,4566
36,2021-05-21,225,4931,5156
36,2021-05-22,64,3511,3575
36,2021-05-23,35,3061,3096
36,2021-05-24,76,2737,2813
36,2021-05-25,158,4343,4501
36,2021-05-26,152,4431,4583
36,2021-05-27,243,4174,4417
36,2021-05-28,256,4932,5188
36,2021-05-29,96,3811,3907
36,2021-05-30,156,3815,3971
36,2021-05-31,315,5063,5378
36,2021-06-01,338,5380,5718
36,2021-06-02,425,5200,5625
36,2021-06-03,207,5043,5250
36,2021-06-04,384,5476,5860
36,2021-06-05,93,4209,4302
36,2021-06-06,115,3445,3560
36,2021-06-07,328,4990,5318
36,2021-06-08,325,5096,5421
36,2021-06-09,329,5079,5408
36,2021-06-10,282,4946,5228
36,2021-06-11,329,5473,5802
36,2021-06-12,128,4368,4496
36,2021-06-13,61,4251,4312
36,2021-06-14,374,4967,5341
36,2021-06-15,369,5085,5454
36,2021-06-16,326,4973,5299
36,2021-06-17,334,4670,5004
36,2021-06-18,269,5232,5501
36,2021-06-19,70,4094,4164
36,2021-06-20,40,3366,3406
36,2021-06-21,254,4783,5037
36,2021-06-22,208,4688,4896
36,2021-06-23,57,3487,3544
36,2021-06-24,151,4274,4425
36,2021-06-25,141,5070,5211
36,2021-06-26,54,4052,4106
36,2021-06-27,61,3304,3365
36,2021-06-28,145,4761,4906
36,2021-06-29,155,4813,4968
36,2021-06-30,160,4708,4868
36,2021-07-01,180,4533,4713
36,2021-07-02,190,5133,5323
36,2021-07-03,65,4324,4389
36,2021-07-04,34,3072,3106
36,2021-07-05,217,4763,4980
36,2021-07-06,176,4669,4845
36,2021-07-07,186,4955,5141
36,2021-07-08,143,4360,4503
36,2021-07-09,179,5186,5365
36,2021-07-10,49,4344,4393
36,2021-07-11,43,4337,4380
36,2021-07-12,182,4800,4982
36,2021-07-17,36,3886,3922
36,2021-07-18,33,3348,3381
36,2021-07-19,140,4364,4504
36,2021-07-20,115,4556,4671
36,2021-07-21,128,4520,4648
36,2021-07-22,154,4285,4439
36,2021-07-23,218,4904,5122
36,2021-07-24,63,3555,3618
36,2021-07-25,44,2894,2938
36,2021-07-26,224,4649,4873
36,2021-07-27,193,4771,4964
36,2021-07-28,177,4823,5000
36,2021-07-29,149,4466,4615
36,2021-07-30,83,4913,4996
36,2021-07-31,65,3918,3983
36,2021-08-01,46,3203,3249
36,2021-08-02,66,4293,4359
36,2021-08-03,61,4515,4576
36,2021-08-04,45,4429,4474
36,2021-08-05,42,4031,4073
36,2021-08-06,70,4567,4637
36,2021-08-07,58,4096,4154
36,2021-08-08,41,3506,3547
36,2021-08-09,70,4216,4286
36,2021-08-10,51,4427,4478
36,2021-08-11,59,4487,4546
36,2021-08-12,81,4396,4477
36,2021-08-13,83,4698,4781
36,2021-08-14,80,4195,4275
36,2021-08-15,75,3634,3709
36,2021-08-16,112,4093,4205
36,2021-08-17,94,4081,4175
36,2021-08-18,71,4218,4289
36,2021-08-19,86,3903,3989
36,2021-08-20,105,4597,4702
36,2021-08-21,77,4021,4098
36,2021-08-22,60,3071,3131
36,2021-08-23,95,4264,4359
36,2021-08-24,120,4595,4715
36,2021-08-25,157,4706,4863
36,2021-08-26,163,4132,4295
36,2021-08-27,134,4689,4823
36,2021-08-28,58,3620,3678
36,2021-08-29,26,2776,2802
36,2021-08-30,112,4163,4275
36,2021-08-31,121,4474,4595
36,2021-09-01,125,4595,4720
36,2021-09-02,123,4361,4484
36,2021-09-03,148,5051,5199
36,2021-09-04,49,4379,4428
36,2021-09-05,43,4405,4448
36,2021-09-06,125,4549,4674
36,2021-09-07,158,4552,4710
36,2021-09-08,155,4774,4929
36,2021-09-09,134,4178,4312
36,2021-09-10,120,4540,4660
36,2021-09-11,61,4035,4096
36,2021-09-12,57,3287,3344
36,2021-09-13,152,4504,4656
36,2021-09-14,155,4595,4750
36,2021-09-15,124,4508,4632
36,2021-09-16,149,4431,4580
36,2021-09-17,140,5078,5218
36,2021-09-18,52,3927,3979
36,2021-09-19,38,3433,3471
36,2021-09-20,152,4606,4758
36,2021-09-21,136,4745,4881
36,2021-09-22,144,4573,4717
36,2021-09-23,127,4299,4426
36,2021-09-24,125,4969,5094
36,2021-09-25,58,4441,4499
36,2021-09-26,31,3193,3224
36,2021-09-27,135,4515,4650
36,2021-09-28,151,4725,4876
36,2021-09-29,126,4629,4755
36,2021-09-30,176,4335,4511
36,2021-10-01,165,4764,4929
36,2021-10-02,131,3593,3724
36,2021-10-03,20,2622,2642
36,2021-10-04,127,4648,4775
36,2021-10-05,145,4590,4735
36,2021-10-06,130,4643,4773
36,2021-10-07,127,4432,4559
36,2021-10-08,178,4981,5159
36,2021-10-09,101,3916,4017
36,2021-10-10,29,3072,3101
36,2021-10-11,153,4441,4594
36,2021-10-12,189,4382,4571
36,2021-10-13,141,4384,4525
36,2021-10-14,177,4288,4465
36,2021-10-15,155,4641,4796
36,2021-10-16,58,3606,3664
36,2021-10-17,37,2987,3024
36,2021-10-18,185,4465,4650
36,2021-10-19,208,4450,4658
36,2021-10-20,221,4441,4662
36,2021-10-21,114,4062,4176
36,2021-10-22,134,4736,4870
36,2021-10-23,50,3722,3772
36,2021-10-24,36,2880,2916
36,2021-10-25,150,4576,4726
36,2021-10-26,131,4773,4904
36,2021-10-27,135,4649,4784
36,2021-10-28,167,4472,4639
36,2021-10-29,158,5015,5173
36,2021-10-30,28,3527,3555
36,2021-11-01,17,2613,2630
36,2021-11-02,178,4604,4782
36,2021-11-03,184,4253,4437
36,2021-11-04,150,4148,4298
36,2021-11-05,159,4752,4911
36,2021-11-06,54,3607,3661
36,2021-11-07,21,2712,2733
36,2021-11-08,121,4412,4533
36,2021-11-09,128,4671,4799
36,2021-11-10,131,4460,4591
36,2021-11-11,149,4138,4287
36,2021-11-12,150,4667,4817
36,2021-11-13,50,3488,3538
36,2021-11-14,27,2529,2556
36,2021-11-15,133,4305,4438
36,2021-11-16,130,4454,4584
36,2021-11-17,123,4395,4518
36,2021-11-18,105,4103,4208
36,2021-11-19,148,4468,4616
36,2021-11-20,66,3288,3354
36,2021-11-21,21,2257,2278
36,2021-11-22,111,4073,4184
36,2021-11-23,105,4281,4386
36,2021-11-24,107,4189,4296
36,2021-11-25,133,3901,4034
36,2021-11-26,117,4246,4363
36,2021-11-27,34,3071,3105
36,2021-11-28,18,2152,2170
36,2021-11-29,113,4053,4166
36,2021-11-30,103,4079,4182
36,2021-12-01,100,4080,4180
36,2021-12-02,111,3979,4090
36,2021-12-03,93,4549,4642
36,2021-12-04,37,3383,3420
36,2021-12-05,18,2380,2398
36,2021-12-06,138,4128,4266
36,2021-12-07,100,4441,4541
36,2021-12-08,119,4437,4556
36,2021-12-09,120,4073,4193
36,2021-12-10,140,4287,4427
36,2021-12-11,36,3371,3407
36,2021-12-12,21,2259,2280
36,2021-12-13,122,4192,4314
36,2021-12-14,105,4504,4609
36,2021-12-15,165,4389,4554
36,2021-12-16,125,4090,4215
36,2021-12-17,119,4542,4661
36,2021-12-18,38,3228,3266
36,2021-12-19,20,2327,2347
36,2021-12-20,74,3781,3855
36,2021-12-21,73,3962,4035
36,2021-12-22,74,3819,3893
36,2021-12-23,55,3439,3494
36,2021-12-24,20,2816,2836
36,2021-12-25,10,1656,1666
36,2021-12-26,13,1730,1743
36,2021-12-27,41,3005,3046
36,2021-12-28,28,3178,3206
36,2021-12-29,26,3123,3149
36,2021-12-30,32,2884,2916
36,2021-12-31,23,2893,2916
38,2021-01-02,11,1025,1036
38,2021-01-03,3,798,801
38,2021-01-04,14,1729,1743
38,2021-01-05,11,1758,1769
38,2021-01-06,24,1818,1842
38,2021-01-07,27,1805,1832
38,2021-01-08,21,1921,1942
38,2021-01-09,5,1251,1256
38,2021-01-10,4,798,802
38,2021-01-11,25,2154,2179
38,2021-01-12,23,2269,2292
38,2021-01-13,21,2223,2244
38,2021-01-14,19,2166,2185
38,2021-01-15,18,2206,2224
38,2021-01-16,9,1300,1309
38,2021-01-17,4,829,833
38,2021-01-18,19,2192,2211
38,2021-01-19,22,2188,2210
38,2021-01-20,34,2390,2424
38,2021-01-21,20,2328,2348
38,2021-01-22,30,2298,2328
38,2021-01-23,10,1375,1385
38,2021-01-24,5,875,880
38,2021-01-25,16,2186,2202
38,2021-01-26,25,2318,2343
38,2021-01-27,22,2233,2255
38,2021-01-28,26,2263,2289
38,2021-01-29,12,2315,2327
38,2021-01-30,9,1303,1312
38,2021-01-31,8,886,894
38,2021-02-01,15,2294,2309
38,2021-02-02,12,2303,2315
38,2021-02-03,6,2288,2294
38,2021-02-04,17,2376,2393
38,2021-02-05,41,2206,2247
38,2021-02-06,7,1534,1541
38,2021-02-07,3,985,988
38,2021-02-08,14,2110,2124
38,2021-02-09,27,2185,2212
38,2021-02-10,23,2286,2309
38,2021-02-11,21,2087,2108
38,2021-02-12,27,2212,2239
38,2021-02-13,34,1376,1410
38,2021-02-14,1,992,993
38,2021-02-15,17,2054,2071
38,2021-02-16,22,2321,2343
38,2021-02-17,21,2314,2335
38,2021-02-18,32,2331,2363
38,2021-02-19,28,2291,2319
38,2021-02-20,20,1563,1583
38,2021-02-21,7,1176,1183
38,2021-02-22,25,2253,2278
38,2021-02-23,21,2434,2455
38,2021-02-24,23,2446,2469
38,2021-02-25,19,2474,2493
38,2021-02-26,33,2404,2437
38,2021-02-27,15,1517,1532
38,2021-02-28,1,1069,1070
38,2021-03-01,27,2309,2336
38,2021-03-02,27,2515,2542
38,2021-03-03,24,2442,2466
38,2021-03-04,29,2497,2526
38,2021-03-05,44,2406,2450
38,2021-03-06,14,1525,1539
38,2021-03-07,4,1091,1095
38,2021-03-08,38,2348,2386
38,2021-03-09,45,2427,2472
38,2021-03-10,29,2486,2515
38,2021-03-11,24,2432,2456
38,2021-03-12,28,2398,2426
38,2021-03-13,13,1539,1552
38,2021-03-14,0,906,906
38,2021-03-15,18,2354,2372
38,2021-03-16,22,2461,2483
38,2021-03-17,40,2406,2446
38,2021-03-18,36,2495,2531
38,2021-03-19,39,2432,2471
38,2021-03-20,10,1588,1598
38,2021-03-21,6,1064,1070
38,2021-03-22,23,2270,2293
38,2021-03-23,61,2493,2554
38,2021-03-24,37,2387,2424
38,2021-03-25,38,2530,2568
38,2021-03-26,39,2467,2506
38,2021-03-27,13,1579,1592
38,2021-03-29,35,2486,2521
38,2021-03-30,30,2490,2520
38,2021-03-31,40,2510,2550
38,2021-04-01,41,2720,2761
38,2021-04-02,21,2428,2449
38,2021-04-03,13,1575,1588
38,2021-04-04,6,1036,1042
38,2021-04-05,16,1000,1016
38,2021-04-06,29,2291,2320
38,2021-04-07,23,2234,2257
38,2021-04-08,36,2439,2475
38,2021-04-09,43,2363,2406
38,2021-04-10,14,1470,1484
38,2021-04-11,2,1025,1027
38,2021-04-12,47,2434,2481
38,2021-04-13,38,2452,2490
38,2021-04-14,38,2399,2437
38,2021-04-15,32,2465,2497
38,2021-04-16,35,2481,2516
38,2021-04-17,31,1618,1649
38,2021-04-18,15,1125,1140
38,2021-04-19,37,2534,2571
38,2021-04-20,36,2695,2731
38,2021-04-21,43,2588,2631
38,2021-04-22,48,2577,2625
38,2021-04-23,45,2625,2670
38,2021-04-24,8,1763,1771
38,2021-04-25,14,1345,1359
38,2021-04-26,21,2447,2468
38,2021-04-27,67,2577,2644
38,2021-04-28,52,2508,2560
38,2021-04-29,26,2457,2483
38,2021-04-30,34,2490,2524
38,2021-05-01,9,1239,1248
38,2021-05-02,19,1158,1177
38,2021-05-03,39,2404,2443
38,2021-05-04,19,2525,2544
38,2021-05-05,38,2431,2469
38,2021-05-06,30,2479,2509
38,2021-05-07,29,2478,2507
38,2021-05-08,22,1642,1664
38,2021-05-09,10,1379,1389
38,2021-05-10,31,2293,2324
38,2021-05-11,30,2459,2489
38,2021-05-12,29,2569,2598
38,2021-05-13,25,1322,1347
38,2021-05-14,18,1987,2005
38,2021-05-15,20,1588,1608
38,2021-05-16,12,1186,1198
38,2021-05-17,17,2292,2309
38,2021-05-18,27,2431,2458
38,2021-05-19,20,2471,2491
38,2021-05-20,33,2491,2524
38,2021-05-21,43,2678,2721
38,2021-05-22,8,1740,1748
38,2021-05-23,8,1262,1270
38,2021-05-24,0,1252,1252
38,2021-05-25,47,2333,2380
38,2021-05-26,14,2588,2602
38,2021-05-27,52,2426,2478
38,2021-05-28,31,2495,2526
38,2021-05-29,26,1737,1763
38,2021-05-30,7,1373,1380
38,2021-05-31,38,2351,2389
38,2021-06-01,30,2484,2514
38,2021-06-02,39,2465,2504
38,2021-06-03,27,2532,2559
38,2021-06-04,36,2484,2520
38,2021-06-05,19,1680,1699
38,2021-06-06,34,1316,1350
38,2021-06-07,28,2284,2312
38,2021-06-08,21,2414,2435
38,2021-06-09,22,2395,2417
38,2021-06-10,17,2436,2453
38,2021-06-11,30,2515,2545
38,2021-06-12,12,1802,1814
38,2021-06-13,3,1452,1455
38,2021-06-14,32,2297,2329
38,2021-06-15,23,2515,2538
38,2021-06-16,23,2449,2472
38,2021-06-17,41,2480,2521
38,2021-06-18,20,2409,2429
38,2021-06-19,0,1802,1802
38,2021-06-20,15,1200,1215
38,2021-06-21,42,2411,2453
38,2021-06-22,22,2418,2440
38,2021-06-23,11,1530,1541
38,2021-06-24,26,2450,2476
38,2021-06-25,23,2382,2405
38,2021-06-26,49,1829,1878
38,2021-06-27,4,1212,1216
38,2021-06-28,29,2477,2506
38,2021-06-29,4,2576,2580
38,2021-06-30,31,2400,2431
38,2021-07-01,32,2522,2554
38,2021-07-02,30,2611,2641
38,2021-07-03,18,1795,1813
38,2021-07-04,7,1303,1310
38,2021-07-05,25,2314,2339
38,2021-07-06,30,2525,2555
38,2021-07-07,30,2552,2582
38,2021-07-08,42,2558,2600
38,2021-07-09,31,2450,2481
38,2021-07-10,13,1784,1797
38,2021-07-11,7,1375,1382
38,2021-07-12,36,2464,2500
38,2021-07-13,30,2396,2426
38,2021-07-14,25,2687,2712
38,2021-07-15,18,2071,2089
38,2021-07-16,29,2822,2851
38,2021-07-17,11,1792,1803
38,2021-07-18,9,1380,1389
38,2021-07-19,26,2487,2513
38,2021-07-20,41,2518,2559
38,2021-07-21,54,2537,2591
38,2021-07-22,53,2570,2623
38,2021-07-23,44,2561,2605
38,2021-07-24,17,1654,1671
38,2021-07-25,7,1264,1271
38,2021-07-26,21,2352,2373
38,2021-07-27,23,2357,2380
38,2021-07-28,32,2400,2432
38,2021-07-29,30,2404,2434
38,2021-07-30,19,2325,2344
38,2021-07-31,26,1662,1688
38,2021-08-01,6,1263,1269
38,2021-08-02,19,2073,2092
38,2021-08-03,8,2180,2188
38,2021-08-04,14,2137,2151
38,2021-08-05,21,2110,2131
38,2021-08-06,19,2001,2020
38,2021-08-07,4,1650,1654
38,2021-08-08,1,1179,1180
38,2021-08-09,24,1856,1880
38,2021-08-10,17,2136,2153
38,2021-08-11,32,2143,2175
38,2021-08-12,21,2143,2164
38,2021-08-13,25,2035,2060
38,2021-08-14,17,1668,1685
38,2021-08-15,18,1358,1376
38,2021-08-16,18,1972,1990
38,2021-08-17,42,2109,2151
38,2021-08-18,25,2040,2065
38,2021-08-19,22,2148,2170
38,2021-08-20,20,2260,2280
38,2021-08-21,25,1688,1713
38,2021-08-22,13,1221,1234
38,2021-08-23,18,2410,2428
38,2021-08-24,32,2545,2577
38,2021-08-25,27,2598,2625
38,2021-08-26,38,2507,2545
38,2021-08-27,29,2432,2461
38,2021-08-28,15,1615,1630
38,2021-08-29,8,1191,1199
38,2021-08-30,40,2398,2438
38,2021-08-31,34,2539,2573
38,2021-09-01,29,2554,2583
38,2021-09-02,38,2621,2659
38,2021-09-03,29,2520,2549
38,2021-09-04,14,1861,1875
38,2021-09-05,2,1402,1404
38,2021-09-06,34,2479,2513
38,2021-09-07,35,2559,2594
38,2021-09-08,34,2537,2571
38,2021-09-09,38,2571,2609
38,2021-09-10,6,2726,2732
38,2021-09-11,19,1902,1921
38,2021-09-12,4,1589,1593
38,2021-09-13,33,2471,2504
38,2021-09-14,39,2498,2537
38,2021-09-15,45,2744,2789
38,2021-09-16,33,2636,2669
38,2021-09-17,34,2696,2730
38,2021-09-18,30,1923,1953
38,2021-09-19,8,1433,1441
38,2021-09-20,43,2586,2629
38,2021-09-21,29,2676,2705
38,2021-09-22,38,2610,2648
38,2021-09-23,32,2662,2694
38,2021-09-24,37,2678,2715
38,2021-09-25,20,2011,2031
38,2021-09-26,7,1341,1348
38,2021-09-27,32,2526,2558
38,2021-09-28,31,2678,2709
38,2021-09-29,36,2612,2648
38,2021-09-30,30,2738,2768
38,2021-10-01,35,2542,2577
38,2021-10-02,20,1841,1861
38,2021-10-03,2,1209,1211
38,2021-10-04,32,2515,2547
38,2021-10-05,40,2594,2634
38,2021-10-07,40,2650,2690
38,2021-10-08,34,2689,2723
38,2021-10-09,28,1722,1750
38,2021-10-10,12,1435,1447
38,2021-10-11,28,2440,2468
38,2021-10-12,28,2509,2537
38,2021-10-13,42,2492,2534
38,2021-10-14,36,2530,2566
38,2021-10-15,37,2405,2442
38,2021-10-16,26,1767,1793
38,2021-10-17,15,1274,1289
38,2021-10-18,51,2374,2425
38,2021-10-19,26,2460,2486
38,2021-10-20,34,2499,2533
38,2021-10-21,16,2562,2578
38,2021-10-22,35,2457,2492
38,2021-10-23,20,1690,1710
38,2021-10-24,6,1213,1219
38,2021-10-25,37,2461,2498
38,2021-10-26,44,2516,2560
38,2021-10-27,34,2530,2564
38,2021-10-28,43,2552,2595
38,2021-10-29,54,2661,2715
38,2021-10-30,10,1656,1666
38,2021-11-01,4,1080,1084
38,2021-11-02,19,2482,2501
38,2021-11-03,28,2463,2491
38,2021-11-04,26,2432,2458
38,2021-11-05,28,2462,2490
38,2021-11-06,22,1587,1609
38,2021-11-07,6,1152,1158
38,2021-11-08,57,2464,2521
38,2021-11-09,51,2580,2631
38,2021-11-10,61,2602,2663
38,2021-11-11,41,2539,2580
38,2021-11-12,34,2408,2442
38,2021-11-13,7,1553,1560
38,2021-11-14,5,1108,1113
38,2021-11-15,43,2465,2508
38,2021-11-16,32,2483,2515
38,2021-11-17,42,2507,2549
38,2021-11-18,35,2477,2512
38,2021-11-19,31,2407,2438
38,2021-11-20,14,1690,1704
38,2021-11-21,7,1046,1053
38,2021-11-22,21,2428,2449
38,2021-11-23,16,2529,2545
38,2021-11-24,30,2457,2487
38,2021-11-25,23,2465,2488
38,2021-11-26,28,2382,2410
38,2021-11-27,13,1580,1593
38,2021-11-28,5,1020,1025
38,2021-11-29,27,2403,2430
38,2021-11-30,21,2488,2509
38,2021-12-01,29,2464,2493
38,2021-12-02,26,2540,2566
38,2021-12-03,21,2418,2439
38,2021-12-04,11,1495,1506
38,2021-12-05,5,1066,1071
38,2021-12-06,32,2449,2481
38,2021-12-07,18,2543,2561
38,2021-12-08,49,2431,2480
38,2021-12-09,40,2508,2548
38,2021-12-10,33,2380,2413
38,2021-12-11,11,1528,1539
38,2021-12-12,5,1028,1033
38,2021-12-13,43,2373,2416
38,2021-12-14,29,2503,2532
38,2021-12-15,25,2551,2576
38,2021-12-16,29,2526,2555
38,2021-12-17,36,2493,2529
38,2021-12-18,11,1517,1528
38,2021-12-19,3,1085,1088
38,2021-12-20,13,2158,2171
38,2021-12-21,20,2181,2201
38,2021-12-22,23,2128,2151
38,2021-12-23,17,2069,2086
38,2021-12-24,6,1470,1476
38,2021-12-25,2,944,946
38,2021-12-26,0,929,929
38,2021-12-27,10,1470,1480
38,2021-12-28,6,1623,1629
38,2021-12-29,5,1706,1711
38,2021-12-30,4,1641,1645
38,2021-12-31,6,1428,1434
50,2021-01-01,30,1701,1731
50,2021-01-02,125,5893,6018
50,2021-01-03,31,4541,4572
50,2021-01-04,304,6786,7090
50,2021-01-05,337,7126,7463
50,2021-01-06,357,6927,7284
50,2021-01-07,397,6987,7384
50,2021-01-08,360,7567,7927
50,2021-01-09,135,6324,6459
50,2021-01-10,30,5333,5363
50,2021-01-11,362,8582,8944
50,2021-01-12,401,8550,8951
50,2021-01-13,419,8863,9282
50,2021-01-14,346,7318,7664
50,2021-01-15,396,8683,9079
50,2021-01-16,146,7821,7967
50,2021-01-17,42,5785,5827
50,2021-01-18,379,8213,8592
50,2021-01-19,470,8464,8934
50,2021-01-20,505,9038,9543
50,2021-01-21,496,9441,9937
50,2021-01-22,443,9920,10363
50,2021-01-23,148,8860,9008
50,2021-01-24,50,6380,6430
50,2021-01-25,410,9161,9571
50,2021-01-26,471,10477,10948
50,2021-01-27,468,6861,7329
50,2021-01-28,441,6904,7345
50,2021-01-29,436,7154,7590
50,2021-01-30,123,4299,4422
50,2021-01-31,26,2928,2954
50,2021-02-01,405,6514,6919
50,2021-02-02,507,6813,7320
50,2021-02-03,433,7072,7505
50,2021-02-04,492,6856,7348
50,2021-02-05,429,7072,7501
50,2021-02-06,130,4588,4718
50,2021-02-07,35,3023,3058
50,2021-02-08,361,6379,6740
50,2021-02-09,392,6664,7056
50,2021-02-10,402,6746,7148
50,2021-02-11,443,7030,7473
50,2021-02-12,451,7321,7772
50,2021-02-13,137,4907,5044
50,2021-02-14,26,3294,3320
50,2021-02-15,420,6152,6572
50,2021-02-16,421,6615,7036
50,2021-02-17,447,6490,6937
50,2021-02-18,452,6767,7219
50,2021-02-19,435,6738,7173
50,2021-02-20,133,4753,4886
50,2021-02-21,36,3863,3899
50,2021-02-22,416,6722,7138
50,2021-02-23,442,7022,7464
50,2021-02-24,449,7017,7466
50,2021-02-25,515,7325,7840
50,2021-02-26,437,7643,8080
50,2021-02-27,161,5331,5492
50,2021-02-28,29,4353,4382
50,2021-03-01,392,7072,7464
50,2021-03-02,551,7324,7875
50,2021-03-03,459,7276,7735
50,2021-03-04,454,7470,7924
50,2021-03-05,463,7611,8074
50,2021-03-06,154,5846,6000
50,2021-03-07,40,4638,4678
50,2021-03-08,501,7034,7535
50,2021-03-09,487,7171,7658
50,2021-03-10,519,7140,7659
50,2021-03-11,470,7347,7817
50,2021-03-12,474,7377,7851
50,2021-03-13,177,5799,5976
50,2021-03-14,21,4439,4460
50,2021-03-15,408,6937,7345
50,2021-03-16,469,7252,7721
50,2021-03-17,450,7192,7642
50,2021-03-18,481,7525,8006
50,2021-03-19,437,7515,7952
50,2021-03-20,154,5757,5911
50,2021-03-21,41,4805,4846
50,2021-03-22,458,6889,7347
50,2021-03-23,492,7334,7826
50,2021-03-24,489,7631,8120
50,2021-03-25,562,7913,8475
50,2021-03-26,482,7986,8468
50,2021-03-27,147,5363,5510
50,2021-03-29,493,6740,7233
50,2021-03-30,512,7228,7740
50,2021-03-31,483,7407,7890
50,2021-04-01,569,7933,8502
50,2021-04-02,491,8080,8571
50,2021-04-03,173,6195,6368
50,2021-04-04,38,3787,3825
50,2021-04-05,32,3948,3980
50,2021-04-06,436,6794,7230
50,2021-04-07,412,6760,7172
50,2021-04-08,419,7363,7782
50,2021-04-09,450,7675,8125
50,2021-04-10,145,5519,5664
50,2021-04-11,15,4466,4481
50,2021-04-12,477,6931,7408
50,2021-04-13,495,7510,8005
50,2021-04-14,510,7151,7661
50,2021-04-15,526,7423,7949
50,2021-04-16,464,7524,7988
50,2021-04-17,167,6268,6435
50,2021-04-18,46,5216,5262
50,2021-04-19,508,9648,10156
50,2021-04-20,547,9878,10425
50,2021-04-21,588,9551,10139
50,2021-04-22,535,9972,10507
50,2021-04-23,525,10677,11202
50,2021-04-24,183,10002,10185
50,2021-04-25,53,9471,9524
50,2021-04-26,538,9051,9589
50,2021-04-27,542,9705,10247
50,2021-04-28,470,9647,10117
50,2021-04-29,518,10314,10832
50,2021-05-01,88,11112,11200
50,2021-05-02,64,10586,10650
50,2021-05-03,410,9340,9750
50,2021-05-04,555,9261,9816
50,2021-05-05,467,9698,10165
50,2021-05-06,559,9751,10310
50,2021-05-07,481,10782,11263
50,2021-05-08,189,10320,10509
50,2021-05-09,54,8236,8290
50,2021-05-10,520,9287,9807
50,2021-05-11,546,10091,10637
50,2021-05-12,507,10858,11365
50,2021-05-13,133,9764,9897
50,2021-05-14,389,11296,11685
50,2021-05-15,203,10694,10897
50,2021-05-16,115,10017,10132
50,2021-05-17,525,8983,9508
50,2021-05-18,492,9707,10199
50,2021-05-19,495,9904,10399
50,2021-05-20,565,9879,10444
50,2021-05-21,567,11098,11665
50,2021-05-22,207,10399,10606
50,2021-05-23,63,10015,10078
50,2021-05-24,113,9319,9432
50,2021-05-25,514,10146,10660
50,2021-05-26,544,9796,10340
50,2021-05-27,578,10275,10853
50,2021-05-28,485,11025,11510
50,2021-05-29,191,10573,10764
50,2021-05-30,83,10009,10092
50,2021-05-31,504,9706,10210
50,2021-06-01,517,10253,10770
50,2021-06-02,507,10220,10727
50,2021-06-03,546,10665,11211
50,2021-06-04,480,10448,10928
50,2021-06-05,162,10782,10944
50,2021-06-06,66,10160,10226
50,2021-06-07,466,9546,10012
50,2021-06-08,486,10033,10519
50,2021-06-09,512,10540,11052
50,2021-06-10,518,10847,11365
50,2021-06-11,490,11512,12002
50,2021-06-12,191,10875,11066
50,2021-06-13,79,9306,9385
50,2021-06-14,468,9748,10216
50,2021-06-15,510,10467,10977
50,2021-06-16,535,10305,10840
50,2021-06-17,499,10203,10702
50,2021-06-18,499,11065,11564
50,2021-06-19,265,10161,10426
50,2021-06-20,82,10258,10340
50,2021-06-21,529,9908,10437
50,2021-06-22,506,10526,11032
50,2021-06-23,217,8488,8705
50,2021-06-24,578,10342,10920
50,2021-06-25,545,11203,11748
50,2021-06-26,174,10389,10563
50,2021-06-27,99,9671,9770
50,2021-06-28,562,9910,10472
50,2021-06-29,573,10089,10662
50,2021-06-30,524,10899,11423
50,2021-07-01,528,10950,11478
50,2021-07-02,491,11346,11837
50,2021-07-03,191,9630,9821
50,2021-07-04,100,10331,10431
50,2021-07-05,510,9694,10204
50,2021-07-06,534,10047,10581
50,2021-07-07,553,10226,10779
50,2021-07-08,556,10625,11181
50,2021-07-09,521,10980,11501
50,2021-07-10,209,10350,10559
50,2021-07-11,90,10421,10511
50,2021-07-12,486,9787,10273
50,2021-07-13,451,10217,10668
50,2021-07-14,449,10022,10471
50,2021-07-15,446,8898,9344
50,2021-07-16,435,9981,10416
50,2021-07-17,179,8943,9122
50,2021-07-18,71,9397,9468
50,2021-07-19,401,9582,9983
50,2021-07-20,417,10511,10928
50,2021-07-21,303,12044,12347
50,2021-07-22,398,10235,10633
50,2021-07-23,429,10917,11346
50,2021-07-24,219,10044,10263
50,2021-07-25,84,9463,9547
50,2021-07-26,412,9584,9996
50,2021-07-27,393,10001,10394
50,2021-07-28,397,10177,10574
50,2021-07-29,432,10450,10882
50,2021-07-30,410,11143,11553
50,2021-07-31,240,10130,10370
50,2021-08-01,87,9740,9827
50,2021-08-02,365,9507,9872
50,2021-08-03,372,10049,10421
50,2021-08-04,337,9988,10325
50,2021-08-05,356,9760,10116
50,2021-08-06,364,11025,11389
50,2021-08-07,234,9628,9862
50,2021-08-08,112,10071,10183
50,2021-08-09,365,9338,9703
50,2021-08-10,385,9895,10280
50,2021-08-11,340,9891,10231
50,2021-08-12,383,10133,10516
50,2021-08-13,395,10822,11217
50,2021-08-14,233,9824,10057
50,2021-08-15,141,9221,9362
50,2021-08-16,426,9902,10328
50,2021-08-17,421,9887,10308
50,2021-08-18,393,10068,10461
50,2021-08-19,425,10013,10438
50,2021-08-20,429,10924,11353
50,2021-08-21,223,9276,9499
50,2021-08-22,121,9735,9856
50,2021-08-23,448,9869,10317
50,2021-08-24,420,10255,10675
50,2021-08-25,493,10063,10556
50,2021-08-26,478,10720,11198
50,2021-08-27,456,11425,11881
50,2021-08-28,196,10047,10243
50,2021-08-29,88,9692,9780
50,2021-08-30,425,9839,10264
50,2021-08-31,436,10620,11056
50,2021-09-01,483,10537,11020
50,2021-09-02,469,10747,11216
50,2021-09-03,456,11235,11691
50,2021-09-04,189,9982,10171
50,2021-09-05,104,9828,9932
50,2021-09-06,441,9907,10348
50,2021-09-07,523,10358,10881
50,2021-09-08,477,10403,10880
50,2021-09-09,531,10873,11404
50,2021-09-10,511,11552,12063
50,2021-09-11,173,9926,10099
50,2021-09-12,88,9913,10001
50,2021-09-13,431,9909,10340
50,2021-09-14,526,10414,10940
50,2021-09-15,546,10354,10900
50,2021-09-16,510,10352,10862
50,2021-09-17,504,11227,11731
50,2021-09-18,213,9866,10079
50,2021-09-19,90,9771,9861
50,2021-09-20,409,9837,10246
50,2021-09-21,534,10058,10592
50,2021-09-22,473,10402,10875
50,2021-09-23,463,10604,11067
50,2021-09-24,477,11361,11838
50,2021-09-25,201,9857,10058
50,2021-09-26,96,10174,10270
50,2021-09-27,482,10087,10569
50,2021-09-28,522,10189,10711
50,2021-09-29,493,10816,11309
50,2021-09-30,534,11224,11758
50,2021-10-01,461,11549,12010
50,2021-10-02,168,11045,11213
50,2021-10-03,57,10062,10119
50,2021-10-04,425,9822,10247
50,2021-10-05,474,10166,10640
50,2021-10-06,443,10290,10733
50,2021-10-07,465,10774,11239
50,2021-10-08,486,11338,11824
50,2021-10-09,210,10494,10704
50,2021-10-10,77,10266,10343
50,2021-10-11,433,9515,9948
50,2021-10-12,484,10224,10708
50,2021-10-13,441,10307,10748
50,2021-10-14,487,10705,11192
50,2021-10-15,444,11230,11674
50,2021-10-16,198,10351,10549
50,2021-10-17,89,10174,10263
50,2021-10-18,466,9685,10151
50,2021-10-19,548,10352,10900
50,2021-10-20,468,10369,10837
50,2021-10-21,474,10576,11050
50,2021-10-22,529,11371,11900
50,2021-10-23,168,10097,10265
50,2021-10-24,62,10245,10307
50,2021-10-25,431,9827,10258
50,2021-10-26,478,10572,11050
50,2021-10-27,480,10939,11419
50,2021-10-28,504,11440,11944
50,2021-10-29,502,12315,12817
50,2021-10-30,189,11673,11862
50,2021-11-01,94,9576,9670
50,2021-11-02,441,10744,11185
50,2021-11-03,445,10593,11038
50,2021-11-04,434,10492,10926
50,2021-11-05,446,11131,11577
50,2021-11-06,170,9716,9886
50,2021-11-07,64,10061,10125
50,2021-11-08,451,9836,10287
50,2021-11-09,496,10376,10872
50,2021-11-10,485,10671,11156
50,2021-11-11,293,12604,12897
50,2021-11-12,465,11668,12133
50,2021-11-13,166,10210,10376
50,2021-11-14,56,9264,9320
50,2021-11-15,506,9498,10004
50,2021-11-16,496,9782,10278
50,2021-11-17,459,9754,10213
50,2021-11-18,501,9877,10378
50,2021-11-19,485,10521,11006
50,2021-11-20,183,9433,9616
50,2021-11-21,52,9115,9167
50,2021-11-22,451,9454,9905
50,2021-11-23,481,10048,10529
50,2021-11-24,430,10103,10533
50,2021-11-25,533,10475,11008
50,2021-11-26,559,10928,11487
50,2021-11-27,170,9657,9827
50,2021-11-28,69,8704,8773
50,2021-11-29,431,9232,9663
50,2021-11-30,484,9917,10401
50,2021-12-01,513,10567,11080
50,2021-12-02,501,9833,10334
50,2021-12-03,480,10586,11066
50,2021-12-04,171,10314,10485
50,2021-12-05,60,8732,8792
50,2021-12-06,407,9332,9739
50,2021-12-07,453,9952,10405
50,2021-12-08,437,10000,10437
50,2021-12-09,478,10060,10538
50,2021-12-10,442,9960,10402
50,2021-12-11,166,9945,10111
50,2021-12-12,56,9732,9788
50,2021-12-13,436,9601,10037
50,2021-12-14,483,10147,10630
50,2021-12-15,526,10470,10996
50,2021-12-16,555,10960,11515
50,2021-12-17,533,11860,12393
50,2021-12-18,162,11045,11207
50,2021-12-19,56,10883,10939
50,2021-12-20,376,10800,11176
50,2021-12-21,374,11808,12182
50,2021-12-22,375,12093,12468
50,2021-12-23,364,12320,12684
50,2021-12-24,190,9147,9337
50,2021-12-25,27,2456,2483
50,2021-12-26,39,6302,6341
50,2021-12-27,234,9829,10063
50,2021-12-28,250,10571,10821
50,2021-12-29,232,10992,11224
50,2021-12-30,219,11326,11545
50,2021-12-31,163,8808,8971
59,2021-01-07,88,5693,5781
59,2021-01-08,104,6560,6664
59,2021-01-09,52,4522,4574
59,2021-01-10,27,3701,3728
59,2021-01-11,152,7953,8105
59,2021-01-12,139,8278,8417
59,2021-01-13,132,8054,8186
59,2021-01-14,123,8292,8415
59,2021-01-15,97,6378,6475
59,2021-01-16,42,3973,4015
59,2021-01-17,14,2598,2612
59,2021-01-18,125,8313,8438
59,2021-01-19,129,8164,8293
59,2021-01-20,139,8221,8360
59,2021-01-21,153,8340,8493
59,2021-01-22,139,8578,8717
59,2021-01-23,38,5321,5359
59,2021-01-24,12,3957,3969
59,2021-01-25,152,7902,8054
59,2021-01-26,181,8487,8668
59,2021-01-27,107,6274,6381
59,2021-01-28,136,8828,8964
59,2021-01-29,149,9125,9274
59,2021-01-30,32,6167,6199
59,2021-01-31,13,3613,3626
59,2021-02-01,125,7302,7427
59,2021-02-02,115,7718,7833
59,2021-02-03,113,7391,7504
59,2021-02-04,154,7551,7705
59,2021-02-05,154,7729,7883
59,2021-02-06,43,4213,4256
59,2021-02-07,17,3048,3065
59,2021-02-08,158,7665,7823
59,2021-02-09,140,7026,7166
59,2021-02-10,124,6837,6961
59,2021-02-11,140,7564,7704
59,2021-02-12,158,7536,7694
59,2021-02-13,69,4527,4596
59,2021-02-14,18,3364,3382
59,2021-02-15,151,7211,7362
59,2021-02-16,150,8033,8183
59,2021-02-17,136,7483,7619
59,2021-02-18,149,7713,7862
59,2021-02-19,157,7890,8047
59,2021-02-20,54,5073,5127
59,2021-02-21,15,4034,4049
59,2021-02-22,154,7644,7798
59,2021-02-23,151,7824,7975
59,2021-02-24,134,7568,7702
59,2021-02-25,149,8267,8416
59,2021-02-26,159,7889,8048
59,2021-02-27,56,4956,5012
59,2021-02-28,20,4014,4034
59,2021-03-01,159,7651,7810
59,2021-03-02,184,7512,7696
59,2021-03-03,176,7546,7722
59,2021-03-04,161,7599,7760
59,2021-03-05,179,7697,7876
59,2021-03-06,63,5003,5066
59,2021-03-07,15,3955,3970
59,2021-03-08,172,8006,8178
59,2021-03-09,180,8507,8687
59,2021-03-10,195,8063,8258
59,2021-03-11,162,8079,8241
59,2021-03-12,195,8119,8314
59,2021-03-13,65,4373,4438
59,2021-03-14,14,3543,3557
59,2021-03-15,129,7916,8045
59,2021-03-16,159,8326,8485
59,2021-03-17,170,8091,8261
59,2021-03-18,161,8405,8566
59,2021-03-19,187,8443,8630
59,2021-03-20,52,5356,5408
59,2021-03-21,18,3908,3926
59,2021-03-22,172,8245,8417
59,2021-03-23,188,8604,8792
59,2021-03-24,193,8230,8423
59,2021-03-25,209,8413,8622
59,2021-03-26,207,8570,8777
59,2021-03-27,51,5159,5210
59,2021-03-29,160,8650,8810
59,2021-03-30,180,9156,9336
59,2021-03-31,188,9474,9662
59,2021-04-01,221,10577,10798
59,2021-04-02,167,10287,10454
59,2021-04-03,76,5876,5952
59,2021-04-04,12,3154,3166
59,2021-04-05,24,2770,2794
59,2021-04-06,173,7574,7747
59,2021-04-07,167,7264,7431
59,2021-04-08,155,7781,7936
59,2021-04-09,165,7623,7788
59,2021-04-10,31,4067,4098
59,2021-04-11,22,2402,2424
59,2021-04-12,140,7844,7984
59,2021-04-13,171,8265,8436
59,2021-04-14,151,8111,8262
59,2021-04-15,204,8357,8561
59,2021-04-16,156,8209,8365
59,2021-04-17,54,4844,4898
59,2021-04-18,23,3041,3064
59,2021-04-19,173,7935,8108
59,2021-04-20,198,8653,8851
59,2021-04-21,190,8237,8427
59,2021-04-22,173,8487,8660
59,2021-04-23,165,8613,8778
59,2021-04-24,71,5321,5392
59,2021-04-25,24,3670,3694
59,2021-04-26,164,8331,8495
59,2021-04-27,178,8753,8931
59,2021-04-28,180,8653,8833
59,2021-04-29,213,8892,9105
59,2021-04-30,208,9028,9236
59,2021-05-01,18,3947,3965
59,2021-05-02,15,3836,3851
59,2021-05-03,190,10105,10295
59,2021-05-04,191,9858,10049
59,2021-05-05,202,9751,9953
59,2021-05-06,170,9808,9978
59,2021-05-07,207,9958,10165
59,2021-05-08,77,6540,6617
59,2021-05-09,27,4902,4929
59,2021-05-10,198,9161,9359
59,2021-05-11,189,9646,9835
59,2021-05-12,196,9933,10129
59,2021-05-13,26,4195,4221
59,2021-05-14,140,7675,7815
59,2021-05-15,57,5440,5497
59,2021-05-16,18,4058,4076
59,2021-05-17,187,8859,9046
59,2021-05-18,193,9857,10050
59,2021-05-19,219,9558,9777
59,2021-05-20,213,9829,10042
59,2021-05-21,234,9821,10055
59,2021-05-22,127,8984,9111
59,2021-05-23,37,5572,5609
59,2021-05-24,49,4329,4378
59,2021-05-25,181,9241,9422
59,2021-05-26,201,9569,9770
59,2021-05-27,231,9815,10046
59,2021-05-28,207,10139,10346
59,2021-05-29,191,6553,6744
59,2021-05-30,116,5519,5635
59,2021-05-31,283,10112,10395
59,2021-06-01,235,10556,10791
59,2021-06-02,237,10945,11182
59,2021-06-03,226,10465,10691
59,2021-06-04,228,10312,10540
59,2021-06-05,54,6334,6388
59,2021-06-06,13,5063,5076
59,2021-06-07,198,9852,10050
59,2021-06-08,208,10453,10661
59,2021-06-09,171,10425,10596
59,2021-06-10,202,10782,10984
59,2021-06-11,249,10731,10980
59,2021-06-12,106,6711,6817
59,2021-06-13,32,5584,5616
59,2021-06-14,224,9692,9916
59,2021-06-15,219,10777,10996
59,2021-06-16,203,10309,10512
59,2021-06-17,211,11049,11260
59,2021-06-18,223,11074,11297
59,2021-06-19,78,6440,6518
59,2021-06-20,28,5021,5049
59,2021-06-21,160,10036,10196
59,2021-06-22,262,9793,10055
59,2021-06-23,54,5155,5209
59,2021-06-24,159,9789,9948
59,2021-06-25,195,10589,10784
59,2021-06-26,74,8455,8529
59,2021-06-27,24,6135,6159
59,2021-06-28,232,9863,10095
59,2021-06-29,196,10435,10631
59,2021-06-30,195,10530,10725
59,2021-07-01,279,11103,11382
59,2021-07-02,298,12375,12673
59,2021-07-03,66,6711,6777
59,2021-07-04,45,4972,5017
59,2021-07-05,191,10605,10796
59,2021-07-06,194,10672,10866
59,2021-07-07,204,10753,10957
59,2021-07-08,181,11408,11589
59,2021-07-09,273,11689,11962
59,2021-07-10,82,6444,6526
59,2021-07-11,23,5277,5300
59,2021-07-12,197,9974,10171
59,2021-07-13,148,10146,10294
59,2021-07-14,140,9265,9405
59,2021-07-15,198,10310,10508
59,2021-07-16,262,10868,11130
59,2021-07-17,40,6188,6228
59,2021-07-18,28,5224,5252
59,2021-07-19,157,9327,9484
59,2021-07-20,163,9530,9693
59,2021-07-21,193,9202,9395
59,2021-07-22,188,10013,10201
59,2021-07-23,228,9985,10213
59,2021-07-24,84,5444,5528
59,2021-07-25,45,4793,4838
59,2021-07-26,144,9276,9420
59,2021-07-27,157,9664,9821
59,2021-07-28,197,10358,10555
59,2021-07-29,130,9477,9607
59,2021-07-30,214,9452,9666
59,2021-07-31,70,5924,5994
59,2021-08-01,48,4985,5033
59,2021-08-02,126,7583,7709
59,2021-08-03,119,7266,7385
59,2021-08-04,120,7676,7796
59,2021-08-05,121,7881,8002
59,2021-08-06,117,8031,8148
59,2021-08-07,50,5327,5377
59,2021-08-08,40,4450,4490
59,2021-08-09,102,5778,5880
59,2021-08-10,135,6040,6175
59,2021-08-11,171,5941,6112
59,2021-08-12,138,5933,6071
59,2021-08-13,143,6089,6232
59,2021-08-14,73,5306,5379
59,2021-08-15,65,4740,4805
59,2021-08-16,153,5615,5768
59,2021-08-17,145,6130,6275
59,2021-08-18,133,6678,6811
59,2021-08-19,130,7489,7619
59,2021-08-20,157,8316,8473
59,2021-08-21,37,5652,5689
59,2021-08-22,17,4614,4631
59,2021-08-23,131,8035,8166
59,2021-08-24,125,8133,8258
59,2021-08-25,168,8341,8509
59,2021-08-26,170,9557,9727
59,2021-08-27,194,9662,9856
59,2021-08-28,51,5739,5790
59,2021-08-29,33,4941,4974
59,2021-08-30,165,9461,9626
59,2021-08-31,171,9943,10114
59,2021-09-01,208,10237,10445
59,2021-09-02,159,9596,9755
59,2021-09-03,171,10662,10833
59,2021-09-04,53,6372,6425
59,2021-09-05,28,5323,5351
59,2021-09-06,184,10282,10466
59,2021-09-07,204,10857,11061
59,2021-09-08,173,10433,10606
59,2021-09-09,222,11036,11258
59,2021-09-14,175,9259,9434
59,2021-09-15,202,8567,8769
59,2021-09-16,229,10690,10919
59,2021-09-17,202,11699,11901
59,2021-09-18,69,6816,6885
59,2021-09-19,38,5496,5534
59,2021-09-20,211,10396,10607
59,2021-09-21,223,10277,10500
59,2021-09-22,200,10844,11044
59,2021-09-23,201,11173,11374
59,2021-09-24,221,11299,11520
59,2021-09-25,160,7342,7502
59,2021-09-26,22,5176,5198
59,2021-09-27,210,10236,10446
59,2021-09-28,284,11153,11437
59,2021-09-29,265,10953,11218
59,2021-09-30,326,12043,12369
59,2021-10-01,338,11882,12220
59,2021-10-02,98,6747,6845
59,2021-10-03,11,4362,4373
59,2021-10-04,195,10346,10541
59,2021-10-05,176,9763,9939
59,2021-10-06,200,11311,11511
59,2021-10-07,203,11472,11675
59,2021-10-08,184,11702,11886
59,2021-10-09,88,7877,7965
59,2021-10-10,28,5806,5834
59,2021-10-11,209,10485,10694
59,2021-10-12,231,11024,11255
59,2021-10-13,196,10736,10932
59,2021-10-14,219,11506,11725
59,2021-10-15,191,11305,11496
59,2021-10-16,86,6803,6889
59,2021-10-17,25,5223,5248
59,2021-10-18,181,10727,10908
59,2021-10-19,153,11047,11200
59,2021-10-20,161,10446,10607
59,2021-10-21,139,10177,10316
59,2021-10-22,170,10607,10777
59,2021-10-23,70,6692,6762
59,2021-10-24,27,5656,5683
59,2021-10-25,154,10068,10222
59,2021-10-26,189,9903,10092
59,2021-10-27,221,10069,10290
59,2021-10-28,224,10512,10736
59,2021-10-29,196,10139,10335
59,2021-10-30,35,5413,5448
59,2021-11-01,23,4213,4236
59,2021-11-02,160,9940,10100
59,2021-11-03,131,9734,9865
59,2021-11-04,190,10899,11089
59,2021-11-05,197,10158,10355
59,2021-11-06,53,6221,6274
59,2021-11-07,17,4375,4392
59,2021-11-08,179,10175,10354
59,2021-11-09,201,10855,11056
59,2021-11-10,208,10538,10746
59,2021-11-11,152,11418,11570
59,2021-11-12,184,10697,10881
59,2021-11-13,43,5802,5845
59,2021-11-14,20,4627,4647
59,2021-11-15,181,10108,10289
59,2021-11-16,178,10964,11142
59,2021-11-17,192,10668,10860
59,2021-11-18,181,10950,11131
59,2021-11-19,199,11029,11228
59,2021-11-20,54,6128,6182
59,2021-11-21,12,4523,4535
59,2021-11-22,192,9909,10101
59,2021-11-23,191,10572,10763
59,2021-11-24,191,10252,10443
59,2021-11-25,207,10671,10878
59,2021-11-26,179,9467,9646
59,2021-11-27,37,6029,6066
59,2021-11-28,10,4503,4513
59,2021-11-29,171,9952,10123
59,2021-11-30,138,10142,10280
59,2021-12-01,130,8428,8558
59,2021-12-02,168,10503,10671
59,2021-12-03,167,9383,9550
59,2021-12-04,29,5636,5665
59,2021-12-05,16,4065,4081
59,2021-12-06,136,9915,10051
59,2021-12-07,178,10665,10843
59,2021-12-08,171,9897,10068
59,2021-12-09,151,9704,9855
59,2021-12-10,113,8855,8968
59,2021-12-11,50,5921,5971
59,2021-12-12,7,4311,4318
59,2021-12-13,125,9731,9856
59,2021-12-14,153,10195,10348
59,2021-12-15,159,9693,9852
59,2021-12-16,177,10259,10436
59,2021-12-17,167,10245,10412
59,2021-12-18,47,5774,5821
59,2021-12-19,24,4634,4658
59,2021-12-20,128,8035,8163
59,2021-12-21,161,9463,9624
59,2021-12-22,135,8102,8237
59,2021-12-23,134,7727,7861
59,2021-12-24,66,6054,6120
59,2021-12-25,9,2544,2553
59,2021-12-26,7,3214,3221
59,2021-12-27,55,4951,5006
59,2021-12-28,60,5276,5336
59,2021-12-29,67,4614,4681
59,2021-12-30,70,6111,6181
59,2021-12-31,67,5805,5872
60,2021-01-01,13,222,235
60,2021-01-02,73,369,442
60,2021-01-03,12,352,364
60,2021-01-04,84,410,494
60,2021-01-05,83,442,525
60,2021-01-06,93,404,497
60,2021-01-07,90,435,525
60,2021-01-08,84,464,548
60,2021-01-09,74,448,522
60,2021-01-10,13,444,457
60,2021-01-11,95,490,585
60,2021-01-12,65,369,434
60,2021-01-13,90,479,569
60,2021-01-14,103,420,523
60,2021-01-15,99,489,588
60,2021-01-16,75,430,505
60,2021-01-17,19,364,383
60,2021-01-18,76,476,552
60,2021-01-19,84,481,565
60,2021-01-20,96,494,590
60,2021-01-21,72,446,518
60,2021-01-22,90,538,628
60,2021-01-23,69,484,553
60,2021-01-24,14,336,350
60,2021-01-25,94,481,575
60,2021-01-26,91,528,619
60,2021-01-27,90,492,582
60,2021-01-28,78,530,608
60,2021-01-29,82,593,675
60,2021-01-30,63,487,550
60,2021-02-02,75,521,596
60,2021-02-03,86,534,620
60,2021-02-04,87,563,650
60,2021-02-05,91,537,628
60,2021-02-06,71,488,559
60,2021-02-07,13,379,392
60,2021-02-08,79,497,576
60,2021-02-09,94,536,630
60,2021-02-10,96,535,631
60,2021-02-11,89,531,620
60,2021-02-12,83,546,629
60,2021-02-13,75,469,544
60,2021-02-14,11,359,370
60,2021-02-15,91,444,535
60,2021-02-16,81,510,591
60,2021-02-17,79,504,583
60,2021-02-18,89,509,598
60,2021-02-19,79,518,597
60,2021-02-20,77,464,541
60,2021-02-21,14,410,424
60,2021-02-22,90,496,586
60,2021-02-23,83,546,629
60,2021-02-24,88,550,638
60,2021-02-25,97,563,660
60,2021-02-26,83,539,622
60,2021-02-27,78,557,635
60,2021-02-28,8,437,445
60,2021-03-02,82,493,575
60,2021-03-03,96,566,662
60,2021-03-04,95,525,620
60,2021-03-05,93,587,680
60,2021-03-06,75,529,604
60,2021-03-07,10,428,438
60,2021-03-08,100,520,620
60,2021-03-09,96,487,583
60,2021-03-10,89,512,601
60,2021-03-11,86,523,609
60,2021-03-12,76,542,618
60,2021-03-13,54,452,506
60,2021-03-14,12,395,407
60,2021-03-15,91,500,591
60,2021-03-16,91,541,632
60,2021-03-17,89,546,635
60,2021-03-18,91,558,649
60,2021-03-19,101,590,691
60,2021-03-20,73,521,594
60,2021-03-21,10,425,435
60,2021-03-22,95,466,561
60,2021-03-23,89,547,636
60,2021-03-24,88,561,649
60,2021-03-25,94,550,644
60,2021-03-26,92,579,671
60,2021-03-27,69,522,591
60,2021-03-29,88,554,642
60,2021-03-30,90,575,665
60,2021-03-31,107,614,721
60,2021-04-02,91,682,773
60,2021-04-03,70,585,655
60,2021-04-04,13,375,388
60,2021-04-05,7,375,382
60,2021-04-06,88,532,620
60,2021-04-07,83,543,626
60,2021-04-08,94,622,716
60,2021-04-09,82,609,691
60,2021-04-10,57,560,617
60,2021-04-11,9,422,431
60,2021-04-12,96,556,652
60,2021-04-13,88,580,668
60,2021-04-14,86,550,636
60,2021-04-15,101,582,683
60,2021-04-16,74,603,677
60,2021-04-17,75,575,650
60,2021-04-18,12,491,503
60,2021-04-19,89,600,689
60,2021-04-20,88,580,668
60,2021-04-21,96,577,673
60,2021-04-22,96,623,719
60,2021-04-23,87,690,777
60,2021-04-24,73,671,744
60,2021-04-25,15,555,570
60,2021-04-26,86,601,687
60,2021-04-27,90,585,675
60,2021-04-28,87,580,667
60,2021-04-29,91,611,702
60,2021-04-30,82,671,753
60,2021-05-01,17,538,555
60,2021-05-02,7,518,525
60,2021-05-03,86,548,634
60,2021-05-04,85,603,688
60,2021-05-05,84,569,653
60,2021-05-06,100,569,669
60,2021-05-07,94,611,705
60,2021-05-08,70,551,621
60,2021-05-09,8,558,566
60,2021-05-10,86,597,683
60,2021-05-11,86,574,660
60,2021-05-12,96,614,710
60,2021-05-13,15,453,468
60,2021-05-14,86,613,699
60,2021-05-15,58,558,616
60,2021-05-16,12,416,428
60,2021-05-17,79,530,609
60,2021-05-18,94,601,695
60,2021-05-19,87,551,638
60,2021-05-20,91,645,736
60,2021-05-21,66,686,752
60,2021-05-22,60,546,606
60,2021-05-23,8,459,467
60,2021-05-24,0,346,346
60,2021-05-25,81,590,671
60,2021-05-26,85,566,651
60,2021-05-27,100,630,730
60,2021-05-28,88,633,721
60,2021-05-29,70,606,676
60,2021-05-30,14,556,570
60,2021-05-31,90,592,682
60,2021-06-02,88,642,730
60,2021-06-03,95,592,687
60,2021-06-04,88,742,830
60,2021-06-05,67,479,546
60,2021-06-06,10,451,461
60,2021-06-07,90,532,622
60,2021-06-08,93,568,661
60,2021-06-09,92,676,768
60,2021-06-10,89,733,822
60,2021-06-11,90,822,912
60,2021-06-12,70,598,668
60,2021-06-13,8,514,522
60,2021-06-14,84,614,698
60,2021-06-15,89,789,878
60,2021-06-16,92,662,754
60,2021-06-17,86,768,854
60,2021-06-18,91,676,767
60,2021-06-19,80,724,804
60,2021-06-20,9,486,495
60,2021-06-21,84,611,695
60,2021-06-22,83,695,778
60,2021-06-23,11,562,573
60,2021-06-24,84,645,729
60,2021-06-25,87,824,911
60,2021-06-26,74,599,673
60,2021-06-27,7,554,561
60,2021-06-28,92,694,786
60,2021-06-29,80,609,689
60,2021-06-30,90,648,738
60,2021-07-01,81,611,692
60,2021-07-02,99,637,736
60,2021-07-03,74,592,666
60,2021-07-04,9,430,439
60,2021-07-05,92,652,744
60,2021-07-06,81,563,644
60,2021-07-07,89,653,742
60,2021-07-08,94,569,663
60,2021-07-09,93,608,701
60,2021-07-10,67,602,669
60,2021-07-11,9,507,516
60,2021-07-12,81,525,606
60,2021-07-13,66,623,689
60,2021-07-14,71,632,703
60,2021-07-15,78,551,629
60,2021-07-16,78,628,706
60,2021-07-17,77,587,664
60,2021-07-18,13,517,530
60,2021-07-19,89,634,723
60,2021-07-20,81,635,716
60,2021-07-21,71,569,640
60,2021-07-22,105,695,800
60,2021-07-23,91,650,741
60,2021-07-24,64,531,595
60,2021-07-25,15,519,534
60,2021-07-26,73,537,610
60,2021-07-27,96,546,642
60,2021-07-28,81,501,582
60,2021-07-29,76,579,655
60,2021-07-30,75,592,667
60,2021-07-31,75,574,649
60,2021-08-01,8,494,502
60,2021-08-02,72,523,595
60,2021-08-03,90,596,686
60,2021-08-04,81,539,620
60,2021-08-05,80,609,689
60,2021-08-06,67,600,667
60,2021-08-07,80,532,612
60,2021-08-08,11,427,438
60,2021-08-09,70,519,589
60,2021-08-10,75,518,593
60,2021-08-11,81,541,622
60,2021-08-12,86,602,688
60,2021-08-13,70,623,693
60,2021-08-14,66,632,698
60,2021-08-15,9,560,569
60,2021-08-16,67,523,590
60,2021-08-17,73,518,591
60,2021-08-18,88,525,613
60,2021-08-19,83,531,614
60,2021-08-20,76,603,679
60,2021-08-21,68,546,614
60,2021-08-22,10,466,476
60,2021-08-23,78,520,598
60,2021-08-24,85,575,660
60,2021-08-25,89,589,678
60,2021-08-26,82,653,735
60,2021-08-27,90,582,672
60,2021-08-28,67,458,525
60,2021-08-29,9,436,445
60,2021-08-30,75,554,629
60,2021-08-31,89,581,670
60,2021-09-01,77,564,641
60,2021-09-02,93,575,668
60,2021-09-03,79,593,672
60,2021-09-04,66,491,557
60,2021-09-05,10,478,488
60,2021-09-06,79,534,613
60,2021-09-07,95,606,701
60,2021-09-08,95,667,762
60,2021-09-09,91,625,716
60,2021-09-10,94,622,716
60,2021-09-11,72,539,611
60,2021-09-12,24,475,499
60,2021-09-13,71,586,657
60,2021-09-14,74,604,678
60,2021-09-15,78,592,670
60,2021-09-16,70,572,642
60,2021-09-17,92,672,764
60,2021-09-18,61,533,594
60,2021-09-19,22,514,536
60,2021-09-20,124,646,770
60,2021-09-21,84,563,647
60,2021-09-22,90,557,647
60,2021-09-23,80,651,731
60,2021-09-24,80,724,804
60,2021-09-25,54,582,636
60,2021-09-26,27,450,477
60,2021-09-27,78,533,611
60,2021-09-28,83,586,669
60,2021-09-29,79,579,658
60,2021-09-30,83,619,702
60,2021-10-01,80,668,748
60,2021-10-02,48,585,633
60,2021-10-03,21,449,470
60,2021-10-04,82,560,642
60,2021-10-05,85,558,643
60,2021-10-06,86,631,717
60,2021-10-07,80,644,724
60,2021-10-08,68,622,690
60,2021-10-09,51,594,645
60,2021-10-10,23,537,560
60,2021-10-11,92,561,653
60,2021-10-12,88,580,668
60,2021-10-13,98,567,665
60,2021-10-14,81,607,688
60,2021-10-15,79,685,764
60,2021-10-16,58,533,591
60,2021-10-17,22,484,506
60,2021-10-18,90,529,619
60,2021-10-19,79,591,670
60,2021-10-20,77,600,677
60,2021-10-21,60,606,666
60,2021-10-22,80,678,758
60,2021-10-23,59,592,651
60,2021-10-24,25,539,564
60,2021-10-25,77,559,636
60,2021-10-26,77,595,672
60,2021-10-27,89,582,671
60,2021-10-28,93,656,749
60,2021-10-29,84,677,761
60,2021-10-30,52,559,611
60,2021-11-01,24,470,494
60,2021-11-02,62,535,597
60,2021-11-03,60,509,569
60,2021-11-04,73,561,634
60,2021-11-05,68,602,670
60,2021-11-06,63,540,603
60,2021-11-07,25,399,424
60,2021-11-08,91,536,627
60,2021-11-09,92,589,681
60,2021-11-10,101,611,712
60,2021-11-11,101,585,686
60,2021-11-12,93,655,748
60,2021-11-13,59,496,555
60,2021-11-14,21,460,481
60,2021-11-15,89,525,614
60,2021-11-16,99,516,615
60,2021-11-17,89,597,686
60,2021-11-18,89,556,645
60,2021-11-19,97,607,704
60,2021-11-20,55,528,583
60,2021-11-21,21,395,416
60,2021-11-22,94,480,574
60,2021-11-23,92,570,662
60,2021-11-24,103,544,647
60,2021-11-25,95,598,693
60,2021-11-26,77,573,650
60,2021-11-27,55,872,927
60,2021-11-28,32,427,459
60,2021-11-29,100,569,669
60,2021-11-30,56,544,600
60,2021-12-01,62,580,642
60,2021-12-02,90,561,651
60,2021-12-03,82,545,627
60,2021-12-04,50,530,580
60,2021-12-05,24,355,379
60,2021-12-06,66,485,551
60,2021-12-07,85,536,621
60,2021-12-08,83,562,645
60,2021-12-09,98,577,675
60,2021-12-10,85,535,620
60,2021-12-11,57,469,526
60,2021-12-12,38,386,424
60,2021-12-13,118,539,657
60,2021-12-14,119,547,666
60,2021-12-15,128,576,704
60,2021-12-16,123,603,726
60,2021-12-17,125,736,861
60,2021-12-18,89,536,625
60,2021-12-19,44,432,476
60,2021-12-20,114,482,596
60,2021-12-21,107,490,597
60,2021-12-22,110,540,650
60,2021-12-23,98,545,643
60,2021-12-24,76,514,590
60,2021-12-25,31,268,299
60,2021-12-26,36,364,400
60,2021-12-27,84,454,538
60,2021-12-28,77,470,547
60,2021-12-29,85,480,565
60,2021-12-30,82,562,644
60,2021-12-31,85,544,629
61,2021-01-02,41,875,916
61,2021-01-03,13,907,920
61,2021-01-04,100,1286,1386
61,2021-01-05,112,1365,1477
61,2021-01-06,112,1287,1399
61,2021-01-07,123,1463,1586
61,2021-01-08,134,1425,1559
61,2021-01-09,40,1071,1111
61,2021-01-10,12,1057,1069
61,2021-01-11,144,1578,1722
61,2021-01-12,119,1575,1694
61,2021-01-13,122,1548,1670
61,2021-01-14,108,1463,1571
61,2021-01-15,131,1534,1665
61,2021-01-16,49,951,1000
61,2021-01-17,10,780,790
61,2021-01-18,157,1537,1694
61,2021-01-19,152,1607,1759
61,2021-01-20,123,1555,1678
61,2021-01-21,138,1654,1792
61,2021-01-22,153,1666,1819
61,2021-01-23,45,901,946
61,2021-01-24,14,696,710
61,2021-01-25,177,1554,1731
61,2021-01-26,159,1652,1811
61,2021-01-27,127,1456,1583
61,2021-01-28,144,1623,1767
61,2021-01-29,144,1618,1762
61,2021-01-30,52,845,897
61,2021-01-31,11,603,614
61,2021-02-01,170,1619,1789
61,2021-02-02,173,1695,1868
61,2021-02-03,183,1576,1759
61,2021-02-04,186,1697,1883
61,2021-02-05,192,1672,1864
61,2021-02-06,73,901,974
61,2021-02-07,17,622,639
61,2021-02-08,183,1502,1685
61,2021-02-09,192,1464,1656
61,2021-02-10,167,1572,1739
61,2021-02-11,179,1618,1797
61,2021-02-12,178,1625,1803
61,2021-02-13,86,942,1028
61,2021-02-14,13,681,694
61,2021-02-15,202,1478,1680
61,2021-02-16,195,1553,1748
61,2021-02-17,198,1470,1668
61,2021-02-18,206,1592,1798
61,2021-02-19,195,1594,1789
61,2021-02-20,73,995,1068
61,2021-02-21,24,931,955
61,2021-02-22,219,1582,1801
61,2021-02-23,209,1768,1977
61,2021-02-24,182,1755,1937
61,2021-02-25,218,1753,1971
61,2021-02-26,229,1777,2006
61,2021-02-27,91,1033,1124
61,2021-02-28,19,835,854
61,2021-03-01,272,1696,1968
61,2021-03-02,252,1767,2019
61,2021-03-03,200,1746,1946
61,2021-03-04,203,1809,2012
61,2021-03-05,227,1835,2062
61,2021-03-06,81,1087,1168
61,2021-03-07,25,879,904
61,2021-03-08,179,1728,1907
61,2021-03-09,205,1815,2020
61,2021-03-10,188,1663,1851
61,2021-03-11,193,1818,2011
61,2021-03-12,201,1757,1958
61,2021-03-13,68,933,1001
61,2021-03-14,19,789,808
61,2021-03-15,209,1695,1904
61,2021-03-16,228,1790,2018
61,2021-03-17,215,1700,1915
61,2021-03-18,235,1815,2050
61,2021-03-19,240,1764,2004
61,2021-03-20,91,1114,1205
61,2021-03-21,15,762,777
61,2021-03-22,219,1808,2027
61,2021-03-23,248,1797,2045
61,2021-03-24,242,1768,2010
61,2021-03-25,253,1804,2057
61,2021-03-26,233,1866,2099
61,2021-03-27,84,959,1043
61,2021-03-29,238,1699,1937
61,2021-03-30,214,1923,2137
61,2021-04-01,282,1996,2278
61,2021-04-02,284,1904,2188
61,2021-04-03,98,1183,1281
61,2021-04-04,24,814,838
61,2021-04-05,22,755,777
61,2021-04-06,184,1543,1727
61,2021-04-07,190,1555,1745
61,2021-04-08,204,1727,1931
61,2021-04-09,264,1772,2036
61,2021-04-10,78,1025,1103
61,2021-04-11,15,680,695
61,2021-04-12,218,1640,1858
61,2021-04-13,236,1717,1953
61,2021-04-14,215,1646,1861
61,2021-04-15,231,1683,1914
61,2021-04-16,216,1738,1954
61,2021-04-17,100,1217,1317
61,2021-04-18,23,901,924
61,2021-04-19,215,1855,2070
61,2021-04-20,235,1886,2121
61,2021-04-21,240,1838,2078
61,2021-04-22,275,1934,2209
61,2021-04-23,229,2037,2266
61,2021-04-24,88,1538,1626
61,2021-04-25,25,1511,1536
61,2021-04-26,236,1911,2147
61,2021-04-27,235,1949,2184
61,2021-04-28,192,1874,2066
61,2021-04-29,193,1887,2080
61,2021-04-30,220,2044,2264
61,2021-05-01,36,1315,1351
61,2021-05-02,15,1211,1226
61,2021-05-03,185,1904,2089
61,2021-05-04,216,1781,1997
61,2021-05-05,217,1886,2103
61,2021-05-06,229,1914,2143
61,2021-05-07,203,1981,2184
61,2021-05-08,135,1202,1337
61,2021-05-09,26,1579,1605
61,2021-05-10,204,1783,1987
61,2021-05-11,214,1759,1973
61,2021-05-12,266,1917,2183
61,2021-05-13,49,1303,1352
61,2021-05-14,229,1853,2082
61,2021-05-15,122,1318,1440
61,2021-05-16,27,1002,1029
61,2021-05-17,263,1860,2123
61,2021-05-18,244,1982,2226
61,2021-05-19,202,1851,2053
61,2021-05-20,254,1953,2207
61,2021-05-21,262,2096,2358
61,2021-05-22,113,1255,1368
61,2021-05-23,29,1133,1162
61,2021-05-24,39,1080,1119
61,2021-05-25,252,1886,2138
61,2021-05-26,239,1820,2059
61,2021-05-27,273,2041,2314
61,2021-05-28,252,2175,2427
61,2021-05-29,117,1557,1674
61,2021-05-30,52,1604,1656
61,2021-05-31,234,1979,2213
61,2021-06-01,210,2060,2270
61,2021-06-02,199,1915,2114
61,2021-06-03,227,1975,2202
61,2021-06-04,252,2060,2312
61,2021-06-05,96,1277,1373
61,2021-06-06,19,1111,1130
61,2021-06-07,227,1841,2068
61,2021-06-08,248,2010,2258
61,2021-06-09,215,2060,2275
61,2021-06-10,233,2166,2399
61,2021-06-11,220,2329,2549
61,2021-06-12,82,1646,1728
61,2021-06-13,27,1698,1725
61,2021-06-14,301,2093,2394
61,2021-06-15,246,2228,2474
61,2021-06-16,209,2283,2492
61,2021-06-17,199,2322,2521
61,2021-06-18,238,2264,2502
61,2021-06-19,78,1794,1872
61,2021-06-20,13,1312,1325
61,2021-06-21,187,1966,2153
61,2021-06-22,257,2178,2435
61,2021-06-23,87,1265,1352
61,2021-06-24,246,2140,2386
61,2021-06-25,216,2214,2430
61,2021-06-26,116,1556,1672
61,2021-06-27,14,1276,1290
61,2021-06-28,264,1996,2260
61,2021-06-29,266,1994,2260
61,2021-06-30,265,1868,2133
61,2021-07-01,242,1987,2229
61,2021-07-02,238,2204,2442
61,2021-07-03,93,1484,1577
61,2021-07-04,21,1116,1137
61,2021-07-05,200,1900,2100
61,2021-07-06,220,1919,2139
61,2021-07-07,248,1941,2189
61,2021-07-08,217,2002,2219
61,2021-07-09,200,2059,2259
61,2021-07-10,92,1410,1502
61,2021-07-11,18,1350,1368
61,2021-07-12,206,1853,2059
61,2021-07-13,180,1896,2076
61,2021-07-14,170,1841,2011
61,2021-07-15,152,1837,1989
61,2021-07-16,214,1842,2056
61,2021-07-17,91,1436,1527
61,2021-07-18,38,1501,1539
61,2021-07-19,197,1930,2127
61,2021-07-20,201,1977,2178
61,2021-07-21,174,2136,2310
61,2021-07-22,231,2023,2254
61,2021-07-23,265,2191,2456
61,2021-07-24,107,1401,1508
61,2021-07-25,21,1177,1198
61,2021-07-26,198,1710,1908
61,2021-07-27,193,1827,2020
61,2021-07-28,182,1777,1959
61,2021-07-29,171,1971,2142
61,2021-07-30,175,1992,2167
61,2021-07-31,75,1487,1562
61,2021-08-01,19,1239,1258
61,2021-08-02,159,1573,1732
61,2021-08-03,158,1663,1821
61,2021-08-04,152,1593,1745
61,2021-08-05,161,1709,1870
61,2021-08-06,164,1692,1856
61,2021-08-07,81,1242,1323
61,2021-08-08,21,1167,1188
61,2021-08-09,165,1499,1664
61,2021-08-10,169,1668,1837
61,2021-08-11,178,1691,1869
61,2021-08-12,184,1811,1995
61,2021-08-13,177,1901,2078
61,2021-08-14,171,1770,1941
61,2021-08-15,56,1836,1892
61,2021-08-16,137,1500,1637
61,2021-08-17,162,1482,1644
61,2021-08-18,130,1485,1615
61,2021-08-19,158,1684,1842
61,2021-08-20,172,1843,2015
61,2021-08-21,95,1626,1721
61,2021-08-22,23,1085,1108
61,2021-08-23,187,1696,1883
61,2021-08-24,195,1948,2143
61,2021-08-25,249,1993,2242
61,2021-08-26,214,1799,2013
61,2021-08-27,221,1965,2186
61,2021-08-28,81,1307,1388
61,2021-08-29,23,1053,1076
61,2021-08-30,196,1783,1979
61,2021-08-31,173,1874,2047
61,2021-09-01,203,1886,2089
61,2021-09-02,252,2017,2269
61,2021-09-03,231,2204,2435
61,2021-09-04,103,1643,1746
61,2021-09-05,45,1613,1658
61,2021-09-06,196,2099,2295
61,2021-09-07,254,2185,2439
61,2021-09-08,225,2153,2378
61,2021-09-09,207,2034,2241
61,2021-09-10,227,2142,2369
61,2021-09-11,89,1360,1449
61,2021-09-12,33,1281,1314
61,2021-09-13,232,1944,2176
61,2021-09-14,242,2000,2242
61,2021-09-15,180,1949,2129
61,2021-09-16,181,2035,2216
61,2021-09-17,180,2148,2328
61,2021-09-18,71,1624,1695
61,2021-09-19,38,1274,1312
61,2021-09-20,210,2055,2265
61,2021-09-21,209,1977,2186
61,2021-09-22,193,1949,2142
61,2021-09-23,207,2094,2301
61,2021-09-24,239,2108,2347
61,2021-09-25,93,1596,1689
61,2021-09-26,27,1049,1076
61,2021-09-27,188,1846,2034
61,2021-09-28,184,2025,2209
61,2021-09-29,187,1843,2030
61,2021-09-30,245,1994,2239
61,2021-10-01,265,2081,2346
61,2021-10-02,45,1336,1381
61,2021-10-03,21,950,971
61,2021-10-04,232,2041,2273
61,2021-10-05,200,2064,2264
61,2021-10-06,219,1918,2137
61,2021-10-07,202,1997,2199
61,2021-10-08,159,2217,2376
61,2021-10-09,80,1445,1525
61,2021-10-10,133,1224,1357
61,2021-10-11,276,1933,2209
61,2021-10-12,212,1973,2185
61,2021-10-13,190,1889,2079
61,2021-10-14,198,2010,2208
61,2021-10-15,173,2122,2295
61,2021-10-16,70,1376,1446
61,2021-10-17,27,1174,1201
61,2021-10-18,205,1912,2117
61,2021-10-19,181,2080,2261
61,2021-10-20,139,1954,2093
61,2021-10-21,181,2059,2240
61,2021-10-22,188,2198,2386
61,2021-10-23,97,1311,1408
61,2021-10-24,63,1163,1226
61,2021-10-25,169,2016,2185
61,2021-10-26,265,2045,2310
61,2021-10-27,290,1942,2232
61,2021-10-28,315,2074,2389
61,2021-10-29,338,2219,2557
61,2021-10-30,65,1314,1379
61,2021-11-01,56,1109,1165
61,2021-11-02,152,1914,2066
61,2021-11-03,168,1856,2024
61,2021-11-04,140,1959,2099
61,2021-11-05,182,1962,2144
61,2021-11-06,62,1376,1438
61,2021-11-07,15,953,968
61,2021-11-08,171,1946,2117
61,2021-11-09,184,1960,2144
61,2021-11-10,182,1938,2120
61,2021-11-11,187,1940,2127
61,2021-11-12,145,1988,2133
61,2021-11-13,54,1210,1264
61,2021-11-14,21,1020,1041
61,2021-11-15,205,1835,2040
61,2021-11-16,185,1957,2142
61,2021-11-17,177,1868,2045
61,2021-11-18,169,1959,2128
61,2021-11-19,165,1992,2157
61,2021-11-20,46,1273,1319
61,2021-11-21,11,892,903
61,2021-11-22,148,1831,1979
61,2021-11-23,197,1959,2156
61,2021-11-24,181,1850,2031
61,2021-11-25,183,1974,2157
61,2021-11-26,175,1936,2111
61,2021-11-27,53,1142,1195
61,2021-11-28,17,761,778
61,2021-11-29,165,1807,1972
61,2021-11-30,164,1831,1995
61,2021-12-01,164,1865,2029
61,2021-12-02,196,1881,2077
61,2021-12-03,164,1815,1979
61,2021-12-04,46,1154,1200
61,2021-12-05,12,843,855
61,2021-12-06,173,1662,1835
61,2021-12-07,178,1811,1989
61,2021-12-08,160,1777,1937
61,2021-12-09,192,1850,2042
61,2021-12-10,187,1791,1978
61,2021-12-11,50,1075,1125
61,2021-12-12,13,883,896
61,2021-12-13,193,1771,1964
61,2021-12-14,204,1923,2127
61,2021-12-15,205,1806,2011
61,2021-12-16,199,1894,2093
61,2021-12-17,193,2018,2211
61,2021-12-18,66,1235,1301
61,2021-12-19,11,936,947
61,2021-12-20,152,1668,1820
61,2021-12-21,144,1702,1846
61,2021-12-22,146,1645,1791
61,2021-12-23,142,1741,1883
61,2021-12-24,82,1200,1282
61,2021-12-25,5,588,593
61,2021-12-26,13,767,780
61,2021-12-27,89,1207,1296
61,2021-12-28,118,1235,1353
61,2021-12-29,85,1301,1386
61,2021-12-30,94,1336,1430
61,2021-12-31,75,1218,1293
62,2021-01-01,4,131,135
62,2021-01-02,5,211,216
62,2021-01-03,1,186,187
62,2021-01-04,11,187,198
62,2021-01-05,9,243,252
62,2021-01-06,7,232,239
62,2021-01-07,19,226,245
62,2021-01-08,8,238,246
62,2021-01-09,6,230,236
62,2021-01-10,6,237,243
62,2021-01-11,29,242,271
62,2021-01-12,16,234,250
62,2021-01-13,22,287,309
62,2021-01-14,20,214,234
62,2021-01-15,26,222,248
62,2021-01-16,7,205,212
62,2021-01-17,4,170,174
62,2021-01-18,20,265,285
62,2021-01-19,27,253,280
62,2021-01-20,16,283,299
62,2021-01-21,22,228,250
62,2021-01-22,42,302,344
62,2021-01-23,7,257,264
62,2021-01-24,6,187,193
62,2021-01-25,24,275,299
62,2021-01-26,16,251,267
62,2021-01-27,20,253,273
62,2021-01-28,14,261,275
62,2021-01-29,16,248,264
62,2021-01-30,3,178,181
62,2021-02-02,9,287,296
62,2021-02-03,22,282,304
62,2021-02-04,21,270,291
62,2021-02-05,26,314,340
62,2021-02-06,8,216,224
62,2021-02-07,2,166,168
62,2021-02-08,24,216,240
62,2021-02-09,25,245,270
62,2021-02-10,18,250,268
62,2021-02-11,20,257,277
62,2021-02-12,25,269,294
62,2021-02-13,6,241,247
62,2021-02-14,8,178,186
62,2021-02-15,14,238,252
62,2021-02-16,18,328,346
62,2021-02-17,13,242,255
62,2021-02-18,15,256,271
62,2021-02-19,18,284,302
62,2021-02-20,15,297,312
62,2021-02-21,10,301,311
62,2021-02-22,29,283,312
62,2021-02-23,11,289,300
62,2021-02-24,43,343,386
62,2021-02-25,39,317,356
62,2021-02-26,31,317,348
62,2021-02-27,13,274,287
62,2021-03-02,30,298,328
62,2021-03-03,23,290,313
62,2021-03-04,30,248,278
62,2021-03-05,36,314,350
62,2021-03-06,16,245,261
62,2021-03-07,3,224,227
62,2021-03-08,39,274,313
62,2021-03-09,16,268,284
62,2021-03-10,34,290,324
62,2021-03-11,18,256,274
62,2021-03-12,34,292,326
62,2021-03-13,6,198,204
62,2021-03-14,3,197,200
62,2021-03-15,22,328,350
62,2021-03-16,15,293,308
62,2021-03-17,16,314,330
62,2021-03-18,21,311,332
62,2021-03-19,32,322,354
62,2021-03-20,15,246,261
62,2021-03-21,3,203,206
62,2021-03-22,32,265,297
62,2021-03-23,28,276,304
62,2021-03-24,41,332,373
62,2021-03-25,23,320,343
62,2021-03-26,34,254,288
62,2021-03-27,9,215,224
62,2021-03-29,44,309,353
62,2021-03-30,33,298,331
62,2021-04-01,19,332,351
62,2021-04-02,24,356,380
62,2021-04-03,12,316,328
62,2021-04-04,7,233,240
62,2021-04-05,6,243,249
62,2021-04-06,20,267,287
62,2021-04-07,13,256,269
62,2021-04-08,17,285,302
62,2021-04-09,19,307,326
62,2021-04-10,9,221,230
62,2021-04-11,2,162,164
62,2021-04-12,14,299,313
62,2021-04-13,16,293,309
62,2021-04-14,13,304,317
62,2021-04-15,18,316,334
62,2021-04-16,12,304,316
62,2021-04-17,40,292,332
62,2021-04-18,5,232,237
62,2021-04-19,34,307,341
62,2021-04-20,18,362,380
62,2021-04-21,25,301,326
62,2021-04-22,19,342,361
62,2021-04-23,34,367,401
62,2021-04-24,3,372,375
62,2021-04-25,7,388,395
62,2021-04-26,23,337,360
62,2021-04-27,16,355,371
62,2021-04-28,21,373,394
62,2021-04-29,18,363,381
62,2021-05-02,8,290,298
62,2021-05-03,27,322,349
62,2021-05-04,30,318,348
62,2021-05-05,51,337,388
62,2021-05-06,63,330,393
62,2021-05-07,74,343,417
62,2021-05-08,78,303,381
62,2021-05-09,23,398,421
62,2021-05-10,100,390,490
62,2021-05-11,84,372,456
62,2021-05-12,94,390,484
62,2021-05-13,26,377,403
62,2021-05-14,104,410,514
62,2021-05-15,63,394,457
62,2021-05-16,38,278,316
62,2021-05-17,110,344,454
62,2021-05-18,72,380,452
62,2021-05-19,73,379,452
62,2021-05-20,82,413,495
62,2021-05-21,102,328,430
62,2021-05-22,58,345,403
62,2021-05-23,32,293,325
62,2021-05-24,34,244,278
62,2021-05-25,66,378,444
62,2021-05-26,64,397,461
62,2021-05-27,76,369,445
62,2021-05-28,61,402,463
62,2021-05-29,64,485,549
62,2021-05-30,30,429,459
62,2021-05-31,100,386,486
62,2021-06-02,138,380,518
62,2021-06-03,96,354,450
62,2021-06-04,106,378,484
62,2021-06-05,63,380,443
62,2021-06-06,28,354,382
62,2021-06-07,98,374,472
62,2021-06-08,85,380,465
62,2021-06-09,93,420,513
62,2021-06-10,87,381,468
62,2021-06-11,101,479,580
62,2021-06-12,116,390,506
62,2021-06-13,48,415,463
62,2021-06-14,99,385,484
62,2021-06-15,94,415,509
62,2021-06-16,76,452,528
62,2021-06-17,77,426,503
62,2021-06-18,66,338,404
62,2021-06-19,64,474,538
62,2021-06-20,5,360,365
62,2021-06-21,87,403,490
62,2021-06-22,80,318,398
62,2021-06-23,45,277,322
62,2021-06-24,90,340,430
62,2021-06-25,77,443,520
62,2021-06-26,68,427,495
62,2021-06-27,26,372,398
62,2021-06-28,94,396,490
62,2021-06-29,78,397,475
62,2021-06-30,82,373,455
62,2021-07-02,76,407,483
62,2021-07-03,56,413,469
62,2021-07-04,33,327,360
62,2021-07-05,96,425,521
62,2021-07-06,80,424,504
62,2021-07-07,94,459,553
62,2021-07-08,85,414,499
62,2021-07-09,94,442,536
62,2021-07-10,68,338,406
62,2021-07-11,38,404,442
62,2021-07-12,101,408,509
62,2021-07-13,76,393,469
62,2021-07-14,92,314,406
62,2021-07-15,72,424,496
62,2021-07-16,77,362,439
62,2021-07-17,72,401,473
62,2021-07-18,53,372,425
62,2021-07-19,92,429,521
62,2021-07-20,105,429,534
62,2021-07-21,93,498,591
62,2021-07-22,97,432,529
62,2021-07-23,127,447,574
62,2021-07-24,68,304,372
62,2021-07-25,39,363,402
62,2021-07-26,71,420,491
62,2021-07-27,94,385,479
62,2021-07-28,56,388,444
62,2021-07-29,70,373,443
62,2021-07-30,85,342,427
62,2021-07-31,70,316,386
62,2021-08-02,72,316,388
62,2021-08-03,76,304,380
62,2021-08-04,63,337,400
62,2021-08-05,81,389,470
62,2021-08-06,63,323,386
62,2021-08-07,66,302,368
62,2021-08-08,44,252,296
62,2021-08-09,70,373,443
62,2021-08-10,58,397,455
62,2021-08-11,75,370,445
62,2021-08-12,71,434,505
62,2021-08-13,74,431,505
62,2021-08-14,82,497,579
62,2021-08-15,44,417,461
62,2021-08-16,67,349,416
62,2021-08-17,71,325,396
62,2021-08-18,70,388,458
62,2021-08-19,68,319,387
62,2021-08-20,77,357,434
62,2021-08-21,86,434,520
62,2021-08-22,34,256,290
62,2021-08-23,64,354,418
62,2021-08-24,84,390,474
62,2021-08-25,93,452,545
62,2021-08-26,100,409,509
62,2021-08-27,92,385,477
62,2021-08-28,71,334,405
62,2021-08-29,35,305,340
62,2021-08-30,78,357,435
62,2021-08-31,80,372,452
62,2021-09-01,80,380,460
62,2021-09-02,82,398,480
62,2021-09-03,94,452,546
62,2021-09-04,73,406,479
62,2021-09-05,36,369,405
62,2021-09-06,73,431,504
62,2021-09-07,81,404,485
62,2021-09-08,84,428,512
62,2021-09-09,112,318,430
62,2021-09-10,100,344,444
62,2021-09-11,65,360,425
62,2021-09-12,39,421,460
62,2021-09-13,65,396,461
62,2021-09-14,63,421,484
62,2021-09-15,83,446,529
62,2021-09-16,78,425,503
62,2021-09-17,89,445,534
62,2021-09-18,48,448,496
62,2021-09-19,34,341,375
62,2021-09-20,97,373,470
62,2021-09-21,86,396,482
62,2021-09-22,94,409,503
62,2021-09-23,104,371,475
62,2021-09-24,89,372,461
62,2021-09-25,74,383,457
62,2021-09-26,47,276,323
62,2021-09-27,89,420,509
62,2021-09-28,126,385,511
62,2021-09-29,122,306,428
62,2021-10-01,93,364,457
62,2021-10-02,68,366,434
62,2021-10-03,32,230,262
62,2021-10-04,97,350,447
62,2021-10-05,102,306,408
62,2021-10-06,104,344,448
62,2021-10-07,92,354,446
62,2021-10-08,97,406,503
62,2021-10-09,73,354,427
62,2021-10-10,89,370,459
62,2021-10-11,108,366,474
62,2021-10-12,92,380,472
62,2021-10-13,89,346,435
62,2021-10-14,86,403,489
62,2021-10-15,114,366,480
62,2021-10-16,69,385,454
62,2021-10-17,40,272,312
62,2021-10-18,101,359,460
62,2021-10-19,80,391,471
62,2021-10-20,82,418,500
62,2021-10-21,100,338,438
62,2021-10-22,94,416,510
62,2021-10-23,73,286,359
62,2021-10-24,52,288,340
62,2021-10-25,87,356,443
62,2021-10-26,78,400,478
62,2021-10-27,104,375,479
62,2021-10-28,101,364,465
62,2021-10-29,106,419,525
62,2021-10-30,76,381,457
62,2021-11-01,42,325,367
62,2021-11-02,68,364,432
62,2021-11-03,65,355,420
62,2021-11-04,79,355,434
62,2021-11-05,73,326,399
62,2021-11-06,77,342,419
62,2021-11-07,39,238,277
62,2021-11-08,93,308,401
62,2021-11-09,86,306,392
62,2021-11-10,89,340,429
62,2021-11-11,94,319,413
62,2021-11-12,109,321,430
62,2021-11-13,72,306,378
62,2021-11-14,30,256,286
62,2021-11-15,100,375,475
62,2021-11-16,93,328,421
62,2021-11-17,93,354,447
62,2021-11-18,108,350,458
62,2021-11-19,92,352,444
62,2021-11-20,73,269,342
62,2021-11-21,30,240,270
62,2021-11-22,100,330,430
62,2021-11-23,80,340,420
62,2021-11-24,100,327,427
62,2021-11-25,85,343,428
62,2021-11-26,89,328,417
62,2021-11-27,68,317,385
62,2021-11-28,37,218,255
62,2021-11-29,100,277,377
62,2021-11-30,72,319,391
62,2021-12-02,85,302,387
62,2021-12-03,87,326,413
62,2021-12-04,73,251,324
62,2021-12-05,35,220,255
62,2021-12-06,82,362,444
62,2021-12-07,82,325,407
62,2021-12-08,100,348,448
62,2021-12-09,86,343,429
62,2021-12-10,89,278,367
62,2021-12-11,72,282,354
62,2021-12-12,29,187,216
62,2021-12-13,92,340,432
62,2021-12-14,87,323,410
62,2021-12-15,94,318,412
62,2021-12-16,91,323,414
62,2021-12-17,98,333,431
62,2021-12-18,68,263,331
62,2021-12-19,37,237,274
62,2021-12-20,82,291,373
62,2021-12-21,87,283,370
62,2021-12-22,71,316,387
62,2021-12-23,77,301,378
62,2021-12-24,64,256,320
62,2021-12-25,25,183,208
62,2021-12-26,26,188,214
62,2021-12-27,65,292,357
62,2021-12-28,72,278,350
62,2021-12-29,70,310,380
62,2021-12-30,62,296,358
62,2021-12-31,66,251,317
63,2021-01-02,3,188,191
63,2021-01-03,4,183,187
63,2021-01-04,16,298,314
63,2021-01-05,12,316,328
63,2021-01-06,19,312,331
63,2021-01-07,27,353,380
63,2021-01-08,16,322,338
63,2021-01-09,12,215,227
63,2021-01-10,6,213,219
63,2021-01-11,24,397,421
63,2021-01-12,16,335,351
63,2021-01-13,18,374,392
63,2021-01-14,23,382,405
63,2021-01-15,19,376,395
63,2021-01-16,5,218,223
63,2021-01-17,7,168,175
63,2021-01-18,8,367,375
63,2021-01-19,16,352,368
63,2021-01-20,36,369,405
63,2021-01-21,14,397,411
63,2021-01-22,25,413,438
63,2021-01-23,11,224,235
63,2021-01-24,9,216,225
63,2021-01-25,27,366,393
63,2021-01-26,24,407,431
63,2021-01-27,21,314,335
63,2021-01-28,7,330,337
63,2021-01-29,18,340,358
63,2021-01-30,13,240,253
63,2021-02-02,15,389,404
63,2021-02-03,11,365,376
63,2021-02-04,15,407,422
63,2021-02-05,54,360,414
63,2021-02-06,11,226,237
63,2021-02-07,5,149,154
63,2021-02-08,17,357,374
63,2021-02-09,19,391,410
63,2021-02-10,18,377,395
63,2021-02-11,16,368,384
63,2021-02-12,17,381,398
63,2021-02-13,16,236,252
63,2021-02-14,5,180,185
63,2021-02-15,24,398,422
63,2021-02-16,21,400,421
63,2021-02-17,19,374,393
63,2021-02-18,23,395,418
63,2021-02-19,23,386,409
63,2021-02-20,19,256,275
63,2021-02-21,1,267,268
63,2021-02-22,65,391,456
63,2021-02-23,22,414,436
63,2021-02-24,42,386,428
63,2021-02-25,39,419,458
63,2021-02-26,50,412,462
63,2021-02-27,41,240,281
63,2021-03-02,132,397,529
63,2021-03-03,142,410,552
63,2021-03-04,39,404,443
63,2021-03-05,36,388,424
63,2021-03-06,45,284,329
63,2021-03-07,4,248,252
63,2021-03-08,36,373,409
63,2021-03-09,16,395,411
63,2021-03-10,37,400,437
63,2021-03-11,19,421,440
63,2021-03-12,28,389,417
63,2021-03-13,11,242,253
63,2021-03-14,11,216,227
63,2021-03-15,20,432,452
63,2021-03-16,28,406,434
63,2021-03-17,23,369,392
63,2021-03-18,25,400,425
63,2021-03-19,44,393,437
63,2021-03-20,21,266,287
63,2021-03-21,7,252,259
63,2021-03-22,23,401,424
63,2021-03-23,38,456,494
63,2021-03-24,49,415,464
63,2021-03-25,39,428,467
63,2021-03-26,73,407,480
63,2021-03-27,27,264,291
63,2021-03-29,34,392,426
63,2021-03-30,31,491,522
63,2021-03-31,32,456,488
63,2021-04-02,38,475,513
63,2021-04-03,43,309,352
63,2021-04-04,8,230,238
63,2021-04-05,10,203,213
63,2021-04-06,32,360,392
63,2021-04-07,24,336,360
63,2021-04-08,27,369,396
63,2021-04-09,22,397,419
63,2021-04-10,7,236,243
63,2021-04-11,4,182,186
63,2021-04-12,32,410,442
63,2021-04-13,34,452,486
63,2021-04-14,37,475,512
63,2021-04-15,38,520,558
63,2021-04-16,37,560,597
63,2021-04-17,42,344,386
63,2021-04-18,6,300,306
63,2021-04-19,37,495,532
63,2021-04-20,58,572,630
63,2021-04-21,36,468,504
63,2021-04-22,25,553,578
63,2021-04-23,32,602,634
63,2021-04-24,47,441,488
63,2021-04-25,21,513,534
63,2021-04-26,50,600,650
63,2021-04-27,45,602,647
63,2021-04-28,37,599,636
63,2021-04-29,31,517,548
63,2021-05-02,20,430,450
63,2021-05-03,38,551,589
63,2021-05-04,22,507,529
63,2021-05-05,29,552,581
63,2021-05-06,33,535,568
63,2021-05-07,49,444,493
63,2021-05-08,61,454,515
63,2021-05-09,22,520,542
63,2021-05-10,37,527,564
63,2021-05-11,52,547,599
63,2021-05-12,37,581,618
63,2021-05-13,30,502,532
63,2021-05-14,22,573,595
63,2021-05-15,15,445,460
63,2021-05-16,6,413,419
63,2021-05-17,17,570,587
63,2021-05-18,23,529,552
63,2021-05-19,41,568,609
63,2021-05-20,62,547,609
63,2021-05-21,40,560,600
63,2021-05-22,19,443,462
63,2021-05-23,10,463,473
63,2021-05-24,15,348,363
63,2021-05-25,23,561,584
63,2021-05-26,40,483,523
63,2021-05-27,67,537,604
63,2021-05-28,44,597,641
63,2021-05-29,40,527,567
63,2021-05-30,19,640,659
63,2021-05-31,124,627,751
63,2021-06-02,57,673,730
63,2021-06-03,49,590,639
63,2021-06-04,56,616,672
63,2021-06-05,38,450,488
63,2021-06-06,9,487,496
63,2021-06-07,31,552,583
63,2021-06-08,48,633,681
63,2021-06-09,33,618,651
63,2021-06-10,121,636,757
63,2021-06-11,91,676,767
63,2021-06-12,39,526,565
63,2021-06-13,29,581,610
63,2021-06-14,51,601,652
63,2021-06-15,41,667,708
63,2021-06-16,64,594,658
63,2021-06-17,59,579,638
63,2021-06-18,26,659,685
63,2021-06-20,11,509,520
63,2021-06-21,36,567,603
63,2021-06-22,39,653,692
63,2021-06-23,21,375,396
63,2021-06-24,33,575,608
63,2021-06-25,44,634,678
63,2021-06-26,55,429,484
63,2021-06-27,14,487,501
63,2021-06-28,43,640,683
63,2021-06-29,42,626,668
63,2021-06-30,28,589,617
63,2021-07-02,37,577,614
63,2021-07-03,31,531,562
63,2021-07-04,11,434,445
63,2021-07-05,20,520,540
63,2021-07-06,24,614,638
63,2021-07-07,30,615,645
63,2021-07-08,26,623,649
63,2021-07-09,39,650,689
63,2021-07-10,35,524,559
63,2021-07-11,7,506,513
63,2021-07-12,20,594,614
63,2021-07-13,27,575,602
63,2021-07-14,20,482,502
63,2021-07-15,22,469,491
63,2021-07-16,27,516,543
63,2021-07-17,25,416,441
63,2021-07-18,17,426,443
63,2021-07-19,24,555,579
63,2021-07-20,60,639,699
63,2021-07-21,39,679,718
63,2021-07-22,55,640,695
63,2021-07-23,64,672,736
63,2021-07-24,9,391,400
63,2021-07-25,14,428,442
63,2021-07-26,35,467,502
63,2021-07-27,40,590,630
63,2021-07-28,37,560,597
63,2021-07-29,19,607,626
63,2021-07-30,92,544,636
63,2021-07-31,41,418,459
63,2021-08-01,11,394,405
63,2021-08-02,25,416,441
63,2021-08-03,46,473,519
63,2021-08-04,43,438,481
63,2021-08-05,47,473,520
63,2021-08-06,19,467,486
63,2021-08-07,22,524,546
63,2021-08-08,7,409,416
63,2021-08-09,31,456,487
63,2021-08-10,34,491,525
63,2021-08-11,37,556,593
63,2021-08-12,50,185,235
63,2021-08-13,76,640,716
63,2021-08-14,43,575,618
63,2021-08-15,48,603,651
63,2021-08-16,46,470,516
63,2021-08-17,38,503,541
63,2021-08-18,57,468,525
63,2021-08-19,16,514,530
63,2021-08-20,13,548,561
63,2021-08-21,22,490,512
63,2021-08-22,0,340,340
63,2021-08-23,21,437,458
63,2021-08-24,34,546,580
63,2021-08-25,57,571,628
63,2021-08-26,46,486,532
63,2021-08-27,17,517,534
63,2021-08-28,25,375,400
63,2021-08-29,8,330,338
63,2021-08-30,43,487,530
63,2021-09-01,38,515,553
63,2021-09-02,45,524,569
63,2021-09-03,42,544,586
63,2021-09-04,38,450,488
63,2021-09-05,34,652,686
63,2021-09-06,55,523,578
63,2021-09-07,52,585,637
63,2021-09-08,108,605,713
63,2021-09-09,51,527,578
63,2021-09-10,45,499,544
63,2021-09-11,53,356,409
63,2021-09-12,8,383,391
63,2021-09-13,25,496,521
63,2021-09-14,22,491,513
63,2021-09-15,14,485,499
63,2021-09-16,35,489,524
63,2021-09-17,35,577,612
63,2021-09-18,68,470,538
63,2021-09-19,3,528,531
63,2021-09-20,65,435,500
63,2021-09-21,39,493,532
63,2021-09-22,33,573,606
63,2021-09-23,43,569,612
63,2021-09-24,43,486,529
63,2021-09-25,51,565,616
63,2021-09-26,6,349,355
63,2021-09-27,31,593,624
63,2021-09-28,47,670,717
63,2021-09-29,23,641,664
63,2021-10-01,31,630,661
63,2021-10-02,18,439,457
63,2021-10-03,1,309,310
63,2021-10-04,28,629,657
63,2021-10-05,24,656,680
63,2021-10-06,21,568,589
63,2021-10-07,27,650,677
63,2021-10-08,38,683,721
63,2021-10-09,29,477,506
63,2021-10-10,90,384,474
63,2021-10-11,46,639,685
63,2021-10-12,37,657,694
63,2021-10-13,36,567,603
63,2021-10-14,48,585,633
63,2021-10-15,23,579,602
63,2021-10-16,29,417,446
63,2021-10-17,26,479,505
63,2021-10-18,56,629,685
63,2021-10-19,29,626,655
63,2021-10-20,16,647,663
63,2021-10-21,24,654,678
63,2021-10-22,22,557,579
63,2021-10-23,44,403,447
63,2021-10-24,42,395,437
63,2021-10-25,84,548,632
63,2021-10-26,85,640,725
63,2021-10-27,98,638,736
63,2021-10-28,20,635,655
63,2021-10-29,43,592,635
63,2021-10-30,129,417,546
63,2021-11-01,6,342,348
63,2021-11-02,11,591,602
63,2021-11-03,19,619,638
63,2021-11-04,25,612,637
63,2021-11-05,21,531,552
63,2021-11-06,32,308,340
63,2021-11-07,53,315,368
63,2021-11-08,26,515,541
63,2021-11-09,31,514,545
63,2021-11-10,49,496,545
63,2021-11-11,56,524,580
63,2021-11-12,26,521,547
63,2021-11-13,45,371,416
63,2021-11-14,4,287,291
63,2021-11-15,37,593,630
63,2021-11-16,42,621,663
63,2021-11-17,17,584,601
63,2021-11-18,25,620,645
63,2021-11-19,26,587,613
63,2021-11-20,23,384,407
63,2021-11-21,4,289,293
63,2021-11-22,29,555,584
63,2021-11-23,24,625,649
63,2021-11-24,23,561,584
63,2021-11-25,9,588,597
63,2021-11-26,25,539,564
63,2021-11-27,14,278,292
63,2021-11-28,2,212,214
63,2021-11-29,28,606,634
63,2021-12-02,20,550,570
63,2021-12-03,17,575,592
63,2021-12-04,6,308,314
63,2021-12-05,5,252,257
63,2021-12-06,14,540,554
63,2021-12-07,38,606,644
63,2021-12-08,18,591,609
63,2021-12-09,20,566,586
63,2021-12-10,32,583,615
63,2021-12-11,14,299,313
63,2021-12-12,3,249,252
63,2021-12-13,16,556,572
63,2021-12-14,13,606,619
63,2021-12-15,22,582,604
63,2021-12-16,20,619,639
63,2021-12-17,18,628,646
63,2021-12-18,11,370,381
63,2021-12-19,5,272,277
63,2021-12-20,22,553,575
63,2021-12-21,23,609,632
63,2021-12-22,22,562,584
63,2021-12-23,16,553,569
63,2021-12-24,9,348,357
63,2021-12-25,4,145,149
63,2021-12-26,1,184,185
63,2021-12-27,14,363,377
63,2021-12-28,11,376,387
63,2021-12-29,11,361,372
63,2021-12-30,9,379,388
64,2021-01-02,5,232,237
64,2021-01-03,7,216,223
64,2021-01-04,16,329,345
64,2021-01-05,26,349,375
64,2021-01-06,13,346,359
64,2021-01-07,16,294,310
64,2021-01-08,27,365,392
64,2021-01-09,12,300,312
64,2021-01-10,5,285,290
64,2021-01-11,26,360,386
64,2021-01-12,10,250,260
64,2021-01-13,27,378,405
64,2021-01-14,19,237,256
64,2021-01-15,30,380,410
64,2021-01-16,15,326,341
64,2021-01-17,7,275,282
64,2021-01-18,9,385,394
64,2021-01-19,19,364,383
64,2021-01-20,20,397,417
64,2021-01-21,30,409,439
64,2021-01-22,20,420,440
64,2021-01-23,13,357,370
64,2021-01-24,9,210,219
64,2021-01-25,25,347,372
64,2021-01-26,26,398,424
64,2021-01-27,21,353,374
64,2021-01-28,9,332,341
64,2021-01-29,24,371,395
64,2021-01-30,7,304,311
64,2021-02-02,19,375,394
64,2021-02-03,18,416,434
64,2021-02-04,21,391,412
64,2021-02-05,25,404,429
64,2021-02-06,5,303,308
64,2021-02-07,3,214,217
64,2021-02-08,27,354,381
64,2021-02-09,25,336,361
64,2021-02-10,39,339,378
64,2021-02-11,27,354,381
64,2021-02-12,18,387,405
64,2021-02-13,15,292,307
64,2021-02-14,3,235,238
64,2021-02-15,29,317,346
64,2021-02-16,23,421,444
64,2021-02-17,14,380,394
64,2021-02-18,25,390,415
64,2021-02-19,25,372,397
64,2021-02-20,21,319,340
64,2021-02-21,1,297,298
64,2021-02-22,29,375,404
64,2021-02-23,34,394,428
64,2021-02-24,22,395,417
64,2021-02-25,48,391,439
64,2021-02-26,25,417,442
64,2021-02-27,12,367,379
64,2021-03-02,47,375,422
64,2021-03-03,40,390,430
64,2021-03-04,26,401,427
64,2021-03-05,42,428,470
64,2021-03-06,26,378,404
64,2021-03-07,4,316,320
64,2021-03-08,45,362,407
64,2021-03-09,21,372,393
64,2021-03-10,33,402,435
64,2021-03-11,22,408,430
64,2021-03-12,28,431,459
64,2021-03-13,16,397,413
64,2021-03-14,6,284,290
64,2021-03-15,20,352,372
64,2021-03-16,19,385,404
64,2021-03-17,24,434,458
64,2021-03-18,33,393,426
64,2021-03-19,36,456,492
64,2021-03-20,15,332,347
64,2021-03-21,8,367,375
64,2021-03-22,18,331,349
64,2021-03-23,39,407,446
64,2021-03-24,49,387,436
64,2021-03-25,32,437,469
64,2021-03-26,56,461,517
64,2021-03-27,12,335,347
64,2021-03-29,59,415,474
64,2021-03-30,33,414,447
64,2021-04-02,39,462,501
64,2021-04-03,22,379,401
64,2021-04-04,4,338,342
64,2021-04-05,16,259,275
64,2021-04-06,20,338,358
64,2021-04-07,17,304,321
64,2021-04-08,23,326,349
64,2021-04-09,34,338,372
64,2021-04-10,14,280,294
64,2021-04-11,4,83,87
64,2021-04-12,16,328,344
64,2021-04-13,25,317,342
64,2021-04-14,26,336,362
64,2021-04-15,23,322,345
64,2021-04-16,26,317,343
64,2021-04-17,41,276,317
64,2021-04-18,12,231,243
64,2021-04-19,47,343,390
64,2021-04-20,26,348,374
64,2021-04-21,35,357,392
64,2021-04-22,41,350,391
64,2021-04-23,32,393,425
64,2021-04-24,26,353,379
64,2021-04-25,14,326,340
64,2021-04-26,22,349,371
64,2021-04-27,40,354,394
64,2021-04-28,20,374,394
64,2021-04-29,46,354,400
64,2021-04-30,115,423,538
64,2021-05-02,15,455,470
64,2021-05-03,71,313,384
64,2021-05-04,82,344,426
64,2021-05-05,87,325,412
64,2021-05-06,93,347,440
64,2021-05-07,94,409,503
64,2021-05-08,25,384,409
64,2021-05-09,15,345,360
64,2021-05-10,70,340,410
64,2021-05-11,31,373,404
64,2021-05-12,33,385,418
64,2021-05-13,13,275,288
64,2021-05-14,35,442,477
64,2021-05-15,14,278,292
64,2021-05-16,4,281,285
64,2021-05-17,18,331,349
64,2021-05-18,22,342,364
64,2021-05-19,22,336,358
64,2021-05-20,33,354,387
64,2021-05-21,47,368,415
64,2021-05-22,11,363,374
64,2021-05-23,11,331,342
64,2021-05-24,15,253,268
64,2021-05-25,30,372,402
64,2021-05-26,30,414,444
64,2021-05-27,18,403,421
64,2021-05-28,36,375,411
64,2021-05-29,29,332,361
64,2021-05-30,18,382,400
64,2021-05-31,36,339,375
64,2021-06-01,48,369,417
64,2021-06-02,35,383,418
64,2021-06-03,29,379,408
64,2021-06-04,42,411,453
64,2021-06-05,15,375,390
64,2021-06-06,6,328,334
64,2021-06-07,32,343,375
64,2021-06-08,37,376,413
64,2021-06-09,46,371,417
64,2021-06-10,37,381,418
64,2021-06-11,36,462,498
64,2021-06-12,20,377,397
64,2021-06-13,10,439,449
64,2021-06-14,29,388,417
64,2021-06-15,23,389,412
64,2021-06-16,41,397,438
64,2021-06-17,35,371,406
64,2021-06-18,22,426,448
64,2021-06-19,29,367,396
64,2021-06-20,6,331,337
64,2021-06-21,23,338,361
64,2021-06-22,30,369,399
64,2021-06-23,13,291,304
64,2021-06-24,41,360,401
64,2021-06-25,29,465,494
64,2021-06-26,30,344,374
64,2021-06-27,32,373,405
64,2021-06-28,26,394,420
64,2021-06-29,16,372,388
64,2021-07-02,32,421,453
64,2021-07-03,5,375,380
64,2021-07-04,11,375,386
64,2021-07-05,20,350,370
64,2021-07-06,21,342,363
64,2021-07-07,28,382,410
64,2021-07-08,20,389,409
64,2021-07-09,28,399,427
64,2021-07-10,14,393,407
64,2021-07-11,8,318,326
64,2021-07-12,22,326,348
64,2021-07-13,14,384,398
64,2021-07-14,18,373,391
64,2021-07-15,17,351,368
64,2021-07-16,22,335,357
64,2021-07-17,82,375,457
64,2021-07-18,23,309,332
64,2021-07-19,41,373,414
64,2021-07-20,39,437,476
64,2021-07-21,36,460,496
64,2021-07-22,47,509,556
64,2021-07-23,69,476,545
64,2021-07-24,36,452,488
64,2021-07-25,5,408,413
64,2021-07-26,58,444,502
64,2021-07-27,49,499,548
64,2021-07-28,26,476,502
64,2021-07-29,31,524,555
64,2021-07-30,50,527,577
64,2021-07-31,31,469,500
64,2021-08-01,8,367,375
64,2021-08-02,23,398,421
64,2021-08-03,51,412,463
64,2021-08-04,19,391,410
64,2021-08-05,43,468,511
64,2021-08-06,29,433,462
64,2021-08-07,17,451,468
64,2021-08-08,8,406,414
64,2021-08-12,23,402,425
64,2021-08-13,35,549,584
64,2021-08-14,27,515,542
64,2021-08-15,26,472,498
64,2021-08-16,16,462,478
64,2021-08-17,14,452,466
64,2021-08-23,10,377,387
64,2021-08-24,15,415,430
64,2021-08-25,52,439,491
64,2021-08-26,25,431,456
64,2021-08-27,63,472,535
64,2021-08-28,15,385,400
64,2021-08-29,3,335,338
64,2021-08-30,19,402,421
64,2021-09-01,14,442,456
64,2021-09-02,62,511,573
64,2021-09-03,36,546,582
64,2021-09-04,24,529,553
64,2021-09-05,21,525,546
64,2021-09-06,32,524,556
64,2021-09-07,28,529,557
64,2021-09-08,40,545,585
64,2021-09-09,28,492,520
64,2021-09-10,24,524,548
64,2021-09-11,19,511,530
64,2021-09-12,5,437,442
64,2021-09-13,31,492,523
64,2021-09-14,40,459,499
64,2021-09-15,48,472,520
64,2021-09-16,57,491,548
64,2021-09-17,31,556,587
64,2021-09-18,15,547,562
64,2021-09-19,4,430,434
64,2021-09-20,25,484,509
64,2021-09-21,36,444,480
64,2021-09-22,30,493,523
64,2021-09-23,34,473,507
64,2021-09-24,20,547,567
64,2021-09-25,24,547,571
64,2021-09-26,5,410,415
64,2021-09-27,18,459,477
64,2021-09-28,19,498,517
64,2021-09-29,18,483,501
64,2021-10-02,27,461,488
64,2021-10-03,3,337,340
64,2021-10-04,24,459,483
64,2021-10-05,15,429,444
64,2021-10-06,13,418,431
64,2021-10-07,22,467,489
64,2021-10-08,42,519,561
64,2021-10-09,26,480,506
64,2021-10-10,30,412,442
64,2021-10-11,51,421,472
64,2021-10-12,15,445,460
64,2021-10-13,22,482,504
64,2021-10-14,23,464,487
64,2021-10-15,16,501,517
64,2021-10-16,14,484,498
64,2021-10-17,25,379,404
64,2021-10-18,28,425,453
64,2021-10-19,21,481,502
64,2021-10-20,13,517,530
64,2021-10-22,46,510,556
64,2021-10-23,8,464,472
64,2021-10-24,3,374,377
64,2021-10-25,143,415,558
64,2021-10-26,14,433,447
64,2021-10-27,38,486,524
64,2021-10-28,35,543,578
64,2021-10-29,29,523,552
64,2021-10-30,16,436,452
64,2021-11-01,11,387,398
64,2021-11-02,16,455,471
64,2021-11-03,12,470,482
64,2021-11-04,24,458,482
64,2021-11-05,11,457,468
64,2021-11-06,10,381,391
64,2021-11-07,2,316,318
64,2021-11-08,15,416,431
64,2021-11-09,26,453,479
64,2021-11-10,12,456,468
64,2021-11-11,47,440,487
64,2021-11-12,37,497,534
64,2021-11-13,13,405,418
64,2021-11-14,1,330,331
64,2021-11-15,13,407,420
64,2021-11-16,14,437,451
64,2021-11-17,13,438,451
64,2021-11-18,11,470,481
64,2021-11-19,24,476,500
64,2021-11-20,7,369,376
64,2021-11-21,5,300,305
64,2021-11-22,15,389,404
64,2021-11-23,16,434,450
64,2021-11-24,16,423,439
64,2021-11-25,20,434,454
64,2021-11-26,15,454,469
64,2021-11-27,15,375,390
64,2021-11-28,2,311,313
64,2021-11-29,14,409,423
64,2021-11-30,12,387,399
64,2021-12-02,7,404,411
64,2021-12-03,27,459,486
64,2021-12-04,6,390,396
64,2021-12-05,7,315,322
64,2021-12-06,10,397,407
64,2021-12-07,18,415,433
64,2021-12-08,12,464,476
64,2021-12-09,22,432,454
64,2021-12-10,14,439,453
64,2021-12-11,8,333,341
64,2021-12-12,5,297,302
64,2021-12-13,11,455,466
64,2021-12-14,20,404,424
64,2021-12-15,11,427,438
64,2021-12-16,18,484,502
64,2021-12-17,13,461,474
64,2021-12-18,15,358,373
64,2021-12-19,12,288,300
64,2021-12-20,11,406,417
64,2021-12-21,16,420,436
64,2021-12-22,13,477,490
64,2021-12-23,13,464,477
64,2021-12-24,7,381,388
64,2021-12-25,2,121,123
64,2021-12-26,4,218,222
64,2021-12-27,9,428,437
64,2021-12-28,2,371,373
64,2021-12-29,4,371,375
64,2021-12-30,1,446,447
64,2021-12-31,6,370,376
65,2021-01-02,8,66,74
65,2021-01-03,2,83,85
65,2021-01-04,9,154,163
65,2021-01-05,7,151,158
65,2021-01-06,9,155,164
65,2021-01-07,11,153,164
65,2021-01-08,5,147,152
65,2021-01-09,3,93,96
65,2021-01-10,4,86,90
65,2021-01-11,15,162,177
65,2021-01-12,6,110,116
65,2021-01-13,7,169,176
65,2021-01-14,10,158,168
65,2021-01-15,11,160,171
65,2021-01-16,3,106,109
65,2021-01-17,5,71,76
65,2021-01-18,7,182,189
65,2021-01-19,11,164,175
65,2021-01-20,22,222,244
65,2021-01-21,16,192,208
65,2021-01-22,24,188,212
65,2021-01-23,16,100,116
65,2021-01-24,7,79,86
65,2021-01-25,9,148,157
65,2021-01-26,8,186,194
65,2021-01-27,12,157,169
65,2021-01-28,3,149,152
65,2021-01-29,8,170,178
65,2021-01-30,11,132,143
65,2021-02-02,9,156,165
65,2021-02-03,4,170,174
65,2021-02-04,4,200,204
65,2021-02-05,11,191,202
65,2021-02-06,6,80,86
65,2021-02-07,4,82,86
65,2021-02-08,10,172,182
65,2021-02-09,10,154,164
65,2021-02-10,7,197,204
65,2021-02-11,17,194,211
65,2021-02-12,5,168,173
65,2021-02-13,9,98,107
65,2021-02-14,1,89,90
65,2021-02-15,16,118,134
65,2021-02-16,23,148,171
65,2021-02-17,6,150,156
65,2021-02-18,18,180,198
65,2021-02-19,17,152,169
65,2021-02-20,15,157,172
65,2021-02-21,1,159,160
65,2021-02-22,19,206,225
65,2021-02-23,11,211,222
65,2021-02-24,29,197,226
65,2021-02-25,39,260,299
65,2021-02-26,5,208,213
65,2021-02-27,7,140,147
65,2021-03-02,72,269,341
65,2021-03-03,14,223,237
65,2021-03-04,7,219,226
65,2021-03-05,26,213,239
65,2021-03-06,19,147,166
65,2021-03-07,2,162,164
65,2021-03-08,13,210,223
65,2021-03-09,7,186,193
65,2021-03-10,34,218,252
65,2021-03-11,8,224,232
65,2021-03-12,6,200,206
65,2021-03-13,4,140,144
65,2021-03-14,4,82,86
65,2021-03-15,7,216,223
65,2021-03-16,10,180,190
65,2021-03-17,16,211,227
65,2021-03-18,19,186,205
65,2021-03-19,12,196,208
65,2021-03-20,5,145,150
65,2021-03-21,2,100,102
65,2021-03-22,4,171,175
65,2021-03-23,36,214,250
65,2021-03-24,15,214,229
65,2021-03-25,15,195,210
65,2021-03-26,26,228,254
65,2021-03-27,2,143,145
65,2021-03-29,74,187,261
65,2021-03-30,20,221,241
65,2021-04-02,15,161,176
65,2021-04-03,15,165,180
65,2021-04-04,2,126,128
65,2021-04-05,6,104,110
65,2021-04-06,10,127,137
65,2021-04-07,8,208,216
65,2021-04-08,9,238,247
65,2021-04-09,10,278,288
65,2021-04-10,12,193,205
65,2021-04-11,4,128,132
65,2021-04-12,16,277,293
65,2021-04-13,29,295,324
65,2021-04-14,32,331,363
65,2021-04-15,154,294,448
65,2021-04-16,21,328,349
65,2021-04-17,38,250,288
65,2021-04-18,7,206,213
65,2021-04-19,57,321,378
65,2021-04-20,22,320,342
65,2021-04-21,32,330,362
65,2021-04-22,45,359,404
65,2021-04-23,35,379,414
65,2021-04-24,74,309,383
65,2021-04-25,20,304,324
65,2021-04-26,28,385,413
65,2021-04-27,51,385,436
65,2021-04-28,28,364,392
65,2021-04-29,36,318,354
65,2021-04-30,21,342,363
65,2021-05-02,4,243,247
65,2021-05-03,34,309,343
65,2021-05-04,23,319,342
65,2021-05-05,14,298,312
65,2021-05-06,9,280,289
65,2021-05-07,21,312,333
65,2021-05-08,14,317,331
65,2021-05-09,11,270,281
65,2021-05-10,15,314,329
65,2021-05-11,19,327,346
65,2021-05-12,21,344,365
65,2021-05-13,7,272,279
65,2021-05-14,18,363,381
65,2021-05-15,15,211,226
65,2021-05-16,2,222,224
65,2021-05-17,4,284,288
65,2021-05-18,12,300,312
65,2021-05-19,9,257,266
65,2021-05-20,24,348,372
65,2021-05-21,28,366,394
65,2021-05-22,4,258,262
65,2021-05-23,7,255,262
65,2021-05-24,2,230,232
65,2021-05-25,8,308,316
65,2021-05-26,8,318,326
65,2021-05-27,13,366,379
65,2021-05-28,13,358,371
65,2021-05-29,23,311,334
65,2021-05-30,10,351,361
65,2021-05-31,45,349,394
65,2021-06-02,18,373,391
65,2021-06-03,15,299,314
65,2021-06-04,12,314,326
65,2021-06-05,1,255,256
65,2021-06-06,2,262,264
65,2021-06-07,25,344,369
65,2021-06-08,34,367,401
65,2021-06-09,47,340,387
65,2021-06-10,75,374,449
65,2021-06-11,25,389,414
65,2021-06-12,16,315,331
65,2021-06-13,10,370,380
65,2021-06-14,32,374,406
65,2021-06-15,58,360,418
65,2021-06-16,26,361,387
65,2021-06-17,23,349,372
65,2021-06-18,25,361,386
65,2021-06-19,12,408,420
65,2021-06-20,0,278,278
65,2021-06-21,11,286,297
65,2021-06-23,8,298,306
65,2021-06-24,16,304,320
65,2021-06-25,60,388,448
65,2021-06-26,25,323,348
65,2021-06-27,12,250,262
65,2021-06-28,32,324,356
65,2021-06-29,30,222,252
65,2021-07-01,15,316,331
65,2021-07-02,25,360,385
65,2021-07-03,31,301,332
65,2021-07-04,0,241,241
65,2021-07-05,22,326,348
65,2021-07-06,18,316,334
65,2021-07-07,8,442,450
65,2021-07-08,11,327,338
65,2021-07-09,18,383,401
65,2021-07-10,9,335,344
65,2021-07-11,1,316,317
65,2021-07-12,27,365,392
65,2021-07-13,9,229,238
65,2021-07-14,6,212,218
65,2021-07-15,16,243,259
65,2021-07-16,13,284,297
65,2021-07-17,8,257,265
65,2021-07-18,17,292,309
65,2021-07-19,21,295,316
65,2021-07-20,25,265,290
65,2021-07-21,26,245,271
65,2021-07-22,26,260,286
65,2021-07-23,56,276,332
65,2021-07-24,12,128,140
65,2021-07-25,3,166,169
65,2021-07-26,27,206,233
65,2021-07-27,24,164,188
65,2021-07-28,11,204,215
65,2021-07-29,24,229,253
65,2021-07-30,15,206,221
65,2021-07-31,28,160,188
65,2021-08-01,0,154,154
65,2021-08-02,24,198,222
65,2021-08-03,26,167,193
65,2021-08-04,5,165,170
65,2021-08-05,6,172,178
65,2021-08-06,8,142,150
65,2021-08-07,6,139,145
65,2021-08-08,2,163,165
65,2021-08-09,7,145,152
65,2021-08-10,13,151,164
65,2021-08-11,14,175,189
65,2021-08-12,17,191,208
65,2021-08-13,16,188,204
65,2021-08-14,13,210,223
65,2021-08-15,27,222,249
65,2021-08-16,29,130,159
65,2021-08-17,18,137,155
65,2021-08-18,7,166,173
65,2021-08-19,2,154,156
65,2021-08-20,8,176,184
65,2021-08-21,28,267,295
65,2021-08-23,36,158,194
65,2021-08-24,28,201,229
65,2021-08-25,80,427,507
65,2021-08-26,38,363,401
65,2021-08-27,27,175,202
65,2021-08-28,18,112,130
65,2021-08-29,2,105,107
65,2021-08-30,7,174,181
65,2021-08-31,34,165,199
65,2021-09-02,13,257,270
65,2021-09-03,32,296,328
65,2021-09-04,40,224,264
65,2021-09-05,45,255,300
65,2021-09-06,32,220,252
65,2021-09-07,72,275,347
65,2021-09-08,82,223,305
65,2021-09-09,59,226,285
65,2021-09-10,50,176,226
65,2021-09-11,43,169,212
65,2021-09-12,12,148,160
65,2021-09-13,21,204,225
65,2021-09-14,43,204,247
65,2021-09-15,8,215,223
65,2021-09-16,15,233,248
65,2021-09-17,13,216,229
65,2021-09-18,18,177,195
65,2021-09-19,10,202,212
65,2021-09-20,20,225,245
65,2021-09-21,27,211,238
65,2021-09-22,37,240,277
65,2021-09-23,34,265,299
65,2021-09-24,21,240,261
65,2021-09-25,16,202,218
65,2021-09-26,4,153,157
65,2021-09-27,30,205,235
65,2021-09-28,38,217,255
65,2021-09-29,14,200,214
65,2021-09-30,14,199,213
65,2021-10-02,10,147,157
65,2021-10-03,1,114,115
65,2021-10-04,14,230,244
65,2021-10-05,16,187,203
65,2021-10-06,11,205,216
65,2021-10-07,10,228,238
65,2021-10-08,53,251,304
65,2021-10-09,35,192,227
65,2021-10-10,26,193,219
65,2021-10-11,58,219,277
65,2021-10-12,16,197,213
65,2021-10-13,15,206,221
65,2021-10-14,22,221,243
65,2021-10-15,29,213,242
65,2021-10-16,11,174,185
65,2021-10-17,23,158,181
65,2021-10-18,59,225,284
65,2021-10-19,15,232,247
65,2021-10-20,15,204,219
65,2021-10-21,4,196,200
65,2021-10-22,16,209,225
65,2021-10-23,6,145,151
65,2021-10-24,2,146,148
65,2021-10-25,9,207,216
65,2021-10-26,66,230,296
65,2021-10-27,130,201,331
65,2021-10-28,31,242,273
65,2021-10-29,21,231,252
65,2021-10-30,11,128,139
65,2021-11-01,8,148,156
65,2021-11-02,18,138,156
65,2021-11-03,4,155,159
65,2021-11-04,11,155,166
65,2021-11-05,39,184,223
65,2021-11-06,19,158,177
65,2021-11-07,5,93,98
65,2021-11-08,12,211,223
65,2021-11-09,18,217,235
65,2021-11-10,22,191,213
65,2021-11-11,52,168,220
65,2021-11-12,7,211,218
65,2021-11-13,18,113,131
65,2021-11-14,0,118,118
65,2021-11-15,10,177,187
65,2021-11-16,11,211,222
65,2021-11-17,6,185,191
65,2021-11-18,5,181,186
65,2021-11-19,6,184,190
65,2021-11-20,5,129,134
65,2021-11-21,2,96,98
65,2021-11-22,8,203,211
65,2021-11-23,11,209,220
65,2021-11-24,8,206,214
65,2021-11-25,7,194,201
65,2021-11-26,10,162,172
65,2021-11-27,11,92,103
65,2021-11-28,6,75,81
65,2021-11-29,7,139,146
65,2021-11-30,10,167,177
65,2021-12-02,9,185,194
65,2021-12-03,12,188,200
65,2021-12-04,8,100,108
65,2021-12-05,2,81,83
65,2021-12-06,8,195,203
65,2021-12-07,8,221,229
65,2021-12-08,18,215,233
65,2021-12-09,26,189,215
65,2021-12-10,8,171,179
65,2021-12-11,3,99,102
65,2021-12-12,4,87,91
65,2021-12-13,6,203,209
65,2021-12-14,20,204,224
65,2021-12-15,8,202,210
65,2021-12-16,7,204,211
65,2021-12-17,6,224,230
65,2021-12-18,13,128,141
65,2021-12-19,9,84,93
65,2021-12-20,6,129,135
65,2021-12-21,11,155,166
65,2021-12-22,14,168,182
65,2021-12-23,10,121,131
65,2021-12-24,0,142,142
65,2021-12-25,0,73,73
65,2021-12-26,0,56,56
65,2021-12-27,2,101,103
65,2021-12-28,5,111,116
65,2021-12-29,4,116,120
65,2021-12-30,5,115,120
65,2021-12-31,1,122,123
66,2021-01-01,11,184,195
66,2021-01-02,30,321,351
66,2021-01-03,7,254,261
66,2021-01-04,72,496,568
66,2021-01-05,71,499,570
66,2021-01-06,58,519,577
66,2021-01-07,64,493,557
66,2021-01-08,77,478,555
66,2021-01-09,35,329,364
66,2021-01-10,4,278,282
66,2021-01-11,87,611,698
66,2021-01-12,90,589,679
66,2021-01-13,95,590,685
66,2021-01-14,91,586,677
66,2021-01-15,95,630,725
66,2021-01-16,49,377,426
66,2021-01-17,10,268,278
66,2021-01-18,90,571,661
66,2021-01-19,92,712,804
66,2021-01-20,91,630,721
66,2021-01-21,95,706,801
66,2021-01-22,124,696,820
66,2021-01-23,34,363,397
66,2021-01-24,13,263,276
66,2021-01-25,81,691,772
66,2021-01-26,97,671,768
66,2021-01-27,88,604,692
66,2021-01-28,95,602,697
66,2021-01-29,98,716,814
66,2021-01-30,41,387,428
66,2021-02-01,74,656,730
66,2021-02-02,86,691,777
66,2021-02-03,78,705,783
66,2021-02-04,83,721,804
66,2021-02-05,133,695,828
66,2021-02-06,31,393,424
66,2021-02-07,7,314,321
66,2021-02-08,79,633,712
66,2021-02-09,80,609,689
66,2021-02-10,76,559,635
66,2021-02-11,84,558,642
66,2021-02-12,72,605,677
66,2021-02-13,41,386,427
66,2021-02-14,4,313,317
66,2021-02-15,79,588,667
66,2021-02-16,78,630,708
66,2021-02-17,87,642,729
66,2021-02-18,81,684,765
66,2021-02-19,76,706,782
66,2021-02-20,42,378,420
66,2021-02-21,3,359,362
66,2021-02-22,87,710,797
66,2021-02-23,119,744,863
66,2021-02-24,143,737,880
66,2021-02-25,143,745,888
66,2021-02-26,124,744,868
66,2021-02-27,47,438,485
66,2021-03-02,162,721,883
66,2021-03-03,132,719,851
66,2021-03-04,118,778,896
66,2021-03-05,145,740,885
66,2021-03-06,53,403,456
66,2021-03-07,7,331,338
66,2021-03-08,118,703,821
66,2021-03-09,107,721,828
66,2021-03-10,126,710,836
66,2021-03-11,150,780,930
66,2021-03-12,104,681,785
66,2021-03-13,42,396,438
66,2021-03-14,7,331,338
66,2021-03-15,124,686,810
66,2021-03-16,77,703,780
66,2021-03-17,111,692,803
66,2021-03-18,91,681,772
66,2021-03-19,101,678,779
66,2021-03-20,48,398,446
66,2021-03-21,3,324,327
66,2021-03-22,97,676,773
66,2021-03-23,101,706,807
66,2021-03-24,104,736,840
66,2021-03-25,95,732,827
66,2021-03-26,103,733,836
66,2021-03-27,51,442,493
66,2021-03-29,116,777,893
66,2021-03-30,122,804,926
66,2021-04-02,106,703,809
66,2021-04-03,46,478,524
66,2021-04-04,5,295,300
66,2021-04-05,16,306,322
66,2021-04-06,76,565,641
66,2021-04-07,83,571,654
66,2021-04-08,143,649,792
66,2021-04-09,152,627,779
66,2021-04-10,111,343,454
66,2021-04-11,2,159,161
66,2021-04-12,71,652,723
66,2021-04-13,75,684,759
66,2021-04-14,94,680,774
66,2021-04-15,102,687,789
66,2021-04-16,103,705,808
66,2021-04-17,58,394,452
66,2021-04-18,9,317,326
66,2021-04-19,113,713,826
66,2021-04-20,120,801,921
66,2021-04-21,131,757,888
66,2021-04-22,114,793,907
66,2021-04-23,108,759,867
66,2021-04-24,64,458,522
66,2021-04-25,8,390,398
66,2021-04-26,113,741,854
66,2021-04-27,134,851,985
66,2021-04-28,139,745,884
66,2021-04-29,110,772,882
66,2021-04-30,129,759,888
66,2021-05-02,5,385,390
66,2021-05-03,109,762,871
66,2021-05-04,122,753,875
66,2021-05-05,115,753,868
66,2021-05-06,101,720,821
66,2021-05-07,106,738,844
66,2021-05-08,70,442,512
66,2021-05-09,27,399,426
66,2021-05-10,99,760,859
66,2021-05-11,91,753,844
66,2021-05-12,90,769,859
66,2021-05-13,24,428,452
66,2021-05-14,62,641,703
66,2021-05-15,49,418,467
66,2021-05-16,31,369,400
66,2021-05-17,121,756,877
66,2021-05-18,100,812,912
66,2021-05-19,98,795,893
66,2021-05-20,113,790,903
66,2021-05-21,114,814,928
66,2021-05-22,63,432,495
66,2021-05-23,21,388,409
66,2021-05-24,38,363,401
66,2021-05-25,78,666,744
66,2021-05-26,72,578,650
66,2021-05-27,64,774,838
66,2021-05-28,83,737,820
66,2021-05-29,59,471,530
66,2021-05-30,27,482,509
66,2021-05-31,116,760,876
66,2021-06-02,132,834,966
66,2021-06-03,124,769,893
66,2021-06-04,114,764,878
66,2021-06-05,60,480,540
66,2021-06-06,21,367,388
66,2021-06-07,87,694,781
66,2021-06-08,83,807,890
66,2021-06-09,82,744,826
66,2021-06-10,97,733,830
66,2021-06-11,104,829,933
66,2021-06-12,167,511,678
66,2021-06-13,26,442,468
66,2021-06-14,72,792,864
66,2021-06-15,90,770,860
66,2021-06-16,98,774,872
66,2021-06-17,89,794,883
66,2021-06-18,76,813,889
66,2021-06-19,52,598,650
66,2021-06-20,20,462,482
66,2021-06-21,98,767,865
66,2021-06-22,82,751,833
66,2021-06-23,34,357,391
66,2021-06-24,74,735,809
66,2021-06-25,78,717,795
66,2021-06-26,67,461,528
66,2021-06-27,42,461,503
66,2021-06-28,91,805,896
66,2021-06-29,71,882,953
66,2021-06-30,111,694,805
66,2021-07-01,114,814,928
66,2021-07-02,116,721,837
66,2021-07-03,61,469,530
66,2021-07-04,24,422,446
66,2021-07-05,106,743,849
66,2021-07-06,86,797,883
66,2021-07-07,127,794,921
66,2021-07-08,101,844,945
66,2021-07-09,97,732,829
66,2021-07-10,65,471,536
66,2021-07-11,17,377,394
66,2021-07-12,60,792,852
66,2021-07-13,67,800,867
66,2021-07-14,76,678,754
66,2021-07-15,41,746,787
66,2021-07-16,101,729,830
66,2021-07-17,47,467,514
66,2021-07-18,22,459,481
66,2021-07-19,81,791,872
66,2021-07-20,83,764,847
66,2021-07-21,86,816,902
66,2021-07-22,164,857,1021
66,2021-07-23,102,735,837
66,2021-07-24,51,390,441
66,2021-07-25,27,417,444
66,2021-07-26,67,707,774
66,2021-07-27,89,755,844
66,2021-07-28,79,675,754
66,2021-07-29,68,585,653
66,2021-07-30,53,646,699
66,2021-07-31,85,413,498
66,2021-08-01,19,394,413
66,2021-08-02,55,612,667
66,2021-08-03,115,593,708
66,2021-08-04,87,576,663
66,2021-08-05,86,581,667
66,2021-08-06,70,561,631
66,2021-08-07,15,397,412
66,2021-08-08,5,349,354
66,2021-08-09,50,567,617
66,2021-08-10,50,577,627
66,2021-08-11,64,672,736
66,2021-08-12,59,593,652
66,2021-08-13,87,617,704
66,2021-08-14,58,516,574
66,2021-08-15,53,505,558
66,2021-08-16,72,606,678
66,2021-08-17,81,588,669
66,2021-08-18,62,629,691
66,2021-08-19,63,626,689
66,2021-08-20,62,600,662
66,2021-08-21,66,503,569
66,2021-08-22,25,385,410
66,2021-08-23,59,730,789
66,2021-08-24,88,799,887
66,2021-08-25,113,759,872
66,2021-08-26,95,691,786
66,2021-08-27,76,654,730
66,2021-08-28,40,403,443
66,2021-08-29,24,324,348
66,2021-08-30,81,698,779
66,2021-08-31,92,689,781
66,2021-09-02,100,794,894
66,2021-09-03,121,764,885
66,2021-09-04,78,506,584
66,2021-09-05,31,417,448
66,2021-09-06,121,782,903
66,2021-09-07,138,841,979
66,2021-09-08,176,866,1042
66,2021-09-09,121,814,935
66,2021-09-10,115,729,844
66,2021-09-11,62,459,521
66,2021-09-12,24,405,429
66,2021-09-13,92,776,868
66,2021-09-14,95,862,957
66,2021-09-15,114,660,774
66,2021-09-16,120,789,909
66,2021-09-17,113,800,913
66,2021-09-18,57,475,532
66,2021-09-19,28,398,426
66,2021-09-20,164,759,923
66,2021-09-21,134,807,941
66,2021-09-22,172,784,956
66,2021-09-23,163,899,1062
66,2021-09-24,141,883,1024
66,2021-09-25,72,512,584
66,2021-09-26,41,352,393
66,2021-09-27,119,754,873
66,2021-09-28,132,722,854
66,2021-09-29,133,806,939
66,2021-09-30,126,807,933
66,2021-10-01,109,751,860
66,2021-10-02,45,421,466
66,2021-10-03,18,485,503
66,2021-10-04,97,788,885
66,2021-10-05,124,717,841
66,2021-10-06,111,761,872
66,2021-10-07,98,837,935
66,2021-10-08,113,778,891
66,2021-10-09,73,470,543
66,2021-10-10,27,456,483
66,2021-10-11,136,821,957
66,2021-10-12,107,822,929
66,2021-10-13,83,805,888
66,2021-10-14,125,696,821
66,2021-10-15,90,722,812
66,2021-10-16,58,445,503
66,2021-10-17,25,410,435
66,2021-10-18,96,843,939
66,2021-10-19,104,881,985
66,2021-10-20,101,816,917
66,2021-10-21,104,738,842
66,2021-10-22,101,788,889
66,2021-10-23,51,530,581
66,2021-10-24,24,501,525
66,2021-10-25,116,808,924
66,2021-10-26,104,811,915
66,2021-10-27,87,863,950
66,2021-10-28,87,924,1011
66,2021-10-29,111,904,1015
66,2021-10-30,168,542,710
66,2021-11-01,27,422,449
66,2021-11-02,84,786,870
66,2021-11-03,80,832,912
66,2021-11-04,64,820,884
66,2021-11-05,75,760,835
66,2021-11-06,52,423,475
66,2021-11-07,20,387,407
66,2021-11-08,92,765,857
66,2021-11-09,131,796,927
66,2021-11-10,99,783,882
66,2021-11-11,141,825,966
66,2021-11-12,149,790,939
66,2021-11-13,45,497,542
66,2021-11-14,21,422,443
66,2021-11-15,115,776,891
66,2021-11-16,103,779,882
66,2021-11-17,100,739,839
66,2021-11-18,94,762,856
66,2021-11-19,90,707,797
66,2021-11-20,46,519,565
66,2021-11-21,24,378,402
66,2021-11-22,96,752,848
66,2021-11-23,98,817,915
66,2021-11-24,97,795,892
66,2021-11-25,97,801,898
66,2021-11-26,115,761,876
66,2021-11-27,48,409,457
66,2021-11-28,24,341,365
66,2021-11-29,122,740,862
66,2021-11-30,95,770,865
66,2021-12-01,97,781,878
66,2021-12-02,100,824,924
66,2021-12-03,87,771,858
66,2021-12-04,42,455,497
66,2021-12-05,27,320,347
66,2021-12-06,94,787,881
66,2021-12-07,99,811,910
66,2021-12-08,82,765,847
66,2021-12-09,124,821,945
66,2021-12-10,94,707,801
66,2021-12-11,50,428,478
66,2021-12-12,22,345,367
66,2021-12-13,92,826,918
66,2021-12-14,90,831,921
66,2021-12-15,84,812,896
66,2021-12-16,88,871,959
66,2021-12-17,92,797,889
66,2021-12-18,56,413,469
66,2021-12-19,22,363,385
66,2021-12-20,64,698,762
66,2021-12-21,87,666,753
66,2021-12-22,56,626,682
66,2021-12-23,66,570,636
66,2021-12-24,49,410,459
66,2021-12-25,13,210,223
66,2021-12-26,16,257,273
66,2021-12-27,39,405,444
66,2021-12-28,45,473,518
66,2021-12-29,71,426,497
66,2021-12-30,62,463,525
66,2021-12-31,49,432,481
67,2021-01-02,7,273,280
67,2021-01-03,5,170,175
67,2021-01-04,25,267,292
67,2021-01-05,10,268,278
67,2021-01-06,16,300,316
67,2021-01-07,17,277,294
67,2021-01-08,12,307,319
67,2021-01-09,5,209,214
67,2021-01-10,4,241,245
67,2021-01-11,14,354,368
67,2021-01-12,9,253,262
67,2021-01-13,7,302,309
67,2021-01-14,17,309,326
67,2021-01-15,12,422,434
67,2021-01-16,10,292,302
67,2021-01-17,6,191,197
67,2021-01-18,6,340,346
67,2021-01-19,7,284,291
67,2021-01-20,38,323,361
67,2021-01-21,7,312,319
67,2021-01-22,18,296,314
67,2021-01-23,8,180,188
67,2021-01-24,10,180,190
67,2021-01-25,17,379,396
67,2021-01-26,15,383,398
67,2021-01-27,13,344,357
67,2021-01-28,4,311,315
67,2021-01-29,15,294,309
67,2021-01-30,7,145,152
67,2021-02-02,8,274,282
67,2021-02-03,18,266,284
67,2021-02-04,21,289,310
67,2021-02-05,34,272,306
67,2021-02-06,10,162,172
67,2021-02-07,6,153,159
67,2021-02-08,13,294,307
67,2021-02-09,17,295,312
67,2021-02-10,16,275,291
67,2021-02-11,13,280,293
67,2021-02-12,15,300,315
67,2021-02-13,22,217,239
67,2021-02-14,7,184,191
67,2021-02-15,14,239,253
67,2021-02-16,20,306,326
67,2021-02-17,17,288,305
67,2021-02-18,27,314,341
67,2021-02-19,22,322,344
67,2021-02-20,17,296,313
67,2021-02-21,0,294,294
67,2021-02-22,33,299,332
67,2021-02-23,24,318,342
67,2021-02-24,21,335,356
67,2021-02-25,32,343,375
67,2021-02-26,30,328,358
67,2021-02-27,27,241,268
67,2021-02-28,2,226,228
67,2021-03-02,12,335,347
67,2021-03-03,22,326,348
67,2021-03-04,24,320,344
67,2021-03-05,25,329,354
67,2021-03-06,12,249,261
67,2021-03-07,3,251,254
67,2021-03-08,39,331,370
67,2021-03-09,9,338,347
67,2021-03-10,33,344,377
67,2021-03-11,10,318,328
67,2021-03-12,12,309,321
67,2021-03-13,6,210,216
67,2021-03-14,8,167,175
67,2021-03-15,18,327,345
67,2021-03-16,14,302,316
67,2021-03-17,17,345,362
67,2021-03-18,19,324,343
67,2021-03-19,23,371,394
67,2021-03-20,9,214,223
67,2021-03-21,2,203,205
67,2021-03-22,16,319,335
67,2021-03-23,21,354,375
67,2021-03-24,27,361,388
67,2021-03-25,16,375,391
67,2021-03-26,44,399,443
67,2021-03-27,15,182,197
67,2021-03-29,12,299,311
67,2021-03-30,39,404,443
67,2021-04-02,44,409,453
67,2021-04-03,25,281,306
67,2021-04-04,1,244,245
67,2021-04-05,5,152,157
67,2021-04-06,13,367,380
67,2021-04-07,17,347,364
67,2021-04-08,16,342,358
67,2021-04-09,16,386,402
67,2021-04-10,5,190,195
67,2021-04-11,1,165,166
67,2021-04-12,13,317,330
67,2021-04-13,13,326,339
67,2021-04-14,26,330,356
67,2021-04-15,29,339,368
67,2021-04-16,16,357,373
67,2021-04-17,4,291,295
67,2021-04-18,3,248,251
67,2021-04-19,23,361,384
67,2021-04-20,16,391,407
67,2021-04-21,19,342,361
67,2021-04-22,16,371,387
67,2021-04-23,31,363,394
67,2021-04-24,21,346,367
67,2021-04-25,1,391,392
67,2021-04-26,17,357,374
67,2021-04-27,49,381,430
67,2021-04-28,40,403,443
67,2021-04-29,29,315,344
67,2021-04-30,20,370,390
67,2021-05-02,1,294,295
67,2021-05-03,32,395,427
67,2021-05-04,10,338,348
67,2021-05-05,17,351,368
67,2021-05-06,6,337,343
67,2021-05-07,11,391,402
67,2021-05-08,27,297,324
67,2021-05-09,6,429,435
67,2021-05-10,18,400,418
67,2021-05-11,7,338,345
67,2021-05-12,34,405,439
67,2021-05-13,21,399,420
67,2021-05-14,13,460,473
67,2021-05-15,9,317,326
67,2021-05-16,2,313,315
67,2021-05-17,59,351,410
67,2021-05-18,51,401,452
67,2021-05-19,46,353,399
67,2021-05-20,44,397,441
67,2021-05-21,22,402,424
67,2021-05-22,10,367,377
67,2021-05-23,5,420,425
67,2021-05-24,2,277,279
67,2021-05-25,13,369,382
67,2021-05-26,6,390,396
67,2021-05-27,9,350,359
67,2021-05-28,22,438,460
67,2021-05-29,17,385,402
67,2021-05-30,6,621,627
67,2021-05-31,22,432,454
67,2021-06-01,24,440,464
67,2021-06-02,32,446,478
67,2021-06-03,22,408,430
67,2021-06-05,12,357,369
67,2021-06-06,14,369,383
67,2021-06-07,26,417,443
67,2021-06-08,15,425,440
67,2021-06-09,71,389,460
67,2021-06-10,27,438,465
67,2021-06-11,24,465,489
67,2021-06-12,15,457,472
67,2021-06-13,5,603,608
67,2021-06-14,29,428,457
67,2021-06-15,19,467,486
67,2021-06-16,9,436,445
67,2021-06-17,12,425,437
67,2021-06-18,17,439,456
67,2021-06-19,8,506,514
67,2021-06-20,5,376,381
67,2021-06-21,36,370,406
67,2021-06-22,18,428,446
67,2021-06-23,3,256,259
67,2021-06-24,18,304,322
67,2021-06-25,29,500,529
67,2021-06-26,18,459,477
67,2021-06-27,0,280,280
67,2021-06-28,22,370,392
67,2021-06-30,31,344,375
67,2021-07-01,21,398,419
67,2021-07-02,8,428,436
67,2021-07-03,13,397,410
67,2021-07-04,2,339,341
67,2021-07-05,16,398,414
67,2021-07-06,36,397,433
67,2021-07-07,29,476,505
67,2021-07-08,24,506,530
67,2021-07-09,16,450,466
67,2021-07-10,12,441,453
67,2021-07-11,2,401,403
67,2021-07-12,7,394,401
67,2021-07-13,10,388,398
67,2021-07-14,6,362,368
67,2021-07-15,8,258,266
67,2021-07-16,18,255,273
67,2021-07-17,14,405,419
67,2021-07-18,17,378,395
67,2021-07-19,31,398,429
67,2021-07-20,48,471,519
67,2021-07-21,19,501,520
67,2021-07-22,18,432,450
67,2021-07-23,30,475,505
67,2021-07-24,32,277,309
67,2021-07-25,4,308,312
67,2021-07-26,38,399,437
67,2021-07-27,38,368,406
67,2021-07-28,30,404,434
67,2021-07-29,26,426,452
67,2021-07-30,22,439,461
67,2021-08-01,2,353,355
67,2021-08-02,10,338,348
67,2021-08-03,19,330,349
67,2021-08-04,16,340,356
67,2021-08-05,17,347,364
67,2021-08-06,9,357,366
67,2021-08-07,8,296,304
67,2021-08-08,2,347,349
67,2021-08-09,15,336,351
67,2021-08-10,24,335,359
67,2021-08-11,18,382,400
67,2021-08-12,16,440,456
67,2021-08-13,28,476,504
67,2021-08-14,35,526,561
67,2021-08-15,14,590,604
67,2021-08-16,19,353,372
67,2021-08-17,22,297,319
67,2021-08-18,32,326,358
67,2021-08-19,22,357,379
67,2021-08-20,14,393,407
67,2021-08-21,16,620,636
67,2021-08-22,9,383,392
67,2021-08-23,20,352,372
67,2021-08-24,11,457,468
67,2021-08-25,35,444,479
67,2021-08-26,10,379,389
67,2021-08-27,17,314,331
67,2021-08-28,25,303,328
67,2021-08-29,3,205,208
67,2021-08-30,17,340,357
67,2021-08-31,17,331,348
67,2021-09-01,17,424,441
67,2021-09-02,31,448,479
67,2021-09-03,20,486,506
67,2021-09-04,20,511,531
67,2021-09-05,0,496,496
67,2021-09-06,23,447,470
67,2021-09-07,22,431,453
67,2021-09-08,30,471,501
67,2021-09-09,28,367,395
67,2021-09-10,27,425,452
67,2021-09-11,22,425,447
67,2021-09-12,5,374,379
67,2021-09-13,20,419,439
67,2021-09-14,22,376,398
67,2021-09-15,13,406,419
67,2021-09-16,17,378,395
67,2021-09-17,19,471,490
67,2021-09-18,10,510,520
67,2021-09-19,7,431,438
67,2021-09-20,31,365,396
67,2021-09-21,18,401,419
67,2021-09-22,26,419,445
67,2021-09-23,25,467,492
67,2021-09-24,24,389,413
67,2021-09-25,6,492,498
67,2021-09-26,4,290,294
67,2021-09-27,17,374,391
67,2021-09-29,10,331,341
67,2021-10-01,9,395,404
67,2021-10-02,2,261,263
67,2021-10-03,2,216,218
67,2021-10-04,5,323,328
67,2021-10-05,20,300,320
67,2021-10-06,10,305,315
67,2021-10-07,15,331,346
67,2021-10-08,17,424,441
67,2021-10-09,21,390,411
67,2021-10-10,13,399,412
67,2021-10-11,30,368,398
67,2021-10-12,7,325,332
67,2021-10-13,14,331,345
67,2021-10-14,27,344,371
67,2021-10-15,73,383,456
67,2021-10-16,21,331,352
67,2021-10-17,1,313,314
67,2021-10-18,28,360,388
67,2021-10-19,49,293,342
67,2021-10-20,13,264,277
67,2021-10-22,19,338,357
67,2021-10-23,8,398,406
67,2021-10-24,37,314,351
67,2021-10-25,14,317,331
67,2021-10-26,52,293,345
67,2021-10-27,121,319,440
67,2021-10-28,12,288,300
67,2021-10-29,15,365,380
67,2021-10-30,12,347,359
67,2021-11-01,10,193,203
67,2021-11-02,21,291,312
67,2021-11-03,23,353,376
67,2021-11-04,21,320,341
67,2021-11-05,16,374,390
67,2021-11-06,18,262,280
67,2021-11-07,4,173,177
67,2021-11-08,26,313,339
67,2021-11-09,25,330,355
67,2021-11-10,15,362,377
67,2021-11-11,25,373,398
67,2021-11-12,14,356,370
67,2021-11-13,5,262,267
67,2021-11-14,2,190,192
67,2021-11-15,21,314,335
67,2021-11-16,28,251,279
67,2021-11-17,18,241,259
67,2021-11-18,20,269,289
67,2021-11-19,12,309,321
67,2021-11-20,10,317,327
67,2021-11-21,0,166,166
67,2021-11-22,7,292,299
67,2021-11-23,10,311,321
67,2021-11-24,10,273,283
67,2021-11-25,25,284,309
67,2021-11-26,11,278,289
67,2021-11-27,9,203,212
67,2021-11-28,2,160,162
67,2021-11-29,11,252,263
67,2021-12-02,11,294,305
67,2021-12-03,13,314,327
67,2021-12-04,5,175,180
67,2021-12-05,2,162,164
67,2021-12-06,8,289,297
67,2021-12-07,14,274,288
67,2021-12-08,16,262,278
67,2021-12-09,13,297,310
67,2021-12-10,15,282,297
67,2021-12-11,2,243,245
67,2021-12-12,1,153,154
67,2021-12-13,10,273,283
67,2021-12-14,11,281,292
67,2021-12-15,5,271,276
67,2021-12-16,9,292,301
67,2021-12-17,7,311,318
67,2021-12-18,3,247,250
67,2021-12-19,1,282,283
67,2021-12-20,6,220,226
67,2021-12-21,5,223,228
67,2021-12-22,3,221,224
67,2021-12-23,13,214,227
67,2021-12-24,10,211,221
67,2021-12-25,1,171,172
67,2021-12-26,0,142,142
67,2021-12-27,12,210,222
67,2021-12-28,0,235,235
67,2021-12-29,7,231,238
67,2021-12-30,5,251,256
67,2021-12-31,4,216,220
68,2021-01-02,30,89,119
68,2021-01-03,2,94,96
68,2021-01-04,38,85,123
68,2021-01-05,34,97,131
68,2021-01-06,30,89,119
68,2021-01-07,38,127,165
68,2021-01-08,44,112,156
68,2021-01-09,35,83,118
68,2021-01-10,1,83,84
68,2021-01-11,52,113,165
68,2021-01-12,40,109,149
68,2021-01-13,51,129,180
68,2021-01-14,50,109,159
68,2021-01-15,52,127,179
68,2021-01-16,33,88,121
68,2021-01-17,5,86,91
68,2021-01-18,40,124,164
68,2021-01-19,52,134,186
68,2021-01-20,44,122,166
68,2021-01-21,45,133,178
68,2021-01-22,84,112,196
68,2021-01-23,34,97,131
68,2021-01-24,6,70,76
68,2021-01-25,53,131,184
68,2021-01-26,54,135,189
68,2021-01-27,51,125,176
68,2021-01-28,50,143,193
68,2021-01-29,52,150,202
68,2021-01-30,30,144,174
68,2021-02-02,49,134,183
68,2021-02-03,53,137,190
68,2021-02-04,47,136,183
68,2021-02-05,47,159,206
68,2021-02-06,29,116,145
68,2021-02-07,2,88,90
68,2021-02-08,56,151,207
68,2021-02-09,36,123,159
68,2021-02-10,38,121,159
68,2021-02-11,40,120,160
68,2021-02-12,34,140,174
68,2021-02-13,37,105,142
68,2021-02-14,0,129,129
68,2021-02-15,36,128,164
68,2021-02-16,36,124,160
68,2021-02-17,43,128,171
68,2021-02-18,46,140,186
68,2021-02-19,48,127,175
68,2021-02-20,54,167,221
68,2021-02-21,0,163,163
68,2021-02-22,51,153,204
68,2021-02-23,42,128,170
68,2021-02-24,52,162,214
68,2021-02-25,54,157,211
68,2021-02-26,47,138,185
68,2021-02-27,45,135,180
68,2021-03-02,50,162,212
68,2021-03-03,71,155,226
68,2021-03-04,88,106,194
68,2021-03-05,57,139,196
68,2021-03-06,32,112,144
68,2021-03-07,0,167,167
68,2021-03-08,56,134,190
68,2021-03-09,79,117,196
68,2021-03-10,53,122,175
68,2021-03-11,42,156,198
68,2021-03-12,60,142,202
68,2021-03-13,32,100,132
68,2021-03-14,4,120,124
68,2021-03-15,48,166,214
68,2021-03-16,57,110,167
68,2021-03-17,52,111,163
68,2021-03-18,46,122,168
68,2021-03-19,55,154,209
68,2021-03-20,35,121,156
68,2021-03-21,0,142,142
68,2021-03-22,58,142,200
68,2021-03-23,49,127,176
68,2021-03-24,61,161,222
68,2021-03-25,55,142,197
68,2021-03-26,69,169,238
68,2021-03-27,34,116,150
68,2021-03-29,46,181,227
68,2021-03-30,62,237,299
68,2021-04-02,69,228,297
68,2021-04-03,46,198,244
68,2021-04-04,2,171,173
68,2021-04-05,10,130,140
68,2021-04-06,41,151,192
68,2021-04-07,46,139,185
68,2021-04-08,46,181,227
68,2021-04-09,86,210,296
68,2021-04-10,35,136,171
68,2021-04-11,3,128,131
68,2021-04-12,49,146,195
68,2021-04-13,51,143,194
68,2021-04-14,49,178,227
68,2021-04-15,36,196,232
68,2021-04-16,38,187,225
68,2021-04-17,34,176,210
68,2021-04-18,5,170,175
68,2021-04-19,51,179,230
68,2021-04-20,54,187,241
68,2021-04-21,65,175,240
68,2021-04-22,51,180,231
68,2021-04-23,52,190,242
68,2021-04-24,60,215,275
68,2021-04-25,2,293,295
68,2021-04-26,57,180,237
68,2021-04-27,53,182,235
68,2021-04-28,58,204,262
68,2021-04-29,60,193,253
68,2021-05-02,4,218,222
68,2021-05-03,67,174,241
68,2021-05-04,49,157,206
68,2021-05-05,58,168,226
68,2021-05-06,69,174,243
68,2021-05-07,53,208,261
68,2021-05-08,29,230,259
68,2021-05-09,2,316,318
68,2021-05-10,48,192,240
68,2021-05-11,52,200,252
68,2021-05-12,54,216,270
68,2021-05-13,17,318,335
68,2021-05-14,58,329,387
68,2021-05-15,38,240,278
68,2021-05-16,6,188,194
68,2021-05-17,42,188,230
68,2021-05-18,48,160,208
68,2021-05-19,56,178,234
68,2021-05-20,44,212,256
68,2021-05-21,66,186,252
68,2021-05-22,30,164,194
68,2021-05-23,3,344,347
68,2021-05-24,2,197,199
68,2021-05-25,40,205,245
68,2021-05-26,36,158,194
68,2021-05-27,37,168,205
68,2021-05-28,52,232,284
68,2021-05-29,44,204,248
68,2021-05-30,9,522,531
68,2021-06-02,79,257,336
68,2021-06-03,75,271,346
68,2021-06-04,56,226,282
68,2021-06-05,35,248,283
68,2021-06-06,8,308,316
68,2021-06-07,49,203,252
68,2021-06-08,56,231,287
68,2021-06-09,55,239,294
68,2021-06-10,55,239,294
68,2021-06-11,91,262,353
68,2021-06-12,74,368,442
68,2021-06-13,29,453,482
68,2021-06-14,63,213,276
68,2021-06-15,48,276,324
68,2021-06-16,68,238,306
68,2021-06-17,60,226,286
68,2021-06-18,51,293,344
68,2021-06-19,34,442,476
68,2021-06-20,10,329,339
68,2021-06-21,56,168,224
68,2021-06-22,58,176,234
68,2021-06-23,8,137,145
68,2021-06-24,54,168,222
68,2021-06-25,56,312,368
68,2021-06-26,44,381,425
68,2021-06-27,8,270,278
68,2021-06-28,72,220,292
68,2021-06-29,55,198,253
68,2021-07-02,59,279,338
68,2021-07-03,32,386,418
68,2021-07-04,6,311,317
68,2021-07-05,52,178,230
68,2021-07-06,48,202,250
68,2021-07-07,53,247,300
68,2021-07-08,63,224,287
68,2021-07-09,58,272,330
68,2021-07-10,36,252,288
68,2021-07-11,1,325,326
68,2021-07-12,48,213,261
68,2021-07-13,42,178,220
68,2021-07-14,38,194,232
68,2021-07-15,50,318,368
68,2021-07-16,38,270,308
68,2021-07-17,42,212,254
68,2021-07-18,0,286,286
68,2021-07-19,60,230,290
68,2021-07-20,84,225,309
68,2021-07-21,50,253,303
68,2021-07-22,64,318,382
68,2021-07-23,84,267,351
68,2021-07-24,34,252,286
68,2021-07-25,2,214,216
68,2021-07-26,48,184,232
68,2021-07-27,44,194,238
68,2021-07-28,42,217,259
68,2021-07-29,52,234,286
68,2021-07-30,88,252,340
68,2021-07-31,96,246,342
68,2021-08-02,63,167,230
68,2021-08-03,49,172,221
68,2021-08-04,34,194,228
68,2021-08-05,38,228,266
68,2021-08-06,44,210,254
68,2021-08-07,30,212,242
68,2021-08-08,3,264,267
68,2021-08-09,38,250,288
68,2021-08-10,48,282,330
68,2021-08-11,92,368,460
68,2021-08-12,99,325,424
68,2021-08-13,47,425,472
68,2021-08-14,52,430,482
68,2021-08-15,30,454,484
68,2021-08-16,44,230,274
68,2021-08-17,43,179,222
68,2021-08-18,33,276,309
68,2021-08-19,41,228,269
68,2021-08-20,43,265,308
68,2021-08-21,44,368,412
68,2021-08-22,8,236,244
68,2021-08-23,50,215,265
68,2021-08-24,44,287,331
68,2021-08-25,58,287,345
68,2021-08-26,67,229,296
68,2021-08-27,46,221,267
68,2021-08-28,10,229,239
68,2021-08-29,3,175,178
68,2021-08-30,40,192,232
68,2021-09-02,59,229,288
68,2021-09-03,46,337,383
68,2021-09-04,82,407,489
68,2021-09-05,39,385,424
68,2021-09-06,55,226,281
68,2021-09-07,51,248,299
68,2021-09-08,94,279,373
68,2021-09-09,66,208,274
68,2021-09-10,53,225,278
68,2021-09-11,58,319,377
68,2021-09-12,16,377,393
68,2021-09-13,58,246,304
68,2021-09-14,41,182,223
68,2021-09-15,48,202,250
68,2021-09-16,53,230,283
68,2021-09-17,50,344,394
68,2021-09-18,44,412,456
68,2021-09-19,5,321,326
68,2021-09-20,64,200,264
68,2021-09-21,49,157,206
68,2021-09-22,58,274,332
68,2021-09-23,65,196,261
68,2021-09-24,55,262,317
68,2021-09-25,40,348,388
68,2021-09-26,4,323,327
68,2021-09-27,58,181,239
68,2021-09-28,58,190,248
68,2021-09-29,64,168,232
68,2021-09-30,54,221,275
68,2021-10-02,43,188,231
68,2021-10-03,9,234,243
68,2021-10-04,61,146,207
68,2021-10-05,61,193,254
68,2021-10-06,54,188,242
68,2021-10-07,59,170,229
68,2021-10-08,49,236,285
68,2021-10-09,40,255,295
68,2021-10-10,21,322,343
68,2021-10-11,79,204,283
68,2021-10-12,66,185,251
68,2021-10-13,63,147,210
68,2021-10-14,79,171,250
68,2021-10-15,76,181,257
68,2021-10-16,78,163,241
68,2021-10-17,11,171,182
68,2021-10-18,103,197,300
68,2021-10-19,52,163,215
68,2021-10-20,61,136,197
68,2021-10-21,54,128,182
68,2021-10-22,63,151,214
68,2021-10-23,65,153,218
68,2021-10-24,4,201,205
68,2021-10-25,70,155,225
68,2021-10-26,66,151,217
68,2021-10-27,51,163,214
68,2021-10-28,161,152,313
68,2021-10-29,64,200,264
68,2021-10-30,26,161,187
68,2021-11-02,51,152,203
68,2021-11-03,55,162,217
68,2021-11-04,34,136,170
68,2021-11-05,48,161,209
68,2021-11-06,110,143,253
68,2021-11-07,0,121,121
68,2021-11-08,75,137,212
68,2021-11-09,57,143,200
68,2021-11-10,68,162,230
68,2021-11-11,50,178,228
68,2021-11-12,58,144,202
68,2021-11-13,31,121,152
68,2021-11-14,1,135,136
68,2021-11-15,47,143,190
68,2021-11-16,60,114,174
68,2021-11-17,69,142,211
68,2021-11-18,55,137,192
68,2021-11-19,55,143,198
68,2021-11-20,31,145,176
68,2021-11-21,0,111,111
68,2021-11-22,67,129,196
68,2021-11-23,52,136,188
68,2021-11-24,57,124,181
68,2021-11-25,46,144,190
68,2021-11-26,53,119,172
68,2021-11-27,33,110,143
68,2021-11-28,2,93,95
68,2021-11-29,60,117,177
68,2021-12-02,48,137,185
68,2021-12-03,86,147,233
68,2021-12-04,42,117,159
68,2021-12-05,3,115,118
68,2021-12-06,45,140,185
68,2021-12-07,56,153,209
68,2021-12-08,55,148,203
68,2021-12-09,56,148,204
68,2021-12-10,46,138,184
68,2021-12-11,36,118,154
68,2021-12-12,0,106,106
68,2021-12-13,47,173,220
68,2021-12-14,56,108,164
68,2021-12-15,64,146,210
68,2021-12-16,41,144,185
68,2021-12-17,49,138,187
68,2021-12-18,29,127,156
68,2021-12-19,2,123,125
68,2021-12-20,35,140,175
68,2021-12-21,40,161,201
68,2021-12-22,41,133,174
68,2021-12-23,31,150,181
68,2021-12-24,29,128,157
68,2021-12-25,1,58,59
68,2021-12-26,0,89,89
68,2021-12-27,30,116,146
68,2021-12-28,29,131,160
68,2021-12-29,34,127,161
68,2021-12-30,36,111,147
69,2021-01-01,17,641,658
69,2021-01-02,43,1497,1540
69,2021-01-03,25,1262,1287
69,2021-01-04,74,1864,1938
69,2021-01-05,83,1988,2071
69,2021-01-06,109,1987,2096
69,2021-01-07,75,2004,2079
69,2021-01-08,91,2102,2193
69,2021-01-09,58,1538,1596
69,2021-01-10,21,1354,1375
69,2021-01-11,110,2414,2524
69,2021-01-12,91,2005,2096
69,2021-01-13,135,2468,2603
69,2021-01-14,107,2353,2460
69,2021-01-15,94,2595,2689
69,2021-01-16,47,1885,1932
69,2021-01-17,20,1404,1424
69,2021-01-18,113,2430,2543
69,2021-01-19,105,2276,2381
69,2021-01-20,155,2614,2769
69,2021-01-21,116,2419,2535
69,2021-01-22,108,2433,2541
69,2021-01-23,47,1891,1938
69,2021-01-24,27,1359,1386
69,2021-01-25,124,2371,2495
69,2021-01-26,190,2527,2717
69,2021-01-27,156,2373,2529
69,2021-01-28,150,2322,2472
69,2021-01-29,140,2363,2503
69,2021-01-30,50,2046,2096
69,2021-01-31,32,1673,1705
69,2021-02-01,164,2420,2584
69,2021-02-02,143,2497,2640
69,2021-02-03,144,2445,2589
69,2021-02-04,174,2473,2647
69,2021-02-05,163,2626,2789
69,2021-02-06,46,1867,1913
69,2021-02-07,32,1319,1351
69,2021-02-08,151,2428,2579
69,2021-02-09,139,2443,2582
69,2021-02-10,165,2567,2732
69,2021-02-11,133,2442,2575
69,2021-02-12,137,2510,2647
69,2021-02-13,60,1867,1927
69,2021-02-14,25,1600,1625
69,2021-02-15,158,2194,2352
69,2021-02-16,179,2593,2772
69,2021-02-17,184,2521,2705
69,2021-02-18,152,2532,2684
69,2021-02-19,171,2702,2873
69,2021-02-20,65,2006,2071
69,2021-02-21,28,1948,1976
69,2021-02-22,171,2548,2719
69,2021-02-23,199,2602,2801
69,2021-02-24,205,2588,2793
69,2021-02-25,187,2640,2827
69,2021-02-26,163,2738,2901
69,2021-02-27,111,2144,2255
69,2021-03-01,205,2781,2986
69,2021-03-02,209,2754,2963
69,2021-03-03,230,2735,2965
69,2021-03-04,197,2757,2954
69,2021-03-05,232,2824,3056
69,2021-03-06,78,2078,2156
69,2021-03-07,33,2033,2066
69,2021-03-08,187,2579,2766
69,2021-03-09,202,2589,2791
69,2021-03-10,195,2643,2838
69,2021-03-11,197,2457,2654
69,2021-03-12,203,2694,2897
69,2021-03-13,43,1916,1959
69,2021-03-14,21,1766,1787
69,2021-03-15,175,2407,2582
69,2021-03-16,191,2595,2786
69,2021-03-17,218,2705,2923
69,2021-03-18,222,2697,2919
69,2021-03-19,252,2673,2925
69,2021-03-20,79,2067,2146
69,2021-03-21,37,1895,1932
69,2021-03-22,210,2532,2742
69,2021-03-23,220,2581,2801
69,2021-03-24,225,2783,3008
69,2021-03-25,216,2728,2944
69,2021-03-26,215,2701,2916
69,2021-03-27,84,2066,2150
69,2021-03-29,210,2571,2781
69,2021-03-30,240,2844,3084
69,2021-03-31,259,2905,3164
69,2021-04-02,109,3157,3266
69,2021-04-03,80,2057,2137
69,2021-04-04,38,1503,1541
69,2021-04-05,49,1497,1546
69,2021-04-06,180,2507,2687
69,2021-04-07,230,2528,2758
69,2021-04-08,210,2737,2947
69,2021-04-09,225,2765,2990
69,2021-04-10,90,1978,2068
69,2021-04-11,21,1518,1539
69,2021-04-12,195,2478,2673
69,2021-04-13,228,2568,2796
69,2021-04-14,259,2669,2928
69,2021-04-15,245,2691,2936
69,2021-04-16,206,2793,2999
69,2021-04-17,70,2109,2179
69,2021-04-18,46,1974,2020
69,2021-04-19,224,2495,2719
69,2021-04-20,234,2707,2941
69,2021-04-21,256,2758,3014
69,2021-04-22,253,2837,3090
69,2021-04-23,266,2971,3237
69,2021-04-24,83,2250,2333
69,2021-04-25,43,2503,2546
69,2021-04-26,251,2600,2851
69,2021-04-27,298,2819,3117
69,2021-04-28,270,2830,3100
69,2021-04-29,306,2740,3046
69,2021-04-30,342,3122,3464
69,2021-05-01,49,2006,2055
69,2021-05-02,48,2319,2367
69,2021-05-03,325,2658,2983
69,2021-05-04,219,2614,2833
69,2021-05-05,201,2657,2858
69,2021-05-06,228,2760,2988
69,2021-05-07,242,2964,3206
69,2021-05-08,103,2321,2424
69,2021-05-09,44,2435,2479
69,2021-05-10,281,2651,2932
69,2021-05-11,243,2731,2974
69,2021-05-12,261,3020,3281
69,2021-05-13,56,2297,2353
69,2021-05-14,152,2554,2706
69,2021-05-15,86,2225,2311
69,2021-05-16,28,1902,1930
69,2021-05-17,207,2656,2863
69,2021-05-18,185,2693,2878
69,2021-05-19,205,2724,2929
69,2021-05-20,203,2941,3144
69,2021-05-21,260,3240,3500
69,2021-05-22,75,2345,2420
69,2021-05-23,37,2345,2382
69,2021-05-24,36,1900,1936
69,2021-05-25,223,2612,2835
69,2021-05-26,216,2757,2973
69,2021-05-27,240,2843,3083
69,2021-05-28,283,3088,3371
69,2021-05-29,100,2601,2701
69,2021-05-30,82,2923,3005
69,2021-05-31,206,2936,3142
69,2021-06-01,269,3072,3341
69,2021-06-02,251,3267,3518
69,2021-06-03,123,3604,3727
69,2021-06-04,177,3094,3271
69,2021-06-05,78,2622,2700
69,2021-06-06,121,2673,2794
69,2021-06-07,190,2850,3040
69,2021-06-08,209,3056,3265
69,2021-06-09,208,2949,3157
69,2021-06-10,241,3143,3384
69,2021-06-11,203,3395,3598
69,2021-06-12,88,2655,2743
69,2021-06-13,49,2885,2934
69,2021-06-14,230,2842,3072
69,2021-06-15,242,2988,3230
69,2021-06-16,232,3003,3235
69,2021-06-17,249,3004,3253
69,2021-06-18,242,3204,3446
69,2021-06-19,91,2779,2870
69,2021-06-20,38,2446,2484
69,2021-06-21,299,2935,3234
69,2021-06-22,272,2897,3169
69,2021-06-23,90,1963,2053
69,2021-06-24,274,2727,3001
69,2021-06-25,232,3103,3335
69,2021-06-26,70,2754,2824
69,2021-06-27,63,2449,2512
69,2021-06-28,232,2860,3092
69,2021-06-29,180,2688,2868
69,2021-06-30,190,2982,3172
69,2021-07-01,173,3206,3379
69,2021-07-02,198,3272,3470
69,2021-07-03,126,2790,2916
69,2021-07-04,37,2369,2406
69,2021-07-05,195,2835,3030
69,2021-07-06,226,2897,3123
69,2021-07-07,250,2988,3238
69,2021-07-08,216,3046,3262
69,2021-07-09,231,3203,3434
69,2021-07-10,71,2704,2775
69,2021-07-11,31,2573,2604
69,2021-07-12,247,2878,3125
69,2021-07-13,194,2713,2907
69,2021-07-14,228,2340,2568
69,2021-07-15,97,2429,2526
69,2021-07-16,195,2919,3114
69,2021-07-17,208,2193,2401
69,2021-07-18,33,2353,2386
69,2021-07-19,197,2875,3072
69,2021-07-20,193,2904,3097
69,2021-07-21,243,2953,3196
69,2021-07-22,213,2980,3193
69,2021-07-23,275,3193,3468
69,2021-07-24,67,2166,2233
69,2021-07-25,62,2279,2341
69,2021-07-26,253,2710,2963
69,2021-07-27,274,2610,2884
69,2021-07-28,249,2816,3065
69,2021-07-29,233,2845,3078
69,2021-07-30,124,2942,3066
69,2021-07-31,72,2566,2638
69,2021-08-01,24,2305,2329
69,2021-08-02,90,2320,2410
69,2021-08-03,75,2354,2429
69,2021-08-04,108,2430,2538
69,2021-08-05,93,2340,2433
69,2021-08-06,105,2554,2659
69,2021-08-07,52,2325,2377
69,2021-08-08,40,2075,2115
69,2021-08-09,92,2301,2393
69,2021-08-10,111,2300,2411
69,2021-08-11,116,2525,2641
69,2021-08-12,140,2512,2652
69,2021-08-13,122,2662,2784
69,2021-08-14,53,2631,2684
69,2021-08-15,33,2518,2551
69,2021-08-16,103,2507,2610
69,2021-08-17,122,2372,2494
69,2021-08-18,106,2406,2512
69,2021-08-19,110,2478,2588
69,2021-08-20,98,2713,2811
69,2021-08-21,46,2618,2664
69,2021-08-22,29,2176,2205
69,2021-08-23,139,2664,2803
69,2021-08-24,178,2921,3099
69,2021-08-25,235,2956,3191
69,2021-08-26,205,2981,3186
69,2021-08-27,230,3269,3499
69,2021-08-28,134,2375,2509
69,2021-08-29,28,2120,2148
69,2021-08-30,216,2677,2893
69,2021-08-31,178,2812,2990
69,2021-09-01,285,2962,3247
69,2021-09-02,259,3068,3327
69,2021-09-03,265,3284,3549
69,2021-09-04,175,2775,2950
69,2021-09-05,41,2683,2724
69,2021-09-06,171,2889,3060
69,2021-09-07,238,2954,3192
69,2021-09-08,183,2982,3165
69,2021-09-09,338,2937,3275
69,2021-09-10,247,3041,3288
69,2021-09-11,69,2795,2864
69,2021-09-12,20,2672,2692
69,2021-09-13,208,2907,3115
69,2021-09-14,239,2868,3107
69,2021-09-15,197,2920,3117
69,2021-09-16,224,3072,3296
69,2021-09-17,165,3322,3487
69,2021-09-18,188,2785,2973
69,2021-09-19,37,2653,2690
69,2021-09-20,187,2760,2947
69,2021-09-21,224,2905,3129
69,2021-09-22,221,3055,3276
69,2021-09-23,212,3071,3283
69,2021-09-24,189,3177,3366
69,2021-09-25,71,2722,2793
69,2021-09-26,23,2168,2191
69,2021-09-27,193,2807,3000
69,2021-09-28,247,2895,3142
69,2021-09-29,278,3064,3342
69,2021-09-30,204,3100,3304
69,2021-10-01,238,3443,3681
69,2021-10-02,58,2498,2556
69,2021-10-03,28,2280,2308
69,2021-10-04,221,2829,3050
69,2021-10-05,248,2897,3145
69,2021-10-06,291,2908,3199
69,2021-10-07,330,3008,3338
69,2021-10-08,218,3281,3499
69,2021-10-09,85,2596,2681
69,2021-10-10,29,2521,2550
69,2021-10-11,239,2770,3009
69,2021-10-12,229,2768,2997
69,2021-10-13,233,2838,3071
69,2021-10-14,217,2844,3061
69,2021-10-15,229,3104,3333
69,2021-10-16,66,2413,2479
69,2021-10-17,58,2268,2326
69,2021-10-18,186,2855,3041
69,2021-10-19,232,2818,3050
69,2021-10-20,160,2869,3029
69,2021-10-21,221,2735,2956
69,2021-10-22,204,3064,3268
69,2021-10-23,152,2279,2431
69,2021-10-24,27,2253,2280
69,2021-10-25,253,2767,3020
69,2021-10-26,184,2976,3160
69,2021-10-27,227,3029,3256
69,2021-10-28,258,3099,3357
69,2021-10-29,214,3225,3439
69,2021-10-30,71,2257,2328
69,2021-11-01,36,1874,1910
69,2021-11-02,196,2820,3016
69,2021-11-03,222,2742,2964
69,2021-11-04,205,2904,3109
69,2021-11-05,208,2992,3200
69,2021-11-06,63,2238,2301
69,2021-11-07,20,2085,2105
69,2021-11-08,225,2785,3010
69,2021-11-09,209,2850,3059
69,2021-11-10,270,2863,3133
69,2021-11-11,283,2806,3089
69,2021-11-12,207,2818,3025
69,2021-11-13,84,2050,2134
69,2021-11-14,36,2071,2107
69,2021-11-15,189,2714,2903
69,2021-11-16,229,2731,2960
69,2021-11-17,174,2899,3073
69,2021-11-18,223,2795,3018
69,2021-11-19,199,2926,3125
69,2021-11-20,59,2084,2143
69,2021-11-21,22,1954,1976
69,2021-11-22,156,2613,2769
69,2021-11-23,225,2785,3010
69,2021-11-24,226,2836,3062
69,2021-11-25,218,2762,2980
69,2021-11-26,192,2930,3122
69,2021-11-27,50,1943,1993
69,2021-11-28,36,1694,1730
69,2021-11-29,165,2571,2736
69,2021-11-30,158,2653,2811
69,2021-12-01,188,2783,2971
69,2021-12-02,163,2706,2869
69,2021-12-03,162,2982,3144
69,2021-12-04,82,2102,2184
69,2021-12-05,27,1803,1830
69,2021-12-06,198,2677,2875
69,2021-12-07,175,2782,2957
69,2021-12-08,162,2784,2946
69,2021-12-09,185,2700,2885
69,2021-12-10,147,2603,2750
69,2021-12-11,57,2080,2137
69,2021-12-12,31,1810,1841
69,2021-12-13,191,2593,2784
69,2021-12-14,180,2803,2983
69,2021-12-15,197,2848,3045
69,2021-12-16,225,2893,3118
69,2021-12-17,190,2926,3116
69,2021-12-18,66,2075,2141
69,2021-12-19,28,1799,1827
69,2021-12-20,119,2424,2543
69,2021-12-21,134,2519,2653
69,2021-12-22,101,2436,2537
69,2021-12-23,84,2302,2386
69,2021-12-24,31,1777,1808
69,2021-12-25,11,1003,1014
69,2021-12-26,27,1329,1356
69,2021-12-27,60,1892,1952
69,2021-12-28,73,2014,2087
69,2021-12-29,57,2124,2181
69,2021-12-30,64,2342,2406
69,2021-12-31,33,1899,1932
100,2021-01-01,6,186,192
100,2021-01-02,2,298,300
100,2021-01-03,2,257,259
100,2021-01-04,12,285,297
100,2021-01-05,12,273,285
100,2021-01-06,10,290,300
100,2021-01-07,9,274,283
100,2021-01-08,9,344,353
100,2021-01-09,10,316,326
100,2021-01-10,3,259,262
100,2021-01-11,29,366,395
100,2021-01-12,6,333,339
100,2021-01-13,16,345,361
100,2021-01-14,7,288,295
100,2021-01-15,15,365,380
100,2021-01-16,6,304,310
100,2021-01-17,7,242,249
100,2021-01-18,15,293,308
100,2021-01-19,12,330,342
100,2021-01-20,3,402,405
100,2021-01-21,4,330,334
100,2021-01-22,16,356,372
100,2021-01-23,7,311,318
100,2021-01-24,5,266,271
100,2021-01-25,10,330,340
100,2021-01-26,11,328,339
100,2021-01-27,13,320,333
100,2021-01-28,14,348,362
100,2021-01-29,14,394,408
100,2021-01-30,9,298,307
100,2021-02-02,24,393,417
100,2021-02-03,10,425,435
100,2021-02-04,10,385,395
100,2021-02-05,9,381,390
100,2021-02-06,7,379,386
100,2021-02-07,4,308,312
100,2021-02-08,16,317,333
100,2021-02-09,14,342,356
100,2021-02-10,11,355,366
100,2021-02-11,7,366,373
100,2021-02-12,17,399,416
100,2021-02-13,5,350,355
100,2021-02-14,2,328,330
100,2021-02-15,31,238,269
100,2021-02-16,11,213,224
100,2021-02-17,19,205,224
100,2021-02-18,14,207,221
100,2021-02-19,8,218,226
100,2021-02-20,12,358,370
100,2021-02-21,3,549,552
100,2021-02-22,12,318,330
100,2021-02-23,13,395,408
100,2021-02-24,7,477,484
100,2021-02-25,12,397,409
100,2021-02-26,12,384,396
100,2021-02-27,11,409,420
100,2021-03-02,23,432,455
100,2021-03-03,6,451,457
100,2021-03-04,17,415,432
100,2021-03-05,10,446,456
100,2021-03-06,10,408,418
100,2021-03-07,2,417,419
100,2021-03-08,22,379,401
100,2021-03-09,15,379,394
100,2021-03-10,19,426,445
100,2021-03-11,10,407,417
100,2021-03-12,39,458,497
100,2021-03-13,4,354,358
100,2021-03-14,7,306,313
100,2021-03-15,4,377,381
100,2021-03-16,15,413,428
100,2021-03-17,17,395,412
100,2021-03-18,15,398,413
100,2021-03-19,18,392,410
100,2021-03-20,13,439,452
100,2021-03-21,1,329,330
100,2021-03-22,17,380,397
100,2021-03-23,22,430,452
100,2021-03-24,12,447,459
100,2021-03-25,16,423,439
100,2021-03-26,10,458,468
100,2021-03-27,3,381,384
100,2021-03-29,12,455,467
100,2021-03-30,22,542,564
100,2021-04-01,20,556,576
100,2021-04-02,14,537,551
100,2021-04-03,9,522,531
100,2021-04-04,4,528,532
100,2021-04-05,6,340,346
100,2021-04-06,17,367,384
100,2021-04-07,15,406,421
100,2021-04-08,11,452,463
100,2021-04-09,28,489,517
100,2021-04-10,8,320,328
100,2021-04-11,4,281,285
100,2021-04-12,11,425,436
100,2021-04-13,29,468,497
100,2021-04-14,7,470,477
100,2021-04-15,15,465,480
100,2021-04-16,15,494,509
100,2021-04-17,13,489,502
100,2021-04-18,4,419,423
100,2021-04-19,20,647,667
100,2021-04-20,25,726,751
100,2021-04-21,30,690,720
100,2021-04-22,38,683,721
100,2021-04-23,35,811,846
100,2021-04-24,12,705,717
100,2021-04-25,6,792,798
100,2021-04-26,30,488,518
100,2021-04-27,19,534,553
100,2021-04-28,13,558,571
100,2021-04-29,19,445,464
100,2021-05-02,8,543,551
100,2021-05-03,39,468,507
100,2021-05-04,37,457,494
100,2021-05-05,36,489,525
100,2021-05-06,24,449,473
100,2021-05-07,23,482,505
100,2021-05-08,5,577,582
100,2021-05-09,15,943,958
100,2021-05-10,23,484,507
100,2021-05-11,32,463,495
100,2021-05-12,30,641,671
100,2021-05-13,16,735,751
100,2021-05-14,22,820,842
100,2021-05-15,22,526,548
100,2021-05-16,6,450,456
100,2021-05-17,32,410,442
100,2021-05-18,14,470,484
100,2021-05-19,20,458,478
100,2021-05-20,12,576,588
100,2021-05-21,34,668,702
100,2021-05-22,10,520,530
100,2021-05-23,10,781,791
100,2021-05-24,6,460,466
100,2021-05-25,28,603,631
100,2021-05-26,24,468,492
100,2021-05-27,19,509,528
100,2021-05-28,15,645,660
100,2021-05-29,27,859,886
100,2021-05-30,20,905,925
100,2021-05-31,35,600,635
100,2021-06-01,24,752,776
100,2021-06-02,26,625,651
100,2021-06-03,26,609,635
100,2021-06-04,14,736,750
100,2021-06-05,9,698,707
100,2021-06-06,12,636,648
100,2021-06-07,48,512,560
100,2021-06-08,64,599,663
100,2021-06-09,35,677,712
100,2021-06-10,15,633,648
100,2021-06-11,17,660,677
100,2021-06-12,23,692,715
100,2021-06-13,5,886,891
100,2021-06-14,26,637,663
100,2021-06-15,28,663,691
100,2021-06-16,31,673,704
100,2021-06-17,18,628,646
100,2021-06-18,19,632,651
100,2021-06-19,20,852,872
100,2021-06-20,7,697,704
100,2021-06-21,12,533,545
100,2021-06-22,23,468,491
100,2021-06-23,4,592,596
100,2021-06-24,10,504,514
100,2021-06-25,28,648,676
100,2021-06-26,16,780,796
100,2021-06-27,10,626,636
100,2021-06-28,22,551,573
100,2021-06-29,20,518,538
100,2021-06-30,11,497,508
100,2021-07-02,33,645,678
100,2021-07-03,12,931,943
100,2021-07-04,4,476,480
100,2021-07-05,33,508,541
100,2021-07-06,22,550,572
100,2021-07-07,11,634,645
100,2021-07-08,20,531,551
100,2021-07-09,13,660,673
100,2021-07-10,16,762,778
100,2021-07-11,3,720,723
100,2021-07-12,16,509,525
100,2021-07-13,14,482,496
100,2021-07-14,16,470,486
100,2021-07-15,20,691,711
100,2021-07-16,11,471,482
100,2021-07-17,10,471,481
100,2021-07-18,41,541,582
100,2021-07-19,13,560,573
100,2021-07-20,10,595,605
100,2021-07-21,20,609,629
100,2021-07-22,62,605,667
100,2021-07-23,20,708,728
100,2021-07-24,16,506,522
100,2021-07-25,0,466,466
100,2021-07-26,10,523,533
100,2021-07-27,16,494,510
100,2021-07-28,22,549,571
100,2021-07-29,9,615,624
100,2021-07-30,17,616,633
100,2021-07-31,13,624,637
100,2021-08-01,13,530,543
100,2021-08-02,12,452,464
100,2021-08-03,8,468,476
100,2021-08-04,8,526,534
100,2021-08-05,11,593,604
100,2021-08-06,8,558,566
100,2021-08-07,10,540,550
100,2021-08-08,3,487,490
100,2021-08-09,7,596,603
100,2021-08-10,11,542,553
100,2021-08-11,13,648,661
100,2021-08-12,21,715,736
100,2021-08-13,35,669,704
100,2021-08-14,36,817,853
100,2021-08-15,18,758,776
100,2021-08-16,30,497,527
100,2021-08-17,53,534,587
100,2021-08-18,23,519,542
100,2021-08-19,13,548,561
100,2021-08-20,7,649,656
100,2021-08-21,15,778,793
100,2021-08-22,2,460,462
100,2021-08-23,10,433,443
100,2021-08-24,5,569,574
100,2021-08-25,23,624,647
100,2021-08-26,16,537,553
100,2021-08-27,23,545,568
100,2021-08-28,15,535,550
100,2021-08-29,4,400,404
100,2021-08-30,16,473,489
100,2021-08-31,14,564,578
100,2021-09-02,25,560,585
100,2021-09-03,9,703,712
100,2021-09-04,14,748,762
100,2021-09-05,4,720,724
100,2021-09-07,21,595,616
100,2021-09-08,26,618,644
100,2021-09-09,12,498,510
100,2021-09-10,10,518,528
100,2021-09-11,8,667,675
100,2021-09-12,3,687,690
100,2021-09-13,5,506,511
100,2021-09-14,18,498,516
100,2021-09-15,12,526,538
100,2021-09-16,7,578,585
100,2021-09-17,11,590,601
100,2021-09-18,19,756,775
100,2021-09-19,3,598,601
100,2021-09-20,17,494,511
100,2021-09-21,10,558,568
100,2021-09-22,15,519,534
100,2021-09-23,20,551,571
100,2021-09-24,13,597,610
100,2021-09-25,8,757,765
100,2021-09-26,6,505,511
100,2021-09-27,32,439,471
100,2021-09-28,39,503,542
100,2021-09-29,43,470,513
100,2021-09-30,33,464,497
100,2021-10-01,26,536,562
100,2021-10-02,11,459,470
100,2021-10-03,2,418,420
100,2021-10-04,58,463,521
100,2021-10-05,33,444,477
100,2021-10-06,29,412,441
100,2021-10-07,17,435,452
100,2021-10-08,15,522,537
100,2021-10-09,9,522,531
100,2021-10-10,3,630,633
100,2021-10-11,22,463,485
100,2021-10-12,18,422,440
100,2021-10-13,16,420,436
100,2021-10-14,66,466,532
100,2021-10-15,21,507,528
100,2021-10-16,14,521,535
100,2021-10-17,8,486,494
100,2021-10-18,14,440,454
100,2021-10-19,7,422,429
100,2021-10-20,16,471,487
100,2021-10-21,18,408,426
100,2021-10-22,16,508,524
100,2021-10-23,11,490,501
100,2021-10-24,3,499,502
100,2021-10-25,25,400,425
100,2021-10-26,21,457,478
100,2021-10-27,26,390,416
100,2021-10-28,26,427,453
100,2021-10-29,12,534,546
100,2021-10-30,7,335,342
100,2021-11-02,17,410,427
100,2021-11-03,23,390,413
100,2021-11-04,19,418,437
100,2021-11-05,34,681,715
100,2021-11-06,12,508,520
100,2021-11-07,4,302,306
100,2021-11-08,41,420,461
100,2021-11-09,27,426,453
100,2021-11-10,31,433,464
100,2021-11-11,43,478,521
100,2021-11-12,34,471,505
100,2021-11-13,21,429,450
100,2021-11-14,0,297,297
100,2021-11-15,26,387,413
100,2021-11-16,16,420,436
100,2021-11-17,31,410,441
100,2021-11-18,22,386,408
100,2021-11-19,16,450,466
100,2021-11-20,2,409,411
100,2021-11-21,2,247,249
100,2021-11-22,22,377,399
100,2021-11-23,18,384,402
100,2021-11-24,14,396,410
100,2021-11-25,19,381,400
100,2021-11-26,26,445,471
100,2021-11-27,8,300,308
100,2021-11-28,0,279,279
100,2021-11-29,16,331,347
100,2021-12-02,16,385,401
100,2021-12-03,19,446,465
100,2021-12-04,6,336,342
100,2021-12-05,3,292,295
100,2021-12-06,17,399,416
100,2021-12-07,19,391,410
100,2021-12-08,17,385,402
100,2021-12-09,12,343,355
100,2021-12-10,13,413,426
100,2021-12-11,5,323,328
100,2021-12-12,0,261,261
100,2021-12-13,14,357,371
100,2021-12-14,11,383,394
100,2021-12-15,20,399,419
100,2021-12-16,17,368,385
100,2021-12-17,15,414,429
100,2021-12-18,4,361,365
100,2021-12-19,5,276,281
100,2021-12-20,10,335,345
100,2021-12-21,10,359,369
100,2021-12-22,9,362,371
100,2021-12-23,5,279,284
100,2021-12-24,3,276,279
100,2021-12-25,4,224,228
100,2021-12-26,1,289,290
100,2021-12-27,20,326,346
100,2021-12-28,4,366,370
100,2021-12-29,6,333,339
100,2021-12-30,5,313,318
200,2021-01-02,40,2129,2169
200,2021-01-03,16,1656,1672
200,2021-01-04,182,3201,3383
200,2021-01-05,158,3393,3551
200,2021-01-06,153,3467,3620
200,2021-01-07,197,3637,3834
200,2021-01-08,224,3805,4029
200,2021-01-09,87,2607,2694
200,2021-01-10,31,1957,1988
200,2021-01-11,362,4708,5070
200,2021-01-12,325,4731,5056
200,2021-01-13,341,4656,4997
200,2021-01-14,332,4797,5129
200,2021-01-15,289,4591,4880
200,2021-01-16,83,2901,2984
200,2021-01-17,10,1729,1739
200,2021-01-18,371,4590,4961
200,2021-01-19,318,4944,5262
200,2021-01-20,315,4947,5262
200,2021-01-21,356,5047,5403
200,2021-01-22,303,5162,5465
200,2021-01-23,54,3357,3411
200,2021-01-24,12,2021,2033
200,2021-01-25,356,4782,5138
200,2021-01-26,362,4760,5122
200,2021-01-27,275,4480,4755
200,2021-01-28,286,5010,5296
200,2021-01-29,334,5200,5534
200,2021-01-30,75,3081,3156
200,2021-02-01,324,4701,5025
200,2021-02-02,383,5041,5424
200,2021-02-03,341,4801,5142
200,2021-02-04,363,5006,5369
200,2021-02-05,342,5066,5408
200,2021-02-06,64,3268,3332
200,2021-02-07,24,2038,2062
200,2021-02-08,319,4489,4808
200,2021-02-09,373,4532,4905
200,2021-02-10,356,4627,4983
200,2021-02-11,278,4593,4871
200,2021-02-12,376,4766,5142
200,2021-02-13,124,2347,2471
200,2021-02-14,27,1545,1572
200,2021-02-15,322,2948,3270
200,2021-02-16,232,3150,3382
200,2021-02-17,256,2877,3133
200,2021-02-18,234,2959,3193
200,2021-02-19,317,3145,3462
200,2021-02-20,73,2944,3017
200,2021-02-21,11,2647,2658
200,2021-02-22,513,4343,4856
200,2021-02-23,391,4846,5237
200,2021-02-24,348,4896,5244
200,2021-02-25,367,5101,5468
200,2021-02-26,360,5024,5384
200,2021-02-27,73,3590,3663
200,2021-02-28,64,2654,2718
200,2021-03-01,463,4870,5333
200,2021-03-02,397,5124,5521
200,2021-03-03,378,5098,5476
200,2021-03-04,422,5066,5488
200,2021-03-05,409,5184,5593
200,2021-03-06,131,3609,3740
200,2021-03-07,52,2545,2597
200,2021-03-08,419,4958,5377
200,2021-03-09,513,4930,5443
200,2021-03-10,520,4883,5403
200,2021-03-11,417,5089,5506
200,2021-03-12,407,5215,5622
200,2021-03-13,65,3377,3442
200,2021-03-14,25,2070,2095
200,2021-03-15,356,4792,5148
200,2021-03-16,395,5072,5467
200,2021-03-17,415,4865,5280
200,2021-03-18,356,4974,5330
200,2021-03-19,380,5119,5499
200,2021-03-20,149,3624,3773
200,2021-03-21,22,2288,2310
200,2021-03-22,497,4548,5045
200,2021-03-23,428,5102,5530
200,2021-03-24,421,5241,5662
200,2021-03-25,397,5165,5562
200,2021-03-26,465,5486,5951
200,2021-03-27,152,3627,3779
200,2021-03-29,445,5030,5475
200,2021-03-30,378,5473,5851
200,2021-03-31,356,5168,5524
200,2021-04-01,463,5439,5902
200,2021-04-02,468,5449,5917
200,2021-04-03,127,3619,3746
200,2021-04-04,48,2509,2557
200,2021-04-05,57,1960,2017
200,2021-04-06,423,4793,5216
200,2021-04-07,430,4616,5046
200,2021-04-08,450,4913,5363
200,2021-04-09,485,5986,6471
200,2021-04-10,119,2964,3083
200,2021-04-11,13,1812,1825
200,2021-04-12,393,4620,5013
200,2021-04-13,365,4777,5142
200,2021-04-14,353,4944,5297
200,2021-04-15,439,5370,5809
200,2021-04-16,314,5129,5443
200,2021-04-17,106,3677,3783
200,2021-04-18,18,2274,2292
200,2021-04-19,439,4815,5254
200,2021-04-20,432,5234,5666
200,2021-04-21,410,5132,5542
200,2021-04-22,425,5396,5821
200,2021-04-23,347,5579,5926
200,2021-04-24,167,4220,4387
200,2021-04-25,23,2755,2778
200,2021-04-26,397,5311,5708
200,2021-04-27,405,5595,6000
200,2021-04-28,429,5431,5860
200,2021-04-29,463,5618,6081
200,2021-04-30,430,5654,6084
200,2021-05-01,44,2642,2686
200,2021-05-02,22,2555,2577
200,2021-05-03,416,5309,5725
200,2021-05-04,488,5580,6068
200,2021-05-05,354,5298,5652
200,2021-05-06,405,5502,5907
200,2021-05-07,430,5491,5921
200,2021-05-08,198,3960,4158
200,2021-05-09,29,3095,3124
200,2021-05-10,404,5018,5422
200,2021-05-11,428,5533,5961
200,2021-05-12,394,5625,6019
200,2021-05-13,45,2485,2530
200,2021-05-14,289,5052,5341
200,2021-05-15,196,3626,3822
200,2021-05-16,38,2406,2444
200,2021-05-17,450,5302,5752
200,2021-05-18,511,5414,5925
200,2021-05-19,388,5380,5768
200,2021-05-20,479,5428,5907
200,2021-05-21,443,5673,6116
200,2021-05-22,184,4611,4795
200,2021-05-23,36,2821,2857
200,2021-05-24,33,2085,2118
200,2021-05-25,338,4739,5077
200,2021-05-26,296,4481,4777
200,2021-05-27,349,4525,4874
200,2021-05-28,355,5071,5426
200,2021-05-29,210,3767,3977
200,2021-05-30,51,3111,3162
200,2021-05-31,540,5282,5822
200,2021-06-01,447,6008,6455
200,2021-06-02,417,5770,6187
200,2021-06-03,446,5564,6010
200,2021-06-04,376,5258,5634
200,2021-06-05,249,4199,4448
200,2021-06-06,42,2707,2749
200,2021-06-07,502,5335,5837
200,2021-06-08,486,5667,6153
200,2021-06-09,486,5806,6292
200,2021-06-10,445,5784,6229
200,2021-06-11,505,5931,6436
200,2021-06-12,238,4212,4450
200,2021-06-13,45,3367,3412
200,2021-06-14,472,5502,5974
200,2021-06-15,512,5593,6105
200,2021-06-16,485,5562,6047
200,2021-06-17,562,5864,6426
200,2021-06-18,421,5688,6109
200,2021-06-19,141,4111,4252
200,2021-06-20,34,2804,2838
200,2021-06-21,467,5141,5608
200,2021-06-22,495,5641,6136
200,2021-06-23,38,2614,2652
200,2021-06-24,479,5284,5763
200,2021-06-25,482,5609,6091
200,2021-06-26,115,4327,4442
200,2021-06-27,36,2947,2983
200,2021-06-28,423,5319,5742
200,2021-06-29,434,5605,6039
200,2021-06-30,491,5577,6068
200,2021-07-01,435,5807,6242
200,2021-07-02,399,5956,6355
200,2021-07-03,111,3931,4042
200,2021-07-04,33,2660,2693
200,2021-07-05,456,5517,5973
200,2021-07-07,433,5700,6133
200,2021-07-08,424,5902,6326
200,2021-07-09,468,6113,6581
200,2021-07-10,130,4081,4211
200,2021-07-11,23,3027,3050
200,2021-07-12,377,5229,5606
200,2021-07-13,466,5986,6452
200,2021-07-14,402,6120,6522
200,2021-07-15,362,6299,6661
200,2021-07-16,321,5722,6043
200,2021-07-17,117,3659,3776
200,2021-07-18,34,2908,2942
200,2021-07-19,379,5139,5518
200,2021-07-20,404,4947,5351
200,2021-07-21,380,5307,5687
200,2021-07-22,467,5275,5742
200,2021-07-23,568,5547,6115
200,2021-07-24,121,3380,3501
200,2021-07-25,50,2788,2838
200,2021-07-26,484,4973,5457
200,2021-07-27,408,5467,5875
200,2021-07-28,375,5320,5695
200,2021-07-29,389,5626,6015
200,2021-07-30,277,5368,5645
200,2021-07-31,159,3269,3428
200,2021-08-01,102,2652,2754
200,2021-08-02,232,4215,4447
200,2021-08-03,203,4379,4582
200,2021-08-04,164,4332,4496
200,2021-08-05,166,4350,4516
200,2021-08-06,173,4345,4518
200,2021-08-07,82,3064,3146
200,2021-08-08,33,2161,2194
200,2021-08-09,186,3661,3847
200,2021-08-10,181,4004,4185
200,2021-08-11,228,4149,4377
200,2021-08-12,264,4348,4612
200,2021-08-13,333,4304,4637
200,2021-08-14,220,3202,3422
200,2021-08-15,139,2518,2657
200,2021-08-16,230,3799,4029
200,2021-08-17,224,3941,4165
200,2021-08-18,153,3903,4056
200,2021-08-19,166,3914,4080
200,2021-08-20,180,4155,4335
200,2021-08-21,141,3029,3170
200,2021-08-22,36,2138,2174
200,2021-08-23,242,3868,4110
200,2021-08-24,272,4077,4349
200,2021-08-25,293,4263,4556
200,2021-08-26,293,3967,4260
200,2021-08-27,293,4343,4636
200,2021-08-28,96,2897,2993
200,2021-08-29,39,2420,2459
200,2021-08-30,347,4510,4857
200,2021-08-31,359,4582,4941
200,2021-09-01,403,4560,4963
200,2021-09-02,447,4752,5199
200,2021-09-03,401,5083,5484
200,2021-09-04,245,3848,4093
200,2021-09-05,37,2880,2917
200,2021-09-06,250,3326,3576
200,2021-09-07,213,3075,3288
200,2021-09-08,217,3364,3581
200,2021-09-09,278,4493,4771
200,2021-09-10,333,4708,5041
200,2021-09-11,107,3909,4016
200,2021-09-12,25,3108,3133
200,2021-09-13,354,4885,5239
200,2021-09-14,359,5231,5590
200,2021-09-15,378,5122,5500
200,2021-09-16,444,5728,6172
200,2021-09-17,481,5218,5699
200,2021-09-18,208,5916,6124
200,2021-09-19,40,3542,3582
200,2021-09-20,549,5192,5741
200,2021-09-21,429,5409,5838
200,2021-09-22,495,5495,5990
200,2021-09-23,531,5973,6504
200,2021-09-24,474,5710,6184
200,2021-09-25,243,5779,6022
200,2021-09-26,48,2929,2977
200,2021-09-27,466,5511,5977
200,2021-09-28,418,5461,5879
200,2021-09-29,508,5512,6020
200,2021-09-30,474,5800,6274
200,2021-10-01,633,5723,6356
200,2021-10-02,117,3751,3868
200,2021-10-03,24,2587,2611
200,2021-10-04,460,5129,5589
200,2021-10-05,524,5751,6275
200,2021-10-06,433,5508,5941
200,2021-10-07,424,5803,6227
200,2021-10-08,414,5663,6077
200,2021-10-09,170,1149,1319
200,2021-10-10,85,803,888
200,2021-10-11,501,4932,5433
200,2021-10-12,582,5500,6082
200,2021-10-13,487,5304,5791
200,2021-10-14,450,5628,6078
200,2021-10-15,399,5747,6146
200,2021-10-16,125,3847,3972
200,2021-10-17,50,2551,2601
200,2021-10-18,426,5260,5686
200,2021-10-19,477,5867,6344
200,2021-10-20,446,5265,5711
200,2021-10-21,598,6774,7372
200,2021-10-22,386,5804,6190
200,2021-10-23,118,3789,3907
200,2021-10-24,35,2807,2842
200,2021-10-25,386,5239,5625
200,2021-10-26,374,5453,5827
200,2021-10-27,375,5379,5754
200,2021-10-28,465,5622,6087
200,2021-10-29,357,5763,6120
200,2021-10-30,97,3591,3688
200,2021-11-01,26,2398,2424
200,2021-11-02,296,4128,4424
200,2021-11-03,274,3620,3894
200,2021-11-04,255,3281,3536
200,2021-11-05,309,3363,3672
200,2021-11-06,112,3072,3184
200,2021-11-07,19,2038,2057
200,2021-11-08,453,4797,5250
200,2021-11-09,561,5503,6064
200,2021-11-10,399,5347,5746
200,2021-11-11,433,5663,6096
200,2021-11-12,388,5672,6060
200,2021-11-13,126,3541,3667
200,2021-11-14,28,2338,2366
200,2021-11-15,455,5277,5732
200,2021-11-16,508,5635,6143
200,2021-11-17,461,5369,5830
200,2021-11-18,463,5768,6231
200,2021-11-19,426,5613,6039
200,2021-11-20,111,3555,3666
200,2021-11-21,22,2304,2326
200,2021-11-22,452,4934,5386
200,2021-11-23,403,5380,5783
200,2021-11-24,436,5392,5828
200,2021-11-25,436,5684,6120
200,2021-11-26,351,5857,6208
200,2021-11-27,112,3455,3567
200,2021-11-28,25,2308,2333
200,2021-11-29,555,6270,6825
200,2021-11-30,474,6944,7418
200,2021-12-01,453,6454,6907
200,2021-12-02,443,6462,6905
200,2021-12-03,440,6346,6786
200,2021-12-04,126,3905,4031
200,2021-12-05,35,2313,2348
200,2021-12-06,525,5922,6447
200,2021-12-07,526,6154,6680
200,2021-12-08,489,6043,6532
200,2021-12-09,448,5618,6066
200,2021-12-10,346,5389,5735
200,2021-12-11,62,3398,3460
200,2021-12-12,27,2383,2410
200,2021-12-13,465,5024,5489
200,2021-12-14,529,5308,5837
200,2021-12-15,423,5383,5806
200,2021-12-16,390,5542,5932
200,2021-12-17,327,5490,5817
200,2021-12-18,51,3342,3393
200,2021-12-19,21,2301,2322
200,2021-12-20,169,4187,4356
200,2021-12-21,173,4288,4461
200,2021-12-22,182,4167,4349
200,2021-12-23,161,4001,4162
200,2021-12-24,63,3241,3304
200,2021-12-25,10,2046,2056
200,2021-12-26,3,1846,1849
200,2021-12-27,102,2838,2940
200,2021-12-28,106,3019,3125
200,2021-12-29,68,3105,3173
200,2021-12-30,99,3146,3245
200,2021-12-31,46,2827,2873
201,2021-01-13,774,11849,12623
201,2021-01-14,598,10721,11319
201,2021-01-15,587,11160,11747
201,2021-01-16,242,7777,8019
201,2021-01-17,22,3202,3224
201,2021-01-18,667,11437,12104
201,2021-01-19,626,11726,12352
201,2021-01-20,754,11881,12635
201,2021-01-21,705,12308,13013
201,2021-01-22,579,12495,13074
201,2021-01-23,221,8586,8807
201,2021-01-24,43,3811,3854
201,2021-01-25,671,11697,12368
201,2021-01-26,744,11842,12586
201,2021-01-27,618,11397,12015
201,2021-01-28,561,12285,12846
201,2021-01-29,615,12836,13451
201,2021-01-30,236,8662,8898
201,2021-01-31,51,3854,3905
201,2021-02-01,620,11934,12554
201,2021-02-02,573,12537,13110
201,2021-02-03,663,12059,12722
201,2021-02-04,636,12480,13116
201,2021-02-05,553,12405,12958
201,2021-02-06,251,8518,8769
201,2021-02-07,62,3865,3927
201,2021-02-08,653,10976,11629
201,2021-02-09,666,11367,12033
201,2021-02-10,632,11408,12040
201,2021-02-11,624,11640,12264
201,2021-02-12,648,12228,12876
201,2021-02-13,251,8896,9147
201,2021-02-14,40,4089,4129
201,2021-02-15,662,10813,11475
201,2021-02-16,603,11623,12226
201,2021-02-17,617,11396,12013
201,2021-02-18,603,11546,12149
201,2021-02-19,591,11863,12454
201,2021-02-20,233,8589,8822
201,2021-02-21,38,4576,4614
201,2021-02-22,720,11815,12535
201,2021-02-23,699,12453,13152
201,2021-02-24,715,12327,13042
201,2021-02-25,740,12627,13367
201,2021-02-26,741,13193,13934
201,2021-02-27,274,9373,9647
201,2021-02-28,82,4690,4772
201,2021-03-01,786,12085,12871
201,2021-03-02,754,12266,13020
201,2021-03-03,627,12166,12793
201,2021-03-04,728,12180,12908
201,2021-03-05,795,12542,13337
201,2021-03-06,320,8972,9292
201,2021-03-07,74,4326,4400
201,2021-03-08,764,11941,12705
201,2021-03-09,673,12311,12984
201,2021-03-10,664,12158,12822
201,2021-03-11,677,12279,12956
201,2021-03-12,748,12670,13418
201,2021-03-13,268,8569,8837
201,2021-03-14,82,4073,4155
201,2021-03-15,794,12004,12798
201,2021-03-16,731,12005,12736
201,2021-03-17,633,11820,12453
201,2021-03-18,721,12089,12810
201,2021-03-19,716,12556,13272
201,2021-03-20,296,8914,9210
201,2021-03-21,62,4161,4223
201,2021-03-22,691,11661,12352
201,2021-03-23,692,12104,12796
201,2021-03-24,772,12099,12871
201,2021-03-25,701,12125,12826
201,2021-03-26,758,12820,13578
201,2021-03-27,268,9074,9342
201,2021-03-29,727,12245,12972
201,2021-03-30,708,12587,13295
201,2021-03-31,707,12442,13149
201,2021-04-01,634,13109,13743
201,2021-04-02,755,13014,13769
201,2021-04-03,280,8887,9167
201,2021-04-04,45,4174,4219
201,2021-04-05,56,3451,3507
201,2021-04-06,729,11456,12185
201,2021-04-07,747,11343,12090
201,2021-04-08,711,11968,12679
201,2021-04-09,565,9156,9721
201,2021-04-10,319,8428,8747
201,2021-04-11,46,3652,3698
201,2021-04-12,707,11412,12119
201,2021-04-13,688,11469,12157
201,2021-04-14,719,11590,12309
201,2021-04-15,704,12397,13101
201,2021-04-16,663,12213,12876
201,2021-04-17,371,8807,9178
201,2021-04-18,59,4242,4301
201,2021-04-19,614,11993,12607
201,2021-04-20,630,12393,13023
201,2021-04-21,663,12404,13067
201,2021-04-22,689,12538,13227
201,2021-04-23,726,13161,13887
201,2021-04-24,356,9409,9765
201,2021-04-25,56,4988,5044
201,2021-04-26,803,12504,13307
201,2021-04-27,796,12514,13310
201,2021-04-28,789,12663,13452
201,2021-04-29,821,12963,13784
201,2021-04-30,755,13703,14458
201,2021-06-01,916,12866,13782
201,2021-06-02,926,12746,13672
201,2021-06-03,909,12941,13850
201,2021-06-04,762,12692,13454
201,2021-06-05,458,9958,10416
201,2021-06-06,81,5155,5236
201,2021-06-07,824,12630,13454
201,2021-06-08,884,13074,13958
201,2021-06-09,967,14063,15030
201,2021-06-10,869,13223,14092
201,2021-06-11,866,13703,14569
201,2021-06-12,368,9914,10282
201,2021-06-13,105,5713,5818
201,2021-06-14,824,12668,13492
201,2021-06-15,809,13222,14031
201,2021-06-16,779,12946,13725
201,2021-06-17,834,13365,14199
201,2021-06-18,755,13230,13985
201,2021-06-19,338,9525,9863
201,2021-06-20,100,5065,5165
201,2021-06-21,780,12416,13196
201,2021-06-22,752,12962,13714
201,2021-06-23,101,4745,4846
201,2021-06-24,773,12833,13606
201,2021-06-25,855,13060,13915
201,2021-06-26,378,9429,9807
201,2021-06-27,83,5763,5846
201,2021-06-28,759,12577,13336
201,2021-06-29,812,13041,13853
201,2021-06-30,809,13130,13939
201,2021-07-01,803,13272,14075
201,2021-07-02,758,13725,14483
201,2021-07-03,317,9257,9574
201,2021-07-04,105,5131,5236
201,2021-07-05,742,12619,13361
201,2021-07-06,732,13087,13819
201,2021-07-07,835,12871,13706
201,2021-07-08,808,13203,14011
201,2021-07-09,845,13422,14267
201,2021-07-10,350,9442,9792
201,2021-07-11,83,5013,5096
201,2021-07-12,707,12403,13110
201,2021-07-13,618,12506,13124
201,2021-07-14,640,12555,13195
201,2021-07-15,635,12870,13505
201,2021-07-16,665,12908,13573
201,2021-07-17,358,8582,8940
201,2021-07-18,90,5098,5188
201,2021-07-19,752,11368,12120
201,2021-07-20,725,11718,12443
201,2021-07-21,677,12056,12733
201,2021-07-22,725,11954,12679
201,2021-07-23,767,12000,12767
201,2021-07-24,333,8084,8417
201,2021-07-25,134,4579,4713
201,2021-07-26,684,11063,11747
201,2021-07-27,641,11264,11905
201,2021-07-28,652,11647,12299
201,2021-07-29,685,11494,12179
201,2021-07-30,583,10898,11481
201,2021-07-31,344,7694,8038
201,2021-08-01,132,4334,4466
201,2021-08-02,497,9700,10197
201,2021-08-03,524,9795,10319
201,2021-08-04,558,9683,10241
201,2021-08-05,592,9589,10181
201,2021-08-06,604,9721,10325
201,2021-08-07,306,6787,7093
201,2021-08-08,87,3823,3910
201,2021-08-09,506,8714,9220
201,2021-08-10,534,8846,9380
201,2021-08-11,534,8970,9504
201,2021-08-12,475,9131,9606
201,2021-08-13,543,9190,9733
201,2021-08-14,289,6721,7010
201,2021-08-15,127,3971,4098
201,2021-08-16,534,8554,9088
201,2021-08-17,521,8830,9351
201,2021-08-18,492,9047,9539
201,2021-08-19,546,9018,9564
201,2021-08-20,482,9263,9745
201,2021-08-21,371,6811,7182
201,2021-08-22,106,4026,4132
201,2021-08-23,581,10012,10593
201,2021-08-24,604,10254,10858
201,2021-08-25,587,10697,11284
201,2021-08-26,622,10757,11379
201,2021-08-27,657,10804,11461
201,2021-08-28,271,7947,8218
201,2021-08-29,78,6300,6378
201,2021-08-30,681,10918,11599
201,2021-08-31,718,11214,11932
201,2021-09-01,767,11350,12117
201,2021-09-02,703,11600,12303
201,2021-09-03,787,12105,12892
201,2021-09-04,378,10287,10665
201,2021-09-05,112,6752,6864
201,2021-09-06,698,11470,12168
201,2021-09-07,736,11906,12642
201,2021-09-08,751,11833,12584
201,2021-09-09,693,11738,12431
201,2021-09-10,701,11980,12681
201,2021-09-11,303,8083,8386
201,2021-09-12,85,5194,5279
201,2021-09-13,707,11505,12212
201,2021-09-14,758,12266,13024
201,2021-09-15,696,12296,12992
201,2021-09-16,902,13329,14231
201,2021-09-17,865,12902,13767
201,2021-09-18,403,11498,11901
201,2021-09-19,101,5603,5704
201,2021-09-20,778,12314,13092
201,2021-09-21,814,12783,13597
201,2021-09-22,775,12486,13261
201,2021-09-23,849,12752,13601
201,2021-09-24,769,13062,13831
201,2021-09-25,382,11076,11458
201,2021-09-26,87,5353,5440
201,2021-09-27,714,11778,12492
201,2021-09-28,767,12546,13313
201,2021-09-29,793,12861,13654
201,2021-09-30,777,13113,13890
201,2021-10-01,817,13031,13848
201,2021-10-02,363,9673,10036
201,2021-10-03,71,4953,5024
201,2021-10-04,830,12076,12906
201,2021-10-05,729,12554,13283
201,2021-10-06,745,12622,13367
201,2021-10-07,765,13246,14011
201,2021-10-08,830,13238,14068
201,2021-10-09,490,9911,10401
201,2021-10-10,182,5535,5717
201,2021-10-11,752,12112,12864
201,2021-10-12,730,12373,13103
201,2021-10-13,801,12482,13283
201,2021-10-14,772,13010,13782
201,2021-10-15,730,13351,14081
201,2021-10-16,328,9875,10203
201,2021-10-17,92,5073,5165
201,2021-10-18,773,12280,13053
201,2021-10-19,827,13062,13889
201,2021-10-20,894,12441,13335
201,2021-10-21,806,12676,13482
201,2021-10-22,881,12961,13842
201,2021-10-23,346,9511,9857
201,2021-10-24,96,6465,6561
201,2021-10-25,827,11891,12718
201,2021-10-26,755,12694,13449
201,2021-10-27,837,12364,13201
201,2021-10-28,789,12801,13590
201,2021-10-29,777,13263,14040
201,2021-10-30,294,8612,8906
201,2021-11-01,88,4422,4510
201,2021-11-02,721,11464,12185
201,2021-11-03,800,11779,12579
201,2021-11-04,775,11399,12174
201,2021-11-05,804,11763,12567
201,2021-11-06,403,8490,8893
201,2021-11-07,123,4157,4280
201,2021-11-08,749,11827,12576
201,2021-11-09,886,12400,13286
201,2021-11-10,825,12486,13311
201,2021-11-11,968,12722,13690
201,2021-11-12,885,12691,13576
201,2021-11-13,292,9130,9422
201,2021-11-14,81,4937,5018
201,2021-11-15,751,12055,12806
201,2021-11-16,754,12691,13445
201,2021-11-17,768,12436,13204
201,2021-11-18,825,12920,13745
201,2021-11-19,782,12933,13715
201,2021-11-20,303,9317,9620
201,2021-11-21,78,4916,4994
201,2021-11-22,813,11825,12638
201,2021-11-23,813,12377,13190
201,2021-11-24,802,12170,12972
201,2021-11-25,908,13023,13931
201,2021-11-26,810,12745,13555
201,2021-11-27,281,9043,9324
201,2021-11-28,71,5977,6048
201,2021-11-29,877,12126,13003
201,2021-11-30,849,12035,12884
201,2021-12-01,660,12219,12879
201,2021-12-02,732,12144,12876
201,2021-12-03,753,12378,13131
201,2021-12-04,299,9175,9474
201,2021-12-05,77,5940,6017
201,2021-12-06,733,11452,12185
201,2021-12-07,803,11796,12599
201,2021-12-08,810,11950,12760
201,2021-12-09,722,12239,12961
201,2021-12-10,694,12124,12818
201,2021-12-11,280,8993,9273
201,2021-12-12,111,5844,5955
201,2021-12-13,669,11780,12449
201,2021-12-14,800,12456,13256
201,2021-12-15,712,12458,13170
201,2021-12-16,690,12839,13529
201,2021-12-17,740,12984,13724
201,2021-12-18,297,8902,9199
201,2021-12-19,98,5796,5894
201,2021-12-20,506,10690,11196
201,2021-12-21,536,11349,11885
202,2021-01-01,13,2022,2035
202,2021-01-02,130,3067,3197
202,2021-01-03,15,2958,2973
202,2021-01-04,199,3846,4045
202,2021-01-05,181,4037,4218
202,2021-01-06,208,4025,4233
202,2021-01-07,235,4108,4343
202,2021-01-08,218,4364,4582
202,2021-01-09,144,3809,3953
202,2021-01-10,31,4034,4065
202,2021-01-11,328,5311,5639
202,2021-01-12,340,5562,5902
202,2021-01-13,348,5357,5705
202,2021-01-14,312,4998,5310
202,2021-01-15,329,5366,5695
202,2021-01-16,163,4094,4257
202,2021-01-17,24,3058,3082
202,2021-01-18,317,5260,5577
202,2021-01-19,348,5493,5841
202,2021-01-20,394,5539,5933
202,2021-01-21,424,5591,6015
202,2021-01-22,405,5831,6236
202,2021-01-23,162,3892,4054
202,2021-01-24,25,2472,2497
202,2021-01-25,365,5381,5746
202,2021-01-26,402,5631,6033
202,2021-01-27,398,5440,5838
202,2021-01-28,339,5869,6208
202,2021-01-29,404,6234,6638
202,2021-01-30,150,3954,4104
202,2021-01-31,37,2393,2430
202,2021-02-01,348,5417,5765
202,2021-02-02,386,5777,6163
202,2021-02-03,413,5852,6265
202,2021-02-04,382,5722,6104
202,2021-02-05,401,5766,6167
202,2021-02-06,154,4078,4232
202,2021-02-07,24,2598,2622
202,2021-02-08,402,4922,5324
202,2021-02-09,368,5132,5500
202,2021-02-10,339,5219,5558
202,2021-02-11,386,5391,5777
202,2021-02-12,334,5354,5688
202,2021-02-13,185,4040,4225
202,2021-02-14,23,2763,2786
202,2021-02-15,312,4148,4460
202,2021-02-16,326,4603,4929
202,2021-02-17,320,4558,4878
202,2021-02-18,311,4492,4803
202,2021-02-19,345,5026,5371
202,2021-02-20,153,4223,4376
202,2021-02-21,23,3622,3645
202,2021-02-22,402,5582,5984
202,2021-02-23,405,6039,6444
202,2021-02-24,445,5803,6248
202,2021-02-25,485,6095,6580
202,2021-02-26,461,6158,6619
202,2021-02-27,251,4451,4702
202,2021-02-28,29,3279,3308
202,2021-03-01,401,5675,6076
202,2021-03-02,414,5889,6303
202,2021-03-03,404,5920,6324
202,2021-03-04,394,5859,6253
202,2021-03-05,401,6030,6431
202,2021-03-06,183,4764,4947
202,2021-03-07,39,3448,3487
202,2021-03-08,406,5710,6116
202,2021-03-09,443,5679,6122
202,2021-03-10,397,5888,6285
202,2021-03-11,421,6108,6529
202,2021-03-12,420,6225,6645
202,2021-03-13,186,4465,4651
202,2021-03-14,30,2566,2596
202,2021-03-15,366,5813,6179
202,2021-03-16,349,5837,6186
202,2021-03-17,404,5761,6165
202,2021-03-18,463,5896,6359
202,2021-03-19,456,6024,6480
202,2021-03-20,222,4501,4723
202,2021-03-21,31,3102,3133
202,2021-03-22,428,5721,6149
202,2021-03-23,419,6168,6587
202,2021-03-24,443,6190,6633
202,2021-03-25,437,6161,6598
202,2021-03-26,456,6305,6761
202,2021-03-27,209,4391,4600
202,2021-03-29,426,6166,6592
202,2021-03-30,452,6159,6611
202,2021-03-31,414,6465,6879
202,2021-04-02,413,6352,6765
202,2021-04-03,206,4595,4801
202,2021-04-04,25,3336,3361
202,2021-04-05,30,2470,2500
202,2021-04-06,518,6255,6773
202,2021-04-07,504,6150,6654
202,2021-04-08,553,5842,6395
202,2021-04-09,469,5904,6373
202,2021-04-10,216,3914,4130
202,2021-04-11,26,2368,2394
202,2021-04-12,353,5373,5726
202,2021-04-13,383,5559,5942
202,2021-04-14,388,5810,6198
202,2021-04-15,385,5805,6190
202,2021-04-16,411,5674,6085
202,2021-04-17,199,4446,4645
202,2021-04-18,39,2867,2906
202,2021-04-19,394,5895,6289
202,2021-04-20,402,6051,6453
202,2021-04-21,427,6112,6539
202,2021-04-22,391,6191,6582
202,2021-04-23,467,6364,6831
202,2021-04-24,221,4923,5144
202,2021-04-25,29,3774,3803
202,2021-04-26,374,6188,6562
202,2021-04-27,435,6387,6822
202,2021-04-28,385,6352,6737
202,2021-04-29,408,6388,6796
202,2021-04-30,432,6566,6998
202,2021-05-01,38,3840,3878
202,2021-05-02,35,2972,3007
202,2021-05-03,417,5964,6381
202,2021-05-04,441,6359,6800
202,2021-05-05,447,6146,6593
202,2021-05-06,441,6118,6559
202,2021-05-07,464,6394,6858
202,2021-05-08,186,4604,4790
202,2021-05-09,95,4118,4213
202,2021-05-10,456,5845,6301
202,2021-05-11,457,6123,6580
202,2021-05-12,465,6376,6841
202,2021-05-13,92,3102,3194
202,2021-05-14,394,5691,6085
202,2021-05-15,202,4216,4418
202,2021-05-16,116,2934,3050
202,2021-05-17,486,5950,6436
202,2021-05-18,459,6202,6661
202,2021-05-19,453,6053,6506
202,2021-05-20,503,6186,6689
202,2021-05-21,511,6253,6764
202,2021-05-22,211,4281,4492
202,2021-05-23,67,2931,2998
202,2021-05-24,105,2676,2781
202,2021-05-25,445,5419,5864
202,2021-05-26,422,5425,5847
202,2021-05-27,487,5326,5813
202,2021-05-28,516,5678,6194
202,2021-05-29,208,4337,4545
202,2021-05-30,140,3745,3885
202,2021-05-31,371,5309,5680
202,2021-06-01,369,5395,5764
202,2021-06-02,408,5457,5865
202,2021-06-03,427,6133,6560
202,2021-06-04,482,6273,6755
202,2021-06-05,220,4598,4818
202,2021-06-06,76,3284,3360
202,2021-06-07,443,5961,6404
202,2021-06-08,462,6300,6762
202,2021-06-09,446,6378,6824
202,2021-06-10,430,6505,6935
202,2021-06-11,440,6599,7039
202,2021-06-12,244,5143,5387
202,2021-06-13,106,4331,4437
202,2021-06-14,422,6239,6661
202,2021-06-15,440,6480,6920
202,2021-06-16,444,6458,6902
202,2021-06-17,435,6470,6905
202,2021-06-18,417,6365,6782
202,2021-06-19,268,4794,5062
202,2021-06-20,89,3287,3376
202,2021-06-21,406,6177,6583
202,2021-06-22,404,6260,6664
202,2021-06-23,90,2879,2969
202,2021-06-24,383,6394,6777
202,2021-06-25,453,6131,6584
202,2021-06-26,208,4689,4897
202,2021-06-27,84,3228,3312
202,2021-06-28,412,5932,6344
202,2021-06-29,445,5953,6398
202,2021-06-30,421,6135,6556
202,2021-07-01,440,6346,6786
202,2021-07-02,452,6411,6863
202,2021-07-03,238,4702,4940
202,2021-07-04,72,3092,3164
202,2021-07-05,460,5885,6345
202,2021-07-06,490,6144,6634
202,2021-07-07,474,6252,6726
202,2021-07-08,496,6540,7036
202,2021-07-09,467,6486,6953
202,2021-07-10,239,5005,5244
202,2021-07-11,82,3650,3732
202,2021-07-12,459,5892,6351
202,2021-07-13,459,6243,6702
202,2021-07-14,512,6696,7208
202,2021-07-15,259,3790,4049
202,2021-07-16,444,6236,6680
202,2021-07-17,215,4470,4685
202,2021-07-18,80,3793,3873
202,2021-07-19,448,5965,6413
202,2021-07-20,495,6257,6752
202,2021-07-21,486,6209,6695
202,2021-07-22,423,6315,6738
202,2021-07-23,484,6080,6564
202,2021-07-24,234,3983,4217
202,2021-07-25,96,2935,3031
202,2021-07-26,429,5560,5989
202,2021-07-27,433,5510,5943
202,2021-07-28,338,6018,6356
202,2021-07-29,337,5999,6336
202,2021-07-30,306,5594,5900
202,2021-07-31,224,4362,4586
202,2021-08-01,99,3487,3586
202,2021-08-02,283,5043,5326
202,2021-08-03,361,4922,5283
202,2021-08-04,294,5121,5415
202,2021-08-05,283,5247,5530
202,2021-08-06,282,4997,5279
202,2021-08-07,194,3829,4023
202,2021-08-08,99,2996,3095
202,2021-08-09,279,4532,4811
202,2021-08-10,281,4818,5099
202,2021-08-11,265,4960,5225
202,2021-08-12,276,5106,5382
202,2021-08-13,281,4964,5245
202,2021-08-14,210,3960,4170
202,2021-08-15,132,3328,3460
202,2021-08-16,276,4508,4784
202,2021-08-17,294,4692,4986
202,2021-08-18,285,4774,5059
202,2021-08-19,306,4968,5274
202,2021-08-20,277,4942,5219
202,2021-08-21,199,5828,6027
202,2021-08-22,102,3657,3759
202,2021-09-16,425,5763,6188
202,2021-09-17,509,6780,7289
202,2021-09-18,273,4598,4871
202,2021-09-19,121,3493,3614
202,2021-09-20,614,6328,6942
202,2021-09-21,628,6572,7200
202,2021-09-22,612,6602,7214
202,2021-09-23,537,6796,7333
202,2021-09-24,541,6641,7182
202,2021-09-25,367,5276,5643
202,2021-09-26,126,3298,3424
202,2021-09-27,482,6471,6953
202,2021-09-28,517,6596,7113
202,2021-09-29,482,5987,6469
202,2021-09-30,506,5794,6300
202,2021-10-01,454,5922,6376
202,2021-10-02,374,4632,5006
202,2021-10-03,117,3351,3468
202,2021-10-04,575,6543,7118
202,2021-10-05,515,6565,7080
202,2021-10-06,532,6507,7039
202,2021-10-07,553,6805,7358
202,2021-10-08,548,6753,7301
202,2021-10-09,327,4911,5238
202,2021-10-10,130,3745,3875
202,2021-10-11,700,6154,6854
202,2021-10-12,560,6519,7079
202,2021-10-13,578,6466,7044
202,2021-10-14,597,6808,7405
202,2021-10-15,583,6954,7537
202,2021-10-16,275,5345,5620
202,2021-10-17,136,3490,3626
202,2021-10-18,542,6321,6863
202,2021-10-19,521,6620,7141
202,2021-10-20,553,6543,7096
202,2021-10-21,518,6780,7298
202,2021-10-22,541,6820,7361
202,2021-10-23,267,4880,5147
202,2021-10-24,131,3944,4075
202,2021-10-25,553,6363,6916
202,2021-10-26,487,6654,7141
202,2021-10-27,514,6651,7165
202,2021-10-28,532,6890,7422
202,2021-10-29,502,6833,7335
202,2021-10-30,284,4265,4549
202,2021-11-01,119,2967,3086
202,2021-11-02,476,5617,6093
202,2021-11-03,459,5570,6029
202,2021-11-04,487,5645,6132
202,2021-11-05,467,5756,6223
202,2021-11-06,271,4282,4553
202,2021-11-07,117,2822,2939
202,2021-11-08,515,6282,6797
202,2021-11-09,531,6330,6861
202,2021-11-10,522,6440,6962
202,2021-11-11,541,6619,7160
202,2021-11-12,496,6700,7196
202,2021-11-13,327,4465,4792
202,2021-11-14,126,3100,3226
202,2021-11-15,514,6221,6735
202,2021-11-16,494,6439,6933
202,2021-11-17,568,6659,7227
202,2021-11-18,651,7105,7756
202,2021-11-19,600,7083,7683
202,2021-11-20,293,5083,5376
202,2021-11-21,116,3225,3341
202,2021-11-22,679,6615,7294
202,2021-11-23,646,6695,7341
202,2021-11-24,625,6892,7517
202,2021-11-25,651,7017,7668
202,2021-11-26,564,6747,7311
202,2021-11-27,263,4478,4741
202,2021-11-28,127,3101,3228
202,2021-11-29,522,5980,6502
202,2021-11-30,547,6207,6754
202,2021-12-01,536,6109,6645
202,2021-12-02,513,6530,7043
202,2021-12-03,513,6248,6761
202,2021-12-04,258,4356,4614
202,2021-12-05,115,3307,3422
202,2021-12-06,502,5972,6474
202,2021-12-07,474,6487,6961
202,2021-12-08,482,6285,6767
202,2021-12-09,479,6506,6985
202,2021-12-10,481,6272,6753
202,2021-12-11,258,4372,4630
202,2021-12-12,111,3015,3126
202,2021-12-13,480,6114,6594
202,2021-12-14,437,6347,6784
202,2021-12-15,475,6341,6816
202,2021-12-16,414,6848,7262
202,2021-12-17,364,6479,6843
202,2021-12-18,209,4210,4419
202,2021-12-19,107,2928,3035
202,2021-12-20,269,4054,4323
202,2021-12-21,246,4793,5039
202,2021-12-22,274,5085,5359
202,2021-12-23,253,4925,5178
202,2021-12-24,199,4006,4205
202,2021-12-25,88,2482,2570
202,2021-12-26,93,2300,2393
202,2021-12-27,210,3885,4095
202,2021-12-28,245,4204,4449
202,2021-12-29,224,4242,4466
202,2021-12-30,216,4198,4414
202,2021-12-31,200,3875,4075
203,2021-01-01,18,1270,1288
203,2021-01-02,107,2014,2121
203,2021-01-03,17,1843,1860
203,2021-01-04,173,2583,2756
203,2021-01-05,184,2683,2867
203,2021-01-06,192,2634,2826
203,2021-01-07,185,2774,2959
203,2021-01-08,201,2849,3050
203,2021-01-09,125,2461,2586
203,2021-01-10,32,2613,2645
203,2021-01-11,321,3539,3860
203,2021-01-12,242,3750,3992
203,2021-01-13,294,3609,3903
203,2021-01-14,285,3501,3786
203,2021-01-15,265,3623,3888
203,2021-01-16,132,2481,2613
203,2021-01-17,26,1925,1951
203,2021-01-18,256,3591,3847
203,2021-01-19,312,3803,4115
203,2021-01-20,356,3773,4129
203,2021-01-21,360,3915,4275
203,2021-01-22,320,3824,4144
203,2021-01-23,136,2354,2490
203,2021-01-24,26,1579,1605
203,2021-01-25,307,3649,3956
203,2021-01-26,336,3787,4123
203,2021-01-27,245,3489,3734
203,2021-01-28,275,3907,4182
203,2021-01-29,216,3926,4142
203,2021-01-30,134,2374,2508
203,2021-01-31,32,1570,1602
203,2021-02-01,315,3720,4035
203,2021-02-02,308,3969,4277
203,2021-02-03,271,3823,4094
203,2021-02-04,321,3948,4269
203,2021-02-05,347,3838,4185
203,2021-02-06,156,2407,2563
203,2021-02-07,24,1706,1730
203,2021-02-08,304,3285,3589
203,2021-02-09,298,3520,3818
203,2021-02-10,283,3510,3793
203,2021-02-11,280,3559,3839
203,2021-02-12,305,3465,3770
203,2021-02-13,145,2518,2663
203,2021-02-14,27,1825,1852
203,2021-02-15,257,2360,2617
203,2021-02-16,263,2866,3129
203,2021-02-17,241,2456,2697
203,2021-02-18,252,2417,2669
203,2021-02-19,274,2984,3258
203,2021-02-20,124,2641,2765
203,2021-02-21,21,2464,2485
203,2021-02-22,331,3718,4049
203,2021-02-23,338,4114,4452
203,2021-02-24,373,3911,4284
203,2021-02-25,439,4172,4611
203,2021-02-26,404,4007,4411
203,2021-02-27,251,2711,2962
203,2021-02-28,24,2211,2235
203,2021-03-02,355,4017,4372
203,2021-03-03,340,3971,4311
203,2021-03-04,361,3941,4302
203,2021-03-05,351,3987,4338
203,2021-03-06,300,2932,3232
203,2021-03-07,36,2337,2373
203,2021-03-08,442,3707,4149
203,2021-03-09,375,3771,4146
203,2021-03-10,337,3957,4294
203,2021-03-11,274,4015,4289
203,2021-03-12,325,4015,4340
203,2021-03-13,136,2726,2862
203,2021-03-14,29,1733,1762
203,2021-03-15,318,3864,4182
203,2021-03-16,308,3989,4297
203,2021-03-17,345,3892,4237
203,2021-03-18,334,3931,4265
203,2021-03-19,329,3935,4264
203,2021-03-20,147,2791,2938
203,2021-03-21,35,2033,2068
203,2021-03-22,328,3736,4064
203,2021-03-23,346,4130,4476
203,2021-03-24,370,4203,4573
203,2021-03-25,353,4148,4501
203,2021-03-26,361,4185,4546
203,2021-03-27,155,2648,2803
203,2021-03-29,352,4169,4521
203,2021-03-30,358,4219,4577
203,2021-03-31,313,4341,4654
203,2021-04-01,285,4392,4677
203,2021-04-02,337,4179,4516
203,2021-04-03,180,2807,2987
203,2021-04-04,19,2212,2231
203,2021-04-05,28,1581,1609
203,2021-04-06,393,4036,4429
203,2021-04-07,412,3988,4400
203,2021-04-08,384,3672,4056
203,2021-04-09,407,3766,4173
203,2021-04-10,142,2289,2431
203,2021-04-11,17,1536,1553
203,2021-04-12,296,3323,3619
203,2021-04-13,320,3597,3917
203,2021-04-14,319,3661,3980
203,2021-04-15,295,3950,4245
203,2021-04-16,343,3643,3986
203,2021-04-17,173,2743,2916
203,2021-04-18,31,1838,1869
203,2021-04-19,331,3902,4233
203,2021-04-20,291,4102,4393
203,2021-04-21,280,4129,4409
203,2021-04-22,316,4170,4486
203,2021-04-23,343,4239,4582
203,2021-04-24,221,3141,3362
203,2021-04-25,18,2557,2575
203,2021-04-26,295,4074,4369
203,2021-04-27,349,4373,4722
203,2021-04-28,308,4174,4482
203,2021-04-29,445,4238,4683
203,2021-04-30,335,4321,4656
203,2021-05-01,45,2464,2509
203,2021-05-02,36,2122,2158
203,2021-05-03,344,4010,4354
203,2021-05-04,405,4301,4706
203,2021-05-05,377,4081,4458
203,2021-05-06,353,4055,4408
203,2021-05-07,389,4228,4617
203,2021-05-08,132,2772,2904
203,2021-05-09,88,2763,2851
203,2021-05-10,376,3904,4280
203,2021-05-11,402,4278,4680
203,2021-05-12,371,4210,4581
203,2021-05-13,85,2156,2241
203,2021-05-14,268,3738,4006
203,2021-05-15,176,2376,2552
203,2021-05-16,125,1963,2088
203,2021-05-17,364,3884,4248
203,2021-05-18,340,4029,4369
203,2021-05-19,381,4033,4414
203,2021-05-20,355,4193,4548
203,2021-05-21,370,4055,4425
203,2021-05-22,187,2476,2663
203,2021-05-23,68,1939,2007
203,2021-05-24,94,1612,1706
203,2021-05-25,351,3280,3631
203,2021-05-26,346,3418,3764
203,2021-05-27,415,3456,3871
203,2021-05-28,446,3710,4156
203,2021-05-29,172,2667,2839
203,2021-05-30,123,2457,2580
203,2021-05-31,364,3657,4021
203,2021-06-01,381,3737,4118
203,2021-06-02,386,3990,4376
203,2021-06-03,395,4086,4481
203,2021-06-04,405,4384,4789
203,2021-06-05,219,2788,3007
203,2021-06-06,70,2155,2225
203,2021-06-07,404,3983,4387
203,2021-06-08,388,4267,4655
203,2021-06-09,387,4544,4931
203,2021-06-10,345,4526,4871
203,2021-06-11,349,4523,4872
203,2021-06-12,176,3106,3282
203,2021-06-13,106,2833,2939
203,2021-06-14,365,4196,4561
203,2021-06-15,350,4464,4814
203,2021-06-16,353,4361,4714
203,2021-06-17,346,4448,4794
203,2021-06-18,341,4365,4706
203,2021-06-19,198,3115,3313
203,2021-06-21,387,4970,5357
203,2021-06-22,420,5146,5566
203,2021-06-23,83,1945,2028
203,2021-06-24,398,4227,4625
203,2021-06-25,366,4207,4573
203,2021-06-26,174,3060,3234
203,2021-06-27,80,2061,2141
203,2021-06-28,346,4016,4362
203,2021-06-29,377,4216,4593
203,2021-06-30,363,4119,4482
203,2021-07-01,367,4278,4645
203,2021-07-02,363,4478,4841
203,2021-07-03,179,2970,3149
203,2021-07-04,95,1942,2037
203,2021-07-05,322,4065,4387
203,2021-07-06,378,4405,4783
203,2021-07-07,349,4340,4689
203,2021-07-08,363,4472,4835
203,2021-07-09,339,4441,4780
203,2021-07-10,182,3401,3583
203,2021-07-11,85,2442,2527
203,2021-07-12,355,3981,4336
203,2021-07-13,355,4312,4667
203,2021-07-14,363,4161,4524
203,2021-07-15,333,3754,4087
203,2021-07-16,329,3950,4279
203,2021-07-17,175,2793,2968
203,2021-07-18,82,2431,2513
203,2021-07-19,311,3741,4052
203,2021-07-20,347,3937,4284
203,2021-07-21,317,4045,4362
203,2021-07-22,343,4036,4379
203,2021-07-23,341,3973,4314
203,2021-07-24,177,2302,2479
203,2021-07-25,73,1724,1797
203,2021-07-26,383,3571,3954
203,2021-07-27,399,3981,4380
203,2021-07-28,295,3834,4129
203,2021-07-29,251,3918,4169
203,2021-07-30,246,3568,3814
203,2021-07-31,172,2708,2880
203,2021-08-01,89,2261,2350
203,2021-08-02,227,3249,3476
203,2021-08-03,314,3192,3506
203,2021-08-04,239,3231,3470
203,2021-08-05,268,3209,3477
203,2021-08-06,273,3101,3374
203,2021-08-07,171,2383,2554
203,2021-08-08,77,1737,1814
203,2021-08-09,241,2836,3077
203,2021-08-10,231,3003,3234
203,2021-08-11,233,3207,3440
203,2021-08-12,234,3294,3528
203,2021-08-13,237,3111,3348
203,2021-08-14,156,2450,2606
203,2021-08-15,97,2084,2181
203,2021-08-16,229,2768,2997
203,2021-08-17,247,2887,3134
203,2021-08-18,259,2954,3213
203,2021-08-19,326,3158,3484
203,2021-08-20,248,3164,3412
203,2021-08-21,167,2900,3067
203,2021-08-22,86,1977,2063
203,2021-08-23,295,3156,3451
203,2021-08-24,286,3435,3721
203,2021-08-25,284,3523,3807
203,2021-08-26,293,3303,3596
203,2021-08-27,281,3173,3454
203,2021-08-28,179,2246,2425
203,2021-08-29,81,1819,1900
203,2021-08-30,358,3337,3695
203,2021-08-31,361,3444,3805
203,2021-09-01,287,3733,4020
203,2021-09-02,337,4096,4433
203,2021-09-03,366,4327,4693
203,2021-09-04,174,2391,2565
203,2021-09-05,92,2105,2197
203,2021-09-06,354,3621,3975
203,2021-09-07,333,4038,4371
203,2021-09-08,367,4120,4487
203,2021-09-09,340,3828,4168
203,2021-09-10,287,3704,3991
203,2021-09-11,163,2722,2885
203,2021-09-12,116,2273,2389
203,2021-09-13,399,4000,4399
203,2021-09-14,387,4061,4448
203,2021-09-15,384,4213,4597
203,2021-09-16,276,3635,3911
203,2021-09-17,387,4633,5020
203,2021-09-18,218,3401,3619
203,2021-09-19,115,2419,2534
203,2021-09-20,432,4271,4703
203,2021-09-21,437,4492,4929
203,2021-09-22,433,4458,4891
203,2021-09-23,428,4575,5003
203,2021-09-24,435,4406,4841
203,2021-09-25,376,3940,4316
203,2021-09-26,133,2263,2396
203,2021-09-27,407,4307,4714
203,2021-09-28,456,4569,5025
203,2021-09-29,398,4042,4440
203,2021-09-30,421,4042,4463
203,2021-10-01,427,4153,4580
203,2021-10-02,284,2855,3139
203,2021-10-03,109,2107,2216
203,2021-10-04,558,4398,4956
203,2021-10-05,432,4582,5014
203,2021-10-06,474,4285,4759
203,2021-10-07,411,4564,4975
203,2021-10-08,431,4437,4868
203,2021-10-09,249,3217,3466
203,2021-10-10,119,2484,2603
203,2021-10-11,481,4157,4638
203,2021-10-12,482,4396,4878
203,2021-10-13,476,4305,4781
203,2021-10-14,470,4644,5114
203,2021-10-15,447,4694,5141
203,2021-10-16,263,3266,3529
203,2021-10-17,114,2252,2366
203,2021-10-18,436,4207,4643
203,2021-10-19,402,4482,4884
203,2021-10-20,429,4360,4789
203,2021-10-21,332,5022,5354
203,2021-10-22,425,4581,5006
203,2021-10-23,240,2979,3219
203,2021-10-24,119,2594,2713
203,2021-10-25,423,4345,4768
203,2021-10-26,422,4570,4992
203,2021-10-27,457,4549,5006
203,2021-10-28,503,4709,5212
203,2021-10-29,503,4666,5169
203,2021-10-30,254,2479,2733
203,2021-11-01,122,1910,2032
203,2021-11-02,487,3612,4099
203,2021-11-03,435,3569,4004
203,2021-11-04,419,3572,3991
203,2021-11-05,406,3621,4027
203,2021-11-06,248,2567,2815
203,2021-11-07,125,1672,1797
203,2021-11-08,405,4140,4545
203,2021-11-09,416,4315,4731
203,2021-11-10,419,4515,4934
203,2021-11-11,468,4382,4850
203,2021-11-12,451,4506,4957
203,2021-11-13,337,2621,2958
203,2021-11-14,111,1915,2026
203,2021-11-15,407,4253,4660
203,2021-11-16,428,4264,4692
203,2021-11-17,444,4582,5026
203,2021-11-18,509,4978,5487
203,2021-11-19,461,4904,5365
203,2021-11-20,271,3396,3667
203,2021-11-21,108,2131,2239
203,2021-11-22,532,4711,5243
203,2021-11-23,454,4755,5209
203,2021-11-24,485,4825,5310
203,2021-11-25,577,4896,5473
203,2021-11-26,367,4134,4501
203,2021-11-27,163,2627,2790
203,2021-11-28,126,1930,2056
203,2021-11-29,410,3998,4408
203,2021-11-30,347,4113,4460
203,2021-12-01,370,4040,4410
203,2021-12-02,413,4221,4634
203,2021-12-03,431,4026,4457
203,2021-12-04,232,2526,2758
203,2021-12-05,105,1977,2082
203,2021-12-06,469,4847,5316
203,2021-12-07,425,5256,5681
203,2021-12-08,387,4093,4480
203,2021-12-09,394,4214,4608
203,2021-12-10,420,4123,4543
203,2021-12-11,219,2587,2806
203,2021-12-12,109,1915,2024
203,2021-12-13,338,3927,4265
203,2021-12-14,360,4125,4485
203,2021-12-15,342,4165,4507
203,2021-12-16,337,4452,4789
203,2021-12-17,310,4169,4479
203,2021-12-18,184,2387,2571
203,2021-12-19,111,1766,1877
203,2021-12-20,253,2728,2981
203,2021-12-21,239,3061,3300
203,2021-12-22,242,3128,3370
203,2021-12-23,225,2945,3170
203,2021-12-24,173,2342,2515
203,2021-12-25,91,1441,1532
203,2021-12-26,103,1320,1423
203,2021-12-27,213,2298,2511
203,2021-12-28,200,2563,2763
203,2021-12-29,203,2513,2716
203,2021-12-30,212,2436,2648
203,2021-12-31,196,2352,2548
290,2021-01-01,16,4015,4031
290,2021-01-02,95,8010,8105
290,2021-01-03,33,5545,5578
290,2021-01-04,339,16473,16812
290,2021-01-05,382,16572,16954
290,2021-01-06,361,16506,16867
290,2021-01-07,433,17301,17734
290,2021-01-08,476,17955,18431
290,2021-01-09,132,10546,10678
290,2021-01-10,36,6299,6335
290,2021-01-11,573,21706,22279
290,2021-01-12,472,17911,18383
290,2021-01-13,609,20696,21305
290,2021-01-14,476,19415,19891
290,2021-01-15,440,18699,19139
290,2021-01-16,117,15058,15175
290,2021-01-17,32,6186,6218
290,2021-01-18,532,21008,21540
290,2021-01-19,578,20451,21029
290,2021-01-20,727,21512,22239
290,2021-01-21,660,20679,21339
290,2021-01-22,650,21243,21893
290,2021-01-23,149,16639,16788
290,2021-01-24,39,6903,6942
290,2021-01-25,640,20874,21514
290,2021-01-26,784,21716,22500
290,2021-01-27,571,16988,17559
290,2021-01-28,535,19586,20121
290,2021-01-29,667,21035,21702
290,2021-01-30,126,16897,17023
290,2021-01-31,28,7188,7216
290,2021-02-01,708,21614,22322
290,2021-02-02,664,21027,21691
290,2021-02-03,633,20278,20911
290,2021-02-04,771,21427,22198
290,2021-02-05,803,22295,23098
290,2021-02-06,174,16526,16700
290,2021-02-07,34,7090,7124
290,2021-02-08,626,20943,21569
290,2021-02-09,580,20955,21535
290,2021-02-10,531,21498,22029
290,2021-02-11,626,21688,22314
290,2021-02-12,537,21998,22535
290,2021-02-13,127,16774,16901
290,2021-02-14,37,7727,7764
290,2021-02-15,683,21019,21702
290,2021-02-16,737,21114,21851
290,2021-02-17,731,20677,21408
290,2021-02-18,976,21269,22245
290,2021-02-19,755,21500,22255
290,2021-02-20,208,15702,15910
290,2021-02-21,22,7843,7865
290,2021-02-22,845,20787,21632
290,2021-02-23,815,21112,21927
290,2021-02-24,795,21248,22043
290,2021-02-25,849,21700,22549
290,2021-02-26,845,21769,22614
290,2021-02-27,153,16634,16787
290,2021-02-28,33,7809,7842
290,2021-03-01,745,21516,22261
290,2021-03-02,772,21475,22247
290,2021-03-03,779,21556,22335
290,2021-03-04,870,21684,22554
290,2021-03-05,908,22119,23027
290,2021-03-06,229,16883,17112
290,2021-03-07,33,7567,7600
290,2021-03-08,800,21596,22396
290,2021-03-09,801,22230,23031
290,2021-03-10,729,22028,22757
290,2021-03-11,668,21217,21885
290,2021-03-12,733,22363,23096
290,2021-03-13,215,16726,16941
290,2021-03-14,31,7628,7659
290,2021-03-15,803,21484,22287
290,2021-03-16,897,20303,21200
290,2021-03-17,963,22051,23014
290,2021-03-18,1044,22337,23381
290,2021-03-19,945,22808,23753
290,2021-03-20,282,17293,17575
290,2021-03-21,54,7928,7982
290,2021-03-22,953,21682,22635
290,2021-03-23,983,21861,22844
290,2021-03-24,914,22021,22935
290,2021-03-25,848,22841,23689
290,2021-03-26,920,22875,23795
290,2021-03-27,374,17565,17939
290,2021-03-29,889,22328,23217
290,2021-03-30,826,22591,23417
290,2021-03-31,850,22623,23473
290,2021-04-01,934,22994,23928
290,2021-04-02,844,23536,24380
290,2021-04-03,297,17617,17914
290,2021-04-04,14,7111,7125
290,2021-04-05,26,6873,6899
290,2021-04-06,978,21948,22926
290,2021-04-07,972,21799,22771
290,2021-04-08,1043,22012,23055
290,2021-04-09,1097,22183,23280
290,2021-04-10,216,16623,16839
290,2021-04-11,22,6791,6813
290,2021-04-12,884,21699,22583
290,2021-04-13,1047,22110,23157
290,2021-04-14,910,22083,22993
290,2021-04-15,946,22474,23420
290,2021-04-16,1027,22426,23453
290,2021-04-17,297,17677,17974
290,2021-04-18,39,7418,7457
290,2021-04-19,1033,21628,22661
290,2021-04-20,992,21947,22939
290,2021-04-21,845,22036,22881
290,2021-04-22,967,22882,23849
290,2021-04-23,933,22677,23610
290,2021-04-24,382,17882,18264
290,2021-04-25,40,8822,8862
290,2021-04-26,922,22115,23037
290,2021-04-27,953,22295,23248
290,2021-04-28,1062,22678,23740
290,2021-04-29,1263,23024,24287
290,2021-04-30,1193,23571,24764
290,2021-05-01,42,9803,9845
290,2021-05-02,25,8869,8894
290,2021-05-03,987,22769,23756
290,2021-05-04,993,22118,23111
290,2021-05-05,933,22732,23665
290,2021-05-06,902,22936,23838
290,2021-05-07,956,23872,24828
290,2021-05-08,231,20067,20298
290,2021-05-09,38,8878,8916
290,2021-05-10,889,22699,23588
290,2021-05-11,904,22951,23855
290,2021-05-12,969,23835,24804
290,2021-05-13,47,10450,10497
290,2021-05-14,487,22131,22618
290,2021-05-15,176,18238,18414
290,2021-05-16,32,8726,8758
290,2021-05-17,762,22511,23273
290,2021-05-18,974,22895,23869
290,2021-05-19,925,22215,23140
290,2021-05-20,1002,23603,24605
290,2021-05-21,1043,24378,25421
290,2021-05-22,260,18970,19230
290,2021-05-23,34,9109,9143
290,2021-05-24,48,8468,8516
290,2021-05-25,874,21564,22438
290,2021-05-26,813,21355,22168
290,2021-05-27,873,22559,23432
290,2021-05-28,966,23945,24911
290,2021-05-29,246,19061,19307
290,2021-05-30,68,9941,10009
290,2021-05-31,892,22978,23870
290,2021-06-01,918,23235,24153
290,2021-06-02,1046,22777,23823
290,2021-06-03,928,23705,24633
290,2021-06-04,988,23850,24838
290,2021-06-05,237,19813,20050
290,2021-06-06,32,9344,9376
290,2021-06-07,947,23553,24500
290,2021-06-08,990,23768,24758
290,2021-06-09,802,23374,24176
290,2021-06-10,884,24328,25212
290,2021-06-11,920,24348,25268
290,2021-06-12,229,20041,20270
290,2021-06-13,28,10014,10042
290,2021-06-14,967,22697,23664
290,2021-06-15,795,23605,24400
290,2021-06-16,796,23544,24340
290,2021-06-17,886,23619,24505
290,2021-06-18,1006,23804,24810
290,2021-06-19,262,18666,18928
290,2021-06-20,36,9106,9142
290,2021-06-21,952,23360,24312
290,2021-06-22,865,23574,24439
290,2021-06-23,119,10627,10746
290,2021-06-24,892,23427,24319
290,2021-06-25,882,24447,25329
290,2021-06-26,373,20074,20447
290,2021-06-27,41,11302,11343
290,2021-06-28,789,22609,23398
290,2021-06-29,808,23488,24296
290,2021-06-30,838,23445,24283
290,2021-07-01,885,24608,25493
290,2021-07-02,827,24726,25553
290,2021-07-03,257,19563,19820
290,2021-07-04,44,10530,10574
290,2021-07-05,787,22582,23369
290,2021-07-06,817,22845,23662
290,2021-07-07,825,23574,24399
290,2021-07-08,959,23177,24136
290,2021-07-09,1014,24388,25402
290,2021-07-10,255,19161,19416
290,2021-07-11,32,10237,10269
290,2021-07-12,979,23404,24383
290,2021-07-13,720,18859,19579
290,2021-07-14,488,19919,20407
290,2021-07-15,841,21556,22397
290,2021-07-16,843,23840,24683
290,2021-07-17,233,18778,19011
290,2021-07-18,37,10518,10555
290,2021-07-19,851,22527,23378
290,2021-07-20,870,22564,23434
290,2021-07-21,960,22806,23766
290,2021-07-22,897,23314,24211
290,2021-07-23,927,23600,24527
290,2021-07-24,271,17888,18159
290,2021-07-25,92,9988,10080
290,2021-07-26,933,21962,22895
290,2021-07-27,808,22303,23111
290,2021-07-28,838,22662,23500
290,2021-07-29,659,23005,23664
290,2021-07-30,478,22880,23358
290,2021-07-31,151,16393,16544
290,2021-08-01,38,8658,8696
290,2021-08-02,409,20675,21084
290,2021-08-03,381,19711,20092
290,2021-08-04,386,20813,21199
290,2021-08-05,398,20935,21333
290,2021-08-06,326,20469,20795
290,2021-08-07,105,14876,14981
290,2021-08-08,30,7822,7852
290,2021-08-09,378,19481,19859
290,2021-08-10,368,19559,19927
290,2021-08-11,417,19644,20061
290,2021-08-12,342,19479,19821
290,2021-08-13,361,19866,20227
290,2021-08-14,124,13779,13903
290,2021-08-15,40,7736,7776
290,2021-08-16,326,19038,19364
290,2021-08-17,367,19373,19740
290,2021-08-18,356,19580,19936
290,2021-08-19,356,19922,20278
290,2021-08-20,378,20476,20854
290,2021-08-21,97,14174,14271
290,2021-08-22,27,8207,8234
290,2021-08-23,567,20978,21545
290,2021-08-24,601,21551,22152
290,2021-08-25,639,21511,22150
290,2021-08-26,673,22168,22841
290,2021-08-27,687,22215,22902
290,2021-08-28,221,16412,16633
290,2021-08-29,42,9610,9652
290,2021-08-30,835,22197,23032
290,2021-08-31,885,22734,23619
290,2021-09-01,975,22680,23655
290,2021-09-02,893,22988,23881
290,2021-09-03,764,22963,23727
290,2021-09-04,314,17137,17451
290,2021-09-05,44,9670,9714
290,2021-09-06,789,22159,22948
290,2021-09-07,737,21687,22424
290,2021-09-08,818,22886,23704
290,2021-09-09,981,22768,23749
290,2021-09-10,901,22983,23884
290,2021-09-11,242,17321,17563
290,2021-09-12,35,10112,10147
290,2021-09-13,919,22631,23550
290,2021-09-14,903,23244,24147
290,2021-09-15,1031,22716,23747
290,2021-09-16,1056,23833,24889
290,2021-09-17,1043,24564,25607
290,2021-09-18,245,18713,18958
290,2021-09-19,50,8449,8499
290,2021-09-20,1002,22508,23510
290,2021-09-21,985,23839,24824
290,2021-09-22,952,23334,24286
290,2021-09-23,890,23518,24408
290,2021-09-24,955,24589,25544
290,2021-09-25,288,18685,18973
290,2021-09-26,41,10591,10632
290,2021-09-27,884,22868,23752
290,2021-09-28,917,24012,24929
290,2021-09-29,887,23514,24401
290,2021-09-30,937,23943,24880
290,2021-10-01,982,24706,25688
290,2021-10-02,242,20110,20352
290,2021-10-03,35,10031,10066
290,2021-10-04,1089,23620,24709
290,2021-10-05,1025,22435,23460
290,2021-10-06,980,22731,23711
290,2021-10-07,938,24274,25212
290,2021-10-08,968,24759,25727
290,2021-10-09,397,20118,20515
290,2021-10-10,70,11008,11078
290,2021-10-11,1080,22931,24011
290,2021-10-12,1027,23608,24635
290,2021-10-13,906,23338,24244
290,2021-10-14,1093,23505,24598
290,2021-10-15,997,24068,25065
290,2021-10-16,374,19907,20281
290,2021-10-17,41,10423,10464
290,2021-10-18,943,22067,23010
290,2021-10-19,895,22244,23139
290,2021-10-20,994,22099,23093
290,2021-10-21,963,20713,21676
290,2021-10-23,414,20470,20884
290,2021-10-24,53,13723,13776
290,2021-10-25,1053,21448,22501
290,2021-10-26,1068,22594,23662
290,2021-10-27,1156,23166,24322
290,2021-10-28,1007,23651,24658
290,2021-10-29,1130,23765,24895
290,2021-10-30,263,19565,19828
290,2021-11-01,27,9217,9244
290,2021-11-02,987,22406,23393
290,2021-11-03,1039,21032,22071
290,2021-11-04,1200,23396,24596
290,2021-11-05,1094,25226,26320
290,2021-11-06,387,21791,22178
290,2021-11-07,28,11107,11135
290,2021-11-08,1065,22569,23634
290,2021-11-09,1023,23119,24142
290,2021-11-10,1028,25115,26143
290,2021-11-11,578,24560,25138
290,2021-11-12,935,24192,25127
290,2021-11-13,308,20031,20339
290,2021-11-14,40,10261,10301
290,2021-11-15,1004,22902,23906
290,2021-11-16,947,23674,24621
290,2021-11-17,893,22689,23582
290,2021-11-18,953,23355,24308
290,2021-11-19,955,23948,24903
290,2021-11-20,273,20292,20565
290,2021-11-21,30,9971,10001
290,2021-11-22,877,23530,24407
290,2021-11-23,938,23987,24925
290,2021-11-24,914,23852,24766
290,2021-11-25,1009,24262,25271
290,2021-11-26,909,24197,25106
290,2021-11-27,239,20139,20378
290,2021-11-28,48,12277,12325
290,2021-11-29,914,22342,23256
290,2021-11-30,709,19928,20637
290,2021-12-01,754,21984,22738
290,2021-12-02,847,23402,24249
290,2021-12-03,906,24178,25084
290,2021-12-04,234,19814,20048
290,2021-12-05,36,11260,11296
290,2021-12-06,883,22820,23703
290,2021-12-07,935,24012,24947
290,2021-12-08,918,24077,24995
290,2021-12-09,873,23498,24371
290,2021-12-10,756,22745,23501
290,2021-12-11,250,20656,20906
290,2021-12-12,36,12289,12325
290,2021-12-13,806,23020,23826
290,2021-12-14,910,24521,25431
290,2021-12-15,877,24455,25332
290,2021-12-16,849,24877,25726
290,2021-12-17,755,25460,26215
290,2021-12-18,146,20499,20645
290,2021-12-19,31,12738,12769
290,2021-12-20,373,22596,22969
290,2021-12-21,415,23723,24138
290,2021-12-22,352,23208,23560
290,2021-12-23,346,23449,23795
290,2021-12-24,184,17366,17550
290,2021-12-25,8,5318,5326
290,2021-12-26,16,6200,6216
290,2021-12-27,229,18210,18439
290,2021-12-28,231,18006,18237
290,2021-12-29,236,17896,18132
290,2021-12-30,212,18349,18561
290,2021-12-31,184,16024,16208
291,2021-01-02,72,1087,1159
291,2021-01-03,45,624,669
291,2021-01-04,126,2069,2195
291,2021-01-05,141,2095,2236
291,2021-01-06,140,2007,2147
291,2021-01-07,146,2044,2190
291,2021-01-08,140,2288,2428
291,2021-01-09,80,1316,1396
291,2021-01-10,37,663,700
291,2021-01-11,148,3737,3885
291,2021-01-12,102,2976,3078
291,2021-01-13,137,3466,3603
291,2021-01-14,148,3208,3356
291,2021-01-15,150,3183,3333
291,2021-01-16,85,2275,2360
291,2021-01-17,38,683,721
291,2021-01-18,159,3579,3738
291,2021-01-19,154,3579,3733
291,2021-01-20,160,3510,3670
291,2021-01-21,147,3627,3774
291,2021-01-22,166,3644,3810
291,2021-01-23,80,2393,2473
291,2021-01-24,43,759,802
291,2021-01-25,165,3575,3740
291,2021-01-26,168,3491,3659
291,2021-01-27,129,3545,3674
291,2021-01-28,145,3762,3907
291,2021-01-29,146,3754,3900
291,2021-01-30,75,2528,2603
291,2021-01-31,42,787,829
291,2021-02-01,177,3786,3963
291,2021-02-02,155,3529,3684
291,2021-02-03,155,3571,3726
291,2021-02-04,157,3610,3767
291,2021-02-05,162,3907,4069
291,2021-02-06,76,2502,2578
291,2021-02-07,41,809,850
291,2021-02-08,180,3110,3290
291,2021-02-09,176,3044,3220
291,2021-02-10,154,3148,3302
291,2021-02-11,153,3105,3258
291,2021-02-12,152,3281,3433
291,2021-02-13,78,2557,2635
291,2021-02-14,39,876,915
291,2021-02-15,161,2965,3126
291,2021-02-16,149,3110,3259
291,2021-02-17,142,3053,3195
291,2021-02-18,149,3045,3194
291,2021-02-19,141,3277,3418
291,2021-02-20,68,2373,2441
291,2021-02-21,36,984,1020
291,2021-02-22,166,3377,3543
291,2021-02-23,180,3464,3644
291,2021-02-24,148,3587,3735
291,2021-02-25,153,3533,3686
291,2021-02-26,168,3731,3899
291,2021-02-27,73,2472,2545
291,2021-02-28,40,1014,1054
291,2021-03-01,171,3665,3836
291,2021-03-02,174,3494,3668
291,2021-03-03,155,3540,3695
291,2021-03-04,180,3505,3685
291,2021-03-05,163,3593,3756
291,2021-03-06,71,2526,2597
291,2021-03-07,34,969,1003
291,2021-03-08,154,3625,3779
291,2021-03-09,156,3483,3639
291,2021-03-10,168,3723,3891
291,2021-03-11,148,3854,4002
291,2021-03-12,170,3746,3916
291,2021-03-13,71,2553,2624
291,2021-03-14,39,995,1034
291,2021-03-15,158,3558,3716
291,2021-03-16,182,3848,4030
291,2021-03-17,153,3626,3779
291,2021-03-18,171,3511,3682
291,2021-03-19,156,3804,3960
291,2021-03-20,76,2463,2539
291,2021-03-21,34,968,1002
291,2021-03-22,176,4283,4459
291,2021-03-23,164,3785,3949
291,2021-03-24,177,3711,3888
291,2021-03-25,170,3692,3862
291,2021-03-26,180,4081,4261
291,2021-03-27,72,2557,2629
291,2021-03-29,148,3783,3931
291,2021-03-30,163,3637,3800
291,2021-03-31,143,3607,3750
291,2021-04-01,141,3737,3878
291,2021-04-02,193,3969,4162
291,2021-04-03,72,2564,2636
291,2021-04-04,34,835,869
291,2021-04-05,37,734,771
291,2021-04-06,161,3355,3516
291,2021-04-07,161,3339,3500
291,2021-04-08,165,3216,3381
291,2021-04-09,145,3375,3520
291,2021-04-10,65,2524,2589
291,2021-04-11,29,926,955
291,2021-04-12,142,3304,3446
291,2021-04-13,142,3333,3475
291,2021-04-14,144,3304,3448
291,2021-04-15,169,3365,3534
291,2021-04-16,155,3385,3540
291,2021-04-17,75,2549,2624
291,2021-04-18,34,852,886
291,2021-04-19,168,3547,3715
291,2021-04-20,160,3649,3809
291,2021-04-21,159,3746,3905
291,2021-04-22,170,3724,3894
291,2021-04-23,160,4016,4176
291,2021-04-24,75,2673,2748
291,2021-04-25,35,1020,1055
291,2021-04-26,168,3742,3910
291,2021-04-27,174,3901,4075
291,2021-04-28,146,4050,4196
291,2021-04-29,142,4135,4277
291,2021-04-30,175,4401,4576
291,2021-05-01,33,1215,1248
291,2021-05-02,35,1200,1235
291,2021-05-03,187,4467,4654
291,2021-05-04,176,4250,4426
291,2021-05-05,179,4152,4331
291,2021-05-06,173,4201,4374
291,2021-05-07,168,4325,4493
291,2021-05-08,75,2950,3025
291,2021-05-09,31,1114,1145
291,2021-05-10,95,3712,3807
291,2021-05-11,105,4135,4240
291,2021-05-12,115,4379,4494
291,2021-05-13,35,1128,1163
291,2021-05-14,119,4247,4366
291,2021-05-15,68,3099,3167
291,2021-05-16,35,1201,1236
291,2021-05-17,139,5294,5433
291,2021-05-18,140,4459,4599
291,2021-05-19,130,4572,4702
291,2021-05-20,125,4085,4210
291,2021-05-21,164,4410,4574
291,2021-05-22,73,2797,2870
291,2021-05-23,34,1141,1175
291,2021-05-24,30,1169,1199
291,2021-05-25,97,3780,3877
291,2021-05-26,95,3769,3864
291,2021-05-27,103,3673,3776
291,2021-05-28,113,3694,3807
291,2021-05-29,80,2629,2709
291,2021-05-30,97,1306,1403
291,2021-05-31,157,4308,4465
291,2021-06-01,113,4419,4532
291,2021-06-02,124,4289,4413
291,2021-06-03,119,4291,4410
291,2021-06-04,113,4344,4457
291,2021-06-05,85,3025,3110
291,2021-06-06,35,1245,1280
291,2021-06-07,134,4237,4371
291,2021-06-08,111,4311,4422
291,2021-06-09,106,4394,4500
291,2021-06-10,111,4295,4406
291,2021-06-11,114,4596,4710
291,2021-06-12,71,2940,3011
291,2021-06-13,35,1397,1432
291,2021-06-14,111,4353,4464
291,2021-06-15,112,4314,4426
291,2021-06-16,100,4370,4470
291,2021-06-17,124,4238,4362
291,2021-06-18,113,4437,4550
291,2021-06-19,93,3048,3141
291,2021-06-20,34,1237,1271
291,2021-06-21,114,4151,4265
291,2021-06-22,108,4214,4322
291,2021-06-23,36,1159,1195
291,2021-06-24,120,4123,4243
291,2021-06-25,108,4566,4674
291,2021-06-26,87,2943,3030
291,2021-06-27,35,1396,1431
291,2021-06-28,134,4609,4743
291,2021-06-29,121,4463,4584
291,2021-06-30,114,4539,4653
291,2021-07-01,114,4576,4690
291,2021-07-02,112,4517,4629
291,2021-07-03,79,2888,2967
291,2021-07-04,39,1506,1545
291,2021-07-05,96,4519,4615
291,2021-07-06,111,4681,4792
291,2021-07-07,109,4486,4595
291,2021-07-08,157,4681,4838
291,2021-07-09,113,4669,4782
291,2021-07-10,85,2917,3002
291,2021-07-11,43,1338,1381
291,2021-07-12,120,4258,4378
291,2021-07-13,96,4318,4414
291,2021-07-14,106,4455,4561
291,2021-07-15,129,3954,4083
291,2021-07-16,126,4069,4195
291,2021-07-17,75,2819,2894
291,2021-07-18,44,1444,1488
291,2021-07-19,115,3701,3816
291,2021-07-20,112,3668,3780
291,2021-07-21,116,3709,3825
291,2021-07-22,97,3683,3780
291,2021-07-23,109,3769,3878
291,2021-07-24,75,2720,2795
291,2021-07-26,95,3712,3807
291,2021-07-27,118,3659,3777
291,2021-07-28,108,3526,3634
291,2021-07-29,95,3389,3484
291,2021-07-30,96,3456,3552
291,2021-07-31,82,2387,2469
291,2021-08-01,43,1095,1138
291,2021-08-02,95,3151,3246
291,2021-08-03,95,3113,3208
291,2021-08-04,92,3041,3133
291,2021-08-05,99,2935,3034
291,2021-08-06,88,3076,3164
291,2021-08-07,78,2077,2155
291,2021-08-08,40,1032,1072
291,2021-08-09,106,2984,3090
291,2021-08-10,94,2872,2966
291,2021-08-11,99,2886,2985
291,2021-08-12,104,2936,3040
291,2021-08-13,79,2839,2918
291,2021-08-14,73,2000,2073
291,2021-08-15,46,927,973
291,2021-08-16,97,3483,3580
291,2021-08-17,98,3088,3186
291,2021-08-19,92,2855,2947
291,2021-08-20,89,3054,3143
291,2021-08-21,78,1997,2075
291,2021-08-22,44,940,984
291,2021-08-23,105,3314,3419
291,2021-08-24,104,3209,3313
291,2021-08-25,97,3142,3239
291,2021-08-26,118,3188,3306
291,2021-08-27,84,3315,3399
291,2021-08-28,82,2364,2446
291,2021-08-29,40,1245,1285
291,2021-08-30,100,3747,3847
291,2021-08-31,123,3548,3671
291,2021-09-01,107,3789,3896
291,2021-09-02,108,3664,3772
291,2021-09-03,136,3746,3882
291,2021-09-04,84,2543,2627
291,2021-09-05,43,1305,1348
291,2021-09-06,137,3639,3776
291,2021-09-07,270,6110,6380
291,2021-09-08,97,3642,3739
291,2021-09-09,116,3889,4005
291,2021-09-10,105,4139,4244
291,2021-09-11,80,2782,2862
291,2021-09-12,47,1325,1372
291,2021-09-13,111,4081,4192
291,2021-09-14,103,4237,4340
291,2021-09-15,110,4195,4305
291,2021-09-16,108,4349,4457
291,2021-09-17,120,4377,4497
291,2021-09-18,85,2979,3064
291,2021-09-19,48,2848,2896
291,2021-09-20,117,4611,4728
291,2021-09-21,116,4487,4603
291,2021-09-22,124,4381,4505
291,2021-09-23,96,4349,4445
291,2021-09-24,119,4547,4666
291,2021-09-25,79,2797,2876
291,2021-09-26,41,1283,1324
291,2021-09-27,108,4587,4695
291,2021-09-28,108,4630,4738
291,2021-09-29,102,4662,4764
291,2021-09-30,122,4809,4931
291,2021-10-01,109,4886,4995
291,2021-10-02,82,3211,3293
291,2021-10-03,40,1310,1350
291,2021-10-04,128,5426,5554
291,2021-10-05,120,5187,5307
291,2021-10-06,107,4779,4886
291,2021-10-07,160,4733,4893
291,2021-10-08,124,4773,4897
291,2021-10-09,89,3358,3447
291,2021-10-10,47,1674,1721
291,2021-10-11,130,4487,4617
291,2021-10-12,145,4625,4770
291,2021-10-13,107,4647,4754
291,2021-10-14,118,5047,5165
291,2021-10-15,113,5056,5169
291,2021-10-16,84,3033,3117
291,2021-10-17,46,1373,1419
291,2021-10-18,129,4760,4889
291,2021-10-19,150,4704,4854
291,2021-10-20,109,3924,4033
291,2021-10-21,122,4038,4160
291,2021-10-22,132,3935,4067
291,2021-10-23,85,2886,2971
291,2021-10-24,42,1610,1652
291,2021-10-25,121,3583,3704
291,2021-10-26,112,3750,3862
291,2021-10-27,111,3801,3912
291,2021-10-28,111,4208,4319
291,2021-10-29,111,4583,4694
291,2021-10-30,81,3080,3161
291,2021-11-01,41,1081,1122
291,2021-11-02,134,4333,4467
291,2021-11-03,165,4997,5162
291,2021-11-04,158,4320,4478
291,2021-11-05,127,3984,4111
291,2021-11-06,89,2873,2962
291,2021-11-07,43,1233,1276
291,2021-11-08,147,4608,4755
291,2021-11-09,108,4801,4909
291,2021-11-10,120,5110,5230
291,2021-11-11,108,4744,4852
291,2021-11-12,124,4691,4815
291,2021-11-13,82,3017,3099
291,2021-11-14,48,1233,1281
291,2021-11-15,149,4573,4722
291,2021-11-16,112,4734,4846
291,2021-11-17,127,4717,4844
291,2021-11-18,137,4650,4787
291,2021-11-19,130,5304,5434
291,2021-11-20,83,3093,3176
291,2021-11-21,48,1233,1281
291,2021-11-22,120,4776,4896
291,2021-11-23,123,5051,5174
291,2021-11-24,114,4675,4789
291,2021-11-25,131,4888,5019
291,2021-11-26,118,5500,5618
291,2021-11-27,85,3293,3378
291,2021-11-28,48,1590,1638
291,2021-11-29,176,4760,4936
291,2021-11-30,106,4854,4960
291,2021-12-01,101,4908,5009
291,2021-12-02,170,4824,4994
291,2021-12-03,136,4753,4889
291,2021-12-04,82,3104,3186
291,2021-12-05,50,1491,1541
291,2021-12-06,144,4564,4708
291,2021-12-07,137,4907,5044
291,2021-12-08,140,4633,4773
291,2021-12-09,130,4932,5062
291,2021-12-10,138,4530,4668
291,2021-12-11,92,3283,3375
291,2021-12-12,48,1674,1722
291,2021-12-13,130,4681,4811
291,2021-12-14,155,5029,5184
291,2021-12-15,138,4906,5044
291,2021-12-16,156,5282,5438
291,2021-12-17,107,5057,5164
291,2021-12-18,85,3345,3430
291,2021-12-19,44,1706,1750
291,2021-12-20,103,4330,4433
291,2021-12-21,110,4323,4433
291,2021-12-22,104,4303,4407
291,2021-12-23,102,4324,4426
291,2021-12-24,63,3059,3122
291,2021-12-25,35,559,594
291,2021-12-26,40,654,694
291,2021-12-27,86,3075,3161
291,2021-12-28,87,3013,3100
291,2021-12-29,86,3024,3110
291,2021-12-30,83,3116,3199
291,2021-12-31,87,2552,2639
300,2021-01-01,36,1730,1766
300,2021-01-02,88,2440,2528
300,2021-01-03,55,2138,2193
300,2021-01-04,213,3653,3866
300,2021-01-05,215,3816,4031
300,2021-01-06,208,3728,3936
300,2021-01-07,227,3767,3994
300,2021-01-08,218,4146,4364
300,2021-01-09,119,3210,3329
300,2021-01-10,57,2531,2588
300,2021-01-11,243,4920,5163
300,2021-01-12,198,4728,4926
300,2021-01-13,242,4905,5147
300,2021-01-14,207,4668,4875
300,2021-01-15,240,4810,5050
300,2021-01-16,108,3440,3548
300,2021-01-17,46,2462,2508
300,2021-01-18,250,4784,5034
300,2021-01-19,229,4839,5068
300,2021-01-20,256,4945,5201
300,2021-01-21,216,5020,5236
300,2021-01-22,224,5181,5405
300,2021-01-23,150,3686,3836
300,2021-01-24,57,2658,2715
300,2021-01-25,236,4933,5169
300,2021-01-26,279,4935,5214
300,2021-01-27,219,4823,5042
300,2021-01-28,174,5118,5292
300,2021-01-29,194,5365,5559
300,2021-01-30,146,3879,4025
300,2021-01-31,49,2721,2770
300,2021-02-01,256,4916,5172
300,2021-02-02,182,5126,5308
300,2021-02-03,203,4989,5192
300,2021-02-04,245,5093,5338
300,2021-02-05,233,5403,5636
300,2021-02-06,154,3610,3764
300,2021-02-07,46,2625,2671
300,2021-02-08,216,4624,4840
300,2021-02-09,257,4799,5056
300,2021-02-10,258,4609,4867
300,2021-02-11,220,4750,4970
300,2021-02-12,232,4991,5223
300,2021-02-13,303,3739,4042
300,2021-02-14,115,2848,2963
300,2021-02-15,244,4511,4755
300,2021-02-16,222,4703,4925
300,2021-02-17,191,4627,4818
300,2021-02-18,214,4661,4875
300,2021-02-19,206,4987,5193
300,2021-02-20,241,4246,4487
300,2021-02-21,115,3344,3459
300,2021-02-22,218,4703,4921
300,2021-02-23,237,5126,5363
300,2021-02-24,220,5085,5305
300,2021-02-25,245,5324,5569
300,2021-02-26,234,5355,5589
300,2021-02-27,187,4345,4532
300,2021-02-28,74,4740,4814
300,2021-03-01,229,5008,5237
300,2021-03-02,267,5155,5422
300,2021-03-03,234,5098,5332
300,2021-03-04,241,5287,5528
300,2021-03-05,266,5409,5675
300,2021-03-06,158,4192,4350
300,2021-03-07,50,3145,3195
300,2021-03-08,232,5064,5296
300,2021-03-09,252,5252,5504
300,2021-03-10,245,5060,5305
300,2021-03-11,219,5230,5449
300,2021-03-12,248,5542,5790
300,2021-03-13,152,3944,4096
300,2021-03-14,54,2764,2818
300,2021-03-15,213,4841,5054
300,2021-03-16,218,5277,5495
300,2021-03-17,239,5129,5368
300,2021-03-18,247,5210,5457
300,2021-03-19,227,5409,5636
300,2021-03-20,162,4177,4339
300,2021-03-21,54,2884,2938
300,2021-03-22,247,4904,5151
300,2021-03-23,266,5338,5604
300,2021-03-24,237,5203,5440
300,2021-03-25,245,5281,5526
300,2021-03-26,244,5391,5635
300,2021-03-27,151,4074,4225
300,2021-03-29,253,5209,5462
300,2021-03-30,231,5600,5831
300,2021-03-31,218,5389,5607
300,2021-04-01,243,5483,5726
300,2021-04-02,223,5677,5900
300,2021-04-03,149,4396,4545
300,2021-04-04,48,3115,3163
300,2021-04-05,47,2492,2539
300,2021-04-06,225,4957,5182
300,2021-04-07,239,5066,5305
300,2021-04-08,230,4942,5172
300,2021-04-09,224,5544,5768
300,2021-04-10,137,4032,4169
300,2021-04-11,44,2843,2887
300,2021-04-12,247,5168,5415
300,2021-04-13,281,5546,5827
300,2021-04-14,251,5224,5475
300,2021-04-15,244,5469,5713
300,2021-04-16,264,5557,5821
300,2021-04-17,161,4539,4700
300,2021-04-18,55,3126,3181
300,2021-04-19,233,5098,5331
300,2021-04-20,247,5624,5871
300,2021-04-21,261,5470,5731
300,2021-04-22,228,5617,5845
300,2021-04-23,267,5859,6126
300,2021-04-24,171,4948,5119
300,2021-04-25,51,3523,3574
300,2021-04-26,251,5497,5748
300,2021-04-27,238,5716,5954
300,2021-04-28,268,5760,6028
300,2021-04-29,225,5738,5963
300,2021-04-30,263,6072,6335
300,2021-05-01,59,3579,3638
300,2021-05-02,51,3303,3354
300,2021-05-03,236,5561,5797
300,2021-05-04,221,5606,5827
300,2021-05-05,232,5550,5782
300,2021-05-06,208,5596,5804
300,2021-05-07,260,5816,6076
300,2021-05-08,301,5191,5492
300,2021-05-09,105,3522,3627
300,2021-05-10,241,5196,5437
300,2021-05-11,238,5641,5879
300,2021-05-12,252,5812,6064
300,2021-05-13,54,3225,3279
300,2021-05-14,198,5291,5489
300,2021-05-15,264,4352,4616
300,2021-05-16,117,3158,3275
300,2021-05-17,245,5362,5607
300,2021-05-18,237,5575,5812
300,2021-05-19,228,5529,5757
300,2021-05-20,241,5424,5665
300,2021-05-21,254,5927,6181
300,2021-05-22,160,4370,4530
300,2021-05-23,110,3303,3413
300,2021-05-24,52,2709,2761
300,2021-05-25,222,4705,4927
300,2021-05-26,207,4965,5172
300,2021-05-27,206,5327,5533
300,2021-05-28,244,5348,5592
300,2021-05-29,169,4115,4284
300,2021-05-30,118,3517,3635
300,2021-05-31,236,5554,5790
300,2021-06-01,256,5820,6076
300,2021-06-02,249,5450,5699
300,2021-06-03,214,4223,4437
300,2021-06-04,16,460,476
300,2021-06-05,158,4191,4349
300,2021-06-06,54,3325,3379
300,2021-06-07,234,5267,5501
300,2021-06-08,269,5949,6218
300,2021-06-09,270,5962,6232
300,2021-06-10,239,5799,6038
300,2021-06-11,256,6043,6299
300,2021-06-12,152,4659,4811
300,2021-06-13,48,3872,3920
300,2021-06-14,265,5604,5869
300,2021-06-15,244,6047,6291
300,2021-06-16,258,5687,5945
300,2021-06-17,231,5936,6167
300,2021-06-18,227,6148,6375
300,2021-06-19,292,4921,5213
300,2021-06-20,112,3636,3748
300,2021-06-21,235,5394,5629
300,2021-06-22,219,5960,6179
300,2021-06-23,56,3205,3261
300,2021-06-24,239,5385,5624
300,2021-06-25,227,5843,6070
300,2021-06-26,161,4586,4747
300,2021-06-27,47,3629,3676
300,2021-06-28,236,5573,5809
300,2021-06-29,243,5773,6016
300,2021-06-30,240,5661,5901
300,2021-07-01,243,5867,6110
300,2021-07-02,236,5813,6049
300,2021-07-03,169,4631,4800
300,2021-07-04,60,3460,3520
300,2021-07-05,223,5500,5723
300,2021-07-06,227,5971,6198
300,2021-07-07,255,5834,6089
300,2021-07-08,235,5432,5667
300,2021-07-09,245,6133,6378
300,2021-07-10,65,4723,4788
300,2021-07-11,30,3640,3670
300,2021-07-12,244,5387,5631
300,2021-07-13,190,5286,5476
300,2021-07-14,204,5273,5477
300,2021-07-15,174,5262,5436
300,2021-07-16,222,5472,5694
300,2021-07-17,170,4461,4631
300,2021-07-18,56,3692,3748
300,2021-07-19,215,5149,5364
300,2021-07-20,230,5381,5611
300,2021-07-21,208,5112,5320
300,2021-07-22,231,4876,5107
300,2021-07-23,210,5335,5545
300,2021-07-24,165,4098,4263
300,2021-07-25,64,3357,3421
300,2021-07-26,217,4451,4668
300,2021-07-27,228,4664,4892
300,2021-07-28,221,4743,4964
300,2021-07-29,198,4667,4865
300,2021-07-30,211,4505,4716
300,2021-07-31,149,3404,3553
300,2021-08-01,64,2755,2819
300,2021-08-02,201,3746,3947
300,2021-08-03,199,3751,3950
300,2021-08-04,190,3786,3976
300,2021-08-05,187,3732,3919
300,2021-08-06,194,3824,4018
300,2021-08-07,153,3088,3241
300,2021-08-08,59,2548,2607
300,2021-08-09,179,3463,3642
300,2021-08-10,190,3715,3905
300,2021-08-11,182,3664,3846
300,2021-08-12,179,3808,3987
300,2021-08-13,179,3753,3932
300,2021-08-14,150,3007,3157
300,2021-08-15,120,2479,2599
300,2021-08-16,183,3375,3558
300,2021-08-17,182,3559,3741
300,2021-08-18,188,3635,3823
300,2021-08-19,195,3659,3854
300,2021-08-20,177,3867,4044
300,2021-08-21,228,3165,3393
300,2021-08-22,136,2595,2731
300,2021-08-23,198,3855,4053
300,2021-08-24,198,4200,4398
300,2021-08-25,183,4100,4283
300,2021-08-26,184,4081,4265
300,2021-08-27,201,4313,4514
300,2021-08-28,293,3471,3764
300,2021-08-29,124,2803,2927
300,2021-08-30,379,4442,4821
300,2021-08-31,362,4617,4979
300,2021-09-01,387,4921,5308
300,2021-09-02,365,4706,5071
300,2021-09-03,365,4810,5175
300,2021-09-04,268,4829,5097
300,2021-09-05,115,3174,3289
300,2021-09-06,396,4885,5281
300,2021-09-07,389,5349,5738
300,2021-09-08,411,5136,5547
300,2021-09-09,390,5046,5436
300,2021-09-10,370,5081,5451
300,2021-09-11,301,4459,4760
300,2021-09-12,127,3309,3436
300,2021-09-13,217,5137,5354
300,2021-09-14,213,5526,5739
300,2021-09-15,219,5196,5415
300,2021-09-16,213,5484,5697
300,2021-09-17,219,6633,6852
300,2021-09-18,162,4073,4235
300,2021-09-19,56,3217,3273
300,2021-09-20,206,4615,4821
300,2021-09-21,222,4976,5198
300,2021-09-22,232,4828,5060
300,2021-09-23,221,5301,5522
300,2021-09-24,225,5580,5805
300,2021-09-25,167,4596,4763
300,2021-09-26,57,3260,3317
300,2021-09-27,223,5261,5484
300,2021-09-28,244,5483,5727
300,2021-09-29,236,5447,5683
300,2021-09-30,233,5443,5676
300,2021-10-01,247,5774,6021
300,2021-10-02,170,4201,4371
300,2021-10-03,52,2988,3040
300,2021-10-04,229,5160,5389
300,2021-10-05,230,5500,5730
300,2021-10-06,231,5341,5572
300,2021-10-07,247,5551,5798
300,2021-10-08,248,5614,5862
300,2021-10-09,168,4365,4533
300,2021-10-10,56,3526,3582
300,2021-10-11,231,5340,5571
300,2021-10-12,244,5474,5718
300,2021-10-13,249,5347,5596
300,2021-10-14,222,5451,5673
300,2021-10-15,227,5595,5822
300,2021-10-16,163,4372,4535
300,2021-10-17,55,3317,3372
300,2021-10-18,236,5160,5396
300,2021-10-19,226,5533,5759
300,2021-10-20,245,5203,5448
300,2021-10-21,222,5373,5595
300,2021-10-22,251,5408,5659
300,2021-10-23,161,4284,4445
300,2021-10-24,53,3320,3373
300,2021-10-25,241,4897,5138
300,2021-10-26,244,5305,5549
300,2021-10-27,248,5268,5516
300,2021-10-28,243,5137,5380
300,2021-10-29,234,5553,5787
300,2021-10-30,232,4035,4267
300,2021-11-01,115,2937,3052
300,2021-11-02,149,5046,5195
300,2021-11-03,103,4260,4363
300,2021-11-04,99,3789,3888
300,2021-11-05,93,3730,3823
300,2021-11-06,35,3098,3133
300,2021-11-07,70,2491,2561
300,2021-11-08,251,4778,5029
300,2021-11-09,242,5216,5458
300,2021-11-10,251,5268,5519
300,2021-11-11,216,5118,5334
300,2021-11-12,240,5397,5637
300,2021-11-13,165,3937,4102
300,2021-11-14,61,3067,3128
300,2021-11-15,228,4896,5124
300,2021-11-16,212,5315,5527
300,2021-11-17,237,5013,5250
300,2021-11-18,238,5165,5403
300,2021-11-19,245,5557,5802
300,2021-11-20,172,4216,4388
300,2021-11-21,63,3025,3088
300,2021-11-22,263,5002,5265
300,2021-11-23,240,5335,5575
300,2021-11-24,255,5093,5348
300,2021-11-25,218,5040,5258
300,2021-11-26,237,5492,5729
300,2021-11-27,171,4087,4258
300,2021-11-28,61,2943,3004
300,2021-11-29,263,4945,5208
300,2021-11-30,214,5270,5484
300,2021-12-01,218,5174,5392
300,2021-12-02,222,5247,5469
300,2021-12-03,256,5358,5614
300,2021-12-04,159,4052,4211
300,2021-12-05,60,3118,3178
300,2021-12-06,256,4818,5074
300,2021-12-07,235,5251,5486
300,2021-12-08,254,5009,5263
300,2021-12-09,205,5112,5317
300,2021-12-10,230,5440,5670
300,2021-12-11,164,4072,4236
300,2021-12-12,52,3039,3091
300,2021-12-13,245,4907,5152
300,2021-12-14,236,5398,5634
300,2021-12-15,245,5267,5512
300,2021-12-16,224,5329,5553
300,2021-12-17,237,5406,5643
300,2021-12-18,153,4022,4175
300,2021-12-19,54,2852,2906
300,2021-12-20,186,4161,4347
300,2021-12-21,221,4528,4749
300,2021-12-22,195,4341,4536
300,2021-12-23,205,4499,4704
300,2021-12-24,156,3962,4118
300,2021-12-25,36,2148,2184
300,2021-12-26,43,2080,2123
300,2021-12-27,168,3307,3475
300,2021-12-28,175,3628,3803
300,2021-12-29,168,3671,3839
300,2021-12-30,163,3703,3866
300,2021-12-31,159,3787,3946
301,2021-01-01,112,3522,3634
301,2021-01-02,304,5579,5883
301,2021-01-03,146,4173,4319
301,2021-01-04,568,8347,8915
301,2021-01-05,616,8514,9130
301,2021-01-06,593,8481,9074
301,2021-01-07,796,8609,9405
301,2021-01-08,873,9286,10159
301,2021-01-09,360,7205,7565
301,2021-01-10,148,5066,5214
301,2021-01-11,1103,10946,12049
301,2021-01-12,985,10510,11495
301,2021-01-13,1072,10683,11755
301,2021-01-14,1048,9674,10722
301,2021-01-15,829,10768,11597
301,2021-01-16,350,9044,9394
301,2021-01-17,143,4983,5126
301,2021-01-18,979,10771,11750
301,2021-01-19,1101,10749,11850
301,2021-01-20,1198,11046,12244
301,2021-01-21,1116,10692,11808
301,2021-01-22,1127,11670,12797
301,2021-01-23,487,10187,10674
301,2021-01-24,211,5718,5929
301,2021-01-25,1178,11091,12269
301,2021-01-26,1185,11501,12686
301,2021-01-27,1042,10710,11752
301,2021-01-28,1035,11073,12108
301,2021-01-29,1108,11844,12952
301,2021-01-30,463,10161,10624
301,2021-01-31,164,5631,5795
301,2021-02-01,1079,10952,12031
301,2021-02-02,1109,10833,11942
301,2021-02-03,1028,10377,11405
301,2021-02-04,1211,11472,12683
301,2021-02-05,1240,11895,13135
301,2021-02-06,481,9637,10118
301,2021-02-07,167,5757,5924
301,2021-02-08,1121,10163,11284
301,2021-02-09,1077,10453,11530
301,2021-02-10,949,10068,11017
301,2021-02-11,1078,10827,11905
301,2021-02-12,880,11634,12514
301,2021-02-13,465,9737,10202
301,2021-02-14,153,6114,6267
301,2021-02-15,992,10111,11103
301,2021-02-16,1021,10544,11565
301,2021-02-17,1048,10154,11202
301,2021-02-18,1113,10310,11423
301,2021-02-19,1130,11210,12340
301,2021-02-20,478,9930,10408
301,2021-02-21,184,6701,6885
301,2021-02-22,1181,10914,12095
301,2021-02-23,1264,11636,12900
301,2021-02-24,1342,11564,12906
301,2021-02-25,1210,11526,12736
301,2021-02-26,1137,12073,13210
301,2021-02-27,492,10701,11193
301,2021-02-28,169,6470,6639
301,2021-03-01,1405,11296,12701
301,2021-03-02,1302,11513,12815
301,2021-03-03,1235,11255,12490
301,2021-03-04,1176,11319,12495
301,2021-03-05,1192,12166,13358
301,2021-03-06,489,10641,11130
301,2021-03-07,166,6456,6622
301,2021-03-08,1291,11248,12539
301,2021-03-09,1262,11396,12658
301,2021-03-10,1240,11359,12599
301,2021-03-11,1125,10945,12070
301,2021-03-12,1187,11765,12952
301,2021-03-13,489,9407,9896
301,2021-03-14,161,5888,6049
301,2021-03-15,1366,11101,12467
301,2021-03-16,1350,11307,12657
301,2021-03-17,1250,11293,12543
301,2021-03-18,1338,11425,12763
301,2021-03-19,1321,12204,13525
301,2021-03-20,531,10629,11160
301,2021-03-21,155,6298,6453
301,2021-03-22,1323,11290,12613
301,2021-03-23,1344,11699,13043
301,2021-03-24,1245,11471,12716
301,2021-03-25,1274,11471,12745
301,2021-03-26,1255,12467,13722
301,2021-03-27,532,10116,10648
301,2021-03-29,1398,11467,12865
301,2021-03-30,1378,12001,13379
301,2021-03-31,1184,12205,13389
301,2021-04-01,1205,12412,13617
301,2021-04-02,1085,13305,14390
301,2021-04-07,1097,10838,11935
301,2021-04-08,1065,11215,12280
301,2021-04-09,1018,11491,12509
301,2021-04-10,517,9271,9788
301,2021-04-11,155,5503,5658
301,2021-04-12,1273,10890,12163
301,2021-04-13,1246,11305,12551
301,2021-04-14,1243,11136,12379
301,2021-04-15,1135,11192,12327
301,2021-04-16,1150,11788,12938
301,2021-04-17,500,10185,10685
301,2021-04-18,154,6189,6343
301,2021-04-19,1086,11269,12355
301,2021-04-20,1151,11762,12913
301,2021-04-21,1164,11613,12777
301,2021-04-22,1146,12043,13189
301,2021-04-23,1054,12796,13850
301,2021-04-24,458,10994,11452
301,2021-04-25,163,7021,7184
301,2021-04-26,1186,11694,12880
301,2021-04-27,1292,11954,13246
301,2021-04-28,1266,11980,13246
301,2021-04-29,1264,12368,13632
301,2021-04-30,1294,13177,14471
301,2021-05-01,197,7831,8028
301,2021-05-02,177,6921,7098
301,2021-05-03,1247,12063,13310
301,2021-05-04,1309,12197,13506
301,2021-05-05,1357,12049,13406
301,2021-05-06,1423,11940,13363
301,2021-05-07,1251,13212,14463
301,2021-05-08,555,11827,12382
301,2021-05-09,169,7330,7499
301,2021-05-10,1078,11878,12956
301,2021-05-11,1251,12119,13370
301,2021-05-12,1262,13001,14263
301,2021-05-13,194,6968,7162
301,2021-05-14,822,12471,13293
301,2021-05-15,510,10153,10663
301,2021-05-16,168,6573,6741
301,2021-05-17,1332,11954,13286
301,2021-05-18,1165,12235,13400
301,2021-05-19,1290,12438,13728
301,2021-05-20,1402,12386,13788
301,2021-05-21,1439,13278,14717
301,2021-05-22,533,11164,11697
301,2021-05-23,188,7300,7488
301,2021-05-24,179,6015,6194
301,2021-05-25,1072,10946,12018
301,2021-05-26,1051,10840,11891
301,2021-05-27,1127,11495,12622
301,2021-05-28,1140,12569,13709
301,2021-05-29,558,12201,12759
301,2021-05-30,182,8744,8926
301,2021-05-31,1317,12335,13652
301,2021-06-01,1286,12660,13946
301,2021-06-02,1223,11961,13184
301,2021-06-03,1299,12245,13544
301,2021-06-04,1167,13006,14173
301,2021-06-05,572,12565,13137
301,2021-06-06,188,8199,8387
301,2021-06-07,1295,11706,13001
301,2021-06-08,1272,12525,13797
301,2021-06-09,1150,12546,13696
301,2021-06-10,1201,12730,13931
301,2021-06-11,1193,13422,14615
301,2021-06-12,519,11964,12483
301,2021-06-13,182,8792,8974
301,2021-06-14,1270,12716,13986
301,2021-06-15,1226,12907,14133
301,2021-06-16,1125,12730,13855
301,2021-06-17,1180,12817,13997
301,2021-06-18,1172,13520,14692
301,2021-06-19,530,12343,12873
301,2021-06-20,196,8209,8405
301,2021-06-21,1156,12368,13524
301,2021-06-22,1291,12456,13747
301,2021-06-23,207,7587,7794
301,2021-06-24,1106,11886,12992
301,2021-06-25,1143,12784,13927
301,2021-06-26,559,12009,12568
301,2021-06-27,195,8164,8359
301,2021-06-28,1364,12310,13674
301,2021-06-29,1299,11752,13051
301,2021-06-30,1254,11802,13056
301,2021-07-01,1275,12393,13668
301,2021-07-02,1144,13118,14262
301,2021-07-03,579,11973,12552
301,2021-07-04,227,7841,8068
301,2021-07-05,1123,11617,12740
301,2021-07-06,1201,12098,13299
301,2021-07-07,1253,12298,13551
301,2021-07-08,1237,12409,13646
301,2021-07-09,1250,13635,14885
301,2021-07-10,574,11787,12361
301,2021-07-11,206,7907,8113
301,2021-07-12,1202,12449,13651
301,2021-07-13,1029,10568,11597
301,2021-07-14,1042,10079,11121
301,2021-07-15,1126,11435,12561
301,2021-07-16,1261,12626,13887
301,2021-07-17,580,10964,11544
301,2021-07-18,216,8004,8220
301,2021-07-19,1019,12700,13719
301,2021-07-20,1076,13424,14500
301,2021-07-21,907,13340,14247
301,2021-07-22,838,12911,13749
301,2021-07-23,1014,13297,14311
301,2021-07-24,605,9971,10576
301,2021-07-25,202,7166,7368
301,2021-07-26,1138,10554,11692
301,2021-07-27,1190,10785,11975
301,2021-07-28,958,11413,12371
301,2021-07-29,810,11118,11928
301,2021-07-30,711,11336,12047
301,2021-07-31,390,9000,9390
301,2021-08-01,163,6205,6368
301,2021-08-02,688,9048,9736
301,2021-08-03,702,8861,9563
301,2021-08-04,657,9149,9806
301,2021-08-05,750,9236,9986
301,2021-08-06,699,9455,10154
301,2021-08-07,370,7830,8200
301,2021-08-08,152,5390,5542
301,2021-08-09,669,8465,9134
301,2021-08-10,663,8619,9282
301,2021-08-11,603,8631,9234
301,2021-08-12,652,8662,9314
301,2021-08-13,649,8978,9627
301,2021-08-14,372,7409,7781
301,2021-08-15,148,5479,5627
301,2021-08-16,622,8360,8982
301,2021-08-17,659,8639,9298
301,2021-08-18,628,8711,9339
301,2021-08-19,624,8795,9419
301,2021-08-20,591,9548,10139
301,2021-08-21,370,8071,8441
301,2021-08-22,170,5857,6027
301,2021-08-23,759,9321,10080
301,2021-08-24,753,9710,10463
301,2021-08-25,780,9924,10704
301,2021-08-26,814,10178,10992
301,2021-08-27,854,10820,11674
301,2021-08-28,472,9428,9900
301,2021-08-29,183,6878,7061
301,2021-08-30,926,10796,11722
301,2021-08-31,1013,11163,12176
301,2021-09-01,850,7944,8794
301,2021-09-02,796,8526,9322
301,2021-09-03,1041,11628,12669
301,2021-09-04,530,11015,11545
301,2021-09-05,174,7973,8147
301,2021-09-06,1044,11035,12079
301,2021-09-07,1120,12995,14115
301,2021-09-08,1018,11337,12355
301,2021-09-09,1008,11676,12684
301,2021-09-10,947,12794,13741
301,2021-09-11,437,11903,12340
301,2021-09-12,186,8272,8458
301,2021-09-13,980,11532,12512
301,2021-09-14,976,11655,12631
301,2021-09-15,922,11651,12573
301,2021-09-16,1025,12174,13199
301,2021-09-17,996,13091,14087
301,2021-09-18,448,12715,13163
301,2021-09-19,157,9756,9913
301,2021-09-20,1082,12478,13560
301,2021-09-21,1108,12551,13659
301,2021-09-22,988,12707,13695
301,2021-09-23,1092,11856,12948
301,2021-09-24,1031,12710,13741
301,2021-09-25,483,11778,12261
301,2021-09-26,180,7963,8143
301,2021-09-27,1154,11767,12921
301,2021-09-28,1228,11995,13223
301,2021-09-29,1129,11389,12518
301,2021-09-30,1123,11702,12825
301,2021-10-01,1059,12845,13904
301,2021-10-02,478,11474,11952
301,2021-10-03,166,7332,7498
301,2021-10-04,1166,11848,13014
301,2021-10-05,1188,12039,13227
301,2021-10-06,1237,11720,12957
301,2021-10-07,1224,12062,13286
301,2021-10-08,1178,13055,14233
301,2021-10-09,518,11614,12132
301,2021-10-10,210,8076,8286
301,2021-10-11,1097,11701,12798
301,2021-10-12,1048,11800,12848
301,2021-10-13,1080,11732,12812
301,2021-10-14,1028,10683,11711
301,2021-10-15,1282,12748,14030
301,2021-10-16,613,11345,11958
301,2021-10-17,187,7638,7825
301,2021-10-18,1242,12911,14153
301,2021-10-19,1213,13597,14810
301,2021-10-20,1337,12956,14293
301,2021-10-21,1267,12920,14187
301,2021-10-22,1271,14010,15281
301,2021-10-23,557,12512,13069
301,2021-10-24,180,9078,9258
301,2021-10-25,1220,12966,14186
301,2021-10-26,1195,13228,14423
301,2021-10-27,1229,12792,14021
301,2021-10-28,1245,12584,13829
301,2021-10-29,1122,13255,14377
301,2021-10-30,458,10750,11208
301,2021-11-01,173,6726,6899
301,2021-11-02,1341,11189,12530
301,2021-11-03,1189,11575,12764
301,2021-11-04,1251,11577,12828
301,2021-11-05,1162,12219,13381
301,2021-11-06,585,11149,11734
301,2021-11-07,238,7191,7429
301,2021-11-08,1224,11348,12572
301,2021-11-09,1213,11781,12994
301,2021-11-10,1123,11289,12412
301,2021-11-11,1086,12219,13305
301,2021-11-12,1159,12534,13693
301,2021-11-13,456,10939,11395
301,2021-11-14,180,7373,7553
301,2021-11-15,1167,11502,12669
301,2021-11-16,1142,11489,12631
301,2021-11-17,1197,11595,12792
301,2021-11-18,1133,11542,12675
301,2021-11-19,1247,12831,14078
301,2021-11-20,536,11642,12178
301,2021-11-21,178,7077,7255
301,2021-11-22,1251,11323,12574
301,2021-11-23,1178,11862,13040
301,2021-11-24,1228,11718,12946
301,2021-11-25,1292,11473,12765
301,2021-11-26,1249,12056,13305
301,2021-11-27,482,11188,11670
301,2021-11-28,188,7758,7946
301,2021-11-29,1189,11661,12850
301,2021-11-30,1099,11543,12642
301,2021-12-01,1180,11414,12594
301,2021-12-02,1299,12039,13338
301,2021-12-03,1069,12422,13491
301,2021-12-04,456,10933,11389
301,2021-12-05,166,7592,7758
301,2021-12-06,1218,11259,12477
301,2021-12-07,1262,11835,13097
301,2021-12-08,1329,11868,13197
301,2021-12-09,1178,11765,12943
301,2021-12-10,1120,11852,12972
301,2021-12-11,500,11791,12291
301,2021-12-12,188,7546,7734
301,2021-12-13,1141,11424,12565
301,2021-12-14,1084,11878,12962
301,2021-12-15,1108,12048,13156
301,2021-12-16,1090,12710,13800
301,2021-12-17,1014,12874,13888
301,2021-12-18,442,10701,11143
301,2021-12-19,173,7329,7502
301,2021-12-20,601,10652,11253
301,2021-12-21,597,11122,11719
301,2021-12-22,622,10931,11553
301,2021-12-23,574,11053,11627
301,2021-12-24,444,9734,10178
301,2021-12-25,104,5054,5158
301,2021-12-26,118,4794,4912
301,2021-12-27,477,8294,8771
301,2021-12-28,501,8359,8860
301,2021-12-29,470,8585,9055
301,2021-12-30,525,9025,9550
301,2021-12-31,456,8925,9381
302,2021-01-02,37,1517,1554
302,2021-01-03,15,1176,1191
302,2021-01-04,327,4737,5064
302,2021-01-05,374,4902,5276
302,2021-01-06,336,4859,5195
302,2021-01-07,395,5143,5538
302,2021-01-08,415,5138,5553
302,2021-01-09,51,2099,2150
302,2021-01-10,17,1374,1391
302,2021-01-11,711,6382,7093
302,2021-01-12,535,6203,6738
302,2021-01-13,649,6491,7140
302,2021-01-14,561,5898,6459
302,2021-01-15,516,5966,6482
302,2021-01-16,53,2321,2374
302,2021-01-17,18,1278,1296
302,2021-01-18,620,6426,7046
302,2021-01-19,692,6212,6904
302,2021-01-20,770,6426,7196
302,2021-01-21,671,6250,6921
302,2021-01-22,585,6403,6988
302,2021-01-23,56,2758,2814
302,2021-01-24,21,1395,1416
302,2021-01-25,637,6395,7032
302,2021-01-26,626,5998,6624
302,2021-01-27,390,5854,6244
302,2021-01-28,157,4704,4861
302,2021-01-29,144,5240,5384
302,2021-01-30,13,1762,1775
302,2021-01-31,2,1017,1019
302,2021-02-01,165,5393,5558
302,2021-02-02,184,5368,5552
302,2021-02-03,159,4891,5050
302,2021-02-04,172,6143,6315
302,2021-02-05,138,6126,6264
302,2021-02-06,27,2224,2251
302,2021-02-07,2,1186,1188
302,2021-02-08,124,5495,5619
302,2021-02-09,136,5801,5937
302,2021-02-10,169,5867,6036
302,2021-02-11,142,6007,6149
302,2021-02-12,139,5975,6114
302,2021-02-13,18,2514,2532
302,2021-02-14,3,1360,1363
302,2021-02-15,144,5672,5816
302,2021-02-16,151,5749,5900
302,2021-02-17,160,5657,5817
302,2021-02-18,144,5569,5713
302,2021-02-19,111,5649,5760
302,2021-02-20,14,2470,2484
302,2021-02-21,1,1448,1449
302,2021-02-22,200,5979,6179
302,2021-02-23,191,6225,6416
302,2021-02-24,207,6100,6307
302,2021-02-25,207,6150,6357
302,2021-02-26,190,5871,6061
302,2021-02-27,26,2726,2752
302,2021-02-28,2,1450,1452
302,2021-03-01,180,6362,6542
302,2021-03-02,168,6315,6483
302,2021-03-03,180,6284,6464
302,2021-03-04,178,5771,5949
302,2021-03-05,378,7398,7776
302,2021-03-06,42,2885,2927
302,2021-03-07,1,1630,1631
302,2021-03-08,293,6759,7052
302,2021-03-09,352,6688,7040
302,2021-03-10,319,6584,6903
302,2021-03-11,365,6415,6780
302,2021-03-12,356,6787,7143
302,2021-03-13,76,2854,2930
302,2021-03-14,6,1561,1567
302,2021-03-15,467,6762,7229
302,2021-03-16,586,7454,8040
302,2021-03-17,449,6657,7106
302,2021-03-18,415,6578,6993
302,2021-03-19,427,6695,7122
302,2021-03-20,113,2908,3021
302,2021-03-21,4,1588,1592
302,2021-03-22,649,6618,7267
302,2021-03-23,536,6768,7304
302,2021-03-24,450,6900,7350
302,2021-03-25,439,6839,7278
302,2021-03-26,397,6828,7225
302,2021-03-27,56,2787,2843
302,2021-03-29,435,6669,7104
302,2021-03-30,410,7001,7411
302,2021-03-31,450,6995,7445
302,2021-04-01,480,6896,7376
302,2021-04-02,362,7322,7684
302,2021-04-03,56,3067,3123
302,2021-04-04,4,1700,1704
302,2021-04-05,7,1345,1352
302,2021-04-06,418,6532,6950
302,2021-04-07,500,6375,6875
302,2021-04-08,455,6592,7047
302,2021-04-09,429,6477,6906
302,2021-04-10,53,2633,2686
302,2021-04-11,3,1360,1363
302,2021-04-12,388,6276,6664
302,2021-04-13,67,1273,1340
302,2021-04-14,444,5863,6307
302,2021-04-15,433,6191,6624
302,2021-04-16,440,6265,6705
302,2021-04-17,65,2954,3019
302,2021-04-18,9,1655,1664
302,2021-04-19,453,6893,7346
302,2021-04-20,500,7059,7559
302,2021-04-21,439,6832,7271
302,2021-04-22,463,7744,8207
302,2021-04-23,428,7152,7580
302,2021-04-24,66,3099,3165
302,2021-04-25,3,1771,1774
302,2021-04-26,461,7235,7696
302,2021-04-27,426,7233,7659
302,2021-04-28,409,7274,7683
302,2021-04-29,436,7176,7612
302,2021-04-30,458,7497,7955
302,2021-05-01,16,1991,2007
302,2021-05-02,9,1839,1848
302,2021-05-03,533,7756,8289
302,2021-05-04,495,10497,10992
302,2021-05-05,495,7704,8199
302,2021-05-06,457,7353,7810
302,2021-05-07,430,7809,8239
302,2021-05-08,51,3302,3353
302,2021-05-09,6,1810,1816
302,2021-05-10,489,6995,7484
302,2021-05-11,473,7334,7807
302,2021-05-12,475,7401,7876
302,2021-05-13,10,1810,1820
302,2021-05-14,258,5242,5500
302,2021-05-15,40,2561,2601
302,2021-05-16,13,1744,1757
302,2021-05-17,440,7191,7631
302,2021-05-18,435,6975,7410
302,2021-05-19,487,7350,7837
302,2021-05-20,601,7178,7779
302,2021-05-21,513,7344,7857
302,2021-05-22,51,2773,2824
302,2021-05-23,6,1690,1696
302,2021-05-24,12,1484,1496
302,2021-05-25,456,6781,7237
302,2021-05-26,391,6676,7067
302,2021-05-27,389,7012,7401
302,2021-05-28,378,6785,7163
302,2021-05-29,86,2885,2971
302,2021-05-30,16,1945,1961
302,2021-05-31,409,7593,8002
302,2021-06-01,513,8019,8532
302,2021-06-02,504,7528,8032
302,2021-06-03,383,7296,7679
302,2021-06-04,533,10330,10863
302,2021-06-05,400,16321,16721
302,2021-06-06,70,10098,10168
302,2021-06-07,401,7133,7534
302,2021-06-08,501,8218,8719
302,2021-06-09,481,8204,8685
302,2021-06-10,388,7454,7842
302,2021-06-11,404,7404,7808
302,2021-06-12,173,3134,3307
302,2021-06-13,3,2066,2069
302,2021-06-14,576,7476,8052
302,2021-06-15,467,7623,8090
302,2021-06-16,439,7204,7643
302,2021-06-17,380,7169,7549
302,2021-06-18,458,7497,7955
302,2021-06-19,118,3076,3194
302,2021-06-20,0,1776,1776
302,2021-06-21,440,6897,7337
302,2021-06-22,498,7251,7749
302,2021-06-23,36,1901,1937
302,2021-06-24,507,6842,7349
302,2021-06-25,397,6923,7320
302,2021-06-26,58,2911,2969
302,2021-06-27,3,1885,1888
302,2021-06-28,399,7415,7814
302,2021-06-29,387,7071,7458
302,2021-06-30,386,7002,7388
302,2021-07-01,442,7222,7664
302,2021-07-02,387,7041,7428
302,2021-07-03,86,3146,3232
302,2021-07-04,17,1893,1910
302,2021-07-05,433,6913,7346
302,2021-07-06,422,7169,7591
302,2021-07-07,441,7118,7559
302,2021-07-08,425,7341,7766
302,2021-07-09,410,7485,7895
302,2021-07-10,77,3150,3227
302,2021-07-11,7,1911,1918
302,2021-07-12,400,6733,7133
302,2021-07-13,370,6861,7231
302,2021-07-14,353,6727,7080
302,2021-07-15,200,2014,2214
302,2021-07-16,119,2083,2202
302,2021-07-17,63,2566,2629
302,2021-07-18,10,1784,1794
302,2021-07-19,377,6337,6714
302,2021-07-20,341,6322,6663
302,2021-07-21,356,6427,6783
302,2021-07-22,357,6608,6965
302,2021-07-23,344,6358,6702
302,2021-07-24,74,2834,2908
302,2021-07-25,19,1845,1864
302,2021-07-26,328,5952,6280
302,2021-07-27,343,5973,6316
302,2021-07-28,352,6097,6449
302,2021-07-29,293,5814,6107
302,2021-07-30,242,5645,5887
302,2021-07-31,33,2265,2298
302,2021-08-01,10,1478,1488
302,2021-08-02,208,4580,4788
302,2021-08-03,239,4522,4761
302,2021-08-04,208,4429,4637
302,2021-08-05,188,4483,4671
302,2021-08-06,184,4542,4726
302,2021-08-07,18,1992,2010
302,2021-08-08,9,1393,1402
302,2021-08-09,179,4060,4239
302,2021-08-10,182,4310,4492
302,2021-08-11,191,4211,4402
302,2021-08-12,160,4244,4404
302,2021-08-13,171,4090,4261
302,2021-08-14,29,1967,1996
302,2021-08-15,3,1453,1456
302,2021-08-16,171,4198,4369
302,2021-08-17,198,4236,4434
302,2021-08-18,165,4233,4398
302,2021-08-19,200,4323,4523
302,2021-08-20,181,4323,4504
302,2021-08-21,26,1972,1998
302,2021-08-22,7,1356,1363
302,2021-08-23,274,5150,5424
302,2021-08-24,283,5352,5635
302,2021-08-25,289,5654,5943
302,2021-08-26,302,5642,5944
302,2021-08-27,463,8089,8552
302,2021-08-28,65,5940,6005
302,2021-08-29,134,13680,13814
302,2021-08-30,440,7522,7962
302,2021-08-31,422,7976,8398
302,2021-09-01,485,7825,8310
302,2021-09-02,498,7311,7809
302,2021-09-03,563,10396,10959
302,2021-09-04,573,19994,20567
302,2021-09-05,101,7244,7345
302,2021-09-06,400,5754,6154
302,2021-09-07,374,5835,6209
302,2021-09-08,434,5798,6232
302,2021-09-09,440,5929,6369
302,2021-09-10,444,5924,6368
302,2021-09-11,42,2624,2666
302,2021-09-12,2,1643,1645
302,2021-09-13,447,6029,6476
302,2021-09-14,500,6950,7450
302,2021-09-15,499,6129,6628
302,2021-09-16,484,6272,6756
302,2021-09-17,393,6213,6606
302,2021-09-18,53,2721,2774
302,2021-09-19,10,1737,1747
302,2021-09-20,444,6521,6965
302,2021-09-21,487,6666,7153
302,2021-09-22,535,6286,6821
302,2021-09-23,509,6615,7124
302,2021-09-24,451,6393,6844
302,2021-09-25,41,2630,2671
302,2021-09-26,2,1607,1609
302,2021-09-27,596,6720,7316
302,2021-09-28,611,10293,10904
302,2021-09-29,533,7299,7832
302,2021-09-30,535,6994,7529
302,2021-10-01,432,6623,7055
302,2021-10-02,79,2538,2617
302,2021-10-03,3,1619,1622
302,2021-10-04,496,6680,7176
302,2021-10-05,550,6975,7525
302,2021-10-06,526,6633,7159
302,2021-10-07,495,6864,7359
302,2021-10-08,445,6572,7017
302,2021-10-09,74,2916,2990
302,2021-10-10,10,1625,1635
302,2021-10-11,500,6519,7019
302,2021-10-12,495,6720,7215
302,2021-10-13,494,6645,7139
302,2021-10-14,557,6855,7412
302,2021-10-15,485,6487,6972
302,2021-10-16,57,2955,3012
302,2021-10-17,3,1695,1698
302,2021-10-18,533,6815,7348
302,2021-10-19,537,6800,7337
302,2021-10-20,583,6302,6885
302,2021-10-21,558,5738,6296
302,2021-10-22,513,6489,7002
302,2021-10-23,65,3005,3070
302,2021-10-24,7,1709,1716
302,2021-10-25,594,6461,7055
302,2021-10-26,558,6996,7554
302,2021-10-27,568,6245,6813
302,2021-10-28,596,6634,7230
302,2021-10-29,650,6722,7372
302,2021-10-30,66,2458,2524
302,2021-11-01,7,1435,1442
302,2021-11-02,528,5850,6378
302,2021-11-03,481,5869,6350
302,2021-11-04,494,5881,6375
302,2021-11-05,500,6016,6516
302,2021-11-06,60,2712,2772
302,2021-11-07,4,1480,1484
302,2021-11-08,561,6746,7307
302,2021-11-09,581,7414,7995
302,2021-11-10,591,6886,7477
302,2021-11-11,545,6709,7254
302,2021-11-12,577,6842,7419
302,2021-11-13,53,2724,2777
302,2021-11-14,5,1676,1681
302,2021-11-15,560,6622,7182
302,2021-11-16,490,6851,7341
302,2021-11-17,513,7179,7692
302,2021-11-18,547,6847,7394
302,2021-11-19,499,6886,7385
302,2021-11-20,74,2846,2920
302,2021-11-21,9,1578,1587
302,2021-11-22,512,6498,7010
302,2021-11-23,484,6724,7208
302,2021-11-24,503,6661,7164
302,2021-11-25,552,6857,7409
302,2021-11-26,477,6810,7287
302,2021-11-27,66,2528,2594
302,2021-11-28,12,1717,1729
302,2021-11-29,505,6719,7224
302,2021-11-30,422,6626,7048
302,2021-12-01,462,6270,6732
302,2021-12-02,443,6426,6869
302,2021-12-03,365,6594,6959
302,2021-12-04,66,2504,2570
302,2021-12-05,8,1503,1511
302,2021-12-06,355,6264,6619
302,2021-12-07,397,6680,7077
302,2021-12-08,406,6415,6821
302,2021-12-09,388,6718,7106
302,2021-12-10,365,6172,6537
302,2021-12-11,42,2713,2755
302,2021-12-12,5,1464,1469
302,2021-12-13,387,6433,6820
302,2021-12-14,380,6549,6929
302,2021-12-15,420,6611,7031
302,2021-12-16,402,7072,7474
302,2021-12-17,347,6851,7198
302,2021-12-18,69,3254,3323
302,2021-12-19,4,1700,1704
302,2021-12-20,253,5524,5777
302,2021-12-21,303,6284,6587
302,2021-12-22,234,5482,5716
302,2021-12-23,184,5177,5361
302,2021-12-24,95,3476,3571
302,2021-12-25,2,1315,1317
302,2021-12-26,6,1190,1196
302,2021-12-27,95,3253,3348
302,2021-12-29,94,3348,3442
302,2021-12-30,127,3598,3725
302,2021-12-31,82,2738,2820
303,2021-01-01,28,5736,5764
303,2021-01-02,124,8853,8977
303,2021-01-03,46,6896,6942
303,2021-01-04,196,13028,13224
303,2021-01-05,273,13744,14017
303,2021-01-06,230,13835,14065
303,2021-01-07,261,14361,14622
303,2021-01-08,294,14996,15290
303,2021-01-09,126,11007,11133
303,2021-01-10,63,7972,8035
303,2021-01-11,359,17007,17366
303,2021-01-12,265,16197,16462
303,2021-01-13,327,16726,17053
303,2021-01-14,242,13921,14163
303,2021-01-15,278,15858,16136
303,2021-01-16,119,13152,13271
303,2021-01-17,50,7548,7598
303,2021-01-18,329,16815,17144
303,2021-01-19,364,17137,17501
303,2021-01-20,334,17328,17662
303,2021-01-21,345,16283,16628
303,2021-01-22,330,17136,17466
303,2021-01-23,131,14176,14307
303,2021-01-24,63,8863,8926
303,2021-01-25,367,16795,17162
303,2021-01-26,390,17220,17610
303,2021-01-27,305,16618,16923
303,2021-01-28,256,16439,16695
303,2021-01-29,283,17479,17762
303,2021-01-30,106,11136,11242
303,2021-01-31,28,6707,6735
303,2021-02-01,311,15327,15638
303,2021-02-02,337,17169,17506
303,2021-02-03,273,16256,16529
303,2021-02-04,395,17614,18009
303,2021-02-05,380,17894,18274
303,2021-02-06,96,11889,11985
303,2021-02-07,43,8646,8689
303,2021-02-08,365,16229,16594
303,2021-03-17,360,17170,17530
303,2021-03-18,399,17344,17743
303,2021-03-19,374,18598,18972
303,2021-03-20,185,15619,15804
303,2021-03-21,40,9307,9347
303,2021-03-22,346,16775,17121
303,2021-03-23,378,17024,17402
303,2021-03-24,408,17581,17989
303,2021-03-25,393,17689,18082
303,2021-03-26,426,18178,18604
303,2021-03-27,148,14813,14961
303,2021-03-29,372,16683,17055
303,2021-03-30,352,17252,17604
303,2021-03-31,419,17473,17892
303,2021-04-01,345,17719,18064
303,2021-04-02,369,18026,18395
303,2021-04-03,158,15453,15611
303,2021-04-04,41,9535,9576
303,2021-04-05,34,7872,7906
303,2021-04-06,626,16474,17100
303,2021-04-07,576,16768,17344
303,2021-04-08,455,15707,16162
303,2021-04-09,496,17773,18269
303,2021-04-10,139,13798,13937
303,2021-04-11,25,8039,8064
303,2021-04-12,504,16425,16929
303,2021-04-13,533,16870,17403
303,2021-04-14,556,17127,17683
303,2021-04-15,535,16883,17418
303,2021-04-16,543,17518,18061
303,2021-04-17,144,14813,14957
303,2021-04-18,51,9633,9684
303,2021-04-19,361,17374,17735
303,2021-04-20,360,17417,17777
303,2021-04-21,372,17555,17927
303,2021-04-22,382,17623,18005
303,2021-04-23,389,18374,18763
303,2021-04-24,143,15934,16077
303,2021-04-25,34,11075,11109
303,2021-04-26,372,17414,17786
303,2021-04-27,378,17359,17737
303,2021-04-28,372,18023,18395
303,2021-04-29,404,17971,18375
303,2021-04-30,400,18916,19316
303,2021-05-01,45,10445,10490
303,2021-05-02,34,10866,10900
303,2021-05-03,397,17445,17842
303,2021-05-04,360,17224,17584
303,2021-05-05,425,17766,18191
303,2021-05-06,358,17630,17988
303,2021-05-07,441,17373,17814
303,2021-05-08,255,14842,15097
303,2021-05-09,165,10926,11091
303,2021-05-10,358,17389,17747
303,2021-05-11,385,17869,18254
303,2021-05-12,400,18587,18987
303,2021-05-13,55,9841,9896
303,2021-05-14,391,17539,17930
303,2021-05-15,294,15276,15570
303,2021-05-16,174,10089,10263
303,2021-05-17,376,16941,17317
303,2021-05-18,409,17394,17803
303,2021-05-19,426,17806,18232
303,2021-05-20,431,18082,18513
303,2021-05-21,435,18816,19251
303,2021-05-22,220,14687,14907
303,2021-05-23,139,10654,10793
303,2021-05-24,72,8538,8610
303,2021-05-25,399,17090,17489
303,2021-05-26,389,16683,17072
303,2021-05-27,395,17169,17564
303,2021-05-28,449,17869,18318
303,2021-05-29,156,14943,15099
303,2021-05-30,152,11599,11751
303,2021-05-31,381,17376,17757
303,2021-06-01,391,18018,18409
303,2021-06-02,364,17855,18219
303,2021-06-03,381,17715,18096
303,2021-06-04,421,17405,17826
303,2021-06-05,122,15879,16001
303,2021-06-06,69,10629,10698
303,2021-06-07,379,17688,18067
303,2021-06-08,393,17790,18183
303,2021-06-09,385,17892,18277
303,2021-06-10,395,18234,18629
303,2021-06-11,369,19177,19546
303,2021-06-12,203,16692,16895
303,2021-06-13,48,12746,12794
303,2021-06-14,370,17671,18041
303,2021-06-15,405,17039,17444
303,2021-06-16,374,17835,18209
303,2021-06-17,352,18315,18667
303,2021-06-18,417,18727,19144
303,2021-06-19,299,15590,15889
303,2021-06-20,146,10728,10874
303,2021-06-21,379,17428,17807
303,2021-06-22,391,17937,18328
303,2021-06-23,77,10433,10510
303,2021-06-24,379,17412,17791
303,2021-06-25,431,18732,19163
303,2021-06-26,168,15578,15746
303,2021-06-27,45,11937,11982
303,2021-06-28,449,17781,18230
303,2021-06-29,430,17895,18325
303,2021-06-30,434,17872,18306
303,2021-07-01,417,18254,18671
303,2021-07-02,385,19141,19526
303,2021-07-03,135,16692,16827
303,2021-07-04,54,11062,11116
303,2021-07-05,433,17844,18277
303,2021-07-06,349,17463,17812
303,2021-07-07,391,18344,18735
303,2021-07-08,419,18159,18578
303,2021-07-09,409,17179,17588
303,2021-07-10,173,16277,16450
303,2021-07-11,41,11775,11816
303,2021-07-12,436,17939,18375
303,2021-07-13,371,16913,17284
303,2021-07-14,469,16271,16740
303,2021-07-15,339,17136,17475
303,2021-07-16,446,18470,18916
303,2021-07-17,231,15800,16031
303,2021-07-18,46,11899,11945
303,2021-07-19,403,17162,17565
303,2021-07-20,412,17661,18073
303,2021-07-21,374,17217,17591
303,2021-07-22,403,17530,17933
303,2021-07-23,390,17658,18048
303,2021-07-24,142,14124,14266
303,2021-07-25,45,10440,10485
303,2021-07-26,414,16140,16554
303,2021-07-27,341,17113,17454
303,2021-07-28,395,17277,17672
303,2021-07-29,383,17507,17890
303,2021-07-30,331,17279,17610
303,2021-07-31,141,13459,13600
303,2021-08-01,41,9936,9977
303,2021-08-02,258,14700,14958
303,2021-08-03,280,14408,14688
303,2021-08-04,270,15079,15349
303,2021-08-05,270,15129,15399
303,2021-08-06,270,15544,15814
303,2021-08-07,103,12216,12319
303,2021-08-08,54,9076,9130
303,2021-08-09,253,14233,14486
303,2021-08-10,269,14493,14762
303,2021-08-11,282,14653,14935
303,2021-08-12,278,14643,14921
303,2021-08-13,293,15037,15330
303,2021-08-14,119,12057,12176
303,2021-08-15,165,9313,9478
303,2021-08-16,303,13844,14147
303,2021-08-17,299,14086,14385
303,2021-08-18,269,14605,14874
303,2021-08-19,270,14981,15251
303,2021-08-20,282,15320,15602
303,2021-08-21,238,12641,12879
303,2021-08-22,168,9569,9737
303,2021-08-23,316,15312,15628
303,2021-08-24,325,15972,16297
303,2021-08-25,365,16090,16455
303,2021-08-26,402,17159,17561
303,2021-08-27,379,16885,17264
303,2021-08-28,345,12019,12364
303,2021-08-29,166,10851,11017
303,2021-08-30,696,15839,16535
303,2021-08-31,720,16357,17077
303,2021-09-01,761,16715,17476
303,2021-09-02,772,17024,17796
303,2021-09-03,686,17590,18276
303,2021-09-04,340,14717,15057
303,2021-09-05,187,11697,11884
303,2021-09-06,708,15202,15910
303,2021-09-07,730,16171,16901
303,2021-09-08,709,16492,17201
303,2021-09-09,733,16547,17280
303,2021-09-10,723,17176,17899
303,2021-09-11,378,15224,15602
303,2021-09-12,195,12724,12919
303,2021-09-13,376,17438,17814
303,2021-09-14,426,17731,18157
303,2021-09-15,381,17322,17703
303,2021-09-16,414,17682,18096
303,2021-09-17,453,19051,19504
303,2021-09-18,144,15154,15298
303,2021-09-19,49,11602,11651
303,2021-09-20,365,16598,16963
303,2021-09-21,396,17222,17618
303,2021-09-22,395,17143,17538
303,2021-09-23,405,17880,18285
303,2021-09-24,464,18775,19239
303,2021-09-25,165,16568,16733
303,2021-09-26,49,11367,11416
303,2021-09-27,398,16821,17219
303,2021-09-28,391,18071,18462
303,2021-09-29,464,17962,18426
303,2021-09-30,429,17933,18362
303,2021-10-01,490,19299,19789
303,2021-10-02,143,17174,17317
303,2021-10-03,58,11516,11574
303,2021-10-04,479,17242,17721
303,2021-10-05,446,17052,17498
303,2021-10-06,436,17674,18110
303,2021-10-07,438,17717,18155
303,2021-10-08,483,18857,19340
303,2021-10-09,189,17213,17402
303,2021-10-10,70,12151,12221
303,2021-10-11,455,17736,18191
303,2021-10-12,475,17728,18203
303,2021-10-13,394,17875,18269
303,2021-10-14,475,17760,18235
303,2021-10-15,484,18791,19275
303,2021-10-16,196,16361,16557
303,2021-10-17,59,11719,11778
303,2021-10-18,418,17563,17981
303,2021-10-19,357,17731,18088
303,2021-10-20,376,17587,17963
303,2021-10-21,320,16635,16955
303,2021-10-22,380,19176,19556
303,2021-10-23,176,17188,17364
303,2021-10-24,76,13576,13652
303,2021-10-25,425,17552,17977
303,2021-10-26,404,18217,18621
303,2021-10-27,467,18488,18955
303,2021-10-28,460,18583,19043
303,2021-10-29,471,19297,19768
303,2021-10-30,357,15802,16159
303,2021-11-01,159,10918,11077
303,2021-11-02,718,17130,17848
303,2021-11-03,679,17237,17916
303,2021-11-04,754,17654,18408
303,2021-11-05,760,17777,18537
303,2021-11-06,447,16306,16753
303,2021-11-07,160,10519,10679
303,2021-11-08,444,17262,17706
303,2021-11-09,451,17292,17743
303,2021-11-10,474,16982,17456
303,2021-11-11,404,17418,17822
303,2021-11-12,445,18393,18838
303,2021-11-13,155,16166,16321
303,2021-11-14,54,11111,11165
303,2021-11-15,397,17280,17677
303,2021-11-16,404,17394,17798
303,2021-11-17,443,17623,18066
303,2021-11-18,448,17772,18220
303,2021-11-19,449,19176,19625
303,2021-11-20,188,17040,17228
303,2021-11-21,44,11386,11430
303,2021-11-22,442,17453,17895
303,2021-11-23,464,17459,17923
303,2021-11-24,448,17645,18093
303,2021-11-25,461,17181,17642
303,2021-11-26,489,18418,18907
303,2021-11-27,191,16462,16653
303,2021-11-28,73,12625,12698
303,2021-11-29,374,16101,16475
303,2021-11-30,371,16839,17210
303,2021-12-01,315,17279,17594
303,2021-12-02,399,17966,18365
303,2021-12-03,442,18567,19009
303,2021-12-04,138,16116,16254
303,2021-12-05,55,11941,11996
303,2021-12-06,390,16785,17175
303,2021-12-07,430,17544,17974
303,2021-12-08,481,17918,18399
303,2021-12-09,391,18039,18430
303,2021-12-10,392,17866,18258
303,2021-12-11,140,16535,16675
303,2021-12-12,77,12152,12229
303,2021-12-13,463,17397,17860
303,2021-12-14,521,17863,18384
303,2021-12-15,471,17932,18403
303,2021-12-16,475,18752,19227
303,2021-12-17,373,19153,19526
303,2021-12-18,208,15802,16010
303,2021-12-19,52,11647,11699
303,2021-12-20,294,16937,17231
303,2021-12-21,366,17338,17704
303,2021-12-22,347,17114,17461
303,2021-12-23,324,16957,17281
303,2021-12-24,207,14366,14573
303,2021-12-25,25,7991,8016
303,2021-12-26,37,7774,7811
303,2021-12-27,189,13569,13758
303,2021-12-28,248,13293,13541
303,2021-12-29,205,13507,13712
303,2021-12-30,240,14613,14853
303,2021-12-31,173,13350,13523
304,2021-01-01,38,2930,2968
304,2021-01-02,273,4945,5218
304,2021-01-03,62,3643,3705
304,2021-01-04,699,8178,8877
304,2021-01-05,731,8587,9318
304,2021-01-06,744,8692,9436
304,2021-01-07,755,8854,9609
304,2021-01-08,787,9479,10266
304,2021-01-09,328,6255,6583
304,2021-01-10,60,3960,4020
304,2021-01-11,986,11941,12927
304,2021-01-12,981,11945,12926
304,2021-01-13,985,12002,12987
304,2021-01-14,846,10887,11733
304,2021-01-15,869,11156,12025
304,2021-01-16,316,7950,8266
304,2021-01-17,52,3808,3860
304,2021-01-18,994,11425,12419
304,2021-01-19,977,11819,12796
304,2021-01-20,984,12123,13107
304,2021-01-21,923,12115,13038
304,2021-01-22,942,12393,13335
304,2021-01-23,314,8765,9079
304,2021-01-24,70,4369,4439
304,2021-01-25,878,10900,11778
304,2021-01-26,1076,11909,12985
304,2021-01-27,884,11127,12011
304,2021-01-28,894,12052,12946
304,2021-01-29,992,12778,13770
304,2021-01-30,316,8851,9167
304,2021-01-31,79,4479,4558
304,2021-02-01,997,11684,12681
304,2021-02-02,920,12310,13230
304,2021-02-03,1004,11893,12897
304,2021-02-04,1011,12424,13435
304,2021-02-05,972,12788,13760
304,2021-02-06,306,8739,9045
304,2021-02-07,96,4375,4471
304,2021-02-08,990,10920,11910
304,2021-02-09,1007,11233,12240
304,2021-02-10,950,11496,12446
304,2021-02-11,941,11663,12604
304,2021-02-12,972,12178,13150
304,2021-02-13,359,8908,9267
304,2021-02-14,70,4679,4749
304,2021-02-15,954,10866,11820
304,2021-02-16,921,11847,12768
304,2021-02-17,953,11477,12430
304,2021-02-18,931,11613,12544
304,2021-02-19,923,11931,12854
304,2021-02-20,323,8813,9136
304,2021-02-21,75,5380,5455
304,2021-02-22,1070,11649,12719
304,2021-02-23,1016,12392,13408
304,2021-02-24,1030,12434,13464
304,2021-02-25,981,12593,13574
304,2021-02-26,1037,13272,14309
304,2021-02-27,367,9564,9931
304,2021-02-28,97,5286,5383
304,2021-03-01,1116,12026,13142
304,2021-03-02,1113,12276,13389
304,2021-03-03,1060,12237,13297
304,2021-03-04,1030,12298,13328
304,2021-03-05,1106,12894,14000
304,2021-03-06,405,9264,9669
304,2021-03-07,107,5107,5214
304,2021-03-08,1107,11989,13096
304,2021-03-09,1163,12253,13416
304,2021-03-10,1164,12283,13447
304,2021-03-11,1030,12160,13190
304,2021-03-12,1158,12530,13688
304,2021-03-13,379,8253,8632
304,2021-03-14,103,4626,4729
304,2021-03-15,1109,11938,13047
304,2021-03-16,1094,11760,12854
304,2021-03-17,1063,11961,13024
304,2021-03-18,1022,12107,13129
304,2021-03-19,1085,12768,13853
304,2021-03-20,451,9185,9636
304,2021-03-21,97,4837,4934
304,2021-03-22,1085,11739,12824
304,2021-03-23,1046,12055,13101
304,2021-03-24,1075,12179,13254
304,2021-03-25,998,12309,13307
304,2021-03-26,1104,12876,13980
304,2021-03-27,367,9416,9783
304,2021-03-29,1105,12358,13463
304,2021-03-30,1066,12702,13768
304,2021-03-31,1031,12813,13844
304,2021-04-01,1107,13069,14176
304,2021-04-02,1175,13143,14318
304,2021-04-03,408,9287,9695
304,2021-04-04,73,4854,4927
304,2021-04-05,104,4146,4250
304,2021-04-06,1144,11520,12664
304,2021-04-07,1090,11682,12772
304,2021-04-08,1103,12274,13377
304,2021-04-09,1098,11549,12647
304,2021-04-10,355,8384,8739
304,2021-04-11,73,4183,4256
304,2021-04-12,1083,11525,12608
304,2021-04-13,1064,11887,12951
304,2021-04-14,1086,11826,12912
304,2021-04-15,1048,12610,13658
304,2021-04-16,1050,12448,13498
304,2021-04-17,418,9170,9588
304,2021-04-18,97,4876,4973
304,2021-04-19,1123,11915,13038
304,2021-04-20,1104,12578,13682
304,2021-04-21,1066,12474,13540
304,2021-04-22,1117,12838,13955
304,2021-04-23,1093,13374,14467
304,2021-04-24,432,9901,10333
304,2021-04-25,100,5771,5871
304,2021-04-26,1162,12292,13454
304,2021-04-27,1107,12709,13816
304,2021-04-28,1114,12678,13792
304,2021-04-29,1175,13033,14208
304,2021-04-30,1140,13598,14738
304,2021-05-01,116,5522,5638
304,2021-05-02,61,5351,5412
304,2021-05-03,1073,12383,13456
304,2021-05-04,1063,11961,13024
304,2021-05-05,1085,12382,13467
304,2021-05-06,1073,12597,13670
304,2021-05-07,1073,13405,14478
304,2021-05-08,453,9684,10137
304,2021-05-09,83,5755,5838
304,2021-05-11,1098,12164,13262
304,2021-05-12,1151,13114,14265
304,2021-05-13,134,5275,5409
304,2021-05-14,942,12256,13198
304,2021-05-15,409,9393,9802
304,2021-05-16,127,4881,5008
304,2021-05-17,1054,11817,12871
304,2021-05-18,1071,12406,13477
304,2021-05-19,1183,12827,14010
304,2021-05-20,1136,13073,14209
304,2021-05-21,1193,13408,14601
304,2021-05-22,462,9450,9912
304,2021-05-23,92,5217,5309
304,2021-05-24,124,4278,4402
304,2021-05-25,1033,13879,14912
304,2021-05-26,895,13237,14132
304,2021-05-27,903,13220,14123
304,2021-05-28,920,13012,13932
304,2021-05-29,406,9098,9504
304,2021-05-30,104,6024,6128
304,2021-05-31,1097,12412,13509
304,2021-06-01,1131,13173,14304
304,2021-06-02,1178,12705,13883
304,2021-06-03,1257,12815,14072
304,2021-06-04,1058,12980,14038
304,2021-06-05,560,10513,11073
304,2021-06-06,104,6192,6296
304,2021-06-07,1237,12386,13623
304,2021-06-08,1214,12884,14098
304,2021-06-09,1168,12890,14058
304,2021-06-10,1142,13117,14259
304,2021-06-11,1101,13759,14860
304,2021-06-12,414,10230,10644
304,2021-06-13,87,6827,6914
304,2021-06-14,1099,12351,13450
304,2021-06-15,1104,12874,13978
304,2021-06-16,1115,12867,13982
304,2021-06-17,1118,13203,14321
304,2021-06-18,1123,13501,14624
304,2021-06-19,426,9974,10400
304,2021-06-20,97,6182,6279
304,2021-06-21,1156,12537,13693
304,2021-06-22,1115,13236,14351
304,2021-06-23,203,5601,5804
304,2021-06-24,1157,12853,14010
304,2021-06-25,1173,13208,14381
304,2021-06-26,441,9824,10265
304,2021-06-27,101,6321,6422
304,2021-06-28,1097,12560,13657
304,2021-06-29,1076,12730,13806
304,2021-06-30,1094,13066,14160
304,2021-07-01,1150,13080,14230
304,2021-07-02,1107,13711,14818
304,2021-07-03,414,9650,10064
304,2021-07-04,117,5693,5810
304,2021-07-05,1088,12461,13549
304,2021-07-06,1094,12114,13208
304,2021-07-07,1193,13088,14281
304,2021-07-08,1153,13105,14258
304,2021-07-09,1162,13641,14803
304,2021-07-10,421,9609,10030
304,2021-07-11,105,5831,5936
304,2021-07-12,1117,12483,13600
304,2021-07-13,981,12323,13304
304,2021-07-14,950,12576,13526
304,2021-07-15,872,12425,13297
304,2021-07-16,953,12862,13815
304,2021-07-17,422,8869,9291
304,2021-07-18,110,5873,5983
304,2021-07-19,1017,11619,12636
304,2021-07-20,1061,11940,13001
304,2021-07-21,951,12229,13180
304,2021-07-22,1011,12090,13101
304,2021-07-23,1120,12336,13456
304,2021-07-24,420,8329,8749
304,2021-07-25,153,5455,5608
304,2021-07-26,1030,11018,12048
304,2021-07-27,1077,11959,13036
304,2021-07-28,1044,11978,13022
304,2021-07-29,915,12150,13065
304,2021-07-30,911,11608,12519
304,2021-07-31,384,8262,8646
304,2021-08-01,128,5440,5568
304,2021-08-02,831,9544,10375
304,2021-08-03,802,9807,10609
304,2021-08-04,840,10065,10905
304,2021-08-05,793,9918,10711
304,2021-08-06,804,10251,11055
304,2021-08-07,384,7216,7600
304,2021-08-08,117,4481,4598
304,2021-08-09,723,9057,9780
304,2021-08-10,799,9225,10024
304,2021-08-11,767,9514,10281
304,2021-08-12,761,9634,10395
304,2021-08-13,758,9709,10467
304,2021-08-14,345,7215,7560
304,2021-08-15,126,4839,4965
304,2021-08-16,764,8981,9745
304,2021-08-17,767,9380,10147
304,2021-08-18,730,9487,10217
304,2021-08-19,726,9536,10262
304,2021-08-20,692,9851,10543
304,2021-08-21,389,7293,7682
304,2021-08-22,114,4668,4782
304,2021-08-23,845,9900,10745
304,2021-08-24,828,10049,10877
304,2021-08-25,969,10538,11507
304,2021-08-26,866,10714,11580
304,2021-08-27,891,11289,12180
304,2021-08-28,367,8283,8650
304,2021-08-29,108,6981,7089
304,2021-08-30,1010,11294,12304
304,2021-08-31,981,11303,12284
304,2021-09-01,1047,11690,12737
304,2021-09-02,1037,11857,12894
304,2021-09-03,968,12287,13255
304,2021-09-04,460,10803,11263
304,2021-09-05,117,7812,7929
304,2021-09-06,913,11827,12740
304,2021-09-07,907,12031,12938
304,2021-09-08,883,12054,12937
304,2021-09-09,922,12045,12967
304,2021-09-10,942,12194,13136
304,2021-09-11,368,8376,8744
304,2021-09-12,108,5580,5688
304,2021-09-13,950,11958,12908
304,2021-09-14,1063,12363,13426
304,2021-09-15,1034,12415,13449
304,2021-09-16,1119,12673,13792
304,2021-09-17,1139,13097,14236
304,2021-09-18,554,10281,10835
304,2021-09-19,128,6476,6604
304,2021-09-20,1085,12521,13606
304,2021-09-21,1135,12835,13970
304,2021-09-22,1178,12370,13548
304,2021-09-23,1029,12669,13698
304,2021-09-24,1139,13479,14618
304,2021-09-25,478,10069,10547
304,2021-09-26,99,5982,6081
304,2021-09-27,1089,12281,13370
304,2021-10-05,1042,12230,13272
304,2021-10-06,1086,12583,13669
304,2021-10-07,1130,12875,14005
304,2021-10-08,1144,13185,14329
304,2021-10-09,564,10082,10646
304,2021-10-10,163,6038,6201
304,2021-10-11,1100,11742,12842
304,2021-10-12,1195,12484,13679
304,2021-10-13,1106,12362,13468
304,2021-10-14,1080,12838,13918
304,2021-10-15,1129,13355,14484
304,2021-10-16,465,10134,10599
304,2021-10-17,131,6005,6136
304,2021-10-18,1053,12177,13230
304,2021-10-19,1093,12640,13733
304,2021-10-20,1092,12404,13496
304,2021-10-21,1085,11758,12843
304,2021-10-22,1148,12783,13931
304,2021-10-23,487,9940,10427
304,2021-10-24,127,7050,7177
304,2021-10-25,1109,12078,13187
304,2021-10-26,1102,12174,13276
304,2021-10-27,1097,12281,13378
304,2021-10-28,1086,12586,13672
304,2021-10-29,1101,13360,14461
304,2021-10-30,336,8921,9257
304,2021-11-01,135,5165,5300
304,2021-11-02,1078,12528,13606
304,2021-11-03,1030,12414,13444
304,2021-11-04,1138,12659,13797
304,2021-11-05,1106,12757,13863
304,2021-11-06,466,8855,9321
304,2021-11-07,117,5033,5150
304,2021-11-08,1047,11787,12834
304,2021-11-09,1139,12655,13794
304,2021-11-10,1199,12786,13985
304,2021-11-11,1024,13127,14151
304,2021-11-12,1130,13161,14291
304,2021-11-13,385,9897,10282
304,2021-11-14,130,5797,5927
304,2021-11-15,1125,12083,13208
304,2021-11-16,1074,12457,13531
304,2021-11-17,1068,12601,13669
304,2021-11-18,1149,12712,13861
304,2021-11-19,1118,13096,14214
304,2021-11-20,404,9498,9902
304,2021-11-21,105,5556,5661
304,2021-11-22,1176,11906,13082
304,2021-11-23,1135,12616,13751
304,2021-11-24,1097,12723,13820
304,2021-11-25,1157,13390,14547
304,2021-11-26,1158,13665,14823
304,2021-11-27,403,9798,10201
304,2021-11-28,88,6680,6768
304,2021-11-29,1283,12045,13328
304,2021-11-30,1084,12298,13382
304,2021-12-01,1051,12580,13631
304,2021-12-02,1144,12718,13862
304,2021-12-03,1146,13076,14222
304,2021-12-04,370,9639,10009
304,2021-12-05,102,6502,6604
304,2021-12-06,1056,11804,12860
304,2021-12-07,1072,12271,13343
304,2021-12-08,1072,12503,13575
304,2021-12-09,1113,12755,13868
304,2021-12-10,776,10119,10895
304,2021-12-11,353,9641,9994
304,2021-12-12,130,6532,6662
304,2021-12-13,1052,11905,12957
304,2021-12-14,1117,12734,13851
304,2021-12-15,1158,12829,13987
304,2021-12-16,1029,13135,14164
304,2021-12-17,1036,13514,14550
304,2021-12-18,392,9392,9784
304,2021-12-19,124,6178,6302
304,2021-12-20,803,10979,11782
304,2021-12-21,829,11665,12494
304,2021-12-22,805,11482,12287
304,2021-12-23,729,11300,12029
304,2021-12-24,506,8679,9185
304,2021-12-25,85,4054,4139
304,2021-12-26,94,4017,4111
304,2021-12-27,561,8285,8846
304,2021-12-28,575,8622,9197
304,2021-12-29,568,8720,9288
304,2021-12-30,547,8834,9381
304,2021-12-31,514,7882,8396
305,2021-01-01,9,2882,2891
305,2021-01-02,48,4312,4360
305,2021-01-03,21,3657,3678
305,2021-01-04,272,6489,6761
305,2021-01-05,351,7201,7552
305,2021-01-06,325,6922,7247
305,2021-01-07,329,7010,7339
305,2021-01-08,211,7214,7425
305,2021-01-09,84,5812,5896
305,2021-01-10,24,4251,4275
305,2021-01-11,387,9062,9449
305,2021-01-12,327,8911,9238
305,2021-01-13,441,9606,10047
305,2021-01-14,344,8310,8654
305,2021-01-15,260,8563,8823
305,2021-01-16,79,6436,6515
305,2021-01-17,19,3937,3956
305,2021-01-18,350,8906,9256
305,2021-01-19,408,8992,9400
305,2021-01-20,410,9052,9462
305,2021-01-21,441,9194,9635
305,2021-01-22,370,9497,9867
305,2021-01-23,85,7062,7147
305,2021-01-24,29,4774,4803
305,2021-01-25,411,8999,9410
305,2021-01-26,453,9346,9799
305,2021-01-27,370,8531,8901
305,2021-01-28,500,9504,10004
305,2021-01-29,460,9633,10093
305,2021-01-30,143,7055,7198
305,2021-01-31,26,4453,4479
305,2021-02-01,443,9511,9954
305,2021-02-02,398,9231,9629
305,2021-02-03,354,8823,9177
305,2021-02-04,490,9290,9780
305,2021-02-05,469,9595,10064
305,2021-02-06,94,7110,7204
305,2021-02-07,20,4549,4569
305,2021-02-08,411,8015,8426
305,2021-02-09,468,8463,8931
305,2021-02-10,424,8323,8747
305,2021-02-11,377,8594,8971
305,2021-02-12,328,9373,9701
305,2021-02-13,99,7581,7680
305,2021-02-14,18,5493,5511
305,2021-02-15,415,8498,8913
305,2021-02-16,392,8827,9219
305,2021-02-17,445,8837,9282
305,2021-02-18,411,8720,9131
305,2021-02-19,445,9476,9921
305,2021-02-20,120,7732,7852
305,2021-02-21,29,5944,5973
305,2021-02-22,444,9644,10088
305,2021-02-23,519,10693,11212
305,2021-02-24,471,9999,10470
305,2021-02-25,512,10471,10983
305,2021-02-26,542,10170,10712
305,2021-02-27,165,7846,8011
305,2021-02-28,28,6271,6299
305,2021-03-01,471,9869,10340
305,2021-03-02,486,9765,10251
305,2021-03-03,447,9290,9737
305,2021-03-04,526,9409,9935
305,2021-03-05,506,10431,10937
305,2021-03-06,188,7752,7940
305,2021-03-07,28,5444,5472
305,2021-03-08,516,9676,10192
305,2021-03-09,514,9762,10276
305,2021-03-10,494,9430,9924
305,2021-03-11,566,10338,10904
305,2021-03-12,485,9839,10324
305,2021-03-13,114,6975,7089
305,2021-03-14,22,4750,4772
305,2021-03-15,467,9413,9880
305,2021-03-16,574,9597,10171
305,2021-03-17,488,9488,9976
305,2021-03-18,475,9767,10242
305,2021-03-19,435,10378,10813
305,2021-03-20,202,8030,8232
305,2021-03-21,19,5161,5180
305,2021-03-22,439,9474,9913
305,2021-03-23,458,10259,10717
305,2021-03-24,502,9787,10289
305,2021-03-25,482,9933,10415
305,2021-03-26,467,10284,10751
305,2021-03-27,221,7519,7740
305,2021-03-29,455,9884,10339
305,2021-03-30,529,10599,11128
305,2021-03-31,461,10218,10679
305,2021-04-01,505,10692,11197
305,2021-04-02,480,11617,12097
305,2021-04-03,174,8244,8418
305,2021-04-04,15,5130,5145
305,2021-04-05,25,4446,4471
305,2021-04-06,450,9463,9913
305,2021-04-07,541,9589,10130
305,2021-04-08,517,10689,11206
305,2021-04-09,520,10013,10533
305,2021-04-10,209,7069,7278
305,2021-04-11,15,4396,4411
305,2021-04-12,548,9303,9851
305,2021-04-13,511,9761,10272
305,2021-04-14,693,9498,10191
305,2021-04-15,496,9634,10130
305,2021-04-16,556,10088,10644
305,2021-04-17,227,7759,7986
305,2021-04-18,25,4898,4923
305,2021-04-19,521,9620,10141
305,2021-04-20,553,10351,10904
305,2021-04-21,515,9692,10207
305,2021-04-22,559,10587,11146
305,2021-04-23,590,10994,11584
305,2021-04-24,555,8417,8972
305,2021-04-25,36,6083,6119
305,2021-04-26,333,4819,5152
305,2021-04-27,161,5446,5607
305,2021-04-28,450,9183,9633
305,2021-04-29,484,10330,10814
305,2021-04-30,508,11611,12119
305,2021-05-01,39,6278,6317
305,2021-05-02,39,5796,5835
305,2021-05-03,513,10245,10758
305,2021-05-04,572,10374,10946
305,2021-05-05,529,10058,10587
305,2021-05-06,534,10267,10801
305,2021-05-07,601,12059,12660
305,2021-05-08,349,9724,10073
305,2021-05-09,42,5803,5845
305,2021-05-10,406,9990,10396
305,2021-05-11,532,10425,10957
305,2021-05-12,534,11048,11582
305,2021-05-13,42,5531,5573
305,2021-05-14,371,11240,11611
305,2021-05-15,289,7540,7829
305,2021-05-16,39,5163,5202
305,2021-05-17,487,10149,10636
305,2021-05-18,554,10603,11157
305,2021-05-19,628,10298,10926
305,2021-05-20,580,10814,11394
305,2021-05-21,561,11088,11649
305,2021-05-22,186,8117,8303
305,2021-05-23,32,5117,5149
305,2021-05-24,41,4542,4583
305,2021-05-25,515,8027,8542
305,2021-05-26,421,7815,8236
305,2021-05-27,581,8485,9066
305,2021-05-28,525,9472,9997
305,2021-05-29,188,8056,8244
305,2021-05-30,21,5939,5960
305,2021-05-31,481,10572,11053
305,2021-06-01,591,11180,11771
305,2021-06-02,796,10482,11278
305,2021-06-03,902,10516,11418
305,2021-06-04,721,10043,10764
305,2021-06-05,183,7991,8174
305,2021-06-06,28,5260,5288
305,2021-06-07,588,9875,10463
305,2021-06-08,561,10881,11442
305,2021-06-09,585,11267,11852
305,2021-06-10,652,10977,11629
305,2021-06-11,579,11457,12036
305,2021-06-12,265,8722,8987
305,2021-06-13,43,6478,6521
305,2021-06-14,764,10448,11212
305,2021-06-15,778,11598,12376
305,2021-06-16,580,10592,11172
305,2021-06-17,648,10878,11526
305,2021-06-18,628,11280,11908
305,2021-06-19,385,10229,10614
305,2021-06-20,39,6794,6833
305,2021-06-21,659,10352,11011
305,2021-06-22,646,10496,11142
305,2021-06-23,47,5477,5524
305,2021-06-24,623,10013,10636
305,2021-06-25,636,10406,11042
305,2021-06-26,411,8459,8870
305,2021-06-27,50,5913,5963
305,2021-06-28,240,2731,2971
305,2021-06-29,507,9828,10335
305,2021-06-30,494,10050,10544
305,2021-07-01,517,10548,11065
305,2021-07-02,479,10520,10999
305,2021-07-03,149,8186,8335
305,2021-07-04,29,5237,5266
305,2021-07-05,426,9869,10295
305,2021-07-06,417,10568,10985
305,2021-07-07,479,10565,11044
305,2021-07-08,567,9901,10468
305,2021-07-09,502,10641,11143
305,2021-07-10,260,8115,8375
305,2021-07-11,35,5600,5635
305,2021-07-12,556,9762,10318
305,2021-07-13,475,9992,10467
305,2021-07-14,466,9837,10303
305,2021-07-15,531,9980,10511
305,2021-07-16,569,10147,10716
305,2021-07-17,205,7824,8029
305,2021-07-18,26,5649,5675
305,2021-07-19,519,9313,9832
305,2021-07-20,466,9415,9881
305,2021-07-21,502,9487,9989
305,2021-07-22,536,9178,9714
305,2021-07-23,467,9410,9877
305,2021-07-24,470,6846,7316
305,2021-07-25,55,5564,5619
305,2021-07-26,507,8354,8861
305,2021-07-27,506,8699,9205
305,2021-07-28,428,8819,9247
305,2021-07-29,419,8634,9053
305,2021-07-30,326,8405,8731
305,2021-07-31,106,6224,6330
305,2021-08-01,44,4586,4630
305,2021-08-02,201,6869,7070
305,2021-08-03,212,6630,6842
305,2021-08-04,205,7144,7349
305,2021-08-05,239,6950,7189
305,2021-08-06,214,6983,7197
305,2021-08-07,84,5285,5369
305,2021-08-08,32,3984,4016
305,2021-08-09,231,6383,6614
305,2021-08-10,218,6623,6841
305,2021-08-11,198,6961,7159
305,2021-08-12,193,6455,6648
305,2021-08-13,203,6974,7177
305,2021-08-14,77,5504,5581
305,2021-08-15,25,4498,4523
305,2021-08-16,214,6263,6477
305,2021-08-17,208,6303,6511
305,2021-08-18,247,6494,6741
305,2021-08-19,219,6608,6827
305,2021-08-20,201,7278,7479
305,2021-08-21,62,5658,5720
305,2021-08-22,26,4439,4465
305,2021-08-23,321,7412,7733
305,2021-08-24,330,7719,8049
305,2021-08-25,358,7873,8231
305,2021-08-26,353,7987,8340
305,2021-08-27,364,8180,8544
305,2021-08-28,190,8296,8486
305,2021-08-29,35,4762,4797
305,2021-08-30,480,8343,8823
305,2021-08-31,517,8808,9325
305,2021-09-01,605,9188,9793
305,2021-09-02,552,8651,9203
305,2021-09-03,526,8977,9503
305,2021-09-04,246,7022,7268
305,2021-09-05,38,5173,5211
305,2021-09-06,535,9336,9871
305,2021-09-07,488,9740,10228
305,2021-09-08,499,9517,10016
305,2021-09-09,520,9613,10133
305,2021-09-10,531,9836,10367
305,2021-09-11,172,7869,8041
305,2021-09-12,49,5919,5968
305,2021-09-13,617,9833,10450
305,2021-09-14,684,11046,11730
305,2021-09-15,563,9520,10083
305,2021-09-16,610,10331,10941
305,2021-09-17,555,10639,11194
305,2021-09-18,155,8170,8325
305,2021-09-19,33,6072,6105
305,2021-09-20,679,10561,11240
305,2021-09-21,643,10453,11096
305,2021-09-22,607,10216,10823
305,2021-09-23,584,10557,11141
305,2021-09-24,521,10582,11103
305,2021-09-25,192,8570,8762
305,2021-09-26,48,5714,5762
305,2021-09-27,477,10210,10687
305,2021-09-28,567,10532,11099
305,2021-09-29,540,9914,10454
305,2021-09-30,617,10881,11498
305,2021-10-01,539,10934,11473
305,2021-10-02,158,8571,8729
305,2021-10-03,37,5624,5661
305,2021-10-04,850,10067,10917
305,2021-10-05,776,10459,11235
305,2021-10-06,521,10255,10776
305,2021-10-07,603,10948,11551
305,2021-10-08,532,11103,11635
305,2021-10-09,167,8768,8935
305,2021-10-10,37,6194,6231
305,2021-10-11,877,10381,11258
305,2021-10-12,962,10264,11226
305,2021-10-13,616,10263,10879
305,2021-10-14,609,10803,11412
305,2021-10-15,544,10695,11239
305,2021-10-16,217,8397,8614
305,2021-10-17,34,5770,5804
305,2021-10-18,509,9944,10453
305,2021-10-19,581,10913,11494
305,2021-10-20,590,10122,10712
305,2021-10-21,493,10126,10619
305,2021-10-22,510,10907,11417
305,2021-10-23,208,8885,9093
305,2021-10-24,59,6946,7005
305,2021-10-25,507,10338,10845
305,2021-10-26,569,10944,11513
305,2021-10-27,570,10641,11211
305,2021-10-28,552,10839,11391
305,2021-10-29,520,11467,11987
305,2021-10-30,144,8101,8245
305,2021-11-01,36,5739,5775
305,2021-11-02,484,10251,10735
305,2021-11-03,437,10218,10655
305,2021-11-04,549,10154,10703
305,2021-11-05,538,11023,11561
305,2021-11-06,252,8551,8803
305,2021-11-07,38,5412,5450
305,2021-11-08,821,10332,11153
305,2021-11-09,520,10774,11294
305,2021-11-10,639,11022,11661
305,2021-11-11,575,11096,11671
305,2021-11-12,587,10839,11426
305,2021-11-13,211,8512,8723
305,2021-11-14,38,5842,5880
305,2021-11-15,523,9811,10334
305,2021-11-16,511,10263,10774
305,2021-11-17,497,10271,10768
305,2021-11-18,562,10833,11395
305,2021-11-19,531,11333,11864
305,2021-11-20,211,9237,9448
305,2021-11-21,36,5595,5631
305,2021-11-22,550,10016,10566
305,2021-11-23,558,10686,11244
305,2021-11-24,537,10380,10917
305,2021-11-25,593,11091,11684
305,2021-11-26,544,10971,11515
305,2021-11-27,144,8605,8749
305,2021-11-28,54,5647,5701
305,2021-11-29,608,10061,10669
305,2021-11-30,527,10357,10884
305,2021-12-01,483,9983,10466
305,2021-12-02,528,10264,10792
305,2021-12-03,550,10480,11030
305,2021-12-04,160,8254,8414
305,2021-12-05,49,4778,4827
305,2021-12-06,579,9781,10360
305,2021-12-07,548,10256,10804
305,2021-12-08,547,9960,10507
305,2021-12-09,543,10147,10690
305,2021-12-10,444,9836,10280
305,2021-12-11,145,8302,8447
305,2021-12-12,47,5771,5818
305,2021-12-13,495,9953,10448
305,2021-12-14,492,10607,11099
305,2021-12-15,570,10573,11143
305,2021-12-16,504,10825,11329
305,2021-12-17,414,10838,11252
305,2021-12-18,117,8485,8602
305,2021-12-19,53,5360,5413
305,2021-12-20,197,8271,8468
305,2021-12-21,300,8898,9198
305,2021-12-22,249,8669,8918
305,2021-12-23,207,8758,8965
305,2021-12-24,117,7459,7576
305,2021-12-25,13,4156,4169
305,2021-12-26,17,4215,4232
305,2021-12-27,94,6502,6596
305,2021-12-28,130,6748,6878
305,2021-12-29,100,7126,7226
305,2021-12-30,116,7491,7607
305,2021-12-31,89,7176,7265
306,2021-01-01,3,2512,2515
306,2021-01-02,43,3675,3718
306,2021-01-03,7,2909,2916
306,2021-01-04,117,4842,4959
306,2021-01-05,124,4836,4960
306,2021-01-06,137,5032,5169
306,2021-01-07,122,5141,5263
306,2021-01-08,135,5506,5641
306,2021-01-09,49,4614,4663
306,2021-01-10,12,3567,3579
306,2021-01-11,146,6208,6354
306,2021-01-12,153,6423,6576
306,2021-01-13,177,6040,6217
306,2021-01-14,170,5905,6075
306,2021-01-15,130,6520,6650
306,2021-01-16,40,5486,5526
306,2021-01-17,7,3316,3323
306,2021-01-18,175,6170,6345
306,2021-01-19,190,6705,6895
306,2021-01-20,193,6362,6555
306,2021-01-21,210,6652,6862
306,2021-01-22,203,6957,7160
306,2021-01-23,55,5942,5997
306,2021-01-24,13,3823,3836
306,2021-01-25,187,6252,6439
306,2021-01-26,215,6562,6777
306,2021-01-27,167,6032,6199
306,2021-01-28,204,6718,6922
306,2021-01-29,197,6964,7161
306,2021-01-30,49,6029,6078
306,2021-01-31,9,3756,3765
306,2021-02-01,180,6340,6520
306,2021-02-02,183,7211,7394
306,2021-02-03,268,6856,7124
306,2021-02-04,173,6523,6696
306,2021-02-05,192,7013,7205
306,2021-02-06,55,5883,5938
306,2021-02-07,13,3952,3965
306,2021-02-08,191,6113,6304
306,2021-02-09,188,6366,6554
306,2021-02-10,171,6261,6432
306,2021-02-11,155,6336,6491
306,2021-02-12,183,6656,6839
306,2021-02-13,74,5786,5860
306,2021-02-14,10,4029,4039
306,2021-02-15,179,5968,6147
306,2021-02-16,215,6319,6534
306,2021-02-17,216,6078,6294
306,2021-02-18,235,6321,6556
306,2021-02-19,206,6784,6990
306,2021-02-20,64,6012,6076
306,2021-02-21,10,4346,4356
306,2021-02-22,251,6483,6734
306,2021-02-23,259,6964,7223
306,2021-02-24,291,6998,7289
306,2021-02-25,258,7105,7363
306,2021-02-26,226,7384,7610
306,2021-02-27,63,6655,6718
306,2021-02-28,6,4549,4555
306,2021-03-01,245,6921,7166
306,2021-03-02,278,6931,7209
306,2021-03-03,233,6931,7164
306,2021-03-04,225,6973,7198
306,2021-03-05,231,7338,7569
306,2021-03-06,63,6714,6777
306,2021-03-07,10,4667,4677
306,2021-03-08,251,6923,7174
306,2021-03-09,256,6931,7187
306,2021-03-10,197,6844,7041
306,2021-03-11,229,7166,7395
306,2021-03-12,254,7633,7887
306,2021-03-13,131,6792,6923
306,2021-03-14,16,4334,4350
306,2021-03-15,272,7021,7293
306,2021-03-16,233,7407,7640
306,2021-03-17,194,7020,7214
306,2021-03-18,212,7240,7452
306,2021-03-19,0,12,12
306,2021-03-30,111,5300,5411
306,2021-03-31,199,7535,7734
306,2021-04-01,179,7660,7839
306,2021-04-02,204,8024,8228
306,2021-04-03,63,7120,7183
306,2021-04-04,5,4484,4489
306,2021-04-05,7,3776,3783
306,2021-04-06,214,6756,6970
306,2021-04-07,240,6913,7153
306,2021-04-08,186,6868,7054
306,2021-04-09,218,7230,7448
306,2021-04-10,83,6225,6308
306,2021-04-11,5,3940,3945
306,2021-04-12,272,6811,7083
306,2021-04-13,280,7250,7530
306,2021-04-14,261,7167,7428
306,2021-04-15,237,6993,7230
306,2021-04-16,214,7342,7556
306,2021-04-17,60,6703,6763
306,2021-04-18,9,4357,4366
306,2021-04-19,220,6937,7157
306,2021-04-20,201,7356,7557
306,2021-04-21,233,7245,7478
306,2021-04-22,199,7762,7961
306,2021-04-23,212,7882,8094
306,2021-04-24,65,7042,7107
306,2021-04-25,11,4976,4987
306,2021-04-26,287,7374,7661
306,2021-04-27,283,7441,7724
306,2021-04-28,266,7540,7806
306,2021-04-29,280,7494,7774
306,2021-04-30,243,8161,8404
306,2021-05-01,14,5044,5058
306,2021-05-02,11,4824,4835
306,2021-05-03,250,7504,7754
306,2021-05-04,277,7718,7995
306,2021-05-05,284,7444,7728
306,2021-05-06,288,7587,7875
306,2021-05-07,220,7763,7983
306,2021-05-08,87,6917,7004
306,2021-05-09,7,4796,4803
306,2021-05-10,237,7127,7364
306,2021-05-11,259,7343,7602
306,2021-05-12,252,7713,7965
306,2021-05-13,6,4534,4540
306,2021-05-14,222,9391,9613
306,2021-05-15,124,8493,8617
306,2021-05-16,37,4499,4536
306,2021-05-17,303,7305,7608
306,2021-05-18,216,7401,7617
306,2021-05-19,219,7596,7815
306,2021-05-20,236,7799,8035
306,2021-05-21,238,8036,8274
306,2021-05-22,115,6759,6874
306,2021-05-23,3,4486,4489
306,2021-05-24,9,3896,3905
306,2021-05-25,234,7022,7256
306,2021-05-26,205,6936,7141
306,2021-05-27,180,7197,7377
306,2021-05-28,181,7455,7636
306,2021-05-29,73,6805,6878
306,2021-05-30,9,5054,5063
306,2021-05-31,228,7289,7517
306,2021-06-01,206,7777,7983
306,2021-06-02,213,7607,7820
306,2021-06-03,190,7653,7843
306,2021-06-04,238,8303,8541
306,2021-06-05,95,8929,9024
306,2021-06-06,12,5698,5710
306,2021-06-07,214,7360,7574
306,2021-06-08,205,8992,9197
306,2021-06-09,254,9391,9645
306,2021-06-10,203,8090,8293
306,2021-06-11,195,8311,8506
306,2021-06-12,78,7483,7561
306,2021-06-13,6,5473,5479
306,2021-06-14,294,7842,8136
306,2021-06-15,338,8524,8862
306,2021-06-16,267,7953,8220
306,2021-06-17,234,7652,7886
306,2021-06-18,195,7973,8168
306,2021-06-19,101,7263,7364
306,2021-06-20,8,4914,4922
306,2021-06-21,238,7173,7411
306,2021-06-22,265,7481,7746
306,2021-06-23,10,4591,4601
306,2021-06-24,236,7490,7726
306,2021-06-25,219,7678,7897
306,2021-06-26,88,7061,7149
306,2021-06-27,6,4854,4860
306,2021-06-28,165,5886,6051
306,2021-06-29,166,5761,5927
306,2021-06-30,164,5821,5985
306,2021-07-01,166,5998,6164
306,2021-07-02,161,6256,6417
306,2021-07-03,52,5359,5411
306,2021-07-04,43,3826,3869
306,2021-07-05,186,5657,5843
306,2021-07-06,171,6009,6180
306,2021-07-07,156,5958,6114
306,2021-07-08,229,6213,6442
306,2021-07-09,186,6503,6689
306,2021-07-10,79,6666,6745
306,2021-07-11,11,4672,4683
306,2021-07-12,218,7088,7306
306,2021-07-13,198,7219,7417
306,2021-07-14,257,7621,7878
306,2021-07-15,159,7558,7717
306,2021-07-16,200,7568,7768
306,2021-07-17,94,6406,6500
306,2021-07-18,9,4676,4685
306,2021-07-19,223,6797,7020
306,2021-07-20,217,6854,7071
306,2021-07-21,197,6888,7085
306,2021-07-22,199,6951,7150
306,2021-07-23,164,7274,7438
306,2021-07-24,93,6298,6391
306,2021-07-25,60,4855,4915
306,2021-07-26,219,6872,7091
306,2021-07-27,237,6756,6993
306,2021-07-28,182,7024,7206
306,2021-07-29,145,7043,7188
306,2021-07-30,118,6789,6907
306,2021-07-31,40,5556,5596
306,2021-08-01,7,4214,4221
306,2021-08-02,144,6119,6263
306,2021-08-03,158,6080,6238
306,2021-08-04,135,5817,5952
306,2021-08-05,127,5929,6056
306,2021-08-06,148,5728,5876
306,2021-08-07,44,5029,5073
306,2021-08-08,11,3566,3577
306,2021-08-09,113,5247,5360
306,2021-08-10,139,5388,5527
306,2021-08-11,169,5518,5687
306,2021-08-12,113,5666,5779
306,2021-08-13,109,5706,5815
306,2021-08-14,37,4834,4871
306,2021-08-15,4,3495,3499
306,2021-08-16,119,5148,5267
306,2021-08-17,130,5313,5443
306,2021-08-18,123,5531,5654
306,2021-08-19,127,5541,5668
306,2021-08-20,133,5834,5967
306,2021-08-21,59,4986,5045
306,2021-08-22,14,3689,3703
306,2021-08-23,142,5772,5914
306,2021-08-24,145,5912,6057
306,2021-08-25,152,6175,6327
306,2021-08-26,176,6173,6349
306,2021-08-27,194,6691,6885
306,2021-08-28,102,6022,6124
306,2021-08-29,27,6404,6431
306,2021-08-30,243,6542,6785
306,2021-08-31,314,6807,7121
306,2021-09-01,311,7175,7486
306,2021-09-02,311,7241,7552
306,2021-09-03,210,7859,8069
306,2021-09-04,129,9272,9401
306,2021-09-05,21,6726,6747
306,2021-09-06,225,6933,7158
306,2021-09-07,199,6881,7080
306,2021-09-08,174,7229,7403
306,2021-09-09,172,7113,7285
306,2021-09-10,154,7232,7386
306,2021-09-11,67,6601,6668
306,2021-09-12,25,4870,4895
306,2021-09-13,171,6696,6867
306,2021-09-14,185,7145,7330
306,2021-09-15,185,7192,7377
306,2021-09-16,165,7065,7230
306,2021-09-17,191,7385,7576
306,2021-09-18,77,6744,6821
306,2021-09-19,22,4961,4983
306,2021-09-20,171,6785,6956
306,2021-09-21,172,7246,7418
306,2021-09-22,180,7055,7235
306,2021-09-23,171,7079,7250
306,2021-09-24,182,7656,7838
306,2021-09-25,76,6869,6945
306,2021-09-26,21,5133,5154
306,2021-09-27,215,7393,7608
306,2021-09-28,189,7514,7703
306,2021-09-29,233,7407,7640
306,2021-09-30,214,7424,7638
306,2021-10-01,182,7650,7832
306,2021-10-02,68,6634,6702
306,2021-10-03,44,4830,4874
306,2021-10-04,184,6916,7100
306,2021-10-05,245,7434,7679
306,2021-10-06,225,6895,7120
306,2021-10-07,252,7416,7668
306,2021-10-08,244,7737,7981
306,2021-10-09,77,6950,7027
306,2021-10-10,30,4981,5011
306,2021-10-11,229,6933,7162
306,2021-10-12,249,7166,7415
306,2021-10-13,231,7174,7405
306,2021-10-14,262,7443,7705
306,2021-10-15,266,7465,7731
306,2021-10-16,85,6945,7030
306,2021-10-17,26,4891,4917
306,2021-10-18,344,8308,8652
306,2021-10-19,270,8794,9064
306,2021-10-20,271,8852,9123
306,2021-10-21,286,8202,8488
306,2021-10-22,242,9109,9351
306,2021-10-23,54,6943,6997
306,2021-10-24,20,5314,5334
306,2021-10-25,255,8429,8684
306,2021-10-26,273,8372,8645
306,2021-10-27,226,7908,8134
306,2021-10-28,269,7957,8226
306,2021-10-29,227,7986,8213
306,2021-10-30,57,6742,6799
306,2021-11-01,24,4166,4190
306,2021-11-02,238,7819,8057
306,2021-11-03,215,7433,7648
306,2021-11-04,245,7530,7775
306,2021-11-05,247,7139,7386
306,2021-11-06,73,6467,6540
306,2021-11-07,27,4557,4584
306,2021-11-08,246,7159,7405
306,2021-11-09,275,7461,7736
306,2021-11-10,239,6939,7178
306,2021-11-11,186,7040,7226
306,2021-11-12,205,7036,7241
306,2021-11-13,64,6071,6135
306,2021-11-14,32,4400,4432
306,2021-11-15,191,6554,6745
306,2021-11-16,196,6603,6799
306,2021-11-17,191,6561,6752
306,2021-11-18,196,6551,6747
306,2021-11-19,236,6876,7112
306,2021-11-20,64,6187,6251
306,2021-11-21,28,4335,4363
306,2021-11-22,209,6208,6417
306,2021-11-23,184,6626,6810
306,2021-11-24,197,6710,6907
306,2021-11-25,203,6823,7026
306,2021-11-26,206,7181,7387
306,2021-11-27,66,6041,6107
306,2021-11-28,29,4252,4281
306,2021-11-29,218,6480,6698
306,2021-11-30,202,6724,6926
306,2021-12-01,210,6704,6914
306,2021-12-02,185,6701,6886
306,2021-12-03,215,7043,7258
306,2021-12-04,56,5953,6009
306,2021-12-05,23,4217,4240
306,2021-12-06,201,6342,6543
306,2021-12-07,216,6611,6827
306,2021-12-08,225,6720,6945
306,2021-12-09,205,6817,7022
306,2021-12-10,178,6550,6728
306,2021-12-11,68,5981,6049
306,2021-12-12,19,4391,4410
306,2021-12-13,176,6194,6370
306,2021-12-14,220,6628,6848
306,2021-12-15,192,6750,6942
306,2021-12-16,189,7220,7409
306,2021-12-17,186,7708,7894
306,2021-12-18,68,6705,6773
306,2021-12-19,24,4672,4696
306,2021-12-20,135,6425,6560
306,2021-12-21,150,7011,7161
306,2021-12-22,137,6868,7005
306,2021-12-23,126,6998,7124
306,2021-12-24,111,6347,6458
306,2021-12-25,24,3886,3910
306,2021-12-26,17,3370,3387
306,2021-12-27,107,5422,5529
306,2021-12-28,155,6100,6255
306,2021-12-29,114,5750,5864
306,2021-12-30,108,6194,6302
306,2021-12-31,108,5594,5702
307,2021-01-01,91,5037,5128
307,2021-01-02,259,7151,7410
307,2021-01-03,115,6081,6196
307,2021-01-04,475,9534,10009
307,2021-01-05,478,9934,10412
307,2021-01-06,484,10165,10649
307,2021-01-07,499,10251,10750
307,2021-01-08,484,10944,11428
307,2021-01-09,275,8784,9059
307,2021-01-10,103,6867,6970
307,2021-01-11,577,12506,13083
307,2021-01-12,537,12362,12899
307,2021-01-13,590,12251,12841
307,2021-01-14,539,11074,11613
307,2021-01-15,565,12107,12672
307,2021-01-16,285,10261,10546
307,2021-01-17,103,6904,7007
307,2021-01-18,582,12481,13063
307,2021-01-19,607,12801,13408
307,2021-01-20,608,12739,13347
307,2021-01-21,585,12336,12921
307,2021-01-22,590,13235,13825
307,2021-01-23,372,11118,11490
307,2021-01-24,106,7508,7614
307,2021-01-25,623,12322,12945
307,2021-01-26,686,12921,13607
307,2021-01-27,519,12266,12785
307,2021-01-28,572,13042,13614
307,2021-01-29,587,13742,14329
307,2021-01-30,371,11241,11612
307,2021-01-31,99,7562,7661
307,2021-02-01,560,12770,13330
307,2021-02-02,560,12745,13305
307,2021-02-03,578,12448,13026
307,2021-02-04,600,12793,13393
307,2021-02-05,587,13766,14353
307,2021-02-06,364,11379,11743
307,2021-02-07,106,7940,8046
307,2021-02-08,551,11904,12455
307,2021-02-09,505,12301,12806
307,2021-02-10,537,12505,13042
307,2021-02-11,487,12658,13145
307,2021-02-12,529,13278,13807
307,2021-02-13,375,11431,11806
307,2021-02-14,111,8164,8275
307,2021-02-15,581,11903,12484
307,2021-02-16,550,12594,13144
307,2021-02-17,547,12459,13006
307,2021-02-18,565,12484,13049
307,2021-02-19,562,13271,13833
307,2021-02-20,402,11726,12128
307,2021-02-21,112,9068,9180
307,2021-02-22,652,12771,13423
307,2021-02-23,615,13260,13875
307,2021-02-24,615,13155,13770
307,2021-02-25,621,13506,14127
307,2021-02-26,667,14199,14866
307,2021-02-27,405,12298,12703
307,2021-02-28,108,8761,8869
307,2021-03-01,688,13557,14245
307,2021-03-02,657,13347,14004
307,2021-03-03,632,13240,13872
307,2021-03-04,610,13247,13857
307,2021-03-05,653,14120,14773
307,2021-03-06,385,12297,12682
307,2021-03-07,106,8779,8885
307,2021-03-08,722,13204,13926
307,2021-03-09,689,13276,13965
307,2021-03-10,678,13427,14105
307,2021-03-11,625,13074,13699
307,2021-03-12,650,14198,14848
307,2021-03-13,395,11699,12094
307,2021-03-14,114,8159,8273
307,2021-03-15,792,13186,13978
307,2021-03-16,753,12810,13563
307,2021-03-17,690,13560,14250
307,2021-03-18,654,13399,14053
307,2021-03-19,694,14392,15086
307,2021-03-20,411,12539,12950
307,2021-03-21,111,8722,8833
307,2021-03-22,710,13112,13822
307,2021-03-23,725,13564,14289
307,2021-03-24,676,13444,14120
307,2021-03-25,625,13715,14340
307,2021-03-26,571,12162,12733
307,2021-03-27,414,11996,12410
307,2021-03-29,697,13223,13920
307,2021-03-30,671,13955,14626
307,2021-03-31,647,14091,14738
307,2021-04-01,623,14069,14692
307,2021-04-02,633,15027,15660
307,2021-04-03,432,12763,13195
307,2021-04-04,108,8841,8949
307,2021-04-05,102,7150,7252
307,2021-04-06,581,12974,13555
307,2021-04-07,646,12827,13473
307,2021-04-08,638,13353,13991
307,2021-04-09,616,13996,14612
307,2021-04-10,386,11341,11727
307,2021-04-11,94,7495,7589
307,2021-04-12,612,13119,13731
307,2021-04-13,637,13073,13710
307,2021-04-14,623,13366,13989
307,2021-04-15,599,13475,14074
307,2021-04-16,616,14014,14630
307,2021-04-17,413,12170,12583
307,2021-04-18,95,8297,8392
307,2021-04-19,629,12962,13591
307,2021-04-20,632,13628,14260
307,2021-04-21,637,13523,14160
307,2021-04-22,670,14000,14670
307,2021-04-23,663,14687,15350
307,2021-04-24,426,13184,13610
307,2021-04-25,104,9619,9723
307,2021-04-26,668,13628,14296
307,2021-04-27,715,13718,14433
307,2021-04-28,670,13323,13993
307,2021-04-29,655,14108,14763
307,2021-04-30,681,15046,15727
307,2021-05-01,117,9719,9836
307,2021-05-02,99,9086,9185
307,2021-05-03,707,14186,14893
307,2021-05-04,655,14201,14856
307,2021-05-05,681,13982,14663
307,2021-05-06,670,13865,14535
307,2021-05-07,640,14678,15318
307,2021-05-08,467,13299,13766
307,2021-05-09,104,9792,9896
307,2021-05-10,691,13684,14375
307,2021-05-11,661,13937,14598
307,2021-05-12,680,14632,15312
307,2021-05-13,111,9139,9250
307,2021-05-14,561,15226,15787
307,2021-05-15,396,13130,13526
307,2021-05-16,114,8822,8936
307,2021-05-17,619,14172,14791
307,2021-05-18,616,14662,15278
307,2021-05-19,647,14479,15126
307,2021-05-28,597,15123,15720
307,2021-05-29,364,13529,13893
307,2021-05-30,106,10339,10445
307,2021-05-31,704,13900,14604
307,2021-06-01,706,14389,15095
307,2021-06-02,760,13985,14745
307,2021-06-03,646,14223,14869
307,2021-06-04,616,15393,16009
307,2021-06-05,432,15928,16360
307,2021-06-06,121,11638,11759
307,2021-06-07,641,13738,14379
307,2021-06-08,695,14870,15565
307,2021-06-09,651,14733,15384
307,2021-06-10,629,14736,15365
307,2021-06-11,635,15571,16206
307,2021-06-12,433,13890,14323
307,2021-06-13,112,11748,11860
307,2021-06-14,691,15246,15937
307,2021-06-15,650,15553,16203
307,2021-06-16,690,15070,15760
307,2021-06-17,685,14872,15557
307,2021-06-18,641,15323,15964
307,2021-06-19,435,13860,14295
307,2021-06-20,113,9961,10074
307,2021-06-21,612,14295,14907
307,2021-06-22,634,14944,15578
307,2021-06-23,122,9356,9478
307,2021-06-24,619,14121,14740
307,2021-06-25,568,14973,15541
307,2021-06-26,437,13574,14011
307,2021-06-27,112,10145,10257
307,2021-06-28,664,14803,15467
307,2021-06-29,659,15428,16087
307,2021-06-30,693,15425,16118
307,2021-07-01,682,15603,16285
307,2021-07-02,656,16260,16916
307,2021-07-03,467,15147,15614
307,2021-07-04,140,10870,11010
307,2021-07-05,696,14719,15415
307,2021-07-06,667,15389,16056
307,2021-07-07,698,15346,16044
307,2021-07-08,612,15246,15858
307,2021-07-09,616,15769,16385
307,2021-07-10,434,13511,13945
307,2021-07-11,126,10304,10430
307,2021-07-12,601,14541,15142
307,2021-07-13,541,14035,14576
307,2021-07-14,563,14017,14580
307,2021-07-15,505,14147,14652
307,2021-07-16,577,14843,15420
307,2021-07-17,404,12915,13319
307,2021-07-18,129,10260,10389
307,2021-07-19,588,13631,14219
307,2021-07-20,641,13700,14341
307,2021-07-21,595,13800,14395
307,2021-07-22,572,13910,14482
307,2021-07-23,576,13921,14497
307,2021-07-24,420,11694,12114
307,2021-07-25,173,8889,9062
307,2021-07-26,603,12483,13086
307,2021-07-27,599,13153,13752
307,2021-07-28,576,13431,14007
307,2021-07-29,524,13509,14033
307,2021-07-30,506,13021,13527
307,2021-07-31,408,10587,10995
307,2021-08-01,127,7879,8006
307,2021-08-02,466,10953,11419
307,2021-08-03,483,10587,11070
307,2021-08-04,476,10781,11257
307,2021-08-05,473,10792,11265
307,2021-08-06,470,11026,11496
307,2021-08-07,392,8898,9290
307,2021-08-08,121,6680,6801
307,2021-08-09,454,10189,10643
307,2021-08-10,460,10208,10668
307,2021-08-11,481,10397,10878
307,2021-08-12,468,10542,11010
307,2021-08-13,490,10954,11444
307,2021-08-14,374,9238,9612
307,2021-08-15,120,7508,7628
307,2021-08-16,445,10203,10648
307,2021-08-17,464,10263,10727
307,2021-08-18,469,10518,10987
307,2021-08-19,483,10559,11042
307,2021-08-20,477,11137,11614
307,2021-08-21,395,9765,10160
307,2021-08-22,134,7698,7832
307,2021-08-23,490,11512,12002
307,2021-08-24,505,11854,12359
307,2021-08-25,510,12209,12719
307,2021-08-26,477,11984,12461
307,2021-08-27,561,12788,13349
307,2021-08-28,424,11798,12222
307,2021-08-29,148,12841,12989
307,2021-08-30,633,13062,13695
307,2021-08-31,614,13572,14186
307,2021-09-01,662,13221,13883
307,2021-09-02,699,13871,14570
307,2021-09-03,613,14759,15372
307,2021-09-04,482,16430,16912
307,2021-09-05,140,12779,12919
307,2021-09-06,646,13315,13961
307,2021-09-07,642,14199,14841
307,2021-09-08,627,13544,14171
307,2021-09-09,599,13742,14341
307,2021-09-10,592,14135,14727
307,2021-09-11,432,12944,13376
307,2021-09-12,143,10418,10561
307,2021-09-13,612,13655,14267
307,2021-09-14,611,13845,14456
307,2021-09-15,627,13636,14263
307,2021-09-16,653,13965,14618
307,2021-09-17,592,14651,15243
307,2021-09-18,411,13459,13870
307,2021-09-19,169,11166,11335
307,2021-09-20,640,13584,14224
307,2021-09-21,598,13785,14383
307,2021-09-22,633,13772,14405
307,2021-09-23,616,13912,14528
307,2021-09-24,614,14590,15204
307,2021-09-25,403,13786,14189
307,2021-09-26,140,10177,10317
307,2021-09-27,696,13464,14160
307,2021-09-28,699,14308,15007
307,2021-09-29,732,13852,14584
307,2021-09-30,696,14075,14771
307,2021-10-01,657,14944,15601
307,2021-10-02,385,14412,14797
307,2021-10-03,159,10477,10636
307,2021-10-04,644,13788,14432
307,2021-10-05,624,14005,14629
307,2021-10-06,607,13886,14493
307,2021-10-07,608,14008,14616
307,2021-10-08,582,14798,15380
307,2021-10-09,433,13759,14192
307,2021-10-10,205,10870,11075
307,2021-10-11,558,13222,13780
307,2021-10-12,571,13832,14403
307,2021-10-13,635,13544,14179
307,2021-10-14,634,14063,14697
307,2021-10-15,591,14448,15039
307,2021-10-16,405,13637,14042
307,2021-10-17,154,10095,10249
307,2021-10-18,772,15819,16591
307,2021-10-19,774,15771,16545
307,2021-10-20,802,15763,16565
307,2021-10-21,757,15490,16247
307,2021-10-22,787,16503,17290
307,2021-10-23,589,15032,15621
307,2021-10-24,232,11415,11647
307,2021-10-25,770,15492,16262
307,2021-10-26,728,15482,16210
307,2021-10-27,619,14874,15493
307,2021-10-28,617,14730,15347
307,2021-10-29,621,15164,15785
307,2021-10-30,398,12956,13354
307,2021-11-01,136,8902,9038
307,2021-11-02,548,11659,12207
307,2021-11-03,573,12086,12659
307,2021-11-04,635,12176,12811
307,2021-11-05,562,13677,14239
307,2021-11-06,415,12849,13264
307,2021-11-07,147,9762,9909
307,2021-11-08,582,13099,13681
307,2021-11-09,597,13251,13848
307,2021-11-10,660,13185,13845
307,2021-11-11,562,14002,14564
307,2021-11-12,671,14491,15162
307,2021-11-13,409,13444,13853
307,2021-11-14,143,9985,10128
307,2021-11-15,624,13520,14144
307,2021-11-16,616,13796,14412
307,2021-11-17,634,13708,14342
307,2021-11-18,613,13823,14436
307,2021-11-19,610,14561,15171
307,2021-11-20,419,13737,14156
307,2021-11-21,140,9826,9966
307,2021-11-22,584,13371,13955
307,2021-11-23,580,13825,14405
307,2021-11-24,602,13778,14380
307,2021-11-25,598,13881,14479
307,2021-11-26,620,14398,15018
307,2021-11-27,433,13681,14114
307,2021-11-28,151,10248,10399
307,2021-11-29,583,13717,14300
307,2021-11-30,561,13769,14330
307,2021-12-01,592,13809,14401
307,2021-12-02,583,13971,14554
307,2021-12-03,598,14715,15313
307,2021-12-04,391,13467,13858
307,2021-12-05,142,10207,10349
307,2021-12-06,568,13560,14128
307,2021-12-07,556,13864,14420
307,2021-12-08,616,13731,14347
307,2021-12-09,595,14068,14663
307,2021-12-10,520,13695,14215
307,2021-12-11,408,13661,14069
307,2021-12-12,142,10645,10787
307,2021-12-13,578,13525,14103
307,2021-12-14,613,14034,14647
307,2021-12-15,588,13866,14454
307,2021-12-16,608,14418,15026
307,2021-12-17,560,14750,15310
307,2021-12-18,404,12287,12691
307,2021-12-19,144,9077,9221
307,2021-12-20,487,12389,12876
307,2021-12-21,480,12568,13048
307,2021-12-22,483,12673,13156
307,2021-12-23,438,12794,13232
307,2021-12-24,372,11618,11990
307,2021-12-25,94,7258,7352
307,2021-12-26,115,6495,6610
307,2021-12-27,411,10304,10715
307,2021-12-28,419,10367,10786
307,2021-12-29,411,10756,11167
307,2021-12-30,405,11203,11608
307,2021-12-31,413,10785,11198
308,2021-01-02,177,2195,2372
308,2021-01-03,73,1617,1690
308,2021-01-04,247,3940,4187
308,2021-01-05,240,4327,4567
308,2021-01-06,260,4239,4499
308,2021-01-07,255,4302,4557
308,2021-01-08,290,4498,4788
308,2021-01-09,185,2813,2998
308,2021-01-10,74,1960,2034
308,2021-01-11,342,5863,6205
308,2021-01-12,310,6074,6384
308,2021-01-13,328,6355,6683
308,2021-01-14,335,5796,6131
308,2021-01-15,318,6056,6374
308,2021-01-16,185,3152,3337
308,2021-01-17,78,1851,1929
308,2021-01-18,310,5861,6171
308,2021-01-19,305,5915,6220
308,2021-01-20,327,6028,6355
308,2021-01-21,330,6039,6369
308,2021-01-22,298,6242,6540
308,2021-01-23,195,3520,3715
308,2021-01-24,76,2007,2083
308,2021-01-25,345,5840,6185
308,2021-01-26,317,6069,6386
308,2021-01-27,312,5760,6072
308,2021-01-28,316,6548,6864
308,2021-01-29,305,6244,6549
308,2021-01-30,198,3464,3662
308,2021-01-31,79,2005,2084
308,2021-02-01,332,6059,6391
308,2021-02-02,344,7148,7492
308,2021-02-03,285,6018,6303
308,2021-02-04,321,6375,6696
308,2021-02-05,323,6163,6486
308,2021-02-06,186,3658,3844
308,2021-02-07,74,2152,2226
308,2021-02-08,284,5480,5764
308,2021-02-09,289,5691,5980
308,2021-02-10,296,5495,5791
308,2021-02-11,283,5789,6072
308,2021-02-12,264,5664,5928
308,2021-02-13,190,3457,3647
308,2021-02-14,69,2260,2329
308,2021-02-15,305,5163,5468
308,2021-02-16,287,5744,6031
308,2021-02-17,294,5652,5946
308,2021-02-18,303,5509,5812
308,2021-02-19,297,5776,6073
308,2021-02-20,196,3747,3943
308,2021-02-21,73,2637,2710
308,2021-02-22,298,5910,6208
308,2021-02-23,358,6702,7060
308,2021-02-24,322,6485,6807
308,2021-02-25,351,6619,6970
308,2021-02-26,397,7081,7478
308,2021-02-27,282,4059,4341
308,2021-02-28,75,2642,2717
308,2021-03-01,421,6768,7189
308,2021-03-02,346,6714,7060
308,2021-03-03,376,6583,6959
308,2021-03-04,354,6798,7152
308,2021-03-05,368,7266,7634
308,2021-03-06,206,3941,4147
308,2021-03-07,75,2509,2584
308,2021-03-08,357,6574,6931
308,2021-03-09,371,6698,7069
308,2021-03-10,358,6633,6991
308,2021-03-11,330,6745,7075
308,2021-03-12,342,6696,7038
308,2021-03-13,197,3498,3695
308,2021-03-14,70,2314,2384
308,2021-03-15,327,6371,6698
308,2021-03-16,396,7217,7613
308,2021-03-17,330,6363,6693
308,2021-03-18,370,6701,7071
308,2021-03-19,318,6648,6966
308,2021-03-20,267,3919,4186
308,2021-03-21,72,2394,2466
308,2021-03-22,377,6323,6700
308,2021-03-23,352,6659,7011
308,2021-03-24,359,6591,6950
308,2021-03-25,313,6511,6824
308,2021-03-26,351,6656,7007
308,2021-03-27,192,3715,3907
308,2021-03-29,333,6621,6954
308,2021-03-30,325,6858,7183
308,2021-03-31,350,6843,7193
308,2021-04-01,352,7149,7501
308,2021-04-02,364,7422,7786
308,2021-04-03,298,4058,4356
308,2021-04-04,78,2491,2569
308,2021-04-05,79,2069,2148
308,2021-04-06,312,5847,6159
308,2021-04-07,328,5642,5970
308,2021-04-08,303,5840,6143
308,2021-04-09,330,6002,6332
308,2021-04-10,203,3401,3604
308,2021-04-11,68,1950,2018
308,2021-04-12,301,5475,5776
308,2021-04-13,404,5992,6396
308,2021-04-14,332,5720,6052
308,2021-04-15,330,6062,6392
308,2021-04-16,375,6007,6382
308,2021-04-17,210,3822,4032
308,2021-04-18,80,2283,2363
308,2021-04-19,346,6563,6909
308,2021-04-20,357,6967,7324
308,2021-04-21,361,6588,6949
308,2021-04-22,421,8127,8548
308,2021-04-23,393,7253,7646
308,2021-04-24,219,4312,4531
308,2021-04-25,75,2693,2768
308,2021-04-26,443,7350,7793
308,2021-04-27,419,7059,7478
308,2021-04-28,336,7002,7338
308,2021-04-29,347,7259,7606
308,2021-04-30,378,7487,7865
308,2021-05-01,86,2846,2932
308,2021-05-02,72,2554,2626
308,2021-05-03,447,7981,8428
308,2021-05-04,370,9816,10186
308,2021-05-05,345,7038,7383
308,2021-05-06,348,7172,7520
308,2021-05-07,317,6948,7265
308,2021-05-08,193,3936,4129
308,2021-05-09,70,2684,2754
308,2021-05-10,373,6670,7043
308,2021-05-11,342,7043,7385
308,2021-05-12,351,7278,7629
308,2021-05-13,73,2700,2773
308,2021-05-14,326,6639,6965
308,2021-05-15,193,3951,4144
308,2021-05-16,80,2467,2547
308,2021-05-17,366,7081,7447
308,2021-05-18,343,7091,7434
308,2021-05-19,355,7107,7462
308,2021-05-20,346,7154,7500
308,2021-05-21,357,7291,7648
308,2021-05-22,197,3738,3935
308,2021-05-23,73,2520,2593
308,2021-05-24,81,2153,2234
308,2021-05-25,277,6110,6387
308,2021-05-26,253,6075,6328
308,2021-05-27,334,6598,6932
308,2021-05-28,236,6429,6665
308,2021-05-29,231,4162,4393
308,2021-05-30,115,3069,3184
308,2021-05-31,344,7132,7476
308,2021-06-01,421,7760,8181
308,2021-06-02,455,7336,7791
308,2021-06-03,386,7214,7600
308,2021-06-04,483,10352,10835
308,2021-06-05,525,16991,17516
308,2021-06-06,145,10925,11070
308,2021-06-07,398,6818,7216
308,2021-06-08,320,3640,3960
308,2021-06-09,122,2247,2369
308,2021-06-10,339,6710,7049
308,2021-06-11,347,7053,7400
308,2021-06-12,333,4476,4809
308,2021-06-13,70,3072,3142
308,2021-06-14,363,6983,7346
308,2021-06-15,386,7313,7699
308,2021-06-16,356,6936,7292
308,2021-06-17,334,6965,7299
308,2021-06-18,352,7189,7541
308,2021-06-19,224,4339,4563
308,2021-06-20,74,2779,2853
308,2021-06-21,366,6416,6782
308,2021-06-22,379,6948,7327
308,2021-06-23,73,2569,2642
308,2021-06-24,387,6734,7121
308,2021-06-25,351,6989,7340
308,2021-06-26,200,4023,4223
308,2021-06-27,73,2609,2682
308,2021-06-28,362,6582,6944
308,2021-06-29,345,6683,7028
308,2021-06-30,359,6730,7089
308,2021-07-01,409,6986,7395
308,2021-07-02,337,7152,7489
308,2021-07-03,248,4054,4302
308,2021-07-04,91,2644,2735
308,2021-07-05,437,6626,7063
308,2021-07-06,387,7430,7817
308,2021-07-07,325,6724,7049
308,2021-07-08,390,6777,7167
308,2021-07-09,367,7188,7555
308,2021-07-10,229,4134,4363
308,2021-07-11,91,2795,2886
308,2021-07-12,332,6258,6590
308,2021-07-13,336,6743,7079
308,2021-07-14,322,6787,7109
308,2021-07-15,298,6986,7284
308,2021-07-16,306,6545,6851
308,2021-07-17,204,3563,3767
308,2021-07-18,93,2690,2783
308,2021-07-19,312,5740,6052
308,2021-07-20,304,6013,6317
308,2021-07-21,334,5994,6328
308,2021-07-22,319,6065,6384
308,2021-07-23,331,5873,6204
308,2021-07-24,209,3337,3546
308,2021-07-25,100,2516,2616
308,2021-07-26,280,5146,5426
308,2021-07-27,289,5464,5753
308,2021-07-28,310,5353,5663
308,2021-07-29,282,5226,5508
308,2021-07-30,292,5001,5293
308,2021-07-31,196,3055,3251
308,2021-08-01,91,2180,2271
308,2021-08-02,237,4100,4337
308,2021-08-03,259,4193,4452
308,2021-08-04,248,4205,4453
308,2021-08-05,249,4091,4340
308,2021-08-06,243,4213,4456
308,2021-08-07,192,2841,3033
308,2021-08-08,90,2048,2138
308,2021-08-09,254,3927,4181
308,2021-08-10,227,4054,4281
308,2021-08-11,252,4184,4436
308,2021-08-12,250,4111,4361
308,2021-08-13,243,4265,4508
308,2021-08-14,201,2737,2938
308,2021-08-15,97,2177,2274
308,2021-08-16,228,3858,4086
308,2021-08-17,239,3939,4178
308,2021-08-18,241,3849,4090
308,2021-08-19,228,4241,4469
308,2021-08-20,243,4361,4604
308,2021-08-21,198,2865,3063
308,2021-08-22,88,1956,2044
308,2021-08-23,269,4425,4694
308,2021-08-24,278,4885,5163
308,2021-08-25,299,5424,5723
308,2021-08-26,282,4979,5261
308,2021-08-27,358,7086,7444
308,2021-08-28,215,6691,6906
308,2021-08-29,233,15621,15854
308,2021-08-30,447,7556,8003
308,2021-08-31,456,8247,8703
308,2021-09-01,451,7717,8168
308,2021-09-02,493,7413,7906
308,2021-09-03,507,10949,11456
308,2021-09-04,897,24115,25012
308,2021-09-05,212,11127,11339
308,2021-09-06,335,5399,5734
308,2021-09-07,313,5457,5770
308,2021-09-08,344,5289,5633
308,2021-09-09,345,5308,5653
308,2021-09-10,337,5181,5518
308,2021-09-11,206,3362,3568
308,2021-09-12,87,2376,2463
308,2021-09-13,306,5354,5660
308,2021-09-14,341,6343,6684
308,2021-09-15,343,5479,5822
308,2021-09-16,320,5764,6084
308,2021-09-17,339,5863,6202
308,2021-09-18,205,3538,3743
308,2021-09-19,88,2477,2565
308,2021-09-20,369,5687,6056
308,2021-09-21,384,6041,6425
308,2021-09-22,348,5727,6075
308,2021-09-23,361,6042,6403
308,2021-09-24,350,5825,6175
308,2021-09-25,208,3685,3893
308,2021-09-26,93,2296,2389
308,2021-09-27,401,6272,6673
308,2021-09-28,426,9155,9581
308,2021-09-29,377,6335,6712
308,2021-09-30,379,6084,6463
308,2021-10-01,377,6026,6403
308,2021-10-02,221,3576,3797
308,2021-10-03,88,2394,2482
308,2021-10-04,343,5609,5952
308,2021-10-05,389,6145,6534
308,2021-10-06,352,5698,6050
308,2021-10-07,380,6189,6569
308,2021-10-08,353,6033,6386
308,2021-10-09,262,4018,4280
308,2021-10-10,118,2513,2631
308,2021-10-11,367,5443,5810
308,2021-10-12,360,6031,6391
308,2021-10-13,360,5563,5923
308,2021-10-14,341,6131,6472
308,2021-10-15,362,5939,6301
308,2021-10-16,209,3603,3812
308,2021-10-17,94,2387,2481
308,2021-10-18,404,5986,6390
308,2021-10-19,376,6298,6674
308,2021-10-20,348,5795,6143
308,2021-10-21,368,6258,6626
308,2021-10-22,353,6068,6421
308,2021-10-23,195,3799,3994
308,2021-10-24,94,2496,2590
308,2021-10-25,351,5937,6288
308,2021-10-26,356,6265,6621
308,2021-10-27,336,5593,5929
308,2021-10-28,363,6215,6578
308,2021-10-29,356,6243,6599
308,2021-10-30,205,3184,3389
308,2021-11-01,89,2093,2182
308,2021-11-02,268,5003,5271
308,2021-11-03,305,5036,5341
308,2021-11-04,314,5042,5356
308,2021-11-05,348,4964,5312
308,2021-11-06,207,3509,3716
308,2021-11-07,89,2133,2222
308,2021-11-08,352,5466,5818
308,2021-11-09,348,6111,6459
308,2021-11-10,413,6317,6730
308,2021-11-11,359,6075,6434
308,2021-11-12,378,6102,6480
308,2021-11-13,230,3545,3775
308,2021-11-14,87,2304,2391
308,2021-11-15,390,6001,6391
308,2021-11-16,320,5843,6163
308,2021-11-17,360,6228,6588
308,2021-11-18,341,5900,6241
308,2021-11-19,371,5940,6311
308,2021-11-20,222,3632,3854
308,2021-11-21,93,2226,2319
308,2021-11-22,337,5427,5764
308,2021-11-23,342,5677,6019
308,2021-11-24,375,5615,5990
308,2021-11-25,350,5819,6169
308,2021-11-26,372,6112,6484
308,2021-11-27,207,3280,3487
308,2021-11-28,96,2078,2174
308,2021-11-29,368,5656,6024
308,2021-11-30,333,5717,6050
308,2021-12-01,336,5278,5614
308,2021-12-02,353,5541,5894
308,2021-12-03,348,5598,5946
308,2021-12-04,209,3236,3445
308,2021-12-05,92,2060,2152
308,2021-12-06,324,5091,5415
308,2021-12-07,353,5641,5994
308,2021-12-08,378,5338,5716
308,2021-12-09,353,5679,6032
308,2021-12-10,336,5611,5947
308,2021-12-11,204,3305,3509
308,2021-12-12,91,2001,2092
308,2021-12-13,317,5250,5567
308,2021-12-14,364,5629,5993
308,2021-12-15,353,5486,5839
308,2021-12-16,328,5876,6204
308,2021-12-17,319,5835,6154
308,2021-12-18,200,3527,3727
308,2021-12-19,90,2333,2423
308,2021-12-20,244,4369,4613
308,2021-12-21,282,5011,5293
308,2021-12-22,276,4769,5045
308,2021-12-23,248,4459,4707
308,2021-12-24,199,3492,3691
308,2021-12-25,70,1820,1890
308,2021-12-26,72,1614,1686
308,2021-12-27,225,3106,3331
308,2021-12-28,235,3395,3630
308,2021-12-29,233,3414,3647
308,2021-12-30,234,3632,3866
308,2021-12-31,235,3046,3281
309,2021-01-01,87,1713,1800
309,2021-01-02,246,2794,3040
309,2021-01-03,96,1905,2001
309,2021-01-04,290,5122,5412
309,2021-01-05,304,5131,5435
309,2021-01-06,302,5326,5628
309,2021-01-07,328,5401,5729
309,2021-01-08,358,5643,6001
309,2021-01-09,254,3396,3650
309,2021-01-10,92,2171,2263
309,2021-01-11,425,7239,7664
309,2021-01-12,425,7390,7815
309,2021-01-13,392,7298,7690
309,2021-01-14,352,6608,6960
309,2021-01-15,379,7585,7964
309,2021-01-16,253,3949,4202
309,2021-01-17,93,2143,2236
309,2021-01-18,381,7149,7530
309,2021-01-19,377,7439,7816
309,2021-01-20,432,7426,7858
309,2021-01-21,397,7624,8021
309,2021-01-22,390,7740,8130
309,2021-01-23,265,4241,4506
309,2021-01-24,94,2432,2526
309,2021-01-25,434,7027,7461
309,2021-01-26,436,7463,7899
309,2021-01-27,371,6716,7087
309,2021-01-28,417,7745,8162
309,2021-01-29,414,7894,8308
309,2021-01-30,271,4358,4629
309,2021-01-31,100,2266,2366
309,2021-02-02,424,8446,8870
309,2021-02-03,395,7369,7764
309,2021-02-04,424,7705,8129
309,2021-02-05,425,8077,8502
309,2021-02-06,263,4345,4608
309,2021-02-07,99,2535,2634
309,2021-02-08,392,6752,7144
309,2021-02-09,394,7005,7399
309,2021-02-10,376,6965,7341
309,2021-02-11,394,7068,7462
309,2021-02-12,413,7311,7724
309,2021-02-13,264,4283,4547
309,2021-02-14,97,2594,2691
309,2021-02-15,411,6406,6817
309,2021-02-16,388,7179,7567
309,2021-02-17,381,6953,7334
309,2021-02-18,379,6868,7247
309,2021-02-19,423,7217,7640
309,2021-02-20,277,4575,4852
309,2021-02-21,99,3036,3135
309,2021-02-22,439,7628,8067
309,2021-02-23,427,8331,8758
309,2021-02-24,406,8198,8604
309,2021-02-25,453,8406,8859
309,2021-02-26,442,8601,9043
309,2021-02-27,288,5034,5322
309,2021-02-28,98,3083,3181
309,2021-03-02,438,8560,8998
309,2021-03-03,452,8430,8882
309,2021-03-04,434,8289,8723
309,2021-03-05,444,8652,9096
309,2021-03-06,285,4831,5116
309,2021-03-07,95,3028,3123
309,2021-03-08,474,8323,8797
309,2021-03-09,477,8637,9114
309,2021-03-10,460,8460,8920
309,2021-03-11,450,8491,8941
309,2021-03-12,446,9006,9452
309,2021-03-13,261,4449,4710
309,2021-03-14,98,2526,2624
309,2021-03-15,417,7872,8289
309,2021-03-16,446,8594,9040
309,2021-03-17,414,8163,8577
309,2021-03-18,453,8583,9036
309,2021-03-19,446,8661,9107
309,2021-03-20,300,5022,5322
309,2021-03-21,101,2750,2851
309,2021-03-22,424,7840,8264
309,2021-03-23,467,8369,8836
309,2021-03-24,461,8004,8465
309,2021-03-25,447,8127,8574
309,2021-03-26,460,8533,8993
309,2021-03-27,285,4699,4984
309,2021-03-29,450,8190,8640
309,2021-03-30,473,8416,8889
309,2021-03-31,485,8449,8934
309,2021-04-01,468,8561,9029
309,2021-04-02,505,9234,9739
309,2021-04-03,298,4995,5293
309,2021-06-11,476,9212,9688
309,2021-06-12,346,5471,5817
309,2021-06-13,103,3883,3986
309,2021-06-14,470,8687,9157
309,2021-06-15,483,8978,9461
309,2021-06-16,461,8731,9192
309,2021-06-17,442,8676,9118
309,2021-06-18,447,8975,9422
309,2021-06-19,287,5517,5804
309,2021-06-30,465,8584,9049
309,2021-07-01,475,8695,9170
309,2021-07-02,470,9163,9633
309,2021-07-03,310,6089,6399
309,2021-07-04,128,3736,3864
309,2021-07-05,446,8433,8879
309,2021-07-06,441,9067,9508
309,2021-07-07,441,8734,9175
309,2021-07-08,487,9028,9515
309,2021-07-09,492,9118,9610
309,2021-07-10,282,5131,5413
309,2021-07-11,122,3341,3463
309,2021-07-12,437,8128,8565
309,2021-07-13,406,8462,8868
309,2021-07-14,374,8442,8816
309,2021-07-15,442,9365,9807
309,2021-07-16,428,8786,9214
309,2021-07-17,296,5013,5309
309,2021-07-18,128,3469,3597
309,2021-07-19,400,7611,8011
309,2021-07-20,440,7973,8413
309,2021-07-21,423,7879,8302
309,2021-07-22,412,7827,8239
309,2021-07-23,468,7803,8271
309,2021-07-24,314,4244,4558
309,2021-07-30,336,6769,7105
309,2021-07-31,330,3906,4236
309,2021-08-01,134,2896,3030
309,2021-08-02,336,5574,5910
309,2021-08-03,309,5598,5907
309,2021-08-04,313,5770,6083
309,2021-08-05,322,5883,6205
309,2021-08-06,347,5743,6090
309,2021-08-07,274,3738,4012
309,2021-08-08,121,2511,2632
309,2021-08-09,298,5099,5397
309,2021-08-10,312,5318,5630
309,2021-08-11,305,5531,5836
309,2021-08-12,299,5570,5869
309,2021-08-13,318,5600,5918
309,2021-08-14,299,3835,4134
309,2021-08-15,141,2767,2908
309,2021-08-16,318,5071,5389
309,2021-08-17,305,5468,5773
309,2021-08-18,313,5436,5749
309,2021-08-19,303,5500,5803
309,2021-08-20,348,5643,5991
309,2021-08-21,273,3934,4207
309,2021-08-22,124,2638,2762
309,2021-08-23,362,5853,6215
309,2021-08-24,390,6448,6838
309,2021-08-25,422,7125,7547
309,2021-08-26,383,6533,6916
309,2021-08-27,396,7580,7976
309,2021-08-28,293,4937,5230
309,2021-08-29,142,6321,6463
309,2021-08-30,465,7816,8281
309,2021-08-31,434,8177,8611
309,2021-09-01,431,7616,8047
309,2021-09-02,432,7587,8019
309,2021-09-03,455,10422,10877
309,2021-09-04,529,20217,20746
309,2021-09-05,190,12706,12896
309,2021-09-06,468,6725,7193
309,2021-09-07,402,6871,7273
309,2021-09-08,458,6878,7336
309,2021-09-09,448,6645,7093
309,2021-09-10,445,6950,7395
309,2021-09-11,288,4437,4725
309,2021-09-12,129,3097,3226
309,2021-09-13,385,6957,7342
309,2021-09-14,415,7593,8008
309,2021-09-15,432,7550,7982
309,2021-09-16,423,7583,8006
309,2021-09-17,450,7951,8401
309,2021-09-18,339,4523,4862
309,2021-09-19,125,2905,3030
309,2021-09-20,507,7529,8036
309,2021-09-21,558,7892,8450
309,2021-09-22,552,7731,8283
309,2021-09-23,527,7862,8389
309,2021-09-24,548,8078,8626
309,2021-09-25,316,4634,4950
309,2021-09-26,124,2875,2999
309,2021-09-27,508,7440,7948
309,2021-09-28,546,8392,8938
309,2021-09-29,512,7966,8478
309,2021-09-30,522,7816,8338
309,2021-10-01,544,7472,8016
309,2021-10-02,309,4257,4566
309,2021-10-03,127,2531,2658
309,2021-10-04,457,7161,7618
309,2021-10-05,457,7697,8154
309,2021-10-06,471,7398,7869
309,2021-10-07,464,7744,8208
309,2021-10-08,470,7781,8251
309,2021-10-09,300,4436,4736
309,2021-10-10,129,2876,3005
309,2021-10-11,494,7148,7642
309,2021-10-12,513,7335,7848
309,2021-10-13,501,7047,7548
309,2021-10-14,475,7969,8444
309,2021-10-15,495,7683,8178
309,2021-10-16,314,4351,4665
309,2021-10-17,123,2773,2896
309,2021-10-18,464,7586,8050
309,2021-10-19,483,7775,8258
309,2021-10-20,496,7712,8208
309,2021-10-21,512,7934,8446
309,2021-10-22,502,7606,8108
309,2021-10-23,303,4537,4840
309,2021-10-24,123,2856,2979
309,2021-10-25,484,7222,7706
309,2021-10-26,475,7554,8029
309,2021-10-27,501,7377,7878
309,2021-10-28,485,7895,8380
309,2021-10-29,486,8210,8696
309,2021-10-30,288,4019,4307
309,2021-11-01,125,2428,2553
309,2021-11-02,467,6384,6851
309,2021-11-03,465,6480,6945
309,2021-11-04,490,6613,7103
309,2021-11-05,517,6430,6947
309,2021-11-06,296,3837,4133
309,2021-11-07,122,2341,2463
309,2021-11-08,478,7099,7577
309,2021-11-09,543,7521,8064
309,2021-11-10,569,7736,8305
309,2021-11-11,607,8209,8816
309,2021-11-12,545,8595,9140
309,2021-11-13,315,5254,5569
309,2021-11-14,148,4206,4354
309,2021-11-15,596,7732,8328
309,2021-11-16,517,7548,8065
309,2021-11-17,585,8038,8623
309,2021-11-18,575,7594,8169
309,2021-11-19,540,7660,8200
309,2021-11-20,295,4204,4499
309,2021-11-21,122,2441,2563
309,2021-11-22,537,7263,7800
309,2021-11-23,545,7518,8063
309,2021-11-24,544,7490,8034
309,2021-11-25,542,7759,8301
309,2021-11-26,532,7798,8330
309,2021-11-27,299,3936,4235
309,2021-11-28,124,2512,2636
309,2021-11-29,586,7259,7845
309,2021-11-30,516,7440,7956
309,2021-12-01,562,7523,8085
309,2021-12-02,552,7717,8269
309,2021-12-03,493,7658,8151
309,2021-12-04,290,4159,4449
309,2021-12-05,125,2520,2645
309,2021-12-06,508,6706,7214
309,2021-12-07,517,7540,8057
309,2021-12-08,503,7177,7680
309,2021-12-09,536,7641,8177
309,2021-12-10,394,6292,6686
309,2021-12-11,293,4117,4410
309,2021-12-12,130,2541,2671
309,2021-12-13,513,7050,7563
309,2021-12-14,556,7586,8142
309,2021-12-15,570,7483,8053
309,2021-12-16,477,7795,8272
309,2021-12-17,475,7589,8064
309,2021-12-18,280,4139,4419
309,2021-12-19,123,2479,2602
309,2021-12-20,362,5424,5786
309,2021-12-21,348,5965,6313
309,2021-12-22,348,5786,6134
309,2021-12-23,323,5710,6033
309,2021-12-24,259,4284,4543
309,2021-12-25,85,2137,2222
309,2021-12-26,97,1889,1986
309,2021-12-27,302,3775,4077
309,2021-12-28,308,4242,4550
309,2021-12-29,297,4301,4598
309,2021-12-30,288,4580,4868
309,2021-12-31,286,3739,4025
310,2021-01-01,9,4935,4944
310,2021-01-02,144,8688,8832
310,2021-01-03,22,6386,6408
310,2021-01-04,213,11639,11852
310,2021-01-05,263,12876,13139
310,2021-01-06,256,12476,12732
310,2021-01-07,267,12337,12604
310,2021-01-08,307,13300,13607
310,2021-01-09,171,10976,11147
310,2021-01-10,12,7637,7649
310,2021-01-11,345,16286,16631
310,2021-01-12,327,16098,16425
310,2021-01-13,348,16828,17176
310,2021-01-14,284,15043,15327
310,2021-01-15,298,16372,16670
310,2021-01-16,169,13392,13561
310,2021-01-17,11,7249,7260
310,2021-01-18,356,15919,16275
310,2021-01-19,351,16312,16663
310,2021-01-20,380,16847,17227
310,2021-01-21,367,16679,17046
310,2021-01-22,324,17653,17977
310,2021-01-23,150,14394,14544
310,2021-01-24,22,8132,8154
310,2021-01-25,346,16087,16433
310,2021-01-26,399,16577,16976
310,2021-01-27,334,15928,16262
310,2021-01-28,374,17356,17730
310,2021-01-29,392,18023,18415
310,2021-01-30,143,13891,14034
310,2021-01-31,12,7772,7784
310,2021-02-01,327,16018,16345
310,2021-02-02,393,16946,17339
310,2021-02-03,423,16421,16844
310,2021-02-04,423,17035,17458
310,2021-02-05,393,17964,18357
310,2021-02-06,134,13844,13978
310,2021-02-07,12,7995,8007
310,2021-02-08,379,15006,15385
310,2021-02-09,391,15821,16212
310,2021-02-10,374,15830,16204
310,2021-02-11,321,16348,16669
310,2021-02-12,299,17180,17479
310,2021-02-13,183,14510,14693
310,2021-02-14,16,8651,8667
310,2021-02-15,350,14960,15310
310,2021-02-16,332,16410,16742
310,2021-02-17,374,16562,16936
310,2021-02-18,386,16567,16953
310,2021-02-19,373,18204,18577
310,2021-02-20,188,15052,15240
310,2021-02-21,12,9768,9780
310,2021-02-22,400,16879,17279
310,2021-02-23,405,17462,17867
310,2021-02-24,363,17440,17803
310,2021-02-25,373,18173,18546
310,2021-02-26,394,18687,19081
310,2021-02-27,195,15789,15984
310,2021-02-28,38,12750,12788
310,2021-03-01,369,16881,17250
310,2021-03-02,413,17520,17933
310,2021-03-03,378,17181,17559
310,2021-03-04,445,17556,18001
310,2021-03-05,461,18440,18901
310,2021-03-06,165,15959,16124
310,2021-03-07,21,9465,9486
310,2021-03-08,450,16972,17422
310,2021-03-09,419,18094,18513
310,2021-03-10,452,17710,18162
310,2021-03-11,510,18695,19205
310,2021-03-12,406,18955,19361
310,2021-03-13,198,14648,14846
310,2021-03-14,11,8456,8467
310,2021-03-15,395,16981,17376
310,2021-03-16,422,17973,18395
310,2021-03-17,410,17126,17536
310,2021-03-18,377,17674,18051
310,2021-03-19,399,18774,19173
310,2021-03-20,209,15812,16021
310,2021-03-21,29,9436,9465
310,2021-03-22,411,16935,17346
310,2021-03-23,409,17703,18112
310,2021-03-24,478,17731,18209
310,2021-03-25,447,17629,18076
310,2021-03-26,451,18972,19423
310,2021-03-27,214,15610,15824
310,2021-03-29,446,17454,17900
310,2021-03-30,436,18578,19014
310,2021-03-31,407,18342,18749
310,2021-04-01,411,19485,19896
310,2021-04-02,405,20948,21353
310,2021-04-03,220,17340,17560
310,2021-04-04,9,8963,8972
310,2021-04-05,16,7851,7867
310,2021-04-06,435,18820,19255
310,2021-04-07,514,18930,19444
310,2021-04-08,463,19589,20052
310,2021-04-09,431,19995,20426
310,2021-04-10,181,16307,16488
310,2021-04-11,5,8357,8362
310,2021-04-12,478,18416,18894
310,2021-04-13,441,18959,19400
310,2021-04-14,443,18864,19307
310,2021-04-15,460,19295,19755
310,2021-04-16,472,19517,19989
310,2021-04-17,204,16284,16488
310,2021-04-18,17,8781,8798
310,2021-04-19,382,17970,18352
310,2021-04-20,418,19032,19450
310,2021-04-21,417,18389,18806
310,2021-04-22,385,18884,19269
310,2021-04-23,429,20202,20631
310,2021-04-24,224,17407,17631
310,2021-04-25,12,10388,10400
310,2021-04-26,413,18914,19327
310,2021-04-27,437,19700,20137
310,2021-04-28,440,19309,19749
310,2021-04-29,435,19923,20358
310,2021-04-30,457,21797,22254
310,2021-05-01,20,9790,9810
310,2021-05-02,26,10097,10123
310,2021-05-03,419,19584,20003
310,2021-05-04,431,19697,20128
310,2021-05-05,436,19020,19456
310,2021-05-06,482,19375,19857
310,2021-05-07,450,22154,22604
310,2021-05-08,366,19610,19976
310,2021-05-09,13,9913,9926
310,2021-05-10,340,18040,18380
310,2021-05-11,285,19739,20024
310,2021-05-12,374,21033,21407
310,2021-05-13,24,8577,8601
310,2021-05-14,294,20123,20417
310,2021-05-15,95,16836,16931
310,2021-05-16,16,9258,9274
310,2021-05-17,332,18683,19015
310,2021-05-18,338,19000,19338
310,2021-05-19,337,19014,19351
310,2021-05-20,351,19564,19915
310,2021-05-21,351,20734,21085
310,2021-05-22,129,18030,18159
310,2021-05-23,16,9392,9408
310,2021-05-24,23,7220,7243
310,2021-05-25,292,18105,18397
310,2021-05-26,257,17871,18128
310,2021-05-27,323,18819,19142
310,2021-05-28,293,19199,19492
310,2021-05-29,153,15885,16038
310,2021-05-30,18,11105,11123
310,2021-05-31,333,19384,19717
310,2021-06-01,351,20346,20697
310,2021-06-02,383,19745,20128
310,2021-06-03,345,19749,20094
310,2021-06-04,472,19236,19708
310,2021-06-05,127,16813,16940
310,2021-06-06,14,9908,9922
310,2021-06-07,301,18608,18909
310,2021-06-08,331,20064,20395
310,2021-06-09,342,20229,20571
310,2021-06-10,296,20213,20509
310,2021-06-11,347,21157,21504
310,2021-06-12,145,17682,17827
310,2021-06-13,22,11412,11434
310,2021-06-14,328,19201,19529
310,2021-06-15,354,19937,20291
310,2021-06-16,302,19520,19822
310,2021-06-17,358,20187,20545
310,2021-06-18,357,21210,21567
310,2021-06-19,253,19477,19730
310,2021-06-20,50,11243,11293
310,2021-06-21,324,17871,18195
310,2021-06-22,277,18937,19214
310,2021-06-23,37,8885,8922
310,2021-06-24,319,18164,18483
310,2021-06-25,274,19133,19407
310,2021-06-26,175,16407,16582
310,2021-06-27,18,10638,10656
310,2021-06-28,392,20009,20401
310,2021-06-29,290,18136,18426
310,2021-06-30,302,18378,18680
310,2021-07-01,300,19020,19320
310,2021-07-02,295,19551,19846
310,2021-07-03,100,16693,16793
310,2021-07-04,29,10270,10299
310,2021-07-05,284,17739,18023
310,2021-07-06,298,18680,18978
310,2021-07-07,299,18719,19018
310,2021-07-08,346,18371,18717
310,2021-07-09,308,20080,20388
310,2021-07-10,106,15377,15483
310,2021-07-11,33,9922,9955
310,2021-07-12,301,17332,17633
310,2021-07-13,296,18366,18662
310,2021-07-14,287,17611,17898
310,2021-07-15,327,18395,18722
310,2021-07-16,266,18492,18758
310,2021-07-17,129,15707,15836
310,2021-07-18,16,10423,10439
310,2021-07-19,277,17105,17382
310,2021-07-20,247,17277,17524
310,2021-07-21,320,17194,17514
310,2021-07-22,280,17087,17367
310,2021-07-23,272,17506,17778
310,2021-07-24,103,13844,13947
310,2021-07-25,29,10317,10346
310,2021-07-26,282,16246,16528
310,2021-07-27,284,16014,16298
310,2021-07-28,289,16303,16592
310,2021-07-29,255,16036,16291
310,2021-07-30,195,15403,15598
310,2021-07-31,51,12742,12793
310,2021-08-01,11,7923,7934
310,2021-08-02,153,12624,12777
310,2021-08-03,133,12751,12884
310,2021-08-04,152,11163,11315
310,2021-08-10,168,13170,13338
310,2021-08-11,139,13195,13334
310,2021-08-12,138,13431,13569
310,2021-08-13,166,13995,14161
310,2021-08-14,48,11770,11818
310,2021-08-15,11,8023,8034
310,2021-08-16,129,13508,13637
310,2021-08-17,139,14056,14195
310,2021-08-18,158,14015,14173
310,2021-08-19,144,14173,14317
310,2021-08-20,136,14898,15034
310,2021-08-21,93,12462,12555
310,2021-08-22,26,8706,8732
310,2021-08-23,212,13977,14189
310,2021-08-24,244,14726,14970
310,2021-08-25,246,15136,15382
310,2021-08-26,252,14893,15145
310,2021-08-27,235,16149,16384
310,2021-08-28,192,14312,14504
310,2021-08-29,77,9999,10076
310,2021-08-30,394,16754,17148
310,2021-08-31,460,17319,17779
310,2021-09-01,527,18567,19094
310,2021-09-02,442,17697,18139
310,2021-09-03,450,18493,18943
310,2021-09-04,333,15948,16281
310,2021-09-05,85,10742,10827
310,2021-09-06,431,18126,18557
310,2021-09-07,443,19177,19620
310,2021-09-08,472,19055,19527
310,2021-09-09,472,18923,19395
310,2021-09-10,477,19338,19815
310,2021-09-11,263,16477,16740
310,2021-09-12,75,11481,11556
310,2021-09-13,395,18603,18998
310,2021-09-14,422,20242,20664
310,2021-09-15,364,18058,18422
310,2021-09-16,315,19057,19372
310,2021-09-17,309,20373,20682
310,2021-09-18,104,17000,17104
310,2021-09-19,21,10765,10786
310,2021-09-20,300,17946,18246
310,2021-09-21,359,18834,19193
310,2021-09-22,326,18202,18528
310,2021-09-23,323,18863,19186
310,2021-09-24,295,19553,19848
310,2021-09-25,127,17249,17376
310,2021-09-26,17,10152,10169
310,2021-09-27,326,18314,18640
310,2021-09-28,326,18888,19214
310,2021-09-29,332,18931,19263
310,2021-09-30,313,19495,19808
310,2021-10-01,350,20099,20449
310,2021-10-02,97,17225,17322
310,2021-10-03,17,10247,10264
310,2021-10-04,384,17860,18244
310,2021-10-05,351,18736,19087
310,2021-10-06,326,18546,18872
310,2021-10-07,370,19540,19910
310,2021-10-08,335,19870,20205
310,2021-10-09,145,17045,17190
310,2021-10-10,64,11087,11151
310,2021-10-11,311,18474,18785
310,2021-10-12,344,19034,19378
310,2021-10-13,359,18889,19248
310,2021-10-14,339,19538,19877
310,2021-10-15,366,19889,20255
310,2021-10-16,251,17189,17440
310,2021-10-17,22,10247,10269
310,2021-10-18,298,18006,18304
310,2021-10-19,338,19155,19493
310,2021-10-20,331,18213,18544
310,2021-10-21,425,18962,19387
310,2021-10-22,375,19561,19936
310,2021-10-23,148,17038,17186
310,2021-10-24,56,11223,11279
310,2021-10-25,310,18119,18429
310,2021-10-26,391,19449,19840
310,2021-10-27,382,18867,19249
310,2021-10-28,371,19754,20125
310,2021-10-29,346,20335,20681
310,2021-10-30,88,17032,17120
310,2021-11-01,22,8987,9009
310,2021-11-02,335,18500,18835
310,2021-11-03,343,17904,18247
310,2021-11-04,341,18795,19136
310,2021-11-05,309,19502,19811
310,2021-11-06,127,16527,16654
310,2021-11-07,16,9629,9645
310,2021-11-08,376,17985,18361
310,2021-11-09,331,18819,19150
310,2021-11-10,406,19872,20278
310,2021-11-11,330,19405,19735
310,2021-11-12,311,20091,20402
310,2021-11-13,158,17294,17452
310,2021-11-14,22,11077,11099
310,2021-11-15,346,18034,18380
310,2021-11-16,346,19109,19455
310,2021-11-17,382,18689,19071
310,2021-11-18,362,19415,19777
310,2021-11-19,331,19773,20104
310,2021-11-20,119,17686,17805
310,2021-11-21,23,10953,10976
310,2021-11-22,325,18001,18326
310,2021-11-23,401,19438,19839
310,2021-11-24,374,19074,19448
310,2021-11-25,356,19602,19958
310,2021-11-26,410,20772,21182
310,2021-11-27,103,17534,17637
310,2021-11-28,16,11663,11679
310,2021-11-29,332,18413,18745
310,2021-11-30,307,19154,19461
310,2021-12-01,319,18734,19053
310,2021-12-02,317,19442,19759
310,2021-12-03,378,19985,20363
310,2021-12-04,145,16897,17042
310,2021-12-05,22,11838,11860
310,2021-12-06,301,17963,18264
310,2021-12-07,323,18832,19155
310,2021-12-08,360,18469,18829
310,2021-12-09,308,19067,19375
310,2021-12-10,259,18563,18822
310,2021-12-11,86,17351,17437
310,2021-12-12,35,11021,11056
310,2021-12-13,350,17957,18307
310,2021-12-14,420,19136,19556
310,2021-12-15,445,18945,19390
310,2021-12-16,365,19202,19567
310,2021-12-17,357,19683,20040
310,2021-12-18,137,16469,16606
310,2021-12-19,42,10173,10215
310,2021-12-20,215,16515,16730
310,2021-12-21,244,17404,17648
310,2021-12-22,214,17511,17725
310,2021-12-23,184,18711,18895
310,2021-12-24,145,14915,15060
310,2021-12-25,22,6721,6743
310,2021-12-26,24,6676,6700
310,2021-12-27,129,13368,13497
310,2021-12-28,213,14512,14725
310,2021-12-29,158,15043,15201
310,2021-12-30,156,15194,15350
310,2021-12-31,139,13767,13906
311,2021-01-01,5,2103,2108
311,2021-01-02,129,7016,7145
311,2021-01-03,13,3775,3788
311,2021-01-04,317,10389,10706
311,2021-01-05,406,11503,11909
311,2021-01-06,374,11110,11484
311,2021-01-07,406,11017,11423
311,2021-01-08,388,11966,12354
311,2021-01-09,189,9747,9936
311,2021-01-10,19,4639,4658
311,2021-01-11,436,15740,16176
311,2021-01-12,459,15003,15462
311,2021-01-13,484,15485,15969
311,2021-01-14,413,13506,13919
311,2021-01-15,410,14476,14886
311,2021-01-16,189,13740,13929
311,2021-01-17,25,4522,4547
311,2021-01-18,459,14519,14978
311,2021-02-27,213,15227,15440
311,2021-02-28,41,9823,9864
311,2021-03-01,534,15267,15801
311,2021-03-02,551,15543,16094
311,2021-03-03,545,15541,16086
311,2021-03-04,581,15705,16286
311,2021-03-05,544,16437,16981
311,2021-03-06,197,14704,14901
311,2021-03-07,18,6172,6190
311,2021-03-08,577,15448,16025
311,2021-03-09,554,16420,16974
311,2021-03-10,570,16579,17149
311,2021-03-11,432,14354,14786
311,2021-03-12,460,15508,15968
311,2021-03-13,154,14422,14576
311,2021-03-14,24,5771,5795
311,2021-03-15,463,15511,15974
311,2021-03-16,522,16073,16595
311,2021-03-17,558,15510,16068
311,2021-03-18,553,16233,16786
311,2021-03-19,598,17292,17890
311,2021-03-20,214,14517,14731
311,2021-03-21,14,6270,6284
311,2021-03-22,550,14971,15521
311,2021-03-23,540,16191,16731
311,2021-03-24,615,15997,16612
311,2021-03-25,524,16228,16752
311,2021-03-26,581,17877,18458
311,2021-03-27,226,15383,15609
311,2021-03-29,558,15794,16352
311,2021-03-30,562,17493,18055
311,2021-03-31,508,17146,17654
311,2021-04-01,583,18398,18981
311,2021-04-02,488,21395,21883
311,2021-04-03,216,17496,17712
311,2021-04-04,11,5144,5155
311,2021-04-05,23,4507,4530
311,2021-04-06,535,17515,18050
311,2021-04-07,514,17171,17685
311,2021-04-08,536,17276,17812
311,2021-04-09,582,17927,18509
311,2021-04-10,222,14580,14802
311,2021-04-11,17,5251,5268
311,2021-04-12,519,16435,16954
311,2021-04-13,511,16534,17045
311,2021-04-14,573,16533,17106
311,2021-04-15,558,16886,17444
311,2021-04-16,601,17980,18581
311,2021-04-17,242,15067,15309
311,2021-04-18,21,6209,6230
311,2021-04-19,585,16237,16822
311,2021-04-20,588,17089,17677
311,2021-04-21,558,16653,17211
311,2021-04-22,548,17356,17904
311,2021-04-23,578,18858,19436
311,2021-04-24,243,15708,15951
311,2021-04-25,9,6786,6795
311,2021-04-26,541,17121,17662
311,2021-04-27,555,17912,18467
311,2021-04-28,521,17890,18411
311,2021-04-29,581,18769,19350
311,2021-04-30,604,20878,21482
311,2021-05-01,35,5181,5216
311,2021-05-02,16,8110,8126
311,2021-05-03,543,18510,19053
311,2021-05-04,551,18515,19066
311,2021-05-05,615,18157,18772
311,2021-05-06,551,18378,18929
311,2021-05-07,606,20761,21367
311,2021-05-08,304,19308,19612
311,2021-05-09,9,5611,5620
311,2021-05-10,455,16895,17350
311,2021-05-11,464,18624,19088
311,2021-05-12,504,20100,20604
311,2021-05-13,18,4634,4652
311,2021-05-14,321,19033,19354
311,2021-05-15,144,16144,16288
311,2021-05-16,62,6485,6547
311,2021-05-17,506,17019,17525
311,2021-05-18,489,17442,17931
311,2021-05-19,539,17181,17720
311,2021-05-20,499,17937,18436
311,2021-05-21,506,18395,18901
311,2021-05-22,214,16662,16876
311,2021-05-23,16,6787,6803
311,2021-05-24,44,4208,4252
311,2021-05-25,538,17839,18377
311,2021-05-26,448,17067,17515
311,2021-05-27,512,17376,17888
311,2021-05-28,481,17854,18335
311,2021-05-29,102,14310,14412
311,2021-05-30,13,6961,6974
311,2021-05-31,527,17274,17801
311,2021-06-01,500,18237,18737
311,2021-06-02,664,17818,18482
311,2021-06-03,531,18361,18892
311,2021-06-04,430,15916,16346
311,2021-06-05,123,16003,16126
311,2021-06-06,21,7023,7044
311,2021-06-07,479,16720,17199
311,2021-06-08,465,18277,18742
311,2021-06-09,522,18039,18561
311,2021-06-10,465,18577,19042
311,2021-06-11,541,19479,20020
311,2021-06-12,153,15897,16050
311,2021-06-13,14,7333,7347
311,2021-06-14,487,17098,17585
311,2021-06-15,479,17944,18423
311,2021-06-16,548,17362,17910
311,2021-06-17,584,18630,19214
311,2021-06-18,603,19444,20047
311,2021-06-19,292,18144,18436
311,2021-06-20,70,9633,9703
311,2021-06-21,492,16084,16576
311,2021-06-22,459,17070,17529
311,2021-06-23,52,4481,4533
311,2021-06-24,494,16861,17355
311,2021-06-25,537,17259,17796
311,2021-06-26,157,13976,14133
311,2021-06-27,21,7539,7560
311,2021-06-28,427,15943,16370
311,2021-06-29,463,16085,16548
311,2021-06-30,497,16410,16907
311,2021-07-01,483,16985,17468
311,2021-07-02,507,17361,17868
311,2021-07-03,118,14524,14642
311,2021-07-04,34,7161,7195
311,2021-07-05,446,15899,16345
311,2021-07-06,460,16540,17000
311,2021-07-07,458,16218,16676
311,2021-07-08,565,16573,17138
311,2021-07-09,519,17973,18492
311,2021-07-10,126,14469,14595
311,2021-07-11,34,7126,7160
311,2021-07-12,448,15399,15847
311,2021-07-13,446,16537,16983
311,2021-07-14,292,16522,16814
311,2021-07-15,551,17030,17581
311,2021-07-16,434,16913,17347
311,2021-07-17,136,13832,13968
311,2021-07-18,11,6937,6948
311,2021-07-19,424,15050,15474
311,2021-07-20,420,15240,15660
311,2021-07-21,452,14959,15411
311,2021-07-22,444,14654,15098
311,2021-07-23,474,15436,15910
311,2021-07-24,172,12936,13108
311,2021-07-25,46,10882,10928
311,2021-07-26,424,15131,15555
311,2021-07-27,424,15208,15632
311,2021-07-28,417,15285,15702
311,2021-07-29,396,15348,15744
311,2021-07-30,370,14968,15338
311,2021-07-31,81,11854,11935
311,2021-08-01,8,5766,5774
311,2021-08-02,356,12783,13139
311,2021-08-03,325,13197,13522
311,2021-08-04,353,14960,15313
311,2021-08-05,330,13994,14324
311,2021-08-06,292,12999,13291
311,2021-08-07,69,11135,11204
311,2021-08-08,37,5409,5446
311,2021-08-09,259,11600,11859
311,2021-08-10,322,12135,12457
311,2021-08-11,325,11984,12309
311,2021-08-12,283,11972,12255
311,2021-08-13,292,13119,13411
311,2021-08-14,88,10801,10889
311,2021-08-15,10,4481,4491
311,2021-08-16,281,12852,13133
311,2021-08-17,297,13047,13344
311,2021-08-18,301,12967,13268
311,2021-08-19,293,13229,13522
311,2021-08-20,281,13788,14069
311,2021-08-21,117,11028,11145
311,2021-08-22,20,5748,5768
311,2021-08-23,321,13278,13599
311,2021-08-24,414,13639,14053
311,2021-08-25,419,13888,14307
311,2021-08-26,418,14000,14418
311,2021-08-27,400,15367,15767
311,2021-08-28,228,13139,13367
311,2021-08-29,72,6639,6711
311,2021-08-30,532,15320,15852
311,2021-08-31,592,15608,16200
311,2021-09-01,594,16438,17032
311,2021-09-02,596,15510,16106
311,2021-09-03,649,16263,16912
311,2021-09-04,264,13987,14251
311,2021-09-05,97,7161,7258
311,2021-09-06,581,15568,16149
311,2021-09-07,584,16694,17278
311,2021-09-08,612,16548,17160
311,2021-09-09,608,16867,17475
311,2021-09-10,629,17297,17926
311,2021-09-11,235,14741,14976
311,2021-09-12,80,7771,7851
311,2021-09-13,459,16767,17226
311,2021-09-14,478,18030,18508
311,2021-09-15,374,16094,16468
311,2021-09-16,484,17255,17739
311,2021-09-17,479,16765,17244
311,2021-09-18,112,15359,15471
311,2021-09-19,19,7190,7209
311,2021-09-20,398,15839,16237
311,2021-09-21,460,16433,16893
311,2021-09-22,476,15883,16359
311,2021-09-23,425,16673,17098
311,2021-09-24,423,17472,17895
311,2021-09-25,141,15502,15643
311,2021-09-26,28,7282,7310
311,2021-09-27,466,16197,16663
311,2021-09-28,506,16628,17134
311,2021-09-29,540,16671,17211
311,2021-09-30,436,17212,17648
311,2021-10-01,490,17809,18299
311,2021-10-02,133,16798,16931
311,2021-10-03,20,7256,7276
311,2021-10-04,426,15801,16227
311,2021-10-05,451,16540,16991
311,2021-10-06,461,16372,16833
311,2021-10-07,467,17437,17904
311,2021-10-08,459,17949,18408
311,2021-10-09,119,15452,15571
311,2021-10-10,76,7426,7502
311,2021-10-11,451,16213,16664
311,2021-10-12,430,16501,16931
311,2021-10-13,457,16712,17169
311,2021-10-14,489,17407,17896
311,2021-10-15,522,17950,18472
311,2021-10-16,117,15965,16082
311,2021-10-17,25,7123,7148
311,2021-10-18,416,15975,16391
311,2021-10-19,500,16932,17432
311,2021-10-20,459,16178,16637
311,2021-10-21,527,16778,17305
311,2021-10-22,475,18441,18916
311,2021-10-23,114,16292,16406
311,2021-10-24,41,1197,1238
311,2021-10-25,409,16060,16469
311,2021-10-26,421,16964,17385
311,2021-10-27,395,16855,17250
311,2021-10-28,415,17666,18081
311,2021-10-29,492,18948,19440
311,2021-10-30,96,16912,17008
311,2021-11-01,13,4755,4768
311,2021-11-02,398,17037,17435
311,2021-11-03,382,16415,16797
311,2021-11-04,399,16965,17364
311,2021-11-05,465,17981,18446
311,2021-11-06,109,15578,15687
311,2021-11-07,12,6659,6671
311,2021-11-08,434,15886,16320
311,2021-11-09,474,16578,17052
311,2021-11-10,470,17607,18077
311,2021-11-11,400,18092,18492
311,2021-11-12,438,18031,18469
311,2021-11-13,119,15900,16019
311,2021-11-14,18,9096,9114
311,2021-11-15,481,16316,16797
311,2021-11-16,451,17295,17746
311,2021-11-17,511,16985,17496
311,2021-11-18,479,17940,18419
311,2021-11-19,461,18732,19193
311,2021-11-20,98,16600,16698
311,2021-11-21,32,9736,9768
311,2021-11-22,420,16550,16970
311,2021-11-23,503,17860,18363
311,2021-11-24,448,17490,17938
311,2021-11-25,528,18261,18789
311,2021-11-26,486,20156,20642
311,2021-11-27,95,16387,16482
311,2021-11-28,14,9534,9548
311,2021-11-29,441,17128,17569
311,2021-11-30,432,17261,17693
311,2021-12-01,441,17272,17713
311,2021-12-02,462,18124,18586
311,2021-12-03,434,18485,18919
311,2021-12-04,91,16088,16179
311,2021-12-05,21,10105,10126
311,2021-12-06,403,16590,16993
311,2021-12-07,446,16866,17312
311,2021-12-08,493,16872,17365
311,2021-12-09,418,17139,17557
311,2021-12-10,402,16239,16641
311,2021-12-11,94,16546,16640
311,2021-12-12,33,9310,9343
311,2021-12-13,461,16268,16729
311,2021-12-14,516,17074,17590
311,2021-12-15,470,16929,17399
311,2021-12-16,495,17649,18144
311,2021-12-17,499,18211,18710
311,2021-12-18,160,15596,15756
311,2021-12-19,33,8597,8630
311,2021-12-20,391,17076,17467
311,2021-12-21,396,17795,18191
311,2021-12-22,395,18214,18609
311,2021-12-23,367,19867,20234
311,2021-12-24,209,13750,13959
311,2021-12-25,19,2204,2223
312,2021-01-01,17,649,666
312,2021-01-02,79,1303,1382
312,2021-01-03,20,821,841
312,2021-01-04,111,2570,2681
312,2021-01-05,129,2848,2977
312,2021-01-06,116,2670,2786
312,2021-01-07,126,2696,2822
312,2021-01-08,130,2783,2913
312,2021-01-09,94,1712,1806
312,2021-01-10,28,1002,1030
312,2021-01-11,147,4929,5076
312,2021-01-12,157,4503,4660
312,2021-01-13,156,4768,4924
312,2021-01-14,136,4330,4466
312,2021-01-15,132,4197,4329
312,2021-01-16,87,2349,2436
312,2021-01-17,35,891,926
312,2021-01-18,145,4144,4289
312,2021-01-19,145,4217,4362
312,2021-01-20,176,4539,4715
312,2021-01-21,189,5233,5422
312,2021-01-22,145,4893,5038
312,2021-01-23,90,2701,2791
312,2021-01-24,26,991,1017
312,2021-01-25,145,4477,4622
312,2021-01-26,164,4438,4602
312,2021-01-27,143,4192,4335
312,2021-01-28,167,5048,5215
312,2021-01-29,178,5021,5199
312,2021-01-30,81,2774,2855
312,2021-02-02,156,4498,4654
312,2021-02-03,213,5147,5360
312,2021-02-04,170,4562,4732
312,2021-02-05,154,4862,5016
312,2021-02-06,84,2519,2603
312,2021-02-07,22,1150,1172
312,2021-02-08,146,3981,4127
312,2021-02-09,176,4484,4660
312,2021-02-10,157,4165,4322
312,2021-02-11,159,4492,4651
312,2021-02-12,142,4417,4559
312,2021-02-13,104,2323,2427
312,2021-02-14,30,1068,1098
312,2021-02-15,139,3480,3619
312,2021-02-16,149,4108,4257
312,2021-02-17,148,3756,3904
312,2021-02-18,145,3657,3802
312,2021-02-19,147,3823,3970
312,2021-02-20,94,2406,2500
312,2021-02-21,20,1473,1493
312,2021-02-22,172,4106,4278
312,2021-02-23,150,4490,4640
312,2021-02-24,178,4480,4658
312,2021-02-25,177,4611,4788
312,2021-02-26,174,4680,4854
312,2021-02-27,89,2860,2949
312,2021-03-01,165,4549,4714
312,2021-03-02,185,4643,4828
312,2021-03-03,167,4783,4950
312,2021-03-04,163,4701,4864
312,2021-03-05,180,4668,4848
312,2021-03-06,93,2898,2991
312,2021-03-07,25,1460,1485
312,2021-03-08,205,5197,5402
312,2021-03-09,192,5341,5533
312,2021-03-10,193,5534,5727
312,2021-03-11,180,4678,4858
312,2021-03-12,248,5730,5978
312,2021-03-13,94,2416,2510
312,2021-03-14,27,1233,1260
312,2021-03-15,177,4917,5094
312,2021-03-16,193,5113,5306
312,2021-03-17,177,4757,4934
312,2021-03-18,185,5213,5398
312,2021-03-19,185,4924,5109
312,2021-03-20,104,2741,2845
312,2021-03-21,18,1308,1326
312,2021-03-22,171,4606,4777
312,2021-03-23,186,5071,5257
312,2021-03-24,197,5093,5290
312,2021-03-25,164,4784,4948
312,2021-03-26,180,4972,5152
312,2021-03-27,110,2916,3026
312,2021-03-29,198,5447,5645
312,2021-03-30,197,5838,6035
312,2021-03-31,170,5353,5523
312,2021-04-01,191,5722,5913
312,2021-04-02,171,5781,5952
312,2021-04-03,95,3093,3188
312,2021-04-04,19,1354,1373
312,2021-04-05,34,1170,1204
312,2021-04-06,194,5338,5532
312,2021-04-07,216,5390,5606
312,2021-04-08,204,5669,5873
312,2021-04-09,208,5217,5425
312,2021-04-10,119,2614,2733
312,2021-04-11,28,1150,1178
312,2021-04-12,203,5360,5563
312,2021-04-13,178,5097,5275
312,2021-04-14,199,5039,5238
312,2021-04-15,188,5881,6069
312,2021-04-16,200,4949,5149
312,2021-04-17,116,4336,4452
312,2021-04-18,50,3576,3626
312,2021-04-19,187,5323,5510
312,2021-04-20,214,5311,5525
312,2021-04-21,217,5292,5509
312,2021-04-22,212,5585,5797
312,2021-04-23,229,5664,5893
312,2021-04-24,142,3118,3260
312,2021-04-25,24,1583,1607
312,2021-04-26,230,5551,5781
312,2021-04-27,192,5614,5806
312,2021-04-28,174,5578,5752
312,2021-04-29,225,6051,6276
312,2021-04-30,224,6124,6348
312,2021-05-01,43,1519,1562
312,2021-05-02,23,1521,1544
312,2021-05-03,208,5457,5665
312,2021-05-04,217,5856,6073
312,2021-05-05,209,5483,5692
312,2021-05-06,245,5576,5821
312,2021-05-07,247,5984,6231
312,2021-05-08,139,3865,4004
312,2021-05-09,26,1598,1624
312,2021-05-10,203,5289,5492
312,2021-05-11,204,5383,5587
312,2021-05-12,246,5755,6001
312,2021-05-13,24,1242,1266
312,2021-05-14,130,5331,5461
312,2021-05-15,121,3369,3490
312,2021-05-16,59,1438,1497
312,2021-05-17,190,4096,4286
312,2021-05-18,236,5356,5592
312,2021-05-19,227,5245,5472
312,2021-05-20,185,5243,5428
312,2021-05-21,228,5865,6093
312,2021-05-22,94,3126,3220
312,2021-05-23,25,1383,1408
312,2021-05-24,43,1115,1158
312,2021-05-25,227,4929,5156
312,2021-05-26,171,4855,5026
312,2021-05-27,216,5149,5365
312,2021-05-28,201,4860,5061
312,2021-05-29,105,2889,2994
312,2021-05-30,31,1608,1639
312,2021-05-31,213,5364,5577
312,2021-06-02,258,4536,4794
312,2021-06-03,243,5634,5877
312,2021-06-04,210,4324,4534
312,2021-06-05,123,3130,3253
312,2021-06-06,33,1527,1560
312,2021-06-07,218,4974,5192
312,2021-06-08,191,5848,6039
312,2021-06-09,222,5807,6029
312,2021-06-10,231,5832,6063
312,2021-06-11,229,5883,6112
312,2021-06-12,134,3176,3310
312,2021-06-13,26,1829,1855
312,2021-06-14,235,5465,5700
312,2021-06-15,242,5870,6112
312,2021-06-16,268,5357,5625
312,2021-06-17,291,6296,6587
312,2021-06-18,246,5109,5355
312,2021-06-19,136,4001,4137
312,2021-06-20,32,1715,1747
312,2021-06-21,222,4686,4908
312,2021-06-22,220,5215,5435
312,2021-06-23,27,1209,1236
312,2021-06-24,203,4886,5089
312,2021-06-25,204,4754,4958
312,2021-06-26,101,2954,3055
312,2021-06-27,23,1642,1665
312,2021-06-28,216,4932,5148
312,2021-06-29,215,4901,5116
312,2021-06-30,192,4993,5185
312,2021-07-01,196,5152,5348
312,2021-07-02,187,5215,5402
312,2021-07-03,87,2922,3009
312,2021-07-04,42,1511,1553
312,2021-07-05,234,5105,5339
312,2021-07-06,201,5288,5489
312,2021-07-07,190,5011,5201
312,2021-07-08,235,4913,5148
312,2021-07-09,211,5537,5748
312,2021-07-10,96,2586,2682
312,2021-07-11,35,1692,1727
312,2021-07-12,225,4601,4826
312,2021-07-13,216,5710,5926
312,2021-07-14,174,4580,4754
312,2021-07-15,240,5909,6149
312,2021-07-16,168,4823,4991
312,2021-07-17,114,2560,2674
312,2021-07-18,25,1610,1635
312,2021-07-19,185,4465,4650
312,2021-07-20,70,1199,1269
312,2021-07-21,4,27,31
312,2021-07-22,38,1352,1390
312,2021-07-23,165,3664,3829
312,2021-07-24,116,2194,2310
312,2021-07-29,129,4037,4166
312,2021-07-30,138,3544,3682
312,2021-07-31,90,2141,2231
312,2021-08-01,30,1307,1337
312,2021-08-02,134,3083,3217
312,2021-08-03,117,3255,3372
312,2021-08-04,130,3305,3435
312,2021-08-05,144,3303,3447
312,2021-08-06,122,2974,3096
312,2021-08-07,82,2102,2184
312,2021-08-08,34,1178,1212
312,2021-08-09,104,2677,2781
312,2021-08-10,136,2821,2957
312,2021-08-11,137,2784,2921
312,2021-08-12,121,2894,3015
312,2021-08-13,138,2867,3005
312,2021-08-14,120,1933,2053
312,2021-08-15,29,1142,1171
312,2021-08-16,125,2697,2822
312,2021-08-17,148,2785,2933
312,2021-08-18,127,2874,3001
312,2021-08-19,141,2870,3011
312,2021-08-20,133,3104,3237
312,2021-08-21,97,2031,2128
312,2021-08-22,32,1187,1219
312,2021-08-23,151,3156,3307
312,2021-08-24,153,3327,3480
312,2021-08-25,160,3314,3474
312,2021-08-26,72,1711,1783
312,2021-08-27,148,3479,3627
312,2021-08-28,93,2203,2296
312,2021-08-29,25,1322,1347
312,2021-08-30,154,3908,4062
312,2021-08-31,180,3919,4099
312,2021-09-01,191,4156,4347
312,2021-09-02,188,4104,4292
312,2021-09-03,179,4089,4268
312,2021-09-04,114,2508,2622
312,2021-09-05,45,1520,1565
312,2021-09-06,172,4828,5000
312,2021-09-07,191,4937,5128
312,2021-09-08,188,4692,4880
312,2021-09-09,169,4622,4791
312,2021-09-10,186,4503,4689
312,2021-09-11,93,2686,2779
312,2021-09-12,21,1596,1617
312,2021-09-13,209,4751,4960
312,2021-09-14,202,6018,6220
312,2021-09-15,224,5137,5361
312,2021-09-16,205,5693,5898
312,2021-09-17,176,4888,5064
312,2021-09-18,113,3026,3139
312,2021-09-19,23,1582,1605
312,2021-09-20,169,4887,5056
312,2021-09-21,189,4826,5015
312,2021-09-22,192,4738,4930
312,2021-09-23,209,5645,5854
312,2021-09-24,183,5202,5385
312,2021-09-25,109,3129,3238
312,2021-09-26,32,1508,1540
312,2021-09-27,190,5307,5497
312,2021-09-28,186,4799,4985
312,2021-09-29,177,4846,5023
312,2021-09-30,184,5161,5345
312,2021-10-01,194,4834,5028
312,2021-10-02,100,2877,2977
312,2021-10-03,37,1481,1518
312,2021-10-04,172,4837,5009
312,2021-10-05,224,5334,5558
312,2021-10-06,203,5200,5403
312,2021-10-07,223,6046,6269
312,2021-10-08,186,5055,5241
312,2021-10-09,103,2436,2539
312,2021-10-10,81,1433,1514
312,2021-10-11,211,4718,4929
312,2021-10-12,225,5105,5330
312,2021-10-13,194,4985,5179
312,2021-10-14,209,5300,5509
312,2021-10-15,209,5065,5274
312,2021-10-17,33,1400,1433
312,2021-10-18,191,4938,5129
312,2021-10-19,217,5164,5381
312,2021-10-20,234,4709,4943
312,2021-10-21,234,5202,5436
312,2021-10-22,184,4962,5146
312,2021-10-23,118,2699,2817
312,2021-10-24,14,943,957
312,2021-10-25,220,4399,4619
312,2021-10-26,186,4557,4743
312,2021-10-27,188,4480,4668
312,2021-10-28,220,4633,4853
312,2021-10-29,202,4861,5063
312,2021-10-30,94,2616,2710
312,2021-11-01,43,1256,1299
312,2021-11-02,172,4067,4239
312,2021-11-03,152,3888,4040
312,2021-11-04,146,4030,4176
312,2021-11-05,167,3995,4162
312,2021-11-06,98,2565,2663
312,2021-11-07,23,1202,1225
312,2021-11-08,160,4586,4746
312,2021-11-09,183,5044,5227
312,2021-11-10,227,6036,6263
312,2021-11-11,172,5022,5194
312,2021-11-12,177,4892,5069
312,2021-11-13,124,2615,2739
312,2021-11-14,25,1728,1753
312,2021-11-15,180,4747,4927
312,2021-11-16,190,5365,5555
312,2021-11-17,185,4685,4870
312,2021-11-18,198,5381,5579
312,2021-11-19,186,5517,5703
312,2021-11-20,86,2785,2871
312,2021-11-21,34,1441,1475
312,2021-11-22,171,4749,4920
312,2021-11-23,204,5427,5631
312,2021-11-24,211,5048,5259
312,2021-11-25,179,5202,5381
312,2021-11-26,184,6182,6366
312,2021-11-27,93,2611,2704
312,2021-11-28,22,1388,1410
312,2021-11-29,177,4652,4829
312,2021-11-30,176,4782,4958
312,2021-12-01,191,5474,5665
312,2021-12-02,180,5011,5191
312,2021-12-03,182,4857,5039
312,2021-12-04,103,2667,2770
312,2021-12-05,24,1496,1520
312,2021-12-06,147,4452,4599
312,2021-12-07,190,4764,4954
312,2021-12-08,191,4836,5027
312,2021-12-09,183,4812,4995
312,2021-12-17,150,4592,4742
312,2021-12-18,79,2497,2576
312,2021-12-19,20,1357,1377
312,2021-12-20,135,3597,3732
312,2021-12-21,117,3908,4025
312,2021-12-22,136,3722,3858
312,2021-12-23,141,3670,3811
312,2021-12-24,93,2551,2644
312,2021-12-25,16,748,764
312,2021-12-26,15,789,804
312,2021-12-27,102,2359,2461
312,2021-12-28,104,2350,2454
312,2021-12-29,96,2582,2678
312,2021-12-30,103,2704,2807
312,2021-12-31,80,2284,2364
313,2021-01-01,42,1943,1985
313,2021-01-02,205,2686,2891
313,2021-01-03,51,2332,2383
313,2021-01-04,261,3966,4227
313,2021-01-05,249,4307,4556
313,2021-01-06,250,4231,4481
313,2021-01-07,267,4451,4718
313,2021-01-08,289,4417,4706
313,2021-01-09,228,3252,3480
313,2021-01-10,69,2526,2595
313,2021-01-11,344,5866,6210
313,2021-01-12,309,5570,5879
313,2021-01-13,332,5752,6084
313,2021-01-14,290,5526,5816
313,2021-01-15,320,5962,6282
313,2021-01-16,257,3749,4006
313,2021-01-17,46,2341,2387
313,2021-01-18,306,5601,5907
313,2021-01-19,309,5730,6039
313,2021-01-20,369,5819,6188
313,2021-01-21,354,6112,6466
313,2021-01-22,324,6334,6658
313,2021-01-23,212,4011,4223
313,2021-01-24,56,2603,2659
313,2021-01-25,347,5679,6026
313,2021-01-26,382,6201,6583
313,2021-01-27,323,5648,5971
313,2021-01-28,324,6022,6346
313,2021-01-29,337,6370,6707
313,2021-01-30,218,4121,4339
313,2021-01-31,50,2494,2544
313,2021-02-01,328,5740,6068
313,2021-02-02,313,5843,6156
313,2021-02-03,363,5837,6200
313,2021-02-04,353,6365,6718
313,2021-02-05,337,6353,6690
313,2021-02-06,220,4040,4260
313,2021-02-07,59,2681,2740
313,2021-02-08,321,5324,5645
313,2021-02-09,335,5633,5968
313,2021-02-10,334,5731,6065
313,2021-02-11,326,5789,6115
313,2021-02-12,330,5916,6246
313,2021-02-13,255,3914,4169
313,2021-02-14,74,2683,2757
313,2021-02-15,284,4971,5255
313,2021-02-16,315,5421,5736
313,2021-02-17,298,5268,5566
313,2021-02-18,289,5184,5473
313,2021-02-19,322,5625,5947
313,2021-02-20,245,4485,4730
313,2021-02-21,60,3608,3668
313,2021-02-22,493,7505,7998
313,2021-02-23,467,8091,8558
313,2021-02-24,450,8028,8478
313,2021-02-25,423,8450,8873
313,2021-02-26,401,8079,8480
313,2021-02-27,239,5042,5281
313,2021-02-28,96,4919,5015
313,2021-03-02,418,7520,7938
313,2021-03-03,427,7611,8038
313,2021-03-04,446,7447,7893
313,2021-03-05,403,7411,7814
313,2021-03-06,296,4962,5258
313,2021-03-07,72,3451,3523
313,2021-03-08,457,7214,7671
313,2021-03-09,488,7356,7844
313,2021-03-10,421,7199,7620
313,2021-03-11,445,7475,7920
313,2021-03-12,432,7865,8297
313,2021-03-13,221,4450,4671
313,2021-03-14,48,2890,2938
313,2021-03-15,396,6976,7372
313,2021-03-16,410,7538,7948
313,2021-03-17,421,7132,7553
313,2021-03-18,429,7560,7989
313,2021-03-19,383,7551,7934
313,2021-03-20,261,4881,5142
313,2021-03-21,56,3131,3187
313,2021-03-22,412,7013,7425
313,2021-03-23,388,7686,8074
313,2021-03-24,430,7572,8002
313,2021-03-25,416,7592,8008
313,2021-03-26,421,7832,8253
313,2021-03-27,262,4933,5195
313,2021-03-29,444,7697,8141
313,2021-03-30,360,8110,8470
313,2021-03-31,410,8165,8575
313,2021-04-01,401,8462,8863
313,2021-04-02,419,8579,8998
313,2021-04-03,259,4780,5039
313,2021-04-04,86,3257,3343
313,2021-04-05,54,2683,2737
313,2021-04-06,387,6824,7211
313,2021-04-07,396,6606,7002
313,2021-04-08,403,6824,7227
313,2021-04-09,341,6915,7256
313,2021-04-10,246,4157,4403
313,2021-04-11,60,2624,2684
313,2021-04-12,367,6653,7020
313,2021-04-13,378,6878,7256
313,2021-04-14,346,7050,7396
313,2021-04-15,365,7302,7667
313,2021-04-16,351,7143,7494
313,2021-04-17,267,5548,5815
313,2021-04-18,58,3236,3294
313,2021-04-19,391,6961,7352
313,2021-04-20,379,7373,7752
313,2021-04-21,400,7475,7875
313,2021-04-22,406,7876,8282
313,2021-04-23,422,8094,8516
313,2021-04-24,258,5484,5742
313,2021-04-25,67,3700,3767
313,2021-04-26,393,7491,7884
313,2021-04-27,409,7711,8120
313,2021-04-28,398,7882,8280
313,2021-04-29,400,8089,8489
313,2021-04-30,426,8357,8783
313,2021-05-01,65,3655,3720
313,2021-05-02,66,3325,3391
313,2021-05-03,418,7971,8389
313,2021-05-04,416,8289,8705
313,2021-05-05,414,8003,8417
313,2021-05-06,401,8396,8797
313,2021-05-07,408,8167,8575
313,2021-05-08,290,5562,5852
313,2021-05-09,63,3851,3914
313,2021-05-10,401,7908,8309
313,2021-05-11,387,8203,8590
313,2021-05-12,439,8315,8754
313,2021-05-13,66,3161,3227
313,2021-05-14,390,7326,7716
313,2021-05-15,359,4683,5042
313,2021-05-16,69,3052,3121
313,2021-05-17,450,7830,8280
313,2021-05-18,398,8433,8831
313,2021-05-19,433,8436,8869
313,2021-05-20,436,8192,8628
313,2021-05-21,497,9052,9549
313,2021-05-22,368,7706,8074
313,2021-05-23,73,3623,3696
313,2021-05-24,84,2810,2894
313,2021-05-25,503,8118,8621
313,2021-05-26,461,7465,7926
313,2021-05-27,395,7450,7845
313,2021-05-28,409,7508,7917
313,2021-05-29,284,4609,4893
313,2021-05-30,79,3673,3752
313,2021-05-31,397,7835,8232
313,2021-06-01,386,8623,9009
313,2021-06-02,408,8506,8914
313,2021-06-03,416,8620,9036
313,2021-06-04,479,8404,8883
313,2021-06-05,266,5396,5662
313,2021-06-06,56,3367,3423
313,2021-06-07,416,7892,8308
313,2021-06-08,401,8425,8826
313,2021-06-09,447,8522,8969
313,2021-06-10,452,8984,9436
313,2021-06-11,461,9194,9655
313,2021-06-12,286,5491,5777
313,2021-06-13,74,4096,4170
313,2021-06-14,433,8273,8706
313,2021-06-15,450,8265,8715
313,2021-06-16,472,8330,8802
313,2021-06-17,446,8750,9196
313,2021-06-18,474,9616,10090
313,2021-06-19,453,12070,12523
313,2021-06-20,95,7529,7624
313,2021-06-21,444,7956,8400
313,2021-06-22,469,8678,9147
313,2021-06-23,57,3389,3446
313,2021-06-24,516,8250,8766
313,2021-06-25,483,8986,9469
313,2021-06-26,325,8609,8934
313,2021-06-27,83,4862,4945
313,2021-06-28,486,7896,8382
313,2021-06-29,470,8375,8845
313,2021-06-30,572,8585,9157
313,2021-07-01,469,8415,8884
313,2021-07-02,455,8974,9429
313,2021-07-03,260,5306,5566
313,2021-07-04,74,3437,3511
313,2021-07-05,470,7832,8302
313,2021-07-06,371,7396,7767
313,2021-07-07,439,8291,8730
313,2021-07-08,487,8754,9241
313,2021-07-09,459,8669,9128
313,2021-07-10,283,5221,5504
313,2021-07-11,57,3725,3782
313,2021-07-12,469,8175,8644
313,2021-07-13,379,7856,8235
313,2021-07-14,397,8356,8753
313,2021-07-15,387,8358,8745
313,2021-07-16,353,8689,9042
313,2021-07-17,278,4927,5205
313,2021-07-18,70,3844,3914
313,2021-07-19,382,7462,7844
313,2021-07-20,401,8554,8955
313,2021-07-21,422,8515,8937
313,2021-07-22,443,8084,8527
313,2021-07-23,449,7463,7912
313,2021-07-24,285,4480,4765
313,2021-07-25,79,3580,3659
313,2021-07-26,376,6506,6882
313,2021-07-27,378,6866,7244
313,2021-07-28,342,6852,7194
313,2021-07-29,385,6681,7066
313,2021-07-30,343,6599,6942
313,2021-07-31,278,4325,4603
313,2021-09-01,370,5984,6354
313,2021-09-02,397,6387,6784
313,2021-09-03,369,6606,6975
313,2021-09-04,242,4478,4720
313,2021-09-05,68,3568,3636
313,2021-09-06,475,6526,7001
313,2021-09-07,324,5552,5876
313,2021-09-08,351,6114,6465
313,2021-09-09,378,6701,7079
313,2021-09-10,384,6959,7343
313,2021-09-11,251,4753,5004
313,2021-09-12,66,3662,3728
313,2021-09-13,349,6774,7123
313,2021-09-14,381,7374,7755
313,2021-09-15,326,6388,6714
313,2021-09-16,405,7560,7965
313,2021-09-17,430,7433,7863
313,2021-09-18,275,5871,6146
313,2021-09-19,64,4006,4070
313,2021-09-20,418,7145,7563
313,2021-09-21,390,7321,7711
313,2021-09-22,452,7594,8046
313,2021-09-23,451,7581,8032
313,2021-09-24,433,7829,8262
313,2021-09-25,278,5624,5902
313,2021-09-26,69,3357,3426
313,2021-09-27,427,7277,7704
313,2021-09-28,404,7342,7746
313,2021-09-29,383,7438,7821
313,2021-09-30,508,7801,8309
313,2021-10-01,468,7783,8251
313,2021-10-02,264,4755,5019
313,2021-10-03,60,3282,3342
313,2021-10-04,360,6766,7126
313,2021-10-05,416,7687,8103
313,2021-10-06,351,6920,7271
313,2021-10-07,384,7239,7623
313,2021-10-08,395,7661,8056
313,2021-10-09,255,5106,5361
313,2021-10-10,110,3377,3487
313,2021-10-11,427,6542,6969
313,2021-10-12,452,7150,7602
313,2021-10-13,397,7058,7455
313,2021-10-14,419,7397,7816
313,2021-10-15,399,7634,8033
313,2021-10-16,278,4921,5199
313,2021-10-17,67,3397,3464
313,2021-10-18,388,7023,7411
313,2021-10-19,374,6942,7316
313,2021-10-20,410,7044,7454
313,2021-10-21,403,7267,7670
313,2021-10-22,449,7569,8018
313,2021-10-23,283,5270,5553
313,2021-10-24,80,5078,5158
313,2021-10-25,403,6709,7112
313,2021-10-26,378,6730,7108
313,2021-10-27,371,7039,7410
313,2021-10-28,459,7657,8116
313,2021-10-29,452,7834,8286
313,2021-10-30,358,4895,5253
313,2021-11-01,197,3347,3544
313,2021-11-02,386,6948,7334
313,2021-11-03,382,6544,6926
313,2021-11-04,392,5918,6310
313,2021-11-05,406,6131,6537
313,2021-11-06,264,4504,4768
313,2021-11-07,57,2796,2853
313,2021-11-08,380,6159,6539
313,2021-11-09,393,6829,7222
313,2021-11-10,401,6822,7223
313,2021-11-11,369,7158,7527
313,2021-11-12,414,7378,7792
313,2021-11-13,249,4680,4929
313,2021-11-14,54,3280,3334
313,2021-11-15,392,6383,6775
313,2021-11-16,397,6611,7008
313,2021-11-17,435,6178,6613
313,2021-11-18,396,6839,7235
313,2021-11-19,382,6868,7250
313,2021-11-20,246,4777,5023
313,2021-11-21,65,3223,3288
313,2021-11-22,385,6142,6527
313,2021-11-23,380,6423,6803
313,2021-11-24,372,6466,6838
313,2021-11-25,377,6633,7010
313,2021-11-26,375,7137,7512
313,2021-11-27,270,4544,4814
313,2021-11-28,60,3213,3273
313,2021-11-29,382,5851,6233
313,2021-11-30,388,6179,6567
313,2021-12-01,334,6268,6602
313,2021-12-02,384,6376,6760
313,2021-12-03,384,6728,7112
313,2021-12-04,302,4891,5193
313,2021-12-05,69,3315,3384
313,2021-12-06,445,6189,6634
313,2021-12-07,397,6356,6753
313,2021-12-08,363,6380,6743
313,2021-12-09,358,6729,7087
313,2021-12-10,368,6631,6999
313,2021-12-11,232,4338,4570
313,2021-12-12,65,3269,3334
313,2021-12-13,342,6182,6524
313,2021-12-14,319,6494,6813
313,2021-12-15,315,6755,7070
313,2021-12-16,325,7226,7551
313,2021-12-17,300,7621,7921
313,2021-12-18,166,4276,4442
313,2021-12-19,66,3061,3127
313,2021-12-20,230,5459,5689
313,2021-12-21,239,5790,6029
313,2021-12-22,257,5721,5978
313,2021-12-23,220,5494,5714
313,2021-12-24,151,4482,4633
313,2021-12-25,46,2673,2719
313,2021-12-26,47,2389,2436
313,2021-12-27,179,3859,4038
313,2021-12-28,190,4318,4508
313,2021-12-29,179,4414,4593
313,2021-12-30,168,4403,4571
313,2021-12-31,167,4038,4205
314,2021-01-01,23,1140,1163
314,2021-01-02,294,2024,2318
314,2021-01-03,31,1500,1531
314,2021-01-04,582,5237,5819
314,2021-01-05,612,5401,6013
314,2021-01-06,550,5564,6114
314,2021-01-07,627,5625,6252
314,2021-01-08,602,5572,6174
314,2021-01-09,234,2482,2716
314,2021-01-10,26,1723,1749
314,2021-01-11,672,9592,10264
314,2021-01-12,680,9101,9781
314,2021-01-13,658,9300,9958
314,2021-01-14,650,9390,10040
314,2021-01-15,682,8238,8920
314,2021-01-16,241,4040,4281
314,2021-01-18,685,8723,9408
314,2021-01-19,703,9144,9847
314,2021-01-20,750,9307,10057
314,2021-01-21,699,8938,9637
314,2021-01-22,729,8923,9652
314,2021-01-23,242,4728,4970
314,2021-01-24,25,1721,1746
314,2021-01-25,693,8830,9523
314,2021-01-26,750,9305,10055
314,2021-01-27,682,8360,9042
314,2021-01-28,624,9320,9944
314,2021-01-29,702,9595,10297
314,2021-01-30,214,4475,4689
314,2021-01-31,23,1667,1690
314,2021-02-01,660,8686,9346
314,2021-02-02,643,8910,9553
314,2021-02-03,613,8868,9481
314,2021-02-04,676,8695,9371
314,2021-02-05,723,9696,10419
314,2021-02-06,212,4472,4684
314,2021-02-07,33,2054,2087
314,2021-02-08,778,8800,9578
314,2021-02-09,688,8838,9526
314,2021-02-10,723,8946,9669
314,2021-02-11,725,8442,9167
314,2021-02-12,722,9088,9810
314,2021-02-13,365,4930,5295
314,2021-02-14,47,2512,2559
314,2021-02-15,794,8223,9017
314,2021-02-16,784,9246,10030
314,2021-02-17,750,8421,9171
314,2021-02-18,755,8182,8937
314,2021-02-19,767,8678,9445
314,2021-02-20,309,4635,4944
314,2021-02-21,54,2793,2847
314,2021-02-22,818,9068,9886
314,2021-02-23,729,9346,10075
314,2021-02-24,754,9001,9755
314,2021-02-25,739,9621,10360
314,2021-02-26,697,9154,9851
314,2021-02-27,273,4861,5134
314,2021-02-28,31,2503,2534
314,2021-03-01,759,8814,9573
314,2021-03-02,795,9119,9914
314,2021-03-03,758,9103,9861
314,2021-03-04,724,9267,9991
314,2021-03-05,774,8777,9551
314,2021-03-06,273,4857,5130
314,2021-03-07,31,2420,2451
314,2021-03-08,751,9153,9904
314,2021-03-09,755,9556,10311
314,2021-03-10,806,9131,9937
314,2021-03-11,775,9789,10564
314,2021-03-12,759,9409,10168
314,2021-03-13,318,4327,4645
314,2021-03-14,32,2227,2259
314,2021-03-15,730,9342,10072
314,2021-03-16,714,9495,10209
314,2021-03-17,737,9041,9778
314,2021-03-18,757,9097,9854
314,2021-03-19,749,9408,10157
314,2021-03-20,265,4740,5005
314,2021-03-21,21,2385,2406
314,2021-03-22,803,8826,9629
314,2021-03-23,787,9700,10487
314,2021-03-24,793,9226,10019
314,2021-03-25,742,8930,9672
314,2021-03-26,790,9469,10259
314,2021-03-27,279,4380,4659
314,2021-03-29,812,10406,11218
314,2021-03-30,747,10002,10749
314,2021-03-31,782,9782,10564
314,2021-04-01,762,10206,10968
314,2021-04-02,801,9669,10470
314,2021-04-03,297,4483,4780
314,2021-04-04,23,2172,2195
314,2021-04-05,28,1744,1772
314,2021-04-06,731,9545,10276
314,2021-04-07,778,8467,9245
314,2021-04-08,703,9232,9935
314,2021-04-09,752,8524,9276
314,2021-04-10,329,4010,4339
314,2021-04-11,29,1744,1773
314,2021-04-12,771,9074,9845
314,2021-04-13,736,8836,9572
314,2021-04-14,780,8646,9426
314,2021-04-15,765,9617,10382
314,2021-04-16,793,8653,9446
314,2021-04-17,285,4654,4939
314,2021-04-18,29,2256,2285
314,2021-04-19,741,9591,10332
314,2021-04-20,767,9616,10383
314,2021-04-21,801,9550,10351
314,2021-04-22,741,9698,10439
314,2021-04-23,786,9614,10400
314,2021-04-24,266,5037,5303
314,2021-04-25,52,2809,2861
314,2021-04-26,782,9954,10736
314,2021-04-27,763,10065,10828
314,2021-04-28,754,9878,10632
314,2021-04-29,792,9892,10684
314,2021-04-30,858,9878,10736
314,2021-05-01,32,2619,2651
314,2021-05-02,29,2450,2479
314,2021-05-03,787,9876,10663
314,2021-05-04,778,9832,10610
314,2021-05-05,800,9644,10444
314,2021-05-06,804,10751,11555
314,2021-05-07,789,10115,10904
314,2021-05-08,272,4891,5163
314,2021-05-09,29,2808,2837
314,2021-05-10,697,9247,9944
314,2021-05-11,726,9927,10653
314,2021-05-12,731,10077,10808
314,2021-05-13,36,2367,2403
314,2021-05-14,637,8007,8644
314,2021-05-15,317,4402,4719
314,2021-05-16,58,2282,2340
314,2021-05-17,745,9626,10371
314,2021-05-18,767,9462,10229
314,2021-05-19,746,9731,10477
314,2021-05-20,729,9979,10708
314,2021-05-21,770,10423,11193
314,2021-05-22,454,8048,8502
314,2021-05-23,69,3312,3381
314,2021-05-24,43,2041,2084
314,2021-05-25,761,9658,10419
314,2021-05-26,618,7649,8267
314,2021-05-27,467,7784,8251
314,2021-05-28,682,8647,9329
314,2021-05-29,303,4332,4635
314,2021-05-30,36,2927,2963
314,2021-05-31,709,9805,10514
314,2021-06-01,797,10675,11472
314,2021-06-02,711,10433,11144
314,2021-06-03,736,10341,11077
314,2021-06-04,795,9983,10778
314,2021-06-05,273,4565,4838
314,2021-06-06,29,2322,2351
314,2021-06-07,729,9498,10227
314,2021-06-08,715,10244,10959
314,2021-06-09,709,10242,10951
314,2021-06-10,683,10348,11031
314,2021-06-11,691,10677,11368
314,2021-06-12,281,4825,5106
314,2021-06-13,45,3195,3240
314,2021-06-14,669,9603,10272
314,2021-06-15,684,10838,11522
314,2021-06-16,728,9915,10643
314,2021-06-17,777,11801,12578
314,2021-06-18,843,10609,11452
314,2021-06-19,394,5569,5963
314,2021-06-20,50,2909,2959
314,2021-06-21,801,9952,10753
314,2021-06-22,737,10594,11331
314,2021-06-23,36,2501,2537
314,2021-06-24,786,9767,10553
314,2021-06-25,791,9816,10607
314,2021-06-26,417,6578,6995
314,2021-06-27,41,3847,3888
314,2021-06-28,893,10489,11382
314,2021-06-29,816,10559,11375
314,2021-06-30,816,10341,11157
314,2021-07-01,723,10552,11275
314,2021-07-02,795,11347,12142
314,2021-07-03,264,4772,5036
314,2021-07-04,69,2542,2611
314,2021-07-05,741,10558,11299
314,2021-07-06,715,10416,11131
314,2021-07-07,731,9907,10638
314,2021-07-08,722,10684,11406
314,2021-07-09,730,10671,11401
314,2021-07-10,285,4845,5130
314,2021-07-11,37,2687,2724
314,2021-07-12,696,9708,10404
314,2021-07-13,705,10955,11660
314,2021-07-14,724,11797,12521
314,2021-07-15,730,11419,12149
314,2021-07-16,778,10413,11191
314,2021-07-17,311,4418,4729
314,2021-07-18,34,2677,2711
314,2021-07-19,805,9450,10255
314,2021-07-20,857,9479,10336
314,2021-07-21,822,9150,9972
314,2021-07-22,812,9122,9934
314,2021-07-23,818,9981,10799
314,2021-07-24,325,4150,4475
314,2021-07-25,72,2532,2604
314,2021-07-26,707,8892,9599
314,2021-07-27,754,9492,10246
314,2021-07-28,723,9979,10702
314,2021-07-29,745,9605,10350
314,2021-07-30,677,7816,8493
314,2021-07-31,259,3443,3702
314,2021-08-01,50,2103,2153
314,2021-08-02,558,6502,7060
314,2021-08-03,580,6457,7037
314,2021-08-04,553,6329,6882
314,2021-08-05,569,6353,6922
314,2021-08-06,565,6194,6759
314,2021-08-07,277,3230,3507
314,2021-08-08,25,1744,1769
314,2021-08-09,540,5825,6365
314,2021-08-10,543,5911,6454
314,2021-08-11,538,5942,6480
314,2021-08-12,522,6100,6622
314,2021-08-13,596,5991,6587
314,2021-08-14,287,3091,3378
314,2021-08-15,42,1993,2035
314,2021-08-16,557,5730,6287
314,2021-08-17,530,5738,6268
314,2021-08-18,531,5730,6261
314,2021-08-19,549,6073,6622
314,2021-08-20,608,6299,6907
314,2021-08-21,272,3273,3545
314,2021-08-22,29,1808,1837
314,2021-08-23,617,7360,7977
314,2021-08-24,602,6988,7590
314,2021-08-25,616,6882,7498
314,2021-08-26,641,7220,7861
314,2021-08-27,795,7397,8192
314,2021-08-28,254,3411,3665
314,2021-08-29,25,2221,2246
314,2021-08-30,720,9836,10556
314,2021-08-31,722,9140,9862
314,2021-09-01,721,9795,10516
314,2021-09-02,718,9978,10696
314,2021-09-03,751,9512,10263
314,2021-09-04,298,4389,4687
314,2021-09-05,46,2725,2771
314,2021-09-06,736,10569,11305
314,2021-09-07,727,10663,11390
314,2021-09-08,711,10730,11441
314,2021-09-09,729,10483,11212
314,2021-09-10,744,9659,10403
314,2021-09-11,316,5163,5479
314,2021-09-12,45,3054,3099
314,2021-09-13,705,9309,10014
314,2021-09-14,722,9427,10149
314,2021-09-15,726,10262,10988
314,2021-09-16,779,10675,11454
314,2021-09-17,758,10428,11186
314,2021-09-18,220,5415,5635
314,2021-09-19,38,3036,3074
314,2021-09-20,731,10572,11303
314,2021-09-21,746,10718,11464
314,2021-09-22,749,10783,11532
314,2021-09-23,748,10960,11708
314,2021-09-24,751,10982,11733
314,2021-09-25,286,5508,5794
314,2021-09-26,33,2818,2851
314,2021-09-27,738,10987,11725
314,2021-09-28,734,10925,11659
314,2021-09-29,756,10990,11746
314,2021-09-30,746,11199,11945
314,2021-10-01,801,10809,11610
314,2021-10-02,273,4854,5127
314,2021-10-03,35,2522,2557
314,2021-10-04,740,10695,11435
314,2021-10-05,850,12563,13413
314,2021-10-06,684,11389,12073
314,2021-10-07,710,11278,11988
314,2021-10-08,683,11094,11777
314,2021-10-09,316,4950,5266
314,2021-10-10,121,3178,3299
314,2021-10-11,814,11731,12545
314,2021-10-12,718,11368,12086
314,2021-10-13,784,11741,12525
314,2021-10-14,716,11383,12099
314,2021-10-15,735,10614,11349
314,2021-10-16,251,4892,5143
314,2021-10-17,37,2676,2713
314,2021-10-18,814,11904,12718
314,2021-10-19,733,11415,12148
314,2021-10-20,705,10407,11112
314,2021-10-21,714,11104,11818
314,2021-10-22,718,10097,10815
314,2021-10-23,279,4976,5255
314,2021-10-24,32,3314,3346
314,2021-10-25,782,10649,11431
314,2021-10-26,692,10177,10869
314,2021-10-27,750,9960,10710
314,2021-10-28,749,10677,11426
314,2021-10-29,743,10863,11606
314,2021-10-30,274,4565,4839
314,2021-11-01,25,2438,2463
314,2021-11-02,705,10003,10708
314,2021-11-03,624,10262,10886
314,2021-11-04,687,9599,10286
314,2021-11-05,698,9122,9820
314,2021-11-06,364,4606,4970
314,2021-11-07,31,2083,2114
314,2021-11-08,704,10142,10846
314,2021-11-09,873,11815,12688
314,2021-11-10,715,10471,11186
314,2021-11-11,693,10621,11314
314,2021-11-12,759,10403,11162
314,2021-11-13,271,4565,4836
314,2021-11-14,34,2293,2327
314,2021-11-15,742,9892,10634
314,2021-11-16,788,9879,10667
314,2021-11-17,729,9531,10260
314,2021-11-18,772,9912,10684
314,2021-11-19,771,10543,11314
314,2021-11-20,271,4464,4735
314,2021-11-21,28,2250,2278
314,2021-11-22,781,9512,10293
314,2021-11-23,813,9956,10769
314,2021-11-24,761,10149,10910
314,2021-11-25,781,10498,11279
314,2021-11-26,733,10319,11052
314,2021-11-27,263,4213,4476
314,2021-11-28,38,2410,2448
314,2021-11-29,798,9804,10602
314,2021-11-30,743,9596,10339
314,2021-12-01,674,10091,10765
314,2021-12-02,742,9685,10427
314,2021-12-03,732,9950,10682
314,2021-12-04,279,4269,4548
314,2021-12-05,42,2454,2496
314,2021-12-06,795,9270,10065
314,2021-12-07,781,9454,10235
314,2021-12-08,803,9959,10762
314,2021-12-09,726,10259,10985
314,2021-12-10,467,7473,7940
314,2021-12-11,272,4167,4439
314,2021-12-12,62,2193,2255
314,2021-12-13,708,9438,10146
314,2021-12-14,752,9740,10492
314,2021-12-15,775,9852,10627
314,2021-12-16,705,9977,10682
314,2021-12-17,719,10046,10765
314,2021-12-18,269,4008,4277
314,2021-12-19,67,2161,2228
314,2021-12-20,624,7139,7763
314,2021-12-21,620,8572,9192
314,2021-12-22,612,6984,7596
314,2021-12-23,585,6534,7119
314,2021-12-24,470,4413,4883
314,2021-12-25,49,1451,1500
314,2021-12-26,55,1470,1525
314,2021-12-27,493,5181,5674
314,2021-12-28,510,5128,5638
314,2021-12-29,504,5394,5898
314,2021-12-30,490,5388,5878
314,2021-12-31,485,4696,5181
315,2021-01-01,56,2405,2461
315,2021-01-02,166,4690,4856
315,2021-01-03,71,3231,3302
315,2021-01-04,362,6638,7000
315,2021-01-05,377,6993,7370
315,2021-01-06,344,7021,7365
315,2021-01-07,376,7111,7487
315,2021-01-08,391,7398,7789
315,2021-01-09,137,5796,5933
315,2021-01-10,73,3727,3800
315,2021-01-11,502,10179,10681
315,2021-01-12,460,10055,10515
315,2021-01-13,563,10058,10621
315,2021-01-14,508,9927,10435
315,2021-01-15,437,9421,9858
315,2021-01-16,176,7859,8035
315,2021-01-17,76,3685,3761
315,2021-01-18,496,9894,10390
315,2021-01-19,473,10026,10499
315,2021-01-20,513,9772,10285
315,2021-01-21,473,10106,10579
315,2021-01-22,490,10267,10757
315,2021-01-23,168,8103,8271
315,2021-01-24,66,3905,3971
315,2021-01-25,541,9553,10094
315,2021-01-26,552,10118,10670
315,2021-01-27,423,9026,9449
315,2021-01-28,457,10376,10833
315,2021-01-29,455,10646,11101
315,2021-01-30,171,8229,8400
315,2021-01-31,79,4053,4132
315,2021-02-01,552,9848,10400
315,2021-02-02,472,9997,10469
315,2021-02-03,469,9863,10332
315,2021-02-04,558,10212,10770
315,2021-02-05,539,10272,10811
315,2021-02-06,200,8245,8445
315,2021-02-07,73,4054,4127
315,2021-02-08,578,9391,9969
315,2021-02-09,468,9791,10259
315,2021-02-10,468,9539,10007
315,2021-02-11,482,9816,10298
315,2021-02-12,487,10206,10693
315,2021-02-13,181,8388,8569
315,2021-02-14,77,4381,4458
315,2021-02-15,488,8978,9466
315,2021-02-16,475,10299,10774
315,2021-02-17,450,9446,9896
315,2021-02-18,463,9614,10077
315,2021-02-19,447,10211,10658
315,2021-02-20,186,8528,8714
315,2021-02-21,70,4742,4812
315,2021-02-22,627,10174,10801
315,2021-02-23,556,10705,11261
315,2021-02-24,505,10524,11029
315,2021-02-25,603,11110,11713
315,2021-02-26,564,10709,11273
315,2021-02-27,232,9371,9603
315,2021-02-28,87,4760,4847
315,2021-03-01,569,10431,11000
315,2021-03-02,574,10671,11245
315,2021-03-03,629,10875,11504
315,2021-03-04,566,10915,11481
315,2021-03-05,584,10859,11443
315,2021-03-06,229,9356,9585
315,2021-03-07,71,4687,4758
315,2021-03-08,592,10652,11244
315,2021-03-09,604,10953,11557
315,2021-03-10,604,10761,11365
315,2021-03-11,505,10452,10957
315,2021-03-12,548,10931,11479
315,2021-03-13,190,8450,8640
315,2021-03-14,78,4349,4427
315,2021-03-15,535,10488,11023
315,2021-03-16,539,11095,11634
315,2021-03-17,555,10758,11313
315,2021-03-18,538,10784,11322
315,2021-03-19,562,11335,11897
315,2021-03-20,190,9230,9420
315,2021-03-21,86,4408,4494
315,2021-03-22,615,10809,11424
315,2021-03-23,556,11057,11613
315,2021-03-24,594,11209,11803
315,2021-03-25,566,10922,11488
315,2021-03-26,586,11461,12047
315,2021-03-27,194,8983,9177
315,2021-03-29,615,11510,12125
315,2021-03-30,633,12592,13225
315,2021-03-31,666,12122,12788
315,2021-04-01,611,12186,12797
315,2021-04-02,602,11376,11978
315,2021-04-03,215,9789,10004
315,2021-04-04,77,4446,4523
315,2021-04-05,81,3446,3527
315,2021-04-06,649,11197,11846
315,2021-04-07,675,11532,12207
315,2021-04-08,538,11629,12167
315,2021-04-09,552,11280,11832
315,2021-04-10,192,8485,8677
315,2021-04-11,87,3952,4039
315,2021-04-12,584,10870,11454
315,2021-04-13,590,10994,11584
315,2021-04-14,594,11054,11648
315,2021-04-15,583,11144,11727
315,2021-04-16,710,11047,11757
315,2021-04-17,446,8695,9141
315,2021-04-18,126,1897,2023
315,2021-04-19,586,11171,11757
315,2021-04-20,590,11715,12305
315,2021-04-21,625,11316,11941
315,2021-04-22,623,12068,12691
315,2021-04-23,560,11908,12468
315,2021-04-24,197,9607,9804
315,2021-04-25,129,5211,5340
315,2021-04-26,627,11498,12125
315,2021-04-27,648,11707,12355
315,2021-04-28,635,11524,12159
315,2021-04-29,559,11437,11996
315,2021-04-30,578,11886,12464
315,2021-05-01,86,4803,4889
315,2021-05-02,68,5071,5139
315,2021-05-03,584,11013,11597
315,2021-05-04,538,11177,11715
315,2021-05-05,578,11094,11672
315,2021-05-06,574,11045,11619
315,2021-05-07,561,11528,12089
315,2021-05-08,221,9702,9923
315,2021-05-09,81,5224,5305
315,2021-05-10,569,10862,11431
315,2021-05-11,568,11695,12263
315,2021-05-12,560,12040,12600
315,2021-05-13,71,4559,4630
315,2021-05-14,443,11194,11637
315,2021-05-15,265,9064,9329
315,2021-05-16,78,4615,4693
315,2021-05-17,548,10745,11293
315,2021-05-18,577,10765,11342
315,2021-05-19,580,10876,11456
315,2021-05-20,564,11276,11840
315,2021-05-21,668,12654,13322
315,2021-05-22,687,15975,16662
315,2021-05-23,167,8470,8637
315,2021-05-24,78,4156,4234
315,2021-05-25,565,10385,10950
315,2021-05-26,501,10261,10762
315,2021-05-27,536,11116,11652
315,2021-05-28,522,11071,11593
315,2021-05-29,219,8858,9077
315,2021-05-30,78,5408,5486
315,2021-05-31,571,11201,11772
315,2021-06-01,637,11777,12414
315,2021-06-02,537,11611,12148
315,2021-06-03,537,11531,12068
315,2021-06-04,611,11361,11972
315,2021-06-05,198,9065,9263
315,2021-06-06,78,4881,4959
315,2021-06-07,597,10663,11260
315,2021-06-08,618,11610,12228
315,2021-06-09,560,11716,12276
315,2021-06-10,538,11702,12240
315,2021-06-11,557,12313,12870
315,2021-06-12,237,10043,10280
315,2021-06-13,121,5953,6074
315,2021-06-14,562,11215,11777
315,2021-06-15,573,11400,11973
315,2021-06-16,575,11321,11896
315,2021-06-17,580,11879,12459
315,2021-06-18,657,11776,12433
315,2021-06-19,554,10412,10966
315,2021-06-20,160,5708,5868
315,2021-06-21,659,11155,11814
315,2021-06-22,582,11970,12552
315,2021-06-23,392,5531,5923
315,2021-06-24,612,11075,11687
315,2021-06-25,754,12203,12957
315,2021-06-26,556,12489,13045
315,2021-06-27,263,10343,10606
315,2021-06-28,607,10860,11467
315,2021-06-29,650,11646,12296
315,2021-06-30,642,11383,12025
315,2021-07-01,609,11510,12119
315,2021-07-02,685,11961,12646
315,2021-07-03,240,9085,9325
315,2021-07-04,111,5098,5209
315,2021-07-05,603,11163,11766
315,2021-07-06,565,11095,11660
315,2021-07-07,544,11278,11822
315,2021-07-08,601,11758,12359
315,2021-07-09,622,11785,12407
315,2021-07-10,251,9143,9394
315,2021-07-11,122,5289,5411
315,2021-07-12,609,10948,11557
315,2021-07-13,543,10816,11359
315,2021-07-14,555,11078,11633
315,2021-07-15,445,9711,10156
315,2021-07-16,638,11688,12326
315,2021-07-17,254,8928,9182
315,2021-07-18,116,5547,5663
315,2021-07-19,536,10479,11015
315,2021-07-20,549,10643,11192
315,2021-07-21,554,10559,11113
315,2021-07-22,561,10732,11293
315,2021-07-23,615,11107,11722
315,2021-07-24,290,8057,8347
315,2021-07-25,126,4968,5094
315,2021-07-26,559,10470,11029
315,2021-07-27,579,10864,11443
315,2021-07-28,564,10776,11340
315,2021-07-29,543,10296,10839
315,2021-07-30,509,10362,10871
315,2021-07-31,182,7656,7838
315,2021-08-01,81,4554,4635
315,2021-08-02,405,8438,8843
315,2021-08-03,418,8721,9139
315,2021-08-04,419,8579,8998
315,2021-08-05,411,8579,8990
315,2021-08-06,408,9069,9477
315,2021-08-07,234,6882,7116
315,2021-08-08,113,4007,4120
315,2021-08-09,405,7934,8339
315,2021-08-10,421,8290,8711
315,2021-08-11,399,8319,8718
315,2021-08-12,413,8361,8774
315,2021-08-13,407,8649,9056
315,2021-08-14,163,6588,6751
315,2021-08-15,112,4315,4427
315,2021-08-16,440,8053,8493
315,2021-08-17,424,8303,8727
315,2021-08-18,398,8211,8609
315,2021-08-19,398,8442,8840
315,2021-08-20,409,8826,9235
315,2021-08-21,241,6953,7194
315,2021-08-22,122,4207,4329
315,2021-08-23,451,9007,9458
315,2021-08-24,505,9866,10371
315,2021-08-25,521,9652,10173
315,2021-08-26,515,9521,10036
315,2021-08-27,496,10189,10685
315,2021-08-28,178,7489,7667
315,2021-08-29,75,4430,4505
315,2021-08-30,526,10082,10608
315,2021-08-31,577,10345,10922
315,2021-09-01,574,10511,11085
315,2021-09-02,566,9881,10447
315,2021-09-03,558,10707,11265
315,2021-09-04,215,7763,7978
315,2021-09-05,79,4771,4850
315,2021-09-06,585,10930,11515
315,2021-09-07,548,11108,11656
315,2021-09-08,506,10989,11495
315,2021-09-09,570,11242,11812
315,2021-09-10,572,11194,11766
315,2021-09-11,211,9190,9401
315,2021-09-12,88,5458,5546
315,2021-09-13,609,11435,12044
315,2021-09-14,582,11635,12217
315,2021-09-15,594,11570,12164
315,2021-09-16,648,11671,12319
315,2021-09-17,581,10974,11555
315,2021-09-18,235,9292,9527
315,2021-09-19,113,5400,5513
315,2021-09-20,615,10838,11453
315,2021-09-21,601,11048,11649
315,2021-09-22,639,10888,11527
315,2021-09-23,612,11228,11840
315,2021-09-24,660,11591,12251
315,2021-09-25,217,9025,9242
315,2021-09-26,97,5378,5475
315,2021-09-27,600,10931,11531
315,2021-09-28,587,11327,11914
315,2021-09-29,609,11495,12104
315,2021-09-30,534,11001,11535
315,2021-10-01,571,11455,12026
315,2021-10-02,197,8936,9133
315,2021-10-03,82,5111,5193
315,2021-10-04,591,10541,11132
315,2021-10-05,559,11262,11821
315,2021-10-06,576,11145,11721
315,2021-10-07,621,11226,11847
315,2021-10-08,614,11201,11815
315,2021-10-09,204,9082,9286
315,2021-10-10,92,6018,6110
315,2021-10-11,573,10257,10830
315,2021-10-12,550,10815,11365
315,2021-10-13,565,10472,11037
315,2021-10-14,548,11056,11604
315,2021-10-15,574,11108,11682
315,2021-10-16,201,8949,9150
315,2021-10-17,88,5210,5298
315,2021-10-18,572,10430,11002
315,2021-10-19,561,11005,11566
315,2021-10-20,600,10357,10957
315,2021-10-21,567,10653,11220
315,2021-10-22,544,11172,11716
315,2021-10-23,195,9186,9381
315,2021-10-24,93,5661,5754
315,2021-10-25,608,10599,11207
315,2021-10-26,553,10568,11121
315,2021-10-27,552,10651,11203
315,2021-10-28,632,11269,11901
315,2021-10-29,597,11360,11957
315,2021-10-30,225,9191,9416
315,2021-11-01,25,2438,2463
315,2021-11-02,705,10003,10708
315,2021-11-03,624,10262,10886
315,2021-11-04,687,9599,10286
315,2021-11-05,698,9122,9820
315,2021-11-06,364,4606,4970
315,2021-11-07,31,2083,2114
315,2021-11-08,704,10142,10846
315,2021-11-09,873,11815,12688
315,2021-11-10,715,10471,11186
315,2021-11-11,693,10621,11314
315,2021-11-12,759,10403,11162
315,2021-11-13,271,4565,4836
315,2021-11-14,34,2293,2327
315,2021-11-15,742,9892,10634
315,2021-11-16,788,9879,10667
315,2021-11-17,729,9531,10260
315,2021-11-18,772,9912,10684
315,2021-11-19,771,10543,11314
315,2021-11-20,271,4464,4735
315,2021-11-21,28,2250,2278
315,2021-11-22,781,9512,10293
315,2021-11-23,813,9956,10769
315,2021-11-24,761,10149,10910
315,2021-11-25,781,10498,11279
315,2021-11-26,733,10319,11052
315,2021-11-27,263,4213,4476
315,2021-11-28,38,2410,2448
315,2021-11-29,798,9804,10602
315,2021-11-30,743,9596,10339
315,2021-12-01,674,10091,10765
315,2021-12-02,742,9685,10427
315,2021-12-03,732,9950,10682
315,2021-12-04,279,4269,4548
315,2021-12-05,42,2454,2496
315,2021-12-06,795,9270,10065
315,2021-12-07,781,9454,10235
315,2021-12-08,803,9959,10762
315,2021-12-09,726,10259,10985
315,2021-12-10,467,7473,7940
315,2021-12-11,272,4167,4439
315,2021-12-12,62,2193,2255
315,2021-12-13,708,9438,10146
315,2021-12-14,752,9740,10492
315,2021-12-15,775,9852,10627
315,2021-12-16,705,9977,10682
315,2021-12-17,719,10046,10765
315,2021-12-18,269,4008,4277
315,2021-12-19,67,2161,2228
315,2021-12-20,624,7139,7763
315,2021-12-21,620,8572,9192
315,2021-12-22,612,6984,7596
315,2021-12-23,585,6534,7119
315,2021-12-24,470,4413,4883
315,2021-12-25,49,1451,1500
315,2021-12-26,55,1470,1525
315,2021-12-27,493,5181,5674
315,2021-12-28,510,5128,5638
315,2021-12-29,504,5394,5898
315,2021-12-30,490,5388,5878
315,2021-12-31,485,4696,5181
316,2021-01-02,65,1474,1539
316,2021-01-03,23,1054,1077
316,2021-01-04,190,4087,4277
316,2021-01-05,185,4179,4364
316,2021-01-06,213,4210,4423
316,2021-01-07,221,4796,5017
316,2021-01-08,218,4293,4511
316,2021-01-09,69,1863,1932
316,2021-01-10,29,1233,1262
316,2021-01-11,419,6736,7155
316,2021-01-12,449,6576,7025
316,2021-01-13,426,6694,7120
316,2021-01-14,398,7068,7466
316,2021-01-15,250,5350,5600
316,2021-01-16,86,2564,2650
316,2021-01-17,26,1418,1444
316,2021-01-18,398,6512,6910
316,2021-01-19,449,6737,7186
316,2021-01-20,410,6639,7049
316,2021-01-21,411,6868,7279
316,2021-01-22,451,6945,7396
316,2021-01-23,68,2840,2908
316,2021-01-24,29,1437,1466
316,2021-01-25,447,6522,6969
316,2021-01-26,503,6593,7096
316,2021-01-27,362,6170,6532
316,2021-01-28,477,7311,7788
316,2021-01-29,475,6707,7182
316,2021-01-30,71,2985,3056
316,2021-01-31,25,1431,1456
316,2021-02-01,476,7024,7500
316,2021-02-02,390,7042,7432
316,2021-02-03,447,6983,7430
316,2021-02-04,403,6674,7077
316,2021-02-05,395,6889,7284
316,2021-02-06,71,3071,3142
316,2021-02-07,25,1530,1555
316,2021-02-08,403,6980,7383
316,2021-02-09,224,6528,6752
316,2021-02-10,270,6374,6644
316,2021-02-11,241,6156,6397
316,2021-02-12,212,6030,6242
316,2021-02-13,56,2948,3004
316,2021-02-14,15,1628,1643
316,2021-02-15,175,6059,6234
316,2021-02-16,198,6973,7171
316,2021-02-17,207,5769,5976
316,2021-02-18,183,5823,6006
316,2021-02-19,185,5836,6021
316,2021-02-20,53,2935,2988
316,2021-02-21,22,1991,2013
316,2021-02-23,304,6795,7099
316,2021-02-24,330,6594,6924
316,2021-02-25,333,7187,7520
316,2021-02-26,327,6405,6732
316,2021-02-27,81,3244,3325
316,2021-02-28,26,1912,1938
316,2021-03-01,431,7021,7452
316,2021-03-02,345,7002,7347
316,2021-03-03,368,6684,7052
316,2021-03-04,349,7034,7383
316,2021-03-05,322,6348,6670
316,2021-03-06,91,3057,3148
316,2021-03-07,32,1906,1938
316,2021-03-08,428,6888,7316
316,2021-03-09,431,7287,7718
316,2021-03-10,460,7236,7696
316,2021-03-11,432,7669,8101
316,2021-03-12,458,7094,7552
316,2021-03-13,83,3144,3227
316,2021-03-14,23,1546,1569
316,2021-03-15,441,7548,7989
316,2021-03-16,500,8009,8509
316,2021-03-17,456,7234,7690
316,2021-03-18,480,7118,7598
316,2021-03-19,472,7515,7987
316,2021-03-20,96,3403,3499
316,2021-03-21,40,1987,2027
316,2021-03-22,375,7308,7683
316,2021-03-23,429,7984,8413
316,2021-03-24,504,7749,8253
316,2021-03-25,484,7365,7849
316,2021-03-26,450,7507,7957
316,2021-03-27,111,3303,3414
316,2021-03-29,439,7733,8172
316,2021-03-30,447,8262,8709
316,2021-03-31,467,8258,8725
316,2021-04-01,472,8291,8763
316,2021-04-02,336,7572,7908
316,2021-04-03,184,3665,3849
316,2021-04-04,202,1850,2052
316,2021-04-05,153,1409,1562
316,2021-04-06,419,7631,8050
316,2021-04-07,379,6987,7366
316,2021-04-08,465,7643,8108
316,2021-04-09,430,7200,7630
316,2021-04-10,87,3007,3094
316,2021-04-11,32,1441,1473
316,2021-04-12,386,7705,8091
316,2021-04-13,435,7267,7702
316,2021-04-14,450,7196,7646
316,2021-04-15,459,7943,8402
316,2021-04-16,435,6781,7216
316,2021-04-17,260,3165,3425
316,2021-04-18,33,1759,1792
316,2021-04-19,495,7553,8048
316,2021-04-20,491,7762,8253
316,2021-04-21,493,8039,8532
316,2021-04-22,492,8079,8571
316,2021-04-23,429,7832,8261
316,2021-04-24,101,3583,3684
316,2021-04-25,50,2242,2292
316,2021-04-26,465,8032,8497
316,2021-04-27,455,8199,8654
316,2021-04-28,468,8359,8827
316,2021-04-29,503,9170,9673
316,2021-04-30,464,8196,8660
316,2021-05-01,39,1962,2001
316,2021-05-02,35,2067,2102
316,2021-05-03,382,8603,8985
316,2021-05-04,413,8665,9078
316,2021-05-05,426,8399,8825
316,2021-05-06,417,9128,9545
316,2021-05-07,451,8960,9411
316,2021-05-08,108,3696,3804
316,2021-05-09,26,2171,2197
316,2021-05-10,393,8123,8516
316,2021-05-11,402,8853,9255
316,2021-05-12,397,8607,9004
316,2021-05-13,44,1891,1935
316,2021-05-14,273,5741,6014
316,2021-05-15,149,3343,3492
316,2021-05-16,52,1965,2017
316,2021-05-17,401,8252,8653
316,2021-05-18,391,8572,8963
316,2021-05-19,449,8117,8566
316,2021-05-20,417,8607,9024
316,2021-05-21,642,9998,10640
316,2021-05-22,1052,12907,13959
316,2021-05-23,103,7076,7179
316,2021-05-24,49,2241,2290
316,2021-05-25,504,8868,9372
316,2021-05-26,431,8285,8716
316,2021-05-27,506,9067,9573
316,2021-05-28,385,8543,8928
316,2021-05-29,109,3830,3939
316,2021-05-30,41,2537,2578
316,2021-05-31,433,8732,9165
316,2021-06-01,476,9098,9574
316,2021-06-02,451,8970,9421
316,2021-06-03,403,9099,9502
316,2021-06-04,410,8846,9256
316,2021-06-05,111,3720,3831
316,2021-06-06,48,2083,2131
316,2021-06-07,352,7966,8318
316,2021-06-08,428,9257,9685
316,2021-06-09,473,9159,9632
316,2021-06-10,442,9283,9725
316,2021-06-11,416,9845,10261
316,2021-06-12,123,3815,3938
316,2021-06-13,48,3075,3123
316,2021-06-14,383,8604,8987
316,2021-06-15,420,9237,9657
316,2021-06-16,430,8792,9222
316,2021-06-17,470,10164,10634
316,2021-06-18,448,9121,9569
316,2021-06-19,341,4639,4980
316,2021-06-20,45,2351,2396
316,2021-06-21,427,8417,8844
316,2021-06-22,417,9068,9485
316,2021-06-23,56,2268,2324
316,2021-06-24,425,8499,8924
316,2021-06-25,690,9016,9706
316,2021-06-26,716,5105,5821
316,2021-06-27,51,3115,3166
316,2021-06-28,351,8524,8875
316,2021-06-29,390,9239,9629
316,2021-06-30,479,9066,9545
316,2021-07-01,457,9180,9637
316,2021-07-02,455,9158,9613
316,2021-07-03,122,3937,4059
316,2021-07-04,66,2073,2139
316,2021-07-05,417,9196,9613
316,2021-07-06,440,8821,9261
316,2021-07-07,437,8404,8841
316,2021-07-08,551,9712,10263
316,2021-07-09,455,8823,9278
316,2021-07-10,169,4096,4265
316,2021-07-11,73,2191,2264
316,2021-07-12,408,8138,8546
316,2021-07-13,390,8678,9068
316,2021-07-14,338,9626,9964
316,2021-07-15,401,12705,13106
316,2021-07-16,531,10531,11062
316,2021-07-17,149,3732,3881
316,2021-07-18,56,2407,2463
316,2021-07-19,423,8261,8684
316,2021-07-20,414,7784,8198
316,2021-07-21,456,8459,8915
316,2021-07-22,420,8428,8848
316,2021-07-23,420,8778,9198
316,2021-07-24,234,5010,5244
316,2021-07-25,155,2516,2671
316,2021-07-26,401,7905,8306
316,2021-07-27,419,8554,8973
316,2021-07-28,432,8341,8773
316,2021-07-29,318,8556,8874
316,2021-07-30,321,8216,8537
316,2021-07-31,148,4393,4541
316,2021-08-01,68,2592,2660
316,2021-08-02,261,5909,6170
316,2021-08-03,245,6158,6403
316,2021-08-04,261,5716,5977
316,2021-08-05,239,5899,6138
316,2021-08-06,255,6284,6539
316,2021-08-07,137,3771,3908
316,2021-08-08,79,1836,1915
316,2021-08-09,245,5324,5569
316,2021-08-10,258,5199,5457
316,2021-08-11,277,5319,5596
316,2021-08-12,266,5652,5918
316,2021-08-13,316,6242,6558
316,2021-08-14,152,3923,4075
316,2021-08-15,104,2428,2532
316,2021-08-16,292,5689,5981
316,2021-08-17,284,5215,5499
316,2021-08-18,295,5325,5620
316,2021-08-19,343,5828,6171
316,2021-08-20,333,6775,7108
316,2021-08-21,149,3372,3521
316,2021-08-22,93,2133,2226
316,2021-08-23,336,6082,6418
316,2021-08-24,341,6234,6575
316,2021-08-25,351,6662,7013
316,2021-08-26,386,6900,7286
316,2021-08-27,366,7338,7704
316,2021-08-28,163,3461,3624
316,2021-08-29,92,2130,2222
316,2021-08-30,339,7625,7964
316,2021-08-31,403,7686,8089
316,2021-09-01,460,7739,8199
316,2021-09-02,483,7580,8063
316,2021-09-03,484,8363,8847
316,2021-09-04,164,3566,3730
316,2021-09-05,56,2056,2112
316,2021-09-06,475,7920,8395
316,2021-09-07,465,7751,8216
316,2021-09-08,562,8311,8873
316,2021-09-09,531,8438,8969
316,2021-09-10,625,8916,9541
316,2021-09-11,275,5600,5875
316,2021-09-12,69,3273,3342
316,2021-09-13,552,9058,9610
316,2021-09-14,561,9287,9848
316,2021-09-15,616,9921,10537
316,2021-09-16,560,9419,9979
316,2021-09-17,553,9012,9565
316,2021-09-18,176,4378,4554
316,2021-09-19,76,2519,2595
316,2021-09-20,477,8716,9193
316,2021-09-21,424,9085,9509
316,2021-09-22,506,8975,9481
316,2021-09-23,493,9152,9645
316,2021-09-24,493,9133,9626
316,2021-09-25,161,4569,4730
316,2021-09-26,72,2276,2348
316,2021-09-27,498,8742,9240
316,2021-09-28,554,9283,9837
316,2021-09-29,417,8890,9307
316,2021-09-30,475,8968,9443
316,2021-10-01,432,8457,8889
316,2021-10-02,141,3842,3983
316,2021-10-03,46,1843,1889
316,2021-10-04,448,8523,8971
316,2021-10-05,436,9360,9796
316,2021-10-06,485,8902,9387
316,2021-10-07,513,9385,9898
316,2021-10-08,416,8678,9094
316,2021-10-09,203,4051,4254
316,2021-10-10,109,2481,2590
316,2021-10-11,495,8592,9087
316,2021-10-12,479,9066,9545
316,2021-10-13,469,8440,8909
316,2021-10-14,473,9807,10280
316,2021-10-15,424,8726,9150
316,2021-10-16,148,3894,4042
316,2021-10-17,51,2137,2188
316,2021-10-18,379,8683,9062
316,2021-10-19,375,9083,9458
316,2021-10-20,375,8337,8712
316,2021-10-21,335,9184,9519
316,2021-10-22,419,8139,8558
316,2021-10-23,127,4501,4628
316,2021-10-24,144,4890,5034
316,2021-10-25,482,8896,9378
316,2021-10-26,393,8087,8480
316,2021-10-27,376,8192,8568
316,2021-10-28,496,9095,9591
316,2021-10-29,470,8635,9105
316,2021-10-30,138,3965,4103
316,2021-11-01,34,1832,1866
316,2021-11-02,352,7894,8246
316,2021-11-03,346,8146,8492
316,2021-11-04,403,8420,8823
316,2021-11-05,331,7856,8187
316,2021-11-06,107,3376,3483
316,2021-11-07,29,1826,1855
316,2021-11-08,348,8582,8930
316,2021-11-09,414,9068,9482
316,2021-11-10,385,8863,9248
316,2021-11-11,340,9354,9694
316,2021-11-12,402,9166,9568
316,2021-11-13,110,3515,3625
316,2021-11-14,38,2391,2429
316,2021-11-15,417,8823,9240
316,2021-11-16,407,8936,9343
316,2021-11-17,413,8822,9235
316,2021-11-18,522,10334,10856
316,2021-11-19,456,9268,9724
316,2021-11-20,123,3794,3917
316,2021-11-21,34,1952,1986
316,2021-11-22,421,8384,8805
316,2021-11-23,533,10065,10598
316,2021-11-24,501,9121,9622
316,2021-11-25,542,9201,9743
316,2021-11-26,470,8909,9379
316,2021-11-27,101,3725,3826
316,2021-11-28,30,1964,1994
316,2021-11-29,477,8903,9380
316,2021-11-30,409,9006,9415
316,2021-12-01,423,8703,9126
316,2021-12-02,411,8740,9151
316,2021-12-03,405,8788,9193
316,2021-12-04,95,3800,3895
316,2021-12-05,30,1948,1978
316,2021-12-06,365,8371,8736
316,2021-12-07,394,8389,8783
316,2021-12-08,461,8332,8793
316,2021-12-09,442,8886,9328
316,2021-12-10,347,7999,8346
316,2021-12-11,97,3757,3854
316,2021-12-12,33,2200,2233
316,2021-12-13,348,8558,8906
316,2021-12-14,407,8300,8707
316,2021-12-15,360,8485,8845
316,2021-12-16,316,8759,9075
316,2021-12-17,360,8398,8758
316,2021-12-18,98,3305,3403
316,2021-12-19,29,2004,2033
316,2021-12-20,223,6239,6462
316,2021-12-21,228,7014,7242
316,2021-12-22,219,6756,6975
316,2021-12-23,211,5870,6081
316,2021-12-24,139,3952,4091
316,2021-12-25,17,909,926
316,2021-12-26,23,1125,1148
316,2021-12-27,179,3875,4054
316,2021-12-28,182,4132,4314
316,2021-12-29,194,4441,4635
316,2021-12-30,177,4287,4464
316,2021-12-31,142,3302,3444
317,2021-01-01,59,6271,6330
317,2021-01-02,168,11306,11474
317,2021-01-03,87,8225,8312
317,2021-01-04,409,15145,15554
317,2021-01-05,545,15611,16156
317,2021-01-06,480,15802,16282
317,2021-01-07,553,16148,16701
317,2021-01-08,572,17215,17787
317,2021-01-09,265,14288,14553
317,2021-01-10,74,9615,9689
317,2021-01-11,731,19667,20398
317,2021-01-12,624,19291,19915
317,2021-01-13,701,19320,20021
317,2021-01-14,572,17739,18311
317,2021-01-15,689,18484,19173
317,2021-01-16,325,17194,17519
317,2021-01-17,87,9165,9252
317,2021-01-18,627,19347,19974
317,2021-01-19,725,19186,19911
317,2021-01-20,685,19584,20269
317,2021-01-21,650,19462,20112
317,2021-01-22,651,20367,21018
317,2021-01-23,250,18307,18557
317,2021-01-24,105,10411,10516
317,2021-01-25,659,18506,19165
317,2021-01-26,665,19965,20630
317,2021-01-27,682,18742,19424
317,2021-01-28,653,19830,20483
317,2021-01-29,651,20817,21468
317,2021-01-30,228,15753,15981
317,2021-01-31,68,9816,9884
317,2021-02-01,634,19273,19907
317,2021-02-02,696,19618,20314
317,2021-02-03,695,19114,19809
317,2021-02-04,804,20122,20926
317,2021-02-05,710,20534,21244
317,2021-02-06,255,17458,17713
317,2021-02-07,84,9964,10048
317,2021-02-08,700,18772,19472
317,2021-02-09,678,19169,19847
317,2021-02-10,725,19439,20164
317,2021-02-11,672,19698,20370
317,2021-02-12,668,20504,21172
317,2021-02-13,331,17978,18309
317,2021-02-14,96,10970,11066
317,2021-02-15,696,18706,19402
317,2021-02-16,738,19673,20411
317,2021-02-17,714,19252,19966
317,2021-02-18,745,20353,21098
317,2021-02-19,761,21378,22139
317,2021-02-20,311,18215,18526
317,2021-02-21,94,11735,11829
317,2021-02-22,734,19238,19972
317,2021-02-23,728,19266,19994
317,2021-02-24,772,19523,20295
317,2021-02-25,661,20338,20999
317,2021-02-26,614,20652,21266
317,2021-02-27,321,19304,19625
317,2021-02-28,91,11308,11399
317,2021-03-01,736,19879,20615
317,2021-03-02,751,20159,20910
317,2021-03-03,746,20336,21082
317,2021-03-04,770,20352,21122
317,2021-03-05,692,21263,21955
317,2021-03-06,388,19290,19678
317,2021-03-07,97,11485,11582
317,2021-03-08,694,19744,20438
317,2021-03-09,789,20067,20856
317,2021-03-10,761,20291,21052
317,2021-03-11,723,19774,20497
317,2021-03-12,794,20895,21689
317,2021-03-13,354,17781,18135
317,2021-03-14,90,10662,10752
317,2021-03-15,673,19469,20142
317,2021-03-16,705,20009,20714
317,2021-03-17,759,19668,20427
317,2021-03-18,736,20559,21295
317,2021-03-19,768,21199,21967
317,2021-03-20,322,19385,19707
317,2021-03-21,86,10963,11049
317,2021-03-22,728,19687,20415
317,2021-03-23,775,19966,20741
317,2021-03-24,781,20159,20940
317,2021-03-25,811,20652,21463
317,2021-03-26,778,21744,22522
317,2021-03-27,352,19003,19355
317,2021-03-29,776,20778,21554
317,2021-03-30,803,21371,22174
317,2021-03-31,876,21238,22114
317,2021-04-01,755,22225,22980
317,2021-04-02,688,21629,22317
317,2021-04-03,303,19651,19954
317,2021-04-04,84,10825,10909
317,2021-04-05,87,8975,9062
317,2021-04-06,803,21141,21944
317,2021-04-07,909,22460,23369
317,2021-04-08,797,22437,23234
317,2021-04-09,753,22765,23518
317,2021-04-10,358,18489,18847
317,2021-04-11,89,9978,10067
317,2021-04-12,677,21050,21727
317,2021-04-13,813,21820,22633
317,2021-04-14,836,21481,22317
317,2021-04-15,840,21958,22798
317,2021-04-16,794,19058,19852
317,2021-04-17,71,318,389
317,2021-04-18,44,2485,2529
317,2021-04-19,748,19774,20522
317,2021-04-20,793,19375,20168
317,2021-04-21,776,20241,21017
317,2021-04-22,731,20966,21697
317,2021-04-23,718,21584,22302
317,2021-04-24,328,19782,20110
317,2021-04-25,94,12394,12488
317,2021-04-26,775,20585,21360
317,2021-04-27,805,20704,21509
317,2021-04-28,790,20802,21592
317,2021-04-29,766,21061,21827
317,2021-04-30,742,21864,22606
317,2021-05-01,143,12309,12452
317,2021-05-02,86,12241,12327
317,2021-05-03,678,20723,21401
317,2021-05-04,750,20652,21402
317,2021-05-05,772,20987,21759
317,2021-05-06,752,20761,21513
317,2021-05-07,871,21682,22553
317,2021-05-08,338,20381,20719
317,2021-05-09,96,12386,12482
317,2021-05-10,811,20394,21205
317,2021-05-11,820,21179,21999
317,2021-05-12,836,22278,23114
317,2021-05-13,140,11676,11816
317,2021-05-14,658,21888,22546
317,2021-05-15,352,18917,19269
317,2021-05-16,114,11483,11597
317,2021-05-17,737,20187,20924
317,2021-05-18,759,20735,21494
317,2021-05-19,834,20494,21328
317,2021-05-20,760,21519,22279
317,2021-05-21,859,22411,23270
317,2021-05-22,436,20589,21025
317,2021-05-23,120,13358,13478
317,2021-05-24,115,9803,9918
317,2021-05-25,676,20322,20998
317,2021-05-26,723,19935,20658
317,2021-05-27,741,20793,21534
317,2021-05-28,742,21723,22465
317,2021-05-29,336,19648,19984
317,2021-05-30,107,13208,13315
317,2021-05-31,767,20868,21635
317,2021-06-01,771,21574,22345
317,2021-06-02,746,21160,21906
317,2021-06-03,740,21301,22041
317,2021-06-04,838,20960,21798
317,2021-06-05,368,20255,20623
317,2021-06-06,108,12743,12851
317,2021-06-07,804,20415,21219
317,2021-06-08,782,21132,21914
317,2021-06-09,766,21210,21976
317,2021-06-10,745,21916,22661
317,2021-06-11,754,22500,23254
317,2021-06-12,426,20600,21026
317,2021-06-13,164,14610,14774
317,2021-06-14,744,20923,21667
317,2021-06-15,776,21588,22364
317,2021-06-16,848,21569,22417
317,2021-06-17,784,21600,22384
317,2021-06-18,799,21346,22145
317,2021-06-19,328,18175,18503
317,2021-06-20,124,10187,10311
317,2021-06-21,731,20611,21342
317,2021-06-22,785,21518,22303
317,2021-06-23,357,12239,12596
317,2021-06-24,848,20555,21403
317,2021-06-25,831,21799,22630
317,2021-06-26,436,20931,21367
317,2021-06-27,167,14367,14534
317,2021-06-28,668,20543,21211
317,2021-06-29,698,20972,21670
317,2021-06-30,774,20923,21697
317,2021-07-01,797,21408,22205
317,2021-07-02,737,21943,22680
317,2021-07-03,447,20098,20545
317,2021-07-04,157,12798,12955
317,2021-07-05,756,20143,20899
317,2021-07-06,797,20399,21196
317,2021-07-07,841,21116,21957
317,2021-07-08,778,21856,22634
317,2021-07-09,801,22408,23209
317,2021-07-10,381,19894,20275
317,2021-07-11,163,13295,13458
317,2021-07-12,708,19553,20261
317,2021-07-13,699,20421,21120
317,2021-07-14,583,20783,21366
317,2021-07-15,641,19182,19823
317,2021-07-16,777,22615,23392
317,2021-07-17,451,19697,20148
317,2021-07-18,181,13132,13313
317,2021-07-19,686,19878,20564
317,2021-07-20,841,20095,20936
317,2021-07-21,754,20265,21019
317,2021-07-22,764,19738,20502
317,2021-07-23,724,21218,21942
317,2021-07-24,393,17958,18351
317,2021-07-25,144,12162,12306
317,2021-07-26,710,19587,20297
317,2021-07-27,718,20053,20771
317,2021-07-28,775,20152,20927
317,2021-07-29,662,20293,20955
317,2021-07-30,659,20222,20881
317,2021-07-31,320,17210,17530
317,2021-08-01,128,11665,11793
317,2021-08-02,569,17648,18217
317,2021-08-03,560,17508,18068
317,2021-08-04,545,17927,18472
317,2021-08-05,569,17999,18568
317,2021-08-06,537,18423,18960
317,2021-08-07,351,15449,15800
317,2021-08-08,163,10424,10587
317,2021-08-09,541,16730,17271
317,2021-08-10,531,17209,17740
317,2021-08-11,519,17034,17553
317,2021-08-12,557,17464,18021
317,2021-08-13,613,18355,18968
317,2021-08-14,263,15388,15651
317,2021-08-15,169,10560,10729
317,2021-08-16,560,16846,17406
317,2021-08-17,515,16985,17500
317,2021-08-18,558,17044,17602
317,2021-08-19,543,17808,18351
317,2021-08-20,521,18621,19142
317,2021-08-21,290,15864,16154
317,2021-08-22,161,10948,11109
317,2021-08-23,580,18103,18683
317,2021-08-24,661,18685,19346
317,2021-08-25,769,18882,19651
317,2021-08-26,740,18666,19406
317,2021-08-27,680,19897,20577
317,2021-08-28,354,17368,17722
317,2021-08-29,107,11851,11958
317,2021-08-30,757,19321,20078
317,2021-08-31,753,19686,20439
317,2021-09-01,806,20065,20871
317,2021-09-02,843,19693,20536
317,2021-09-03,837,20947,21784
317,2021-09-04,321,17958,18279
317,2021-09-05,102,12446,12548
317,2021-09-06,755,19916,20671
317,2021-09-07,746,20500,21246
317,2021-09-08,691,20359,21050
317,2021-09-09,740,20568,21308
317,2021-09-10,744,21304,22048
317,2021-09-11,374,19484,19858
317,2021-09-12,127,13780,13907
317,2021-09-13,711,20489,21200
317,2021-09-14,724,20734,21458
317,2021-09-15,729,20663,21392
317,2021-09-16,754,21226,21980
317,2021-09-17,763,20491,21254
317,2021-09-18,334,20401,20735
317,2021-09-19,113,13914,14027
317,2021-09-20,776,20299,21075
317,2021-09-21,741,21264,22005
317,2021-09-22,812,20720,21532
317,2021-09-23,749,21290,22039
317,2021-09-24,724,21949,22673
317,2021-09-25,345,20832,21177
317,2021-09-26,141,13649,13790
317,2021-09-27,772,20114,20886
317,2021-09-28,721,21318,22039
317,2021-09-29,801,21040,21841
317,2021-09-30,797,22756,23553
317,2021-10-01,892,23663,24555
317,2021-10-02,389,21162,21551
317,2021-10-03,122,14417,14539
317,2021-10-04,767,20430,21197
317,2021-10-05,764,20795,21559
317,2021-10-06,865,20658,21523
317,2021-10-07,856,21095,21951
317,2021-10-08,804,22199,23003
317,2021-10-09,395,21194,21589
317,2021-10-10,150,14261,14411
317,2021-10-11,801,20285,21086
317,2021-10-12,775,20606,21381
317,2021-10-13,839,20566,21405
317,2021-10-14,845,21207,22052
317,2021-10-15,861,21437,22298
317,2021-10-16,378,21154,21532
317,2021-10-17,126,14000,14126
317,2021-10-18,766,20160,20926
317,2021-10-19,825,20639,21464
317,2021-10-20,786,20477,21263
317,2021-10-21,798,20467,21265
317,2021-10-22,772,21804,22576
317,2021-10-23,348,20870,21218
317,2021-10-24,119,14000,14119
317,2021-10-25,751,19684,20435
317,2021-10-26,792,20763,21555
317,2021-10-27,715,20930,21645
317,2021-10-28,814,21735,22549
317,2021-10-29,771,21442,22213
317,2021-10-30,319,20038,20357
317,2021-11-01,142,12287,12429
317,2021-11-02,726,20895,21621
317,2021-11-03,773,21120,21893
317,2021-11-04,850,21557,22407
317,2021-11-05,797,22355,23152
317,2021-11-06,455,20024,20479
317,2021-11-07,111,12550,12661
317,2021-11-08,783,20806,21589
317,2021-11-09,843,21014,21857
317,2021-11-10,895,21041,21936
317,2021-11-11,760,21799,22559
317,2021-11-12,804,21888,22692
317,2021-11-13,374,20863,21237
317,2021-11-14,114,13613,13727
317,2021-11-15,796,21188,21984
317,2021-11-16,763,20692,21455
317,2021-11-17,836,20626,21462
317,2021-11-18,884,22069,22953
317,2021-11-19,823,22892,23715
317,2021-11-20,338,21068,21406
317,2021-11-21,115,13546,13661
317,2021-11-22,860,20687,21547
317,2021-11-23,897,21548,22445
317,2021-11-24,852,21445,22297
317,2021-11-25,861,22180,23041
317,2021-11-26,773,22656,23429
317,2021-11-27,536,20158,20694
317,2021-11-28,117,13979,14096
317,2021-11-29,793,20967,21760
317,2021-11-30,779,20229,21008
317,2021-12-01,705,21578,22283
317,2021-12-02,853,21437,22290
317,2021-12-03,802,22090,22892
317,2021-12-04,344,20697,21041
317,2021-12-05,122,14182,14304
317,2021-12-06,753,20535,21288
317,2021-12-07,863,21281,22144
317,2021-12-08,822,20857,21679
317,2021-12-09,811,20799,21610
317,2021-12-10,730,20998,21728
317,2021-12-11,363,20736,21099
317,2021-12-12,137,13872,14009
317,2021-12-13,727,20240,20967
317,2021-12-14,813,20237,21050
317,2021-12-15,818,21083,21901
317,2021-12-16,779,21236,22015
317,2021-12-17,772,22119,22891
317,2021-12-18,325,19891,20216
317,2021-12-19,129,13207,13336
317,2021-12-20,544,20223,20767
317,2021-12-21,599,19822,20421
317,2021-12-22,582,20338,20920
317,2021-12-23,543,20748,21291
317,2021-12-24,363,17222,17585
317,2021-12-25,65,9245,9310
317,2021-12-26,85,9132,9217
317,2021-12-27,380,16439,16819
317,2021-12-28,394,17306,17700
317,2021-12-29,413,18044,18457
317,2021-12-30,430,18516,18946
317,2021-12-31,347,16957,17304
318,2021-01-01,40,3314,3354
318,2021-01-02,110,5047,5157
318,2021-01-03,48,4257,4305
318,2021-01-04,273,8394,8667
318,2021-01-05,299,8624,8923
318,2021-01-06,317,8412,8729
318,2021-01-07,299,8943,9242
318,2021-01-08,289,9145,9434
318,2021-01-09,116,6453,6569
318,2021-01-10,52,4933,4985
318,2021-01-11,432,11013,11445
318,2021-01-12,380,11180,11560
318,2021-01-13,441,10975,11416
318,2021-01-14,402,10188,10590
318,2021-01-15,331,10314,10645
318,2021-01-16,123,7072,7195
318,2021-01-17,49,4295,4344
318,2021-01-18,359,10477,10836
318,2021-01-19,381,11289,11670
318,2021-01-20,443,11306,11749
318,2021-01-21,425,11483,11908
318,2021-01-22,398,11866,12264
318,2021-01-23,113,7816,7929
318,2021-01-24,57,5060,5117
318,2021-01-25,388,11017,11405
318,2021-01-26,457,11688,12145
318,2021-01-27,361,10614,10975
318,2021-01-28,399,11737,12136
318,2021-01-29,410,11866,12276
318,2021-01-30,117,8075,8192
318,2021-01-31,45,4887,4932
318,2021-02-01,363,11078,11441
318,2021-02-02,334,11629,11963
318,2021-02-03,368,11019,11387
318,2021-02-04,467,12022,12489
318,2021-02-05,386,12064,12450
318,2021-02-06,115,7892,8007
318,2021-02-07,51,5015,5066
318,2021-02-08,415,10372,10787
318,2021-02-09,419,10694,11113
318,2021-02-10,373,10550,10923
318,2021-02-11,345,10999,11344
318,2021-02-12,349,11285,11634
318,2021-02-13,120,7575,7695
318,2021-02-14,51,5305,5356
318,2021-02-15,432,9916,10348
318,2021-02-16,478,10914,11392
318,2021-02-17,468,10616,11084
318,2021-02-18,485,10958,11443
318,2021-02-19,448,11444,11892
318,2021-02-20,129,8030,8159
318,2021-02-21,54,6003,6057
318,2021-02-22,418,11087,11505
318,2021-02-23,468,11705,12173
318,2021-02-24,481,11280,11761
318,2021-02-25,501,11620,12121
318,2021-02-26,491,11402,11893
318,2021-02-27,170,8660,8830
318,2021-02-28,55,5909,5964
318,2021-03-01,433,10572,11005
318,2021-03-02,463,11342,11805
318,2021-03-03,474,11184,11658
318,2021-03-04,508,11383,11891
318,2021-03-05,490,11688,12178
318,2021-03-06,173,8788,8961
318,2021-03-07,61,6061,6122
318,2021-03-08,472,10994,11466
318,2021-03-09,489,11721,12210
318,2021-03-10,464,11614,12078
318,2021-03-11,461,11996,12457
318,2021-03-12,414,11956,12370
318,2021-03-13,136,7679,7815
318,2021-03-14,55,5203,5258
318,2021-03-15,440,11231,11671
318,2021-03-16,434,11702,12136
318,2021-03-17,462,11401,11863
318,2021-03-18,509,12160,12669
318,2021-03-19,492,11962,12454
318,2021-03-20,135,8910,9045
318,2021-03-21,58,5582,5640
318,2021-03-22,456,11114,11570
318,2021-03-23,470,11962,12432
318,2021-03-24,433,11624,12057
318,2021-03-25,495,11753,12248
318,2021-03-26,472,12358,12830
318,2021-03-27,141,8629,8770
318,2021-03-29,432,11378,11810
318,2021-03-30,472,12363,12835
318,2021-03-31,485,12082,12567
318,2021-04-01,492,12873,13365
318,2021-04-02,461,13164,13625
318,2021-04-03,169,8677,8846
318,2021-04-04,55,5750,5805
318,2021-04-05,58,4585,4643
318,2021-04-06,460,11159,11619
318,2021-04-07,495,11303,11798
318,2021-04-08,485,11956,12441
318,2021-04-09,436,11753,12189
318,2021-04-10,122,7714,7836
318,2021-04-11,49,4824,4873
318,2021-04-12,424,10767,11191
318,2021-04-13,497,11787,12284
318,2021-04-14,487,11732,12219
318,2021-04-15,517,11640,12157
318,2021-04-16,500,13168,13668
318,2021-04-17,285,15622,15907
318,2021-04-18,102,9153,9255
318,2021-04-19,478,11313,11791
318,2021-04-20,471,12723,13194
318,2021-04-21,447,12075,12522
318,2021-04-22,512,12264,12776
318,2021-04-23,518,12746,13264
318,2021-04-24,153,9773,9926
318,2021-04-25,61,6703,6764
318,2021-04-26,476,11633,12109
318,2021-04-27,506,12512,13018
318,2021-04-28,458,12084,12542
318,2021-04-29,474,12665,13139
318,2021-04-30,487,13073,13560
318,2021-05-01,66,7101,7167
318,2021-05-02,61,6506,6567
318,2021-05-03,469,11939,12408
318,2021-05-04,462,12236,12698
318,2021-05-05,445,12079,12524
318,2021-05-06,467,12140,12607
318,2021-05-07,483,12957,13440
318,2021-05-08,159,9448,9607
318,2021-05-09,54,6828,6882
318,2021-05-10,463,11517,11980
318,2021-05-11,425,12397,12822
318,2021-05-12,481,12710,13191
318,2021-05-13,76,6434,6510
318,2021-05-14,387,11203,11590
318,2021-05-15,162,8532,8694
318,2021-05-16,59,6000,6059
318,2021-05-17,435,11499,11934
318,2021-05-18,455,12709,13164
318,2021-05-19,466,12186,12652
318,2021-05-20,480,12998,13478
318,2021-05-21,460,12526,12986
318,2021-05-22,160,7017,7177
318,2021-05-23,49,4657,4706
318,2021-05-24,66,4936,5002
318,2021-05-25,424,11148,11572
318,2021-05-26,449,11969,12418
318,2021-05-27,488,12023,12511
318,2021-05-28,452,12189,12641
318,2021-05-29,143,9229,9372
318,2021-05-30,58,7094,7152
318,2021-05-31,485,12169,12654
318,2021-06-01,499,13116,13615
318,2021-06-02,479,12346,12825
318,2021-06-03,440,12911,13351
318,2021-06-04,542,12771,13313
318,2021-06-05,175,9792,9967
318,2021-06-06,59,6850,6909
318,2021-06-07,536,11862,12398
318,2021-06-08,584,13032,13616
318,2021-06-09,539,12911,13450
318,2021-06-10,568,13042,13610
318,2021-06-11,454,13425,13879
318,2021-06-12,146,9956,10102
318,2021-06-13,70,7422,7492
318,2021-06-14,464,12132,12596
318,2021-06-15,479,12992,13471
318,2021-06-16,516,12865,13381
318,2021-06-17,474,12877,13351
318,2021-06-18,470,14306,14776
318,2021-06-19,268,16364,16632
318,2021-06-20,90,10532,10622
318,2021-06-21,479,12120,12599
318,2021-06-22,495,12765,13260
318,2021-06-23,74,6661,6735
318,2021-06-24,496,11832,12328
318,2021-06-25,482,12173,12655
318,2021-06-26,190,9231,9421
318,2021-06-27,58,6674,6732
318,2021-06-28,460,12018,12478
318,2021-06-29,451,12769,13220
318,2021-06-30,461,12573,13034
318,2021-07-01,489,13562,14051
318,2021-07-02,427,13138,13565
318,2021-07-03,166,9801,9967
318,2021-07-04,65,6354,6419
318,2021-07-05,443,12354,12797
318,2021-07-06,457,12121,12578
318,2021-07-07,466,12624,13090
318,2021-07-08,466,11738,12204
318,2021-07-09,465,11931,12396
318,2021-07-10,168,9551,9719
318,2021-07-11,64,6986,7050
318,2021-07-12,498,11050,11548
318,2021-07-13,408,11222,11630
318,2021-07-14,434,11222,11656
318,2021-07-15,374,11273,11647
318,2021-07-16,369,10470,10839
318,2021-07-17,134,8513,8647
318,2021-07-18,74,6950,7024
318,2021-07-19,434,10712,11146
318,2021-07-20,443,11326,11769
318,2021-07-21,442,11143,11585
318,2021-07-22,466,11821,12287
318,2021-07-23,494,11312,11806
318,2021-07-24,166,7142,7308
318,2021-07-25,81,6087,6168
318,2021-07-26,469,10290,10759
318,2021-07-27,450,10316,10766
318,2021-07-28,456,10802,11258
318,2021-07-29,383,11070,11453
318,2021-07-30,331,10724,11055
318,2021-07-31,131,7650,7781
318,2021-08-01,64,6006,6070
318,2021-08-02,304,8743,9047
318,2021-08-03,282,8785,9067
318,2021-08-04,319,9271,9590
318,2021-08-05,311,9257,9568
318,2021-08-06,307,9052,9359
318,2021-08-07,112,6580,6692
318,2021-08-08,70,5297,5367
318,2021-08-09,281,8444,8725
318,2021-08-10,306,8893,9199
318,2021-08-11,299,8891,9190
318,2021-08-12,287,9074,9361
318,2021-08-13,270,8728,8998
318,2021-08-14,114,6720,6834
318,2021-08-15,60,5438,5498
318,2021-08-16,296,7918,8214
318,2021-08-17,271,8342,8613
318,2021-08-18,292,8459,8751
318,2021-08-19,286,8816,9102
318,2021-08-20,285,8740,9025
318,2021-08-21,95,6739,6834
318,2021-08-22,52,5041,5093
318,2021-08-23,350,8619,8969
318,2021-08-24,389,9292,9681
318,2021-08-25,379,9363,9742
318,2021-08-26,383,9865,10248
318,2021-08-27,407,9713,10120
318,2021-08-28,144,6898,7042
318,2021-08-29,57,5489,5546
318,2021-08-30,476,9509,9985
318,2021-08-31,505,10142,10647
318,2021-09-01,492,10761,11253
318,2021-09-02,468,10767,11235
318,2021-09-03,477,10995,11472
318,2021-09-04,149,8208,8357
318,2021-09-05,74,6522,6596
318,2021-09-06,458,10548,11006
318,2021-09-07,468,11530,11998
318,2021-09-08,400,11201,11601
318,2021-09-09,458,11145,11603
318,2021-09-10,457,11472,11929
318,2021-09-11,178,8752,8930
318,2021-09-12,63,6712,6775
318,2021-09-13,491,11223,11714
318,2021-09-14,484,11657,12141
318,2021-09-15,488,11775,12263
318,2021-09-16,630,11153,11783
318,2021-09-17,492,13516,14008
318,2021-09-18,239,9051,9290
318,2021-09-19,90,6881,6971
318,2021-09-20,607,11032,11639
318,2021-09-21,616,11965,12581
318,2021-09-22,619,11450,12069
318,2021-09-23,479,12154,12633
318,2021-09-24,478,12609,13087
318,2021-09-25,154,9959,10113
318,2021-09-26,60,6622,6682
318,2021-09-27,432,11238,11670
318,2021-09-28,457,12414,12871
318,2021-10-02,128,8590,8718
318,2021-10-03,52,6432,6484
318,2021-10-04,440,11027,11467
318,2021-10-05,421,11183,11604
318,2021-10-06,438,11391,11829
318,2021-10-07,439,12616,13055
318,2021-10-08,408,12343,12751
318,2021-10-09,156,9927,10083
318,2021-10-10,70,7300,7370
318,2021-10-11,410,11439,11849
318,2021-10-12,430,11869,12299
318,2021-10-13,440,11679,12119
318,2021-10-14,465,12250,12715
318,2021-10-15,433,12613,13046
318,2021-10-16,172,9377,9549
318,2021-10-17,61,6952,7013
318,2021-10-18,457,11109,11566
318,2021-10-19,416,12078,12494
318,2021-10-20,417,11546,11963
318,2021-10-22,437,12227,12664
318,2021-10-23,164,9510,9674
318,2021-10-24,60,6893,6953
318,2021-10-25,423,10904,11327
318,2021-10-26,443,11975,12418
318,2021-10-27,461,12185,12646
318,2021-10-28,469,12146,12615
318,2021-10-29,430,12950,13380
318,2021-10-30,128,8638,8766
318,2021-11-01,46,5837,5883
318,2021-11-02,417,10685,11102
318,2021-11-03,394,10521,10915
318,2021-11-04,457,11379,11836
318,2021-11-05,441,11112,11553
318,2021-11-06,147,7924,8071
318,2021-11-07,55,5591,5646
318,2021-11-08,398,10798,11196
318,2021-11-09,492,11774,12266
318,2021-11-10,468,11402,11870
318,2021-11-11,459,11891,12350
318,2021-11-12,441,11427,11868
318,2021-11-13,149,9028,9177
318,2021-11-14,57,6407,6464
318,2021-11-15,466,10941,11407
318,2021-11-16,453,11364,11817
318,2021-11-17,463,11431,11894
318,2021-11-18,458,11693,12151
318,2021-11-19,431,12247,12678
318,2021-11-20,140,9046,9186
318,2021-11-21,52,5942,5994
318,2021-11-22,452,10785,11237
318,2021-11-23,461,11504,11965
318,2021-11-24,474,11060,11534
318,2021-11-25,525,11914,12439
318,2021-11-26,439,11983,12422
318,2021-11-27,157,8586,8743
318,2021-11-28,64,6271,6335
318,2021-11-29,453,10657,11110
318,2021-11-30,423,11385,11808
318,2021-12-01,385,10770,11155
318,2021-12-02,438,11411,11849
318,2021-12-03,467,11816,12283
318,2021-12-04,140,8911,9051
318,2021-12-05,55,6089,6144
318,2021-12-06,408,10818,11226
318,2021-12-07,452,11599,12051
318,2021-12-08,481,11285,11766
318,2021-12-09,453,11774,12227
318,2021-12-10,421,10864,11285
318,2021-12-11,124,8750,8874
318,2021-12-12,50,6074,6124
318,2021-12-13,419,10782,11201
318,2021-12-14,389,11555,11944
318,2021-12-15,414,11421,11835
318,2021-12-16,382,11967,12349
318,2021-12-17,374,11753,12127
318,2021-12-18,146,8404,8550
318,2021-12-19,63,5945,6008
318,2021-12-20,277,9240,9517
318,2021-12-21,292,10094,10386
318,2021-12-22,280,9591,9871
318,2021-12-23,278,9785,10063
318,2021-12-24,205,8177,8382
318,2021-12-25,44,4595,4639
318,2021-12-26,45,4313,4358
318,2021-12-27,223,7058,7281
318,2021-12-28,225,7688,7913
318,2021-12-29,231,7492,7723
318,2021-12-30,231,8060,8291
318,2021-12-31,223,7000,7223
319,2021-10-26,191,6638,6829
319,2021-10-27,178,6703,6881
319,2021-10-28,162,6880,7042
319,2021-10-29,182,7284,7466
319,2021-10-30,84,4245,4329
319,2021-11-01,17,2929,2946
319,2021-11-02,147,7994,8141
319,2021-11-03,135,7291,7426
319,2021-11-04,195,10800,10995
319,2021-11-05,172,8726,8898
319,2021-11-06,43,4476,4519
319,2021-11-07,15,2596,2611
319,2021-11-08,133,6004,6137
319,2021-11-09,173,6776,6949
319,2021-11-10,182,6578,6760
319,2021-11-11,153,6770,6923
319,2021-11-12,143,7241,7384
319,2021-11-13,30,4590,4620
319,2021-11-14,8,3045,3053
319,2021-11-15,119,5683,5802
319,2021-11-16,137,6512,6649
319,2021-11-17,129,5104,5233
319,2021-11-18,171,6077,6248
319,2021-11-19,120,5399,5519
319,2021-11-20,23,2823,2846
319,2021-11-21,10,1823,1833
319,2021-11-22,125,4668,4793
319,2021-11-23,143,5451,5594
319,2021-11-24,84,4823,4907
319,2021-11-25,101,5268,5369
319,2021-11-26,92,4896,4988
319,2021-11-27,14,2530,2544
319,2021-11-28,7,1699,1706
319,2021-11-29,136,4839,4975
319,2021-11-30,96,4965,5061
319,2021-12-01,78,4600,4678
319,2021-12-02,94,4370,4464
319,2021-12-03,81,4812,4893
319,2021-12-04,25,2582,2607
319,2021-12-05,2,1717,1719
319,2021-12-06,77,4084,4161
319,2021-12-07,89,4203,4292
319,2021-12-08,130,4846,4976
319,2021-12-09,85,5496,5581
319,2021-12-10,94,5625,5719
319,2021-12-11,68,4407,4475
319,2021-12-12,14,2846,2860
319,2021-12-13,73,3813,3886
319,2021-12-14,91,5765,5856
319,2021-12-15,203,6493,6696
319,2021-12-16,112,5856,5968
319,2021-12-17,85,6118,6203
319,2021-12-18,34,3509,3543
319,2021-12-19,17,2647,2664
319,2021-12-20,48,4279,4327
319,2021-12-21,66,4858,4924
319,2021-12-22,97,4886,4983
319,2021-12-23,36,4373,4409
319,2021-12-24,20,3840,3860
319,2021-12-25,11,2324,2335
319,2021-12-26,18,2197,2215
319,2021-12-27,23,3227,3250
319,2021-12-28,55,3647,3702
319,2021-12-29,31,3509,3540
319,2021-12-30,27,3571,3598
319,2021-12-31,16,3246,3262
320,2021-01-01,18,5400,5418
320,2021-01-02,139,8852,8991
320,2021-01-03,21,6538,6559
320,2021-01-04,316,12311,12627
320,2021-01-05,329,12817,13146
320,2021-01-06,354,13030,13384
320,2021-01-07,448,13339,13787
320,2021-01-08,430,13945,14375
320,2021-01-09,163,11031,11194
320,2021-01-10,34,7806,7840
320,2021-01-11,514,14873,15387
320,2021-01-12,377,14457,14834
320,2021-01-13,514,14465,14979
320,2021-01-14,445,14180,14625
320,2021-01-15,417,15631,16048
320,2021-01-16,176,12724,12900
320,2021-01-17,26,7511,7537
320,2021-01-18,500,15378,15878
320,2021-01-19,452,15484,15936
320,2021-01-20,539,15092,15631
320,2021-01-21,533,14917,15450
320,2021-01-22,497,16035,16532
320,2021-01-23,151,13571,13722
320,2021-01-24,37,8344,8381
320,2021-01-25,489,14821,15310
320,2021-01-26,519,15656,16175
320,2021-01-27,421,14497,14918
320,2021-01-28,475,15605,16080
320,2021-01-29,494,16073,16567
320,2021-01-30,178,13755,13933
320,2021-01-31,31,8238,8269
320,2021-02-01,499,15135,15634
320,2021-02-02,510,15238,15748
320,2021-02-03,555,15029,15584
320,2021-02-04,605,15736,16341
320,2021-02-05,527,15930,16457
320,2021-02-06,182,13602,13784
320,2021-02-07,30,8235,8265
320,2021-02-08,490,14720,15210
320,2021-02-09,468,15356,15824
320,2021-02-10,518,15143,15661
320,2021-02-11,431,15686,16117
320,2021-02-12,378,15959,16337
320,2021-02-13,182,13878,14060
320,2021-02-14,36,8596,8632
320,2021-02-15,472,14518,14990
320,2021-02-16,511,15301,15812
320,2021-02-17,540,15348,15888
320,2021-02-18,628,10850,11478
320,2021-02-19,512,12212,12724
320,2021-02-20,212,13191,13403
320,2021-02-21,51,9423,9474
320,2021-02-22,543,14019,14562
320,2021-02-23,466,14449,14915
320,2021-02-24,542,14491,15033
320,2021-02-25,489,14711,15200
320,2021-02-26,525,14934,15459
320,2021-02-27,230,13881,14111
320,2021-02-28,68,11470,11538
320,2021-03-01,544,14272,14816
320,2021-03-02,612,14936,15548
320,2021-03-03,638,15169,15807
320,2021-03-04,596,14704,15300
320,2021-03-05,554,15757,16311
320,2021-03-06,260,13888,14148
320,2021-03-07,38,9041,9079
320,2021-03-08,577,14668,15245
320,2021-03-09,541,15204,15745
320,2021-03-10,561,14927,15488
320,2021-03-11,492,15304,15796
320,2021-03-12,563,15791,16354
320,2021-03-13,237,13279,13516
320,2021-03-14,24,8337,8361
320,2021-03-15,557,14509,15066
320,2021-03-16,461,15209,15670
320,2021-03-17,533,14934,15467
320,2021-03-18,489,15315,15804
320,2021-03-19,524,16041,16565
320,2021-03-20,227,14420,14647
320,2021-03-21,25,8718,8743
320,2021-03-22,530,14865,15395
320,2021-03-23,527,15428,15955
320,2021-03-24,541,15380,15921
320,2021-03-25,573,15644,16217
320,2021-03-26,697,15997,16694
320,2021-03-27,251,13733,13984
320,2021-03-29,543,15025,15568
320,2021-03-30,514,15789,16303
320,2021-03-31,561,15668,16229
320,2021-04-01,533,16139,16672
320,2021-04-02,534,16457,16991
320,2021-04-03,219,14304,14523
320,2021-04-04,37,8825,8862
320,2021-04-05,31,7356,7387
320,2021-04-06,638,16554,17192
320,2021-04-07,724,16052,16776
320,2021-04-08,628,16226,16854
320,2021-04-09,598,16808,17406
320,2021-04-10,218,12566,12784
320,2021-04-11,30,7004,7034
320,2021-04-12,548,15782,16330
320,2021-04-13,650,16450,17100
320,2021-04-14,652,16418,17070
320,2021-04-15,584,16788,17372
320,2021-04-16,588,17274,17862
320,2021-04-17,275,14198,14473
320,2021-04-18,45,8968,9013
320,2021-04-19,532,13987,14519
320,2021-04-20,518,15170,15688
320,2021-04-21,569,14941,15510
320,2021-04-22,531,15225,15756
320,2021-04-23,555,15825,16380
320,2021-04-24,290,14301,14591
320,2021-04-25,51,9711,9762
320,2021-04-26,574,15027,15601
320,2021-04-27,517,15553,16070
320,2021-04-28,579,15532,16111
320,2021-04-29,597,15672,16269
320,2021-04-30,596,15813,16409
320,2021-05-01,43,9615,9658
320,2021-05-02,40,9421,9461
320,2021-05-03,584,15204,15788
320,2021-05-04,489,15353,15842
320,2021-05-05,601,15448,16049
320,2021-05-06,502,15254,15756
320,2021-05-07,553,16332,16885
320,2021-05-08,246,14721,14967
320,2021-05-09,48,9578,9626
320,2021-05-10,540,14888,15428
320,2021-05-11,651,15467,16118
320,2021-05-12,544,16428,16972
320,2021-05-13,38,9069,9107
320,2021-05-14,459,15683,16142
320,2021-05-15,618,13066,13684
320,2021-05-16,61,8888,8949
320,2021-05-17,496,14990,15486
320,2021-05-18,573,15735,16308
320,2021-05-19,568,15622,16190
320,2021-05-20,724,16137,16861
320,2021-05-21,574,16593,17167
320,2021-05-22,219,12080,12299
320,2021-05-23,36,8538,8574
320,2021-05-24,82,7610,7692
320,2021-05-25,509,15064,15573
320,2021-05-26,544,15102,15646
320,2021-05-27,550,15486,16036
320,2021-05-28,550,16062,16612
320,2021-05-29,297,14156,14453
320,2021-05-30,40,10089,10129
320,2021-05-31,588,15064,15652
320,2021-06-01,707,16404,17111
320,2021-06-02,731,16038,16769
320,2021-06-03,632,15661,16293
320,2021-06-04,615,16582,17197
320,2021-06-05,221,14559,14780
320,2021-06-06,55,9531,9586
320,2021-06-07,600,15392,15992
320,2021-06-08,571,16410,16981
320,2021-06-09,560,16055,16615
320,2021-06-10,570,16493,17063
320,2021-06-11,546,17054,17600
320,2021-06-12,251,14882,15133
320,2021-06-13,40,11264,11304
320,2021-06-14,500,15705,16205
320,2021-06-15,546,16310,16856
320,2021-06-16,513,15986,16499
320,2021-06-17,536,16520,17056
320,2021-06-18,591,16587,17178
320,2021-06-19,217,9922,10139
320,2021-06-20,39,5508,5547
320,2021-06-21,598,15554,16152
320,2021-06-22,572,15863,16435
320,2021-06-23,66,9408,9474
320,2021-06-24,533,15678,16211
320,2021-06-25,510,16227,16737
320,2021-06-26,244,14911,15155
320,2021-06-27,46,10140,10186
320,2021-06-28,531,15262,15793
320,2021-06-29,602,15623,16225
320,2021-06-30,545,15889,16434
320,2021-07-01,549,16095,16644
320,2021-07-02,574,16713,17287
320,2021-07-03,280,14584,14864
320,2021-07-04,45,9589,9634
320,2021-07-05,606,15153,15759
320,2021-07-06,545,16043,16588
320,2021-07-07,596,15834,16430
320,2021-07-08,595,16166,16761
320,2021-07-09,642,16633,17275
320,2021-07-10,248,14615,14863
320,2021-07-11,43,9881,9924
320,2021-07-12,541,15420,15961
320,2021-07-13,444,15115,15559
320,2021-07-14,475,14752,15227
320,2021-07-15,457,16074,16531
320,2021-07-16,557,16262,16819
320,2021-07-17,227,13785,14012
320,2021-07-18,68,10055,10123
320,2021-07-19,557,15014,15571
320,2021-07-20,582,15621,16203
320,2021-07-21,672,15489,16161
320,2021-07-22,653,15709,16362
320,2021-07-23,560,15769,16329
320,2021-07-24,236,12666,12902
320,2021-07-25,83,8988,9071
320,2021-07-26,559,14913,15472
320,2021-07-27,514,15008,15522
320,2021-07-28,490,15403,15893
320,2021-07-29,411,15679,16090
320,2021-07-30,414,15163,15577
320,2021-07-31,218,11565,11783
320,2021-08-01,85,8429,8514
320,2021-08-02,372,12700,13072
320,2021-08-03,315,12703,13018
320,2021-08-04,309,13208,13517
320,2021-08-05,313,13205,13518
320,2021-08-06,315,13210,13525
320,2021-08-07,142,10572,10714
320,2021-08-08,47,7536,7583
320,2021-08-09,314,12239,12553
320,2021-08-10,346,12564,12910
320,2021-08-11,386,12745,13131
320,2021-08-12,391,13089,13480
320,2021-08-13,411,13192,13603
320,2021-08-14,224,10432,10656
320,2021-08-15,93,8122,8215
320,2021-08-16,387,12276,12663
320,2021-08-17,389,12893,13282
320,2021-08-18,407,13014,13421
320,2021-08-19,347,13215,13562
320,2021-08-20,394,13722,14116
320,2021-08-21,202,11200,11402
320,2021-08-22,46,7994,8040
320,2021-08-23,402,13246,13648
320,2021-08-24,466,14012,14478
320,2021-08-25,537,14168,14705
320,2021-08-26,485,14660,15145
320,2021-08-27,538,15091,15629
320,2021-08-28,217,12122,12339
320,2021-08-29,57,9041,9098
320,2021-08-30,528,14316,14844
320,2021-08-31,527,15351,15878
320,2021-09-01,550,15126,15676
320,2021-09-02,512,15294,15806
320,2021-09-03,511,15766,16277
320,2021-09-04,239,13539,13778
320,2021-09-05,51,9919,9970
320,2021-09-06,556,15236,15792
320,2021-09-07,478,15339,15817
320,2021-09-08,508,15677,16185
320,2021-09-09,554,15865,16419
320,2021-09-10,570,16287,16857
320,2021-09-11,223,14192,14415
320,2021-09-12,54,10414,10468
320,2021-09-13,540,15915,16455
320,2021-09-14,516,15868,16384
320,2021-09-15,494,15983,16477
320,2021-09-16,579,16552,17131
320,2021-09-17,278,11409,11687
320,2021-09-18,205,15123,15328
320,2021-09-19,43,10314,10357
320,2021-09-20,501,15753,16254
320,2021-09-21,502,16441,16943
320,2021-09-22,535,16278,16813
320,2021-09-23,542,16843,17385
320,2021-09-24,514,17069,17583
320,2021-09-25,253,14835,15088
320,2021-09-26,42,10406,10448
320,2021-09-27,553,15920,16473
320,2021-09-28,605,16667,17272
320,2021-09-29,545,16499,17044
320,2021-09-30,671,17794,18465
320,2021-10-01,738,17475,18213
320,2021-10-02,217,15157,15374
320,2021-10-03,34,10281,10315
320,2021-10-04,566,16219,16785
320,2021-10-05,596,16117,16713
320,2021-10-06,587,16374,16961
320,2021-10-07,595,16951,17546
320,2021-10-08,551,17050,17601
320,2021-10-09,333,15682,16015
320,2021-10-10,141,10989,11130
320,2021-10-11,624,16144,16768
320,2021-10-12,717,16669,17386
320,2021-10-13,668,16421,17089
320,2021-10-14,606,16839,17445
320,2021-10-15,610,17392,18002
320,2021-10-16,236,15638,15874
320,2021-10-17,44,10530,10574
320,2021-10-18,561,16237,16798
320,2021-10-19,542,16626,17168
320,2021-10-20,636,16233,16869
320,2021-10-21,605,16574,17179
320,2021-10-22,587,16889,17476
320,2021-10-23,444,15234,15678
320,2021-10-24,40,11098,11138
320,2021-10-25,541,15972,16513
320,2021-10-26,549,16052,16601
320,2021-10-27,615,15809,16424
320,2021-10-28,526,16842,17368
320,2021-10-29,570,17478,18048
320,2021-10-30,199,14143,14342
320,2021-11-01,80,9631,9711
320,2021-11-02,552,15073,15625
320,2021-11-03,570,16163,16733
320,2021-11-04,510,15520,16030
320,2021-11-05,585,16507,17092
320,2021-11-06,281,14979,15260
320,2021-11-07,42,10108,10150
320,2021-11-08,534,15785,16319
320,2021-11-09,590,16412,17002
320,2021-11-10,606,16385,16991
320,2021-11-11,573,16703,17276
320,2021-11-12,582,16802,17384
320,2021-11-13,203,14736,14939
320,2021-11-14,39,10144,10183
320,2021-11-15,551,15449,16000
320,2021-11-16,544,15730,16274
320,2021-11-17,510,15227,15737
320,2021-11-18,558,15698,16256
320,2021-11-19,620,15449,16069
320,2021-11-20,199,14200,14399
320,2021-11-21,32,9752,9784
320,2021-11-22,649,14775,15424
320,2021-11-23,628,14689,15317
320,2021-11-24,583,14783,15366
320,2021-11-25,599,15555,16154
320,2021-11-26,558,15311,15869
320,2021-11-27,186,13835,14021
320,2021-11-28,54,9955,10009
320,2021-11-29,547,15235,15782
320,2021-11-30,480,14896,15376
320,2021-12-01,500,14907,15407
320,2021-12-02,574,15533,16107
320,2021-12-03,548,15579,16127
320,2021-12-04,153,13704,13857
320,2021-12-05,29,9898,9927
320,2021-12-06,559,14686,15245
320,2021-12-07,542,15133,15675
320,2021-12-08,568,15039,15607
320,2021-12-14,540,15949,16489
320,2021-12-15,677,16003,16680
320,2021-12-16,571,16440,17011
320,2021-12-17,465,16995,17460
320,2021-12-18,158,13755,13913
320,2021-12-19,29,9890,9919
320,2021-12-20,344,14485,14829
320,2021-12-21,396,15354,15750
320,2021-12-22,431,15344,15775
320,2021-12-23,302,15351,15653
320,2021-12-24,180,13052,13232
320,2021-12-25,19,7900,7919
320,2021-12-26,25,7322,7347
320,2021-12-27,220,12018,12238
320,2021-12-28,261,12300,12561
320,2021-12-29,273,12687,12960
320,2021-12-30,260,13249,13509
320,2021-12-31,202,12292,12494
321,2021-01-01,21,1877,1898
321,2021-01-02,134,3108,3242
321,2021-01-03,52,2361,2413
321,2021-01-04,416,6198,6614
321,2021-01-05,481,6667,7148
321,2021-01-06,435,6415,6850
321,2021-01-07,482,6621,7103
321,2021-01-08,504,6936,7440
321,2021-01-09,204,3976,4180
321,2021-01-10,46,2709,2755
321,2021-01-11,618,7874,8492
321,2021-01-12,573,8010,8583
321,2021-01-13,623,8136,8759
321,2021-01-14,555,8109,8664
321,2021-01-15,555,7953,8508
321,2021-01-16,209,4310,4519
321,2021-01-17,42,2500,2542
321,2021-01-18,549,8152,8701
321,2021-01-19,544,8406,8950
321,2021-01-20,649,8392,9041
321,2021-01-21,634,8156,8790
321,2021-01-22,578,8437,9015
321,2021-01-23,232,4586,4818
321,2021-01-24,50,2810,2860
321,2021-01-25,584,7943,8527
321,2021-01-26,754,8589,9343
321,2021-01-27,656,8261,8917
321,2021-01-28,628,8355,8983
321,2021-01-29,667,8470,9137
321,2021-01-30,237,4732,4969
321,2021-01-31,102,2785,2887
321,2021-02-01,644,8249,8893
321,2021-02-02,630,8581,9211
321,2021-02-03,583,8107,8690
321,2021-02-04,719,8787,9506
321,2021-02-05,622,8541,9163
321,2021-02-06,290,4528,4818
321,2021-02-07,76,3020,3096
321,2021-02-08,606,7566,8172
321,2021-02-09,560,7985,8545
321,2021-02-10,563,7970,8533
321,2021-02-11,637,8113,8750
321,2021-02-12,652,8263,8915
321,2021-02-13,258,4878,5136
321,2021-02-14,78,3400,3478
321,2021-02-15,673,7305,7978
321,2021-02-16,647,8330,8977
321,2021-02-17,612,7899,8511
321,2021-02-18,641,8038,8679
321,2021-02-19,614,8286,8900
321,2021-02-20,234,5437,5671
321,2021-02-21,71,4283,4354
321,2021-02-22,799,8171,8970
321,2021-02-23,858,8908,9766
321,2021-02-24,813,8693,9506
321,2021-02-25,803,9344,10147
321,2021-02-26,775,8502,9277
321,2021-02-27,305,5499,5804
321,2021-02-28,89,4025,4114
321,2021-03-01,800,8396,9196
321,2021-03-02,864,9025,9889
321,2021-03-03,762,8955,9717
321,2021-03-04,762,8516,9278
321,2021-03-05,775,8531,9306
321,2021-03-06,300,5385,5685
321,2021-03-07,119,3751,3870
321,2021-03-08,658,8264,8922
321,2021-03-09,736,8770,9506
321,2021-03-10,643,8790,9433
321,2021-03-11,597,8825,9422
321,2021-03-12,613,8682,9295
321,2021-03-13,278,4649,4927
321,2021-03-14,79,3110,3189
321,2021-03-15,599,8026,8625
321,2021-03-16,693,8487,9180
321,2021-03-17,696,8436,9132
321,2021-03-18,676,8700,9376
321,2021-03-19,699,8847,9546
321,2021-03-20,299,5564,5863
321,2021-03-21,90,3577,3667
321,2021-03-22,752,8370,9122
321,2021-03-23,748,9031,9779
321,2021-03-24,675,9109,9784
321,2021-03-25,663,8924,9587
321,2021-03-26,652,9182,9834
321,2021-03-27,230,5423,5653
321,2021-03-29,684,9285,9969
321,2021-03-30,708,10488,11196
321,2021-03-31,634,10347,10981
321,2021-04-01,631,10599,11230
321,2021-04-02,678,10370,11048
321,2021-04-03,303,6284,6587
321,2021-04-04,79,4383,4462
321,2021-04-05,81,3078,3159
321,2021-04-06,803,8305,9108
321,2021-04-07,868,8748,9616
321,2021-04-08,857,9480,10337
321,2021-04-09,764,9623,10387
321,2021-04-10,248,4626,4874
321,2021-04-11,112,3108,3220
321,2021-04-12,880,8605,9485
321,2021-04-13,869,9408,10277
321,2021-04-14,871,9582,10453
321,2021-04-15,865,9676,10541
321,2021-04-16,825,10107,10932
321,2021-04-17,468,9066,9534
321,2021-04-18,143,4850,4993
321,2021-04-19,670,8638,9308
321,2021-04-20,674,9905,10579
321,2021-04-21,684,9325,10009
321,2021-04-22,695,9843,10538
321,2021-04-23,701,9971,10672
321,2021-04-24,317,6956,7273
321,2021-04-25,104,5284,5388
321,2021-04-26,765,8999,9764
321,2021-04-27,777,9486,10263
321,2021-04-28,680,9435,10115
321,2021-04-29,681,9541,10222
321,2021-04-30,753,9669,10422
321,2021-05-01,132,4755,4887
321,2021-05-02,97,4489,4586
321,2021-05-03,704,9273,9977
321,2021-05-04,620,9401,10021
321,2021-05-05,739,9373,10112
321,2021-05-06,661,9238,9899
321,2021-05-07,707,9512,10219
321,2021-05-08,276,6630,6906
321,2021-05-09,117,5480,5597
321,2021-05-10,636,9095,9731
321,2021-05-11,673,9472,10145
321,2021-05-12,666,10044,10710
321,2021-05-13,119,4526,4645
321,2021-05-14,534,8763,9297
321,2021-05-15,276,5638,5914
321,2021-05-16,146,3775,3921
321,2021-05-17,616,8843,9459
321,2021-05-18,703,9337,10040
321,2021-05-19,731,9417,10148
321,2021-05-20,748,9657,10405
321,2021-05-21,774,9950,10724
321,2021-05-22,452,8279,8731
321,2021-05-23,170,5206,5376
321,2021-05-24,82,3502,3584
321,2021-05-25,677,8392,9069
321,2021-05-26,689,8421,9110
321,2021-05-27,792,9430,10222
321,2021-05-28,707,9670,10377
321,2021-05-29,258,6715,6973
321,2021-05-30,122,5660,5782
321,2021-05-31,603,9607,10210
321,2021-06-01,630,10443,11073
321,2021-06-02,691,10144,10835
321,2021-06-03,567,10048,10615
321,2021-06-04,629,9423,10052
321,2021-06-05,209,5957,6166
321,2021-06-06,90,4780,4870
321,2021-06-07,577,9275,9852
321,2021-06-08,621,9862,10483
321,2021-06-09,627,10085,10712
321,2021-06-10,691,10221,10912
321,2021-06-11,723,10308,11031
321,2021-06-12,273,7317,7590
321,2021-06-13,119,6009,6128
321,2021-06-14,689,9375,10064
321,2021-06-15,655,9744,10399
321,2021-06-16,691,9795,10486
321,2021-06-17,641,10016,10657
321,2021-06-18,763,10275,11038
321,2021-06-19,529,9892,10421
321,2021-06-20,168,6359,6527
321,2021-06-21,673,9308,9981
321,2021-06-22,642,9688,10330
321,2021-06-23,361,4977,5338
321,2021-06-24,710,9073,9783
321,2021-06-25,887,10642,11529
321,2021-06-26,631,12258,12889
321,2021-06-27,205,7607,7812
321,2021-06-28,655,9418,10073
321,2021-06-29,642,9489,10131
321,2021-06-30,666,9735,10401
321,2021-07-01,678,10181,10859
321,2021-07-02,723,10303,11026
321,2021-07-03,234,6773,7007
321,2021-07-04,81,3868,3949
321,2021-07-05,616,9187,9803
321,2021-07-06,637,9638,10275
321,2021-07-07,766,9971,10737
321,2021-07-08,636,9590,10226
321,2021-07-09,748,10059,10807
321,2021-07-10,251,6171,6422
321,2021-07-11,93,4979,5072
321,2021-07-12,636,9049,9685
321,2021-07-13,547,8371,8918
321,2021-07-14,541,7946,8487
321,2021-07-15,623,10649,11272
321,2021-07-16,625,9435,10060
321,2021-07-17,225,6366,6591
321,2021-07-18,100,5416,5516
321,2021-07-19,591,8814,9405
321,2021-07-20,635,9265,9900
321,2021-07-21,631,9317,9948
321,2021-07-22,651,9418,10069
321,2021-07-23,697,8995,9692
321,2021-07-24,211,4578,4789
321,2021-07-25,122,3847,3969
321,2021-07-26,519,7790,8309
321,2021-07-27,541,7768,8309
321,2021-07-28,571,8572,9143
321,2021-07-29,579,8877,9456
321,2021-07-30,543,8644,9187
321,2021-07-31,230,5775,6005
321,2021-08-01,126,4500,4626
321,2021-08-02,431,6806,7237
321,2021-08-03,428,6439,6867
321,2021-08-04,466,7654,8120
321,2021-08-05,451,7353,7804
321,2021-08-06,433,7264,7697
321,2021-08-07,218,4937,5155
321,2021-08-08,139,3552,3691
321,2021-08-09,417,7189,7606
321,2021-08-10,412,7594,8006
321,2021-08-11,446,7949,8395
321,2021-08-12,487,8062,8549
321,2021-08-13,509,7899,8408
321,2021-08-14,246,5583,5829
321,2021-08-15,242,4520,4762
321,2021-08-16,438,7098,7536
321,2021-08-17,436,7149,7585
321,2021-08-18,434,6917,7351
321,2021-08-19,452,7260,7712
321,2021-08-20,466,8117,8583
321,2021-08-21,291,5509,5800
321,2021-08-22,176,3320,3496
321,2021-08-23,432,7264,7696
321,2021-08-24,489,8389,8878
321,2021-08-25,535,8531,9066
321,2021-08-26,569,8465,9034
321,2021-08-27,516,8104,8620
321,2021-08-28,284,4778,5062
321,2021-08-29,77,3715,3792
321,2021-08-30,574,7789,8363
321,2021-08-31,602,8434,9036
321,2021-09-01,634,8489,9123
321,2021-09-02,673,8351,9024
321,2021-09-03,625,8649,9274
321,2021-09-04,272,5873,6145
321,2021-09-05,136,5134,5270
321,2021-09-06,614,8486,9100
321,2021-09-07,618,8719,9337
321,2021-09-08,693,8811,9504
321,2021-09-09,703,8324,9027
321,2021-09-10,692,8534,9226
321,2021-09-11,254,6673,6927
321,2021-09-12,135,5245,5380
321,2021-09-13,586,9056,9642
321,2021-09-14,668,9131,9799
321,2021-09-15,744,8432,9176
321,2021-09-16,700,9380,10080
321,2021-09-17,791,9535,10326
321,2021-09-18,323,6691,7014
321,2021-09-19,143,5194,5337
321,2021-09-20,655,8845,9500
321,2021-09-21,713,9364,10077
321,2021-09-22,778,9413,10191
321,2021-09-23,711,9764,10475
321,2021-09-24,678,9500,10178
321,2021-09-25,285,6738,7023
321,2021-09-26,60,3645,3705
321,2021-09-27,644,8851,9495
321,2021-09-28,632,9657,10289
321,2021-09-29,652,9070,9722
321,2021-09-30,796,11115,11911
321,2021-10-01,756,10521,11277
321,2021-10-02,234,5648,5882
321,2021-10-03,78,3175,3253
321,2021-10-04,641,9011,9652
321,2021-10-05,645,8178,8823
321,2021-10-06,656,9205,9861
321,2021-10-07,741,10002,10743
321,2021-10-08,648,9763,10411
321,2021-10-09,335,6826,7161
321,2021-10-10,145,5581,5726
321,2021-10-11,623,9164,9787
321,2021-10-12,695,9660,10355
321,2021-10-13,684,9494,10178
321,2021-10-14,690,9999,10689
321,2021-10-15,749,9999,10748
321,2021-10-16,319,6008,6327
321,2021-10-17,91,4026,4117
321,2021-10-18,647,9047,9694
321,2021-10-19,591,9725,10316
321,2021-10-20,611,9025,9636
321,2021-11-14,64,3560,3624
321,2021-11-15,685,8953,9638
321,2021-11-16,617,9897,10514
321,2021-11-17,755,9748,10503
321,2021-11-18,679,10168,10847
321,2021-11-19,687,9280,9967
321,2021-11-20,286,5433,5719
321,2021-11-21,53,3382,3435
321,2021-11-22,663,9045,9708
321,2021-11-23,703,9853,10556
321,2021-11-24,727,9622,10349
321,2021-11-25,739,10039,10778
321,2021-11-26,682,9610,10292
321,2021-11-27,254,5120,5374
321,2021-11-28,73,3279,3352
321,2021-11-29,702,9211,9913
321,2021-11-30,678,9857,10535
321,2021-12-01,678,9920,10598
321,2021-12-02,690,9839,10529
321,2021-12-03,660,9593,10253
321,2021-12-04,242,5336,5578
321,2021-12-05,55,3482,3537
321,2021-12-06,602,8592,9194
321,2021-12-07,666,9616,10282
321,2021-12-08,682,9453,10135
321,2021-12-09,718,9491,10209
321,2021-12-10,605,8822,9427
321,2021-12-11,259,5266,5525
321,2021-12-12,79,3320,3399
321,2021-12-13,613,8645,9258
321,2021-12-14,701,9025,9726
321,2021-12-15,691,8990,9681
321,2021-12-16,624,9370,9994
321,2021-12-17,610,9383,9993
321,2021-12-18,233,4896,5129
321,2021-12-19,83,2998,3081
321,2021-12-20,426,7215,7641
321,2021-12-21,461,7885,8346
321,2021-12-22,487,7356,7843
321,2021-12-23,419,7248,7667
321,2021-12-24,299,5755,6054
321,2021-12-25,46,2716,2762
321,2021-12-26,42,2494,2536
321,2021-12-27,316,5169,5485
321,2021-12-28,329,5683,6012
321,2021-12-29,323,5898,6221
321,2021-12-30,345,6120,6465
321,2021-12-31,279,5346,5625
322,2021-01-01,40,3381,3421
322,2021-01-02,155,5764,5919
322,2021-01-03,71,4275,4346
322,2021-01-04,380,8637,9017
322,2021-01-05,398,9084,9482
322,2021-01-06,395,9050,9445
322,2021-01-07,404,9671,10075
322,2021-01-08,423,10140,10563
322,2021-01-09,218,7218,7436
322,2021-01-10,65,5097,5162
322,2021-01-11,454,9661,10115
322,2021-01-12,517,11545,12062
322,2021-01-13,558,11295,11853
322,2021-01-14,477,10620,11097
322,2021-01-15,472,11078,11550
322,2021-01-16,210,8524,8734
322,2021-01-17,79,4867,4946
322,2021-01-18,599,10731,11330
322,2021-01-19,545,10975,11520
322,2021-01-20,654,11364,12018
322,2021-01-21,554,11254,11808
322,2021-01-22,577,12462,13039
322,2021-01-23,194,8436,8630
322,2021-01-24,70,5128,5198
322,2021-01-25,649,10965,11614
322,2021-01-26,666,11716,12382
322,2021-01-27,457,10139,10596
322,2021-01-28,530,11493,12023
322,2021-01-29,528,11812,12340
322,2021-01-30,267,8862,9129
322,2021-01-31,115,5123,5238
322,2021-02-01,589,11123,11712
322,2021-02-02,610,11479,12089
322,2021-02-03,549,10855,11404
322,2021-02-04,694,11571,12265
322,2021-02-05,590,12145,12735
322,2021-02-06,279,8454,8733
322,2021-02-07,135,5030,5165
322,2021-02-08,518,10881,11399
322,2021-02-09,612,10833,11445
322,2021-02-10,582,11305,11887
322,2021-02-11,604,11426,12030
322,2021-02-16,621,11616,12237
322,2021-02-17,565,11012,11577
322,2021-02-18,567,11362,11929
322,2021-02-19,558,11936,12494
322,2021-02-20,217,8870,9087
322,2021-02-21,74,5878,5952
322,2021-02-22,616,11188,11804
322,2021-02-23,656,12207,12863
322,2021-02-24,638,11451,12089
322,2021-02-25,628,12005,12633
322,2021-02-26,644,12027,12671
322,2021-02-27,374,9726,10100
322,2021-02-28,150,6006,6156
322,2021-03-01,658,10985,11643
322,2021-03-02,615,10658,11273
322,2021-03-03,733,10961,11694
322,2021-03-04,649,10880,11529
322,2021-03-05,757,12126,12883
322,2021-03-06,358,9381,9739
322,2021-03-07,145,5647,5792
322,2021-03-08,1002,11023,12025
322,2021-03-09,677,11960,12637
322,2021-03-10,616,11315,11931
322,2021-03-11,613,11300,11913
322,2021-03-12,693,11537,12230
322,2021-03-13,292,8201,8493
322,2021-03-14,151,5238,5389
322,2021-03-15,694,11565,12259
322,2021-03-16,578,11690,12268
322,2021-03-17,593,11293,11886
322,2021-03-18,570,11156,11726
322,2021-03-19,794,12658,13452
322,2021-03-20,355,9431,9786
322,2021-03-21,148,5581,5729
322,2021-03-22,615,10885,11500
322,2021-03-23,732,11855,12587
322,2021-03-24,645,11802,12447
322,2021-03-25,651,11971,12622
322,2021-03-26,880,12728,13608
322,2021-03-27,262,9237,9499
322,2021-03-29,665,11367,12032
322,2021-03-30,720,12686,13406
322,2021-03-31,718,12420,13138
322,2021-04-01,720,13271,13991
322,2021-04-02,743,13802,14545
322,2021-04-03,547,10027,10574
322,2021-04-04,347,5680,6027
322,2021-04-05,280,4628,4908
322,2021-04-06,907,11956,12863
322,2021-04-07,958,11249,12207
322,2021-04-08,909,11762,12671
322,2021-04-09,1008,12198,13206
322,2021-04-10,333,8094,8427
322,2021-04-11,150,4624,4774
322,2021-04-12,861,11289,12150
322,2021-04-13,1109,11778,12887
322,2021-04-14,1145,11432,12577
322,2021-04-15,1051,11860,12911
322,2021-04-16,1341,11658,12999
322,2021-04-17,434,9207,9641
322,2021-04-18,186,5294,5480
322,2021-04-19,647,11033,11680
322,2021-04-20,581,11826,12407
322,2021-04-21,604,11985,12589
322,2021-04-22,606,12690,13296
322,2021-04-23,578,12490,13068
322,2021-04-24,384,9849,10233
322,2021-04-25,148,6089,6237
322,2021-04-26,943,10632,11575
322,2021-04-27,553,11221,11774
322,2021-04-28,814,12052,12866
322,2021-04-29,668,12614,13282
322,2021-04-30,729,13330,14059
322,2021-05-01,85,6078,6163
322,2021-05-02,93,6104,6197
322,2021-05-03,768,11746,12514
322,2021-05-04,699,12106,12805
322,2021-05-05,627,11731,12358
322,2021-05-06,558,12383,12941
322,2021-05-07,600,12620,13220
322,2021-05-08,268,10000,10268
322,2021-05-09,77,6359,6436
322,2021-05-10,619,10689,11308
322,2021-05-11,693,11550,12243
322,2021-05-12,562,12860,13422
322,2021-05-13,89,5847,5936
322,2021-05-14,478,11177,11655
322,2021-05-15,388,9265,9653
322,2021-05-16,154,5716,5870
322,2021-05-17,650,10991,11641
322,2021-05-18,584,11520,12104
322,2021-05-19,724,11770,12494
322,2021-05-20,634,11748,12382
322,2021-05-21,897,13863,14760
322,2021-05-22,474,9900,10374
322,2021-05-23,175,5468,5643
322,2021-05-24,81,4411,4492
322,2021-05-25,605,11109,11714
322,2021-05-26,564,11151,11715
322,2021-05-27,599,11856,12455
322,2021-05-28,590,12522,13112
322,2021-05-29,279,9476,9755
322,2021-05-30,83,6387,6470
322,2021-05-31,600,11970,12570
322,2021-06-01,683,12547,13230
322,2021-06-02,611,11254,11865
322,2021-06-03,661,12789,13450
322,2021-06-04,713,12681,13394
322,2021-06-05,246,10014,10260
322,2021-06-06,71,6224,6295
322,2021-06-07,618,11467,12085
322,2021-06-08,685,12747,13432
322,2021-06-09,699,12494,13193
322,2021-06-10,705,12873,13578
322,2021-06-11,681,13304,13985
322,2021-06-12,310,10181,10491
322,2021-06-13,136,7769,7905
322,2021-06-14,693,11966,12659
322,2021-06-15,606,13027,13633
322,2021-06-16,657,12580,13237
322,2021-06-17,612,13314,13926
322,2021-06-18,723,13706,14429
322,2021-06-19,367,10212,10579
322,2021-06-20,166,6734,6900
322,2021-06-21,628,11957,12585
322,2021-06-22,568,13055,13623
322,2021-06-23,174,5860,6034
322,2021-06-24,643,12136,12779
322,2021-06-25,592,13360,13952
322,2021-06-26,266,8750,9016
322,2021-06-27,84,6107,6191
322,2021-06-28,601,11823,12424
322,2021-06-29,575,10424,10999
322,2021-06-30,688,10868,11556
322,2021-07-01,736,12654,13390
322,2021-07-02,611,13120,13731
322,2021-07-03,222,10018,10240
322,2021-07-04,88,6346,6434
322,2021-07-05,673,11409,12082
322,2021-07-06,648,12441,13089
322,2021-07-07,670,12622,13292
322,2021-07-08,755,12654,13409
322,2021-07-09,741,12831,13572
322,2021-07-10,292,9208,9500
322,2021-07-11,88,6912,7000
322,2021-07-12,566,11782,12348
322,2021-07-13,481,10371,10852
322,2021-07-14,571,11318,11889
322,2021-07-15,289,7637,7926
322,2021-07-16,527,12601,13128
322,2021-07-17,268,9754,10022
322,2021-07-18,87,6882,6969
322,2021-07-19,511,11386,11897
322,2021-07-20,576,11941,12517
322,2021-07-21,628,11665,12293
322,2021-07-22,580,11821,12401
322,2021-07-23,618,12257,12875
322,2021-07-24,323,8561,8884
322,2021-07-25,116,5994,6110
322,2021-07-26,545,10863,11408
322,2021-07-27,588,10769,11357
322,2021-07-28,565,11686,12251
322,2021-07-29,458,11997,12455
322,2021-07-30,401,11674,12075
322,2021-07-31,239,8573,8812
322,2021-08-01,103,6172,6275
322,2021-08-02,395,9155,9550
322,2021-08-03,370,9720,10090
322,2021-08-04,383,9910,10293
322,2021-08-05,381,9782,10163
322,2021-08-06,363,9901,10264
322,2021-08-07,208,7801,8009
322,2021-08-08,96,5496,5592
322,2021-08-09,369,8534,8903
322,2021-08-10,367,9265,9632
322,2021-08-11,374,9336,9710
322,2021-08-12,393,9456,9849
322,2021-08-13,383,9825,10208
322,2021-08-14,198,7531,7729
322,2021-08-15,289,5637,5926
322,2021-08-16,386,8669,9055
322,2021-08-17,376,8903,9279
322,2021-08-18,423,8756,9179
322,2021-08-19,400,8908,9308
322,2021-08-20,416,9749,10165
322,2021-08-21,446,7611,8057
322,2021-08-22,285,5325,5610
322,2021-08-23,459,9571,10030
322,2021-08-24,529,10600,11129
322,2021-08-25,564,10524,11088
322,2021-08-26,629,10556,11185
322,2021-08-27,560,11192,11752
322,2021-08-28,246,8335,8581
322,2021-08-29,171,6261,6432
322,2021-08-30,566,10570,11136
322,2021-08-31,555,10967,11522
322,2021-09-01,628,11376,12004
322,2021-09-02,574,11227,11801
322,2021-09-03,620,12149,12769
322,2021-09-04,273,8504,8777
322,2021-09-05,96,6349,6445
322,2021-09-06,582,10955,11537
322,2021-09-07,626,11630,12256
322,2021-09-08,549,11434,11983
322,2021-09-09,659,11612,12271
322,2021-09-10,578,12361,12939
322,2021-09-11,309,11254,11563
322,2021-09-12,111,6774,6885
322,2021-09-13,608,11687,12295
322,2021-09-14,627,12085,12712
322,2021-09-15,678,11724,12402
322,2021-09-16,639,12624,13263
322,2021-09-17,708,12348,13056
322,2021-09-18,439,9546,9985
322,2021-09-19,278,7378,7656
322,2021-09-20,795,11112,11907
322,2021-09-21,633,12120,12753
322,2021-09-22,712,12020,12732
322,2021-09-23,671,12262,12933
322,2021-09-24,649,13435,14084
322,2021-09-25,323,10210,10533
322,2021-09-26,194,7168,7362
322,2021-09-27,699,11521,12220
322,2021-09-28,732,12509,13241
322,2021-10-01,1048,11712,12760
322,2021-10-02,528,7250,7778
322,2021-10-03,230,4659,4889
322,2021-10-04,870,8648,9518
322,2021-10-05,899,8785,9684
322,2021-10-06,776,8865,9641
322,2021-10-07,838,9398,10236
322,2021-10-08,1042,9122,10164
322,2021-10-09,591,7505,8096
322,2021-10-10,331,4801,5132
322,2021-10-11,750,8597,9347
322,2021-10-12,714,9251,9965
322,2021-10-13,763,8886,9649
322,2021-10-14,840,9460,10300
322,2021-10-15,687,9423,10110
322,2021-10-16,470,7540,8010
322,2021-10-17,325,4950,5275
322,2021-10-18,704,8617,9321
322,2021-10-19,720,9051,9771
322,2021-10-20,694,8520,9214
322,2021-10-21,615,8152,8767
322,2021-10-22,678,9051,9729
322,2021-11-17,691,11546,12237
322,2021-11-18,764,12708,13472
322,2021-11-19,659,12763,13422
322,2021-11-20,272,9894,10166
322,2021-11-21,88,6453,6541
322,2021-11-22,628,11459,12087
322,2021-11-23,727,12555,13282
322,2021-11-24,621,11573,12194
322,2021-11-25,682,12663,13345
322,2021-11-26,734,13201,13935
322,2021-11-27,275,9738,10013
322,2021-11-28,89,6498,6587
322,2021-11-29,655,11358,12013
322,2021-11-30,665,12246,12911
322,2021-12-01,583,12257,12840
322,2021-12-02,610,11148,11758
322,2021-12-03,680,12774,13454
322,2021-12-04,248,9503,9751
322,2021-12-05,103,6490,6593
322,2021-12-06,645,11398,12043
322,2021-12-07,664,12075,12739
322,2021-12-08,720,11992,12712
322,2021-12-09,689,12097,12786
322,2021-12-10,364,7911,8275
322,2021-12-11,275,10013,10288
322,2021-12-12,101,6219,6320
322,2021-12-13,668,11585,12253
322,2021-12-14,638,11667,12305
322,2021-12-15,677,12207,12884
322,2021-12-16,620,13220,13840
322,2021-12-17,554,14182,14736
322,2021-12-18,230,9359,9589
322,2021-12-19,93,6236,6329
322,2021-12-20,415,10588,11003
322,2021-12-21,430,11195,11625
322,2021-12-22,418,11347,11765
322,2021-12-23,389,11259,11648
322,2021-12-24,278,8985,9263
322,2021-12-25,62,4816,4878
322,2021-12-26,77,4860,4937
322,2021-12-27,303,7689,7992
322,2021-12-28,311,7600,7911
322,2021-12-29,274,7771,8045
322,2021-12-30,280,8230,8510
322,2021-12-31,292,8134,8426
324,2021-01-01,23,4457,4480
324,2021-01-02,111,7103,7214
324,2021-01-03,42,5588,5630
324,2021-01-04,518,10469,10987
324,2021-01-05,660,10889,11549
324,2021-01-06,646,11037,11683
324,2021-01-07,743,11159,11902
324,2021-01-08,757,12021,12778
324,2021-01-09,165,8875,9040
324,2021-01-10,63,6424,6487
324,2021-01-11,769,12284,13053
324,2021-01-12,733,11851,12584
324,2021-01-13,762,12170,12932
324,2021-01-14,704,10949,11653
324,2021-01-15,537,11155,11692
324,2021-01-16,158,8827,8985
324,2021-01-17,45,5573,5618
324,2021-01-18,744,12192,12936
324,2021-01-19,752,12096,12848
324,2021-01-20,830,12597,13427
324,2021-01-21,802,12410,13212
324,2021-01-22,786,13088,13874
324,2021-01-23,134,9834,9968
324,2021-01-24,45,6207,6252
324,2021-01-25,787,12096,12883
324,2021-01-26,932,12571,13503
324,2021-01-27,824,12065,12889
324,2021-01-28,752,12363,13115
324,2021-01-29,750,13079,13829
324,2021-01-30,193,9900,10093
324,2021-01-31,44,6298,6342
324,2021-02-01,752,12362,13114
324,2021-02-02,787,13023,13810
324,2021-02-03,787,12455,13242
324,2021-02-04,825,12881,13706
324,2021-02-05,814,13358,14172
324,2021-02-06,122,9777,9899
324,2021-02-07,35,6304,6339
324,2021-02-08,759,11559,12318
324,2021-02-09,812,11647,12459
324,2021-02-10,784,11617,12401
324,2021-02-11,798,11974,12772
324,2021-02-12,733,12544,13277
324,2021-02-13,165,9777,9942
324,2021-02-14,45,6447,6492
324,2021-02-15,683,11527,12210
324,2021-02-16,693,12293,12986
324,2021-02-17,805,11886,12691
324,2021-02-18,806,11985,12791
324,2021-02-19,835,12863,13698
324,2021-02-20,216,10099,10315
324,2021-02-21,53,7450,7503
324,2021-02-22,1119,13424,14543
324,2021-02-23,1150,13914,15064
324,2021-02-24,1073,13800,14873
324,2021-02-25,862,14029,14891
324,2021-02-26,843,14142,14985
324,2021-02-27,187,11746,11933
324,2021-02-28,43,7629,7672
324,2021-03-01,1057,13725,14782
324,2021-03-02,1121,13655,14776
324,2021-03-03,968,13662,14630
324,2021-03-04,841,13683,14524
324,2021-03-05,923,14428,15351
324,2021-03-06,194,11499,11693
324,2021-03-07,40,7669,7709
324,2021-03-08,1150,13419,14569
324,2021-03-09,1179,13799,14978
324,2021-03-10,931,13721,14652
324,2021-03-11,974,13687,14661
324,2021-03-12,936,14032,14968
324,2021-03-13,231,10884,11115
324,2021-03-14,43,6961,7004
324,2021-03-15,1139,13494,14633
324,2021-03-16,1157,13516,14673
324,2021-03-17,866,13741,14607
324,2021-03-18,1322,13624,14946
324,2021-03-19,1279,14538,15817
324,2021-03-20,214,11666,11880
324,2021-03-21,45,7241,7286
324,2021-03-22,1471,13535,15006
324,2021-03-23,1472,13608,15080
324,2021-03-24,1275,13864,15139
324,2021-03-25,1283,13992,15275
324,2021-03-26,1160,14316,15476
324,2021-03-27,200,11395,11595
324,2021-03-29,1353,13446,14799
324,2021-03-30,1320,14453,15773
324,2021-03-31,1214,14610,15824
324,2021-04-01,1155,14894,16049
324,2021-04-02,844,12973,13817
324,2021-04-03,200,11129,11329
324,2021-04-04,40,7441,7481
324,2021-04-05,35,6293,6328
324,2021-04-06,1032,13007,14039
324,2021-04-07,1098,12988,14086
324,2021-04-08,1150,13622,14772
324,2021-04-09,1239,13872,15111
324,2021-04-10,190,10514,10704
324,2021-04-11,32,6515,6547
324,2021-04-12,1317,13104,14421
324,2021-04-13,1442,13238,14680
324,2021-04-14,1146,13334,14480
324,2021-04-15,1177,13504,14681
324,2021-04-16,1195,14025,15220
324,2021-04-17,191,11507,11698
324,2021-04-18,50,7352,7402
324,2021-04-19,890,13485,14375
324,2021-04-20,1066,13730,14796
324,2021-04-21,972,13839,14811
324,2021-04-22,947,13382,14329
324,2021-04-23,928,15044,15972
324,2021-04-24,212,12169,12381
324,2021-04-25,39,8130,8169
324,2021-04-26,1373,13589,14962
324,2021-04-27,1420,14193,15613
324,2021-04-28,1417,14036,15453
324,2021-04-29,1381,14233,15614
324,2021-04-30,1354,15327,16681
324,2021-05-01,55,8487,8542
324,2021-05-02,41,7970,8011
324,2021-05-03,1303,13926,15229
324,2021-05-04,1282,13519,14801
324,2021-05-05,1268,13900,15168
324,2021-05-06,1267,13620,14887
324,2021-05-07,1046,14741,15787
324,2021-05-08,241,11843,12084
324,2021-05-09,35,8094,8129
324,2021-05-10,909,13795,14704
324,2021-05-11,1043,14652,15695
324,2021-05-12,1143,15619,16762
324,2021-05-13,49,7991,8040
324,2021-05-14,578,13125,13703
324,2021-05-15,157,10474,10631
324,2021-05-16,37,8012,8049
324,2021-05-17,1043,14762,15805
324,2021-05-18,893,14800,15693
324,2021-05-19,951,15265,16216
324,2021-05-20,1112,15680,16792
324,2021-05-21,1189,16202,17391
324,2021-05-22,233,12481,12714
324,2021-05-23,48,8418,8466
324,2021-05-24,47,7131,7178
324,2021-05-25,1026,14221,15247
324,2021-05-26,1027,14181,15208
324,2021-05-27,1063,14886,15949
324,2021-05-28,1054,15114,16168
324,2021-05-29,246,12822,13068
324,2021-05-30,43,9591,9634
324,2021-05-31,1243,15397,16640
324,2021-06-01,1248,15996,17244
324,2021-06-02,1291,15726,17017
324,2021-06-03,1057,15644,16701
324,2021-06-04,1215,15117,16332
324,2021-06-05,242,12348,12590
324,2021-06-06,55,7999,8054
324,2021-06-07,1143,15546,16689
324,2021-06-08,1193,16100,17293
324,2021-06-09,1080,16219,17299
324,2021-06-10,965,16668,17633
324,2021-06-11,990,17350,18340
324,2021-06-12,210,13997,14207
324,2021-06-13,53,10380,10433
324,2021-06-14,179,1695,1874
324,2021-06-15,29,847,876
324,2021-06-16,544,8502,9046
324,2021-06-17,1032,14693,15725
324,2021-06-18,839,16255,17094
324,2021-06-19,201,13123,13324
324,2021-06-20,49,9970,10019
324,2021-06-21,875,15226,16101
324,2021-06-22,1133,16566,17699
324,2021-06-23,214,8948,9162
324,2021-06-24,1014,15612,16626
324,2021-06-25,1062,16523,17585
324,2021-06-26,196,13289,13485
324,2021-06-27,48,9859,9907
324,2021-06-28,1150,15612,16762
324,2021-06-29,1181,15985,17166
324,2021-06-30,1202,16057,17259
324,2021-07-01,1124,16450,17574
324,2021-07-02,941,17285,18226
324,2021-07-03,242,14429,14671
324,2021-07-04,62,9597,9659
324,2021-07-05,1203,15936,17139
324,2021-07-06,1185,16538,17723
324,2021-07-07,1297,16985,18282
324,2021-07-08,1083,16572,17655
324,2021-07-09,923,17050,17973
324,2021-07-10,196,13612,13808
324,2021-07-11,48,9612,9660
324,2021-07-12,1017,15540,16557
324,2021-07-13,878,15365,16243
324,2021-07-14,708,14691,15399
324,2021-07-15,803,14940,15743
324,2021-07-16,873,15920,16793
324,2021-07-17,219,12996,13215
324,2021-07-18,54,9571,9625
324,2021-07-19,1002,14079,15081
324,2021-07-20,1068,14956,16024
324,2021-07-21,1015,14490,15505
324,2021-07-22,826,14788,15614
324,2021-07-23,800,15137,15937
324,2021-07-24,219,11523,11742
324,2021-07-25,67,8479,8546
324,2021-07-26,965,13798,14763
324,2021-07-27,1035,13944,14979
324,2021-07-28,838,14090,14928
324,2021-07-29,839,14039,14878
324,2021-07-30,666,13800,14466
324,2021-07-31,127,10223,10350
324,2021-08-01,63,7626,7689
324,2021-08-02,480,11307,11787
324,2021-08-03,455,11391,11846
324,2021-08-04,477,11437,11914
324,2021-08-05,510,11380,11890
324,2021-08-06,498,11669,12167
324,2021-08-07,122,8978,9100
324,2021-08-08,37,6622,6659
324,2021-08-09,314,10799,11113
324,2021-08-10,340,11227,11567
324,2021-08-11,411,11307,11718
324,2021-08-12,369,11460,11829
324,2021-08-13,384,11506,11890
324,2021-08-14,124,9217,9341
324,2021-08-15,34,7091,7125
324,2021-08-16,533,10428,10961
324,2021-08-17,586,10790,11376
324,2021-08-18,638,10940,11578
324,2021-08-19,595,11086,11681
324,2021-08-20,552,12153,12705
324,2021-08-21,142,9249,9391
324,2021-08-22,61,7366,7427
324,2021-08-23,676,12195,12871
324,2021-08-24,752,12793,13545
324,2021-08-25,804,12728,13532
324,2021-08-26,860,13322,14182
324,2021-08-27,774,13145,13919
324,2021-08-28,146,10629,10775
324,2021-08-29,48,6976,7024
324,2021-08-30,1043,12815,13858
324,2021-08-31,1077,13317,14394
324,2021-09-01,1105,13210,14315
324,2021-09-02,1078,13362,14440
324,2021-09-03,838,13601,14439
324,2021-09-04,167,8413,8580
324,2021-09-05,56,6470,6526
324,2021-09-06,1053,13263,14316
324,2021-09-07,1053,14343,15396
324,2021-09-08,1094,14638,15732
324,2021-09-09,1134,15235,16369
324,2021-09-10,915,15239,16154
324,2021-09-11,228,12903,13131
324,2021-09-12,48,9316,9364
324,2021-09-13,1051,15328,16379
324,2021-09-14,961,15580,16541
324,2021-09-15,1037,15319,16356
324,2021-09-16,939,16101,17040
324,2021-09-17,862,16924,17786
324,2021-09-18,178,13453,13631
324,2021-09-19,50,9465,9515
324,2021-09-20,806,15801,16607
324,2021-09-21,806,16143,16949
324,2021-09-22,856,15988,16844
324,2021-09-23,896,15962,16858
324,2021-09-24,886,17120,18006
324,2021-09-25,209,14183,14392
324,2021-09-26,47,9574,9621
324,2021-09-27,1047,15615,16662
324,2021-09-28,1062,15882,16944
324,2021-09-29,1119,14302,15421
324,2021-09-30,1122,14169,15291
324,2021-10-01,847,15039,15886
324,2021-10-02,356,15721,16077
324,2021-10-03,43,9295,9338
324,2021-10-04,973,15508,16481
324,2021-10-05,1068,15983,17051
324,2021-10-06,1026,15774,16800
324,2021-10-07,1060,16673,17733
324,2021-10-08,841,17040,17881
324,2021-10-09,176,14172,14348
324,2021-10-10,55,10024,10079
324,2021-10-11,956,15666,16622
324,2021-10-12,1108,16094,17202
324,2021-10-13,1108,16134,17242
324,2021-10-14,1176,16465,17641
324,2021-10-15,1093,17601,18694
324,2021-10-16,167,14157,14324
324,2021-10-17,59,9990,10049
324,2021-10-18,1161,15773,16934
324,2021-10-19,1070,16407,17477
324,2021-10-20,1119,16023,17142
324,2021-10-21,1047,16056,17103
324,2021-10-22,940,17474,18414
324,2021-10-23,231,16381,16612
324,2021-10-24,55,10146,10201
324,2021-10-25,1148,15751,16899
324,2021-10-26,1159,16501,17660
324,2021-10-27,1145,16432,17577
324,2021-10-28,1107,16755,17862
324,2021-10-29,929,17750,18679
324,2021-10-30,176,13311,13487
324,2021-11-01,45,8298,8343
324,2021-11-02,1140,15499,16639
324,2021-11-03,941,15216,16157
324,2021-11-04,877,15411,16288
324,2021-11-05,911,16217,17128
324,2021-11-06,275,13438,13713
324,2021-11-07,42,8944,8986
324,2021-11-08,952,15360,16312
324,2021-11-09,1033,16026,17059
324,2021-11-10,1099,16076,17175
324,2021-11-11,843,16651,17494
324,2021-11-12,784,16888,17672
324,2021-11-13,196,14371,14567
324,2021-11-14,58,9833,9891
324,2021-11-15,957,15700,16657
324,2021-11-16,1004,16229,17233
324,2021-11-17,1015,14913,15928
324,2021-11-18,941,16606,17547
324,2021-11-19,905,17159,18064
324,2021-11-20,289,14422,14711
324,2021-11-21,49,9639,9688
324,2021-11-22,1073,15872,16945
324,2021-11-23,1185,16315,17500
324,2021-11-24,1205,16184,17389
324,2021-11-25,1133,16802,17935
324,2021-11-26,1134,17184,18318
324,2021-11-27,310,14269,14579
324,2021-11-28,49,10091,10140
324,2021-11-29,1042,15707,16749
324,2021-11-30,1062,15871,16933
324,2021-12-01,1110,15752,16862
324,2021-12-02,1026,16468,17494
324,2021-12-03,840,17117,17957
324,2021-12-04,165,14012,14177
324,2021-12-05,59,10075,10134
324,2021-12-06,987,15519,16506
324,2021-12-07,1057,16105,17162
324,2021-12-08,1006,16159,17165
324,2021-12-09,827,16581,17408
324,2021-12-10,726,16645,17371
324,2021-12-11,192,14561,14753
324,2021-12-12,53,11073,11126
324,2021-12-13,779,16176,16955
324,2021-12-14,824,16702,17526
324,2021-12-15,824,16703,17527
324,2021-12-16,813,16933,17746
324,2021-12-17,704,17784,18488
324,2021-12-18,142,13588,13730
324,2021-12-19,68,9456,9524
324,2021-12-20,607,14650,15257
324,2021-12-21,666,14833,15499
324,2021-12-22,629,14769,15398
324,2021-12-23,552,14616,15168
324,2021-12-24,203,12405,12608
324,2021-12-25,31,6966,6997
324,2021-12-26,35,6532,6567
324,2021-12-27,374,11186,11560
324,2021-12-28,415,11806,12221
324,2021-12-29,419,12249,12668
324,2021-12-30,318,12671,12989
324,2021-12-31,198,12179,12377
325,2021-01-01,31,2309,2340
325,2021-01-02,171,3892,4063
325,2021-01-03,44,3087,3131
325,2021-01-04,301,4842,5143
325,2021-01-05,304,4892,5196
325,2021-01-07,316,5064,5380
325,2021-01-08,320,5276,5596
325,2021-01-09,193,4835,5028
325,2021-01-10,54,3722,3776
325,2021-01-11,378,7438,7816
325,2021-01-12,352,5174,5526
325,2021-01-13,342,5320,5662
325,2021-01-14,351,7671,8022
325,2021-01-15,362,8105,8467
325,2021-01-16,198,6429,6627
325,2021-01-17,51,4247,4298
325,2021-01-18,382,7575,7957
325,2021-01-19,376,5548,5924
325,2021-01-20,378,7647,8025
325,2021-01-21,370,5332,5702
325,2021-01-22,394,5902,6296
325,2021-01-23,253,6806,7059
325,2021-01-24,53,4793,4846
325,2021-01-25,381,7432,7813
325,2021-01-26,424,7596,8020
325,2021-01-28,354,5814,6168
325,2021-01-29,378,6328,6706
325,2021-01-30,232,5104,5336
325,2021-01-31,48,4587,4635
325,2021-02-01,380,7625,8005
325,2021-02-02,408,6402,6810
325,2021-02-03,352,5674,6026
325,2021-02-04,378,7811,8189
325,2021-02-05,388,8444,8832
325,2021-02-06,232,6729,6961
325,2021-02-07,42,3772,3814
325,2021-02-08,346,7026,7372
325,2021-02-09,367,7023,7390
325,2021-02-11,347,7388,7735
325,2021-02-12,365,7635,8000
325,2021-02-13,258,6916,7174
325,2021-02-14,71,5216,5287
325,2021-02-15,384,6872,7256
325,2021-02-16,366,5642,6008
325,2021-02-17,378,6975,7353
325,2021-02-18,376,5608,5984
325,2021-02-19,354,7822,8176
325,2021-02-20,262,7342,7604
325,2021-02-21,49,5708,5757
325,2021-02-22,375,7868,8243
325,2021-02-23,364,8211,8575
325,2021-02-24,372,8130,8502
325,2021-02-25,379,7953,8332
325,2021-02-26,375,8536,8911
325,2021-02-27,257,7820,8077
325,2021-02-28,63,5768,5831
325,2021-03-01,368,7755,8123
325,2021-03-02,387,7884,8271
325,2021-03-04,352,4900,5252
325,2021-03-05,391,8604,8995
325,2021-03-06,266,8001,8267
325,2021-03-07,57,5501,5558
325,2021-03-08,387,8028,8415
325,2021-03-09,400,7775,8175
325,2021-03-10,411,7794,8205
325,2021-03-11,340,4680,5020
325,2021-03-12,346,5032,5378
325,2021-03-13,214,4612,4826
325,2021-03-14,42,3458,3500
325,2021-03-15,384,4908,5292
325,2021-03-16,373,8159,8532
325,2021-03-17,384,7693,8077
325,2021-03-18,744,11404,12148
325,2021-03-19,780,11976,12756
325,2021-03-20,522,15404,15926
325,2021-03-21,114,10406,10520
325,2021-03-22,788,10516,11304
325,2021-03-23,786,15572,16358
325,2021-03-24,766,15700,16466
325,2021-03-25,818,15736,16554
325,2021-03-26,810,17834,18644
325,2021-03-27,476,9584,10060
325,2021-03-29,746,15872,16618
325,2021-03-30,750,16498,17248
325,2021-03-31,794,16580,17374
325,2021-04-02,760,18586,19346
325,2021-04-03,510,16024,16534
325,2021-04-04,114,10564,10678
325,2021-04-05,96,5440,5536
325,2021-04-06,758,14860,15618
325,2021-04-07,790,14672,15462
325,2021-04-09,388,8297,8685
325,2021-04-10,236,4716,4952
325,2021-04-11,44,3116,3160
325,2021-04-12,383,7445,7828
325,2021-04-13,374,7806,8180
325,2021-04-14,368,7709,8077
325,2021-04-16,370,8302,8672
325,2021-04-17,260,7452,7712
325,2021-04-18,62,5215,5277
325,2021-04-19,358,4922,5280
325,2021-04-20,420,8313,8733
325,2021-04-21,383,8189,8572
325,2021-04-22,360,8792,9152
325,2021-04-23,408,9236,9644
325,2021-04-24,250,8559,8809
325,2021-04-25,57,6189,6246
325,2021-04-26,377,8314,8691
325,2021-04-27,415,8576,8991
325,2021-04-28,411,8455,8866
325,2021-04-30,421,9898,10319
325,2021-05-01,72,6006,6078
325,2021-05-02,63,6057,6120
325,2021-05-03,400,8501,8901
325,2021-05-04,382,5392,5774
325,2021-05-05,360,5240,5600
325,2021-05-07,413,9378,9791
325,2021-05-08,246,8091,8337
325,2021-05-09,57,6058,6115
325,2021-05-10,358,5290,5648
325,2021-05-11,348,5392,5740
325,2021-05-12,377,8494,8871
325,2021-05-13,55,4823,4878
325,2021-05-14,354,7146,7500
325,2021-05-15,232,6236,6468
325,2021-05-16,48,3696,3744
325,2021-05-17,368,5120,5488
325,2021-05-18,346,5098,5444
325,2021-05-19,382,5226,5608
325,2021-05-21,364,5594,5958
325,2021-05-22,242,4734,4976
325,2021-05-23,46,3632,3678
325,2021-05-24,40,2962,3002
325,2021-05-25,322,4854,5176
325,2021-05-26,338,4708,5046
325,2021-05-27,363,7057,7420
325,2021-05-28,340,7599,7939
325,2021-05-29,246,6880,7126
325,2021-05-30,56,5446,5502
325,2021-05-31,356,7291,7647
325,2021-06-01,378,7502,7880
325,2021-06-02,366,5202,5568
325,2021-06-03,366,5240,5606
325,2021-06-04,326,5784,6110
325,2021-06-05,236,8669,8905
325,2021-06-06,49,5510,5559
325,2021-06-07,368,6991,7359
325,2021-06-08,353,6836,7189
325,2021-06-09,359,6956,7315
325,2021-06-10,345,7012,7357
325,2021-06-11,359,7627,7986
325,2021-06-12,243,6915,7158
325,2021-06-13,53,5852,5905
325,2021-06-14,435,10846,11281
325,2021-06-15,480,11433,11913
325,2021-06-16,423,9384,9807
325,2021-07-09,336,7081,7417
325,2021-07-10,252,5564,5816
325,2021-07-11,69,5031,5100
325,2021-07-12,371,6404,6775
325,2021-07-13,338,5534,5872
325,2021-07-14,288,4936,5224
325,2021-07-15,345,6568,6913
325,2021-07-16,318,6711,7029
325,2021-07-17,251,6069,6320
325,2021-07-18,59,4964,5023
325,2021-07-19,330,6516,6846
325,2021-07-20,369,6823,7192
325,2021-07-21,347,6242,6589
325,2021-07-22,343,6095,6438
325,2021-07-23,351,6372,6723
325,2021-07-24,268,4778,5046
325,2021-07-25,54,3888,3942
325,2021-07-26,346,5024,5370
325,2021-07-27,354,4988,5342
325,2021-07-28,362,5266,5628
325,2021-07-30,322,5728,6050
325,2021-07-31,237,4777,5014
325,2021-08-01,58,3785,3843
325,2021-08-02,318,3950,4268
325,2021-08-03,324,4116,4440
325,2021-08-04,294,4559,4853
325,2021-08-05,302,4268,4570
325,2021-08-06,308,4364,4672
325,2021-08-07,232,3978,4210
325,2021-08-08,60,3042,3102
325,2021-08-09,299,4342,4641
325,2021-08-10,294,4297,4591
325,2021-08-11,302,4551,4853
325,2021-08-13,306,4738,5044
325,2021-08-14,242,4290,4532
325,2021-08-15,54,3475,3529
325,2021-08-16,300,3932,4232
325,2021-08-17,302,4070,4372
325,2021-08-18,300,4351,4651
325,2021-08-19,310,4606,4916
325,2021-08-20,307,4839,5146
325,2021-08-21,240,4070,4310
325,2021-08-22,58,3306,3364
325,2021-08-23,314,4892,5206
325,2021-08-24,324,5070,5394
325,2021-08-25,317,5352,5669
325,2021-08-26,331,5177,5508
325,2021-08-27,334,5546,5880
325,2021-08-28,248,4868,5116
325,2021-08-29,85,4759,4844
325,2021-08-30,343,5703,6046
325,2021-08-31,356,5942,6298
325,2021-09-01,329,5849,6178
325,2021-09-02,333,5953,6286
325,2021-09-03,361,6624,6985
325,2021-09-04,256,7576,7832
325,2021-09-05,60,5887,5947
325,2021-09-06,344,6133,6477
325,2021-09-07,341,5963,6304
325,2021-10-01,472,8461,8933
325,2021-10-02,108,5577,5685
325,2021-10-03,93,4438,4531
325,2021-10-04,447,5592,6039
325,2021-10-05,461,5784,6245
325,2021-10-06,446,5761,6207
325,2021-10-07,450,5945,6395
325,2021-10-08,431,6200,6631
325,2021-10-09,284,5946,6230
325,2021-10-10,89,4639,4728
325,2021-10-11,439,5862,6301
325,2021-10-12,471,5856,6327
325,2021-10-13,452,5717,6169
325,2021-10-14,450,5934,6384
325,2021-10-15,457,6431,6888
325,2021-10-16,296,5816,6112
325,2021-10-17,91,4561,4652
325,2021-10-18,436,5956,6392
325,2021-10-19,444,6004,6448
325,2021-10-20,461,5934,6395
325,2021-10-21,438,5596,6034
325,2021-10-22,433,6406,6839
325,2021-10-23,221,7015,7236
325,2021-10-24,84,4698,4782
325,2021-10-25,412,5706,6118
325,2021-10-26,432,6012,6444
325,2021-10-27,449,6133,6582
325,2021-10-28,460,6164,6624
325,2021-10-29,430,6543,6973
325,2021-10-30,277,5732,6009
325,2021-11-01,122,3712,3834
325,2021-11-02,446,5825,6271
325,2021-11-03,374,5594,5968
325,2021-11-04,426,5433,5859
325,2021-11-05,405,5754,6159
325,2021-11-06,296,5358,5654
325,2021-11-07,87,4227,4314
325,2021-11-08,466,5558,6024
325,2021-11-09,441,5700,6141
325,2021-11-10,466,5343,5809
325,2021-11-11,425,5210,5635
325,2021-11-12,464,5692,6156
325,2021-11-13,290,5218,5508
325,2021-11-14,89,3908,3997
325,2021-11-15,463,5096,5559
325,2021-11-16,429,5185,5614
325,2021-11-17,455,5023,5478
325,2021-11-18,454,5208,5662
325,2021-11-19,454,5461,5915
325,2021-11-20,290,5257,5547
325,2021-11-21,83,3761,3844
325,2021-11-22,423,4915,5338
325,2021-11-23,438,5209,5647
325,2021-11-24,419,4999,5418
325,2021-11-25,435,5387,5822
325,2021-11-26,450,5765,6215
325,2021-11-27,290,5013,5303
325,2021-11-28,94,3758,3852
325,2021-11-29,440,4974,5414
325,2021-11-30,442,5156,5598
325,2021-12-01,424,5252,5676
325,2021-12-02,456,5228,5684
325,2021-12-03,439,5534,5973
325,2021-12-04,283,4945,5228
325,2021-12-05,88,3785,3873
325,2021-12-06,446,4738,5184
325,2021-12-07,459,5163,5622
325,2021-12-08,444,5048,5492
325,2021-12-09,434,5133,5567
325,2021-12-10,320,4706,5026
325,2021-12-11,295,5214,5509
325,2021-12-12,81,3940,4021
325,2021-12-13,423,4945,5368
325,2021-12-14,427,4947,5374
325,2021-12-15,413,5077,5490
325,2021-12-16,422,5584,6006
325,2021-12-17,407,6272,6679
325,2021-12-18,281,5544,5825
325,2021-12-19,88,4020,4108
325,2021-12-20,381,5367,5748
325,2021-12-21,383,5547,5930
325,2021-12-22,376,5433,5809
325,2021-12-23,374,5806,6180
325,2021-12-24,310,5455,5765
325,2021-12-25,67,2968,3035
325,2021-12-26,70,2970,3040
325,2021-12-27,345,4419,4764
325,2021-12-28,369,4636,5005
325,2021-12-29,348,4707,5055
325,2021-12-30,325,5115,5440
325,2021-12-31,330,5087,5417
326,2021-01-01,59,1887,1946
326,2021-01-02,241,2990,3231
326,2021-01-03,75,2491,2566
326,2021-01-04,405,4471,4876
326,2021-01-05,443,4663,5106
326,2021-01-06,405,4596,5001
326,2021-01-07,428,4761,5189
326,2021-01-08,438,5045,5483
326,2021-01-09,265,3703,3968
326,2021-01-10,74,2938,3012
326,2021-01-11,605,6064,6669
326,2021-01-12,592,6089,6681
326,2021-01-13,629,5971,6600
326,2021-01-14,518,5724,6242
326,2021-01-15,506,6179,6685
326,2021-01-16,239,4235,4474
326,2021-01-17,78,2495,2573
326,2021-01-18,567,5821,6388
326,2021-01-19,568,6194,6762
326,2021-01-20,680,6160,6840
326,2021-01-21,679,6109,6788
326,2021-01-22,572,5458,6030
326,2021-01-23,241,4452,4693
326,2021-01-24,92,2899,2991
326,2021-01-25,608,5936,6544
326,2021-01-26,653,6171,6824
326,2021-01-27,559,5770,6329
326,2021-01-28,567,6189,6756
326,2021-01-29,635,6514,7149
326,2021-01-30,219,4326,4545
326,2021-01-31,80,3090,3170
326,2021-02-01,626,6007,6633
326,2021-02-02,650,6468,7118
326,2021-02-03,592,6207,6799
326,2021-02-04,686,6471,7157
326,2021-02-05,621,6434,7055
326,2021-02-06,243,4455,4698
326,2021-02-07,80,3089,3169
326,2021-02-08,563,5596,6159
326,2021-02-09,600,5779,6379
326,2021-02-10,609,5675,6284
326,2021-02-11,584,5883,6467
326,2021-02-12,590,6097,6687
326,2021-02-13,263,4662,4925
326,2021-02-14,88,3511,3599
326,2021-02-15,573,5343,5916
326,2021-02-16,580,6157,6737
326,2021-02-17,595,5891,6486
326,2021-02-18,618,6050,6668
326,2021-02-19,604,6621,7225
326,2021-02-20,293,5252,5545
326,2021-02-21,92,4987,5079
326,2021-02-22,668,6068,6736
326,2021-02-23,624,7104,7728
326,2021-02-24,695,6631,7326
326,2021-02-25,660,7037,7697
326,2021-02-26,698,6686,7384
326,2021-02-27,314,5215,5529
326,2021-02-28,88,4282,4370
326,2021-03-01,730,6543,7273
326,2021-03-02,622,6112,6734
326,2021-03-03,724,6852,7576
326,2021-03-04,753,6707,7460
326,2021-03-05,893,7219,8112
326,2021-03-06,327,5237,5564
326,2021-03-07,95,4088,4183
326,2021-03-08,694,6505,7199
326,2021-03-09,708,6796,7504
326,2021-03-10,722,6600,7322
326,2021-03-11,664,6521,7185
326,2021-03-12,729,7264,7993
326,2021-03-13,313,4575,4888
326,2021-03-14,80,3176,3256
326,2021-03-15,690,6139,6829
326,2021-03-16,677,6395,7072
326,2021-03-17,729,6482,7211
326,2021-03-18,748,6841,7589
326,2021-03-19,707,6798,7505
326,2021-03-20,396,5230,5626
326,2021-03-21,82,3432,3514
326,2021-03-22,705,6409,7114
326,2021-03-23,849,7438,8287
326,2021-03-24,956,7417,8373
326,2021-03-25,937,6922,7859
326,2021-03-26,729,7184,7913
326,2021-03-27,301,4702,5003
326,2021-03-29,684,7149,7833
326,2021-03-30,751,7690,8441
326,2021-03-31,735,7308,8043
326,2021-04-01,736,7704,8440
326,2021-04-02,722,7576,8298
326,2021-04-03,331,5236,5567
326,2021-04-04,91,3962,4053
326,2021-04-05,82,2846,2928
326,2021-04-06,681,6148,6829
326,2021-04-07,607,6141,6748
326,2021-04-08,701,6652,7353
326,2021-04-09,739,6704,7443
326,2021-04-10,263,4506,4769
326,2021-04-11,172,9528,9700
326,2021-04-12,702,7294,7996
326,2021-04-13,754,6611,7365
326,2021-04-14,686,7540,8226
326,2021-04-15,704,6644,7348
326,2021-04-16,702,6825,7527
326,2021-04-17,339,5501,5840
326,2021-04-18,85,3603,3688
326,2021-04-19,751,6603,7354
326,2021-04-20,771,7213,7984
326,2021-04-21,767,6932,7699
326,2021-04-22,782,7485,8267
326,2021-04-23,776,7483,8259
326,2021-04-24,316,6340,6656
326,2021-04-25,91,5138,5229
326,2021-04-26,712,7040,7752
326,2021-04-27,737,7416,8153
326,2021-04-28,694,7411,8105
326,2021-04-29,719,7523,8242
326,2021-04-30,766,7584,8350
326,2021-05-01,100,4504,4604
326,2021-05-02,97,4176,4273
326,2021-05-03,735,6932,7667
326,2021-05-04,666,7038,7704
326,2021-05-05,741,7039,7780
326,2021-05-06,723,7093,7816
326,2021-05-07,788,7379,8167
326,2021-05-08,315,5940,6255
326,2021-05-09,109,5581,5690
326,2021-05-10,737,6744,7481
326,2021-05-11,735,7040,7775
326,2021-05-12,802,7538,8340
326,2021-05-13,106,4113,4219
326,2021-05-14,590,6865,7455
326,2021-05-15,288,5165,5453
326,2021-05-16,88,3392,3480
326,2021-05-17,736,6839,7575
326,2021-05-18,728,7004,7732
326,2021-05-19,759,6944,7703
326,2021-05-20,787,7324,8111
326,2021-05-21,741,7462,8203
326,2021-05-22,435,6501,6936
326,2021-05-23,108,4673,4781
326,2021-05-24,91,3529,3620
326,2021-05-25,678,6273,6951
326,2021-05-26,656,6365,7021
326,2021-05-27,698,6571,7269
326,2021-05-28,698,7225,7923
326,2021-05-29,362,5932,6294
326,2021-05-30,115,5422,5537
326,2021-05-31,742,7283,8025
326,2021-06-01,792,7957,8749
326,2021-06-02,847,8361,9208
326,2021-06-03,729,7689,8418
326,2021-06-04,723,7346,8069
326,2021-06-05,292,5633,5925
326,2021-06-06,88,4237,4325
326,2021-06-07,682,7046,7728
326,2021-06-08,707,7591,8298
326,2021-06-09,759,7683,8442
326,2021-06-10,730,8081,8811
326,2021-06-11,710,8158,8868
326,2021-06-12,427,6542,6969
326,2021-06-13,145,5948,6093
326,2021-06-14,750,7303,8053
326,2021-06-15,749,7487,8236
326,2021-06-16,723,7517,8240
326,2021-06-17,703,7709,8412
326,2021-06-18,662,7511,8173
326,2021-06-19,379,6255,6634
326,2021-06-20,104,4345,4449
326,2021-06-21,662,6954,7616
326,2021-06-22,748,7314,8062
326,2021-06-23,119,4404,4523
326,2021-06-24,766,7021,7787
326,2021-06-25,715,7671,8386
326,2021-06-26,389,6375,6764
326,2021-06-27,117,4584,4701
326,2021-06-28,669,7158,7827
326,2021-06-29,789,7938,8727
326,2021-06-30,714,7553,8267
326,2021-07-01,754,7736,8490
326,2021-07-02,839,7963,8802
326,2021-07-03,310,6008,6318
326,2021-07-04,95,3847,3942
326,2021-07-05,690,7000,7690
326,2021-07-06,680,7205,7885
326,2021-07-07,727,7472,8199
326,2021-07-08,643,7422,8065
326,2021-07-09,682,7644,8326
326,2021-07-10,347,5944,6291
326,2021-07-11,90,4661,4751
326,2021-07-12,669,6773,7442
326,2021-07-13,514,6068,6582
326,2021-07-14,574,7136,7710
326,2021-07-15,826,7487,8313
326,2021-07-16,669,7148,7817
326,2021-07-17,332,5302,5634
326,2021-07-18,100,4925,5025
326,2021-07-19,634,6566,7200
326,2021-07-20,757,6724,7481
326,2021-07-21,672,6993,7665
326,2021-07-22,701,6828,7529
326,2021-07-23,741,7055,7796
326,2021-07-24,284,4539,4823
326,2021-07-25,105,4005,4110
326,2021-07-26,701,6174,6875
326,2021-07-27,666,6459,7125
326,2021-07-28,580,6612,7192
326,2021-07-29,570,6611,7181
326,2021-07-30,633,6872,7505
326,2021-07-31,358,4920,5278
326,2021-08-01,157,4168,4325
326,2021-08-02,447,5420,5867
326,2021-08-03,443,5366,5809
326,2021-08-04,439,5679,6118
326,2021-08-05,427,5532,5959
326,2021-08-06,458,5551,6009
326,2021-08-07,259,4257,4516
326,2021-08-08,99,3321,3420
326,2021-08-09,426,5188,5614
326,2021-08-10,434,5322,5756
326,2021-08-11,476,5512,5988
326,2021-08-12,468,5963,6431
326,2021-08-13,551,5837,6388
326,2021-08-14,319,4890,5209
326,2021-08-15,142,4409,4551
326,2021-08-16,439,5123,5562
326,2021-08-17,497,5091,5588
326,2021-08-18,462,5137,5599
326,2021-08-19,499,5371,5870
326,2021-08-20,448,5892,6340
326,2021-08-21,294,4759,5053
326,2021-08-22,95,3461,3556
326,2021-08-23,530,5186,5716
326,2021-08-24,510,5833,6343
326,2021-08-25,549,5969,6518
326,2021-08-26,500,5740,6240
326,2021-08-27,566,5911,6477
326,2021-08-28,275,4151,4426
326,2021-08-29,126,3532,3658
326,2021-08-30,610,5646,6256
326,2021-08-31,627,6187,6814
326,2021-09-01,673,6302,6975
326,2021-09-02,708,6517,7225
326,2021-09-03,708,6802,7510
326,2021-09-04,330,5251,5581
326,2021-09-05,102,4552,4654
326,2021-09-06,671,6240,6911
326,2021-09-07,705,6587,7292
326,2021-09-08,689,6662,7351
326,2021-09-09,721,6463,7184
326,2021-09-10,839,8319,9158
326,2021-09-11,1070,14366,15436
326,2021-09-12,203,8179,8382
326,2021-09-13,636,7120,7756
326,2021-09-14,703,7106,7809
326,2021-09-15,690,7395,8085
326,2021-09-16,697,7412,8109
326,2021-09-17,826,7500,8326
326,2021-09-18,336,5876,6212
326,2021-09-19,115,4871,4986
326,2021-09-20,721,6724,7445
326,2021-09-21,696,7145,7841
326,2021-09-22,719,7070,7789
326,2021-09-23,691,7459,8150
326,2021-09-24,731,7474,8205
326,2021-09-25,402,5803,6205
326,2021-09-26,83,3922,4005
326,2021-09-27,689,6660,7349
326,2021-09-28,758,7153,7911
326,2021-09-29,678,6893,7571
326,2021-09-30,701,7315,8016
326,2021-10-01,711,7375,8086
326,2021-10-02,275,5349,5624
326,2021-10-03,86,3781,3867
326,2021-10-04,718,6663,7381
326,2021-10-05,675,6748,7423
326,2021-10-06,693,6839,7532
326,2021-10-07,669,7299,7968
326,2021-10-08,697,7447,8144
326,2021-10-09,303,6327,6630
326,2021-10-10,174,5169,5343
326,2021-10-11,748,6584,7332
326,2021-10-12,743,6998,7741
326,2021-10-13,750,6891,7641
326,2021-10-14,770,7355,8125
326,2021-10-15,738,7329,8067
326,2021-10-16,299,5576,5875
326,2021-10-17,96,4263,4359
326,2021-10-18,714,6905,7619
326,2021-10-19,672,7356,8028
326,2021-10-20,827,8419,9246
326,2021-10-21,620,8238,8858
326,2021-10-22,711,8469,9180
326,2021-10-23,316,5534,5850
326,2021-10-24,122,5032,5154
326,2021-10-25,679,5993,6672
326,2021-10-26,711,6113,6824
326,2021-10-27,610,6407,7017
326,2021-10-28,644,7360,8004
326,2021-10-29,645,7713,8358
326,2021-10-30,262,5039,5301
326,2021-11-01,85,3877,3962
326,2021-11-02,572,6286,6858
326,2021-11-03,598,6153,6751
326,2021-11-04,601,6298,6899
326,2021-11-05,592,6545,7137
326,2021-11-06,293,5163,5456
326,2021-11-07,82,3417,3499
326,2021-11-08,653,6694,7347
326,2021-11-09,695,7063,7758
326,2021-11-10,692,6834,7526
326,2021-11-11,678,7279,7957
326,2021-11-12,661,7036,7697
326,2021-11-13,243,5065,5308
326,2021-11-14,92,3786,3878
326,2021-11-15,639,6549,7188
326,2021-11-16,658,7073,7731
326,2021-11-17,738,7623,8361
326,2021-11-18,741,7978,8719
326,2021-11-19,645,7862,8507
326,2021-11-20,302,5835,6137
326,2021-11-21,85,3639,3724
326,2021-11-22,645,7167,7812
326,2021-11-23,659,7611,8270
326,2021-11-24,669,7291,7960
326,2021-11-25,616,7808,8424
326,2021-11-26,643,7776,8419
326,2021-11-27,276,5399,5675
326,2021-11-28,88,3635,3723
326,2021-11-29,624,6286,6910
326,2021-11-30,633,6888,7521
326,2021-12-01,599,6926,7525
326,2021-12-02,602,6972,7574
326,2021-12-03,640,7106,7746
326,2021-12-04,237,5284,5521
326,2021-12-05,82,3617,3699
326,2021-12-06,604,6512,7116
326,2021-12-07,669,6862,7531
326,2021-12-08,632,6809,7441
326,2021-12-09,672,7106,7778
326,2021-12-10,367,5079,5446
326,2021-12-11,270,5007,5277
326,2021-12-12,84,3412,3496
326,2021-12-13,625,7024,7649
326,2021-12-14,684,6933,7617
326,2021-12-15,698,6875,7573
326,2021-12-16,619,7119,7738
326,2021-12-17,585,6553,7138
326,2021-12-18,279,4862,5141
326,2021-12-19,118,3588,3706
326,2021-12-20,467,5747,6214
326,2021-12-21,497,5970,6467
326,2021-12-22,435,5827,6262
326,2021-12-23,425,5643,6068
326,2021-12-24,291,4600,4891
326,2021-12-25,68,2789,2857
326,2021-12-26,77,2709,2786
326,2021-12-27,307,4128,4435
326,2021-12-28,335,4348,4683
326,2021-12-29,347,4517,4864
326,2021-12-30,341,4774,5115
326,2021-12-31,334,4242,4576
328,2021-01-01,25,2054,2079
328,2021-01-02,113,3528,3641
328,2021-01-03,63,2557,2620
328,2021-01-04,528,6566,7094
328,2021-01-05,688,7028,7716
328,2021-01-06,640,6654,7294
328,2021-01-07,699,7267,7966
328,2021-01-08,731,7494,8225
328,2021-01-09,240,4376,4616
328,2021-01-10,91,3012,3103
328,2021-01-11,907,8745,9652
328,2021-01-12,806,8562,9368
328,2021-01-13,916,8883,9799
328,2021-01-14,745,8409,9154
328,2021-01-15,835,8494,9329
328,2021-01-16,284,4811,5095
328,2021-01-17,65,2661,2726
328,2021-01-18,787,8795,9582
328,2021-01-19,940,9070,10010
328,2021-01-20,1015,8923,9938
328,2021-01-21,870,8402,9272
328,2021-01-22,900,9033,9933
328,2021-01-23,266,5249,5515
328,2021-01-24,67,3119,3186
328,2021-01-25,809,8708,9517
328,2021-01-26,1061,9410,10471
328,2021-01-27,958,8974,9932
328,2021-01-28,857,8504,9361
328,2021-01-29,919,9058,9977
328,2021-01-30,215,5449,5664
328,2021-01-31,74,3071,3145
328,2021-02-01,940,8564,9504
328,2021-02-02,901,9330,10231
328,2021-02-03,874,8531,9405
328,2021-02-04,1035,9391,10426
328,2021-02-05,995,9246,10241
328,2021-02-06,270,5014,5284
328,2021-02-07,72,3089,3161
328,2021-02-08,838,8549,9387
328,2021-02-09,914,8702,9616
328,2021-02-10,908,8780,9688
328,2021-02-11,870,8755,9625
328,2021-02-12,923,9040,9963
328,2021-02-13,289,5569,5858
328,2021-02-14,78,3529,3607
328,2021-02-15,924,7930,8854
328,2021-02-16,969,8994,9963
328,2021-02-17,938,8823,9761
328,2021-02-18,976,8750,9726
328,2021-02-19,999,8920,9919
328,2021-02-20,330,5585,5915
328,2021-02-21,98,4028,4126
328,2021-02-22,1069,8545,9614
328,2021-02-23,1103,9114,10217
328,2021-02-24,1125,8940,10065
328,2021-02-25,1100,9574,10674
328,2021-02-26,1052,8957,10009
328,2021-02-27,344,6030,6374
328,2021-02-28,84,3645,3729
328,2021-03-01,1036,8764,9800
328,2021-03-02,1200,9261,10461
328,2021-03-03,1125,9311,10436
328,2021-03-04,1149,9224,10373
328,2021-03-05,1115,9253,10368
328,2021-03-06,368,5795,6163
328,2021-03-07,95,3815,3910
328,2021-03-08,1002,8846,9848
328,2021-03-09,1087,9313,10400
328,2021-03-10,1012,9399,10411
328,2021-03-11,1010,9640,10650
328,2021-03-12,1045,9343,10388
328,2021-03-13,302,5515,5817
328,2021-03-14,63,3278,3341
328,2021-03-15,947,9105,10052
328,2021-03-16,1058,9369,10427
328,2021-03-17,997,9101,10098
328,2021-03-18,1055,9450,10505
328,2021-03-19,1057,9432,10489
328,2021-03-20,376,6086,6462
328,2021-03-21,85,3692,3777
328,2021-03-22,1053,8921,9974
328,2021-03-23,1209,10429,11638
328,2021-03-24,1250,10135,11385
328,2021-03-25,1205,9633,10838
328,2021-03-26,1090,9937,11027
328,2021-03-27,328,6000,6328
328,2021-03-29,1018,9789,10807
328,2021-03-30,1038,10894,11932
328,2021-03-31,1018,10780,11798
328,2021-04-01,1006,11059,12065
328,2021-04-02,998,11032,12030
328,2021-04-03,345,6775,7120
328,2021-04-04,47,4382,4429
328,2021-04-05,75,3279,3354
328,2021-04-06,1035,8938,9973
328,2021-04-07,1108,9027,10135
328,2021-04-08,1147,9893,11040
328,2021-04-09,1143,9847,10990
328,2021-04-10,306,5161,5467
328,2021-04-11,248,8955,9203
328,2021-04-12,1172,9052,10224
328,2021-04-13,1150,9806,10956
328,2021-04-14,1355,10038,11393
328,2021-04-15,1086,10012,11098
328,2021-04-16,1201,10491,11692
328,2021-04-17,615,9267,9882
328,2021-04-18,118,4870,4988
328,2021-04-19,1046,9401,10447
328,2021-04-20,975,10596,11571
328,2021-04-21,1033,9905,10938
328,2021-04-22,1019,10034,11053
328,2021-04-23,1120,10639,11759
328,2021-04-24,425,7168,7593
328,2021-04-25,76,5055,5131
328,2021-04-26,1079,9739,10818
328,2021-04-27,1064,10058,11122
328,2021-04-28,1097,10177,11274
328,2021-04-29,1146,10376,11522
328,2021-04-30,1122,10419,11541
328,2021-05-01,148,4881,5029
328,2021-05-02,64,4576,4640
328,2021-05-03,1074,10042,11116
328,2021-05-04,1034,10465,11499
328,2021-05-05,1046,10158,11204
328,2021-05-06,1031,10592,11623
328,2021-05-07,1052,10259,11311
328,2021-05-08,378,7193,7571
328,2021-05-09,83,5218,5301
328,2021-05-10,1002,10134,11136
328,2021-05-11,1027,10499,11526
328,2021-05-12,1056,10634,11690
328,2021-05-13,114,4723,4837
328,2021-05-14,848,9127,9975
328,2021-05-15,336,6448,6784
328,2021-05-16,103,4068,4171
328,2021-05-17,918,9544,10462
328,2021-05-18,1120,10303,11423
328,2021-05-19,1058,10565,11623
328,2021-05-20,1124,10556,11680
328,2021-05-21,1339,11300,12639
328,2021-05-22,1037,11297,12334
328,2021-05-23,266,6402,6668
328,2021-05-24,94,3787,3881
328,2021-05-25,969,9503,10472
328,2021-05-26,1007,9116,10123
328,2021-05-27,1147,10315,11462
328,2021-05-28,1083,10285,11368
328,2021-05-29,382,7374,7756
328,2021-05-30,124,5578,5702
328,2021-05-31,963,10266,11229
328,2021-06-01,1023,11305,12328
328,2021-06-02,1173,12463,13636
328,2021-06-03,1032,11352,12384
328,2021-06-04,1068,10329,11397
328,2021-06-05,316,6971,7287
328,2021-06-06,81,5085,5166
328,2021-06-07,1009,9871,10880
328,2021-06-08,1016,10596,11612
328,2021-06-09,1006,10674,11680
328,2021-06-10,954,11004,11958
328,2021-06-11,1065,11181,12246
328,2021-06-12,369,7804,8173
328,2021-06-13,117,6231,6348
328,2021-06-14,1030,10165,11195
328,2021-06-15,1064,10751,11815
328,2021-06-16,1044,10560,11604
328,2021-06-17,992,10949,11941
328,2021-06-18,1249,11718,12967
328,2021-06-19,793,9382,10175
328,2021-06-20,192,5777,5969
328,2021-06-21,1028,10097,11125
328,2021-06-22,995,10901,11896
328,2021-06-23,441,5709,6150
328,2021-06-24,1063,10096,11159
328,2021-06-25,1428,15104,16532
328,2021-06-26,1523,19745,21268
328,2021-06-27,436,13905,14341
328,2021-06-28,1008,10294,11302
328,2021-06-29,1050,11240,12290
328,2021-06-30,1040,10889,11929
328,2021-07-01,1044,11306,12350
328,2021-07-02,1082,11422,12504
328,2021-07-03,334,7495,7829
328,2021-07-04,86,4428,4514
328,2021-07-05,949,10059,11008
328,2021-07-06,853,10009,10862
328,2021-07-07,1083,10852,11935
328,2021-07-08,950,11018,11968
328,2021-07-09,1049,11169,12218
328,2021-07-10,356,7017,7373
328,2021-07-11,122,5389,5511
328,2021-07-12,955,10627,11582
328,2021-07-13,812,9881,10693
328,2021-07-14,763,9689,10452
328,2021-07-16,947,10742,11689
328,2021-07-17,370,6996,7366
328,2021-07-18,104,5555,5659
328,2021-07-19,885,9670,10555
328,2021-07-20,883,10170,11053
328,2021-07-21,898,10327,11225
328,2021-07-22,924,10238,11162
328,2021-07-23,954,10161,11115
328,2021-07-24,327,5723,6050
328,2021-07-25,131,4511,4642
328,2021-07-26,795,9019,9814
328,2021-07-27,850,8750,9600
328,2021-07-28,877,9738,10615
328,2021-07-29,843,9611,10454
328,2021-07-30,791,9235,10026
328,2021-07-31,277,6694,6971
328,2021-08-01,105,4912,5017
328,2021-08-02,567,7588,8155
328,2021-08-03,606,7019,7625
328,2021-08-04,695,8126,8821
328,2021-08-05,631,7992,8623
328,2021-08-06,646,7988,8634
328,2021-08-07,286,6002,6288
328,2021-08-08,128,4008,4136
328,2021-08-09,604,7571,8175
328,2021-08-10,582,8062,8644
328,2021-08-11,624,8459,9083
328,2021-08-12,632,8539,9171
328,2021-08-13,677,8537,9214
328,2021-08-14,234,6266,6500
328,2021-08-15,136,4929,5065
328,2021-08-16,578,7919,8497
328,2021-08-17,619,7694,8313
328,2021-08-18,626,7591,8217
328,2021-08-19,651,7769,8420
328,2021-08-20,659,8555,9214
328,2021-08-21,273,5960,6233
328,2021-08-22,165,4423,4588
328,2021-08-23,723,7873,8596
328,2021-08-24,749,8796,9545
328,2021-08-25,731,8998,9729
328,2021-08-26,798,9317,10115
328,2021-08-27,744,8990,9734
328,2021-08-28,331,5759,6090
328,2021-08-29,113,4313,4426
328,2021-08-30,785,8757,9542
328,2021-08-31,841,9398,10239
328,2021-09-01,955,9374,10329
328,2021-09-02,925,9106,10031
328,2021-09-03,854,9460,10314
328,2021-09-04,364,6518,6882
328,2021-09-05,126,5448,5574
328,2021-09-06,882,9103,9985
328,2021-09-07,882,9449,10331
328,2021-09-08,1021,9646,10667
328,2021-09-09,1049,9284,10333
328,2021-09-10,1282,11736,13018
328,2021-09-11,1051,13743,14794
328,2021-09-12,301,8808,9109
328,2021-09-13,921,9978,10899
328,2021-09-14,955,9838,10793
328,2021-09-15,1046,9882,10928
328,2021-09-16,1009,10276,11285
328,2021-09-17,1071,10344,11415
328,2021-09-18,349,7532,7881
328,2021-09-19,113,5603,5716
328,2021-09-20,957,9722,10679
328,2021-09-21,1000,10240,11240
328,2021-09-22,1042,10226,11268
328,2021-09-23,1025,10777,11802
328,2021-09-24,1052,10686,11738
328,2021-09-25,409,7558,7967
328,2021-09-26,106,4982,5088
328,2021-09-27,1008,9962,10970
328,2021-09-28,1012,10505,11517
328,2021-09-29,1019,10446,11465
328,2021-09-30,1152,12585,13737
328,2021-10-01,1109,11850,12959
328,2021-10-02,357,6750,7107
328,2021-10-03,115,4737,4852
328,2021-10-04,1005,9712,10717
328,2021-10-05,1041,11087,12128
328,2021-10-06,994,10252,11246
328,2021-10-07,1036,10729,11765
328,2021-10-08,1042,10644,11686
328,2021-10-09,353,7568,7921
328,2021-10-10,93,6093,6186
328,2021-10-11,932,10019,10951
328,2021-10-12,1005,10689,11694
328,2021-10-13,864,10203,11067
328,2021-10-14,971,11116,12087
328,2021-10-15,1002,10923,11925
328,2021-10-16,341,6955,7296
328,2021-10-17,102,4700,4802
328,2021-10-18,999,10196,11195
328,2021-10-19,927,10121,11048
328,2021-10-20,1159,11421,12580
328,2021-10-21,976,10871,11847
328,2021-10-22,1006,10092,11098
328,2021-10-23,377,7179,7556
328,2021-10-24,119,5310,5429
328,2021-10-25,936,9981,10917
328,2021-10-26,874,9852,10726
328,2021-10-27,1069,10080,11149
328,2021-10-28,994,10667,11661
328,2021-10-29,891,10595,11486
328,2021-10-30,280,6163,6443
328,2021-11-01,111,4370,4481
328,2021-11-02,875,9854,10729
328,2021-11-03,857,8856,9713
328,2021-11-04,944,10603,11547
328,2021-11-05,913,9784,10697
328,2021-11-06,369,6243,6612
328,2021-11-07,79,3907,3986
328,2021-11-08,861,9857,10718
328,2021-11-09,958,10571,11529
328,2021-11-10,942,10129,11071
328,2021-11-11,894,11038,11932
328,2021-11-12,1028,10776,11804
328,2021-11-13,291,6207,6498
328,2021-11-14,76,4280,4356
328,2021-11-15,961,9787,10748
328,2021-11-16,900,10562,11462
328,2021-11-17,1071,10293,11364
328,2021-11-18,977,10952,11929
328,2021-11-19,1000,10691,11691
328,2021-11-20,347,6553,6900
328,2021-11-21,74,4005,4079
328,2021-11-22,898,9688,10586
328,2021-11-23,1018,10467,11485
328,2021-11-24,1009,10600,11609
328,2021-11-25,1045,10833,11878
328,2021-11-26,913,10290,11203
328,2021-11-27,315,5943,6258
328,2021-11-28,91,3879,3970
328,2021-11-29,896,9548,10444
328,2021-11-30,872,9527,10399
328,2021-12-01,815,10260,11075
328,2021-12-02,894,10209,11103
328,2021-12-03,917,10607,11524
328,2021-12-04,286,6174,6460
328,2021-12-05,85,3948,4033
328,2021-12-06,854,9535,10389
328,2021-12-07,897,10020,10917
328,2021-12-08,925,10137,11062
328,2021-12-09,974,10275,11249
328,2021-12-10,871,9338,10209
328,2021-12-11,307,6204,6511
328,2021-12-12,83,4192,4275
328,2021-12-13,880,9236,10116
328,2021-12-14,968,9901,10869
328,2021-12-15,1011,9948,10959
328,2021-12-16,912,10144,11056
328,2021-12-17,892,10203,11095
328,2021-12-18,312,5929,6241
328,2021-12-19,102,3711,3813
328,2021-12-20,584,7762,8346
328,2021-12-21,673,8481,9154
328,2021-12-22,628,8056,8684
328,2021-12-23,552,7837,8389
328,2021-12-24,390,6203,6593
328,2021-12-25,37,3240,3277
328,2021-12-26,41,3045,3086
328,2021-12-27,331,5633,5964
328,2021-12-28,376,6044,6420
328,2021-12-29,411,6279,6690
328,2021-12-30,435,6543,6978
328,2021-12-31,341,5779,6120
329,2021-01-02,190,3994,4184
329,2021-01-03,63,3193,3256
329,2021-01-04,374,7365,7739
329,2021-01-05,397,7561,7958
329,2021-01-06,389,7661,8050
329,2021-01-07,415,7897,8312
329,2021-01-08,409,7928,8337
329,2021-01-09,183,4938,5121
329,2021-01-10,80,3593,3673
329,2021-01-11,515,10347,10862
329,2021-01-12,464,10547,11011
329,2021-01-13,534,10268,10802
329,2021-01-14,490,10957,11447
329,2021-01-15,505,9513,10018
329,2021-01-16,174,5580,5754
329,2021-01-17,57,3180,3237
329,2021-01-18,473,10221,10694
329,2021-01-19,446,10588,11034
329,2021-01-20,489,10569,11058
329,2021-01-21,396,10982,11378
329,2021-01-23,187,6040,6227
329,2021-01-24,59,3608,3667
329,2021-01-25,495,10096,10591
329,2021-01-26,510,10194,10704
329,2021-01-27,438,10017,10455
329,2021-01-28,433,11105,11538
329,2021-01-29,396,11338,11734
329,2021-01-30,195,6237,6432
329,2021-01-31,63,3882,3945
329,2021-02-01,524,10309,10833
329,2021-02-02,488,10700,11188
329,2021-02-03,505,10437,10942
329,2021-02-04,481,10618,11099
329,2021-02-05,512,10590,11102
329,2021-02-06,188,5964,6152
329,2021-02-07,73,3725,3798
329,2021-02-08,513,9848,10361
329,2021-02-09,469,9941,10410
329,2021-02-10,474,9639,10113
329,2021-02-11,477,9964,10441
329,2021-02-27,191,6656,6847
329,2021-02-28,56,4507,4563
329,2021-03-01,531,10351,10882
329,2021-03-02,592,10935,11527
329,2021-03-03,589,10778,11367
329,2021-03-04,538,10737,11275
329,2021-03-06,220,6746,6966
329,2021-03-07,75,4498,4573
329,2021-03-08,560,10616,11176
329,2021-03-09,526,11444,11970
329,2021-03-10,501,10823,11324
329,2021-03-11,380,10974,11354
329,2021-03-12,536,11031,11567
329,2021-03-13,134,5690,5824
329,2021-03-14,64,3974,4038
329,2021-03-15,602,10510,11112
329,2021-03-16,500,11050,11550
329,2021-03-17,583,10457,11040
329,2021-03-18,666,10992,11658
329,2021-03-19,554,11014,11568
329,2021-03-20,178,6781,6959
329,2021-03-21,68,3861,3929
329,2021-03-22,550,10380,10930
329,2021-03-23,554,11237,11791
329,2021-03-24,554,10932,11486
329,2021-03-25,568,11044,11612
329,2021-03-26,562,11182,11744
329,2021-03-27,199,6481,6680
329,2021-03-29,556,11045,11601
329,2021-03-30,521,11717,12238
329,2021-03-31,573,11856,12429
329,2021-04-01,577,12197,12774
329,2021-04-02,535,11593,12128
329,2021-04-03,221,6908,7129
329,2021-04-04,66,4232,4298
329,2021-04-05,63,3237,3300
329,2021-04-06,502,10711,11213
329,2021-04-07,490,10316,10806
329,2021-04-08,542,11095,11637
329,2021-04-09,558,10936,11494
329,2021-04-10,169,6197,6366
329,2021-04-11,150,3914,4064
329,2021-04-12,511,11008,11519
329,2021-04-13,504,11040,11544
329,2021-04-14,515,11139,11654
329,2021-04-15,566,11624,12190
329,2021-04-17,207,6991,7198
329,2021-04-18,69,4069,4138
329,2021-04-19,627,11285,11912
329,2021-04-20,581,12068,12649
329,2021-04-21,587,11484,12071
329,2021-04-22,615,12108,12723
329,2021-04-24,193,7672,7865
329,2021-04-25,69,5015,5084
329,2021-04-26,546,11579,12125
329,2021-04-27,486,11979,12465
329,2021-04-28,529,11997,12526
329,2021-04-29,436,12403,12839
329,2021-05-01,63,4848,4911
329,2021-05-02,59,4762,4821
329,2021-05-03,429,11685,12114
329,2021-05-04,310,11623,11933
329,2021-05-05,348,11975,12323
329,2021-05-06,416,12198,12614
329,2021-05-07,395,12432,12827
329,2021-05-08,144,7734,7878
329,2021-05-09,64,5133,5197
329,2021-05-10,342,10894,11236
329,2021-05-11,475,11876,12351
329,2021-05-12,397,11902,12299
329,2021-05-13,52,3926,3978
329,2021-05-14,348,9148,9496
329,2021-05-15,126,6461,6587
329,2021-05-16,117,3814,3931
329,2021-05-17,299,11020,11319
329,2021-05-18,281,11482,11763
329,2021-05-19,352,11712,12064
329,2021-05-20,323,12358,12681
329,2021-05-22,172,11887,12059
329,2021-05-23,60,7229,7289
329,2021-05-24,55,4198,4253
329,2021-05-25,123,10304,10427
329,2021-05-26,258,11145,11403
329,2021-05-27,330,11551,11881
329,2021-05-28,357,12157,12514
329,2021-05-29,260,7648,7908
329,2021-05-30,144,5975,6119
329,2021-05-31,467,12335,12802
329,2021-06-01,405,13183,13588
329,2021-06-02,350,12761,13111
329,2021-06-03,379,12849,13228
329,2021-06-04,548,11884,12432
329,2021-06-05,146,7379,7525
329,2021-06-06,57,4862,4919
329,2021-06-07,387,11934,12321
329,2021-06-08,372,12982,13354
329,2021-06-09,358,12781,13139
329,2021-06-10,345,12820,13165
329,2021-06-11,407,12951,13358
329,2021-06-12,201,8080,8281
329,2021-06-13,63,6780,6843
329,2021-06-14,394,11948,12342
329,2021-06-15,346,12371,12717
329,2021-06-16,367,11530,11897
329,2021-06-17,286,11961,12247
329,2021-06-18,249,10309,10558
329,2021-06-20,25,4195,4220
329,2021-06-21,176,8910,9086
329,2021-06-22,360,11449,11809
329,2021-06-23,50,5293,5343
329,2021-06-24,286,11881,12167
329,2021-06-25,152,10916,11068
329,2021-06-26,133,11509,11642
329,2021-06-27,34,6816,6850
329,2021-06-28,141,10523,10664
329,2021-06-29,250,11438,11688
329,2021-06-30,100,9891,9991
329,2021-07-01,153,12258,12411
329,2021-07-02,136,11250,11386
329,2021-07-03,61,7115,7176
329,2021-07-04,64,5226,5290
329,2021-07-05,126,10153,10279
329,2021-07-06,90,7786,7876
329,2021-07-07,88,9322,9410
329,2021-07-08,591,12853,13444
329,2021-07-09,686,12867,13553
329,2021-07-11,64,5503,5567
329,2021-07-12,624,12006,12630
329,2021-07-13,548,12321,12869
329,2021-07-14,524,12430,12954
329,2021-07-15,548,13074,13622
329,2021-07-16,579,12639,13218
329,2021-07-18,73,5666,5739
329,2021-07-19,531,11267,11798
329,2021-07-20,529,11333,11862
329,2021-07-21,543,11237,11780
329,2021-07-22,540,12162,12702
329,2021-07-23,576,11889,12465
329,2021-07-24,254,7440,7694
329,2021-07-25,84,5402,5486
329,2021-07-26,494,11460,11954
329,2021-07-27,543,11326,11869
329,2021-07-28,550,11654,12204
329,2021-07-29,549,11462,12011
329,2021-07-30,632,11114,11746
329,2021-08-01,120,5094,5214
329,2021-08-02,551,8783,9334
329,2021-08-03,417,9119,9536
329,2021-08-04,452,8924,9376
329,2021-08-05,506,8991,9497
329,2021-08-06,462,9156,9618
329,2021-08-08,84,4481,4565
329,2021-08-09,429,7877,8306
329,2021-08-10,433,8352,8785
329,2021-08-11,479,8633,9112
329,2021-08-12,481,8842,9323
329,2021-08-13,471,8943,9414
329,2021-08-14,228,6549,6777
329,2021-08-15,112,5287,5399
329,2021-08-16,430,8460,8890
329,2021-08-17,394,8128,8522
329,2021-08-18,416,7978,8394
329,2021-08-19,516,8726,9242
329,2021-08-20,474,9619,10093
329,2021-08-21,242,6186,6428
329,2021-08-22,78,4758,4836
329,2021-08-23,486,8988,9474
329,2021-08-24,458,9588,10046
329,2021-08-25,515,9719,10234
329,2021-08-26,480,10396,10876
329,2021-08-27,520,11434,11954
329,2021-08-28,193,6090,6283
329,2021-08-29,95,5008,5103
329,2021-08-30,518,10430,10948
329,2021-08-31,557,10929,11486
329,2021-09-01,559,11519,12078
329,2021-09-02,542,10895,11437
329,2021-09-03,524,12572,13096
329,2021-09-04,203,6746,6949
329,2021-09-05,81,5416,5497
329,2021-09-06,596,11609,12205
329,2021-09-07,608,12050,12658
329,2021-10-01,765,11272,12037
329,2021-10-02,210,6630,6840
329,2021-10-03,59,3402,3461
329,2021-10-04,608,10468,11076
329,2021-10-05,576,9204,9780
329,2021-10-06,576,9133,9709
329,2021-10-07,585,11437,12022
329,2021-10-08,558,11209,11767
329,2021-10-09,206,7165,7371
329,2021-10-10,85,5123,5208
329,2021-10-11,628,10967,11595
329,2021-10-12,598,9784,10382
329,2021-10-13,624,10435,11059
329,2021-10-14,652,11621,12273
329,2021-10-15,589,11672,12261
329,2021-10-16,184,7071,7255
329,2021-10-17,64,4667,4731
329,2021-10-18,877,11797,12674
329,2021-10-19,746,12207,12953
329,2021-10-20,775,11760,12535
329,2021-10-21,742,12721,13463
329,2021-10-22,756,12952,13708
329,2021-10-23,249,7864,8113
329,2021-10-24,130,6897,7027
329,2021-10-25,877,12633,13510
329,2021-10-26,888,12887,13775
329,2021-10-27,780,12265,13045
329,2021-10-28,776,12532,13308
329,2021-10-29,719,12166,12885
329,2021-10-30,216,7261,7477
329,2021-11-01,65,4688,4753
329,2021-11-02,670,11182,11852
329,2021-11-03,709,11688,12397
329,2021-11-04,765,12011,12776
329,2021-11-05,720,11601,12321
329,2021-11-06,236,7062,7298
329,2021-11-07,69,4441,4510
329,2021-11-08,726,11595,12321
329,2021-11-09,776,12388,13164
329,2021-11-10,854,11894,12748
329,2021-11-11,735,12723,13458
329,2021-11-12,793,12820,13613
329,2021-11-13,217,7181,7398
329,2021-11-14,79,4643,4722
329,2021-11-15,836,11493,12329
329,2021-11-16,869,12204,13073
329,2021-11-17,793,12165,12958
329,2021-11-18,937,13554,14491
329,2021-11-19,733,12248,12981
329,2021-11-20,302,7662,7964
329,2021-11-21,68,4691,4759
329,2021-11-22,806,11807,12613
329,2021-11-23,807,12696,13503
329,2021-11-24,779,12200,12979
329,2021-11-25,889,12446,13335
329,2021-11-26,815,12276,13091
329,2021-11-27,216,7184,7400
329,2021-11-28,75,4633,4708
329,2021-11-29,740,11852,12592
329,2021-11-30,743,11921,12664
329,2021-12-01,734,11518,12252
329,2021-12-02,730,11925,12655
329,2021-12-03,750,12161,12911
329,2021-12-04,214,7133,7347
329,2021-12-05,73,4542,4615
329,2021-12-06,728,11796,12524
329,2021-12-07,732,11784,12516
329,2021-12-08,736,11340,12076
329,2021-12-09,759,12334,13093
329,2021-12-10,790,11592,12382
329,2021-12-11,222,7144,7366
329,2021-12-12,82,4522,4604
329,2021-12-13,728,11231,11959
329,2021-12-14,809,11529,12338
329,2021-12-15,784,11462,12246
329,2021-12-16,689,11975,12664
329,2021-12-17,632,11696,12328
329,2021-12-18,212,6369,6581
329,2021-12-19,64,4328,4392
329,2021-12-20,492,9150,9642
329,2021-12-21,518,9749,10267
329,2021-12-22,546,9313,9859
329,2021-12-23,492,8927,9419
329,2021-12-24,332,6962,7294
329,2021-12-25,48,3253,3301
329,2021-12-26,56,3193,3249
329,2021-12-27,388,6154,6542
329,2021-12-28,379,6493,6872
329,2021-12-29,410,6857,7267
329,2021-12-30,405,7018,7423
329,2021-12-31,379,6153,6532
345,2021-01-01,54,3767,3821
345,2021-01-02,226,6215,6441
345,2021-01-03,72,4630,4702
345,2021-01-04,391,9059,9450
345,2021-01-05,408,9450,9858
345,2021-01-06,426,9281,9707
345,2021-01-07,412,9530,9942
345,2021-01-08,419,10167,10586
345,2021-01-09,229,7610,7839
345,2021-01-10,81,5368,5449
345,2021-01-11,507,12831,13338
345,2021-01-12,482,12603,13085
345,2021-01-13,491,12635,13126
345,2021-01-14,490,12911,13401
345,2021-01-15,477,12487,12964
345,2021-01-16,250,9968,10218
345,2021-01-17,78,5330,5408
345,2021-01-18,515,12599,13114
345,2021-01-19,476,12517,12993
345,2021-01-20,505,12621,13126
345,2021-01-21,475,13097,13572
345,2021-01-22,457,13179,13636
345,2021-01-23,234,10248,10482
345,2021-01-24,75,5646,5721
345,2021-01-25,543,12379,12922
345,2021-01-26,540,12909,13449
345,2021-01-27,522,12445,12967
345,2021-01-28,431,12760,13191
345,2021-01-29,469,13470,13939
345,2021-01-30,586,10762,11348
345,2021-01-31,310,6031,6341
345,2021-02-01,552,12619,13171
345,2021-02-02,481,12431,12912
345,2021-02-03,469,12299,12768
345,2021-02-04,521,13054,13575
345,2021-02-05,486,13379,13865
345,2021-02-06,617,10696,11313
345,2021-02-07,313,6135,6448
345,2021-02-08,525,12256,12781
345,2021-02-09,464,12540,13004
345,2021-02-10,468,12448,12916
345,2021-02-11,458,12339,12797
345,2021-02-12,453,13224,13677
345,2021-02-13,222,10846,11068
345,2021-02-14,77,6296,6373
345,2021-02-15,443,11834,12277
345,2021-02-16,486,12634,13120
345,2021-02-17,447,12158,12605
345,2021-02-18,446,12282,12728
345,2021-02-19,407,13080,13487
345,2021-02-20,249,10618,10867
345,2021-02-21,75,7100,7175
345,2021-02-22,535,12717,13252
345,2021-02-23,533,12932,13465
345,2021-02-24,516,12963,13479
345,2021-02-25,547,13093,13640
345,2021-02-26,525,13535,14060
345,2021-02-27,645,11903,12548
345,2021-02-28,261,6833,7094
345,2021-03-01,552,12589,13141
345,2021-03-02,500,12845,13345
345,2021-03-03,604,13085,13689
345,2021-03-04,543,13056,13599
345,2021-03-05,581,13629,14210
345,2021-03-06,643,11698,12341
345,2021-03-07,322,7133,7455
345,2021-03-08,576,12937,13513
345,2021-03-09,584,13367,13951
345,2021-03-10,586,13222,13808
345,2021-03-11,512,13167,13679
345,2021-03-12,529,13534,14063
345,2021-03-13,574,11004,11578
345,2021-03-14,315,6492,6807
345,2021-03-15,527,12882,13409
345,2021-03-16,551,13159,13710
345,2021-03-17,546,13132,13678
345,2021-03-18,537,13053,13590
345,2021-03-19,527,13766,14293
345,2021-03-20,656,11532,12188
345,2021-03-21,304,6972,7276
345,2021-03-22,549,13460,14009
345,2021-03-23,524,13235,13759
345,2021-03-24,539,13074,13613
345,2021-03-25,526,13547,14073
345,2021-03-26,580,13589,14169
345,2021-03-27,237,11327,11564
345,2021-03-29,597,13083,13680
345,2021-03-30,537,13612,14149
345,2021-03-31,566,13601,14167
345,2021-04-01,585,14032,14617
345,2021-04-02,551,13788,14339
345,2021-04-03,472,12303,12775
345,2021-04-04,242,6987,7229
345,2021-04-05,226,5694,5920
345,2021-04-06,927,13359,14286
345,2021-04-07,893,12889,13782
345,2021-04-08,877,13380,14257
345,2021-04-09,863,13584,14447
345,2021-04-10,424,10502,10926
345,2021-04-11,221,5957,6178
345,2021-04-12,837,12733,13570
345,2021-04-13,881,13261,14142
345,2021-04-14,898,13267,14165
345,2021-04-15,922,13345,14267
345,2021-04-16,956,13859,14815
345,2021-04-17,618,12663,13281
345,2021-04-18,257,7337,7594
345,2021-04-19,554,12370,12924
345,2021-04-20,537,14034,14571
345,2021-04-21,561,13343,13904
345,2021-04-22,586,13832,14418
345,2021-04-23,512,13789,14301
345,2021-04-24,625,12456,13081
345,2021-04-25,339,8016,8355
345,2021-04-26,551,13353,13904
345,2021-04-27,522,13375,13897
345,2021-04-28,588,14016,14604
345,2021-04-29,585,14034,14619
345,2021-04-30,525,14668,15193
345,2021-05-01,82,7904,7986
345,2021-05-02,100,7735,7835
345,2021-05-03,565,14091,14656
345,2021-05-04,503,14182,14685
345,2021-05-05,536,14224,14760
345,2021-05-06,523,14591,15114
345,2021-05-07,536,14570,15106
345,2021-05-08,275,12168,12443
345,2021-05-09,82,7828,7910
345,2021-05-10,519,13661,14180
345,2021-05-11,516,14237,14753
345,2021-05-12,561,14875,15436
345,2021-05-13,84,7106,7190
345,2021-05-14,439,13204,13643
345,2021-05-15,707,11878,12585
345,2021-05-16,313,7254,7567
345,2021-05-17,514,13671,14185
345,2021-05-18,550,14030,14580
345,2021-05-19,537,13708,14245
345,2021-05-20,563,14111,14674
345,2021-05-21,675,15718,16393
345,2021-05-22,663,17192,17855
345,2021-05-23,157,10302,10459
345,2021-05-24,79,6131,6210
345,2021-05-25,638,13773,14411
345,2021-05-26,561,13863,14424
345,2021-05-27,547,14140,14687
345,2021-05-28,512,14367,14879
345,2021-05-29,300,11250,11550
345,2021-05-30,90,8079,8169
345,2021-05-31,530,14215,14745
345,2021-06-01,564,14294,14858
345,2021-06-02,554,14585,15139
345,2021-06-03,536,14574,15110
345,2021-06-04,547,14413,14960
345,2021-06-05,235,11973,12208
345,2021-06-06,71,7464,7535
345,2021-06-07,538,13415,13953
345,2021-06-08,548,14625,15173
345,2021-06-09,563,14520,15083
345,2021-06-10,551,14771,15322
345,2021-06-11,560,15263,15823
345,2021-06-12,227,12276,12503
345,2021-06-13,85,8398,8483
345,2021-06-14,532,14024,14556
345,2021-06-15,584,14291,14875
345,2021-06-16,568,13853,14421
345,2021-06-17,555,15079,15634
345,2021-06-18,591,15044,15635
345,2021-06-19,466,13815,14281
345,2021-06-20,130,10231,10361
345,2021-06-21,604,14036,14640
345,2021-06-22,562,14306,14868
345,2021-06-23,96,6546,6642
345,2021-06-24,588,13993,14581
345,2021-06-25,716,14868,15584
345,2021-06-26,806,19032,19838
345,2021-06-27,274,14505,14779
345,2021-06-28,540,13856,14396
345,2021-06-29,526,14129,14655
345,2021-06-30,599,14372,14971
345,2021-07-01,533,14822,15355
345,2021-07-02,589,14299,14888
345,2021-07-03,240,11857,12097
345,2021-07-04,97,7351,7448
345,2021-07-05,812,14156,14968
345,2021-07-06,672,14427,15099
345,2021-07-07,569,14156,14725
345,2021-07-08,568,14567,15135
345,2021-07-09,567,14089,14656
345,2021-07-10,232,11463,11695
345,2021-07-11,102,7899,8001
345,2021-07-12,548,13634,14182
345,2021-07-13,472,14084,14556
345,2021-07-14,523,14227,14750
345,2021-07-15,273,9081,9354
345,2021-07-16,578,14929,15507
345,2021-07-17,252,11486,11738
345,2021-07-21,503,13281,13784
345,2021-07-22,548,13339,13887
345,2021-07-23,481,13651,14132
345,2021-07-24,280,10040,10320
345,2021-07-25,124,6724,6848
345,2021-07-26,511,12925,13436
345,2021-07-27,541,13192,13733
345,2021-07-28,517,13308,13825
345,2021-07-29,485,13235,13720
345,2021-07-30,425,12884,13309
345,2021-07-31,232,9755,9987
345,2021-08-01,106,6703,6809
345,2021-08-02,427,10594,11021
345,2021-08-03,399,11007,11406
345,2021-08-04,420,10911,11331
345,2021-08-05,415,10913,11328
345,2021-08-06,429,11526,11955
345,2021-08-07,284,8950,9234
345,2021-08-08,132,6079,6211
345,2021-08-09,400,10218,10618
345,2021-08-10,400,10483,10883
345,2021-08-11,408,10867,11275
345,2021-08-12,427,10457,10884
345,2021-08-13,446,10870,11316
345,2021-08-14,234,8833,9067
345,2021-08-15,288,6597,6885
345,2021-08-16,441,10042,10483
345,2021-08-17,449,10115,10564
345,2021-08-18,429,10037,10466
345,2021-08-19,409,10082,10491
345,2021-08-20,419,10789,11208
345,2021-08-21,454,8945,9399
345,2021-08-22,273,5981,6254
345,2021-08-23,480,11135,11615
345,2021-08-24,468,11739,12207
345,2021-08-25,474,11866,12340
345,2021-08-26,479,12299,12778
345,2021-08-27,463,12369,12832
345,2021-08-28,245,9247,9492
345,2021-08-29,90,6513,6603
345,2021-08-30,488,12240,12728
345,2021-08-31,502,12717,13219
345,2021-09-01,526,12937,13463
345,2021-09-02,504,12562,13066
345,2021-09-03,513,13367,13880
345,2021-09-04,256,10233,10489
345,2021-09-05,85,7210,7295
345,2021-09-06,525,13147,13672
345,2021-09-07,499,13438,13937
345,2021-09-08,519,13624,14143
345,2021-09-09,554,13732,14286
345,2021-09-10,549,13833,14382
345,2021-09-11,276,12269,12545
345,2021-09-12,118,8073,8191
345,2021-09-13,582,14355,14937
345,2021-09-14,560,14519,15079
345,2021-09-15,569,14347,14916
345,2021-09-16,563,14695,15258
345,2021-09-17,544,14103,14647
345,2021-09-18,662,12171,12833
345,2021-09-19,357,8485,8842
345,2021-09-20,560,13582,14142
345,2021-09-21,566,14099,14665
345,2021-09-22,601,14161,14762
345,2021-09-23,583,14402,14985
345,2021-09-24,604,14232,14836
345,2021-09-25,290,11770,12060
345,2021-09-26,115,7536,7651
345,2021-09-27,596,13768,14364
345,2021-09-28,571,14184,14755
345,2021-09-29,607,14788,15395
345,2021-09-30,609,14065,14674
345,2021-10-01,598,13893,14491
345,2021-10-02,275,11890,12165
345,2021-10-03,94,7119,7213
345,2021-10-04,593,13679,14272
345,2021-10-05,658,13783,14441
345,2021-10-06,605,14052,14657
345,2021-10-07,636,14706,15342
345,2021-10-08,610,14661,15271
345,2021-10-09,369,12009,12378
345,2021-10-10,144,7872,8016
345,2021-10-11,689,13241,13930
345,2021-10-12,650,14436,15086
345,2021-10-13,689,14030,14719
345,2021-10-14,635,14178,14813
345,2021-10-15,599,14213,14812
345,2021-10-16,679,12172,12851
345,2021-10-17,397,8242,8639
345,2021-10-18,625,13732,14357
345,2021-10-19,566,14437,15003
345,2021-10-20,569,13674,14243
345,2021-10-21,545,14258,14803
345,2021-10-22,586,14041,14627
345,2021-10-23,646,12151,12797
345,2021-10-24,399,8408,8807
345,2021-10-25,599,13781,14380
345,2021-10-26,575,13846,14421
345,2021-10-27,565,14018,14583
345,2021-10-28,643,14844,15487
345,2021-10-29,617,14253,14870
345,2021-10-30,319,11220,11539
345,2021-11-01,107,6859,6966
345,2021-11-02,544,12879,13423
345,2021-11-03,569,13376,13945
345,2021-11-04,561,12554,13115
345,2021-11-05,536,12911,13447
345,2021-11-06,254,10680,10934
345,2021-11-07,96,6419,6515
345,2021-11-08,578,13664,14242
345,2021-11-09,552,14024,14576
345,2021-11-10,624,13785,14409
345,2021-11-11,594,13956,14550
345,2021-11-12,618,14747,15365
345,2021-11-13,250,11356,11606
345,2021-11-14,88,7005,7093
345,2021-11-15,608,13438,14046
345,2021-11-16,568,12905,13473
345,2021-11-17,589,13303,13892
345,2021-11-18,651,12450,13101
345,2021-11-19,606,13774,14380
345,2021-11-20,280,11673,11953
345,2021-11-21,85,6843,6928
345,2021-11-22,616,13104,13720
345,2021-11-23,634,12941,13575
345,2021-11-24,649,13619,14268
345,2021-11-25,632,13313,13945
345,2021-11-26,589,13620,14209
345,2021-11-27,254,11476,11730
345,2021-11-28,87,7051,7138
345,2021-11-29,643,12873,13516
345,2021-11-30,598,13076,13674
345,2021-12-01,562,12728,13290
345,2021-12-02,579,13305,13884
345,2021-12-03,595,13891,14486
345,2021-12-04,319,11747,12066
345,2021-12-05,93,7206,7299
345,2021-12-06,549,12961,13510
345,2021-12-07,567,13115,13682
345,2021-12-08,632,12948,13580
345,2021-12-09,585,13826,14411
345,2021-12-10,557,13308,13865
345,2021-12-11,274,11420,11694
345,2021-12-12,87,7191,7278
345,2021-12-13,572,13272,13844
345,2021-12-14,565,13535,14100
345,2021-12-15,579,13581,14160
345,2021-12-16,513,14205,14718
345,2021-12-17,568,13743,14311
345,2021-12-18,246,10677,10923
345,2021-12-19,91,6927,7018
345,2021-12-20,452,11820,12272
345,2021-12-21,454,12138,12592
345,2021-12-22,439,12630,13069
345,2021-12-23,403,12437,12840
345,2021-12-24,324,10502,10826
345,2021-12-25,69,4770,4839
345,2021-12-26,80,4682,4762
345,2021-12-27,369,9137,9506
345,2021-12-28,393,9317,9710
345,2021-12-29,385,10193,10578
345,2021-12-30,373,10074,10447
345,2021-12-31,341,9417,9758
390,2021-01-12,275,5793,6068
390,2021-01-13,272,5915,6187
390,2021-01-14,274,5302,5576
390,2021-01-15,256,5321,5577
390,2021-01-16,30,704,734
390,2021-01-17,8,1751,1759
390,2021-01-18,181,3931,4112
390,2021-01-19,127,2445,2572
390,2021-01-20,208,4382,4590
390,2021-01-21,298,6155,6453
390,2021-01-22,281,5975,6256
390,2021-01-23,191,3500,3691
390,2021-01-24,23,2357,2380
390,2021-01-25,318,5708,6026
390,2021-01-26,296,6036,6332
390,2021-01-27,305,5666,5971
390,2021-01-28,293,5937,6230
390,2021-01-29,306,5931,6237
390,2021-01-30,211,3413,3624
390,2021-01-31,31,2201,2232
390,2021-02-01,307,6028,6335
390,2021-02-02,286,6270,6556
390,2021-02-03,298,5941,6239
390,2021-02-04,288,6155,6443
390,2021-02-05,283,6175,6458
390,2021-02-06,187,3520,3707
390,2021-02-07,12,2698,2710
390,2021-02-08,300,5131,5431
390,2021-02-09,285,5274,5559
390,2021-02-10,316,5343,5659
390,2021-02-11,315,5702,6017
390,2021-02-12,293,5504,5797
390,2021-02-13,197,3398,3595
390,2021-02-14,14,2406,2420
390,2021-02-15,194,3975,4169
390,2021-02-16,220,4391,4611
390,2021-02-17,167,4044,4211
390,2021-02-18,213,4126,4339
390,2021-02-19,238,4740,4978
390,2021-02-20,146,3344,3490
390,2021-02-21,14,2727,2741
390,2021-02-22,295,6060,6355
390,2021-02-23,274,6423,6697
390,2021-02-24,295,6589,6884
390,2021-02-25,312,6644,6956
390,2021-02-26,321,6433,6754
390,2021-02-27,209,4002,4211
390,2021-02-28,16,2791,2807
390,2021-03-01,309,6292,6601
390,2021-03-02,297,6593,6890
390,2021-03-03,296,6401,6697
390,2021-03-04,326,6295,6621
390,2021-03-05,358,6272,6630
390,2021-03-06,228,4186,4414
390,2021-03-07,19,2880,2899
390,2021-03-08,314,6320,6634
390,2021-03-09,301,6353,6654
390,2021-03-10,304,6398,6702
390,2021-03-11,298,6438,6736
390,2021-03-12,326,6308,6634
390,2021-03-13,199,3393,3592
390,2021-03-14,54,2354,2408
390,2021-03-15,328,6304,6632
390,2021-03-16,340,6492,6832
390,2021-03-17,336,6211,6547
390,2021-03-18,318,6396,6714
390,2021-03-19,324,6280,6604
390,2021-03-20,249,4098,4347
390,2021-03-21,34,2659,2693
390,2021-03-22,294,6052,6346
390,2021-03-23,296,6543,6839
390,2021-03-24,325,6683,7008
390,2021-03-25,293,6642,6935
390,2021-03-26,316,6402,6718
390,2021-03-27,218,3612,3830
390,2021-03-29,305,6659,6964
390,2021-03-30,315,6756,7071
390,2021-03-31,279,6853,7132
390,2021-04-01,281,6920,7201
390,2021-04-02,284,6430,6714
390,2021-04-03,186,3677,3863
390,2021-04-04,14,2599,2613
390,2021-04-05,29,2137,2166
390,2021-04-06,319,3984,4303
390,2021-04-07,367,3812,4179
390,2021-04-08,315,3689,4004
390,2021-04-09,295,3658,3953
390,2021-04-10,181,2859,3040
390,2021-04-11,57,1914,1971
390,2021-04-12,287,5182,5469
390,2021-04-13,294,5356,5650
390,2021-04-14,300,5588,5888
390,2021-04-15,274,5901,6175
390,2021-04-16,278,5534,5812
390,2021-04-17,220,4004,4224
390,2021-04-18,21,2627,2648
390,2021-04-19,289,6416,6705
390,2021-04-20,313,6792,7105
390,2021-04-21,283,6801,7084
390,2021-04-22,296,6846,7142
390,2021-04-23,308,6860,7168
390,2021-04-24,199,4652,4851
390,2021-04-25,16,3226,3242
390,2021-04-26,295,6723,7018
390,2021-04-27,330,7088,7418
390,2021-04-28,292,6823,7115
390,2021-04-29,315,7323,7638
390,2021-04-30,319,7521,7840
390,2021-05-01,26,3530,3556
390,2021-05-02,17,2905,2922
390,2021-05-03,279,6879,7158
390,2021-05-04,310,6994,7304
390,2021-05-05,297,6900,7197
390,2021-05-06,337,6902,7239
390,2021-05-07,296,7774,8070
390,2021-05-08,206,4866,5072
390,2021-05-09,92,3762,3854
390,2021-05-10,343,6616,6959
390,2021-05-11,371,6869,7240
390,2021-05-12,316,7880,8196
390,2021-05-13,102,3392,3494
390,2021-05-14,278,6566,6844
390,2021-05-15,201,3665,3866
390,2021-05-16,138,2563,2701
390,2021-05-17,343,6390,6733
390,2021-05-18,343,7021,7364
390,2021-05-19,337,6891,7228
390,2021-05-20,357,7051,7408
390,2021-05-21,340,6764,7104
390,2021-05-22,203,3890,4093
390,2021-05-23,111,2482,2593
390,2021-05-24,129,2290,2419
390,2021-05-25,343,5364,5707
390,2021-05-26,337,5504,5841
390,2021-05-27,342,5472,5814
390,2021-05-28,343,5839,6182
390,2021-05-29,197,4068,4265
390,2021-05-30,154,3088,3242
390,2021-05-31,325,6869,7194
390,2021-06-01,357,7130,7487
390,2021-06-02,369,7346,7715
390,2021-06-03,338,7386,7724
390,2021-06-04,363,7141,7504
390,2021-06-05,205,4293,4498
390,2021-06-06,116,2973,3089
390,2021-06-07,353,7084,7437
390,2021-06-08,394,7420,7814
390,2021-06-09,371,7549,7920
390,2021-06-10,374,7524,7898
390,2021-06-11,359,7697,8056
390,2021-06-12,225,4922,5147
390,2021-06-13,113,3748,3861
390,2021-06-14,342,7330,7672
390,2021-06-15,331,7452,7783
390,2021-06-16,334,7449,7783
390,2021-06-17,346,7801,8147
390,2021-06-18,343,7353,7696
390,2021-06-19,183,4463,4646
390,2021-06-20,113,2888,3001
390,2021-06-21,362,6720,7082
390,2021-06-22,392,7180,7572
390,2021-06-23,122,3103,3225
390,2021-06-24,399,6953,7352
390,2021-06-25,394,7547,7941
390,2021-06-26,194,4442,4636
390,2021-06-27,124,2932,3056
390,2021-06-28,357,6902,7259
390,2021-06-29,359,7380,7739
390,2021-06-30,347,7259,7606
390,2021-07-01,363,7400,7763
390,2021-07-02,383,7749,8132
390,2021-07-03,203,4357,4560
390,2021-07-04,97,2712,2809
390,2021-07-05,324,7009,7333
390,2021-07-06,346,7400,7746
390,2021-07-07,325,7285,7610
390,2021-07-08,345,7407,7752
390,2021-07-09,344,7403,7747
390,2021-07-10,206,4760,4966
390,2021-07-11,120,3229,3349
390,2021-07-12,362,6774,7136
390,2021-07-13,344,7127,7471
390,2021-07-14,331,7928,8259
390,2021-07-15,312,6046,6358
390,2021-07-16,321,6386,6707
390,2021-07-17,207,4055,4262
390,2021-07-18,112,2815,2927
390,2021-07-19,328,5909,6237
390,2021-07-20,355,6275,6630
390,2021-07-21,332,6426,6758
390,2021-07-22,345,6194,6539
390,2021-07-23,349,6354,6703
390,2021-07-24,275,5488,5763
390,2021-07-25,125,3643,3768
390,2021-07-26,347,6996,7343
390,2021-07-27,315,5874,6189
390,2021-07-28,345,5958,6303
390,2021-07-29,328,6916,7244
390,2021-07-30,252,5502,5754
390,2021-07-31,193,3801,3994
390,2021-08-01,124,2765,2889
390,2021-08-02,284,6386,6670
390,2021-08-03,282,8370,8652
390,2021-08-04,295,6410,6705
390,2021-08-05,259,5030,5289
390,2021-08-06,256,4702,4958
390,2021-08-07,196,3028,3224
390,2021-08-08,129,2199,2328
390,2021-08-09,153,2265,2418
390,2021-08-10,164,2433,2597
390,2021-08-11,168,2526,2694
390,2021-08-12,166,2400,2566
390,2021-08-13,185,2649,2834
390,2021-08-14,187,3116,3303
390,2021-08-15,110,2459,2569
390,2021-08-16,273,4148,4421
390,2021-08-17,293,4474,4767
390,2021-08-18,236,4976,5212
390,2021-08-19,266,5190,5456
390,2021-08-20,259,4710,4969
390,2021-08-21,184,3087,3271
390,2021-08-22,126,2115,2241
390,2021-08-23,301,4821,5122
390,2021-08-24,295,5228,5523
390,2021-08-25,330,5172,5502
390,2021-08-26,338,5076,5414
390,2021-08-27,291,5088,5379
390,2021-08-28,200,3064,3264
390,2021-08-29,116,2490,2606
390,2021-08-30,303,5637,5940
390,2021-08-31,311,6291,6602
390,2021-09-01,341,6406,6747
390,2021-09-02,324,6614,6938
390,2021-09-03,321,6604,6925
390,2021-09-04,191,4257,4448
390,2021-09-05,121,3297,3418
390,2021-09-06,328,6633,6961
390,2021-09-07,328,7134,7462
390,2021-09-08,366,7618,7984
390,2021-09-09,341,7048,7389
390,2021-09-10,332,6884,7216
390,2021-09-11,205,4865,5070
390,2021-09-12,149,3642,3791
390,2021-09-13,430,7398,7828
390,2021-09-14,403,7832,8235
390,2021-09-15,429,7815,8244
390,2021-09-16,338,8146,8484
390,2021-09-17,421,8309,8730
390,2021-09-18,220,5314,5534
390,2021-09-19,165,3893,4058
390,2021-09-20,418,7778,8196
390,2021-09-21,456,8119,8575
390,2021-09-22,434,7912,8346
390,2021-09-23,459,8511,8970
390,2021-09-24,418,8153,8571
390,2021-09-25,386,6120,6506
390,2021-09-26,156,3303,3459
390,2021-09-27,419,7953,8372
390,2021-09-28,448,8476,8924
390,2021-09-29,451,7937,8388
390,2021-09-30,441,8440,8881
390,2021-10-01,433,8425,8858
390,2021-10-02,278,4772,5050
390,2021-10-03,143,3115,3258
390,2021-10-04,457,8004,8461
390,2021-10-05,450,9042,9492
390,2021-10-06,407,8070,8477
390,2021-10-07,415,8493,8908
390,2021-10-08,412,8421,8833
390,2021-10-09,304,5139,5443
390,2021-10-10,155,3607,3762
390,2021-10-11,426,7770,8196
390,2021-10-12,460,8785,9245
390,2021-10-13,466,8102,8568
390,2021-10-14,467,8918,9385
390,2021-10-15,442,8833,9275
390,2021-10-16,336,5017,5353
390,2021-10-17,154,3421,3575
390,2021-10-18,421,8016,8437
390,2021-10-19,415,8807,9222
390,2021-10-20,421,8207,8628
390,2021-10-21,429,8751,9180
390,2021-10-22,407,8309,8716
390,2021-10-23,290,5000,5290
390,2021-10-24,161,4097,4258
390,2021-10-25,432,8130,8562
390,2021-10-26,448,8372,8820
390,2021-10-27,446,8047,8493
390,2021-10-28,436,8390,8826
390,2021-10-29,400,8536,8936
390,2021-10-30,272,4300,4572
390,2021-11-01,163,3652,3815
390,2021-11-02,391,6714,7105
390,2021-11-03,396,6439,6835
390,2021-11-04,416,6424,6840
390,2021-11-05,407,6499,6906
390,2021-11-06,320,4405,4725
390,2021-11-07,163,2756,2919
390,2021-11-08,436,7889,8325
390,2021-11-09,455,8456,8911
390,2021-11-10,424,8157,8581
390,2021-11-11,452,8831,9283
390,2021-11-12,441,8539,8980
390,2021-11-13,270,4845,5115
390,2021-11-14,157,3408,3565
390,2021-11-15,420,8094,8514
390,2021-11-16,468,8587,9055
390,2021-11-17,406,8130,8536
390,2021-11-18,502,8848,9350
390,2021-11-19,438,8275,8713
390,2021-11-20,278,5207,5485
390,2021-11-21,152,3083,3235
390,2021-11-22,407,7666,8073
390,2021-11-23,441,8122,8563
390,2021-11-24,440,7959,8399
390,2021-11-25,455,8668,9123
390,2021-11-26,457,8395,8852
390,2021-11-27,271,4890,5161
390,2021-11-28,156,3196,3352
390,2021-11-29,487,7603,8090
390,2021-11-30,453,8211,8664
390,2021-12-01,431,7828,8259
390,2021-12-02,485,8212,8697
390,2021-12-03,470,7934,8404
390,2021-12-04,284,4886,5170
390,2021-12-05,157,3101,3258
390,2021-12-06,447,7091,7538
390,2021-12-07,432,7922,8354
390,2021-12-08,448,7952,8400
390,2021-12-17,343,7966,8309
390,2021-12-18,198,4282,4480
390,2021-12-19,141,2889,3030
390,2021-12-20,256,5682,5938
390,2021-12-21,112,3399,3511
390,2021-12-22,217,4660,4877
390,2021-12-23,216,4313,4529
390,2021-12-24,30,882,912
390,2021-12-25,105,1672,1777
390,2021-12-26,27,577,604
390,2021-12-27,69,1510,1579
390,2021-12-28,129,2740,2869
390,2021-12-29,46,1078,1124
390,2021-12-30,119,2669,2788
390,2021-12-31,193,3004,3197
394,2021-01-01,176,4345,4521
394,2021-01-02,318,6825,7143
394,2021-01-03,195,5248,5443
394,2021-01-04,559,9772,10331
394,2021-01-05,594,9874,10468
394,2021-01-06,559,10199,10758
394,2021-01-07,589,10093,10682
394,2021-01-08,586,10729,11315
394,2021-01-09,294,7926,8220
394,2021-01-10,191,6273,6464
394,2021-01-11,719,12487,13206
394,2021-01-12,697,12731,13428
394,2021-01-13,721,12665,13386
394,2021-01-14,700,13061,13761
394,2021-01-15,654,13847,14501
394,2021-01-16,193,5956,6149
394,2021-01-17,207,6283,6490
394,2021-01-18,686,12708,13394
394,2021-01-19,699,12529,13228
394,2021-01-20,699,12930,13629
394,2021-01-21,667,13555,14222
394,2021-01-22,721,13430,14151
394,2021-01-24,204,6985,7189
394,2021-01-25,730,12513,13243
394,2021-01-26,733,13133,13866
394,2021-01-27,734,13205,13939
394,2021-01-28,711,13387,14098
394,2021-01-29,647,13580,14227
394,2021-01-30,163,6006,6169
394,2021-01-31,196,6903,7099
394,2021-02-01,720,12766,13486
394,2021-02-02,742,13265,14007
394,2021-02-03,697,12954,13651
394,2021-02-04,694,13269,13963
394,2021-02-05,697,13710,14407
394,2021-02-06,178,5834,6012
394,2021-02-07,189,6917,7106
394,2021-02-08,739,11818,12557
394,2021-02-09,735,12617,13352
394,2021-02-10,710,12689,13399
394,2021-02-11,711,12848,13559
394,2021-02-12,661,13701,14362
394,2021-02-13,369,11398,11767
394,2021-02-14,197,7373,7570
394,2021-02-15,652,11321,11973
394,2021-02-16,656,11992,12648
394,2021-02-17,649,11955,12604
394,2021-02-18,662,12034,12696
394,2021-02-19,658,12922,13580
394,2021-02-20,372,10914,11286
394,2021-02-21,194,7942,8136
394,2021-02-22,711,12594,13305
394,2021-02-23,719,13189,13908
394,2021-02-24,725,13428,14153
394,2021-02-25,726,13726,14452
394,2021-02-26,723,14758,15481
394,2021-02-27,393,12233,12626
394,2021-02-28,193,8016,8209
394,2021-03-01,734,13026,13760
394,2021-03-02,740,13630,14370
394,2021-03-03,719,13445,14164
394,2021-03-04,730,13576,14306
394,2021-03-05,713,14315,15028
394,2021-03-06,395,12386,12781
394,2021-03-07,197,7614,7811
394,2021-03-08,716,13076,13792
394,2021-03-09,762,13386,14148
394,2021-03-10,704,13322,14026
394,2021-03-11,710,13536,14246
394,2021-03-12,722,14448,15170
394,2021-03-13,405,11270,11675
394,2021-03-14,196,6970,7166
394,2021-03-15,717,12885,13602
394,2021-03-16,749,13459,14208
394,2021-03-17,732,13730,14462
394,2021-03-18,736,13514,14250
394,2021-03-19,680,14544,15224
394,2021-03-20,233,6518,6751
394,2021-03-21,190,7415,7605
394,2021-03-22,734,12654,13388
394,2021-03-23,734,13445,14179
394,2021-03-24,774,13545,14319
394,2021-03-25,737,13954,14691
394,2021-03-26,758,14539,15297
394,2021-03-27,360,11373,11733
394,2021-03-29,731,13346,14077
394,2021-03-30,792,14018,14810
394,2021-03-31,800,13861,14661
394,2021-04-01,713,14206,14919
394,2021-04-02,703,14632,15335
394,2021-04-03,375,11381,11756
394,2021-04-04,195,6885,7080
394,2021-04-05,199,5951,6150
394,2021-04-06,691,13059,13750
394,2021-04-07,779,13391,14170
394,2021-04-08,822,13675,14497
394,2021-04-09,785,14314,15099
394,2021-04-10,456,10822,11278
394,2021-04-11,194,6623,6817
394,2021-04-12,714,12908,13622
394,2021-04-13,920,14824,15744
394,2021-04-14,785,13681,14466
394,2021-04-15,841,13858,14699
394,2021-04-16,763,13741,14504
394,2021-04-17,398,11825,12223
394,2021-04-18,200,8065,8265
394,2021-04-19,785,13198,13983
394,2021-04-20,821,13828,14649
394,2021-04-21,748,13427,14175
394,2021-04-22,724,13958,14682
394,2021-04-23,692,14918,15610
394,2021-04-24,388,12500,12888
394,2021-04-25,214,8626,8840
394,2021-04-26,706,13296,14002
394,2021-04-27,819,13951,14770
394,2021-04-28,739,14071,14810
394,2021-04-29,738,14708,15446
394,2021-04-30,746,15412,16158
394,2021-05-01,200,8577,8777
394,2021-05-02,201,8832,9033
394,2021-05-03,770,13858,14628
394,2021-05-04,946,14748,15694
394,2021-05-05,783,14413,15196
394,2021-05-06,777,14004,14781
394,2021-05-07,761,14823,15584
394,2021-05-08,380,12344,12724
394,2021-05-09,188,8410,8598
394,2021-05-10,754,13551,14305
394,2021-05-11,750,13821,14571
394,2021-05-12,772,14840,15612
394,2021-05-13,208,7828,8036
394,2021-05-14,645,13601,14246
394,2021-05-15,382,11104,11486
394,2021-05-16,217,7850,8067
394,2021-05-17,735,13700,14435
394,2021-05-18,730,14323,15053
394,2021-05-19,709,14209,14918
394,2021-05-20,738,14735,15473
394,2021-05-21,737,14867,15604
394,2021-05-22,473,12510,12983
394,2021-05-23,276,8269,8545
394,2021-05-24,301,7551,7852
394,2021-05-25,790,13726,14516
394,2021-05-26,787,13546,14333
394,2021-05-27,727,13124,13851
394,2021-05-28,764,13681,14445
394,2021-05-29,432,11671,12103
394,2021-05-30,263,8857,9120
394,2021-05-31,687,14341,15028
394,2021-06-01,704,14709,15413
394,2021-06-02,687,14011,14698
394,2021-06-03,709,14606,15315
394,2021-06-04,786,16000,16786
394,2021-06-05,406,7859,8265
394,2021-06-06,317,8489,8806
394,2021-06-07,721,13717,14438
394,2021-06-08,712,14344,15056
394,2021-06-09,775,14454,15229
394,2021-06-10,735,14932,15667
394,2021-06-11,714,15246,15960
394,2021-06-12,374,13036,13410
394,2021-06-13,212,10142,10354
394,2021-06-14,756,13906,14662
394,2021-06-15,759,15047,15806
394,2021-06-16,797,15142,15939
394,2021-06-17,772,14647,15419
394,2021-06-18,704,15000,15704
394,2021-06-19,418,13502,13920
394,2021-06-20,222,8574,8796
394,2021-06-21,582,12358,12940
394,2021-06-22,772,15515,16287
394,2021-06-23,219,8442,8661
394,2021-06-24,704,14071,14775
394,2021-06-25,747,14593,15340
394,2021-06-26,408,12212,12620
394,2021-07-03,433,12832,13265
394,2021-07-04,233,8497,8730
394,2021-07-05,769,13533,14302
394,2021-07-06,728,14300,15028
394,2021-07-07,764,14379,15143
394,2021-07-08,785,14359,15144
394,2021-07-09,748,14718,15466
394,2021-07-10,436,13132,13568
394,2021-07-11,236,9337,9573
394,2021-07-12,720,13451,14171
394,2021-07-13,702,13599,14301
394,2021-07-14,684,14422,15106
394,2021-07-15,238,7533,7771
394,2021-07-16,655,12791,13446
394,2021-07-17,526,11476,12002
394,2021-07-18,306,9244,9550
394,2021-07-19,769,12995,13764
394,2021-07-20,805,13333,14138
394,2021-07-21,801,13244,14045
394,2021-07-22,789,12679,13468
394,2021-07-23,851,13063,13914
394,2021-07-24,548,11789,12337
394,2021-07-25,333,8604,8937
394,2021-07-26,884,13301,14185
394,2021-07-27,819,12364,13183
394,2021-07-28,798,12741,13539
394,2021-07-29,807,13016,13823
394,2021-07-30,746,12568,13314
394,2021-07-31,512,10309,10821
394,2021-08-01,315,7786,8101
394,2021-08-02,727,11400,12127
394,2021-08-03,735,11280,12015
394,2021-08-04,756,12131,12887
394,2021-08-05,735,11343,12078
394,2021-08-06,716,11347,12063
394,2021-08-07,426,8912,9338
394,2021-08-08,230,6625,6855
394,2021-08-09,646,10457,11103
394,2021-08-10,656,10940,11596
394,2021-08-11,673,11387,12060
394,2021-08-12,646,11287,11933
394,2021-08-13,611,10976,11587
394,2021-08-14,402,8450,8852
394,2021-08-15,235,6539,6774
394,2021-08-16,617,10292,10909
394,2021-08-17,608,10584,11192
394,2021-08-18,619,10622,11241
394,2021-08-19,588,10901,11489
394,2021-08-20,584,11192,11776
394,2021-08-21,420,9172,9592
394,2021-08-22,226,7196,7422
394,2021-08-23,663,11101,11764
394,2021-08-24,682,11576,12258
394,2021-08-25,677,11545,12222
394,2021-08-26,663,11788,12451
394,2021-08-27,666,11751,12417
394,2021-08-28,429,9428,9857
394,2021-08-29,231,7609,7840
394,2021-08-30,752,12428,13180
394,2021-08-31,898,14043,14941
400,2021-01-01,203,3444,3647
400,2021-01-02,515,5349,5864
400,2021-01-03,233,4375,4608
400,2021-01-04,850,9215,10065
400,2021-01-05,918,9371,10289
400,2021-01-06,897,9606,10503
400,2021-01-07,922,9845,10767
400,2021-01-08,887,10129,11016
400,2021-01-09,513,6425,6938
400,2021-01-10,241,5001,5242
400,2021-01-11,1102,12777,13879
400,2021-01-12,1041,12772,13813
400,2021-01-13,1096,12708,13804
400,2021-01-14,1105,12983,14088
400,2021-01-15,1004,13268,14272
400,2021-01-16,506,8186,8692
400,2021-01-17,246,4881,5127
400,2021-01-18,1083,12573,13656
400,2021-01-19,1112,13027,14139
400,2021-01-20,1169,13209,14378
400,2021-01-21,1085,12989,14074
400,2021-01-22,1035,13586,14621
400,2021-01-23,562,8601,9163
400,2021-01-24,261,5610,5871
400,2021-01-25,1105,12437,13542
400,2021-01-26,1117,13129,14246
400,2021-01-27,1033,13058,14091
400,2021-01-28,1042,13551,14593
400,2021-01-29,1107,13878,14985
400,2021-01-30,506,9200,9706
400,2021-01-31,256,5531,5787
400,2021-02-01,1147,13136,14283
400,2021-02-02,1112,13387,14499
400,2021-02-03,1006,12686,13692
400,2021-02-04,1131,13228,14359
400,2021-02-05,1143,13584,14727
400,2021-02-06,508,8775,9283
400,2021-02-07,216,5400,5616
400,2021-02-08,1077,11636,12713
400,2021-02-09,1084,12099,13183
400,2021-02-10,1111,12871,13982
400,2021-02-11,1042,12957,13999
400,2021-02-12,1059,12727,13786
400,2021-02-13,536,8712,9248
400,2021-02-14,249,5799,6048
400,2021-02-15,1053,11256,12309
400,2021-02-16,1126,11881,13007
400,2021-02-17,1006,11633,12639
400,2021-02-18,1059,11650,12709
400,2021-02-19,1067,12163,13230
400,2021-02-20,526,8800,9326
400,2021-02-21,234,6537,6771
400,2021-02-22,1100,12818,13918
400,2021-02-23,1098,13579,14677
400,2021-02-24,1084,13653,14737
400,2021-02-25,1141,14104,15245
400,2021-02-26,1116,13850,14966
400,2021-02-27,554,9449,10003
400,2021-02-28,265,6447,6712
400,2021-03-01,1141,13597,14738
400,2021-03-02,1200,14120,15320
400,2021-03-03,1140,13537,14677
400,2021-03-04,1083,13677,14760
400,2021-03-05,1093,13751,14844
400,2021-03-06,551,9217,9768
400,2021-03-07,245,6376,6621
400,2021-03-08,1244,13296,14540
400,2021-03-09,1144,13656,14800
400,2021-03-10,1180,13523,14703
400,2021-03-11,1109,13668,14777
400,2021-03-12,1240,14208,15448
400,2021-03-13,535,8869,9404
400,2021-03-14,248,5752,6000
400,2021-03-15,1151,13196,14347
400,2021-03-16,1121,13322,14443
400,2021-03-20,606,9468,10074
400,2021-03-21,244,6035,6279
400,2021-03-22,1138,12728,13866
400,2021-03-23,1142,13537,14679
400,2021-03-27,578,9026,9604
400,2021-03-29,1137,13545,14682
400,2021-03-30,1102,13713,14815
400,2021-03-31,1152,14287,15439
400,2021-04-01,1173,14140,15313
400,2021-04-02,1104,14131,15235
400,2021-04-03,533,9366,9899
400,2021-04-04,241,6320,6561
400,2021-04-05,252,5084,5336
400,2021-04-06,1126,11806,12932
400,2021-04-07,1141,11917,13058
400,2021-04-08,1132,12117,13249
400,2021-04-09,1203,12498,13701
400,2021-04-10,597,8094,8691
400,2021-04-11,277,5418,5695
400,2021-04-12,1234,12580,13814
400,2021-04-13,1179,12258,13437
400,2021-04-14,1213,12182,13395
400,2021-04-15,1236,12674,13910
400,2021-04-16,1216,12885,14101
400,2021-04-17,637,9208,9845
400,2021-04-18,311,6014,6325
400,2021-04-19,1084,13333,14417
400,2021-04-20,1106,13646,14752
400,2021-04-21,1140,13810,14950
400,2021-04-22,1061,14074,15135
400,2021-04-23,1097,14442,15539
400,2021-04-24,615,10103,10718
400,2021-04-25,258,7332,7590
400,2021-04-26,1104,13891,14995
400,2021-04-27,1143,14350,15493
400,2021-04-28,1128,14152,15280
400,2021-04-29,1143,14656,15799
400,2021-04-30,1223,15626,16849
400,2021-05-01,242,7780,8022
400,2021-05-02,244,6990,7234
400,2021-05-03,1062,13761,14823
400,2021-05-04,1107,14221,15328
400,2021-05-05,1130,13860,14990
400,2021-05-06,1112,14355,15467
400,2021-05-07,1151,15030,16181
400,2021-05-08,570,10184,10754
400,2021-05-09,237,7491,7728
400,2021-05-10,1114,13332,14446
400,2021-05-11,1114,14161,15275
400,2021-05-12,1164,15128,16292
400,2021-05-13,253,6923,7176
400,2021-05-14,947,13339,14286
400,2021-05-15,529,9396,9925
400,2021-05-16,251,6443,6694
400,2021-05-17,1092,14054,15146
400,2021-05-18,1156,14678,15834
400,2021-05-19,1174,14856,16030
400,2021-05-20,1142,14705,15847
400,2021-05-21,1180,15144,16324
400,2021-05-22,765,10515,11280
400,2021-05-23,353,7146,7499
400,2021-05-24,325,5865,6190
400,2021-05-25,1076,12659,13735
400,2021-05-26,1106,12809,13915
400,2021-05-27,1241,13278,14519
400,2021-05-28,1186,13752,14938
400,2021-05-29,562,9993,10555
400,2021-05-30,265,7935,8200
400,2021-05-31,1091,14471,15562
400,2021-06-01,1111,15067,16178
400,2021-06-02,1089,15378,16467
400,2021-06-03,1128,15406,16534
400,2021-06-04,1089,14833,15922
400,2021-06-05,630,9914,10544
400,2021-06-06,309,7054,7363
400,2021-06-07,1112,14245,15357
400,2021-06-08,1234,15028,16262
400,2021-06-09,1193,15203,16396
400,2021-06-10,1152,15578,16730
400,2021-06-11,1147,15954,17101
400,2021-06-12,569,11158,11727
400,2021-06-13,804,16516,17320
400,2021-06-14,1100,14573,15673
400,2021-06-15,1082,15022,16104
400,2021-06-16,1104,15293,16397
400,2021-06-17,1128,15975,17103
400,2021-06-18,1137,15737,16874
400,2021-06-19,559,10388,10947
400,2021-06-20,266,7119,7385
400,2021-06-21,1087,14421,15508
400,2021-06-22,1138,15545,16683
400,2021-06-23,286,6913,7199
400,2021-06-24,1113,14800,15913
400,2021-06-25,1118,15855,16973
400,2021-06-26,629,10488,11117
400,2021-06-27,294,7558,7852
400,2021-06-28,1125,14400,15525
400,2021-06-29,1169,15037,16206
400,2021-06-30,1158,15532,16690
400,2021-07-01,1108,15399,16507
400,2021-07-02,1223,16425,17648
400,2021-07-03,590,11037,11627
400,2021-07-04,309,7276,7585
400,2021-07-05,1165,14442,15607
400,2021-07-06,1093,14662,15755
400,2021-07-07,1141,15034,16175
400,2021-07-08,1189,15311,16500
400,2021-07-09,1098,15873,16971
400,2021-07-10,685,13662,14347
400,2021-07-11,283,9181,9464
400,2021-07-13,1325,14827,16152
400,2021-07-14,996,14733,15729
400,2021-07-15,1034,15904,16938
400,2021-07-16,1254,15494,16748
400,2021-07-17,711,9506,10217
400,2021-07-18,413,7678,8091
400,2021-07-19,1255,13476,14731
400,2021-07-20,1214,13775,14989
400,2021-07-21,1272,13904,15176
400,2021-07-22,1303,14139,15442
400,2021-07-23,1226,13896,15122
400,2021-07-24,809,9015,9824
400,2021-07-25,384,6553,6937
400,2021-07-26,1289,12426,13715
400,2021-07-27,1265,12733,13998
400,2021-07-28,1239,13270,14509
400,2021-07-29,1151,13528,14679
400,2021-07-30,1033,13261,14294
400,2021-07-31,639,8968,9607
400,2021-08-01,400,6756,7156
400,2021-08-02,921,11139,12060
400,2021-08-03,924,11585,12509
400,2021-08-04,955,11950,12905
400,2021-08-05,992,11450,12442
400,2021-08-06,921,11816,12737
400,2021-08-07,599,7909,8508
400,2021-08-08,327,6002,6329
400,2021-08-09,910,10786,11696
400,2021-08-10,959,11347,12306
400,2021-08-11,945,11403,12348
400,2021-08-12,1016,12141,13157
400,2021-08-13,1137,12077,13214
400,2021-08-14,619,8040,8659
400,2021-08-15,354,6407,6761
400,2021-08-16,950,10305,11255
400,2021-08-17,932,10954,11886
400,2021-08-21,602,8425,9027
400,2021-08-22,334,6228,6562
400,2021-08-23,1154,11076,12230
400,2021-08-24,1129,11806,12935
400,2021-08-25,1199,12075,13274
400,2021-08-26,1179,11902,13081
400,2021-08-27,1192,12188,13380
400,2021-08-28,665,8433,9098
400,2021-08-29,380,6433,6813
400,2021-08-30,1160,11822,12982
400,2021-08-31,1229,12635,13864
400,2021-09-01,1216,12838,14054
400,2021-09-02,1214,13092,14306
400,2021-09-03,1227,13347,14574
400,2021-09-04,702,9314,10016
400,2021-09-05,388,7499,7887
400,2021-09-06,1228,13314,14542
400,2021-09-07,1163,13603,14766
400,2021-09-08,1195,14324,15519
400,2021-09-09,1185,13953,15138
400,2021-09-10,1184,14370,15554
400,2021-09-11,750,14308,15058
400,2021-09-12,442,11955,12397
400,2021-09-13,1203,15000,16203
400,2021-09-14,1213,14937,16150
400,2021-09-15,1235,14884,16119
400,2021-09-16,1193,15401,16594
400,2021-09-17,1309,15610,16919
400,2021-09-18,666,11451,12117
400,2021-09-19,389,8271,8660
400,2021-09-20,1331,14805,16136
400,2021-09-21,1333,15084,16417
400,2021-09-22,1260,15325,16585
400,2021-09-23,1311,15537,16848
400,2021-09-24,1325,15407,16732
400,2021-09-25,706,11179,11885
400,2021-09-26,352,7711,8063
400,2021-09-27,1175,14327,15502
400,2021-09-28,1236,15455,16691
400,2021-09-29,1177,15010,16187
400,2021-09-30,1184,15470,16654
400,2021-10-01,1292,15910,17202
400,2021-10-02,654,10587,11241
400,2021-10-03,380,7171,7551
400,2021-10-04,1186,14107,15293
400,2021-10-05,1160,15386,16546
400,2021-10-06,1259,15439,16698
400,2021-10-07,1238,15985,17223
400,2021-10-08,1164,15688,16852
400,2021-10-09,670,10963,11633
400,2021-10-10,343,8266,8609
400,2021-10-11,1168,14469,15637
400,2021-10-12,1232,15513,16745
400,2021-10-13,1136,15149,16285
400,2021-10-14,1237,15757,16994
400,2021-10-15,1218,15758,16976
400,2021-10-16,611,10612,11223
400,2021-10-17,349,7700,8049
400,2021-10-18,1316,14500,15816
400,2021-10-19,1166,15486,16652
400,2021-10-20,1172,14713,15885
400,2021-10-21,1167,15094,16261
400,2021-10-22,1303,15984,17287
400,2021-10-23,671,11085,11756
400,2021-10-24,922,19199,20121
400,2021-10-25,1250,14638,15888
400,2021-10-26,1194,14894,16088
400,2021-10-27,1187,14883,16070
400,2021-10-28,1240,15669,16909
400,2021-10-29,1202,16128,17330
400,2021-10-30,605,9839,10444
400,2021-11-01,358,7213,7571
400,2021-11-02,1102,13226,14328
400,2021-11-03,1197,13690,14887
400,2021-11-04,1175,13512,14687
400,2021-11-05,1169,13397,14566
400,2021-11-06,647,9707,10354
400,2021-11-07,356,7754,8110
400,2021-11-08,1235,14431,15666
400,2021-11-09,1312,15501,16813
400,2021-11-10,1289,15166,16455
400,2021-11-18,1315,15942,17257
400,2021-11-19,1079,14824,15903
400,2021-11-20,635,10632,11267
400,2021-11-21,306,7260,7566
400,2021-11-22,1065,13651,14716
400,2021-11-23,1037,14558,15595
400,2021-11-24,1022,14758,15780
400,2021-11-25,1001,15118,16119
400,2021-11-26,1095,15219,16314
400,2021-11-27,599,10627,11226
400,2021-11-28,355,7524,7879
400,2021-11-29,1268,14754,16022
400,2021-11-30,1199,14616,15815
400,2021-12-01,1136,14842,15978
400,2021-12-02,1323,14686,16009
400,2021-12-03,1322,15793,17115
400,2021-12-04,634,10677,11311
400,2021-12-05,336,7507,7843
400,2021-12-06,1171,14201,15372
400,2021-12-07,1283,14660,15943
400,2021-12-08,1375,14920,16295
400,2021-12-09,1331,15043,16374
400,2021-12-10,1260,15447,16707
400,2021-12-11,650,11317,11967
400,2021-12-12,320,7680,8000
400,2021-12-13,1096,14207,15303
400,2021-12-14,1215,15069,16284
400,2021-12-15,1249,15092,16341
400,2021-12-16,1149,15470,16619
400,2021-12-17,1069,15923,16992
400,2021-12-18,566,10469,11035
400,2021-12-19,284,7540,7824
400,2021-12-20,897,12366,13263
400,2021-12-21,936,12921,13857
400,2021-12-22,907,12811,13718
400,2021-12-23,898,12368,13266
400,2021-12-24,706,9627,10333
400,2021-12-25,195,4393,4588
400,2021-12-26,239,5185,5424
400,2021-12-27,797,9109,9906
400,2021-12-28,786,9464,10250
400,2021-12-29,818,9879,10697
400,2021-12-30,834,10710,11544
400,2021-12-31,780,9315,10095
401,2021-01-01,95,3042,3137
401,2021-01-02,235,5469,5704
401,2021-01-03,111,4168,4279
401,2021-01-04,446,7242,7688
401,2021-01-05,503,7512,8015
401,2021-01-06,510,7631,8141
401,2021-01-07,507,7532,8039
401,2021-01-08,529,8084,8613
401,2021-01-09,250,6797,7047
401,2021-01-10,121,4872,4993
401,2021-01-11,709,9767,10476
401,2021-01-12,702,9616,10318
401,2021-01-13,748,9324,10072
401,2021-01-15,657,10342,10999
401,2021-01-16,263,7848,8111
401,2021-01-17,121,4435,4556
401,2021-01-18,675,9817,10492
401,2021-01-19,742,9767,10509
401,2021-01-20,720,10208,10928
401,2021-01-21,702,9845,10547
401,2021-01-22,705,10498,11203
401,2021-01-23,262,8095,8357
401,2021-01-24,115,4819,4934
401,2021-01-25,679,10139,10818
401,2021-01-26,708,10300,11008
401,2021-01-27,737,10207,10944
401,2021-01-28,652,9761,10413
401,2021-01-29,626,10554,11180
401,2021-01-30,270,7771,8041
401,2021-01-31,133,4908,5041
401,2021-02-01,722,10093,10815
401,2021-02-02,731,10177,10908
401,2021-02-03,662,9461,10123
401,2021-02-04,752,10572,11324
401,2021-02-05,725,10929,11654
401,2021-02-06,313,7953,8266
401,2021-02-07,116,4980,5096
401,2021-02-08,655,9028,9683
401,2021-02-09,650,9554,10204
401,2021-02-10,648,9993,10641
401,2021-02-11,651,9828,10479
401,2021-02-12,641,10406,11047
401,2021-02-13,323,8542,8865
401,2021-02-14,117,5283,5400
401,2021-02-15,688,9337,10025
401,2021-02-16,768,10260,11028
401,2021-02-17,724,9970,10694
401,2021-02-18,802,10199,11001
401,2021-02-19,677,10410,11087
401,2021-02-20,301,8372,8673
401,2021-02-21,125,5945,6070
401,2021-02-22,760,10023,10783
401,2021-02-23,740,10614,11354
401,2021-02-24,724,10621,11345
401,2021-02-25,797,11003,11800
401,2021-02-26,769,11907,12676
401,2021-02-27,334,8887,9221
401,2021-02-28,126,5628,5754
401,2021-03-01,762,10226,10988
401,2021-03-02,818,10413,11231
401,2021-03-03,829,10604,11433
401,2021-03-04,776,10476,11252
401,2021-03-05,842,11191,12033
401,2021-03-06,340,8929,9269
401,2021-03-07,110,5603,5713
401,2021-03-08,925,10426,11351
401,2021-03-09,926,10675,11601
401,2021-03-10,868,10433,11301
401,2021-03-11,753,10356,11109
401,2021-03-12,865,10939,11804
401,2021-03-13,322,7931,8253
401,2021-03-14,114,4956,5070
401,2021-03-15,798,10224,11022
401,2021-03-16,746,10572,11318
401,2021-03-17,914,11587,12501
401,2021-03-18,846,10711,11557
401,2021-03-19,819,11079,11898
401,2021-03-20,303,8691,8994
401,2021-03-21,111,5360,5471
401,2021-03-22,778,9775,10553
401,2021-03-23,775,10548,11323
401,2021-03-24,763,10559,11322
401,2021-03-25,708,10763,11471
401,2021-03-26,755,11371,12126
401,2021-03-27,334,8697,9031
401,2021-03-29,801,11172,11973
401,2021-03-30,839,11819,12658
401,2021-03-31,793,11583,12376
401,2021-04-01,772,11605,12377
401,2021-04-02,787,12163,12950
401,2021-04-03,347,9164,9511
401,2021-04-04,110,5397,5507
401,2021-04-05,110,3991,4101
401,2021-04-06,812,11105,11917
401,2021-04-07,1009,11709,12718
401,2021-04-08,1045,12423,13468
401,2021-04-09,981,12751,13732
401,2021-04-10,404,8108,8512
401,2021-04-11,116,4351,4467
401,2021-04-12,792,10965,11757
401,2021-04-13,1036,11978,13014
401,2021-04-14,1000,11816,12816
401,2021-04-15,957,12076,13033
401,2021-04-16,896,11101,11997
401,2021-04-17,344,8373,8717
401,2021-04-18,108,5166,5274
401,2021-04-19,892,11811,12703
401,2021-04-20,932,11353,12285
401,2021-04-21,831,10419,11250
401,2021-04-22,786,10968,11754
401,2021-04-23,762,11482,12244
401,2021-04-24,349,9341,9690
401,2021-04-25,135,6269,6404
401,2021-04-26,842,10578,11420
401,2021-04-27,852,11085,11937
401,2021-04-28,811,10961,11772
401,2021-04-29,876,11311,12187
401,2021-04-30,808,12172,12980
401,2021-05-01,134,5700,5834
401,2021-05-02,122,5975,6097
401,2021-05-03,799,11566,12365
401,2021-05-04,879,12668,13547
401,2021-05-05,918,11532,12450
401,2021-05-06,849,11036,11885
401,2021-05-07,823,11641,12464
401,2021-05-08,362,9011,9373
401,2021-05-09,125,5831,5956
401,2021-05-10,817,10460,11277
401,2021-05-11,816,11100,11916
401,2021-05-12,852,11846,12698
401,2021-05-13,149,5389,5538
401,2021-05-14,588,10999,11587
401,2021-05-15,307,8320,8627
401,2021-05-16,117,5401,5518
401,2021-05-17,885,11351,12236
401,2021-05-18,721,11310,12031
401,2021-05-19,824,11075,11899
401,2021-05-20,837,11463,12300
401,2021-05-21,779,11839,12618
401,2021-05-22,485,10866,11351
401,2021-05-23,202,6765,6967
401,2021-05-24,244,5944,6188
401,2021-05-25,805,10019,10824
401,2021-05-26,839,10502,11341
401,2021-05-27,804,10381,11185
401,2021-05-28,810,10529,11339
401,2021-05-29,444,8964,9408
401,2021-05-30,220,6434,6654
401,2021-05-31,790,11109,11899
401,2021-06-01,762,11510,12272
401,2021-06-02,767,11432,12199
401,2021-06-03,828,10948,11776
401,2021-06-04,787,11204,11991
401,2021-06-05,351,9317,9668
401,2021-06-06,125,5850,5975
401,2021-06-07,791,10786,11577
401,2021-06-08,795,11193,11988
401,2021-06-09,745,11274,12019
401,2021-06-10,802,11791,12593
401,2021-06-11,817,12039,12856
401,2021-06-12,353,10396,10749
401,2021-06-13,159,7856,8015
401,2021-06-14,786,10867,11653
401,2021-06-15,822,12317,13139
401,2021-06-16,924,12589,13513
401,2021-06-17,951,11969,12920
401,2021-06-18,735,11589,12324
401,2021-06-19,357,9075,9432
401,2021-06-20,135,5843,5978
401,2021-06-21,634,9399,10033
401,2021-06-22,777,11553,12330
401,2021-06-23,153,5311,5464
401,2021-06-24,914,10992,11906
401,2021-06-25,913,11269,12182
401,2021-06-26,493,8995,9488
401,2021-06-27,143,6652,6795
401,2021-06-28,878,10199,11077
401,2021-06-29,837,10894,11731
401,2021-06-30,833,11300,12133
401,2021-07-01,814,11617,12431
401,2021-07-02,835,11826,12661
401,2021-07-03,381,9071,9452
401,2021-07-04,131,5631,5762
401,2021-07-05,797,10041,10838
401,2021-07-06,651,10179,10830
401,2021-07-07,829,11360,12189
401,2021-07-08,868,11182,12050
401,2021-07-09,808,11360,12168
401,2021-07-10,386,9757,10143
401,2021-07-11,131,6955,7086
401,2021-07-12,807,10644,11451
401,2021-07-13,673,10027,10700
401,2021-07-14,648,9528,10176
401,2021-07-15,583,11099,11682
401,2021-07-16,813,11821,12634
401,2021-07-17,490,8486,8976
401,2021-07-18,233,6080,6313
401,2021-07-19,831,10179,11010
401,2021-07-20,839,10275,11114
401,2021-07-21,838,10284,11122
401,2021-07-22,840,10281,11121
401,2021-07-23,905,10461,11366
401,2021-07-24,454,7448,7902
401,2021-07-25,221,4936,5157
401,2021-07-26,802,9512,10314
401,2021-07-27,738,9491,10229
401,2021-07-28,767,10357,11124
401,2021-07-29,732,9941,10673
401,2021-07-30,645,9824,10469
401,2021-07-31,459,8176,8635
401,2021-08-01,245,6054,6299
401,2021-08-02,611,8550,9161
401,2021-08-03,612,8426,9038
401,2021-08-04,598,8537,9135
401,2021-08-05,614,8551,9165
401,2021-08-06,593,8721,9314
401,2021-08-07,314,6557,6871
401,2021-08-08,121,4806,4927
401,2021-08-12,554,8876,9430
401,2021-08-13,502,8481,8983
401,2021-08-14,307,6806,7113
401,2021-08-15,140,4977,5117
401,2021-08-16,486,7558,8044
401,2021-08-17,490,8000,8490
401,2021-08-18,498,8182,8680
401,2021-08-19,519,8073,8592
401,2021-08-20,516,8234,8750
401,2021-08-21,329,7461,7790
401,2021-08-22,133,5406,5539
401,2021-08-23,551,8805,9356
401,2021-08-24,588,9127,9715
401,2021-08-25,590,8966,9556
401,2021-08-26,560,8648,9208
401,2021-08-27,582,8890,9472
401,2021-08-28,306,6812,7118
401,2021-08-29,140,5091,5231
401,2021-08-30,736,10530,11266
401,2021-08-31,897,12044,12941
401,2021-09-01,919,12466,13385
401,2021-09-02,927,12392,13319
401,2021-09-03,781,10874,11655
401,2021-09-04,429,9337,9766
401,2021-09-05,171,8682,8853
401,2021-09-06,827,11744,12571
401,2021-09-07,952,12613,13565
401,2021-09-08,985,12840,13825
401,2021-09-09,991,12659,13650
401,2021-09-10,887,11153,12040
401,2021-09-11,378,8323,8701
401,2021-09-12,134,6414,6548
401,2021-09-13,864,12094,12958
401,2021-09-14,902,11324,12226
401,2021-09-15,776,10516,11292
401,2021-09-16,765,11084,11849
401,2021-09-17,753,11361,12114
401,2021-09-18,348,8996,9344
401,2021-09-19,136,6357,6493
401,2021-09-20,806,10653,11459
401,2021-09-21,756,11158,11914
401,2021-09-22,795,10972,11767
401,2021-09-23,840,11059,11899
401,2021-09-24,776,11270,12046
401,2021-09-25,362,9588,9950
401,2021-09-26,137,6101,6238
401,2021-09-27,791,10440,11231
401,2021-09-28,749,10548,11297
401,2021-09-29,772,10674,11446
401,2021-09-30,787,11066,11853
401,2021-10-01,770,11553,12323
401,2021-10-02,355,9323,9678
401,2021-10-03,111,5897,6008
401,2021-10-04,959,12186,13145
401,2021-10-05,803,10720,11523
401,2021-10-06,767,10784,11551
401,2021-10-07,852,10948,11800
401,2021-10-08,846,11282,12128
401,2021-10-09,410,9308,9718
401,2021-10-10,144,6595,6739
401,2021-10-11,799,10421,11220
401,2021-10-12,746,10677,11423
401,2021-10-13,793,10850,11643
401,2021-10-14,791,11136,11927
401,2021-10-15,762,10848,11610
401,2021-10-16,356,9382,9738
401,2021-10-17,132,6285,6417
401,2021-10-18,838,10490,11328
401,2021-10-19,738,11273,12011
401,2021-10-20,837,10916,11753
401,2021-10-21,770,10662,11432
401,2021-10-22,827,11437,12264
401,2021-10-23,346,9529,9875
401,2021-10-24,154,7387,7541
401,2021-10-25,775,10369,11144
401,2021-10-26,786,10870,11656
401,2021-10-27,856,11183,12039
401,2021-10-28,838,11321,12159
401,2021-10-29,820,11519,12339
401,2021-10-30,458,9155,9613
401,2021-11-01,223,5995,6218
401,2021-11-02,780,9971,10751
401,2021-11-03,770,9775,10545
401,2021-11-04,835,10048,10883
401,2021-11-05,851,10415,11266
401,2021-11-06,455,8400,8855
401,2021-11-07,234,5833,6067
401,2021-11-08,846,10575,11421
401,2021-11-09,864,11182,12046
401,2021-11-10,842,10901,11743
401,2021-11-11,840,10552,11392
401,2021-11-12,897,11304,12201
401,2021-11-13,343,8860,9203
401,2021-11-14,140,5970,6110
401,2021-11-15,923,10315,11238
401,2021-11-16,832,10834,11666
401,2021-11-17,866,10471,11337
401,2021-11-18,990,11167,12157
401,2021-11-19,872,11069,11941
401,2021-11-20,425,9604,10029
401,2021-11-21,136,6471,6607
401,2021-11-22,892,10448,11340
401,2021-11-23,799,10837,11636
401,2021-11-24,874,11004,11878
401,2021-11-25,879,10861,11740
401,2021-11-26,818,11144,11962
401,2021-11-27,347,8903,9250
401,2021-11-28,127,5798,5925
401,2021-11-29,838,10494,11332
401,2021-11-30,816,10742,11558
401,2021-12-01,776,10517,11293
401,2021-12-02,865,10855,11720
401,2021-12-03,859,11120,11979
401,2021-12-04,351,8715,9066
401,2021-12-05,125,5727,5852
401,2021-12-06,808,10190,10998
401,2021-12-07,855,11058,11913
401,2021-12-08,818,10579,11397
401,2021-12-09,908,10674,11582
401,2021-12-10,774,10769,11543
401,2021-12-11,341,8934,9275
401,2021-12-12,121,5836,5957
401,2021-12-13,757,10325,11082
401,2021-12-14,767,10874,11641
401,2021-12-15,698,10965,11663
401,2021-12-16,811,11218,12029
401,2021-12-17,683,11199,11882
401,2021-12-18,318,8161,8479
401,2021-12-19,120,5629,5749
401,2021-12-20,488,9379,9867
401,2021-12-21,526,9456,9982
401,2021-12-22,520,9544,10064
401,2021-12-23,476,9453,9929
401,2021-12-24,337,7656,7993
401,2021-12-25,81,3840,3921
401,2021-12-26,102,3729,3831
401,2021-12-27,397,6867,7264
401,2021-12-28,384,7163,7547
401,2021-12-29,397,7574,7971
401,2021-12-30,391,7904,8295
401,2021-12-31,349,7203,7552
403,2021-01-01,32,3532,3564
403,2021-01-02,124,5249,5373
403,2021-01-03,40,4259,4299
403,2021-01-04,188,8055,8243
403,2021-01-05,215,8264,8479
403,2021-01-06,206,8309,8515
403,2021-01-07,235,8466,8701
403,2021-01-08,238,8741,8979
403,2021-01-09,111,6108,6219
403,2021-01-10,44,5188,5232
403,2021-01-11,395,11161,11556
403,2021-01-12,402,10899,11301
403,2021-01-13,367,11178,11545
403,2021-01-14,356,10547,10903
403,2021-01-15,348,11448,11796
403,2021-01-16,124,7696,7820
403,2021-01-17,48,4875,4923
403,2021-01-18,375,10973,11348
403,2021-01-19,411,11241,11652
403,2021-01-20,413,11564,11977
403,2021-01-21,405,11303,11708
403,2021-01-22,400,11582,11982
403,2021-01-23,128,8077,8205
403,2021-01-24,48,5224,5272
403,2021-01-25,379,10891,11270
403,2021-01-26,419,11655,12074
403,2021-01-27,352,11154,11506
403,2021-01-28,383,11412,11795
403,2021-01-29,372,11970,12342
403,2021-01-30,124,8303,8427
403,2021-01-31,47,5144,5191
403,2021-02-01,377,11455,11832
403,2021-02-02,403,11666,12069
403,2021-02-03,407,11053,11460
403,2021-02-04,420,11780,12200
403,2021-02-05,401,11920,12321
403,2021-02-06,138,8339,8477
403,2021-02-07,43,5312,5355
403,2021-02-08,411,10157,10568
403,2021-02-09,368,10758,11126
403,2021-02-10,424,10899,11323
403,2021-02-11,391,11354,11745
403,2021-02-12,356,11309,11665
403,2021-02-13,131,8421,8552
403,2021-02-14,54,6105,6159
403,2021-02-15,359,9847,10206
403,2021-02-16,405,10776,11181
403,2021-02-17,397,10571,10968
403,2021-02-18,365,10618,10983
403,2021-02-19,384,11231,11615
403,2021-02-20,154,8976,9130
403,2021-02-21,67,7248,7315
403,2021-02-22,386,11431,11817
403,2021-02-23,547,13376,13923
403,2021-02-24,458,12463,12921
403,2021-02-25,447,12624,13071
403,2021-02-26,428,12697,13125
403,2021-02-27,185,9428,9613
403,2021-02-28,46,6961,7007
403,2021-03-01,481,12008,12489
403,2021-03-02,445,12227,12672
403,2021-03-03,448,12087,12535
403,2021-03-04,500,12129,12629
403,2021-03-05,482,12360,12842
403,2021-03-06,175,9262,9437
403,2021-03-07,52,6679,6731
403,2021-03-08,439,11704,12143
403,2021-03-09,538,11987,12525
403,2021-03-10,436,11956,12392
403,2021-03-11,423,11968,12391
403,2021-03-12,412,12195,12607
403,2021-03-13,147,8221,8368
403,2021-03-14,42,5152,5194
403,2021-03-15,446,11584,12030
403,2021-03-16,431,12685,13116
403,2021-03-17,432,11939,12371
403,2021-03-18,477,12429,12906
403,2021-03-19,449,12675,13124
403,2021-03-20,164,9700,9864
403,2021-03-21,52,5879,5931
403,2021-03-22,437,11435,11872
403,2021-03-23,462,12394,12856
403,2021-03-24,537,13024,13561
403,2021-03-25,453,12465,12918
403,2021-03-26,514,12745,13259
403,2021-03-29,460,12930,13390
403,2021-03-30,483,13583,14066
403,2021-04-08,476,11526,12002
403,2021-04-09,408,11924,12332
403,2021-04-10,178,7479,7657
403,2021-04-11,27,4637,4664
403,2021-04-12,418,11732,12150
403,2021-04-13,504,12596,13100
403,2021-04-14,479,12252,12731
403,2021-04-15,483,12733,13216
403,2021-04-16,536,12015,12551
403,2021-04-17,196,9361,9557
403,2021-04-18,44,6209,6253
403,2021-04-19,473,12389,12862
403,2021-04-20,592,13759,14351
403,2021-04-21,396,12508,12904
403,2021-04-22,331,12843,13174
403,2021-04-23,348,13510,13858
403,2021-04-24,176,10707,10883
403,2021-04-25,40,8083,8123
403,2021-04-26,392,12474,12866
403,2021-04-27,499,13089,13588
403,2021-04-28,354,12843,13197
403,2021-04-29,356,13220,13576
403,2021-04-30,401,14162,14563
403,2021-05-01,60,7590,7650
403,2021-05-02,39,7057,7096
403,2021-05-03,398,12686,13084
403,2021-05-04,544,12562,13106
403,2021-05-05,412,12829,13241
403,2021-05-06,337,12982,13319
403,2021-05-07,363,13676,14039
403,2021-05-08,155,9986,10141
403,2021-05-09,41,8105,8146
403,2021-05-10,524,12257,12781
403,2021-05-11,489,12725,13214
403,2021-05-12,513,13555,14068
403,2021-05-13,61,7165,7226
403,2021-05-14,264,12495,12759
403,2021-05-15,111,9286,9397
403,2021-05-16,43,6479,6522
403,2021-05-17,413,12229,12642
403,2021-05-18,372,13018,13390
403,2021-05-19,355,13644,13999
403,2021-05-20,390,13490,13880
403,2021-05-21,409,13521,13930
403,2021-05-22,136,8904,9040
403,2021-05-23,39,6490,6529
403,2021-05-24,66,5198,5264
403,2021-05-25,371,11081,11452
403,2021-05-26,353,11216,11569
403,2021-05-27,403,11404,11807
403,2021-05-28,361,12184,12545
403,2021-05-29,150,9478,9628
403,2021-05-30,42,7652,7694
403,2021-05-31,356,13105,13461
403,2021-06-01,337,13397,13734
403,2021-06-02,411,13675,14086
403,2021-06-03,361,13557,13918
403,2021-06-04,411,13181,13592
403,2021-06-05,139,10355,10494
403,2021-06-06,68,7382,7450
403,2021-06-07,354,12601,12955
403,2021-06-08,428,13240,13668
403,2021-06-09,414,13534,13948
403,2021-06-10,395,13529,13924
403,2021-06-11,414,14285,14699
403,2021-06-12,237,13153,13390
403,2021-06-13,90,11891,11981
403,2021-06-14,404,12904,13308
403,2021-06-15,452,13510,13962
403,2021-06-16,488,13929,14417
403,2021-06-17,449,14138,14587
403,2021-06-18,379,13893,14272
403,2021-06-19,145,10191,10336
403,2021-06-20,46,7257,7303
403,2021-06-21,387,12507,12894
403,2021-06-22,408,13150,13558
403,2021-06-23,49,7430,7479
403,2021-06-24,399,12832,13231
403,2021-06-25,414,13844,14258
403,2021-06-26,165,10268,10433
403,2021-06-27,50,7466,7516
403,2021-06-28,373,12689,13062
403,2021-06-29,381,13240,13621
403,2021-06-30,342,13512,13854
403,2021-07-01,357,13624,13981
403,2021-07-02,410,14362,14772
403,2021-07-03,140,10545,10685
403,2021-07-04,41,6671,6712
403,2021-07-05,363,13112,13475
403,2021-07-06,387,12183,12570
403,2021-07-07,422,13581,14003
403,2021-07-08,447,13677,14124
403,2021-07-09,418,14229,14647
403,2021-07-10,217,13941,14158
403,2021-07-11,69,9694,9763
403,2021-07-12,426,13309,13735
403,2021-07-13,366,12320,12686
403,2021-07-14,344,11267,11611
403,2021-07-15,308,11279,11587
403,2021-07-16,362,11834,12196
403,2021-07-17,152,8882,9034
403,2021-07-18,56,7235,7291
403,2021-07-19,352,11899,12251
403,2021-07-20,431,12596,13027
403,2021-07-21,393,12727,13120
403,2021-07-22,381,12368,12749
403,2021-07-23,351,12481,12832
403,2021-07-24,381,8531,8912
403,2021-07-25,46,6597,6643
403,2021-07-26,393,11702,12095
403,2021-07-27,373,11672,12045
403,2021-07-28,347,12352,12699
403,2021-07-29,324,12303,12627
403,2021-07-30,265,11781,12046
403,2021-07-31,133,8504,8637
403,2021-08-01,55,6666,6721
403,2021-08-02,241,10293,10534
403,2021-08-03,234,10001,10235
403,2021-08-04,237,10936,11173
403,2021-08-05,233,10668,10901
403,2021-08-06,217,10174,10391
403,2021-08-07,131,7561,7692
403,2021-08-08,35,6004,6039
403,2021-08-09,203,9362,9565
403,2021-08-10,255,10923,11178
403,2021-08-11,270,10816,11086
403,2021-08-12,240,10680,10920
403,2021-08-13,212,10392,10604
403,2021-08-14,133,7984,8117
403,2021-08-15,47,6630,6677
403,2021-08-16,214,9168,9382
403,2021-08-17,213,9907,10120
403,2021-08-18,222,10246,10468
403,2021-08-19,220,10298,10518
403,2021-08-20,211,10368,10579
403,2021-08-21,96,8838,8934
403,2021-08-22,45,6324,6369
403,2021-08-23,238,10253,10491
403,2021-08-24,291,11120,11411
403,2021-08-25,305,11311,11616
403,2021-08-26,274,10837,11111
403,2021-08-27,299,11268,11567
403,2021-08-28,123,8354,8477
403,2021-08-29,49,6632,6681
403,2021-08-30,384,11360,11744
403,2021-08-31,579,12434,13013
403,2021-09-01,601,12451,13052
403,2021-09-02,534,12692,13226
403,2021-09-03,383,12010,12393
403,2021-09-04,193,9449,9642
403,2021-09-05,161,8835,8996
403,2021-09-06,507,12265,12772
403,2021-09-07,563,13128,13691
403,2021-09-08,507,13549,14056
403,2021-09-09,486,13149,13635
403,2021-09-10,420,12379,12799
403,2021-09-11,148,10136,10284
403,2021-09-12,45,8832,8877
403,2021-09-13,436,13354,13790
403,2021-09-14,436,13018,13454
403,2021-09-15,328,12462,12790
403,2021-09-16,413,13284,13697
403,2021-09-17,404,13957,14361
403,2021-09-18,195,11132,11327
403,2021-09-19,47,8113,8160
403,2021-09-20,375,12545,12920
403,2021-09-21,357,13153,13510
403,2021-09-22,428,13304,13732
403,2021-09-23,457,13680,14137
403,2021-09-24,368,13799,14167
403,2021-09-25,165,11668,11833
403,2021-09-26,50,7322,7372
403,2021-09-27,385,12887,13272
403,2021-09-28,382,13394,13776
403,2021-09-29,375,13380,13755
403,2021-09-30,384,13711,14095
403,2021-10-01,415,14222,14637
403,2021-10-02,143,10377,10520
403,2021-10-03,89,6996,7085
403,2021-10-04,473,12437,12910
403,2021-10-05,387,13164,13551
403,2021-10-06,382,13219,13601
403,2021-10-07,363,13902,14265
403,2021-10-08,353,14388,14741
403,2021-10-09,188,11060,11248
403,2021-10-10,53,8302,8355
403,2021-10-11,364,12715,13079
403,2021-10-12,416,13238,13654
403,2021-10-13,353,13011,13364
403,2021-10-14,420,13857,14277
403,2021-10-15,371,14017,14388
403,2021-10-16,146,10534,10680
403,2021-10-17,56,7698,7754
403,2021-10-18,333,12840,13173
403,2021-10-19,372,13407,13779
403,2021-10-20,375,13271,13646
403,2021-10-21,323,13269,13592
403,2021-10-22,341,14505,14846
403,2021-10-23,153,10367,10520
403,2021-10-24,86,10702,10788
403,2021-10-25,361,12804,13165
403,2021-10-26,396,13350,13746
403,2021-10-27,381,13438,13819
403,2021-10-28,374,14052,14426
403,2021-10-29,384,14275,14659
403,2021-10-30,90,8947,9037
403,2021-11-01,48,6977,7025
403,2021-11-02,322,11540,11862
403,2021-11-03,343,11337,11680
403,2021-11-04,389,11715,12104
403,2021-11-05,337,13044,13381
403,2021-11-06,126,9104,9230
403,2021-11-07,50,6631,6681
403,2021-11-08,419,12615,13034
403,2021-11-09,359,13116,13475
403,2021-11-10,375,13314,13689
403,2021-11-11,380,14004,14384
403,2021-11-12,354,14067,14421
403,2021-11-13,143,9910,10053
403,2021-11-14,41,7001,7042
403,2021-11-15,408,12376,12784
403,2021-11-16,397,13063,13460
403,2021-11-17,372,13032,13404
403,2021-11-18,483,14361,14844
403,2021-11-19,350,13534,13884
403,2021-11-20,369,10607,10976
403,2021-11-21,47,7317,7364
403,2021-11-22,313,12521,12834
403,2021-11-23,389,13206,13595
403,2021-11-24,406,13157,13563
403,2021-11-25,378,13536,13914
403,2021-11-26,417,13825,14242
403,2021-11-27,95,9796,9891
403,2021-11-28,44,7295,7339
403,2021-11-29,378,12315,12693
403,2021-11-30,396,12771,13167
403,2021-12-01,408,12891,13299
403,2021-12-02,427,13113,13540
403,2021-12-03,475,13886,14361
403,2021-12-04,124,9798,9922
403,2021-12-05,33,7132,7165
403,2021-12-06,451,12517,12968
403,2021-12-07,419,12710,13129
403,2021-12-08,424,13078,13502
403,2021-12-09,417,13465,13882
403,2021-12-10,373,12312,12685
403,2021-12-11,111,10004,10115
403,2021-12-12,34,6915,6949
403,2021-12-13,420,12127,12547
403,2021-12-14,444,12963,13407
403,2021-12-15,491,13216,13707
403,2021-12-16,418,13607,14025
403,2021-12-17,324,14037,14361
403,2021-12-18,126,9816,9942
403,2021-12-19,47,6883,6930
403,2021-12-20,238,10547,10785
403,2021-12-21,204,10761,10965
403,2021-12-22,226,10689,10915
403,2021-12-23,179,10187,10366
403,2021-12-24,108,7682,7790
403,2021-12-25,25,4679,4704
403,2021-12-26,23,4564,4587
403,2021-12-27,123,7538,7661
403,2021-12-28,152,8067,8219
403,2021-12-29,149,8373,8522
403,2021-12-30,137,8527,8664
403,2021-12-31,115,7646,7761
405,2021-01-02,234,4197,4431
405,2021-01-03,26,3657,3683
405,2021-01-04,309,6275,6584
405,2021-01-05,295,6420,6715
405,2021-01-06,312,6309,6621
405,2021-01-07,325,6654,6979
405,2021-01-08,313,6718,7031
405,2021-01-09,228,5080,5308
405,2021-01-10,45,4648,4693
405,2021-01-11,418,8641,9059
405,2021-01-12,404,9025,9429
405,2021-01-13,429,8865,9294
405,2021-01-14,420,8109,8529
405,2021-01-15,402,8216,8618
405,2021-01-16,246,5234,5480
405,2021-01-17,28,3981,4009
405,2021-01-21,749,8815,9564
405,2021-01-22,690,8944,9634
405,2021-01-23,353,5569,5922
405,2021-01-24,68,3730,3798
405,2021-01-25,692,8662,9354
405,2021-01-26,838,8731,9569
405,2021-01-27,641,8369,9010
405,2021-01-28,569,9042,9611
405,2021-01-29,616,9008,9624
405,2021-01-30,311,5759,6070
405,2021-01-31,67,3850,3917
405,2021-02-01,714,8975,9689
405,2021-02-02,612,9355,9967
405,2021-02-03,606,8986,9592
405,2021-02-04,777,9220,9997
405,2021-02-05,750,9150,9900
405,2021-02-06,340,5621,5961
405,2021-02-07,58,3965,4023
405,2021-02-08,655,7562,8217
405,2021-02-09,675,7828,8503
405,2021-02-10,653,7872,8525
405,2021-02-11,640,8398,9038
405,2021-02-12,664,8237,8901
405,2021-02-13,353,5773,6126
405,2021-02-19,333,6931,7264
405,2021-02-20,263,6153,6416
405,2021-02-21,38,5024,5062
405,2021-02-22,461,8886,9347
405,2021-02-23,461,9596,10057
405,2021-02-24,489,9473,9962
405,2021-02-25,533,9983,10516
405,2021-02-26,488,9703,10191
405,2021-02-27,341,6409,6750
405,2021-02-28,44,5010,5054
405,2021-03-02,542,9738,10280
405,2021-03-03,459,9717,10176
405,2021-03-04,469,9306,9775
405,2021-03-05,523,9465,9988
405,2021-03-06,315,6646,6961
405,2021-03-07,55,5124,5179
405,2021-03-08,484,9258,9742
405,2021-03-09,443,9527,9970
405,2021-03-10,462,9510,9972
405,2021-03-11,440,9269,9709
405,2021-03-12,492,9454,9946
405,2021-03-13,268,5584,5852
405,2021-03-14,42,4063,4105
405,2021-03-15,479,9176,9655
405,2021-03-16,455,9488,9943
405,2021-03-17,486,9497,9983
405,2021-03-18,537,9714,10251
405,2021-03-19,566,9562,10128
405,2021-03-20,351,6600,6951
405,2021-03-21,56,4617,4673
405,2021-03-22,493,9086,9579
405,2021-03-23,505,9935,10440
405,2021-03-24,539,10225,10764
405,2021-03-25,484,9848,10332
405,2021-03-26,503,9987,10490
405,2021-03-27,311,6184,6495
405,2021-03-29,517,9786,10303
405,2021-03-30,472,10003,10475
405,2021-03-31,475,10392,10867
405,2021-04-01,466,10677,11143
405,2021-04-02,554,10024,10578
405,2021-04-03,310,6247,6557
405,2021-04-04,33,4880,4913
405,2021-04-05,52,3662,3714
405,2021-04-06,478,8673,9151
405,2021-04-07,469,8483,8952
405,2021-04-08,510,8545,9055
405,2021-04-09,473,8616,9089
405,2021-04-10,288,5298,5586
405,2021-04-11,30,3593,3623
405,2021-04-12,566,8202,8768
405,2021-04-13,624,8762,9386
405,2021-04-14,533,9040,9573
405,2021-04-15,434,9983,10417
405,2021-04-16,506,9089,9595
405,2021-04-17,290,6319,6609
405,2021-04-18,42,4488,4530
405,2021-04-19,541,9643,10184
405,2021-04-20,464,10250,10714
405,2021-04-21,452,9993,10445
405,2021-04-22,471,10274,10745
405,2021-04-23,491,10369,10860
405,2021-04-24,325,7474,7799
405,2021-04-25,36,5587,5623
405,2021-04-26,524,9827,10351
405,2021-04-27,563,10663,11226
405,2021-04-28,547,10330,10877
405,2021-04-29,534,10743,11277
405,2021-04-30,514,10965,11479
405,2021-05-01,69,5492,5561
405,2021-05-02,44,5064,5108
405,2021-05-03,511,9991,10502
405,2021-05-04,552,10750,11302
405,2021-05-05,535,10372,10907
405,2021-05-06,493,10314,10807
405,2021-05-07,522,10387,10909
405,2021-05-08,309,6944,7253
405,2021-05-09,134,6026,6160
405,2021-05-10,551,9738,10289
405,2021-05-11,556,10069,10625
405,2021-05-12,553,10393,10946
405,2021-05-13,140,4988,5128
405,2021-05-14,460,8971,9431
405,2021-05-15,293,5860,6153
405,2021-05-16,141,4338,4479
405,2021-05-17,560,9303,9863
405,2021-05-18,510,10205,10715
405,2021-05-19,526,10134,10660
405,2021-05-20,552,10353,10905
405,2021-05-21,535,9985,10520
405,2021-05-22,290,6507,6797
405,2021-05-23,128,4726,4854
405,2021-05-24,151,3934,4085
405,2021-05-25,530,8305,8835
405,2021-05-26,506,8522,9028
405,2021-05-27,584,8909,9493
405,2021-05-28,562,9419,9981
405,2021-05-29,313,6897,7210
405,2021-05-30,174,5728,5902
405,2021-05-31,566,9857,10423
405,2021-06-01,532,10305,10837
405,2021-06-02,575,10315,10890
405,2021-06-03,577,10496,11073
405,2021-06-04,579,10742,11321
405,2021-06-05,315,7035,7350
405,2021-06-06,118,5081,5199
405,2021-06-07,543,9963,10506
405,2021-06-08,582,10742,11324
405,2021-06-09,563,11390,11953
405,2021-06-10,559,10947,11506
405,2021-06-11,535,11182,11717
405,2021-06-12,307,8417,8724
405,2021-06-13,135,7623,7758
405,2021-06-14,562,10405,10967
405,2021-06-15,522,11045,11567
405,2021-06-16,509,11014,11523
405,2021-06-17,542,11083,11625
405,2021-06-18,504,10588,11092
405,2021-06-19,302,6918,7220
405,2021-06-20,139,5133,5272
405,2021-06-21,529,9485,10014
405,2021-06-22,543,10055,10598
405,2021-06-23,147,4612,4759
405,2021-06-24,530,10192,10722
405,2021-06-25,529,10226,10755
405,2021-06-26,291,7093,7384
405,2021-06-27,142,4992,5134
405,2021-06-28,518,9918,10436
405,2021-06-29,548,10385,10933
405,2021-06-30,544,10687,11231
405,2021-07-01,546,10848,11394
405,2021-07-02,562,11295,11857
405,2021-07-03,318,7014,7332
405,2021-07-04,146,4792,4938
405,2021-07-05,503,9803,10306
405,2021-07-06,536,10621,11157
405,2021-07-07,556,10090,10646
405,2021-07-08,537,10440,10977
405,2021-07-09,525,10758,11283
405,2021-07-10,321,8704,9025
405,2021-07-11,148,6642,6790
405,2021-07-12,534,9860,10394
405,2021-07-13,513,10068,10581
405,2021-07-14,491,10647,11138
405,2021-07-15,430,7885,8315
405,2021-07-16,495,9593,10088
405,2021-07-17,297,6430,6727
405,2021-07-18,133,5420,5553
405,2021-07-19,484,10006,10490
405,2021-07-20,530,9527,10057
405,2021-07-21,486,9701,10187
405,2021-07-22,544,9558,10102
405,2021-08-01,146,5128,5274
405,2021-08-02,411,8763,9174
405,2021-08-03,392,8427,8819
405,2021-08-04,434,8547,8981
405,2021-08-05,369,7487,7856
405,2021-08-06,377,7164,7541
405,2021-08-07,281,5198,5479
405,2021-08-08,137,3826,3963
405,2021-08-09,370,6643,7013
405,2021-08-10,385,7055,7440
405,2021-08-11,372,7321,7693
405,2021-08-12,385,7391,7776
405,2021-08-13,391,7115,7506
405,2021-08-14,265,5269,5534
405,2021-08-15,141,4510,4651
405,2021-08-16,365,6514,6879
405,2021-08-17,404,6887,7291
405,2021-08-18,395,6893,7288
405,2021-08-19,419,7240,7659
405,2021-08-20,365,7285,7650
405,2021-08-21,284,5021,5305
405,2021-08-22,143,3494,3637
405,2021-08-23,441,7605,8046
405,2021-08-24,465,8131,8596
405,2021-08-25,467,8458,8925
405,2021-08-26,484,8349,8833
405,2021-08-27,470,7965,8435
405,2021-08-28,274,5176,5450
405,2021-08-29,145,4217,4362
405,2021-08-30,475,7843,8318
405,2021-08-31,493,8759,9252
405,2021-09-01,474,9373,9847
405,2021-09-02,522,9550,10072
405,2021-09-03,508,9353,9861
405,2021-09-04,360,6345,6705
405,2021-09-05,155,5447,5602
405,2021-09-06,610,9003,9613
405,2021-09-07,545,9841,10386
405,2021-09-08,583,9881,10464
405,2021-09-09,537,9538,10075
405,2021-09-10,505,9333,9838
405,2021-09-11,297,6609,6906
405,2021-09-12,172,5395,5567
405,2021-09-13,533,9567,10100
405,2021-09-14,553,10232,10785
405,2021-09-15,531,10340,10871
405,2021-09-16,476,11015,11491
405,2021-09-17,579,10910,11489
405,2021-09-18,327,8733,9060
405,2021-09-19,163,5667,5830
405,2021-09-20,588,10199,10787
405,2021-09-21,604,10439,11043
405,2021-09-22,638,10230,10868
405,2021-09-23,578,10743,11321
405,2021-09-24,628,10483,11111
405,2021-09-25,491,8883,9374
405,2021-09-26,202,5184,5386
405,2021-09-27,573,9962,10535
405,2021-09-28,619,10498,11117
405,2021-09-29,589,10041,10630
405,2021-09-30,603,10268,10871
405,2021-10-01,585,10333,10918
405,2021-10-02,421,6999,7420
405,2021-10-03,172,5141,5313
405,2021-10-04,668,10886,11554
405,2021-10-05,579,10734,11313
405,2021-10-06,607,9906,10513
405,2021-10-07,597,10618,11215
405,2021-10-08,596,10502,11098
405,2021-10-09,389,7418,7807
405,2021-10-10,173,5693,5866
405,2021-10-11,652,9681,10333
405,2021-10-12,619,10336,10955
405,2021-10-13,635,10043,10678
405,2021-10-14,650,10794,11444
405,2021-10-15,644,10703,11347
405,2021-10-16,391,7269,7660
405,2021-10-17,183,5419,5602
405,2021-10-18,620,9793,10413
405,2021-10-19,579,10496,11075
405,2021-10-20,592,10124,10716
405,2021-10-21,574,10684,11258
405,2021-10-22,600,10786,11386
405,2021-10-23,365,7140,7505
405,2021-10-24,197,7230,7427
405,2021-10-25,611,9948,10559
405,2021-10-26,563,10524,11087
405,2021-10-27,609,10356,10965
405,2021-10-28,638,10763,11401
405,2021-10-29,613,10785,11398
405,2021-10-30,353,6131,6484
405,2021-11-01,172,4728,4900
405,2021-11-02,634,8689,9323
405,2021-11-03,601,8333,8934
405,2021-11-04,647,8295,8942
405,2021-11-05,618,8618,9236
405,2021-11-06,374,6267,6641
405,2021-11-07,165,4535,4700
405,2021-11-08,585,9664,10249
405,2021-11-09,618,10138,10756
405,2021-11-10,625,9897,10522
405,2021-11-11,676,10263,10939
405,2021-11-12,629,10128,10757
405,2021-11-13,364,6495,6859
405,2021-11-14,172,4839,5011
405,2021-11-15,612,9608,10220
405,2021-11-16,648,10181,10829
405,2021-11-17,616,9786,10402
405,2021-11-18,672,10849,11521
405,2021-11-19,597,10252,10849
405,2021-11-20,366,7112,7478
405,2021-11-21,163,4809,4972
405,2021-11-22,680,9568,10248
405,2021-11-23,654,9966,10620
405,2021-11-24,643,9760,10403
405,2021-11-25,683,10285,10968
405,2021-11-26,578,10387,10965
405,2021-11-27,348,6747,7095
405,2021-11-28,180,4611,4791
405,2021-11-29,605,9219,9824
405,2021-11-30,576,9418,9994
405,2021-12-01,548,9371,9919
405,2021-12-02,621,9734,10355
405,2021-12-03,637,9739,10376
405,2021-12-04,338,6404,6742
405,2021-12-05,156,4794,4950
405,2021-12-06,625,8519,9144
405,2021-12-07,603,9466,10069
405,2021-12-08,587,9859,10446
405,2021-12-09,601,10062,10663
405,2021-12-10,622,9470,10092
405,2021-12-11,360,6682,7042
405,2021-12-12,151,4588,4739
405,2021-12-13,462,9466,9928
405,2021-12-14,496,9807,10303
405,2021-12-15,508,9955,10463
405,2021-12-16,477,10387,10864
405,2021-12-17,438,9713,10151
405,2021-12-18,235,5971,6206
405,2021-12-19,147,4321,4468
405,2021-12-20,324,7089,7413
405,2021-12-21,337,7453,7790
405,2021-12-22,318,7323,7641
405,2021-12-23,331,6937,7268
405,2021-12-24,238,5610,5848
405,2021-12-25,122,3296,3418
405,2021-12-26,141,3046,3187
405,2021-12-27,268,5403,5671
405,2021-12-28,273,5690,5963
405,2021-12-29,272,5730,6002
405,2021-12-30,280,5654,5934
405,2021-12-31,245,5359,5604
406,2021-01-21,459,9696,10155
406,2021-01-22,421,9938,10359
406,2021-01-23,137,6459,6596
406,2021-01-24,32,3333,3365
406,2021-01-25,420,9609,10029
406,2021-01-26,455,9697,10152
406,2021-01-27,366,9013,9379
406,2021-01-28,411,9729,10140
406,2021-01-29,412,9930,10342
406,2021-01-30,124,6701,6825
406,2021-01-31,23,3390,3413
406,2021-02-01,459,9805,10264
406,2021-02-02,441,9974,10415
406,2021-02-03,451,9713,10164
406,2021-02-04,456,9981,10437
406,2021-02-05,473,9966,10439
406,2021-02-06,115,6454,6569
406,2021-02-07,32,3333,3365
406,2021-02-14,26,3520,3546
406,2021-02-15,466,7751,8217
406,2021-02-16,492,8570,9062
406,2021-02-17,439,8771,9210
406,2021-02-18,469,8577,9046
406,2021-02-19,546,8968,9514
406,2021-02-20,156,6552,6708
406,2021-02-21,40,4356,4396
406,2021-02-22,658,9497,10155
406,2021-02-23,578,10232,10810
406,2021-02-24,676,10127,10803
406,2021-02-25,641,10529,11170
406,2021-02-26,647,10698,11345
406,2021-02-27,173,6952,7125
406,2021-02-28,23,4388,4411
406,2021-03-01,698,10055,10753
406,2021-03-02,791,10545,11336
406,2021-03-03,751,10279,11030
406,2021-03-04,653,10083,10736
406,2021-03-05,675,10350,11025
406,2021-03-06,148,6766,6914
406,2021-03-07,29,4222,4251
406,2021-03-08,672,10065,10737
406,2021-03-09,629,10430,11059
406,2021-03-10,666,10265,10931
406,2021-03-11,572,10348,10920
406,2021-03-12,624,10555,11179
406,2021-03-13,158,6366,6524
406,2021-03-14,25,3477,3502
406,2021-03-15,508,9948,10456
406,2021-03-16,560,10292,10852
406,2021-03-17,546,10357,10903
406,2021-03-18,595,10410,11005
406,2021-03-19,606,10159,10765
406,2021-03-20,161,6743,6904
406,2021-03-21,19,3969,3988
406,2021-03-22,577,9942,10519
406,2021-03-23,615,10363,10978
406,2021-03-24,655,10765,11420
406,2021-03-25,692,10180,10872
406,2021-03-26,684,10566,11250
406,2021-03-27,151,6665,6816
406,2021-03-29,635,10371,11006
406,2021-03-30,569,10648,11217
406,2021-03-31,652,10457,11109
406,2021-04-01,624,11279,11903
406,2021-04-02,706,10794,11500
406,2021-04-03,180,6678,6858
406,2021-04-04,34,4155,4189
406,2021-04-05,42,3138,3180
406,2021-04-06,462,9501,9963
406,2021-04-07,399,8967,9366
406,2021-04-08,362,9044,9406
406,2021-04-09,404,8953,9357
406,2021-04-10,153,6130,6283
406,2021-04-11,28,3147,3175
406,2021-04-12,531,9437,9968
406,2021-04-13,568,10171,10739
406,2021-04-14,643,10215,10858
406,2021-04-15,578,10438,11016
406,2021-04-16,597,9945,10542
406,2021-04-17,136,6677,6813
406,2021-04-18,42,3822,3864
406,2021-04-19,486,10227,10713
406,2021-04-20,566,10837,11403
406,2021-04-21,577,10509,11086
406,2021-04-22,695,10683,11378
406,2021-04-23,608,10880,11488
406,2021-04-24,209,7488,7697
406,2021-04-25,34,4845,4879
406,2021-04-26,617,10340,10957
406,2021-04-27,668,11318,11986
406,2021-04-28,629,10846,11475
406,2021-04-29,645,11246,11891
406,2021-04-30,690,11613,12303
406,2021-05-01,52,4599,4651
406,2021-05-02,43,4351,4394
406,2021-05-03,627,10523,11150
406,2021-05-04,613,11621,12234
406,2021-05-05,606,11226,11832
406,2021-05-06,511,11171,11682
406,2021-05-07,585,11395,11980
406,2021-05-08,179,7747,7926
406,2021-05-09,99,5303,5402
406,2021-05-10,691,10426,11117
406,2021-05-11,648,10926,11574
406,2021-05-12,703,11023,11726
406,2021-05-13,161,4274,4435
406,2021-05-14,495,9601,10096
406,2021-05-15,253,7119,7372
406,2021-05-16,95,3964,4059
406,2021-05-17,541,8352,8893
406,2021-05-18,660,11147,11807
406,2021-05-19,712,11208,11920
406,2021-05-20,751,11230,11981
406,2021-05-21,752,11066,11818
406,2021-05-22,279,7933,8212
406,2021-05-23,116,4503,4619
406,2021-05-24,114,3673,3787
406,2021-05-25,678,9969,10647
406,2021-05-26,639,10288,10927
406,2021-05-27,740,10284,11024
406,2021-05-28,739,10156,10895
406,2021-05-29,300,7466,7766
406,2021-05-30,112,5061,5173
406,2021-05-31,696,11006,11702
406,2021-06-01,686,11583,12269
406,2021-06-02,720,11607,12327
406,2021-06-03,646,11723,12369
406,2021-06-04,647,11380,12027
406,2021-06-05,237,7842,8079
406,2021-06-06,98,4667,4765
406,2021-06-07,665,10731,11396
406,2021-06-08,690,11295,11985
406,2021-06-09,675,11300,11975
406,2021-06-10,654,11434,12088
406,2021-06-11,667,11711,12378
406,2021-06-12,301,9202,9503
406,2021-06-13,130,7139,7269
406,2021-06-14,657,10893,11550
406,2021-06-15,653,11464,12117
406,2021-06-16,697,11793,12490
406,2021-06-17,707,11631,12338
406,2021-06-18,684,11517,12201
406,2021-06-19,320,7187,7507
406,2021-06-20,104,4504,4608
406,2021-06-21,751,10269,11020
406,2021-06-22,640,10949,11589
406,2021-06-23,125,4419,4544
406,2021-06-24,706,10743,11449
406,2021-06-25,694,10961,11655
406,2021-06-26,283,7397,7680
406,2021-06-27,108,5028,5136
406,2021-06-28,682,10655,11337
406,2021-06-29,744,11485,12229
406,2021-06-30,629,11280,11909
406,2021-07-01,660,11162,11822
406,2021-07-02,711,11674,12385
406,2021-07-03,282,7610,7892
406,2021-07-04,127,4424,4551
406,2021-07-05,685,10872,11557
406,2021-07-06,668,11386,12054
406,2021-07-07,649,10509,11158
406,2021-07-08,759,11446,12205
406,2021-07-09,755,11478,12233
406,2021-07-10,307,9410,9717
406,2021-07-11,106,5922,6028
406,2021-07-12,742,10775,11517
406,2021-07-13,675,11045,11720
406,2021-07-14,631,10687,11318
406,2021-07-15,435,9419,9854
406,2021-07-16,572,10249,10821
406,2021-07-17,287,6917,7204
406,2021-07-18,138,4751,4889
406,2021-07-19,626,9727,10353
406,2021-07-20,641,10212,10853
406,2021-07-21,616,10506,11122
406,2021-07-22,669,10126,10795
406,2021-07-23,730,10169,10899
406,2021-07-24,253,6088,6341
406,2021-07-25,135,3988,4123
406,2021-07-26,685,9567,10252
406,2021-07-27,684,9877,10561
406,2021-07-28,632,9928,10560
406,2021-07-29,570,9313,9883
406,2021-07-30,464,8799,9263
406,2021-07-31,247,6807,7054
406,2021-08-01,135,4573,4708
406,2021-08-02,433,7692,8125
406,2021-08-03,425,7919,8344
406,2021-08-04,440,8237,8677
406,2021-08-05,423,7854,8277
406,2021-08-06,490,7834,8324
406,2021-08-07,225,5505,5730
406,2021-08-08,124,3485,3609
406,2021-08-09,379,7203,7582
406,2021-08-10,411,7552,7963
406,2021-08-11,419,7623,8042
406,2021-08-12,434,7536,7970
406,2021-08-13,454,7571,8025
406,2021-08-14,256,5376,5632
406,2021-08-15,163,4018,4181
406,2021-08-16,381,7037,7418
406,2021-08-17,422,7514,7936
406,2021-08-18,403,7624,8027
406,2021-08-19,445,7568,8013
406,2021-08-23,575,7908,8483
406,2021-08-24,540,8580,9120
406,2021-08-25,634,8392,9026
406,2021-08-26,547,9266,9813
406,2021-08-27,621,8747,9368
406,2021-08-28,242,6142,6384
406,2021-08-29,106,4707,4813
406,2021-08-30,653,8626,9279
406,2021-08-31,644,9207,9851
406,2021-09-01,740,9677,10417
406,2021-09-02,747,9674,10421
406,2021-09-03,705,9133,9838
406,2021-09-04,297,7015,7312
406,2021-09-05,136,5009,5145
406,2021-09-06,739,9135,9874
406,2021-09-07,844,9866,10710
406,2021-09-08,788,9811,10599
406,2021-09-09,757,9999,10756
406,2021-09-10,646,10065,10711
406,2021-09-11,248,7213,7461
406,2021-09-12,98,4980,5078
406,2021-09-13,644,10084,10728
406,2021-09-14,675,10541,11216
406,2021-09-15,654,10312,10966
406,2021-09-16,646,10207,10853
406,2021-09-17,763,10742,11505
406,2021-09-18,266,7525,7791
406,2021-09-19,123,5126,5249
406,2021-09-20,733,10436,11169
406,2021-09-21,701,10737,11438
406,2021-09-22,673,10744,11417
406,2021-09-23,640,10837,11477
406,2021-09-24,723,10814,11537
406,2021-09-25,335,7669,8004
406,2021-09-26,125,4480,4605
406,2021-09-27,688,10349,11037
406,2021-09-28,734,10977,11711
406,2021-09-29,681,10697,11378
406,2021-09-30,691,10908,11599
406,2021-10-01,712,10937,11649
406,2021-10-02,280,7707,7987
406,2021-10-03,104,4531,4635
406,2021-10-04,827,11428,12255
406,2021-10-05,737,11103,11840
406,2021-10-06,794,10696,11490
406,2021-10-07,706,10754,11460
406,2021-10-08,775,10862,11637
406,2021-10-09,288,7427,7715
406,2021-10-10,121,5093,5214
406,2021-10-11,787,10169,10956
406,2021-10-12,850,10729,11579
406,2021-10-13,825,10502,11327
406,2021-10-14,704,10885,11589
406,2021-10-15,783,10840,11623
406,2021-10-16,273,7284,7557
406,2021-10-17,132,4811,4943
406,2021-10-18,691,10196,10887
406,2021-10-19,744,10903,11647
406,2021-10-20,763,10404,11167
406,2021-10-21,804,10149,10953
406,2021-10-22,830,11348,12178
406,2021-10-23,290,7283,7573
406,2021-10-24,120,7316,7436
406,2021-10-25,806,10387,11193
406,2021-10-26,773,10770,11543
406,2021-10-27,795,10861,11656
406,2021-10-28,788,10900,11688
406,2021-10-29,785,10892,11677
406,2021-10-30,261,6959,7220
406,2021-11-01,109,4115,4224
406,2021-11-02,735,9853,10588
406,2021-11-03,755,10118,10873
406,2021-11-04,745,10165,10910
406,2021-11-05,768,10101,10869
406,2021-11-06,270,6842,7112
406,2021-11-07,116,4423,4539
406,2021-11-08,716,9989,10705
406,2021-11-09,739,10717,11456
406,2021-11-10,817,10615,11432
406,2021-11-11,825,10412,11237
406,2021-11-12,749,10689,11438
406,2021-11-13,260,7305,7565
406,2021-11-14,110,4179,4289
406,2021-11-15,601,10034,10635
406,2021-11-16,647,10438,11085
406,2021-11-17,535,9458,9993
406,2021-11-18,462,9719,10181
406,2021-11-19,415,8864,9279
406,2021-11-20,146,5769,5915
406,2021-11-21,35,3337,3372
406,2021-11-22,450,8238,8688
406,2021-11-23,453,8898,9351
406,2021-11-24,464,8808,9272
406,2021-11-25,422,8927,9349
406,2021-11-26,541,10111,10652
406,2021-11-27,243,6813,7056
406,2021-11-28,101,4718,4819
406,2021-11-29,690,9969,10659
406,2021-11-30,717,10254,10971
407,2021-01-01,87,2050,2137
407,2021-01-02,346,5912,6258
407,2021-01-03,107,2723,2830
407,2021-01-04,555,8574,9129
407,2021-01-05,605,8516,9121
407,2021-01-06,609,9093,9702
407,2021-01-07,606,8611,9217
407,2021-01-08,592,9432,10024
407,2021-01-09,358,7512,7870
407,2021-01-10,106,2956,3062
407,2021-01-11,753,12628,13381
407,2021-01-12,693,12394,13087
407,2021-01-13,733,12441,13174
407,2021-01-14,687,10934,11621
407,2021-01-15,686,11832,12518
407,2021-01-16,363,10821,11184
407,2021-01-17,116,2882,2998
407,2021-01-18,714,11943,12657
407,2021-01-19,726,12106,12832
407,2021-01-20,721,12812,13533
407,2021-01-21,682,12773,13455
407,2021-01-22,705,13672,14377
407,2021-01-23,322,12085,12407
407,2021-01-24,111,3215,3326
407,2021-01-25,686,11858,12544
407,2021-01-26,772,12450,13222
407,2021-01-27,677,11529,12206
407,2021-01-28,666,12718,13384
407,2021-01-29,723,13778,14501
407,2021-01-30,327,11376,11703
407,2021-01-31,134,3209,3343
407,2021-02-01,687,12097,12784
407,2021-02-02,684,12765,13449
407,2021-02-03,676,12107,12783
407,2021-02-04,768,12883,13651
407,2021-02-05,707,13930,14637
407,2021-02-06,343,11320,11663
407,2021-02-07,130,3511,3641
407,2021-02-08,750,11520,12270
407,2021-02-09,719,11724,12443
407,2021-02-10,721,12303,13024
407,2021-02-11,725,12702,13427
407,2021-02-12,716,14118,14834
407,2021-02-13,356,12231,12587
407,2021-02-14,111,3696,3807
407,2021-02-15,688,11648,12336
407,2021-02-16,705,12616,13321
407,2021-02-17,711,12295,13006
407,2021-02-18,683,12160,12843
407,2021-02-19,734,13044,13778
407,2021-02-20,359,10789,11148
407,2021-02-21,104,4038,4142
407,2021-02-22,766,12227,12993
407,2021-02-23,798,12728,13526
407,2021-02-24,777,12502,13279
407,2021-02-25,774,12956,13730
407,2021-02-26,745,14635,15380
407,2021-02-27,368,12076,12444
407,2021-02-28,134,4131,4265
407,2021-03-01,839,12979,13818
407,2021-03-02,879,13586,14465
407,2021-03-03,843,13530,14373
407,2021-03-04,877,13940,14817
407,2021-03-05,848,14656,15504
407,2021-03-06,388,12412,12800
407,2021-03-07,139,4233,4372
407,2021-03-08,880,13117,13997
407,2021-03-09,839,13790,14629
407,2021-03-10,841,13577,14418
407,2021-03-11,801,13687,14488
407,2021-03-12,894,14934,15828
407,2021-03-13,390,12048,12438
407,2021-03-14,139,3876,4015
407,2021-03-15,835,13462,14297
407,2021-03-16,864,13328,14192
407,2021-03-17,828,13350,14178
407,2021-03-18,849,13745,14594
407,2021-03-19,847,14565,15412
407,2021-03-20,412,12100,12512
407,2021-03-21,133,4122,4255
407,2021-03-22,836,13056,13892
407,2021-03-23,895,13401,14296
407,2021-03-24,859,13512,14371
407,2021-03-25,837,13679,14516
407,2021-03-26,869,15127,15996
407,2021-03-27,378,12673,13051
407,2021-03-29,865,13577,14442
407,2021-03-30,892,14262,15154
407,2021-03-31,891,14030,14921
407,2021-04-01,901,15072,15973
407,2021-04-02,810,16277,17087
407,2021-04-03,403,12659,13062
407,2021-04-04,123,3944,4067
407,2021-04-05,131,3178,3309
407,2021-04-06,894,13607,14501
407,2021-04-07,888,13450,14338
407,2021-04-08,873,13860,14733
407,2021-04-09,803,13648,14451
407,2021-04-10,430,11584,12014
407,2021-04-11,110,3461,3571
407,2021-04-12,835,13182,14017
407,2021-04-13,881,13228,14109
407,2021-04-14,882,13411,14293
407,2021-04-15,863,14090,14953
407,2021-04-16,901,14934,15835
407,2021-04-17,464,11721,12185
407,2021-04-18,134,4095,4229
407,2021-04-19,802,13477,14279
407,2021-04-20,833,13793,14626
407,2021-04-21,871,14070,14941
407,2021-04-22,888,14018,14906
407,2021-04-23,887,15192,16079
407,2021-04-24,481,12682,13163
407,2021-04-25,127,4881,5008
407,2021-04-26,907,14016,14923
407,2021-04-27,901,14080,14981
407,2021-04-28,928,14212,15140
407,2021-04-29,887,14903,15790
407,2021-04-30,859,16948,17807
407,2021-05-01,136,4584,4720
407,2021-05-02,116,4629,4745
407,2021-05-03,856,14621,15477
407,2021-05-04,822,13800,14622
407,2021-05-05,839,14288,15127
407,2021-05-06,789,14638,15427
407,2021-05-07,851,15624,16475
407,2021-05-08,368,12930,13298
407,2021-05-09,130,4529,4659
407,2021-05-10,897,13370,14267
407,2021-05-11,883,14149,15032
407,2021-05-12,897,15463,16360
407,2021-05-13,139,4194,4333
407,2021-05-14,749,15532,16281
407,2021-05-15,422,12820,13242
407,2021-05-16,158,4413,4571
407,2021-05-17,822,14376,15198
407,2021-05-18,885,14671,15556
407,2021-05-19,998,14694,15692
407,2021-05-20,962,15175,16137
407,2021-05-21,984,15880,16864
407,2021-05-22,470,13574,14044
407,2021-05-23,154,4183,4337
407,2021-05-24,174,3276,3450
407,2021-05-25,1053,15161,16214
407,2021-05-26,956,14013,14969
407,2021-05-27,995,14304,15299
407,2021-05-28,944,14968,15912
407,2021-05-29,462,11483,11945
407,2021-05-30,150,5039,5189
407,2021-05-31,928,14052,14980
407,2021-06-01,927,14318,15245
407,2021-06-02,1035,14368,15403
407,2021-06-03,1032,14582,15614
407,2021-06-04,965,14473,15438
407,2021-06-05,539,13113,13652
407,2021-06-06,139,4926,5065
407,2021-06-07,1002,13910,14912
407,2021-06-08,1062,14612,15674
407,2021-06-09,1103,14924,16027
407,2021-06-10,957,14995,15952
407,2021-06-11,998,15913,16911
407,2021-06-12,483,13230,13713
407,2021-06-13,157,5313,5470
407,2021-06-14,914,14035,14949
407,2021-06-15,846,13020,13866
407,2021-06-16,917,14759,15676
407,2021-06-17,868,14114,14982
407,2021-06-18,936,15644,16580
407,2021-06-19,457,12578,13035
407,2021-06-20,157,4769,4926
407,2021-06-21,882,14497,15379
407,2021-06-22,890,15557,16447
407,2021-06-23,174,4457,4631
407,2021-06-24,956,15158,16114
407,2021-06-25,941,15769,16710
407,2021-06-26,473,12810,13283
407,2021-06-27,147,6739,6886
407,2021-06-28,896,14464,15360
407,2021-06-29,896,14675,15571
407,2021-06-30,917,15245,16162
407,2021-07-01,908,15157,16065
407,2021-07-02,866,15885,16751
407,2021-07-03,437,12384,12821
407,2021-07-04,158,4645,4803
407,2021-07-05,906,15318,16224
407,2021-07-06,875,14461,15336
407,2021-07-07,928,14676,15604
407,2021-07-08,947,15121,16068
407,2021-07-09,915,15628,16543
407,2021-07-10,453,12535,12988
407,2021-07-11,167,4805,4972
407,2021-07-12,824,14379,15203
407,2021-07-13,774,14284,15058
407,2021-07-14,731,14280,15011
407,2021-07-15,819,14459,15278
407,2021-07-16,826,14952,15778
407,2021-07-17,477,11413,11890
407,2021-07-18,198,5018,5216
407,2021-07-19,867,13195,14062
407,2021-07-20,876,13415,14291
407,2021-07-21,879,13841,14720
407,2021-07-22,926,13609,14535
407,2021-07-23,955,13762,14717
407,2021-07-24,446,11069,11515
407,2021-07-25,169,4341,4510
407,2021-07-26,827,13112,13939
407,2021-07-27,850,12542,13392
407,2021-07-28,890,13529,14419
407,2021-07-29,807,13153,13960
407,2021-07-30,754,13118,13872
407,2021-07-31,459,10194,10653
407,2021-08-01,189,4196,4385
407,2021-08-02,721,11725,12446
407,2021-08-03,712,11638,12350
407,2021-08-04,758,11976,12734
407,2021-08-05,712,11526,12238
407,2021-08-06,692,12194,12886
407,2021-08-07,426,9418,9844
407,2021-08-08,156,3620,3776
407,2021-08-09,626,11013,11639
407,2021-08-10,731,10950,11681
407,2021-08-11,722,11284,12006
407,2021-08-12,706,10905,11611
407,2021-08-13,695,11532,12227
407,2021-08-14,443,9256,9699
407,2021-08-15,177,3762,3939
407,2021-08-16,706,10997,11703
407,2021-08-17,723,10917,11640
407,2021-08-18,668,11310,11978
407,2021-08-19,660,11380,12040
407,2021-08-20,701,11555,12256
407,2021-08-21,435,9076,9511
407,2021-08-22,177,3886,4063
407,2021-08-23,749,11816,12565
407,2021-08-24,769,11845,12614
407,2021-08-25,761,12352,13113
407,2021-08-26,796,13452,14248
407,2021-08-27,785,14314,15099
407,2021-08-28,398,11507,11905
407,2021-08-29,155,8006,8161
407,2021-08-30,875,14102,14977
407,2021-08-31,883,13114,13997
407,2021-09-01,894,13300,14194
407,2021-09-02,950,13406,14356
407,2021-09-03,970,14051,15021
407,2021-09-04,579,12334,12913
407,2021-09-05,229,6496,6725
407,2021-09-06,892,13490,14382
407,2021-09-07,1003,13771,14774
407,2021-09-08,931,13841,14772
407,2021-09-09,911,13825,14736
407,2021-09-10,895,14529,15424
407,2021-09-11,440,11462,11902
407,2021-09-12,171,6206,6377
407,2021-09-13,966,13935,14901
407,2021-09-14,977,14632,15609
407,2021-09-15,889,14266,15155
407,2021-09-16,969,14853,15822
407,2021-09-17,927,15086,16013
407,2021-09-18,456,13821,14277
407,2021-09-19,185,5412,5597
407,2021-09-20,951,13880,14831
407,2021-09-21,944,14889,15833
407,2021-09-22,973,14144,15117
407,2021-09-23,934,14792,15726
407,2021-09-24,911,15606,16517
407,2021-09-25,455,14336,14791
407,2021-09-26,155,5104,5259
407,2021-09-27,916,14197,15113
407,2021-09-28,976,14591,15567
407,2021-09-29,982,14683,15665
407,2021-09-30,967,14969,15936
407,2021-10-01,1049,15421,16470
407,2021-10-02,444,13928,14372
407,2021-10-03,145,4830,4975
407,2021-10-04,1022,14266,15288
407,2021-10-05,950,15130,16080
407,2021-10-06,928,15038,15966
407,2021-10-07,983,14982,15965
407,2021-10-08,963,16088,17051
407,2021-10-09,601,13989,14590
407,2021-10-10,281,6694,6975
407,2021-10-11,910,14191,15101
407,2021-10-12,931,14758,15689
407,2021-10-13,955,14589,15544
407,2021-10-14,1032,15261,16293
407,2021-10-15,1038,15910,16948
407,2021-10-16,466,13381,13847
407,2021-10-17,164,5076,5240
407,2021-10-18,951,14249,15200
407,2021-10-19,935,14201,15136
407,2021-10-20,916,14485,15401
407,2021-10-21,871,14564,15435
407,2021-10-22,929,15945,16874
407,2021-10-23,471,13497,13968
407,2021-10-24,174,8266,8440
407,2021-10-25,901,13805,14706
407,2021-10-26,901,14425,15326
407,2021-10-27,880,14338,15218
407,2021-10-28,911,14809,15720
407,2021-10-29,900,16245,17145
407,2021-10-30,393,12089,12482
407,2021-11-01,165,4895,5060
407,2021-11-02,902,14291,15193
407,2021-11-03,874,13383,14257
407,2021-11-04,906,14075,14981
407,2021-11-05,886,14307,15193
407,2021-11-06,486,11667,12153
407,2021-11-07,165,4496,4661
407,2021-11-08,842,13336,14178
407,2021-11-09,906,14251,15157
407,2021-11-10,893,14480,15373
407,2021-11-11,860,15400,16260
407,2021-11-12,868,15594,16462
407,2021-11-13,416,13199,13615
407,2021-11-14,148,5108,5256
407,2021-11-15,898,13868,14766
407,2021-11-16,850,14315,15165
407,2021-11-17,894,14442,15336
407,2021-11-18,909,15096,16005
407,2021-11-19,877,15661,16538
407,2021-11-20,422,13527,13949
407,2021-11-21,146,5022,5168
407,2021-11-22,864,13613,14477
407,2021-11-23,891,14633,15524
407,2021-11-24,894,14329,15223
407,2021-11-25,922,15360,16282
407,2021-11-26,850,16572,17422
407,2021-11-27,391,13044,13435
407,2021-11-28,132,7695,7827
407,2021-11-29,917,13817,14734
407,2021-11-30,885,13790,14675
407,2021-12-01,831,14464,15295
407,2021-12-02,912,14599,15511
407,2021-12-03,912,15329,16241
407,2021-12-04,390,13170,13560
407,2021-12-05,149,7371,7520
407,2021-12-06,606,13709,14315
407,2021-12-07,883,13961,14844
407,2021-12-08,907,14457,15364
407,2021-12-09,900,14799,15699
407,2021-12-10,534,9407,9941
407,2021-12-11,361,13066,13427
407,2021-12-12,189,7709,7898
407,2021-12-13,843,14062,14905
407,2021-12-14,946,15015,15961
407,2021-12-15,855,15401,16256
407,2021-12-16,873,15802,16675
407,2021-12-17,869,16242,17111
407,2021-12-18,406,13443,13849
407,2021-12-19,176,8059,8235
407,2021-12-20,636,14801,15437
407,2021-12-21,708,15390,16098
407,2021-12-22,664,15691,16355
407,2021-12-23,645,15699,16344
407,2021-12-24,475,11765,12240
407,2021-12-25,137,3150,3287
407,2021-12-26,164,3228,3392
407,2021-12-27,529,11293,11822
407,2021-12-28,538,11275,11813
407,2021-12-29,542,11994,12536
407,2021-12-30,510,12258,12768
407,2021-12-31,513,10469,10982
413,2021-01-01,90,3073,3163
413,2021-01-02,345,6724,7069
413,2021-01-03,89,3890,3979
413,2021-01-04,522,8616,9138
413,2021-01-05,540,9017,9557
413,2021-01-06,524,9039,9563
413,2021-01-07,551,9084,9635
413,2021-01-08,585,10027,10612
413,2021-01-09,357,8095,8452
413,2021-01-10,109,4319,4428
413,2021-01-11,666,13819,14485
413,2021-01-12,660,14115,14775
413,2021-01-13,698,13622,14320
413,2021-01-14,703,13053,13756
413,2021-01-15,687,13960,14647
413,2021-01-16,356,12230,12586
413,2021-01-17,97,4379,4476
413,2021-01-18,690,13182,13872
413,2021-01-19,691,14137,14828
413,2021-01-20,733,14020,14753
413,2021-01-21,725,14420,15145
413,2021-01-22,691,15593,16284
413,2021-01-23,353,13525,13878
413,2021-01-24,114,4866,4980
413,2021-01-25,731,13477,14208
413,2021-01-26,698,14608,15306
413,2021-01-27,701,13090,13791
413,2021-01-28,674,14130,14804
413,2021-01-29,702,15199,15901
413,2021-01-30,398,12310,12708
413,2021-01-31,136,4864,5000
413,2021-02-01,709,13237,13946
413,2021-02-02,657,14009,14666
413,2021-02-03,668,12847,13515
413,2021-02-04,720,14403,15123
413,2021-02-05,701,15112,15813
413,2021-02-06,368,12655,13023
413,2021-02-07,130,5063,5193
413,2021-02-08,728,11769,12497
413,2021-02-09,712,12369,13081
413,2021-02-10,749,12666,13415
413,2021-02-11,759,13208,13967
413,2021-02-12,702,14462,15164
413,2021-02-13,362,12364,12726
413,2021-02-14,106,5295,5401
413,2021-02-15,613,11364,11977
413,2021-02-16,594,12443,13037
413,2021-02-17,612,12300,12912
413,2021-02-18,624,12171,12795
413,2021-02-19,593,13727,14320
413,2021-02-20,373,11297,11670
413,2021-02-21,100,5827,5927
413,2021-02-22,756,13214,13970
413,2021-02-23,765,14127,14892
413,2021-02-24,761,13757,14518
413,2021-02-25,769,14481,15250
413,2021-02-26,707,15162,15869
413,2021-02-27,411,12938,13349
413,2021-02-28,145,5993,6138
413,2021-03-01,718,13619,14337
413,2021-03-02,740,14204,14944
413,2021-03-03,727,13610,14337
413,2021-03-04,710,14121,14831
413,2021-03-05,745,15348,16093
413,2021-03-06,406,13386,13792
413,2021-03-07,136,5694,5830
413,2021-03-08,744,13324,14068
413,2021-03-09,731,13945,14676
413,2021-03-10,761,13658,14419
413,2021-03-11,735,14262,14997
413,2021-03-12,750,15412,16162
413,2021-03-13,412,12906,13318
413,2021-03-14,142,5234,5376
413,2021-03-15,754,13169,13923
413,2021-03-16,736,13720,14456
413,2021-03-17,730,13805,14535
413,2021-03-18,702,14268,14970
413,2021-03-19,753,15332,16085
413,2021-03-20,396,13008,13404
413,2021-03-21,133,5403,5536
413,2021-03-22,737,13062,13799
413,2021-03-23,746,14179,14925
413,2021-03-24,783,14274,15057
413,2021-03-25,719,14274,14993
413,2021-03-26,714,15738,16452
413,2021-03-27,364,12975,13339
413,2021-03-29,694,13034,13728
413,2021-03-30,725,13708,14433
413,2021-03-31,717,13753,14470
413,2021-04-01,713,14525,15238
413,2021-04-02,704,15842,16546
413,2021-04-03,369,13014,13383
413,2021-04-04,88,5056,5144
413,2021-04-05,102,4136,4238
413,2021-04-06,647,13222,13869
413,2021-04-07,632,12785,13417
413,2021-04-08,661,13311,13972
413,2021-04-09,690,14516,15206
413,2021-04-10,382,11840,12222
413,2021-04-11,99,4339,4438
413,2021-04-12,626,13168,13794
413,2021-04-13,671,13517,14188
413,2021-04-14,683,13557,14240
413,2021-04-15,675,14448,15123
413,2021-04-16,674,14817,15491
413,2021-04-17,387,12450,12837
413,2021-04-18,101,5196,5297
413,2021-04-19,702,13564,14266
413,2021-04-20,727,14713,15440
413,2021-04-21,713,14306,15019
413,2021-04-22,764,14994,15758
413,2021-04-23,746,15792,16538
413,2021-04-24,379,14096,14475
413,2021-04-25,110,6300,6410
413,2021-04-26,746,14179,14925
413,2021-04-27,746,15060,15806
413,2021-04-28,728,14740,15468
413,2021-04-29,744,15713,16457
413,2021-04-30,748,16843,17591
413,2021-05-01,132,6570,6702
413,2021-05-02,127,6204,6331
413,2021-05-03,773,14833,15606
413,2021-05-04,785,14862,15647
413,2021-05-05,785,14650,15435
413,2021-05-06,725,15424,16149
413,2021-05-07,776,16123,16899
413,2021-05-08,376,14083,14459
413,2021-05-09,194,6492,6686
413,2021-05-10,802,13647,14449
413,2021-05-11,765,14945,15710
413,2021-05-12,804,15509,16313
413,2021-05-13,174,5765,5939
413,2021-05-14,700,16103,16803
413,2021-05-15,434,13397,13831
413,2021-05-16,263,5399,5662
413,2021-05-17,813,14276,15089
413,2021-05-18,764,14928,15692
413,2021-05-19,799,14539,15338
413,2021-05-20,835,15256,16091
413,2021-05-21,872,15911,16783
413,2021-05-22,418,13188,13606
413,2021-05-23,182,4928,5110
413,2021-05-24,214,4457,4671
413,2021-05-25,699,12911,13610
413,2021-05-26,670,12360,13030
413,2021-05-27,698,12349,13047
413,2021-05-28,721,13906,14627
413,2021-05-29,392,11917,12309
413,2021-05-30,162,6183,6345
413,2021-05-31,820,14131,14951
413,2021-06-01,824,15337,16161
413,2021-06-02,819,14819,15638
413,2021-06-03,796,15294,16090
413,2021-06-04,844,14821,15665
413,2021-06-05,352,13942,14294
413,2021-06-06,149,6003,6152
413,2021-06-07,749,13950,14699
413,2021-06-08,818,14607,15425
413,2021-06-09,915,15968,16883
413,2021-06-10,801,15279,16080
413,2021-06-11,838,16001,16839
413,2021-06-12,393,14103,14496
413,2021-06-13,202,6900,7102
413,2021-06-14,793,14043,14836
413,2021-06-15,820,15081,15901
413,2021-06-16,794,14689,15483
413,2021-06-17,839,15064,15903
413,2021-06-18,781,15900,16681
413,2021-06-19,421,13080,13501
413,2021-06-20,184,5872,6056
413,2021-06-21,851,14332,15183
413,2021-06-22,744,15556,16300
413,2021-06-23,194,5856,6050
413,2021-06-24,817,15221,16038
413,2021-06-25,825,16371,17196
413,2021-06-26,425,13476,13901
413,2021-06-27,170,7532,7702
413,2021-06-28,822,14210,15032
413,2021-06-29,814,15035,15849
413,2021-06-30,855,15954,16809
413,2021-07-01,870,16463,17333
413,2021-07-02,803,17020,17823
413,2021-07-03,403,13306,13709
413,2021-07-04,177,5865,6042
413,2021-07-05,764,13747,14511
413,2021-07-06,759,14923,15682
413,2021-07-07,813,14491,15304
413,2021-07-08,803,15099,15902
413,2021-07-09,783,15440,16223
413,2021-07-10,418,12744,13162
413,2021-07-11,171,6292,6463
413,2021-07-12,705,14008,14713
413,2021-07-13,682,14364,15046
413,2021-07-14,718,14510,15228
413,2021-07-15,697,14836,15533
413,2021-07-16,698,14283,14981
413,2021-07-17,398,11494,11892
413,2021-07-18,174,5809,5983
413,2021-07-19,762,13131,13893
413,2021-07-20,730,13124,13854
413,2021-07-21,674,13614,14288
413,2021-07-22,754,13144,13898
413,2021-07-23,758,13270,14028
413,2021-07-24,448,11803,12251
413,2021-07-25,199,5504,5703
413,2021-07-26,727,13218,13945
413,2021-07-27,763,13085,13848
413,2021-07-28,699,13147,13846
413,2021-07-29,713,13369,14082
413,2021-07-30,650,13675,14325
413,2021-07-31,384,10574,10958
413,2021-08-01,180,5292,5472
413,2021-08-02,648,12366,13014
413,2021-08-03,656,11790,12446
413,2021-08-04,655,11659,12314
413,2021-08-05,624,11397,12021
413,2021-08-06,634,12020,12654
413,2021-08-07,395,9947,10342
413,2021-08-08,184,4695,4879
413,2021-08-09,598,10577,11175
413,2021-08-10,641,11208,11849
413,2021-08-11,613,10832,11445
413,2021-08-12,660,11263,11923
413,2021-08-13,646,11422,12068
413,2021-08-14,415,9330,9745
413,2021-08-15,213,4714,4927
413,2021-08-16,616,10573,11189
413,2021-08-17,623,10619,11242
413,2021-08-18,616,10806,11422
413,2021-08-19,638,11470,12108
413,2021-08-20,597,11656,12253
413,2021-08-21,397,10043,10440
413,2021-08-22,188,4720,4908
413,2021-08-23,631,11650,12281
413,2021-08-24,680,12284,12964
413,2021-08-25,727,12761,13488
413,2021-08-26,716,13522,14238
413,2021-08-27,691,14012,14703
413,2021-08-28,402,11048,11450
413,2021-08-29,188,7572,7760
413,2021-08-30,715,12974,13689
413,2021-08-31,775,13851,14626
413,2021-09-01,756,13240,13996
413,2021-09-02,738,13845,14583
413,2021-09-03,775,14539,15314
413,2021-09-04,427,11611,12038
413,2021-09-05,179,5974,6153
413,2021-09-06,779,12927,13706
413,2021-09-07,759,13820,14579
413,2021-09-08,745,13635,14380
413,2021-09-09,802,13507,14309
413,2021-09-10,723,14606,15329
413,2021-09-11,405,12421,12826
413,2021-09-12,193,6707,6900
413,2021-09-13,761,14026,14787
413,2021-09-14,739,14775,15514
413,2021-09-15,780,14774,15554
413,2021-09-16,522,10400,10922
413,2021-09-17,851,17485,18336
413,2021-09-18,529,19199,19728
413,2021-09-19,221,11249,11470
413,2021-09-20,844,14153,14997
413,2021-09-21,847,14677,15524
413,2021-09-22,856,14609,15465
413,2021-09-23,837,15417,16254
413,2021-09-24,834,16501,17335
413,2021-09-25,564,17793,18357
413,2021-09-26,255,8731,8986
413,2021-09-27,792,14757,15549
413,2021-09-28,846,15284,16130
413,2021-09-29,809,14801,15610
413,2021-09-30,833,15682,16515
413,2021-10-01,798,16306,17104
413,2021-10-02,503,14203,14706
413,2021-10-03,191,6291,6482
413,2021-10-04,824,14136,14960
413,2021-10-05,852,14926,15778
413,2021-10-06,828,14903,15731
413,2021-10-07,835,15017,15852
413,2021-10-08,825,16147,16972
413,2021-10-09,451,13807,14258
413,2021-10-10,192,6958,7150
413,2021-10-11,841,14209,15050
413,2021-10-12,822,15129,15951
413,2021-10-13,840,14735,15575
413,2021-10-14,848,15449,16297
413,2021-10-15,836,16423,17259
413,2021-10-16,451,14014,14465
413,2021-10-17,182,6519,6701
413,2021-10-18,851,13972,14823
413,2021-10-19,846,15306,16152
413,2021-10-20,858,14746,15604
413,2021-10-21,810,15611,16421
413,2021-10-22,859,16621,17480
413,2021-10-23,437,13803,14240
413,2021-10-24,184,8631,8815
413,2021-10-25,828,14422,15250
413,2021-10-26,805,15381,16186
413,2021-10-27,821,15001,15822
413,2021-10-28,840,15583,16423
413,2021-10-29,803,16596,17399
413,2021-10-30,464,13064,13528
413,2021-11-01,227,5514,5741
413,2021-11-02,717,13616,14333
413,2021-11-03,693,13437,14130
413,2021-11-04,712,12719,13431
413,2021-11-05,706,13538,14244
413,2021-11-06,438,11634,12072
413,2021-11-07,182,5197,5379
413,2021-11-08,826,13447,14273
413,2021-11-09,861,14695,15556
413,2021-11-10,839,14439,15278
413,2021-11-11,805,15742,16547
413,2021-11-12,846,16044,16890
413,2021-11-13,415,13675,14090
413,2021-11-14,193,5993,6186
413,2021-11-15,822,14030,14852
413,2021-11-16,797,14984,15781
413,2021-11-17,843,14601,15444
413,2021-11-18,831,15538,16369
413,2021-11-19,870,16083,16953
413,2021-11-20,438,13776,14214
413,2021-11-21,180,6137,6317
413,2021-11-22,826,14263,15089
413,2021-11-23,868,15014,15882
413,2021-11-24,840,14992,15832
413,2021-11-25,814,16229,17043
413,2021-11-26,791,17595,18386
413,2021-11-27,436,13698,14134
413,2021-11-28,185,8250,8435
413,2021-11-29,789,14163,14952
413,2021-11-30,769,14776,15545
413,2021-12-01,768,14576,15344
413,2021-12-02,788,15388,16176
413,2021-12-03,799,16063,16862
413,2021-12-04,429,13438,13867
413,2021-12-05,200,8181,8381
413,2021-12-06,804,14005,14809
413,2021-12-07,797,13645,14442
413,2021-12-08,831,14384,15215
413,2021-12-09,825,14922,15747
413,2021-12-10,799,14940,15739
413,2021-12-11,423,13906,14329
413,2021-12-12,178,8294,8472
413,2021-12-13,845,14086,14931
413,2021-12-14,854,15236,16090
413,2021-12-15,806,15147,15953
413,2021-12-16,794,15717,16511
413,2021-12-17,785,16679,17464
413,2021-12-18,417,13440,13857
413,2021-12-19,202,8307,8509
413,2021-12-20,650,13713,14363
413,2021-12-21,657,14292,14949
413,2021-12-22,660,14240,14900
413,2021-12-23,640,14994,15634
413,2021-12-24,527,11582,12109
413,2021-12-25,147,3625,3772
413,2021-12-26,177,4087,4264
413,2021-12-27,568,11003,11571
413,2021-12-28,599,11343,11942
413,2021-12-29,611,11627,12238
413,2021-12-30,612,12244,12856
413,2021-12-31,565,10501,11066
414,2021-01-01,28,2371,2399
414,2021-01-02,199,4083,4282
414,2021-01-03,34,3286,3320
414,2021-01-04,385,5442,5827
414,2021-01-05,432,5612,6044
414,2021-01-06,477,5655,6132
414,2021-01-07,435,5747,6182
414,2021-01-08,461,6052,6513
414,2021-01-09,201,4873,5074
414,2021-01-10,47,3847,3894
414,2021-01-11,696,7483,8179
414,2021-01-12,630,7530,8160
414,2021-01-13,681,7364,8045
414,2021-01-14,576,6903,7479
414,2021-01-15,587,7426,8013
414,2021-01-16,261,5717,5978
414,2021-01-17,53,3392,3445
414,2021-01-18,695,7331,8026
414,2021-01-19,616,7414,8030
414,2021-01-20,717,7713,8430
414,2021-01-21,688,7679,8367
414,2021-01-22,720,7658,8378
414,2021-01-23,311,5514,5825
414,2021-01-24,73,3149,3222
414,2021-01-25,862,7295,8157
414,2021-01-26,952,7630,8582
414,2021-01-27,683,7145,7828
414,2021-01-28,728,7862,8590
414,2021-01-29,746,7952,8698
414,2021-01-30,301,5620,5921
414,2021-01-31,67,3185,3252
414,2021-02-01,849,7351,8200
414,2021-02-02,817,7519,8336
414,2021-02-03,801,7489,8290
414,2021-02-04,908,7711,8619
414,2021-02-05,962,7808,8770
414,2021-02-06,305,5587,5892
414,2021-02-07,69,3105,3174
414,2021-02-08,866,6780,7646
414,2021-02-09,943,7004,7947
414,2021-02-10,1015,7079,8094
414,2021-02-11,973,7237,8210
414,2021-02-12,957,7306,8263
414,2021-02-13,382,5370,5752
414,2021-02-14,75,3388,3463
414,2021-02-15,835,6513,7348
414,2021-02-16,964,7364,8328
414,2021-02-17,860,7585,8445
414,2021-02-18,892,7440,8332
414,2021-02-19,925,7549,8474
414,2021-02-20,349,5745,6094
414,2021-02-21,71,4216,4287
414,2021-02-22,1088,7533,8621
414,2021-02-23,1025,8163,9188
414,2021-02-24,1124,7938,9062
414,2021-02-25,1120,8122,9242
414,2021-02-26,1071,8244,9315
414,2021-02-27,436,6254,6690
414,2021-02-28,79,4017,4096
414,2021-03-01,1116,7869,8985
414,2021-03-02,1242,8106,9348
414,2021-03-03,1201,7956,9157
414,2021-03-04,1109,8055,9164
414,2021-03-05,1200,8335,9535
414,2021-03-06,430,6171,6601
414,2021-03-07,75,4191,4266
414,2021-03-08,1202,7841,9043
414,2021-03-09,1093,7796,8889
414,2021-03-10,1121,7891,9012
414,2021-03-11,956,8144,9100
414,2021-03-12,1023,8242,9265
414,2021-03-13,338,5884,6222
414,2021-03-14,73,3430,3503
414,2021-03-15,894,7905,8799
414,2021-03-16,964,7983,8947
414,2021-03-17,1031,7924,8955
414,2021-03-18,1158,8149,9307
414,2021-03-19,1069,8209,9278
414,2021-03-20,430,6215,6645
414,2021-03-21,67,3830,3897
414,2021-03-22,1077,7971,9048
414,2021-03-23,1059,8319,9378
414,2021-03-24,1079,8250,9329
414,2021-03-25,1202,8226,9428
414,2021-03-26,1141,8364,9505
414,2021-03-27,411,5945,6356
414,2021-03-29,1079,7975,9054
414,2021-03-30,1050,8293,9343
414,2021-03-31,1105,8173,9278
414,2021-04-01,1090,8604,9694
414,2021-04-02,1117,8923,10040
414,2021-04-03,422,6118,6540
414,2021-04-04,84,3754,3838
414,2021-04-05,84,3073,3157
414,2021-04-06,916,6842,7758
414,2021-04-07,873,6870,7743
414,2021-04-08,810,6778,7588
414,2021-04-09,860,6767,7627
414,2021-04-10,313,5446,5759
414,2021-04-11,72,3016,3088
414,2021-04-12,963,7304,8267
414,2021-04-13,1046,7533,8579
414,2021-04-14,1074,7769,8843
414,2021-04-15,1021,7618,8639
414,2021-04-16,1006,7571,8577
414,2021-04-17,399,5967,6366
414,2021-04-18,79,3443,3522
414,2021-04-19,990,7857,8847
414,2021-04-20,1027,8268,9295
414,2021-04-21,1049,8231,9280
414,2021-04-22,1154,8443,9597
414,2021-04-23,1193,8535,9728
414,2021-04-24,421,6660,7081
414,2021-04-25,96,4502,4598
414,2021-04-26,1127,8230,9357
414,2021-04-27,1162,8700,9862
414,2021-04-28,1094,8493,9587
414,2021-04-29,1110,8836,9946
414,2021-04-30,1153,8979,10132
414,2021-05-01,118,4314,4432
414,2021-05-02,87,4197,4284
414,2021-05-03,1065,8247,9312
414,2021-05-04,963,8701,9664
414,2021-05-05,1076,8411,9487
414,2021-05-06,947,8550,9497
414,2021-05-07,1089,8929,10018
414,2021-05-08,394,6470,6864
414,2021-05-09,144,4634,4778
414,2021-05-10,996,8311,9307
414,2021-05-11,940,8487,9427
414,2021-05-12,1033,8598,9631
414,2021-05-13,178,3763,3941
414,2021-05-14,773,8045,8818
414,2021-05-15,331,6221,6552
414,2021-05-16,116,3603,3719
414,2021-05-17,876,7495,8371
414,2021-05-18,923,8591,9514
414,2021-05-19,978,8589,9567
414,2021-05-20,1048,8835,9883
414,2021-05-21,1061,8851,9912
414,2021-05-22,346,6529,6875
414,2021-05-23,125,3765,3890
414,2021-05-24,134,3133,3267
414,2021-05-25,892,7870,8762
414,2021-05-26,797,7979,8776
414,2021-05-27,956,8006,8962
414,2021-05-28,974,7954,8928
414,2021-05-29,387,6073,6460
414,2021-05-30,148,4430,4578
414,2021-05-31,946,8199,9145
414,2021-06-01,964,8414,9378
414,2021-06-02,947,8394,9341
414,2021-06-03,889,8838,9727
414,2021-06-04,929,8401,9330
414,2021-06-05,384,6641,7025
414,2021-06-06,121,4273,4394
414,2021-06-07,963,8299,9262
414,2021-06-08,1035,8782,9817
414,2021-06-09,1034,8852,9886
414,2021-06-10,1065,8922,9987
414,2021-06-11,1010,8880,9890
414,2021-06-12,391,7225,7616
414,2021-06-13,188,5308,5496
414,2021-06-14,1045,8330,9375
414,2021-06-15,1002,8637,9639
414,2021-06-16,1005,8901,9906
414,2021-06-17,1020,8833,9853
414,2021-06-18,959,8855,9814
414,2021-06-19,409,6417,6826
414,2021-06-20,114,4320,4434
414,2021-06-21,1065,8710,9775
414,2021-06-22,965,8870,9835
414,2021-06-23,155,4022,4177
414,2021-06-24,978,8638,9616
414,2021-06-25,981,8539,9520
414,2021-06-26,412,6519,6931
414,2021-06-27,135,4247,4382
414,2021-06-28,952,8022,8974
414,2021-06-29,994,8332,9326
414,2021-06-30,879,9050,9929
414,2021-07-01,963,9293,10256
414,2021-07-02,1061,9371,10432
414,2021-07-03,398,6671,7069
414,2021-07-04,140,4164,4304
414,2021-07-05,911,8164,9075
414,2021-07-06,902,8445,9347
414,2021-07-07,941,8283,9224
414,2021-07-08,1112,8861,9973
414,2021-07-09,1036,8789,9825
414,2021-07-10,362,6967,7329
414,2021-07-11,127,4477,4604
414,2021-07-12,1074,8199,9273
414,2021-07-13,862,8257,9119
414,2021-07-14,836,8263,9099
414,2021-07-15,790,8930,9720
414,2021-07-16,867,8539,9406
414,2021-07-17,378,6099,6477
414,2021-07-18,154,4604,4758
414,2021-07-19,989,9092,10081
414,2021-07-20,954,8552,9506
414,2021-07-21,983,8357,9340
414,2021-07-22,1038,8427,9465
414,2021-07-23,1021,8601,9622
414,2021-07-24,359,5952,6311
414,2021-07-25,143,4414,4557
414,2021-07-26,1044,8190,9234
414,2021-07-27,916,7625,8541
414,2021-07-28,898,8118,9016
414,2021-07-29,801,8041,8842
414,2021-07-30,693,7705,8398
414,2021-07-31,341,5615,5956
414,2021-08-01,160,4291,4451
414,2021-08-02,584,6870,7454
414,2021-08-03,545,6743,7288
414,2021-08-04,587,7181,7768
414,2021-08-05,573,6956,7529
414,2021-08-06,615,6817,7432
414,2021-08-07,294,5058,5352
414,2021-08-08,127,3521,3648
414,2021-08-09,529,6191,6720
414,2021-08-10,571,6600,7171
414,2021-08-11,542,6658,7200
414,2021-08-12,575,6553,7128
414,2021-08-13,588,6564,7152
414,2021-08-14,325,4985,5310
414,2021-08-15,207,3867,4074
414,2021-08-16,527,6026,6553
414,2021-08-17,568,6495,7063
414,2021-08-18,560,6643,7203
414,2021-08-19,580,6643,7223
414,2021-08-20,558,6672,7230
414,2021-08-21,269,4862,5131
414,2021-08-22,110,3033,3143
414,2021-08-23,703,6603,7306
414,2021-08-24,775,6926,7701
414,2021-08-25,851,6927,7778
414,2021-08-26,749,7145,7894
414,2021-08-27,855,6950,7805
414,2021-08-28,342,5071,5413
414,2021-08-29,130,3908,4038
414,2021-08-30,936,7127,8063
414,2021-08-31,912,7295,8207
414,2021-09-01,986,7684,8670
414,2021-09-02,994,7228,8222
414,2021-09-03,1011,7351,8362
414,2021-09-04,389,5554,5943
414,2021-09-05,145,4126,4271
414,2021-09-06,998,7473,8471
414,2021-09-07,1014,7869,8883
414,2021-09-08,1000,7970,8970
414,2021-09-09,980,8011,8991
414,2021-09-10,971,8074,9045
414,2021-09-11,349,6086,6435
414,2021-09-12,131,4538,4669
414,2021-09-13,949,8220,9169
414,2021-09-14,973,8420,9393
414,2021-09-15,982,8459,9441
414,2021-09-16,979,8074,9053
414,2021-09-17,1175,8918,10093
414,2021-09-18,453,7132,7585
414,2021-09-19,159,5110,5269
414,2021-09-20,1092,8441,9533
414,2021-09-21,1060,8603,9663
414,2021-09-22,1047,8766,9813
414,2021-09-23,975,9047,10022
414,2021-09-24,1063,8681,9744
414,2021-09-25,493,7062,7555
414,2021-09-26,131,4632,4763
414,2021-09-27,982,8293,9275
414,2021-09-28,1059,8688,9747
414,2021-09-29,886,8385,9271
414,2021-09-30,952,8616,9568
414,2021-10-01,1006,8758,9764
414,2021-10-02,382,6789,7171
414,2021-10-03,104,4623,4727
414,2021-10-04,1174,8396,9570
414,2021-10-05,986,8408,9394
414,2021-10-06,949,8398,9347
414,2021-10-07,1018,8734,9752
414,2021-10-08,1136,8770,9906
414,2021-10-09,414,6830,7244
414,2021-10-10,149,4788,4937
414,2021-10-11,1129,8432,9561
414,2021-10-12,1054,8406,9460
414,2021-10-13,1131,8489,9620
414,2021-10-14,1072,8738,9810
414,2021-10-15,1095,8756,9851
414,2021-10-16,434,6590,7024
414,2021-10-17,167,4627,4794
414,2021-10-18,1085,8283,9368
414,2021-10-19,1041,8644,9685
414,2021-10-20,1047,8174,9221
414,2021-10-21,949,8266,9215
414,2021-10-22,1085,8931,10016
414,2021-10-23,364,6706,7070
414,2021-10-24,158,5019,5177
414,2021-10-25,1150,8312,9462
414,2021-10-26,1059,8598,9657
414,2021-10-27,1186,8608,9794
414,2021-10-28,1095,8790,9885
414,2021-10-29,1144,8670,9814
414,2021-10-30,322,6177,6499
414,2021-11-01,122,3608,3730
414,2021-11-02,953,7904,8857
414,2021-11-03,913,8111,9024
414,2021-11-04,908,8268,9176
414,2021-11-05,974,8438,9412
414,2021-11-06,408,6091,6499
414,2021-11-07,127,3867,3994
414,2021-11-08,948,8076,9024
414,2021-11-09,992,8354,9346
414,2021-11-10,1035,8468,9503
414,2021-11-11,1027,8687,9714
414,2021-11-12,1033,8513,9546
414,2021-11-13,370,6771,7141
414,2021-11-14,137,4188,4325
414,2021-11-15,972,7576,8548
414,2021-11-16,975,8005,8980
414,2021-11-17,911,6978,7889
414,2021-11-18,804,6644,7448
414,2021-11-19,792,6725,7517
414,2021-11-20,288,5072,5360
414,2021-11-21,96,2921,3017
414,2021-11-22,871,6111,6982
414,2021-11-23,893,6301,7194
414,2021-11-24,820,6202,7022
414,2021-11-25,822,6580,7402
414,2021-11-26,831,7365,8196
414,2021-11-27,287,6338,6625
414,2021-11-28,105,4147,4252
414,2021-11-29,930,7877,8807
414,2021-11-30,870,7874,8744
414,2021-12-01,976,7957,8933
414,2021-12-02,929,8590,9519
414,2021-12-03,1025,8341,9366
414,2021-12-04,267,6228,6495
414,2021-12-05,100,4048,4148
414,2021-12-06,1103,8301,9404
414,2021-12-07,1018,8778,9796
414,2021-12-08,997,8277,9274
414,2021-12-09,1027,8389,9416
414,2021-12-10,841,8050,8891
414,2021-12-11,313,6402,6715
414,2021-12-12,95,4108,4203
414,2021-12-13,1034,7806,8840
414,2021-12-14,1027,8284,9311
414,2021-12-15,1079,8236,9315
414,2021-12-16,1010,8687,9697
414,2021-12-17,833,8436,9269
414,2021-12-18,296,5639,5935
414,2021-12-19,103,3711,3814
414,2021-12-20,560,6416,6976
414,2021-12-21,598,6694,7292
414,2021-12-22,613,6701,7314
414,2021-12-23,501,6693,7194
414,2021-12-24,297,5500,5797
414,2021-12-25,68,3196,3264
414,2021-12-26,72,2832,2904
414,2021-12-27,386,5431,5817
414,2021-12-28,375,5308,5683
414,2021-12-29,379,5697,6076
414,2021-12-30,315,5883,6198
414,2021-12-31,328,5130,5458
415,2021-01-01,15,2994,3009
415,2021-01-02,68,5331,5399
415,2021-01-03,13,3927,3940
415,2021-01-04,175,8434,8609
415,2021-01-05,209,8812,9021
415,2021-01-06,206,8750,8956
415,2021-01-07,196,8986,9182
415,2021-01-08,213,9396,9609
415,2021-01-09,68,6803,6871
415,2021-01-10,23,4643,4666
415,2021-01-11,348,11986,12334
415,2021-01-12,340,11866,12206
415,2021-01-13,415,11822,12237
415,2021-01-14,341,10813,11154
415,2021-01-15,234,11745,11979
415,2021-01-16,64,8828,8892
415,2021-01-17,24,4644,4668
415,2021-01-18,257,11628,11885
415,2021-01-19,351,12247,12598
415,2021-01-20,365,12564,12929
415,2021-01-21,401,12607,13008
415,2021-01-22,333,12705,13038
415,2021-01-23,68,9935,10003
415,2021-01-24,24,5258,5282
415,2021-01-25,285,12135,12420
415,2021-01-26,362,12634,12996
415,2021-01-27,311,11833,12144
415,2021-01-28,310,12509,12819
415,2021-01-29,302,12940,13242
415,2021-01-30,84,9636,9720
415,2021-01-31,16,5058,5074
415,2021-02-01,360,12388,12748
415,2021-02-02,353,12664,13017
415,2021-02-03,358,12152,12510
415,2021-02-04,372,12848,13220
415,2021-02-05,393,12990,13383
415,2021-02-06,114,9525,9639
415,2021-02-07,18,5056,5074
415,2021-02-08,340,10734,11074
415,2021-02-09,297,11439,11736
415,2021-02-10,323,11803,12126
415,2021-02-11,329,12096,12425
415,2021-02-12,330,12324,12654
415,2021-02-13,66,9093,9159
415,2021-02-14,13,5142,5155
415,2021-02-15,348,11153,11501
415,2021-02-16,448,12001,12449
415,2021-02-17,393,11662,12055
415,2021-02-18,439,11755,12194
415,2021-02-19,337,12207,12544
415,2021-02-20,79,8914,8993
415,2021-02-21,20,5911,5931
415,2021-02-22,357,12411,12768
415,2021-02-23,387,12872,13259
415,2021-02-24,381,12882,13263
415,2021-02-25,410,13418,13828
415,2021-02-26,375,13719,14094
415,2021-02-27,91,10198,10289
415,2021-02-28,17,5903,5920
415,2021-03-01,362,12584,12946
415,2021-03-02,444,13156,13600
415,2021-03-03,412,12776,13188
415,2021-03-04,490,12954,13444
415,2021-03-05,464,13019,13483
415,2021-03-06,110,10150,10260
415,2021-03-07,18,5942,5960
415,2021-03-08,504,12670,13174
415,2021-03-09,505,13158,13663
415,2021-03-10,487,12775,13262
415,2021-03-11,471,12761,13232
415,2021-03-12,461,13051,13512
415,2021-03-13,98,9506,9604
415,2021-03-14,10,5286,5296
415,2021-03-15,462,12420,12882
415,2021-03-16,434,12962,13396
415,2021-03-17,422,12781,13203
415,2021-03-18,442,13268,13710
415,2021-03-19,419,13206,13625
415,2021-03-20,89,10568,10657
415,2021-03-21,21,5474,5495
415,2021-03-22,408,12374,12782
415,2021-03-23,432,13066,13498
415,2021-03-24,474,12995,13469
415,2021-03-25,431,13158,13589
415,2021-03-26,415,13627,14042
415,2021-03-27,105,9932,10037
415,2021-03-29,379,12763,13142
415,2021-03-30,411,13519,13930
415,2021-03-31,460,13375,13835
415,2021-04-01,377,13780,14157
415,2021-04-02,345,14111,14456
415,2021-04-03,104,9659,9763
415,2021-04-04,11,5455,5466
415,2021-04-05,14,4088,4102
415,2021-04-06,405,11984,12389
415,2021-04-07,491,11860,12351
415,2021-04-08,430,12483,12913
415,2021-04-09,480,12475,12955
415,2021-04-10,91,8609,8700
415,2021-04-11,9,4383,4392
415,2021-04-12,483,12127,12610
415,2021-04-13,486,12406,12892
415,2021-04-14,471,12416,12887
415,2021-04-15,508,12552,13060
415,2021-04-16,511,12568,13079
415,2021-04-17,127,9612,9739
415,2021-04-18,23,5592,5615
415,2021-04-19,502,13035,13537
415,2021-04-20,541,13364,13905
415,2021-04-21,480,13108,13588
415,2021-04-22,502,13663,14165
415,2021-04-23,537,13993,14530
415,2021-04-24,112,10568,10680
415,2021-04-25,22,6314,6336
415,2021-04-26,504,13114,13618
415,2021-04-27,520,13873,14393
415,2021-04-28,548,13439,13987
415,2021-04-29,545,14251,14796
415,2021-04-30,482,14523,15005
415,2021-05-01,30,6230,6260
415,2021-05-02,20,6178,6198
415,2021-05-03,505,13248,13753
415,2021-05-04,475,13935,14410
415,2021-05-05,452,13486,13938
415,2021-05-06,471,13630,14101
415,2021-05-07,454,14201,14655
415,2021-05-08,116,10719,10835
415,2021-05-09,27,6171,6198
415,2021-05-10,475,12957,13432
415,2021-05-11,479,13826,14305
415,2021-05-12,491,13979,14470
415,2021-05-13,50,5477,5527
415,2021-05-14,275,12679,12954
415,2021-05-15,82,9646,9728
415,2021-05-16,39,5750,5789
415,2021-05-17,543,13877,14420
415,2021-05-18,470,13962,14432
415,2021-05-19,499,13693,14192
415,2021-05-20,472,14169,14641
415,2021-05-21,443,13986,14429
415,2021-05-22,139,10427,10566
415,2021-05-23,20,5826,5846
415,2021-05-24,31,5076,5107
415,2021-05-25,372,11864,12236
415,2021-05-26,398,12173,12571
415,2021-05-27,376,11994,12370
415,2021-05-28,390,12504,12894
415,2021-05-29,118,9884,10002
415,2021-05-30,20,6567,6587
415,2021-05-31,428,13286,13714
415,2021-06-01,441,14358,14799
415,2021-06-02,440,13796,14236
415,2021-06-03,422,13860,14282
415,2021-06-04,458,13418,13876
415,2021-06-05,108,11269,11377
415,2021-06-06,19,6435,6454
415,2021-06-07,448,12979,13427
415,2021-06-08,424,13969,14393
415,2021-06-09,421,13615,14036
415,2021-06-10,453,14342,14795
415,2021-06-11,475,14598,15073
415,2021-06-12,149,11660,11809
415,2021-06-13,30,7949,7979
415,2021-06-14,499,13340,13839
415,2021-06-15,524,14501,15025
415,2021-06-16,503,15226,15729
415,2021-06-17,518,14442,14960
415,2021-06-18,405,14107,14512
415,2021-06-19,119,10375,10494
415,2021-06-20,27,6323,6350
415,2021-06-21,539,12912,13451
415,2021-06-22,521,14060,14581
415,2021-06-23,21,5992,6013
415,2021-06-24,608,13115,13723
415,2021-06-25,587,13636,14223
415,2021-06-26,242,10165,10407
415,2021-06-27,19,6867,6886
415,2021-06-28,525,12946,13471
415,2021-06-29,493,13552,14045
415,2021-06-30,560,13701,14261
415,2021-07-01,546,13918,14464
415,2021-07-02,568,14404,14972
415,2021-07-03,97,10316,10413
415,2021-07-04,26,6373,6399
415,2021-07-05,513,12676,13189
415,2021-07-06,440,13428,13868
415,2021-07-07,531,13777,14308
415,2021-07-08,506,13582,14088
415,2021-07-09,496,13652,14148
415,2021-07-10,121,10943,11064
415,2021-07-11,19,6877,6896
415,2021-07-12,504,12634,13138
415,2021-07-13,478,13069,13547
415,2021-07-14,472,13543,14015
415,2021-07-15,663,17591,18254
415,2021-07-16,621,14281,14902
415,2021-07-17,107,9403,9510
415,2021-07-18,16,6199,6215
415,2021-07-19,524,12039,12563
415,2021-07-20,576,12691,13267
415,2021-07-21,569,12445,13014
415,2021-07-22,559,12355,12914
415,2021-07-23,560,12208,12768
415,2021-07-24,80,6437,6517
415,2021-07-25,22,4126,4148
415,2021-07-26,280,9141,9421
415,2021-07-27,483,11649,12132
415,2021-07-28,376,11732,12108
415,2021-07-29,297,11018,11315
415,2021-07-30,234,11114,11348
415,2021-07-31,83,7853,7936
415,2021-08-01,22,5314,5336
415,2021-08-02,162,9089,9251
415,2021-08-03,188,9301,9489
415,2021-08-04,154,8522,8676
415,2021-08-05,219,9422,9641
415,2021-08-06,198,9624,9822
415,2021-08-07,58,6994,7052
415,2021-08-08,18,4760,4778
415,2021-08-09,186,8998,9184
415,2021-08-10,190,9597,9787
415,2021-08-11,223,9761,9984
415,2021-08-12,212,9018,9230
415,2021-08-13,207,9527,9734
415,2021-08-14,57,7013,7070
415,2021-08-15,17,4892,4909
415,2021-08-16,173,8675,8848
415,2021-08-17,179,9260,9439
415,2021-08-18,176,9327,9503
415,2021-08-19,187,9226,9413
415,2021-08-20,172,9600,9772
415,2021-08-21,86,8005,8091
415,2021-08-22,19,5167,5186
415,2021-08-23,267,9653,9920
415,2021-08-24,231,10283,10514
415,2021-08-25,306,10479,10785
415,2021-08-26,297,10377,10674
415,2021-08-27,292,10603,10895
415,2021-08-28,55,7346,7401
415,2021-08-29,14,5435,5449
415,2021-08-30,395,10879,11274
415,2021-08-31,356,10916,11272
415,2021-09-01,442,12011,12453
415,2021-09-02,385,12598,12983
415,2021-09-03,410,11999,12409
415,2021-09-04,86,8943,9029
415,2021-09-05,28,6457,6485
415,2021-09-06,412,11732,12144
415,2021-09-07,437,12690,13127
415,2021-09-08,530,12516,13046
415,2021-09-09,472,12496,12968
415,2021-09-10,453,12366,12819
415,2021-09-11,33,2787,2820
415,2021-09-12,18,5154,5172
415,2021-09-13,488,12534,13022
415,2021-09-14,538,13263,13801
415,2021-09-15,549,12772,13321
415,2021-09-16,524,13199,13723
415,2021-09-17,457,13670,14127
415,2021-09-18,87,8592,8679
415,2021-09-19,22,6452,6474
415,2021-09-20,485,12745,13230
415,2021-09-21,533,13670,14203
415,2021-09-22,542,13553,14095
415,2021-09-23,529,13763,14292
415,2021-09-24,405,13822,14227
415,2021-09-25,136,10523,10659
415,2021-09-26,11,6072,6083
415,2021-09-27,389,13148,13537
415,2021-09-28,448,13759,14207
415,2021-09-29,433,13294,13727
415,2021-09-30,500,13913,14413
415,2021-10-01,459,14087,14546
415,2021-10-02,163,10787,10950
415,2021-10-03,9,6981,6990
415,2021-10-04,600,13341,13941
415,2021-10-05,509,13589,14098
415,2021-10-06,459,13435,13894
415,2021-10-07,491,13894,14385
415,2021-10-08,484,13623,14107
415,2021-10-09,98,11023,11121
415,2021-10-10,14,7086,7100
415,2021-10-11,452,12975,13427
415,2021-10-12,545,13803,14348
415,2021-10-13,484,13359,13843
415,2021-10-14,505,13873,14378
415,2021-10-15,487,13770,14257
415,2021-10-16,112,11171,11283
415,2021-10-17,27,6889,6916
415,2021-10-18,464,12778,13242
415,2021-10-19,429,13887,14316
415,2021-10-20,476,13285,13761
415,2021-10-21,463,12834,13297
415,2021-10-22,436,14015,14451
415,2021-10-23,87,10822,10909
415,2021-10-24,20,8165,8185
415,2021-10-25,454,12553,13007
415,2021-10-26,419,13691,14110
415,2021-10-27,482,13636,14118
415,2021-10-28,461,13741,14202
415,2021-10-29,404,13875,14279
415,2021-10-30,121,11076,11197
415,2021-11-01,15,6796,6811
415,2021-11-02,400,14432,14832
415,2021-11-03,414,14312,14726
415,2021-11-04,415,14200,14615
415,2021-11-05,423,15188,15611
415,2021-11-06,94,10873,10967
415,2021-11-07,15,6841,6856
415,2021-11-08,454,13694,14148
415,2021-11-09,414,14315,14729
415,2021-11-10,464,13806,14270
415,2021-11-11,406,13675,14081
415,2021-11-12,429,13776,14205
415,2021-11-13,123,10725,10848
415,2021-11-14,21,6670,6691
415,2021-11-15,476,13161,13637
415,2021-11-16,482,13700,14182
415,2021-11-17,497,13387,13884
415,2021-11-18,577,14012,14589
415,2021-11-19,497,13752,14249
415,2021-11-20,97,11511,11608
415,2021-11-21,26,6927,6953
415,2021-11-22,513,12840,13353
415,2021-11-23,474,13765,14239
415,2021-11-24,449,13772,14221
415,2021-11-25,491,13609,14100
415,2021-11-26,411,13875,14286
415,2021-11-27,94,10167,10261
415,2021-11-28,19,6387,6406
415,2021-11-29,402,12594,12996
415,2021-11-30,447,13325,13772
415,2021-12-01,450,12932,13382
415,2021-12-02,463,13373,13836
415,2021-12-03,510,13829,14339
415,2021-12-04,77,10778,10855
415,2021-12-05,15,6368,6383
415,2021-12-06,489,12637,13126
415,2021-12-07,484,13294,13778
415,2021-12-08,487,13146,13633
415,2021-12-09,515,13340,13855
415,2021-12-10,358,12779,13137
415,2021-12-11,67,10518,10585
415,2021-12-12,15,6674,6689
415,2021-12-13,424,12526,12950
415,2021-12-14,409,13605,14014
415,2021-12-15,459,13285,13744
415,2021-12-16,417,13822,14239
415,2021-12-17,330,13659,13989
415,2021-12-18,84,9509,9593
415,2021-12-19,21,5971,5992
415,2021-12-20,199,10736,10935
415,2021-12-21,198,11106,11304
415,2021-12-22,207,10761,10968
415,2021-12-23,168,10506,10674
415,2021-12-24,131,8072,8203
415,2021-12-25,4,3938,3942
415,2021-12-26,7,3852,3859
415,2021-12-27,125,7819,7944
415,2021-12-28,143,8099,8242
415,2021-12-29,145,8304,8449
415,2021-12-30,120,8784,8904
415,2021-12-31,92,7534,7626
416,2021-01-01,25,4392,4417
416,2021-01-02,80,7723,7803
416,2021-01-03,23,5742,5765
416,2021-01-04,222,12480,12702
416,2021-01-05,243,13236,13479
416,2021-01-06,260,13145,13405
416,2021-01-07,287,13848,14135
416,2021-01-08,289,14235,14524
416,2021-01-09,104,9741,9845
416,2021-01-10,31,6610,6641
416,2021-01-11,574,18151,18725
416,2021-01-12,553,18437,18990
416,2021-01-13,591,18055,18646
416,2021-01-14,506,16261,16767
416,2021-01-15,360,17034,17394
416,2021-01-16,95,12259,12354
416,2021-01-17,26,6313,6339
416,2021-01-18,478,17483,17961
416,2021-01-19,560,18428,18988
416,2021-01-20,649,19024,19673
416,2021-01-21,615,19416,20031
416,2021-01-22,622,19350,19972
416,2021-01-23,104,13691,13795
416,2021-01-24,26,6960,6986
416,2021-01-25,587,18249,18836
416,2021-01-26,703,18870,19573
416,2021-01-27,550,17307,17857
416,2021-01-28,545,18811,19356
416,2021-01-29,507,20366,20873
416,2021-01-30,116,13488,13604
416,2021-01-31,34,6728,6762
416,2021-02-01,691,18538,19229
416,2021-02-02,629,18971,19600
416,2021-02-03,703,19109,19812
416,2021-02-04,729,19130,19859
416,2021-02-05,743,19594,20337
416,2021-02-06,168,13247,13415
416,2021-02-07,29,6713,6742
416,2021-02-08,662,16197,16859
416,2021-02-09,538,16786,17324
416,2021-02-10,656,17459,18115
416,2021-02-11,624,18188,18812
416,2021-02-12,565,18218,18783
416,2021-02-13,110,12849,12959
416,2021-02-14,32,6889,6921
416,2021-02-15,627,16508,17135
416,2021-02-16,800,17582,18382
416,2021-02-17,642,17315,17957
416,2021-02-18,608,17378,17986
416,2021-02-19,646,18110,18756
416,2021-02-20,142,12874,13016
416,2021-02-21,38,8156,8194
416,2021-02-22,844,18470,19314
416,2021-02-23,786,19242,20028
416,2021-02-24,789,19355,20144
416,2021-02-25,744,20221,20965
416,2021-02-26,751,20547,21298
416,2021-02-27,173,14182,14355
416,2021-02-28,33,8215,8248
416,2021-03-01,759,19103,19862
416,2021-03-02,813,19548,20361
416,2021-03-03,722,19317,20039
416,2021-03-04,776,19139,19915
416,2021-03-05,794,19821,20615
416,2021-03-06,206,14543,14749
416,2021-03-07,47,8132,8179
416,2021-03-08,839,19366,20205
416,2021-03-09,739,19897,20636
416,2021-03-10,821,19515,20336
416,2021-03-11,828,19955,20783
416,2021-03-12,837,20323,21160
416,2021-03-13,158,13558,13716
416,2021-03-14,26,7177,7203
416,2021-03-15,838,18868,19706
416,2021-03-16,842,19710,20552
416,2021-03-17,737,19552,20289
416,2021-03-18,772,19944,20716
416,2021-03-19,779,20054,20833
416,2021-03-20,173,14766,14939
416,2021-03-21,46,7631,7677
416,2021-03-22,689,18896,19585
416,2021-03-23,703,20096,20799
416,2021-03-24,770,20140,20910
416,2021-03-25,728,19819,20547
416,2021-03-26,716,20456,21172
416,2021-03-27,170,14092,14262
416,2021-03-29,753,19412,20165
416,2021-03-30,782,20290,21072
416,2021-03-31,724,20551,21275
416,2021-04-01,768,21040,21808
416,2021-04-02,736,20817,21553
416,2021-04-03,193,13483,13676
416,2021-04-04,19,7634,7653
416,2021-04-05,33,6056,6089
416,2021-04-06,885,20782,21667
416,2021-04-07,951,21151,22102
416,2021-04-08,859,21615,22474
416,2021-04-09,912,21790,22702
416,2021-04-10,161,12560,12721
416,2021-04-11,26,6282,6308
416,2021-04-12,886,18703,19589
416,2021-04-13,840,19320,20160
416,2021-04-14,896,19220,20116
416,2021-04-15,936,20112,21048
416,2021-04-16,948,19639,20587
416,2021-04-17,352,13614,13966
416,2021-04-18,33,7519,7552
416,2021-04-19,913,19749,20662
416,2021-04-20,941,20579,21520
416,2021-04-21,795,20098,20893
416,2021-04-22,814,20776,21590
416,2021-04-23,847,21444,22291
416,2021-04-24,432,15113,15545
416,2021-04-25,30,8825,8855
416,2021-04-26,842,19796,20638
416,2021-04-27,898,20965,21863
416,2021-04-28,902,20641,21543
416,2021-04-29,874,21809,22683
416,2021-04-30,818,22393,23211
416,2021-05-01,69,9095,9164
416,2021-05-02,48,8387,8435
416,2021-05-03,879,20059,20938
416,2021-05-04,830,21768,22598
416,2021-05-05,793,20656,21449
416,2021-05-06,777,20882,21659
416,2021-05-07,779,21493,22272
416,2021-05-08,250,15521,15771
416,2021-05-09,35,8627,8662
416,2021-05-10,752,19614,20366
416,2021-05-11,765,20954,21719
416,2021-05-12,767,21335,22102
416,2021-05-13,47,8171,8218
416,2021-05-14,420,18542,18962
416,2021-05-15,136,13714,13850
416,2021-05-16,65,8363,8428
416,2021-05-17,792,20683,21475
416,2021-05-18,798,21162,21960
416,2021-05-19,793,21312,22105
416,2021-05-20,776,21360,22136
416,2021-05-21,702,21397,22099
416,2021-05-22,199,15371,15570
416,2021-05-23,23,8204,8227
416,2021-05-24,60,7422,7482
416,2021-05-25,682,19220,19902
416,2021-05-26,654,19246,19900
416,2021-05-27,704,19151,19855
416,2021-05-28,699,19912,20611
416,2021-05-29,198,14509,14707
416,2021-05-30,41,9418,9459
416,2021-05-31,742,20429,21171
416,2021-06-01,708,21464,22172
416,2021-06-02,834,20986,21820
416,2021-06-03,818,21656,22474
416,2021-06-04,702,21396,22098
416,2021-06-05,192,15610,15802
416,2021-06-06,40,8812,8852
416,2021-06-07,791,20323,21114
416,2021-06-11,752,22649,23401
416,2021-06-12,335,18042,18377
416,2021-06-13,63,12223,12286
416,2021-06-14,758,20801,21559
416,2021-06-15,765,22087,22852
416,2021-06-16,815,21584,22399
416,2021-06-17,729,21987,22716
416,2021-06-18,731,21837,22568
416,2021-06-20,49,8913,8962
416,2021-06-21,840,20087,20927
416,2021-06-22,900,21258,22158
416,2021-06-23,60,9098,9158
416,2021-06-24,868,20471,21339
416,2021-06-25,974,21545,22519
416,2021-06-26,300,14929,15229
416,2021-06-27,25,9741,9766
416,2021-06-28,806,20292,21098
416,2021-06-29,829,21519,22348
416,2021-06-30,884,21758,22642
416,2021-07-01,894,22315,23209
416,2021-07-02,839,22918,23757
416,2021-07-03,226,15330,15556
416,2021-07-04,78,8646,8724
416,2021-07-05,759,20028,20787
416,2021-07-06,713,20671,21384
416,2021-07-07,811,20705,21516
416,2021-07-08,824,21259,22083
416,2021-07-09,799,21520,22319
416,2021-07-10,164,14976,15140
416,2021-07-11,46,10728,10774
416,2021-07-12,799,20127,20926
416,2021-07-13,721,20911,21632
416,2021-07-14,742,22369,23111
416,2021-07-15,816,19597,20413
416,2021-07-16,902,20807,21709
416,2021-07-17,484,13722,14206
416,2021-07-18,65,9735,9800
416,2021-07-19,817,20334,21151
416,2021-07-20,918,20064,20982
416,2021-07-21,917,19505,20422
416,2021-07-22,879,19679,20558
416,2021-07-23,855,19085,19940
416,2021-07-24,116,962,1078
416,2021-07-25,122,352,474
416,2021-07-26,120,6320,6440
416,2021-07-27,875,17371,18246
416,2021-07-28,645,17784,18429
416,2021-07-29,299,12972,13271
416,2021-07-30,333,16707,17040
416,2021-07-31,114,11529,11643
416,2021-08-05,294,13181,13475
416,2021-08-06,260,13916,14176
416,2021-08-07,74,9826,9900
416,2021-08-08,32,6648,6680
416,2021-08-09,231,13298,13529
416,2021-08-10,234,14052,14286
416,2021-08-11,279,14313,14592
416,2021-08-12,293,14031,14324
416,2021-08-13,242,13891,14133
416,2021-08-14,87,9884,9971
416,2021-08-15,37,6894,6931
416,2021-08-16,222,13221,13443
416,2021-08-17,248,13789,14037
416,2021-08-18,240,13778,14018
416,2021-08-19,280,14041,14321
416,2021-08-20,226,14250,14476
416,2021-08-21,100,11035,11135
416,2021-08-22,27,6943,6970
416,2021-08-23,372,15115,15487
416,2021-08-24,438,15867,16305
416,2021-08-25,519,16294,16813
416,2021-08-26,532,16421,16953
416,2021-08-27,517,16675,17192
416,2021-08-28,93,11020,11113
416,2021-08-29,32,8052,8084
416,2021-08-30,662,17872,18534
416,2021-08-31,702,19155,19857
416,2021-09-01,720,19715,20435
416,2021-09-02,731,20693,21424
416,2021-09-03,766,20136,20902
416,2021-09-04,240,13838,14078
416,2021-09-05,50,9546,9596
416,2021-09-06,789,19591,20380
416,2021-09-07,815,21308,22123
416,2021-09-08,888,21419,22307
416,2021-09-09,817,21496,22313
416,2021-09-10,812,21140,21952
416,2021-09-11,178,12492,12670
416,2021-09-12,42,9160,9202
416,2021-09-13,811,21349,22160
416,2021-09-14,954,22348,23302
416,2021-09-15,952,21666,22618
416,2021-09-16,866,23549,24415
416,2021-09-17,893,22881,23774
416,2021-09-18,204,12446,12650
416,2021-09-19,35,8671,8706
416,2021-09-20,792,20902,21694
416,2021-09-21,887,22648,23535
416,2021-09-22,868,22290,23158
416,2021-09-23,883,22814,23697
416,2021-09-24,756,23135,23891
416,2021-09-25,221,14285,14506
416,2021-09-26,37,8402,8439
416,2021-09-27,670,21690,22360
416,2021-09-28,763,22848,23611
416,2021-09-29,746,22569,23315
416,2021-09-30,717,23331,24048
416,2021-10-01,815,23590,24405
416,2021-10-02,269,16704,16973
416,2021-10-03,29,9967,9996
416,2021-10-04,930,23020,23950
416,2021-10-05,841,22886,23727
416,2021-10-06,775,22607,23382
416,2021-10-07,876,23433,24309
416,2021-10-08,858,23245,24103
416,2021-10-09,210,16612,16822
416,2021-10-10,32,10892,10924
416,2021-10-11,896,21716,22612
416,2021-10-12,982,23354,24336
416,2021-10-13,879,22367,23246
416,2021-10-14,792,23767,24559
416,2021-10-15,906,23619,24525
416,2021-10-16,232,17080,17312
416,2021-10-17,54,10544,10598
416,2021-10-18,783,21076,21859
416,2021-10-19,712,23486,24198
416,2021-10-20,758,22528,23286
416,2021-10-21,773,22395,23168
416,2021-10-22,740,23385,24125
416,2021-10-23,163,16917,17080
416,2021-10-24,62,13309,13371
416,2021-10-25,755,21535,22290
416,2021-10-26,779,23027,23806
416,2021-10-27,827,22684,23511
416,2021-10-28,874,23108,23982
416,2021-10-29,731,23642,24373
416,2021-10-30,161,15174,15335
416,2021-11-01,26,9316,9342
416,2021-11-02,713,20259,20972
416,2021-11-03,772,19664,20436
416,2021-11-04,752,19897,20649
416,2021-11-05,693,20869,21562
416,2021-11-06,181,14782,14963
416,2021-11-07,47,9136,9183
416,2021-11-08,705,21508,22213
416,2021-11-09,771,23048,23819
416,2021-11-10,827,22308,23135
416,2021-11-11,657,22860,23517
416,2021-11-12,794,23055,23849
416,2021-11-13,207,16374,16581
416,2021-11-14,30,9607,9637
416,2021-11-15,844,21951,22795
416,2021-11-16,757,23167,23924
416,2021-11-17,826,22378,23204
416,2021-11-18,903,24293,25196
416,2021-11-19,779,23112,23891
416,2021-11-20,163,17044,17207
416,2021-11-21,27,9620,9647
416,2021-11-22,756,21339,22095
416,2021-11-23,825,23014,23839
416,2021-11-24,840,22535,23375
416,2021-11-25,786,23109,23895
416,2021-11-26,782,23181,23963
416,2021-11-27,152,15788,15940
416,2021-11-28,31,9704,9735
416,2021-11-29,755,20994,21749
416,2021-11-30,705,22310,23015
416,2021-12-01,702,21852,22554
416,2021-12-02,810,22491,23301
416,2021-12-03,859,22960,23819
416,2021-12-04,130,15604,15734
416,2021-12-05,23,9708,9731
416,2021-12-06,797,20675,21472
416,2021-12-07,845,21705,22550
416,2021-12-08,812,21904,22716
416,2021-12-09,823,22585,23408
416,2021-12-10,633,21212,21845
416,2021-12-11,132,16417,16549
416,2021-12-12,23,9716,9739
416,2021-12-13,699,21397,22096
416,2021-12-14,727,22675,23402
416,2021-12-15,876,22377,23253
416,2021-12-16,657,23346,24003
416,2021-12-17,569,22460,23029
416,2021-12-18,103,14723,14826
416,2021-12-19,33,9038,9071
416,2021-12-20,282,17456,17738
416,2021-12-21,265,17911,18176
416,2021-12-22,285,17217,17502
416,2021-12-23,230,16667,16897
416,2021-12-24,155,12463,12618
416,2021-12-25,8,6262,6270
416,2021-12-26,14,5851,5865
416,2021-12-27,155,12223,12378
416,2021-12-28,186,13002,13188
416,2021-12-29,163,12958,13121
416,2021-12-30,139,13303,13442
416,2021-12-31,107,11404,11511
417,2021-01-01,7,1339,1346
417,2021-01-02,50,2348,2398
417,2021-01-03,15,1782,1797
417,2021-01-04,149,3194,3343
417,2021-01-05,197,3352,3549
417,2021-01-06,204,3285,3489
417,2021-01-07,187,3514,3701
417,2021-01-08,223,3510,3733
417,2021-01-09,55,2824,2879
417,2021-01-10,24,2121,2145
417,2021-01-11,374,4398,4772
417,2021-01-12,337,4488,4825
417,2021-01-13,352,4404,4756
417,2021-01-14,300,4157,4457
417,2021-01-15,254,4277,4531
417,2021-01-16,74,3127,3201
417,2021-01-17,28,1833,1861
417,2021-01-18,323,4356,4679
417,2021-01-19,300,4367,4667
417,2021-01-20,368,4592,4960
417,2021-01-21,350,4658,5008
417,2021-01-22,353,4682,5035
417,2021-01-23,88,3115,3203
417,2021-01-24,29,1846,1875
417,2021-01-25,324,4442,4766
417,2021-01-26,334,4592,4926
417,2021-01-27,280,4275,4555
417,2021-01-28,323,4614,4937
417,2021-01-29,371,4953,5324
417,2021-01-30,77,3204,3281
417,2021-01-31,16,1883,1899
417,2021-02-02,369,4652,5021
417,2021-02-03,394,4780,5174
417,2021-02-04,369,4689,5058
417,2021-02-05,363,4788,5151
417,2021-02-06,64,3085,3149
417,2021-02-07,19,1796,1815
417,2021-02-08,317,4196,4513
417,2021-02-09,383,4303,4686
417,2021-02-10,437,4422,4859
417,2021-02-11,414,4523,4937
417,2021-02-12,439,4437,4876
417,2021-02-13,100,3083,3183
417,2021-02-14,26,1991,2017
417,2021-02-15,401,3982,4383
417,2021-02-16,473,5355,5828
417,2021-02-17,383,4653,5036
417,2021-02-18,417,4513,4930
417,2021-02-19,437,4533,4970
417,2021-02-20,94,3312,3406
417,2021-02-21,27,2481,2508
417,2021-02-22,553,4530,5083
417,2021-02-23,457,4906,5363
417,2021-02-24,572,4883,5455
417,2021-02-25,546,5020,5566
417,2021-02-26,525,4995,5520
417,2021-02-27,121,3533,3654
417,2021-02-28,11,2427,2438
417,2021-03-01,564,4785,5349
417,2021-03-02,641,5116,5757
417,2021-03-03,619,4927,5546
417,2021-03-04,582,4852,5434
417,2021-03-05,541,5005,5546
417,2021-03-06,151,3395,3546
417,2021-03-07,18,2444,2462
417,2021-03-08,524,4797,5321
417,2021-03-09,482,4861,5343
417,2021-03-10,531,4925,5456
417,2021-03-11,483,4895,5378
417,2021-03-12,504,5282,5786
417,2021-03-13,78,3190,3268
417,2021-03-14,12,1997,2009
417,2021-03-15,388,4854,5242
417,2021-03-16,467,5031,5498
417,2021-03-17,431,4910,5341
417,2021-03-18,494,5000,5494
417,2021-03-19,483,4968,5451
417,2021-03-20,97,3420,3517
417,2021-03-21,13,2145,2158
417,2021-03-22,449,4800,5249
417,2021-03-23,502,5041,5543
417,2021-03-24,529,4986,5515
417,2021-03-25,571,4822,5393
417,2021-03-26,565,5046,5611
417,2021-03-27,89,3244,3333
417,2021-03-29,564,4922,5486
417,2021-03-30,473,5041,5514
417,2021-03-31,536,4878,5414
417,2021-04-01,518,5204,5722
417,2021-04-02,586,5168,5754
417,2021-04-03,115,3342,3457
417,2021-04-04,23,2190,2213
417,2021-04-06,188,3273,3461
417,2021-04-07,159,2998,3157
417,2021-04-08,177,3230,3407
417,2021-04-09,237,3251,3488
417,2021-04-10,83,2941,3024
417,2021-04-11,18,1751,1769
417,2021-04-12,424,4452,4876
417,2021-04-13,463,4850,5313
417,2021-04-14,511,4888,5399
417,2021-04-15,442,4762,5204
417,2021-04-16,469,4692,5161
417,2021-04-17,91,3405,3496
417,2021-04-18,22,2082,2104
417,2021-04-19,378,4784,5162
417,2021-04-20,443,5119,5562
417,2021-04-21,474,4988,5462
417,2021-04-22,556,5106,5662
417,2021-04-23,522,5205,5727
417,2021-04-24,202,3782,3984
417,2021-04-25,25,2650,2675
417,2021-04-26,500,4954,5454
417,2021-04-27,548,5367,5915
417,2021-04-28,515,5226,5741
417,2021-04-29,600,5320,5920
417,2021-04-30,548,5476,6024
417,2021-05-01,30,2525,2555
417,2021-05-02,27,2471,2498
417,2021-05-03,479,5017,5496
417,2021-05-04,493,5401,5894
417,2021-05-05,463,5170,5633
417,2021-05-06,359,4780,5139
417,2021-05-07,420,5225,5645
417,2021-05-08,102,3762,3864
417,2021-05-09,82,2709,2791
417,2021-05-10,500,5071,5571
417,2021-05-11,480,4889,5369
417,2021-05-12,402,4875,5277
417,2021-05-13,98,2181,2279
417,2021-05-14,275,4409,4684
417,2021-05-15,120,3314,3434
417,2021-05-16,78,2168,2246
417,2021-05-17,394,3985,4379
417,2021-05-18,475,5295,5770
417,2021-05-19,551,5188,5739
417,2021-05-20,566,5340,5906
417,2021-05-21,580,5424,6004
417,2021-05-22,188,3933,4121
417,2021-05-23,91,2318,2409
417,2021-05-24,94,1937,2031
417,2021-05-25,559,4984,5543
417,2021-05-26,494,5083,5577
417,2021-05-27,578,5065,5643
417,2021-05-28,571,5060,5631
417,2021-05-29,188,3543,3731
417,2021-05-30,96,2653,2749
417,2021-05-31,580,5344,5924
417,2021-06-01,533,5464,5997
417,2021-06-02,577,5637,6214
417,2021-06-03,492,5439,5931
417,2021-06-04,495,5458,5953
417,2021-06-05,142,3864,4006
417,2021-06-06,68,2543,2611
417,2021-06-07,494,5061,5555
417,2021-06-08,537,5358,5895
417,2021-06-09,509,5458,5967
417,2021-06-10,510,5531,6041
417,2021-06-11,515,5542,6057
417,2021-06-12,198,4197,4395
417,2021-06-13,90,3118,3208
417,2021-06-14,512,5114,5626
417,2021-06-15,494,5350,5844
417,2021-06-16,552,5604,6156
417,2021-06-17,568,5441,6009
417,2021-06-18,534,5437,5971
417,2021-06-19,204,3854,4058
417,2021-06-20,101,2518,2619
417,2021-06-21,629,7186,7815
417,2021-06-22,503,7441,7944
417,2021-06-23,95,2478,2573
417,2021-06-24,539,5138,5677
417,2021-06-25,528,5252,5780
417,2021-06-26,187,3693,3880
417,2021-06-27,73,2490,2563
417,2021-06-28,519,5084,5603
417,2021-06-29,608,5556,6164
417,2021-06-30,465,5738,6203
417,2021-07-01,499,5756,6255
417,2021-07-02,545,6034,6579
417,2021-07-03,161,3917,4078
417,2021-07-04,106,2444,2550
417,2021-07-05,540,5255,5795
417,2021-07-06,542,5371,5913
417,2021-07-07,485,5206,5691
417,2021-07-08,615,5540,6155
417,2021-07-09,588,5641,6229
417,2021-07-10,191,4073,4264
417,2021-07-11,67,2705,2772
417,2021-07-12,610,5200,5810
417,2021-07-13,566,5343,5909
417,2021-07-14,567,5565,6132
417,2021-07-15,381,6837,7218
417,2021-07-16,457,4953,5410
417,2021-07-17,185,3504,3689
417,2021-07-18,92,2448,2540
417,2021-07-19,505,5499,6004
417,2021-07-20,489,5062,5551
417,2021-07-21,471,5173,5644
417,2021-07-22,541,5028,5569
417,2021-07-23,561,5113,5674
417,2021-07-24,156,3295,3451
417,2021-07-25,119,2446,2565
417,2021-07-26,564,4919,5483
417,2021-07-27,558,4624,5182
417,2021-07-28,509,4918,5427
417,2021-07-29,413,4625,5038
417,2021-07-30,352,4397,4749
417,2021-07-31,161,3228,3389
417,2021-08-01,94,2330,2424
417,2021-08-02,286,3963,4249
417,2021-08-03,319,3969,4288
417,2021-08-04,311,4215,4526
417,2021-08-05,285,4022,4307
417,2021-08-06,358,3978,4336
417,2021-08-07,128,2782,2910
417,2021-08-08,78,1964,2042
417,2021-08-09,272,3656,3928
417,2021-08-10,305,3892,4197
417,2021-08-11,320,3795,4115
417,2021-08-12,315,3818,4133
417,2021-08-13,322,3829,4151
417,2021-08-14,148,2925,3073
417,2021-08-15,135,2322,2457
417,2021-08-16,280,3496,3776
417,2021-08-17,303,3769,4072
417,2021-08-18,301,3807,4108
417,2021-08-19,315,3783,4098
417,2021-08-24,431,4241,4672
417,2021-08-25,502,4198,4700
417,2021-08-26,406,4371,4777
417,2021-08-27,473,4290,4763
417,2021-08-28,153,3049,3202
417,2021-08-29,81,2386,2467
417,2021-08-30,509,4375,4884
417,2021-08-31,479,4555,5034
417,2021-09-01,584,4688,5272
417,2021-09-02,597,4350,4947
417,2021-09-03,588,4240,4828
417,2021-09-04,199,3594,3793
417,2021-09-05,76,2565,2641
417,2021-09-06,599,4501,5100
417,2021-09-07,678,4836,5514
417,2021-09-08,632,4859,5491
417,2021-09-09,630,4953,5583
417,2021-09-10,504,4943,5447
417,2021-09-11,165,3618,3783
417,2021-09-12,63,2668,2731
417,2021-09-13,514,5132,5646
417,2021-09-14,524,5105,5629
417,2021-09-15,586,5052,5638
417,2021-09-16,526,5349,5875
417,2021-09-17,632,5426,6058
417,2021-09-18,179,4226,4405
417,2021-09-19,89,3220,3309
417,2021-09-20,584,5169,5753
417,2021-09-21,540,5135,5675
417,2021-09-22,555,5295,5850
417,2021-09-23,504,5276,5780
417,2021-09-24,596,5250,5846
417,2021-09-25,245,4030,4275
417,2021-09-26,80,2507,2587
417,2021-09-27,497,5022,5519
417,2021-09-28,585,5247,5832
417,2021-09-29,522,5253,5775
417,2021-09-30,519,5250,5769
417,2021-10-01,558,5318,5876
417,2021-10-09,187,3818,4005
417,2021-10-10,84,2724,2808
417,2021-10-11,599,5118,5717
417,2021-10-12,660,5071,5731
417,2021-10-13,668,5173,5841
417,2021-10-14,513,5225,5738
417,2021-10-15,573,5247,5820
417,2021-10-16,180,3551,3731
417,2021-10-17,94,2564,2658
417,2021-10-18,525,5019,5544
417,2021-10-19,575,5194,5769
417,2021-10-20,584,4979,5563
417,2021-10-21,635,5215,5850
417,2021-10-22,626,5365,5991
417,2021-10-23,188,3624,3812
417,2021-10-24,86,2863,2949
417,2021-10-25,631,5078,5709
417,2021-10-26,569,5177,5746
417,2021-10-27,604,5355,5959
417,2021-10-28,617,5257,5874
417,2021-10-29,594,5262,5856
417,2021-10-30,168,3406,3574
417,2021-11-01,81,2097,2178
417,2021-11-02,574,4861,5435
417,2021-11-03,591,5131,5722
417,2021-11-04,616,5245,5861
417,2021-11-05,641,5121,5762
417,2021-11-06,181,3425,3606
417,2021-11-07,71,2326,2397
417,2021-11-08,547,4746,5293
417,2021-11-09,564,4922,5486
417,2021-11-10,621,5748,6369
417,2021-11-11,660,5135,5795
417,2021-11-12,574,5052,5626
417,2021-11-13,180,3667,3847
417,2021-11-14,89,2287,2376
417,2021-11-15,419,3972,4391
417,2021-11-16,452,4366,4818
417,2021-11-17,282,2707,2989
417,2021-11-18,66,1318,1384
417,2021-11-19,56,1216,1272
417,2021-11-20,15,1030,1045
417,2021-11-21,6,451,457
417,2021-11-22,44,829,873
417,2021-11-23,47,905,952
417,2021-11-24,54,814,868
417,2021-11-25,52,865,917
417,2021-11-26,211,2760,2971
417,2021-11-27,150,3112,3262
417,2021-11-28,73,2153,2226
417,2021-11-29,521,4534,5055
417,2021-11-30,573,4603,5176
417,2021-12-01,650,4884,5534
417,2021-12-02,580,4775,5355
417,2021-12-03,670,4954,5624
417,2021-12-04,127,3347,3474
417,2021-12-05,63,2119,2182
417,2021-12-06,659,7092,7751
417,2021-12-07,567,7401,7968
417,2021-12-08,541,4963,5504
417,2021-12-09,554,4977,5531
417,2021-12-10,470,4566,5036
417,2021-12-11,144,3354,3498
417,2021-12-12,72,2333,2405
417,2021-12-13,592,4628,5220
417,2021-12-15,582,5017,5599
417,2021-12-16,568,5139,5707
417,2021-12-17,442,4935,5377
417,2021-12-18,132,3016,3148
417,2021-12-19,69,1980,2049
417,2021-12-20,316,4014,4330
417,2021-12-21,289,3986,4275
417,2021-12-22,310,3786,4096
417,2021-12-23,238,3712,3950
417,2021-12-24,215,2757,2972
417,2021-12-25,57,1721,1778
417,2021-12-26,55,1642,1697
417,2021-12-27,237,2963,3200
417,2021-12-28,237,3074,3311
417,2021-12-29,231,3159,3390
417,2021-12-30,207,3317,3524
417,2021-12-31,202,2634,2836
419,2021-01-02,51,2037,2088
419,2021-01-03,10,1719,1729
419,2021-01-04,100,3487,3587
419,2021-01-05,120,3462,3582
419,2021-01-06,115,3556,3671
419,2021-01-07,98,3786,3884
419,2021-01-08,122,3742,3864
419,2021-01-09,44,2421,2465
419,2021-01-10,5,1940,1945
419,2021-01-11,136,5374,5510
419,2021-01-12,177,5230,5407
419,2021-01-13,162,5426,5588
419,2021-01-14,208,5171,5379
419,2021-01-15,250,4852,5102
419,2021-01-16,82,3217,3299
419,2021-01-17,13,1677,1690
419,2021-01-18,298,5218,5516
419,2021-01-19,127,5397,5524
419,2021-01-20,178,5751,5929
419,2021-01-21,145,5638,5783
419,2021-01-22,131,5758,5889
419,2021-01-23,50,3702,3752
419,2021-01-24,8,1737,1745
419,2021-01-25,135,5588,5723
419,2021-01-26,179,5545,5724
419,2021-01-27,112,5129,5241
419,2021-01-28,88,5554,5642
419,2021-01-29,88,5625,5713
419,2021-01-30,47,3786,3833
419,2021-01-31,7,1711,1718
419,2021-02-02,174,5737,5911
419,2021-02-03,133,5490,5623
419,2021-02-04,236,5565,5801
419,2021-02-05,240,5546,5786
419,2021-02-06,53,3665,3718
419,2021-02-07,8,1738,1746
419,2021-02-08,146,4746,4892
419,2021-02-09,131,4879,5010
419,2021-02-10,204,4806,5010
419,2021-02-11,114,5225,5339
419,2021-02-12,115,5248,5363
419,2021-02-13,42,3697,3739
419,2021-02-14,9,1889,1898
419,2021-02-15,156,4059,4215
419,2021-02-16,126,3907,4033
419,2021-02-17,107,4422,4529
419,2021-02-18,149,4352,4501
419,2021-02-19,153,4802,4955
419,2021-02-20,58,3681,3739
419,2021-02-21,9,2282,2291
419,2021-02-22,242,5268,5510
419,2021-02-23,267,5644,5911
419,2021-02-24,243,5614,5857
419,2021-02-25,239,5742,5981
419,2021-02-26,178,6131,6309
419,2021-02-27,67,3730,3797
419,2021-02-28,26,2334,2360
419,2021-03-01,180,5698,5878
419,2021-03-02,228,5834,6062
419,2021-03-03,193,5767,5960
419,2021-03-04,171,5679,5850
419,2021-03-05,221,5726,5947
419,2021-03-06,67,3815,3882
419,2021-03-07,12,2115,2127
419,2021-03-08,203,5656,5859
419,2021-03-09,233,5957,6190
419,2021-03-10,199,5787,5986
419,2021-03-11,123,5776,5899
419,2021-03-12,177,5881,6058
419,2021-03-13,48,3480,3528
419,2021-03-14,10,1753,1763
419,2021-03-15,149,5515,5664
419,2021-03-16,147,5652,5799
419,2021-03-17,183,5836,6019
419,2021-03-18,199,5856,6055
419,2021-03-19,173,5690,5863
419,2021-03-20,66,3687,3753
419,2021-03-21,12,2045,2057
419,2021-03-22,166,5516,5682
419,2021-03-23,191,5822,6013
419,2021-03-24,188,6177,6365
419,2021-03-25,263,5729,5992
419,2021-03-26,236,5982,6218
419,2021-03-27,92,3635,3727
419,2021-03-29,142,5918,6060
419,2021-03-30,155,6034,6189
419,2021-03-31,149,6081,6230
419,2021-04-01,138,6526,6664
419,2021-04-02,206,6069,6275
419,2021-04-03,70,3776,3846
419,2021-04-04,19,2296,2315
419,2021-04-05,20,1585,1605
419,2021-04-06,401,6903,7304
419,2021-04-07,308,6794,7102
419,2021-04-08,303,6689,6992
419,2021-04-09,342,6427,6769
419,2021-04-10,46,3458,3504
419,2021-04-11,7,1570,1577
419,2021-04-12,180,5314,5494
419,2021-04-13,262,5633,5895
419,2021-04-14,260,5660,5920
419,2021-04-15,293,5963,6256
419,2021-04-16,249,5577,5826
419,2021-04-17,82,3675,3757
419,2021-04-18,22,2011,2033
419,2021-04-19,305,5757,6062
419,2021-04-20,138,6216,6354
419,2021-04-21,130,6020,6150
419,2021-04-22,244,6013,6257
419,2021-04-23,228,6144,6372
419,2021-04-24,119,4329,4448
419,2021-04-25,15,2631,2646
419,2021-04-26,158,5867,6025
419,2021-04-27,159,6412,6571
419,2021-04-28,115,6174,6289
419,2021-04-29,170,6436,6606
419,2021-04-30,145,6637,6782
419,2021-05-01,14,2453,2467
419,2021-05-02,19,2300,2319
419,2021-05-03,185,5886,6071
419,2021-05-04,159,6668,6827
419,2021-05-05,198,6259,6457
419,2021-05-06,152,6345,6497
419,2021-05-07,194,6447,6641
419,2021-05-08,93,4186,4279
419,2021-05-09,25,2816,2841
419,2021-05-10,212,5677,5889
419,2021-05-11,206,6050,6256
419,2021-05-12,181,6199,6380
419,2021-05-13,40,2279,2319
419,2021-05-14,169,5165,5334
419,2021-05-15,109,3743,3852
419,2021-05-16,27,2015,2042
419,2021-05-17,169,4804,4973
419,2021-05-18,191,6187,6378
419,2021-05-19,235,6210,6445
419,2021-05-20,158,6187,6345
419,2021-05-21,214,6168,6382
419,2021-05-22,84,4282,4366
419,2021-05-23,32,2314,2346
419,2021-05-24,24,1835,1859
419,2021-05-25,205,5330,5535
419,2021-05-26,152,5385,5537
419,2021-05-27,198,5476,5674
419,2021-05-28,197,5305,5502
419,2021-05-29,123,4056,4179
419,2021-05-30,43,2643,2686
419,2021-05-31,213,5941,6154
419,2021-06-01,263,6236,6499
419,2021-06-02,287,6225,6512
419,2021-06-03,185,6448,6633
419,2021-06-04,184,6172,6356
419,2021-06-05,119,4045,4164
419,2021-06-06,24,2323,2347
419,2021-06-07,277,5854,6131
419,2021-06-09,287,6024,6311
419,2021-06-10,190,6223,6413
419,2021-06-11,164,6526,6690
419,2021-06-12,117,5227,5344
419,2021-06-13,47,4223,4270
419,2021-06-14,298,5954,6252
419,2021-06-15,273,6348,6621
419,2021-06-16,203,6474,6677
419,2021-06-17,209,6502,6711
419,2021-06-18,152,6255,6407
419,2021-06-19,135,3619,3754
419,2021-06-20,33,2192,2225
419,2021-06-21,210,3352,3562
419,2021-06-22,267,3762,4029
419,2021-06-23,28,2100,2128
419,2021-06-24,188,5798,5986
419,2021-06-25,184,5872,6056
419,2021-06-26,113,3922,4035
419,2021-06-27,38,2721,2759
419,2021-06-28,302,5714,6016
419,2021-06-29,289,6155,6444
419,2021-06-30,285,5716,6001
419,2021-07-01,256,5502,5758
419,2021-07-02,284,5758,6042
419,2021-07-03,133,3947,4080
419,2021-07-04,49,2103,2152
419,2021-07-05,243,5829,6072
419,2021-07-06,210,6120,6330
419,2021-07-07,446,5377,5823
419,2021-07-08,471,6070,6541
419,2021-07-09,269,6201,6470
419,2021-07-10,149,5544,5693
419,2021-07-11,44,3520,3564
419,2021-07-12,257,5911,6168
419,2021-07-13,217,6118,6335
419,2021-07-14,246,5709,5955
419,2021-07-15,82,2140,2222
419,2021-07-16,251,5121,5372
419,2021-07-17,127,3552,3679
419,2021-07-18,46,2465,2511
419,2021-07-19,207,4489,4696
419,2021-07-20,268,5416,5684
419,2021-07-21,270,5649,5919
419,2021-07-22,279,5559,5838
419,2021-08-01,40,2569,2609
419,2021-08-02,157,4155,4312
419,2021-08-03,104,4300,4404
419,2021-08-04,174,4458,4632
419,2021-08-05,176,4379,4555
419,2021-08-06,179,4323,4502
419,2021-08-07,101,3013,3114
419,2021-08-08,50,1722,1772
419,2021-08-09,160,3878,4038
419,2021-08-10,174,4185,4359
419,2021-08-11,174,4240,4414
419,2021-08-12,189,4257,4446
419,2021-08-13,192,4218,4410
419,2021-08-14,91,2843,2934
419,2021-08-15,37,2053,2090
419,2021-08-16,148,3998,4146
419,2021-08-17,172,4178,4350
419,2021-08-18,156,4219,4375
419,2021-08-19,175,4284,4459
419,2021-08-24,267,4734,5001
419,2021-08-25,261,4932,5193
419,2021-08-26,250,5276,5526
419,2021-08-27,157,5085,5242
419,2021-08-28,98,3441,3539
419,2021-08-29,32,2592,2624
419,2021-08-30,153,5005,5158
419,2021-08-31,223,5324,5547
419,2021-09-01,230,5671,5901
419,2021-09-02,219,5919,6138
419,2021-09-03,173,5470,5643
419,2021-09-04,102,3899,4001
419,2021-09-05,45,2912,2957
419,2021-09-06,210,5421,5631
419,2021-09-07,238,5790,6028
419,2021-09-08,189,5716,5905
419,2021-09-09,205,5747,5952
419,2021-09-10,203,5714,5917
419,2021-09-11,104,4092,4196
419,2021-09-12,31,2750,2781
419,2021-09-13,203,5799,6002
419,2021-09-14,212,6073,6285
419,2021-09-15,142,6210,6352
419,2021-09-16,201,6642,6843
419,2021-09-17,172,6080,6252
419,2021-09-18,98,3893,3991
419,2021-09-19,30,2409,2439
419,2021-09-20,200,5930,6130
419,2021-09-21,189,6074,6263
419,2021-09-22,210,5927,6137
419,2021-09-23,153,6140,6293
419,2021-09-24,156,6079,6235
419,2021-09-25,110,3973,4083
419,2021-09-26,33,2256,2289
419,2021-09-27,179,5856,6035
419,2021-09-28,222,6208,6430
419,2021-09-29,235,5951,6186
419,2021-09-30,265,6126,6391
419,2021-10-01,206,6196,6402
419,2021-10-02,103,4177,4280
419,2021-10-03,30,2311,2341
419,2021-10-04,227,6707,6934
419,2021-10-05,187,6301,6488
419,2021-10-06,161,6056,6217
419,2021-10-07,188,6049,6237
419,2021-10-08,207,6035,6242
419,2021-10-09,96,3954,4050
419,2021-10-10,32,2639,2671
419,2021-10-11,255,5504,5759
419,2021-10-12,238,6082,6320
419,2021-10-13,212,5932,6144
419,2021-10-14,266,6172,6438
419,2021-10-15,241,6009,6250
419,2021-10-16,122,4086,4208
419,2021-10-17,53,2535,2588
419,2021-10-18,294,5546,5840
419,2021-10-19,309,6046,6355
419,2021-10-20,301,5790,6091
419,2021-10-21,301,5517,5818
419,2021-10-22,356,6372,6728
419,2021-10-23,146,3959,4105
419,2021-10-24,69,4680,4749
419,2021-10-25,192,5852,6044
419,2021-10-26,182,6137,6319
419,2021-10-27,210,5994,6204
419,2021-10-28,267,6098,6365
419,2021-10-29,230,6155,6385
419,2021-10-30,92,3784,3876
419,2021-11-01,29,2318,2347
419,2021-11-02,182,5553,5735
419,2021-11-03,186,5544,5730
419,2021-11-04,198,5429,5627
419,2021-11-05,191,5485,5676
419,2021-11-06,98,3779,3877
419,2021-11-07,36,2191,2227
419,2021-11-08,213,5926,6139
419,2021-11-09,191,6356,6547
419,2021-11-10,213,6097,6310
419,2021-11-11,228,5896,6124
419,2021-11-12,221,6197,6418
419,2021-11-13,97,3989,4086
419,2021-11-14,25,2230,2255
419,2021-11-15,271,6413,6684
419,2021-11-16,269,6572,6841
419,2021-11-17,396,7797,8193
419,2021-11-18,487,9199,9686
419,2021-11-19,438,8531,8969
419,2021-11-20,194,5589,5783
419,2021-11-21,50,3156,3206
419,2021-11-22,634,7865,8499
419,2021-11-23,663,8382,9045
419,2021-11-24,655,8305,8960
419,2021-11-25,614,8438,9052
419,2021-11-26,587,7735,8322
419,2021-11-27,120,3990,4110
419,2021-11-28,33,2696,2729
419,2021-11-29,260,5851,6111
419,2021-11-30,211,6082,6293
419,2021-12-01,174,6034,6208
419,2021-12-02,211,5972,6183
419,2021-12-03,203,6075,6278
419,2021-12-04,91,3884,3975
419,2021-12-05,25,2669,2694
419,2021-12-06,145,3450,3595
419,2021-12-07,127,3486,3613
419,2021-12-08,180,5892,6072
419,2021-12-09,195,6105,6300
419,2021-12-10,142,5951,6093
419,2021-12-11,92,4050,4142
419,2021-12-12,28,2649,2677
419,2021-12-13,155,5945,6100
419,2021-12-14,173,6267,6440
419,2021-12-15,179,6215,6394
419,2021-12-16,150,6433,6583
419,2021-12-17,145,5936,6081
419,2021-12-18,69,3946,4015
419,2021-12-19,21,2761,2782
419,2021-12-20,100,5029,5129
419,2021-12-21,152,5117,5269
419,2021-12-22,184,4707,4891
419,2021-12-23,163,4520,4683
419,2021-12-24,83,3161,3244
419,2021-12-25,17,1591,1608
419,2021-12-26,28,1469,1497
419,2021-12-27,93,3535,3628
419,2021-12-28,97,3614,3711
419,2021-12-29,139,3710,3849
419,2021-12-30,121,3618,3739
419,2021-12-31,83,2927,3010
420,2021-01-01,35,2229,2264
420,2021-01-02,106,5563,5669
420,2021-01-03,41,3044,3085
420,2021-01-04,193,8389,8582
420,2021-01-05,263,8757,9020
420,2021-01-06,242,8560,8802
420,2021-01-07,246,8550,8796
420,2021-01-08,275,9346,9621
420,2021-01-09,79,6684,6763
420,2021-01-10,49,3377,3426
420,2021-01-11,409,14000,14409
420,2021-01-12,453,14011,14464
420,2021-01-13,482,13510,13992
420,2021-01-14,492,12620,13112
420,2021-01-15,403,13624,14027
420,2021-01-16,155,11943,12098
420,2021-01-17,48,3499,3547
420,2021-01-18,403,13775,14178
420,2021-01-19,471,13614,14085
420,2021-01-20,435,13899,14334
420,2021-01-21,452,14427,14879
420,2021-01-22,524,15695,16219
420,2021-01-23,90,13413,13503
420,2021-01-24,42,3904,3946
420,2021-01-26,424,14405,14829
420,2021-01-27,421,13331,13752
420,2021-01-28,417,14466,14883
420,2021-01-29,446,15550,15996
420,2021-01-30,106,13102,13208
420,2021-01-31,45,3867,3912
420,2021-02-01,499,14062,14561
420,2021-02-02,483,14346,14829
420,2021-02-03,524,13729,14253
420,2021-02-04,460,14723,15183
420,2021-02-05,480,15421,15901
420,2021-02-06,101,13181,13282
420,2021-02-07,29,4205,4234
420,2021-02-08,442,12579,13021
420,2021-02-09,462,12976,13438
420,2021-02-10,466,13212,13678
420,2021-02-11,398,13513,13911
420,2021-02-12,433,14531,14964
420,2021-02-13,104,13032,13136
420,2021-02-14,23,4291,4314
420,2021-02-15,395,13123,13518
420,2021-02-16,421,13883,14304
420,2021-02-17,473,13797,14270
420,2021-02-18,422,13904,14326
420,2021-02-19,361,14489,14850
420,2021-02-20,96,11718,11814
420,2021-02-21,27,4820,4847
420,2021-02-22,438,13966,14404
420,2021-02-23,478,14402,14880
420,2021-02-24,570,14470,15040
420,2021-02-25,523,14747,15270
420,2021-02-26,513,15785,16298
420,2021-02-27,126,13209,13335
420,2021-02-28,54,4798,4852
420,2021-03-01,434,13006,13440
420,2021-03-02,477,12474,12951
420,2021-03-03,475,12315,12790
420,2021-03-04,441,12562,13003
420,2021-03-05,434,13278,13712
420,2021-03-06,109,11656,11765
420,2021-03-07,23,3999,4022
420,2021-03-08,426,12252,12678
420,2021-03-09,430,12391,12821
420,2021-03-10,441,12322,12763
420,2021-03-11,411,12474,12885
420,2021-03-12,463,13573,14036
420,2021-03-13,151,12030,12181
420,2021-03-14,31,3832,3863
420,2021-03-15,445,12165,12610
420,2021-03-16,450,12308,12758
420,2021-03-17,404,12149,12553
420,2021-03-18,468,12641,13109
420,2021-03-19,466,13345,13811
420,2021-03-20,161,11588,11749
420,2021-03-21,54,3971,4025
420,2021-03-22,427,12162,12589
420,2021-03-23,463,12418,12881
420,2021-03-24,486,12430,12916
420,2021-03-25,438,12549,12987
420,2021-03-26,472,13836,14308
420,2021-03-27,130,11762,11892
420,2021-03-29,467,12307,12774
420,2021-03-30,498,14756,15254
420,2021-03-31,446,12512,12958
420,2021-04-01,419,13011,13430
420,2021-04-02,415,14396,14811
420,2021-04-03,120,11614,11734
420,2021-04-04,20,3477,3497
420,2021-04-05,40,2855,2895
420,2021-04-06,430,12036,12466
420,2021-04-07,399,11787,12186
420,2021-04-08,424,12019,12443
420,2021-04-09,442,12402,12844
420,2021-04-10,106,10694,10800
420,2021-04-11,61,3062,3123
420,2021-04-12,392,12201,12593
420,2021-04-13,500,11932,12432
420,2021-04-14,438,12061,12499
420,2021-04-15,450,13234,13684
420,2021-04-16,482,13229,13711
420,2021-04-17,145,10917,11062
420,2021-04-18,52,3738,3790
420,2021-04-19,440,12334,12774
420,2021-04-20,485,12803,13288
420,2021-04-21,449,12721,13170
420,2021-04-22,509,13355,13864
420,2021-04-23,424,14759,15183
420,2021-04-24,180,12341,12521
420,2021-04-25,46,4299,4345
420,2021-04-26,441,12867,13308
420,2021-04-27,449,13509,13958
420,2021-04-28,463,13137,13600
420,2021-04-29,578,16020,16598
420,2021-04-30,490,15410,15900
420,2021-05-01,34,4360,4394
420,2021-05-02,29,4232,4261
420,2021-05-03,460,13349,13809
420,2021-05-04,512,13020,13532
420,2021-05-05,616,12698,13314
420,2021-05-06,557,13691,14248
420,2021-05-07,593,14260,14853
420,2021-05-08,126,12514,12640
420,2021-05-09,30,4365,4395
420,2021-05-10,576,12844,13420
420,2021-05-11,552,13635,14187
420,2021-05-12,535,14098,14633
420,2021-05-13,41,3992,4033
420,2021-05-14,342,13669,14011
420,2021-05-15,112,11951,12063
420,2021-05-16,40,3818,3858
420,2021-05-17,417,12720,13137
420,2021-05-18,468,13139,13607
420,2021-05-19,456,13054,13510
420,2021-05-20,416,13773,14189
420,2021-05-21,484,14197,14681
420,2021-05-22,170,11235,11405
420,2021-05-23,81,3621,3702
420,2021-05-24,62,3355,3417
420,2021-05-25,472,12482,12954
420,2021-05-26,407,12468,12875
420,2021-05-27,445,12440,12885
420,2021-05-28,519,13310,13829
420,2021-05-29,162,10978,11140
420,2021-05-30,63,4371,4434
420,2021-05-31,505,12988,13493
420,2021-06-01,526,13509,14035
420,2021-06-02,590,13085,13675
420,2021-06-03,598,13378,13976
420,2021-06-04,509,13084,13593
420,2021-06-05,137,12443,12580
420,2021-06-06,49,4160,4209
420,2021-06-07,428,12772,13200
420,2021-06-08,435,13268,13703
420,2021-06-09,502,13751,14253
420,2021-06-10,515,13582,14097
420,2021-06-11,496,14368,14864
420,2021-06-12,159,11916,12075
420,2021-06-13,76,4710,4786
420,2021-06-14,475,12853,13328
420,2021-06-15,458,13259,13717
420,2021-06-16,488,13269,13757
420,2021-06-17,529,13635,14164
420,2021-06-18,571,14103,14674
420,2021-06-19,184,11243,11427
420,2021-06-20,65,4414,4479
420,2021-06-21,507,12936,13443
420,2021-06-22,488,15894,16382
420,2021-06-23,52,3919,3971
420,2021-06-24,496,13096,13592
420,2021-06-25,613,14500,15113
420,2021-06-26,154,11208,11362
420,2021-06-27,59,6207,6266
420,2021-06-28,455,12725,13180
420,2021-06-29,488,13308,13796
420,2021-06-30,480,13559,14039
420,2021-07-01,520,13975,14495
420,2021-07-02,530,14625,15155
420,2021-07-03,138,11259,11397
420,2021-07-04,62,4655,4717
420,2021-07-05,465,13396,13861
420,2021-07-06,445,13375,13820
420,2021-07-07,525,12649,13174
420,2021-07-08,434,13621,14055
420,2021-07-09,427,13534,13961
420,2021-07-10,160,11138,11298
420,2021-07-11,55,4606,4661
420,2021-07-12,414,12542,12956
420,2021-07-13,339,13105,13444
420,2021-07-14,379,12783,13162
420,2021-07-15,377,12845,13222
420,2021-07-16,408,12674,13082
420,2021-07-17,141,10573,10714
420,2021-07-18,57,4361,4418
420,2021-07-22,465,11759,12224
420,2021-07-23,427,12182,12609
420,2021-07-24,160,10256,10416
420,2021-07-25,90,3867,3957
420,2021-07-26,426,11991,12417
420,2021-07-27,441,11624,12065
420,2021-07-28,343,11557,11900
420,2021-07-29,369,11677,12046
420,2021-07-30,299,11657,11956
420,2021-07-31,127,9078,9205
420,2021-08-01,65,3882,3947
420,2021-08-02,281,10685,10966
420,2021-08-03,273,10467,10740
420,2021-08-04,281,10049,10330
420,2021-08-05,303,10138,10441
420,2021-08-06,258,10430,10688
420,2021-08-07,130,8385,8515
420,2021-08-08,41,3364,3405
420,2021-08-09,257,9570,9827
420,2021-08-10,257,9716,9973
420,2021-08-11,251,9529,9780
420,2021-08-12,261,9732,9993
420,2021-08-13,282,9685,9967
420,2021-08-14,124,7707,7831
420,2021-08-15,48,3264,3312
420,2021-08-16,239,9238,9477
420,2021-08-17,283,9647,9930
420,2021-08-18,227,9341,9568
420,2021-08-19,266,9827,10093
420,2021-08-20,237,9748,9985
420,2021-08-21,118,7719,7837
420,2021-08-22,43,3507,3550
420,2021-08-23,237,10209,10446
420,2021-08-24,298,9571,9869
420,2021-08-25,330,10691,11021
420,2021-08-26,367,11478,11845
420,2021-08-29,54,6476,6530
420,2021-08-30,374,11912,12286
420,2021-08-31,414,12032,12446
420,2021-09-01,439,11769,12208
420,2021-09-04,149,9558,9707
420,2021-09-05,54,4285,4339
420,2021-09-06,403,12193,12596
420,2021-09-07,488,12341,12829
420,2021-09-14,407,13416,13823
420,2021-09-15,363,12991,13354
420,2021-09-16,397,13493,13890
420,2021-09-17,518,14618,15136
420,2021-09-18,180,16244,16424
420,2021-09-19,78,7484,7562
420,2021-09-20,400,13174,13574
420,2021-09-21,354,13394,13748
420,2021-09-22,353,13309,13662
420,2021-09-23,440,13989,14429
420,2021-09-24,379,14914,15293
420,2021-09-25,242,17940,18182
420,2021-09-26,85,7473,7558
420,2021-09-27,356,13400,13756
420,2021-09-28,349,13441,13790
420,2021-09-29,322,13348,13670
420,2021-09-30,421,13935,14356
420,2021-10-01,366,14363,14729
420,2021-10-02,107,12415,12522
420,2021-10-03,48,4683,4731
420,2021-10-04,319,13176,13495
420,2021-10-05,380,14154,14534
420,2021-10-06,346,13559,13905
420,2021-10-07,369,14188,14557
420,2021-10-08,372,14629,15001
420,2021-10-09,85,12367,12452
420,2021-10-10,44,5316,5360
420,2021-10-11,373,13331,13704
420,2021-10-12,367,13995,14362
420,2021-10-13,380,13504,13884
420,2021-10-14,389,14219,14608
420,2021-10-15,405,14783,15188
420,2021-10-16,105,12215,12320
420,2021-10-17,32,4681,4713
420,2021-10-18,376,13131,13507
420,2021-10-19,412,14061,14473
420,2021-10-20,359,13388,13747
420,2021-10-21,449,14975,15424
420,2021-10-22,381,15076,15457
420,2021-10-23,101,12254,12355
420,2021-10-24,36,6743,6779
420,2021-10-25,371,13494,13865
420,2021-10-26,369,13958,14327
420,2021-10-27,359,13855,14214
420,2021-10-28,384,14306,14690
420,2021-10-29,429,14958,15387
420,2021-10-30,76,13955,14031
420,2021-11-01,48,4996,5044
420,2021-11-02,284,12820,13104
420,2021-11-03,289,12725,13014
420,2021-11-04,302,12196,12498
420,2021-11-05,303,12708,13011
420,2021-11-06,96,10955,11051
420,2021-11-07,41,4172,4213
420,2021-11-08,331,12832,13163
420,2021-11-09,390,13870,14260
420,2021-11-10,413,13444,13857
420,2021-11-11,343,14691,15034
420,2021-11-12,373,14773,15146
420,2021-11-13,86,13402,13488
420,2021-11-14,52,4996,5048
420,2021-11-15,360,13391,13751
420,2021-11-16,352,13778,14130
420,2021-11-17,339,13611,13950
420,2021-11-18,379,14259,14638
420,2021-11-19,400,14401,14801
420,2021-11-20,193,12038,12231
420,2021-11-21,17,4622,4639
420,2021-11-22,343,13296,13639
420,2021-11-23,409,13542,13951
420,2021-11-24,390,13439,13829
420,2021-11-25,429,14809,15238
420,2021-11-26,448,16953,17401
420,2021-11-27,126,12750,12876
420,2021-11-28,43,7121,7164
420,2021-11-29,380,13286,13666
420,2021-11-30,412,13814,14226
420,2021-12-01,399,13412,13811
420,2021-12-02,328,13965,14293
420,2021-12-03,400,14513,14913
420,2021-12-04,122,12543,12665
420,2021-12-05,34,6793,6827
420,2021-12-06,342,13701,14043
420,2021-12-07,391,13351,13742
420,2021-12-08,324,13184,13508
420,2021-12-09,390,13849,14239
420,2021-12-10,348,13650,13998
420,2021-12-11,81,12529,12610
420,2021-12-12,46,6811,6857
420,2021-12-13,350,13270,13620
420,2021-12-14,369,13848,14217
420,2021-12-15,353,14078,14431
420,2021-12-16,326,14891,15217
420,2021-12-17,312,14776,15088
420,2021-12-18,78,11548,11626
420,2021-12-19,39,6748,6787
420,2021-12-20,163,12685,12848
420,2021-12-21,228,13166,13394
420,2021-12-22,217,13187,13404
420,2021-12-23,171,13868,14039
420,2021-12-24,114,9572,9686
420,2021-12-25,18,2435,2453
420,2021-12-26,31,2634,2665
420,2021-12-27,115,9835,9950
420,2021-12-28,146,10247,10393
420,2021-12-29,138,10339,10477
420,2021-12-30,135,10820,10955
420,2021-12-31,126,8716,8842
421,2021-01-01,9,730,739
421,2021-01-02,4,1416,1420
421,2021-01-03,7,1028,1035
421,2021-01-04,20,2000,2020
421,2021-01-05,29,2051,2080
421,2021-01-06,27,2133,2160
421,2021-01-07,39,2142,2181
421,2021-01-08,27,2316,2343
421,2021-01-09,9,1688,1697
421,2021-01-10,5,1160,1165
421,2021-01-11,56,3670,3726
421,2021-01-12,52,3605,3657
421,2021-01-13,48,3626,3674
421,2021-01-14,60,3276,3336
421,2021-01-15,52,3324,3376
421,2021-01-16,20,2655,2675
421,2021-01-17,9,1025,1034
421,2021-01-18,51,3537,3588
421,2021-01-19,50,3603,3653
421,2021-01-20,55,3745,3800
421,2021-01-21,66,3785,3851
421,2021-01-22,56,4118,4174
421,2021-01-23,15,2960,2975
421,2021-01-24,5,945,950
421,2021-01-25,50,3632,3682
421,2021-01-26,46,3698,3744
421,2021-01-27,51,3518,3569
421,2021-01-28,56,3815,3871
421,2021-01-29,45,3889,3934
421,2021-01-30,11,2871,2882
421,2021-01-31,10,990,1000
421,2021-02-01,64,3682,3746
421,2021-02-02,54,3771,3825
421,2021-02-03,51,3684,3735
421,2021-02-04,72,3808,3880
421,2021-02-05,74,3858,3932
421,2021-02-06,19,2784,2803
421,2021-02-07,3,1036,1039
421,2021-02-08,77,3094,3171
421,2021-02-09,79,3106,3185
421,2021-02-10,63,3194,3257
421,2021-02-11,59,3292,3351
421,2021-02-12,67,3456,3523
421,2021-02-13,12,2904,2916
421,2021-02-14,9,1095,1104
421,2021-02-15,187,4153,4340
421,2021-02-16,182,4138,4320
421,2021-02-17,195,4491,4686
421,2021-02-18,173,4289,4462
421,2021-02-19,108,3474,3582
421,2021-02-20,12,2713,2725
421,2021-02-21,7,1465,1472
421,2021-02-22,61,3671,3732
421,2021-02-23,65,3869,3934
421,2021-02-24,58,3848,3906
421,2021-02-25,70,3906,3976
421,2021-02-26,71,4279,4350
421,2021-02-27,25,2863,2888
421,2021-03-02,66,4014,4080
421,2021-03-03,66,3866,3932
421,2021-03-04,74,3862,3936
421,2021-03-05,70,4047,4117
421,2021-03-06,17,2939,2956
421,2021-03-07,7,1292,1299
421,2021-03-08,65,3753,3818
421,2021-03-09,81,3833,3914
421,2021-03-10,60,3798,3858
421,2021-03-11,67,3923,3990
421,2021-03-12,67,4100,4167
421,2021-03-13,15,2756,2771
421,2021-03-14,12,1061,1073
421,2021-03-15,50,3708,3758
421,2021-03-16,57,3657,3714
421,2021-03-17,71,3787,3858
421,2021-03-18,73,3896,3969
421,2021-03-19,78,3916,3994
421,2021-03-20,19,2820,2839
421,2021-03-21,5,1217,1222
421,2021-03-22,82,3701,3783
421,2021-03-23,66,3920,3986
421,2021-03-24,70,4104,4174
421,2021-03-25,77,3858,3935
421,2021-03-26,88,4253,4341
421,2021-03-27,30,3001,3031
421,2021-03-29,74,3821,3895
421,2021-03-30,65,3907,3972
421,2021-03-31,74,3810,3884
421,2021-04-02,69,4272,4341
421,2021-04-03,18,2984,3002
421,2021-04-04,9,1344,1353
421,2021-04-05,10,942,952
421,2021-04-06,92,3896,3988
421,2021-04-07,108,3860,3968
421,2021-04-08,95,3908,4003
421,2021-04-09,87,3958,4045
421,2021-04-10,14,2644,2658
421,2021-04-11,4,924,928
421,2021-04-12,49,3672,3721
421,2021-04-13,64,3818,3882
421,2021-04-14,55,3710,3765
421,2021-04-15,62,3862,3924
421,2021-04-16,67,3859,3926
421,2021-04-17,24,2735,2759
421,2021-04-18,11,1116,1127
421,2021-04-19,87,3888,3975
421,2021-04-20,73,4112,4185
421,2021-04-21,68,4011,4079
421,2021-04-22,67,4126,4193
421,2021-04-23,64,4433,4497
421,2021-04-24,25,3226,3251
421,2021-04-25,7,1671,1678
421,2021-04-26,71,3927,3998
421,2021-04-27,70,4014,4084
421,2021-04-28,63,3917,3980
421,2021-04-29,71,4046,4117
421,2021-04-30,66,4494,4560
421,2021-05-01,7,1577,1584
421,2021-05-02,7,1277,1284
421,2021-05-03,66,3794,3860
421,2021-05-04,74,3905,3979
421,2021-05-05,45,3882,3927
421,2021-05-06,68,4008,4076
421,2021-05-07,72,4207,4279
421,2021-05-08,20,3080,3100
421,2021-05-09,3,1722,1725
421,2021-05-10,68,3635,3703
421,2021-05-11,57,3885,3942
421,2021-05-12,66,3941,4007
421,2021-05-13,3,1260,1263
421,2021-05-14,55,3770,3825
421,2021-05-15,17,2897,2914
421,2021-05-16,10,1102,1112
421,2021-05-17,59,3283,3342
421,2021-05-18,61,3796,3857
421,2021-05-19,61,3810,3871
421,2021-05-20,55,3919,3974
421,2021-05-21,81,4019,4100
421,2021-05-22,12,2806,2818
421,2021-05-23,6,1124,1130
421,2021-05-24,7,858,865
421,2021-05-25,38,3067,3105
421,2021-05-26,53,3020,3073
421,2021-05-27,60,2895,2955
421,2021-05-28,41,3065,3106
421,2021-05-29,19,2380,2399
421,2021-05-30,6,1367,1373
421,2021-05-31,56,3633,3689
421,2021-06-01,63,3895,3958
421,2021-06-02,67,3688,3755
421,2021-06-03,54,3823,3877
421,2021-06-04,73,3917,3990
421,2021-06-05,23,2810,2833
421,2021-06-06,5,1227,1232
421,2021-06-07,64,3622,3686
421,2021-06-08,65,3725,3790
421,2021-06-09,63,3820,3883
421,2021-06-10,55,3848,3903
421,2021-06-11,60,4113,4173
421,2021-06-12,24,2967,2991
421,2021-06-13,9,1672,1681
421,2021-06-14,69,3791,3860
421,2021-06-15,45,4050,4095
421,2021-06-16,71,3983,4054
421,2021-06-17,67,4102,4169
421,2021-06-18,71,4044,4115
421,2021-06-19,71,2763,2834
421,2021-06-20,19,1255,1274
421,2021-06-21,63,3294,3357
421,2021-06-22,71,3689,3760
421,2021-06-23,7,1134,1141
421,2021-06-24,89,3770,3859
421,2021-06-25,73,3963,4036
421,2021-06-26,25,2812,2837
421,2021-06-27,12,1677,1689
421,2021-06-28,72,3620,3692
421,2021-06-29,60,3948,4008
421,2021-06-30,35,2234,2269
421,2021-07-01,25,2017,2042
421,2021-07-02,49,2458,2507
421,2021-07-03,19,2837,2856
421,2021-07-04,22,1157,1179
421,2021-07-05,55,3385,3440
421,2021-07-06,60,3702,3762
421,2021-07-07,64,3449,3513
421,2021-07-08,65,4030,4095
421,2021-07-09,60,3735,3795
421,2021-07-10,24,3036,3060
421,2021-07-11,8,1492,1500
421,2021-07-12,53,3566,3619
421,2021-07-13,50,3793,3843
421,2021-07-14,88,3842,3930
421,2021-07-15,27,1338,1365
421,2021-07-16,44,2871,2915
421,2021-07-17,12,2379,2391
421,2021-07-18,13,1517,1530
421,2021-07-19,15,195,210
421,2021-07-20,49,2980,3029
421,2021-07-21,51,3329,3380
421,2021-07-22,39,3251,3290
421,2021-07-23,44,3263,3307
421,2021-07-24,60,5285,5345
421,2021-07-25,35,2579,2614
421,2021-07-26,204,6227,6431
421,2021-07-27,74,3458,3532
421,2021-07-28,55,3453,3508
421,2021-07-29,114,4700,4814
421,2021-07-30,28,3231,3259
421,2021-07-31,17,2453,2470
421,2021-08-01,12,1330,1342
421,2021-08-02,77,3951,4028
421,2021-08-03,71,3959,4030
421,2021-08-04,72,3824,3896
421,2021-08-05,43,2994,3037
421,2021-08-06,37,3004,3041
421,2021-08-07,28,2115,2143
421,2021-08-08,12,1003,1015
421,2021-08-09,22,2629,2651
421,2021-08-10,30,2657,2687
421,2021-08-11,32,2580,2612
421,2021-08-12,39,2745,2784
421,2021-08-13,35,2782,2817
421,2021-08-14,12,2087,2099
421,2021-08-15,14,1198,1212
421,2021-08-16,27,2536,2563
421,2021-08-17,21,2559,2580
421,2021-08-18,19,2644,2663
421,2021-08-19,43,2716,2759
421,2021-08-23,40,2680,2720
421,2021-08-24,46,2761,2807
421,2021-08-25,44,2917,2961
421,2021-08-26,61,3189,3250
421,2021-08-27,34,3192,3226
421,2021-08-28,14,2564,2578
421,2021-08-29,18,1875,1893
421,2021-08-30,45,3242,3287
421,2021-08-31,61,3151,3212
421,2021-09-01,51,3286,3337
421,2021-09-02,59,3548,3607
421,2021-09-03,58,3467,3525
421,2021-09-04,22,2568,2590
421,2021-09-05,9,1483,1492
421,2021-09-06,62,3281,3343
421,2021-09-07,57,3528,3585
421,2021-09-08,49,3459,3508
421,2021-09-09,58,3471,3529
421,2021-09-10,48,3681,3729
421,2021-09-11,17,2765,2782
421,2021-09-12,13,1483,1496
421,2021-09-13,51,3629,3680
421,2021-09-14,54,3798,3852
421,2021-09-15,61,3946,4007
421,2021-09-16,72,3120,3192
421,2021-09-17,75,4279,4354
421,2021-09-18,32,3955,3987
421,2021-09-19,11,1761,1772
421,2021-09-20,68,3938,4006
421,2021-09-21,83,3913,3996
421,2021-09-22,85,4003,4088
421,2021-09-23,66,3986,4052
421,2021-09-24,63,4092,4155
421,2021-09-25,23,3581,3604
421,2021-09-26,6,1510,1516
421,2021-09-27,81,3963,4044
421,2021-09-28,73,4240,4313
421,2021-09-29,81,3991,4072
421,2021-09-30,99,4041,4140
421,2021-10-01,97,4290,4387
421,2021-10-02,32,3031,3063
421,2021-10-03,10,1212,1222
421,2021-10-04,70,3955,4025
421,2021-10-05,54,4195,4249
421,2021-10-06,66,4134,4200
421,2021-10-07,82,4132,4214
421,2021-10-08,60,4267,4327
421,2021-10-09,19,2834,2853
421,2021-10-10,2,1504,1506
421,2021-10-11,83,3765,3848
421,2021-10-12,59,4140,4199
421,2021-10-13,77,3946,4023
421,2021-10-14,68,4206,4274
421,2021-10-15,84,4252,4336
421,2021-10-16,24,3197,3221
421,2021-10-17,2,1407,1409
421,2021-10-18,69,3849,3918
421,2021-10-19,53,4186,4239
421,2021-10-20,78,3996,4074
421,2021-10-21,81,4078,4159
421,2021-10-22,67,4595,4662
421,2021-10-23,19,3018,3037
421,2021-10-24,4,2232,2236
421,2021-10-25,55,3970,4025
421,2021-10-26,66,4240,4306
421,2021-10-27,64,3968,4032
421,2021-10-28,89,4193,4282
421,2021-10-29,69,4328,4397
421,2021-10-30,25,2781,2806
421,2021-11-01,7,1239,1246
421,2021-11-02,55,3503,3558
421,2021-11-03,47,3632,3679
421,2021-11-04,65,3445,3510
421,2021-11-05,57,3555,3612
421,2021-11-06,17,2693,2710
421,2021-11-07,7,1033,1040
421,2021-11-08,64,3701,3765
421,2021-11-09,54,4364,4418
421,2021-11-10,83,4117,4200
421,2021-11-11,73,3804,3877
421,2021-11-12,75,4452,4527
421,2021-11-13,14,2992,3006
421,2021-11-14,6,1320,1326
421,2021-11-15,69,4435,4504
421,2021-11-16,87,4638,4725
421,2021-11-17,108,4716,4824
421,2021-11-18,134,5120,5254
421,2021-11-19,120,4810,4930
421,2021-11-20,29,3213,3242
421,2021-11-21,2,1525,1527
421,2021-11-22,98,4526,4624
421,2021-11-23,124,4810,4934
421,2021-11-24,114,4912,5026
421,2021-11-25,117,4835,4952
421,2021-11-26,107,5425,5532
421,2021-11-27,20,3005,3025
421,2021-11-28,6,1922,1928
421,2021-11-29,81,4058,4139
421,2021-11-30,63,4334,4397
421,2021-12-01,74,4201,4275
421,2021-12-02,81,4133,4214
421,2021-12-03,67,4307,4374
421,2021-12-04,9,2978,2987
421,2021-12-05,8,1851,1859
421,2021-12-06,69,3253,3322
421,2021-12-07,67,3505,3572
421,2021-12-08,86,4088,4174
421,2021-12-09,74,4274,4348
421,2021-12-10,79,4229,4308
421,2021-12-11,28,3046,3074
421,2021-12-12,6,1878,1884
421,2021-12-13,97,4126,4223
421,2021-12-14,89,4430,4519
421,2021-12-15,78,4325,4403
421,2021-12-16,79,4644,4723
421,2021-12-17,59,4402,4461
421,2021-12-18,9,3072,3081
421,2021-12-19,4,1944,1948
421,2021-12-20,28,3465,3493
421,2021-12-21,27,3565,3592
421,2021-12-22,38,3420,3458
421,2021-12-23,18,3463,3481
421,2021-12-24,15,2396,2411
421,2021-12-25,1,918,919
421,2021-12-26,3,870,873
421,2021-12-27,17,2527,2544
421,2021-12-28,18,2604,2622
421,2021-12-29,50,2772,2822
421,2021-12-30,28,2743,2771
421,2021-12-31,18,2194,2212
422,2021-01-01,3,1221,1224
422,2021-01-02,26,1966,1992
422,2021-01-03,13,1618,1631
422,2021-01-04,73,2979,3052
422,2021-01-05,74,3203,3277
422,2021-01-06,69,3266,3335
422,2021-01-07,76,3212,3288
422,2021-01-08,74,3252,3326
422,2021-01-09,30,2442,2472
422,2021-01-10,16,1908,1924
422,2021-01-11,151,4431,4582
422,2021-01-12,136,4579,4715
422,2021-01-13,112,4627,4739
422,2021-01-14,108,4470,4578
422,2021-01-15,109,4250,4359
422,2021-01-16,42,2733,2775
422,2021-01-17,7,1742,1749
422,2021-01-18,107,4228,4335
422,2021-01-19,103,4545,4648
422,2021-01-20,136,4855,4991
422,2021-01-21,117,4701,4818
422,2021-01-22,116,4808,4924
422,2021-01-23,50,2901,2951
422,2021-01-24,15,1864,1879
422,2021-01-25,116,4379,4495
422,2021-01-26,140,4602,4742
422,2021-01-27,89,4299,4388
422,2021-01-28,85,4894,4979
422,2021-01-29,98,4924,5022
422,2021-01-30,35,3146,3181
422,2021-01-31,17,1982,1999
422,2021-02-01,109,4722,4831
422,2021-02-02,75,4809,4884
422,2021-02-03,74,4618,4692
422,2021-02-04,169,4668,4837
422,2021-02-05,135,4767,4902
422,2021-02-06,39,3024,3063
422,2021-02-07,9,1989,1998
422,2021-02-08,110,4065,4175
422,2021-02-09,149,4158,4307
422,2021-02-10,142,4354,4496
422,2021-02-11,126,4481,4607
422,2021-02-12,125,4345,4470
422,2021-02-13,43,3006,3049
422,2021-02-14,15,2159,2174
422,2021-02-15,127,3868,3995
422,2021-02-16,138,4478,4616
422,2021-02-17,127,4357,4484
422,2021-02-18,151,4228,4379
422,2021-02-19,137,4584,4721
422,2021-02-20,39,3287,3326
422,2021-02-21,18,2495,2513
422,2021-02-22,155,4519,4674
422,2021-02-23,167,5021,5188
422,2021-02-24,145,4880,5025
422,2021-02-25,162,5294,5456
422,2021-02-26,143,4794,4937
422,2021-02-27,60,3510,3570
422,2021-02-28,14,2468,2482
422,2021-03-01,160,4773,4933
422,2021-03-02,175,5241,5416
422,2021-03-03,230,5017,5247
422,2021-03-04,192,4992,5184
422,2021-03-05,215,5064,5279
422,2021-03-06,58,3557,3615
422,2021-03-07,24,2443,2467
422,2021-03-08,203,4919,5122
422,2021-03-09,201,5141,5342
422,2021-03-10,199,5152,5351
422,2021-03-11,112,5084,5196
422,2021-03-12,194,5186,5380
422,2021-03-13,32,3312,3344
422,2021-03-14,16,2144,2160
422,2021-03-15,180,4746,4926
422,2021-03-16,154,5056,5210
422,2021-03-17,137,4998,5135
422,2021-03-18,204,5375,5579
422,2021-03-19,173,5194,5367
422,2021-03-20,68,3620,3688
422,2021-03-21,23,2213,2236
422,2021-03-22,170,4723,4893
422,2021-03-23,182,5264,5446
422,2021-03-24,199,5621,5820
422,2021-03-25,257,5201,5458
422,2021-03-26,193,5460,5653
422,2021-03-27,71,3420,3491
422,2021-03-29,176,5366,5542
422,2021-03-30,156,5549,5705
422,2021-03-31,192,5920,6112
422,2021-04-01,176,5793,5969
422,2021-04-02,180,5494,5674
422,2021-04-03,56,3484,3540
422,2021-04-04,17,2389,2406
422,2021-04-05,21,1827,1848
422,2021-04-06,201,5025,5226
422,2021-04-07,209,4730,4939
422,2021-04-08,209,4993,5202
422,2021-04-09,213,5075,5288
422,2021-04-10,33,3074,3107
422,2021-04-11,8,1872,1880
422,2021-04-12,187,5229,5416
422,2021-04-13,209,5212,5421
422,2021-04-14,196,5131,5327
422,2021-04-15,219,5388,5607
422,2021-04-16,226,5429,5655
422,2021-04-17,70,3735,3805
422,2021-04-18,18,2365,2383
422,2021-04-19,193,5331,5524
422,2021-04-20,210,5567,5777
422,2021-04-21,214,5601,5815
422,2021-04-22,213,5893,6106
422,2021-04-23,179,5769,5948
422,2021-04-24,74,4093,4167
422,2021-04-25,18,2861,2879
422,2021-05-13,31,2598,2629
422,2021-05-14,114,5049,5163
422,2021-05-15,54,3609,3663
422,2021-05-16,23,2517,2540
422,2021-05-17,142,5641,5783
422,2021-05-18,174,5932,6106
422,2021-05-19,196,6203,6399
422,2021-05-20,284,5918,6202
422,2021-05-21,379,6258,6637
422,2021-05-22,125,6144,6269
422,2021-05-23,48,3627,3675
422,2021-05-24,17,2151,2168
422,2021-05-25,150,5041,5191
422,2021-05-26,154,5235,5389
422,2021-05-27,248,5555,5803
422,2021-05-28,267,5688,5955
422,2021-05-29,123,3884,4007
422,2021-05-30,56,2946,3002
422,2021-05-31,165,5549,5714
422,2021-06-01,195,5932,6127
422,2021-06-02,200,6005,6205
422,2021-06-03,153,6075,6228
422,2021-06-04,185,6290,6475
422,2021-06-05,47,3877,3924
422,2021-06-06,26,2546,2572
422,2021-06-07,165,5478,5643
422,2021-06-08,188,6013,6201
422,2021-06-09,214,6050,6264
422,2021-06-10,189,6191,6380
422,2021-06-11,215,6357,6572
422,2021-06-12,71,4652,4723
422,2021-06-13,68,5659,5727
422,2021-06-14,169,5641,5810
422,2021-06-15,178,5894,6072
422,2021-06-16,151,6140,6291
422,2021-06-17,160,6220,6380
422,2021-06-18,174,6074,6248
422,2021-06-19,43,3979,4022
422,2021-06-20,23,2796,2819
422,2021-06-21,86,4644,4730
422,2021-06-22,185,6087,6272
422,2021-06-23,31,2606,2637
422,2021-06-24,175,5742,5917
422,2021-06-25,211,6366,6577
422,2021-06-26,84,4934,5018
422,2021-06-27,23,3248,3271
422,2021-06-28,194,5555,5749
422,2021-06-29,163,6087,6250
422,2021-06-30,154,6152,6306
422,2021-07-01,232,6338,6570
422,2021-07-02,194,6669,6863
422,2021-07-03,68,3969,4037
422,2021-07-04,26,2642,2668
422,2021-07-05,163,6098,6261
422,2021-07-06,160,6206,6366
422,2021-07-07,169,5976,6145
422,2021-07-08,155,6148,6303
422,2021-07-09,170,6305,6475
422,2021-07-10,43,4741,4784
422,2021-07-11,24,3059,3083
422,2021-07-12,166,6624,6790
422,2021-07-13,96,6338,6434
422,2021-07-14,98,6762,6860
422,2021-07-15,166,6567,6733
422,2021-07-16,155,6109,6264
422,2021-07-17,35,3492,3527
422,2021-07-18,27,2791,2818
422,2021-07-19,126,5333,5459
422,2021-07-20,183,5614,5797
422,2021-07-21,174,5465,5639
422,2021-07-22,153,5594,5747
422,2021-07-23,149,5700,5849
422,2021-07-24,57,3340,3397
422,2021-07-25,40,2533,2573
422,2021-07-26,151,5040,5191
422,2021-07-27,154,5404,5558
422,2021-07-28,159,5184,5343
422,2021-07-29,183,5345,5528
422,2021-07-30,147,5077,5224
422,2021-07-31,60,3289,3349
422,2021-08-01,30,2381,2411
422,2021-08-02,72,4039,4111
422,2021-08-03,88,4213,4301
422,2021-08-04,98,4066,4164
422,2021-08-05,110,4187,4297
422,2021-08-06,108,4252,4360
422,2021-08-07,67,2958,3025
422,2021-08-08,27,2338,2365
422,2021-08-09,78,3693,3771
422,2021-08-10,85,3923,4008
422,2021-08-11,98,4229,4327
422,2021-08-12,113,4226,4339
422,2021-08-13,106,4275,4381
422,2021-08-14,63,2930,2993
422,2021-08-15,32,2621,2653
422,2021-08-16,118,3625,3743
422,2021-08-17,96,3838,3934
422,2021-08-18,104,3760,3864
422,2021-08-19,113,3983,4096
422,2021-08-20,92,4341,4433
422,2021-08-21,49,2796,2845
422,2021-08-22,19,2375,2394
422,2021-08-23,129,4198,4327
422,2021-08-24,128,4588,4716
422,2021-08-25,156,4821,4977
422,2021-08-26,167,4715,4882
422,2021-08-27,152,4842,4994
422,2021-08-28,45,3148,3193
422,2021-08-29,21,2415,2436
422,2021-08-30,162,4931,5093
422,2021-08-31,178,5137,5315
422,2021-09-01,173,5433,5606
422,2021-09-02,174,5174,5348
422,2021-09-03,182,5569,5751
422,2021-09-04,62,3366,3428
422,2021-09-05,29,2721,2750
422,2021-09-06,181,5402,5583
422,2021-09-07,174,5754,5928
422,2021-09-08,169,5863,6032
422,2021-09-09,186,5871,6057
422,2021-09-10,205,5897,6102
422,2021-09-11,84,4469,4553
422,2021-09-12,37,3367,3404
422,2021-09-13,194,6063,6257
422,2021-09-14,193,6112,6305
422,2021-09-15,178,5910,6088
422,2021-09-16,196,6139,6335
422,2021-09-17,193,6114,6307
422,2021-09-18,63,4236,4299
422,2021-09-19,51,3863,3914
422,2021-09-20,188,5755,5943
422,2021-09-21,218,5922,6140
422,2021-09-22,234,6056,6290
422,2021-09-23,187,6128,6315
422,2021-09-24,252,6026,6278
422,2021-09-25,138,4314,4452
422,2021-09-26,37,2990,3027
422,2021-09-27,164,5734,5898
422,2021-09-28,286,6130,6416
422,2021-09-29,228,5774,6002
422,2021-09-30,190,5822,6012
422,2021-10-01,203,5913,6116
422,2021-10-02,67,3988,4055
422,2021-10-03,12,2725,2737
422,2021-10-04,160,5342,5502
422,2021-10-05,271,6120,6391
422,2021-10-06,321,6081,6402
422,2021-10-07,326,6094,6420
422,2021-10-08,297,5732,6029
422,2021-10-09,67,4110,4177
422,2021-10-10,58,3027,3085
422,2021-10-11,187,5498,5685
422,2021-10-12,222,6190,6412
422,2021-10-13,238,5866,6104
422,2021-10-14,204,6000,6204
422,2021-10-15,181,5741,5922
422,2021-10-16,82,4096,4178
422,2021-10-17,41,2771,2812
422,2021-10-18,183,5575,5758
422,2021-10-19,137,6136,6273
422,2021-10-20,142,5683,5825
422,2021-10-21,140,5635,5775
422,2021-10-22,163,5602,5765
422,2021-10-23,65,4233,4298
422,2021-10-24,116,8178,8294
422,2021-10-25,172,5751,5923
422,2021-10-26,180,5703,5883
422,2021-10-27,197,5677,5874
422,2021-10-28,186,5938,6124
422,2021-10-29,158,5925,6083
422,2021-10-30,60,3601,3661
422,2021-11-01,22,2538,2560
422,2021-11-02,105,5019,5124
422,2021-11-03,117,5067,5184
422,2021-11-04,166,5152,5318
422,2021-11-05,133,5078,5211
422,2021-11-06,56,3379,3435
422,2021-11-07,23,2642,2665
422,2021-11-08,158,5598,5756
422,2021-11-09,183,5826,6009
422,2021-11-10,208,5596,5804
422,2021-11-11,262,5901,6163
422,2021-11-12,239,5838,6077
422,2021-11-13,52,3644,3696
422,2021-11-14,24,2631,2655
422,2021-11-15,177,5418,5595
422,2021-11-16,188,6019,6207
422,2021-11-17,177,5470,5647
422,2021-11-18,254,6978,7232
422,2021-11-19,174,5857,6031
422,2021-11-20,69,3856,3925
422,2021-11-21,24,2461,2485
422,2021-11-22,182,5068,5250
422,2021-11-23,217,5882,6099
422,2021-11-24,192,5600,5792
422,2021-11-25,205,5739,5944
422,2021-11-26,175,5528,5703
422,2021-11-27,46,3625,3671
422,2021-11-28,17,2471,2488
422,2021-11-29,174,5360,5534
422,2021-11-30,99,5518,5617
422,2021-12-01,96,5503,5599
422,2021-12-02,156,5549,5705
422,2021-12-03,190,5700,5890
422,2021-12-04,35,3592,3627
422,2021-12-05,15,2474,2489
422,2021-12-06,180,5212,5392
422,2021-12-07,176,5375,5551
422,2021-12-08,205,5366,5571
422,2021-12-09,169,5583,5752
422,2021-12-10,131,5507,5638
422,2021-12-11,64,3736,3800
422,2021-12-12,17,2454,2471
422,2021-12-13,141,5086,5227
422,2021-12-14,161,5374,5535
422,2021-12-15,174,5249,5423
422,2021-12-16,193,5595,5788
422,2021-12-17,174,5524,5698
422,2021-12-18,48,3259,3307
422,2021-12-19,22,2362,2384
422,2021-12-20,108,4040,4148
422,2021-12-21,103,4393,4496
422,2021-12-22,106,4166,4272
422,2021-12-23,72,4045,4117
422,2021-12-24,48,3054,3102
422,2021-12-25,23,1632,1655
422,2021-12-26,17,1542,1559
422,2021-12-27,37,2860,2897
422,2021-12-28,55,3034,3089
422,2021-12-29,45,3052,3097
422,2021-12-30,38,3262,3300
422,2021-12-31,36,2880,2916
423,2021-01-01,19,727,746
423,2021-01-02,69,1605,1674
423,2021-01-03,30,1022,1052
423,2021-01-04,140,3093,3233
423,2021-01-05,172,3310,3482
423,2021-01-06,223,3324,3547
423,2021-01-07,184,3445,3629
423,2021-01-08,185,3518,3703
423,2021-01-09,71,2046,2117
423,2021-01-10,27,1140,1167
423,2021-01-11,354,4409,4763
423,2021-01-12,330,4857,5187
423,2021-01-13,352,4782,5134
423,2021-01-14,324,4586,4910
423,2021-01-15,232,4282,4514
423,2021-01-16,76,2286,2362
423,2021-01-17,30,1067,1097
423,2021-01-18,377,4335,4712
423,2021-01-19,334,4537,4871
423,2021-01-20,383,4622,5005
423,2021-01-21,354,4570,4924
423,2021-01-22,342,4780,5122
423,2021-01-23,82,2458,2540
423,2021-01-24,36,1156,1192
423,2021-01-25,357,4425,4782
423,2021-01-26,360,4673,5033
423,2021-01-27,369,4532,4901
423,2021-01-28,409,4778,5187
423,2021-01-29,367,4950,5317
423,2021-01-30,80,2712,2792
423,2021-01-31,31,1243,1274
423,2021-02-02,425,4828,5253
423,2021-02-03,367,4766,5133
423,2021-02-04,356,4792,5148
423,2021-02-05,419,4916,5335
423,2021-02-06,83,2576,2659
423,2021-02-07,29,1232,1261
423,2021-02-08,372,4086,4458
423,2021-02-09,356,4264,4620
423,2021-02-10,383,4168,4551
423,2021-02-11,390,4358,4748
423,2021-02-12,339,4403,4742
423,2021-02-13,89,2536,2625
423,2021-02-14,31,1286,1317
423,2021-02-15,392,3959,4351
423,2021-02-16,408,4426,4834
423,2021-02-17,322,4372,4694
423,2021-02-18,350,4310,4660
423,2021-02-19,378,4604,4982
423,2021-02-20,109,2700,2809
423,2021-02-21,24,1624,1648
423,2021-02-22,396,4516,4912
423,2021-02-23,505,5101,5606
423,2021-02-24,470,4867,5337
423,2021-02-25,376,5130,5506
423,2021-02-26,377,5083,5460
423,2021-02-27,113,2892,3005
423,2021-02-28,30,1591,1621
423,2021-03-01,393,5181,5574
423,2021-03-02,478,5442,5920
423,2021-03-03,408,5433,5841
423,2021-03-04,410,5602,6012
423,2021-03-05,405,5547,5952
423,2021-03-06,113,3124,3237
423,2021-03-07,28,1651,1679
423,2021-03-08,440,5413,5853
423,2021-03-09,419,5564,5983
423,2021-03-10,464,5422,5886
423,2021-03-11,438,5599,6037
423,2021-03-12,454,5569,6023
423,2021-03-13,96,2832,2928
423,2021-03-14,26,1454,1480
423,2021-03-15,428,5173,5601
423,2021-03-16,416,5443,5859
423,2021-03-17,430,5328,5758
423,2021-03-18,471,5615,6086
423,2021-03-19,462,5567,6029
423,2021-03-20,108,3108,3216
423,2021-03-21,26,1626,1652
423,2021-03-22,414,5195,5609
423,2021-03-23,432,5669,6101
423,2021-03-24,567,5587,6154
423,2021-03-25,474,5411,5885
423,2021-03-26,468,5641,6109
423,2021-03-27,141,2891,3032
423,2021-03-29,443,5455,5898
423,2021-03-30,433,5843,6276
423,2021-03-31,510,5815,6325
423,2021-04-01,500,6031,6531
423,2021-04-02,432,6066,6498
423,2021-04-03,107,3371,3478
423,2021-04-04,42,1728,1770
423,2021-04-05,47,1307,1354
423,2021-04-06,436,5295,5731
423,2021-04-07,410,5160,5570
423,2021-04-08,486,5381,5867
423,2021-04-09,457,5231,5688
423,2021-04-10,91,2859,2950
423,2021-04-11,29,1478,1507
423,2021-04-12,503,5446,5949
423,2021-04-13,471,5563,6034
423,2021-04-14,517,5691,6208
423,2021-04-15,524,5779,6303
423,2021-04-16,471,5826,6297
423,2021-04-17,129,3300,3429
423,2021-04-18,36,1720,1756
423,2021-04-19,488,5683,6171
423,2021-04-20,465,5940,6405
423,2021-04-21,472,5876,6348
423,2021-04-22,481,5935,6416
423,2021-04-23,454,6276,6730
423,2021-04-24,147,3642,3789
423,2021-04-25,28,2042,2070
423,2021-04-26,464,5846,6310
423,2021-04-27,421,6111,6532
423,2021-04-28,472,6065,6537
423,2021-04-29,471,6473,6944
423,2021-04-30,507,6671,7178
423,2021-05-01,35,1866,1901
423,2021-05-02,35,1972,2007
423,2021-05-03,479,5924,6403
423,2021-05-04,434,6026,6460
423,2021-05-05,450,6026,6476
423,2021-05-06,494,6111,6605
423,2021-05-07,503,6180,6683
423,2021-05-08,88,3605,3693
423,2021-05-09,35,1982,2017
423,2021-05-10,471,5701,6172
423,2021-05-11,402,6026,6428
423,2021-05-12,441,6339,6780
423,2021-05-13,49,1615,1664
423,2021-05-14,287,4751,5038
423,2021-05-15,86,2988,3074
423,2021-05-16,45,1665,1710
423,2021-05-17,424,5854,6278
423,2021-05-18,462,6059,6521
423,2021-05-19,492,6200,6692
423,2021-05-20,438,6115,6553
423,2021-05-21,462,6219,6681
423,2021-05-22,205,3566,3771
423,2021-05-23,54,1764,1818
423,2021-05-24,29,1261,1290
423,2021-05-25,436,5112,5548
423,2021-05-26,456,5065,5521
423,2021-05-27,466,5081,5547
423,2021-05-28,460,5343,5803
423,2021-05-29,160,2984,3144
423,2021-05-30,45,1807,1852
423,2021-05-31,471,5604,6075
423,2021-06-01,423,5740,6163
423,2021-06-02,423,5822,6245
423,2021-06-03,408,5986,6394
423,2021-06-04,461,5903,6364
423,2021-06-05,93,3074,3167
423,2021-06-06,33,1595,1628
423,2021-06-07,435,5232,5667
423,2021-06-08,409,5658,6067
423,2021-06-09,401,5565,5966
423,2021-06-10,427,5650,6077
423,2021-06-11,390,5638,6028
423,2021-06-12,119,3465,3584
423,2021-06-13,76,2700,2776
423,2021-06-14,418,5401,5819
423,2021-06-15,401,5349,5750
423,2021-06-16,448,5340,5788
423,2021-06-17,439,5594,6033
423,2021-06-18,432,5499,5931
423,2021-06-19,107,3108,3215
423,2021-06-20,34,1574,1608
423,2021-06-21,438,5198,5636
423,2021-06-22,398,5460,5858
423,2021-06-23,49,1450,1499
423,2021-06-24,421,5083,5504
423,2021-06-25,450,5258,5708
423,2021-06-26,141,3242,3383
423,2021-06-27,33,1900,1933
423,2021-06-28,451,5007,5458
423,2021-06-29,522,5312,5834
423,2021-06-30,471,5366,5837
423,2021-07-01,463,5517,5980
423,2021-07-02,460,5487,5947
423,2021-07-03,112,2989,3101
423,2021-07-04,42,1620,1662
423,2021-07-05,438,5072,5510
423,2021-07-06,408,5418,5826
423,2021-07-07,360,5086,5446
423,2021-07-08,454,5054,5508
423,2021-07-09,436,5222,5658
423,2021-07-10,174,3529,3703
423,2021-07-11,24,1878,1902
423,2021-07-12,500,4968,5468
423,2021-07-13,525,5399,5924
423,2021-07-14,464,5489,5953
423,2021-07-15,368,4489,4857
423,2021-07-16,485,5108,5593
423,2021-07-17,141,2613,2754
423,2021-07-18,50,1566,1616
423,2021-07-19,401,4699,5100
423,2021-07-20,477,4957,5434
423,2021-07-21,466,4735,5201
423,2021-07-22,488,4991,5479
423,2021-07-23,479,4938,5417
423,2021-07-24,144,2479,2623
423,2021-07-25,61,1521,1582
423,2021-07-26,421,4439,4860
423,2021-07-27,404,4535,4939
423,2021-07-28,387,4674,5061
423,2021-07-29,359,4669,5028
423,2021-07-30,365,4295,4660
423,2021-07-31,105,2450,2555
423,2021-08-01,40,1512,1552
423,2021-08-02,242,3634,3876
423,2021-08-03,216,3636,3852
423,2021-08-04,236,3872,4108
423,2021-08-05,231,3921,4152
423,2021-08-06,242,3860,4102
423,2021-08-07,96,2211,2307
423,2021-08-08,31,1417,1448
423,2021-08-09,195,3431,3626
423,2021-08-10,208,3745,3953
423,2021-08-11,243,3975,4218
423,2021-08-12,284,3719,4003
423,2021-08-13,233,3859,4092
423,2021-08-14,85,2272,2357
423,2021-08-15,67,1524,1591
423,2021-08-16,201,3396,3597
423,2021-08-17,229,3583,3812
423,2021-08-18,225,3570,3795
423,2021-08-19,253,3828,4081
423,2021-08-20,248,3960,4208
423,2021-08-21,92,2341,2433
423,2021-08-22,38,1286,1324
423,2021-08-23,332,3501,3833
423,2021-08-24,311,3726,4037
423,2021-08-25,377,3770,4147
423,2021-08-26,340,3805,4145
423,2021-08-27,372,3690,4062
423,2021-08-28,123,1827,1950
423,2021-08-29,30,1081,1111
423,2021-08-30,394,3925,4319
423,2021-11-10,444,5870,6314
423,2021-11-11,470,5899,6369
423,2021-11-12,485,5712,6197
423,2021-11-13,107,2823,2930
423,2021-11-14,38,1475,1513
423,2021-11-15,518,5315,5833
423,2021-11-16,564,5820,6384
423,2021-11-17,520,5641,6161
423,2021-11-18,706,6522,7228
423,2021-11-19,475,5535,6010
423,2021-11-20,103,2780,2883
423,2021-11-21,37,1466,1503
423,2021-11-22,395,5314,5709
423,2021-11-23,496,5611,6107
423,2021-11-24,404,5610,6014
423,2021-11-25,433,5714,6147
423,2021-11-26,404,5514,5918
423,2021-11-27,153,2688,2841
423,2021-11-28,36,1404,1440
423,2021-11-29,469,5316,5785
423,2021-11-30,436,5891,6327
423,2021-12-01,426,5582,6008
423,2021-12-02,470,5547,6017
423,2021-12-03,483,5422,5905
423,2021-12-04,171,2623,2794
423,2021-12-05,39,1456,1495
423,2021-12-06,474,5007,5481
423,2021-12-07,445,5735,6180
423,2021-12-08,406,5456,5862
423,2021-12-09,419,5399,5818
423,2021-12-10,448,5439,5887
423,2021-12-11,96,2677,2773
423,2021-12-12,40,1407,1447
423,2021-12-13,426,5123,5549
423,2021-12-14,485,5525,6010
423,2021-12-15,447,5381,5828
423,2021-12-16,395,5415,5810
423,2021-12-17,332,5326,5658
423,2021-12-18,92,2451,2543
423,2021-12-19,38,1354,1392
423,2021-12-20,220,3808,4028
423,2021-12-21,216,3897,4113
423,2021-12-22,231,3944,4175
423,2021-12-23,205,3841,4046
423,2021-12-24,138,2784,2922
423,2021-12-25,26,958,984
423,2021-12-26,33,925,958
423,2021-12-27,143,2413,2556
423,2021-12-28,151,2607,2758
423,2021-12-29,169,2744,2913
423,2021-12-30,149,2921,3070
423,2021-12-31,125,2430,2555
424,2021-01-01,1,1014,1015
424,2021-01-02,16,1582,1598
424,2021-01-03,5,1263,1268
424,2021-01-04,12,3312,3324
424,2021-01-05,14,3615,3629
424,2021-01-06,6,3437,3443
424,2021-01-07,11,3600,3611
424,2021-01-08,20,3550,3570
424,2021-01-09,19,1805,1824
424,2021-01-10,2,1373,1375
424,2021-01-11,50,5283,5333
424,2021-01-12,26,5524,5550
424,2021-01-13,47,5269,5316
424,2021-01-14,40,4889,4929
424,2021-01-15,44,4184,4228
424,2021-01-16,7,2083,2090
424,2021-01-17,4,1327,1331
424,2021-01-18,54,5373,5427
424,2021-01-19,35,5823,5858
424,2021-01-20,58,5532,5590
424,2021-01-21,65,5841,5906
424,2021-01-22,59,5678,5737
424,2021-01-23,13,2450,2463
424,2021-01-24,4,1398,1402
424,2021-01-25,71,5458,5529
424,2021-01-26,58,5692,5750
424,2021-01-27,61,5156,5217
424,2021-01-28,40,5886,5926
424,2021-01-29,42,5736,5778
424,2021-01-30,6,2494,2500
424,2021-01-31,1,1462,1463
424,2021-02-01,48,5619,5667
424,2021-02-02,27,5951,5978
424,2021-02-03,53,5676,5729
424,2021-02-04,65,5934,5999
424,2021-02-05,64,5588,5652
424,2021-02-06,16,2359,2375
424,2021-02-07,4,1553,1557
424,2021-02-08,42,4435,4477
424,2021-02-09,41,4177,4218
424,2021-02-10,24,4410,4434
424,2021-02-11,22,4667,4689
424,2021-02-12,27,4637,4664
424,2021-02-13,15,2434,2449
424,2021-02-14,5,1573,1578
424,2021-02-15,29,4338,4367
424,2021-02-16,38,4778,4816
424,2021-02-17,31,4604,4635
424,2021-02-18,39,4681,4720
424,2021-02-19,35,4658,4693
424,2021-02-20,24,2568,2592
424,2021-02-21,9,1934,1943
424,2021-02-22,89,5486,5575
424,2021-02-23,65,5221,5286
424,2021-02-24,62,5581,5643
424,2021-02-25,53,5752,5805
424,2021-05-26,24,2713,2737
424,2021-05-27,27,3205,3232
424,2021-05-28,24,3239,3263
424,2021-05-29,14,1546,1560
424,2021-05-30,3,1185,1188
424,2021-05-31,49,3950,3999
424,2021-06-01,29,4316,4345
424,2021-06-02,50,4128,4178
424,2021-06-03,52,4340,4392
424,2021-06-04,51,4382,4433
424,2021-06-05,6,2506,2512
424,2021-06-06,3,1360,1363
424,2021-06-07,46,4224,4270
424,2021-06-08,60,4479,4539
424,2021-06-09,51,4439,4490
424,2021-06-10,47,4636,4683
424,2021-06-11,60,4720,4780
424,2021-06-12,12,2358,2370
424,2021-06-13,10,1726,1736
424,2021-06-14,51,4586,4637
424,2021-06-15,60,4981,5041
424,2021-06-16,41,4552,4593
424,2021-06-17,45,5136,5181
424,2021-06-18,49,4839,4888
424,2021-06-19,10,2535,2545
424,2021-06-20,1,1517,1518
424,2021-06-21,56,4799,4855
424,2021-06-22,38,5167,5205
424,2021-06-23,6,1579,1585
424,2021-06-24,35,4845,4880
424,2021-06-25,66,4929,4995
424,2021-06-26,13,2729,2742
424,2021-06-27,5,1846,1851
424,2021-06-28,67,4897,4964
424,2021-06-29,54,5195,5249
424,2021-06-30,40,5092,5132
424,2021-07-01,47,5333,5380
424,2021-07-02,59,5291,5350
424,2021-07-03,14,2760,2774
424,2021-07-04,5,1901,1906
424,2021-07-05,69,5023,5092
424,2021-07-06,55,5501,5556
424,2021-07-07,62,5179,5241
424,2021-07-08,38,5316,5354
424,2021-07-09,63,5147,5210
424,2021-07-10,8,2395,2403
424,2021-07-11,1,1595,1596
424,2021-07-12,52,4840,4892
424,2021-07-13,30,5063,5093
424,2021-07-14,46,4968,5014
424,2021-07-15,42,5154,5196
424,2021-07-16,37,4659,4696
424,2021-07-17,21,2175,2196
424,2021-07-18,6,1646,1652
424,2021-07-19,25,4335,4360
424,2021-07-20,37,4458,4495
424,2021-07-21,27,4353,4380
424,2021-07-22,50,4412,4462
424,2021-07-23,32,4496,4528
424,2021-07-24,5,1985,1990
424,2021-07-25,26,1638,1664
424,2021-07-26,48,4092,4140
424,2021-07-27,56,4342,4398
424,2021-07-28,33,4451,4484
424,2021-07-29,33,4250,4283
424,2021-07-30,36,3947,3983
424,2021-07-31,14,2214,2228
424,2021-08-01,5,1739,1744
424,2021-08-02,47,3939,3986
424,2021-08-03,21,4079,4100
424,2021-08-04,29,3954,3983
424,2021-08-05,26,3995,4021
424,2021-08-06,26,4102,4128
424,2021-08-07,17,2059,2076
424,2021-08-08,13,1642,1655
424,2021-08-09,30,3710,3740
424,2021-08-10,21,3806,3827
424,2021-08-11,29,3958,3987
424,2021-08-12,33,3996,4029
424,2021-08-13,42,3917,3959
424,2021-08-14,8,2233,2241
424,2021-08-15,4,1780,1784
424,2021-08-16,33,3747,3780
424,2021-08-17,26,3760,3786
424,2021-08-18,38,3784,3822
424,2021-08-19,30,3957,3987
424,2021-08-20,47,4151,4198
424,2021-08-21,13,2190,2203
424,2021-08-22,2,1515,1517
424,2021-08-23,47,4679,4726
424,2021-08-24,58,5081,5139
424,2021-08-25,56,5021,5077
424,2021-08-26,60,5230,5290
424,2021-08-27,40,5072,5112
424,2021-08-28,32,2436,2468
424,2021-08-29,6,1908,1914
424,2021-08-30,48,5405,5453
424,2021-08-31,39,5671,5710
424,2021-09-01,68,6043,6111
424,2021-09-02,43,5900,5943
424,2021-09-03,158,6139,6297
424,2021-09-04,19,2727,2746
424,2021-09-05,9,2256,2265
424,2021-09-06,86,6144,6230
424,2021-09-07,51,6313,6364
424,2021-09-08,67,6408,6475
424,2021-09-09,75,6583,6658
424,2021-09-10,57,6693,6750
424,2021-09-11,20,3081,3101
424,2021-09-12,14,2611,2625
424,2021-09-13,59,7234,7293
424,2021-09-14,53,6979,7032
424,2021-09-15,74,6791,6865
424,2021-09-16,50,6916,6966
424,2021-09-17,65,6597,6662
424,2021-09-18,14,3065,3079
424,2021-09-19,4,1635,1639
424,2021-09-20,62,6497,6559
424,2021-09-21,51,6822,6873
424,2021-09-22,76,6721,6797
424,2021-09-23,48,6966,7014
424,2021-09-24,65,6552,6617
424,2021-09-25,35,3143,3178
424,2021-09-26,4,1877,1881
424,2021-09-27,61,6662,6723
424,2021-09-28,46,7236,7282
424,2021-09-29,77,6826,6903
424,2021-09-30,42,7008,7050
424,2021-10-01,72,6553,6625
424,2021-10-02,10,3164,3174
424,2021-10-03,6,2362,2368
424,2021-10-04,38,6632,6670
424,2021-10-05,50,7049,7099
424,2021-10-06,55,6672,6727
424,2021-10-07,48,6983,7031
424,2021-10-08,59,6708,6767
424,2021-10-09,20,3150,3170
424,2021-10-10,2,2042,2044
424,2021-10-11,46,6381,6427
424,2021-10-12,53,7032,7085
424,2021-10-13,85,6371,6456
424,2021-10-14,53,6850,6903
424,2021-10-15,61,6304,6365
424,2021-10-16,14,2994,3008
424,2021-10-17,5,2079,2084
424,2021-10-18,69,6192,6261
424,2021-10-19,47,6652,6699
424,2021-10-20,59,6227,6286
424,2021-10-21,30,6483,6513
424,2021-10-22,62,6089,6151
424,2021-10-23,25,3034,3059
424,2021-10-24,8,2321,2329
424,2021-10-25,71,5991,6062
424,2021-10-26,37,6386,6423
424,2021-10-27,59,5951,6010
424,2021-10-28,59,6522,6581
424,2021-10-29,68,6356,6424
424,2021-10-30,35,3475,3510
424,2021-11-01,0,1736,1736
424,2021-11-02,9,5605,5614
424,2021-11-03,33,5697,5730
424,2021-11-04,40,5685,5725
424,2021-11-05,25,4980,5005
424,2021-11-06,17,2327,2344
424,2021-11-07,5,1797,1802
424,2021-11-08,59,6519,6578
424,2021-11-09,49,7091,7140
424,2021-11-10,52,6687,6739
424,2021-11-11,58,6950,7008
424,2021-11-12,72,6445,6517
424,2021-11-13,9,2987,2996
424,2021-11-14,7,1722,1729
424,2021-11-15,74,6338,6412
424,2021-11-16,65,6813,6878
424,2021-11-17,56,6539,6595
424,2021-11-18,51,6996,7047
424,2021-11-19,57,6477,6534
424,2021-11-20,15,2896,2911
424,2021-11-21,4,1893,1897
424,2021-11-22,62,6085,6147
424,2021-11-23,45,6590,6635
424,2021-11-24,68,6392,6460
424,2021-11-25,52,6541,6593
424,2021-11-26,60,6139,6199
424,2021-11-27,12,2771,2783
424,2021-11-28,6,1804,1810
424,2021-11-29,53,6000,6053
424,2021-11-30,43,6669,6712
424,2021-12-01,50,6406,6456
424,2021-12-02,46,6349,6395
424,2021-12-03,65,6161,6226
424,2021-12-04,8,2601,2609
424,2021-12-05,4,1698,1702
424,2021-12-06,24,5619,5643
424,2021-12-07,38,6617,6655
424,2021-12-08,46,6267,6313
424,2021-12-09,51,6502,6553
424,2021-12-10,38,5691,5729
424,2021-12-11,15,2963,2978
424,2021-12-12,9,1777,1786
424,2021-12-13,65,5955,6020
424,2021-12-14,66,6256,6322
424,2021-12-15,67,6183,6250
424,2021-12-16,72,6247,6319
424,2021-12-17,67,6005,6072
424,2021-12-18,14,2518,2532
424,2021-12-19,1,1525,1526
424,2021-12-20,22,4038,4060
424,2021-12-21,22,4393,4415
424,2021-12-22,33,4030,4063
424,2021-12-23,28,3729,3757
424,2021-12-24,5,2870,2875
424,2021-12-25,0,1315,1315
424,2021-12-26,1,1184,1185
424,2021-12-27,13,2558,2571
424,2021-12-28,11,2694,2705
424,2021-12-29,7,2819,2826
424,2021-12-30,6,2803,2809
424,2021-12-31,11,2461,2472
425,2021-01-01,60,2327,2387
425,2021-01-02,145,4800,4945
425,2021-01-03,65,3201,3266
425,2021-01-04,299,6690,6989
425,2021-01-05,315,7264,7579
425,2021-01-06,290,7075,7365
425,2021-01-07,314,7396,7710
425,2021-01-08,291,7838,8129
425,2021-01-09,163,5791,5954
425,2021-01-10,78,3543,3621
425,2021-01-11,444,8928,9372
425,2021-01-12,384,9260,9644
425,2021-01-13,428,9017,9445
425,2021-01-14,481,9066,9547
425,2021-01-15,420,9816,10236
425,2021-01-16,170,6524,6694
425,2021-01-17,73,3450,3523
425,2021-01-18,442,8725,9167
425,2021-01-19,396,9458,9854
425,2021-01-20,502,9382,9884
425,2021-01-21,426,9686,10112
425,2021-01-22,434,10070,10504
425,2021-01-23,191,6631,6822
425,2021-01-24,82,3906,3988
425,2021-01-25,433,8893,9326
425,2021-01-26,422,9707,10129
425,2021-01-27,389,8771,9160
425,2021-01-28,400,9528,9928
425,2021-01-29,389,9967,10356
425,2021-01-30,142,6748,6890
425,2021-01-31,72,3762,3834
425,2021-02-01,410,9165,9575
425,2021-02-02,427,9929,10356
425,2021-02-03,404,9222,9626
425,2021-02-04,441,9952,10393
425,2021-02-05,449,10201,10650
425,2021-02-06,195,6865,7060
425,2021-02-07,77,3679,3756
425,2021-02-08,440,8146,8586
425,2021-02-09,449,8784,9233
425,2021-02-10,444,8832,9276
425,2021-02-11,478,9351,9829
425,2021-02-12,460,9400,9860
425,2021-02-13,192,6882,7074
425,2021-02-14,71,3990,4061
425,2021-02-15,404,7732,8136
425,2021-02-16,418,9044,9462
425,2021-02-17,368,8929,9297
425,2021-02-18,404,8900,9304
425,2021-02-19,426,9635,10061
425,2021-02-20,183,6982,7165
425,2021-02-21,71,4550,4621
425,2021-02-22,449,9116,9565
425,2021-02-23,493,9973,10466
425,2021-02-24,504,9809,10313
425,2021-02-25,501,10006,10507
425,2021-02-26,460,10371,10831
425,2021-02-27,195,7238,7433
425,2021-02-28,70,4509,4579
425,2021-03-01,513,9602,10115
425,2021-03-02,499,10056,10555
425,2021-03-03,435,9501,9936
425,2021-03-04,455,9981,10436
425,2021-03-05,474,10151,10625
425,2021-03-06,194,7492,7686
425,2021-03-07,72,4414,4486
425,2021-03-08,501,9349,9850
425,2021-03-09,477,10136,10613
425,2021-03-10,425,9661,10086
425,2021-03-11,436,9708,10144
425,2021-03-12,450,10567,11017
425,2021-03-13,200,6706,6906
425,2021-03-14,64,4046,4110
425,2021-03-15,427,9002,9429
425,2021-03-16,435,10021,10456
425,2021-03-17,503,9629,10132
425,2021-03-18,436,10042,10478
425,2021-03-19,470,10281,10751
425,2021-03-20,197,7383,7580
425,2021-03-21,78,4264,4342
425,2021-03-22,452,9074,9526
425,2021-03-23,458,10261,10719
425,2021-03-24,481,10143,10624
425,2021-03-25,474,10314,10788
425,2021-03-26,451,10802,11253
425,2021-03-27,219,7336,7555
425,2021-03-29,453,9578,10031
425,2021-03-30,455,10564,11019
425,2021-03-31,423,10390,10813
425,2021-04-01,467,10688,11155
425,2021-04-02,425,10749,11174
425,2021-04-03,183,7390,7573
425,2021-04-04,57,4091,4148
425,2021-04-05,65,3145,3210
425,2021-04-06,408,9031,9439
425,2021-04-07,397,8853,9250
425,2021-04-08,416,9447,9863
425,2021-04-09,407,9432,9839
425,2021-04-10,181,5970,6151
425,2021-04-11,58,3504,3562
425,2021-04-12,466,8856,9322
425,2021-04-13,410,9378,9788
425,2021-04-14,446,9358,9804
425,2021-04-15,437,9635,10072
425,2021-04-16,504,9933,10437
425,2021-04-17,191,7111,7302
425,2021-04-18,67,3904,3971
425,2021-04-19,481,9271,9752
425,2021-04-20,488,10230,10718
425,2021-04-21,448,9892,10340
425,2021-04-22,593,10120,10713
425,2021-04-23,472,10785,11257
425,2021-04-24,205,7793,7998
425,2021-04-25,72,4845,4917
425,2021-04-26,546,9616,10162
425,2021-04-27,502,10320,10822
425,2021-04-28,497,10085,10582
425,2021-04-29,497,10780,11277
425,2021-04-30,494,11313,11807
425,2021-05-01,73,4659,4732
425,2021-05-02,73,4434,4507
425,2021-05-03,485,9875,10360
425,2021-05-04,480,10500,10980
425,2021-05-05,458,10071,10529
425,2021-05-06,468,10579,11047
425,2021-05-07,493,11092,11585
425,2021-05-08,205,7584,7789
425,2021-05-09,67,4700,4767
425,2021-05-10,488,9321,9809
425,2021-05-11,452,10310,10762
425,2021-05-12,477,10471,10948
425,2021-05-13,84,4350,4434
425,2021-05-14,369,9494,9863
425,2021-05-15,158,7185,7343
425,2021-05-16,67,4016,4083
425,2021-05-17,449,9996,10445
425,2021-05-18,469,10786,11255
425,2021-05-19,531,10638,11169
425,2021-05-20,489,11106,11595
425,2021-05-21,481,11046,11527
425,2021-05-22,194,7308,7502
425,2021-05-23,67,4076,4143
425,2021-05-24,82,3400,3482
425,2021-05-25,478,9426,9904
425,2021-05-26,425,9235,9660
425,2021-05-27,431,9693,10124
425,2021-05-28,447,9981,10428
425,2021-05-29,205,7215,7420
425,2021-05-30,85,5172,5257
425,2021-05-31,494,10325,10819
425,2021-06-01,579,10979,11558
425,2021-06-02,555,10776,11331
425,2021-06-03,511,10860,11371
425,2021-06-04,483,10987,11470
425,2021-06-05,186,8052,8238
425,2021-06-06,69,4669,4738
425,2021-06-07,527,10413,10940
425,2021-06-08,517,11375,11892
425,2021-06-09,539,11380,11919
425,2021-06-10,571,11749,12320
425,2021-06-11,512,12529,13041
425,2021-06-12,253,10533,10786
425,2021-06-13,98,6277,6375
425,2021-06-14,487,10651,11138
425,2021-06-15,458,11644,12102
425,2021-06-16,454,11477,11931
425,2021-06-17,475,11728,12203
425,2021-06-18,392,11834,12226
425,2021-06-19,205,8091,8296
425,2021-06-20,53,4832,4885
425,2021-06-21,415,10848,11263
425,2021-06-22,521,11617,12138
425,2021-06-23,91,4721,4812
425,2021-06-24,339,11099,11438
425,2021-06-25,385,11546,11931
425,2021-06-26,302,7995,8297
425,2021-06-27,158,5243,5401
425,2021-06-28,425,10727,11152
425,2021-06-29,373,10275,10648
425,2021-06-30,343,11030,11373
425,2021-07-01,444,12161,12605
425,2021-07-02,553,13540,14093
425,2021-07-03,222,6214,6436
425,2021-07-04,73,5206,5279
425,2021-07-05,369,10697,11066
425,2021-07-06,238,10853,11091
425,2021-07-07,453,11416,11869
425,2021-07-08,420,11835,12255
425,2021-07-09,442,11820,12262
425,2021-07-10,231,8967,9198
425,2021-07-11,94,5417,5511
425,2021-07-12,455,10739,11194
425,2021-07-13,144,8291,8435
425,2021-07-14,115,6452,6567
425,2021-07-15,253,11210,11463
425,2021-07-16,413,10987,11400
425,2021-07-17,216,7351,7567
425,2021-07-18,91,5026,5117
425,2021-07-19,402,9835,10237
425,2021-07-20,405,10771,11176
425,2021-07-21,464,10613,11077
425,2021-07-22,414,10739,11153
425,2021-07-23,414,10693,11107
425,2021-07-24,124,6234,6358
425,2021-07-25,38,4233,4271
425,2021-07-26,222,9492,9714
425,2021-07-27,240,8653,8893
425,2021-07-28,212,10129,10341
425,2021-07-29,231,10080,10311
425,2021-07-30,248,10059,10307
425,2021-07-31,143,6689,6832
425,2021-08-01,87,4872,4959
425,2021-08-02,179,8211,8390
425,2021-08-03,150,8188,8338
425,2021-08-04,317,8735,9052
425,2021-08-05,305,8503,8808
425,2021-08-06,306,8928,9234
425,2021-08-07,170,6190,6360
425,2021-08-08,76,4084,4160
425,2021-08-09,273,7813,8086
425,2021-08-10,282,8347,8629
425,2021-08-11,322,8545,8867
425,2021-08-12,307,8646,8953
425,2021-08-13,313,8596,8909
425,2021-08-14,164,6354,6518
425,2021-08-15,82,4779,4861
425,2021-08-16,298,7408,7706
425,2021-08-17,307,8360,8667
425,2021-08-18,260,8060,8320
425,2021-08-19,268,8347,8615
425,2021-08-20,265,8617,8882
425,2021-08-21,151,6173,6324
425,2021-08-22,79,4175,4254
425,2021-08-23,300,8293,8593
425,2021-08-24,362,9385,9747
425,2021-08-25,381,9313,9694
425,2021-08-26,384,9383,9767
425,2021-08-27,367,9231,9598
425,2021-08-28,141,6307,6448
425,2021-08-29,87,4460,4547
425,2021-08-30,380,8946,9326
425,2021-08-31,378,9890,10268
425,2021-09-01,397,10068,10465
425,2021-09-02,396,10172,10568
425,2021-09-03,397,10306,10703
425,2021-09-04,180,6845,7025
425,2021-09-05,78,4862,4940
425,2021-09-06,457,10101,10558
425,2021-09-07,433,10893,11326
425,2021-09-08,462,10874,11336
425,2021-09-09,448,10775,11223
425,2021-09-10,442,11128,11570
425,2021-09-11,172,7871,8043
425,2021-09-12,82,5424,5506
425,2021-09-13,416,11656,12072
425,2021-09-14,415,12602,13017
425,2021-09-15,442,12427,12869
425,2021-09-16,479,13078,13557
425,2021-09-17,538,12866,13404
425,2021-09-18,237,8437,8674
425,2021-09-19,112,5940,6052
425,2021-09-20,481,11957,12438
425,2021-09-21,488,12952,13440
425,2021-09-22,504,12569,13073
425,2021-09-23,466,13132,13598
425,2021-09-24,474,12969,13443
425,2021-09-25,218,8459,8677
425,2021-09-26,102,5556,5658
425,2021-09-27,457,11868,12325
425,2021-09-28,461,13183,13644
425,2021-09-29,519,13072,13591
425,2021-09-30,463,13346,13809
425,2021-10-01,486,13315,13801
425,2021-10-02,222,8518,8740
425,2021-10-03,101,5628,5729
425,2021-10-04,431,12001,12432
425,2021-10-05,449,12765,13214
425,2021-10-06,470,12717,13187
425,2021-10-07,488,13460,13948
425,2021-10-08,493,13290,13783
425,2021-10-09,187,8663,8850
425,2021-10-10,101,6033,6134
425,2021-10-11,487,11971,12458
425,2021-10-12,470,12999,13469
425,2021-10-13,432,12716,13148
425,2021-10-14,455,13304,13759
425,2021-10-15,463,12954,13417
425,2021-10-16,204,8727,8931
425,2021-10-17,84,5917,6001
425,2021-10-18,454,12048,12502
425,2021-10-19,447,12943,13390
425,2021-10-20,462,12976,13438
425,2021-10-21,408,12506,12914
425,2021-10-22,412,12520,12932
425,2021-10-23,195,8773,8968
425,2021-10-24,86,6409,6495
425,2021-10-25,463,11956,12419
425,2021-10-26,471,12700,13171
425,2021-10-27,421,12474,12895
425,2021-10-28,424,13178,13602
425,2021-10-29,458,13073,13531
425,2021-10-30,177,7678,7855
425,2021-11-01,61,4695,4756
425,2021-11-02,364,11059,11423
425,2021-11-03,399,11127,11526
425,2021-11-04,406,11657,12063
425,2021-11-05,461,12928,13389
425,2021-11-06,199,7735,7934
425,2021-11-07,78,5142,5220
425,2021-11-08,464,11976,12440
425,2021-11-09,505,13197,13702
425,2021-11-10,488,12899,13387
425,2021-11-11,504,13067,13571
425,2021-11-12,502,12917,13419
425,2021-11-13,191,8437,8628
425,2021-11-14,70,5331,5401
425,2021-11-15,475,12073,12548
425,2021-11-16,451,13023,13474
425,2021-11-17,463,12726,13189
425,2021-11-18,498,13399,13897
425,2021-11-19,475,12941,13416
425,2021-11-20,216,8024,8240
425,2021-11-21,69,5293,5362
425,2021-11-22,516,11668,12184
425,2021-11-23,486,12798,13284
425,2021-11-24,520,12594,13114
425,2021-11-25,481,13023,13504
425,2021-11-26,539,12533,13072
425,2021-11-27,204,8195,8399
425,2021-11-28,76,5123,5199
425,2021-11-29,493,11495,11988
425,2021-11-30,421,12637,13058
425,2021-12-01,433,12284,12717
425,2021-12-02,473,12718,13191
425,2021-12-03,533,12708,13241
425,2021-12-04,171,8318,8489
425,2021-12-05,65,5216,5281
425,2021-12-06,503,11152,11655
425,2021-12-07,483,12575,13058
425,2021-12-08,436,11757,12193
425,2021-12-09,438,12196,12634
425,2021-12-10,398,11874,12272
425,2021-12-11,194,8277,8471
425,2021-12-12,58,5052,5110
425,2021-12-13,435,10927,11362
425,2021-12-14,478,11674,12152
425,2021-12-15,480,11461,11941
425,2021-12-16,406,11867,12273
425,2021-12-17,373,11846,12219
425,2021-12-18,173,7522,7695
425,2021-12-19,69,4722,4791
425,2021-12-20,259,9040,9299
425,2021-12-21,326,9730,10056
425,2021-12-22,293,9248,9541
425,2021-12-23,256,9217,9473
425,2021-12-24,191,6819,7010
425,2021-12-25,47,3414,3461
425,2021-12-26,60,3531,3591
425,2021-12-27,211,6238,6449
425,2021-12-28,196,6742,6938
425,2021-12-29,213,6847,7060
425,2021-12-30,206,7520,7726
425,2021-12-31,195,6352,6547
426,2021-02-03,496,5561,6057
426,2021-02-04,570,5959,6529
426,2021-02-05,525,6122,6647
426,2021-02-06,284,3422,3706
426,2021-02-07,145,2375,2520
426,2021-02-08,552,4861,5413
426,2021-02-09,534,5101,5635
426,2021-02-10,502,5262,5764
426,2021-02-11,511,5472,5983
426,2021-02-12,468,5487,5955
426,2021-02-13,302,3514,3816
426,2021-02-14,166,2779,2945
426,2021-02-15,546,4943,5489
426,2021-02-16,541,5350,5891
426,2021-02-17,540,5315,5855
426,2021-02-18,522,5289,5811
426,2021-02-19,502,5443,5945
426,2021-02-20,310,3623,3933
426,2021-02-21,158,3696,3854
426,2021-02-22,528,5759,6287
426,2021-02-23,578,6140,6718
426,2021-02-24,569,6305,6874
426,2021-02-25,622,6311,6933
426,2021-02-26,650,6832,7482
426,2021-02-27,320,3806,4126
426,2021-02-28,152,2862,3014
426,2021-03-01,617,6041,6658
426,2021-03-02,653,6262,6915
426,2021-03-03,637,6360,6997
426,2021-03-04,594,6151,6745
426,2021-03-05,680,6442,7122
426,2021-03-06,309,3922,4231
426,2021-03-07,144,2924,3068
426,2021-03-08,643,6286,6929
426,2021-03-09,647,6145,6792
426,2021-03-10,577,6303,6880
426,2021-03-11,630,6273,6903
426,2021-03-12,644,6400,7044
426,2021-03-13,293,3468,3761
426,2021-03-14,149,2303,2452
426,2021-03-15,582,6144,6726
426,2021-03-16,576,6259,6835
426,2021-03-17,604,6240,6844
426,2021-03-18,591,6474,7065
426,2021-03-19,575,6524,7099
426,2021-03-20,319,3836,4155
426,2021-03-21,146,2634,2780
426,2021-03-22,613,5883,6496
426,2021-03-23,564,6350,6914
426,2021-03-24,615,6610,7225
426,2021-03-25,566,6456,7022
426,2021-03-26,625,6803,7428
426,2021-03-27,306,3861,4167
426,2021-03-29,573,6310,6883
426,2021-03-30,538,6337,6875
426,2021-03-31,581,6609,7190
426,2021-04-01,555,6893,7448
426,2021-04-02,580,6392,6972
426,2021-04-03,297,3863,4160
426,2021-04-04,141,2646,2787
426,2021-04-05,149,2288,2437
426,2021-04-06,614,5687,6301
426,2021-04-07,625,5469,6094
426,2021-04-08,584,6084,6668
426,2021-04-09,595,6161,6756
426,2021-04-10,314,3299,3613
426,2021-04-11,153,2345,2498
426,2021-04-12,590,6015,6605
426,2021-04-13,599,6369,6968
426,2021-04-14,603,6085,6688
426,2021-04-15,629,6381,7010
426,2021-04-16,655,6338,6993
426,2021-04-17,302,4077,4379
426,2021-04-18,147,2646,2793
426,2021-04-19,625,6564,7189
426,2021-04-20,614,6891,7505
426,2021-04-21,602,6819,7421
426,2021-04-22,590,6703,7293
426,2021-04-23,598,6878,7476
426,2021-04-24,307,4258,4565
426,2021-04-25,149,3203,3352
426,2021-04-26,613,6341,6954
426,2021-04-27,627,6678,7305
426,2021-04-28,601,6709,7310
426,2021-04-29,666,7012,7678
426,2021-04-30,611,7095,7706
426,2021-05-01,148,3329,3477
426,2021-05-02,147,2775,2922
426,2021-05-03,581,6618,7199
426,2021-05-04,640,6894,7534
426,2021-05-05,609,6677,7286
426,2021-05-06,577,6758,7335
426,2021-05-07,608,7033,7641
426,2021-05-08,327,4478,4805
426,2021-05-09,148,3341,3489
426,2021-05-10,575,6437,7012
426,2021-05-11,609,6661,7270
426,2021-05-12,567,7115,7682
426,2021-05-13,163,3368,3531
426,2021-05-14,454,5769,6223
426,2021-05-15,289,3843,4132
426,2021-05-16,151,2894,3045
426,2021-05-17,524,6591,7115
426,2021-05-18,593,6887,7480
426,2021-05-19,571,6742,7313
426,2021-05-20,602,6983,7585
426,2021-05-21,559,7207,7766
426,2021-05-22,302,4144,4446
426,2021-05-23,155,2846,3001
426,2021-05-24,154,2575,2729
426,2021-05-25,538,5692,6230
426,2021-05-26,653,6062,6715
426,2021-05-27,598,6154,6752
426,2021-05-28,645,6691,7336
426,2021-05-29,383,7256,7639
426,2021-05-30,201,6463,6664
426,2021-05-31,605,6843,7448
426,2021-06-01,625,6989,7614
426,2021-06-02,639,7547,8186
426,2021-06-03,580,6977,7557
426,2021-06-04,605,7437,8042
426,2021-06-05,288,4511,4799
426,2021-06-06,153,3288,3441
426,2021-06-07,650,7085,7735
426,2021-06-08,565,7194,7759
426,2021-06-09,617,7113,7730
426,2021-06-10,583,7702,8285
426,2021-06-11,619,7822,8441
426,2021-06-12,357,5961,6318
426,2021-06-13,175,4525,4700
426,2021-06-14,565,7134,7699
426,2021-06-15,636,7218,7854
426,2021-06-18,343,4841,5184
426,2021-06-19,343,4943,5286
426,2021-06-20,163,3320,3483
426,2021-06-21,551,6907,7458
426,2021-06-22,606,7289,7895
426,2021-06-23,177,3320,3497
426,2021-06-24,581,6785,7366
426,2021-06-25,653,7275,7928
426,2021-06-26,329,4546,4875
426,2021-06-27,154,3490,3644
426,2021-07-09,582,7231,7813
426,2021-07-10,377,6391,6768
426,2021-07-11,169,4938,5107
426,2021-07-12,547,6655,7202
426,2021-07-13,555,6685,7240
426,2021-07-14,558,6734,7292
426,2021-07-15,618,6939,7557
426,2021-07-16,539,6729,7268
426,2021-07-17,306,3974,4280
426,2021-07-18,145,3454,3599
426,2021-07-19,559,6344,6903
426,2021-07-20,570,6739,7309
426,2021-07-21,594,6748,7342
426,2021-07-22,613,6792,7405
426,2021-07-23,637,6913,7550
426,2021-07-24,302,3656,3958
426,2021-07-25,171,3162,3333
426,2021-07-26,587,6412,6999
426,2021-07-27,636,6122,6758
426,2021-07-28,655,6373,7028
426,2021-07-29,534,6284,6818
426,2021-07-30,446,5908,6354
426,2021-07-31,293,3435,3728
426,2021-08-01,164,3046,3210
426,2021-08-02,383,4977,5360
426,2021-08-03,416,5003,5419
426,2021-08-04,398,5290,5688
426,2021-08-05,399,4850,5249
426,2021-08-06,408,4961,5369
426,2021-08-07,287,3249,3536
426,2021-08-08,147,2838,2985
426,2021-08-09,365,4598,4963
426,2021-08-10,401,4498,4899
426,2021-08-11,403,4754,5157
426,2021-08-12,396,5302,5698
426,2021-08-13,413,4914,5327
426,2021-08-14,309,3271,3580
426,2021-08-15,163,3084,3247
426,2021-08-16,415,4446,4861
426,2021-08-17,411,4671,5082
426,2021-08-18,406,4774,5180
426,2021-08-19,397,4989,5386
426,2021-08-20,410,5105,5515
426,2021-08-21,296,3387,3683
426,2021-08-22,174,2844,3018
426,2021-08-23,481,5549,6030
426,2021-08-24,494,5587,6081
426,2021-08-25,485,5877,6362
426,2021-08-26,523,5961,6484
426,2021-08-27,537,5897,6434
426,2021-08-28,280,3497,3777
426,2021-08-29,156,2981,3137
426,2021-08-30,564,5910,6474
426,2021-08-31,593,6218,6811
426,2021-09-01,607,6611,7218
426,2021-09-02,564,6688,7252
426,2021-09-03,568,6873,7441
426,2021-09-04,301,3895,4196
426,2021-09-05,146,3648,3794
426,2021-09-06,613,6557,7170
426,2021-09-07,586,6872,7458
426,2021-09-08,619,7003,7622
426,2021-09-09,573,6994,7567
426,2021-09-10,604,6715,7319
426,2021-09-11,319,4376,4695
426,2021-09-12,182,3920,4102
426,2021-09-13,722,7141,7863
426,2021-09-14,648,7001,7649
426,2021-09-15,671,7160,7831
426,2021-09-16,635,7393,8028
426,2021-09-17,701,7523,8224
426,2021-09-18,354,4887,5241
426,2021-09-19,192,3607,3799
426,2021-09-20,644,6895,7539
426,2021-09-21,675,7250,7925
426,2021-09-22,664,7226,7890
426,2021-09-23,702,7550,8252
426,2021-09-24,733,7386,8119
426,2021-09-25,387,4800,5187
426,2021-09-26,181,3520,3701
426,2021-09-27,647,6838,7485
426,2021-09-28,665,7174,7839
426,2021-09-29,664,7686,8350
426,2021-09-30,665,7418,8083
426,2021-10-01,707,7318,8025
426,2021-10-02,368,4835,5203
426,2021-10-03,185,3392,3577
426,2021-10-04,658,7311,7969
426,2021-10-05,640,7193,7833
426,2021-10-06,692,6935,7627
426,2021-10-07,657,7230,7887
426,2021-10-08,658,7650,8308
426,2021-10-09,356,4895,5251
426,2021-10-10,249,3827,4076
426,2021-10-11,607,6961,7568
426,2021-10-12,696,7064,7760
426,2021-10-13,668,7396,8064
426,2021-10-14,659,7507,8166
426,2021-10-15,756,7623,8379
426,2021-10-16,361,4761,5122
426,2021-10-17,192,3420,3612
426,2021-10-18,714,7151,7865
426,2021-10-19,711,7344,8055
426,2021-10-20,675,7183,7858
426,2021-10-21,694,7976,8670
426,2021-10-22,680,7211,7891
426,2021-10-23,361,4586,4947
426,2021-10-24,187,3815,4002
426,2021-10-25,645,6998,7643
426,2021-10-26,680,7522,8202
426,2021-10-27,742,7424,8166
426,2021-10-28,673,7692,8365
426,2021-10-29,674,7436,8110
426,2021-10-30,348,3994,4342
426,2021-11-01,179,3189,3368
426,2021-11-02,611,6041,6652
426,2021-11-03,624,6289,6913
426,2021-11-04,644,6350,6994
426,2021-11-05,644,8133,8777
426,2021-11-06,371,4206,4577
426,2021-11-07,189,2980,3169
426,2021-11-08,670,7001,7671
426,2021-11-09,676,7175,7851
426,2021-11-10,763,7699,8462
426,2021-11-11,702,7403,8105
426,2021-11-12,724,7369,8093
426,2021-11-13,350,4585,4935
426,2021-11-14,182,3197,3379
426,2021-11-15,665,6879,7544
426,2021-11-16,694,7121,7815
426,2021-11-17,631,7089,7720
426,2021-11-18,671,6854,7525
426,2021-11-19,651,7419,8070
426,2021-11-20,353,4567,4920
426,2021-11-21,188,3153,3341
426,2021-11-22,651,6718,7369
426,2021-11-23,666,7179,7845
426,2021-11-24,676,7165,7841
426,2021-11-25,650,7147,7797
426,2021-11-26,652,7025,7677
426,2021-11-27,366,4448,4814
426,2021-11-28,187,3105,3292
426,2021-11-29,652,6794,7446
426,2021-11-30,648,6808,7456
426,2021-12-01,589,6944,7533
426,2021-12-02,684,7118,7802
426,2021-12-03,724,7136,7860
426,2021-12-04,343,4384,4727
426,2021-12-05,172,3307,3479
426,2021-12-06,767,6730,7497
426,2021-12-07,665,6795,7460
426,2021-12-08,699,7176,7875
426,2021-12-09,699,7042,7741
426,2021-12-10,663,6961,7624
426,2021-12-11,382,4439,4821
426,2021-12-12,181,3157,3338
426,2021-12-13,643,6825,7468
426,2021-12-14,699,7143,7842
426,2021-12-15,649,7552,8201
426,2021-12-16,676,7689,8365
426,2021-12-17,596,7557,8153
426,2021-12-18,345,4154,4499
426,2021-12-19,180,3096,3276
426,2021-12-20,493,5403,5896
426,2021-12-21,521,5498,6019
426,2021-12-22,475,5499,5974
426,2021-12-23,478,5169,5647
426,2021-12-24,377,3955,4332
426,2021-12-25,142,2170,2312
426,2021-12-26,165,2451,2616
426,2021-12-27,407,3879,4286
426,2021-12-28,447,3981,4428
426,2021-12-29,440,4061,4501
426,2021-12-30,440,4178,4618
426,2021-12-31,430,3646,4076
427,2021-01-01,1,996,997
427,2021-01-02,12,1369,1381
427,2021-01-03,5,1173,1178
427,2021-01-04,34,1903,1937
427,2021-01-05,42,1954,1996
427,2021-01-06,36,1954,1990
427,2021-01-07,43,2026,2069
427,2021-01-08,44,2135,2179
427,2021-01-09,24,1581,1605
427,2021-01-10,4,1356,1360
427,2021-01-11,134,2739,2873
427,2021-01-12,147,2576,2723
427,2021-01-13,120,2752,2872
427,2021-01-14,123,2506,2629
427,2021-01-15,70,1522,1592
427,2021-01-16,30,1465,1495
427,2021-01-17,10,1156,1166
427,2021-01-18,132,2658,2790
427,2021-01-19,122,2789,2911
427,2021-01-20,167,2904,3071
427,2021-01-21,133,2780,2913
427,2021-01-22,122,3056,3178
427,2021-01-23,41,1868,1909
427,2021-01-24,12,1305,1317
427,2021-01-25,109,2911,3020
427,2021-01-26,119,2864,2983
427,2021-01-27,109,2604,2713
427,2021-01-28,124,2717,2841
427,2021-01-29,116,2927,3043
427,2021-01-30,25,1877,1902
427,2021-01-31,6,1430,1436
427,2021-02-01,119,2828,2947
427,2021-02-02,158,3030,3188
427,2021-02-03,116,2729,2845
427,2021-02-04,179,3084,3263
427,2021-02-05,166,3128,3294
427,2021-02-06,38,1902,1940
427,2021-02-07,3,1451,1454
427,2021-02-08,177,2289,2466
427,2021-02-09,133,2478,2611
427,2021-02-10,113,2673,2786
427,2021-02-11,157,2857,3014
427,2021-02-12,175,2789,2964
427,2021-02-13,39,1985,2024
427,2021-02-14,9,1748,1757
427,2021-02-15,234,2494,2728
427,2021-02-16,187,2788,2975
427,2021-02-17,215,2764,2979
427,2021-02-18,198,2836,3034
427,2021-02-19,200,2888,3088
427,2021-02-20,34,2206,2240
427,2021-02-21,16,2659,2675
427,2021-02-22,153,2933,3086
427,2021-02-23,133,3350,3483
427,2021-02-24,191,3300,3491
427,2021-02-25,178,3383,3561
427,2021-02-26,261,3919,4180
427,2021-02-27,79,2189,2268
427,2021-02-28,7,1868,1875
427,2021-03-01,230,3241,3471
427,2021-03-02,178,3466,3644
427,2021-03-03,178,3273,3451
427,2021-03-04,267,3177,3444
427,2021-03-05,303,3262,3565
427,2021-03-06,73,2279,2352
427,2021-03-07,8,1757,1765
427,2021-03-08,306,3375,3681
427,2021-03-09,312,3322,3634
427,2021-03-10,192,3186,3378
427,2021-03-11,167,2940,3107
427,2021-03-12,162,3135,3297
427,2021-03-13,35,1740,1775
427,2021-03-14,1,1330,1331
427,2021-03-15,185,2957,3142
427,2021-03-16,244,3119,3363
427,2021-03-17,268,3249,3517
427,2021-03-18,222,3288,3510
427,2021-03-19,236,3334,3570
427,2021-03-20,56,2155,2211
427,2021-03-21,3,1683,1686
427,2021-03-22,191,2923,3114
427,2021-03-23,187,3379,3566
427,2021-03-24,242,3754,3996
427,2021-03-25,236,3333,3569
427,2021-03-26,242,3462,3704
427,2021-03-27,82,2020,2102
427,2021-03-29,220,3433,3653
427,2021-03-30,178,3564,3742
427,2021-03-31,218,3736,3954
427,2021-04-02,202,3572,3774
427,2021-04-03,31,2202,2233
427,2021-04-04,1,1721,1722
427,2021-04-05,3,1222,1225
427,2021-04-06,179,2919,3098
427,2021-04-07,161,2922,3083
427,2021-04-08,233,3245,3478
427,2021-04-09,226,3329,3555
427,2021-04-10,105,1779,1884
427,2021-04-11,6,1265,1271
427,2021-04-12,231,3145,3376
427,2021-04-13,203,3357,3560
427,2021-04-14,189,3259,3448
427,2021-04-15,226,3455,3681
427,2021-04-16,256,3239,3495
427,2021-04-17,63,2434,2497
427,2021-04-18,7,1662,1669
427,2021-04-19,189,3482,3671
427,2021-04-20,197,3951,4148
427,2021-04-21,248,3510,3758
427,2021-04-22,206,3583,3789
427,2021-04-23,204,3781,3985
427,2021-04-24,52,2638,2690
427,2021-04-25,3,2124,2127
427,2021-04-26,245,3401,3646
427,2021-04-27,185,3560,3745
427,2021-04-28,181,3656,3837
427,2021-04-29,275,4013,4288
427,2021-04-30,319,4182,4501
427,2021-05-01,11,1870,1881
427,2021-05-02,8,1818,1826
427,2021-05-03,182,3483,3665
427,2021-05-04,177,3787,3964
427,2021-05-05,227,3857,4084
427,2021-05-06,158,3529,3687
427,2021-05-07,152,3844,3996
427,2021-05-08,46,2488,2534
427,2021-05-09,16,2146,2162
427,2021-05-10,163,3438,3601
427,2021-05-11,186,3542,3728
427,2021-05-12,199,3804,4003
427,2021-05-13,13,2053,2066
427,2021-05-14,94,3316,3410
427,2021-05-15,37,2239,2276
427,2021-05-16,6,1633,1639
427,2021-05-17,194,3409,3603
427,2021-05-18,152,3554,3706
427,2021-05-19,169,3611,3780
427,2021-05-20,248,3646,3894
427,2021-05-21,224,3724,3948
427,2021-05-22,49,2573,2622
427,2021-05-23,12,1957,1969
427,2021-05-24,10,1597,1607
427,2021-05-25,207,2808,3015
427,2021-05-26,223,3252,3475
427,2021-05-27,212,3225,3437
427,2021-05-28,237,3457,3694
427,2021-05-29,347,8856,9203
427,2021-05-30,162,7109,7271
427,2021-05-31,303,3705,4008
427,2021-06-02,196,4182,4378
427,2021-06-03,177,3869,4046
427,2021-06-04,257,3831,4088
427,2021-06-05,41,2615,2656
427,2021-06-06,5,1984,1989
427,2021-06-07,272,3564,3836
427,2021-06-08,235,3993,4228
427,2021-06-09,213,3926,4139
427,2021-06-10,223,4082,4305
427,2021-06-11,237,4323,4560
427,2021-06-12,114,4884,4998
427,2021-06-13,40,3703,3743
427,2021-06-14,238,3727,3965
427,2021-06-15,201,4029,4230
427,2021-06-16,290,3920,4210
427,2021-06-17,186,4066,4252
427,2021-06-18,244,3900,4144
427,2021-06-19,54,2715,2769
427,2021-06-20,8,1950,1958
427,2021-06-21,169,3450,3619
427,2021-06-22,252,3951,4203
427,2021-06-23,22,1781,1803
427,2021-06-24,162,3414,3576
427,2021-06-25,207,3906,4113
427,2021-06-26,48,2546,2594
427,2021-06-27,8,1991,1999
427,2021-06-28,232,3635,3867
427,2021-06-29,182,3654,3836
427,2021-06-30,186,3667,3853
427,2021-07-01,174,4030,4204
427,2021-07-02,188,4510,4698
427,2021-07-03,59,3321,3380
427,2021-07-04,9,2068,2077
427,2021-07-05,172,3614,3786
427,2021-07-06,193,3933,4126
427,2021-07-07,224,3995,4219
427,2021-07-08,217,3688,3905
427,2021-07-09,226,4415,4641
427,2021-07-10,165,7463,7628
427,2021-07-11,38,4837,4875
427,2021-07-13,177,3517,3694
427,2021-07-14,201,3139,3340
427,2021-07-15,135,3705,3840
427,2021-07-16,296,3684,3980
427,2021-07-17,38,2379,2417
427,2021-07-18,9,2092,2101
427,2021-07-19,287,3401,3688
427,2021-07-20,280,3605,3885
427,2021-07-21,239,3829,4068
427,2021-07-22,235,3576,3811
427,2021-07-23,281,3747,4028
427,2021-07-24,59,1843,1902
427,2021-07-25,29,1833,1862
427,2021-07-26,220,3395,3615
427,2021-07-27,216,3282,3498
427,2021-07-28,235,3362,3597
427,2021-07-29,224,3401,3625
427,2021-07-30,99,3235,3334
427,2021-07-31,33,2124,2157
427,2021-08-01,15,1929,1944
427,2021-08-02,67,2625,2692
427,2021-08-03,51,2611,2662
427,2021-08-04,61,2780,2841
427,2021-08-05,60,2740,2800
427,2021-08-06,58,2645,2703
427,2021-08-07,30,1955,1985
427,2021-08-08,10,1723,1733
427,2021-08-09,65,2516,2581
427,2021-08-10,63,2358,2421
427,2021-08-11,70,2712,2782
427,2021-08-12,63,3193,3256
427,2021-08-13,83,2929,3012
427,2021-08-14,45,2055,2100
427,2021-08-15,19,2024,2043
427,2021-08-16,72,2346,2418
427,2021-08-17,76,2545,2621
427,2021-08-18,75,2536,2611
427,2021-08-19,60,2650,2710
427,2021-08-20,74,2754,2828
427,2021-08-21,40,1956,1996
427,2021-08-22,9,1771,1780
427,2021-08-23,108,2742,2850
427,2021-08-24,118,2871,2989
427,2021-08-25,132,3104,3236
427,2021-08-26,116,2983,3099
427,2021-08-27,115,2955,3070
427,2021-08-28,25,1977,2002
427,2021-08-29,10,1736,1746
427,2021-08-30,168,2923,3091
427,2021-08-31,138,3303,3441
427,2021-09-01,167,3360,3527
427,2021-09-02,213,3506,3719
427,2021-09-03,302,3514,3816
427,2021-09-04,36,2355,2391
427,2021-09-05,12,2338,2350
427,2021-09-06,291,3320,3611
427,2021-09-07,207,3457,3664
427,2021-09-08,205,3788,3993
427,2021-09-09,219,3620,3839
427,2021-09-10,275,3345,3620
427,2021-09-11,58,2408,2466
427,2021-09-12,12,2271,2283
427,2021-09-13,323,3614,3937
427,2021-09-14,235,3583,3818
427,2021-09-15,169,3537,3706
427,2021-09-16,157,3859,4016
427,2021-09-17,235,3913,4148
427,2021-09-18,51,2768,2819
427,2021-09-19,6,2142,2148
427,2021-09-20,181,3564,3745
427,2021-09-21,241,3866,4107
427,2021-09-22,191,3832,4023
427,2021-09-23,312,3992,4304
427,2021-09-24,219,3851,4070
427,2021-09-25,52,2915,2967
427,2021-09-26,7,2041,2048
427,2021-09-27,320,3503,3823
427,2021-09-28,364,3810,4174
427,2021-09-29,251,4156,4407
427,2021-09-30,209,4030,4239
427,2021-10-01,345,3868,4213
427,2021-10-02,38,2555,2593
427,2021-10-03,8,1818,1826
427,2021-10-04,263,4167,4430
427,2021-10-05,173,3845,4018
427,2021-10-06,237,3621,3858
427,2021-10-07,264,3890,4154
427,2021-10-08,252,4051,4303
427,2021-10-09,54,2693,2747
427,2021-10-10,89,2238,2327
427,2021-10-11,230,3453,3683
427,2021-10-12,181,3722,3903
427,2021-10-13,162,3806,3968
427,2021-10-14,159,4138,4297
427,2021-10-15,230,3951,4181
427,2021-10-16,49,2528,2577
427,2021-10-17,12,1950,1962
427,2021-10-18,220,3644,3864
427,2021-10-19,192,3738,3930
427,2021-10-20,198,3712,3910
427,2021-10-21,268,3794,4062
427,2021-10-22,195,4378,4573
427,2021-10-23,34,2416,2450
427,2021-10-24,16,2436,2452
427,2021-10-25,176,3618,3794
427,2021-10-26,251,3802,4053
427,2021-10-27,235,3882,4117
427,2021-10-28,225,3891,4116
427,2021-10-29,224,4051,4275
427,2021-10-30,24,2034,2058
427,2021-11-01,6,1861,1867
427,2021-11-02,159,3123,3282
427,2021-11-03,152,3333,3485
427,2021-11-04,187,3212,3399
427,2021-11-05,160,3758,3918
427,2021-11-06,45,2312,2357
427,2021-11-07,4,1749,1753
427,2021-11-08,205,3592,3797
427,2021-11-09,264,4097,4361
427,2021-11-10,271,4106,4377
427,2021-11-11,290,3712,4002
427,2021-11-12,258,3720,3978
427,2021-11-13,85,2212,2297
427,2021-11-14,2,1643,1645
427,2021-11-15,190,3529,3719
427,2021-11-16,260,3911,4171
427,2021-11-17,240,3587,3827
427,2021-11-18,315,3948,4263
427,2021-11-19,227,3792,4019
427,2021-11-20,30,2567,2597
427,2021-11-21,8,1764,1772
427,2021-11-22,177,3345,3522
427,2021-11-23,260,3595,3855
427,2021-11-24,281,3718,3999
427,2021-11-25,240,3618,3858
427,2021-11-26,209,3484,3693
427,2021-11-27,24,2111,2135
427,2021-11-28,4,1459,1463
427,2021-11-29,232,3433,3665
427,2021-11-30,174,3582,3756
427,2021-12-01,182,3492,3674
427,2021-12-02,167,3514,3681
427,2021-12-03,290,3602,3892
427,2021-12-04,26,2066,2092
427,2021-12-05,2,1637,1639
427,2021-12-06,317,3412,3729
427,2021-12-07,237,3465,3702
427,2021-12-08,251,3592,3843
427,2021-12-09,248,3563,3811
427,2021-12-10,214,3404,3618
427,2021-12-11,49,2253,2302
427,2021-12-12,3,1566,1569
427,2021-12-13,224,3378,3602
427,2021-12-14,268,3699,3967
427,2021-12-15,264,3958,4222
427,2021-12-16,234,4209,4443
427,2021-12-17,117,3838,3955
427,2021-12-18,24,2196,2220
427,2021-12-19,3,1642,1645
427,2021-12-20,67,2700,2767
427,2021-12-21,66,2850,2916
427,2021-12-22,47,2804,2851
427,2021-12-23,44,2528,2572
427,2021-12-24,16,1819,1835
427,2021-12-25,2,1251,1253
427,2021-12-26,2,1214,1216
427,2021-12-27,26,1903,1929
427,2021-12-28,24,1988,2012
427,2021-12-29,20,2099,2119
427,2021-12-30,22,2116,2138
427,2021-12-31,16,1835,1851
428,2021-01-01,16,2023,2039
428,2021-01-02,66,3481,3547
428,2021-01-03,15,2735,2750
428,2021-01-04,161,4481,4642
428,2021-01-05,195,4772,4967
428,2021-01-06,213,4743,4956
428,2021-01-07,197,4906,5103
428,2021-01-08,206,5112,5318
428,2021-01-09,72,4331,4403
428,2021-01-10,24,3210,3234
428,2021-01-11,329,6421,6750
428,2021-01-12,327,6428,6755
428,2021-01-13,325,6212,6537
428,2021-01-14,297,5852,6149
428,2021-01-15,288,6326,6614
428,2021-01-16,88,5425,5513
428,2021-01-17,29,2789,2818
428,2021-01-18,285,6168,6453
428,2021-01-19,283,6276,6559
428,2021-01-20,329,6539,6868
428,2021-01-21,326,6472,6798
428,2021-01-22,349,6930,7279
428,2021-01-23,96,5416,5512
428,2021-01-24,29,2643,2672
428,2021-01-25,342,6337,6679
428,2021-01-26,330,6617,6947
428,2021-01-27,333,5990,6323
428,2021-01-28,297,6687,6984
428,2021-01-29,308,7027,7335
428,2021-01-30,90,5398,5488
428,2021-01-31,27,2595,2622
428,2021-02-01,350,6345,6695
428,2021-02-02,358,6508,6866
428,2021-02-03,322,6542,6864
428,2021-02-04,354,6628,6982
428,2021-02-05,384,6781,7165
428,2021-02-06,85,5449,5534
428,2021-02-07,32,2593,2625
428,2021-02-08,391,5891,6282
428,2021-02-09,370,5917,6287
428,2021-02-10,455,6214,6669
428,2021-02-11,427,6283,6710
428,2021-02-12,393,6458,6851
428,2021-02-13,133,5081,5214
428,2021-02-14,34,2708,2742
428,2021-02-15,344,5956,6300
428,2021-02-16,378,6587,6965
428,2021-02-17,370,6478,6848
428,2021-02-18,374,6500,6874
428,2021-02-19,375,6655,7030
428,2021-02-20,105,5353,5458
428,2021-02-21,23,3286,3309
428,2021-02-22,442,6469,6911
428,2021-02-23,433,6863,7296
428,2021-02-24,452,6742,7194
428,2021-02-25,464,6895,7359
428,2021-02-26,445,7337,7782
428,2021-02-27,128,6023,6151
428,2021-02-28,40,3183,3223
428,2021-03-01,435,6869,7304
428,2021-03-02,434,6836,7270
428,2021-03-03,518,6909,7427
428,2021-03-04,458,6906,7364
428,2021-03-05,466,7237,7703
428,2021-03-06,145,5990,6135
428,2021-03-07,30,3318,3348
428,2021-03-08,503,6711,7214
428,2021-03-09,476,6564,7040
428,2021-03-10,420,6890,7310
428,2021-03-11,404,6960,7364
428,2021-03-12,456,7289,7745
428,2021-03-13,116,5612,5728
428,2021-03-14,36,2800,2836
428,2021-03-15,406,6808,7214
428,2021-03-16,367,6806,7173
428,2021-03-17,443,6717,7160
428,2021-03-18,527,6841,7368
428,2021-03-19,466,7078,7544
428,2021-03-20,183,5793,5976
428,2021-03-21,31,3110,3141
428,2021-03-22,408,6505,6913
428,2021-03-23,407,6998,7405
428,2021-03-24,391,6758,7149
428,2021-03-25,504,6776,7280
428,2021-03-26,391,6923,7314
428,2021-03-27,111,5564,5675
428,2021-03-29,345,6710,7055
428,2021-03-30,377,6818,7195
428,2021-03-31,397,6881,7278
428,2021-04-01,324,7012,7336
428,2021-04-02,400,7645,8045
428,2021-04-03,150,5712,5862
428,2021-04-04,34,3029,3063
428,2021-04-05,36,2510,2546
428,2021-04-06,373,6426,6799
428,2021-04-07,313,6382,6695
428,2021-04-08,320,6530,6850
428,2021-04-09,351,6731,7082
428,2021-04-10,130,5303,5433
428,2021-04-11,37,2409,2446
428,2021-04-12,407,6540,6947
428,2021-04-13,426,6795,7221
428,2021-04-14,528,6777,7305
428,2021-04-15,389,6813,7202
428,2021-04-16,396,6813,7209
428,2021-04-17,116,5797,5913
428,2021-04-18,27,2950,2977
428,2021-04-19,456,6894,7350
428,2021-04-20,451,7108,7559
428,2021-04-21,455,7058,7513
428,2021-04-22,448,7212,7660
428,2021-04-23,426,7395,7821
428,2021-04-24,148,6287,6435
428,2021-04-25,39,3521,3560
428,2021-04-26,437,7321,7758
428,2021-04-27,497,7792,8289
428,2021-04-28,514,7767,8281
428,2021-04-29,548,7957,8505
428,2021-04-30,456,8287,8743
428,2021-05-01,56,3730,3786
428,2021-05-02,45,3425,3470
428,2021-05-03,496,7500,7996
428,2021-05-04,457,7833,8290
428,2021-05-05,538,7726,8264
428,2021-05-06,427,7817,8244
428,2021-05-07,431,8284,8715
428,2021-05-08,155,6239,6394
428,2021-05-09,56,3701,3757
428,2021-05-10,489,7232,7721
428,2021-05-11,484,7452,7936
428,2021-05-12,448,7696,8144
428,2021-05-13,43,3083,3126
428,2021-05-14,311,7273,7584
428,2021-05-15,113,6073,6186
428,2021-05-16,42,3045,3087
428,2021-05-17,382,6607,6989
428,2021-05-18,408,7043,7451
428,2021-05-19,368,6992,7360
428,2021-05-20,479,7302,7781
428,2021-05-21,464,7438,7902
428,2021-05-22,142,6219,6361
428,2021-05-23,47,3061,3108
428,2021-05-24,54,2701,2755
428,2021-05-25,382,6866,7248
428,2021-05-26,371,7025,7396
428,2021-05-27,428,7095,7523
428,2021-05-28,405,7262,7667
428,2021-05-29,158,5905,6063
428,2021-05-30,44,3684,3728
428,2021-05-31,414,7240,7654
428,2021-06-01,421,7439,7860
428,2021-06-02,458,7336,7794
428,2021-06-03,414,7599,8013
428,2021-06-04,456,7583,8039
428,2021-06-05,149,6672,6821
428,2021-06-06,35,3623,3658
428,2021-06-07,434,7289,7723
428,2021-06-08,451,7646,8097
428,2021-06-09,446,7513,7959
428,2021-06-10,453,7784,8237
428,2021-06-11,422,7924,8346
428,2021-06-12,172,6789,6961
428,2021-06-13,57,4291,4348
428,2021-06-14,414,7434,7848
428,2021-06-15,433,7580,8013
428,2021-06-16,438,7721,8159
428,2021-06-17,457,7685,8142
428,2021-06-18,413,7887,8300
428,2021-06-19,192,6240,6432
428,2021-06-20,40,3436,3476
428,2021-06-21,466,7813,8279
428,2021-06-22,482,7908,8390
428,2021-06-23,46,3547,3593
428,2021-06-24,456,7630,8086
428,2021-06-25,408,7610,8018
428,2021-06-26,169,6041,6210
428,2021-06-27,42,3597,3639
428,2021-06-28,427,7249,7676
428,2021-06-29,481,7455,7936
428,2021-06-30,450,8264,8714
428,2021-07-01,474,8485,8959
428,2021-07-02,586,8106,8692
428,2021-07-03,224,6230,6454
428,2021-07-04,57,3484,3541
428,2021-07-05,587,6856,7443
428,2021-07-06,562,7337,7899
428,2021-07-07,497,7174,7671
428,2021-07-08,732,7506,8238
428,2021-07-09,657,7629,8286
428,2021-07-10,223,6308,6531
428,2021-07-11,37,3805,3842
428,2021-07-12,570,7098,7668
428,2021-07-13,485,7263,7748
428,2021-07-14,533,7518,8051
428,2021-07-15,480,7636,8116
428,2021-07-16,411,7790,8201
428,2021-07-17,228,5639,5867
428,2021-07-18,49,3707,3756
428,2021-07-19,505,8504,9009
428,2021-07-20,484,7486,7970
428,2021-07-21,430,7115,7545
428,2021-07-22,558,8259,8817
428,2021-07-23,575,8303,8878
428,2021-07-24,128,5946,6074
428,2021-07-25,66,3743,3809
428,2021-07-26,688,7065,7753
428,2021-07-27,719,6243,6962
428,2021-07-28,410,6760,7170
428,2021-07-29,389,6691,7080
428,2021-07-30,267,6540,6807
428,2021-07-31,130,5314,5444
428,2021-08-01,45,3368,3413
428,2021-08-02,200,6147,6347
428,2021-08-03,243,6112,6355
428,2021-08-04,232,6072,6304
428,2021-08-05,224,5966,6190
428,2021-08-06,249,6018,6267
428,2021-08-07,114,4703,4817
428,2021-08-08,39,2804,2843
428,2021-08-09,201,5540,5741
428,2021-08-10,229,5781,6010
428,2021-08-11,198,5616,5814
428,2021-08-12,211,5640,5851
428,2021-08-13,223,5755,5978
428,2021-08-14,111,4551,4662
428,2021-08-15,76,2984,3060
428,2021-08-16,194,5372,5566
428,2021-08-17,243,5588,5831
428,2021-08-18,204,5673,5877
428,2021-08-19,198,5691,5889
428,2021-08-20,205,5758,5963
428,2021-08-21,102,5591,5693
428,2021-08-22,39,3018,3057
428,2021-08-23,243,5726,5969
428,2021-08-24,313,6048,6361
428,2021-08-25,335,5821,6156
428,2021-08-26,287,6133,6420
428,2021-08-27,368,6147,6515
428,2021-08-28,113,4846,4959
428,2021-08-29,35,3324,3359
428,2021-08-30,375,6127,6502
428,2021-08-31,379,6197,6576
428,2021-09-01,428,6358,6786
428,2021-09-02,451,6014,6465
428,2021-09-03,476,6143,6619
428,2021-09-04,151,5166,5317
428,2021-09-05,43,3212,3255
428,2021-09-06,425,6398,6823
428,2021-09-07,422,6825,7247
428,2021-09-08,420,6595,7015
428,2021-09-09,449,6946,7395
428,2021-09-10,439,6932,7371
428,2021-09-11,132,5635,5767
428,2021-09-12,35,3637,3672
428,2021-09-13,387,7011,7398
428,2021-09-15,459,7210,7669
428,2021-09-16,267,4837,5104
428,2021-09-17,474,7533,8007
428,2021-09-18,185,6671,6856
428,2021-09-19,48,3937,3985
428,2021-09-20,496,6918,7414
428,2021-09-21,494,7221,7715
428,2021-09-22,452,7142,7594
428,2021-09-23,433,7233,7666
428,2021-09-24,490,7354,7844
428,2021-09-25,227,6280,6507
428,2021-09-26,40,3741,3781
428,2021-09-27,406,7026,7432
428,2021-09-28,516,7312,7828
428,2021-09-29,367,6943,7310
428,2021-09-30,368,6987,7355
428,2021-10-01,396,7158,7554
428,2021-10-02,157,6073,6230
428,2021-10-03,28,3795,3823
428,2021-10-04,532,7161,7693
428,2021-10-05,421,7009,7430
428,2021-10-06,398,6994,7392
428,2021-10-07,388,7284,7672
428,2021-10-08,471,7545,8016
428,2021-10-09,153,6061,6214
428,2021-10-10,42,3766,3808
428,2021-10-11,539,6930,7469
428,2021-10-12,487,7207,7694
428,2021-10-13,475,7079,7554
428,2021-10-14,488,7379,7867
428,2021-10-15,468,7383,7851
428,2021-10-16,220,6028,6248
428,2021-10-17,49,3479,3528
428,2021-10-18,458,6929,7387
428,2021-10-19,477,7114,7591
428,2021-10-20,463,6884,7347
428,2021-10-21,406,7252,7658
428,2021-10-22,410,7551,7961
428,2021-10-23,109,6068,6177
428,2021-10-24,47,4044,4091
428,2021-10-25,426,6930,7356
428,2021-10-26,492,7364,7856
428,2021-10-27,490,7123,7613
428,2021-10-28,490,7191,7681
428,2021-10-29,534,7466,8000
428,2021-10-30,136,5712,5848
428,2021-11-01,41,3112,3153
428,2021-11-02,478,6706,7184
428,2021-11-03,425,6862,7287
428,2021-11-04,452,7075,7527
428,2021-11-05,422,7332,7754
428,2021-11-06,152,5757,5909
428,2021-11-07,37,3185,3222
428,2021-11-08,443,6986,7429
428,2021-11-09,448,7200,7648
428,2021-11-10,450,7392,7842
428,2021-11-11,532,7602,8134
428,2021-11-12,484,7359,7843
428,2021-11-13,132,6434,6566
428,2021-11-14,49,3564,3613
428,2021-11-15,415,6665,7080
428,2021-11-16,459,7377,7836
428,2021-11-17,384,6664,7048
428,2021-11-18,337,6712,7049
428,2021-11-19,376,6868,7244
428,2021-11-20,103,5457,5560
428,2021-11-21,21,2779,2800
428,2021-11-22,351,6233,6584
428,2021-11-23,325,6430,6755
428,2021-11-24,320,6513,6833
428,2021-11-25,315,6648,6963
428,2021-11-26,387,7239,7626
428,2021-11-27,101,6139,6240
428,2021-11-28,33,3602,3635
428,2021-11-29,390,6985,7375
428,2021-11-30,437,7165,7602
428,2021-12-01,456,7235,7691
428,2021-12-02,415,7482,7897
428,2021-12-03,429,7411,7840
428,2021-12-04,101,6087,6188
428,2021-12-05,25,3780,3805
428,2021-12-06,476,7509,7985
428,2021-12-07,436,7746,8182
428,2021-12-08,372,7282,7654
428,2021-12-09,424,7333,7757
428,2021-12-10,374,7010,7384
428,2021-12-11,89,6122,6211
428,2021-12-12,24,3737,3761
428,2021-12-13,441,6960,7401
428,2021-12-14,469,7275,7744
428,2021-12-15,487,7075,7562
428,2021-12-16,381,7553,7934
428,2021-12-17,342,7363,7705
428,2021-12-18,95,5546,5641
428,2021-12-19,25,3324,3349
428,2021-12-20,202,5860,6062
428,2021-12-21,224,6246,6470
428,2021-12-22,218,6368,6586
428,2021-12-23,190,6275,6465
428,2021-12-24,122,4999,5121
428,2021-12-25,16,2665,2681
428,2021-12-26,15,2465,2480
428,2021-12-27,133,5048,5181
428,2021-12-28,162,5090,5252
428,2021-12-29,136,5242,5378
428,2021-12-30,117,5484,5601
428,2021-12-31,102,4552,4654
429,2021-01-01,14,2001,2015
429,2021-01-02,58,4020,4078
429,2021-01-03,11,2503,2514
429,2021-01-04,129,5472,5601
429,2021-01-05,138,5667,5805
429,2021-01-06,138,5694,5832
429,2021-01-07,173,5969,6142
429,2021-01-08,144,6246,6390
429,2021-01-09,48,4877,4925
429,2021-01-10,18,2728,2746
429,2021-01-11,279,8889,9168
429,2021-01-12,258,8840,9098
429,2021-01-13,286,8524,8810
429,2021-01-14,243,7042,7285
429,2021-01-15,226,8544,8770
429,2021-01-16,60,8356,8416
429,2021-01-17,27,2788,2815
429,2021-01-18,222,8468,8690
429,2021-01-19,264,8786,9050
429,2021-01-20,276,9221,9497
429,2021-01-21,325,9496,9821
429,2021-01-22,319,9833,10152
429,2021-01-23,80,8887,8967
429,2021-01-24,18,3029,3047
429,2021-01-25,271,8544,8815
429,2021-01-26,334,9169,9503
429,2021-01-27,209,7981,8190
429,2021-01-28,255,8823,9078
429,2021-01-29,248,9911,10159
429,2021-01-30,52,8812,8864
429,2021-01-31,20,2903,2923
429,2021-02-01,281,8700,8981
429,2021-02-02,281,8834,9115
429,2021-02-03,318,8617,8935
429,2021-02-04,331,9005,9336
429,2021-02-05,329,9741,10070
429,2021-02-06,66,8567,8633
429,2021-02-07,21,3040,3061
429,2021-02-08,284,7850,8134
429,2021-02-09,301,8235,8536
429,2021-02-10,284,8652,8936
429,2021-02-11,289,8789,9078
429,2021-02-12,266,9710,9976
429,2021-02-13,71,8554,8625
429,2021-02-14,23,3107,3130
429,2021-02-15,241,8502,8743
429,2021-02-16,315,9170,9485
429,2021-02-17,254,9035,9289
429,2021-02-18,303,8785,9088
429,2021-02-19,286,9167,9453
429,2021-02-20,69,7663,7732
429,2021-02-21,23,3489,3512
429,2021-02-22,305,8574,8879
429,2021-02-23,352,9059,9411
429,2021-02-24,394,9498,9892
429,2021-02-25,366,9778,10144
429,2021-02-26,319,10188,10507
429,2021-02-27,75,8829,8904
429,2021-02-28,26,3581,3607
429,2021-03-01,273,8447,8720
429,2021-03-02,342,8640,8982
429,2021-03-03,324,8507,8831
429,2021-03-04,341,8779,9120
429,2021-03-05,313,9420,9733
429,2021-03-06,95,8698,8793
429,2021-03-07,19,3225,3244
429,2021-03-08,291,8518,8809
429,2021-03-09,302,8696,8998
429,2021-03-10,276,8631,8907
429,2021-03-11,275,8947,9222
429,2021-03-12,319,9514,9833
429,2021-03-13,92,7815,7907
429,2021-03-14,32,2927,2959
429,2021-03-15,305,8789,9094
429,2021-03-16,316,8423,8739
429,2021-03-17,397,8448,8845
429,2021-03-18,344,8847,9191
429,2021-03-19,309,9559,9868
429,2021-03-20,84,8431,8515
429,2021-03-21,36,3104,3140
429,2021-03-22,305,8351,8656
429,2021-03-23,332,8841,9173
429,2021-03-24,300,8355,8655
429,2021-03-25,340,9012,9352
429,2021-03-26,349,9803,10152
429,2021-03-27,98,8532,8630
429,2021-03-29,283,8414,8697
429,2021-03-30,323,8889,9212
429,2021-03-31,303,8896,9199
429,2021-04-01,354,9427,9781
429,2021-04-02,290,10508,10798
429,2021-04-03,66,8079,8145
429,2021-04-04,12,2993,3005
429,2021-04-05,17,2419,2436
429,2021-04-06,271,9414,9685
429,2021-04-07,314,9033,9347
429,2021-04-08,311,9305,9616
429,2021-04-09,272,9575,9847
429,2021-04-10,67,7871,7938
429,2021-04-11,34,2545,2579
429,2021-04-12,251,8602,8853
429,2021-04-13,330,8564,8894
429,2021-04-14,303,8607,8910
429,2021-04-15,307,9293,9600
429,2021-04-16,311,9379,9690
429,2021-04-17,90,7685,7775
429,2021-04-18,13,3040,3053
429,2021-04-19,292,8535,8827
429,2021-04-20,274,8903,9177
429,2021-04-21,305,9119,9424
429,2021-04-22,347,9393,9740
429,2021-04-23,345,9969,10314
429,2021-04-24,90,8419,8509
429,2021-04-25,23,3501,3524
429,2021-04-26,291,8758,9049
429,2021-04-27,296,9161,9457
429,2021-04-28,311,8940,9251
429,2021-04-29,446,10174,10620
429,2021-04-30,378,10546,10924
429,2021-05-01,26,3718,3744
429,2021-05-02,23,3509,3532
429,2021-05-03,286,9088,9374
429,2021-05-04,383,9227,9610
429,2021-05-05,302,9219,9521
429,2021-05-06,270,9797,10067
429,2021-05-07,308,10130,10438
429,2021-05-08,79,9190,9269
429,2021-05-09,13,3453,3466
429,2021-05-10,326,8862,9188
429,2021-05-11,353,9421,9774
429,2021-05-12,346,9892,10238
429,2021-05-13,35,3277,3312
429,2021-05-14,249,10103,10352
429,2021-05-15,72,8351,8423
429,2021-05-16,23,3372,3395
429,2021-05-17,298,9171,9469
429,2021-05-18,314,9349,9663
429,2021-05-19,290,9144,9434
429,2021-05-20,290,9395,9685
429,2021-05-21,338,9756,10094
429,2021-05-22,89,8142,8231
429,2021-05-23,11,2842,2853
429,2021-05-24,40,2623,2663
429,2021-05-25,285,8788,9073
429,2021-05-26,244,8461,8705
429,2021-05-27,322,8486,8808
429,2021-05-28,329,9298,9627
429,2021-05-29,97,7431,7528
429,2021-05-30,26,3514,3540
429,2021-05-31,373,8738,9111
429,2021-06-01,337,9136,9473
429,2021-06-02,372,9153,9525
429,2021-06-03,343,9407,9750
429,2021-06-04,401,9254,9655
429,2021-06-05,81,8918,8999
429,2021-06-06,30,3271,3301
429,2021-06-07,288,8736,9024
429,2021-06-08,316,9162,9478
429,2021-06-09,396,8866,9262
429,2021-06-10,368,9442,9810
429,2021-06-11,346,9894,10240
429,2021-06-12,107,8402,8509
429,2021-06-13,86,3952,4038
429,2021-06-14,311,8732,9043
429,2021-06-15,286,9255,9541
429,2021-06-16,273,8937,9210
429,2021-06-17,310,9022,9332
429,2021-06-18,357,9661,10018
429,2021-06-19,110,7697,7807
429,2021-06-20,21,3294,3315
429,2021-06-21,296,8991,9287
429,2021-06-22,558,9894,10452
429,2021-06-23,41,3370,3411
429,2021-06-24,375,9078,9453
429,2021-06-25,398,9893,10291
429,2021-06-26,99,7898,7997
429,2021-06-27,22,4664,4686
429,2021-06-28,279,8729,9008
429,2021-06-29,320,8963,9283
429,2021-06-30,335,9670,10005
429,2021-07-01,337,9988,10325
429,2021-07-02,310,10264,10574
429,2021-07-03,94,8814,8908
429,2021-07-04,73,3293,3366
429,2021-07-05,258,8619,8877
429,2021-07-06,293,8792,9085
429,2021-07-07,321,9156,9477
429,2021-07-08,323,9307,9630
429,2021-07-09,272,9635,9907
429,2021-07-10,113,7971,8084
429,2021-07-11,26,3735,3761
429,2021-07-12,252,8488,8740
429,2021-07-13,242,8644,8886
429,2021-07-14,211,7616,7827
429,2021-07-15,263,8966,9229
429,2021-07-16,267,9267,9534
429,2021-07-17,88,7401,7489
429,2021-07-18,45,3587,3632
429,2021-07-19,299,9283,9582
429,2021-07-20,384,8749,9133
429,2021-07-21,439,9134,9573
429,2021-07-22,365,8334,8699
429,2021-07-23,288,8402,8690
429,2021-07-24,98,6664,6762
429,2021-07-25,70,2949,3019
429,2021-07-26,335,8130,8465
429,2021-07-27,284,8081,8365
429,2021-07-28,240,8023,8263
429,2021-07-29,263,7893,8156
429,2021-07-30,178,7913,8091
429,2021-07-31,77,6329,6406
429,2021-08-01,27,3024,3051
429,2021-08-02,140,6319,6459
429,2021-08-03,154,6179,6333
429,2021-08-04,116,5981,6097
429,2021-08-05,169,6699,6868
429,2021-08-06,149,7319,7468
429,2021-08-07,78,6277,6355
429,2021-08-08,24,2656,2680
429,2021-08-09,121,6602,6723
429,2021-08-10,147,6648,6795
429,2021-08-11,121,6463,6584
429,2021-08-12,160,6353,6513
429,2021-08-13,162,6457,6619
429,2021-08-14,70,5074,5144
429,2021-08-15,34,2595,2629
429,2021-08-16,112,6041,6153
429,2021-08-17,140,6231,6371
429,2021-08-18,108,6213,6321
429,2021-08-19,157,6139,6296
429,2021-08-20,124,6499,6623
429,2021-08-21,66,5690,5756
429,2021-08-22,11,2695,2706
429,2021-08-23,161,6413,6574
429,2021-08-24,208,7016,7224
429,2021-08-25,203,6577,6780
429,2021-08-26,196,7349,7545
429,2021-08-27,188,7659,7847
429,2021-08-28,63,6383,6446
429,2021-08-29,19,4293,4312
429,2021-08-30,195,7727,7922
429,2021-08-31,222,7841,8063
429,2021-09-01,277,7916,8193
429,2021-09-02,288,8397,8685
429,2021-09-03,286,8517,8803
429,2021-09-04,103,6605,6708
429,2021-09-05,38,3366,3404
429,2021-09-06,345,7769,8114
429,2021-09-07,335,8343,8678
429,2021-09-08,242,7020,7262
429,2021-09-09,334,7378,7712
429,2021-09-10,278,8811,9089
429,2021-09-11,73,6396,6469
429,2021-09-12,24,3378,3402
429,2021-09-13,284,8554,8838
429,2021-09-14,333,9186,9519
429,2021-09-15,288,9061,9349
429,2021-09-16,379,11211,11590
429,2021-09-17,277,10346,10623
429,2021-09-18,229,9964,10193
429,2021-09-19,52,4871,4923
429,2021-09-20,266,8501,8767
429,2021-09-21,282,9007,9289
429,2021-09-22,276,8779,9055
429,2021-09-23,320,9347,9667
429,2021-09-24,295,11046,11341
429,2021-09-25,240,10491,10731
429,2021-09-26,71,4980,5051
429,2021-09-27,220,8737,8957
429,2021-09-28,322,8953,9275
429,2021-09-29,334,9720,10054
429,2021-09-30,286,9345,9631
429,2021-10-01,273,9776,10049
429,2021-10-02,71,8606,8677
429,2021-10-03,23,3407,3430
429,2021-10-04,239,8566,8805
429,2021-10-05,300,9426,9726
429,2021-10-06,261,9173,9434
429,2021-10-07,274,9225,9499
429,2021-10-08,293,9513,9806
429,2021-10-09,73,8193,8266
429,2021-10-10,23,3871,3894
429,2021-10-11,308,8796,9104
429,2021-10-12,362,10282,10644
429,2021-10-13,297,8904,9201
429,2021-10-14,318,9583,9901
429,2021-10-15,320,9812,10132
429,2021-10-16,95,8431,8526
429,2021-10-17,47,3791,3838
429,2021-10-18,230,8386,8616
429,2021-10-19,282,9326,9608
429,2021-10-20,285,8790,9075
429,2021-10-21,305,9760,10065
429,2021-10-22,280,9820,10100
429,2021-10-23,67,8365,8432
429,2021-10-24,37,4803,4840
429,2021-10-25,219,8618,8837
429,2021-10-26,279,9349,9628
429,2021-10-27,316,9157,9473
429,2021-10-28,322,9314,9636
429,2021-10-29,258,9814,10072
429,2021-10-30,56,7846,7902
429,2021-11-01,28,4254,4282
429,2021-11-02,198,8807,9005
429,2021-11-03,227,9573,9800
429,2021-11-04,257,9282,9539
429,2021-11-05,209,9771,9980
429,2021-11-06,108,7362,7470
429,2021-11-07,14,3214,3228
429,2021-11-08,202,8376,8578
429,2021-11-09,289,9111,9400
429,2021-11-10,315,8838,9153
429,2021-11-11,240,9794,10034
429,2021-11-12,311,9789,10100
429,2021-11-13,79,8259,8338
429,2021-11-14,33,4061,4094
429,2021-11-15,299,8671,8970
429,2021-11-16,288,9010,9298
429,2021-11-17,244,8904,9148
429,2021-11-18,261,9439,9700
429,2021-11-19,313,9458,9771
429,2021-11-20,84,8333,8417
429,2021-11-21,14,3374,3388
429,2021-11-22,241,8509,8750
429,2021-11-23,308,9782,10090
429,2021-11-24,269,8918,9187
429,2021-11-25,283,9765,10048
429,2021-11-26,279,10592,10871
429,2021-11-27,78,8249,8327
429,2021-11-28,28,5051,5079
429,2021-11-29,252,8491,8743
429,2021-11-30,213,8349,8562
429,2021-12-01,200,8654,8854
429,2021-12-02,245,9286,9531
429,2021-12-03,263,9839,10102
429,2021-12-04,79,8036,8115
429,2021-12-05,19,4786,4805
429,2021-12-06,239,8721,8960
429,2021-12-07,266,9009,9275
429,2021-12-08,260,8887,9147
429,2021-12-09,282,9159,9441
429,2021-12-10,262,9059,9321
429,2021-12-11,72,8459,8531
429,2021-12-12,15,4833,4848
429,2021-12-13,248,8934,9182
429,2021-12-14,269,9278,9547
429,2021-12-15,252,9376,9628
429,2021-12-16,301,10585,10886
429,2021-12-17,240,10076,10316
429,2021-12-18,53,8070,8123
429,2021-12-19,21,4957,4978
429,2021-12-20,116,8688,8804
429,2021-12-21,147,8854,9001
429,2021-12-22,155,9054,9209
429,2021-12-23,120,9173,9293
429,2021-12-24,66,6598,6664
429,2021-12-25,6,1931,1937
429,2021-12-26,10,2169,2179
429,2021-12-27,74,6351,6425
429,2021-12-28,100,6787,6887
429,2021-12-29,84,6898,6982
429,2021-12-30,59,7007,7066
429,2021-12-31,62,5953,6015
430,2021-01-01,8,1666,1674
430,2021-01-02,36,4225,4261
430,2021-01-03,11,2123,2134
430,2021-01-04,78,6001,6079
430,2021-01-05,112,6194,6306
430,2021-01-06,105,6290,6395
430,2021-01-07,137,6319,6456
430,2021-01-08,146,6991,7137
430,2021-01-09,34,5319,5353
430,2021-01-10,11,2284,2295
430,2021-01-11,218,10035,10253
430,2021-01-12,258,10017,10275
430,2021-01-13,224,9852,10076
430,2021-01-14,196,8949,9145
430,2021-01-15,172,9793,9965
430,2021-01-16,51,8464,8515
430,2021-01-17,12,2195,2207
430,2021-01-18,181,9574,9755
430,2021-01-19,202,9913,10115
430,2021-01-20,233,10294,10527
430,2021-01-21,244,10561,10805
430,2021-01-22,204,11192,11396
430,2021-01-23,37,9873,9910
430,2021-01-24,15,2592,2607
430,2021-01-25,200,9963,10163
430,2021-01-26,287,10314,10601
430,2021-01-27,169,9587,9756
430,2021-01-28,210,10576,10786
430,2021-01-29,223,11524,11747
430,2021-01-30,49,9557,9606
430,2021-01-31,6,2504,2510
430,2021-02-01,229,10159,10388
430,2021-02-02,224,10494,10718
430,2021-02-03,246,10368,10614
430,2021-02-04,246,10494,10740
430,2021-02-05,231,11103,11334
430,2021-02-06,54,9207,9261
430,2021-02-07,14,2695,2709
430,2021-02-08,240,9117,9357
430,2021-02-09,243,9222,9465
430,2021-02-10,232,9480,9712
430,2021-02-11,252,9906,10158
430,2021-02-12,254,10901,11155
430,2021-02-13,49,9287,9336
430,2021-02-14,8,2776,2784
430,2021-02-15,242,9014,9256
430,2021-02-16,241,9525,9766
430,2021-02-17,239,9470,9709
430,2021-02-18,226,9356,9582
430,2021-02-19,236,10129,10365
430,2021-02-20,49,8308,8357
430,2021-02-21,16,3039,3055
430,2021-02-22,272,9853,10125
430,2021-02-23,279,10326,10605
430,2021-02-24,302,10212,10514
430,2021-02-25,275,10605,10880
430,2021-02-26,297,11725,12022
430,2021-02-27,60,9615,9675
430,2021-02-28,15,3046,3061
430,2021-03-01,219,8076,8295
430,2021-03-02,214,8358,8572
430,2021-03-03,189,7805,7994
430,2021-03-04,172,8224,8396
430,2021-03-05,192,8481,8673
430,2021-03-06,45,7565,7610
430,2021-03-07,6,2325,2331
430,2021-03-08,185,7859,8044
430,2021-03-09,197,7867,8064
430,2021-03-10,153,7869,8022
430,2021-03-11,180,8304,8484
430,2021-03-12,201,9324,9525
430,2021-03-13,77,8078,8155
430,2021-03-14,22,2225,2247
430,2021-03-15,196,7916,8112
430,2021-03-16,165,7582,7747
430,2021-03-17,165,7474,7639
430,2021-03-18,182,7902,8084
430,2021-03-19,166,8492,8658
430,2021-03-20,49,7243,7292
430,2021-03-21,9,2243,2252
430,2021-03-22,163,7349,7512
430,2021-03-23,181,7624,7805
430,2021-03-24,207,7631,7838
430,2021-03-25,186,7858,8044
430,2021-03-26,194,8953,9147
430,2021-03-27,108,7734,7842
430,2021-03-29,277,8774,9051
430,2021-03-30,293,9257,9550
430,2021-03-31,305,9263,9568
430,2021-04-01,320,9887,10207
430,2021-04-02,298,10995,11293
430,2021-04-03,112,8415,8527
430,2021-04-04,79,2619,2698
430,2021-04-05,88,2075,2163
430,2021-04-06,304,8996,9300
430,2021-04-07,311,8625,8936
430,2021-04-08,303,9002,9305
430,2021-04-09,310,9383,9693
430,2021-04-10,164,7863,8027
430,2021-04-11,81,2140,2221
430,2021-04-12,298,8576,8874
430,2021-04-13,310,8597,8907
430,2021-04-14,331,8588,8919
430,2021-04-15,309,9206,9515
430,2021-04-16,330,9529,9859
430,2021-04-17,168,7615,7783
430,2021-04-18,85,2649,2734
430,2021-04-19,295,8794,9089
430,2021-04-20,328,9306,9634
430,2021-04-21,291,9162,9453
430,2021-04-22,320,9466,9786
430,2021-04-23,316,10362,10678
430,2021-04-24,164,8593,8757
430,2021-04-25,81,3180,3261
430,2021-04-26,339,9289,9628
430,2021-04-27,342,9598,9940
430,2021-04-28,327,9469,9796
430,2021-04-29,355,10059,10414
430,2021-04-30,285,11017,11302
430,2021-05-01,19,2546,2565
430,2021-05-02,7,2512,2519
430,2021-05-03,194,8776,8970
430,2021-05-04,197,8837,9034
430,2021-05-05,190,8562,8752
430,2021-05-06,173,8809,8982
430,2021-05-07,198,9557,9755
430,2021-05-08,58,7887,7945
430,2021-05-09,11,2727,2738
430,2021-05-10,196,8123,8319
430,2021-05-11,176,8637,8813
430,2021-05-12,207,9178,9385
430,2021-05-13,10,2243,2253
430,2021-05-14,141,9428,9569
430,2021-05-15,36,7573,7609
430,2021-05-16,21,2425,2446
430,2021-05-17,166,8757,8923
430,2021-05-18,170,9013,9183
430,2021-05-19,181,8745,8926
430,2021-05-20,178,9406,9584
430,2021-05-21,157,9917,10074
430,2021-05-22,73,8840,8913
430,2021-05-23,6,2324,2330
430,2021-05-24,20,2040,2060
430,2021-05-25,206,9368,9574
430,2021-05-26,170,8330,8500
430,2021-05-27,191,8244,8435
430,2021-05-28,198,8434,8632
430,2021-05-29,56,6537,6593
430,2021-05-30,12,2549,2561
430,2021-05-31,194,8083,8277
430,2021-06-01,228,8434,8662
430,2021-06-02,265,8395,8660
430,2021-06-03,213,8560,8773
430,2021-06-04,227,9424,9651
430,2021-06-05,39,7535,7574
430,2021-06-06,6,2433,2439
430,2021-06-07,180,8122,8302
430,2021-06-08,202,8415,8617
430,2021-06-09,179,8491,8670
430,2021-06-10,221,8778,8999
430,2021-06-11,194,9255,9449
430,2021-06-12,63,7586,7649
430,2021-06-13,42,3035,3077
430,2021-06-17,171,8706,8877
430,2021-06-18,145,9094,9239
430,2021-06-19,47,6896,6943
430,2021-06-20,19,2418,2437
430,2021-06-21,159,8225,8384
430,2021-06-22,178,8522,8700
430,2021-06-23,12,2235,2247
430,2021-06-24,183,8577,8760
430,2021-06-25,200,8919,9119
430,2021-06-26,61,7298,7359
430,2021-06-27,7,3646,3653
430,2021-06-28,162,8255,8417
430,2021-06-29,175,8407,8582
430,2021-06-30,185,8710,8895
430,2021-07-01,188,8700,8888
430,2021-07-02,159,9218,9377
430,2021-07-03,39,7084,7123
430,2021-07-04,42,2515,2557
430,2021-07-05,153,7909,8062
430,2021-07-06,164,8046,8210
430,2021-07-07,171,7917,8088
430,2021-07-08,171,8588,8759
430,2021-07-09,159,8910,9069
430,2021-07-10,47,7023,7070
430,2021-07-11,7,2706,2713
430,2021-07-12,244,8539,8783
430,2021-07-13,248,8488,8736
430,2021-07-14,267,8613,8880
430,2021-07-15,276,8424,8700
430,2021-07-16,263,8702,8965
430,2021-07-17,112,6595,6707
430,2021-07-18,84,2741,2825
430,2021-07-19,265,7616,7881
430,2021-07-20,274,7648,7922
430,2021-07-21,279,8018,8297
430,2021-07-22,286,7794,8080
430,2021-07-23,283,8135,8418
430,2021-07-24,117,6111,6228
430,2021-07-25,114,2435,2549
430,2021-07-26,242,7580,7822
430,2021-07-27,273,7694,7967
430,2021-07-28,237,7687,7924
430,2021-07-29,148,6871,7019
430,2021-07-30,83,6824,6907
430,2021-07-31,31,5196,5227
430,2021-09-01,144,6816,6960
430,2021-09-02,155,7023,7178
430,2021-09-03,179,7131,7310
430,2021-09-04,53,5548,5601
430,2021-09-05,17,2438,2455
430,2021-09-06,150,6863,7013
430,2021-09-07,151,6803,6954
430,2021-09-08,170,7039,7209
430,2021-09-09,148,7188,7336
430,2021-09-10,165,7694,7859
430,2021-09-11,45,6035,6080
430,2021-09-12,11,2984,2995
430,2021-09-13,155,7297,7452
430,2021-09-14,182,7806,7988
430,2021-09-15,157,7998,8155
430,2021-09-16,176,7975,8151
430,2021-09-17,172,8066,8238
430,2021-09-18,58,7453,7511
430,2021-09-19,9,2835,2844
430,2021-09-20,159,7574,7733
430,2021-09-21,205,7779,7984
430,2021-09-22,190,7569,7759
430,2021-09-23,189,8312,8501
430,2021-09-24,159,8522,8681
430,2021-09-25,77,7865,7942
430,2021-09-26,6,2723,2729
430,2021-09-27,135,7705,7840
430,2021-09-28,170,7954,8124
430,2021-09-29,154,7977,8131
430,2021-09-30,170,8340,8510
430,2021-10-01,173,8352,8525
430,2021-10-02,48,7447,7495
430,2021-10-03,6,2288,2294
430,2021-10-04,153,8011,8164
430,2021-10-05,167,8065,8232
430,2021-10-06,172,8624,8796
430,2021-10-07,183,8653,8836
430,2021-10-08,162,8799,8961
430,2021-10-09,153,236,389
430,2021-10-10,84,315,399
430,2021-10-11,207,7974,8181
430,2021-10-12,152,8264,8416
430,2021-10-13,191,8139,8330
430,2021-10-14,170,8661,8831
430,2021-10-15,170,8806,8976
430,2021-10-16,47,6934,6981
430,2021-10-17,9,2396,2405
430,2021-10-18,184,7747,7931
430,2021-10-19,217,8539,8756
430,2021-10-20,189,8080,8269
430,2021-10-21,258,8494,8752
430,2021-10-22,271,9020,9291
430,2021-10-23,32,7031,7063
430,2021-10-24,7,4124,4131
430,2021-10-25,180,7804,7984
430,2021-10-26,148,8315,8463
430,2021-10-27,154,7835,7989
430,2021-10-28,168,8170,8338
430,2021-10-29,172,8088,8260
430,2021-10-30,26,3339,3365
430,2021-11-01,0,1168,1168
430,2021-11-02,245,8187,8432
430,2021-11-03,291,8643,8934
430,2021-11-04,257,8184,8441
430,2021-11-05,273,8463,8736
430,2021-11-06,130,6748,6878
430,2021-11-07,82,2313,2395
430,2021-11-08,274,8648,8922
430,2021-11-09,279,9670,9949
430,2021-11-10,309,9235,9544
430,2021-11-11,291,9918,10209
430,2021-11-12,297,10053,10350
430,2021-11-13,118,7685,7803
430,2021-11-14,9,2135,2144
430,2021-11-15,191,8160,8351
430,2021-11-16,172,8777,8949
430,2021-11-17,147,8626,8773
430,2021-11-18,210,9543,9753
430,2021-11-19,199,9667,9866
430,2021-11-20,46,7537,7583
430,2021-11-21,14,2670,2684
430,2021-11-22,212,8364,8576
430,2021-11-23,190,8917,9107
430,2021-11-24,198,8876,9074
430,2021-11-25,195,9420,9615
430,2021-11-26,241,10843,11084
430,2021-11-27,59,7756,7815
430,2021-11-28,9,3814,3823
430,2021-11-29,177,8166,8343
430,2021-11-30,149,8515,8664
430,2021-12-01,141,8317,8458
430,2021-12-02,173,8438,8611
430,2021-12-03,161,8712,8873
430,2021-12-04,36,6987,7023
430,2021-12-05,3,3678,3681
430,2021-12-06,384,10663,11047
430,2021-12-07,142,8091,8233
430,2021-12-08,146,8168,8314
430,2021-12-09,169,8318,8487
430,2021-12-10,162,8348,8510
430,2021-12-11,30,6790,6820
430,2021-12-12,10,3762,3772
430,2021-12-13,151,7987,8138
430,2021-12-14,174,8390,8564
430,2021-12-15,180,8319,8499
430,2021-12-16,161,8643,8804
430,2021-12-17,135,8940,9075
430,2021-12-18,25,6853,6878
430,2021-12-19,12,3835,3847
430,2021-12-20,71,7645,7716
430,2021-12-21,78,7682,7760
430,2021-12-22,70,7860,7930
430,2021-12-23,64,7765,7829
430,2021-12-24,42,5757,5799
430,2021-12-25,10,1477,1487
430,2021-12-26,10,1479,1489
430,2021-12-27,45,5584,5629
430,2021-12-28,51,5758,5809
430,2021-12-29,47,5891,5938
430,2021-12-30,50,6034,6084
430,2021-12-31,36,4992,5028
431,2021-01-20,550,9535,10085
431,2021-01-21,484,9058,9542
431,2021-01-22,462,8836,9298
431,2021-01-23,213,6815,7028
431,2021-01-24,177,4183,4360
431,2021-01-25,505,8470,8975
431,2021-01-26,577,9368,9945
431,2021-01-27,491,8254,8745
431,2021-01-28,375,7552,7927
431,2021-01-29,436,8631,9067
431,2021-01-30,173,4751,4924
431,2021-01-31,150,3248,3398
431,2021-02-01,460,7792,8252
431,2021-02-03,392,7031,7423
431,2021-02-04,536,9313,9849
431,2021-02-05,498,9221,9719
431,2021-02-06,198,5957,6155
431,2021-02-07,140,3658,3798
431,2021-02-08,514,7778,8292
431,2021-02-09,529,8910,9439
431,2021-02-10,546,9921,10467
431,2021-02-11,511,9974,10485
431,2021-02-12,523,10369,10892
431,2021-02-13,250,7649,7899
431,2021-02-14,166,4371,4537
431,2021-02-15,507,8383,8890
431,2021-02-16,503,8632,9135
431,2021-02-17,490,7967,8457
431,2021-02-18,485,8052,8537
431,2021-02-19,481,8797,9278
431,2021-02-20,246,7011,7257
431,2021-02-21,157,4262,4419
431,2021-02-22,540,9380,9920
431,2021-02-23,507,9679,10186
431,2021-02-24,544,9735,10279
431,2021-02-25,542,10211,10753
431,2021-02-26,496,9719,10215
431,2021-02-27,234,7767,8001
431,2021-02-28,157,4615,4772
431,2021-03-01,532,9758,10290
431,2021-03-02,547,10113,10660
431,2021-03-03,528,10272,10800
431,2021-03-04,555,10140,10695
431,2021-03-05,555,11257,11812
431,2021-03-06,229,8089,8318
431,2021-03-07,168,4586,4754
431,2021-03-08,523,9748,10271
431,2021-03-09,567,10375,10942
431,2021-03-10,635,9391,10026
431,2021-03-11,486,8923,9409
431,2021-03-12,507,9761,10268
431,2021-03-13,222,6537,6759
431,2021-03-14,144,3583,3727
431,2021-03-15,551,9277,9828
431,2021-03-16,546,9696,10242
431,2021-03-17,583,10081,10664
431,2021-03-18,548,10448,10996
431,2021-03-19,581,11015,11596
431,2021-03-20,248,7910,8158
431,2021-03-21,155,4946,5101
431,2021-03-22,562,10153,10715
431,2021-03-23,552,10115,10667
431,2021-03-24,543,10169,10712
431,2021-03-25,544,10847,11391
431,2021-03-26,574,10952,11526
431,2021-03-27,269,8143,8412
431,2021-03-29,556,9707,10263
431,2021-03-30,555,10099,10654
431,2021-03-31,553,10121,10674
431,2021-04-01,539,10340,10879
431,2021-04-02,566,11125,11691
431,2021-04-03,292,7878,8170
431,2021-04-04,155,4216,4371
431,2021-04-05,153,3243,3396
431,2021-04-06,559,9521,10080
431,2021-04-07,550,9697,10247
431,2021-04-08,529,9941,10470
431,2021-04-09,513,9788,10301
431,2021-04-10,181,4914,5095
431,2021-04-11,114,2657,2771
431,2021-04-12,502,9315,9817
431,2021-04-13,539,9553,10092
431,2021-04-14,500,8409,8909
431,2021-04-15,502,10044,10546
431,2021-04-22,694,11986,12680
431,2021-04-23,691,12281,12972
431,2021-04-24,291,10931,11222
431,2021-04-25,167,6275,6442
431,2021-04-26,631,11308,11939
431,2021-04-27,747,11839,12586
431,2021-04-28,744,11707,12451
431,2021-04-29,706,12350,13056
431,2021-04-30,750,12403,13153
431,2021-05-01,251,6128,6379
431,2021-05-02,208,5485,5693
431,2021-05-03,813,11282,12095
431,2021-05-04,697,11517,12214
431,2021-05-05,683,11380,12063
431,2021-05-06,661,12058,12719
431,2021-05-07,639,12559,13198
431,2021-05-08,290,9635,9925
431,2021-05-09,189,5799,5988
431,2021-05-10,671,11083,11754
431,2021-05-11,685,11557,12242
431,2021-05-12,728,12467,13195
431,2021-05-13,202,5269,5471
431,2021-05-14,618,11047,11665
431,2021-05-15,299,8774,9073
431,2021-05-16,221,5266,5487
431,2021-05-17,691,11247,11938
431,2021-05-18,712,12089,12801
431,2021-05-19,735,12239,12974
431,2021-05-20,989,12349,13338
431,2021-05-21,717,12657,13374
431,2021-05-22,318,9344,9662
431,2021-05-23,200,4960,5160
431,2021-05-24,192,4046,4238
431,2021-05-25,706,10185,10891
431,2021-05-26,566,10450,11016
431,2021-05-27,655,10464,11119
431,2021-05-28,757,11130,11887
431,2021-05-29,322,8806,9128
431,2021-05-30,209,6605,6814
431,2021-05-31,680,11589,12269
431,2021-06-01,731,12526,13257
431,2021-06-02,691,12337,13028
431,2021-06-03,716,12853,13569
431,2021-06-04,649,11882,12531
431,2021-06-05,348,10177,10525
431,2021-06-06,206,6067,6273
431,2021-06-07,756,11632,12388
431,2021-06-08,697,12355,13052
431,2021-06-09,658,12619,13277
431,2021-06-10,651,12533,13184
431,2021-06-11,712,13106,13818
431,2021-06-12,384,10441,10825
431,2021-06-13,229,6916,7145
431,2021-06-14,685,11509,12194
431,2021-06-15,804,12334,13138
431,2021-06-16,686,12616,13302
431,2021-06-17,690,12803,13493
431,2021-06-18,739,13136,13875
431,2021-06-19,336,9441,9777
431,2021-06-20,225,5764,5989
431,2021-06-21,744,11420,12164
431,2021-06-22,717,12934,13651
431,2021-06-23,228,6044,6272
431,2021-06-24,686,11888,12574
431,2021-06-25,694,12770,13464
431,2021-06-26,345,9482,9827
431,2021-06-27,216,6165,6381
431,2021-06-28,677,11359,12036
431,2021-06-29,699,12115,12814
431,2021-06-30,672,12341,13013
431,2021-07-13,546,11660,12206
431,2021-07-14,552,10879,11431
431,2021-07-15,533,12057,12590
431,2021-07-16,599,11557,12156
431,2021-07-17,334,8110,8444
431,2021-07-18,213,6217,6430
431,2021-07-19,645,10412,11057
431,2021-07-20,640,10753,11393
431,2021-07-21,611,10857,11468
431,2021-07-22,614,10914,11528
431,2021-07-23,574,11222,11796
431,2021-07-24,314,7493,7807
431,2021-07-25,222,4910,5132
431,2021-07-26,601,9837,10438
431,2021-07-27,631,10015,10646
431,2021-07-28,642,10357,10999
431,2021-07-29,621,10457,11078
431,2021-07-30,528,10177,10705
431,2021-07-31,361,7472,7833
431,2021-08-01,221,5216,5437
431,2021-08-02,546,8547,9093
431,2021-08-03,519,8933,9452
431,2021-08-04,570,9084,9654
431,2021-08-05,565,8977,9542
431,2021-08-06,504,9139,9643
431,2021-08-07,343,6499,6842
431,2021-08-08,209,4220,4429
431,2021-08-09,502,7914,8416
431,2021-08-10,556,8364,8920
431,2021-08-11,520,8453,8973
431,2021-08-12,568,8721,9289
431,2021-08-13,501,8743,9244
431,2021-08-14,336,6218,6554
431,2021-08-15,211,4421,4632
431,2021-08-16,526,7379,7905
431,2021-08-17,566,7745,8311
431,2021-08-18,537,8167,8704
431,2021-08-19,535,8226,8761
431,2021-08-20,555,8472,9027
431,2021-08-21,302,6556,6858
431,2021-08-22,220,4429,4649
431,2021-08-23,526,8344,8870
431,2021-08-24,571,9315,9886
431,2021-08-25,586,9599,10185
431,2021-08-26,562,9630,10192
431,2021-08-27,592,10163,10755
431,2021-08-28,317,7477,7794
431,2021-08-29,203,5712,5915
431,2021-08-30,584,9966,10550
431,2021-08-31,627,10418,11045
431,2021-09-01,627,10828,11455
431,2021-09-02,658,10845,11503
431,2021-09-03,723,11202,11925
431,2021-09-04,357,9188,9545
431,2021-09-05,223,6511,6734
431,2021-09-06,602,9828,10430
431,2021-09-07,697,10296,10993
431,2021-09-08,619,10097,10716
431,2021-09-09,589,10295,10884
431,2021-09-10,573,10415,10988
431,2021-09-11,348,9062,9410
431,2021-09-12,236,6347,6583
431,2021-09-13,630,11059,11689
431,2021-09-14,611,11302,11913
431,2021-09-15,584,11393,11977
431,2021-09-16,579,13061,13640
431,2021-09-17,691,12581,13272
431,2021-09-18,373,10637,11010
431,2021-09-19,220,6525,6745
431,2021-09-20,664,11628,12292
431,2021-09-21,705,12228,12933
431,2021-09-22,678,12067,12745
431,2021-09-23,594,11340,11934
431,2021-09-24,622,11590,12212
431,2021-09-25,378,10940,11318
431,2021-09-26,223,5892,6115
431,2021-09-27,654,11769,12423
431,2021-09-28,665,12404,13069
431,2021-09-29,643,12252,12895
431,2021-09-30,753,12725,13478
431,2021-10-01,718,12651,13369
431,2021-10-02,329,9613,9942
431,2021-10-03,209,5645,5854
431,2021-10-04,637,11592,12229
431,2021-10-05,639,11937,12576
431,2021-10-06,597,12230,12827
431,2021-10-07,654,12748,13402
431,2021-10-08,608,12976,13584
431,2021-10-09,325,9937,10262
431,2021-10-10,208,6440,6648
431,2021-10-11,743,11652,12395
431,2021-10-12,544,11250,11794
431,2021-10-13,657,12462,13119
431,2021-10-14,626,12701,13327
431,2021-10-15,641,12979,13620
431,2021-10-16,316,9786,10102
431,2021-10-17,211,6064,6275
431,2021-10-18,684,11620,12304
431,2021-10-19,688,12310,12998
431,2021-10-20,692,12488,13180
431,2021-10-21,727,11996,12723
431,2021-10-22,699,11971,12670
431,2021-10-23,370,9908,10278
431,2021-10-24,234,7880,8114
431,2021-10-25,668,11490,12158
431,2021-10-26,638,12413,13051
431,2021-10-27,664,12327,12991
431,2021-10-28,593,12793,13386
431,2021-10-29,633,12652,13285
431,2021-10-30,296,8553,8849
431,2021-11-01,228,5763,5991
431,2021-11-02,620,10165,10785
431,2021-11-03,503,10705,11208
431,2021-11-04,602,10964,11566
431,2021-11-05,609,11289,11898
431,2021-11-06,342,8717,9059
431,2021-11-07,207,5320,5527
431,2021-11-08,669,11783,12452
431,2021-11-09,693,12367,13060
431,2021-11-10,663,12420,13083
431,2021-11-11,672,12688,13360
431,2021-11-12,660,13031,13691
431,2021-11-13,304,9890,10194
431,2021-11-14,214,6436,6650
431,2021-11-15,654,11802,12456
431,2021-11-16,695,12555,13250
431,2021-11-17,622,12251,12873
431,2021-11-18,674,13171,13845
431,2021-11-19,639,12971,13610
431,2021-11-20,312,10190,10502
431,2021-11-21,197,5826,6023
431,2021-11-22,658,11545,12203
431,2021-11-23,667,12556,13223
431,2021-11-24,652,12361,13013
431,2021-11-25,671,12971,13642
431,2021-11-26,596,12782,13378
431,2021-11-27,281,10137,10418
431,2021-11-28,191,6523,6714
431,2021-11-29,632,11305,11937
431,2021-11-30,547,12067,12614
431,2021-12-01,566,11855,12421
431,2021-12-02,582,12081,12663
431,2021-12-03,655,12501,13156
431,2021-12-04,290,9609,9899
431,2021-12-05,192,6172,6364
431,2021-12-06,662,10932,11594
431,2021-12-07,558,12019,12577
431,2021-12-08,611,11935,12546
431,2021-12-09,563,11967,12530
431,2021-12-10,579,12614,13193
431,2021-12-11,293,9836,10129
431,2021-12-12,244,6220,6464
431,2021-12-13,692,11520,12212
431,2021-12-14,697,12346,13043
431,2021-12-15,709,12533,13242
431,2021-12-16,717,13124,13841
431,2021-12-17,712,13007,13719
431,2021-12-18,395,8791,9186
431,2021-12-19,218,5845,6063
431,2021-12-20,616,9939,10555
431,2021-12-21,725,10494,11219
431,2021-12-22,632,10247,10879
431,2021-12-23,644,9931,10575
431,2021-12-24,487,7209,7696
431,2021-12-25,185,3004,3189
431,2021-12-26,216,3378,3594
431,2021-12-27,531,6997,7528
431,2021-12-28,642,7145,7787
431,2021-12-29,537,7542,8079
431,2021-12-30,539,7751,8290
431,2021-12-31,541,7108,7649
432,2021-06-10,425,7255,7680
432,2021-06-11,462,7631,8093
432,2021-06-12,267,7265,7532
432,2021-06-13,105,4099,4204
432,2021-06-14,428,6771,7199
432,2021-06-15,423,7018,7441
432,2021-06-16,421,6921,7342
432,2021-06-17,401,7121,7522
432,2021-06-18,405,7360,7765
432,2021-06-19,286,5948,6234
432,2021-06-20,101,3522,3623
432,2021-06-21,407,6816,7223
432,2021-06-22,415,7256,7671
432,2021-06-23,115,3196,3311
432,2021-06-24,426,6940,7366
432,2021-06-25,456,7087,7543
432,2021-06-26,257,5736,5993
432,2021-06-27,101,3517,3618
432,2021-06-28,417,6796,7213
432,2021-06-29,411,6969,7380
432,2021-06-30,415,7065,7480
432,2021-07-01,467,7335,7802
432,2021-07-02,452,8177,8629
432,2021-07-03,432,10520,10952
432,2021-07-04,135,4797,4932
432,2021-07-05,394,6676,7070
432,2021-07-06,378,6995,7373
432,2021-07-07,396,6987,7383
432,2021-07-08,382,5842,6224
432,2021-07-09,394,7377,7771
432,2021-07-10,282,7478,7760
432,2021-07-11,126,4425,4551
432,2021-07-12,394,6908,7302
432,2021-07-13,353,6849,7202
432,2021-07-14,390,7744,8134
432,2021-07-15,356,7024,7380
432,2021-07-16,394,6814,7208
432,2021-07-17,258,5041,5299
432,2021-07-18,101,3418,3519
432,2021-07-19,354,6067,6421
432,2021-07-20,353,6433,6786
432,2021-07-21,382,6475,6857
432,2021-07-22,366,6327,6693
432,2021-07-23,368,6494,6862
432,2021-07-24,252,4656,4908
432,2021-07-25,105,2838,2943
432,2021-07-26,364,6630,6994
432,2021-07-27,359,5811,6170
432,2021-07-28,436,6143,6579
432,2021-07-29,343,6319,6662
432,2021-07-30,348,6234,6582
432,2021-07-31,228,4506,4734
432,2021-08-01,116,3019,3135
432,2021-08-02,315,5354,5669
432,2021-08-03,306,5490,5796
432,2021-08-04,313,5502,5815
432,2021-08-05,302,5496,5798
432,2021-08-06,327,5518,5845
432,2021-08-07,212,4604,4816
432,2021-08-08,105,2790,2895
432,2021-08-09,304,5156,5460
432,2021-08-10,294,5240,5534
432,2021-08-11,313,5460,5773
432,2021-08-12,308,5462,5770
432,2021-08-13,317,5484,5801
432,2021-08-14,226,4042,4268
432,2021-08-15,105,2782,2887
432,2021-08-16,297,5009,5306
432,2021-08-17,319,5183,5502
432,2021-08-18,324,5139,5463
432,2021-08-19,314,5096,5410
432,2021-08-20,324,5344,5668
432,2021-08-21,228,4060,4288
432,2021-08-22,108,2730,2838
432,2021-08-23,377,5173,5550
432,2021-08-24,346,5487,5833
432,2021-08-25,350,5463,5813
432,2021-08-26,352,5476,5828
432,2021-08-27,363,5705,6068
432,2021-08-28,234,4447,4681
432,2021-08-29,112,3128,3240
432,2021-08-30,380,5806,6186
432,2021-08-31,385,6070,6455
432,2021-09-01,394,6088,6482
432,2021-09-02,404,6096,6500
432,2021-09-03,416,6379,6795
432,2021-09-04,251,5017,5268
432,2021-09-05,122,3593,3715
432,2021-09-06,377,6174,6551
432,2021-09-07,397,6384,6781
432,2021-09-08,383,6407,6790
432,2021-09-09,407,6524,6931
432,2021-09-10,384,6776,7160
432,2021-09-11,265,5212,5477
432,2021-09-12,118,3666,3784
432,2021-09-13,351,6699,7050
432,2021-09-14,404,7018,7422
432,2021-09-15,408,6990,7398
432,2021-09-16,422,7186,7608
432,2021-09-17,437,7262,7699
432,2021-09-18,285,6001,6286
432,2021-09-19,118,3808,3926
432,2021-09-20,384,6783,7167
432,2021-09-21,458,6939,7397
432,2021-09-22,405,7011,7416
432,2021-09-23,418,7232,7650
432,2021-09-24,434,7160,7594
432,2021-09-25,255,5985,6240
432,2021-09-26,117,3598,3715
432,2021-09-27,393,6682,7075
432,2021-09-28,413,7096,7509
432,2021-09-29,462,7005,7467
432,2021-09-30,406,7289,7695
432,2021-10-01,382,7329,7711
432,2021-10-02,253,6081,6334
432,2021-10-03,106,3645,3751
432,2021-10-04,385,6696,7081
432,2021-10-05,379,6880,7259
432,2021-10-06,433,6999,7432
432,2021-10-07,430,7300,7730
432,2021-10-08,439,6983,7422
432,2021-10-09,270,6021,6291
432,2021-10-10,111,3942,4053
432,2021-10-11,378,6737,7115
432,2021-10-12,810,11092,11902
432,2021-10-13,417,6897,7314
432,2021-10-14,454,7301,7755
432,2021-10-15,437,7294,7731
432,2021-10-16,253,6022,6275
432,2021-10-17,105,3843,3948
432,2021-10-18,402,6628,7030
432,2021-10-19,363,6582,6945
432,2021-10-20,387,6704,7091
432,2021-10-21,390,6845,7235
432,2021-10-22,421,7253,7674
432,2021-10-23,263,5924,6187
432,2021-10-24,115,3860,3975
432,2021-10-25,372,6660,7032
432,2021-10-26,402,7172,7574
432,2021-10-27,410,7138,7548
432,2021-10-28,392,7092,7484
432,2021-10-29,411,7297,7708
432,2021-10-30,212,5550,5762
432,2021-11-01,101,3234,3335
432,2021-11-02,347,6489,6836
432,2021-11-03,353,6262,6615
432,2021-11-04,363,6324,6687
432,2021-11-05,399,7308,7707
432,2021-11-06,258,5112,5370
432,2021-11-07,109,3161,3270
432,2021-11-08,408,6588,6996
432,2021-11-09,408,6732,7140
432,2021-11-10,433,6853,7286
432,2021-11-11,409,7325,7734
432,2021-11-12,412,7231,7643
432,2021-11-13,226,5760,5986
432,2021-11-14,111,3630,3741
432,2021-11-15,417,6465,6882
432,2021-11-16,433,6706,7139
432,2021-11-17,421,6930,7351
432,2021-11-18,408,7049,7457
432,2021-11-19,403,7289,7692
432,2021-11-20,267,5961,6228
432,2021-11-21,106,3507,3613
432,2021-11-22,408,6663,7071
432,2021-11-23,402,7001,7403
432,2021-11-24,413,6934,7347
432,2021-11-25,429,7127,7556
432,2021-11-26,410,7209,7619
432,2021-11-27,261,5953,6214
432,2021-11-28,108,3665,3773
432,2021-11-29,408,6355,6763
432,2021-11-30,391,6729,7120
432,2021-12-01,385,6799,7184
432,2021-12-02,416,7119,7535
432,2021-12-03,431,7222,7653
432,2021-12-04,236,5802,6038
432,2021-12-05,98,3539,3637
432,2021-12-06,375,6660,7035
432,2021-12-07,425,6887,7312
432,2021-12-08,419,6914,7333
432,2021-12-09,388,6848,7236
432,2021-12-10,274,4536,4810
432,2021-12-11,242,5877,6119
432,2021-12-12,103,3450,3553
432,2021-12-13,389,6687,7076
432,2021-12-14,389,6875,7264
432,2021-12-15,416,6994,7410
432,2021-12-16,425,7333,7758
432,2021-12-17,594,10284,10878
432,2021-12-18,232,5438,5670
432,2021-12-19,110,3449,3559
432,2021-12-20,338,6212,6550
432,2021-12-21,327,6377,6704
432,2021-12-22,353,6508,6861
432,2021-12-23,315,6452,6767
432,2021-12-24,260,5271,5531
432,2021-12-25,89,2214,2303
432,2021-12-26,100,2264,2364
432,2021-12-27,264,4711,4975
432,2021-12-28,287,4755,5042
432,2021-12-29,280,5005,5285
432,2021-12-30,278,5445,5723
432,2021-12-31,279,5092,5371
433,2021-01-01,60,3323,3383
433,2021-01-02,195,4833,5028
433,2021-01-03,80,4134,4214
433,2021-01-04,643,7577,8220
433,2021-01-05,634,8008,8642
433,2021-01-06,653,7966,8619
433,2021-01-07,726,8175,8901
433,2021-01-08,703,8235,8938
433,2021-01-09,221,5628,5849
433,2021-01-10,96,4483,4579
433,2021-01-11,967,10004,10971
433,2021-01-12,949,9346,10295
433,2021-01-13,1033,9814,10847
433,2021-01-14,911,9377,10288
433,2021-01-15,888,9825,10713
433,2021-01-16,238,6771,7009
433,2021-01-17,79,4156,4235
433,2021-01-18,925,9986,10911
433,2021-01-19,968,10160,11128
433,2021-01-20,1003,10526,11529
433,2021-01-21,951,9886,10837
433,2021-01-22,926,10334,11260
433,2021-01-23,231,6808,7039
433,2021-01-24,88,4733,4821
433,2021-01-25,955,9623,10578
433,2021-01-26,1104,10303,11407
433,2021-01-27,904,9850,10754
433,2021-01-28,839,9818,10657
433,2021-01-29,904,10227,11131
433,2021-01-30,206,5958,6164
433,2021-01-31,72,4712,4784
433,2021-02-01,975,10015,10990
433,2021-02-02,920,9970,10890
433,2021-02-03,876,9587,10463
433,2021-02-04,1022,10707,11729
433,2021-02-05,986,10663,11649
433,2021-02-06,261,6878,7139
433,2021-02-07,80,4810,4890
433,2021-02-08,933,9111,10044
433,2021-02-09,864,9703,10567
433,2021-02-10,926,9897,10823
433,2021-02-11,868,9931,10799
433,2021-02-12,909,10235,11144
433,2021-02-13,275,7328,7603
433,2021-02-14,91,5200,5291
433,2021-02-15,948,9116,10064
433,2021-02-16,1000,9841,10841
433,2021-02-17,983,9488,10471
433,2021-02-18,1016,9704,10720
433,2021-02-19,989,9808,10797
433,2021-02-20,319,7782,8101
433,2021-02-21,100,6754,6854
433,2021-02-22,1078,10109,11187
433,2021-02-23,1331,11630,12961
433,2021-02-24,1153,10809,11962
433,2021-02-25,1212,11157,12369
433,2021-02-26,1107,10596,11703
433,2021-02-27,322,8373,8695
433,2021-02-28,115,6331,6446
433,2021-03-01,1119,10810,11929
433,2021-03-02,1092,11408,12500
433,2021-03-03,1136,11409,12545
433,2021-03-04,1014,11227,12241
433,2021-03-05,1195,11553,12748
433,2021-03-06,355,8278,8633
433,2021-03-07,113,6273,6386
433,2021-03-08,1131,11084,12215
433,2021-03-09,1076,11535,12611
433,2021-03-10,1101,11346,12447
433,2021-03-11,1042,10898,11940
433,2021-03-12,1084,11495,12579
433,2021-03-13,281,7383,7664
433,2021-03-14,83,5002,5085
433,2021-03-15,1089,10984,12073
433,2021-03-16,1214,11262,12476
433,2021-03-17,1151,11343,12494
433,2021-03-18,1106,11644,12750
433,2021-03-19,1135,12007,13142
433,2021-03-20,353,8503,8856
433,2021-03-21,104,5480,5584
433,2021-03-22,1151,11014,12165
433,2021-03-23,1165,11671,12836
433,2021-03-24,1200,11635,12835
433,2021-03-25,1189,11840,13029
433,2021-03-26,1195,11872,13067
433,2021-03-27,412,7769,8181
433,2021-03-29,1182,11082,12264
433,2021-03-30,1214,12028,13242
433,2021-03-31,1249,12013,13262
433,2021-04-01,1225,12104,13329
433,2021-04-02,1104,12006,13110
433,2021-04-03,331,8128,8459
433,2021-04-04,94,6175,6269
433,2021-04-05,105,4681,4786
433,2021-04-06,1261,11088,12349
433,2021-04-07,1294,10893,12187
433,2021-04-08,1330,11388,12718
433,2021-04-09,1321,11770,13091
433,2021-04-10,347,6584,6931
433,2021-04-11,103,4773,4876
433,2021-04-12,1286,11166,12452
433,2021-04-13,1275,11659,12934
433,2021-04-14,1349,11856,13205
433,2021-04-15,1278,11945,13223
433,2021-04-16,1247,11906,13153
433,2021-04-17,390,8665,9055
433,2021-04-18,131,5906,6037
433,2021-04-19,1137,11362,12499
433,2021-04-20,1129,11952,13081
433,2021-04-21,1287,12355,13642
433,2021-04-22,1240,12602,13842
433,2021-04-23,1246,12863,14109
433,2021-04-24,423,9468,9891
433,2021-04-25,146,7692,7838
433,2021-04-26,1229,12067,13296
433,2021-04-27,1267,12618,13885
433,2021-04-28,1249,12425,13674
433,2021-04-29,1138,12679,13817
433,2021-04-30,1173,12718,13891
433,2021-05-01,178,7018,7196
433,2021-05-02,124,6616,6740
433,2021-05-03,1178,12003,13181
433,2021-05-04,1101,11720,12821
433,2021-05-05,1172,12100,13272
433,2021-05-06,1096,11170,12266
433,2021-05-07,1139,12799,13938
433,2021-05-08,398,9160,9558
433,2021-05-09,110,7902,8012
433,2021-05-10,1143,11877,13020
433,2021-05-11,1099,11937,13036
433,2021-05-12,1168,12994,14162
433,2021-05-13,140,6629,6769
433,2021-05-14,850,11514,12364
433,2021-05-15,323,8145,8468
433,2021-05-16,132,6031,6163
433,2021-05-17,1088,11900,12988
433,2021-05-18,1051,12083,13134
433,2021-05-19,1141,12298,13439
433,2021-05-20,1126,12969,14095
433,2021-05-21,1211,12917,14128
433,2021-05-22,625,9512,10137
433,2021-05-23,162,7121,7283
433,2021-05-24,145,5384,5529
433,2021-05-25,1129,10849,11978
433,2021-05-26,1190,10864,12054
433,2021-05-27,1287,11466,12753
433,2021-05-28,1279,11746,13025
433,2021-05-29,465,8585,9050
433,2021-05-30,184,7377,7561
433,2021-05-31,1172,11635,12807
433,2021-06-01,1212,12496,13708
433,2021-06-02,1207,12163,13370
433,2021-06-03,966,12065,13031
433,2021-06-04,1132,11568,12700
433,2021-06-05,381,8694,9075
433,2021-06-06,140,6713,6853
433,2021-06-07,1205,11560,12765
433,2021-06-08,1133,12258,13391
433,2021-06-09,1193,12388,13581
433,2021-06-10,1090,12824,13914
433,2021-06-11,1195,12693,13888
433,2021-06-12,286,8882,9168
433,2021-06-13,122,7468,7590
433,2021-06-14,1264,11665,12929
433,2021-06-15,1250,12103,13353
433,2021-06-16,1207,12304,13511
433,2021-06-17,1192,12710,13902
433,2021-06-18,1124,12361,13485
433,2021-06-19,368,9863,10231
433,2021-06-20,125,7137,7262
433,2021-06-22,1186,11989,13175
433,2021-06-23,201,6586,6787
433,2021-06-24,1170,10934,12104
433,2021-06-25,1212,12209,13421
433,2021-06-26,399,9646,10045
433,2021-06-27,143,7319,7462
433,2021-06-28,1149,11534,12683
433,2021-06-29,1135,11511,12646
433,2021-06-30,1075,12068,13143
433,2021-07-01,1152,12420,13572
433,2021-07-02,1147,13054,14201
433,2021-07-03,498,11148,11646
433,2021-07-04,131,7120,7251
433,2021-07-05,1088,11282,12370
433,2021-07-06,1063,11646,12709
433,2021-07-07,1075,12315,13390
433,2021-07-08,1153,11989,13142
433,2021-07-09,1082,12746,13828
433,2021-07-10,357,9667,10024
433,2021-07-11,151,7723,7874
433,2021-07-12,1147,11370,12517
433,2021-07-13,927,10422,11349
433,2021-07-14,909,8748,9657
433,2021-07-15,969,12460,13429
433,2021-07-16,1062,12513,13575
433,2021-07-17,439,8558,8997
433,2021-07-18,202,7536,7738
433,2021-07-19,1148,11297,12445
433,2021-07-20,1128,11833,12961
433,2021-07-21,1173,11845,13018
433,2021-07-22,1102,12116,13218
433,2021-07-23,1155,11976,13131
433,2021-07-24,397,7655,8052
433,2021-07-25,172,5970,6142
433,2021-07-26,1089,10494,11583
433,2021-07-27,1138,10340,11478
433,2021-07-28,1065,11554,12619
433,2021-07-29,935,11568,12503
433,2021-07-30,866,11543,12409
433,2021-07-31,379,8319,8698
433,2021-08-01,211,6617,6828
433,2021-08-02,763,9396,10159
433,2021-08-03,719,9626,10345
433,2021-08-04,793,10166,10959
433,2021-08-05,816,10061,10877
433,2021-08-06,752,10121,10873
433,2021-08-07,344,7540,7884
433,2021-08-08,174,5807,5981
433,2021-08-09,704,9405,10109
433,2021-08-10,713,9853,10566
433,2021-08-11,721,10106,10827
433,2021-08-12,722,10364,11086
433,2021-08-13,734,10269,11003
433,2021-08-14,308,8076,8384
433,2021-08-15,192,7027,7219
433,2021-08-16,697,8961,9658
433,2021-08-17,712,9429,10141
433,2021-08-18,718,9644,10362
433,2021-08-19,682,9689,10371
433,2021-08-20,773,9995,10768
433,2021-08-21,339,7786,8125
433,2021-08-22,173,5763,5936
433,2021-08-23,1082,10498,11580
433,2021-08-24,1118,11740,12858
433,2021-08-25,1126,11986,13112
433,2021-08-26,1166,11672,12838
433,2021-08-27,1116,11798,12914
433,2021-08-28,463,8343,8806
433,2021-08-29,230,6884,7114
433,2021-08-30,1148,11438,12586
433,2021-08-31,1212,12169,13381
433,2021-09-01,1272,12322,13594
433,2021-09-02,1208,12477,13685
433,2021-09-03,1262,12627,13889
433,2021-09-04,506,9534,10040
433,2021-09-05,241,8302,8543
433,2021-09-06,1220,12104,13324
433,2021-09-07,1231,12571,13802
433,2021-09-08,1227,12828,14055
433,2021-09-09,1263,12564,13827
433,2021-09-10,1246,12966,14212
433,2021-09-11,530,10352,10882
433,2021-09-12,265,8585,8850
433,2021-09-13,1273,12640,13913
433,2021-09-14,1255,12647,13902
433,2021-09-15,1106,12156,13262
433,2021-09-16,1159,12596,13755
433,2021-09-17,1284,12740,14024
433,2021-09-18,451,10189,10640
433,2021-09-19,244,8562,8806
433,2021-09-20,1197,11734,12931
433,2021-09-21,1201,12262,13463
433,2021-09-22,1220,12178,13398
433,2021-09-23,1251,12860,14111
433,2021-09-24,1282,12772,14054
433,2021-09-25,549,10717,11266
433,2021-09-26,207,7312,7519
433,2021-09-27,1175,11361,12536
433,2021-09-28,1137,12070,13207
433,2021-09-29,1060,11490,12550
433,2021-09-30,1135,12585,13720
433,2021-10-01,1141,12794,13935
433,2021-10-02,396,9868,10264
433,2021-10-03,122,6271,6393
433,2021-10-04,1131,11907,13038
433,2021-10-05,1128,10790,11918
433,2021-10-06,1234,12086,13320
433,2021-10-07,1198,12408,13606
433,2021-10-08,1179,12868,14047
433,2021-10-09,424,10461,10885
433,2021-10-10,302,8431,8733
433,2021-10-11,1129,11703,12832
433,2021-10-12,651,6963,7614
433,2021-10-13,1167,11927,13094
433,2021-10-14,1196,12537,13733
433,2021-10-15,1157,12589,13746
433,2021-10-16,454,9665,10119
433,2021-10-17,171,7538,7709
433,2021-10-18,1238,11669,12907
433,2021-10-19,1125,11518,12643
433,2021-10-20,1143,11656,12799
433,2021-10-21,1096,10955,12051
433,2021-10-22,1204,12014,13218
433,2021-10-23,444,9919,10363
433,2021-10-24,231,8206,8437
433,2021-10-25,1230,11149,12379
433,2021-10-26,1169,11640,12809
433,2021-10-27,1288,11679,12967
433,2021-10-28,1261,11856,13117
433,2021-10-29,1172,12300,13472
433,2021-10-30,374,7957,8331
433,2021-11-01,173,6174,6347
433,2021-11-02,1096,10403,11499
433,2021-11-03,1095,10774,11869
433,2021-11-04,1245,11351,12596
433,2021-11-05,1303,11556,12859
433,2021-11-06,479,8683,9162
433,2021-11-07,197,6243,6440
433,2021-11-08,1233,11171,12404
433,2021-11-09,1224,11730,12954
433,2021-11-10,1282,11698,12980
433,2021-11-11,1286,11833,13119
433,2021-11-12,1256,12016,13272
433,2021-11-13,316,8571,8887
433,2021-11-14,178,6521,6699
433,2021-11-15,1224,11151,12375
433,2021-11-16,1208,11478,12686
433,2021-11-17,1198,11799,12997
433,2021-11-18,1173,11810,12983
433,2021-11-19,1186,12115,13301
433,2021-11-20,499,9297,9796
433,2021-11-21,163,6458,6621
433,2021-11-22,1199,11017,12216
433,2021-11-23,1251,11570,12821
433,2021-11-24,1202,11696,12898
433,2021-11-25,1297,11863,13160
433,2021-11-26,1180,11521,12701
433,2021-11-27,358,8503,8861
433,2021-11-28,149,6683,6832
433,2021-11-29,1239,10764,12003
433,2021-11-30,1067,11504,12571
433,2021-12-01,1079,11005,12084
433,2021-12-02,1114,11892,13006
433,2021-12-03,1182,12017,13199
433,2021-12-04,308,8281,8589
433,2021-12-05,154,6299,6453
433,2021-12-06,1064,11017,12081
433,2021-12-07,1095,11341,12436
433,2021-12-08,1065,11756,12821
433,2021-12-09,1111,11754,12865
433,2021-12-10,983,10365,11348
433,2021-12-11,360,8896,9256
433,2021-12-12,148,6459,6607
433,2021-12-13,1078,11086,12164
433,2021-12-14,1137,11715,12852
433,2021-12-15,1163,11855,13018
433,2021-12-16,1113,12162,13275
433,2021-12-17,664,10014,10678
433,2021-12-18,300,8518,8818
433,2021-12-19,164,6513,6677
433,2021-12-20,696,10369,11065
433,2021-12-21,790,10822,11612
433,2021-12-22,686,10582,11268
433,2021-12-23,620,10072,10692
433,2021-12-24,478,7891,8369
433,2021-12-25,72,4848,4920
433,2021-12-26,83,4507,4590
433,2021-12-27,464,7467,7931
433,2021-12-28,512,7532,8044
433,2021-12-29,507,7651,8158
433,2021-12-30,497,8169,8666
433,2021-12-31,470,7776,8246
434,2021-01-01,153,2629,2782
434,2021-01-02,619,4808,5427
434,2021-01-03,182,3230,3412
434,2021-01-04,982,8235,9217
434,2021-01-05,1031,8492,9523
434,2021-01-06,1014,8395,9409
434,2021-01-07,1012,8771,9783
434,2021-01-08,1025,8956,9981
434,2021-01-09,579,6065,6644
434,2021-01-10,192,3677,3869
434,2021-01-11,1154,11080,12234
434,2021-01-12,1053,11256,12309
434,2021-01-13,1175,11084,12259
434,2021-01-14,1065,11252,12317
434,2021-01-15,1153,11588,12741
434,2021-01-16,594,8983,9577
434,2021-01-17,205,3982,4187
434,2021-01-18,1106,11204,12310
434,2021-01-19,1100,11329,12429
434,2021-01-20,1147,11298,12445
434,2021-01-21,1091,11851,12942
434,2021-01-22,1090,11937,13027
434,2021-01-23,552,9268,9820
434,2021-01-24,215,4646,4861
434,2021-01-25,1138,10940,12078
434,2021-01-26,1146,11683,12829
434,2021-01-27,1099,10774,11873
434,2021-01-28,1034,11460,12494
434,2021-01-29,1130,11725,12855
434,2021-01-30,481,7863,8344
434,2021-01-31,180,3977,4157
434,2021-02-01,1034,10475,11509
434,2021-02-02,982,10874,11856
434,2021-02-03,994,10765,11759
434,2021-02-04,1152,11488,12640
434,2021-02-05,1127,11532,12659
434,2021-02-06,529,8998,9527
434,2021-02-07,157,4265,4422
434,2021-02-08,1121,10233,11354
434,2021-02-09,1152,10869,12021
434,2021-02-10,1140,11116,12256
434,2021-02-11,1134,11345,12479
434,2021-02-12,1136,11601,12737
434,2021-02-13,692,9159,9851
434,2021-02-14,187,4425,4612
434,2021-02-15,1185,10045,11230
434,2021-02-16,1197,10619,11816
434,2021-02-17,1201,10347,11548
434,2021-02-18,1193,10202,11395
434,2021-02-19,1160,10868,12028
434,2021-02-20,857,9843,10700
434,2021-02-21,240,5473,5713
434,2021-02-22,1160,10980,12140
434,2021-02-23,1213,11475,12688
434,2021-02-24,1179,11327,12506
434,2021-02-25,1205,11846,13051
434,2021-02-26,1149,12230,13379
434,2021-02-27,661,9619,10280
434,2021-02-28,194,4740,4934
434,2021-03-01,1207,11443,12650
434,2021-03-02,1179,11633,12812
434,2021-03-03,1233,11398,12631
434,2021-03-04,1230,11769,12999
434,2021-03-05,1243,12201,13444
434,2021-03-06,646,9508,10154
434,2021-03-07,180,4749,4929
434,2021-03-08,1160,11175,12335
434,2021-03-09,1244,11709,12953
434,2021-03-10,1169,11403,12572
434,2021-03-11,1082,11772,12854
434,2021-03-12,1184,11759,12943
434,2021-03-13,625,8668,9293
434,2021-03-14,195,4480,4675
434,2021-03-15,1141,11463,12604
434,2021-03-16,1192,11517,12709
434,2021-03-17,1167,11550,12717
434,2021-03-18,1184,11957,13141
434,2021-03-19,1198,12058,13256
434,2021-03-20,647,9611,10258
434,2021-03-21,186,4735,4921
434,2021-03-22,1165,10964,12129
434,2021-03-23,1152,11611,12763
434,2021-03-24,1145,11304,12449
434,2021-03-25,1155,11815,12970
434,2021-03-26,1158,12212,13370
434,2021-03-27,629,8978,9607
434,2021-03-29,1110,11526,12636
434,2021-03-30,1073,12127,13200
434,2021-03-31,1154,11665,12819
434,2021-04-01,1162,11850,13012
434,2021-04-02,1144,12052,13196
434,2021-04-03,630,8947,9577
434,2021-04-04,182,4195,4377
434,2021-04-05,207,3660,3867
434,2021-04-06,1276,12721,13997
434,2021-04-07,1279,12643,13922
434,2021-04-08,1253,13109,14362
434,2021-04-09,1250,13342,14592
434,2021-04-10,661,8707,9368
434,2021-04-11,161,4391,4552
434,2021-04-12,1099,11278,12377
434,2021-04-13,1142,11260,12402
434,2021-04-14,1156,11102,12258
434,2021-04-15,1132,11440,12572
434,2021-04-16,1184,11891,13075
434,2021-04-17,618,9812,10430
434,2021-04-18,207,5149,5356
434,2021-04-19,1145,11494,12639
434,2021-04-20,1166,12262,13428
434,2021-04-21,1281,11726,13007
434,2021-04-22,1166,12299,13465
434,2021-04-23,1142,12971,14113
434,2021-04-24,665,11019,11684
434,2021-04-25,190,6430,6620
434,2021-04-26,1187,11760,12947
434,2021-04-27,1196,12435,13631
434,2021-04-28,1187,12190,13377
434,2021-04-29,1158,12453,13611
434,2021-04-30,1193,12991,14184
434,2021-05-01,188,6669,6857
434,2021-05-02,183,5984,6167
434,2021-05-03,1125,11966,13091
434,2021-05-04,1125,11813,12938
434,2021-05-05,1160,11928,13088
434,2021-05-06,1096,12175,13271
434,2021-05-07,1153,12775,13928
434,2021-05-08,664,10197,10861
434,2021-05-09,235,5768,6003
434,2021-05-10,1219,11711,12930
434,2021-05-11,1189,11967,13156
434,2021-05-12,1268,12652,13920
434,2021-05-13,251,5347,5598
434,2021-05-14,1181,12263,13444
434,2021-05-15,666,9764,10430
434,2021-05-16,301,5610,5911
434,2021-05-17,1196,11815,13011
434,2021-05-18,1113,10125,11238
434,2021-05-19,1103,11043,12146
434,2021-05-20,1236,12700,13936
434,2021-05-21,1245,12647,13892
434,2021-05-22,669,9877,10546
434,2021-05-23,250,5278,5528
434,2021-05-24,279,4602,4881
434,2021-05-25,1160,11183,12343
434,2021-05-26,1119,11208,12327
434,2021-05-27,1167,11416,12583
434,2021-05-28,1169,11883,13052
434,2021-05-29,694,10273,10967
434,2021-05-30,252,6128,6380
434,2021-05-31,1164,12256,13420
434,2021-06-01,1209,12728,13937
434,2021-06-02,1221,12881,14102
434,2021-06-03,1182,12702,13884
434,2021-06-04,1219,12367,13586
434,2021-06-05,702,10834,11536
434,2021-06-06,275,6187,6462
434,2021-06-07,1207,12122,13329
434,2021-06-08,1175,12707,13882
434,2021-06-09,1208,12379,13587
434,2021-06-10,1095,11937,13032
434,2021-06-11,1054,12196,13250
434,2021-06-12,729,11702,12431
434,2021-06-13,307,7379,7686
434,2021-06-14,1209,12078,13287
434,2021-06-15,1161,12854,14015
434,2021-06-16,1193,12654,13847
434,2021-06-17,1189,12938,14127
434,2021-06-18,1203,13182,14385
434,2021-06-19,659,10209,10868
434,2021-06-20,258,5969,6227
434,2021-06-21,1234,12161,13395
434,2021-06-22,1202,13405,14607
434,2021-06-23,287,6329,6616
434,2021-06-24,1199,12655,13854
434,2021-06-25,1223,13216,14439
434,2021-06-26,698,10721,11419
434,2021-06-27,248,6924,7172
434,2021-06-28,1137,12193,13330
434,2021-06-29,1144,13002,14146
434,2021-06-30,1179,13049,14228
434,2021-07-01,1195,13389,14584
434,2021-07-02,1192,13193,14385
434,2021-07-03,823,12605,13428
434,2021-07-04,314,6258,6572
434,2021-07-05,1162,12361,13523
434,2021-07-06,1125,12614,13739
434,2021-07-07,1218,12563,13781
434,2021-07-08,1198,12854,14052
434,2021-07-09,1236,13044,14280
434,2021-07-10,722,11066,11788
434,2021-07-11,269,6697,6966
434,2021-07-12,1161,12509,13670
434,2021-07-13,1085,12417,13502
434,2021-07-14,1066,12349,13415
434,2021-07-15,1100,13623,14723
434,2021-07-16,1192,12944,14136
434,2021-07-17,648,9655,10303
434,2021-07-18,326,7418,7744
434,2021-07-19,1172,12001,13173
434,2021-07-20,1156,11937,13093
434,2021-07-21,1154,11925,13079
434,2021-07-22,1194,11714,12908
434,2021-07-23,1152,11612,12764
434,2021-07-24,680,9152,9832
434,2021-07-25,261,5587,5848
434,2021-07-26,1217,10857,12074
434,2021-07-27,1130,10846,11976
434,2021-07-28,1180,11135,12315
434,2021-07-29,1147,11363,12510
434,2021-07-30,1136,11069,12205
434,2021-07-31,665,8676,9341
434,2021-08-01,257,5524,5781
434,2021-08-02,1117,10050,11167
434,2021-08-03,1070,10392,11462
434,2021-08-04,1143,10297,11440
434,2021-08-05,1105,9770,10875
434,2021-08-06,1135,10409,11544
434,2021-08-07,708,9162,9870
434,2021-08-08,266,5048,5314
434,2021-08-09,1104,9726,10830
434,2021-08-10,1078,10126,11204
434,2021-08-11,1099,9783,10882
434,2021-08-12,1074,10588,11662
434,2021-08-13,1094,10129,11223
434,2021-08-14,644,7221,7865
434,2021-08-15,266,4700,4966
434,2021-08-16,1105,9047,10152
434,2021-08-17,1101,9608,10709
434,2021-08-18,1117,9531,10648
434,2021-08-19,1093,10014,11107
434,2021-08-20,1096,9847,10943
434,2021-08-21,750,8402,9152
434,2021-08-22,359,5342,5701
434,2021-08-23,1163,10040,11203
434,2021-08-24,1180,10689,11869
434,2021-08-25,1233,10614,11847
434,2021-08-26,1253,11068,12321
434,2021-08-27,1228,11263,12491
434,2021-08-28,747,8996,9743
434,2021-08-29,355,6430,6785
434,2021-08-30,1279,11131,12410
434,2021-08-31,1262,11838,13100
434,2021-09-01,1323,11722,13045
434,2021-09-02,1313,11899,13212
434,2021-09-03,1290,12150,13440
434,2021-09-04,759,9925,10684
434,2021-09-05,363,6470,6833
434,2021-09-06,1316,11291,12607
434,2021-09-07,1315,12089,13404
434,2021-09-08,1289,12266,13555
434,2021-09-09,1334,11923,13257
434,2021-09-10,1299,12620,13919
434,2021-09-11,761,10321,11082
434,2021-09-12,398,7075,7473
434,2021-09-13,1241,11804,13045
434,2021-09-14,1311,12157,13468
434,2021-09-15,1242,12334,13576
434,2021-09-16,1241,12884,14125
434,2021-09-17,1273,13130,14403
434,2021-09-18,799,11298,12097
434,2021-09-19,280,6694,6974
434,2021-09-20,1227,12010,13237
434,2021-09-21,1219,12845,14064
434,2021-09-22,1262,12187,13449
434,2021-09-23,1298,12393,13691
434,2021-09-24,1266,12897,14163
434,2021-09-25,722,11584,12306
434,2021-09-26,281,6424,6705
434,2021-09-27,1224,12152,13376
434,2021-09-28,1263,12797,14060
434,2021-09-29,1214,12693,13907
434,2021-09-30,1237,13212,14449
434,2021-10-01,1300,13292,14592
434,2021-10-02,686,11035,11721
434,2021-10-03,256,6654,6910
434,2021-10-04,1281,12430,13711
434,2021-10-05,1221,12960,14181
434,2021-10-06,1263,12943,14206
434,2021-10-07,1272,13189,14461
434,2021-10-08,1247,13251,14498
434,2021-10-09,680,11253,11933
434,2021-10-10,273,6733,7006
434,2021-10-11,1256,11912,13168
434,2021-10-12,1227,12511,13738
434,2021-10-13,1257,12621,13878
434,2021-10-14,1232,12949,14181
434,2021-10-15,1288,13482,14770
434,2021-10-16,683,11075,11758
434,2021-10-17,292,6810,7102
434,2021-10-18,1232,12011,13243
434,2021-10-19,1286,12571,13857
434,2021-10-20,1276,12371,13647
434,2021-10-21,1250,12567,13817
434,2021-10-22,1255,11023,12278
434,2021-10-23,722,10968,11690
434,2021-10-24,321,9325,9646
434,2021-10-25,1229,12222,13451
434,2021-10-26,1236,12925,14161
434,2021-10-27,1280,12409,13689
434,2021-10-28,1234,13171,14405
434,2021-10-29,1290,13317,14607
434,2021-10-30,613,9950,10563
434,2021-11-01,293,4008,4301
434,2021-11-02,1181,11404,12585
434,2021-11-03,1129,11415,12544
434,2021-11-04,1192,11416,12608
434,2021-11-05,1196,11734,12930
434,2021-11-06,707,11473,12180
434,2021-11-07,309,5976,6285
434,2021-11-08,1228,12064,13292
434,2021-11-09,1258,12664,13922
434,2021-11-10,1284,12563,13847
434,2021-11-11,1234,12999,14233
434,2021-11-12,1311,13267,14578
434,2021-11-13,698,11214,11912
434,2021-11-14,281,6410,6691
434,2021-11-15,1250,11995,13245
434,2021-11-16,1274,12700,13974
434,2021-11-17,1311,12622,13933
434,2021-11-18,1275,13165,14440
434,2021-11-19,1209,13221,14430
434,2021-11-20,667,11491,12158
434,2021-11-21,305,6841,7146
434,2021-11-22,1241,12175,13416
434,2021-11-23,1238,12600,13838
434,2021-11-24,1379,12503,13882
434,2021-11-25,1278,13547,14825
434,2021-11-26,1226,13398,14624
434,2021-11-27,680,11895,12575
434,2021-11-28,312,8501,8813
434,2021-11-29,1254,12432,13686
434,2021-11-30,1199,12565,13764
434,2021-12-01,1122,12511,13633
434,2021-12-02,1241,13097,14338
434,2021-12-03,1315,13552,14867
434,2021-12-04,646,11693,12339
434,2021-12-05,317,7663,7980
434,2021-12-06,1264,11953,13217
434,2021-12-07,1250,12704,13954
434,2021-12-08,1317,12976,14293
434,2021-12-09,1220,13332,14552
434,2021-12-10,1160,12505,13665
434,2021-12-11,686,11129,11815
434,2021-12-12,305,7947,8252
434,2021-12-13,1089,12374,13463
434,2021-12-14,1131,12827,13958
434,2021-12-15,1152,12987,14139
434,2021-12-16,1126,12963,14089
434,2021-12-17,1139,13730,14869
434,2021-12-18,607,10579,11186
434,2021-12-19,306,7921,8227
434,2021-12-20,1033,11428,12461
434,2021-12-21,1044,12225,13269
434,2021-12-22,1076,11946,13022
434,2021-12-23,1024,11684,12708
434,2021-12-24,896,7927,8823
434,2021-12-25,230,3121,3351
434,2021-12-26,268,4260,4528
434,2021-12-27,935,9110,10045
434,2021-12-28,939,9475,10414
434,2021-12-29,968,9366,10334
434,2021-12-30,944,9249,10193
434,2021-12-31,963,8098,9061
435,2021-01-01,70,3756,3826
435,2021-01-02,281,7755,8036
435,2021-01-03,71,4940,5011
435,2021-01-04,582,11033,11615
435,2021-01-05,628,11471,12099
435,2021-01-06,657,11399,12056
435,2021-01-07,658,11759,12417
435,2021-01-08,718,12473,13191
435,2021-01-09,324,9506,9830
435,2021-01-10,89,5920,6009
435,2021-01-11,931,16131,17062
435,2021-01-12,911,16187,17098
435,2021-01-13,959,15933,16892
435,2021-01-14,831,14699,15530
435,2021-01-15,800,15556,16356
435,2021-01-16,339,14215,14554
435,2021-01-17,93,5548,5641
435,2021-01-18,842,15370,16212
435,2021-01-19,968,15781,16749
435,2021-01-20,930,16210,17140
435,2021-01-21,958,16353,17311
435,2021-01-22,928,17224,18152
435,2021-01-23,347,15748,16095
435,2021-01-24,98,5951,6049
435,2021-01-25,1013,15673,16686
435,2021-01-26,1072,16497,17569
435,2021-01-27,964,14987,15951
435,2021-01-28,840,15904,16744
435,2021-01-29,864,17098,17962
435,2021-01-30,387,13867,14254
435,2021-01-31,117,5639,5756
435,2021-02-01,991,15307,16298
435,2021-02-02,930,15951,16881
435,2021-02-03,1049,15245,16294
435,2021-02-04,1007,16161,17168
435,2021-02-05,1089,17004,18093
435,2021-02-06,373,14268,14641
435,2021-02-07,116,5866,5982
435,2021-02-08,1015,14159,15174
435,2021-02-09,931,14580,15511
435,2021-02-10,1008,15172,16180
435,2021-02-11,1005,15541,16546
435,2021-02-12,954,16449,17403
435,2021-02-13,355,13710,14065
435,2021-02-14,90,6291,6381
435,2021-02-15,1017,14719,15736
435,2021-02-16,1023,15345,16368
435,2021-02-17,1027,15570,16597
435,2021-02-18,907,15545,16452
435,2021-02-19,987,16348,17335
435,2021-02-20,400,12974,13374
435,2021-02-21,82,6817,6899
435,2021-02-22,1135,15782,16917
435,2021-02-23,1152,16531,17683
435,2021-02-24,1169,16196,17365
435,2021-02-25,1078,16616,17694
435,2021-02-26,1109,17700,18809
435,2021-02-27,487,15360,15847
435,2021-02-28,134,6927,7061
435,2021-03-01,1093,16170,17263
435,2021-03-02,1086,16502,17588
435,2021-03-03,1168,16211,17379
435,2021-03-04,1141,16647,17788
435,2021-03-05,1129,17611,18740
435,2021-03-06,461,15451,15912
435,2021-03-07,127,6955,7082
435,2021-03-08,1164,17104,18268
435,2021-03-09,1128,17204,18332
435,2021-03-10,1220,17119,18339
435,2021-03-11,1162,16855,18017
435,2021-03-12,1139,17929,19068
435,2021-03-13,521,15288,15809
435,2021-03-14,142,6653,6795
435,2021-03-15,1134,16329,17463
435,2021-03-16,1102,16528,17630
435,2021-03-17,1104,16325,17429
435,2021-03-18,1165,16876,18041
435,2021-03-19,1144,18081,19225
435,2021-03-20,484,15450,15934
435,2021-03-21,124,6839,6963
435,2021-03-22,1031,16174,17205
435,2021-03-23,1082,17252,18334
435,2021-03-24,1106,16845,17951
435,2021-03-25,1033,17286,18319
435,2021-03-26,1096,18007,19103
435,2021-03-27,418,15526,15944
435,2021-03-29,1104,16067,17171
435,2021-03-30,997,17024,18021
435,2021-03-31,1066,16901,17967
435,2021-04-01,1134,17770,18904
435,2021-04-02,1043,19288,20331
435,2021-04-03,463,15060,15523
435,2021-04-04,87,6178,6265
435,2021-04-05,103,5141,5244
435,2021-04-06,970,16593,17563
435,2021-04-07,1022,15947,16969
435,2021-04-08,995,16511,17506
435,2021-04-09,1118,17066,18184
435,2021-04-10,432,13785,14217
435,2021-04-11,80,5436,5516
435,2021-04-12,1034,15936,16970
435,2021-04-13,1069,16570,17639
435,2021-04-14,1154,16732,17886
435,2021-04-15,1024,17393,18417
435,2021-04-16,1026,17843,18869
435,2021-04-17,402,14366,14768
435,2021-04-18,92,6539,6631
435,2021-04-19,1110,16688,17798
435,2021-04-20,1139,17819,18958
435,2021-04-21,1130,17678,18808
435,2021-04-22,1102,18160,19262
435,2021-04-23,1066,18797,19863
435,2021-04-24,477,16140,16617
435,2021-04-25,102,7644,7746
435,2021-04-26,1080,17038,18118
435,2021-04-27,1116,18052,19168
435,2021-04-28,1120,17850,18970
435,2021-04-29,1254,18671,19925
435,2021-04-30,1180,20258,21438
435,2021-05-01,161,7642,7803
435,2021-05-02,127,7529,7656
435,2021-05-03,1210,17916,19126
435,2021-05-04,1165,17607,18772
435,2021-05-05,1242,17773,19015
435,2021-05-06,1119,17785,18904
435,2021-05-07,1180,19576,20756
435,2021-05-08,460,16834,17294
435,2021-05-09,161,7833,7994
435,2021-05-10,1199,16996,18195
435,2021-05-11,1245,17745,18990
435,2021-05-12,1225,18966,20191
435,2021-05-13,146,7151,7297
435,2021-05-14,897,18954,19851
435,2021-05-15,433,15816,16249
435,2021-05-16,166,6650,6816
435,2021-05-17,1179,17286,18465
435,2021-05-18,1222,17577,18799
435,2021-05-19,1203,17564,18767
435,2021-05-20,1197,18164,19361
435,2021-05-21,1288,18874,20162
435,2021-05-22,442,15670,16112
435,2021-05-23,156,6557,6713
435,2021-05-24,196,5932,6128
435,2021-05-25,1165,16854,18019
435,2021-05-26,1119,16435,17554
435,2021-05-27,1189,16678,17867
435,2021-05-28,1130,17900,19030
435,2021-05-29,458,14705,15163
435,2021-05-30,141,8048,8189
435,2021-05-31,1175,17545,18720
435,2021-06-01,1175,18096,19271
435,2021-06-02,1148,17185,18333
435,2021-06-03,1098,18351,19449
435,2021-06-04,1289,17341,18630
435,2021-06-05,471,16971,17442
435,2021-06-06,121,7949,8070
435,2021-06-07,1118,17190,18308
435,2021-06-08,1213,18065,19278
435,2021-06-09,1244,18422,19666
435,2021-06-10,1176,18489,19665
435,2021-06-11,1186,19361,20547
435,2021-06-12,476,16780,17256
435,2021-06-13,158,8622,8780
435,2021-06-14,1112,17038,18150
435,2021-06-15,1134,18148,19282
435,2021-06-16,1212,17738,18950
435,2021-06-17,1226,18029,19255
435,2021-06-18,1156,19240,20396
435,2021-06-19,479,15427,15906
435,2021-06-20,155,7724,7879
435,2021-06-21,1323,17425,18748
435,2021-06-22,1218,18517,19735
435,2021-06-23,187,8526,8713
435,2021-06-24,1233,18240,19473
435,2021-06-25,1225,18604,19829
435,2021-06-26,512,15481,15993
435,2021-06-27,122,8701,8823
435,2021-06-28,1212,17323,18535
435,2021-06-29,1214,17732,18946
435,2021-06-30,1230,18145,19375
435,2021-07-01,1152,18613,19765
435,2021-07-02,1147,19133,20280
435,2021-07-03,453,15993,16446
435,2021-07-04,127,7821,7948
435,2021-07-05,1164,16854,18018
435,2021-07-06,1153,17399,18552
435,2021-07-07,1157,17659,18816
435,2021-07-08,1309,18159,19468
435,2021-07-09,1213,18583,19796
435,2021-07-10,491,14990,15481
435,2021-07-11,138,8292,8430
435,2021-07-12,1234,17077,18311
435,2021-07-13,1002,16499,17501
435,2021-07-14,1036,16692,17728
435,2021-07-15,870,16959,17829
435,2021-07-16,984,17428,18412
435,2021-07-17,451,14011,14462
435,2021-07-18,138,7702,7840
435,2021-07-19,1017,15948,16965
435,2021-07-20,1085,16773,17858
435,2021-07-21,1018,16949,17967
435,2021-07-22,1011,17901,18912
435,2021-07-23,1109,17743,18852
435,2021-07-24,432,14179,14611
435,2021-07-25,157,7516,7673
435,2021-07-26,1084,16737,17821
435,2021-07-27,946,15458,16404
435,2021-07-28,1013,16548,17561
435,2021-07-29,956,16652,17608
435,2021-07-30,772,16302,17074
435,2021-07-31,366,12756,13122
435,2021-08-01,156,7115,7271
435,2021-08-02,740,15121,15861
435,2021-08-03,695,14687,15382
435,2021-08-04,735,14914,15649
435,2021-08-05,746,14653,15399
435,2021-08-06,741,14801,15542
435,2021-08-07,341,12125,12466
435,2021-08-08,127,6239,6366
435,2021-08-09,684,13517,14201
435,2021-08-10,686,14135,14821
435,2021-08-11,723,13752,14475
435,2021-08-12,731,14242,14973
435,2021-08-13,734,14025,14759
435,2021-08-14,390,11238,11628
435,2021-08-15,186,6379,6565
435,2021-08-16,653,13300,13953
435,2021-08-17,720,13635,14355
435,2021-08-18,713,14003,14716
435,2021-08-19,709,14332,15041
435,2021-08-20,670,14330,15000
435,2021-08-21,381,11414,11795
435,2021-08-22,144,6314,6458
435,2021-08-23,823,14481,15304
435,2021-08-24,921,15123,16044
435,2021-08-25,995,15232,16227
435,2021-08-26,921,15914,16835
435,2021-08-27,918,16211,17129
435,2021-08-28,364,12866,13230
435,2021-08-29,144,8448,8592
435,2021-08-30,1114,16206,17320
435,2021-08-31,1043,16906,17949
435,2021-09-01,1099,16724,17823
435,2021-09-02,1083,16252,17335
435,2021-09-03,1056,16889,17945
435,2021-09-04,458,13451,13909
435,2021-09-05,154,7632,7786
435,2021-09-06,1046,16001,17047
435,2021-09-07,1035,17063,18098
435,2021-09-08,1034,17011,18045
435,2021-09-09,1091,17042,18133
435,2021-09-10,1076,17771,18847
435,2021-09-11,388,14366,14754
435,2021-09-12,154,8393,8547
435,2021-09-13,1131,17049,18180
435,2021-09-14,1086,17543,18629
435,2021-09-15,1099,17802,18901
435,2021-09-16,656,11660,12316
435,2021-09-17,1148,20017,21165
435,2021-09-18,569,20714,21283
435,2021-09-19,197,11638,11835
435,2021-09-20,1101,16958,18059
435,2021-09-21,1121,17187,18308
435,2021-09-22,1150,17593,18743
435,2021-09-23,1064,18113,19177
435,2021-09-24,1050,19291,20341
435,2021-09-25,548,17656,18204
435,2021-09-26,219,9264,9483
435,2021-09-27,1078,17274,18352
435,2021-09-28,1213,18159,19372
435,2021-09-29,1124,17405,18529
435,2021-09-30,1124,18206,19330
435,2021-10-01,1112,19202,20314
435,2021-10-02,526,16667,17193
435,2021-10-03,143,8601,8744
435,2021-10-04,1172,17192,18364
435,2021-10-05,1080,17724,18804
435,2021-10-06,1125,17452,18577
435,2021-10-07,1133,17944,19077
435,2021-10-08,1141,18857,19998
435,2021-10-09,478,16111,16589
435,2021-10-10,169,8785,8954
435,2021-10-11,1207,17353,18560
435,2021-10-12,1249,17703,18952
435,2021-10-13,1193,17733,18926
435,2021-10-14,1202,18220,19422
435,2021-10-15,1199,19029,20228
435,2021-10-16,529,16140,16669
435,2021-10-17,155,8446,8601
435,2021-10-18,1193,16960,18153
435,2021-10-19,1264,17948,19212
435,2021-10-20,1193,17531,18724
435,2021-10-21,1024,16901,17925
435,2021-10-22,1117,18971,20088
435,2021-10-23,495,16126,16621
435,2021-10-24,178,9528,9706
435,2021-10-25,1089,16787,17876
435,2021-10-26,1109,18128,19237
435,2021-10-27,1201,17617,18818
435,2021-10-28,1208,18336,19544
435,2021-10-29,1141,18787,19928
435,2021-10-30,484,15271,15755
435,2021-11-01,200,7070,7270
435,2021-11-02,1064,17267,18331
435,2021-11-03,1028,16713,17741
435,2021-11-04,1126,16896,18022
435,2021-11-05,1153,17427,18580
435,2021-11-06,516,14618,15134
435,2021-11-07,155,7182,7337
435,2021-11-08,1117,16894,18011
435,2021-11-14,170,8143,8313
435,2021-11-15,1100,17073,18173
435,2021-11-16,1035,17408,18443
435,2021-11-17,1108,17592,18700
435,2021-11-18,1029,17530,18559
435,2021-11-19,1142,18391,19533
435,2021-11-20,447,15688,16135
435,2021-11-21,139,7443,7582
435,2021-11-22,1061,16637,17698
435,2021-11-23,1081,17377,18458
435,2021-11-24,1075,17200,18275
435,2021-11-25,1015,18067,19082
435,2021-11-26,1082,19585,20667
435,2021-11-27,422,16085,16507
435,2021-11-28,148,9238,9386
435,2021-11-29,1016,17094,18110
435,2021-11-30,1073,17538,18611
435,2021-12-01,1058,17297,18355
435,2021-12-02,986,18201,19187
435,2021-12-03,1058,18907,19965
435,2021-12-04,424,16211,16635
435,2021-12-05,135,9463,9598
435,2021-12-06,1072,16818,17890
435,2021-12-07,1126,17714,18840
435,2021-12-08,1079,17708,18787
435,2021-12-09,1055,17960,19015
435,2021-12-10,1022,17935,18957
435,2021-12-11,395,16720,17115
435,2021-12-12,139,9410,9549
435,2021-12-13,1082,16888,17970
435,2021-12-14,1146,18278,19424
435,2021-12-15,1131,18154,19285
435,2021-12-16,1076,18996,20072
435,2021-12-17,968,19357,20325
435,2021-12-18,362,15883,16245
435,2021-12-19,147,9236,9383
435,2021-12-20,827,17071,17898
435,2021-12-21,777,17346,18123
435,2021-12-22,755,17059,17814
435,2021-12-23,684,17522,18206
435,2021-12-24,483,13398,13881
435,2021-12-25,100,5240,5340
435,2021-12-26,132,5384,5516
435,2021-12-27,543,13466,14009
435,2021-12-28,590,13804,14394
435,2021-12-29,586,13993,14579
435,2021-12-30,585,14868,15453
435,2021-12-31,492,12316,12808
436,2021-01-01,33,1576,1609
436,2021-01-02,78,3399,3477
436,2021-01-03,41,2127,2168
436,2021-01-04,179,4485,4664
436,2021-01-05,206,5167,5373
436,2021-01-06,217,5048,5265
436,2021-01-07,220,5277,5497
436,2021-01-08,228,5642,5870
436,2021-01-09,101,4100,4201
436,2021-01-10,47,2501,2548
436,2021-01-11,302,6081,6383
436,2021-01-12,267,6273,6540
436,2021-01-13,311,6171,6482
436,2021-01-14,254,6143,6397
436,2021-01-15,275,6653,6928
436,2021-01-16,130,4833,4963
436,2021-01-17,43,2410,2453
436,2021-01-18,286,5958,6244
436,2021-01-19,280,6399,6679
436,2021-01-20,353,6397,6750
436,2021-01-21,303,6593,6896
436,2021-01-22,320,6725,7045
436,2021-01-23,113,4945,5058
436,2021-01-24,52,2800,2852
436,2021-01-25,242,5997,6239
436,2021-01-26,337,6628,6965
436,2021-01-27,307,6078,6385
436,2021-01-28,279,6608,6887
436,2021-01-29,308,7050,7358
436,2021-01-30,85,4933,5018
436,2021-01-31,42,2758,2800
436,2021-02-01,244,6248,6492
436,2021-02-02,306,6837,7143
436,2021-02-03,306,6447,6753
436,2021-02-04,299,6957,7256
436,2021-02-05,298,7205,7503
436,2021-02-06,107,5039,5146
436,2021-02-07,38,2618,2656
436,2021-02-08,264,5572,5836
436,2021-02-09,250,6085,6335
436,2021-02-10,259,5911,6170
436,2021-02-11,302,6211,6513
436,2021-02-12,272,6325,6597
436,2021-02-13,120,4771,4891
436,2021-02-14,34,2697,2731
436,2021-02-15,302,5165,5467
436,2021-02-16,279,6094,6373
436,2021-02-17,264,5988,6252
436,2021-02-18,302,5981,6283
436,2021-02-19,289,6525,6814
436,2021-02-20,103,4763,4866
436,2021-02-21,39,3076,3115
436,2021-02-22,321,6102,6423
436,2021-02-23,323,6575,6898
436,2021-02-24,316,6483,6799
436,2021-02-25,288,6564,6852
436,2021-02-26,299,7037,7336
436,2021-02-27,139,4993,5132
436,2021-02-28,36,3114,3150
436,2021-03-01,326,6355,6681
436,2021-03-02,310,6559,6869
436,2021-03-03,347,6538,6885
436,2021-03-04,366,6727,7093
436,2021-03-05,340,7151,7491
436,2021-03-06,118,5369,5487
436,2021-03-07,33,3137,3170
436,2021-03-08,326,6466,6792
436,2021-03-09,321,6603,6924
436,2021-03-10,280,6405,6685
436,2021-03-11,267,6637,6904
436,2021-03-12,302,7078,7380
436,2021-03-13,108,4980,5088
436,2021-03-14,49,2851,2900
436,2021-03-15,242,6098,6340
436,2021-03-16,309,6606,6915
436,2021-03-17,297,6576,6873
436,2021-03-18,304,6766,7070
436,2021-03-19,328,7151,7479
436,2021-03-20,127,5314,5441
436,2021-03-21,36,2914,2950
436,2021-03-22,348,6198,6546
436,2021-03-23,353,6998,7351
436,2021-03-24,326,6809,7135
436,2021-03-25,316,6975,7291
436,2021-03-26,331,7393,7724
436,2021-03-27,152,5145,5297
436,2021-03-29,310,6598,6908
436,2021-03-30,309,7071,7380
436,2021-03-31,311,6990,7301
436,2021-04-01,332,7310,7642
436,2021-04-02,327,7744,8071
436,2021-04-03,122,5472,5594
436,2021-04-05,43,2171,2214
436,2021-04-06,410,5956,6366
436,2021-04-07,499,5787,6286
436,2021-04-08,486,6099,6585
436,2021-04-09,500,6247,6747
436,2021-04-10,102,3986,4088
436,2021-04-11,20,2037,2057
436,2021-04-12,422,5718,6140
436,2021-04-13,442,6146,6588
436,2021-04-14,487,6148,6635
436,2021-04-15,446,6187,6633
436,2021-04-16,482,6377,6859
436,2021-04-17,156,4698,4854
436,2021-04-18,67,2518,2585
436,2021-04-19,480,5858,6338
436,2021-04-20,391,6424,6815
436,2021-04-21,429,6267,6696
436,2021-04-22,428,6605,7033
436,2021-04-23,437,6958,7395
436,2021-04-24,138,5462,5600
436,2021-04-25,50,3555,3605
436,2021-04-26,397,6445,6842
436,2021-04-27,397,7173,7570
436,2021-04-28,369,6957,7326
436,2021-04-29,376,6970,7346
436,2021-04-30,394,7532,7926
436,2021-05-01,54,3207,3261
436,2021-05-02,39,3249,3288
436,2021-05-03,414,6663,7077
436,2021-05-04,437,7321,7758
436,2021-05-05,329,6807,7136
436,2021-05-06,317,6990,7307
436,2021-05-07,327,7523,7850
436,2021-05-08,134,5534,5668
436,2021-05-09,52,3459,3511
436,2021-05-10,354,6381,6735
436,2021-05-11,335,7164,7499
436,2021-05-12,349,7337,7686
436,2021-05-13,110,2972,3082
436,2021-05-14,272,6767,7039
436,2021-05-15,147,5000,5147
436,2021-05-16,45,2980,3025
436,2021-05-17,431,7201,7632
436,2021-05-18,391,7411,7802
436,2021-05-19,453,7382,7835
436,2021-05-20,368,7671,8039
436,2021-05-21,337,7834,8171
436,2021-05-28,331,7043,7374
436,2021-05-29,120,5319,5439
436,2021-05-30,52,3949,4001
436,2021-05-31,332,6723,7055
436,2021-06-01,345,7510,7855
436,2021-06-02,369,7310,7679
436,2021-06-03,316,7415,7731
436,2021-06-04,381,7560,7941
436,2021-06-05,120,5776,5896
436,2021-06-06,40,3590,3630
436,2021-06-07,332,6806,7138
436,2021-06-08,391,7889,8280
436,2021-06-09,360,7401,7761
436,2021-06-10,362,7909,8271
436,2021-06-11,363,8030,8393
436,2021-06-12,140,6168,6308
436,2021-06-13,47,3924,3971
436,2021-06-14,347,6863,7210
436,2021-06-15,422,7599,8021
436,2021-06-16,417,7307,7724
436,2021-06-17,413,7478,7891
436,2021-06-18,334,7745,8079
436,2021-06-19,168,5725,5893
436,2021-06-20,44,3510,3554
436,2021-06-21,403,6806,7209
436,2021-06-22,412,7592,8004
436,2021-06-23,60,3098,3158
436,2021-06-24,336,7219,7555
436,2021-06-25,312,7469,7781
436,2021-06-26,215,5384,5599
436,2021-06-27,97,3523,3620
436,2021-06-28,324,6606,6930
436,2021-06-29,371,7055,7426
436,2021-06-30,349,7284,7633
436,2021-07-01,365,7673,8038
436,2021-07-02,741,9299,10040
436,2021-07-03,985,8838,9823
436,2021-07-04,415,8094,8509
436,2021-07-05,415,6896,7311
436,2021-07-06,368,7047,7415
436,2021-07-07,401,7196,7597
436,2021-07-08,321,7280,7601
436,2021-07-09,361,7534,7895
436,2021-07-10,236,5810,6046
436,2021-07-11,59,3351,3410
436,2021-07-12,295,6755,7050
436,2021-07-13,309,6913,7222
436,2021-07-14,274,6558,6832
436,2021-07-15,260,7332,7592
436,2021-07-16,315,7072,7387
436,2021-07-17,125,4856,4981
436,2021-07-18,52,3436,3488
436,2021-07-19,317,6325,6642
436,2021-07-20,365,7035,7400
436,2021-07-21,416,7384,7800
436,2021-07-22,357,7180,7537
436,2021-07-23,378,7242,7620
436,2021-07-24,145,4443,4588
436,2021-07-25,64,2962,3026
436,2021-07-26,266,5926,6192
436,2021-07-27,311,6307,6618
436,2021-07-28,288,6622,6910
436,2021-07-29,247,6600,6847
436,2021-07-30,246,6560,6806
436,2021-07-31,157,4526,4683
436,2021-08-01,96,3295,3391
436,2021-08-02,214,5593,5807
436,2021-08-03,214,5853,6067
436,2021-08-04,236,6080,6316
436,2021-08-05,226,5798,6024
436,2021-08-06,205,6011,6216
436,2021-08-07,116,4312,4428
436,2021-08-08,47,2821,2868
436,2021-08-09,217,5416,5633
436,2021-08-10,236,5966,6202
436,2021-08-11,222,5749,5971
436,2021-08-12,238,6037,6275
436,2021-08-13,251,6389,6640
436,2021-08-14,139,4273,4412
436,2021-08-15,79,3255,3334
436,2021-08-16,203,5040,5243
436,2021-08-17,237,5760,5997
436,2021-08-18,206,5504,5710
436,2021-08-19,214,5647,5861
436,2021-08-20,218,5823,6041
436,2021-08-21,131,4239,4370
436,2021-08-22,68,2804,2872
436,2021-08-23,237,5353,5590
436,2021-08-24,276,5986,6262
436,2021-08-25,269,5986,6255
436,2021-08-26,291,6157,6448
436,2021-08-27,240,6182,6422
436,2021-08-28,124,4171,4295
436,2021-08-29,47,2921,2968
436,2021-08-30,265,5658,5923
436,2021-08-31,318,6370,6688
436,2021-09-01,322,6641,6963
436,2021-09-02,297,6593,6890
436,2021-09-03,269,6625,6894
436,2021-09-04,120,4633,4753
436,2021-09-05,43,3245,3288
436,2021-09-06,288,6189,6477
436,2021-09-07,313,6474,6787
436,2021-09-08,344,6520,6864
436,2021-09-09,354,6882,7236
436,2021-09-10,301,6272,6573
436,2021-09-11,143,5030,5173
436,2021-09-12,47,3486,3533
436,2021-09-13,286,6796,7082
436,2021-09-14,342,7184,7526
436,2021-09-15,345,6916,7261
436,2021-09-16,346,7343,7689
436,2021-09-17,360,7575,7935
436,2021-09-18,156,5431,5587
436,2021-09-19,54,3843,3897
436,2021-09-20,291,6782,7073
436,2021-09-21,328,7725,8053
436,2021-09-22,318,7421,7739
436,2021-09-23,323,8043,8366
436,2021-09-24,352,7680,8032
436,2021-09-25,184,5657,5841
436,2021-09-26,47,3583,3630
436,2021-09-27,280,6586,6866
436,2021-09-28,337,7449,7786
436,2021-09-29,311,7468,7779
436,2021-09-30,296,7757,8053
436,2021-10-01,326,8045,8371
436,2021-10-02,138,5609,5747
436,2021-10-03,45,3628,3673
436,2021-10-04,597,7499,8096
436,2021-10-05,539,6897,7436
436,2021-10-06,400,7196,7596
436,2021-10-07,306,7790,8096
436,2021-10-08,304,7958,8262
436,2021-10-09,142,5675,5817
436,2021-10-10,71,884,955
436,2021-10-11,455,6958,7413
436,2021-10-12,437,7360,7797
436,2021-10-13,419,7846,8265
436,2021-10-14,375,8081,8456
436,2021-10-15,388,7951,8339
436,2021-10-16,141,5678,5819
436,2021-10-17,56,3832,3888
436,2021-10-18,338,6847,7185
436,2021-10-19,334,7552,7886
436,2021-10-20,363,7407,7770
436,2021-10-21,354,7479,7833
436,2021-10-22,306,7706,8012
436,2021-10-23,138,5690,5828
436,2021-10-24,49,3807,3856
436,2021-10-25,319,6886,7205
436,2021-10-26,338,7828,8166
436,2021-10-27,305,7647,7952
436,2021-10-28,344,7657,8001
436,2021-10-29,312,7804,8116
436,2021-10-30,160,5033,5193
436,2021-11-01,33,2864,2897
436,2021-11-02,309,6743,7052
436,2021-11-03,300,6665,6965
436,2021-11-04,276,6744,7020
436,2021-11-05,295,7583,7878
436,2021-11-06,146,5026,5172
436,2021-11-07,47,3245,3292
436,2021-11-08,286,6974,7260
436,2021-11-09,325,7555,7880
436,2021-11-10,351,7417,7768
436,2021-11-11,281,7750,8031
436,2021-11-12,328,7763,8091
436,2021-11-13,130,5525,5655
436,2021-11-14,33,3576,3609
436,2021-11-15,302,7007,7309
436,2021-11-16,296,7553,7849
436,2021-11-17,322,7504,7826
436,2021-11-18,344,7591,7935
436,2021-11-19,328,7816,8144
436,2021-11-20,134,5720,5854
436,2021-11-21,32,3744,3776
436,2021-11-22,354,6789,7143
436,2021-11-23,353,7528,7881
436,2021-11-24,368,7341,7709
436,2021-11-25,345,7645,7990
436,2021-11-26,381,7584,7965
436,2021-11-27,112,5436,5548
436,2021-11-28,40,3424,3464
436,2021-11-29,361,6674,7035
436,2021-11-30,327,7385,7712
436,2021-12-01,262,7414,7676
436,2021-12-02,284,7332,7616
436,2021-12-03,311,7683,7994
436,2021-12-04,100,5421,5521
436,2021-12-05,50,3444,3494
436,2021-12-06,301,6516,6817
436,2021-12-07,297,7363,7660
436,2021-12-08,307,7238,7545
436,2021-12-09,332,7210,7542
436,2021-12-10,368,7508,7876
436,2021-12-11,114,5808,5922
436,2021-12-12,39,3522,3561
436,2021-12-13,274,6571,6845
436,2021-12-14,338,7433,7771
436,2021-12-15,288,7353,7641
436,2021-12-16,276,7466,7742
436,2021-12-17,278,7746,8024
436,2021-12-18,131,5220,5351
436,2021-12-19,49,3314,3363
436,2021-12-20,207,5954,6161
436,2021-12-21,256,6508,6764
436,2021-12-22,209,6509,6718
436,2021-12-23,169,6707,6876
436,2021-12-24,126,5037,5163
436,2021-12-25,24,2294,2318
436,2021-12-26,32,2207,2239
436,2021-12-27,135,4483,4618
436,2021-12-28,140,4990,5130
436,2021-12-29,137,5213,5350
436,2021-12-30,145,5527,5672
436,2021-12-31,122,4864,4986
437,2021-01-01,70,906,976
437,2021-01-02,188,1492,1680
437,2021-01-03,79,1270,1349
437,2021-01-04,344,3035,3379
437,2021-01-05,372,3211,3583
437,2021-01-06,337,3178,3515
437,2021-01-07,359,3154,3513
437,2021-01-08,378,3349,3727
437,2021-01-09,176,2035,2211
437,2021-01-10,76,1386,1462
437,2021-01-11,434,4526,4960
437,2021-01-12,381,4518,4899
437,2021-01-13,396,4464,4860
437,2021-01-14,395,4177,4572
437,2021-01-15,353,4312,4665
437,2021-01-16,200,2483,2683
437,2021-01-17,94,1557,1651
437,2021-01-18,394,4446,4840
437,2021-01-19,370,4579,4949
437,2021-01-20,381,4485,4866
437,2021-01-21,386,4442,4828
437,2021-01-22,373,4774,5147
437,2021-01-23,177,2538,2715
437,2021-01-24,99,1632,1731
437,2021-01-25,401,4290,4691
437,2021-01-26,386,4467,4853
437,2021-01-27,423,4347,4770
437,2021-01-28,352,4654,5006
437,2021-01-29,392,4778,5170
437,2021-01-30,171,2709,2880
437,2021-01-31,77,1688,1765
437,2021-02-02,396,4641,5037
437,2021-02-03,396,4544,4940
437,2021-02-04,399,4630,5029
437,2021-02-05,368,4425,4793
437,2021-02-06,180,2742,2922
437,2021-02-07,77,1644,1721
437,2021-02-08,432,4023,4455
437,2021-02-09,449,4156,4605
437,2021-02-10,418,4381,4799
437,2021-02-11,406,4165,4571
437,2021-02-12,370,4414,4784
437,2021-02-13,190,2685,2875
437,2021-02-14,79,1603,1682
437,2021-02-15,418,3845,4263
437,2021-02-16,389,4024,4413
437,2021-02-17,410,4050,4460
437,2021-02-18,394,4018,4412
437,2021-02-19,401,4094,4495
437,2021-02-20,181,2777,2958
437,2021-02-21,93,1988,2081
437,2021-02-22,451,4484,4935
437,2021-02-23,387,4876,5263
437,2021-02-24,404,4953,5357
437,2021-02-25,421,4968,5389
437,2021-02-26,481,4719,5200
437,2021-02-27,187,3052,3239
437,2021-02-28,88,1930,2018
437,2021-03-02,435,4703,5138
437,2021-03-03,414,4761,5175
437,2021-03-04,424,4772,5196
437,2021-03-05,440,4859,5299
437,2021-03-06,209,3026,3235
437,2021-03-07,82,1938,2020
437,2021-03-08,407,4725,5132
437,2021-03-09,448,4655,5103
437,2021-03-10,456,4593,5049
437,2021-03-11,400,4785,5185
437,2021-03-12,380,4967,5347
437,2021-03-13,207,2612,2819
437,2021-03-14,85,1737,1822
437,2021-03-15,393,4610,5003
437,2021-03-16,437,4702,5139
437,2021-03-17,409,4776,5185
437,2021-03-18,446,4854,5300
437,2021-03-19,434,4943,5377
437,2021-03-20,205,3026,3231
437,2021-03-21,86,1798,1884
437,2021-03-22,429,4590,5019
437,2021-03-23,410,4934,5344
437,2021-03-24,391,4888,5279
437,2021-03-25,415,4806,5221
437,2021-03-26,462,4974,5436
437,2021-03-27,187,2785,2972
437,2021-03-29,422,4625,5047
437,2021-03-30,386,4901,5287
437,2021-03-31,443,4867,5310
437,2021-04-01,462,4884,5346
437,2021-04-02,434,4961,5395
437,2021-04-03,182,2642,2824
437,2021-04-04,83,1687,1770
437,2021-04-05,90,1281,1371
437,2021-04-06,486,4752,5238
437,2021-04-07,473,4450,4923
437,2021-04-08,459,4606,5065
437,2021-04-09,467,4752,5219
437,2021-04-10,185,2575,2760
437,2021-04-11,78,1626,1704
437,2021-04-12,424,4643,5067
437,2021-04-13,435,4661,5096
437,2021-04-14,460,4761,5221
437,2021-04-15,431,4849,5280
437,2021-04-16,380,4888,5268
437,2021-04-17,215,2867,3082
437,2021-04-18,84,1881,1965
437,2021-04-19,445,4975,5420
437,2021-04-20,427,5493,5920
437,2021-04-21,439,5377,5816
437,2021-04-22,476,5334,5810
437,2021-04-23,463,5355,5818
437,2021-04-24,177,3719,3896
437,2021-04-25,99,2158,2257
437,2021-04-26,465,4895,5360
437,2021-04-27,473,4942,5415
437,2021-04-28,420,4950,5370
437,2021-04-29,442,5008,5450
437,2021-04-30,451,5381,5832
437,2021-05-01,90,2055,2145
437,2021-05-02,80,2128,2208
437,2021-05-03,393,5006,5399
437,2021-05-04,417,4953,5370
437,2021-05-05,415,4941,5356
437,2021-05-06,373,5132,5505
437,2021-05-07,421,5011,5432
437,2021-05-08,195,3000,3195
437,2021-05-09,81,2076,2157
437,2021-05-10,421,4717,5138
437,2021-05-11,439,4761,5200
437,2021-05-12,401,5054,5455
437,2021-05-13,82,1849,1931
437,2021-05-14,373,3910,4283
437,2021-05-15,189,2651,2840
437,2021-05-16,109,1734,1843
437,2021-05-17,399,4643,5042
437,2021-05-18,425,4888,5313
437,2021-05-19,416,4983,5399
437,2021-05-20,411,5134,5545
437,2021-05-21,435,5132,5567
437,2021-05-22,201,3238,3439
437,2021-05-23,83,1687,1770
437,2021-05-24,91,1520,1611
437,2021-05-25,387,4407,4794
437,2021-05-26,383,4204,4587
437,2021-05-27,426,4614,5040
437,2021-05-28,405,4520,4925
437,2021-05-29,193,2539,2732
437,2021-05-30,83,2234,2317
437,2021-05-31,419,5008,5427
437,2021-06-01,442,5319,5761
437,2021-06-02,449,5259,5708
437,2021-06-03,420,5186,5606
437,2021-06-04,478,4954,5432
437,2021-06-05,188,3015,3203
437,2021-06-06,83,1943,2026
437,2021-06-07,503,4949,5452
437,2021-06-08,417,5101,5518
437,2021-06-09,443,5224,5667
437,2021-06-10,429,5111,5540
437,2021-06-11,398,5328,5726
437,2021-06-12,190,2980,3170
437,2021-06-13,79,2101,2180
437,2021-06-14,412,4982,5394
437,2021-06-15,458,5124,5582
437,2021-06-16,397,5181,5578
437,2021-06-17,385,5184,5569
437,2021-06-18,399,5175,5574
437,2021-06-19,200,3107,3307
437,2021-06-20,99,2008,2107
437,2021-06-21,407,4850,5257
437,2021-06-22,399,4859,5258
437,2021-06-23,91,1913,2004
437,2021-06-24,401,4519,4920
437,2021-06-25,409,4851,5260
437,2021-06-26,189,2879,3068
437,2021-06-27,87,1833,1920
437,2021-06-28,417,4784,5201
437,2021-06-29,412,5036,5448
437,2021-06-30,509,4951,5460
437,2021-07-01,389,5167,5556
437,2021-07-02,393,5171,5564
437,2021-07-03,199,2755,2954
437,2021-07-04,98,1928,2026
437,2021-07-05,400,5414,5814
437,2021-07-06,410,5586,5996
437,2021-07-07,443,5104,5547
437,2021-07-08,464,5036,5500
437,2021-07-09,435,4951,5386
437,2021-07-10,210,2821,3031
437,2021-07-11,88,2001,2089
437,2021-07-12,392,4810,5202
437,2021-07-13,397,4984,5381
437,2021-07-14,423,5303,5726
437,2021-07-15,376,4919,5295
437,2021-07-16,370,5110,5480
437,2021-07-17,208,2821,3029
437,2021-07-18,87,2099,2186
437,2021-07-19,375,4474,4849
437,2021-07-20,387,4813,5200
437,2021-07-21,413,4786,5199
437,2021-07-22,415,4482,4897
437,2021-07-23,368,4500,4868
437,2021-07-24,237,2673,2910
437,2021-07-25,106,2488,2594
437,2021-07-26,416,4274,4690
437,2021-07-27,432,4369,4801
437,2021-07-28,390,4444,4834
437,2021-07-29,402,4352,4754
437,2021-07-30,354,4002,4356
437,2021-07-31,193,2205,2398
437,2021-08-01,90,1732,1822
437,2021-08-02,341,3401,3742
437,2021-08-03,346,3416,3762
437,2021-08-04,347,3416,3763
437,2021-08-05,372,3333,3705
437,2021-08-06,381,3362,3743
437,2021-08-07,170,1896,2066
437,2021-08-08,87,1495,1582
437,2021-08-09,350,3158,3508
437,2021-08-10,334,3143,3477
437,2021-08-11,351,3223,3574
437,2021-08-12,325,3176,3501
437,2021-08-13,355,3027,3382
437,2021-08-14,179,1888,2067
437,2021-08-15,84,1463,1547
437,2021-08-16,333,2921,3254
437,2021-08-17,362,3062,3424
437,2021-08-18,364,3054,3418
437,2021-08-19,332,3180,3512
437,2021-08-20,331,3174,3505
437,2021-08-21,181,1897,2078
437,2021-08-22,89,1442,1531
437,2021-08-23,375,3519,3894
437,2021-08-24,393,3474,3867
437,2021-08-25,401,3580,3981
437,2021-08-26,370,3543,3913
437,2021-08-27,375,3586,3961
437,2021-08-28,189,2148,2337
437,2021-08-29,86,1648,1734
437,2021-08-30,461,4308,4769
437,2021-08-31,388,4488,4876
437,2021-09-01,430,4362,4792
437,2021-09-02,419,4574,4993
437,2021-09-03,426,4486,4912
437,2021-09-04,313,4407,4720
437,2021-09-05,195,3036,3231
437,2021-09-06,437,4667,5104
437,2021-09-07,386,4597,4983
437,2021-09-08,436,4714,5150
437,2021-09-09,395,4713,5108
437,2021-09-10,403,4677,5080
437,2021-09-11,331,4930,5261
437,2021-09-12,178,3008,3186
437,2021-09-13,458,4501,4959
437,2021-09-14,482,4728,5210
437,2021-09-15,386,4546,4932
437,2021-09-16,416,4723,5139
437,2021-09-17,457,4721,5178
437,2021-09-18,199,2858,3057
437,2021-09-19,99,1912,2011
437,2021-09-20,429,4760,5189
437,2021-09-21,450,5033,5483
437,2021-09-22,473,4669,5142
437,2021-09-23,419,4930,5349
437,2021-09-24,416,5239,5655
437,2021-09-25,218,3139,3357
437,2021-09-26,86,1863,1949
437,2021-09-27,451,4770,5221
437,2021-09-28,448,4951,5399
437,2021-09-29,420,4875,5295
437,2021-09-30,436,5146,5582
437,2021-10-01,429,5056,5485
437,2021-10-02,199,2648,2847
437,2021-10-03,87,1711,1798
437,2021-10-04,523,6211,6734
437,2021-10-05,502,7154,7656
437,2021-10-06,450,6780,7230
437,2021-10-07,439,6418,6857
437,2021-10-08,431,6618,7049
437,2021-10-09,321,3840,4161
437,2021-10-10,163,2714,2877
437,2021-10-11,511,6223,6734
437,2021-10-12,466,6753,7219
437,2021-10-13,457,6452,6909
437,2021-10-14,457,6926,7383
437,2021-10-15,413,6377,6790
437,2021-10-16,214,3723,3937
437,2021-10-17,86,2286,2372
437,2021-10-18,455,6089,6544
437,2021-10-19,474,6334,6808
437,2021-10-20,465,6317,6782
437,2021-10-21,433,6519,6952
437,2021-10-22,452,6194,6646
437,2021-10-23,240,3717,3957
437,2021-10-24,91,2930,3021
437,2021-10-25,452,6239,6691
437,2021-10-26,441,6316,6757
437,2021-10-27,483,6222,6705
437,2021-10-28,520,6415,6935
437,2021-10-29,486,6801,7287
437,2021-10-30,194,3199,3393
437,2021-11-01,104,2360,2464
437,2021-11-02,447,5655,6102
437,2021-11-03,430,5580,6010
437,2021-11-04,432,5487,5919
437,2021-11-05,450,5345,5795
437,2021-11-06,212,3190,3402
437,2021-11-07,86,2118,2204
437,2021-11-08,482,5903,6385
437,2021-11-09,434,6704,7138
437,2021-11-10,477,6421,6898
437,2021-11-11,468,7003,7471
437,2021-11-12,486,6656,7142
437,2021-11-13,204,3417,3621
437,2021-11-14,90,2464,2554
437,2021-11-15,477,6286,6763
437,2021-11-16,596,6661,7257
437,2021-11-17,540,6290,6830
437,2021-11-18,504,7070,7574
437,2021-11-19,474,6761,7235
437,2021-11-20,207,3764,3971
437,2021-11-21,84,2376,2460
437,2021-11-22,462,6180,6642
437,2021-11-23,492,6707,7199
437,2021-11-24,556,6543,7099
437,2021-11-25,523,6942,7465
437,2021-11-26,442,7094,7536
437,2021-11-27,214,3682,3896
437,2021-11-28,89,2329,2418
437,2021-11-29,512,6490,7002
437,2021-11-30,434,6592,7026
437,2021-12-01,433,6704,7137
437,2021-12-02,441,6556,6997
437,2021-12-03,449,6401,6850
437,2021-12-04,194,3584,3778
437,2021-12-05,84,2523,2607
437,2021-12-06,437,6188,6625
437,2021-12-07,441,6622,7063
437,2021-12-08,454,6609,7063
437,2021-12-09,480,6678,7158
437,2021-12-10,434,6206,6640
437,2021-12-11,189,3694,3883
437,2021-12-12,86,2374,2460
437,2021-12-13,475,6219,6694
437,2021-12-14,402,6509,6911
437,2021-12-15,419,6531,6950
437,2021-12-16,396,6611,7007
437,2021-12-17,411,6040,6451
437,2021-12-18,183,2906,3089
437,2021-12-19,91,1890,1981
437,2021-12-20,333,4109,4442
437,2021-12-21,348,4221,4569
437,2021-12-22,340,3795,4135
437,2021-12-23,334,3791,4125
437,2021-12-24,273,2817,3090
437,2021-12-25,68,1088,1156
437,2021-12-26,80,1156,1236
437,2021-12-27,322,2619,2941
437,2021-12-28,323,2677,3000
437,2021-12-29,326,2741,3067
437,2021-12-30,314,2868,3182
437,2021-12-31,299,2572,2871
438,2021-01-01,74,3664,3738
438,2021-01-02,153,7695,7848
438,2021-01-03,85,4951,5036
438,2021-01-04,253,11006,11259
438,2021-01-05,251,11707,11958
438,2021-01-06,291,11730,12021
438,2021-01-07,290,11933,12223
438,2021-01-08,283,12636,12919
438,2021-01-09,189,9659,9848
438,2021-01-10,93,5640,5733
438,2021-01-11,346,15061,15407
438,2021-01-12,328,15622,15950
438,2021-01-13,363,15351,15714
438,2021-01-14,339,14829,15168
438,2021-01-15,339,14832,15171
438,2021-01-16,190,12318,12508
438,2021-01-17,90,5682,5772
438,2021-01-18,333,15098,15431
438,2021-01-19,370,15060,15430
438,2021-01-20,361,15184,15545
438,2021-01-21,370,15695,16065
438,2021-01-22,368,16758,17126
438,2021-01-23,186,13112,13298
438,2021-01-24,100,6259,6359
438,2021-01-25,356,14225,14581
438,2021-01-26,389,15682,16071
438,2021-01-27,329,14239,14568
438,2021-01-28,360,16155,16515
438,2021-01-29,349,16325,16674
438,2021-01-30,247,13579,13826
438,2021-01-31,149,6591,6740
438,2021-02-01,355,15507,15862
438,2021-02-02,354,15695,16049
438,2021-02-03,342,15768,16110
438,2021-02-04,373,16025,16398
438,2021-02-05,355,16755,17110
438,2021-02-06,240,13122,13362
438,2021-02-07,136,6607,6743
438,2021-02-08,360,14211,14571
438,2021-02-09,367,14502,14869
438,2021-02-10,362,15167,15529
438,2021-02-11,346,15124,15470
438,2021-02-12,333,16057,16390
438,2021-02-13,185,12800,12985
438,2021-02-14,93,6610,6703
438,2021-02-15,370,14431,14801
438,2021-02-16,382,15389,15771
438,2021-02-17,372,15187,15559
438,2021-02-18,366,15175,15541
438,2021-02-19,338,16146,16484
438,2021-02-20,206,12493,12699
438,2021-02-21,87,7445,7532
438,2021-02-22,376,15878,16254
438,2021-02-23,381,15825,16206
438,2021-02-24,409,15521,15930
438,2021-02-25,367,15937,16304
438,2021-02-26,351,17158,17509
438,2021-02-27,261,14045,14306
438,2021-02-28,140,7737,7877
438,2021-03-01,376,15097,15473
438,2021-03-02,389,16002,16391
438,2021-03-03,406,15585,15991
438,2021-03-04,387,16072,16459
438,2021-03-05,385,16912,17297
438,2021-03-06,266,13913,14179
438,2021-03-07,134,7466,7600
438,2021-03-08,383,15516,15899
438,2021-03-09,394,15846,16240
438,2021-03-10,358,15794,16152
438,2021-03-11,374,15895,16269
438,2021-03-12,420,18204,18624
438,2021-03-13,268,12972,13240
438,2021-03-14,145,6857,7002
438,2021-03-15,391,15386,15777
438,2021-03-16,382,15684,16066
438,2021-03-17,385,15726,16111
438,2021-03-18,385,16494,16879
438,2021-03-19,430,16981,17411
438,2021-03-20,285,14638,14923
438,2021-03-21,155,7800,7955
438,2021-03-22,373,15512,15885
438,2021-03-23,382,15969,16351
438,2021-03-24,395,15158,15553
438,2021-03-25,401,15911,16312
438,2021-03-26,368,17648,18016
438,2021-03-27,206,14307,14513
438,2021-03-29,365,15518,15883
438,2021-03-30,363,16362,16725
438,2021-03-31,389,16386,16775
438,2021-04-01,406,17095,17501
438,2021-04-02,435,17605,18040
438,2021-04-03,292,14249,14541
438,2021-04-04,150,7179,7329
438,2021-04-05,156,5415,5571
438,2021-04-06,461,15991,16452
438,2021-04-07,456,15611,16067
438,2021-04-08,444,15732,16176
438,2021-04-09,469,16401,16870
438,2021-04-10,277,12959,13236
438,2021-04-11,165,6710,6875
438,2021-04-12,441,15266,15707
438,2021-04-13,502,15761,16263
438,2021-04-14,487,16339,16826
438,2021-04-15,499,16355,16854
438,2021-04-16,512,16903,17415
438,2021-04-17,294,13580,13874
438,2021-04-18,162,7112,7274
438,2021-04-19,395,15385,15780
438,2021-04-20,416,16627,17043
438,2021-04-21,426,15852,16278
438,2021-04-22,403,16568,16971
438,2021-04-23,377,17133,17510
438,2021-04-24,329,14535,14864
438,2021-04-25,134,8169,8303
438,2021-04-26,470,16094,16564
438,2021-04-27,442,16314,16756
438,2021-04-28,424,16651,17075
438,2021-04-29,408,17490,17898
438,2021-04-30,411,18337,18748
438,2021-05-01,96,7653,7749
438,2021-05-02,105,8497,8602
438,2021-05-03,429,15929,16358
438,2021-05-04,457,16620,17077
438,2021-05-05,416,16362,16778
438,2021-05-06,415,16484,16899
438,2021-05-07,460,17573,18033
438,2021-05-08,215,14803,15018
438,2021-05-09,95,7870,7965
438,2021-05-10,417,15619,16036
438,2021-05-11,428,16555,16983
438,2021-05-12,421,17111,17532
438,2021-05-13,119,6666,6785
438,2021-05-14,340,16083,16423
438,2021-05-15,262,13832,14094
438,2021-05-16,150,7162,7312
438,2021-05-17,403,15863,16266
438,2021-05-18,407,16260,16667
438,2021-05-19,455,15641,16096
438,2021-05-20,384,17315,17699
438,2021-05-21,460,18185,18645
438,2021-05-22,330,17267,17597
438,2021-05-23,122,9194,9316
438,2021-05-24,97,5786,5883
438,2021-05-25,342,15913,16255
438,2021-05-26,356,15550,15906
438,2021-05-27,394,16021,16415
438,2021-05-28,326,16343,16669
438,2021-05-29,250,13214,13464
438,2021-05-30,121,8192,8313
438,2021-05-31,390,16078,16468
438,2021-06-01,392,16297,16689
438,2021-06-02,369,16337,16706
438,2021-06-03,395,16835,17230
438,2021-06-04,464,16435,16899
438,2021-06-05,230,14807,15037
438,2021-06-06,100,7943,8043
438,2021-06-07,408,15960,16368
438,2021-06-08,383,16479,16862
438,2021-06-09,445,16062,16507
438,2021-06-10,432,16812,17244
438,2021-06-11,384,17199,17583
438,2021-06-12,235,15248,15483
438,2021-06-13,115,11155,11270
438,2021-06-14,378,16557,16935
438,2021-06-15,370,16865,17235
438,2021-06-16,407,16427,16834
438,2021-06-17,397,17674,18071
438,2021-06-18,403,17510,17913
438,2021-06-19,230,14666,14896
438,2021-06-20,107,8285,8392
438,2021-06-21,482,16758,17240
438,2021-06-22,409,16955,17364
438,2021-06-23,108,7628,7736
438,2021-06-24,422,16098,16520
438,2021-06-25,418,16519,16937
438,2021-06-26,278,15453,15731
438,2021-06-27,138,9724,9862
438,2021-06-28,365,15529,15894
438,2021-06-29,401,16117,16518
438,2021-06-30,377,16056,16433
438,2021-07-01,467,15986,16453
438,2021-07-02,403,16637,17040
438,2021-07-03,262,14077,14339
438,2021-07-04,114,7988,8102
438,2021-07-05,385,15440,15825
438,2021-07-06,377,15198,15575
438,2021-07-07,411,15188,15599
438,2021-07-08,425,15420,15845
438,2021-07-09,395,16088,16483
438,2021-07-10,243,14517,14760
438,2021-07-11,112,8435,8547
438,2021-07-12,389,15452,15841
438,2021-07-13,361,15354,15715
438,2021-07-14,400,15223,15623
438,2021-07-15,680,14271,14951
438,2021-07-16,351,15511,15862
438,2021-07-17,582,15549,16131
438,2021-07-18,114,7798,7912
438,2021-07-19,349,14226,14575
438,2021-07-20,358,14110,14468
438,2021-07-21,362,14295,14657
438,2021-07-22,364,14718,15082
438,2021-07-23,378,15104,15482
438,2021-07-24,244,11364,11608
438,2021-07-25,123,6366,6489
438,2021-07-26,346,13311,13657
438,2021-07-27,372,14405,14777
438,2021-07-28,368,14687,15055
438,2021-07-29,384,14413,14797
438,2021-07-30,337,14563,14900
438,2021-07-31,240,11125,11365
438,2021-08-01,117,6918,7035
438,2021-08-02,265,12030,12295
438,2021-08-03,264,12068,12332
438,2021-08-04,364,12424,12788
438,2021-08-05,289,12810,13099
438,2021-08-06,317,13302,13619
438,2021-08-07,223,10134,10357
438,2021-08-08,118,6170,6288
438,2021-08-09,286,11337,11623
438,2021-08-10,297,11780,12077
438,2021-08-11,294,12128,12422
438,2021-08-12,287,12062,12349
438,2021-08-13,325,12316,12641
438,2021-08-14,225,9781,10006
438,2021-08-15,219,6150,6369
438,2021-08-16,323,11551,11874
438,2021-08-17,304,11540,11844
438,2021-08-18,335,11454,11789
438,2021-08-19,305,12315,12620
438,2021-08-20,313,13040,13353
438,2021-08-21,302,9788,10090
438,2021-08-22,183,6124,6307
438,2021-08-23,327,12202,12529
438,2021-08-24,324,12779,13103
438,2021-08-25,338,13121,13459
438,2021-08-26,338,13399,13737
438,2021-08-27,376,13982,14358
438,2021-08-28,239,10885,11124
438,2021-08-29,131,7042,7173
438,2021-08-30,310,14011,14321
438,2021-08-31,392,13953,14345
438,2021-09-01,377,14602,14979
438,2021-09-02,365,14051,14416
438,2021-09-03,391,15170,15561
438,2021-09-04,268,11564,11832
438,2021-09-05,128,7440,7568
438,2021-09-06,399,14196,14595
438,2021-09-07,363,14916,15279
438,2021-09-08,373,15026,15399
438,2021-09-09,386,15303,15689
438,2021-09-10,403,15767,16170
438,2021-09-11,264,13675,13939
438,2021-09-12,117,8824,8941
438,2021-09-13,423,14620,15043
438,2021-09-14,451,15512,15963
438,2021-09-15,450,15732,16182
438,2021-09-16,440,15704,16144
438,2021-09-17,451,15706,16157
438,2021-09-18,354,13597,13951
438,2021-09-19,164,8467,8631
438,2021-09-20,408,14717,15125
438,2021-09-21,415,15594,16009
438,2021-09-22,445,15120,15565
438,2021-09-23,424,15672,16096
438,2021-09-24,443,16214,16657
438,2021-09-25,275,14064,14339
438,2021-09-26,112,8514,8626
438,2021-09-27,403,14958,15361
438,2021-09-28,438,15245,15683
438,2021-09-29,460,15830,16290
438,2021-09-30,558,16172,16730
438,2021-10-01,546,16061,16607
438,2021-10-02,369,14651,15020
438,2021-10-03,119,8555,8674
438,2021-10-04,444,14537,14981
438,2021-10-05,455,15155,15610
438,2021-10-06,479,15219,15698
438,2021-10-07,450,16557,17007
438,2021-10-08,407,15850,16257
438,2021-10-09,276,14261,14537
438,2021-10-10,218,8635,8853
438,2021-10-11,473,15066,15539
438,2021-10-12,460,15709,16169
438,2021-10-13,448,15802,16250
438,2021-10-14,445,15803,16248
438,2021-10-15,407,16328,16735
438,2021-10-16,282,14412,14694
438,2021-10-17,159,8478,8637
438,2021-10-18,394,14992,15386
438,2021-10-19,426,15440,15866
438,2021-10-20,423,15385,15808
438,2021-10-21,410,15792,16202
438,2021-10-22,386,16357,16743
438,2021-10-23,309,14980,15289
438,2021-10-24,190,12231,12421
438,2021-10-25,420,14779,15199
438,2021-10-26,410,15477,15887
438,2021-10-27,488,15445,15933
438,2021-10-28,433,16306,16739
438,2021-10-29,404,16244,16648
438,2021-10-30,201,13327,13528
438,2021-11-01,101,6814,6915
438,2021-11-02,377,14960,15337
438,2021-11-03,403,14796,15199
438,2021-11-04,394,15554,15948
438,2021-11-05,373,15386,15759
438,2021-11-06,208,12784,12992
438,2021-11-07,89,7298,7387
438,2021-11-08,434,14423,14857
438,2021-11-09,457,15207,15664
438,2021-11-10,451,15404,15855
438,2021-11-11,429,15963,16392
438,2021-11-12,430,16524,16954
438,2021-11-13,203,14529,14732
438,2021-11-14,97,8630,8727
438,2021-11-15,403,15270,15673
438,2021-11-16,426,15674,16100
438,2021-11-17,413,15589,16002
438,2021-11-18,483,15411,15894
438,2021-11-19,445,16462,16907
438,2021-11-20,213,14146,14359
438,2021-11-21,94,8179,8273
438,2021-11-22,462,15019,15481
438,2021-11-23,434,15544,15978
438,2021-11-24,441,15514,15955
438,2021-11-25,434,15862,16296
438,2021-11-26,388,15328,15716
438,2021-11-27,249,14515,14764
438,2021-11-28,103,8662,8765
438,2021-11-29,432,15369,15801
438,2021-11-30,382,16002,16384
438,2021-12-01,363,15588,15951
438,2021-12-02,427,15972,16399
438,2021-12-03,415,16842,17257
438,2021-12-04,220,14311,14531
438,2021-12-05,97,8737,8834
438,2021-12-06,414,15214,15628
438,2021-12-07,421,15481,15902
438,2021-12-08,448,15286,15734
438,2021-12-09,407,16256,16663
438,2021-12-10,283,12718,13001
438,2021-12-11,225,14534,14759
438,2021-12-12,98,8705,8803
438,2021-12-13,384,15062,15446
438,2021-12-14,417,15883,16300
438,2021-12-15,437,15298,15735
438,2021-12-16,416,16402,16818
438,2021-12-17,395,16721,17116
438,2021-12-18,211,13225,13436
438,2021-12-19,111,8217,8328
438,2021-12-20,303,14028,14331
438,2021-12-21,297,14487,14784
438,2021-12-22,312,14693,15005
438,2021-12-23,299,14750,15049
438,2021-12-24,215,11762,11977
438,2021-12-25,73,5160,5233
438,2021-12-26,84,4778,4862
438,2021-12-27,252,10824,11076
438,2021-12-28,248,11115,11363
438,2021-12-29,249,11564,11813
438,2021-12-30,232,12097,12329
438,2021-12-31,239,11148,11387
439,2021-01-01,88,1068,1156
439,2021-01-02,194,1681,1875
439,2021-01-03,93,1559,1652
439,2021-01-04,273,2550,2823
439,2021-01-05,279,2701,2980
439,2021-01-06,266,2547,2813
439,2021-01-07,275,2671,2946
439,2021-01-08,276,2985,3261
439,2021-01-09,205,2216,2421
439,2021-01-10,96,1664,1760
439,2021-01-11,298,3563,3861
439,2021-01-12,295,3385,3680
439,2021-01-13,321,3482,3803
439,2021-01-14,317,3571,3888
439,2021-01-15,306,3928,4234
439,2021-01-16,199,2478,2677
439,2021-01-17,98,1620,1718
439,2021-01-18,298,3471,3769
439,2021-01-19,323,3589,3912
439,2021-01-20,329,3568,3897
439,2021-01-21,302,3658,3960
439,2021-01-22,298,4012,4310
439,2021-01-23,202,2473,2675
439,2021-01-24,105,1877,1982
439,2021-01-25,358,3522,3880
439,2021-01-26,353,3534,3887
439,2021-01-27,334,3472,3806
439,2021-01-28,304,3710,4014
439,2021-01-29,341,4017,4358
439,2021-01-30,208,2582,2790
439,2021-01-31,98,1833,1931
439,2021-02-01,322,3510,3832
439,2021-02-02,302,3711,4013
439,2021-02-03,316,3666,3982
439,2021-02-04,333,3856,4189
439,2021-02-05,313,4008,4321
439,2021-02-06,215,2533,2748
439,2021-02-07,93,1897,1990
439,2021-02-08,300,3271,3571
439,2021-02-09,329,3380,3709
439,2021-02-10,301,3518,3819
439,2021-02-11,296,3753,4049
439,2021-02-12,293,3870,4163
439,2021-02-13,218,2620,2838
439,2021-02-14,99,1874,1973
439,2021-02-15,304,3264,3568
439,2021-02-16,292,3350,3642
439,2021-02-17,283,3401,3684
439,2021-02-18,322,3410,3732
439,2021-02-19,311,3676,3987
439,2021-02-20,200,2640,2840
439,2021-02-21,96,2156,2252
439,2021-02-22,330,3578,3908
439,2021-02-23,363,3849,4212
439,2021-02-24,381,3900,4281
439,2021-02-25,313,3923,4236
439,2021-02-26,324,4044,4368
439,2021-02-27,226,2829,3055
439,2021-02-28,120,2003,2123
439,2021-03-01,327,3721,4048
439,2021-03-02,305,3831,4136
439,2021-03-03,315,3863,4178
439,2021-03-04,300,3920,4220
439,2021-03-05,321,4029,4350
439,2021-03-06,207,2839,3046
439,2021-03-07,96,2057,2153
439,2021-03-08,324,3861,4185
439,2021-03-09,350,3877,4227
439,2021-03-10,337,3931,4268
439,2021-03-11,394,3938,4332
439,2021-03-12,385,4227,4612
439,2021-03-13,219,2704,2923
439,2021-03-14,100,1911,2011
439,2021-03-15,319,3673,3992
439,2021-03-16,333,3820,4153
439,2021-03-17,334,3732,4066
439,2021-03-18,341,4095,4436
439,2021-03-19,334,4172,4506
439,2021-03-20,206,2973,3179
439,2021-03-21,96,1971,2067
439,2021-03-22,334,3669,4003
439,2021-03-23,313,3839,4152
439,2021-03-24,365,4168,4533
439,2021-03-25,348,3892,4240
439,2021-03-26,331,4316,4647
439,2021-03-27,230,2591,2821
439,2021-03-29,381,3771,4152
439,2021-03-30,307,3984,4291
439,2021-03-31,318,4149,4467
439,2021-04-01,330,4130,4460
439,2021-04-02,315,4288,4603
439,2021-04-03,199,2829,3028
439,2021-04-04,100,1940,2040
439,2021-04-05,101,1532,1633
439,2021-04-06,306,3410,3716
439,2021-04-07,317,3396,3713
439,2021-04-08,309,3654,3963
439,2021-04-09,325,3929,4254
439,2021-04-10,202,2611,2813
439,2021-04-11,92,1735,1827
439,2021-04-12,288,3903,4191
439,2021-04-13,306,3842,4148
439,2021-04-14,307,3958,4265
439,2021-04-15,316,3850,4166
439,2021-04-16,306,3915,4221
439,2021-04-17,229,3072,3301
439,2021-04-18,100,2179,2279
439,2021-04-19,323,3873,4196
439,2021-04-20,323,4351,4674
439,2021-04-21,321,4225,4546
439,2021-04-22,326,4266,4592
439,2021-04-23,337,4514,4851
439,2021-04-24,232,3599,3831
439,2021-04-25,99,2592,2691
439,2021-04-26,333,3986,4319
439,2021-04-27,322,4279,4601
439,2021-04-28,339,4385,4724
439,2021-04-29,345,4903,5248
439,2021-04-30,326,5318,5644
439,2021-05-01,101,2552,2653
439,2021-05-02,101,2315,2416
439,2021-05-03,320,4371,4691
439,2021-05-04,391,4418,4809
439,2021-05-05,395,4401,4796
439,2021-05-06,370,4457,4827
439,2021-05-07,406,4828,5234
439,2021-05-08,207,3258,3465
439,2021-05-09,93,2638,2731
439,2021-05-10,311,4080,4391
439,2021-05-11,317,4319,4636
439,2021-05-12,313,4630,4943
439,2021-05-13,97,2408,2505
439,2021-05-14,297,4250,4547
439,2021-05-15,201,3011,3212
439,2021-05-16,109,2328,2437
439,2021-05-17,325,4174,4499
439,2021-05-18,312,4394,4706
439,2021-05-19,316,4571,4887
439,2021-05-20,316,4531,4847
439,2021-05-21,328,4891,5219
439,2021-05-22,223,3198,3421
439,2021-05-23,119,2288,2407
439,2021-05-24,111,1831,1942
439,2021-05-25,305,3702,4007
439,2021-05-26,325,3883,4208
439,2021-05-27,325,4195,4520
439,2021-05-28,318,4374,4692
439,2021-05-29,204,3341,3545
439,2021-05-30,142,2733,2875
439,2021-05-31,318,4524,4842
439,2021-06-01,312,4628,4940
439,2021-06-02,323,4851,5174
439,2021-06-03,329,4941,5270
439,2021-06-04,412,5294,5706
439,2021-06-05,216,3582,3798
439,2021-06-06,94,2542,2636
439,2021-06-07,365,4402,4767
439,2021-06-08,358,4825,5183
439,2021-06-09,329,4953,5282
439,2021-06-10,319,5031,5350
439,2021-06-11,312,5372,5684
439,2021-06-12,247,5325,5572
439,2021-06-13,108,3334,3442
439,2021-06-14,344,4608,4952
439,2021-06-15,338,4909,5247
439,2021-06-16,346,5043,5389
439,2021-06-17,325,5084,5409
439,2021-06-18,360,5329,5689
439,2021-06-19,302,3765,4067
439,2021-06-20,169,2580,2749
439,2021-06-21,326,4654,4980
439,2021-06-22,365,5174,5539
439,2021-06-23,176,2751,2927
439,2021-06-24,346,4691,5037
439,2021-06-25,356,5107,5463
439,2021-06-26,296,3429,3725
439,2021-06-27,177,2741,2918
439,2021-06-28,337,4648,4985
439,2021-06-29,359,5088,5447
439,2021-06-30,322,5096,5418
439,2021-07-01,338,5125,5463
439,2021-07-02,333,5892,6225
439,2021-07-03,324,3777,4101
439,2021-07-04,191,2707,2898
439,2021-07-05,325,4664,4989
439,2021-07-06,289,4911,5200
439,2021-07-07,327,4919,5246
439,2021-07-08,319,5014,5333
439,2021-07-09,373,5442,5815
439,2021-07-10,330,5054,5384
439,2021-07-11,188,3606,3794
439,2021-07-12,325,4856,5181
439,2021-07-13,308,4971,5279
439,2021-07-14,412,5429,5841
439,2021-07-15,399,4785,5184
439,2021-07-16,401,4594,4995
439,2021-07-17,352,3304,3656
439,2021-07-18,182,2700,2882
439,2021-07-19,322,4208,4530
439,2021-07-20,335,4422,4757
439,2021-07-21,325,4376,4701
439,2021-07-22,335,4493,4828
439,2021-07-23,334,4471,4805
439,2021-07-24,377,2890,3267
439,2021-07-25,164,2350,2514
439,2021-07-26,312,4095,4407
439,2021-07-27,311,4198,4509
439,2021-07-28,321,4262,4583
439,2021-07-29,316,4127,4443
439,2021-07-30,305,4373,4678
439,2021-07-31,300,2950,3250
439,2021-08-01,193,2415,2608
439,2021-08-02,273,3465,3738
439,2021-08-03,278,3701,3979
439,2021-08-04,278,3730,4008
439,2021-08-05,291,3613,3904
439,2021-08-06,307,3709,4016
439,2021-08-07,300,2578,2878
439,2021-08-08,180,2061,2241
439,2021-08-09,281,3104,3385
439,2021-08-10,284,3210,3494
439,2021-08-11,266,3387,3653
439,2021-08-12,303,3467,3770
439,2021-08-13,313,3579,3892
439,2021-08-14,307,2670,2977
439,2021-08-15,192,2069,2261
439,2021-08-16,276,3020,3296
439,2021-08-17,273,3049,3322
439,2021-08-19,262,3340,3602
439,2021-08-20,288,3480,3768
439,2021-08-21,296,2470,2766
439,2021-08-22,181,1968,2149
439,2021-08-23,311,3170,3481
439,2021-08-24,316,3390,3706
439,2021-08-25,308,3560,3868
439,2021-08-26,306,3558,3864
439,2021-08-27,323,3630,3953
439,2021-08-28,307,2558,2865
439,2021-08-29,182,2206,2388
439,2021-08-30,327,3499,3826
439,2021-08-31,304,3763,4067
439,2021-09-01,327,3921,4248
439,2021-09-02,323,3932,4255
439,2021-09-03,362,4086,4448
439,2021-09-04,300,2927,3227
439,2021-09-05,183,2632,2815
439,2021-09-06,308,3837,4145
439,2021-09-07,351,4024,4375
439,2021-09-08,397,4202,4599
439,2021-09-09,315,4213,4528
439,2021-09-10,366,4336,4702
439,2021-09-11,239,1635,1874
439,2021-09-12,106,1080,1186
439,2021-09-13,336,4192,4528
439,2021-09-14,332,4813,5145
439,2021-09-15,313,4484,4797
439,2021-09-16,348,4719,5067
439,2021-09-17,369,4741,5110
439,2021-09-18,332,3570,3902
439,2021-09-19,187,2677,2864
439,2021-09-20,347,4264,4611
439,2021-09-21,314,4627,4941
439,2021-09-22,350,4724,5074
439,2021-09-23,354,5105,5459
439,2021-09-24,419,4964,5383
439,2021-09-25,410,3716,4126
439,2021-09-26,205,2650,2855
439,2021-09-27,381,4411,4792
439,2021-09-28,362,4768,5130
439,2021-09-29,388,4980,5368
439,2021-09-30,395,5195,5590
439,2021-10-01,401,5266,5667
439,2021-10-02,321,3614,3935
439,2021-10-03,195,2629,2824
439,2021-10-04,393,4424,4817
439,2021-10-05,448,5093,5541
439,2021-10-06,402,4795,5197
439,2021-10-07,350,5047,5397
439,2021-10-08,373,5276,5649
439,2021-10-09,329,3974,4303
439,2021-10-10,273,3124,3397
439,2021-10-11,372,4453,4825
439,2021-10-12,384,5110,5494
439,2021-10-13,339,4905,5244
439,2021-10-14,346,5200,5546
439,2021-10-15,388,5275,5663
439,2021-10-16,314,3708,4022
439,2021-10-17,190,2856,3046
439,2021-10-18,310,4607,4917
439,2021-10-19,330,4929,5259
439,2021-10-20,377,4878,5255
439,2021-10-21,330,5461,5791
439,2021-10-22,446,5973,6419
439,2021-10-23,320,3651,3971
439,2021-10-24,194,3330,3524
439,2021-10-25,378,4564,4942
439,2021-10-26,359,4903,5262
439,2021-10-27,395,5052,5447
439,2021-10-28,351,4936,5287
439,2021-10-29,363,5368,5731
439,2021-10-30,299,3433,3732
439,2021-11-01,160,2539,2699
439,2021-11-02,353,4322,4675
439,2021-11-03,312,4502,4814
439,2021-11-04,320,4451,4771
439,2021-11-05,325,5097,5422
439,2021-11-06,320,3263,3583
439,2021-11-07,200,2466,2666
439,2021-11-08,375,4437,4812
439,2021-11-09,355,4848,5203
439,2021-11-10,375,5029,5404
439,2021-11-11,375,5236,5611
439,2021-11-12,459,5358,5817
439,2021-11-13,318,3686,4004
439,2021-11-14,182,2860,3042
439,2021-11-15,326,4627,4953
439,2021-11-16,323,5014,5337
439,2021-11-17,350,4971,5321
439,2021-11-18,409,5380,5789
439,2021-11-19,395,5223,5618
439,2021-11-20,323,3607,3930
439,2021-11-21,208,2589,2797
439,2021-11-22,400,4415,4815
439,2021-11-23,371,4830,5201
439,2021-11-24,382,4992,5374
439,2021-11-25,345,5362,5707
439,2021-11-26,392,5250,5642
439,2021-11-27,305,3376,3681
439,2021-11-28,187,2529,2716
439,2021-11-29,335,4616,4951
439,2021-11-30,359,4863,5222
439,2021-12-01,335,4898,5233
439,2021-12-02,340,4864,5204
439,2021-12-03,369,5309,5678
439,2021-12-04,297,3553,3850
439,2021-12-05,184,2722,2906
439,2021-12-06,322,4371,4693
439,2021-12-07,357,4852,5209
439,2021-12-08,365,4942,5307
439,2021-12-09,352,5124,5476
439,2021-12-10,376,5362,5738
439,2021-12-11,306,3947,4253
439,2021-12-12,181,2805,2986
439,2021-12-13,373,4481,4854
439,2021-12-14,333,5048,5381
439,2021-12-15,328,5091,5419
439,2021-12-16,353,5359,5712
439,2021-12-17,372,5608,5980
439,2021-12-18,322,3788,4110
439,2021-12-19,190,2707,2897
439,2021-12-20,297,3800,4097
439,2021-12-21,276,4047,4323
439,2021-12-22,266,3984,4250
439,2021-12-23,263,3764,4027
439,2021-12-24,229,2851,3080
439,2021-12-25,80,1546,1626
439,2021-12-26,94,1595,1689
439,2021-12-27,233,2290,2523
439,2021-12-28,251,2739,2990
439,2021-12-29,258,2836,3094
439,2021-12-30,260,2941,3201
439,2021-12-31,277,2688,2965
440,2021-01-01,167,5623,5790
440,2021-01-02,330,8865,9195
440,2021-01-03,200,6769,6969
440,2021-01-04,699,13279,13978
440,2021-01-05,861,13976,14837
440,2021-01-06,766,14010,14776
440,2021-01-07,855,14483,15338
440,2021-01-08,729,14512,15241
440,2021-01-09,481,10294,10775
440,2021-01-10,201,8220,8421
440,2021-01-11,1145,19105,20250
440,2021-01-12,1067,15719,16786
440,2021-01-13,1310,18672,19982
440,2021-01-14,1088,16432,17520
440,2021-01-15,1025,18216,19241
440,2021-01-16,452,12943,13395
440,2021-01-17,173,7161,7334
440,2021-01-18,1238,18465,19703
440,2021-01-19,1163,18847,20010
440,2021-01-20,1267,19372,20639
440,2021-01-21,1241,19190,20431
440,2021-01-22,1191,19547,20738
440,2021-01-23,499,13675,14174
440,2021-01-24,217,8597,8814
440,2021-01-25,1130,18170,19300
440,2021-01-26,1331,19512,20843
440,2021-01-27,1012,17245,18257
440,2021-01-28,1161,18954,20115
440,2021-01-29,1123,19789,20912
440,2021-01-30,398,13859,14257
440,2021-01-31,239,8457,8696
440,2021-02-01,1199,18602,19801
440,2021-02-02,1212,18857,20069
440,2021-02-03,1095,18645,19740
440,2021-02-04,1263,20082,21345
440,2021-02-05,1248,20247,21495
440,2021-02-06,489,13952,14441
440,2021-02-07,184,8401,8585
440,2021-02-08,1248,17228,18476
440,2021-02-09,1264,18240,19504
440,2021-02-10,1194,18472,19666
440,2021-02-11,1209,18918,20127
440,2021-02-12,1207,19484,20691
440,2021-02-13,425,14572,14997
440,2021-02-14,216,10130,10346
440,2021-02-15,1188,17225,18413
440,2021-02-16,1245,18476,19721
440,2021-02-17,1257,18154,19411
440,2021-02-18,1268,18214,19482
440,2021-02-19,1258,19159,20417
440,2021-02-20,544,15742,16286
440,2021-02-21,237,11797,12034
440,2021-02-22,1374,19357,20731
440,2021-02-23,1516,20400,21916
440,2021-02-24,1520,20789,22309
440,2021-02-25,1466,20896,22362
440,2021-02-26,1429,20712,22141
440,2021-02-27,615,16243,16858
440,2021-02-28,227,11894,12121
440,2021-03-01,1451,19426,20877
440,2021-03-02,1419,20266,21685
440,2021-03-03,1420,20589,22009
440,2021-03-04,1395,20179,21574
440,2021-03-05,1400,20834,22234
440,2021-03-06,635,16070,16705
440,2021-03-07,220,11512,11732
440,2021-03-08,1446,19751,21197
440,2021-03-09,1537,19994,21531
440,2021-03-10,1441,20243,21684
440,2021-03-11,1354,19716,21070
440,2021-03-12,1371,20496,21867
440,2021-03-13,588,13358,13946
440,2021-03-14,185,8156,8341
440,2021-03-15,1386,19185,20571
440,2021-03-16,1535,20752,22287
440,2021-03-17,1492,20078,21570
440,2021-03-18,1538,20597,22135
440,2021-03-19,1511,21009,22520
440,2021-03-20,609,16015,16624
440,2021-03-21,224,9712,9936
440,2021-03-22,1486,19602,21088
440,2021-03-23,1552,20635,22187
440,2021-03-24,1486,20345,21831
440,2021-03-25,1512,20867,22379
440,2021-03-26,1479,20391,21870
440,2021-03-27,524,14883,15407
440,2021-03-29,1361,20689,22050
440,2021-03-30,1591,21678,23269
440,2021-03-31,1601,21561,23162
440,2021-04-01,1523,21743,23266
440,2021-04-02,1254,22062,23316
440,2021-04-03,497,15184,15681
440,2021-04-04,199,11338,11537
440,2021-04-05,254,7771,8025
440,2021-04-06,1363,19538,20901
440,2021-04-07,1374,19909,21283
440,2021-04-08,1491,20657,22148
440,2021-04-09,1449,21131,22580
440,2021-04-10,605,13273,13878
440,2021-04-11,195,7513,7708
440,2021-04-12,1492,19261,20753
440,2021-04-13,1503,20689,22192
440,2021-04-14,1389,20598,21987
440,2021-04-15,1500,21286,22786
440,2021-04-16,1471,20821,22292
440,2021-04-17,610,15992,16602
440,2021-04-18,236,10089,10325
440,2021-04-19,1458,20505,21963
440,2021-04-20,1537,21342,22879
440,2021-04-21,1612,20555,22167
440,2021-04-22,1477,21364,22841
440,2021-04-23,1465,21964,23429
440,2021-04-24,548,17518,18066
440,2021-04-25,242,13480,13722
440,2021-04-26,1456,20285,21741
440,2021-04-27,1434,21155,22589
440,2021-04-28,1476,21236,22712
440,2021-04-29,1480,21490,22970
440,2021-04-30,1522,22497,24019
440,2021-05-01,281,12197,12478
440,2021-05-02,236,11443,11679
440,2021-05-03,1467,21206,22673
440,2021-05-04,1463,21258,22721
440,2021-05-05,1527,20908,22435
440,2021-05-06,1430,20840,22270
440,2021-05-07,1468,21865,23333
440,2021-05-08,533,16249,16782
440,2021-05-09,258,14532,14790
440,2021-05-10,1443,19947,21390
440,2021-05-11,1544,20756,22300
440,2021-05-12,1507,21723,23230
440,2021-05-13,324,11225,11549
440,2021-05-14,1076,20034,21110
440,2021-05-15,537,15255,15792
440,2021-05-16,264,10186,10450
440,2021-05-17,1430,19954,21384
440,2021-05-18,1501,20616,22117
440,2021-05-19,1529,20716,22245
440,2021-05-20,1562,21845,23407
440,2021-05-21,1505,22035,23540
440,2021-05-22,535,15113,15648
440,2021-05-23,221,10890,11111
440,2021-05-24,279,9184,9463
440,2021-05-25,1434,18514,19948
440,2021-05-26,1474,18463,19937
440,2021-05-27,1605,17841,19446
440,2021-05-28,1483,18942,20425
440,2021-05-29,537,9415,9952
440,2021-05-30,373,7564,7937
440,2021-05-31,1546,19991,21537
440,2021-06-01,1551,21321,22872
440,2021-06-05,563,15940,16503
440,2021-06-06,184,10750,10934
440,2021-06-07,1242,19905,21147
440,2021-06-08,1439,21161,22600
440,2021-06-09,1535,20691,22226
440,2021-06-10,1572,21177,22749
440,2021-06-11,1526,21360,22886
440,2021-06-12,591,16784,17375
440,2021-06-13,287,13022,13309
440,2021-06-14,1478,19488,20966
440,2021-06-15,1506,20457,21963
440,2021-06-16,1603,21262,22865
440,2021-06-17,1534,20844,22378
440,2021-06-18,1555,20723,22278
440,2021-06-19,669,15516,16185
440,2021-06-20,288,11380,11668
440,2021-06-21,1642,19453,21095
440,2021-06-22,1711,20118,21829
440,2021-06-23,513,10917,11430
440,2021-06-24,1581,18450,20031
440,2021-06-25,1574,20409,21983
440,2021-06-26,725,15334,16059
440,2021-06-27,293,11453,11746
440,2021-06-28,1647,19859,21506
440,2021-06-29,1591,19761,21352
440,2021-06-30,1472,19327,20799
440,2021-08-05,1025,16071,17096
440,2021-08-06,915,15524,16439
440,2021-08-07,463,12132,12595
440,2021-08-08,237,9418,9655
440,2021-08-09,931,15699,16630
440,2021-08-10,1073,16719,17792
440,2021-08-11,991,16352,17343
440,2021-08-12,1009,16374,17383
440,2021-08-13,997,16195,17192
440,2021-08-14,496,12702,13198
440,2021-08-15,277,11044,11321
440,2021-08-16,925,14435,15360
440,2021-08-17,1042,14915,15957
440,2021-08-18,960,15834,16794
440,2021-08-19,973,15669,16642
440,2021-08-20,996,16287,17283
440,2021-08-21,461,13305,13766
440,2021-08-22,226,8949,9175
440,2021-08-23,1100,15454,16554
440,2021-08-24,1205,17900,19105
440,2021-08-25,1301,17906,19207
440,2021-08-26,1251,17850,19101
440,2021-08-27,1289,17795,19084
440,2021-08-28,537,12891,13428
440,2021-08-29,243,10263,10506
440,2021-08-30,1340,17733,19073
440,2021-08-31,1382,19099,20481
440,2021-09-01,1436,19683,21119
440,2021-09-02,1525,19525,21050
440,2021-09-03,1608,19044,20652
440,2021-09-04,659,15221,15880
440,2021-09-05,307,13680,13987
440,2021-09-06,1560,19131,20691
440,2021-09-07,1530,20362,21892
440,2021-09-08,1523,21075,22598
440,2021-09-09,1510,20550,22060
440,2021-09-10,1548,19021,20569
440,2021-09-11,615,15851,16466
440,2021-09-12,255,12935,13190
440,2021-09-13,1611,20267,21878
440,2021-09-14,1582,19982,21564
440,2021-09-15,1401,17960,19361
440,2021-09-16,1569,21421,22990
440,2021-09-17,1708,21476,23184
440,2021-09-18,928,17393,18321
440,2021-09-19,381,13617,13998
440,2021-09-20,1583,19887,21470
440,2021-09-21,1599,21170,22769
440,2021-09-22,1513,20994,22507
440,2021-09-23,1674,21284,22958
440,2021-09-24,1628,21606,23234
440,2021-09-25,626,17548,18174
440,2021-09-26,243,11218,11461
440,2021-09-27,1673,19149,20822
440,2021-09-28,1728,20952,22680
440,2021-09-29,1541,20303,21844
440,2021-09-30,1711,21736,23447
440,2021-10-01,1679,22241,23920
440,2021-10-02,594,15572,16166
440,2021-10-03,252,8284,8536
440,2021-10-04,1608,20792,22400
440,2021-10-05,1529,19005,20534
440,2021-10-06,1510,18970,20480
440,2021-10-07,1643,21444,23087
440,2021-10-08,1661,21852,23513
440,2021-10-09,648,17270,17918
440,2021-10-10,245,13518,13763
440,2021-10-11,1546,20279,21825
440,2021-10-12,1549,18805,20354
440,2021-10-13,1529,20883,22412
440,2021-10-14,1599,22370,23969
440,2021-10-15,1573,21577,23150
440,2021-10-16,637,16738,17375
440,2021-10-17,264,12805,13069
440,2021-10-18,1653,20416,22069
440,2021-10-19,1520,18710,20230
440,2021-10-20,1478,19417,20895
440,2021-10-21,1432,17163,18595
440,2021-10-22,1547,20735,22282
440,2021-10-23,631,16809,17440
440,2021-10-24,270,13041,13311
440,2021-10-25,1476,19537,21013
440,2021-10-26,1629,20020,21649
440,2021-10-27,1628,21401,23029
440,2021-10-28,1810,22215,24025
440,2021-10-29,1625,21730,23355
440,2021-10-30,469,11406,11875
440,2021-11-01,219,10288,10507
440,2021-11-02,1267,16530,17797
440,2021-11-03,1402,16269,17671
440,2021-11-04,1491,17797,19288
440,2021-11-05,1585,20747,22332
440,2021-11-06,684,15306,15990
440,2021-11-07,204,9867,10071
440,2021-11-08,1553,20211,21764
440,2021-11-09,1604,21459,23063
440,2021-11-10,1641,20891,22532
440,2021-11-11,1622,21987,23609
440,2021-11-12,1630,22336,23966
440,2021-11-13,539,13118,13657
440,2021-11-14,262,11217,11479
440,2021-11-15,1606,20297,21903
440,2021-11-16,1643,20325,21968
440,2021-11-17,1543,19900,21443
440,2021-11-18,1611,20220,21831
440,2021-11-19,1489,19947,21436
440,2021-11-20,684,16918,17602
440,2021-11-21,196,9008,9204
440,2021-11-22,1490,20084,21574
440,2021-11-23,1749,20884,22633
440,2021-11-24,1772,21089,22861
440,2021-11-25,1905,21591,23496
440,2021-11-26,1536,18184,19720
440,2021-11-27,410,12373,12783
440,2021-11-28,193,9574,9767
440,2021-11-29,1694,19757,21451
440,2021-11-30,1107,13339,14446
440,2021-12-01,1211,15201,16412
440,2021-12-02,1611,20216,21827
440,2021-12-14,1479,20591,22070
440,2021-12-15,1399,21003,22402
440,2021-12-16,1415,21521,22936
440,2021-12-17,1230,21980,23210
440,2021-12-18,507,14915,15422
440,2021-12-19,226,10681,10907
440,2021-12-20,972,17847,18819
440,2021-12-21,946,18053,18999
440,2021-12-22,885,18208,19093
440,2021-12-23,834,17469,18303
440,2021-12-24,438,13310,13748
440,2021-12-25,141,8703,8844
440,2021-12-26,175,7860,8035
440,2021-12-27,592,13259,13851
440,2021-12-28,654,14095,14749
440,2021-12-29,617,14222,14839
440,2021-12-30,573,14496,15069
440,2021-12-31,433,12589,13022
441,2021-01-20,278,4515,4793
441,2021-01-21,211,4379,4590
441,2021-01-22,269,4565,4834
441,2021-01-23,125,2900,3025
441,2021-01-24,18,2012,2030
441,2021-01-25,300,4178,4478
441,2021-01-26,266,4450,4716
441,2021-01-27,195,4290,4485
441,2021-01-28,176,4422,4598
441,2021-01-29,210,4571,4781
441,2021-01-30,78,2941,3019
441,2021-01-31,8,2029,2037
441,2021-02-01,225,4168,4393
441,2021-02-02,268,4624,4892
441,2021-02-03,210,4248,4458
441,2021-02-04,266,4694,4960
441,2021-02-05,291,4678,4969
441,2021-02-06,78,2930,3008
441,2021-02-07,19,2029,2048
441,2021-02-08,320,3484,3804
441,2021-02-09,237,3821,4058
441,2021-02-10,260,3784,4044
441,2021-02-11,291,3803,4094
441,2021-02-12,220,4003,4223
441,2021-02-13,118,2777,2895
441,2021-02-14,32,2082,2114
441,2021-02-15,342,3201,3543
441,2021-02-16,349,3575,3924
441,2021-02-17,331,3635,3966
441,2021-02-18,335,3472,3807
441,2021-02-19,328,3854,4182
441,2021-02-20,106,3054,3160
441,2021-02-21,23,2541,2564
441,2021-02-22,360,4324,4684
441,2021-02-23,390,4646,5036
441,2021-02-24,246,4578,4824
441,2021-02-25,272,4862,5134
441,2021-02-26,276,4734,5010
441,2021-02-27,136,3383,3519
441,2021-02-28,29,2616,2645
441,2021-03-02,391,4578,4969
441,2021-03-03,395,4513,4908
441,2021-03-04,370,4483,4853
441,2021-03-05,400,4638,5038
441,2021-03-06,111,3199,3310
441,2021-03-07,28,2471,2499
441,2021-03-08,415,4495,4910
441,2021-03-09,378,4457,4835
441,2021-03-10,324,4388,4712
441,2021-03-11,209,4491,4700
441,2021-03-12,249,4889,5138
441,2021-03-13,63,3143,3206
441,2021-03-14,9,2358,2367
441,2021-03-15,242,4567,4809
441,2021-03-16,270,4731,5001
441,2021-03-17,254,4502,4756
441,2021-03-18,230,4747,4977
441,2021-03-19,249,4835,5084
441,2021-03-20,80,3218,3298
441,2021-03-21,9,2358,2367
441,2021-03-22,256,4474,4730
441,2021-03-23,255,4696,4951
441,2021-03-24,288,4758,5046
441,2021-03-25,266,4550,4816
441,2021-03-26,225,4262,4487
441,2021-03-27,85,3252,3337
441,2021-03-29,284,4574,4858
441,2021-03-30,242,4911,5153
441,2021-03-31,254,4825,5079
441,2021-04-01,235,4995,5230
441,2021-04-02,223,5074,5297
441,2021-04-03,86,3443,3529
441,2021-04-04,15,2120,2135
441,2021-04-05,15,1646,1661
441,2021-04-06,279,3882,4161
441,2021-04-07,289,3884,4173
441,2021-04-08,248,3979,4227
441,2021-04-09,298,4250,4548
441,2021-04-10,131,2715,2846
441,2021-04-11,53,1865,1918
441,2021-04-12,397,3922,4319
441,2021-04-13,336,4133,4469
441,2021-04-14,358,4119,4477
441,2021-04-15,383,4207,4590
441,2021-04-16,399,4140,4539
441,2021-04-17,162,4225,4387
441,2021-04-18,49,2293,2342
441,2021-04-19,291,4456,4747
441,2021-04-20,283,4995,5278
441,2021-04-21,260,4727,4987
441,2021-04-22,255,4759,5014
441,2021-04-23,258,5101,5359
441,2021-04-24,94,3949,4043
441,2021-04-25,9,2946,2955
441,2021-04-26,322,4744,5066
441,2021-04-27,186,5662,5848
441,2021-04-28,351,5147,5498
441,2021-04-29,358,4989,5347
441,2021-04-30,310,5344,5654
441,2021-05-01,8,2533,2541
441,2021-05-02,6,2797,2803
441,2021-05-03,276,4729,5005
441,2021-05-04,218,4792,5010
441,2021-05-05,273,4773,5046
441,2021-05-06,235,4385,4620
441,2021-05-07,245,5118,5363
441,2021-05-08,75,3700,3775
441,2021-05-09,10,2651,2661
441,2021-05-10,259,4378,4637
441,2021-05-11,247,4777,5024
441,2021-05-12,247,5024,5271
441,2021-05-13,11,2337,2348
441,2021-05-14,222,4695,4917
441,2021-05-15,83,3260,3343
441,2021-05-16,9,2444,2453
441,2021-05-17,333,4449,4782
441,2021-05-18,282,4682,4964
441,2021-05-19,269,4744,5013
441,2021-05-20,256,5022,5278
441,2021-05-21,243,4944,5187
441,2021-05-22,80,3383,3463
441,2021-05-23,12,2524,2536
441,2021-05-24,10,1793,1803
441,2021-05-25,243,4019,4262
441,2021-05-26,187,3929,4116
441,2021-05-27,224,4029,4253
441,2021-05-28,229,4271,4500
441,2021-05-29,87,3593,3680
441,2021-05-30,14,2713,2727
441,2021-05-31,298,4764,5062
441,2021-06-01,270,5027,5297
441,2021-06-02,293,4846,5139
441,2021-06-03,270,5173,5443
441,2021-06-04,323,5044,5367
441,2021-06-05,194,3535,3729
441,2021-06-06,18,2612,2630
441,2021-06-07,294,4585,4879
441,2021-06-08,339,4937,5276
441,2021-06-09,271,4739,5010
441,2021-06-10,253,5158,5411
441,2021-06-11,249,5248,5497
441,2021-06-12,100,4280,4380
441,2021-06-13,29,3199,3228
441,2021-06-14,284,4569,4853
441,2021-06-15,292,5045,5337
441,2021-06-16,293,4871,5164
441,2021-06-17,260,5201,5461
441,2021-06-18,274,5166,5440
441,2021-06-19,134,3913,4047
441,2021-06-20,29,2654,2683
441,2021-06-21,251,4671,4922
441,2021-06-22,259,5311,5570
441,2021-06-23,33,2624,2657
441,2021-06-24,338,4709,5047
441,2021-06-25,252,5081,5333
441,2021-06-26,129,3859,3988
441,2021-06-27,27,2892,2919
441,2021-06-28,280,4636,4916
441,2021-06-29,233,4849,5082
441,2021-06-30,237,4785,5022
441,2021-07-01,281,5035,5316
441,2021-07-02,245,5493,5738
441,2021-07-03,107,4000,4107
441,2021-07-04,62,2909,2971
441,2021-07-05,222,4430,4652
441,2021-07-06,175,4616,4791
441,2021-07-07,223,4840,5063
441,2021-07-08,186,4829,5015
441,2021-07-09,202,4891,5093
441,2021-07-10,105,4422,4527
441,2021-07-11,22,3121,3143
441,2021-07-12,193,4430,4623
441,2021-07-13,156,4349,4505
441,2021-07-14,201,4847,5048
441,2021-07-15,258,4705,4963
441,2021-07-16,389,4680,5069
441,2021-07-17,191,3333,3524
441,2021-07-18,63,2690,2753
441,2021-07-19,398,4079,4477
441,2021-07-20,324,4547,4871
441,2021-07-21,454,4159,4613
441,2021-07-22,396,4404,4800
441,2021-07-23,368,4562,4930
441,2021-07-24,185,3055,3240
441,2021-07-25,90,2425,2515
441,2021-07-26,355,3956,4311
441,2021-07-27,305,4125,4430
441,2021-07-28,298,4108,4406
441,2021-07-29,289,4250,4539
441,2021-07-30,235,4247,4482
441,2021-07-31,98,3192,3290
441,2021-08-01,67,2418,2485
441,2021-08-02,194,3420,3614
441,2021-08-03,175,3799,3974
441,2021-08-04,173,3838,4011
441,2021-08-05,186,3844,4030
441,2021-08-06,209,3754,3963
441,2021-08-07,85,2728,2813
441,2021-08-08,19,2225,2244
441,2021-08-09,207,3263,3470
441,2021-08-10,154,3501,3655
441,2021-08-11,173,3648,3821
441,2021-08-12,178,3627,3805
441,2021-08-13,184,3762,3946
441,2021-08-14,82,3121,3203
441,2021-08-15,17,2316,2333
441,2021-08-16,164,3270,3434
441,2021-08-17,183,3431,3614
441,2021-08-18,156,3480,3636
441,2021-08-19,159,3674,3833
441,2021-08-20,178,3774,3952
441,2021-08-21,90,2966,3056
441,2021-08-22,21,2247,2268
441,2021-08-23,265,3407,3672
441,2021-08-24,309,3734,4043
441,2021-08-25,315,3711,4026
441,2021-08-26,300,3734,4034
441,2021-08-27,313,3720,4033
441,2021-08-28,152,2701,2853
441,2021-08-29,81,2387,2468
441,2021-08-30,286,3591,3877
441,2021-08-31,308,3925,4233
441,2021-09-01,325,3866,4191
441,2021-09-02,318,3840,4158
441,2021-09-03,332,4035,4367
441,2021-09-04,146,3163,3309
441,2021-09-05,69,2468,2537
441,2021-09-06,344,3909,4253
441,2021-09-07,341,4114,4455
441,2021-09-08,354,4317,4671
441,2021-09-09,317,4203,4520
441,2021-09-10,308,4469,4777
441,2021-09-11,208,4332,4540
441,2021-09-12,115,3872,3987
441,2021-09-13,356,4411,4767
441,2021-09-14,318,4825,5143
441,2021-09-15,399,4798,5197
441,2021-09-16,409,5356,5765
441,2021-09-17,489,5593,6082
441,2021-09-18,233,4776,5009
441,2021-09-19,135,3394,3529
441,2021-09-20,412,5167,5579
441,2021-09-21,433,5494,5927
441,2021-09-22,419,5564,5983
441,2021-09-23,409,5935,6344
441,2021-09-24,458,5875,6333
441,2021-09-25,232,4467,4699
441,2021-09-26,67,3470,3537
441,2021-09-27,295,5101,5396
441,2021-09-28,323,5623,5946
441,2021-09-29,270,5571,5841
441,2021-09-30,275,5760,6035
441,2021-10-01,317,5995,6312
441,2021-10-02,134,4901,5035
441,2021-10-03,114,3086,3200
441,2021-10-04,319,5160,5479
441,2021-10-05,331,5480,5811
441,2021-10-06,258,5153,5411
441,2021-10-07,242,4722,4964
441,2021-10-08,265,4687,4952
441,2021-10-09,122,4352,4474
441,2021-10-10,80,3612,3692
441,2021-10-11,244,4910,5154
441,2021-10-12,232,3572,3804
441,2021-10-13,215,4284,4499
441,2021-10-14,268,5184,5452
441,2021-10-15,296,5730,6026
441,2021-10-16,175,4539,4714
441,2021-10-17,101,3882,3983
441,2021-10-18,264,4915,5179
441,2021-10-19,220,4267,4487
441,2021-10-20,240,4700,4940
441,2021-10-21,217,5012,5229
441,2021-10-22,273,6003,6276
441,2021-10-23,180,4927,5107
441,2021-10-24,120,3788,3908
441,2021-10-25,277,5118,5395
441,2021-10-26,307,5296,5603
441,2021-10-27,258,5505,5763
441,2021-10-28,271,5623,5894
441,2021-10-29,320,5797,6117
441,2021-10-30,108,4101,4209
441,2021-11-01,80,3034,3114
441,2021-11-02,214,4725,4939
441,2021-11-03,198,4449,4647
441,2021-11-04,249,4464,4713
441,2021-11-05,269,4921,5190
441,2021-11-06,190,4049,4239
441,2021-11-07,78,2934,3012
441,2021-11-08,335,4822,5157
441,2021-11-09,369,5563,5932
441,2021-11-10,322,5410,5732
441,2021-11-11,295,5801,6096
441,2021-11-12,333,5799,6132
441,2021-11-13,141,4353,4494
441,2021-11-14,72,3542,3614
441,2021-11-15,341,4938,5279
441,2021-11-16,337,5408,5745
441,2021-11-17,425,5333,5758
441,2021-11-18,350,5532,5882
441,2021-11-19,329,5723,6052
441,2021-11-20,120,4411,4531
441,2021-11-21,72,3197,3269
441,2021-11-22,325,4962,5287
441,2021-11-23,286,5853,6139
441,2021-11-24,219,5691,5910
441,2021-11-25,124,5714,5838
441,2021-11-26,176,5471,5647
441,2021-11-27,48,4431,4479
441,2021-11-28,23,3111,3134
441,2021-11-29,141,5183,5324
441,2021-11-30,137,5146,5283
441,2021-12-01,111,4663,4774
441,2021-12-02,151,5760,5911
441,2021-12-03,132,5918,6050
441,2021-12-04,43,4065,4108
441,2021-12-05,28,3104,3132
441,2021-12-06,124,5131,5255
441,2021-12-07,115,5277,5392
441,2021-12-08,141,5590,5731
441,2021-12-09,172,5566,5738
441,2021-12-10,176,5499,5675
441,2021-12-11,88,4738,4826
441,2021-12-12,47,3079,3126
441,2021-12-13,298,4927,5225
441,2021-12-14,351,5373,5724
441,2021-12-15,377,5477,5854
441,2021-12-16,344,5715,6059
441,2021-12-17,367,5954,6321
441,2021-12-18,147,4324,4471
441,2021-12-19,50,3252,3302
441,2021-12-20,199,4092,4291
441,2021-12-21,254,4156,4410
441,2021-12-22,260,4193,4453
441,2021-12-23,250,4202,4452
441,2021-12-24,137,3722,3859
441,2021-12-25,29,1888,1917
441,2021-12-26,27,1922,1949
441,2021-12-27,153,2980,3133
441,2021-12-28,156,3110,3266
441,2021-12-29,160,3262,3422
441,2021-12-30,145,3287,3432
441,2021-12-31,173,3219,3392
442,2021-01-01,48,1637,1685
442,2021-01-02,474,3493,3967
442,2021-01-03,59,2050,2109
442,2021-01-04,879,8755,9634
442,2021-01-05,911,8885,9796
442,2021-01-06,879,9189,10068
442,2021-01-07,959,9540,10499
442,2021-01-08,909,9639,10548
442,2021-01-09,495,4409,4904
442,2021-01-10,64,2536,2600
442,2021-01-11,1120,12583,13703
442,2021-01-12,1055,12530,13585
442,2021-01-13,1138,13135,14273
442,2021-01-14,1027,11977,13004
442,2021-01-15,987,11785,12772
442,2021-01-16,512,7258,7770
442,2021-01-17,72,2755,2827
442,2021-01-18,1078,12890,13968
442,2021-01-19,1139,13158,14297
442,2021-01-20,1203,13367,14570
442,2021-01-21,1121,13337,14458
442,2021-01-22,1070,13712,14782
442,2021-01-23,478,8568,9046
442,2021-01-24,76,3200,3276
442,2021-01-25,1159,12874,14033
442,2021-01-26,1240,13595,14835
442,2021-01-27,1136,12627,13763
442,2021-01-28,1057,14189,15246
442,2021-01-29,1041,14104,15145
442,2021-01-30,468,8646,9114
442,2021-01-31,67,3208,3275
442,2021-02-01,1055,13527,14582
442,2021-02-02,1068,13757,14825
442,2021-02-03,1080,13746,14826
442,2021-02-04,1124,13809,14933
442,2021-02-05,1132,14122,15254
442,2021-02-06,503,8410,8913
442,2021-02-07,62,3443,3505
442,2021-02-08,1129,12533,13662
442,2021-02-09,1097,12777,13874
442,2021-02-10,1095,13377,14472
442,2021-02-11,1125,13040,14165
442,2021-02-12,1107,13142,14249
442,2021-02-13,519,6307,6826
442,2021-02-14,83,2683,2766
442,2021-02-15,1194,12454,13648
442,2021-02-16,1123,13211,14334
442,2021-02-17,1119,12600,13719
442,2021-02-18,1167,12984,14151
442,2021-02-19,1100,12697,13797
442,2021-02-20,685,7717,8402
442,2021-02-21,62,4213,4275
442,2021-02-22,1178,12874,14052
442,2021-02-23,1257,14163,15420
442,2021-02-24,1239,13697,14936
442,2021-02-25,1270,14646,15916
442,2021-02-26,1242,13826,15068
442,2021-02-27,525,8516,9041
442,2021-02-28,63,4189,4252
442,2021-03-01,1315,13698,15013
442,2021-03-02,1351,14068,15419
442,2021-03-03,1396,13784,15180
442,2021-03-04,1418,14446,15864
442,2021-03-05,1253,13919,15172
442,2021-03-06,550,8580,9130
442,2021-03-07,67,4064,4131
442,2021-03-08,1560,13706,15266
442,2021-03-09,1589,14263,15852
442,2021-03-10,1561,13925,15486
442,2021-03-11,1490,13868,15358
442,2021-03-12,1367,14000,15367
442,2021-03-13,523,8484,9007
442,2021-03-14,62,3519,3581
442,2021-03-15,1383,13863,15246
442,2021-03-16,1400,14261,15661
442,2021-03-17,1465,13794,15259
442,2021-03-18,1322,13970,15292
442,2021-03-19,1251,14441,15692
442,2021-03-20,577,8753,9330
442,2021-03-21,69,3868,3937
442,2021-03-22,1314,13470,14784
442,2021-03-23,1287,14380,15667
442,2021-03-24,1345,13832,15177
442,2021-03-25,1348,14244,15592
442,2021-03-26,1330,15052,16382
442,2021-03-27,649,8640,9289
442,2021-03-29,1309,14109,15418
442,2021-03-30,1409,14898,16307
442,2021-03-31,1401,14956,16357
442,2021-04-01,1393,15261,16654
442,2021-04-02,1327,15408,16735
442,2021-04-03,660,9193,9853
442,2021-04-04,61,3585,3646
442,2021-04-05,91,2985,3076
442,2021-04-06,1245,13780,15025
442,2021-04-07,1251,13402,14653
442,2021-04-08,1348,14259,15607
442,2021-04-09,1349,14008,15357
442,2021-04-10,559,8160,8719
442,2021-04-11,67,3117,3184
442,2021-04-12,1385,13544,14929
442,2021-04-13,1384,13721,15105
442,2021-04-14,1520,13475,14995
442,2021-04-15,1492,14088,15580
442,2021-04-16,1506,13978,15484
442,2021-04-17,767,8426,9193
442,2021-04-18,75,3893,3968
442,2021-04-19,1380,14209,15589
442,2021-04-20,1478,14864,16342
442,2021-04-21,1531,14368,15899
442,2021-04-22,1411,15310,16721
442,2021-04-23,1332,15278,16610
442,2021-04-24,730,10350,11080
442,2021-04-25,98,4739,4837
442,2021-04-26,1396,14755,16151
442,2021-04-27,1381,15670,17051
442,2021-04-28,1375,15345,16720
442,2021-04-29,1370,16550,17920
442,2021-04-30,1355,16789,18144
442,2021-05-01,82,4344,4426
442,2021-05-02,78,4356,4434
442,2021-05-03,1328,15301,16629
442,2021-05-04,1250,15293,16543
442,2021-05-05,1288,15276,16564
442,2021-05-06,1225,15077,16302
442,2021-05-07,1265,16484,17749
442,2021-05-08,625,9942,10567
442,2021-05-09,67,4520,4587
442,2021-05-10,1215,14564,15779
442,2021-05-11,1124,15258,16382
442,2021-05-12,1276,16245,17521
442,2021-05-13,95,4007,4102
442,2021-05-14,1017,13299,14316
442,2021-05-15,510,9241,9751
442,2021-05-16,82,3791,3873
442,2021-05-17,1232,14914,16146
442,2021-05-18,1272,15013,16285
442,2021-05-19,1362,15383,16745
442,2021-05-20,1270,16094,17364
442,2021-05-21,1527,16750,18277
442,2021-05-22,1405,13420,14825
442,2021-05-23,108,6417,6525
442,2021-05-24,96,3677,3773
442,2021-05-25,1319,14693,16012
442,2021-05-26,1271,14731,16002
442,2021-05-27,1392,14670,16062
442,2021-05-28,1314,15924,17238
442,2021-05-29,640,9105,9745
442,2021-05-30,197,5182,5379
442,2021-05-31,1204,15135,16339
442,2021-06-01,1351,15953,17304
442,2021-06-02,1354,15915,17269
442,2021-06-03,1269,15797,17066
442,2021-06-04,1213,16035,17248
442,2021-06-05,598,9486,10084
442,2021-06-06,82,4256,4338
442,2021-06-07,1195,15131,16326
442,2021-06-08,1286,15777,17063
442,2021-06-09,1308,15436,16744
442,2021-06-10,1292,16038,17330
442,2021-06-11,1262,17070,18332
442,2021-06-12,716,9713,10429
442,2021-06-13,83,5833,5916
442,2021-06-14,1214,15311,16525
442,2021-06-15,1325,16170,17495
442,2021-06-16,1381,15486,16867
442,2021-06-17,1392,16762,18154
442,2021-06-18,1373,15861,17234
442,2021-06-19,855,10402,11257
442,2021-06-20,120,4865,4985
442,2021-06-21,1404,15022,16426
442,2021-06-22,1416,15569,16985
442,2021-06-23,105,3898,4003
442,2021-06-24,1404,15427,16831
442,2021-06-25,1725,15707,17432
442,2021-06-26,1248,10401,11649
442,2021-06-27,85,5593,5678
442,2021-06-28,1453,15070,16523
442,2021-06-29,1305,16177,17482
442,2021-06-30,1418,16264,17682
442,2021-07-01,1539,16579,18118
442,2021-07-02,1444,16874,18318
442,2021-07-03,571,9106,9677
442,2021-07-04,104,4264,4368
442,2021-07-05,1286,15046,16332
442,2021-07-06,1382,15568,16950
442,2021-07-07,1367,15309,16676
442,2021-07-08,1370,15849,17219
442,2021-07-09,1489,16067,17556
442,2021-07-10,637,9019,9656
442,2021-07-11,96,4373,4469
442,2021-07-12,1433,14843,16276
442,2021-07-13,1171,14854,16025
442,2021-07-14,1009,15368,16377
442,2021-07-15,1300,15716,17016
442,2021-07-16,1394,15801,17195
442,2021-07-17,664,8051,8715
442,2021-07-18,103,4514,4617
442,2021-07-19,1315,14362,15677
442,2021-07-20,1357,14562,15919
442,2021-07-21,1290,15004,16294
442,2021-07-22,1355,14808,16163
442,2021-07-23,1316,15584,16900
442,2021-07-24,723,8803,9526
442,2021-07-25,240,4408,4648
442,2021-07-26,1318,13696,15014
442,2021-07-27,1286,14389,15675
442,2021-07-28,1300,14527,15827
442,2021-07-29,1147,14650,15797
442,2021-07-30,1036,13769,14805
442,2021-07-31,577,7104,7681
442,2021-08-01,105,3687,3792
442,2021-08-02,953,11729,12682
442,2021-08-03,899,11572,12471
442,2021-08-04,961,11223,12184
442,2021-08-05,942,11519,12461
442,2021-08-06,941,11405,12346
442,2021-08-07,557,6507,7064
442,2021-08-08,92,3143,3235
442,2021-08-09,912,10510,11422
442,2021-08-10,972,10829,11801
442,2021-08-11,966,10701,11667
442,2021-08-12,943,11058,12001
442,2021-08-13,961,10906,11867
442,2021-08-14,577,6255,6832
442,2021-08-15,118,3492,3610
442,2021-08-16,959,10624,11583
442,2021-08-17,951,10638,11589
442,2021-08-18,957,10888,11845
442,2021-08-19,1012,10991,12003
442,2021-08-20,995,11513,12508
442,2021-08-21,581,6150,6731
442,2021-08-22,111,3190,3301
442,2021-08-23,1186,12181,13367
442,2021-08-24,1231,12607,13838
442,2021-08-25,1387,13184,14571
442,2021-08-26,1411,13089,14500
442,2021-08-27,1441,13682,15123
442,2021-08-28,616,6997,7613
442,2021-08-29,111,4191,4302
442,2021-08-30,1313,13808,15121
442,2021-08-31,1347,14141,15488
442,2021-09-01,1383,14947,16330
442,2021-09-02,1456,14108,15564
442,2021-09-03,1358,14575,15933
442,2021-09-04,593,7953,8546
442,2021-09-05,126,3982,4108
442,2021-09-06,1359,14350,15709
442,2021-09-07,1349,15434,16783
442,2021-09-08,1398,15154,16552
442,2021-09-09,1422,15278,16700
442,2021-09-10,1393,15495,16888
442,2021-09-11,940,13494,14434
442,2021-09-12,184,7191,7375
442,2021-09-13,1357,15211,16568
442,2021-09-14,1352,15449,16801
442,2021-09-15,1304,15850,17154
442,2021-09-16,1369,16333,17702
442,2021-09-17,1328,16017,17345
442,2021-09-18,715,10991,11706
442,2021-09-19,151,5075,5226
442,2021-09-20,1316,15106,16422
442,2021-09-21,1326,16112,17438
442,2021-09-22,1392,15484,16876
442,2021-09-23,1325,16285,17610
442,2021-09-24,1268,15986,17254
442,2021-09-25,656,11519,12175
442,2021-09-26,139,5304,5443
442,2021-09-27,1278,15441,16719
442,2021-09-28,1296,16014,17310
442,2021-09-29,1275,15952,17227
442,2021-09-30,1352,16423,17775
442,2021-10-01,1329,16075,17404
442,2021-10-02,543,9511,10054
442,2021-10-03,102,4143,4245
442,2021-10-04,1353,15235,16588
442,2021-10-05,1258,15152,16410
442,2021-10-06,1240,15883,17123
442,2021-10-07,1309,16245,17554
442,2021-10-08,1304,15963,17267
442,2021-10-09,674,10129,10803
442,2021-10-10,223,4877,5100
442,2021-10-11,1351,15365,16716
442,2021-10-12,1293,15664,16957
442,2021-10-13,1263,15751,17014
442,2021-10-14,1383,16899,18282
442,2021-10-15,1191,15832,17023
442,2021-10-16,678,9179,9857
442,2021-10-17,124,4389,4513
442,2021-10-18,1304,15003,16307
442,2021-10-19,1233,16499,17732
442,2021-10-20,1278,15323,16601
442,2021-10-21,1147,15116,16263
442,2021-10-22,1306,15534,16840
442,2021-10-23,641,9550,10191
442,2021-10-24,139,7338,7477
442,2021-10-25,1264,15124,16388
442,2021-10-26,1352,15671,17023
442,2021-10-27,1348,15515,16863
442,2021-10-28,1282,16115,17397
442,2021-10-29,1305,16166,17471
442,2021-10-30,593,9016,9609
442,2021-11-01,101,3554,3655
442,2021-11-02,1122,13954,15076
442,2021-11-03,1165,15249,16414
442,2021-11-04,1255,15127,16382
442,2021-11-05,1206,14750,15956
442,2021-11-06,571,8220,8791
442,2021-11-07,108,3885,3993
442,2021-11-08,1285,14859,16144
442,2021-11-09,1342,15708,17050
442,2021-11-10,1270,15500,16770
442,2021-11-11,1122,16339,17461
442,2021-11-12,1150,16093,17243
442,2021-11-13,700,9305,10005
442,2021-11-14,100,6555,6655
442,2021-11-15,1191,15538,16729
442,2021-11-16,1231,15922,17153
442,2021-11-17,1188,15622,16810
442,2021-11-18,1209,16507,17716
442,2021-11-19,1255,16097,17352
442,2021-11-20,594,9259,9853
442,2021-11-21,85,4325,4410
442,2021-11-22,1242,15328,16570
442,2021-11-23,1205,16035,17240
442,2021-11-24,1232,15766,16998
442,2021-11-25,1246,15916,17162
442,2021-11-26,1130,16556,17686
442,2021-11-27,554,9873,10427
442,2021-11-28,102,5497,5599
442,2021-11-29,1201,14669,15870
442,2021-11-30,1178,16138,17316
442,2021-12-01,1050,15789,16839
442,2021-12-02,1201,15799,17000
442,2021-12-03,1205,16061,17266
442,2021-12-04,549,9226,9775
442,2021-12-05,88,4955,5043
442,2021-12-06,1259,14809,16068
442,2021-12-07,1277,15594,16871
442,2021-12-08,1298,15194,16492
442,2021-12-09,1267,15855,17122
442,2021-12-10,1137,15269,16406
442,2021-12-11,591,9285,9876
442,2021-12-12,129,6540,6669
442,2021-12-13,1149,15092,16241
442,2021-12-14,1385,15843,17228
442,2021-12-15,1247,15926,17173
442,2021-12-16,1182,16518,17700
442,2021-12-17,1142,16286,17428
442,2021-12-18,557,8948,9505
442,2021-12-19,142,5163,5305
442,2021-12-20,998,13639,14637
442,2021-12-21,976,14411,15387
442,2021-12-22,955,13970,14925
442,2021-12-23,953,13684,14637
442,2021-12-24,696,9461,10157
442,2021-12-25,109,2289,2398
442,2021-12-26,122,2635,2757
442,2021-12-27,801,9811,10612
442,2021-12-28,766,9982,10748
442,2021-12-29,790,10518,11308
442,2021-12-30,772,10862,11634
442,2021-12-31,785,8376,9161
445,2021-01-01,139,3068,3207
445,2021-01-02,493,4542,5035
445,2021-01-03,169,3727,3896
445,2021-01-04,731,6121,6852
445,2021-01-05,767,6688,7455
445,2021-01-06,776,6488,7264
445,2021-01-07,771,6702,7473
445,2021-01-08,788,6883,7671
445,2021-01-09,518,5246,5764
445,2021-01-10,171,4106,4277
445,2021-01-11,907,8140,9047
445,2021-01-12,917,8250,9167
445,2021-01-13,907,8006,8913
445,2021-01-14,926,8439,9365
445,2021-01-15,822,8895,9717
445,2021-01-16,511,6680,7191
445,2021-01-17,176,4255,4431
445,2021-01-18,915,8718,9633
445,2021-01-19,929,9325,10254
445,2021-01-20,945,9239,10184
445,2021-01-21,996,8824,9820
445,2021-01-22,976,8925,9901
445,2021-01-23,492,6697,7189
445,2021-01-24,172,4442,4614
445,2021-01-25,933,8340,9273
445,2021-01-26,939,8634,9573
445,2021-01-27,903,8857,9760
445,2021-01-28,923,8832,9755
445,2021-01-29,933,8907,9840
445,2021-01-30,489,6017,6506
445,2021-01-31,179,4672,4851
445,2021-02-01,892,8126,9018
445,2021-02-02,925,8219,9144
445,2021-02-03,905,8166,9071
445,2021-02-04,982,8631,9613
445,2021-02-05,918,8682,9600
445,2021-02-06,500,6739,7239
445,2021-02-07,180,4572,4752
445,2021-02-08,929,7542,8471
445,2021-02-09,923,7918,8841
445,2021-02-10,920,8011,8931
445,2021-02-11,908,8185,9093
445,2021-02-12,973,8482,9455
445,2021-02-13,511,6987,7498
445,2021-02-14,163,4885,5048
445,2021-02-15,903,7540,8443
445,2021-02-16,855,8591,9446
445,2021-02-17,845,8331,9176
445,2021-02-18,859,8502,9361
445,2021-02-19,921,8305,9226
445,2021-02-20,551,7104,7655
445,2021-02-21,166,5382,5548
445,2021-02-22,986,8078,9064
445,2021-02-23,1025,8954,9979
445,2021-02-24,1000,8811,9811
445,2021-02-25,950,9145,10095
445,2021-02-26,946,9084,10030
445,2021-02-27,501,7626,8127
445,2021-02-28,166,5202,5368
445,2021-03-01,1004,8327,9331
445,2021-03-02,1030,8965,9995
445,2021-03-03,1028,8815,9843
445,2021-03-04,1029,8652,9681
445,2021-03-05,1028,8957,9985
445,2021-03-06,543,7856,8399
445,2021-03-07,186,5169,5355
445,2021-03-08,1018,8316,9334
445,2021-03-09,958,8789,9747
445,2021-03-10,1000,8585,9585
445,2021-03-11,961,8309,9270
445,2021-03-12,978,8689,9667
445,2021-03-13,522,6780,7302
445,2021-03-14,186,4674,4860
445,2021-03-15,987,8024,9011
445,2021-03-16,1023,8603,9626
445,2021-03-17,1014,8525,9539
445,2021-03-18,1044,8785,9829
445,2021-03-19,969,9151,10120
445,2021-03-20,518,6646,7164
445,2021-03-21,180,4394,4574
445,2021-03-22,1010,8133,9143
445,2021-03-23,1022,8805,9827
445,2021-03-24,1028,9006,10034
445,2021-03-25,1049,9067,10116
445,2021-03-26,1043,9246,10289
445,2021-03-27,502,6312,6814
445,2021-03-29,992,8540,9532
445,2021-03-30,997,9230,10227
445,2021-03-31,982,9018,10000
445,2021-04-01,955,9409,10364
445,2021-04-02,926,9826,10752
445,2021-04-03,541,6886,7427
445,2021-04-04,172,4593,4765
445,2021-04-05,186,3880,4066
445,2021-04-06,921,8419,9340
445,2021-04-07,948,8624,9572
445,2021-04-08,913,8562,9475
445,2021-04-09,933,8662,9595
445,2021-04-10,540,5904,6444
445,2021-04-11,187,4193,4380
445,2021-04-12,895,7989,8884
445,2021-04-13,955,8358,9313
445,2021-04-14,1020,8509,9529
445,2021-04-15,984,8437,9421
445,2021-04-16,979,8584,9563
445,2021-04-17,540,6948,7488
445,2021-04-18,171,4627,4798
445,2021-04-19,982,8497,9479
445,2021-04-20,1074,9028,10102
445,2021-04-21,1028,8805,9833
445,2021-04-22,1056,9249,10305
445,2021-04-23,970,9528,10498
445,2021-04-24,553,7800,8353
445,2021-04-25,179,5636,5815
445,2021-04-26,1038,8796,9834
445,2021-04-27,1113,9451,10564
445,2021-04-28,1023,9113,10136
445,2021-04-29,1031,9399,10430
445,2021-04-30,946,9801,10747
445,2021-05-01,181,5921,6102
445,2021-05-02,177,5365,5542
445,2021-05-03,968,8679,9647
445,2021-05-04,1031,8981,10012
445,2021-05-05,991,8826,9817
445,2021-05-06,965,8569,9534
445,2021-05-07,1013,9578,10591
445,2021-05-08,505,7840,8345
445,2021-05-09,169,5699,5868
445,2021-05-10,1022,8539,9561
445,2021-05-11,1004,9096,10100
445,2021-05-12,1016,9919,10935
445,2021-05-13,175,5293,5468
445,2021-05-14,858,8625,9483
445,2021-05-15,483,6337,6820
445,2021-05-16,162,4462,4624
445,2021-05-17,970,8619,9589
445,2021-05-18,962,8917,9879
445,2021-05-19,972,9325,10297
445,2021-05-20,947,9529,10476
445,2021-05-21,962,9841,10803
445,2021-05-22,689,9995,10684
445,2021-05-23,198,6635,6833
445,2021-05-24,190,4412,4602
445,2021-05-25,929,8105,9034
445,2021-05-26,946,8113,9059
445,2021-05-27,924,8330,9254
445,2021-05-28,907,8805,9712
445,2021-05-29,526,7513,8039
445,2021-05-30,172,5909,6081
445,2021-05-31,1020,8893,9913
445,2021-06-01,975,9509,10484
445,2021-06-02,982,9135,10117
445,2021-06-03,1033,9364,10397
445,2021-06-04,981,8905,9886
445,2021-06-05,531,7726,8257
445,2021-06-06,180,5323,5503
445,2021-06-08,1003,10596,11599
445,2021-06-09,976,10569,11545
445,2021-06-10,1007,10206,11213
445,2021-06-11,896,10013,10909
445,2021-06-12,541,9877,10418
445,2021-06-13,219,7432,7651
445,2021-06-14,961,9789,10750
445,2021-06-15,998,10385,11383
445,2021-06-16,956,9997,10953
445,2021-06-17,1004,10132,11136
445,2021-06-18,887,9965,10852
445,2021-06-19,548,8531,9079
445,2021-06-20,186,5863,6049
445,2021-06-21,935,9174,10109
445,2021-06-22,945,9710,10655
445,2021-06-23,202,5844,6046
445,2021-06-24,953,9487,10440
445,2021-06-25,897,9682,10579
445,2021-06-26,599,9730,10329
445,2021-06-27,188,7019,7207
445,2021-06-28,989,9426,10415
445,2021-06-29,958,9918,10876
445,2021-06-30,926,9707,10633
445,2021-07-01,964,9867,10831
445,2021-07-02,1028,9982,11010
445,2021-07-03,508,8414,8922
445,2021-07-04,189,5791,5980
445,2021-07-05,959,9046,10005
445,2021-07-06,1005,10093,11098
445,2021-07-07,956,10629,11585
445,2021-07-08,990,10697,11687
445,2021-07-09,960,10519,11479
445,2021-07-10,547,8829,9376
445,2021-07-11,174,6474,6648
445,2021-07-12,950,9378,10328
445,2021-07-13,900,9081,9981
445,2021-07-14,802,8799,9601
445,2021-07-15,358,4571,4929
445,2021-07-16,874,8487,9361
445,2021-07-17,263,3569,3832
445,2021-07-18,211,5647,5858
445,2021-07-19,990,8188,9178
445,2021-07-20,988,8500,9488
445,2021-07-21,996,8601,9597
445,2021-07-22,1012,8529,9541
445,2021-07-23,990,9042,10032
445,2021-07-24,622,6905,7527
445,2021-07-25,218,5281,5499
445,2021-07-26,958,7915,8873
445,2021-07-27,997,8345,9342
445,2021-07-28,962,8647,9609
445,2021-07-29,883,8438,9321
445,2021-07-30,873,8598,9471
445,2021-07-31,565,6663,7228
445,2021-08-01,203,5050,5253
445,2021-08-02,823,6755,7578
445,2021-08-03,867,7185,8052
445,2021-08-04,845,7164,8009
445,2021-08-05,838,7232,8070
445,2021-08-06,851,7456,8307
445,2021-08-07,568,5651,6219
445,2021-08-08,201,4521,4722
445,2021-08-09,837,6464,7301
445,2021-08-10,860,6883,7743
445,2021-08-11,841,6977,7818
445,2021-08-12,828,7158,7986
445,2021-08-13,832,7224,8056
445,2021-08-14,571,5885,6456
445,2021-08-15,208,4913,5121
445,2021-08-16,816,6237,7053
445,2021-08-17,854,6563,7417
445,2021-08-18,841,6680,7521
445,2021-08-19,811,6931,7742
445,2021-08-20,860,7234,8094
445,2021-08-21,570,5674,6244
445,2021-08-22,212,4688,4900
445,2021-08-23,865,6787,7652
445,2021-08-24,884,7462,8346
445,2021-08-25,918,7627,8545
445,2021-08-26,911,7506,8417
445,2021-08-27,913,7855,8768
445,2021-08-28,584,6272,6856
445,2021-08-29,218,4863,5081
445,2021-08-30,974,7192,8166
445,2021-08-31,1010,8063,9073
445,2021-09-01,967,8135,9102
445,2021-09-02,1014,8090,9104
445,2021-09-03,981,8343,9324
445,2021-09-04,587,6681,7268
445,2021-09-05,198,5288,5486
445,2021-09-06,999,8167,9166
445,2021-09-07,1010,9111,10121
445,2021-09-08,1030,9102,10132
445,2021-09-09,994,9234,10228
445,2021-09-10,980,9383,10363
445,2021-09-11,615,8291,8906
445,2021-09-12,238,6497,6735
445,2021-09-13,975,8065,9040
445,2021-09-14,1006,8470,9476
445,2021-09-15,1047,8973,10020
445,2021-09-16,1070,9153,10223
445,2021-09-17,1115,9543,10658
445,2021-09-18,617,8117,8734
445,2021-09-19,232,5869,6101
445,2021-09-20,1045,8364,9409
445,2021-09-21,1098,8959,10057
445,2021-09-22,1091,8731,9822
445,2021-09-23,1107,8954,10061
445,2021-09-24,1063,9551,10614
445,2021-09-25,697,8316,9013
445,2021-09-26,225,5835,6060
445,2021-09-27,1112,8554,9666
445,2021-09-28,1079,9274,10353
445,2021-09-29,1082,9010,10092
445,2021-09-30,1112,9348,10460
445,2021-10-01,1119,9466,10585
445,2021-10-02,615,7942,8557
445,2021-10-03,223,5316,5539
445,2021-10-04,1136,8507,9643
445,2021-10-05,1064,8653,9717
445,2021-10-06,1071,8837,9908
445,2021-10-07,1113,9208,10321
445,2021-10-08,1100,9341,10441
445,2021-10-09,650,8080,8730
445,2021-10-10,242,5817,6059
445,2021-10-11,1152,8522,9674
445,2021-10-12,1046,8713,9759
445,2021-10-13,1119,8801,9920
445,2021-10-14,1103,9259,10362
445,2021-10-15,1051,9671,10722
445,2021-10-16,636,8093,8729
445,2021-10-17,233,5652,5885
445,2021-10-18,1091,8457,9548
445,2021-10-19,1032,9052,10084
445,2021-10-20,1032,8785,9817
445,2021-10-21,1062,9035,10097
445,2021-10-22,1067,9403,10470
445,2021-10-23,679,8218,8897
445,2021-10-24,297,6943,7240
445,2021-10-25,1107,8201,9308
445,2021-10-26,1099,9010,10109
445,2021-10-27,1039,9082,10121
445,2021-10-28,1075,9470,10545
445,2021-10-29,1056,9509,10565
445,2021-10-30,553,6894,7447
445,2021-11-01,217,5295,5512
445,2021-11-02,989,8085,9074
445,2021-11-03,1000,8122,9122
445,2021-11-04,1090,8337,9427
445,2021-11-05,1009,8531,9540
445,2021-11-06,630,7096,7726
445,2021-11-07,226,5017,5243
445,2021-11-08,1124,8454,9578
445,2021-11-09,1137,9019,10156
445,2021-11-10,1075,8781,9856
445,2021-11-11,985,9052,10037
445,2021-11-12,1074,9636,10710
445,2021-11-13,607,7543,8150
445,2021-11-14,222,4999,5221
445,2021-11-15,1067,8326,9393
445,2021-11-16,1035,8250,9285
445,2021-11-17,1090,8782,9872
445,2021-11-18,1108,9285,10393
445,2021-11-19,1061,9056,10117
445,2021-11-20,641,8164,8805
445,2021-11-21,224,5345,5569
445,2021-11-22,1013,8121,9134
445,2021-11-23,1057,9232,10289
445,2021-11-24,1128,8801,9929
445,2021-11-25,990,8751,9741
445,2021-11-26,1008,9247,10255
445,2021-11-27,593,7843,8436
445,2021-11-28,214,5321,5535
445,2021-11-29,1004,8416,9420
445,2021-11-30,1020,8648,9668
445,2021-12-01,1005,8510,9515
445,2021-12-02,1061,8930,9991
445,2021-12-03,1066,9361,10427
445,2021-12-04,645,7520,8165
445,2021-12-05,216,5371,5587
445,2021-12-06,1031,8229,9260
445,2021-12-07,1071,8740,9811
445,2021-12-08,1102,8574,9676
445,2021-12-09,1051,8977,10028
445,2021-12-10,1009,9083,10092
445,2021-12-11,628,7789,8417
445,2021-12-12,227,5506,5733
445,2021-12-13,1039,8311,9350
445,2021-12-14,1055,8931,9986
445,2021-12-15,1001,8659,9660
445,2021-12-16,1027,9201,10228
445,2021-12-17,971,9714,10685
445,2021-12-18,595,7268,7863
445,2021-12-19,239,5121,5360
445,2021-12-20,874,7397,8271
445,2021-12-21,873,8320,9193
445,2021-12-22,862,8027,8889
445,2021-12-23,857,7844,8701
445,2021-12-24,725,6556,7281
445,2021-12-25,188,3867,4055
445,2021-12-26,217,3807,4024
445,2021-12-27,812,5422,6234
445,2021-12-28,802,5945,6747
445,2021-12-29,817,6071,6888
445,2021-12-30,798,6182,6980
445,2021-12-31,793,6266,7059
446,2021-01-09,256,3933,4189
446,2021-01-10,106,2852,2958
446,2021-01-11,711,7631,8342
446,2021-01-12,743,7829,8572
446,2021-01-13,779,7594,8373
446,2021-01-14,746,8197,8943
446,2021-01-15,685,7295,7980
446,2021-01-16,267,4693,4960
446,2021-01-17,94,2548,2642
446,2021-01-18,693,7487,8180
446,2021-01-19,705,7865,8570
446,2021-01-20,826,7694,8520
446,2021-01-21,813,7821,8634
446,2021-01-22,759,7849,8608
446,2021-01-23,273,5008,5281
446,2021-01-24,100,2854,2954
446,2021-01-25,773,7337,8110
446,2021-01-26,768,7633,8401
446,2021-01-27,726,7412,8138
446,2021-01-28,737,8238,8975
446,2021-01-29,769,8305,9074
446,2021-01-30,271,5162,5433
446,2021-01-31,95,3123,3218
446,2021-02-01,831,7542,8373
446,2021-02-02,836,7796,8632
446,2021-02-03,779,7812,8591
446,2021-02-04,838,7840,8678
446,2021-02-05,832,7962,8794
446,2021-02-06,294,4925,5219
446,2021-02-07,104,3068,3172
446,2021-02-08,769,7475,8244
446,2021-02-09,733,7591,8324
446,2021-02-10,734,7478,8212
446,2021-02-11,711,7724,8435
446,2021-02-12,714,7641,8355
446,2021-02-13,259,5252,5511
446,2021-02-14,104,3320,3424
446,2021-02-15,728,7119,7847
446,2021-02-16,710,7787,8497
446,2021-02-17,652,7712,8364
446,2021-02-18,686,7647,8333
446,2021-02-19,692,8008,8700
446,2021-02-20,278,5524,5802
446,2021-02-21,96,3865,3961
446,2021-02-22,844,7329,8173
446,2021-02-23,892,7702,8594
446,2021-02-24,889,7807,8696
446,2021-02-25,784,8189,8973
446,2021-02-26,813,7820,8633
446,2021-02-27,330,5433,5763
446,2021-02-28,88,3487,3575
446,2021-03-01,775,7854,8629
446,2021-03-02,944,8178,9122
446,2021-03-03,890,8179,9069
446,2021-03-04,816,8150,8966
446,2021-03-05,913,8182,9095
446,2021-03-06,303,5581,5884
446,2021-03-07,111,3541,3652
446,2021-03-08,846,8010,8856
446,2021-03-09,855,8599,9454
446,2021-03-10,857,8026,8883
446,2021-03-11,801,8619,9420
446,2021-03-12,850,8469,9319
446,2021-03-13,275,5123,5398
446,2021-03-14,95,3011,3106
446,2021-03-15,848,7935,8783
446,2021-03-16,806,8422,9228
446,2021-03-17,895,8034,8929
446,2021-03-18,880,8431,9311
446,2021-03-19,881,8572,9453
446,2021-03-20,291,5566,5857
446,2021-03-21,104,3110,3214
446,2021-03-22,928,7906,8834
446,2021-03-23,940,8551,9491
446,2021-03-24,985,8317,9302
446,2021-03-25,911,8437,9348
446,2021-03-26,891,8639,9530
446,2021-03-27,300,5362,5662
446,2021-03-29,870,8432,9302
446,2021-03-30,859,9016,9875
446,2021-03-31,934,8985,9919
446,2021-04-01,910,9334,10244
446,2021-04-02,872,9001,9873
446,2021-04-03,342,5668,6010
446,2021-04-04,94,3409,3503
446,2021-04-05,96,2545,2641
446,2021-04-06,831,8597,9428
446,2021-04-07,830,8212,9042
446,2021-04-08,905,8689,9594
446,2021-04-09,936,8486,9422
446,2021-04-10,275,5165,5440
446,2021-04-11,105,3209,3314
446,2021-04-12,879,8982,9861
446,2021-04-13,937,9003,9940
446,2021-04-14,979,9156,10135
446,2021-04-15,1036,9408,10444
446,2021-04-16,892,9093,9985
446,2021-04-17,326,5787,6113
446,2021-04-18,105,3315,3420
446,2021-04-19,972,8585,9557
446,2021-04-20,995,9113,10108
446,2021-04-21,931,8703,9634
446,2021-04-22,991,9329,10320
446,2021-04-23,942,9070,10012
446,2021-04-24,333,6271,6604
446,2021-04-25,106,4112,4218
446,2021-04-26,904,8637,9541
446,2021-04-27,861,9059,9920
446,2021-04-28,949,9037,9986
446,2021-04-29,902,9494,10396
446,2021-04-30,924,9367,10291
446,2021-05-01,104,3962,4066
446,2021-05-02,102,3935,4037
446,2021-05-03,861,8759,9620
446,2021-05-04,858,9191,10049
446,2021-05-05,877,9166,10043
446,2021-05-06,907,9362,10269
446,2021-05-07,888,9324,10212
446,2021-05-08,326,6467,6793
446,2021-05-09,99,4284,4383
446,2021-05-10,879,8606,9485
446,2021-05-11,840,9244,10084
446,2021-05-12,938,9509,10447
446,2021-05-13,113,3545,3658
446,2021-05-14,685,7712,8397
446,2021-05-15,286,5516,5802
446,2021-05-16,110,3432,3542
446,2021-05-17,886,8781,9667
446,2021-05-18,892,9042,9934
446,2021-05-19,918,8951,9869
446,2021-05-20,911,9328,10239
446,2021-05-21,1034,10684,11718
446,2021-05-22,647,13425,14072
446,2021-05-23,184,7421,7605
446,2021-05-24,117,3592,3709
446,2021-05-25,834,9022,9856
446,2021-05-26,866,8918,9784
446,2021-05-27,885,9056,9941
446,2021-05-28,852,9085,9937
446,2021-05-29,320,6142,6462
446,2021-05-30,108,4631,4739
446,2021-05-31,882,8897,9779
446,2021-06-01,914,9462,10376
446,2021-06-02,885,9237,10122
446,2021-06-03,910,9472,10382
446,2021-06-04,871,8964,9835
446,2021-06-05,300,6089,6389
446,2021-06-06,102,3875,3977
446,2021-06-07,822,8602,9424
446,2021-06-08,879,9171,10050
446,2021-06-09,866,9155,10021
446,2021-06-10,917,9144,10061
446,2021-06-11,965,9281,10246
446,2021-06-12,404,6713,7117
446,2021-06-13,143,5598,5741
446,2021-06-14,970,8663,9633
446,2021-06-15,905,9039,9944
446,2021-06-16,961,8719,9680
446,2021-06-17,935,9629,10564
446,2021-06-18,843,9104,9947
446,2021-06-19,306,6390,6696
446,2021-06-20,117,3945,4062
446,2021-06-21,849,8320,9169
446,2021-06-22,991,8384,9375
446,2021-06-23,133,4119,4252
446,2021-06-24,931,8484,9415
446,2021-06-25,956,9570,10526
446,2021-06-26,484,10441,10925
446,2021-06-27,156,6752,6908
446,2021-06-28,878,8236,9114
446,2021-06-29,889,8665,9554
446,2021-06-30,877,8767,9644
446,2021-07-01,970,8859,9829
446,2021-07-02,998,9330,10328
446,2021-07-03,291,6239,6530
446,2021-07-04,118,4365,4483
446,2021-07-05,849,8607,9456
446,2021-07-06,899,9048,9947
446,2021-07-07,879,8520,9399
446,2021-07-08,944,9005,9949
446,2021-07-09,960,8974,9934
446,2021-07-10,302,6340,6642
446,2021-07-11,102,4479,4581
446,2021-07-12,887,8635,9522
446,2021-07-13,839,8566,9405
446,2021-07-14,777,8669,9446
446,2021-07-15,807,9434,10241
446,2021-07-16,878,9496,10374
446,2021-07-17,294,5524,5818
446,2021-07-18,113,4462,4575
446,2021-07-19,776,8358,9134
446,2021-07-20,816,8359,9175
446,2021-07-21,819,8366,9185
446,2021-07-22,890,8692,9582
446,2021-07-23,850,9026,9876
446,2021-07-24,314,5882,6196
446,2021-07-25,116,4239,4355
446,2021-07-26,824,8185,9009
446,2021-07-27,817,8466,9283
446,2021-07-28,777,8766,9543
446,2021-07-29,760,8573,9333
446,2021-07-30,885,8541,9426
446,2021-07-31,306,5727,6033
446,2021-08-01,142,4138,4280
446,2021-08-02,560,6924,7484
446,2021-08-03,593,7183,7776
446,2021-08-04,643,6960,7603
446,2021-08-05,616,6963,7579
446,2021-08-06,625,7223,7848
446,2021-08-07,266,5185,5451
446,2021-08-08,106,3597,3703
446,2021-08-09,567,6204,6771
446,2021-08-10,582,6462,7044
446,2021-08-11,629,6703,7332
446,2021-08-12,636,6983,7619
446,2021-08-13,633,6990,7623
446,2021-08-14,294,5309,5603
446,2021-08-15,158,4207,4365
446,2021-08-16,567,6392,6959
446,2021-08-17,567,6259,6826
446,2021-08-18,589,6190,6779
446,2021-08-19,635,6921,7556
446,2021-08-20,604,7689,8293
446,2021-08-21,268,5044,5312
446,2021-08-22,115,3929,4044
446,2021-08-23,682,6994,7676
446,2021-08-24,714,7415,8129
446,2021-08-25,776,7498,8274
446,2021-08-26,685,7962,8647
446,2021-08-27,717,8350,9067
446,2021-08-28,257,5200,5457
446,2021-08-29,134,3984,4118
446,2021-08-30,818,7846,8664
446,2021-08-31,838,8127,8965
446,2021-09-01,805,8546,9351
446,2021-09-02,841,7953,8794
446,2021-09-03,827,8605,9432
446,2021-09-04,304,5463,5767
446,2021-09-05,123,4280,4403
446,2021-09-06,816,8447,9263
446,2021-09-07,882,8761,9643
446,2021-09-08,906,8775,9681
446,2021-09-09,914,8861,9775
446,2021-09-10,886,8931,9817
446,2021-09-11,346,7569,7915
446,2021-09-12,127,5222,5349
446,2021-09-13,854,9689,10543
446,2021-09-14,901,9699,10600
446,2021-09-15,847,9135,9982
446,2021-09-16,936,9420,10356
446,2021-09-17,876,8605,9481
446,2021-09-18,373,6331,6704
446,2021-09-19,123,4451,4574
446,2021-09-20,916,8121,9037
446,2021-09-21,895,8256,9151
446,2021-09-22,938,8309,9247
446,2021-09-23,901,8522,9423
446,2021-09-24,951,8907,9858
446,2021-09-25,420,6491,6911
446,2021-09-26,120,4327,4447
446,2021-09-27,957,8096,9053
446,2021-09-28,975,8337,9312
446,2021-09-29,934,8382,9316
446,2021-09-30,950,8644,9594
446,2021-10-01,1022,8469,9491
446,2021-10-02,375,6133,6508
446,2021-10-03,115,3828,3943
446,2021-10-04,900,8000,8900
446,2021-10-05,871,8807,9678
446,2021-10-06,865,8456,9321
446,2021-10-07,915,8941,9856
446,2021-10-08,903,8650,9553
446,2021-10-09,342,6302,6644
446,2021-10-10,144,4409,4553
446,2021-10-11,970,8066,9036
446,2021-10-12,1022,8505,9527
446,2021-10-13,980,8342,9322
446,2021-10-14,1034,8782,9816
446,2021-10-15,909,8845,9754
446,2021-10-16,300,6087,6387
446,2021-10-17,112,4049,4161
446,2021-10-18,948,8040,8988
446,2021-10-19,870,8242,9112
446,2021-10-20,857,8185,9042
446,2021-10-21,831,8419,9250
446,2021-10-22,791,8420,9211
446,2021-10-23,316,6254,6570
446,2021-10-24,172,5774,5946
446,2021-10-25,874,8294,9168
446,2021-10-26,935,8279,9214
446,2021-10-27,815,8193,9008
446,2021-10-28,831,8693,9524
446,2021-10-29,826,8632,9458
446,2021-10-30,285,5875,6160
446,2021-11-01,104,3705,3809
446,2021-11-02,748,8184,8932
446,2021-11-03,790,8383,9173
446,2021-11-04,844,8742,9586
446,2021-11-05,783,8461,9244
446,2021-11-06,304,5864,6168
446,2021-11-07,108,3547,3655
446,2021-11-08,816,8116,8932
446,2021-11-09,884,8500,9384
446,2021-11-10,922,8279,9201
446,2021-11-11,861,9029,9890
446,2021-11-12,855,9184,10039
446,2021-11-13,286,5825,6111
446,2021-11-14,111,3725,3836
446,2021-11-15,824,7988,8812
446,2021-11-16,876,8288,9164
446,2021-11-17,875,7956,8831
446,2021-11-18,1018,8707,9725
446,2021-11-19,823,8435,9258
446,2021-11-20,290,5939,6229
446,2021-11-21,108,3758,3866
446,2021-11-22,864,7547,8411
446,2021-11-23,886,8290,9176
446,2021-11-24,819,8073,8892
446,2021-11-25,797,8213,9010
446,2021-11-26,765,8402,9167
446,2021-11-27,268,5719,5987
446,2021-11-28,112,3663,3775
446,2021-11-29,812,7949,8761
446,2021-11-30,786,7937,8723
446,2021-12-01,827,7956,8783
446,2021-12-02,798,7971,8769
446,2021-12-03,798,8401,9199
446,2021-12-04,270,5636,5906
446,2021-12-05,108,3677,3785
448,2021-01-01,65,2682,2747
448,2021-01-02,180,4073,4253
448,2021-01-03,82,3248,3330
448,2021-01-04,283,5428,5711
448,2021-01-05,301,5615,5916
448,2021-01-06,352,5552,5904
448,2021-01-07,319,5570,5889
448,2021-01-08,321,6072,6393
448,2021-01-09,176,4566,4742
448,2021-01-10,79,3579,3658
448,2021-01-11,442,6863,7305
448,2021-01-12,426,6940,7366
448,2021-01-13,470,7036,7506
448,2021-01-14,382,7179,7561
448,2021-01-15,385,7459,7844
448,2021-01-16,206,5188,5394
448,2021-01-17,81,3469,3550
448,2021-01-18,430,6848,7278
448,2021-01-19,424,6841,7265
448,2021-01-20,521,7239,7760
448,2021-01-21,425,7198,7623
448,2021-01-22,434,7395,7829
448,2021-01-23,191,5099,5290
448,2021-01-24,101,3439,3540
448,2021-01-25,539,6886,7425
448,2021-01-26,488,7108,7596
448,2021-01-27,359,5692,6051
448,2021-01-28,381,7187,7568
448,2021-01-29,365,7449,7814
448,2021-01-30,167,4997,5164
448,2021-01-31,92,3278,3370
448,2021-02-01,422,6883,7305
448,2021-02-02,418,7246,7664
448,2021-02-03,397,6918,7315
448,2021-02-04,439,7199,7638
448,2021-02-05,435,7320,7755
448,2021-02-06,189,5177,5366
448,2021-02-07,94,3499,3593
448,2021-02-08,410,6486,6896
448,2021-02-09,471,6647,7118
448,2021-02-10,419,6749,7168
448,2021-02-11,471,6791,7262
448,2021-02-12,450,7070,7520
448,2021-02-13,206,5329,5535
448,2021-02-14,85,4024,4109
448,2021-02-15,355,6326,6681
448,2021-02-16,398,7196,7594
448,2021-02-17,385,6968,7353
448,2021-02-18,399,7018,7417
448,2021-02-19,408,7386,7794
448,2021-02-20,230,5829,6059
448,2021-02-21,92,4955,5047
448,2021-02-22,481,7163,7644
448,2021-02-23,470,7552,8022
448,2021-02-24,516,7561,8077
448,2021-02-25,465,7627,8092
448,2021-02-26,444,7511,7955
448,2021-02-27,244,5906,6150
448,2021-02-28,100,4574,4674
448,2021-03-01,481,7213,7694
448,2021-03-02,478,7786,8264
448,2021-03-03,542,7372,7914
448,2021-03-04,448,7384,7832
448,2021-03-05,497,7685,8182
448,2021-03-06,269,5849,6118
448,2021-03-07,107,4437,4544
448,2021-03-08,519,7130,7649
448,2021-03-09,528,7295,7823
448,2021-03-10,535,7356,7891
448,2021-03-11,423,7260,7683
448,2021-03-12,433,7601,8034
448,2021-03-13,185,5479,5664
448,2021-03-14,90,3610,3700
448,2021-03-15,455,7096,7551
448,2021-03-16,516,7356,7872
448,2021-03-17,503,7048,7551
448,2021-03-18,479,7386,7865
448,2021-03-19,474,7653,8127
448,2021-03-20,223,5763,5986
448,2021-03-21,100,3863,3963
448,2021-03-22,461,7084,7545
448,2021-03-23,562,7490,8052
448,2021-03-24,589,7454,8043
448,2021-03-25,543,7564,8107
448,2021-03-26,537,7862,8399
448,2021-03-27,241,5880,6121
448,2021-03-29,550,7498,8048
448,2021-03-30,536,7944,8480
448,2021-03-31,573,7846,8419
448,2021-04-01,570,8132,8702
448,2021-04-02,604,8373,8977
448,2021-04-03,280,6326,6606
448,2021-04-04,91,4758,4849
448,2021-04-05,124,3523,3647
448,2021-04-06,431,7058,7489
448,2021-04-07,476,6816,7292
448,2021-04-08,511,7305,7816
448,2021-04-09,538,7509,8047
448,2021-04-10,198,5145,5343
448,2021-04-11,84,3444,3528
448,2021-04-12,479,6795,7274
448,2021-04-13,519,7332,7851
448,2021-04-14,514,7361,7875
448,2021-04-15,495,7363,7858
448,2021-04-16,527,7511,8038
448,2021-04-17,272,5963,6235
448,2021-04-18,114,4278,4392
448,2021-04-19,548,7438,7986
448,2021-04-20,537,8034,8571
448,2021-04-21,589,7763,8352
448,2021-04-22,582,8176,8758
448,2021-04-23,611,8301,8912
448,2021-04-24,297,7031,7328
448,2021-04-25,144,5934,6078
448,2021-04-26,550,7697,8247
448,2021-04-27,550,8104,8654
448,2021-04-28,514,7989,8503
448,2021-04-29,590,7866,8456
448,2021-04-30,589,8305,8894
448,2021-05-01,154,5015,5169
448,2021-05-02,140,4771,4911
448,2021-05-03,532,7701,8233
448,2021-05-04,482,7881,8363
448,2021-05-05,543,7566,8109
448,2021-05-06,495,7550,8045
448,2021-05-07,523,8112,8635
448,2021-05-08,331,6328,6659
448,2021-05-09,128,6260,6388
448,2021-05-10,552,7297,7849
448,2021-05-11,557,7826,8383
448,2021-05-12,584,8242,8826
448,2021-05-13,200,5650,5850
448,2021-05-14,453,8091,8544
448,2021-05-15,230,6404,6634
448,2021-05-16,188,4483,4671
448,2021-05-17,500,7136,7636
448,2021-05-18,494,7996,8490
448,2021-05-19,519,7919,8438
448,2021-05-20,483,8298,8781
448,2021-05-21,628,8139,8767
448,2021-05-22,268,6398,6666
448,2021-05-23,112,5663,5775
448,2021-05-24,167,4670,4837
448,2021-05-25,510,7345,7855
448,2021-05-26,514,7219,7733
448,2021-05-27,548,7778,8326
448,2021-05-28,539,8471,9010
448,2021-05-29,268,7099,7367
448,2021-05-30,125,6294,6419
448,2021-05-31,524,7554,8078
448,2021-06-01,557,7897,8454
448,2021-06-02,605,7506,8111
448,2021-06-03,495,7624,8119
448,2021-06-04,562,7778,8340
448,2021-06-05,233,6006,6239
448,2021-06-06,162,4941,5103
448,2021-06-07,563,7030,7593
448,2021-06-08,522,7520,8042
448,2021-06-09,544,7652,8196
448,2021-06-10,526,7615,8141
448,2021-06-11,586,7999,8585
448,2021-06-12,263,6620,6883
448,2021-06-13,143,6339,6482
448,2021-06-14,501,7251,7752
448,2021-06-15,533,7659,8192
448,2021-06-16,611,7600,8211
448,2021-06-17,578,7595,8173
448,2021-06-18,555,7722,8277
448,2021-06-19,271,6560,6831
448,2021-06-20,105,4986,5091
448,2021-06-21,537,7330,7867
448,2021-06-22,569,7351,7920
448,2021-06-23,114,4554,4668
448,2021-06-24,439,6863,7302
448,2021-06-25,539,7652,8191
448,2021-06-26,258,6438,6696
448,2021-06-27,104,4829,4933
448,2021-06-28,503,7243,7746
448,2021-06-29,492,7264,7756
448,2021-06-30,494,7502,7996
448,2021-07-01,567,7494,8061
448,2021-07-02,560,7842,8402
448,2021-07-03,274,6520,6794
448,2021-07-04,93,4747,4840
448,2021-07-05,453,7206,7659
448,2021-07-06,478,7402,7880
448,2021-07-07,540,7763,8303
448,2021-07-08,518,7457,7975
448,2021-07-09,531,7902,8433
448,2021-07-10,221,6493,6714
448,2021-07-11,113,5402,5515
448,2021-07-12,562,7638,8200
448,2021-07-13,417,7393,7810
448,2021-07-14,400,7050,7450
448,2021-07-15,375,7013,7388
448,2021-07-16,473,7747,8220
448,2021-07-17,235,6312,6547
448,2021-07-18,123,5255,5378
448,2021-07-19,516,7523,8039
448,2021-07-20,497,7799,8296
448,2021-07-21,565,7925,8490
448,2021-07-22,580,7834,8414
448,2021-07-23,549,8128,8677
448,2021-07-24,277,5896,6173
448,2021-07-25,97,4782,4879
448,2021-07-26,480,7325,7805
448,2021-07-27,423,7394,7817
448,2021-07-28,480,7538,8018
448,2021-07-29,504,7921,8425
448,2021-07-30,383,7704,8087
448,2021-07-31,286,6465,6751
448,2021-08-01,119,5008,5127
448,2021-08-02,385,6511,6896
448,2021-08-03,372,6757,7129
448,2021-08-04,339,6896,7235
448,2021-08-05,346,6839,7185
448,2021-08-06,324,6951,7275
448,2021-08-07,218,5646,5864
448,2021-08-08,107,4470,4577
448,2021-08-09,350,6425,6775
448,2021-08-10,358,6817,7175
448,2021-08-11,390,6883,7273
448,2021-08-12,381,6919,7300
448,2021-08-13,379,7029,7408
448,2021-08-14,256,6325,6581
448,2021-08-15,158,5522,5680
448,2021-08-16,396,6327,6723
448,2021-08-17,401,6641,7042
448,2021-08-18,357,6643,7000
448,2021-08-19,351,6687,7038
448,2021-08-20,378,7021,7399
448,2021-08-21,259,5974,6233
448,2021-08-22,119,4385,4504
448,2021-08-23,426,6752,7178
448,2021-08-24,486,7260,7746
448,2021-08-25,506,7444,7950
448,2021-08-26,505,7028,7533
448,2021-08-27,491,7109,7600
448,2021-08-28,233,5621,5854
448,2021-08-29,99,4456,4555
448,2021-08-30,468,6638,7106
448,2021-08-31,490,7085,7575
448,2021-09-01,503,7363,7866
448,2021-09-02,532,7284,7816
448,2021-09-03,555,7472,8027
448,2021-09-04,306,6537,6843
448,2021-09-05,115,5668,5783
448,2021-09-06,471,6882,7353
448,2021-09-07,551,7452,8003
448,2021-09-08,582,7407,7989
448,2021-09-09,545,7241,7786
448,2021-09-10,517,7250,7767
448,2021-09-11,247,6656,6903
448,2021-09-12,119,6512,6631
448,2021-09-13,500,7819,8319
448,2021-09-14,469,7647,8116
448,2021-09-15,437,7722,8159
448,2021-09-16,473,7798,8271
448,2021-09-17,525,8351,8876
448,2021-09-18,280,7178,7458
448,2021-09-19,116,5573,5689
448,2021-09-20,550,7258,7808
448,2021-09-21,520,7583,8103
448,2021-09-22,521,7564,8085
448,2021-09-23,492,7631,8123
448,2021-09-24,532,8019,8551
448,2021-09-25,289,7086,7375
448,2021-09-26,90,4718,4808
448,2021-09-27,505,7164,7669
448,2021-09-28,492,7579,8071
448,2021-09-29,490,7356,7846
448,2021-09-30,464,7740,8204
448,2021-10-01,511,8026,8537
448,2021-10-02,333,6188,6521
448,2021-10-03,82,4488,4570
448,2021-10-04,503,7231,7734
448,2021-10-05,485,7250,7735
448,2021-10-06,517,7250,7767
448,2021-10-07,477,7645,8122
448,2021-10-08,574,8024,8598
448,2021-10-09,326,6833,7159
448,2021-10-10,239,6267,6506
448,2021-10-11,547,7254,7801
448,2021-10-12,510,7514,8024
448,2021-10-13,542,7456,7998
448,2021-10-14,640,7598,8238
448,2021-10-15,609,7673,8282
448,2021-10-16,285,6509,6794
448,2021-10-17,126,5101,5227
448,2021-10-18,559,7400,7959
448,2021-10-19,469,7208,7677
448,2021-10-20,475,7257,7732
448,2021-10-21,483,7171,7654
448,2021-10-22,548,7909,8457
448,2021-10-23,267,6295,6562
448,2021-10-24,101,5102,5203
448,2021-10-25,517,7240,7757
448,2021-10-26,509,7650,8159
448,2021-10-27,546,7525,8071
448,2021-10-28,566,7709,8275
448,2021-10-29,546,7827,8373
448,2021-10-30,202,5753,5955
448,2021-11-01,90,4337,4427
448,2021-11-02,459,7172,7631
448,2021-11-03,459,6849,7308
448,2021-11-04,450,7070,7520
448,2021-11-05,493,7232,7725
448,2021-11-06,348,5757,6105
448,2021-11-07,94,4134,4228
448,2021-11-08,575,7032,7607
448,2021-11-09,571,7335,7906
448,2021-11-10,537,7351,7888
448,2021-11-11,535,7490,8025
448,2021-11-12,542,7728,8270
448,2021-11-13,226,5751,5977
448,2021-11-14,92,4144,4236
448,2021-11-15,599,7150,7749
448,2021-11-16,559,6851,7410
448,2021-11-17,584,6959,7543
448,2021-11-18,525,7386,7911
448,2021-11-19,491,7528,8019
448,2021-11-20,216,6023,6239
448,2021-11-21,86,4085,4171
448,2021-11-22,528,6969,7497
448,2021-11-23,505,7074,7579
448,2021-11-24,518,7153,7671
448,2021-11-25,496,7317,7813
448,2021-11-26,496,7469,7965
448,2021-11-27,221,5497,5718
448,2021-11-28,80,4096,4176
448,2021-11-29,503,7082,7585
448,2021-11-30,462,7196,7658
448,2021-12-01,445,7041,7486
448,2021-12-02,458,7267,7725
448,2021-12-03,479,7544,8023
448,2021-12-04,204,5763,5967
448,2021-12-05,85,4365,4450
448,2021-12-06,458,6676,7134
448,2021-12-07,476,7288,7764
448,2021-12-08,477,7277,7754
448,2021-12-09,456,7194,7650
448,2021-12-10,422,7517,7939
448,2021-12-11,229,5729,5958
448,2021-12-12,97,4006,4103
448,2021-12-13,446,7149,7595
448,2021-12-14,495,7304,7799
448,2021-12-15,529,7408,7937
448,2021-12-16,535,7330,7865
448,2021-12-17,485,7650,8135
448,2021-12-18,233,5546,5779
448,2021-12-19,103,4092,4195
448,2021-12-20,360,6114,6474
448,2021-12-21,375,6507,6882
448,2021-12-22,363,6425,6788
448,2021-12-23,307,6428,6735
448,2021-12-24,225,5562,5787
448,2021-12-25,76,3516,3592
448,2021-12-26,92,3375,3467
448,2021-12-27,245,4954,5199
448,2021-12-28,246,5320,5566
448,2021-12-29,244,5543,5787
448,2021-12-30,244,5491,5735
448,2021-12-31,222,5233,5455
449,2021-01-01,161,4784,4945
449,2021-01-02,367,7272,7639
449,2021-01-03,175,5802,5977
449,2021-01-04,538,9931,10469
449,2021-01-05,600,10411,11011
449,2021-01-06,660,10270,10930
449,2021-01-07,615,10467,11082
449,2021-01-08,677,11171,11848
449,2021-01-09,367,8613,8980
449,2021-01-10,185,6436,6621
449,2021-01-11,906,12763,13669
449,2021-01-12,872,12999,13871
449,2021-01-13,918,13133,14051
449,2021-01-14,808,13022,13830
449,2021-01-15,835,13737,14572
449,2021-01-16,425,9924,10349
449,2021-01-17,190,6309,6499
449,2021-01-18,866,12725,13591
449,2021-01-19,883,13058,13941
449,2021-01-20,1007,12997,14004
449,2021-01-21,992,13098,14090
449,2021-01-22,1057,13832,14889
449,2021-01-23,402,9659,10061
449,2021-01-24,207,6584,6791
449,2021-01-25,968,12908,13876
449,2021-01-26,978,13215,14193
449,2021-01-27,847,12843,13690
449,2021-01-28,804,13209,14013
449,2021-01-29,848,13810,14658
449,2021-01-30,376,9610,9986
449,2021-01-31,198,6350,6548
449,2021-02-01,853,12869,13722
449,2021-02-02,841,13503,14344
449,2021-02-03,846,12967,13813
449,2021-02-04,882,13499,14381
449,2021-02-05,933,13787,14720
449,2021-02-06,376,9968,10344
449,2021-02-07,194,6656,6850
449,2021-02-08,835,11876,12711
449,2021-02-09,859,12369,13228
449,2021-02-10,795,12728,13523
449,2021-02-11,783,12833,13616
449,2021-02-12,844,13290,14134
449,2021-02-13,395,10171,10566
449,2021-02-14,183,7276,7459
449,2021-02-15,678,11516,12194
449,2021-02-16,847,12600,13447
449,2021-02-17,785,12528,13313
449,2021-02-18,825,12708,13533
449,2021-02-19,782,13198,13980
449,2021-02-20,460,10632,11092
449,2021-02-21,192,8735,8927
449,2021-02-22,1036,13064,14100
449,2021-02-23,1169,13719,14888
449,2021-02-24,1068,13988,15056
449,2021-02-25,1029,14046,15075
449,2021-02-26,1061,14108,15169
449,2021-02-27,467,11250,11717
449,2021-02-28,185,8108,8293
449,2021-03-01,998,13478,14476
449,2021-03-02,1145,14082,15227
449,2021-03-03,1122,13960,15082
449,2021-03-04,1112,13602,14714
449,2021-03-05,1040,14270,15310
449,2021-03-06,482,10797,11279
449,2021-03-07,171,8036,8207
449,2021-03-08,1274,13074,14348
449,2021-03-09,950,13710,14660
449,2021-03-10,1054,13792,14846
449,2021-03-11,890,13576,14466
449,2021-03-12,979,13977,14956
449,2021-03-13,400,10402,10802
449,2021-03-14,197,6793,6990
449,2021-03-15,969,13134,14103
449,2021-03-16,1037,13695,14732
449,2021-03-17,1043,13301,14344
449,2021-03-18,1037,13715,14752
449,2021-03-19,999,13956,14955
449,2021-03-20,457,10914,11371
449,2021-03-21,192,7165,7357
449,2021-03-22,973,13035,14008
449,2021-03-23,1008,13711,14719
449,2021-03-24,1113,13770,14883
449,2021-03-25,1027,13814,14841
449,2021-03-26,1059,14544,15603
449,2021-03-27,457,10886,11343
449,2021-03-29,1109,13901,15010
449,2021-03-30,1056,14379,15435
449,2021-03-31,1117,14451,15568
449,2021-04-01,1062,14760,15822
449,2021-04-02,1062,15342,16404
449,2021-04-03,473,11611,12084
449,2021-04-04,190,8098,8288
449,2021-04-05,240,6398,6638
449,2021-04-06,866,13006,13872
449,2021-04-07,944,12940,13884
449,2021-04-08,967,13466,14433
449,2021-04-09,952,13654,14606
449,2021-04-10,436,9991,10427
449,2021-04-11,181,6405,6586
449,2021-04-12,928,12887,13815
449,2021-04-13,959,13626,14585
449,2021-04-14,951,13538,14489
449,2021-04-15,955,13676,14631
449,2021-04-16,989,14135,15124
449,2021-04-17,509,11024,11533
449,2021-04-18,217,7713,7930
449,2021-04-19,870,10781,11651
449,2021-04-20,845,11509,12354
449,2021-04-21,924,11137,12061
449,2021-04-22,894,11695,12589
449,2021-04-23,949,12646,13595
449,2021-04-24,502,12335,12837
449,2021-04-25,261,9882,10143
449,2021-04-26,1073,14054,15127
449,2021-04-27,1068,14563,15631
449,2021-04-28,1020,14385,15405
449,2021-04-29,1090,14394,15484
449,2021-04-30,1116,15467,16583
449,2021-05-01,277,8939,9216
449,2021-05-02,237,8670,8907
449,2021-05-03,1025,14148,15173
449,2021-05-04,995,14250,15245
449,2021-05-05,1062,14026,15088
449,2021-05-06,960,13290,14250
449,2021-05-07,1065,14707,15772
449,2021-05-08,685,11975,12660
449,2021-05-09,288,9955,10243
449,2021-05-10,1110,13590,14700
449,2021-05-11,1131,14313,15444
449,2021-05-12,1222,15050,16272
449,2021-05-13,343,9233,9576
449,2021-05-14,862,14647,15509
449,2021-05-15,500,11597,12097
449,2021-05-16,356,8492,8848
449,2021-05-17,1070,13472,14542
449,2021-05-18,1023,14528,15551
449,2021-05-19,1282,14208,15490
449,2021-05-20,1173,14784,15957
449,2021-05-21,1255,15071,16326
449,2021-05-22,526,11690,12216
449,2021-05-23,234,9162,9396
449,2021-05-24,316,7848,8164
449,2021-05-25,1024,12982,14006
449,2021-05-26,984,12765,13749
449,2021-05-27,1112,13034,14146
449,2021-05-28,1094,13906,15000
449,2021-05-29,520,11879,12399
449,2021-05-30,266,9652,9918
449,2021-05-31,1016,12518,13534
449,2021-06-01,1081,12915,13996
449,2021-06-02,1132,12652,13784
449,2021-06-03,962,12910,13872
449,2021-06-04,1084,13016,14100
449,2021-06-05,468,10842,11310
449,2021-06-06,281,8355,8636
449,2021-06-07,1107,12369,13476
449,2021-06-08,1024,13056,14080
449,2021-06-09,1098,13155,14253
449,2021-06-10,1002,13206,14208
449,2021-06-11,1078,13637,14715
449,2021-06-12,468,11674,12142
449,2021-06-13,286,10181,10467
449,2021-06-14,1026,12649,13675
449,2021-06-15,1028,13168,14196
449,2021-06-16,1115,13201,14316
449,2021-06-17,1094,13128,14222
449,2021-06-18,1214,13415,14629
449,2021-06-19,480,11416,11896
449,2021-06-20,265,8571,8836
449,2021-06-21,1252,13444,14696
449,2021-06-22,1135,13065,14200
449,2021-06-23,273,7624,7897
449,2021-06-24,932,12333,13265
449,2021-06-25,1067,13372,14439
449,2021-06-26,469,11367,11836
449,2021-06-27,255,8388,8643
449,2021-06-28,1062,12639,13701
449,2021-06-29,972,13016,13988
449,2021-06-30,1076,13221,14297
449,2021-07-01,1125,13377,14502
449,2021-07-02,1211,13906,15117
449,2021-07-03,493,11575,12068
449,2021-07-04,233,8365,8598
449,2021-07-15,542,10728,11270
449,2021-07-16,701,12325,13026
449,2021-07-17,446,11077,11523
449,2021-07-18,295,9092,9387
449,2021-07-19,1112,13406,14518
449,2021-07-20,1057,13504,14561
449,2021-07-21,1040,13694,14734
449,2021-07-22,1036,13470,14506
449,2021-07-23,1125,13956,15081
449,2021-07-24,507,10830,11337
449,2021-07-25,223,8422,8645
449,2021-07-26,1054,12722,13776
449,2021-07-27,944,12711,13655
449,2021-07-28,909,13492,14401
449,2021-07-29,820,13395,14215
449,2021-07-30,724,13097,13821
449,2021-07-31,545,10924,11469
449,2021-08-01,269,8498,8767
449,2021-08-02,686,11474,12160
449,2021-08-03,670,11997,12667
449,2021-08-04,617,12034,12651
449,2021-08-05,636,11864,12500
449,2021-08-06,643,11854,12497
449,2021-08-07,440,9936,10376
449,2021-08-08,249,7649,7898
449,2021-08-09,625,11009,11634
449,2021-08-10,645,11442,12087
449,2021-08-11,653,11570,12223
449,2021-08-12,663,11642,12305
449,2021-08-13,667,12007,12674
449,2021-08-14,465,10341,10806
449,2021-08-15,303,8491,8794
449,2021-08-16,710,10980,11690
449,2021-08-17,711,11248,11959
449,2021-08-18,702,11323,12025
449,2021-08-19,629,11343,11972
449,2021-08-20,672,11955,12627
449,2021-08-21,484,10083,10567
449,2021-08-22,259,7598,7857
449,2021-08-23,801,12258,13059
449,2021-08-24,926,13149,14075
449,2021-08-25,1003,13285,14288
449,2021-08-26,948,12902,13850
449,2021-08-27,960,13176,14136
449,2021-08-28,506,10367,10873
449,2021-08-29,260,8408,8668
449,2021-08-30,907,12580,13487
449,2021-08-31,959,13216,14175
449,2021-09-01,993,13535,14528
449,2021-09-02,1015,13540,14555
449,2021-09-03,1017,14048,15065
449,2021-09-04,524,11904,12428
449,2021-09-05,273,9828,10101
449,2021-09-06,896,13087,13983
449,2021-09-07,1060,13797,14857
449,2021-09-08,1063,14059,15122
449,2021-09-09,902,13846,14748
449,2021-09-10,1003,14207,15210
449,2021-09-11,492,12230,12722
449,2021-09-12,287,10476,10763
449,2021-09-13,1173,14258,15431
449,2021-09-14,1022,14206,15228
449,2021-09-15,932,14273,15205
449,2021-09-16,946,14428,15374
449,2021-09-17,1045,15451,16496
449,2021-09-18,511,13011,13522
449,2021-09-19,251,10092,10343
449,2021-09-20,1093,13673,14766
449,2021-09-21,1079,13992,15071
449,2021-09-22,1045,14029,15074
449,2021-09-23,1134,14046,15180
449,2021-09-24,1077,15228,16305
449,2021-09-25,527,12198,12725
449,2021-09-26,241,9134,9375
449,2021-09-27,1051,13695,14746
449,2021-09-28,1055,14410,15465
449,2021-09-29,1086,13928,15014
449,2021-09-30,1051,14559,15610
449,2021-10-01,1048,15195,16243
449,2021-10-02,882,11577,12459
449,2021-10-03,331,8429,8760
449,2021-10-04,1415,13419,14834
449,2021-10-05,1021,13510,14531
449,2021-10-06,1053,13754,14807
449,2021-10-07,970,14270,15240
449,2021-10-08,1158,14958,16116
449,2021-10-09,986,12139,13125
449,2021-10-10,572,10590,11162
449,2021-10-11,1265,13424,14689
449,2021-10-12,1137,14053,15190
449,2021-10-13,1183,13962,15145
449,2021-10-14,1069,14183,15252
449,2021-10-15,1321,14447,15768
449,2021-10-16,544,12113,12657
449,2021-10-17,271,9575,9846
449,2021-10-18,1330,13558,14888
449,2021-10-19,1016,13932,14948
449,2021-10-20,1065,13805,14870
449,2021-10-21,984,13902,14886
449,2021-10-22,1217,14595,15812
449,2021-10-23,517,11860,12377
449,2021-10-24,230,9239,9469
449,2021-10-25,1123,13494,14617
449,2021-10-26,1024,14291,15315
449,2021-10-27,1055,14057,15112
449,2021-10-28,1097,14569,15666
449,2021-10-29,1120,14790,15910
449,2021-10-30,431,11301,11732
449,2021-11-01,223,8227,8450
449,2021-11-02,915,13332,14247
449,2021-11-03,903,12985,13888
449,2021-11-04,887,13237,14124
449,2021-11-05,966,13826,14792
449,2021-11-06,595,11281,11876
449,2021-11-07,237,8226,8463
449,2021-11-08,1090,13520,14610
449,2021-11-09,1078,13645,14723
449,2021-11-10,1071,13594,14665
449,2021-11-11,1113,13995,15108
449,2021-11-12,1131,14428,15559
449,2021-11-13,472,11317,11789
449,2021-11-14,219,8071,8290
449,2021-11-15,1112,13403,14515
449,2021-11-16,1292,12951,14243
449,2021-11-17,1071,13329,14400
449,2021-11-18,1026,13670,14696
449,2021-11-19,1011,14154,15165
449,2021-11-20,462,11406,11868
449,2021-11-21,224,8072,8296
449,2021-11-22,1060,12953,14013
449,2021-11-23,1029,13542,14571
449,2021-11-24,984,13487,14471
449,2021-11-25,948,13798,14746
449,2021-11-26,1029,14180,15209
449,2021-11-27,578,10915,11493
449,2021-11-28,219,8117,8336
449,2021-11-29,940,13407,14347
449,2021-11-30,919,13486,14405
450,2021-01-01,102,2616,2718
450,2021-01-02,206,3971,4177
450,2021-01-03,107,3271,3378
450,2021-01-04,316,5266,5582
450,2021-01-05,350,5721,6071
450,2021-01-06,376,5583,5959
450,2021-01-07,359,5796,6155
450,2021-01-08,383,6074,6457
450,2021-01-09,219,4851,5070
450,2021-01-10,119,3700,3819
450,2021-01-11,556,6917,7473
450,2021-01-12,508,7143,7651
450,2021-01-13,549,7218,7767
450,2021-01-14,464,7001,7465
450,2021-01-15,511,7534,8045
450,2021-01-16,243,5428,5671
450,2021-01-17,111,3561,3672
450,2021-01-18,511,6979,7490
450,2021-01-19,546,7223,7769
450,2021-01-20,583,7194,7777
450,2021-01-21,628,7305,7933
450,2021-01-22,651,7728,8379
450,2021-01-23,213,5421,5634
450,2021-01-24,114,3772,3886
450,2021-01-25,568,7120,7688
450,2021-01-26,586,7213,7799
450,2021-01-27,507,7187,7694
450,2021-01-28,479,7255,7734
450,2021-01-29,554,7609,8163
450,2021-01-30,221,5373,5594
450,2021-01-31,115,3781,3896
450,2021-02-01,527,7113,7640
450,2021-02-02,490,7485,7975
450,2021-02-03,497,7147,7644
450,2021-02-04,557,7453,8010
450,2021-02-05,591,7742,8333
450,2021-02-06,217,5553,5770
450,2021-02-07,106,3822,3928
450,2021-02-08,493,6417,6910
450,2021-02-09,477,6841,7318
450,2021-02-10,449,7054,7503
450,2021-02-11,435,7155,7590
450,2021-02-12,449,7368,7817
450,2021-02-13,234,5739,5973
450,2021-02-14,111,4064,4175
450,2021-02-15,409,6363,6772
450,2021-02-16,507,6954,7461
450,2021-02-17,473,7022,7495
450,2021-02-18,521,7136,7657
450,2021-02-19,484,7215,7699
450,2021-02-20,260,6004,6264
450,2021-02-21,111,5027,5138
450,2021-02-22,628,7156,7784
450,2021-02-23,593,7564,8157
450,2021-02-24,609,7866,8475
450,2021-02-25,609,7743,8352
450,2021-02-26,595,7839,8434
450,2021-02-27,246,6260,6506
450,2021-02-28,115,4586,4701
450,2021-03-01,587,7584,8171
450,2021-03-02,611,7866,8477
450,2021-03-03,659,7823,8482
450,2021-03-04,571,7530,8101
450,2021-03-05,642,7950,8592
450,2021-03-06,302,5898,6200
450,2021-03-07,123,4577,4700
450,2021-03-08,618,7374,7992
450,2021-03-09,578,7614,8192
450,2021-03-10,620,7677,8297
450,2021-03-11,579,7580,8159
450,2021-03-12,621,7735,8356
450,2021-03-13,247,5800,6047
450,2021-03-14,120,3990,4110
450,2021-03-15,637,7247,7884
450,2021-03-16,650,7566,8216
450,2021-03-17,645,7538,8183
450,2021-03-18,644,7582,8226
450,2021-03-19,633,7826,8459
450,2021-03-20,273,6096,6369
450,2021-03-21,109,4094,4203
450,2021-03-22,645,7181,7826
450,2021-03-23,587,7558,8145
450,2021-03-24,660,7703,8363
450,2021-03-25,635,7506,8141
450,2021-03-26,643,8045,8688
450,2021-03-27,251,5923,6174
450,2021-03-29,691,7669,8360
450,2021-03-30,691,8110,8801
450,2021-03-31,637,8104,8741
450,2021-04-01,616,8213,8829
450,2021-04-02,637,8591,9228
450,2021-04-03,257,6537,6794
450,2021-04-04,115,4536,4651
450,2021-04-05,148,3645,3793
450,2021-04-06,550,7090,7640
450,2021-04-07,570,7226,7796
450,2021-04-08,532,7457,7989
450,2021-04-09,525,7556,8081
450,2021-04-10,260,5674,5934
450,2021-04-11,111,3642,3753
450,2021-04-12,542,7243,7785
450,2021-04-13,601,7642,8243
450,2021-04-14,550,7504,8054
450,2021-04-15,583,7551,8134
450,2021-04-16,600,7918,8518
450,2021-04-17,282,6223,6505
450,2021-04-18,130,4330,4460
450,2021-04-19,336,3400,3736
450,2021-04-20,347,3645,3992
450,2021-04-21,338,3583,3921
450,2021-04-22,364,3760,4124
450,2021-04-23,423,4895,5318
450,2021-04-24,290,6951,7241
450,2021-04-25,146,5686,5832
450,2021-04-26,660,7787,8447
450,2021-04-27,650,8026,8676
450,2021-04-28,623,7979,8602
450,2021-04-29,654,8079,8733
450,2021-04-30,682,8675,9357
450,2021-05-01,166,5232,5398
450,2021-05-02,151,5025,5176
450,2021-05-03,637,7889,8526
450,2021-05-04,605,7811,8416
450,2021-05-05,657,7891,8548
450,2021-05-06,555,7605,8160
450,2021-05-07,634,8231,8865
450,2021-05-08,299,6811,7110
450,2021-05-09,158,5716,5874
450,2021-05-10,649,7579,8228
450,2021-05-11,669,8020,8689
450,2021-05-12,647,8594,9241
450,2021-05-13,192,5282,5474
450,2021-05-14,491,8273,8764
450,2021-05-15,269,6473,6742
450,2021-05-16,201,4904,5105
450,2021-05-17,650,7690,8340
450,2021-05-18,622,8077,8699
450,2021-05-19,721,7963,8684
450,2021-05-20,758,8342,9100
450,2021-05-21,730,8514,9244
450,2021-05-22,314,6621,6935
450,2021-05-23,159,4980,5139
450,2021-05-24,184,4328,4512
450,2021-05-25,630,7116,7746
450,2021-05-26,594,7125,7719
450,2021-05-27,729,7173,7902
450,2021-05-28,705,7845,8550
450,2021-05-29,313,6789,7102
450,2021-05-30,164,5759,5923
450,2021-05-31,646,7144,7790
450,2021-06-01,683,7549,8232
450,2021-06-02,722,7518,8240
450,2021-06-03,564,7495,8059
450,2021-06-04,736,7745,8481
450,2021-06-05,278,6420,6698
450,2021-06-06,178,4873,5051
450,2021-06-07,717,7292,8009
450,2021-06-08,658,7621,8279
450,2021-06-09,701,7696,8397
450,2021-06-10,656,7778,8434
450,2021-06-11,689,7956,8645
450,2021-06-12,260,6973,7233
450,2021-06-13,175,6149,6324
450,2021-06-14,653,7499,8152
450,2021-06-15,643,7737,8380
450,2021-06-16,761,7783,8544
450,2021-06-17,717,7785,8502
450,2021-06-18,774,7976,8750
450,2021-06-19,276,6724,7000
450,2021-06-20,178,4981,5159
450,2021-06-21,758,7525,8283
450,2021-06-22,700,7802,8502
450,2021-06-23,173,4382,4555
450,2021-06-24,585,7214,7799
450,2021-06-25,666,7865,8531
450,2021-06-26,277,6598,6875
450,2021-06-27,173,5061,5234
450,2021-06-28,631,7261,7892
450,2021-06-29,568,7617,8185
450,2021-06-30,666,7590,8256
450,2021-07-01,689,7744,8433
450,2021-07-02,709,8065,8774
450,2021-07-03,285,6716,7001
450,2021-07-04,155,4972,5127
450,2021-07-05,713,7360,8073
450,2021-07-06,653,7609,8262
450,2021-07-07,742,7660,8402
450,2021-07-08,646,7844,8490
450,2021-07-09,640,8309,8949
450,2021-07-10,285,6610,6895
450,2021-07-11,157,5628,5785
450,2021-07-12,658,7483,8141
450,2021-07-13,572,7735,8307
450,2021-07-14,573,7553,8126
450,2021-07-15,274,5024,5298
450,2021-07-16,307,5432,5739
450,2021-07-17,244,6046,6290
450,2021-07-18,192,5237,5429
450,2021-07-19,577,7325,7902
450,2021-07-20,615,7430,8045
450,2021-07-21,574,7456,8030
450,2021-07-22,589,7468,8057
450,2021-07-23,669,7705,8374
450,2021-07-24,289,6046,6335
450,2021-07-25,141,4830,4971
450,2021-07-26,618,6878,7496
450,2021-07-27,528,6962,7490
450,2021-07-28,509,7458,7967
450,2021-07-29,515,7279,7794
450,2021-07-30,413,7079,7492
450,2021-07-31,308,5951,6259
450,2021-08-01,169,4844,5013
450,2021-08-02,376,6373,6749
450,2021-08-03,366,6502,6868
450,2021-08-04,356,6400,6756
450,2021-08-05,355,6440,6795
450,2021-08-06,361,6325,6686
450,2021-08-07,257,5368,5625
450,2021-08-08,163,4114,4277
450,2021-08-09,343,5775,6118
450,2021-08-10,358,5842,6200
450,2021-08-11,361,6211,6572
450,2021-08-12,363,6308,6671
450,2021-08-13,385,6511,6896
450,2021-08-14,255,5666,5921
450,2021-08-15,198,4879,5077
450,2021-08-16,375,5811,6186
450,2021-08-17,373,5849,6222
450,2021-08-18,399,5959,6358
450,2021-08-19,372,6009,6381
450,2021-08-20,381,6269,6650
450,2021-08-21,258,5738,5996
450,2021-08-22,172,4285,4457
450,2021-08-23,470,6615,7085
450,2021-08-24,525,7388,7913
450,2021-08-25,609,7590,8199
450,2021-08-26,567,7203,7770
450,2021-08-27,577,7290,7867
450,2021-08-28,308,5841,6149
450,2021-08-29,165,4989,5154
450,2021-08-30,516,7174,7690
450,2021-08-31,569,7445,8014
450,2021-09-01,609,7717,8326
450,2021-09-02,563,7785,8348
450,2021-09-03,523,8000,8523
450,2021-09-04,294,6925,7219
450,2021-09-05,182,6027,6209
450,2021-09-06,528,7512,8040
450,2021-09-07,502,8043,8545
450,2021-09-08,602,8298,8900
450,2021-09-09,476,8086,8562
450,2021-09-10,550,8440,8990
450,2021-09-11,297,6953,7250
450,2021-09-12,196,5771,5967
450,2021-09-13,499,8082,8581
450,2021-09-14,543,8121,8664
450,2021-09-15,570,8325,8895
450,2021-09-16,577,8464,9041
450,2021-09-17,590,8932,9522
450,2021-09-18,287,7634,7921
450,2021-09-19,164,5905,6069
450,2021-09-20,663,7898,8561
450,2021-09-21,611,8275,8886
450,2021-09-22,616,8273,8889
450,2021-09-23,579,8271,8850
450,2021-09-24,652,8868,9520
450,2021-09-25,319,7568,7887
450,2021-09-26,165,5446,5611
450,2021-09-27,593,7993,8586
450,2021-09-28,611,8361,8972
450,2021-09-29,671,8118,8789
450,2021-09-30,625,8379,9004
450,2021-10-01,623,8822,9445
450,2021-10-02,351,6922,7273
450,2021-10-03,141,4939,5080
450,2021-10-04,608,7985,8593
450,2021-10-05,576,7969,8545
450,2021-10-06,620,7914,8534
450,2021-10-07,556,8327,8883
450,2021-10-08,687,8775,9462
450,2021-10-09,352,7202,7554
450,2021-10-10,205,6026,6231
450,2021-10-11,576,7869,8445
450,2021-10-12,632,8274,8906
450,2021-10-13,620,8086,8706
450,2021-10-14,698,8273,8971
450,2021-10-15,689,8383,9072
450,2021-10-16,305,6994,7299
450,2021-10-17,160,5801,5961
450,2021-10-18,695,7953,8648
450,2021-10-19,622,8191,8813
450,2021-10-20,630,8018,8648
450,2021-10-21,544,8154,8698
450,2021-10-22,632,8583,9215
450,2021-10-23,308,6815,7123
450,2021-10-24,152,5401,5553
450,2021-10-25,625,7757,8382
450,2021-10-26,593,8271,8864
450,2021-10-27,627,8080,8707
450,2021-10-28,619,8590,9209
450,2021-10-29,650,8598,9248
450,2021-10-30,256,6704,6960
450,2021-11-01,137,5036,5173
450,2021-11-02,498,7589,8087
450,2021-11-03,529,7414,7943
450,2021-11-04,495,7565,8060
450,2021-11-05,539,7992,8531
450,2021-11-06,317,6509,6826
450,2021-11-07,153,4991,5144
450,2021-11-08,566,7561,8127
450,2021-11-09,578,7803,8381
450,2021-11-10,601,7697,8298
450,2021-11-11,581,8106,8687
450,2021-11-12,602,8189,8791
450,2021-11-13,291,6627,6918
450,2021-11-14,149,4720,4869
450,2021-11-15,559,7704,8263
450,2021-11-16,579,7485,8064
450,2021-11-17,620,7699,8319
450,2021-11-18,546,7908,8454
450,2021-11-19,580,8069,8649
450,2021-11-20,289,6519,6808
450,2021-11-21,148,4772,4920
450,2021-11-22,550,7368,7918
450,2021-11-23,550,7788,8338
450,2021-11-24,618,7614,8232
450,2021-11-25,526,7861,8387
450,2021-11-26,609,8137,8746
450,2021-11-27,271,6524,6795
450,2021-11-28,143,4883,5026
450,2021-11-29,570,7490,8060
450,2021-11-30,539,7728,8267
450,2021-12-01,503,7610,8113
450,2021-12-02,549,7812,8361
450,2021-12-03,570,8173,8743
450,2021-12-04,258,6450,6708
450,2021-12-05,141,4492,4633
450,2021-12-06,510,7206,7716
450,2021-12-07,511,7691,8202
450,2021-12-08,603,7750,8353
450,2021-12-09,528,7694,8222
450,2021-12-10,503,8117,8620
450,2021-12-11,273,6551,6824
450,2021-12-12,135,4726,4861
450,2021-12-13,499,7542,8041
450,2021-12-14,614,7888,8502
450,2021-12-15,584,7903,8487
450,2021-12-16,620,8236,8856
450,2021-12-17,593,8216,8809
450,2021-12-18,256,6031,6287
450,2021-12-19,151,4473,4624
450,2021-12-20,368,6192,6560
450,2021-12-21,380,6739,7119
450,2021-12-22,384,6550,6934
450,2021-12-23,354,6745,7099
450,2021-12-24,227,5756,5983
450,2021-12-25,116,3707,3823
450,2021-12-26,126,3438,3564
450,2021-12-27,275,5122,5397
450,2021-12-28,253,5540,5793
450,2021-12-29,276,5689,5965
450,2021-12-30,274,5616,5890
450,2021-12-31,246,5343,5589
452,2021-01-01,45,2325,2370
452,2021-01-02,86,3303,3389
452,2021-01-03,51,2992,3043
452,2021-01-04,258,5187,5445
452,2021-01-05,223,5538,5761
452,2021-01-06,257,5444,5701
452,2021-01-07,264,5738,6002
452,2021-01-08,253,6007,6260
452,2021-01-09,125,4013,4138
452,2021-01-10,56,3335,3391
452,2021-01-11,425,7149,7574
452,2021-01-12,349,7119,7468
452,2021-01-13,432,7269,7701
452,2021-01-14,320,6794,7114
452,2021-01-15,383,7075,7458
452,2021-01-16,122,4212,4334
452,2021-01-17,55,2987,3042
452,2021-01-18,396,6785,7181
452,2021-01-19,460,7048,7508
452,2021-01-20,154,2327,2481
452,2021-01-21,156,3430,3586
452,2021-01-22,478,7186,7664
452,2021-01-23,135,4016,4151
452,2021-01-24,60,2702,2762
452,2021-01-25,494,6935,7429
452,2021-01-26,534,7342,7876
452,2021-01-27,391,6989,7380
452,2021-01-28,357,7077,7434
452,2021-01-29,415,7285,7700
452,2021-01-30,114,4085,4199
452,2021-01-31,58,2783,2841
452,2021-02-01,438,6915,7353
452,2021-02-02,484,7133,7617
452,2021-02-03,414,7036,7450
452,2021-02-04,406,7388,7794
452,2021-02-05,498,7456,7954
452,2021-02-06,110,4087,4197
452,2021-02-07,49,2720,2769
452,2021-02-08,464,6289,6753
452,2021-02-09,379,6465,6844
452,2021-02-10,340,6896,7236
452,2021-02-11,372,6618,6990
452,2021-02-12,340,6773,7113
452,2021-02-13,116,4195,4311
452,2021-02-14,58,3023,3081
452,2021-02-15,313,5641,5954
452,2021-02-16,442,6549,6991
452,2021-02-17,454,6460,6914
452,2021-02-18,453,6687,7140
452,2021-02-19,496,6936,7432
452,2021-02-20,147,4612,4759
452,2021-02-21,51,3470,3521
452,2021-02-22,559,7666,8225
452,2021-02-23,567,7466,8033
452,2021-02-24,571,7369,7940
452,2021-02-25,470,7694,8164
452,2021-02-26,510,7564,8074
452,2021-02-27,137,4744,4881
452,2021-02-28,54,3266,3320
452,2021-03-01,434,7277,7711
452,2021-03-02,477,7553,8030
452,2021-03-03,535,7555,8090
452,2021-03-04,464,7301,7765
452,2021-03-05,517,7741,8258
452,2021-03-06,165,4611,4776
452,2021-03-07,52,3395,3447
452,2021-03-08,488,7179,7667
452,2021-03-09,491,7355,7846
452,2021-03-10,502,7448,7950
452,2021-03-11,459,7235,7694
452,2021-03-12,504,7526,8030
452,2021-03-13,149,4014,4163
452,2021-03-14,52,2747,2799
452,2021-03-15,495,6968,7463
452,2021-03-16,509,7284,7793
452,2021-03-17,571,7177,7748
452,2021-03-18,563,7892,8455
452,2021-03-19,534,7493,8027
452,2021-03-20,176,4604,4780
452,2021-03-21,47,3103,3150
452,2021-03-22,553,6890,7443
452,2021-03-23,579,7166,7745
452,2021-03-24,614,7577,8191
452,2021-03-25,523,7487,8010
452,2021-03-26,570,7646,8216
452,2021-03-27,188,4253,4441
452,2021-03-29,523,7336,7859
452,2021-03-30,583,7926,8509
452,2021-03-31,503,7872,8375
452,2021-04-01,489,7806,8295
452,2021-04-02,470,8039,8509
452,2021-04-03,145,4549,4694
452,2021-04-04,62,3285,3347
452,2021-04-05,63,2727,2790
452,2021-04-06,457,6587,7044
452,2021-04-07,521,6532,7053
452,2021-04-08,506,6898,7404
452,2021-04-09,551,7056,7607
452,2021-04-10,214,3920,4134
452,2021-04-11,42,2612,2654
452,2021-04-12,497,6465,6962
452,2021-04-13,481,6905,7386
452,2021-04-14,483,6992,7475
452,2021-04-15,503,7081,7584
452,2021-04-16,543,7158,7701
452,2021-04-17,177,5033,5210
452,2021-04-18,64,3199,3263
452,2021-04-19,496,6851,7347
452,2021-04-20,536,7287,7823
452,2021-04-21,539,6975,7514
452,2021-04-22,520,7005,7525
452,2021-04-23,544,7369,7913
452,2021-04-24,212,4719,4931
452,2021-04-25,68,3986,4054
452,2021-04-26,578,6759,7337
452,2021-04-27,507,6920,7427
452,2021-04-28,473,7024,7497
452,2021-04-29,516,7263,7779
452,2021-04-30,507,7650,8157
452,2021-05-01,83,3723,3806
452,2021-05-02,61,3620,3681
452,2021-05-03,467,7041,7508
452,2021-05-04,582,6433,7015
452,2021-05-05,573,6951,7524
452,2021-05-06,503,6635,7138
452,2021-05-07,584,7112,7696
452,2021-05-08,215,4611,4826
452,2021-05-09,71,4079,4150
452,2021-05-10,620,6366,6986
452,2021-05-11,599,6759,7358
452,2021-05-12,584,7221,7805
452,2021-05-13,111,3748,3859
452,2021-05-14,372,6189,6561
452,2021-05-15,159,4505,4664
452,2021-05-16,110,3448,3558
452,2021-05-17,546,6724,7270
452,2021-05-18,531,7195,7726
452,2021-05-19,494,7101,7595
452,2021-05-20,465,7254,7719
452,2021-05-21,532,7504,8036
452,2021-05-22,209,4393,4602
452,2021-05-23,63,3575,3638
452,2021-05-24,104,3222,3326
452,2021-05-25,149,1159,1308
452,2021-05-26,167,1127,1294
452,2021-05-27,52,189,241
452,2021-05-28,22,124,146
452,2021-05-29,89,400,489
452,2021-05-30,65,4387,4452
452,2021-05-31,600,6999,7599
452,2021-06-01,594,7819,8413
452,2021-06-02,636,7785,8421
452,2021-06-03,482,8673,9155
452,2021-06-04,563,9036,9599
452,2021-06-05,184,6443,6627
452,2021-06-06,93,4852,4945
452,2021-06-07,588,8406,8994
452,2021-06-08,619,9028,9647
452,2021-06-09,660,9209,9869
452,2021-06-10,645,9301,9946
452,2021-06-11,651,9750,10401
452,2021-06-12,212,7044,7256
452,2021-06-13,90,6005,6095
452,2021-06-14,639,9189,9828
452,2021-06-15,714,9545,10259
452,2021-06-16,704,9250,9954
452,2021-06-17,678,9554,10232
452,2021-06-18,765,9541,10306
452,2021-06-19,185,6908,7093
452,2021-06-20,86,5051,5137
452,2021-06-21,753,8959,9712
452,2021-06-22,699,9594,10293
452,2021-06-23,129,4620,4749
452,2021-06-24,572,8966,9538
452,2021-06-25,647,9477,10124
452,2021-06-26,196,6892,7088
452,2021-06-27,102,4991,5093
452,2021-06-28,680,8910,9590
452,2021-06-29,639,9260,9899
452,2021-06-30,703,9344,10047
452,2021-07-01,724,9578,10302
452,2021-07-02,749,9754,10503
452,2021-07-03,219,7188,7407
452,2021-07-04,77,4875,4952
452,2021-07-05,676,8920,9596
452,2021-07-06,662,9399,10061
452,2021-07-07,803,9328,10131
452,2021-07-08,699,9607,10306
452,2021-07-09,755,10012,10767
452,2021-07-10,205,6813,7018
452,2021-07-11,88,5609,5697
452,2021-07-12,782,9569,10351
452,2021-07-13,613,9775,10388
452,2021-07-14,641,9556,10197
452,2021-07-15,544,11997,12541
452,2021-07-16,563,10188,10751
452,2021-07-17,232,6993,7225
452,2021-07-18,125,5560,5685
452,2021-07-19,746,9240,9986
452,2021-07-20,741,9645,10386
452,2021-07-21,692,9460,10152
452,2021-07-22,634,9041,9675
452,2021-07-23,725,9443,10168
452,2021-07-24,211,6415,6626
452,2021-07-25,98,4946,5044
452,2021-07-26,654,8488,9142
452,2021-07-27,620,8806,9426
452,2021-07-28,620,9307,9927
452,2021-07-29,501,9360,9861
452,2021-07-30,380,9243,9623
452,2021-07-31,220,6653,6873
452,2021-08-01,120,5330,5450
452,2021-08-02,360,8023,8383
452,2021-08-03,359,8390,8749
452,2021-08-04,378,8286,8664
452,2021-08-05,336,8322,8658
452,2021-08-06,386,8473,8859
452,2021-08-07,171,6181,6352
452,2021-08-08,113,5290,5403
452,2021-08-09,346,7652,7998
452,2021-08-10,319,8150,8469
452,2021-08-11,368,8182,8550
452,2021-08-12,348,8339,8687
452,2021-08-13,359,8641,9000
452,2021-08-14,206,6589,6795
452,2021-08-15,151,5810,5961
452,2021-08-16,361,7421,7782
452,2021-08-17,378,7784,8162
452,2021-08-18,376,7805,8181
452,2021-08-19,322,7776,8098
452,2021-08-20,365,7969,8334
452,2021-08-21,195,6175,6370
452,2021-08-22,115,4867,4982
452,2021-08-23,570,8440,9010
452,2021-08-24,606,9345,9951
452,2021-08-25,679,9740,10419
452,2021-08-26,704,9526,10230
452,2021-08-27,713,9406,10119
452,2021-08-28,196,6373,6569
452,2021-08-29,98,5094,5192
452,2021-08-30,656,8170,8826
452,2021-08-31,712,8595,9307
452,2021-09-01,724,8832,9556
452,2021-09-02,627,8922,9549
452,2021-09-03,634,9175,9809
452,2021-09-04,174,6839,7013
452,2021-09-05,105,5820,5925
452,2021-09-06,566,8524,9090
452,2021-09-07,569,8999,9568
452,2021-09-08,655,9208,9863
452,2021-09-09,597,9001,9598
452,2021-09-10,579,9140,9719
452,2021-09-11,223,6343,6566
452,2021-09-12,104,5898,6002
452,2021-09-13,709,9242,9951
452,2021-09-14,799,9324,10123
452,2021-09-15,346,5265,5611
452,2021-09-16,421,8294,8715
452,2021-09-17,593,9888,10481
452,2021-09-18,182,6691,6873
452,2021-09-19,90,5457,5547
452,2021-09-20,661,8924,9585
452,2021-09-21,598,9307,9905
452,2021-09-22,628,9051,9679
452,2021-09-23,542,9035,9577
452,2021-09-24,577,9406,9983
452,2021-09-25,184,6367,6551
452,2021-09-26,61,4810,4871
452,2021-09-27,613,8482,9095
452,2021-09-28,539,8743,9282
452,2021-09-29,449,7521,7970
452,2021-09-30,593,8908,9501
452,2021-10-01,635,9274,9909
452,2021-10-02,189,6123,6312
452,2021-10-03,49,4578,4627
452,2021-10-04,650,8638,9288
452,2021-10-05,596,8311,8907
452,2021-10-06,537,7953,8490
452,2021-10-07,558,8985,9543
452,2021-10-08,690,9313,10003
452,2021-10-09,200,6317,6517
452,2021-10-10,75,5312,5387
452,2021-10-11,627,8505,9132
452,2021-10-12,593,8062,8655
452,2021-10-13,538,8426,8964
452,2021-10-14,590,8822,9412
452,2021-10-15,701,9252,9953
452,2021-10-16,200,6641,6841
452,2021-10-17,81,5487,5568
452,2021-10-18,713,8511,9224
452,2021-10-19,588,8535,9123
452,2021-10-20,495,7042,7537
452,2021-10-21,501,8265,8766
452,2021-10-22,597,9009,9606
452,2021-10-23,158,5828,5986
452,2021-10-24,41,4833,4874
452,2021-10-25,589,7445,8034
452,2021-10-26,581,8279,8860
452,2021-10-27,639,8496,9135
452,2021-10-28,573,8995,9568
452,2021-10-29,611,9259,9870
452,2021-10-30,132,5546,5678
452,2021-11-01,64,4280,4344
452,2021-11-02,510,7638,8148
452,2021-11-03,335,4740,5075
452,2021-11-04,480,7137,7617
452,2021-11-05,515,7321,7836
452,2021-11-06,218,5269,5487
452,2021-11-07,57,4178,4235
452,2021-11-08,721,8132,8853
452,2021-11-09,711,8362,9073
452,2021-11-10,762,8296,9058
452,2021-11-11,799,8676,9475
452,2021-11-12,723,9006,9729
452,2021-11-13,151,5523,5674
452,2021-11-14,64,3943,4007
452,2021-11-15,703,8131,8834
452,2021-11-16,748,9323,10071
452,2021-11-17,673,8695,9368
452,2021-11-18,636,8456,9092
452,2021-11-19,697,8711,9408
452,2021-11-20,189,5111,5300
452,2021-11-21,59,3478,3537
452,2021-11-22,659,7931,8590
452,2021-11-23,686,8376,9062
452,2021-11-24,658,8417,9075
452,2021-11-25,602,8838,9440
452,2021-11-26,678,8821,9499
452,2021-11-27,173,5118,5291
452,2021-11-28,49,4072,4121
452,2021-11-29,602,7854,8456
452,2021-11-30,567,8086,8653
452,2021-12-01,573,8132,8705
452,2021-12-02,528,8553,9081
452,2021-12-03,531,8032,8563
452,2021-12-04,121,4659,4780
452,2021-12-05,66,3602,3668
452,2021-12-06,552,6956,7508
452,2021-12-07,576,7314,7890
452,2021-12-08,651,7300,7951
452,2021-12-09,550,7375,7925
452,2021-12-10,549,7482,8031
452,2021-12-11,161,4853,5014
452,2021-12-12,45,3185,3230
452,2021-12-13,505,6993,7498
452,2021-12-14,598,7208,7806
452,2021-12-15,577,7276,7853
452,2021-12-16,534,7387,7921
452,2021-12-17,462,7537,7999
452,2021-12-18,135,4559,4694
452,2021-12-19,43,3491,3534
452,2021-12-20,265,5585,5850
452,2021-12-21,271,5924,6195
452,2021-12-22,267,5670,5937
452,2021-12-23,223,5638,5861
452,2021-12-24,118,4128,4246
452,2021-12-25,38,2757,2795
452,2021-12-26,39,2676,2715
452,2021-12-27,148,3988,4136
452,2021-12-28,135,4581,4716
452,2021-12-29,159,4651,4810
452,2021-12-30,147,4415,4562
452,2021-12-31,123,4039,4162
453,2021-12-17,1616,14456,16072
453,2021-12-18,469,9736,10205
453,2021-12-19,179,7612,7791
453,2021-12-20,1180,11973,13153
453,2021-12-21,1257,12509,13766
453,2021-12-22,1154,11869,13023
453,2021-12-23,895,11490,12385
453,2021-12-24,515,8689,9204
453,2021-12-25,113,5840,5953
453,2021-12-26,112,5212,5324
453,2021-12-27,648,8361,9009
453,2021-12-28,650,9511,10161
453,2021-12-29,660,9422,10082
453,2021-12-30,603,9425,10028
453,2021-12-31,442,8206,8648
454,2021-01-04,1120,10064,11184
454,2021-01-05,1188,10678,11866
454,2021-01-06,1227,10501,11728
454,2021-01-07,1313,11075,12388
454,2021-01-08,1326,11554,12880
454,2021-01-09,714,10791,11505
454,2021-01-10,412,10306,10718
454,2021-01-11,1645,12831,14476
454,2021-01-12,1528,12738,14266
454,2021-01-13,1784,12725,14509
454,2021-01-14,1488,11954,13442
454,2021-01-15,1517,12469,13986
454,2021-01-16,688,10112,10800
454,2021-01-17,341,7816,8157
454,2021-01-18,1674,12399,14073
454,2021-01-19,1770,12853,14623
454,2021-01-20,2012,13017,15029
454,2021-01-21,1730,12996,14726
454,2021-01-22,1835,13747,15582
454,2021-01-23,702,9022,9724
454,2021-01-24,362,6372,6734
454,2021-01-25,1736,12558,14294
454,2021-01-26,1932,13589,15521
454,2021-01-27,1635,12771,14406
454,2021-01-28,1605,13306,14911
454,2021-01-29,1669,13680,15349
454,2021-01-30,497,8692,9189
454,2021-01-31,200,5979,6179
454,2021-02-01,1735,13011,14746
454,2021-02-02,1726,13280,15006
454,2021-02-03,1689,13356,15045
454,2021-02-04,1866,13823,15689
454,2021-02-05,1901,14012,15913
454,2021-02-06,528,9458,9986
454,2021-02-07,212,6071,6283
454,2021-02-08,1783,12201,13984
454,2021-02-09,1729,12428,14157
454,2021-02-10,1789,12779,14568
454,2021-02-11,1773,12805,14578
454,2021-02-12,1749,13096,14845
454,2021-02-13,674,9518,10192
454,2021-02-14,275,6821,7096
454,2021-02-15,1666,11469,13135
454,2021-02-16,1885,13308,15193
454,2021-02-17,1833,13095,14928
454,2021-02-18,1901,13596,15497
454,2021-02-19,1903,13693,15596
454,2021-02-20,696,9880,10576
454,2021-02-21,308,7831,8139
454,2021-02-22,1882,13406,15288
454,2021-02-23,2023,13992,16015
454,2021-02-24,2152,13984,16136
454,2021-02-25,1994,14499,16493
454,2021-02-26,1914,14319,16233
454,2021-02-27,743,10111,10854
454,2021-02-28,281,7329,7610
454,2021-03-01,1986,13496,15482
454,2021-03-02,2071,14408,16479
454,2021-03-03,2111,14200,16311
454,2021-03-04,1975,14300,16275
454,2021-03-05,2085,14603,16688
454,2021-03-06,765,9985,10750
454,2021-03-07,288,7378,7666
454,2021-03-08,2038,13369,15407
454,2021-03-09,2098,13811,15909
454,2021-03-10,2160,13985,16145
454,2021-03-11,2004,14092,16096
454,2021-03-12,2057,14043,16100
454,2021-03-13,583,9117,9700
454,2021-03-14,237,6588,6825
454,2021-03-15,1872,13321,15193
454,2021-03-16,1922,13916,15838
454,2021-03-17,2108,13657,15765
454,2021-03-18,2065,14101,16166
454,2021-03-19,2053,14445,16498
454,2021-03-20,702,10181,10883
454,2021-03-21,263,7458,7721
454,2021-03-22,2044,13407,15451
454,2021-03-23,2076,14261,16337
454,2021-03-24,2203,14357,16560
454,2021-03-25,2045,14326,16371
454,2021-03-26,2086,14670,16756
454,2021-03-27,862,9421,10283
454,2021-03-29,2131,14236,16367
454,2021-03-30,2193,14981,17174
454,2021-03-31,2138,14662,16800
454,2021-04-01,2157,15249,17406
454,2021-04-02,2058,15079,17137
454,2021-04-03,784,10567,11351
454,2021-04-04,345,8013,8358
454,2021-04-05,406,6774,7180
454,2021-04-06,2054,13391,15445
454,2021-04-07,2184,13260,15444
454,2021-04-08,2320,14161,16481
454,2021-04-09,2421,14455,16876
454,2021-04-10,923,9085,10008
454,2021-04-11,378,6434,6812
454,2021-04-12,2268,13522,15790
454,2021-04-13,2257,14301,16558
454,2021-04-14,2307,14435,16742
454,2021-04-15,2226,14629,16855
454,2021-04-16,2281,14569,16850
454,2021-04-17,801,10440,11241
454,2021-04-18,365,7561,7926
454,2021-04-19,2210,13457,15667
454,2021-04-20,2188,14234,16422
454,2021-04-21,2130,14125,16255
454,2021-04-22,2257,14520,16777
454,2021-04-23,2191,15062,17253
454,2021-04-24,733,10944,11677
454,2021-04-25,316,8753,9069
454,2021-04-26,2182,13863,16045
454,2021-04-27,2136,14822,16958
454,2021-04-28,2055,14640,16695
454,2021-04-29,2114,14777,16891
454,2021-04-30,2071,15207,17278
454,2021-05-01,411,8344,8755
454,2021-05-02,318,8255,8573
454,2021-05-03,2000,13991,15991
454,2021-05-04,1962,14346,16308
454,2021-05-05,2135,13880,16015
454,2021-05-06,2011,15116,17127
454,2021-05-07,2185,15226,17411
454,2021-05-08,794,10595,11389
454,2021-05-09,321,8812,9133
454,2021-05-10,2083,13774,15857
454,2021-05-11,2078,14620,16698
454,2021-05-12,2204,15431,17635
454,2021-05-13,476,8378,8854
454,2021-05-14,1446,13373,14819
454,2021-05-15,737,10540,11277
454,2021-05-16,460,7705,8165
454,2021-05-17,2059,14391,16450
454,2021-05-18,2105,15241,17346
454,2021-05-19,2054,14932,16986
454,2021-05-20,2069,15823,17892
454,2021-05-21,2152,15843,17995
454,2021-05-22,763,10710,11473
454,2021-05-23,273,8288,8561
454,2021-05-24,419,7518,7937
454,2021-05-25,2080,13896,15976
454,2021-05-26,2025,14066,16091
454,2021-05-27,2148,14458,16606
454,2021-05-28,2105,14606,16711
454,2021-05-29,854,11000,11854
454,2021-05-30,378,9406,9784
454,2021-05-31,2247,14465,16712
454,2021-06-01,2224,15319,17543
454,2021-06-02,2200,14541,16741
454,2021-06-03,2214,15321,17535
454,2021-06-04,2052,15395,17447
454,2021-06-05,800,11325,12125
454,2021-06-06,390,8775,9165
454,2021-06-07,2198,14494,16692
454,2021-06-08,2095,15321,17416
454,2021-06-09,2182,15277,17459
454,2021-06-10,2156,15540,17696
454,2021-06-11,2158,16029,18187
454,2021-06-12,868,11878,12746
454,2021-06-13,386,10328,10714
454,2021-06-14,2050,14715,16765
454,2021-06-15,2072,15461,17533
454,2021-06-16,2136,15515,17651
454,2021-06-17,2290,15620,17910
454,2021-06-18,2258,15640,17898
454,2021-06-19,825,11549,12374
454,2021-06-20,350,8610,8960
454,2021-06-21,2108,14546,16654
454,2021-06-22,2108,15717,17825
454,2021-06-23,737,8305,9042
454,2021-06-24,2027,14735,16762
454,2021-06-25,2010,15674,17684
454,2021-06-26,796,11428,12224
454,2021-06-27,355,9034,9389
454,2021-06-28,2102,14536,16638
454,2021-06-29,2029,14735,16764
454,2021-06-30,2135,15414,17549
454,2021-07-01,2157,15662,17819
454,2021-07-02,2150,15780,17930
454,2021-07-03,846,11927,12773
454,2021-07-04,364,9115,9479
454,2021-07-05,2071,14577,16648
454,2021-07-06,2217,15363,17580
454,2021-07-07,2276,15325,17601
454,2021-07-08,2270,15501,17771
454,2021-07-09,2170,15842,18012
454,2021-07-10,762,11725,12487
454,2021-07-11,396,9556,9952
454,2021-07-12,2190,14936,17126
454,2021-07-13,1866,14869,16735
454,2021-07-14,1595,10790,12385
454,2021-07-15,1895,15193,17088
454,2021-07-16,2180,16401,18581
454,2021-07-17,1054,11904,12958
454,2021-07-18,536,9842,10378
454,2021-07-19,2125,14760,16885
454,2021-07-20,2303,14927,17230
454,2021-07-21,2252,15131,17383
454,2021-07-22,2147,15388,17535
454,2021-07-23,2279,15380,17659
454,2021-07-24,886,10861,11747
454,2021-07-25,535,8944,9479
454,2021-07-26,2121,14147,16268
454,2021-07-27,2102,14023,16125
454,2021-07-28,2165,15052,17217
454,2021-07-29,1672,13963,15635
454,2021-07-30,1732,14554,16286
454,2021-07-31,958,10971,11929
454,2021-08-01,520,9160,9680
454,2021-08-02,1439,12935,14374
454,2021-08-03,1475,12894,14369
454,2021-08-04,1595,13295,14890
454,2021-08-05,1450,13480,14930
454,2021-08-06,1551,13404,14955
454,2021-08-07,735,10382,11117
454,2021-08-08,412,8934,9346
454,2021-08-09,1434,12152,13586
454,2021-08-10,1483,12612,14095
454,2021-08-11,1575,12663,14238
454,2021-08-12,1551,12864,14415
454,2021-08-13,1559,13362,14921
454,2021-08-14,798,10956,11754
454,2021-08-15,450,9671,10121
454,2021-08-16,1469,11919,13388
454,2021-08-17,1605,12115,13720
454,2021-08-18,1661,12368,14029
454,2021-08-19,1540,12606,14146
454,2021-08-20,1645,13020,14665
454,2021-08-21,809,10604,11413
454,2021-08-22,439,8461,8900
454,2021-08-23,1744,12971,14715
454,2021-08-24,1980,13845,15825
454,2021-08-25,2148,14073,16221
454,2021-08-26,2176,14284,16460
454,2021-08-27,1930,13510,15440
454,2021-08-28,765,9838,10603
454,2021-08-29,391,8780,9171
454,2021-08-30,2135,13432,15567
454,2021-08-31,2233,14021,16254
454,2021-09-01,2356,13963,16319
454,2021-09-02,2334,14409,16743
454,2021-09-03,2252,14759,17011
454,2021-09-04,857,11178,12035
454,2021-09-05,461,9638,10099
454,2021-09-06,2246,14113,16359
454,2021-09-07,2297,14651,16948
454,2021-09-08,2298,14950,17248
454,2021-09-09,2426,14425,16851
454,2021-09-10,2330,14872,17202
454,2021-09-11,892,11570,12462
454,2021-09-12,505,10543,11048
454,2021-09-13,2424,14973,17397
454,2021-09-14,2398,15086,17484
454,2021-09-15,2238,14970,17208
454,2021-09-16,2415,15261,17676
454,2021-09-17,2494,16367,18861
454,2021-09-18,992,12886,13878
454,2021-09-19,541,11104,11645
454,2021-09-20,2402,14771,17173
454,2021-09-21,2420,15351,17771
454,2021-09-22,2398,15285,17683
454,2021-09-23,2389,15696,18085
454,2021-09-24,2347,16065,18412
454,2021-09-25,983,12870,13853
454,2021-09-26,461,9531,9992
454,2021-09-27,2268,14536,16804
454,2021-09-28,2481,15411,17892
454,2021-09-29,2458,15127,17585
454,2021-09-30,2399,15516,17915
454,2021-10-01,2459,16073,18532
454,2021-10-02,828,11546,12374
454,2021-10-03,314,9150,9464
454,2021-10-04,2310,14692,17002
454,2021-10-05,2296,14299,16595
454,2021-10-06,2394,15062,17456
454,2021-10-07,2419,15177,17596
454,2021-10-08,2397,15756,18153
454,2021-10-09,968,11916,12884
454,2021-10-10,425,9792,10217
454,2021-10-11,2378,14513,16891
454,2021-10-12,2336,14562,16898
454,2021-10-13,2412,14632,17044
454,2021-10-14,2423,15231,17654
454,2021-10-15,2444,15380,17824
454,2021-10-16,947,11651,12598
454,2021-10-17,455,9728,10183
454,2021-10-18,2416,14350,16766
454,2021-10-19,2345,14830,17175
454,2021-10-20,2274,14674,16948
454,2021-10-21,2127,14514,16641
454,2021-10-22,2398,15478,17876
454,2021-10-23,897,11481,12378
454,2021-10-24,417,9639,10056
454,2021-10-25,2256,14462,16718
454,2021-10-26,2349,14777,17126
454,2021-10-27,2498,15039,17537
454,2021-10-28,2329,15551,17880
454,2021-10-29,2283,15959,18242
454,2021-10-30,798,11272,12070
454,2021-11-01,492,8703,9195
454,2021-11-02,2252,14553,16805
454,2021-11-03,2263,14177,16440
454,2021-11-04,2375,14417,16792
454,2021-11-05,2262,14893,17155
454,2021-11-06,890,10534,11424
454,2021-11-07,369,9025,9394
454,2021-11-08,2378,14268,16646
454,2021-11-09,2443,14901,17344
454,2021-11-10,2401,14537,16938
454,2021-11-11,2290,14881,17171
454,2021-11-12,2166,14823,16989
454,2021-11-13,687,10936,11623
454,2021-11-14,329,8366,8695
454,2021-11-15,2304,14301,16605
454,2021-11-16,2555,14592,17147
454,2021-11-17,2329,14574,16903
454,2021-11-18,2333,14679,17012
454,2021-11-19,2303,15034,17337
454,2021-11-20,723,10088,10811
454,2021-11-21,286,7937,8223
454,2021-11-22,2275,13976,16251
454,2021-11-23,2409,14683,17092
454,2021-11-24,2278,14533,16811
454,2021-11-25,2269,14861,17130
454,2021-11-26,2247,15291,17538
454,2021-11-27,692,10467,11159
454,2021-11-28,280,8133,8413
454,2021-11-29,2124,13696,15820
454,2021-11-30,2056,14239,16295
455,2021-01-02,24,871,895
455,2021-01-03,10,680,690
455,2021-01-04,20,1054,1074
455,2021-01-05,12,1076,1088
455,2021-01-06,15,1139,1154
455,2021-01-07,26,1186,1212
455,2021-01-08,19,1244,1263
455,2021-01-09,25,1003,1028
455,2021-01-10,7,800,807
455,2021-01-11,37,1455,1492
455,2021-01-12,37,1383,1420
455,2021-01-13,33,1457,1490
455,2021-01-14,24,1242,1266
455,2021-01-15,41,1434,1475
455,2021-01-16,19,1051,1070
455,2021-01-17,11,742,753
455,2021-01-18,35,1320,1355
455,2021-01-19,38,1296,1334
455,2021-01-20,38,1416,1454
455,2021-01-21,32,1357,1389
455,2021-01-22,36,1483,1519
455,2021-01-23,15,1051,1066
455,2021-01-24,9,751,760
455,2021-01-25,41,1314,1355
455,2021-01-26,49,1419,1468
455,2021-01-27,52,1259,1311
455,2021-01-28,35,1307,1342
455,2021-01-29,31,1572,1603
455,2021-01-30,13,1052,1065
455,2021-02-02,36,1230,1266
455,2021-02-03,27,1373,1400
455,2021-02-04,44,1414,1458
455,2021-02-05,46,1476,1522
455,2021-02-06,14,1057,1071
455,2021-02-07,7,749,756
455,2021-02-08,36,1138,1174
455,2021-02-09,51,1194,1245
455,2021-02-10,29,1252,1281
455,2021-02-11,41,1284,1325
455,2021-02-12,55,1377,1432
455,2021-02-13,15,1080,1095
455,2021-02-14,9,840,849
455,2021-02-15,31,1204,1235
455,2021-02-16,39,1442,1481
455,2021-02-17,33,1339,1372
455,2021-02-18,42,1398,1440
455,2021-02-19,45,1558,1603
455,2021-02-20,32,1246,1278
455,2021-02-21,10,1028,1038
455,2021-02-22,35,1411,1446
455,2021-02-23,42,1541,1583
455,2021-02-24,59,1676,1735
455,2021-02-25,38,1546,1584
455,2021-02-26,44,1580,1624
455,2021-02-27,23,1236,1259
455,2021-02-28,10,926,936
455,2021-03-02,66,1559,1625
455,2021-03-03,90,1604,1694
455,2021-03-04,43,1441,1484
455,2021-03-05,49,1559,1608
455,2021-03-06,38,1224,1262
455,2021-03-07,7,846,853
455,2021-03-08,71,1435,1506
455,2021-03-09,58,1439,1497
455,2021-03-10,47,1456,1503
455,2021-03-11,38,1345,1383
455,2021-03-12,43,1560,1603
455,2021-03-13,25,1161,1186
455,2021-03-14,26,734,760
455,2021-03-15,29,1428,1457
455,2021-03-16,52,1409,1461
455,2021-03-17,56,1459,1515
455,2021-03-18,38,1420,1458
455,2021-03-19,29,1530,1559
455,2021-03-20,29,1231,1260
455,2021-03-21,4,819,823
455,2021-03-22,47,1258,1305
455,2021-03-23,47,1406,1453
455,2021-03-24,65,1564,1629
455,2021-03-25,59,1415,1474
455,2021-03-26,34,1546,1580
455,2021-03-27,18,1190,1208
455,2021-03-29,59,1568,1627
455,2021-03-30,51,1635,1686
455,2021-04-01,42,1636,1678
455,2021-04-02,47,1700,1747
455,2021-04-03,35,1299,1334
455,2021-04-04,7,896,903
455,2021-04-05,8,583,591
455,2021-04-06,38,1308,1346
455,2021-04-07,31,1365,1396
455,2021-04-08,27,1455,1482
455,2021-04-09,46,1587,1633
455,2021-04-10,17,971,988
455,2021-04-11,3,626,629
455,2021-04-12,42,1298,1340
455,2021-04-13,39,1427,1466
455,2021-04-14,29,1399,1428
455,2021-04-15,52,1547,1599
455,2021-04-16,32,1591,1623
455,2021-04-17,35,1310,1345
455,2021-04-18,10,778,788
455,2021-04-19,44,1418,1462
455,2021-04-20,38,1508,1546
455,2021-04-21,38,1530,1568
455,2021-04-22,40,1491,1531
455,2021-04-23,36,1681,1717
455,2021-04-24,28,1472,1500
455,2021-04-25,11,996,1007
455,2021-04-26,51,1494,1545
455,2021-04-27,64,1642,1706
455,2021-04-28,42,1581,1623
455,2021-04-29,44,1558,1602
455,2021-04-30,37,1761,1798
455,2021-05-02,12,944,956
455,2021-05-03,37,1485,1522
455,2021-05-04,52,1530,1582
455,2021-05-05,86,1575,1661
455,2021-05-06,51,1446,1497
455,2021-05-07,46,1642,1688
455,2021-05-08,13,1316,1329
455,2021-05-09,10,1036,1046
455,2021-05-10,32,1468,1500
455,2021-05-11,36,1568,1604
455,2021-05-12,40,1606,1646
455,2021-05-13,106,900,1006
455,2021-05-14,48,1553,1601
455,2021-05-15,25,1112,1137
455,2021-05-16,21,774,795
455,2021-05-17,51,1509,1560
455,2021-05-18,41,1414,1455
455,2021-05-19,53,1581,1634
455,2021-05-20,51,1660,1711
455,2021-05-21,86,1666,1752
455,2021-05-22,29,1338,1367
455,2021-05-23,17,928,945
455,2021-05-24,8,628,636
455,2021-05-25,60,1207,1267
455,2021-05-26,45,1227,1272
455,2021-05-27,27,1447,1474
455,2021-05-28,39,1574,1613
455,2021-05-29,47,1362,1409
455,2021-05-30,33,1151,1184
455,2021-05-31,80,1739,1819
455,2021-06-01,94,1572,1666
455,2021-06-02,65,1663,1728
455,2021-06-03,110,1612,1722
455,2021-06-04,66,1594,1660
455,2021-06-05,31,1334,1365
455,2021-06-06,26,949,975
455,2021-06-07,89,1527,1616
455,2021-06-08,160,1620,1780
455,2021-06-09,87,1590,1677
455,2021-06-10,48,1664,1712
455,2021-06-11,63,1755,1818
455,2021-06-12,27,1437,1464
455,2021-06-13,57,1168,1225
455,2021-06-14,57,1563,1620
455,2021-06-15,56,1591,1647
455,2021-06-16,50,1591,1641
455,2021-06-17,60,1646,1706
455,2021-06-18,42,1652,1694
455,2021-06-20,13,942,955
455,2021-08-14,30,932,962
455,2021-08-15,31,774,805
455,2021-08-16,28,974,1002
455,2021-08-17,36,1030,1066
455,2021-08-18,15,1044,1059
455,2021-08-19,22,1095,1117
455,2021-08-20,23,1152,1175
455,2021-08-21,40,1148,1188
455,2021-08-22,14,847,861
455,2021-08-23,35,1199,1234
455,2021-08-24,46,1358,1404
455,2021-08-25,67,1330,1397
455,2021-08-26,100,1223,1323
455,2021-08-27,32,1222,1254
455,2021-08-28,34,881,915
455,2021-08-29,13,758,771
455,2021-08-30,25,1244,1269
455,2021-08-31,38,1317,1355
455,2021-09-01,47,1359,1406
455,2021-09-02,68,1339,1407
455,2021-09-03,88,1323,1411
455,2021-09-04,18,1192,1210
455,2021-09-05,17,1055,1072
455,2021-09-06,54,1213,1267
455,2021-09-07,48,1314,1362
455,2021-09-08,79,1396,1475
455,2021-09-09,68,1365,1433
455,2021-09-10,31,1518,1549
455,2021-09-11,37,1247,1284
455,2021-09-12,22,1109,1131
455,2021-09-13,60,1419,1479
455,2021-09-14,68,1444,1512
455,2021-09-15,118,1361,1479
455,2021-09-16,44,1405,1449
455,2021-09-17,71,1459,1530
455,2021-09-18,46,1368,1414
455,2021-09-19,16,987,1003
455,2021-09-20,55,1364,1419
455,2021-09-21,62,1495,1557
455,2021-09-22,51,1431,1482
455,2021-09-23,53,1540,1593
455,2021-09-24,62,1469,1531
455,2021-09-25,37,1327,1364
455,2021-09-26,14,891,905
455,2021-09-27,46,1453,1499
455,2021-09-28,59,1448,1507
455,2021-09-29,77,1460,1537
455,2021-09-30,73,1571,1644
455,2021-10-01,53,1506,1559
455,2021-10-02,33,1339,1372
455,2021-10-03,2,778,780
455,2021-10-04,66,1541,1607
455,2021-10-05,43,1523,1566
455,2021-10-06,39,1488,1527
455,2021-10-07,37,1560,1597
455,2021-10-08,30,1577,1607
455,2021-10-09,28,1307,1335
455,2021-10-10,44,1113,1157
455,2021-10-11,56,1390,1446
455,2021-10-12,98,1443,1541
455,2021-10-13,103,1427,1530
455,2021-10-14,43,1496,1539
455,2021-10-15,46,1534,1580
455,2021-10-16,39,1159,1198
455,2021-10-17,21,919,940
455,2021-10-18,114,1420,1534
455,2021-10-19,44,1483,1527
455,2021-10-20,54,1427,1481
455,2021-10-21,30,1471,1501
455,2021-10-22,36,1599,1635
455,2021-10-23,21,1273,1294
455,2021-10-24,13,1019,1032
455,2021-10-25,148,1358,1506
455,2021-10-26,48,1476,1524
455,2021-10-27,54,1452,1506
455,2021-10-28,88,1434,1522
455,2021-10-29,68,1525,1593
455,2021-10-30,41,1012,1053
455,2021-11-01,5,766,771
455,2021-11-02,45,1246,1291
455,2021-11-03,49,1225,1274
455,2021-11-04,37,1304,1341
455,2021-11-05,32,1327,1359
455,2021-11-06,24,1124,1148
455,2021-11-07,13,765,778
455,2021-11-08,55,1416,1471
455,2021-11-09,39,1470,1509
455,2021-11-10,55,1545,1600
455,2021-11-11,47,1459,1506
455,2021-11-12,33,1499,1532
455,2021-11-13,24,1093,1117
455,2021-11-14,11,753,764
455,2021-11-15,46,1368,1414
455,2021-11-16,38,1364,1402
455,2021-11-17,42,1397,1439
455,2021-11-18,41,1421,1462
455,2021-11-19,42,1471,1513
455,2021-11-20,29,1192,1221
455,2021-11-21,14,823,837
455,2021-11-22,51,1372,1423
455,2021-11-23,60,1343,1403
455,2021-11-24,61,1379,1440
455,2021-11-25,53,1520,1573
455,2021-11-26,50,1524,1574
455,2021-11-27,37,1208,1245
455,2021-11-28,13,813,826
455,2021-11-29,58,1422,1480
455,2021-11-30,29,1301,1330
455,2021-12-01,41,1335,1376
455,2021-12-02,44,1477,1521
455,2021-12-03,46,1453,1499
455,2021-12-04,29,1111,1140
455,2021-12-05,13,789,802
455,2021-12-06,49,1309,1358
455,2021-12-07,38,1456,1494
455,2021-12-08,33,1428,1461
455,2021-12-09,38,1430,1468
455,2021-12-10,39,1409,1448
455,2021-12-11,19,1199,1218
455,2021-12-12,10,808,818
455,2021-12-13,42,1334,1376
455,2021-12-14,60,1410,1470
455,2021-12-15,37,1407,1444
455,2021-12-16,33,1433,1466
455,2021-12-17,39,1514,1553
455,2021-12-18,34,1017,1051
455,2021-12-19,12,747,759
455,2021-12-20,20,1167,1187
455,2021-12-21,22,1137,1159
455,2021-12-22,22,1199,1221
455,2021-12-23,23,1044,1067
455,2021-12-24,23,957,980
455,2021-12-25,8,581,589
455,2021-12-26,3,539,542
455,2021-12-27,16,816,832
455,2021-12-28,15,823,838
455,2021-12-29,20,916,936
455,2021-12-30,12,884,896
455,2021-12-31,16,986,1002
456,2021-01-02,148,1540,1688
456,2021-01-03,103,1049,1152
456,2021-01-04,240,1663,1903
456,2021-01-05,254,1960,2214
456,2021-01-06,258,1865,2123
456,2021-01-07,256,1934,2190
456,2021-01-08,257,1947,2204
456,2021-01-09,151,1735,1886
456,2021-01-10,100,1199,1299
456,2021-01-11,339,2506,2845
456,2021-01-12,302,2689,2991
456,2021-01-13,334,2688,3022
456,2021-01-14,308,2491,2799
456,2021-01-15,338,2817,3155
456,2021-01-16,159,1813,1972
456,2021-01-17,98,1111,1209
456,2021-01-18,322,2626,2948
456,2021-01-19,338,2786,3124
456,2021-01-20,339,2867,3206
456,2021-01-21,333,2850,3183
456,2021-01-22,321,3038,3359
456,2021-01-23,156,2053,2209
456,2021-01-24,97,1240,1337
456,2021-01-25,329,2619,2948
456,2021-01-26,321,2915,3236
456,2021-01-27,352,2653,3005
456,2021-01-28,321,2804,3125
456,2021-01-29,320,2975,3295
456,2021-01-30,150,1971,2121
456,2021-01-31,98,1131,1229
456,2021-02-02,334,2831,3165
456,2021-02-03,341,2816,3157
456,2021-02-04,352,2939,3291
456,2021-02-05,347,3025,3372
456,2021-02-06,155,1996,2151
456,2021-02-07,95,1207,1302
456,2021-02-08,287,2035,2322
456,2021-02-09,318,2221,2539
456,2021-02-10,304,2315,2619
456,2021-02-11,308,2357,2665
456,2021-02-12,305,2632,2937
456,2021-02-13,218,2111,2329
456,2021-02-14,106,1383,1489
456,2021-02-15,289,2042,2331
456,2021-02-16,288,2633,2921
456,2021-02-17,291,2509,2800
456,2021-02-18,301,2487,2788
456,2021-02-19,310,2612,2922
456,2021-02-20,199,2347,2546
456,2021-02-21,95,1824,1919
456,2021-02-22,341,2921,3262
456,2021-02-23,337,3121,3458
456,2021-02-24,351,3445,3796
456,2021-02-25,345,3184,3529
456,2021-02-26,360,3206,3566
456,2021-02-27,211,2506,2717
456,2021-02-28,98,1619,1717
456,2021-03-02,359,3181,3540
456,2021-03-03,351,3158,3509
456,2021-03-04,349,3087,3436
456,2021-03-05,352,3296,3648
456,2021-03-06,234,2609,2843
456,2021-03-07,99,1544,1643
456,2021-03-08,351,2903,3254
456,2021-03-09,383,3008,3391
456,2021-03-10,356,2993,3349
456,2021-03-11,316,2942,3258
456,2021-03-12,357,3084,3441
456,2021-03-13,221,2195,2416
456,2021-03-14,99,1290,1389
456,2021-03-15,347,2929,3276
456,2021-03-16,350,3050,3400
456,2021-03-17,368,2955,3323
456,2021-03-18,340,3081,3421
456,2021-03-19,346,3183,3529
456,2021-03-20,221,2455,2676
456,2021-03-21,96,1400,1496
456,2021-03-22,351,2836,3187
456,2021-03-23,347,3114,3461
456,2021-03-24,356,3232,3588
456,2021-03-25,377,3187,3564
456,2021-03-26,342,3189,3531
456,2021-03-27,208,2497,2705
456,2021-03-29,367,3253,3620
456,2021-03-30,345,3352,3697
456,2021-03-31,350,3447,3797
456,2021-04-01,354,3549,3903
456,2021-04-02,341,3658,3999
456,2021-04-03,237,2701,2938
456,2021-04-04,99,1656,1755
456,2021-04-05,98,1025,1123
456,2021-04-06,327,2497,2824
456,2021-04-07,328,2374,2702
456,2021-04-08,330,2600,2930
456,2021-04-09,316,2846,3162
456,2021-04-10,214,1975,2189
456,2021-04-11,99,1023,1122
456,2021-04-12,310,2551,2861
456,2021-04-13,332,2764,3096
456,2021-04-14,326,2686,3012
456,2021-04-15,315,2685,3000
456,2021-04-16,312,2788,3100
456,2021-04-17,211,2448,2659
456,2021-04-18,94,1329,1423
456,2021-04-19,326,2970,3296
456,2021-04-20,363,3233,3596
456,2021-04-21,345,3167,3512
456,2021-04-22,356,3358,3714
456,2021-04-23,346,3595,3941
456,2021-04-24,222,2905,3127
456,2021-04-25,96,1892,1988
456,2021-04-26,379,3113,3492
456,2021-04-27,398,3373,3771
456,2021-04-28,361,3406,3767
456,2021-04-29,339,3354,3693
456,2021-04-30,341,3717,4058
456,2021-05-01,99,1795,1894
456,2021-05-02,102,1628,1730
456,2021-05-03,356,3240,3596
456,2021-05-04,379,3306,3685
456,2021-05-05,412,3217,3629
456,2021-05-06,386,3276,3662
456,2021-05-07,356,3542,3898
456,2021-05-08,220,2734,2954
456,2021-05-09,95,1878,1973
456,2021-05-10,348,3062,3410
456,2021-05-11,358,3322,3680
456,2021-05-12,381,3628,4009
456,2021-05-13,142,1670,1812
456,2021-05-14,327,3513,3840
456,2021-05-15,210,2242,2452
456,2021-05-16,94,1411,1505
456,2021-05-17,334,3013,3347
456,2021-05-18,337,3346,3683
456,2021-05-19,364,3245,3609
456,2021-05-20,358,3455,3813
456,2021-05-21,379,3628,4007
456,2021-05-22,219,2415,2634
456,2021-05-23,103,1484,1587
456,2021-05-24,96,1150,1246
456,2021-05-25,313,2597,2910
456,2021-05-26,318,2486,2804
456,2021-05-27,298,2701,2999
456,2021-05-28,320,2856,3176
456,2021-05-29,208,2502,2710
456,2021-05-30,95,1815,1910
456,2021-05-31,349,3286,3635
456,2021-06-02,359,3356,3715
456,2021-06-03,376,3512,3888
456,2021-06-04,364,3460,3824
456,2021-06-05,210,2543,2753
456,2021-06-06,99,1594,1693
456,2021-06-07,389,3145,3534
456,2021-06-08,369,3294,3663
456,2021-06-09,384,3357,3741
456,2021-06-10,355,3714,4069
456,2021-06-11,361,3750,4111
456,2021-06-12,220,3064,3284
456,2021-06-13,116,2163,2279
456,2021-06-14,353,3232,3585
456,2021-06-15,358,3398,3756
456,2021-06-16,378,3351,3729
456,2021-06-17,394,3404,3798
456,2021-06-18,376,3483,3859
456,2021-06-19,234,2624,2858
456,2021-06-20,105,1750,1855
456,2021-06-21,461,3178,3639
456,2021-06-22,416,3355,3771
456,2021-06-23,120,1467,1587
456,2021-06-24,401,2972,3373
456,2021-06-25,376,3409,3785
456,2021-06-26,233,2666,2899
456,2021-06-27,119,1722,1841
456,2021-06-28,395,3104,3499
456,2021-06-29,379,3233,3612
456,2021-06-30,382,3213,3595
456,2021-07-01,408,3374,3782
456,2021-07-02,382,3424,3806
456,2021-07-03,215,2616,2831
456,2021-07-04,109,1508,1617
456,2021-07-05,374,2809,3183
456,2021-07-06,357,3228,3585
456,2021-07-07,389,3117,3506
456,2021-07-08,375,3198,3573
456,2021-07-09,361,3379,3740
456,2021-07-10,211,2532,2743
456,2021-07-11,102,1759,1861
456,2021-07-12,387,2980,3367
456,2021-07-13,361,2941,3302
456,2021-07-14,365,3360,3725
456,2021-07-15,12,130,142
456,2021-07-16,341,3424,3765
456,2021-07-17,245,2449,2694
456,2021-07-18,116,1679,1795
456,2021-07-19,354,2710,3064
456,2021-07-20,375,2807,3182
456,2021-07-21,396,2699,3095
456,2021-07-22,369,2937,3306
456,2021-07-23,358,2744,3102
456,2021-07-24,220,1955,2175
456,2021-07-25,108,1443,1551
456,2021-07-26,317,2348,2665
456,2021-07-27,320,2394,2714
456,2021-07-28,336,2548,2884
456,2021-07-29,305,2558,2863
456,2021-07-30,301,2583,2884
456,2021-07-31,203,1928,2131
456,2021-08-01,104,1418,1522
456,2021-08-02,261,2083,2344
456,2021-08-03,280,2221,2501
456,2021-08-04,269,2281,2550
456,2021-08-05,259,2319,2578
456,2021-08-06,260,2110,2370
456,2021-08-07,207,1791,1998
456,2021-08-08,111,1199,1310
456,2021-08-09,275,2096,2371
456,2021-08-10,261,2179,2440
456,2021-08-11,262,2249,2511
456,2021-08-12,269,2393,2662
456,2021-08-13,277,2514,2791
456,2021-08-14,219,1865,2084
456,2021-08-15,113,1315,1428
456,2021-08-16,264,1818,2082
456,2021-08-17,261,2024,2285
456,2021-08-18,269,2074,2343
456,2021-08-19,269,2178,2447
456,2021-08-20,273,2298,2571
456,2021-08-21,218,1980,2198
456,2021-08-22,109,1324,1433
456,2021-08-23,365,2120,2485
456,2021-08-24,358,2369,2727
456,2021-08-25,390,2328,2718
456,2021-08-26,349,2193,2542
456,2021-08-27,321,2297,2618
456,2021-08-28,213,1716,1929
456,2021-08-29,108,1351,1459
456,2021-08-30,319,2306,2625
456,2021-08-31,349,2564,2913
456,2021-09-01,414,2545,2959
456,2021-09-02,329,2442,2771
456,2021-09-03,355,2685,3040
456,2021-09-04,220,2290,2510
456,2021-09-05,105,1858,1963
456,2021-09-06,383,2608,2991
456,2021-09-07,391,2815,3206
456,2021-09-08,367,2775,3142
456,2021-09-09,364,2777,3141
456,2021-09-10,348,3014,3362
456,2021-09-11,224,2464,2688
456,2021-09-12,106,1799,1905
456,2021-09-13,348,3014,3362
456,2021-09-14,331,2956,3287
456,2021-09-15,389,3101,3490
456,2021-09-16,385,3303,3688
456,2021-09-17,388,3255,3643
456,2021-09-18,240,2612,2852
456,2021-09-19,105,1810,1915
456,2021-09-20,416,3162,3578
456,2021-09-21,432,3342,3774
456,2021-09-22,412,3279,3691
456,2021-09-23,407,3404,3811
456,2021-09-24,446,3311,3757
456,2021-09-25,213,2690,2903
456,2021-09-26,112,1596,1708
456,2021-09-27,363,3068,3431
456,2021-09-28,427,3276,3703
456,2021-09-29,415,3169,3584
456,2021-09-30,450,3431,3881
456,2021-10-01,377,3458,3835
456,2021-10-02,230,2550,2780
456,2021-10-03,103,1545,1648
456,2021-10-04,377,3094,3471
456,2021-10-05,348,3171,3519
456,2021-10-06,379,3079,3458
456,2021-10-07,346,3296,3642
456,2021-10-08,353,3328,3681
456,2021-10-09,211,2699,2910
456,2021-10-10,144,2110,2254
456,2021-10-11,363,3030,3393
456,2021-10-12,409,3244,3653
456,2021-10-13,408,3099,3507
456,2021-10-14,385,3411,3796
456,2021-10-15,362,3303,3665
456,2021-10-16,226,2548,2774
456,2021-10-17,108,1754,1862
456,2021-10-18,379,2986,3365
456,2021-10-19,353,3414,3767
456,2021-10-20,377,3192,3569
456,2021-10-21,376,3271,3647
456,2021-10-22,380,3574,3954
456,2021-10-23,213,2684,2897
456,2021-10-24,108,1939,2047
456,2021-10-25,362,3079,3441
456,2021-10-26,364,3436,3800
456,2021-10-27,374,3239,3613
456,2021-10-28,394,3375,3769
456,2021-10-29,403,3575,3978
456,2021-10-30,237,2247,2484
456,2021-11-01,99,1593,1692
456,2021-11-02,327,2411,2738
456,2021-11-03,355,2309,2664
456,2021-11-04,313,2450,2763
456,2021-11-05,330,2420,2750
456,2021-11-06,216,2076,2292
456,2021-11-07,108,1404,1512
456,2021-11-08,392,2971,3363
456,2021-11-09,361,3222,3583
456,2021-11-10,395,3189,3584
456,2021-11-11,367,3126,3493
456,2021-11-12,400,3276,3676
456,2021-11-13,226,2251,2477
456,2021-11-14,107,1522,1629
456,2021-11-15,432,2929,3361
456,2021-11-16,423,3112,3535
456,2021-11-17,392,2961,3353
456,2021-11-18,430,3234,3664
456,2021-11-19,407,3236,3643
456,2021-11-20,246,2291,2537
456,2021-11-21,109,1739,1848
456,2021-11-22,423,3013,3436
456,2021-11-23,414,3236,3650
456,2021-11-24,425,3164,3589
456,2021-11-25,397,3256,3653
456,2021-11-26,371,3329,3700
456,2021-11-27,226,2426,2652
456,2021-11-28,106,1432,1538
456,2021-11-29,336,2892,3228
456,2021-11-30,345,2999,3344
456,2021-12-01,344,3090,3434
456,2021-12-02,374,3091,3465
456,2021-12-03,354,3163,3517
456,2021-12-04,228,2312,2540
456,2021-12-05,104,1355,1459
456,2021-12-06,347,2637,2984
456,2021-12-07,354,3164,3518
456,2021-12-08,372,3102,3474
456,2021-12-09,397,3043,3440
456,2021-12-10,426,3124,3550
456,2021-12-11,212,2298,2510
456,2021-12-12,100,1378,1478
456,2021-12-13,362,2900,3262
456,2021-12-14,419,3159,3578
456,2021-12-15,433,3044,3477
456,2021-12-16,400,3049,3449
456,2021-12-17,401,3156,3557
456,2021-12-18,210,2098,2308
456,2021-12-19,103,1279,1382
456,2021-12-20,267,2261,2528
456,2021-12-21,271,2442,2713
456,2021-12-22,276,2435,2711
456,2021-12-23,272,2492,2764
456,2021-12-24,213,2240,2453
456,2021-12-25,83,1015,1098
456,2021-12-26,95,948,1043
456,2021-12-27,238,1654,1892
456,2021-12-28,249,1858,2107
456,2021-12-29,252,1825,2077
456,2021-12-30,260,1883,2143
456,2021-12-31,239,2087,2326
457,2021-01-01,59,1157,1216
457,2021-01-02,89,2086,2175
457,2021-01-03,57,1728,1785
457,2021-01-04,158,2927,3085
457,2021-01-05,178,2951,3129
457,2021-01-06,167,3036,3203
457,2021-01-07,166,3134,3300
457,2021-01-08,166,3235,3401
457,2021-01-09,97,2600,2697
457,2021-01-10,63,1916,1979
457,2021-01-11,202,3625,3827
457,2021-01-12,186,3733,3919
457,2021-01-13,219,3829,4048
457,2021-01-14,207,3834,4041
457,2021-01-15,201,4303,4504
457,2021-01-16,92,2910,3002
457,2021-01-17,66,1985,2051
457,2021-01-18,206,3634,3840
457,2021-01-19,212,3809,4021
457,2021-01-20,208,3842,4050
457,2021-01-21,238,3877,4115
457,2021-01-22,224,4285,4509
457,2021-01-23,84,3034,3118
457,2021-01-24,63,2124,2187
457,2021-01-25,192,3728,3920
457,2021-01-26,207,3957,4164
457,2021-01-27,203,3673,3876
457,2021-01-28,199,4004,4203
457,2021-01-29,193,4326,4519
457,2021-01-30,83,3001,3084
457,2021-01-31,59,2010,2069
457,2021-02-02,211,3835,4046
457,2021-02-03,195,3862,4057
457,2021-02-04,211,4092,4303
457,2021-02-05,218,4238,4456
457,2021-02-06,89,3035,3124
457,2021-02-07,62,2097,2159
457,2021-02-08,200,3320,3520
457,2021-02-09,191,3695,3886
457,2021-02-10,189,3584,3773
457,2021-02-11,203,3838,4041
457,2021-02-12,200,4254,4454
457,2021-02-13,81,3384,3465
457,2021-02-14,61,2448,2509
457,2021-02-15,167,3405,3572
457,2021-02-16,162,3620,3782
457,2021-02-17,187,3604,3791
457,2021-02-18,182,3779,3961
457,2021-02-19,173,4235,4408
457,2021-02-20,91,3189,3280
457,2021-02-21,64,2521,2585
457,2021-02-22,209,3789,3998
457,2021-02-23,207,4215,4422
457,2021-02-24,209,4090,4299
457,2021-02-25,208,4128,4336
457,2021-02-26,214,4374,4588
457,2021-02-27,91,3615,3706
457,2021-02-28,62,2457,2519
457,2021-03-01,212,3817,4029
457,2021-03-02,232,4075,4307
457,2021-03-03,208,3962,4170
457,2021-03-04,280,4004,4284
457,2021-03-05,240,4300,4540
457,2021-03-06,107,3631,3738
457,2021-03-07,61,2434,2495
457,2021-03-08,227,3898,4125
457,2021-03-09,247,3943,4190
457,2021-03-10,236,3948,4184
457,2021-03-11,211,4130,4341
457,2021-03-12,226,4246,4472
457,2021-03-13,92,3331,3423
457,2021-03-14,62,2115,2177
457,2021-03-15,227,3853,4080
457,2021-03-16,224,3914,4138
457,2021-03-17,227,4053,4280
457,2021-03-18,224,4214,4438
457,2021-03-19,233,4395,4628
457,2021-03-20,94,3329,3423
457,2021-03-21,66,2300,2366
457,2021-03-22,216,3742,3958
457,2021-03-23,217,4020,4237
457,2021-03-24,241,4020,4261
457,2021-03-25,250,4176,4426
457,2021-03-26,229,4387,4616
457,2021-03-27,128,3361,3489
457,2021-03-29,193,3863,4056
457,2021-03-30,191,4088,4279
457,2021-03-31,196,4126,4322
457,2021-04-02,180,4585,4765
457,2021-04-03,113,3406,3519
457,2021-04-04,62,2165,2227
457,2021-04-05,61,1656,1717
457,2021-04-06,187,3543,3730
457,2021-04-07,201,3540,3741
457,2021-04-08,184,3805,3989
457,2021-04-09,176,3969,4145
457,2021-04-10,103,2909,3012
457,2021-04-11,64,1776,1840
457,2021-04-12,199,3576,3775
457,2021-04-13,192,3748,3940
457,2021-04-14,194,3919,4113
457,2021-04-15,205,3930,4135
457,2021-04-16,193,4153,4346
457,2021-04-17,97,3354,3451
457,2021-04-18,66,2191,2257
457,2021-04-19,215,3742,3957
457,2021-04-20,221,4067,4288
457,2021-04-21,200,3955,4155
457,2021-04-22,231,4273,4504
457,2021-04-23,208,4452,4660
457,2021-04-24,98,3622,3720
457,2021-04-25,68,2511,2579
457,2021-04-26,221,4010,4231
457,2021-04-27,228,4232,4460
457,2021-04-28,216,4243,4459
457,2021-04-29,225,4373,4598
457,2021-04-30,227,4665,4892
457,2021-05-01,75,2301,2376
457,2021-05-02,60,2377,2437
457,2021-05-03,225,4094,4319
457,2021-05-04,205,4271,4476
457,2021-05-05,219,4184,4403
457,2021-05-06,229,4128,4357
457,2021-05-07,225,4640,4865
457,2021-05-08,102,3499,3601
457,2021-05-09,59,2450,2509
457,2021-05-10,219,4004,4223
457,2021-05-11,222,4270,4492
457,2021-05-12,202,4473,4675
457,2021-05-13,102,2266,2368
457,2021-05-14,197,4190,4387
457,2021-05-15,94,3096,3190
457,2021-05-16,65,2310,2375
457,2021-05-17,231,3960,4191
457,2021-05-18,219,4195,4414
457,2021-05-19,222,4045,4267
457,2021-05-20,229,4300,4529
457,2021-05-21,243,4680,4923
457,2021-05-22,97,3329,3426
457,2021-05-23,67,2204,2271
457,2021-05-24,67,1757,1824
457,2021-05-25,178,3478,3656
457,2021-05-26,179,3526,3705
457,2021-05-27,195,3565,3760
457,2021-05-28,188,3946,4134
457,2021-05-29,166,3320,3486
457,2021-05-30,61,2445,2506
457,2021-05-31,204,4028,4232
457,2021-06-01,228,4231,4459
457,2021-06-02,211,4266,4477
457,2021-06-03,210,4384,4594
457,2021-06-04,247,4649,4896
457,2021-06-05,108,3489,3597
457,2021-06-06,64,2466,2530
457,2021-06-07,212,4003,4215
457,2021-06-08,216,4345,4561
457,2021-06-09,201,4122,4323
457,2021-06-10,222,4380,4602
457,2021-06-11,219,4593,4812
457,2021-06-12,100,3705,3805
457,2021-06-13,74,2730,2804
457,2021-06-14,242,3968,4210
457,2021-06-15,246,4188,4434
457,2021-06-16,223,5314,5537
457,2021-06-17,201,4238,4439
457,2021-06-18,192,4282,4474
457,2021-06-19,98,3405,3503
457,2021-06-20,71,2565,2636
457,2021-06-21,218,3870,4088
457,2021-06-22,213,4397,4610
457,2021-06-23,63,2247,2310
457,2021-06-24,208,4016,4224
457,2021-06-25,203,4117,4320
457,2021-06-26,110,3330,3440
457,2021-06-27,70,2564,2634
457,2021-06-28,232,4029,4261
457,2021-06-29,216,4205,4421
457,2021-06-30,203,3922,4125
457,2021-07-01,193,4308,4501
457,2021-07-02,204,4509,4713
457,2021-07-03,98,3516,3614
457,2021-07-04,88,2484,2572
457,2021-07-05,195,3922,4117
457,2021-07-06,189,4176,4365
457,2021-07-07,195,3995,4190
457,2021-07-08,193,4229,4422
457,2021-07-09,191,4434,4625
457,2021-07-10,91,3389,3480
457,2021-07-11,62,2594,2656
457,2021-07-12,172,4026,4198
457,2021-07-13,181,3959,4140
457,2021-07-14,194,3864,4058
457,2021-07-15,170,6376,6546
457,2021-07-16,183,4194,4377
457,2021-07-17,88,3189,3277
457,2021-07-18,68,2503,2571
457,2021-07-19,165,3694,3859
457,2021-07-20,177,3963,4140
457,2021-07-21,179,3930,4109
457,2021-07-22,174,3887,4061
457,2021-07-23,182,4033,4215
457,2021-07-24,97,3065,3162
457,2021-07-25,66,2421,2487
457,2021-07-26,184,3681,3865
457,2021-07-27,261,3420,3681
457,2021-07-28,190,3756,3946
457,2021-07-29,190,3726,3916
457,2021-07-30,201,3615,3816
457,2021-07-31,98,2761,2859
457,2021-08-01,72,1998,2070
457,2021-08-02,204,3016,3220
457,2021-08-03,183,3101,3284
457,2021-08-04,180,3350,3530
457,2021-08-05,183,3226,3409
457,2021-08-06,174,3203,3377
457,2021-08-07,102,2604,2706
457,2021-08-08,69,1857,1926
457,2021-08-09,174,2790,2964
457,2021-08-10,181,3029,3210
457,2021-08-11,196,3144,3340
457,2021-08-12,176,3215,3391
457,2021-08-13,182,3157,3339
457,2021-08-14,94,2331,2425
457,2021-08-15,70,1855,1925
457,2021-08-16,171,2835,3006
457,2021-08-17,168,2990,3158
457,2021-08-18,173,2839,3012
457,2021-08-19,184,3037,3221
457,2021-08-20,173,3122,3295
457,2021-08-21,82,2550,2632
457,2021-08-22,76,2040,2116
457,2021-08-23,173,2849,3022
457,2021-08-24,174,3225,3399
457,2021-08-25,185,3139,3324
457,2021-08-26,195,3066,3261
457,2021-08-27,187,3372,3559
457,2021-08-28,89,2458,2547
457,2021-08-29,64,1979,2043
457,2021-08-30,199,3262,3461
457,2021-08-31,179,3623,3802
457,2021-09-01,202,3643,3845
457,2021-09-02,211,3689,3900
457,2021-09-03,201,3822,4023
457,2021-09-04,105,3098,3203
457,2021-09-05,67,2712,2779
457,2021-09-06,195,3464,3659
457,2021-09-07,187,3683,3870
457,2021-09-08,199,3697,3896
457,2021-09-09,232,3652,3884
457,2021-09-10,212,4002,4214
457,2021-09-11,95,4018,4113
457,2021-09-12,65,2732,2797
457,2021-09-13,217,3719,3936
457,2021-09-14,262,3996,4258
457,2021-09-15,233,3858,4091
457,2021-09-16,244,4122,4366
457,2021-09-17,235,4387,4622
457,2021-09-18,101,4168,4269
457,2021-09-19,70,2779,2849
457,2021-09-20,219,3914,4133
457,2021-09-21,247,4014,4261
457,2021-09-22,229,4045,4274
457,2021-09-23,244,4193,4437
457,2021-09-24,232,4369,4601
457,2021-09-25,97,4141,4238
457,2021-09-26,66,2848,2914
457,2021-09-27,230,4016,4246
457,2021-09-28,216,4126,4342
457,2021-09-29,230,4129,4359
457,2021-09-30,249,4263,4512
457,2021-10-01,211,4457,4668
457,2021-10-02,92,3753,3845
457,2021-10-03,88,3718,3806
457,2021-10-04,210,4030,4240
457,2021-10-05,207,4252,4459
457,2021-10-06,220,4116,4336
457,2021-10-07,240,4191,4431
457,2021-10-08,212,4473,4685
457,2021-10-09,103,4071,4174
457,2021-10-10,66,3241,3307
457,2021-10-11,222,3988,4210
457,2021-10-12,227,4184,4411
457,2021-10-13,233,4168,4401
457,2021-10-14,241,4287,4528
457,2021-10-15,236,4352,4588
457,2021-10-16,90,3841,3931
457,2021-10-17,71,2906,2977
457,2021-10-18,239,3957,4196
457,2021-10-19,215,4238,4453
457,2021-10-20,225,4117,4342
457,2021-10-21,215,4174,4389
457,2021-10-22,210,4393,4603
457,2021-10-23,99,3747,3846
457,2021-10-24,64,3055,3119
457,2021-10-25,230,3954,4184
457,2021-10-26,225,4154,4379
457,2021-10-27,219,4082,4301
457,2021-10-28,239,4283,4522
457,2021-10-29,233,4547,4780
457,2021-10-30,95,4305,4400
457,2021-11-01,62,2805,2867
457,2021-11-02,202,5327,5529
457,2021-11-03,189,5396,5585
457,2021-11-04,203,5358,5561
457,2021-11-05,197,5714,5911
457,2021-11-06,97,4107,4204
457,2021-11-07,68,2842,2910
457,2021-11-08,230,4481,4711
457,2021-11-09,219,4562,4781
457,2021-11-10,233,4416,4649
457,2021-11-11,221,4337,4558
457,2021-11-12,222,4417,4639
457,2021-11-13,96,3430,3526
457,2021-11-14,61,2567,2628
457,2021-11-15,230,3914,4144
457,2021-11-16,240,4118,4358
457,2021-11-17,235,4127,4362
457,2021-11-18,250,4248,4498
457,2021-11-19,232,4330,4562
457,2021-11-20,116,3531,3647
457,2021-11-21,67,2508,2575
457,2021-11-22,231,3850,4081
457,2021-11-23,222,4211,4433
457,2021-11-24,223,4139,4362
457,2021-11-25,225,4302,4527
457,2021-11-26,223,4390,4613
457,2021-11-27,106,3536,3642
457,2021-11-28,68,2319,2387
457,2021-11-29,235,3828,4063
457,2021-11-30,216,4040,4256
457,2021-12-01,207,4181,4388
457,2021-12-02,220,4151,4371
457,2021-12-03,235,4698,4933
457,2021-12-04,95,3829,3924
457,2021-12-05,71,2574,2645
457,2021-12-06,229,3967,4196
457,2021-12-07,225,4075,4300
457,2021-12-08,238,4124,4362
457,2021-12-09,223,4109,4332
457,2021-12-10,199,4202,4401
457,2021-12-11,104,3444,3548
457,2021-12-12,74,2537,2611
457,2021-12-13,216,3895,4111
457,2021-12-14,222,4208,4430
457,2021-12-15,237,4179,4416
457,2021-12-16,225,4214,4439
457,2021-12-17,225,4468,4693
457,2021-12-18,100,3081,3181
457,2021-12-19,71,2228,2299
457,2021-12-20,182,3440,3622
457,2021-12-21,182,3674,3856
457,2021-12-22,183,3649,3832
457,2021-12-23,171,3547,3718
457,2021-12-24,150,2953,3103
457,2021-12-25,57,1370,1427
457,2021-12-26,59,1635,1694
457,2021-12-27,151,2475,2626
457,2021-12-28,150,2726,2876
457,2021-12-29,153,2687,2840
457,2021-12-30,150,2882,3032
457,2021-12-31,151,2793,2944
458,2021-01-02,5,2165,2170
458,2021-01-03,2,1758,1760
458,2021-01-04,11,3077,3088
458,2021-01-05,17,3325,3342
458,2021-01-06,19,3240,3259
458,2021-01-07,16,3392,3408
458,2021-01-08,15,3363,3378
458,2021-01-09,12,2672,2684
458,2021-01-10,6,1986,1992
458,2021-01-11,29,4367,4396
458,2021-01-12,35,4371,4406
458,2021-01-13,33,4610,4643
458,2021-01-14,21,3635,3656
458,2021-01-15,17,4133,4150
458,2021-01-16,14,2919,2933
458,2021-01-17,2,1906,1908
458,2021-01-18,18,4349,4367
458,2021-01-19,15,4516,4531
458,2021-01-20,37,4755,4792
458,2021-01-21,22,4857,4879
458,2021-01-22,22,4776,4798
458,2021-01-23,11,3347,3358
458,2021-01-24,5,2201,2206
458,2021-01-25,30,4335,4365
458,2021-01-26,29,4897,4926
458,2021-01-27,31,4278,4309
458,2021-01-28,18,4802,4820
458,2021-01-29,29,4744,4773
458,2021-01-30,9,3308,3317
458,2021-01-31,3,2207,2210
458,2021-02-01,30,4673,4703
458,2021-02-02,24,4827,4851
458,2021-02-03,28,4624,4652
458,2021-02-04,24,5000,5024
458,2021-02-05,23,5075,5098
458,2021-02-06,9,3402,3411
458,2021-02-08,27,3853,3880
458,2021-02-09,18,4125,4143
458,2021-02-10,33,4534,4567
458,2021-02-11,24,4616,4640
458,2021-02-12,28,4623,4651
458,2021-02-13,16,3400,3416
458,2021-02-14,3,2396,2399
458,2021-02-15,29,4000,4029
458,2021-02-16,26,4630,4656
458,2021-02-17,22,4583,4605
458,2021-02-18,27,4632,4659
458,2021-02-19,30,4810,4840
458,2021-02-20,22,3668,3690
458,2021-02-21,1,3005,3006
458,2021-02-22,38,4848,4886
458,2021-02-23,34,5281,5315
458,2021-02-24,26,5400,5426
458,2021-02-25,33,5600,5633
458,2021-02-26,26,5653,5679
458,2021-02-27,14,3888,3902
458,2021-02-28,4,2866,2870
458,2021-03-02,44,5431,5475
458,2021-03-03,31,5340,5371
458,2021-03-04,41,5284,5325
458,2021-03-05,50,5348,5398
458,2021-03-06,7,3833,3840
458,2021-03-07,5,2768,2773
458,2021-03-08,42,5255,5297
458,2021-03-09,40,5233,5273
458,2021-03-10,31,5158,5189
458,2021-03-11,28,5115,5143
458,2021-03-12,35,5341,5376
458,2021-03-13,9,3375,3384
458,2021-03-14,3,2176,2179
458,2021-03-15,29,4887,4916
458,2021-03-16,37,5426,5463
458,2021-03-17,45,5435,5480
458,2021-03-18,26,5414,5440
458,2021-03-19,38,5325,5363
458,2021-03-20,17,3921,3938
458,2021-03-21,1,2506,2507
458,2021-03-22,40,4901,4941
458,2021-03-23,31,5220,5251
458,2021-03-24,30,5423,5453
458,2021-03-25,16,5340,5356
458,2021-03-26,39,5691,5730
458,2021-03-27,18,4054,4072
458,2021-03-29,39,5602,5641
458,2021-03-30,34,6070,6104
458,2021-03-31,18,5853,5871
458,2021-04-02,22,5696,5718
458,2021-04-03,6,3758,3764
458,2021-04-04,0,2743,2743
458,2021-04-05,1,1856,1857
458,2021-04-06,30,5166,5196
458,2021-04-07,38,5458,5496
458,2021-04-08,45,6027,6072
458,2021-04-09,46,6081,6127
458,2021-04-10,26,3330,3356
458,2021-04-11,2,2023,2025
458,2021-04-12,30,5173,5203
458,2021-04-13,56,5994,6050
458,2021-04-14,34,5736,5770
458,2021-04-15,42,5963,6005
458,2021-04-16,22,5506,5528
458,2021-04-17,13,3948,3961
458,2021-04-18,1,2637,2638
458,2021-04-19,33,5776,5809
458,2021-04-20,38,5968,6006
458,2021-04-21,38,5558,5596
458,2021-04-22,43,5776,5819
458,2021-04-23,27,5925,5952
458,2021-04-24,16,4292,4308
458,2021-04-25,3,3208,3211
458,2021-04-26,34,5430,5464
458,2021-04-27,39,5759,5798
458,2021-04-28,33,5732,5765
458,2021-04-29,41,6032,6073
458,2021-04-30,44,6122,6166
458,2021-05-01,7,3009,3016
458,2021-05-02,8,3005,3013
458,2021-05-03,25,5708,5733
458,2021-05-04,50,6492,6542
458,2021-05-05,32,5898,5930
458,2021-05-06,26,5665,5691
458,2021-05-07,34,5873,5907
458,2021-05-08,10,4019,4029
458,2021-05-09,2,3111,3113
458,2021-05-10,20,5435,5455
458,2021-05-11,30,5748,5778
458,2021-05-12,27,6141,6168
458,2021-05-13,8,2767,2775
458,2021-05-14,25,5231,5256
458,2021-05-15,10,3739,3749
458,2021-05-16,0,2521,2521
458,2021-05-17,21,5388,5409
458,2021-05-18,36,5746,5782
458,2021-05-19,27,5811,5838
458,2021-05-20,24,5875,5899
458,2021-05-21,44,5826,5870
458,2021-05-22,16,4430,4446
458,2021-05-23,3,3091,3094
458,2021-05-24,7,2671,2678
458,2021-05-25,30,4754,4784
458,2021-05-26,29,5043,5072
458,2021-05-27,43,4976,5019
458,2021-05-28,35,5288,5323
458,2021-05-29,6,3974,3980
458,2021-05-30,4,3211,3215
458,2021-05-31,30,5769,5799
458,2021-06-01,28,6151,6179
458,2021-06-02,31,6249,6280
458,2021-06-03,28,5933,5961
458,2021-06-04,20,5892,5912
458,2021-06-05,17,4345,4362
458,2021-06-06,5,3071,3076
458,2021-06-07,31,5490,5521
458,2021-06-08,37,5850,5887
458,2021-06-09,26,6180,6206
458,2021-06-10,36,6327,6363
458,2021-06-11,36,6242,6278
458,2021-06-12,23,5017,5040
458,2021-06-13,6,3777,3783
458,2021-06-14,29,5657,5686
458,2021-06-15,38,6296,6334
458,2021-06-16,30,6602,6632
458,2021-06-17,33,6378,6411
458,2021-06-18,15,6182,6197
458,2021-06-19,8,4038,4046
458,2021-06-20,2,2856,2858
458,2021-06-21,52,5441,5493
458,2021-06-22,47,5867,5914
458,2021-06-23,7,2851,2858
458,2021-06-24,38,5638,5676
458,2021-06-25,31,5983,6014
458,2021-06-26,13,4073,4086
458,2021-06-27,8,3204,3212
458,2021-06-28,29,5596,5625
458,2021-06-29,24,5315,5339
458,2021-06-30,27,5467,5494
458,2021-07-01,27,6163,6190
458,2021-07-02,35,6512,6547
458,2021-07-03,15,4382,4397
458,2021-07-04,14,2930,2944
458,2021-07-05,40,5549,5589
458,2021-07-06,30,5858,5888
458,2021-07-07,24,6038,6062
458,2021-07-08,28,5788,5816
458,2021-07-09,28,6008,6036
458,2021-07-10,8,4779,4787
458,2021-07-11,6,3336,3342
458,2021-07-12,31,5622,5653
458,2021-07-13,35,5607,5642
458,2021-07-14,26,5310,5336
458,2021-07-15,39,7192,7231
458,2021-07-16,40,6123,6163
458,2021-07-17,26,3724,3750
458,2021-07-18,7,3065,3072
458,2021-07-19,27,5376,5403
458,2021-07-20,36,5731,5767
458,2021-07-21,29,5742,5771
458,2021-07-22,54,5721,5775
458,2021-07-23,50,5864,5914
458,2021-07-24,15,3469,3484
458,2021-07-25,2,2764,2766
458,2021-07-26,54,5098,5152
458,2021-07-27,44,5252,5296
458,2021-07-28,29,5447,5476
458,2021-07-29,18,5346,5364
458,2021-07-30,20,5165,5185
458,2021-07-31,12,3632,3644
458,2021-08-01,11,2872,2883
458,2021-08-02,29,4426,4455
458,2021-08-03,30,4482,4512
458,2021-08-04,29,4625,4654
458,2021-08-05,16,4630,4646
458,2021-08-06,20,4324,4344
458,2021-08-07,6,2816,2822
458,2021-08-08,8,2382,2390
458,2021-08-09,19,4022,4041
458,2021-08-10,20,5012,5032
458,2021-08-11,31,4635,4666
458,2021-08-12,26,4612,4638
458,2021-08-13,16,4366,4382
458,2021-08-14,12,3327,3339
458,2021-08-15,5,2823,2828
458,2021-08-16,20,3899,3919
458,2021-08-17,16,4014,4030
458,2021-08-18,17,4171,4188
458,2021-08-19,19,4113,4132
458,2021-08-20,16,4303,4319
458,2021-08-21,9,3064,3073
458,2021-08-22,16,2568,2584
458,2021-08-23,27,4341,4368
458,2021-08-24,28,4728,4756
458,2021-08-25,29,4797,4826
458,2021-08-26,28,4521,4549
458,2021-08-27,30,4599,4629
458,2021-08-28,4,3013,3017
458,2021-08-29,2,2535,2537
458,2021-08-30,29,5084,5113
458,2021-08-31,29,5964,5993
458,2021-09-01,39,6339,6378
458,2021-09-02,38,6213,6251
458,2021-09-03,32,5696,5728
458,2021-09-04,15,3987,4002
458,2021-09-05,9,4100,4109
458,2021-09-06,37,6075,6112
458,2021-09-07,40,6518,6558
458,2021-09-08,32,6749,6781
458,2021-09-09,17,6714,6731
458,2021-09-10,28,5866,5894
458,2021-09-11,12,4094,4106
458,2021-09-12,0,3198,3198
458,2021-09-13,30,6279,6309
458,2021-09-14,34,6232,6266
458,2021-09-15,21,5799,5820
458,2021-09-16,28,5968,5996
458,2021-09-17,44,6182,6226
458,2021-09-18,20,4940,4960
458,2021-09-19,3,3538,3541
458,2021-09-20,26,5664,5690
458,2021-09-21,30,6316,6346
458,2021-09-22,20,6240,6260
458,2021-09-23,29,6407,6436
458,2021-09-24,37,6046,6083
458,2021-09-25,24,5330,5354
458,2021-09-26,6,3396,3402
458,2021-09-27,36,5637,5673
458,2021-09-28,52,6178,6230
458,2021-09-29,28,6086,6114
458,2021-09-30,41,6283,6324
458,2021-10-01,29,6307,6336
458,2021-10-02,13,4688,4701
458,2021-10-03,2,3422,3424
458,2021-10-04,46,6700,6746
458,2021-10-05,40,6215,6255
458,2021-10-06,47,6172,6219
458,2021-10-07,42,6303,6345
458,2021-10-08,23,6421,6444
458,2021-10-09,20,4775,4795
458,2021-10-10,5,3645,3650
458,2021-10-11,34,5690,5724
458,2021-10-12,27,6133,6160
458,2021-10-13,36,6083,6119
458,2021-10-14,23,6466,6489
458,2021-10-15,31,6339,6370
458,2021-10-16,6,4692,4698
458,2021-10-17,2,3257,3259
458,2021-10-18,25,5740,5765
458,2021-10-19,26,6361,6387
458,2021-10-20,27,6101,6128
458,2021-10-21,22,6134,6156
458,2021-10-22,41,6613,6654
458,2021-10-23,17,4466,4483
458,2021-10-24,4,3749,3753
458,2021-10-25,39,5911,5950
458,2021-10-26,34,6511,6545
458,2021-10-27,31,6263,6294
458,2021-10-28,45,6314,6359
458,2021-10-29,37,6454,6491
458,2021-10-30,7,3782,3789
458,2021-11-01,0,2798,2798
458,2021-11-02,24,5209,5233
458,2021-11-03,23,5374,5397
458,2021-11-04,33,5168,5201
458,2021-11-05,33,5999,6032
458,2021-11-06,13,3861,3874
458,2021-11-07,4,2831,2835
458,2021-11-08,37,5520,5557
458,2021-11-09,31,6093,6124
458,2021-11-10,45,6235,6280
458,2021-11-11,25,5939,5964
458,2021-11-12,33,5891,5924
458,2021-11-13,13,4084,4097
458,2021-11-14,4,2792,2796
458,2021-11-15,35,5680,5715
458,2021-11-16,38,6116,6154
458,2021-11-17,43,5847,5890
458,2021-11-18,56,6473,6529
458,2021-11-19,36,6303,6339
458,2021-11-20,8,4661,4669
458,2021-11-21,2,3287,3289
458,2021-11-22,30,5386,5416
458,2021-11-23,32,5847,5879
458,2021-11-24,35,6023,6058
458,2021-11-25,25,6158,6183
458,2021-11-26,23,5743,5766
458,2021-11-27,11,3881,3892
458,2021-11-28,0,2510,2510
458,2021-11-29,23,5487,5510
458,2021-11-30,23,5657,5680
458,2021-12-01,33,5851,5884
458,2021-12-02,30,5779,5809
458,2021-12-03,30,5978,6008
458,2021-12-04,7,3914,3921
458,2021-12-05,0,2679,2679
458,2021-12-06,34,5278,5312
458,2021-12-07,44,5907,5951
458,2021-12-08,33,5757,5790
458,2021-12-09,26,5711,5737
458,2021-12-10,23,5467,5490
458,2021-12-11,6,4081,4087
458,2021-12-12,6,2746,2752
458,2021-12-13,23,5457,5480
458,2021-12-14,32,5906,5938
458,2021-12-15,30,5818,5848
458,2021-12-16,42,6101,6143
458,2021-12-17,25,5870,5895
458,2021-12-18,12,3604,3616
458,2021-12-19,3,2578,2581
458,2021-12-20,25,4568,4593
458,2021-12-21,23,4474,4497
458,2021-12-22,21,4441,4462
458,2021-12-23,19,4138,4157
458,2021-12-24,3,3138,3141
458,2021-12-25,1,1855,1856
458,2021-12-26,1,1825,1826
458,2021-12-27,8,3094,3102
458,2021-12-28,12,3303,3315
458,2021-12-29,11,3385,3396
458,2021-12-30,7,3501,3508
458,2021-12-31,3,3004,3007
459,2021-01-01,55,1031,1086
459,2021-01-02,147,1709,1856
459,2021-01-03,78,1287,1365
459,2021-01-04,214,2732,2946
459,2021-01-05,218,2891,3109
459,2021-01-06,226,2930,3156
459,2021-01-07,212,2906,3118
459,2021-01-08,245,2946,3191
459,2021-01-09,156,1826,1982
459,2021-01-10,74,1408,1482
459,2021-01-11,418,3644,4062
459,2021-01-12,398,3715,4113
459,2021-01-13,427,3777,4204
459,2021-01-14,374,3549,3923
459,2021-01-15,382,3710,4092
459,2021-01-16,147,2333,2480
459,2021-01-17,73,1377,1450
459,2021-01-18,397,3737,4134
459,2021-01-19,387,3779,4166
459,2021-01-20,444,3855,4299
459,2021-01-21,388,3894,4282
459,2021-01-22,397,4005,4402
459,2021-01-23,163,2433,2596
459,2021-01-24,71,1581,1652
459,2021-01-25,389,3697,4086
459,2021-01-26,421,3816,4237
459,2021-01-27,375,3697,4072
459,2021-01-28,375,3795,4170
459,2021-01-29,415,4119,4534
459,2021-01-30,154,2521,2675
459,2021-01-31,67,1596,1663
459,2021-02-01,435,3705,4140
459,2021-02-02,365,4051,4416
459,2021-02-03,420,3889,4309
459,2021-02-04,395,3935,4330
459,2021-02-05,426,3991,4417
459,2021-02-06,160,2505,2665
459,2021-02-07,74,1586,1660
459,2021-02-08,344,3329,3673
459,2021-02-09,337,3350,3687
459,2021-02-10,338,3509,3847
459,2021-02-11,347,3600,3947
459,2021-02-12,351,3573,3924
459,2021-02-13,177,2375,2552
459,2021-02-14,73,1697,1770
459,2021-02-15,252,3105,3357
459,2021-02-16,272,3426,3698
459,2021-02-17,267,3412,3679
459,2021-02-18,267,3477,3744
459,2021-02-19,259,3441,3700
459,2021-02-20,172,2613,2785
459,2021-02-21,79,2176,2255
459,2021-02-22,457,3790,4247
459,2021-02-23,487,4050,4537
459,2021-02-24,459,3991,4450
459,2021-02-25,482,4077,4559
459,2021-02-26,425,4044,4469
459,2021-02-27,185,2796,2981
459,2021-02-28,73,2021,2094
459,2021-03-01,408,4090,4498
459,2021-03-02,390,4144,4534
459,2021-03-03,485,3949,4434
459,2021-03-04,412,3817,4229
459,2021-03-05,447,4046,4493
459,2021-03-06,165,2800,2965
459,2021-03-07,77,1991,2068
459,2021-03-08,487,3867,4354
459,2021-03-09,409,3938,4347
459,2021-03-10,430,3872,4302
459,2021-03-11,428,3966,4394
459,2021-03-12,439,4072,4511
459,2021-03-13,165,2492,2657
459,2021-03-14,111,1709,1820
459,2021-03-15,423,3795,4218
459,2021-03-16,434,3907,4341
459,2021-03-17,421,3917,4338
459,2021-03-18,420,3944,4364
459,2021-03-19,454,3954,4408
459,2021-03-20,159,2667,2826
459,2021-03-21,79,1862,1941
459,2021-03-22,427,3833,4260
459,2021-03-23,423,4011,4434
459,2021-03-24,467,4099,4566
459,2021-03-25,434,4001,4435
459,2021-03-26,447,4223,4670
459,2021-03-27,158,2588,2746
459,2021-03-29,401,4005,4406
459,2021-03-30,373,4211,4584
459,2021-03-31,440,4168,4608
459,2021-04-01,399,4185,4584
459,2021-04-02,403,4345,4748
459,2021-04-03,158,2724,2882
459,2021-04-04,67,1876,1943
459,2021-04-05,73,1460,1533
459,2021-04-06,275,3626,3901
459,2021-04-07,289,3660,3949
459,2021-04-08,327,3820,4147
459,2021-04-09,256,3893,4149
459,2021-04-10,163,2476,2639
459,2021-04-11,66,1501,1567
459,2021-04-12,313,3707,4020
459,2021-04-13,307,3964,4271
459,2021-04-14,315,4016,4331
459,2021-04-15,299,4116,4415
459,2021-04-16,316,4128,4444
459,2021-04-17,177,2801,2978
459,2021-04-18,73,1690,1763
459,2021-04-19,448,3941,4389
459,2021-04-20,426,4201,4627
459,2021-04-21,477,4181,4658
459,2021-04-22,455,4346,4801
459,2021-04-23,434,4353,4787
459,2021-04-24,194,3021,3215
459,2021-04-25,77,2252,2329
459,2021-04-26,441,4232,4673
459,2021-04-27,437,4309,4746
459,2021-04-28,428,4280,4708
459,2021-04-29,451,4371,4822
459,2021-04-30,463,4372,4835
459,2021-05-01,74,2377,2451
459,2021-05-02,79,2065,2144
459,2021-05-03,474,4112,4586
459,2021-05-04,426,4072,4498
459,2021-05-05,428,4122,4550
459,2021-05-06,406,4100,4506
459,2021-05-07,446,4334,4780
459,2021-05-08,166,2881,3047
459,2021-05-09,83,2265,2348
459,2021-05-10,455,3907,4362
459,2021-05-11,412,4172,4584
459,2021-05-12,428,4258,4686
459,2021-05-13,87,2051,2138
459,2021-05-14,399,4036,4435
459,2021-05-15,161,2704,2865
459,2021-05-16,95,2018,2113
459,2021-05-17,449,4342,4791
459,2021-05-18,385,4233,4618
459,2021-05-19,441,4419,4860
459,2021-05-20,432,4442,4874
459,2021-05-21,440,4340,4780
459,2021-05-22,165,2697,2862
459,2021-05-23,70,1889,1959
459,2021-05-24,76,1658,1734
459,2021-05-25,270,3553,3823
459,2021-05-26,269,3777,4046
459,2021-05-27,268,3697,3965
459,2021-05-28,287,3894,4181
459,2021-05-29,173,2895,3068
459,2021-05-30,84,2292,2376
459,2021-05-31,461,4120,4581
459,2021-06-01,415,4403,4818
459,2021-06-02,437,4302,4739
459,2021-06-03,425,4221,4646
459,2021-06-04,445,4392,4837
459,2021-06-05,171,2963,3134
459,2021-06-06,68,2159,2227
459,2021-06-07,429,4227,4656
459,2021-06-08,407,4687,5094
459,2021-06-09,511,4495,5006
459,2021-06-10,417,4688,5105
459,2021-06-11,523,4595,5118
459,2021-06-12,216,3300,3516
459,2021-06-13,81,2558,2639
459,2021-06-14,419,4259,4678
459,2021-06-15,413,4329,4742
459,2021-06-16,430,4390,4820
459,2021-06-17,409,4436,4845
459,2021-06-18,440,4431,4871
459,2021-06-19,195,3165,3360
459,2021-06-20,76,2057,2133
459,2021-06-21,424,4078,4502
459,2021-06-22,418,4442,4860
459,2021-06-23,99,2053,2152
459,2021-06-24,406,4186,4592
459,2021-06-25,477,4314,4791
459,2021-06-26,198,3060,3258
459,2021-06-27,83,2121,2204
459,2021-06-28,477,4260,4737
459,2021-06-29,424,4309,4733
459,2021-06-30,420,4125,4545
459,2021-07-01,424,4417,4841
459,2021-07-02,456,4606,5062
459,2021-07-03,176,3636,3812
459,2021-07-04,92,2219,2311
459,2021-07-05,439,4108,4547
459,2021-07-06,390,4322,4712
459,2021-07-07,458,4456,4914
459,2021-07-08,386,4354,4740
459,2021-07-09,450,4679,5129
459,2021-07-10,185,3723,3908
459,2021-07-11,99,2710,2809
459,2021-07-12,405,4182,4587
459,2021-07-13,355,4143,4498
459,2021-07-14,380,4181,4561
459,2021-07-15,331,5027,5358
459,2021-07-16,260,4497,4757
459,2021-07-17,221,2819,3040
459,2021-07-18,87,2269,2356
459,2021-07-19,293,3820,4113
459,2021-07-20,302,4035,4337
459,2021-07-21,304,4036,4340
459,2021-07-22,307,3973,4280
459,2021-07-23,357,4015,4372
459,2021-07-24,167,2586,2753
459,2021-07-25,108,1899,2007
459,2021-07-26,285,3619,3904
459,2021-07-27,306,3424,3730
459,2021-07-28,294,3710,4004
459,2021-07-29,275,3854,4129
459,2021-07-30,253,3522,3775
459,2021-07-31,181,2506,2687
459,2021-08-01,104,1942,2046
459,2021-08-02,238,3241,3479
459,2021-08-03,236,3322,3558
459,2021-08-04,263,3372,3635
459,2021-08-05,271,3372,3643
459,2021-08-06,224,3327,3551
459,2021-08-07,172,2295,2467
459,2021-08-08,101,1722,1823
459,2021-08-09,234,3274,3508
459,2021-08-10,242,3472,3714
459,2021-08-11,240,3475,3715
459,2021-08-12,240,3520,3760
459,2021-08-13,259,3487,3746
459,2021-08-14,193,2213,2406
459,2021-08-15,95,1890,1985
459,2021-08-16,232,3121,3353
459,2021-08-17,243,3223,3466
459,2021-08-18,241,3123,3364
459,2021-08-19,238,3418,3656
459,2021-08-20,220,3318,3538
459,2021-08-21,158,2337,2495
459,2021-08-22,101,1667,1768
459,2021-08-23,251,3209,3460
459,2021-08-24,269,3553,3822
459,2021-08-25,247,3536,3783
459,2021-08-26,266,3584,3850
459,2021-08-27,278,3527,3805
459,2021-08-28,176,2296,2472
459,2021-08-29,101,1772,1873
459,2021-08-30,280,3502,3782
459,2021-08-31,311,3621,3932
459,2021-09-01,306,3610,3916
459,2021-09-02,323,3661,3984
459,2021-09-03,312,3725,4037
459,2021-09-04,190,2562,2752
459,2021-09-05,101,2250,2351
459,2021-09-06,286,3724,4010
459,2021-09-07,333,3797,4130
459,2021-09-08,347,3811,4158
459,2021-09-09,351,3884,4235
459,2021-09-10,336,3826,4162
459,2021-09-11,137,2309,2446
459,2021-09-12,104,2084,2188
459,2021-09-13,305,3960,4265
459,2021-09-14,323,4145,4468
459,2021-09-15,403,4219,4622
459,2021-09-16,427,4259,4686
459,2021-09-17,472,4386,4858
459,2021-09-18,201,3116,3317
459,2021-09-19,100,2484,2584
459,2021-09-20,465,4189,4654
459,2021-09-21,448,4378,4826
459,2021-09-22,465,4381,4846
459,2021-09-23,454,4589,5043
459,2021-09-24,512,4466,4978
459,2021-09-25,230,3348,3578
459,2021-09-26,105,2181,2286
459,2021-09-27,449,4174,4623
459,2021-09-28,461,4330,4791
459,2021-09-29,475,4143,4618
459,2021-09-30,489,4473,4962
459,2021-10-01,484,4375,4859
459,2021-10-02,187,3079,3266
459,2021-10-03,79,2007,2086
459,2021-10-04,463,4599,5062
459,2021-10-05,404,4186,4590
459,2021-10-06,470,4187,4657
459,2021-10-07,454,4497,4951
459,2021-10-08,465,4408,4873
459,2021-10-09,194,3213,3407
459,2021-10-10,102,2527,2629
459,2021-10-11,437,4074,4511
459,2021-10-12,455,4069,4524
459,2021-10-13,464,4214,4678
459,2021-10-14,427,4448,4875
459,2021-10-15,449,4340,4789
459,2021-10-16,195,3085,3280
459,2021-10-17,85,2172,2257
459,2021-10-18,444,4090,4534
459,2021-10-19,439,4147,4586
459,2021-10-20,442,4045,4487
459,2021-10-21,417,4161,4578
459,2021-10-22,448,4449,4897
459,2021-10-23,196,3064,3260
459,2021-10-24,96,2221,2317
459,2021-10-25,417,4198,4615
459,2021-10-26,406,4395,4801
459,2021-10-27,440,4285,4725
459,2021-10-28,430,4437,4867
459,2021-10-29,432,4431,4863
459,2021-10-30,170,2851,3021
459,2021-11-01,77,1892,1969
459,2021-11-02,282,4018,4300
459,2021-11-03,310,3904,4214
459,2021-11-04,321,3998,4319
459,2021-11-05,338,4060,4398
459,2021-11-06,200,2646,2846
459,2021-11-07,90,1860,1950
459,2021-11-08,451,4192,4643
459,2021-11-09,497,4439,4936
459,2021-11-10,469,4322,4791
459,2021-11-11,503,4398,4901
459,2021-11-12,530,4293,4823
459,2021-11-13,196,2909,3105
459,2021-11-14,93,1970,2063
459,2021-11-15,497,4068,4565
459,2021-11-16,451,4273,4724
459,2021-11-17,511,4177,4688
459,2021-11-18,486,4246,4732
459,2021-11-19,485,4262,4747
459,2021-11-20,202,3009,3211
459,2021-11-21,93,1991,2084
459,2021-11-22,484,4180,4664
459,2021-11-23,456,4202,4658
459,2021-11-24,479,4209,4688
459,2021-11-25,477,4272,4749
459,2021-11-26,506,4269,4775
459,2021-11-27,183,2909,3092
459,2021-11-28,89,2228,2317
459,2021-11-29,475,4010,4485
459,2021-11-30,430,4331,4761
459,2021-12-01,472,4256,4728
459,2021-12-02,467,4275,4742
459,2021-12-03,519,4292,4811
459,2021-12-04,198,2933,3131
459,2021-12-05,83,2162,2245
459,2021-12-06,386,3924,4310
459,2021-12-07,449,4238,4687
459,2021-12-08,482,4383,4865
459,2021-12-09,514,4289,4803
459,2021-12-10,466,4146,4612
459,2021-12-11,205,2913,3118
459,2021-12-12,87,1865,1952
459,2021-12-13,473,4067,4540
459,2021-12-14,436,4241,4677
459,2021-12-15,468,4263,4731
459,2021-12-16,429,4443,4872
459,2021-12-17,448,4286,4734
459,2021-12-18,198,2777,2975
459,2021-12-19,81,1886,1967
459,2021-12-20,243,3680,3923
459,2021-12-21,252,3661,3913
459,2021-12-22,250,3621,3871
459,2021-12-23,244,3501,3745
459,2021-12-24,203,2992,3195
459,2021-12-25,50,1524,1574
459,2021-12-26,66,1541,1607
459,2021-12-27,213,2774,2987
459,2021-12-28,224,2838,3062
459,2021-12-29,219,2873,3092
459,2021-12-30,206,2975,3181
459,2021-12-31,219,2743,2962
460,2021-01-01,1,722,723
460,2021-01-02,8,1162,1170
460,2021-01-03,13,901,914
460,2021-01-04,26,2179,2205
460,2021-01-08,28,2281,2309
460,2021-01-09,22,1300,1322
460,2021-01-10,6,1011,1017
460,2021-01-11,27,2860,2887
460,2021-01-12,29,2956,2985
460,2021-01-13,24,2958,2982
460,2021-01-14,34,2607,2641
460,2021-01-15,31,2737,2768
460,2021-01-16,21,1345,1366
460,2021-01-17,7,881,888
460,2021-01-18,43,2902,2945
460,2021-01-19,35,3134,3169
460,2021-01-20,40,3271,3311
460,2021-01-21,39,3398,3437
460,2021-01-22,41,3288,3329
460,2021-01-23,15,1771,1786
460,2021-01-24,6,1127,1133
460,2021-01-25,43,3109,3152
460,2021-01-26,34,3210,3244
460,2021-01-27,32,2977,3009
460,2021-01-28,39,3397,3436
460,2021-01-29,50,3289,3339
460,2021-01-30,7,1737,1744
460,2021-01-31,1,1251,1252
460,2021-02-01,49,3677,3726
460,2021-02-02,53,3698,3751
460,2021-02-03,47,3768,3815
460,2021-02-04,50,3921,3971
460,2021-02-05,36,3804,3840
460,2021-02-06,24,1960,1984
460,2021-02-07,9,1309,1318
460,2021-02-08,58,3058,3116
460,2021-02-09,39,2775,2814
460,2021-02-10,28,2977,3005
460,2021-02-11,35,3187,3222
460,2021-02-12,40,3055,3095
460,2021-02-13,21,1904,1925
460,2021-02-14,5,1265,1270
460,2021-02-15,42,2779,2821
460,2021-02-16,35,3211,3246
460,2021-02-17,39,3136,3175
460,2021-02-18,34,3208,3242
460,2021-02-19,67,3211,3278
460,2021-02-20,27,1963,1990
460,2021-02-21,6,1689,1695
460,2021-02-22,55,3411,3466
460,2021-02-23,62,3724,3786
460,2021-02-24,62,3384,3446
460,2021-02-25,81,3826,3907
460,2021-02-26,55,3542,3597
460,2021-02-27,45,2077,2122
460,2021-02-28,21,1590,1611
460,2021-03-01,67,3616,3683
460,2021-03-02,62,3710,3772
460,2021-03-03,54,3607,3661
460,2021-03-04,57,3755,3812
460,2021-03-05,52,3490,3542
460,2021-03-06,27,2095,2122
460,2021-03-07,21,1513,1534
460,2021-03-08,64,3561,3625
460,2021-03-09,46,3639,3685
460,2021-03-10,46,3613,3659
460,2021-03-11,30,3538,3568
460,2021-03-12,46,3726,3772
460,2021-03-13,6,1804,1810
460,2021-03-14,13,1250,1263
460,2021-03-15,41,3582,3623
460,2021-03-16,41,3717,3758
460,2021-03-17,63,3720,3783
460,2021-03-18,42,3606,3648
460,2021-03-19,69,3596,3665
460,2021-03-20,22,1963,1985
460,2021-03-21,11,1304,1315
460,2021-03-22,63,3483,3546
460,2021-03-23,57,3849,3906
460,2021-03-24,70,3915,3985
460,2021-03-25,56,3826,3882
460,2021-03-26,55,3693,3748
460,2021-03-27,27,1898,1925
460,2021-03-29,53,3708,3761
460,2021-03-30,41,4058,4099
460,2021-03-31,47,4207,4254
460,2021-04-01,84,4138,4222
460,2021-04-02,51,3699,3750
460,2021-04-03,23,2161,2184
460,2021-04-04,7,1585,1592
460,2021-04-05,20,1097,1117
460,2021-04-06,62,3536,3598
460,2021-04-07,43,3501,3544
460,2021-04-08,60,3815,3875
460,2021-04-09,35,3715,3750
460,2021-04-10,36,1845,1881
460,2021-04-11,7,1191,1198
460,2021-04-12,39,3707,3746
460,2021-04-13,33,3787,3820
460,2021-04-14,50,3703,3753
460,2021-04-15,54,3804,3858
460,2021-04-16,60,3781,3841
460,2021-04-17,34,2206,2240
460,2021-04-18,12,1394,1406
460,2021-04-19,51,3694,3745
460,2021-04-20,43,4012,4055
460,2021-04-21,44,4023,4067
460,2021-04-22,50,4000,4050
460,2021-04-23,50,4129,4179
460,2021-04-24,45,2479,2524
460,2021-04-25,7,2124,2131
460,2021-04-26,65,4045,4110
460,2021-04-27,67,4035,4102
460,2021-04-28,61,4196,4257
460,2021-04-29,49,4265,4314
460,2021-04-30,66,4223,4289
460,2021-05-01,23,1814,1837
460,2021-05-02,19,1678,1697
460,2021-05-03,76,3972,4048
460,2021-05-04,73,4094,4167
460,2021-05-05,47,4217,4264
460,2021-05-06,53,4232,4285
460,2021-05-07,56,4194,4250
460,2021-05-08,39,2305,2344
460,2021-05-09,13,2120,2133
460,2021-05-10,49,3949,3998
460,2021-05-11,30,4164,4194
460,2021-05-12,64,4409,4473
460,2021-05-13,20,1666,1686
460,2021-05-14,57,3390,3447
460,2021-05-15,25,2008,2033
460,2021-05-16,7,1609,1616
460,2021-05-17,53,4027,4080
460,2021-05-18,40,4238,4278
460,2021-05-19,53,4071,4124
460,2021-05-20,40,4204,4244
460,2021-05-21,40,4110,4150
460,2021-05-22,18,2300,2318
460,2021-05-23,1,1757,1758
460,2021-05-24,3,1312,1315
460,2021-05-25,45,3591,3636
460,2021-05-26,40,3663,3703
460,2021-05-27,36,3777,3813
460,2021-05-28,63,3857,3920
460,2021-05-29,23,2743,2766
460,2021-05-30,26,2215,2241
460,2021-05-31,47,4274,4321
460,2021-06-01,66,4348,4414
460,2021-06-02,57,4304,4361
460,2021-06-03,78,4330,4408
460,2021-06-04,54,4265,4319
460,2021-06-05,11,2246,2257
460,2021-06-06,16,1670,1686
460,2021-06-07,50,4151,4201
460,2021-06-08,183,4339,4522
460,2021-06-09,53,4444,4497
460,2021-06-10,51,4556,4607
460,2021-06-11,62,4532,4594
460,2021-06-12,38,3012,3050
460,2021-06-13,12,2437,2449
460,2021-06-14,42,4124,4166
460,2021-06-15,37,4420,4457
460,2021-06-16,62,4292,4354
460,2021-06-17,68,4489,4557
460,2021-06-18,45,4311,4356
460,2021-06-19,30,2530,2560
460,2021-06-20,4,1857,1861
460,2021-06-21,55,4129,4184
460,2021-06-22,66,4182,4248
460,2021-06-23,35,1680,1715
460,2021-06-24,86,4055,4141
460,2021-06-25,67,4264,4331
460,2021-06-26,24,2475,2499
460,2021-06-27,4,1692,1696
460,2021-06-28,60,4082,4142
460,2021-06-29,42,4256,4298
460,2021-06-30,53,4325,4378
460,2021-07-01,55,4580,4635
460,2021-07-02,63,4565,4628
460,2021-07-03,41,2475,2516
460,2021-07-04,8,1675,1683
460,2021-07-05,42,4233,4275
460,2021-07-06,38,4496,4534
460,2021-07-07,39,4425,4464
460,2021-07-08,28,4505,4533
460,2021-07-09,42,4461,4503
460,2021-07-10,12,2534,2546
460,2021-07-11,8,2081,2089
460,2021-07-12,49,4103,4152
460,2021-07-13,29,4027,4056
460,2021-07-14,41,3668,3709
460,2021-07-15,38,4350,4388
460,2021-07-16,23,4170,4193
460,2021-07-17,29,2242,2271
460,2021-07-18,15,1880,1895
460,2021-07-19,40,3801,3841
460,2021-07-20,51,3929,3980
460,2021-07-21,61,3894,3955
460,2021-07-22,75,4129,4204
460,2021-07-23,59,4028,4087
460,2021-07-24,14,1918,1932
460,2021-07-25,17,1564,1581
460,2021-07-26,42,3539,3581
460,2021-07-27,76,3751,3827
460,2021-07-28,39,3557,3596
460,2021-07-29,31,3652,3683
460,2021-07-30,36,3554,3590
460,2021-07-31,29,2148,2177
460,2021-08-01,24,1796,1820
460,2021-08-02,33,3208,3241
460,2021-08-03,39,3217,3256
460,2021-08-04,29,3135,3164
460,2021-08-05,34,3224,3258
460,2021-08-06,17,3057,3074
460,2021-08-07,24,1945,1969
460,2021-08-08,10,1622,1632
460,2021-08-09,28,2889,2917
460,2021-08-10,23,2953,2976
460,2021-08-11,24,3092,3116
460,2021-08-12,31,3183,3214
460,2021-08-13,31,3272,3303
460,2021-08-14,56,2179,2235
460,2021-08-15,51,1933,1984
460,2021-08-16,42,2838,2880
460,2021-08-17,36,2953,2989
460,2021-08-18,23,2876,2899
460,2021-08-19,39,3045,3084
460,2021-08-20,29,3006,3035
460,2021-08-21,45,2046,2091
460,2021-08-22,7,1439,1446
460,2021-08-23,32,3029,3061
460,2021-08-24,36,3225,3261
460,2021-08-25,63,3279,3342
460,2021-08-26,47,3226,3273
460,2021-08-27,36,3025,3061
460,2021-08-28,64,1829,1893
460,2021-08-29,5,1431,1436
460,2021-08-30,41,3207,3248
460,2021-08-31,45,3583,3628
460,2021-09-01,41,3754,3795
460,2021-09-02,28,3868,3896
460,2021-09-03,33,3838,3871
460,2021-09-04,29,2195,2224
460,2021-09-05,12,1802,1814
460,2021-09-06,46,3656,3702
460,2021-09-07,45,3862,3907
460,2021-09-08,38,3874,3912
460,2021-09-09,91,3919,4010
460,2021-09-10,45,4030,4075
460,2021-09-11,40,2788,2828
460,2021-09-12,88,1891,1979
460,2021-09-13,39,3762,3801
460,2021-09-14,50,3724,3774
460,2021-09-15,38,3814,3852
460,2021-09-16,74,4040,4114
460,2021-09-17,83,3980,4063
460,2021-09-18,99,2400,2499
460,2021-09-19,15,1955,1970
460,2021-09-20,62,3784,3846
460,2021-09-21,59,4124,4183
460,2021-09-22,61,4160,4221
460,2021-09-23,69,4177,4246
460,2021-09-24,76,4223,4299
460,2021-09-25,43,2655,2698
460,2021-09-26,9,1688,1697
460,2021-09-27,58,3904,3962
460,2021-09-28,39,4225,4264
460,2021-09-29,50,4243,4293
460,2021-09-30,47,4333,4380
460,2021-10-01,62,4155,4217
460,2021-10-02,23,2401,2424
460,2021-10-03,5,1525,1530
460,2021-10-04,41,3973,4014
460,2021-10-05,53,4152,4205
460,2021-10-06,46,4092,4138
460,2021-10-07,44,4385,4429
460,2021-10-08,56,4296,4352
460,2021-10-09,37,2322,2359
460,2021-10-10,9,1932,1941
460,2021-10-11,42,3969,4011
460,2021-10-12,45,4158,4203
460,2021-10-13,52,4282,4334
460,2021-10-14,64,4427,4491
460,2021-10-15,62,4282,4344
460,2021-10-16,24,2304,2328
460,2021-10-17,11,1783,1794
460,2021-10-18,72,4098,4170
460,2021-10-19,57,4224,4281
460,2021-10-20,44,4140,4184
460,2021-10-21,48,3957,4005
460,2021-10-22,66,4061,4127
460,2021-10-23,23,2254,2277
460,2021-10-24,6,2118,2124
460,2021-10-25,57,3956,4013
460,2021-10-26,48,3963,4011
460,2021-10-27,65,4076,4141
460,2021-10-28,35,4166,4201
460,2021-10-29,142,4153,4295
460,2021-10-30,18,2020,2038
460,2021-11-01,2,1447,1449
460,2021-11-02,38,3794,3832
460,2021-11-03,51,4083,4134
460,2021-11-04,44,4300,4344
460,2021-11-05,38,4077,4115
460,2021-11-06,26,2119,2145
460,2021-11-07,8,1501,1509
460,2021-11-08,44,3980,4024
460,2021-11-09,55,4226,4281
460,2021-11-10,58,4311,4369
460,2021-11-11,55,4379,4434
460,2021-11-12,42,4143,4185
460,2021-11-13,27,2158,2185
460,2021-11-14,29,1597,1626
460,2021-11-15,55,4123,4178
460,2021-11-16,67,4385,4452
460,2021-11-17,68,4197,4265
460,2021-11-18,74,4428,4502
460,2021-11-19,48,4247,4295
460,2021-11-20,23,2183,2206
460,2021-11-21,3,1411,1414
460,2021-11-22,54,3860,3914
460,2021-11-23,49,4255,4304
460,2021-11-24,48,4398,4446
460,2021-11-25,48,4421,4469
460,2021-11-26,48,4185,4233
460,2021-11-27,23,2073,2096
460,2021-11-28,9,1288,1297
460,2021-11-29,52,3973,4025
460,2021-11-30,41,4284,4325
460,2021-12-01,42,4194,4236
460,2021-12-02,49,4264,4313
460,2021-12-03,38,4086,4124
460,2021-12-04,10,2224,2234
460,2021-12-05,5,1527,1532
460,2021-12-06,61,3686,3747
460,2021-12-07,45,4038,4083
460,2021-12-08,45,4195,4240
460,2021-12-09,64,4281,4345
460,2021-12-10,72,4001,4073
460,2021-12-11,22,2115,2137
463,2021-01-01,74,2844,2918
463,2021-01-02,335,4866,5201
463,2021-01-03,99,3689,3788
463,2021-01-04,565,7148,7713
463,2021-01-05,626,7570,8196
463,2021-01-06,581,7276,7857
463,2021-01-07,614,7498,8112
463,2021-01-08,665,8055,8720
463,2021-01-09,339,5900,6239
463,2021-01-10,92,4688,4780
463,2021-01-11,837,9339,10176
463,2021-01-12,809,9162,9971
463,2021-01-13,874,9046,9920
463,2021-01-14,762,8439,9201
463,2021-01-15,751,8740,9491
463,2021-01-16,343,6065,6408
463,2021-01-17,106,3733,3839
463,2021-01-18,830,8750,9580
463,2021-01-19,845,9108,9953
463,2021-01-20,878,9261,10139
463,2021-01-21,799,9137,9936
463,2021-01-22,841,9545,10386
463,2021-01-23,332,6558,6890
463,2021-01-24,117,4462,4579
463,2021-01-25,866,9047,9913
463,2021-01-26,868,9211,10079
463,2021-01-27,635,7223,7858
463,2021-01-28,812,9368,10180
463,2021-01-29,891,9803,10694
463,2021-01-30,330,6564,6894
463,2021-01-31,117,4826,4943
463,2021-02-01,888,9686,10574
463,2021-02-02,811,9653,10464
463,2021-02-03,816,9511,10327
463,2021-02-04,896,9974,10870
463,2021-02-05,892,9843,10735
463,2021-02-06,360,6491,6851
463,2021-02-07,104,4682,4786
463,2021-02-08,839,8480,9319
463,2021-02-09,830,8406,9236
463,2021-02-10,771,8782,9553
463,2021-02-11,777,8881,9658
463,2021-02-12,790,9194,9984
463,2021-02-13,365,6735,7100
463,2021-02-14,106,5091,5197
463,2021-02-15,747,8431,9178
463,2021-02-16,738,9107,9845
463,2021-02-17,761,9087,9848
463,2021-02-18,759,8982,9741
463,2021-02-19,815,9468,10283
463,2021-02-20,347,7861,8208
463,2021-02-21,101,7608,7709
463,2021-02-22,863,9162,10025
463,2021-02-23,860,9841,10701
463,2021-02-24,914,9920,10834
463,2021-02-25,852,10150,11002
463,2021-02-26,862,10058,10920
463,2021-02-27,355,7790,8145
463,2021-02-28,120,6141,6261
463,2021-03-01,950,9620,10570
463,2021-03-02,894,9926,10820
463,2021-03-03,833,9640,10473
463,2021-03-04,873,9659,10532
463,2021-03-05,907,9914,10821
463,2021-03-06,362,7523,7885
463,2021-03-07,108,6228,6336
463,2021-03-08,956,9490,10446
463,2021-03-09,950,9766,10716
463,2021-03-10,943,9862,10805
463,2021-03-11,819,9610,10429
463,2021-03-12,896,10201,11097
463,2021-03-13,377,6536,6913
463,2021-03-14,119,4804,4923
463,2021-03-15,909,9506,10415
463,2021-03-17,947,9688,10635
463,2021-03-18,869,10010,10879
463,2021-03-19,952,10547,11499
463,2021-03-20,402,7775,8177
463,2021-03-21,106,5094,5200
463,2021-03-22,965,9621,10586
463,2021-03-23,939,10074,11013
463,2021-03-24,1087,10505,11592
463,2021-03-25,1168,10140,11308
463,2021-03-26,1106,10761,11867
463,2021-03-27,376,6909,7285
463,2021-03-29,1056,10256,11312
463,2021-03-30,1042,10672,11714
463,2021-03-31,963,10773,11736
463,2021-04-01,934,10731,11665
463,2021-04-02,972,11224,12196
463,2021-04-03,398,7968,8366
463,2021-04-04,98,6261,6359
463,2021-04-05,106,4348,4454
463,2021-04-06,863,9475,10338
463,2021-04-07,820,9510,10330
463,2021-04-08,910,10036,10946
463,2021-04-09,950,10572,11522
463,2021-04-10,366,6547,6913
463,2021-04-11,155,4728,4883
463,2021-04-12,881,9657,10538
463,2021-04-13,972,10243,11215
463,2021-04-14,964,10098,11062
463,2021-04-15,895,10460,11355
463,2021-04-16,984,10143,11127
463,2021-04-17,377,7979,8356
463,2021-04-18,108,5410,5518
463,2021-04-19,1016,9547,10563
463,2021-04-20,1055,10205,11260
463,2021-04-21,1043,10225,11268
463,2021-04-22,1048,10272,11320
463,2021-04-23,1012,11336,12348
463,2021-04-24,383,9495,9878
463,2021-04-25,134,8468,8602
463,2021-04-26,998,10339,11337
463,2021-04-27,1015,10820,11835
463,2021-04-28,1078,10962,12040
463,2021-04-29,1042,11106,12148
463,2021-04-30,965,11864,12829
463,2021-05-01,149,6914,7063
463,2021-05-02,154,6608,6762
463,2021-05-03,881,10908,11789
463,2021-05-04,938,10947,11885
463,2021-05-05,898,10943,11841
463,2021-05-06,943,10948,11891
463,2021-05-07,968,11719,12687
463,2021-05-08,390,9107,9497
463,2021-05-09,146,9780,9926
463,2021-05-10,928,10291,11219
463,2021-05-11,986,10758,11744
463,2021-05-12,941,11517,12458
463,2021-05-13,147,6544,6691
463,2021-05-14,884,10643,11527
463,2021-05-15,410,7783,8193
463,2021-05-16,141,5999,6140
463,2021-05-17,936,9864,10800
463,2021-05-18,900,10491,11391
463,2021-05-19,954,10360,11314
463,2021-05-20,980,11064,12044
463,2021-05-21,1017,11253,12270
463,2021-05-22,422,7676,8098
463,2021-05-23,122,6355,6477
463,2021-05-24,120,5383,5503
463,2021-05-25,973,9710,10683
463,2021-05-26,996,9981,10977
463,2021-05-27,937,10474,11411
463,2021-05-28,958,11122,12080
463,2021-05-29,391,9291,9682
463,2021-05-30,128,9281,9409
463,2021-05-31,1004,11433,12437
463,2021-06-01,1108,11557,12665
463,2021-06-02,912,11474,12386
463,2021-06-03,931,11367,12298
463,2021-06-04,898,11490,12388
463,2021-06-05,395,8366,8761
463,2021-06-06,115,6699,6814
463,2021-06-07,894,10841,11735
463,2021-06-08,927,11316,12243
463,2021-06-09,955,11402,12357
463,2021-06-10,913,11928,12841
463,2021-06-11,891,12485,13376
463,2021-06-12,410,9786,10196
463,2021-06-13,128,9783,9911
463,2021-06-14,914,11086,12000
463,2021-06-15,944,11144,12088
463,2021-06-16,977,11302,12279
463,2021-06-17,912,11743,12655
463,2021-06-18,1003,11512,12515
463,2021-06-19,397,8697,9094
463,2021-06-20,129,6549,6678
463,2021-06-21,936,10909,11845
463,2021-06-22,951,10966,11917
463,2021-06-23,149,6554,6703
463,2021-06-24,969,10133,11102
463,2021-06-25,954,11535,12489
463,2021-06-26,423,9136,9559
463,2021-06-27,137,6863,7000
463,2021-06-28,1017,10680,11697
463,2021-06-29,926,11003,11929
463,2021-06-30,983,11397,12380
463,2021-07-01,881,11305,12186
463,2021-07-02,1010,11961,12971
463,2021-07-03,395,9391,9786
463,2021-07-04,126,6342,6468
463,2021-07-05,892,10424,11316
463,2021-07-06,828,10699,11527
463,2021-07-07,881,11384,12265
463,2021-07-08,842,11132,11974
463,2021-07-09,909,11740,12649
463,2021-07-10,402,9394,9796
463,2021-07-11,122,7568,7690
463,2021-07-12,923,10677,11600
463,2021-07-13,833,10611,11444
463,2021-07-14,727,10408,11135
463,2021-07-15,787,11154,11941
463,2021-07-16,815,11332,12147
463,2021-07-17,395,8808,9203
463,2021-07-18,108,8383,8491
463,2021-07-19,780,10314,11094
463,2021-07-20,876,10474,11350
463,2021-07-21,843,10795,11638
463,2021-07-22,811,10668,11479
463,2021-07-23,841,11437,12278
463,2021-07-24,384,7504,7888
463,2021-07-25,155,6609,6764
463,2021-07-26,810,9880,10690
463,2021-07-28,746,10110,10856
463,2021-07-29,729,10365,11094
463,2021-07-30,691,10516,11207
463,2021-07-31,370,7826,8196
463,2021-08-01,131,6965,7096
463,2021-08-02,603,8745,9348
463,2021-08-03,564,8573,9137
463,2021-08-04,619,9021,9640
463,2021-08-05,601,8818,9419
463,2021-08-06,640,8939,9579
463,2021-08-07,358,6959,7317
463,2021-08-08,113,5979,6092
463,2021-08-09,634,8274,8908
463,2021-08-10,627,8472,9099
463,2021-08-11,580,8763,9343
463,2021-08-12,568,9309,9877
463,2021-08-13,647,9401,10048
463,2021-08-14,357,8676,9033
463,2021-08-15,109,8363,8472
463,2021-08-16,579,7857,8436
463,2021-08-17,653,7971,8624
463,2021-08-18,638,8329,8967
463,2021-08-19,569,8501,9070
463,2021-08-20,639,9192,9831
463,2021-08-21,387,7876,8263
463,2021-08-22,133,5913,6046
463,2021-08-23,657,8779,9436
463,2021-08-24,675,9443,10118
463,2021-08-25,651,9830,10481
463,2021-08-26,666,9423,10089
463,2021-08-27,713,9946,10659
463,2021-08-28,380,7162,7542
463,2021-08-29,155,6410,6565
463,2021-08-30,802,9445,10247
463,2021-08-31,847,9989,10836
463,2021-09-01,819,10079,10898
463,2021-09-02,833,10311,11144
463,2021-09-03,840,10924,11764
463,2021-09-04,396,8878,9274
463,2021-09-05,122,8296,8418
463,2021-09-06,811,9936,10747
463,2021-09-07,908,10531,11439
463,2021-09-08,875,10960,11835
463,2021-09-09,856,10468,11324
463,2021-09-10,879,10991,11870
463,2021-09-11,371,7653,8024
463,2021-09-12,146,7284,7430
463,2021-09-13,802,10611,11413
463,2021-09-14,852,10570,11422
463,2021-09-15,874,10816,11690
463,2021-09-16,856,11055,11911
463,2021-09-17,930,11365,12295
463,2021-09-18,388,9410,9798
463,2021-09-19,123,8133,8256
463,2021-09-20,886,10575,11461
463,2021-09-21,893,11265,12158
463,2021-09-22,898,11128,12026
463,2021-09-23,952,11717,12669
463,2021-09-24,999,12075,13074
463,2021-09-25,441,9489,9930
463,2021-09-26,137,6732,6869
463,2021-09-27,913,10758,11671
463,2021-09-28,977,11165,12142
463,2021-09-29,957,10629,11586
463,2021-09-30,905,11232,12137
463,2021-10-01,984,11598,12582
463,2021-10-02,392,8525,8917
463,2021-10-03,101,6222,6323
463,2021-10-04,909,10840,11749
463,2021-10-05,908,10722,11630
463,2021-10-06,862,10690,11552
463,2021-10-07,897,11348,12245
463,2021-10-08,956,12275,13231
463,2021-10-09,404,10331,10735
463,2021-10-10,113,8812,8925
463,2021-10-11,916,10533,11449
463,2021-10-12,898,10765,11663
463,2021-10-13,888,10564,11452
463,2021-10-14,851,11372,12223
463,2021-10-15,957,11450,12407
463,2021-10-16,403,8827,9230
463,2021-10-17,108,6979,7087
463,2021-10-18,1151,11420,12571
463,2021-10-19,1033,11062,12095
463,2021-10-20,1072,11000,12072
463,2021-10-21,1117,10747,11864
463,2021-10-22,983,11554,12537
463,2021-10-23,402,8514,8916
463,2021-10-24,122,8188,8310
463,2021-10-25,1004,11224,12228
463,2021-10-26,1052,11694,12746
463,2021-10-27,968,11285,12253
463,2021-10-28,921,11232,12153
463,2021-10-29,945,11570,12515
463,2021-10-30,375,7733,8108
463,2021-11-01,105,5704,5809
463,2021-11-02,849,10482,11331
463,2021-11-03,844,10353,11197
463,2021-11-04,879,11077,11956
463,2021-11-05,881,11164,12045
463,2021-11-06,415,8185,8600
463,2021-11-07,116,5811,5927
463,2021-11-08,885,10699,11584
463,2021-11-09,913,11304,12217
463,2021-11-10,959,11073,12032
463,2021-11-11,838,11208,12046
463,2021-11-12,947,11225,12172
463,2021-11-13,335,7918,8253
463,2021-11-14,113,6061,6174
463,2021-11-15,907,10280,11187
463,2021-11-16,872,10678,11550
463,2021-11-17,911,10486,11397
463,2021-11-18,901,11330,12231
463,2021-11-19,914,11314,12228
463,2021-11-20,391,8167,8558
463,2021-11-21,110,5721,5831
463,2021-11-22,940,10312,11252
463,2021-11-23,878,10774,11652
463,2021-11-24,876,10567,11443
463,2021-11-25,890,10878,11768
463,2021-11-26,853,11165,12018
463,2021-11-27,347,7701,8048
463,2021-11-28,120,5449,5569
463,2021-11-29,884,10306,11190
463,2021-11-30,868,10699,11567
463,2021-12-01,758,10593,11351
463,2021-12-02,830,10655,11485
463,2021-12-03,916,11187,12103
463,2021-12-04,377,8022,8399
463,2021-12-05,87,5638,5725
463,2021-12-06,830,10166,10996
463,2021-12-07,881,10845,11726
463,2021-12-08,867,10608,11475
463,2021-12-09,821,10734,11555
463,2021-12-10,871,10761,11632
463,2021-12-11,400,7872,8272
463,2021-12-12,105,5534,5639
463,2021-12-13,858,10133,10991
463,2021-12-14,893,10612,11505
463,2021-12-15,905,10671,11576
463,2021-12-16,794,11130,11924
463,2021-12-17,804,11506,12310
463,2021-12-18,361,7789,8150
463,2021-12-19,129,5495,5624
463,2021-12-20,607,9250,9857
463,2021-12-21,626,9516,10142
463,2021-12-22,564,9240,9804
463,2021-12-23,559,8919,9478
463,2021-12-24,401,7261,7662
463,2021-12-25,78,4211,4289
463,2021-12-26,113,4156,4269
463,2021-12-27,456,6675,7131
463,2021-12-28,435,6972,7407
463,2021-12-29,442,7193,7635
463,2021-12-30,420,7638,8058
463,2021-12-31,399,6941,7340
464,2021-01-01,16,1516,1532
464,2021-01-02,41,2938,2979
464,2021-01-03,20,2327,2347
464,2021-01-04,174,3762,3936
464,2021-01-05,227,3810,4037
464,2021-01-06,214,3902,4116
464,2021-01-07,198,3977,4175
464,2021-01-08,229,4157,4386
464,2021-01-09,59,3313,3372
464,2021-01-10,23,3211,3234
464,2021-01-11,213,4745,4958
464,2021-01-12,213,4572,4785
464,2021-01-13,230,4567,4797
464,2021-01-14,242,4418,4660
464,2021-01-15,214,4778,4992
464,2021-01-16,50,3115,3165
464,2021-01-17,30,2046,2076
464,2021-01-18,261,4619,4880
464,2021-01-19,249,4785,5034
464,2021-01-20,285,4756,5041
464,2021-01-21,268,4860,5128
464,2021-01-22,272,5043,5315
464,2021-01-23,65,3559,3624
464,2021-01-24,27,2991,3018
464,2021-01-25,253,4591,4844
464,2021-01-26,262,4845,5107
464,2021-01-27,271,4689,4960
464,2021-01-28,236,5095,5331
464,2021-01-29,284,5363,5647
464,2021-01-30,35,3602,3637
464,2021-01-31,14,2456,2470
464,2021-02-01,246,3059,3305
464,2021-02-02,249,3113,3362
464,2021-02-03,294,3148,3442
464,2021-02-04,252,3497,3749
464,2021-02-05,282,2921,3203
464,2021-02-06,31,1881,1912
464,2021-02-07,14,1890,1904
464,2021-02-08,210,3247,3457
464,2021-02-09,247,3756,4003
464,2021-02-10,250,4176,4426
464,2021-02-11,245,4523,4768
464,2021-02-12,274,4786,5060
464,2021-02-13,53,3988,4041
464,2021-02-14,13,3689,3702
464,2021-02-15,236,4322,4558
464,2021-02-16,281,4907,5188
464,2021-02-17,294,4657,4951
464,2021-02-18,305,4746,5051
464,2021-02-19,315,5085,5400
464,2021-02-20,63,4980,5043
464,2021-02-21,35,6692,6727
464,2021-02-22,319,4728,5047
464,2021-02-23,298,5212,5510
464,2021-02-24,326,5249,5575
464,2021-02-25,324,5568,5892
464,2021-02-26,326,4981,5307
464,2021-02-27,59,4669,4728
464,2021-02-28,32,5214,5246
464,2021-03-01,323,5296,5619
464,2021-03-02,321,5718,6039
464,2021-03-03,297,5500,5797
464,2021-03-04,293,5315,5608
464,2021-03-05,283,5332,5615
464,2021-03-06,79,4512,4591
464,2021-03-07,29,4877,4906
464,2021-03-08,321,5257,5578
464,2021-03-09,381,5449,5830
464,2021-03-10,366,5312,5678
464,2021-03-11,356,5545,5901
464,2021-03-12,343,5471,5814
464,2021-03-13,91,3642,3733
464,2021-03-14,36,3069,3105
464,2021-03-15,307,5324,5631
464,2021-03-16,322,5448,5770
464,2021-03-17,339,5184,5523
464,2021-03-18,325,5672,5997
464,2021-03-19,388,5691,6079
464,2021-03-20,75,4825,4900
464,2021-03-21,31,3658,3689
464,2021-03-22,353,5279,5632
464,2021-03-23,360,5869,6229
464,2021-03-24,341,5929,6270
464,2021-03-25,317,5665,5982
464,2021-03-26,356,6085,6441
464,2021-03-27,139,3789,3928
464,2021-03-29,339,6042,6381
464,2021-03-30,325,6394,6719
464,2021-03-31,321,6605,6926
464,2021-04-01,407,6579,6986
464,2021-04-02,372,6746,7118
464,2021-04-03,106,4702,4808
464,2021-04-04,23,4164,4187
464,2021-04-05,32,2275,2307
464,2021-04-06,351,5581,5932
464,2021-04-07,389,5509,5898
464,2021-04-08,333,6090,6423
464,2021-04-09,379,6146,6525
464,2021-04-10,86,3671,3757
464,2021-04-11,30,2673,2703
464,2021-04-12,352,5760,6112
464,2021-04-13,348,6111,6459
464,2021-04-14,363,6064,6427
464,2021-04-15,383,6203,6586
464,2021-04-16,400,6243,6643
464,2021-04-17,107,5291,5398
464,2021-04-18,26,4027,4053
464,2021-04-19,380,5730,6110
464,2021-04-20,360,6285,6645
464,2021-04-21,364,6224,6588
464,2021-04-22,352,6484,6836
464,2021-04-23,342,6848,7190
464,2021-04-24,113,6747,6860
464,2021-04-25,46,7921,7967
464,2021-04-26,347,6345,6692
464,2021-04-27,315,6693,7008
464,2021-04-28,342,6612,6954
464,2021-04-29,344,6495,6839
464,2021-04-30,345,6872,7217
464,2021-05-01,48,5410,5458
464,2021-05-02,42,5958,6000
464,2021-05-03,286,6418,6704
464,2021-05-04,306,5943,6249
464,2021-05-05,321,6036,6357
464,2021-05-06,279,5954,6233
464,2021-05-07,355,6573,6928
464,2021-05-08,116,6319,6435
464,2021-05-09,68,9361,9429
464,2021-05-10,307,5797,6104
464,2021-05-11,332,5959,6291
464,2021-05-12,369,6843,7212
464,2021-05-13,41,5625,5666
464,2021-05-14,316,6211,6527
464,2021-05-15,118,5176,5294
464,2021-05-17,318,5876,6194
464,2021-05-18,332,6212,6544
464,2021-05-19,343,6001,6344
464,2021-05-20,290,6561,6851
464,2021-05-21,417,6556,6973
464,2021-05-22,126,5103,5229
464,2021-05-23,30,6067,6097
464,2021-05-24,66,4115,4181
464,2021-05-25,352,5971,6323
464,2021-05-26,338,5825,6163
464,2021-05-27,357,6389,6746
464,2021-05-28,319,7341,7660
464,2021-05-29,111,7264,7375
464,2021-05-30,47,9068,9115
464,2021-05-31,325,7025,7350
464,2021-06-01,366,7802,8168
464,2021-06-02,417,7204,7621
464,2021-06-03,363,7858,8221
464,2021-06-04,376,7181,7557
464,2021-06-05,106,5046,5152
464,2021-06-06,46,5965,6011
464,2021-06-07,336,6059,6395
464,2021-06-08,313,6653,6966
464,2021-06-09,397,7169,7566
464,2021-06-10,365,7413,7778
464,2021-06-11,353,7891,8244
464,2021-06-12,102,7336,7438
464,2021-06-13,56,9735,9791
464,2021-06-14,362,6824,7186
464,2021-06-15,338,7257,7595
464,2021-06-16,393,7355,7748
464,2021-06-17,382,7501,7883
464,2021-06-18,388,7017,7405
464,2021-06-19,98,6768,6866
464,2021-06-20,43,6028,6071
464,2021-06-21,415,6437,6852
464,2021-06-22,358,6364,6722
464,2021-06-23,60,4628,4688
464,2021-06-24,370,6219,6589
464,2021-06-25,373,7233,7606
464,2021-06-26,89,6740,6829
464,2021-06-27,47,6110,6157
464,2021-06-28,304,6203,6507
464,2021-06-29,330,6126,6456
464,2021-06-30,338,6291,6629
464,2021-07-01,338,6611,6949
464,2021-07-02,393,7306,7699
464,2021-07-03,92,6641,6733
464,2021-07-04,50,4920,4970
464,2021-07-05,350,6102,6452
464,2021-07-06,340,6097,6437
464,2021-07-07,343,6974,7317
464,2021-07-08,291,6471,6762
464,2021-07-09,383,7244,7627
464,2021-07-10,84,6401,6485
464,2021-07-11,65,6922,6987
464,2021-07-12,359,6181,6540
464,2021-07-13,253,5772,6025
464,2021-07-14,370,6174,6544
464,2021-07-15,280,5801,6081
464,2021-07-16,350,6510,6860
464,2021-07-17,91,5450,5541
464,2021-07-18,28,8011,8039
464,2021-07-19,279,6550,6829
464,2021-07-20,286,7052,7338
464,2021-07-21,265,7341,7606
464,2021-07-22,291,7584,7875
464,2021-07-23,324,7790,8114
464,2021-07-24,131,4842,4973
464,2021-07-25,50,5524,5574
464,2021-07-26,259,5996,6255
464,2021-07-27,250,5970,6220
464,2021-07-28,334,6086,6420
464,2021-07-29,261,6867,7128
464,2021-07-30,268,7008,7276
464,2021-07-31,69,5897,5966
464,2021-08-01,23,6908,6931
464,2021-08-02,207,5288,5495
464,2021-08-03,178,5464,5642
464,2021-08-04,184,5880,6064
464,2021-08-05,193,5742,5935
464,2021-08-06,207,5766,5973
464,2021-08-07,64,4851,4915
464,2021-08-08,61,5077,5138
464,2021-08-09,203,5537,5740
464,2021-08-10,192,5801,5993
464,2021-08-11,192,6525,6717
464,2021-08-12,205,7177,7382
464,2021-08-13,245,7268,7513
464,2021-08-14,70,7823,7893
464,2021-08-15,46,9737,9783
464,2021-08-16,201,5060,5261
464,2021-08-17,175,5214,5389
464,2021-08-18,212,5280,5492
464,2021-08-19,202,5588,5790
464,2021-08-20,213,6351,6564
464,2021-08-21,65,7032,7097
464,2021-08-22,51,4725,4776
464,2021-08-23,263,5550,5813
464,2021-08-24,239,6495,6734
464,2021-08-25,256,7038,7294
464,2021-08-26,248,5914,6162
464,2021-08-27,276,6241,6517
464,2021-08-28,74,4788,4862
464,2021-08-29,45,4736,4781
464,2021-08-30,273,5558,5831
464,2021-08-31,271,6131,6402
464,2021-09-01,285,6421,6706
464,2021-09-02,282,6561,6843
464,2021-09-03,317,6940,7257
464,2021-09-04,89,6755,6844
464,2021-09-05,58,8628,8686
464,2021-09-06,303,6378,6681
464,2021-09-07,301,6733,7034
464,2021-09-08,329,7104,7433
464,2021-09-09,303,6233,6536
464,2021-09-10,302,6816,7118
464,2021-09-11,20,2585,2605
464,2021-09-12,40,6676,6716
464,2021-09-13,307,6539,6846
464,2021-09-14,277,6224,6501
464,2021-09-15,305,6010,6315
464,2021-09-16,299,6504,6803
464,2021-09-17,343,6713,7056
464,2021-09-18,79,6500,6579
464,2021-09-19,43,6872,6915
464,2021-09-20,309,6218,6527
464,2021-09-21,296,6704,7000
464,2021-09-22,303,6631,6934
464,2021-09-23,341,6967,7308
464,2021-09-24,323,7061,7384
464,2021-09-25,93,6450,6543
464,2021-09-26,32,2841,2873
464,2021-09-27,368,6090,6458
464,2021-09-28,340,6408,6748
464,2021-09-29,364,6408,6772
464,2021-09-30,346,6768,7114
464,2021-10-01,385,7028,7413
464,2021-10-02,87,5687,5774
464,2021-10-03,30,3881,3911
464,2021-10-04,377,6340,6717
464,2021-10-05,410,6475,6885
464,2021-10-06,367,6394,6761
464,2021-10-07,375,6729,7104
464,2021-10-08,369,7300,7669
464,2021-10-09,122,6643,6765
464,2021-10-10,70,7279,7349
464,2021-10-11,362,6303,6665
464,2021-10-12,320,6344,6664
464,2021-10-13,376,6583,6959
464,2021-10-14,375,7009,7384
464,2021-10-15,389,6948,7337
464,2021-10-16,86,5845,5931
464,2021-10-17,52,5764,5816
464,2021-10-18,356,6533,6889
464,2021-10-19,414,6689,7103
464,2021-10-20,373,6255,6628
464,2021-10-21,334,6353,6687
464,2021-10-22,391,6495,6886
464,2021-10-23,99,5424,5523
464,2021-10-24,41,6782,6823
464,2021-10-25,343,6105,6448
464,2021-10-26,311,6030,6341
464,2021-10-27,303,5926,6229
464,2021-10-28,312,6533,6845
464,2021-10-29,331,6898,7229
464,2021-10-30,60,4292,4352
465,2021-01-01,19,1094,1113
465,2021-01-02,63,2187,2250
465,2021-01-03,26,1973,1999
465,2021-01-04,141,2550,2691
465,2021-01-05,157,2591,2748
465,2021-01-06,145,2676,2821
465,2021-01-07,152,2785,2937
465,2021-01-08,186,2790,2976
465,2021-01-09,77,2482,2559
465,2021-01-10,31,2525,2556
465,2021-01-11,258,3237,3495
465,2021-01-12,278,3004,3282
465,2021-01-13,302,3168,3470
465,2021-01-14,286,2961,3247
465,2021-01-15,259,3295,3554
465,2021-01-16,110,2509,2619
465,2021-01-17,57,1637,1694
465,2021-01-18,296,3233,3529
465,2021-01-19,312,3318,3630
465,2021-01-20,274,3323,3597
465,2021-01-21,308,3391,3699
465,2021-01-22,267,3728,3995
465,2021-01-23,131,2882,3013
465,2021-01-24,51,2503,2554
465,2021-01-25,298,3110,3408
465,2021-01-26,313,3424,3737
465,2021-01-27,292,3079,3371
465,2021-01-28,289,3437,3726
465,2021-01-29,283,3788,4071
465,2021-01-30,130,3396,3526
465,2021-02-02,305,3388,3693
465,2021-02-03,299,3257,3556
465,2021-02-04,289,3608,3897
465,2021-02-05,328,3736,4064
465,2021-02-06,128,3047,3175
465,2021-02-07,50,2280,2330
465,2021-02-08,267,2709,2976
465,2021-02-09,302,2798,3100
465,2021-02-10,289,3103,3392
465,2021-02-11,274,3269,3543
465,2021-02-12,274,3625,3899
465,2021-02-13,126,3190,3316
465,2021-02-14,51,3122,3173
465,2021-02-15,249,3059,3308
465,2021-02-16,291,3371,3662
465,2021-02-17,313,3243,3556
465,2021-02-18,290,3448,3738
465,2021-02-19,279,3690,3969
465,2021-02-20,129,3522,3651
465,2021-02-21,59,4122,4181
465,2021-02-22,334,3475,3809
465,2021-02-23,312,3778,4090
465,2021-02-24,348,3698,4046
465,2021-02-25,346,4111,4457
465,2021-02-26,309,4082,4391
465,2021-02-27,162,3884,4046
465,2021-02-28,55,4077,4132
465,2021-03-02,366,3753,4119
465,2021-03-03,336,3807,4143
465,2021-03-04,355,3629,3984
465,2021-03-05,291,3803,4094
465,2021-03-06,153,3296,3449
465,2021-03-07,51,3565,3616
465,2021-03-08,341,3485,3826
465,2021-03-09,358,3573,3931
465,2021-03-10,330,3696,4026
465,2021-03-11,311,3564,3875
465,2021-03-12,333,3786,4119
465,2021-03-13,121,2866,2987
465,2021-03-14,50,2694,2744
465,2021-03-15,317,3651,3968
465,2021-03-16,347,3524,3871
465,2021-03-17,366,3610,3976
465,2021-03-18,362,3877,4239
465,2021-03-19,329,3978,4307
465,2021-03-20,143,3451,3594
465,2021-03-21,48,3082,3130
465,2021-03-22,353,3479,3832
465,2021-03-23,354,3727,4081
465,2021-03-25,333,3875,4208
465,2021-03-26,309,4240,4549
465,2021-03-27,175,2939,3114
465,2021-03-29,370,4080,4450
465,2021-03-30,336,4276,4612
465,2021-03-31,334,4461,4795
465,2021-04-02,249,4891,5140
465,2021-04-03,143,3428,3571
465,2021-04-04,55,2489,2544
465,2021-04-05,61,2072,2133
465,2021-04-06,269,3551,3820
465,2021-04-07,301,3614,3915
465,2021-04-08,315,3789,4104
465,2021-04-09,306,4219,4525
465,2021-04-10,156,2839,2995
465,2021-04-11,48,2605,2653
465,2021-04-12,311,3591,3902
465,2021-04-13,299,3803,4102
465,2021-04-14,311,3752,4063
465,2021-04-15,338,4078,4416
465,2021-04-16,329,4155,4484
465,2021-04-17,169,3398,3567
465,2021-04-18,52,3222,3274
465,2021-04-19,370,3703,4073
465,2021-04-20,340,4095,4435
465,2021-04-21,349,3958,4307
465,2021-04-22,380,4302,4682
465,2021-04-23,349,4522,4871
465,2021-04-24,168,4172,4340
465,2021-04-25,66,4280,4346
465,2021-04-26,334,3906,4240
465,2021-04-27,350,4511,4861
465,2021-04-28,328,4371,4699
465,2021-04-29,337,4568,4905
465,2021-04-30,318,5148,5466
465,2021-05-01,68,3806,3874
465,2021-05-02,67,4320,4387
465,2021-05-03,349,4314,4663
465,2021-05-04,322,3955,4277
465,2021-05-05,346,4256,4602
465,2021-05-06,338,4080,4418
465,2021-05-07,321,4595,4916
465,2021-05-08,153,3922,4075
465,2021-05-09,54,5159,5213
465,2021-05-10,379,3783,4162
465,2021-05-11,378,4098,4476
465,2021-05-12,430,4501,4931
465,2021-05-13,74,3599,3673
465,2021-05-14,334,4437,4771
465,2021-05-15,171,3363,3534
465,2021-05-16,69,3632,3701
465,2021-05-17,349,3999,4348
465,2021-05-18,385,4018,4403
465,2021-05-19,400,4206,4606
465,2021-05-20,384,4496,4880
465,2021-05-21,408,4787,5195
465,2021-05-22,194,3475,3669
465,2021-05-23,56,3513,3569
465,2021-05-24,66,3149,3215
465,2021-05-25,379,3938,4317
465,2021-05-26,356,3901,4257
465,2021-05-27,379,4273,4652
465,2021-05-28,351,4806,5157
465,2021-05-29,218,4244,4462
465,2021-05-30,74,5334,5408
465,2021-05-31,389,4435,4824
465,2021-06-01,407,4784,5191
465,2021-06-02,412,4663,5075
465,2021-06-03,309,5291,5600
465,2021-06-04,415,4722,5137
465,2021-06-05,215,3686,3901
465,2021-06-06,63,3868,3931
465,2021-06-07,383,3953,4336
465,2021-06-08,363,4339,4702
465,2021-06-09,410,4505,4915
465,2021-06-10,400,4638,5038
465,2021-06-11,421,4926,5347
465,2021-06-12,207,4227,4434
465,2021-06-13,75,5000,5075
465,2021-06-14,385,4347,4732
465,2021-06-15,376,4658,5034
465,2021-06-16,404,4790,5194
465,2021-06-17,342,4736,5078
465,2021-06-18,379,4518,4897
465,2021-06-19,208,4107,4315
465,2021-06-20,56,3753,3809
465,2021-06-21,401,4109,4510
465,2021-06-22,401,4125,4526
465,2021-06-23,116,3120,3236
465,2021-06-24,419,4324,4743
465,2021-06-25,411,4861,5272
465,2021-06-26,190,3913,4103
465,2021-06-27,54,4126,4180
465,2021-06-28,411,4290,4701
465,2021-06-29,349,3944,4293
465,2021-06-30,393,4408,4801
465,2021-07-01,407,4503,4910
465,2021-07-02,419,4926,5345
465,2021-07-03,200,4414,4614
465,2021-07-04,60,3617,3677
465,2021-07-05,368,4086,4454
465,2021-07-06,358,4338,4696
465,2021-07-07,386,4554,4940
465,2021-07-08,354,4340,4694
465,2021-07-09,397,4759,5156
465,2021-07-10,193,3977,4170
465,2021-07-11,76,4412,4488
465,2021-07-12,400,3940,4340
465,2021-07-13,335,4040,4375
465,2021-07-14,305,4041,4346
465,2021-07-15,326,4604,4930
465,2021-07-16,337,4538,4875
465,2021-07-17,189,3778,3967
465,2021-07-18,71,4680,4751
465,2021-07-19,341,4259,4600
465,2021-07-20,326,4480,4806
465,2021-07-21,327,4486,4813
465,2021-07-22,357,4783,5140
465,2021-07-23,399,4817,5216
465,2021-07-24,175,3059,3234
465,2021-07-25,72,3439,3511
465,2021-07-26,330,3999,4329
465,2021-07-27,364,3630,3994
465,2021-07-28,333,4042,4375
465,2021-07-29,294,4344,4638
465,2021-07-30,215,4624,4839
465,2021-07-31,121,3725,3846
465,2021-08-01,63,4277,4340
465,2021-08-02,219,3343,3562
465,2021-08-03,195,3429,3624
465,2021-08-04,196,3740,3936
465,2021-08-05,173,3677,3850
465,2021-08-06,202,3829,4031
465,2021-08-07,120,3183,3303
465,2021-08-08,47,3333,3380
465,2021-08-09,182,3376,3558
465,2021-08-10,188,3552,3740
465,2021-08-11,197,3788,3985
465,2021-08-12,194,4007,4201
465,2021-08-13,215,4062,4277
465,2021-08-14,108,3881,3989
465,2021-08-15,52,4822,4874
465,2021-08-16,188,3069,3257
465,2021-08-17,230,3167,3397
465,2021-08-18,184,3219,3403
465,2021-08-19,209,3266,3475
465,2021-08-20,221,3596,3817
465,2021-08-21,106,3347,3453
465,2021-08-22,53,2945,2998
465,2021-08-23,229,3313,3542
465,2021-08-24,222,3613,3835
465,2021-08-25,230,3597,3827
465,2021-08-26,225,3631,3856
465,2021-08-27,247,4105,4352
465,2021-08-28,99,3235,3334
465,2021-08-29,43,3430,3473
465,2021-08-30,227,3579,3806
465,2021-08-31,234,3866,4100
465,2021-09-01,236,3886,4122
465,2021-09-02,278,4031,4309
465,2021-09-03,249,4372,4621
465,2021-09-04,122,3846,3968
465,2021-09-05,48,4730,4778
465,2021-09-06,275,3681,3956
465,2021-09-07,252,4065,4317
465,2021-09-08,285,3989,4274
465,2021-09-09,244,3814,4058
465,2021-09-10,255,4432,4687
465,2021-09-11,145,4881,5026
465,2021-09-12,35,4025,4060
465,2021-09-13,253,3933,4186
465,2021-09-14,293,3935,4228
465,2021-09-15,260,3975,4235
465,2021-09-16,257,4241,4498
465,2021-09-17,327,4312,4639
465,2021-09-18,109,3830,3939
465,2021-09-19,58,4090,4148
465,2021-09-20,295,3999,4294
465,2021-09-21,289,4258,4547
465,2021-09-22,281,4256,4537
465,2021-09-23,285,4298,4583
465,2021-09-24,261,4606,4867
465,2021-09-25,140,4017,4157
465,2021-09-26,41,3940,3981
465,2021-09-27,309,3717,4026
465,2021-09-28,275,4085,4360
465,2021-09-29,290,4210,4500
465,2021-09-30,296,4398,4694
465,2021-10-01,312,4621,4933
465,2021-10-02,132,4302,4434
465,2021-10-03,33,3760,3793
465,2021-10-04,263,3730,3993
465,2021-10-05,280,3931,4211
465,2021-10-06,283,4017,4300
465,2021-10-07,300,4103,4403
465,2021-10-08,296,4612,4908
465,2021-10-09,140,4454,4594
465,2021-10-10,58,4965,5023
465,2021-10-11,314,3812,4126
465,2021-10-12,274,3957,4231
465,2021-10-13,246,4128,4374
465,2021-10-14,258,4324,4582
465,2021-10-15,344,4556,4900
465,2021-10-16,130,4038,4168
465,2021-10-17,51,4193,4244
465,2021-10-18,297,3968,4265
465,2021-10-19,284,4085,4369
465,2021-10-20,255,4161,4416
465,2021-10-21,266,3871,4137
465,2021-10-22,272,4644,4916
465,2021-10-23,136,3645,3781
465,2021-10-24,46,4173,4219
465,2021-10-25,254,3748,4002
465,2021-10-26,253,3734,3987
465,2021-10-27,280,4029,4309
465,2021-10-28,265,4032,4297
465,2021-10-29,266,4786,5052
465,2021-10-30,113,3489,3602
465,2021-11-01,50,3415,3465
465,2021-11-02,236,3647,3883
465,2021-11-03,245,3548,3793
465,2021-11-04,230,3648,3878
465,2021-11-05,269,3969,4238
465,2021-11-06,117,3125,3242
465,2021-11-07,40,2884,2924
465,2021-11-08,240,3405,3645
465,2021-11-09,281,3802,4083
465,2021-11-10,257,3949,4206
465,2021-11-11,261,3866,4127
465,2021-11-12,270,4121,4391
465,2021-11-13,107,3192,3299
465,2021-11-14,41,3235,3276
465,2021-11-15,270,3543,3813
465,2021-11-16,251,3846,4097
465,2021-11-17,264,3802,4066
465,2021-11-18,261,3858,4119
465,2021-11-19,268,3948,4216
465,2021-11-20,121,3307,3428
465,2021-11-21,36,2747,2783
465,2021-11-22,280,3527,3807
465,2021-11-23,307,3837,4144
465,2021-11-24,273,3765,4038
465,2021-11-25,256,3821,4077
465,2021-11-26,295,3923,4218
465,2021-11-27,106,3281,3387
465,2021-11-28,34,2748,2782
465,2021-11-29,265,3714,3979
465,2021-11-30,228,3725,3953
465,2021-12-01,220,4004,4224
465,2021-12-02,242,3925,4167
465,2021-12-03,267,4275,4542
465,2021-12-04,86,3271,3357
465,2021-12-05,36,3257,3293
465,2021-12-06,225,3376,3601
465,2021-12-07,244,3735,3979
465,2021-12-08,223,3636,3859
465,2021-12-09,245,3663,3908
465,2021-12-10,256,3811,4067
465,2021-12-11,123,3244,3367
465,2021-12-12,28,2807,2835
465,2021-12-13,247,3449,3696
465,2021-12-14,238,3626,3864
465,2021-12-15,247,3860,4107
465,2021-12-16,261,3790,4051
465,2021-12-17,201,4256,4457
465,2021-12-18,105,3085,3190
465,2021-12-19,39,3048,3087
465,2021-12-20,163,3208,3371
465,2021-12-21,164,3485,3649
465,2021-12-22,177,3233,3410
465,2021-12-23,151,3521,3672
465,2021-12-24,90,2418,2508
465,2021-12-25,16,1373,1389
465,2021-12-26,19,1738,1757
465,2021-12-27,115,2518,2633
465,2021-12-28,111,2881,2992
465,2021-12-29,113,3008,3121
465,2021-12-30,107,3434,3541
465,2021-12-31,103,2834,2937
469,2021-01-01,55,4031,4086
469,2021-01-02,241,7067,7308
469,2021-01-03,104,5351,5455
469,2021-01-04,809,12566,13375
469,2021-01-05,994,13316,14310
469,2021-01-06,1038,13342,14380
469,2021-01-07,1035,13694,14729
469,2021-01-08,1041,14279,15320
469,2021-01-09,429,8644,9073
469,2021-01-10,114,5803,5917
469,2021-01-11,1232,16040,17272
469,2021-01-12,1262,16262,17524
469,2021-01-13,1250,16200,17450
469,2021-01-14,1147,15095,16242
469,2021-01-15,1105,15663,16768
469,2021-01-16,458,9790,10248
469,2021-01-17,130,5520,5650
469,2021-01-18,1240,15918,17158
469,2021-01-19,1305,16692,17997
469,2021-01-20,1361,16914,18275
469,2021-01-21,1295,16740,18035
469,2021-01-22,1181,17440,18621
469,2021-01-23,490,11042,11532
469,2021-01-24,127,6239,6366
469,2021-01-25,1272,16745,18017
469,2021-01-26,1350,17187,18537
469,2021-01-27,1237,15886,17123
469,2021-01-28,1221,16944,18165
469,2021-01-29,1274,17636,18910
469,2021-01-30,451,10932,11383
469,2021-01-31,136,6272,6408
469,2021-02-01,1276,16320,17596
469,2021-02-02,1307,16952,18259
469,2021-02-03,1345,16297,17642
469,2021-02-04,1379,17509,18888
469,2021-02-05,1239,17651,18890
469,2021-02-06,498,11098,11596
469,2021-02-07,109,6346,6455
469,2021-02-08,1298,15580,16878
469,2021-02-09,1378,16224,17602
469,2021-02-10,1372,16263,17635
469,2021-02-11,1427,16713,18140
469,2021-02-12,1186,17138,18324
469,2021-02-13,557,11282,11839
469,2021-02-14,128,6622,6750
469,2021-02-15,1399,15925,17324
469,2021-02-16,1405,16808,18213
469,2021-02-17,1414,16611,18025
469,2021-02-18,1391,16625,18016
469,2021-02-19,1269,17405,18674
469,2021-02-20,506,10938,11444
469,2021-02-21,177,7616,7793
469,2021-02-22,1311,17140,18451
469,2021-02-23,1388,17953,19341
469,2021-02-24,1469,17284,18753
469,2021-02-25,1354,17900,19254
469,2021-02-26,1348,18576,19924
469,2021-02-27,607,11915,12522
469,2021-02-28,168,7427,7595
469,2021-03-01,1375,17064,18439
469,2021-03-02,1460,17687,19147
469,2021-03-03,1417,17534,18951
469,2021-03-04,1449,17887,19336
469,2021-03-05,1481,18470,19951
469,2021-03-06,597,11914,12511
469,2021-03-07,143,7414,7557
469,2021-03-08,1524,17143,18667
469,2021-03-09,1490,17546,19036
469,2021-03-10,1534,17429,18963
469,2021-03-11,1470,17420,18890
469,2021-03-12,1390,18539,19929
469,2021-03-13,533,11244,11777
469,2021-03-14,142,6435,6577
469,2021-03-15,1416,16952,18368
469,2021-03-16,1441,17491,18932
469,2021-03-17,1454,17410,18864
469,2021-03-18,1502,18085,19587
469,2021-03-19,1447,18229,19676
469,2021-03-20,601,11946,12547
469,2021-03-21,160,6902,7062
469,2021-03-22,1443,17046,18489
469,2021-03-23,1540,17810,19350
469,2021-03-24,1518,17622,19140
469,2021-03-25,1504,18167,19671
469,2021-03-26,1441,18434,19875
469,2021-03-27,565,11899,12464
469,2021-03-29,1476,17264,18740
469,2021-03-30,1518,18223,19741
469,2021-03-31,1505,18149,19654
469,2021-04-01,1516,19035,20551
469,2021-04-02,1432,19083,20515
469,2021-04-03,527,12073,12600
469,2021-04-04,90,7315,7405
469,2021-04-05,191,6263,6454
469,2021-04-06,1540,16636,18176
469,2021-04-07,1519,16337,17856
469,2021-04-08,1513,17046,18559
469,2021-04-09,1443,17484,18927
469,2021-04-10,548,10372,10920
469,2021-04-11,118,5779,5897
469,2021-04-12,1449,16390,17839
469,2021-04-13,1546,16587,18133
469,2021-04-14,1564,16990,18554
469,2021-04-15,1506,16909,18415
469,2021-04-16,1421,17472,18893
469,2021-04-17,603,11479,12082
469,2021-04-18,137,6775,6912
469,2021-04-19,1388,17178,18566
469,2021-04-20,1483,17697,19180
469,2021-04-21,1536,17342,18878
469,2021-04-22,1541,17964,19505
469,2021-04-23,1417,18507,19924
469,2021-04-24,570,12110,12680
469,2021-04-25,147,7845,7992
469,2021-04-26,1423,17199,18622
469,2021-04-27,1609,18305,19914
469,2021-04-28,1587,18210,19797
469,2021-04-29,1473,18926,20399
469,2021-04-30,1514,19650,21164
469,2021-05-01,280,8078,8358
469,2021-05-02,160,7688,7848
469,2021-05-03,1534,17518,19052
469,2021-05-04,1562,17981,19543
469,2021-05-05,1548,17870,19418
469,2021-05-06,1576,18126,19702
469,2021-05-07,1533,19255,20788
469,2021-05-08,571,12348,12919
469,2021-05-09,139,7557,7696
469,2021-05-10,1514,17409,18923
469,2021-05-11,1516,17905,19421
469,2021-05-12,1563,18652,20215
469,2021-05-13,280,7256,7536
469,2021-05-14,1078,15582,16660
469,2021-05-15,515,11364,11879
469,2021-05-16,171,7214,7385
469,2021-05-17,1358,17321,18679
469,2021-05-18,1355,18004,19359
469,2021-05-19,1483,17720,19203
469,2021-05-20,1498,18475,19973
469,2021-05-21,1432,18760,20192
469,2021-05-22,630,12216,12846
469,2021-05-23,148,7064,7212
469,2021-05-24,216,6174,6390
469,2021-05-25,1353,16388,17741
469,2021-05-26,1274,16026,17300
469,2021-05-27,1340,16523,17863
469,2021-05-28,1283,17583,18866
469,2021-05-29,511,11276,11787
469,2021-05-30,177,8024,8201
469,2021-05-31,1409,17601,19010
469,2021-06-01,1461,18789,20250
469,2021-06-02,1468,18060,19528
469,2021-06-03,1362,18247,19609
469,2021-06-04,1306,18080,19386
469,2021-06-05,602,12114,12716
469,2021-06-06,154,8082,8236
469,2021-06-07,1342,17242,18584
469,2021-06-08,1445,17890,19335
469,2021-06-09,1483,17720,19203
469,2021-06-10,1435,18321,19756
469,2021-06-11,1471,19039,20510
469,2021-06-12,610,12686,13296
469,2021-06-13,188,8858,9046
469,2021-06-14,1468,17152,18620
469,2021-06-15,1463,18472,19935
469,2021-06-16,1513,17786,19299
469,2021-06-17,1477,18344,19821
469,2021-06-18,1310,18675,19985
469,2021-06-19,656,12351,13007
469,2021-06-20,161,7685,7846
469,2021-06-21,1360,17112,18472
469,2021-06-22,1413,18131,19544
469,2021-06-23,410,7833,8243
469,2021-06-24,1466,18193,19659
469,2021-06-25,1397,18169,19566
469,2021-06-26,602,12284,12886
469,2021-06-27,178,7990,8168
469,2021-06-28,1360,17456,18816
469,2021-06-29,1392,17935,19327
469,2021-06-30,1439,17802,19241
469,2021-07-01,1435,18221,19656
469,2021-07-02,1443,18426,19869
469,2021-07-03,676,12564,13240
469,2021-07-04,180,7658,7838
469,2021-07-05,1359,17533,18892
469,2021-07-06,1400,17950,19350
469,2021-07-07,1550,17418,18968
469,2021-07-08,1382,18123,19505
469,2021-07-09,1445,18524,19969
469,2021-07-10,570,12195,12765
469,2021-07-11,195,8555,8750
469,2021-07-12,1408,17279,18687
469,2021-07-13,1304,17395,18699
469,2021-07-14,1296,16614,17910
469,2021-07-15,1301,17620,18921
469,2021-07-16,1316,18532,19848
469,2021-07-17,616,12173,12789
469,2021-07-18,232,8368,8600
469,2021-07-19,1280,16823,18103
469,2021-07-20,1471,17156,18627
469,2021-07-21,1347,17082,18429
469,2021-07-22,1527,19033,20560
469,2021-07-23,1526,18820,20346
469,2021-07-24,605,10827,11432
469,2021-07-25,203,7435,7638
469,2021-07-26,1356,16241,17597
469,2021-07-27,1391,16032,17423
469,2021-07-28,1283,16860,18143
469,2021-07-29,1211,17464,18675
469,2021-07-30,1101,16715,17816
469,2021-07-31,526,11006,11532
469,2021-08-01,245,7680,7925
469,2021-08-02,957,13819,14776
469,2021-08-03,997,14137,15134
469,2021-08-04,1049,14538,15587
469,2021-08-05,1060,14725,15785
469,2021-08-06,923,14512,15435
469,2021-08-07,491,9717,10208
469,2021-08-08,190,6743,6933
469,2021-08-09,987,13304,14291
469,2021-08-10,1030,13750,14780
469,2021-08-11,1011,13935,14946
469,2021-08-12,1015,14374,15389
469,2021-08-13,987,14632,15619
469,2021-08-14,538,9777,10315
469,2021-08-15,223,7065,7288
469,2021-08-16,1035,13052,14087
469,2021-08-17,1075,14072,15147
469,2021-08-18,1011,13881,14892
469,2021-08-19,1024,14152,15176
469,2021-08-20,980,14736,15716
469,2021-08-21,496,9768,10264
469,2021-08-22,190,6852,7042
469,2021-08-23,1123,15067,16190
469,2021-08-24,1173,15962,17135
469,2021-08-25,1344,15753,17097
469,2021-08-26,1329,16195,17524
469,2021-08-27,1176,16142,17318
469,2021-08-28,503,10106,10609
469,2021-08-29,166,7085,7251
469,2021-08-30,1204,15425,16629
469,2021-08-31,1360,16170,17530
469,2021-09-01,1382,16364,17746
469,2021-09-02,1392,16572,17964
469,2021-09-03,1253,16973,18226
469,2021-09-04,604,10976,11580
469,2021-09-05,184,7967,8151
469,2021-09-06,1272,15936,17208
469,2021-09-07,1375,16447,17822
469,2021-09-08,1419,16598,18017
469,2021-09-09,1399,16921,18320
469,2021-09-10,1297,16975,18272
469,2021-09-11,555,10932,11487
469,2021-09-12,183,8388,8571
469,2021-09-13,1380,16896,18276
469,2021-09-14,1400,17828,19228
469,2021-09-15,1389,17519,18908
469,2021-09-16,1605,18960,20565
469,2021-09-17,1527,18307,19834
469,2021-09-18,638,11543,12181
469,2021-09-19,202,8650,8852
469,2021-09-20,1371,17142,18513
469,2021-09-21,1474,18163,19637
469,2021-09-22,1514,17409,18923
469,2021-09-23,1491,18393,19884
469,2021-09-24,1466,18512,19978
469,2021-09-25,659,11489,12148
469,2021-09-26,201,7537,7738
469,2021-09-27,1412,17147,18559
469,2021-09-28,1510,18171,19681
469,2021-09-29,1455,18017,19472
469,2021-09-30,1509,18678,20187
469,2021-10-01,1482,18913,20395
469,2021-10-02,599,12626,13225
469,2021-10-03,164,8011,8175
469,2021-10-04,1479,17293,18772
469,2021-10-05,1487,18023,19510
469,2021-10-06,1434,17835,19269
469,2021-10-07,1441,18449,19890
469,2021-10-08,1509,18933,20442
469,2021-10-09,657,12641,13298
469,2021-10-10,190,8692,8882
469,2021-10-11,1437,17517,18954
469,2021-10-12,1587,18025,19612
469,2021-10-13,1590,17918,19508
469,2021-10-14,1563,18544,20107
469,2021-10-15,1480,18986,20466
469,2021-10-16,654,15096,15750
469,2021-10-17,197,8499,8696
469,2021-10-18,1431,17501,18932
469,2021-10-19,1452,18114,19566
469,2021-10-20,1459,17861,19320
469,2021-10-21,1502,18117,19619
469,2021-10-22,1358,18577,19935
469,2021-10-23,625,12486,13111
469,2021-10-24,161,8651,8812
469,2021-10-25,1445,17423,18868
469,2021-10-26,1452,18072,19524
469,2021-10-27,1550,17833,19383
469,2021-10-28,1409,18421,19830
469,2021-10-29,1419,18576,19995
469,2021-10-30,601,12025,12626
469,2021-11-01,176,7179,7355
469,2021-11-02,1429,16722,18151
469,2021-11-03,1463,16489,17952
469,2021-11-04,1549,17125,18674
469,2021-11-05,1455,17433,18888
469,2021-11-06,579,11406,11985
469,2021-11-07,169,7568,7737
469,2021-11-08,1413,17142,18555
469,2021-11-09,1541,17779,19320
469,2021-11-10,1537,17765,19302
469,2021-11-11,1307,17948,19255
469,2021-11-12,1376,18393,19769
469,2021-11-13,589,12354,12943
469,2021-11-14,142,8107,8249
469,2021-11-15,1454,17223,18677
469,2021-11-16,1505,17965,19470
469,2021-11-17,1513,17633,19146
469,2021-11-18,1472,18029,19501
469,2021-11-19,1369,18220,19589
469,2021-11-20,601,12421,13022
469,2021-11-21,154,7828,7982
469,2021-11-22,1349,16841,18190
469,2021-11-23,1504,18044,19548
469,2021-11-24,1509,17611,19120
469,2021-11-25,1424,17974,19398
469,2021-11-26,1362,18193,19555
469,2021-11-27,560,11773,12333
469,2021-11-28,145,7771,7916
469,2021-11-29,1369,16827,18196
469,2021-11-30,1353,17254,18607
469,2021-12-01,1429,17069,18498
469,2021-12-02,1406,17795,19201
469,2021-12-03,1423,18298,19721
469,2021-12-04,509,12106,12615
469,2021-12-05,159,7813,7972
469,2021-12-06,1463,16568,18031
469,2021-12-07,1435,17582,19017
469,2021-12-08,1412,17143,18555
469,2021-12-09,1496,17877,19373
469,2021-12-10,1360,17568,18928
469,2021-12-11,531,12390,12921
469,2021-12-12,140,7836,7976
469,2021-12-13,1400,16837,18237
469,2021-12-14,1461,17872,19333
469,2021-12-15,1598,17704,19302
469,2021-12-16,1418,18602,20020
469,2021-12-17,1199,18707,19906
469,2021-12-18,504,11872,12376
469,2021-12-19,192,7615,7807
469,2021-12-20,1039,15763,16802
469,2021-12-21,1081,16437,17518
469,2021-12-22,1048,15847,16895
469,2021-12-23,973,15957,16930
469,2021-12-24,579,12560,13139
469,2021-12-25,66,6214,6280
469,2021-12-26,70,5780,5850
469,2021-12-27,659,11439,12098
469,2021-12-28,668,11685,12353
469,2021-12-29,673,11931,12604
469,2021-12-30,633,12330,12963
469,2021-12-31,473,10912,11385
470,2021-01-01,29,2128,2157
470,2021-01-02,113,3431,3544
470,2021-01-03,43,2842,2885
470,2021-01-04,337,5636,5973
470,2021-01-05,345,6003,6348
470,2021-01-06,369,6028,6397
470,2021-01-07,385,6247,6632
470,2021-01-08,381,6237,6618
470,2021-01-09,146,4221,4367
470,2021-01-10,48,2943,2991
470,2021-01-11,591,7922,8513
470,2021-01-12,557,8232,8789
470,2021-01-13,544,7892,8436
470,2021-01-14,472,7521,7993
470,2021-01-15,453,7535,7988
470,2021-01-16,156,4619,4775
470,2021-01-17,47,2921,2968
470,2021-01-18,597,7669,8266
470,2021-01-19,584,8036,8620
470,2021-01-20,588,8067,8655
470,2021-01-21,588,8437,9025
470,2021-01-22,556,8526,9082
470,2021-01-23,138,5121,5259
470,2021-01-24,49,3062,3111
470,2021-01-25,481,8233,8714
470,2021-01-26,626,8140,8766
470,2021-01-27,513,7790,8303
470,2021-01-28,553,8454,9007
470,2021-01-29,568,8646,9214
470,2021-01-30,145,5096,5241
470,2021-01-31,53,3162,3215
470,2021-02-02,568,8440,9008
470,2021-02-03,604,8359,8963
470,2021-02-04,531,8584,9115
470,2021-02-05,526,8558,9084
470,2021-02-06,159,5268,5427
470,2021-02-07,55,3171,3226
470,2021-02-08,589,7556,8145
470,2021-02-09,554,7506,8060
470,2021-02-10,604,7689,8293
470,2021-02-11,566,7719,8285
470,2021-02-12,533,8067,8600
470,2021-02-13,181,5137,5318
470,2021-02-14,62,3256,3318
470,2021-02-15,657,7339,7996
470,2021-02-16,669,8005,8674
470,2021-02-17,604,7844,8448
470,2021-02-18,561,7721,8282
470,2021-02-19,576,8158,8734
470,2021-02-20,175,5528,5703
470,2021-02-21,63,4181,4244
470,2021-02-22,734,8506,9240
470,2021-02-23,614,8582,9196
470,2021-02-24,673,8540,9213
470,2021-02-25,619,8873,9492
470,2021-02-26,633,8890,9523
470,2021-02-27,229,5692,5921
470,2021-02-28,59,3886,3945
470,2021-03-01,633,8654,9287
470,2021-03-02,669,8970,9639
470,2021-03-03,648,8928,9576
470,2021-03-04,626,8899,9525
470,2021-03-05,712,9116,9828
470,2021-03-06,233,5932,6165
470,2021-03-07,51,3964,4015
470,2021-03-08,750,8634,9384
470,2021-03-09,775,8789,9564
470,2021-03-10,798,8578,9376
470,2021-03-11,720,8993,9713
470,2021-03-12,753,9324,10077
470,2021-03-13,195,5837,6032
470,2021-03-14,60,3298,3358
470,2021-03-15,765,8770,9535
470,2021-03-16,703,9118,9821
470,2021-03-17,635,8861,9496
470,2021-03-18,663,9042,9705
470,2021-03-19,655,9032,9687
470,2021-03-20,234,5949,6183
470,2021-03-21,46,3485,3531
470,2021-03-22,668,8510,9178
470,2021-03-23,668,9185,9853
470,2021-03-24,697,9092,9789
470,2021-03-25,656,9094,9750
470,2021-03-26,635,9321,9956
470,2021-03-27,178,5822,6000
470,2021-03-29,685,8954,9639
470,2021-03-30,645,9462,10107
470,2021-03-31,672,9166,9838
470,2021-04-01,736,9613,10349
470,2021-04-02,705,9682,10387
470,2021-04-03,246,5858,6104
470,2021-04-04,47,3604,3651
470,2021-04-05,77,2988,3065
470,2021-04-06,618,7531,8149
470,2021-04-07,550,7238,7788
470,2021-04-08,568,7538,8106
470,2021-04-09,568,7942,8510
470,2021-04-10,168,4721,4889
470,2021-04-11,41,2786,2827
470,2021-04-12,617,7454,8071
470,2021-04-13,576,7357,7933
470,2021-04-14,567,7530,8097
470,2021-04-15,580,7667,8247
470,2021-04-16,585,8092,8677
470,2021-04-17,223,5764,5987
470,2021-04-18,55,3566,3621
470,2021-04-19,712,8540,9252
470,2021-04-20,746,9047,9793
470,2021-04-21,722,8799,9521
470,2021-04-22,769,9361,10130
470,2021-04-23,753,9525,10278
470,2021-04-24,232,6319,6551
470,2021-04-25,53,4132,4185
470,2021-04-26,729,9122,9851
470,2021-04-27,845,9412,10257
470,2021-04-28,844,9465,10309
470,2021-04-29,875,9756,10631
470,2021-04-30,845,10135,10980
470,2021-05-01,85,4014,4099
470,2021-05-02,75,3776,3851
470,2021-05-03,896,9074,9970
470,2021-05-04,943,9878,10821
470,2021-05-05,910,9179,10089
470,2021-05-06,880,9559,10439
470,2021-05-07,911,9532,10443
470,2021-05-08,254,6053,6307
470,2021-05-09,75,4231,4306
470,2021-05-10,902,8927,9829
470,2021-05-11,904,9528,10432
470,2021-05-12,819,9806,10625
470,2021-05-13,89,3858,3947
470,2021-05-14,501,8296,8797
470,2021-05-15,184,5787,5971
470,2021-05-16,65,3620,3685
470,2021-05-17,818,9475,10293
470,2021-05-18,734,9557,10291
470,2021-05-19,701,9093,9794
470,2021-05-20,724,9614,10338
470,2021-05-21,722,9736,10458
470,2021-05-22,254,6330,6584
470,2021-05-23,67,3653,3720
470,2021-05-24,121,3308,3429
470,2021-05-25,758,8332,9090
470,2021-05-26,400,6998,7398
470,2021-05-27,518,7426,7944
470,2021-05-28,506,8131,8637
470,2021-05-29,241,5702,5943
470,2021-05-30,82,4284,4366
470,2021-05-31,776,9370,10146
470,2021-06-01,777,9888,10665
470,2021-06-02,784,9792,10576
470,2021-06-03,740,9799,10539
470,2021-06-04,774,9092,9866
470,2021-06-05,315,6233,6548
470,2021-06-06,65,4282,4347
470,2021-06-07,711,9566,10277
470,2021-06-08,816,9816,10632
470,2021-06-09,775,10242,11017
470,2021-06-10,707,10213,10920
470,2021-06-11,704,10268,10972
470,2021-06-12,236,6550,6786
470,2021-06-13,81,4940,5021
470,2021-06-14,715,9529,10244
470,2021-06-15,777,10014,10791
470,2021-06-16,750,9774,10524
470,2021-06-17,780,10254,11034
470,2021-06-18,667,10023,10690
470,2021-06-19,246,6344,6590
470,2021-06-20,69,4140,4209
470,2021-06-21,787,9186,9973
470,2021-06-22,764,9681,10445
470,2021-06-23,145,4054,4199
470,2021-06-24,747,9686,10433
470,2021-06-25,713,9880,10593
470,2021-06-26,249,6460,6709
470,2021-06-27,65,4187,4252
470,2021-06-28,706,9251,9957
470,2021-06-29,827,9972,10799
470,2021-06-30,669,9435,10104
470,2021-07-01,758,9968,10726
470,2021-07-02,749,10313,11062
470,2021-07-03,248,6298,6546
470,2021-07-04,76,4078,4154
470,2021-07-05,752,9638,10390
470,2021-07-06,698,9957,10655
470,2021-07-07,771,9425,10196
470,2021-07-08,772,9973,10745
470,2021-07-09,648,10096,10744
470,2021-07-10,222,6367,6589
470,2021-07-11,64,4371,4435
470,2021-07-12,795,9243,10038
470,2021-07-13,678,9761,10439
470,2021-07-14,731,10011,10742
470,2021-07-15,538,9623,10161
470,2021-07-16,549,9609,10158
470,2021-07-17,249,5923,6172
470,2021-07-18,85,4424,4509
470,2021-07-19,606,8902,9508
470,2021-07-20,667,8864,9531
470,2021-07-21,632,9033,9665
470,2021-07-22,639,9068,9707
470,2021-07-23,700,9110,9810
470,2021-07-24,222,5230,5452
470,2021-07-25,119,3971,4090
470,2021-07-26,605,8264,8869
470,2021-07-27,648,8119,8767
470,2021-07-28,593,8581,9174
470,2021-07-29,498,8610,9108
470,2021-07-30,508,8028,8536
470,2021-07-31,230,5149,5379
470,2021-08-01,113,3837,3950
470,2021-08-02,430,6668,7098
470,2021-08-03,433,6721,7154
470,2021-08-04,413,6593,7006
470,2021-08-05,376,6708,7084
470,2021-08-06,362,6555,6917
470,2021-08-07,168,4590,4758
470,2021-08-08,57,3217,3274
470,2021-08-09,380,6121,6501
470,2021-08-10,437,6357,6794
470,2021-08-11,398,6291,6689
470,2021-08-12,455,6693,7148
470,2021-08-13,429,6747,7176
470,2021-08-14,242,4579,4821
470,2021-08-15,179,3558,3737
470,2021-08-16,429,5830,6259
470,2021-08-17,471,6299,6770
470,2021-08-18,388,6084,6472
470,2021-08-19,399,6310,6709
470,2021-08-20,371,6584,6955
470,2021-08-21,210,4719,4929
470,2021-08-22,54,3346,3400
470,2021-08-23,467,7053,7520
470,2021-08-24,497,7613,8110
470,2021-08-25,598,7680,8278
470,2021-08-26,632,7841,8473
470,2021-08-27,564,7519,8083
470,2021-08-28,214,4783,4997
470,2021-08-29,82,3682,3764
470,2021-08-30,632,7315,7947
470,2021-08-31,556,7311,7867
470,2021-09-01,588,7441,8029
470,2021-09-02,595,7721,8316
470,2021-09-03,512,7860,8372
470,2021-09-04,267,5240,5507
470,2021-09-05,54,3846,3900
470,2021-09-06,521,7220,7741
470,2021-09-07,538,7433,7971
470,2021-09-08,584,7353,7937
470,2021-09-09,542,7404,7946
470,2021-09-10,525,7482,8007
470,2021-09-11,179,5306,5485
470,2021-09-12,89,5020,5109
470,2021-09-13,536,8135,8671
470,2021-09-14,628,8844,9472
470,2021-09-15,655,9163,9818
470,2021-09-16,628,9676,10304
470,2021-09-17,710,9149,9859
470,2021-09-18,294,7365,7659
470,2021-09-19,72,4796,4868
470,2021-09-20,615,9329,9944
470,2021-09-21,693,9741,10434
470,2021-09-22,758,9372,10130
470,2021-09-23,676,9947,10623
470,2021-09-24,673,9901,10574
470,2021-09-25,354,7465,7819
470,2021-09-26,72,4238,4310
470,2021-09-27,660,9306,9966
470,2021-09-28,725,9660,10385
470,2021-09-29,668,9667,10335
470,2021-09-30,643,10049,10692
470,2021-10-01,689,10108,10797
470,2021-10-02,237,6009,6246
470,2021-10-03,51,4103,4154
470,2021-10-04,661,9540,10201
470,2021-10-05,685,10196,10881
470,2021-10-06,685,10182,10867
470,2021-10-07,708,10439,11147
470,2021-10-08,711,10257,10968
470,2021-10-09,295,6502,6797
470,2021-10-10,92,4491,4583
470,2021-10-11,678,9603,10281
470,2021-10-12,692,10155,10847
470,2021-10-13,703,9959,10662
470,2021-10-14,702,10407,11109
470,2021-10-15,669,10296,10965
470,2021-10-16,266,6723,6989
470,2021-10-17,75,4250,4325
470,2021-10-18,643,9661,10304
470,2021-10-19,702,10446,11148
470,2021-10-20,640,9769,10409
470,2021-10-21,704,11138,11842
470,2021-10-22,636,9963,10599
470,2021-10-23,205,6080,6285
470,2021-10-24,79,4474,4553
470,2021-10-25,630,9490,10120
470,2021-10-26,640,9872,10512
470,2021-10-27,599,9186,9785
470,2021-10-28,661,10127,10788
470,2021-10-29,644,9963,10607
470,2021-10-30,199,5760,5959
470,2021-11-01,77,3856,3933
470,2021-11-02,624,8668,9292
470,2021-11-03,605,8585,9190
470,2021-11-04,635,8753,9388
470,2021-11-05,610,8616,9226
470,2021-11-06,237,5539,5776
470,2021-11-07,73,3748,3821
470,2021-11-08,608,9294,9902
470,2021-11-09,700,10077,10777
470,2021-11-10,679,9718,10397
470,2021-11-11,575,9925,10500
470,2021-11-12,679,9992,10671
470,2021-11-13,238,5946,6184
470,2021-11-14,63,4078,4141
470,2021-11-15,708,9397,10105
470,2021-11-16,718,10180,10898
470,2021-11-17,610,9467,10077
470,2021-11-18,616,10010,10626
470,2021-11-19,583,9720,10303
470,2021-11-20,188,6032,6220
470,2021-11-21,72,3696,3768
470,2021-11-22,611,8835,9446
470,2021-11-23,619,9798,10417
470,2021-11-24,628,9456,10084
470,2021-11-25,631,9681,10312
470,2021-11-26,580,10103,10683
470,2021-11-27,203,5636,5839
470,2021-11-28,54,3882,3936
470,2021-11-29,675,9363,10038
470,2021-11-30,652,9536,10188
470,2021-12-01,622,9460,10082
470,2021-12-02,619,9491,10110
470,2021-12-03,614,9599,10213
470,2021-12-04,186,5788,5974
470,2021-12-05,60,3912,3972
470,2021-12-06,679,9007,9686
470,2021-12-07,583,9506,10089
470,2021-12-08,567,9303,9870
470,2021-12-09,600,9654,10254
470,2021-12-10,616,9276,9892
470,2021-12-11,169,5734,5903
470,2021-12-12,51,3852,3903
470,2021-12-13,610,9036,9646
470,2021-12-14,669,9454,10123
470,2021-12-15,618,9384,10002
470,2021-12-16,654,9746,10400
470,2021-12-17,531,9655,10186
470,2021-12-18,168,5439,5607
470,2021-12-19,57,3694,3751
470,2021-12-20,406,7372,7778
470,2021-12-21,425,7643,8068
470,2021-12-22,410,7352,7762
470,2021-12-23,402,7150,7552
470,2021-12-24,209,5830,6039
470,2021-12-25,42,3130,3172
470,2021-12-26,53,2808,2861
470,2021-12-27,269,5079,5348
470,2021-12-28,285,5438,5723
470,2021-12-29,259,5449,5708
470,2021-12-30,273,5679,5952
470,2021-12-31,202,5118,5320
473,2021-01-01,42,2798,2840
473,2021-01-02,107,4851,4958
473,2021-01-03,58,3682,3740
473,2021-01-04,410,7497,7907
473,2021-01-05,431,7782,8213
473,2021-01-06,463,7601,8064
473,2021-01-07,440,7911,8351
473,2021-01-08,454,8198,8652
473,2021-01-09,130,5571,5701
473,2021-01-10,67,4305,4372
473,2021-01-11,637,9667,10304
473,2021-01-12,621,9406,10027
473,2021-01-13,634,9639,10273
473,2021-01-14,548,9163,9711
473,2021-01-15,564,9466,10030
473,2021-01-16,138,6103,6241
473,2021-01-17,61,3555,3616
473,2021-01-18,594,9388,9982
473,2021-01-19,629,9671,10300
473,2021-01-20,679,9726,10405
473,2021-01-21,621,9674,10295
473,2021-01-22,642,10040,10682
473,2021-01-23,134,6542,6676
473,2021-01-24,65,4425,4490
473,2021-01-25,619,9309,9928
473,2021-01-26,707,9609,10316
473,2021-01-27,600,9227,9827
473,2021-01-28,585,9923,10508
473,2021-01-29,624,10147,10771
473,2021-01-30,121,6576,6697
473,2021-01-31,65,4577,4642
473,2021-02-01,640,9805,10445
473,2021-02-02,649,9848,10497
473,2021-02-03,609,9866,10475
473,2021-02-04,666,10286,10952
473,2021-02-05,636,10139,10775
473,2021-02-06,162,6615,6777
473,2021-02-07,61,4534,4595
473,2021-02-08,591,8716,9307
473,2021-02-09,567,9084,9651
473,2021-02-10,593,9236,9829
473,2021-02-11,489,9359,9848
473,2021-02-12,568,9712,10280
473,2021-02-13,139,7049,7188
473,2021-02-14,59,4879,4938
473,2021-02-15,605,8623,9228
473,2021-02-16,696,9536,10232
473,2021-02-17,667,9347,10014
473,2021-02-18,685,9579,10264
473,2021-02-19,686,9588,10274
473,2021-02-20,148,7789,7937
473,2021-02-21,61,6873,6934
473,2021-02-22,708,9380,10088
473,2021-02-23,793,10217,11010
473,2021-02-24,861,10014,10875
473,2021-02-25,809,10393,11202
473,2021-02-26,772,10184,10956
473,2021-02-27,183,7470,7653
473,2021-02-28,69,5959,6028
473,2021-03-01,778,10159,10937
473,2021-03-02,769,10517,11286
473,2021-03-03,731,10424,11155
473,2021-03-04,675,10213,10888
473,2021-03-05,737,10387,11124
473,2021-03-06,152,7583,7735
473,2021-03-07,66,5601,5667
473,2021-03-08,783,9959,10742
473,2021-03-09,763,10190,10953
473,2021-03-10,759,10185,10944
473,2021-03-11,694,9806,10500
473,2021-03-12,744,10741,11485
473,2021-03-13,199,6837,7036
473,2021-03-14,53,4399,4452
473,2021-03-15,687,10013,10700
473,2021-03-16,776,10263,11039
473,2021-03-17,711,10114,10825
473,2021-03-18,689,10580,11269
473,2021-03-19,701,10770,11471
473,2021-03-20,180,7731,7911
473,2021-03-21,68,4753,4821
473,2021-03-22,710,9835,10545
473,2021-03-23,740,10580,11320
473,2021-03-24,755,10654,11409
473,2021-03-25,734,10545,11279
473,2021-03-26,722,10833,11555
473,2021-03-27,188,7184,7372
473,2021-03-29,762,10370,11132
473,2021-03-30,749,10982,11731
473,2021-03-31,792,11052,11844
473,2021-04-01,801,11327,12128
473,2021-04-02,629,10778,11407
473,2021-04-03,184,7634,7818
473,2021-04-04,61,5595,5656
473,2021-04-05,70,3812,3882
473,2021-04-06,741,10127,10868
473,2021-04-07,732,9668,10400
473,2021-04-08,798,10382,11180
473,2021-04-09,808,10708,11516
473,2021-04-10,197,6604,6801
473,2021-04-11,85,5001,5086
473,2021-04-12,793,10124,10917
473,2021-04-13,746,10533,11279
473,2021-04-14,804,10733,11537
473,2021-04-15,797,10643,11440
473,2021-04-16,737,10757,11494
473,2021-04-17,181,8049,8230
473,2021-04-18,63,5067,5130
473,2021-04-19,756,10005,10761
473,2021-04-20,760,10718,11478
473,2021-04-21,798,10752,11550
473,2021-04-22,809,11104,11913
473,2021-04-23,856,11568,12424
473,2021-04-24,194,9047,9241
473,2021-04-25,83,7465,7548
473,2021-04-26,740,10834,11574
473,2021-04-27,754,11436,12190
473,2021-04-28,801,11259,12060
473,2021-04-29,718,11582,12300
473,2021-04-30,755,11682,12437
473,2021-05-01,93,5878,5971
473,2021-05-02,64,5837,5901
473,2021-05-03,781,10799,11580
473,2021-05-04,721,10862,11583
473,2021-05-05,785,10666,11451
473,2021-05-06,739,11096,11835
473,2021-05-07,721,11194,11915
473,2021-05-08,198,8399,8597
473,2021-05-09,65,7741,7806
473,2021-05-10,692,10307,10999
473,2021-05-11,725,10631,11356
473,2021-05-12,780,11720,12500
473,2021-05-13,84,5639,5723
473,2021-05-14,556,10142,10698
473,2021-05-15,191,7543,7734
473,2021-05-16,88,5283,5371
473,2021-05-17,789,10422,11211
473,2021-05-18,744,10582,11326
473,2021-05-19,742,10592,11334
473,2021-05-20,696,11299,11995
473,2021-05-22,345,9110,9455
473,2021-05-23,80,6507,6587
473,2021-05-24,72,4711,4783
473,2021-05-25,704,9950,10654
473,2021-05-26,756,10180,10936
473,2021-05-27,772,10506,11278
473,2021-05-28,749,11143,11892
473,2021-05-29,205,8552,8757
473,2021-05-30,133,7514,7647
473,2021-05-31,755,11237,11992
473,2021-06-01,850,11742,12592
473,2021-06-02,822,11338,12160
473,2021-06-03,639,11305,11944
473,2021-06-04,764,11392,12156
473,2021-06-05,165,7679,7844
473,2021-06-06,71,6038,6109
473,2021-06-07,811,10780,11591
473,2021-06-08,737,11161,11898
473,2021-06-09,781,11450,12231
473,2021-06-10,833,11975,12808
473,2021-06-11,802,12145,12947
473,2021-06-12,184,8791,8975
473,2021-06-13,101,7819,7920
473,2021-06-14,751,11189,11940
473,2021-06-15,796,11490,12286
473,2021-06-16,764,11426,12190
473,2021-06-17,750,11806,12556
473,2021-06-18,728,11620,12348
473,2021-06-19,183,8953,9136
473,2021-06-20,72,6565,6637
473,2021-06-21,695,10863,11558
473,2021-06-22,747,11253,12000
473,2021-06-23,120,6303,6423
473,2021-06-24,733,10665,11398
473,2021-06-25,743,11440,12183
473,2021-06-26,215,9028,9243
473,2021-06-27,90,6680,6770
473,2021-06-28,739,10816,11555
473,2021-06-29,739,10815,11554
473,2021-06-30,758,11251,12009
473,2021-07-01,777,11554,12331
473,2021-07-02,775,11867,12642
473,2021-07-03,199,8941,9140
473,2021-07-04,70,5856,5926
473,2021-07-05,694,10362,11056
473,2021-07-06,700,11270,11970
473,2021-07-07,712,11515,12227
473,2021-07-08,722,11352,12074
473,2021-07-09,657,12014,12671
473,2021-07-10,175,8827,9002
473,2021-07-11,89,6962,7051
473,2021-07-12,748,10831,11579
473,2021-07-13,700,10738,11438
473,2021-07-14,740,10946,11686
473,2021-07-15,604,11256,11860
473,2021-07-16,705,11473,12178
473,2021-07-17,172,7963,8135
473,2021-07-18,62,7246,7308
473,2021-07-19,697,10822,11519
473,2021-07-20,755,11108,11863
473,2021-07-21,762,11296,12058
473,2021-07-22,718,11650,12368
473,2021-07-23,781,11610,12391
473,2021-07-24,216,7511,7727
473,2021-07-25,95,5945,6040
473,2021-07-26,675,10237,10912
473,2021-07-27,695,10216,10911
473,2021-07-28,642,10884,11526
473,2021-07-29,588,11036,11624
473,2021-07-30,581,10994,11575
473,2021-07-31,208,7966,8174
473,2021-08-01,130,6537,6667
473,2021-08-02,544,9042,9586
473,2021-08-03,431,9329,9760
473,2021-08-04,496,9709,10205
473,2021-08-05,486,9756,10242
473,2021-08-06,467,9841,10308
473,2021-08-07,144,7354,7498
473,2021-08-08,81,5563,5644
473,2021-08-09,474,8902,9376
473,2021-08-10,462,9243,9705
473,2021-08-11,501,9784,10285
473,2021-08-12,503,10088,10591
473,2021-08-13,545,10334,10879
473,2021-08-14,208,8804,9012
473,2021-08-15,127,7564,7691
473,2021-08-16,503,8839,9342
473,2021-08-17,468,9096,9564
473,2021-08-18,470,9174,9644
473,2021-08-19,470,9322,9792
473,2021-08-20,461,9946,10407
473,2021-08-21,214,8191,8405
473,2021-08-22,64,5761,5825
473,2021-08-23,687,9404,10091
473,2021-08-24,668,10217,10885
473,2021-08-25,641,10670,11311
473,2021-08-26,619,10106,10725
473,2021-08-27,590,10356,10946
473,2021-08-28,173,7389,7562
473,2021-08-29,76,5650,5726
473,2021-08-30,604,9903,10507
473,2021-08-31,638,10720,11358
473,2021-09-01,670,10981,11651
473,2021-09-02,700,11092,11792
473,2021-09-03,709,11165,11874
473,2021-09-04,178,8655,8833
473,2021-09-05,95,7292,7387
473,2021-09-06,670,11011,11681
473,2021-09-07,641,11221,11862
473,2021-09-08,646,11465,12111
473,2021-09-09,710,11015,11725
473,2021-09-10,680,11588,12268
473,2021-09-11,214,10218,10432
473,2021-09-12,77,8000,8077
473,2021-09-13,712,11287,11999
473,2021-09-14,660,11345,12005
473,2021-09-15,635,11562,12197
473,2021-09-16,732,11942,12674
473,2021-09-17,828,12243,13071
473,2021-09-18,213,9371,9584
473,2021-09-19,87,7524,7611
473,2021-09-20,685,11552,12237
473,2021-09-21,706,12118,12824
473,2021-09-22,762,11953,12715
473,2021-09-23,786,12073,12859
473,2021-09-24,814,12228,13042
473,2021-09-25,328,9649,9977
473,2021-09-26,91,6497,6588
473,2021-09-27,765,11273,12038
473,2021-09-28,710,11760,12470
473,2021-09-29,706,11509,12215
473,2021-09-30,745,12115,12860
473,2021-10-01,766,12072,12838
473,2021-10-02,183,8888,9071
473,2021-10-03,69,5950,6019
473,2021-10-04,680,11097,11777
473,2021-10-05,765,11240,12005
473,2021-10-06,722,11329,12051
473,2021-10-07,694,11724,12418
473,2021-10-08,747,12011,12758
473,2021-10-09,188,9305,9493
473,2021-10-10,97,7701,7798
473,2021-10-11,753,11104,11857
473,2021-10-12,699,11150,11849
473,2021-10-13,700,11257,11957
473,2021-10-14,745,11817,12562
473,2021-10-15,764,11801,12565
473,2021-10-16,163,8535,8698
473,2021-10-17,72,6552,6624
473,2021-10-18,779,10982,11761
473,2021-10-19,786,11268,12054
473,2021-10-20,780,11280,12060
473,2021-10-21,748,11208,11956
473,2021-10-22,736,11525,12261
473,2021-10-23,179,8690,8869
473,2021-10-24,73,7623,7696
473,2021-10-25,702,10494,11196
473,2021-10-26,643,10829,11472
473,2021-10-27,725,10949,11674
473,2021-10-28,721,11516,12237
473,2021-10-29,758,11849,12607
473,2021-10-30,145,7912,8057
473,2021-11-01,62,5433,5495
473,2021-11-02,628,9988,10616
473,2021-11-03,426,7482,7908
473,2021-11-04,438,8104,8542
473,2021-11-05,619,10330,10949
473,2021-11-06,146,7887,8033
473,2021-11-07,67,5084,5151
473,2021-11-08,631,10895,11526
473,2021-11-09,633,11275,11908
473,2021-11-10,683,11362,12045
473,2021-11-11,714,11465,12179
473,2021-11-12,634,11570,12204
473,2021-11-13,130,7637,7767
473,2021-11-14,58,5447,5505
473,2021-11-15,627,10931,11558
473,2021-11-16,646,11265,11911
473,2021-11-17,608,11113,11721
473,2021-11-18,619,11691,12310
473,2021-11-19,639,11650,12289
473,2021-11-20,212,8131,8343
473,2021-11-21,50,5475,5525
473,2021-11-22,609,10927,11536
473,2021-11-23,626,11487,12113
473,2021-11-24,623,11541,12164
473,2021-11-25,630,11694,12324
473,2021-11-26,615,11485,12100
473,2021-11-27,128,7750,7878
473,2021-11-28,45,5285,5330
473,2021-11-29,606,10943,11549
473,2021-11-30,615,11267,11882
473,2021-12-01,591,11307,11898
473,2021-12-02,584,11652,12236
473,2021-12-03,639,11764,12403
473,2021-12-04,143,8097,8240
473,2021-12-05,49,5410,5459
473,2021-12-06,558,10687,11245
473,2021-12-07,635,11440,12075
473,2021-12-08,590,11434,12024
473,2021-12-09,587,11463,12050
473,2021-12-10,586,11396,11982
473,2021-12-11,139,7992,8131
473,2021-12-12,52,5169,5221
473,2021-12-13,623,11139,11762
473,2021-12-14,625,11551,12176
473,2021-12-15,613,11397,12010
473,2021-12-16,608,11918,12526
473,2021-12-17,475,11695,12170
473,2021-12-18,140,7635,7775
473,2021-12-19,55,5492,5547
473,2021-12-20,387,9933,10320
473,2021-12-21,428,10179,10607
473,2021-12-22,379,10121,10500
473,2021-12-23,354,9676,10030
473,2021-12-24,265,7297,7562
473,2021-12-25,32,3801,3833
473,2021-12-26,40,3909,3949
473,2021-12-27,282,7424,7706
473,2021-12-28,311,7589,7900
473,2021-12-29,313,7882,8195
473,2021-12-30,298,8291,8589
473,2021-12-31,251,7051,7302
474,2021-01-02,129,2095,2224
474,2021-01-03,42,1671,1713
474,2021-01-04,204,2620,2824
474,2021-01-05,236,2767,3003
474,2021-01-06,226,2781,3007
474,2021-01-07,238,2779,3017
474,2021-01-08,252,2939,3191
474,2021-01-09,136,2310,2446
474,2021-01-10,39,2211,2250
474,2021-01-11,316,3460,3776
474,2021-01-12,335,3467,3802
474,2021-01-13,313,3459,3772
474,2021-01-14,283,3458,3741
474,2021-01-15,295,3720,4015
474,2021-01-16,127,2224,2351
474,2021-01-17,40,1607,1647
474,2021-01-18,320,3477,3797
474,2021-01-19,312,3630,3942
474,2021-01-20,353,3454,3807
474,2021-01-21,365,3559,3924
474,2021-01-22,375,3821,4196
474,2021-01-23,141,2601,2742
474,2021-01-24,42,2196,2238
474,2021-01-25,365,3444,3809
474,2021-01-26,365,3784,4149
474,2021-01-27,325,3511,3836
474,2021-01-28,359,3737,4096
474,2021-01-29,343,3892,4235
474,2021-01-30,124,2721,2845
474,2021-01-31,31,1928,1959
474,2021-02-01,276,2645,2921
474,2021-02-02,274,2714,2988
474,2021-02-03,242,2756,2998
474,2021-02-04,264,2959,3223
474,2021-02-05,236,2621,2857
474,2021-02-06,16,1268,1284
474,2021-02-07,8,1573,1581
474,2021-02-08,249,2414,2663
474,2021-02-09,285,3020,3305
474,2021-02-10,293,3267,3560
474,2021-02-11,325,3362,3687
474,2021-02-12,317,3530,3847
474,2021-02-13,149,2900,3049
474,2021-02-14,33,2768,2801
474,2021-02-15,308,2982,3290
474,2021-02-16,331,3550,3881
474,2021-02-17,305,3460,3765
474,2021-02-18,300,3467,3767
474,2021-02-19,369,3782,4151
474,2021-02-20,160,3557,3717
474,2021-02-21,60,4770,4830
474,2021-02-22,341,3400,3741
474,2021-02-23,362,3964,4326
474,2021-02-24,364,4018,4382
474,2021-02-25,376,4091,4467
474,2021-02-26,379,3865,4244
474,2021-02-27,163,3260,3423
474,2021-02-28,52,3730,3782
474,2021-03-01,343,3761,4104
474,2021-03-02,398,4103,4501
474,2021-03-03,408,4043,4451
474,2021-03-04,367,3853,4220
474,2021-03-05,413,4061,4474
474,2021-03-06,186,3330,3516
474,2021-03-07,46,3344,3390
474,2021-03-08,473,3850,4323
474,2021-03-09,470,4002,4472
474,2021-03-10,436,3971,4407
474,2021-03-11,386,3902,4288
474,2021-03-12,409,4167,4576
474,2021-03-13,142,2738,2880
474,2021-03-14,40,2383,2423
474,2021-03-15,320,3849,4169
474,2021-03-16,418,3906,4324
474,2021-03-17,352,3865,4217
474,2021-03-18,346,4050,4396
474,2021-03-19,387,4156,4543
474,2021-03-20,160,3474,3634
474,2021-03-21,49,2685,2734
474,2021-03-22,404,3764,4168
474,2021-03-23,423,4272,4695
474,2021-03-24,392,4187,4579
474,2021-03-25,344,4152,4496
474,2021-03-26,382,4282,4664
474,2021-03-27,157,2907,3064
474,2021-03-29,393,4389,4782
474,2021-03-30,368,4767,5135
474,2021-03-31,360,4838,5198
474,2021-04-01,378,4688,5066
474,2021-04-02,347,4933,5280
474,2021-04-03,164,3555,3719
474,2021-04-04,43,3364,3407
474,2021-04-05,52,1966,2018
474,2021-04-06,335,3859,4194
474,2021-04-07,359,3839,4198
474,2021-04-08,351,4374,4725
474,2021-04-09,337,4618,4955
474,2021-04-10,171,2670,2841
474,2021-04-11,37,2024,2061
474,2021-04-12,372,3970,4342
474,2021-04-13,398,4264,4662
474,2021-04-14,379,4163,4542
474,2021-04-15,347,4322,4669
474,2021-04-16,369,4338,4707
474,2021-04-17,180,3913,4093
474,2021-04-18,50,2901,2951
474,2021-04-19,398,3965,4363
474,2021-04-20,365,4358,4723
474,2021-04-21,367,4100,4467
474,2021-04-22,376,4522,4898
474,2021-04-23,367,5100,5467
474,2021-04-24,286,4729,5015
474,2021-04-25,66,5249,5315
474,2021-04-26,383,4218,4601
474,2021-04-27,376,4514,4890
474,2021-04-28,382,4397,4779
474,2021-04-29,367,4548,4915
474,2021-04-30,422,4725,5147
474,2021-05-01,83,3616,3699
474,2021-05-02,69,3572,3641
474,2021-05-03,384,4241,4625
474,2021-05-04,384,4181,4565
474,2021-05-05,359,4162,4521
474,2021-05-06,346,4190,4536
474,2021-05-07,392,4466,4858
474,2021-05-08,165,3739,3904
474,2021-05-09,56,5765,5821
474,2021-05-10,370,3785,4155
474,2021-05-11,338,4098,4436
474,2021-05-12,416,4470,4886
474,2021-05-13,63,3724,3787
474,2021-05-14,325,3950,4275
474,2021-05-15,156,3337,3493
474,2021-05-16,67,3211,3278
474,2021-05-17,366,4073,4439
474,2021-05-18,380,4252,4632
474,2021-05-19,381,4135,4516
474,2021-05-20,413,4564,4977
474,2021-05-21,421,4555,4976
474,2021-05-22,175,3651,3826
474,2021-05-23,52,3606,3658
474,2021-05-24,85,2947,3032
474,2021-05-25,379,3993,4372
474,2021-05-26,404,4095,4499
474,2021-05-27,454,4277,4731
474,2021-05-28,416,4761,5177
474,2021-05-29,187,4538,4725
474,2021-05-30,60,5577,5637
474,2021-05-31,423,4490,4913
474,2021-06-01,399,4947,5346
474,2021-06-02,411,4484,4895
474,2021-06-03,382,4771,5153
474,2021-06-04,404,4568,4972
474,2021-06-05,215,3563,3778
474,2021-06-06,70,3618,3688
474,2021-06-07,449,4269,4718
474,2021-06-08,427,4728,5155
474,2021-06-09,465,4819,5284
474,2021-06-10,425,4959,5384
474,2021-06-11,500,5306,5806
474,2021-06-12,232,4602,4834
474,2021-06-13,79,5632,5711
474,2021-06-14,429,4574,5003
474,2021-06-15,495,4733,5228
474,2021-06-16,465,4721,5186
474,2021-06-17,424,4852,5276
474,2021-06-18,435,4786,5221
474,2021-06-19,210,4310,4520
474,2021-06-20,80,3697,3777
474,2021-06-21,432,4399,4831
474,2021-06-22,440,4533,4973
474,2021-06-23,85,3293,3378
474,2021-06-24,424,4219,4643
474,2021-06-25,458,4946,5404
474,2021-06-26,216,4445,4661
474,2021-06-27,93,3874,3967
474,2021-06-28,443,4144,4587
474,2021-06-29,470,4358,4828
474,2021-06-30,459,4443,4902
474,2021-07-01,458,4545,5003
474,2021-07-02,489,5026,5515
474,2021-07-03,215,4596,4811
474,2021-07-04,74,3219,3293
474,2021-07-05,444,4160,4604
474,2021-07-06,422,4465,4887
474,2021-07-07,459,4734,5193
474,2021-07-08,441,4656,5097
474,2021-07-09,445,4876,5321
474,2021-07-10,236,4503,4739
474,2021-07-11,94,4573,4667
474,2021-07-12,451,4251,4702
474,2021-07-13,372,4315,4687
474,2021-07-14,417,4211,4628
474,2021-07-15,344,4060,4404
474,2021-07-16,390,4364,4754
474,2021-07-17,205,3765,3970
474,2021-07-18,79,4528,4607
474,2021-07-19,402,4259,4661
474,2021-07-20,441,4631,5072
474,2021-07-21,410,4569,4979
474,2021-07-22,377,4744,5121
474,2021-07-23,420,4883,5303
474,2021-07-24,192,3139,3331
474,2021-07-25,87,3391,3478
474,2021-07-26,398,3941,4339
474,2021-07-27,399,3937,4336
474,2021-07-28,408,4243,4651
474,2021-07-29,392,4375,4767
474,2021-07-30,392,4512,4904
474,2021-07-31,216,3786,4002
474,2021-08-01,89,4096,4185
474,2021-08-02,354,3414,3768
474,2021-08-03,281,3471,3752
474,2021-08-04,295,3655,3950
474,2021-08-05,301,3670,3971
474,2021-08-06,317,3788,4105
474,2021-08-07,191,3160,3351
474,2021-08-08,101,3181,3282
474,2021-08-09,4,44,48
474,2021-08-17,148,2333,2481
474,2021-08-18,243,3396,3639
474,2021-08-19,231,3595,3826
474,2021-08-20,249,4125,4374
474,2021-08-21,139,3858,3997
474,2021-08-22,66,3005,3071
474,2021-08-23,264,3283,3547
474,2021-08-24,323,4073,4396
474,2021-08-25,357,4272,4629
474,2021-08-26,365,3832,4197
474,2021-08-27,373,3978,4351
474,2021-08-28,207,3146,3353
474,2021-08-29,98,3019,3117
474,2021-08-30,436,3658,4094
474,2021-08-31,407,3875,4282
474,2021-09-01,398,4138,4536
474,2021-09-02,406,4460,4866
474,2021-09-03,401,4544,4945
474,2021-09-04,214,4090,4304
474,2021-09-05,85,5126,5211
474,2021-09-06,420,3962,4382
474,2021-09-07,419,4406,4825
474,2021-09-08,431,4635,5066
474,2021-09-09,408,4080,4488
474,2021-09-10,413,4260,4673
474,2021-09-11,62,1912,1974
474,2021-09-12,88,4062,4150
474,2021-09-13,442,4121,4563
474,2021-09-14,405,4288,4693
474,2021-09-15,401,4355,4756
474,2021-09-16,450,4355,4805
474,2021-09-17,491,4634,5125
474,2021-09-18,199,4513,4712
474,2021-09-19,120,4816,4936
474,2021-09-20,511,3956,4467
474,2021-09-21,473,4286,4759
474,2021-09-22,465,4385,4850
474,2021-09-23,547,4670,5217
474,2021-09-24,531,4765,5296
474,2021-09-25,249,4536,4785
474,2021-09-26,78,3081,3159
474,2021-09-27,489,3853,4342
474,2021-09-28,541,4305,4846
474,2021-09-29,484,4114,4598
474,2021-09-30,501,4395,4896
474,2021-10-01,576,4679,5255
474,2021-10-02,256,3858,4114
474,2021-10-03,85,2865,2950
474,2021-10-04,535,4078,4613
474,2021-10-05,483,4135,4618
474,2021-10-06,483,4128,4611
474,2021-10-07,537,4390,4927
474,2021-10-08,559,4974,5533
474,2021-10-09,239,4674,4913
474,2021-10-10,92,4707,4799
474,2021-10-11,506,3962,4468
474,2021-10-12,471,4124,4595
474,2021-10-13,452,4147,4599
474,2021-10-14,460,4518,4978
474,2021-10-15,537,4593,5130
474,2021-10-16,222,3970,4192
474,2021-10-17,88,3703,3791
474,2021-10-18,484,4174,4658
474,2021-10-19,565,4343,4908
474,2021-10-20,442,4055,4497
474,2021-10-21,426,4069,4495
474,2021-10-22,523,4750,5273
474,2021-10-23,208,3776,3984
474,2021-10-24,102,4523,4625
474,2021-10-25,460,3881,4341
474,2021-10-26,445,4083,4528
474,2021-10-27,464,4066,4530
474,2021-10-28,455,4421,4876
474,2021-10-29,475,4710,5185
474,2021-10-30,197,3106,3303
476,2021-01-02,73,1277,1350
476,2021-01-03,39,914,953
476,2021-01-04,91,1541,1632
476,2021-01-05,80,1668,1748
476,2021-01-06,83,1668,1751
476,2021-01-07,87,1733,1820
476,2021-01-08,101,1839,1940
476,2021-01-09,80,1508,1588
476,2021-01-10,39,1181,1220
476,2021-01-11,129,2276,2405
476,2021-01-12,130,2324,2454
476,2021-01-13,146,2188,2334
476,2021-01-14,122,2203,2325
476,2021-01-15,114,2306,2420
476,2021-01-16,78,1626,1704
476,2021-01-17,38,908,946
476,2021-01-18,132,2154,2286
476,2021-01-19,129,2340,2469
476,2021-01-20,128,2282,2410
476,2021-01-21,116,2338,2454
476,2021-01-22,128,2534,2662
476,2021-01-23,74,1778,1852
476,2021-01-24,36,1169,1205
476,2021-01-25,116,2195,2311
476,2021-01-26,118,2458,2576
476,2021-01-27,128,2340,2468
476,2021-01-28,112,2507,2619
476,2021-01-29,132,2684,2816
476,2021-01-30,75,1845,1920
476,2021-01-31,58,2579,2637
476,2021-02-01,456,4231,4687
476,2021-02-02,443,4359,4802
476,2021-02-03,405,4315,4720
476,2021-02-04,410,4621,5031
476,2021-02-05,416,4414,4830
476,2021-02-06,190,3182,3372
476,2021-02-07,78,2275,2353
476,2021-02-08,316,2686,3002
476,2021-02-09,125,2310,2435
476,2021-02-10,115,2236,2351
476,2021-02-11,112,2232,2344
476,2021-02-12,107,2369,2476
476,2021-02-13,76,1791,1867
476,2021-02-14,40,1384,1424
476,2021-02-15,103,2058,2161
476,2021-02-16,128,2386,2514
476,2021-02-17,107,2313,2420
476,2021-02-18,131,2332,2463
476,2021-02-19,131,2477,2608
476,2021-02-20,87,2412,2499
476,2021-02-21,38,2405,2443
476,2021-02-22,151,2395,2546
476,2021-02-23,130,2775,2905
476,2021-02-24,142,2693,2835
476,2021-02-25,151,2801,2952
476,2021-02-26,150,2740,2890
476,2021-02-27,89,2170,2259
476,2021-02-28,37,1795,1832
476,2021-03-01,136,2503,2639
476,2021-03-02,139,2867,3006
476,2021-03-03,145,2600,2745
476,2021-03-04,128,2660,2788
476,2021-03-05,128,2717,2845
476,2021-03-06,94,2349,2443
476,2021-03-07,38,1750,1788
476,2021-03-08,193,2407,2600
476,2021-03-09,195,2530,2725
476,2021-03-10,154,2457,2611
476,2021-03-12,134,2690,2824
476,2021-03-13,78,1888,1966
476,2021-03-14,60,1331,1391
476,2021-03-15,122,2481,2603
476,2021-03-16,133,2628,2761
476,2021-03-17,128,2569,2697
476,2021-03-18,123,2691,2814
476,2021-03-19,123,2738,2861
476,2021-03-20,86,2150,2236
476,2021-03-21,38,1378,1416
476,2021-03-22,147,2568,2715
476,2021-03-23,162,2850,3012
476,2021-03-24,160,2718,2878
476,2021-03-25,118,2804,2922
476,2021-03-26,133,2809,2942
476,2021-03-27,94,2052,2146
476,2021-03-29,130,2833,2963
476,2021-03-30,131,3047,3178
476,2021-03-31,145,2935,3080
476,2021-04-02,136,3262,3398
476,2021-04-03,80,2228,2308
476,2021-04-04,39,1579,1618
476,2021-04-05,38,987,1025
476,2021-04-06,152,2433,2585
476,2021-04-07,134,2248,2382
476,2021-04-08,122,2620,2742
476,2021-04-09,118,2915,3033
476,2021-04-10,84,1734,1818
476,2021-04-11,40,1137,1177
476,2021-04-12,108,2375,2483
476,2021-04-13,119,2719,2838
476,2021-04-14,117,2494,2611
476,2021-04-15,125,2722,2847
476,2021-04-16,133,2719,2852
476,2021-04-17,93,2392,2485
476,2021-04-18,35,1473,1508
476,2021-04-19,171,2480,2651
476,2021-04-20,152,2802,2954
476,2021-04-21,132,2695,2827
476,2021-04-22,142,2895,3037
476,2021-04-23,129,3141,3270
476,2021-04-24,98,2852,2950
476,2021-04-25,53,2812,2865
476,2021-04-26,152,2721,2873
476,2021-04-27,124,2870,2994
476,2021-04-28,155,2846,3001
476,2021-04-29,134,2911,3045
476,2021-04-30,131,3189,3320
476,2021-05-01,51,1818,1869
476,2021-05-02,43,1703,1746
476,2021-05-03,162,2764,2926
476,2021-05-04,170,2632,2802
476,2021-05-05,196,2753,2949
476,2021-05-06,199,2735,2934
476,2021-05-07,144,2914,3058
476,2021-05-08,86,2484,2570
476,2021-05-09,41,2854,2895
476,2021-05-10,141,2519,2660
476,2021-05-11,135,2800,2935
476,2021-05-12,149,2957,3106
476,2021-05-13,44,1649,1693
476,2021-05-14,126,2660,2786
476,2021-05-15,98,1918,2016
476,2021-05-16,40,1556,1596
476,2021-05-17,166,2542,2708
476,2021-05-18,133,2826,2959
476,2021-05-19,167,2724,2891
476,2021-05-20,231,2991,3222
476,2021-05-21,180,2922,3102
476,2021-05-22,91,2347,2438
476,2021-05-23,42,1729,1771
476,2021-05-24,46,1264,1310
476,2021-05-25,116,2396,2512
476,2021-05-26,122,2410,2532
476,2021-05-27,100,2624,2724
476,2021-05-28,130,2967,3097
476,2021-05-29,94,2522,2616
476,2021-05-30,48,2890,2938
476,2021-05-31,140,2943,3083
476,2021-06-01,120,3211,3331
476,2021-06-02,123,2892,3015
476,2021-06-03,135,3057,3192
476,2021-06-04,125,2960,3085
476,2021-06-05,80,2187,2267
476,2021-06-06,41,1660,1701
476,2021-06-07,113,2667,2780
476,2021-06-08,148,2984,3132
476,2021-06-09,180,3055,3235
476,2021-06-10,197,3215,3412
476,2021-06-11,179,3302,3481
476,2021-06-12,100,2669,2769
476,2021-06-13,55,2744,2799
476,2021-06-14,137,2893,3030
476,2021-06-15,172,2889,3061
476,2021-06-16,162,2846,3008
476,2021-06-17,137,2925,3062
476,2021-06-18,150,2960,3110
476,2021-06-19,115,2505,2620
476,2021-06-20,48,1801,1849
476,2021-06-21,141,2726,2867
476,2021-06-22,153,2793,2946
476,2021-06-23,48,1518,1566
476,2021-06-24,156,2760,2916
476,2021-06-25,138,3010,3148
476,2021-06-26,83,2449,2532
476,2021-06-27,44,1725,1769
476,2021-06-28,154,2628,2782
476,2021-06-29,134,2582,2716
476,2021-06-30,189,2724,2913
476,2021-07-01,182,2819,3001
476,2021-07-02,207,3023,3230
476,2021-07-03,89,2486,2575
476,2021-07-04,44,1558,1602
476,2021-07-05,176,2334,2510
476,2021-07-06,140,2584,2724
476,2021-07-07,138,2746,2884
476,2021-07-08,136,2667,2803
476,2021-07-09,131,2958,3089
476,2021-07-10,91,2401,2492
476,2021-07-11,47,2091,2138
476,2021-07-12,125,2593,2718
476,2021-07-13,110,2726,2836
476,2021-07-14,140,3150,3290
476,2021-07-15,140,2968,3108
476,2021-07-16,98,2709,2807
476,2021-07-17,85,2239,2324
476,2021-07-18,44,2058,2102
476,2021-07-19,124,2576,2700
476,2021-07-20,116,2687,2803
476,2021-07-21,142,2535,2677
476,2021-07-22,122,2725,2847
476,2021-07-23,135,2775,2910
476,2021-07-24,80,2020,2100
476,2021-07-25,52,1614,1666
476,2021-07-26,116,2349,2465
476,2021-07-27,112,2236,2348
476,2021-07-28,117,2451,2568
476,2021-07-29,104,2457,2561
476,2021-07-30,116,2560,2676
476,2021-07-31,101,2062,2163
476,2021-08-04,86,2074,2160
476,2021-08-05,106,2187,2293
476,2021-08-06,93,2194,2287
476,2021-08-07,83,1862,1945
476,2021-08-08,60,1396,1456
476,2021-08-09,103,1891,1994
476,2021-08-10,95,2034,2129
476,2021-08-11,104,2182,2286
476,2021-08-12,88,2228,2316
476,2021-08-13,96,2445,2541
476,2021-08-14,95,2203,2298
476,2021-08-15,51,2280,2331
476,2021-08-16,88,1709,1797
476,2021-08-17,97,1883,1980
476,2021-08-18,93,2009,2102
476,2021-08-19,101,2039,2140
476,2021-08-20,100,2333,2433
476,2021-08-21,82,2084,2166
476,2021-08-22,56,1458,1514
476,2021-08-23,109,2384,2493
476,2021-08-24,96,2493,2589
476,2021-08-25,112,2487,2599
476,2021-08-26,111,2293,2404
476,2021-08-27,100,2287,2387
476,2021-08-28,80,1790,1870
476,2021-08-29,42,1374,1416
476,2021-08-30,94,2067,2161
476,2021-08-31,120,2332,2452
476,2021-09-01,123,2451,2574
476,2021-09-02,125,2540,2665
476,2021-09-03,128,2597,2725
476,2021-09-04,86,2188,2274
476,2021-09-05,54,1967,2021
476,2021-09-06,116,2294,2410
476,2021-09-07,118,2668,2786
476,2021-09-08,130,2656,2786
476,2021-09-09,144,2537,2681
476,2021-09-10,104,2607,2711
476,2021-09-11,84,2889,2973
476,2021-09-12,45,1876,1921
476,2021-09-13,126,2491,2617
476,2021-09-14,101,2670,2771
476,2021-09-15,131,2543,2674
476,2021-09-16,138,2814,2952
476,2021-09-17,164,2894,3058
476,2021-09-18,99,2893,2992
476,2021-09-19,47,2326,2373
476,2021-09-20,153,2489,2642
476,2021-09-21,136,2744,2880
476,2021-09-22,140,2741,2881
476,2021-09-23,145,2991,3136
476,2021-09-24,162,3118,3280
476,2021-09-25,130,3215,3345
476,2021-09-26,39,1762,1801
476,2021-09-27,169,2528,2697
476,2021-09-28,153,2796,2949
476,2021-09-29,161,2680,2841
476,2021-09-30,199,2652,2851
476,2021-10-01,196,3139,3335
476,2021-10-02,96,2429,2525
476,2021-10-03,39,1534,1573
476,2021-10-04,148,2521,2669
476,2021-10-05,132,2673,2805
476,2021-10-06,136,2695,2831
476,2021-10-07,134,2789,2923
476,2021-10-08,164,3063,3227
476,2021-10-09,96,2699,2795
476,2021-10-10,52,2125,2177
476,2021-10-11,175,2546,2721
476,2021-10-12,132,2593,2725
476,2021-10-13,131,2567,2698
476,2021-10-14,120,2801,2921
476,2021-10-15,132,2730,2862
476,2021-10-16,94,2364,2458
476,2021-10-17,50,1862,1912
476,2021-10-18,147,2564,2711
476,2021-10-19,136,2782,2918
476,2021-10-20,180,2598,2778
476,2021-10-21,144,2595,2739
476,2021-10-22,157,3030,3187
476,2021-10-23,93,2366,2459
476,2021-10-24,46,2231,2277
476,2021-10-25,153,2415,2568
476,2021-10-26,140,2644,2784
476,2021-10-27,134,2582,2716
476,2021-10-28,134,2925,3059
476,2021-10-29,152,2925,3077
476,2021-10-30,87,2106,2193
476,2021-11-01,38,1393,1431
476,2021-11-02,124,2276,2400
476,2021-11-03,119,2255,2374
476,2021-11-04,125,2295,2420
476,2021-11-05,160,2390,2550
476,2021-11-06,85,2207,2292
476,2021-11-07,38,1411,1449
476,2021-11-08,168,2454,2622
476,2021-11-09,200,2735,2935
476,2021-11-10,159,2601,2760
476,2021-11-11,139,2715,2854
476,2021-11-12,149,2641,2790
476,2021-11-13,108,2100,2208
476,2021-11-14,42,1741,1783
476,2021-11-15,163,2403,2566
476,2021-11-16,141,2609,2750
476,2021-11-17,142,2393,2535
476,2021-11-18,144,2745,2889
476,2021-11-19,124,2750,2874
476,2021-11-20,89,2287,2376
476,2021-11-21,39,1523,1562
476,2021-11-22,111,2449,2560
476,2021-11-23,127,2750,2877
476,2021-11-24,124,2635,2759
476,2021-11-25,135,2686,2821
476,2021-11-26,130,2829,2959
476,2021-11-27,81,2197,2278
476,2021-11-28,39,1387,1426
476,2021-11-29,143,2377,2520
476,2021-11-30,120,2537,2657
476,2021-12-01,122,2530,2652
476,2021-12-02,137,2534,2671
476,2021-12-03,140,2778,2918
476,2021-12-04,83,2096,2179
476,2021-12-05,40,1453,1493
476,2021-12-06,139,2241,2380
476,2021-12-07,133,2595,2728
476,2021-12-08,125,2631,2756
476,2021-12-09,132,2692,2824
476,2021-12-10,134,2478,2612
476,2021-12-11,73,2103,2176
476,2021-12-12,38,1391,1429
476,2021-12-13,147,2394,2541
476,2021-12-14,127,2537,2664
476,2021-12-15,136,2337,2473
476,2021-12-16,119,2715,2834
476,2021-12-17,124,2739,2863
476,2021-12-18,80,1934,2014
476,2021-12-19,35,1253,1288
476,2021-12-20,83,2005,2088
476,2021-12-21,96,2157,2253
476,2021-12-22,99,2155,2254
476,2021-12-23,98,2133,2231
476,2021-12-24,64,1696,1760
476,2021-12-25,30,1013,1043
476,2021-12-26,35,954,989
476,2021-12-27,81,1514,1595
476,2021-12-28,86,1700,1786
476,2021-12-29,89,1813,1902
476,2021-12-30,80,1924,2004
476,2021-12-31,78,1657,1735
479,2021-01-01,58,2315,2373
479,2021-01-02,137,3526,3663
479,2021-01-03,69,2907,2976
479,2021-01-04,424,5830,6254
479,2021-01-05,452,5984,6436
479,2021-01-06,466,6057,6523
479,2021-01-07,467,6166,6633
479,2021-01-08,460,6266,6726
479,2021-01-09,162,4151,4313
479,2021-01-10,81,3232,3313
479,2021-01-11,629,7723,8352
479,2021-01-12,677,7594,8271
479,2021-01-13,697,7699,8396
479,2021-01-14,660,7653,8313
479,2021-01-15,599,7641,8240
479,2021-01-16,165,4697,4862
479,2021-01-17,78,2839,2917
479,2021-02-24,819,7411,8230
479,2021-02-25,824,7844,8668
479,2021-02-26,787,7541,8328
479,2021-02-27,180,5476,5656
479,2021-02-28,83,4404,4487
479,2021-03-01,752,7836,8588
479,2021-03-02,719,8158,8877
479,2021-03-03,727,8098,8825
479,2021-03-04,660,7866,8526
479,2021-03-05,758,8011,8769
479,2021-03-06,193,5522,5715
479,2021-03-07,74,4162,4236
479,2021-03-08,749,7740,8489
479,2021-03-09,701,7897,8598
479,2021-03-10,731,7948,8679
479,2021-03-11,733,7802,8535
479,2021-03-12,719,8121,8840
479,2021-03-13,192,4955,5147
479,2021-03-14,65,3330,3395
479,2021-03-15,678,7755,8433
479,2021-03-16,748,8115,8863
479,2021-03-17,707,7899,8606
479,2021-03-18,727,8320,9047
479,2021-03-19,711,8386,9097
479,2021-03-20,191,5566,5757
479,2021-03-21,64,3614,3678
479,2021-03-22,699,7753,8452
479,2021-03-23,733,8136,8869
479,2021-03-24,757,8286,9043
479,2021-03-25,718,8097,8815
479,2021-03-26,689,8281,8970
479,2021-03-27,207,5179,5386
479,2021-03-29,754,7895,8649
479,2021-03-30,739,8245,8984
479,2021-03-31,803,8323,9126
479,2021-04-01,796,8498,9294
479,2021-04-02,635,8188,8823
479,2021-04-03,193,5352,5545
479,2021-04-04,67,4278,4345
479,2021-04-05,82,3080,3162
479,2021-04-06,710,7739,8449
479,2021-04-07,721,7428,8149
479,2021-04-08,740,7841,8581
479,2021-04-09,793,8023,8816
479,2021-04-10,227,4770,4997
479,2021-04-11,88,3302,3390
479,2021-04-12,794,7717,8511
479,2021-04-13,750,8014,8764
479,2021-04-14,785,8260,9045
479,2021-04-15,768,8082,8850
479,2021-04-16,710,8176,8886
479,2021-04-17,204,5763,5967
479,2021-04-18,76,3737,3813
479,2021-04-19,757,8083,8840
479,2021-04-20,736,8301,9037
479,2021-04-21,780,8526,9306
479,2021-04-22,778,8499,9277
479,2021-04-23,877,8831,9708
479,2021-04-24,227,6487,6714
479,2021-04-25,108,5500,5608
479,2021-04-26,769,8452,9221
479,2021-04-27,776,8816,9592
479,2021-04-28,733,8774,9507
479,2021-04-29,657,8952,9609
479,2021-04-30,736,8988,9724
479,2021-05-01,100,4483,4583
479,2021-05-02,68,4405,4473
479,2021-05-03,777,8322,9099
479,2021-05-04,729,8300,9029
479,2021-05-05,765,8532,9297
479,2021-05-06,742,8488,9230
479,2021-05-07,736,8654,9390
479,2021-05-08,202,6146,6348
479,2021-05-09,81,5730,5811
479,2021-05-10,727,8073,8800
479,2021-05-11,720,8076,8796
479,2021-05-12,744,8996,9740
479,2021-05-13,102,4362,4464
479,2021-05-14,566,7702,8268
479,2021-05-15,177,5405,5582
479,2021-05-16,93,4031,4124
479,2021-05-17,722,8213,8935
479,2021-05-18,755,8282,9037
479,2021-05-19,751,8239,8990
479,2021-05-20,707,8352,9059
479,2021-05-21,835,8830,9665
479,2021-05-22,430,6667,7097
479,2021-05-23,108,5147,5255
479,2021-05-24,102,3733,3835
479,2021-05-25,715,8098,8813
479,2021-05-26,723,7828,8551
479,2021-05-27,781,8042,8823
479,2021-05-28,747,8220,8967
479,2021-05-29,214,5898,6112
479,2021-05-30,127,5400,5527
479,2021-05-31,769,8694,9463
479,2021-06-01,837,9050,9887
479,2021-06-02,835,8780,9615
479,2021-06-03,667,8658,9325
479,2021-06-04,863,8871,9734
479,2021-06-05,204,5599,5803
479,2021-06-06,80,4469,4549
479,2021-06-07,849,8376,9225
479,2021-06-08,762,8602,9364
479,2021-06-09,833,8860,9693
479,2021-06-10,836,9102,9938
479,2021-06-11,878,9152,10030
479,2021-06-12,235,6155,6390
479,2021-06-13,101,5571,5672
479,2021-06-14,853,8424,9277
479,2021-06-15,871,8625,9496
479,2021-06-16,778,8820,9598
479,2021-06-17,846,8996,9842
479,2021-06-18,759,8890,9649
479,2021-06-19,218,6791,7009
479,2021-06-20,93,4881,4974
479,2021-06-21,758,8293,9051
479,2021-06-22,794,8660,9454
479,2021-06-23,128,4847,4975
479,2021-06-24,781,8229,9010
479,2021-06-25,754,8741,9495
479,2021-06-26,230,6811,7041
479,2021-06-27,104,5176,5280
479,2021-06-28,766,8383,9149
479,2021-06-29,787,8692,9479
479,2021-06-30,728,8926,9654
479,2021-07-01,765,8933,9698
479,2021-07-02,786,9243,10029
479,2021-07-03,243,6551,6794
479,2021-07-04,99,4849,4948
479,2021-07-05,828,8224,9052
479,2021-07-06,729,8475,9204
479,2021-07-07,768,8870,9638
479,2021-07-08,815,8699,9514
479,2021-07-09,752,9102,9854
479,2021-07-10,222,6315,6537
479,2021-07-11,104,5072,5176
479,2021-07-12,795,8314,9109
479,2021-07-13,751,8318,9069
479,2021-07-14,745,8325,9070
479,2021-07-15,686,9032,9718
479,2021-07-16,723,9041,9764
479,2021-07-17,203,5851,6054
479,2021-07-18,94,5314,5408
479,2021-07-19,704,8236,8940
479,2021-07-20,733,8578,9311
479,2021-07-21,756,8626,9382
479,2021-07-22,701,8892,9593
479,2021-07-23,751,8716,9467
479,2021-07-24,195,5606,5801
479,2021-07-25,97,4390,4487
479,2021-07-26,674,7808,8482
479,2021-07-27,670,7646,8316
479,2021-07-28,669,8394,9063
479,2021-07-29,578,8413,8991
479,2021-07-30,562,8270,8832
479,2021-07-31,234,5884,6118
479,2021-08-01,152,4838,4990
479,2021-08-02,522,6913,7435
479,2021-08-03,465,6908,7373
479,2021-08-04,461,7326,7787
479,2021-08-05,487,7257,7744
479,2021-08-06,446,7402,7848
479,2021-08-07,161,5480,5641
479,2021-08-08,92,4031,4123
479,2021-08-09,466,6713,7179
479,2021-08-10,450,6971,7421
479,2021-08-11,468,7339,7807
479,2021-08-12,472,7395,7867
479,2021-08-13,528,7537,8065
479,2021-08-14,193,6276,6469
479,2021-08-15,134,5690,5824
479,2021-08-16,480,6607,7087
479,2021-08-17,439,6873,7312
479,2021-08-18,443,6943,7386
479,2021-08-19,437,6795,7232
479,2021-08-20,453,7348,7801
479,2021-08-21,191,5879,6070
479,2021-08-22,81,4138,4219
479,2021-08-23,673,6941,7614
479,2021-08-24,635,7513,8148
479,2021-08-25,601,7925,8526
479,2021-08-26,650,7400,8050
479,2021-08-27,594,7720,8314
479,2021-08-28,181,5197,5378
479,2021-08-29,85,4274,4359
479,2021-08-30,593,7302,7895
479,2021-08-31,627,7657,8284
479,2021-09-01,709,8000,8709
479,2021-09-02,707,7771,8478
479,2021-09-03,719,7860,8579
479,2021-09-04,190,6136,6326
479,2021-09-05,109,5513,5622
479,2021-09-06,659,7742,8401
479,2021-09-07,631,7958,8589
479,2021-09-09,718,7761,8479
479,2021-09-10,670,8075,8745
479,2021-09-11,263,6976,7239
479,2021-09-12,102,5780,5882
479,2021-09-13,667,7960,8627
479,2021-09-14,686,8418,9104
479,2021-09-15,715,8785,9500
479,2021-09-16,766,9058,9824
479,2021-09-17,834,9177,10011
479,2021-09-18,221,6865,7086
479,2021-09-19,99,5765,5864
479,2021-09-20,748,8871,9619
479,2021-09-21,712,9179,9891
479,2021-09-22,795,8993,9788
479,2021-09-23,821,9188,10009
479,2021-09-24,840,9178,10018
479,2021-09-25,325,7219,7544
479,2021-09-26,150,4944,5094
479,2021-09-27,766,8548,9314
479,2021-09-28,740,8981,9721
479,2021-09-29,678,8632,9310
479,2021-09-30,744,9257,10001
479,2021-10-01,796,9276,10072
479,2021-10-02,233,6491,6724
479,2021-10-03,85,4517,4602
479,2021-10-04,729,8506,9235
479,2021-10-05,761,8710,9471
479,2021-10-06,783,8939,9722
479,2021-10-07,783,9007,9790
479,2021-10-08,749,9192,9941
479,2021-10-09,212,6927,7139
479,2021-10-10,106,5800,5906
479,2021-10-11,760,8688,9448
479,2021-10-12,699,8431,9130
479,2021-10-13,744,8550,9294
479,2021-10-14,833,8906,9739
479,2021-10-15,804,8952,9756
479,2021-10-16,206,6380,6586
479,2021-10-17,80,4994,5074
479,2021-10-18,802,8526,9328
479,2021-10-19,778,8628,9406
479,2021-10-20,770,8642,9412
479,2021-10-21,730,8778,9508
479,2021-10-22,719,8661,9380
479,2021-10-23,205,6549,6754
479,2021-10-24,104,5734,5838
479,2021-10-25,740,8447,9187
479,2021-10-26,694,8570,9264
479,2021-10-27,760,8662,9422
479,2021-10-28,741,8881,9622
479,2021-10-29,753,9060,9813
479,2021-10-30,192,5961,6153
479,2021-11-01,73,4345,4418
479,2021-11-02,642,8432,9074
479,2021-11-03,690,8330,9020
479,2021-11-04,708,8450,9158
479,2021-11-05,762,8503,9265
479,2021-11-06,247,6027,6274
479,2021-11-07,82,3923,4005
479,2021-11-08,724,8789,9513
479,2021-11-09,718,8799,9517
479,2021-11-10,771,9062,9833
479,2021-11-11,847,9144,9991
479,2021-11-12,722,9107,9829
479,2021-11-13,201,5827,6028
479,2021-11-14,78,4217,4295
479,2021-11-15,731,8633,9364
479,2021-11-16,716,8732,9448
479,2021-11-17,732,8847,9579
479,2021-11-18,716,9091,9807
479,2021-11-19,747,9005,9752
479,2021-11-20,261,6171,6432
479,2021-11-21,77,4327,4404
479,2021-11-22,734,8568,9302
479,2021-11-23,695,8809,9504
479,2021-11-24,708,8867,9575
479,2021-11-25,736,9006,9742
479,2021-11-26,700,9020,9720
479,2021-11-27,157,5857,6014
479,2021-11-28,60,4266,4326
479,2021-11-29,786,8306,9092
479,2021-11-30,736,8970,9706
479,2021-12-01,721,8965,9686
479,2021-12-02,683,8975,9658
479,2021-12-03,742,9092,9834
479,2021-12-04,194,6115,6309
479,2021-12-05,69,4242,4311
479,2021-12-06,649,8457,9106
479,2021-12-07,735,9009,9744
479,2021-12-08,646,9058,9704
479,2021-12-09,680,9090,9770
479,2021-12-10,667,9040,9707
479,2021-12-11,167,6016,6183
479,2021-12-12,63,4160,4223
479,2021-12-13,694,8749,9443
479,2021-12-14,692,9095,9787
479,2021-12-15,714,9106,9820
479,2021-12-16,653,9195,9848
479,2021-12-17,550,9028,9578
479,2021-12-18,156,5682,5838
479,2021-12-19,72,4286,4358
479,2021-12-20,447,7487,7934
479,2021-12-21,474,7879,8353
479,2021-12-22,435,7785,8220
479,2021-12-23,383,7268,7651
479,2021-12-24,277,5639,5916
479,2021-12-25,41,3185,3226
479,2021-12-26,70,3228,3298
479,2021-12-27,306,5633,5939
479,2021-12-28,340,5647,5987
479,2021-12-29,347,5876,6223
479,2021-12-30,341,6049,6390
479,2021-12-31,276,5225,5501
481,2021-01-01,49,1341,1390
481,2021-01-02,120,2220,2340
481,2021-01-03,55,1729,1784
481,2021-01-04,250,3405,3655
481,2021-01-05,258,3741,3999
481,2021-01-06,261,3689,3950
481,2021-01-07,290,3668,3958
481,2021-01-08,269,3714,3983
481,2021-01-09,143,2457,2600
481,2021-01-10,53,1888,1941
481,2021-01-11,351,4474,4825
481,2021-01-12,354,4641,4995
481,2021-01-13,381,4680,5061
481,2021-01-14,267,4134,4401
481,2021-01-15,258,4306,4564
481,2021-01-16,122,3152,3274
481,2021-01-17,48,1876,1924
481,2021-01-18,324,4573,4897
481,2021-01-19,367,4751,5118
481,2021-01-20,378,4918,5296
481,2021-01-21,352,4995,5347
481,2021-01-22,314,5032,5346
481,2021-01-23,132,3558,3690
481,2021-01-24,53,2189,2242
481,2021-01-25,306,4505,4811
481,2021-01-26,353,4928,5281
481,2021-01-27,318,4594,4912
481,2021-01-28,323,4848,5171
481,2021-01-29,335,5010,5345
481,2021-01-30,151,3473,3624
481,2021-01-31,48,2242,2290
481,2021-02-01,376,4811,5187
481,2021-02-02,365,5228,5593
481,2021-02-03,357,5021,5378
481,2021-02-04,379,5217,5596
481,2021-02-05,376,5278,5654
481,2021-02-06,153,3568,3721
481,2021-02-07,52,2283,2335
481,2021-02-08,346,4209,4555
481,2021-02-09,283,4348,4631
481,2021-02-10,380,4504,4884
481,2021-02-11,378,4839,5217
481,2021-02-12,369,4624,4993
481,2021-02-13,189,3683,3872
481,2021-02-14,52,2331,2383
481,2021-02-15,306,4180,4486
481,2021-02-16,332,4590,4922
481,2021-02-17,334,4694,5028
481,2021-02-18,312,4749,5061
481,2021-02-19,328,4770,5098
481,2021-02-20,168,3798,3966
481,2021-02-21,67,2927,2994
481,2021-02-22,399,4849,5248
481,2021-02-23,377,5414,5791
481,2021-02-24,264,5124,5388
481,2021-02-25,274,5424,5698
481,2021-02-26,363,5422,5785
481,2021-02-27,166,4059,4225
481,2021-02-28,69,2931,3000
481,2021-03-01,362,5087,5449
481,2021-03-02,353,5355,5708
481,2021-03-03,423,5201,5624
481,2021-03-04,370,5217,5587
481,2021-03-05,418,5314,5732
481,2021-03-06,184,4058,4242
481,2021-03-07,60,2804,2864
481,2021-03-08,391,5052,5443
481,2021-03-09,380,5200,5580
481,2021-03-10,375,5150,5525
481,2021-03-11,392,5150,5542
481,2021-03-12,395,5334,5729
481,2021-03-13,168,3643,3811
481,2021-03-14,65,2429,2494
481,2021-03-15,371,4968,5339
481,2021-03-16,430,5214,5644
481,2021-03-17,404,5078,5482
481,2021-03-18,382,5108,5490
481,2021-03-19,392,5258,5650
481,2021-03-20,160,3901,4061
481,2021-03-21,53,2534,2587
481,2021-03-22,430,4975,5405
481,2021-03-23,397,5308,5705
481,2021-03-24,401,5288,5689
481,2021-03-25,405,5376,5781
481,2021-03-26,405,5378,5783
481,2021-03-27,178,3832,4010
481,2021-03-29,384,5094,5478
481,2021-03-30,403,5470,5873
481,2021-03-31,379,5499,5878
481,2021-04-01,383,5520,5903
481,2021-04-02,395,5746,6141
481,2021-04-03,157,4001,4158
481,2021-04-04,55,2515,2570
481,2021-04-05,62,2021,2083
481,2021-04-06,444,4942,5386
481,2021-04-07,463,4924,5387
481,2021-04-08,485,5287,5772
481,2021-04-09,448,5487,5935
481,2021-04-10,205,3528,3733
481,2021-04-11,65,2139,2204
481,2021-04-12,440,5006,5446
481,2021-04-13,429,5378,5807
481,2021-04-14,485,5261,5746
481,2021-04-15,423,5572,5995
481,2021-04-16,447,5490,5937
481,2021-04-17,189,3990,4179
481,2021-04-18,64,2563,2627
481,2021-04-19,381,5179,5560
481,2021-04-20,384,5513,5897
481,2021-04-21,410,5595,6005
481,2021-04-22,410,5713,6123
481,2021-04-23,380,5781,6161
481,2021-04-24,225,4378,4603
481,2021-04-25,66,3162,3228
481,2021-04-26,448,5512,5960
481,2021-04-27,419,5745,6164
481,2021-04-28,440,5762,6202
481,2021-04-29,358,5863,6221
481,2021-04-30,407,5852,6259
481,2021-05-01,81,3337,3418
481,2021-05-02,59,2903,2962
481,2021-05-03,379,5356,5735
481,2021-05-04,402,5662,6064
481,2021-05-05,363,5533,5896
481,2021-05-06,387,5465,5852
481,2021-05-07,388,5846,6234
481,2021-05-08,174,4161,4335
481,2021-05-09,47,3171,3218
481,2021-05-10,382,5284,5666
481,2021-05-11,384,5597,5981
481,2021-05-12,377,5854,6231
481,2021-05-13,74,2896,2970
481,2021-05-14,352,5461,5813
481,2021-05-15,176,3910,4086
481,2021-05-16,63,2707,2770
481,2021-05-17,393,5495,5888
481,2021-05-18,362,5653,6015
481,2021-05-19,391,5665,6056
481,2021-05-20,377,5782,6159
481,2021-05-21,396,5864,6260
481,2021-05-22,205,3896,4101
481,2021-05-23,77,2768,2845
481,2021-05-24,74,2461,2535
481,2021-05-25,410,4812,5222
481,2021-05-26,390,5136,5526
481,2021-05-27,408,5141,5549
481,2021-05-28,422,5366,5788
481,2021-05-29,188,4342,4530
481,2021-05-30,74,3296,3370
481,2021-05-31,375,5286,5661
481,2021-06-01,365,5797,6162
481,2021-06-02,408,5642,6050
481,2021-06-03,369,5618,5987
481,2021-06-04,364,5659,6023
481,2021-06-05,186,4176,4362
481,2021-06-06,87,2993,3080
481,2021-06-07,372,5422,5794
481,2021-06-08,398,5864,6262
481,2021-06-09,396,5870,6266
481,2021-06-10,353,6037,6390
481,2021-06-11,387,6007,6394
481,2021-06-12,162,4661,4823
481,2021-06-13,60,3458,3518
481,2021-06-14,369,5545,5914
481,2021-06-15,377,5729,6106
481,2021-06-16,416,5781,6197
481,2021-06-17,356,5881,6237
481,2021-06-18,370,5848,6218
481,2021-06-19,174,4653,4827
481,2021-06-20,65,3025,3090
481,2021-06-21,363,5310,5673
481,2021-06-22,373,5718,6091
481,2021-06-23,93,2788,2881
481,2021-06-24,340,5541,5881
481,2021-06-25,411,5650,6061
481,2021-06-26,186,4339,4525
481,2021-06-27,69,3013,3082
481,2021-06-28,359,5434,5793
481,2021-06-29,386,5437,5823
481,2021-06-30,355,5430,5785
481,2021-07-01,368,5763,6131
481,2021-07-02,401,6183,6584
481,2021-07-03,256,5988,6244
481,2021-07-04,87,3329,3416
481,2021-07-05,384,5282,5666
481,2021-07-06,367,5474,5841
481,2021-07-07,363,5699,6062
481,2021-07-08,369,5664,6033
481,2021-07-09,357,5926,6283
481,2021-07-10,173,5295,5468
481,2021-07-11,64,3849,3913
481,2021-07-12,356,5287,5643
481,2021-07-13,291,5195,5486
481,2021-07-14,300,5658,5958
481,2021-07-15,314,5959,6273
481,2021-07-16,322,5655,5977
481,2021-07-17,256,4194,4450
481,2021-07-18,106,3305,3411
481,2021-07-19,397,5128,5525
481,2021-07-20,361,5421,5782
481,2021-07-21,405,5466,5871
481,2021-07-22,401,5362,5763
481,2021-07-23,437,5482,5919
481,2021-07-24,215,3638,3853
481,2021-07-25,127,2721,2848
481,2021-07-26,373,4922,5295
481,2021-07-27,422,4899,5321
481,2021-07-28,368,5192,5560
481,2021-07-29,333,5189,5522
481,2021-07-30,314,5050,5364
481,2021-07-31,218,3734,3952
481,2021-08-01,121,2780,2901
481,2021-08-02,325,4340,4665
481,2021-08-03,322,4459,4781
481,2021-08-04,348,4517,4865
481,2021-08-05,382,4598,4980
481,2021-08-06,324,4642,4966
481,2021-08-07,221,3333,3554
481,2021-08-08,106,2501,2607
481,2021-08-09,303,4350,4653
481,2021-08-10,285,4537,4822
481,2021-08-11,272,4642,4914
481,2021-08-12,276,4723,4999
481,2021-08-13,276,4733,5009
481,2021-08-14,192,3292,3484
481,2021-08-15,109,2572,2681
481,2021-08-16,279,4109,4388
481,2021-08-17,288,4410,4698
481,2021-08-18,272,4409,4681
481,2021-08-19,286,4606,4892
481,2021-08-20,287,4552,4839
481,2021-08-21,198,3380,3578
481,2021-08-22,109,2421,2530
481,2021-08-23,366,4756,5122
481,2021-08-24,391,5296,5687
481,2021-08-25,381,5208,5589
481,2021-08-26,391,5303,5694
481,2021-08-27,379,5127,5506
481,2021-08-28,238,3636,3874
481,2021-08-29,109,2858,2967
481,2021-08-30,398,4994,5392
481,2021-08-31,383,5268,5651
481,2021-09-01,409,5436,5845
481,2021-09-02,407,5499,5906
481,2021-09-03,385,5577,5962
481,2021-09-04,256,4089,4345
481,2021-09-05,118,3313,3431
481,2021-09-06,378,5293,5671
481,2021-09-07,388,5516,5904
481,2021-09-08,423,5421,5844
481,2021-09-09,405,5308,5713
481,2021-09-10,429,5521,5950
481,2021-09-11,247,4023,4270
481,2021-09-12,134,3270,3404
481,2021-09-13,408,5579,5987
481,2021-09-14,444,5630,6074
481,2021-09-15,448,5460,5908
481,2021-09-16,477,5588,6065
481,2021-09-17,515,5690,6205
481,2021-09-18,266,4544,4810
481,2021-09-19,157,3576,3733
481,2021-09-20,476,5334,5810
481,2021-09-21,483,5637,6120
481,2021-09-22,475,5556,6031
481,2021-09-23,496,6118,6614
481,2021-09-24,469,5953,6422
481,2021-09-25,278,4698,4976
481,2021-09-26,131,3191,3322
481,2021-09-27,422,5284,5706
481,2021-09-28,522,5571,6093
481,2021-09-29,481,5275,5756
481,2021-09-30,450,5634,6084
481,2021-10-01,422,5880,6302
481,2021-10-02,290,4611,4901
481,2021-10-03,96,2819,2915
481,2021-10-04,430,5546,5976
481,2021-10-05,453,5426,5879
481,2021-10-06,425,5384,5809
481,2021-10-07,483,5730,6213
481,2021-10-08,438,5825,6263
481,2021-10-09,231,4647,4878
481,2021-10-10,126,3583,3709
481,2021-10-11,416,5298,5714
481,2021-10-12,434,5098,5532
481,2021-10-13,470,5744,6214
481,2021-10-14,468,5775,6243
481,2021-10-15,449,5741,6190
481,2021-10-16,226,4453,4679
481,2021-10-17,103,3306,3409
481,2021-10-18,466,5404,5870
481,2021-10-19,383,5395,5778
481,2021-10-20,411,5391,5802
481,2021-10-21,385,5610,5995
481,2021-10-22,434,5872,6306
481,2021-10-23,236,4503,4739
481,2021-10-24,118,3316,3434
481,2021-10-25,434,5376,5810
481,2021-10-26,457,5704,6161
481,2021-10-27,456,5464,5920
481,2021-10-28,444,5663,6107
481,2021-10-29,381,5753,6134
481,2021-10-30,230,4074,4304
481,2021-11-01,129,2686,2815
481,2021-11-02,397,5186,5583
481,2021-11-03,397,5296,5693
481,2021-11-04,440,5407,5847
481,2021-11-05,459,5456,5915
481,2021-11-06,270,3863,4133
481,2021-11-07,119,2801,2920
481,2021-11-08,473,5121,5594
481,2021-11-09,481,5582,6063
481,2021-11-10,493,5381,5874
481,2021-11-11,525,5578,6103
481,2021-11-12,529,5434,5963
481,2021-11-13,234,4228,4462
481,2021-11-14,130,2990,3120
481,2021-11-15,490,5079,5569
481,2021-11-16,507,5404,5911
481,2021-11-17,500,5322,5822
481,2021-11-18,524,5404,5928
481,2021-11-19,466,5580,6046
481,2021-11-20,248,4363,4611
481,2021-11-21,119,2887,3006
481,2021-11-22,511,5231,5742
481,2021-11-23,519,5446,5965
481,2021-11-24,518,5501,6019
481,2021-11-25,560,5507,6067
481,2021-11-26,537,5555,6092
481,2021-11-27,258,4117,4375
481,2021-11-28,114,3056,3170
481,2021-11-29,501,5115,5616
481,2021-11-30,465,5421,5886
481,2021-12-01,469,5326,5795
481,2021-12-02,451,5392,5843
481,2021-12-03,477,5515,5992
481,2021-12-04,221,4231,4452
481,2021-12-05,103,3060,3163
481,2021-12-06,425,5178,5603
481,2021-12-07,467,5359,5826
481,2021-12-08,474,5649,6123
481,2021-12-09,528,5549,6077
481,2021-12-10,478,5254,5732
481,2021-12-11,222,4188,4410
481,2021-12-12,103,2859,2962
481,2021-12-13,430,5061,5491
481,2021-12-14,447,5398,5845
481,2021-12-15,449,5519,5968
481,2021-12-16,412,5531,5943
481,2021-12-17,385,5456,5841
481,2021-12-18,207,3823,4030
481,2021-12-19,96,2750,2846
481,2021-12-20,301,4840,5141
481,2021-12-21,316,4858,5174
481,2021-12-22,297,4727,5024
481,2021-12-23,289,4670,4959
481,2021-12-24,264,4016,4280
481,2021-12-25,62,2132,2194
481,2021-12-26,70,2264,2334
481,2021-12-27,250,3765,4015
481,2021-12-28,268,3831,4099
481,2021-12-29,254,3991,4245
481,2021-12-30,274,4022,4296
481,2021-12-31,322,4284,4606
483,2021-01-01,50,1467,1517
483,2021-01-02,194,2419,2613
483,2021-01-03,62,2029,2091
483,2021-01-04,364,4059,4423
483,2021-01-05,339,4286,4625
483,2021-01-06,318,4362,4680
483,2021-01-07,328,4332,4660
483,2021-01-08,341,4566,4907
483,2021-01-09,196,2945,3141
483,2021-01-10,57,2294,2351
483,2021-01-11,466,5482,5948
483,2021-01-12,444,5571,6015
483,2021-01-13,479,5351,5830
483,2021-01-14,430,6722,7152
483,2021-01-15,404,6122,6526
483,2021-01-16,210,3331,3541
483,2021-01-17,59,1886,1945
483,2021-01-18,572,6436,7008
483,2021-01-19,478,5298,5776
483,2021-01-20,546,5622,6168
483,2021-01-21,493,5254,5747
483,2021-01-22,492,4654,5146
483,2021-01-23,188,3370,3558
483,2021-01-24,70,2294,2364
483,2021-01-26,498,5501,5999
483,2021-01-27,409,5305,5714
483,2021-01-28,411,5559,5970
483,2021-01-29,475,5630,6105
483,2021-01-30,158,3047,3205
483,2021-01-31,53,2449,2502
483,2021-02-02,531,5873,6404
483,2021-02-03,461,5169,5630
483,2021-02-04,561,5836,6397
483,2021-02-05,504,5747,6251
483,2021-02-06,175,3380,3555
483,2021-02-07,56,2362,2418
483,2021-02-08,475,5225,5700
483,2021-02-09,477,5376,5853
483,2021-02-10,511,5214,5725
483,2021-02-11,489,5467,5956
483,2021-02-12,479,5589,6068
483,2021-02-13,216,3659,3875
483,2021-02-14,60,2715,2775
483,2021-02-15,448,4893,5341
483,2021-02-16,483,5579,6062
483,2021-02-17,471,5252,5723
483,2021-02-18,492,5367,5859
483,2021-02-19,494,5781,6275
483,2021-02-20,207,4155,4362
483,2021-02-21,56,3527,3583
483,2021-02-22,544,5127,5671
483,2021-02-23,515,6108,6623
483,2021-02-24,508,5994,6502
483,2021-02-25,498,6230,6728
483,2021-02-26,551,5913,6464
483,2021-02-27,201,4128,4329
483,2021-02-28,65,3213,3278
483,2021-03-01,516,4342,4858
483,2021-03-02,504,4782,5286
483,2021-03-03,573,5541,6114
483,2021-03-04,646,5810,6456
483,2021-03-05,693,5957,6650
483,2021-03-06,248,3761,4009
483,2021-03-07,60,3174,3234
483,2021-03-08,537,5467,6004
483,2021-03-09,520,5152,5672
483,2021-03-10,638,5910,6548
483,2021-03-11,505,5805,6310
483,2021-03-12,577,6229,6806
483,2021-03-13,213,3371,3584
483,2021-03-14,79,2562,2641
483,2021-03-15,510,4434,4944
483,2021-03-16,574,5913,6487
483,2021-03-17,617,5717,6334
483,2021-03-18,661,5764,6425
483,2021-03-19,579,6133,6712
483,2021-03-20,244,4023,4267
483,2021-03-21,58,2702,2760
483,2021-03-22,588,4588,5176
483,2021-03-23,787,6718,7505
483,2021-03-24,800,6398,7198
483,2021-03-25,813,6036,6849
483,2021-03-26,608,6370,6978
483,2021-03-27,236,3732,3968
483,2021-03-29,541,5951,6492
483,2021-03-30,533,6117,6650
483,2021-03-31,553,5879,6432
483,2021-04-01,549,6264,6813
483,2021-04-02,589,6337,6926
483,2021-04-03,226,4008,4234
483,2021-04-04,59,2942,3001
483,2021-04-05,53,2264,2317
483,2021-04-06,518,5589,6107
483,2021-04-07,542,5532,6074
483,2021-04-08,617,5908,6525
483,2021-04-09,615,6149,6764
483,2021-04-10,176,3415,3591
483,2021-04-11,136,7562,7698
483,2021-04-12,579,5658,6237
483,2021-04-13,616,6097,6713
483,2021-04-14,534,6424,6958
483,2021-04-15,524,5949,6473
483,2021-04-16,621,5987,6608
483,2021-04-17,240,4222,4462
483,2021-04-18,64,2846,2910
483,2021-04-19,608,5701,6309
483,2021-04-20,638,6425,7063
483,2021-04-21,652,6141,6793
483,2021-04-22,637,6363,7000
483,2021-04-23,564,6174,6738
483,2021-04-24,211,4691,4902
483,2021-04-25,56,3847,3903
483,2021-04-26,474,5786,6260
483,2021-04-27,572,6412,6984
483,2021-04-28,525,6038,6563
483,2021-04-29,602,5546,6148
483,2021-04-30,634,6463,7097
483,2021-05-01,69,3476,3545
483,2021-05-02,81,3181,3262
483,2021-05-03,622,6148,6770
483,2021-05-04,557,6295,6852
483,2021-05-05,605,6121,6726
483,2021-05-06,627,6031,6658
483,2021-05-07,625,6412,7037
483,2021-05-08,222,4695,4917
483,2021-05-09,74,3974,4048
483,2021-05-10,541,5820,6361
483,2021-05-11,523,6085,6608
483,2021-05-12,588,6649,7237
483,2021-05-13,83,3323,3406
483,2021-05-14,417,5255,5672
483,2021-05-15,222,4132,4354
483,2021-05-16,78,2820,2898
483,2021-05-17,574,5859,6433
483,2021-05-18,665,6270,6935
483,2021-05-19,740,6460,7200
483,2021-05-20,726,6693,7419
483,2021-05-21,630,6660,7290
483,2021-05-22,284,5435,5719
483,2021-05-23,77,3902,3979
483,2021-05-24,64,2648,2712
483,2021-05-25,620,5680,6300
483,2021-05-26,617,5769,6386
483,2021-05-27,537,6158,6695
483,2021-05-28,571,6529,7100
483,2021-05-29,227,4688,4915
483,2021-05-30,75,3927,4002
483,2021-05-31,536,6568,7104
483,2021-06-01,701,7196,7897
483,2021-06-02,647,7440,8087
483,2021-06-03,611,6853,7464
483,2021-06-04,532,6255,6787
483,2021-06-05,199,4535,4734
483,2021-06-06,53,3357,3410
483,2021-06-07,575,6392,6967
483,2021-06-08,548,6906,7454
483,2021-06-09,601,6818,7419
483,2021-06-10,570,7236,7806
483,2021-06-11,456,7120,7576
483,2021-06-12,240,4940,5180
483,2021-06-13,84,4355,4439
483,2021-06-14,525,6409,6934
483,2021-06-15,472,6370,6842
483,2021-06-16,501,6100,6601
483,2021-06-17,471,6449,6920
483,2021-06-18,455,6309,6764
483,2021-06-19,209,4323,4532
483,2021-06-20,60,3143,3203
483,2021-06-21,452,6277,6729
483,2021-06-22,593,7058,7651
483,2021-06-23,82,3785,3867
483,2021-06-24,601,6401,7002
483,2021-06-25,561,7032,7593
483,2021-06-26,260,5035,5295
483,2021-06-27,75,3621,3696
483,2021-06-28,506,6283,6789
483,2021-06-29,647,7092,7739
483,2021-06-30,586,6491,7077
483,2021-07-01,652,7139,7791
483,2021-07-02,590,6866,7456
483,2021-07-03,207,4615,4822
483,2021-07-04,85,2987,3072
483,2021-07-05,614,6497,7111
483,2021-07-06,537,6909,7446
483,2021-07-07,485,6526,7011
483,2021-07-08,512,6928,7440
483,2021-07-09,493,6988,7481
483,2021-07-10,211,4585,4796
483,2021-07-11,54,3538,3592
483,2021-07-12,529,6206,6735
483,2021-07-13,496,5847,6343
483,2021-07-15,468,6384,6852
483,2021-07-16,662,6517,7179
483,2021-07-17,221,4330,4551
483,2021-07-18,64,3580,3644
483,2021-07-19,473,5949,6422
483,2021-07-20,520,6164,6684
483,2021-07-21,482,6246,6728
483,2021-07-22,531,6119,6650
483,2021-07-23,512,6269,6781
483,2021-07-24,205,4530,4735
483,2021-07-25,97,3449,3546
483,2021-07-26,477,5757,6234
483,2021-07-27,545,5780,6325
483,2021-07-28,432,6004,6436
483,2021-07-29,408,6138,6546
483,2021-07-30,419,6017,6436
483,2021-07-31,236,4105,4341
483,2021-08-01,82,3244,3326
483,2021-08-02,320,5007,5327
483,2021-08-03,307,4735,5042
483,2021-08-04,329,5370,5699
483,2021-08-05,304,4965,5269
483,2021-08-06,314,5166,5480
483,2021-08-07,181,3485,3666
483,2021-08-08,76,2811,2887
483,2021-08-09,313,4674,4987
483,2021-08-10,341,4918,5259
483,2021-08-11,297,4909,5206
483,2021-08-12,305,4729,5034
483,2021-08-13,338,4871,5209
483,2021-08-14,188,3450,3638
483,2021-08-15,59,3126,3185
483,2021-08-16,330,4726,5056
483,2021-08-17,323,4644,4967
483,2021-08-18,354,4567,4921
483,2021-08-19,361,4923,5284
483,2021-08-20,299,5111,5410
483,2021-08-21,188,3507,3695
483,2021-08-22,62,2729,2791
483,2021-08-23,386,4979,5365
483,2021-08-24,380,5347,5727
483,2021-08-25,429,5273,5702
483,2021-08-26,398,5308,5706
483,2021-08-27,424,5623,6047
483,2021-08-28,203,3477,3680
483,2021-08-29,86,2993,3079
483,2021-08-30,471,5534,6005
483,2021-08-31,529,5873,6402
483,2021-09-01,576,6031,6607
483,2021-09-02,566,6141,6707
483,2021-09-03,580,6033,6613
483,2021-09-04,172,3974,4146
483,2021-09-05,61,3394,3455
483,2021-09-06,549,5986,6535
483,2021-09-07,591,6272,6863
483,2021-09-08,585,6048,6633
483,2021-09-09,603,6276,6879
483,2021-09-10,721,7787,8508
483,2021-09-11,756,12692,13448
483,2021-09-12,108,6063,6171
483,2021-09-13,503,6575,7078
483,2021-09-14,620,6561,7181
483,2021-09-15,503,6458,6961
483,2021-09-16,598,6788,7386
483,2021-09-17,630,6901,7531
483,2021-09-18,224,4666,4890
483,2021-09-19,78,3695,3773
483,2021-09-20,524,6079,6603
483,2021-09-21,620,6808,7428
483,2021-09-22,535,6260,6795
483,2021-09-23,565,6751,7316
483,2021-09-24,595,6573,7168
483,2021-09-25,226,4172,4398
483,2021-09-26,61,3205,3266
483,2021-09-27,570,6349,6919
483,2021-09-28,639,6741,7380
483,2021-09-29,590,6425,7015
483,2021-09-30,730,6979,7709
483,2021-10-01,626,6910,7536
483,2021-10-02,214,4332,4546
483,2021-10-03,52,2857,2909
483,2021-10-04,604,6386,6990
483,2021-10-05,614,6424,7038
483,2021-10-06,605,6586,7191
483,2021-10-07,676,6893,7569
483,2021-10-08,541,6928,7469
483,2021-10-09,243,4939,5182
483,2021-10-10,68,4057,4125
483,2021-10-11,639,6784,7423
483,2021-10-12,841,6904,7745
483,2021-10-13,597,6292,6889
483,2021-10-14,662,7192,7854
483,2021-10-15,611,7082,7693
483,2021-10-16,236,4383,4619
483,2021-10-17,76,3589,3665
483,2021-10-18,534,6442,6976
483,2021-10-19,520,7165,7685
483,2021-10-20,633,7410,8043
483,2021-10-21,649,7049,7698
483,2021-10-22,589,7035,7624
483,2021-10-23,238,4485,4723
483,2021-10-24,66,3983,4049
483,2021-10-25,456,6414,6870
483,2021-10-26,594,6606,7200
483,2021-10-27,574,5689,6263
483,2021-10-28,537,6807,7344
483,2021-10-29,524,7183,7707
483,2021-10-30,168,3399,3567
483,2021-11-01,59,3119,3178
483,2021-11-02,486,6490,6976
483,2021-11-03,455,6118,6573
483,2021-11-04,507,6589,7096
483,2021-11-05,430,6294,6724
483,2021-11-06,229,4342,4571
483,2021-11-07,52,2927,2979
483,2021-11-08,644,6669,7313
483,2021-11-09,581,6818,7399
483,2021-11-10,614,6859,7473
483,2021-11-11,594,7166,7760
483,2021-11-12,518,6322,6840
483,2021-11-13,157,3871,4028
483,2021-11-14,69,2952,3021
483,2021-11-15,488,5698,6186
483,2021-11-16,604,6845,7449
483,2021-11-17,631,6847,7478
483,2021-11-18,613,7264,7877
483,2021-11-19,493,6704,7197
483,2021-11-20,249,4320,4569
483,2021-11-21,57,2833,2890
483,2021-11-22,532,6390,6922
483,2021-11-23,559,6861,7420
483,2021-11-24,589,6506,7095
483,2021-11-25,715,6843,7558
483,2021-11-26,503,6446,6949
483,2021-11-27,208,4164,4372
483,2021-11-28,65,2900,2965
483,2021-11-29,559,6153,6712
483,2021-11-30,568,6808,7376
483,2021-12-01,493,6521,7014
483,2021-12-02,538,6674,7212
483,2021-12-03,535,6461,6996
483,2021-12-04,196,4116,4312
483,2021-12-05,55,2939,2994
483,2021-12-06,583,6460,7043
483,2021-12-07,614,6510,7124
483,2021-12-08,503,5800,6303
483,2021-12-09,581,6630,7211
483,2021-12-10,484,6001,6485
483,2021-12-11,217,4065,4282
483,2021-12-12,61,2731,2792
483,2021-12-13,566,6746,7312
483,2021-12-14,561,6497,7058
483,2021-12-15,625,6436,7061
483,2021-12-16,498,6688,7186
483,2021-12-17,413,6469,6882
483,2021-12-18,190,3891,4081
483,2021-12-19,66,2939,3005
483,2021-12-20,338,5353,5691
483,2021-12-21,371,5513,5884
483,2021-12-22,367,5117,5484
483,2021-12-23,326,5003,5329
483,2021-12-24,187,3939,4126
483,2021-12-25,44,2109,2153
483,2021-12-26,51,2090,2141
483,2021-12-27,193,3540,3733
483,2021-12-28,222,3645,3867
483,2021-12-29,217,3539,3756
483,2021-12-30,236,3991,4227
483,2021-12-31,230,3671,3901
484,2021-02-23,328,4507,4835
484,2021-02-24,374,4276,4650
484,2021-02-25,258,4670,4928
484,2021-02-26,336,4113,4449
484,2021-02-27,110,3500,3610
484,2021-02-28,19,2834,2853
484,2021-03-01,282,3944,4226
484,2021-03-02,425,4634,5059
484,2021-03-03,347,4244,4591
484,2021-03-04,290,4175,4465
484,2021-03-05,358,4406,4764
484,2021-03-06,134,3293,3427
484,2021-03-07,35,2535,2570
484,2021-03-08,327,3975,4302
484,2021-03-09,305,4252,4557
484,2021-03-10,287,4124,4411
484,2021-03-13,68,2890,2958
484,2021-03-14,10,1951,1961
484,2021-03-15,88,1564,1652
484,2021-03-16,116,2414,2530
484,2021-03-17,245,3912,4157
484,2021-03-18,251,4280,4531
484,2021-03-19,269,4192,4461
484,2021-03-20,118,3462,3580
484,2021-03-21,19,2282,2301
484,2021-03-22,246,3943,4189
484,2021-03-23,314,4650,4964
484,2021-03-24,392,5428,5820
484,2021-03-25,411,4530,4941
484,2021-03-26,289,4574,4863
484,2021-03-27,94,3172,3266
484,2021-03-29,310,4694,5004
484,2021-03-30,312,5247,5559
484,2021-03-31,384,5169,5553
484,2021-04-01,351,5376,5727
484,2021-04-02,331,5130,5461
484,2021-04-03,107,3868,3975
484,2021-04-04,13,2617,2630
484,2021-04-05,24,1618,1642
484,2021-04-06,272,3897,4169
484,2021-04-07,293,3817,4110
484,2021-04-08,301,4288,4589
484,2021-04-09,299,4454,4753
484,2021-04-10,110,2817,2927
484,2021-04-11,97,9636,9733
484,2021-04-12,292,4088,4380
484,2021-04-13,311,4455,4766
484,2021-04-14,268,4406,4674
484,2021-04-15,351,4636,4987
484,2021-04-16,284,4301,4585
484,2021-04-17,105,3745,3850
484,2021-04-18,19,2404,2423
484,2021-04-19,360,4046,4406
484,2021-04-20,338,4724,5062
484,2021-04-21,288,4531,4819
484,2021-04-22,271,5015,5286
484,2021-04-23,379,4904,5283
484,2021-04-24,117,4370,4487
484,2021-04-25,15,3495,3510
484,2021-04-26,318,4539,4857
484,2021-04-27,354,4896,5250
484,2021-04-28,352,4688,5040
484,2021-04-29,336,4869,5205
484,2021-04-30,354,5019,5373
484,2021-05-01,21,2691,2712
484,2021-05-02,18,2770,2788
484,2021-05-03,287,4342,4629
484,2021-05-04,239,4515,4754
484,2021-05-05,380,4736,5116
484,2021-05-06,327,4623,4950
484,2021-05-07,322,4753,5075
484,2021-05-08,101,4107,4208
484,2021-05-09,22,3522,3544
484,2021-05-10,290,4294,4584
484,2021-05-11,322,4955,5277
484,2021-05-12,303,5012,5315
484,2021-05-13,27,2421,2448
484,2021-05-14,226,4705,4931
484,2021-05-15,100,3542,3642
484,2021-05-16,27,2254,2281
484,2021-05-17,298,4395,4693
484,2021-05-18,370,4647,5017
484,2021-05-19,332,4630,4962
484,2021-05-20,303,4925,5228
484,2021-05-21,333,5157,5490
484,2021-05-22,171,4506,4677
484,2021-05-23,25,2882,2907
484,2021-05-24,17,2023,2040
484,2021-05-25,296,4161,4457
484,2021-05-26,314,4152,4466
484,2021-05-27,302,4548,4850
484,2021-05-28,325,4892,5217
484,2021-05-29,120,4113,4233
484,2021-05-30,30,3668,3698
484,2021-05-31,337,4836,5173
484,2021-06-01,368,5372,5740
484,2021-06-02,388,5056,5444
484,2021-06-03,362,5172,5534
484,2021-06-04,329,4861,5190
484,2021-06-05,81,3501,3582
484,2021-06-06,12,2674,2686
484,2021-06-07,298,4368,4666
484,2021-06-08,333,4881,5214
484,2021-06-09,321,5030,5351
484,2021-06-10,367,5292,5659
484,2021-06-11,379,5260,5639
484,2021-06-12,164,4640,4804
484,2021-06-13,38,4051,4089
484,2021-06-14,350,4515,4865
484,2021-06-15,345,4910,5255
484,2021-06-16,348,4741,5089
484,2021-06-17,318,4961,5279
484,2021-06-18,308,4748,5056
484,2021-06-19,160,4558,4718
484,2021-06-20,25,3153,3178
484,2021-06-21,248,4390,4638
484,2021-06-22,279,4638,4917
484,2021-06-23,27,2518,2545
484,2021-06-24,283,4196,4479
484,2021-06-25,363,4998,5361
484,2021-06-26,235,5138,5373
484,2021-06-27,47,3156,3203
484,2021-06-28,325,4199,4524
484,2021-06-29,280,4318,4598
484,2021-06-30,268,4054,4322
484,2021-07-01,330,4717,5047
484,2021-07-02,317,5070,5387
484,2021-07-03,94,3825,3919
484,2021-07-04,29,2365,2394
484,2021-07-05,294,4295,4589
484,2021-07-06,302,4544,4846
484,2021-07-07,300,4720,5020
484,2021-07-08,276,4589,4865
484,2021-07-09,314,4902,5216
484,2021-07-10,115,3693,3808
484,2021-07-11,14,2918,2932
484,2021-07-12,286,4329,4615
484,2021-07-13,275,4466,4741
484,2021-07-14,251,4821,5072
484,2021-07-15,345,5513,5858
484,2021-07-16,304,4606,4910
484,2021-07-17,95,3633,3728
484,2021-07-18,24,3124,3148
484,2021-07-19,297,4148,4445
484,2021-07-20,391,4416,4807
484,2021-07-21,311,4400,4711
484,2021-07-22,315,4533,4848
484,2021-07-23,428,4575,5003
484,2021-07-24,110,2929,3039
484,2021-07-25,70,2463,2533
484,2021-07-26,211,3722,3933
484,2021-07-27,266,4348,4614
484,2021-07-28,240,4105,4345
484,2021-07-29,224,4167,4391
484,2021-07-30,234,4179,4413
484,2021-07-31,173,3141,3314
484,2021-08-01,99,2520,2619
484,2021-08-02,166,3106,3272
484,2021-08-03,139,3491,3630
484,2021-08-04,140,3276,3416
484,2021-08-05,159,3443,3602
484,2021-08-06,143,3323,3466
484,2021-08-07,81,2717,2798
484,2021-08-08,34,2082,2116
484,2021-08-09,151,3281,3432
484,2021-08-10,165,3437,3602
484,2021-08-11,184,3536,3720
484,2021-08-12,187,3892,4079
484,2021-08-13,250,3949,4199
484,2021-08-14,175,3269,3444
484,2021-08-15,82,2709,2791
484,2021-08-16,166,3390,3556
484,2021-08-17,167,3464,3631
484,2021-08-18,176,3159,3335
484,2021-08-19,196,3268,3464
484,2021-08-20,177,3590,3767
484,2021-08-21,133,3138,3271
484,2021-08-22,20,2075,2095
484,2021-08-23,198,3186,3384
484,2021-08-24,204,3768,3972
484,2021-08-25,241,3668,3909
484,2021-08-26,198,3730,3928
484,2021-08-27,197,3663,3860
484,2021-08-28,93,2632,2725
484,2021-08-29,22,2103,2125
484,2021-08-30,232,3352,3584
484,2021-08-31,264,3742,4006
484,2021-09-01,284,3789,4073
484,2021-09-02,287,4014,4301
484,2021-09-03,275,4078,4353
484,2021-09-04,119,3228,3347
484,2021-09-05,43,2694,2737
484,2021-09-06,258,3801,4059
484,2021-09-07,325,4056,4381
484,2021-09-08,311,3915,4226
484,2021-09-13,346,4140,4486
484,2021-09-14,281,4256,4537
484,2021-09-15,298,4278,4576
484,2021-09-16,294,4425,4719
484,2021-09-17,362,4516,4878
484,2021-09-18,131,3653,3784
484,2021-09-19,25,2848,2873
484,2021-09-20,279,3948,4227
484,2021-09-21,308,4318,4626
484,2021-09-22,363,4276,4639
484,2021-09-23,322,4558,4880
484,2021-09-24,317,4516,4833
484,2021-09-25,123,3680,3803
484,2021-09-26,16,2169,2185
484,2021-09-27,265,4102,4367
484,2021-09-28,316,4574,4890
484,2021-09-29,298,4312,4610
484,2021-09-30,370,4687,5057
484,2021-10-01,379,4617,4996
484,2021-10-02,118,3325,3443
484,2021-10-03,18,2312,2330
484,2021-10-04,291,4273,4564
484,2021-10-05,291,4471,4762
484,2021-10-06,330,4101,4431
484,2021-10-07,274,4650,4924
484,2021-10-08,312,4686,4998
484,2021-10-09,162,3884,4046
484,2021-10-10,97,3113,3210
484,2021-10-11,336,4032,4368
484,2021-10-12,350,4506,4856
484,2021-10-13,421,4165,4586
484,2021-10-14,331,4715,5046
484,2021-10-15,274,4590,4864
484,2021-10-16,103,3447,3550
484,2021-10-17,18,2379,2397
484,2021-10-18,319,4200,4519
484,2021-10-19,271,4712,4983
484,2021-10-20,272,4798,5070
484,2021-10-21,310,4778,5088
484,2021-10-22,291,4647,4938
484,2021-10-23,96,3477,3573
484,2021-10-24,28,2986,3014
484,2021-10-25,304,4037,4341
484,2021-10-26,262,4349,4611
484,2021-10-27,312,4304,4616
484,2021-10-28,324,4713,5037
484,2021-10-29,309,5247,5556
484,2021-10-30,97,3378,3475
484,2021-11-01,19,2225,2244
484,2021-11-02,246,3669,3915
484,2021-11-03,305,3691,3996
484,2021-11-04,260,3968,4228
484,2021-11-05,230,3851,4081
484,2021-11-06,87,3103,3190
484,2021-11-07,14,1770,1784
484,2021-11-08,253,3971,4224
484,2021-11-09,267,4346,4613
484,2021-11-10,280,4102,4382
484,2021-11-11,266,4547,4813
484,2021-11-12,235,4268,4503
484,2021-11-13,91,2941,3032
484,2021-11-14,14,2109,2123
484,2021-11-15,255,3838,4093
484,2021-11-16,249,4231,4480
484,2021-11-17,350,4992,5342
484,2021-11-18,281,4690,4971
484,2021-11-19,244,4435,4679
484,2021-11-20,101,3194,3295
484,2021-11-21,15,2059,2074
484,2021-11-22,239,3994,4233
484,2021-11-23,300,4437,4737
484,2021-11-24,261,4240,4501
484,2021-11-25,293,4438,4731
484,2021-11-26,242,4457,4699
484,2021-11-27,90,3054,3144
484,2021-11-28,9,1913,1922
484,2021-11-29,328,3903,4231
484,2021-11-30,251,4218,4469
484,2021-12-01,247,4390,4637
484,2021-12-02,243,4331,4574
484,2021-12-03,261,4256,4517
484,2021-12-04,77,3053,3130
484,2021-12-05,15,2041,2056
484,2021-12-06,254,3681,3935
484,2021-12-07,291,4143,4434
484,2021-12-08,246,3975,4221
484,2021-12-09,285,4234,4519
484,2021-12-10,224,3981,4205
484,2021-12-11,88,2905,2993
484,2021-12-12,23,1849,1872
484,2021-12-13,257,4004,4261
484,2021-12-14,248,4051,4299
484,2021-12-15,262,3989,4251
484,2021-12-16,224,4232,4456
484,2021-12-17,232,4240,4472
484,2021-12-18,74,2761,2835
484,2021-12-19,45,1924,1969
484,2021-12-20,131,3290,3421
484,2021-12-21,177,3547,3724
484,2021-12-22,161,3219,3380
484,2021-12-23,120,3405,3525
484,2021-12-24,87,2853,2940
484,2021-12-25,11,1583,1594
484,2021-12-26,16,1446,1462
484,2021-12-27,82,2266,2348
484,2021-12-29,101,2508,2609
484,2021-12-30,82,2790,2872
484,2021-12-31,84,2498,2582
485,2021-01-01,39,2026,2065
485,2021-01-02,110,3137,3247
485,2021-01-03,61,2482,2543
485,2021-01-04,208,3873,4081
485,2021-01-05,218,4197,4415
485,2021-01-06,252,4161,4413
485,2021-01-07,215,4348,4563
485,2021-01-08,234,4275,4509
485,2021-01-09,94,3721,3815
485,2021-01-10,53,3016,3069
485,2021-01-11,213,5122,5335
485,2021-01-12,202,5140,5342
485,2021-01-13,230,5062,5292
485,2021-01-14,273,5221,5494
485,2021-01-15,242,5300,5542
485,2021-01-16,107,4289,4396
485,2021-01-17,47,2899,2946
485,2021-01-18,271,5146,5417
485,2021-01-19,271,5097,5368
485,2021-01-20,265,5222,5487
485,2021-01-21,232,5342,5574
485,2021-01-22,258,5550,5808
485,2021-01-23,200,4421,4621
485,2021-01-24,129,3177,3306
485,2021-01-25,192,5155,5347
485,2021-01-26,294,5388,5682
485,2021-01-27,237,5246,5483
485,2021-01-28,207,5600,5807
485,2021-01-29,210,5775,5985
485,2021-01-30,153,4528,4681
485,2021-01-31,47,3124,3171
485,2021-02-01,310,5156,5466
485,2021-02-02,282,5397,5679
485,2021-02-03,195,5301,5496
485,2021-02-04,236,5586,5822
485,2021-02-05,302,5474,5776
485,2021-02-06,162,4572,4734
485,2021-02-07,48,3196,3244
485,2021-02-08,205,4805,5010
485,2021-02-09,257,4950,5207
485,2021-02-10,243,5111,5354
485,2021-02-11,248,5128,5376
485,2021-02-12,240,5382,5622
485,2021-02-13,169,4392,4561
485,2021-02-14,49,3409,3458
485,2021-02-15,231,4723,4954
485,2021-02-16,216,5114,5330
485,2021-02-17,207,4942,5149
485,2021-02-18,234,5499,5733
485,2021-02-19,241,5891,6132
485,2021-02-20,154,4996,5150
485,2021-02-21,47,4002,4049
485,2021-02-22,268,5847,6115
485,2021-02-23,271,6597,6868
485,2021-02-24,280,6389,6669
485,2021-02-25,243,6925,7168
485,2021-02-26,216,6806,7022
485,2021-02-27,219,5204,5423
485,2021-02-28,68,4568,4636
485,2021-03-01,260,6112,6372
485,2021-03-02,222,6401,6623
485,2021-03-03,339,6160,6499
485,2021-03-04,272,6392,6664
485,2021-03-05,279,6539,6818
485,2021-03-06,182,5104,5286
485,2021-03-07,61,3707,3768
485,2021-03-08,279,5842,6121
485,2021-03-09,278,6205,6483
485,2021-03-10,311,6045,6356
485,2021-03-11,270,6299,6569
485,2021-03-12,273,6351,6624
485,2021-03-13,157,4696,4853
485,2021-03-14,45,3129,3174
485,2021-03-15,199,5913,6112
485,2021-03-16,224,5954,6178
485,2021-03-17,313,5842,6155
485,2021-03-18,304,6246,6550
485,2021-03-19,277,6331,6608
485,2021-03-20,200,5141,5341
485,2021-03-21,66,3542,3608
485,2021-03-22,333,5701,6034
485,2021-03-23,257,6090,6347
485,2021-03-24,217,6143,6360
485,2021-03-25,219,6314,6533
485,2021-03-26,231,6570,6801
485,2021-03-27,200,4894,5094
485,2021-03-29,210,6226,6436
485,2021-03-30,375,6532,6907
485,2021-03-31,267,6519,6786
485,2021-04-01,389,6793,7182
485,2021-04-02,338,6998,7336
485,2021-04-03,167,5448,5615
485,2021-04-04,45,3863,3908
485,2021-04-05,44,2930,2974
485,2021-04-06,270,6143,6413
485,2021-04-07,270,6791,7061
485,2021-04-08,260,7256,7516
485,2021-04-09,254,7293,7547
485,2021-04-10,150,5093,5243
485,2021-04-11,42,3670,3712
485,2021-04-12,203,4703,4906
485,2021-04-13,296,5654,5950
485,2021-04-14,257,6266,6523
485,2021-04-15,309,6737,7046
485,2021-04-16,285,6857,7142
485,2021-04-17,196,6625,6821
485,2021-04-18,50,4397,4447
485,2021-04-19,227,6093,6320
485,2021-04-20,242,6682,6924
485,2021-04-21,230,6454,6684
485,2021-04-22,231,6758,6989
485,2021-04-23,237,6788,7025
485,2021-04-24,150,5792,5942
485,2021-04-25,42,4490,4532
485,2021-04-26,213,6196,6409
485,2021-04-27,236,6659,6895
485,2021-04-28,212,6419,6631
485,2021-04-29,251,6912,7163
485,2021-04-30,219,7245,7464
485,2021-05-01,47,4424,4471
485,2021-05-02,45,4084,4129
485,2021-05-03,214,6117,6331
485,2021-05-04,251,6367,6618
485,2021-05-05,223,6424,6647
485,2021-05-06,232,6563,6795
485,2021-05-07,229,6791,7020
485,2021-05-08,145,5700,5845
485,2021-05-09,39,4471,4510
485,2021-05-10,216,6123,6339
485,2021-05-11,203,6500,6703
485,2021-05-12,228,6653,6881
485,2021-05-13,48,4247,4295
485,2021-05-15,142,5089,5231
485,2021-05-16,52,3906,3958
485,2021-05-17,210,6117,6327
485,2021-05-18,225,5336,5561
485,2021-05-19,236,6472,6708
485,2021-05-20,225,6688,6913
485,2021-05-21,226,7030,7256
485,2021-05-22,167,6166,6333
485,2021-05-23,44,4247,4291
485,2021-05-24,49,3234,3283
485,2021-05-25,183,5688,5871
485,2021-05-26,192,5654,5846
485,2021-05-27,204,5901,6105
485,2021-05-28,202,6187,6389
485,2021-05-29,155,5355,5510
485,2021-05-30,40,4371,4411
485,2021-05-31,196,6466,6662
485,2021-06-01,210,6828,7038
485,2021-06-02,250,6681,6931
485,2021-06-03,237,6770,7007
485,2021-06-04,240,6789,7029
485,2021-06-05,142,5370,5512
485,2021-06-06,44,3997,4041
485,2021-06-07,219,6304,6523
485,2021-06-08,221,6684,6905
485,2021-06-09,230,6788,7018
485,2021-06-10,233,7005,7238
485,2021-06-11,218,7225,7443
485,2021-06-12,157,5812,5969
485,2021-06-13,48,4824,4872
485,2021-06-14,213,6618,6831
485,2021-06-16,240,6601,6841
485,2021-06-17,262,7175,7437
485,2021-06-18,271,7908,8179
485,2021-06-19,275,13099,13374
485,2021-06-20,88,9599,9687
485,2021-06-21,240,6763,7003
485,2021-06-22,233,6927,7160
485,2021-06-23,45,4086,4131
485,2021-06-24,237,6618,6855
485,2021-06-25,225,7126,7351
485,2021-06-26,160,6911,7071
485,2021-06-27,46,4664,4710
485,2021-06-28,219,6546,6765
485,2021-06-29,232,6684,6916
485,2021-06-30,245,6886,7131
485,2021-07-01,238,7135,7373
485,2021-07-02,233,7110,7343
485,2021-07-03,153,5935,6088
485,2021-07-04,59,4256,4315
485,2021-07-05,203,6404,6607
485,2021-07-06,207,6711,6918
485,2021-07-07,242,6814,7056
485,2021-07-08,235,6700,6935
485,2021-07-09,233,7203,7436
485,2021-07-10,147,5770,5917
485,2021-07-11,52,4504,4556
485,2021-07-12,208,6478,6686
485,2021-07-13,192,6323,6515
485,2021-07-14,235,6417,6652
485,2021-07-15,233,7352,7585
485,2021-07-16,198,6777,6975
485,2021-07-17,151,5460,5611
485,2021-07-18,56,4452,4508
485,2021-07-19,194,5951,6145
485,2021-07-20,174,6261,6435
485,2021-07-21,203,6280,6483
485,2021-07-22,198,6393,6591
485,2021-07-23,185,6176,6361
485,2021-07-24,152,4608,4760
485,2021-07-25,56,3900,3956
485,2021-07-26,305,6820,7125
485,2021-07-27,332,6677,7009
485,2021-07-28,189,5901,6090
485,2021-07-29,191,5913,6104
485,2021-07-30,187,5681,5868
485,2021-08-02,167,4356,4523
485,2021-08-03,169,4642,4811
485,2021-08-04,183,4753,4936
485,2021-08-05,188,4679,4867
485,2021-08-06,165,4801,4966
485,2021-08-07,153,4069,4222
485,2021-08-08,62,2995,3057
485,2021-08-09,163,4563,4726
485,2021-08-10,172,4742,4914
485,2021-08-11,178,4551,4729
485,2021-08-12,176,4806,4982
485,2021-08-13,158,4830,4988
485,2021-08-14,148,3978,4126
485,2021-08-15,57,3160,3217
485,2021-08-16,174,4229,4403
485,2021-08-17,172,4449,4621
485,2021-08-18,179,4679,4858
485,2021-08-19,163,4789,4952
485,2021-08-20,168,5137,5305
485,2021-08-21,152,4183,4335
485,2021-08-22,53,3098,3151
485,2021-08-23,159,4688,4847
485,2021-08-24,181,5148,5329
485,2021-08-25,188,5170,5358
485,2021-08-26,198,5406,5604
485,2021-08-27,215,5278,5493
485,2021-08-28,146,4484,4630
485,2021-08-29,55,3506,3561
485,2021-08-30,238,5436,5674
485,2021-08-31,213,5766,5979
485,2021-09-01,205,5872,6077
485,2021-09-02,205,6004,6209
485,2021-09-03,212,6241,6453
485,2021-09-04,160,4824,4984
485,2021-09-05,52,4104,4156
485,2021-09-06,219,6113,6332
485,2021-09-07,211,6240,6451
485,2021-09-08,197,6030,6227
485,2021-09-09,197,6062,6259
485,2021-09-10,207,6365,6572
485,2021-09-11,157,5424,5581
485,2021-09-12,52,4365,4417
485,2021-09-13,215,6206,6421
485,2021-09-14,216,6418,6634
485,2021-09-15,211,6060,6271
485,2021-09-16,225,6858,7083
485,2021-09-17,172,5338,5510
485,2021-09-18,166,5692,5858
485,2021-09-19,52,4189,4241
485,2021-09-20,235,6156,6391
485,2021-09-21,232,6463,6695
485,2021-09-22,238,6312,6550
485,2021-09-23,222,6721,6943
485,2021-09-24,222,6872,7094
485,2021-09-25,177,5974,6151
485,2021-09-26,68,4892,4960
485,2021-09-27,220,6124,6344
485,2021-09-28,231,6521,6752
485,2021-09-29,228,6301,6529
485,2021-09-30,277,7298,7575
485,2021-10-01,264,7349,7613
485,2021-10-02,221,5700,5921
485,2021-10-03,56,4166,4222
485,2021-10-04,229,6234,6463
485,2021-10-05,235,6567,6802
485,2021-10-06,233,6214,6447
485,2021-10-07,233,6533,6766
485,2021-10-08,228,7039,7267
485,2021-10-09,162,5977,6139
485,2021-10-10,67,4581,4648
485,2021-10-11,243,6214,6457
485,2021-10-12,268,6436,6704
485,2021-10-13,256,6492,6748
485,2021-10-14,265,6500,6765
485,2021-10-15,252,6831,7083
485,2021-10-16,165,5972,6137
485,2021-10-17,65,4672,4737
485,2021-10-18,219,6085,6304
485,2021-10-19,237,6399,6636
485,2021-10-20,224,6200,6424
485,2021-10-21,233,6137,6370
485,2021-10-22,237,6830,7067
485,2021-10-23,149,5771,5920
485,2021-10-24,55,4407,4462
485,2021-10-25,216,6195,6411
485,2021-10-26,230,6348,6578
485,2021-10-27,224,6341,6565
485,2021-10-28,230,6666,6896
485,2021-10-29,228,7059,7287
485,2021-10-30,146,5309,5455
485,2021-11-01,54,4088,4142
485,2021-11-02,166,5299,5465
485,2021-11-03,190,5131,5321
485,2021-11-04,204,5535,5739
485,2021-11-05,197,5876,6073
485,2021-11-06,155,5096,5251
485,2021-11-07,47,3552,3599
485,2021-11-08,223,5834,6057
485,2021-11-09,239,6368,6607
485,2021-11-10,240,6454,6694
485,2021-11-11,236,6528,6764
485,2021-11-12,228,6548,6776
485,2021-11-13,158,5604,5762
485,2021-11-14,53,3882,3935
485,2021-11-15,222,6201,6423
485,2021-11-16,238,7034,7272
485,2021-11-17,252,6768,7020
485,2021-11-18,249,6998,7247
485,2021-11-19,231,7191,7422
485,2021-11-20,154,5588,5742
485,2021-11-21,48,3862,3910
485,2021-11-22,249,6452,6701
485,2021-11-23,250,6923,7173
485,2021-11-24,250,6703,6953
485,2021-11-25,256,6942,7198
485,2021-11-26,231,7250,7481
485,2021-11-27,157,5577,5734
485,2021-11-28,54,3834,3888
485,2021-11-29,246,7019,7265
485,2021-11-30,242,7571,7813
485,2021-12-01,234,7247,7481
485,2021-12-02,273,7462,7735
485,2021-12-03,257,7512,7769
485,2021-12-04,159,5810,5969
485,2021-12-05,53,3917,3970
485,2021-12-06,256,6311,6567
485,2021-12-07,223,6829,7052
485,2021-12-08,263,6835,7098
485,2021-12-09,229,6876,7105
485,2021-12-10,189,6209,6398
485,2021-12-11,146,5788,5934
485,2021-12-12,50,3984,4034
485,2021-12-13,235,6199,6434
485,2021-12-14,233,6548,6781
485,2021-12-15,233,6400,6633
485,2021-12-16,217,6501,6718
485,2021-12-17,223,6755,6978
485,2021-12-18,158,5159,5317
485,2021-12-19,47,3850,3897
485,2021-12-20,176,5106,5282
485,2021-12-21,182,5439,5621
485,2021-12-22,186,5407,5593
485,2021-12-23,192,5642,5834
485,2021-12-24,134,5181,5315
485,2021-12-25,33,3041,3074
485,2021-12-26,40,2889,2929
485,2021-12-27,161,4103,4264
485,2021-12-28,158,4528,4686
485,2021-12-29,150,4508,4658
485,2021-12-30,155,4740,4895
485,2021-12-31,147,4601,4748
486,2021-01-01,94,4985,5079
486,2021-01-02,247,7500,7747
486,2021-01-03,109,5981,6090
486,2021-01-04,377,10591,10968
486,2021-01-05,397,11263,11660
486,2021-01-06,375,10879,11254
486,2021-01-07,414,11397,11811
486,2021-01-08,399,12201,12600
486,2021-01-09,255,9985,10240
486,2021-01-10,111,7489,7600
486,2021-01-11,441,13828,14269
486,2021-01-12,468,13845,14313
486,2021-01-13,490,13504,13994
486,2021-01-14,475,13084,13559
486,2021-01-15,468,13413,13881
486,2021-01-16,264,11085,11349
486,2021-01-17,109,7022,7131
486,2021-01-18,473,13596,14069
486,2021-01-19,468,14085,14553
486,2021-01-20,493,14094,14587
486,2021-01-21,482,13834,14316
486,2021-01-28,406,13259,13665
486,2021-01-29,428,13786,14214
486,2021-01-30,313,12559,12872
486,2021-01-31,102,7869,7971
486,2021-02-01,448,13606,14054
486,2021-02-02,441,14202,14643
486,2021-02-03,454,13872,14326
486,2021-02-04,477,14378,14855
486,2021-02-05,487,15195,15682
486,2021-02-06,300,12276,12576
486,2021-02-07,110,8185,8295
486,2021-02-08,426,13268,13694
486,2021-02-09,403,13504,13907
486,2021-02-10,383,13519,13902
486,2021-02-11,427,13976,14403
486,2021-02-12,394,14760,15154
486,2021-02-13,310,12002,12312
486,2021-02-14,104,8295,8399
486,2021-02-15,418,12977,13395
486,2021-02-16,516,13757,14273
486,2021-02-17,534,13647,14181
486,2021-02-18,560,13512,14072
486,2021-02-19,534,14518,15052
486,2021-02-20,410,13006,13416
486,2021-02-21,168,10154,10322
486,2021-02-22,498,14161,14659
486,2021-02-23,488,14366,14854
486,2021-02-24,486,14770,15256
486,2021-02-25,484,14925,15409
486,2021-02-26,497,15484,15981
486,2021-02-27,292,13420,13712
486,2021-02-28,105,9728,9833
486,2021-03-01,479,14176,14655
486,2021-03-02,490,14659,15149
486,2021-03-03,458,14629,15087
486,2021-03-04,490,14618,15108
486,2021-03-05,499,15198,15697
486,2021-03-06,307,13849,14156
486,2021-03-07,105,9626,9731
486,2021-03-08,482,14459,14941
486,2021-03-09,482,14875,15357
486,2021-03-10,495,14558,15053
486,2021-03-11,446,14535,14981
486,2021-03-12,460,15407,15867
486,2021-03-13,296,12796,13092
486,2021-03-14,112,8202,8314
486,2021-03-15,451,14225,14676
486,2021-03-16,470,14641,15111
486,2021-03-17,462,14758,15220
486,2021-03-18,472,14105,14577
486,2021-03-19,487,15480,15967
486,2021-03-20,329,13589,13918
486,2021-03-21,100,9002,9102
486,2021-03-22,471,14281,14752
486,2021-03-23,480,14873,15353
486,2021-03-24,468,14729,15197
486,2021-03-25,493,14670,15163
486,2021-03-26,444,15940,16384
486,2021-03-27,422,13469,13891
486,2021-03-29,452,14664,15116
486,2021-03-30,464,15431,15895
486,2021-03-31,479,15090,15569
486,2021-04-01,464,15426,15890
486,2021-04-02,459,16329,16788
486,2021-04-03,298,14350,14648
486,2021-04-04,117,9308,9425
486,2021-04-05,111,7402,7513
486,2021-04-06,452,14137,14589
486,2021-04-07,428,14759,15187
486,2021-04-08,421,13745,14166
486,2021-04-09,428,15448,15876
486,2021-04-10,299,12579,12878
486,2021-04-11,111,8349,8460
486,2021-04-12,451,14531,14982
486,2021-04-13,430,14905,15335
486,2021-04-14,430,14596,15026
486,2021-04-15,426,14840,15266
486,2021-04-16,460,15294,15754
486,2021-04-17,291,14133,14424
486,2021-04-18,104,9496,9600
486,2021-04-19,490,14268,14758
486,2021-04-20,498,15492,15990
486,2021-04-21,507,14662,15169
486,2021-04-22,473,15436,15909
486,2021-04-23,456,16384,16840
486,2021-04-24,306,14589,14895
486,2021-04-25,104,11122,11226
486,2021-04-26,467,15253,15720
486,2021-04-27,475,15295,15770
486,2021-04-28,496,15306,15802
486,2021-04-29,443,15616,16059
486,2021-04-30,461,16570,17031
486,2021-05-01,112,11879,11991
486,2021-05-02,107,10284,10391
486,2021-05-03,492,15501,15993
486,2021-05-04,440,15756,16196
486,2021-05-05,493,15355,15848
486,2021-05-06,480,15603,16083
486,2021-05-07,468,16648,17116
486,2021-05-08,315,15229,15544
486,2021-05-09,100,11467,11567
486,2021-05-10,465,14939,15404
486,2021-05-11,480,15680,16160
486,2021-05-12,455,16273,16728
486,2021-05-13,116,10700,10816
486,2021-05-14,410,16256,16666
486,2021-05-15,294,13844,14138
486,2021-05-16,114,10400,10514
486,2021-05-17,436,14457,14893
486,2021-05-18,500,15714,16214
486,2021-05-19,482,15583,16065
486,2021-05-20,504,15667,16171
486,2021-05-21,471,16835,17306
486,2021-05-22,292,14836,15128
486,2021-05-23,106,10920,11026
486,2021-05-24,113,9073,9186
486,2021-05-25,398,15105,15503
486,2021-05-26,434,15041,15475
486,2021-05-27,394,15095,15489
486,2021-05-28,408,16167,16575
486,2021-05-29,276,15540,15816
486,2021-05-30,118,12942,13060
486,2021-05-31,455,15391,15846
486,2021-06-01,467,15371,15838
486,2021-06-02,468,15667,16135
486,2021-06-03,572,19406,19978
486,2021-06-04,612,18448,19060
486,2021-06-05,300,15696,15996
486,2021-06-06,111,11813,11924
486,2021-06-07,467,15025,15492
486,2021-06-08,486,16434,16920
486,2021-06-09,501,16114,16615
486,2021-06-10,479,16427,16906
486,2021-06-11,445,17483,17928
486,2021-06-12,302,15748,16050
486,2021-06-13,102,13144,13246
486,2021-06-14,458,15674,16132
486,2021-06-15,485,16466,16951
486,2021-06-16,481,16177,16658
486,2021-06-17,493,16490,16983
486,2021-06-18,463,17151,17614
486,2021-06-19,318,16679,16997
486,2021-06-20,124,13315,13439
486,2021-06-21,501,15790,16291
486,2021-06-22,483,16819,17302
486,2021-06-23,109,11344,11453
486,2021-06-24,478,15515,15993
486,2021-06-25,472,17026,17498
486,2021-06-26,283,16093,16376
486,2021-06-27,109,12159,12268
486,2021-06-28,506,15730,16236
486,2021-06-29,488,16252,16740
486,2021-06-30,502,15904,16406
486,2021-07-01,457,16661,17118
486,2021-07-02,463,17165,17628
486,2021-07-03,292,16403,16695
486,2021-07-04,134,12172,12306
486,2021-07-05,450,15425,15875
486,2021-07-06,447,16346,16793
486,2021-07-07,454,16070,16524
486,2021-07-08,484,16050,16534
486,2021-07-09,495,17175,17670
486,2021-07-10,322,16107,16429
486,2021-07-11,121,12293,12414
486,2021-07-12,447,15384,15831
486,2021-07-13,434,15506,15940
486,2021-07-14,461,16113,16574
486,2021-07-15,428,16312,16740
486,2021-07-16,416,16620,17036
486,2021-07-17,308,15579,15887
486,2021-07-18,133,12294,12427
486,2021-07-19,415,14827,15242
486,2021-07-20,448,15322,15770
486,2021-07-21,429,15310,15739
486,2021-07-22,455,15077,15532
486,2021-07-23,427,16057,16484
486,2021-07-24,328,14138,14466
486,2021-07-25,133,11138,11271
486,2021-07-26,431,14155,14586
486,2021-07-27,446,14634,15080
486,2021-07-28,434,14964,15398
486,2021-07-29,439,14825,15264
486,2021-07-30,441,14780,15221
486,2021-07-31,314,12607,12921
486,2021-08-01,129,9597,9726
486,2021-08-02,404,11812,12216
486,2021-08-03,411,12031,12442
486,2021-08-04,405,12361,12766
486,2021-08-05,391,12109,12500
486,2021-08-06,401,12618,13019
486,2021-08-07,320,10808,11128
486,2021-08-08,123,8505,8628
486,2021-08-09,376,11435,11811
486,2021-08-10,393,11604,11997
486,2021-08-11,385,11725,12110
486,2021-08-12,387,11826,12213
486,2021-08-13,398,12223,12621
486,2021-08-14,317,10420,10737
486,2021-08-15,129,8459,8588
486,2021-08-16,381,10846,11227
486,2021-08-17,403,11273,11676
486,2021-08-18,401,11446,11847
486,2021-08-19,381,11788,12169
486,2021-08-20,387,12685,13072
486,2021-08-21,318,11329,11647
486,2021-08-22,134,8722,8856
486,2021-08-23,369,12512,12881
486,2021-08-24,390,13383,13773
486,2021-08-25,401,13425,13826
486,2021-08-26,437,13427,13864
486,2021-08-27,401,14356,14757
486,2021-08-28,331,13309,13640
486,2021-08-29,127,10250,10377
486,2021-08-30,423,13869,14292
486,2021-08-31,424,14578,15002
486,2021-09-01,393,15050,15443
486,2021-09-02,428,14606,15034
486,2021-09-03,437,15666,16103
486,2021-09-04,671,10253,10924
486,2021-09-05,182,11612,11794
486,2021-09-06,442,14402,14844
486,2021-09-07,436,15154,15590
486,2021-09-08,455,14807,15262
486,2021-09-09,420,14597,15017
486,2021-09-10,440,15935,16375
486,2021-09-11,342,16539,16881
486,2021-09-12,134,12512,12646
486,2021-09-13,418,15198,15616
486,2021-09-14,455,16208,16663
486,2021-09-15,437,15363,15800
486,2021-09-16,442,15977,16419
486,2021-09-17,443,17059,17502
486,2021-09-18,316,13834,14150
486,2021-09-19,119,10418,10537
486,2021-09-20,383,12817,13200
486,2021-09-21,408,12858,13266
486,2021-09-22,423,12768,13191
486,2021-09-23,423,13904,14327
486,2021-09-24,453,15903,16356
486,2021-09-25,314,15657,15971
486,2021-09-26,127,11876,12003
486,2021-09-27,477,14558,15035
486,2021-09-28,471,15440,15911
486,2021-09-29,422,14169,14591
486,2021-09-30,397,13988,14385
486,2021-10-01,389,15233,15622
486,2021-10-02,283,14676,14959
486,2021-10-03,110,9750,9860
486,2021-10-04,406,13742,14148
486,2021-10-05,453,15428,15881
486,2021-10-06,440,15138,15578
486,2021-10-07,485,15594,16079
486,2021-10-08,468,16630,17098
486,2021-10-09,322,15888,16210
486,2021-10-10,129,12124,12253
486,2021-10-11,463,14994,15457
486,2021-10-12,517,15529,16046
486,2021-10-13,510,15481,15991
486,2021-10-14,471,15732,16203
486,2021-10-15,493,16735,17228
486,2021-10-16,321,15666,15987
486,2021-10-17,134,11797,11931
486,2021-10-18,439,14919,15358
486,2021-10-19,452,14947,15399
486,2021-10-20,466,14598,15064
486,2021-10-21,440,14802,15242
486,2021-10-22,477,16107,16584
486,2021-10-23,319,15348,15667
486,2021-10-24,119,12302,12421
486,2021-10-25,476,14763,15239
486,2021-10-26,472,15192,15664
486,2021-10-27,478,15118,15596
486,2021-10-28,486,15423,15909
486,2021-10-29,464,16866,17330
486,2021-10-30,328,14996,15324
486,2021-11-01,125,10058,10183
486,2021-11-02,380,13545,13925
486,2021-11-03,389,13427,13816
486,2021-11-04,432,13283,13715
486,2021-11-05,418,13464,13882
486,2021-11-06,328,13145,13473
486,2021-11-07,118,9197,9315
486,2021-11-08,506,13823,14329
486,2021-11-09,510,14835,15345
486,2021-11-10,514,14682,15196
486,2021-11-11,473,15369,15842
486,2021-11-12,503,16082,16585
486,2021-11-13,446,14808,15254
486,2021-11-14,199,10959,11158
486,2021-11-15,487,14301,14788
486,2021-11-16,462,14982,15444
486,2021-11-17,476,15027,15503
486,2021-11-18,492,14651,15143
486,2021-11-19,501,16110,16611
486,2021-11-20,329,15770,16099
486,2021-11-21,131,10929,11060
486,2021-11-22,475,14337,14812
486,2021-11-23,508,15203,15711
486,2021-11-24,516,15071,15587
486,2021-11-25,468,14642,15110
486,2021-11-26,500,16196,16696
486,2021-11-27,340,14580,14920
486,2021-11-28,139,10795,10934
486,2021-11-29,481,14598,15079
486,2021-11-30,469,14766,15235
486,2021-12-01,445,14832,15277
486,2021-12-02,495,15239,15734
486,2021-12-03,491,16207,16698
486,2021-12-04,329,14802,15131
486,2021-12-05,128,10896,11024
486,2021-12-06,485,14194,14679
486,2021-12-07,499,14939,15438
486,2021-12-08,525,15147,15672
486,2021-12-09,503,15206,15709
486,2021-12-10,461,15312,15773
486,2021-12-11,310,15473,15783
486,2021-12-12,135,11236,11371
486,2021-12-13,468,14539,15007
486,2021-12-14,453,15512,15965
486,2021-12-15,490,15571,16061
486,2021-12-16,465,15891,16356
486,2021-12-17,477,16552,17029
486,2021-12-18,319,14113,14432
486,2021-12-19,123,10201,10324
486,2021-12-20,371,13714,14085
486,2021-12-21,413,14107,14520
486,2021-12-22,411,13880,14291
486,2021-12-23,380,14403,14783
486,2021-12-24,311,12785,13096
486,2021-12-25,92,6885,6977
486,2021-12-26,98,6847,6945
486,2021-12-27,345,11074,11419
486,2021-12-28,361,11387,11748
486,2021-12-29,362,11588,11950
486,2021-12-30,333,12019,12352
486,2021-12-31,352,12081,12433
487,2021-01-01,36,3143,3179
487,2021-01-02,111,4336,4447
487,2021-01-03,54,3620,3674
487,2021-01-04,349,6388,6737
487,2021-01-05,372,6797,7169
487,2021-01-06,377,6469,6846
487,2021-01-07,351,6896,7247
487,2021-01-08,285,6985,7270
487,2021-01-09,116,5291,5407
487,2021-01-10,59,4408,4467
487,2021-01-11,324,8167,8491
487,2021-01-12,268,8282,8550
487,2021-01-13,317,8428,8745
487,2021-01-14,267,7405,7672
487,2021-01-15,266,7557,7823
487,2021-01-16,96,5697,5793
487,2021-01-17,51,3873,3924
487,2021-01-18,275,8065,8340
487,2021-01-19,290,8449,8739
487,2021-01-20,336,8325,8661
487,2021-01-21,367,8523,8890
487,2021-01-22,282,8686,8968
487,2021-01-23,185,6368,6553
487,2021-01-24,50,4580,4630
487,2021-01-25,323,8098,8421
487,2021-01-26,333,8727,9060
487,2021-01-27,321,8055,8376
487,2021-01-28,363,8671,9034
487,2021-01-29,320,8969,9289
487,2021-01-30,242,6157,6399
487,2021-01-31,62,4478,4540
487,2021-02-01,353,8402,8755
487,2021-02-02,385,8904,9289
487,2021-02-03,317,8195,8512
487,2021-02-04,384,9007,9391
487,2021-02-05,360,8787,9147
487,2021-02-06,167,6531,6698
487,2021-02-07,53,4617,4670
487,2021-02-08,343,7779,8122
487,2021-02-09,359,8072,8431
487,2021-02-10,382,7893,8275
487,2021-02-11,371,8195,8566
487,2021-02-12,349,8286,8635
487,2021-02-13,186,6223,6409
487,2021-02-14,53,4789,4842
487,2021-02-15,405,7472,7877
487,2021-02-16,388,7842,8230
487,2021-02-17,392,8137,8529
487,2021-02-18,437,8459,8896
487,2021-02-19,434,9090,9524
487,2021-02-20,203,7185,7388
487,2021-02-21,62,5574,5636
487,2021-02-22,487,9587,10074
487,2021-02-23,495,10386,10881
487,2021-02-24,372,10322,10694
487,2021-02-25,430,10907,11337
487,2021-02-26,378,10741,11119
487,2021-02-27,279,7742,8021
487,2021-02-28,43,4669,4712
487,2021-03-01,416,9862,10278
487,2021-03-02,393,10177,10570
487,2021-03-03,395,10053,10448
487,2021-03-04,367,10114,10481
487,2021-03-05,398,10306,10704
487,2021-03-06,212,7567,7779
487,2021-03-07,66,5437,5503
487,2021-03-08,393,9600,9993
487,2021-03-09,362,10000,10362
487,2021-03-10,391,9816,10207
487,2021-03-11,305,10098,10403
487,2021-03-12,365,10207,10572
487,2021-03-13,163,6864,7027
487,2021-03-14,54,4899,4953
487,2021-03-15,384,9713,10097
487,2021-03-16,410,10154,10564
487,2021-03-17,358,9804,10162
487,2021-03-18,380,10349,10729
487,2021-03-19,347,10407,10754
487,2021-03-20,312,7535,7847
487,2021-03-21,65,5311,5376
487,2021-03-22,431,9951,10382
487,2021-03-23,410,10429,10839
487,2021-03-24,383,10244,10627
487,2021-03-25,383,10327,10710
487,2021-03-26,372,10758,11130
487,2021-03-27,198,7469,7667
487,2021-03-29,345,10127,10472
487,2021-03-30,373,10895,11268
487,2021-03-31,362,10620,10982
487,2021-04-01,396,11079,11475
487,2021-04-02,419,10925,11344
487,2021-04-03,284,7839,8123
487,2021-04-04,58,5738,5796
487,2021-04-05,58,4626,4684
487,2021-04-06,443,9765,10208
487,2021-04-07,480,10223,10703
487,2021-04-08,375,9991,10366
487,2021-04-09,415,10741,11156
487,2021-04-10,158,7379,7537
487,2021-04-11,50,4839,4889
487,2021-04-12,431,9909,10340
487,2021-04-13,462,10433,10895
487,2021-04-14,666,10158,10824
487,2021-04-15,467,10553,11020
487,2021-04-16,474,10719,11193
487,2021-04-17,246,8348,8594
487,2021-04-18,57,5873,5930
487,2021-04-19,380,10231,10611
487,2021-04-20,470,10789,11259
487,2021-04-21,412,10364,10776
487,2021-04-22,505,10685,11190
487,2021-04-23,409,11215,11624
487,2021-04-24,610,8386,8996
487,2021-04-25,67,6370,6437
487,2021-04-26,450,10417,10867
487,2021-04-27,456,10791,11247
487,2021-04-28,574,10089,10663
487,2021-04-29,603,11057,11660
487,2021-04-30,429,11261,11690
487,2021-05-01,82,6586,6668
487,2021-05-02,68,5868,5936
487,2021-05-03,427,10630,11057
487,2021-05-04,426,10781,11207
487,2021-05-05,468,10896,11364
487,2021-05-06,453,10719,11172
487,2021-05-07,461,11306,11767
487,2021-05-08,248,8608,8856
487,2021-05-09,61,6616,6677
487,2021-05-10,458,10286,10744
487,2021-05-11,496,10932,11428
487,2021-05-12,463,11172,11635
487,2021-05-13,81,6152,6233
487,2021-05-14,274,9933,10207
487,2021-05-15,344,7753,8097
487,2021-05-16,96,5773,5869
487,2021-05-17,384,10547,10931
487,2021-05-18,381,11156,11537
487,2021-05-19,427,10955,11382
487,2021-05-20,459,11353,11812
487,2021-05-21,491,11957,12448
487,2021-05-22,216,9172,9388
487,2021-05-23,73,6221,6294
487,2021-05-24,68,5244,5312
487,2021-05-25,428,10114,10542
487,2021-05-26,398,9944,10342
487,2021-05-27,460,10345,10805
487,2021-05-28,496,10581,11077
487,2021-05-29,215,8072,8287
487,2021-05-30,59,6531,6590
487,2021-05-31,380,10841,11221
487,2021-06-01,459,11557,12016
487,2021-06-02,668,10918,11586
487,2021-06-03,764,11043,11807
487,2021-06-04,600,10650,11250
487,2021-06-05,219,8063,8282
487,2021-06-06,74,6157,6231
487,2021-06-07,406,10543,10949
487,2021-06-08,445,11388,11833
487,2021-06-09,434,11195,11629
487,2021-06-10,395,11741,12136
487,2021-06-11,379,11961,12340
487,2021-06-12,216,8879,9095
487,2021-06-13,66,6985,7051
487,2021-06-14,590,11023,11613
487,2021-06-15,556,11203,11759
487,2021-06-16,413,11070,11483
487,2021-06-17,431,11435,11866
487,2021-06-18,471,12019,12490
487,2021-06-19,505,13290,13795
487,2021-06-20,106,10257,10363
487,2021-06-21,504,10975,11479
487,2021-06-22,604,11605,12209
487,2021-06-23,79,6305,6384
487,2021-06-24,545,11270,11815
487,2021-06-25,523,11619,12142
487,2021-06-26,474,11027,11501
487,2021-06-27,82,7409,7491
487,2021-06-28,494,10792,11286
487,2021-06-29,509,11190,11699
487,2021-06-30,496,11248,11744
487,2021-07-01,546,11878,12424
487,2021-07-02,403,11665,12068
487,2021-07-03,223,8959,9182
487,2021-07-04,91,6318,6409
487,2021-07-05,435,10979,11414
487,2021-07-06,401,10961,11362
487,2021-07-07,460,11280,11740
487,2021-07-08,426,11548,11974
487,2021-07-09,443,11838,12281
487,2021-07-10,261,8907,9168
487,2021-07-11,78,6473,6551
487,2021-07-12,444,10951,11395
487,2021-07-13,398,10142,10540
487,2021-07-14,396,9108,9504
487,2021-07-15,376,10924,11300
487,2021-07-16,523,11521,12044
487,2021-07-17,202,8524,8726
487,2021-07-18,73,6530,6603
487,2021-07-19,358,10023,10381
487,2021-07-20,405,10429,10834
487,2021-07-21,370,10340,10710
487,2021-07-22,420,10342,10762
487,2021-07-23,387,10583,10970
487,2021-07-24,540,6928,7468
487,2021-07-25,73,5816,5889
487,2021-07-26,410,9497,9907
487,2021-07-27,430,9736,10166
487,2021-07-28,368,10003,10371
487,2021-07-29,361,9622,9983
487,2021-07-30,330,9451,9781
487,2021-07-31,181,6786,6967
487,2021-08-01,82,5352,5434
487,2021-08-02,264,7608,7872
487,2021-08-03,284,7497,7781
487,2021-08-04,251,7674,7925
487,2021-08-05,283,7508,7791
487,2021-08-06,260,7648,7908
487,2021-08-07,182,5989,6171
487,2021-08-08,84,4758,4842
487,2021-08-09,249,7170,7419
487,2021-08-10,240,7557,7797
487,2021-08-11,231,7766,7997
487,2021-08-12,209,7427,7636
487,2021-08-13,255,7331,7586
487,2021-08-14,167,5596,5763
487,2021-08-15,53,4817,4870
487,2021-08-16,248,6908,7156
487,2021-08-17,256,7153,7409
487,2021-08-18,227,7310,7537
487,2021-08-19,258,7520,7778
487,2021-08-20,239,7738,7977
487,2021-08-21,170,5976,6146
487,2021-08-22,62,4943,5005
487,2021-08-23,255,7750,8005
487,2021-08-24,276,8441,8717
487,2021-08-25,331,8461,8792
487,2021-08-26,317,8786,9103
487,2021-08-27,358,8893,9251
487,2021-08-28,188,6569,6757
487,2021-08-29,58,5355,5413
487,2021-08-30,412,8923,9335
487,2021-08-31,355,9448,9803
487,2021-09-01,397,9447,9844
487,2021-09-02,406,9259,9665
487,2021-09-03,378,9625,10003
487,2021-09-04,132,5917,6049
487,2021-09-05,72,5807,5879
487,2021-09-06,447,10533,10980
487,2021-09-07,382,10144,10526
487,2021-09-08,395,10246,10641
487,2021-09-09,416,10489,10905
487,2021-09-10,427,10671,11098
487,2021-09-11,234,8151,8385
487,2021-09-12,75,6615,6690
487,2021-09-13,467,10735,11202
487,2021-09-14,467,11292,11759
487,2021-09-15,326,9404,9730
487,2021-09-16,433,11125,11558
487,2021-09-17,274,7835,8109
487,2021-09-18,251,8571,8822
487,2021-09-19,74,6459,6533
487,2021-09-20,454,10102,10556
487,2021-09-21,445,10619,11064
487,2021-09-22,402,10169,10571
487,2021-09-23,398,10763,11161
487,2021-09-24,400,10971,11371
487,2021-09-25,269,8764,9033
487,2021-09-26,74,6437,6511
487,2021-09-27,441,10397,10838
487,2021-09-28,432,10888,11320
487,2021-09-29,469,10170,10639
487,2021-09-30,476,11151,11627
487,2021-10-01,458,11241,11699
487,2021-10-02,206,8359,8565
487,2021-10-03,67,6069,6136
487,2021-10-04,756,10189,10945
487,2021-10-05,672,10750,11422
487,2021-10-06,418,10392,10810
487,2021-10-07,483,10973,11456
487,2021-10-08,465,11160,11625
487,2021-10-09,218,8662,8880
487,2021-10-10,69,6537,6606
487,2021-10-11,728,10337,11065
487,2021-10-12,776,11038,11814
487,2021-10-13,526,10696,11222
487,2021-10-14,501,11184,11685
487,2021-10-15,439,11258,11697
487,2021-10-16,234,8697,8931
487,2021-10-17,79,6620,6699
487,2021-10-18,391,10475,10866
487,2021-10-19,376,10924,11300
487,2021-10-20,345,10413,10758
487,2021-10-21,332,10086,10418
487,2021-10-22,414,11072,11486
487,2021-10-23,226,8419,8645
487,2021-10-24,69,6872,6941
487,2021-10-25,402,10188,10590
487,2021-10-26,407,10856,11263
487,2021-10-27,423,10549,10972
487,2021-10-28,420,11003,11423
487,2021-10-29,435,11511,11946
487,2021-10-30,215,7966,8181
487,2021-11-01,71,5810,5881
487,2021-11-02,104,3145,3249
487,2021-11-03,55,1795,1850
487,2021-11-04,60,2024,2084
487,2021-11-05,75,2313,2388
487,2021-11-06,263,5233,5496
487,2021-11-07,66,4598,4664
487,2021-11-08,665,9244,9909
487,2021-11-09,403,10147,10550
487,2021-11-10,495,10090,10585
487,2021-11-11,443,10466,10909
487,2021-11-12,439,10711,11150
487,2021-11-13,196,7973,8169
487,2021-11-14,70,5991,6061
487,2021-11-15,415,9996,10411
487,2021-11-16,399,10912,11311
487,2021-11-17,449,11040,11489
487,2021-11-18,445,11606,12051
487,2021-11-19,462,11373,11835
487,2021-11-20,226,8472,8698
487,2021-11-21,66,5832,5898
487,2021-11-22,419,10338,10757
487,2021-11-23,489,10820,11309
487,2021-11-24,463,10506,10969
487,2021-11-25,492,10422,10914
487,2021-11-26,465,10948,11413
487,2021-11-27,234,8197,8431
487,2021-11-28,73,5974,6047
487,2021-11-29,433,10377,10810
487,2021-11-30,410,10743,11153
487,2021-12-01,324,10193,10517
487,2021-12-02,457,11108,11565
487,2021-12-03,494,11055,11549
487,2021-12-04,208,7966,8174
487,2021-12-05,74,5821,5895
487,2021-12-06,512,10090,10602
487,2021-12-07,451,10701,11152
487,2021-12-08,442,10516,10958
487,2021-12-09,446,10905,11351
487,2021-12-10,312,9481,9793
487,2021-12-11,220,8333,8553
487,2021-12-12,83,6078,6161
487,2021-12-13,403,10067,10470
487,2021-12-14,442,10616,11058
487,2021-12-15,498,10512,11010
487,2021-12-16,470,10995,11465
487,2021-12-17,375,11213,11588
487,2021-12-18,175,7567,7742
487,2021-12-19,73,5737,5810
487,2021-12-20,289,8438,8727
487,2021-12-21,329,8963,9292
487,2021-12-22,337,8957,9294
487,2021-12-23,279,8752,9031
487,2021-12-24,205,7794,7999
487,2021-12-25,36,4799,4835
487,2021-12-26,39,4211,4250
487,2021-12-27,211,6362,6573
487,2021-12-28,208,7062,7270
487,2021-12-29,221,7162,7383
487,2021-12-30,237,7432,7669
487,2021-12-31,198,7010,7208
488,2021-01-01,34,1669,1703
488,2021-01-02,88,2175,2263
488,2021-01-03,45,1895,1940
488,2021-01-04,313,3270,3583
488,2021-01-05,335,3456,3791
488,2021-01-06,341,3310,3651
488,2021-01-07,307,3492,3799
488,2021-01-08,234,3594,3828
488,2021-01-09,95,2612,2707
488,2021-01-10,43,2332,2375
488,2021-01-11,259,4354,4613
488,2021-01-12,214,3545,3759
488,2021-01-13,280,4653,4933
488,2021-01-14,242,4097,4339
488,2021-01-15,249,3980,4229
488,2021-01-16,104,3003,3107
488,2021-01-17,46,2058,2104
488,2021-01-18,272,4240,4512
488,2021-01-19,282,4479,4761
488,2021-01-20,290,4591,4881
488,2021-01-21,328,4674,5002
488,2021-01-22,253,4739,4992
488,2021-01-23,154,3182,3336
488,2021-01-24,50,2384,2434
488,2021-01-25,290,4379,4669
488,2021-01-26,270,4661,4931
488,2021-01-27,291,4276,4567
488,2021-01-28,331,4652,4983
488,2021-01-29,288,4757,5045
488,2021-01-30,215,3350,3565
488,2021-01-31,51,2345,2396
488,2021-02-01,327,4555,4882
488,2021-02-02,342,4719,5061
488,2021-02-03,316,4483,4799
488,2021-02-04,321,5042,5363
488,2021-02-05,309,4827,5136
488,2021-02-06,143,3358,3501
488,2021-02-07,44,2450,2494
488,2021-02-08,261,4170,4431
488,2021-02-09,253,4260,4513
488,2021-02-10,256,4127,4383
488,2021-02-11,263,4441,4704
488,2021-02-12,237,4412,4649
488,2021-02-13,151,3255,3406
488,2021-02-14,49,2527,2576
488,2021-02-15,299,3982,4281
488,2021-02-16,311,4231,4542
488,2021-02-17,336,4371,4707
488,2021-02-18,351,4584,4935
488,2021-02-19,338,4920,5258
488,2021-02-20,160,3704,3864
488,2021-02-21,51,2939,2990
488,2021-02-22,392,4805,5197
488,2021-02-23,395,5328,5723
488,2021-02-24,308,5261,5569
488,2021-02-25,290,5462,5752
488,2021-02-26,289,5395,5684
488,2021-02-27,229,3917,4146
488,2021-02-28,56,2922,2978
488,2021-03-01,294,5102,5396
488,2021-03-02,275,5294,5569
488,2021-03-03,276,5320,5596
488,2021-03-04,279,5341,5620
488,2021-03-05,274,5332,5606
488,2021-03-06,169,3970,4139
488,2021-03-07,48,2916,2964
488,2021-03-08,284,5164,5448
488,2021-03-09,251,5322,5573
488,2021-03-10,263,5109,5372
488,2021-03-11,259,5114,5373
488,2021-03-12,245,5265,5510
488,2021-03-13,155,3591,3746
488,2021-03-14,46,2671,2717
488,2021-03-15,266,5100,5366
488,2021-03-16,276,5380,5656
488,2021-03-17,252,5200,5452
488,2021-03-18,268,5366,5634
488,2021-03-19,259,5606,5865
488,2021-03-20,210,3506,3716
488,2021-03-21,50,2863,2913
488,2021-03-22,334,5328,5662
488,2021-03-23,265,5579,5844
488,2021-03-24,264,5392,5656
488,2021-03-25,282,5382,5664
488,2021-03-26,241,5697,5938
488,2021-03-27,157,3842,3999
488,2021-03-29,246,5278,5524
488,2021-03-30,271,5617,5888
488,2021-03-31,286,5617,5903
488,2021-04-01,286,5866,6152
488,2021-04-02,296,5712,6008
488,2021-04-03,256,4248,4504
488,2021-04-04,53,3165,3218
488,2021-04-05,39,2448,2487
488,2021-04-06,282,5165,5447
488,2021-04-07,307,5487,5794
488,2021-04-08,253,5430,5683
488,2021-04-09,243,5771,6014
488,2021-04-10,151,4026,4177
488,2021-04-11,44,2815,2859
488,2021-04-12,300,5278,5578
488,2021-04-13,328,5613,5941
488,2021-04-14,503,5399,5902
488,2021-04-15,332,5668,6000
488,2021-04-16,310,5702,6012
488,2021-04-17,196,4277,4473
488,2021-04-18,50,3176,3226
488,2021-04-19,364,5280,5644
488,2021-04-20,390,5687,6077
488,2021-04-21,325,5426,5751
488,2021-04-22,412,5643,6055
488,2021-04-23,349,5881,6230
488,2021-04-24,573,4368,4941
488,2021-04-25,53,3456,3509
488,2021-04-26,365,5408,5773
488,2021-04-27,367,5759,6126
488,2021-04-28,493,5329,5822
488,2021-04-29,466,5738,6204
488,2021-04-30,295,5866,6161
488,2021-05-01,53,3470,3523
488,2021-05-02,53,3202,3255
488,2021-05-03,335,5445,5780
488,2021-05-04,371,5728,6099
488,2021-05-05,363,5454,5817
488,2021-05-06,336,5787,6123
488,2021-05-07,323,5900,6223
488,2021-05-08,172,3990,4162
488,2021-05-09,57,3496,3553
488,2021-05-10,377,5313,5690
488,2021-05-11,374,5638,6012
488,2021-05-12,358,5764,6122
488,2021-05-13,61,3391,3452
488,2021-05-14,229,5190,5419
488,2021-05-15,316,3980,4296
488,2021-05-16,81,3166,3247
488,2021-05-17,299,5417,5716
488,2021-05-18,293,5898,6191
488,2021-05-19,300,5642,5942
488,2021-05-20,307,5945,6252
488,2021-05-21,359,6074,6433
488,2021-05-22,181,4601,4782
488,2021-05-23,59,3442,3501
488,2021-05-24,55,2773,2828
488,2021-05-25,349,5301,5650
488,2021-05-26,346,5140,5486
488,2021-05-27,340,5482,5822
488,2021-05-28,332,5461,5793
488,2021-05-29,155,4437,4592
488,2021-05-30,54,3573,3627
488,2021-05-31,295,6008,6303
488,2021-06-01,362,6216,6578
488,2021-06-02,565,5983,6548
488,2021-06-03,695,5784,6479
488,2021-06-04,478,5274,5752
488,2021-06-05,169,4221,4390
488,2021-06-06,52,3421,3473
488,2021-06-07,353,5714,6067
488,2021-06-08,350,6032,6382
488,2021-06-09,331,5881,6212
488,2021-06-10,345,6246,6591
488,2021-06-11,341,6331,6672
488,2021-06-12,157,4631,4788
488,2021-06-13,53,3783,3836
488,2021-06-14,555,5791,6346
488,2021-06-15,486,5992,6478
488,2021-06-16,348,5841,6189
488,2021-06-17,350,6128,6478
488,2021-06-18,394,6393,6787
488,2021-06-19,358,5545,5903
488,2021-06-20,62,4401,4463
488,2021-06-21,411,5676,6087
488,2021-06-22,478,6120,6598
488,2021-06-23,76,3351,3427
488,2021-06-24,434,5552,5986
488,2021-06-25,436,6012,6448
488,2021-06-26,393,4910,5303
488,2021-06-27,56,3646,3702
488,2021-06-28,372,5532,5904
488,2021-06-29,398,5833,6231
488,2021-06-30,362,5808,6170
488,2021-07-01,414,6286,6700
488,2021-07-02,324,6199,6523
488,2021-07-03,169,4024,4193
488,2021-07-04,97,3345,3442
488,2021-07-05,331,5479,5810
488,2021-07-06,313,5890,6203
488,2021-07-07,327,5884,6211
488,2021-07-08,329,5969,6298
488,2021-07-09,302,6252,6554
488,2021-07-10,190,4491,4681
488,2021-07-11,65,3413,3478
488,2021-07-12,309,5492,5801
488,2021-07-13,345,5359,5704
488,2021-07-14,359,5285,5644
488,2021-07-15,302,5756,6058
488,2021-07-16,355,5798,6153
488,2021-07-17,160,4383,4543
488,2021-07-18,61,3626,3687
488,2021-07-19,294,5034,5328
488,2021-07-20,350,5470,5820
488,2021-07-21,346,5422,5768
488,2021-07-22,358,5395,5753
488,2021-07-23,303,5503,5806
488,2021-07-24,510,3592,4102
488,2021-07-25,65,3178,3243
488,2021-07-26,323,4767,5090
488,2021-07-27,363,5131,5494
488,2021-07-28,268,5104,5372
488,2021-07-29,267,4978,5245
488,2021-07-30,279,4792,5071
488,2021-07-31,156,3578,3734
488,2021-08-01,69,2887,2956
488,2021-08-02,223,3940,4163
488,2021-08-03,236,3907,4143
488,2021-08-04,218,3927,4145
488,2021-08-05,213,3998,4211
488,2021-08-06,202,4001,4203
488,2021-08-07,151,3136,3287
488,2021-08-08,84,2511,2595
488,2021-08-09,208,3667,3875
488,2021-08-10,207,3993,4200
488,2021-08-11,205,4081,4286
488,2021-08-12,219,3960,4179
488,2021-08-13,227,3947,4174
488,2021-08-14,150,3026,3176
488,2021-08-15,52,2658,2710
488,2021-08-16,238,3556,3794
488,2021-08-17,213,3741,3954
488,2021-08-18,222,3814,4036
488,2021-08-19,219,3879,4098
488,2021-08-20,235,3994,4229
488,2021-08-21,145,3218,3363
488,2021-08-22,55,2763,2818
488,2021-08-23,248,4082,4330
488,2021-08-24,252,4462,4714
488,2021-08-25,291,4322,4613
488,2021-08-26,248,4799,5047
488,2021-08-27,297,4691,4988
488,2021-08-28,168,3352,3520
488,2021-08-29,54,2938,2992
488,2021-08-30,331,4576,4907
488,2021-08-31,287,4808,5095
488,2021-09-01,286,4867,5153
488,2021-09-02,311,4873,5184
488,2021-09-03,300,5009,5309
488,2021-09-04,162,3092,3254
488,2021-09-05,60,3109,3169
488,2021-09-06,277,5251,5528
488,2021-09-07,269,5349,5618
488,2021-09-08,284,5401,5685
488,2021-09-09,283,5508,5791
488,2021-09-10,291,5473,5764
488,2021-09-11,163,3984,4147
488,2021-09-12,63,3552,3615
488,2021-09-13,305,5526,5831
488,2021-09-14,255,5670,5925
488,2021-09-15,250,5536,5786
488,2021-09-16,271,5972,6243
488,2021-09-17,193,4247,4440
488,2021-09-18,194,4362,4556
488,2021-09-19,60,3455,3515
488,2021-09-20,324,5300,5624
488,2021-09-21,277,5742,6019
488,2021-09-22,272,5449,5721
488,2021-09-23,258,5667,5925
488,2021-09-24,289,5729,6018
488,2021-09-25,215,4371,4586
488,2021-09-26,57,3361,3418
488,2021-09-27,342,5313,5655
488,2021-09-28,343,5722,6065
488,2021-09-29,351,5362,5713
488,2021-09-30,334,5940,6274
488,2021-10-01,346,5777,6123
488,2021-10-02,163,4226,4389
488,2021-10-03,58,3108,3166
488,2021-10-04,690,5345,6035
488,2021-10-05,599,5400,5999
488,2021-10-06,320,5626,5946
488,2021-10-07,367,5954,6321
488,2021-10-08,355,5790,6145
488,2021-10-09,172,4070,4242
488,2021-10-10,60,3400,3460
488,2021-10-11,615,5428,6043
488,2021-10-12,652,5658,6310
488,2021-10-13,414,5510,5924
488,2021-10-14,400,5777,6177
488,2021-10-15,338,5706,6044
488,2021-10-16,176,4418,4594
488,2021-10-17,60,3653,3713
488,2021-10-18,305,5561,5866
488,2021-10-19,272,5679,5951
488,2021-10-20,253,5466,5719
488,2021-10-21,265,5689,5954
488,2021-10-22,294,5703,5997
488,2021-10-23,159,4341,4500
488,2021-10-24,63,3688,3751
488,2021-10-25,280,5253,5533
488,2021-10-26,280,5431,5711
488,2021-10-27,316,5363,5679
488,2021-10-28,295,5709,6004
488,2021-10-29,312,5773,6085
488,2021-10-30,180,4029,4209
488,2021-11-01,65,3048,3113
488,2021-11-02,108,2838,2946
488,2021-11-03,98,2280,2378
488,2021-11-04,99,2253,2352
488,2021-11-05,110,2232,2342
488,2021-11-06,273,3050,3323
488,2021-11-07,61,2751,2812
488,2021-11-08,601,5096,5697
488,2021-11-09,310,5307,5617
488,2021-11-10,372,5177,5549
488,2021-11-11,314,5331,5645
488,2021-11-12,321,5377,5698
488,2021-11-13,170,4042,4212
488,2021-11-14,57,3201,3258
488,2021-11-15,321,5296,5617
488,2021-11-16,290,5950,6240
488,2021-11-17,335,5800,6135
488,2021-11-18,351,5991,6342
488,2021-11-19,334,6199,6533
488,2021-11-20,171,4372,4543
488,2021-11-21,60,3157,3217
488,2021-11-22,296,5209,5505
488,2021-11-23,342,5652,5994
488,2021-11-24,361,5540,5901
488,2021-11-25,420,5658,6078
488,2021-11-26,351,4953,5304
488,2021-11-27,184,4184,4368
488,2021-11-28,74,3207,3281
488,2021-11-29,364,5461,5825
488,2021-11-30,325,5000,5325
488,2021-12-01,314,5483,5797
488,2021-12-02,357,5677,6034
488,2021-12-03,406,5644,6050
488,2021-12-04,175,3932,4107
488,2021-12-05,63,3064,3127
488,2021-12-06,436,5170,5606
488,2021-12-07,369,5642,6011
488,2021-12-08,370,5434,5804
488,2021-12-09,357,5432,5789
488,2021-12-10,269,4867,5136
488,2021-12-11,171,4064,4235
488,2021-12-12,63,3127,3190
488,2021-12-13,317,5274,5591
488,2021-12-14,355,5450,5805
488,2021-12-15,383,5420,5803
488,2021-12-16,374,5642,6016
488,2021-12-17,293,5797,6090
488,2021-12-18,162,3854,4016
488,2021-12-19,69,3041,3110
488,2021-12-20,238,4312,4550
488,2021-12-21,265,4498,4763
488,2021-12-22,251,4465,4716
488,2021-12-23,245,4366,4611
488,2021-12-24,180,3929,4109
488,2021-12-25,38,2538,2576
488,2021-12-26,41,2266,2307
488,2021-12-27,205,3199,3404
488,2021-12-28,208,3661,3869
488,2021-12-29,206,3606,3812
488,2021-12-30,224,3682,3906
488,2021-12-31,180,3636,3816
490,2021-01-01,4,1078,1082
490,2021-01-02,10,2215,2225
490,2021-01-03,6,1559,1565
490,2021-01-04,55,3655,3710
490,2021-01-05,52,3611,3663
490,2021-01-06,54,3666,3720
490,2021-01-07,82,3868,3950
490,2021-01-08,85,3872,3957
490,2021-01-09,21,2586,2607
490,2021-01-10,14,1878,1892
490,2021-01-11,99,4140,4239
490,2021-01-12,95,4199,4294
490,2021-01-13,91,4152,4243
490,2021-01-14,86,3487,3573
490,2021-01-15,94,4165,4259
490,2021-01-16,20,2431,2451
490,2021-01-17,12,1780,1792
490,2021-01-18,65,4207,4272
490,2021-01-19,138,4117,4255
490,2021-01-20,98,4182,4280
490,2021-01-21,75,3568,3643
490,2021-01-22,93,3744,3837
490,2021-01-23,20,2131,2151
490,2021-01-24,10,1613,1623
490,2021-01-25,72,3525,3597
490,2021-01-26,88,3837,3925
490,2021-01-27,76,3518,3594
490,2021-01-28,59,3542,3601
490,2021-01-29,65,3547,3612
490,2021-01-30,23,2024,2047
490,2021-01-31,8,1342,1350
490,2021-02-01,59,3466,3525
490,2021-02-02,93,3574,3667
490,2021-02-03,84,3520,3604
490,2021-02-04,65,3532,3597
490,2021-02-05,95,3603,3698
490,2021-02-06,15,1942,1957
490,2021-02-07,15,1583,1598
490,2021-02-08,75,3349,3424
490,2021-02-09,63,3457,3520
490,2021-02-10,50,3364,3414
490,2021-02-11,62,3510,3572
490,2021-02-12,74,3652,3726
490,2021-02-13,11,2039,2050
490,2021-02-14,6,1597,1603
490,2021-02-15,59,3097,3156
490,2021-02-16,67,3303,3370
490,2021-02-17,76,3203,3279
490,2021-02-18,82,3284,3366
490,2021-02-19,96,3369,3465
490,2021-02-20,13,2079,2092
490,2021-02-21,7,1852,1859
490,2021-02-22,81,3674,3755
490,2021-02-23,73,3810,3883
490,2021-02-24,81,3894,3975
490,2021-02-25,105,3891,3996
490,2021-02-26,96,3788,3884
490,2021-02-27,28,2308,2336
490,2021-02-28,10,1788,1798
490,2021-03-01,97,3739,3836
490,2021-03-02,126,3907,4033
490,2021-03-03,99,3913,4012
490,2021-03-04,86,3923,4009
490,2021-03-05,72,3919,3991
490,2021-03-06,19,2382,2401
490,2021-03-07,7,1820,1827
490,2021-03-08,101,3805,3906
490,2021-03-09,86,3833,3919
490,2021-03-10,94,3882,3976
490,2021-03-11,79,3917,3996
490,2021-03-12,84,3928,4012
490,2021-03-13,13,2151,2164
490,2021-03-14,16,1645,1661
490,2021-03-15,78,3688,3766
490,2021-03-16,101,3916,4017
490,2021-03-17,87,3827,3914
490,2021-03-18,86,4032,4118
490,2021-03-19,79,3891,3970
490,2021-03-20,23,2395,2418
490,2021-03-21,8,1698,1706
490,2021-03-22,86,3685,3771
490,2021-03-23,100,3927,4027
490,2021-03-24,95,4097,4192
490,2021-03-25,109,4057,4166
490,2021-03-26,107,4079,4186
490,2021-03-27,21,2312,2333
490,2021-03-29,102,3746,3848
490,2021-03-30,69,3855,3924
490,2021-03-31,94,3926,4020
490,2021-04-01,79,3992,4071
490,2021-04-02,133,3931,4064
490,2021-04-03,34,2258,2292
490,2021-04-04,5,1601,1606
490,2021-04-05,5,1437,1442
490,2021-04-06,85,3096,3181
490,2021-04-07,65,3120,3185
490,2021-04-08,99,3461,3560
490,2021-04-09,69,3463,3532
490,2021-04-10,16,1927,1943
490,2021-04-11,4,1421,1425
490,2021-04-12,76,3467,3543
490,2021-04-13,69,3393,3462
490,2021-04-14,74,3502,3576
490,2021-04-15,78,3576,3654
490,2021-04-16,90,3538,3628
490,2021-04-17,16,2288,2304
490,2021-04-18,3,1734,1737
490,2021-04-19,78,3953,4031
490,2021-04-20,105,4275,4380
490,2021-04-21,73,4129,4202
490,2021-04-22,83,4282,4365
490,2021-04-23,69,4314,4383
490,2021-04-24,30,2746,2776
490,2021-04-25,4,2326,2330
490,2021-04-26,88,4184,4272
490,2021-04-27,96,4172,4268
490,2021-04-28,100,4187,4287
490,2021-04-29,91,4347,4438
490,2021-04-30,85,4098,4183
490,2021-05-01,13,2212,2225
490,2021-05-02,6,1970,1976
490,2021-05-03,79,4129,4208
490,2021-05-04,94,4341,4435
490,2021-05-05,91,4127,4218
490,2021-05-06,102,4445,4547
490,2021-05-07,91,4325,4416
490,2021-05-08,31,2719,2750
490,2021-05-09,5,2483,2488
490,2021-05-10,122,4111,4233
490,2021-05-11,112,4329,4441
490,2021-05-12,112,4459,4571
490,2021-05-13,14,2367,2381
490,2021-05-14,55,3265,3320
490,2021-05-15,21,2283,2304
490,2021-05-16,8,1978,1986
490,2021-05-17,84,4378,4462
490,2021-05-18,94,4394,4488
490,2021-05-19,84,4341,4425
490,2021-05-20,112,4531,4643
490,2021-05-21,102,4472,4574
490,2021-05-22,31,2675,2706
490,2021-05-23,7,2112,2119
490,2021-05-24,11,1890,1901
490,2021-05-25,86,4434,4520
490,2021-05-26,99,4265,4364
490,2021-05-27,76,4441,4517
490,2021-05-28,72,4554,4626
490,2021-05-29,19,2976,2995
490,2021-05-30,11,2481,2492
490,2021-05-31,94,4548,4642
490,2021-06-01,117,4525,4642
490,2021-06-02,142,4428,4570
490,2021-06-03,101,4557,4658
490,2021-06-04,91,4510,4601
490,2021-06-05,15,2827,2842
490,2021-06-06,5,2181,2186
490,2021-06-07,70,4332,4402
490,2021-06-08,100,4458,4558
490,2021-06-09,87,4581,4668
490,2021-06-10,107,4752,4859
490,2021-06-11,83,4731,4814
490,2021-06-12,39,2790,2829
490,2021-06-13,16,2468,2484
490,2021-06-14,109,4665,4774
490,2021-06-15,101,4710,4811
490,2021-06-16,111,4610,4721
490,2021-06-17,132,4954,5086
490,2021-06-18,114,4736,4850
490,2021-06-19,42,2812,2854
490,2021-06-20,4,2148,2152
490,2021-06-21,89,4304,4393
490,2021-06-22,94,4524,4618
490,2021-06-23,29,2905,2934
490,2021-06-24,118,5279,5397
490,2021-06-25,107,4521,4628
490,2021-06-26,27,2822,2849
490,2021-06-27,11,2297,2308
490,2021-06-28,109,4301,4410
490,2021-06-29,101,4549,4650
490,2021-06-30,115,4576,4691
490,2021-07-01,110,4648,4758
490,2021-07-02,101,4486,4587
490,2021-07-03,12,2790,2802
490,2021-07-04,34,2311,2345
490,2021-07-05,116,4150,4266
490,2021-07-06,100,4403,4503
490,2021-07-07,87,4283,4370
490,2021-07-08,75,4368,4443
490,2021-07-09,80,4436,4516
490,2021-07-10,36,2770,2806
490,2021-07-11,8,2336,2344
490,2021-07-12,122,4062,4184
490,2021-07-13,74,4564,4638
490,2021-07-14,114,4576,4690
490,2021-07-15,86,4624,4710
490,2021-07-16,64,4430,4494
490,2021-07-17,30,2958,2988
490,2021-07-18,17,2415,2432
490,2021-07-19,99,4081,4180
490,2021-07-20,86,4227,4313
490,2021-07-21,45,3905,3950
490,2021-07-22,137,4470,4607
490,2021-07-23,113,4213,4326
490,2021-07-24,27,2549,2576
490,2021-07-25,12,2156,2168
490,2021-07-26,92,3938,4030
490,2021-07-27,100,3910,4010
490,2021-07-28,61,4003,4064
490,2021-07-29,65,4377,4442
490,2021-07-30,51,4322,4373
490,2021-07-31,35,2732,2767
490,2021-08-01,17,2421,2438
490,2021-08-02,47,3526,3573
490,2021-08-03,46,3629,3675
490,2021-08-04,53,3553,3606
490,2021-08-05,66,3733,3799
490,2021-08-06,41,3708,3749
490,2021-08-07,30,2631,2661
490,2021-08-08,14,2130,2144
490,2021-08-09,55,3557,3612
490,2021-08-10,65,3435,3500
490,2021-08-11,58,3671,3729
490,2021-08-12,66,3781,3847
490,2021-08-13,59,3887,3946
490,2021-08-14,27,2906,2933
490,2021-08-15,33,2485,2518
490,2021-08-16,39,3324,3363
490,2021-08-17,52,3382,3434
490,2021-08-18,48,3403,3451
490,2021-08-19,52,3534,3586
490,2021-08-20,48,3847,3895
490,2021-08-21,29,2619,2648
490,2021-08-22,8,2049,2057
490,2021-08-23,55,3750,3805
490,2021-08-24,50,4046,4096
490,2021-08-25,72,4034,4106
490,2021-08-26,88,4203,4291
490,2021-08-27,75,4160,4235
490,2021-08-28,26,2764,2790
490,2021-08-29,16,2241,2257
490,2021-08-30,84,3977,4061
490,2021-08-31,94,4206,4300
490,2021-09-01,99,4269,4368
490,2021-09-02,99,4786,4885
490,2021-09-03,91,4814,4905
490,2021-09-04,27,3273,3300
490,2021-09-05,22,2606,2628
490,2021-09-06,88,4545,4633
490,2021-09-07,99,4860,4959
490,2021-09-08,80,4763,4843
490,2021-09-09,76,4966,5042
490,2021-09-10,73,4871,4944
490,2021-09-11,23,3125,3148
490,2021-09-12,13,2592,2605
490,2021-09-13,135,4729,4864
490,2021-09-14,123,5253,5376
490,2021-09-15,120,5500,5620
490,2021-09-16,119,5596,5715
490,2021-09-17,102,5244,5346
490,2021-09-18,42,3539,3581
490,2021-09-19,13,2725,2738
490,2021-09-20,103,4976,5079
490,2021-09-21,122,5212,5334
490,2021-09-22,116,5148,5264
490,2021-09-23,112,5573,5685
490,2021-09-24,114,5180,5294
490,2021-09-25,43,3546,3589
490,2021-09-26,20,2334,2354
490,2021-09-27,107,4653,4760
490,2021-09-28,118,5305,5423
490,2021-09-29,108,5309,5417
490,2021-09-30,146,5689,5835
490,2021-10-01,127,5597,5724
490,2021-10-02,25,3110,3135
490,2021-10-03,7,2269,2276
490,2021-10-04,148,5350,5498
490,2021-10-05,112,5623,5735
490,2021-10-06,122,5611,5733
490,2021-10-07,108,6145,6253
490,2021-10-08,125,5555,5680
490,2021-10-09,32,3356,3388
490,2021-10-10,25,2634,2659
490,2021-10-11,128,5192,5320
490,2021-10-12,105,5669,5774
490,2021-10-13,153,5435,5588
490,2021-10-14,105,5826,5931
490,2021-10-15,111,5675,5786
490,2021-10-16,30,3685,3715
490,2021-10-17,60,2697,2757
490,2021-10-18,130,5488,5618
490,2021-10-19,105,5983,6088
490,2021-10-20,137,5477,5614
490,2021-10-21,126,6094,6220
490,2021-10-22,112,5400,5512
490,2021-10-23,36,3280,3316
490,2021-10-24,16,2698,2714
490,2021-10-25,106,5296,5402
490,2021-10-26,140,5915,6055
490,2021-10-27,149,5621,5770
490,2021-10-28,125,5864,5989
490,2021-10-29,129,5788,5917
490,2021-10-30,22,3255,3277
490,2021-11-01,10,2201,2211
490,2021-11-02,63,3369,3432
490,2021-11-03,59,2940,2999
490,2021-11-04,59,2884,2943
490,2021-11-05,79,3115,3194
490,2021-11-06,16,2257,2273
490,2021-11-07,6,1540,1546
490,2021-11-08,72,4169,4241
490,2021-11-09,123,4442,4565
490,2021-11-10,112,4027,4139
490,2021-11-11,45,3732,3777
490,2021-11-12,76,3860,3936
490,2021-11-13,16,1940,1956
490,2021-11-14,9,1564,1573
490,2021-11-15,96,4010,4106
490,2021-11-16,108,4422,4530
490,2021-11-17,98,3939,4037
490,2021-11-18,103,4407,4510
490,2021-11-19,126,4528,4654
490,2021-11-20,20,2940,2960
490,2021-11-21,6,2139,2145
490,2021-11-22,97,4640,4737
490,2021-11-23,116,5202,5318
490,2021-11-24,119,4991,5110
490,2021-11-25,118,5242,5360
490,2021-11-26,126,4987,5113
490,2021-11-27,17,2714,2731
490,2021-11-28,13,2125,2138
490,2021-11-29,100,4756,4856
490,2021-11-30,103,5055,5158
490,2021-12-01,116,4844,4960
490,2021-12-02,104,5090,5194
490,2021-12-03,94,4849,4943
490,2021-12-04,32,2852,2884
490,2021-12-05,11,2024,2035
490,2021-12-06,90,4637,4727
490,2021-12-07,121,5055,5176
490,2021-12-08,106,4686,4792
490,2021-12-09,92,5053,5145
490,2021-12-10,92,4376,4468
490,2021-12-11,35,2880,2915
490,2021-12-12,4,2031,2035
490,2021-12-13,106,4588,4694
490,2021-12-14,154,5015,5169
490,2021-12-15,156,4782,4938
490,2021-12-16,134,5022,5156
490,2021-12-17,87,4710,4797
490,2021-12-18,33,2924,2957
490,2021-12-19,3,2096,2099
490,2021-12-20,82,4075,4157
490,2021-12-21,93,4091,4184
490,2021-12-22,64,4059,4123
490,2021-12-23,55,4029,4084
490,2021-12-24,39,3025,3064
490,2021-12-25,3,1444,1447
490,2021-12-26,5,1786,1791
490,2021-12-27,30,2722,2752
490,2021-12-28,28,2827,2855
490,2021-12-29,22,2901,2923
490,2021-12-30,31,3018,3049
490,2021-12-31,21,2757,2778
492,2021-01-01,37,1702,1739
492,2021-01-02,143,2734,2877
492,2021-01-03,49,2167,2216
492,2021-01-04,208,3339,3547
492,2021-01-05,244,3492,3736
492,2021-01-06,225,3575,3800
492,2021-01-07,231,3734,3965
492,2021-01-08,251,3848,4099
492,2021-01-09,187,3154,3341
492,2021-01-10,56,2825,2881
492,2021-01-11,350,5011,5361
492,2021-01-12,399,5033,5432
492,2021-01-13,433,4924,5357
492,2021-01-14,337,4655,4992
492,2021-01-15,357,4861,5218
492,2021-01-16,178,3487,3665
492,2021-01-17,53,2438,2491
492,2021-01-18,383,4832,5215
492,2021-01-19,412,4955,5367
492,2021-01-20,425,4891,5316
492,2021-01-21,425,5034,5459
492,2021-01-22,367,5125,5492
492,2021-01-23,199,3483,3682
492,2021-01-24,62,2591,2653
492,2021-01-25,385,4847,5232
492,2021-01-26,413,5028,5441
492,2021-01-27,373,4738,5111
492,2021-01-28,354,5069,5423
492,2021-01-29,330,5006,5336
492,2021-01-30,137,3492,3629
492,2021-01-31,52,2457,2509
492,2021-02-01,418,5047,5465
492,2021-02-02,403,5271,5674
492,2021-02-03,349,5094,5443
492,2021-02-04,394,5402,5796
492,2021-02-05,411,5340,5751
492,2021-02-06,177,3640,3817
492,2021-02-07,56,2336,2392
492,2021-02-08,388,4133,4521
492,2021-02-09,382,4514,4896
492,2021-02-10,338,4735,5073
492,2021-02-11,343,4981,5324
492,2021-02-12,316,5251,5567
492,2021-02-13,178,4547,4725
492,2021-02-14,60,4670,4730
492,2021-02-15,294,4466,4760
492,2021-02-16,321,4841,5162
492,2021-02-17,357,4693,5050
492,2021-02-18,331,4640,4971
492,2021-02-19,376,5153,5529
492,2021-02-20,221,4925,5146
492,2021-02-21,62,5023,5085
492,2021-02-22,379,5373,5752
492,2021-02-23,475,5985,6460
492,2021-02-24,419,5780,6199
492,2021-02-25,427,5604,6031
492,2021-02-26,407,5580,5987
492,2021-02-27,192,4696,4888
492,2021-02-28,53,4166,4219
492,2021-03-01,402,5577,5979
492,2021-03-02,421,5789,6210
492,2021-03-03,399,5754,6153
492,2021-03-04,372,5510,5882
492,2021-03-05,411,5507,5918
492,2021-03-06,249,4978,5227
492,2021-03-07,56,4162,4218
492,2021-03-08,480,5509,5989
492,2021-03-09,421,5471,5892
492,2021-03-10,416,5486,5902
492,2021-03-11,334,5349,5683
492,2021-03-12,388,5463,5851
492,2021-03-13,173,3689,3862
492,2021-03-14,41,2476,2517
492,2021-03-15,405,5231,5636
492,2021-03-16,399,5432,5831
492,2021-03-17,446,5779,6225
492,2021-03-18,426,5693,6119
492,2021-03-19,422,5646,6068
492,2021-03-20,215,4712,4927
492,2021-03-21,48,3117,3165
492,2021-03-22,476,5601,6077
492,2021-03-23,410,5796,6206
492,2021-03-24,376,5769,6145
492,2021-03-25,454,5723,6177
492,2021-03-26,431,5954,6385
492,2021-03-27,195,4224,4419
492,2021-03-29,443,5822,6265
492,2021-03-30,439,6256,6695
492,2021-03-31,501,6417,6918
492,2021-04-01,481,6349,6830
492,2021-04-02,375,6241,6616
492,2021-04-03,218,4729,4947
492,2021-04-04,38,3949,3987
492,2021-04-05,68,2511,2579
492,2021-04-06,409,5142,5551
492,2021-04-07,392,5204,5596
492,2021-04-08,523,5558,6081
492,2021-04-09,457,5782,6239
492,2021-04-10,221,3771,3992
492,2021-04-11,58,2244,2302
492,2021-04-12,445,5278,5723
492,2021-04-13,439,5557,5996
492,2021-04-14,430,5546,5976
492,2021-04-15,420,5760,6180
492,2021-04-16,445,5783,6228
492,2021-04-17,252,4798,5050
492,2021-04-18,64,3476,3540
492,2021-04-19,428,5692,6120
492,2021-04-20,447,6140,6587
492,2021-04-21,457,6052,6509
492,2021-04-22,437,6128,6565
492,2021-04-23,375,6350,6725
492,2021-04-24,207,5637,5844
492,2021-04-25,82,5250,5332
492,2021-04-26,400,5917,6317
492,2021-04-27,421,5869,6290
492,2021-04-28,475,5503,5978
492,2021-04-29,456,6018,6474
492,2021-04-30,450,6215,6665
492,2021-05-01,83,4236,4319
492,2021-05-02,63,3886,3949
492,2021-05-03,449,5895,6344
492,2021-05-04,540,5820,6360
492,2021-05-05,494,5820,6314
492,2021-05-06,459,5981,6440
492,2021-05-07,445,6170,6615
492,2021-05-08,214,4795,5009
492,2021-05-09,70,5667,5737
492,2021-05-10,392,5462,5854
492,2021-05-11,469,5807,6276
492,2021-05-12,501,6230,6731
492,2021-05-13,102,4243,4345
492,2021-05-14,318,6227,6545
492,2021-05-15,201,4562,4763
492,2021-05-16,120,3536,3656
492,2021-05-17,434,5798,6232
492,2021-05-18,465,5909,6374
492,2021-05-19,438,5877,6315
492,2021-05-20,448,6209,6657
492,2021-05-21,476,6249,6725
492,2021-05-22,225,4619,4844
492,2021-05-23,79,4214,4293
492,2021-05-24,125,3448,3573
492,2021-05-25,492,5316,5808
492,2021-05-26,464,5223,5687
492,2021-05-27,409,5087,5496
492,2021-05-28,409,5632,6041
492,2021-05-29,237,4625,4862
492,2021-05-30,132,4560,4692
492,2021-05-31,434,6011,6445
492,2021-06-01,424,6609,7033
492,2021-06-02,494,6428,6922
492,2021-06-03,374,6577,6951
492,2021-06-04,414,5570,5984
492,2021-06-05,161,5010,5171
492,2021-06-06,142,4050,4192
492,2021-06-07,458,5933,6391
492,2021-06-08,435,6289,6724
492,2021-06-09,420,6382,6802
492,2021-06-10,415,6555,6970
492,2021-06-11,420,6542,6962
492,2021-06-12,211,5789,6000
492,2021-06-13,93,5510,5603
492,2021-06-14,355,5461,5816
492,2021-06-15,401,5311,5712
492,2021-06-16,377,5717,6094
492,2021-06-17,377,6270,6647
492,2021-06-18,314,6376,6690
492,2021-06-19,165,5461,5626
492,2021-06-20,66,4136,4202
492,2021-06-21,353,5860,6213
492,2021-06-22,344,6092,6436
492,2021-06-23,68,3723,3791
492,2021-06-24,276,5447,5723
492,2021-06-25,259,3661,3920
492,2021-06-26,8,294,302
492,2021-06-27,2,201,203
492,2021-06-28,271,3294,3565
492,2021-06-29,267,5043,5310
492,2021-06-30,298,5761,6059
492,2021-07-01,361,6045,6406
492,2021-07-02,368,6356,6724
492,2021-07-03,188,5434,5622
492,2021-07-04,52,3632,3684
492,2021-07-05,374,5659,6033
492,2021-07-06,290,6060,6350
492,2021-07-07,366,6362,6728
492,2021-07-08,336,6160,6496
492,2021-07-09,348,6383,6731
492,2021-07-10,162,5147,5309
492,2021-07-11,61,4373,4434
492,2021-07-12,326,5821,6147
492,2021-07-13,202,5887,6089
492,2021-07-14,164,5211,5375
492,2021-07-15,223,4452,4675
492,2021-07-16,345,4930,5275
492,2021-07-17,163,3806,3969
492,2021-07-18,75,3651,3726
492,2021-07-19,335,4362,4697
492,2021-07-20,301,4226,4527
492,2021-07-21,355,4538,4893
492,2021-07-22,351,4952,5303
492,2021-07-23,385,5460,5845
492,2021-07-24,135,4080,4215
492,2021-07-25,61,3493,3554
492,2021-07-26,259,4686,4945
492,2021-07-27,266,5790,6056
492,2021-07-28,278,6557,6835
492,2021-07-29,252,6874,7126
492,2021-07-30,281,6163,6444
492,2021-07-31,184,3339,3523
492,2021-08-01,82,2813,2895
492,2021-08-02,212,4224,4436
492,2021-08-03,199,4618,4817
492,2021-08-04,230,5097,5327
492,2021-08-05,242,4933,5175
492,2021-08-06,225,4858,5083
492,2021-08-07,138,4256,4394
492,2021-08-08,54,3321,3375
492,2021-08-09,226,4661,4887
492,2021-08-10,197,5080,5277
492,2021-08-11,215,5362,5577
492,2021-08-12,202,5372,5574
492,2021-08-13,242,5087,5329
492,2021-08-14,197,5006,5203
492,2021-08-15,105,4909,5014
492,2021-08-16,223,4444,4667
492,2021-08-17,230,4920,5150
492,2021-08-18,184,4975,5159
492,2021-08-19,207,4940,5147
492,2021-08-20,235,5088,5323
492,2021-08-21,159,5079,5238
492,2021-08-22,43,3186,3229
492,2021-08-23,226,4757,4983
492,2021-08-24,250,5615,5865
492,2021-08-25,304,5776,6080
492,2021-08-26,241,5411,5652
492,2021-08-27,340,5362,5702
492,2021-08-28,120,4148,4268
492,2021-08-29,48,3405,3453
492,2021-08-30,297,5132,5429
492,2021-08-31,291,5477,5768
492,2021-09-01,305,5722,6027
492,2021-09-02,314,5812,6126
492,2021-09-03,339,5979,6318
492,2021-09-04,185,5368,5553
492,2021-09-05,71,5285,5356
492,2021-09-06,261,5402,5663
492,2021-09-07,319,5612,5931
492,2021-09-08,326,5732,6058
492,2021-09-09,296,5337,5633
492,2021-09-10,188,5291,5479
492,2021-09-11,137,4796,4933
492,2021-09-12,40,4448,4488
492,2021-09-13,308,5498,5806
492,2021-09-14,276,5482,5758
492,2021-09-15,249,5163,5412
492,2021-09-16,276,5870,6146
492,2021-09-17,304,5988,6292
492,2021-09-18,167,5113,5280
492,2021-09-19,54,4132,4186
492,2021-09-20,320,5588,5908
492,2021-09-21,336,5977,6313
492,2021-09-22,360,6257,6617
492,2021-09-23,339,6395,6734
492,2021-09-24,407,6527,6934
492,2021-09-25,182,5855,6037
492,2021-09-26,42,3681,3723
492,2021-09-27,320,5679,5999
492,2021-09-28,346,6021,6367
492,2021-09-29,344,5839,6183
492,2021-09-30,454,6046,6500
492,2021-10-01,543,6171,6714
492,2021-10-02,200,4850,5050
492,2021-10-03,55,3103,3158
492,2021-10-04,452,5984,6436
492,2021-10-05,420,5624,6044
492,2021-10-06,409,5593,6002
492,2021-10-07,396,5766,6162
492,2021-10-08,407,5875,6282
492,2021-10-09,218,5261,5479
492,2021-10-10,83,4439,4522
492,2021-10-11,406,5470,5876
492,2021-10-12,433,5597,6030
492,2021-10-13,425,5765,6190
492,2021-10-14,395,5954,6349
492,2021-10-15,421,6160,6581
492,2021-10-16,221,4964,5185
492,2021-10-17,64,3927,3991
492,2021-10-18,411,5617,6028
492,2021-10-19,382,5754,6136
492,2021-10-20,351,5714,6065
492,2021-10-21,344,4562,4906
492,2021-10-22,394,5682,6076
492,2021-10-23,247,4694,4941
492,2021-10-24,51,3889,3940
492,2021-10-25,350,5415,5765
492,2021-10-26,391,5683,6074
492,2021-10-27,364,5728,6092
492,2021-10-28,392,5781,6173
492,2021-10-29,393,5919,6312
492,2021-10-30,169,4152,4321
492,2021-11-01,55,3191,3246
492,2021-11-02,316,5234,5550
492,2021-11-03,437,6183,6620
492,2021-11-04,451,6488,6939
492,2021-11-05,456,6827,7283
492,2021-11-06,254,5325,5579
492,2021-11-07,60,3356,3416
492,2021-11-08,415,6092,6507
492,2021-11-09,429,6065,6494
492,2021-11-10,440,6148,6588
492,2021-11-11,451,6227,6678
492,2021-11-12,335,6138,6473
492,2021-11-13,172,4579,4751
492,2021-11-14,52,3339,3391
492,2021-11-15,361,5648,6009
492,2021-11-16,403,5853,6256
492,2021-11-17,428,5844,6272
492,2021-11-18,404,5869,6273
492,2021-11-19,393,6065,6458
492,2021-11-20,196,5134,5330
492,2021-11-21,56,3277,3333
492,2021-11-22,403,5679,6082
492,2021-11-23,381,5938,6319
492,2021-11-24,374,5884,6258
492,2021-11-25,373,5999,6372
492,2021-11-26,366,5862,6228
492,2021-11-27,181,4257,4438
492,2021-11-28,54,3095,3149
492,2021-11-29,385,5497,5882
492,2021-11-30,362,5638,6000
492,2021-12-01,360,5855,6215
492,2021-12-02,364,5632,5996
492,2021-12-03,374,5887,6261
492,2021-12-04,166,4489,4655
492,2021-12-05,54,3076,3130
492,2021-12-06,361,5490,5851
492,2021-12-07,378,5927,6305
492,2021-12-08,348,5834,6182
492,2021-12-09,327,6008,6335
492,2021-12-10,314,5750,6064
492,2021-12-11,156,4243,4399
492,2021-12-12,52,2975,3027
492,2021-12-13,305,5516,5821
492,2021-12-14,407,5714,6121
492,2021-12-15,359,5860,6219
492,2021-12-16,307,5872,6179
492,2021-12-17,303,5900,6203
492,2021-12-18,167,4070,4237
492,2021-12-19,46,3023,3069
492,2021-12-20,247,4644,4891
492,2021-12-21,218,4600,4818
492,2021-12-22,214,4525,4739
492,2021-12-23,203,4621,4824
492,2021-12-24,159,3503,3662
492,2021-12-25,36,2456,2492
492,2021-12-26,47,2491,2538
492,2021-12-27,201,3661,3862
492,2021-12-28,187,3866,4053
492,2021-12-29,186,3903,4089
492,2021-12-30,173,3941,4114
492,2021-12-31,166,3447,3613
493,2021-01-01,45,2255,2300
493,2021-01-02,150,4004,4154
493,2021-01-03,68,3638,3706
493,2021-01-04,278,5453,5731
493,2021-01-05,291,5684,5975
493,2021-01-06,300,5629,5929
493,2021-01-07,351,5378,5729
493,2021-01-08,316,5574,5890
493,2021-01-09,176,4810,4986
493,2021-01-10,64,4292,4356
493,2021-01-11,387,6755,7142
493,2021-01-12,338,6691,7029
493,2021-01-13,378,6564,6942
493,2021-01-14,408,6339,6747
493,2021-01-15,382,6650,7032
493,2021-01-16,179,4964,5143
493,2021-01-17,60,3440,3500
493,2021-01-18,375,6716,7091
493,2021-01-19,385,6977,7362
493,2021-01-20,415,6924,7339
493,2021-01-21,401,7214,7615
493,2021-01-22,429,7263,7692
493,2021-01-23,181,4707,4888
493,2021-01-24,69,2902,2971
493,2021-01-25,421,6644,7065
493,2021-01-26,408,7029,7437
493,2021-01-27,417,6710,7127
493,2021-01-28,374,7078,7452
493,2021-01-29,426,7207,7633
493,2021-01-30,175,4673,4848
493,2021-01-31,75,2991,3066
493,2021-02-01,393,6898,7291
493,2021-02-02,398,7089,7487
493,2021-02-03,418,6823,7241
493,2021-02-04,407,7077,7484
493,2021-02-05,395,7251,7646
493,2021-02-06,168,4782,4950
493,2021-02-07,62,2943,3005
493,2021-02-08,425,6275,6700
493,2021-02-09,368,6314,6682
493,2021-02-10,408,6547,6955
493,2021-02-11,375,6568,6943
493,2021-02-12,431,6717,7148
493,2021-02-13,197,4672,4869
493,2021-02-14,67,3044,3111
493,2021-02-15,384,6139,6523
493,2021-02-16,417,6945,7362
493,2021-02-17,427,6683,7110
493,2021-02-18,430,6670,7100
493,2021-02-19,412,6779,7191
493,2021-02-20,192,5030,5222
493,2021-02-21,69,3777,3846
493,2021-02-22,397,6691,7088
493,2021-02-23,421,7269,7690
493,2021-02-24,398,7329,7727
493,2021-02-25,448,7389,7837
493,2021-02-26,413,7367,7780
493,2021-02-27,190,5007,5197
493,2021-02-28,66,3784,3850
493,2021-03-01,448,7114,7562
493,2021-03-02,433,7395,7828
493,2021-03-03,484,7307,7791
493,2021-03-04,501,7174,7675
493,2021-03-05,498,7528,8026
493,2021-03-06,266,5747,6013
493,2021-03-07,82,3930,4012
493,2021-03-08,425,7117,7542
493,2021-03-09,439,6983,7422
493,2021-03-10,453,7160,7613
493,2021-03-11,464,7334,7798
493,2021-03-12,506,7440,7946
493,2021-03-13,176,4560,4736
493,2021-03-14,65,3006,3071
493,2021-03-15,433,6996,7429
493,2021-03-16,386,7188,7574
493,2021-03-17,455,7108,7563
493,2021-03-18,457,7414,7871
493,2021-03-19,559,7836,8395
493,2021-03-20,216,5189,5405
493,2021-03-21,73,3268,3341
493,2021-03-22,423,6935,7358
493,2021-03-23,400,5716,6116
493,2021-03-24,434,7212,7646
493,2021-03-25,455,7361,7816
493,2021-03-26,454,7533,7987
493,2021-03-27,202,4929,5131
493,2021-03-29,470,7297,7767
493,2021-03-30,427,7543,7970
493,2021-03-31,453,7989,8442
493,2021-04-01,489,7708,8197
493,2021-04-02,497,7976,8473
493,2021-04-03,212,5212,5424
493,2021-04-04,68,3560,3628
493,2021-04-05,64,2856,2920
493,2021-04-06,529,8343,8872
493,2021-04-07,602,8483,9085
493,2021-04-08,515,8069,8584
493,2021-04-09,475,7859,8334
493,2021-04-10,164,4652,4816
493,2021-04-11,65,2683,2748
493,2021-04-12,396,6953,7349
493,2021-04-13,460,7312,7772
493,2021-04-14,495,7245,7740
493,2021-04-15,475,7124,7599
493,2021-04-16,532,7235,7767
493,2021-04-17,243,5459,5702
493,2021-04-18,74,3482,3556
493,2021-04-19,449,7224,7673
493,2021-04-20,530,7567,8097
493,2021-04-21,517,7595,8112
493,2021-04-22,444,7782,8226
493,2021-04-23,522,7434,7956
493,2021-04-24,221,5711,5932
493,2021-04-25,88,3935,4023
493,2021-04-26,510,7487,7997
493,2021-04-27,485,7688,8173
493,2021-04-28,499,7534,8033
493,2021-04-29,482,7653,8135
493,2021-04-30,442,8047,8489
493,2021-05-01,89,3811,3900
493,2021-05-02,73,3603,3676
493,2021-05-03,501,7459,7960
493,2021-05-04,473,7959,8432
493,2021-05-05,448,7666,8114
493,2021-05-06,460,7579,8039
493,2021-05-07,450,8021,8471
493,2021-05-08,230,5271,5501
493,2021-05-09,100,4566,4666
493,2021-05-10,501,7385,7886
493,2021-05-11,545,7757,8302
493,2021-05-12,606,8039,8645
493,2021-05-13,118,3735,3853
493,2021-05-14,384,7092,7476
493,2021-05-15,187,4808,4995
493,2021-05-19,522,7644,8166
493,2021-05-20,490,8084,8574
493,2021-05-21,497,8305,8802
493,2021-05-22,161,5151,5312
493,2021-05-23,71,3550,3621
493,2021-05-24,53,2992,3045
493,2021-05-25,386,7266,7652
493,2021-05-26,335,7302,7637
493,2021-05-27,487,7535,8022
493,2021-05-28,421,7959,8380
493,2021-05-29,238,5812,6050
493,2021-05-30,68,4413,4481
493,2021-05-31,459,8239,8698
493,2021-06-01,442,8710,9152
493,2021-06-02,488,8518,9006
493,2021-06-03,386,8007,8393
493,2021-06-04,486,8498,8984
493,2021-06-05,159,5836,5995
493,2021-06-06,61,4060,4121
493,2021-06-07,429,7739,8168
493,2021-06-08,393,8150,8543
493,2021-06-09,447,8135,8582
493,2021-06-10,475,8494,8969
493,2021-06-11,427,8753,9180
493,2021-06-12,176,6246,6422
493,2021-06-13,90,4677,4767
493,2021-06-14,378,7878,8256
493,2021-06-15,480,8159,8639
493,2021-06-16,556,8426,8982
493,2021-06-17,553,8544,9097
493,2021-06-18,436,8298,8734
493,2021-06-19,211,6057,6268
493,2021-06-20,96,4064,4160
493,2021-06-21,388,7372,7760
493,2021-06-22,425,8198,8623
493,2021-06-23,72,3752,3824
493,2021-06-24,374,7378,7752
493,2021-06-25,482,8146,8628
493,2021-06-26,191,5854,6045
493,2021-06-27,69,4103,4172
493,2021-06-28,372,7586,7958
493,2021-06-29,387,7748,8135
493,2021-06-30,411,7419,7830
493,2021-07-01,424,7804,8228
493,2021-07-02,432,8043,8475
493,2021-07-03,161,5860,6021
493,2021-07-04,78,3947,4025
493,2021-07-05,385,6780,7165
493,2021-07-06,362,7505,7867
493,2021-07-07,487,7874,8361
493,2021-07-08,438,7827,8265
493,2021-07-09,418,7870,8288
493,2021-07-10,145,5643,5788
493,2021-07-11,79,4065,4144
493,2021-07-12,398,7224,7622
493,2021-07-13,256,7197,7453
493,2021-07-14,298,7922,8220
493,2021-07-15,293,8039,8332
493,2021-07-16,329,7143,7472
493,2021-07-17,154,5162,5316
493,2021-07-18,61,3810,3871
493,2021-07-19,341,6828,7169
493,2021-07-20,413,7300,7713
493,2021-07-21,448,7332,7780
493,2021-07-22,354,7257,7611
493,2021-07-23,347,7487,7834
493,2021-07-24,171,4984,5155
493,2021-07-25,72,3636,3708
493,2021-07-26,330,6620,6950
493,2021-07-27,405,6858,7263
493,2021-07-28,289,6370,6659
493,2021-07-29,262,6017,6279
493,2021-07-30,241,6180,6421
493,2021-07-31,169,4728,4897
493,2021-08-01,75,4043,4118
493,2021-08-02,266,5735,6001
493,2021-08-03,265,6094,6359
493,2021-08-04,243,6108,6351
493,2021-08-05,267,6313,6580
493,2021-08-06,240,5950,6190
493,2021-08-07,154,4379,4533
493,2021-08-08,62,3293,3355
493,2021-08-09,260,5636,5896
493,2021-08-10,263,6005,6268
493,2021-08-11,267,5969,6236
493,2021-08-12,266,6141,6407
493,2021-08-13,304,6128,6432
493,2021-08-14,182,4871,5053
493,2021-08-15,98,3662,3760
493,2021-08-16,302,5452,5754
493,2021-08-17,298,6128,6426
493,2021-08-18,314,6239,6553
493,2021-08-19,296,6237,6533
493,2021-08-20,263,6286,6549
493,2021-08-21,168,4718,4886
493,2021-08-22,62,3552,3614
493,2021-08-23,338,5901,6239
493,2021-08-24,359,6111,6470
493,2021-08-25,351,6318,6669
493,2021-08-26,373,6030,6403
493,2021-08-27,318,6189,6507
493,2021-08-28,174,4449,4623
493,2021-08-29,65,3319,3384
493,2021-08-30,310,5955,6265
493,2021-08-31,357,6418,6775
493,2021-09-01,377,6352,6729
493,2021-09-02,417,6338,6755
493,2021-09-03,417,6513,6930
493,2021-09-04,174,4793,4967
493,2021-09-05,72,3830,3902
493,2021-09-06,355,6250,6605
493,2021-09-07,411,5217,5628
493,2021-09-08,396,4832,5228
493,2021-09-09,374,5853,6227
493,2021-09-10,351,6698,7049
493,2021-09-11,168,4790,4958
493,2021-09-12,48,4030,4078
493,2021-09-13,290,6803,7093
493,2021-09-14,277,6920,7197
493,2021-09-15,306,6952,7258
493,2021-09-16,326,7167,7493
493,2021-09-17,396,7268,7664
493,2021-09-18,149,5573,5722
493,2021-09-19,42,4476,4518
493,2021-09-20,359,6314,6673
493,2021-09-22,348,5576,5924
493,2021-09-23,355,5848,6203
493,2021-09-24,432,5720,6152
493,2021-09-25,168,4502,4670
493,2021-09-26,52,2945,2997
493,2021-09-27,354,5482,5836
493,2021-09-28,362,5622,5984
493,2021-09-29,387,5667,6054
493,2021-09-30,449,5966,6415
493,2021-10-01,382,5989,6371
493,2021-10-02,141,4542,4683
493,2021-10-03,41,3099,3140
493,2021-10-04,363,5503,5866
493,2021-10-05,352,5860,6212
493,2021-10-06,298,5598,5896
493,2021-10-07,503,5876,6379
493,2021-10-08,350,6032,6382
493,2021-10-09,147,4334,4481
493,2021-10-10,104,3245,3349
493,2021-10-11,343,5386,5729
493,2021-10-12,324,5600,5924
493,2021-10-13,369,5789,6158
493,2021-10-14,357,5917,6274
493,2021-10-15,365,6036,6401
493,2021-10-16,183,4319,4502
493,2021-10-17,65,3391,3456
493,2021-10-18,390,5602,5992
493,2021-10-19,348,5738,6086
493,2021-10-20,335,5719,6054
493,2021-10-21,384,5498,5882
493,2021-10-22,385,6008,6393
493,2021-10-23,215,4501,4716
493,2021-10-24,60,3391,3451
493,2021-10-25,403,5706,6109
493,2021-10-26,365,6091,6456
493,2021-10-27,364,5859,6223
493,2021-10-28,356,5939,6295
493,2021-10-29,429,6045,6474
493,2021-10-30,142,4247,4389
493,2021-11-01,63,3085,3148
493,2021-11-02,338,5771,6109
493,2021-11-03,349,6169,6518
493,2021-11-04,343,6254,6597
493,2021-11-05,337,6513,6850
493,2021-11-06,168,4830,4998
493,2021-11-07,53,3358,3411
493,2021-11-08,390,6625,7015
493,2021-11-09,375,6865,7240
493,2021-11-10,352,6737,7089
493,2021-11-11,382,6746,7128
493,2021-11-12,375,6938,7313
493,2021-11-13,140,5071,5211
493,2021-11-14,57,3656,3713
493,2021-11-15,362,6642,7004
493,2021-11-16,353,7105,7458
493,2021-11-17,394,6916,7310
493,2021-11-18,345,7129,7474
493,2021-11-19,405,7056,7461
493,2021-11-20,150,5445,5595
493,2021-11-21,47,3439,3486
493,2021-11-22,384,6633,7017
493,2021-11-23,389,6997,7386
493,2021-11-24,419,6814,7233
493,2021-11-25,376,7199,7575
493,2021-11-26,374,7273,7647
493,2021-11-27,127,5183,5310
493,2021-11-28,51,3493,3544
493,2021-11-29,366,6804,7170
493,2021-11-30,338,6893,7231
493,2021-12-01,325,6930,7255
493,2021-12-02,344,6981,7325
493,2021-12-03,341,7299,7640
493,2021-12-04,148,5009,5157
493,2021-12-05,51,3628,3679
493,2021-12-06,360,6520,6880
493,2021-12-07,353,7015,7368
493,2021-12-08,348,6817,7165
493,2021-12-09,337,6959,7296
493,2021-12-10,331,6841,7172
493,2021-12-11,138,5111,5249
493,2021-12-12,46,3344,3390
493,2021-12-13,327,6921,7248
493,2021-12-14,348,7189,7537
493,2021-12-15,371,7433,7804
493,2021-12-16,355,7567,7922
493,2021-12-17,296,7512,7808
493,2021-12-18,112,5096,5208
493,2021-12-19,44,3423,3467
493,2021-12-20,214,5999,6213
493,2021-12-21,234,6285,6519
493,2021-12-22,198,6147,6345
493,2021-12-23,186,5935,6121
493,2021-12-24,103,4789,4892
493,2021-12-25,33,2781,2814
493,2021-12-26,29,2754,2783
493,2021-12-27,120,4568,4688
493,2021-12-28,122,5004,5126
493,2021-12-29,118,5079,5197
493,2021-12-30,130,4918,5048
493,2021-12-31,84,4405,4489
495,2021-01-01,20,2727,2747
495,2021-01-02,96,4782,4878
495,2021-01-03,29,3585,3614
495,2021-01-04,217,7174,7391
495,2021-01-05,218,7328,7546
495,2021-01-06,233,7438,7671
495,2021-01-07,291,7716,8007
495,2021-01-08,285,8220,8505
495,2021-01-09,141,5874,6015
495,2021-01-10,28,4288,4316
495,2021-01-11,549,9808,10357
495,2021-01-12,444,10113,10557
495,2021-01-13,581,9842,10423
495,2021-01-14,454,9355,9809
495,2021-01-15,424,9696,10120
495,2021-01-16,161,6210,6371
495,2021-01-17,29,3767,3796
495,2021-01-18,524,9542,10066
495,2021-01-19,585,9870,10455
495,2021-01-20,616,9753,10369
495,2021-01-21,600,10141,10741
495,2021-01-22,584,10195,10779
495,2021-01-23,165,6532,6697
495,2021-01-24,39,4142,4181
495,2021-01-25,557,9756,10313
495,2021-01-26,596,10205,10801
495,2021-01-27,498,9641,10139
495,2021-01-28,445,10232,10677
495,2021-01-29,431,10310,10741
495,2021-01-30,129,6593,6722
495,2021-01-31,38,4133,4171
495,2021-02-01,560,9982,10542
495,2021-02-02,723,10382,11105
495,2021-02-03,582,9955,10537
495,2021-02-04,594,10423,11017
495,2021-02-05,559,10469,11028
495,2021-02-06,157,6735,6892
495,2021-02-07,21,4091,4112
495,2021-02-08,584,9240,9824
495,2021-02-09,583,9558,10141
495,2021-02-10,517,9616,10133
495,2021-02-11,541,9878,10419
495,2021-02-12,561,9952,10513
495,2021-02-13,146,6919,7065
495,2021-02-14,35,4456,4491
495,2021-02-15,607,8809,9416
495,2021-02-16,678,9891,10569
495,2021-02-17,650,9848,10498
495,2021-02-18,640,9840,10480
495,2021-02-19,631,9935,10566
495,2021-02-20,156,7122,7278
495,2021-02-21,19,5101,5120
495,2021-02-22,703,10162,10865
495,2021-02-23,662,10589,11251
495,2021-02-24,673,10700,11373
495,2021-02-25,688,11085,11773
495,2021-02-26,690,10836,11526
495,2021-02-27,181,7277,7458
495,2021-02-28,25,5151,5176
495,2021-03-01,767,10688,11455
495,2021-03-02,754,10635,11389
495,2021-03-03,773,10515,11288
495,2021-03-04,624,10766,11390
495,2021-03-05,661,10909,11570
495,2021-03-06,198,7249,7447
495,2021-03-07,40,4814,4854
495,2021-03-08,713,10177,10890
495,2021-03-09,689,10315,11004
495,2021-03-10,712,10415,11127
495,2021-03-11,565,10622,11187
495,2021-03-12,643,10806,11449
495,2021-03-13,159,6970,7129
495,2021-03-14,42,4203,4245
495,2021-03-15,680,10047,10727
495,2021-03-16,641,10609,11250
495,2021-03-17,687,10273,10960
495,2021-03-18,711,10588,11299
495,2021-03-19,660,10931,11591
495,2021-03-20,168,7295,7463
495,2021-03-21,40,5046,5086
495,2021-03-22,706,10113,10819
495,2021-03-23,727,10826,11553
495,2021-03-24,737,10602,11339
495,2021-03-25,750,10650,11400
495,2021-03-26,714,10890,11604
495,2021-03-27,203,7082,7285
495,2021-03-29,687,10540,11227
495,2021-03-30,644,10919,11563
495,2021-03-31,687,10704,11391
495,2021-04-01,618,11117,11735
495,2021-04-02,706,11203,11909
495,2021-04-03,228,7301,7529
495,2021-04-04,23,4671,4694
495,2021-04-05,50,3700,3750
495,2021-04-06,400,6971,7371
495,2021-04-07,378,7462,7840
495,2021-04-08,646,9774,10420
495,2021-04-09,644,10104,10748
495,2021-04-10,216,6531,6747
495,2021-04-11,30,3843,3873
495,2021-04-12,686,9709,10395
495,2021-04-13,702,9937,10639
495,2021-04-14,673,10073,10746
495,2021-04-15,662,10091,10753
495,2021-04-16,655,10289,10944
495,2021-04-17,203,7199,7402
495,2021-04-18,32,4477,4509
495,2021-04-19,615,10324,10939
495,2021-04-20,648,10755,11403
495,2021-04-21,634,10430,11064
495,2021-04-22,672,11061,11733
495,2021-04-23,634,11177,11811
495,2021-04-24,173,7808,7981
495,2021-04-25,42,5426,5468
495,2021-04-26,687,10419,11106
495,2021-04-27,669,10748,11417
495,2021-04-28,730,10854,11584
495,2021-04-29,655,11265,11920
495,2021-04-30,558,11402,11960
495,2021-05-01,39,5331,5370
495,2021-05-02,30,5094,5124
495,2021-05-03,621,10569,11190
495,2021-05-04,616,11036,11652
495,2021-05-05,724,10699,11423
495,2021-05-06,664,11005,11669
495,2021-05-07,624,11378,12002
495,2021-05-08,197,7863,8060
495,2021-05-09,85,5176,5261
495,2021-05-10,706,10400,11106
495,2021-05-11,700,10413,11113
495,2021-05-12,650,10925,11575
495,2021-05-13,115,5229,5344
495,2021-05-14,391,9950,10341
495,2021-05-15,240,7198,7438
495,2021-05-16,67,4498,4565
495,2021-05-17,632,10820,11452
495,2021-05-18,726,11163,11889
495,2021-05-19,706,11020,11726
495,2021-05-20,792,11537,12329
495,2021-05-21,802,11617,12419
495,2021-05-22,185,7049,7234
495,2021-05-23,63,4645,4708
495,2021-05-24,97,3964,4061
495,2021-05-25,809,10210,11019
495,2021-05-26,732,10159,10891
495,2021-05-27,789,10451,11240
495,2021-05-28,773,11014,11787
495,2021-05-29,196,7685,7881
495,2021-05-30,114,5596,5710
495,2021-05-31,691,11090,11781
495,2021-06-01,668,11592,12260
495,2021-06-02,734,11401,12135
495,2021-06-03,702,11392,12094
495,2021-06-04,724,11866,12590
495,2021-06-05,187,7674,7861
495,2021-06-06,71,5337,5408
495,2021-06-07,685,11040,11725
495,2021-06-08,733,11500,12233
495,2021-06-09,722,11485,12207
495,2021-06-10,682,11702,12384
495,2021-06-11,592,11993,12585
495,2021-06-12,201,8567,8768
495,2021-06-13,114,6029,6143
495,2021-06-14,696,11000,11696
495,2021-06-15,677,11434,12111
495,2021-06-16,674,11315,11989
495,2021-06-17,810,11566,12376
495,2021-06-18,675,11588,12263
495,2021-06-19,210,8454,8664
495,2021-06-20,114,5281,5395
495,2021-06-21,653,10925,11578
495,2021-06-22,697,11653,12350
495,2021-06-23,91,5266,5357
495,2021-06-24,667,11301,11968
495,2021-06-25,584,11106,11690
495,2021-06-26,204,7922,8126
495,2021-06-27,81,5371,5452
495,2021-06-28,630,10880,11510
495,2021-06-29,684,11224,11908
495,2021-06-30,614,11391,12005
495,2021-07-01,659,11603,12262
495,2021-07-02,614,11701,12315
495,2021-07-03,215,8169,8384
495,2021-07-04,74,5229,5303
495,2021-07-05,709,10967,11676
495,2021-07-06,663,11356,12019
495,2021-07-07,698,11358,12056
495,2021-07-08,842,11768,12610
495,2021-07-09,753,11786,12539
495,2021-07-10,168,8006,8174
495,2021-07-11,64,5615,5679
495,2021-07-12,681,10930,11611
495,2021-07-13,500,11360,11860
495,2021-07-14,552,11161,11713
495,2021-07-15,509,11332,11841
495,2021-07-16,595,10965,11560
495,2021-07-17,170,7881,8051
495,2021-07-18,73,5535,5608
495,2021-07-19,601,10408,11009
495,2021-07-20,656,10401,11057
495,2021-07-21,673,10604,11277
495,2021-07-22,627,10723,11350
495,2021-07-23,634,10670,11304
495,2021-07-24,159,7113,7272
495,2021-07-25,70,5036,5106
495,2021-07-26,562,9873,10435
495,2021-07-27,505,10324,10829
495,2021-07-28,471,10495,10966
495,2021-07-29,494,10567,11061
495,2021-07-30,360,10205,10565
495,2021-07-31,195,6942,7137
495,2021-08-01,66,4928,4994
495,2021-08-02,263,8744,9007
495,2021-08-03,251,8797,9048
495,2021-08-04,290,8830,9120
495,2021-08-05,246,8800,9046
495,2021-08-06,236,9092,9328
495,2021-08-07,124,6530,6654
495,2021-08-08,70,4756,4826
495,2021-08-09,213,8191,8404
495,2021-08-10,259,8394,8653
495,2021-08-11,261,8496,8757
495,2021-08-12,271,8772,9043
495,2021-08-13,248,8843,9091
495,2021-08-14,158,6499,6657
495,2021-08-15,82,5082,5164
495,2021-08-16,230,7931,8161
495,2021-08-17,220,7919,8139
495,2021-08-18,206,8046,8252
495,2021-08-19,206,8011,8217
495,2021-08-20,242,8584,8826
495,2021-08-21,153,7817,7970
495,2021-08-22,71,5313,5384
495,2021-08-23,357,8720,9077
495,2021-08-24,461,9349,9810
495,2021-08-25,481,9562,10043
495,2021-08-26,474,9432,9906
495,2021-08-27,458,9540,9998
495,2021-08-28,148,6732,6880
495,2021-08-29,57,4885,4942
495,2021-08-30,557,9279,9836
495,2021-08-31,551,9898,10449
495,2021-09-01,537,9802,10339
495,2021-09-02,565,10003,10568
495,2021-09-03,533,10359,10892
495,2021-09-04,220,7068,7288
495,2021-09-05,99,5441,5540
495,2021-09-06,560,9988,10548
495,2021-09-07,590,10768,11358
495,2021-09-08,611,11067,11678
495,2021-09-09,676,10712,11388
495,2021-09-10,616,10748,11364
495,2021-09-11,206,7940,8146
495,2021-09-12,80,6436,6516
495,2021-09-13,606,10975,11581
495,2021-09-14,635,11446,12081
495,2021-09-15,559,11043,11602
495,2021-09-16,643,12200,12843
495,2021-09-17,639,12037,12676
495,2021-09-18,165,9166,9331
495,2021-09-19,62,6437,6499
495,2021-09-20,634,11291,11925
495,2021-09-21,655,12260,12915
495,2021-09-22,748,12071,12819
495,2021-09-23,615,12909,13524
495,2021-09-24,649,12679,13328
495,2021-09-25,256,9514,9770
495,2021-09-26,84,5997,6081
495,2021-09-27,655,11727,12382
495,2021-09-28,633,12532,13165
495,2021-09-29,611,12233,12844
495,2021-09-30,589,12987,13576
495,2021-10-01,630,13097,13727
495,2021-10-02,240,9079,9319
495,2021-10-03,47,5472,5519
495,2021-10-04,640,11829,12469
495,2021-10-05,637,12661,13298
495,2021-10-06,677,12279,12956
495,2021-10-07,626,12826,13452
495,2021-10-08,587,12823,13410
495,2021-10-09,184,9143,9327
495,2021-10-10,116,6245,6361
495,2021-10-11,574,11793,12367
495,2021-10-12,630,12623,13253
495,2021-10-13,669,12204,12873
495,2021-10-14,701,12815,13516
495,2021-10-15,700,13108,13808
495,2021-10-16,193,9247,9440
495,2021-10-17,114,6181,6295
495,2021-10-18,652,12038,12690
495,2021-10-19,598,12631,13229
495,2021-10-20,594,11989,12583
495,2021-10-21,573,12489,13062
495,2021-10-22,570,12496,13066
495,2021-10-23,179,8994,9173
495,2021-10-24,58,6364,6422
495,2021-10-25,663,12046,12709
495,2021-10-26,665,12758,13423
495,2021-10-27,739,12497,13236
495,2021-10-28,695,13228,13923
495,2021-10-29,710,13039,13749
495,2021-10-30,174,8350,8524
495,2021-11-01,66,5062,5128
495,2021-11-02,567,10708,11275
495,2021-11-03,513,10073,10586
495,2021-11-04,623,9943,10566
495,2021-11-05,637,10457,11094
495,2021-11-06,133,7680,7813
495,2021-11-07,61,5095,5156
495,2021-11-08,612,11369,11981
495,2021-11-09,708,12120,12828
495,2021-11-10,673,11526,12199
495,2021-11-11,608,11971,12579
495,2021-11-12,547,11878,12425
495,2021-11-13,150,8026,8176
495,2021-11-14,61,5438,5499
495,2021-11-15,578,11312,11890
495,2021-11-16,637,11925,12562
495,2021-11-17,645,11412,12057
495,2021-11-18,639,12193,12832
495,2021-11-19,686,12155,12841
495,2021-11-20,157,8538,8695
495,2021-11-21,45,5420,5465
495,2021-11-22,645,11298,11943
495,2021-11-23,592,11973,12565
495,2021-11-24,638,11712,12350
495,2021-11-25,650,12113,12763
495,2021-11-26,573,12143,12716
495,2021-11-27,141,8012,8153
495,2021-11-28,60,5362,5422
495,2021-11-29,603,10897,11500
495,2021-11-30,592,11490,12082
495,2021-12-01,580,11367,11947
495,2021-12-02,551,11673,12224
495,2021-12-03,528,11473,12001
495,2021-12-04,143,7894,8037
495,2021-12-05,46,5208,5254
495,2021-12-06,631,10216,10847
495,2021-12-07,648,11061,11709
495,2021-12-08,641,10877,11518
495,2021-12-09,551,11108,11659
495,2021-12-10,499,10984,11483
495,2021-12-11,192,7737,7929
495,2021-12-12,57,5330,5387
495,2021-12-13,511,10323,10834
495,2021-12-14,585,11342,11927
495,2021-12-15,504,10767,11271
495,2021-12-16,504,11407,11911
495,2021-12-17,398,11444,11842
495,2021-12-18,127,7500,7627
495,2021-12-19,52,5214,5266
495,2021-12-20,276,9349,9625
495,2021-12-21,276,9618,9894
495,2021-12-22,237,9312,9549
495,2021-12-23,200,9147,9347
495,2021-12-24,155,7351,7506
495,2021-12-25,32,4328,4360
495,2021-12-26,33,3890,3923
495,2021-12-27,136,7085,7221
495,2021-12-28,135,7408,7543
495,2021-12-29,139,7520,7659
495,2021-12-30,138,7648,7786
495,2021-12-31,116,6724,6840
498,2021-01-01,9,2924,2933
498,2021-01-02,76,4952,5028
498,2021-01-03,13,3317,3330
498,2021-01-04,323,6849,7172
498,2021-01-05,359,7270,7629
498,2021-01-06,384,6993,7377
498,2021-01-07,394,7129,7523
498,2021-01-08,400,7704,8104
498,2021-01-09,127,6371,6498
498,2021-01-10,15,4092,4107
498,2021-01-11,442,8226,8668
498,2021-01-12,424,7644,8068
498,2021-01-13,483,7946,8429
498,2021-01-14,456,7409,7865
498,2021-01-15,442,8192,8634
498,2021-01-16,98,6732,6830
498,2021-01-17,24,3822,3846
498,2021-01-18,462,8199,8661
498,2021-01-19,411,8176,8587
498,2021-01-20,490,8258,8748
498,2021-01-21,437,7767,8204
498,2021-01-22,474,8412,8886
498,2021-01-23,138,7044,7182
498,2021-01-24,27,4341,4368
498,2021-01-25,483,7943,8426
498,2021-01-26,539,8319,8858
498,2021-01-27,518,7828,8346
498,2021-01-28,515,7630,8145
498,2021-01-29,465,8533,8998
498,2021-01-30,111,6982,7093
498,2021-01-31,31,4191,4222
498,2021-02-02,484,8264,8748
498,2021-02-03,478,7589,8067
498,2021-02-04,502,8423,8925
498,2021-02-05,496,8756,9252
498,2021-02-06,114,6717,6831
498,2021-02-07,30,4268,4298
498,2021-02-08,529,7756,8285
498,2021-02-09,578,8118,8696
498,2021-02-10,636,8353,8989
498,2021-02-11,617,8458,9075
498,2021-02-12,661,9113,9774
498,2021-02-13,195,7602,7797
498,2021-02-14,24,4940,4964
498,2021-02-15,565,7997,8562
498,2021-02-16,583,8480,9063
498,2021-02-17,538,8325,8863
498,2021-02-18,587,8219,8806
498,2021-02-19,555,8941,9496
498,2021-02-20,153,7674,7827
498,2021-02-21,33,5232,5265
498,2021-02-22,595,8493,9088
498,2021-02-23,529,8863,9392
498,2021-02-24,586,8916,9502
498,2021-02-25,592,8760,9352
498,2021-02-26,592,9104,9696
498,2021-02-27,150,7618,7768
498,2021-02-28,38,5141,5179
498,2021-03-01,485,8481,8966
498,2021-03-02,620,8815,9435
498,2021-03-03,698,8360,9058
498,2021-03-04,525,8481,9006
498,2021-03-05,612,8953,9565
498,2021-03-06,179,7726,7905
498,2021-03-07,37,5143,5180
498,2021-03-08,507,8487,8994
498,2021-03-09,583,8535,9118
498,2021-03-10,614,8332,8946
498,2021-03-11,482,8073,8555
498,2021-03-12,564,8777,9341
498,2021-03-13,117,6692,6809
498,2021-03-14,23,4522,4545
498,2021-03-15,562,8061,8623
498,2021-03-16,569,8122,8691
498,2021-03-17,535,8276,8811
498,2021-03-18,534,8618,9152
498,2021-03-19,570,8844,9414
498,2021-03-20,215,7542,7757
498,2021-03-21,19,4636,4655
498,2021-03-22,597,8040,8637
498,2021-03-23,616,8637,9253
498,2021-03-24,655,8474,9129
498,2021-03-25,627,8739,9366
498,2021-03-26,608,9250,9858
498,2021-03-27,184,7389,7573
498,2021-03-29,605,9035,9640
498,2021-03-30,618,8791,9409
498,2021-03-31,626,8660,9286
498,2021-04-01,577,8718,9295
498,2021-04-02,625,8999,9624
498,2021-04-03,172,7408,7580
498,2021-04-04,16,4249,4265
498,2021-04-05,22,3321,3343
498,2021-04-06,501,7609,8110
498,2021-04-07,514,7728,8242
498,2021-04-08,474,7972,8446
498,2021-04-09,523,8258,8781
498,2021-04-10,118,5932,6050
498,2021-04-11,16,3517,3533
498,2021-04-12,500,7432,7932
498,2021-04-13,485,7781,8266
498,2021-04-14,552,7756,8308
498,2021-04-15,603,8693,9296
498,2021-04-16,602,8227,8829
498,2021-04-17,167,6836,7003
498,2021-04-18,23,4300,4323
498,2021-04-19,532,7624,8156
498,2021-04-20,576,7997,8573
498,2021-04-21,569,8031,8600
498,2021-04-22,599,8623,9222
498,2021-04-23,555,9258,9813
498,2021-04-24,229,7971,8200
498,2021-04-25,28,5516,5544
498,2021-04-26,499,8518,9017
498,2021-04-27,534,8877,9411
498,2021-04-28,615,8722,9337
498,2021-04-29,580,8997,9577
498,2021-04-30,549,9350,9899
498,2021-05-01,80,4991,5071
498,2021-05-02,25,5478,5503
498,2021-05-03,570,8763,9333
498,2021-05-04,522,8448,8970
498,2021-05-05,567,8373,8940
498,2021-05-06,624,8740,9364
498,2021-05-07,644,9604,10248
498,2021-05-08,185,8503,8688
498,2021-05-09,39,5254,5293
498,2021-05-10,561,8509,9070
498,2021-05-11,649,9063,9712
498,2021-05-12,656,9747,10403
498,2021-05-13,63,4781,4844
498,2021-05-14,479,9145,9624
498,2021-05-15,135,7458,7593
498,2021-05-16,44,5037,5081
498,2021-05-17,665,8419,9084
498,2021-05-18,611,8880,9491
498,2021-05-19,662,9063,9725
498,2021-05-20,656,9201,9857
498,2021-05-21,646,9845,10491
498,2021-05-22,181,7504,7685
498,2021-05-23,33,5126,5159
498,2021-05-24,41,4307,4348
498,2021-05-25,637,9080,9717
498,2021-05-26,606,8669,9275
498,2021-05-27,647,9047,9694
498,2021-05-28,716,9702,10418
498,2021-05-29,209,8230,8439
498,2021-05-30,52,6145,6197
498,2021-05-31,683,9334,10017
498,2021-06-01,754,9774,10528
498,2021-06-02,749,9225,9974
498,2021-06-03,686,9118,9804
498,2021-06-04,683,9533,10216
498,2021-06-05,235,9125,9360
498,2021-06-06,42,6036,6078
498,2021-06-07,648,9122,9770
498,2021-06-08,691,9607,10298
498,2021-06-09,631,9591,10222
498,2021-06-10,688,9891,10579
498,2021-06-11,704,10366,11070
498,2021-06-12,241,8739,8980
498,2021-06-13,64,6532,6596
498,2021-06-14,759,9926,10685
498,2021-06-15,737,10481,11218
498,2021-06-16,719,9937,10656
498,2021-06-17,697,9566,10263
498,2021-06-18,660,9726,10386
498,2021-06-19,202,7979,8181
498,2021-06-20,32,6001,6033
498,2021-06-21,617,9034,9651
498,2021-06-22,703,9612,10315
498,2021-06-23,177,5763,5940
498,2021-06-24,706,9008,9714
498,2021-06-25,697,9754,10451
498,2021-06-26,203,8087,8290
498,2021-06-27,63,5634,5697
498,2021-06-28,664,9299,9963
498,2021-06-29,685,9520,10205
498,2021-06-30,741,9458,10199
498,2021-07-01,743,9541,10284
498,2021-07-02,767,9964,10731
498,2021-07-03,233,8278,8511
498,2021-07-04,30,5711,5741
498,2021-07-05,633,9081,9714
498,2021-07-06,721,9462,10183
498,2021-07-07,756,9801,10557
498,2021-07-08,761,9432,10193
498,2021-07-09,751,10242,10993
498,2021-07-10,210,7922,8132
498,2021-07-11,54,5849,5903
498,2021-07-12,715,9319,10034
498,2021-07-13,643,8325,8968
498,2021-07-14,469,7858,8327
498,2021-07-15,611,8771,9382
498,2021-07-16,678,9631,10309
498,2021-07-17,162,8110,8272
498,2021-07-18,39,5869,5908
498,2021-07-19,702,8912,9614
498,2021-07-20,681,8984,9665
498,2021-07-21,649,9002,9651
498,2021-07-22,721,9005,9726
498,2021-07-23,683,9260,9943
498,2021-07-24,173,7156,7329
498,2021-07-25,48,5364,5412
498,2021-07-26,623,8328,8951
498,2021-07-27,605,8079,8684
498,2021-07-28,653,8974,9627
498,2021-07-29,577,9039,9616
498,2021-07-30,423,8957,9380
498,2021-07-31,143,6815,6958
498,2021-08-01,35,4726,4761
498,2021-08-02,402,6966,7368
498,2021-08-03,388,6783,7171
498,2021-08-04,394,7083,7477
498,2021-08-05,409,7120,7529
498,2021-08-06,386,7259,7645
498,2021-08-07,117,5563,5680
498,2021-08-08,32,4019,4051
498,2021-08-09,340,6522,6862
498,2021-08-10,384,6779,7163
498,2021-08-11,372,6624,6996
498,2021-08-12,345,6843,7188
498,2021-08-13,374,7107,7481
498,2021-08-14,122,5984,6106
498,2021-08-15,27,4194,4221
498,2021-08-16,316,6541,6857
498,2021-08-17,371,6751,7122
498,2021-08-18,384,6925,7309
498,2021-08-19,339,7104,7443
498,2021-08-20,435,7384,7819
498,2021-08-21,161,6037,6198
498,2021-08-22,28,4437,4465
498,2021-08-23,407,7616,8023
498,2021-08-24,492,8075,8567
498,2021-08-25,578,7803,8381
498,2021-08-26,416,8033,8449
498,2021-08-27,451,8734,9185
498,2021-08-28,132,6754,6886
498,2021-08-29,23,4840,4863
498,2021-08-30,511,8382,8893
498,2021-08-31,510,8828,9338
498,2021-09-01,582,8832,9414
498,2021-09-02,629,8986,9615
498,2021-09-03,619,9377,9996
498,2021-09-04,185,9570,9755
498,2021-09-05,40,7014,7054
498,2021-09-06,572,8961,9533
498,2021-09-07,589,9088,9677
498,2021-09-08,609,9016,9625
498,2021-09-09,624,8978,9602
498,2021-09-10,604,9180,9784
498,2021-09-11,173,8132,8305
498,2021-09-12,55,6844,6899
498,2021-09-13,532,9221,9753
498,2021-09-14,534,9374,9908
498,2021-09-15,492,8877,9369
498,2021-09-16,565,9357,9922
498,2021-09-17,570,9956,10526
498,2021-09-18,153,8648,8801
498,2021-09-19,27,5935,5962
498,2021-09-20,610,8977,9587
498,2021-09-21,605,9209,9814
498,2021-09-22,592,9241,9833
498,2021-09-23,617,9369,9986
498,2021-09-24,588,9761,10349
498,2021-09-25,237,7163,7400
498,2021-09-26,25,5552,5577
498,2021-09-27,541,8886,9427
498,2021-09-28,541,9315,9856
498,2021-09-29,560,9128,9688
498,2021-09-30,553,9714,10267
498,2021-10-01,587,9958,10545
498,2021-10-02,186,7985,8171
498,2021-10-03,29,5353,5382
498,2021-10-04,514,8938,9452
498,2021-10-05,577,8951,9528
498,2021-10-06,486,9119,9605
498,2021-10-07,500,9431,9931
498,2021-10-08,491,9883,10374
498,2021-10-09,173,8277,8450
498,2021-10-10,39,5922,5961
498,2021-10-11,519,9065,9584
498,2021-10-12,507,9119,9626
498,2021-10-13,510,9028,9538
498,2021-10-14,530,9512,10042
498,2021-10-15,570,9924,10494
498,2021-10-16,153,8252,8405
498,2021-10-17,31,5596,5627
498,2021-10-18,551,9204,9755
498,2021-10-19,546,9534,10080
498,2021-10-20,585,9316,9901
498,2021-10-21,563,9172,9735
498,2021-10-22,573,9810,10383
498,2021-10-23,157,8471,8628
498,2021-10-24,13,5761,5774
498,2021-10-25,562,9046,9608
498,2021-10-26,511,9518,10029
498,2021-10-27,567,9291,9858
498,2021-10-28,527,9614,10141
498,2021-10-29,529,10617,11146
498,2021-10-30,115,7927,8042
498,2021-11-01,33,4832,4865
498,2021-11-02,502,8796,9298
498,2021-11-03,448,8227,8675
498,2021-11-04,559,8746,9305
498,2021-11-05,540,9009,9549
498,2021-11-06,118,7499,7617
498,2021-11-07,26,4990,5016
498,2021-11-08,493,8804,9297
498,2021-11-09,512,8899,9411
498,2021-11-10,522,9184,9706
498,2021-11-11,432,9377,9809
498,2021-11-12,466,9516,9982
498,2021-11-13,104,7796,7900
498,2021-11-14,24,5219,5243
498,2021-11-15,525,8867,9392
498,2021-11-16,500,9000,9500
498,2021-11-17,537,9206,9743
498,2021-11-18,542,9378,9920
498,2021-11-19,543,9480,10023
498,2021-11-20,146,8204,8350
498,2021-11-21,31,5118,5149
498,2021-11-22,507,8837,9344
498,2021-11-23,526,9161,9687
498,2021-11-24,565,9421,9986
498,2021-11-25,588,9295,9883
498,2021-11-26,505,9244,9749
498,2021-11-27,119,7468,7587
498,2021-11-28,27,5141,5168
498,2021-11-29,554,8959,9513
498,2021-11-30,480,8531,9011
498,2021-12-01,498,8586,9084
498,2021-12-02,544,9028,9572
498,2021-12-03,585,9290,9875
498,2021-12-04,98,7964,8062
498,2021-12-05,20,5275,5295
498,2021-12-06,571,8951,9522
498,2021-12-07,531,9332,9863
498,2021-12-08,483,9261,9744
498,2021-12-09,472,9153,9625
498,2021-12-10,447,8687,9134
498,2021-12-11,102,8061,8163
498,2021-12-12,17,5486,5503
498,2021-12-13,534,8654,9188
498,2021-12-14,601,9252,9853
498,2021-12-15,566,9163,9729
498,2021-12-16,487,9559,10046
498,2021-12-17,430,10079,10509
498,2021-12-18,101,7686,7787
498,2021-12-19,24,5319,5343
498,2021-12-20,334,8455,8789
498,2021-12-21,333,8665,8998
498,2021-12-22,308,8567,8875
498,2021-12-23,243,8437,8680
498,2021-12-24,138,6891,7029
498,2021-12-25,6,3417,3423
498,2021-12-26,17,3520,3537
498,2021-12-27,144,6475,6619
498,2021-12-28,177,6658,6835
498,2021-12-29,146,6667,6813
498,2021-12-30,146,7323,7469
498,2021-12-31,107,6606,6713
500,2021-01-02,221,6952,7173
500,2021-01-03,62,3929,3991
500,2021-01-04,476,9598,10074
500,2021-01-05,480,9825,10305
500,2021-01-06,459,9674,10133
500,2021-01-07,481,9822,10303
500,2021-01-08,525,10433,10958
500,2021-01-09,256,8360,8616
500,2021-01-10,72,4386,4458
500,2021-01-11,609,13863,14472
500,2021-01-12,603,13542,14145
500,2021-01-13,649,13194,13843
500,2021-01-14,684,12064,12748
500,2021-01-15,614,13787,14401
500,2021-01-16,300,12219,12519
500,2021-01-17,78,4160,4238
500,2021-01-18,612,13088,13700
500,2021-01-19,655,13181,13836
500,2021-01-20,712,13214,13926
500,2021-01-21,603,13566,14169
500,2021-01-22,667,14759,15426
500,2021-01-23,282,12452,12734
500,2021-01-24,90,4506,4596
500,2021-01-25,726,13065,13791
500,2021-01-26,699,13923,14622
500,2021-01-27,581,12377,12958
500,2021-01-28,601,13778,14379
500,2021-01-29,664,14645,15309
500,2021-01-30,238,12292,12530
500,2021-01-31,76,4518,4594
500,2021-02-01,688,13867,14555
500,2021-02-02,666,14271,14937
500,2021-02-03,669,13064,13733
500,2021-02-04,713,13878,14591
500,2021-02-05,694,14764,15458
500,2021-02-06,268,12530,12798
500,2021-02-07,59,4856,4915
500,2021-02-08,694,12806,13500
500,2021-02-09,705,13016,13721
500,2021-02-10,766,13555,14321
500,2021-02-11,694,14084,14778
500,2021-02-12,766,15489,16255
500,2021-02-13,323,13041,13364
500,2021-02-14,93,5371,5464
500,2021-02-15,740,13123,13863
500,2021-02-16,772,14327,15099
500,2021-02-17,774,13935,14709
500,2021-02-18,799,13911,14710
500,2021-02-19,787,14952,15739
500,2021-02-20,333,12400,12733
500,2021-02-21,95,5990,6085
500,2021-02-22,790,13561,14351
500,2021-02-23,891,15429,16320
500,2021-02-24,886,14514,15400
500,2021-02-25,857,14572,15429
500,2021-02-26,773,15433,16206
500,2021-02-27,347,13185,13532
500,2021-02-28,65,5586,5651
500,2021-03-01,817,13761,14578
500,2021-03-02,892,14528,15420
500,2021-03-03,899,14343,15242
500,2021-03-04,747,14594,15341
500,2021-03-05,830,15973,16803
500,2021-03-06,385,13579,13964
500,2021-03-07,85,6448,6533
500,2021-03-08,881,14054,14935
500,2021-03-09,892,14246,15138
500,2021-03-10,909,14104,15013
500,2021-03-11,762,14068,14830
500,2021-03-12,705,14941,15646
500,2021-03-16,800,14914,15714
500,2021-03-17,770,14153,14923
500,2021-03-18,748,14268,15016
500,2021-03-19,745,15569,16314
500,2021-03-20,311,12942,13253
500,2021-03-21,64,5338,5402
500,2021-03-22,802,13628,14430
500,2021-03-23,827,14694,15521
500,2021-03-24,819,14277,15096
500,2021-03-25,903,15294,16197
500,2021-03-26,892,16297,17189
500,2021-03-27,286,12840,13126
500,2021-03-29,836,14410,15246
500,2021-03-30,832,15910,16742
500,2021-03-31,808,14691,15499
500,2021-04-01,868,15563,16431
500,2021-04-02,801,17052,17853
500,2021-04-03,484,13537,14021
500,2021-04-04,173,4733,4906
500,2021-04-05,173,4034,4207
500,2021-04-06,994,20291,21285
500,2021-04-07,899,18166,19065
500,2021-04-08,737,15118,15855
500,2021-04-09,747,15312,16059
500,2021-04-10,261,11978,12239
500,2021-04-11,58,4713,4771
500,2021-04-12,750,14210,14960
500,2021-04-13,758,14242,15000
500,2021-04-14,869,14482,15351
500,2021-04-15,833,14744,15577
500,2021-04-16,755,15551,16306
500,2021-04-17,327,12755,13082
500,2021-04-18,70,5113,5183
500,2021-04-19,734,14003,14737
500,2021-04-20,764,14508,15272
500,2021-04-21,716,14249,14965
500,2021-04-22,808,14761,15569
500,2021-04-23,785,15756,16541
500,2021-04-24,350,13669,14019
500,2021-04-25,93,6242,6335
500,2021-04-26,791,14104,14895
500,2021-04-27,820,15143,15963
500,2021-04-28,788,14859,15647
500,2021-04-29,788,15797,16585
500,2021-04-30,747,17741,18488
500,2021-05-02,76,5875,5951
500,2021-05-03,773,15188,15961
500,2021-05-04,717,15250,15967
500,2021-05-05,819,14967,15786
500,2021-05-06,703,15325,16028
500,2021-05-07,783,16319,17102
500,2021-05-08,392,13585,13977
500,2021-05-09,151,6122,6273
500,2021-05-10,750,14397,15147
500,2021-05-11,786,15536,16322
500,2021-05-12,834,16413,17247
500,2021-05-13,142,5310,5452
500,2021-05-14,607,15849,16456
500,2021-05-15,293,12647,12940
500,2021-05-16,110,5197,5307
500,2021-05-17,688,14850,15538
500,2021-05-18,771,15687,16458
500,2021-05-19,740,14847,15587
500,2021-05-20,805,15369,16174
500,2021-05-21,907,16139,17046
500,2021-05-22,479,13141,13620
500,2021-05-23,246,5204,5450
500,2021-05-24,250,4336,4586
500,2021-05-25,946,14912,15858
500,2021-05-26,856,14518,15374
500,2021-05-27,984,15087,16071
500,2021-05-28,1025,15558,16583
500,2021-05-29,615,12807,13422
500,2021-05-30,249,6302,6551
500,2021-05-31,837,15108,15945
500,2021-06-01,809,15689,16498
500,2021-06-02,811,15426,16237
500,2021-06-03,751,15797,16548
500,2021-06-04,751,15777,16528
500,2021-06-05,358,14154,14512
500,2021-06-06,122,5675,5797
500,2021-06-07,791,14721,15512
500,2021-06-08,785,15749,16534
500,2021-06-09,781,15511,16292
500,2021-06-10,811,16183,16994
500,2021-06-11,812,16862,17674
500,2021-06-12,360,13804,14164
500,2021-06-13,165,6548,6713
500,2021-06-14,808,15019,15827
500,2021-06-15,835,15608,16443
500,2021-06-16,827,15583,16410
500,2021-06-17,812,15655,16467
500,2021-06-18,777,16861,17638
500,2021-06-19,360,13305,13665
500,2021-06-20,115,5899,6014
500,2021-06-21,766,15121,15887
500,2021-06-22,727,16272,16999
500,2021-06-23,149,5035,5184
500,2021-06-24,756,15380,16136
500,2021-06-25,774,16266,17040
500,2021-06-26,348,13604,13952
500,2021-06-27,128,6698,6826
500,2021-06-28,766,15020,15786
500,2021-06-29,830,14725,15555
500,2021-06-30,704,15456,16160
500,2021-07-01,822,15907,16729
500,2021-07-02,789,15898,16687
500,2021-07-03,341,13309,13650
500,2021-07-04,125,5830,5955
500,2021-07-05,796,14677,15473
500,2021-07-06,767,15410,16177
500,2021-07-07,772,15170,15942
500,2021-07-08,742,15588,16330
500,2021-07-09,771,16233,17004
500,2021-07-10,345,13548,13893
500,2021-07-11,122,6131,6253
500,2021-07-12,741,14739,15480
500,2021-07-13,619,14547,15166
500,2021-07-14,568,13285,13853
500,2021-07-15,817,18185,19002
500,2021-07-16,1180,19981,21161
500,2021-07-17,854,16700,17554
500,2021-07-18,274,6996,7270
500,2021-07-19,1097,16351,17448
500,2021-07-20,1005,15745,16750
500,2021-07-21,960,14954,15914
500,2021-07-22,1016,14980,15996
500,2021-07-23,1030,15504,16534
500,2021-07-24,463,12680,13143
500,2021-07-25,227,5536,5763
500,2021-07-26,911,14508,15419
500,2021-07-27,850,14081,14931
500,2021-07-28,847,14957,15804
500,2021-07-29,865,14702,15567
500,2021-07-30,911,14411,15322
500,2021-07-31,472,11593,12065
500,2021-08-01,267,5471,5738
500,2021-08-02,837,13499,14336
500,2021-08-03,787,12924,13711
500,2021-08-04,839,13126,13965
500,2021-08-05,779,12765,13544
500,2021-08-06,785,13557,14342
500,2021-08-07,319,10719,11038
500,2021-08-08,117,4846,4963
500,2021-08-09,522,12353,12875
500,2021-08-10,531,12747,13278
500,2021-08-11,584,12181,12765
500,2021-08-12,590,12295,12885
500,2021-08-13,598,12686,13284
500,2021-08-14,381,10300,10681
500,2021-08-15,158,5123,5281
500,2021-08-16,616,12276,12892
500,2021-08-17,588,12423,13011
500,2021-08-18,626,13510,14136
500,2021-08-19,593,12605,13198
500,2021-08-20,577,12780,13357
500,2021-08-21,318,10217,10535
500,2021-08-22,125,5028,5153
500,2021-08-23,666,13282,13948
500,2021-08-24,695,14026,14721
500,2021-08-25,764,13333,14097
500,2021-08-26,779,13411,14190
500,2021-08-27,687,13879,14566
500,2021-08-28,317,11316,11633
500,2021-08-29,129,5217,5346
500,2021-08-30,709,13169,13878
500,2021-08-31,719,13362,14081
500,2021-09-01,778,13262,14040
500,2021-09-02,791,13339,14130
500,2021-09-03,795,13868,14663
500,2021-09-04,354,11725,12079
500,2021-09-05,157,5882,6039
500,2021-09-06,753,13677,14430
500,2021-09-07,816,14270,15086
500,2021-09-08,798,13801,14599
500,2021-09-09,805,14631,15436
500,2021-09-10,799,14997,15796
500,2021-09-11,352,12755,13107
500,2021-09-12,117,6217,6334
500,2021-09-13,834,15227,16061
500,2021-09-14,797,15524,16321
500,2021-09-15,707,14620,15327
500,2021-09-16,828,15165,15993
500,2021-09-17,848,15529,16377
500,2021-09-18,405,13426,13831
500,2021-09-19,119,6431,6550
500,2021-09-20,890,14214,15104
500,2021-09-21,798,14668,15466
500,2021-09-22,790,14494,15284
500,2021-09-23,814,14642,15456
500,2021-09-24,788,15592,16380
500,2021-09-25,480,12980,13460
500,2021-09-26,117,6041,6158
500,2021-09-27,742,14216,14958
500,2021-09-28,800,14813,15613
500,2021-09-29,747,14827,15574
500,2021-09-30,787,15189,15976
500,2021-10-01,848,15854,16702
500,2021-10-02,325,13457,13782
500,2021-10-03,90,5464,5554
500,2021-10-04,782,14699,15481
500,2021-10-05,802,14756,15558
500,2021-10-06,730,14793,15523
500,2021-10-07,823,15015,15838
500,2021-10-08,876,15656,16532
500,2021-10-09,342,13391,13733
500,2021-10-10,142,6151,6293
500,2021-10-11,921,14356,15277
500,2021-10-12,811,14866,15677
500,2021-10-13,858,15079,15937
500,2021-10-14,759,14600,15359
500,2021-10-15,813,15528,16341
500,2021-10-16,362,12819,13181
500,2021-10-17,201,5676,5877
500,2021-10-18,775,14144,14919
500,2021-10-19,760,15361,16121
500,2021-10-20,819,14429,15248
500,2021-10-21,614,13850,14464
500,2021-10-22,765,15952,16717
500,2021-10-23,386,13561,13947
500,2021-10-24,106,6796,6902
500,2021-10-25,776,14810,15586
500,2021-10-26,870,15553,16423
500,2021-10-27,812,15438,16250
500,2021-10-28,804,16262,17066
500,2021-10-29,806,16333,17139
500,2021-10-30,387,12767,13154
500,2021-11-01,237,5148,5385
500,2021-11-02,923,15223,16146
500,2021-11-03,858,15025,15883
500,2021-11-04,904,14969,15873
500,2021-11-05,943,15491,16434
500,2021-11-06,484,12918,13402
500,2021-11-07,214,5552,5766
500,2021-11-08,765,14585,15350
500,2021-11-09,782,15182,15964
500,2021-11-10,776,14794,15570
500,2021-11-11,755,15268,16023
500,2021-11-12,755,16065,16820
500,2021-11-13,300,13149,13449
500,2021-11-14,102,5836,5938
500,2021-11-15,760,14282,15042
500,2021-11-16,768,15164,15932
500,2021-11-17,730,14388,15118
500,2021-11-18,831,14761,15592
500,2021-11-19,750,15415,16165
500,2021-11-20,338,13377,13715
500,2021-11-21,105,5593,5698
500,2021-11-22,752,14389,15141
500,2021-11-23,812,15143,15955
500,2021-11-24,748,14879,15627
500,2021-11-25,881,15326,16207
500,2021-11-26,788,16152,16940
500,2021-11-27,340,13420,13760
500,2021-11-28,99,6650,6749
500,2021-11-29,794,14562,15356
500,2021-11-30,696,14766,15462
500,2021-12-01,704,14411,15115
500,2021-12-02,829,15074,15903
500,2021-12-03,843,15797,16640
500,2021-12-04,286,12561,12847
500,2021-12-05,101,6397,6498
500,2021-12-06,1070,15597,16667
500,2021-12-07,1047,15767,16814
500,2021-12-08,1057,16521,17578
500,2021-12-09,931,15719,16650
500,2021-12-10,622,13796,14418
500,2021-12-11,327,13145,13472
500,2021-12-12,107,5565,5672
500,2021-12-13,840,15573,16413
500,2021-12-14,731,15045,15776
500,2021-12-15,730,15333,16063
500,2021-12-16,761,15732,16493
500,2021-12-17,658,16069,16727
500,2021-12-18,284,12904,13188
500,2021-12-19,118,6604,6722
500,2021-12-20,536,14841,15377
500,2021-12-21,549,15334,15883
500,2021-12-22,540,14802,15342
500,2021-12-23,482,14999,15481
500,2021-12-24,289,10766,11055
500,2021-12-25,89,2960,3049
500,2021-12-26,96,3388,3484
500,2021-12-27,361,11598,11959
500,2021-12-28,368,12533,12901
500,2021-12-29,362,12486,12848
500,2021-12-30,374,12824,13198
500,2021-12-31,324,10479,10803
501,2021-01-01,59,1161,1220
501,2021-01-02,139,2440,2579
501,2021-01-04,518,5052,5570
501,2021-01-05,612,5147,5759
501,2021-01-06,619,5206,5825
501,2021-01-07,685,5378,6063
501,2021-01-08,693,5423,6116
501,2021-01-09,250,3092,3342
501,2021-01-10,85,2130,2215
501,2021-01-11,874,6651,7525
501,2021-01-12,806,6663,7469
501,2021-01-13,923,6805,7728
501,2021-01-14,766,6216,6982
501,2021-01-15,786,6356,7142
501,2021-01-16,230,3609,3839
501,2021-01-17,94,1913,2007
501,2021-01-18,820,6667,7487
501,2021-01-19,875,6661,7536
501,2021-01-20,923,6968,7891
501,2021-01-21,856,6804,7660
501,2021-01-22,837,7332,8169
501,2021-01-23,236,3742,3978
501,2021-01-24,87,2051,2138
501,2021-01-25,897,6265,7162
501,2021-01-26,825,6590,7415
501,2021-01-27,851,6275,7126
501,2021-01-28,757,6594,7351
501,2021-01-29,818,6701,7519
501,2021-01-30,190,3389,3579
501,2021-01-31,88,1866,1954
501,2021-02-01,803,6800,7603
501,2021-02-02,804,6827,7631
501,2021-02-03,905,6663,7568
501,2021-02-04,843,6205,7048
501,2021-02-05,866,6805,7671
501,2021-02-06,221,3475,3696
501,2021-02-07,90,1876,1966
501,2021-02-08,958,6529,7487
501,2021-02-09,883,6077,6960
501,2021-02-10,792,6028,6820
501,2021-02-11,783,6387,7170
501,2021-02-12,773,6342,7115
501,2021-02-13,245,3765,4010
501,2021-02-14,85,2199,2284
501,2021-02-15,872,5861,6733
501,2021-02-16,809,6445,7254
501,2021-02-17,822,6298,7120
501,2021-02-18,852,6576,7428
501,2021-02-19,894,6651,7545
501,2021-02-20,245,3681,3926
501,2021-02-21,72,2488,2560
501,2021-02-22,860,6690,7550
501,2021-02-23,859,6946,7805
501,2021-02-24,853,7087,7940
501,2021-02-25,920,7118,8038
501,2021-02-26,864,7042,7906
501,2021-02-27,263,3727,3990
501,2021-02-28,73,2281,2354
501,2021-03-02,886,7030,7916
501,2021-03-03,968,7048,8016
501,2021-03-04,873,7075,7948
501,2021-03-05,999,8251,9250
501,2021-03-06,537,10456,10993
501,2021-03-07,176,9008,9184
501,2021-03-08,1047,6952,7999
501,2021-03-09,953,7062,8015
501,2021-03-10,986,7086,8072
501,2021-03-11,989,7292,8281
501,2021-03-12,959,7104,8063
501,2021-03-13,265,3740,4005
501,2021-03-14,99,1981,2080
501,2021-03-15,920,6935,7855
501,2021-03-16,937,6953,7890
501,2021-03-17,974,7053,8027
501,2021-03-18,954,7006,7960
501,2021-03-19,988,7093,8081
501,2021-03-20,275,4183,4458
501,2021-03-21,80,2328,2408
501,2021-03-22,1044,7109,8153
501,2021-03-23,989,7388,8377
501,2021-03-24,979,7056,8035
501,2021-03-25,1081,7308,8389
501,2021-03-26,981,7317,8298
501,2021-03-27,225,3700,3925
501,2021-03-29,1012,6873,7885
501,2021-03-30,996,7137,8133
501,2021-03-31,1045,7796,8841
501,2021-04-01,906,7527,8433
501,2021-04-02,869,7497,8366
501,2021-04-03,256,3869,4125
501,2021-04-04,87,2081,2168
501,2021-04-05,76,1862,1938
501,2021-04-06,959,6602,7561
501,2021-04-07,1025,6285,7310
501,2021-04-08,910,6443,7353
501,2021-04-09,968,6294,7262
501,2021-04-10,239,3423,3662
501,2021-04-11,73,1917,1990
501,2021-04-12,903,6356,7259
501,2021-04-13,998,7499,8497
501,2021-04-14,954,6921,7875
501,2021-04-15,881,7036,7917
501,2021-04-16,989,8609,9598
501,2021-04-17,590,9074,9664
501,2021-04-18,96,2062,2158
501,2021-04-19,1000,7023,8023
501,2021-04-20,1000,7561,8561
501,2021-04-21,1182,7633,8815
501,2021-04-22,1021,7663,8684
501,2021-04-23,958,7767,8725
501,2021-04-24,276,4136,4412
501,2021-04-25,90,2659,2749
501,2021-04-26,1027,7389,8416
501,2021-04-27,1070,7502,8572
501,2021-04-28,1067,7501,8568
501,2021-04-29,1032,7549,8581
501,2021-04-30,1032,8091,9123
501,2021-05-01,98,2421,2519
501,2021-05-02,83,2390,2473
501,2021-05-03,937,7363,8300
501,2021-05-04,989,7649,8638
501,2021-05-05,987,7479,8466
501,2021-05-06,976,7713,8689
501,2021-05-07,1060,7855,8915
501,2021-05-08,259,4083,4342
501,2021-05-09,100,2489,2589
501,2021-05-10,1077,7125,8202
501,2021-05-11,1036,7501,8537
501,2021-05-12,1095,8030,9125
501,2021-05-13,131,2366,2497
501,2021-05-14,727,6376,7103
501,2021-05-15,244,3935,4179
501,2021-05-16,118,2321,2439
501,2021-05-17,1011,7198,8209
501,2021-05-18,979,7511,8490
501,2021-05-19,1115,7939,9054
501,2021-05-20,1134,7573,8707
501,2021-05-21,1129,7845,8974
501,2021-05-22,302,5400,5702
501,2021-05-23,119,2144,2263
501,2021-05-24,114,1777,1891
501,2021-05-25,959,6777,7736
501,2021-05-26,956,6939,7895
501,2021-05-27,1168,8844,10012
501,2021-05-28,1146,7679,8825
501,2021-05-29,290,4193,4483
501,2021-05-30,121,2482,2603
501,2021-05-31,1086,7585,8671
501,2021-06-01,1117,8323,9440
501,2021-06-02,1177,8120,9297
501,2021-06-03,1012,7784,8796
501,2021-06-04,1103,8242,9345
501,2021-06-05,272,4326,4598
501,2021-06-06,84,2344,2428
501,2021-06-07,1122,7590,8712
501,2021-06-08,1104,8106,9210
501,2021-06-09,1089,7890,8979
501,2021-06-10,1000,7954,8954
501,2021-06-11,1151,8218,9369
501,2021-06-12,252,4696,4948
501,2021-06-13,123,2969,3092
501,2021-06-14,1038,7295,8333
501,2021-06-15,1043,7810,8853
501,2021-06-16,1051,7616,8667
501,2021-06-17,976,7761,8737
501,2021-06-18,942,8058,9000
501,2021-06-19,298,4349,4647
501,2021-06-20,96,2457,2553
501,2021-06-21,1017,7404,8421
501,2021-06-22,951,7838,8789
501,2021-06-23,177,2331,2508
501,2021-06-24,878,7281,8159
501,2021-06-25,832,7387,8219
501,2021-06-26,245,4079,4324
501,2021-06-27,94,2545,2639
501,2021-06-28,897,7210,8107
501,2021-06-29,895,7791,8686
501,2021-06-30,918,7792,8710
501,2021-07-01,854,7947,8801
501,2021-07-02,889,7840,8729
501,2021-07-03,234,4306,4540
501,2021-07-04,109,2444,2553
501,2021-07-05,915,7332,8247
501,2021-07-06,899,7707,8606
501,2021-07-07,891,7669,8560
501,2021-07-08,950,7818,8768
501,2021-07-09,965,7709,8674
501,2021-07-10,260,4508,4768
501,2021-07-11,93,2536,2629
501,2021-07-12,935,7135,8070
501,2021-07-13,807,7109,7916
501,2021-07-14,856,7086,7942
501,2021-07-15,769,7959,8728
501,2021-07-16,821,8761,9582
501,2021-07-17,263,4322,4585
501,2021-07-18,119,2641,2760
501,2021-07-19,767,7222,7989
501,2021-07-20,858,7629,8487
501,2021-07-21,890,7234,8124
501,2021-07-22,910,7272,8182
501,2021-07-23,952,7222,8174
501,2021-07-24,240,3659,3899
501,2021-07-25,119,2317,2436
501,2021-07-26,893,6629,7522
501,2021-07-27,895,6997,7892
501,2021-07-28,788,6979,7767
501,2021-07-29,729,6861,7590
501,2021-07-30,626,6525,7151
501,2021-07-31,269,3527,3796
501,2021-08-01,135,2264,2399
501,2021-08-02,599,5414,6013
501,2021-08-03,592,5468,6060
501,2021-08-04,588,5765,6353
501,2021-08-05,645,5635,6280
501,2021-08-06,578,5446,6024
501,2021-08-07,205,3188,3393
501,2021-08-08,98,1985,2083
501,2021-08-09,568,5269,5837
501,2021-08-10,577,5271,5848
501,2021-08-11,643,5311,5954
501,2021-08-12,647,5340,5987
501,2021-08-13,702,5375,6077
501,2021-08-14,316,3019,3335
501,2021-08-15,156,2114,2270
501,2021-08-16,704,4745,5449
501,2021-08-17,701,5050,5751
501,2021-08-18,678,5155,5833
501,2021-08-19,623,5111,5734
501,2021-08-20,682,5360,6042
501,2021-08-21,206,2945,3151
501,2021-08-22,65,2072,2137
501,2021-08-23,877,5617,6494
501,2021-08-24,888,5832,6720
501,2021-08-25,951,6124,7075
501,2021-08-26,1020,6182,7202
501,2021-08-27,865,6130,6995
501,2021-08-28,204,3509,3713
501,2021-08-29,70,2319,2389
501,2021-08-30,930,6271,7201
501,2021-08-31,885,6583,7468
501,2021-09-01,960,6870,7830
501,2021-09-02,985,6993,7978
501,2021-09-03,1113,6740,7853
501,2021-09-04,222,3777,3999
501,2021-09-05,84,2586,2670
501,2021-09-06,1075,6811,7886
501,2021-09-07,1151,7564,8715
501,2021-09-08,1100,7686,8786
501,2021-09-09,1046,7531,8577
501,2021-09-10,1000,7528,8528
501,2021-09-11,238,4065,4303
501,2021-09-12,98,3056,3154
501,2021-09-13,966,7537,8503
501,2021-09-14,1119,8196,9315
501,2021-09-15,1023,8065,9088
501,2021-09-16,1031,8323,9354
501,2021-09-17,1031,8531,9562
501,2021-09-18,283,5313,5596
501,2021-09-19,112,3856,3968
501,2021-09-20,1104,8031,9135
501,2021-09-21,1049,8534,9583
501,2021-09-22,1073,9058,10131
501,2021-09-23,1029,9252,10281
501,2021-09-24,1008,9338,10346
501,2021-09-25,270,5345,5615
501,2021-09-26,111,3219,3330
501,2021-09-27,1016,8808,9824
501,2021-09-28,957,9350,10307
501,2021-09-29,1077,9122,10199
501,2021-09-30,1075,9895,10970
501,2021-10-01,1004,9530,10534
501,2021-10-02,240,5388,5628
501,2021-10-03,93,3081,3174
501,2021-10-04,991,8939,9930
501,2021-10-05,1037,9334,10371
501,2021-10-06,976,9238,10214
501,2021-10-07,1044,9500,10544
501,2021-10-08,1160,10058,11218
501,2021-10-09,310,5431,5741
501,2021-10-10,106,4265,4371
501,2021-10-11,1060,8980,10040
501,2021-10-12,1082,9439,10521
501,2021-10-13,1151,9313,10464
501,2021-10-14,1997,12183,14180
501,2021-10-15,1851,11366,13217
501,2021-10-16,273,5358,5631
501,2021-10-17,101,3346,3447
501,2021-10-18,1142,9021,10163
501,2021-10-19,953,8144,9097
501,2021-10-20,1206,9030,10236
501,2021-10-21,1054,10540,11594
501,2021-10-22,1245,9283,10528
501,2021-10-23,260,5130,5390
501,2021-10-24,103,3496,3599
501,2021-10-25,965,8242,9207
501,2021-10-26,1117,10612,11729
501,2021-10-27,1168,9557,10725
501,2021-10-28,1143,9534,10677
501,2021-10-29,1084,9256,10340
501,2021-10-30,275,4659,4934
501,2021-11-01,133,2859,2992
501,2021-11-02,1014,8294,9308
501,2021-11-03,1034,8224,9258
501,2021-11-04,1038,8182,9220
501,2021-11-05,1004,7824,8828
501,2021-11-06,243,4115,4358
501,2021-11-07,103,2615,2718
501,2021-11-08,1060,8180,9240
501,2021-11-09,1090,8548,9638
501,2021-11-10,1006,8654,9660
501,2021-11-11,989,8340,9329
501,2021-11-12,990,8211,9201
501,2021-11-13,265,4826,5091
501,2021-11-14,81,3257,3338
501,2021-11-15,1093,8121,9214
501,2021-11-16,1042,8331,9373
501,2021-11-17,1107,8413,9520
501,2021-11-18,1103,8338,9441
501,2021-11-19,974,8384,9358
501,2021-11-20,237,6220,6457
501,2021-11-21,87,3476,3563
501,2021-11-22,1054,7896,8950
501,2021-11-23,1052,7996,9048
501,2021-11-24,1184,7982,9166
501,2021-11-25,1029,8156,9185
501,2021-11-26,1084,8042,9126
501,2021-11-27,179,4185,4364
501,2021-11-28,89,2636,2725
501,2021-11-29,1044,7623,8667
501,2021-11-30,981,7754,8735
501,2021-12-01,976,7805,8781
501,2021-12-02,877,7912,8789
501,2021-12-03,973,7955,8928
501,2021-12-04,241,3957,4198
501,2021-12-05,96,2765,2861
501,2021-12-06,1095,7810,8905
501,2021-12-07,1124,8538,9662
501,2021-12-08,1329,8260,9589
501,2021-12-09,1240,8437,9677
501,2021-12-10,987,7543,8530
501,2021-12-11,219,4043,4262
501,2021-12-12,75,2369,2444
501,2021-12-13,1286,7967,9253
501,2021-12-14,1071,7797,8868
501,2021-12-15,1061,7818,8879
501,2021-12-16,1045,8011,9056
501,2021-12-17,860,7729,8589
501,2021-12-18,216,3998,4214
501,2021-12-19,85,2581,2666
501,2021-12-20,640,5981,6621
501,2021-12-21,630,6036,6666
501,2021-12-22,556,5800,6356
501,2021-12-23,451,5414,5865
501,2021-12-24,208,3793,4001
501,2021-12-25,65,1806,1871
501,2021-12-26,56,1635,1691
501,2021-12-27,309,3720,4029
501,2021-12-28,288,3942,4230
501,2021-12-29,285,4003,4288
501,2021-12-30,256,4113,4369
501,2021-12-31,201,3258,3459
503,2021-01-02,7,835,842
503,2021-01-03,5,715,720
503,2021-01-04,42,951,993
503,2021-01-05,47,982,1029
503,2021-01-06,40,1072,1112
503,2021-01-07,59,1098,1157
503,2021-01-08,80,1130,1210
503,2021-01-09,13,999,1012
503,2021-01-10,8,814,822
503,2021-01-11,87,1516,1603
503,2021-01-12,100,1476,1576
503,2021-01-13,87,1467,1554
503,2021-01-14,61,1368,1429
503,2021-01-15,83,1445,1528
503,2021-01-16,13,1016,1029
503,2021-01-17,5,783,788
503,2021-01-18,55,1644,1699
503,2021-01-19,63,1667,1730
503,2021-01-20,84,1738,1822
503,2021-01-21,57,1726,1783
503,2021-01-22,45,1900,1945
503,2021-01-23,29,1242,1271
503,2021-01-24,7,909,916
503,2021-01-25,73,1733,1806
503,2021-01-26,67,1750,1817
503,2021-01-27,74,1686,1760
503,2021-01-28,74,1824,1898
503,2021-01-29,57,1807,1864
503,2021-01-30,9,1267,1276
503,2021-02-03,28,1718,1746
503,2021-02-04,51,1853,1904
503,2021-02-05,38,1878,1916
503,2021-02-06,22,1339,1361
503,2021-02-07,2,932,934
503,2021-02-08,54,1517,1571
503,2021-02-09,48,1504,1552
503,2021-02-10,37,1594,1631
503,2021-02-11,64,1614,1678
503,2021-02-12,38,1642,1680
503,2021-02-13,9,1259,1268
503,2021-02-14,2,937,939
503,2021-02-15,125,1554,1679
503,2021-02-16,129,1714,1843
503,2021-02-17,116,1689,1805
503,2021-02-18,112,1680,1792
503,2021-02-19,107,1803,1910
503,2021-02-20,17,1432,1449
503,2021-02-21,13,1242,1255
503,2021-02-22,69,1764,1833
503,2021-02-23,70,1864,1934
503,2021-02-24,66,1735,1801
503,2021-02-25,96,1923,2019
503,2021-02-26,111,1829,1940
503,2021-02-27,12,1570,1582
503,2021-02-28,6,1138,1144
503,2021-03-01,112,1873,1985
503,2021-03-02,85,1900,1985
503,2021-03-03,92,1899,1991
503,2021-03-04,37,1782,1819
503,2021-03-05,51,1909,1960
503,2021-03-06,18,1382,1400
503,2021-03-07,11,1057,1068
503,2021-03-08,148,1752,1900
503,2021-03-09,100,1876,1976
503,2021-03-10,131,1765,1896
503,2021-03-11,77,1736,1813
503,2021-03-12,117,1898,2015
503,2021-03-13,30,1254,1284
503,2021-03-14,3,907,910
503,2021-03-15,71,1696,1767
503,2021-03-16,79,1756,1835
503,2021-03-17,111,1840,1951
503,2021-03-18,107,1804,1911
503,2021-03-19,95,1961,2056
503,2021-03-20,29,1409,1438
503,2021-03-21,1,995,996
503,2021-03-22,87,1613,1700
503,2021-03-23,52,1862,1914
503,2021-03-24,84,1907,1991
503,2021-03-25,83,1854,1937
503,2021-03-26,51,1935,1986
503,2021-03-27,19,1482,1501
503,2021-03-29,53,1750,1803
503,2021-03-30,60,1901,1961
503,2021-03-31,59,1990,2049
503,2021-04-01,101,2027,2128
503,2021-04-02,95,2054,2149
503,2021-04-03,28,1515,1543
503,2021-04-04,3,1106,1109
503,2021-04-05,6,741,747
503,2021-04-06,85,1592,1677
503,2021-04-07,94,1623,1717
503,2021-04-08,89,1822,1911
503,2021-04-09,59,1843,1902
503,2021-04-10,21,1212,1233
503,2021-04-11,1,775,776
503,2021-04-12,63,1678,1741
503,2021-04-13,86,1790,1876
503,2021-04-14,100,1843,1943
503,2021-04-15,144,1790,1934
503,2021-04-16,116,1880,1996
503,2021-04-17,30,1449,1479
503,2021-04-18,4,929,933
503,2021-04-19,115,1801,1916
503,2021-04-20,86,2057,2143
503,2021-04-21,112,1902,2014
503,2021-04-22,118,2051,2169
503,2021-04-23,144,2065,2209
503,2021-04-24,25,1789,1814
503,2021-04-25,8,1168,1176
503,2021-04-26,167,1868,2035
503,2021-04-27,131,2123,2254
503,2021-04-28,129,2002,2131
503,2021-04-29,79,2136,2215
503,2021-04-30,96,2103,2199
503,2021-05-02,3,1106,1109
503,2021-05-03,86,1901,1987
503,2021-05-04,97,1916,2013
503,2021-05-05,132,2011,2143
503,2021-05-06,76,2005,2081
503,2021-05-07,93,2125,2218
503,2021-05-08,14,1696,1710
503,2021-05-09,3,1311,1314
503,2021-05-10,70,1898,1968
503,2021-05-11,68,1927,1995
503,2021-05-12,60,2012,2072
503,2021-05-13,7,1123,1130
503,2021-05-14,26,1989,2015
503,2021-05-15,16,1394,1410
503,2021-05-16,6,960,966
503,2021-05-17,101,2029,2130
503,2021-05-18,81,1917,1998
503,2021-05-19,137,2038,2175
503,2021-05-20,84,2128,2212
503,2021-05-21,99,2108,2207
503,2021-05-22,46,1588,1634
503,2021-05-23,6,978,984
503,2021-05-24,9,900,909
503,2021-05-25,79,1680,1759
503,2021-05-26,81,1821,1902
503,2021-05-27,58,1931,1989
503,2021-05-28,59,2115,2174
503,2021-05-29,38,1706,1744
503,2021-05-30,44,1353,1397
503,2021-05-31,71,2132,2203
503,2021-06-01,53,2085,2138
503,2021-06-02,52,2074,2126
503,2021-06-03,62,1931,1993
503,2021-06-05,7,1741,1748
503,2021-06-06,6,1174,1180
503,2021-06-07,52,1884,1936
503,2021-06-08,36,2083,2119
503,2021-06-09,49,2037,2086
503,2021-06-10,104,2145,2249
503,2021-06-11,63,2192,2255
503,2021-06-12,15,1734,1749
503,2021-06-13,7,1207,1214
503,2021-06-14,147,1894,2041
503,2021-06-15,83,2013,2096
503,2021-06-16,145,1990,2135
503,2021-06-17,75,2026,2101
503,2021-06-18,69,2144,2213
503,2021-06-19,97,1825,1922
503,2021-06-20,7,1012,1019
503,2021-06-21,82,1998,2080
503,2021-06-22,60,2025,2085
503,2021-06-23,16,1068,1084
503,2021-06-24,76,1786,1862
503,2021-06-25,70,2097,2167
503,2021-06-26,18,1630,1648
503,2021-06-27,11,1117,1128
503,2021-06-28,83,1890,1973
503,2021-06-29,97,1844,1941
503,2021-06-30,85,1869,1954
503,2021-07-01,68,2123,2191
503,2021-07-02,64,2146,2210
503,2021-07-03,16,1736,1752
503,2021-07-04,15,970,985
503,2021-07-05,148,1872,2020
503,2021-07-06,107,2010,2117
503,2021-07-07,60,2051,2111
503,2021-07-08,46,1914,1960
503,2021-07-09,96,2015,2111
503,2021-07-10,38,1762,1800
503,2021-07-11,12,1090,1102
503,2021-07-12,57,1918,1975
503,2021-07-13,36,1807,1843
503,2021-07-14,60,2083,2143
503,2021-07-15,24,1272,1296
503,2021-07-16,48,2056,2104
503,2021-07-17,31,1686,1717
503,2021-07-18,8,1207,1215
503,2021-07-19,54,2043,2097
503,2021-07-20,81,2038,2119
503,2021-07-21,47,1959,2006
503,2021-07-22,52,1905,1957
503,2021-07-23,67,1994,2061
503,2021-07-24,23,1369,1392
503,2021-07-25,31,1054,1085
503,2021-07-26,41,1859,1900
503,2021-07-27,48,1684,1732
503,2021-07-28,50,1925,1975
503,2021-07-29,103,1931,2034
503,2021-07-30,38,1791,1829
503,2021-07-31,15,1368,1383
503,2021-08-01,21,1128,1149
503,2021-08-02,37,1587,1624
503,2021-08-03,38,1445,1483
503,2021-08-04,18,1533,1551
503,2021-08-05,77,1511,1588
503,2021-08-06,50,1612,1662
503,2021-08-07,21,1191,1212
503,2021-08-08,11,779,790
503,2021-08-09,30,1372,1402
503,2021-08-10,26,1377,1403
503,2021-08-11,45,1573,1618
503,2021-08-12,88,1458,1546
503,2021-08-13,22,1464,1486
503,2021-08-14,38,1153,1191
503,2021-08-15,22,912,934
503,2021-08-16,44,1211,1255
503,2021-08-17,40,1324,1364
503,2021-08-18,29,1374,1403
503,2021-08-19,67,1400,1467
503,2021-08-20,24,1455,1479
503,2021-08-21,32,1306,1338
503,2021-08-22,13,1090,1103
503,2021-08-23,45,1745,1790
503,2021-08-24,43,1749,1792
503,2021-08-25,56,1534,1590
503,2021-08-26,83,1515,1598
503,2021-08-27,45,1559,1604
503,2021-08-28,19,1021,1040
503,2021-08-29,15,950,965
503,2021-08-30,121,1504,1625
503,2021-08-31,71,1554,1625
503,2021-09-01,71,1652,1723
503,2021-09-02,56,1541,1597
503,2021-09-03,49,1652,1701
503,2021-09-04,58,1366,1424
503,2021-09-05,15,1210,1225
503,2021-09-06,80,1522,1602
503,2021-09-07,63,1607,1670
503,2021-09-08,71,1686,1757
503,2021-09-09,50,1686,1736
503,2021-09-10,57,1895,1952
503,2021-09-11,149,1531,1680
503,2021-09-12,50,1341,1391
503,2021-09-13,53,1650,1703
503,2021-09-14,60,1730,1790
503,2021-09-15,108,1745,1853
503,2021-09-16,76,1796,1872
503,2021-09-17,128,1922,2050
503,2021-09-18,30,1679,1709
503,2021-09-19,15,1149,1164
503,2021-09-20,59,1764,1823
503,2021-09-21,62,2054,2116
503,2021-09-22,73,1724,1797
503,2021-09-23,47,1868,1915
503,2021-09-24,68,1900,1968
503,2021-09-25,29,1695,1724
503,2021-09-26,11,1136,1147
503,2021-09-27,68,1783,1851
503,2021-09-28,59,1807,1866
503,2021-09-29,74,1911,1985
503,2021-09-30,79,1975,2054
503,2021-10-01,86,2065,2151
503,2021-10-02,24,1856,1880
503,2021-10-03,0,980,980
503,2021-10-04,58,1852,1910
503,2021-10-05,56,1849,1905
503,2021-10-06,45,1792,1837
503,2021-10-07,55,2119,2174
503,2021-10-08,31,1866,1897
503,2021-10-09,22,1650,1672
503,2021-10-10,13,1361,1374
503,2021-10-11,35,1791,1826
503,2021-10-12,130,1751,1881
503,2021-10-13,101,1802,1903
503,2021-10-14,117,1864,1981
503,2021-10-15,93,1953,2046
503,2021-10-16,29,1519,1548
503,2021-10-17,17,1088,1105
503,2021-10-18,103,1766,1869
503,2021-10-19,68,1816,1884
503,2021-10-20,117,1811,1928
503,2021-10-21,98,1789,1887
503,2021-10-22,120,1916,2036
503,2021-10-23,32,1612,1644
503,2021-10-24,10,1260,1270
503,2021-10-25,103,1749,1852
503,2021-10-26,90,1892,1982
503,2021-10-27,111,1862,1973
503,2021-10-28,118,1915,2033
503,2021-10-29,117,2030,2147
503,2021-10-30,78,1569,1647
503,2021-11-01,120,1192,1312
503,2021-11-02,69,1601,1670
503,2021-11-03,63,1679,1742
503,2021-11-04,62,1830,1892
503,2021-11-05,44,1719,1763
503,2021-11-06,21,1461,1482
503,2021-11-07,27,961,988
503,2021-11-08,94,1759,1853
503,2021-11-09,178,1854,2032
503,2021-11-10,158,1903,2061
503,2021-11-11,179,1982,2161
503,2021-11-12,203,1945,2148
503,2021-11-13,18,1470,1488
503,2021-11-14,9,957,966
503,2021-11-15,156,1709,1865
503,2021-11-16,177,1737,1914
503,2021-11-17,103,1727,1830
503,2021-11-18,113,1862,1975
503,2021-11-19,101,1831,1932
503,2021-11-20,19,1444,1463
503,2021-11-21,13,935,948
503,2021-11-22,58,1754,1812
503,2021-11-23,58,1741,1799
503,2021-11-24,81,1795,1876
503,2021-11-25,92,1945,2037
503,2021-11-26,74,1901,1975
503,2021-11-27,20,1342,1362
503,2021-11-28,13,1030,1043
503,2021-11-29,86,1723,1809
503,2021-11-30,45,1648,1693
503,2021-12-01,66,1729,1795
503,2021-12-02,64,1868,1932
503,2021-12-03,65,1903,1968
503,2021-12-04,29,1508,1537
503,2021-12-05,8,950,958
503,2021-12-06,53,1691,1744
503,2021-12-07,122,1924,2046
503,2021-12-08,67,1783,1850
503,2021-12-09,69,1847,1916
503,2021-12-10,66,1811,1877
503,2021-12-11,19,1349,1368
503,2021-12-12,12,1045,1057
503,2021-12-13,80,1656,1736
503,2021-12-14,73,1785,1858
503,2021-12-15,79,1711,1790
503,2021-12-16,72,1823,1895
503,2021-12-17,60,1792,1852
503,2021-12-18,21,1185,1206
503,2021-12-19,11,871,882
503,2021-12-20,12,1386,1398
503,2021-12-21,26,1371,1397
503,2021-12-22,24,1445,1469
503,2021-12-23,26,1314,1340
503,2021-12-24,16,1250,1266
503,2021-12-25,2,789,791
503,2021-12-26,1,737,738
503,2021-12-27,15,1145,1160
503,2021-12-28,10,1033,1043
503,2021-12-29,25,1144,1169
503,2021-12-30,20,1101,1121
503,2021-12-31,8,1113,1121
505,2021-01-01,235,4271,4506
505,2021-01-02,365,6904,7269
505,2021-01-03,236,5489,5725
505,2021-01-04,580,9181,9761
505,2021-01-05,653,9509,10162
505,2021-01-06,643,9544,10187
505,2021-01-07,673,9906,10579
505,2021-01-08,738,10502,11240
505,2021-01-09,388,8470,8858
505,2021-01-10,248,6300,6548
505,2021-01-11,906,12274,13180
505,2021-01-12,833,12422,13255
505,2021-01-13,920,12585,13505
505,2021-01-14,844,12420,13264
505,2021-01-15,886,13109,13995
505,2021-01-16,410,9676,10086
505,2021-01-17,275,5940,6215
505,2021-01-18,933,12557,13490
505,2021-01-19,949,12929,13878
505,2021-01-20,1039,13141,14180
505,2021-01-21,958,13060,14018
505,2021-01-22,965,14037,15002
505,2021-01-23,392,9931,10323
505,2021-01-24,253,6202,6455
505,2021-01-25,1015,12950,13965
505,2021-01-26,1043,13215,14258
505,2021-01-27,895,11673,12568
505,2021-01-28,909,13209,14118
505,2021-01-29,792,14078,14870
505,2021-01-30,373,9968,10341
505,2021-01-31,231,6186,6417
505,2021-02-01,817,13062,13879
505,2021-02-02,920,13388,14308
505,2021-02-03,757,12656,13413
505,2021-02-04,996,13756,14752
505,2021-02-05,992,14195,15187
505,2021-02-06,409,10013,10422
505,2021-02-07,226,6330,6556
505,2021-02-08,832,11811,12643
505,2021-02-09,952,12302,13254
505,2021-02-10,888,12768,13656
505,2021-02-11,979,12903,13882
505,2021-02-12,885,13566,14451
505,2021-02-13,363,10226,10589
505,2021-02-14,216,6557,6773
505,2021-02-15,995,11993,12988
505,2021-02-16,1033,13499,14532
505,2021-02-17,977,13245,14222
505,2021-02-18,1108,13471,14579
505,2021-02-19,997,13673,14670
505,2021-02-20,431,10598,11029
505,2021-02-21,239,7847,8086
505,2021-02-22,1039,12990,14029
505,2021-02-23,936,13774,14710
505,2021-02-24,945,13839,14784
505,2021-02-25,1052,14436,15488
505,2021-02-26,1042,15448,16490
505,2021-02-27,418,11301,11719
505,2021-02-28,205,7170,7375
505,2021-03-01,1034,13284,14318
505,2021-03-02,1029,14515,15544
505,2021-03-03,1113,13864,14977
505,2021-03-04,1059,14143,15202
505,2021-03-05,1103,14789,15892
505,2021-03-06,440,11043,11483
505,2021-03-07,255,7107,7362
505,2021-03-08,1233,13606,14839
505,2021-03-09,1269,14147,15416
505,2021-03-10,1304,13694,14998
505,2021-03-11,927,13671,14598
505,2021-03-12,1097,14544,15641
505,2021-03-13,396,9999,10395
505,2021-03-14,269,6373,6642
505,2021-03-15,969,13207,14176
505,2021-03-16,1082,14562,15644
505,2021-03-17,1165,14863,16028
505,2021-03-18,1130,14199,15329
505,2021-03-19,1080,14439,15519
505,2021-03-20,463,10717,11180
505,2021-03-21,276,6756,7032
505,2021-03-22,1109,13027,14136
505,2021-03-23,1024,13775,14799
505,2021-03-24,1034,13814,14848
505,2021-03-25,1035,14360,15395
505,2021-03-26,1030,14994,16024
505,2021-03-27,434,10840,11274
505,2021-03-29,998,14299,15297
505,2021-03-30,1146,15518,16664
505,2021-03-31,1039,14825,15864
505,2021-04-01,1068,15196,16264
505,2021-04-02,1030,15390,16420
505,2021-04-03,506,11167,11673
505,2021-04-04,256,7337,7593
505,2021-04-05,349,5702,6051
505,2021-04-06,1111,14134,15245
505,2021-04-07,1247,15123,16370
505,2021-04-08,1304,16337,17641
505,2021-04-09,1273,16647,17920
505,2021-04-10,429,10147,10576
505,2021-04-11,179,5771,5950
505,2021-04-12,1050,14126,15176
505,2021-04-13,1357,16378,17735
505,2021-04-14,1271,15857,17128
505,2021-04-15,1242,15989,17231
505,2021-04-16,1166,14787,15953
505,2021-04-17,402,10621,11023
505,2021-04-18,266,6676,6942
505,2021-04-19,1109,14957,16066
505,2021-04-20,1243,14899,16142
505,2021-04-21,1128,13662,14790
505,2021-04-22,1067,14515,15582
505,2021-04-23,1110,14959,16069
505,2021-04-24,464,11628,12092
505,2021-04-25,253,8023,8276
505,2021-04-26,1110,13910,15020
505,2021-04-27,1115,14611,15726
505,2021-04-28,1109,14455,15564
505,2021-04-29,1154,15020,16174
505,2021-04-30,1082,15611,16693
505,2021-05-01,273,8013,8286
505,2021-05-02,253,7568,7821
505,2021-05-03,1068,14722,15790
505,2021-05-04,1182,16889,18071
505,2021-05-05,1307,15057,16364
505,2021-05-06,1188,14563,15751
505,2021-05-07,1138,15395,16533
505,2021-05-08,467,11373,11840
505,2021-05-09,246,8216,8462
505,2021-05-10,1083,13830,14913
505,2021-05-11,1067,14402,15469
505,2021-05-12,1077,15220,16297
505,2021-05-13,263,7628,7891
505,2021-05-14,788,14503,15291
505,2021-05-15,405,10399,10804
505,2021-05-16,225,6938,7163
505,2021-05-17,1063,14941,16004
505,2021-05-18,980,14496,15476
505,2021-05-19,1131,14356,15487
505,2021-05-20,1113,15029,16142
505,2021-05-21,1084,15279,16363
505,2021-05-22,394,12532,12926
505,2021-05-23,182,7693,7875
505,2021-05-24,190,7303,7493
505,2021-05-25,811,12848,13659
505,2021-05-26,820,13518,14338
505,2021-05-27,816,13613,14429
505,2021-05-28,754,14081,14835
505,2021-05-29,350,11448,11798
505,2021-05-30,217,8423,8640
505,2021-05-31,1008,14366,15374
505,2021-06-01,1003,14961,15964
505,2021-06-02,1029,15080,16109
505,2021-06-03,1020,15137,16157
505,2021-06-04,1004,15086,16090
505,2021-06-05,441,11788,12229
505,2021-06-06,279,7581,7860
505,2021-06-07,987,14280,15267
505,2021-06-08,1066,14894,15960
505,2021-06-09,890,15120,16010
505,2021-06-10,973,16078,17051
505,2021-06-11,997,15799,16796
505,2021-06-12,438,12457,12895
505,2021-06-13,206,9438,9644
505,2021-06-14,1084,14384,15468
505,2021-06-15,1095,15836,16931
505,2021-06-16,1199,16447,17646
505,2021-06-17,1141,15675,16816
505,2021-06-18,934,15562,16496
505,2021-06-19,415,11817,12232
505,2021-06-20,216,7617,7833
505,2021-06-21,1027,14591,15618
505,2021-06-22,1019,14974,15993
505,2021-06-23,307,7563,7870
505,2021-06-24,1061,14896,15957
505,2021-06-25,1075,15182,16257
505,2021-06-26,432,11623,12055
505,2021-06-27,288,8268,8556
505,2021-06-28,1160,13636,14796
505,2021-06-29,1108,14285,15393
505,2021-06-30,1069,14830,15899
505,2021-07-01,1093,15446,16539
505,2021-07-02,1157,15586,16743
505,2021-07-03,455,11968,12423
505,2021-07-04,292,7410,7702
505,2021-07-05,1133,13836,14969
505,2021-07-06,1006,14413,15419
505,2021-07-07,1145,14838,15983
505,2021-07-08,1137,15048,16185
505,2021-07-09,1212,15306,16518
505,2021-07-10,470,11777,12247
505,2021-07-11,253,8350,8603
505,2021-07-12,1122,13994,15116
505,2021-07-13,896,13732,14628
505,2021-07-14,755,12501,13256
505,2021-07-15,684,13615,14299
505,2021-07-16,740,14801,15541
505,2021-07-17,370,10956,11326
505,2021-07-18,176,7795,7971
505,2021-07-19,754,13274,14028
505,2021-07-20,826,13567,14393
505,2021-07-21,838,13663,14501
505,2021-07-22,811,13595,14406
505,2021-07-23,870,13716,14586
505,2021-07-24,305,9877,10182
505,2021-07-25,155,6912,7067
505,2021-07-26,898,12821,13719
505,2021-07-27,761,12691,13452
505,2021-07-28,770,13389,14159
505,2021-07-29,751,13332,14083
505,2021-07-30,583,13124,13707
505,2021-07-31,359,10790,11149
505,2021-08-01,197,7832,8029
505,2021-08-02,523,11386,11909
505,2021-08-03,498,11161,11659
505,2021-08-04,533,11718,12251
505,2021-08-05,578,11920,12498
505,2021-08-06,498,11707,12205
505,2021-08-07,278,8585,8863
505,2021-08-08,168,6130,6298
505,2021-08-09,538,10707,11245
505,2021-08-10,527,12115,12642
505,2021-08-11,675,12795,13470
505,2021-08-12,617,12034,12651
505,2021-08-13,499,11211,11710
505,2021-08-14,262,8721,8983
505,2021-08-15,179,6732,6911
505,2021-08-16,570,9946,10516
505,2021-08-17,546,10508,11054
505,2021-08-18,578,10888,11466
505,2021-08-19,594,10869,11463
505,2021-08-20,565,10988,11553
505,2021-08-21,286,9689,9975
505,2021-08-22,186,7073,7259
505,2021-08-23,739,11921,12660
505,2021-08-24,810,12185,12995
505,2021-08-25,808,11820,12628
505,2021-08-26,731,11537,12268
505,2021-08-27,742,11700,12442
505,2021-08-28,314,8634,8948
505,2021-08-29,192,6570,6762
505,2021-08-30,937,13342,14279
505,2021-08-31,1038,15424,16462
505,2021-09-01,1076,15653,16729
505,2021-09-02,1073,15953,17026
505,2021-09-03,956,14751,15707
505,2021-09-04,406,11316,11722
505,2021-09-05,197,10544,10741
505,2021-09-06,955,14897,15852
505,2021-09-07,1049,16335,17384
505,2021-09-08,1142,16538,17680
505,2021-09-09,1132,16594,17726
505,2021-09-10,1050,14795,15845
505,2021-09-11,521,10992,11513
505,2021-09-12,167,8284,8451
505,2021-09-13,1037,15382,16419
505,2021-09-14,1054,14935,15989
505,2021-09-15,941,13398,14339
505,2021-09-16,1005,14616,15621
505,2021-09-17,1103,14854,15957
505,2021-09-18,496,11909,12405
505,2021-09-19,329,8537,8866
505,2021-09-20,1071,13712,14783
505,2021-09-21,1067,14403,15470
505,2021-09-22,1111,14423,15534
505,2021-09-23,1126,14699,15825
505,2021-09-24,1159,14788,15947
505,2021-09-25,469,12609,13078
505,2021-09-26,229,8138,8367
505,2021-09-27,1073,13735,14808
505,2021-09-28,1107,14138,15245
505,2021-09-29,1134,14368,15502
505,2021-09-30,1142,15176,16318
505,2021-10-01,1058,15243,16301
505,2021-10-02,453,11884,12337
505,2021-10-03,234,8039,8273
505,2021-10-04,1189,16251,17440
505,2021-10-05,1038,14008,15046
505,2021-10-06,1040,14332,15372
505,2021-10-07,1202,14940,16142
505,2021-10-08,1217,14896,16113
505,2021-10-09,504,12150,12654
505,2021-10-10,277,9051,9328
505,2021-10-11,1243,14219,15462
505,2021-10-12,1086,14324,15410
505,2021-10-13,1099,14470,15569
505,2021-10-14,1113,15161,16274
505,2021-10-15,1180,15190,16370
505,2021-10-16,460,11837,12297
505,2021-10-17,259,8002,8261
505,2021-10-18,1155,13880,15035
505,2021-10-19,1015,14576,15591
505,2021-10-20,1234,14134,15368
505,2021-10-21,1010,13991,15001
505,2021-10-22,1064,14992,16056
505,2021-10-23,411,11993,12404
505,2021-10-24,226,9165,9391
505,2021-10-25,1151,13859,15010
505,2021-10-26,1107,13982,15089
505,2021-10-27,1135,14929,16064
505,2021-10-28,1187,15197,16384
505,2021-10-29,1211,15479,16690
505,2021-10-30,283,10872,11155
505,2021-11-01,367,7935,8302
505,2021-11-02,823,12634,13457
505,2021-11-03,782,12718,13500
505,2021-11-04,863,13188,14051
505,2021-11-05,831,13576,14407
505,2021-11-06,371,10268,10639
505,2021-11-07,183,7236,7419
505,2021-11-08,1332,13926,15258
505,2021-11-09,1396,14713,16109
505,2021-11-10,1463,14597,16060
505,2021-11-11,1401,14984,16385
505,2021-11-12,1450,14943,16393
505,2021-11-13,431,11361,11792
505,2021-11-14,240,7533,7773
505,2021-11-15,1437,13418,14855
505,2021-11-16,1561,14223,15784
505,2021-11-17,1346,13916,15262
505,2021-11-18,1486,14528,16014
505,2021-11-19,1367,14723,16090
505,2021-11-20,517,11843,12360
505,2021-11-21,276,7767,8043
505,2021-11-22,1355,13550,14905
505,2021-11-23,1235,14111,15346
505,2021-11-24,1321,14562,15883
505,2021-11-25,1274,14320,15594
505,2021-11-26,1165,14656,15821
505,2021-11-27,433,10932,11365
505,2021-11-28,254,7461,7715
505,2021-11-29,1186,13598,14784
505,2021-11-30,977,14195,15172
505,2021-12-01,953,13517,14470
505,2021-12-02,1221,14663,15884
505,2021-12-03,1115,14613,15728
505,2021-12-04,426,10983,11409
505,2021-12-05,253,7331,7584
505,2021-12-06,1082,13550,14632
505,2021-12-07,1152,14729,15881
505,2021-12-08,1112,14231,15343
505,2021-12-09,1149,14238,15387
505,2021-12-10,1010,14043,15053
505,2021-12-11,440,10949,11389
505,2021-12-12,205,7403,7608
505,2021-12-13,1131,13634,14765
505,2021-12-14,1226,14059,15285
505,2021-12-15,1157,14135,15292
505,2021-12-16,1108,14876,15984
505,2021-12-17,979,14576,15555
505,2021-12-18,379,10179,10558
505,2021-12-19,245,7206,7451
505,2021-12-20,687,11999,12686
505,2021-12-21,711,12205,12916
505,2021-12-22,671,12400,13071
505,2021-12-23,640,12035,12675
505,2021-12-24,407,10160,10567
505,2021-12-25,173,5834,6007
505,2021-12-26,167,5344,5511
505,2021-12-27,475,8993,9468
505,2021-12-28,452,9529,9981
505,2021-12-29,489,10018,10507
505,2021-12-30,411,10257,10668
505,2021-12-31,449,9143,9592
506,2021-01-02,32,1545,1577
506,2021-01-03,2,1199,1201
506,2021-01-04,83,1920,2003
506,2021-01-05,59,2041,2100
506,2021-01-06,71,2001,2072
506,2021-01-07,89,2001,2090
506,2021-01-08,104,2219,2323
506,2021-01-09,55,1671,1726
506,2021-01-10,8,1373,1381
506,2021-01-11,138,3202,3340
506,2021-01-12,136,3299,3435
506,2021-01-13,166,3141,3307
506,2021-01-14,144,3035,3179
506,2021-01-15,128,3217,3345
506,2021-01-16,47,2344,2391
506,2021-01-17,8,1407,1415
506,2021-01-18,162,3154,3316
506,2021-01-19,153,3296,3449
506,2021-01-20,157,3279,3436
506,2021-01-21,128,3243,3371
506,2021-01-22,146,3461,3607
506,2021-01-23,42,2212,2254
506,2021-01-24,10,1411,1421
506,2021-01-25,150,3129,3279
506,2021-01-26,147,3411,3558
506,2021-01-27,156,3067,3223
506,2021-01-28,118,3200,3318
506,2021-01-29,144,3374,3518
506,2021-01-30,31,2389,2420
506,2021-01-31,11,1421,1432
506,2021-02-01,128,3189,3317
506,2021-02-02,123,3383,3506
506,2021-02-03,151,3168,3319
506,2021-02-04,126,3347,3473
506,2021-02-05,140,3299,3439
506,2021-02-06,33,2335,2368
506,2021-02-07,8,1546,1554
506,2021-02-08,122,2643,2765
506,2021-02-09,106,2790,2896
506,2021-02-11,8,647,655
506,2021-02-12,113,3650,3763
506,2021-02-13,48,3031,3079
506,2021-02-14,1,1964,1965
506,2021-02-15,117,2880,2997
506,2021-02-16,120,3310,3430
506,2021-02-17,114,3135,3249
506,2021-02-18,130,3223,3353
506,2021-02-19,115,3385,3500
506,2021-02-20,33,2672,2705
506,2021-02-21,2,2069,2071
506,2021-02-22,145,3204,3349
506,2021-02-23,135,3476,3611
506,2021-02-24,179,3492,3671
506,2021-02-25,160,3653,3813
506,2021-02-26,170,3454,3624
506,2021-02-27,55,2740,2795
506,2021-02-28,6,1914,1920
506,2021-03-02,161,3763,3924
506,2021-03-03,175,3408,3583
506,2021-03-04,163,3446,3609
506,2021-03-05,175,3523,3698
506,2021-03-06,37,2689,2726
506,2021-03-07,6,1842,1848
506,2021-03-08,194,3135,3329
506,2021-03-09,172,3546,3718
506,2021-03-10,184,3348,3532
506,2021-03-11,163,3421,3584
506,2021-03-12,233,3585,3818
506,2021-03-13,68,2557,2625
506,2021-03-14,7,1436,1443
506,2021-03-15,208,3180,3388
506,2021-03-16,137,3795,3932
506,2021-03-17,204,3679,3883
506,2021-03-18,196,3501,3697
506,2021-03-19,181,3663,3844
506,2021-03-20,66,2681,2747
506,2021-03-21,10,1824,1834
506,2021-03-22,178,3165,3343
506,2021-03-24,174,3575,3749
506,2021-03-25,147,3507,3654
506,2021-03-26,169,3622,3791
506,2021-03-27,51,2612,2663
506,2021-03-29,174,3410,3584
506,2021-03-30,162,4060,4222
506,2021-03-31,181,3910,4091
506,2021-04-01,179,4082,4261
506,2021-04-02,151,4139,4290
506,2021-04-03,50,2764,2814
506,2021-04-04,4,1650,1654
506,2021-04-08,160,3701,3861
506,2021-04-09,163,3693,3856
506,2021-04-10,126,2526,2652
506,2021-04-11,14,1572,1586
506,2021-04-12,166,3058,3224
506,2021-04-13,183,3500,3683
506,2021-04-14,266,3473,3739
506,2021-04-15,197,3527,3724
506,2021-04-16,121,3508,3629
506,2021-04-17,54,2748,2802
506,2021-04-18,8,1706,1714
506,2021-04-19,174,3337,3511
506,2021-04-20,154,3793,3947
506,2021-04-21,161,3491,3652
506,2021-04-22,171,3607,3778
506,2021-04-23,187,3570,3757
506,2021-04-24,62,2869,2931
506,2021-04-25,14,2119,2133
506,2021-04-26,164,3405,3569
506,2021-04-27,207,3810,4017
506,2021-04-28,164,3507,3671
506,2021-04-29,177,3674,3851
506,2021-04-30,176,3846,4022
506,2021-05-02,18,1994,2012
506,2021-05-03,192,3260,3452
506,2021-05-04,129,3551,3680
506,2021-05-05,179,3510,3689
506,2021-05-06,188,3528,3716
506,2021-05-07,157,3522,3679
506,2021-05-08,63,2848,2911
506,2021-05-09,73,2180,2253
506,2021-05-10,256,3183,3439
506,2021-05-11,251,3569,3820
506,2021-05-12,279,3812,4091
506,2021-05-13,114,1895,2009
506,2021-05-14,242,3670,3912
506,2021-05-15,172,2782,2954
506,2021-05-16,88,1881,1969
506,2021-05-17,298,3566,3864
506,2021-05-18,232,3052,3284
506,2021-05-19,287,3595,3882
506,2021-05-20,280,4034,4314
506,2021-05-21,293,4183,4476
506,2021-05-22,131,3129,3260
506,2021-05-23,73,1831,1904
506,2021-05-24,93,1619,1712
506,2021-05-25,263,3266,3529
506,2021-05-26,266,3328,3594
506,2021-05-27,277,3326,3603
506,2021-05-28,250,3585,3835
506,2021-05-29,159,2977,3136
506,2021-05-30,75,2277,2352
506,2021-05-31,286,3756,4042
506,2021-06-01,259,4236,4495
506,2021-06-02,340,4063,4403
506,2021-06-03,285,4063,4348
506,2021-06-04,315,4062,4377
506,2021-06-05,137,3112,3249
506,2021-06-06,80,2017,2097
506,2021-06-07,311,3648,3959
506,2021-06-08,269,4035,4304
506,2021-06-09,282,3749,4031
506,2021-06-10,276,3876,4152
506,2021-06-11,281,3966,4247
506,2021-06-12,147,3323,3470
506,2021-06-13,74,2590,2664
506,2021-06-14,274,3319,3593
506,2021-06-15,251,3749,4000
506,2021-06-16,266,3452,3718
506,2021-06-17,296,3533,3829
506,2021-06-18,248,3694,3942
506,2021-06-19,176,3008,3184
506,2021-06-20,90,1906,1996
506,2021-06-21,260,3235,3495
506,2021-06-22,258,3701,3959
506,2021-06-23,74,1676,1750
506,2021-06-24,288,3337,3625
506,2021-06-25,304,3559,3863
506,2021-06-26,149,2740,2889
506,2021-06-27,71,2100,2171
506,2021-06-28,347,3355,3702
506,2021-06-29,295,3660,3955
506,2021-06-30,328,3448,3776
506,2021-07-01,302,3363,3665
506,2021-07-02,290,3447,3737
506,2021-07-03,137,2667,2804
506,2021-07-04,94,1826,1920
506,2021-07-05,268,3076,3344
506,2021-07-06,263,3638,3901
506,2021-07-07,310,3744,4054
506,2021-07-08,251,3469,3720
506,2021-07-09,275,3697,3972
506,2021-07-10,146,2999,3145
506,2021-07-11,70,2169,2239
506,2021-07-12,269,3197,3466
506,2021-07-13,240,3344,3584
506,2021-07-14,266,2972,3238
506,2021-07-15,165,4047,4212
506,2021-07-16,117,4095,4212
506,2021-07-17,59,2667,2726
506,2021-07-18,27,1895,1922
506,2021-07-19,239,3134,3373
506,2021-07-20,239,3135,3374
506,2021-07-21,251,3167,3418
506,2021-07-22,262,2961,3223
506,2021-07-23,246,3093,3339
506,2021-07-24,145,2223,2368
506,2021-07-25,100,1814,1914
506,2021-07-26,243,2557,2800
506,2021-07-27,255,2989,3244
506,2021-07-28,213,3001,3214
506,2021-07-29,233,2950,3183
506,2021-07-30,214,2911,3125
506,2021-07-31,153,2444,2597
506,2021-08-01,90,1780,1870
506,2021-08-02,231,2539,2770
506,2021-08-03,238,2744,2982
506,2021-08-04,259,2736,2995
506,2021-08-05,214,2812,3026
506,2021-08-06,268,2765,3033
506,2021-08-07,168,2243,2411
506,2021-08-08,88,1765,1853
506,2021-08-09,215,2424,2639
506,2021-08-10,214,2597,2811
506,2021-08-11,233,2840,3073
506,2021-08-12,255,2706,2961
506,2021-08-13,247,2689,2936
506,2021-08-14,164,2192,2356
506,2021-08-15,126,1722,1848
506,2021-08-16,246,2303,2549
506,2021-08-17,257,2800,3057
506,2021-08-18,247,3143,3390
506,2021-08-19,239,2796,3035
506,2021-08-20,250,2725,2975
506,2021-08-21,20,623,643
506,2021-08-22,12,478,490
506,2021-08-23,258,2493,2751
506,2021-08-24,239,3382,3621
506,2021-08-25,316,3103,3419
506,2021-08-26,289,3484,3773
506,2021-08-27,277,3148,3425
506,2021-08-28,171,2211,2382
506,2021-08-29,89,1750,1839
506,2021-08-30,274,2814,3088
506,2021-08-31,274,3076,3350
506,2021-09-01,288,2916,3204
506,2021-09-02,316,2902,3218
506,2021-09-03,323,2998,3321
506,2021-09-04,190,2542,2732
506,2021-09-05,108,1917,2025
506,2021-09-06,303,2709,3012
506,2021-09-07,236,2882,3118
506,2021-09-08,264,2805,3069
506,2021-09-09,251,2919,3170
506,2021-09-10,229,2859,3088
506,2021-09-11,126,2381,2507
506,2021-09-12,68,2079,2147
506,2021-09-13,236,2831,3067
506,2021-09-14,247,3050,3297
506,2021-09-15,298,3262,3560
506,2021-09-16,225,3320,3545
506,2021-09-17,268,3491,3759
506,2021-09-18,137,2914,3051
506,2021-09-19,71,1953,2024
506,2021-09-20,265,3013,3278
506,2021-09-21,275,3356,3631
506,2021-09-22,305,3155,3460
506,2021-09-23,280,3268,3548
506,2021-09-24,309,3294,3603
506,2021-09-25,149,2650,2799
506,2021-09-26,88,1761,1849
506,2021-09-27,290,3038,3328
506,2021-09-28,261,3358,3619
506,2021-09-29,288,3109,3397
506,2021-09-30,285,3259,3544
506,2021-10-01,419,3294,3713
506,2021-10-02,134,2655,2789
506,2021-10-03,78,1628,1706
506,2021-10-04,292,3229,3521
506,2021-10-05,296,3511,3807
506,2021-10-06,310,3423,3733
506,2021-10-07,260,3431,3691
506,2021-10-08,276,3290,3566
506,2021-10-09,146,2818,2964
506,2021-10-10,85,2054,2139
506,2021-10-11,284,3006,3290
506,2021-10-12,260,3345,3605
506,2021-10-13,295,3070,3365
506,2021-10-14,287,3269,3556
506,2021-10-15,337,3390,3727
506,2021-10-16,149,2602,2751
506,2021-10-17,87,1794,1881
506,2021-10-18,268,3030,3298
506,2021-10-19,276,3720,3996
506,2021-10-20,336,3339,3675
506,2021-10-21,256,3120,3376
506,2021-10-22,261,3302,3563
506,2021-10-23,140,2833,2973
506,2021-10-24,70,2161,2231
506,2021-10-25,277,3388,3665
506,2021-10-26,256,3880,4136
506,2021-10-27,288,3652,3940
506,2021-10-28,275,3778,4053
506,2021-10-29,281,3957,4238
506,2021-10-30,114,2604,2718
506,2021-11-01,60,1675,1735
506,2021-11-02,203,2850,3053
506,2021-11-03,210,3019,3229
506,2021-11-04,226,3076,3302
506,2021-11-05,233,3180,3413
506,2021-11-06,139,2385,2524
506,2021-11-07,76,1711,1787
506,2021-11-08,297,3014,3311
506,2021-11-09,300,3561,3861
506,2021-11-10,315,3487,3802
506,2021-11-11,282,3597,3879
506,2021-11-12,335,3934,4269
506,2021-11-13,138,2946,3084
506,2021-11-14,76,1871,1947
506,2021-11-15,213,3377,3590
506,2021-11-16,209,3807,4016
506,2021-11-17,218,3591,3809
506,2021-11-18,214,3652,3866
506,2021-11-19,198,3690,3888
506,2021-11-20,81,2868,2949
506,2021-11-21,29,1762,1791
506,2021-11-22,224,3377,3601
506,2021-11-23,212,3690,3902
506,2021-11-24,214,3547,3761
506,2021-11-25,194,3658,3852
506,2021-11-26,213,3918,4131
506,2021-11-27,65,3121,3186
506,2021-11-28,22,2194,2216
506,2021-11-29,297,3587,3884
506,2021-11-30,393,3760,4153
506,2021-12-01,411,3877,4288
506,2021-12-02,306,3849,4155
506,2021-12-03,310,4043,4353
506,2021-12-04,144,3014,3158
506,2021-12-05,86,1922,2008
506,2021-12-06,314,3652,3966
506,2021-12-07,277,4326,4603
506,2021-12-08,362,4363,4725
506,2021-12-09,334,4327,4661
506,2021-12-10,292,3957,4249
506,2021-12-11,153,2955,3108
506,2021-12-12,75,2119,2194
506,2021-12-13,301,4193,4494
506,2021-12-14,274,4100,4374
506,2021-12-15,288,4295,4583
506,2021-12-16,287,4228,4515
506,2021-12-17,272,4149,4421
506,2021-12-18,122,2767,2889
506,2021-12-19,71,2000,2071
506,2021-12-20,219,3155,3374
506,2021-12-21,240,3268,3508
506,2021-12-22,230,3207,3437
506,2021-12-23,210,3279,3489
506,2021-12-24,182,2468,2650
506,2021-12-25,64,1351,1415
506,2021-12-26,73,1513,1586
506,2021-12-27,185,2508,2693
506,2021-12-28,199,2652,2851
506,2021-12-29,207,2686,2893
506,2021-12-30,191,2770,2961
506,2021-12-31,196,2296,2492
508,2021-01-01,5,2431,2436
508,2021-01-02,166,4376,4542
508,2021-01-03,10,3274,3284
508,2021-01-04,301,6276,6577
508,2021-01-05,288,6307,6595
508,2021-01-06,316,6463,6779
508,2021-01-07,307,6531,6838
508,2021-01-08,332,7036,7368
508,2021-01-09,207,5042,5249
508,2021-01-10,16,3731,3747
508,2021-01-11,464,8592,9056
508,2021-01-12,474,9301,9775
508,2021-01-13,530,8912,9442
508,2021-01-14,493,8464,8957
508,2021-01-15,464,9153,9617
508,2021-01-16,221,5921,6142
508,2021-01-17,19,3516,3535
508,2021-01-18,509,8809,9318
508,2021-01-19,537,9236,9773
508,2021-01-20,587,9074,9661
508,2021-01-21,566,9330,9896
508,2021-01-22,598,9665,10263
508,2021-01-23,226,6550,6776
508,2021-01-24,19,4091,4110
508,2021-01-25,534,9721,10255
508,2021-01-26,547,10285,10832
508,2021-01-27,507,9618,10125
508,2021-01-28,449,10086,10535
508,2021-01-29,520,10562,11082
508,2021-01-30,180,6993,7173
508,2021-01-31,23,4239,4262
508,2021-02-01,488,10173,10661
508,2021-02-02,527,10612,11139
508,2021-02-03,488,9763,10251
508,2021-02-04,497,10285,10782
508,2021-02-05,541,10661,11202
508,2021-02-06,207,7144,7351
508,2021-02-07,18,4155,4173
508,2021-02-08,529,8956,9485
508,2021-02-09,528,9445,9973
508,2021-02-10,494,9281,9775
508,2021-02-11,474,11428,11902
508,2021-02-12,525,12063,12588
508,2021-02-13,231,8716,8947
508,2021-02-14,33,5332,5365
508,2021-02-15,496,10524,11020
508,2021-02-16,467,11034,11501
508,2021-02-17,536,11216,11752
508,2021-02-18,492,11364,11856
508,2021-02-19,506,11880,12386
508,2021-02-20,218,7984,8202
508,2021-02-21,14,5439,5453
508,2021-02-22,594,10771,11365
508,2021-02-23,581,11496,12077
508,2021-02-24,592,11172,11764
508,2021-02-25,566,11390,11956
508,2021-02-26,658,11541,12199
508,2021-02-27,226,7932,8158
508,2021-02-28,18,5312,5330
508,2021-03-01,618,10847,11465
508,2021-03-02,631,11250,11881
508,2021-03-03,593,10626,11219
508,2021-03-04,607,10598,11205
508,2021-03-05,615,11249,11864
508,2021-03-06,235,7955,8190
508,2021-03-07,25,4894,4919
508,2021-03-08,590,10352,10942
508,2021-03-09,541,10570,11111
508,2021-03-10,603,10456,11059
508,2021-03-11,513,10382,10895
508,2021-03-12,539,11037,11576
508,2021-03-13,234,7078,7312
508,2021-03-14,23,4251,4274
508,2021-03-15,544,10242,10786
508,2021-03-16,553,10553,11106
508,2021-03-17,594,11073,11667
508,2021-03-18,570,10492,11062
508,2021-03-19,537,11072,11609
508,2021-03-20,233,7671,7904
508,2021-03-21,21,4735,4756
508,2021-03-22,515,10153,10668
508,2021-03-23,511,10706,11217
508,2021-03-24,571,11142,11713
508,2021-03-25,708,11425,12133
508,2021-03-26,587,11714,12301
508,2021-03-27,240,7549,7789
508,2021-03-29,548,10559,11107
508,2021-03-30,544,11353,11897
508,2021-03-31,558,12101,12659
508,2021-04-01,603,12211,12814
508,2021-04-02,554,12100,12654
508,2021-04-03,309,8040,8349
508,2021-04-04,23,4634,4657
508,2021-04-05,45,3431,3476
508,2021-04-06,96,2518,2614
508,2021-04-07,203,6205,6408
508,2021-04-08,462,10977,11439
508,2021-04-09,483,11522,12005
508,2021-04-10,226,7507,7733
508,2021-04-11,16,4236,4252
508,2021-04-12,477,10796,11273
508,2021-04-13,518,10900,11418
508,2021-04-14,581,10868,11449
508,2021-04-15,555,11414,11969
508,2021-04-16,497,11577,12074
508,2021-04-17,250,7800,8050
508,2021-04-18,20,4610,4630
508,2021-04-19,515,11031,11546
508,2021-04-20,476,11630,12106
508,2021-04-21,499,10889,11388
508,2021-04-22,502,11599,12101
508,2021-04-23,527,12160,12687
508,2021-04-24,248,9079,9327
508,2021-04-25,32,6094,6126
508,2021-04-26,509,10973,11482
508,2021-04-27,473,11678,12151
508,2021-04-28,553,11225,11778
508,2021-04-29,521,11712,12233
508,2021-04-30,504,12499,13003
508,2021-05-01,33,5685,5718
508,2021-05-02,30,5466,5496
508,2021-05-03,563,10855,11418
508,2021-05-04,568,11538,12106
508,2021-05-05,613,11257,11870
508,2021-05-06,595,11571,12166
508,2021-05-07,545,11984,12529
508,2021-05-08,254,8792,9046
508,2021-05-09,166,5735,5901
508,2021-05-10,674,10846,11520
508,2021-05-11,657,11093,11750
508,2021-05-12,694,11591,12285
508,2021-05-13,183,4847,5030
508,2021-05-14,603,10828,11431
508,2021-05-15,293,7472,7765
508,2021-05-16,102,4673,4775
508,2021-05-17,614,11170,11784
508,2021-05-18,606,11280,11886
508,2021-05-19,677,10895,11572
508,2021-05-20,653,11939,12592
508,2021-05-21,687,11959,12646
508,2021-05-22,361,7953,8314
508,2021-05-23,222,4857,5079
508,2021-05-24,221,4027,4248
508,2021-05-25,777,10179,10956
508,2021-05-26,712,10274,10986
508,2021-05-27,754,10461,11215
508,2021-05-28,731,11120,11851
508,2021-05-29,361,8256,8617
508,2021-05-30,296,5748,6044
508,2021-05-31,589,10855,11444
508,2021-06-01,537,11254,11791
508,2021-06-02,677,10638,11315
508,2021-06-03,560,11042,11602
508,2021-06-04,612,11251,11863
508,2021-06-05,279,7993,8272
508,2021-06-06,153,4917,5070
508,2021-06-07,585,10666,11251
508,2021-06-08,604,11493,12097
508,2021-06-09,542,11282,11824
508,2021-06-10,547,11745,12292
508,2021-06-11,489,12267,12756
508,2021-06-12,243,9194,9437
508,2021-06-13,118,6490,6608
508,2021-06-14,521,10807,11328
508,2021-06-15,538,11351,11889
508,2021-06-16,547,11393,11940
508,2021-06-17,554,11699,12253
508,2021-06-18,504,12037,12541
508,2021-06-20,96,5263,5359
508,2021-06-21,521,11078,11599
508,2021-06-22,513,11953,12466
508,2021-06-23,103,4885,4988
508,2021-06-24,513,11101,11614
508,2021-06-25,494,11790,12284
508,2021-06-26,240,8474,8714
508,2021-06-27,102,5845,5947
508,2021-06-28,510,10568,11078
508,2021-06-29,521,10777,11298
508,2021-06-30,531,10848,11379
508,2021-07-01,562,11393,11955
508,2021-07-02,512,11708,12220
508,2021-07-03,227,8539,8766
508,2021-07-04,111,5219,5330
508,2021-07-05,523,10310,10833
508,2021-07-06,512,11023,11535
508,2021-07-07,494,11073,11567
508,2021-07-08,575,11392,11967
508,2021-07-09,534,12138,12672
508,2021-07-10,225,8660,8885
508,2021-07-11,93,5784,5877
508,2021-07-12,521,10596,11117
508,2021-07-13,428,10653,11081
508,2021-07-14,437,10854,11291
508,2021-07-15,202,6788,6990
508,2021-07-16,228,6600,6828
508,2021-07-17,215,5495,5710
508,2021-07-18,199,5302,5501
508,2021-07-19,574,9383,9957
508,2021-07-20,607,9739,10346
508,2021-07-21,564,10281,10845
508,2021-07-22,664,9978,10642
508,2021-07-23,593,10324,10917
508,2021-07-24,272,6852,7124
508,2021-07-25,167,4647,4814
508,2021-07-26,565,9357,9922
508,2021-07-27,612,9520,10132
508,2021-07-28,582,9947,10529
508,2021-07-29,538,9817,10355
508,2021-07-30,480,9707,10187
508,2021-07-31,270,6653,6923
508,2021-08-01,184,4329,4513
508,2021-08-02,449,8110,8559
508,2021-08-03,477,7874,8351
508,2021-08-04,490,8195,8685
508,2021-08-05,442,8467,8909
508,2021-08-06,474,8577,9051
508,2021-08-07,204,5797,6001
508,2021-08-08,89,4211,4300
508,2021-08-09,275,7345,7620
508,2021-08-10,294,7580,7874
508,2021-08-11,315,7407,7722
508,2021-08-12,276,7582,7858
508,2021-08-13,298,8125,8423
508,2021-08-14,201,5836,6037
508,2021-08-15,114,4143,4257
508,2021-08-16,322,6826,7148
508,2021-08-17,345,7724,8069
508,2021-08-18,368,7953,8321
508,2021-08-19,306,7330,7636
508,2021-08-20,294,7729,8023
508,2021-08-21,182,6210,6392
508,2021-08-22,89,4415,4504
508,2021-08-23,375,7563,7938
508,2021-08-24,416,8464,8880
508,2021-08-25,455,9161,9616
508,2021-08-26,443,8855,9298
508,2021-08-27,408,8949,9357
508,2021-08-28,168,5924,6092
508,2021-08-29,77,4273,4350
508,2021-08-30,435,8209,8644
508,2021-08-31,445,8843,9288
508,2021-09-01,506,8711,9217
508,2021-09-02,470,9088,9558
508,2021-09-03,452,9475,9927
508,2021-09-04,220,7958,8178
508,2021-09-05,97,5612,5709
508,2021-09-06,451,9231,9682
508,2021-09-07,440,9823,10263
508,2021-09-08,472,9778,10250
508,2021-09-09,489,10014,10503
508,2021-09-10,512,10447,10959
508,2021-09-11,219,7979,8198
508,2021-09-12,93,6035,6128
508,2021-09-13,473,10397,10870
508,2021-09-14,502,10444,10946
508,2021-09-15,505,10860,11365
508,2021-09-16,535,10230,10765
508,2021-09-17,516,10984,11500
508,2021-09-18,303,8444,8747
508,2021-09-19,114,5829,5943
508,2021-09-20,507,9972,10479
508,2021-09-21,500,10488,10988
508,2021-09-22,541,10277,10818
508,2021-09-23,538,10522,11060
508,2021-09-24,541,10771,11312
508,2021-09-25,302,8229,8531
508,2021-09-26,105,5371,5476
508,2021-09-27,564,9945,10509
508,2021-09-28,570,10692,11262
508,2021-09-29,544,10310,10854
508,2021-09-30,541,10700,11241
508,2021-10-01,550,11107,11657
508,2021-10-02,248,8342,8590
508,2021-10-03,71,5253,5324
508,2021-10-04,568,9864,10432
508,2021-10-05,525,9956,10481
508,2021-10-06,525,9862,10387
508,2021-10-07,503,10448,10951
508,2021-10-08,548,10841,11389
508,2021-10-09,257,8200,8457
508,2021-10-10,124,5856,5980
508,2021-10-11,542,9812,10354
508,2021-10-12,591,10300,10891
508,2021-10-13,602,10163,10765
508,2021-10-14,526,11017,11543
508,2021-10-15,601,11245,11846
508,2021-10-16,255,8409,8664
508,2021-10-17,144,5692,5836
508,2021-10-18,582,10114,10696
508,2021-10-19,565,11277,11842
508,2021-10-20,585,10456,11041
508,2021-10-21,536,10744,11280
508,2021-10-22,519,11208,11727
508,2021-10-23,285,8392,8677
508,2021-10-24,135,6061,6196
508,2021-10-25,615,10439,11054
508,2021-10-26,665,11525,12190
508,2021-10-27,697,11042,11739
508,2021-10-28,643,11556,12199
508,2021-10-29,629,11732,12361
508,2021-10-30,354,8250,8604
508,2021-11-01,197,4782,4979
508,2021-11-02,676,9432,10108
508,2021-11-03,655,9377,10032
508,2021-11-04,764,9448,10212
508,2021-11-05,788,10100,10888
508,2021-11-06,344,7207,7551
508,2021-11-07,191,4796,4987
508,2021-11-08,467,8840,9307
508,2021-11-09,433,9320,9753
508,2021-11-10,446,8747,9193
508,2021-11-11,447,9175,9622
508,2021-11-12,461,9123,9584
508,2021-11-13,216,6693,6909
508,2021-11-14,87,4462,4549
508,2021-11-15,440,8189,8629
508,2021-11-16,447,9191,9638
508,2021-11-17,411,8339,8750
508,2021-11-18,400,8695,9095
508,2021-11-19,433,9171,9604
508,2021-11-20,215,6781,6996
508,2021-11-21,81,4411,4492
508,2021-11-22,432,7197,7629
508,2021-11-23,467,8986,9453
508,2021-11-24,415,8588,9003
508,2021-11-25,445,8777,9222
508,2021-11-26,427,9079,9506
508,2021-11-27,328,9115,9443
508,2021-11-28,171,6011,6182
508,2021-11-29,444,8132,8576
508,2021-11-30,385,8588,8973
508,2021-12-01,392,8434,8826
508,2021-12-02,424,8534,8958
508,2021-12-03,404,8930,9334
508,2021-12-04,184,6277,6461
508,2021-12-05,85,4316,4401
508,2021-12-06,601,9041,9642
508,2021-12-07,654,11189,11843
508,2021-12-08,733,11554,12287
508,2021-12-09,563,10384,10947
508,2021-12-10,384,8796,9180
508,2021-12-11,204,6468,6672
508,2021-12-12,86,4650,4736
508,2021-12-13,537,9618,10155
508,2021-12-14,391,8506,8897
508,2021-12-15,392,7782,8174
508,2021-12-16,400,8649,9049
508,2021-12-17,388,8873,9261
508,2021-12-18,170,5969,6139
508,2021-12-19,84,4159,4243
508,2021-12-20,282,6782,7064
508,2021-12-21,306,6950,7256
508,2021-12-22,297,7411,7708
508,2021-12-23,254,7503,7757
508,2021-12-24,191,5924,6115
508,2021-12-25,55,3084,3139
508,2021-12-26,63,2928,2991
508,2021-12-27,209,5452,5661
508,2021-12-28,206,5491,5697
508,2021-12-29,228,5799,6027
508,2021-12-30,206,6018,6224
508,2021-12-31,204,5350,5554
509,2021-01-01,18,3474,3492
509,2021-01-02,181,6246,6427
509,2021-01-03,26,4721,4747
509,2021-01-04,363,8911,9274
509,2021-01-05,374,9163,9537
509,2021-01-06,393,9325,9718
509,2021-01-07,443,9577,10020
509,2021-01-08,438,10219,10657
509,2021-01-09,235,7507,7742
509,2021-01-10,34,5541,5575
509,2021-01-11,764,12225,12989
509,2021-01-12,695,12728,13423
509,2021-01-13,851,12421,13272
509,2021-01-14,694,11746,12440
509,2021-01-15,648,12622,13270
509,2021-01-16,272,8215,8487
509,2021-01-17,41,4977,5018
509,2021-01-18,763,11978,12741
509,2021-01-19,856,12509,13365
509,2021-01-20,869,12329,13198
509,2021-01-21,877,12748,13625
509,2021-01-22,878,12990,13868
509,2021-01-23,273,8785,9058
509,2021-01-24,46,5491,5537
509,2021-01-25,780,12374,13154
509,2021-01-26,818,13135,13953
509,2021-01-27,701,12027,12728
509,2021-01-28,669,12884,13553
509,2021-01-29,722,13169,13891
509,2021-01-30,201,8650,8851
509,2021-01-31,47,5517,5564
509,2021-02-01,789,12529,13318
509,2021-02-02,920,13162,14082
509,2021-02-03,818,12508,13326
509,2021-02-04,831,13188,14019
509,2021-02-05,790,13403,14193
509,2021-02-06,262,8900,9162
509,2021-02-07,35,5485,5520
509,2021-02-08,782,11574,12356
509,2021-02-09,821,12084,12905
509,2021-02-10,705,12172,12877
509,2021-02-11,760,13523,14283
509,2021-02-12,794,13935,14729
509,2021-02-13,252,9989,10241
509,2021-02-14,49,6514,6563
509,2021-02-15,796,12245,13041
509,2021-02-16,905,13531,14436
509,2021-02-17,887,13453,14340
509,2021-02-18,874,13623,14497
509,2021-02-19,848,13781,14629
509,2021-02-20,273,9813,10086
509,2021-02-21,34,7047,7081
509,2021-02-22,957,13182,14139
509,2021-02-23,908,13801,14709
509,2021-02-24,936,13705,14641
509,2021-02-25,924,14099,15023
509,2021-02-26,1006,13879,14885
509,2021-02-27,309,9949,10258
509,2021-02-28,40,6836,6876
509,2021-03-01,1071,13545,14616
509,2021-03-02,1027,13883,14910
509,2021-03-03,995,13517,14512
509,2021-03-04,914,13784,14698
509,2021-03-05,928,14046,14974
509,2021-03-06,299,9885,10184
509,2021-03-07,46,6620,6666
509,2021-03-08,974,12907,13881
509,2021-03-09,897,13256,14153
509,2021-03-10,984,13302,14286
509,2021-03-11,877,13498,14375
509,2021-03-12,951,14173,15124
509,2021-03-13,284,8912,9196
509,2021-03-14,46,5604,5650
509,2021-03-15,945,12807,13752
509,2021-03-16,913,13628,14541
509,2021-03-17,906,13506,14412
509,2021-03-18,1006,13476,14482
509,2021-03-19,902,14222,15124
509,2021-03-20,287,9912,10199
509,2021-03-21,53,6643,6696
509,2021-03-22,941,12883,13824
509,2021-03-23,974,14019,14993
509,2021-03-24,1000,13762,14762
509,2021-03-25,982,13770,14752
509,2021-03-26,953,14067,15020
509,2021-03-27,338,9486,9824
509,2021-03-29,948,13339,14287
509,2021-03-30,893,14239,15132
509,2021-03-31,944,14072,15016
509,2021-04-01,893,14593,15486
509,2021-04-02,917,14691,15608
509,2021-04-03,363,9896,10259
509,2021-04-04,32,6286,6318
509,2021-04-05,56,4933,4989
509,2021-04-06,92,2036,2128
509,2021-04-07,317,7436,7753
509,2021-04-08,935,13817,14752
509,2021-04-09,892,14243,15135
509,2021-04-10,314,9232,9546
509,2021-04-11,32,5570,5602
509,2021-04-12,910,13219,14129
509,2021-04-13,946,13354,14300
509,2021-04-14,936,13660,14596
509,2021-04-15,916,13957,14873
509,2021-04-16,893,14164,15057
509,2021-04-17,320,9908,10228
509,2021-04-18,50,6220,6270
509,2021-04-19,863,13623,14486
509,2021-04-20,904,14490,15394
509,2021-04-21,905,13811,14716
509,2021-04-22,936,14819,15755
509,2021-04-23,859,14818,15677
509,2021-04-24,342,10817,11159
509,2021-04-25,63,7701,7764
509,2021-04-26,930,13678,14608
509,2021-04-27,928,14417,15345
509,2021-04-28,972,14339,15311
509,2021-04-29,904,14690,15594
509,2021-04-30,795,15210,16005
509,2021-05-01,70,7383,7453
509,2021-05-02,50,7051,7101
509,2021-05-03,898,13713,14611
509,2021-05-04,852,14606,15458
509,2021-05-05,969,13936,14905
509,2021-05-06,883,14224,15107
509,2021-05-07,853,14993,15846
509,2021-05-08,324,10778,11102
509,2021-05-09,185,7245,7430
509,2021-05-10,1033,13334,14367
509,2021-05-11,1029,13417,14446
509,2021-05-12,1019,14059,15078
509,2021-05-13,239,6852,7091
509,2021-05-14,684,13186,13870
509,2021-05-15,311,9626,9937
509,2021-05-16,118,6082,6200
509,2021-05-17,996,14713,15709
509,2021-05-18,1033,15106,16139
509,2021-05-19,1039,14150,15189
509,2021-05-20,1127,14938,16065
509,2021-05-21,1097,15089,16186
509,2021-05-22,348,9584,9932
509,2021-05-23,151,6260,6411
509,2021-05-24,181,5352,5533
509,2021-05-25,1121,13086,14207
509,2021-05-26,1003,12882,13885
509,2021-05-27,1075,13288,14363
509,2021-05-28,1066,13980,15046
509,2021-05-29,416,10264,10680
509,2021-05-30,256,7520,7776
509,2021-05-31,1003,14018,15021
509,2021-06-01,993,14815,15808
509,2021-06-02,1026,14430,15456
509,2021-06-03,949,14619,15568
509,2021-06-04,1027,14814,15841
509,2021-06-05,374,10204,10578
509,2021-06-06,167,7033,7200
509,2021-06-07,939,14205,15144
509,2021-06-08,1038,15216,16254
509,2021-06-09,965,14770,15735
509,2021-06-10,915,15203,16118
509,2021-06-11,836,15651,16487
509,2021-06-12,322,11627,11949
509,2021-06-13,143,8325,8468
509,2021-06-14,965,14012,14977
509,2021-06-15,905,14720,15625
509,2021-06-16,881,14659,15540
509,2021-06-17,1011,15124,16135
509,2021-06-18,854,14940,15794
509,2021-06-19,351,11381,11732
509,2021-06-20,125,7108,7233
509,2021-06-21,842,14025,14867
509,2021-06-22,895,15160,16055
509,2021-06-23,148,6918,7066
509,2021-06-24,856,14427,15283
509,2021-06-25,802,14444,15246
509,2021-06-26,327,10708,11035
509,2021-06-27,123,7288,7411
509,2021-06-28,820,14071,14891
509,2021-06-29,890,14454,15344
509,2021-06-30,827,14554,15381
509,2021-07-01,869,14942,15811
509,2021-07-02,822,15099,15921
509,2021-07-03,289,10970,11259
509,2021-07-04,156,7237,7393
509,2021-07-05,905,13981,14886
509,2021-07-06,861,14630,15491
509,2021-07-07,945,15383,16328
509,2021-07-08,1058,14898,15956
509,2021-07-09,1033,15287,16320
509,2021-07-10,263,10755,11018
509,2021-07-11,106,7516,7622
509,2021-07-12,890,13866,14756
509,2021-07-13,671,14383,15054
509,2021-07-14,734,14117,14851
509,2021-07-15,687,15571,16258
509,2021-07-16,763,15170,15933
509,2021-07-17,296,10795,11091
509,2021-07-18,135,7535,7670
509,2021-07-19,769,13526,14295
509,2021-07-20,833,13506,14339
509,2021-07-21,874,13718,14592
509,2021-07-22,854,13947,14801
509,2021-07-23,818,13663,14481
509,2021-07-24,260,9531,9791
509,2021-07-25,113,6733,6846
509,2021-07-26,707,12804,13511
509,2021-07-27,651,13112,13763
509,2021-07-28,621,13383,14004
509,2021-07-29,608,13225,13833
509,2021-07-30,439,12794,13233
509,2021-07-31,294,8960,9254
509,2021-08-01,118,6335,6453
509,2021-08-02,367,10984,11351
509,2021-08-03,354,10938,11292
509,2021-08-04,400,11097,11497
509,2021-08-05,415,11099,11514
509,2021-08-06,388,11245,11633
509,2021-08-07,211,8323,8534
509,2021-08-08,122,6086,6208
509,2021-08-09,335,10254,10589
509,2021-08-10,380,10471,10851
509,2021-08-11,402,10542,10944
509,2021-08-12,379,10837,11216
509,2021-08-13,366,11069,11435
509,2021-08-14,269,8172,8441
509,2021-08-15,132,6364,6496
509,2021-08-16,358,9615,9973
509,2021-08-17,392,10200,10592
509,2021-08-18,364,10060,10424
509,2021-08-19,341,9868,10209
509,2021-08-20,373,10626,10999
509,2021-08-21,232,10231,10463
509,2021-08-22,124,7102,7226
509,2021-08-23,490,10559,11049
509,2021-08-24,626,11457,12083
509,2021-08-25,680,12083,12763
509,2021-08-26,651,11586,12237
509,2021-08-27,603,11698,12301
509,2021-08-28,213,8229,8442
509,2021-08-29,87,5960,6047
509,2021-08-30,712,11200,11912
509,2021-08-31,718,12102,12820
509,2021-09-01,759,11828,12587
509,2021-09-02,721,12274,12995
509,2021-09-03,696,12629,13325
509,2021-09-04,341,9082,9423
509,2021-09-05,144,6814,6958
509,2021-09-06,749,12296,13045
509,2021-09-07,767,13224,13991
509,2021-09-08,841,13505,14346
509,2021-09-09,877,13365,14242
509,2021-09-10,816,13383,14199
509,2021-09-11,301,10358,10659
509,2021-09-12,128,8600,8728
509,2021-09-13,901,13541,14442
509,2021-09-14,855,14120,14975
509,2021-09-15,856,14398,15254
509,2021-09-16,912,14866,15778
509,2021-09-17,902,15016,15918
509,2021-09-18,329,12081,12410
509,2021-09-19,137,8284,8421
509,2021-09-20,863,13995,14858
509,2021-09-21,920,15176,16096
509,2021-09-22,1000,14793,15793
509,2021-09-23,859,15757,16616
509,2021-09-24,921,15582,16503
509,2021-09-25,402,12267,12669
509,2021-09-26,136,7667,7803
509,2021-09-27,897,14401,15298
509,2021-09-28,868,15455,16323
509,2021-09-29,839,15056,15895
509,2021-09-30,818,15765,16583
509,2021-10-01,870,15980,16850
509,2021-10-02,342,11799,12141
509,2021-10-03,98,7266,7364
509,2021-10-04,885,14580,15465
509,2021-10-05,852,15307,16159
509,2021-10-06,950,14664,15614
509,2021-10-07,855,15680,16535
509,2021-10-08,843,15918,16761
509,2021-10-09,301,11692,11993
509,2021-10-10,131,8186,8317
509,2021-10-11,801,14404,15205
509,2021-10-12,878,15415,16293
509,2021-10-13,896,14943,15839
509,2021-10-14,973,15541,16514
509,2021-10-15,928,16104,17032
509,2021-10-16,315,11689,12004
509,2021-10-17,168,7906,8074
509,2021-10-18,869,14636,15505
509,2021-10-19,864,15845,16709
509,2021-10-20,880,14690,15570
509,2021-10-21,892,14976,15868
509,2021-10-22,821,15469,16290
509,2021-10-23,368,11737,12105
509,2021-10-24,146,8213,8359
509,2021-10-25,972,15433,16405
509,2021-10-26,1007,16553,17560
509,2021-10-27,1107,16074,17181
509,2021-10-28,1004,16870,17874
509,2021-10-29,1034,17010,18044
509,2021-10-30,300,11172,11472
509,2021-11-01,109,6878,6987
509,2021-11-02,804,13877,14681
509,2021-11-03,799,13151,13950
509,2021-11-04,945,13099,14044
509,2021-11-05,997,13989,14986
509,2021-11-06,284,10092,10376
509,2021-11-07,106,6784,6890
509,2021-11-08,879,13794,14673
509,2021-11-09,921,14667,15588
509,2021-11-10,871,14033,14904
509,2021-11-11,794,14608,15402
509,2021-11-12,738,14497,15235
509,2021-11-13,250,10207,10457
509,2021-11-14,113,6892,7005
509,2021-11-15,789,13704,14493
509,2021-11-16,851,14457,15308
509,2021-11-17,890,14138,15028
509,2021-11-18,887,14965,15852
509,2021-11-19,949,15176,16125
509,2021-11-20,278,10841,11119
509,2021-11-21,105,6830,6935
509,2021-11-22,877,13962,14839
509,2021-11-23,873,14891,15764
509,2021-11-24,887,14362,15249
509,2021-11-25,864,15074,15938
509,2021-11-26,837,14926,15763
509,2021-11-27,282,11251,11533
509,2021-11-28,127,7457,7584
509,2021-11-29,821,13059,13880
509,2021-11-30,872,13764,14636
509,2021-12-01,844,13634,14478
509,2021-12-02,745,13958,14703
509,2021-12-03,720,13928,14648
509,2021-12-04,240,9893,10133
509,2021-12-05,90,6681,6771
509,2021-12-06,841,12366,13207
509,2021-12-07,857,13485,14342
509,2021-12-08,865,13283,14148
509,2021-12-09,777,13400,14177
509,2021-12-10,635,11841,12476
509,2021-12-11,276,9733,10009
509,2021-12-12,98,6647,6745
509,2021-12-13,700,12522,13222
509,2021-12-14,775,13539,14314
509,2021-12-15,686,12392,13078
509,2021-12-16,684,13807,14491
509,2021-12-17,574,13819,14393
509,2021-12-18,197,9362,9559
509,2021-12-19,90,6483,6573
509,2021-12-20,405,11236,11641
509,2021-12-21,388,11561,11949
509,2021-12-22,328,11262,11590
509,2021-12-23,299,11174,11473
509,2021-12-24,240,9089,9329
509,2021-12-25,66,5156,5222
509,2021-12-26,75,4797,4872
509,2021-12-27,233,8643,8876
509,2021-12-28,208,9123,9331
509,2021-12-29,224,9331,9555
509,2021-12-30,236,9508,9744
509,2021-12-31,207,8338,8545
510,2021-01-01,45,2826,2871
510,2021-01-02,121,4512,4633
510,2021-01-03,56,3574,3630
510,2021-01-04,261,6789,7050
510,2021-01-05,415,7134,7549
510,2021-01-06,378,7059,7437
510,2021-01-07,334,7219,7553
510,2021-01-08,417,7734,8151
510,2021-01-09,160,5666,5826
510,2021-01-10,66,3945,4011
510,2021-01-11,452,9146,9598
510,2021-01-12,479,9402,9881
510,2021-01-13,448,9509,9957
510,2021-01-14,559,9032,9591
510,2021-01-15,577,9549,10126
510,2021-01-16,149,6522,6671
510,2021-01-17,60,3907,3967
510,2021-01-18,560,9136,9696
510,2021-01-19,503,9502,10005
510,2021-01-20,541,9683,10224
510,2021-01-21,533,9759,10292
510,2021-01-22,486,10281,10767
510,2021-01-23,157,7128,7285
510,2021-01-24,98,4543,4641
510,2021-01-25,513,9482,9995
510,2021-01-26,496,9928,10424
510,2021-01-27,519,9661,10180
510,2021-01-28,507,9878,10385
510,2021-01-29,445,10661,11106
510,2021-01-30,157,7258,7415
510,2021-01-31,82,4553,4635
510,2021-02-01,536,9830,10366
510,2021-02-02,730,9894,10624
510,2021-02-03,529,9785,10314
510,2021-02-04,673,10203,10876
510,2021-02-05,504,10646,11150
510,2021-02-06,189,7254,7443
510,2021-02-07,68,4803,4871
510,2021-02-08,565,8749,9314
510,2021-02-09,499,9163,9662
510,2021-02-10,453,9327,9780
510,2021-02-11,436,9419,9855
510,2021-02-12,487,9917,10404
510,2021-02-13,169,7368,7537
510,2021-02-14,53,5040,5093
510,2021-02-15,518,8636,9154
510,2021-02-16,529,9619,10148
510,2021-02-17,583,9472,10055
510,2021-02-18,588,9332,9920
510,2021-02-19,460,10038,10498
510,2021-02-20,177,7529,7706
510,2021-02-21,85,5690,5775
510,2021-02-22,772,9297,10069
510,2021-02-23,664,9512,10176
510,2021-02-24,561,10016,10577
510,2021-02-25,762,10244,11006
510,2021-02-26,599,10605,11204
510,2021-02-27,185,8037,8222
510,2021-02-28,67,5493,5560
510,2021-03-01,689,9626,10315
510,2021-03-02,742,9949,10691
510,2021-03-03,585,10058,10643
510,2021-03-04,877,9789,10666
510,2021-03-05,641,10561,11202
510,2021-03-06,305,8735,9040
510,2021-03-07,76,5532,5608
510,2021-03-08,766,9300,10066
510,2021-03-09,816,9870,10686
510,2021-03-10,701,9785,10486
510,2021-03-11,538,10142,10680
510,2021-03-12,677,10705,11382
510,2021-03-13,226,7597,7823
510,2021-03-14,59,4639,4698
510,2021-03-15,596,9881,10477
510,2021-03-16,608,10881,11489
510,2021-03-17,697,10730,11427
510,2021-03-18,598,10156,10754
510,2021-03-19,676,10620,11296
510,2021-03-20,250,8049,8299
510,2021-03-21,61,4981,5042
510,2021-03-22,625,9606,10231
510,2021-03-23,663,10790,11453
510,2021-03-24,813,11069,11882
510,2021-03-25,782,10849,11631
510,2021-03-26,685,11330,12015
510,2021-03-27,259,7778,8037
510,2021-03-29,532,10788,11320
510,2021-03-30,659,11712,12371
510,2021-03-31,711,11989,12700
510,2021-04-01,766,11888,12654
510,2021-04-02,731,11674,12405
510,2021-04-03,228,7924,8152
510,2021-04-04,47,5169,5216
510,2021-04-05,63,4108,4171
510,2021-04-06,682,10562,11244
510,2021-04-07,711,10132,10843
510,2021-04-08,693,10097,10790
510,2021-04-09,603,10334,10937
510,2021-04-10,179,6909,7088
510,2021-04-11,65,4102,4167
510,2021-04-12,790,9316,10106
510,2021-04-13,777,9837,10614
510,2021-04-14,883,9780,10663
510,2021-04-15,694,9977,10671
510,2021-04-16,720,10211,10931
510,2021-04-17,240,7787,8027
510,2021-04-18,69,4928,4997
510,2021-04-19,658,9521,10179
510,2021-04-20,721,10428,11149
510,2021-04-21,687,10188,10875
510,2021-04-22,761,10598,11359
510,2021-04-23,599,10914,11513
510,2021-04-24,283,8542,8825
510,2021-04-25,86,6265,6351
510,2021-04-26,616,10289,10905
510,2021-04-27,792,11074,11866
510,2021-04-28,795,10590,11385
510,2021-04-29,679,10978,11657
510,2021-04-30,599,11615,12214
510,2021-05-01,92,5987,6079
510,2021-05-02,73,5544,5617
510,2021-05-03,595,10349,10944
510,2021-05-04,705,10444,11149
510,2021-05-05,704,10238,10942
510,2021-05-06,700,10629,11329
510,2021-05-07,506,11355,11861
510,2021-05-08,231,8366,8597
510,2021-05-09,76,6167,6243
510,2021-05-10,598,9981,10579
510,2021-05-11,557,10497,11054
510,2021-05-12,665,11109,11774
510,2021-05-13,102,5541,5643
510,2021-05-14,542,10116,10658
510,2021-05-15,214,7634,7848
510,2021-05-16,140,5108,5248
510,2021-05-17,744,11193,11937
510,2021-05-18,729,10682,11411
510,2021-05-19,616,10513,11129
510,2021-05-20,630,10967,11597
510,2021-05-21,653,11437,12090
510,2021-05-22,363,7589,7952
510,2021-05-23,190,4959,5149
510,2021-05-24,165,4629,4794
510,2021-05-25,596,9817,10413
510,2021-05-26,587,9883,10470
510,2021-05-27,566,10055,10621
510,2021-05-28,741,10483,11224
510,2021-05-29,359,8364,8723
510,2021-05-30,243,6302,6545
510,2021-05-31,767,10620,11387
510,2021-06-01,588,11314,11902
510,2021-06-02,546,11189,11735
510,2021-06-03,528,11080,11608
510,2021-06-04,617,11242,11859
510,2021-06-05,208,8587,8795
510,2021-06-06,101,5635,5736
510,2021-06-07,551,10508,11059
510,2021-06-08,506,10988,11494
510,2021-06-09,499,11227,11726
510,2021-06-10,524,11419,11943
510,2021-06-11,719,11808,12527
510,2021-06-12,217,8924,9141
510,2021-06-13,105,6701,6806
510,2021-06-14,682,10496,11178
510,2021-06-15,641,11005,11646
510,2021-06-16,798,10951,11749
510,2021-06-17,567,11126,11693
510,2021-06-18,607,11413,12020
510,2021-06-19,268,8528,8796
510,2021-06-20,76,5578,5654
510,2021-06-21,538,10476,11014
510,2021-06-22,602,11110,11712
510,2021-06-23,104,5499,5603
510,2021-06-24,705,10250,10955
510,2021-06-25,725,11028,11753
510,2021-06-26,297,8200,8497
510,2021-06-27,117,6251,6368
510,2021-06-28,690,10417,11107
510,2021-06-29,706,10473,11179
510,2021-06-30,693,10934,11627
510,2021-07-01,746,11013,11759
510,2021-07-02,722,11155,11877
510,2021-07-03,191,8781,8972
510,2021-07-04,103,5378,5481
510,2021-07-05,728,10379,11107
510,2021-07-06,703,10665,11368
510,2021-07-07,666,11122,11788
510,2021-07-08,676,10975,11651
510,2021-07-09,644,11312,11956
510,2021-07-10,194,8220,8414
510,2021-07-11,101,5776,5877
510,2021-07-12,554,10437,10991
510,2021-07-13,502,10416,10918
510,2021-07-14,616,10334,10950
510,2021-07-15,595,11616,12211
510,2021-07-16,493,12090,12583
510,2021-07-17,431,8838,9269
510,2021-07-18,198,6351,6549
510,2021-07-19,635,10358,10993
510,2021-07-20,661,10344,11005
510,2021-07-21,596,10505,11101
510,2021-07-22,617,10730,11347
510,2021-07-23,630,10472,11102
510,2021-07-24,333,7377,7710
510,2021-07-25,222,5357,5579
510,2021-07-26,755,9808,10563
510,2021-07-27,652,9548,10200
510,2021-07-28,771,9935,10706
510,2021-07-29,645,10302,10947
510,2021-07-30,632,10088,10720
510,2021-07-31,337,7869,8206
510,2021-08-01,247,5804,6051
510,2021-08-02,525,8847,9372
510,2021-08-03,511,8695,9206
510,2021-08-04,492,8911,9403
510,2021-08-05,522,9000,9522
510,2021-08-06,523,8884,9407
510,2021-08-07,209,6431,6640
510,2021-08-08,81,4672,4753
510,2021-08-09,386,8084,8470
510,2021-08-10,378,8558,8936
510,2021-08-11,360,8858,9218
510,2021-08-12,351,8767,9118
510,2021-08-13,350,8762,9112
510,2021-08-14,180,6333,6513
510,2021-08-15,132,5200,5332
510,2021-08-16,473,8041,8514
510,2021-08-17,498,8858,9356
510,2021-08-18,517,9856,10373
510,2021-08-19,387,8588,8975
510,2021-08-20,326,8439,8765
510,2021-08-21,207,7006,7213
510,2021-08-22,82,5367,5449
510,2021-08-23,566,8171,8737
510,2021-08-24,471,9276,9747
510,2021-08-25,534,9486,10020
510,2021-08-26,521,9425,9946
510,2021-08-27,495,8518,9013
510,2021-08-28,178,6220,6398
510,2021-08-29,99,5008,5107
510,2021-08-30,525,7948,8473
510,2021-08-31,480,8548,9028
510,2021-09-01,637,8506,9143
510,2021-09-02,446,8770,9216
510,2021-09-03,464,8971,9435
510,2021-09-04,172,6079,6251
510,2021-09-05,80,5103,5183
510,2021-09-06,458,8666,9124
510,2021-09-07,489,9509,9998
510,2021-09-08,507,9679,10186
510,2021-09-09,558,9370,9928
510,2021-09-10,580,9926,10506
510,2021-09-11,251,7932,8183
510,2021-09-12,87,6210,6297
510,2021-09-13,468,9898,10366
510,2021-09-14,524,10303,10827
510,2021-09-15,615,10059,10674
510,2021-09-16,539,10659,11198
510,2021-09-17,594,11269,11863
510,2021-09-18,267,8312,8579
510,2021-09-19,86,6221,6307
510,2021-09-20,617,10294,10911
510,2021-09-21,590,10627,11217
510,2021-09-22,695,10414,11109
510,2021-09-23,570,10841,11411
510,2021-09-24,563,11200,11763
510,2021-09-25,289,8880,9169
510,2021-09-26,111,5930,6041
510,2021-09-27,629,10301,10930
510,2021-09-28,559,10688,11247
510,2021-09-29,523,10875,11398
510,2021-09-30,683,10928,11611
510,2021-10-01,701,11249,11950
510,2021-10-02,267,8524,8791
510,2021-10-03,86,5968,6054
510,2021-10-04,791,10669,11460
510,2021-10-05,651,10545,11196
510,2021-10-06,677,10752,11429
510,2021-10-07,518,11085,11603
510,2021-10-08,509,11450,11959
510,2021-10-09,266,8694,8960
510,2021-10-10,120,6561,6681
510,2021-10-11,660,10332,10992
510,2021-10-12,599,10717,11316
510,2021-10-13,604,10616,11220
510,2021-10-14,653,11162,11815
510,2021-10-15,607,11544,12151
510,2021-10-16,321,8574,8895
510,2021-10-17,144,6084,6228
510,2021-10-18,632,10515,11147
510,2021-10-19,809,11755,12564
510,2021-10-20,914,11012,11926
510,2021-10-21,496,10836,11332
510,2021-10-22,508,11470,11978
510,2021-10-23,233,8596,8829
510,2021-10-24,110,6386,6496
510,2021-10-25,482,10315,10797
510,2021-10-26,576,10930,11506
510,2021-10-27,535,11066,11601
510,2021-10-28,511,11408,11919
510,2021-10-29,756,11389,12145
510,2021-10-30,306,7878,8184
510,2021-11-01,156,5797,5953
510,2021-11-02,573,9672,10245
510,2021-11-03,577,9679,10256
510,2021-11-04,595,9886,10481
510,2021-11-05,524,10150,10674
510,2021-11-06,304,7818,8122
510,2021-11-07,173,5585,5758
510,2021-11-08,650,10045,10695
510,2021-11-09,611,10531,11142
510,2021-11-10,670,10512,11182
510,2021-11-11,645,10714,11359
510,2021-11-12,746,11178,11924
510,2021-11-13,259,8095,8354
510,2021-11-14,113,5960,6073
510,2021-11-15,532,10030,10562
510,2021-11-16,650,10566,11216
510,2021-11-17,546,10333,10879
510,2021-11-18,537,10591,11128
510,2021-11-19,556,11070,11626
510,2021-11-20,211,8732,8943
510,2021-11-21,56,5848,5904
510,2021-11-22,647,9983,10630
510,2021-11-23,767,10419,11186
510,2021-11-24,727,10556,11283
510,2021-11-25,582,10790,11372
510,2021-11-26,473,11145,11618
510,2021-11-27,203,7900,8103
510,2021-11-28,62,5712,5774
510,2021-11-29,518,9865,10383
510,2021-11-30,520,10530,11050
510,2021-12-01,495,10634,11129
510,2021-12-02,803,10814,11617
510,2021-12-03,719,10823,11542
510,2021-12-04,197,8135,8332
510,2021-12-05,69,5530,5599
510,2021-12-06,567,10934,11501
510,2021-12-07,556,11290,11846
510,2021-12-08,577,11411,11988
510,2021-12-09,714,11249,11963
510,2021-12-10,569,10728,11297
510,2021-12-11,187,8026,8213
510,2021-12-12,78,5775,5853
510,2021-12-13,749,10841,11590
510,2021-12-14,689,10474,11163
510,2021-12-15,518,10652,11170
510,2021-12-16,451,10945,11396
510,2021-12-17,479,11040,11519
510,2021-12-18,172,7624,7796
510,2021-12-19,58,5665,5723
510,2021-12-20,398,8768,9166
510,2021-12-21,456,9094,9550
510,2021-12-22,330,9188,9518
510,2021-12-23,278,9150,9428
510,2021-12-24,160,7375,7535
510,2021-12-25,37,4280,4317
510,2021-12-26,42,4007,4049
510,2021-12-27,250,6140,6390
510,2021-12-28,202,6760,6962
510,2021-12-29,184,7001,7185
510,2021-12-30,213,7275,7488
510,2021-12-31,155,6695,6850
511,2021-01-20,1478,12632,14110
511,2021-01-21,1347,12689,14036
511,2021-01-22,1296,13386,14682
511,2021-01-23,356,8517,8873
511,2021-01-24,116,4429,4545
511,2021-01-25,1336,11961,13297
511,2021-01-26,1439,12671,14110
511,2021-01-27,1291,12164,13455
511,2021-01-28,1170,12681,13851
511,2021-01-29,1155,12837,13992
511,2021-01-30,322,8323,8645
511,2021-01-31,107,4498,4605
511,2021-02-01,1222,12655,13877
511,2021-02-02,1316,13137,14453
511,2021-02-03,1317,12313,13630
511,2021-02-04,1399,13345,14744
511,2021-02-05,1401,13154,14555
511,2021-02-06,327,8391,8718
511,2021-02-07,100,4728,4828
511,2021-02-08,1379,11817,13196
511,2021-02-09,1361,12201,13562
511,2021-02-10,1586,12020,13606
511,2021-02-11,1467,12208,13675
511,2021-02-12,1485,12768,14253
511,2021-02-13,388,8686,9074
511,2021-02-14,138,5043,5181
511,2021-02-15,1757,11544,13301
511,2021-02-16,1858,12700,14558
511,2021-02-17,1760,12409,14169
511,2021-02-18,1679,12348,14027
511,2021-02-19,1672,12801,14473
511,2021-02-20,394,9120,9514
511,2021-02-21,119,5912,6031
511,2021-02-22,1930,12555,14485
511,2021-02-23,1922,13584,15506
511,2021-02-24,2029,13249,15278
511,2021-02-25,2085,13515,15600
511,2021-02-26,1757,13335,15092
511,2021-02-27,412,9390,9802
511,2021-02-28,97,5558,5655
511,2021-03-01,1980,12984,14964
511,2021-03-02,2127,13354,15481
511,2021-03-03,2127,13170,15297
511,2021-03-04,1914,13218,15132
511,2021-03-05,1987,15883,17870
511,2021-03-06,1040,27492,28532
511,2021-03-07,266,19224,19490
511,2021-03-08,2071,13473,15544
511,2021-03-09,1887,13090,14977
511,2021-03-10,2045,13070,15115
511,2021-03-11,1783,13088,14871
511,2021-03-12,1821,13106,14927
511,2021-03-13,372,8863,9235
511,2021-03-14,96,4677,4773
511,2021-03-15,1792,12652,14444
511,2021-03-16,1830,13003,14833
511,2021-03-17,1777,12901,14678
511,2021-03-18,1816,13145,14961
511,2021-03-19,1645,13845,15490
511,2021-03-20,394,9235,9629
511,2021-03-21,99,5075,5174
511,2021-03-22,1690,12735,14425
511,2021-03-23,1834,12635,14469
511,2021-03-24,1900,13047,14947
511,2021-03-25,1954,13784,15738
511,2021-03-26,1776,14153,15929
511,2021-03-27,380,8740,9120
511,2021-03-29,1800,12964,14764
511,2021-03-30,1708,14014,15722
511,2021-03-31,1848,15689,17537
511,2021-04-01,1656,13975,15631
511,2021-04-02,1599,14203,15802
511,2021-04-03,511,9314,9825
511,2021-04-04,191,4979,5170
511,2021-04-05,205,4091,4296
511,2021-04-06,1491,13098,14589
511,2021-04-07,1375,13020,14395
511,2021-04-08,1511,13087,14598
511,2021-04-09,1503,13329,14832
511,2021-04-10,428,8233,8661
511,2021-04-11,84,4217,4301
511,2021-04-12,1399,12339,13738
511,2021-04-13,1509,13014,14523
511,2021-04-14,1627,12931,14558
511,2021-04-15,1481,12915,14396
511,2021-04-16,1462,13383,14845
511,2021-04-17,499,11114,11613
511,2021-04-18,116,4906,5022
511,2021-04-19,1475,12969,14444
511,2021-04-20,1528,13692,15220
511,2021-04-21,1707,13275,14982
511,2021-04-22,1726,13618,15344
511,2021-04-23,1698,13897,15595
511,2021-04-24,412,9724,10136
511,2021-04-25,118,5722,5840
511,2021-04-26,1779,12613,14392
511,2021-04-27,1991,13521,15512
511,2021-04-28,1792,13189,14981
511,2021-04-29,1781,13824,15605
511,2021-04-30,1710,14368,16078
511,2021-05-01,114,5646,5760
511,2021-05-02,110,5356,5466
511,2021-05-03,1857,13199,15056
511,2021-05-04,1615,13380,14995
511,2021-05-05,1770,13538,15308
511,2021-05-06,1532,13626,15158
511,2021-05-07,1587,13858,15445
511,2021-05-08,419,9370,9789
511,2021-05-09,207,6519,6726
511,2021-05-10,1595,13065,14660
511,2021-05-11,1452,13487,14939
511,2021-05-12,1508,14081,15589
511,2021-05-13,201,5126,5327
511,2021-05-14,949,12231,13180
511,2021-05-15,397,8603,9000
511,2021-05-16,163,4852,5015
511,2021-05-17,1381,13344,14725
511,2021-05-18,1453,13658,15111
511,2021-05-19,1542,13369,14911
511,2021-05-20,1628,13940,15568
511,2021-05-21,1667,13872,15539
511,2021-05-22,573,9093,9666
511,2021-05-23,278,4841,5119
511,2021-05-24,314,4137,4451
511,2021-05-25,1642,12558,14200
511,2021-05-26,1460,12871,14331
511,2021-05-27,1740,15331,17071
511,2021-05-28,1756,13802,15558
511,2021-05-29,660,9605,10265
511,2021-05-30,272,6038,6310
511,2021-05-31,1775,13936,15711
511,2021-06-01,1714,14840,16554
511,2021-06-02,1711,13862,15573
511,2021-06-03,1532,14325,15857
511,2021-06-04,1653,13682,15335
511,2021-06-05,421,9882,10303
511,2021-06-06,163,5548,5711
511,2021-06-07,1609,13532,15141
511,2021-06-08,1558,14309,15867
511,2021-06-09,1619,14283,15902
511,2021-06-10,1638,14543,16181
511,2021-06-11,1643,14768,16411
511,2021-06-12,447,10307,10754
511,2021-06-13,189,6352,6541
511,2021-06-14,1617,13619,15236
511,2021-06-15,1700,14371,16071
511,2021-06-16,1673,14392,16065
511,2021-06-17,1804,14144,15948
511,2021-06-18,1693,14629,16322
511,2021-06-19,441,9735,10176
511,2021-06-20,185,5605,5790
511,2021-06-21,1712,13211,14923
511,2021-06-22,1570,13879,15449
511,2021-06-23,236,5379,5615
511,2021-06-24,1658,13350,15008
511,2021-06-25,1621,14001,15622
511,2021-06-26,484,9930,10414
511,2021-06-27,164,6002,6166
511,2021-06-28,1695,13493,15188
511,2021-06-29,1731,13722,15453
511,2021-06-30,1511,13780,15291
511,2021-07-01,1587,14270,15857
511,2021-07-02,1637,14120,15757
511,2021-07-03,419,9874,10293
511,2021-07-04,141,5208,5349
511,2021-07-05,1638,13058,14696
511,2021-07-06,1449,13991,15440
511,2021-07-07,1743,13908,15651
511,2021-07-08,1838,13947,15785
511,2021-07-09,1634,14176,15810
511,2021-07-10,435,9619,10054
511,2021-07-11,167,5875,6042
511,2021-07-12,1446,13154,14600
511,2021-07-13,1299,13294,14593
511,2021-07-14,1319,12713,14032
511,2021-07-15,1124,13220,14344
511,2021-07-16,1321,13757,15078
511,2021-07-17,576,10064,10640
511,2021-07-18,270,6441,6711
511,2021-07-19,1493,13796,15289
511,2021-07-20,1400,14123,15523
511,2021-07-21,1392,13583,14975
511,2021-07-22,1490,13600,15090
511,2021-07-23,1420,13774,15194
511,2021-07-24,581,8764,9345
511,2021-07-25,323,5173,5496
511,2021-07-26,1497,12322,13819
511,2021-07-27,1385,12695,14080
511,2021-07-28,1315,13214,14529
511,2021-07-29,1148,13253,14401
511,2021-07-30,1139,12752,13891
511,2021-07-31,594,8507,9101
511,2021-08-01,333,5865,6198
511,2021-08-02,949,11160,12109
511,2021-08-03,928,10856,11784
511,2021-08-04,979,11369,12348
511,2021-08-05,915,11293,12208
511,2021-08-06,902,11053,11955
511,2021-08-07,385,7402,7787
511,2021-08-08,174,4486,4660
511,2021-08-09,752,10362,11114
511,2021-08-10,760,10917,11677
511,2021-08-11,831,10573,11404
511,2021-08-12,792,10919,11711
511,2021-08-13,835,10861,11696
511,2021-08-14,403,7744,8147
511,2021-08-15,201,5167,5368
511,2021-08-16,880,10205,11085
511,2021-08-17,839,10478,11317
511,2021-08-18,901,10770,11671
511,2021-08-19,835,10713,11548
511,2021-08-20,901,11459,12360
511,2021-08-21,390,7658,8048
511,2021-08-22,149,4774,4923
511,2021-08-23,1248,11312,12560
511,2021-08-24,1260,11868,13128
511,2021-08-25,1468,11832,13300
511,2021-08-26,1317,11904,13221
511,2021-08-27,1227,11666,12893
511,2021-08-28,393,8042,8435
511,2021-08-29,161,5184,5345
511,2021-08-30,1293,11416,12709
511,2021-08-31,1401,11981,13382
511,2021-09-01,1594,12049,13643
511,2021-09-02,1617,12037,13654
511,2021-09-03,1548,12228,13776
511,2021-09-04,446,9017,9463
511,2021-09-05,190,5573,5763
511,2021-09-06,1635,12511,14146
511,2021-09-07,1658,12710,14368
511,2021-09-08,1711,12165,13876
511,2021-09-09,1623,12531,14154
511,2021-09-10,1459,12739,14198
511,2021-09-11,442,9224,9666
511,2021-09-12,153,6122,6275
511,2021-09-13,1601,13618,15219
511,2021-09-14,1680,13810,15490
511,2021-09-15,1527,12915,14442
511,2021-09-16,1604,13646,15250
511,2021-09-17,1618,13484,15102
511,2021-09-18,445,10234,10679
511,2021-09-19,178,6891,7069
511,2021-09-20,1565,12551,14116
511,2021-09-21,1741,12853,14594
511,2021-09-22,1743,12435,14178
511,2021-09-23,1691,12402,14093
511,2021-09-24,1531,12142,13673
511,2021-09-25,548,8583,9131
511,2021-09-26,140,4915,5055
511,2021-09-27,1597,11344,12941
511,2021-09-28,1533,11575,13108
511,2021-09-29,1673,11671,13344
511,2021-09-30,1641,12168,13809
511,2021-10-01,1542,11985,13527
511,2021-10-02,409,8461,8870
511,2021-10-03,135,4621,4756
511,2021-10-04,1398,11374,12772
511,2021-10-05,1512,11376,12888
511,2021-10-06,1463,11736,13199
511,2021-10-07,1550,11982,13532
511,2021-10-08,1811,11940,13751
511,2021-10-09,468,8342,8810
511,2021-10-10,175,5133,5308
511,2021-10-11,1734,10938,12672
511,2021-10-12,1634,11401,13035
511,2021-10-13,1682,11595,13277
511,2021-10-14,1042,8773,9815
511,2021-10-15,968,9088,10056
511,2021-10-16,411,7965,8376
511,2021-10-17,224,4928,5152
511,2021-10-18,1600,10922,12522
511,2021-10-19,1612,12073,13685
511,2021-10-20,1731,11043,12774
511,2021-10-21,1542,11614,13156
511,2021-10-22,1581,11727,13308
511,2021-10-23,457,8274,8731
511,2021-10-24,148,5119,5267
511,2021-10-25,1731,11532,13263
511,2021-10-26,1729,12547,14276
511,2021-10-27,1641,12086,13727
511,2021-10-28,1623,11987,13610
511,2021-10-29,1674,12081,13755
511,2021-10-30,556,7897,8453
511,2021-11-01,249,4542,4791
511,2021-11-02,1639,11548,13187
511,2021-11-03,1603,11768,13371
511,2021-11-04,1740,12095,13835
511,2021-11-05,1772,12246,14018
511,2021-11-06,577,8785,9362
511,2021-11-07,240,4787,5027
511,2021-11-08,1739,12209,13948
511,2021-11-09,1771,12976,14747
511,2021-11-10,1839,13163,15002
511,2021-11-11,2045,12842,14887
511,2021-11-12,1873,13025,14898
511,2021-11-13,420,8760,9180
511,2021-11-14,144,5306,5450
511,2021-11-15,1881,12053,13934
511,2021-11-16,1894,13058,14952
511,2021-11-17,1840,12552,14392
511,2021-11-18,1894,12846,14740
511,2021-11-19,1847,13042,14889
511,2021-11-20,504,10572,11076
511,2021-11-21,136,5709,5845
511,2021-11-22,1844,12276,14120
511,2021-11-23,1755,13155,14910
511,2021-11-24,1859,12742,14601
511,2021-11-25,1828,13027,14855
511,2021-11-26,1776,13419,15195
511,2021-11-27,418,8673,9091
511,2021-11-28,151,5521,5672
511,2021-11-29,1793,12190,13983
511,2021-11-30,1674,12748,14422
511,2021-12-01,1877,12719,14596
511,2021-12-02,1938,13021,14959
511,2021-12-03,1971,13119,15090
511,2021-12-04,416,8728,9144
511,2021-12-05,146,5681,5827
511,2021-12-06,1785,13797,15582
511,2021-12-07,1668,13962,15630
511,2021-12-08,1656,14204,15860
511,2021-12-09,1639,14025,15664
511,2021-12-10,1561,12572,14133
511,2021-12-11,397,8951,9348
511,2021-12-12,160,5153,5313
511,2021-12-13,1490,13970,15460
511,2021-12-14,1611,13030,14641
511,2021-12-15,1659,13377,15036
511,2021-12-16,1648,13594,15242
511,2021-12-17,1265,13462,14727
511,2021-12-18,400,8908,9308
511,2021-12-19,143,5582,5725
511,2021-12-20,854,11463,12317
511,2021-12-21,834,11791,12625
511,2021-12-22,794,11469,12263
511,2021-12-23,722,11202,11924
511,2021-12-24,435,8361,8796
511,2021-12-25,119,3635,3754
511,2021-12-26,128,3368,3496
511,2021-12-27,541,8219,8760
511,2021-12-28,551,8865,9416
511,2021-12-29,536,8996,9532
511,2021-12-30,542,9072,9614
511,2021-12-31,391,7641,8032
512,2021-01-02,19,1170,1189
512,2021-01-03,7,908,915
512,2021-01-04,56,1391,1447
512,2021-01-05,29,1635,1664
512,2021-01-06,44,1576,1620
512,2021-01-07,26,1560,1586
512,2021-01-08,36,1690,1726
512,2021-01-09,15,1403,1418
512,2021-01-10,7,1029,1036
512,2021-01-11,76,2036,2112
512,2021-01-12,69,2041,2110
512,2021-01-13,58,2044,2102
512,2021-01-14,41,1944,1985
512,2021-01-15,56,2070,2126
512,2021-01-16,27,1495,1522
512,2021-01-17,8,964,972
512,2021-01-18,55,1926,1981
512,2021-01-19,50,2076,2126
512,2021-01-20,79,2053,2132
512,2021-01-21,61,2217,2278
512,2021-01-22,78,2386,2464
512,2021-01-23,35,1571,1606
512,2021-01-24,3,1049,1052
512,2021-01-25,80,1980,2060
512,2021-01-26,67,2190,2257
512,2021-01-27,72,1925,1997
512,2021-01-28,68,2106,2174
512,2021-01-29,72,2116,2188
512,2021-01-30,24,1474,1498
512,2021-02-01,81,1962,2043
512,2021-02-02,49,2123,2172
512,2021-02-03,61,2093,2154
512,2021-02-04,63,2252,2315
512,2021-02-05,98,2267,2365
512,2021-02-06,17,1574,1591
512,2021-02-07,10,1076,1086
512,2021-02-08,58,1646,1704
512,2021-02-09,58,1799,1857
512,2021-02-10,44,1847,1891
512,2021-02-11,76,1921,1997
512,2021-02-12,60,2082,2142
512,2021-02-13,22,1581,1603
512,2021-02-14,8,1074,1082
512,2021-02-15,35,1666,1701
512,2021-02-16,55,1936,1991
512,2021-02-17,54,1953,2007
512,2021-02-18,92,1911,2003
512,2021-02-19,90,1943,2033
512,2021-02-20,39,1784,1823
512,2021-02-21,8,1487,1495
512,2021-02-22,77,2094,2171
512,2021-02-23,70,2317,2387
512,2021-02-24,43,2350,2393
512,2021-02-25,48,2284,2332
512,2021-02-26,66,2350,2416
512,2021-02-27,21,1799,1820
512,2021-02-28,4,1288,1292
512,2021-03-02,77,2456,2533
512,2021-03-03,68,2317,2385
512,2021-03-04,74,2202,2276
512,2021-03-05,91,2362,2453
512,2021-03-06,41,1868,1909
512,2021-03-07,13,1285,1298
512,2021-03-08,118,2384,2502
512,2021-03-09,118,2307,2425
512,2021-03-10,109,2284,2393
512,2021-03-11,81,2248,2329
512,2021-03-12,66,2262,2328
512,2021-03-13,16,1460,1476
512,2021-03-14,4,998,1002
512,2021-03-15,55,2209,2264
512,2021-03-16,47,2368,2415
512,2021-03-17,80,2373,2453
512,2021-03-18,49,2247,2296
512,2021-03-19,51,2345,2396
512,2021-03-20,25,1746,1771
512,2021-03-21,10,1140,1150
512,2021-03-22,80,2080,2160
512,2021-03-23,80,2374,2454
512,2021-03-24,64,2345,2409
512,2021-03-25,78,2253,2331
512,2021-03-26,96,2496,2592
512,2021-03-27,31,1765,1796
512,2021-03-29,81,2510,2591
512,2021-03-30,84,2714,2798
512,2021-03-31,79,2479,2558
512,2021-04-02,81,2528,2609
512,2021-04-03,34,1855,1889
512,2021-04-04,7,1248,1255
512,2021-04-05,33,895,928
512,2021-04-06,67,2247,2314
512,2021-04-07,112,2473,2585
512,2021-04-08,137,2884,3021
512,2021-04-09,137,3011,3148
512,2021-04-10,21,1599,1620
512,2021-04-11,14,936,950
512,2021-04-12,66,2361,2427
512,2021-04-13,78,2888,2966
512,2021-04-14,89,2719,2808
512,2021-04-15,92,2786,2878
512,2021-04-16,68,2472,2540
512,2021-04-17,47,1837,1884
512,2021-04-18,12,1198,1210
512,2021-04-19,74,2828,2902
512,2021-04-20,74,2711,2785
512,2021-04-21,76,2385,2461
512,2021-04-22,94,2370,2464
512,2021-04-23,92,2529,2621
512,2021-04-24,58,1891,1949
512,2021-04-25,9,1437,1446
512,2021-04-26,68,2343,2411
512,2021-04-27,83,2534,2617
512,2021-04-28,82,2417,2499
512,2021-04-29,85,2426,2511
512,2021-04-30,83,2564,2647
512,2021-05-02,9,1423,1432
512,2021-05-03,66,2591,2657
512,2021-05-04,70,3046,3116
512,2021-05-05,79,2820,2899
512,2021-05-06,82,2224,2306
512,2021-05-07,67,2547,2614
512,2021-05-08,19,1869,1888
512,2021-05-09,9,1559,1568
512,2021-05-10,82,2186,2268
512,2021-05-11,84,2396,2480
512,2021-05-12,105,2507,2612
512,2021-05-13,12,1311,1323
512,2021-05-14,98,2536,2634
512,2021-05-15,25,1793,1818
512,2021-05-16,30,1234,1264
512,2021-05-17,100,2391,2491
512,2021-05-18,82,2518,2600
512,2021-05-19,76,2388,2464
512,2021-05-20,73,2538,2611
512,2021-05-21,98,2606,2704
512,2021-05-22,34,2145,2179
512,2021-05-23,8,1465,1473
512,2021-05-24,23,1334,1357
512,2021-05-25,78,2128,2206
512,2021-05-26,56,1974,2030
512,2021-05-27,70,2369,2439
512,2021-05-28,59,2388,2447
512,2021-05-29,53,2364,2417
512,2021-05-30,14,1848,1862
512,2021-05-31,73,2466,2539
512,2021-06-01,62,2611,2673
512,2021-06-02,57,2724,2781
512,2021-06-03,53,2611,2664
512,2021-06-04,62,2420,2482
512,2021-06-05,23,1907,1930
512,2021-06-06,7,1397,1404
512,2021-06-07,53,2318,2371
512,2021-06-08,65,2568,2633
512,2021-06-09,65,2615,2680
512,2021-06-10,106,2840,2946
512,2021-06-11,78,2732,2810
512,2021-06-12,27,2037,2064
512,2021-06-13,19,1725,1744
512,2021-06-14,67,2473,2540
512,2021-06-15,84,2705,2789
512,2021-06-16,125,3035,3160
512,2021-06-17,94,2663,2757
512,2021-06-18,65,2503,2568
512,2021-06-19,115,2032,2147
512,2021-06-20,15,1190,1205
512,2021-06-21,81,2348,2429
512,2021-06-22,76,2463,2539
512,2021-06-23,26,1181,1207
512,2021-06-24,64,2551,2615
512,2021-06-25,63,2513,2576
512,2021-06-26,57,1906,1963
512,2021-06-27,22,1348,1370
512,2021-06-28,65,2247,2312
512,2021-06-29,65,2434,2499
512,2021-06-30,63,2419,2482
512,2021-07-01,68,2550,2618
512,2021-07-02,65,2708,2773
512,2021-07-03,38,2032,2070
512,2021-07-04,16,1274,1290
512,2021-07-05,61,2274,2335
512,2021-07-06,67,2602,2669
512,2021-07-07,59,2399,2458
512,2021-07-08,58,2392,2450
512,2021-07-09,66,2425,2491
512,2021-07-10,60,1948,2008
512,2021-07-11,25,1479,1504
512,2021-07-12,83,2132,2215
512,2021-07-13,61,2325,2386
512,2021-07-14,66,1944,2010
512,2021-07-15,48,1361,1409
512,2021-07-16,60,2295,2355
512,2021-07-17,30,1864,1894
512,2021-07-18,26,1372,1398
512,2021-07-19,50,2097,2147
512,2021-07-20,65,2188,2253
512,2021-07-21,56,2174,2230
512,2021-07-22,63,2161,2224
512,2021-07-23,56,2198,2254
512,2021-07-24,35,1492,1527
512,2021-07-25,45,1272,1317
512,2021-07-26,51,2091,2142
512,2021-07-27,52,1934,1986
512,2021-07-28,43,2184,2227
512,2021-07-29,55,2057,2112
512,2021-07-30,31,2170,2201
512,2021-07-31,44,1803,1847
512,2021-08-01,25,1270,1295
512,2021-08-02,36,1730,1766
512,2021-08-03,49,1710,1759
512,2021-08-04,35,1786,1821
512,2021-08-05,56,1780,1836
512,2021-08-06,34,1824,1858
512,2021-08-07,22,1426,1448
512,2021-08-08,29,1134,1163
512,2021-08-09,37,1690,1727
512,2021-08-10,40,1952,1992
512,2021-08-11,53,2180,2233
512,2021-08-12,49,1949,1998
512,2021-08-13,54,1739,1793
512,2021-08-14,57,1543,1600
512,2021-08-15,38,1243,1281
512,2021-08-16,61,1643,1704
512,2021-08-17,53,1623,1676
512,2021-08-18,62,1779,1841
512,2021-08-19,40,1787,1827
512,2021-08-20,55,1851,1906
512,2021-08-21,51,1499,1550
512,2021-08-22,43,1132,1175
512,2021-08-23,56,2007,2063
512,2021-08-24,56,2097,2153
512,2021-08-25,70,1867,1937
512,2021-08-26,52,1825,1877
512,2021-08-27,39,1791,1830
512,2021-08-28,38,1342,1380
512,2021-08-29,22,985,1007
512,2021-08-30,67,2085,2152
512,2021-08-31,72,2522,2594
512,2021-09-01,70,2529,2599
512,2021-09-02,70,2788,2858
512,2021-09-03,48,2333,2381
512,2021-09-04,38,1909,1947
512,2021-09-05,29,1878,1907
512,2021-09-06,49,2357,2406
512,2021-09-07,69,2797,2866
512,2021-09-08,101,2804,2905
512,2021-09-09,91,2797,2888
512,2021-09-10,74,2265,2339
512,2021-09-11,73,1649,1722
512,2021-09-12,27,1354,1381
512,2021-09-13,55,2610,2665
512,2021-09-14,70,2423,2493
512,2021-09-15,62,2254,2316
512,2021-09-16,67,2250,2317
512,2021-09-17,106,2439,2545
512,2021-09-18,120,1938,2058
512,2021-09-19,23,1382,1405
512,2021-09-20,68,2128,2196
512,2021-09-21,90,2248,2338
512,2021-09-22,140,2260,2400
512,2021-09-23,66,2484,2550
512,2021-09-24,78,2461,2539
512,2021-09-25,49,2042,2091
512,2021-09-26,21,1286,1307
512,2021-09-27,64,2190,2254
512,2021-09-28,65,2356,2421
512,2021-09-29,76,2357,2433
512,2021-09-30,60,2495,2555
512,2021-10-01,68,2470,2538
512,2021-10-02,59,1866,1925
512,2021-10-03,17,1283,1300
512,2021-10-04,122,3624,3746
512,2021-10-05,69,2552,2621
512,2021-10-06,70,2426,2496
512,2021-10-07,84,2527,2611
512,2021-10-08,96,2457,2553
512,2021-10-09,58,1928,1986
512,2021-10-10,17,1392,1409
512,2021-10-11,119,2206,2325
512,2021-10-12,66,2335,2401
512,2021-10-13,84,2366,2450
512,2021-10-14,92,2555,2647
512,2021-10-15,112,2501,2613
512,2021-10-16,41,1862,1903
512,2021-10-17,26,1264,1290
512,2021-10-18,76,2346,2422
512,2021-10-19,62,2537,2599
512,2021-10-20,76,2403,2479
512,2021-10-21,58,2178,2236
512,2021-10-22,77,2429,2506
512,2021-10-23,40,1809,1849
512,2021-10-24,12,1441,1453
512,2021-10-25,67,2231,2298
512,2021-10-26,112,2402,2514
512,2021-10-27,84,2436,2520
512,2021-10-28,122,2474,2596
512,2021-10-29,110,2531,2641
512,2021-10-30,43,1556,1599
512,2021-11-01,5,1192,1197
512,2021-11-02,56,1946,2002
512,2021-11-03,33,2007,2040
512,2021-11-04,54,2038,2092
512,2021-11-05,54,2239,2293
512,2021-11-06,41,1651,1692
512,2021-11-07,29,1156,1185
512,2021-11-08,56,2310,2366
512,2021-11-09,62,2571,2633
512,2021-11-10,100,2688,2788
512,2021-11-11,72,2500,2572
512,2021-11-12,96,2399,2495
512,2021-11-13,32,1649,1681
512,2021-11-14,20,1275,1295
512,2021-11-15,68,2522,2590
512,2021-11-16,73,2630,2703
512,2021-11-17,63,2367,2430
512,2021-11-18,61,2423,2484
512,2021-11-19,70,2330,2400
512,2021-11-20,49,1732,1781
512,2021-11-21,26,1127,1153
512,2021-11-22,46,2146,2192
512,2021-11-23,68,2325,2393
512,2021-11-24,83,2344,2427
512,2021-11-25,71,2369,2440
512,2021-11-26,53,2469,2522
512,2021-11-27,41,1540,1581
512,2021-11-28,18,1099,1117
512,2021-11-29,63,2192,2255
512,2021-11-30,50,2496,2546
512,2021-12-01,41,2325,2366
512,2021-12-02,53,2338,2391
512,2021-12-03,33,2473,2506
512,2021-12-04,28,1627,1655
512,2021-12-05,16,1157,1173
512,2021-12-06,48,2084,2132
512,2021-12-07,59,2372,2431
512,2021-12-08,72,2209,2281
512,2021-12-09,57,2230,2287
512,2021-12-10,57,2127,2184
512,2021-12-11,34,1630,1664
512,2021-12-12,22,1022,1044
512,2021-12-13,50,2231,2281
512,2021-12-14,49,2276,2325
512,2021-12-15,81,2451,2532
512,2021-12-16,58,2505,2563
512,2021-12-17,57,2348,2405
512,2021-12-18,33,1540,1573
512,2021-12-19,19,1061,1080
512,2021-12-20,37,1708,1745
512,2021-12-21,34,1714,1748
512,2021-12-22,39,1744,1783
512,2021-12-23,24,1814,1838
512,2021-12-24,19,1491,1510
512,2021-12-25,0,920,920
512,2021-12-26,6,838,844
512,2021-12-27,26,1367,1393
512,2021-12-28,16,1532,1548
512,2021-12-29,17,1536,1553
512,2021-12-30,13,1532,1545
512,2021-12-31,7,1498,1505
520,2021-01-01,38,2107,2145
520,2021-01-02,115,4177,4292
520,2021-01-03,40,2971,3011
520,2021-01-04,294,5936,6230
520,2021-01-05,282,6068,6350
520,2021-01-06,243,6206,6449
520,2021-01-07,222,6181,6403
520,2021-01-08,253,6646,6899
520,2021-01-09,124,5216,5340
520,2021-01-10,49,3399,3448
520,2021-01-11,436,8272,8708
520,2021-01-12,386,8491,8877
520,2021-01-13,418,8569,8987
520,2021-01-14,369,8273,8642
520,2021-01-15,400,8787,9187
520,2021-01-16,129,6206,6335
520,2021-01-17,53,3457,3510
520,2021-01-18,418,8187,8605
520,2021-01-19,433,8343,8776
520,2021-01-20,444,8567,9011
520,2021-01-21,462,8586,9048
520,2021-01-22,440,9140,9580
520,2021-01-23,140,6427,6567
520,2021-01-24,58,3876,3934
520,2021-01-25,392,8340,8732
520,2021-01-26,401,8849,9250
520,2021-01-27,414,8388,8802
520,2021-01-28,415,8859,9274
520,2021-01-29,412,9517,9929
520,2021-01-30,124,6589,6713
520,2021-01-31,46,3829,3875
520,2021-02-01,368,8855,9223
520,2021-02-02,383,8763,9146
520,2021-02-03,392,8623,9015
520,2021-02-04,415,9050,9465
520,2021-02-05,435,9425,9860
520,2021-02-06,146,6755,6901
520,2021-02-07,50,3996,4046
520,2021-02-08,352,7949,8301
520,2021-02-09,363,8094,8457
520,2021-02-10,359,8433,8792
520,2021-02-11,334,8505,8839
520,2021-02-12,404,8716,9120
520,2021-02-13,149,6710,6859
520,2021-02-14,53,4408,4461
520,2021-02-15,358,7889,8247
520,2021-02-16,388,8537,8925
520,2021-02-17,394,8484,8878
520,2021-02-18,403,8391,8794
520,2021-02-19,365,8928,9293
520,2021-02-20,158,6996,7154
520,2021-02-21,55,5044,5099
520,2021-02-22,394,8441,8835
520,2021-02-23,424,8973,9397
520,2021-02-24,500,9044,9544
520,2021-02-25,457,9371,9828
520,2021-02-26,453,9718,10171
520,2021-02-27,167,7267,7434
520,2021-02-28,63,4891,4954
520,2021-03-01,421,8854,9275
520,2021-03-02,464,9132,9596
520,2021-03-03,436,9041,9477
520,2021-03-04,421,9075,9496
520,2021-03-05,504,9575,10079
520,2021-03-06,198,8283,8481
520,2021-03-07,62,5031,5093
520,2021-03-08,537,8703,9240
520,2021-03-09,479,8778,9257
520,2021-03-10,544,8583,9127
520,2021-03-11,473,8789,9262
520,2021-03-12,522,9329,9851
520,2021-03-13,188,7124,7312
520,2021-03-14,56,3994,4050
520,2021-03-15,460,8712,9172
520,2021-03-16,450,9855,10305
520,2021-03-17,549,9682,10231
520,2021-03-18,432,8989,9421
520,2021-03-19,408,9415,9823
520,2021-03-20,162,7305,7467
520,2021-03-21,50,4381,4431
520,2021-03-22,430,8612,9042
520,2021-03-23,460,9835,10295
520,2021-03-24,553,9903,10456
520,2021-03-25,566,9666,10232
520,2021-03-26,460,10152,10612
520,2021-03-27,187,7003,7190
520,2021-03-29,439,9892,10331
520,2021-03-30,549,10739,11288
520,2021-03-31,546,11037,11583
520,2021-04-01,574,10847,11421
520,2021-04-02,540,10720,11260
520,2021-04-03,199,7390,7589
520,2021-04-04,40,4310,4350
520,2021-04-05,55,3250,3305
520,2021-04-06,576,9495,10071
520,2021-04-07,505,8917,9422
520,2021-04-08,553,8931,9484
520,2021-04-09,480,9093,9573
520,2021-04-10,187,6522,6709
520,2021-04-11,50,3610,3660
520,2021-04-12,507,8229,8736
520,2021-04-13,564,9037,9601
520,2021-04-14,591,9191,9782
520,2021-04-15,560,9241,9801
520,2021-04-16,550,9549,10099
520,2021-04-17,228,7234,7462
520,2021-04-18,47,4239,4286
520,2021-04-19,466,8894,9360
520,2021-04-20,546,9341,9887
520,2021-04-21,448,8948,9396
520,2021-04-22,462,9561,10023
520,2021-04-23,493,9855,10348
520,2021-04-24,219,7815,8034
520,2021-04-25,77,5504,5581
520,2021-04-26,475,9227,9702
520,2021-04-27,524,9867,10391
520,2021-04-28,513,9269,9782
520,2021-04-29,455,9719,10174
520,2021-04-30,457,10286,10743
520,2021-05-01,75,4671,4746
520,2021-05-02,83,4719,4802
520,2021-05-03,461,9277,9738
520,2021-05-04,513,9507,10020
520,2021-05-05,536,9195,9731
520,2021-05-06,433,9606,10039
520,2021-05-07,447,10060,10507
520,2021-05-08,191,7971,8162
520,2021-05-09,61,5399,5460
520,2021-05-10,475,9046,9521
520,2021-05-11,437,9445,9882
520,2021-05-12,490,9947,10437
520,2021-05-13,81,4519,4600
520,2021-05-14,426,9515,9941
520,2021-05-15,190,6906,7096
520,2021-05-16,84,4393,4477
520,2021-05-17,430,10256,10686
520,2021-05-18,475,9866,10341
520,2021-05-19,471,9436,9907
520,2021-05-20,452,9940,10392
520,2021-05-21,443,10309,10752
520,2021-05-22,339,7374,7713
520,2021-05-23,158,4602,4760
520,2021-05-24,165,4035,4200
520,2021-05-25,510,9060,9570
520,2021-05-26,485,8974,9459
520,2021-05-27,492,9074,9566
520,2021-05-28,597,9413,10010
520,2021-05-29,302,7829,8131
520,2021-05-30,223,5746,5969
520,2021-05-31,485,9806,10291
520,2021-06-01,459,10249,10708
520,2021-06-02,505,9896,10401
520,2021-06-03,460,10053,10513
520,2021-06-04,438,10122,10560
520,2021-06-05,169,7987,8156
520,2021-06-06,74,4897,4971
520,2021-06-07,428,9502,9930
520,2021-06-08,438,9890,10328
520,2021-06-09,467,9780,10247
520,2021-06-10,511,10073,10584
520,2021-06-11,483,10532,11015
520,2021-06-12,201,8111,8312
520,2021-06-13,83,5824,5907
520,2021-06-14,631,9272,9903
520,2021-06-15,610,9644,10254
520,2021-06-16,576,10002,10578
520,2021-06-17,442,9810,10252
520,2021-06-18,442,10077,10519
520,2021-06-19,166,8030,8196
520,2021-06-20,87,4932,5019
520,2021-06-21,422,9406,9828
520,2021-06-22,417,10137,10554
520,2021-06-23,63,4360,4423
520,2021-06-24,413,9344,9757
520,2021-06-25,445,9858,10303
520,2021-06-26,199,7688,7887
520,2021-06-27,84,5567,5651
520,2021-06-28,400,9611,10011
520,2021-06-29,415,9181,9596
520,2021-06-30,419,9473,9892
520,2021-07-01,432,9854,10286
520,2021-07-02,421,9886,10307
520,2021-07-03,186,7505,7691
520,2021-07-04,95,4502,4597
520,2021-07-05,411,9245,9656
520,2021-07-06,386,9511,9897
520,2021-07-07,420,9660,10080
520,2021-07-08,441,9954,10395
520,2021-07-09,431,10019,10450
520,2021-07-10,176,7285,7461
520,2021-07-11,73,5089,5162
520,2021-07-12,376,9294,9670
520,2021-07-13,319,9160,9479
520,2021-07-14,378,8953,9331
520,2021-07-15,164,6104,6268
520,2021-07-16,240,7137,7377
520,2021-07-17,348,7170,7518
520,2021-07-18,182,5258,5440
520,2021-07-19,516,8747,9263
520,2021-07-20,520,9118,9638
520,2021-07-21,494,9118,9612
520,2021-07-22,528,9252,9780
520,2021-07-23,526,9030,9556
520,2021-07-24,299,6696,6995
520,2021-07-25,150,4519,4669
520,2021-07-26,493,8370,8863
520,2021-07-27,556,8022,8578
520,2021-07-28,515,8533,9048
520,2021-07-29,506,8835,9341
520,2021-07-30,438,8535,8973
520,2021-07-31,291,6815,7106
520,2021-08-01,200,4764,4964
520,2021-08-02,388,7412,7800
520,2021-08-03,414,7397,7811
520,2021-08-04,377,7340,7717
520,2021-08-05,444,7407,7851
520,2021-08-06,398,7380,7778
520,2021-08-07,174,5470,5644
520,2021-08-08,72,3781,3853
520,2021-08-09,239,6691,6930
520,2021-08-10,242,7104,7346
520,2021-08-11,265,7285,7550
520,2021-08-12,310,7133,7443
520,2021-08-13,299,7319,7618
520,2021-08-14,155,5412,5567
520,2021-08-15,129,3922,4051
520,2021-08-16,374,6727,7101
520,2021-08-17,318,7428,7746
520,2021-08-18,379,8381,8760
520,2021-08-19,336,6952,7288
520,2021-08-20,282,7366,7648
520,2021-08-21,159,5815,5974
520,2021-08-22,69,3973,4042
520,2021-08-23,398,7734,8132
520,2021-08-24,419,8400,8819
520,2021-08-25,451,8302,8753
520,2021-08-26,476,7866,8342
520,2021-08-27,398,7333,7731
520,2021-08-28,148,5376,5524
520,2021-08-29,80,4003,4083
520,2021-08-30,386,6806,7192
520,2021-08-31,418,7251,7669
520,2021-09-01,400,7195,7595
520,2021-09-02,376,7335,7711
520,2021-09-03,382,7454,7836
520,2021-09-04,167,6052,6219
520,2021-09-05,79,4612,4691
520,2021-09-06,365,7238,7603
520,2021-09-07,338,7824,8162
520,2021-09-08,384,7904,8288
520,2021-09-09,361,8007,8368
520,2021-09-10,384,8240,8624
520,2021-09-11,171,6716,6887
520,2021-09-12,71,4845,4916
520,2021-09-13,387,8089,8476
520,2021-09-14,391,8459,8850
520,2021-09-15,432,8197,8629
520,2021-09-16,487,8870,9357
520,2021-09-17,433,9566,9999
520,2021-09-18,187,7199,7386
520,2021-09-19,73,5140,5213
520,2021-09-20,422,8796,9218
520,2021-09-21,395,9338,9733
520,2021-09-22,479,8897,9376
520,2021-09-23,411,8657,9068
520,2021-09-24,465,9680,10145
520,2021-09-25,198,7606,7804
520,2021-09-26,59,4972,5031
520,2021-09-27,447,8844,9291
520,2021-09-28,479,9266,9745
520,2021-09-29,397,9195,9592
520,2021-09-30,424,9505,9929
520,2021-10-01,481,9688,10169
520,2021-10-02,181,7491,7672
520,2021-10-03,61,4962,5023
520,2021-10-04,489,9467,9956
520,2021-10-05,424,9207,9631
520,2021-10-06,413,9165,9578
520,2021-10-07,441,9562,10003
520,2021-10-08,581,9607,10188
520,2021-10-09,177,7625,7802
520,2021-10-10,86,5348,5434
520,2021-10-11,488,8909,9397
520,2021-10-12,471,9237,9708
520,2021-10-13,445,9114,9559
520,2021-10-14,472,9586,10058
520,2021-10-15,471,9821,10292
520,2021-10-16,179,7460,7639
520,2021-10-17,76,5006,5082
520,2021-10-18,402,9030,9432
520,2021-10-19,466,10501,10967
520,2021-10-20,585,9548,10133
520,2021-10-21,376,9376,9752
520,2021-10-22,419,9905,10324
520,2021-10-23,175,7558,7733
520,2021-10-24,60,5318,5378
520,2021-10-25,426,8760,9186
520,2021-10-26,471,9404,9875
520,2021-10-27,422,9408,9830
520,2021-10-28,424,9641,10065
520,2021-10-29,462,9848,10310
520,2021-10-30,279,7238,7517
520,2021-11-01,143,4391,4534
520,2021-11-02,507,8304,8811
520,2021-11-03,468,8183,8651
520,2021-11-04,493,8452,8945
520,2021-11-05,455,8624,9079
520,2021-11-06,304,7078,7382
520,2021-11-07,148,4610,4758
520,2021-11-08,373,8681,9054
520,2021-11-09,418,8606,9024
520,2021-11-10,445,9006,9451
520,2021-11-11,434,9282,9716
520,2021-11-12,426,9665,10091
520,2021-11-13,171,7313,7484
520,2021-11-14,66,4779,4845
520,2021-11-15,408,8604,9012
520,2021-11-16,468,9078,9546
520,2021-11-17,418,8654,9072
520,2021-11-18,371,9090,9461
520,2021-11-19,415,9613,10028
520,2021-11-20,190,7752,7942
520,2021-11-21,48,4884,4932
520,2021-11-22,406,8762,9168
520,2021-11-23,425,9097,9522
520,2021-11-24,459,9152,9611
520,2021-11-25,413,9455,9868
520,2021-11-26,385,9870,10255
520,2021-11-27,148,7056,7204
520,2021-11-28,62,4727,4789
520,2021-11-29,403,8800,9203
520,2021-11-30,407,8968,9375
520,2021-12-01,441,8976,9417
520,2021-12-02,453,9534,9987
520,2021-12-03,440,9563,10003
520,2021-12-04,176,7235,7411
520,2021-12-05,48,4578,4626
520,2021-12-06,486,9597,10083
520,2021-12-07,495,9923,10418
520,2021-12-08,481,10001,10482
520,2021-12-09,516,9961,10477
520,2021-12-10,411,9520,9931
520,2021-12-11,167,7273,7440
520,2021-12-12,46,4682,4728
520,2021-12-13,522,9644,10166
520,2021-12-14,381,9298,9679
520,2021-12-15,441,9122,9563
520,2021-12-16,361,9391,9752
520,2021-12-17,347,9301,9648
520,2021-12-18,133,6259,6392
520,2021-12-19,47,4616,4663
520,2021-12-20,238,7276,7514
520,2021-12-21,297,7687,7984
520,2021-12-22,242,7773,8015
520,2021-12-23,205,7946,8151
520,2021-12-24,129,6345,6474
520,2021-12-25,34,3073,3107
520,2021-12-26,41,2932,2973
520,2021-12-27,154,5486,5640
520,2021-12-28,161,5884,6045
520,2021-12-29,162,6027,6189
520,2021-12-30,177,6444,6621
520,2021-12-31,140,5865,6005
525,2021-01-02,53,1804,1857
525,2021-01-03,9,1193,1202
525,2021-01-04,106,2249,2355
525,2021-01-05,109,2403,2512
525,2021-01-06,99,2369,2468
525,2021-01-07,109,2398,2507
525,2021-01-08,104,2704,2808
525,2021-01-09,75,2261,2336
525,2021-01-10,12,1507,1519
525,2021-01-11,187,3180,3367
525,2021-01-12,137,2531,2668
525,2021-01-13,192,3229,3421
525,2021-01-14,118,2779,2897
525,2021-01-15,140,3289,3429
525,2021-01-16,89,2544,2633
525,2021-01-17,14,1429,1443
525,2021-01-18,223,3208,3431
525,2021-01-19,187,3286,3473
525,2021-01-20,194,3316,3510
525,2021-01-21,184,3371,3555
525,2021-01-22,188,3585,3773
525,2021-01-23,76,2690,2766
525,2021-01-24,23,1609,1632
525,2021-01-25,183,3351,3534
525,2021-01-26,207,3337,3544
525,2021-01-27,181,3228,3409
525,2021-01-28,142,3372,3514
525,2021-01-29,156,3553,3709
525,2021-01-30,65,2723,2788
525,2021-01-31,25,1643,1668
525,2021-02-02,171,3470,3641
525,2021-02-03,166,3249,3415
525,2021-02-04,183,3509,3692
525,2021-02-05,181,3630,3811
525,2021-02-06,84,3013,3097
525,2021-02-07,10,1664,1674
525,2021-02-08,184,3143,3327
525,2021-02-09,157,3130,3287
525,2021-02-10,183,3317,3500
525,2021-02-11,145,3300,3445
525,2021-02-12,156,3543,3699
525,2021-02-13,81,3044,3125
525,2021-02-14,9,2134,2143
525,2021-02-15,128,2908,3036
525,2021-02-16,177,3225,3402
525,2021-02-17,165,3084,3249
525,2021-02-18,180,3200,3380
525,2021-02-19,179,3570,3749
525,2021-02-20,67,3201,3268
525,2021-02-21,13,2594,2607
525,2021-02-22,211,3424,3635
525,2021-02-23,213,3611,3824
525,2021-02-24,266,3644,3910
525,2021-02-25,259,3702,3961
525,2021-02-26,305,3783,4088
525,2021-02-27,81,2984,3065
525,2021-02-28,13,2299,2312
525,2021-03-01,280,3581,3861
525,2021-03-02,253,3756,4009
525,2021-03-03,238,3536,3774
525,2021-03-04,196,3526,3722
525,2021-03-05,234,3735,3969
525,2021-03-06,95,3332,3427
525,2021-03-07,24,2326,2350
525,2021-03-08,252,3561,3813
525,2021-03-09,195,3443,3638
525,2021-03-10,217,2985,3202
525,2021-03-11,203,3675,3878
525,2021-03-12,231,3817,4048
525,2021-03-13,96,2911,3007
525,2021-03-14,19,1526,1545
525,2021-03-15,188,3450,3638
525,2021-03-16,172,3467,3639
525,2021-03-17,191,3366,3557
525,2021-03-18,195,3494,3689
525,2021-03-19,202,3734,3936
525,2021-03-20,93,3198,3291
525,2021-03-21,10,1968,1978
525,2021-03-22,239,3466,3705
525,2021-03-23,205,3598,3803
525,2021-03-24,187,3757,3944
525,2021-03-25,218,3682,3900
525,2021-03-26,208,3979,4187
525,2021-03-27,98,2984,3082
525,2021-03-29,215,3592,3807
525,2021-03-30,196,3819,4015
525,2021-03-31,215,4015,4230
525,2021-04-01,194,3881,4075
525,2021-04-02,188,3942,4130
525,2021-04-03,90,3072,3162
525,2021-04-04,7,2024,2031
525,2021-04-05,16,1606,1622
525,2021-04-06,86,1646,1732
525,2021-04-07,59,1269,1328
525,2021-04-08,49,1262,1311
525,2021-04-09,63,1306,1369
525,2021-04-10,17,1098,1115
525,2021-04-11,5,677,682
525,2021-04-12,71,1287,1358
525,2021-04-13,61,1113,1174
525,2021-04-14,74,1481,1555
525,2021-04-15,64,1476,1540
525,2021-04-16,68,1320,1388
525,2021-04-17,26,1154,1180
525,2021-04-18,3,768,771
525,2021-04-19,69,1221,1290
525,2021-04-20,57,1206,1263
525,2021-04-21,57,1112,1169
525,2021-04-22,65,1226,1291
525,2021-04-23,91,1756,1847
525,2021-04-24,73,2976,3049
525,2021-04-25,23,2344,2367
525,2021-04-26,217,3083,3300
525,2021-04-27,220,3342,3562
525,2021-04-28,222,3310,3532
525,2021-04-29,205,3404,3609
525,2021-04-30,221,3743,3964
525,2021-05-02,11,2092,2103
525,2021-05-03,234,3215,3449
525,2021-05-04,197,3300,3497
525,2021-05-05,159,3452,3611
525,2021-05-06,199,3021,3220
525,2021-05-07,204,3566,3770
525,2021-05-08,110,3114,3224
525,2021-05-09,29,2510,2539
525,2021-05-10,211,3155,3366
525,2021-05-11,210,3454,3664
525,2021-05-12,252,3593,3845
525,2021-05-13,47,2105,2152
525,2021-05-14,161,3652,3813
525,2021-05-15,91,2950,3041
525,2021-05-16,32,1930,1962
525,2021-05-17,183,3385,3568
525,2021-05-18,249,3116,3365
525,2021-05-19,269,3280,3549
525,2021-05-20,241,3602,3843
525,2021-05-21,188,3803,3991
525,2021-05-22,113,3205,3318
525,2021-05-23,26,2166,2192
525,2021-05-24,37,1703,1740
525,2021-05-25,215,3432,3647
525,2021-05-26,168,3486,3654
525,2021-05-27,182,3588,3770
525,2021-05-28,216,3918,4134
525,2021-05-29,84,3493,3577
525,2021-05-30,65,2945,3010
525,2021-05-31,326,3727,4053
525,2021-06-01,246,3819,4065
525,2021-06-02,225,3731,3956
525,2021-06-03,211,3870,4081
525,2021-06-04,270,4045,4315
525,2021-06-05,82,3522,3604
525,2021-06-06,41,2182,2223
525,2021-06-07,195,3555,3750
525,2021-06-08,194,3695,3889
525,2021-06-09,208,3771,3979
525,2021-06-10,198,3811,4009
525,2021-06-11,189,4062,4251
525,2021-06-12,83,3674,3757
525,2021-06-13,25,2924,2949
525,2021-06-14,224,3591,3815
525,2021-06-15,235,3660,3895
525,2021-06-16,249,3897,4146
525,2021-06-17,232,3888,4120
525,2021-06-18,194,3970,4164
525,2021-06-19,98,3628,3726
525,2021-06-20,22,2314,2336
525,2021-06-21,186,3736,3922
525,2021-06-22,197,3862,4059
525,2021-06-23,30,2034,2064
525,2021-06-24,174,3738,3912
525,2021-06-25,210,3945,4155
525,2021-06-26,83,3570,3653
525,2021-06-27,29,2350,2379
525,2021-06-28,246,3498,3744
525,2021-06-29,222,3619,3841
525,2021-06-30,188,3687,3875
525,2021-07-01,193,3860,4053
525,2021-07-02,187,4064,4251
525,2021-07-03,72,3614,3686
525,2021-07-04,35,2116,2151
525,2021-07-05,211,3570,3781
525,2021-07-06,170,3679,3849
525,2021-07-07,182,3764,3946
525,2021-07-08,173,3805,3978
525,2021-07-09,185,4130,4315
525,2021-07-10,96,3716,3812
525,2021-07-11,26,2703,2729
525,2021-07-12,229,3722,3951
525,2021-07-13,155,3910,4065
525,2021-07-14,170,3587,3757
525,2021-07-15,82,2086,2168
525,2021-07-16,143,2059,2202
525,2021-07-17,103,1802,1905
525,2021-07-18,31,1686,1717
525,2021-07-19,174,1903,2077
525,2021-07-20,119,1337,1456
525,2021-07-21,129,1282,1411
525,2021-07-22,105,1244,1349
525,2021-07-23,93,1183,1276
525,2021-07-24,65,974,1039
525,2021-07-25,28,787,815
525,2021-07-26,105,1379,1484
525,2021-07-27,122,2121,2243
525,2021-07-28,132,2458,2590
525,2021-07-29,100,2643,2743
525,2021-07-30,100,2917,3017
525,2021-07-31,75,2393,2468
525,2021-08-01,38,1767,1805
525,2021-08-02,109,2743,2852
525,2021-08-03,109,2728,2837
525,2021-08-04,117,2933,3050
525,2021-08-05,102,2867,2969
525,2021-08-06,115,3015,3130
525,2021-08-07,77,2544,2621
525,2021-08-08,27,1847,1874
525,2021-08-09,96,2794,2890
525,2021-08-10,111,2918,3029
525,2021-08-11,96,2993,3089
525,2021-08-12,109,2985,3094
525,2021-08-13,125,3103,3228
525,2021-08-14,81,2672,2753
525,2021-08-15,59,2155,2214
525,2021-08-16,120,2978,3098
525,2021-08-17,109,2970,3079
525,2021-08-18,123,2997,3120
525,2021-08-19,108,3082,3190
525,2021-08-20,114,3288,3402
525,2021-08-21,98,2887,2985
525,2021-08-22,27,2100,2127
525,2021-08-23,136,3124,3260
525,2021-08-24,196,3094,3290
525,2021-08-25,195,3289,3484
525,2021-08-26,183,3269,3452
525,2021-08-27,143,3347,3490
525,2021-08-28,89,2750,2839
525,2021-08-29,23,1978,2001
525,2021-08-30,176,2979,3155
525,2021-08-31,180,3157,3337
525,2021-09-01,204,3202,3406
525,2021-09-02,181,3248,3429
525,2021-09-03,166,3475,3641
525,2021-09-04,100,3222,3322
525,2021-09-05,23,2572,2595
525,2021-09-06,148,3203,3351
525,2021-09-07,186,3490,3676
525,2021-09-08,178,3604,3782
525,2021-09-09,191,3530,3721
525,2021-09-10,144,3601,3745
525,2021-09-11,83,3466,3549
525,2021-09-12,29,2560,2589
525,2021-09-13,185,3670,3855
525,2021-09-14,189,3548,3737
525,2021-09-15,188,3615,3803
525,2021-09-16,205,3526,3731
525,2021-09-17,197,3829,4026
525,2021-09-18,90,3286,3376
525,2021-09-19,24,2535,2559
525,2021-09-20,212,3297,3509
525,2021-09-21,179,3530,3709
525,2021-09-22,193,3330,3523
525,2021-09-23,183,3327,3510
525,2021-09-24,193,3419,3612
525,2021-09-25,88,2840,2928
525,2021-09-26,23,1876,1899
525,2021-09-27,212,3095,3307
525,2021-09-28,180,3250,3430
525,2021-09-29,164,3139,3303
525,2021-09-30,177,3266,3443
525,2021-10-01,175,3459,3634
525,2021-10-02,74,2968,3042
525,2021-10-03,15,1823,1838
525,2021-10-04,239,3195,3434
525,2021-10-05,179,3208,3387
525,2021-10-06,177,3171,3348
525,2021-10-07,171,3144,3315
525,2021-10-08,294,3425,3719
525,2021-10-09,90,3044,3134
525,2021-10-10,27,2153,2180
525,2021-10-11,198,3106,3304
525,2021-10-12,245,3214,3459
525,2021-10-13,176,3155,3331
525,2021-10-14,185,3270,3455
525,2021-10-15,177,3614,3791
525,2021-10-16,92,3036,3128
525,2021-10-17,27,2015,2042
525,2021-10-18,179,3239,3418
525,2021-10-19,158,3211,3369
525,2021-10-20,149,3220,3369
525,2021-10-21,154,3326,3480
525,2021-10-22,161,3308,3469
525,2021-10-23,104,3144,3248
525,2021-10-24,22,2437,2459
525,2021-10-25,218,3182,3400
525,2021-10-26,247,3583,3830
525,2021-10-27,197,3477,3674
525,2021-10-28,158,3499,3657
525,2021-10-29,186,3642,3828
525,2021-10-30,71,2857,2928
525,2021-11-01,16,1710,1726
525,2021-11-02,98,1461,1559
525,2021-11-03,61,1034,1095
525,2021-11-04,53,946,999
525,2021-11-05,74,1080,1154
525,2021-11-06,50,907,957
525,2021-11-07,13,592,605
525,2021-11-08,99,974,1073
525,2021-11-09,89,1027,1116
525,2021-11-10,79,975,1054
525,2021-11-11,69,953,1022
525,2021-11-12,75,1066,1141
525,2021-11-13,28,987,1015
525,2021-11-14,14,617,631
525,2021-11-15,106,1061,1167
525,2021-11-16,97,944,1041
525,2021-11-17,84,892,976
525,2021-11-18,89,1395,1484
525,2021-11-19,179,2814,2993
525,2021-11-20,70,2711,2781
525,2021-11-21,14,1746,1760
525,2021-11-22,177,2809,2986
525,2021-11-23,198,3102,3300
525,2021-11-24,165,3117,3282
525,2021-11-25,185,3023,3208
525,2021-11-26,170,2983,3153
525,2021-11-27,48,2344,2392
525,2021-11-28,15,1766,1781
525,2021-11-29,179,3094,3273
525,2021-11-30,126,2567,2693
525,2021-12-01,167,3179,3346
525,2021-12-02,193,3318,3511
525,2021-12-03,246,3478,3724
525,2021-12-04,90,2984,3074
525,2021-12-05,11,1846,1857
525,2021-12-06,255,3379,3634
525,2021-12-07,269,3619,3888
525,2021-12-08,200,3439,3639
525,2021-12-09,178,3576,3754
525,2021-12-10,173,3617,3790
525,2021-12-11,81,2847,2928
525,2021-12-12,10,1794,1804
525,2021-12-13,166,3121,3287
525,2021-12-14,170,3373,3543
525,2021-12-15,179,3377,3556
525,2021-12-16,181,3599,3780
525,2021-12-17,169,3530,3699
525,2021-12-18,70,2785,2855
525,2021-12-19,11,1798,1809
525,2021-12-20,95,2858,2953
525,2021-12-21,112,2978,3090
525,2021-12-22,103,3105,3208
525,2021-12-23,94,3065,3159
525,2021-12-24,67,2463,2530
525,2021-12-25,6,1359,1365
525,2021-12-26,6,1212,1218
525,2021-12-27,67,2282,2349
525,2021-12-28,57,2391,2448
525,2021-12-29,76,2547,2623
525,2021-12-30,62,2751,2813
525,2021-12-31,57,2251,2308
600,2021-01-01,13,607,620
600,2021-01-02,27,977,1004
600,2021-01-03,13,716,729
600,2021-01-04,53,1525,1578
600,2021-01-05,55,1555,1610
600,2021-01-06,66,1641,1707
600,2021-01-07,54,1675,1729
600,2021-01-08,79,1731,1810
600,2021-01-09,39,1145,1184
600,2021-01-10,12,849,861
600,2021-01-11,103,1989,2092
600,2021-01-12,97,2036,2133
600,2021-01-13,114,2093,2207
600,2021-01-14,88,1913,2001
600,2021-01-15,115,2142,2257
600,2021-01-16,43,1259,1302
600,2021-01-17,5,801,806
600,2021-01-18,112,2026,2138
600,2021-01-19,94,2085,2179
600,2021-01-20,110,2214,2324
600,2021-01-21,112,2223,2335
600,2021-01-22,122,2406,2528
600,2021-01-23,36,1310,1346
600,2021-01-24,15,742,757
600,2021-01-25,124,2026,2150
600,2021-01-26,135,2134,2269
600,2021-01-27,120,2119,2239
600,2021-01-28,105,2232,2337
600,2021-01-29,124,2128,2252
600,2021-01-30,34,1463,1497
600,2021-02-02,106,2191,2297
600,2021-02-03,121,2165,2286
600,2021-02-04,123,2189,2312
600,2021-02-05,135,2199,2334
600,2021-02-06,33,1409,1442
600,2021-02-07,14,809,823
600,2021-02-08,117,1952,2069
600,2021-02-09,109,1925,2034
600,2021-02-10,94,2018,2112
600,2021-02-11,93,2082,2175
600,2021-02-12,115,2124,2239
600,2021-02-13,66,1461,1527
600,2021-02-14,6,893,899
600,2021-02-15,78,1824,1902
600,2021-02-16,120,1983,2103
600,2021-02-17,106,1965,2071
600,2021-02-18,126,2021,2147
600,2021-02-19,131,2095,2226
600,2021-02-20,50,1505,1555
600,2021-02-21,10,1060,1070
600,2021-02-22,142,2159,2301
600,2021-02-23,136,2295,2431
600,2021-02-24,185,2249,2434
600,2021-02-25,150,2298,2448
600,2021-02-26,116,2289,2405
600,2021-02-27,60,1513,1573
600,2021-03-02,137,2376,2513
600,2021-03-03,125,2263,2388
600,2021-03-04,141,2371,2512
600,2021-03-05,168,2325,2493
600,2021-03-06,53,1466,1519
600,2021-03-07,7,993,1000
600,2021-03-08,157,2184,2341
600,2021-03-09,149,2297,2446
600,2021-03-10,134,2128,2262
600,2021-03-11,132,2238,2370
600,2021-03-12,173,2398,2571
600,2021-03-13,44,1561,1605
600,2021-03-14,19,1001,1020
600,2021-03-15,194,2158,2352
600,2021-03-16,133,2246,2379
600,2021-03-17,169,2112,2281
600,2021-03-18,207,2272,2479
600,2021-03-19,132,2304,2436
600,2021-03-20,52,1557,1609
600,2021-03-21,12,940,952
600,2021-03-22,154,2201,2355
600,2021-03-23,143,2164,2307
600,2021-03-24,160,2351,2511
600,2021-03-25,168,2422,2590
600,2021-03-26,157,2323,2480
600,2021-03-27,43,1464,1507
600,2021-03-29,163,2200,2363
600,2021-03-30,172,2347,2519
600,2021-03-31,163,2355,2518
600,2021-04-01,154,2566,2720
600,2021-04-02,189,2471,2660
600,2021-04-03,8,435,443
600,2021-04-04,13,328,341
600,2021-04-05,15,225,240
600,2021-04-06,36,374,410
600,2021-04-07,26,386,412
600,2021-04-08,22,379,401
600,2021-04-09,10,389,399
600,2021-04-10,5,335,340
600,2021-04-11,3,194,197
600,2021-04-12,24,330,354
600,2021-04-13,24,377,401
600,2021-04-14,26,374,400
600,2021-04-15,14,389,403
600,2021-04-16,16,402,418
600,2021-04-17,12,324,336
600,2021-04-18,3,254,257
600,2021-04-19,158,1781,1939
600,2021-04-20,175,2080,2255
600,2021-04-21,186,2087,2273
600,2021-04-22,135,2201,2336
600,2021-04-23,152,2328,2480
600,2021-04-24,60,1696,1756
600,2021-04-25,11,1368,1379
600,2021-04-26,150,2092,2242
600,2021-04-27,152,2143,2295
600,2021-04-28,136,2299,2435
600,2021-04-29,148,2293,2441
600,2021-04-30,154,2407,2561
600,2021-05-01,17,1211,1228
600,2021-05-02,19,1107,1126
600,2021-05-03,133,2177,2310
600,2021-05-04,143,2266,2409
600,2021-05-05,218,2070,2288
600,2021-05-06,185,2194,2379
600,2021-05-07,169,2297,2466
600,2021-05-08,79,1845,1924
600,2021-05-09,30,1441,1471
600,2021-05-10,175,2161,2336
600,2021-05-11,164,2074,2238
600,2021-05-12,179,2146,2325
600,2021-05-13,59,1288,1347
600,2021-05-14,106,2374,2480
600,2021-05-15,82,1586,1668
600,2021-05-16,40,1052,1092
600,2021-05-17,179,2275,2454
600,2021-05-18,159,2325,2484
600,2021-05-19,179,2254,2433
600,2021-05-20,160,2356,2516
600,2021-05-21,188,2469,2657
600,2021-05-22,92,1612,1704
600,2021-05-23,27,1321,1348
600,2021-05-24,37,937,974
600,2021-05-25,122,2138,2260
600,2021-05-26,140,2119,2259
600,2021-05-27,165,2201,2366
600,2021-05-28,173,2373,2546
600,2021-05-29,90,1892,1982
600,2021-05-30,46,1580,1626
600,2021-05-31,177,2317,2494
600,2021-06-01,182,2506,2688
600,2021-06-02,196,2424,2620
600,2021-06-03,192,2452,2644
600,2021-06-04,246,2394,2640
600,2021-06-05,82,1699,1781
600,2021-06-06,32,1230,1262
600,2021-06-07,216,2273,2489
600,2021-06-08,194,2430,2624
600,2021-06-09,238,2496,2734
600,2021-06-10,211,2529,2740
600,2021-06-11,176,2678,2854
600,2021-06-12,93,2005,2098
600,2021-06-13,28,1655,1683
600,2021-06-14,182,2401,2583
600,2021-06-15,209,2559,2768
600,2021-06-16,225,2533,2758
600,2021-06-17,213,2571,2784
600,2021-06-18,164,2618,2782
600,2021-06-19,108,1808,1916
600,2021-06-20,40,1292,1332
600,2021-06-21,264,2198,2462
600,2021-06-22,159,2416,2575
600,2021-06-23,39,1145,1184
600,2021-06-24,218,2254,2472
600,2021-06-25,172,2586,2758
600,2021-06-26,76,1795,1871
600,2021-06-27,19,1337,1356
600,2021-06-28,166,2427,2593
600,2021-06-29,190,2274,2464
600,2021-06-30,184,2410,2594
600,2021-07-01,156,2441,2597
600,2021-07-02,179,2424,2603
600,2021-07-03,75,1890,1965
600,2021-07-04,31,1256,1287
600,2021-07-05,165,2215,2380
600,2021-07-06,222,2400,2622
600,2021-07-07,209,2247,2456
600,2021-07-08,157,2250,2407
600,2021-07-09,166,2552,2718
600,2021-07-10,87,1760,1847
600,2021-07-11,24,1207,1231
600,2021-07-12,136,1963,2099
600,2021-07-13,144,2085,2229
600,2021-07-14,166,1914,2080
600,2021-07-15,141,2175,2316
600,2021-07-16,138,2023,2161
600,2021-07-17,55,1486,1541
600,2021-07-18,29,1195,1224
600,2021-07-19,127,1924,2051
600,2021-07-20,140,2090,2230
600,2021-07-21,164,2069,2233
600,2021-07-22,152,2104,2256
600,2021-07-23,166,2137,2303
600,2021-07-24,66,1375,1441
600,2021-07-25,46,1126,1172
600,2021-07-26,164,1824,1988
600,2021-07-27,150,1929,2079
600,2021-07-28,163,1951,2114
600,2021-07-29,139,1961,2100
600,2021-07-30,91,1883,1974
600,2021-07-31,70,1383,1453
600,2021-08-01,38,1084,1122
600,2021-08-02,93,1579,1672
600,2021-08-03,102,1618,1720
600,2021-08-04,79,1683,1762
600,2021-08-05,99,1645,1744
600,2021-08-06,73,1643,1716
600,2021-08-07,30,1216,1246
600,2021-08-08,7,1068,1075
600,2021-08-09,76,1508,1584
600,2021-08-10,64,1572,1636
600,2021-08-11,79,1641,1720
600,2021-08-12,80,1696,1776
600,2021-08-13,82,1705,1787
600,2021-08-14,49,1520,1569
600,2021-08-15,25,1196,1221
600,2021-08-16,74,1479,1553
600,2021-08-17,119,1558,1677
600,2021-08-18,91,1564,1655
600,2021-08-19,72,1489,1561
600,2021-08-20,87,1606,1693
600,2021-08-21,67,1494,1561
600,2021-08-22,36,1046,1082
600,2021-09-04,93,1597,1690
600,2021-09-05,27,1387,1414
600,2021-09-06,184,1882,2066
600,2021-09-07,216,2001,2217
600,2021-09-08,225,2059,2284
600,2021-09-09,199,1951,2150
600,2021-09-10,128,2100,2228
600,2021-09-11,59,1439,1498
600,2021-09-12,30,1231,1261
600,2021-09-13,165,1949,2114
600,2021-09-14,206,2055,2261
600,2021-09-15,240,1983,2223
600,2021-09-16,218,2050,2268
600,2021-09-17,181,2177,2358
600,2021-09-18,73,1757,1830
600,2021-09-19,37,1264,1301
600,2021-09-20,156,1787,1943
600,2021-09-21,158,1919,2077
600,2021-09-22,217,2136,2353
600,2021-09-23,194,2135,2329
600,2021-09-24,209,2249,2458
600,2021-09-25,99,1765,1864
600,2021-09-26,28,1092,1120
600,2021-09-27,206,1934,2140
600,2021-09-28,190,1992,2182
600,2021-09-29,198,2076,2274
600,2021-09-30,189,2071,2260
600,2021-10-01,177,2048,2225
600,2021-10-02,72,1415,1487
600,2021-10-03,33,987,1020
600,2021-10-04,170,1855,2025
600,2021-10-05,208,1893,2101
600,2021-10-06,205,1965,2170
600,2021-10-07,224,1907,2131
600,2021-10-08,174,2069,2243
600,2021-10-09,89,1581,1670
600,2021-10-10,38,1097,1135
600,2021-10-11,222,1798,2020
600,2021-10-12,226,1901,2127
600,2021-10-13,231,1904,2135
600,2021-10-14,238,1881,2119
600,2021-10-15,233,1911,2144
600,2021-10-16,82,1540,1622
600,2021-10-17,33,1033,1066
600,2021-10-18,228,1909,2137
600,2021-10-19,167,1859,2026
600,2021-10-20,174,1954,2128
600,2021-10-21,189,1995,2184
600,2021-10-22,190,1989,2179
600,2021-10-23,107,1408,1515
600,2021-10-24,40,1050,1090
600,2021-10-25,167,1794,1961
600,2021-10-26,157,1936,2093
600,2021-10-27,181,1937,2118
600,2021-10-28,167,1994,2161
600,2021-10-29,200,2059,2259
600,2021-10-30,56,1280,1336
600,2021-11-01,30,852,882
600,2021-11-02,151,1481,1632
600,2021-11-03,172,1583,1755
600,2021-11-04,160,1481,1641
600,2021-11-05,296,2041,2337
600,2021-11-06,192,1641,1833
600,2021-11-07,70,1513,1583
600,2021-11-08,312,2216,2528
600,2021-11-09,286,2307,2593
600,2021-11-10,238,2341,2579
600,2021-11-11,231,2313,2544
600,2021-11-12,226,1968,2194
600,2021-11-13,77,1433,1510
600,2021-11-14,34,894,928
600,2021-11-15,207,1908,2115
600,2021-11-16,189,1868,2057
600,2021-11-17,198,1902,2100
600,2021-11-18,195,1875,2070
600,2021-11-19,241,1867,2108
600,2021-11-20,100,1252,1352
600,2021-11-21,29,884,913
600,2021-11-22,199,1766,1965
600,2021-11-23,208,1841,2049
600,2021-11-24,173,1786,1959
600,2021-11-25,190,1952,2142
600,2021-11-26,158,1948,2106
600,2021-11-27,62,1293,1355
600,2021-11-28,26,924,950
600,2021-11-29,213,1815,2028
600,2021-11-30,133,1986,2119
600,2021-12-01,177,2053,2230
600,2021-12-02,156,1982,2138
600,2021-12-03,223,2072,2295
600,2021-12-04,83,1350,1433
600,2021-12-05,30,1013,1043
600,2021-12-06,170,1854,2024
600,2021-12-07,178,2014,2192
600,2021-12-08,182,1975,2157
600,2021-12-09,175,2084,2259
600,2021-12-10,170,2047,2217
600,2021-12-11,72,1287,1359
600,2021-12-12,22,987,1009
600,2021-12-13,183,1934,2117
600,2021-12-14,190,2113,2303
600,2021-12-15,191,2000,2191
600,2021-12-16,175,2064,2239
600,2021-12-17,164,2112,2276
600,2021-12-18,69,1339,1408
600,2021-12-19,34,1009,1043
600,2021-12-20,103,1691,1794
600,2021-12-21,117,1710,1827
600,2021-12-22,96,1660,1756
600,2021-12-23,92,1825,1917
600,2021-12-24,62,1369,1431
600,2021-12-25,20,811,831
600,2021-12-26,24,706,730
600,2021-12-27,67,1321,1388
600,2021-12-28,61,1438,1499
600,2021-12-29,62,1538,1600
600,2021-12-30,64,1416,1480
600,2021-12-31,63,1361,1424
602,2021-01-02,225,4317,4542
602,2021-01-03,108,3584,3692
602,2021-01-04,732,6648,7380
602,2021-01-05,765,6791,7556
602,2021-01-06,814,6548,7362
602,2021-01-07,890,6954,7844
602,2021-01-08,815,6912,7727
602,2021-01-09,313,4675,4988
602,2021-01-10,119,4000,4119
602,2021-01-11,844,8698,9542
602,2021-01-12,807,7585,8392
602,2021-01-13,1010,8319,9329
602,2021-01-14,982,8354,9336
602,2021-01-15,906,8816,9722
602,2021-01-16,337,6111,6448
602,2021-01-17,115,4112,4227
602,2021-01-18,915,8291,9206
602,2021-01-19,1035,8436,9471
602,2021-01-20,1089,8258,9347
602,2021-01-21,1028,8782,9810
602,2021-01-22,1026,9107,10133
602,2021-01-23,376,6101,6477
602,2021-01-24,134,4197,4331
602,2021-01-25,940,8443,9383
602,2021-01-26,1090,8771,9861
602,2021-01-27,936,8048,8984
602,2021-01-28,996,8638,9634
602,2021-01-29,976,9035,10011
602,2021-01-30,307,6014,6321
602,2021-01-31,115,3684,3799
602,2021-02-01,1028,8385,9413
602,2021-02-02,1070,8595,9665
602,2021-02-03,1048,8363,9411
602,2021-02-04,1138,8808,9946
602,2021-02-05,1135,9016,10151
602,2021-02-06,334,5869,6203
602,2021-02-07,115,3743,3858
602,2021-02-08,983,8208,9191
602,2021-02-09,992,8108,9100
602,2021-02-10,981,7969,8950
602,2021-02-11,1015,8432,9447
602,2021-02-12,1030,8876,9906
602,2021-02-13,376,6304,6680
602,2021-02-14,120,4200,4320
602,2021-02-15,862,7424,8286
602,2021-02-16,1089,8501,9590
602,2021-02-17,1085,8218,9303
602,2021-02-18,1217,8271,9488
602,2021-02-19,1130,8576,9706
602,2021-02-20,379,5890,6269
602,2021-02-21,107,4992,5099
602,2021-02-22,1116,8503,9619
602,2021-02-23,1251,8744,9995
602,2021-02-24,1167,8474,9641
602,2021-02-25,1183,9159,10342
602,2021-02-26,1232,9168,10400
602,2021-02-27,431,6135,6566
602,2021-02-28,124,5337,5461
602,2021-03-01,1197,8356,9553
602,2021-03-02,1247,8813,10060
602,2021-03-03,1234,8487,9721
602,2021-03-04,1200,9118,10318
602,2021-03-05,1191,9176,10367
602,2021-03-06,420,6141,6561
602,2021-03-07,126,5266,5392
602,2021-03-08,1220,8459,9679
602,2021-03-09,1223,8448,9671
602,2021-03-10,1264,8217,9481
602,2021-03-11,1148,8773,9921
602,2021-03-12,1243,8961,10204
602,2021-03-13,382,6057,6439
602,2021-03-14,134,4896,5030
602,2021-03-15,1139,8317,9456
602,2021-03-16,1174,8533,9707
602,2021-03-17,1293,8274,9567
602,2021-03-18,1219,8735,9954
602,2021-03-19,1251,9199,10450
602,2021-03-20,407,6062,6469
602,2021-03-21,125,5293,5418
602,2021-03-22,1312,8398,9710
602,2021-03-23,1269,8655,9924
602,2021-03-24,1299,8376,9675
602,2021-03-25,1278,9267,10545
602,2021-03-26,1275,9337,10612
602,2021-03-27,450,6204,6654
602,2021-03-29,1200,8574,9774
602,2021-03-30,1290,8913,10203
602,2021-03-31,1250,8826,10076
602,2021-04-01,1307,9318,10625
602,2021-04-02,1181,10230,11411
602,2021-04-03,412,6673,7085
602,2021-04-04,127,3979,4106
602,2021-04-05,200,4330,4530
602,2021-04-06,1102,8191,9293
602,2021-04-07,1217,8028,9245
602,2021-04-08,1228,8844,10072
602,2021-04-09,1257,9008,10265
602,2021-04-10,414,6157,6571
602,2021-04-11,130,4830,4960
602,2021-04-12,1219,8273,9492
602,2021-04-13,1263,8647,9910
602,2021-04-14,1269,8474,9743
602,2021-04-15,1335,8891,10226
602,2021-04-16,1235,9412,10647
602,2021-04-17,441,6261,6702
602,2021-04-18,151,5484,5635
602,2021-04-19,1312,8467,9779
602,2021-04-20,1282,9024,10306
602,2021-04-21,1326,8700,10026
602,2021-04-22,1275,9230,10505
602,2021-04-23,1278,10216,11494
602,2021-04-24,420,7563,7983
602,2021-04-25,160,7636,7796
602,2021-04-26,1216,8909,10125
602,2021-04-27,1252,9187,10439
602,2021-04-28,1264,8954,10218
602,2021-04-29,1307,9441,10748
602,2021-04-30,1202,10112,11314
602,2021-05-01,220,6968,7188
602,2021-05-02,154,7202,7356
602,2021-05-03,1263,8853,10116
602,2021-05-04,1169,8930,10099
602,2021-05-05,1232,8934,10166
602,2021-05-06,1166,9298,10464
602,2021-05-07,1302,9610,10912
602,2021-05-08,359,6869,7228
602,2021-05-09,187,6522,6709
602,2021-05-10,1180,8673,9853
602,2021-05-11,1197,9199,10396
602,2021-05-12,1254,9730,10984
602,2021-05-13,304,6435,6739
602,2021-05-14,864,8646,9510
602,2021-05-15,412,7309,7721
602,2021-05-16,303,6702,7005
602,2021-05-17,1110,8941,10051
602,2021-05-18,1235,8915,10150
602,2021-05-19,1253,8983,10236
602,2021-05-20,1263,9548,10811
602,2021-05-21,1271,10196,11467
602,2021-05-22,403,7580,7983
602,2021-05-23,160,6734,6894
602,2021-05-24,277,6714,6991
602,2021-05-25,1136,9256,10392
602,2021-05-26,1179,9314,10493
602,2021-05-27,1174,9635,10809
602,2021-05-28,1159,10335,11494
602,2021-05-29,455,7212,7667
602,2021-05-30,206,7386,7592
602,2021-05-31,1223,9171,10394
602,2021-06-01,1254,9391,10645
602,2021-06-02,1289,9157,10446
602,2021-06-03,1264,9899,11163
602,2021-06-04,1244,9700,10944
602,2021-06-05,479,7192,7671
602,2021-06-06,250,6737,6987
602,2021-06-07,1146,8777,9923
602,2021-06-08,1243,9333,10576
602,2021-06-09,1245,9042,10287
602,2021-06-10,1271,9628,10899
602,2021-06-11,1240,10625,11865
602,2021-06-12,480,7634,8114
602,2021-06-13,215,7791,8006
602,2021-06-14,1196,9248,10444
602,2021-06-15,1225,9561,10786
602,2021-06-16,1315,9355,10670
602,2021-06-17,1212,9650,10862
602,2021-06-18,1161,10574,11735
602,2021-06-19,453,7768,8221
602,2021-06-20,224,7301,7525
602,2021-06-21,1188,9264,10452
602,2021-06-22,1261,9604,10865
602,2021-06-23,586,6163,6749
602,2021-06-24,1221,9638,10859
602,2021-06-25,1173,10196,11369
602,2021-06-26,414,7391,7805
602,2021-06-27,217,7172,7389
602,2021-06-28,1163,9159,10322
602,2021-06-29,1189,9426,10615
602,2021-06-30,1234,9307,10541
602,2021-07-01,1265,9988,11253
602,2021-07-02,1279,10093,11372
602,2021-07-03,467,7653,8120
602,2021-07-04,224,7600,7824
602,2021-07-05,1179,9170,10349
602,2021-07-06,1239,9402,10641
602,2021-07-07,1254,9196,10450
602,2021-07-08,1269,9505,10774
602,2021-07-09,1304,10398,11702
602,2021-07-10,458,7686,8144
602,2021-07-11,248,7744,7992
602,2021-07-12,1218,9214,10432
602,2021-07-13,1143,9543,10686
602,2021-07-14,1096,9558,10654
602,2021-07-15,1275,9962,11237
602,2021-07-16,1360,10241,11601
602,2021-07-17,608,7397,8005
602,2021-07-18,249,7499,7748
602,2021-07-19,1339,9440,10779
602,2021-07-20,1322,9604,10926
602,2021-07-21,1193,9459,10652
602,2021-07-22,1373,9906,11279
602,2021-07-23,1423,10853,12276
602,2021-07-24,627,8234,8861
602,2021-07-25,315,7746,8061
602,2021-07-26,1306,9599,10905
602,2021-07-27,1338,9667,11005
602,2021-07-28,1342,9644,10986
602,2021-07-29,1222,10063,11285
602,2021-07-30,1055,10445,11500
602,2021-07-31,612,8159,8771
602,2021-08-01,315,7725,8040
602,2021-08-02,988,8631,9619
602,2021-08-03,927,8488,9415
602,2021-08-04,1048,8355,9403
602,2021-08-05,1030,8560,9590
602,2021-08-06,931,9618,10549
602,2021-08-07,552,7878,8430
602,2021-08-08,304,7873,8177
602,2021-08-09,973,8361,9334
602,2021-08-10,981,8181,9162
602,2021-08-11,984,8323,9307
602,2021-08-12,1050,8678,9728
602,2021-08-13,1057,9618,10675
602,2021-08-14,610,8661,9271
602,2021-08-15,385,8829,9214
602,2021-08-16,1024,8650,9674
602,2021-08-17,1057,8507,9564
602,2021-08-18,1069,8609,9678
602,2021-08-19,1056,8993,10049
602,2021-08-20,1142,9522,10664
602,2021-08-21,598,8071,8669
602,2021-08-22,311,7692,8003
602,2021-08-23,1164,9325,10489
602,2021-08-24,1307,9593,10900
602,2021-08-25,1451,9682,11133
602,2021-08-26,1399,10199,11598
602,2021-08-27,1028,9018,10046
602,2021-08-28,395,6256,6651
602,2021-08-29,268,7322,7590
602,2021-08-30,1243,9581,10824
602,2021-08-31,1333,9603,10936
602,2021-09-01,1404,9283,10687
602,2021-09-02,1336,9908,11244
602,2021-09-03,1335,10934,12269
602,2021-09-04,581,8054,8635
602,2021-09-05,341,8264,8605
602,2021-09-06,1459,9659,11118
602,2021-09-07,1454,9564,11018
602,2021-09-08,1451,9854,11305
602,2021-09-09,1490,10342,11832
602,2021-09-10,1494,11117,12611
602,2021-09-11,576,7698,8274
602,2021-09-12,324,7870,8194
602,2021-09-13,1448,10246,11694
602,2021-09-14,1530,10124,11654
602,2021-09-15,1481,9665,11146
602,2021-09-16,1445,9968,11413
602,2021-09-17,1391,10951,12342
602,2021-09-18,614,8363,8977
602,2021-09-19,327,8203,8530
602,2021-09-20,1394,9496,10890
602,2021-09-21,1476,9439,10915
602,2021-09-22,1530,9634,11164
602,2021-09-23,1556,10994,12550
602,2021-09-24,1471,10676,12147
602,2021-09-25,600,8198,8798
602,2021-09-26,305,7774,8079
602,2021-09-27,1387,9168,10555
602,2021-09-28,1447,9459,10906
602,2021-09-29,1523,9346,10869
602,2021-09-30,1459,9923,11382
602,2021-10-01,1412,11043,12455
602,2021-10-02,495,7755,8250
602,2021-10-03,216,5563,5779
602,2021-10-04,1335,9559,10894
602,2021-10-05,1351,9193,10544
602,2021-10-06,1434,9285,10719
602,2021-10-07,1425,9770,11195
602,2021-10-08,1396,10380,11776
602,2021-10-09,598,7693,8291
602,2021-10-10,271,7785,8056
602,2021-10-11,1520,9101,10621
602,2021-10-12,1555,9222,10777
602,2021-10-13,1618,9087,10705
602,2021-10-14,1533,9709,11242
602,2021-10-15,1497,10483,11980
602,2021-10-16,561,7607,8168
602,2021-10-17,297,7702,7999
602,2021-10-18,1574,9067,10641
602,2021-10-19,1490,9409,10899
602,2021-10-20,1488,9366,10854
602,2021-10-21,1302,9713,11015
602,2021-10-22,1484,10245,11729
602,2021-10-23,527,7464,7991
602,2021-10-24,272,7630,7902
602,2021-10-25,1430,9334,10764
602,2021-10-26,1634,9329,10963
602,2021-10-27,1576,9300,10876
602,2021-10-28,1571,10047,11618
602,2021-10-29,1521,10725,12246
602,2021-10-30,487,7904,8391
602,2021-11-01,346,6504,6850
602,2021-11-02,1343,9309,10652
602,2021-11-03,1309,9010,10319
602,2021-11-04,1397,9576,10973
602,2021-11-05,1341,10326,11667
602,2021-11-06,582,6960,7542
602,2021-11-07,172,6699,6871
602,2021-11-08,1442,9026,10468
602,2021-11-09,1577,9103,10680
602,2021-11-10,1577,9163,10740
602,2021-11-11,1063,9418,10481
602,2021-11-12,1210,9728,10938
602,2021-11-13,377,6998,7375
602,2021-11-14,193,6505,6698
602,2021-11-15,1474,9024,10498
602,2021-11-16,1702,9085,10787
602,2021-11-17,1591,8877,10468
602,2021-11-18,1374,9480,10854
602,2021-11-19,1339,9704,11043
602,2021-11-20,448,7107,7555
602,2021-11-21,159,6240,6399
602,2021-11-22,1463,9019,10482
602,2021-11-23,1581,9230,10811
602,2021-11-24,1509,9039,10548
602,2021-11-25,1468,9685,11153
602,2021-11-26,1323,9351,10674
602,2021-11-27,298,5435,5733
602,2021-11-28,165,6113,6278
602,2021-11-29,1209,8972,10181
602,2021-11-30,1182,9077,10259
602,2021-12-01,1249,9039,10288
602,2021-12-02,1319,9434,10753
602,2021-12-03,1300,10212,11512
602,2021-12-04,391,7032,7423
602,2021-12-05,164,6034,6198
602,2021-12-06,1276,8843,10119
602,2021-12-07,1423,8951,10374
602,2021-12-08,1293,8951,10244
602,2021-12-09,1322,9569,10891
602,2021-12-10,832,6595,7427
602,2021-12-11,382,6804,7186
602,2021-12-12,145,5883,6028
602,2021-12-13,1149,9407,10556
602,2021-12-14,1372,9428,10800
602,2021-12-15,1247,9181,10428
602,2021-12-16,1213,9828,11041
602,2021-12-17,1189,10355,11544
602,2021-12-18,396,7371,7767
602,2021-12-19,136,6614,6750
602,2021-12-20,911,9373,10284
602,2021-12-21,970,9629,10599
602,2021-12-22,929,9820,10749
602,2021-12-23,723,10192,10915
602,2021-12-24,449,7278,7727
602,2021-12-25,95,2373,2468
602,2021-12-26,118,4161,4279
602,2021-12-27,554,7147,7701
602,2021-12-28,558,7548,8106
602,2021-12-29,548,7930,8478
602,2021-12-30,517,8517,9034
602,2021-12-31,389,6854,7243
603,2021-01-02,75,1976,2051
603,2021-01-03,24,1803,1827
603,2021-01-04,186,3175,3361
603,2021-01-05,264,3421,3685
603,2021-01-06,241,3387,3628
603,2021-01-07,267,3465,3732
603,2021-01-08,226,3624,3850
603,2021-01-09,96,2288,2384
603,2021-01-10,29,1954,1983
603,2021-01-11,346,4358,4704
603,2021-01-12,178,2919,3097
603,2021-01-13,361,4457,4818
603,2021-01-14,290,4199,4489
603,2021-01-15,360,4488,4848
603,2021-01-16,112,2744,2856
603,2021-01-17,34,1883,1917
603,2021-01-18,310,4283,4593
603,2021-01-19,367,4443,4810
603,2021-01-20,360,4477,4837
603,2021-01-21,400,4591,4991
603,2021-01-22,417,4610,5027
603,2021-01-23,141,2944,3085
603,2021-01-24,35,2010,2045
603,2021-01-25,383,4417,4800
603,2021-01-26,396,4514,4910
603,2021-01-27,326,4310,4636
603,2021-01-28,312,4553,4865
603,2021-01-29,327,4724,5051
603,2021-01-30,94,2896,2990
603,2021-01-31,31,1936,1967
603,2021-02-01,358,4412,4770
603,2021-02-02,380,4416,4796
603,2021-02-03,353,4459,4812
603,2021-02-04,389,4675,5064
603,2021-02-05,359,4755,5114
603,2021-02-06,130,2835,2965
603,2021-02-07,27,2017,2044
603,2021-02-08,382,4060,4442
603,2021-02-09,359,4049,4408
603,2021-02-10,358,3918,4276
603,2021-02-24,186,2473,2659
603,2021-02-25,476,4858,5334
603,2021-02-26,465,4834,5299
603,2021-02-27,179,3223,3402
603,2021-02-28,30,2409,2439
603,2021-03-01,424,4510,4934
603,2021-03-02,459,4823,5282
603,2021-03-03,489,4746,5235
603,2021-03-04,398,4836,5234
603,2021-03-05,442,4917,5359
603,2021-03-06,174,3244,3418
603,2021-03-07,21,2573,2594
603,2021-03-08,473,4676,5149
603,2021-03-09,432,4637,5069
603,2021-03-10,460,4525,4985
603,2021-03-11,411,4764,5175
603,2021-03-12,410,4774,5184
603,2021-03-13,118,3208,3326
603,2021-03-14,22,2125,2147
603,2021-03-15,433,4655,5088
603,2021-03-16,462,4629,5091
603,2021-03-17,404,4553,4957
603,2021-03-18,467,4856,5323
603,2021-03-19,432,4814,5246
603,2021-03-20,148,3276,3424
603,2021-03-21,39,2312,2351
603,2021-03-22,473,4404,4877
603,2021-03-23,458,4676,5134
603,2021-03-24,428,4731,5159
603,2021-03-25,398,4813,5211
603,2021-03-26,524,5053,5577
603,2021-03-27,135,3126,3261
603,2021-03-29,432,4707,5139
603,2021-03-30,467,5028,5495
603,2021-03-31,481,5109,5590
603,2021-04-01,466,5271,5737
603,2021-04-02,515,5198,5713
603,2021-04-03,238,3575,3813
603,2021-04-04,21,2566,2587
603,2021-04-05,48,2092,2140
603,2021-04-06,336,4249,4585
603,2021-04-07,341,4418,4759
603,2021-04-08,392,4912,5304
603,2021-04-09,438,4819,5257
603,2021-04-10,138,3216,3354
603,2021-04-11,28,2329,2357
603,2021-04-12,362,4318,4680
603,2021-04-13,415,4806,5221
603,2021-04-14,423,4686,5109
603,2021-04-15,464,4816,5280
603,2021-04-16,460,4856,5316
603,2021-04-17,202,3331,3533
603,2021-04-18,29,2606,2635
603,2021-04-19,447,4708,5155
603,2021-04-20,600,5062,5662
603,2021-04-21,548,5011,5559
603,2021-04-22,586,5068,5654
603,2021-04-23,626,5382,6008
603,2021-04-24,185,3755,3940
603,2021-04-25,62,3272,3334
603,2021-04-26,416,4909,5325
603,2021-04-27,505,4982,5487
603,2021-04-28,498,4979,5477
603,2021-04-29,540,5134,5674
603,2021-04-30,473,5326,5799
603,2021-05-01,107,3038,3145
603,2021-05-02,35,2967,3002
603,2021-05-03,448,4782,5230
603,2021-05-04,449,4914,5363
603,2021-05-05,432,4917,5349
603,2021-05-06,452,5038,5490
603,2021-05-07,480,5219,5699
603,2021-05-08,202,3728,3930
603,2021-05-09,55,3106,3161
603,2021-05-10,494,4806,5300
603,2021-05-11,532,5211,5743
603,2021-05-12,523,5268,5791
603,2021-05-13,101,3052,3153
603,2021-05-14,360,4803,5163
603,2021-05-15,175,3342,3517
603,2021-05-16,73,2848,2921
603,2021-05-17,447,4826,5273
603,2021-05-18,517,5138,5655
603,2021-05-19,506,5049,5555
603,2021-05-20,467,5206,5673
603,2021-05-21,599,5367,5966
603,2021-05-22,137,3552,3689
603,2021-05-23,81,2903,2984
603,2021-05-24,79,2353,2432
603,2021-05-25,399,4506,4905
603,2021-05-26,422,4606,5028
603,2021-05-27,452,4658,5110
603,2021-05-28,515,4945,5460
603,2021-05-29,209,3826,4035
603,2021-05-30,101,3357,3458
603,2021-05-31,561,4837,5398
603,2021-06-01,589,5218,5807
603,2021-06-02,525,5106,5631
603,2021-06-03,469,5208,5677
603,2021-06-04,483,5365,5848
603,2021-06-05,190,3662,3852
603,2021-06-06,75,3176,3251
603,2021-06-07,513,4948,5461
603,2021-06-08,619,5315,5934
603,2021-06-09,599,5332,5931
603,2021-06-10,501,5599,6100
603,2021-06-11,506,5721,6227
603,2021-06-12,216,4047,4263
603,2021-06-13,99,3589,3688
603,2021-06-14,434,5181,5615
603,2021-06-15,471,5349,5820
603,2021-06-16,505,5246,5751
603,2021-06-17,517,5438,5955
603,2021-06-18,501,5589,6090
603,2021-06-19,210,3934,4144
603,2021-06-20,80,3170,3250
603,2021-06-21,436,5031,5467
603,2021-06-22,528,5246,5774
603,2021-06-23,110,2795,2905
603,2021-06-24,493,4965,5458
603,2021-06-25,493,5406,5899
603,2021-06-26,222,3804,4026
603,2021-06-27,84,2892,2976
603,2021-06-28,459,5162,5621
603,2021-06-29,547,5198,5745
603,2021-06-30,442,5215,5657
603,2021-07-01,538,5430,5968
603,2021-07-02,479,5548,6027
603,2021-07-03,192,3755,3947
603,2021-07-04,57,3034,3091
603,2021-07-05,471,5215,5686
603,2021-07-06,517,5526,6043
603,2021-07-07,462,5508,5970
603,2021-07-08,498,5624,6122
603,2021-07-09,543,5714,6257
603,2021-07-10,164,3739,3903
603,2021-07-11,47,3385,3432
603,2021-07-12,425,5156,5581
603,2021-07-13,420,5224,5644
603,2021-07-14,363,5505,5868
603,2021-07-15,458,5392,5850
603,2021-07-16,530,5345,5875
603,2021-07-17,225,3762,3987
603,2021-07-18,92,3426,3518
603,2021-07-19,448,4890,5338
603,2021-07-20,458,5394,5852
603,2021-07-21,401,5195,5596
603,2021-07-22,498,5293,5791
603,2021-07-23,477,5286,5763
603,2021-07-24,152,3728,3880
603,2021-07-25,63,3094,3157
603,2021-07-26,384,4614,4998
603,2021-07-27,416,4694,5110
603,2021-07-28,478,5085,5563
603,2021-07-29,384,5049,5433
603,2021-07-30,377,4979,5356
603,2021-07-31,178,3454,3632
603,2021-08-01,57,2902,2959
603,2021-08-02,291,4183,4474
603,2021-08-03,308,4270,4578
603,2021-08-04,311,4388,4699
603,2021-08-05,326,4332,4658
603,2021-08-06,266,4381,4647
603,2021-08-07,129,3239,3368
603,2021-08-08,65,2889,2954
603,2021-08-09,285,3873,4158
603,2021-08-10,278,4051,4329
603,2021-08-11,312,4289,4601
603,2021-08-12,342,4381,4723
603,2021-08-13,335,4381,4716
603,2021-08-14,259,3615,3874
603,2021-08-15,172,3200,3372
603,2021-08-16,300,3899,4199
603,2021-08-17,369,4178,4547
603,2021-08-18,272,4255,4527
603,2021-08-19,328,4252,4580
603,2021-08-20,353,4517,4870
603,2021-08-21,175,3485,3660
603,2021-08-22,50,2960,3010
603,2021-08-23,372,4656,5028
603,2021-08-24,406,4936,5342
603,2021-08-25,527,5015,5542
603,2021-08-26,466,4960,5426
603,2021-08-27,495,5303,5798
603,2021-08-28,169,3563,3732
603,2021-08-29,66,2855,2921
603,2021-08-30,425,4185,4610
603,2021-08-31,442,4069,4511
603,2021-09-01,524,4242,4766
603,2021-09-02,499,4418,4917
603,2021-09-03,541,4995,5536
603,2021-09-04,260,3650,3910
603,2021-09-05,139,3407,3546
603,2021-09-06,635,4575,5210
603,2021-09-07,603,4804,5407
603,2021-09-08,528,4880,5408
603,2021-09-09,508,4921,5429
603,2021-09-10,557,4998,5555
603,2021-09-11,172,3593,3765
603,2021-09-12,78,3241,3319
603,2021-09-13,480,4913,5393
603,2021-09-14,490,5045,5535
603,2021-09-15,456,5277,5733
603,2021-09-16,508,5443,5951
603,2021-09-17,550,5709,6259
603,2021-09-18,208,4285,4493
603,2021-09-19,62,3702,3764
603,2021-09-20,526,5313,5839
603,2021-09-21,581,5330,5911
603,2021-09-22,557,5515,6072
603,2021-09-23,514,5392,5906
603,2021-09-24,595,5573,6168
603,2021-09-25,216,4026,4242
603,2021-09-26,73,3364,3437
603,2021-09-27,477,5112,5589
603,2021-09-28,577,5374,5951
603,2021-09-29,520,5493,6013
603,2021-09-30,494,5665,6159
603,2021-10-01,569,5583,6152
603,2021-10-02,186,3866,4052
603,2021-10-03,46,3185,3231
603,2021-10-04,501,5222,5723
603,2021-10-05,449,5427,5876
603,2021-10-06,514,5449,5963
603,2021-10-07,454,5607,6061
603,2021-10-08,604,5725,6329
603,2021-10-09,259,4043,4302
603,2021-10-10,122,3347,3469
603,2021-10-12,480,5187,5667
603,2021-10-13,481,5191,5672
603,2021-10-14,613,5451,6064
603,2021-10-15,565,5497,6062
603,2021-10-16,311,3979,4290
603,2021-10-17,102,3359,3461
603,2021-10-18,582,5243,5825
603,2021-10-19,535,5413,5948
603,2021-10-20,462,5253,5715
603,2021-10-21,446,5368,5814
603,2021-10-22,539,5561,6100
603,2021-10-23,294,3820,4114
603,2021-10-24,72,3405,3477
603,2021-10-25,514,5272,5786
603,2021-10-26,536,5443,5979
603,2021-10-27,567,5418,5985
603,2021-10-28,528,5688,6216
603,2021-10-29,512,5860,6372
603,2021-10-30,179,3874,4053
603,2021-11-01,79,2853,2932
603,2021-11-02,459,4984,5443
603,2021-11-03,419,5151,5570
603,2021-11-04,429,5144,5573
603,2021-11-05,451,5217,5668
603,2021-11-06,289,3650,3939
603,2021-11-07,86,2777,2863
603,2021-11-12,464,5194,5658
603,2021-11-13,191,3734,3925
603,2021-11-14,65,2863,2928
603,2021-11-15,446,4998,5444
603,2021-11-16,490,5155,5645
603,2021-11-17,504,5078,5582
603,2021-11-18,453,5340,5793
603,2021-11-19,504,5610,6114
603,2021-11-20,209,4133,4342
603,2021-11-21,77,3228,3305
603,2021-11-22,469,5054,5523
603,2021-11-23,488,5254,5742
603,2021-11-24,485,5044,5529
603,2021-11-25,573,5339,5912
603,2021-11-26,484,5136,5620
603,2021-11-27,123,3284,3407
603,2021-11-28,51,2641,2692
603,2021-11-29,468,4849,5317
603,2021-11-30,377,5010,5387
603,2021-12-01,543,5056,5599
603,2021-12-02,421,5023,5444
603,2021-12-03,470,5110,5580
603,2021-12-04,145,3350,3495
603,2021-12-05,61,2884,2945
603,2021-12-06,378,4571,4949
603,2021-12-07,451,4946,5397
603,2021-12-08,544,4893,5437
603,2021-12-09,462,5145,5607
603,2021-12-10,436,5143,5579
603,2021-12-11,146,3512,3658
603,2021-12-12,51,2703,2754
603,2021-12-13,481,4924,5405
603,2021-12-14,489,5062,5551
603,2021-12-15,480,5085,5565
603,2021-12-16,453,5257,5710
603,2021-12-17,471,5306,5777
603,2021-12-18,114,3548,3662
603,2021-12-19,59,2795,2854
603,2021-12-20,334,4312,4646
603,2021-12-21,341,4150,4491
603,2021-12-22,286,4366,4652
603,2021-12-23,256,4276,4532
603,2021-12-24,141,3270,3411
603,2021-12-25,35,1743,1778
603,2021-12-26,35,1831,1866
603,2021-12-27,187,3130,3317
603,2021-12-28,195,3284,3479
603,2021-12-29,164,3550,3714
603,2021-12-30,182,3542,3724
603,2021-12-31,165,3100,3265
604,2021-01-01,25,1210,1235
604,2021-01-02,128,2587,2715
604,2021-01-03,36,2137,2173
604,2021-01-04,330,4293,4623
604,2021-01-05,405,4336,4741
604,2021-01-06,399,4335,4734
604,2021-01-07,452,4566,5018
604,2021-01-08,412,4601,5013
604,2021-01-09,136,3100,3236
604,2021-01-10,24,2524,2548
604,2021-01-11,520,5548,6068
604,2021-01-12,457,5431,5888
604,2021-01-13,501,5442,5943
604,2021-01-14,489,5251,5740
604,2021-01-15,477,5491,5968
604,2021-01-16,161,3718,3879
604,2021-01-17,41,2474,2515
604,2021-01-18,477,5470,5947
604,2021-01-19,489,5412,5901
604,2021-01-20,533,5552,6085
604,2021-01-21,559,5854,6413
604,2021-01-22,574,5977,6551
604,2021-01-23,159,3878,4037
604,2021-01-24,31,2392,2423
604,2021-01-25,537,5429,5966
604,2021-01-26,558,5711,6269
604,2021-01-27,537,5262,5799
604,2021-01-28,474,5722,6196
604,2021-01-29,553,6448,7001
604,2021-01-30,128,3852,3980
604,2021-01-31,36,2297,2333
604,2021-02-02,540,5470,6010
604,2021-02-03,533,5599,6132
604,2021-02-04,532,5775,6307
604,2021-02-05,518,5997,6515
604,2021-02-06,162,3862,4024
604,2021-02-07,22,2460,2482
604,2021-02-08,484,5051,5535
604,2021-02-09,483,5159,5642
604,2021-02-10,539,5279,5818
604,2021-02-11,524,5393,5917
604,2021-02-12,483,5669,6152
604,2021-02-13,173,3914,4087
604,2021-02-14,43,2619,2662
604,2021-02-15,443,4728,5171
604,2021-02-16,496,5413,5909
604,2021-02-17,507,5418,5925
604,2021-02-18,538,5502,6040
604,2021-02-19,523,5564,6087
604,2021-02-20,214,3938,4152
604,2021-02-21,23,2998,3021
604,2021-02-22,539,5649,6188
604,2021-02-23,563,5841,6404
604,2021-02-24,601,5715,6316
604,2021-02-25,573,6116,6689
604,2021-02-26,567,6035,6602
604,2021-02-27,184,4202,4386
604,2021-02-28,44,3029,3073
604,2021-03-01,541,5613,6154
604,2021-03-02,581,5712,6293
604,2021-03-03,621,5677,6298
604,2021-03-04,593,6013,6606
604,2021-03-05,568,5908,6476
604,2021-03-06,194,4128,4322
604,2021-03-07,26,3128,3154
604,2021-03-08,570,5663,6233
604,2021-03-09,594,5677,6271
604,2021-03-10,590,5715,6305
604,2021-03-11,548,5801,6349
604,2021-03-12,554,6056,6610
604,2021-03-13,209,4199,4408
604,2021-03-14,41,2858,2899
604,2021-03-15,584,5861,6445
604,2021-03-16,584,5643,6227
604,2021-03-17,574,5606,6180
604,2021-03-18,591,5967,6558
604,2021-03-19,626,6007,6633
604,2021-03-20,238,4164,4402
604,2021-03-21,24,3034,3058
604,2021-03-22,576,5564,6140
604,2021-03-23,541,5757,6298
604,2021-03-24,571,5714,6285
604,2021-03-25,569,5892,6461
604,2021-03-26,598,6360,6958
604,2021-03-27,175,4081,4256
604,2021-03-29,576,5739,6315
604,2021-03-30,615,5940,6555
604,2021-03-31,636,6079,6715
604,2021-04-01,593,6280,6873
604,2021-04-02,567,6398,6965
604,2021-04-03,213,4508,4721
604,2021-04-04,34,2764,2798
604,2021-04-05,56,2517,2573
604,2021-04-06,508,5072,5580
604,2021-04-07,536,5182,5718
604,2021-04-08,568,5873,6441
604,2021-04-09,590,5925,6515
604,2021-04-10,166,4073,4239
604,2021-04-11,39,2718,2757
604,2021-04-12,563,5502,6065
604,2021-04-13,606,5768,6374
604,2021-04-14,615,5749,6364
604,2021-04-15,588,5926,6514
604,2021-04-16,582,6070,6652
604,2021-04-17,221,4222,4443
604,2021-04-18,44,3221,3265
604,2021-04-19,622,5949,6571
604,2021-04-20,603,6236,6839
604,2021-04-21,639,6129,6768
604,2021-04-22,597,6291,6888
604,2021-04-23,619,6743,7362
604,2021-04-24,205,4942,5147
604,2021-04-25,47,4147,4194
604,2021-04-26,596,6127,6723
604,2021-04-27,623,6278,6901
604,2021-04-28,589,6107,6696
604,2021-04-29,616,6492,7108
604,2021-04-30,584,6708,7292
604,2021-05-01,84,4019,4103
604,2021-05-02,50,3877,3927
604,2021-05-03,583,5767,6350
604,2021-05-04,625,6044,6669
604,2021-05-05,644,6173,6817
604,2021-05-06,582,6235,6817
604,2021-05-07,622,6540,7162
604,2021-05-08,187,4636,4823
604,2021-05-09,117,3937,4054
604,2021-05-10,601,5993,6594
604,2021-05-11,672,6115,6787
604,2021-05-12,628,6467,7095
604,2021-05-13,153,3682,3835
604,2021-05-14,475,5590,6065
604,2021-05-15,247,4675,4922
604,2021-05-16,133,3643,3776
604,2021-05-17,593,6013,6606
604,2021-05-18,581,6118,6699
604,2021-05-19,615,6139,6754
604,2021-05-20,608,6397,7005
604,2021-05-21,727,6742,7469
604,2021-05-22,267,4739,5006
604,2021-05-23,98,3818,3916
604,2021-05-24,141,3376,3517
604,2021-05-25,536,6227,6763
604,2021-05-26,559,6023,6582
604,2021-05-27,552,6138,6690
604,2021-05-28,549,6455,7004
604,2021-05-29,291,4798,5089
604,2021-05-30,135,4250,4385
604,2021-05-31,643,6375,7018
604,2021-06-01,680,6566,7246
604,2021-06-02,632,6384,7016
604,2021-06-03,576,6376,6952
604,2021-06-04,576,6402,6978
604,2021-06-05,259,4824,5083
604,2021-06-06,136,3988,4124
604,2021-06-07,648,6221,6869
604,2021-06-08,723,6489,7212
604,2021-06-09,620,6272,6892
604,2021-06-10,665,6724,7389
604,2021-06-11,622,7096,7718
604,2021-06-12,243,5419,5662
604,2021-06-13,88,4504,4592
604,2021-06-14,607,6370,6977
604,2021-06-15,617,6631,7248
604,2021-06-16,604,6482,7086
604,2021-06-17,572,6735,7307
604,2021-06-18,581,6979,7560
604,2021-06-19,243,5187,5430
604,2021-06-20,120,4122,4242
604,2021-06-21,577,6299,6876
604,2021-06-22,596,6398,6994
604,2021-06-23,194,3907,4101
604,2021-06-24,606,6343,6949
604,2021-06-25,566,6618,7184
604,2021-06-26,257,4879,5136
604,2021-06-27,143,3953,4096
604,2021-06-28,612,6168,6780
604,2021-06-29,554,6337,6891
604,2021-06-30,568,6302,6870
604,2021-07-01,601,6715,7316
604,2021-07-02,592,6692,7284
604,2021-07-03,257,5065,5322
604,2021-07-04,113,4069,4182
604,2021-07-05,607,6262,6869
604,2021-07-06,541,6512,7053
604,2021-07-07,577,6375,6952
604,2021-07-08,591,6401,6992
604,2021-07-09,576,6788,7364
604,2021-07-10,251,4856,5107
604,2021-07-11,88,4221,4309
604,2021-07-12,533,6163,6696
604,2021-07-13,514,6217,6731
604,2021-07-14,496,6036,6532
604,2021-07-15,481,6344,6825
604,2021-07-16,564,6481,7045
604,2021-07-17,309,4821,5130
604,2021-07-18,125,4174,4299
604,2021-07-19,510,5916,6426
604,2021-07-20,570,6194,6764
604,2021-07-21,507,6181,6688
604,2021-07-22,577,6097,6674
604,2021-07-23,539,6297,6836
604,2021-07-24,249,4781,5030
604,2021-07-25,106,3907,4013
604,2021-07-26,497,5605,6102
604,2021-07-27,455,5634,6089
604,2021-07-28,547,5762,6309
604,2021-07-29,456,5708,6164
604,2021-07-30,471,5759,6230
604,2021-07-31,280,4063,4343
604,2021-08-01,127,3555,3682
604,2021-08-02,380,4778,5158
604,2021-08-03,373,4939,5312
604,2021-08-04,405,4816,5221
604,2021-08-05,405,5000,5405
604,2021-08-06,359,4990,5349
604,2021-08-07,211,4434,4645
604,2021-08-08,110,3962,4072
604,2021-08-09,370,4588,4958
604,2021-08-10,343,4712,5055
604,2021-08-11,385,4788,5173
604,2021-08-12,397,4938,5335
604,2021-08-13,433,5323,5756
604,2021-08-14,283,4637,4920
604,2021-08-15,192,4104,4296
604,2021-08-16,432,4724,5156
604,2021-08-17,433,4921,5354
604,2021-08-18,376,5013,5389
604,2021-08-19,416,5016,5432
604,2021-08-20,419,5220,5639
604,2021-08-21,254,4171,4425
604,2021-08-22,91,3743,3834
604,2021-08-23,469,5456,5925
604,2021-08-24,502,5677,6179
604,2021-08-25,549,5623,6172
604,2021-08-26,536,5849,6385
604,2021-08-27,563,6273,6836
604,2021-08-28,243,4489,4732
604,2021-08-29,114,3521,3635
604,2021-08-30,474,5432,5906
604,2021-08-31,498,5488,5986
604,2021-09-01,494,5672,6166
604,2021-09-02,558,6106,6664
604,2021-09-03,567,6259,6826
604,2021-09-04,268,4665,4933
604,2021-09-05,143,3980,4123
604,2021-09-06,590,6004,6594
604,2021-09-07,552,6119,6671
604,2021-09-08,580,6330,6910
604,2021-09-09,581,6279,6860
604,2021-09-10,527,6622,7149
604,2021-09-11,267,4456,4723
604,2021-09-12,127,4006,4133
604,2021-09-13,529,6480,7009
604,2021-09-14,623,6775,7398
604,2021-09-15,569,6233,6802
604,2021-09-16,626,6432,7058
604,2021-09-17,654,6744,7398
604,2021-09-18,240,5029,5269
604,2021-09-19,111,4116,4227
604,2021-09-20,542,6091,6633
604,2021-09-21,608,6192,6800
604,2021-09-22,690,7106,7796
604,2021-09-23,638,7172,7810
604,2021-09-24,616,6596,7212
604,2021-09-25,261,5005,5266
604,2021-09-26,119,3903,4022
604,2021-09-27,601,5986,6587
604,2021-09-28,727,6418,7145
604,2021-09-29,603,6375,6978
604,2021-09-30,618,6652,7270
604,2021-10-01,570,6688,7258
604,2021-10-02,234,4897,5131
604,2021-10-03,96,3676,3772
604,2021-10-04,606,6198,6804
604,2021-10-05,599,6298,6897
604,2021-10-06,607,6211,6818
604,2021-10-07,603,6439,7042
604,2021-10-08,637,6683,7320
604,2021-10-09,250,4748,4998
604,2021-10-10,143,4050,4193
604,2021-10-11,668,6032,6700
604,2021-10-12,636,6210,6846
604,2021-10-13,627,6201,6828
604,2021-10-14,655,6505,7160
604,2021-10-15,620,6607,7227
604,2021-10-16,330,4692,5022
604,2021-10-17,133,3708,3841
604,2021-10-18,631,6170,6801
604,2021-10-19,530,6114,6644
604,2021-10-20,607,6189,6796
604,2021-10-21,550,6136,6686
604,2021-10-22,621,6888,7509
604,2021-10-23,251,4672,4923
604,2021-10-24,141,4132,4273
604,2021-10-25,634,6143,6777
604,2021-10-26,667,6157,6824
604,2021-10-27,659,6200,6859
604,2021-10-28,647,6643,7290
604,2021-10-29,630,6757,7387
604,2021-10-30,241,4672,4913
604,2021-11-01,134,3315,3449
604,2021-11-02,502,5486,5988
604,2021-11-03,532,5708,6240
604,2021-11-04,535,5779,6314
604,2021-11-05,515,5981,6496
604,2021-11-06,253,4342,4595
604,2021-11-07,111,3230,3341
604,2021-11-08,572,5891,6463
604,2021-11-09,584,5892,6476
604,2021-11-10,598,6002,6600
604,2021-11-11,463,5873,6336
604,2021-11-12,531,6306,6837
604,2021-11-13,206,4681,4887
604,2021-11-14,105,3400,3505
604,2021-11-15,597,5874,6471
604,2021-11-16,616,6093,6709
604,2021-11-17,640,5887,6527
604,2021-11-18,598,6244,6842
604,2021-11-19,588,6343,6931
604,2021-11-20,239,4765,5004
604,2021-11-21,106,3408,3514
604,2021-11-22,585,5990,6575
604,2021-11-23,611,6034,6645
604,2021-11-24,646,5937,6583
604,2021-11-25,588,6285,6873
604,2021-11-26,539,6481,7020
604,2021-11-27,227,4339,4566
604,2021-11-28,93,3427,3520
604,2021-11-29,562,6018,6580
604,2021-11-30,499,6027,6526
604,2021-12-01,570,5895,6465
604,2021-12-02,534,6154,6688
604,2021-12-03,529,6261,6790
604,2021-12-04,189,4355,4544
604,2021-12-05,101,3265,3366
604,2021-12-06,528,5816,6344
604,2021-12-07,604,6088,6692
604,2021-12-08,582,5938,6520
604,2021-12-09,576,6292,6868
604,2021-12-10,531,6121,6652
604,2021-12-11,221,4267,4488
604,2021-12-12,84,3190,3274
604,2021-12-13,527,6091,6618
604,2021-12-14,548,6297,6845
604,2021-12-15,582,6217,6799
604,2021-12-16,538,6500,7038
604,2021-12-17,590,6556,7146
604,2021-12-18,205,4407,4612
604,2021-12-19,93,3443,3536
604,2021-12-20,450,5835,6285
604,2021-12-21,457,6015,6472
604,2021-12-22,396,6107,6503
604,2021-12-23,333,6178,6511
604,2021-12-24,196,4415,4611
604,2021-12-25,72,1666,1738
604,2021-12-26,79,2256,2335
604,2021-12-27,230,4122,4352
604,2021-12-28,248,4255,4503
604,2021-12-29,235,4430,4665
604,2021-12-30,232,4602,4834
604,2021-12-31,207,4087,4294
605,2021-08-24,319,3796,4115
605,2021-08-25,400,3916,4316
605,2021-08-26,401,3830,4231
605,2021-08-27,452,4135,4587
605,2021-08-28,121,2595,2716
605,2021-08-29,36,1583,1619
605,2021-08-30,402,3103,3505
605,2021-08-31,401,2932,3333
605,2021-09-01,410,2869,3279
605,2021-09-02,433,2890,3323
605,2021-09-03,497,3516,4013
605,2021-09-04,96,2253,2349
605,2021-09-05,72,1977,2049
605,2021-09-11,85,2190,2275
605,2021-09-12,30,1932,1962
605,2021-09-13,512,4523,5035
605,2021-09-14,587,4494,5081
605,2021-09-15,421,3843,4264
605,2021-09-16,457,4065,4522
605,2021-09-17,456,4077,4533
605,2021-09-18,130,2604,2734
605,2021-09-19,51,2123,2174
605,2021-09-20,442,3849,4291
605,2021-09-21,537,4114,4651
605,2021-09-22,519,4090,4609
605,2021-09-23,507,4196,4703
605,2021-09-24,484,4130,4614
605,2021-09-25,102,2602,2704
605,2021-09-26,32,1907,1939
605,2021-09-27,464,3775,4239
605,2021-09-28,508,4025,4533
605,2021-09-29,494,4121,4615
605,2021-09-30,448,3907,4355
605,2021-10-01,378,4023,4401
605,2021-10-02,96,2368,2464
605,2021-10-03,8,1657,1665
605,2021-10-04,435,3627,4062
605,2021-10-05,425,3794,4219
605,2021-10-06,452,3848,4300
605,2021-10-07,431,4030,4461
605,2021-10-08,506,4076,4582
605,2021-10-09,128,2450,2578
605,2021-10-10,92,1804,1896
605,2021-10-11,493,3749,4242
605,2021-10-12,512,4046,4558
605,2021-10-13,479,3850,4329
605,2021-10-14,521,3871,4392
605,2021-10-15,422,3830,4252
605,2021-10-16,103,2285,2388
605,2021-10-17,58,1890,1948
605,2021-10-18,516,3640,4156
605,2021-10-19,404,3918,4322
605,2021-10-20,461,3854,4315
605,2021-10-21,463,3988,4451
605,2021-10-22,408,3893,4301
605,2021-10-23,166,2202,2368
605,2021-10-24,63,1764,1827
605,2021-10-25,403,3721,4124
605,2021-10-26,456,3967,4423
605,2021-10-27,463,3845,4308
605,2021-10-28,481,4010,4491
605,2021-10-29,469,4057,4526
605,2021-10-30,123,2318,2441
605,2021-11-01,56,1693,1749
605,2021-11-02,448,3592,4040
605,2021-11-03,435,3562,3997
605,2021-11-04,519,3533,4052
605,2021-11-05,458,3209,3667
605,2021-11-06,150,1940,2090
605,2021-11-07,31,1351,1382
605,2021-11-08,438,3857,4295
605,2021-11-09,490,3779,4269
605,2021-11-10,550,3583,4133
605,2021-11-11,401,3558,3959
605,2021-11-12,449,3578,4027
605,2021-11-13,103,2074,2177
605,2021-11-14,27,1606,1633
605,2021-11-15,459,3543,4002
605,2021-11-16,483,3844,4327
605,2021-11-17,441,3699,4140
605,2021-11-18,433,3770,4203
605,2021-11-19,432,3814,4246
605,2021-11-20,73,2273,2346
605,2021-11-21,19,1721,1740
605,2021-11-22,435,3768,4203
605,2021-11-23,518,3847,4365
605,2021-11-24,486,3826,4312
605,2021-11-25,511,3845,4356
605,2021-11-26,450,3640,4090
605,2021-11-27,58,2017,2075
605,2021-11-28,14,1452,1466
605,2021-11-29,394,3716,4110
605,2021-11-30,415,3700,4115
605,2021-12-01,538,3547,4085
605,2021-12-02,386,3662,4048
605,2021-12-03,391,3771,4162
605,2021-12-04,76,1965,2041
605,2021-12-05,21,1475,1496
605,2021-12-06,395,3350,3745
605,2021-12-07,425,3787,4212
605,2021-12-08,426,3593,4019
605,2021-12-09,398,3734,4132
605,2021-12-10,303,3221,3524
605,2021-12-11,61,2057,2118
605,2021-12-12,33,1547,1580
605,2021-12-16,444,3676,4120
605,2021-12-17,384,3649,4033
605,2021-12-18,80,2129,2209
605,2021-12-19,46,1494,1540
605,2021-12-20,343,3034,3377
605,2021-12-21,336,3129,3465
605,2021-12-22,284,3002,3286
605,2021-12-23,245,2853,3098
605,2021-12-24,82,1772,1854
605,2021-12-25,23,877,900
605,2021-12-26,20,1083,1103
605,2021-12-27,92,1720,1812
605,2021-12-28,109,1976,2085
605,2021-12-29,99,2029,2128
605,2021-12-30,86,1978,2064
605,2021-12-31,75,1600,1675
606,2021-06-16,276,2089,2365
606,2021-06-17,226,2098,2324
606,2021-06-18,244,2102,2346
606,2021-06-19,72,1820,1892
606,2021-06-20,28,1458,1486
606,2021-06-21,246,1785,2031
606,2021-06-22,283,1909,2192
606,2021-06-23,58,1024,1082
606,2021-06-24,251,2035,2286
606,2021-06-25,215,2005,2220
606,2021-06-26,49,1539,1588
606,2021-06-27,15,1275,1290
606,2021-06-28,238,1917,2155
606,2021-06-29,310,2044,2354
606,2021-06-30,225,1891,2116
606,2021-07-01,550,4014,4564
606,2021-07-02,470,4050,4520
606,2021-07-03,98,3096,3194
606,2021-07-04,40,2232,2272
606,2021-07-05,450,3490,3940
606,2021-07-06,488,3746,4234
606,2021-07-07,494,3762,4256
606,2021-07-08,472,3806,4278
606,2021-07-09,424,3792,4216
606,2021-07-10,126,2816,2942
606,2021-07-11,32,2708,2740
606,2021-07-12,398,3794,4192
606,2021-07-13,418,3758,4176
606,2021-07-14,316,3352,3668
606,2021-07-15,400,3888,4288
606,2021-07-16,548,3834,4382
606,2021-07-17,204,2706,2910
606,2021-07-18,70,2906,2976
606,2021-07-19,390,3340,3730
606,2021-07-20,366,3692,4058
606,2021-07-21,416,3788,4204
606,2021-07-22,532,4006,4538
606,2021-07-23,470,4308,4778
606,2021-07-24,148,2578,2726
606,2021-07-25,84,2266,2350
606,2021-07-26,464,3214,3678
606,2021-07-27,462,3516,3978
606,2021-07-28,430,3338,3768
606,2021-07-29,434,3730,4164
606,2021-07-30,292,3796,4088
606,2021-07-31,132,2576,2708
606,2021-08-01,100,2334,2434
606,2021-08-02,260,2780,3040
606,2021-08-03,244,2830,3074
606,2021-08-04,316,2784,3100
606,2021-08-05,244,2956,3200
606,2021-08-06,232,3088,3320
606,2021-08-08,20,868,888
606,2021-08-09,214,2502,2716
606,2021-08-10,224,2636,2860
606,2021-08-11,240,2906,3146
606,2021-08-12,250,3140,3390
606,2021-08-13,222,3400,3622
606,2021-08-14,46,1092,1138
606,2021-08-15,28,1124,1152
606,2021-08-16,212,2508,2720
606,2021-08-17,228,2652,2880
606,2021-08-18,276,2552,2828
606,2021-08-19,210,2852,3062
606,2021-08-20,220,2984,3204
606,2021-08-21,102,3218,3320
606,2021-08-22,68,2304,2372
606,2021-08-23,348,2914,3262
606,2021-08-24,400,3216,3616
606,2021-08-25,360,3572,3932
606,2021-08-26,354,3400,3754
606,2021-08-27,1950,12594,14544
606,2021-08-28,752,8002,8754
606,2021-08-29,32,2128,2160
606,2021-08-30,496,3144,3640
606,2021-08-31,508,3272,3780
606,2021-09-01,224,1584,1808
606,2021-09-02,234,1767,2001
606,2021-09-03,245,1731,1976
606,2021-09-04,44,1520,1564
606,2021-09-05,35,1393,1428
606,2021-09-06,206,1632,1838
606,2021-09-07,271,1647,1918
606,2021-09-08,296,1554,1850
606,2021-09-09,278,1568,1846
606,2021-09-10,257,1654,1911
606,2021-09-11,49,1425,1474
606,2021-09-12,23,1299,1322
606,2021-09-14,291,1665,1956
606,2021-09-15,208,1641,1849
606,2021-09-16,195,1870,2065
606,2021-09-17,210,1616,1826
606,2021-09-18,65,1461,1526
606,2021-09-19,42,1310,1352
606,2021-09-20,205,1563,1768
606,2021-09-21,253,1760,2013
606,2021-09-22,248,1681,1929
606,2021-09-23,264,1743,2007
606,2021-09-24,206,1848,2054
606,2021-09-25,62,1597,1659
606,2021-09-26,15,1008,1023
606,2021-09-27,223,1611,1834
606,2021-09-28,220,1727,1947
606,2021-09-29,264,1721,1985
606,2021-09-30,245,1759,2004
606,2021-10-01,251,2006,2257
606,2021-10-02,45,1140,1185
606,2021-10-03,11,901,912
606,2021-10-04,226,1588,1814
606,2021-10-05,206,1570,1776
606,2021-10-06,178,1611,1789
606,2021-10-07,196,1691,1887
606,2021-10-08,295,1784,2079
606,2021-10-09,33,1356,1389
606,2021-10-10,15,1193,1208
606,2021-10-11,247,1598,1845
606,2021-10-12,212,1621,1833
606,2021-10-13,268,1652,1920
606,2021-10-14,231,1709,1940
606,2021-10-15,206,1709,1915
606,2021-10-16,32,1240,1272
606,2021-10-17,20,1143,1163
606,2021-10-18,263,1580,1843
606,2021-10-19,187,1672,1859
606,2021-10-20,235,1613,1848
606,2021-10-26,221,1624,1845
606,2021-10-27,174,1673,1847
606,2021-10-28,215,1777,1992
606,2021-10-29,205,1842,2047
606,2021-10-30,87,1053,1140
606,2021-11-01,24,851,875
606,2021-11-02,240,1341,1581
606,2021-11-03,164,1424,1588
606,2021-11-04,209,1479,1688
606,2021-11-05,274,2435,2709
606,2021-11-06,91,1542,1633
606,2021-11-07,42,975,1017
606,2021-11-08,182,1594,1776
606,2021-11-09,204,1600,1804
606,2021-11-11,258,1603,1861
606,2021-11-12,206,1549,1755
606,2021-11-13,35,1025,1060
606,2021-11-14,11,791,802
606,2021-11-15,227,1429,1656
606,2021-11-16,225,1474,1699
606,2021-11-17,211,1580,1791
606,2021-11-18,224,1601,1825
606,2021-11-19,207,1589,1796
606,2021-11-20,34,1086,1120
606,2021-11-21,6,857,863
606,2021-11-22,228,1478,1706
606,2021-11-23,210,1485,1695
606,2021-11-24,206,1550,1756
606,2021-11-25,256,1587,1843
606,2021-11-26,284,1549,1833
606,2021-11-27,20,986,1006
606,2021-11-28,5,741,746
606,2021-11-29,227,1503,1730
606,2021-11-30,203,1525,1728
606,2021-12-02,158,1659,1817
606,2021-12-03,184,1625,1809
606,2021-12-04,30,986,1016
606,2021-12-05,12,724,736
606,2021-12-06,213,1405,1618
606,2021-12-07,175,1488,1663
606,2021-12-08,198,1495,1693
606,2021-12-09,195,1635,1830
606,2021-12-10,195,1488,1683
606,2021-12-11,17,936,953
606,2021-12-12,19,857,876
606,2021-12-13,228,1484,1712
606,2021-12-14,235,1516,1751
606,2021-12-15,260,1555,1815
606,2021-12-16,244,1681,1925
606,2021-12-17,193,1627,1820
606,2021-12-18,67,994,1061
606,2021-12-19,23,792,815
606,2021-12-20,175,1374,1549
606,2021-12-21,148,1445,1593
606,2021-12-22,145,1351,1496
606,2021-12-23,123,1395,1518
606,2021-12-24,69,935,1004
606,2021-12-25,17,482,499
606,2021-12-26,21,577,598
606,2021-12-27,97,843,940
606,2021-12-28,79,987,1066
606,2021-12-29,75,1052,1127
606,2021-12-30,75,1100,1175
606,2021-12-31,59,976,1035
610,2021-01-01,104,3067,3171
610,2021-01-02,302,7482,7784
610,2021-01-03,165,6698,6863
610,2021-01-04,959,8750,9709
610,2021-01-05,1009,9347,10356
610,2021-01-06,1055,9259,10314
610,2021-01-07,1109,9783,10892
610,2021-01-08,948,8504,9452
610,2021-01-09,532,8423,8955
610,2021-01-10,265,7896,8161
610,2021-01-11,1367,11636,13003
610,2021-01-12,888,7606,8494
610,2021-01-13,1552,11546,13098
610,2021-01-14,1423,10851,12274
610,2021-01-15,1327,11320,12647
610,2021-01-16,539,8386,8925
610,2021-01-17,260,6013,6273
610,2021-01-18,1412,11195,12607
610,2021-01-19,1449,11317,12766
610,2021-01-20,1728,11935,13663
610,2021-01-21,1425,11733,13158
610,2021-01-22,1552,12337,13889
610,2021-01-23,518,7619,8137
610,2021-01-24,277,5683,5960
610,2021-01-25,1480,11327,12807
610,2021-01-26,1686,12255,13941
610,2021-01-27,1385,11465,12850
610,2021-01-28,1394,11994,13388
610,2021-01-29,1432,12382,13814
610,2021-01-30,428,8047,8475
610,2021-01-31,152,5180,5332
610,2021-02-01,1530,11796,13326
610,2021-02-02,1505,12221,13726
610,2021-02-03,1404,12081,13485
610,2021-02-04,1562,12535,14097
610,2021-02-05,1584,12692,14276
610,2021-02-06,425,8373,8798
610,2021-02-07,150,5260,5410
610,2021-02-08,1633,10976,12609
610,2021-02-09,1527,11268,12795
610,2021-02-10,1539,11531,13070
610,2021-02-11,1420,11315,12735
610,2021-02-12,1459,11728,13187
610,2021-02-13,514,8374,8888
610,2021-02-14,215,5913,6128
610,2021-02-15,1416,10382,11798
610,2021-02-16,1597,12178,13775
610,2021-02-17,1578,11587,13165
610,2021-02-18,1611,12283,13894
610,2021-02-19,1572,12571,14143
610,2021-02-20,520,8614,9134
610,2021-02-21,190,6796,6986
610,2021-02-22,1566,12085,13651
610,2021-02-23,1685,12671,14356
610,2021-02-24,1779,12706,14485
610,2021-02-25,1640,13155,14795
610,2021-02-26,1629,12908,14537
610,2021-02-27,591,8792,9383
610,2021-02-28,183,6413,6596
610,2021-03-01,1702,12273,13975
610,2021-03-02,1748,12860,14608
610,2021-03-03,1793,12830,14623
610,2021-03-04,1672,13134,14806
610,2021-03-05,1798,13103,14901
610,2021-03-06,602,8726,9328
610,2021-03-07,182,6502,6684
610,2021-03-08,1798,12086,13884
610,2021-03-09,1841,12566,14407
610,2021-03-10,1862,12495,14357
610,2021-03-11,1661,12558,14219
610,2021-03-12,1727,12860,14587
610,2021-03-13,439,7727,8166
610,2021-03-14,156,5448,5604
610,2021-03-15,1666,11892,13558
610,2021-03-16,1683,12637,14320
610,2021-03-17,1810,12351,14161
610,2021-03-18,1794,12795,14589
610,2021-03-19,1734,12914,14648
610,2021-03-20,554,8921,9475
610,2021-03-21,162,6648,6810
610,2021-03-22,1780,12094,13874
610,2021-03-23,1802,12898,14700
610,2021-03-24,1878,13054,14932
610,2021-03-25,1766,13045,14811
610,2021-03-26,1764,13430,15194
610,2021-03-27,685,8571,9256
610,2021-03-29,1860,12738,14598
610,2021-03-30,1857,13357,15214
610,2021-03-31,1824,13338,15162
610,2021-04-01,1815,13787,15602
610,2021-04-02,1708,13698,15406
610,2021-04-03,608,9316,9924
610,2021-04-04,240,7007,7247
610,2021-04-05,312,6059,6371
610,2021-04-06,1813,12294,14107
610,2021-04-07,1890,12266,14156
610,2021-04-08,2023,12849,14872
610,2021-04-09,2133,13219,15352
610,2021-04-10,764,7849,8613
610,2021-04-11,324,5881,6205
610,2021-04-12,1989,12217,14206
610,2021-04-13,1922,12283,14205
610,2021-04-14,1969,13230,15199
610,2021-04-15,1992,13371,15363
610,2021-04-16,1938,13331,15269
610,2021-04-17,640,9159,9799
610,2021-04-18,256,6716,6972
610,2021-04-19,1964,12006,13970
610,2021-04-20,1936,12597,14533
610,2021-04-21,1863,12644,14507
610,2021-04-22,1952,13196,15148
610,2021-04-23,1908,13478,15386
610,2021-04-24,569,9523,10092
610,2021-04-25,210,7771,7981
610,2021-04-26,1874,12399,14273
610,2021-04-27,1909,13293,15202
610,2021-04-28,1742,13160,14902
610,2021-04-29,1749,13320,15069
610,2021-04-30,1790,13657,15447
610,2021-05-01,319,7469,7788
610,2021-05-02,216,7350,7566
610,2021-05-03,1732,12404,14136
610,2021-05-04,1635,12900,14535
610,2021-05-05,1739,13008,14747
610,2021-05-06,1715,13303,15018
610,2021-05-07,1816,13785,15601
610,2021-05-08,582,9262,9844
610,2021-05-09,223,7888,8111
610,2021-05-10,1794,12471,14265
610,2021-05-11,1750,13038,14788
610,2021-05-12,1848,13829,15677
610,2021-05-13,364,7482,7846
610,2021-05-14,1207,12133,13340
610,2021-05-15,511,9053,9564
610,2021-05-16,356,7371,7727
610,2021-05-17,1672,13004,14676
610,2021-05-18,1728,13573,15301
610,2021-05-19,1725,13479,15204
610,2021-05-20,1752,14497,16249
610,2021-05-21,1785,14463,16248
610,2021-05-22,556,9446,10002
610,2021-05-23,171,7420,7591
610,2021-05-24,299,6705,7004
610,2021-05-25,1759,12648,14407
610,2021-05-26,1634,12805,14439
610,2021-05-27,1807,13458,15265
610,2021-05-28,1821,13558,15379
610,2021-05-29,662,9820,10482
610,2021-05-30,249,8390,8639
610,2021-05-31,1859,12720,14579
610,2021-06-01,1938,13420,15358
610,2021-06-02,1923,13176,15099
610,2021-06-03,1854,13486,15340
610,2021-06-04,1810,13340,15150
610,2021-06-05,576,9766,10342
610,2021-06-06,287,7898,8185
610,2021-06-07,1922,12580,14502
610,2021-06-08,1852,13406,15258
610,2021-06-09,1832,13437,15269
610,2021-06-10,1851,13609,15460
610,2021-06-11,1804,14021,15825
610,2021-06-12,673,10047,10720
610,2021-06-13,266,8838,9104
610,2021-06-14,1768,12695,14463
610,2021-06-15,1823,13403,15226
610,2021-06-16,1869,13327,15196
610,2021-06-17,2021,13566,15587
610,2021-06-18,1887,13766,15653
610,2021-06-19,582,10076,10658
610,2021-06-20,248,7690,7938
610,2021-06-21,1826,12774,14600
610,2021-06-22,1806,13663,15469
610,2021-06-23,628,7208,7836
610,2021-06-24,1769,12991,14760
610,2021-06-25,1663,13539,15202
610,2021-06-26,621,9897,10518
610,2021-06-27,233,7858,8091
610,2021-06-28,1772,12511,14283
610,2021-06-29,1756,12958,14714
610,2021-06-30,1868,13315,15183
610,2021-07-01,1784,13709,15493
610,2021-07-02,1859,13827,15686
610,2021-07-03,699,10161,10860
610,2021-07-04,272,8186,8458
610,2021-07-05,1800,12896,14696
610,2021-07-06,2004,13314,15318
610,2021-07-07,1970,13525,15495
610,2021-07-08,1935,13853,15788
610,2021-07-09,1816,14127,15943
610,2021-07-10,559,10415,10974
610,2021-07-11,278,8400,8678
610,2021-07-12,1871,13270,15141
610,2021-07-13,1759,13502,15261
610,2021-07-14,1436,11365,12801
610,2021-07-15,1615,13308,14923
610,2021-07-16,1836,14466,16302
610,2021-07-17,774,10156,10930
610,2021-07-18,406,8526,8932
610,2021-07-19,1835,13004,14839
610,2021-07-20,2020,13237,15257
610,2021-07-21,1987,13634,15621
610,2021-07-22,1946,13730,15676
610,2021-07-23,1982,13921,15903
610,2021-07-24,757,9606,10363
610,2021-07-25,398,8474,8872
610,2021-07-26,1850,12760,14610
610,2021-07-27,1901,12970,14871
610,2021-07-28,1861,13331,15192
610,2021-07-29,1582,13174,14756
610,2021-07-30,1391,12951,14342
610,2021-07-31,714,9508,10222
610,2021-08-01,372,8488,8860
610,2021-08-02,1213,11207,12420
610,2021-08-03,1197,11201,12398
610,2021-08-04,1323,11643,12966
610,2021-08-05,1261,11594,12855
610,2021-08-06,1203,11751,12954
610,2021-08-07,570,9332,9902
610,2021-08-08,303,8011,8314
610,2021-08-09,1166,10596,11762
610,2021-08-10,1210,11194,12404
610,2021-08-11,1285,11215,12500
610,2021-08-12,1332,11437,12769
610,2021-08-13,1295,11853,13148
610,2021-08-14,625,9511,10136
610,2021-08-15,367,8694,9061
610,2021-08-16,1166,10277,11443
610,2021-08-17,1325,10810,12135
610,2021-08-18,1333,10998,12331
610,2021-08-19,1262,11083,12345
610,2021-08-20,1355,11645,13000
610,2021-08-21,654,9562,10216
610,2021-08-22,311,7790,8101
610,2021-08-23,1499,11509,13008
610,2021-08-24,1662,12483,14145
610,2021-08-25,1820,12615,14435
610,2021-08-26,1936,12882,14818
610,2021-08-27,1649,12057,13706
610,2021-08-28,582,8566,9148
610,2021-08-29,257,7785,8042
610,2021-08-30,1789,11997,13786
610,2021-08-31,1922,12602,14524
610,2021-09-01,2068,12452,14520
610,2021-09-02,2058,12934,14992
610,2021-09-03,1940,13254,15194
610,2021-09-04,704,9771,10475
610,2021-09-05,343,8657,9000
610,2021-09-06,1924,12590,14514
610,2021-09-07,2009,13036,15045
610,2021-09-08,1937,13303,15240
610,2021-09-09,2167,13254,15421
610,2021-09-10,2063,13863,15926
610,2021-09-11,695,10187,10882
610,2021-09-12,358,9411,9769
610,2021-09-13,2146,13269,15415
610,2021-09-14,2144,13429,15573
610,2021-09-15,2063,13258,15321
610,2021-09-16,2204,13547,15751
610,2021-09-17,2122,14406,16528
610,2021-09-18,757,11059,11816
610,2021-09-19,367,9728,10095
610,2021-09-20,2058,13094,15152
610,2021-09-21,2028,13495,15523
610,2021-09-22,1989,13505,15494
610,2021-09-23,2013,13838,15851
610,2021-09-24,1971,14175,16146
610,2021-09-25,695,10843,11538
610,2021-09-26,306,8575,8881
610,2021-09-27,1900,12701,14601
610,2021-09-28,2076,13589,15665
610,2021-09-29,2143,13236,15379
610,2021-09-30,2089,13813,15902
610,2021-10-01,2082,14352,16434
610,2021-10-02,607,9886,10493
610,2021-10-03,200,7712,7912
610,2021-10-04,1855,12960,14815
610,2021-10-05,1930,13090,15020
610,2021-10-06,1964,13279,15243
610,2021-10-07,2106,13485,15591
610,2021-10-08,2012,13868,15880
610,2021-10-09,727,10373,11100
610,2021-10-10,307,8659,8966
610,2021-10-11,2000,12733,14733
610,2021-10-12,2009,12854,14863
610,2021-10-13,2072,13040,15112
610,2021-10-14,2106,13573,15679
610,2021-10-15,2073,13578,15651
610,2021-10-16,735,10068,10803
610,2021-10-17,366,8581,8947
610,2021-10-18,2093,12835,14928
610,2021-10-21,1748,12593,14341
610,2021-10-22,2103,13607,15710
610,2021-10-23,700,9949,10649
610,2021-10-24,294,8666,8960
610,2021-10-25,2011,12693,14704
610,2021-10-26,1989,13298,15287
610,2021-10-27,2149,13275,15424
610,2021-10-28,1625,10747,12372
610,2021-10-29,1971,14007,15978
610,2021-10-30,621,9623,10244
610,2021-11-01,385,7653,8038
610,2021-11-02,1976,12992,14968
610,2021-11-03,2026,12640,14666
610,2021-11-04,2057,12947,15004
610,2021-11-05,1929,13460,15389
610,2021-11-06,699,9162,9861
610,2021-11-07,252,7991,8243
610,2021-11-08,1991,12307,14298
610,2021-11-09,2059,13150,15209
610,2021-11-10,2026,12905,14931
610,2021-11-11,1942,13199,15141
610,2021-11-12,1851,12961,14812
610,2021-11-13,515,9414,9929
610,2021-11-14,234,7321,7555
610,2021-11-15,2027,12621,14648
610,2021-11-16,2230,12770,15000
610,2021-11-17,2001,12782,14783
610,2021-11-18,2010,12968,14978
610,2021-11-19,1988,13226,15214
610,2021-11-20,591,8945,9536
610,2021-11-21,199,7112,7311
610,2021-11-22,1949,12340,14289
610,2021-11-23,2001,12999,15000
610,2021-11-24,2103,12735,14838
610,2021-11-25,1974,13144,15118
610,2021-11-26,1855,11889,13744
610,2021-11-27,321,5850,6171
610,2021-11-28,183,7101,7284
610,2021-11-29,1889,12087,13976
610,2021-11-30,1632,12293,13925
610,2021-12-01,1646,12398,14044
610,2021-12-02,1855,12804,14659
610,2021-12-03,1756,13202,14958
610,2021-12-04,509,8998,9507
610,2021-12-05,181,7070,7251
610,2021-12-06,1735,11346,13081
610,2021-12-07,1814,12587,14401
610,2021-12-08,2018,12440,14458
610,2021-12-09,1758,12720,14478
610,2021-12-10,1126,7552,8678
610,2021-12-11,385,7840,8225
610,2021-12-12,171,6940,7111
610,2021-12-13,1743,12407,14150
610,2021-12-14,1881,12958,14839
610,2021-12-15,1945,12833,14778
610,2021-12-16,1830,13091,14921
610,2021-12-17,1633,12813,14446
610,2021-12-18,513,8766,9279
610,2021-12-19,186,7271,7457
610,2021-12-20,1189,10828,12017
610,2021-12-21,1279,11185,12464
610,2021-12-22,1218,10735,11953
610,2021-12-23,988,10327,11315
610,2021-12-24,567,7881,8448
610,2021-12-25,127,5615,5742
610,2021-12-26,150,5581,5731
610,2021-12-27,727,8117,8844
610,2021-12-28,707,8712,9419
610,2021-12-29,695,8908,9603
610,2021-12-30,627,8782,9409
610,2021-12-31,518,7568,8086
700,2021-01-02,158,1843,2001
700,2021-01-03,53,1451,1504
700,2021-01-04,202,2456,2658
700,2021-01-05,204,2557,2761
700,2021-01-06,221,2569,2790
700,2021-01-07,237,2538,2775
700,2021-01-08,213,2704,2917
700,2021-01-09,208,2433,2641
700,2021-01-10,76,1733,1809
700,2021-01-11,245,3227,3472
700,2021-01-12,253,3338,3591
700,2021-01-13,272,3306,3578
700,2021-01-14,236,3444,3680
700,2021-01-15,250,3616,3866
700,2021-01-16,203,2697,2900
700,2021-01-17,80,1672,1752
700,2021-01-18,290,3213,3503
700,2021-01-19,315,3397,3712
700,2021-01-20,348,3622,3970
700,2021-01-21,355,4022,4377
700,2021-01-22,280,3640,3920
700,2021-01-23,195,2738,2933
700,2021-01-24,83,1698,1781
700,2021-01-25,278,3384,3662
700,2021-01-26,323,3429,3752
700,2021-01-27,246,3417,3663
700,2021-01-28,224,3488,3712
700,2021-01-29,223,3608,3831
700,2021-01-30,162,2559,2721
700,2021-01-31,48,1731,1779
700,2021-02-01,268,3341,3609
700,2021-02-02,260,3397,3657
700,2021-02-03,274,3377,3651
700,2021-02-04,271,3496,3767
700,2021-02-05,339,3571,3910
700,2021-02-06,147,2741,2888
700,2021-02-07,54,1730,1784
700,2021-02-08,319,3069,3388
700,2021-02-09,296,3084,3380
700,2021-02-10,250,3086,3336
700,2021-02-11,269,3105,3374
700,2021-02-12,297,3283,3580
700,2021-02-13,219,2671,2890
700,2021-02-14,70,1873,1943
700,2021-02-15,326,2962,3288
700,2021-02-16,363,3619,3982
700,2021-02-17,356,3711,4067
700,2021-02-18,347,3714,4061
700,2021-02-19,348,3881,4229
700,2021-02-20,200,2938,3138
700,2021-02-21,63,2144,2207
700,2021-02-22,275,3710,3985
700,2021-02-23,421,4803,5224
700,2021-02-24,278,3526,3804
700,2021-02-25,294,3708,4002
700,2021-02-26,231,3743,3974
700,2021-02-27,193,2827,3020
700,2021-02-28,55,2046,2101
700,2021-03-02,276,3683,3959
700,2021-03-03,280,3633,3913
700,2021-03-04,269,3637,3906
700,2021-03-05,289,3753,4042
700,2021-03-06,189,2893,3082
700,2021-03-07,61,1994,2055
700,2021-03-08,286,3412,3698
700,2021-03-09,364,4260,4624
700,2021-03-10,346,4195,4541
700,2021-03-11,356,4177,4533
700,2021-03-12,378,4390,4768
700,2021-03-13,255,3161,3416
700,2021-03-14,88,1887,1975
700,2021-03-15,347,3940,4287
700,2021-03-16,357,4155,4512
700,2021-03-17,385,3898,4283
700,2021-03-18,364,4078,4442
700,2021-03-19,355,4275,4630
700,2021-03-20,187,2960,3147
700,2021-03-21,59,1880,1939
700,2021-03-22,330,3550,3880
700,2021-03-23,329,3958,4287
700,2021-03-24,276,3635,3911
700,2021-03-25,292,3750,4042
700,2021-03-26,335,4104,4439
700,2021-03-27,194,2915,3109
700,2021-03-29,294,3949,4243
700,2021-03-30,314,4616,4930
700,2021-04-01,297,4203,4500
700,2021-04-02,317,4487,4804
700,2021-04-03,233,3201,3434
700,2021-04-04,62,2032,2094
700,2021-04-05,69,1682,1751
700,2021-04-06,312,3536,3848
700,2021-04-07,349,3417,3766
700,2021-04-08,343,3627,3970
700,2021-04-09,333,3793,4126
700,2021-04-10,196,2715,2911
700,2021-04-11,55,1761,1816
700,2021-04-12,345,3491,3836
700,2021-04-13,333,3688,4021
700,2021-04-14,379,3536,3915
700,2021-04-15,369,3543,3912
700,2021-04-16,345,3855,4200
700,2021-04-17,230,3080,3310
700,2021-04-18,76,2002,2078
700,2021-04-19,321,3596,3917
700,2021-04-20,336,3950,4286
700,2021-04-21,332,4436,4768
700,2021-04-22,340,3901,4241
700,2021-04-23,297,4114,4411
700,2021-04-24,215,3304,3519
700,2021-04-25,57,2559,2616
700,2021-04-26,373,4439,4812
700,2021-04-27,380,4695,5075
700,2021-04-28,443,4612,5055
700,2021-04-29,402,4689,5091
700,2021-04-30,430,5144,5574
700,2021-05-01,101,2370,2471
700,2021-05-02,91,2431,2522
700,2021-05-03,434,4638,5072
700,2021-05-04,429,4532,4961
700,2021-05-05,455,4566,5021
700,2021-05-07,428,4657,5085
700,2021-05-08,287,3562,3849
700,2021-05-09,91,2612,2703
700,2021-05-10,463,4416,4879
700,2021-05-11,454,4700,5154
700,2021-05-12,508,4813,5321
700,2021-05-13,123,2297,2420
700,2021-05-14,307,4912,5219
700,2021-05-15,254,3451,3705
700,2021-05-16,109,2180,2289
700,2021-05-17,469,4674,5143
700,2021-05-18,495,4813,5308
700,2021-05-19,516,4572,5088
700,2021-05-20,517,4807,5324
700,2021-05-21,553,4983,5536
700,2021-05-22,264,3388,3652
700,2021-05-23,89,2176,2265
700,2021-05-24,113,1871,1984
700,2021-05-25,406,4185,4591
700,2021-05-26,439,4156,4595
700,2021-05-27,615,4327,4942
700,2021-05-28,609,4341,4950
700,2021-05-29,148,3968,4116
700,2021-05-30,87,2888,2975
700,2021-05-31,497,4313,4810
700,2021-06-01,513,4579,5092
700,2021-06-02,539,4400,4939
700,2021-06-03,499,4202,4701
700,2021-06-04,466,4507,4973
700,2021-06-05,183,3153,3336
700,2021-06-06,51,2238,2289
700,2021-06-07,507,4020,4527
700,2021-06-08,468,4145,4613
700,2021-06-09,529,4422,4951
700,2021-06-10,372,4197,4569
700,2021-06-11,412,4379,4791
700,2021-06-12,224,3602,3826
700,2021-06-13,73,2806,2879
700,2021-06-14,367,4055,4422
700,2021-06-15,386,4070,4456
700,2021-06-16,383,4097,4480
700,2021-06-17,355,4096,4451
700,2021-06-18,312,4161,4473
700,2021-06-19,164,3524,3688
700,2021-06-20,50,2257,2307
700,2021-06-21,355,3898,4253
700,2021-06-22,289,4434,4723
700,2021-06-23,54,1792,1846
700,2021-06-24,284,3945,4229
700,2021-06-25,335,4211,4546
700,2021-06-26,207,3370,3577
700,2021-06-27,66,2111,2177
700,2021-06-28,338,3982,4320
700,2021-06-29,296,3949,4245
700,2021-06-30,316,4019,4335
700,2021-07-01,294,4167,4461
700,2021-07-02,268,4293,4561
700,2021-07-03,219,3198,3417
700,2021-07-04,76,2325,2401
700,2021-07-05,327,3866,4193
700,2021-07-06,327,4007,4334
700,2021-07-07,319,4065,4384
700,2021-07-08,298,3975,4273
700,2021-07-09,322,4117,4439
700,2021-07-10,176,3182,3358
700,2021-07-11,61,2328,2389
700,2021-07-12,364,3957,4321
700,2021-07-13,323,3924,4247
700,2021-07-14,405,4751,5156
700,2021-07-15,335,5346,5681
700,2021-07-16,324,4093,4417
700,2021-07-17,215,2929,3144
700,2021-07-18,81,2369,2450
700,2021-07-19,364,3799,4163
700,2021-07-20,334,4042,4376
700,2021-07-21,366,3892,4258
700,2021-07-22,433,4139,4572
700,2021-07-23,401,4058,4459
700,2021-07-24,223,2972,3195
700,2021-07-25,98,2556,2654
700,2021-07-26,400,3934,4334
700,2021-07-27,482,4404,4886
700,2021-07-28,283,3735,4018
700,2021-07-29,284,3653,3937
700,2021-07-30,239,3680,3919
700,2021-07-31,205,3028,3233
700,2021-08-01,70,2158,2228
700,2021-08-02,230,3163,3393
700,2021-08-03,220,3211,3431
700,2021-08-04,220,3247,3467
700,2021-08-05,240,3186,3426
700,2021-08-06,223,3183,3406
700,2021-08-07,174,2744,2918
700,2021-08-08,71,1998,2069
700,2021-08-09,214,3030,3244
700,2021-08-10,220,3087,3307
700,2021-08-11,222,3129,3351
700,2021-08-12,232,3278,3510
700,2021-08-13,256,3417,3673
700,2021-08-14,188,2747,2935
700,2021-08-15,83,2052,2135
700,2021-08-16,228,2808,3036
700,2021-08-17,232,2864,3096
700,2021-08-18,220,2822,3042
700,2021-08-19,208,3094,3302
700,2021-08-20,211,3114,3325
700,2021-08-21,160,2622,2782
700,2021-08-22,58,1955,2013
700,2021-08-23,326,3368,3694
700,2021-08-24,314,3679,3993
700,2021-08-25,310,3707,4017
700,2021-08-26,320,3774,4094
700,2021-08-27,349,4046,4395
700,2021-08-28,218,3404,3622
700,2021-08-29,69,2107,2176
700,2021-08-30,314,3444,3758
700,2021-08-31,270,3806,4076
700,2021-09-01,280,3757,4037
700,2021-09-02,307,3919,4226
700,2021-09-03,293,3894,4187
700,2021-09-04,188,3186,3374
700,2021-09-05,67,2645,2712
700,2021-09-06,282,3745,4027
700,2021-09-07,301,4057,4358
700,2021-09-08,364,3934,4298
700,2021-09-09,346,4119,4465
700,2021-09-10,372,4266,4638
700,2021-09-11,174,3668,3842
700,2021-09-12,75,2505,2580
700,2021-09-13,302,3866,4168
700,2021-09-14,314,4153,4467
700,2021-09-15,381,4469,4850
700,2021-09-16,344,4491,4835
700,2021-09-17,322,4782,5104
700,2021-09-18,224,3956,4180
700,2021-09-19,68,3009,3077
700,2021-09-20,350,4100,4450
700,2021-09-21,350,4171,4521
700,2021-09-22,321,4214,4535
700,2021-09-23,343,4184,4527
700,2021-09-24,317,4506,4823
700,2021-09-25,235,3484,3719
700,2021-09-26,70,2257,2327
700,2021-09-27,323,4110,4433
700,2021-09-28,338,4196,4534
700,2021-09-29,334,4193,4527
700,2021-09-30,368,4365,4733
700,2021-10-01,339,4430,4769
700,2021-10-02,226,3531,3757
700,2021-10-03,79,2244,2323
700,2021-10-04,361,4028,4389
700,2021-10-05,365,4115,4480
700,2021-10-06,333,4050,4383
700,2021-10-07,356,4233,4589
700,2021-10-08,375,4477,4852
700,2021-10-09,229,3549,3778
700,2021-10-10,113,2643,2756
700,2021-10-11,316,4077,4393
700,2021-10-12,329,4078,4407
700,2021-10-13,284,3860,4144
700,2021-10-14,312,4279,4591
700,2021-10-15,292,4195,4487
700,2021-10-16,212,2803,3015
700,2021-10-17,74,2170,2244
700,2021-10-18,392,3920,4312
700,2021-10-19,289,3995,4284
700,2021-10-20,335,3960,4295
700,2021-10-21,238,4126,4364
700,2021-10-22,279,4291,4570
700,2021-10-23,202,3433,3635
700,2021-10-24,83,2439,2522
700,2021-10-25,303,4020,4323
700,2021-10-26,364,4498,4862
700,2021-10-27,318,3973,4291
700,2021-10-28,310,4211,4521
700,2021-10-29,335,4384,4719
700,2021-10-30,186,3068,3254
700,2021-11-01,68,1798,1866
700,2021-11-02,321,3891,4212
700,2021-11-03,304,3510,3814
700,2021-11-04,362,3655,4017
700,2021-11-05,309,3876,4185
700,2021-11-06,238,3354,3592
700,2021-11-07,96,2459,2555
700,2021-11-08,296,3639,3935
700,2021-11-09,283,4146,4429
700,2021-11-10,330,3741,4071
700,2021-11-11,320,3856,4176
700,2021-11-12,317,3990,4307
700,2021-11-13,189,2930,3119
700,2021-11-14,57,2005,2062
700,2021-11-15,338,3975,4313
700,2021-11-16,359,3781,4140
700,2021-11-17,333,3781,4114
700,2021-11-18,433,3835,4268
700,2021-11-19,336,4262,4598
700,2021-11-20,224,3749,3973
700,2021-11-21,74,2349,2423
700,2021-11-22,302,3809,4111
700,2021-11-23,356,3890,4246
700,2021-11-24,441,3800,4241
700,2021-11-25,421,3913,4334
700,2021-11-26,387,4130,4517
700,2021-11-27,189,2999,3188
700,2021-11-28,56,2027,2083
700,2021-11-29,360,3740,4100
700,2021-11-30,345,3730,4075
700,2021-12-01,281,3917,4198
700,2021-12-02,272,3824,4096
700,2021-12-03,303,3938,4241
700,2021-12-04,204,3102,3306
700,2021-12-05,67,2242,2309
700,2021-12-06,270,3339,3609
700,2021-12-07,408,4012,4420
700,2021-12-08,378,3664,4042
700,2021-12-09,355,3704,4059
700,2021-12-10,405,4309,4714
700,2021-12-11,186,3068,3254
700,2021-12-12,58,1941,1999
700,2021-12-13,328,3616,3944
700,2021-12-14,327,3830,4157
700,2021-12-15,316,3645,3961
700,2021-12-16,341,4014,4355
700,2021-12-17,246,3993,4239
700,2021-12-18,163,2804,2967
700,2021-12-19,58,1988,2046
700,2021-12-20,205,2831,3036
700,2021-12-21,191,2989,3180
700,2021-12-22,211,2920,3131
700,2021-12-23,211,3165,3376
700,2021-12-24,155,2691,2846
700,2021-12-25,44,1493,1537
700,2021-12-26,54,1472,1526
700,2021-12-27,174,2332,2506
700,2021-12-28,169,2381,2550
700,2021-12-29,182,2479,2661
700,2021-12-30,193,2597,2790
700,2021-12-31,167,2372,2539
701,2021-01-01,10,355,365
701,2021-01-02,36,545,581
701,2021-01-03,6,441,447
701,2021-01-04,78,794,872
701,2021-01-05,83,829,912
701,2021-01-06,85,757,842
701,2021-01-07,89,837,926
701,2021-01-08,89,831,920
701,2021-01-09,46,634,680
701,2021-01-10,11,482,493
701,2021-01-11,117,959,1076
701,2021-01-12,106,1014,1120
701,2021-01-13,142,1050,1192
701,2021-01-14,104,914,1018
701,2021-01-15,97,976,1073
701,2021-01-16,52,604,656
701,2021-01-17,10,423,433
701,2021-01-18,121,992,1113
701,2021-01-19,115,1040,1155
701,2021-01-20,126,1255,1381
701,2021-01-21,167,1523,1690
701,2021-01-22,139,1116,1255
701,2021-01-23,55,635,690
701,2021-01-24,18,483,501
701,2021-01-25,145,1096,1241
701,2021-01-26,131,1143,1274
701,2021-01-27,84,973,1057
701,2021-01-28,87,1030,1117
701,2021-01-29,94,1136,1230
701,2021-01-30,43,616,659
701,2021-02-02,146,1152,1298
701,2021-02-03,139,1210,1349
701,2021-02-04,145,1243,1388
701,2021-02-05,125,1186,1311
701,2021-02-06,53,830,883
701,2021-02-07,11,421,432
701,2021-02-08,155,927,1082
701,2021-02-09,123,910,1033
701,2021-02-10,161,1014,1175
701,2021-02-11,132,1016,1148
701,2021-02-12,122,988,1110
701,2021-02-13,46,663,709
701,2021-02-14,7,490,497
701,2021-02-15,135,736,871
701,2021-02-16,152,1030,1182
701,2021-02-17,133,970,1103
701,2021-02-18,118,939,1057
701,2021-02-19,119,1088,1207
701,2021-02-20,57,739,796
701,2021-02-21,9,518,527
701,2021-02-22,145,1386,1531
701,2021-02-23,300,2447,2747
701,2021-02-24,157,1244,1401
701,2021-02-25,113,1218,1331
701,2021-02-26,92,1216,1308
701,2021-02-27,59,777,836
701,2021-02-28,7,519,526
701,2021-03-01,110,1092,1202
701,2021-03-02,130,1275,1405
701,2021-03-03,129,1270,1399
701,2021-03-04,138,1195,1333
701,2021-03-05,172,1258,1430
701,2021-03-06,54,742,796
701,2021-03-07,11,483,494
701,2021-03-08,139,1052,1191
701,2021-03-09,154,945,1099
701,2021-03-10,151,920,1071
701,2021-03-11,190,933,1123
701,2021-03-12,140,939,1079
701,2021-03-13,46,601,647
701,2021-03-14,8,374,382
701,2021-03-15,127,1031,1158
701,2021-03-16,130,1107,1237
701,2021-03-17,140,1112,1252
701,2021-03-18,133,1270,1403
701,2021-03-19,150,1306,1456
701,2021-03-20,54,776,830
701,2021-03-21,11,504,515
701,2021-03-22,152,1180,1332
701,2021-03-23,156,1283,1439
701,2021-03-24,146,1278,1424
701,2021-03-25,127,1236,1363
701,2021-03-26,153,1399,1552
701,2021-03-27,64,718,782
701,2021-03-29,124,1084,1208
701,2021-03-30,152,1107,1259
701,2021-04-02,139,1259,1398
701,2021-04-03,93,753,846
701,2021-04-04,9,530,539
701,2021-04-05,14,427,441
701,2021-04-06,139,953,1092
701,2021-04-07,173,936,1109
701,2021-04-08,132,1065,1197
701,2021-04-09,161,1048,1209
701,2021-04-10,65,649,714
701,2021-04-11,13,410,423
701,2021-04-12,139,981,1120
701,2021-04-13,150,1085,1235
701,2021-04-14,191,1145,1336
701,2021-04-15,170,1102,1272
701,2021-04-16,164,1109,1273
701,2021-04-17,90,836,926
701,2021-04-18,14,482,496
701,2021-04-19,138,1158,1296
701,2021-04-20,159,1218,1377
701,2021-04-21,141,1362,1503
701,2021-04-22,182,1228,1410
701,2021-04-23,187,1271,1458
701,2021-04-24,110,791,901
701,2021-04-25,11,582,593
701,2021-04-26,144,1120,1264
701,2021-04-27,137,1248,1385
701,2021-04-28,142,1243,1385
701,2021-04-29,127,1233,1360
701,2021-05-01,9,601,610
701,2021-05-02,13,494,507
701,2021-05-03,136,1222,1358
701,2021-05-04,130,1132,1262
701,2021-05-05,138,1314,1452
701,2021-05-06,147,1427,1574
701,2021-05-07,135,1331,1466
701,2021-05-08,92,774,866
701,2021-05-09,10,605,615
701,2021-05-10,129,1194,1323
701,2021-05-11,185,1281,1466
701,2021-05-12,184,1354,1538
701,2021-05-13,16,599,615
701,2021-05-14,144,1272,1416
701,2021-05-15,55,729,784
701,2021-05-16,18,530,548
701,2021-05-17,165,1450,1615
701,2021-05-18,154,1516,1670
701,2021-05-19,140,1416,1556
701,2021-05-20,126,1527,1653
701,2021-05-21,184,1488,1672
701,2021-05-22,65,742,807
701,2021-05-23,17,564,581
701,2021-05-24,12,501,513
701,2021-05-25,187,1385,1572
701,2021-05-26,163,1323,1486
701,2021-05-27,198,1329,1527
701,2021-05-28,205,1462,1667
701,2021-05-29,69,1157,1226
701,2021-05-30,20,903,923
701,2021-05-31,200,1633,1833
701,2021-06-01,228,1765,1993
701,2021-06-02,167,1613,1780
701,2021-06-03,135,1434,1569
701,2021-06-04,198,1695,1893
701,2021-06-05,67,998,1065
701,2021-06-06,9,647,656
701,2021-06-07,157,1452,1609
701,2021-06-08,136,1530,1666
701,2021-06-09,177,1523,1700
701,2021-06-10,137,1563,1700
701,2021-06-11,154,1610,1764
701,2021-06-12,117,1245,1362
701,2021-06-13,20,852,872
701,2021-06-14,169,1702,1871
701,2021-06-15,203,1774,1977
701,2021-06-16,236,1808,2044
701,2021-06-17,192,1756,1948
701,2021-06-18,158,1814,1972
701,2021-06-19,85,1130,1215
701,2021-06-20,11,710,721
701,2021-06-21,182,1751,1933
701,2021-06-22,178,2019,2197
701,2021-06-23,17,713,730
701,2021-06-24,156,1666,1822
701,2021-06-25,246,1843,2089
701,2021-06-26,80,1079,1159
701,2021-06-27,11,676,687
701,2021-06-28,178,1808,1986
701,2021-06-29,206,1820,2026
701,2021-06-30,198,1823,2021
701,2021-07-01,197,1981,2178
701,2021-07-02,147,1960,2107
701,2021-07-03,84,1069,1153
701,2021-07-04,9,688,697
701,2021-07-05,179,1768,1947
701,2021-07-06,156,1887,2043
701,2021-07-07,210,1878,2088
701,2021-07-08,155,1837,1992
701,2021-07-09,174,1931,2105
701,2021-07-10,79,1043,1122
701,2021-07-11,10,786,796
701,2021-07-12,168,1752,1920
701,2021-07-13,152,1746,1898
701,2021-07-14,218,3266,3484
701,2021-07-15,206,2230,2436
701,2021-07-16,212,1705,1917
701,2021-07-17,85,1196,1281
701,2021-07-18,25,939,964
701,2021-07-19,235,1668,1903
701,2021-07-20,172,1681,1853
701,2021-07-21,228,1576,1804
701,2021-07-22,216,1738,1954
701,2021-07-23,226,1473,1699
701,2021-07-24,62,899,961
701,2021-07-25,18,636,654
701,2021-07-26,205,1416,1621
701,2021-07-27,228,1376,1604
701,2021-07-28,177,1329,1506
701,2021-07-29,328,2404,2732
701,2021-07-30,147,1415,1562
701,2021-07-31,65,826,891
701,2021-08-01,17,632,649
701,2021-08-02,125,1148,1273
701,2021-08-03,126,1247,1373
701,2021-08-04,107,1203,1310
701,2021-08-05,112,1229,1341
701,2021-08-06,116,1224,1340
701,2021-08-07,63,768,831
701,2021-08-08,18,601,619
701,2021-08-09,104,1069,1173
701,2021-08-10,117,1160,1277
701,2021-08-11,106,1085,1191
701,2021-08-12,102,1167,1269
701,2021-08-13,118,1197,1315
701,2021-08-14,74,820,894
701,2021-08-15,20,659,679
701,2021-08-16,101,998,1099
701,2021-08-17,109,1123,1232
701,2021-08-18,107,1075,1182
701,2021-08-19,115,1091,1206
701,2021-08-20,114,1129,1243
701,2021-08-21,73,819,892
701,2021-08-22,17,639,656
701,2021-08-23,185,1217,1402
701,2021-08-24,161,1359,1520
701,2021-08-25,171,1401,1572
701,2021-08-26,213,1349,1562
701,2021-08-27,162,1292,1454
701,2021-08-28,70,858,928
701,2021-08-29,11,562,573
701,2021-08-30,134,1176,1310
701,2021-08-31,149,1264,1413
701,2021-09-01,140,1316,1456
701,2021-09-02,149,1305,1454
701,2021-09-03,181,1257,1438
701,2021-09-04,77,1023,1100
701,2021-09-05,12,695,707
701,2021-09-06,198,1415,1613
701,2021-09-07,160,1463,1623
701,2021-09-08,160,1311,1471
701,2021-09-09,190,1323,1513
701,2021-09-10,166,1310,1476
701,2021-09-11,62,972,1034
701,2021-09-12,27,736,763
701,2021-09-13,167,1347,1514
701,2021-09-14,143,1438,1581
701,2021-09-15,171,1485,1656
701,2021-09-16,191,1557,1748
701,2021-09-17,211,1719,1930
701,2021-09-18,80,1053,1133
701,2021-09-19,28,686,714
701,2021-09-20,184,1632,1816
701,2021-09-21,169,1837,2006
701,2021-09-22,140,1772,1912
701,2021-09-23,165,1668,1833
701,2021-09-24,191,1621,1812
701,2021-09-25,79,1162,1241
701,2021-09-26,14,615,629
701,2021-09-27,167,1620,1787
701,2021-09-28,201,1736,1937
701,2021-09-29,158,1641,1799
701,2021-09-30,199,1724,1923
701,2021-10-01,182,1738,1920
701,2021-10-02,80,960,1040
701,2021-10-03,11,554,565
701,2021-10-04,189,1621,1810
701,2021-10-05,157,1612,1769
701,2021-10-06,142,1599,1741
701,2021-10-07,137,1641,1778
701,2021-10-08,176,1679,1855
701,2021-10-09,214,1069,1283
701,2021-10-10,16,705,721
701,2021-10-11,209,1615,1824
701,2021-10-12,200,1643,1843
701,2021-10-13,205,1560,1765
701,2021-10-14,165,1640,1805
701,2021-10-15,169,1597,1766
701,2021-10-16,113,1336,1449
701,2021-10-17,25,883,908
701,2021-10-18,220,1626,1846
701,2021-10-19,186,1607,1793
701,2021-10-20,161,1599,1760
701,2021-10-21,186,1672,1858
701,2021-10-22,163,1699,1862
701,2021-10-23,69,892,961
701,2021-10-24,12,628,640
701,2021-10-25,145,1567,1712
701,2021-10-26,236,1762,1998
701,2021-10-27,216,1671,1887
701,2021-10-28,191,1685,1876
701,2021-10-29,177,1700,1877
701,2021-10-30,61,758,819
701,2021-11-01,11,518,529
701,2021-11-02,192,1400,1592
701,2021-11-03,191,1325,1516
701,2021-11-04,152,1402,1554
701,2021-11-05,175,1319,1494
701,2021-11-06,81,857,938
701,2021-11-07,12,571,583
701,2021-11-08,176,1465,1641
701,2021-11-09,207,1642,1849
701,2021-11-10,181,1563,1744
701,2021-11-11,186,1573,1759
701,2021-11-12,188,1640,1828
701,2021-11-13,78,843,921
701,2021-11-14,18,495,513
701,2021-11-15,169,1131,1300
701,2021-11-16,199,1025,1224
701,2021-11-17,177,1084,1261
701,2021-11-18,146,1027,1173
701,2021-11-19,256,1325,1581
701,2021-11-20,93,1015,1108
701,2021-11-21,28,542,570
701,2021-11-22,129,1110,1239
701,2021-11-23,139,1159,1298
701,2021-11-24,155,1169,1324
701,2021-11-25,132,1273,1405
701,2021-11-26,140,1195,1335
701,2021-11-27,61,509,570
701,2021-11-28,8,345,353
701,2021-11-29,114,1140,1254
701,2021-11-30,166,1145,1311
701,2021-12-01,118,1140,1258
701,2021-12-02,135,1174,1309
701,2021-12-03,136,1060,1196
701,2021-12-04,76,512,588
701,2021-12-05,10,379,389
701,2021-12-06,179,865,1044
701,2021-12-07,236,1242,1478
701,2021-12-08,144,1013,1157
701,2021-12-09,147,989,1136
701,2021-12-10,215,1382,1597
701,2021-12-11,58,557,615
701,2021-12-12,9,353,362
701,2021-12-13,152,921,1073
701,2021-12-14,127,1051,1178
701,2021-12-15,136,974,1110
701,2021-12-16,128,1052,1180
701,2021-12-17,109,971,1080
701,2021-12-18,42,483,525
701,2021-12-19,7,334,341
701,2021-12-20,86,696,782
701,2021-12-21,73,687,760
701,2021-12-22,71,657,728
701,2021-12-23,66,624,690
701,2021-12-24,54,437,491
701,2021-12-25,4,289,293
701,2021-12-26,6,333,339
701,2021-12-27,52,475,527
701,2021-12-28,48,578,626
701,2021-12-29,68,578,646
701,2021-12-30,58,541,599
701,2021-12-31,59,465,524
702,2021-05-01,342,6755,7097
702,2021-05-02,327,6318,6645
702,2021-05-03,1060,8211,9271
702,2021-05-04,984,8161,9145
702,2021-05-05,953,7812,8765
702,2021-05-06,954,7903,8857
702,2021-05-07,950,12931,13881
702,2021-05-08,785,11876,12661
702,2021-05-09,325,8445,8770
702,2021-05-10,925,12211,13136
702,2021-05-11,902,12480,13382
702,2021-05-12,977,13412,14389
702,2021-05-13,394,7891,8285
702,2021-05-14,824,13207,14031
702,2021-05-15,717,11607,12324
702,2021-05-16,340,7731,8071
702,2021-05-17,961,12395,13356
702,2021-05-18,950,13083,14033
702,2021-05-19,982,12889,13871
702,2021-05-20,970,12985,13955
702,2021-05-21,985,13602,14587
702,2021-05-22,867,11800,12667
702,2021-05-23,433,7669,8102
702,2021-05-24,453,7059,7512
702,2021-05-25,943,12231,13174
702,2021-05-26,922,11433,12355
702,2021-05-27,1061,12247,13308
702,2021-05-28,1067,12729,13796
702,2021-05-29,706,3220,3926
702,2021-05-30,497,8157,8654
702,2021-05-31,915,12071,12986
702,2021-06-01,908,12946,13854
702,2021-06-02,884,12869,13753
702,2021-06-03,832,12615,13447
702,2021-06-04,840,13771,14611
702,2021-06-05,745,12328,13073
702,2021-06-06,327,8144,8471
702,2021-06-07,933,12943,13876
702,2021-06-08,865,13312,14177
702,2021-06-09,844,13256,14100
702,2021-06-10,826,13266,14092
702,2021-06-11,856,13699,14555
702,2021-06-12,752,12424,13176
702,2021-06-13,381,9031,9412
702,2021-06-14,882,12093,12975
702,2021-06-15,888,12161,13049
702,2021-06-16,884,12590,13474
702,2021-06-17,909,12637,13546
702,2021-06-18,814,13105,13919
702,2021-06-19,723,12165,12888
702,2021-06-20,324,8245,8569
702,2021-06-21,899,12417,13316
702,2021-06-22,866,12797,13663
702,2021-06-23,306,7473,7779
702,2021-06-24,915,12202,13117
702,2021-06-25,942,12851,13793
702,2021-06-26,806,11567,12373
702,2021-06-27,319,7799,8118
702,2021-06-28,930,12249,13179
702,2021-06-29,912,12064,12976
702,2021-06-30,891,12444,13335
702,2021-07-01,927,12855,13782
702,2021-07-02,930,13248,14178
702,2021-07-03,791,12142,12933
702,2021-07-04,376,7893,8269
702,2021-07-05,956,12360,13316
702,2021-07-06,865,12683,13548
702,2021-07-07,953,12564,13517
702,2021-07-08,968,12583,13551
702,2021-07-09,974,13003,13977
702,2021-07-10,701,11765,12466
702,2021-07-11,314,8559,8873
702,2021-07-12,940,12487,13427
702,2021-07-13,731,12173,12904
702,2021-07-14,770,12526,13296
702,2021-07-15,653,13724,14377
702,2021-07-16,944,13969,14913
702,2021-07-17,858,11867,12725
702,2021-07-18,479,8814,9293
702,2021-07-19,1089,12519,13608
702,2021-07-20,1007,12687,13694
702,2021-07-21,1062,12564,13626
702,2021-07-22,997,12543,13540
702,2021-07-23,995,12838,13833
702,2021-07-24,885,11454,12339
702,2021-07-25,425,8050,8475
702,2021-07-26,1005,12218,13223
702,2021-07-27,1016,12171,13187
702,2021-07-28,964,12548,13512
702,2021-07-29,974,12664,13638
702,2021-07-30,929,12691,13620
702,2021-07-31,914,10537,11451
702,2021-08-01,482,7528,8010
702,2021-08-02,898,11438,12336
702,2021-08-03,933,11580,12513
702,2021-08-04,956,11354,12310
702,2021-08-05,925,11558,12483
702,2021-08-06,922,11630,12552
702,2021-08-07,694,9530,10224
702,2021-08-08,355,6379,6734
702,2021-08-09,837,10820,11657
702,2021-08-10,853,10738,11591
702,2021-08-11,843,10986,11829
702,2021-08-12,814,10663,11477
702,2021-08-13,888,11209,12097
702,2021-08-14,711,9506,10217
702,2021-08-15,362,6652,7014
702,2021-08-16,866,10459,11325
702,2021-08-17,871,10393,11264
702,2021-08-18,894,10064,10958
702,2021-08-19,870,10709,11579
702,2021-08-20,832,11080,11912
702,2021-08-21,705,9384,10089
702,2021-08-22,369,6383,6752
702,2021-08-23,904,10792,11696
702,2021-08-24,898,11000,11898
702,2021-08-25,933,11069,12002
702,2021-08-26,960,11128,12088
702,2021-08-27,940,11368,12308
702,2021-08-28,702,9734,10436
702,2021-08-29,329,6896,7225
702,2021-08-30,985,10992,11977
702,2021-08-31,983,11555,12538
702,2021-09-01,942,11504,12446
702,2021-09-02,995,11388,12383
702,2021-09-03,983,11947,12930
702,2021-09-04,776,10818,11594
702,2021-09-05,333,8314,8647
702,2021-09-06,1075,11681,12756
702,2021-09-07,1020,12192,13212
702,2021-09-08,1055,11992,13047
702,2021-09-09,1019,12063,13082
702,2021-09-10,1003,12654,13657
702,2021-09-11,738,11155,11893
702,2021-09-12,386,8154,8540
702,2021-09-13,1010,11967,12977
702,2021-09-14,997,12936,13933
702,2021-09-15,1027,12842,13869
702,2021-09-16,970,12539,13509
702,2021-09-17,1025,13683,14708
702,2021-09-18,818,11866,12684
702,2021-09-19,452,8615,9067
702,2021-09-20,1008,11958,12966
702,2021-09-21,1032,12399,13431
702,2021-09-22,1003,12495,13498
702,2021-09-23,1001,12506,13507
702,2021-09-24,957,13200,14157
702,2021-09-25,777,11614,12391
702,2021-09-26,379,8348,8727
702,2021-09-27,971,11995,12966
702,2021-09-28,1009,12376,13385
702,2021-09-29,1008,12041,13049
702,2021-09-30,1055,13053,14108
702,2021-10-01,1064,13266,14330
702,2021-10-02,776,12031,12807
702,2021-10-03,353,8000,8353
702,2021-10-04,1013,12055,13068
702,2021-10-05,980,12207,13187
702,2021-10-06,956,12393,13349
702,2021-10-07,994,12623,13617
702,2021-10-08,1024,14055,15079
702,2021-10-09,810,11996,12806
702,2021-10-10,462,8553,9015
702,2021-10-11,989,12326,13315
702,2021-10-12,945,12407,13352
702,2021-10-13,1055,12147,13202
702,2021-10-14,1036,12731,13767
702,2021-10-15,901,12816,13717
702,2021-10-16,821,10294,11115
702,2021-10-17,412,7388,7800
702,2021-10-18,985,12510,13495
702,2021-10-19,991,12385,13376
702,2021-10-20,929,12114,13043
702,2021-10-21,865,12010,12875
702,2021-10-22,991,12858,13849
702,2021-10-23,855,12446,13301
702,2021-10-24,465,8464,8929
702,2021-10-25,978,11761,12739
702,2021-10-26,1016,13696,14712
702,2021-10-27,955,12430,13385
702,2021-10-28,1001,12906,13907
702,2021-10-29,940,13577,14517
702,2021-10-30,875,11702,12577
702,2021-11-01,528,6853,7381
702,2021-11-02,1054,11722,12776
702,2021-11-03,1040,11779,12819
702,2021-11-04,1194,12439,13633
702,2021-11-05,1182,12401,13583
702,2021-11-06,939,11258,12197
702,2021-11-07,532,8108,8640
702,2021-11-08,1001,12010,13011
702,2021-11-09,981,12153,13134
702,2021-11-10,1118,11744,12862
702,2021-11-11,1033,12331,13364
702,2021-11-12,990,13036,14026
702,2021-11-13,755,11765,12520
702,2021-11-14,391,7730,8121
702,2021-11-15,1038,11923,12961
702,2021-11-16,978,11926,12904
702,2021-11-17,1045,11969,13014
702,2021-11-18,1067,12439,13506
702,2021-11-19,1062,15882,16944
702,2021-11-20,1086,21501,22587
702,2021-11-21,447,15906,16353
702,2021-11-22,1037,12346,13383
702,2021-11-23,1024,12520,13544
702,2021-11-24,1072,12357,13429
702,2021-11-25,979,12635,13614
702,2021-11-26,887,13134,14021
702,2021-11-27,742,11253,11995
702,2021-11-28,404,7339,7743
702,2021-11-29,957,12215,13172
702,2021-11-30,855,12339,13194
702,2021-12-01,847,12224,13071
702,2021-12-02,956,12501,13457
702,2021-12-03,971,13049,14020
702,2021-12-04,801,11556,12357
702,2021-12-05,388,7805,8193
702,2021-12-06,986,11955,12941
702,2021-12-07,982,12651,13633
702,2021-12-08,1020,12567,13587
702,2021-12-09,933,12405,13338
702,2021-12-10,828,12866,13694
702,2021-12-11,777,11988,12765
702,2021-12-12,384,7647,8031
702,2021-12-13,963,11976,12939
702,2021-12-14,975,12860,13835
702,2021-12-15,890,12293,13183
702,2021-12-16,953,13329,14282
702,2021-12-17,904,13300,14204
702,2021-12-18,782,11855,12637
702,2021-12-19,391,7869,8260
702,2021-12-20,896,11972,12868
702,2021-12-21,921,12526,13447
702,2021-12-22,927,12601,13528
702,2021-12-23,856,13193,14049
702,2021-12-24,671,11203,11874
702,2021-12-25,306,7846,8152
702,2021-12-26,357,5764,6121
702,2021-12-27,784,10554,11338
702,2021-12-28,780,11007,11787
702,2021-12-29,808,11267,12075
702,2021-12-30,782,11463,12245
702,2021-12-31,825,11150,11975
703,2021-04-01,1180,21278,22458
703,2021-04-02,1143,21786,22929
703,2021-04-03,630,17474,18104
703,2021-04-04,244,12025,12269
703,2021-04-05,278,10632,10910
703,2021-04-06,1158,20050,21208
703,2021-04-07,1305,20631,21936
703,2021-04-08,1168,21032,22200
703,2021-04-09,1200,20950,22150
703,2021-04-10,456,15811,16267
703,2021-04-11,104,10224,10328
703,2021-04-12,1172,19035,20207
703,2021-04-13,1197,19780,20977
703,2021-04-14,1206,20091,21297
703,2021-04-15,1245,20163,21408
703,2021-04-16,1147,20553,21700
703,2021-04-17,514,16384,16898
703,2021-04-18,163,11340,11503
703,2021-04-19,1229,19219,20448
703,2021-04-20,1262,19776,21038
703,2021-04-21,1309,20373,21682
703,2021-04-22,1289,20529,21818
703,2021-04-23,1230,21409,22639
703,2021-04-24,532,18253,18785
703,2021-04-25,185,13963,14148
703,2021-04-26,1341,19649,20990
703,2021-04-27,1260,20326,21586
703,2021-04-28,1196,20265,21461
703,2021-04-29,1235,20950,22185
703,2021-04-30,1204,21942,23146
703,2021-05-01,174,14222,14396
703,2021-05-02,156,12827,12983
703,2021-05-03,1198,20022,21220
703,2021-05-04,1223,20737,21960
703,2021-05-05,1169,21039,22208
703,2021-05-06,1243,21325,22568
703,2021-05-07,1331,21592,22923
703,2021-05-08,511,18407,18918
703,2021-05-09,187,14538,14725
703,2021-05-10,1384,19889,21273
703,2021-05-11,1409,20825,22234
703,2021-05-12,1437,21173,22610
703,2021-05-13,258,14095,14353
703,2021-05-14,906,20683,21589
703,2021-05-15,507,17734,18241
703,2021-05-16,288,12823,13111
703,2021-05-17,1276,19827,21103
703,2021-05-18,1256,20458,21714
703,2021-05-19,1299,20584,21883
703,2021-05-20,1391,20948,22339
703,2021-05-21,1343,21342,22685
703,2021-05-22,665,17749,18414
703,2021-05-23,294,12238,12532
703,2021-05-24,425,11416,11841
703,2021-05-25,1457,19101,20558
703,2021-05-26,1446,19852,21298
703,2021-05-27,1510,19169,20679
703,2021-05-28,1417,20149,21566
703,2021-05-29,1131,22261,23392
703,2021-05-30,492,15392,15884
703,2021-05-31,1233,20894,22127
703,2021-06-01,1203,21312,22515
703,2021-06-02,1186,20826,22012
703,2021-06-03,1199,21098,22297
703,2021-06-04,1508,23486,24994
703,2021-06-05,501,19458,19959
703,2021-06-06,236,13529,13765
703,2021-06-07,1200,20946,22146
703,2021-06-08,1185,21599,22784
703,2021-06-09,1170,21557,22727
703,2021-06-10,1184,22008,23192
703,2021-06-11,1052,22258,23310
703,2021-06-12,533,19990,20523
703,2021-06-13,210,15713,15923
703,2021-06-14,1128,20846,21974
703,2021-06-15,1202,21089,22291
703,2021-06-16,1244,21539,22783
703,2021-06-17,1121,21403,22524
703,2021-06-18,1150,22015,23165
703,2021-06-19,582,20582,21164
703,2021-06-20,177,14356,14533
703,2021-06-21,1283,20192,21475
703,2021-06-22,1166,21290,22456
703,2021-06-23,265,13315,13580
703,2021-06-24,1211,20396,21607
703,2021-06-25,1194,21875,23069
703,2021-06-26,590,19307,19897
703,2021-06-27,268,13865,14133
703,2021-06-28,1221,20651,21872
703,2021-06-29,1235,21027,22262
703,2021-06-30,1189,21212,22401
703,2021-07-01,1235,21735,22970
703,2021-07-02,1121,22354,23475
703,2021-07-03,540,20380,20920
703,2021-07-04,273,14232,14505
703,2021-07-05,1236,20686,21922
703,2021-07-06,1137,20945,22082
703,2021-07-07,1177,21477,22654
703,2021-07-08,1257,21572,22829
703,2021-07-09,1261,21831,23092
703,2021-07-10,488,19078,19566
703,2021-07-11,173,14051,14224
703,2021-07-12,1116,21210,22326
703,2021-07-13,1050,20663,21713
703,2021-07-14,1087,20493,21580
703,2021-07-15,1037,16395,17432
703,2021-07-16,1212,20437,21649
703,2021-07-17,670,18811,19481
703,2021-07-18,349,15425,15774
703,2021-07-19,1417,20246,21663
703,2021-07-20,1505,20506,22011
703,2021-07-21,1400,20910,22310
703,2021-07-22,1376,20707,22083
703,2021-07-23,1463,21171,22634
703,2021-07-24,681,17193,17874
703,2021-07-25,367,13452,13819
703,2021-07-26,1607,20026,21633
703,2021-07-27,1660,21152,22812
703,2021-07-28,1320,20430,21750
703,2021-07-29,1267,20874,22141
703,2021-07-30,1167,20555,21722
703,2021-07-31,654,16763,17417
703,2021-08-01,394,13423,13817
703,2021-08-02,1140,18387,19527
703,2021-08-03,1148,18382,19530
703,2021-08-04,1159,18757,19916
703,2021-08-05,1121,18627,19748
703,2021-08-06,1102,18810,19912
703,2021-08-07,510,15084,15594
703,2021-08-08,195,11729,11924
703,2021-08-09,849,17238,18087
703,2021-08-10,849,17823,18672
703,2021-08-11,888,18179,19067
703,2021-08-12,869,18313,19182
703,2021-08-13,918,18563,19481
703,2021-08-14,490,15725,16215
703,2021-08-15,266,13466,13732
703,2021-08-16,938,16107,17045
703,2021-08-17,920,16965,17885
703,2021-08-18,885,17466,18351
703,2021-08-19,934,17636,18570
703,2021-08-20,887,17928,18815
703,2021-08-21,445,15364,15809
703,2021-08-22,185,11515,11700
703,2021-08-23,1096,17754,18850
703,2021-08-24,1151,18427,19578
703,2021-08-25,1291,19011,20302
703,2021-08-26,1291,19165,20456
703,2021-08-27,1217,19315,20532
703,2021-08-28,495,15287,15782
703,2021-08-29,195,12251,12446
703,2021-08-30,1321,18276,19597
703,2021-08-31,1285,19061,20346
703,2021-09-01,1493,19313,20806
703,2021-09-02,1347,19550,20897
703,2021-09-03,1379,20268,21647
703,2021-09-04,580,17420,18000
703,2021-09-05,212,14220,14432
703,2021-09-06,1430,19190,20620
703,2021-09-07,1459,20161,21620
703,2021-09-08,1303,20152,21455
703,2021-09-09,1404,19818,21222
703,2021-09-10,1304,20535,21839
703,2021-09-11,540,17614,18154
703,2021-09-12,228,14403,14631
703,2021-09-13,1196,20251,21447
703,2021-09-14,1290,19772,21062
703,2021-09-15,1187,20054,21241
703,2021-09-16,1215,21004,22219
703,2021-09-17,1204,21655,22859
703,2021-09-18,587,19328,19915
703,2021-09-19,213,15245,15458
703,2021-09-20,1203,19785,20988
703,2021-09-21,1232,21146,22378
703,2021-09-22,1207,20684,21891
703,2021-09-23,1248,20722,21970
703,2021-09-24,1283,21377,22660
703,2021-09-25,565,19634,20199
703,2021-09-26,208,14958,15166
703,2021-09-27,1222,19821,21043
703,2021-09-28,1210,20726,21936
703,2021-09-29,1202,20763,21965
703,2021-09-30,1336,21287,22623
703,2021-10-01,1182,21628,22810
703,2021-10-02,451,19021,19472
703,2021-10-03,195,13547,13742
703,2021-10-04,1270,19684,20954
703,2021-10-05,1234,20533,21767
703,2021-10-06,1219,20839,22058
703,2021-10-07,1298,20707,22005
703,2021-10-08,1133,17540,18673
703,2021-10-09,532,18955,19487
703,2021-10-10,222,15407,15629
703,2021-10-11,1246,20230,21476
703,2021-10-12,1311,20380,21691
703,2021-10-13,1177,20892,22069
703,2021-10-14,1292,21155,22447
703,2021-10-15,1186,21686,22872
703,2021-10-16,519,19864,20383
703,2021-10-17,204,15199,15403
703,2021-10-18,1288,20514,21802
703,2021-10-19,1349,20467,21816
703,2021-10-20,1290,20228,21518
703,2021-10-21,1283,20614,21897
703,2021-10-22,1321,21483,22804
703,2021-10-23,518,18379,18897
703,2021-10-24,188,15174,15362
703,2021-10-25,1267,19902,21169
703,2021-10-26,1064,19598,20662
703,2021-10-27,1164,20931,22095
703,2021-10-28,1278,21611,22889
703,2021-10-29,1223,21824,23047
703,2021-10-30,617,17792,18409
703,2021-11-01,343,12612,12955
703,2021-11-02,1373,19031,20404
703,2021-11-03,1342,19087,20429
703,2021-11-04,1413,18618,20031
703,2021-11-05,1428,20341,21769
703,2021-11-06,684,17291,17975
703,2021-11-07,343,12993,13336
703,2021-11-08,1267,20001,21268
703,2021-11-09,1142,20417,21559
703,2021-11-10,1244,20431,21675
703,2021-11-11,1189,20670,21859
703,2021-11-12,1140,21264,22404
703,2021-11-13,438,18387,18825
703,2021-11-14,140,13139,13279
703,2021-11-15,1284,19760,21044
703,2021-11-16,1253,20588,21841
703,2021-11-17,1183,20290,21473
703,2021-11-18,1287,20577,21864
703,2021-11-19,1257,23639,24896
703,2021-11-20,795,24130,24925
703,2021-11-21,236,19126,19362
703,2021-11-22,1291,19613,20904
703,2021-11-23,1338,20574,21912
703,2021-11-24,1307,20684,21991
703,2021-11-25,1343,21124,22467
703,2021-12-02,1278,21479,22757
703,2021-12-03,1192,21264,22456
703,2021-12-04,475,17385,17860
703,2021-12-05,154,11982,12136
703,2021-12-06,1131,19623,20754
703,2021-12-07,1107,20892,21999
703,2021-12-08,1216,21125,22341
703,2021-12-09,1225,20875,22100
703,2021-12-10,1092,20973,22065
703,2021-12-11,444,18481,18925
703,2021-12-12,108,13103,13211
703,2021-12-13,1157,19676,20833
703,2021-12-14,1125,21087,22212
703,2021-12-15,1119,21230,22349
703,2021-12-16,1178,21366,22544
703,2021-12-17,1018,22037,23055
703,2021-12-18,361,17024,17385
703,2021-12-19,139,12501,12640
703,2021-12-20,809,18508,19317
703,2021-12-21,790,19532,20322
703,2021-12-22,748,19734,20482
703,2021-12-23,683,19251,19934
703,2021-12-24,433,15868,16301
703,2021-12-25,84,11629,11713
703,2021-12-26,70,9315,9385
703,2021-12-27,509,14746,15255
703,2021-12-28,520,16224,16744
703,2021-12-29,514,16699,17213
703,2021-12-30,545,16916,17461
703,2021-12-31,402,14765,15167
704,2021-01-01,50,1242,1292
704,2021-01-02,67,1859,1926
704,2021-01-03,49,1609,1658
704,2021-01-04,146,2695,2841
704,2021-01-05,156,2920,3076
704,2021-01-06,146,2990,3136
704,2021-01-07,159,3002,3161
704,2021-01-08,180,3165,3345
704,2021-01-09,89,2342,2431
704,2021-01-10,52,1951,2003
704,2021-01-11,251,3700,3951
704,2021-01-12,252,3802,4054
704,2021-01-13,269,3989,4258
704,2021-01-14,202,3700,3902
704,2021-01-15,245,3922,4167
704,2021-01-16,81,2561,2642
704,2021-01-17,58,1832,1890
704,2021-01-18,259,3795,4054
704,2021-01-19,261,3873,4134
704,2021-01-20,263,3800,4063
704,2021-01-21,329,3892,4221
704,2021-01-22,394,4053,4447
704,2021-01-23,86,2678,2764
704,2021-01-24,52,1971,2023
704,2021-01-25,295,3842,4137
704,2021-01-26,317,3944,4261
704,2021-01-27,240,3886,4126
704,2021-01-28,172,3729,3901
704,2021-01-29,257,4131,4388
704,2021-01-30,87,2561,2648
704,2021-01-31,64,1944,2008
704,2021-02-01,244,3782,4026
704,2021-02-02,255,3983,4238
704,2021-02-03,233,3811,4044
704,2021-02-04,277,3934,4211
704,2021-02-05,317,4009,4326
704,2021-02-06,85,2529,2614
704,2021-02-07,53,2015,2068
704,2021-02-08,283,3550,3833
704,2021-02-09,240,3665,3905
704,2021-02-10,234,3807,4041
704,2021-02-11,202,3756,3958
704,2021-02-12,228,3867,4095
704,2021-02-13,81,2696,2777
704,2021-02-14,54,2166,2220
704,2021-02-15,191,3418,3609
704,2021-02-16,254,3802,4056
704,2021-02-17,268,3804,4072
704,2021-02-18,303,3877,4180
704,2021-02-19,261,3988,4249
704,2021-02-20,105,3003,3108
704,2021-02-21,68,3046,3114
704,2021-02-22,369,3788,4157
704,2021-02-23,339,3962,4301
704,2021-02-24,337,4246,4583
704,2021-02-25,336,4109,4445
704,2021-02-26,288,4045,4333
704,2021-02-27,109,2904,3013
704,2021-02-28,59,2542,2601
704,2021-03-01,266,3970,4236
704,2021-03-02,324,4122,4446
704,2021-03-03,300,4174,4474
704,2021-03-04,272,4044,4316
704,2021-03-05,299,4113,4412
704,2021-03-06,102,2733,2835
704,2021-03-07,51,2437,2488
704,2021-03-08,254,3930,4184
704,2021-03-09,271,3989,4260
704,2021-03-10,328,4124,4452
704,2021-03-11,277,3957,4234
704,2021-03-12,288,3936,4224
704,2021-03-13,116,2631,2747
704,2021-03-14,62,1991,2053
704,2021-03-15,304,3776,4080
704,2021-03-16,340,3945,4285
704,2021-03-17,343,4051,4394
704,2021-03-18,336,3899,4235
704,2021-03-19,311,4048,4359
704,2021-03-20,117,2951,3068
704,2021-03-21,61,2169,2230
704,2021-03-22,351,3857,4208
704,2021-03-23,344,3967,4311
704,2021-03-24,364,4125,4489
704,2021-03-25,381,4044,4425
704,2021-03-26,356,4191,4547
704,2021-03-27,104,2937,3041
704,2021-03-29,396,4069,4465
704,2021-03-30,386,4286,4672
704,2021-03-31,366,4223,4589
704,2021-04-01,391,4335,4726
704,2021-04-02,282,4300,4582
704,2021-04-03,106,3002,3108
704,2021-04-04,76,2503,2579
704,2021-04-05,84,1874,1958
704,2021-04-06,286,3783,4069
704,2021-04-07,329,3865,4194
704,2021-04-08,312,4074,4386
704,2021-04-09,339,4183,4522
704,2021-04-10,102,2711,2813
704,2021-04-11,57,1921,1978
704,2021-04-12,313,3910,4223
704,2021-04-13,313,4086,4399
704,2021-04-14,333,4053,4386
704,2021-04-23,258,4097,4355
704,2021-04-24,96,3531,3627
704,2021-04-25,57,3407,3464
704,2021-04-26,286,4072,4358
704,2021-04-27,323,4312,4635
704,2021-04-28,302,4311,4613
704,2021-04-29,322,4272,4594
704,2021-04-30,368,4586,4954
704,2021-05-01,108,2861,2969
704,2021-05-02,109,2800,2909
704,2021-05-03,330,4234,4564
704,2021-05-04,318,4146,4464
704,2021-05-05,330,4290,4620
704,2021-05-06,312,4183,4495
704,2021-05-07,338,4345,4683
704,2021-05-08,162,3471,3633
704,2021-05-09,97,3645,3742
704,2021-05-10,351,4087,4438
704,2021-05-11,383,4162,4545
704,2021-05-12,410,4644,5054
704,2021-05-13,156,3140,3296
704,2021-05-14,251,4212,4463
704,2021-05-15,145,3278,3423
704,2021-05-16,155,2909,3064
704,2021-05-17,343,4132,4475
704,2021-05-18,317,4181,4498
704,2021-05-19,458,4091,4549
704,2021-05-20,453,4396,4849
704,2021-05-21,447,4560,5007
704,2021-05-22,142,3280,3422
704,2021-05-23,76,2951,3027
704,2021-05-24,141,2498,2639
704,2021-05-25,336,3878,4214
704,2021-05-26,343,4020,4363
704,2021-05-27,447,4079,4526
704,2021-05-28,448,4291,4739
704,2021-05-29,216,3558,3774
704,2021-05-30,119,3714,3833
704,2021-05-31,354,4164,4518
704,2021-06-01,381,4402,4783
704,2021-06-02,429,4429,4858
704,2021-06-03,299,4373,4672
704,2021-06-04,434,4524,4958
704,2021-06-05,143,3375,3518
704,2021-06-06,125,2844,2969
704,2021-06-07,427,4242,4669
704,2021-06-08,403,4309,4712
704,2021-06-09,390,4488,4878
704,2021-06-10,405,4543,4948
704,2021-06-11,392,4635,5027
704,2021-06-12,180,3854,4034
704,2021-06-13,91,3762,3853
704,2021-06-14,379,4408,4787
704,2021-06-15,400,4595,4995
704,2021-06-16,465,4501,4966
704,2021-06-17,421,4471,4892
704,2021-06-18,378,4596,4974
704,2021-06-19,138,3762,3900
704,2021-06-20,98,2891,2989
704,2021-06-21,423,4206,4629
704,2021-06-22,371,4238,4609
704,2021-06-23,112,3004,3116
704,2021-06-24,347,4115,4462
704,2021-06-25,352,4551,4903
704,2021-06-26,121,3718,3839
704,2021-06-27,91,3027,3118
704,2021-06-28,322,4140,4462
704,2021-06-29,321,4285,4606
704,2021-06-30,330,4470,4800
704,2021-07-01,374,4529,4903
704,2021-07-02,421,4625,5046
704,2021-07-03,126,3803,3929
704,2021-07-04,65,2775,2840
704,2021-07-05,385,4167,4552
704,2021-07-06,384,4299,4683
704,2021-07-07,360,4563,4923
704,2021-07-08,286,4375,4661
704,2021-07-09,318,4591,4909
704,2021-07-10,116,3774,3890
704,2021-07-11,84,3481,3565
704,2021-07-12,310,4360,4670
704,2021-07-13,268,4400,4668
704,2021-07-14,304,4150,4454
704,2021-07-17,99,2783,2882
704,2021-07-18,118,2677,2795
704,2021-07-19,298,3983,4281
704,2021-07-20,319,4340,4659
704,2021-07-21,318,4486,4804
704,2021-07-22,321,4335,4656
704,2021-07-23,393,4467,4860
704,2021-07-24,169,3155,3324
704,2021-07-25,68,2609,2677
704,2021-07-26,375,4143,4518
704,2021-07-27,290,4002,4292
704,2021-07-28,295,4410,4705
704,2021-07-29,261,4473,4734
704,2021-07-30,269,4272,4541
704,2021-07-31,165,3597,3762
704,2021-08-01,119,3071,3190
704,2021-08-02,175,3612,3787
704,2021-08-03,179,3773,3952
704,2021-08-04,171,3750,3921
704,2021-08-05,155,3781,3936
704,2021-08-06,168,3797,3965
704,2021-08-07,104,3095,3199
704,2021-08-08,72,2654,2726
704,2021-08-09,160,3529,3689
704,2021-08-10,161,3621,3782
704,2021-08-11,162,3894,4056
704,2021-08-12,154,4040,4194
704,2021-08-13,158,4088,4246
704,2021-08-14,115,3663,3778
704,2021-08-15,123,3543,3666
704,2021-08-16,160,3398,3558
704,2021-08-17,192,3445,3637
704,2021-08-18,178,3672,3850
704,2021-08-19,187,3688,3875
704,2021-08-20,204,3975,4179
704,2021-08-21,132,3567,3699
704,2021-08-22,84,2616,2700
704,2021-08-23,207,3515,3722
704,2021-08-24,236,3809,4045
704,2021-08-25,292,4038,4330
704,2021-08-26,279,3685,3964
704,2021-08-27,280,3743,4023
704,2021-08-28,141,2816,2957
704,2021-08-29,79,2273,2352
704,2021-08-30,252,3537,3789
704,2021-08-31,278,3706,3984
704,2021-09-01,302,3929,4231
704,2021-09-02,256,4036,4292
704,2021-09-03,232,4034,4266
704,2021-09-04,142,3635,3777
704,2021-09-05,86,3491,3577
704,2021-09-06,247,3692,3939
704,2021-09-07,282,4081,4363
704,2021-09-08,300,4208,4508
704,2021-09-09,238,3822,4060
704,2021-09-10,256,4025,4281
704,2021-09-11,141,3302,3443
704,2021-09-12,115,2991,3106
704,2021-09-13,255,3982,4237
704,2021-09-14,286,4063,4349
704,2021-09-15,283,4065,4348
704,2021-09-16,295,4109,4404
704,2021-09-17,286,4309,4595
704,2021-09-18,133,3611,3744
704,2021-09-19,72,3058,3130
704,2021-09-20,322,3813,4135
704,2021-09-21,309,4015,4324
704,2021-09-22,326,4115,4441
704,2021-09-23,289,3922,4211
704,2021-09-24,296,4327,4623
704,2021-09-25,110,3798,3908
704,2021-09-26,79,2716,2795
704,2021-09-27,316,3846,4162
704,2021-09-28,359,4107,4466
704,2021-09-29,311,4038,4349
704,2021-09-30,306,4032,4338
704,2021-10-01,282,4195,4477
704,2021-10-02,100,3173,3273
704,2021-10-03,57,2487,2544
704,2021-10-04,290,3895,4185
704,2021-10-05,261,3797,4058
704,2021-10-06,280,3874,4154
704,2021-10-07,279,4045,4324
704,2021-10-08,251,4116,4367
704,2021-10-09,112,3447,3559
704,2021-10-10,72,3111,3183
704,2021-10-11,294,3747,4041
704,2021-10-12,298,3973,4271
704,2021-10-13,317,3979,4296
704,2021-10-14,295,3922,4217
704,2021-10-15,307,3998,4305
704,2021-10-16,114,3255,3369
704,2021-10-17,70,2926,2996
704,2021-10-18,327,3921,4248
704,2021-10-20,397,3904,4301
704,2021-10-21,255,3819,4074
704,2021-10-22,333,4064,4397
704,2021-10-23,109,3102,3211
704,2021-10-24,62,2628,2690
704,2021-10-25,308,3836,4144
704,2021-10-26,297,3925,4222
704,2021-10-27,289,3944,4233
704,2021-10-28,304,4112,4416
704,2021-10-29,300,4191,4491
704,2021-10-30,87,2953,3040
704,2021-11-01,56,2288,2344
704,2021-11-02,241,3802,4043
704,2021-11-03,284,3679,3963
704,2021-11-04,240,3727,3967
704,2021-11-05,282,3888,4170
704,2021-11-06,106,3029,3135
704,2021-11-07,71,2373,2444
704,2021-11-08,259,3571,3830
704,2021-11-09,269,3743,4012
704,2021-11-10,273,3826,4099
704,2021-11-11,295,3880,4175
704,2021-11-12,301,3951,4252
704,2021-11-13,111,2898,3009
704,2021-11-14,67,2119,2186
704,2021-11-15,267,3648,3915
704,2021-11-16,302,3704,4006
704,2021-11-17,274,3712,3986
704,2021-11-18,263,3797,4060
704,2021-11-19,279,3827,4106
704,2021-11-20,107,2784,2891
704,2021-11-21,54,2048,2102
704,2021-11-22,237,3464,3701
704,2021-11-23,243,3780,4023
704,2021-11-24,269,3584,3853
704,2021-11-25,245,3630,3875
704,2021-11-26,253,3758,4011
704,2021-11-27,76,2760,2836
704,2021-11-28,52,2153,2205
704,2021-11-29,261,3605,3866
704,2021-11-30,253,3709,3962
704,2021-12-01,237,3691,3928
704,2021-12-02,239,3757,3996
704,2021-12-03,255,3908,4163
704,2021-12-04,68,2719,2787
704,2021-12-05,61,2016,2077
704,2021-12-06,246,3527,3773
704,2021-12-07,247,3778,4025
704,2021-12-08,258,3747,4005
704,2021-12-09,246,3714,3960
704,2021-12-10,251,3752,4003
704,2021-12-11,103,2811,2914
704,2021-12-12,58,1968,2026
704,2021-12-13,266,3538,3804
704,2021-12-14,308,3719,4027
704,2021-12-15,303,3809,4112
704,2021-12-16,314,3747,4061
704,2021-12-17,314,3896,4210
704,2021-12-18,94,2599,2693
704,2021-12-19,63,1971,2034
704,2021-12-20,161,2969,3130
704,2021-12-21,171,3163,3334
704,2021-12-22,165,3136,3301
704,2021-12-23,134,2902,3036
704,2021-12-24,85,2335,2420
704,2021-12-25,47,1681,1728
704,2021-12-26,48,1598,1646
704,2021-12-27,100,2386,2486
704,2021-12-28,105,2601,2706
704,2021-12-29,111,2584,2695
704,2021-12-30,101,2697,2798
704,2021-12-31,102,2470,2572
705,2021-01-02,88,2874,2962
705,2021-01-03,25,2435,2460
705,2021-01-04,198,4060,4258
705,2021-01-05,226,4304,4530
705,2021-01-06,236,4297,4533
705,2021-01-07,248,4098,4346
705,2021-01-08,243,4377,4620
705,2021-01-09,129,3327,3456
705,2021-01-10,30,2580,2610
705,2021-01-11,337,5217,5554
705,2021-01-12,301,5093,5394
705,2021-01-13,363,5075,5438
705,2021-01-14,324,5006,5330
705,2021-01-15,311,5398,5709
705,2021-01-16,124,3816,3940
705,2021-01-17,28,2477,2505
705,2021-01-18,359,5066,5425
705,2021-01-19,355,5339,5694
705,2021-01-20,385,5310,5695
705,2021-01-21,341,5154,5495
705,2021-01-22,370,5619,5989
705,2021-01-23,107,3612,3719
705,2021-01-24,36,2499,2535
705,2021-01-25,305,5121,5426
705,2021-01-26,372,5426,5798
705,2021-01-27,319,5082,5401
705,2021-01-28,278,5204,5482
705,2021-01-29,277,5323,5600
705,2021-01-30,106,3760,3866
705,2021-01-31,28,2410,2438
705,2021-02-01,303,5040,5343
705,2021-02-02,318,5109,5427
705,2021-02-03,309,5077,5386
705,2021-02-04,412,5488,5900
705,2021-02-05,397,5527,5924
705,2021-02-06,126,3823,3949
705,2021-02-07,27,2527,2554
705,2021-02-08,370,4732,5102
705,2021-02-09,341,5012,5353
705,2021-02-10,364,5006,5370
705,2021-02-11,323,5018,5341
705,2021-02-12,352,5244,5596
705,2021-02-13,156,4037,4193
705,2021-02-14,41,2759,2800
705,2021-02-15,345,4493,4838
705,2021-02-16,341,4974,5315
705,2021-02-17,348,5023,5371
705,2021-02-18,346,4976,5322
705,2021-02-19,359,5259,5618
705,2021-02-20,150,4059,4209
705,2021-02-21,37,3121,3158
705,2021-02-22,397,5066,5463
705,2021-02-23,381,5469,5850
705,2021-02-24,381,5454,5835
705,2021-02-25,376,5619,5995
705,2021-02-26,377,5732,6109
705,2021-02-27,195,4215,4410
705,2021-02-28,39,3030,3069
705,2021-03-01,434,5375,5809
705,2021-03-02,439,5677,6116
705,2021-03-03,420,5583,6003
705,2021-03-04,384,5509,5893
705,2021-03-05,420,6211,6631
705,2021-03-06,378,8054,8432
705,2021-03-07,86,5613,5699
705,2021-03-08,399,4980,5379
705,2021-03-09,373,4986,5359
705,2021-03-10,436,5244,5680
705,2021-03-11,407,5504,5911
705,2021-03-12,376,5340,5716
705,2021-03-13,155,3643,3798
705,2021-03-14,27,2297,2324
705,2021-03-15,347,4822,5169
705,2021-03-16,353,4792,5145
705,2021-03-17,374,4651,5025
705,2021-03-18,338,4014,4352
705,2021-03-19,364,4229,4593
705,2021-03-20,162,3522,3684
705,2021-03-21,32,2226,2258
705,2021-03-22,333,4076,4409
705,2021-03-23,322,4325,4647
705,2021-03-24,314,3849,4163
705,2021-03-25,354,5089,5443
705,2021-03-26,295,4055,4350
705,2021-03-27,121,3057,3178
705,2021-03-29,416,5556,5972
705,2021-03-30,388,5740,6128
705,2021-03-31,497,6957,7454
705,2021-04-01,389,5776,6165
705,2021-04-02,402,6188,6590
705,2021-04-03,167,4357,4524
705,2021-04-04,30,2790,2820
705,2021-04-05,26,2570,2596
705,2021-04-06,367,5694,6061
705,2021-04-07,429,5572,6001
705,2021-04-08,385,5768,6153
705,2021-04-09,351,5647,5998
705,2021-04-10,109,3782,3891
705,2021-04-11,19,2360,2379
705,2021-04-12,345,5114,5459
705,2021-04-13,544,6522,7066
705,2021-04-14,385,5424,5809
705,2021-04-15,377,5319,5696
705,2021-04-16,446,5312,5758
705,2021-04-17,104,2628,2732
705,2021-04-18,34,2737,2771
705,2021-04-19,375,5216,5591
705,2021-04-20,370,5328,5698
705,2021-04-21,444,5775,6219
705,2021-04-22,409,5706,6115
705,2021-04-23,424,5934,6358
705,2021-04-24,197,4472,4669
705,2021-04-25,40,3334,3374
705,2021-04-26,428,5623,6051
705,2021-04-27,423,5792,6215
705,2021-04-28,416,5630,6046
705,2021-04-29,412,5697,6109
705,2021-04-30,405,6111,6516
705,2021-05-02,32,3028,3060
705,2021-05-03,418,5526,5944
705,2021-05-04,406,5777,6183
705,2021-05-05,412,5689,6101
705,2021-05-06,367,5481,5848
705,2021-05-07,422,6076,6498
705,2021-05-08,188,4328,4516
705,2021-05-09,42,3421,3463
705,2021-05-10,417,5415,5832
705,2021-05-11,422,5745,6167
705,2021-05-12,427,6024,6451
705,2021-05-13,71,3160,3231
705,2021-05-14,303,5208,5511
705,2021-05-15,150,4085,4235
705,2021-05-16,70,2861,2931
705,2021-05-17,410,5595,6005
705,2021-05-18,371,5895,6266
705,2021-05-19,412,5788,6200
705,2021-05-20,396,5718,6114
705,2021-05-21,423,6024,6447
705,2021-05-22,200,6099,6299
705,2021-05-23,40,2977,3017
705,2021-05-24,44,2309,2353
705,2021-05-25,320,5045,5365
705,2021-05-26,326,5474,5800
705,2021-05-27,365,5796,6161
705,2021-05-28,382,5964,6346
705,2021-05-29,219,4843,5062
705,2021-05-30,38,3539,3577
705,2021-05-31,419,5460,5879
705,2021-06-01,398,5586,5984
705,2021-06-02,388,5267,5655
705,2021-06-03,346,5402,5748
705,2021-06-04,350,5270,5620
705,2021-06-05,162,4425,4587
705,2021-06-06,42,3177,3219
705,2021-06-07,345,5189,5534
705,2021-06-08,342,5662,6004
705,2021-06-09,370,5425,5795
705,2021-06-10,380,5516,5896
705,2021-06-11,411,5754,6165
705,2021-06-12,161,4729,4890
705,2021-06-13,48,3418,3466
705,2021-06-14,399,5382,5781
705,2021-06-15,399,5533,5932
705,2021-06-16,428,5502,5930
705,2021-06-17,398,5499,5897
705,2021-06-18,378,5395,5773
705,2021-06-19,201,4376,4577
705,2021-06-20,42,3116,3158
705,2021-06-21,409,5170,5579
705,2021-06-22,367,5540,5907
705,2021-06-23,49,2750,2799
705,2021-06-24,299,5029,5328
705,2021-06-25,396,5521,5917
705,2021-06-26,179,4261,4440
705,2021-06-27,55,3116,3171
705,2021-06-28,389,5231,5620
705,2021-06-29,347,5550,5897
705,2021-06-30,351,5284,5635
705,2021-07-01,369,5471,5840
705,2021-07-02,370,5754,6124
705,2021-07-03,182,4546,4728
705,2021-07-04,49,3154,3203
705,2021-07-05,372,5383,5755
705,2021-07-06,353,5400,5753
705,2021-07-07,414,5498,5912
705,2021-07-08,392,5684,6076
705,2021-07-09,398,5621,6019
705,2021-07-10,193,4519,4712
705,2021-07-11,39,3440,3479
705,2021-07-12,335,5362,5697
705,2021-07-13,280,5154,5434
705,2021-07-14,278,4608,4886
705,2021-07-15,260,4862,5122
705,2021-07-16,313,5460,5773
705,2021-07-17,154,4158,4312
705,2021-07-18,53,3325,3378
705,2021-07-19,370,5015,5385
705,2021-07-20,355,5460,5815
705,2021-07-21,392,5423,5815
705,2021-07-22,371,5289,5660
705,2021-07-23,383,5442,5825
705,2021-07-24,184,3717,3901
705,2021-07-25,55,2959,3014
705,2021-07-26,314,4964,5278
705,2021-07-27,308,4943,5251
705,2021-07-28,331,5106,5437
705,2021-07-29,297,4914,5211
705,2021-07-30,293,4867,5160
705,2021-07-31,181,3605,3786
705,2021-08-01,79,3272,3351
705,2021-08-02,249,4360,4609
705,2021-08-03,249,4431,4680
705,2021-08-04,276,4591,4867
705,2021-08-05,232,4460,4692
705,2021-08-06,248,4549,4797
705,2021-08-07,126,3462,3588
705,2021-08-08,38,2835,2873
705,2021-08-09,204,4017,4221
705,2021-08-10,209,4281,4490
705,2021-08-11,226,4410,4636
705,2021-08-12,234,4299,4533
705,2021-08-13,240,4474,4714
705,2021-08-14,177,3440,3617
705,2021-08-15,64,2767,2831
705,2021-08-16,228,3799,4027
705,2021-08-17,247,3981,4228
705,2021-08-18,248,4316,4564
705,2021-08-19,216,4312,4528
705,2021-08-20,257,4684,4941
705,2021-08-21,147,3303,3450
705,2021-08-22,45,2769,2814
705,2021-08-23,260,4400,4660
705,2021-08-24,326,4679,5005
705,2021-08-25,363,4870,5233
705,2021-08-26,363,4817,5180
705,2021-08-27,327,4735,5062
705,2021-08-28,152,3388,3540
705,2021-08-29,36,2732,2768
705,2021-08-30,357,4763,5120
705,2021-08-31,382,4937,5319
705,2021-09-01,390,5046,5436
705,2021-09-02,352,5102,5454
705,2021-09-03,381,5261,5642
705,2021-09-04,191,3852,4043
705,2021-09-05,54,3151,3205
705,2021-09-06,329,4718,5047
705,2021-09-07,377,5271,5648
705,2021-09-08,330,5092,5422
705,2021-09-09,387,5008,5395
705,2021-09-10,339,5463,5802
705,2021-09-11,172,3959,4131
705,2021-09-12,60,3275,3335
705,2021-09-13,350,5537,5887
705,2021-09-14,411,5183,5594
705,2021-09-15,414,5122,5536
705,2021-09-16,410,5657,6067
705,2021-09-17,443,6286,6729
705,2021-09-18,185,4991,5176
705,2021-09-19,58,4131,4189
705,2021-09-20,441,5342,5783
705,2021-09-21,415,5683,6098
705,2021-09-22,396,5499,5895
705,2021-09-23,389,5555,5944
705,2021-09-24,417,5796,6213
705,2021-09-25,194,4458,4652
705,2021-09-26,36,3176,3212
705,2021-09-27,359,5158,5517
705,2021-09-28,397,5581,5978
705,2021-09-29,367,5333,5700
705,2021-09-30,395,5653,6048
705,2021-10-01,397,5796,6193
705,2021-10-02,161,4547,4708
705,2021-10-03,29,2972,3001
705,2021-10-04,395,5151,5546
705,2021-10-05,348,5384,5732
705,2021-10-06,388,5523,5911
705,2021-10-07,459,5813,6272
705,2021-10-08,428,6117,6545
705,2021-10-09,205,4447,4652
705,2021-10-10,55,4605,4660
705,2021-10-11,408,5393,5801
705,2021-10-12,376,5576,5952
705,2021-10-13,422,5524,5946
705,2021-10-14,395,5568,5963
705,2021-10-15,378,5812,6190
705,2021-10-16,156,4247,4403
705,2021-10-17,51,3488,3539
705,2021-10-18,383,5303,5686
705,2021-10-19,421,5510,5931
705,2021-10-20,373,5406,5779
705,2021-10-21,248,4934,5182
705,2021-10-22,422,5742,6164
705,2021-10-23,163,4291,4454
705,2021-10-24,48,3419,3467
705,2021-10-25,500,5530,6030
705,2021-10-26,379,5043,5422
705,2021-10-27,416,5566,5982
705,2021-10-28,386,5811,6197
705,2021-10-29,462,5849,6311
705,2021-10-30,126,3787,3913
705,2021-11-01,50,2923,2973
705,2021-11-02,337,5223,5560
705,2021-11-03,318,4687,5005
705,2021-11-04,346,5051,5397
705,2021-11-05,333,5307,5640
705,2021-11-06,178,3983,4161
705,2021-11-07,40,3162,3202
705,2021-11-08,424,5356,5780
705,2021-11-09,374,5476,5850
705,2021-11-10,382,5353,5735
705,2021-11-11,422,5610,6032
705,2021-11-12,356,5523,5879
705,2021-11-13,144,4308,4452
705,2021-11-14,43,3008,3051
705,2021-11-15,435,5433,5868
705,2021-11-16,390,5656,6046
705,2021-11-17,398,5314,5712
705,2021-11-18,386,5516,5902
705,2021-11-19,354,5463,5817
705,2021-11-20,147,3122,3269
705,2021-11-21,28,2324,2352
705,2021-11-22,361,5131,5492
705,2021-11-23,409,5301,5710
705,2021-11-24,377,5158,5535
705,2021-11-25,440,5319,5759
705,2021-11-26,368,5356,5724
705,2021-11-27,129,4055,4184
705,2021-11-28,44,2885,2929
705,2021-11-29,366,5322,5688
705,2021-11-30,320,5180,5500
705,2021-12-01,310,5014,5324
705,2021-12-02,337,5404,5741
705,2021-12-03,356,5693,6049
705,2021-12-04,128,3871,3999
705,2021-12-05,32,2816,2848
705,2021-12-06,330,5145,5475
705,2021-12-07,377,5477,5854
705,2021-12-08,371,5446,5817
705,2021-12-09,339,5619,5958
705,2021-12-10,327,5261,5588
705,2021-12-11,131,4007,4138
705,2021-12-12,24,2819,2843
705,2021-12-13,315,5308,5623
705,2021-12-14,348,5574,5922
705,2021-12-15,366,5562,5928
705,2021-12-16,351,5517,5868
705,2021-12-17,308,5627,5935
705,2021-12-18,115,3888,4003
705,2021-12-19,27,2945,2972
705,2021-12-20,210,4420,4630
705,2021-12-21,217,4649,4866
705,2021-12-22,218,4558,4776
705,2021-12-23,155,4535,4690
705,2021-12-24,69,3562,3631
705,2021-12-25,9,1989,1998
705,2021-12-26,7,1842,1849
705,2021-12-27,73,3214,3287
705,2021-12-28,85,3587,3672
705,2021-12-29,96,3574,3670
705,2021-12-30,62,3580,3642
705,2021-12-31,69,3195,3264
708,2021-01-01,31,1636,1667
708,2021-01-02,117,2548,2665
708,2021-01-03,61,2077,2138
708,2021-01-04,202,3277,3479
708,2021-01-05,220,3381,3601
708,2021-01-06,233,3424,3657
708,2021-01-07,266,3594,3860
708,2021-01-08,212,3644,3856
708,2021-01-09,134,2830,2964
708,2021-01-11,372,4064,4436
708,2021-01-12,260,3916,4176
708,2021-01-13,339,4186,4525
708,2021-01-14,324,4001,4325
708,2021-01-15,309,4402,4711
708,2021-01-16,118,3216,3334
708,2021-01-17,55,2120,2175
708,2021-01-18,290,4087,4377
708,2021-01-19,261,4162,4423
708,2021-01-20,327,4079,4406
708,2021-01-21,298,4224,4522
708,2021-01-22,335,4375,4710
708,2021-01-23,141,3078,3219
708,2021-01-24,41,2253,2294
708,2021-01-25,321,4077,4398
708,2021-01-26,341,4207,4548
708,2021-01-27,312,4112,4424
708,2021-01-28,278,4319,4597
708,2021-01-29,281,4451,4732
708,2021-01-30,130,3361,3491
708,2021-01-31,38,2195,2233
708,2021-02-01,362,4072,4434
708,2021-02-02,332,4154,4486
708,2021-02-03,330,4332,4662
708,2021-02-04,364,4413,4777
708,2021-02-05,343,4500,4843
708,2021-02-06,155,3374,3529
708,2021-02-07,43,2204,2247
708,2021-02-08,308,3934,4242
708,2021-02-09,296,3820,4116
708,2021-02-10,312,4030,4342
708,2021-02-11,333,4080,4413
708,2021-02-12,291,4134,4425
708,2021-02-13,178,3297,3475
708,2021-02-14,58,2323,2381
708,2021-02-15,310,3717,4027
708,2021-02-16,357,3928,4285
708,2021-02-17,334,3975,4309
708,2021-02-18,324,4064,4388
708,2021-02-19,295,4084,4379
708,2021-02-20,163,3459,3622
708,2021-02-21,59,2597,2656
708,2021-02-22,393,4183,4576
708,2021-02-23,342,4407,4749
708,2021-02-24,368,4276,4644
708,2021-02-25,351,4434,4785
708,2021-02-26,368,4625,4993
708,2021-02-27,187,3497,3684
708,2021-03-01,380,4300,4680
708,2021-03-02,369,4491,4860
708,2021-03-03,389,4395,4784
708,2021-03-04,366,4502,4868
708,2021-03-05,452,4642,5094
708,2021-03-06,223,3687,3910
708,2021-03-07,43,2610,2653
708,2021-03-08,413,4220,4633
708,2021-03-09,375,4334,4709
708,2021-03-10,384,4287,4671
708,2021-03-11,341,4577,4918
708,2021-03-12,342,4386,4728
708,2021-03-14,48,2245,2293
708,2021-03-15,368,4103,4471
708,2021-03-16,335,4159,4494
708,2021-03-17,352,4204,4556
708,2021-03-18,352,4318,4670
708,2021-03-19,355,4490,4845
708,2021-03-20,157,3382,3539
708,2021-03-21,40,2365,2405
708,2021-03-22,381,3984,4365
708,2021-03-23,366,4421,4787
708,2021-03-24,364,4228,4592
708,2021-03-25,320,4324,4644
708,2021-03-26,345,4409,4754
708,2021-03-27,149,3431,3580
708,2021-03-29,365,4452,4817
708,2021-03-30,311,4611,4922
708,2021-03-31,387,4732,5119
708,2021-04-01,352,4592,4944
708,2021-04-02,342,4847,5189
708,2021-04-03,206,3666,3872
708,2021-04-04,37,2514,2551
708,2021-04-05,40,2088,2128
708,2021-04-06,308,4187,4495
708,2021-04-07,394,4115,4509
708,2021-04-08,299,4309,4608
708,2021-04-09,350,4566,4916
708,2021-04-10,143,3180,3323
708,2021-04-11,32,2146,2178
708,2021-04-12,287,3914,4201
708,2021-04-13,318,4095,4413
708,2021-04-14,342,4101,4443
708,2021-04-15,335,4223,4558
708,2021-04-16,325,4186,4511
708,2021-04-17,206,3639,3845
708,2021-04-18,62,2356,2418
708,2021-04-19,385,4151,4536
708,2021-04-20,372,4373,4745
708,2021-04-21,344,4320,4664
708,2021-04-22,376,4463,4839
708,2021-04-23,346,4679,5025
708,2021-04-24,183,3787,3970
708,2021-04-25,47,2879,2926
708,2021-04-26,365,4340,4705
708,2021-04-27,347,4520,4867
708,2021-04-28,350,4382,4732
708,2021-04-29,340,4602,4942
708,2021-04-30,398,4719,5117
708,2021-05-01,68,2774,2842
708,2021-05-02,57,2526,2583
708,2021-05-03,359,4229,4588
708,2021-05-04,337,4399,4736
708,2021-05-05,369,4336,4705
708,2021-05-06,329,4500,4829
708,2021-05-07,361,4636,4997
708,2021-05-08,176,3613,3789
708,2021-05-09,65,2725,2790
708,2021-05-10,347,4285,4632
708,2021-05-11,345,4486,4831
708,2021-05-12,405,4712,5117
708,2021-05-13,57,2698,2755
708,2021-05-14,268,4447,4715
708,2021-05-15,152,3364,3516
708,2021-05-16,76,2588,2664
708,2021-05-17,338,4360,4698
708,2021-05-18,322,4624,4946
708,2021-05-19,345,4512,4857
708,2021-05-20,361,4650,5011
708,2021-05-22,159,3304,3463
708,2021-05-23,57,2472,2529
708,2021-05-24,51,2228,2279
708,2021-05-25,279,4048,4327
708,2021-05-26,254,3813,4067
708,2021-05-27,316,3747,4063
708,2021-05-28,281,3987,4268
708,2021-05-29,162,3003,3165
708,2021-05-30,85,2866,2951
708,2021-05-31,385,4310,4695
708,2021-06-01,334,4434,4768
708,2021-06-02,402,4487,4889
708,2021-06-03,360,4389,4749
708,2021-06-04,358,4575,4933
708,2021-06-05,154,3557,3711
708,2021-06-06,55,2723,2778
708,2021-06-07,387,4303,4690
708,2021-06-08,399,4483,4882
708,2021-06-09,384,4428,4812
708,2021-06-10,326,4722,5048
708,2021-06-11,363,4738,5101
708,2021-06-12,202,3797,3999
708,2021-06-13,56,3065,3121
708,2021-06-14,335,4492,4827
708,2021-06-15,372,4551,4923
708,2021-06-16,406,4447,4853
708,2021-06-17,408,4605,5013
708,2021-06-18,342,4678,5020
708,2021-06-19,162,3635,3797
708,2021-06-20,56,2675,2731
708,2021-06-21,384,4399,4783
708,2021-06-22,379,4538,4917
708,2021-06-23,51,2532,2583
708,2021-06-24,352,4471,4823
708,2021-06-25,359,4572,4931
708,2021-06-26,196,3651,3847
708,2021-06-27,74,2791,2865
708,2021-06-28,394,4239,4633
708,2021-06-29,340,4354,4694
708,2021-06-30,337,4307,4644
708,2021-07-01,324,4552,4876
708,2021-07-02,351,4729,5080
708,2021-07-03,171,3554,3725
708,2021-07-04,51,2683,2734
708,2021-07-05,320,4269,4589
708,2021-07-06,356,4570,4926
708,2021-07-07,344,4517,4861
708,2021-07-08,365,4663,5028
708,2021-07-09,339,4926,5265
708,2021-07-10,147,3670,3817
708,2021-07-11,52,2930,2982
708,2021-07-12,351,4296,4647
708,2021-07-13,295,4359,4654
708,2021-07-14,277,4213,4490
708,2021-07-15,294,4876,5170
708,2021-07-16,273,4489,4762
708,2021-07-17,153,3660,3813
708,2021-07-18,75,2914,2989
708,2021-07-19,348,4076,4424
708,2021-07-20,332,4286,4618
708,2021-07-21,331,4227,4558
708,2021-07-22,357,4311,4668
708,2021-07-23,397,4477,4874
708,2021-07-24,185,3192,3377
708,2021-07-25,47,2594,2641
708,2021-07-26,375,4018,4393
708,2021-07-27,346,4056,4402
708,2021-07-28,360,4187,4547
708,2021-07-29,295,4364,4659
708,2021-07-30,271,4116,4387
708,2021-07-31,186,3399,3585
708,2021-08-01,93,2603,2696
708,2021-08-02,241,3544,3785
708,2021-08-03,207,3400,3607
708,2021-08-04,217,3511,3728
708,2021-08-05,223,3639,3862
708,2021-08-06,211,3707,3918
708,2021-08-07,142,2960,3102
708,2021-08-08,43,2235,2278
708,2021-08-09,242,3368,3610
708,2021-08-10,245,3574,3819
708,2021-08-11,247,3574,3821
708,2021-08-12,224,3750,3974
708,2021-08-13,219,3670,3889
708,2021-08-14,169,3067,3236
708,2021-08-15,80,2494,2574
708,2021-08-16,244,3210,3454
708,2021-08-17,246,3427,3673
708,2021-08-18,243,3407,3650
708,2021-08-19,280,3646,3926
708,2021-08-20,227,3568,3795
708,2021-08-21,147,3144,3291
708,2021-08-22,44,2422,2466
708,2021-08-23,309,3546,3855
708,2021-08-24,351,3730,4081
708,2021-08-25,395,3672,4067
708,2021-08-26,351,3776,4127
708,2021-08-27,338,3803,4141
708,2021-08-28,148,2983,3131
708,2021-08-29,63,2436,2499
708,2021-08-30,415,3807,4222
708,2021-08-31,387,4051,4438
708,2021-09-01,438,3961,4399
708,2021-09-02,433,4090,4523
708,2021-09-03,354,4011,4365
708,2021-09-04,175,3442,3617
708,2021-09-05,70,2756,2826
708,2021-09-06,377,3790,4167
708,2021-09-07,345,4177,4522
708,2021-09-08,406,4058,4464
708,2021-09-09,381,4251,4632
708,2021-09-10,369,4342,4711
708,2021-09-11,152,3478,3630
708,2021-09-12,111,3072,3183
708,2021-09-13,456,4071,4527
708,2021-09-14,423,4281,4704
708,2021-09-15,446,4490,4936
708,2021-09-16,462,4573,5035
708,2021-09-17,480,4655,5135
708,2021-09-18,243,3903,4146
708,2021-09-19,83,1828,1911
708,2021-09-20,471,4190,4661
708,2021-09-21,498,4330,4828
708,2021-09-22,462,4176,4638
708,2021-09-23,455,4429,4884
708,2021-09-24,484,4587,5071
708,2021-09-25,288,3916,4204
708,2021-09-26,111,2977,3088
708,2021-09-27,502,4246,4748
708,2021-09-28,470,4559,5029
708,2021-09-29,506,4341,4847
708,2021-09-30,544,4679,5223
708,2021-10-01,558,4657,5215
708,2021-10-02,219,3907,4126
708,2021-10-03,100,2785,2885
708,2021-10-04,499,4397,4896
708,2021-10-05,491,4605,5096
708,2021-10-06,436,4254,4690
708,2021-10-07,448,4669,5117
708,2021-10-08,456,4655,5111
708,2021-10-09,265,3813,4078
708,2021-10-10,127,3147,3274
708,2021-10-11,500,4276,4776
708,2021-10-12,541,4713,5254
708,2021-10-13,486,4623,5109
708,2021-10-14,549,4834,5383
708,2021-10-15,505,4762,5267
708,2021-10-16,266,3940,4206
708,2021-10-17,173,3004,3177
708,2021-10-18,502,4260,4762
708,2021-10-19,448,4645,5093
708,2021-10-20,492,4306,4798
708,2021-10-22,485,4577,5062
708,2021-10-23,263,3909,4172
708,2021-10-24,109,3070,3179
708,2021-10-25,462,4319,4781
708,2021-10-26,487,4661,5148
708,2021-10-27,476,4507,4983
708,2021-10-28,501,4787,5288
708,2021-10-29,461,4867,5328
708,2021-10-30,225,3786,4011
708,2021-11-01,115,2524,2639
708,2021-11-02,397,4245,4642
708,2021-11-03,388,4283,4671
708,2021-11-04,454,4335,4789
708,2021-11-05,383,4365,4748
708,2021-11-06,244,3665,3909
708,2021-11-07,116,2934,3050
708,2021-11-08,482,4137,4619
708,2021-11-09,513,4602,5115
708,2021-11-10,447,4358,4805
708,2021-11-11,486,4523,5009
708,2021-11-12,498,4634,5132
708,2021-11-13,212,3887,4099
708,2021-11-14,93,2702,2795
708,2021-11-15,628,5118,5746
708,2021-11-16,585,5603,6188
708,2021-11-17,453,4304,4757
708,2021-11-18,455,4422,4877
708,2021-11-19,432,4645,5077
708,2021-11-20,225,3916,4141
708,2021-11-21,113,2763,2876
708,2021-11-24,482,4343,4825
708,2021-11-25,457,4574,5031
708,2021-11-26,426,4525,4951
708,2021-11-27,192,3456,3648
708,2021-11-28,88,2529,2617
708,2021-11-29,453,4242,4695
708,2021-11-30,362,4519,4881
708,2021-12-01,384,4455,4839
708,2021-12-02,401,4652,5053
708,2021-12-03,515,4687,5202
708,2021-12-04,187,3755,3942
708,2021-12-05,104,2629,2733
708,2021-12-06,471,4434,4905
708,2021-12-07,404,4454,4858
708,2021-12-08,452,4374,4826
708,2021-12-09,407,4438,4845
708,2021-12-10,451,4518,4969
708,2021-12-11,212,3762,3974
708,2021-12-12,96,2630,2726
708,2021-12-13,427,4398,4825
708,2021-12-14,451,4408,4859
708,2021-12-15,499,4539,5038
708,2021-12-16,448,4622,5070
708,2021-12-17,412,4881,5293
708,2021-12-18,204,3641,3845
708,2021-12-19,96,2571,2667
708,2021-12-20,319,3876,4195
708,2021-12-21,345,3993,4338
708,2021-12-22,338,4091,4429
708,2021-12-23,338,3957,4295
708,2021-12-24,220,3858,4078
708,2021-12-25,78,2243,2321
708,2021-12-26,82,2276,2358
708,2021-12-27,268,3018,3286
708,2021-12-28,239,3397,3636
708,2021-12-29,246,3552,3798
708,2021-12-30,231,3626,3857
708,2021-12-31,223,3449,3672
709,2021-01-01,61,6874,6935
709,2021-01-02,190,11387,11577
709,2021-01-03,100,10003,10103
709,2021-01-04,902,13750,14652
709,2021-01-05,1057,14095,15152
709,2021-01-06,1055,14349,15404
709,2021-01-07,1113,14720,15833
709,2021-01-08,1061,15802,16863
709,2021-01-09,319,13148,13467
709,2021-01-10,101,11113,11214
709,2021-01-11,1476,18533,20009
709,2021-01-12,1410,18094,19504
709,2021-01-13,1594,18223,19817
709,2021-01-14,1425,17619,19044
709,2021-01-15,1294,18131,19425
709,2021-01-16,363,13871,14234
709,2021-01-17,102,8824,8926
709,2021-01-18,1395,17399,18794
709,2021-01-19,1548,18560,20108
709,2021-01-20,1735,18767,20502
709,2021-01-21,1501,18006,19507
709,2021-01-22,1528,19648,21176
709,2021-01-23,404,13160,13564
709,2021-01-24,120,8084,8204
709,2021-01-25,1470,18232,19702
709,2021-01-26,1687,18996,20683
709,2021-01-27,1329,15620,16949
709,2021-01-28,1533,18882,20415
709,2021-01-29,1501,19434,20935
709,2021-01-30,330,13277,13607
709,2021-01-31,82,7813,7895
709,2021-02-01,1657,18381,20038
709,2021-02-02,1611,18829,20440
709,2021-02-03,1618,18395,20013
709,2021-02-04,1592,18057,19649
709,2021-02-05,1693,19134,20827
709,2021-02-06,397,13487,13884
709,2021-02-07,104,7998,8102
709,2021-02-08,1584,15892,17476
709,2021-02-09,1575,17563,19138
709,2021-02-10,1599,17974,19573
709,2021-02-11,1511,18295,19806
709,2021-02-12,1512,18791,20303
709,2021-02-13,411,13888,14299
709,2021-02-14,132,8937,9069
709,2021-02-15,1479,16612,18091
709,2021-02-16,1704,18649,20353
709,2021-02-17,1665,18413,20078
709,2021-02-18,1773,18627,20400
709,2021-02-19,1802,19142,20944
709,2021-02-20,447,14339,14786
709,2021-02-21,122,10232,10354
709,2021-02-22,1734,17576,19310
709,2021-02-23,1874,19120,20994
709,2021-02-24,1971,19506,21477
709,2021-02-25,1868,19984,21852
709,2021-02-26,1792,19927,21719
709,2021-02-27,528,14619,15147
709,2021-02-28,108,9702,9810
709,2021-03-01,1896,19146,21042
709,2021-03-02,2009,19853,21862
709,2021-03-03,1877,19861,21738
709,2021-03-04,1836,19668,21504
709,2021-03-05,1881,20373,22254
709,2021-03-06,473,13450,13923
709,2021-03-07,110,9249,9359
709,2021-03-08,1958,18595,20553
709,2021-03-09,1884,19151,21035
709,2021-03-10,2216,19526,21742
709,2021-03-11,1930,19089,21019
709,2021-03-12,1850,19946,21796
709,2021-03-13,395,13127,13522
709,2021-03-14,106,8136,8242
709,2021-03-15,1922,18809,20731
709,2021-03-16,2018,19380,21398
709,2021-03-17,2114,18908,21022
709,2021-03-18,2110,19505,21615
709,2021-03-19,2039,19579,21618
709,2021-03-20,512,14770,15282
709,2021-03-21,124,9450,9574
709,2021-03-22,2017,19062,21079
709,2021-03-23,2042,19633,21675
709,2021-03-24,2016,19329,21345
709,2021-03-25,2129,19668,21797
709,2021-03-26,2128,20358,22486
709,2021-03-27,633,13911,14544
709,2021-03-29,2190,19271,21461
709,2021-03-30,2059,20236,22295
709,2021-03-31,2157,17552,19709
709,2021-04-01,2079,20716,22795
709,2021-04-02,1999,21531,23530
709,2021-04-03,530,15008,15538
709,2021-04-04,109,10454,10563
709,2021-04-05,156,8245,8401
709,2021-04-06,1991,18564,20555
709,2021-04-07,2138,18720,20858
709,2021-04-08,2113,19506,21619
709,2021-04-09,2214,19326,21540
709,2021-04-10,652,12971,13623
709,2021-04-11,222,8003,8225
709,2021-04-12,2157,18819,20976
709,2021-04-13,2092,19295,21387
709,2021-04-14,2084,19566,21650
709,2021-04-15,2052,19542,21594
709,2021-04-16,2097,18750,20847
709,2021-04-17,135,8217,8352
709,2021-04-18,165,9623,9788
709,2021-04-19,2002,18693,20695
709,2021-04-20,2141,19680,21821
709,2021-04-21,2204,19895,22099
709,2021-04-22,2141,19996,22137
709,2021-04-23,2080,20749,22829
709,2021-04-24,609,15273,15882
709,2021-04-25,169,11153,11322
709,2021-04-26,2108,19655,21763
709,2021-04-27,2123,20186,22309
709,2021-04-28,2152,20473,22625
709,2021-04-29,2153,20500,22653
709,2021-04-30,2155,21544,23699
709,2021-05-01,221,10329,10550
709,2021-05-02,133,10332,10465
709,2021-05-03,2029,19591,21620
709,2021-05-04,1935,19565,21500
709,2021-05-05,2168,20111,22279
709,2021-05-06,1952,19598,21550
709,2021-05-07,2053,20969,23022
709,2021-05-08,559,15036,15595
709,2021-05-09,151,11307,11458
709,2021-05-10,2081,19027,21108
709,2021-05-11,1993,20195,22188
709,2021-05-12,2120,21042,23162
709,2021-05-13,276,9998,10274
709,2021-05-14,1226,18347,19573
709,2021-05-15,449,14359,14808
709,2021-05-16,215,10223,10438
709,2021-05-17,1887,19562,21449
709,2021-05-18,2060,20568,22628
709,2021-05-19,2108,20471,22579
709,2021-05-20,2164,21361,23525
709,2021-05-21,2108,21693,23801
709,2021-05-22,592,15093,15685
709,2021-05-23,133,10314,10447
709,2021-05-24,222,8980,9202
709,2021-05-25,2071,19505,21576
709,2021-05-26,2044,20017,22061
709,2021-05-27,2337,20382,22719
709,2021-05-28,2177,21212,23389
709,2021-05-29,724,15640,16364
709,2021-05-30,172,11788,11960
709,2021-05-31,2158,18469,20627
709,2021-06-01,1650,16048,17698
709,2021-06-02,2268,18328,20596
709,2021-06-03,2113,19102,21215
709,2021-06-04,1751,16987,18738
709,2021-06-05,535,15020,15555
709,2021-06-06,179,10611,10790
709,2021-06-07,1537,15214,16751
709,2021-06-08,1699,16493,18192
709,2021-06-09,1594,15740,17334
709,2021-06-10,2034,19548,21582
709,2021-06-11,2061,20648,22709
709,2021-06-12,549,15438,15987
709,2021-06-13,161,12204,12365
709,2021-06-14,2104,18983,21087
709,2021-06-15,1962,19485,21447
709,2021-06-16,2038,19337,21375
709,2021-06-17,2166,19802,21968
709,2021-06-18,1905,19445,21350
709,2021-06-19,601,14642,15243
709,2021-06-20,149,10196,10345
709,2021-06-21,2130,18798,20928
709,2021-06-22,1979,19804,21783
709,2021-06-23,550,9516,10066
709,2021-06-24,1936,18396,20332
709,2021-06-25,1853,19620,21473
709,2021-06-26,528,14545,15073
709,2021-06-27,166,10918,11084
709,2021-06-28,2018,18682,20700
709,2021-06-29,2045,19248,21293
709,2021-06-30,2015,19433,21448
709,2021-07-01,1946,19927,21873
709,2021-07-02,2037,20480,22517
709,2021-07-03,550,15138,15688
709,2021-07-04,156,10583,10739
709,2021-07-05,2026,19005,21031
709,2021-07-06,2124,19524,21648
709,2021-07-07,2114,19954,22068
709,2021-07-08,2144,20172,22316
709,2021-07-09,2020,20585,22605
709,2021-07-10,501,15194,15695
709,2021-07-11,171,11780,11951
709,2021-07-12,2063,19197,21260
709,2021-07-13,1865,19043,20908
709,2021-07-14,1698,17954,19652
709,2021-07-15,1811,20336,22147
709,2021-07-16,2159,22029,24188
709,2021-07-17,732,15333,16065
709,2021-07-18,295,11659,11954
709,2021-07-19,2075,19238,21313
709,2021-07-20,2199,19563,21762
709,2021-07-21,2172,19798,21970
709,2021-07-22,2207,19798,22005
709,2021-07-23,2153,20321,22474
709,2021-07-24,617,14149,14766
709,2021-07-25,236,10876,11112
709,2021-07-26,2132,18541,20673
709,2021-07-27,2086,18614,20700
709,2021-07-28,2082,19637,21719
709,2021-07-29,1766,19685,21451
709,2021-07-30,1473,18916,20389
709,2021-07-31,513,13738,14251
709,2021-08-01,248,10634,10882
709,2021-08-02,1268,16362,17630
709,2021-08-03,1318,16452,17770
709,2021-08-04,1341,17044,18385
709,2021-08-05,1286,16688,17974
709,2021-08-06,1259,16931,18190
709,2021-08-07,416,12718,13134
709,2021-08-08,195,10017,10212
709,2021-08-09,1152,15658,16810
709,2021-08-10,1211,16030,17241
709,2021-08-11,1287,15783,17070
709,2021-08-12,1322,15942,17264
709,2021-08-13,1226,16373,17599
709,2021-08-14,457,12766,13223
709,2021-08-15,213,10344,10557
709,2021-08-16,1276,15517,16793
709,2021-08-17,1362,15649,17011
709,2021-08-18,1322,15957,17279
709,2021-08-19,1277,15921,17198
709,2021-08-20,1318,16677,17995
709,2021-08-21,512,13082,13594
709,2021-08-22,195,9849,10044
709,2021-08-23,1651,16593,18244
709,2021-08-24,1831,17667,19498
709,2021-08-25,1967,18045,20012
709,2021-08-26,1969,18218,20187
709,2021-08-27,1834,18069,19903
709,2021-08-28,526,13373,13899
709,2021-08-29,222,10887,11109
709,2021-08-30,1947,17742,19689
709,2021-08-31,2018,18333,20351
709,2021-09-01,2059,18513,20572
709,2021-09-02,2086,18653,20739
709,2021-09-03,2071,18988,21059
709,2021-09-04,615,13863,14478
709,2021-09-05,229,11158,11387
709,2021-09-06,2108,18723,20831
709,2021-09-07,2165,18995,21160
709,2021-09-08,2243,19318,21561
709,2021-09-09,2342,19508,21850
709,2021-09-10,2313,20333,22646
709,2021-09-11,666,15275,15941
709,2021-09-12,281,12943,13224
709,2021-09-13,2233,20039,22272
709,2021-09-14,2118,19532,21650
709,2021-09-15,2136,19098,21234
709,2021-09-16,2299,20319,22618
709,2021-09-17,2256,21566,23822
709,2021-09-18,716,16893,17609
709,2021-09-19,251,13438,13689
709,2021-09-20,2248,19625,21873
709,2021-09-21,2324,20103,22427
709,2021-09-22,2313,19913,22226
709,2021-09-23,2358,20297,22655
709,2021-09-24,2181,21270,23451
709,2021-09-25,690,16246,16936
709,2021-09-26,261,11483,11744
709,2021-09-27,2126,19376,21502
709,2021-09-28,2238,20133,22371
709,2021-09-29,2240,19885,22125
709,2021-09-30,2151,20306,22457
709,2021-10-01,2197,20990,23187
709,2021-10-02,717,16236,16953
709,2021-10-03,155,10938,11093
709,2021-10-04,2072,19306,21378
709,2021-10-05,2239,19822,22061
709,2021-10-06,2157,19955,22112
709,2021-10-07,2197,20386,22583
709,2021-10-08,2364,22196,24560
709,2021-10-09,754,16242,16996
709,2021-10-10,195,12589,12784
709,2021-10-11,2178,19742,21920
709,2021-10-12,2160,19845,22005
709,2021-10-13,2180,19953,22133
709,2021-10-14,2095,20476,22571
709,2021-10-15,2090,21056,23146
709,2021-10-16,758,15315,16073
709,2021-10-17,305,11887,12192
709,2021-10-18,2094,18436,20530
709,2021-10-19,2061,19605,21666
709,2021-10-20,2030,19478,21508
709,2021-10-21,1886,18535,20421
709,2021-10-22,2144,20744,22888
709,2021-10-23,634,15992,16626
709,2021-10-24,198,12313,12511
709,2021-10-25,2186,19316,21502
709,2021-10-26,1928,16660,18588
709,2021-10-27,2339,20214,22553
709,2021-10-28,2247,20688,22935
709,2021-10-29,2272,20956,23228
709,2021-10-30,593,15184,15777
709,2021-11-01,290,10643,10933
709,2021-11-02,2106,19352,21458
709,2021-11-03,1993,18443,20436
709,2021-11-04,2231,20294,22525
709,2021-11-05,2144,20094,22238
709,2021-11-06,702,14703,15405
709,2021-11-07,170,10750,10920
709,2021-11-08,2191,19148,21339
709,2021-11-09,2196,19545,21741
709,2021-11-10,2126,19086,21212
709,2021-11-11,2018,19964,21982
709,2021-11-12,1962,20551,22513
709,2021-11-13,477,15055,15532
709,2021-11-14,165,10595,10760
709,2021-11-15,2197,19333,21530
709,2021-11-16,2515,19046,21561
709,2021-11-17,2403,19479,21882
709,2021-11-18,2283,19675,21958
709,2021-11-19,1963,16886,18849
709,2021-11-20,1,11,12
709,2021-11-21,58,1677,1735
709,2021-11-22,2012,18450,20462
709,2021-11-23,2175,19234,21409
709,2021-11-24,2048,19035,21083
709,2021-11-25,2308,19415,21723
709,2021-11-26,2179,20142,22321
709,2021-11-27,472,14706,15178
709,2021-11-28,128,10850,10978
709,2021-11-29,2127,18876,21003
709,2021-11-30,1884,18692,20576
709,2021-12-01,1858,19024,20882
709,2021-12-02,1973,19732,21705
709,2021-12-03,1973,20205,22178
709,2021-12-04,451,14590,15041
709,2021-12-05,106,11224,11330
709,2021-12-06,1907,18622,20529
709,2021-12-07,1992,19301,21293
709,2021-12-08,2072,19290,21362
709,2021-12-09,1963,19520,21483
709,2021-12-10,1700,19418,21118
709,2021-12-11,462,14557,15019
709,2021-12-12,121,10115,10236
709,2021-12-13,1951,19089,21040
709,2021-12-14,2194,19555,21749
709,2021-12-15,2128,19569,21697
709,2021-12-16,2260,20092,22352
709,2021-12-17,1712,20550,22262
709,2021-12-18,451,14317,14768
709,2021-12-19,126,10887,11013
709,2021-12-20,1259,16763,18022
709,2021-12-21,1266,17492,18758
709,2021-12-22,1220,16637,17857
709,2021-12-23,927,16214,17141
709,2021-12-24,502,12695,13197
709,2021-12-25,63,6647,6710
709,2021-12-26,73,7995,8068
709,2021-12-27,632,12566,13198
709,2021-12-28,610,13307,13917
709,2021-12-29,642,13555,14197
709,2021-12-30,534,13533,14067
709,2021-12-31,424,11297,11721
710,2021-01-01,72,7981,8053
710,2021-01-02,239,13402,13641
710,2021-01-03,113,11432,11545
710,2021-01-04,1036,16699,17735
710,2021-01-05,1209,17379,18588
710,2021-01-06,1219,17540,18759
710,2021-01-07,1287,17839,19126
710,2021-01-08,1233,19275,20508
710,2021-01-09,384,15589,15973
710,2021-01-10,122,12751,12873
710,2021-01-11,1717,22769,24486
710,2021-01-12,1692,22378,24070
710,2021-01-13,1836,22514,24350
710,2021-01-14,1586,21185,22771
710,2021-01-15,1490,22295,23785
710,2021-01-16,417,16802,17219
710,2021-01-17,124,10422,10546
710,2021-01-18,1726,22120,23846
710,2021-01-19,1808,22586,24394
710,2021-01-20,1950,23225,25175
710,2021-01-21,1769,21829,23598
710,2021-01-22,1757,24364,26121
710,2021-01-23,472,16337,16809
710,2021-01-24,149,9680,9829
710,2021-01-25,1766,22160,23926
710,2021-01-26,1920,23549,25469
710,2021-01-27,1731,22724,24455
710,2021-01-28,1769,23335,25104
710,2021-01-29,1772,24071,25843
710,2021-01-30,391,15965,16356
710,2021-01-31,103,9391,9494
710,2021-02-01,1874,22678,24552
710,2021-02-02,1948,23432,25380
710,2021-02-03,1930,22670,24600
710,2021-02-04,1885,23276,25161
710,2021-02-05,1920,23784,25704
710,2021-02-06,441,16656,17097
710,2021-02-07,126,9639,9765
710,2021-02-08,1649,19707,21356
710,2021-02-09,1761,21549,23310
710,2021-02-10,1796,22286,24082
710,2021-02-11,1699,22505,24204
710,2021-02-12,1712,23066,24778
710,2021-02-13,467,16936,17403
710,2021-02-14,149,10739,10888
710,2021-02-15,1692,20230,21922
710,2021-02-16,1942,22745,24687
710,2021-02-17,1867,22457,24324
710,2021-02-18,2009,22724,24733
710,2021-02-19,2005,23385,25390
710,2021-02-20,510,17392,17902
710,2021-02-21,145,12143,12288
710,2021-02-22,1908,21529,23437
710,2021-02-23,2038,23525,25563
710,2021-02-24,2220,23957,26177
710,2021-02-25,2104,24746,26850
710,2021-02-26,2013,24802,26815
710,2021-02-27,613,18114,18727
710,2021-02-28,138,11614,11752
710,2021-03-01,2186,23577,25763
710,2021-03-02,2245,24728,26973
710,2021-03-03,2114,24437,26551
710,2021-03-04,2116,24504,26620
710,2021-03-05,2162,25361,27523
710,2021-03-06,557,17097,17654
710,2021-03-07,130,11187,11317
710,2021-03-08,2232,23047,25279
710,2021-03-09,2188,23965,26153
710,2021-03-10,2478,24362,26840
710,2021-03-11,2209,23987,26196
710,2021-03-12,2165,24498,26663
710,2021-03-13,507,16167,16674
710,2021-03-14,136,9898,10034
710,2021-03-15,2187,23086,25273
710,2021-03-16,2305,23948,26253
710,2021-03-17,2342,23413,25755
710,2021-03-18,2323,24122,26445
710,2021-03-19,2341,24349,26690
710,2021-03-20,582,18144,18726
710,2021-03-21,118,11305,11423
710,2021-03-22,2260,23590,25850
710,2021-03-23,2281,24231,26512
710,2021-03-24,2304,24238,26542
710,2021-03-25,2402,24434,26836
710,2021-03-26,2359,26050,28409
710,2021-03-27,708,17120,17828
710,2021-03-29,2449,23862,26311
710,2021-03-30,2313,25309,27622
710,2021-03-31,2438,23858,26296
710,2021-04-01,2311,26086,28397
710,2021-04-02,2188,27185,29373
710,2021-04-03,592,18630,19222
710,2021-04-04,120,12155,12275
710,2021-04-05,195,9957,10152
710,2021-04-06,2226,23273,25499
710,2021-04-07,2439,23461,25900
710,2021-04-08,2346,24359,26705
710,2021-04-09,2495,24356,26851
710,2021-04-10,751,16461,17212
710,2021-04-11,228,9573,9801
710,2021-04-12,2441,23142,25583
710,2021-04-13,2348,23937,26285
710,2021-04-14,2363,24325,26688
710,2021-04-15,2246,24347,26593
710,2021-04-16,2327,24738,27065
710,2021-04-17,621,16379,17000
710,2021-04-18,177,11362,11539
710,2021-04-19,2251,22953,25204
710,2021-04-20,2399,24426,26825
710,2021-04-21,2536,24681,27217
710,2021-04-22,2409,24831,27240
710,2021-04-23,2345,25976,28321
710,2021-04-24,679,19109,19788
710,2021-04-25,187,13264,13451
710,2021-04-26,2370,24194,26564
710,2021-04-27,2399,25000,27399
710,2021-04-28,2346,25346,27692
710,2021-04-29,2381,25714,28095
710,2021-04-30,2337,27267,29604
710,2021-05-01,244,12652,12896
710,2021-05-02,156,12425,12581
710,2021-05-03,2312,24550,26862
710,2021-05-04,2206,24592,26798
710,2021-05-05,2372,25704,28076
710,2021-05-06,2234,25309,27543
710,2021-05-07,2288,26501,28789
710,2021-05-08,634,19147,19781
710,2021-05-09,152,13330,13482
710,2021-05-10,2393,23819,26212
710,2021-05-11,2284,25360,27644
710,2021-05-12,2413,26547,28960
710,2021-05-13,273,12328,12601
710,2021-05-14,1385,22924,24309
710,2021-05-15,519,17965,18484
710,2021-05-16,247,11999,12246
710,2021-05-17,2311,24116,26427
710,2021-05-18,2373,25593,27966
710,2021-05-19,2393,25484,27877
710,2021-05-20,2496,26490,28986
710,2021-05-21,2420,26831,29251
710,2021-05-22,691,18855,19546
710,2021-05-23,136,12244,12380
710,2021-05-24,271,10588,10859
710,2021-05-25,2376,22634,25010
710,2021-05-26,2346,24984,27330
710,2021-05-27,2580,24831,27411
710,2021-05-28,2485,26356,28841
710,2021-05-29,1463,25564,27027
710,2021-05-30,224,14729,14953
710,2021-05-31,2474,23512,25986
710,2021-06-01,2354,23673,26027
710,2021-06-02,2565,23299,25864
710,2021-06-03,2440,23835,26275
710,2021-06-04,2395,24021,26416
710,2021-06-05,617,19264,19881
710,2021-06-06,207,12898,13105
710,2021-06-07,2391,22904,25295
710,2021-06-08,2391,24271,26662
710,2021-06-09,2331,24056,26387
710,2021-06-10,2347,25025,27372
710,2021-06-11,2344,26413,28757
710,2021-06-12,656,19820,20476
710,2021-06-13,181,14840,15021
710,2021-06-14,2369,23875,26244
710,2021-06-15,2262,24773,27035
710,2021-06-16,2391,24522,26913
710,2021-06-17,2409,25027,27436
710,2021-06-18,2231,25166,27397
710,2021-06-19,678,18602,19280
710,2021-06-20,163,12504,12667
710,2021-06-21,2399,23761,26160
710,2021-06-22,2217,25125,27342
710,2021-06-23,604,11692,12296
710,2021-06-24,2248,23162,25410
710,2021-06-25,2134,25000,27134
710,2021-06-26,611,18481,19092
710,2021-06-27,173,13171,13344
710,2021-06-28,2348,23364,25712
710,2021-06-29,2288,24399,26687
710,2021-06-30,2329,24686,27015
710,2021-07-01,2280,25182,27462
710,2021-07-02,2390,25778,28168
710,2021-07-03,636,19373,20009
710,2021-07-04,202,13016,13218
710,2021-07-05,2396,23842,26238
710,2021-07-06,2403,24564,26967
710,2021-07-07,2419,24663,27082
710,2021-07-08,2381,25122,27503
710,2021-07-09,2248,25682,27930
710,2021-07-10,605,19032,19637
710,2021-07-11,187,14163,14350
710,2021-07-12,2301,24046,26347
710,2021-07-13,2099,24389,26488
710,2021-07-14,2005,22376,24381
710,2021-07-15,2303,26793,29096
710,2021-07-16,2527,27667,30194
710,2021-07-17,802,19099,19901
710,2021-07-18,336,13856,14192
710,2021-07-19,2370,23500,25870
710,2021-07-20,2640,23989,26629
710,2021-07-21,2548,24041,26589
710,2021-07-22,2484,24117,26601
710,2021-07-23,2517,24902,27419
710,2021-07-24,715,17665,18380
710,2021-07-25,290,12938,13228
710,2021-07-26,2441,23008,25449
710,2021-07-27,2363,22888,25251
710,2021-07-28,2377,24099,26476
710,2021-07-29,1997,24155,26152
710,2021-07-30,1639,23176,24815
710,2021-07-31,585,17033,17618
710,2021-08-01,277,12753,13030
710,2021-08-02,1468,20081,21549
710,2021-08-03,1503,19859,21362
710,2021-08-04,1558,20838,22396
710,2021-08-05,1463,20432,21895
710,2021-08-06,1409,20696,22105
710,2021-08-07,493,15461,15954
710,2021-08-08,219,11947,12166
710,2021-08-09,1281,19151,20432
710,2021-08-10,1343,19798,21141
710,2021-08-11,1399,19442,20841
710,2021-08-12,1411,19614,21025
710,2021-08-13,1338,20090,21428
710,2021-08-14,499,15676,16175
710,2021-08-15,259,12521,12780
710,2021-08-16,1456,18917,20373
710,2021-08-17,1558,19180,20738
710,2021-08-18,1473,19434,20907
710,2021-08-19,1437,19455,20892
710,2021-08-20,1465,20331,21796
710,2021-08-21,565,15933,16498
710,2021-08-22,217,11693,11910
710,2021-08-23,1915,20328,22243
710,2021-08-24,2077,21783,23860
710,2021-08-25,2177,22174,24351
710,2021-08-26,2228,22405,24633
710,2021-08-27,2046,22132,24178
710,2021-08-28,605,16205,16810
710,2021-08-29,231,12909,13140
710,2021-08-30,2255,21525,23780
710,2021-08-31,2270,22385,24655
710,2021-09-01,2354,22320,24674
710,2021-09-02,2331,22694,25025
710,2021-09-03,2368,23180,25548
710,2021-09-04,720,17194,17914
710,2021-09-05,242,13286,13528
710,2021-09-06,2424,22616,25040
710,2021-09-07,2460,23026,25486
710,2021-09-08,2539,23399,25938
710,2021-09-09,2649,23216,25865
710,2021-09-10,2633,24417,27050
710,2021-09-11,745,18466,19211
710,2021-09-12,309,15357,15666
710,2021-09-13,2492,24099,26591
710,2021-09-14,2578,24797,27375
710,2021-09-15,2499,23775,26274
710,2021-09-16,2589,24765,27354
710,2021-09-17,2477,26359,28836
710,2021-09-18,791,20571,21362
710,2021-09-19,270,15661,15931
710,2021-09-20,2542,23996,26538
710,2021-09-21,2598,24741,27339
710,2021-09-22,2560,24392,26952
710,2021-09-23,2576,24875,27451
710,2021-09-24,2386,26167,28553
710,2021-09-25,752,19793,20545
710,2021-09-26,259,13944,14203
710,2021-09-27,2411,23608,26019
710,2021-09-28,2515,24697,27212
710,2021-09-29,2553,24439,26992
710,2021-09-30,2448,25117,27565
710,2021-10-01,2463,25916,28379
710,2021-10-02,773,19759,20532
710,2021-10-03,172,13229,13401
710,2021-10-04,2325,23621,25946
710,2021-10-05,2558,23931,26489
710,2021-10-06,2529,24422,26951
710,2021-10-07,2474,25039,27513
710,2021-10-08,2693,26268,28961
710,2021-10-09,846,19709,20555
710,2021-10-10,214,15053,15267
710,2021-10-11,2446,24030,26476
710,2021-10-12,2508,24411,26919
710,2021-10-13,2495,24136,26631
710,2021-10-14,2439,24845,27284
710,2021-10-15,2370,25683,28053
710,2021-10-16,839,20136,20975
710,2021-10-17,323,14901,15224
710,2021-10-18,2396,22550,24946
710,2021-10-19,2559,23831,26390
710,2021-10-20,2399,23921,26320
710,2021-10-21,2266,23361,25627
710,2021-10-22,2445,25663,28108
710,2021-10-23,719,19640,20359
710,2021-10-24,208,14595,14803
710,2021-10-25,2465,23602,26067
710,2021-10-26,2275,21736,24011
710,2021-10-27,2642,24623,27265
710,2021-10-28,2559,25513,28072
710,2021-10-29,2516,25866,28382
710,2021-10-30,720,18611,19331
710,2021-11-01,324,12496,12820
710,2021-11-02,2457,23761,26218
710,2021-11-03,2370,22918,25288
710,2021-11-04,2575,24814,27389
710,2021-11-05,2425,24132,26557
710,2021-11-06,799,17915,18714
710,2021-11-07,206,12889,13095
710,2021-11-08,2587,23237,25824
710,2021-11-09,2525,24110,26635
710,2021-11-10,2573,23889,26462
710,2021-11-11,2251,24700,26951
710,2021-11-12,2202,25239,27441
710,2021-11-13,565,18706,19271
710,2021-11-14,179,12622,12801
710,2021-11-15,2496,23541,26037
710,2021-11-16,2819,23589,26408
710,2021-11-17,2701,23861,26562
710,2021-11-18,2625,24048,26673
710,2021-11-19,2223,20644,22867
710,2021-11-20,9,37,46
710,2021-11-21,74,1981,2055
710,2021-11-22,2319,22443,24762
710,2021-11-23,2463,23589,26052
710,2021-11-24,2477,23616,26093
710,2021-11-25,2667,24264,26931
710,2021-11-26,2463,25191,27654
710,2021-11-27,549,17980,18529
710,2021-11-28,149,12747,12896
710,2021-11-29,2330,23251,25581
710,2021-11-30,2279,23251,25530
710,2021-12-01,2194,23190,25384
710,2021-12-02,2317,24384,26701
710,2021-12-03,2215,24866,27081
710,2021-12-04,541,17636,18177
710,2021-12-05,140,13127,13267
710,2021-12-06,2153,22636,24789
710,2021-12-07,2250,23864,26114
710,2021-12-08,2371,23564,25935
710,2021-12-09,2205,23994,26199
710,2021-12-10,2078,24056,26134
710,2021-12-11,528,17785,18313
710,2021-12-12,147,12039,12186
710,2021-12-13,2292,23021,25313
710,2021-12-14,2464,23896,26360
710,2021-12-15,2379,23842,26221
710,2021-12-16,2522,24569,27091
710,2021-12-17,1920,25347,27267
710,2021-12-18,487,17422,17909
710,2021-12-19,146,12721,12867
710,2021-12-20,1394,20436,21830
710,2021-12-21,1414,21466,22880
710,2021-12-22,1352,20587,21939
710,2021-12-23,1045,20113,21158
710,2021-12-24,603,15592,16195
710,2021-12-25,80,7729,7809
710,2021-12-26,80,9180,9260
710,2021-12-27,789,15162,15951
710,2021-12-28,749,16396,17145
710,2021-12-29,755,16827,17582
710,2021-12-30,684,16938,17622
710,2021-12-31,499,13978,14477
711,2021-01-01,33,2350,2383
711,2021-01-02,183,3690,3873
711,2021-01-03,38,3307,3345
711,2021-01-04,251,4532,4783
711,2021-01-05,276,4801,5077
711,2021-01-06,291,4754,5045
711,2021-01-07,289,4855,5144
711,2021-01-08,303,5330,5633
711,2021-01-09,223,4453,4676
711,2021-01-10,53,4016,4069
711,2021-01-11,404,5982,6386
711,2021-01-12,379,6250,6629
711,2021-01-13,416,6030,6446
711,2021-01-14,401,5995,6396
711,2021-01-15,395,6444,6839
711,2021-01-16,213,5226,5439
711,2021-01-17,39,3548,3587
711,2021-01-18,412,6473,6885
711,2021-01-19,418,6146,6564
711,2021-01-20,444,6409,6853
711,2021-01-21,384,6441,6825
711,2021-01-22,415,6677,7092
711,2021-01-23,227,5169,5396
711,2021-01-24,56,3586,3642
711,2021-01-25,396,5922,6318
711,2021-01-26,401,6383,6784
711,2021-01-27,381,6168,6549
711,2021-01-28,365,6236,6601
711,2021-01-29,386,6515,6901
711,2021-01-30,202,5195,5397
711,2021-01-31,44,3732,3776
711,2021-02-01,357,6270,6627
711,2021-02-02,394,6514,6908
711,2021-02-03,366,6294,6660
711,2021-02-04,457,7142,7599
711,2021-02-05,430,6839,7269
711,2021-02-06,199,5316,5515
711,2021-02-07,47,3743,3790
711,2021-02-08,382,6670,7052
711,2021-02-09,355,5856,6211
711,2021-02-10,333,6114,6447
711,2021-02-11,328,5917,6245
711,2021-02-12,379,6400,6779
711,2021-02-13,233,5247,5480
711,2021-02-14,65,4084,4149
711,2021-02-15,363,5400,5763
711,2021-02-16,374,6085,6459
711,2021-02-17,378,6011,6389
711,2021-02-18,418,5901,6319
711,2021-02-19,367,6348,6715
711,2021-02-20,276,5663,5939
711,2021-02-21,68,4824,4892
711,2021-02-22,399,6098,6497
711,2021-02-23,406,6700,7106
711,2021-02-24,387,6729,7116
711,2021-02-25,420,6669,7089
711,2021-02-26,422,7088,7510
711,2021-02-27,267,5826,6093
711,2021-02-28,50,4570,4620
711,2021-03-01,488,6423,6911
711,2021-03-02,465,6817,7282
711,2021-03-03,431,6504,6935
711,2021-03-04,452,6831,7283
711,2021-03-05,530,7184,7714
711,2021-03-06,365,8310,8675
711,2021-03-07,51,5400,5451
711,2021-03-08,521,6612,7133
711,2021-03-09,510,6526,7036
711,2021-03-10,475,6673,7148
711,2021-03-11,435,6580,7015
711,2021-03-12,460,6929,7389
711,2021-03-13,249,5800,6049
711,2021-03-14,41,3964,4005
711,2021-03-15,415,6194,6609
711,2021-03-16,409,6699,7108
711,2021-03-17,440,6548,6988
711,2021-03-18,455,6728,7183
711,2021-03-19,539,7286,7825
711,2021-03-20,254,5865,6119
711,2021-03-21,56,4339,4395
711,2021-03-22,476,6534,7010
711,2021-03-23,488,6608,7096
711,2021-03-24,455,6790,7245
711,2021-03-25,479,6794,7273
711,2021-03-26,457,7055,7512
711,2021-03-27,256,5670,5926
711,2021-03-29,446,6618,7064
711,2021-03-30,478,6998,7476
711,2021-03-31,547,8205,8752
711,2021-04-01,485,7286,7771
711,2021-04-02,483,7436,7919
711,2021-04-03,366,6286,6652
711,2021-04-04,159,4316,4475
711,2021-04-05,156,3619,3775
711,2021-04-06,454,6733,7187
711,2021-04-07,555,6952,7507
711,2021-04-08,472,7069,7541
711,2021-04-09,507,7257,7764
711,2021-04-10,223,5726,5949
711,2021-04-11,45,3835,3880
711,2021-04-12,446,6304,6750
711,2021-04-13,458,6897,7355
711,2021-04-14,475,6690,7165
711,2021-04-15,491,6698,7189
711,2021-04-16,525,8833,9358
711,2021-04-17,696,12738,13434
711,2021-04-18,63,4350,4413
711,2021-04-19,458,6570,7028
711,2021-04-20,528,7219,7747
711,2021-04-21,524,7285,7809
711,2021-04-22,491,7165,7656
711,2021-04-23,499,7542,8041
711,2021-04-24,296,6516,6812
711,2021-04-25,66,5199,5265
711,2021-04-26,505,6700,7205
711,2021-04-27,496,6869,7365
711,2021-04-28,518,6851,7369
711,2021-04-29,524,7046,7570
711,2021-04-30,508,7806,8314
711,2021-05-01,79,5137,5216
711,2021-05-02,66,4726,4792
711,2021-05-03,536,6764,7300
711,2021-05-04,499,7009,7508
711,2021-05-05,458,7024,7482
711,2021-05-06,531,7637,8168
711,2021-05-07,560,7642,8202
711,2021-05-08,288,6353,6641
711,2021-05-09,104,5184,5288
711,2021-05-10,595,6837,7432
711,2021-05-11,579,7254,7833
711,2021-05-12,571,7808,8379
711,2021-05-13,154,4962,5116
711,2021-05-14,401,7125,7526
711,2021-05-15,267,6078,6345
711,2021-05-16,122,4513,4635
711,2021-05-17,548,7153,7701
711,2021-05-18,535,7084,7619
711,2021-05-19,661,7133,7794
711,2021-05-20,606,7190,7796
711,2021-05-21,567,7618,8185
711,2021-05-22,428,6099,6527
711,2021-05-23,196,4677,4873
711,2021-05-24,223,4112,4335
711,2021-05-25,592,6558,7150
711,2021-05-26,616,6723,7339
711,2021-05-27,640,7384,8024
711,2021-05-28,700,7263,7963
711,2021-05-29,468,6804,7272
711,2021-05-30,370,5794,6164
711,2021-05-31,625,7997,8622
711,2021-06-01,657,8573,9230
711,2021-06-02,664,8398,9062
711,2021-06-03,567,8065,8632
711,2021-06-04,604,8951,9555
711,2021-06-05,290,6981,7271
711,2021-06-06,103,5079,5182
711,2021-06-07,536,7973,8509
711,2021-06-08,594,8453,9047
711,2021-06-09,569,8464,9033
711,2021-06-10,588,8554,9142
711,2021-06-11,636,8748,9384
711,2021-06-12,370,7307,7677
711,2021-06-13,133,5870,6003
711,2021-06-14,612,7925,8537
711,2021-06-15,644,8114,8758
711,2021-06-16,621,8407,9028
711,2021-06-17,543,8502,9045
711,2021-06-18,610,8292,8902
711,2021-06-19,340,7243,7583
711,2021-06-20,119,5258,5377
711,2021-06-21,601,7503,8104
711,2021-06-22,575,8254,8829
711,2021-06-23,110,4689,4799
711,2021-06-24,545,7526,8071
711,2021-06-25,565,8357,8922
711,2021-06-26,353,7118,7471
711,2021-06-27,116,5069,5185
711,2021-06-28,545,7712,8257
711,2021-06-29,541,7605,8146
711,2021-06-30,521,8055,8576
711,2021-07-01,590,7945,8535
711,2021-07-02,580,8512,9092
711,2021-07-03,307,7373,7680
711,2021-07-04,149,5158,5307
711,2021-07-05,551,7394,7945
711,2021-07-06,522,7867,8389
711,2021-07-07,535,8042,8577
711,2021-07-08,522,7919,8441
711,2021-07-09,630,8285,8915
711,2021-07-10,297,7024,7321
711,2021-07-11,106,5293,5399
711,2021-07-12,488,7573,8061
711,2021-07-13,445,7585,8030
711,2021-07-14,445,7345,7790
711,2021-07-15,457,7715,8172
711,2021-07-16,503,7905,8408
711,2021-07-17,477,6898,7375
711,2021-07-18,222,5818,6040
711,2021-07-19,610,7475,8085
711,2021-07-20,722,7549,8271
711,2021-07-21,697,7635,8332
711,2021-07-22,696,7780,8476
711,2021-07-23,760,8158,8918
711,2021-07-24,446,6170,6616
711,2021-07-25,224,5060,5284
711,2021-07-26,638,7297,7935
711,2021-07-27,574,7150,7724
711,2021-07-28,591,7460,8051
711,2021-07-29,571,7387,7958
711,2021-07-30,540,7214,7754
711,2021-07-31,457,5999,6456
711,2021-08-01,236,4770,5006
711,2021-08-02,509,6045,6554
711,2021-08-03,503,5902,6405
711,2021-08-04,524,6206,6730
711,2021-08-05,470,6199,6669
711,2021-08-06,496,6167,6663
711,2021-08-07,299,5344,5643
711,2021-08-08,114,4295,4409
711,2021-08-09,348,5428,5776
711,2021-08-10,353,5778,6131
711,2021-08-11,360,5969,6329
711,2021-08-12,372,5970,6342
711,2021-08-13,373,6213,6586
711,2021-08-14,314,5488,5802
711,2021-08-15,168,4559,4727
711,2021-08-16,353,5373,5726
711,2021-08-17,343,5535,5878
711,2021-08-18,332,5599,5931
711,2021-08-19,331,5716,6047
711,2021-08-20,366,6135,6501
711,2021-08-21,282,5350,5632
711,2021-08-22,111,3977,4088
711,2021-08-23,388,5900,6288
711,2021-08-24,461,6308,6769
711,2021-08-25,508,6334,6842
711,2021-08-26,500,6483,6983
711,2021-08-27,490,6558,7048
711,2021-08-28,305,5003,5308
711,2021-08-29,97,4212,4309
711,2021-08-30,488,6160,6648
711,2021-08-31,509,6470,6979
711,2021-09-01,518,6534,7052
711,2021-09-02,506,6414,6920
711,2021-09-03,541,7037,7578
711,2021-09-04,355,6135,6490
711,2021-09-05,98,5303,5401
711,2021-09-06,510,6560,7070
711,2021-09-07,546,6837,7383
711,2021-09-08,555,6793,7348
711,2021-09-09,550,6899,7449
711,2021-09-10,480,7106,7586
711,2021-09-11,316,6111,6427
711,2021-09-12,130,5272,5402
711,2021-09-13,435,6962,7397
711,2021-09-14,547,8075,8622
711,2021-09-15,503,7794,8297
711,2021-09-16,538,7773,8311
711,2021-09-17,489,8257,8746
711,2021-09-18,271,7078,7349
711,2021-09-19,91,5526,5617
711,2021-09-20,520,7386,7906
711,2021-09-21,541,7725,8266
711,2021-09-22,516,7205,7721
711,2021-09-23,528,7547,8075
711,2021-09-24,544,7918,8462
711,2021-09-25,310,6773,7083
711,2021-09-26,103,5195,5298
711,2021-09-27,539,6971,7510
711,2021-09-28,513,7284,7797
711,2021-09-29,491,7334,7825
711,2021-09-30,568,8150,8718
711,2021-10-01,532,7941,8473
711,2021-10-02,267,6567,6834
711,2021-10-03,86,4829,4915
711,2021-10-04,555,7106,7661
711,2021-10-05,549,7335,7884
711,2021-10-06,543,7347,7890
711,2021-10-07,482,7581,8063
711,2021-10-08,499,7297,7796
711,2021-10-09,302,6589,6891
711,2021-10-10,103,5485,5588
711,2021-10-11,554,7127,7681
711,2021-10-12,526,7296,7822
711,2021-10-13,509,7325,7834
711,2021-10-14,555,7570,8125
711,2021-10-15,562,7744,8306
711,2021-10-16,289,6528,6817
711,2021-10-17,93,5057,5150
711,2021-10-18,537,7232,7769
711,2021-10-19,593,7851,8444
711,2021-10-20,523,7152,7675
711,2021-10-21,511,7253,7764
711,2021-10-22,581,7872,8453
711,2021-10-23,326,6736,7062
711,2021-10-24,96,5229,5325
711,2021-10-25,574,7476,8050
711,2021-10-26,554,8347,8901
711,2021-10-27,556,7299,7855
711,2021-10-28,519,7674,8193
711,2021-10-29,555,7948,8503
711,2021-10-30,350,6039,6389
711,2021-11-01,177,4345,4522
711,2021-11-02,606,6774,7380
711,2021-11-03,585,7036,7621
711,2021-11-04,633,7032,7665
711,2021-11-05,610,7048,7658
711,2021-11-06,410,6213,6623
711,2021-11-07,187,4782,4969
711,2021-11-08,561,7002,7563
711,2021-11-09,576,7292,7868
711,2021-11-10,550,7457,8007
711,2021-11-11,502,7490,7992
711,2021-11-12,473,7754,8227
711,2021-11-13,268,6520,6788
711,2021-11-14,90,4743,4833
711,2021-11-15,565,6815,7380
711,2021-11-16,556,7287,7843
711,2021-11-17,512,7005,7517
711,2021-11-18,499,7251,7750
711,2021-11-19,530,8114,8644
711,2021-11-20,291,8035,8326
711,2021-11-21,98,5542,5640
711,2021-11-22,522,6797,7319
711,2021-11-23,538,6988,7526
711,2021-11-24,551,7252,7803
711,2021-11-25,549,7323,7872
711,2021-11-26,607,7262,7869
711,2021-11-27,248,5908,6156
711,2021-11-28,76,4242,4318
711,2021-11-29,507,6846,7353
711,2021-11-30,490,7042,7532
711,2021-12-01,512,7060,7572
711,2021-12-02,529,7240,7769
711,2021-12-03,516,7141,7657
711,2021-12-04,265,5898,6163
711,2021-12-05,80,4139,4219
711,2021-12-06,470,6502,6972
711,2021-12-07,464,6932,7396
711,2021-12-08,512,6904,7416
711,2021-12-09,465,6945,7410
711,2021-12-10,457,7120,7577
711,2021-12-11,249,6294,6543
711,2021-12-12,74,4493,4567
711,2021-12-13,406,6585,6991
711,2021-12-14,433,6896,7329
711,2021-12-15,435,6970,7405
711,2021-12-16,422,7223,7645
711,2021-12-17,396,7260,7656
711,2021-12-18,198,5670,5868
711,2021-12-19,79,4328,4407
711,2021-12-20,297,5626,5923
711,2021-12-21,276,5956,6232
711,2021-12-22,257,5802,6059
711,2021-12-23,238,5862,6100
711,2021-12-24,178,5240,5418
711,2021-12-25,51,3421,3472
711,2021-12-26,61,3018,3079
711,2021-12-27,192,4377,4569
711,2021-12-28,215,4937,5152
711,2021-12-29,199,5177,5376
711,2021-12-30,194,5480,5674
711,2021-12-31,180,5016,5196
712,2021-01-01,81,2120,2201
712,2021-01-02,216,3261,3477
712,2021-01-03,91,2926,3017
712,2021-01-04,269,4260,4529
712,2021-01-05,269,4458,4727
712,2021-01-06,262,4480,4742
712,2021-01-07,254,4626,4880
712,2021-01-08,274,4648,4922
712,2021-01-09,211,3838,4049
712,2021-01-10,95,3142,3237
712,2021-01-11,347,5620,5967
712,2021-01-12,293,5765,6058
712,2021-01-13,359,5908,6267
712,2021-01-14,305,5318,5623
712,2021-01-15,339,5571,5910
712,2021-01-16,209,3883,4092
712,2021-01-17,91,2837,2928
712,2021-01-18,321,5589,5910
712,2021-01-19,307,5755,6062
712,2021-01-20,330,5818,6148
712,2021-01-21,359,5836,6195
712,2021-01-22,358,6158,6516
712,2021-01-23,226,3822,4048
712,2021-01-24,98,2776,2874
712,2021-01-25,411,5471,5882
712,2021-01-26,419,5921,6340
712,2021-01-27,363,5191,5554
712,2021-01-28,299,6018,6317
712,2021-01-29,322,6047,6369
712,2021-01-30,195,3982,4177
712,2021-01-31,97,2692,2789
712,2021-02-01,350,6043,6393
712,2021-02-02,347,6296,6643
712,2021-02-03,325,5893,6218
712,2021-02-04,337,6265,6602
712,2021-02-05,367,6232,6599
712,2021-02-06,202,4006,4208
712,2021-02-07,91,2729,2820
712,2021-02-08,340,5131,5471
712,2021-02-09,329,5067,5396
712,2021-02-10,287,5256,5543
712,2021-02-12,317,5395,5712
712,2021-02-13,238,4086,4324
712,2021-02-14,100,2877,2977
712,2021-02-15,334,4673,5007
712,2021-02-16,329,5077,5406
712,2021-02-17,293,5138,5431
712,2021-02-18,294,5160,5454
712,2021-02-19,418,5123,5541
712,2021-02-20,240,4352,4592
712,2021-02-21,106,3452,3558
712,2021-02-22,333,5975,6308
712,2021-02-23,342,6374,6716
712,2021-02-24,385,6250,6635
712,2021-02-25,384,6278,6662
712,2021-02-26,345,6336,6681
712,2021-02-27,208,4448,4656
712,2021-02-28,90,3212,3302
712,2021-03-01,388,6167,6555
712,2021-03-02,332,6402,6734
712,2021-03-03,364,6440,6804
712,2021-03-04,346,6490,6836
712,2021-03-05,409,6555,6964
712,2021-03-06,237,4428,4665
712,2021-03-07,100,3202,3302
712,2021-03-08,379,6578,6957
712,2021-03-09,396,6920,7316
712,2021-03-10,461,6817,7278
712,2021-03-11,366,7132,7498
712,2021-03-12,370,7021,7391
712,2021-03-13,213,4248,4461
712,2021-03-14,85,2872,2957
712,2021-03-15,347,6109,6456
712,2021-03-16,332,6252,6584
712,2021-03-17,384,6247,6631
712,2021-03-18,382,6479,6861
712,2021-03-19,355,6510,6865
712,2021-03-20,229,4590,4819
712,2021-03-21,108,3056,3164
712,2021-03-22,337,6100,6437
712,2021-03-23,350,6655,7005
712,2021-03-24,361,6407,6768
712,2021-03-25,363,6570,6933
712,2021-03-26,374,6621,6995
712,2021-03-27,217,4341,4558
712,2021-03-29,374,6983,7357
712,2021-03-30,380,7616,7996
712,2021-03-31,390,7357,7747
712,2021-04-01,378,7044,7422
712,2021-04-02,356,7054,7410
712,2021-04-03,225,4894,5119
712,2021-04-04,96,3423,3519
712,2021-04-05,108,2826,2934
712,2021-04-06,397,5280,5677
712,2021-04-07,404,5352,5756
712,2021-04-08,413,5643,6056
712,2021-04-09,391,5883,6274
712,2021-04-10,191,3973,4164
712,2021-04-11,101,2792,2893
712,2021-04-12,355,5390,5745
712,2021-04-13,348,5614,5962
712,2021-04-14,347,5610,5957
712,2021-04-15,358,5666,6024
712,2021-04-16,406,5803,6209
712,2021-04-17,236,4622,4858
712,2021-04-18,98,3213,3311
712,2021-04-19,450,6069,6519
712,2021-04-20,447,6402,6849
712,2021-04-21,465,6325,6790
712,2021-04-22,446,6716,7162
712,2021-04-23,439,6974,7413
712,2021-04-24,261,4952,5213
712,2021-04-25,101,3828,3929
712,2021-04-26,389,6459,6848
712,2021-04-27,394,6726,7120
712,2021-04-28,464,6730,7194
712,2021-04-29,399,6808,7207
712,2021-04-30,405,6997,7402
712,2021-05-01,108,3404,3512
712,2021-05-02,96,3413,3509
712,2021-05-03,449,6735,7184
712,2021-05-04,417,6657,7074
712,2021-05-05,424,6574,6998
712,2021-05-06,435,6762,7197
712,2021-05-07,481,6770,7251
712,2021-05-08,225,4876,5101
712,2021-05-09,97,3584,3681
712,2021-05-10,408,6467,6875
712,2021-05-11,416,6765,7181
712,2021-05-12,462,7240,7702
712,2021-05-13,111,3527,3638
712,2021-05-14,340,6696,7036
712,2021-05-15,193,4598,4791
712,2021-05-16,106,3262,3368
712,2021-05-17,430,6520,6950
712,2021-05-18,389,6663,7052
712,2021-05-19,382,6619,7001
712,2021-05-20,430,7071,7501
712,2021-05-21,389,7068,7457
712,2021-05-22,218,4425,4643
712,2021-05-23,92,3270,3362
712,2021-05-24,104,3024,3128
712,2021-05-25,290,5491,5781
712,2021-05-26,296,5573,5869
712,2021-05-27,351,5878,6229
712,2021-05-28,344,5869,6213
712,2021-05-29,229,4872,5101
712,2021-05-30,182,3744,3926
712,2021-05-31,388,7041,7429
712,2021-06-01,392,7300,7692
712,2021-06-02,445,7411,7856
712,2021-06-03,377,7441,7818
712,2021-06-04,368,7391,7759
712,2021-06-05,208,5553,5761
712,2021-06-06,97,3932,4029
712,2021-06-07,399,7248,7647
712,2021-06-08,383,7420,7803
712,2021-06-09,367,7387,7754
712,2021-06-10,391,7730,8121
712,2021-06-11,394,7677,8071
712,2021-06-12,218,5118,5336
712,2021-06-13,106,4323,4429
712,2021-06-14,415,6833,7248
712,2021-06-15,395,6985,7380
712,2021-06-16,440,6882,7322
712,2021-06-17,467,6947,7414
712,2021-06-18,388,6980,7368
712,2021-06-19,246,4915,5161
712,2021-06-20,98,3480,3578
712,2021-06-21,380,6732,7112
712,2021-06-22,372,6722,7094
712,2021-06-23,98,3328,3426
712,2021-06-24,324,6490,6814
712,2021-06-25,354,6849,7203
712,2021-06-26,245,4808,5053
712,2021-06-27,98,3650,3748
712,2021-06-28,361,6864,7225
712,2021-06-29,348,6707,7055
712,2021-06-30,387,6870,7257
712,2021-07-01,358,7009,7367
712,2021-07-02,343,6925,7268
712,2021-07-03,206,5016,5222
712,2021-07-04,119,3464,3583
712,2021-07-05,387,6555,6942
712,2021-07-06,351,7062,7413
712,2021-07-07,403,6940,7343
712,2021-07-08,370,6909,7279
712,2021-07-09,386,6843,7229
712,2021-07-10,220,4762,4982
712,2021-07-11,104,3717,3821
712,2021-07-12,332,6483,6815
712,2021-07-13,293,6397,6690
712,2021-07-14,358,6259,6617
712,2021-07-15,243,6666,6909
712,2021-07-16,316,6627,6943
712,2021-07-17,223,4831,5054
712,2021-07-18,165,4476,4641
712,2021-07-19,353,6219,6572
712,2021-07-20,355,6256,6611
712,2021-07-21,387,6058,6445
712,2021-07-22,337,6202,6539
712,2021-07-23,373,5981,6354
712,2021-07-24,225,4197,4422
712,2021-07-25,115,3327,3442
712,2021-07-26,343,5651,5994
712,2021-07-27,353,5492,5845
712,2021-07-28,323,5699,6022
712,2021-07-29,311,6042,6353
712,2021-07-30,286,5565,5851
712,2021-07-31,271,4115,4386
712,2021-08-01,112,3287,3399
712,2021-08-02,271,4749,5020
712,2021-08-03,281,4689,4970
712,2021-08-04,274,4747,5021
712,2021-08-05,282,4867,5149
712,2021-08-06,263,4757,5020
712,2021-08-07,235,3602,3837
712,2021-08-08,118,2745,2863
712,2021-08-09,254,4402,4656
712,2021-08-10,260,4405,4665
712,2021-08-11,262,4567,4829
712,2021-08-12,265,4597,4862
712,2021-08-13,294,4455,4749
712,2021-08-14,95,3684,3779
712,2021-08-15,64,2885,2949
712,2021-08-16,261,4024,4285
712,2021-08-17,243,4256,4499
712,2021-08-18,246,4402,4648
712,2021-08-19,262,4379,4641
712,2021-08-20,258,4506,4764
712,2021-08-21,201,3809,4010
712,2021-08-22,102,2678,2780
712,2021-08-23,288,4268,4556
712,2021-08-24,276,4599,4875
712,2021-08-25,301,4693,4994
712,2021-08-26,316,4693,5009
712,2021-08-27,318,4582,4900
712,2021-08-28,181,3582,3763
712,2021-08-29,89,2800,2889
712,2021-08-30,318,4279,4597
712,2021-08-31,297,4854,5151
712,2021-09-01,318,5155,5473
712,2021-09-02,346,5185,5531
712,2021-09-03,368,5191,5559
712,2021-09-04,254,4233,4487
712,2021-09-05,111,3429,3540
712,2021-09-06,309,4597,4906
712,2021-09-07,356,5332,5688
712,2021-09-08,330,5483,5813
712,2021-09-09,319,5496,5815
712,2021-09-10,388,5284,5672
712,2021-09-11,224,4574,4798
712,2021-09-12,118,3513,3631
712,2021-09-13,315,5982,6297
712,2021-09-14,353,5897,6250
712,2021-09-15,302,6184,6486
712,2021-09-16,382,6282,6664
712,2021-09-17,373,6522,6895
712,2021-09-18,230,5105,5335
712,2021-09-19,114,3830,3944
712,2021-09-20,361,6319,6680
712,2021-09-21,392,6499,6891
712,2021-09-22,416,6386,6802
712,2021-09-23,358,6499,6857
712,2021-09-24,358,6587,6945
712,2021-09-25,249,4887,5136
712,2021-09-26,109,3629,3738
712,2021-09-27,401,6257,6658
712,2021-09-28,375,6736,7111
712,2021-09-29,339,6596,6935
712,2021-09-30,385,6819,7204
712,2021-10-01,420,6900,7320
712,2021-10-02,251,5037,5288
712,2021-10-03,102,3504,3606
712,2021-10-04,424,6471,6895
712,2021-10-05,382,6609,6991
712,2021-10-06,362,6595,6957
712,2021-10-07,391,6538,6929
712,2021-10-08,416,6571,6987
712,2021-10-09,254,4916,5170
712,2021-10-10,194,3896,4090
712,2021-10-11,426,6463,6889
712,2021-10-12,374,6534,6908
712,2021-10-13,361,6494,6855
712,2021-10-14,421,6423,6844
712,2021-10-15,436,6613,7049
712,2021-10-16,250,4689,4939
712,2021-10-17,116,3521,3637
712,2021-10-18,390,6606,6996
712,2021-10-19,362,6312,6674
712,2021-10-20,354,6459,6813
712,2021-10-21,344,6263,6607
712,2021-10-22,364,6621,6985
712,2021-10-23,241,4758,4999
712,2021-10-24,109,3665,3774
712,2021-10-25,378,5626,6004
712,2021-10-26,370,6691,7061
712,2021-10-27,417,6526,6943
712,2021-10-28,356,6744,7100
712,2021-10-29,398,6670,7068
712,2021-10-30,210,4459,4669
712,2021-11-01,95,3021,3116
712,2021-11-02,338,5230,5568
712,2021-11-03,287,5289,5576
712,2021-11-04,339,5362,5701
712,2021-11-05,316,5765,6081
712,2021-11-06,244,4316,4560
712,2021-11-07,141,3328,3469
712,2021-11-08,380,6129,6509
712,2021-11-09,350,6393,6743
712,2021-11-10,389,6150,6539
712,2021-11-11,390,6217,6607
712,2021-11-12,378,6134,6512
712,2021-11-13,207,4500,4707
712,2021-11-14,111,3362,3473
712,2021-11-15,458,6385,6843
712,2021-11-16,437,6517,6954
712,2021-11-17,408,6656,7064
712,2021-11-18,394,6008,6402
712,2021-11-19,405,6472,6877
712,2021-11-20,257,4917,5174
712,2021-11-21,107,3313,3420
712,2021-11-22,392,6310,6702
712,2021-11-23,396,6135,6531
712,2021-11-24,377,6120,6497
712,2021-11-25,454,6251,6705
712,2021-11-26,362,6438,6800
712,2021-11-27,230,4587,4817
712,2021-11-28,114,3209,3323
712,2021-11-29,447,6072,6519
712,2021-11-30,389,6156,6545
712,2021-12-01,298,6086,6384
712,2021-12-02,380,6116,6496
712,2021-12-03,428,6057,6485
712,2021-12-04,229,4320,4549
712,2021-12-05,100,3293,3393
712,2021-12-06,378,5460,5838
712,2021-12-07,351,5999,6350
712,2021-12-08,378,6154,6532
712,2021-12-09,381,6087,6468
712,2021-12-10,377,5879,6256
712,2021-12-11,219,4456,4675
712,2021-12-12,113,3163,3276
712,2021-12-13,357,6109,6466
712,2021-12-14,347,6384,6731
712,2021-12-15,359,6312,6671
712,2021-12-16,368,6367,6735
712,2021-12-17,359,6244,6603
712,2021-12-18,213,4279,4492
712,2021-12-19,117,3197,3314
712,2021-12-20,259,5076,5335
712,2021-12-21,262,5053,5315
712,2021-12-22,264,5049,5313
712,2021-12-23,258,5085,5343
712,2021-12-24,201,4774,4975
712,2021-12-25,82,2866,2948
712,2021-12-26,88,2646,2734
712,2021-12-27,203,4089,4292
712,2021-12-28,211,4306,4517
712,2021-12-29,217,4347,4564
712,2021-12-30,232,4621,4853
712,2021-12-31,214,4428,4642
714,2021-01-01,97,10241,10338
714,2021-01-02,396,16437,16833
714,2021-01-03,202,14692,14894
714,2021-01-04,1564,18790,20354
714,2021-01-05,1916,19434,21350
714,2021-01-06,1820,19274,21094
714,2021-01-07,1943,20724,22667
714,2021-01-08,1893,21442,23335
714,2021-01-09,610,18886,19496
714,2021-01-10,232,16702,16934
714,2021-01-11,2554,25351,27905
714,2021-01-12,2266,22271,24537
714,2021-01-13,2535,24017,26552
714,2021-01-14,2196,20129,22325
714,2021-01-15,2200,24589,26789
714,2021-01-16,640,19983,20623
714,2021-01-17,217,12539,12756
714,2021-01-18,2298,23479,25777
714,2021-01-19,2555,23623,26178
714,2021-01-20,2713,25361,28074
714,2021-01-21,2492,23630,26122
714,2021-01-22,2441,25298,27739
714,2021-01-23,723,17893,18616
714,2021-01-24,258,11853,12111
714,2021-01-25,2581,24531,27112
714,2021-01-26,2743,26056,28799
714,2021-01-27,2414,24181,26595
714,2021-01-28,2261,22457,24718
714,2021-01-29,2264,23076,25340
714,2021-01-30,528,14712,15240
714,2021-01-31,192,10961,11153
714,2021-02-01,2480,23299,25779
714,2021-02-02,2514,23918,26432
714,2021-02-03,2563,22734,25297
714,2021-02-04,2669,25917,28586
714,2021-02-05,2808,26401,29209
714,2021-02-06,637,16757,17394
714,2021-02-07,240,11471,11711
714,2021-02-08,2296,20776,23072
714,2021-02-09,2587,24191,26778
714,2021-02-10,2870,24826,27696
714,2021-02-11,2658,25312,27970
714,2021-02-12,2609,26157,28766
714,2021-02-13,752,20225,20977
714,2021-02-14,253,13155,13408
714,2021-02-15,2633,22868,25501
714,2021-02-16,2844,24938,27782
714,2021-02-17,2725,24917,27642
714,2021-02-18,2913,24706,27619
714,2021-02-19,2835,25908,28743
714,2021-02-20,789,20233,21022
714,2021-02-21,291,15324,15615
714,2021-02-22,2834,25493,28327
714,2021-02-23,2879,26166,29045
714,2021-02-24,3001,26676,29677
714,2021-02-25,2966,27269,30235
714,2021-02-26,2647,25855,28502
714,2021-02-27,881,21151,22032
714,2021-02-28,248,14502,14750
714,2021-03-01,2975,25439,28414
714,2021-03-02,3057,26600,29657
714,2021-03-03,2921,26761,29682
714,2021-03-04,2759,25726,28485
714,2021-03-05,3033,27086,30119
714,2021-03-06,626,10858,11484
714,2021-03-07,177,9170,9347
714,2021-03-08,3195,25234,28429
714,2021-03-09,3114,25649,28763
714,2021-03-10,3260,26529,29789
714,2021-03-11,2838,23790,26628
714,2021-03-12,2908,26019,28927
714,2021-03-13,730,18206,18936
714,2021-03-14,194,11592,11786
714,2021-03-15,2957,24589,27546
714,2021-03-16,3050,25114,28164
714,2021-03-17,3146,25786,28932
714,2021-03-18,3260,26468,29728
714,2021-03-19,3083,27367,30450
714,2021-03-20,923,20855,21778
714,2021-03-21,260,13981,14241
714,2021-03-22,3267,25616,28883
714,2021-03-23,3356,26301,29657
714,2021-03-24,3249,26213,29462
714,2021-03-25,3354,26791,30145
714,2021-03-26,3277,27619,30896
714,2021-03-27,1016,19942,20958
714,2021-03-29,3340,25926,29266
714,2021-03-30,3310,27014,30324
714,2021-03-31,3090,22037,25127
714,2021-04-01,3325,27848,31173
714,2021-04-02,3027,28722,31749
714,2021-04-03,1019,21460,22479
714,2021-04-04,291,15440,15731
714,2021-04-05,406,12030,12436
714,2021-04-06,3241,24890,28131
714,2021-04-07,3496,25664,29160
714,2021-04-08,3332,26826,30158
714,2021-04-09,3343,26862,30205
714,2021-04-10,985,15931,16916
714,2021-04-11,297,9108,9405
714,2021-04-12,3367,25544,28911
714,2021-04-13,3196,24753,27949
714,2021-04-14,3314,26581,29895
714,2021-04-15,3365,26875,30240
714,2021-04-18,333,14091,14424
714,2021-04-19,3116,25561,28677
714,2021-04-20,3305,25963,29268
714,2021-04-21,3347,25969,29316
714,2021-04-22,3312,27105,30417
714,2021-04-23,3371,28075,31446
714,2021-04-24,1035,22055,23090
714,2021-04-25,369,16470,16839
714,2021-04-26,3254,26355,29609
714,2021-04-27,3387,26876,30263
714,2021-04-28,3385,27503,30888
714,2021-04-29,3381,27686,31067
714,2021-04-30,3266,29403,32669
714,2021-05-01,437,16103,16540
714,2021-05-02,309,15299,15608
714,2021-05-03,3144,26538,29682
714,2021-05-04,2960,26673,29633
714,2021-05-05,3271,27505,30776
714,2021-05-06,2924,24726,27650
714,2021-05-07,3226,28348,31574
714,2021-05-08,1029,22144,23173
714,2021-05-09,285,17045,17330
714,2021-05-10,3268,26332,29600
714,2021-05-11,3136,26522,29658
714,2021-05-12,3303,28471,31774
714,2021-05-13,499,15358,15857
714,2021-05-14,1968,24434,26402
714,2021-05-15,863,20763,21626
714,2021-05-16,468,13663,14131
714,2021-05-17,2977,25761,28738
714,2021-05-18,3062,26411,29473
714,2021-05-19,3495,27124,30619
714,2021-05-20,3517,28908,32425
714,2021-05-21,3507,28342,31849
714,2021-05-22,1081,19873,20954
714,2021-05-23,366,14880,15246
714,2021-05-24,495,12299,12794
714,2021-05-25,3350,24769,28119
714,2021-05-26,3230,25113,28343
714,2021-05-27,3700,26598,30298
714,2021-05-28,3494,28031,31525
714,2021-05-29,1181,21815,22996
714,2021-05-30,435,17354,17789
714,2021-05-31,3285,25850,29135
714,2021-06-01,2978,25427,28405
714,2021-06-02,3397,25039,28436
714,2021-06-03,3123,26074,29197
714,2021-06-04,2933,24495,27428
714,2021-06-05,920,22778,23698
714,2021-06-06,436,15976,16412
714,2021-06-07,3152,25585,28737
714,2021-06-08,3301,26112,29413
714,2021-06-09,3063,26431,29494
714,2021-06-10,3146,27512,30658
714,2021-06-11,3136,28492,31628
714,2021-06-12,990,22962,23952
714,2021-06-13,337,18553,18890
714,2021-06-14,3246,26205,29451
714,2021-06-15,3038,26547,29585
714,2021-06-16,3112,26661,29773
714,2021-06-17,3190,27361,30551
714,2021-06-18,2972,26988,29960
714,2021-06-19,970,22132,23102
714,2021-06-20,315,15479,15794
714,2021-06-21,3299,25932,29231
714,2021-06-22,2991,26266,29257
714,2021-06-23,836,14752,15588
714,2021-06-24,3009,23333,26342
714,2021-06-25,3023,27348,30371
714,2021-06-26,1002,21887,22889
714,2021-06-27,377,16359,16736
714,2021-06-28,3132,26065,29197
714,2021-06-29,3138,25863,29001
714,2021-06-30,3149,26511,29660
714,2021-07-01,3202,27991,31193
714,2021-07-02,3146,28622,31768
714,2021-07-03,1023,23127,24150
714,2021-07-04,380,15307,15687
714,2021-07-05,3101,25900,29001
714,2021-07-06,3097,25616,28713
714,2021-07-07,3158,27486,30644
714,2021-07-08,3341,27563,30904
714,2021-07-09,3148,28350,31498
714,2021-07-10,849,21989,22838
714,2021-07-11,331,16665,16996
714,2021-07-12,3061,26342,29403
714,2021-07-13,2648,20574,23222
714,2021-07-14,2580,20723,23303
714,2021-07-15,2497,21473,23970
714,2021-07-16,3106,28797,31903
714,2021-07-17,1252,22487,23739
714,2021-07-18,548,17841,18389
714,2021-07-19,3321,26892,30213
714,2021-07-20,3487,26717,30204
714,2021-07-21,3364,27242,30606
714,2021-07-22,3420,27462,30882
714,2021-07-23,3397,28050,31447
714,2021-07-24,992,19507,20499
714,2021-07-25,514,15165,15679
714,2021-07-26,3498,25381,28879
714,2021-07-27,3197,23990,27187
714,2021-07-28,3391,27130,30521
714,2021-07-29,3004,27762,30766
714,2021-07-30,2588,26498,29086
714,2021-07-31,882,20491,21373
714,2021-08-01,488,15763,16251
714,2021-08-02,2239,23153,25392
714,2021-08-03,2183,22019,24202
714,2021-08-04,2379,24120,26499
714,2021-08-05,2187,23097,25284
714,2021-08-06,2135,23830,25965
714,2021-08-07,730,18225,18955
714,2021-08-08,338,14475,14813
714,2021-08-09,1892,22341,24233
714,2021-08-10,1914,22115,24029
714,2021-08-11,2039,22428,24467
714,2021-08-12,2054,22860,24914
714,2021-08-13,1943,23111,25054
714,2021-08-14,709,18824,19533
714,2021-08-15,339,16024,16363
714,2021-08-16,1976,21278,23254
714,2021-08-17,2146,21067,23213
714,2021-08-18,2052,22384,24436
714,2021-08-19,2070,22505,24575
714,2021-08-20,2074,22937,25011
714,2021-08-21,750,18854,19604
714,2021-08-22,351,13998,14349
714,2021-08-23,2686,22727,25413
714,2021-08-24,2987,24413,27400
714,2021-08-25,3132,24997,28129
714,2021-08-26,3166,25220,28386
714,2021-08-27,2997,25290,28287
714,2021-08-28,815,19596,20411
714,2021-08-29,416,16098,16514
714,2021-08-30,3224,24323,27547
714,2021-08-31,3220,25274,28494
714,2021-09-01,3363,25752,29115
714,2021-09-02,3391,25806,29197
714,2021-09-03,3435,26253,29688
714,2021-09-04,959,20982,21941
714,2021-09-05,400,16880,17280
714,2021-09-06,3488,25809,29297
714,2021-09-07,3570,26167,29737
714,2021-09-08,3521,26883,30404
714,2021-09-09,3623,26308,29931
714,2021-09-10,3494,27610,31104
714,2021-09-11,1061,22626,23687
714,2021-09-12,491,18846,19337
714,2021-09-13,3335,27588,30923
714,2021-09-14,3311,26824,30135
714,2021-09-15,2882,23213,26095
714,2021-09-16,3421,28030,31451
714,2021-09-17,3456,29053,32509
714,2021-09-18,1184,24320,25504
714,2021-09-19,504,19091,19595
714,2021-09-20,3348,26681,30029
714,2021-09-21,3418,27922,31340
714,2021-09-22,3502,27558,31060
714,2021-09-23,3575,28083,31658
714,2021-09-24,3422,29081,32503
714,2021-09-25,1143,24635,25778
714,2021-09-26,492,18205,18697
714,2021-09-27,3260,26226,29486
714,2021-09-28,3359,27947,31306
714,2021-09-29,3388,27139,30527
714,2021-09-30,3369,28302,31671
714,2021-10-01,3384,29086,32470
714,2021-10-02,1129,23292,24421
714,2021-10-03,334,14670,15004
714,2021-10-04,3242,26282,29524
714,2021-10-05,3233,25651,28884
714,2021-10-06,3167,26592,29759
714,2021-10-07,3358,27769,31127
714,2021-10-08,3459,27791,31250
714,2021-10-09,1162,24217,25379
714,2021-10-10,426,17944,18370
714,2021-10-11,3321,27251,30572
714,2021-10-12,3201,26220,29421
714,2021-10-13,3245,27828,31073
714,2021-10-14,3337,28604,31941
714,2021-10-15,3266,29334,32600
714,2021-10-16,1223,23592,24815
714,2021-10-17,553,18085,18638
714,2021-10-18,3342,26471,29813
714,2021-10-19,3120,29988,33108
715,2021-02-01,934,18165,19099
715,2021-02-02,1000,18587,19587
715,2021-02-03,931,18197,19128
715,2021-02-04,1090,18552,19642
715,2021-02-05,1089,19624,20713
715,2021-02-06,430,16032,16462
715,2021-02-07,192,9300,9492
715,2021-02-08,1035,17044,18079
715,2021-02-09,1082,17862,18944
715,2021-02-10,1025,18528,19553
715,2021-02-11,1038,18685,19723
715,2021-02-12,993,19653,20646
715,2021-02-13,574,16599,17173
715,2021-02-14,265,10455,10720
715,2021-02-15,951,17119,18070
715,2021-02-16,990,18263,19253
715,2021-02-17,910,18016,18926
715,2021-02-18,987,17632,18619
715,2021-02-19,966,19046,20012
715,2021-02-20,586,16405,16991
715,2021-02-21,284,11515,11799
715,2021-02-22,999,17268,18267
715,2021-02-23,1024,19026,20050
715,2021-02-24,1134,19155,20289
715,2021-02-25,1087,19675,20762
715,2021-02-26,1050,20201,21251
715,2021-02-27,527,17147,17674
715,2021-02-28,181,10776,10957
715,2021-03-01,1062,18400,19462
715,2021-03-02,1090,19262,20352
715,2021-03-03,1091,19156,20247
715,2021-03-04,975,19157,20132
715,2021-03-05,1086,20177,21263
715,2021-03-06,542,16864,17406
715,2021-03-07,170,10789,10959
715,2021-03-08,1105,18579,19684
715,2021-03-09,1031,18917,19948
715,2021-03-10,1127,19034,20161
715,2021-03-11,926,18225,19151
715,2021-03-12,992,19323,20315
715,2021-03-13,461,15919,16380
715,2021-03-14,171,9253,9424
715,2021-03-15,984,18010,18994
715,2021-03-16,1006,18653,19659
715,2021-03-17,1041,18324,19365
715,2021-03-18,1150,18504,19654
715,2021-03-19,1025,19853,20878
715,2021-03-20,519,17016,17535
715,2021-03-21,173,10120,10293
715,2021-03-22,1042,17944,18986
715,2021-03-23,1045,18850,19895
715,2021-03-24,1064,18955,20019
715,2021-03-25,1104,19151,20255
715,2021-03-26,1057,20560,21617
715,2021-03-27,459,16605,17064
715,2021-03-29,1133,19389,20522
715,2021-03-30,1076,20207,21283
715,2021-03-31,1135,20214,21349
715,2021-04-01,1084,20848,21932
715,2021-04-02,1062,22406,23468
715,2021-04-03,638,18311,18949
715,2021-04-04,293,10137,10430
715,2021-04-05,324,8356,8680
715,2021-04-06,1028,18443,19471
715,2021-04-07,1092,18663,19755
715,2021-04-08,1053,19056,20109
715,2021-04-09,1068,19459,20527
715,2021-04-10,533,15576,16109
715,2021-04-11,248,8800,9048
715,2021-04-12,1001,18338,19339
715,2021-04-13,1044,18840,19884
715,2021-04-14,1030,18659,19689
715,2021-04-15,1008,18577,19585
715,2021-04-16,1095,19327,20422
715,2021-04-17,666,16226,16892
715,2021-04-18,305,11099,11404
715,2021-04-19,1090,18512,19602
715,2021-04-20,1069,18883,19952
715,2021-04-21,1130,18907,20037
715,2021-04-22,1124,19498,20622
715,2021-04-23,1146,20788,21934
715,2021-04-24,534,18782,19316
715,2021-04-25,241,12760,13001
715,2021-04-26,1143,19859,21002
715,2021-04-27,1151,20256,21407
715,2021-04-28,1128,20145,21273
715,2021-04-29,1129,20620,21749
715,2021-04-30,1160,22537,23697
715,2021-05-01,229,11406,11635
715,2021-05-02,233,11835,12068
715,2021-05-03,1105,20241,21346
715,2021-05-04,1027,19563,20590
715,2021-05-05,1122,20021,21143
715,2021-05-06,1030,17740,18770
715,2021-05-07,1123,20890,22013
715,2021-05-08,566,18534,19100
715,2021-05-09,197,12272,12469
715,2021-05-10,1153,19479,20632
715,2021-05-11,1135,19412,20547
715,2021-05-12,1185,21439,22624
715,2021-05-13,254,11468,11722
715,2021-05-14,912,21490,22402
715,2021-05-15,480,17736,18216
715,2021-05-16,239,11073,11312
715,2021-05-17,1078,18826,19904
715,2021-05-18,1090,20339,21429
715,2021-05-19,1150,20108,21258
715,2021-05-20,1137,20339,21476
715,2021-05-21,1216,21251,22467
715,2021-05-22,693,18314,19007
715,2021-05-23,322,11310,11632
715,2021-05-24,369,9792,10161
715,2021-05-25,1462,21324,22786
715,2021-05-26,1313,21148,22461
715,2021-05-27,1657,22195,23852
715,2021-05-28,1661,23534,25195
715,2021-05-29,861,19361,20222
715,2021-05-30,323,11687,12010
715,2021-05-31,1002,15739,16741
715,2021-06-01,1042,15830,16872
715,2021-06-02,1004,15583,16587
715,2021-06-03,878,15895,16773
715,2021-06-04,927,16141,17068
715,2021-06-05,476,14901,15377
715,2021-06-06,193,9339,9532
715,2021-06-07,962,15330,16292
715,2021-06-08,945,15644,16589
715,2021-06-09,953,15063,16016
715,2021-06-10,910,15281,16191
715,2021-06-11,923,16283,17206
715,2021-06-12,504,14909,15413
715,2021-06-13,235,10155,10390
715,2021-06-14,919,14838,15757
715,2021-06-15,916,14962,15878
715,2021-06-16,911,14684,15595
715,2021-06-17,881,14885,15766
715,2021-06-18,917,15797,16714
715,2021-06-19,479,14029,14508
715,2021-06-20,204,9492,9696
715,2021-06-21,914,14773,15687
715,2021-06-22,864,15799,16663
715,2021-06-23,221,8213,8434
715,2021-06-24,769,14201,14970
715,2021-06-25,842,15852,16694
715,2021-06-26,489,14377,14866
715,2021-06-27,192,9335,9527
715,2021-06-28,887,14636,15523
715,2021-06-29,884,14770,15654
715,2021-06-30,868,15595,16463
715,2021-07-01,836,15474,16310
715,2021-07-02,946,15926,16872
715,2021-07-03,576,14865,15441
715,2021-07-04,271,9437,9708
715,2021-07-05,882,15459,16341
715,2021-07-06,839,15847,16686
715,2021-07-07,963,15789,16752
715,2021-07-08,917,15865,16782
715,2021-07-09,869,16622,17491
715,2021-07-10,481,14561,15042
715,2021-07-11,194,10183,10377
715,2021-07-12,817,15699,16516
715,2021-07-13,707,15400,16107
715,2021-07-14,717,14638,15355
715,2021-07-15,555,10588,11143
715,2021-07-16,830,15344,16174
715,2021-07-17,619,14262,14881
715,2021-07-18,356,10368,10724
715,2021-07-19,1007,15027,16034
715,2021-07-20,1005,15340,16345
715,2021-07-21,1003,15242,16245
715,2021-07-22,996,15363,16359
715,2021-07-23,1063,15754,16817
715,2021-07-24,609,13913,14522
715,2021-07-25,326,9649,9975
715,2021-07-26,981,14884,15865
715,2021-07-27,933,14633,15566
715,2021-07-28,926,15555,16481
715,2021-07-29,886,15148,16034
715,2021-07-30,885,15632,16517
715,2021-07-31,653,12902,13555
715,2021-08-01,347,8731,9078
715,2021-08-02,771,13955,14726
715,2021-08-03,757,14059,14816
715,2021-08-04,778,14060,14838
715,2021-08-05,762,13988,14750
715,2021-08-06,767,14162,14929
715,2021-08-07,425,11895,12320
715,2021-08-08,199,7715,7914
715,2021-08-09,625,13439,14064
715,2021-08-10,597,13348,13945
715,2021-08-11,603,13687,14290
715,2021-08-12,628,13344,13972
715,2021-08-13,633,13928,14561
715,2021-08-14,440,11674,12114
715,2021-08-15,215,7774,7989
715,2021-08-16,602,13366,13968
715,2021-08-17,611,13367,13978
715,2021-08-18,603,13228,13831
715,2021-08-19,597,13432,14029
715,2021-08-20,587,14026,14613
715,2021-08-21,463,12033,12496
715,2021-08-22,195,8132,8327
715,2021-08-23,595,13170,13765
715,2021-08-24,625,13024,13649
715,2021-08-25,679,13355,14034
715,2021-08-26,675,13381,14056
715,2021-08-27,639,13714,14353
715,2021-08-28,421,11761,12182
715,2021-08-29,203,8435,8638
715,2021-08-30,705,13865,14570
715,2021-08-31,686,14265,14951
715,2021-09-01,723,14788,15511
715,2021-09-02,746,14377,15123
715,2021-09-03,713,15355,16068
715,2021-09-04,478,13496,13974
715,2021-09-05,211,9589,9800
715,2021-09-06,750,14944,15694
715,2021-09-07,769,15338,16107
715,2021-09-08,768,15273,16041
715,2021-09-09,788,15487,16275
715,2021-09-10,762,16242,17004
715,2021-09-11,506,14365,14871
715,2021-09-12,223,10473,10696
715,2021-09-13,753,16049,16802
715,2021-09-14,881,16285,17166
715,2021-09-15,801,16198,16999
715,2021-09-16,868,16637,17505
715,2021-09-17,901,17951,18852
715,2021-09-18,485,15932,16417
715,2021-09-19,218,11183,11401
715,2021-09-20,1015,16169,17184
715,2021-09-21,1001,16169,17170
715,2021-09-22,938,15809,16747
715,2021-09-23,933,15975,16908
715,2021-09-24,922,17218,18140
715,2021-09-25,510,15747,16257
715,2021-09-26,207,11052,11259
715,2021-09-27,918,15847,16765
715,2021-09-28,908,16576,17484
715,2021-09-29,904,16256,17160
715,2021-09-30,931,16910,17841
715,2021-10-01,937,17989,18926
715,2021-10-02,461,16387,16848
715,2021-10-03,181,10405,10586
715,2021-10-04,1066,16429,17495
715,2021-10-05,1064,16804,17868
715,2021-10-06,1028,17117,18145
715,2021-10-07,1106,17120,18226
715,2021-10-08,1099,18376,19475
715,2021-10-09,670,16534,17204
715,2021-10-10,307,11939,12246
715,2021-10-11,1077,17125,18202
715,2021-10-12,1023,17279,18302
715,2021-10-13,1092,17574,18666
715,2021-10-14,1076,17357,18433
715,2021-10-15,1085,18275,19360
715,2021-10-16,616,15759,16375
715,2021-10-17,327,10856,11183
715,2021-10-18,1063,17089,18152
715,2021-10-19,1004,17424,18428
715,2021-10-20,1096,16999,18095
715,2021-10-21,1019,17164,18183
715,2021-10-22,1138,18465,19603
715,2021-10-23,612,16831,17443
715,2021-10-24,324,11824,12148
715,2021-10-25,1078,16958,18036
715,2021-10-26,1087,17296,18383
715,2021-10-27,1187,17630,18817
715,2021-10-28,1089,18118,19207
715,2021-10-29,1098,19168,20266
715,2021-10-30,644,16420,17064
715,2021-11-01,398,9431,9829
715,2021-11-02,987,17095,18082
715,2021-11-03,938,16183,17121
715,2021-11-04,1030,16280,17310
715,2021-11-05,1026,17355,18381
715,2021-11-06,747,15604,16351
715,2021-11-07,410,10468,10878
715,2021-11-08,1094,16605,17699
715,2021-11-09,1046,17160,18206
715,2021-11-10,1017,16774,17791
715,2021-11-11,1027,17255,18282
715,2021-11-12,987,18026,19013
715,2021-11-13,531,16162,16693
715,2021-11-14,306,10249,10555
715,2021-11-15,1051,16883,17934
715,2021-11-16,945,14715,15660
715,2021-11-17,1067,16671,17738
715,2021-11-18,1021,16721,17742
715,2021-11-19,1048,17983,19031
715,2021-11-20,471,15207,15678
715,2021-11-21,211,10354,10565
715,2021-11-22,852,16154,17006
715,2021-11-23,832,16689,17521
715,2021-11-24,894,16736,17630
715,2021-11-25,890,16835,17725
715,2021-11-26,842,18082,18924
715,2021-11-27,437,15855,16292
715,2021-11-28,183,10175,10358
715,2021-11-29,863,16691,17554
715,2021-11-30,814,16635,17449
715,2021-12-01,766,16448,17214
715,2021-12-02,840,17163,18003
715,2021-12-03,872,19241,20113
715,2021-12-04,421,16447,16868
715,2021-12-05,183,10614,10797
715,2021-12-06,914,17668,18582
715,2021-12-07,982,18144,19126
715,2021-12-08,912,18591,19503
715,2021-12-09,931,18087,19018
715,2021-12-10,882,19563,20445
715,2021-12-11,433,16667,17100
715,2021-12-12,193,10495,10688
715,2021-12-13,894,17868,18762
715,2021-12-14,932,18775,19707
715,2021-12-15,985,18683,19668
715,2021-12-16,953,19210,20163
715,2021-12-17,923,20108,21031
715,2021-12-18,435,16670,17105
715,2021-12-19,200,11483,11683
715,2021-12-20,661,17411,18072
715,2021-12-21,652,18009,18661
715,2021-12-22,631,18224,18855
715,2021-12-23,570,18769,19339
715,2021-12-24,388,15459,15847
715,2021-12-25,150,8005,8155
715,2021-12-26,163,7772,7935
715,2021-12-27,420,14486,14906
715,2021-12-28,435,15054,15489
715,2021-12-29,450,15707,16157
715,2021-12-30,436,16243,16679
715,2021-12-31,402,14630,15032
716,2021-01-19,898,11824,12722
716,2021-01-20,981,11921,12902
716,2021-01-21,977,11943,12920
716,2021-01-22,912,12435,13347
716,2021-01-23,611,9559,10170
716,2021-01-24,373,6057,6430
716,2021-01-25,849,11566,12415
716,2021-01-26,917,11827,12744
716,2021-01-27,875,11612,12487
716,2021-01-28,818,11968,12786
716,2021-01-29,831,12332,13163
716,2021-01-30,470,9564,10034
716,2021-01-31,248,6028,6276
716,2021-02-01,903,11451,12354
716,2021-02-02,884,11878,12762
716,2021-02-03,829,11604,12433
716,2021-02-04,878,12124,13002
716,2021-02-05,921,12590,13511
716,2021-02-06,487,9798,10285
716,2021-02-07,245,6296,6541
716,2021-02-08,1001,11394,12395
716,2021-02-09,970,11618,12588
716,2021-02-10,858,11665,12523
716,2021-02-11,866,11552,12418
716,2021-02-12,971,11991,12962
716,2021-02-13,666,9867,10533
716,2021-02-14,346,6776,7122
716,2021-02-15,985,10941,11926
716,2021-02-16,941,11744,12685
716,2021-02-17,944,11777,12721
716,2021-02-18,936,11442,12378
716,2021-02-19,947,12098,13045
716,2021-02-20,640,10195,10835
716,2021-02-21,359,7248,7607
716,2021-02-22,1044,13561,14605
716,2021-02-23,1035,12702,13737
716,2021-02-24,939,11947,12886
716,2021-02-25,936,12219,13155
716,2021-02-26,917,12590,13507
716,2021-02-27,525,10459,10984
716,2021-02-28,256,6998,7254
716,2021-03-01,967,11419,12386
716,2021-03-02,904,12041,12945
716,2021-03-03,954,12126,13080
716,2021-03-04,932,12330,13262
716,2021-03-05,1003,12662,13665
716,2021-03-06,566,10432,10998
716,2021-03-07,251,7027,7278
716,2021-03-08,962,11694,12656
716,2021-03-09,953,12308,13261
716,2021-03-10,987,12316,13303
716,2021-03-11,906,12411,13317
716,2021-03-12,895,12749,13644
716,2021-03-13,529,10140,10669
716,2021-03-14,242,6189,6431
716,2021-03-15,915,11689,12604
716,2021-03-16,886,12312,13198
716,2021-03-17,914,11904,12818
716,2021-03-18,926,12254,13180
716,2021-03-19,1013,13399,14412
716,2021-03-20,531,10370,10901
716,2021-03-21,254,6662,6916
716,2021-03-22,986,11894,12880
716,2021-03-23,910,12242,13152
716,2021-03-24,882,11924,12806
716,2021-03-25,954,12167,13121
716,2021-03-26,974,12875,13849
716,2021-03-27,540,10255,10795
716,2021-03-29,950,12312,13262
716,2021-03-30,926,12603,13529
716,2021-03-31,920,13179,14099
716,2021-04-01,930,13258,14188
716,2021-04-02,960,13854,14814
716,2021-04-03,730,11221,11951
716,2021-04-04,434,6758,7192
716,2021-04-05,443,5589,6032
716,2021-04-06,1016,11739,12755
716,2021-04-07,1047,11808,12855
716,2021-04-08,1109,12115,13224
716,2021-04-09,1205,12313,13518
716,2021-04-10,662,9805,10467
716,2021-04-11,358,6039,6397
716,2021-04-12,1103,11499,12602
716,2021-04-13,1096,11898,12994
716,2021-04-14,1131,11636,12767
716,2021-04-15,1116,11956,13072
716,2021-04-16,1150,12654,13804
716,2021-04-17,718,11203,11921
716,2021-04-18,415,7123,7538
716,2021-04-19,1039,11522,12561
716,2021-04-20,1082,12347,13429
716,2021-04-21,1189,12548,13737
716,2021-04-22,1036,12252,13288
716,2021-04-23,1038,12876,13914
716,2021-04-24,592,11039,11631
716,2021-04-25,285,8240,8525
716,2021-04-26,1020,12165,13185
716,2021-04-27,956,12444,13400
716,2021-04-28,1000,12462,13462
716,2021-04-29,1013,12990,14003
716,2021-04-30,1024,14011,15035
716,2021-05-01,273,7470,7743
716,2021-05-02,273,7556,7829
716,2021-05-03,1025,12406,13431
716,2021-05-04,948,12479,13427
716,2021-05-05,1032,12106,13138
716,2021-05-06,1021,11523,12544
716,2021-05-07,1038,13209,14247
716,2021-05-08,606,11175,11781
716,2021-05-09,294,7907,8201
716,2021-05-10,1047,12190,13237
716,2021-05-11,982,12945,13927
716,2021-05-12,1082,13993,15075
716,2021-05-13,317,7390,7707
716,2021-05-14,796,13236,14032
716,2021-05-15,520,10888,11408
716,2021-05-16,320,7213,7533
716,2021-05-17,992,12475,13467
716,2021-05-18,1058,13317,14375
716,2021-05-19,1121,12892,14013
716,2021-05-20,1166,13587,14753
716,2021-05-21,1175,13885,15060
716,2021-05-22,712,10937,11649
716,2021-05-23,422,7187,7609
716,2021-05-24,430,6400,6830
716,2021-05-25,1101,11912,13013
716,2021-05-26,1172,11708,12880
716,2021-05-27,1349,12236,13585
716,2021-05-28,1362,12667,14029
716,2021-05-29,376,6902,7278
716,2021-05-30,411,7633,8044
716,2021-05-31,1185,11435,12620
716,2021-06-01,1169,12188,13357
716,2021-06-02,1204,11554,12758
716,2021-06-03,1031,11820,12851
716,2021-06-04,1054,12505,13559
716,2021-06-05,558,10457,11015
716,2021-06-06,294,7050,7344
716,2021-06-07,1136,11733,12869
716,2021-06-08,1103,12111,13214
716,2021-06-09,1063,12081,13144
716,2021-06-10,1040,12036,13076
716,2021-06-11,1054,12897,13951
716,2021-06-12,560,10992,11552
716,2021-06-13,342,8151,8493
716,2021-06-14,1069,11313,12382
716,2021-06-15,1030,11819,12849
716,2021-06-16,1019,11670,12689
716,2021-06-17,933,12066,12999
716,2021-06-18,932,12603,13535
716,2021-06-19,573,10488,11061
716,2021-06-20,307,7478,7785
716,2021-06-21,935,11463,12398
716,2021-06-22,920,12716,13636
716,2021-06-23,298,6439,6737
716,2021-06-24,927,11540,12467
716,2021-06-25,953,12206,13159
716,2021-06-26,572,10435,11007
716,2021-06-27,304,6977,7281
716,2021-06-28,990,11431,12421
716,2021-06-29,926,11424,12350
716,2021-06-30,943,12123,13066
716,2021-07-01,887,12382,13269
716,2021-07-02,923,12719,13642
716,2021-07-03,624,10823,11447
716,2021-07-04,360,7079,7439
716,2021-07-05,930,11658,12588
716,2021-07-06,887,12166,13053
716,2021-07-07,897,11941,12838
716,2021-07-08,869,12236,13105
716,2021-07-09,917,12552,13469
716,2021-07-10,538,10578,11116
716,2021-07-11,297,7914,8211
716,2021-07-12,912,11820,12732
716,2021-07-13,849,12172,13021
716,2021-07-14,836,11973,12809
716,2021-07-15,1012,14125,15137
716,2021-07-16,1070,13733,14803
716,2021-07-17,765,10825,11590
716,2021-07-18,519,7998,8517
716,2021-07-19,1154,11943,13097
716,2021-07-20,1138,12466,13604
716,2021-07-21,1177,12132,13309
716,2021-07-22,1216,12532,13748
716,2021-07-23,1280,12648,13928
716,2021-07-24,810,10625,11435
716,2021-07-25,492,7507,7999
716,2021-07-26,1182,12077,13259
716,2021-07-27,1208,12306,13514
716,2021-07-28,1056,12222,13278
716,2021-07-29,1056,12478,13534
716,2021-07-30,981,12366,13347
716,2021-07-31,823,9892,10715
716,2021-08-01,496,7190,7686
716,2021-08-02,900,10854,11754
716,2021-08-03,876,10951,11827
716,2021-08-04,906,10722,11628
716,2021-08-05,899,10917,11816
716,2021-08-06,894,11190,12084
716,2021-08-07,541,8967,9508
716,2021-08-08,323,6090,6413
716,2021-08-09,720,10355,11075
716,2021-08-10,731,10249,10980
716,2021-08-11,729,10443,11172
716,2021-08-12,737,10392,11129
716,2021-08-13,742,10761,11503
716,2021-08-14,554,8924,9478
716,2021-08-15,329,6261,6590
716,2021-08-16,723,10005,10728
716,2021-08-17,674,9755,10429
716,2021-08-18,672,9516,10188
716,2021-08-19,666,9934,10600
716,2021-08-20,659,10207,10866
716,2021-08-21,515,8554,9069
716,2021-08-22,302,5985,6287
716,2021-08-23,897,11215,12112
716,2021-08-24,935,11845,12780
716,2021-08-25,973,11861,12834
716,2021-08-26,964,12109,13073
716,2021-08-27,1026,12201,13227
716,2021-08-28,619,10202,10821
716,2021-08-29,345,6756,7101
716,2021-08-30,993,11675,12668
716,2021-08-31,996,12345,13341
716,2021-09-01,1006,12365,13371
716,2021-09-02,1036,12362,13398
716,2021-09-03,1030,12864,13894
716,2021-09-04,676,10832,11508
716,2021-09-05,350,8073,8423
716,2021-09-06,1048,12509,13557
716,2021-09-07,1092,12926,14018
716,2021-09-08,1121,12742,13863
716,2021-09-09,1080,12780,13860
716,2021-09-10,1077,13507,14584
716,2021-09-11,642,11617,12259
716,2021-09-12,364,8265,8629
716,2021-09-13,1002,13368,14370
716,2021-09-14,1112,14329,15441
716,2021-09-15,1139,13581,14720
716,2021-09-16,1049,13529,14578
716,2021-09-17,1099,14738,15837
716,2021-09-18,705,12111,12816
716,2021-09-19,451,8948,9399
716,2021-09-20,1226,13122,14348
716,2021-09-21,1167,13149,14316
716,2021-09-22,1130,13191,14321
716,2021-09-23,1155,13177,14332
716,2021-09-24,1135,14138,15273
716,2021-09-25,680,11623,12303
716,2021-09-26,360,8146,8506
716,2021-09-27,1103,12904,14007
716,2021-09-28,1190,13469,14659
716,2021-09-29,1163,13106,14269
716,2021-09-30,1176,14028,15204
716,2021-10-01,1134,14566,15700
716,2021-10-02,634,12012,12646
716,2021-10-03,351,7730,8081
716,2021-10-04,1099,13190,14289
716,2021-10-05,1126,13242,14368
716,2021-10-06,1067,13277,14344
716,2021-10-07,1124,13559,14683
716,2021-10-08,1201,15321,16522
716,2021-10-09,664,11883,12547
716,2021-10-10,442,8756,9198
716,2021-10-11,1008,12732,13740
716,2021-10-12,946,13039,13985
716,2021-10-13,984,12485,13469
716,2021-10-14,974,13087,14061
716,2021-10-15,896,13330,14226
716,2021-10-16,120,736,856
716,2021-10-17,121,2138,2259
716,2021-10-18,964,12285,13249
716,2021-10-19,882,12526,13408
716,2021-10-20,921,12090,13011
716,2021-10-21,864,12639,13503
716,2021-10-22,900,13295,14195
716,2021-10-23,582,11770,12352
716,2021-10-24,364,8152,8516
716,2021-10-25,932,12194,13126
716,2021-10-26,895,13179,14074
716,2021-10-27,903,12319,13222
716,2021-10-28,923,12934,13857
716,2021-10-29,939,13933,14872
716,2021-10-30,720,11246,11966
716,2021-11-01,471,6438,6909
716,2021-11-02,1036,12464,13500
716,2021-11-03,953,11999,12952
716,2021-11-04,1140,12526,13666
716,2021-11-05,1024,12463,13487
716,2021-11-06,768,10649,11417
716,2021-11-07,491,7658,8149
716,2021-11-08,968,12140,13108
716,2021-11-09,919,12606,13525
716,2021-11-10,910,12043,12953
716,2021-11-11,929,12336,13265
716,2021-11-12,930,12905,13835
716,2021-11-13,512,10736,11248
716,2021-11-14,309,7194,7503
716,2021-11-15,937,12328,13265
716,2021-11-16,967,12247,13214
716,2021-11-17,950,12322,13272
716,2021-11-18,1045,12627,13672
716,2021-11-19,1023,15410,16433
716,2021-11-20,896,18286,19182
716,2021-11-21,393,14298,14691
716,2021-11-22,909,12253,13162
716,2021-11-23,929,12639,13568
716,2021-11-24,1020,12287,13307
716,2021-11-25,982,12752,13734
716,2021-11-26,947,13356,14303
716,2021-11-27,511,10603,11114
716,2021-11-28,308,7127,7435
716,2021-11-29,1003,12245,13248
716,2021-11-30,896,12603,13499
716,2021-12-01,843,12328,13171
716,2021-12-02,862,12757,13619
716,2021-12-03,932,13346,14278
716,2021-12-04,516,10801,11317
716,2021-12-05,305,7606,7911
716,2021-12-06,873,11822,12695
716,2021-12-07,935,12893,13828
716,2021-12-08,942,12606,13548
716,2021-12-09,926,12850,13776
716,2021-12-10,923,13763,14686
716,2021-12-11,516,11157,11673
716,2021-12-12,292,7293,7585
716,2021-12-13,927,12367,13294
716,2021-12-14,918,13193,14111
716,2021-12-15,942,12829,13771
716,2021-12-16,936,13468,14404
716,2021-12-17,802,13687,14489
716,2021-12-18,493,11001,11494
716,2021-12-19,292,7531,7823
716,2021-12-20,630,11273,11903
716,2021-12-21,618,11983,12601
716,2021-12-22,624,12125,12749
716,2021-12-23,624,12680,13304
716,2021-12-24,465,10532,10997
716,2021-12-25,266,7348,7614
716,2021-12-26,282,5383,5665
716,2021-12-27,518,9583,10101
716,2021-12-28,538,10265,10803
716,2021-12-29,562,10470,11032
716,2021-12-30,527,10841,11368
716,2021-12-31,509,10221,10730
724,2021-01-01,59,1967,2026
724,2021-01-02,206,3277,3483
724,2021-01-03,59,2866,2925
724,2021-01-04,267,4464,4731
724,2021-01-05,283,4615,4898
724,2021-01-06,306,4704,5010
724,2021-01-07,308,4811,5119
724,2021-01-08,297,4940,5237
724,2021-01-09,233,4099,4332
724,2021-01-10,67,3545,3612
724,2021-01-11,517,6246,6763
724,2021-01-12,602,6265,6867
724,2021-01-13,631,6019,6650
724,2021-01-14,535,5874,6409
724,2021-01-15,504,6055,6559
724,2021-01-16,255,4418,4673
724,2021-01-17,52,3031,3083
724,2021-01-18,559,6161,6720
724,2021-01-19,640,6301,6941
724,2021-01-20,663,6149,6812
724,2021-01-21,649,6322,6971
724,2021-01-22,537,6560,7097
724,2021-01-23,269,4549,4818
724,2021-01-24,68,3285,3353
724,2021-01-25,484,6183,6667
724,2021-01-26,590,6473,7063
724,2021-01-27,535,6060,6595
724,2021-01-28,475,6422,6897
724,2021-01-29,516,6507,7023
724,2021-01-30,235,4697,4932
724,2021-01-31,75,3214,3289
724,2021-02-01,537,6243,6780
724,2021-02-02,537,6396,6933
724,2021-02-03,486,6331,6817
724,2021-02-04,533,6732,7265
724,2021-02-05,595,6932,7527
724,2021-02-06,236,4585,4821
724,2021-02-07,75,3430,3505
724,2021-02-08,562,5850,6412
724,2021-02-09,522,5826,6348
724,2021-02-10,468,6102,6570
724,2021-02-11,439,6116,6555
724,2021-02-12,440,6187,6627
724,2021-02-13,245,4843,5088
724,2021-02-14,66,4106,4172
724,2021-02-15,428,5260,5688
724,2021-02-16,452,5931,6383
724,2021-02-17,488,5791,6279
724,2021-02-18,488,5835,6323
724,2021-02-19,505,6269,6774
724,2021-02-20,285,5122,5407
724,2021-02-21,71,4642,4713
724,2021-02-22,489,6494,6983
724,2021-02-23,541,6992,7533
724,2021-02-24,563,6777,7340
724,2021-02-25,539,6874,7413
724,2021-02-26,569,6953,7522
724,2021-02-27,270,5250,5520
724,2021-02-28,67,4270,4337
724,2021-03-01,565,6623,7188
724,2021-03-02,572,6955,7527
724,2021-03-04,530,6707,7237
724,2021-03-05,561,6948,7509
724,2021-03-06,317,6079,6396
724,2021-03-07,77,4495,4572
724,2021-03-08,600,6507,7107
724,2021-03-09,542,6650,7192
724,2021-03-10,577,6652,7229
724,2021-03-11,539,6544,7083
724,2021-03-12,531,6721,7252
724,2021-03-13,257,4799,5056
724,2021-03-14,66,3353,3419
724,2021-03-15,491,6404,6895
724,2021-03-16,501,6811,7312
724,2021-03-17,545,6788,7333
724,2021-03-18,608,6852,7460
724,2021-03-19,568,7179,7747
724,2021-03-20,279,5252,5531
724,2021-03-21,68,3679,3747
724,2021-03-22,587,6650,7237
724,2021-03-23,588,6893,7481
724,2021-03-24,555,6846,7401
724,2021-03-25,600,6855,7455
724,2021-03-26,570,7218,7788
724,2021-03-27,279,5133,5412
724,2021-03-29,590,7012,7602
724,2021-03-30,582,7468,8050
724,2021-03-31,624,8184,8808
724,2021-04-01,572,7552,8124
724,2021-04-02,495,7065,7560
724,2021-04-03,269,5496,5765
724,2021-04-04,64,4092,4156
724,2021-04-05,92,3416,3508
724,2021-04-06,572,7327,7899
724,2021-04-07,600,7104,7704
724,2021-04-08,601,7381,7982
724,2021-04-09,603,7647,8250
724,2021-04-10,295,5256,5551
724,2021-04-11,59,3476,3535
724,2021-04-12,568,7104,7672
724,2021-04-13,579,7514,8093
724,2021-04-14,619,7873,8492
724,2021-04-15,580,7886,8466
724,2021-04-16,588,7999,8587
724,2021-04-17,311,6570,6881
724,2021-04-18,86,4497,4583
724,2021-04-19,625,7855,8480
724,2021-04-20,701,8182,8883
724,2021-04-21,646,8107,8753
724,2021-04-22,663,8207,8870
724,2021-04-23,599,8319,8918
724,2021-04-24,291,6066,6357
724,2021-04-25,83,5063,5146
724,2021-04-26,556,7044,7600
724,2021-04-27,574,7489,8063
724,2021-04-28,658,7223,7881
724,2021-04-29,615,7328,7943
724,2021-05-07,587,7667,8254
724,2021-05-08,297,5453,5750
724,2021-05-09,88,5232,5320
724,2021-05-10,352,3237,3589
724,2021-05-11,170,1546,1716
724,2021-05-12,617,7648,8265
724,2021-05-13,107,4641,4748
724,2021-05-14,395,6780,7175
724,2021-05-15,257,5096,5353
724,2021-05-16,97,4007,4104
724,2021-05-17,574,7062,7636
724,2021-05-18,634,7267,7901
724,2021-05-19,595,7160,7755
724,2021-05-20,564,7355,7919
724,2021-05-21,562,7333,7895
724,2021-05-22,308,5522,5830
724,2021-05-23,75,4257,4332
724,2021-05-24,83,3798,3881
724,2021-05-25,572,6417,6989
724,2021-05-26,513,6300,6813
724,2021-05-27,552,6684,7236
724,2021-05-28,539,6957,7496
724,2021-05-29,289,5948,6237
724,2021-05-30,137,5240,5377
724,2021-05-31,636,7254,7890
724,2021-06-01,592,7659,8251
724,2021-06-02,539,7584,8123
724,2021-06-03,531,7679,8210
724,2021-06-04,600,7440,8040
724,2021-06-05,285,5928,6213
724,2021-06-06,97,4421,4518
724,2021-06-07,548,7092,7640
724,2021-06-08,572,7454,8026
724,2021-06-09,575,7518,8093
724,2021-06-10,561,7823,8384
724,2021-06-11,587,7753,8340
724,2021-06-12,285,6261,6546
724,2021-06-13,98,5708,5806
724,2021-06-14,594,7377,7971
724,2021-06-15,640,7700,8340
724,2021-06-16,565,7734,8299
724,2021-06-17,604,7598,8202
724,2021-06-18,518,7757,8275
724,2021-06-19,276,6135,6411
724,2021-06-20,77,4541,4618
724,2021-06-21,530,7157,7687
724,2021-06-22,522,7499,8021
724,2021-06-23,88,4267,4355
724,2021-06-24,506,6939,7445
724,2021-06-25,569,7622,8191
724,2021-06-26,288,6019,6307
724,2021-06-27,88,4527,4615
724,2021-06-28,590,7071,7661
724,2021-06-29,536,7226,7762
724,2021-06-30,583,7372,7955
724,2021-07-01,589,7504,8093
724,2021-07-02,616,7808,8424
724,2021-07-03,297,6427,6724
724,2021-07-04,102,4749,4851
724,2021-07-05,596,7174,7770
724,2021-07-06,564,7413,7977
724,2021-07-07,628,7520,8148
724,2021-07-08,589,7540,8129
724,2021-07-09,566,7761,8327
724,2021-07-10,276,6188,6464
724,2021-07-11,84,5234,5318
724,2021-07-12,575,7288,7863
724,2021-07-13,488,7217,7705
724,2021-07-14,461,6874,7335
724,2021-07-15,414,6251,6665
724,2021-07-16,578,7559,8137
724,2021-07-17,322,5936,6258
724,2021-07-18,94,5492,5586
724,2021-07-19,561,7220,7781
724,2021-07-20,540,7733,8273
724,2021-07-21,586,7721,8307
724,2021-07-22,567,7684,8251
724,2021-07-23,580,7685,8265
724,2021-07-24,293,5358,5651
724,2021-07-25,96,4833,4929
724,2021-07-26,516,6630,7146
724,2021-07-27,536,6428,6964
724,2021-07-28,495,7008,7503
724,2021-07-29,355,6790,7145
724,2021-07-30,337,6372,6709
724,2021-07-31,303,5273,5576
724,2021-08-01,127,4350,4477
724,2021-08-02,356,5472,5828
724,2021-08-03,305,5432,5737
724,2021-08-04,327,5738,6065
724,2021-08-05,316,5681,5997
724,2021-08-06,331,5715,6046
724,2021-08-07,252,4609,4861
724,2021-08-08,93,4041,4134
724,2021-08-09,324,5362,5686
724,2021-08-10,299,5661,5960
724,2021-08-11,303,5734,6037
724,2021-08-12,313,5644,5957
724,2021-08-13,321,5819,6140
724,2021-08-14,0,87,87
724,2021-08-18,194,4084,4278
724,2021-08-19,262,5406,5668
724,2021-08-20,282,5693,5975
724,2021-08-21,263,4948,5211
724,2021-08-22,92,3971,4063
724,2021-08-23,427,5702,6129
724,2021-08-24,426,6175,6601
724,2021-08-25,497,6121,6618
724,2021-08-26,462,6047,6509
724,2021-08-27,496,6076,6572
724,2021-08-28,261,4516,4777
724,2021-08-29,76,3885,3961
724,2021-08-30,549,5968,6517
724,2021-08-31,583,6173,6756
724,2021-09-01,640,6354,6994
724,2021-09-02,635,6556,7191
724,2021-09-03,623,6714,7337
724,2021-09-04,406,5714,6120
724,2021-09-05,92,5391,5483
724,2021-09-06,646,6540,7186
724,2021-09-07,618,6873,7491
724,2021-09-08,636,6855,7491
724,2021-09-09,628,6873,7501
724,2021-09-10,607,6807,7414
724,2021-09-11,365,5324,5689
724,2021-09-12,97,5069,5166
724,2021-09-13,646,7222,7868
724,2021-09-14,611,6883,7494
724,2021-09-15,569,6873,7442
724,2021-09-16,628,7208,7836
724,2021-09-17,593,7513,8106
724,2021-09-18,304,6031,6335
724,2021-09-19,89,4875,4964
724,2021-09-20,632,6927,7559
724,2021-09-21,586,7233,7819
724,2021-09-22,620,6984,7604
724,2021-09-23,629,7121,7750
724,2021-09-24,672,7293,7965
724,2021-09-25,280,5832,6112
724,2021-09-26,72,4348,4420
724,2021-09-27,597,6634,7231
724,2021-09-28,516,7007,7523
724,2021-09-29,595,6940,7535
724,2021-09-30,708,7065,7773
724,2021-10-01,626,7233,7859
724,2021-10-02,313,5432,5745
724,2021-10-03,70,4152,4222
724,2021-10-04,610,6892,7502
724,2021-10-05,529,6821,7350
724,2021-10-06,596,6818,7414
724,2021-10-07,572,6920,7492
724,2021-10-08,610,7130,7740
724,2021-10-09,294,5599,5893
724,2021-10-10,90,4865,4955
724,2021-10-11,544,6615,7159
724,2021-10-12,541,6692,7233
724,2021-10-13,563,6801,7364
724,2021-10-14,574,6948,7522
724,2021-10-15,580,7159,7739
724,2021-10-16,308,5661,5969
724,2021-10-17,104,4512,4616
724,2021-10-18,546,6767,7313
724,2021-10-19,543,6693,7236
724,2021-10-20,540,6709,7249
724,2021-10-21,548,6912,7460
724,2021-10-22,494,7378,7872
724,2021-10-23,376,5482,5858
724,2021-10-24,81,4587,4668
724,2021-10-25,537,6516,7053
724,2021-10-26,614,7487,8101
724,2021-10-27,586,6990,7576
724,2021-10-28,595,7142,7737
724,2021-10-29,577,7217,7794
724,2021-10-30,259,5287,5546
724,2021-11-01,70,3796,3866
724,2021-11-02,495,6472,6967
724,2021-11-03,454,6502,6956
724,2021-11-04,495,6422,6917
724,2021-11-05,486,6867,7353
724,2021-11-06,292,5310,5602
724,2021-11-07,82,4233,4315
724,2021-11-08,539,6880,7419
724,2021-11-09,543,7039,7582
724,2021-11-10,590,7136,7726
724,2021-11-11,528,7008,7536
724,2021-11-12,505,7165,7670
724,2021-11-13,251,5412,5663
724,2021-11-14,70,4151,4221
724,2021-11-15,514,6904,7418
724,2021-11-16,571,7031,7602
724,2021-11-17,542,6947,7489
724,2021-11-18,614,7141,7755
724,2021-11-19,598,7258,7856
724,2021-11-20,303,6233,6536
724,2021-11-21,72,4475,4547
724,2021-11-22,569,6687,7256
724,2021-11-23,574,7006,7580
724,2021-11-24,539,6955,7494
724,2021-11-25,505,6966,7471
724,2021-11-26,543,7055,7598
724,2021-11-27,281,4859,5140
724,2021-11-28,68,3908,3976
724,2021-11-29,543,6728,7271
724,2021-11-30,580,6629,7209
724,2021-12-01,539,6818,7357
724,2021-12-02,544,6908,7452
724,2021-12-03,523,7034,7557
724,2021-12-04,281,5260,5541
724,2021-12-05,59,3868,3927
724,2021-12-06,530,6254,6784
724,2021-12-07,559,6788,7347
724,2021-12-08,551,6727,7278
724,2021-12-09,543,6814,7357
724,2021-12-10,492,6839,7331
724,2021-12-11,247,5136,5383
724,2021-12-12,67,3934,4001
724,2021-12-13,535,6638,7173
724,2021-12-14,568,7006,7574
724,2021-12-15,570,7028,7598
724,2021-12-16,506,7099,7605
724,2021-12-17,414,7106,7520
724,2021-12-18,226,4872,5098
724,2021-12-19,70,3843,3913
724,2021-12-20,273,5549,5822
724,2021-12-21,293,5464,5757
724,2021-12-22,291,5367,5658
724,2021-12-23,259,5147,5406
724,2021-12-24,212,4467,4679
724,2021-12-25,55,2800,2855
724,2021-12-26,50,2780,2830
724,2021-12-27,228,4061,4289
724,2021-12-28,246,4254,4500
724,2021-12-29,240,4414,4654
724,2021-12-30,232,4511,4743
724,2021-12-31,212,4166,4378
800,2021-01-01,34,2198,2232
800,2021-01-02,135,3730,3865
800,2021-01-03,51,3303,3354
800,2021-01-04,164,4076,4240
800,2021-01-05,189,4334,4523
800,2021-01-06,212,4356,4568
800,2021-01-07,229,4817,5046
800,2021-01-08,210,4999,5209
800,2021-01-09,138,4611,4749
800,2021-01-10,50,4780,4830
800,2021-01-11,315,5156,5471
800,2021-01-12,214,5178,5392
800,2021-01-13,304,5347,5651
800,2021-01-14,254,5092,5346
800,2021-01-15,296,5552,5848
800,2021-01-16,135,4533,4668
800,2021-01-17,56,3575,3631
800,2021-01-18,292,5212,5504
800,2021-01-19,224,5389,5613
800,2021-01-20,371,5351,5722
800,2021-01-21,272,5550,5822
800,2021-01-22,294,5711,6005
800,2021-01-23,133,3727,3860
800,2021-01-24,49,2555,2604
800,2021-01-25,295,5101,5396
800,2021-01-26,354,5468,5822
800,2021-01-27,302,5124,5426
800,2021-01-28,257,5600,5857
800,2021-01-29,284,5719,6003
800,2021-01-30,126,3789,3915
800,2021-01-31,51,2591,2642
800,2021-02-01,326,5353,5679
800,2021-02-02,291,5555,5846
800,2021-02-03,300,5560,5860
800,2021-02-04,341,5861,6202
800,2021-02-05,336,5811,6147
800,2021-02-06,147,3915,4062
800,2021-02-07,42,2563,2605
800,2021-02-08,335,4799,5134
800,2021-02-09,328,4844,5172
800,2021-02-10,330,5005,5335
800,2021-02-11,307,5160,5467
800,2021-02-12,322,5163,5485
800,2021-02-13,159,3842,4001
800,2021-02-14,59,2805,2864
800,2021-02-15,364,4474,4838
800,2021-02-16,294,5031,5325
800,2021-02-17,324,5023,5347
800,2021-02-18,315,5117,5432
800,2021-02-19,326,5125,5451
800,2021-02-20,180,4147,4327
800,2021-02-21,53,3615,3668
800,2021-02-22,368,5345,5713
800,2021-02-23,373,5796,6169
800,2021-02-24,348,5781,6129
800,2021-02-25,377,5936,6313
800,2021-02-26,426,6064,6490
800,2021-02-27,163,4189,4352
800,2021-02-28,58,3365,3423
800,2021-03-01,348,5644,5992
800,2021-03-02,415,6034,6449
800,2021-03-03,470,5871,6341
800,2021-03-04,451,5868,6319
800,2021-03-05,510,5881,6391
800,2021-03-06,208,4724,4932
800,2021-03-07,46,3645,3691
800,2021-03-08,402,5634,6036
800,2021-03-09,431,5811,6242
800,2021-03-10,408,5742,6150
800,2021-03-11,375,5910,6285
800,2021-03-12,407,6066,6473
800,2021-03-13,141,3736,3877
800,2021-03-14,45,2625,2670
800,2021-03-15,390,5501,5891
800,2021-03-16,397,5807,6204
800,2021-03-17,375,5784,6159
800,2021-03-18,417,5804,6221
800,2021-03-19,433,5862,6295
800,2021-03-20,146,4215,4361
800,2021-03-21,40,2958,2998
800,2021-03-22,451,5407,5858
800,2021-03-23,471,6098,6569
800,2021-03-24,513,6065,6578
800,2021-03-25,445,5942,6387
800,2021-03-26,428,6080,6508
800,2021-03-27,147,4160,4307
800,2021-03-29,410,5904,6314
800,2021-03-30,407,6442,6849
800,2021-03-31,416,6623,7039
800,2021-04-01,394,6361,6755
800,2021-04-02,387,6522,6909
800,2021-04-03,179,4574,4753
800,2021-04-04,39,3247,3286
800,2021-04-05,70,2556,2626
800,2021-04-06,386,5290,5676
800,2021-04-07,413,5165,5578
800,2021-04-08,365,5365,5730
800,2021-04-09,393,5652,6045
800,2021-04-10,152,3740,3892
800,2021-04-11,40,2529,2569
800,2021-04-12,333,5106,5439
800,2021-04-13,340,5590,5930
800,2021-04-14,357,5462,5819
800,2021-04-15,367,5680,6047
800,2021-04-16,390,5593,5983
800,2021-04-17,215,4755,4970
800,2021-04-18,48,3082,3130
800,2021-04-19,397,5788,6185
800,2021-04-20,412,5982,6394
800,2021-04-21,410,6006,6416
800,2021-04-22,428,5949,6377
800,2021-04-23,385,6426,6811
800,2021-04-24,194,4778,4972
800,2021-04-25,48,4025,4073
800,2021-04-26,402,5927,6329
800,2021-04-27,393,6156,6549
800,2021-04-28,397,6090,6487
800,2021-04-29,369,6356,6725
800,2021-04-30,398,6388,6786
800,2021-05-01,90,3673,3763
800,2021-05-02,38,3417,3455
800,2021-05-03,386,5941,6327
800,2021-05-04,336,5971,6307
800,2021-05-05,352,6057,6409
800,2021-05-06,388,6151,6539
800,2021-05-07,389,6361,6750
800,2021-05-08,168,4601,4769
800,2021-05-09,118,4193,4311
800,2021-05-10,388,5937,6325
800,2021-05-11,378,6258,6636
800,2021-05-12,443,6562,7005
800,2021-05-13,61,3629,3690
800,2021-05-14,303,5828,6131
800,2021-05-15,165,4118,4283
800,2021-05-16,62,3320,3382
800,2021-05-17,397,5823,6220
800,2021-05-18,399,6308,6707
800,2021-05-19,367,6287,6654
800,2021-05-20,404,6417,6821
800,2021-05-21,466,6616,7082
800,2021-05-22,163,4237,4400
800,2021-05-23,114,3299,3413
800,2021-05-24,75,2869,2944
800,2021-05-25,369,5338,5707
800,2021-05-26,208,3966,4174
800,2021-05-27,35,823,858
800,2021-05-28,14,411,425
800,2021-05-29,51,1704,1755
800,2021-05-30,131,3812,3943
800,2021-05-31,402,5515,5917
800,2021-06-01,411,6080,6491
800,2021-06-02,441,6213,6654
800,2021-06-03,438,6028,6466
800,2021-06-04,544,6340,6884
800,2021-06-05,157,4581,4738
800,2021-06-06,76,3608,3684
800,2021-06-07,419,5913,6332
800,2021-06-08,431,6362,6793
800,2021-06-09,424,6226,6650
800,2021-06-10,407,6379,6786
800,2021-06-11,457,6690,7147
800,2021-06-12,173,4925,5098
800,2021-06-13,74,4353,4427
800,2021-06-14,379,6271,6650
800,2021-06-15,398,6545,6943
800,2021-06-16,418,6528,6946
800,2021-06-17,385,6669,7054
800,2021-06-18,442,6697,7139
800,2021-06-19,163,4958,5121
800,2021-06-20,75,3552,3627
800,2021-06-21,451,6189,6640
800,2021-06-22,403,6460,6863
800,2021-06-23,65,3202,3267
800,2021-06-24,398,6148,6546
800,2021-06-25,418,6517,6935
800,2021-06-26,174,4774,4948
800,2021-06-27,67,3913,3980
800,2021-06-28,409,5858,6267
800,2021-06-29,366,6124,6490
800,2021-06-30,354,6027,6381
800,2021-07-01,391,6356,6747
800,2021-07-02,457,6637,7094
800,2021-07-03,187,4807,4994
800,2021-07-04,73,3356,3429
800,2021-07-05,387,5952,6339
800,2021-07-06,415,6201,6616
800,2021-07-07,381,6143,6524
800,2021-07-08,386,6415,6801
800,2021-07-09,390,6553,6943
800,2021-07-10,198,4705,4903
800,2021-07-11,71,3974,4045
800,2021-07-12,351,5825,6176
800,2021-07-13,339,5940,6279
800,2021-07-14,298,6119,6417
800,2021-07-15,328,6175,6503
800,2021-07-16,342,6327,6669
800,2021-07-17,142,4660,4802
800,2021-07-18,82,4245,4327
800,2021-07-19,389,5664,6053
800,2021-07-20,461,6005,6466
800,2021-07-21,394,5870,6264
800,2021-07-22,378,5903,6281
800,2021-07-23,387,6045,6432
800,2021-07-24,178,4117,4295
800,2021-07-25,63,3514,3577
800,2021-07-26,365,5496,5861
800,2021-07-27,393,5663,6056
800,2021-07-28,378,5745,6123
800,2021-07-29,290,5910,6200
800,2021-07-30,251,5848,6099
800,2021-07-31,197,4143,4340
800,2021-08-01,82,3501,3583
800,2021-08-02,251,4792,5043
800,2021-08-03,240,4801,5041
800,2021-08-04,241,4978,5219
800,2021-08-05,246,5032,5278
800,2021-08-06,220,5043,5263
800,2021-08-07,146,3724,3870
800,2021-08-08,65,3089,3154
800,2021-08-09,221,4679,4900
800,2021-08-10,234,4830,5064
800,2021-08-11,234,4888,5122
800,2021-08-12,238,5141,5379
800,2021-08-13,259,5168,5427
800,2021-08-14,179,4171,4350
800,2021-08-15,126,3614,3740
800,2021-08-16,239,4272,4511
800,2021-08-17,264,4574,4838
800,2021-08-18,231,4619,4850
800,2021-08-19,243,4886,5129
800,2021-08-20,242,4834,5076
800,2021-08-21,162,4278,4440
800,2021-08-22,49,3191,3240
800,2021-08-23,353,4976,5329
800,2021-08-24,363,5332,5695
800,2021-08-25,356,5459,5815
800,2021-08-26,389,5430,5819
800,2021-08-27,379,5427,5806
800,2021-08-28,170,3837,4007
800,2021-08-29,92,3269,3361
800,2021-08-30,387,4394,4781
800,2021-08-31,301,4535,4836
800,2021-09-01,334,4556,4890
800,2021-09-02,365,4870,5235
800,2021-09-03,408,5658,6066
800,2021-09-04,230,4646,4876
800,2021-09-05,90,3827,3917
800,2021-09-06,392,5487,5879
800,2021-09-07,363,5922,6285
800,2021-09-08,386,6060,6446
800,2021-09-09,406,5805,6211
800,2021-09-10,380,6009,6389
800,2021-09-11,184,4497,4681
800,2021-09-12,104,3826,3930
800,2021-09-13,390,5833,6223
800,2021-09-14,425,6016,6441
800,2021-09-15,413,6564,6977
800,2021-09-16,448,6392,6840
800,2021-09-17,484,6727,7211
800,2021-09-18,260,5214,5474
800,2021-09-19,99,3501,3600
800,2021-09-20,504,6162,6666
800,2021-09-21,495,6570,7065
800,2021-09-22,468,6560,7028
800,2021-09-23,535,6629,7164
800,2021-09-24,479,6635,7114
800,2021-09-25,275,5133,5408
800,2021-09-26,110,3737,3847
800,2021-09-27,459,6113,6572
800,2021-09-28,477,6599,7076
800,2021-09-29,448,6332,6780
800,2021-09-30,479,6511,6990
800,2021-10-01,483,6541,7024
800,2021-10-02,227,4788,5015
800,2021-10-03,99,3581,3680
800,2021-10-04,455,6268,6723
800,2021-10-05,462,6511,6973
800,2021-10-06,426,6116,6542
800,2021-10-07,438,6538,6976
800,2021-10-08,445,6832,7277
800,2021-10-09,366,4937,5303
800,2021-10-10,137,4165,4302
800,2021-10-11,477,6122,6599
800,2021-10-12,522,6580,7102
800,2021-10-13,510,6477,6987
800,2021-10-14,604,6687,7291
800,2021-10-15,614,6665,7279
800,2021-10-16,259,4998,5257
800,2021-10-17,111,3975,4086
800,2021-10-18,466,6276,6742
800,2021-10-19,423,6505,6928
800,2021-10-20,478,6351,6829
800,2021-10-21,441,6320,6761
800,2021-10-22,490,6650,7140
800,2021-10-23,233,4653,4886
800,2021-10-24,103,3798,3901
800,2021-10-25,530,6045,6575
800,2021-10-26,506,6482,6988
800,2021-10-27,480,6513,6993
800,2021-10-28,465,6812,7277
800,2021-10-29,466,6748,7214
800,2021-10-30,207,4713,4920
800,2021-11-01,108,3240,3348
800,2021-11-02,366,5690,6056
800,2021-11-03,377,5771,6148
800,2021-11-04,456,5824,6280
800,2021-11-05,397,5807,6204
800,2021-11-06,219,4477,4696
800,2021-11-07,109,3410,3519
800,2021-11-08,432,5987,6419
800,2021-11-09,498,6179,6677
800,2021-11-10,458,6105,6563
800,2021-11-11,524,6304,6828
800,2021-11-12,535,6353,6888
800,2021-11-13,207,4554,4761
800,2021-11-14,97,3422,3519
800,2021-11-15,539,6321,6860
800,2021-11-16,515,6838,7353
800,2021-11-17,456,6179,6635
800,2021-11-18,454,6327,6781
800,2021-11-19,418,6620,7038
800,2021-11-20,212,4932,5144
800,2021-11-21,103,3661,3764
800,2021-11-22,462,5899,6361
800,2021-11-23,475,6286,6761
800,2021-11-24,479,6290,6769
800,2021-11-25,472,6368,6840
800,2021-11-26,427,6333,6760
800,2021-11-27,213,4200,4413
800,2021-11-28,114,3059,3173
800,2021-11-29,433,6015,6448
800,2021-11-30,373,6153,6526
800,2021-12-01,382,6316,6698
800,2021-12-02,424,6365,6789
800,2021-12-03,472,6269,6741
800,2021-12-04,218,4470,4688
800,2021-12-05,99,3088,3187
800,2021-12-06,454,5653,6107
800,2021-12-07,412,6342,6754
800,2021-12-08,436,6208,6644
800,2021-12-09,379,6452,6831
800,2021-12-10,406,6151,6557
800,2021-12-11,212,4535,4747
800,2021-12-12,102,3199,3301
800,2021-12-13,430,5925,6355
800,2021-12-14,431,6217,6648
800,2021-12-15,472,6296,6768
800,2021-12-16,428,6491,6919
800,2021-12-17,375,6651,7026
800,2021-12-18,202,4373,4575
800,2021-12-19,105,3011,3116
800,2021-12-20,270,4836,5106
800,2021-12-21,319,5044,5363
800,2021-12-22,262,5075,5337
800,2021-12-23,255,5054,5309
800,2021-12-24,203,4127,4330
800,2021-12-25,75,2642,2717
800,2021-12-26,85,2464,2549
800,2021-12-27,212,3845,4057
800,2021-12-28,214,4142,4356
800,2021-12-29,208,4290,4498
800,2021-12-30,209,4439,4648
800,2021-12-31,200,3994,4194
805,2021-01-01,29,1133,1162
805,2021-01-02,172,3241,3413
805,2021-01-03,48,1930,1978
805,2021-01-04,239,4364,4603
805,2021-01-05,270,4566,4836
805,2021-01-06,283,4494,4777
805,2021-01-07,291,4368,4659
805,2021-01-08,318,4701,5019
805,2021-01-09,162,3801,3963
805,2021-01-10,40,2114,2154
805,2021-01-11,415,5959,6374
805,2021-01-12,444,6291,6735
805,2021-01-13,500,5942,6442
805,2021-01-14,391,5731,6122
805,2021-01-15,391,6376,6767
805,2021-01-16,192,4258,4450
805,2021-01-17,44,1925,1969
805,2021-01-18,413,5784,6197
805,2021-01-19,411,6146,6557
805,2021-01-20,483,6044,6527
805,2021-01-21,461,6392,6853
805,2021-01-22,426,6830,7256
805,2021-01-23,177,4488,4665
805,2021-01-24,36,2092,2128
805,2021-01-25,495,5820,6315
805,2021-01-26,508,6311,6819
805,2021-01-27,463,5896,6359
805,2021-01-28,361,6413,6774
805,2021-01-29,427,6524,6951
805,2021-01-30,151,4421,4572
805,2021-01-31,41,2230,2271
805,2021-02-01,397,5890,6287
805,2021-02-02,434,6347,6781
805,2021-02-03,403,6103,6506
805,2021-02-04,428,6317,6745
805,2021-02-05,399,6790,7189
805,2021-02-06,165,4514,4679
805,2021-02-07,39,2321,2360
805,2021-02-08,356,5327,5683
805,2021-02-09,364,5662,6026
805,2021-02-10,374,5652,6026
805,2021-02-11,404,5648,6052
805,2021-02-12,388,5831,6219
805,2021-02-13,197,4460,4657
805,2021-02-14,43,2349,2392
805,2021-02-15,437,4853,5290
805,2021-02-16,400,5502,5902
805,2021-02-17,360,5336,5696
805,2021-02-18,393,5354,5747
805,2021-02-19,373,5436,5809
805,2021-02-20,175,4321,4496
805,2021-02-21,31,2866,2897
805,2021-02-22,458,5975,6433
805,2021-02-23,474,6482,6956
805,2021-02-24,450,6283,6733
805,2021-02-25,470,6457,6927
805,2021-02-26,527,6808,7335
805,2021-02-27,201,4786,4987
805,2021-02-28,34,2637,2671
805,2021-03-01,539,6135,6674
805,2021-03-02,521,6502,7023
805,2021-03-03,541,6488,7029
805,2021-03-04,426,6527,6953
805,2021-03-05,507,6781,7288
805,2021-03-06,214,5010,5224
805,2021-03-07,33,2615,2648
805,2021-03-08,485,6062,6547
805,2021-03-09,497,6498,6995
805,2021-03-10,435,6410,6845
805,2021-03-11,397,5558,5955
805,2021-03-12,485,6691,7176
805,2021-03-13,174,4581,4755
805,2021-03-14,25,2539,2564
805,2021-03-15,440,5922,6362
805,2021-03-16,478,6399,6877
805,2021-03-17,530,6218,6748
805,2021-03-18,512,6306,6818
805,2021-03-19,587,6718,7305
805,2021-03-20,207,4754,4961
805,2021-03-21,25,2388,2413
805,2021-03-22,530,6093,6623
805,2021-03-23,504,6708,7212
805,2021-03-24,529,6280,6809
805,2021-03-25,564,6519,7083
805,2021-03-26,524,6781,7305
805,2021-03-27,192,4749,4941
805,2021-03-29,467,6321,6788
805,2021-03-30,455,6721,7176
805,2021-04-01,476,7139,7615
805,2021-04-02,504,7577,8081
805,2021-04-03,208,5128,5336
805,2021-04-04,28,2327,2355
805,2021-04-05,37,1667,1704
805,2021-04-06,394,5628,6022
805,2021-04-07,390,5515,5905
805,2021-04-08,544,5633,6177
805,2021-04-09,456,5935,6391
805,2021-04-10,140,4322,4462
805,2021-04-11,21,2234,2255
805,2021-04-12,475,5288,5763
805,2021-04-13,477,5821,6298
805,2021-04-14,439,5567,6006
805,2021-04-15,459,5804,6263
805,2021-04-16,456,6071,6527
805,2021-04-17,362,4668,5030
805,2021-04-18,36,2565,2601
805,2021-04-19,508,6183,6691
805,2021-04-20,580,6466,7046
805,2021-04-21,584,6461,7045
805,2021-04-22,485,6722,7207
805,2021-04-23,514,7030,7544
805,2021-04-24,228,5060,5288
805,2021-04-25,33,2970,3003
805,2021-04-26,484,6300,6784
805,2021-04-27,514,6644,7158
805,2021-04-28,582,6484,7066
805,2021-04-29,573,7014,7587
805,2021-04-30,547,7573,8120
805,2021-05-01,34,2386,2420
805,2021-05-02,35,2883,2918
805,2021-05-03,511,6413,6924
805,2021-05-04,506,6964,7470
805,2021-05-05,509,6720,7229
805,2021-05-06,446,6833,7279
805,2021-05-07,499,7088,7587
805,2021-05-08,206,5099,5305
805,2021-05-09,79,2513,2592
805,2021-05-10,502,6425,6927
805,2021-05-11,534,6984,7518
805,2021-05-12,573,7194,7767
805,2021-05-13,92,2380,2472
805,2021-05-14,509,6814,7323
805,2021-05-15,248,4851,5099
805,2021-05-16,74,2538,2612
805,2021-05-17,531,6480,7011
805,2021-05-18,571,6845,7416
805,2021-05-19,513,6519,7032
805,2021-05-20,513,6741,7254
805,2021-05-21,542,7120,7662
805,2021-05-22,196,5054,5250
805,2021-05-23,86,2464,2550
805,2021-05-24,76,1949,2025
805,2021-05-25,465,5728,6193
805,2021-05-26,443,5504,5947
805,2021-05-27,463,5523,5986
805,2021-05-28,450,5593,6043
805,2021-05-29,286,4393,4679
805,2021-05-30,177,2998,3175
805,2021-05-31,553,6055,6608
805,2021-06-02,497,6256,6753
805,2021-06-03,523,6696,7219
805,2021-06-04,540,7032,7572
805,2021-06-05,228,4970,5198
805,2021-06-06,82,2722,2804
805,2021-06-07,504,6286,6790
805,2021-06-08,546,6962,7508
805,2021-06-09,498,6637,7135
805,2021-06-10,526,6972,7498
805,2021-06-11,523,7319,7842
805,2021-06-12,257,5438,5695
805,2021-06-13,85,3164,3249
805,2021-06-14,520,6410,6930
805,2021-06-15,591,6939,7530
805,2021-06-16,537,6587,7124
805,2021-06-17,506,6893,7399
805,2021-06-18,566,7012,7578
805,2021-06-19,266,5234,5500
805,2021-06-20,79,2834,2913
805,2021-06-21,472,6645,7117
805,2021-06-22,485,7249,7734
805,2021-06-23,81,2161,2242
805,2021-06-24,499,6793,7292
805,2021-06-25,488,7005,7493
805,2021-06-26,255,4747,5002
805,2021-06-27,73,2896,2969
805,2021-06-28,448,6555,7003
805,2021-06-29,437,6959,7396
805,2021-06-30,494,6763,7257
805,2021-07-01,482,6868,7350
805,2021-07-02,540,7052,7592
805,2021-07-03,230,4732,4962
805,2021-07-04,85,2880,2965
805,2021-07-05,493,6620,7113
805,2021-07-06,496,6990,7486
805,2021-07-07,579,6807,7386
805,2021-07-08,549,7182,7731
805,2021-07-09,552,7435,7987
805,2021-07-10,221,4831,5052
805,2021-07-11,68,3069,3137
805,2021-07-12,472,6409,6881
805,2021-07-13,424,6669,7093
805,2021-07-14,420,6477,6897
805,2021-07-15,342,6117,6459
805,2021-07-16,410,6721,7131
805,2021-07-17,239,4768,5007
805,2021-07-18,84,3014,3098
805,2021-07-19,462,5782,6244
805,2021-07-20,442,6087,6529
805,2021-07-21,619,5771,6390
805,2021-07-22,495,5939,6434
805,2021-07-23,443,6063,6506
805,2021-07-24,233,4422,4655
805,2021-07-25,71,2707,2778
805,2021-07-26,427,5376,5803
805,2021-07-27,430,5790,6220
805,2021-07-28,396,5671,6067
805,2021-07-29,393,5719,6112
805,2021-07-30,362,5773,6135
805,2021-07-31,326,4258,4584
805,2021-08-01,91,2634,2725
805,2021-08-02,373,4929,5302
805,2021-08-03,368,5275,5643
805,2021-08-04,315,4970,5285
805,2021-08-05,350,5091,5441
805,2021-08-06,324,5288,5612
805,2021-08-07,216,4073,4289
805,2021-08-08,68,2547,2615
805,2021-08-09,315,4524,4839
805,2021-08-10,363,4792,5155
805,2021-08-11,316,4683,4999
805,2021-08-12,356,4848,5204
805,2021-08-13,338,5171,5509
805,2021-08-14,234,4136,4370
805,2021-08-15,106,2252,2358
805,2021-08-16,291,4375,4666
805,2021-08-17,331,4964,5295
805,2021-08-18,343,4854,5197
805,2021-08-19,341,4983,5324
805,2021-08-20,315,5143,5458
805,2021-08-21,241,3938,4179
805,2021-08-22,75,2623,2698
805,2021-08-23,352,5067,5419
805,2021-08-24,393,5138,5531
805,2021-08-25,413,5170,5583
805,2021-08-26,400,5234,5634
805,2021-08-27,425,5385,5810
805,2021-08-28,237,3922,4159
805,2021-08-29,78,2608,2686
805,2021-08-30,431,5155,5586
805,2021-08-31,415,5364,5779
805,2021-09-01,438,5290,5728
805,2021-09-02,436,5569,6005
805,2021-09-03,437,5762,6199
805,2021-09-04,279,5241,5520
805,2021-09-05,105,3615,3720
805,2021-09-06,442,5513,5955
805,2021-09-07,555,5800,6355
805,2021-09-08,511,5892,6403
805,2021-09-09,425,5971,6396
805,2021-09-10,434,6016,6450
805,2021-09-11,234,4488,4722
805,2021-09-12,89,2941,3030
805,2021-09-13,421,5813,6234
805,2021-09-14,457,6429,6886
805,2021-09-15,456,6411,6867
805,2021-09-16,480,6900,7380
805,2021-09-17,502,7123,7625
805,2021-09-18,267,5065,5332
805,2021-09-19,91,3298,3389
805,2021-09-20,552,6397,6949
805,2021-09-21,500,6844,7344
805,2021-09-22,536,6463,6999
805,2021-09-23,501,7060,7561
805,2021-09-24,592,7130,7722
805,2021-09-25,248,5102,5350
805,2021-09-26,94,3133,3227
805,2021-09-27,525,6463,6988
805,2021-09-28,604,7023,7627
805,2021-09-29,483,6411,6894
805,2021-09-30,470,6258,6728
805,2021-10-01,579,6607,7186
805,2021-10-02,229,5313,5542
805,2021-10-03,92,2901,2993
805,2021-10-04,492,6292,6784
805,2021-10-05,475,6889,7364
805,2021-10-06,508,6437,6945
805,2021-10-07,491,6929,7420
805,2021-10-08,616,7266,7882
805,2021-10-09,254,5026,5280
805,2021-10-10,181,3080,3261
805,2021-10-11,683,6244,6927
805,2021-10-12,633,6844,7477
805,2021-10-13,644,6439,7083
805,2021-10-14,703,6885,7588
805,2021-10-15,596,7079,7675
805,2021-10-16,270,4832,5102
805,2021-10-17,120,2996,3116
805,2021-10-18,486,6349,6835
805,2021-10-19,488,7005,7493
805,2021-10-20,570,6437,7007
805,2021-10-21,514,6788,7302
805,2021-10-22,573,7101,7674
805,2021-10-23,274,5505,5779
805,2021-10-24,84,3065,3149
805,2021-10-25,592,6726,7318
805,2021-10-26,537,6971,7508
805,2021-10-27,542,6673,7215
805,2021-10-28,521,7517,8038
805,2021-10-29,580,7169,7749
805,2021-10-30,205,4848,5053
805,2021-11-01,98,2089,2187
805,2021-11-02,530,6600,7130
805,2021-11-03,525,6519,7044
805,2021-11-04,588,6564,7152
805,2021-11-05,436,6388,6824
805,2021-11-06,226,4673,4899
805,2021-11-07,90,2740,2830
805,2021-11-08,499,6441,6940
805,2021-11-09,531,7094,7625
805,2021-11-10,520,6509,7029
805,2021-11-11,531,6963,7494
805,2021-11-12,544,6922,7466
805,2021-11-13,253,4866,5119
805,2021-11-14,100,2637,2737
805,2021-11-15,551,6318,6869
805,2021-11-16,517,7083,7600
805,2021-11-17,541,6504,7045
805,2021-11-18,494,6810,7304
805,2021-11-19,523,6967,7490
805,2021-11-20,207,4973,5180
805,2021-11-21,91,2744,2835
805,2021-11-22,511,6502,7013
805,2021-11-23,518,6846,7364
805,2021-11-24,506,6570,7076
805,2021-11-25,499,6935,7434
805,2021-11-26,475,6913,7388
805,2021-11-27,223,4789,5012
805,2021-11-28,85,2631,2716
805,2021-11-29,459,6399,6858
805,2021-11-30,476,6586,7062
805,2021-12-01,468,6515,6983
805,2021-12-02,436,6809,7245
805,2021-12-03,489,7025,7514
805,2021-12-04,211,4819,5030
805,2021-12-05,83,2851,2934
805,2021-12-06,494,6027,6521
805,2021-12-07,476,6831,7307
805,2021-12-08,454,6769,7223
805,2021-12-09,483,6637,7120
805,2021-12-10,398,6744,7142
805,2021-12-11,213,4870,5083
805,2021-12-12,75,2788,2863
805,2021-12-13,457,6326,6783
805,2021-12-14,451,6844,7295
805,2021-12-15,487,6672,7159
805,2021-12-16,466,6921,7387
805,2021-12-17,459,7212,7671
805,2021-12-18,192,4423,4615
805,2021-12-19,83,2579,2662
805,2021-12-20,303,4942,5245
805,2021-12-21,347,5459,5806
805,2021-12-22,297,5766,6063
805,2021-12-23,303,6202,6505
805,2021-12-24,212,4716,4928
805,2021-12-25,55,1671,1726
805,2021-12-26,64,1639,1703
805,2021-12-27,223,4207,4430
805,2021-12-28,241,4235,4476
805,2021-12-29,242,4431,4673
805,2021-12-30,238,5236,5474
805,2021-12-31,212,4392,4604
807,2021-01-01,42,2046,2088
807,2021-01-02,211,4233,4444
807,2021-01-03,65,3401,3466
807,2021-01-04,284,4703,4987
807,2021-01-05,304,4975,5279
807,2021-01-06,316,4927,5243
807,2021-01-07,323,4996,5319
807,2021-01-08,338,5336,5674
807,2021-01-09,211,4974,5185
807,2021-01-10,68,4313,4381
807,2021-01-11,489,6165,6654
807,2021-01-12,470,6313,6783
807,2021-01-13,559,6166,6725
807,2021-01-14,485,5837,6322
807,2021-01-15,445,6597,7042
807,2021-01-16,235,5068,5303
807,2021-01-17,71,3255,3326
807,2021-01-18,477,6103,6580
807,2021-01-19,475,6494,6969
807,2021-01-20,624,6512,7136
807,2021-01-21,549,6648,7197
807,2021-01-22,565,7052,7617
807,2021-01-23,220,4702,4922
807,2021-01-24,59,2795,2854
807,2021-01-25,586,6060,6646
807,2021-01-26,605,6640,7245
807,2021-01-27,507,6226,6733
807,2021-01-28,425,6633,7058
807,2021-01-29,486,6747,7233
807,2021-01-30,200,4802,5002
807,2021-01-31,57,2928,2985
807,2021-02-01,554,6118,6672
807,2021-02-02,603,6651,7254
807,2021-02-03,535,6429,6964
807,2021-02-04,569,6713,7282
807,2021-02-05,582,6913,7495
807,2021-02-06,219,4791,5010
807,2021-02-07,61,2923,2984
807,2021-02-08,564,5582,6146
807,2021-02-09,544,5842,6386
807,2021-02-10,523,5945,6468
807,2021-02-11,513,5866,6379
807,2021-02-12,503,6096,6599
807,2021-02-13,288,4763,5051
807,2021-02-14,63,3131,3194
807,2021-02-15,494,5502,5996
807,2021-02-16,473,6170,6643
807,2021-02-17,447,6146,6593
807,2021-02-18,471,6149,6620
807,2021-02-19,495,6070,6565
807,2021-02-20,246,5041,5287
807,2021-02-21,52,3901,3953
807,2021-02-22,596,6321,6917
807,2021-02-23,560,6913,7473
807,2021-02-24,639,6748,7387
807,2021-02-25,698,6831,7529
807,2021-02-26,697,7169,7866
807,2021-02-27,308,5299,5607
807,2021-02-28,63,3526,3589
807,2021-03-01,696,6553,7249
807,2021-03-02,681,6928,7609
807,2021-03-03,704,6859,7563
807,2021-03-04,624,6820,7444
807,2021-03-05,669,7171,7840
807,2021-03-06,299,5671,5970
807,2021-03-07,62,3718,3780
807,2021-03-08,636,6479,7115
807,2021-03-09,642,6910,7552
807,2021-03-10,583,6724,7307
807,2021-03-11,583,6746,7329
807,2021-03-12,630,7196,7826
807,2021-03-13,228,4828,5056
807,2021-03-14,43,3104,3147
807,2021-03-15,674,6492,7166
807,2021-03-16,722,6944,7666
807,2021-03-17,788,6657,7445
807,2021-03-18,745,6756,7501
807,2021-03-19,753,6999,7752
807,2021-03-20,297,5326,5623
807,2021-03-21,51,3224,3275
807,2021-03-22,702,6336,7038
807,2021-03-23,725,7300,8025
807,2021-03-24,730,7086,7816
807,2021-03-25,726,6901,7627
807,2021-03-26,714,7241,7955
807,2021-03-27,247,5172,5419
807,2021-03-29,606,6786,7392
807,2021-03-30,687,7417,8104
807,2021-03-31,657,7467,8124
807,2021-04-01,705,7775,8480
807,2021-04-02,676,7969,8645
807,2021-04-03,288,5438,5726
807,2021-04-04,49,3449,3498
807,2021-04-05,48,2532,2580
807,2021-04-06,525,6312,6837
807,2021-04-07,547,6304,6851
807,2021-04-08,635,6344,6979
807,2021-04-09,661,6607,7268
807,2021-04-10,335,4737,5072
807,2021-04-11,34,2893,2927
807,2021-04-12,572,5943,6515
807,2021-04-13,627,6569,7196
807,2021-04-14,618,6170,6788
807,2021-04-15,655,6608,7263
807,2021-04-16,607,6660,7267
807,2021-04-17,478,5377,5855
807,2021-04-18,54,3399,3453
807,2021-04-19,617,6665,7282
807,2021-04-20,747,7067,7814
807,2021-04-21,716,7083,7799
807,2021-04-22,670,7234,7904
807,2021-04-23,681,7394,8075
807,2021-04-24,320,5691,6011
807,2021-04-25,52,4145,4197
807,2021-04-26,588,6931,7519
807,2021-04-27,623,7191,7814
807,2021-04-28,681,7256,7937
807,2021-04-29,678,7472,8150
807,2021-04-30,653,7843,8496
807,2021-05-01,75,3525,3600
807,2021-05-02,42,3710,3752
807,2021-05-03,584,6932,7516
807,2021-05-04,571,7338,7909
807,2021-05-05,572,7140,7712
807,2021-05-06,572,7279,7851
807,2021-05-07,667,7528,8195
807,2021-05-08,273,5548,5821
807,2021-05-09,128,4055,4183
807,2021-05-10,662,6827,7489
807,2021-05-11,621,7350,7971
807,2021-05-12,760,7634,8394
807,2021-05-13,141,3501,3642
807,2021-05-14,559,7088,7647
807,2021-05-15,273,5029,5302
807,2021-05-16,104,3435,3539
807,2021-05-17,669,6872,7541
807,2021-05-18,767,7331,8098
807,2021-05-19,688,7129,7817
807,2021-05-20,721,7366,8087
807,2021-05-21,706,7751,8457
807,2021-05-22,283,5337,5620
807,2021-05-23,123,3418,3541
807,2021-05-24,124,2824,2948
807,2021-05-25,541,6317,6858
807,2021-05-26,581,6030,6611
807,2021-05-27,619,5680,6299
807,2021-05-28,545,5946,6491
807,2021-05-29,321,5006,5327
807,2021-05-30,155,4266,4421
807,2021-05-31,657,6935,7592
807,2021-06-01,705,7535,8240
807,2021-06-02,657,7155,7812
807,2021-06-03,644,7220,7864
807,2021-06-04,705,7607,8312
807,2021-06-05,305,5562,5867
807,2021-06-06,120,3754,3874
807,2021-06-07,566,6885,7451
807,2021-06-08,672,7603,8275
807,2021-06-09,673,7273,7946
807,2021-06-10,699,7692,8391
807,2021-06-11,740,8012,8752
807,2021-06-12,375,6367,6742
807,2021-06-13,144,4595,4739
807,2021-06-14,683,7199,7882
807,2021-06-15,669,7661,8330
807,2021-06-16,659,7414,8073
807,2021-06-17,669,7734,8403
807,2021-06-18,663,7863,8526
807,2021-06-19,339,5850,6189
807,2021-06-20,111,3803,3914
807,2021-06-21,646,7267,7913
807,2021-06-22,630,7794,8424
807,2021-06-23,120,3110,3230
807,2021-06-24,659,7227,7886
807,2021-06-25,643,7687,8330
807,2021-06-26,373,5558,5931
807,2021-06-27,122,4037,4159
807,2021-06-28,663,7068,7731
807,2021-06-29,630,7583,8213
807,2021-06-30,650,7216,7866
807,2021-07-01,676,7433,8109
807,2021-07-02,752,7803,8555
807,2021-07-03,343,5629,5972
807,2021-07-04,122,3793,3915
807,2021-07-05,654,7118,7772
807,2021-07-06,656,7527,8183
807,2021-07-07,701,7380,8081
807,2021-07-08,680,7581,8261
807,2021-07-09,734,7983,8717
807,2021-07-10,323,5624,5947
807,2021-07-11,121,4352,4473
807,2021-07-12,575,6934,7509
807,2021-07-13,487,7147,7634
807,2021-07-14,500,6899,7399
807,2021-07-15,507,6713,7220
807,2021-07-16,549,7191,7740
807,2021-07-17,308,5458,5766
807,2021-07-18,115,4296,4411
807,2021-07-19,601,6565,7166
807,2021-07-20,638,6975,7613
807,2021-07-21,687,6755,7442
807,2021-07-22,654,6871,7525
807,2021-07-23,639,7144,7783
807,2021-07-24,306,4943,5249
807,2021-07-25,101,3720,3821
807,2021-07-26,550,6198,6748
807,2021-07-27,584,6472,7056
807,2021-07-28,559,6563,7122
807,2021-07-29,479,6443,6922
807,2021-07-30,429,6424,6853
807,2021-07-31,405,4826,5231
807,2021-08-01,109,3566,3675
807,2021-08-02,388,5341,5729
807,2021-08-03,351,5657,6008
807,2021-08-04,393,5625,6018
807,2021-08-05,379,5594,5973
807,2021-08-06,367,5673,6040
807,2021-08-07,259,4391,4650
807,2021-08-08,114,3187,3301
807,2021-08-09,385,5020,5405
807,2021-08-10,394,5278,5672
807,2021-08-11,358,5369,5727
807,2021-08-12,372,5573,5945
807,2021-08-13,378,5642,6020
807,2021-08-14,306,4782,5088
807,2021-08-15,168,3421,3589
807,2021-08-16,346,4779,5125
807,2021-08-17,393,5385,5778
807,2021-08-18,400,5334,5734
807,2021-08-19,412,5670,6082
807,2021-08-20,392,5656,6048
807,2021-08-21,283,4784,5067
807,2021-08-22,111,3396,3507
807,2021-08-23,402,5524,5926
807,2021-08-24,476,5974,6450
807,2021-08-25,550,5935,6485
807,2021-08-26,525,5904,6429
807,2021-08-27,571,6086,6657
807,2021-08-28,284,4447,4731
807,2021-08-29,113,3430,3543
807,2021-08-30,643,5574,6217
807,2021-08-31,535,5951,6486
807,2021-09-01,574,6007,6581
807,2021-09-02,615,6299,6914
807,2021-09-03,575,6537,7112
807,2021-09-04,330,6403,6733
807,2021-09-05,147,4846,4993
807,2021-09-06,572,6241,6813
807,2021-09-07,641,6721,7362
807,2021-09-08,625,6779,7404
807,2021-09-09,571,6662,7233
807,2021-09-10,574,6762,7336
807,2021-09-11,358,5313,5671
807,2021-09-12,138,4095,4233
807,2021-09-13,619,6523,7142
807,2021-09-14,607,7038,7645
807,2021-09-15,574,7093,7667
807,2021-09-16,676,7369,8045
807,2021-09-17,722,7715,8437
807,2021-09-18,326,5934,6260
807,2021-09-19,134,4379,4513
807,2021-09-20,692,6772,7464
807,2021-09-21,788,7390,8178
807,2021-09-22,694,7180,7874
807,2021-09-23,649,7773,8422
807,2021-09-24,671,7632,8303
807,2021-09-25,400,5701,6101
807,2021-09-26,131,3897,4028
807,2021-09-27,604,6895,7499
807,2021-09-28,770,7412,8182
807,2021-09-29,631,6998,7629
807,2021-09-30,650,7433,8083
807,2021-10-01,715,7496,8211
807,2021-10-02,371,5828,6199
807,2021-10-03,125,3760,3885
807,2021-10-04,637,6935,7572
807,2021-10-05,643,7492,8135
807,2021-10-06,620,6977,7597
807,2021-10-07,651,7457,8108
807,2021-10-08,755,7787,8542
807,2021-10-09,347,5641,5988
807,2021-10-10,354,4273,4627
807,2021-10-11,794,6784,7578
807,2021-10-12,847,7323,8170
807,2021-10-13,901,7006,7907
807,2021-10-14,860,7594,8454
807,2021-10-15,774,7544,8318
807,2021-10-16,403,5575,5978
807,2021-10-17,199,4158,4357
807,2021-10-18,686,6981,7667
807,2021-10-19,685,7538,8223
807,2021-10-20,656,7103,7759
807,2021-10-21,568,7168,7736
807,2021-10-22,757,7632,8389
807,2021-10-23,396,5894,6290
807,2021-10-24,140,4118,4258
807,2021-10-25,791,6854,7645
807,2021-10-26,724,7578,8302
807,2021-10-27,750,7354,8104
807,2021-10-28,697,7932,8629
807,2021-10-29,641,7879,8520
807,2021-10-30,279,5470,5749
807,2021-11-01,150,3126,3276
807,2021-11-02,593,6972,7565
807,2021-11-03,583,6920,7503
807,2021-11-04,638,7102,7740
807,2021-11-05,590,6987,7577
807,2021-11-06,306,5237,5543
807,2021-11-07,150,3625,3775
807,2021-11-08,612,6813,7425
807,2021-11-09,656,7367,8023
807,2021-11-10,616,7038,7654
807,2021-11-11,716,7428,8144
807,2021-11-12,681,7278,7959
807,2021-11-13,289,5382,5671
807,2021-11-14,154,3548,3702
807,2021-11-15,660,6732,7392
807,2021-11-16,640,7335,7975
807,2021-11-17,720,6825,7545
807,2021-11-18,688,7378,8066
807,2021-11-19,694,7585,8279
807,2021-11-20,303,5631,5934
807,2021-11-21,141,3770,3911
807,2021-11-22,687,6858,7545
807,2021-11-23,714,7230,7944
807,2021-11-24,705,6955,7660
807,2021-11-25,683,7315,7998
807,2021-11-26,604,7307,7911
807,2021-11-27,318,5006,5324
807,2021-11-28,147,3501,3648
807,2021-11-29,657,6770,7427
807,2021-11-30,590,7138,7728
807,2021-12-01,587,6949,7536
807,2021-12-02,597,7130,7727
807,2021-12-03,622,7361,7983
807,2021-12-04,293,5320,5613
807,2021-12-05,135,3727,3862
807,2021-12-06,613,6406,7019
807,2021-12-07,651,7216,7867
807,2021-12-08,568,7083,7651
807,2021-12-09,600,6997,7597
807,2021-12-10,582,7093,7675
807,2021-12-11,305,5424,5729
807,2021-12-12,146,3657,3803
807,2021-12-13,675,6644,7319
807,2021-12-14,685,7196,7881
807,2021-12-15,707,7013,7720
807,2021-12-16,675,7300,7975
807,2021-12-17,562,7619,8181
807,2021-12-18,283,4980,5263
807,2021-12-19,148,3258,3406
807,2021-12-20,385,5410,5795
807,2021-12-21,410,5842,6252
807,2021-12-22,375,6035,6410
807,2021-12-23,351,6262,6613
807,2021-12-24,261,4988,5249
807,2021-12-25,96,2576,2672
807,2021-12-26,115,2473,2588
807,2021-12-27,254,4499,4753
807,2021-12-28,268,4820,5088
807,2021-12-29,264,4885,5149
807,2021-12-30,249,5425,5674
807,2021-12-31,252,4698,4950
809,2021-01-01,17,1079,1096
809,2021-01-02,59,1638,1697
809,2021-01-03,13,1957,1970
809,2021-01-04,107,1674,1781
809,2021-01-05,115,1738,1853
809,2021-01-06,116,1635,1751
809,2021-01-07,111,1820,1931
809,2021-01-08,128,1920,2048
809,2021-01-09,66,2077,2143
809,2021-01-10,14,2486,2500
809,2021-01-11,158,2055,2213
809,2021-01-12,135,2096,2231
809,2021-01-13,159,2095,2254
809,2021-01-14,141,1919,2060
809,2021-01-15,163,2148,2311
809,2021-01-16,77,1819,1896
809,2021-01-17,17,1413,1430
809,2021-01-18,147,1950,2097
809,2021-01-19,160,2068,2228
809,2021-01-20,156,2124,2280
809,2021-01-21,169,2227,2396
809,2021-01-22,163,2261,2424
809,2021-01-23,73,1428,1501
809,2021-01-24,18,1111,1129
809,2021-01-25,173,2072,2245
809,2021-01-26,179,2166,2345
809,2021-01-27,133,2130,2263
809,2021-01-28,146,2231,2377
809,2021-01-29,172,2385,2557
809,2021-01-30,69,1535,1604
809,2021-01-31,21,1186,1207
809,2021-02-01,157,2120,2277
809,2021-02-02,166,2233,2399
809,2021-02-03,170,2202,2372
809,2021-02-04,197,2310,2507
809,2021-02-05,191,2316,2507
809,2021-02-06,103,1607,1710
809,2021-02-07,9,1097,1106
809,2021-02-08,200,1985,2185
809,2021-02-09,161,2046,2207
809,2021-02-10,166,2022,2188
809,2021-02-11,197,2057,2254
809,2021-02-13,102,1672,1774
809,2021-02-14,26,1282,1308
809,2021-02-15,166,1615,1781
809,2021-02-16,152,1722,1874
809,2021-02-17,148,1720,1868
809,2021-02-18,173,1779,1952
809,2021-02-19,170,1904,2074
809,2021-02-20,87,1795,1882
809,2021-02-21,11,1616,1627
809,2021-02-22,205,2289,2494
809,2021-02-23,220,2342,2562
809,2021-02-24,227,2340,2567
809,2021-02-25,224,2403,2627
809,2021-02-26,236,2437,2673
809,2021-02-27,105,1730,1835
809,2021-02-28,22,1416,1438
809,2021-03-01,192,2255,2447
809,2021-03-02,228,2407,2635
809,2021-03-03,291,2311,2602
809,2021-03-04,248,2297,2545
809,2021-03-05,228,2255,2483
809,2021-03-06,93,1781,1874
809,2021-03-07,19,1455,1474
809,2021-03-08,205,2249,2454
809,2021-03-09,193,2340,2533
809,2021-03-10,186,2399,2585
809,2021-03-11,285,3133,3418
809,2021-03-12,242,2422,2664
809,2021-03-13,83,1619,1702
809,2021-03-14,19,1180,1199
809,2021-03-15,200,2252,2452
809,2021-03-16,257,2195,2452
809,2021-03-17,253,2323,2576
809,2021-03-18,262,2363,2625
809,2021-03-19,271,2343,2614
809,2021-03-20,133,1769,1902
809,2021-03-21,22,1256,1278
809,2021-03-22,228,2080,2308
809,2021-03-23,245,2383,2628
809,2021-03-24,234,2399,2633
809,2021-03-25,244,2337,2581
809,2021-03-26,240,2323,2563
809,2021-03-27,98,1652,1750
809,2021-03-29,194,2375,2569
809,2021-03-30,200,2494,2694
809,2021-03-31,216,2437,2653
809,2021-04-01,222,2499,2721
809,2021-04-02,224,2516,2740
809,2021-04-03,104,1794,1898
809,2021-04-04,13,1460,1473
809,2021-04-05,26,1041,1067
809,2021-04-06,203,2020,2223
809,2021-04-07,229,2107,2336
809,2021-04-08,236,2247,2483
809,2021-04-09,254,2295,2549
809,2021-04-10,83,1577,1660
809,2021-04-11,15,1102,1117
809,2021-04-12,255,2109,2364
809,2021-04-13,216,2223,2439
809,2021-04-14,211,2259,2470
809,2021-04-15,219,2339,2558
809,2021-04-16,213,2223,2436
809,2021-04-17,128,1773,1901
809,2021-04-18,23,1246,1269
809,2021-04-19,271,2312,2583
809,2021-04-20,258,2357,2615
809,2021-04-21,272,2291,2563
809,2021-04-22,271,2363,2634
809,2021-04-23,240,2547,2787
809,2021-04-24,131,2003,2134
809,2021-04-25,37,1699,1736
809,2021-04-26,260,2313,2573
809,2021-04-27,273,2408,2681
809,2021-04-28,203,2480,2683
809,2021-04-29,246,2412,2658
809,2021-04-30,244,2438,2682
809,2021-05-01,40,1405,1445
809,2021-05-02,28,1409,1437
809,2021-05-03,233,2351,2584
809,2021-05-04,228,2353,2581
809,2021-05-05,221,2370,2591
809,2021-05-06,216,2364,2580
809,2021-05-07,221,2485,2706
809,2021-05-08,105,1741,1846
809,2021-05-09,53,1739,1792
809,2021-05-10,234,2245,2479
809,2021-05-11,273,2322,2595
809,2021-05-12,263,2467,2730
809,2021-05-13,73,1403,1476
809,2021-05-14,213,2251,2464
809,2021-05-15,107,1599,1706
809,2021-05-16,39,1273,1312
809,2021-05-17,270,2340,2610
809,2021-05-18,288,2403,2691
809,2021-05-19,249,2242,2491
809,2021-05-20,309,2462,2771
809,2021-05-21,319,2597,2916
809,2021-05-22,124,1497,1621
809,2021-05-23,36,1271,1307
809,2021-05-24,51,1144,1195
809,2021-05-25,323,2252,2575
809,2021-05-26,291,2171,2462
809,2021-05-27,312,2322,2634
809,2021-05-28,272,2501,2773
809,2021-05-29,143,1855,1998
809,2021-05-30,104,1804,1908
809,2021-05-31,298,2142,2440
809,2021-06-01,224,2204,2428
809,2021-06-02,245,1878,2123
809,2021-06-03,234,2451,2685
809,2021-06-04,258,2558,2816
809,2021-06-05,116,1797,1913
809,2021-06-06,49,1374,1423
809,2021-06-07,283,2408,2691
809,2021-06-08,302,2523,2825
809,2021-06-09,268,2533,2801
809,2021-06-10,306,2658,2964
809,2021-06-11,347,2793,3140
809,2021-06-12,142,2056,2198
809,2021-06-13,50,1850,1900
809,2021-06-14,237,2509,2746
809,2021-06-15,274,2627,2901
809,2021-06-16,241,2635,2876
809,2021-06-17,264,2576,2840
809,2021-06-18,209,2691,2900
809,2021-06-19,120,2144,2264
809,2021-06-20,34,1509,1543
809,2021-06-21,231,2406,2637
809,2021-06-22,246,2444,2690
809,2021-06-23,63,1380,1443
809,2021-06-24,261,2462,2723
809,2021-06-25,240,2396,2636
809,2021-06-26,101,1945,2046
809,2021-06-27,35,1508,1543
809,2021-06-28,259,2434,2693
809,2021-06-29,234,2473,2707
809,2021-06-30,239,2385,2624
809,2021-07-01,247,2486,2733
809,2021-07-02,263,2567,2830
809,2021-07-03,110,1995,2105
809,2021-07-04,35,1332,1367
809,2021-07-05,276,2332,2608
809,2021-07-06,284,2368,2652
809,2021-07-07,228,2588,2816
809,2021-07-08,244,2414,2658
809,2021-07-09,243,2609,2852
809,2021-07-10,131,1848,1979
809,2021-07-11,34,1553,1587
809,2021-07-12,229,2413,2642
809,2021-07-13,214,2450,2664
809,2021-07-14,210,2464,2674
809,2021-07-15,204,2315,2519
809,2021-07-16,216,2389,2605
809,2021-07-17,131,1666,1797
809,2021-07-18,49,1612,1661
809,2021-07-19,229,2409,2638
809,2021-07-20,239,2597,2836
809,2021-07-21,269,2577,2846
809,2021-07-22,240,2454,2694
809,2021-07-23,211,2505,2716
809,2021-07-24,95,1628,1723
809,2021-07-25,36,1326,1362
809,2021-07-26,203,2209,2412
809,2021-07-27,220,2337,2557
809,2021-07-28,191,2308,2499
809,2021-07-29,186,2324,2510
809,2021-07-30,179,2215,2394
809,2021-07-31,142,1778,1920
809,2021-08-01,46,1440,1486
809,2021-08-02,158,1883,2041
809,2021-08-03,156,1856,2012
809,2021-08-04,167,2035,2202
809,2021-08-05,155,2047,2202
809,2021-08-06,157,2025,2182
809,2021-08-07,101,1605,1706
809,2021-08-08,41,1174,1215
809,2021-08-09,170,1766,1936
809,2021-08-10,188,1907,2095
809,2021-08-11,154,1991,2145
809,2021-08-12,190,2051,2241
809,2021-08-13,171,2083,2254
809,2021-08-14,137,1693,1830
809,2021-08-15,74,1577,1651
809,2021-08-16,161,1745,1906
809,2021-08-17,171,1797,1968
809,2021-08-18,153,1799,1952
809,2021-08-19,168,1908,2076
809,2021-08-20,169,1955,2124
809,2021-08-21,132,1783,1915
809,2021-08-22,42,1247,1289
809,2021-08-23,184,1935,2119
809,2021-08-24,218,2127,2345
809,2021-08-25,253,2205,2458
809,2021-08-26,213,2064,2277
809,2021-08-27,193,2079,2272
809,2021-08-28,106,1464,1570
809,2021-08-29,40,1262,1302
809,2021-08-30,236,2073,2309
809,2021-08-31,219,2196,2415
809,2021-09-01,264,2319,2583
809,2021-09-02,257,2289,2546
809,2021-09-03,220,2400,2620
809,2021-09-04,92,1457,1549
809,2021-09-05,35,1222,1257
809,2021-09-06,216,2250,2466
809,2021-09-07,239,2536,2775
809,2021-09-08,241,2642,2883
809,2021-09-09,248,2268,2516
809,2021-09-10,228,2232,2460
809,2021-09-11,121,1784,1905
809,2021-09-12,57,1552,1609
809,2021-09-13,235,2330,2565
809,2021-09-14,233,2427,2660
809,2021-09-15,210,2448,2658
809,2021-09-16,235,2452,2687
809,2021-09-17,235,2577,2812
809,2021-09-18,126,2078,2204
809,2021-09-19,34,1617,1651
809,2021-09-20,251,2394,2645
809,2021-09-21,284,2619,2903
809,2021-09-22,313,2615,2928
809,2021-09-23,244,2644,2888
809,2021-09-24,263,2637,2900
809,2021-09-25,147,2162,2309
809,2021-09-26,40,1392,1432
809,2021-09-27,231,2389,2620
809,2021-09-28,264,2569,2833
809,2021-09-29,226,1792,2018
809,2021-09-30,216,2115,2331
809,2021-10-01,271,2249,2520
809,2021-10-02,101,1801,1902
809,2021-10-03,40,1253,1293
809,2021-10-04,245,2465,2710
809,2021-10-05,211,2626,2837
809,2021-10-06,234,2538,2772
809,2021-10-07,259,2606,2865
809,2021-10-08,282,2685,2967
809,2021-10-09,139,2017,2156
809,2021-10-10,259,1634,1893
809,2021-10-11,405,2559,2964
809,2021-10-12,262,2538,2800
809,2021-10-13,270,2490,2760
809,2021-10-14,251,2644,2895
809,2021-10-15,288,2718,3006
809,2021-10-16,149,2095,2244
809,2021-10-17,110,1619,1729
809,2021-10-18,291,2574,2865
809,2021-10-19,281,2648,2929
809,2021-10-20,220,2539,2759
809,2021-10-21,220,2388,2608
809,2021-10-22,243,2599,2842
809,2021-10-23,146,2002,2148
809,2021-10-24,58,1535,1593
809,2021-10-25,176,1794,1970
809,2021-10-26,277,2574,2851
809,2021-10-27,355,2586,2941
809,2021-10-28,334,2601,2935
809,2021-10-29,326,2719,3045
809,2021-10-30,109,1750,1859
809,2021-11-01,51,1413,1464
809,2021-11-02,194,2198,2392
809,2021-11-03,210,2265,2475
809,2021-11-04,219,2327,2546
809,2021-11-05,226,2319,2545
809,2021-11-06,113,1642,1755
809,2021-11-07,39,1398,1437
809,2021-11-08,240,2350,2590
809,2021-11-09,241,2499,2740
809,2021-11-10,225,2448,2673
809,2021-11-11,250,2495,2745
809,2021-11-12,239,2653,2892
809,2021-11-13,138,1826,1964
809,2021-11-14,40,1345,1385
809,2021-11-15,237,2355,2592
809,2021-11-16,220,2528,2748
809,2021-11-17,240,2387,2627
809,2021-11-18,243,2412,2655
809,2021-11-19,246,2481,2727
809,2021-11-20,114,1793,1907
809,2021-11-21,31,1189,1220
809,2021-11-22,225,2238,2463
809,2021-11-23,233,2403,2636
809,2021-11-24,218,2322,2540
809,2021-11-25,282,2272,2554
809,2021-11-26,209,2439,2648
809,2021-11-27,121,1560,1681
809,2021-11-28,48,1288,1336
809,2021-11-29,251,2254,2505
809,2021-11-30,201,2327,2528
809,2021-12-01,225,2263,2488
809,2021-12-02,239,2267,2506
809,2021-12-03,219,2312,2531
809,2021-12-04,103,1643,1746
809,2021-12-05,40,1189,1229
809,2021-12-06,249,2198,2447
809,2021-12-07,222,2261,2483
809,2021-12-08,215,2272,2487
809,2021-12-09,258,2320,2578
809,2021-12-10,239,2225,2464
809,2021-12-11,102,1549,1651
809,2021-12-12,34,1196,1230
809,2021-12-13,255,2191,2446
809,2021-12-14,208,2371,2579
809,2021-12-15,253,2266,2519
809,2021-12-16,219,2423,2642
809,2021-12-17,170,2380,2550
809,2021-12-18,85,1637,1722
809,2021-12-19,38,1174,1212
809,2021-12-20,135,1938,2073
809,2021-12-21,118,2098,2216
809,2021-12-22,132,1971,2103
809,2021-12-23,119,1911,2030
809,2021-12-24,88,1570,1658
809,2021-12-25,24,1225,1249
809,2021-12-26,33,1076,1109
809,2021-12-27,83,1496,1579
809,2021-12-28,94,1638,1732
809,2021-12-29,93,1561,1654
809,2021-12-30,87,1619,1706
809,2021-12-31,63,1538,1601
811,2021-01-02,80,1421,1501
811,2021-01-03,36,1243,1279
811,2021-01-04,130,2107,2237
811,2021-01-05,141,2244,2385
811,2021-01-06,152,2236,2388
811,2021-01-07,166,2089,2255
811,2021-01-08,163,2273,2436
811,2021-01-09,99,1626,1725
811,2021-01-10,34,1301,1335
811,2021-01-11,224,2771,2995
811,2021-01-12,211,2805,3016
811,2021-01-13,216,2747,2963
811,2021-01-14,192,2723,2915
811,2021-01-15,190,2840,3030
811,2021-01-16,85,1744,1829
811,2021-01-17,48,1271,1319
811,2021-01-18,173,2826,2999
811,2021-01-19,224,2908,3132
811,2021-01-20,237,2898,3135
811,2021-01-21,188,3074,3262
811,2021-01-22,255,3147,3402
811,2021-01-23,95,2008,2103
811,2021-01-24,40,1457,1497
811,2021-01-25,264,2851,3115
811,2021-01-26,230,3000,3230
811,2021-01-27,245,2904,3149
811,2021-01-28,210,3127,3337
811,2021-01-29,235,3173,3408
811,2021-01-30,109,1846,1955
811,2021-01-31,45,1396,1441
811,2021-02-01,211,2881,3092
811,2021-02-02,232,3112,3344
811,2021-02-03,237,3014,3251
811,2021-02-04,252,2982,3234
811,2021-02-05,252,3035,3287
811,2021-02-06,109,1941,2050
811,2021-02-07,40,1386,1426
811,2021-02-08,275,2606,2881
811,2021-02-09,252,2826,3078
811,2021-02-10,220,2890,3110
811,2021-02-11,210,2843,3053
811,2021-02-12,252,2925,3177
811,2021-02-13,120,1987,2107
811,2021-02-14,36,1420,1456
811,2021-02-15,306,3181,3487
811,2021-02-16,311,3668,3979
811,2021-02-17,340,3614,3954
811,2021-02-18,306,3593,3899
811,2021-02-19,246,3195,3441
811,2021-02-20,106,2074,2180
811,2021-02-21,39,1751,1790
811,2021-02-22,222,2888,3110
811,2021-02-23,238,3151,3389
811,2021-02-24,312,3065,3377
811,2021-02-25,251,3196,3447
811,2021-02-26,236,3239,3475
811,2021-02-27,142,2159,2301
811,2021-02-28,44,1738,1782
811,2021-03-01,288,3129,3417
811,2021-03-02,260,3198,3458
811,2021-03-03,285,3242,3527
811,2021-03-04,247,3157,3404
811,2021-03-05,295,3282,3577
811,2021-03-06,159,2261,2420
811,2021-03-07,48,1785,1833
811,2021-03-08,308,2945,3253
811,2021-03-09,299,3059,3358
811,2021-03-10,315,3010,3325
811,2021-03-11,286,3274,3560
811,2021-03-12,266,3160,3426
811,2021-03-13,78,2002,2080
811,2021-03-14,38,1494,1532
811,2021-03-15,270,2905,3175
811,2021-03-16,280,3100,3380
811,2021-03-17,283,3021,3304
811,2021-03-18,289,3049,3338
811,2021-03-19,351,3165,3516
811,2021-03-20,137,2276,2413
811,2021-03-21,32,1607,1639
811,2021-03-22,296,2952,3248
811,2021-03-23,357,3063,3420
811,2021-03-24,328,3257,3585
811,2021-03-25,355,3136,3491
811,2021-03-26,325,3195,3520
811,2021-03-27,133,2025,2158
811,2021-03-29,305,3052,3357
811,2021-03-30,351,3404,3755
811,2021-03-31,306,3384,3690
811,2021-04-01,322,3194,3516
811,2021-04-02,309,3515,3824
811,2021-04-03,131,2047,2178
811,2021-04-04,35,1647,1682
811,2021-04-05,49,1389,1438
811,2021-04-06,260,2898,3158
811,2021-04-07,320,2880,3200
811,2021-04-08,255,3022,3277
811,2021-04-09,266,3095,3361
811,2021-04-10,132,1907,2039
811,2021-04-11,36,1384,1420
811,2021-04-12,263,2778,3041
811,2021-04-13,236,2912,3148
811,2021-04-14,283,2986,3269
811,2021-04-15,255,2984,3239
811,2021-04-16,246,2956,3202
811,2021-04-17,177,2232,2409
811,2021-04-18,43,1551,1594
811,2021-04-19,243,3008,3251
811,2021-04-20,242,3254,3496
811,2021-04-21,265,3156,3421
811,2021-04-22,267,3213,3480
811,2021-04-23,297,3437,3734
811,2021-04-24,132,2362,2494
811,2021-04-25,42,1946,1988
811,2021-04-26,345,3075,3420
811,2021-04-27,298,3227,3525
811,2021-04-28,251,3282,3533
811,2021-04-29,268,3315,3583
811,2021-04-30,262,3391,3653
811,2021-05-02,57,1852,1909
811,2021-05-03,268,3146,3414
811,2021-05-04,306,3245,3551
811,2021-05-05,291,3256,3547
811,2021-05-06,269,3284,3553
811,2021-05-07,300,3344,3644
811,2021-05-08,137,2297,2434
811,2021-05-09,63,1904,1967
811,2021-05-10,285,3032,3317
811,2021-05-11,293,3257,3550
811,2021-05-12,304,3418,3722
811,2021-05-13,82,1878,1960
811,2021-05-14,244,2982,3226
811,2021-05-15,123,2002,2125
811,2021-05-16,35,1650,1685
811,2021-05-17,257,3150,3407
811,2021-05-18,296,3286,3582
811,2021-05-19,264,3330,3594
811,2021-05-20,259,3396,3655
811,2021-05-21,369,3572,3941
811,2021-05-22,131,2092,2223
811,2021-05-23,55,1691,1746
811,2021-05-24,44,1450,1494
811,2021-05-25,260,3092,3352
811,2021-05-26,221,3095,3316
811,2021-05-27,219,3080,3299
811,2021-05-28,234,3322,3556
811,2021-05-29,145,2398,2543
811,2021-05-30,103,1965,2068
811,2021-05-31,521,4402,4923
811,2021-06-01,478,4811,5289
811,2021-06-02,428,4333,4761
811,2021-06-03,366,3386,3752
811,2021-06-04,299,3422,3721
811,2021-06-05,133,2270,2403
811,2021-06-06,42,1951,1993
811,2021-06-07,250,3102,3352
811,2021-06-08,270,3429,3699
811,2021-06-09,294,3415,3709
811,2021-06-10,265,3479,3744
811,2021-06-11,249,3603,3852
811,2021-06-12,120,2563,2683
811,2021-06-13,50,2100,2150
811,2021-06-14,281,3237,3518
811,2021-06-15,304,3382,3686
811,2021-06-16,316,3225,3541
811,2021-06-17,286,3471,3757
811,2021-06-18,287,3435,3722
811,2021-06-19,155,2457,2612
811,2021-06-20,48,1811,1859
811,2021-06-21,279,3176,3455
811,2021-06-22,289,3413,3702
811,2021-06-23,57,1738,1795
811,2021-06-24,320,3114,3434
811,2021-06-25,305,3430,3735
811,2021-06-26,130,2300,2430
811,2021-06-27,48,1728,1776
811,2021-06-28,287,3079,3366
811,2021-06-29,281,3273,3554
811,2021-06-30,269,3280,3549
811,2021-07-01,283,3332,3615
811,2021-07-02,284,3432,3716
811,2021-07-03,141,2299,2440
811,2021-07-04,55,1810,1865
811,2021-07-05,247,3057,3304
811,2021-07-06,259,3262,3521
811,2021-07-07,251,3297,3548
811,2021-07-08,318,3342,3660
811,2021-07-09,229,3348,3577
811,2021-07-10,135,2393,2528
811,2021-07-11,101,1909,2010
811,2021-07-12,241,2974,3215
811,2021-07-13,201,3095,3296
811,2021-07-14,188,3160,3348
811,2021-07-15,195,2986,3181
811,2021-07-16,205,2876,3081
811,2021-07-17,127,2205,2332
811,2021-07-18,50,1833,1883
811,2021-07-19,210,2732,2942
811,2021-07-20,254,3035,3289
811,2021-07-21,243,3056,3299
811,2021-07-22,248,3002,3250
811,2021-07-23,232,3109,3341
811,2021-07-24,168,1989,2157
811,2021-07-25,36,1637,1673
811,2021-07-26,225,2808,3033
811,2021-07-27,235,3026,3261
811,2021-07-28,195,2934,3129
811,2021-07-29,188,2751,2939
811,2021-07-30,179,2720,2899
811,2021-07-31,128,2045,2173
811,2021-08-01,69,1733,1802
811,2021-08-02,166,2454,2620
811,2021-08-03,197,2643,2840
811,2021-08-04,171,2553,2724
811,2021-08-05,162,2555,2717
811,2021-08-06,151,2560,2711
811,2021-08-07,109,1951,2060
811,2021-08-08,35,1523,1558
811,2021-08-09,200,2342,2542
811,2021-08-10,245,2545,2790
811,2021-08-11,183,2574,2757
811,2021-08-12,183,2469,2652
811,2021-08-13,181,2604,2785
811,2021-08-14,161,1978,2139
811,2021-08-15,94,1793,1887
811,2021-08-16,164,2344,2508
811,2021-08-17,226,2693,2919
811,2021-08-18,208,2719,2927
811,2021-08-19,185,2774,2959
811,2021-08-20,169,2687,2856
811,2021-08-21,130,2082,2212
811,2021-08-22,43,1609,1652
811,2021-08-23,176,2618,2794
811,2021-08-24,249,2660,2909
811,2021-08-25,307,2660,2967
811,2021-08-26,321,2657,2978
811,2021-08-27,241,2792,3033
811,2021-08-28,122,1882,2004
811,2021-08-29,69,1512,1581
811,2021-08-30,232,2641,2873
811,2021-08-31,222,2762,2984
811,2021-09-01,269,2825,3094
811,2021-09-02,255,2901,3156
811,2021-09-03,261,3068,3329
811,2021-09-04,12,288,300
811,2021-09-05,4,378,382
811,2021-09-06,262,2828,3090
811,2021-09-07,257,3031,3288
811,2021-09-08,300,2948,3248
811,2021-09-09,254,2866,3120
811,2021-09-10,236,3075,3311
811,2021-09-11,145,2164,2309
811,2021-09-12,58,1875,1933
811,2021-09-13,262,3116,3378
811,2021-09-14,314,3321,3635
811,2021-09-15,253,3524,3777
811,2021-09-16,269,3297,3566
811,2021-09-17,267,3482,3749
811,2021-09-18,143,2493,2636
811,2021-09-19,54,2180,2234
811,2021-09-20,281,3239,3520
811,2021-09-21,264,3399,3663
811,2021-09-22,274,3314,3588
811,2021-09-23,271,3409,3680
811,2021-09-24,307,3300,3607
811,2021-09-25,168,2432,2600
811,2021-09-26,55,1851,1906
811,2021-09-27,281,3110,3391
811,2021-09-28,286,3305,3591
811,2021-09-29,425,4125,4550
811,2021-09-30,498,4576,5074
811,2021-10-01,458,4301,4759
811,2021-10-02,142,2342,2484
811,2021-10-03,51,1914,1965
811,2021-10-04,286,3207,3493
811,2021-10-05,283,3359,3642
811,2021-10-06,325,3275,3600
811,2021-10-07,305,3486,3791
811,2021-10-08,269,3505,3774
811,2021-10-09,168,2308,2476
811,2021-10-10,63,1906,1969
811,2021-10-11,266,3176,3442
811,2021-10-12,343,3356,3699
811,2021-10-13,449,3250,3699
811,2021-10-14,389,3433,3822
811,2021-10-15,338,3514,3852
811,2021-10-16,177,2449,2626
811,2021-10-17,73,1928,2001
811,2021-10-18,311,3256,3567
811,2021-10-19,323,3333,3656
811,2021-10-20,242,3272,3514
811,2021-10-21,208,3429,3637
811,2021-10-22,279,3567,3846
811,2021-10-23,172,2289,2461
811,2021-10-24,63,1827,1890
811,2021-10-25,332,3190,3522
811,2021-10-26,336,3511,3847
811,2021-10-27,347,3347,3694
811,2021-10-28,346,3509,3855
811,2021-10-29,288,3566,3854
811,2021-10-30,146,2259,2405
811,2021-11-01,58,1720,1778
811,2021-11-02,104,1685,1789
811,2021-11-03,78,1073,1151
811,2021-11-04,139,1284,1423
811,2021-11-05,262,2690,2952
811,2021-11-06,137,2034,2171
811,2021-11-07,59,1751,1810
811,2021-11-08,271,3127,3398
811,2021-11-09,282,3266,3548
811,2021-11-10,359,3157,3516
811,2021-11-11,355,3336,3691
811,2021-11-12,329,3273,3602
811,2021-11-13,136,2176,2312
811,2021-11-14,49,1725,1774
811,2021-11-15,256,2987,3243
811,2021-11-16,294,3328,3622
811,2021-11-17,323,3211,3534
811,2021-11-18,274,3383,3657
811,2021-11-19,290,3276,3566
811,2021-11-20,162,2206,2368
811,2021-11-21,53,1695,1748
811,2021-11-22,291,3024,3315
811,2021-11-23,328,3181,3509
811,2021-11-24,317,3154,3471
811,2021-11-25,315,3335,3650
811,2021-11-26,288,3378,3666
811,2021-11-27,148,2138,2286
811,2021-11-28,58,1604,1662
811,2021-11-29,262,3047,3309
811,2021-11-30,261,3192,3453
811,2021-12-01,251,3128,3379
811,2021-12-02,252,3233,3485
811,2021-12-03,271,3313,3584
811,2021-12-04,150,2108,2258
811,2021-12-05,57,1605,1662
811,2021-12-06,264,2903,3167
811,2021-12-07,298,3107,3405
811,2021-12-08,285,3045,3330
811,2021-12-09,273,3144,3417
811,2021-12-10,262,3129,3391
811,2021-12-11,147,1987,2134
811,2021-12-12,59,1486,1545
811,2021-12-13,250,2978,3228
811,2021-12-14,242,3230,3472
811,2021-12-15,280,3155,3435
811,2021-12-16,237,3310,3547
811,2021-12-17,200,3282,3482
811,2021-12-18,101,2042,2143
811,2021-12-19,54,1585,1639
811,2021-12-20,153,2466,2619
811,2021-12-21,159,2704,2863
811,2021-12-22,179,2557,2736
811,2021-12-23,154,2442,2596
811,2021-12-24,92,2048,2140
811,2021-12-25,35,1242,1277
811,2021-12-26,40,1251,1291
811,2021-12-27,92,1805,1897
811,2021-12-28,109,1850,1959
811,2021-12-29,111,2080,2191
811,2021-12-30,112,2089,2201
811,2021-12-31,81,1937,2018
813,2021-01-02,48,1417,1465
813,2021-01-03,26,1320,1346
813,2021-01-04,92,2064,2156
813,2021-01-05,112,2311,2423
813,2021-01-06,114,2253,2367
813,2021-01-07,112,2062,2174
813,2021-01-08,124,2134,2258
813,2021-01-09,59,1696,1755
813,2021-01-10,21,1434,1455
813,2021-01-11,170,2667,2837
813,2021-01-12,171,2816,2987
813,2021-01-13,185,2769,2954
813,2021-01-14,142,2643,2785
813,2021-01-15,128,2741,2869
813,2021-01-16,51,1803,1854
813,2021-01-17,27,1273,1300
813,2021-01-18,119,2687,2806
813,2021-01-19,160,2863,3023
813,2021-01-20,186,2896,3082
813,2021-01-21,187,3151,3338
813,2021-01-22,191,3105,3296
813,2021-01-23,68,1953,2021
813,2021-01-24,33,1372,1405
813,2021-01-25,190,2764,2954
813,2021-01-26,174,3076,3250
813,2021-01-27,187,2903,3090
813,2021-01-28,135,2974,3109
813,2021-01-29,154,3141,3295
813,2021-01-30,67,1809,1876
813,2021-02-02,147,3119,3266
813,2021-02-03,147,3037,3184
813,2021-02-04,161,3028,3189
813,2021-02-05,138,3036,3174
813,2021-02-06,61,1937,1998
813,2021-02-07,27,1375,1402
813,2021-02-08,174,2614,2788
813,2021-02-09,160,2769,2929
813,2021-02-10,168,2716,2884
813,2021-02-11,166,2763,2929
813,2021-02-12,177,2793,2970
813,2021-02-13,68,2011,2079
813,2021-02-14,35,1433,1468
813,2021-02-15,241,2693,2934
813,2021-02-16,235,3033,3268
813,2021-02-17,309,3088,3397
813,2021-02-18,273,3072,3345
813,2021-02-19,208,2976,3184
813,2021-02-20,80,2113,2193
813,2021-02-21,28,1822,1850
813,2021-02-22,169,2828,2997
813,2021-02-23,199,3221,3420
813,2021-02-24,176,3141,3317
813,2021-02-25,167,3207,3374
813,2021-02-26,183,3303,3486
813,2021-02-27,113,2077,2190
813,2021-02-28,26,1741,1767
813,2021-03-01,193,3083,3276
813,2021-03-02,230,3233,3463
813,2021-03-03,249,3251,3500
813,2021-03-04,202,3231,3433
813,2021-03-05,232,3258,3490
813,2021-03-06,134,2327,2461
813,2021-03-07,32,1802,1834
813,2021-03-08,231,2998,3229
813,2021-03-09,253,3111,3364
813,2021-03-10,212,3154,3366
813,2021-03-11,206,3182,3388
813,2021-03-12,201,3246,3447
813,2021-03-13,57,2021,2078
813,2021-03-14,24,1459,1483
813,2021-03-15,194,2925,3119
813,2021-03-16,171,3063,3234
813,2021-03-17,184,3106,3290
813,2021-03-18,177,3097,3274
813,2021-03-19,204,3159,3363
813,2021-03-20,89,2215,2304
813,2021-03-21,23,1542,1565
813,2021-03-22,175,3020,3195
813,2021-03-23,210,3277,3487
813,2021-03-24,167,3258,3425
813,2021-03-25,201,3234,3435
813,2021-03-26,216,3211,3427
813,2021-03-27,99,2016,2115
813,2021-03-29,187,3163,3350
813,2021-03-30,206,3405,3611
813,2021-03-31,201,3600,3801
813,2021-04-01,206,3322,3528
813,2021-04-02,207,3517,3724
813,2021-04-03,91,2161,2252
813,2021-04-04,30,1570,1600
813,2021-04-05,39,1383,1422
813,2021-04-06,189,3103,3292
813,2021-04-07,251,3059,3310
813,2021-04-08,202,3153,3355
813,2021-04-09,218,3249,3467
813,2021-04-10,60,2025,2085
813,2021-04-11,27,1420,1447
813,2021-04-12,209,2902,3111
813,2021-04-13,194,3068,3262
813,2021-04-14,221,3107,3328
813,2021-04-15,198,3105,3303
813,2021-04-16,235,3174,3409
813,2021-04-17,152,2367,2519
813,2021-04-18,28,1592,1620
813,2021-04-19,201,3067,3268
813,2021-04-20,214,3300,3514
813,2021-04-21,230,3394,3624
813,2021-04-22,199,3441,3640
813,2021-04-23,214,3618,3832
813,2021-04-24,102,2502,2604
813,2021-04-25,30,1956,1986
813,2021-04-26,256,3192,3448
813,2021-04-27,244,3477,3721
813,2021-04-28,222,3514,3736
813,2021-04-29,191,3551,3742
813,2021-04-30,188,3607,3795
813,2021-05-02,29,1746,1775
813,2021-05-03,218,3253,3471
813,2021-05-04,240,3394,3634
813,2021-05-05,223,3411,3634
813,2021-05-06,189,3368,3557
813,2021-05-07,204,3531,3735
813,2021-05-08,93,2391,2484
813,2021-05-09,51,2097,2148
813,2021-05-10,194,3100,3294
813,2021-05-11,188,3409,3597
813,2021-05-12,234,3694,3928
813,2021-05-13,36,1869,1905
813,2021-05-14,156,3116,3272
813,2021-05-15,74,2099,2173
813,2021-05-16,24,1630,1654
813,2021-05-17,177,3248,3425
813,2021-05-18,162,3449,3611
813,2021-05-19,189,3469,3658
813,2021-05-20,217,3576,3793
813,2021-05-21,259,3646,3905
813,2021-05-22,66,2177,2243
813,2021-05-23,26,1701,1727
813,2021-05-24,28,1412,1440
813,2021-05-25,221,3075,3296
813,2021-05-26,225,3111,3336
813,2021-05-27,172,3289,3461
813,2021-05-28,200,3511,3711
813,2021-05-29,175,2503,2678
813,2021-05-30,146,2138,2284
813,2021-05-31,351,3780,4131
813,2021-06-01,245,4191,4436
813,2021-06-02,228,3993,4221
813,2021-06-03,288,3586,3874
813,2021-06-04,270,3570,3840
813,2021-06-05,111,2342,2453
813,2021-06-06,30,2165,2195
813,2021-06-07,194,3299,3493
813,2021-06-08,189,3582,3771
813,2021-06-09,210,3594,3804
813,2021-06-10,211,3549,3760
813,2021-06-11,177,3734,3911
813,2021-06-12,95,2571,2666
813,2021-06-13,33,2194,2227
813,2021-06-14,180,3301,3481
813,2021-06-15,235,3625,3860
813,2021-06-16,230,3448,3678
813,2021-06-17,199,3607,3806
813,2021-06-18,215,3533,3748
813,2021-06-19,111,2575,2686
813,2021-06-20,52,1799,1851
813,2021-06-21,190,3324,3514
813,2021-06-22,193,3604,3797
813,2021-06-23,37,1797,1834
813,2021-06-24,232,3384,3616
813,2021-06-25,238,3836,4074
813,2021-06-26,68,2380,2448
813,2021-06-27,33,1795,1828
813,2021-06-28,149,3344,3493
813,2021-06-29,204,3538,3742
813,2021-06-30,169,3458,3627
813,2021-07-01,150,3491,3641
813,2021-07-02,188,3625,3813
813,2021-07-03,100,2333,2433
813,2021-07-04,33,1820,1853
813,2021-07-05,180,3376,3556
813,2021-07-06,166,3581,3747
813,2021-07-07,204,3617,3821
813,2021-07-08,192,3578,3770
813,2021-07-09,161,3724,3885
813,2021-07-10,103,2588,2691
813,2021-07-11,79,1960,2039
813,2021-07-12,196,3426,3622
813,2021-07-13,143,3358,3501
813,2021-07-14,159,3505,3664
813,2021-07-15,164,3482,3646
813,2021-07-16,166,3212,3378
813,2021-07-17,70,2239,2309
813,2021-07-18,23,1847,1870
813,2021-07-19,157,3013,3170
813,2021-07-20,169,3262,3431
813,2021-07-21,187,3231,3418
813,2021-07-22,172,3286,3458
813,2021-07-23,206,3360,3566
813,2021-07-24,74,2115,2189
813,2021-07-25,22,1637,1659
813,2021-07-26,122,2970,3092
813,2021-07-27,195,3250,3445
813,2021-07-28,137,3158,3295
813,2021-07-29,116,2920,3036
813,2021-07-30,116,2760,2876
813,2021-07-31,67,2158,2225
813,2021-08-01,34,1700,1734
813,2021-08-02,132,2562,2694
813,2021-08-03,125,2788,2913
813,2021-08-04,93,2671,2764
813,2021-08-05,120,2660,2780
813,2021-08-06,125,2681,2806
813,2021-08-07,53,1966,2019
813,2021-08-08,19,1550,1569
813,2021-08-09,120,2412,2532
813,2021-08-10,169,2651,2820
813,2021-08-11,141,2623,2764
813,2021-08-12,144,2618,2762
813,2021-08-13,123,2718,2841
813,2021-08-14,103,2008,2111
813,2021-08-15,75,1721,1796
813,2021-08-16,149,2365,2514
813,2021-08-17,179,3001,3180
813,2021-08-18,137,3017,3154
813,2021-08-19,147,3026,3173
813,2021-08-20,129,2635,2764
813,2021-08-21,96,2108,2204
813,2021-08-22,32,1562,1594
813,2021-08-23,129,2709,2838
813,2021-08-24,187,2852,3039
813,2021-08-25,197,2843,3040
813,2021-08-26,235,2769,3004
813,2021-08-27,169,2873,3042
813,2021-08-28,55,1937,1992
813,2021-08-29,32,1574,1606
813,2021-08-30,143,2749,2892
813,2021-08-31,156,2873,3029
813,2021-09-01,197,3010,3207
813,2021-09-02,179,3013,3192
813,2021-09-03,193,3204,3397
813,2021-09-04,9,256,265
813,2021-09-05,11,379,390
813,2021-09-06,189,3021,3210
813,2021-09-07,193,3324,3517
813,2021-09-08,169,3283,3452
813,2021-09-09,154,3101,3255
813,2021-09-10,171,3037,3208
813,2021-09-11,75,2214,2289
813,2021-09-12,50,1869,1919
813,2021-09-13,187,3149,3336
813,2021-09-14,213,3477,3690
813,2021-09-15,152,3416,3568
813,2021-09-16,207,3373,3580
813,2021-09-17,192,3629,3821
813,2021-09-18,114,2532,2646
813,2021-09-19,45,2056,2101
813,2021-09-20,231,3859,4090
813,2021-09-21,241,3708,3949
813,2021-09-22,249,3618,3867
813,2021-09-23,229,3630,3859
813,2021-09-24,225,3599,3824
813,2021-09-25,131,2711,2842
813,2021-09-26,42,2003,2045
813,2021-09-27,210,3127,3337
813,2021-09-28,243,3610,3853
813,2021-09-29,236,3776,4012
813,2021-09-30,289,4143,4432
813,2021-10-01,257,4120,4377
813,2021-10-02,121,2583,2704
813,2021-10-03,40,2192,2232
813,2021-10-04,210,3315,3525
813,2021-10-05,202,3532,3734
813,2021-10-06,196,3403,3599
813,2021-10-07,227,3571,3798
813,2021-10-08,204,3663,3867
813,2021-10-09,206,2407,2613
813,2021-10-10,51,1959,2010
813,2021-10-11,184,3273,3457
813,2021-10-12,227,3353,3580
813,2021-10-13,238,3317,3555
813,2021-10-14,254,3554,3808
813,2021-10-15,282,3689,3971
813,2021-10-16,155,2453,2608
813,2021-10-17,81,2000,2081
813,2021-10-18,249,3257,3506
813,2021-10-19,203,3419,3622
813,2021-10-20,180,3332,3512
813,2021-10-21,185,3405,3590
813,2021-10-22,212,3560,3772
813,2021-10-23,122,2298,2420
813,2021-10-24,64,1852,1916
813,2021-10-25,225,3126,3351
813,2021-10-26,253,3502,3755
813,2021-10-27,237,3289,3526
813,2021-10-28,259,3479,3738
813,2021-10-29,251,3474,3725
813,2021-10-30,105,2234,2339
813,2021-11-01,59,1554,1613
813,2021-11-02,172,2308,2480
813,2021-11-03,164,2162,2326
813,2021-11-04,184,2201,2385
813,2021-11-05,216,2887,3103
813,2021-11-06,110,2156,2266
813,2021-11-07,53,1656,1709
813,2021-11-08,221,3158,3379
813,2021-11-09,212,3320,3532
813,2021-11-10,269,3184,3453
813,2021-11-11,225,3267,3492
813,2021-11-12,237,3274,3511
813,2021-11-13,101,2143,2244
813,2021-11-14,44,1610,1654
813,2021-11-15,208,3058,3266
813,2021-11-16,211,3320,3531
813,2021-11-17,223,3267,3490
813,2021-11-18,225,3380,3605
813,2021-11-19,212,3245,3457
813,2021-11-20,128,2218,2346
813,2021-11-21,50,1738,1788
813,2021-11-22,206,2965,3171
813,2021-11-23,263,3207,3470
813,2021-11-24,244,3107,3351
813,2021-11-25,230,3356,3586
813,2021-11-26,244,3202,3446
813,2021-11-27,117,2122,2239
813,2021-11-28,47,1560,1607
813,2021-11-29,213,2928,3141
813,2021-11-30,176,3167,3343
813,2021-12-01,182,3107,3289
813,2021-12-02,184,3250,3434
813,2021-12-03,197,3365,3562
813,2021-12-04,97,2068,2165
813,2021-12-05,56,1708,1764
813,2021-12-06,183,2857,3040
813,2021-12-07,237,3128,3365
813,2021-12-08,215,3082,3297
813,2021-12-09,204,3237,3441
813,2021-12-10,178,3052,3230
813,2021-12-11,101,2086,2187
813,2021-12-12,49,1501,1550
813,2021-12-13,189,2955,3144
813,2021-12-14,229,3198,3427
813,2021-12-15,196,3249,3445
813,2021-12-16,195,3344,3539
813,2021-12-17,183,3182,3365
813,2021-12-18,108,2053,2161
813,2021-12-19,51,1523,1574
813,2021-12-20,146,2463,2609
813,2021-12-21,159,2605,2764
813,2021-12-22,146,2436,2582
813,2021-12-23,134,2431,2565
813,2021-12-24,85,1978,2063
813,2021-12-25,32,1148,1180
813,2021-12-26,32,1188,1220
813,2021-12-27,103,1698,1801
813,2021-12-28,110,1755,1865
813,2021-12-29,104,1994,2098
813,2021-12-30,108,1964,2072
813,2021-12-31,79,1800,1879
816,2021-01-01,18,2365,2383
816,2021-01-02,106,3972,4078
816,2021-01-03,28,4000,4028
816,2021-01-04,206,4297,4503
816,2021-01-05,228,4695,4923
816,2021-01-06,256,4508,4764
816,2021-01-07,281,4782,5063
816,2021-01-08,305,5065,5370
816,2021-01-09,138,4811,4949
816,2021-01-10,18,5002,5020
816,2021-01-11,438,5851,6289
816,2021-01-12,428,6162,6590
816,2021-01-13,495,6031,6526
816,2021-01-14,417,5635,6052
816,2021-01-15,389,5980,6369
816,2021-01-16,164,4671,4835
816,2021-01-17,33,3423,3456
816,2021-01-18,384,5747,6131
816,2021-01-19,467,6103,6570
816,2021-01-20,512,6036,6548
816,2021-01-21,539,6347,6886
816,2021-01-22,494,6380,6874
816,2021-01-23,161,4175,4336
816,2021-01-24,41,2682,2723
816,2021-01-25,477,5804,6281
816,2021-01-26,557,6105,6662
816,2021-01-27,501,6068,6569
816,2021-01-28,425,6476,6901
816,2021-01-29,453,6661,7114
816,2021-01-30,131,4479,4610
816,2021-01-31,40,2859,2899
816,2021-02-01,492,6099,6591
816,2021-02-02,578,6321,6899
816,2021-02-03,480,6244,6724
816,2021-02-04,529,6471,7000
816,2021-02-05,509,6596,7105
816,2021-02-06,186,4271,4457
816,2021-02-07,36,2872,2908
816,2021-02-08,581,5497,6078
816,2021-02-09,525,5788,6313
816,2021-02-10,517,5791,6308
816,2021-02-11,535,5940,6475
816,2021-02-12,566,5888,6454
816,2021-02-13,204,4468,4672
816,2021-02-14,44,3186,3230
816,2021-02-15,402,4281,4683
816,2021-02-16,445,4742,5187
816,2021-02-17,512,4750,5262
816,2021-02-18,491,4725,5216
816,2021-02-19,514,5237,5751
816,2021-02-20,190,4713,4903
816,2021-02-21,40,4047,4087
816,2021-02-22,558,5931,6489
816,2021-02-23,571,6414,6985
816,2021-02-24,613,6314,6927
816,2021-02-25,619,6515,7134
816,2021-02-26,603,6559,7162
816,2021-02-27,231,4622,4853
816,2021-02-28,37,3393,3430
816,2021-03-01,580,6057,6637
816,2021-03-02,572,6196,6768
816,2021-03-03,671,6247,6918
816,2021-03-04,610,6331,6941
816,2021-03-05,584,6274,6858
816,2021-03-06,252,4892,5144
816,2021-03-07,51,3763,3814
816,2021-03-08,660,5927,6587
816,2021-03-09,638,6191,6829
816,2021-03-10,629,6249,6878
816,2021-03-11,606,6122,6728
816,2021-03-12,573,6508,7081
816,2021-03-13,170,4426,4596
816,2021-03-14,30,2842,2872
816,2021-03-15,578,5944,6522
816,2021-03-16,569,6070,6639
816,2021-03-17,588,6100,6688
816,2021-03-18,723,6213,6936
816,2021-03-19,661,6400,7061
816,2021-03-20,247,4639,4886
816,2021-03-21,40,3080,3120
816,2021-03-22,585,5829,6414
816,2021-03-23,636,6426,7062
816,2021-03-24,585,6270,6855
816,2021-03-25,579,6337,6916
816,2021-03-26,589,6445,7034
816,2021-03-27,226,4411,4637
816,2021-03-29,553,6186,6739
816,2021-03-30,590,6621,7211
816,2021-03-31,577,6652,7229
816,2021-04-01,604,6720,7324
816,2021-04-02,562,6677,7239
816,2021-04-03,244,4707,4951
816,2021-04-04,31,3538,3569
816,2021-04-05,40,2637,2677
816,2021-04-06,474,5591,6065
816,2021-04-07,512,5499,6011
816,2021-04-08,557,5733,6290
816,2021-04-09,539,5806,6345
816,2021-04-10,288,4095,4383
816,2021-04-11,34,2604,2638
816,2021-04-12,631,5300,5931
816,2021-04-13,597,5762,6359
816,2021-04-14,547,5644,6191
816,2021-04-15,615,5973,6588
816,2021-04-16,570,5954,6524
816,2021-04-17,251,4716,4967
816,2021-04-18,42,3009,3051
816,2021-04-19,580,5911,6491
816,2021-04-20,586,6218,6804
816,2021-04-21,610,6148,6758
816,2021-04-22,600,6247,6847
816,2021-04-23,580,6446,7026
816,2021-04-24,230,4949,5179
816,2021-04-25,45,4009,4054
816,2021-04-26,538,6048,6586
816,2021-04-27,616,6311,6927
816,2021-04-28,575,6394,6969
816,2021-04-29,565,6403,6968
816,2021-04-30,529,6595,7124
816,2021-05-01,75,3602,3677
816,2021-05-02,61,3423,3484
816,2021-05-03,547,6097,6644
816,2021-05-04,527,6358,6885
816,2021-05-05,561,6469,7030
816,2021-05-06,545,6248,6793
816,2021-05-07,559,6445,7004
816,2021-05-08,202,4604,4806
816,2021-05-09,114,4155,4269
816,2021-05-10,569,5860,6429
816,2021-05-11,636,6128,6764
816,2021-05-12,630,6670,7300
816,2021-05-13,99,3207,3306
816,2021-05-14,447,5867,6314
816,2021-05-15,208,4182,4390
816,2021-05-16,100,3107,3207
816,2021-05-17,611,5979,6590
816,2021-05-18,673,6241,6914
816,2021-05-19,579,6204,6783
816,2021-05-20,649,6417,7066
816,2021-05-21,620,6506,7126
816,2021-05-22,239,4333,4572
816,2021-05-23,72,3128,3200
816,2021-05-24,93,2648,2741
816,2021-05-25,612,5560,6172
816,2021-05-26,586,5481,6067
816,2021-05-27,661,5571,6232
816,2021-05-28,577,5691,6268
816,2021-05-29,352,4522,4874
816,2021-05-30,184,4065,4249
816,2021-05-31,145,1321,1466
816,2021-06-02,66,1119,1185
816,2021-06-03,626,5582,6208
816,2021-06-04,641,6388,7029
816,2021-06-05,255,4555,4810
816,2021-06-06,66,3436,3502
816,2021-06-07,573,5968,6541
816,2021-06-08,644,6221,6865
816,2021-06-09,633,6363,6996
816,2021-06-10,630,6408,7038
816,2021-06-11,561,6597,7158
816,2021-06-12,279,5290,5569
816,2021-06-13,102,4533,4635
816,2021-06-14,612,6096,6708
816,2021-06-15,607,6431,7038
816,2021-06-16,648,6191,6839
816,2021-06-17,590,6364,6954
816,2021-06-18,558,6467,7025
816,2021-06-19,338,5007,5345
816,2021-06-20,80,3518,3598
816,2021-06-21,570,5960,6530
816,2021-06-22,593,6342,6935
816,2021-06-23,105,3104,3209
816,2021-06-24,545,6315,6860
816,2021-06-25,475,6107,6582
816,2021-06-26,241,4619,4860
816,2021-06-27,84,3449,3533
816,2021-06-28,524,5989,6513
816,2021-06-29,597,6287,6884
816,2021-06-30,582,6137,6719
816,2021-07-01,588,6331,6919
816,2021-07-02,560,6581,7141
816,2021-07-03,281,4522,4803
816,2021-07-04,76,3272,3348
816,2021-07-05,590,5978,6568
816,2021-07-06,674,6001,6675
816,2021-07-07,594,6194,6788
816,2021-07-08,613,6063,6676
816,2021-07-09,577,6430,7007
816,2021-07-10,274,4833,5107
816,2021-07-11,88,3741,3829
816,2021-07-12,592,5804,6396
816,2021-07-13,521,5998,6519
816,2021-07-14,514,5990,6504
816,2021-07-15,490,5912,6402
816,2021-07-16,550,6113,6663
816,2021-07-17,238,4552,4790
816,2021-07-18,95,3949,4044
816,2021-07-19,574,5822,6396
816,2021-07-20,602,5994,6596
816,2021-07-21,652,5996,6648
816,2021-07-22,562,5952,6514
816,2021-07-23,636,5969,6605
816,2021-07-24,222,4050,4272
816,2021-07-25,61,3170,3231
816,2021-07-26,543,5304,5847
816,2021-07-27,570,5431,6001
816,2021-07-28,482,5938,6420
816,2021-07-29,486,5736,6222
816,2021-07-30,366,5609,5975
816,2021-07-31,224,4309,4533
816,2021-08-01,104,3415,3519
816,2021-08-02,339,4768,5107
816,2021-08-03,321,4994,5315
816,2021-08-04,324,5026,5350
816,2021-08-05,287,5103,5390
816,2021-08-06,314,5031,5345
816,2021-08-07,189,3804,3993
816,2021-08-08,65,2806,2871
816,2021-08-09,325,4575,4900
816,2021-08-10,337,4868,5205
816,2021-08-11,317,5083,5400
816,2021-08-12,360,5070,5430
816,2021-08-13,340,5135,5475
816,2021-08-14,250,4219,4469
816,2021-08-15,140,3704,3844
816,2021-08-16,283,4427,4710
816,2021-08-17,366,4422,4788
816,2021-08-18,327,4471,4798
816,2021-08-19,310,4773,5083
816,2021-08-20,305,4982,5287
816,2021-08-21,199,4484,4683
816,2021-08-22,67,3155,3222
816,2021-08-23,386,4981,5367
816,2021-08-24,468,5055,5523
816,2021-08-25,543,5238,5781
816,2021-08-26,508,5080,5588
816,2021-08-27,500,5147,5647
816,2021-08-28,201,3750,3951
816,2021-08-29,86,3119,3205
816,2021-08-30,546,4916,5462
816,2021-08-31,487,5228,5715
816,2021-09-01,564,5267,5831
816,2021-09-02,543,5360,5903
816,2021-09-03,471,5606,6077
816,2021-09-04,102,389,491
816,2021-09-05,39,797,836
816,2021-09-06,541,5326,5867
816,2021-09-07,568,5653,6221
816,2021-09-08,566,5852,6418
816,2021-09-09,579,5606,6185
816,2021-09-10,537,5642,6179
816,2021-09-11,269,4290,4559
816,2021-09-12,139,3592,3731
816,2021-09-13,662,5809,6471
816,2021-09-14,602,6240,6842
816,2021-09-15,577,6604,7181
816,2021-09-16,643,6266,6909
816,2021-09-17,687,6661,7348
816,2021-09-18,287,4956,5243
816,2021-09-19,101,3848,3949
816,2021-09-20,637,6333,6970
816,2021-09-21,691,6758,7449
816,2021-09-22,716,6660,7376
816,2021-09-23,649,6901,7550
816,2021-09-24,657,6941,7598
816,2021-09-25,347,5420,5767
816,2021-09-26,126,3483,3609
816,2021-09-27,646,6280,6926
816,2021-09-28,647,6493,7140
816,2021-09-29,182,1465,1647
816,2021-09-30,48,112,160
816,2021-10-01,81,1808,1889
816,2021-10-02,323,4360,4683
816,2021-10-03,122,3086,3208
816,2021-10-04,633,6235,6868
816,2021-10-05,663,6338,7001
816,2021-10-06,727,6305,7032
816,2021-10-07,692,6733,7425
816,2021-10-08,674,6837,7511
816,2021-10-09,374,5017,5391
816,2021-10-10,106,3860,3966
816,2021-10-11,658,6236,6894
816,2021-10-12,769,6488,7257
816,2021-10-13,827,6425,7252
816,2021-10-14,715,6681,7396
816,2021-10-15,747,6996,7743
816,2021-10-16,343,5239,5582
816,2021-10-17,115,3806,3921
816,2021-10-18,661,6316,6977
816,2021-10-19,724,6620,7344
816,2021-10-20,624,6603,7227
816,2021-10-21,710,6594,7304
816,2021-10-22,662,6992,7654
816,2021-10-23,283,4986,5269
816,2021-10-24,121,3897,4018
816,2021-10-25,690,6284,6974
816,2021-10-26,656,6686,7342
816,2021-10-27,699,6715,7414
816,2021-10-28,686,7048,7734
816,2021-10-29,672,7030,7702
816,2021-10-30,313,4554,4867
816,2021-11-01,112,3232,3344
816,2021-11-02,573,5864,6437
816,2021-11-03,612,5696,6308
816,2021-11-04,625,5800,6425
816,2021-11-05,611,5944,6555
816,2021-11-06,256,4335,4591
816,2021-11-12,523,6836,7359
816,2021-11-13,264,4535,4799
816,2021-11-14,109,3250,3359
816,2021-11-15,672,6129,6801
816,2021-11-16,655,6380,7035
816,2021-11-17,668,6393,7061
816,2021-11-18,711,6680,7391
816,2021-11-19,713,6885,7598
816,2021-11-20,311,4830,5141
816,2021-11-21,107,3258,3365
816,2021-11-22,725,6189,6914
816,2021-11-23,752,6400,7152
816,2021-11-24,662,6352,7014
816,2021-11-25,695,6548,7243
816,2021-11-26,584,6751,7335
816,2021-11-27,279,4527,4806
816,2021-11-28,116,3219,3335
816,2021-11-29,614,5978,6592
816,2021-11-30,705,6207,6912
816,2021-12-01,652,6226,6878
816,2021-12-02,627,6321,6948
816,2021-12-03,638,6425,7063
816,2021-12-04,266,4440,4706
816,2021-12-05,116,3299,3415
816,2021-12-06,686,5955,6641
816,2021-12-07,673,6329,7002
816,2021-12-08,583,6309,6892
816,2021-12-09,627,6459,7086
816,2021-12-10,620,6369,6989
816,2021-12-11,303,4564,4867
816,2021-12-12,123,3182,3305
816,2021-12-13,641,5885,6526
816,2021-12-14,651,6384,7035
816,2021-12-15,598,6349,6947
816,2021-12-16,568,6502,7070
816,2021-12-17,457,6560,7017
816,2021-12-18,220,4299,4519
816,2021-12-19,103,2937,3040
816,2021-12-20,331,4678,5009
816,2021-12-21,355,5144,5499
816,2021-12-22,321,5177,5498
816,2021-12-23,300,5109,5409
816,2021-12-24,198,4262,4460
816,2021-12-25,79,2803,2882
816,2021-12-26,97,2570,2667
816,2021-12-27,213,3985,4198
816,2021-12-28,248,4052,4300
816,2021-12-29,238,4334,4572
816,2021-12-30,229,4367,4596
816,2021-12-31,228,3947,4175
818,2021-01-01,15,1538,1553
818,2021-01-02,123,2469,2592
818,2021-01-03,18,2503,2521
818,2021-01-04,179,2648,2827
818,2021-01-05,189,2821,3010
818,2021-01-06,212,2775,2987
818,2021-01-07,220,2801,3021
818,2021-01-08,214,2957,3171
818,2021-01-09,138,3016,3154
818,2021-01-10,25,3616,3641
818,2021-01-11,329,3729,4058
818,2021-01-12,313,3827,4140
818,2021-01-13,361,3761,4122
818,2021-01-14,313,3541,3854
818,2021-01-15,318,3649,3967
818,2021-01-16,151,2931,3082
818,2021-01-17,25,2350,2375
818,2021-01-18,315,3627,3942
818,2021-01-19,349,3860,4209
818,2021-01-20,382,3893,4275
818,2021-01-21,393,3936,4329
818,2021-01-22,462,4343,4805
818,2021-01-23,154,2558,2712
818,2021-01-24,33,1665,1698
818,2021-01-25,360,3636,3996
818,2021-01-26,392,3826,4218
818,2021-01-27,389,3792,4181
818,2021-01-28,324,4021,4345
818,2021-01-29,315,4146,4461
818,2021-01-30,128,2635,2763
818,2021-01-31,32,1701,1733
818,2021-02-01,331,3805,4136
818,2021-02-02,358,4034,4392
818,2021-02-03,321,3854,4175
818,2021-02-04,356,3981,4337
818,2021-02-05,377,3991,4368
818,2021-02-06,167,2604,2771
818,2021-02-07,27,1775,1802
818,2021-02-08,416,3310,3726
818,2021-02-09,366,3465,3831
818,2021-02-10,344,3589,3933
818,2021-02-11,363,3642,4005
818,2021-02-12,348,3619,3967
818,2021-02-13,194,2717,2911
818,2021-02-14,32,1958,1990
818,2021-02-15,295,2772,3067
818,2021-02-16,317,3079,3396
818,2021-02-17,324,3076,3400
818,2021-02-18,279,3090,3369
818,2021-02-19,331,3356,3687
818,2021-02-20,149,2908,3057
818,2021-02-21,14,2576,2590
818,2021-02-22,393,3699,4092
818,2021-02-23,368,4110,4478
818,2021-02-24,422,4090,4512
818,2021-02-25,455,4112,4567
818,2021-02-26,448,4221,4669
818,2021-02-27,221,2959,3180
818,2021-02-28,30,2115,2145
818,2021-03-02,391,3968,4359
818,2021-03-03,388,4097,4485
818,2021-03-04,383,4012,4395
818,2021-03-05,358,4066,4424
818,2021-03-06,220,3208,3428
818,2021-03-07,38,2385,2423
818,2021-03-08,422,3826,4248
818,2021-03-09,436,3898,4334
818,2021-03-10,396,3996,4392
818,2021-03-11,352,4048,4400
818,2021-03-12,357,4166,4523
818,2021-03-13,154,2711,2865
818,2021-03-14,23,1772,1795
818,2021-03-15,380,3890,4270
818,2021-03-16,352,3866,4218
818,2021-03-17,378,4002,4380
818,2021-03-18,456,4030,4486
818,2021-03-19,464,4138,4602
818,2021-03-20,210,3044,3254
818,2021-03-21,30,2000,2030
818,2021-03-22,407,3824,4231
818,2021-03-23,405,4161,4566
818,2021-03-24,398,4202,4600
818,2021-03-25,390,4135,4525
818,2021-03-26,400,4246,4646
818,2021-03-27,207,2829,3036
818,2021-03-29,401,4163,4564
818,2021-03-30,396,4266,4662
818,2021-03-31,375,4504,4879
818,2021-04-01,357,4536,4893
818,2021-04-02,407,4263,4670
818,2021-04-03,218,2981,3199
818,2021-04-04,26,2232,2258
818,2021-04-05,27,1642,1669
818,2021-04-06,467,3998,4465
818,2021-04-07,402,3909,4311
818,2021-04-08,448,3823,4271
818,2021-04-09,398,3859,4257
818,2021-04-10,201,2619,2820
818,2021-04-11,22,1632,1654
818,2021-04-12,356,3539,3895
818,2021-04-13,382,3752,4134
818,2021-04-14,361,3834,4195
818,2021-04-15,385,3914,4299
818,2021-04-16,411,3845,4256
818,2021-04-17,231,2953,3184
818,2021-04-18,31,1941,1972
818,2021-04-19,368,3971,4339
818,2021-04-20,385,4013,4398
818,2021-06-01,220,2619,2839
818,2021-06-02,307,2766,3073
818,2021-06-03,262,4077,4339
818,2021-06-04,279,4118,4397
818,2021-06-05,146,2932,3078
818,2021-06-06,59,2186,2245
818,2021-06-07,304,3954,4258
818,2021-06-08,287,4222,4509
818,2021-06-09,269,4308,4577
818,2021-06-10,286,4324,4610
818,2021-06-11,264,4353,4617
818,2021-06-12,156,3325,3481
818,2021-06-13,66,2914,2980
818,2021-06-14,263,4203,4466
818,2021-06-15,264,4295,4559
818,2021-06-16,257,4291,4548
818,2021-06-17,262,4324,4586
818,2021-06-18,256,4357,4613
818,2021-06-19,148,3139,3287
818,2021-06-20,56,2214,2270
818,2021-06-21,270,4151,4421
818,2021-06-22,318,4257,4575
818,2021-06-23,85,1954,2039
818,2021-06-24,333,4474,4807
818,2021-06-26,174,2936,3110
818,2021-06-27,71,2192,2263
818,2021-06-28,346,3915,4261
818,2021-06-29,383,4041,4424
818,2021-06-30,380,5168,5548
818,2021-07-01,381,4238,4619
818,2021-07-02,367,4449,4816
818,2021-07-03,182,2987,3169
818,2021-07-04,65,1965,2030
818,2021-07-05,358,4003,4361
818,2021-07-06,415,4036,4451
818,2021-07-07,377,4284,4661
818,2021-07-08,381,4300,4681
818,2021-07-09,417,4252,4669
818,2021-07-10,182,3292,3474
818,2021-07-11,67,2371,2438
818,2021-07-12,361,3879,4240
818,2021-07-13,336,4126,4462
818,2021-07-14,369,3853,4222
818,2021-07-15,268,3537,3805
818,2021-07-16,366,4111,4477
818,2021-07-17,177,2898,3075
818,2021-07-18,73,2532,2605
818,2021-07-19,384,3873,4257
818,2021-07-20,435,3998,4433
818,2021-07-21,418,4058,4476
818,2021-07-22,349,4076,4425
818,2021-07-23,386,3968,4354
818,2021-07-24,183,2670,2853
818,2021-07-25,68,1889,1957
818,2021-07-26,366,3617,3983
818,2021-07-27,347,3544,3891
818,2021-07-28,308,3918,4226
818,2021-07-29,293,3886,4179
818,2021-07-30,238,3602,3840
818,2021-07-31,171,2718,2889
818,2021-08-01,72,2223,2295
818,2021-08-02,237,3218,3455
818,2021-08-03,240,3301,3541
818,2021-08-04,240,3388,3628
818,2021-08-05,221,3378,3599
818,2021-08-06,224,3177,3401
818,2021-08-07,165,2350,2515
818,2021-08-08,65,1734,1799
818,2021-08-09,227,2957,3184
818,2021-08-10,246,3166,3412
818,2021-08-11,232,3280,3512
818,2021-08-12,220,3359,3579
818,2021-08-13,223,3252,3475
818,2021-08-14,167,2727,2894
818,2021-08-15,89,2306,2395
818,2021-08-16,229,2922,3151
818,2021-08-17,332,4128,4460
818,2021-08-18,341,4273,4614
818,2021-08-19,322,4259,4581
818,2021-08-20,245,3249,3494
818,2021-08-21,155,3137,3292
818,2021-08-22,87,2110,2197
818,2021-08-23,271,3253,3524
818,2021-08-24,283,3430,3713
818,2021-08-25,300,3583,3883
818,2021-08-26,322,3443,3765
818,2021-08-27,318,3387,3705
818,2021-08-28,180,3176,3356
818,2021-08-29,67,2620,2687
818,2021-08-30,322,3331,3653
818,2021-08-31,312,3504,3816
818,2021-09-01,355,3614,3969
818,2021-09-02,364,3764,4128
818,2021-09-03,389,3890,4279
818,2021-09-04,164,1853,2017
818,2021-09-05,71,1610,1681
818,2021-09-06,383,3592,3975
818,2021-09-07,409,3965,4374
818,2021-09-08,385,3987,4372
818,2021-09-09,397,3765,4162
818,2021-09-10,382,3704,4086
818,2021-09-11,196,2698,2894
818,2021-09-12,119,2147,2266
818,2021-09-13,430,3799,4229
818,2021-09-14,402,3966,4368
818,2021-09-15,407,3996,4403
818,2021-09-16,401,3842,4243
818,2021-09-17,453,4367,4820
818,2021-09-18,246,2915,3161
818,2021-09-19,105,2265,2370
818,2021-09-20,514,3997,4511
818,2021-09-21,548,4330,4878
818,2021-09-22,530,4311,4841
818,2021-09-23,475,4395,4870
818,2021-09-24,456,4286,4742
818,2021-09-25,299,3276,3575
818,2021-09-26,111,2096,2207
818,2021-09-27,446,4145,4591
818,2021-09-28,428,4288,4716
818,2021-09-29,435,3130,3565
818,2021-09-30,419,2599,3018
818,2021-10-01,369,3014,3383
818,2021-10-02,288,3702,3990
818,2021-10-03,99,2667,2766
818,2021-10-04,460,4265,4725
818,2021-10-05,403,4258,4661
818,2021-10-06,444,4223,4667
818,2021-10-07,440,4420,4860
818,2021-10-08,449,4503,4952
818,2021-10-09,262,3029,3291
818,2021-10-10,94,2312,2406
818,2021-10-11,484,4070,4554
818,2021-10-12,555,4142,4697
818,2021-10-13,526,4224,4750
818,2021-10-14,520,4315,4835
818,2021-10-15,496,4482,4978
818,2021-10-16,249,3170,3419
818,2021-10-17,114,2302,2416
818,2021-10-18,475,4087,4562
818,2021-10-20,442,4086,4528
818,2021-10-21,378,4150,4528
818,2021-10-22,449,4413,4862
818,2021-10-23,244,3091,3335
818,2021-10-24,103,2452,2555
818,2021-10-25,437,4092,4529
818,2021-10-26,419,4280,4699
818,2021-10-27,472,4269,4741
818,2021-10-28,493,4424,4917
818,2021-10-29,419,4442,4861
818,2021-10-30,224,2727,2951
818,2021-11-01,108,1895,2003
818,2021-11-02,421,3637,4058
818,2021-11-03,371,3298,3669
818,2021-11-04,396,3783,4179
818,2021-11-05,412,3816,4228
818,2021-11-06,244,2707,2951
818,2021-11-07,108,1800,1908
818,2021-11-08,471,4037,4508
818,2021-11-09,444,4052,4496
818,2021-11-10,443,4172,4615
818,2021-11-11,469,4251,4720
818,2021-11-12,441,4342,4783
818,2021-11-13,235,2796,3031
818,2021-11-19,556,4359,4915
818,2021-11-20,281,2999,3280
818,2021-11-21,111,1963,2074
818,2021-11-22,576,4077,4653
818,2021-11-23,559,4035,4594
818,2021-11-24,524,4101,4625
818,2021-11-25,573,4133,4706
818,2021-11-26,474,4240,4714
818,2021-11-27,263,2693,2956
818,2021-11-28,115,1962,2077
818,2021-11-29,458,3839,4297
818,2021-11-30,477,3946,4423
818,2021-12-01,460,3964,4424
818,2021-12-02,492,4139,4631
818,2021-12-03,471,3977,4448
818,2021-12-04,241,2637,2878
818,2021-12-05,112,2037,2149
818,2021-12-06,488,3803,4291
818,2021-12-07,441,4047,4488
818,2021-12-08,438,3987,4425
818,2021-12-09,442,4196,4638
818,2021-12-10,401,3985,4386
818,2021-12-11,263,2712,2975
818,2021-12-12,101,1886,1987
818,2021-12-13,417,3870,4287
818,2021-12-14,403,4048,4451
818,2021-12-15,420,4037,4457
818,2021-12-16,374,4296,4670
818,2021-12-17,326,4166,4492
818,2021-12-18,199,2597,2796
818,2021-12-19,99,1850,1949
818,2021-12-20,233,2581,2814
818,2021-12-21,234,3049,3283
818,2021-12-22,235,3186,3421
818,2021-12-23,237,3205,3442
818,2021-12-24,179,2541,2720
818,2021-12-25,81,1649,1730
818,2021-12-26,92,1542,1634
818,2021-12-27,195,2449,2644
818,2021-12-28,191,2581,2772
818,2021-12-29,200,2699,2899
818,2021-12-30,198,2688,2886
818,2021-12-31,194,2397,2591
820,2021-01-01,38,1613,1651
820,2021-01-02,183,2631,2814
820,2021-01-03,34,2395,2429
820,2021-01-04,277,3526,3803
820,2021-01-05,278,3617,3895
820,2021-01-06,305,3559,3864
820,2021-01-07,348,3777,4125
820,2021-01-08,339,3774,4113
820,2021-01-09,206,2994,3200
820,2021-01-10,53,3025,3078
820,2021-01-11,422,4385,4807
820,2021-01-12,335,4184,4519
820,2021-01-13,407,4278,4685
820,2021-01-14,344,3818,4162
820,2021-01-15,386,4083,4469
820,2021-01-16,221,2633,2854
820,2021-01-17,50,2086,2136
820,2021-01-18,428,4217,4645
820,2021-01-19,421,4258,4679
820,2021-01-20,402,4343,4745
820,2021-01-21,389,4550,4939
820,2021-01-22,404,4498,4902
820,2021-01-23,209,2438,2647
820,2021-01-24,58,1876,1934
820,2021-01-25,452,4118,4570
820,2021-01-26,427,4502,4929
820,2021-01-27,423,4149,4572
820,2021-01-28,361,4467,4828
820,2021-01-29,392,4514,4906
820,2021-01-30,205,2592,2797
820,2021-01-31,48,1882,1930
820,2021-02-01,445,4450,4895
820,2021-02-02,451,4510,4961
820,2021-02-03,416,4298,4714
820,2021-02-04,452,4673,5125
820,2021-02-05,467,4584,5051
820,2021-02-06,240,2622,2862
820,2021-02-07,51,1827,1878
820,2021-02-08,449,3973,4422
820,2021-02-09,454,4060,4514
820,2021-02-10,444,4073,4517
820,2021-02-11,450,4177,4627
820,2021-02-12,427,4202,4629
820,2021-02-13,251,2752,3003
820,2021-02-14,37,2110,2147
820,2021-02-15,450,3776,4226
820,2021-02-16,423,4188,4611
820,2021-02-17,423,3901,4324
820,2021-02-18,464,4174,4638
820,2021-02-19,445,4190,4635
820,2021-02-20,258,3145,3403
820,2021-02-21,58,2909,2967
820,2021-02-22,568,4580,5148
820,2021-02-23,530,4663,5193
820,2021-02-24,568,4721,5289
820,2021-02-25,573,4946,5519
820,2021-02-26,554,4913,5467
820,2021-02-27,314,3175,3489
820,2021-02-28,54,2560,2614
820,2021-03-01,544,4636,5180
820,2021-03-02,544,4915,5459
820,2021-03-03,538,4751,5289
820,2021-03-04,473,4865,5338
820,2021-03-05,547,4815,5362
820,2021-03-06,261,3105,3366
820,2021-03-07,58,2637,2695
820,2021-03-08,518,4612,5130
820,2021-03-09,471,4617,5088
820,2021-03-10,488,4656,5144
820,2021-03-11,458,4695,5153
820,2021-03-12,499,4799,5298
820,2021-03-13,224,2647,2871
820,2021-03-14,41,1962,2003
820,2021-03-15,485,4617,5102
820,2021-03-16,533,4818,5351
820,2021-03-17,525,4707,5232
820,2021-03-18,539,4690,5229
820,2021-03-19,578,4786,5364
820,2021-03-20,305,3196,3501
820,2021-03-21,49,2157,2206
820,2021-03-22,641,4479,5120
820,2021-03-23,632,4576,5208
820,2021-03-24,727,4759,5486
820,2021-03-25,583,4788,5371
820,2021-03-26,554,4905,5459
820,2021-03-27,296,2901,3197
820,2021-03-29,529,4924,5453
820,2021-03-30,496,5198,5694
820,2021-03-31,548,5151,5699
820,2021-04-01,619,5199,5818
820,2021-04-02,650,5080,5730
820,2021-04-03,300,3247,3547
820,2021-04-04,52,2488,2540
820,2021-04-05,56,1896,1952
820,2021-04-06,485,4276,4761
820,2021-04-07,448,4204,4652
820,2021-04-08,510,4646,5156
820,2021-04-09,552,4854,5406
820,2021-04-10,267,2711,2978
820,2021-04-11,49,1882,1931
820,2021-04-12,524,4378,4902
820,2021-04-13,506,4549,5055
820,2021-04-14,492,4312,4804
820,2021-04-15,502,4684,5186
820,2021-04-16,534,4575,5109
820,2021-04-17,321,3245,3566
820,2021-04-18,62,2329,2391
820,2021-04-19,510,4892,5402
820,2021-04-20,546,4890,5436
820,2021-04-21,548,4570,5118
820,2021-04-22,544,5055,5599
820,2021-04-23,538,5181,5719
820,2021-04-24,300,3829,4129
820,2021-04-25,67,3477,3544
820,2021-04-26,526,4921,5447
820,2021-04-27,486,5061,5547
820,2021-04-28,503,4892,5395
820,2021-04-29,511,5101,5612
820,2021-04-30,545,5147,5692
820,2021-05-01,118,2842,2960
820,2021-05-02,59,2853,2912
820,2021-05-03,455,4807,5262
820,2021-05-04,476,4751,5227
820,2021-05-05,534,4874,5408
820,2021-05-06,484,5007,5491
820,2021-05-07,525,5049,5574
820,2021-05-08,317,3185,3502
820,2021-05-09,130,3923,4053
820,2021-05-10,572,4741,5313
820,2021-05-11,554,4815,5369
820,2021-05-12,611,5098,5709
820,2021-05-13,241,3099,3340
820,2021-05-14,598,4808,5406
820,2021-05-15,375,3106,3481
820,2021-05-16,120,2454,2574
820,2021-05-17,589,4751,5340
820,2021-05-18,574,5041,5615
820,2021-05-19,543,4961,5504
820,2021-05-20,616,5191,5807
820,2021-05-21,643,5265,5908
820,2021-05-22,334,3086,3420
820,2021-05-23,109,2699,2808
820,2021-05-24,143,2312,2455
820,2021-05-25,544,4698,5242
820,2021-05-26,557,4907,5464
820,2021-05-27,628,5197,5825
820,2021-05-28,557,5322,5879
820,2021-05-29,526,3965,4491
820,2021-05-30,314,4087,4401
820,2021-05-31,587,5315,5902
820,2021-06-01,649,5545,6194
820,2021-06-02,560,5186,5746
820,2021-06-03,538,5375,5913
820,2021-06-04,670,5272,5942
820,2021-06-05,408,3424,3832
820,2021-06-06,103,2867,2970
820,2021-06-07,604,5162,5766
820,2021-06-08,589,5265,5854
820,2021-06-09,561,5495,6056
820,2021-06-10,564,5469,6033
820,2021-06-11,526,5618,6144
820,2021-06-12,272,3731,4003
820,2021-06-13,118,3870,3988
820,2021-06-14,553,4857,5410
820,2021-06-15,539,4836,5375
820,2021-06-16,482,5214,5696
820,2021-06-17,435,5287,5722
820,2021-06-18,423,4775,5198
820,2021-06-19,232,4046,4278
820,2021-06-20,70,2698,2768
820,2021-06-21,433,4335,4768
820,2021-06-22,421,4630,5051
820,2021-06-23,148,2439,2587
820,2021-06-24,468,4357,4825
820,2021-06-25,479,4858,5337
820,2021-06-26,377,3436,3813
820,2021-06-27,91,2582,2673
820,2021-06-28,525,4610,5135
820,2021-06-29,485,4459,4944
820,2021-06-30,503,4374,4877
820,2021-07-01,477,4645,5122
820,2021-07-02,475,4632,5107
820,2021-07-03,250,3259,3509
820,2021-07-04,78,2364,2442
820,2021-07-05,478,4310,4788
820,2021-07-06,410,4409,4819
820,2021-07-07,507,4450,4957
820,2021-07-08,446,4490,4936
820,2021-07-09,417,4539,4956
820,2021-07-10,255,3085,3340
820,2021-07-11,89,2606,2695
820,2021-07-12,412,4251,4663
820,2021-07-13,338,4198,4536
820,2021-07-14,343,4009,4352
820,2021-07-15,329,4179,4508
820,2021-07-16,395,4108,4503
820,2021-07-17,245,2977,3222
820,2021-07-18,103,3207,3310
820,2021-07-19,456,4534,4990
820,2021-07-20,490,4492,4982
820,2021-07-21,502,4758,5260
820,2021-07-22,489,4727,5216
820,2021-07-23,580,5031,5611
820,2021-07-24,245,2683,2928
820,2021-07-25,94,2326,2420
820,2021-07-26,429,3833,4262
820,2021-07-27,468,4187,4655
820,2021-07-28,447,3920,4367
820,2021-07-29,400,4219,4619
820,2021-07-30,402,4195,4597
820,2021-07-31,261,2977,3238
820,2021-08-01,76,2437,2513
820,2021-08-02,338,3316,3654
820,2021-08-03,339,3407,3746
820,2021-08-04,372,3435,3807
820,2021-08-05,365,3599,3964
820,2021-08-06,324,3481,3805
820,2021-08-07,212,2612,2824
820,2021-08-08,107,2116,2223
820,2021-08-09,342,3186,3528
820,2021-08-10,355,3441,3796
820,2021-08-11,338,3638,3976
820,2021-08-12,347,4034,4381
820,2021-08-13,375,3967,4342
820,2021-08-14,388,3677,4065
820,2021-08-15,188,3691,3879
820,2021-08-16,346,3108,3454
820,2021-08-17,314,3219,3533
820,2021-08-18,307,3243,3550
820,2021-08-19,338,3345,3683
820,2021-08-20,342,3721,4063
820,2021-08-21,329,3308,3637
820,2021-08-22,82,2218,2300
820,2021-08-23,386,3510,3896
820,2021-08-24,431,4024,4455
820,2021-08-25,465,4048,4513
820,2021-08-26,420,3894,4314
820,2021-08-27,445,3961,4406
820,2021-08-28,236,2633,2869
820,2021-08-29,86,2059,2145
820,2021-08-30,394,3880,4274
820,2021-08-31,412,4125,4537
820,2021-09-01,433,4034,4467
820,2021-09-02,502,4283,4785
820,2021-09-03,437,4418,4855
820,2021-09-04,301,3317,3618
820,2021-09-05,132,3429,3561
820,2021-09-06,420,4370,4790
820,2021-09-07,481,4482,4963
820,2021-09-08,447,4554,5001
820,2021-09-09,407,4217,4624
820,2021-09-10,361,4265,4626
820,2021-09-11,235,2753,2988
820,2021-09-12,107,2793,2900
820,2021-09-13,521,4243,4764
820,2021-09-14,441,4254,4695
820,2021-09-15,392,4460,4852
820,2021-09-16,432,4611,5043
820,2021-09-17,425,4758,5183
820,2021-09-18,357,3241,3598
820,2021-09-19,104,2552,2656
820,2021-09-20,462,4315,4777
820,2021-09-21,449,4401,4850
820,2021-09-22,446,4271,4717
820,2021-09-23,442,4537,4979
820,2021-09-24,463,4633,5096
820,2021-09-25,262,3290,3552
820,2021-09-26,89,2039,2128
820,2021-09-27,419,4156,4575
820,2021-09-28,392,4581,4973
820,2021-09-29,371,4238,4609
820,2021-09-30,507,4376,4883
820,2021-10-01,476,4559,5035
820,2021-10-02,197,2945,3142
820,2021-10-03,70,1996,2066
820,2021-10-04,414,4463,4877
820,2021-10-05,393,4507,4900
820,2021-10-06,408,4309,4717
820,2021-10-07,447,4593,5040
820,2021-10-08,423,4781,5204
820,2021-10-09,283,3198,3481
820,2021-10-10,232,2540,2772
820,2021-10-11,581,4330,4911
820,2021-10-12,424,4317,4741
820,2021-10-13,423,4371,4794
820,2021-10-14,421,4542,4963
820,2021-10-15,396,4633,5029
820,2021-10-16,223,3018,3241
820,2021-10-17,93,2464,2557
820,2021-10-18,431,4348,4779
820,2021-10-19,422,4569,4991
820,2021-10-20,374,4419,4793
820,2021-10-21,390,4650,5040
820,2021-10-22,389,4768,5157
820,2021-10-23,283,3189,3472
820,2021-10-24,302,2550,2852
820,2021-10-25,424,4421,4845
820,2021-10-26,501,4576,5077
820,2021-10-27,566,4462,5028
820,2021-10-28,538,4515,5053
820,2021-10-29,736,4858,5594
820,2021-10-30,194,2767,2961
820,2021-11-01,111,2256,2367
820,2021-11-02,382,4123,4505
820,2021-11-03,366,3964,4330
820,2021-11-04,344,4154,4498
820,2021-11-05,377,4279,4656
820,2021-11-06,212,2903,3115
820,2021-11-07,84,1975,2059
820,2021-11-08,398,4351,4749
820,2021-11-09,456,4340,4796
820,2021-11-10,527,4366,4893
820,2021-11-11,453,4424,4877
820,2021-11-12,455,4446,4901
820,2021-11-13,193,2691,2884
820,2021-11-14,82,2127,2209
820,2021-11-15,434,4189,4623
820,2021-11-16,421,4497,4918
820,2021-11-17,390,4231,4621
820,2021-11-18,402,4414,4816
820,2021-11-19,389,4418,4807
820,2021-11-20,194,2810,3004
820,2021-11-21,65,1974,2039
820,2021-11-22,366,4181,4547
820,2021-11-23,435,4314,4749
820,2021-11-24,426,4148,4574
820,2021-11-25,425,4367,4792
820,2021-11-26,435,4521,4956
820,2021-11-27,217,2680,2897
820,2021-11-28,96,1778,1874
820,2021-11-29,436,4051,4487
820,2021-11-30,385,4140,4525
820,2021-12-01,385,4088,4473
820,2021-12-02,416,4253,4669
820,2021-12-03,426,4073,4499
820,2021-12-04,196,2488,2684
820,2021-12-05,88,1790,1878
820,2021-12-06,418,3786,4204
820,2021-12-07,413,4139,4552
820,2021-12-08,393,4127,4520
820,2021-12-09,419,4125,4544
820,2021-12-10,391,3960,4351
820,2021-12-11,187,2388,2575
820,2021-12-12,59,1686,1745
820,2021-12-13,396,4031,4427
820,2021-12-14,393,4286,4679
820,2021-12-15,463,4114,4577
820,2021-12-16,404,4403,4807
820,2021-12-17,362,4487,4849
820,2021-12-18,177,2614,2791
820,2021-12-19,59,1744,1803
820,2021-12-20,292,3506,3798
820,2021-12-21,291,3600,3891
820,2021-12-22,284,3292,3576
820,2021-12-23,250,3391,3641
820,2021-12-24,168,2539,2707
820,2021-12-25,37,1409,1446
820,2021-12-26,57,1485,1542
820,2021-12-27,197,2549,2746
820,2021-12-28,231,2725,2956
820,2021-12-29,191,2730,2921
820,2021-12-30,194,2853,3047
820,2021-12-31,142,2548,2690
821,2021-01-02,88,909,997
821,2021-01-03,20,840,860
821,2021-01-04,100,877,977
821,2021-01-05,124,912,1036
821,2021-01-06,131,849,980
821,2021-01-07,110,926,1036
821,2021-01-08,107,947,1054
821,2021-01-09,92,899,991
821,2021-01-10,21,1021,1042
821,2021-01-11,113,1064,1177
821,2021-01-12,55,635,690
821,2021-01-13,112,943,1055
821,2021-01-14,107,879,986
821,2021-01-15,121,953,1074
821,2021-01-16,92,879,971
821,2021-01-17,20,686,706
821,2021-01-18,111,934,1045
821,2021-01-19,119,918,1037
821,2021-01-20,127,1002,1129
821,2021-01-21,119,1032,1151
821,2021-01-22,118,1070,1188
821,2021-01-23,92,685,777
821,2021-01-24,25,610,635
821,2021-01-25,119,972,1091
821,2021-01-26,147,1036,1183
821,2021-01-27,123,976,1099
821,2021-01-28,105,886,991
821,2021-01-29,122,950,1072
821,2021-01-30,105,707,812
821,2021-02-01,128,946,1074
821,2021-02-02,105,945,1050
821,2021-02-03,135,880,1015
821,2021-02-04,146,965,1111
821,2021-02-05,153,1042,1195
821,2021-02-06,112,702,814
821,2021-02-07,21,653,674
821,2021-02-08,155,891,1046
821,2021-02-09,170,949,1119
821,2021-02-10,158,925,1083
821,2021-02-11,157,996,1153
821,2021-02-12,157,955,1112
821,2021-02-13,106,806,912
821,2021-02-14,19,829,848
821,2021-02-15,127,859,986
821,2021-02-16,158,1066,1224
821,2021-02-17,118,932,1050
821,2021-02-18,139,1031,1170
821,2021-02-19,148,1049,1197
821,2021-02-20,115,1095,1210
821,2021-02-21,26,1434,1460
821,2021-02-22,191,1012,1203
821,2021-02-23,233,1112,1345
821,2021-02-24,173,1098,1271
821,2021-02-25,168,1196,1364
821,2021-02-26,179,1113,1292
821,2021-02-27,168,1056,1224
821,2021-02-28,27,1089,1116
821,2021-03-02,193,1199,1392
821,2021-03-03,166,1128,1294
821,2021-03-04,137,1041,1178
821,2021-03-05,172,1089,1261
821,2021-03-06,112,1081,1193
821,2021-03-07,31,1174,1205
821,2021-03-08,181,1075,1256
821,2021-03-09,144,1104,1248
821,2021-03-10,162,1055,1217
821,2021-03-11,146,1093,1239
821,2021-03-12,154,1169,1323
821,2021-03-13,88,1017,1105
821,2021-03-14,11,583,594
821,2021-03-15,147,1029,1176
821,2021-03-16,129,1093,1222
821,2021-03-17,138,1090,1228
821,2021-03-18,158,1107,1265
821,2021-03-19,184,1129,1313
821,2021-03-20,110,1026,1136
821,2021-03-21,20,806,826
821,2021-03-22,177,1060,1237
821,2021-03-23,192,1078,1270
821,2021-03-24,191,1172,1363
821,2021-03-25,172,1114,1286
821,2021-03-26,152,1147,1299
821,2021-03-27,103,879,982
821,2021-03-29,159,1236,1395
821,2021-03-30,164,1372,1536
821,2021-03-31,171,1398,1569
821,2021-04-02,204,1252,1456
821,2021-04-03,131,1139,1270
821,2021-04-04,26,1101,1127
821,2021-04-05,22,624,646
821,2021-04-06,176,1007,1183
821,2021-04-07,163,984,1147
821,2021-04-08,169,1133,1302
821,2021-04-09,208,1332,1540
821,2021-04-10,117,768,885
821,2021-04-11,18,711,729
821,2021-04-12,163,1016,1179
821,2021-04-13,154,1082,1236
821,2021-04-14,170,1067,1237
821,2021-04-15,158,1139,1297
821,2021-04-16,189,1139,1328
821,2021-04-17,132,1118,1250
821,2021-04-18,21,931,952
821,2021-04-19,168,1087,1255
821,2021-04-20,147,1215,1362
821,2021-04-21,179,1135,1314
821,2021-04-22,172,1328,1500
821,2021-04-23,176,1290,1466
821,2021-04-24,121,1446,1567
821,2021-04-25,38,1696,1734
821,2021-04-26,146,1226,1372
821,2021-04-27,151,1238,1389
821,2021-04-28,171,1266,1437
821,2021-04-29,173,1190,1363
821,2021-04-30,199,1265,1464
821,2021-05-01,60,1293,1353
821,2021-05-02,23,1190,1213
821,2021-05-03,159,1220,1379
821,2021-05-04,151,1123,1274
821,2021-05-05,169,1200,1369
821,2021-05-06,159,1145,1304
821,2021-05-07,189,1264,1453
821,2021-05-08,134,1049,1183
821,2021-05-09,74,2020,2094
821,2021-05-10,251,1175,1426
821,2021-05-11,220,1192,1412
821,2021-05-12,257,1296,1553
821,2021-05-13,102,1308,1410
821,2021-05-14,248,1414,1662
821,2021-05-15,178,976,1154
821,2021-05-16,80,901,981
821,2021-05-17,241,1123,1364
821,2021-05-18,277,1191,1468
821,2021-05-19,240,1193,1433
821,2021-05-20,269,1318,1587
821,2021-05-21,265,1342,1607
821,2021-05-22,172,931,1103
821,2021-05-23,85,1170,1255
821,2021-05-24,85,891,976
821,2021-05-25,228,1106,1334
821,2021-05-26,243,1188,1431
821,2021-05-27,242,1331,1573
821,2021-05-28,248,1463,1711
821,2021-05-29,269,1649,1918
821,2021-05-30,194,2121,2315
821,2021-05-31,305,1373,1678
821,2021-06-01,256,1629,1885
821,2021-06-02,244,1354,1598
821,2021-06-03,260,1349,1609
821,2021-06-04,272,1436,1708
821,2021-06-05,196,1247,1443
821,2021-06-06,83,1233,1316
821,2021-06-07,278,1249,1527
821,2021-06-08,298,1359,1657
821,2021-06-09,275,1556,1831
821,2021-06-10,257,1662,1919
821,2021-06-11,212,1730,1942
821,2021-06-12,120,1797,1917
821,2021-06-13,63,2367,2430
821,2021-06-14,183,1653,1836
821,2021-06-15,208,1654,1862
821,2021-06-16,228,2052,2280
821,2021-06-17,171,1984,2155
821,2021-06-18,196,1489,1685
821,2021-06-19,134,1965,2099
821,2021-06-20,55,1450,1505
821,2021-06-21,157,1211,1368
821,2021-06-22,189,1285,1474
821,2021-06-23,54,1030,1084
821,2021-06-24,210,1181,1391
821,2021-06-25,224,1516,1740
821,2021-06-26,118,1522,1640
821,2021-06-27,74,1249,1323
821,2021-06-28,187,1340,1527
821,2021-06-29,164,1209,1373
821,2021-06-30,224,1182,1406
821,2021-07-01,219,1297,1516
821,2021-07-02,209,1423,1632
821,2021-07-03,113,1365,1478
821,2021-07-04,43,1035,1078
821,2021-07-05,177,1252,1429
821,2021-07-06,183,1299,1482
821,2021-07-07,203,1385,1588
821,2021-07-08,211,1320,1531
821,2021-07-09,201,1471,1672
821,2021-07-10,122,1207,1329
821,2021-07-11,46,1300,1346
821,2021-07-12,179,1182,1361
821,2021-07-13,137,1118,1255
821,2021-07-14,126,1133,1259
821,2021-07-15,213,1256,1469
821,2021-07-16,176,1237,1413
821,2021-07-17,124,1184,1308
821,2021-07-18,51,1912,1963
821,2021-07-19,135,1642,1777
821,2021-07-20,156,1630,1786
821,2021-07-21,179,1840,2019
821,2021-07-22,220,1783,2003
821,2021-07-23,221,1979,2200
821,2021-07-24,108,1049,1157
821,2021-07-25,47,1097,1144
821,2021-07-26,156,1137,1293
821,2021-07-27,173,1187,1360
821,2021-07-28,138,1223,1361
821,2021-07-29,159,1322,1481
821,2021-07-30,207,1388,1595
821,2021-07-31,110,1181,1291
821,2021-08-01,42,1204,1246
821,2021-08-02,137,1049,1186
821,2021-08-03,124,910,1034
821,2021-08-04,156,1150,1306
821,2021-08-05,133,1160,1293
821,2021-08-06,119,1091,1210
821,2021-08-07,119,931,1050
821,2021-08-08,45,936,981
821,2021-08-09,151,1063,1214
821,2021-08-10,136,1091,1227
821,2021-08-11,115,1278,1393
821,2021-08-12,141,1710,1851
821,2021-08-13,124,1671,1795
821,2021-08-14,114,2029,2143
821,2021-08-15,76,2206,2282
821,2021-08-16,130,989,1119
821,2021-08-17,130,966,1096
821,2021-08-18,121,987,1108
821,2021-08-19,114,1006,1120
821,2021-08-20,127,1152,1279
821,2021-08-21,114,1541,1655
821,2021-08-22,44,680,724
821,2021-08-23,115,893,1008
821,2021-08-24,153,1245,1398
821,2021-08-25,193,1348,1541
821,2021-08-26,204,1122,1326
821,2021-08-27,182,1177,1359
821,2021-08-28,114,893,1007
821,2021-08-29,33,853,886
821,2021-08-30,160,1012,1172
821,2021-08-31,162,1175,1337
821,2021-09-01,162,1116,1278
821,2021-09-02,178,1266,1444
821,2021-09-03,164,1356,1520
821,2021-09-04,136,1574,1710
821,2021-09-05,52,1895,1947
821,2021-09-06,184,1336,1520
821,2021-09-07,159,1360,1519
821,2021-09-08,160,1338,1498
821,2021-09-09,182,1162,1344
821,2021-09-10,172,1087,1259
821,2021-09-11,102,1005,1107
821,2021-09-12,44,1185,1229
821,2021-09-13,164,1137,1301
821,2021-09-14,158,1070,1228
821,2021-09-15,154,1044,1198
821,2021-09-16,174,1166,1340
821,2021-09-17,214,1239,1453
821,2021-09-18,124,1274,1398
821,2021-09-19,51,1156,1207
821,2021-09-20,189,1164,1353
821,2021-09-21,196,1094,1290
821,2021-09-22,166,1078,1244
821,2021-09-23,180,1125,1305
821,2021-09-24,207,1110,1317
821,2021-09-25,120,1189,1309
821,2021-09-26,49,813,862
821,2021-09-27,172,987,1159
821,2021-09-28,193,1116,1309
821,2021-09-29,167,958,1125
821,2021-09-30,241,1108,1349
821,2021-10-02,78,874,952
821,2021-10-03,28,680,708
821,2021-10-04,175,1015,1190
821,2021-10-05,164,997,1161
821,2021-10-06,146,979,1125
821,2021-10-07,230,1160,1390
821,2021-10-08,176,1226,1402
821,2021-10-09,108,1112,1220
821,2021-10-10,45,1214,1259
821,2021-10-11,211,971,1182
821,2021-10-12,165,1028,1193
821,2021-10-13,176,1026,1202
821,2021-10-14,175,1106,1281
821,2021-10-15,211,1159,1370
821,2021-10-16,80,1027,1107
821,2021-10-17,44,959,1003
821,2021-10-18,183,1056,1239
821,2021-10-19,170,1109,1279
821,2021-10-20,150,1026,1176
821,2021-10-21,102,1004,1106
821,2021-10-22,155,1157,1312
821,2021-10-23,78,1058,1136
821,2021-10-24,64,1070,1134
821,2021-10-25,164,1060,1224
821,2021-10-26,154,1117,1271
821,2021-10-27,161,1031,1192
821,2021-10-28,165,1061,1226
821,2021-10-29,162,1328,1490
821,2021-10-30,75,741,816
821,2021-11-01,33,867,900
821,2021-11-02,99,970,1069
821,2021-11-03,104,898,1002
821,2021-11-04,117,976,1093
821,2021-11-05,101,1068,1169
821,2021-11-06,90,1021,1111
821,2021-11-07,36,752,788
821,2021-11-08,146,1063,1209
821,2021-11-09,147,1029,1176
821,2021-11-10,222,1061,1283
821,2021-11-11,166,1070,1236
821,2021-11-12,194,1220,1414
821,2021-11-13,84,879,963
821,2021-11-14,38,758,796
821,2021-11-15,192,1116,1308
821,2021-11-16,180,1272,1452
821,2021-11-17,153,996,1149
821,2021-11-18,159,1122,1281
821,2021-11-19,158,1093,1251
821,2021-11-20,85,931,1016
821,2021-11-21,31,768,799
821,2021-11-22,172,1031,1203
821,2021-11-23,186,1088,1274
821,2021-11-24,175,1041,1216
821,2021-11-25,175,1138,1313
821,2021-11-26,149,1119,1268
821,2021-11-27,72,734,806
821,2021-11-28,44,685,729
821,2021-11-29,154,1036,1190
821,2021-11-30,133,865,998
821,2021-12-01,124,894,1018
821,2021-12-02,153,1064,1217
821,2021-12-03,136,1054,1190
821,2021-12-04,76,764,840
821,2021-12-05,40,617,657
821,2021-12-06,151,978,1129
821,2021-12-07,150,1049,1199
821,2021-12-08,132,1028,1160
821,2021-12-09,142,1100,1242
821,2021-12-10,141,971,1112
821,2021-12-11,66,776,842
821,2021-12-12,37,610,647
821,2021-12-13,147,934,1081
821,2021-12-14,140,1067,1207
821,2021-12-15,173,1028,1201
821,2021-12-16,211,1190,1401
821,2021-12-17,144,1273,1417
821,2021-12-18,85,861,946
821,2021-12-19,45,727,772
821,2021-12-20,102,947,1049
821,2021-12-21,122,1022,1144
821,2021-12-22,95,971,1066
821,2021-12-23,95,905,1000
821,2021-12-24,60,716,776
821,2021-12-25,30,575,605
821,2021-12-26,35,598,633
821,2021-12-27,73,750,823
821,2021-12-28,82,778,860
821,2021-12-29,63,762,825
821,2021-12-30,74,788,862
821,2021-12-31,63,867,930
822,2021-01-01,10,1022,1032
822,2021-01-02,34,1638,1672
822,2021-01-03,16,1750,1766
822,2021-01-04,70,1356,1426
822,2021-01-05,71,1494,1565
822,2021-01-06,77,1496,1573
822,2021-01-07,99,2073,2172
822,2021-01-08,111,2405,2516
822,2021-01-09,40,2797,2837
822,2021-01-11,142,2190,2332
822,2021-01-12,98,2198,2296
822,2021-01-13,139,2118,2257
822,2021-01-14,101,2020,2121
822,2021-01-15,144,2265,2409
822,2021-01-16,45,2315,2360
822,2021-01-17,15,2342,2357
822,2021-01-18,128,2133,2261
822,2021-01-19,113,2099,2212
822,2021-01-20,215,2156,2371
822,2021-01-21,137,2180,2317
822,2021-01-22,142,2319,2461
822,2021-01-23,53,1432,1485
822,2021-01-24,19,1192,1211
822,2021-01-25,113,2069,2182
822,2021-01-26,152,2135,2287
822,2021-01-27,163,2079,2242
822,2021-01-28,118,2169,2287
822,2021-01-29,130,2205,2335
822,2021-01-30,37,1419,1456
822,2021-01-31,17,1202,1219
822,2021-02-01,120,2144,2264
822,2021-02-02,131,2192,2323
822,2021-02-03,157,2128,2285
822,2021-02-04,145,2291,2436
822,2021-02-05,195,2277,2472
822,2021-02-06,63,1578,1641
822,2021-02-07,21,1164,1185
822,2021-02-08,155,1927,2082
822,2021-02-09,164,1987,2151
822,2021-02-10,162,1939,2101
822,2021-02-11,183,1947,2130
822,2021-02-12,156,2044,2200
822,2021-02-13,38,1609,1647
822,2021-02-14,22,1369,1391
822,2021-02-15,163,1723,1886
822,2021-02-16,171,2057,2228
822,2021-02-17,180,1991,2171
822,2021-02-18,153,2013,2166
822,2021-02-19,161,2072,2233
822,2021-02-20,70,1713,1783
822,2021-02-21,20,1854,1874
822,2021-02-22,190,1979,2169
822,2021-02-23,201,2343,2544
822,2021-02-24,191,2276,2467
822,2021-02-25,214,2281,2495
822,2021-02-26,229,2384,2613
822,2021-02-27,67,1700,1767
822,2021-02-28,22,1695,1717
822,2021-03-02,250,2376,2626
822,2021-03-03,218,2420,2638
822,2021-03-04,228,2262,2490
822,2021-03-05,242,2307,2549
822,2021-03-06,77,2050,2127
822,2021-03-07,18,1906,1924
822,2021-03-08,188,2261,2449
822,2021-03-09,186,2250,2436
822,2021-03-10,200,2208,2408
822,2021-03-11,200,2480,2680
822,2021-03-12,207,2410,2617
822,2021-03-13,49,1503,1552
822,2021-03-14,23,1205,1228
822,2021-03-15,212,2210,2422
822,2021-03-16,215,2329,2544
822,2021-03-17,214,2254,2468
822,2021-03-18,227,2225,2452
822,2021-03-19,252,2328,2580
822,2021-03-20,61,1704,1765
822,2021-03-21,19,1391,1410
822,2021-03-22,247,2202,2449
822,2021-03-23,245,2354,2599
822,2021-03-24,323,2584,2907
822,2021-03-25,254,2387,2641
822,2021-03-26,262,2534,2796
822,2021-03-27,61,1623,1684
822,2021-03-29,178,2370,2548
822,2021-03-30,212,2674,2886
822,2021-03-31,174,2875,3049
822,2021-04-02,194,2534,2728
822,2021-04-03,88,1851,1939
822,2021-04-04,22,1634,1656
822,2021-04-05,29,1201,1230
822,2021-04-06,190,2265,2455
822,2021-04-07,191,2204,2395
822,2021-04-08,209,2311,2520
822,2021-04-09,260,2460,2720
822,2021-04-10,48,1473,1521
822,2021-04-11,11,1242,1253
822,2021-04-12,176,2168,2344
822,2021-04-13,169,2344,2513
822,2021-04-14,205,2258,2463
822,2021-04-15,205,2342,2547
822,2021-04-16,226,2372,2598
822,2021-04-17,81,1961,2042
822,2021-04-18,28,1435,1463
822,2021-04-19,178,2399,2577
822,2021-04-20,196,2466,2662
822,2021-04-21,219,2563,2782
822,2021-04-22,239,2344,2583
822,2021-04-23,224,2603,2827
822,2021-04-24,76,2079,2155
822,2021-04-25,30,2143,2173
822,2021-04-26,186,2425,2611
822,2021-04-27,219,2472,2691
822,2021-04-28,240,2475,2715
822,2021-04-29,191,2541,2732
822,2021-04-30,209,2604,2813
822,2021-05-01,65,1790,1855
822,2021-05-02,31,1687,1718
822,2021-05-03,197,2289,2486
822,2021-05-04,155,2409,2564
822,2021-05-05,183,2495,2678
822,2021-05-06,204,2518,2722
822,2021-05-07,220,2534,2754
822,2021-05-08,78,1867,1945
822,2021-05-09,33,2444,2477
822,2021-05-10,199,2304,2503
822,2021-05-11,186,2482,2668
822,2021-05-12,243,2689,2932
822,2021-05-13,32,1803,1835
822,2021-05-14,150,2245,2395
822,2021-05-15,58,1621,1679
822,2021-05-16,28,1535,1563
822,2021-05-17,207,2290,2497
822,2021-05-18,214,2564,2778
822,2021-05-19,190,2588,2778
822,2021-05-20,179,2581,2760
822,2021-05-21,230,2728,2958
822,2021-05-22,41,1746,1787
822,2021-05-23,24,1570,1594
822,2021-05-24,30,1420,1450
822,2021-05-25,176,2226,2402
822,2021-05-26,137,2006,2143
822,2021-05-27,168,1938,2106
822,2021-05-28,143,1835,1978
822,2021-05-29,43,1530,1573
822,2021-05-30,44,2092,2136
822,2021-05-31,201,2197,2398
822,2021-06-01,209,2517,2726
822,2021-06-02,229,2600,2829
822,2021-06-03,206,2423,2629
822,2021-06-04,251,2546,2797
822,2021-06-05,41,1803,1844
822,2021-06-06,26,1690,1716
822,2021-06-07,180,2399,2579
822,2021-06-08,220,2524,2744
822,2021-06-09,222,2572,2794
822,2021-06-10,214,2708,2922
822,2021-06-11,273,2758,3031
822,2021-06-12,59,2231,2290
822,2021-06-13,30,2230,2260
822,2021-06-14,180,2607,2787
822,2021-06-15,193,2743,2936
822,2021-06-16,221,2821,3042
822,2021-06-17,210,2813,3023
822,2021-06-18,229,2832,3061
822,2021-06-19,66,2074,2140
822,2021-06-20,29,1739,1768
822,2021-06-21,228,2473,2701
822,2021-06-22,207,2419,2626
822,2021-06-23,32,1477,1509
822,2021-06-24,189,2420,2609
822,2021-06-25,220,2715,2935
822,2021-06-26,83,1942,2025
822,2021-06-27,34,1771,1805
822,2021-06-28,189,2442,2631
822,2021-06-29,189,2508,2697
822,2021-06-30,191,2414,2605
822,2021-07-01,214,2455,2669
822,2021-07-02,235,2680,2915
822,2021-07-03,53,1991,2044
822,2021-07-04,20,1436,1456
822,2021-07-05,202,2419,2621
822,2021-07-06,208,2291,2499
822,2021-07-07,178,2441,2619
822,2021-07-08,209,2527,2736
822,2021-07-09,229,2536,2765
822,2021-07-10,88,1985,2073
822,2021-07-11,25,1900,1925
822,2021-07-12,176,2291,2467
822,2021-07-13,137,2231,2368
822,2021-07-14,130,2337,2467
822,2021-07-15,162,2556,2718
822,2021-07-16,198,2602,2800
822,2021-07-17,56,1880,1936
822,2021-07-18,28,2158,2186
822,2021-07-19,193,2393,2586
822,2021-07-20,205,2549,2754
822,2021-07-21,199,2414,2613
822,2021-07-22,161,2207,2368
822,2021-07-23,202,2237,2439
822,2021-07-24,44,1425,1469
822,2021-07-25,19,1488,1507
822,2021-07-26,126,1884,2010
822,2021-07-27,144,1959,2103
822,2021-07-28,136,1906,2042
822,2021-07-29,147,1915,2062
822,2021-07-30,100,1911,2011
822,2021-07-31,67,1383,1450
822,2021-08-01,19,1429,1448
822,2021-08-02,106,1564,1670
822,2021-08-03,85,1564,1649
822,2021-08-04,95,1703,1798
822,2021-08-05,81,1742,1823
822,2021-08-06,87,1695,1782
822,2021-08-07,40,1212,1252
822,2021-08-08,17,1206,1223
822,2021-08-09,79,1557,1636
822,2021-08-10,86,1554,1640
822,2021-08-11,114,1604,1718
822,2021-08-12,96,1702,1798
822,2021-08-13,106,1725,1831
822,2021-08-14,51,1548,1599
822,2021-08-15,44,1612,1656
822,2021-08-16,87,1459,1546
822,2021-08-17,106,1470,1576
822,2021-08-18,89,1571,1660
822,2021-08-19,83,1622,1705
822,2021-08-20,95,1672,1767
822,2021-08-21,38,1689,1727
822,2021-08-22,21,1303,1324
822,2021-08-23,116,1573,1689
822,2021-08-24,141,1748,1889
822,2021-08-25,151,1860,2011
822,2021-08-26,163,1895,2058
822,2021-08-27,191,1789,1980
822,2021-08-28,52,1253,1305
822,2021-09-04,60,1690,1750
822,2021-09-05,32,1604,1636
822,2021-09-06,150,1840,1990
822,2021-09-07,132,1878,2010
822,2021-09-08,125,1926,2051
822,2021-09-09,147,1742,1889
822,2021-09-10,132,1891,2023
822,2021-09-13,147,1878,2025
822,2021-09-14,156,1925,2081
822,2021-09-15,138,2146,2284
822,2021-09-16,182,2081,2263
822,2021-09-17,178,2138,2316
822,2021-09-18,83,1729,1812
822,2021-09-19,30,2084,2114
822,2021-09-20,182,1959,2141
822,2021-09-21,194,2100,2294
822,2021-09-22,183,2073,2256
822,2021-09-23,202,2118,2320
822,2021-09-24,151,2124,2275
822,2021-09-25,67,1803,1870
822,2021-09-26,26,1405,1431
822,2021-09-27,152,1851,2003
822,2021-09-28,157,2058,2215
822,2021-09-29,144,1871,2015
822,2021-09-30,192,1902,2094
822,2021-10-01,144,1970,2114
822,2021-10-02,63,1501,1564
822,2021-10-03,9,1223,1232
822,2021-10-04,124,1916,2040
822,2021-10-05,144,2009,2153
822,2021-10-06,122,1964,2086
822,2021-10-07,158,2023,2181
822,2021-10-08,148,2179,2327
822,2021-10-09,71,1727,1798
822,2021-10-10,37,1662,1699
822,2021-10-11,152,1898,2050
822,2021-10-12,161,1973,2134
822,2021-10-13,181,1975,2156
822,2021-10-14,231,2102,2333
822,2021-10-15,272,2049,2321
822,2021-10-16,50,1452,1502
822,2021-10-17,26,1589,1615
822,2021-10-18,167,1988,2155
822,2021-10-19,141,1940,2081
822,2021-10-20,142,1970,2112
822,2021-10-21,182,1970,2152
822,2021-10-22,155,2146,2301
822,2021-10-23,53,1453,1506
822,2021-10-24,23,1461,1484
822,2021-10-25,158,1940,2098
822,2021-10-26,163,2027,2190
822,2021-10-27,172,2048,2220
822,2021-10-28,171,2121,2292
822,2021-10-29,135,2141,2276
822,2021-10-30,50,1525,1575
822,2021-11-01,10,1234,1244
822,2021-11-02,107,1809,1916
822,2021-11-03,109,1841,1950
822,2021-11-04,157,1720,1877
822,2021-11-05,141,1897,2038
822,2021-11-06,49,1428,1477
822,2021-11-07,25,1227,1252
822,2021-11-08,168,2180,2348
822,2021-11-09,180,2127,2307
822,2021-11-10,236,1970,2206
822,2021-11-11,208,2075,2283
822,2021-11-12,229,2002,2231
822,2021-11-13,44,1442,1486
822,2021-11-19,102,2073,2175
822,2021-11-20,43,1738,1781
822,2021-11-21,16,1504,1520
822,2021-11-22,158,1858,2016
822,2021-11-23,184,1898,2082
822,2021-11-24,153,1987,2140
822,2021-11-25,185,2038,2223
822,2021-11-26,162,1964,2126
822,2021-11-27,35,1333,1368
822,2021-11-28,26,1106,1132
822,2021-11-29,160,1866,2026
822,2021-11-30,152,1789,1941
822,2021-12-01,134,1924,2058
822,2021-12-02,136,1933,2069
822,2021-12-03,176,1953,2129
822,2021-12-04,39,1381,1420
822,2021-12-05,26,1033,1059
822,2021-12-06,148,1710,1858
822,2021-12-07,137,1921,2058
822,2021-12-08,126,1889,2015
822,2021-12-09,147,1994,2141
822,2021-12-10,100,1920,2020
822,2021-12-11,37,1373,1410
822,2021-12-12,18,1075,1093
822,2021-12-13,130,1821,1951
822,2021-12-14,131,1900,2031
822,2021-12-15,163,1955,2118
822,2021-12-16,152,2119,2271
822,2021-12-17,141,2084,2225
822,2021-12-18,55,1290,1345
822,2021-12-19,26,1056,1082
822,2021-12-20,78,1534,1612
822,2021-12-21,89,1447,1536
822,2021-12-22,84,1550,1634
822,2021-12-23,60,1508,1568
822,2021-12-24,37,1213,1250
822,2021-12-25,5,930,935
822,2021-12-26,5,890,895
822,2021-12-27,46,1192,1238
822,2021-12-28,50,1163,1213
822,2021-12-29,48,1330,1378
822,2021-12-30,67,1303,1370
822,2021-12-31,47,1162,1209
902,2021-01-02,206,2375,2581
902,2021-01-03,52,2060,2112
902,2021-01-04,329,3658,3987
902,2021-01-05,328,3898,4226
902,2021-01-06,346,3806,4152
902,2021-01-07,358,3772,4130
902,2021-01-08,377,3900,4277
902,2021-01-09,278,2850,3128
902,2021-01-10,114,2236,2350
902,2021-01-11,458,4691,5149
902,2021-01-12,383,4801,5184
902,2021-01-13,448,4796,5244
902,2021-01-14,453,4576,5029
902,2021-01-15,476,5001,5477
902,2021-01-16,272,3118,3390
902,2021-01-17,116,1938,2054
902,2021-01-18,442,4803,5245
902,2021-01-19,418,4990,5408
902,2021-01-20,493,4987,5480
902,2021-01-21,471,5058,5529
902,2021-01-22,495,5159,5654
902,2021-01-23,284,3302,3586
902,2021-01-24,124,2027,2151
902,2021-01-25,460,4757,5217
902,2021-01-26,459,5095,5554
902,2021-01-27,428,4695,5123
902,2021-01-28,354,5129,5483
902,2021-01-29,393,5449,5842
902,2021-01-30,206,3134,3340
902,2021-01-31,61,1931,1992
902,2021-02-01,423,4964,5387
902,2021-02-02,407,5186,5593
902,2021-02-03,383,4970,5353
902,2021-02-04,427,5193,5620
902,2021-02-05,449,5152,5601
902,2021-02-06,219,3134,3353
902,2021-02-07,49,2078,2127
902,2021-02-08,492,4311,4803
902,2021-02-09,439,4451,4890
902,2021-02-10,414,4424,4838
902,2021-02-11,391,4504,4895
902,2021-02-12,451,4797,5248
902,2021-02-13,268,3367,3635
902,2021-02-14,69,2264,2333
902,2021-02-15,390,3944,4334
902,2021-02-16,427,4757,5184
902,2021-02-17,433,4687,5120
902,2021-02-18,441,4635,5076
902,2021-02-19,452,4763,5215
902,2021-02-20,234,3591,3825
902,2021-02-21,63,2694,2757
902,2021-02-22,438,4735,5173
902,2021-02-23,487,5427,5914
902,2021-02-24,478,5145,5623
902,2021-02-25,457,5407,5864
902,2021-02-26,461,5389,5850
902,2021-02-27,257,3674,3931
902,2021-03-01,454,5020,5474
902,2021-03-02,511,5321,5832
902,2021-03-03,531,5232,5763
902,2021-03-04,470,5290,5760
902,2021-03-05,525,5439,5964
902,2021-03-06,257,3534,3791
902,2021-03-07,62,2612,2674
902,2021-03-08,479,4882,5361
902,2021-03-09,455,5090,5545
902,2021-03-10,466,5090,5556
902,2021-03-11,441,5130,5571
902,2021-03-12,477,5441,5918
902,2021-03-13,234,3398,3632
902,2021-03-14,58,2373,2431
902,2021-03-15,489,4970,5459
902,2021-03-16,531,5098,5629
902,2021-03-17,498,5003,5501
902,2021-03-18,478,5494,5972
902,2021-03-19,533,5310,5843
902,2021-03-20,245,3644,3889
902,2021-03-21,66,2380,2446
902,2021-03-22,517,4946,5463
902,2021-03-23,484,5274,5758
902,2021-03-24,516,5395,5911
902,2021-03-25,560,5338,5898
902,2021-03-26,521,5486,6007
902,2021-03-27,250,3436,3686
902,2021-03-29,634,5461,6095
902,2021-03-30,561,5796,6357
902,2021-03-31,536,5771,6307
902,2021-04-01,577,6016,6593
902,2021-04-02,565,5902,6467
902,2021-04-03,311,4454,4765
902,2021-04-04,120,3137,3257
902,2021-04-05,118,2475,2593
902,2021-04-06,605,5147,5752
902,2021-04-07,546,5304,5850
902,2021-04-08,606,5738,6344
902,2021-04-09,568,5688,6256
902,2021-04-10,302,3879,4181
902,2021-04-11,116,2650,2766
902,2021-04-12,592,5148,5740
902,2021-04-13,623,5651,6274
902,2021-04-14,679,5575,6254
902,2021-04-15,611,5711,6322
902,2021-04-16,592,5612,6204
902,2021-04-17,306,4156,4462
902,2021-04-18,131,3039,3170
902,2021-04-19,610,5290,5900
902,2021-04-20,579,5733,6312
902,2021-04-21,602,5588,6190
902,2021-04-22,606,5833,6439
902,2021-04-23,557,6142,6699
902,2021-04-24,284,4715,4999
902,2021-04-25,85,4046,4131
902,2021-04-26,579,5558,6137
902,2021-04-27,576,5875,6451
902,2021-04-28,530,5759,6289
902,2021-04-29,515,5698,6213
902,2021-04-30,551,6001,6552
902,2021-05-01,88,3471,3559
902,2021-05-02,96,3483,3579
902,2021-05-03,532,5550,6082
902,2021-05-04,496,5542,6038
902,2021-05-05,487,5625,6112
902,2021-05-06,512,5663,6175
902,2021-05-07,578,5789,6367
902,2021-05-08,261,4215,4476
902,2021-05-09,96,3698,3794
902,2021-05-10,631,5473,6104
902,2021-05-11,630,5794,6424
902,2021-05-12,613,6027,6640
902,2021-05-13,137,3580,3717
902,2021-05-14,484,6100,6584
902,2021-05-15,301,4373,4674
902,2021-05-16,132,3140,3272
902,2021-05-17,616,5603,6219
902,2021-05-18,585,5764,6349
902,2021-05-19,649,5706,6355
902,2021-05-20,568,6148,6716
902,2021-05-21,617,6080,6697
902,2021-05-22,317,4371,4688
902,2021-05-23,107,3577,3684
902,2021-05-24,125,2795,2920
902,2021-05-25,569,4993,5562
902,2021-05-26,606,5200,5806
902,2021-05-27,536,5373,5909
902,2021-05-28,521,5797,6318
902,2021-05-29,316,4515,4831
902,2021-05-30,126,4346,4472
902,2021-05-31,631,5949,6580
902,2021-06-01,654,6257,6911
902,2021-06-02,582,6139,6721
902,2021-06-03,496,6072,6568
902,2021-06-04,585,6194,6779
902,2021-06-05,334,4673,5007
902,2021-06-06,110,3578,3688
902,2021-06-07,623,5670,6293
902,2021-06-08,622,6013,6635
902,2021-06-09,573,6018,6591
902,2021-06-10,575,6235,6810
902,2021-06-11,556,6513,7069
902,2021-06-12,324,5018,5342
902,2021-06-13,116,4559,4675
902,2021-06-14,564,5922,6486
902,2021-06-15,546,5916,6462
902,2021-06-16,536,5983,6519
902,2021-06-17,514,6110,6624
902,2021-06-18,582,6311,6893
902,2021-06-19,302,5010,5312
902,2021-06-20,120,3870,3990
902,2021-06-21,587,5569,6156
902,2021-06-22,572,5960,6532
902,2021-06-23,147,3231,3378
902,2021-06-24,504,5631,6135
902,2021-06-25,539,6373,6912
902,2021-06-26,314,4894,5208
902,2021-06-27,98,3436,3534
902,2021-06-28,534,5613,6147
902,2021-06-29,528,5852,6380
902,2021-06-30,530,5871,6401
902,2021-07-01,635,6029,6664
902,2021-07-02,559,6223,6782
902,2021-07-03,319,4684,5003
902,2021-07-04,101,3604,3705
902,2021-07-05,524,5723,6247
902,2021-07-06,542,6179,6721
902,2021-07-07,536,5862,6398
902,2021-07-08,542,6002,6544
902,2021-07-09,558,5438,5996
902,2021-07-10,225,4007,4232
902,2021-07-11,110,4014,4124
902,2021-07-12,511,5772,6283
902,2021-07-13,507,5888,6395
902,2021-07-14,431,5653,6084
902,2021-07-15,454,6573,7027
902,2021-07-16,489,6055,6544
902,2021-07-17,420,4442,4862
902,2021-07-18,144,4017,4161
902,2021-07-19,487,5342,5829
902,2021-07-20,506,5821,6327
902,2021-07-21,483,5843,6326
902,2021-07-22,580,6021,6601
902,2021-07-23,536,5909,6445
902,2021-07-24,350,4298,4648
902,2021-07-25,165,3472,3637
902,2021-07-26,549,5141,5690
902,2021-07-27,507,5470,5977
902,2021-07-28,507,5627,6134
902,2021-07-29,469,5746,6215
902,2021-07-30,416,5784,6200
902,2021-07-31,324,4290,4614
902,2021-08-01,157,3561,3718
902,2021-08-02,398,4793,5191
902,2021-08-03,388,5013,5401
902,2021-08-04,410,4955,5365
902,2021-08-05,376,5005,5381
902,2021-08-06,391,5350,5741
902,2021-08-07,227,4036,4263
902,2021-08-08,87,3330,3417
902,2021-08-09,364,4566,4930
902,2021-08-10,357,4777,5134
902,2021-08-11,420,5077,5497
902,2021-08-12,392,5120,5512
902,2021-08-13,387,5288,5675
902,2021-08-14,210,4469,4679
902,2021-08-15,98,3838,3936
902,2021-08-16,392,4366,4758
902,2021-08-17,404,4703,5107
902,2021-08-18,363,4842,5205
902,2021-08-19,404,5092,5496
902,2021-08-20,420,5239,5659
902,2021-08-21,277,4835,5112
902,2021-08-22,110,3430,3540
902,2021-08-23,456,4769,5225
902,2021-08-24,471,5461,5932
902,2021-08-25,548,5507,6055
902,2021-08-26,532,5482,6014
902,2021-08-28,714,7296,8010
902,2021-08-29,109,3274,3383
902,2021-08-30,465,4997,5462
902,2021-08-31,538,5102,5640
902,2021-09-01,515,5106,5621
902,2021-09-02,486,5275,5761
902,2021-09-03,500,5542,6042
902,2021-09-04,335,4712,5047
902,2021-09-05,151,4083,4234
902,2021-09-06,485,5067,5552
902,2021-09-07,520,5259,5779
902,2021-09-08,506,5186,5692
902,2021-09-09,568,5265,5833
902,2021-09-10,519,5494,6013
902,2021-09-11,301,4399,4700
902,2021-09-12,110,4259,4369
902,2021-09-13,498,5724,6222
902,2021-09-14,560,5596,6156
902,2021-09-15,500,5877,6377
902,2021-09-16,552,5977,6529
902,2021-09-17,578,6327,6905
902,2021-09-18,358,4792,5150
902,2021-09-19,155,3994,4149
902,2021-09-20,557,5774,6331
902,2021-09-21,597,5909,6506
902,2021-09-22,609,6010,6619
902,2021-09-23,579,6238,6817
902,2021-09-24,598,6274,6872
902,2021-09-25,295,4992,5287
902,2021-09-26,106,3339,3445
902,2021-09-27,553,5634,6187
902,2021-09-28,575,5640,6215
902,2021-09-29,595,5769,6364
902,2021-09-30,603,5851,6454
902,2021-10-01,631,6327,6958
902,2021-10-02,302,4178,4480
902,2021-10-03,78,3210,3288
902,2021-10-04,522,5561,6083
902,2021-10-05,563,5589,6152
902,2021-10-06,528,5719,6247
902,2021-10-07,559,5713,6272
902,2021-10-08,573,6091,6664
902,2021-10-09,317,4561,4878
902,2021-10-10,98,3662,3760
902,2021-10-11,600,5449,6049
902,2021-10-12,602,5685,6287
902,2021-10-13,649,5462,6111
902,2021-10-14,642,5736,6378
902,2021-10-15,651,5731,6382
902,2021-10-16,317,4374,4691
902,2021-10-17,179,3763,3942
902,2021-10-18,617,5590,6207
902,2021-10-19,628,5742,6370
902,2021-10-20,584,5616,6200
902,2021-10-21,555,5611,6166
902,2021-10-22,594,5714,6308
902,2021-10-23,357,4095,4452
902,2021-10-24,145,3358,3503
902,2021-10-25,545,5301,5846
902,2021-10-26,571,5680,6251
902,2021-10-27,584,5817,6401
902,2021-10-28,571,5969,6540
902,2021-10-29,669,6225,6894
902,2021-10-30,308,4192,4500
902,2021-11-01,143,3038,3181
902,2021-11-02,523,5231,5754
902,2021-11-03,519,5058,5577
902,2021-11-04,604,5124,5728
902,2021-11-05,120,2240,2360
902,2021-11-06,21,1305,1326
902,2021-11-07,17,1237,1254
902,2021-11-08,620,5206,5826
902,2021-11-09,552,5400,5952
902,2021-11-10,643,5365,6008
902,2021-11-11,576,5719,6295
902,2021-11-12,606,5855,6461
902,2021-11-13,298,3803,4101
902,2021-11-14,96,2853,2949
902,2021-11-15,630,5087,5717
902,2021-11-16,605,5448,6053
902,2021-11-17,561,5381,5942
902,2021-11-18,558,5512,6070
902,2021-11-19,614,5650,6264
902,2021-11-20,274,4062,4336
902,2021-11-21,96,3075,3171
902,2021-11-22,580,5274,5854
902,2021-11-23,627,5486,6113
902,2021-11-24,634,5539,6173
902,2021-11-25,609,5514,6123
902,2021-11-26,549,5753,6302
902,2021-11-27,279,3950,4229
902,2021-11-28,98,2851,2949
902,2021-11-29,583,5125,5708
902,2021-11-30,556,5542,6098
902,2021-12-01,487,5401,5888
902,2021-12-02,527,5426,5953
902,2021-12-03,538,5629,6167
902,2021-12-04,286,3723,4009
902,2021-12-05,89,2864,2953
902,2021-12-06,535,4780,5315
902,2021-12-07,561,5415,5976
902,2021-12-08,533,5345,5878
902,2021-12-09,563,5539,6102
902,2021-12-10,508,5375,5883
902,2021-12-11,277,3782,4059
902,2021-12-12,126,3405,3531
902,2021-12-13,575,5153,5728
902,2021-12-14,587,5472,6059
902,2021-12-15,575,5445,6020
902,2021-12-16,562,5497,6059
902,2021-12-17,545,5461,6006
902,2021-12-18,301,3614,3915
902,2021-12-19,120,2770,2890
902,2021-12-20,436,4362,4798
902,2021-12-21,460,4518,4978
902,2021-12-22,439,4531,4970
902,2021-12-23,397,4393,4790
902,2021-12-24,288,3688,3976
902,2021-12-25,91,2040,2131
902,2021-12-26,105,2367,2472
902,2021-12-27,335,3535,3870
902,2021-12-28,340,3962,4302
902,2021-12-29,328,3945,4273
902,2021-12-30,319,4186,4505
902,2021-12-31,334,3698,4032
905,2021-01-01,85,5348,5433
905,2021-01-02,314,8606,8920
905,2021-01-03,119,7419,7538
905,2021-01-04,600,9826,10426
905,2021-01-05,700,10060,10760
905,2021-01-06,708,10015,10723
905,2021-01-07,756,10281,11037
905,2021-01-08,712,10814,11526
905,2021-01-09,395,9786,10181
905,2021-01-10,174,9067,9241
905,2021-01-11,916,11971,12887
905,2021-01-12,801,12084,12885
905,2021-01-13,915,11883,12798
905,2021-01-14,795,11757,12552
905,2021-01-15,909,13118,14027
905,2021-01-16,382,10664,11046
905,2021-01-17,161,7849,8010
905,2021-01-18,905,11635,12540
905,2021-01-19,825,11730,12555
905,2021-01-20,930,11773,12703
905,2021-01-21,892,11720,12612
905,2021-01-22,899,12308,13207
905,2021-01-23,414,9677,10091
905,2021-01-24,150,6862,7012
905,2021-01-25,922,11778,12700
905,2021-01-26,941,12211,13152
905,2021-01-27,850,12150,13000
905,2021-01-28,808,12096,12904
905,2021-01-29,809,12051,12860
905,2021-01-30,322,9974,10296
905,2021-01-31,117,6809,6926
905,2021-02-01,844,11490,12334
905,2021-02-02,983,12018,13001
905,2021-02-03,954,11618,12572
905,2021-02-04,1021,12017,13038
905,2021-02-05,946,12361,13307
905,2021-02-06,353,10133,10486
905,2021-02-07,155,6743,6898
905,2021-02-08,889,11253,12142
905,2021-02-09,844,12015,12859
905,2021-02-10,884,11902,12786
905,2021-02-11,883,12116,12999
905,2021-02-12,883,12307,13190
905,2021-02-13,418,10098,10516
905,2021-02-14,153,7338,7491
905,2021-02-15,920,10938,11858
905,2021-02-16,885,11756,12641
905,2021-02-17,929,11562,12491
905,2021-02-18,958,11909,12867
905,2021-02-19,935,11942,12877
905,2021-02-20,441,10408,10849
905,2021-02-21,174,8731,8905
905,2021-02-22,993,11559,12552
905,2021-02-23,973,12022,12995
905,2021-02-24,1000,11867,12867
905,2021-02-25,1004,12302,13306
905,2021-02-26,920,12872,13792
905,2021-02-27,423,10630,11053
905,2021-02-28,157,8404,8561
905,2021-03-01,1005,11580,12585
905,2021-03-02,1090,12174,13264
905,2021-03-03,1055,12079,13134
905,2021-03-04,1069,12277,13346
905,2021-03-05,1151,12572,13723
905,2021-03-06,448,9948,10396
905,2021-03-07,132,7714,7846
905,2021-03-08,1152,11817,12969
905,2021-03-09,1125,12226,13351
905,2021-03-10,1131,12015,13146
905,2021-03-11,961,11577,12538
905,2021-03-12,1004,12802,13806
905,2021-03-13,368,9960,10328
905,2021-03-14,121,6849,6970
905,2021-03-15,975,11531,12506
905,2021-03-16,986,11673,12659
905,2021-03-17,995,11729,12724
905,2021-03-18,968,11885,12853
905,2021-03-19,1014,12316,13330
905,2021-03-20,450,10534,10984
905,2021-03-21,137,7411,7548
905,2021-03-22,1118,11084,12202
905,2021-03-23,1030,11419,12449
905,2021-03-24,1100,10864,11964
905,2021-03-25,1112,11078,12190
905,2021-03-26,1057,12065,13122
905,2021-03-27,398,10156,10554
905,2021-03-29,1056,11613,12669
905,2021-03-30,1105,12345,13450
905,2021-03-31,1089,12035,13124
905,2021-04-01,1062,12642,13704
905,2021-04-02,1029,12945,13974
905,2021-04-03,519,11107,11626
905,2021-04-04,197,8193,8390
905,2021-04-05,234,6842,7076
905,2021-04-06,1109,12467,13576
905,2021-04-07,1198,12573,13771
905,2021-04-08,1059,12841,13900
905,2021-04-09,1169,12871,14040
905,2021-04-10,373,9905,10278
905,2021-04-11,150,6765,6915
905,2021-04-12,1073,11774,12847
905,2021-04-13,1180,11814,12994
905,2021-04-14,1146,12023,13169
905,2021-04-15,1181,12101,13282
905,2021-04-16,1116,12319,13435
905,2021-04-17,494,10437,10931
905,2021-04-18,216,7840,8056
905,2021-04-19,1119,11312,12431
905,2021-04-20,1152,11610,12762
905,2021-04-21,1176,11454,12630
905,2021-04-22,1137,12101,13238
905,2021-04-23,1136,12751,13887
905,2021-04-24,498,11738,12236
905,2021-04-25,199,9696,9895
905,2021-04-26,1141,11658,12799
905,2021-04-27,1166,12060,13226
905,2021-04-28,1106,11809,12915
905,2021-04-29,1112,12233,13345
905,2021-04-30,1089,12804,13893
905,2021-05-01,194,9734,9928
905,2021-05-02,203,8858,9061
905,2021-05-03,1134,11606,12740
905,2021-05-04,1050,11941,12991
905,2021-05-05,1065,11725,12790
905,2021-05-06,1072,11849,12921
905,2021-05-07,1245,12654,13899
905,2021-05-08,486,11104,11590
905,2021-05-09,197,10292,10489
905,2021-05-10,1251,11376,12627
905,2021-05-11,1250,12014,13264
905,2021-05-12,1306,12548,13854
905,2021-05-13,263,9643,9906
905,2021-05-14,794,12392,13186
905,2021-05-15,471,10783,11254
905,2021-05-17,1129,11676,12805
905,2021-05-18,1156,12107,13263
905,2021-05-19,1237,11977,13214
905,2021-05-20,1235,12445,13680
905,2021-05-21,1238,12772,14010
905,2021-05-22,495,10953,11448
905,2021-05-23,176,8515,8691
905,2021-05-24,242,7650,7892
905,2021-05-25,990,11978,12968
905,2021-05-26,1031,11884,12915
905,2021-05-27,1119,11641,12760
905,2021-05-28,1084,12332,13416
905,2021-05-29,488,11191,11679
905,2021-05-30,256,10306,10562
905,2021-05-31,1131,11707,12838
905,2021-06-01,1111,12228,13339
905,2021-06-02,1152,11830,12982
905,2021-06-03,1067,12232,13299
905,2021-06-04,1098,12428,13526
905,2021-06-05,457,11184,11641
905,2021-06-06,239,8853,9092
905,2021-06-07,1067,11442,12509
905,2021-06-08,1113,12206,13319
905,2021-06-09,1081,12184,13265
905,2021-06-10,1195,12626,13821
905,2021-06-11,1057,13108,14165
905,2021-06-12,557,12524,13081
905,2021-06-13,202,11203,11405
905,2021-06-14,1023,12157,13180
905,2021-06-15,1110,12244,13354
905,2021-06-16,1136,12320,13456
905,2021-06-17,1097,12556,13653
905,2021-06-18,1048,12637,13685
905,2021-06-19,453,12509,12962
905,2021-06-20,211,9682,9893
905,2021-06-21,1174,11581,12755
905,2021-06-22,1012,12285,13297
905,2021-06-23,291,8406,8697
905,2021-06-24,1051,11961,13012
905,2021-06-25,1131,12681,13812
905,2021-06-26,565,12112,12677
905,2021-06-27,274,9487,9761
905,2021-06-28,1099,11901,13000
905,2021-06-29,1105,11878,12983
905,2021-06-30,1003,12060,13063
905,2021-07-01,1042,12588,13630
905,2021-07-02,1052,12788,13840
905,2021-07-03,551,11871,12422
905,2021-07-04,247,9006,9253
905,2021-07-05,1027,11674,12701
905,2021-07-06,955,11908,12863
905,2021-07-07,1036,12310,13346
905,2021-07-08,1035,12480,13515
905,2021-07-09,1105,13186,14291
905,2021-07-10,429,11652,12081
905,2021-07-11,198,10047,10245
905,2021-07-12,989,12594,13583
905,2021-07-13,777,11326,12103
905,2021-07-14,801,9895,10696
905,2021-07-15,605,9475,10080
905,2021-07-16,910,11781,12691
905,2021-07-17,492,11391,11883
905,2021-07-21,1183,12497,13680
905,2021-07-22,1051,12564,13615
905,2021-07-23,1024,13461,14485
905,2021-07-24,487,10874,11361
905,2021-07-25,238,9415,9653
905,2021-07-26,1153,11882,13035
905,2021-07-27,439,6227,6666
905,2021-07-28,742,12202,12944
905,2021-07-29,704,12681,13385
905,2021-07-30,569,12766,13335
905,2021-07-31,467,11450,11917
905,2021-08-01,253,9196,9449
905,2021-08-02,759,11780,12539
905,2021-08-03,717,11699,12416
905,2021-08-04,758,12116,12874
905,2021-08-05,745,12049,12794
905,2021-08-06,706,12268,12974
905,2021-08-07,417,10112,10529
905,2021-08-08,171,8314,8485
905,2021-08-09,712,11416,12128
905,2021-08-10,720,11760,12480
905,2021-08-11,750,12118,12868
905,2021-08-12,717,12610,13327
905,2021-08-13,688,12693,13381
905,2021-08-14,422,11614,12036
905,2021-08-15,213,9995,10208
905,2021-08-16,783,10980,11763
905,2021-08-17,759,11280,12039
905,2021-08-18,713,11483,12196
905,2021-08-19,785,11758,12543
905,2021-08-20,768,11982,12750
905,2021-08-21,364,11363,11727
905,2021-08-22,179,8459,8638
905,2021-08-23,888,11649,12537
905,2021-08-24,949,12313,13262
905,2021-08-25,1059,12541,13600
905,2021-08-26,1021,12642,13663
905,2021-08-27,1042,12782,13824
905,2021-08-28,420,10582,11002
905,2021-08-29,186,8861,9047
905,2021-08-30,1138,11956,13094
905,2021-08-31,1089,11795,12884
905,2021-09-01,1270,11865,13135
905,2021-09-02,1133,12064,13197
905,2021-09-03,1020,12523,13543
905,2021-09-04,482,11387,11869
905,2021-09-05,214,10296,10510
905,2021-09-06,1141,12032,13173
905,2021-09-07,1145,12378,13523
905,2021-09-08,1037,12496,13533
905,2021-09-09,1137,12151,13288
905,2021-09-10,1047,12763,13810
905,2021-09-11,440,10873,11313
905,2021-09-12,267,9931,10198
905,2021-09-13,1182,12229,13411
905,2021-09-14,1122,12074,13196
905,2021-09-15,1110,10577,11687
905,2021-09-16,1149,12528,13677
905,2021-09-17,1175,13108,14283
905,2021-09-18,542,12375,12917
905,2021-09-19,290,10122,10412
905,2021-09-20,1143,11937,13080
905,2021-09-21,1226,12434,13660
905,2021-09-22,1174,12258,13432
905,2021-09-23,1160,12264,13424
905,2021-09-24,1188,12869,14057
905,2021-09-25,532,12516,13048
905,2021-09-26,264,10218,10482
905,2021-09-27,1126,11591,12717
905,2021-09-28,1156,12200,13356
905,2021-09-29,1114,12013,13127
905,2021-09-30,1317,12530,13847
905,2021-10-01,1179,13154,14333
905,2021-10-02,456,11903,12359
905,2021-10-03,222,9219,9441
905,2021-10-04,1214,11646,12860
905,2021-10-05,1089,12080,13169
905,2021-10-06,1173,11824,12997
905,2021-10-07,1212,12632,13844
905,2021-10-08,1069,12614,13683
905,2021-10-09,513,11955,12468
905,2021-10-10,255,10439,10694
905,2021-10-11,1308,11910,13218
905,2021-10-12,1149,12102,13251
905,2021-10-13,1124,12140,13264
905,2021-10-14,1200,12544,13744
905,2021-10-15,1099,12941,14040
905,2021-10-16,559,11949,12508
905,2021-10-17,246,9766,10012
905,2021-10-18,1180,12076,13256
905,2021-10-19,1243,12567,13810
905,2021-10-20,1226,11702,12928
905,2021-10-21,1215,12086,13301
905,2021-10-22,1257,13177,14434
905,2021-10-23,567,11707,12274
905,2021-10-24,247,10054,10301
905,2021-10-25,1211,11942,13153
905,2021-10-26,1266,11840,13106
905,2021-10-27,1157,12276,13433
905,2021-10-28,1228,12680,13908
905,2021-10-29,1127,13279,14406
905,2021-10-30,422,11496,11918
905,2021-11-01,261,8579,8840
905,2021-11-02,995,12215,13210
905,2021-11-03,942,11835,12777
905,2021-11-04,1131,11851,12982
905,2021-11-05,1076,12394,13470
905,2021-11-06,531,11196,11727
905,2021-11-07,248,8703,8951
905,2021-11-08,1189,11587,12776
905,2021-11-09,1135,12013,13148
905,2021-11-10,1145,12117,13262
905,2021-11-11,1106,12355,13461
905,2021-11-12,1100,12903,14003
905,2021-11-13,396,11674,12070
905,2021-11-14,204,8726,8930
905,2021-11-15,1146,10934,12080
905,2021-11-16,1141,11182,12323
905,2021-11-17,1106,11122,12228
905,2021-11-18,1197,11841,13038
905,2021-11-19,1068,12522,13590
905,2021-11-20,441,9834,10275
905,2021-11-21,173,8807,8980
905,2021-11-22,1215,11174,12389
905,2021-11-23,1252,12128,13380
905,2021-11-24,1182,11903,13085
905,2021-11-25,1202,12394,13596
905,2021-11-26,1156,12634,13790
905,2021-11-27,383,11065,11448
905,2021-11-28,148,8391,8539
905,2021-11-29,1087,11651,12738
905,2021-11-30,903,12338,13241
905,2021-12-01,969,12095,13064
905,2021-12-02,1071,12236,13307
905,2021-12-03,1102,12456,13558
905,2021-12-04,402,11107,11509
905,2021-12-05,170,8281,8451
905,2021-12-06,1086,12249,13335
905,2021-12-07,1021,12367,13388
905,2021-12-08,1048,12014,13062
905,2021-12-09,1049,12051,13100
905,2021-12-10,993,12653,13646
905,2021-12-11,431,11445,11876
905,2021-12-12,160,8238,8398
905,2021-12-13,1038,11543,12581
905,2021-12-14,1111,12270,13381
905,2021-12-15,1113,12230,13343
905,2021-12-16,1146,12620,13766
905,2021-12-17,989,13015,14004
905,2021-12-18,406,10811,11217
905,2021-12-19,194,8240,8434
905,2021-12-20,786,11131,11917
905,2021-12-21,806,11973,12779
905,2021-12-22,792,12031,12823
905,2021-12-23,703,11925,12628
905,2021-12-24,445,10180,10625
905,2021-12-25,118,6731,6849
905,2021-12-26,135,6585,6720
905,2021-12-27,472,9185,9657
905,2021-12-28,485,10366,10851
905,2021-12-29,505,10373,10878
905,2021-12-30,497,10335,10832
905,2021-12-31,457,9529,9986
908,2021-01-01,64,3606,3670
908,2021-01-02,203,6984,7187
908,2021-01-03,92,4883,4975
908,2021-01-04,421,9335,9756
908,2021-01-05,417,9894,10311
908,2021-01-06,388,9597,9985
908,2021-01-07,434,9941,10375
908,2021-01-08,441,10604,11045
908,2021-01-09,217,8495,8712
908,2021-01-10,92,5654,5746
908,2021-01-11,549,13096,13645
908,2021-01-12,512,12789,13301
908,2021-01-13,588,13059,13647
908,2021-01-14,528,12388,12916
908,2021-01-15,464,12713,13177
908,2021-01-16,244,10399,10643
908,2021-01-17,88,5577,5665
908,2021-01-18,514,12946,13460
908,2021-01-19,508,12997,13505
908,2021-01-20,506,12747,13253
908,2021-01-21,480,13131,13611
908,2021-01-22,460,13537,13997
908,2021-01-23,224,10947,11171
908,2021-01-24,93,5949,6042
908,2021-01-25,550,12462,13012
908,2021-01-26,596,13372,13968
908,2021-01-27,525,12273,12798
908,2021-01-28,450,12965,13415
908,2021-01-29,518,13954,14472
908,2021-01-30,209,10862,11071
908,2021-01-31,86,6094,6180
908,2021-02-01,565,12631,13196
908,2021-02-02,487,13044,13531
908,2021-02-03,440,12375,12815
908,2021-02-04,591,13556,14147
908,2021-02-05,527,13740,14267
908,2021-02-06,247,11177,11424
908,2021-02-07,104,6311,6415
908,2021-02-08,616,12368,12984
908,2021-02-09,550,12534,13084
908,2021-02-10,539,12594,13133
908,2021-02-11,607,12897,13504
908,2021-02-12,567,13980,14547
908,2021-02-13,365,11392,11757
908,2021-02-14,157,6786,6943
908,2021-02-15,560,11870,12430
908,2021-02-16,542,13266,13808
908,2021-02-17,506,12577,13083
908,2021-02-18,520,12736,13256
908,2021-02-19,490,13590,14080
908,2021-02-20,293,11769,12062
908,2021-02-21,130,7877,8007
908,2021-02-22,549,13322,13871
908,2021-02-23,545,14242,14787
908,2021-02-24,470,13934,14404
908,2021-02-25,506,14361,14867
908,2021-02-26,499,14814,15313
908,2021-02-27,296,12463,12759
908,2021-02-28,108,8012,8120
908,2021-03-01,514,13431,13945
908,2021-03-02,489,13818,14307
908,2021-03-03,581,13823,14404
908,2021-03-04,576,14068,14644
908,2021-03-05,560,14832,15392
908,2021-03-06,304,12529,12833
908,2021-03-07,96,7391,7487
908,2021-03-08,536,13585,14121
908,2021-03-09,593,13379,13972
908,2021-03-10,561,13782,14343
908,2021-03-11,524,12950,13474
908,2021-03-12,530,14756,15286
908,2021-03-13,233,11533,11766
908,2021-03-14,93,6922,7015
908,2021-03-15,494,13125,13619
908,2021-03-16,556,13590,14146
908,2021-03-17,616,13538,14154
908,2021-03-18,593,14009,14602
908,2021-03-19,577,14956,15533
908,2021-03-20,264,12304,12568
908,2021-03-21,99,7045,7144
908,2021-03-22,576,14094,14670
908,2021-03-23,508,13806,14314
908,2021-03-24,521,13971,14492
908,2021-03-25,548,14205,14753
908,2021-03-26,555,14736,15291
908,2021-03-27,259,12277,12536
908,2021-03-29,518,13966,14484
908,2021-03-30,504,13759,14263
908,2021-03-31,488,14142,14630
908,2021-04-01,504,14709,15213
908,2021-04-02,531,14621,15152
908,2021-04-03,302,13187,13489
908,2021-04-04,93,7067,7160
908,2021-04-05,91,5039,5130
908,2021-04-06,594,13716,14310
908,2021-04-07,673,13766,14439
908,2021-04-08,618,14043,14661
908,2021-04-09,590,14592,15182
908,2021-04-10,230,11244,11474
908,2021-04-11,95,6314,6409
908,2021-04-12,530,13498,14028
908,2021-04-13,625,13680,14305
908,2021-04-14,572,14181,14753
908,2021-04-15,591,14386,14977
908,2021-04-16,703,15193,15896
908,2021-04-17,415,14131,14546
908,2021-04-18,139,7066,7205
908,2021-04-19,528,13301,13829
908,2021-04-20,525,14481,15006
908,2021-04-21,512,14056,14568
908,2021-04-22,606,15057,15663
908,2021-04-23,489,14876,15365
908,2021-04-24,274,13387,13661
908,2021-04-25,121,8510,8631
908,2021-04-26,583,14142,14725
908,2021-04-27,536,14255,14791
908,2021-04-28,593,14358,14951
908,2021-04-29,493,14586,15079
908,2021-04-30,519,15507,16026
908,2021-05-01,93,7428,7521
908,2021-05-02,82,8119,8201
908,2021-05-03,513,14265,14778
908,2021-05-04,490,14441,14931
908,2021-05-05,566,14607,15173
908,2021-05-06,557,14312,14869
908,2021-05-07,542,15138,15680
908,2021-05-08,370,13164,13534
908,2021-05-09,146,7772,7918
908,2021-05-10,472,13962,14434
908,2021-05-11,531,14075,14606
908,2021-05-12,499,15069,15568
908,2021-05-13,99,6549,6648
908,2021-05-14,410,14696,15106
908,2021-05-15,453,12360,12813
908,2021-05-16,163,7271,7434
908,2021-05-17,515,13718,14233
908,2021-05-18,565,14053,14618
908,2021-05-19,529,14123,14652
908,2021-05-20,518,14616,15134
908,2021-05-21,629,16312,16941
908,2021-05-22,579,16908,17487
908,2021-05-23,200,10896,11096
908,2021-05-24,88,6013,6101
908,2021-05-25,635,14038,14673
908,2021-05-26,597,13658,14255
908,2021-05-27,539,14109,14648
908,2021-05-28,474,14704,15178
908,2021-05-29,291,11961,12252
908,2021-05-30,130,8605,8735
908,2021-05-31,484,13960,14444
908,2021-06-01,481,14282,14763
908,2021-06-02,486,14014,14500
908,2021-06-03,476,14591,15067
908,2021-06-04,536,15256,15792
908,2021-06-05,235,12525,12760
908,2021-06-06,98,7561,7659
908,2021-06-07,489,13467,13956
908,2021-06-08,451,14270,14721
908,2021-06-09,483,14280,14763
908,2021-06-10,521,14325,14846
908,2021-06-11,486,14871,15357
908,2021-06-12,251,13256,13507
908,2021-06-13,117,9414,9531
908,2021-06-14,471,13593,14064
908,2021-06-15,451,13842,14293
908,2021-06-16,449,13729,14178
908,2021-06-17,439,13832,14271
908,2021-06-18,521,15196,15717
908,2021-06-19,536,16831,17367
908,2021-06-20,188,13312,13500
908,2021-06-21,552,13961,14513
908,2021-06-22,506,14723,15229
908,2021-06-23,108,6106,6214
908,2021-06-24,573,14272,14845
908,2021-06-25,652,15894,16546
908,2021-06-26,397,11662,12059
908,2021-06-27,162,10485,10647
908,2021-06-28,511,13873,14384
908,2021-06-29,568,14453,15021
908,2021-06-30,615,14526,15141
908,2021-07-01,595,14817,15412
908,2021-07-02,604,15191,15795
908,2021-07-03,238,12293,12531
908,2021-07-04,120,7772,7892
908,2021-07-05,567,13569,14136
908,2021-07-06,474,13520,13994
908,2021-07-07,516,14493,15009
908,2021-07-08,563,14775,15338
908,2021-07-09,513,15212,15725
908,2021-07-10,263,12514,12777
908,2021-07-11,103,8180,8283
908,2021-07-12,531,14167,14698
908,2021-07-13,439,13699,14138
908,2021-07-14,416,13757,14173
908,2021-07-15,353,11769,12122
908,2021-07-16,503,14959,15462
908,2021-07-17,246,12261,12507
908,2021-07-18,108,8700,8808
908,2021-07-19,477,13384,13861
908,2021-07-20,493,13836,14329
908,2021-07-21,493,13730,14223
908,2021-07-22,510,13798,14308
908,2021-07-23,534,14393,14927
908,2021-07-24,266,10624,10890
908,2021-07-25,126,7668,7794
908,2021-07-26,476,13173,13649
908,2021-07-27,503,13844,14347
908,2021-07-28,499,13811,14310
908,2021-07-29,489,13458,13947
908,2021-07-30,437,13741,14178
908,2021-07-31,270,10351,10621
908,2021-08-01,162,6882,7044
908,2021-08-02,415,11118,11533
908,2021-08-03,376,11816,12192
908,2021-08-04,412,11606,12018
908,2021-08-05,401,11470,11871
908,2021-08-06,408,12129,12537
908,2021-08-07,250,9552,9802
908,2021-08-08,127,6218,6345
908,2021-08-09,398,10669,11067
908,2021-08-10,423,11092,11515
908,2021-08-11,384,11190,11574
908,2021-08-12,441,11270,11711
908,2021-08-13,447,11649,12096
908,2021-08-14,263,9382,9645
908,2021-08-15,242,6660,6902
908,2021-08-16,448,10896,11344
908,2021-08-17,463,11076,11539
908,2021-08-18,416,10734,11150
908,2021-08-19,417,11274,11691
908,2021-08-20,404,12051,12455
908,2021-08-21,329,9937,10266
908,2021-08-22,171,6576,6747
908,2021-08-23,441,11828,12269
908,2021-08-24,535,12852,13387
908,2021-08-25,529,12410,12939
908,2021-08-26,508,12785,13293
908,2021-08-27,502,13512,14014
908,2021-08-28,322,10107,10429
908,2021-08-29,138,6920,7058
908,2021-08-30,598,13124,13722
908,2021-08-31,676,13598,14274
908,2021-09-01,611,13674,14285
908,2021-09-02,638,13264,13902
908,2021-09-03,603,13959,14562
908,2021-09-04,345,10891,11236
908,2021-09-05,141,7442,7583
908,2021-09-06,536,13533,14069
908,2021-09-07,584,13765,14349
908,2021-09-08,612,13550,14162
908,2021-09-09,642,14121,14763
908,2021-09-10,616,14608,15224
908,2021-09-11,333,12812,13145
908,2021-09-12,155,8314,8469
908,2021-09-13,473,14590,15063
908,2021-09-14,502,14553,15055
908,2021-09-15,502,13828,14330
908,2021-09-16,550,14383,14933
908,2021-09-17,579,14361,14940
908,2021-09-18,322,12617,12939
908,2021-09-19,131,8425,8556
908,2021-09-20,499,13545,14044
908,2021-09-21,492,14122,14614
908,2021-09-22,582,14031,14613
908,2021-09-23,534,13704,14238
908,2021-09-24,615,14783,15398
908,2021-09-25,270,12555,12825
908,2021-09-26,124,7721,7845
908,2021-09-27,533,13636,14169
908,2021-09-28,533,14177,14710
908,2021-09-29,576,14326,14902
908,2021-09-30,513,14924,15437
908,2021-10-01,493,14444,14937
908,2021-10-02,258,12193,12451
908,2021-10-03,97,7655,7752
908,2021-10-04,504,13366,13870
908,2021-10-05,592,13806,14398
908,2021-10-06,540,13749,14289
908,2021-10-07,597,14135,14732
908,2021-10-08,562,14897,15459
908,2021-10-09,377,12544,12921
908,2021-10-10,162,7506,7668
908,2021-10-11,559,13117,13676
908,2021-10-12,586,13378,13964
908,2021-10-13,654,13368,14022
908,2021-10-14,549,14024,14573
908,2021-10-15,548,14438,14986
908,2021-10-16,273,12373,12646
908,2021-10-17,119,7912,8031
908,2021-10-18,544,13564,14108
908,2021-10-19,462,13132,13594
908,2021-10-20,477,13199,13676
908,2021-10-21,505,13397,13902
908,2021-10-22,525,14625,15150
908,2021-10-23,257,12589,12846
908,2021-10-24,114,8434,8548
908,2021-10-25,512,13445,13957
908,2021-10-26,549,13820,14369
908,2021-10-27,552,13917,14469
908,2021-10-28,586,14673,15259
908,2021-10-29,566,14967,15533
908,2021-10-30,351,12055,12406
908,2021-11-01,145,6839,6984
908,2021-11-02,615,13805,14420
908,2021-11-03,537,13041,13578
908,2021-11-04,626,12500,13126
908,2021-11-05,592,13560,14152
908,2021-11-06,356,11402,11758
908,2021-11-07,156,6609,6765
908,2021-11-08,520,13070,13590
908,2021-11-09,543,13619,14162
908,2021-11-10,569,13521,14090
908,2021-11-11,608,13517,14125
908,2021-11-12,547,13922,14469
908,2021-11-13,230,11944,12174
908,2021-11-14,93,7193,7286
908,2021-11-15,532,13240,13772
908,2021-11-18,524,11506,12030
908,2021-11-19,500,13018,13518
908,2021-11-20,266,12089,12355
908,2021-11-21,88,7011,7099
908,2021-11-22,548,12772,13320
908,2021-11-23,520,12277,12797
908,2021-11-24,580,13380,13960
908,2021-11-25,569,12839,13408
908,2021-11-26,493,13447,13940
908,2021-11-27,259,11929,12188
908,2021-11-28,91,7127,7218
908,2021-11-29,513,12238,12751
908,2021-11-30,499,12108,12607
908,2021-12-01,406,10970,11376
908,2021-12-02,527,12712,13239
908,2021-12-03,549,13196,13745
908,2021-12-04,303,12317,12620
908,2021-12-05,96,7520,7616
908,2021-12-06,550,12979,13529
908,2021-12-07,515,12938,13453
908,2021-12-08,524,12419,12943
908,2021-12-09,565,13247,13812
908,2021-12-10,451,12807,13258
908,2021-12-11,243,11041,11284
908,2021-12-12,94,7192,7286
908,2021-12-13,595,13117,13712
908,2021-12-14,572,13564,14136
908,2021-12-15,585,13665,14250
908,2021-12-16,527,14018,14545
908,2021-12-17,538,14442,14980
908,2021-12-18,261,11446,11707
908,2021-12-19,91,6918,7009
908,2021-12-20,401,12565,12966
908,2021-12-21,452,13153,13605
908,2021-12-22,478,13288,13766
908,2021-12-23,432,13586,14018
908,2021-12-24,314,10956,11270
908,2021-12-25,70,4885,4955
908,2021-12-26,83,4610,4693
908,2021-12-27,335,9709,10044
908,2021-12-28,353,10359,10712
908,2021-12-29,360,10927,11287
908,2021-12-30,333,11658,11991
908,2021-12-31,327,10342,10669
909,2021-01-01,50,4442,4492
909,2021-01-02,188,7866,8054
909,2021-01-03,62,5970,6032
909,2021-01-04,428,10540,10968
909,2021-01-05,463,10776,11239
909,2021-01-06,412,11001,11413
909,2021-01-07,478,11211,11689
909,2021-01-08,461,11940,12401
909,2021-01-09,214,9663,9877
909,2021-01-10,73,7168,7241
909,2021-01-11,513,13818,14331
909,2021-01-12,438,13783,14221
909,2021-01-13,560,13978,14538
909,2021-01-14,484,13424,13908
909,2021-01-15,462,13556,14018
909,2021-01-16,214,11272,11486
909,2021-01-17,61,7045,7106
909,2021-01-18,537,14075,14612
909,2021-01-19,441,14108,14549
909,2021-01-20,549,13903,14452
909,2021-01-21,490,13521,14011
909,2021-01-22,496,14735,15231
909,2021-01-23,243,11799,12042
909,2021-01-24,74,7758,7832
909,2021-01-25,519,13327,13846
909,2021-01-26,572,14403,14975
909,2021-01-27,490,13175,13665
909,2021-01-28,422,13854,14276
909,2021-01-29,478,15186,15664
909,2021-01-30,234,12019,12253
909,2021-01-31,75,7751,7826
909,2021-02-01,508,13930,14438
909,2021-02-02,491,14150,14641
909,2021-02-03,539,13640,14179
909,2021-02-04,561,14502,15063
909,2021-02-05,487,15162,15649
909,2021-02-06,233,12158,12391
909,2021-02-07,75,8115,8190
909,2021-02-08,481,13482,13963
909,2021-02-09,511,13886,14397
909,2021-02-10,492,13755,14247
909,2021-02-11,511,14080,14591
909,2021-02-12,547,14696,15243
909,2021-02-13,272,12322,12594
909,2021-02-14,79,8460,8539
909,2021-02-15,514,13171,13685
909,2021-02-16,562,14262,14824
909,2021-02-17,563,13863,14426
909,2021-02-18,598,13479,14077
909,2021-02-19,495,13976,14471
909,2021-02-20,276,12476,12752
909,2021-02-21,80,9192,9272
909,2021-02-22,527,13336,13863
909,2021-02-23,501,14011,14512
909,2021-02-24,597,13992,14589
909,2021-02-25,633,14247,14880
909,2021-02-26,542,14780,15322
909,2021-02-27,259,12889,13148
909,2021-02-28,91,9325,9416
909,2021-03-01,573,13891,14464
909,2021-03-02,626,14270,14896
909,2021-03-03,619,14080,14699
909,2021-03-04,636,14284,14920
909,2021-03-05,612,14926,15538
909,2021-03-06,304,12847,13151
909,2021-03-07,75,8717,8792
909,2021-03-08,609,13914,14523
909,2021-03-09,535,14218,14753
909,2021-03-10,526,14084,14610
909,2021-03-11,511,13907,14418
909,2021-03-12,575,14956,15531
909,2021-03-13,290,12398,12688
909,2021-03-14,59,8413,8472
909,2021-03-15,624,13880,14504
909,2021-03-16,591,14314,14905
909,2021-03-17,610,14115,14725
909,2021-03-18,579,14455,15034
909,2021-03-19,710,15084,15794
909,2021-03-20,388,13325,13713
909,2021-03-21,91,8801,8892
909,2021-03-22,824,13938,14762
909,2021-03-23,724,14377,15101
909,2021-03-24,715,14054,14769
909,2021-03-25,778,14457,15235
909,2021-03-26,787,15230,16017
909,2021-03-27,335,12716,13051
909,2021-03-29,585,14506,15091
909,2021-03-30,568,15259,15827
909,2021-03-31,616,15127,15743
909,2021-04-01,555,15577,16132
909,2021-04-02,596,16343,16939
909,2021-04-03,328,13709,14037
909,2021-04-04,67,8870,8937
909,2021-04-05,82,7014,7096
909,2021-04-06,514,14027,14541
909,2021-04-07,657,13358,14015
909,2021-04-08,482,13316,13798
909,2021-04-09,494,13945,14439
909,2021-04-10,246,11172,11418
909,2021-04-11,67,7107,7174
909,2021-04-12,492,12687,13179
909,2021-04-13,482,13507,13989
909,2021-04-14,476,13306,13782
909,2021-04-15,484,13343,13827
909,2021-04-16,557,14031,14588
909,2021-04-17,351,12895,13246
909,2021-04-18,91,8580,8671
909,2021-04-19,542,13764,14306
909,2021-04-20,543,14549,15092
909,2021-04-21,561,14443,15004
909,2021-04-22,561,14571,15132
909,2021-04-23,595,15574,16169
909,2021-04-24,344,13740,14084
909,2021-04-25,73,9695,9768
909,2021-04-26,551,14573,15124
909,2021-04-27,573,14828,15401
909,2021-04-28,598,14861,15459
909,2021-04-29,633,15025,15658
909,2021-04-30,622,16327,16949
909,2021-05-01,93,9071,9164
909,2021-05-02,87,9687,9774
909,2021-05-03,616,14376,14992
909,2021-05-04,504,14570,15074
909,2021-05-05,564,14608,15172
909,2021-05-06,542,14231,14773
909,2021-05-07,724,15450,16174
909,2021-05-08,429,14097,14526
909,2021-05-09,80,9473,9553
909,2021-05-10,666,14423,15089
909,2021-05-11,636,14630,15266
909,2021-05-12,571,15692,16263
909,2021-05-13,111,8714,8825
909,2021-05-14,509,15204,15713
909,2021-05-15,291,12500,12791
909,2021-05-16,75,9045,9120
909,2021-05-17,530,14092,14622
909,2021-05-18,627,15005,15632
909,2021-05-19,601,14872,15473
909,2021-05-20,617,15157,15774
909,2021-05-21,680,15858,16538
909,2021-05-22,288,12177,12465
909,2021-05-23,96,8787,8883
909,2021-05-24,96,7305,7401
909,2021-05-25,531,14697,15228
909,2021-05-26,578,14851,15429
909,2021-05-27,576,15425,16001
909,2021-05-28,556,15596,16152
909,2021-05-29,307,13184,13491
909,2021-05-30,75,10080,10155
909,2021-05-31,580,14336,14916
909,2021-06-01,575,15605,16180
909,2021-06-02,697,15594,16291
909,2021-06-03,594,16019,16613
909,2021-06-04,588,16191,16779
909,2021-06-05,323,14186,14509
909,2021-06-06,82,9936,10018
909,2021-06-07,597,15241,15838
909,2021-06-08,552,15929,16481
909,2021-06-09,545,15517,16062
909,2021-06-10,547,15939,16486
909,2021-06-11,511,16969,17480
909,2021-06-12,309,14369,14678
909,2021-06-13,68,11683,11751
909,2021-06-14,528,15389,15917
909,2021-06-15,589,16130,16719
909,2021-06-16,573,15771,16344
909,2021-06-17,538,16056,16594
909,2021-06-18,587,16495,17082
909,2021-06-19,326,12261,12587
909,2021-06-20,66,8813,8879
909,2021-06-21,597,15362,15959
909,2021-06-22,549,16469,17018
909,2021-06-23,86,8887,8973
909,2021-06-24,581,15655,16236
909,2021-06-25,565,16466,17031
909,2021-06-26,311,13731,14042
909,2021-06-27,79,10062,10141
909,2021-06-28,578,15496,16074
909,2021-06-29,612,15918,16530
909,2021-06-30,674,16072,16746
909,2021-07-01,656,16127,16783
909,2021-07-02,676,16611,17287
909,2021-07-03,369,14323,14692
909,2021-07-04,78,9844,9922
909,2021-07-05,614,15452,16066
909,2021-07-06,602,15892,16494
909,2021-07-07,642,16120,16762
909,2021-07-08,592,16195,16787
909,2021-07-09,568,16903,17471
909,2021-07-10,312,13647,13959
909,2021-07-11,104,10190,10294
909,2021-07-12,510,15528,16038
909,2021-07-13,476,15437,15913
909,2021-07-14,464,15070,15534
909,2021-07-15,448,15929,16377
909,2021-07-16,567,15820,16387
909,2021-07-17,274,13333,13607
909,2021-07-18,82,10093,10175
909,2021-07-19,548,14332,14880
909,2021-07-20,574,14856,15430
909,2021-07-21,629,14555,15184
909,2021-07-22,564,14777,15341
909,2021-07-23,549,14793,15342
909,2021-07-24,319,11458,11777
909,2021-07-25,103,9226,9329
909,2021-07-26,560,13543,14103
909,2021-07-27,525,14179,14704
909,2021-07-28,477,14474,14951
909,2021-07-29,416,13996,14412
909,2021-07-30,425,13593,14018
909,2021-07-31,297,10280,10577
909,2021-08-01,112,7651,7763
909,2021-08-02,432,11230,11662
909,2021-08-03,362,11350,11712
909,2021-08-04,375,11464,11839
909,2021-08-05,419,11284,11703
909,2021-08-06,372,11667,12039
909,2021-08-07,242,9412,9654
909,2021-08-08,92,6955,7047
909,2021-08-09,369,10748,11117
909,2021-08-10,422,11112,11534
909,2021-08-11,384,11072,11456
909,2021-08-12,436,11180,11616
909,2021-08-13,465,11330,11795
909,2021-08-14,306,9652,9958
909,2021-08-15,114,7104,7218
909,2021-08-16,463,10792,11255
909,2021-08-17,433,11038,11471
909,2021-08-18,421,11099,11520
909,2021-08-19,391,11326,11717
909,2021-08-20,437,11987,12424
909,2021-08-21,274,9980,10254
909,2021-08-22,87,7516,7603
909,2021-08-23,444,11484,11928
909,2021-08-24,491,12298,12789
909,2021-08-25,584,12239,12823
909,2021-08-26,659,12564,13223
909,2021-08-27,583,12951,13534
909,2021-08-28,268,10548,10816
909,2021-08-29,97,7995,8092
909,2021-08-30,561,13908,14469
909,2021-08-31,520,13755,14275
909,2021-09-01,541,13979,14520
909,2021-09-02,622,14088,14710
909,2021-09-03,537,14886,15423
909,2021-09-04,308,12500,12808
909,2021-09-05,91,9914,10005
909,2021-09-06,601,14277,14878
909,2021-09-07,492,15357,15849
909,2021-09-08,542,15684,16226
909,2021-09-09,608,15341,15949
909,2021-09-10,550,15698,16248
909,2021-09-11,280,13350,13630
909,2021-09-12,102,10294,10396
909,2021-09-13,541,15443,15984
909,2021-09-14,549,15302,15851
909,2021-09-15,607,14050,14657
909,2021-09-16,565,15089,15654
909,2021-09-17,305,9251,9556
909,2021-09-18,330,12911,13241
909,2021-09-19,89,9428,9517
909,2021-09-20,533,13990,14523
909,2021-09-21,547,14594,15141
909,2021-09-22,517,13897,14414
909,2021-09-23,456,14332,14788
909,2021-09-24,471,14830,15301
909,2021-09-25,228,12673,12901
909,2021-09-26,64,9481,9545
909,2021-09-27,480,13787,14267
909,2021-09-28,457,14340,14797
909,2021-09-29,462,14177,14639
909,2021-09-30,531,14818,15349
909,2021-10-01,687,15030,15717
909,2021-10-02,205,12849,13054
909,2021-10-03,70,9231,9301
909,2021-10-04,570,13870,14440
909,2021-10-05,560,14005,14565
909,2021-10-06,608,13934,14542
909,2021-10-07,579,14500,15079
909,2021-10-08,452,15062,15514
909,2021-10-09,372,13274,13646
909,2021-10-10,177,9644,9821
909,2021-10-11,665,13694,14359
909,2021-10-12,612,13887,14499
909,2021-10-13,650,14029,14679
909,2021-10-14,530,14314,14844
909,2021-10-15,492,15934,16426
909,2021-10-16,217,12868,13085
909,2021-10-17,77,9635,9712
909,2021-10-18,476,13873,14349
909,2021-10-19,440,14205,14645
909,2021-10-20,493,13897,14390
909,2021-10-21,484,13343,13827
909,2021-10-22,485,15020,15505
909,2021-10-23,278,13002,13280
909,2021-10-24,106,9885,9991
909,2021-10-25,430,13474,13904
909,2021-10-26,454,13939,14393
909,2021-10-27,491,13917,14408
909,2021-10-28,423,14442,14865
909,2021-10-29,450,14925,15375
909,2021-10-30,204,12218,12422
909,2021-11-01,62,8282,8344
909,2021-11-02,384,14614,14998
909,2021-11-03,497,14760,15257
909,2021-11-04,426,14761,15187
909,2021-11-05,519,15288,15807
909,2021-11-06,251,12668,12919
909,2021-11-07,80,9045,9125
909,2021-11-08,626,13488,14114
909,2021-11-09,482,13772,14254
909,2021-11-10,444,13900,14344
909,2021-11-11,420,14378,14798
909,2021-11-12,469,14542,15011
909,2021-11-13,221,12155,12376
909,2021-11-14,63,8793,8856
909,2021-11-15,557,13430,13987
909,2021-11-16,708,13483,14191
909,2021-11-17,532,13552,14084
909,2021-11-18,499,13021,13520
909,2021-11-19,523,13742,14265
909,2021-11-20,291,11394,11685
909,2021-11-21,83,8301,8384
909,2021-11-22,505,12377,12882
909,2021-11-23,511,12707,13218
909,2021-11-24,471,12472,12943
909,2021-11-25,488,13334,13822
909,2021-11-26,620,13282,13902
909,2021-11-27,230,11021,11251
909,2021-11-28,73,8272,8345
909,2021-11-29,523,12701,13224
909,2021-11-30,407,12667,13074
909,2021-12-01,514,12570,13084
909,2021-12-02,436,13133,13569
909,2021-12-03,487,13679,14166
909,2021-12-04,222,11126,11348
909,2021-12-05,64,8253,8317
909,2021-12-06,532,12442,12974
909,2021-12-07,510,12880,13390
909,2021-12-08,500,12429,12929
909,2021-12-09,425,13191,13616
909,2021-12-10,407,13334,13741
909,2021-12-11,211,12219,12430
909,2021-12-12,62,8818,8880
909,2021-12-13,590,12505,13095
909,2021-12-14,554,13871,14425
909,2021-12-15,725,13516,14241
909,2021-12-16,579,13978,14557
909,2021-12-17,440,14484,14924
909,2021-12-18,177,11672,11849
909,2021-12-19,60,8703,8763
909,2021-12-20,377,12622,12999
909,2021-12-21,327,13310,13637
909,2021-12-22,337,12755,13092
909,2021-12-23,262,13359,13621
909,2021-12-24,197,11933,12130
909,2021-12-25,44,6319,6363
909,2021-12-26,56,6243,6299
909,2021-12-27,248,10215,10463
909,2021-12-28,266,10924,11190
909,2021-12-29,301,11098,11399
909,2021-12-30,246,11636,11882
909,2021-12-31,229,11189,11418
923,2021-01-01,41,2597,2638
923,2021-01-02,178,4530,4708
923,2021-01-03,52,3754,3806
923,2021-01-04,414,6402,6816
923,2021-01-05,489,6804,7293
923,2021-01-06,495,6672,7167
923,2021-01-07,538,6869,7407
923,2021-01-08,496,7280,7776
923,2021-01-09,234,4950,5184
923,2021-01-10,108,4473,4581
923,2021-01-11,563,8615,9178
923,2021-01-12,570,8731,9301
923,2021-01-13,616,8731,9347
923,2021-01-14,558,8234,8792
923,2021-01-15,622,8342,8964
923,2021-01-16,250,5698,5948
923,2021-01-17,111,4706,4817
923,2021-01-18,620,8548,9168
923,2021-01-19,618,8557,9175
923,2021-01-20,670,9022,9692
923,2021-01-21,670,8780,9450
923,2021-01-22,654,9024,9678
923,2021-01-23,268,6055,6323
923,2021-01-24,105,4637,4742
923,2021-01-25,655,8575,9230
923,2021-01-26,649,8934,9583
923,2021-01-27,630,8699,9329
923,2021-01-28,563,9002,9565
923,2021-01-29,595,8949,9544
923,2021-01-30,193,6093,6286
923,2021-01-31,84,4506,4590
923,2021-02-01,604,8877,9481
923,2021-02-02,665,9171,9836
923,2021-02-03,601,8852,9453
923,2021-02-04,658,9209,9867
923,2021-02-05,674,9314,9988
923,2021-02-06,221,6160,6381
923,2021-02-07,76,4460,4536
923,2021-02-08,570,8188,8758
923,2021-02-09,660,8435,9095
923,2021-02-10,685,8518,9203
923,2021-02-11,716,8543,9259
923,2021-02-12,714,8736,9450
923,2021-02-13,238,6171,6409
923,2021-02-14,81,4715,4796
923,2021-02-15,671,7744,8415
923,2021-02-16,738,8515,9253
923,2021-02-17,645,8498,9143
923,2021-02-18,737,8615,9352
923,2021-02-19,705,8623,9328
923,2021-02-20,282,6371,6653
923,2021-02-21,95,5616,5711
923,2021-02-22,712,8846,9558
923,2021-02-23,756,9203,9959
923,2021-02-24,771,9288,10059
923,2021-02-25,797,9399,10196
923,2021-02-26,720,9656,10376
923,2021-02-27,254,6543,6797
923,2021-02-28,76,5725,5801
923,2021-03-01,691,9296,9987
923,2021-03-02,861,9422,10283
923,2021-03-03,730,9260,9990
923,2021-03-04,706,9581,10287
923,2021-03-05,774,9488,10262
923,2021-03-06,239,6579,6818
923,2021-03-07,77,5580,5657
923,2021-03-08,810,9096,9906
923,2021-03-09,737,9048,9785
923,2021-03-10,786,9036,9822
923,2021-03-11,733,9133,9866
923,2021-03-12,705,9435,10140
923,2021-03-13,207,6121,6328
923,2021-03-14,61,4871,4932
923,2021-03-15,750,9006,9756
923,2021-03-16,748,9297,10045
923,2021-03-17,712,9118,9830
923,2021-03-18,766,9384,10150
923,2021-03-19,834,9416,10250
923,2021-03-20,265,6515,6780
923,2021-03-21,76,5318,5394
923,2021-03-22,820,8934,9754
923,2021-03-23,870,9241,10111
923,2021-03-24,990,9164,10154
923,2021-03-25,940,9243,10183
923,2021-03-26,826,9676,10502
923,2021-03-27,245,6695,6940
923,2021-03-29,765,9115,9880
923,2021-03-30,880,9709,10589
923,2021-03-31,788,9885,10673
923,2021-04-01,912,10029,10941
923,2021-04-02,814,10031,10845
923,2021-04-03,321,7355,7676
923,2021-04-04,135,5457,5592
923,2021-04-05,144,4917,5061
923,2021-04-06,815,8889,9704
923,2021-04-07,944,8720,9664
923,2021-04-08,914,9235,10149
923,2021-04-09,909,9060,9969
923,2021-04-10,260,6325,6585
923,2021-04-11,93,5139,5232
923,2021-04-12,888,8849,9737
923,2021-04-13,914,9044,9958
923,2021-04-14,882,9071,9953
923,2021-04-15,897,9156,10053
923,2021-04-16,909,9425,10334
923,2021-04-17,324,7128,7452
923,2021-04-18,137,5698,5835
923,2021-04-19,886,9320,10206
923,2021-04-20,846,9429,10275
923,2021-04-21,991,9509,10500
923,2021-04-22,842,9829,10671
923,2021-04-23,906,10048,10954
923,2021-04-24,284,8091,8375
923,2021-04-25,110,7435,7545
923,2021-04-26,822,9471,10293
923,2021-04-27,844,9915,10759
923,2021-04-28,809,9735,10544
923,2021-04-29,850,10012,10862
923,2021-04-30,808,10347,11155
923,2021-05-01,133,7747,7880
923,2021-05-02,119,7179,7298
923,2021-05-03,760,9499,10259
923,2021-05-04,796,9669,10465
923,2021-05-05,817,9722,10539
923,2021-05-06,795,9780,10575
923,2021-05-07,841,10124,10965
923,2021-05-08,301,7528,7829
923,2021-05-09,112,7389,7501
923,2021-05-10,940,9387,10327
923,2021-05-11,885,9792,10677
923,2021-05-12,981,10506,11487
923,2021-05-13,189,8196,8385
923,2021-05-14,597,9903,10500
923,2021-05-15,243,7964,8207
923,2021-05-16,175,6715,6890
923,2021-05-17,864,9469,10333
923,2021-05-18,950,9869,10819
923,2021-05-19,927,9830,10757
923,2021-05-20,889,10204,11093
923,2021-05-21,954,10512,11466
923,2021-05-22,295,7774,8069
923,2021-05-23,91,7067,7158
923,2021-05-24,157,6343,6500
923,2021-05-25,742,9604,10346
923,2021-05-26,821,9599,10420
923,2021-05-27,921,9866,10787
923,2021-05-28,849,10278,11127
923,2021-05-29,330,8343,8673
923,2021-05-30,162,7802,7964
923,2021-05-31,775,9862,10637
923,2021-06-01,795,10291,11086
923,2021-06-02,846,10078,10924
923,2021-06-03,824,10381,11205
923,2021-06-04,842,10536,11378
923,2021-06-05,269,7588,7857
923,2021-06-06,134,6901,7035
923,2021-06-07,773,9784,10557
923,2021-06-08,834,10214,11048
923,2021-06-09,846,10264,11110
923,2021-06-10,896,10600,11496
923,2021-06-11,870,11054,11924
923,2021-06-12,314,8763,9077
923,2021-06-13,138,7872,8010
923,2021-06-14,757,10027,10784
923,2021-06-15,850,10233,11083
923,2021-06-16,915,10383,11298
923,2021-06-17,860,10346,11206
923,2021-06-18,852,10895,11747
923,2021-06-19,317,8455,8772
923,2021-06-20,129,7654,7783
923,2021-06-21,825,9710,10535
923,2021-06-22,843,10311,11154
923,2021-06-23,190,6236,6426
923,2021-06-24,845,9641,10486
923,2021-06-25,897,10453,11350
923,2021-06-26,285,7989,8274
923,2021-06-27,131,6978,7109
923,2021-06-28,851,10180,11031
923,2021-06-29,883,10176,11059
923,2021-06-30,839,10210,11049
923,2021-07-01,790,10322,11112
923,2021-07-02,789,10901,11690
923,2021-07-03,302,8115,8417
923,2021-07-04,146,6985,7131
923,2021-07-05,785,9747,10532
923,2021-07-06,747,10151,10898
923,2021-07-07,818,9987,10805
923,2021-07-08,820,10330,11150
923,2021-07-09,862,10380,11242
923,2021-07-10,303,8140,8443
923,2021-07-11,112,7776,7888
923,2021-07-12,707,9909,10616
923,2021-07-13,611,9955,10566
923,2021-07-14,679,9771,10450
923,2021-07-15,657,8953,9610
923,2021-07-16,684,9984,10668
923,2021-07-17,317,7961,8278
923,2021-07-18,177,7882,8059
923,2021-07-19,697,10281,10978
923,2021-07-20,767,10560,11327
923,2021-07-21,773,10754,11527
923,2021-07-22,717,10606,11323
923,2021-07-23,746,11114,11860
923,2021-07-24,315,8177,8492
923,2021-07-25,188,7561,7749
923,2021-07-26,683,9847,10530
923,2021-07-27,718,9789,10507
923,2021-07-28,657,9949,10606
923,2021-07-29,674,10226,10900
923,2021-07-30,614,9911,10525
923,2021-07-31,340,7776,8116
923,2021-08-01,187,7191,7378
923,2021-08-02,581,8780,9361
923,2021-08-03,531,8961,9492
923,2021-08-04,573,9077,9650
923,2021-08-05,549,9043,9592
923,2021-08-06,543,9089,9632
923,2021-08-07,304,7246,7550
923,2021-08-08,152,7065,7217
923,2021-08-09,536,8446,8982
923,2021-08-10,523,8652,9175
923,2021-08-11,538,8810,9348
923,2021-08-12,527,9147,9674
923,2021-08-13,521,9370,9891
923,2021-08-14,294,8229,8523
923,2021-08-15,191,7609,7800
923,2021-08-16,571,8259,8830
923,2021-08-17,567,8365,8932
923,2021-08-18,527,8447,8974
923,2021-08-19,583,8789,9372
923,2021-08-20,621,9090,9711
923,2021-08-21,236,7914,8150
923,2021-08-22,144,6755,6899
923,2021-08-23,664,8756,9420
923,2021-08-24,677,9334,10011
923,2021-08-25,741,9301,10042
923,2021-08-26,707,9351,10058
923,2021-08-27,789,9689,10478
923,2021-08-28,264,7377,7641
923,2021-08-29,141,6605,6746
923,2021-08-30,729,8737,9466
923,2021-08-31,775,9200,9975
923,2021-09-01,753,9202,9955
923,2021-09-02,811,9658,10469
923,2021-09-03,795,10120,10915
923,2021-09-04,285,7988,8273
923,2021-09-05,162,7673,7835
923,2021-09-06,867,9814,10681
923,2021-09-07,837,10052,10889
923,2021-09-08,776,10012,10788
923,2021-09-09,812,9916,10728
923,2021-09-10,727,10002,10729
923,2021-09-11,242,7726,7968
923,2021-09-12,139,7739,7878
923,2021-09-13,763,10047,10810
923,2021-09-14,822,9982,10804
923,2021-09-15,690,9739,10429
923,2021-09-16,878,10384,11262
923,2021-09-17,806,11051,11857
923,2021-09-18,340,8872,9212
923,2021-09-19,177,8087,8264
923,2021-09-20,826,10134,10960
923,2021-09-21,852,10234,11086
923,2021-09-22,827,10534,11361
923,2021-09-23,815,10384,11199
923,2021-09-24,859,10728,11587
923,2021-09-25,341,8786,9127
923,2021-09-26,152,7977,8129
923,2021-09-27,776,9656,10432
923,2021-09-28,782,10184,10966
923,2021-09-29,774,9896,10670
923,2021-09-30,776,10572,11348
923,2021-10-01,791,10563,11354
923,2021-10-02,234,7985,8219
923,2021-10-03,93,6595,6688
923,2021-10-04,799,9947,10746
923,2021-10-05,776,9925,10701
923,2021-10-06,810,9845,10655
923,2021-10-07,820,10318,11138
923,2021-10-08,836,10387,11223
923,2021-10-09,328,8131,8459
923,2021-10-10,126,7534,7660
923,2021-10-11,788,9751,10539
923,2021-10-12,804,9837,10641
923,2021-10-13,781,9830,10611
923,2021-10-14,851,10002,10853
923,2021-10-15,881,10254,11135
923,2021-10-16,302,8082,8384
923,2021-10-17,119,7370,7489
923,2021-10-18,789,9863,10652
923,2021-10-19,839,10057,10896
923,2021-10-20,889,9784,10673
923,2021-10-21,790,9862,10652
923,2021-10-22,828,10532,11360
923,2021-10-23,350,7602,7952
923,2021-10-24,137,7367,7504
923,2021-10-25,798,9907,10705
923,2021-10-26,785,10106,10891
923,2021-10-27,774,10348,11122
923,2021-10-28,790,10640,11430
923,2021-10-29,763,10486,11249
923,2021-10-30,279,8051,8330
923,2021-11-01,147,6687,6834
923,2021-11-02,740,9217,9957
923,2021-11-03,736,9134,9870
923,2021-11-04,786,9207,9993
923,2021-11-05,848,9675,10523
923,2021-11-06,290,7012,7302
923,2021-11-07,135,6249,6384
923,2021-11-08,739,9200,9939
923,2021-11-09,744,9370,10114
923,2021-11-10,762,9742,10504
923,2021-11-11,670,9682,10352
923,2021-11-12,717,10105,10822
923,2021-11-13,239,7596,7835
923,2021-11-14,105,6413,6518
923,2021-11-15,739,9232,9971
923,2021-11-16,763,9240,10003
923,2021-11-17,732,9399,10131
923,2021-11-18,806,9659,10465
923,2021-11-19,742,10062,10804
923,2021-11-20,260,7253,7513
923,2021-11-21,88,6489,6577
923,2021-11-22,775,9317,10092
923,2021-11-23,804,9535,10339
923,2021-11-24,783,9725,10508
923,2021-11-25,878,9964,10842
923,2021-11-26,864,9957,10821
923,2021-11-27,211,6929,7140
923,2021-11-28,82,6031,6113
923,2021-11-29,732,9097,9829
923,2021-11-30,677,9368,10045
923,2021-12-01,846,9518,10364
923,2021-12-02,718,9457,10175
923,2021-12-03,763,9575,10338
923,2021-12-04,266,6919,7185
923,2021-12-05,77,5905,5982
923,2021-12-06,696,9022,9718
923,2021-12-07,724,9469,10193
923,2021-12-08,735,9361,10096
923,2021-12-09,747,9410,10157
923,2021-12-10,669,9286,9955
923,2021-12-11,210,6934,7144
923,2021-12-12,66,5669,5735
923,2021-12-13,735,9100,9835
923,2021-12-14,731,9615,10346
923,2021-12-15,743,9599,10342
923,2021-12-16,750,9917,10667
923,2021-12-17,726,9984,10710
923,2021-12-18,221,6933,7154
923,2021-12-19,92,5802,5894
923,2021-12-20,558,8305,8863
923,2021-12-21,550,8566,9116
923,2021-12-22,540,8425,8965
923,2021-12-23,475,8371,8846
923,2021-12-24,280,6320,6600
923,2021-12-25,42,3967,4009
923,2021-12-26,53,4125,4178
923,2021-12-27,320,6417,6737
923,2021-12-28,343,6893,7236
923,2021-12-29,312,6991,7303
923,2021-12-30,343,7029,7372
923,2021-12-31,267,6229,6496
926,2021-01-01,52,6171,6223
926,2021-01-02,254,10087,10341
926,2021-01-03,74,7974,8048
926,2021-01-04,445,15055,15500
926,2021-01-05,472,15687,16159
926,2021-01-06,481,15589,16070
926,2021-01-07,460,15913,16373
926,2021-01-08,406,16534,16940
926,2021-01-09,260,12874,13134
926,2021-01-10,71,9581,9652
926,2021-01-11,452,18739,19191
926,2021-01-12,431,18478,18909
926,2021-01-13,469,18900,19369
926,2021-01-14,390,17543,17933
926,2021-01-15,436,18055,18491
926,2021-01-16,260,14722,14982
926,2021-01-17,68,9157,9225
926,2021-01-18,452,18563,19015
926,2021-01-19,472,18800,19272
926,2021-01-20,480,18993,19473
926,2021-01-21,492,18702,19194
926,2021-01-22,422,19637,20059
926,2021-01-23,248,15579,15827
926,2021-01-24,67,10284,10351
926,2021-01-25,447,18464,18911
926,2021-01-26,486,19273,19759
926,2021-01-27,388,16518,16906
926,2021-01-28,473,18780,19253
926,2021-01-29,439,19775,20214
926,2021-01-30,330,15710,16040
926,2021-01-31,70,10097,10167
926,2021-02-01,485,18203,18688
926,2021-02-02,473,19191,19664
926,2021-02-03,427,18405,18832
926,2021-02-04,508,19598,20106
926,2021-02-05,513,19916,20429
926,2021-02-06,269,15681,15950
926,2021-02-07,70,10425,10495
926,2021-02-08,449,17532,17981
926,2021-02-09,460,18102,18562
926,2021-02-10,427,18448,18875
926,2021-02-11,451,18634,19085
926,2021-02-12,405,19657,20062
926,2021-02-13,270,15773,16043
926,2021-02-14,104,11164,11268
926,2021-02-15,476,17364,17840
926,2021-02-16,448,18445,18893
926,2021-02-17,506,18424,18930
926,2021-02-18,540,18295,18835
926,2021-02-19,522,19696,20218
926,2021-02-20,309,17061,17370
926,2021-02-21,54,12698,12752
926,2021-02-22,539,19239,19778
926,2021-02-23,581,18794,19375
926,2021-02-24,464,19705,20169
926,2021-02-25,447,19810,20257
926,2021-02-26,466,20400,20866
926,2021-02-27,291,17880,18171
926,2021-02-28,56,11811,11867
926,2021-03-01,443,19360,19803
926,2021-03-02,450,19434,19884
926,2021-03-03,418,19471,19889
926,2021-03-04,433,19532,19965
926,2021-03-05,448,20478,20926
926,2021-03-06,237,17545,17782
926,2021-03-07,56,12131,12187
926,2021-03-08,459,19360,19819
926,2021-03-09,485,19630,20115
926,2021-03-10,452,19540,19992
926,2021-03-11,409,19084,19493
926,2021-03-12,426,20312,20738
926,2021-03-13,219,15551,15770
926,2021-03-14,55,10571,10626
926,2021-03-15,445,19185,19630
926,2021-03-16,440,19481,19921
926,2021-03-17,372,19622,19994
926,2021-03-18,421,19594,20015
926,2021-03-19,445,20805,21250
926,2021-03-20,313,17418,17731
926,2021-03-21,43,11337,11380
926,2021-03-22,464,19209,19673
926,2021-03-23,452,19870,20322
926,2021-03-24,463,19690,20153
926,2021-03-25,439,19959,20398
926,2021-03-26,446,20605,21051
926,2021-03-27,247,16956,17203
926,2021-03-29,420,19493,19913
926,2021-03-30,443,20278,20721
926,2021-03-31,454,20049,20503
926,2021-04-01,448,20667,21115
926,2021-04-02,471,21125,21596
926,2021-04-03,307,18247,18554
926,2021-04-04,43,11724,11767
926,2021-04-05,60,9206,9266
926,2021-04-06,621,18725,19346
926,2021-04-07,619,19569,20188
926,2021-04-08,469,17634,18103
926,2021-04-09,528,20864,21392
926,2021-04-10,193,15908,16101
926,2021-04-11,39,9543,9582
926,2021-04-12,593,19111,19704
926,2021-04-13,620,19656,20276
926,2021-04-14,779,19452,20231
926,2021-04-15,568,19799,20367
926,2021-04-16,618,20269,20887
926,2021-04-17,274,17706,17980
926,2021-04-18,51,11804,11855
926,2021-04-19,477,19446,19923
926,2021-04-20,512,20016,20528
926,2021-04-21,498,19754,20252
926,2021-04-22,558,19994,20552
926,2021-04-23,521,20980,21501
926,2021-04-24,634,18643,19277
926,2021-04-25,55,13723,13778
926,2021-04-26,516,19599,20115
926,2021-04-27,481,19795,20276
926,2021-04-28,594,19991,20585
926,2021-04-29,605,20268,20873
926,2021-04-30,450,21457,21907
926,2021-05-01,73,13572,13645
926,2021-05-02,52,13126,13178
926,2021-05-03,477,19725,20202
926,2021-05-04,469,19339,19808
926,2021-05-05,471,19558,20029
926,2021-05-06,459,19126,19585
926,2021-05-07,482,21099,21581
926,2021-05-08,402,18400,18802
926,2021-05-09,229,13546,13775
926,2021-05-10,424,19190,19614
926,2021-05-11,435,20036,20471
926,2021-05-12,458,20885,21343
926,2021-05-13,71,12025,12096
926,2021-05-14,337,19908,20245
926,2021-05-15,420,16682,17102
926,2021-05-16,213,12057,12270
926,2021-05-17,378,19713,20091
926,2021-05-18,404,19919,20323
926,2021-05-19,389,19938,20327
926,2021-05-20,391,20029,20420
926,2021-05-21,452,21516,21968
926,2021-05-22,172,17834,18006
926,2021-05-23,172,13071,13243
926,2021-05-24,65,10112,10177
926,2021-05-25,417,19145,19562
926,2021-05-26,438,19033,19471
926,2021-05-27,458,19582,20040
926,2021-05-28,435,20946,21381
926,2021-05-29,154,16826,16980
926,2021-05-30,167,14252,14419
926,2021-05-31,400,19940,20340
926,2021-06-01,439,20612,21051
926,2021-06-02,627,19975,20602
926,2021-06-03,720,19996,20716
926,2021-06-04,556,20206,20762
926,2021-06-05,159,17015,17174
926,2021-06-06,64,12626,12690
926,2021-06-07,444,20124,20568
926,2021-06-08,475,20844,21319
926,2021-06-09,464,20593,21057
926,2021-06-10,452,20647,21099
926,2021-06-11,423,21831,22254
926,2021-06-12,176,19468,19644
926,2021-06-13,56,15013,15069
926,2021-06-14,647,20256,20903
926,2021-06-15,566,19489,20055
926,2021-06-16,475,19944,20419
926,2021-06-17,481,20719,21200
926,2021-06-18,507,21014,21521
926,2021-06-19,538,20710,21248
926,2021-06-20,181,15391,15572
926,2021-06-21,479,20197,20676
926,2021-06-22,517,20387,20904
926,2021-06-23,70,12108,12178
926,2021-06-24,495,19990,20485
926,2021-06-25,520,21160,21680
926,2021-06-26,398,19431,19829
926,2021-06-27,59,14437,14496
926,2021-06-28,441,19706,20147
926,2021-06-29,487,19980,20467
926,2021-06-30,461,20286,20747
926,2021-07-01,485,20989,21474
926,2021-07-02,418,21804,22222
926,2021-07-03,169,19555,19724
926,2021-07-04,80,13471,13551
926,2021-07-05,473,20070,20543
926,2021-07-06,430,20109,20539
926,2021-07-07,412,20813,21225
926,2021-07-08,406,20638,21044
926,2021-07-09,434,21006,21440
926,2021-07-10,290,20089,20379
926,2021-07-12,440,20970,21410
926,2021-07-13,420,18111,18531
926,2021-07-14,372,17345,17717
926,2021-07-15,402,20218,20620
926,2021-07-16,478,21743,22221
926,2021-07-17,181,18463,18644
926,2021-07-18,66,14318,14384
926,2021-07-19,370,19301,19671
926,2021-07-20,435,20049,20484
926,2021-07-21,367,20254,20621
926,2021-07-22,441,20291,20732
926,2021-07-23,426,20213,20639
926,2021-07-24,498,16506,17004
926,2021-07-25,67,12872,12939
926,2021-07-26,409,18719,19128
926,2021-07-27,416,18912,19328
926,2021-07-28,357,19724,20081
926,2021-07-29,355,19690,20045
926,2021-07-30,341,19407,19748
926,2021-07-31,172,15485,15657
926,2021-08-01,74,11656,11730
926,2021-08-02,267,16035,16302
926,2021-08-03,289,16006,16295
926,2021-08-04,280,16623,16903
926,2021-08-05,282,16347,16629
926,2021-08-06,276,16866,17142
926,2021-08-07,141,13690,13831
926,2021-08-08,75,10480,10555
926,2021-08-09,289,15525,15814
926,2021-08-10,273,16236,16509
926,2021-08-11,271,16281,16552
926,2021-08-12,293,16333,16626
926,2021-08-13,293,16596,16889
926,2021-08-14,151,13551,13702
926,2021-08-15,201,10742,10943
926,2021-08-16,301,14845,15146
926,2021-08-17,288,15580,15868
926,2021-08-18,283,15793,16076
926,2021-08-19,263,16171,16434
926,2021-08-20,278,16977,17255
926,2021-08-21,254,14521,14775
926,2021-08-22,206,11014,11220
926,2021-08-23,308,17303,17611
926,2021-08-24,302,18427,18729
926,2021-08-25,331,18329,18660
926,2021-08-26,376,17992,18368
926,2021-08-27,388,19098,19486
926,2021-08-28,410,15673,16083
926,2021-08-29,158,12089,12247
926,2021-08-30,660,18550,19210
926,2021-08-31,625,19393,20018
926,2021-09-01,688,20557,21245
926,2021-09-02,752,20409,21161
926,2021-09-03,663,20225,20888
926,2021-09-04,428,16195,16623
926,2021-09-05,218,13452,13670
926,2021-09-06,619,18486,19105
926,2021-09-07,572,18976,19548
926,2021-09-08,612,19248,19860
926,2021-09-09,590,18938,19528
926,2021-09-10,626,19607,20233
926,2021-09-11,377,17811,18188
926,2021-09-12,187,15087,15274
926,2021-09-13,404,20275,20679
926,2021-09-14,373,19905,20278
926,2021-09-15,384,19939,20323
926,2021-09-16,371,20487,20858
926,2021-09-17,374,21082,21456
926,2021-09-18,196,17160,17356
926,2021-09-19,155,13302,13457
926,2021-09-20,441,18575,19016
926,2021-09-21,429,19038,19467
926,2021-09-22,369,18801,19170
926,2021-09-23,380,20049,20429
926,2021-09-24,398,21387,21785
926,2021-09-25,195,18690,18885
926,2021-09-26,62,13240,13302
926,2021-09-27,442,18880,19322
926,2021-09-28,414,20047,20461
926,2021-09-29,472,20277,20749
926,2021-09-30,477,20660,21137
926,2021-10-01,507,21715,22222
926,2021-10-02,153,19507,19660
926,2021-10-03,72,13036,13108
926,2021-10-04,734,19572,20306
926,2021-10-05,631,18993,19624
926,2021-10-06,395,19903,20298
926,2021-10-07,436,20272,20708
926,2021-10-08,430,21570,22000
926,2021-10-09,162,19426,19588
926,2021-10-10,56,11837,11893
926,2021-10-11,673,19429,20102
926,2021-10-12,699,20004,20703
926,2021-10-13,483,20014,20497
926,2021-10-14,472,20132,20604
926,2021-10-15,452,21589,22041
926,2021-10-16,160,19054,19214
926,2021-10-17,73,13761,13834
926,2021-10-18,386,19693,20079
926,2021-10-19,388,20258,20646
926,2021-10-20,390,19963,20353
926,2021-10-21,386,19617,20003
926,2021-10-22,430,21452,21882
926,2021-10-23,153,19244,19397
926,2021-10-24,78,14834,14912
926,2021-10-25,405,20123,20528
926,2021-10-26,408,20378,20786
926,2021-10-27,431,20558,20989
926,2021-10-28,401,21017,21418
926,2021-10-29,457,21318,21775
926,2021-10-30,381,17864,18245
926,2021-11-01,197,12837,13034
926,2021-11-02,726,18651,19377
926,2021-11-03,740,18558,19298
926,2021-11-04,766,19576,20342
926,2021-11-05,758,18980,19738
926,2021-11-06,664,17981,18645
926,2021-11-07,212,11890,12102
926,2021-11-08,649,18916,19565
926,2021-11-09,427,19879,20306
926,2021-11-10,530,19700,20230
926,2021-11-11,416,20282,20698
926,2021-11-12,439,20775,21214
926,2021-11-13,171,17863,18034
926,2021-11-14,80,12881,12961
926,2021-11-15,416,19582,19998
926,2021-11-16,390,19981,20371
926,2021-11-17,468,19823,20291
926,2021-11-18,434,20155,20589
926,2021-11-19,470,21478,21948
926,2021-11-20,179,19224,19403
926,2021-11-21,60,13015,13075
926,2021-11-22,410,19706,20116
926,2021-11-23,476,20205,20681
926,2021-11-24,468,19715,20183
926,2021-11-25,482,19857,20339
926,2021-11-26,451,20535,20986
926,2021-11-27,173,18339,18512
926,2021-11-28,78,13979,14057
926,2021-11-29,444,19339,19783
926,2021-11-30,396,19053,19449
926,2021-12-01,338,19413,19751
926,2021-12-02,408,20130,20538
926,2021-12-03,439,20922,21361
926,2021-12-04,153,17703,17856
926,2021-12-05,78,12987,13065
926,2021-12-06,474,19414,19888
926,2021-12-07,438,19886,20324
926,2021-12-08,418,20320,20738
926,2021-12-09,406,20257,20663
926,2021-12-10,369,19748,20117
926,2021-12-11,164,18878,19042
926,2021-12-12,71,13682,13753
926,2021-12-13,399,19566,19965
926,2021-12-14,425,20562,20987
926,2021-12-15,452,20687,21139
926,2021-12-16,423,21129,21552
926,2021-12-17,351,21346,21697
926,2021-12-18,154,17887,18041
926,2021-12-19,63,13142,13205
926,2021-12-20,287,18715,19002
926,2021-12-21,306,19254,19560
926,2021-12-22,310,19207,19517
926,2021-12-23,278,19467,19745
926,2021-12-24,188,16597,16785
926,2021-12-25,40,8851,8891
926,2021-12-26,43,8800,8843
926,2021-12-27,225,14831,15056
926,2021-12-28,231,15181,15412
926,2021-12-29,210,15356,15566
926,2021-12-30,203,16369,16572
926,2021-12-31,200,15488,15688
927,2021-01-01,5,2530,2535
927,2021-01-02,48,3749,3797
927,2021-01-03,12,3046,3058
927,2021-01-04,192,6325,6517
927,2021-01-05,177,6825,7002
927,2021-01-06,206,6897,7103
927,2021-01-07,214,7140,7354
927,2021-01-08,226,7387,7613
927,2021-01-09,65,4729,4794
927,2021-01-10,27,3350,3377
927,2021-01-11,392,9259,9651
927,2021-01-12,383,9378,9761
927,2021-01-13,387,9466,9853
927,2021-01-14,407,9130,9537
927,2021-01-15,276,9179,9455
927,2021-01-16,100,5730,5830
927,2021-01-17,20,3068,3088
927,2021-01-18,390,9269,9659
927,2021-01-19,342,9347,9689
927,2021-01-20,417,9807,10224
927,2021-01-21,470,10283,10753
927,2021-01-22,410,10134,10544
927,2021-01-23,77,6294,6371
927,2021-01-24,6,3598,3604
927,2021-01-25,415,9561,9976
927,2021-01-26,481,9671,10152
927,2021-01-27,382,9203,9585
927,2021-01-28,442,10062,10504
927,2021-01-29,452,10118,10570
927,2021-01-30,75,6204,6279
927,2021-01-31,22,3548,3570
927,2021-02-01,511,9807,10318
927,2021-02-02,513,10072,10585
927,2021-02-03,446,9675,10121
927,2021-02-04,497,10204,10701
927,2021-02-05,471,10148,10619
927,2021-02-06,89,6339,6428
927,2021-02-07,17,3635,3652
927,2021-02-08,461,8922,9383
927,2021-02-09,473,9175,9648
927,2021-02-10,386,9330,9716
927,2021-02-11,374,9379,9753
927,2021-02-12,397,9690,10087
927,2021-02-13,120,4613,4733
927,2021-02-14,24,2903,2927
927,2021-02-15,272,6262,6534
927,2021-02-16,224,6931,7155
927,2021-02-17,274,6656,6930
927,2021-02-18,216,6567,6783
927,2021-02-19,237,6802,7039
927,2021-02-20,102,5268,5370
927,2021-02-21,19,4650,4669
927,2021-02-22,437,9291,9728
927,2021-02-23,401,10213,10614
927,2021-02-24,490,10280,10770
927,2021-02-25,496,10640,11136
927,2021-02-26,521,10322,10843
927,2021-02-27,104,6893,6997
927,2021-02-28,80,4672,4752
927,2021-03-01,578,9887,10465
927,2021-03-02,495,10360,10855
927,2021-03-03,608,10452,11060
927,2021-03-04,534,10294,10828
927,2021-03-05,548,10493,11041
927,2021-03-06,177,7011,7188
927,2021-03-07,46,4503,4549
927,2021-03-08,539,10144,10683
927,2021-03-09,576,10524,11100
927,2021-03-10,578,10486,11064
927,2021-03-11,536,10515,11051
927,2021-03-12,592,10477,11069
927,2021-03-13,93,6408,6501
927,2021-03-14,28,3760,3788
927,2021-03-15,475,10088,10563
927,2021-03-16,546,10532,11078
927,2021-03-17,528,10242,10770
927,2021-03-18,524,10865,11389
927,2021-03-19,567,10805,11372
927,2021-03-20,150,7074,7224
927,2021-03-21,27,4133,4160
927,2021-03-22,566,9946,10512
927,2021-03-23,518,10770,11288
927,2021-03-24,542,10909,11451
927,2021-03-25,510,10667,11177
927,2021-03-26,614,10944,11558
927,2021-03-27,169,7023,7192
927,2021-04-17,169,6643,6812
927,2021-04-18,39,4089,4128
927,2021-04-19,621,9916,10537
927,2021-04-20,572,10188,10760
927,2021-04-21,522,10581,11103
927,2021-04-22,597,11266,11863
927,2021-04-23,601,11225,11826
927,2021-04-24,196,7777,7973
927,2021-04-25,24,5099,5123
927,2021-04-26,596,10710,11306
927,2021-04-27,537,11086,11623
927,2021-04-28,619,11376,11995
927,2021-04-29,578,11796,12374
927,2021-04-30,554,11837,12391
927,2021-05-01,62,5019,5081
927,2021-05-02,25,4387,4412
927,2021-05-04,646,10942,11588
927,2021-05-05,537,10683,11220
927,2021-05-06,547,10589,11136
927,2021-05-07,590,11288,11878
927,2021-05-08,226,7561,7787
927,2021-05-09,36,5070,5106
927,2021-05-10,509,10217,10726
927,2021-05-11,550,11145,11695
927,2021-05-12,534,11657,12191
927,2021-05-13,38,4249,4287
927,2021-05-14,341,10865,11206
927,2021-05-15,212,6881,7093
927,2021-05-16,32,4188,4220
927,2021-05-17,536,10508,11044
927,2021-05-18,578,10852,11430
927,2021-05-19,515,10944,11459
927,2021-05-20,567,11150,11717
927,2021-05-21,573,11624,12197
927,2021-05-22,267,8122,8389
927,2021-05-23,29,4694,4723
927,2021-05-24,31,3694,3725
927,2021-05-25,693,9885,10578
927,2021-05-26,721,9361,10082
927,2021-05-27,351,9986,10337
927,2021-05-28,390,10589,10979
927,2021-05-29,232,6992,7224
927,2021-05-30,56,5264,5320
927,2021-05-31,583,11105,11688
927,2021-06-01,574,12361,12935
927,2021-06-02,552,11785,12337
927,2021-06-03,565,11434,11999
927,2021-06-04,706,11916,12622
927,2021-06-05,303,8387,8690
927,2021-06-06,45,4961,5006
927,2021-06-07,709,10994,11703
927,2021-06-08,644,11847,12491
927,2021-06-09,606,12289,12895
927,2021-06-10,580,12042,12622
927,2021-06-11,526,12170,12696
927,2021-06-12,244,8133,8377
927,2021-06-13,56,5866,5922
927,2021-06-14,527,11254,11781
927,2021-06-15,603,11846,12449
927,2021-06-16,631,11466,12097
927,2021-06-17,613,11865,12478
927,2021-06-18,586,11931,12517
927,2021-06-19,252,8544,8796
927,2021-06-20,42,5322,5364
927,2021-06-21,541,10917,11458
927,2021-06-22,522,11489,12011
927,2021-06-23,46,4427,4473
927,2021-06-24,539,11202,11741
927,2021-06-25,580,11564,12144
927,2021-06-26,173,8130,8303
927,2021-06-27,48,5395,5443
927,2021-06-28,526,11101,11627
927,2021-06-29,504,11239,11743
927,2021-06-30,639,11740,12379
927,2021-07-01,562,11880,12442
927,2021-07-02,568,12179,12747
927,2021-07-03,127,7400,7527
927,2021-07-04,24,4678,4702
927,2021-07-05,517,11165,11682
927,2021-07-06,560,11397,11957
927,2021-07-07,548,11757,12305
927,2021-07-08,532,11921,12453
927,2021-07-09,518,12342,12860
927,2021-07-10,178,7652,7830
927,2021-07-12,502,11343,11845
927,2021-07-13,601,12085,12686
927,2021-07-15,531,12140,12671
927,2021-07-16,466,11983,12449
927,2021-07-17,160,7464,7624
927,2021-07-18,23,5522,5545
927,2021-07-19,506,10738,11244
927,2021-07-20,479,10898,11377
927,2021-07-21,535,10923,11458
927,2021-07-22,529,11078,11607
927,2021-07-23,592,11625,12217
927,2021-07-24,198,7181,7379
927,2021-07-25,47,5371,5418
927,2021-07-26,562,10050,10612
927,2021-07-27,518,10406,10924
927,2021-07-28,443,10741,11184
927,2021-07-29,424,10570,10994
927,2021-07-30,315,9730,10045
927,2021-07-31,141,6061,6202
927,2021-08-01,128,4521,4649
927,2021-08-02,278,7815,8093
927,2021-08-03,222,7870,8092
927,2021-08-04,223,7837,8060
927,2021-08-05,209,8084,8293
927,2021-08-06,241,8025,8266
927,2021-08-07,87,5373,5460
927,2021-08-08,29,3982,4011
927,2021-08-09,216,7111,7327
927,2021-08-10,216,7326,7542
927,2021-08-11,248,7375,7623
927,2021-08-12,299,7661,7960
927,2021-08-13,328,7706,8034
927,2021-08-14,246,5585,5831
927,2021-08-15,207,4341,4548
927,2021-08-16,273,6663,6936
927,2021-08-17,270,7009,7279
927,2021-08-18,207,7308,7515
927,2021-08-19,195,7433,7628
927,2021-08-20,206,7608,7814
927,2021-08-21,183,5427,5610
927,2021-08-22,27,3929,3956
927,2021-08-23,343,7800,8143
927,2021-08-24,378,8234,8612
927,2021-08-25,401,8415,8816
927,2021-08-26,397,8342,8739
927,2021-08-27,422,8701,9123
927,2021-08-28,136,5473,5609
927,2021-08-29,30,4588,4618
927,2021-08-30,479,9644,10123
927,2021-08-31,488,9673,10161
927,2021-09-01,422,8308,8730
927,2021-09-02,529,9922,10451
927,2021-09-03,458,9797,10255
927,2021-09-04,306,7502,7808
927,2021-09-05,54,5427,5481
927,2021-09-06,291,5730,6021
927,2021-09-07,228,4728,4956
927,2021-09-08,187,5660,5847
927,2021-09-09,434,8845,9279
927,2021-09-10,550,9405,9955
927,2021-09-11,137,6857,6994
927,2021-09-12,30,5318,5348
927,2021-09-13,567,10611,11178
927,2021-09-14,667,11589,12256
927,2021-09-15,599,11083,11682
927,2021-09-16,553,11814,12367
927,2021-09-17,620,11276,11896
927,2021-09-18,246,9697,9943
927,2021-09-19,62,5889,5951
927,2021-09-20,592,11094,11686
927,2021-09-21,573,11583,12156
927,2021-09-22,674,11201,11875
927,2021-09-23,739,12233,12972
927,2021-09-24,606,11962,12568
927,2021-09-25,223,9969,10192
927,2021-09-26,47,5253,5300
927,2021-09-27,559,11399,11958
927,2021-09-28,574,11295,11869
927,2021-09-29,616,11498,12114
927,2021-09-30,683,11710,12393
927,2021-10-01,599,11569,12168
927,2021-10-02,184,7546,7730
927,2021-10-03,27,4834,4861
927,2021-10-04,582,10844,11426
927,2021-10-05,663,11963,12626
927,2021-10-06,569,11440,12009
927,2021-10-07,586,12426,13012
927,2021-10-08,575,11913,12488
927,2021-10-09,171,6597,6768
927,2021-10-10,75,4394,4469
927,2021-10-11,643,10843,11486
927,2021-10-12,802,11572,12374
927,2021-10-13,695,11526,12221
927,2021-10-14,681,12316,12997
927,2021-10-15,695,12246,12941
927,2021-10-16,169,7693,7862
927,2021-10-17,34,4750,4784
927,2021-10-18,692,11240,11932
927,2021-10-19,650,11816,12466
927,2021-10-20,645,11352,11997
927,2021-10-22,458,10582,11040
927,2021-10-23,162,7814,7976
927,2021-10-24,21,5708,5729
927,2021-10-25,556,10869,11425
927,2021-10-26,471,11478,11949
927,2021-10-27,581,11820,12401
927,2021-10-28,608,12033,12641
927,2021-10-29,495,12221,12716
927,2021-10-30,142,6819,6961
927,2021-11-01,25,4165,4190
927,2021-11-02,406,8252,8658
927,2021-11-03,319,7785,8104
927,2021-11-04,333,7389,7722
927,2021-11-05,383,7999,8382
927,2021-11-06,188,6523,6711
927,2021-11-07,15,4024,4039
927,2021-11-08,534,10381,10915
927,2021-11-09,607,11024,11631
927,2021-11-10,590,11702,12292
927,2021-11-11,528,11194,11722
927,2021-11-12,580,11047,11627
927,2021-11-13,159,6613,6772
927,2021-11-14,33,4412,4445
927,2021-11-15,485,10188,10673
927,2021-11-16,558,10726,11284
927,2021-11-17,612,10452,11064
927,2021-11-18,557,10823,11380
927,2021-11-19,560,11159,11719
927,2021-11-20,147,6955,7102
927,2021-11-21,30,4312,4342
927,2021-11-22,590,9903,10493
927,2021-11-23,593,10518,11111
927,2021-11-24,580,10563,11143
927,2021-11-25,642,10844,11486
927,2021-11-26,540,11751,12291
927,2021-11-27,152,6856,7008
927,2021-11-28,15,4316,4331
927,2021-11-29,557,9613,10170
927,2021-11-30,461,10206,10667
927,2021-12-01,501,10190,10691
927,2021-12-02,480,10497,10977
927,2021-12-03,505,10567,11072
927,2021-12-04,106,7088,7194
927,2021-12-05,19,4248,4267
927,2021-12-06,543,9731,10274
927,2021-12-07,602,10227,10829
927,2021-12-08,530,10264,10794
927,2021-12-09,631,10589,11220
927,2021-12-10,481,10122,10603
927,2021-12-11,103,6512,6615
927,2021-12-12,31,4339,4370
927,2021-12-13,706,9735,10441
927,2021-12-14,709,10349,11058
927,2021-12-15,686,10564,11250
927,2021-12-16,715,10776,11491
927,2021-12-17,491,10827,11318
927,2021-12-18,123,6020,6143
927,2021-12-19,37,4232,4269
927,2021-12-20,278,8211,8489
927,2021-12-21,265,8389,8654
927,2021-12-22,272,8193,8465
927,2021-12-23,246,7930,8176
927,2021-12-24,144,6036,6180
927,2021-12-25,25,3439,3464
927,2021-12-26,23,3219,3242
927,2021-12-27,165,5524,5689
927,2021-12-28,166,5973,6139
927,2021-12-29,141,6072,6213
927,2021-12-30,172,6237,6409
927,2021-12-31,126,5491,5617
928,2021-01-01,55,3244,3299
928,2021-01-02,165,4448,4613
928,2021-01-03,60,3818,3878
928,2021-01-04,269,6304,6573
928,2021-01-05,263,6453,6716
928,2021-01-06,264,6651,6915
928,2021-01-07,284,6714,6998
928,2021-01-08,281,7043,7324
928,2021-01-09,186,5619,5805
928,2021-01-10,59,4350,4409
928,2021-01-11,321,9054,9375
928,2021-01-12,306,9052,9358
928,2021-01-13,314,9110,9424
928,2021-01-14,257,7543,7800
928,2021-01-15,304,8422,8726
928,2021-01-16,182,6603,6785
928,2021-01-17,56,4390,4446
928,2021-01-18,296,8853,9149
928,2021-01-19,310,8965,9275
928,2021-01-20,297,9200,9497
928,2021-01-21,291,8803,9094
928,2021-01-22,274,9674,9948
928,2021-01-23,203,7458,7661
928,2021-01-24,62,4657,4719
928,2021-01-25,305,8907,9212
928,2021-01-26,348,9259,9607
928,2021-01-27,253,9622,9875
928,2021-01-28,264,10291,10555
928,2021-01-29,255,10822,11077
928,2021-01-30,189,7519,7708
928,2021-01-31,51,5186,5237
928,2021-02-01,239,10161,10400
928,2021-02-02,221,8438,8659
928,2021-02-03,281,10236,10517
928,2021-02-04,289,10107,10396
928,2021-02-05,272,10773,11045
928,2021-02-06,174,8025,8199
928,2021-02-07,57,5299,5356
928,2021-02-08,286,9144,9430
928,2021-02-09,277,9029,9306
928,2021-02-10,288,9012,9300
928,2021-02-11,298,8748,9046
928,2021-02-12,311,8918,9229
928,2021-02-13,238,7641,7879
928,2021-02-14,53,5229,5282
928,2021-02-15,301,8227,8528
928,2021-02-16,380,8848,9228
928,2021-02-17,385,8951,9336
928,2021-02-18,410,8724,9134
928,2021-02-19,403,9218,9621
928,2021-02-20,324,7958,8282
928,2021-02-21,107,5963,6070
928,2021-02-22,332,9363,9695
928,2021-02-23,331,9628,9959
928,2021-02-24,323,9983,10306
928,2021-02-25,324,9966,10290
928,2021-02-26,345,10564,10909
928,2021-02-27,232,8568,8800
928,2021-02-28,56,5786,5842
928,2021-03-01,345,10058,10403
928,2021-03-02,321,9953,10274
928,2021-03-03,330,9911,10241
928,2021-03-04,332,9770,10102
928,2021-03-05,330,10321,10651
928,2021-03-06,241,8318,8559
928,2021-03-07,54,5616,5670
928,2021-03-08,338,9733,10071
928,2021-03-09,336,9569,9905
928,2021-03-10,351,9968,10319
928,2021-03-11,368,9673,10041
928,2021-03-12,390,10210,10600
928,2021-03-13,230,7842,8072
928,2021-03-14,60,5332,5392
928,2021-03-15,372,9618,9990
928,2021-03-16,342,9748,10090
928,2021-03-17,364,9985,10349
928,2021-03-18,355,9876,10231
928,2021-03-19,350,10503,10853
928,2021-03-20,271,8517,8788
928,2021-03-21,56,5528,5584
928,2021-03-22,354,9687,10041
928,2021-03-23,362,10096,10458
928,2021-03-24,371,10009,10380
928,2021-03-25,357,10028,10385
928,2021-03-26,343,10201,10544
928,2021-03-27,334,8277,8611
928,2021-03-29,334,10052,10386
928,2021-03-30,305,10362,10667
928,2021-03-31,334,10647,10981
928,2021-04-01,329,10519,10848
928,2021-04-02,366,12085,12451
928,2021-04-03,245,9079,9324
928,2021-04-04,56,5850,5906
928,2021-04-05,54,4875,4929
928,2021-04-06,300,8923,9223
928,2021-04-07,321,9129,9450
928,2021-04-08,327,9359,9686
928,2021-04-09,312,9883,10195
928,2021-04-10,203,7790,7993
928,2021-04-11,48,4743,4791
928,2021-04-12,322,9297,9619
928,2021-04-13,292,9201,9493
928,2021-04-14,314,9559,9873
928,2021-04-15,312,9713,10025
928,2021-04-16,320,10084,10404
928,2021-04-17,228,8485,8713
928,2021-04-18,58,5561,5619
928,2021-04-19,339,9776,10115
928,2021-04-20,326,10042,10368
928,2021-04-21,325,10193,10518
928,2021-04-22,367,10667,11034
928,2021-04-23,340,10788,11128
928,2021-04-24,261,9006,9267
928,2021-04-25,52,6377,6429
928,2021-04-26,341,10190,10531
928,2021-04-27,328,10256,10584
928,2021-04-28,342,10384,10726
928,2021-04-29,351,10309,10660
928,2021-04-30,350,11314,11664
928,2021-05-01,65,6590,6655
928,2021-05-02,54,5829,5883
928,2021-05-03,324,10699,11023
928,2021-05-04,317,10449,10766
928,2021-05-05,318,10147,10465
928,2021-05-06,339,10181,10520
928,2021-05-07,332,10986,11318
928,2021-05-08,229,9145,9374
928,2021-05-09,57,6565,6622
928,2021-05-10,390,9968,10358
928,2021-05-11,335,10421,10756
928,2021-05-12,333,10899,11232
928,2021-05-13,58,6194,6252
928,2021-05-14,337,11419,11756
928,2021-05-15,223,9491,9714
928,2021-05-16,77,5795,5872
928,2021-05-17,372,10427,10799
928,2021-05-18,330,10631,10961
928,2021-05-19,336,10470,10806
928,2021-05-20,320,10622,10942
928,2021-05-21,343,10868,11211
928,2021-05-22,227,8336,8563
928,2021-05-23,53,6058,6111
928,2021-05-24,56,5023,5079
928,2021-05-25,321,9581,9902
928,2021-05-26,304,9457,9761
928,2021-05-27,319,9730,10049
928,2021-05-28,289,11133,11422
928,2021-05-29,195,9417,9612
928,2021-05-30,48,7189,7237
928,2021-05-31,361,10699,11060
928,2021-06-01,308,10994,11302
928,2021-06-02,314,10889,11203
928,2021-06-03,355,10662,11017
928,2021-06-04,344,11674,12018
928,2021-06-05,242,12465,12707
928,2021-06-06,67,8446,8513
928,2021-06-07,329,10487,10816
928,2021-06-08,363,11095,11458
928,2021-06-09,337,11302,11639
928,2021-06-10,341,11215,11556
928,2021-06-11,359,12065,12424
928,2021-06-12,229,9957,10186
928,2021-06-13,52,7963,8015
928,2021-06-14,489,15888,16377
928,2021-06-15,469,16008,16477
928,2021-06-16,416,13295,13711
928,2021-06-17,323,11380,11703
928,2021-06-18,335,11479,11814
928,2021-06-19,225,9948,10173
928,2021-06-20,56,6828,6884
928,2021-06-21,325,10938,11263
928,2021-06-22,364,11342,11706
928,2021-06-23,62,6404,6466
928,2021-06-24,372,10601,10973
928,2021-06-25,312,11284,11596
928,2021-06-26,233,9595,9828
928,2021-06-27,59,6829,6888
928,2021-06-28,324,10525,10849
928,2021-06-29,329,10818,11147
928,2021-06-30,350,11201,11551
928,2021-07-01,332,10959,11291
928,2021-07-02,307,11509,11816
928,2021-07-03,234,9534,9768
928,2021-07-04,86,6834,6920
928,2021-07-05,331,10306,10637
928,2021-07-06,332,10432,10764
928,2021-07-07,349,11150,11499
928,2021-07-08,337,10976,11313
928,2021-07-09,302,11356,11658
928,2021-07-10,231,9497,9728
928,2021-07-11,62,7028,7090
928,2021-07-12,292,10754,11046
928,2021-07-13,286,10402,10688
928,2021-07-14,277,9705,9982
928,2021-07-15,278,10549,10827
928,2021-07-16,312,10768,11080
928,2021-07-17,213,9260,9473
928,2021-07-18,74,7061,7135
928,2021-07-19,269,10280,10549
928,2021-07-20,280,10415,10695
928,2021-07-21,272,10302,10574
928,2021-07-22,299,10230,10529
928,2021-07-23,281,10120,10401
928,2021-07-24,223,8368,8591
928,2021-07-25,77,5915,5992
928,2021-07-26,287,8936,9223
928,2021-07-27,313,8899,9212
928,2021-07-28,291,9598,9889
928,2021-07-29,265,9363,9628
928,2021-07-30,248,8826,9074
928,2021-07-31,218,7102,7320
928,2021-08-01,70,5206,5276
928,2021-08-02,259,7333,7592
928,2021-08-03,258,7055,7313
928,2021-08-04,243,7453,7696
928,2021-08-05,268,7028,7296
928,2021-08-06,261,7198,7459
928,2021-08-07,235,5840,6075
928,2021-08-08,65,4283,4348
928,2021-08-09,243,6883,7126
928,2021-08-10,254,6865,7119
928,2021-08-11,256,6998,7254
928,2021-08-12,253,7016,7269
928,2021-08-13,250,7265,7515
928,2021-08-14,201,6132,6333
928,2021-08-15,65,4921,4986
928,2021-08-16,248,6563,6811
928,2021-08-17,261,6563,6824
928,2021-08-18,258,6727,6985
928,2021-08-19,263,6871,7134
928,2021-08-20,259,7210,7469
928,2021-08-21,227,6446,6673
928,2021-08-22,72,5078,5150
928,2021-08-23,253,7720,7973
928,2021-08-24,259,8170,8429
928,2021-08-25,274,8432,8706
928,2021-08-26,299,8137,8436
928,2021-08-27,281,8808,9089
928,2021-08-28,221,7613,7834
928,2021-08-29,70,7593,7663
928,2021-08-30,320,9310,9630
928,2021-08-31,323,9711,10034
928,2021-09-01,339,9796,10135
928,2021-09-02,344,10054,10398
928,2021-09-03,350,10821,11171
928,2021-09-04,242,12451,12693
928,2021-09-05,73,9631,9704
928,2021-09-06,315,9774,10089
928,2021-09-07,327,9778,10105
928,2021-09-08,288,9919,10207
928,2021-09-09,296,9883,10179
928,2021-09-10,304,10139,10443
928,2021-09-11,232,9126,9358
928,2021-09-12,73,6908,6981
928,2021-09-13,244,10017,10261
928,2021-09-14,254,10365,10619
928,2021-09-15,259,10054,10313
928,2021-09-16,281,10498,10779
928,2021-09-17,348,10943,11291
928,2021-09-18,192,9140,9332
928,2021-09-19,72,6867,6939
928,2021-09-20,326,10320,10646
928,2021-09-21,246,10531,10777
928,2021-09-22,300,10246,10546
928,2021-09-23,243,10568,10811
928,2021-09-24,271,10629,10900
928,2021-09-25,197,9597,9794
928,2021-09-26,64,6624,6688
928,2021-09-27,291,10372,10663
928,2021-09-28,289,10620,10909
928,2021-09-29,305,10386,10691
928,2021-09-30,298,10814,11112
928,2021-10-01,281,11398,11679
928,2021-10-02,194,11068,11262
928,2021-10-03,71,6747,6818
928,2021-10-04,284,10525,10809
928,2021-10-05,269,10366,10635
928,2021-10-06,284,10392,10676
928,2021-10-07,275,10727,11002
928,2021-10-08,261,10861,11122
928,2021-10-09,217,9387,9604
928,2021-10-10,72,7201,7273
928,2021-10-11,281,10158,10439
928,2021-10-12,297,10578,10875
928,2021-10-13,298,10439,10737
928,2021-10-14,300,10936,11236
928,2021-10-15,299,11161,11460
928,2021-10-16,178,9563,9741
928,2021-10-17,73,6764,6837
928,2021-10-18,276,9750,10026
928,2021-10-19,250,9796,10046
928,2021-10-20,259,9384,9643
928,2021-10-21,288,9446,9734
928,2021-10-22,287,9711,9998
928,2021-10-23,256,10280,10536
928,2021-10-24,74,6888,6962
928,2021-10-25,271,9343,9614
928,2021-10-26,269,9735,10004
928,2021-10-27,255,10146,10401
928,2021-10-28,285,10738,11023
928,2021-10-29,267,11216,11483
928,2021-10-30,196,8650,8846
928,2021-11-01,64,6115,6179
928,2021-11-02,210,8919,9129
928,2021-11-03,223,9150,9373
928,2021-11-04,277,9178,9455
928,2021-11-05,250,9676,9926
928,2021-11-06,192,8607,8799
928,2021-11-07,67,6255,6322
928,2021-11-08,282,9853,10135
928,2021-11-09,285,10217,10502
928,2021-11-10,280,10238,10518
928,2021-11-11,261,10518,10779
928,2021-11-12,279,11057,11336
928,2021-11-13,287,9184,9471
928,2021-11-14,116,6311,6427
928,2021-11-15,344,10220,10564
928,2021-11-16,324,10613,10937
928,2021-11-17,246,10373,10619
928,2021-11-18,291,10352,10643
928,2021-11-19,277,10855,11132
928,2021-11-20,189,9413,9602
928,2021-11-21,75,6209,6284
928,2021-11-22,287,10249,10536
928,2021-11-23,254,10500,10754
928,2021-11-24,327,10267,10594
928,2021-11-25,299,10391,10690
928,2021-11-26,288,11296,11584
928,2021-11-27,178,9182,9360
928,2021-11-28,69,6730,6799
928,2021-11-29,271,10289,10560
928,2021-11-30,282,10516,10798
928,2021-12-01,275,10544,10819
928,2021-12-02,278,10682,10960
928,2021-12-03,288,11019,11307
928,2021-12-04,182,9084,9266
928,2021-12-05,73,6737,6810
928,2021-12-06,273,10073,10346
928,2021-12-07,250,10291,10541
928,2021-12-08,257,10277,10534
928,2021-12-09,265,10549,10814
928,2021-12-10,199,9396,9595
928,2021-12-11,211,9404,9615
928,2021-12-12,71,6785,6856
928,2021-12-13,254,10270,10524
928,2021-12-14,244,10776,11020
928,2021-12-15,260,10560,10820
928,2021-12-16,253,11023,11276
928,2021-12-17,224,11172,11396
928,2021-12-18,189,8480,8669
928,2021-12-19,71,6074,6145
928,2021-12-20,214,8703,8917
928,2021-12-21,201,8788,8989
928,2021-12-22,210,8662,8872
928,2021-12-23,197,8902,9099
928,2021-12-24,159,8052,8211
928,2021-12-25,51,4569,4620
928,2021-12-26,56,4366,4422
928,2021-12-27,178,6957,7135
928,2021-12-28,194,6927,7121
928,2021-12-29,191,7254,7445
928,2021-12-30,193,7662,7855
928,2021-12-31,188,7354,7542
939,2021-01-01,134,4143,4277
939,2021-01-02,313,6847,7160
939,2021-01-03,168,5568,5736
939,2021-01-04,906,9163,10069
939,2021-01-05,988,9669,10657
939,2021-01-06,1030,9665,10695
939,2021-01-07,1104,10235,11339
939,2021-01-08,1066,10437,11503
939,2021-01-09,501,7947,8448
939,2021-01-10,230,6550,6780
939,2021-01-11,1279,11678,12957
939,2021-01-12,1244,11506,12750
939,2021-01-13,1499,11875,13374
939,2021-01-14,1310,10875,12185
939,2021-01-15,1318,11971,13289
939,2021-01-16,494,8378,8872
939,2021-01-17,229,5628,5857
939,2021-01-18,1348,11529,12877
939,2021-01-19,1426,12072,13498
939,2021-01-20,1743,12318,14061
939,2021-01-21,1502,12397,13899
939,2021-01-22,1514,12801,14315
939,2021-01-23,540,8180,8720
939,2021-01-24,267,5572,5839
939,2021-01-25,1312,11135,12447
939,2021-01-26,1621,12484,14105
939,2021-01-27,1410,11741,13151
939,2021-01-28,1345,12229,13574
939,2021-01-29,1375,12954,14329
939,2021-01-30,414,8031,8445
939,2021-01-31,156,5035,5191
939,2021-02-01,1530,12000,13530
939,2021-02-02,1493,12185,13678
939,2021-02-03,1473,12358,13831
939,2021-02-04,1601,12762,14363
939,2021-02-05,1613,12904,14517
939,2021-02-06,432,8453,8885
939,2021-02-07,169,5204,5373
939,2021-02-08,1433,11577,13010
939,2021-02-09,1471,11614,13085
939,2021-02-10,1392,11596,12988
939,2021-02-11,1394,11946,13340
939,2021-02-12,1423,12292,13715
939,2021-02-13,522,8653,9175
939,2021-02-14,203,5815,6018
939,2021-02-15,1287,10520,11807
939,2021-02-16,1562,12386,13948
939,2021-02-17,1557,11995,13552
939,2021-02-18,1543,12121,13664
939,2021-02-19,1591,12743,14334
939,2021-02-20,473,8709,9182
939,2021-02-21,191,6567,6758
939,2021-02-22,1580,11709,13289
939,2021-02-23,1789,12706,14495
939,2021-02-24,1749,12582,14331
939,2021-02-25,1671,13157,14828
939,2021-02-26,1660,13257,14917
939,2021-02-27,580,9153,9733
939,2021-02-28,202,6512,6714
939,2021-03-01,1666,12461,14127
939,2021-03-02,1748,12973,14721
939,2021-03-03,1841,12780,14621
939,2021-03-04,1669,13143,14812
939,2021-03-05,1669,13341,15010
939,2021-03-06,635,8734,9369
939,2021-03-07,199,6425,6624
939,2021-03-08,1778,12132,13910
939,2021-03-09,1674,12232,13906
939,2021-03-10,1930,12539,14469
939,2021-03-11,1519,11946,13465
939,2021-03-12,1743,13044,14787
939,2021-03-13,487,8376,8863
939,2021-03-14,193,5932,6125
939,2021-03-15,1654,12212,13866
939,2021-03-16,1653,12799,14452
939,2021-03-17,1816,12477,14293
939,2021-03-18,1733,12772,14505
939,2021-03-19,1772,13197,14969
939,2021-03-20,519,8700,9219
939,2021-03-21,190,6414,6604
939,2021-03-22,1735,12181,13916
939,2021-03-23,1834,12859,14693
939,2021-03-24,1788,12943,14731
939,2021-03-25,1783,13084,14867
939,2021-03-26,1877,13442,15319
939,2021-03-27,670,8797,9467
939,2021-03-29,1855,12594,14449
939,2021-03-30,1975,13342,15317
939,2021-03-31,1938,13091,15029
939,2021-04-01,1904,13351,15255
939,2021-04-02,1874,14029,15903
939,2021-04-03,624,9292,9916
939,2021-04-04,210,6299,6509
939,2021-04-05,305,5544,5849
939,2021-04-06,1579,11320,12899
939,2021-04-07,1635,12082,13717
939,2021-04-08,1822,13148,14970
939,2021-04-09,1902,13446,15348
939,2021-04-10,785,8433,9218
939,2021-04-11,301,5833,6134
939,2021-04-12,1825,12430,14255
939,2021-04-13,1811,13212,15023
939,2021-04-14,1811,13160,14971
939,2021-04-15,1826,13257,15083
939,2021-04-16,1874,13588,15462
939,2021-04-17,591,8923,9514
939,2021-04-18,246,6606,6852
939,2021-04-19,1941,12123,14064
939,2021-04-20,1827,12929,14756
939,2021-04-21,1767,11811,13578
939,2021-04-22,1897,13454,15351
939,2021-04-23,1835,13692,15527
939,2021-04-24,603,9684,10287
939,2021-04-25,229,7954,8183
939,2021-04-26,1804,12532,14336
939,2021-04-27,1882,13256,15138
939,2021-04-28,1725,12986,14711
939,2021-04-29,1849,13308,15157
939,2021-04-30,1916,14055,15971
939,2021-05-01,327,7181,7508
939,2021-05-02,231,7461,7692
939,2021-05-03,1754,12626,14380
939,2021-05-04,1711,13086,14797
939,2021-05-05,1743,12954,14697
939,2021-05-06,1736,13358,15094
939,2021-05-07,1820,14035,15855
939,2021-05-08,544,9261,9805
939,2021-05-09,238,7466,7704
939,2021-05-10,1750,12551,14301
939,2021-05-11,1824,13315,15139
939,2021-05-12,1955,14155,16110
939,2021-05-13,433,7283,7716
939,2021-05-14,1298,12235,13533
939,2021-05-15,697,9712,10409
939,2021-05-16,467,7467,7934
939,2021-05-17,1798,12855,14653
939,2021-05-18,1806,13532,15338
939,2021-05-19,1799,13373,15172
939,2021-05-20,1830,14343,16173
939,2021-05-21,1863,14564,16427
939,2021-05-22,599,9684,10283
939,2021-05-23,213,7519,7732
939,2021-05-24,377,6685,7062
939,2021-05-25,1817,13275,15092
939,2021-05-26,1771,13356,15127
939,2021-05-27,1834,13667,15501
939,2021-05-28,1846,13918,15764
939,2021-05-29,763,9872,10635
939,2021-05-30,317,8168,8485
939,2021-05-31,1823,12701,14524
939,2021-06-01,1912,13493,15405
939,2021-06-02,1855,13240,15095
939,2021-06-03,1886,13654,15540
939,2021-06-04,1824,13986,15810
939,2021-06-05,789,9624,10413
939,2021-06-06,331,7795,8126
939,2021-06-07,1919,12640,14559
939,2021-06-08,1843,13504,15347
939,2021-06-09,1714,13331,15045
939,2021-06-10,1780,13735,15515
939,2021-06-11,1751,14160,15911
939,2021-06-12,682,9974,10656
939,2021-06-13,281,8836,9117
939,2021-06-14,1591,12024,13615
939,2021-06-15,1679,13362,15041
939,2021-06-16,1713,13104,14817
939,2021-06-17,1826,13671,15497
939,2021-06-18,1779,14091,15870
939,2021-06-19,677,10309,10986
939,2021-06-20,248,7766,8014
939,2021-06-21,1902,12834,14736
939,2021-06-22,1789,13911,15700
939,2021-06-23,627,6972,7599
939,2021-06-24,1642,12099,13741
939,2021-06-25,1673,13739,15412
939,2021-06-26,614,10201,10815
939,2021-06-27,280,7898,8178
939,2021-06-28,1494,11020,12514
939,2021-06-29,1774,12420,14194
939,2021-06-30,1862,13112,14974
939,2021-07-01,1755,13717,15472
939,2021-07-02,1559,12719,14278
939,2021-07-03,720,10010,10730
939,2021-07-04,271,8418,8689
939,2021-07-05,1689,12502,14191
939,2021-07-06,1828,13304,15132
939,2021-07-07,1874,13441,15315
939,2021-07-08,1680,12810,14490
939,2021-07-09,1789,13859,15648
939,2021-07-10,622,10221,10843
939,2021-07-11,322,8504,8826
939,2021-07-12,1799,13304,15103
939,2021-07-13,1739,13330,15069
939,2021-07-14,1794,12725,14519
939,2021-07-15,1663,13475,15138
939,2021-07-16,1762,14174,15936
939,2021-07-17,870,10010,10880
939,2021-07-18,379,8387,8766
939,2021-07-19,1846,13102,14948
939,2021-07-20,1940,13397,15337
939,2021-07-21,1909,13512,15421
939,2021-07-22,2118,13812,15930
939,2021-07-23,2157,14428,16585
939,2021-07-24,842,10049,10891
939,2021-07-25,397,8320,8717
939,2021-07-26,1934,13051,14985
939,2021-07-27,1940,12683,14623
939,2021-07-28,1858,13313,15171
939,2021-07-29,1533,13481,15014
939,2021-07-30,1388,13436,14824
939,2021-07-31,780,10204,10984
939,2021-08-01,397,8604,9001
939,2021-08-02,1209,11423,12632
939,2021-08-03,1288,11042,12330
939,2021-08-04,1255,11557,12812
939,2021-08-05,1285,11723,13008
939,2021-08-06,1257,12307,13564
939,2021-08-07,659,9732,10391
939,2021-08-08,344,8188,8532
939,2021-08-09,1185,10657,11842
939,2021-08-10,1240,11123,12363
939,2021-08-11,1277,11243,12520
939,2021-08-12,1345,11655,13000
939,2021-08-13,1291,12168,13459
939,2021-08-14,697,10087,10784
939,2021-08-15,404,8947,9351
939,2021-08-16,1253,11095,12348
939,2021-08-17,1366,11206,12572
939,2021-08-18,1325,11540,12865
939,2021-08-19,1296,11667,12963
939,2021-08-20,1381,12229,13610
939,2021-08-21,690,10161,10851
939,2021-08-22,336,7921,8257
939,2021-08-23,1677,12181,13858
939,2021-08-24,1949,12992,14941
939,2021-08-25,1979,13198,15177
939,2021-08-26,2006,13527,15533
939,2021-08-27,1740,12591,14331
939,2021-08-28,621,8782,9403
939,2021-08-29,292,8033,8325
939,2021-08-30,1875,12369,14244
939,2021-08-31,1889,12656,14545
939,2021-09-01,1973,12499,14472
939,2021-09-02,1893,13266,15159
939,2021-09-03,1872,13606,15478
939,2021-09-04,819,10002,10821
939,2021-09-05,392,8936,9328
939,2021-09-06,1997,12762,14759
939,2021-09-07,2091,13157,15248
939,2021-09-08,2051,13410,15461
939,2021-09-09,2147,13564,15711
939,2021-09-10,2040,14189,16229
939,2021-09-11,745,10384,11129
939,2021-09-12,385,9650,10035
939,2021-09-13,1901,13603,15504
939,2021-09-14,2083,13804,15887
939,2021-09-15,1929,13336,15265
939,2021-09-16,2156,13730,15886
939,2021-09-17,1986,14526,16512
939,2021-09-18,786,11081,11867
939,2021-09-19,376,9620,9996
939,2021-09-20,1972,13098,15070
939,2021-09-21,2029,13461,15490
939,2021-09-22,2165,13600,15765
939,2021-09-23,2176,13916,16092
939,2021-09-24,1949,14328,16277
939,2021-09-25,787,10942,11729
939,2021-09-26,332,8744,9076
939,2021-09-27,2040,12896,14936
939,2021-09-28,2025,13428,15453
939,2021-09-29,2116,13331,15447
939,2021-09-30,2057,13697,15754
939,2021-10-01,2071,14262,16333
939,2021-10-02,711,10048,10759
939,2021-10-03,270,8129,8399
939,2021-10-04,1948,12818,14766
939,2021-10-05,2092,12985,15077
939,2021-10-06,2103,13442,15545
939,2021-10-07,2201,13467,15668
939,2021-10-08,2103,13801,15904
939,2021-10-09,827,10099,10926
939,2021-10-10,336,8748,9084
939,2021-10-11,2163,12656,14819
939,2021-10-12,2300,12897,15197
939,2021-10-13,2255,12812,15067
939,2021-10-14,2217,13587,15804
939,2021-10-15,2300,13728,16028
939,2021-10-16,805,9962,10767
939,2021-10-17,408,8670,9078
939,2021-10-18,2232,12782,15014
939,2021-10-19,2176,13256,15432
939,2021-10-20,2227,13055,15282
939,2021-10-21,2024,13524,15548
939,2021-10-22,2134,13717,15851
939,2021-10-23,716,9928,10644
939,2021-10-24,338,8614,8952
939,2021-10-25,2062,12811,14873
939,2021-10-26,2101,13164,15265
939,2021-10-27,2348,13268,15616
939,2021-10-28,2278,13618,15896
939,2021-10-29,2172,14008,16180
939,2021-10-30,726,9896,10622
939,2021-11-01,381,7333,7714
939,2021-11-02,1905,13225,15130
939,2021-11-03,1895,12862,14757
939,2021-11-04,1934,13097,15031
939,2021-11-05,2057,13472,15529
939,2021-11-06,709,9043,9752
939,2021-11-07,249,8032,8281
939,2021-11-08,2064,12596,14660
939,2021-11-09,2149,13250,15399
939,2021-11-10,2151,13059,15210
939,2021-11-11,1842,13396,15238
939,2021-11-12,2024,13280,15304
939,2021-11-13,589,9024,9613
939,2021-11-14,239,7409,7648
939,2021-11-15,2169,12563,14732
939,2021-11-16,2407,12819,15226
939,2021-11-17,2213,12586,14799
939,2021-11-18,2064,13111,15175
939,2021-11-19,2031,13052,15083
939,2021-11-20,603,9130,9733
939,2021-11-21,235,7262,7497
939,2021-11-22,2192,12312,14504
939,2021-11-23,2297,13079,15376
939,2021-11-24,2343,12799,15142
939,2021-11-25,2301,13228,15529
939,2021-11-26,2197,13363,15560
939,2021-11-27,601,8945,9546
939,2021-11-28,222,7042,7264
939,2021-11-29,2022,11987,14009
939,2021-11-30,1950,12564,14514
939,2021-12-01,1917,12591,14508
939,2021-12-02,1901,12781,14682
939,2021-12-03,1880,13436,15316
939,2021-12-04,576,8809,9385
939,2021-12-05,229,7099,7328
939,2021-12-06,1884,11785,13669
939,2021-12-07,2017,12802,14819
939,2021-12-08,2055,12556,14611
939,2021-12-09,1969,12939,14908
939,2021-12-10,1553,12827,14380
939,2021-12-11,570,9035,9605
939,2021-12-12,203,6995,7198
939,2021-12-13,1759,12339,14098
939,2021-12-14,1939,12831,14770
939,2021-12-15,2011,12995,15006
939,2021-12-16,1961,13093,15054
939,2021-12-17,1734,12962,14696
939,2021-12-18,614,8686,9300
939,2021-12-19,207,7135,7342
939,2021-12-20,1224,11003,12227
939,2021-12-21,1336,11320,12656
939,2021-12-22,1257,11031,12288
939,2021-12-23,1009,10795,11804
939,2021-12-24,623,8282,8905
939,2021-12-25,128,5024,5152
939,2021-12-26,164,5237,5401
939,2021-12-27,467,6207,6674
939,2021-12-28,773,8820,9593
939,2021-12-29,746,9197,9943
939,2021-12-30,710,9237,9947
939,2021-12-31,545,7976,8521
941,2021-01-02,69,1026,1095
941,2021-01-03,30,943,973
941,2021-01-04,188,2437,2625
941,2021-01-05,223,2450,2673
941,2021-01-06,240,2495,2735
941,2021-01-07,243,2500,2743
941,2021-01-08,215,2639,2854
941,2021-01-09,87,1334,1421
941,2021-01-10,31,1070,1101
941,2021-01-11,328,2824,3152
941,2021-01-12,303,2797,3100
941,2021-01-13,306,2887,3193
941,2021-01-14,289,2733,3022
941,2021-01-15,296,2851,3147
941,2021-01-16,106,1344,1450
941,2021-01-17,26,829,855
941,2021-01-18,316,2811,3127
941,2021-01-19,313,2886,3199
941,2021-01-20,328,2913,3241
941,2021-01-21,307,2991,3298
941,2021-01-22,297,3030,3327
941,2021-01-23,96,1436,1532
941,2021-01-24,28,990,1018
941,2021-01-25,301,2848,3149
941,2021-01-26,341,3054,3395
941,2021-01-27,311,2720,3031
941,2021-01-28,255,2805,3060
941,2021-01-29,266,2831,3097
941,2021-01-30,89,1220,1309
941,2021-01-31,21,833,854
941,2021-02-01,346,2770,3116
941,2021-02-02,283,2709,2992
941,2021-02-03,313,2804,3117
941,2021-02-04,362,2741,3103
941,2021-02-05,358,2813,3171
941,2021-02-06,82,1229,1311
941,2021-02-07,25,837,862
941,2021-02-08,339,2621,2960
941,2021-02-09,303,2524,2827
941,2021-02-10,301,2644,2945
941,2021-02-11,302,2731,3033
941,2021-02-12,311,2738,3049
941,2021-02-13,104,1282,1386
941,2021-02-14,23,840,863
941,2021-02-15,241,2387,2628
941,2021-02-16,270,2638,2908
941,2021-02-17,277,2744,3021
941,2021-02-18,272,2810,3082
941,2021-02-19,271,2685,2956
941,2021-02-20,81,1361,1442
941,2021-02-21,19,1081,1100
941,2021-02-22,323,2853,3176
941,2021-02-23,344,2896,3240
941,2021-02-24,391,2954,3345
941,2021-02-25,489,2991,3480
941,2021-02-26,453,2919,3372
941,2021-02-27,127,1425,1552
941,2021-02-28,24,1010,1034
941,2021-03-01,357,2907,3264
941,2021-03-02,391,2880,3271
941,2021-03-03,420,2966,3386
941,2021-03-04,370,2967,3337
941,2021-03-05,353,2881,3234
941,2021-03-06,145,1615,1760
941,2021-03-07,30,1172,1202
941,2021-03-08,411,2828,3239
941,2021-03-09,350,2939,3289
941,2021-03-10,363,2978,3341
941,2021-03-11,395,3095,3490
941,2021-03-12,317,2990,3307
941,2021-03-13,103,1455,1558
941,2021-03-14,35,1061,1096
941,2021-03-15,377,2936,3313
941,2021-03-16,369,2839,3208
941,2021-03-17,391,2878,3269
941,2021-03-18,361,2916,3277
941,2021-03-19,318,2883,3201
941,2021-03-20,115,1549,1664
941,2021-03-21,31,1007,1038
941,2021-03-22,379,2817,3196
941,2021-03-23,326,2783,3109
941,2021-03-24,377,2933,3310
941,2021-03-25,330,2929,3259
941,2021-03-26,361,2857,3218
941,2021-03-27,107,1270,1377
941,2021-03-29,384,2617,3001
941,2021-03-30,360,2748,3108
941,2021-03-31,350,2917,3267
941,2021-04-01,312,2928,3240
941,2021-04-02,400,2796,3196
941,2021-04-03,188,1581,1769
941,2021-04-04,24,949,973
941,2021-04-05,37,844,881
941,2021-04-06,253,2460,2713
941,2021-04-07,288,2691,2979
941,2021-04-08,301,2739,3040
941,2021-04-09,283,2818,3101
941,2021-04-10,87,1401,1488
941,2021-04-11,24,991,1015
941,2021-04-12,265,2666,2931
941,2021-04-13,324,2731,3055
941,2021-04-14,375,2713,3088
941,2021-04-15,347,2749,3096
941,2021-04-16,316,2724,3040
941,2021-04-17,143,1538,1681
941,2021-04-18,33,1143,1176
941,2021-04-19,367,2938,3305
941,2021-04-20,329,2923,3252
941,2021-04-21,371,2929,3300
941,2021-04-22,361,3077,3438
941,2021-04-23,412,3103,3515
941,2021-04-24,155,1817,1972
941,2021-04-25,21,1474,1495
941,2021-04-26,345,2940,3285
941,2021-04-27,406,3038,3444
941,2021-04-28,340,2950,3290
941,2021-04-29,369,2997,3366
941,2021-04-30,364,3000,3364
941,2021-05-01,68,1485,1553
941,2021-05-02,27,1415,1442
941,2021-05-03,375,2936,3311
941,2021-05-04,362,2911,3273
941,2021-05-05,377,3000,3377
941,2021-05-06,300,2993,3293
941,2021-05-07,410,2952,3362
941,2021-05-08,152,1756,1908
941,2021-05-09,34,1427,1461
941,2021-05-10,351,2969,3320
941,2021-05-11,366,2947,3313
941,2021-05-12,374,3205,3579
941,2021-05-13,54,1587,1641
941,2021-05-14,239,2429,2668
941,2021-05-15,104,1787,1891
941,2021-05-16,60,1445,1505
941,2021-05-17,331,3092,3423
941,2021-05-18,370,3249,3619
941,2021-05-19,380,3102,3482
941,2021-05-20,355,3194,3549
941,2021-05-21,408,3154,3562
941,2021-05-22,142,2019,2161
941,2021-05-23,45,1364,1409
941,2021-05-24,44,1271,1315
941,2021-05-25,290,2861,3151
941,2021-05-26,303,3078,3381
941,2021-05-27,296,2980,3276
941,2021-05-28,329,3167,3496
941,2021-05-29,181,2173,2354
941,2021-05-30,72,1666,1738
941,2021-05-31,364,3110,3474
941,2021-06-01,410,3241,3651
941,2021-06-02,351,3262,3613
941,2021-06-03,355,3242,3597
941,2021-06-04,372,3406,3778
941,2021-06-05,150,1856,2006
941,2021-06-06,48,1450,1498
941,2021-06-07,340,3028,3368
941,2021-06-08,397,3374,3771
941,2021-06-09,373,3319,3692
941,2021-06-10,378,3411,3789
941,2021-06-11,355,3385,3740
941,2021-06-12,122,2193,2315
941,2021-06-13,63,1768,1831
941,2021-06-14,316,3256,3572
941,2021-06-15,350,3264,3614
941,2021-06-16,326,3305,3631
941,2021-06-17,351,3255,3606
941,2021-06-18,384,3298,3682
941,2021-06-19,122,2020,2142
941,2021-06-20,56,1656,1712
941,2021-06-21,363,3196,3559
941,2021-06-22,354,3189,3543
941,2021-06-23,106,1680,1786
941,2021-06-24,338,3186,3524
941,2021-06-25,348,3290,3638
941,2021-06-26,252,2070,2322
941,2021-06-27,40,1525,1565
941,2021-06-28,361,3305,3666
941,2021-06-29,344,3221,3565
941,2021-06-30,339,3341,3680
941,2021-07-01,351,3237,3588
941,2021-07-02,320,3224,3544
941,2021-07-03,144,1888,2032
941,2021-07-04,38,1680,1718
941,2021-07-05,358,3125,3483
941,2021-07-06,354,3168,3522
941,2021-07-07,350,3323,3673
941,2021-07-08,402,3234,3636
941,2021-07-09,417,3176,3593
941,2021-07-10,149,2091,2240
941,2021-07-11,25,1657,1682
941,2021-07-12,330,3101,3431
941,2021-07-13,325,3086,3411
941,2021-07-14,209,3278,3487
941,2021-07-15,238,3184,3422
941,2021-07-16,250,3096,3346
941,2021-07-17,138,1940,2078
941,2021-07-18,45,1663,1708
941,2021-07-19,279,3025,3304
941,2021-07-20,267,3055,3322
941,2021-07-21,227,3117,3344
941,2021-07-22,261,3113,3374
941,2021-07-23,280,3128,3408
941,2021-07-24,99,1897,1996
941,2021-07-25,32,1475,1507
941,2021-07-26,226,2804,3030
941,2021-07-27,242,2888,3130
941,2021-07-28,328,3075,3403
941,2021-07-29,264,3056,3320
941,2021-07-30,268,2894,3162
941,2021-07-31,115,1834,1949
941,2021-08-01,37,1553,1590
941,2021-08-02,206,2358,2564
941,2021-08-03,225,2452,2677
941,2021-08-04,212,2459,2671
941,2021-08-05,227,2527,2754
941,2021-08-06,178,2490,2668
941,2021-08-07,123,1778,1901
941,2021-08-08,30,1581,1611
941,2021-08-09,210,2173,2383
941,2021-08-10,191,2315,2506
941,2021-08-11,199,2363,2562
941,2021-08-12,229,2366,2595
941,2021-08-13,212,2431,2643
941,2021-08-14,151,1817,1968
941,2021-08-15,86,1604,1690
941,2021-08-16,202,2424,2626
941,2021-08-17,292,2544,2836
941,2021-08-18,204,2601,2805
941,2021-08-19,236,2646,2882
941,2021-08-20,288,2828,3116
941,2021-08-21,146,2108,2254
941,2021-08-22,34,1659,1693
941,2021-08-23,303,2916,3219
941,2021-08-24,300,3104,3404
941,2021-08-25,318,3231,3549
941,2021-08-26,323,3173,3496
941,2021-08-27,342,3234,3576
941,2021-08-28,131,2021,2152
941,2021-08-29,33,1507,1540
941,2021-08-30,429,4187,4616
941,2021-08-31,428,3893,4321
941,2021-09-01,492,4189,4681
941,2021-09-02,495,4300,4795
941,2021-09-03,448,3221,3669
941,2021-09-04,163,2251,2414
941,2021-09-05,65,1874,1939
941,2021-09-06,414,2987,3401
941,2021-09-07,427,3131,3558
941,2021-09-08,373,3244,3617
941,2021-09-09,362,3197,3559
941,2021-09-10,344,3245,3589
941,2021-09-11,138,2109,2247
941,2021-09-12,50,1737,1787
941,2021-09-13,352,3154,3506
941,2021-09-14,357,3131,3488
941,2021-09-15,350,3374,3724
941,2021-09-16,370,3352,3722
941,2021-09-17,369,3548,3917
941,2021-09-18,145,2433,2578
941,2021-09-19,39,2219,2258
941,2021-09-20,341,3099,3440
941,2021-09-21,431,3266,3697
941,2021-09-22,416,3379,3795
941,2021-09-23,319,3418,3737
941,2021-09-24,395,3303,3698
941,2021-09-25,117,2239,2356
941,2021-09-26,41,1601,1642
941,2021-09-27,348,3312,3660
941,2021-09-28,336,3288,3624
941,2021-09-29,405,3531,3936
941,2021-09-30,376,3488,3864
941,2021-10-01,375,3439,3814
941,2021-10-02,95,2106,2201
941,2021-10-03,13,1606,1619
941,2021-10-04,357,3190,3547
941,2021-10-05,343,3237,3580
941,2021-10-06,416,3371,3787
941,2021-10-07,340,3374,3714
941,2021-10-08,400,3500,3900
941,2021-10-09,154,2134,2288
941,2021-10-10,97,1633,1730
941,2021-10-11,424,3262,3686
941,2021-10-12,394,3282,3676
941,2021-10-13,384,3389,3773
941,2021-10-14,392,3333,3725
941,2021-10-15,397,3382,3779
941,2021-10-16,156,2214,2370
941,2021-10-17,48,1816,1864
941,2021-10-18,411,3153,3564
941,2021-10-19,401,3211,3612
941,2021-10-20,367,3274,3641
941,2021-10-22,363,3375,3738
941,2021-10-23,140,1969,2109
941,2021-10-24,51,1685,1736
941,2021-10-25,394,3202,3596
941,2021-10-26,535,3395,3930
941,2021-10-27,411,3326,3737
941,2021-10-28,331,3424,3755
941,2021-10-29,429,3608,4037
941,2021-10-30,93,2151,2244
941,2021-11-01,47,1546,1593
941,2021-11-02,255,3181,3436
941,2021-11-03,268,3171,3439
941,2021-11-04,314,3236,3550
941,2021-11-05,300,3106,3406
941,2021-11-06,270,1935,2205
941,2021-11-07,46,1446,1492
941,2021-11-08,432,4487,4919
941,2021-11-09,437,4669,5106
941,2021-11-10,396,4761,5157
941,2021-11-11,314,4932,5246
941,2021-11-12,336,3096,3432
941,2021-11-13,115,1960,2075
941,2021-11-14,42,1507,1549
941,2021-11-15,371,3218,3589
941,2021-11-16,448,3200,3648
941,2021-11-17,378,3351,3729
941,2021-11-18,337,3212,3549
941,2021-11-19,411,3415,3826
941,2021-11-20,135,2018,2153
941,2021-11-21,55,1600,1655
941,2021-11-22,383,3230,3613
941,2021-11-23,382,3242,3624
941,2021-11-24,370,3305,3675
941,2021-11-25,387,3215,3602
941,2021-11-26,341,3156,3497
941,2021-11-27,113,1903,2016
941,2021-11-28,42,1264,1306
941,2021-11-29,366,3257,3623
941,2021-11-30,320,3273,3593
941,2021-12-01,352,3290,3642
941,2021-12-02,360,3316,3676
941,2021-12-03,382,3309,3691
941,2021-12-04,90,1866,1956
941,2021-12-05,46,1408,1454
941,2021-12-06,381,3022,3403
941,2021-12-07,425,3316,3741
941,2021-12-08,425,3310,3735
941,2021-12-09,360,3333,3693
941,2021-12-10,248,3019,3267
941,2021-12-11,113,1952,2065
941,2021-12-12,61,1431,1492
941,2021-12-13,391,3169,3560
941,2021-12-14,417,3261,3678
941,2021-12-15,407,3321,3728
941,2021-12-16,394,3267,3661
941,2021-12-17,426,3360,3786
941,2021-12-18,121,1965,2086
941,2021-12-19,85,1412,1497
941,2021-12-20,309,2820,3129
941,2021-12-21,323,2836,3159
941,2021-12-22,287,2819,3106
941,2021-12-23,262,2768,3030
941,2021-12-24,141,1856,1997
941,2021-12-25,49,882,931
941,2021-12-26,47,1098,1145
941,2021-12-27,142,1820,1962
941,2021-12-28,167,1936,2103
941,2021-12-29,155,2028,2183
941,2021-12-30,136,1941,2077
941,2021-12-31,144,1646,1790
942,2021-01-02,99,2174,2273
942,2021-01-03,33,1823,1856
942,2021-01-04,305,4001,4306
942,2021-01-05,407,4387,4794
942,2021-01-06,378,4249,4627
942,2021-01-07,422,4313,4735
942,2021-01-08,355,4441,4796
942,2021-01-09,138,2574,2712
942,2021-01-10,28,2050,2078
942,2021-01-11,543,5241,5784
942,2021-01-12,482,5300,5782
942,2021-01-13,515,5334,5849
942,2021-01-14,467,5092,5559
942,2021-01-15,466,5290,5756
942,2021-01-16,161,2836,2997
942,2021-01-17,42,1931,1973
942,2021-01-18,495,5130,5625
942,2021-01-19,497,5443,5940
942,2021-01-20,519,5354,5873
942,2021-01-21,608,5663,6271
942,2021-01-22,581,5548,6129
942,2021-01-23,186,3156,3342
942,2021-01-24,34,2130,2164
942,2021-01-25,536,5194,5730
942,2021-01-26,586,5580,6166
942,2021-01-27,515,5114,5629
942,2021-01-28,513,5398,5911
942,2021-01-29,494,5362,5856
942,2021-01-30,121,2866,2987
942,2021-01-31,38,1914,1952
942,2021-02-01,556,5221,5777
942,2021-02-02,524,5325,5849
942,2021-02-03,586,5427,6013
942,2021-02-04,568,5521,6089
942,2021-02-05,551,5437,5988
942,2021-02-06,140,2894,3034
942,2021-02-07,34,1985,2019
942,2021-02-08,505,4878,5383
942,2021-02-09,481,4960,5441
942,2021-02-10,478,4916,5394
942,2021-02-11,485,5056,5541
942,2021-02-12,469,5120,5589
942,2021-02-13,175,2985,3160
942,2021-02-14,34,2056,2090
942,2021-02-15,423,4362,4785
942,2021-02-16,516,5147,5663
942,2021-02-17,532,5066,5598
942,2021-02-18,537,5248,5785
942,2021-02-19,556,5035,5591
942,2021-02-20,170,3214,3384
942,2021-02-21,35,2507,2542
942,2021-02-22,572,5215,5787
942,2021-02-23,586,5679,6265
942,2021-02-24,644,5532,6176
942,2021-02-25,724,5816,6540
942,2021-02-26,692,5574,6266
942,2021-02-27,217,3303,3520
942,2021-02-28,28,2435,2463
942,2021-03-01,569,5368,5937
942,2021-03-02,617,5749,6366
942,2021-03-03,691,5641,6332
942,2021-03-04,618,5759,6377
942,2021-03-05,579,5766,6345
942,2021-03-06,177,3397,3574
942,2021-03-07,28,2553,2581
942,2021-03-08,682,5447,6129
942,2021-03-09,612,5630,6242
942,2021-03-10,660,5468,6128
942,2021-03-11,673,5827,6500
942,2021-03-12,565,5628,6193
942,2021-03-13,199,3396,3595
942,2021-03-14,59,2306,2365
942,2021-03-15,594,5635,6229
942,2021-03-16,662,5649,6311
942,2021-03-17,587,5443,6030
942,2021-03-18,592,5647,6239
942,2021-03-19,589,5606,6195
942,2021-03-20,178,3330,3508
942,2021-03-21,48,2330,2378
942,2021-03-22,652,5183,5835
942,2021-03-23,625,5579,6204
942,2021-03-24,616,5519,6135
942,2021-03-25,579,5624,6203
942,2021-03-26,675,5801,6476
942,2021-03-27,181,3165,3346
942,2021-03-29,607,5279,5886
942,2021-03-30,624,5708,6332
942,2021-03-31,660,5712,6372
942,2021-04-01,619,5945,6564
942,2021-04-02,735,5737,6472
942,2021-04-03,305,3720,4025
942,2021-04-04,33,2647,2680
942,2021-04-05,57,2106,2163
942,2021-04-06,501,5068,5569
942,2021-04-07,475,5134,5609
942,2021-04-08,587,5757,6344
942,2021-04-09,610,5601,6211
942,2021-04-10,179,3264,3443
942,2021-04-11,41,2355,2396
942,2021-04-12,541,5208,5749
942,2021-04-13,595,5779,6374
942,2021-04-14,648,5544,6192
942,2021-04-15,655,5730,6385
942,2021-04-16,613,5648,6261
942,2021-04-17,235,3492,3727
942,2021-04-18,50,2691,2741
942,2021-04-19,641,5625,6266
942,2021-04-20,738,6002,6740
942,2021-04-21,721,5924,6645
942,2021-04-22,727,5969,6696
942,2021-04-23,819,6190,7009
942,2021-04-24,209,4012,4221
942,2021-04-25,57,3498,3555
942,2021-04-26,605,5769,6374
942,2021-04-27,658,6034,6692
942,2021-04-28,623,5859,6482
942,2021-04-29,689,6013,6702
942,2021-04-30,618,6129,6747
942,2021-05-01,109,3388,3497
942,2021-05-02,60,3151,3211
942,2021-05-03,588,5731,6319
942,2021-05-04,616,6034,6650
942,2021-05-05,649,5969,6618
942,2021-05-06,620,5978,6598
942,2021-05-07,671,6039,6710
942,2021-05-08,228,3926,4154
942,2021-05-09,84,3268,3352
942,2021-05-10,675,5707,6382
942,2021-05-11,704,6170,6874
942,2021-05-12,684,6245,6929
942,2021-05-13,123,3382,3505
942,2021-05-14,450,5153,5603
942,2021-05-15,231,3903,4134
942,2021-05-16,134,3070,3204
942,2021-05-17,614,5716,6330
942,2021-05-18,676,6183,6859
942,2021-05-19,718,6003,6721
942,2021-05-20,629,6195,6824
942,2021-05-21,769,6349,7118
942,2021-05-22,205,3860,4065
942,2021-05-23,84,3273,3357
942,2021-05-24,101,2654,2755
942,2021-05-25,584,5760,6344
942,2021-05-26,628,5630,6258
942,2021-05-27,613,5721,6334
942,2021-05-28,680,5935,6615
942,2021-05-29,297,4188,4485
942,2021-05-30,147,3560,3707
942,2021-05-31,712,5847,6559
942,2021-06-01,722,6346,7068
942,2021-06-02,695,6091,6786
942,2021-06-03,646,6212,6858
942,2021-06-04,656,6202,6858
942,2021-06-05,238,3978,4216
942,2021-06-06,89,3370,3459
942,2021-06-07,679,5917,6596
942,2021-06-08,811,6509,7320
942,2021-06-09,798,6280,7078
942,2021-06-10,733,6703,7436
942,2021-06-11,714,6518,7232
942,2021-06-12,260,4648,4908
942,2021-06-13,82,3800,3882
942,2021-06-14,610,6269,6879
942,2021-06-15,633,6465,7098
942,2021-06-16,654,6207,6861
942,2021-06-17,602,6476,7078
942,2021-06-18,633,6552,7185
942,2021-06-19,220,4132,4352
942,2021-06-20,85,3395,3480
942,2021-06-21,607,5854,6461
942,2021-06-22,659,6180,6839
942,2021-06-23,183,3330,3513
942,2021-06-24,658,5931,6589
942,2021-06-25,679,6270,6949
942,2021-06-26,340,4287,4627
942,2021-06-27,92,3242,3334
942,2021-06-28,598,6040,6638
942,2021-06-29,676,6271,6947
942,2021-06-30,620,6203,6823
942,2021-07-01,700,6376,7076
942,2021-07-02,620,6420,7040
942,2021-07-03,245,4025,4270
942,2021-07-04,78,3345,3423
942,2021-07-05,632,6146,6778
942,2021-07-06,690,6516,7206
942,2021-07-07,659,6451,7110
942,2021-07-08,645,6460,7105
942,2021-07-09,642,6608,7250
942,2021-07-10,232,4090,4322
942,2021-07-11,59,3717,3776
942,2021-07-12,617,6135,6752
942,2021-07-13,537,6310,6847
942,2021-07-14,484,6016,6500
942,2021-07-15,561,6594,7155
942,2021-07-16,672,6418,7090
942,2021-07-17,288,4112,4400
942,2021-07-18,121,3839,3960
942,2021-07-19,606,5880,6486
942,2021-07-20,614,6393,7007
942,2021-07-21,505,6177,6682
942,2021-07-22,629,6286,6915
942,2021-07-23,581,6190,6771
942,2021-07-24,190,4130,4320
942,2021-07-25,72,3457,3529
942,2021-07-26,509,5585,6094
942,2021-07-27,562,5859,6421
942,2021-07-28,623,6023,6646
942,2021-07-29,529,5957,6486
942,2021-07-30,517,5887,6404
942,2021-07-31,211,3794,4005
942,2021-08-01,80,3263,3343
942,2021-08-02,377,4940,5317
942,2021-08-03,416,5100,5516
942,2021-08-04,409,5190,5599
942,2021-08-05,441,5033,5474
942,2021-08-06,347,5129,5476
942,2021-08-07,210,3650,3860
942,2021-08-08,70,3363,3433
942,2021-08-09,351,4504,4855
942,2021-08-10,363,4694,5057
942,2021-08-11,408,4967,5375
942,2021-08-12,383,4970,5353
942,2021-08-13,424,5036,5460
942,2021-08-14,261,4001,4262
942,2021-08-15,153,3610,3763
942,2021-08-16,405,4829,5234
942,2021-08-17,497,5101,5598
942,2021-08-18,381,5101,5482
942,2021-08-19,454,5008,5462
942,2021-08-20,510,5303,5813
942,2021-08-21,220,4027,4247
942,2021-08-22,94,3449,3543
942,2021-08-23,510,5620,6130
942,2021-08-24,531,6052,6583
942,2021-08-25,617,6077,6694
942,2021-08-26,629,6003,6632
942,2021-08-27,686,6422,7108
942,2021-08-28,203,4098,4301
942,2021-08-29,86,3227,3313
942,2021-08-30,228,1903,2131
942,2021-08-31,224,1632,1856
942,2021-09-01,492,4189,4681
942,2021-09-02,495,4300,4795
942,2021-09-03,448,3221,3669
942,2021-09-04,163,2251,2414
942,2021-09-05,65,1874,1939
942,2021-09-06,414,2987,3401
942,2021-09-07,427,3131,3558
942,2021-09-08,373,3244,3617
942,2021-09-09,362,3197,3559
942,2021-09-10,344,3245,3589
942,2021-09-11,138,2109,2247
942,2021-09-12,50,1737,1787
942,2021-09-13,352,3154,3506
942,2021-09-14,357,3131,3488
942,2021-09-15,350,3374,3724
942,2021-09-16,370,3352,3722
942,2021-09-17,369,3548,3917
942,2021-09-18,145,2433,2578
942,2021-09-19,39,2219,2258
942,2021-09-20,341,3099,3440
942,2021-09-21,431,3266,3697
942,2021-09-22,416,3379,3795
942,2021-09-23,319,3418,3737
942,2021-09-24,395,3303,3698
942,2021-09-25,117,2239,2356
942,2021-09-26,41,1601,1642
942,2021-09-27,348,3312,3660
942,2021-09-28,336,3288,3624
942,2021-09-29,405,3531,3936
942,2021-09-30,376,3488,3864
942,2021-10-01,375,3439,3814
942,2021-10-02,95,2106,2201
942,2021-10-03,13,1606,1619
942,2021-10-04,357,3190,3547
942,2021-10-05,343,3237,3580
942,2021-10-06,416,3371,3787
942,2021-10-07,340,3374,3714
942,2021-10-08,400,3500,3900
942,2021-10-09,154,2134,2288
942,2021-10-10,97,1633,1730
942,2021-10-11,424,3262,3686
942,2021-10-12,394,3282,3676
942,2021-10-13,384,3389,3773
942,2021-10-14,392,3333,3725
942,2021-10-15,397,3382,3779
942,2021-10-16,156,2214,2370
942,2021-10-17,48,1816,1864
942,2021-10-18,411,3153,3564
942,2021-10-19,401,3211,3612
942,2021-10-20,367,3274,3641
942,2021-10-22,363,3375,3738
942,2021-10-23,140,1969,2109
942,2021-10-24,51,1685,1736
942,2021-10-25,394,3202,3596
942,2021-10-26,535,3395,3930
942,2021-10-27,411,3326,3737
942,2021-10-28,331,3424,3755
942,2021-10-29,429,3608,4037
942,2021-10-30,93,2151,2244
942,2021-11-01,97,3114,3211
942,2021-11-02,576,6043,6619
942,2021-11-03,511,6059,6570
942,2021-11-04,579,6118,6697
942,2021-11-05,624,5976,6600
942,2021-11-06,308,3897,4205
942,2021-11-07,71,2918,2989
942,2021-11-08,522,4283,4805
942,2021-11-09,571,4475,5046
942,2021-11-10,512,4417,4929
942,2021-11-11,406,4674,5080
942,2021-11-12,601,6125,6726
942,2021-11-13,219,3992,4211
942,2021-11-14,76,3116,3192
942,2021-11-15,622,5997,6619
942,2021-11-16,723,6283,7006
942,2021-11-17,659,6096,6755
942,2021-11-18,619,6308,6927
942,2021-11-19,667,6483,7150
942,2021-11-20,237,4359,4596
942,2021-11-21,72,3395,3467
942,2021-11-22,629,6036,6665
942,2021-11-23,672,6419,7091
942,2021-11-24,629,6204,6833
942,2021-11-25,723,6365,7088
942,2021-11-26,629,6284,6913
942,2021-11-27,169,3712,3881
942,2021-11-28,47,2785,2832
942,2021-11-29,585,5907,6492
942,2021-11-30,588,6163,6751
942,2021-12-01,716,6032,6748
942,2021-12-02,586,6061,6647
942,2021-12-03,612,6083,6695
942,2021-12-04,158,3620,3778
942,2021-12-05,64,3008,3072
942,2021-12-06,617,5594,6211
942,2021-12-07,683,6197,6880
942,2021-12-08,700,5884,6584
942,2021-12-09,605,6327,6932
942,2021-12-10,547,6033,6580
942,2021-12-11,177,3814,3991
942,2021-12-12,85,2945,3030
942,2021-12-13,666,5819,6485
942,2021-12-14,683,6159,6842
942,2021-12-15,640,6164,6804
942,2021-12-16,658,6297,6955
942,2021-12-17,665,6270,6935
942,2021-12-18,201,3953,4154
942,2021-12-19,104,3013,3117
942,2021-12-20,499,5047,5546
942,2021-12-21,518,5136,5654
942,2021-12-22,422,5264,5686
942,2021-12-23,395,5046,5441
942,2021-12-24,235,3493,3728
942,2021-12-25,71,1827,1898
942,2021-12-26,73,2059,2132
942,2021-12-27,287,3438,3725
942,2021-12-28,280,3730,4010
942,2021-12-29,261,3918,4179
942,2021-12-30,268,3858,4126
942,2021-12-31,237,3255,3492
943,2021-01-01,44,2362,2406
943,2021-01-02,183,4128,4311
943,2021-01-03,38,3373,3411
943,2021-01-04,343,6454,6797
943,2021-01-05,400,6759,7159
943,2021-01-06,390,6602,6992
943,2021-01-07,487,6639,7126
943,2021-01-08,472,7000,7472
943,2021-01-09,207,4997,5204
943,2021-01-10,112,3922,4034
943,2021-01-11,523,8803,9326
943,2021-01-12,564,8545,9109
943,2021-01-13,536,8384,8920
943,2021-01-14,474,8058,8532
943,2021-01-15,522,8732,9254
943,2021-01-16,254,5871,6125
943,2021-01-17,103,4127,4230
943,2021-01-18,432,8465,8897
943,2021-01-19,493,8378,8871
943,2021-01-20,589,8510,9099
943,2021-01-21,532,8561,9093
943,2021-01-22,519,8887,9406
943,2021-01-23,231,5704,5935
943,2021-01-24,105,3941,4046
943,2021-01-25,504,8436,8940
943,2021-01-26,547,8693,9240
943,2021-01-27,594,8246,8840
943,2021-01-28,488,8591,9079
943,2021-01-29,492,8841,9333
943,2021-01-30,195,5733,5928
943,2021-01-31,72,3817,3889
943,2021-02-01,473,8478,8951
943,2021-02-02,524,8546,9070
943,2021-02-03,613,8423,9036
943,2021-02-04,566,8752,9318
943,2021-02-05,537,8953,9490
943,2021-02-06,186,5688,5874
943,2021-02-07,53,3865,3918
943,2021-02-08,512,7964,8476
943,2021-02-09,540,8208,8748
943,2021-02-10,522,7814,8336
943,2021-02-11,544,8152,8696
943,2021-02-12,557,8199,8756
943,2021-02-13,227,6090,6317
943,2021-02-14,79,4178,4257
943,2021-02-15,547,7468,8015
943,2021-02-16,605,8280,8885
943,2021-02-17,521,7817,8338
943,2021-02-18,554,7991,8545
943,2021-02-19,602,8135,8737
943,2021-02-20,233,6115,6348
943,2021-02-21,83,5090,5173
943,2021-02-22,573,8691,9264
943,2021-02-23,616,8945,9561
943,2021-02-24,599,8992,9591
943,2021-02-25,697,9199,9896
943,2021-02-26,585,9224,9809
943,2021-02-27,248,6313,6561
943,2021-02-28,65,5137,5202
943,2021-03-01,575,8827,9402
943,2021-03-02,715,8994,9709
943,2021-03-03,556,8903,9459
943,2021-03-04,586,9032,9618
943,2021-03-05,597,9245,9842
943,2021-03-06,222,6287,6509
943,2021-03-07,66,5074,5140
943,2021-03-08,653,8758,9411
943,2021-03-09,620,8691,9311
943,2021-03-10,623,8732,9355
943,2021-03-11,575,8916,9491
943,2021-03-12,608,8985,9593
943,2021-03-13,202,6080,6282
943,2021-03-14,61,4266,4327
943,2021-03-15,610,8755,9365
943,2021-03-16,676,8852,9528
943,2021-03-17,577,8670,9247
943,2021-03-18,666,8896,9562
943,2021-03-19,650,9134,9784
943,2021-03-20,261,6459,6720
943,2021-03-21,60,4673,4733
943,2021-03-22,657,8693,9350
943,2021-03-23,683,8868,9551
943,2021-03-24,811,8972,9783
943,2021-03-25,654,8925,9579
943,2021-03-26,732,9387,10119
943,2021-03-27,237,6236,6473
943,2021-03-29,670,8996,9666
943,2021-03-30,706,9431,10137
943,2021-03-31,608,9488,10096
943,2021-04-01,684,9685,10369
943,2021-04-02,643,9714,10357
943,2021-04-03,280,7176,7456
943,2021-04-04,99,5001,5100
943,2021-04-05,122,4250,4372
943,2021-04-06,654,8131,8785
943,2021-04-07,657,7923,8580
943,2021-04-08,650,8387,9037
943,2021-04-09,695,8434,9129
943,2021-04-10,206,5866,6072
943,2021-04-11,88,4376,4464
943,2021-04-12,676,8264,8940
943,2021-04-13,773,8404,9177
943,2021-04-14,803,8286,9089
943,2021-04-15,767,8463,9230
943,2021-04-16,698,8590,9288
943,2021-04-17,313,6672,6985
943,2021-04-18,110,4959,5069
943,2021-04-19,653,8700,9353
943,2021-04-20,704,9288,9992
943,2021-04-21,643,9172,9815
943,2021-04-22,654,9415,10069
943,2021-04-23,638,9657,10295
943,2021-04-24,258,7491,7749
943,2021-04-25,80,6280,6360
943,2021-04-26,588,9074,9662
943,2021-04-27,668,9539,10207
943,2021-04-28,659,9437,10096
943,2021-04-29,618,9708,10326
943,2021-04-30,689,10123,10812
943,2021-05-01,119,6303,6422
943,2021-05-02,82,5789,5871
943,2021-05-03,607,9157,9764
943,2021-05-04,597,9305,9902
943,2021-05-05,659,9120,9779
943,2021-05-06,597,9375,9972
943,2021-05-07,649,9887,10536
943,2021-05-08,293,6944,7237
943,2021-05-09,97,6209,6306
943,2021-05-10,684,8986,9670
943,2021-05-11,714,9500,10214
943,2021-05-12,721,10118,10839
943,2021-05-13,154,6572,6726
943,2021-05-14,478,9245,9723
943,2021-05-15,262,6863,7125
943,2021-05-16,155,5023,5178
943,2021-05-17,726,9110,9836
943,2021-05-18,694,9447,10141
943,2021-05-19,738,9434,10172
943,2021-05-20,735,9644,10379
943,2021-05-21,775,9829,10604
943,2021-05-22,275,7161,7436
943,2021-05-23,97,5761,5858
943,2021-05-24,142,5044,5186
943,2021-05-25,581,9452,10033
943,2021-05-26,633,9054,9687
943,2021-05-27,671,9407,10078
943,2021-05-28,628,9626,10254
943,2021-05-29,286,7353,7639
943,2021-05-30,142,6569,6711
943,2021-05-31,641,9547,10188
943,2021-06-01,667,10043,10710
943,2021-06-02,691,9744,10435
943,2021-06-03,631,9747,10378
943,2021-06-04,659,9993,10652
943,2021-06-05,251,7241,7492
943,2021-06-06,115,5670,5785
943,2021-06-07,577,9455,10032
943,2021-06-08,652,9953,10605
943,2021-06-09,683,9734,10417
943,2021-06-10,739,10310,11049
943,2021-06-11,691,10455,11146
943,2021-06-12,306,8285,8591
943,2021-06-13,163,6708,6871
943,2021-06-14,680,9661,10341
943,2021-06-15,636,10013,10649
943,2021-06-16,661,9847,10508
943,2021-06-17,675,9882,10557
943,2021-06-18,608,9901,10509
943,2021-06-19,239,7692,7931
943,2021-06-20,86,6169,6255
943,2021-06-21,658,9171,9829
943,2021-06-22,617,9712,10329
943,2021-06-23,201,5700,5901
943,2021-06-24,677,9112,9789
943,2021-06-25,647,9693,10340
943,2021-06-26,264,7833,8097
943,2021-06-27,125,5789,5914
943,2021-06-28,680,9422,10102
943,2021-06-29,685,9495,10180
943,2021-06-30,602,9418,10020
943,2021-07-01,582,9640,10222
943,2021-07-02,640,9740,10380
943,2021-07-03,253,7580,7833
943,2021-07-04,108,5927,6035
943,2021-07-05,632,9148,9780
943,2021-07-06,610,9491,10101
943,2021-07-07,654,9432,10086
943,2021-07-08,646,9483,10129
943,2021-07-09,661,9719,10380
943,2021-07-10,239,7107,7346
943,2021-07-11,120,6044,6164
943,2021-07-12,638,9228,9866
943,2021-07-13,529,9313,9842
943,2021-07-14,509,8840,9349
943,2021-07-15,530,9169,9699
943,2021-07-16,544,9193,9737
943,2021-07-17,274,7163,7437
943,2021-07-18,172,6557,6729
943,2021-07-19,585,9055,9640
943,2021-07-20,587,9158,9745
943,2021-07-21,613,9148,9761
943,2021-07-22,622,9012,9634
943,2021-07-23,570,9405,9975
943,2021-07-24,288,6792,7080
943,2021-07-25,159,5834,5993
943,2021-07-26,579,8558,9137
943,2021-07-27,598,8521,9119
943,2021-07-28,627,8757,9384
943,2021-07-29,564,8907,9471
943,2021-07-30,504,8629,9133
943,2021-07-31,296,6322,6618
943,2021-08-01,156,5275,5431
943,2021-08-02,422,7522,7944
943,2021-08-03,421,7642,8063
943,2021-08-04,435,7565,8000
943,2021-08-05,411,7740,8151
943,2021-08-06,374,7663,8037
943,2021-08-07,251,5821,6072
943,2021-08-08,119,4721,4840
943,2021-08-09,390,7240,7630
943,2021-08-10,428,7442,7870
943,2021-08-11,408,7528,7936
943,2021-08-12,430,7710,8140
943,2021-08-13,416,7885,8301
943,2021-08-14,256,6300,6556
943,2021-08-15,133,5336,5469
943,2021-08-16,432,7161,7593
943,2021-08-17,451,7374,7825
943,2021-08-18,391,7516,7907
943,2021-08-19,418,7604,8022
943,2021-08-20,447,7889,8336
943,2021-08-21,214,6489,6703
943,2021-08-22,122,5109,5231
943,2021-08-23,528,7850,8378
943,2021-08-24,538,8288,8826
943,2021-08-25,592,8434,9026
943,2021-08-26,572,8288,8860
943,2021-08-27,571,8457,9028
943,2021-08-28,221,6555,6776
943,2021-08-29,100,5087,5187
943,2021-08-30,536,8136,8672
943,2021-08-31,629,8467,9096
943,2021-09-01,587,8669,9256
943,2021-09-02,609,8798,9407
943,2021-09-03,632,9178,9810
943,2021-09-04,307,6995,7302
943,2021-09-05,149,6103,6252
943,2021-09-06,645,8542,9187
943,2021-09-07,617,8866,9483
943,2021-09-08,575,8853,9428
943,2021-09-09,626,8980,9606
943,2021-09-10,498,9080,9578
943,2021-09-11,227,7106,7333
943,2021-09-12,115,6092,6207
943,2021-09-13,607,9027,9634
943,2021-09-14,571,9495,10066
943,2021-09-15,608,9120,9728
943,2021-09-16,691,9883,10574
943,2021-09-17,626,9987,10613
943,2021-09-18,281,7987,8268
943,2021-09-19,148,6438,6586
943,2021-09-20,627,9189,9816
943,2021-09-21,606,9547,10153
943,2021-09-22,639,10135,10774
943,2021-09-23,622,9774,10396
943,2021-09-24,589,9974,10563
943,2021-09-25,280,7856,8136
943,2021-09-26,127,6333,6460
943,2021-09-27,567,9091,9658
943,2021-09-28,646,9637,10283
943,2021-09-29,607,9426,10033
943,2021-09-30,625,9954,10579
943,2021-10-01,632,9849,10481
943,2021-10-02,230,7453,7683
943,2021-10-03,88,5557,5645
943,2021-10-04,566,9294,9860
943,2021-10-05,570,9632,10202
943,2021-10-06,559,9052,9611
943,2021-10-07,559,9623,10182
943,2021-10-08,617,9687,10304
943,2021-10-09,301,7408,7709
943,2021-10-10,118,6075,6193
943,2021-10-11,571,8996,9567
943,2021-10-12,621,9200,9821
943,2021-10-13,569,9177,9746
943,2021-10-14,773,11269,12042
943,2021-10-15,726,11483,12209
943,2021-10-16,341,8673,9014
943,2021-10-17,149,6687,6836
943,2021-10-18,747,10773,11520
943,2021-10-19,859,11125,11984
943,2021-10-20,796,10903,11699
943,2021-10-21,780,10498,11278
943,2021-10-22,634,9954,10588
943,2021-10-23,332,7211,7543
943,2021-10-24,152,5990,6142
943,2021-10-25,673,9754,10427
943,2021-10-26,645,10006,10651
943,2021-10-27,650,9856,10506
943,2021-10-28,606,10252,10858
943,2021-10-29,643,10306,10949
943,2021-10-30,232,7420,7652
943,2021-11-01,158,5554,5712
943,2021-11-02,629,9011,9640
943,2021-11-03,608,8893,9501
943,2021-11-04,638,8968,9606
943,2021-11-05,689,9240,9929
943,2021-11-06,318,6647,6965
943,2021-11-07,155,5179,5334
943,2021-11-08,565,9382,9947
943,2021-11-09,644,9846,10490
943,2021-11-10,625,9603,10228
943,2021-11-11,512,9948,10460
943,2021-11-12,636,9873,10509
943,2021-11-13,228,7490,7718
943,2021-11-14,114,5498,5612
943,2021-11-15,584,9188,9772
943,2021-11-16,657,9278,9935
943,2021-11-17,607,9191,9798
943,2021-11-18,617,9476,10093
943,2021-11-19,604,9629,10233
943,2021-11-20,242,6863,7105
943,2021-11-21,85,5407,5492
943,2021-11-22,593,9107,9700
943,2021-11-23,609,9392,10001
943,2021-11-24,626,9202,9828
943,2021-11-25,654,9764,10418
943,2021-11-26,652,9794,10446
943,2021-11-27,244,6975,7219
943,2021-11-28,129,5405,5534
943,2021-11-29,606,9059,9665
943,2021-11-30,537,9410,9947
943,2021-12-01,544,9200,9744
943,2021-12-02,644,9690,10334
943,2021-12-03,637,9705,10342
943,2021-12-04,284,6758,7042
943,2021-12-05,116,5117,5233
943,2021-12-06,595,8872,9467
943,2021-12-07,585,9433,10018
943,2021-12-08,585,9214,9799
943,2021-12-09,621,9541,10162
943,2021-12-10,572,9486,10058
943,2021-12-11,243,6870,7113
943,2021-12-12,97,4945,5042
943,2021-12-13,545,9167,9712
943,2021-12-14,635,9604,10239
943,2021-12-15,581,9375,9956
943,2021-12-16,640,9819,10459
943,2021-12-17,595,9863,10458
943,2021-12-18,249,6720,6969
943,2021-12-19,122,5035,5157
943,2021-12-20,482,8458,8940
943,2021-12-21,447,8554,9001
943,2021-12-22,450,8484,8934
943,2021-12-23,399,8780,9179
943,2021-12-24,253,7278,7531
943,2021-12-25,83,3284,3367
943,2021-12-26,81,3806,3887
943,2021-12-27,309,6556,6865
943,2021-12-28,322,6899,7221
943,2021-12-29,296,6953,7249
943,2021-12-30,282,7215,7497
943,2021-12-31,255,6608,6863
944,2021-01-01,24,764,788
944,2021-01-02,80,1239,1319
944,2021-01-03,24,1065,1089
944,2021-01-04,233,2127,2360
944,2021-01-05,262,2260,2522
944,2021-01-06,271,2187,2458
944,2021-01-07,289,2342,2631
944,2021-01-08,244,2430,2674
944,2021-01-09,108,1510,1618
944,2021-01-10,33,1242,1275
944,2021-01-11,350,2948,3298
944,2021-01-12,322,2899,3221
944,2021-01-13,329,2977,3306
944,2021-01-14,311,2823,3134
944,2021-01-15,373,2943,3316
944,2021-01-16,110,1824,1934
944,2021-01-17,44,1174,1218
944,2021-01-18,325,2893,3218
944,2021-01-19,334,2968,3302
944,2021-01-20,368,2909,3277
944,2021-01-21,386,3134,3520
944,2021-01-22,388,3066,3454
944,2021-01-23,138,1928,2066
944,2021-01-24,47,1219,1266
944,2021-01-25,436,2839,3275
944,2021-01-26,400,3091,3491
944,2021-01-27,357,2895,3252
944,2021-01-28,335,3066,3401
944,2021-01-29,345,3273,3618
944,2021-01-30,80,1870,1950
944,2021-01-31,30,1138,1168
944,2021-02-02,372,3088,3460
944,2021-02-03,330,2953,3283
944,2021-02-04,339,3178,3517
944,2021-02-05,320,3121,3441
944,2021-02-06,97,1857,1954
944,2021-02-07,26,1188,1214
944,2021-02-08,351,2573,2924
944,2021-02-09,324,2760,3084
944,2021-02-10,369,2688,3057
944,2021-02-11,340,2826,3166
944,2021-02-12,317,2945,3262
944,2021-02-13,113,1952,2065
944,2021-02-14,36,1237,1273
944,2021-02-15,307,2394,2701
944,2021-02-16,326,2903,3229
944,2021-02-17,335,2865,3200
944,2021-02-18,376,2950,3326
944,2021-02-19,360,2923,3283
944,2021-02-20,115,2036,2151
944,2021-02-21,21,1476,1497
944,2021-02-22,384,3056,3440
944,2021-02-23,381,3290,3671
944,2021-02-24,452,3024,3476
944,2021-02-25,416,3303,3719
944,2021-02-26,421,3189,3610
944,2021-02-27,120,2098,2218
944,2021-02-28,29,1492,1521
944,2021-03-01,387,3016,3403
944,2021-03-02,413,3176,3589
944,2021-03-03,418,3072,3490
944,2021-03-04,434,3199,3633
944,2021-03-05,408,3246,3654
944,2021-03-06,123,2123,2246
944,2021-03-07,23,1548,1571
944,2021-03-08,437,2964,3401
944,2021-03-09,383,3072,3455
944,2021-03-10,427,2998,3425
944,2021-03-11,384,3294,3678
944,2021-03-12,387,3093,3480
944,2021-03-13,102,2156,2258
944,2021-03-14,30,1351,1381
944,2021-03-15,368,3065,3433
944,2021-03-16,386,3044,3430
944,2021-03-17,382,3067,3449
944,2021-03-18,408,3143,3551
944,2021-03-19,446,3228,3674
944,2021-03-20,125,1973,2098
944,2021-03-21,20,1517,1537
944,2021-03-22,415,2936,3351
944,2021-03-23,392,3247,3639
944,2021-03-24,418,3104,3522
944,2021-03-25,410,3270,3680
944,2021-03-26,408,3327,3735
944,2021-03-27,105,2014,2119
944,2021-03-29,397,3072,3469
944,2021-03-30,469,3268,3737
944,2021-03-31,462,3228,3690
944,2021-04-01,431,3386,3817
944,2021-04-02,397,3297,3694
944,2021-04-03,192,2179,2371
944,2021-04-04,45,1520,1565
944,2021-04-05,70,1242,1312
944,2021-04-06,387,2715,3102
944,2021-04-07,424,2768,3192
944,2021-04-08,439,3077,3516
944,2021-04-09,509,3103,3612
944,2021-04-10,126,1991,2117
944,2021-04-11,60,1375,1435
944,2021-04-12,448,2824,3272
944,2021-04-13,460,3157,3617
944,2021-04-14,478,2997,3475
944,2021-04-15,475,3115,3590
944,2021-04-16,450,3156,3606
944,2021-04-17,182,2037,2219
944,2021-04-18,62,1602,1664
944,2021-04-19,458,3119,3577
944,2021-04-20,435,3443,3878
944,2021-04-21,538,3257,3795
944,2021-04-22,463,3401,3864
944,2021-04-23,504,3624,4128
944,2021-04-24,144,2494,2638
944,2021-04-25,48,2134,2182
944,2021-04-26,407,3303,3710
944,2021-04-27,455,3394,3849
944,2021-04-28,414,3348,3762
944,2021-04-29,439,3473,3912
944,2021-04-30,411,3553,3964
944,2021-05-01,76,2138,2214
944,2021-05-02,40,1991,2031
944,2021-05-03,421,3233,3654
944,2021-05-04,431,3293,3724
944,2021-05-05,428,3309,3737
944,2021-05-06,440,3401,3841
944,2021-05-07,471,3571,4042
944,2021-05-08,123,2348,2471
944,2021-05-09,72,2049,2121
944,2021-05-10,480,3232,3712
944,2021-05-11,530,3450,3980
944,2021-05-12,476,3475,3951
944,2021-05-13,86,1928,2014
944,2021-05-14,314,3050,3364
944,2021-05-15,173,2433,2606
944,2021-05-16,80,1838,1918
944,2021-05-17,421,3324,3745
944,2021-05-18,460,3533,3993
944,2021-05-19,460,3359,3819
944,2021-05-20,446,3527,3973
944,2021-05-21,522,3734,4256
944,2021-05-22,155,2459,2614
944,2021-05-23,57,1942,1999
944,2021-05-24,82,1653,1735
944,2021-05-25,369,3267,3636
944,2021-05-26,421,3294,3715
944,2021-05-27,465,3325,3790
944,2021-05-28,481,3399,3880
944,2021-05-29,178,2472,2650
944,2021-05-30,96,2280,2376
944,2021-05-31,508,3338,3846
944,2021-06-02,511,3400,3911
944,2021-06-03,436,3559,3995
944,2021-06-04,454,3503,3957
944,2021-06-05,160,2458,2618
944,2021-06-06,69,2090,2159
944,2021-06-07,487,3312,3799
944,2021-06-08,628,3592,4220
944,2021-06-09,522,3427,3949
944,2021-06-10,588,3673,4261
944,2021-06-11,516,3805,4321
944,2021-06-12,172,2875,3047
944,2021-06-13,51,2267,2318
944,2021-06-14,455,3358,3813
944,2021-06-15,474,3575,4049
944,2021-06-16,477,3487,3964
944,2021-06-17,451,3636,4087
944,2021-06-18,431,3677,4108
944,2021-06-19,163,2759,2922
944,2021-06-20,77,2080,2157
944,2021-06-21,462,3408,3870
944,2021-06-22,471,3486,3957
944,2021-06-23,118,1967,2085
944,2021-06-24,498,3363,3861
944,2021-06-25,444,3481,3925
944,2021-06-26,217,2548,2765
944,2021-06-27,82,1994,2076
944,2021-06-28,455,3416,3871
944,2021-06-29,465,3486,3951
944,2021-06-30,450,3463,3913
944,2021-07-01,537,3576,4113
944,2021-07-02,484,3488,3972
944,2021-07-03,182,2472,2654
944,2021-07-04,53,2120,2173
944,2021-07-05,439,3294,3733
944,2021-07-06,438,3631,4069
944,2021-07-07,467,3607,4074
944,2021-07-08,468,3541,4009
944,2021-07-09,465,3707,4172
944,2021-07-10,182,2452,2634
944,2021-07-11,40,2232,2272
944,2021-07-12,437,3411,3848
944,2021-07-13,405,3510,3915
944,2021-07-14,405,3371,3776
944,2021-07-15,397,3579,3976
944,2021-07-16,426,3656,4082
944,2021-07-17,168,2506,2674
944,2021-07-18,97,2250,2347
944,2021-07-19,414,3247,3661
944,2021-07-20,421,3418,3839
944,2021-07-21,434,3330,3764
944,2021-07-22,481,3448,3929
944,2021-07-23,399,3575,3974
944,2021-07-24,164,2521,2685
944,2021-07-25,68,2145,2213
944,2021-07-26,353,3032,3385
944,2021-07-27,375,3134,3509
944,2021-07-28,423,3222,3645
944,2021-07-29,377,3189,3566
944,2021-07-30,391,3250,3641
944,2021-07-31,212,2185,2397
944,2021-08-01,80,2053,2133
944,2021-08-02,288,2667,2955
944,2021-08-03,317,2759,3076
944,2021-08-04,292,2676,2968
944,2021-08-05,325,2726,3051
944,2021-08-06,254,2778,3032
944,2021-08-07,119,2270,2389
944,2021-08-08,51,2136,2187
944,2021-08-09,267,2411,2678
944,2021-08-10,268,2545,2813
944,2021-08-11,297,2607,2904
944,2021-08-12,285,2689,2974
944,2021-08-13,317,2816,3133
944,2021-08-14,158,2457,2615
944,2021-08-15,151,2287,2438
944,2021-08-16,347,2532,2879
944,2021-08-17,353,2708,3061
944,2021-08-18,279,2578,2857
944,2021-08-19,297,2702,2999
944,2021-08-20,355,2742,3097
944,2021-08-21,182,2314,2496
944,2021-08-22,43,2022,2065
944,2021-08-23,399,3020,3419
944,2021-08-24,398,3237,3635
944,2021-08-25,469,3108,3577
944,2021-08-26,429,3153,3582
944,2021-08-27,442,3642,4084
944,2021-08-28,164,2438,2602
944,2021-08-29,69,1979,2048
944,2021-08-30,314,2326,2640
944,2021-08-31,347,2231,2578
944,2021-09-01,294,2225,2519
944,2021-09-02,361,2410,2771
944,2021-09-03,414,3245,3659
944,2021-09-04,188,2383,2571
944,2021-09-05,69,2182,2251
944,2021-09-06,499,3627,4126
944,2021-09-07,483,3673,4156
944,2021-09-08,508,3623,4131
944,2021-09-09,440,3487,3927
944,2021-09-10,464,3753,4217
944,2021-09-11,293,2351,2644
944,2021-09-12,80,1970,2050
944,2021-09-13,218,1810,2028
944,2021-09-14,284,2398,2682
944,2021-09-15,397,3273,3670
944,2021-09-16,480,3471,3951
944,2021-09-17,488,3517,4005
944,2021-09-18,173,2720,2893
944,2021-09-19,70,2400,2470
944,2021-09-20,441,3325,3766
944,2021-09-21,444,3499,3943
944,2021-09-22,486,3374,3860
944,2021-09-23,443,3345,3788
944,2021-09-24,495,3429,3924
944,2021-09-25,161,2583,2744
944,2021-09-26,71,2070,2141
944,2021-09-27,446,3232,3678
944,2021-09-28,563,3620,4183
944,2021-09-29,478,3645,4123
944,2021-09-30,514,3691,4205
944,2021-10-01,448,3558,4006
944,2021-10-02,161,2690,2851
944,2021-10-03,45,2095,2140
944,2021-10-04,473,3422,3895
944,2021-10-05,478,3657,4135
944,2021-10-06,509,3411,3920
944,2021-10-07,495,3672,4167
944,2021-10-08,529,3735,4264
944,2021-10-09,171,2592,2763
944,2021-10-10,94,2275,2369
944,2021-10-11,630,3358,3988
944,2021-10-12,494,3595,4089
944,2021-10-13,482,3455,3937
944,2021-10-14,530,3526,4056
944,2021-10-15,510,3682,4192
944,2021-10-16,221,2583,2804
944,2021-10-17,86,2188,2274
944,2021-10-18,538,3497,4035
944,2021-10-19,463,3588,4051
944,2021-10-20,492,3369,3861
944,2021-10-21,498,3660,4158
944,2021-10-22,568,3785,4353
944,2021-10-23,186,2468,2654
944,2021-10-24,86,2256,2342
944,2021-10-25,539,3535,4074
944,2021-10-26,539,3683,4222
944,2021-10-27,496,3472,3968
944,2021-10-28,541,3737,4278
944,2021-10-29,513,3799,4312
944,2021-10-30,169,2625,2794
944,2021-11-01,116,1790,1906
944,2021-11-02,434,3204,3638
944,2021-11-03,477,3357,3834
944,2021-11-04,474,3418,3892
944,2021-11-05,486,3538,4024
944,2021-11-06,199,2399,2598
944,2021-11-07,77,1883,1960
944,2021-11-08,445,3077,3522
944,2021-11-09,481,3045,3526
944,2021-11-10,471,3085,3556
944,2021-11-11,373,3216,3589
944,2021-11-12,398,3469,3867
944,2021-11-13,139,2488,2627
944,2021-11-14,63,1884,1947
944,2021-11-15,460,3270,3730
944,2021-11-16,510,3484,3994
944,2021-11-17,537,3455,3992
944,2021-11-18,477,3596,4073
944,2021-11-19,476,3667,4143
944,2021-11-20,164,2748,2912
944,2021-11-21,57,2157,2214
944,2021-11-22,486,3405,3891
944,2021-11-23,511,3582,4093
944,2021-11-24,521,3469,3990
944,2021-11-25,502,3671,4173
944,2021-11-26,450,3606,4056
944,2021-11-27,133,2312,2445
944,2021-11-28,41,1887,1928
944,2021-11-29,456,3484,3940
944,2021-11-30,365,3383,3748
944,2021-12-01,436,3548,3984
944,2021-12-02,423,3542,3965
944,2021-12-03,455,3482,3937
944,2021-12-04,118,2305,2423
944,2021-12-05,54,1825,1879
944,2021-12-06,454,3221,3675
944,2021-12-07,483,3519,4002
944,2021-12-08,485,3431,3916
944,2021-12-09,460,3629,4089
944,2021-12-10,428,3590,4018
944,2021-12-11,133,2424,2557
944,2021-12-12,40,1833,1873
944,2021-12-13,470,3418,3888
944,2021-12-14,498,3590,4088
944,2021-12-15,475,3514,3989
944,2021-12-16,436,3798,4234
944,2021-12-17,492,3756,4248
944,2021-12-18,137,2611,2748
944,2021-12-19,47,1947,1994
944,2021-12-20,378,3084,3462
944,2021-12-21,399,3206,3605
944,2021-12-22,304,3183,3487
944,2021-12-23,275,3262,3537
944,2021-12-24,146,2377,2523
944,2021-12-25,37,1124,1161
944,2021-12-26,37,1326,1363
944,2021-12-27,190,2163,2353
944,2021-12-28,194,2406,2600
944,2021-12-29,175,2591,2766
944,2021-12-30,167,2544,2711
944,2021-12-31,165,2264,2429
946,2021-01-01,88,2565,2653
946,2021-01-02,249,4847,5096
946,2021-01-03,107,3751,3858
946,2021-01-04,769,6288,7057
946,2021-01-05,797,6541,7338
946,2021-01-06,898,6579,7477
946,2021-01-07,980,6979,7959
946,2021-01-08,922,7160,8082
946,2021-01-09,361,5154,5515
946,2021-01-10,123,4425,4548
946,2021-01-11,1146,8852,9998
946,2021-01-12,1056,8451,9507
946,2021-01-13,1244,8784,10028
946,2021-01-14,896,7297,8193
946,2021-01-15,998,8585,9583
946,2021-01-16,333,6015,6348
946,2021-01-17,120,3927,4047
946,2021-01-18,1135,8389,9524
946,2021-01-19,1254,8688,9942
946,2021-01-20,1406,8963,10369
946,2021-01-21,1299,9305,10604
946,2021-01-22,1291,9299,10590
946,2021-01-23,385,5799,6184
946,2021-01-24,141,3840,3981
946,2021-01-25,1140,8402,9542
946,2021-01-26,1360,9034,10394
946,2021-01-27,1159,8484,9643
946,2021-01-28,1213,8888,10101
946,2021-01-29,1212,9217,10429
946,2021-01-30,337,5813,6150
946,2021-01-31,120,3540,3660
946,2021-02-01,1275,8689,9964
946,2021-02-02,1295,8934,10229
946,2021-02-03,1308,8935,10243
946,2021-02-04,1383,9260,10643
946,2021-02-05,1372,9231,10603
946,2021-02-06,352,6085,6437
946,2021-02-07,106,3676,3782
946,2021-02-08,1256,8390,9646
946,2021-02-09,1160,8405,9565
946,2021-02-10,1165,8320,9485
946,2021-02-11,1092,8624,9716
946,2021-02-12,1126,9021,10147
946,2021-02-13,416,6208,6624
946,2021-02-14,122,4092,4214
946,2021-02-15,1023,7562,8585
946,2021-02-16,1299,8941,10240
946,2021-02-17,1278,8761,10039
946,2021-02-18,1353,8862,10215
946,2021-02-19,1319,9140,10459
946,2021-02-20,400,6060,6460
946,2021-02-21,119,4637,4756
946,2021-02-22,1360,8899,10259
946,2021-02-23,1466,9389,10855
946,2021-02-24,1533,9357,10890
946,2021-02-25,1497,9706,11203
946,2021-02-26,1470,9666,11136
946,2021-02-27,449,6354,6803
946,2021-02-28,115,4725,4840
946,2021-03-01,1470,9056,10526
946,2021-03-02,1509,9547,11056
946,2021-03-03,1498,9364,10862
946,2021-03-04,1472,9802,11274
946,2021-03-05,1473,9677,11150
946,2021-03-06,502,6337,6839
946,2021-03-07,137,4735,4872
946,2021-03-08,1421,9006,10427
946,2021-03-09,1437,9155,10592
946,2021-03-10,1626,9003,10629
946,2021-03-11,1469,9302,10771
946,2021-03-12,1477,9566,11043
946,2021-03-13,417,6205,6622
946,2021-03-14,125,4267,4392
946,2021-03-15,1376,8869,10245
946,2021-03-16,1425,9362,10787
946,2021-03-17,1533,9199,10732
946,2021-03-18,1547,9422,10969
946,2021-03-19,1489,9508,10997
946,2021-03-20,428,5976,6404
946,2021-03-21,121,4655,4776
946,2021-03-22,1455,8971,10426
946,2021-03-23,1475,9454,10929
946,2021-03-24,1474,9288,10762
946,2021-03-25,1553,9900,11453
946,2021-03-26,1587,9867,11454
946,2021-03-27,462,6239,6701
946,2021-03-29,1469,9069,10538
946,2021-03-30,1519,9488,11007
946,2021-03-31,1519,9328,10847
946,2021-04-01,1509,9744,11253
946,2021-04-02,1460,10000,11460
946,2021-04-03,464,6140,6604
946,2021-04-04,132,3851,3983
946,2021-04-05,204,3773,3977
946,2021-04-06,1328,8209,9537
946,2021-04-07,1369,8284,9653
946,2021-04-08,1457,8844,10301
946,2021-04-09,1507,9024,10531
946,2021-04-10,498,5624,6122
946,2021-04-11,148,3936,4084
946,2021-04-12,1407,8547,9954
946,2021-04-13,1423,8969,10392
946,2021-04-14,1480,9017,10497
946,2021-04-15,1458,8809,10267
946,2021-04-16,1444,9126,10570
946,2021-04-17,431,5761,6192
946,2021-04-18,150,4289,4439
946,2021-04-19,1507,8336,9843
946,2021-04-20,1437,8669,10106
946,2021-04-21,1431,8586,10017
946,2021-04-22,1480,9134,10614
946,2021-04-23,1443,9245,10688
946,2021-04-24,464,6300,6764
946,2021-04-25,142,5277,5419
946,2021-04-26,1361,8523,9884
946,2021-04-27,1374,8947,10321
946,2021-04-28,1341,8770,10111
946,2021-04-29,1404,9006,10410
946,2021-04-30,1420,9228,10648
946,2021-05-01,229,4949,5178
946,2021-05-02,134,5092,5226
946,2021-05-03,1373,8478,9851
946,2021-05-04,1360,8796,10156
946,2021-05-05,1415,8693,10108
946,2021-05-06,1311,8947,10258
946,2021-05-07,1413,9128,10541
946,2021-05-08,379,6022,6401
946,2021-05-09,197,5089,5286
946,2021-05-10,1380,8554,9934
946,2021-05-11,1425,8819,10244
946,2021-05-12,1509,9309,10818
946,2021-05-13,318,4870,5188
946,2021-05-14,952,7773,8725
946,2021-05-15,480,6158,6638
946,2021-05-16,264,4907,5171
946,2021-05-17,1337,8656,9993
946,2021-05-18,1350,8755,10105
946,2021-05-19,1356,9048,10404
946,2021-05-20,1392,9455,10847
946,2021-05-21,1410,9636,11046
946,2021-05-22,433,6274,6707
946,2021-05-26,1373,9173,10546
946,2021-05-27,1421,9283,10704
946,2021-05-28,1396,9396,10792
946,2021-05-29,550,6442,6992
946,2021-05-30,207,5649,5856
946,2021-05-31,1514,8666,10180
946,2021-06-01,1543,9155,10698
946,2021-06-02,1614,9226,10840
946,2021-06-03,1597,9348,10945
946,2021-06-04,1390,8984,10374
946,2021-06-05,511,6355,6866
946,2021-06-06,216,5203,5419
946,2021-06-07,1421,8603,10024
946,2021-06-08,1506,8920,10426
946,2021-06-09,1460,8846,10306
946,2021-06-10,1500,9199,10699
946,2021-06-11,1419,9714,11133
946,2021-06-12,550,6607,7157
946,2021-06-13,218,6226,6444
946,2021-06-14,1387,8838,10225
946,2021-06-15,1390,8990,10380
946,2021-06-16,1491,9222,10713
946,2021-06-17,1487,9225,10712
946,2021-06-18,1434,9713,11147
946,2021-06-19,526,6821,7347
946,2021-06-20,224,5347,5571
946,2021-06-21,1456,8732,10188
946,2021-06-22,1450,9425,10875
946,2021-06-23,563,4876,5439
946,2021-06-24,1392,8785,10177
946,2021-06-25,1293,9323,10616
946,2021-06-26,480,6676,7156
946,2021-06-27,209,5486,5695
946,2021-06-28,1377,8841,10218
946,2021-06-29,1384,9027,10411
946,2021-08-05,1099,7770,8869
946,2021-08-06,1067,8439,9506
946,2021-08-07,563,7066,7629
946,2021-08-08,310,6489,6799
946,2021-08-09,1033,7312,8345
946,2021-08-10,1091,7373,8464
946,2021-08-11,1153,7511,8664
946,2021-08-12,1112,7968,9080
946,2021-08-13,1170,8463,9633
946,2021-08-14,678,7563,8241
946,2021-08-15,391,7292,7683
946,2021-08-16,1068,7560,8628
946,2021-08-17,1185,7378,8563
946,2021-08-18,1171,7899,9070
946,2021-08-19,1195,7963,9158
946,2021-08-20,1238,8417,9655
946,2021-08-21,647,7288,7935
946,2021-08-22,331,6078,6409
946,2021-08-23,1447,8569,10016
946,2021-08-24,1669,8879,10548
946,2021-08-25,1751,9081,10832
946,2021-08-26,1705,9219,10924
946,2021-08-27,797,4607,5404
946,2021-08-28,234,2841,3075
946,2021-08-29,279,6064,6343
946,2021-08-30,1634,8771,10405
946,2021-08-31,1621,8907,10528
946,2021-09-01,1695,8860,10555
946,2021-09-02,1644,9439,11083
946,2021-09-03,1612,9790,11402
946,2021-09-04,685,7241,7926
946,2021-09-05,355,6749,7104
946,2021-09-06,1704,9094,10798
946,2021-09-07,1734,9350,11084
946,2021-09-08,1783,9525,11308
946,2021-09-09,1781,9592,11373
946,2021-09-10,1845,10152,11997
946,2021-09-11,637,7125,7762
946,2021-09-12,355,6895,7250
946,2021-09-13,1636,9405,11041
946,2021-09-14,1693,9488,11181
946,2021-09-15,1668,9414,11082
946,2021-09-16,1754,9458,11212
946,2021-09-17,1651,10234,11885
946,2021-09-18,696,7849,8545
946,2021-09-19,333,7412,7745
946,2021-09-20,1605,9045,10650
946,2021-09-21,1642,9223,10865
946,2021-09-22,1768,9556,11324
946,2021-09-23,1823,9502,11325
946,2021-09-24,1673,10043,11716
946,2021-09-25,653,7658,8311
946,2021-09-26,303,6368,6671
946,2021-09-27,1620,8918,10538
946,2021-09-28,1641,9152,10793
946,2021-09-29,1812,9269,11081
946,2021-09-30,1693,9625,11318
946,2021-10-01,1677,10114,11791
946,2021-10-02,567,7028,7595
946,2021-10-03,246,5989,6235
946,2021-10-04,1549,8964,10513
946,2021-10-05,1621,8978,10599
946,2021-10-06,1797,9030,10827
946,2021-10-07,1781,9573,11354
946,2021-10-08,1766,9847,11613
946,2021-10-09,673,6928,7601
946,2021-10-10,287,6360,6647
946,2021-10-11,1807,8716,10523
946,2021-10-12,1856,8951,10807
946,2021-10-13,1900,8827,10727
946,2021-10-14,2006,9293,11299
946,2021-10-15,1829,9702,11531
946,2021-10-16,656,6839,7495
946,2021-10-17,340,6342,6682
946,2021-10-18,1833,8784,10617
946,2021-10-19,1854,8906,10760
946,2021-10-20,1922,8878,10800
946,2021-10-21,1696,8914,10610
946,2021-10-22,1736,9651,11387
946,2021-10-23,673,7004,7677
946,2021-10-24,265,6360,6625
946,2021-10-25,1677,8842,10519
946,2021-10-26,1758,8847,10605
946,2021-10-27,1868,8876,10744
946,2021-10-28,1843,9368,11211
946,2021-10-29,1756,9795,11551
946,2021-10-30,551,6909,7460
946,2021-11-01,345,5470,5815
946,2021-11-02,1573,8910,10483
946,2021-11-03,1594,8865,10459
946,2021-11-04,1658,9092,10750
946,2021-11-05,1775,10641,12416
946,2021-11-06,597,7270,7867
946,2021-11-07,234,6174,6408
946,2021-11-08,1751,8640,10391
946,2021-11-09,1808,9172,10980
946,2021-11-10,1850,9021,10871
946,2021-11-11,1497,9368,10865
946,2021-11-12,1590,9261,10851
946,2021-11-13,465,6232,6697
946,2021-11-14,192,5267,5459
946,2021-11-15,1769,8710,10479
946,2021-11-16,1845,8778,10623
946,2021-11-17,1856,8800,10656
946,2021-11-18,1722,8869,10591
946,2021-11-19,1685,9020,10705
946,2021-11-20,496,6335,6831
946,2021-11-21,192,4978,5170
946,2021-11-22,1751,8507,10258
946,2021-11-23,1885,8864,10749
946,2021-11-24,1902,8635,10537
946,2021-11-25,1745,9120,10865
946,2021-11-26,1664,9166,10830
946,2021-11-27,461,5880,6341
946,2021-11-28,180,4998,5178
946,2021-11-29,1539,8355,9894
946,2021-11-30,1477,8449,9926
946,2021-12-01,1483,8617,10100
946,2021-12-02,1533,8802,10335
946,2021-12-03,1488,9335,10823
946,2021-12-04,454,6121,6575
946,2021-12-05,180,4977,5157
946,2021-12-06,1552,8185,9737
946,2021-12-07,1674,8699,10373
946,2021-12-08,1658,8639,10297
946,2021-12-09,1736,8863,10599
946,2021-12-10,1315,8826,10141
946,2021-12-11,466,6334,6800
946,2021-12-12,167,4711,4878
946,2021-12-13,1367,8645,10012
946,2021-12-14,1582,9127,10709
946,2021-12-15,1614,9024,10638
946,2021-12-16,1453,9084,10537
946,2021-12-17,1356,9227,10583
946,2021-12-18,454,6206,6660
946,2021-12-19,162,5406,5568
946,2021-12-20,1025,7812,8837
946,2021-12-21,1067,8081,9148
946,2021-12-22,1001,7986,8987
946,2021-12-23,778,7946,8724
946,2021-12-24,498,5988,6486
946,2021-12-25,112,3177,3289
946,2021-12-26,123,3589,3712
946,2021-12-27,626,5814,6440
946,2021-12-28,614,6245,6859
946,2021-12-29,604,6732,7336
946,2021-12-30,582,6696,7278
946,2021-12-31,408,5582,5990
947,2021-01-01,51,783,834
947,2021-01-02,157,3032,3189
947,2021-01-03,60,2546,2606
947,2021-01-04,363,3865,4228
947,2021-01-05,389,3869,4258
947,2021-01-06,365,3885,4250
947,2021-01-07,414,3946,4360
947,2021-01-08,415,3939,4354
947,2021-01-09,184,3474,3658
947,2021-01-10,63,2969,3032
947,2021-01-11,477,5752,6229
947,2021-01-12,234,3210,3444
947,2021-01-13,496,5373,5869
947,2021-01-14,526,5043,5569
947,2021-01-15,492,5590,6082
947,2021-01-16,170,5296,5466
947,2021-01-17,59,3863,3922
947,2021-01-18,453,5169,5622
947,2021-01-19,476,5113,5589
947,2021-01-20,533,5370,5903
947,2021-01-21,488,5654,6142
947,2021-01-22,534,6182,6716
947,2021-01-23,192,5525,5717
947,2021-01-24,79,3858,3937
947,2021-01-25,471,5513,5984
947,2021-01-26,495,6044,6539
947,2021-01-27,498,4424,4922
947,2021-01-28,454,4829,5283
947,2021-01-29,419,5287,5706
947,2021-01-30,168,4111,4279
947,2021-01-31,75,2626,2701
947,2021-02-02,492,4573,5065
947,2021-02-03,486,4690,5176
947,2021-02-04,505,4882,5387
947,2021-02-05,541,5068,5609
947,2021-02-06,178,4211,4389
947,2021-02-07,59,2752,2811
947,2021-02-08,507,4672,5179
947,2021-02-09,521,4463,4984
947,2021-02-10,480,4666,5146
947,2021-02-11,481,4820,5301
947,2021-02-12,499,5327,5826
947,2021-02-13,200,4505,4705
947,2021-02-14,74,2908,2982
947,2021-02-15,441,4377,4818
947,2021-02-16,510,4821,5331
947,2021-02-17,543,4800,5343
947,2021-02-18,527,4810,5337
947,2021-02-19,564,5211,5775
947,2021-02-20,205,4149,4354
947,2021-02-21,70,3475,3545
947,2021-02-22,523,4820,5343
947,2021-02-23,530,4955,5485
947,2021-02-24,529,4932,5461
947,2021-02-25,544,5305,5849
947,2021-02-26,598,5508,6106
947,2021-02-27,194,4487,4681
947,2021-02-28,74,3997,4071
947,2021-03-01,612,4982,5594
947,2021-03-02,561,4958,5519
947,2021-03-03,546,4990,5536
947,2021-03-04,758,6074,6832
947,2021-03-05,582,5498,6080
947,2021-03-06,195,4569,4764
947,2021-03-07,68,4232,4300
947,2021-03-08,564,4956,5520
947,2021-03-09,549,4912,5461
947,2021-03-10,579,4925,5504
947,2021-03-11,548,5187,5735
947,2021-03-12,637,5458,6095
947,2021-03-13,218,5008,5226
947,2021-03-14,58,3154,3212
947,2021-03-15,561,4948,5509
947,2021-03-16,575,5008,5583
947,2021-03-17,611,4885,5496
947,2021-03-18,565,5157,5722
947,2021-03-19,606,5329,5935
947,2021-03-20,213,4407,4620
947,2021-03-21,77,3989,4066
947,2021-03-22,633,4871,5504
947,2021-03-23,560,5011,5571
947,2021-03-24,572,5105,5677
947,2021-03-25,608,5445,6053
947,2021-03-26,652,5821,6473
947,2021-03-27,195,4415,4610
947,2021-03-29,598,4874,5472
947,2021-03-30,639,5152,5791
947,2021-03-31,564,5363,5927
947,2021-04-01,616,5686,6302
947,2021-04-02,594,6473,7067
947,2021-04-03,240,5148,5388
947,2021-04-04,89,2850,2939
947,2021-04-05,107,2917,3024
947,2021-04-06,565,4637,5202
947,2021-04-10,211,4868,5079
947,2021-04-11,98,4056,4154
947,2021-04-12,605,5308,5913
947,2021-04-13,634,5302,5936
947,2021-04-14,645,5214,5859
947,2021-04-15,652,5484,6136
947,2021-04-16,635,5935,6570
947,2021-04-17,248,4729,4977
947,2021-04-18,108,4567,4675
947,2021-04-19,666,6206,6872
947,2021-04-20,563,6361,6924
947,2021-04-21,645,6251,6896
947,2021-04-22,645,6545,7190
947,2021-04-23,574,7113,7687
947,2021-04-24,237,7334,7571
947,2021-04-25,91,7377,7468
947,2021-04-26,592,6330,6922
947,2021-04-27,640,6227,6867
947,2021-04-28,608,6165,6773
947,2021-04-29,619,6730,7349
947,2021-04-30,616,7575,8191
947,2021-05-01,101,7083,7184
947,2021-05-02,75,7889,7964
947,2021-05-03,579,6091,6670
947,2021-05-04,572,5916,6488
947,2021-05-05,615,6186,6801
947,2021-05-06,574,6326,6900
947,2021-05-07,601,6812,7413
947,2021-05-08,211,6369,6580
947,2021-05-09,101,5459,5560
947,2021-05-10,531,5943,6474
947,2021-05-11,584,6081,6665
947,2021-05-12,594,6572,7166
947,2021-05-13,124,6002,6126
947,2021-05-14,453,7218,7671
947,2021-05-15,198,6725,6923
947,2021-05-16,111,6350,6461
947,2021-05-17,517,6114,6631
947,2021-05-18,576,5903,6479
947,2021-05-19,620,6166,6786
947,2021-05-20,589,6165,6754
947,2021-05-21,642,6855,7497
947,2021-05-22,209,6913,7122
947,2021-05-23,102,6527,6629
947,2021-05-24,120,6205,6325
947,2021-05-25,536,6205,6741
947,2021-05-26,495,6160,6655
947,2021-05-27,495,6274,6769
947,2021-05-28,555,6819,7374
947,2021-05-29,208,6197,6405
947,2021-05-30,108,6576,6684
947,2021-05-31,547,6254,6801
947,2021-06-01,588,6418,7006
947,2021-06-02,596,6864,7460
947,2021-06-03,603,7659,8262
947,2021-06-04,605,6886,7491
947,2021-06-05,196,6597,6793
947,2021-06-06,109,6704,6813
947,2021-06-07,650,6070,6720
947,2021-06-08,709,6210,6919
947,2021-06-09,628,6400,7028
947,2021-06-10,629,6691,7320
947,2021-06-11,610,7070,7680
947,2021-06-12,211,6579,6790
947,2021-06-13,100,6418,6518
947,2021-06-14,554,6369,6923
947,2021-06-15,588,6245,6833
947,2021-06-16,581,6253,6834
947,2021-06-17,570,6423,6993
947,2021-06-18,565,7109,7674
947,2021-06-19,211,6428,6639
947,2021-06-20,115,6615,6730
947,2021-06-21,541,6251,6792
947,2021-06-22,593,6417,7010
947,2021-06-23,238,4710,4948
947,2021-06-24,567,6125,6692
947,2021-06-25,574,6708,7282
947,2021-06-26,217,6123,6340
947,2021-06-27,144,6391,6535
947,2021-06-28,572,6271,6843
947,2021-06-29,515,6136,6651
947,2021-06-30,562,6625,7187
947,2021-07-01,596,7028,7624
947,2021-07-02,618,6862,7480
947,2021-07-03,227,6119,6346
947,2021-07-04,96,7010,7106
947,2021-07-05,564,6495,7059
947,2021-07-06,543,6429,6972
947,2021-07-07,627,6142,6769
947,2021-07-08,580,6560,7140
947,2021-07-09,610,6877,7487
947,2021-07-10,201,6228,6429
947,2021-07-11,101,6808,6909
947,2021-07-12,555,6395,6950
947,2021-07-13,547,6825,7372
947,2021-07-14,533,6374,6907
947,2021-07-15,477,5801,6278
947,2021-07-16,581,6296,6877
947,2021-07-17,261,5512,5773
947,2021-07-18,108,5620,5728
947,2021-07-19,528,6327,6855
947,2021-07-20,520,6240,6760
947,2021-07-21,445,7027,7472
947,2021-07-22,532,6655,7187
947,2021-07-23,570,6897,7467
947,2021-07-24,226,6520,6746
947,2021-07-25,95,6070,6165
947,2021-07-26,574,6454,7028
947,2021-07-27,517,6828,7345
947,2021-07-28,559,6666,7225
947,2021-07-29,465,6891,7356
947,2021-07-30,389,6771,7160
947,2021-07-31,229,6227,6456
947,2021-08-01,108,6204,6312
947,2021-08-02,344,5799,6143
947,2021-08-03,365,6161,6526
947,2021-08-04,367,5709,6076
947,2021-08-05,360,5782,6142
947,2021-08-06,350,6435,6785
947,2021-08-07,170,5685,5855
947,2021-08-08,125,5984,6109
947,2021-08-09,321,5482,5803
947,2021-08-10,354,5466,5820
947,2021-08-11,359,6430,6789
947,2021-08-12,332,5718,6050
947,2021-08-13,352,6024,6376
947,2021-08-14,228,5699,5927
947,2021-08-15,106,5492,5598
947,2021-08-16,316,5991,6307
947,2021-08-17,354,5718,6072
947,2021-08-18,304,6010,6314
947,2021-08-19,371,6071,6442
947,2021-08-20,377,6166,6543
947,2021-08-21,191,5300,5491
947,2021-08-22,106,6138,6244
947,2021-08-23,470,6067,6537
947,2021-08-24,487,6102,6589
947,2021-08-25,595,6212,6807
947,2021-08-26,475,6757,7232
947,2021-08-27,442,6808,7250
947,2021-08-28,231,5881,6112
947,2021-08-29,109,5790,5899
947,2021-08-30,439,6111,6550
947,2021-08-31,476,6262,6738
947,2021-09-01,520,6098,6618
947,2021-09-02,560,6485,7045
947,2021-09-03,496,6479,6975
947,2021-09-04,227,5911,6138
947,2021-09-05,111,5962,6073
947,2021-09-06,509,5978,6487
947,2021-09-07,490,5985,6475
947,2021-09-08,522,6196,6718
947,2021-09-09,499,6405,6904
947,2021-09-10,498,7037,7535
947,2021-09-11,192,6034,6226
947,2021-09-12,107,6012,6119
947,2021-09-13,482,6095,6577
947,2021-09-14,492,6071,6563
947,2021-09-15,473,6251,6724
947,2021-09-16,518,6320,6838
947,2021-09-17,546,6556,7102
947,2021-09-18,218,5896,6114
947,2021-09-19,114,6075,6189
947,2021-09-20,503,5918,6421
947,2021-09-21,559,5801,6360
947,2021-09-22,545,6016,6561
947,2021-09-23,573,6082,6655
947,2021-09-24,536,6477,7013
947,2021-09-25,209,6028,6237
947,2021-09-26,105,6086,6191
947,2021-09-27,520,6218,6738
947,2021-09-28,628,5770,6398
947,2021-09-29,540,6307,6847
947,2021-09-30,526,6454,6980
947,2021-10-01,553,7029,7582
947,2021-10-02,191,6386,6577
947,2021-10-03,92,6393,6485
947,2021-10-04,519,5822,6341
947,2021-10-05,561,5840,6401
947,2021-10-06,528,6247,6775
947,2021-10-07,505,6278,6783
947,2021-10-08,565,6644,7209
947,2021-10-09,246,6230,6476
947,2021-10-10,104,6338,6442
947,2021-10-11,525,5930,6455
947,2021-10-12,473,5983,6456
947,2021-10-13,497,6105,6602
947,2021-10-14,528,6215,6743
947,2021-10-15,528,6634,7162
947,2021-10-16,232,6052,6284
947,2021-10-17,113,6197,6310
947,2021-10-18,523,5905,6428
947,2021-10-19,511,5938,6449
947,2021-10-20,490,6113,6603
947,2021-10-22,565,6766,7331
947,2021-10-23,300,6289,6589
947,2021-10-24,96,6269,6365
947,2021-10-25,512,5988,6500
947,2021-10-26,622,5868,6490
947,2021-10-27,513,6249,6762
947,2021-10-28,593,6679,7272
947,2021-10-29,550,6988,7538
947,2021-10-30,241,6760,7001
947,2021-11-01,129,5380,5509
947,2021-11-02,531,6562,7093
947,2021-11-03,504,6362,6866
947,2021-11-04,529,6545,7074
947,2021-11-05,516,6692,7208
947,2021-11-06,286,5644,5930
947,2021-11-07,117,5979,6096
947,2021-11-08,520,5889,6409
947,2021-11-09,556,5755,6311
947,2021-11-10,597,6095,6692
947,2021-11-11,421,7297,7718
947,2021-11-12,493,7011,7504
947,2021-11-13,208,6210,6418
947,2021-11-14,111,5760,5871
947,2021-11-15,546,6001,6547
947,2021-11-16,625,5797,6422
947,2021-11-17,524,5846,6370
947,2021-11-18,514,6114,6628
947,2021-11-19,523,6270,6793
947,2021-11-20,217,5859,6076
947,2021-11-21,88,6035,6123
947,2021-11-22,490,5938,6428
947,2021-11-23,536,5706,6242
947,2021-11-24,517,6005,6522
947,2021-11-25,498,6329,6827
947,2021-11-26,490,6749,7239
947,2021-11-27,161,5858,6019
947,2021-11-28,87,5840,5927
947,2021-11-29,531,5673,6204
947,2021-11-30,501,5969,6470
947,2021-12-01,507,6580,7087
947,2021-12-02,510,6173,6683
947,2021-12-03,589,6685,7274
947,2021-12-04,202,6549,6751
947,2021-12-05,102,5921,6023
947,2021-12-06,453,5716,6169
947,2021-12-07,532,5768,6300
947,2021-12-08,523,5936,6459
947,2021-12-09,534,6149,6683
947,2021-12-10,511,6312,6823
947,2021-12-11,210,6092,6302
947,2021-12-12,90,6047,6137
947,2021-12-13,476,6189,6665
947,2021-12-14,494,6210,6704
947,2021-12-15,503,6376,6879
947,2021-12-16,488,6696,7184
947,2021-12-17,520,7096,7616
947,2021-12-18,189,6666,6855
947,2021-12-19,86,7053,7139
947,2021-12-20,380,7063,7443
947,2021-12-21,390,6996,7386
947,2021-12-22,365,7684,8049
947,2021-12-23,354,7814,8168
947,2021-12-24,221,5676,5897
947,2021-12-25,62,981,1043
947,2021-12-26,78,3771,3849
947,2021-12-27,263,6121,6384
947,2021-12-28,266,6332,6598
947,2021-12-29,261,6604,6865
947,2021-12-30,270,7165,7435
947,2021-12-31,257,5284,5541
1000,2021-01-01,65,4718,4783
1000,2021-01-02,189,9152,9341
1000,2021-01-03,73,7078,7151
1000,2021-01-04,494,11361,11855
1000,2021-01-05,524,11771,12295
1000,2021-01-06,507,11393,11900
1000,2021-01-07,565,11659,12224
1000,2021-01-08,591,12211,12802
1000,2021-01-09,222,10674,10896
1000,2021-01-10,73,8581,8654
1000,2021-01-11,756,13357,14113
1000,2021-01-12,735,12800,13535
1000,2021-01-13,801,13235,14036
1000,2021-01-14,653,12703,13356
1000,2021-01-15,697,13629,14326
1000,2021-01-16,258,11033,11291
1000,2021-01-17,80,6785,6865
1000,2021-01-18,768,13384,14152
1000,2021-01-19,753,13506,14259
1000,2021-01-20,827,13681,14508
1000,2021-01-21,712,13610,14322
1000,2021-01-22,757,14653,15410
1000,2021-01-23,234,11811,12045
1000,2021-01-24,78,8656,8734
1000,2021-01-25,760,13173,13933
1000,2021-01-26,847,13714,14561
1000,2021-01-27,722,12696,13418
1000,2021-01-28,720,13775,14495
1000,2021-01-29,757,14089,14846
1000,2021-01-30,242,12304,12546
1000,2021-01-31,60,9780,9840
1000,2021-02-01,522,14067,14589
1000,2021-02-02,471,14039,14510
1000,2021-02-03,468,13802,14270
1000,2021-02-04,531,14527,15058
1000,2021-02-05,506,14613,15119
1000,2021-02-06,159,11970,12129
1000,2021-02-07,45,9296,9341
1000,2021-02-08,606,12477,13083
1000,2021-02-09,710,12865,13575
1000,2021-02-10,709,13533,14242
1000,2021-02-11,657,13371,14028
1000,2021-02-12,769,14618,15387
1000,2021-02-13,234,12478,12712
1000,2021-02-14,86,9983,10069
1000,2021-02-15,781,12644,13425
1000,2021-02-16,879,14027,14906
1000,2021-02-17,825,13866,14691
1000,2021-02-18,790,14103,14893
1000,2021-02-19,939,14693,15632
1000,2021-02-20,256,13629,13885
1000,2021-02-21,96,11888,11984
1000,2021-02-22,836,13784,14620
1000,2021-02-23,906,14496,15402
1000,2021-02-24,1011,14443,15454
1000,2021-02-25,914,14917,15831
1000,2021-02-26,948,15219,16167
1000,2021-02-27,299,13946,14245
1000,2021-02-28,97,11703,11800
1000,2021-03-01,964,14377,15341
1000,2021-03-02,890,14521,15411
1000,2021-03-03,847,14694,15541
1000,2021-03-04,797,14557,15354
1000,2021-03-05,949,15245,16194
1000,2021-03-06,287,13386,13673
1000,2021-03-07,80,11032,11112
1000,2021-03-08,919,13996,14915
1000,2021-03-09,880,14142,15022
1000,2021-03-10,942,14443,15385
1000,2021-03-11,796,13816,14612
1000,2021-03-12,858,15303,16161
1000,2021-03-13,273,12173,12446
1000,2021-03-14,81,9515,9596
1000,2021-03-15,866,14174,15040
1000,2021-03-16,936,14399,15335
1000,2021-03-17,919,14426,15345
1000,2021-03-18,859,15065,15924
1000,2021-03-19,860,15740,16600
1000,2021-03-20,308,13881,14189
1000,2021-03-21,71,10372,10443
1000,2021-03-22,899,15251,16150
1000,2021-03-23,973,15206,16179
1000,2021-03-24,949,15142,16091
1000,2021-03-25,922,15126,16048
1000,2021-03-26,962,16072,17034
1000,2021-03-27,291,12779,13070
1000,2021-03-29,924,15179,16103
1000,2021-03-30,982,15878,16860
1000,2021-03-31,964,16082,17046
1000,2021-04-01,922,16268,17190
1000,2021-04-02,726,16630,17356
1000,2021-04-03,284,13998,14282
1000,2021-04-04,86,10683,10769
1000,2021-04-05,111,7768,7879
1000,2021-04-06,894,14120,15014
1000,2021-04-07,903,14387,15290
1000,2021-04-08,958,15225,16183
1000,2021-04-09,995,15801,16796
1000,2021-04-10,328,12249,12577
1000,2021-04-11,85,9144,9229
1000,2021-04-12,946,14539,15485
1000,2021-04-13,989,15006,15995
1000,2021-04-14,1013,15293,16306
1000,2021-04-15,942,15324,16266
1000,2021-04-16,910,16226,17136
1000,2021-04-17,291,14419,14710
1000,2021-04-18,95,10741,10836
1000,2021-04-19,908,14522,15430
1000,2021-04-20,912,15219,16131
1000,2021-04-21,961,15219,16180
1000,2021-04-22,973,15730,16703
1000,2021-04-23,1020,16668,17688
1000,2021-04-24,298,15288,15586
1000,2021-04-25,116,12998,13114
1000,2021-04-26,920,15283,16203
1000,2021-04-27,912,15478,16390
1000,2021-04-28,956,15767,16723
1000,2021-04-29,845,16139,16984
1000,2021-04-30,961,16989,17950
1000,2021-05-01,146,12093,12239
1000,2021-05-02,104,12536,12640
1000,2021-05-03,887,15483,16370
1000,2021-05-04,865,15144,16009
1000,2021-05-05,888,15143,16031
1000,2021-05-06,827,15514,16341
1000,2021-05-07,896,16584,17480
1000,2021-05-08,288,15437,15725
1000,2021-05-09,98,12661,12759
1000,2021-05-10,856,14755,15611
1000,2021-05-11,841,15141,15982
1000,2021-05-12,929,16527,17456
1000,2021-05-13,104,11594,11698
1000,2021-05-14,763,15895,16658
1000,2021-05-15,292,13905,14197
1000,2021-05-16,96,11227,11323
1000,2021-05-17,860,15241,16101
1000,2021-05-18,859,15177,16036
1000,2021-05-19,846,15241,16087
1000,2021-05-20,828,16140,16968
1000,2021-05-21,929,17208,18137
1000,2021-05-22,410,14933,15343
1000,2021-05-23,110,12569,12679
1000,2021-05-24,104,10302,10406
1000,2021-05-25,821,15098,15919
1000,2021-05-26,869,15277,16146
1000,2021-05-27,908,15859,16767
1000,2021-05-28,935,16797,17732
1000,2021-05-29,290,15884,16174
1000,2021-05-30,144,13786,13930
1000,2021-05-31,834,16140,16974
1000,2021-06-01,798,16426,17224
1000,2021-06-02,862,16467,17329
1000,2021-06-03,639,16768,17407
1000,2021-06-04,888,16960,17848
1000,2021-06-05,255,14701,14956
1000,2021-06-06,105,12879,12984
1000,2021-06-07,937,15683,16620
1000,2021-06-08,871,16223,17094
1000,2021-06-09,914,16654,17568
1000,2021-06-10,914,17235,18149
1000,2021-06-11,913,17790,18703
1000,2021-06-12,249,16416,16665
1000,2021-06-13,121,15239,15360
1000,2021-06-14,897,16221,17118
1000,2021-06-15,1029,16634,17663
1000,2021-06-16,908,16749,17657
1000,2021-06-17,828,16786,17614
1000,2021-06-18,916,17430,18346
1000,2021-06-19,250,15898,16148
1000,2021-06-20,114,13181,13295
1000,2021-06-21,875,16191,17066
1000,2021-06-22,857,16567,17424
1000,2021-06-23,226,12097,12323
1000,2021-06-24,825,15835,16660
1000,2021-06-25,852,17247,18099
1000,2021-06-26,296,16212,16508
1000,2021-06-27,102,13603,13705
1000,2021-06-28,843,15942,16785
1000,2021-06-29,845,15859,16704
1000,2021-06-30,859,16332,17191
1000,2021-07-01,855,16827,17682
1000,2021-07-02,902,17443,18345
1000,2021-07-03,313,16352,16665
1000,2021-07-04,104,12508,12612
1000,2021-07-05,824,15855,16679
1000,2021-07-06,744,16346,17090
1000,2021-07-07,813,16726,17539
1000,2021-07-08,802,16487,17289
1000,2021-07-09,857,17460,18317
1000,2021-07-10,286,16057,16343
1000,2021-07-11,106,14293,14399
1000,2021-07-12,884,16053,16937
1000,2021-07-13,751,16535,17286
1000,2021-07-14,829,16339,17168
1000,2021-07-15,721,16812,17533
1000,2021-07-16,877,17048,17925
1000,2021-07-17,259,14993,15252
1000,2021-07-18,108,14441,14549
1000,2021-07-19,831,15786,16617
1000,2021-07-20,880,16032,16912
1000,2021-07-21,907,16325,17232
1000,2021-07-22,867,16685,17552
1000,2021-07-23,927,17310,18237
1000,2021-07-24,277,13669,13946
1000,2021-07-25,104,12702,12806
1000,2021-07-26,844,15161,16005
1000,2021-07-27,904,15197,16101
1000,2021-07-28,837,15866,16703
1000,2021-07-29,708,16558,17266
1000,2021-07-30,777,16846,17623
1000,2021-07-31,315,15065,15380
1000,2021-08-01,175,13865,14040
1000,2021-08-02,650,14318,14968
1000,2021-08-03,599,14384,14983
1000,2021-08-04,617,14869,15486
1000,2021-08-05,639,14964,15603
1000,2021-08-06,636,15249,15885
1000,2021-08-07,222,13480,13702
1000,2021-08-08,105,11826,11931
1000,2021-08-09,612,14192,14804
1000,2021-08-10,613,14540,15153
1000,2021-08-11,613,15094,15707
1000,2021-08-12,618,15789,16407
1000,2021-08-13,699,16586,17285
1000,2021-08-14,305,15819,16124
1000,2021-08-15,158,14064,14222
1000,2021-08-16,608,13969,14577
1000,2021-08-17,605,13945,14550
1000,2021-08-18,627,14327,14954
1000,2021-08-19,604,14785,15389
1000,2021-08-20,645,16027,16672
1000,2021-08-21,301,14840,15141
1000,2021-08-22,96,11624,11720
1000,2021-08-23,794,14413,15207
1000,2021-08-24,808,15366,16174
1000,2021-08-25,749,15652,16401
1000,2021-08-26,769,15310,16079
1000,2021-08-27,802,16155,16957
1000,2021-08-28,254,13533,13787
1000,2021-08-29,124,11742,11866
1000,2021-08-30,759,14954,15713
1000,2021-08-31,809,15713,16522
1000,2021-09-01,873,16081,16954
1000,2021-09-02,849,16472,17321
1000,2021-09-03,902,16851,17753
1000,2021-09-04,282,15735,16017
1000,2021-09-05,125,14599,14724
1000,2021-09-06,778,15717,16495
1000,2021-09-07,793,16087,16880
1000,2021-09-08,845,16483,17328
1000,2021-09-09,844,15747,16591
1000,2021-09-10,831,16696,17527
1000,2021-09-11,230,15203,15433
1000,2021-09-12,105,13963,14068
1000,2021-09-13,844,16171,17015
1000,2021-09-14,820,16099,16919
1000,2021-09-15,775,16149,16924
1000,2021-09-16,858,16591,17449
1000,2021-09-17,991,16964,17955
1000,2021-09-18,271,15995,16266
1000,2021-09-19,117,14042,14159
1000,2021-09-20,839,15919,16758
1000,2021-09-21,847,16468,17315
1000,2021-09-22,920,16246,17166
1000,2021-09-23,947,16510,17457
1000,2021-09-24,985,17406,18391
1000,2021-09-25,339,16385,16724
1000,2021-09-26,119,13144,13263
1000,2021-09-27,890,15668,16558
1000,2021-09-28,911,16116,17027
1000,2021-09-29,923,16000,16923
1000,2021-09-30,884,16563,17447
1000,2021-10-01,1014,17155,18169
1000,2021-10-02,283,15582,15865
1000,2021-10-03,84,11683,11767
1000,2021-10-04,829,15084,15913
1000,2021-10-05,856,14821,15677
1000,2021-10-06,927,15210,16137
1000,2021-10-07,887,15728,16615
1000,2021-10-08,961,16338,17299
1000,2021-10-09,288,15251,15539
1000,2021-10-10,119,13045,13164
1000,2021-10-11,953,14804,15757
1000,2021-10-12,867,14912,15779
1000,2021-10-13,904,15031,15935
1000,2021-10-14,879,15633,16512
1000,2021-10-15,962,16193,17155
1000,2021-10-16,279,14786,15065
1000,2021-10-17,80,12146,12226
1000,2021-10-18,905,14661,15566
1000,2021-10-19,963,15072,16035
1000,2021-10-20,887,15060,15947
1000,2021-10-21,716,14594,15310
1000,2021-10-22,916,16355,17271
1000,2021-10-23,297,14550,14847
1000,2021-10-24,116,12837,12953
1000,2021-10-25,920,14540,15460
1000,2021-10-26,912,14964,15876
1000,2021-10-27,941,15402,16343
1000,2021-10-28,866,15827,16693
1000,2021-10-29,904,16745,17649
1000,2021-10-30,268,13738,14006
1000,2021-11-01,91,10659,10750
1000,2021-11-02,815,15077,15892
1000,2021-11-03,847,14965,15812
1000,2021-11-04,834,15162,15996
1000,2021-11-05,902,15890,16792
1000,2021-11-06,303,13663,13966
1000,2021-11-07,90,9894,9984
1000,2021-11-08,874,14832,15706
1000,2021-11-09,844,15524,16368
1000,2021-11-10,923,15376,16299
1000,2021-11-11,897,15571,16468
1000,2021-11-12,907,16059,16966
1000,2021-11-13,240,13221,13461
1000,2021-11-14,84,10407,10491
1000,2021-11-15,837,14682,15519
1000,2021-11-16,812,15083,15895
1000,2021-11-17,816,15053,15869
1000,2021-11-18,857,15408,16265
1000,2021-11-19,873,15906,16779
1000,2021-11-20,322,13875,14197
1000,2021-11-21,80,10228,10308
1000,2021-11-22,845,14836,15681
1000,2021-11-23,836,15338,16174
1000,2021-11-24,830,15264,16094
1000,2021-11-25,805,15621,16426
1000,2021-11-26,812,15848,16660
1000,2021-11-27,252,13302,13554
1000,2021-11-28,76,9809,9885
1000,2021-11-29,870,14782,15652
1000,2021-11-30,793,15279,16072
1000,2021-12-01,809,15339,16148
1000,2021-12-02,751,15607,16358
1000,2021-12-03,854,16624,17478
1000,2021-12-04,270,14016,14286
1000,2021-12-05,74,10420,10494
1000,2021-12-06,748,14817,15565
1000,2021-12-07,846,15439,16285
1000,2021-12-08,799,15442,16241
1000,2021-12-09,829,15467,16296
1000,2021-12-10,843,15876,16719
1000,2021-12-11,242,13964,14206
1000,2021-12-12,94,9963,10057
1000,2021-12-13,871,14970,15841
1000,2021-12-14,842,15596,16438
1000,2021-12-15,890,15483,16373
1000,2021-12-16,800,16174,16974
1000,2021-12-17,706,16769,17475
1000,2021-12-18,280,13733,14013
1000,2021-12-19,89,10515,10604
1000,2021-12-20,594,14945,15539
1000,2021-12-21,621,15311,15932
1000,2021-12-22,554,15367,15921
1000,2021-12-23,514,15352,15866
1000,2021-12-24,353,12086,12439
1000,2021-12-25,57,6425,6482
1000,2021-12-26,75,7611,7686
1000,2021-12-27,372,12130,12502
1000,2021-12-28,434,12714,13148
1000,2021-12-29,424,13155,13579
1000,2021-12-30,411,14033,14444
1000,2021-12-31,350,12372,12722
1001,2021-01-01,53,2153,2206
1001,2021-01-02,247,4029,4276
1001,2021-01-03,70,2906,2976
1001,2021-01-04,413,6542,6955
1001,2021-01-05,417,6752,7169
1001,2021-01-06,390,6731,7121
1001,2021-01-07,391,6964,7355
1001,2021-01-08,418,7275,7693
1001,2021-01-09,243,4858,5101
1001,2021-01-10,68,3667,3735
1001,2021-01-11,492,8708,9200
1001,2021-01-12,459,8338,8797
1001,2021-01-13,482,8152,8634
1001,2021-01-14,464,7786,8250
1001,2021-01-15,479,8155,8634
1001,2021-01-16,259,5593,5852
1001,2021-01-17,75,3702,3777
1001,2021-01-18,513,8200,8713
1001,2021-01-19,516,8182,8698
1001,2021-01-20,531,8247,8778
1001,2021-01-21,524,8227,8751
1001,2021-01-22,518,8564,9082
1001,2021-01-23,259,5765,6024
1001,2021-01-24,67,4291,4358
1001,2021-01-25,563,8027,8590
1001,2021-01-26,560,8228,8788
1001,2021-01-27,533,7842,8375
1001,2021-01-28,476,8232,8708
1001,2021-01-29,542,8763,9305
1001,2021-01-30,228,5808,6036
1001,2021-01-31,62,4370,4432
1001,2021-02-01,544,8454,8998
1001,2021-02-02,475,8437,8912
1001,2021-02-03,474,8316,8790
1001,2021-02-04,552,8941,9493
1001,2021-02-05,569,9073,9642
1001,2021-02-06,233,5882,6115
1001,2021-02-07,64,4469,4533
1001,2021-02-08,505,7553,8058
1001,2021-02-09,489,7901,8390
1001,2021-02-10,497,7814,8311
1001,2021-02-11,459,8242,8701
1001,2021-02-12,522,8798,9320
1001,2021-02-13,257,6146,6403
1001,2021-02-14,57,4574,4631
1001,2021-02-15,476,7584,8060
1001,2021-02-16,461,8163,8624
1001,2021-02-17,426,7874,8300
1001,2021-02-18,564,7773,8337
1001,2021-02-19,483,8471,8954
1001,2021-02-20,254,6503,6757
1001,2021-02-21,74,5855,5929
1001,2021-02-22,546,8204,8750
1001,2021-02-23,524,8802,9326
1001,2021-02-24,547,8844,9391
1001,2021-02-25,570,8947,9517
1001,2021-02-26,506,9244,9750
1001,2021-02-27,257,6731,6988
1001,2021-04-01,546,9697,10243
1001,2021-04-02,607,10072,10679
1001,2021-04-03,280,7069,7349
1001,2021-04-04,72,4665,4737
1001,2021-04-05,72,4339,4411
1001,2021-04-06,552,8392,8944
1001,2021-04-07,592,8474,9066
1001,2021-04-08,629,9070,9699
1001,2021-04-09,627,9494,10121
1001,2021-04-10,237,6153,6390
1001,2021-04-11,191,7268,7459
1001,2021-04-12,541,8679,9220
1001,2021-04-13,604,9243,9847
1001,2021-04-14,671,9139,9810
1001,2021-04-15,632,9250,9882
1001,2021-04-16,750,9112,9862
1001,2021-04-17,274,6886,7160
1001,2021-04-18,65,4583,4648
1001,2021-04-19,648,8326,8974
1001,2021-04-20,619,8862,9481
1001,2021-04-21,639,9133,9772
1001,2021-04-22,636,9187,9823
1001,2021-04-23,652,10035,10687
1001,2021-04-24,262,7600,7862
1001,2021-04-25,76,6559,6635
1001,2021-04-26,619,9296,9915
1001,2021-04-27,582,9535,10117
1001,2021-04-28,635,10254,10889
1001,2021-04-29,675,10519,11194
1001,2021-04-30,671,11166,11837
1001,2021-05-01,87,6730,6817
1001,2021-05-02,84,6053,6137
1001,2021-05-03,582,10696,11278
1001,2021-05-04,641,10691,11332
1001,2021-05-05,567,10894,11461
1001,2021-05-06,618,10806,11424
1001,2021-05-07,663,11545,12208
1001,2021-05-08,311,8992,9303
1001,2021-05-09,92,7645,7737
1001,2021-05-10,632,10145,10777
1001,2021-05-11,633,10440,11073
1001,2021-05-12,581,11436,12017
1001,2021-05-13,103,6722,6825
1001,2021-05-14,539,11035,11574
1001,2021-05-15,289,8069,8358
1001,2021-05-16,93,5883,5976
1001,2021-05-17,380,7271,7651
1001,2021-05-18,386,6135,6521
1001,2021-05-19,329,5182,5511
1001,2021-05-20,296,5497,5793
1001,2021-05-21,343,5678,6021
1001,2021-05-22,192,4817,5009
1001,2021-05-23,68,5722,5790
1001,2021-05-24,98,6876,6974
1001,2021-05-25,489,8971,9460
1001,2021-05-26,463,9495,9958
1001,2021-05-27,588,9873,10461
1001,2021-05-28,519,10343,10862
1001,2021-05-29,287,8484,8771
1001,2021-05-30,74,7212,7286
1001,2021-05-31,580,10824,11404
1001,2021-06-01,723,11344,12067
1001,2021-06-02,653,11224,11877
1001,2021-06-03,598,11350,11948
1001,2021-06-04,586,11403,11989
1001,2021-06-05,279,8670,8949
1001,2021-06-06,75,6371,6446
1001,2021-06-07,554,10822,11376
1001,2021-06-08,523,11058,11581
1001,2021-06-09,535,11041,11576
1001,2021-06-10,551,11640,12191
1001,2021-06-11,574,12001,12575
1001,2021-06-12,284,8926,9210
1001,2021-06-13,89,7241,7330
1001,2021-06-14,539,10906,11445
1001,2021-06-15,486,10511,10997
1001,2021-06-16,536,10799,11335
1001,2021-06-17,514,11099,11613
1001,2021-06-18,591,11095,11686
1001,2021-06-19,265,8782,9047
1001,2021-06-20,78,5948,6026
1001,2021-06-21,555,11000,11555
1001,2021-06-22,577,11252,11829
1001,2021-06-23,89,6493,6582
1001,2021-06-24,544,10188,10732
1001,2021-06-25,559,11094,11653
1001,2021-06-26,290,8424,8714
1001,2021-06-27,93,5908,6001
1001,2021-06-28,568,10421,10989
1001,2021-06-29,544,10609,11153
1001,2021-06-30,525,11298,11823
1001,2021-07-01,512,11472,11984
1001,2021-07-02,598,11798,12396
1001,2021-07-03,286,8989,9275
1001,2021-07-04,82,6167,6249
1001,2021-07-05,384,8069,8453
1001,2021-07-06,481,10561,11042
1001,2021-07-07,530,11060,11590
1001,2021-07-08,508,10679,11187
1001,2021-07-09,560,11172,11732
1001,2021-07-10,252,8081,8333
1001,2021-07-11,83,6638,6721
1001,2021-07-12,537,10127,10664
1001,2021-07-13,520,10131,10651
1001,2021-07-14,470,10727,11197
1001,2021-07-15,476,11028,11504
1001,2021-07-16,508,10956,11464
1001,2021-07-17,266,8694,8960
1001,2021-07-18,71,7146,7217
1001,2021-07-19,226,3460,3686
1001,2021-07-20,495,9760,10255
1001,2021-07-21,540,10152,10692
1001,2021-07-22,466,10229,10695
1001,2021-07-23,471,10790,11261
1001,2021-07-24,316,8284,8600
1001,2021-07-25,117,6421,6538
1001,2021-07-26,447,10039,10486
1001,2021-07-27,535,10243,10778
1001,2021-07-28,494,9826,10320
1001,2021-07-29,506,10359,10865
1001,2021-07-30,456,10445,10901
1001,2021-07-31,271,7744,8015
1001,2021-08-01,99,6379,6478
1001,2021-08-02,400,9207,9607
1001,2021-08-03,431,9210,9641
1001,2021-08-04,421,9440,9861
1001,2021-08-05,435,9052,9487
1001,2021-08-06,427,9286,9713
1001,2021-08-07,251,7088,7339
1001,2021-08-08,75,6063,6138
1001,2021-08-09,432,8713,9145
1001,2021-08-10,402,8883,9285
1001,2021-08-11,431,8886,9317
1001,2021-08-12,408,9264,9672
1001,2021-08-13,450,9306,9756
1001,2021-08-14,266,7532,7798
1001,2021-08-15,66,6790,6856
1001,2021-08-16,414,8165,8579
1001,2021-08-17,465,8418,8883
1001,2021-08-18,429,8550,8979
1001,2021-08-19,407,8564,8971
1001,2021-08-20,431,9061,9492
1001,2021-08-21,269,7415,7684
1001,2021-08-22,76,5784,5860
1001,2021-08-23,446,8635,9081
1001,2021-08-24,467,8945,9412
1001,2021-08-25,495,9470,9965
1001,2021-08-26,437,9247,9684
1001,2021-08-27,476,9697,10173
1001,2021-08-28,250,6974,7224
1001,2021-08-29,93,7024,7117
1001,2021-08-30,485,9130,9615
1001,2021-08-31,465,9635,10100
1001,2021-09-01,459,9374,9833
1001,2021-09-02,471,9681,10152
1001,2021-09-03,532,10336,10868
1001,2021-09-04,268,7900,8168
1001,2021-09-05,73,7046,7119
1001,2021-09-06,473,9555,10028
1001,2021-09-07,476,9871,10347
1001,2021-09-08,489,10135,10624
1001,2021-09-09,502,10114,10616
1001,2021-09-10,538,10227,10765
1001,2021-09-11,279,6872,7151
1001,2021-09-12,90,6581,6671
1001,2021-09-13,498,9931,10429
1001,2021-09-14,494,9862,10356
1001,2021-09-15,509,9991,10500
1001,2021-09-16,484,10291,10775
1001,2021-09-17,508,10821,11329
1001,2021-09-18,279,8197,8476
1001,2021-09-19,76,6837,6913
1001,2021-09-20,495,9606,10101
1001,2021-09-21,486,10294,10780
1001,2021-09-22,507,10223,10730
1001,2021-09-23,500,10976,11476
1001,2021-09-24,528,11859,12387
1001,2021-09-25,379,9770,10149
1001,2021-09-26,90,6313,6403
1001,2021-09-27,501,9984,10485
1001,2021-09-28,489,10444,10933
1001,2021-09-29,502,10010,10512
1001,2021-09-30,491,10596,11087
1001,2021-10-01,563,11013,11576
1001,2021-10-02,291,7776,8067
1001,2021-10-03,74,5992,6066
1001,2021-10-04,477,10215,10692
1001,2021-10-05,513,10289,10802
1001,2021-10-13,554,10240,10794
1001,2021-10-14,536,10837,11373
1001,2021-10-16,291,7821,8112
1001,2021-10-17,83,6860,6943
1001,2021-10-18,611,10904,11515
1001,2021-10-19,697,11209,11906
1001,2021-10-20,683,11526,12209
1001,2021-10-21,623,10449,11072
1001,2021-10-22,557,11473,12030
1001,2021-10-23,298,7923,8221
1001,2021-10-24,77,6958,7035
1001,2021-10-25,588,10215,10803
1001,2021-10-26,558,10462,11020
1001,2021-10-27,530,10439,10969
1001,2021-10-28,513,10436,10949
1001,2021-10-29,577,11246,11823
1001,2021-10-30,274,7936,8210
1001,2021-11-01,95,5904,5999
1001,2021-11-02,497,9943,10440
1001,2021-11-03,495,9832,10327
1001,2021-11-04,486,10284,10770
1001,2021-11-05,500,10632,11132
1001,2021-11-06,272,7824,8096
1001,2021-11-07,78,6006,6084
1001,2021-11-08,649,10321,10970
1001,2021-11-09,587,10769,11356
1001,2021-11-10,669,10469,11138
1001,2021-11-11,528,11190,11718
1001,2021-11-12,528,11022,11550
1001,2021-11-13,268,7897,8165
1001,2021-11-14,82,6102,6184
1001,2021-11-15,559,9966,10525
1001,2021-11-16,526,10134,10660
1001,2021-11-17,529,9931,10460
1001,2021-11-18,501,10504,11005
1001,2021-11-19,567,11053,11620
1001,2021-11-20,274,8053,8327
1001,2021-11-21,72,5673,5745
1001,2021-11-22,520,9827,10347
1001,2021-11-23,559,10682,11241
1001,2021-11-24,529,9963,10492
1001,2021-11-25,519,10902,11421
1001,2021-11-26,537,10818,11355
1001,2021-11-27,274,7555,7829
1001,2021-11-28,67,5943,6010
1001,2021-11-29,513,9935,10448
1001,2021-11-30,511,10105,10616
1001,2021-12-01,504,10062,10566
1001,2021-12-02,516,10254,10770
1001,2021-12-03,574,11141,11715
1001,2021-12-04,287,7726,8013
1001,2021-12-05,73,5963,6036
1001,2021-12-06,506,9932,10438
1001,2021-12-07,513,10396,10909
1001,2021-12-08,519,10303,10822
1001,2021-12-09,487,10281,10768
1001,2021-12-10,532,10617,11149
1001,2021-12-11,286,8279,8565
1001,2021-12-12,79,5918,5997
1001,2021-12-13,498,9811,10309
1001,2021-12-14,497,10186,10683
1001,2021-12-15,528,10586,11114
1001,2021-12-16,503,10597,11100
1001,2021-12-17,520,10990,11510
1001,2021-12-18,273,7253,7526
1001,2021-12-19,82,5454,5536
1001,2021-12-20,411,9206,9617
1001,2021-12-21,418,9331,9749
1001,2021-12-22,432,8790,9222
1001,2021-12-23,408,9007,9415
1001,2021-12-24,328,6785,7113
1001,2021-12-25,75,3633,3708
1001,2021-12-26,67,4108,4175
1001,2021-12-27,361,6596,6957
1001,2021-12-28,364,7074,7438
1001,2021-12-29,368,7123,7491
1001,2021-12-30,358,7677,8035
1001,2021-12-31,364,6595,6959
1002,2021-01-01,36,1499,1535
1002,2021-01-02,173,2493,2666
1002,2021-01-03,46,2110,2156
1002,2021-01-04,309,4197,4506
1002,2021-01-05,310,4380,4690
1002,2021-01-06,285,4344,4629
1002,2021-01-07,269,4487,4756
1002,2021-01-08,270,4696,4966
1002,2021-01-09,194,3228,3422
1002,2021-01-10,54,2498,2552
1002,2021-01-11,392,5564,5956
1002,2021-01-12,380,5457,5837
1002,2021-01-13,407,5361,5768
1002,2021-01-14,371,5318,5689
1002,2021-01-15,390,5813,6203
1002,2021-01-16,177,3795,3972
1002,2021-01-17,48,2146,2194
1002,2021-01-18,394,5496,5890
1002,2021-01-19,375,5496,5871
1002,2021-01-20,405,5706,6111
1002,2021-01-21,385,5569,5954
1002,2021-01-22,370,4972,5342
1002,2021-01-23,195,3844,4039
1002,2021-01-24,62,2548,2610
1002,2021-01-25,382,4204,4586
1002,2021-01-26,256,3725,3981
1002,2021-01-27,173,2738,2911
1002,2021-01-28,297,4923,5220
1002,2021-01-29,442,6113,6555
1002,2021-01-30,159,3429,3588
1002,2021-01-31,47,2584,2631
1002,2021-02-01,368,5022,5390
1002,2021-02-02,428,5420,5848
1002,2021-02-03,382,5030,5412
1002,2021-02-04,379,5611,5990
1002,2021-02-05,379,5660,6039
1002,2021-02-06,188,3681,3869
1002,2021-02-07,48,2537,2585
1002,2021-02-08,356,4976,5332
1002,2021-02-09,393,5211,5604
1002,2021-02-10,382,5270,5652
1002,2021-02-11,383,3807,4190
1002,2021-02-12,379,5983,6362
1002,2021-02-13,193,4021,4214
1002,2021-02-14,51,2867,2918
1002,2021-02-15,403,5330,5733
1002,2021-02-16,361,5588,5949
1002,2021-02-17,337,5254,5591
1002,2021-02-18,342,5629,5971
1002,2021-02-19,348,5766,6114
1002,2021-02-20,206,4424,4630
1002,2021-02-21,56,3796,3852
1002,2021-02-22,386,5488,5874
1002,2021-02-23,403,6081,6484
1002,2021-02-24,420,5845,6265
1002,2021-02-25,394,6069,6463
1002,2021-02-26,412,5764,6176
1002,2021-02-27,214,4589,4803
1002,2021-02-28,55,3485,3540
1002,2021-03-01,438,5736,6174
1002,2021-03-02,458,6294,6752
1002,2021-03-03,439,6016,6455
1002,2021-03-04,448,5983,6431
1002,2021-03-05,406,6071,6477
1002,2021-03-06,221,4395,4616
1002,2021-03-07,40,3406,3446
1002,2021-03-08,429,5884,6313
1002,2021-03-09,439,6161,6600
1002,2021-03-10,437,6147,6584
1002,2021-03-11,411,6197,6608
1002,2021-03-12,442,6562,7004
1002,2021-03-13,218,3933,4151
1002,2021-03-14,52,2875,2927
1002,2021-03-15,453,6027,6480
1002,2021-03-16,475,6240,6715
1002,2021-03-17,458,6021,6479
1002,2021-03-18,485,6341,6826
1002,2021-03-19,475,6439,6914
1002,2021-03-20,223,4688,4911
1002,2021-03-21,50,3063,3113
1002,2021-03-22,495,5921,6416
1002,2021-03-23,568,7021,7589
1002,2021-03-24,697,6669,7366
1002,2021-03-25,648,6468,7116
1002,2021-03-26,526,6742,7268
1002,2021-03-27,226,4265,4491
1002,2021-03-29,448,6445,6893
1002,2021-03-30,487,6748,7235
1002,2021-03-31,512,6474,6986
1002,2021-04-01,462,6874,7336
1002,2021-04-02,418,7111,7529
1002,2021-04-03,246,4866,5112
1002,2021-04-04,56,3104,3160
1002,2021-04-05,48,2416,2464
1002,2021-04-06,425,5821,6246
1002,2021-04-08,435,5942,6377
1002,2021-04-09,437,6428,6865
1002,2021-04-10,198,4122,4320
1002,2021-04-11,173,7371,7544
1002,2021-04-29,550,6801,7351
1002,2021-04-30,600,6988,7588
1002,2021-05-01,76,4006,4082
1002,2021-05-02,79,3625,3704
1002,2021-05-03,548,6376,6924
1002,2021-05-04,540,6484,7024
1002,2021-05-05,579,6517,7096
1002,2021-05-06,528,6156,6684
1002,2021-05-07,544,6871,7415
1002,2021-05-08,209,5496,5705
1002,2021-05-09,71,4402,4473
1002,2021-05-10,487,6289,6776
1002,2021-05-11,531,6589,7120
1002,2021-05-12,546,6912,7458
1002,2021-05-13,68,3708,3776
1002,2021-05-14,400,6179,6579
1002,2021-05-15,225,4679,4904
1002,2021-05-16,58,3327,3385
1002,2021-05-17,448,6419,6867
1002,2021-05-18,412,6523,6935
1002,2021-05-19,533,6564,7097
1002,2021-05-20,495,6749,7244
1002,2021-05-21,526,6754,7280
1002,2021-05-22,257,4970,5227
1002,2021-05-23,55,3575,3630
1002,2021-05-24,74,3286,3360
1002,2021-05-25,388,5797,6185
1002,2021-05-26,378,6038,6416
1002,2021-05-27,416,6160,6576
1002,2021-05-28,420,6645,7065
1002,2021-05-29,229,5378,5607
1002,2021-05-30,62,4521,4583
1002,2021-05-31,487,6939,7426
1002,2021-06-01,692,7888,8580
1002,2021-06-02,498,6951,7449
1002,2021-06-03,480,6744,7224
1002,2021-06-04,459,6721,7180
1002,2021-06-05,218,5139,5357
1002,2021-06-06,55,3823,3878
1002,2021-06-07,335,6162,6497
1002,2021-06-08,356,6445,6801
1002,2021-06-09,378,6521,6899
1002,2021-06-10,316,6702,7018
1002,2021-06-11,341,6994,7335
1002,2021-06-12,217,5566,5783
1002,2021-06-13,64,4615,4679
1002,2021-06-14,320,6252,6572
1002,2021-06-15,334,6365,6699
1002,2021-06-16,357,6423,6780
1002,2021-06-17,326,6595,6921
1002,2021-06-18,298,6692,6990
1002,2021-06-19,223,5077,5300
1002,2021-06-20,55,3660,3715
1002,2021-06-21,344,6139,6483
1002,2021-06-22,401,6866,7267
1002,2021-06-23,76,3609,3685
1002,2021-06-24,399,6166,6565
1002,2021-06-25,457,6640,7097
1002,2021-06-26,300,5229,5529
1002,2021-06-27,69,3881,3950
1002,2021-06-28,408,6056,6464
1002,2021-06-29,392,6243,6635
1002,2021-06-30,453,6302,6755
1002,2021-07-01,409,6839,7248
1002,2021-07-02,432,6929,7361
1002,2021-07-03,231,5301,5532
1002,2021-07-04,55,3279,3334
1002,2021-07-05,380,6207,6587
1002,2021-07-06,382,6443,6825
1002,2021-07-07,443,6547,6990
1002,2021-07-08,414,6446,6860
1002,2021-07-09,425,6740,7165
1002,2021-07-10,211,4856,5067
1002,2021-07-11,56,3920,3976
1002,2021-07-12,481,6098,6579
1002,2021-07-13,384,5929,6313
1002,2021-07-14,302,5571,5873
1002,2021-07-15,345,5557,5902
1002,2021-07-16,411,6342,6753
1002,2021-07-17,209,4781,4990
1002,2021-07-18,69,4170,4239
1002,2021-07-19,386,5830,6216
1002,2021-07-20,440,5977,6417
1002,2021-07-21,428,6077,6505
1002,2021-07-22,442,6110,6552
1002,2021-07-23,442,6445,6887
1002,2021-07-24,246,5232,5478
1002,2021-07-25,87,3648,3735
1002,2021-07-26,371,5671,6042
1002,2021-07-27,369,6123,6492
1002,2021-07-28,382,5715,6097
1002,2021-07-29,405,5941,6346
1002,2021-07-30,352,5900,6252
1002,2021-07-31,250,4199,4449
1002,2021-08-01,95,3484,3579
1002,2021-08-02,280,5026,5306
1002,2021-08-03,275,5059,5334
1002,2021-08-04,314,5238,5552
1002,2021-08-05,307,5056,5363
1002,2021-08-06,300,5143,5443
1002,2021-08-07,206,3777,3983
1002,2021-08-08,51,2991,3042
1002,2021-08-09,287,4831,5118
1002,2021-08-10,316,5032,5348
1002,2021-08-11,271,5160,5431
1002,2021-08-12,294,5351,5645
1002,2021-08-13,341,5259,5600
1002,2021-08-14,219,4034,4253
1002,2021-08-15,86,3477,3563
1002,2021-08-16,317,4974,5291
1002,2021-08-17,315,4827,5142
1002,2021-08-18,320,4698,5018
1002,2021-08-19,347,5000,5347
1002,2021-08-20,320,5169,5489
1002,2021-08-21,215,3900,4115
1002,2021-08-22,57,2978,3035
1002,2021-08-23,385,4950,5335
1002,2021-08-24,400,5318,5718
1002,2021-08-25,406,5269,5675
1002,2021-08-26,378,5251,5629
1002,2021-08-27,354,5471,5825
1002,2021-08-28,219,3842,4061
1002,2021-08-29,77,3465,3542
1002,2021-08-30,459,5423,5882
1002,2021-08-31,470,5841,6311
1002,2021-09-01,453,5802,6255
1002,2021-09-02,488,5792,6280
1002,2021-09-03,514,6157,6671
1002,2021-09-04,234,4749,4983
1002,2021-09-05,12,388,400
1002,2021-09-06,449,5390,5839
1002,2021-09-07,464,5883,6347
1002,2021-09-08,499,5902,6401
1002,2021-09-09,507,5902,6409
1002,2021-09-10,524,6348,6872
1002,2021-09-11,226,6010,6236
1002,2021-09-12,73,4286,4359
1002,2021-09-13,492,6024,6516
1002,2021-09-14,479,6122,6601
1002,2021-09-15,477,5980,6457
1002,2021-09-16,485,6324,6809
1002,2021-09-17,597,6614,7211
1002,2021-09-18,252,4979,5231
1002,2021-09-19,73,3959,4032
1002,2021-09-20,546,5879,6425
1002,2021-09-21,603,6660,7263
1002,2021-09-22,561,6207,6768
1002,2021-09-23,581,6501,7082
1002,2021-09-24,615,6992,7607
1002,2021-09-25,213,4055,4268
1002,2021-09-26,58,3561,3619
1002,2021-09-27,595,5959,6554
1002,2021-09-28,555,4669,5224
1002,2021-09-29,640,5984,6624
1002,2021-09-30,603,6390,6993
1002,2021-10-01,636,6263,6899
1002,2021-10-02,245,4944,5189
1002,2021-10-03,54,3345,3399
1002,2021-10-04,521,6033,6554
1002,2021-10-05,489,5888,6377
1002,2021-10-06,509,6065,6574
1002,2021-10-07,491,6363,6854
1002,2021-10-08,501,7155,7656
1002,2021-10-09,368,8661,9029
1002,2021-10-10,95,6138,6233
1002,2021-10-11,443,6151,6594
1002,2021-10-12,442,6211,6653
1002,2021-10-13,457,6091,6548
1002,2021-10-14,459,6437,6896
1002,2021-10-15,455,6576,7031
1002,2021-10-16,265,4772,5037
1002,2021-10-17,70,3680,3750
1002,2021-10-18,450,5704,6154
1002,2021-10-19,672,6692,7364
1002,2021-10-20,706,7813,8519
1002,2021-10-21,569,6707,7276
1002,2021-10-22,471,6924,7395
1002,2021-10-23,240,4872,5112
1002,2021-10-24,68,4074,4142
1002,2021-10-25,527,6928,7455
1002,2021-10-26,460,7245,7705
1002,2021-10-27,447,6482,6929
1002,2021-10-28,470,6208,6678
1002,2021-10-29,492,6698,7190
1002,2021-10-30,212,4381,4593
1002,2021-11-01,56,3259,3315
1002,2021-11-02,391,5923,6314
1002,2021-11-03,378,5653,6031
1002,2021-11-04,424,5940,6364
1002,2021-11-05,380,6215,6595
1002,2021-11-06,252,4567,4819
1002,2021-11-07,47,3154,3201
1002,2021-11-08,432,5936,6368
1002,2021-11-09,462,6322,6784
1002,2021-11-10,424,5956,6380
1002,2021-11-11,427,6394,6821
1002,2021-11-12,408,6281,6689
1002,2021-11-13,206,4453,4659
1002,2021-11-14,50,3218,3268
1002,2021-11-15,457,5704,6161
1002,2021-11-16,423,6042,6465
1002,2021-11-17,440,5978,6418
1002,2021-11-18,413,6143,6556
1002,2021-11-19,449,6167,6616
1002,2021-11-20,245,4790,5035
1002,2021-11-21,49,3192,3241
1002,2021-11-22,416,5834,6250
1002,2021-11-23,381,5964,6345
1002,2021-11-24,437,5845,6282
1002,2021-11-25,463,6162,6625
1002,2021-11-26,396,6129,6525
1002,2021-11-27,235,4610,4845
1002,2021-11-28,55,3421,3476
1002,2021-11-29,391,5666,6057
1002,2021-11-30,402,5868,6270
1002,2021-12-01,393,5829,6222
1002,2021-12-02,392,6152,6544
1002,2021-12-03,409,6221,6630
1002,2021-12-04,195,4741,4936
1002,2021-12-05,45,3332,3377
1002,2021-12-06,395,5680,6075
1002,2021-12-07,434,5956,6390
1002,2021-12-08,376,5981,6357
1002,2021-12-09,372,6137,6509
1002,2021-12-10,387,6031,6418
1002,2021-12-11,203,4591,4794
1002,2021-12-12,63,3335,3398
1002,2021-12-13,414,5806,6220
1002,2021-12-14,438,6108,6546
1002,2021-12-15,432,5924,6356
1002,2021-12-16,377,5917,6294
1002,2021-12-17,399,6220,6619
1002,2021-12-18,176,4345,4521
1002,2021-12-19,61,3227,3288
1002,2021-12-20,278,5383,5661
1002,2021-12-21,292,5557,5849
1002,2021-12-22,294,5320,5614
1002,2021-12-23,280,5242,5522
1002,2021-12-24,195,4196,4391
1002,2021-12-25,44,2293,2337
1002,2021-12-26,59,2264,2323
1002,2021-12-27,223,3763,3986
1002,2021-12-28,198,4022,4220
1002,2021-12-29,228,4043,4271
1002,2021-12-30,213,4384,4597
1002,2021-12-31,219,4019,4238
1003,2021-01-01,23,2955,2978
1003,2021-01-02,90,6591,6681
1003,2021-01-03,35,4765,4800
1003,2021-01-04,187,8330,8517
1003,2021-01-05,238,8552,8790
1003,2021-01-06,212,8717,8929
1003,2021-01-07,215,8717,8932
1003,2021-01-08,234,9019,9253
1003,2021-01-09,134,7803,7937
1003,2021-01-10,41,5982,6023
1003,2021-01-11,278,10179,10457
1003,2021-01-12,296,9661,9957
1003,2021-01-13,284,9660,9944
1003,2021-01-14,271,8969,9240
1003,2021-01-15,301,9239,9540
1003,2021-01-16,131,7352,7483
1003,2021-01-17,55,4026,4081
1003,2021-01-18,313,9699,10012
1003,2021-01-19,310,10207,10517
1003,2021-01-20,301,10155,10456
1003,2021-01-21,312,10048,10360
1003,2021-01-22,294,10648,10942
1003,2021-01-23,156,8900,9056
1003,2021-01-24,58,5676,5734
1003,2021-01-25,309,9533,9842
1003,2021-01-26,328,10233,10561
1003,2021-01-27,266,9451,9717
1003,2021-01-28,271,10484,10755
1003,2021-01-29,326,10837,11163
1003,2021-01-30,120,8815,8935
1003,2021-02-08,125,4686,4811
1003,2021-02-09,173,5659,5832
1003,2021-02-10,195,6846,7041
1003,2021-02-11,316,9032,9348
1003,2021-02-12,303,9500,9803
1003,2021-02-13,157,8135,8292
1003,2021-02-14,53,5961,6014
1003,2021-02-15,253,8656,8909
1003,2021-02-16,255,9246,9501
1003,2021-02-17,306,8893,9199
1003,2021-02-18,264,9342,9606
1003,2021-02-19,290,10334,10624
1003,2021-02-20,145,8813,8958
1003,2021-02-21,56,7846,7902
1003,2021-02-22,298,9348,9646
1003,2021-02-23,327,9910,10237
1003,2021-02-24,340,9970,10310
1003,2021-02-25,367,10726,11093
1003,2021-02-26,369,11016,11385
1003,2021-02-27,173,9535,9708
1003,2021-02-28,59,7552,7611
1003,2021-03-01,348,10296,10644
1003,2021-03-02,316,10434,10750
1003,2021-03-03,319,10584,10903
1003,2021-03-04,356,10329,10685
1003,2021-03-05,364,10661,11025
1003,2021-03-06,158,8562,8720
1003,2021-03-07,64,7017,7081
1003,2021-03-08,339,10605,10944
1003,2021-03-09,343,10778,11121
1003,2021-03-10,344,10638,10982
1003,2021-03-11,295,10825,11120
1003,2021-03-12,342,10944,11286
1003,2021-03-13,141,8410,8551
1003,2021-03-14,46,5918,5964
1003,2021-03-15,307,10523,10830
1003,2021-03-16,331,10710,11041
1003,2021-03-17,331,10347,10678
1003,2021-03-18,322,11023,11345
1003,2021-03-19,374,11337,11711
1003,2021-03-20,176,9411,9587
1003,2021-03-21,59,6390,6449
1003,2021-03-22,325,10776,11101
1003,2021-03-23,403,11074,11477
1003,2021-03-24,347,11232,11579
1003,2021-03-25,366,11172,11538
1003,2021-03-26,341,11889,12230
1003,2021-03-27,189,8990,9179
1003,2021-03-29,328,11404,11732
1003,2021-03-30,330,11924,12254
1003,2021-03-31,349,12339,12688
1003,2021-04-01,358,13220,13578
1003,2021-04-02,324,13322,13646
1003,2021-04-03,178,10084,10262
1003,2021-04-04,52,5834,5886
1003,2021-04-05,58,4633,4691
1003,2021-04-06,334,10533,10867
1003,2021-04-07,309,10636,10945
1003,2021-04-08,315,10967,11282
1003,2021-04-09,339,11297,11636
1003,2021-04-10,173,8204,8377
1003,2021-04-11,52,5018,5070
1003,2021-04-12,322,10858,11180
1003,2021-04-13,333,11072,11405
1003,2021-04-14,309,10941,11250
1003,2021-04-15,367,11331,11698
1003,2021-04-16,349,11343,11692
1003,2021-04-17,205,9193,9398
1003,2021-04-18,53,6148,6201
1003,2021-04-19,324,10711,11035
1003,2021-04-20,340,11509,11849
1003,2021-04-21,363,11220,11583
1003,2021-04-22,369,11522,11891
1003,2021-04-23,328,11998,12326
1003,2021-04-24,195,10384,10579
1003,2021-04-25,70,8475,8545
1003,2021-04-26,340,11107,11447
1003,2021-04-27,357,11862,12219
1003,2021-04-28,350,11923,12273
1003,2021-04-29,349,12385,12734
1003,2021-04-30,362,13010,13372
1003,2021-05-01,74,7211,7285
1003,2021-05-02,74,8398,8472
1003,2021-05-03,350,12044,12394
1003,2021-05-04,318,11232,11550
1003,2021-05-05,328,11770,12098
1003,2021-05-06,321,11553,11874
1003,2021-05-07,349,12476,12825
1003,2021-05-08,176,11606,11782
1003,2021-05-09,75,10366,10441
1003,2021-05-10,317,11196,11513
1003,2021-05-11,362,11600,11962
1003,2021-05-12,355,12731,13086
1003,2021-05-13,84,7991,8075
1003,2021-05-14,327,12201,12528
1003,2021-05-15,207,9959,10166
1003,2021-05-16,79,7868,7947
1003,2021-05-17,322,11348,11670
1003,2021-05-18,355,11343,11698
1003,2021-05-19,353,11592,11945
1003,2021-05-20,363,12335,12698
1003,2021-05-21,397,12638,13035
1003,2021-05-22,206,10194,10400
1003,2021-05-23,70,8674,8744
1003,2021-05-24,63,7304,7367
1003,2021-05-25,359,11624,11983
1003,2021-05-26,363,11094,11457
1003,2021-05-27,351,11739,12090
1003,2021-05-28,397,12813,13210
1003,2021-05-29,230,11760,11990
1003,2021-05-30,68,10967,11035
1003,2021-05-31,337,12512,12849
1003,2021-06-01,338,13125,13463
1003,2021-06-02,368,13110,13478
1003,2021-06-03,310,13076,13386
1003,2021-06-04,435,13203,13638
1003,2021-06-05,212,11029,11241
1003,2021-06-06,90,9136,9226
1003,2021-06-07,359,11748,12107
1003,2021-06-08,366,12302,12668
1003,2021-06-09,372,12363,12735
1003,2021-06-10,407,13011,13418
1003,2021-06-11,404,13795,14199
1003,2021-06-12,219,12029,12248
1003,2021-06-13,67,11154,11221
1003,2021-06-14,327,12315,12642
1003,2021-06-15,378,12738,13116
1003,2021-06-16,361,12769,13130
1003,2021-06-17,359,13152,13511
1003,2021-06-18,366,13455,13821
1003,2021-06-19,220,11515,11735
1003,2021-06-20,72,9400,9472
1003,2021-06-21,365,12126,12491
1003,2021-06-22,392,12520,12912
1003,2021-06-23,164,9552,9716
1003,2021-06-24,381,12313,12694
1003,2021-06-25,381,13495,13876
1003,2021-06-26,230,11790,12020
1003,2021-06-27,76,9545,9621
1003,2021-06-28,370,12392,12762
1003,2021-06-29,369,12534,12903
1003,2021-06-30,353,12672,13025
1003,2021-07-01,344,13499,13843
1003,2021-07-02,398,13980,14378
1003,2021-07-03,203,12423,12626
1003,2021-07-04,81,8851,8932
1003,2021-07-05,371,12386,12757
1003,2021-07-06,333,13049,13382
1003,2021-07-07,356,13553,13909
1003,2021-07-08,355,12673,13028
1003,2021-07-09,387,13842,14229
1003,2021-07-10,228,12025,12253
1003,2021-07-11,93,10268,10361
1003,2021-07-12,350,12186,12536
1003,2021-07-13,301,12027,12328
1003,2021-07-14,277,12727,13004
1003,2021-07-15,337,11429,11766
1003,2021-07-16,353,12263,12616
1003,2021-07-17,183,8823,9006
1003,2021-07-18,66,9915,9981
1003,2021-07-19,329,11685,12014
1003,2021-07-20,329,12427,12756
1003,2021-07-21,315,12459,12774
1003,2021-07-22,321,12872,13193
1003,2021-07-23,400,13230,13630
1003,2021-07-24,209,10299,10508
1003,2021-07-25,94,8920,9014
1003,2021-07-26,320,11781,12101
1003,2021-07-27,373,11325,11698
1003,2021-07-28,375,12233,12608
1003,2021-07-29,306,13058,13364
1003,2021-07-30,294,13170,13464
1003,2021-07-31,164,11554,11718
1003,2021-08-01,86,10235,10321
1003,2021-08-02,232,11170,11402
1003,2021-08-03,234,11232,11466
1003,2021-08-04,266,11758,12024
1003,2021-08-05,241,11904,12145
1003,2021-08-06,256,12063,12319
1003,2021-08-07,127,10342,10469
1003,2021-08-08,69,8630,8699
1003,2021-08-09,251,10865,11116
1003,2021-08-10,237,11123,11360
1003,2021-08-11,241,11563,11804
1003,2021-08-12,224,12053,12277
1003,2021-08-13,257,12488,12745
1003,2021-08-14,128,11476,11604
1003,2021-08-15,72,10980,11052
1003,2021-08-16,214,10520,10734
1003,2021-08-17,258,10609,10867
1003,2021-08-18,241,10626,10867
1003,2021-08-19,221,10891,11112
1003,2021-08-20,240,12025,12265
1003,2021-08-21,128,11232,11360
1003,2021-08-22,74,8348,8422
1003,2021-08-23,232,11375,11607
1003,2021-08-24,270,11797,12067
1003,2021-08-25,278,12029,12307
1003,2021-08-26,247,12086,12333
1003,2021-08-27,244,12811,13055
1003,2021-08-28,170,10720,10890
1003,2021-08-29,78,8825,8903
1003,2021-08-30,283,12466,12749
1003,2021-08-31,308,12440,12748
1003,2021-09-01,293,12997,13290
1003,2021-09-02,326,12414,12740
1003,2021-09-03,306,13328,13634
1003,2021-09-04,186,12083,12269
1003,2021-09-05,72,11156,11228
1003,2021-09-06,307,12251,12558
1003,2021-09-07,313,12729,13042
1003,2021-09-08,296,12604,12900
1003,2021-09-09,339,12465,12804
1003,2021-09-10,343,12977,13320
1003,2021-09-11,150,10058,10208
1003,2021-09-12,66,10086,10152
1003,2021-09-13,314,12407,12721
1003,2021-09-14,310,12407,12717
1003,2021-09-15,304,12382,12686
1003,2021-09-16,334,12725,13059
1003,2021-09-17,357,13486,13843
1003,2021-09-18,177,11912,12089
1003,2021-09-19,72,10161,10233
1003,2021-09-20,319,12780,13099
1003,2021-09-21,329,12807,13136
1003,2021-09-22,339,12063,12402
1003,2021-09-23,363,12527,12890
1003,2021-09-24,368,13227,13595
1003,2021-09-25,180,11979,12159
1003,2021-09-26,83,8708,8791
1003,2021-09-27,378,12318,12696
1003,2021-09-28,321,12976,13297
1003,2021-09-29,339,13091,13430
1003,2021-09-30,355,13546,13901
1003,2021-10-01,362,13988,14350
1003,2021-10-02,192,12555,12747
1003,2021-10-03,68,8589,8657
1003,2021-10-04,344,12802,13146
1003,2021-10-05,358,13229,13587
1003,2021-10-06,334,13094,13428
1003,2021-10-07,344,13724,14068
1003,2021-10-08,380,13551,13931
1003,2021-10-09,209,12965,13174
1003,2021-10-10,75,11164,11239
1003,2021-10-11,325,12626,12951
1003,2021-10-12,336,13045,13381
1003,2021-10-13,294,13210,13504
1003,2021-10-14,316,13615,13931
1003,2021-10-15,391,13965,14356
1003,2021-10-16,196,12427,12623
1003,2021-10-17,75,10433,10508
1003,2021-10-18,326,12966,13292
1003,2021-10-19,303,13266,13569
1003,2021-10-20,309,12845,13154
1003,2021-10-22,357,14339,14696
1003,2021-10-23,170,11533,11703
1003,2021-10-24,69,10079,10148
1003,2021-10-25,321,12555,12876
1003,2021-10-26,263,12648,12911
1003,2021-10-27,299,12674,12973
1003,2021-10-28,270,13596,13866
1003,2021-10-29,323,14171,14494
1003,2021-10-30,134,11173,11307
1003,2021-11-01,59,8520,8579
1003,2021-11-02,275,12768,13043
1003,2021-11-03,277,12518,12795
1003,2021-11-04,273,13024,13297
1003,2021-11-05,315,13498,13813
1003,2021-11-06,151,11462,11613
1003,2021-11-07,42,7730,7772
1003,2021-11-08,301,12517,12818
1003,2021-11-09,307,13291,13598
1003,2021-11-10,288,12885,13173
1003,2021-11-11,254,14025,14279
1003,2021-11-12,351,13973,14324
1003,2021-11-13,125,10987,11112
1003,2021-11-14,62,8025,8087
1003,2021-11-15,296,12450,12746
1003,2021-11-16,325,12871,13196
1003,2021-11-17,282,12592,12874
1003,2021-11-18,319,13110,13429
1003,2021-11-19,339,13188,13527
1003,2021-11-20,150,11132,11282
1003,2021-11-21,38,7471,7509
1003,2021-11-22,282,12216,12498
1003,2021-11-23,309,12617,12926
1003,2021-11-24,279,12329,12608
1003,2021-11-25,354,13086,13440
1003,2021-11-26,345,13380,13725
1003,2021-11-27,147,10741,10888
1003,2021-11-28,60,7498,7558
1003,2021-11-29,306,12728,13034
1003,2021-11-30,284,13197,13481
1003,2021-12-01,270,13257,13527
1003,2021-12-02,281,13422,13703
1003,2021-12-03,332,13666,13998
1003,2021-12-04,120,10891,11011
1003,2021-12-05,53,7689,7742
1003,2021-12-06,259,12362,12621
1003,2021-12-07,259,12912,13171
1003,2021-12-08,305,12482,12787
1003,2021-12-09,266,12898,13164
1003,2021-12-10,260,12694,12954
1003,2021-12-11,156,11001,11157
1003,2021-12-12,45,7752,7797
1003,2021-12-13,305,12352,12657
1003,2021-12-14,292,12712,13004
1003,2021-12-15,292,12798,13090
1003,2021-12-16,310,13296,13606
1003,2021-12-17,253,13808,14061
1003,2021-12-18,127,10840,10967
1003,2021-12-19,57,8089,8146
1003,2021-12-20,202,12026,12228
1003,2021-12-21,258,12140,12398
1003,2021-12-22,202,11969,12171
1003,2021-12-23,194,12179,12373
1003,2021-12-24,116,9103,9219
1003,2021-12-25,21,4381,4402
1003,2021-12-26,37,5320,5357
1003,2021-12-27,127,9579,9706
1003,2021-12-28,129,9609,9738
1003,2021-12-29,128,10038,10166
1003,2021-12-30,142,11244,11386
1003,2021-12-31,114,9989,10103
1111,2021-01-01,50,1199,1249
1111,2021-01-02,97,1858,1955
1111,2021-01-03,52,1571,1623
1111,2021-01-04,183,2398,2581
1111,2021-01-05,198,2634,2832
1111,2021-01-06,186,2626,2812
1111,2021-01-07,196,2663,2859
1111,2021-01-08,211,2767,2978
1111,2021-01-09,116,2322,2438
1111,2021-01-10,61,2016,2077
1111,2021-01-11,277,3109,3386
1111,2021-01-12,227,3242,3469
1111,2021-01-13,289,3233,3522
1111,2021-01-14,266,3217,3483
1111,2021-01-15,265,3430,3695
1111,2021-01-16,134,2471,2605
1111,2021-01-17,57,1824,1881
1111,2021-01-18,280,3098,3378
1111,2021-01-19,255,3237,3492
1111,2021-01-20,288,3277,3565
1111,2021-01-21,267,3467,3734
1111,2021-01-22,281,3533,3814
1111,2021-01-23,129,2548,2677
1111,2021-01-24,68,2065,2133
1111,2021-01-25,280,3142,3422
1111,2021-01-26,294,3289,3583
1111,2021-01-27,273,3244,3517
1111,2021-01-28,252,3456,3708
1111,2021-01-29,274,3597,3871
1111,2021-01-30,127,2562,2689
1111,2021-01-31,61,2059,2120
1111,2021-02-01,280,3223,3503
1111,2021-02-02,317,3231,3548
1111,2021-02-03,256,3244,3500
1111,2021-02-04,333,3503,3836
1111,2021-02-05,277,3299,3576
1111,2021-02-06,119,2515,2634
1111,2021-02-07,60,2045,2105
1111,2021-02-08,272,2937,3209
1111,2021-02-09,294,3157,3451
1111,2021-02-10,258,3121,3379
1111,2021-02-11,273,3315,3588
1111,2021-02-12,267,3386,3653
1111,2021-02-13,112,2700,2812
1111,2021-02-14,55,2328,2383
1111,2021-02-15,217,2754,2971
1111,2021-02-16,235,3151,3386
1111,2021-02-17,270,2974,3244
1111,2021-02-18,273,3179,3452
1111,2021-02-19,294,3310,3604
1111,2021-02-20,136,3012,3148
1111,2021-02-21,69,2992,3061
1111,2021-02-22,338,3164,3502
1111,2021-02-23,325,3291,3616
1111,2021-02-24,323,3378,3701
1111,2021-02-25,330,3417,3747
1111,2021-02-26,291,3323,3614
1111,2021-02-27,121,2742,2863
1111,2021-02-28,62,2663,2725
1111,2021-03-01,292,3073,3365
1111,2021-03-02,334,3272,3606
1111,2021-03-03,313,3281,3594
1111,2021-03-04,308,3234,3542
1111,2021-03-05,333,3094,3427
1111,2021-03-06,84,1621,1705
1111,2021-03-07,63,2453,2516
1111,2021-03-08,357,2900,3257
1111,2021-03-09,304,3114,3418
1111,2021-03-10,333,3081,3414
1111,2021-03-11,301,3096,3397
1111,2021-03-12,322,3220,3542
1111,2021-03-13,132,2428,2560
1111,2021-03-14,64,2021,2085
1111,2021-03-15,320,2931,3251
1111,2021-03-16,296,3014,3310
1111,2021-03-17,319,3116,3435
1111,2021-03-18,322,3181,3503
1111,2021-03-19,351,3295,3646
1111,2021-03-20,157,2740,2897
1111,2021-03-21,64,2069,2133
1111,2021-03-22,355,2857,3212
1111,2021-03-23,313,3076,3389
1111,2021-03-24,317,3144,3461
1111,2021-03-25,311,3102,3413
1111,2021-03-26,299,3318,3617
1111,2021-03-27,123,2604,2727
1111,2021-03-29,349,3150,3499
1111,2021-03-30,332,3298,3630
1111,2021-03-31,335,3429,3764
1111,2021-04-01,366,3513,3879
1111,2021-04-02,321,3818,4139
1111,2021-04-03,147,2807,2954
1111,2021-04-04,74,2505,2579
1111,2021-04-05,90,1764,1854
1111,2021-04-06,281,2981,3262
1111,2021-04-07,271,2954,3225
1111,2021-04-08,281,3196,3477
1111,2021-04-09,326,3320,3646
1111,2021-04-10,120,2513,2633
1111,2021-04-11,61,1763,1824
1111,2021-04-12,282,3031,3313
1111,2021-04-13,285,3185,3470
1111,2021-04-14,321,3169,3490
1111,2021-04-15,316,3224,3540
1111,2021-04-16,293,3332,3625
1111,2021-04-17,143,2867,3010
1111,2021-04-18,86,2380,2466
1111,2021-04-19,286,2872,3158
1111,2021-04-20,297,3072,3369
1111,2021-04-21,280,2971,3251
1111,2021-04-22,285,3220,3505
1111,2021-04-23,303,3382,3685
1111,2021-04-24,136,3257,3393
1111,2021-04-25,113,3551,3664
1111,2021-04-26,293,3143,3436
1111,2021-04-27,372,3737,4109
1111,2021-04-28,330,3559,3889
1111,2021-04-29,321,3471,3792
1111,2021-04-30,320,3654,3974
1111,2021-05-01,85,2767,2852
1111,2021-05-02,127,2897,3024
1111,2021-05-03,312,3207,3519
1111,2021-05-04,297,3234,3531
1111,2021-05-05,327,3230,3557
1111,2021-05-06,309,3270,3579
1111,2021-05-07,314,3477,3791
1111,2021-05-08,146,3229,3375
1111,2021-05-09,104,3750,3854
1111,2021-05-10,376,3128,3504
1111,2021-05-11,373,3310,3683
1111,2021-05-12,369,3584,3953
1111,2021-05-13,100,3113,3213
1111,2021-05-14,261,3665,3926
1111,2021-05-15,166,3127,3293
1111,2021-05-16,184,2858,3042
1111,2021-05-17,323,3206,3529
1111,2021-05-18,314,3451,3765
1111,2021-05-19,353,3250,3603
1111,2021-05-20,316,3756,4072
1111,2021-05-21,349,3827,4176
1111,2021-05-22,156,3229,3385
1111,2021-05-23,83,3106,3189
1111,2021-05-24,156,2535,2691
1111,2021-05-25,303,3088,3391
1111,2021-05-26,267,3195,3462
1111,2021-05-27,338,3293,3631
1111,2021-05-28,310,3712,4022
1111,2021-05-29,141,3321,3462
1111,2021-05-30,122,4055,4177
1111,2021-05-31,385,3236,3621
1111,2021-06-01,433,3562,3995
1111,2021-06-02,405,3427,3832
1111,2021-06-03,364,3797,4161
1111,2021-06-04,400,3831,4231
1111,2021-06-05,166,3288,3454
1111,2021-06-06,140,2934,3074
1111,2021-06-07,367,3085,3452
1111,2021-06-08,403,3347,3750
1111,2021-06-09,438,3354,3792
1111,2021-06-10,398,3569,3967
1111,2021-06-11,410,3635,4045
1111,2021-06-12,159,3446,3605
1111,2021-06-13,92,3629,3721
1111,2021-06-14,387,3652,4039
1111,2021-06-15,422,3817,4239
1111,2021-06-16,360,3728,4088
1111,2021-06-17,360,3626,3986
1111,2021-06-18,406,3515,3921
1111,2021-06-19,148,3714,3862
1111,2021-06-20,92,2883,2975
1111,2021-06-21,301,3297,3598
1111,2021-06-22,302,3505,3807
1111,2021-06-23,101,2534,2635
1111,2021-06-24,244,3323,3567
1111,2021-06-25,295,3972,4267
1111,2021-06-26,167,3645,3812
1111,2021-06-27,92,3172,3264
1111,2021-06-28,289,3489,3778
1111,2021-06-29,289,3409,3698
1111,2021-06-30,281,3628,3909
1111,2021-07-01,283,3739,4022
1111,2021-07-02,294,3853,4147
1111,2021-07-03,145,3868,4013
1111,2021-07-04,76,2778,2854
1111,2021-07-05,272,3430,3702
1111,2021-07-06,266,3648,3914
1111,2021-07-07,290,3780,4070
1111,2021-07-08,268,3649,3917
1111,2021-07-09,317,4026,4343
1111,2021-07-10,135,3579,3714
1111,2021-07-11,99,3903,4002
1111,2021-07-12,306,3607,3913
1111,2021-07-13,230,3344,3574
1111,2021-07-14,260,3824,4084
1111,2021-07-15,120,2593,2713
1111,2021-07-16,169,4501,4670
1111,2021-07-17,176,5616,5792
1111,2021-07-18,134,4935,5069
1111,2021-07-19,368,5358,5726
1111,2021-07-20,355,5158,5513
1111,2021-07-21,358,5076,5434
1111,2021-07-22,340,5220,5560
1111,2021-07-23,355,4818,5173
1111,2021-07-24,154,3480,3634
1111,2021-07-25,79,3329,3408
1111,2021-07-26,364,3965,4329
1111,2021-07-27,258,3946,4204
1111,2021-07-28,321,4490,4811
1111,2021-07-29,279,4574,4853
1111,2021-07-30,298,4420,4718
1111,2021-07-31,168,4302,4470
1111,2021-08-01,90,3895,3985
1111,2021-08-02,219,3869,4088
1111,2021-08-03,231,4034,4265
1111,2021-08-04,227,4005,4232
1111,2021-08-05,228,4070,4298
1111,2021-08-06,209,3957,4166
1111,2021-08-07,159,3645,3804
1111,2021-08-08,95,3420,3515
1111,2021-08-09,188,3654,3842
1111,2021-08-10,229,3916,4145
1111,2021-08-11,209,4193,4402
1111,2021-08-12,249,4398,4647
1111,2021-08-13,232,4414,4646
1111,2021-08-14,146,4434,4580
1111,2021-08-15,104,4343,4447
1111,2021-08-16,202,3628,3830
1111,2021-08-17,239,3710,3949
1111,2021-08-18,229,3732,3961
1111,2021-08-19,239,4025,4264
1111,2021-08-20,239,4087,4326
1111,2021-08-21,132,4056,4188
1111,2021-08-22,62,3234,3296
1111,2021-08-23,235,3621,3856
1111,2021-08-24,280,4060,4340
1111,2021-08-25,290,4202,4492
1111,2021-08-26,272,4025,4297
1111,2021-08-27,304,3917,4221
1111,2021-08-28,165,3355,3520
1111,2021-08-29,87,2858,2945
1111,2021-08-30,278,3474,3752
1111,2021-08-31,310,3755,4065
1111,2021-09-01,345,4161,4506
1111,2021-09-02,336,4371,4707
1111,2021-09-03,339,4272,4611
1111,2021-09-04,184,4184,4368
1111,2021-09-05,95,4385,4480
1111,2021-09-06,302,3797,4099
1111,2021-09-07,290,4216,4506
1111,2021-09-08,335,4313,4648
1111,2021-09-09,341,3917,4258
1111,2021-09-10,336,4095,4431
1111,2021-09-11,161,3764,3925
1111,2021-09-12,89,3507,3596
1111,2021-09-13,320,3960,4280
1111,2021-09-14,336,4092,4428
1111,2021-09-15,318,3939,4257
1111,2021-09-16,363,4507,4870
1111,2021-09-17,320,4430,4750
1111,2021-09-18,170,4133,4303
1111,2021-09-19,74,3745,3819
1111,2021-09-20,349,3837,4186
1111,2021-09-21,325,4065,4390
1111,2021-09-22,359,4069,4428
1111,2021-09-23,340,4082,4422
1111,2021-09-24,367,4285,4652
1111,2021-09-25,150,4325,4475
1111,2021-09-26,77,3231,3308
1111,2021-09-27,339,3901,4240
1111,2021-09-28,357,4112,4469
1111,2021-09-29,313,3919,4232
1111,2021-09-30,332,4099,4431
1111,2021-10-01,342,4192,4534
1111,2021-10-02,159,3551,3710
1111,2021-10-03,69,2815,2884
1111,2021-10-04,325,3787,4112
1111,2021-10-05,326,3733,4059
1111,2021-10-06,316,3756,4072
1111,2021-10-07,324,3972,4296
1111,2021-10-08,328,4257,4585
1111,2021-10-09,146,3792,3938
1111,2021-10-10,76,3574,3650
1111,2021-10-11,326,3777,4103
1111,2021-10-12,350,3807,4157
1111,2021-10-13,302,3921,4223
1111,2021-10-14,329,4060,4389
1111,2021-10-15,320,4146,4466
1111,2021-10-16,161,3732,3893
1111,2021-10-17,80,3199,3279
1111,2021-10-18,312,3863,4175
1111,2021-10-19,318,3919,4237
1111,2021-10-20,299,3804,4103
1111,2021-10-21,272,4207,4479
1111,2021-10-22,343,4167,4510
1111,2021-10-23,151,3635,3786
1111,2021-10-24,74,3245,3319
1111,2021-10-25,298,3659,3957
1111,2021-10-26,334,3896,4230
1111,2021-10-27,334,3774,4108
1111,2021-10-28,311,4148,4459
1111,2021-10-29,346,4096,4442
1111,2021-10-30,127,3231,3358
1111,2021-11-01,68,2608,2676
1111,2021-11-02,265,3641,3906
1111,2021-11-03,261,3707,3968
1111,2021-11-04,248,3714,3962
1111,2021-11-05,292,3890,4182
1111,2021-11-06,149,3519,3668
1111,2021-11-07,65,2803,2868
1111,2021-11-08,245,3289,3534
1111,2021-11-09,305,3761,4066
1111,2021-11-10,305,3675,3980
1111,2021-11-11,330,3924,4254
1111,2021-11-12,310,4024,4334
1111,2021-11-13,139,3225,3364
1111,2021-11-14,69,2450,2519
1111,2021-11-15,288,3410,3698
1111,2021-11-16,316,3524,3840
1111,2021-11-17,286,3572,3858
1111,2021-11-18,298,3690,3988
1111,2021-11-19,305,3727,4032
1111,2021-11-20,127,2994,3121
1111,2021-11-21,63,2344,2407
1111,2021-11-22,297,3359,3656
1111,2021-11-23,302,3630,3932
1111,2021-11-24,330,3465,3795
1111,2021-11-25,309,3518,3827
1111,2021-11-26,295,3711,4006
1111,2021-11-27,119,2955,3074
1111,2021-11-28,56,2248,2304
1111,2021-11-29,306,3380,3686
1111,2021-11-30,292,3552,3844
1111,2021-12-01,281,3599,3880
1111,2021-12-02,299,3679,3978
1111,2021-12-03,285,3872,4157
1111,2021-12-04,107,3028,3135
1111,2021-12-05,67,2379,2446
1111,2021-12-06,291,3245,3536
1111,2021-12-07,299,3568,3867
1111,2021-12-08,311,3513,3824
1111,2021-12-09,294,3680,3974
1111,2021-12-10,268,3571,3839
1111,2021-12-11,134,3011,3145
1111,2021-12-12,63,2427,2490
1111,2021-12-13,278,3228,3506
1111,2021-12-14,316,3619,3935
1111,2021-12-15,326,3680,4006
1111,2021-12-16,296,3657,3953
1111,2021-12-17,297,3729,4026
1111,2021-12-18,138,2861,2999
1111,2021-12-19,62,2352,2414
1111,2021-12-20,241,3048,3289
1111,2021-12-21,229,3217,3446
1111,2021-12-22,201,3181,3382
1111,2021-12-23,177,3229,3406
1111,2021-12-24,135,2563,2698
1111,2021-12-25,50,1707,1757
1111,2021-12-26,46,1906,1952
1111,2021-12-27,143,2420,2563
1111,2021-12-28,162,2620,2782
1111,2021-12-29,157,2639,2796
1111,2021-12-30,153,2919,3072
1111,2021-12-31,157,2731,2888
1112,2021-01-02,35,747,782
1112,2021-01-03,6,652,658
1112,2021-01-04,46,1031,1077
1112,2021-01-05,52,1133,1185
1112,2021-01-06,44,1147,1191
1112,2021-01-07,32,1162,1194
1112,2021-01-08,46,1164,1210
1112,2021-01-09,40,894,934
1112,2021-01-10,11,805,816
1112,2021-01-11,42,1501,1543
1112,2021-01-12,53,1448,1501
1112,2021-01-13,49,1436,1485
1112,2021-01-14,37,1348,1385
1112,2021-01-15,52,1366,1418
1112,2021-01-16,38,948,986
1112,2021-01-17,8,725,733
1112,2021-01-18,45,1401,1446
1112,2021-01-19,57,1512,1569
1112,2021-01-20,64,1510,1574
1112,2021-01-21,52,1482,1534
1112,2021-01-22,62,1518,1580
1112,2021-01-23,33,961,994
1112,2021-01-24,7,796,803
1112,2021-01-25,55,1400,1455
1112,2021-01-26,57,1508,1565
1112,2021-01-27,42,1429,1471
1112,2021-01-28,48,1537,1585
1112,2021-01-29,62,1512,1574
1112,2021-01-30,21,971,992
1112,2021-01-31,10,714,724
1112,2021-02-01,46,1463,1509
1112,2021-02-02,57,1644,1701
1112,2021-02-03,54,1593,1647
1112,2021-02-04,65,1628,1693
1112,2021-02-05,79,1710,1789
1112,2021-02-06,31,1102,1133
1112,2021-02-07,5,626,631
1112,2021-02-08,65,1180,1245
1112,2021-02-09,61,1323,1384
1112,2021-02-10,70,1495,1565
1112,2021-02-11,65,1543,1608
1112,2021-02-12,62,1642,1704
1112,2021-02-13,32,1404,1436
1112,2021-02-14,2,1530,1532
1112,2021-02-15,60,1493,1553
1112,2021-02-16,67,1622,1689
1112,2021-02-17,92,1592,1684
1112,2021-02-18,62,1548,1610
1112,2021-02-19,71,1626,1697
1112,2021-02-20,48,1619,1667
1112,2021-02-21,12,1907,1919
1112,2021-02-22,65,1761,1826
1112,2021-02-23,83,1944,2027
1112,2021-02-24,80,1953,2033
1112,2021-02-25,81,1863,1944
1112,2021-02-26,92,1769,1861
1112,2021-02-27,41,1487,1528
1112,2021-02-28,12,1373,1385
1112,2021-03-02,66,1995,2061
1112,2021-03-03,79,2077,2156
1112,2021-03-04,88,1857,1945
1112,2021-03-05,74,1849,1923
1112,2021-03-06,47,1556,1603
1112,2021-03-07,4,1430,1434
1112,2021-03-08,61,1735,1796
1112,2021-03-09,62,1863,1925
1112,2021-03-10,92,1851,1943
1112,2021-03-11,58,1730,1788
1112,2021-03-12,57,1797,1854
1112,2021-03-13,23,1056,1079
1112,2021-03-14,2,765,767
1112,2021-03-15,69,1769,1838
1112,2021-03-16,71,1740,1811
1112,2021-03-17,75,1897,1972
1112,2021-03-18,70,1885,1955
1112,2021-03-19,72,1865,1937
1112,2021-03-20,39,1506,1545
1112,2021-03-21,7,1102,1109
1112,2021-03-22,74,1789,1863
1112,2021-03-23,70,1929,1999
1112,2021-03-24,64,1849,1913
1112,2021-03-25,77,1744,1821
1112,2021-03-26,84,2011,2095
1112,2021-03-27,45,1341,1386
1112,2021-03-29,66,1926,1992
1112,2021-03-30,71,2155,2226
1112,2021-03-31,66,2075,2141
1112,2021-04-02,83,2196,2279
1112,2021-04-03,51,1533,1584
1112,2021-04-04,13,1603,1616
1112,2021-04-05,11,859,870
1112,2021-04-06,55,1621,1676
1112,2021-04-07,67,1719,1786
1112,2021-04-08,90,1870,1960
1112,2021-04-09,76,1882,1958
1112,2021-04-10,34,1078,1112
1112,2021-04-11,6,717,723
1112,2021-04-12,64,1713,1777
1112,2021-04-13,69,1858,1927
1112,2021-04-14,88,1892,1980
1112,2021-04-15,74,1890,1964
1112,2021-04-16,80,1927,2007
1112,2021-04-17,47,1516,1563
1112,2021-04-18,5,1225,1230
1112,2021-04-19,77,1896,1973
1112,2021-04-20,97,2130,2227
1112,2021-04-21,73,2051,2124
1112,2021-04-22,61,2110,2171
1112,2021-04-23,98,2275,2373
1112,2021-04-24,54,2064,2118
1112,2021-04-25,33,2322,2355
1112,2021-04-26,120,2045,2165
1112,2021-04-27,53,841,894
1112,2021-04-28,54,1291,1345
1112,2021-04-29,76,2039,2115
1112,2021-04-30,79,2085,2164
1112,2021-05-01,14,1684,1698
1112,2021-05-02,16,1511,1527
1112,2021-05-03,67,2105,2172
1112,2021-05-04,75,1881,1956
1112,2021-05-05,102,2053,2155
1112,2021-05-06,89,2024,2113
1112,2021-05-07,82,2122,2204
1112,2021-05-08,46,1699,1745
1112,2021-05-09,19,2497,2516
1112,2021-05-10,90,2002,2092
1112,2021-05-11,68,2016,2084
1112,2021-05-12,105,2241,2346
1112,2021-05-13,28,1920,1948
1112,2021-05-14,89,2490,2579
1112,2021-05-15,42,1780,1822
1112,2021-05-16,30,1385,1415
1112,2021-05-17,76,1941,2017
1112,2021-05-18,85,2012,2097
1112,2021-05-19,105,2105,2210
1112,2021-05-21,89,2354,2443
1112,2021-05-22,57,1733,1790
1112,2021-05-23,32,2212,2244
1112,2021-05-24,29,1533,1562
1112,2021-05-25,81,1925,2006
1112,2021-05-26,72,2013,2085
1112,2021-05-27,78,2019,2097
1112,2021-05-28,81,2316,2397
1112,2021-05-29,49,2060,2109
1112,2021-05-30,38,2403,2441
1112,2021-06-01,120,2623,2743
1112,2021-06-02,131,2508,2639
1112,2021-06-03,121,2558,2679
1112,2021-06-04,149,2661,2810
1112,2021-06-05,84,2090,2174
1112,2021-06-06,46,1800,1846
1112,2021-06-07,111,2230,2341
1112,2021-06-08,132,2373,2505
1112,2021-06-09,119,2506,2625
1112,2021-06-10,117,2443,2560
1112,2021-06-11,161,2606,2767
1112,2021-06-12,50,2347,2397
1112,2021-06-13,23,2359,2382
1112,2021-06-17,119,2259,2378
1112,2021-06-18,82,2303,2385
1112,2021-06-19,51,2421,2472
1112,2021-06-20,19,1868,1887
1112,2021-06-21,92,2175,2267
1112,2021-06-22,117,2079,2196
1112,2021-06-23,19,1527,1546
1112,2021-06-24,90,2109,2199
1112,2021-06-25,105,2096,2201
1112,2021-06-26,37,1789,1826
1112,2021-06-27,18,1454,1472
1112,2021-06-28,98,1859,1957
1112,2021-06-29,92,2223,2315
1112,2021-06-30,80,2105,2185
1112,2021-07-01,80,2226,2306
1112,2021-07-02,101,2389,2490
1112,2021-07-03,78,2312,2390
1112,2021-07-04,22,1659,1681
1112,2021-07-05,106,2112,2218
1112,2021-07-06,107,2197,2304
1112,2021-07-07,91,2487,2578
1112,2021-07-08,86,2249,2335
1112,2021-07-09,118,2401,2519
1112,2021-07-10,47,2081,2128
1112,2021-07-11,17,1941,1958
1112,2021-07-12,95,2250,2345
1112,2021-07-13,69,2083,2152
1112,2021-07-14,52,766,818
1112,2021-07-23,97,1708,1805
1112,2021-07-24,57,1339,1396
1112,2021-07-25,20,1368,1388
1112,2021-07-26,79,1566,1645
1112,2021-07-27,110,1606,1716
1112,2021-07-28,109,1510,1619
1112,2021-07-29,77,1746,1823
1112,2021-07-30,68,1564,1632
1112,2021-08-02,76,1316,1392
1112,2021-08-03,66,1631,1697
1112,2021-08-04,59,2036,2095
1112,2021-08-05,66,2082,2148
1112,2021-08-06,77,2015,2092
1112,2021-08-07,52,1724,1776
1112,2021-08-08,16,1384,1400
1112,2021-08-09,61,1883,1944
1112,2021-08-10,54,2200,2254
1112,2021-08-11,62,2380,2442
1112,2021-08-12,55,2339,2394
1112,2021-08-13,72,2207,2279
1112,2021-08-14,75,2205,2280
1112,2021-08-15,29,2292,2321
1112,2021-08-16,66,1889,1955
1112,2021-08-17,76,1926,2002
1112,2021-08-18,82,2002,2084
1112,2021-08-19,65,2053,2118
1112,2021-08-20,85,2115,2200
1112,2021-08-21,53,2316,2369
1112,2021-08-22,31,1386,1417
1112,2021-08-23,78,1938,2016
1112,2021-08-24,81,2332,2413
1112,2021-08-25,98,2336,2434
1112,2021-08-26,87,2227,2314
1112,2021-08-27,102,2191,2293
1112,2021-08-28,50,1692,1742
1112,2021-08-29,20,1375,1395
1112,2021-08-30,90,1988,2078
1112,2021-08-31,79,2141,2220
1112,2021-09-01,103,2518,2621
1112,2021-09-02,76,2384,2460
1112,2021-09-03,99,2475,2574
1112,2021-09-04,46,2356,2402
1112,2021-09-05,25,2493,2518
1112,2021-09-06,80,2227,2307
1112,2021-09-07,90,2451,2541
1112,2021-09-08,117,2648,2765
1112,2021-09-09,94,2263,2357
1112,2021-09-10,114,2172,2286
1112,2021-09-11,44,2049,2093
1112,2021-09-12,17,1920,1937
1112,2021-09-13,100,2173,2273
1112,2021-09-14,111,2257,2368
1112,2021-09-15,114,2188,2302
1112,2021-09-16,111,2456,2567
1112,2021-09-17,116,2526,2642
1112,2021-09-18,40,2178,2218
1112,2021-09-19,15,1914,1929
1112,2021-09-20,88,2264,2352
1112,2021-09-21,99,2356,2455
1112,2021-09-22,97,2476,2573
1112,2021-09-23,106,2474,2580
1112,2021-09-24,103,2482,2585
1112,2021-09-25,46,2252,2298
1112,2021-09-26,8,1399,1407
1112,2021-09-27,90,2174,2264
1112,2021-09-28,121,2266,2387
1112,2021-09-29,131,2196,2327
1112,2021-09-30,113,2309,2422
1112,2021-10-01,184,2464,2648
1112,2021-10-02,45,1785,1830
1112,2021-10-03,11,1133,1144
1112,2021-10-04,97,2174,2271
1112,2021-10-05,117,2242,2359
1112,2021-10-06,101,2216,2317
1112,2021-10-07,104,2192,2296
1112,2021-10-08,139,2343,2482
1112,2021-10-09,127,2083,2210
1112,2021-10-10,23,1823,1846
1112,2021-10-11,115,2094,2209
1112,2021-10-12,146,2282,2428
1112,2021-10-13,92,2172,2264
1112,2021-10-14,118,2298,2416
1112,2021-10-15,95,2407,2502
1112,2021-10-16,45,1986,2031
1112,2021-10-17,22,1611,1633
1112,2021-10-18,78,2287,2365
1112,2021-10-19,85,2241,2326
1112,2021-10-20,78,2292,2370
1112,2021-10-21,60,1708,1768
1112,2021-10-22,100,2191,2291
1112,2021-10-23,57,1879,1936
1112,2021-10-24,13,1569,1582
1112,2021-10-25,91,2209,2300
1112,2021-10-26,105,2327,2432
1112,2021-10-27,95,2398,2493
1112,2021-10-28,84,2335,2419
1112,2021-10-29,102,2378,2480
1112,2021-10-30,45,1615,1660
1112,2021-11-01,12,1275,1287
1112,2021-11-02,109,2096,2205
1112,2021-11-03,90,2093,2183
1112,2021-11-04,83,2131,2214
1112,2021-11-05,89,2220,2309
1112,2021-11-06,57,1799,1856
1112,2021-11-07,3,1244,1247
1112,2021-11-08,120,2257,2377
1112,2021-11-09,84,2284,2368
1112,2021-11-10,94,2280,2374
1112,2021-11-11,83,2255,2338
1112,2021-11-12,94,2308,2402
1112,2021-11-13,36,1663,1699
1112,2021-11-14,10,1219,1229
1112,2021-11-15,64,2096,2160
1112,2021-11-16,98,2224,2322
1112,2021-11-17,99,2243,2342
1112,2021-11-18,93,2117,2210
1112,2021-11-19,114,2242,2356
1112,2021-11-20,61,1675,1736
1112,2021-11-21,7,1232,1239
1112,2021-11-22,86,2106,2192
1112,2021-11-23,82,2278,2360
1112,2021-11-24,73,2171,2244
1112,2021-11-25,102,2271,2373
1112,2021-11-26,94,2088,2182
1112,2021-11-27,44,1478,1522
1112,2021-11-28,7,1198,1205
1112,2021-11-29,90,1993,2083
1112,2021-11-30,65,2131,2196
1112,2021-12-01,89,2223,2312
1112,2021-12-02,75,2131,2206
1112,2021-12-03,67,2269,2336
1112,2021-12-04,45,1691,1736
1112,2021-12-05,7,1264,1271
1112,2021-12-06,71,2011,2082
1112,2021-12-07,81,2190,2271
1112,2021-12-08,88,2213,2301
1112,2021-12-09,95,2129,2224
1112,2021-12-10,102,2083,2185
1112,2021-12-11,30,1433,1463
1112,2021-12-12,44,1100,1144
1112,2021-12-13,134,2112,2246
1112,2021-12-14,151,2204,2355
1112,2021-12-15,142,2235,2377
1112,2021-12-16,149,2261,2410
1112,2021-12-17,117,2247,2364
1112,2021-12-18,78,1555,1633
1112,2021-12-19,36,1075,1111
1112,2021-12-20,106,1736,1842
1112,2021-12-21,81,1690,1771
1112,2021-12-22,57,1645,1702
1112,2021-12-23,47,1626,1673
1112,2021-12-24,38,1264,1302
1112,2021-12-25,5,860,865
1112,2021-12-26,6,847,853
1112,2021-12-27,30,1355,1385
1112,2021-12-28,46,1463,1509
1112,2021-12-29,34,1436,1470
1112,2021-12-30,40,1417,1457
1112,2021-12-31,31,1295,1326
1113,2021-01-01,16,867,883
1113,2021-01-02,29,1354,1383
1113,2021-01-03,13,1221,1234
1113,2021-01-04,73,1721,1794
1113,2021-01-05,71,1819,1890
1113,2021-01-06,68,1817,1885
1113,2021-01-07,69,1861,1930
1113,2021-01-08,79,1836,1915
1113,2021-01-09,42,1652,1694
1113,2021-01-10,32,1399,1431
1113,2021-01-11,103,2311,2414
1113,2021-01-12,127,2335,2462
1113,2021-01-13,91,2319,2410
1113,2021-01-14,81,2205,2286
1113,2021-01-15,111,2387,2498
1113,2021-01-16,51,1701,1752
1113,2021-01-17,15,1335,1350
1113,2021-01-18,102,2446,2548
1113,2021-01-19,118,2566,2684
1113,2021-01-20,128,2594,2722
1113,2021-01-21,126,2537,2663
1113,2021-01-22,140,2812,2952
1113,2021-01-23,49,1858,1907
1113,2021-01-24,33,1448,1481
1113,2021-01-25,101,2419,2520
1113,2021-01-26,126,2572,2698
1113,2021-01-27,94,2428,2522
1113,2021-01-28,100,2489,2589
1113,2021-01-29,143,2666,2809
1113,2021-01-30,30,1806,1836
1113,2021-01-31,16,1422,1438
1113,2021-02-02,98,2539,2637
1113,2021-02-03,102,2500,2602
1113,2021-02-04,137,2775,2912
1113,2021-02-05,122,2702,2824
1113,2021-02-06,39,1984,2023
1113,2021-02-07,15,1689,1704
1113,2021-02-08,154,2540,2694
1113,2021-02-09,128,2283,2411
1113,2021-02-10,106,2442,2548
1113,2021-02-11,120,2560,2680
1113,2021-02-12,97,2714,2811
1113,2021-02-13,56,2484,2540
1113,2021-02-14,15,2480,2495
1113,2021-02-15,110,2563,2673
1113,2021-02-16,145,3001,3146
1113,2021-02-17,175,2925,3100
1113,2021-02-18,153,3000,3153
1113,2021-02-19,142,2793,2935
1113,2021-02-20,60,2681,2741
1113,2021-02-21,22,2936,2958
1113,2021-02-22,146,2823,2969
1113,2021-02-23,167,2700,2867
1113,2021-02-24,185,2917,3102
1113,2021-02-25,184,2991,3175
1113,2021-02-26,170,2959,3129
1113,2021-02-27,78,2368,2446
1113,2021-02-28,15,2423,2438
1113,2021-03-01,139,2908,3047
1113,2021-03-02,156,3293,3449
1113,2021-03-03,154,3053,3207
1113,2021-03-04,151,2924,3075
1113,2021-03-05,157,3141,3298
1113,2021-03-06,92,2730,2822
1113,2021-03-07,29,2310,2339
1113,2021-03-08,142,2831,2973
1113,2021-03-09,137,2983,3120
1113,2021-03-10,168,2969,3137
1113,2021-03-11,151,2979,3130
1113,2021-03-12,180,2990,3170
1113,2021-03-13,55,1975,2030
1113,2021-03-14,15,1429,1444
1113,2021-03-15,173,2751,2924
1113,2021-03-16,146,2904,3050
1113,2021-03-17,141,2651,2792
1113,2021-03-18,131,2962,3093
1113,2021-03-19,152,3063,3215
1113,2021-03-20,61,2536,2597
1113,2021-03-21,25,1838,1863
1113,2021-03-22,153,2818,2971
1113,2021-03-23,152,3019,3171
1113,2021-03-24,113,3066,3179
1113,2021-03-25,192,3183,3375
1113,2021-03-26,171,3162,3333
1113,2021-03-27,57,2199,2256
1113,2021-03-29,177,3078,3255
1113,2021-03-30,181,3455,3636
1113,2021-03-31,129,3402,3531
1113,2021-04-02,161,3525,3686
1113,2021-04-03,69,2641,2710
1113,2021-04-04,15,2327,2342
1113,2021-04-05,20,1488,1508
1113,2021-04-06,141,2582,2723
1113,2021-04-07,145,2488,2633
1113,2021-04-08,162,2789,2951
1113,2021-04-09,145,2970,3115
1113,2021-04-10,59,1901,1960
1113,2021-04-11,10,1327,1337
1113,2021-04-12,145,2636,2781
1113,2021-04-13,197,2835,3032
1113,2021-04-14,133,2819,2952
1113,2021-04-15,135,2658,2793
1113,2021-04-16,178,2767,2945
1113,2021-04-17,35,2327,2362
1113,2021-04-18,14,1742,1756
1113,2021-04-19,127,2605,2732
1113,2021-04-20,145,2835,2980
1113,2021-04-21,132,2771,2903
1113,2021-04-22,182,3003,3185
1113,2021-04-23,170,3097,3267
1113,2021-04-24,46,2745,2791
1113,2021-04-25,27,2786,2813
1113,2021-04-26,193,2789,2982
1113,2021-04-27,173,2941,3114
1113,2021-04-28,194,2871,3065
1113,2021-04-29,137,2788,2925
1113,2021-04-30,152,3090,3242
1113,2021-05-01,23,2290,2313
1113,2021-05-02,13,2116,2129
1113,2021-05-03,121,2681,2802
1113,2021-05-04,104,2634,2738
1113,2021-05-05,127,2815,2942
1113,2021-05-06,130,2799,2929
1113,2021-05-07,98,3021,3119
1113,2021-05-08,49,2307,2356
1113,2021-05-09,30,2950,2980
1113,2021-05-10,141,2681,2822
1113,2021-05-11,145,2790,2935
1113,2021-05-12,188,3019,3207
1113,2021-05-13,64,2476,2540
1113,2021-05-14,87,3221,3308
1113,2021-05-15,36,2322,2358
1113,2021-05-16,58,2006,2064
1113,2021-05-28,128,3274,3402
1113,2021-05-29,55,2902,2957
1113,2021-05-30,49,3093,3142
1113,2021-05-31,143,3078,3221
1113,2021-06-01,88,3204,3292
1113,2021-06-02,183,3072,3255
1113,2021-06-03,137,3082,3219
1113,2021-06-04,132,3350,3482
1113,2021-06-05,50,2595,2645
1113,2021-06-06,53,2231,2284
1113,2021-06-07,124,2895,3019
1113,2021-06-08,134,3087,3221
1113,2021-06-09,115,3035,3150
1113,2021-06-10,145,3285,3430
1113,2021-06-11,139,3343,3482
1113,2021-06-12,61,3068,3129
1113,2021-06-13,34,2815,2849
1113,2021-06-14,132,2964,3096
1113,2021-06-15,144,3262,3406
1113,2021-06-16,126,3201,3327
1113,2021-06-17,145,3130,3275
1113,2021-06-18,132,3209,3341
1113,2021-06-19,46,2944,2990
1113,2021-06-20,21,2240,2261
1113,2021-06-21,148,2830,2978
1113,2021-06-22,116,2950,3066
1113,2021-06-23,21,2156,2177
1113,2021-06-24,102,2886,2988
1113,2021-06-25,101,3523,3624
1113,2021-06-26,63,2952,3015
1113,2021-06-27,34,2242,2276
1113,2021-06-28,160,2938,3098
1113,2021-06-29,136,3038,3174
1113,2021-06-30,135,2920,3055
1113,2021-07-01,116,3046,3162
1113,2021-07-02,118,3399,3517
1113,2021-07-03,44,2880,2924
1113,2021-07-04,31,1896,1927
1113,2021-07-05,164,2882,3046
1113,2021-07-06,128,2982,3110
1113,2021-07-07,110,3237,3347
1113,2021-07-08,117,3020,3137
1113,2021-07-09,140,3360,3500
1113,2021-07-10,50,2754,2804
1113,2021-07-11,17,2479,2496
1113,2021-07-12,182,3020,3202
1113,2021-07-13,117,2987,3104
1113,2021-07-14,88,2740,2828
1113,2021-07-15,100,2398,2498
1113,2021-07-16,97,2507,2604
1113,2021-07-17,63,2440,2503
1113,2021-07-18,19,2414,2433
1113,2021-07-19,111,2703,2814
1113,2021-07-20,126,2919,3045
1113,2021-07-21,105,3147,3252
1113,2021-07-22,132,2985,3117
1113,2021-07-23,134,3106,3240
1113,2021-07-24,44,2028,2072
1113,2021-07-25,32,2115,2147
1113,2021-07-26,119,3037,3156
1113,2021-07-27,160,3390,3550
1113,2021-07-28,145,3583,3728
1113,2021-07-29,132,3773,3905
1113,2021-07-30,79,3364,3443
1113,2021-07-31,37,2556,2593
1113,2021-08-01,11,2044,2055
1113,2021-08-02,94,2585,2679
1113,2021-08-03,75,2558,2633
1113,2021-08-04,56,2849,2905
1113,2021-08-05,67,2948,3015
1113,2021-08-06,66,2688,2754
1113,2021-08-07,68,2347,2415
1113,2021-08-08,26,2209,2235
1113,2021-08-09,76,2595,2671
1113,2021-08-10,53,2940,2993
1113,2021-08-11,71,3079,3150
1113,2021-08-12,77,3127,3204
1113,2021-08-13,63,3096,3159
1113,2021-08-14,58,2628,2686
1113,2021-08-15,28,2769,2797
1113,2021-08-16,77,2538,2615
1113,2021-08-17,65,2662,2727
1113,2021-08-18,58,2637,2695
1113,2021-08-19,56,2929,2985
1113,2021-08-20,70,2951,3021
1113,2021-08-21,52,2752,2804
1113,2021-08-22,23,2080,2103
1113,2021-08-23,85,2684,2769
1113,2021-08-24,92,3055,3147
1113,2021-08-25,114,3165,3279
1113,2021-08-26,113,3000,3113
1113,2021-08-27,109,2919,3028
1113,2021-08-28,42,2216,2258
1113,2021-08-29,13,2021,2034
1113,2021-08-30,127,2623,2750
1113,2021-08-31,139,2760,2899
1113,2021-09-01,166,2902,3068
1113,2021-09-02,157,3113,3270
1113,2021-09-03,150,3111,3261
1113,2021-09-04,72,2909,2981
1113,2021-09-05,20,2679,2699
1113,2021-09-06,199,2763,2962
1113,2021-09-07,200,3017,3217
1113,2021-09-08,184,3135,3319
1113,2021-09-09,206,2990,3196
1113,2021-09-10,203,2974,3177
1113,2021-09-11,122,2757,2879
1113,2021-09-12,47,2451,2498
1113,2021-09-13,186,3018,3204
1113,2021-09-14,209,2984,3193
1113,2021-09-15,181,2961,3142
1113,2021-09-16,158,3222,3380
1113,2021-09-17,169,3341,3510
1113,2021-09-18,37,3023,3060
1113,2021-09-19,19,2580,2599
1113,2021-09-20,194,2935,3129
1113,2021-09-21,159,3178,3337
1113,2021-09-22,134,2771,2905
1113,2021-09-23,150,2975,3125
1113,2021-09-24,143,3067,3210
1113,2021-09-25,48,2615,2663
1113,2021-09-26,12,1776,1788
1113,2021-09-27,147,2388,2535
1113,2021-09-28,147,2543,2690
1113,2021-09-29,132,2519,2651
1113,2021-09-30,156,2663,2819
1113,2021-10-01,155,2686,2841
1113,2021-10-02,33,2371,2404
1113,2021-10-03,10,1462,1472
1113,2021-10-04,131,2580,2711
1113,2021-10-05,224,2564,2788
1113,2021-10-06,119,2480,2599
1113,2021-10-07,142,2710,2852
1113,2021-10-08,176,2828,3004
1113,2021-10-09,57,2318,2375
1113,2021-10-10,18,2098,2116
1113,2021-10-11,103,2479,2582
1113,2021-10-12,125,2492,2617
1113,2021-10-13,94,2535,2629
1113,2021-10-14,133,2612,2745
1113,2021-10-15,122,2745,2867
1113,2021-10-16,31,2267,2298
1113,2021-10-17,52,1962,2014
1113,2021-10-18,100,2705,2805
1113,2021-10-19,99,2678,2777
1113,2021-10-20,93,2662,2755
1113,2021-10-21,148,2921,3069
1113,2021-10-22,120,3028,3148
1113,2021-10-23,51,2542,2593
1113,2021-10-24,12,2333,2345
1113,2021-10-25,150,2804,2954
1113,2021-10-26,139,3014,3153
1113,2021-10-27,109,3012,3121
1113,2021-10-28,114,3053,3167
1113,2021-10-29,153,3155,3308
1113,2021-10-30,35,2182,2217
1113,2021-11-01,10,1574,1584
1113,2021-11-02,144,2458,2602
1113,2021-11-03,96,2490,2586
1113,2021-11-04,117,2506,2623
1113,2021-11-05,94,2649,2743
1113,2021-11-06,51,2358,2409
1113,2021-11-07,18,1837,1855
1113,2021-11-08,112,2599,2711
1113,2021-11-09,114,2795,2909
1113,2021-11-10,116,2692,2808
1113,2021-11-11,113,2874,2987
1113,2021-11-12,129,2858,2987
1113,2021-11-13,31,2151,2182
1113,2021-11-14,9,1596,1605
1113,2021-11-15,110,2565,2675
1113,2021-11-16,102,2656,2758
1113,2021-11-17,127,2633,2760
1113,2021-11-18,115,2777,2892
1113,2021-11-19,122,2799,2921
1113,2021-11-20,39,2245,2284
1113,2021-11-21,10,1546,1556
1113,2021-11-22,106,2594,2700
1113,2021-11-23,120,2817,2937
1113,2021-11-24,112,2846,2958
1113,2021-11-25,109,2798,2907
1113,2021-11-26,106,2785,2891
1113,2021-11-27,19,1872,1891
1113,2021-11-28,12,1492,1504
1113,2021-11-29,103,2559,2662
1113,2021-11-30,110,2586,2696
1113,2021-12-01,85,2639,2724
1113,2021-12-02,110,2708,2818
1113,2021-12-03,169,2940,3109
1113,2021-12-04,31,2144,2175
1113,2021-12-05,4,1690,1694
1113,2021-12-06,175,2532,2707
1113,2021-12-07,190,2756,2946
1113,2021-12-08,119,2669,2788
1113,2021-12-09,130,2789,2919
1113,2021-12-10,83,2789,2872
1113,2021-12-11,31,1998,2029
1113,2021-12-12,5,1604,1609
1113,2021-12-13,97,2666,2763
1113,2021-12-14,137,2706,2843
1113,2021-12-15,112,2841,2953
1113,2021-12-16,99,2989,3088
1113,2021-12-17,61,2723,2784
1113,2021-12-18,37,1872,1909
1113,2021-12-19,8,1487,1495
1113,2021-12-20,57,2181,2238
1113,2021-12-21,61,2142,2203
1113,2021-12-22,46,2095,2141
1113,2021-12-23,33,2090,2123
1113,2021-12-24,18,1734,1752
1113,2021-12-25,1,1211,1212
1113,2021-12-26,6,1204,1210
1113,2021-12-27,31,1605,1636
1113,2021-12-28,35,1743,1778
1113,2021-12-29,23,1686,1709
1113,2021-12-30,28,1834,1862
1113,2021-12-31,20,1668,1688
1114,2021-01-01,42,596,638
1114,2021-01-02,74,1049,1123
1114,2021-01-03,52,867,919
1114,2021-01-04,102,1870,1972
1114,2021-01-05,115,2020,2135
1114,2021-01-06,110,1943,2053
1114,2021-01-07,140,2059,2199
1114,2021-01-08,123,1995,2118
1114,2021-01-09,100,1280,1380
1114,2021-01-10,56,996,1052
1114,2021-01-11,157,2473,2630
1114,2021-01-12,182,2570,2752
1114,2021-01-13,135,2625,2760
1114,2021-01-14,155,2338,2493
1114,2021-01-15,134,2364,2498
1114,2021-01-16,98,1449,1547
1114,2021-01-17,49,926,975
1114,2021-01-18,145,2392,2537
1114,2021-01-19,177,2688,2865
1114,2021-01-20,167,2572,2739
1114,2021-01-21,188,2506,2694
1114,2021-01-22,144,2702,2846
1114,2021-01-23,85,1568,1653
1114,2021-01-24,52,1099,1151
1114,2021-01-25,144,2468,2612
1114,2021-01-26,178,2695,2873
1114,2021-01-27,142,2422,2564
1114,2021-01-28,139,2695,2834
1114,2021-01-29,144,2640,2784
1114,2021-01-30,90,1491,1581
1114,2021-02-01,145,2527,2672
1114,2021-02-02,161,2767,2928
1114,2021-02-03,180,2578,2758
1114,2021-02-04,157,2651,2808
1114,2021-02-05,149,2640,2789
1114,2021-02-06,84,1483,1567
1114,2021-02-07,54,1012,1066
1114,2021-02-08,129,2204,2333
1114,2021-02-09,176,2448,2624
1114,2021-02-10,130,2455,2585
1114,2021-02-11,136,2527,2663
1114,2021-02-12,170,2485,2655
1114,2021-02-13,53,1687,1740
1114,2021-02-14,22,1334,1356
1114,2021-02-15,113,2444,2557
1114,2021-02-16,149,2843,2992
1114,2021-02-17,127,2829,2956
1114,2021-02-18,117,2598,2715
1114,2021-02-19,132,2650,2782
1114,2021-02-20,61,1868,1929
1114,2021-02-21,26,1906,1932
1114,2021-02-22,114,2594,2708
1114,2021-02-23,146,2815,2961
1114,2021-02-24,188,2845,3033
1114,2021-02-25,170,2854,3024
1114,2021-02-26,198,2793,2991
1114,2021-02-27,128,1827,1955
1114,2021-03-01,234,2821,3055
1114,2021-03-02,253,3045,3298
1114,2021-03-03,230,3063,3293
1114,2021-03-04,194,2865,3059
1114,2021-03-05,217,2912,3129
1114,2021-03-06,102,1824,1926
1114,2021-03-07,55,1593,1648
1114,2021-03-08,213,2690,2903
1114,2021-03-09,216,2817,3033
1114,2021-03-10,207,2785,2992
1114,2021-03-11,216,2782,2998
1114,2021-03-12,150,2710,2860
1114,2021-03-13,123,1818,1941
1114,2021-03-14,49,1187,1236
1114,2021-03-15,179,2675,2854
1114,2021-03-16,189,2851,3040
1114,2021-03-17,184,2763,2947
1114,2021-03-18,209,2683,2892
1114,2021-03-19,179,2860,3039
1114,2021-03-20,124,1778,1902
1114,2021-03-21,59,1267,1326
1114,2021-03-22,180,2663,2843
1114,2021-03-23,233,2885,3118
1114,2021-03-24,182,2915,3097
1114,2021-03-25,174,2870,3044
1114,2021-03-26,190,2915,3105
1114,2021-03-27,103,1772,1875
1114,2021-03-29,178,2743,2921
1114,2021-03-30,175,2970,3145
1114,2021-03-31,191,2923,3114
1114,2021-04-01,209,3032,3241
1114,2021-04-02,217,2899,3116
1114,2021-04-03,99,1856,1955
1114,2021-04-04,57,1410,1467
1114,2021-04-05,57,865,922
1114,2021-04-06,190,2761,2951
1114,2021-04-07,181,2862,3043
1114,2021-04-08,194,3119,3313
1114,2021-04-09,215,3177,3392
1114,2021-04-10,54,1790,1844
1114,2021-04-11,27,1233,1260
1114,2021-04-12,162,2952,3114
1114,2021-04-13,158,2766,2924
1114,2021-04-14,143,2742,2885
1114,2021-04-15,150,2735,2885
1114,2021-04-16,120,2758,2878
1114,2021-04-17,76,1885,1961
1114,2021-04-18,25,1392,1417
1114,2021-04-19,139,2821,2960
1114,2021-04-20,163,2924,3087
1114,2021-04-21,151,2913,3064
1114,2021-04-22,173,3052,3225
1114,2021-04-23,172,3043,3215
1114,2021-04-24,54,2213,2267
1114,2021-04-25,36,2052,2088
1114,2021-04-26,180,2861,3041
1114,2021-04-27,206,3008,3214
1114,2021-04-28,200,2925,3125
1114,2021-04-29,230,2962,3192
1114,2021-04-30,198,3034,3232
1114,2021-05-01,69,1540,1609
1114,2021-05-02,57,1771,1828
1114,2021-05-03,122,2355,2477
1114,2021-05-04,132,2395,2527
1114,2021-05-05,166,2286,2452
1114,2021-05-06,130,2384,2514
1114,2021-05-07,138,2550,2688
1114,2021-05-08,89,1694,1783
1114,2021-05-09,170,2016,2186
1114,2021-05-10,155,2376,2531
1114,2021-05-11,133,2380,2513
1114,2021-05-12,133,2559,2692
1114,2021-05-13,67,1500,1567
1114,2021-05-14,153,2265,2418
1114,2021-05-15,75,1709,1784
1114,2021-05-16,71,1450,1521
1114,2021-05-17,149,2477,2626
1114,2021-05-18,144,2541,2685
1114,2021-05-19,137,2458,2595
1114,2021-05-20,168,2628,2796
1114,2021-05-21,172,2664,2836
1114,2021-05-22,71,1586,1657
1114,2021-05-23,35,1552,1587
1114,2021-05-24,56,1248,1304
1114,2021-05-25,160,2437,2597
1114,2021-05-26,121,2561,2682
1114,2021-05-27,126,2384,2510
1114,2021-05-28,151,2523,2674
1114,2021-05-29,61,2076,2137
1114,2021-05-30,68,2150,2218
1114,2021-05-31,192,2512,2704
1114,2021-06-01,157,2608,2765
1114,2021-06-02,143,2547,2690
1114,2021-06-03,107,2595,2702
1114,2021-06-04,130,2330,2460
1114,2021-06-05,52,1600,1652
1114,2021-06-06,39,1342,1381
1114,2021-06-07,119,2368,2487
1114,2021-06-08,139,2521,2660
1114,2021-06-09,120,2498,2618
1114,2021-06-10,126,2518,2644
1114,2021-06-11,222,2531,2753
1114,2021-06-12,107,1786,1893
1114,2021-06-13,57,1703,1760
1114,2021-06-14,127,2347,2474
1114,2021-06-15,162,2534,2696
1114,2021-06-16,124,2523,2647
1114,2021-06-17,111,2452,2563
1114,2021-06-18,110,2589,2699
1114,2021-06-20,45,1549,1594
1114,2021-06-21,137,2351,2488
1114,2021-06-22,140,2448,2588
1114,2021-06-23,37,1353,1390
1114,2021-06-24,130,2256,2386
1114,2021-06-25,123,2541,2664
1114,2021-06-26,55,1809,1864
1114,2021-06-27,52,1579,1631
1114,2021-06-28,132,2419,2551
1114,2021-06-29,128,2482,2610
1114,2021-06-30,123,2586,2709
1114,2021-07-01,106,2537,2643
1114,2021-07-02,126,2519,2645
1114,2021-07-03,54,1957,2011
1114,2021-07-04,46,1304,1350
1114,2021-07-05,107,2423,2530
1114,2021-07-06,123,2540,2663
1114,2021-07-07,110,2632,2742
1114,2021-07-08,101,2557,2658
1114,2021-07-09,101,2639,2740
1114,2021-07-10,41,1775,1816
1114,2021-07-11,32,1787,1819
1114,2021-07-12,115,2425,2540
1114,2021-07-13,109,2607,2716
1114,2021-07-14,130,2384,2514
1114,2021-07-15,249,3719,3968
1114,2021-07-16,268,3654,3922
1114,2021-07-17,201,2802,3003
1114,2021-07-18,113,2384,2497
1114,2021-07-19,245,3374,3619
1114,2021-07-20,163,3340,3503
1114,2021-07-21,215,3531,3746
1114,2021-07-22,195,3320,3515
1114,2021-07-23,218,3192,3410
1114,2021-07-24,68,1891,1959
1114,2021-07-25,40,1866,1906
1114,2021-07-26,200,2996,3196
1114,2021-07-27,192,2838,3030
1114,2021-07-28,146,2990,3136
1114,2021-07-29,117,2764,2881
1114,2021-07-30,170,2685,2855
1114,2021-07-31,153,1920,2073
1114,2021-08-01,92,1791,1883
1114,2021-08-02,128,2290,2418
1114,2021-08-03,121,2373,2494
1114,2021-08-04,141,2454,2595
1114,2021-08-05,170,2396,2566
1114,2021-08-06,177,2449,2626
1114,2021-08-07,104,1718,1822
1114,2021-08-08,54,1550,1604
1114,2021-08-09,122,2233,2355
1114,2021-08-10,129,2467,2596
1114,2021-08-11,123,2516,2639
1114,2021-08-12,141,2505,2646
1114,2021-08-13,156,2453,2609
1114,2021-08-14,147,1908,2055
1114,2021-08-15,124,1802,1926
1114,2021-08-16,173,2176,2349
1114,2021-08-17,178,2325,2503
1114,2021-08-18,116,2387,2503
1114,2021-08-19,119,2389,2508
1114,2021-08-20,169,2512,2681
1114,2021-08-21,126,2012,2138
1114,2021-08-22,56,1418,1474
1114,2021-08-23,180,2516,2696
1114,2021-08-24,166,2686,2852
1114,2021-08-25,157,2944,3101
1114,2021-08-26,173,2757,2930
1114,2021-08-27,198,2641,2839
1114,2021-08-28,99,1613,1712
1114,2021-08-29,52,1373,1425
1114,2021-08-30,226,2594,2820
1114,2021-08-31,212,2696,2908
1114,2021-09-01,169,2917,3086
1114,2021-09-02,185,3268,3453
1114,2021-09-03,214,3142,3356
1114,2021-09-04,104,2054,2158
1114,2021-09-05,45,1923,1968
1114,2021-09-06,193,2805,2998
1114,2021-09-07,223,2985,3208
1114,2021-09-08,238,3141,3379
1114,2021-09-09,221,2973,3194
1114,2021-09-10,178,2899,3077
1114,2021-09-11,91,1986,2077
1114,2021-09-12,55,1792,1847
1114,2021-09-13,179,3006,3185
1114,2021-09-14,185,3090,3275
1114,2021-09-15,230,2960,3190
1114,2021-09-16,197,3230,3427
1114,2021-09-17,206,3328,3534
1114,2021-09-18,125,2512,2637
1114,2021-09-19,71,2113,2184
1114,2021-09-20,182,2958,3140
1114,2021-09-21,220,3169,3389
1114,2021-09-22,208,3082,3290
1114,2021-09-23,198,3118,3316
1114,2021-09-24,257,3133,3390
1114,2021-09-25,110,2257,2367
1114,2021-09-26,64,1420,1484
1114,2021-09-27,241,2980,3221
1114,2021-09-28,232,3179,3411
1114,2021-09-29,258,2978,3236
1114,2021-09-30,344,3160,3504
1114,2021-10-01,337,3246,3583
1114,2021-10-02,226,1977,2203
1114,2021-10-03,62,1464,1526
1114,2021-10-04,209,2919,3128
1114,2021-10-05,218,2998,3216
1114,2021-10-06,217,3270,3487
1114,2021-10-07,206,3132,3338
1114,2021-10-08,222,3185,3407
1114,2021-10-09,124,2267,2391
1114,2021-10-10,286,1835,2121
1114,2021-10-11,246,2828,3074
1114,2021-10-12,231,3012,3243
1114,2021-10-13,206,2988,3194
1114,2021-10-14,218,3086,3304
1114,2021-10-15,230,3111,3341
1114,2021-10-16,120,1994,2114
1114,2021-10-17,79,1637,1716
1114,2021-10-18,231,2978,3209
1114,2021-10-19,240,3071,3311
1114,2021-10-20,180,3027,3207
1114,2021-10-21,170,2860,3030
1114,2021-10-22,210,3091,3301
1114,2021-10-23,144,1992,2136
1114,2021-10-24,65,1871,1936
1114,2021-10-25,200,2856,3056
1114,2021-10-26,217,3100,3317
1114,2021-10-27,224,3049,3273
1114,2021-10-28,222,3048,3270
1114,2021-10-29,227,3110,3337
1114,2021-10-30,93,1885,1978
1114,2021-11-01,50,1258,1308
1114,2021-11-02,212,3161,3373
1114,2021-11-03,208,3143,3351
1114,2021-11-04,207,3275,3482
1114,2021-11-05,210,3224,3434
1114,2021-11-06,126,2201,2327
1114,2021-11-07,70,1733,1803
1114,2021-11-08,221,3324,3545
1114,2021-11-09,269,3446,3715
1114,2021-11-10,218,3552,3770
1114,2021-11-11,230,3441,3671
1114,2021-11-12,170,3031,3201
1114,2021-11-13,102,1742,1844
1114,2021-11-14,54,1219,1273
1114,2021-11-15,179,2704,2883
1114,2021-11-16,192,2870,3062
1114,2021-11-17,172,2852,3024
1114,2021-11-18,181,2892,3073
1114,2021-11-19,194,2925,3119
1114,2021-11-20,101,1841,1942
1114,2021-11-21,53,1174,1227
1114,2021-11-22,183,2654,2837
1114,2021-11-23,196,2753,2949
1114,2021-11-24,164,2911,3075
1114,2021-11-25,180,2866,3046
1114,2021-11-26,162,2795,2957
1114,2021-11-27,82,1634,1716
1114,2021-11-28,52,1183,1235
1114,2021-11-29,166,2658,2824
1114,2021-11-30,162,2916,3078
1114,2021-12-01,152,2855,3007
1114,2021-12-02,168,2711,2879
1114,2021-12-03,161,2817,2978
1114,2021-12-04,116,1721,1837
1114,2021-12-05,73,1262,1335
1114,2021-12-06,174,2632,2806
1114,2021-12-07,188,2774,2962
1114,2021-12-08,163,2807,2970
1114,2021-12-09,154,2809,2963
1114,2021-12-10,157,2651,2808
1114,2021-12-11,86,1854,1940
1114,2021-12-12,64,1395,1459
1114,2021-12-13,137,2222,2359
1114,2021-12-14,155,2071,2226
1114,2021-12-15,128,2013,2141
1114,2021-12-16,118,2068,2186
1114,2021-12-17,127,2145,2272
1114,2021-12-18,92,1514,1606
1114,2021-12-19,49,1135,1184
1114,2021-12-20,118,1971,2089
1114,2021-12-21,110,1913,2023
1114,2021-12-22,97,1879,1976
1114,2021-12-23,97,1644,1741
1114,2021-12-24,81,1359,1440
1114,2021-12-25,39,960,999
1114,2021-12-26,54,933,987
1114,2021-12-27,99,1429,1528
1114,2021-12-28,115,1496,1611
1114,2021-12-29,84,1601,1685
1114,2021-12-30,98,1656,1754
1114,2021-12-31,94,1399,1493
1117,2021-01-01,129,3592,3721
1117,2021-01-02,308,7106,7414
1117,2021-01-03,138,5641,5779
1117,2021-01-04,527,9339,9866
1117,2021-01-05,622,9601,10223
1117,2021-01-06,574,9543,10117
1117,2021-01-07,640,9479,10119
1117,2021-01-08,578,10001,10579
1117,2021-01-09,409,8052,8461
1117,2021-01-10,137,6508,6645
1117,2021-01-11,788,12376,13164
1117,2021-01-12,766,12626,13392
1117,2021-01-13,896,12600,13496
1117,2021-01-14,851,12096,12947
1117,2021-01-15,837,13095,13932
1117,2021-01-16,404,9821,10225
1117,2021-01-17,140,6110,6250
1117,2021-01-18,883,12440,13323
1117,2021-01-19,889,12626,13515
1117,2021-01-20,855,13032,13887
1117,2021-01-21,883,12887,13770
1117,2021-01-22,882,13642,14524
1117,2021-01-23,382,10445,10827
1117,2021-01-24,135,7342,7477
1117,2021-01-25,830,12317,13147
1117,2021-01-26,925,12924,13849
1117,2021-01-27,875,12353,13228
1117,2021-01-28,768,13023,13791
1117,2021-01-29,848,13634,14482
1117,2021-01-30,374,10542,10916
1117,2021-01-31,148,7111,7259
1117,2021-02-01,807,12498,13305
1117,2021-02-02,862,13249,14111
1117,2021-02-03,854,12579,13433
1117,2021-02-04,946,13454,14400
1117,2021-02-05,879,13661,14540
1117,2021-02-06,366,10576,10942
1117,2021-02-07,123,7173,7296
1117,2021-02-08,877,11736,12613
1117,2021-02-09,966,12502,13468
1117,2021-02-10,947,12515,13462
1117,2021-02-11,922,12860,13782
1117,2021-02-12,907,13316,14223
1117,2021-02-13,395,11281,11676
1117,2021-02-14,148,8679,8827
1117,2021-02-15,773,11259,12032
1117,2021-02-16,845,12662,13507
1117,2021-02-17,808,12414,13222
1117,2021-02-18,845,12469,13314
1117,2021-02-19,794,13263,14057
1117,2021-02-20,410,11994,12404
1117,2021-02-21,145,10761,10906
1117,2021-02-22,869,12649,13518
1117,2021-02-23,959,13481,14440
1117,2021-02-24,882,13573,14455
1117,2021-02-25,911,13820,14731
1117,2021-02-26,873,14177,15050
1117,2021-02-27,527,11981,12508
1117,2021-02-28,154,9608,9762
1117,2021-03-01,956,12582,13538
1117,2021-03-02,956,13169,14125
1117,2021-03-03,949,12946,13895
1117,2021-03-04,943,13032,13975
1117,2021-03-05,920,13211,14131
1117,2021-03-06,479,11898,12377
1117,2021-03-07,137,9469,9606
1117,2021-03-08,975,12385,13360
1117,2021-03-09,953,12818,13771
1117,2021-03-10,908,12768,13676
1117,2021-03-11,918,12983,13901
1117,2021-03-12,1004,13189,14193
1117,2021-03-13,433,10167,10600
1117,2021-03-14,129,7351,7480
1117,2021-03-15,934,12561,13495
1117,2021-03-16,885,12851,13736
1117,2021-03-17,877,12950,13827
1117,2021-03-18,979,13207,14186
1117,2021-03-19,1041,13662,14703
1117,2021-03-20,486,11254,11740
1117,2021-03-21,130,8061,8191
1117,2021-03-22,947,12495,13442
1117,2021-03-23,1015,13362,14377
1117,2021-03-24,1004,13214,14218
1117,2021-03-25,1130,13716,14846
1117,2021-03-26,1052,13835,14887
1117,2021-03-27,440,10492,10932
1117,2021-03-29,984,13019,14003
1117,2021-03-30,1018,14065,15083
1117,2021-03-31,993,13944,14937
1117,2021-04-01,894,14670,15564
1117,2021-04-02,759,15789,16548
1117,2021-04-03,396,11789,12185
1117,2021-04-04,157,8216,8373
1117,2021-04-05,206,6285,6491
1117,2021-04-06,928,12026,12954
1117,2021-04-07,949,11838,12787
1117,2021-04-08,953,12879,13832
1117,2021-04-09,904,13206,14110
1117,2021-04-10,423,9654,10077
1117,2021-04-11,140,6831,6971
1117,2021-04-12,899,12154,13053
1117,2021-04-13,979,12598,13577
1117,2021-04-14,940,12741,13681
1117,2021-04-15,914,12911,13825
1117,2021-04-16,881,13510,14391
1117,2021-04-17,465,11374,11839
1117,2021-04-18,179,8571,8750
1117,2021-04-19,929,12566,13495
1117,2021-04-20,990,13506,14496
1117,2021-04-21,1019,13279,14298
1117,2021-04-22,990,13896,14886
1117,2021-04-23,961,14387,15348
1117,2021-04-24,416,12532,12948
1117,2021-04-25,210,11745,11955
1117,2021-04-26,871,13131,14002
1117,2021-04-27,971,13885,14856
1117,2021-04-28,966,13981,14947
1117,2021-04-29,940,14203,15143
1117,2021-04-30,1022,15178,16200
1117,2021-05-01,218,9361,9579
1117,2021-05-02,191,10882,11073
1117,2021-05-03,920,13355,14275
1117,2021-05-04,987,13739,14726
1117,2021-05-05,1039,13631,14670
1117,2021-05-06,1014,14011,15025
1117,2021-05-07,899,14943,15842
1117,2021-05-08,403,12193,12596
1117,2021-05-09,223,11863,12086
1117,2021-05-10,1049,13237,14286
1117,2021-05-11,1139,13721,14860
1117,2021-05-12,1107,14868,15975
1117,2021-05-13,258,9931,10189
1117,2021-05-14,831,14309,15140
1117,2021-05-15,476,11898,12374
1117,2021-05-17,993,13616,14609
1117,2021-05-18,1015,14158,15173
1117,2021-05-19,1093,13758,14851
1117,2021-05-20,1047,14497,15544
1117,2021-05-21,1032,15290,16322
1117,2021-05-22,522,11831,12353
1117,2021-05-23,174,10285,10459
1117,2021-05-24,299,8449,8748
1117,2021-05-25,962,13366,14328
1117,2021-05-26,922,12764,13686
1117,2021-05-27,997,12462,13459
1117,2021-05-28,895,12953,13848
1117,2021-05-29,466,11765,12231
1117,2021-05-30,218,11792,12010
1117,2021-05-31,908,12755,13663
1117,2021-06-01,834,13846,14680
1117,2021-06-02,917,13567,14484
1117,2021-06-03,749,15059,15808
1117,2021-06-04,800,13972,14772
1117,2021-06-05,428,11918,12346
1117,2021-06-06,278,9655,9933
1117,2021-06-07,841,12916,13757
1117,2021-06-08,856,13553,14409
1117,2021-06-09,821,13749,14570
1117,2021-06-10,826,14235,15061
1117,2021-06-11,808,14737,15545
1117,2021-06-12,461,12806,13267
1117,2021-06-13,243,12104,12347
1117,2021-06-14,837,13572,14409
1117,2021-06-15,889,14060,14949
1117,2021-06-16,838,14224,15062
1117,2021-06-17,891,14138,15029
1117,2021-06-18,828,14511,15339
1117,2021-06-19,454,12543,12997
1117,2021-06-20,198,10361,10559
1117,2021-06-21,867,13838,14705
1117,2021-06-22,1019,14663,15682
1117,2021-06-23,377,8472,8849
1117,2021-06-24,955,13541,14496
1117,2021-06-25,942,14971,15913
1117,2021-06-26,489,12547,13036
1117,2021-06-27,247,10369,10616
1117,2021-06-28,895,13790,14685
1117,2021-06-29,780,13176,13956
1117,2021-06-30,986,14552,15538
1117,2021-07-01,1011,14869,15880
1117,2021-07-02,981,15393,16374
1117,2021-07-03,507,13884,14391
1117,2021-07-04,241,10396,10637
1117,2021-07-05,923,14143,15066
1117,2021-07-06,953,14048,15001
1117,2021-07-07,949,14892,15841
1117,2021-07-08,940,14548,15488
1117,2021-07-09,894,15246,16140
1117,2021-07-10,449,13132,13581
1117,2021-07-11,195,12062,12257
1117,2021-07-12,953,13959,14912
1117,2021-07-13,833,14322,15155
1117,2021-07-14,853,13973,14826
1117,2021-07-15,837,11809,12646
1117,2021-07-16,906,13647,14553
1117,2021-07-17,615,11893,12508
1117,2021-07-18,367,10858,11225
1117,2021-07-19,983,14453,15436
1117,2021-07-20,1083,14819,15902
1117,2021-07-21,1017,14955,15972
1117,2021-07-22,1053,14743,15796
1117,2021-07-23,964,14743,15707
1117,2021-07-24,482,11626,12108
1117,2021-07-25,249,9986,10235
1117,2021-07-26,971,13797,14768
1117,2021-07-27,969,13197,14166
1117,2021-07-28,995,14163,15158
1117,2021-07-29,936,14536,15472
1117,2021-07-30,830,14379,15209
1117,2021-07-31,460,12314,12774
1117,2021-08-01,254,10662,10916
1117,2021-08-02,725,12325,13050
1117,2021-08-03,738,12451,13189
1117,2021-08-04,735,12617,13352
1117,2021-08-05,746,12921,13667
1117,2021-08-06,672,13334,14006
1117,2021-08-07,461,11050,11511
1117,2021-08-08,203,9558,9761
1117,2021-08-09,676,11931,12607
1117,2021-08-10,785,12680,13465
1117,2021-08-11,666,12890,13556
1117,2021-08-12,744,13322,14066
1117,2021-08-13,706,13266,13972
1117,2021-08-14,444,11599,12043
1117,2021-08-15,244,11326,11570
1117,2021-08-16,704,11893,12597
1117,2021-08-17,770,12170,12940
1117,2021-08-18,674,12066,12740
1117,2021-08-19,704,12847,13551
1117,2021-08-20,731,13282,14013
1117,2021-08-21,442,11652,12094
1117,2021-08-22,259,9501,9760
1117,2021-08-23,736,12281,13017
1117,2021-08-24,854,13098,13952
1117,2021-08-25,894,13511,14405
1117,2021-08-26,875,13552,14427
1117,2021-08-27,841,13517,14358
1117,2021-08-28,449,10669,11118
1117,2021-08-29,200,8850,9050
1117,2021-08-30,813,12671,13484
1117,2021-08-31,884,13089,13973
1117,2021-09-01,894,13384,14278
1117,2021-09-02,930,13783,14713
1117,2021-09-03,930,13955,14885
1117,2021-09-04,473,12138,12611
1117,2021-09-05,217,11364,11581
1117,2021-09-06,898,13099,13997
1117,2021-09-07,966,13777,14743
1117,2021-09-08,922,14431,15353
1117,2021-09-09,967,13589,14556
1117,2021-09-10,924,14036,14960
1117,2021-09-11,506,12237,12743
1117,2021-09-12,238,10816,11054
1117,2021-09-13,872,13458,14330
1117,2021-09-14,997,13718,14715
1117,2021-09-15,997,13997,14994
1117,2021-09-16,947,14655,15602
1117,2021-09-17,1075,15436,16511
1117,2021-09-18,758,13662,14420
1117,2021-09-19,312,11739,12051
1117,2021-09-20,1056,13626,14682
1117,2021-09-21,967,14310,15277
1117,2021-09-22,953,13649,14602
1117,2021-09-23,1005,14373,15378
1117,2021-09-24,1035,14852,15887
1117,2021-09-25,521,13688,14209
1117,2021-09-26,169,9533,9702
1117,2021-09-27,986,13668,14654
1117,2021-09-28,1039,14361,15400
1117,2021-09-29,1005,14294,15299
1117,2021-09-30,1051,14475,15526
1117,2021-10-01,1047,14789,15836
1117,2021-10-02,474,11955,12429
1117,2021-10-03,170,9009,9179
1117,2021-10-04,980,13613,14593
1117,2021-10-05,1063,13906,14969
1117,2021-10-06,984,13860,14844
1117,2021-10-07,1002,14399,15401
1117,2021-10-08,1066,14995,16061
1117,2021-10-09,475,12654,13129
1117,2021-10-10,282,11246,11528
1117,2021-10-11,991,13649,14640
1117,2021-10-12,995,13754,14749
1117,2021-10-13,985,14036,15021
1117,2021-10-14,1066,14462,15528
1117,2021-10-15,958,14295,15253
1117,2021-10-16,606,12790,13396
1117,2021-10-17,192,10620,10812
1117,2021-10-18,1020,13419,14439
1117,2021-10-19,898,14043,14941
1117,2021-10-20,914,13957,14871
1117,2021-10-21,926,13622,14548
1117,2021-10-22,1009,14828,15837
1117,2021-10-23,486,12409,12895
1117,2021-10-24,209,11290,11499
1117,2021-10-25,949,13638,14587
1117,2021-10-26,1061,14355,15416
1117,2021-10-27,942,14203,15145
1117,2021-10-28,1099,15027,16126
1117,2021-10-29,967,15514,16481
1117,2021-10-30,438,11557,11995
1117,2021-11-01,169,8526,8695
1117,2021-11-02,929,13485,14414
1117,2021-11-03,863,13514,14377
1117,2021-11-04,998,13740,14738
1117,2021-11-05,919,14233,15152
1117,2021-11-06,541,11359,11900
1117,2021-11-07,172,8504,8676
1117,2021-11-08,1002,13470,14472
1117,2021-11-09,1072,14268,15340
1117,2021-11-10,1063,13940,15003
1117,2021-11-11,1041,14058,15099
1117,2021-11-12,928,14771,15699
1117,2021-11-13,449,11170,11619
1117,2021-11-14,169,9028,9197
1117,2021-11-15,932,13199,14131
1117,2021-11-16,959,13721,14680
1117,2021-11-17,967,13864,14831
1117,2021-11-18,1008,14228,15236
1117,2021-11-19,981,14491,15472
1117,2021-11-20,476,11554,12030
1117,2021-11-21,157,8495,8652
1117,2021-11-22,947,13322,14269
1117,2021-11-23,1094,14009,15103
1117,2021-11-24,994,14000,14994
1117,2021-11-25,1036,14197,15233
1117,2021-11-26,940,14839,15779
1117,2021-11-27,485,11752,12237
1117,2021-11-28,152,8518,8670
1117,2021-11-29,894,13470,14364
1117,2021-11-30,979,14103,15082
1117,2021-12-01,910,14067,14977
1117,2021-12-02,947,14436,15383
1117,2021-12-03,946,14778,15724
1117,2021-12-04,426,11307,11733
1117,2021-12-05,151,8928,9079
1117,2021-12-06,923,13536,14459
1117,2021-12-07,1041,14031,15072
1117,2021-12-08,967,14060,15027
1117,2021-12-09,986,14406,15392
1117,2021-12-10,899,14372,15271
1117,2021-12-11,512,12138,12650
1117,2021-12-12,189,9144,9333
1117,2021-12-13,891,13627,14518
1117,2021-12-14,941,14359,15300
1117,2021-12-15,892,14389,15281
1117,2021-12-16,949,14799,15748
1117,2021-12-17,927,14960,15887
1117,2021-12-18,485,10999,11484
1117,2021-12-19,175,8565,8740
1117,2021-12-20,748,12331,13079
1117,2021-12-21,815,12603,13418
1117,2021-12-22,714,12945,13659
1117,2021-12-23,675,13478,14153
1117,2021-12-24,439,10551,10990
1117,2021-12-25,118,5254,5372
1117,2021-12-26,132,6513,6645
1117,2021-12-27,523,9731,10254
1117,2021-12-28,554,10552,11106
1117,2021-12-29,539,10898,11437
1117,2021-12-30,561,11811,12372
1117,2021-12-31,427,10680,11107
1119,2021-01-01,51,1044,1095
1119,2021-01-02,83,1759,1842
1119,2021-01-03,52,1388,1440
1119,2021-01-04,154,2218,2372
1119,2021-01-05,140,2365,2505
1119,2021-01-06,135,2386,2521
1119,2021-01-07,134,2254,2388
1119,2021-01-08,156,2401,2557
1119,2021-01-09,101,1975,2076
1119,2021-01-10,46,1649,1695
1119,2021-01-11,176,2857,3033
1119,2021-01-12,198,2827,3025
1119,2021-01-13,235,3005,3240
1119,2021-01-14,246,2879,3125
1119,2021-01-15,222,3174,3396
1119,2021-01-16,96,2332,2428
1119,2021-01-17,51,1527,1578
1119,2021-01-18,212,2929,3141
1119,2021-01-19,216,2966,3182
1119,2021-01-20,216,3039,3255
1119,2021-01-21,210,3022,3232
1119,2021-01-22,230,3241,3471
1119,2021-01-23,93,2469,2562
1119,2021-01-24,50,1780,1830
1119,2021-01-25,269,2888,3157
1119,2021-01-26,251,3147,3398
1119,2021-01-27,230,3008,3238
1119,2021-01-28,223,3106,3329
1119,2021-01-29,213,3200,3413
1119,2021-01-30,92,2425,2517
1119,2021-01-31,49,1993,2042
1119,2021-02-02,229,3109,3338
1119,2021-02-03,192,2922,3114
1119,2021-02-04,247,3096,3343
1119,2021-02-05,231,3183,3414
1119,2021-02-06,101,2521,2622
1119,2021-02-07,51,1908,1959
1119,2021-02-08,200,2598,2798
1119,2021-02-09,212,2822,3034
1119,2021-02-10,170,2832,3002
1119,2021-02-11,213,2913,3126
1119,2021-02-12,191,3039,3230
1119,2021-02-13,96,2703,2799
1119,2021-02-14,48,2152,2200
1119,2021-02-15,47,1391,1438
1119,2021-02-16,49,1565,1614
1119,2021-02-17,76,1664,1740
1119,2021-02-18,155,2471,2626
1119,2021-02-19,198,2816,3014
1119,2021-02-20,115,2832,2947
1119,2021-02-21,53,2999,3052
1119,2021-02-22,201,2894,3095
1119,2021-02-23,262,3143,3405
1119,2021-02-24,250,3345,3595
1119,2021-02-25,271,3468,3739
1119,2021-02-27,105,2777,2882
1119,2021-03-01,229,3038,3267
1119,2021-03-02,245,3207,3452
1119,2021-03-03,263,3057,3320
1119,2021-03-04,262,3023,3285
1119,2021-03-05,261,3201,3462
1119,2021-03-06,91,2704,2795
1119,2021-03-07,50,2454,2504
1119,2021-03-08,260,2866,3126
1119,2021-03-09,269,3075,3344
1119,2021-03-10,304,3056,3360
1119,2021-03-11,245,3070,3315
1119,2021-03-12,254,3270,3524
1119,2021-03-13,115,2549,2664
1119,2021-03-14,51,2016,2067
1119,2021-03-15,234,2890,3124
1119,2021-03-16,242,3037,3279
1119,2021-03-17,268,2976,3244
1119,2021-03-18,280,3122,3402
1119,2021-03-19,258,3242,3500
1119,2021-03-20,104,2732,2836
1119,2021-03-21,59,2104,2163
1119,2021-03-22,254,2894,3148
1119,2021-03-23,271,3167,3438
1119,2021-03-24,241,3155,3396
1119,2021-03-25,254,3228,3482
1119,2021-03-26,246,3287,3533
1119,2021-03-27,153,2641,2794
1119,2021-03-29,258,3173,3431
1119,2021-03-30,260,3517,3777
1119,2021-03-31,260,3507,3767
1119,2021-04-01,273,3538,3811
1119,2021-04-02,217,3628,3845
1119,2021-04-03,96,2753,2849
1119,2021-04-04,57,2271,2328
1119,2021-04-05,58,1544,1602
1119,2021-04-06,72,1613,1685
1119,2021-04-07,49,1317,1366
1119,2021-04-08,31,1441,1472
1119,2021-04-09,59,1627,1686
1119,2021-04-10,10,1222,1232
1119,2021-04-11,4,665,669
1119,2021-04-12,46,1625,1671
1119,2021-04-13,190,2581,2771
1119,2021-04-14,206,2756,2962
1119,2021-04-15,192,2842,3034
1119,2021-04-16,232,2940,3172
1119,2021-04-17,112,2811,2923
1119,2021-04-18,48,2164,2212
1119,2021-04-19,209,3074,3283
1119,2021-04-20,233,3275,3508
1119,2021-04-21,220,3097,3317
1119,2021-04-22,209,3252,3461
1119,2021-04-23,230,3448,3678
1119,2021-04-24,114,3206,3320
1119,2021-04-25,56,3332,3388
1119,2021-04-26,253,3084,3337
1119,2021-04-27,277,3386,3663
1119,2021-04-28,260,3392,3652
1119,2021-04-29,254,3444,3698
1119,2021-04-30,262,3524,3786
1119,2021-05-01,61,2542,2603
1119,2021-05-02,59,2818,2877
1119,2021-05-03,301,3165,3466
1119,2021-05-04,264,3311,3575
1119,2021-05-05,287,3148,3435
1119,2021-05-06,261,3280,3541
1119,2021-05-07,276,3495,3771
1119,2021-05-08,157,3117,3274
1119,2021-05-09,88,3438,3526
1119,2021-05-10,232,3159,3391
1119,2021-05-11,258,3318,3576
1119,2021-05-12,269,3674,3943
1119,2021-05-13,61,2755,2816
1119,2021-05-14,191,3638,3829
1119,2021-07-28,211,3032,3243
1119,2021-07-29,224,3374,3598
1119,2021-07-30,217,3246,3463
1119,2021-07-31,221,2990,3211
1119,2021-08-01,85,2580,2665
1119,2021-08-02,160,2912,3072
1119,2021-08-03,199,2956,3155
1119,2021-08-04,188,2890,3078
1119,2021-08-05,211,3070,3281
1119,2021-08-06,206,3044,3250
1119,2021-08-07,144,2754,2898
1119,2021-08-08,57,2441,2498
1119,2021-08-09,169,2759,2928
1119,2021-08-10,214,3004,3218
1119,2021-08-11,211,3138,3349
1119,2021-08-12,201,3298,3499
1119,2021-08-13,203,3264,3467
1119,2021-08-14,130,2942,3072
1119,2021-08-15,81,2928,3009
1119,2021-08-16,185,2697,2882
1119,2021-08-17,219,2780,2999
1119,2021-08-18,205,2715,2920
1119,2021-08-19,213,2948,3161
1119,2021-08-20,230,3057,3287
1119,2021-08-21,137,3152,3289
1119,2021-08-22,79,2607,2686
1119,2021-08-23,217,2779,2996
1119,2021-08-24,257,3188,3445
1119,2021-08-25,247,3153,3400
1119,2021-08-26,241,3001,3242
1119,2021-08-27,304,3210,3514
1119,2021-08-28,139,2448,2587
1119,2021-08-29,67,2148,2215
1119,2021-08-30,214,2816,3030
1119,2021-08-31,238,3071,3309
1119,2021-09-01,234,3125,3359
1119,2021-09-02,232,3285,3517
1119,2021-09-03,240,3398,3638
1119,2021-09-04,132,3105,3237
1119,2021-09-05,77,3773,3850
1119,2021-09-06,235,2958,3193
1119,2021-09-07,269,3256,3525
1119,2021-09-08,257,3359,3616
1119,2021-09-09,278,3187,3465
1119,2021-09-10,266,3168,3434
1119,2021-09-11,129,2754,2883
1119,2021-09-12,79,2819,2898
1119,2021-09-13,219,3201,3420
1119,2021-09-14,251,3220,3471
1119,2021-09-15,261,3255,3516
1119,2021-09-16,255,3615,3870
1119,2021-09-17,351,3751,4102
1119,2021-09-18,185,3337,3522
1119,2021-09-19,71,3023,3094
1119,2021-09-20,295,3190,3485
1119,2021-09-21,318,3509,3827
1119,2021-09-22,328,3436,3764
1119,2021-09-23,304,3529,3833
1119,2021-09-24,349,3623,3972
1119,2021-09-25,214,3407,3621
1119,2021-09-26,68,2389,2457
1119,2021-09-27,286,3191,3477
1119,2021-09-28,306,3410,3716
1119,2021-09-29,289,3244,3533
1119,2021-09-30,320,3442,3762
1119,2021-10-01,311,3564,3875
1119,2021-10-02,130,2908,3038
1119,2021-10-03,57,2176,2233
1119,2021-10-04,321,3214,3535
1119,2021-10-05,294,3439,3733
1119,2021-10-06,267,3378,3645
1119,2021-10-07,279,3534,3813
1119,2021-10-08,293,3586,3879
1119,2021-10-09,128,3187,3315
1119,2021-10-10,77,2889,2966
1119,2021-10-11,300,3157,3457
1119,2021-10-12,323,3259,3582
1119,2021-10-13,310,3362,3672
1119,2021-10-14,347,3528,3875
1119,2021-10-15,312,3492,3804
1119,2021-10-16,146,3025,3171
1119,2021-10-17,69,2573,2642
1119,2021-10-18,341,3194,3535
1119,2021-10-19,289,3388,3677
1119,2021-10-20,308,3294,3602
1119,2021-10-21,234,3286,3520
1119,2021-10-22,396,3569,3965
1119,2021-10-23,177,2928,3105
1119,2021-10-24,108,2635,2743
1119,2021-10-25,295,3125,3420
1119,2021-10-26,312,3442,3754
1119,2021-10-27,283,3362,3645
1119,2021-10-28,283,3546,3829
1119,2021-10-29,318,3829,4147
1119,2021-10-30,133,2751,2884
1119,2021-11-01,65,2082,2147
1119,2021-11-02,187,2831,3018
1119,2021-11-03,176,2756,2932
1119,2021-11-04,172,2739,2911
1119,2021-11-05,197,2813,3010
1119,2021-11-06,123,2482,2605
1119,2021-11-07,55,1772,1827
1119,2021-11-08,207,2832,3039
1119,2021-11-09,235,3148,3383
1119,2021-11-10,238,3027,3265
1119,2021-11-11,215,3107,3322
1119,2021-11-12,259,3323,3582
1119,2021-11-13,122,2601,2723
1119,2021-11-14,63,1931,1994
1119,2021-11-15,250,2945,3195
1119,2021-11-16,274,3137,3411
1119,2021-11-17,285,3163,3448
1119,2021-11-18,293,3232,3525
1119,2021-11-19,308,3230,3538
1119,2021-11-20,109,2707,2816
1119,2021-11-21,57,1924,1981
1119,2021-11-22,263,2895,3158
1119,2021-11-23,244,3081,3325
1119,2021-11-24,273,3021,3294
1119,2021-11-25,240,3309,3549
1119,2021-11-26,270,3196,3466
1119,2021-11-27,122,2498,2620
1119,2021-11-28,53,1797,1850
1119,2021-11-29,250,2967,3217
1119,2021-11-30,270,3187,3457
1119,2021-12-01,230,3164,3394
1119,2021-12-02,269,3287,3556
1119,2021-12-03,280,3271,3551
1119,2021-12-04,98,2514,2612
1119,2021-12-05,46,2000,2046
1119,2021-12-06,240,2951,3191
1119,2021-12-07,252,3191,3443
1119,2021-12-08,249,3124,3373
1119,2021-12-09,279,3205,3484
1119,2021-12-10,250,3336,3586
1119,2021-12-11,125,2822,2947
1119,2021-12-12,53,2083,2136
1119,2021-12-13,276,3185,3461
1119,2021-12-14,293,3666,3959
1119,2021-12-15,265,3614,3879
1119,2021-12-16,283,3921,4204
1119,2021-12-17,239,3659,3898
1119,2021-12-18,113,2477,2590
1119,2021-12-19,73,1943,2016
1119,2021-12-20,167,2778,2945
1119,2021-12-21,204,2969,3173
1119,2021-12-22,168,3003,3171
1119,2021-12-23,165,3013,3178
1119,2021-12-24,121,2417,2538
1119,2021-12-25,52,1409,1461
1119,2021-12-26,47,1508,1555
1119,2021-12-27,114,2102,2216
1119,2021-12-28,137,2282,2419
1119,2021-12-29,110,2438,2548
1119,2021-12-30,122,2551,2673
1119,2021-12-31,109,2291,2400
1200,2021-01-01,76,2502,2578
1200,2021-01-02,203,5039,5242
1200,2021-01-03,98,3981,4079
1200,2021-01-04,381,6818,7199
1200,2021-01-05,419,7332,7751
1200,2021-01-06,443,6996,7439
1200,2021-01-07,427,7225,7652
1200,2021-01-08,401,7046,7447
1200,2021-01-09,236,5663,5899
1200,2021-01-10,108,4733,4841
1200,2021-01-11,620,8961,9581
1200,2021-01-12,534,7347,7881
1200,2021-01-13,591,8768,9359
1200,2021-01-14,491,8071,8562
1200,2021-01-15,581,9276,9857
1200,2021-01-16,256,6079,6335
1200,2021-01-17,101,4075,4176
1200,2021-01-18,605,9014,9619
1200,2021-01-19,561,8323,8884
1200,2021-01-20,602,9215,9817
1200,2021-01-21,585,8334,8919
1200,2021-01-22,573,9334,9907
1200,2021-01-23,244,6178,6422
1200,2021-01-24,110,5123,5233
1200,2021-01-25,540,8335,8875
1200,2021-01-26,679,9444,10123
1200,2021-01-27,485,7279,7764
1200,2021-01-28,570,8737,9307
1200,2021-01-29,540,8843,9383
1200,2021-01-30,208,6108,6316
1200,2021-01-31,102,5314,5416
1200,2021-02-01,581,8757,9338
1200,2021-02-02,561,8619,9180
1200,2021-02-03,501,7810,8311
1200,2021-02-04,642,10005,10647
1200,2021-02-05,605,9583,10188
1200,2021-02-06,223,6450,6673
1200,2021-02-07,104,5055,5159
1200,2021-02-08,530,8194,8724
1200,2021-02-09,528,8752,9280
1200,2021-02-10,571,8877,9448
1200,2021-02-11,577,9015,9592
1200,2021-02-12,596,9467,10063
1200,2021-02-13,286,7161,7447
1200,2021-02-14,105,5921,6026
1200,2021-02-15,585,8087,8672
1200,2021-02-16,635,9104,9739
1200,2021-02-17,593,8930,9523
1200,2021-02-18,667,9030,9697
1200,2021-02-19,749,9701,10450
1200,2021-02-20,299,7617,7916
1200,2021-02-21,142,7455,7597
1200,2021-02-22,663,9313,9976
1200,2021-02-23,705,9925,10630
1200,2021-02-24,733,9949,10682
1200,2021-02-25,703,10143,10846
1200,2021-02-26,744,10009,10753
1200,2021-02-27,401,7936,8337
1200,2021-02-28,153,7367,7520
1200,2021-03-01,675,9754,10429
1200,2021-03-02,824,10066,10890
1200,2021-03-03,774,10595,11369
1200,2021-03-04,761,10324,11085
1200,2021-03-05,820,10847,11667
1200,2021-03-06,387,8052,8439
1200,2021-03-07,132,6767,6899
1200,2021-03-08,755,9778,10533
1200,2021-03-09,773,9987,10760
1200,2021-03-10,789,10127,10916
1200,2021-03-11,633,8771,9404
1200,2021-03-12,709,9614,10323
1200,2021-03-13,245,6489,6734
1200,2021-03-14,100,5541,5641
1200,2021-03-15,692,9273,9965
1200,2021-03-16,722,9259,9981
1200,2021-03-17,732,10000,10732
1200,2021-03-18,748,10032,10780
1200,2021-03-19,780,10394,11174
1200,2021-03-20,308,7978,8286
1200,2021-03-21,160,6059,6219
1200,2021-03-22,741,9414,10155
1200,2021-03-23,713,9902,10615
1200,2021-03-24,763,10128,10891
1200,2021-03-25,773,10293,11066
1200,2021-03-26,801,10643,11444
1200,2021-03-27,349,7212,7561
1200,2021-03-29,772,10033,10805
1200,2021-03-30,727,11206,11933
1200,2021-03-31,766,10826,11592
1200,2021-04-01,790,11154,11944
1200,2021-04-02,539,10735,11274
1200,2021-04-03,314,7999,8313
1200,2021-04-04,122,6162,6284
1200,2021-04-05,143,4712,4855
1200,2021-04-06,684,9403,10087
1200,2021-04-07,650,8838,9488
1200,2021-04-08,705,9927,10632
1200,2021-04-09,730,10383,11113
1200,2021-04-10,203,5822,6025
1200,2021-04-11,103,4201,4304
1200,2021-04-12,747,9690,10437
1200,2021-04-13,764,9943,10707
1200,2021-04-14,698,10015,10713
1200,2021-04-15,687,10107,10794
1200,2021-04-16,714,10402,11116
1200,2021-04-17,344,7932,8276
1200,2021-04-18,144,6274,6418
1200,2021-04-19,674,9810,10484
1200,2021-04-20,752,10601,11353
1200,2021-04-21,755,10263,11018
1200,2021-04-22,726,10588,11314
1200,2021-04-23,792,11391,12183
1200,2021-04-24,450,8938,9388
1200,2021-04-25,205,8635,8840
1200,2021-04-26,776,10052,10828
1200,2021-04-27,748,10569,11317
1200,2021-04-28,769,10302,11071
1200,2021-04-29,831,10899,11730
1200,2021-04-30,792,11678,12470
1200,2021-05-01,184,6991,7175
1200,2021-05-02,171,7829,8000
1200,2021-05-03,738,10228,10966
1200,2021-05-04,686,9377,10063
1200,2021-05-05,732,9972,10704
1200,2021-05-06,693,9401,10094
1200,2021-05-07,802,11191,11993
1200,2021-05-08,366,8632,8998
1200,2021-05-09,182,9114,9296
1200,2021-05-10,772,9920,10692
1200,2021-05-11,748,10294,11042
1200,2021-05-12,783,11413,12196
1200,2021-05-13,186,7374,7560
1200,2021-05-14,561,9761,10322
1200,2021-05-15,308,7531,7839
1200,2021-05-16,186,6676,6862
1200,2021-05-17,711,10564,11275
1200,2021-05-18,777,11090,11867
1200,2021-05-19,708,10630,11338
1200,2021-05-20,747,11423,12170
1200,2021-05-21,827,11650,12477
1200,2021-05-22,311,8145,8456
1200,2021-05-23,173,7247,7420
1200,2021-05-24,146,5742,5888
1200,2021-05-25,647,9587,10234
1200,2021-05-26,597,9315,9912
1200,2021-05-27,697,10643,11340
1200,2021-05-28,718,11349,12067
1200,2021-05-29,342,9433,9775
1200,2021-05-30,171,9442,9613
1200,2021-05-31,784,11039,11823
1200,2021-06-01,720,11702,12422
1200,2021-06-02,794,11333,12127
1200,2021-06-03,556,11576,12132
1200,2021-06-04,719,11244,11963
1200,2021-06-05,338,8778,9116
1200,2021-06-06,207,7798,8005
1200,2021-06-07,1144,16093,17237
1200,2021-06-08,1259,17967,19226
1200,2021-06-09,1290,18247,19537
1200,2021-06-10,1261,18109,19370
1200,2021-06-11,1140,17034,18174
1200,2021-06-12,361,9964,10325
1200,2021-06-13,187,9663,9850
1200,2021-06-14,855,10975,11830
1200,2021-06-15,896,11795,12691
1200,2021-06-16,816,11591,12407
1200,2021-06-17,825,11670,12495
1200,2021-06-18,782,11621,12403
1200,2021-06-19,334,9438,9772
1200,2021-06-20,182,8179,8361
1200,2021-06-21,761,10544,11305
1200,2021-06-22,787,11054,11841
1200,2021-06-23,345,7472,7817
1200,2021-06-24,746,9297,10043
1200,2021-06-25,759,11453,12212
1200,2021-06-26,398,9405,9803
1200,2021-06-27,240,8195,8435
1200,2021-06-28,722,10539,11261
1200,2021-06-29,734,10336,11070
1200,2021-06-30,757,10550,11307
1200,2021-07-01,806,11159,11965
1200,2021-07-02,903,12051,12954
1200,2021-07-03,358,9888,10246
1200,2021-07-04,156,7076,7232
1200,2021-07-05,768,10254,11022
1200,2021-07-06,650,10376,11026
1200,2021-07-07,845,11402,12247
1200,2021-07-08,828,10466,11294
1200,2021-07-09,880,12053,12933
1200,2021-07-10,381,9232,9613
1200,2021-07-11,191,8646,8837
1200,2021-07-12,827,10696,11523
1200,2021-07-13,541,8440,8981
1200,2021-07-14,566,7806,8372
1200,2021-07-15,680,11024,11704
1200,2021-07-16,749,11125,11874
1200,2021-07-17,317,8915,9232
1200,2021-07-18,195,8600,8795
1200,2021-07-19,724,10571,11295
1200,2021-07-20,748,10971,11719
1200,2021-07-21,793,11535,12328
1200,2021-07-22,821,11206,12027
1200,2021-07-23,792,11526,12318
1200,2021-07-24,304,7171,7475
1200,2021-07-25,162,7234,7396
1200,2021-07-26,723,10187,10910
1200,2021-07-27,725,9249,9974
1200,2021-07-28,806,10681,11487
1200,2021-07-29,695,10877,11572
1200,2021-07-30,621,11244,11865
1200,2021-07-31,340,9049,9389
1200,2021-09-01,838,11921,12759
1200,2021-09-02,844,12388,13232
1200,2021-09-03,894,13173,14067
1200,2021-09-04,400,10420,10820
1200,2021-09-05,215,10215,10430
1200,2021-09-06,795,11630,12425
1200,2021-09-07,836,12226,13062
1200,2021-09-08,826,12360,13186
1200,2021-09-09,920,11257,12177
1200,2021-09-10,789,11691,12480
1200,2021-09-11,342,8676,9018
1200,2021-09-12,223,9038,9261
1200,2021-09-13,819,11540,12359
1200,2021-09-14,759,11847,12606
1200,2021-09-15,838,11424,12262
1200,2021-09-16,833,12022,12855
1200,2021-09-17,806,12445,13251
1200,2021-09-18,399,10586,10985
1200,2021-09-19,190,9284,9474
1200,2021-09-20,796,11098,11894
1200,2021-09-21,846,11609,12455
1200,2021-09-22,817,11768,12585
1200,2021-09-23,851,12140,12991
1200,2021-09-24,841,12481,13322
1200,2021-09-25,359,10923,11282
1200,2021-09-26,182,7904,8086
1200,2021-09-27,821,10894,11715
1200,2021-09-28,860,11891,12751
1200,2021-09-29,816,11480,12296
1200,2021-09-30,1015,12344,13359
1200,2021-10-01,1059,12876,13935
1200,2021-10-02,376,9826,10202
1200,2021-10-03,118,6520,6638
1200,2021-10-04,974,11834,12808
1200,2021-10-05,1085,10840,11925
1200,2021-10-06,756,10769,11525
1200,2021-10-07,891,12034,12925
1200,2021-10-08,943,12787,13730
1200,2021-10-09,418,10834,11252
1200,2021-10-10,191,9055,9246
1200,2021-10-11,917,10945,11862
1200,2021-10-12,757,10227,10984
1200,2021-10-13,808,11604,12412
1200,2021-10-14,902,11954,12856
1200,2021-10-15,904,12090,12994
1200,2021-10-16,375,9958,10333
1200,2021-10-17,186,8260,8446
1200,2021-10-18,887,11165,12052
1200,2021-10-19,896,11157,12053
1200,2021-10-20,773,11206,11979
1200,2021-10-21,726,10167,10893
1200,2021-10-22,927,13115,14042
1200,2021-10-23,364,10060,10424
1200,2021-10-24,189,8742,8931
1200,2021-10-25,843,11121,11964
1200,2021-10-26,987,11607,12594
1200,2021-10-27,997,11470,12467
1200,2021-10-28,874,12147,13021
1200,2021-10-29,860,12522,13382
1200,2021-10-30,234,6834,7068
1200,2021-11-01,149,6309,6458
1200,2021-11-02,570,8799,9369
1200,2021-11-03,599,8524,9123
1200,2021-11-04,699,9635,10334
1200,2021-11-05,712,10495,11207
1200,2021-11-06,353,8098,8451
1200,2021-11-07,133,6236,6369
1200,2021-11-08,703,10015,10718
1200,2021-11-09,808,10715,11523
1200,2021-11-10,810,10731,11541
1200,2021-11-11,832,10842,11674
1200,2021-11-12,785,11043,11828
1200,2021-11-13,249,7276,7525
1200,2021-11-14,140,6114,6254
1200,2021-11-15,785,10030,10815
1200,2021-11-16,700,10093,10793
1200,2021-11-17,768,10208,10976
1200,2021-11-18,811,10201,11012
1200,2021-11-19,795,10599,11394
1200,2021-11-20,275,7899,8174
1200,2021-11-21,116,5243,5359
1200,2021-11-22,668,9418,10086
1200,2021-11-23,729,10351,11080
1200,2021-11-24,771,10095,10866
1200,2021-11-25,895,10484,11379
1200,2021-11-26,689,9727,10416
1200,2021-11-27,278,7235,7513
1200,2021-11-28,111,5579,5690
1200,2021-11-29,663,9625,10288
1200,2021-11-30,648,9064,9712
1200,2021-12-01,515,7611,8126
1200,2021-12-02,714,9867,10581
1200,2021-12-03,731,10468,11199
1200,2021-12-04,225,6891,7116
1200,2021-12-05,111,5305,5416
1200,2021-12-06,669,9176,9845
1200,2021-12-07,749,9851,10600
1200,2021-12-08,690,9811,10501
1200,2021-12-09,658,9368,10026
1200,2021-12-10,615,8575,9190
1200,2021-12-11,298,7791,8089
1200,2021-12-12,112,5736,5848
1200,2021-12-13,692,8850,9542
1200,2021-12-14,708,9868,10576
1200,2021-12-15,760,9592,10352
1200,2021-12-16,809,10651,11460
1200,2021-12-17,648,10652,11300
1200,2021-12-18,251,7480,7731
1200,2021-12-19,146,5931,6077
1200,2021-12-20,505,8626,9131
1200,2021-12-21,503,8889,9392
1200,2021-12-22,476,8989,9465
1200,2021-12-23,396,8722,9118
1200,2021-12-24,198,5770,5968
1200,2021-12-25,73,4267,4340
1200,2021-12-26,77,4392,4469
1200,2021-12-27,273,5969,6242
1200,2021-12-28,273,6173,6446
1200,2021-12-29,261,6014,6275
1200,2021-12-30,270,6772,7042
1200,2021-12-31,249,6103,6352
1201,2021-01-01,82,3377,3459
1201,2021-01-02,263,6530,6793
1201,2021-01-03,111,4993,5104
1201,2021-01-04,587,9252,9839
1201,2021-01-05,711,10210,10921
1201,2021-01-06,727,10117,10844
1201,2021-01-07,801,10297,11098
1201,2021-01-08,833,10559,11392
1201,2021-01-09,325,7601,7926
1201,2021-01-10,111,5861,5972
1201,2021-01-11,1057,12544,13601
1201,2021-01-12,972,12231,13203
1201,2021-01-13,985,12400,13385
1201,2021-01-14,934,11175,12109
1201,2021-01-15,946,12656,13602
1201,2021-01-16,364,8643,9007
1201,2021-01-17,128,5434,5562
1201,2021-01-18,1040,12354,13394
1201,2021-01-19,1039,12520,13559
1201,2021-01-20,1107,12517,13624
1201,2021-01-21,1194,12553,13747
1201,2021-01-22,1119,13279,14398
1201,2021-01-23,348,8977,9325
1201,2021-01-24,113,6543,6656
1201,2021-01-25,1071,12278,13349
1201,2021-01-26,1244,12597,13841
1201,2021-01-27,989,11648,12637
1201,2021-01-28,942,12445,13387
1201,2021-01-29,1025,13329,14354
1201,2021-01-30,325,9016,9341
1201,2021-01-31,110,6707,6817
1201,2021-02-01,1017,12392,13409
1201,2021-02-02,1155,12958,14113
1201,2021-02-03,1058,12359,13417
1201,2021-02-04,1207,13515,14722
1201,2021-02-05,1138,13506,14644
1201,2021-02-06,359,9116,9475
1201,2021-02-07,119,6516,6635
1201,2021-02-08,976,10936,11912
1201,2021-02-09,950,12114,13064
1201,2021-02-10,974,12171,13145
1201,2021-02-11,1038,12354,13392
1201,2021-02-12,1021,12963,13984
1201,2021-02-13,391,9754,10145
1201,2021-02-14,118,7339,7457
1201,2021-02-15,961,11405,12366
1201,2021-02-16,1099,12456,13555
1201,2021-02-17,1142,12155,13297
1201,2021-02-18,1227,12406,13633
1201,2021-02-19,1120,13070,14190
1201,2021-02-20,407,10331,10738
1201,2021-02-21,143,8996,9139
1201,2021-02-22,1224,12584,13808
1201,2021-02-23,1304,13356,14660
1201,2021-02-24,1253,13285,14538
1201,2021-02-25,1173,13552,14725
1201,2021-02-26,1190,13448,14638
1201,2021-02-27,475,10853,11328
1201,2021-02-28,162,8682,8844
1201,2021-03-01,1142,12981,14123
1201,2021-03-02,1142,11865,13007
1201,2021-03-03,1225,13660,14885
1201,2021-03-04,1236,13494,14730
1201,2021-03-05,1205,14053,15258
1201,2021-03-06,500,10666,11166
1201,2021-03-07,148,8135,8283
1201,2021-03-08,1248,12888,14136
1201,2021-03-09,1251,12909,14160
1201,2021-03-10,1237,13317,14554
1201,2021-03-11,1174,12703,13877
1201,2021-03-12,1224,13398,14622
1201,2021-03-13,433,9308,9741
1201,2021-03-14,114,7528,7642
1201,2021-03-15,1099,12732,13831
1201,2021-03-16,1216,13232,14448
1201,2021-03-17,1266,13259,14525
1201,2021-03-18,1683,13392,15075
1201,2021-03-19,1544,13923,15467
1201,2021-03-20,429,10510,10939
1201,2021-03-21,165,7507,7672
1201,2021-03-22,1585,12638,14223
1201,2021-03-23,1559,13419,14978
1201,2021-03-24,1550,13711,15261
1201,2021-03-25,1593,13850,15443
1201,2021-03-26,1447,14189,15636
1201,2021-03-27,446,9779,10225
1201,2021-03-29,1554,13249,14803
1201,2021-03-30,1474,14716,16190
1201,2021-03-31,1479,14314,15793
1201,2021-04-01,1440,14755,16195
1201,2021-04-02,878,14620,15498
1201,2021-04-03,463,10324,10787
1201,2021-04-04,109,7294,7403
1201,2021-04-05,160,5797,5957
1201,2021-04-06,1412,12847,14259
1201,2021-04-07,1331,12503,13834
1201,2021-04-08,1453,13313,14766
1201,2021-04-09,1432,13970,15402
1201,2021-04-10,379,9216,9595
1201,2021-04-11,138,6083,6221
1201,2021-04-12,1377,13146,14523
1201,2021-04-13,1469,13558,15027
1201,2021-04-14,1345,13524,14869
1201,2021-04-15,1464,13709,15173
1201,2021-04-16,1392,13817,15209
1201,2021-04-17,452,10576,11028
1201,2021-04-18,144,7626,7770
1201,2021-04-19,1302,13344,14646
1201,2021-04-20,1310,14184,15494
1201,2021-04-21,1369,13618,14987
1201,2021-04-22,1355,14289,15644
1201,2021-04-23,1344,15049,16393
1201,2021-04-24,514,11390,11904
1201,2021-04-25,209,9908,10117
1201,2021-04-26,1323,13664,14987
1201,2021-04-27,1320,14221,15541
1201,2021-04-28,1318,14081,15399
1201,2021-04-29,1421,14599,16020
1201,2021-04-30,1407,15573,16980
1201,2021-05-01,216,8677,8893
1201,2021-05-02,219,9700,9919
1201,2021-05-03,1333,13854,15187
1201,2021-05-04,1363,13195,14558
1201,2021-05-05,1489,13638,15127
1201,2021-05-06,1333,13762,15095
1201,2021-05-07,1425,15019,16444
1201,2021-05-08,496,11621,12117
1201,2021-05-09,197,10517,10714
1201,2021-05-10,1274,13593,14867
1201,2021-05-11,1372,14323,15695
1201,2021-05-12,1443,15383,16826
1201,2021-05-13,238,8818,9056
1201,2021-05-14,967,13141,14108
1201,2021-05-15,419,10670,11089
1201,2021-05-16,237,8629,8866
1201,2021-05-17,1240,13650,14890
1201,2021-05-18,1404,14385,15789
1201,2021-05-19,1283,14213,15496
1201,2021-05-20,1324,14901,16225
1201,2021-05-21,1373,15217,16590
1201,2021-05-22,489,11031,11520
1201,2021-05-23,158,8681,8839
1201,2021-05-24,272,7428,7700
1201,2021-05-25,1266,13258,14524
1201,2021-05-26,1225,13392,14617
1201,2021-05-27,1270,14065,15335
1201,2021-05-28,1337,15072,16409
1201,2021-05-29,453,12250,12703
1201,2021-05-30,228,11125,11353
1201,2021-05-31,1279,14651,15930
1201,2021-06-01,1426,15283,16709
1201,2021-06-02,1365,14962,16327
1201,2021-06-03,988,16212,17200
1201,2021-06-04,1240,14958,16198
1201,2021-06-05,494,11742,12236
1201,2021-06-06,265,9288,9553
1201,2021-06-07,1318,14303,15621
1201,2021-06-08,1502,15081,16583
1201,2021-06-09,1401,15158,16559
1201,2021-06-10,1389,15232,16621
1201,2021-06-11,1383,15757,17140
1201,2021-06-12,461,12298,12759
1201,2021-06-13,194,10910,11104
1201,2021-06-14,1420,14471,15891
1201,2021-06-15,1404,15391,16795
1201,2021-06-16,1388,15093,16481
1201,2021-06-17,1391,15084,16475
1201,2021-06-18,1347,15396,16743
1201,2021-06-19,430,11916,12346
1201,2021-06-20,213,9344,9557
1201,2021-06-21,1251,14143,15394
1201,2021-06-22,1467,14883,16350
1201,2021-06-23,471,9256,9727
1201,2021-06-24,1312,13773,15085
1201,2021-06-25,1376,15019,16395
1201,2021-06-26,565,11877,12442
1201,2021-06-27,305,9672,9977
1201,2021-06-28,1280,14243,15523
1201,2021-06-29,1410,14192,15602
1201,2021-06-30,1259,14441,15700
1201,2021-07-01,1370,14961,16331
1201,2021-07-02,1383,15663,17046
1201,2021-07-03,510,12173,12683
1201,2021-07-04,205,8826,9031
1201,2021-07-05,1311,13753,15064
1201,2021-07-06,1291,14496,15787
1201,2021-07-07,1392,15099,16491
1201,2021-07-08,1296,14687,15983
1201,2021-07-09,1281,15594,16875
1201,2021-07-10,501,11479,11980
1201,2021-07-11,225,10160,10385
1201,2021-07-12,1402,14043,15445
1201,2021-07-13,1125,14395,15520
1201,2021-07-14,1093,12347,13440
1201,2021-07-15,1230,15231,16461
1201,2021-07-16,1289,15370,16659
1201,2021-07-17,490,11771,12261
1201,2021-07-18,195,10029,10224
1201,2021-07-19,1211,13975,15186
1201,2021-07-20,1434,15417,16851
1201,2021-07-21,1408,15090,16498
1201,2021-07-22,1396,15230,16626
1201,2021-07-23,1560,15557,17117
1201,2021-07-24,492,10488,10980
1201,2021-07-25,227,9189,9416
1201,2021-07-26,1312,14436,15748
1201,2021-07-27,1349,13671,15020
1201,2021-07-28,1275,14780,16055
1201,2021-07-29,1259,14659,15918
1201,2021-07-30,1108,14463,15571
1201,2021-07-31,480,11286,11766
1201,2021-08-01,221,9521,9742
1201,2021-08-02,851,12436,13287
1201,2021-08-03,906,12442,13348
1201,2021-08-04,915,12436,13351
1201,2021-08-05,906,12400,13306
1201,2021-08-06,954,12917,13871
1201,2021-08-07,405,9986,10391
1201,2021-08-08,206,8650,8856
1201,2021-08-09,907,12019,12926
1201,2021-08-10,1200,12316,13516
1201,2021-08-11,1109,12853,13962
1201,2021-08-12,990,12857,13847
1201,2021-08-13,924,12974,13898
1201,2021-08-14,393,10691,11084
1201,2021-08-15,210,9670,9880
1201,2021-08-16,889,11580,12469
1201,2021-08-17,940,12151,13091
1201,2021-08-18,928,12158,13086
1201,2021-08-19,861,12194,13055
1201,2021-08-20,882,12985,13867
1201,2021-08-21,418,10573,10991
1201,2021-08-22,202,8660,8862
1201,2021-08-23,1151,13409,14560
1201,2021-08-24,1180,14868,16048
1201,2021-08-25,1175,15018,16193
1201,2021-08-26,1277,14592,15869
1201,2021-08-27,1174,14667,15841
1201,2021-08-28,432,10757,11189
1201,2021-08-29,194,8656,8850
1201,2021-08-30,1247,14065,15312
1201,2021-08-31,1208,15049,16257
1201,2021-09-01,1235,15546,16781
1201,2021-09-02,1338,15563,16901
1201,2021-09-03,1356,16134,17490
1201,2021-09-04,542,12559,13101
1201,2021-09-05,231,11215,11446
1201,2021-09-06,1207,14872,16079
1201,2021-09-07,1329,15662,16991
1201,2021-09-08,1263,15839,17102
1201,2021-09-09,1342,14837,16179
1201,2021-09-10,1226,15004,16230
1201,2021-09-11,484,11155,11639
1201,2021-09-12,237,10194,10431
1201,2021-09-13,1275,16038,17313
1201,2021-09-14,1300,16773,18073
1201,2021-09-15,1259,16256,17515
1201,2021-09-16,1335,16807,18142
1201,2021-09-17,1304,17054,18358
1201,2021-09-18,554,13561,14115
1201,2021-09-19,235,10976,11211
1201,2021-09-20,1350,15843,17193
1201,2021-09-21,1400,16725,18125
1201,2021-09-22,1326,16839,18165
1201,2021-09-23,1388,17120,18508
1201,2021-09-24,1421,17201,18622
1201,2021-09-25,507,14206,14713
1201,2021-09-26,212,9856,10068
1201,2021-09-27,1411,15985,17396
1201,2021-09-28,1441,16802,18243
1201,2021-09-29,1403,16668,18071
1201,2021-09-30,1629,17599,19228
1201,2021-10-01,1618,17853,19471
1201,2021-10-02,563,13422,13985
1201,2021-10-03,217,9564,9781
1201,2021-10-04,1535,16553,18088
1201,2021-10-05,1460,16143,17603
1201,2021-10-06,1435,16674,18109
1201,2021-10-07,1484,17254,18738
1201,2021-10-08,1517,17712,19229
1201,2021-10-09,568,14485,15053
1201,2021-10-10,258,10937,11195
1201,2021-10-11,1565,15772,17337
1201,2021-10-12,1459,15701,17160
1201,2021-10-13,1384,16358,17742
1201,2021-10-14,1516,16695,18211
1201,2021-10-15,1568,17150,18718
1201,2021-10-16,597,13367,13964
1201,2021-10-17,252,10070,10322
1201,2021-10-18,1374,16118,17492
1201,2021-10-19,1460,16690,18150
1201,2021-10-20,1399,16266,17665
1201,2021-10-21,1369,15603,16972
1201,2021-10-22,1422,17158,18580
1201,2021-10-23,566,13464,14030
1201,2021-10-24,227,10382,10609
1201,2021-10-25,1486,16295,17781
1201,2021-10-26,1447,15891,17338
1201,2021-10-27,1415,15969,17384
1201,2021-10-28,1537,18099,19636
1201,2021-10-29,1558,17580,19138
1201,2021-10-30,469,11518,11987
1201,2021-11-01,212,7890,8102
1201,2021-11-02,1248,14693,15941
1201,2021-11-03,1296,14541,15837
1201,2021-11-04,1359,15018,16377
1201,2021-11-05,1268,15098,16366
1201,2021-11-06,600,11423,12023
1201,2021-11-07,200,8181,8381
1201,2021-11-08,1417,14780,16197
1201,2021-11-09,1512,15382,16894
1201,2021-11-10,1464,15371,16835
1201,2021-11-11,1316,15403,16719
1201,2021-11-12,1301,15126,16427
1201,2021-11-13,409,11014,11423
1201,2021-11-14,192,7880,8072
1201,2021-11-15,1366,13924,15290
1201,2021-11-16,1298,14279,15577
1201,2021-11-17,1405,14450,15855
1201,2021-11-18,1318,14268,15586
1201,2021-11-19,1382,14617,15999
1201,2021-11-20,444,11008,11452
1201,2021-11-21,168,7623,7791
1201,2021-11-22,1415,13349,14764
1201,2021-11-23,1350,14343,15693
1201,2021-11-24,1305,14225,15530
1201,2021-11-25,1279,14569,15848
1201,2021-11-26,1317,14726,16043
1201,2021-11-27,459,10459,10918
1201,2021-11-28,179,7798,7977
1201,2021-11-29,1179,14148,15327
1201,2021-11-30,1326,14593,15919
1201,2021-12-01,1153,14556,15709
1201,2021-12-02,1242,14875,16117
1201,2021-12-03,1237,15586,16823
1201,2021-12-04,395,10560,10955
1201,2021-12-05,188,7911,8099
1201,2021-12-06,1167,13553,14720
1201,2021-12-07,1323,14362,15685
1201,2021-12-08,1274,14334,15608
1201,2021-12-09,1259,14379,15638
1201,2021-12-10,1157,14338,15495
1201,2021-12-11,418,10909,11327
1201,2021-12-12,201,7890,8091
1201,2021-12-13,1185,13339,14524
1201,2021-12-14,1243,13956,15199
1201,2021-12-15,1326,13966,15292
1201,2021-12-16,1193,13857,15050
1201,2021-12-17,1130,14488,15618
1201,2021-12-18,427,10549,10976
1201,2021-12-19,194,7916,8110
1201,2021-12-20,863,12256,13119
1201,2021-12-21,864,12586,13450
1201,2021-12-22,791,12621,13412
1201,2021-12-23,704,12221,12925
1201,2021-12-24,352,8939,9291
1201,2021-12-25,103,5193,5296
1201,2021-12-26,103,5733,5836
1201,2021-12-27,461,9453,9914
1201,2021-12-28,513,10135,10648
1201,2021-12-29,498,10656,11154
1201,2021-12-30,521,11294,11815
1201,2021-12-31,400,8712,9112
1202,2021-01-01,120,2052,2172
1202,2021-01-02,254,3241,3495
1202,2021-01-03,141,2644,2785
1202,2021-01-04,352,5072,5424
1202,2021-01-05,408,5243,5651
1202,2021-01-06,366,5374,5740
1202,2021-01-07,421,5463,5884
1202,2021-01-08,392,5678,6070
1202,2021-01-09,254,4028,4282
1202,2021-01-10,151,3061,3212
1202,2021-01-11,530,7323,7853
1202,2021-01-12,531,7248,7779
1202,2021-01-13,550,7103,7653
1202,2021-01-14,488,6473,6961
1202,2021-01-15,479,6635,7114
1202,2021-01-16,277,5187,5464
1202,2021-01-17,146,2654,2800
1202,2021-01-18,540,7193,7733
1202,2021-01-19,550,7302,7852
1202,2021-01-20,576,7480,8056
1202,2021-01-21,517,7268,7785
1202,2021-01-22,536,7528,8064
1202,2021-01-23,297,5451,5748
1202,2021-01-24,147,3221,3368
1202,2021-01-25,521,7048,7569
1202,2021-01-26,543,7468,8011
1202,2021-01-27,485,6879,7364
1202,2021-01-28,535,7358,7893
1202,2021-01-29,463,8002,8465
1202,2021-01-30,236,4792,5028
1202,2021-01-31,148,3005,3153
1202,2021-02-01,493,7070,7563
1202,2021-02-10,431,6884,7315
1202,2021-02-11,443,6984,7427
1202,2021-02-12,489,7222,7711
1202,2021-02-13,245,5421,5666
1202,2021-02-14,129,3320,3449
1202,2021-02-15,437,6148,6585
1202,2021-02-16,455,6626,7081
1202,2021-02-17,454,6822,7276
1202,2021-02-18,511,6737,7248
1202,2021-02-19,462,7112,7574
1202,2021-02-20,299,5570,5869
1202,2021-02-21,137,3885,4022
1202,2021-02-22,554,7314,7868
1202,2021-02-23,604,8001,8605
1202,2021-02-24,591,7862,8453
1202,2021-02-25,566,8286,8852
1202,2021-02-26,585,7932,8517
1202,2021-02-27,329,6367,6696
1202,2021-02-28,131,3829,3960
1202,2021-03-01,638,7586,8224
1202,2021-03-02,612,7974,8586
1202,2021-03-03,648,7991,8639
1202,2021-03-04,567,7753,8320
1202,2021-03-05,613,8249,8862
1202,2021-03-06,341,6374,6715
1202,2021-03-07,161,3735,3896
1202,2021-03-08,602,7721,8323
1202,2021-03-09,626,7961,8587
1202,2021-03-10,632,7738,8370
1202,2021-03-11,560,7878,8438
1202,2021-03-13,402,5871,6273
1202,2021-03-14,133,3041,3174
1202,2021-03-15,591,7409,8000
1202,2021-03-16,636,7992,8628
1202,2021-03-17,596,7645,8241
1202,2021-03-18,633,8122,8755
1202,2021-03-19,656,8149,8805
1202,2021-03-20,341,6095,6436
1202,2021-03-21,154,3420,3574
1202,2021-03-22,630,7448,8078
1202,2021-03-23,646,8131,8777
1202,2021-03-24,626,7853,8479
1202,2021-03-25,620,8269,8889
1202,2021-03-26,605,8201,8806
1202,2021-03-27,304,6154,6458
1202,2021-03-29,588,7826,8414
1202,2021-03-30,713,8247,8960
1202,2021-03-31,647,8279,8926
1202,2021-04-01,632,8598,9230
1202,2021-04-02,589,8636,9225
1202,2021-04-03,317,6256,6573
1202,2021-04-04,141,3508,3649
1202,2021-04-05,156,2783,2939
1202,2021-04-06,534,7281,7815
1202,2021-04-07,574,7179,7753
1202,2021-04-08,539,7455,7994
1202,2021-04-09,539,7674,8213
1202,2021-04-10,283,5048,5331
1202,2021-04-11,135,2609,2744
1202,2021-04-12,568,7379,7947
1202,2021-04-13,604,7514,8118
1202,2021-04-14,549,7633,8182
1202,2021-04-15,533,7852,8385
1202,2021-04-16,605,7740,8345
1202,2021-04-17,343,5960,6303
1202,2021-04-18,146,3442,3588
1202,2021-04-19,572,7509,8081
1202,2021-04-20,627,8183,8810
1202,2021-04-21,652,7884,8536
1202,2021-04-22,642,8335,8977
1202,2021-04-23,647,8314,8961
1202,2021-04-24,321,6638,6959
1202,2021-04-25,146,4020,4166
1202,2021-04-26,620,7811,8431
1202,2021-04-27,595,8249,8844
1202,2021-04-28,679,8204,8883
1202,2021-04-29,576,8488,9064
1202,2021-04-30,621,8762,9383
1202,2021-05-01,171,4081,4252
1202,2021-05-02,141,3723,3864
1202,2021-05-03,647,7999,8646
1202,2021-05-04,593,7860,8453
1202,2021-05-05,617,8023,8640
1202,2021-05-06,558,7738,8296
1202,2021-05-07,609,8306,8915
1202,2021-05-08,276,6327,6603
1202,2021-05-09,169,4438,4607
1202,2021-05-10,652,7578,8230
1202,2021-05-11,607,8359,8966
1202,2021-05-12,641,8401,9042
1202,2021-05-13,204,3514,3718
1202,2021-05-14,566,8012,8578
1202,2021-05-15,304,5788,6092
1202,2021-05-16,169,3344,3513
1202,2021-05-17,593,7610,8203
1202,2021-05-18,608,8175,8783
1202,2021-05-19,675,8000,8675
1202,2021-05-20,673,8805,9478
1202,2021-05-21,679,8647,9326
1202,2021-05-22,314,5913,6227
1202,2021-05-23,160,3461,3621
1202,2021-05-24,193,3094,3287
1202,2021-05-25,655,7026,7681
1202,2021-05-26,571,7028,7599
1202,2021-05-27,724,8219,8943
1202,2021-05-28,631,8260,8891
1202,2021-05-29,365,5348,5713
1202,2021-05-30,164,3651,3815
1202,2021-05-31,691,7961,8652
1202,2021-06-01,816,8835,9651
1202,2021-06-02,799,8553,9352
1202,2021-06-03,792,8877,9669
1202,2021-06-04,842,8292,9134
1202,2021-06-05,310,6390,6700
1202,2021-06-06,175,3668,3843
1202,2021-06-07,750,8083,8833
1202,2021-06-08,744,8662,9406
1202,2021-06-09,719,8502,9221
1202,2021-06-10,765,8948,9713
1202,2021-06-11,743,8843,9586
1202,2021-06-12,325,6499,6824
1202,2021-06-13,166,4367,4533
1202,2021-06-14,749,8246,8995
1202,2021-06-15,714,8592,9306
1202,2021-06-16,748,8271,9019
1202,2021-06-17,763,8822,9585
1202,2021-06-18,764,8761,9525
1202,2021-06-19,340,6188,6528
1202,2021-06-20,153,3805,3958
1202,2021-06-21,781,8274,9055
1202,2021-06-22,732,8426,9158
1202,2021-06-23,211,3510,3721
1202,2021-06-24,745,7703,8448
1202,2021-06-25,735,8951,9686
1202,2021-06-26,399,7075,7474
1202,2021-06-27,168,4727,4895
1202,2021-06-28,777,8616,9393
1202,2021-06-29,729,8275,9004
1202,2021-06-30,710,8217,8927
1202,2021-07-01,740,8673,9413
1202,2021-07-02,708,8908,9616
1202,2021-07-03,324,6494,6818
1202,2021-07-04,160,4249,4409
1202,2021-07-05,639,7990,8629
1202,2021-07-06,698,7978,8676
1202,2021-07-07,728,8307,9035
1202,2021-07-08,686,8275,8961
1202,2021-07-09,680,8612,9292
1202,2021-07-10,283,6195,6478
1202,2021-07-11,162,4218,4380
1202,2021-07-12,662,7954,8616
1202,2021-07-13,601,7338,7939
1202,2021-07-14,660,5836,6496
1202,2021-07-15,598,8666,9264
1202,2021-07-16,706,8978,9684
1202,2021-07-17,334,5960,6294
1202,2021-07-18,158,4183,4341
1202,2021-07-19,701,7890,8591
1202,2021-07-22,744,8298,9042
1202,2021-07-23,759,8051,8810
1202,2021-07-24,314,5102,5416
1202,2021-07-25,199,3616,3815
1202,2021-07-26,719,7055,7774
1202,2021-07-27,669,6526,7195
1202,2021-07-28,612,7148,7760
1202,2021-07-29,581,6989,7570
1202,2021-07-30,580,7057,7637
1202,2021-07-31,327,5269,5596
1202,2021-08-01,173,3906,4079
1202,2021-08-02,553,6555,7108
1202,2021-08-03,534,6449,6983
1202,2021-08-04,520,6672,7192
1202,2021-08-05,568,6483,7051
1202,2021-08-06,510,6512,7022
1202,2021-08-07,304,4396,4700
1202,2021-08-08,157,3261,3418
1202,2021-08-09,550,6079,6629
1202,2021-08-10,530,6270,6800
1202,2021-08-11,537,6230,6767
1202,2021-08-12,536,6309,6845
1202,2021-08-13,563,6262,6825
1202,2021-08-14,336,4624,4960
1202,2021-08-15,160,3492,3652
1202,2021-08-16,560,6111,6671
1202,2021-08-17,545,6207,6752
1202,2021-08-18,518,6330,6848
1202,2021-08-19,546,6315,6861
1202,2021-08-20,529,6231,6760
1202,2021-08-21,284,4738,5022
1202,2021-08-22,164,3166,3330
1202,2021-08-23,573,6596,7169
1202,2021-08-24,622,7022,7644
1202,2021-08-25,650,7092,7742
1202,2021-08-26,659,6846,7505
1202,2021-08-27,641,7024,7665
1202,2021-08-28,329,4921,5250
1202,2021-08-29,163,3595,3758
1202,2021-08-30,631,6939,7570
1202,2021-08-31,607,7262,7869
1202,2021-09-01,741,7465,8206
1202,2021-09-02,724,7415,8139
1202,2021-09-03,722,7432,8154
1202,2021-09-04,381,5541,5922
1202,2021-09-05,151,3918,4069
1202,2021-09-06,689,7284,7973
1202,2021-09-07,639,7700,8339
1202,2021-09-08,647,7862,8509
1202,2021-09-09,645,7758,8403
1202,2021-09-10,668,7527,8195
1202,2021-09-11,368,5601,5969
1202,2021-09-12,154,4390,4544
1202,2021-09-13,667,8339,9006
1202,2021-09-14,646,8294,8940
1202,2021-09-15,660,7917,8577
1202,2021-09-16,677,9022,9699
1202,2021-09-17,687,8775,9462
1202,2021-09-18,351,6607,6958
1202,2021-09-19,160,4066,4226
1202,2021-09-20,734,8116,8850
1202,2021-09-21,731,8812,9543
1202,2021-09-22,712,8271,8983
1202,2021-09-23,713,8932,9645
1202,2021-09-24,755,8948,9703
1202,2021-09-25,452,7367,7819
1202,2021-09-26,146,4162,4308
1202,2021-09-27,717,8228,8945
1202,2021-09-28,693,8680,9373
1202,2021-09-29,655,8167,8822
1202,2021-09-30,780,8993,9773
1202,2021-10-01,761,8771,9532
1202,2021-10-02,352,6532,6884
1202,2021-10-03,205,4116,4321
1202,2021-10-04,661,8228,8889
1202,2021-10-05,641,8367,9008
1202,2021-10-06,647,8121,8768
1202,2021-10-07,708,9082,9790
1202,2021-10-08,702,8779,9481
1202,2021-10-09,365,6995,7360
1202,2021-10-10,191,4383,4574
1202,2021-10-11,671,8335,9006
1202,2021-10-12,656,8571,9227
1202,2021-10-13,692,8423,9115
1202,2021-10-14,689,9093,9782
1202,2021-10-15,775,8704,9479
1202,2021-10-16,353,7120,7473
1202,2021-10-17,160,4533,4693
1202,2021-10-18,775,8445,9220
1202,2021-10-19,691,8727,9418
1202,2021-10-20,721,8281,9002
1202,2021-10-22,732,8506,9238
1202,2021-10-23,374,6731,7105
1202,2021-10-24,158,4252,4410
1202,2021-10-25,720,8409,9129
1202,2021-10-26,771,8820,9591
1202,2021-10-27,769,8526,9295
1202,2021-10-28,803,9193,9996
1202,2021-10-29,770,8832,9602
1202,2021-10-30,288,5569,5857
1202,2021-11-01,148,3313,3461
1202,2021-11-02,607,7668,8275
1202,2021-11-03,585,6635,7220
1202,2021-11-04,616,6912,7528
1202,2021-11-05,604,6971,7575
1202,2021-11-06,376,5292,5668
1202,2021-11-07,150,3719,3869
1202,2021-11-08,708,8198,8906
1202,2021-11-09,691,8820,9511
1202,2021-11-10,722,8324,9046
1202,2021-11-11,710,8867,9577
1202,2021-11-12,783,8772,9555
1202,2021-11-13,377,6441,6818
1202,2021-11-14,139,4115,4254
1202,2021-11-15,710,8054,8764
1202,2021-11-16,733,8233,8966
1202,2021-11-17,690,8069,8759
1202,2021-11-18,703,8527,9230
1202,2021-11-19,759,8406,9165
1202,2021-11-20,377,6831,7208
1202,2021-11-21,149,4089,4238
1202,2021-11-22,738,7985,8723
1202,2021-11-23,725,8384,9109
1202,2021-11-24,743,8056,8799
1202,2021-11-25,766,8842,9608
1202,2021-11-26,679,8425,9104
1202,2021-11-27,295,6506,6801
1202,2021-11-28,140,3649,3789
1202,2021-11-29,716,7885,8601
1202,2021-11-30,689,8422,9111
1202,2021-12-01,645,8147,8792
1202,2021-12-02,700,8484,9184
1202,2021-12-03,706,8501,9207
1202,2021-12-04,279,6461,6740
1202,2021-12-05,140,3853,3993
1202,2021-12-06,739,8022,8761
1202,2021-12-07,710,8792,9502
1202,2021-12-08,692,8334,9026
1202,2021-12-09,645,8865,9510
1202,2021-12-10,640,8267,8907
1202,2021-12-11,335,6402,6737
1202,2021-12-12,134,3809,3943
1202,2021-12-13,663,8211,8874
1202,2021-12-14,712,8507,9219
1202,2021-12-15,720,8308,9028
1202,2021-12-16,736,8652,9388
1202,2021-12-17,706,8520,9226
1202,2021-12-18,329,5747,6076
1202,2021-12-19,151,3750,3901
1202,2021-12-20,559,6811,7370
1202,2021-12-21,541,6702,7243
1202,2021-12-22,535,6968,7503
1202,2021-12-23,538,6652,7190
1202,2021-12-24,374,5202,5576
1202,2021-12-25,117,2772,2889
1202,2021-12-26,137,2483,2620
1202,2021-12-27,435,4978,5413
1202,2021-12-28,467,5302,5769
1202,2021-12-29,477,5286,5763
1202,2021-12-30,459,5611,6070
1202,2021-12-31,431,4858,5289
1204,2021-01-01,132,4936,5068
1204,2021-01-02,295,7643,7938
1204,2021-01-03,158,5941,6099
1204,2021-01-04,623,11572,12195
1204,2021-01-05,792,12040,12832
1204,2021-01-06,697,12092,12789
1204,2021-01-07,799,12492,13291
1204,2021-01-12,1020,14617,15637
1204,2021-01-13,1184,16295,17479
1204,2021-01-14,1031,15031,16062
1204,2021-01-15,965,16287,17252
1204,2021-01-16,411,11349,11760
1204,2021-01-17,174,6386,6560
1204,2021-01-18,1063,16208,17271
1204,2021-01-19,1074,16415,17489
1204,2021-01-20,1171,16799,17970
1204,2021-01-21,1143,16061,17204
1204,2021-01-22,1073,16601,17674
1204,2021-01-23,459,11745,12204
1204,2021-01-24,165,7460,7625
1204,2021-01-25,1064,16052,17116
1204,2021-01-26,1215,16968,18183
1204,2021-01-27,952,15059,16011
1204,2021-01-28,1062,15729,16791
1204,2021-01-29,997,16461,17458
1204,2021-01-30,344,12008,12352
1204,2021-01-31,164,7335,7499
1204,2021-02-01,991,16190,17181
1204,2021-02-02,1055,16129,17184
1204,2021-02-03,945,15130,16075
1204,2021-02-24,1370,18119,19489
1204,2021-02-25,1360,17744,19104
1204,2021-02-26,1272,18208,19480
1204,2021-02-27,513,14415,14928
1204,2021-02-28,156,10616,10772
1204,2021-03-01,1267,17231,18498
1204,2021-03-02,1244,17681,18925
1204,2021-03-03,1234,17967,19201
1204,2021-03-04,1233,17365,18598
1204,2021-03-05,1215,18124,19339
1204,2021-03-06,521,14168,14689
1204,2021-03-07,137,10255,10392
1204,2021-03-08,1234,17298,18532
1204,2021-03-09,1226,17375,18601
1204,2021-03-10,1272,17571,18843
1204,2021-03-11,1204,16852,18056
1204,2021-03-12,1247,17687,18934
1204,2021-03-13,510,11432,11942
1204,2021-03-14,131,6991,7122
1204,2021-03-15,1172,16630,17802
1204,2021-03-16,1312,17550,18862
1204,2021-03-17,1232,17325,18557
1204,2021-03-18,1361,17740,19101
1204,2021-03-19,1368,18298,19666
1204,2021-03-20,528,14180,14708
1204,2021-03-21,155,8521,8676
1204,2021-03-22,1352,17049,18401
1204,2021-03-23,1384,18042,19426
1204,2021-03-24,1296,17819,19115
1204,2021-03-25,1433,18201,19634
1204,2021-03-26,1263,18342,19605
1204,2021-03-27,466,13037,13503
1204,2021-03-29,1217,17769,18986
1204,2021-03-30,1423,18343,19766
1204,2021-03-31,1356,19018,20374
1204,2021-04-01,1261,19328,20589
1204,2021-04-02,1103,19755,20858
1204,2021-04-03,435,13568,14003
1204,2021-04-04,133,10160,10293
1204,2021-04-05,187,6804,6991
1204,2021-04-06,1185,16679,17864
1204,2021-04-07,1178,16564,17742
1204,2021-04-08,1290,17427,18717
1204,2021-04-09,1234,17723,18957
1204,2021-04-10,442,11216,11658
1204,2021-04-11,132,6276,6408
1204,2021-04-12,1305,16437,17742
1204,2021-04-13,1322,17123,18445
1204,2021-04-14,1455,15996,17451
1204,2021-04-15,1275,17840,19115
1204,2021-04-16,1335,18184,19519
1204,2021-04-17,537,14069,14606
1204,2021-04-18,174,8902,9076
1204,2021-04-19,1266,17580,18846
1204,2021-04-20,1352,18479,19831
1204,2021-04-21,1394,18165,19559
1204,2021-04-22,1298,18960,20258
1204,2021-04-23,1292,19389,20681
1204,2021-04-24,481,15694,16175
1204,2021-04-25,182,12057,12239
1204,2021-04-26,1301,17910,19211
1204,2021-04-27,1317,18415,19732
1204,2021-04-28,1265,18669,19934
1204,2021-04-29,1284,18955,20239
1204,2021-04-30,1308,19649,20957
1204,2021-05-01,211,10877,11088
1204,2021-05-02,179,10052,10231
1204,2021-05-03,1330,18042,19372
1204,2021-05-04,1268,17646,18914
1204,2021-05-05,1365,18157,19522
1204,2021-05-06,1295,18165,19460
1204,2021-05-07,1273,19285,20558
1204,2021-05-08,448,14346,14794
1204,2021-05-09,175,13449,13624
1204,2021-05-10,1240,17576,18816
1204,2021-05-11,1334,18206,19540
1204,2021-05-12,1337,19254,20591
1204,2021-05-13,245,10066,10311
1204,2021-05-14,964,17941,18905
1204,2021-05-15,431,13420,13851
1204,2021-05-16,194,8647,8841
1204,2021-05-17,1185,17761,18946
1204,2021-05-18,1332,18120,19452
1204,2021-05-19,1384,18229,19613
1204,2021-05-20,1366,19443,20809
1204,2021-05-21,1305,19277,20582
1204,2021-05-22,477,13227,13704
1204,2021-05-23,142,9597,9739
1204,2021-05-24,196,7854,8050
1204,2021-05-25,1252,16238,17490
1204,2021-06-01,1209,18747,19956
1204,2021-06-02,1249,18617,19866
1204,2021-06-03,1212,18443,19655
1204,2021-06-04,1292,17938,19230
1204,2021-06-05,423,14004,14427
1204,2021-06-06,167,9990,10157
1204,2021-06-07,1153,17973,19126
1204,2021-06-08,1230,18834,20064
1204,2021-06-09,1178,18699,19877
1204,2021-06-10,1280,19139,20419
1204,2021-06-11,1194,19503,20697
1204,2021-06-12,445,15514,15959
1204,2021-06-13,217,12794,13011
1204,2021-06-14,1163,17873,19036
1204,2021-06-15,1232,18489,19721
1204,2021-06-16,1205,18725,19930
1204,2021-06-17,1214,18755,19969
1204,2021-06-18,1221,19153,20374
1204,2021-06-19,494,14752,15246
1204,2021-06-20,189,10675,10864
1204,2021-06-21,1219,17999,19218
1204,2021-06-22,1305,18684,19989
1204,2021-06-23,413,9712,10125
1204,2021-06-24,1302,17371,18673
1204,2021-06-25,1274,18725,19999
1204,2021-06-26,555,14247,14802
1204,2021-06-27,221,10711,10932
1204,2021-06-28,1337,17753,19090
1204,2021-06-29,1239,17032,18271
1204,2021-06-30,1186,18264,19450
1204,2021-07-01,1307,18914,20221
1204,2021-07-02,1271,19726,20997
1204,2021-07-03,523,16077,16600
1204,2021-07-04,221,10083,10304
1204,2021-07-05,1159,17799,18958
1204,2021-07-06,1264,17882,19146
1204,2021-07-07,1325,18972,20297
1204,2021-07-08,1275,18782,20057
1204,2021-07-09,1206,19518,20724
1204,2021-07-10,436,15197,15633
1204,2021-07-11,191,11446,11637
1204,2021-07-12,1189,18090,19279
1204,2021-07-13,1070,16713,17783
1204,2021-07-14,984,15536,16520
1204,2021-07-15,1008,16603,17611
1204,2021-07-16,1148,17936,19084
1204,2021-07-17,461,13577,14038
1204,2021-07-18,209,10879,11088
1204,2021-07-19,1216,17089,18305
1204,2021-07-20,1258,16757,18015
1204,2021-07-21,1177,17472,18649
1204,2021-07-22,1329,17788,19117
1204,2021-07-23,1283,17610,18893
1204,2021-07-24,429,12155,12584
1204,2021-07-25,193,9388,9581
1204,2021-07-26,1234,16075,17309
1204,2021-07-27,1186,15953,17139
1204,2021-07-28,1138,17460,18598
1204,2021-07-29,1078,17419,18497
1204,2021-07-30,977,17126,18103
1204,2021-07-31,387,13072,13459
1204,2021-08-01,223,9890,10113
1204,2021-08-02,832,14638,15470
1204,2021-08-03,825,14052,14877
1204,2021-08-04,859,15528,16387
1204,2021-08-05,856,15098,15954
1204,2021-08-06,766,15107,15873
1204,2021-08-07,356,11532,11888
1204,2021-08-08,163,9023,9186
1204,2021-08-09,765,14222,14987
1204,2021-08-10,842,14846,15688
1204,2021-08-11,799,15081,15880
1204,2021-08-12,841,15267,16108
1204,2021-08-13,843,15248,16091
1204,2021-08-14,389,12432,12821
1204,2021-08-15,195,11017,11212
1204,2021-08-16,788,13678,14466
1204,2021-08-17,847,14227,15074
1204,2021-08-18,816,14759,15575
1204,2021-08-19,791,14883,15674
1204,2021-08-20,821,15066,15887
1204,2021-08-21,335,13105,13440
1204,2021-08-22,165,8688,8853
1204,2021-08-23,911,14723,15634
1204,2021-08-24,1012,16279,17291
1204,2021-08-25,1079,16528,17607
1204,2021-08-26,1013,15902,16915
1204,2021-08-27,1046,16210,17256
1204,2021-08-28,378,11989,12367
1204,2021-08-29,176,9671,9847
1204,2021-08-30,1023,15712,16735
1204,2021-08-31,1130,16212,17342
1204,2021-09-01,1166,16982,18148
1204,2021-09-02,1223,16784,18007
1204,2021-09-03,1206,17052,18258
1204,2021-09-04,502,14106,14608
1204,2021-09-05,200,12190,12390
1204,2021-09-06,1115,16506,17621
1204,2021-09-07,1172,17595,18767
1204,2021-09-08,1155,18114,19269
1204,2021-09-09,1149,17387,18536
1204,2021-09-10,1139,17516,18655
1204,2021-09-11,469,14253,14722
1204,2021-09-12,188,11991,12179
1204,2021-09-13,1136,17564,18700
1204,2021-09-14,1277,18025,19302
1204,2021-09-15,1181,17812,18993
1204,2021-09-16,1275,19354,20629
1204,2021-09-17,1336,19525,20861
1204,2021-09-18,818,15945,16763
1204,2021-09-19,296,12297,12593
1204,2021-09-20,1263,17883,19146
1204,2021-09-21,1250,18825,20075
1204,2021-09-22,1192,18911,20103
1204,2021-09-23,1302,18933,20235
1204,2021-09-24,1308,19486,20794
1204,2021-09-25,527,16221,16748
1204,2021-09-26,167,10339,10506
1204,2021-09-27,1147,18031,19178
1204,2021-09-28,1163,18870,20033
1204,2021-09-29,1075,18857,19932
1204,2021-09-30,1479,18899,20378
1204,2021-10-01,1888,18656,20544
1204,2021-10-02,645,14481,15126
1204,2021-10-03,244,9145,9389
1204,2021-10-04,1684,17449,19133
1204,2021-10-05,1640,17202,18842
1204,2021-10-06,1563,17862,19425
1204,2021-10-07,1792,18302,20094
1204,2021-10-08,1671,19061,20732
1204,2021-10-09,677,15846,16523
1204,2021-10-10,311,12224,12535
1204,2021-10-11,1612,17898,19510
1204,2021-10-12,1626,18122,19748
1204,2021-10-13,1575,18877,20452
1204,2021-10-14,1761,19232,20993
1204,2021-10-15,1671,19373,21044
1204,2021-10-16,728,15253,15981
1204,2021-10-17,259,11448,11707
1204,2021-10-18,1753,17907,19660
1204,2021-10-19,1306,16518,17824
1204,2021-10-20,1491,18184,19675
1204,2021-10-21,1413,17106,18519
1204,2021-10-22,1560,18841,20401
1204,2021-10-23,632,14892,15524
1204,2021-10-24,283,12214,12497
1204,2021-10-25,1527,18077,19604
1204,2021-10-26,1610,18809,20419
1204,2021-10-27,1617,18884,20501
1204,2021-10-28,1826,19868,21694
1204,2021-10-29,1622,19566,21188
1204,2021-10-30,433,12872,13305
1204,2021-11-01,202,9433,9635
1204,2021-11-02,1215,16980,18195
1204,2021-11-03,1324,16759,18083
1204,2021-11-04,1446,16704,18150
1204,2021-11-05,1532,17324,18856
1204,2021-11-06,687,13727,14414
1204,2021-11-07,213,9479,9692
1204,2021-11-08,1597,18150,19747
1204,2021-11-09,1682,19210,20892
1204,2021-11-10,1676,18778,20454
1204,2021-11-11,1656,19371,21027
1204,2021-11-12,1682,19590,21272
1204,2021-11-13,515,14243,14758
1204,2021-11-14,224,9940,10164
1204,2021-11-15,1574,17641,19215
1204,2021-11-16,1555,18154,19709
1204,2021-11-17,1571,18238,19809
1204,2021-11-18,1681,18383,20064
1204,2021-11-19,1607,18877,20484
1204,2021-11-20,659,14964,15623
1204,2021-11-21,183,9744,9927
1204,2021-11-22,1551,17467,19018
1204,2021-11-23,1666,18277,19943
1204,2021-11-24,1650,18219,19869
1204,2021-11-25,1824,18555,20379
1204,2021-11-26,1552,18088,19640
1204,2021-11-27,464,13685,14149
1204,2021-11-28,174,9790,9964
1204,2021-11-29,1478,17557,19035
1204,2021-11-30,1275,17109,18384
1204,2021-12-01,1180,17521,18701
1204,2021-12-02,1503,18263,19766
1204,2021-12-03,1619,18611,20230
1204,2021-12-04,450,13762,14212
1204,2021-12-05,180,9488,9668
1204,2021-12-06,1517,17183,18700
1204,2021-12-07,1528,18444,19972
1204,2021-12-08,1514,18623,20137
1204,2021-12-09,1493,18642,20135
1204,2021-12-10,1198,17963,19161
1204,2021-12-11,551,13776,14327
1204,2021-12-12,145,9279,9424
1204,2021-12-13,1322,17667,18989
1204,2021-12-14,1599,18380,19979
1204,2021-12-15,1551,18587,20138
1204,2021-12-16,1632,18834,20466
1204,2021-12-17,1521,19001,20522
1204,2021-12-18,551,13073,13624
1204,2021-12-19,224,9150,9374
1204,2021-12-20,1120,15241,16361
1204,2021-12-21,1125,15610,16735
1204,2021-12-22,1086,15692,16778
1204,2021-12-23,972,15277,16249
1204,2021-12-24,419,11546,11965
1204,2021-12-25,115,7551,7666
1204,2021-12-26,127,6906,7033
1204,2021-12-27,577,11717,12294
1204,2021-12-28,625,12236,12861
1204,2021-12-29,599,12466,13065
1204,2021-12-30,532,12599,13131
1204,2021-12-31,441,11127,11568
1205,2021-01-01,45,1453,1498
1205,2021-01-02,106,3364,3470
1205,2021-01-03,47,3036,3083
1205,2021-01-04,217,3397,3614
1205,2021-01-05,234,3851,4085
1205,2021-01-06,237,3699,3936
1205,2021-01-07,280,3755,4035
1205,2021-01-08,258,3976,4234
1205,2021-01-09,132,3727,3859
1205,2021-01-10,69,3457,3526
1205,2021-01-11,278,4188,4466
1205,2021-01-12,269,4319,4588
1205,2021-01-13,316,4326,4642
1205,2021-01-14,307,4418,4725
1205,2021-01-15,323,4882,5205
1205,2021-01-16,144,4253,4397
1205,2021-01-17,52,2964,3016
1205,2021-01-18,322,4443,4765
1205,2021-01-19,324,4609,4933
1205,2021-01-20,322,4599,4921
1205,2021-01-21,335,4450,4785
1205,2021-01-22,333,4961,5294
1205,2021-01-23,142,4296,4438
1205,2021-01-24,80,3453,3533
1205,2021-01-25,307,4158,4465
1205,2021-01-26,361,4655,5016
1205,2021-01-27,278,4576,4854
1205,2021-01-28,331,5040,5371
1205,2021-01-29,362,5451,5813
1205,2021-01-30,114,4999,5113
1205,2021-01-31,55,4221,4276
1205,2021-02-01,292,4316,4608
1205,2021-02-02,315,4490,4805
1205,2021-02-03,282,4510,4792
1205,2021-02-04,328,4768,5096
1205,2021-02-05,354,5061,5415
1205,2021-02-06,126,4646,4772
1205,2021-02-07,59,3782,3841
1205,2021-02-08,310,3935,4245
1205,2021-02-09,299,4212,4511
1205,2021-02-10,379,4400,4779
1205,2021-02-11,303,4496,4799
1205,2021-02-12,345,5026,5371
1205,2021-02-13,136,4959,5095
1205,2021-02-14,69,4439,4508
1205,2021-02-15,225,3810,4035
1205,2021-02-16,295,4584,4879
1205,2021-02-17,286,4480,4766
1205,2021-02-18,308,4637,4945
1205,2021-02-19,334,5215,5549
1205,2021-02-20,139,4859,4998
1205,2021-02-21,66,5171,5237
1205,2021-02-22,338,4397,4735
1205,2021-02-23,355,4865,5220
1205,2021-02-24,421,4981,5402
1205,2021-02-25,403,5254,5657
1205,2021-02-26,353,5866,6219
1205,2021-02-27,145,5882,6027
1205,2021-02-28,67,5753,5820
1205,2021-03-01,363,4965,5328
1205,2021-03-02,448,6110,6558
1205,2021-03-03,397,5096,5493
1205,2021-03-04,387,5087,5474
1205,2021-03-05,358,5546,5904
1205,2021-03-06,162,5387,5549
1205,2021-03-07,66,5449,5515
1205,2021-03-08,415,4446,4861
1205,2021-03-09,451,4909,5360
1205,2021-03-10,459,4895,5354
1205,2021-03-11,316,4917,5233
1205,2021-03-12,328,5447,5775
1205,2021-03-13,150,4703,4853
1205,2021-03-14,63,4787,4850
1205,2021-03-15,312,4661,4973
1205,2021-03-16,338,4775,5113
1205,2021-03-17,339,4747,5086
1205,2021-03-18,401,4987,5388
1205,2021-03-19,407,5410,5817
1205,2021-03-20,156,5080,5236
1205,2021-03-21,82,4944,5026
1205,2021-03-22,414,4352,4766
1205,2021-03-23,345,4898,5243
1205,2021-03-24,402,4951,5353
1205,2021-03-25,368,4839,5207
1205,2021-03-26,400,5380,5780
1205,2021-03-27,202,4861,5063
1205,2021-03-29,402,4890,5292
1205,2021-03-30,400,5343,5743
1205,2021-03-31,443,5661,6104
1205,2021-04-01,434,5800,6234
1205,2021-04-02,334,6489,6823
1205,2021-04-03,141,5257,5398
1205,2021-04-04,82,3878,3960
1205,2021-04-05,88,3629,3717
1205,2021-04-06,357,4556,4913
1205,2021-04-07,344,4330,4674
1205,2021-04-08,410,4668,5078
1205,2021-04-09,383,5111,5494
1205,2021-04-10,126,4563,4689
1205,2021-04-11,56,4158,4214
1205,2021-04-12,343,4488,4831
1205,2021-04-13,368,4687,5055
1205,2021-04-14,405,4684,5089
1205,2021-04-15,368,4908,5276
1205,2021-04-16,378,5574,5952
1205,2021-04-17,144,5167,5311
1205,2021-04-18,80,5063,5143
1205,2021-04-19,370,4676,5046
1205,2021-04-20,441,5058,5499
1205,2021-04-21,374,4879,5253
1205,2021-04-22,405,5110,5515
1205,2021-04-23,424,5555,5979
1205,2021-04-24,253,5219,5472
1205,2021-04-25,89,5954,6043
1205,2021-04-26,394,4756,5150
1205,2021-04-27,388,5146,5534
1205,2021-04-28,399,5092,5491
1205,2021-04-29,420,5387,5807
1205,2021-04-30,424,6312,6736
1205,2021-05-01,84,5979,6063
1205,2021-05-02,120,6942,7062
1205,2021-05-03,377,4993,5370
1205,2021-05-04,389,5114,5503
1205,2021-05-05,395,5149,5544
1205,2021-05-06,418,5183,5601
1205,2021-05-07,391,5892,6283
1205,2021-05-08,183,5875,6058
1205,2021-05-09,92,6007,6099
1205,2021-05-10,392,4937,5329
1205,2021-05-11,420,5369,5789
1205,2021-05-12,421,6007,6428
1205,2021-05-13,94,5614,5708
1205,2021-05-14,305,6281,6586
1205,2021-05-15,178,5817,5995
1205,2021-05-16,132,5685,5817
1205,2021-05-17,356,5194,5550
1205,2021-05-18,380,5334,5714
1205,2021-05-19,339,5483,5822
1205,2021-05-20,377,5702,6079
1205,2021-05-21,434,6008,6442
1205,2021-05-22,167,5642,5809
1205,2021-05-23,81,6163,6244
1205,2021-05-24,109,5518,5627
1205,2021-05-25,337,5403,5740
1205,2021-05-26,324,5689,6013
1205,2021-05-27,419,5673,6092
1205,2021-05-28,381,6330,6711
1205,2021-05-29,189,6338,6527
1205,2021-05-30,102,7343,7445
1205,2021-05-31,447,5932,6379
1205,2021-06-01,433,6207,6640
1205,2021-06-02,446,6012,6458
1205,2021-06-03,350,8012,8362
1205,2021-06-04,411,6377,6788
1205,2021-06-05,181,5972,6153
1205,2021-06-06,128,6027,6155
1205,2021-06-07,402,5235,5637
1205,2021-06-08,416,5662,6078
1205,2021-06-09,393,5811,6204
1205,2021-06-10,413,6053,6466
1205,2021-06-11,421,6429,6850
1205,2021-06-12,166,5763,5929
1205,2021-06-13,74,6825,6899
1205,2021-06-14,401,5539,5940
1205,2021-06-15,434,5949,6383
1205,2021-06-16,408,5789,6197
1205,2021-06-17,391,5791,6182
1205,2021-06-18,415,6229,6644
1205,2021-06-19,151,5706,5857
1205,2021-06-20,83,5893,5976
1205,2021-06-21,328,5429,5757
1205,2021-06-22,393,5659,6052
1205,2021-06-23,161,4430,4591
1205,2021-06-24,407,5748,6155
1205,2021-06-25,455,6272,6727
1205,2021-06-26,202,5915,6117
1205,2021-06-27,102,6289,6391
1205,2021-06-28,376,5366,5742
1205,2021-06-29,433,5369,5802
1205,2021-06-30,377,6227,6604
1205,2021-07-01,391,6351,6742
1205,2021-07-02,441,6737,7178
1205,2021-07-03,170,6919,7089
1205,2021-07-04,90,6997,7087
1205,2021-07-05,356,5568,5924
1205,2021-07-06,411,5712,6123
1205,2021-07-07,432,5765,6197
1205,2021-07-08,403,5716,6119
1205,2021-07-09,414,6478,6892
1205,2021-07-10,190,6161,6351
1205,2021-07-11,95,6815,6910
1205,2021-07-12,387,5497,5884
1205,2021-07-13,323,5498,5821
1205,2021-07-14,308,5519,5827
1205,2021-07-15,266,5167,5433
1205,2021-07-16,207,4855,5062
1205,2021-07-17,98,4593,4691
1205,2021-07-18,46,5069,5115
1205,2021-07-19,239,4956,5195
1205,2021-07-20,251,4559,4810
1205,2021-07-21,239,4471,4710
1205,2021-07-22,294,4592,4886
1205,2021-07-23,263,4728,4991
1205,2021-07-24,90,4310,4400
1205,2021-07-25,40,3805,3845
1205,2021-07-26,225,4217,4442
1205,2021-07-27,204,4257,4461
1205,2021-07-28,198,4955,5153
1205,2021-07-29,297,5710,6007
1205,2021-07-30,310,6566,6876
1205,2021-07-31,154,6658,6812
1205,2021-08-01,106,6563,6669
1205,2021-08-02,246,5161,5407
1205,2021-08-03,257,5214,5471
1205,2021-08-04,280,5366,5646
1205,2021-08-05,294,5280,5574
1205,2021-08-06,287,5651,5938
1205,2021-08-07,131,5341,5472
1205,2021-08-08,81,5925,6006
1205,2021-08-09,286,4815,5101
1205,2021-08-10,317,5005,5322
1205,2021-08-11,256,5473,5729
1205,2021-08-12,287,5447,5734
1205,2021-08-13,333,5602,5935
1205,2021-08-14,183,5638,5821
1205,2021-08-15,83,6188,6271
1205,2021-08-16,347,4987,5334
1205,2021-08-17,374,4913,5287
1205,2021-08-18,297,5223,5520
1205,2021-08-19,315,5350,5665
1205,2021-08-20,337,5462,5799
1205,2021-08-21,159,5331,5490
1205,2021-08-22,90,5568,5658
1205,2021-08-23,285,5140,5425
1205,2021-08-24,328,5415,5743
1205,2021-08-25,415,5662,6077
1205,2021-08-26,361,5726,6087
1205,2021-08-27,397,6082,6479
1205,2021-08-28,166,5364,5530
1205,2021-08-29,98,5700,5798
1205,2021-08-30,348,5168,5516
1205,2021-08-31,376,5588,5964
1205,2021-09-01,406,5909,6315
1205,2021-09-02,420,5943,6363
1205,2021-09-03,557,6417,6974
1205,2021-09-04,200,6248,6448
1205,2021-09-05,130,7104,7234
1205,2021-09-06,423,5491,5914
1205,2021-09-07,404,5633,6037
1205,2021-09-08,404,5949,6353
1205,2021-09-09,438,5900,6338
1205,2021-09-10,423,6019,6442
1205,2021-09-11,180,5765,5945
1205,2021-09-12,103,6214,6317
1205,2021-09-13,455,5726,6181
1205,2021-09-14,440,5841,6281
1205,2021-09-15,437,5912,6349
1205,2021-09-16,481,6140,6621
1205,2021-09-17,516,6612,7128
1205,2021-09-18,178,6132,6310
1205,2021-09-19,97,6298,6395
1205,2021-09-20,404,5499,5903
1205,2021-09-21,425,5835,6260
1205,2021-09-22,451,6075,6526
1205,2021-09-23,433,5938,6371
1205,2021-09-24,441,6354,6795
1205,2021-09-25,164,6092,6256
1205,2021-09-26,97,5600,5697
1205,2021-09-27,540,5577,6117
1205,2021-09-28,474,6004,6478
1205,2021-09-29,491,6234,6725
1205,2021-09-30,425,6569,6994
1205,2021-10-01,441,6902,7343
1205,2021-10-02,224,6910,7134
1205,2021-10-03,83,6611,6694
1205,2021-10-04,557,5875,6432
1205,2021-10-05,429,6039,6468
1205,2021-10-06,464,6271,6735
1205,2021-10-07,481,6361,6842
1205,2021-10-08,435,6886,7321
1205,2021-10-09,198,6778,6976
1205,2021-10-10,144,7025,7169
1205,2021-10-11,445,5695,6140
1205,2021-10-12,459,5886,6345
1205,2021-10-13,526,6056,6582
1205,2021-10-14,462,6185,6647
1205,2021-10-15,481,6605,7086
1205,2021-10-16,198,6325,6523
1205,2021-10-17,132,6367,6499
1205,2021-10-18,447,5880,6327
1205,2021-10-19,422,6142,6564
1205,2021-10-20,386,6115,6501
1205,2021-10-21,350,5806,6156
1205,2021-10-22,430,6346,6776
1205,2021-10-23,160,5938,6098
1205,2021-10-24,117,6198,6315
1205,2021-10-25,450,5740,6190
1205,2021-10-26,532,6994,7526
1205,2021-10-27,611,7295,7906
1205,2021-10-28,454,7295,7749
1205,2021-10-29,470,7283,7753
1205,2021-10-30,174,6818,6992
1205,2021-11-01,84,5507,5591
1205,2021-11-02,221,4680,4901
1205,2021-11-03,215,4239,4454
1205,2021-11-04,188,4291,4479
1205,2021-11-05,251,4520,4771
1205,2021-11-06,93,4229,4322
1205,2021-11-07,30,4191,4221
1205,2021-11-08,236,3840,4076
1205,2021-11-09,308,4102,4410
1205,2021-11-10,309,4241,4550
1205,2021-11-11,309,4562,4871
1205,2021-11-12,444,5735,6179
1205,2021-11-13,181,6104,6285
1205,2021-11-14,94,5495,5589
1205,2021-11-15,388,5153,5541
1205,2021-11-16,383,5223,5606
1205,2021-11-17,506,5266,5772
1205,2021-11-18,468,5365,5833
1205,2021-11-19,397,5751,6148
1205,2021-11-20,139,5443,5582
1205,2021-11-21,78,4922,5000
1205,2021-11-22,364,4857,5221
1205,2021-11-23,404,5154,5558
1205,2021-11-24,411,5191,5602
1205,2021-11-25,374,5417,5791
1205,2021-11-26,463,5846,6309
1205,2021-11-27,135,5180,5315
1205,2021-11-28,79,4900,4979
1205,2021-11-29,330,5535,5865
1205,2021-11-30,391,5506,5897
1205,2021-12-01,317,5763,6080
1205,2021-12-02,361,5560,5921
1205,2021-12-03,372,6255,6627
1205,2021-12-04,124,5776,5900
1205,2021-12-05,59,5474,5533
1205,2021-12-06,298,4892,5190
1205,2021-12-07,338,5144,5482
1205,2021-12-08,397,5160,5557
1205,2021-12-09,358,5245,5603
1205,2021-12-10,334,5519,5853
1205,2021-12-11,156,5433,5589
1205,2021-12-12,73,5242,5315
1205,2021-12-13,440,5909,6349
1205,2021-12-14,414,6699,7113
1205,2021-12-15,406,6623,7029
1205,2021-12-16,416,7033,7449
1205,2021-12-17,372,6565,6937
1205,2021-12-18,147,5355,5502
1205,2021-12-19,90,5424,5514
1205,2021-12-20,262,5362,5624
1205,2021-12-21,270,5405,5675
1205,2021-12-22,264,5642,5906
1205,2021-12-23,230,5564,5794
1205,2021-12-24,170,3497,3667
1205,2021-12-25,52,2355,2407
1205,2021-12-26,54,2874,2928
1205,2021-12-27,187,4806,4993
1206,2021-01-02,54,934,988
1206,2021-01-03,19,679,698
1206,2021-01-04,66,1456,1522
1206,2021-01-05,64,1446,1510
1206,2021-01-06,75,1514,1589
1206,2021-01-07,67,1482,1549
1206,2021-01-08,73,1521,1594
1206,2021-01-09,66,1064,1130
1206,2021-01-10,19,868,887
1206,2021-01-11,87,1919,2006
1206,2021-01-12,96,2039,2135
1206,2021-01-13,86,2124,2210
1206,2021-01-14,92,1805,1897
1206,2021-01-15,88,1794,1882
1206,2021-01-16,65,1255,1320
1206,2021-01-17,21,845,866
1206,2021-01-18,92,2035,2127
1206,2021-01-19,100,2123,2223
1206,2021-01-20,104,2222,2326
1206,2021-01-21,102,2186,2288
1206,2021-01-22,94,2195,2289
1206,2021-01-23,78,1264,1342
1206,2021-01-24,23,1047,1070
1206,2021-01-25,90,2139,2229
1206,2021-01-26,93,2209,2302
1206,2021-01-27,86,1886,1972
1206,2021-01-28,85,2095,2180
1206,2021-01-29,86,2207,2293
1206,2021-01-30,63,1303,1366
1206,2021-01-31,25,985,1010
1206,2021-02-01,91,2132,2223
1206,2021-02-02,96,2269,2365
1206,2021-02-03,101,2233,2334
1206,2021-02-04,101,2340,2441
1206,2021-02-05,97,2254,2351
1206,2021-02-06,77,1367,1444
1206,2021-02-07,20,1055,1075
1206,2021-02-08,108,1760,1868
1206,2021-02-09,117,1820,1937
1206,2021-02-10,89,1895,1984
1206,2021-02-11,95,2065,2160
1206,2021-02-12,98,2006,2104
1206,2021-02-13,67,1440,1507
1206,2021-02-14,22,1281,1303
1206,2021-02-15,97,1777,1874
1206,2021-02-16,88,2104,2192
1206,2021-02-17,103,2034,2137
1206,2021-02-18,89,1983,2072
1206,2021-02-19,95,1940,2035
1206,2021-02-20,58,1644,1702
1206,2021-02-21,22,2174,2196
1206,2021-02-22,112,2202,2314
1206,2021-02-23,99,2396,2495
1206,2021-02-24,99,2470,2569
1206,2021-02-25,92,2545,2637
1206,2021-02-26,128,2734,2862
1206,2021-02-27,63,1688,1751
1206,2021-02-28,26,1499,1525
1206,2021-03-02,100,2520,2620
1206,2021-03-03,105,2418,2523
1206,2021-03-04,119,2330,2449
1206,2021-03-05,93,2393,2486
1206,2021-03-06,75,1697,1772
1206,2021-03-07,22,1360,1382
1206,2021-03-08,134,2469,2603
1206,2021-03-09,106,2310,2416
1206,2021-03-10,103,2422,2525
1206,2021-03-11,99,2332,2431
1206,2021-03-12,100,2362,2462
1206,2021-03-13,66,1354,1420
1206,2021-03-14,21,951,972
1206,2021-03-15,109,2343,2452
1206,2021-03-16,97,2639,2736
1206,2021-03-17,103,2644,2747
1206,2021-03-18,114,2448,2562
1206,2021-03-19,100,2455,2555
1206,2021-03-20,68,1741,1809
1206,2021-03-21,21,1245,1266
1206,2021-03-22,112,2326,2438
1206,2021-03-23,107,2401,2508
1206,2021-03-24,115,2745,2860
1206,2021-03-25,114,2450,2564
1206,2021-03-26,113,2499,2612
1206,2021-03-27,69,1514,1583
1206,2021-03-29,114,2706,2820
1206,2021-03-30,122,2999,3121
1206,2021-03-31,118,2885,3003
1206,2021-04-02,105,2501,2606
1206,2021-04-03,69,1694,1763
1206,2021-04-04,17,1442,1459
1206,2021-04-05,26,847,873
1206,2021-04-06,100,2322,2422
1206,2021-04-07,105,2497,2602
1206,2021-04-08,107,2915,3022
1206,2021-04-09,97,2827,2924
1206,2021-04-10,74,1398,1472
1206,2021-04-11,27,936,963
1206,2021-04-12,111,2459,2570
1206,2021-04-13,130,2882,3012
1206,2021-04-14,101,2739,2840
1206,2021-04-15,110,2882,2992
1206,2021-04-16,88,2422,2510
1206,2021-04-17,80,1838,1918
1206,2021-04-18,24,1213,1237
1206,2021-04-19,101,2902,3003
1206,2021-04-20,96,2998,3094
1206,2021-04-21,94,2550,2644
1206,2021-04-22,107,2628,2735
1206,2021-04-23,115,2732,2847
1206,2021-04-24,78,2066,2144
1206,2021-04-25,22,1960,1982
1206,2021-04-26,115,2603,2718
1206,2021-04-27,96,2859,2955
1206,2021-04-28,92,2651,2743
1206,2021-04-29,113,2750,2863
1206,2021-04-30,99,2720,2819
1206,2021-05-01,30,1508,1538
1206,2021-05-02,20,1498,1518
1206,2021-05-03,103,2842,2945
1206,2021-05-04,121,3488,3609
1206,2021-05-05,100,2981,3081
1206,2021-05-06,98,2679,2777
1206,2021-05-07,103,2733,2836
1206,2021-05-08,87,1865,1952
1206,2021-05-09,25,1964,1989
1206,2021-05-10,135,2467,2602
1206,2021-05-11,114,2633,2747
1206,2021-05-12,114,2675,2789
1206,2021-05-13,23,1376,1399
1206,2021-05-14,88,2287,2375
1206,2021-05-15,60,1503,1563
1206,2021-05-16,22,1214,1236
1206,2021-05-17,111,2583,2694
1206,2021-05-18,121,2728,2849
1206,2021-05-19,112,2773,2885
1206,2021-05-20,106,2779,2885
1206,2021-05-21,115,2853,2968
1206,2021-05-22,73,2038,2111
1206,2021-05-23,21,1613,1634
1206,2021-05-24,22,1300,1322
1206,2021-05-25,113,2145,2258
1206,2021-05-26,111,2358,2469
1206,2021-05-27,107,2666,2773
1206,2021-05-28,105,2919,3024
1206,2021-05-29,109,4054,4163
1206,2021-05-30,48,3583,3631
1206,2021-05-31,118,3093,3211
1206,2021-06-01,111,3168,3279
1206,2021-06-02,122,3304,3426
1206,2021-06-03,106,2923,3029
1206,2021-06-04,112,3032,3144
1206,2021-06-05,63,1907,1970
1206,2021-06-06,19,1517,1536
1206,2021-06-07,101,2321,2422
1206,2021-06-08,104,2693,2797
1206,2021-06-09,95,2931,3026
1206,2021-06-10,103,3194,3297
1206,2021-06-11,103,3120,3223
1206,2021-06-12,79,2251,2330
1206,2021-06-13,30,2050,2080
1206,2021-06-14,112,2940,3052
1206,2021-06-15,115,3142,3257
1206,2021-06-16,130,3535,3665
1206,2021-06-17,100,3121,3221
1206,2021-06-18,103,2876,2979
1206,2021-06-19,77,2125,2202
1206,2021-06-20,30,1339,1369
1206,2021-06-21,103,2718,2821
1206,2021-06-22,106,2677,2783
1206,2021-06-23,27,1379,1406
1206,2021-06-24,104,2752,2856
1206,2021-06-25,104,2943,3047
1206,2021-06-26,77,2186,2263
1206,2021-06-27,23,1617,1640
1206,2021-06-28,107,2821,2928
1206,2021-06-29,96,2892,2988
1206,2021-06-30,97,2830,2927
1206,2021-07-01,83,2907,2990
1206,2021-07-02,105,2996,3101
1206,2021-07-03,75,2050,2125
1206,2021-07-04,29,1340,1369
1206,2021-07-05,101,2649,2750
1206,2021-07-06,111,2864,2975
1206,2021-07-07,84,2851,2935
1206,2021-07-08,106,2845,2951
1206,2021-07-09,95,2913,3008
1206,2021-07-10,81,2295,2376
1206,2021-07-11,25,1798,1823
1206,2021-07-12,106,2666,2772
1206,2021-07-13,115,2673,2788
1206,2021-07-14,107,2854,2961
1206,2021-07-15,65,2354,2419
1206,2021-07-16,117,2789,2906
1206,2021-07-17,68,1968,2036
1206,2021-07-18,21,1802,1823
1206,2021-07-19,94,2681,2775
1206,2021-07-20,88,2975,3063
1206,2021-07-21,111,3168,3279
1206,2021-07-22,104,2847,2951
1206,2021-07-23,104,2747,2851
1206,2021-07-24,72,1684,1756
1206,2021-07-25,34,1362,1396
1206,2021-07-26,89,2614,2703
1206,2021-07-27,127,2715,2842
1206,2021-07-28,111,2870,2981
1206,2021-07-29,78,2757,2835
1206,2021-07-30,82,2427,2509
1206,2021-07-31,69,2039,2108
1206,2021-08-01,20,1517,1537
1206,2021-08-02,77,2012,2089
1206,2021-08-03,68,1910,1978
1206,2021-08-04,67,2082,2149
1206,2021-08-05,69,2007,2076
1206,2021-08-06,69,1917,1986
1206,2021-08-07,54,1448,1502
1206,2021-08-08,22,1251,1273
1206,2021-08-09,65,1825,1890
1206,2021-08-10,71,2302,2373
1206,2021-08-11,77,2379,2456
1206,2021-08-12,76,2257,2333
1206,2021-08-13,79,2029,2108
1206,2021-08-14,71,1524,1595
1206,2021-08-15,37,1478,1515
1206,2021-08-16,83,1860,1943
1206,2021-08-17,77,1951,2028
1206,2021-08-18,82,2035,2117
1206,2021-08-19,73,1957,2030
1206,2021-08-20,77,2052,2129
1206,2021-08-21,75,1770,1845
1206,2021-08-22,23,1163,1186
1206,2021-08-23,85,2095,2180
1206,2021-08-24,91,2352,2443
1206,2021-08-25,113,2300,2413
1206,2021-08-26,88,2136,2224
1206,2021-08-27,87,2052,2139
1206,2021-08-28,62,1507,1569
1206,2021-08-29,23,1189,1212
1206,2021-08-30,86,2451,2537
1206,2021-08-31,85,2911,2996
1206,2021-09-01,109,3007,3116
1206,2021-09-02,100,3056,3156
1206,2021-09-03,114,2754,2868
1206,2021-09-04,85,2196,2281
1206,2021-09-05,55,2308,2363
1206,2021-09-06,99,2832,2931
1206,2021-09-07,119,3267,3386
1206,2021-09-08,137,3342,3479
1206,2021-09-09,97,3214,3311
1206,2021-09-10,112,2632,2744
1206,2021-09-11,64,1862,1926
1206,2021-09-12,20,1680,1700
1206,2021-09-13,105,3172,3277
1206,2021-09-14,98,2737,2835
1206,2021-09-15,99,2618,2717
1206,2021-09-16,114,2931,3045
1206,2021-09-17,114,2880,2994
1206,2021-09-18,77,2070,2147
1206,2021-09-19,22,1610,1632
1206,2021-09-20,99,2737,2836
1206,2021-09-21,108,2878,2986
1206,2021-09-22,117,3095,3212
1206,2021-09-23,100,3036,3136
1206,2021-09-24,124,2894,3018
1206,2021-09-25,82,2230,2312
1206,2021-09-26,27,1319,1346
1206,2021-09-27,85,2599,2684
1206,2021-09-28,114,2765,2879
1206,2021-09-29,108,2777,2885
1206,2021-09-30,105,2902,3007
1206,2021-10-01,109,3105,3214
1206,2021-10-02,70,2014,2084
1206,2021-10-03,22,1421,1443
1206,2021-10-04,162,3976,4138
1206,2021-10-05,97,2839,2936
1206,2021-10-06,110,2857,2967
1206,2021-10-07,100,3056,3156
1206,2021-10-08,114,3022,3136
1206,2021-10-09,86,2172,2258
1206,2021-10-10,26,1702,1728
1206,2021-10-11,105,2799,2904
1206,2021-10-12,99,2817,2916
1206,2021-10-13,98,2891,2989
1206,2021-10-14,107,3027,3134
1206,2021-10-15,118,2899,3017
1206,2021-10-16,78,1958,2036
1206,2021-10-17,19,1483,1502
1206,2021-10-18,108,2748,2856
1206,2021-10-19,115,3182,3297
1206,2021-10-20,104,2907,3011
1206,2021-10-21,96,3022,3118
1206,2021-10-22,88,2874,2962
1206,2021-10-23,73,1883,1956
1206,2021-10-24,21,1728,1749
1206,2021-10-25,96,2688,2784
1206,2021-10-26,100,3023,3123
1206,2021-10-27,103,2816,2919
1206,2021-10-28,106,2806,2912
1206,2021-10-29,112,3002,3114
1206,2021-10-30,60,1650,1710
1206,2021-11-01,22,1230,1252
1206,2021-11-02,87,2208,2295
1206,2021-11-03,135,2627,2762
1206,2021-11-04,110,2667,2777
1206,2021-11-05,112,2843,2955
1206,2021-11-06,90,1821,1911
1206,2021-11-07,22,1192,1214
1206,2021-11-08,91,2637,2728
1206,2021-11-09,105,2786,2891
1206,2021-11-10,113,3110,3223
1206,2021-11-11,110,2765,2875
1206,2021-11-12,107,2734,2841
1206,2021-11-13,67,1825,1892
1206,2021-11-14,22,1323,1345
1206,2021-11-15,142,2885,3027
1206,2021-11-16,101,3001,3102
1206,2021-11-17,103,3071,3174
1206,2021-11-18,106,2967,3073
1206,2021-11-19,114,2977,3091
1206,2021-11-20,76,2065,2141
1206,2021-11-21,21,1329,1350
1206,2021-11-22,110,2658,2768
1206,2021-11-23,101,2724,2825
1206,2021-11-24,96,2822,2918
1206,2021-11-26,114,2776,2890
1206,2021-11-27,72,1714,1786
1206,2021-11-28,21,1240,1261
1206,2021-11-29,99,2658,2757
1206,2021-11-30,94,2794,2888
1206,2021-12-01,89,2766,2855
1206,2021-12-02,109,2727,2836
1206,2021-12-03,97,2728,2825
1206,2021-12-04,81,1719,1800
1206,2021-12-05,19,1248,1267
1206,2021-12-06,90,2158,2248
1206,2021-12-07,104,2214,2318
1206,2021-12-08,100,2267,2367
1206,2021-12-09,96,2264,2360
1206,2021-12-10,86,2034,2120
1206,2021-12-11,63,1602,1665
1206,2021-12-12,18,1199,1217
1206,2021-12-13,87,2480,2567
1206,2021-12-14,109,2819,2928
1206,2021-12-15,115,2975,3090
1206,2021-12-16,97,2877,2974
1206,2021-12-17,92,2698,2790
1206,2021-12-18,64,1627,1691
1206,2021-12-19,19,1188,1207
1206,2021-12-20,74,2045,2119
1206,2021-12-21,73,1943,2016
1206,2021-12-22,70,1939,2009
1206,2021-12-23,68,1824,1892
1206,2021-12-24,50,1414,1464
1206,2021-12-25,15,937,952
1206,2021-12-26,19,845,864
1206,2021-12-27,59,1397,1456
1206,2021-12-28,59,1482,1541
1206,2021-12-29,62,1575,1637
1206,2021-12-30,49,1548,1597
1206,2021-12-31,51,1422,1473
1207,2021-01-01,143,963,1106
1207,2021-01-02,350,2193,2543
1207,2021-01-03,185,1524,1709
1207,2021-01-04,415,2523,2938
1207,2021-01-05,447,2776,3223
1207,2021-01-06,433,2624,3057
1207,2021-01-07,471,2832,3303
1207,2021-01-08,425,2749,3174
1207,2021-01-09,367,2495,2862
1207,2021-01-10,192,1888,2080
1207,2021-01-11,557,3548,4105
1207,2021-01-12,477,2797,3274
1207,2021-01-13,529,3353,3882
1207,2021-01-14,483,3099,3582
1207,2021-01-15,525,3723,4248
1207,2021-01-16,382,2787,3169
1207,2021-01-17,165,1447,1612
1207,2021-01-18,529,3425,3954
1207,2021-01-19,542,3387,3929
1207,2021-01-20,563,3813,4376
1207,2021-01-21,477,3329,3806
1207,2021-01-22,488,3784,4272
1207,2021-01-23,357,2533,2890
1207,2021-01-24,184,1912,2096
1207,2021-01-25,505,3225,3730
1207,2021-01-26,575,3859,4434
1207,2021-01-27,499,3199,3698
1207,2021-01-28,440,2949,3389
1207,2021-01-29,431,3179,3610
1207,2021-01-30,259,1947,2206
1207,2021-01-31,143,1451,1594
1207,2021-02-01,430,3053,3483
1207,2021-02-02,429,3074,3503
1207,2021-02-03,421,2667,3088
1207,2021-02-04,522,3953,4475
1207,2021-02-05,477,3805,4282
1207,2021-02-06,267,2371,2638
1207,2021-02-07,163,1651,1814
1207,2021-02-08,450,2553,3003
1207,2021-02-09,520,3546,4066
1207,2021-02-10,575,3787,4362
1207,2021-02-11,554,4150,4704
1207,2021-02-12,543,4141,4684
1207,2021-02-13,406,3358,3764
1207,2021-02-14,206,2413,2619
1207,2021-02-15,521,3309,3830
1207,2021-02-16,456,3681,4137
1207,2021-02-17,513,3649,4162
1207,2021-02-18,472,3576,4048
1207,2021-02-19,478,3778,4256
1207,2021-02-20,368,3347,3715
1207,2021-02-21,182,2539,2721
1207,2021-02-22,504,3769,4273
1207,2021-02-23,517,4055,4572
1207,2021-02-24,568,4196,4764
1207,2021-02-25,537,4109,4646
1207,2021-02-26,516,3771,4287
1207,2021-02-27,432,3583,4015
1207,2021-02-28,187,2353,2540
1207,2021-03-01,583,3965,4548
1207,2021-03-02,542,4069,4611
1207,2021-03-03,604,4222,4826
1207,2021-03-04,610,3774,4384
1207,2021-03-05,576,4377,4953
1207,2021-03-06,418,3639,4057
1207,2021-03-07,196,2387,2583
1207,2021-03-08,567,3896,4463
1207,2021-03-09,540,3897,4437
1207,2021-03-10,598,4116,4714
1207,2021-03-11,462,3461,3923
1207,2021-03-12,554,3903,4457
1207,2021-03-13,338,2817,3155
1207,2021-03-14,159,1558,1717
1207,2021-03-15,510,3483,3993
1207,2021-03-16,537,3687,4224
1207,2021-03-17,548,3853,4401
1207,2021-03-18,557,4192,4749
1207,2021-03-19,566,4296,4862
1207,2021-03-20,376,3476,3852
1207,2021-03-21,190,2043,2233
1207,2021-03-22,555,4061,4616
1207,2021-03-23,566,4388,4954
1207,2021-03-24,557,4146,4703
1207,2021-03-25,558,4171,4729
1207,2021-03-26,581,4468,5049
1207,2021-03-27,371,3029,3400
1207,2021-03-29,600,4191,4791
1207,2021-03-30,571,4571,5142
1207,2021-03-31,599,4491,5090
1207,2021-04-01,564,4724,5288
1207,2021-04-02,589,5373,5962
1207,2021-04-03,435,3756,4191
1207,2021-04-04,206,2247,2453
1207,2021-04-05,218,1679,1897
1207,2021-04-06,608,4212,4820
1207,2021-04-07,578,4049,4627
1207,2021-04-08,656,4450,5106
1207,2021-04-09,621,4287,4908
1207,2021-04-10,300,2167,2467
1207,2021-04-11,172,1203,1375
1207,2021-04-12,552,3954,4506
1207,2021-04-13,596,4118,4714
1207,2021-04-14,637,4450,5087
1207,2021-04-15,591,4376,4967
1207,2021-04-16,622,4527,5149
1207,2021-04-17,457,3597,4054
1207,2021-04-18,214,2250,2464
1207,2021-04-19,563,3853,4416
1207,2021-04-20,625,4476,5101
1207,2021-04-21,605,4554,5159
1207,2021-04-22,632,4678,5310
1207,2021-04-23,657,4908,5565
1207,2021-04-24,418,4044,4462
1207,2021-04-25,212,2951,3163
1207,2021-04-26,668,4653,5321
1207,2021-04-27,651,4798,5449
1207,2021-04-28,641,4566,5207
1207,2021-04-29,649,4842,5491
1207,2021-04-30,655,5165,5820
1207,2021-05-01,224,2812,3036
1207,2021-05-02,222,2554,2776
1207,2021-05-03,614,4556,5170
1207,2021-05-04,589,4203,4792
1207,2021-05-05,615,4688,5303
1207,2021-05-06,531,3606,4137
1207,2021-05-07,612,4820,5432
1207,2021-05-08,400,3887,4287
1207,2021-05-09,218,2841,3059
1207,2021-05-10,686,4215,4901
1207,2021-05-11,641,4194,4835
1207,2021-05-12,687,4752,5439
1207,2021-05-13,268,2453,2721
1207,2021-05-14,617,4832,5449
1207,2021-05-15,397,2855,3252
1207,2021-05-16,203,1864,2067
1207,2021-05-17,550,3786,4336
1207,2021-05-18,623,4309,4932
1207,2021-05-19,635,4424,5059
1207,2021-05-20,647,4813,5460
1207,2021-05-21,604,4850,5454
1207,2021-05-22,423,3384,3807
1207,2021-05-23,224,2314,2538
1207,2021-05-24,221,1785,2006
1207,2021-05-25,556,3503,4059
1207,2021-05-26,524,3375,3899
1207,2021-05-27,636,4353,4989
1207,2021-05-28,622,4606,5228
1207,2021-05-29,471,4110,4581
1207,2021-05-30,262,3262,3524
1207,2021-05-31,649,4463,5112
1207,2021-06-01,685,4746,5431
1207,2021-06-02,651,4362,5013
1207,2021-06-03,622,4486,5108
1207,2021-06-04,660,4890,5550
1207,2021-06-05,413,3756,4169
1207,2021-06-06,213,2483,2696
1207,2021-06-07,617,4102,4719
1207,2021-06-08,671,4309,4980
1207,2021-06-09,626,4258,4884
1207,2021-06-10,571,4468,5039
1207,2021-06-11,605,4373,4978
1207,2021-06-12,442,3615,4057
1207,2021-06-13,230,2725,2955
1207,2021-06-14,653,3810,4463
1207,2021-06-15,646,4035,4681
1207,2021-06-16,678,3907,4585
1207,2021-06-17,634,4052,4686
1207,2021-06-18,651,4162,4813
1207,2021-06-19,377,3100,3477
1207,2021-06-20,193,2146,2339
1207,2021-06-21,720,3982,4702
1207,2021-06-22,662,3847,4509
1207,2021-06-23,264,2264,2528
1207,2021-06-24,607,3422,4029
1207,2021-06-25,680,4822,5502
1207,2021-06-26,421,3804,4225
1207,2021-06-27,210,2507,2717
1207,2021-06-28,688,4058,4746
1207,2021-06-29,580,3575,4155
1207,2021-06-30,610,3718,4328
1207,2021-07-01,614,4074,4688
1207,2021-07-02,666,4408,5074
1207,2021-07-03,383,3234,3617
1207,2021-07-04,193,2100,2293
1207,2021-07-05,570,3490,4060
1207,2021-07-06,545,3769,4314
1207,2021-07-07,630,4324,4954
1207,2021-07-08,572,3825,4397
1207,2021-07-09,612,4251,4863
1207,2021-07-10,361,3223,3584
1207,2021-07-11,194,2553,2747
1207,2021-07-12,561,3764,4325
1207,2021-07-13,404,2653,3057
1207,2021-07-14,393,2365,2758
1207,2021-07-15,490,3152,3642
1207,2021-07-16,589,3800,4389
1207,2021-07-17,394,3072,3466
1207,2021-07-18,209,2089,2298
1207,2021-07-19,608,3548,4156
1207,2021-07-22,561,3336,3897
1207,2021-07-23,593,3595,4188
1207,2021-07-24,349,2299,2648
1207,2021-07-25,223,1987,2210
1207,2021-07-26,546,3177,3723
1207,2021-07-27,558,3444,4002
1207,2021-07-28,586,4291,4877
1207,2021-07-29,604,4441,5045
1207,2021-07-30,541,4496,5037
1207,2021-07-31,418,3236,3654
1207,2021-08-01,219,2303,2522
1207,2021-08-02,544,3063,3607
1207,2021-08-03,492,2863,3355
1207,2021-08-04,562,3443,4005
1207,2021-08-05,556,3372,3928
1207,2021-08-06,517,3265,3782
1207,2021-08-07,396,2772,3168
1207,2021-08-08,204,1808,2012
1207,2021-08-09,509,2909,3418
1207,2021-08-10,557,3329,3886
1207,2021-08-11,520,3198,3718
1207,2021-08-12,540,3340,3880
1207,2021-08-13,514,3163,3677
1207,2021-08-14,419,2512,2931
1207,2021-08-15,201,2212,2413
1207,2021-08-16,561,2882,3443
1207,2021-08-17,566,3205,3771
1207,2021-08-18,561,3269,3830
1207,2021-08-19,532,3245,3777
1207,2021-08-20,570,3341,3911
1207,2021-08-21,391,2570,2961
1207,2021-08-22,187,1792,1979
1207,2021-08-23,521,3033,3554
1207,2021-08-24,596,3542,4138
1207,2021-08-25,566,3456,4022
1207,2021-08-26,598,3471,4069
1207,2021-08-27,594,3512,4106
1207,2021-08-28,386,2443,2829
1207,2021-08-29,202,1849,2051
1207,2021-08-30,588,3007,3595
1207,2021-08-31,579,3416,3995
1207,2021-09-01,587,3456,4043
1207,2021-09-02,559,3593,4152
1207,2021-09-03,588,3456,4044
1207,2021-09-04,385,2682,3067
1207,2021-09-05,183,2293,2476
1207,2021-09-06,557,3230,3787
1207,2021-09-07,616,3727,4343
1207,2021-09-08,612,3739,4351
1207,2021-09-09,607,3353,3960
1207,2021-09-10,578,3473,4051
1207,2021-09-11,396,3014,3410
1207,2021-09-12,192,2502,2694
1207,2021-09-13,613,3452,4065
1207,2021-09-14,636,3867,4503
1207,2021-09-15,576,3265,3841
1207,2021-09-16,632,4227,4859
1207,2021-09-17,678,4283,4961
1207,2021-09-18,425,3334,3759
1207,2021-09-19,232,2559,2791
1207,2021-09-20,671,4057,4728
1207,2021-09-21,694,4524,5218
1207,2021-09-22,722,4409,5131
1207,2021-09-23,694,4357,5051
1207,2021-09-24,754,4844,5598
1207,2021-09-25,479,3766,4245
1207,2021-09-26,207,2097,2304
1207,2021-09-27,665,3808,4473
1207,2021-09-28,722,4259,4981
1207,2021-09-29,661,4037,4698
1207,2021-09-30,727,4421,5148
1207,2021-10-01,712,4456,5168
1207,2021-10-02,399,3169,3568
1207,2021-10-03,159,1576,1735
1207,2021-10-04,666,4057,4723
1207,2021-10-05,621,3853,4474
1207,2021-10-06,603,3711,4314
1207,2021-10-07,693,4243,4936
1207,2021-10-08,694,4493,5187
1207,2021-10-09,485,3411,3896
1207,2021-10-10,263,2336,2599
1207,2021-10-11,742,3637,4379
1207,2021-10-12,675,3296,3971
1207,2021-10-13,710,3729,4439
1207,2021-10-14,689,3991,4680
1207,2021-10-15,735,4169,4904
1207,2021-10-16,434,3590,4024
1207,2021-10-17,233,2710,2943
1207,2021-10-18,703,4008,4711
1207,2021-10-19,612,3913,4525
1207,2021-10-20,641,3751,4392
1207,2021-10-21,572,3581,4153
1207,2021-10-22,664,4382,5046
1207,2021-10-23,448,3748,4196
1207,2021-10-24,213,2465,2678
1207,2021-10-25,622,4101,4723
1207,2021-10-26,682,4340,5022
1207,2021-10-27,698,4621,5319
1207,2021-10-28,677,4675,5352
1207,2021-10-29,666,4739,5405
1207,2021-10-30,306,2096,2402
1207,2021-11-01,203,2059,2262
1207,2021-11-02,501,3400,3901
1207,2021-11-03,509,3397,3906
1207,2021-11-04,601,4012,4613
1207,2021-11-05,678,4523,5201
1207,2021-11-06,464,3579,4043
1207,2021-11-07,202,2257,2459
1207,2021-11-08,700,4249,4949
1207,2021-11-09,707,4618,5325
1207,2021-11-10,676,4522,5198
1207,2021-11-11,696,4366,5062
1207,2021-11-12,648,4479,5127
1207,2021-11-13,356,2737,3093
1207,2021-11-14,197,2074,2271
1207,2021-11-15,674,4157,4831
1207,2021-11-16,639,4329,4968
1207,2021-11-17,667,4160,4827
1207,2021-11-18,673,4303,4976
1207,2021-11-19,663,4145,4808
1207,2021-11-20,415,3458,3873
1207,2021-11-21,182,1646,1828
1207,2021-11-22,669,4075,4744
1207,2021-11-23,691,4275,4966
1207,2021-11-24,692,4408,5100
1207,2021-11-25,697,4541,5238
1207,2021-11-26,598,3985,4583
1207,2021-11-27,364,3118,3482
1207,2021-11-28,188,1797,1985
1207,2021-11-29,642,3771,4413
1207,2021-11-30,599,3564,4163
1207,2021-12-01,536,3419,3955
1207,2021-12-02,649,4151,4800
1207,2021-12-03,649,4202,4851
1207,2021-12-04,318,2421,2739
1207,2021-12-05,174,1694,1868
1207,2021-12-06,575,3790,4365
1207,2021-12-07,611,4155,4766
1207,2021-12-08,645,4255,4900
1207,2021-12-09,594,4003,4597
1207,2021-12-10,210,1579,1789
1207,2021-12-11,413,3159,3572
1207,2021-12-12,181,1761,1942
1207,2021-12-13,504,3448,3952
1207,2021-12-14,607,4146,4753
1207,2021-12-15,592,4197,4789
1207,2021-12-16,617,4278,4895
1207,2021-12-17,638,4471,5109
1207,2021-12-18,439,3147,3586
1207,2021-12-19,225,1965,2190
1207,2021-12-20,588,3664,4252
1207,2021-12-21,613,3693,4306
1207,2021-12-22,583,3695,4278
1207,2021-12-23,544,3492,4036
1207,2021-12-24,347,2283,2630
1207,2021-12-25,155,1305,1460
1207,2021-12-26,129,1393,1522
1207,2021-12-27,347,2176,2523
1207,2021-12-28,425,2617,3042
1207,2021-12-29,379,2387,2766
1207,2021-12-30,438,2543,2981
1207,2021-12-31,447,2549,2996
1208,2021-01-01,39,1088,1127
1208,2021-01-02,118,1907,2025
1208,2021-01-03,53,1482,1535
1208,2021-01-04,166,2395,2561
1208,2021-01-05,190,2476,2666
1208,2021-01-06,175,2558,2733
1208,2021-01-07,166,2603,2769
1208,2021-01-08,175,2721,2896
1208,2021-01-09,139,2224,2363
1208,2021-01-10,51,1980,2031
1208,2021-01-11,239,3548,3787
1208,2021-01-12,269,3457,3726
1208,2021-01-13,280,3371,3651
1208,2021-01-14,236,3260,3496
1208,2021-01-15,259,3603,3862
1208,2021-01-16,149,2711,2860
1208,2021-01-17,52,1804,1856
1208,2021-01-18,262,3445,3707
1208,2021-01-19,277,3583,3860
1208,2021-01-20,279,3521,3800
1208,2021-01-21,286,3676,3962
1208,2021-01-22,272,3643,3915
1208,2021-01-23,160,2752,2912
1208,2021-01-24,59,2041,2100
1208,2021-01-25,263,3473,3736
1208,2021-01-26,275,3569,3844
1208,2021-01-27,242,3251,3493
1208,2021-01-28,268,3608,3876
1208,2021-01-29,256,3832,4088
1208,2021-01-30,135,2866,3001
1208,2021-01-31,49,1975,2024
1208,2021-02-01,269,3656,3925
1208,2021-02-02,264,3826,4090
1208,2021-02-03,245,3726,3971
1208,2021-02-04,275,3920,4195
1208,2021-02-05,281,3922,4203
1208,2021-02-06,159,2874,3033
1208,2021-02-07,47,1788,1835
1208,2021-02-08,304,2884,3188
1208,2021-02-09,284,3299,3583
1208,2021-02-10,256,3420,3676
1208,2021-02-11,250,3520,3770
1208,2021-02-12,231,3884,4115
1208,2021-02-13,138,3560,3698
1208,2021-02-14,62,3561,3623
1208,2021-02-15,229,3462,3691
1208,2021-02-16,260,3743,4003
1208,2021-02-17,275,3558,3833
1208,2021-02-18,253,3536,3789
1208,2021-02-19,271,3851,4122
1208,2021-02-20,190,4036,4226
1208,2021-02-21,62,3955,4017
1208,2021-02-22,283,4039,4322
1208,2021-02-23,331,4261,4592
1208,2021-02-24,318,4410,4728
1208,2021-02-25,288,4312,4600
1208,2021-02-26,294,4189,4483
1208,2021-02-27,165,3834,3999
1208,2021-02-28,51,3396,3447
1208,2021-03-01,280,4175,4455
1208,2021-03-02,286,4587,4873
1208,2021-03-03,289,4515,4804
1208,2021-03-04,274,4217,4491
1208,2021-03-05,288,4277,4565
1208,2021-03-06,188,4043,4231
1208,2021-03-07,55,3340,3395
1208,2021-03-08,276,4110,4386
1208,2021-03-09,265,4097,4362
1208,2021-03-10,306,4194,4500
1208,2021-03-11,237,3928,4165
1208,2021-03-12,279,4092,4371
1208,2021-03-13,164,3050,3214
1208,2021-03-14,44,2014,2058
1208,2021-03-15,282,3941,4223
1208,2021-03-16,301,4076,4377
1208,2021-03-17,322,3975,4297
1208,2021-03-18,289,4214,4503
1208,2021-03-19,317,4226,4543
1208,2021-03-20,186,3825,4011
1208,2021-03-21,55,2535,2590
1208,2021-03-22,312,4204,4516
1208,2021-03-23,306,4351,4657
1208,2021-03-24,266,4439,4705
1208,2021-03-25,304,4273,4577
1208,2021-03-26,300,4642,4942
1208,2021-03-27,176,3373,3549
1208,2021-03-29,271,4568,4839
1208,2021-03-30,296,4798,5094
1208,2021-03-31,348,4804,5152
1208,2021-04-01,334,4852,5186
1208,2021-04-02,299,5033,5332
1208,2021-04-03,176,3896,4072
1208,2021-04-04,55,3202,3257
1208,2021-04-05,63,1954,2017
1208,2021-04-06,277,3965,4242
1208,2021-04-07,274,3939,4213
1208,2021-04-08,322,4286,4608
1208,2021-04-09,300,4516,4816
1208,2021-04-10,165,2999,3164
1208,2021-04-11,48,1645,1693
1208,2021-04-12,296,4048,4344
1208,2021-04-13,307,4282,4589
1208,2021-04-14,295,4348,4643
1208,2021-04-15,291,4470,4761
1208,2021-04-16,345,4483,4828
1208,2021-04-17,200,3855,4055
1208,2021-04-18,63,2827,2890
1208,2021-04-19,292,4234,4526
1208,2021-04-20,315,4850,5165
1208,2021-04-21,307,4716,5023
1208,2021-04-22,294,4851,5145
1208,2021-04-23,301,4971,5272
1208,2021-04-24,172,4622,4794
1208,2021-04-25,68,4157,4225
1208,2021-04-26,272,4639,4911
1208,2021-04-27,293,4475,4768
1208,2021-04-28,284,4233,4517
1208,2021-04-29,307,4591,4898
1208,2021-04-30,312,4892,5204
1208,2021-05-01,79,3480,3559
1208,2021-05-02,67,3245,3312
1208,2021-05-03,257,4676,4933
1208,2021-05-04,332,4305,4637
1208,2021-05-05,301,4458,4759
1208,2021-05-06,279,4499,4778
1208,2021-05-07,302,4808,5110
1208,2021-05-08,170,3962,4132
1208,2021-05-09,66,4492,4558
1208,2021-05-10,287,4168,4455
1208,2021-05-11,293,4446,4739
1208,2021-05-12,317,4810,5127
1208,2021-05-13,86,3309,3395
1208,2021-05-14,262,4988,5250
1208,2021-05-15,158,3846,4004
1208,2021-05-16,62,2789,2851
1208,2021-05-17,267,4322,4589
1208,2021-05-18,312,4439,4751
1208,2021-05-19,283,4508,4791
1208,2021-05-20,297,4798,5095
1208,2021-05-21,299,4832,5131
1208,2021-05-22,162,3586,3748
1208,2021-05-23,60,3283,3343
1208,2021-05-24,54,2680,2734
1208,2021-05-25,275,4132,4407
1208,2021-05-26,281,4018,4299
1208,2021-05-27,264,3861,4125
1208,2021-05-28,261,4319,4580
1208,2021-05-29,165,3558,3723
1208,2021-05-30,79,3138,3217
1208,2021-05-31,295,4683,4978
1208,2021-06-01,323,5025,5348
1208,2021-06-02,287,4886,5173
1208,2021-06-03,273,4956,5229
1208,2021-06-04,327,4735,5062
1208,2021-06-05,156,3925,4081
1208,2021-06-06,73,3287,3360
1208,2021-06-07,303,4533,4836
1208,2021-06-08,314,4839,5153
1208,2021-06-09,299,4952,5251
1208,2021-06-10,298,5099,5397
1208,2021-06-11,294,5074,5368
1208,2021-06-12,200,4671,4871
1208,2021-06-13,81,4239,4320
1208,2021-06-14,281,4026,4307
1208,2021-06-15,276,3907,4183
1208,2021-06-16,269,4230,4499
1208,2021-06-17,258,4939,5197
1208,2021-06-18,257,4826,5083
1208,2021-06-19,183,4593,4776
1208,2021-06-20,66,3361,3427
1208,2021-06-21,271,4423,4694
1208,2021-06-22,283,4499,4782
1208,2021-06-23,68,2797,2865
1208,2021-06-24,290,4301,4591
1208,2021-06-25,259,4228,4487
1208,2021-06-26,57,2168,2225
1208,2021-06-27,14,1399,1413
1208,2021-06-28,266,3012,3278
1208,2021-06-29,286,4144,4430
1208,2021-06-30,293,4427,4720
1208,2021-07-01,295,4624,4919
1208,2021-07-02,288,4802,5090
1208,2021-07-03,177,4148,4325
1208,2021-07-04,69,2888,2957
1208,2021-07-05,263,4292,4555
1208,2021-07-06,258,4664,4922
1208,2021-07-07,261,4929,5190
1208,2021-07-08,258,4601,4859
1208,2021-07-09,259,4942,5201
1208,2021-07-10,161,3945,4106
1208,2021-07-11,62,3465,3527
1208,2021-07-12,266,4483,4749
1208,2021-07-13,231,4396,4627
1208,2021-07-14,194,4078,4272
1208,2021-07-15,227,2972,3199
1208,2021-07-16,258,3435,3693
1208,2021-07-17,147,2868,3015
1208,2021-07-18,66,2610,2676
1208,2021-07-19,244,3122,3366
1208,2021-07-20,245,3122,3367
1208,2021-07-21,245,3093,3338
1208,2021-07-22,232,3445,3677
1208,2021-07-23,269,4032,4301
1208,2021-07-24,161,2986,3147
1208,2021-07-25,81,2569,2650
1208,2021-07-26,239,3505,3744
1208,2021-07-27,270,4509,4779
1208,2021-07-28,289,5188,5477
1208,2021-07-29,240,5488,5728
1208,2021-07-30,195,3946,4141
1208,2021-07-31,9,807,816
1208,2021-08-01,5,703,708
1208,2021-08-02,156,2675,2831
1208,2021-08-03,207,3473,3680
1208,2021-08-04,211,3906,4117
1208,2021-08-05,220,3766,3986
1208,2021-08-06,229,3708,3937
1208,2021-08-07,134,3224,3358
1208,2021-08-08,55,2511,2566
1208,2021-08-09,174,3636,3810
1208,2021-08-10,212,3890,4102
1208,2021-08-11,211,4053,4264
1208,2021-08-12,196,4158,4354
1208,2021-08-13,226,3883,4109
1208,2021-08-14,187,3604,3791
1208,2021-08-15,91,3569,3660
1208,2021-08-16,198,3375,3573
1208,2021-08-17,233,3601,3834
1208,2021-08-18,193,3700,3893
1208,2021-08-19,181,3766,3947
1208,2021-08-20,223,3880,4103
1208,2021-08-21,172,3866,4038
1208,2021-08-22,68,2524,2592
1208,2021-08-23,201,3575,3776
1208,2021-08-24,228,4281,4509
1208,2021-08-25,237,4251,4488
1208,2021-08-26,219,3990,4209
1208,2021-08-27,275,4015,4290
1208,2021-08-28,157,3215,3372
1208,2021-08-29,57,2811,2868
1208,2021-08-30,263,3682,3945
1208,2021-08-31,264,4039,4303
1208,2021-09-01,269,4188,4457
1208,2021-09-02,250,4380,4630
1208,2021-09-03,275,4407,4682
1208,2021-09-04,168,3999,4167
1208,2021-09-05,66,4099,4165
1208,2021-09-06,225,4280,4505
1208,2021-09-07,286,4685,4971
1208,2021-09-08,289,4746,5035
1208,2021-09-09,254,4384,4638
1208,2021-09-10,256,4325,4581
1208,2021-09-11,163,3909,4072
1208,2021-09-12,71,3733,3804
1208,2021-09-13,250,4517,4767
1208,2021-09-14,292,4593,4885
1208,2021-09-15,297,4476,4773
1208,2021-09-16,283,5018,5301
1208,2021-09-17,308,5168,5476
1208,2021-09-18,186,4342,4528
1208,2021-09-19,67,3659,3726
1208,2021-09-20,281,4632,4913
1208,2021-09-21,324,5057,5381
1208,2021-09-22,344,5121,5465
1208,2021-09-23,307,5202,5509
1208,2021-09-24,353,5398,5751
1208,2021-09-25,175,4945,5120
1208,2021-09-26,54,3175,3229
1208,2021-09-27,302,4545,4847
1208,2021-09-28,314,4903,5217
1208,2021-09-29,314,4678,4992
1208,2021-09-30,339,4801,5140
1208,2021-10-01,414,5086,5500
1208,2021-10-02,175,4048,4223
1208,2021-10-03,55,2620,2675
1208,2021-10-04,334,4725,5059
1208,2021-10-05,313,4485,4798
1208,2021-10-06,289,4475,4764
1208,2021-10-07,312,4668,4980
1208,2021-10-08,311,4837,5148
1208,2021-10-09,186,4430,4616
1208,2021-10-10,70,3722,3792
1208,2021-10-11,309,4299,4608
1208,2021-10-12,349,4348,4697
1208,2021-10-13,313,4596,4909
1208,2021-10-14,294,4773,5067
1208,2021-10-15,310,5033,5343
1208,2021-10-16,174,4242,4416
1208,2021-10-17,57,3418,3475
1208,2021-10-18,302,4550,4852
1208,2021-10-19,287,4546,4833
1208,2021-10-20,295,4579,4874
1208,2021-10-22,295,4685,4980
1208,2021-10-23,213,4150,4363
1208,2021-10-24,50,3563,3613
1208,2021-10-25,281,4521,4802
1208,2021-10-26,334,4614,4948
1208,2021-10-27,303,4721,5024
1208,2021-10-28,327,4844,5171
1208,2021-10-29,349,4936,5285
1208,2021-10-30,143,3394,3537
1208,2021-11-01,57,2629,2686
1208,2021-11-02,244,4145,4389
1208,2021-11-03,358,4923,5281
1208,2021-11-04,318,5200,5518
1208,2021-11-05,363,5501,5864
1208,2021-11-06,221,4412,4633
1208,2021-11-07,55,2764,2819
1208,2021-11-08,328,4851,5179
1208,2021-11-09,330,4805,5135
1208,2021-11-10,285,4831,5116
1208,2021-11-11,292,4920,5212
1208,2021-11-12,275,4904,5179
1208,2021-11-13,140,3747,3887
1208,2021-11-14,61,2842,2903
1208,2021-11-15,260,4516,4776
1208,2021-11-16,309,4536,4845
1208,2021-11-17,331,4517,4848
1208,2021-11-18,297,4549,4846
1208,2021-11-19,297,4669,4966
1208,2021-11-20,166,4133,4299
1208,2021-11-21,54,2629,2683
1208,2021-11-22,297,4389,4686
1208,2021-11-23,304,4616,4920
1208,2021-11-24,288,4510,4798
1208,2021-11-25,305,4621,4926
1208,2021-11-26,236,3789,4025
1208,2021-11-27,79,2314,2393
1208,2021-11-28,49,2564,2613
1208,2021-11-29,277,4181,4458
1208,2021-11-30,258,4084,4342
1208,2021-12-01,264,4469,4733
1208,2021-12-02,264,4322,4586
1208,2021-12-03,264,4537,4801
1208,2021-12-04,136,3610,3746
1208,2021-12-05,52,2621,2673
1208,2021-12-06,258,4160,4418
1208,2021-12-07,283,4606,4889
1208,2021-12-08,279,4501,4780
1208,2021-12-09,255,4550,4805
1208,2021-12-10,194,4323,4517
1208,2021-12-11,136,3376,3512
1208,2021-12-12,46,2313,2359
1208,2021-12-13,231,4203,4434
1208,2021-12-14,334,4326,4660
1208,2021-12-15,288,4434,4722
1208,2021-12-16,261,4390,4651
1208,2021-12-17,248,4506,4754
1208,2021-12-18,152,3210,3362
1208,2021-12-19,44,2348,2392
1208,2021-12-20,196,3550,3746
1208,2021-12-21,186,3539,3725
1208,2021-12-22,179,3454,3633
1208,2021-12-23,190,3591,3781
1208,2021-12-24,132,2718,2850
1208,2021-12-25,38,1772,1810
1208,2021-12-26,38,1860,1898
1208,2021-12-27,154,2867,3021
1208,2021-12-28,148,2998,3146
1208,2021-12-29,153,3009,3162
1208,2021-12-30,146,3038,3184
1208,2021-12-31,144,2721,2865
1209,2021-01-01,51,3685,3736
1209,2021-01-02,144,6072,6216
1209,2021-01-03,75,4504,4579
1209,2021-01-04,367,9044,9411
1209,2021-01-05,479,9393,9872
1209,2021-01-06,453,9458,9911
1209,2021-01-07,495,9538,10033
1209,2021-01-08,438,10027,10465
1209,2021-01-09,261,6915,7176
1209,2021-01-10,67,5611,5678
1209,2021-01-11,689,13237,13926
1209,2021-01-12,774,12960,13734
1209,2021-01-13,802,12927,13729
1209,2021-01-14,731,12171,12902
1209,2021-01-15,694,12871,13565
1209,2021-01-16,240,8730,8970
1209,2021-01-17,70,4925,4995
1209,2021-01-18,742,12766,13508
1209,2021-01-19,743,13107,13850
1209,2021-01-20,813,13219,14032
1209,2021-01-21,821,13341,14162
1209,2021-01-22,746,13748,14494
1209,2021-01-23,256,9009,9265
1209,2021-01-24,72,5773,5845
1209,2021-01-25,730,12762,13492
1209,2021-01-26,854,13331,14185
1209,2021-01-27,720,12574,13294
1209,2021-01-28,760,13057,13817
1209,2021-01-29,762,14136,14898
1209,2021-01-30,208,9202,9410
1209,2021-01-31,88,5760,5848
1209,2021-02-01,746,13077,13823
1209,2021-02-02,836,13270,14106
1209,2021-02-03,762,12924,13686
1209,2021-02-04,828,13860,14688
1209,2021-02-05,825,13874,14699
1209,2021-02-06,220,9292,9512
1209,2021-02-07,60,5635,5695
1209,2021-02-08,765,11609,12374
1209,2021-02-09,857,12232,13089
1209,2021-02-10,754,12550,13304
1209,2021-02-11,727,12852,13579
1209,2021-02-12,688,13288,13976
1209,2021-02-13,216,10176,10392
1209,2021-02-14,100,7670,7770
1209,2021-02-15,572,11456,12028
1209,2021-02-16,726,12703,13429
1209,2021-02-17,706,12366,13072
1209,2021-02-18,750,12407,13157
1209,2021-02-19,678,13136,13814
1209,2021-02-20,291,11334,11625
1209,2021-02-21,82,9634,9716
1209,2021-02-22,795,13521,14316
1209,2021-02-23,959,14265,15224
1209,2021-02-24,935,14439,15374
1209,2021-02-25,935,14559,15494
1209,2021-02-26,861,14443,15304
1209,2021-02-27,307,11287,11594
1209,2021-02-28,83,8696,8779
1209,2021-03-01,876,13469,14345
1209,2021-03-02,862,14068,14930
1209,2021-03-03,825,14125,14950
1209,2021-03-04,867,13774,14641
1209,2021-03-05,815,14271,15086
1209,2021-03-06,310,11051,11361
1209,2021-03-07,69,8438,8507
1209,2021-03-08,861,13629,14490
1209,2021-03-09,868,13830,14698
1209,2021-03-10,841,13940,14781
1209,2021-03-11,882,13601,14483
1209,2021-03-12,848,14123,14971
1209,2021-03-13,303,9259,9562
1209,2021-03-14,68,5510,5578
1209,2021-03-15,823,13309,14132
1209,2021-03-16,895,13881,14776
1209,2021-03-17,860,13641,14501
1209,2021-03-18,885,13988,14873
1209,2021-03-19,899,14549,15448
1209,2021-03-20,323,11095,11418
1209,2021-03-21,71,6717,6788
1209,2021-03-22,948,13569,14517
1209,2021-03-23,967,14544,15511
1209,2021-03-24,905,14390,15295
1209,2021-03-25,1001,14407,15408
1209,2021-03-26,883,14643,15526
1209,2021-03-27,302,9922,10224
1209,2021-03-29,797,14313,15110
1209,2021-03-30,922,14954,15876
1209,2021-03-31,954,15347,16301
1209,2021-04-01,848,15529,16377
1209,2021-04-02,700,15821,16521
1209,2021-04-03,246,10545,10791
1209,2021-04-04,59,8233,8292
1209,2021-04-05,115,5193,5308
1209,2021-04-06,743,12986,13729
1209,2021-04-07,763,12942,13705
1209,2021-04-08,878,13718,14596
1209,2021-04-09,802,14013,14815
1209,2021-04-10,298,8986,9284
1209,2021-04-11,68,5036,5104
1209,2021-04-12,847,12851,13698
1209,2021-04-13,857,13521,14378
1209,2021-04-14,817,13677,14494
1209,2021-04-15,825,14019,14844
1209,2021-04-16,811,14300,15111
1209,2021-04-17,330,11228,11558
1209,2021-04-18,91,7228,7319
1209,2021-04-19,877,14046,14923
1209,2021-04-20,921,15032,15953
1209,2021-04-21,888,14820,15708
1209,2021-04-22,864,15278,16142
1209,2021-04-23,868,15661,16529
1209,2021-04-24,284,12675,12959
1209,2021-04-25,85,10315,10400
1209,2021-04-26,880,14518,15398
1209,2021-04-27,889,15045,15934
1209,2021-04-28,849,14937,15786
1209,2021-04-29,864,15226,16090
1209,2021-04-30,866,15820,16686
1209,2021-05-01,115,8657,8772
1209,2021-05-02,88,8175,8263
1209,2021-05-03,899,14660,15559
1209,2021-05-04,917,14709,15626
1209,2021-05-05,964,14785,15749
1209,2021-05-06,940,14876,15816
1209,2021-05-07,891,15685,16576
1209,2021-05-08,276,11280,11556
1209,2021-05-09,86,11292,11378
1209,2021-05-10,864,14152,15016
1209,2021-05-11,949,14730,15679
1209,2021-05-12,908,15607,16515
1209,2021-05-13,130,8305,8435
1209,2021-05-14,645,14502,15147
1209,2021-05-15,302,10887,11189
1209,2021-05-16,116,7270,7386
1209,2021-05-17,879,14651,15530
1209,2021-05-18,972,14786,15758
1209,2021-05-19,945,14961,15906
1209,2021-05-20,925,15499,16424
1209,2021-05-21,837,15780,16617
1209,2021-05-22,298,10326,10624
1209,2021-05-23,61,7798,7859
1209,2021-05-24,118,6523,6641
1209,2021-05-25,855,13024,13879
1209,2021-05-26,836,12927,13763
1209,2021-05-27,762,10796,11558
1209,2021-05-28,695,11861,12556
1209,2021-05-29,241,8263,8504
1209,2021-05-30,82,7442,7524
1209,2021-05-31,787,13986,14773
1209,2021-06-01,773,15093,15866
1209,2021-06-02,788,14878,15666
1209,2021-06-03,784,15071,15855
1209,2021-06-04,824,15350,16174
1209,2021-06-05,268,11430,11698
1209,2021-06-06,90,8068,8158
1209,2021-06-07,722,14385,15107
1209,2021-06-08,856,15309,16165
1209,2021-06-09,823,15058,15881
1209,2021-06-10,808,15453,16261
1209,2021-06-11,760,15785,16545
1209,2021-06-12,282,12474,12756
1209,2021-06-13,134,10721,10855
1209,2021-06-14,724,14313,15037
1209,2021-06-15,837,14874,15711
1209,2021-06-16,771,14941,15712
1209,2021-06-17,787,15280,16067
1209,2021-06-18,775,15372,16147
1209,2021-06-19,334,12148,12482
1209,2021-06-20,111,8830,8941
1209,2021-06-21,795,14317,15112
1209,2021-06-22,858,14915,15773
1209,2021-06-23,303,7791,8094
1209,2021-06-24,862,14316,15178
1209,2021-06-25,842,14671,15513
1209,2021-06-26,317,10472,10789
1209,2021-06-27,135,7772,7907
1209,2021-06-28,860,13553,14413
1209,2021-06-29,870,14329,15199
1209,2021-06-30,850,14838,15688
1209,2021-07-01,861,15046,15907
1209,2021-07-02,805,15775,16580
1209,2021-07-03,359,12826,13185
1209,2021-07-04,176,8314,8490
1209,2021-07-05,786,14460,15246
1209,2021-07-06,891,15145,16036
1209,2021-07-07,948,15355,16303
1209,2021-07-08,893,15194,16087
1209,2021-07-09,832,15568,16400
1209,2021-07-10,292,11997,12289
1209,2021-07-11,124,9423,9547
1209,2021-07-12,787,14333,15120
1209,2021-07-13,752,14442,15194
1209,2021-07-14,748,13719,14467
1209,2021-07-15,651,12070,12721
1209,2021-07-16,702,13369,14071
1209,2021-07-17,311,10342,10653
1209,2021-07-18,135,8534,8669
1209,2021-07-23,805,13816,14621
1209,2021-07-24,310,9970,10280
1209,2021-07-25,129,7872,8001
1209,2021-07-26,808,12725,13533
1209,2021-07-27,845,13201,14046
1209,2021-07-28,769,14219,14988
1209,2021-07-29,712,14468,15180
1209,2021-07-30,666,13978,14644
1209,2021-07-31,247,10506,10753
1209,2021-08-01,137,7838,7975
1209,2021-08-02,555,11356,11911
1209,2021-08-03,587,11260,11847
1209,2021-08-04,589,12296,12885
1209,2021-08-05,580,11814,12394
1209,2021-08-06,522,12021,12543
1209,2021-08-07,198,9602,9800
1209,2021-08-08,96,7245,7341
1209,2021-08-09,496,11259,11755
1209,2021-08-10,571,11870,12441
1209,2021-08-11,523,12182,12705
1209,2021-08-12,542,12193,12735
1209,2021-08-13,543,12315,12858
1209,2021-08-14,245,10172,10417
1209,2021-08-15,129,9137,9266
1209,2021-08-16,498,10682,11180
1209,2021-08-17,558,11380,11938
1209,2021-08-18,516,11526,12042
1209,2021-08-19,512,11764,12276
1209,2021-08-20,547,12085,12632
1209,2021-08-21,229,10703,10932
1209,2021-08-22,119,7158,7277
1209,2021-08-23,606,11503,12109
1209,2021-08-24,637,12900,13537
1209,2021-08-25,666,13069,13735
1209,2021-08-26,601,12531,13132
1209,2021-08-27,638,12617,13255
1209,2021-08-28,229,9422,9651
1209,2021-08-29,96,7534,7630
1209,2021-08-30,651,12058,12709
1209,2021-08-31,719,12609,13328
1209,2021-09-01,686,13141,13827
1209,2021-09-02,744,13139,13883
1209,2021-09-03,703,13435,14138
1209,2021-09-04,289,11285,11574
1209,2021-09-05,134,9954,10088
1209,2021-09-06,670,12850,13520
1209,2021-09-07,758,13773,14531
1209,2021-09-08,740,14188,14928
1209,2021-09-09,706,13524,14230
1209,2021-09-10,771,13816,14587
1209,2021-09-11,284,11371,11655
1209,2021-09-12,115,9564,9679
1209,2021-09-13,714,13562,14276
1209,2021-09-14,816,13986,14802
1209,2021-09-15,797,14582,15379
1209,2021-09-16,845,15355,16200
1209,2021-09-17,938,15424,16362
1209,2021-09-18,595,12807,13402
1209,2021-09-19,188,10232,10420
1209,2021-09-20,872,14244,15116
1209,2021-09-21,823,15164,15987
1209,2021-09-22,805,15114,15919
1209,2021-09-23,896,15133,16029
1209,2021-09-24,848,15514,16362
1209,2021-09-25,302,12691,12993
1209,2021-09-26,102,7940,8042
1209,2021-09-27,817,14349,15166
1209,2021-09-28,892,14966,15858
1209,2021-09-29,842,14987,15829
1209,2021-09-30,909,15162,16071
1209,2021-10-01,883,15610,16493
1209,2021-10-02,313,11369,11682
1209,2021-10-03,107,7551,7658
1209,2021-10-04,823,14565,15388
1209,2021-10-05,880,14416,15296
1209,2021-10-06,866,14977,15843
1209,2021-10-07,824,15046,15870
1209,2021-10-08,918,15950,16868
1209,2021-10-09,327,12608,12935
1209,2021-10-10,177,10126,10303
1209,2021-10-11,938,14676,15614
1209,2021-10-12,1003,14978,15981
1209,2021-10-13,929,15377,16306
1209,2021-10-14,962,15940,16902
1209,2021-10-15,868,15961,16829
1209,2021-10-16,374,11883,12257
1209,2021-10-17,102,9085,9187
1209,2021-10-18,943,14511,15454
1209,2021-10-19,916,14551,15467
1209,2021-10-20,862,14786,15648
1209,2021-10-21,842,14926,15768
1209,2021-10-22,825,15229,16054
1209,2021-10-23,291,11616,11907
1209,2021-10-24,131,10174,10305
1209,2021-10-25,840,14471,15311
1209,2021-10-26,892,15251,16143
1209,2021-10-27,835,15256,16091
1209,2021-10-28,974,16018,16992
1209,2021-10-29,866,15874,16740
1209,2021-10-30,297,10371,10668
1209,2021-11-01,105,7491,7596
1209,2021-11-02,728,13719,14447
1209,2021-11-03,790,14034,14824
1209,2021-11-04,848,14000,14848
1209,2021-11-05,825,14565,15390
1209,2021-11-06,336,11302,11638
1209,2021-11-07,95,7433,7528
1209,2021-11-08,850,14883,15733
1209,2021-11-09,939,15725,16664
1209,2021-11-10,893,15517,16410
1209,2021-11-11,924,15818,16742
1209,2021-11-12,811,15908,16719
1209,2021-11-13,267,11110,11377
1209,2021-11-14,126,7635,7761
1209,2021-11-15,806,14387,15193
1209,2021-11-16,864,14935,15799
1209,2021-11-17,885,14723,15608
1209,2021-11-18,899,15132,16031
1209,2021-11-19,828,15362,16190
1209,2021-11-20,300,11469,11769
1209,2021-11-21,95,7388,7483
1209,2021-11-22,774,14145,14919
1209,2021-11-23,830,14981,15811
1209,2021-11-24,861,14991,15852
1209,2021-11-25,1017,15096,16113
1209,2021-11-26,831,15367,16198
1209,2021-11-27,275,10487,10762
1209,2021-11-28,86,7653,7739
1209,2021-11-29,839,14313,15152
1209,2021-11-30,856,14550,15406
1209,2021-12-01,856,14803,15659
1209,2021-12-02,795,14900,15695
1209,2021-12-03,874,15127,16001
1209,2021-12-04,279,10518,10797
1209,2021-12-05,96,7228,7324
1209,2021-12-06,755,13822,14577
1209,2021-12-07,863,14942,15805
1209,2021-12-08,866,15012,15878
1209,2021-12-09,879,14911,15790
1209,2021-12-10,705,14582,15287
1209,2021-12-11,310,10579,10889
1209,2021-12-12,75,7084,7159
1209,2021-12-13,787,14167,14954
1209,2021-12-14,920,14816,15736
1209,2021-12-15,833,14955,15788
1209,2021-12-16,846,15204,16050
1209,2021-12-17,743,15407,16150
1209,2021-12-18,280,10098,10378
1209,2021-12-19,82,6906,6988
1209,2021-12-20,565,11946,12511
1209,2021-12-21,564,12406,12970
1209,2021-12-22,515,12225,12740
1209,2021-12-23,486,11916,12402
1209,2021-12-24,246,8913,9159
1209,2021-12-25,44,5774,5818
1209,2021-12-26,54,5428,5482
1209,2021-12-27,308,9323,9631
1209,2021-12-28,387,9929,10316
1209,2021-12-29,366,10053,10419
1209,2021-12-30,327,10190,10517
1209,2021-12-31,216,8575,8791
1210,2021-01-01,66,3546,3612
1210,2021-01-02,187,5915,6102
1210,2021-01-03,96,4374,4470
1210,2021-01-04,414,8319,8733
1210,2021-01-05,583,8700,9283
1210,2021-01-06,499,8574,9073
1210,2021-01-07,573,8768,9341
1210,2021-01-08,536,9011,9547
1210,2021-01-09,340,6685,7025
1210,2021-01-10,94,5390,5484
1210,2021-01-11,875,11957,12832
1210,2021-01-12,843,11059,11902
1210,2021-01-13,945,11685,12630
1210,2021-01-14,803,10849,11652
1210,2021-01-15,795,11860,12655
1210,2021-01-16,335,8512,8847
1210,2021-01-17,95,4730,4825
1210,2021-01-18,848,11632,12480
1210,2021-01-19,898,11734,12632
1210,2021-01-20,972,12015,12987
1210,2021-01-21,916,11219,12135
1210,2021-01-22,859,11774,12633
1210,2021-01-23,333,8798,9131
1210,2021-01-24,109,5544,5653
1210,2021-01-25,863,11689,12552
1210,2021-01-26,1051,11985,13036
1210,2021-01-27,840,11469,12309
1210,2021-01-28,796,11483,12279
1210,2021-01-29,772,11138,11910
1210,2021-01-30,273,8781,9054
1210,2021-01-31,120,5552,5672
1210,2021-02-01,850,11747,12597
1210,2021-02-02,935,11862,12797
1210,2021-02-03,810,10629,11439
1210,2021-02-04,948,12490,13438
1210,2021-02-05,926,12522,13448
1210,2021-02-06,285,8934,9219
1210,2021-02-07,80,5463,5543
1210,2021-02-08,884,10788,11672
1210,2021-02-09,1012,11350,12362
1210,2021-02-10,956,11694,12650
1210,2021-02-11,935,11861,12796
1210,2021-02-12,890,12374,13264
1210,2021-02-13,342,9913,10255
1210,2021-02-14,149,7465,7614
1210,2021-02-15,742,10835,11577
1210,2021-02-16,911,11847,12758
1210,2021-02-17,908,11499,12407
1210,2021-02-18,900,11414,12314
1210,2021-02-19,881,12298,13179
1210,2021-02-20,417,11127,11544
1210,2021-02-21,138,9205,9343
1210,2021-02-22,993,12280,13273
1210,2021-02-23,1126,13013,14139
1210,2021-02-24,1144,13104,14248
1210,2021-02-25,1191,13014,14205
1210,2021-02-26,1064,13115,14179
1210,2021-02-27,457,11023,11480
1210,2021-02-28,142,8403,8545
1210,2021-03-01,1012,12233,13245
1210,2021-03-02,1067,12616,13683
1210,2021-03-03,1017,12626,13643
1210,2021-03-04,1047,12163,13210
1210,2021-03-05,1072,12841,13913
1210,2021-03-06,475,10732,11207
1210,2021-03-07,130,8100,8230
1210,2021-03-08,1041,12230,13271
1210,2021-03-09,1053,12362,13415
1210,2021-03-10,1018,12551,13569
1210,2021-03-11,948,11940,12888
1210,2021-03-12,1011,12539,13550
1210,2021-03-13,364,8297,8661
1210,2021-03-14,93,5243,5336
1210,2021-03-15,943,11857,12800
1210,2021-03-16,1021,12455,13476
1210,2021-03-17,1001,12394,13395
1210,2021-03-18,1097,12578,13675
1210,2021-03-19,1108,12970,14078
1210,2021-03-20,455,10675,11130
1210,2021-03-21,134,6427,6561
1210,2021-03-22,1117,12326,13443
1210,2021-03-23,1187,13027,14214
1210,2021-03-24,1092,12880,13972
1210,2021-03-25,1211,12899,14110
1210,2021-03-26,1063,13276,14339
1210,2021-03-27,406,9473,9879
1210,2021-03-29,984,12932,13916
1210,2021-03-30,1108,13613,14721
1210,2021-03-31,1143,13906,15049
1210,2021-04-01,1019,14167,15186
1210,2021-04-02,954,14414,15368
1210,2021-04-03,392,10218,10610
1210,2021-04-04,146,7850,7996
1210,2021-04-05,144,4966,5110
1210,2021-04-06,972,12044,13016
1210,2021-04-07,965,11812,12777
1210,2021-04-08,1059,12657,13716
1210,2021-04-09,1014,12980,13994
1210,2021-04-10,357,8658,9015
1210,2021-04-11,79,4620,4699
1210,2021-04-12,999,11967,12966
1210,2021-04-13,1037,12580,13617
1210,2021-04-14,962,12782,13744
1210,2021-04-15,1020,12917,13937
1210,2021-04-16,1057,13199,14256
1210,2021-04-17,482,10970,11452
1210,2021-04-18,164,6946,7110
1210,2021-04-19,1072,12844,13916
1210,2021-04-20,1120,13559,14679
1210,2021-04-21,1105,13331,14436
1210,2021-04-22,1105,13761,14866
1210,2021-04-23,1112,14193,15305
1210,2021-04-24,440,12289,12729
1210,2021-04-25,190,9947,10137
1210,2021-04-26,1087,13160,14247
1210,2021-04-27,1130,13574,14704
1210,2021-04-28,1034,13671,14705
1210,2021-04-29,1140,13762,14902
1210,2021-04-30,1112,14473,15585
1210,2021-05-01,193,8353,8546
1210,2021-05-02,158,7962,8120
1210,2021-05-03,1126,13582,14708
1210,2021-05-04,1074,13319,14393
1210,2021-05-05,1193,13466,14659
1210,2021-05-06,1104,13550,14654
1210,2021-05-07,1150,14212,15362
1210,2021-05-08,434,11108,11542
1210,2021-05-09,171,10500,10671
1210,2021-05-10,1041,12965,14006
1210,2021-05-11,1141,13430,14571
1210,2021-05-12,1135,14315,15450
1210,2021-05-13,219,7987,8206
1210,2021-05-14,793,13820,14613
1210,2021-05-15,421,10433,10854
1210,2021-05-16,156,6796,6952
1210,2021-05-17,991,13092,14083
1210,2021-05-18,1137,13442,14579
1210,2021-05-19,1112,13532,14644
1210,2021-05-20,1136,14044,15180
1210,2021-05-21,1083,14154,15237
1210,2021-05-22,400,10185,10585
1210,2021-05-23,136,7542,7678
1210,2021-05-24,146,6120,6266
1210,2021-05-25,914,11804,12718
1210,2021-05-26,912,11779,12691
1210,2021-05-27,928,10862,11790
1210,2021-05-28,841,11868,12709
1210,2021-05-29,319,8966,9285
1210,2021-05-30,138,7450,7588
1210,2021-05-31,941,12971,13912
1210,2021-06-01,962,13741,14703
1210,2021-06-02,960,13542,14502
1210,2021-06-03,981,13809,14790
1210,2021-06-04,998,13040,14038
1210,2021-06-05,403,10350,10753
1210,2021-06-06,150,7744,7894
1210,2021-06-07,910,13123,14033
1210,2021-06-08,1067,13883,14950
1210,2021-06-09,998,13726,14724
1210,2021-06-10,999,14155,15154
1210,2021-06-11,966,14548,15514
1210,2021-06-12,428,12018,12446
1210,2021-06-13,231,10286,10517
1210,2021-06-14,870,13162,14032
1210,2021-06-15,1005,13438,14443
1210,2021-06-16,929,13567,14496
1210,2021-06-17,966,13938,14904
1210,2021-06-18,944,13990,14934
1210,2021-06-19,431,11470,11901
1210,2021-06-20,172,8509,8681
1210,2021-06-21,964,13118,14082
1210,2021-06-22,1040,13483,14523
1210,2021-06-23,345,7484,7829
1210,2021-06-24,1004,12752,13756
1210,2021-06-25,1087,13233,14320
1210,2021-06-26,420,9919,10339
1210,2021-06-27,200,7274,7474
1210,2021-06-28,1013,12126,13139
1210,2021-06-29,1026,12714,13740
1210,2021-06-30,994,13238,14232
1210,2021-07-01,1090,13607,14697
1210,2021-07-02,1047,14004,15051
1210,2021-07-03,491,12179,12670
1210,2021-07-04,218,7841,8059
1210,2021-07-05,972,12886,13858
1210,2021-07-06,1024,12611,13635
1210,2021-07-07,1110,13702,14812
1210,2021-07-08,1097,13426,14523
1210,2021-07-09,1027,13986,15013
1210,2021-07-10,429,11456,11885
1210,2021-07-11,184,8984,9168
1210,2021-07-12,947,13020,13967
1210,2021-07-13,804,12215,13019
1210,2021-07-15,739,10574,11313
1210,2021-07-16,875,12165,13040
1210,2021-07-17,402,9867,10269
1210,2021-07-18,196,8117,8313
1210,2021-07-23,952,12623,13575
1210,2021-07-24,390,9436,9826
1210,2021-07-25,189,6883,7072
1210,2021-07-26,967,11407,12374
1210,2021-07-27,960,12048,13008
1210,2021-07-28,1002,13006,14008
1210,2021-07-29,918,13324,14242
1210,2021-07-30,835,12893,13728
1210,2021-07-31,344,9961,10305
1210,2021-08-01,190,7407,7597
1210,2021-08-02,674,10705,11379
1210,2021-08-03,683,10183,10866
1210,2021-08-04,725,11360,12085
1210,2021-08-05,719,11246,11965
1210,2021-08-06,667,11244,11911
1210,2021-08-07,354,8823,9177
1210,2021-08-08,139,6844,6983
1210,2021-08-09,615,10594,11209
1210,2021-08-10,707,11050,11757
1210,2021-08-11,647,11408,12055
1210,2021-08-12,646,11446,12092
1210,2021-08-13,677,11490,12167
1210,2021-08-14,311,9647,9958
1210,2021-08-15,172,8747,8919
1210,2021-08-16,610,10025,10635
1210,2021-08-17,687,10512,11199
1210,2021-08-18,615,10716,11331
1210,2021-08-19,644,10984,11628
1210,2021-08-20,677,11290,11967
1210,2021-08-21,330,10217,10547
1210,2021-08-22,174,6812,6986
1210,2021-08-23,735,10407,11142
1210,2021-08-24,804,11845,12649
1210,2021-08-25,840,11974,12814
1210,2021-08-26,797,11461,12258
1210,2021-08-27,801,11655,12456
1210,2021-08-28,312,8864,9176
1210,2021-08-29,155,7220,7375
1210,2021-08-30,807,11131,11938
1210,2021-08-31,885,11630,12515
1210,2021-09-01,864,12000,12864
1210,2021-09-02,892,12037,12929
1210,2021-09-03,891,12331,13222
1210,2021-09-04,392,10705,11097
1210,2021-09-05,190,9574,9764
1210,2021-09-06,829,11639,12468
1210,2021-09-07,931,12371,13302
1210,2021-09-08,911,12863,13774
1210,2021-09-09,891,12201,13092
1210,2021-09-10,895,12327,13222
1210,2021-09-11,368,10451,10819
1210,2021-09-12,186,8927,9113
1210,2021-09-13,853,12346,13199
1210,2021-09-14,1036,12625,13661
1210,2021-09-15,935,12719,13654
1210,2021-09-16,1052,13495,14547
1210,2021-09-17,1158,13650,14808
1210,2021-09-18,717,11935,12652
1210,2021-09-19,294,9403,9697
1210,2021-09-20,1033,12671,13704
1210,2021-09-21,1029,13401,14430
1210,2021-09-22,1045,13272,14317
1210,2021-09-23,1085,13445,14530
1210,2021-09-24,1071,13485,14556
1210,2021-09-25,459,11814,12273
1210,2021-09-26,182,7545,7727
1210,2021-09-27,987,12758,13745
1210,2021-09-28,1086,13351,14437
1210,2021-09-29,1049,13228,14277
1210,2021-09-30,1145,13437,14582
1210,2021-10-01,1106,13736,14842
1210,2021-10-02,407,10706,11113
1210,2021-10-03,139,6852,6991
1210,2021-10-04,1001,12906,13907
1210,2021-10-05,1028,12706,13734
1210,2021-10-06,987,13026,14013
1210,2021-10-07,981,13397,14378
1210,2021-10-08,1048,13988,15036
1210,2021-10-09,446,11929,12375
1210,2021-10-10,227,9724,9951
1210,2021-10-11,1083,13192,14275
1210,2021-10-12,1121,13241,14362
1210,2021-10-13,1100,13902,15002
1210,2021-10-14,1179,14248,15427
1210,2021-10-15,1066,14313,15379
1210,2021-10-16,515,11162,11677
1210,2021-10-17,184,8689,8873
1210,2021-10-18,1067,12760,13827
1210,2021-10-19,1000,12892,13892
1210,2021-10-20,992,13159,14151
1210,2021-10-21,953,11953,12906
1210,2021-10-22,1022,13502,14524
1210,2021-10-23,451,10923,11374
1210,2021-10-24,225,9546,9771
1210,2021-10-25,1002,12750,13752
1210,2021-10-26,1063,13494,14557
1210,2021-10-27,1022,13319,14341
1210,2021-10-28,1199,13923,15122
1210,2021-10-29,973,13853,14826
1210,2021-10-30,346,9476,9822
1210,2021-11-01,159,7146,7305
1210,2021-11-02,832,12579,13411
1210,2021-11-03,924,12598,13522
1210,2021-11-04,1032,12802,13834
1210,2021-11-05,1036,13205,14241
1210,2021-11-06,485,10760,11245
1210,2021-11-07,144,7080,7224
1210,2021-11-08,1027,13357,14384
1210,2021-11-09,1185,14095,15280
1210,2021-11-10,1130,13834,14964
1210,2021-11-11,1133,14076,15209
1210,2021-11-12,1075,14112,15187
1210,2021-11-13,324,10316,10640
1210,2021-11-14,169,7333,7502
1210,2021-11-15,965,12958,13923
1210,2021-11-16,1052,13579,14631
1210,2021-11-17,1056,13203,14259
1210,2021-11-18,1103,13329,14432
1210,2021-11-19,998,13655,14653
1210,2021-11-20,427,10700,11127
1210,2021-11-21,140,6907,7047
1210,2021-11-22,940,12703,13643
1210,2021-11-23,1069,13484,14553
1210,2021-11-24,1043,13331,14374
1210,2021-11-25,1201,13375,14576
1210,2021-11-26,1074,13640,14714
1210,2021-11-27,371,9836,10207
1210,2021-11-28,155,7043,7198
1210,2021-11-29,988,12733,13721
1210,2021-11-30,923,12824,13747
1210,2021-12-01,913,12842,13755
1210,2021-12-02,974,12826,13800
1210,2021-12-03,1049,13453,14502
1210,2021-12-04,369,9845,10214
1210,2021-12-05,137,6809,6946
1210,2021-12-06,988,12502,13490
1210,2021-12-07,1062,13273,14335
1210,2021-12-08,1018,13363,14381
1210,2021-12-09,1059,13238,14297
1210,2021-12-10,889,13018,13907
1210,2021-12-11,409,9974,10383
1210,2021-12-12,111,6707,6818
1210,2021-12-13,901,12622,13523
1210,2021-12-14,1099,13179,14278
1210,2021-12-15,967,13379,14346
1210,2021-12-16,1017,13489,14506
1210,2021-12-17,901,13615,14516
1210,2021-12-18,398,9529,9927
1210,2021-12-19,143,6578,6721
1210,2021-12-20,703,10987,11690
1210,2021-12-21,718,11351,12069
1210,2021-12-22,613,11279,11892
1210,2021-12-23,627,11120,11747
1210,2021-12-24,270,8222,8492
1210,2021-12-25,71,5470,5541
1210,2021-12-26,76,5217,5293
1210,2021-12-27,342,8924,9266
1210,2021-12-28,430,9073,9503
1210,2021-12-29,398,9297,9695
1210,2021-12-30,354,9089,9443
1210,2021-12-31,266,8231,8497
1211,2021-01-02,59,1590,1649
1211,2021-01-03,24,1202,1226
1211,2021-01-04,79,2271,2350
1211,2021-01-05,93,2445,2538
1211,2021-01-06,89,2467,2556
1211,2021-01-07,98,2367,2465
1211,2021-01-08,91,2598,2689
1211,2021-01-09,65,1965,2030
1211,2021-01-10,26,1462,1488
1211,2021-01-11,140,3425,3565
1211,2021-01-12,137,3168,3305
1211,2021-01-13,127,3155,3282
1211,2021-01-14,108,2988,3096
1211,2021-01-15,108,3107,3215
1211,2021-01-16,77,2316,2393
1211,2021-01-17,26,1288,1314
1211,2021-01-18,122,3156,3278
1211,2021-01-19,110,3140,3250
1211,2021-01-20,118,3229,3347
1211,2021-01-21,109,3277,3386
1211,2021-01-22,103,3317,3420
1211,2021-01-23,71,2421,2492
1211,2021-01-24,26,1461,1487
1211,2021-01-25,110,3155,3265
1211,2021-01-26,108,3279,3387
1211,2021-01-27,127,3036,3163
1211,2021-01-28,99,3255,3354
1211,2021-01-29,107,3471,3578
1211,2021-01-30,66,2536,2602
1211,2021-01-31,30,1340,1370
1211,2021-02-01,103,3154,3257
1211,2021-02-02,119,3303,3422
1211,2021-02-03,111,3165,3276
1211,2021-02-04,97,3373,3470
1211,2021-02-05,116,3449,3565
1211,2021-02-06,72,2445,2517
1211,2021-02-07,22,1558,1580
1211,2021-02-08,112,3073,3185
1211,2021-02-09,98,3057,3155
1211,2021-02-10,98,3162,3260
1211,2021-02-11,102,3169,3271
1211,2021-02-12,99,3165,3264
1211,2021-02-13,75,2504,2579
1211,2021-02-14,24,1506,1530
1211,2021-02-15,103,2842,2945
1211,2021-02-16,89,2844,2933
1211,2021-02-17,92,2879,2971
1211,2021-02-18,104,2882,2986
1211,2021-02-19,96,3100,3196
1211,2021-02-20,83,2612,2695
1211,2021-02-21,23,1901,1924
1211,2021-02-22,135,3351,3486
1211,2021-02-23,126,3586,3712
1211,2021-02-24,135,3476,3611
1211,2021-02-25,85,3579,3664
1211,2021-02-26,118,3598,3716
1211,2021-02-27,78,2827,2905
1211,2021-02-28,28,1748,1776
1211,2021-03-01,147,3509,3656
1211,2021-03-02,131,3513,3644
1211,2021-03-03,135,3519,3654
1211,2021-03-04,126,3465,3591
1211,2021-03-05,136,3671,3807
1211,2021-03-06,104,3078,3182
1211,2021-03-07,30,1788,1818
1211,2021-03-08,198,3730,3928
1211,2021-03-09,194,3547,3741
1211,2021-03-10,125,3446,3571
1211,2021-03-11,123,3600,3723
1211,2021-03-12,121,3603,3724
1211,2021-03-13,68,2567,2635
1211,2021-03-14,26,1458,1484
1211,2021-03-15,166,3369,3535
1211,2021-03-16,117,3423,3540
1211,2021-03-17,119,3381,3500
1211,2021-03-18,119,3396,3515
1211,2021-03-19,142,3643,3785
1211,2021-03-20,77,2670,2747
1211,2021-03-21,33,1598,1631
1211,2021-03-22,137,3514,3651
1211,2021-03-23,137,3626,3763
1211,2021-03-24,129,3549,3678
1211,2021-03-25,135,3649,3784
1211,2021-03-26,128,3766,3894
1211,2021-03-27,77,2748,2825
1211,2021-03-29,134,3743,3877
1211,2021-03-30,157,3815,3972
1211,2021-03-31,132,3899,4031
1211,2021-04-01,115,3842,3957
1211,2021-04-02,125,3936,4061
1211,2021-04-03,84,2869,2953
1211,2021-04-04,21,1605,1626
1211,2021-04-05,22,1239,1261
1211,2021-04-06,109,3587,3696
1211,2021-04-07,135,3584,3719
1211,2021-04-08,140,3655,3795
1211,2021-04-09,123,3628,3751
1211,2021-04-10,71,2424,2495
1211,2021-04-11,27,1397,1424
1211,2021-04-12,130,3421,3551
1211,2021-04-13,155,3475,3630
1211,2021-04-14,127,3601,3728
1211,2021-04-15,118,3498,3616
1211,2021-04-16,133,3482,3615
1211,2021-04-17,86,3001,3087
1211,2021-04-18,26,1544,1570
1211,2021-04-19,141,3609,3750
1211,2021-04-20,167,3783,3950
1211,2021-04-21,130,3673,3803
1211,2021-04-22,133,3867,4000
1211,2021-04-23,145,3837,3982
1211,2021-04-24,92,2998,3090
1211,2021-04-25,25,2015,2040
1211,2021-04-26,147,3680,3827
1211,2021-04-27,153,3913,4066
1211,2021-04-28,153,3764,3917
1211,2021-04-29,165,3911,4076
1211,2021-04-30,140,4010,4150
1211,2021-05-01,31,1931,1962
1211,2021-05-02,33,1761,1794
1211,2021-05-03,138,3608,3746
1211,2021-05-04,137,3695,3832
1211,2021-05-05,144,3524,3668
1211,2021-05-06,142,3619,3761
1211,2021-05-07,158,3771,3929
1211,2021-05-08,89,2881,2970
1211,2021-05-09,24,2138,2162
1211,2021-05-10,139,3504,3643
1211,2021-05-11,159,3824,3983
1211,2021-05-12,162,3849,4011
1211,2021-05-13,35,1743,1778
1211,2021-05-14,106,3780,3886
1211,2021-05-15,74,2705,2779
1211,2021-05-16,33,1635,1668
1211,2021-05-17,175,3652,3827
1211,2021-05-18,148,3730,3878
1211,2021-05-19,150,3627,3777
1211,2021-05-20,139,3901,4040
1211,2021-05-21,142,3833,3975
1211,2021-05-22,78,2714,2792
1211,2021-05-23,23,1678,1701
1211,2021-05-24,36,1537,1573
1211,2021-05-25,122,3259,3381
1211,2021-05-26,115,3290,3405
1211,2021-05-27,127,3206,3333
1211,2021-05-28,113,3353,3466
1211,2021-05-29,80,2588,2668
1211,2021-05-30,36,1806,1842
1211,2021-05-31,128,3634,3762
1211,2021-06-01,194,3867,4061
1211,2021-06-02,136,3693,3829
1211,2021-06-03,147,3721,3868
1211,2021-06-04,157,3777,3934
1211,2021-06-05,76,2827,2903
1211,2021-06-06,40,1763,1803
1211,2021-06-07,174,3683,3857
1211,2021-06-08,129,3910,4039
1211,2021-06-09,199,3797,3996
1211,2021-06-10,125,3967,4092
1211,2021-06-11,125,4032,4157
1211,2021-06-12,83,2914,2997
1211,2021-06-13,27,2130,2157
1211,2021-06-14,147,3801,3948
1211,2021-06-15,142,3967,4109
1211,2021-06-16,163,3796,3959
1211,2021-06-17,125,3840,3965
1211,2021-06-18,132,3723,3855
1211,2021-06-19,120,3053,3173
1211,2021-06-20,22,1929,1951
1211,2021-06-21,137,3585,3722
1211,2021-06-22,128,3921,4049
1211,2021-06-23,32,1634,1666
1211,2021-06-24,162,3754,3916
1211,2021-06-25,210,5400,5610
1211,2021-06-26,208,5921,6129
1211,2021-06-27,71,4015,4086
1211,2021-06-28,261,5312,5573
1211,2021-06-29,128,4021,4149
1211,2021-06-30,146,3613,3759
1211,2021-07-01,189,3910,4099
1211,2021-07-02,183,3994,4177
1211,2021-07-03,102,3067,3169
1211,2021-07-04,45,2087,2132
1211,2021-07-05,176,3653,3829
1211,2021-07-06,147,3703,3850
1211,2021-07-07,163,3697,3860
1211,2021-07-08,173,3709,3882
1211,2021-07-09,160,3831,3991
1211,2021-07-10,77,2789,2866
1211,2021-07-11,29,2072,2101
1211,2021-07-12,160,3632,3792
1211,2021-07-13,149,3561,3710
1211,2021-07-14,156,3622,3778
1211,2021-07-15,86,4271,4357
1211,2021-07-16,162,4438,4600
1211,2021-07-17,115,3261,3376
1211,2021-07-18,28,2422,2450
1211,2021-07-19,185,4196,4381
1211,2021-07-20,219,4840,5059
1211,2021-07-21,187,4616,4803
1211,2021-07-22,192,4350,4542
1211,2021-07-23,215,4104,4319
1211,2021-07-24,87,2746,2833
1211,2021-07-25,32,2068,2100
1211,2021-07-26,169,3599,3768
1211,2021-07-27,150,3198,3348
1211,2021-07-28,108,2126,2234
1211,2021-07-29,88,2033,2121
1211,2021-07-30,79,2570,2649
1211,2021-07-31,93,3275,3368
1211,2021-08-01,48,2540,2588
1211,2021-08-02,126,3021,3147
1211,2021-08-03,93,2964,3057
1211,2021-08-04,113,2947,3060
1211,2021-08-05,110,3035,3145
1211,2021-08-06,85,2988,3073
1211,2021-08-07,82,2335,2417
1211,2021-08-08,36,1674,1710
1211,2021-08-09,86,2830,2916
1211,2021-08-14,81,2372,2453
1211,2021-08-15,50,1839,1889
1211,2021-08-16,107,2644,2751
1211,2021-08-17,109,2766,2875
1211,2021-08-18,100,2831,2931
1211,2021-08-19,108,2786,2894
1211,2021-08-20,94,2756,2850
1211,2021-08-21,88,2339,2427
1211,2021-08-22,32,1526,1558
1211,2021-08-23,174,3230,3404
1211,2021-08-24,188,3312,3500
1211,2021-08-25,171,3497,3668
1211,2021-08-26,168,3320,3488
1211,2021-08-27,197,3267,3464
1211,2021-08-28,114,2433,2547
1211,2021-08-29,27,1783,1810
1211,2021-08-30,196,3345,3541
1211,2021-08-31,181,3414,3595
1211,2021-09-01,224,3447,3671
1211,2021-09-02,231,3519,3750
1211,2021-09-03,202,3554,3756
1211,2021-09-04,140,2910,3050
1211,2021-09-05,33,2083,2116
1211,2021-09-06,202,3459,3661
1211,2021-09-07,154,3475,3629
1211,2021-09-08,192,3624,3816
1211,2021-09-09,178,3490,3668
1211,2021-09-10,148,3432,3580
1211,2021-09-11,99,2650,2749
1211,2021-09-12,31,2181,2212
1211,2021-09-13,152,3989,4141
1211,2021-09-14,134,3670,3804
1211,2021-09-15,163,3656,3819
1211,2021-09-16,153,3823,3976
1211,2021-09-17,145,3977,4122
1211,2021-09-18,99,3006,3105
1211,2021-09-19,34,2205,2239
1211,2021-09-20,133,3357,3490
1211,2021-09-21,140,3531,3671
1211,2021-09-22,140,3377,3517
1211,2021-09-23,161,3477,3638
1211,2021-09-24,140,3668,3808
1211,2021-09-25,93,3053,3146
1211,2021-09-26,24,1797,1821
1211,2021-09-27,135,3390,3525
1211,2021-09-28,142,3812,3954
1211,2021-09-29,150,3704,3854
1211,2021-09-30,160,3817,3977
1211,2021-10-01,155,3997,4152
1211,2021-10-02,114,2959,3073
1211,2021-10-03,21,1945,1966
1211,2021-10-04,153,3814,3967
1211,2021-10-05,157,3860,4017
1211,2021-10-06,160,3779,3939
1211,2021-10-07,159,3955,4114
1211,2021-10-08,168,3945,4113
1211,2021-10-09,110,3184,3294
1211,2021-10-10,29,2151,2180
1211,2021-10-11,175,3685,3860
1211,2021-10-12,157,3756,3913
1211,2021-10-13,159,3840,3999
1211,2021-10-14,149,3817,3966
1211,2021-10-15,161,3765,3926
1211,2021-10-16,99,3166,3265
1211,2021-10-17,27,2112,2139
1211,2021-10-18,166,3777,3943
1211,2021-10-19,152,3892,4044
1211,2021-10-20,190,3732,3922
1211,2021-10-21,183,4120,4303
1211,2021-10-22,161,3872,4033
1211,2021-10-23,106,3001,3107
1211,2021-10-24,34,2022,2056
1211,2021-10-25,167,3710,3877
1211,2021-10-26,221,3934,4155
1211,2021-10-27,157,3676,3833
1211,2021-10-28,194,3833,4027
1211,2021-10-29,182,3797,3979
1211,2021-10-30,110,2670,2780
1211,2021-11-01,26,1572,1598
1211,2021-11-02,133,3368,3501
1211,2021-11-03,116,986,1102
1211,2021-11-04,83,569,652
1211,2021-11-05,81,552,633
1211,2021-11-06,46,964,1010
1211,2021-11-07,25,1557,1582
1211,2021-11-08,139,3270,3409
1211,2021-11-09,155,3489,3644
1211,2021-11-10,142,3341,3483
1211,2021-11-11,131,3488,3619
1211,2021-11-12,130,3444,3574
1211,2021-11-13,86,2579,2665
1211,2021-11-14,31,1646,1677
1211,2021-11-15,135,3420,3555
1211,2021-11-16,147,3476,3623
1211,2021-11-17,152,3319,3471
1211,2021-11-18,130,3549,3679
1211,2021-11-19,131,3525,3656
1211,2021-11-20,89,3034,3123
1211,2021-11-21,25,1754,1779
1211,2021-11-22,138,3372,3510
1211,2021-11-23,130,3409,3539
1211,2021-11-24,141,3323,3464
1211,2021-11-25,147,3430,3577
1211,2021-11-26,140,3389,3529
1211,2021-11-27,71,2616,2687
1211,2021-11-28,21,1724,1745
1211,2021-11-29,122,3416,3538
1211,2021-11-30,128,3467,3595
1211,2021-12-01,105,3349,3454
1211,2021-12-02,135,3457,3592
1211,2021-12-03,131,3458,3589
1211,2021-12-04,67,2726,2793
1211,2021-12-05,24,1684,1708
1211,2021-12-06,132,3391,3523
1211,2021-12-07,149,3819,3968
1211,2021-12-08,149,3745,3894
1211,2021-12-09,137,3737,3874
1211,2021-12-10,118,3602,3720
1211,2021-12-11,76,2865,2941
1211,2021-12-12,29,1752,1781
1211,2021-12-13,137,3359,3496
1211,2021-12-14,149,3399,3548
1211,2021-12-15,137,3448,3585
1211,2021-12-16,138,3526,3664
1211,2021-12-17,112,3517,3629
1211,2021-12-18,85,2405,2490
1211,2021-12-19,28,1662,1690
1211,2021-12-20,92,2958,3050
1211,2021-12-21,91,2930,3021
1211,2021-12-22,78,3043,3121
1211,2021-12-23,85,2805,2890
1211,2021-12-24,62,2261,2323
1211,2021-12-25,17,1309,1326
1211,2021-12-26,18,1181,1199
1211,2021-12-27,73,2201,2274
1211,2021-12-28,92,2317,2409
1211,2021-12-29,103,2333,2436
1211,2021-12-30,86,2571,2657
1211,2021-12-31,74,2164,2238
1223,2021-01-02,245,2871,3116
1223,2021-01-03,86,1953,2039
1223,2021-01-04,347,4141,4488
1223,2021-01-05,366,4212,4578
1223,2021-01-06,377,4059,4436
1223,2021-01-07,391,3976,4367
1223,2021-01-08,417,4192,4609
1223,2021-01-09,257,3060,3317
1223,2021-01-10,89,2435,2524
1223,2021-01-11,510,4878,5388
1223,2021-01-12,470,4851,5321
1223,2021-01-13,476,5022,5498
1223,2021-01-14,423,4915,5338
1223,2021-01-15,445,5336,5781
1223,2021-01-16,267,3171,3438
1223,2021-01-17,83,2033,2116
1223,2021-01-18,500,4785,5285
1223,2021-01-19,471,4651,5122
1223,2021-01-20,542,4702,5244
1223,2021-01-21,527,4739,5266
1223,2021-01-22,511,5525,6036
1223,2021-01-23,277,3399,3676
1223,2021-01-24,94,2533,2627
1223,2021-01-25,467,4961,5428
1223,2021-01-26,505,5230,5735
1223,2021-01-27,475,4948,5423
1223,2021-01-28,506,5062,5568
1223,2021-01-29,500,5540,6040
1223,2021-01-30,234,3551,3785
1223,2021-02-02,426,4994,5420
1223,2021-02-03,435,4984,5419
1223,2021-02-04,445,4963,5408
1223,2021-02-05,415,5049,5464
1223,2021-02-06,218,3141,3359
1223,2021-02-07,71,2380,2451
1223,2021-02-08,403,4485,4888
1223,2021-02-09,430,4709,5139
1223,2021-02-10,449,4861,5310
1223,2021-02-11,428,4744,5172
1223,2021-02-12,438,4972,5410
1223,2021-02-13,279,3795,4074
1223,2021-02-14,84,3137,3221
1223,2021-02-15,417,4333,4750
1223,2021-02-16,493,5073,5566
1223,2021-02-17,452,4861,5313
1223,2021-02-18,495,4994,5489
1223,2021-02-19,511,5109,5620
1223,2021-02-20,293,4407,4700
1223,2021-02-21,115,4786,4901
1223,2021-02-22,503,5045,5548
1223,2021-02-23,504,5670,6174
1223,2021-02-24,543,5449,5992
1223,2021-02-25,506,5543,6049
1223,2021-02-26,497,5492,5989
1223,2021-02-27,286,4202,4488
1223,2021-02-28,101,3946,4047
1223,2021-03-01,480,5278,5758
1223,2021-03-02,532,5573,6105
1223,2021-03-03,518,5582,6100
1223,2021-03-04,526,5230,5756
1223,2021-03-05,526,5602,6128
1223,2021-03-06,303,4215,4518
1223,2021-03-07,96,3630,3726
1223,2021-03-08,507,5282,5789
1223,2021-03-09,494,5419,5913
1223,2021-03-10,493,5558,6051
1223,2021-03-11,478,5443,5921
1223,2021-03-12,526,5845,6371
1223,2021-03-13,265,3690,3955
1223,2021-03-14,84,2738,2822
1223,2021-03-15,501,5426,5927
1223,2021-03-16,572,5634,6206
1223,2021-03-17,507,5697,6204
1223,2021-03-18,514,5645,6159
1223,2021-03-19,560,5776,6336
1223,2021-03-20,288,4515,4803
1223,2021-03-21,98,3074,3172
1223,2021-03-22,561,5315,5876
1223,2021-03-23,519,5885,6404
1223,2021-03-24,544,5851,6395
1223,2021-03-25,511,5673,6184
1223,2021-03-26,574,6043,6617
1223,2021-03-27,312,3899,4211
1223,2021-03-29,520,5767,6287
1223,2021-03-30,523,6359,6882
1223,2021-03-31,519,6124,6643
1223,2021-04-01,530,6256,6786
1223,2021-04-02,491,6246,6737
1223,2021-04-03,286,4244,4530
1223,2021-04-04,105,3413,3518
1223,2021-04-05,101,2359,2460
1223,2021-04-06,502,5320,5822
1223,2021-04-07,498,5320,5818
1223,2021-04-08,493,5561,6054
1223,2021-04-09,487,6056,6543
1223,2021-04-10,255,3647,3902
1223,2021-04-11,94,2559,2653
1223,2021-04-12,512,5372,5884
1223,2021-04-13,478,5737,6215
1223,2021-04-14,498,5591,6089
1223,2021-04-15,510,5524,6034
1223,2021-04-16,514,5712,6226
1223,2021-04-17,308,4536,4844
1223,2021-04-18,101,3289,3390
1223,2021-04-19,531,5387,5918
1223,2021-04-20,530,5797,6327
1223,2021-04-21,517,5433,5950
1223,2021-04-22,520,5826,6346
1223,2021-04-23,578,6296,6874
1223,2021-04-24,390,5247,5637
1223,2021-04-25,142,5312,5454
1223,2021-04-26,557,5515,6072
1223,2021-04-27,534,5799,6333
1223,2021-04-28,547,5578,6125
1223,2021-04-29,571,5747,6318
1223,2021-04-30,626,6297,6923
1223,2021-05-01,156,3821,3977
1223,2021-05-02,130,3952,4082
1223,2021-05-03,546,5304,5850
1223,2021-05-04,558,5215,5773
1223,2021-05-05,555,5253,5808
1223,2021-05-06,530,5222,5752
1223,2021-05-07,583,5755,6338
1223,2021-05-08,300,4540,4840
1223,2021-05-09,126,5685,5811
1223,2021-05-10,563,4978,5541
1223,2021-05-11,516,5388,5904
1223,2021-05-12,580,5626,6206
1223,2021-05-13,133,3826,3959
1223,2021-05-14,479,5343,5822
1223,2021-05-15,277,4087,4364
1223,2021-05-16,131,3521,3652
1223,2021-05-17,515,5466,5981
1223,2021-05-18,553,5734,6287
1223,2021-05-19,489,5473,5962
1223,2021-05-20,524,5730,6254
1223,2021-05-21,547,5904,6451
1223,2021-05-22,316,4304,4620
1223,2021-05-23,112,3748,3860
1223,2021-05-24,136,3294,3430
1223,2021-05-25,463,5093,5556
1223,2021-05-26,497,5242,5739
1223,2021-05-27,495,5220,5715
1223,2021-05-28,481,6005,6486
1223,2021-05-29,310,5240,5550
1223,2021-05-30,122,5551,5673
1223,2021-05-31,539,5560,6099
1223,2021-06-01,514,6029,6543
1223,2021-06-02,514,5523,6037
1223,2021-06-03,476,5868,6344
1223,2021-06-04,523,5783,6306
1223,2021-06-05,283,4513,4796
1223,2021-06-06,108,3817,3925
1223,2021-06-07,572,6070,6642
1223,2021-06-08,563,6678,7241
1223,2021-06-09,584,6632,7216
1223,2021-06-10,565,6880,7445
1223,2021-06-11,560,6755,7315
1223,2021-06-12,329,5294,5623
1223,2021-06-13,124,5437,5561
1223,2021-06-14,531,5560,6091
1223,2021-06-15,597,5870,6467
1223,2021-06-16,560,5716,6276
1223,2021-06-17,539,5779,6318
1223,2021-06-18,548,5946,6494
1223,2021-06-19,315,4874,5189
1223,2021-06-20,119,3906,4025
1223,2021-06-21,552,5248,5800
1223,2021-06-22,548,5637,6185
1223,2021-06-23,144,3612,3756
1223,2021-06-24,510,5234,5744
1223,2021-06-25,532,6009,6541
1223,2021-06-26,299,5156,5455
1223,2021-06-27,132,4148,4280
1223,2021-06-28,510,4978,5488
1223,2021-06-29,571,5054,5625
1223,2021-06-30,539,5006,5545
1223,2021-07-01,546,5408,5954
1223,2021-07-02,653,5825,6478
1223,2021-07-03,305,5187,5492
1223,2021-07-04,116,3502,3618
1223,2021-07-05,547,4910,5457
1223,2021-07-06,511,5307,5818
1223,2021-07-07,607,5544,6151
1223,2021-07-08,573,5562,6135
1223,2021-07-09,540,5928,6468
1223,2021-07-10,314,4904,5218
1223,2021-07-11,133,4530,4663
1223,2021-07-12,531,5080,5611
1223,2021-07-13,456,5136,5592
1223,2021-07-14,489,5116,5605
1223,2021-07-15,404,5392,5796
1223,2021-07-16,461,5438,5899
1223,2021-07-17,287,4456,4743
1223,2021-07-18,117,4453,4570
1223,2021-07-19,479,5023,5502
1223,2021-07-20,492,5238,5730
1223,2021-07-21,524,5180,5704
1223,2021-07-22,515,5763,6278
1223,2021-07-23,489,5538,6027
1223,2021-07-24,303,3548,3851
1223,2021-07-25,128,3630,3758
1223,2021-07-26,459,4686,5145
1223,2021-07-27,472,4436,4908
1223,2021-07-28,503,4947,5450
1223,2021-07-29,463,5257,5720
1223,2021-07-30,450,5414,5864
1223,2021-07-31,317,4333,4650
1223,2021-08-01,152,4379,4531
1223,2021-08-02,403,4118,4521
1223,2021-08-03,407,4172,4579
1223,2021-08-04,425,4254,4679
1223,2021-08-05,426,4294,4720
1223,2021-08-06,412,4641,5053
1223,2021-08-07,289,3646,3935
1223,2021-08-08,132,3292,3424
1223,2021-08-09,449,4125,4574
1223,2021-08-10,398,4184,4582
1223,2021-08-11,390,4535,4925
1223,2021-08-12,405,4846,5251
1223,2021-08-13,411,4977,5388
1223,2021-08-14,284,4800,5084
1223,2021-08-15,140,4810,4950
1223,2021-08-16,413,3845,4258
1223,2021-08-17,427,3952,4379
1223,2021-08-18,405,4083,4488
1223,2021-08-19,398,4260,4658
1223,2021-08-20,440,4861,5301
1223,2021-08-21,297,4430,4727
1223,2021-08-22,143,3490,3633
1223,2021-08-23,438,4054,4492
1223,2021-08-24,437,4614,5051
1223,2021-08-25,458,4820,5278
1223,2021-08-26,451,4749,5200
1223,2021-08-27,495,4736,5231
1223,2021-08-28,304,3509,3813
1223,2021-08-29,138,3166,3304
1223,2021-08-30,520,4383,4903
1223,2021-08-31,513,4646,5159
1223,2021-09-01,508,4821,5329
1223,2021-09-02,477,5252,5729
1223,2021-09-03,498,5379,5877
1223,2021-09-04,335,4428,4763
1223,2021-09-05,144,5063,5207
1223,2021-09-06,527,4773,5300
1223,2021-09-07,529,4999,5528
1223,2021-09-08,524,5300,5824
1223,2021-09-09,604,4993,5597
1223,2021-09-10,561,5137,5698
1223,2021-09-11,125,2977,3102
1223,2021-09-12,144,4186,4330
1223,2021-09-13,540,5185,5725
1223,2021-09-14,566,5099,5665
1223,2021-09-15,549,5296,5845
1223,2021-09-16,545,4990,5535
1223,2021-09-17,586,5053,5639
1223,2021-09-18,302,4520,4822
1223,2021-09-19,214,4768,4982
1223,2021-09-20,615,4486,5101
1223,2021-09-21,591,4924,5515
1223,2021-09-22,620,4786,5406
1223,2021-09-23,602,4945,5547
1223,2021-09-24,617,5100,5717
1223,2021-09-25,335,4707,5042
1223,2021-09-26,135,3345,3480
1223,2021-09-27,645,4302,4947
1223,2021-09-28,666,4759,5425
1223,2021-09-29,635,4616,5251
1223,2021-09-30,690,4908,5598
1223,2021-10-01,809,5094,5903
1223,2021-10-02,373,3989,4362
1223,2021-10-03,141,3180,3321
1223,2021-10-04,736,4632,5368
1223,2021-10-05,655,4645,5300
1223,2021-10-06,614,4707,5321
1223,2021-10-07,679,4970,5649
1223,2021-10-08,700,5350,6050
1223,2021-10-09,412,5640,6052
1223,2021-10-10,159,4496,4655
1223,2021-10-11,670,4465,5135
1223,2021-10-12,623,4617,5240
1223,2021-10-13,632,4751,5383
1223,2021-10-14,664,4957,5621
1223,2021-10-15,627,4966,5593
1223,2021-10-16,334,4180,4514
1223,2021-10-17,161,4053,4214
1223,2021-10-18,647,4518,5165
1223,2021-10-19,699,4717,5416
1223,2021-10-20,609,4510,5119
1223,2021-10-21,568,4446,5014
1223,2021-10-22,610,5139,5749
1223,2021-10-23,329,3963,4292
1223,2021-10-24,147,4495,4642
1223,2021-10-25,580,4388,4968
1223,2021-10-26,552,4585,5137
1223,2021-10-27,546,4568,5114
1223,2021-10-28,573,4866,5439
1223,2021-10-29,572,4987,5559
1223,2021-10-30,297,3540,3837
1223,2021-11-01,135,2939,3074
1223,2021-11-02,465,4147,4612
1223,2021-11-03,457,4091,4548
1223,2021-11-04,502,4062,4564
1223,2021-11-05,502,4369,4871
1223,2021-11-06,297,3568,3865
1223,2021-11-07,121,2717,2838
1223,2021-11-08,510,4278,4788
1223,2021-11-09,575,4570,5145
1223,2021-11-10,604,4502,5106
1223,2021-11-11,572,4478,5050
1223,2021-11-12,560,4732,5292
1223,2021-11-13,292,3518,3810
1223,2021-11-14,131,2753,2884
1223,2021-11-15,549,4179,4728
1223,2021-11-16,555,4384,4939
1223,2021-11-17,555,4133,4688
1223,2021-11-18,572,4534,5106
1223,2021-11-19,580,4375,4955
1223,2021-11-20,294,3558,3852
1223,2021-11-21,124,2729,2853
1223,2021-11-22,516,4039,4555
1223,2021-11-23,539,4366,4905
1223,2021-11-24,539,4347,4886
1223,2021-11-25,561,4435,4996
1223,2021-11-26,578,4398,4976
1223,2021-11-27,309,3258,3567
1223,2021-11-28,131,2605,2736
1223,2021-11-29,548,4137,4685
1223,2021-11-30,559,4302,4861
1223,2021-12-01,534,4121,4655
1223,2021-12-02,550,4339,4889
1223,2021-12-03,586,4621,5207
1223,2021-12-04,311,3366,3677
1223,2021-12-05,121,2659,2780
1223,2021-12-06,545,4051,4596
1223,2021-12-07,540,4259,4799
1223,2021-12-08,548,4196,4744
1223,2021-12-09,539,4242,4781
1223,2021-12-10,545,4384,4929
1223,2021-12-11,286,3374,3660
1223,2021-12-12,106,2621,2727
1223,2021-12-13,501,3979,4480
1223,2021-12-14,490,4205,4695
1223,2021-12-15,550,4069,4619
1223,2021-12-16,510,4406,4916
1223,2021-12-17,475,4515,4990
1223,2021-12-18,263,3145,3408
1223,2021-12-19,110,2682,2792
1223,2021-12-20,366,3502,3868
1223,2021-12-21,391,3625,4016
1223,2021-12-22,349,3592,3941
1223,2021-12-23,333,3411,3744
1223,2021-12-24,248,2770,3018
1223,2021-12-25,77,1951,2028
1223,2021-12-26,94,1971,2065
1223,2021-12-27,274,2626,2900
1223,2021-12-28,320,2910,3230
1223,2021-12-29,301,2855,3156
1223,2021-12-30,304,2965,3269
1223,2021-12-31,289,2734,3023
1226,2021-01-01,3,430,433
1226,2021-01-02,29,659,688
1226,2021-01-03,6,532,538
1226,2021-01-04,69,986,1055
1226,2021-01-05,80,1006,1086
1226,2021-01-06,66,995,1061
1226,2021-01-07,96,1093,1189
1226,2021-01-08,71,1114,1185
1226,2021-01-09,48,863,911
1226,2021-01-10,14,595,609
1226,2021-01-11,124,1425,1549
1226,2021-01-12,99,1407,1506
1226,2021-01-13,130,1377,1507
1226,2021-01-14,97,1198,1295
1226,2021-01-15,139,1463,1602
1226,2021-01-16,59,1300,1359
1226,2021-01-17,8,752,760
1226,2021-01-18,168,1590,1758
1226,2021-01-19,117,1430,1547
1226,2021-01-20,106,1391,1497
1226,2021-01-21,126,1480,1606
1226,2021-01-22,103,1484,1587
1226,2021-01-23,46,1082,1128
1226,2021-01-24,13,694,707
1226,2021-01-25,105,1318,1423
1226,2021-01-26,109,1474,1583
1226,2021-01-27,99,1326,1425
1226,2021-01-28,88,1488,1576
1226,2021-01-29,128,1594,1722
1226,2021-01-30,37,914,951
1226,2021-01-31,6,634,640
1226,2021-02-02,104,1453,1557
1226,2021-02-03,118,1484,1602
1226,2021-02-04,93,1584,1677
1226,2021-02-05,106,1558,1664
1226,2021-02-06,40,989,1029
1226,2021-02-07,3,642,645
1226,2021-02-08,118,1154,1272
1226,2021-02-09,105,1238,1343
1226,2021-02-10,81,1367,1448
1226,2021-02-11,68,1344,1412
1226,2021-02-12,90,1407,1497
1226,2021-02-13,39,1135,1174
1226,2021-02-14,6,714,720
1226,2021-02-15,101,1219,1320
1226,2021-02-16,127,1419,1546
1226,2021-02-17,100,1352,1452
1226,2021-02-18,98,1323,1421
1226,2021-02-19,129,1449,1578
1226,2021-02-20,39,1153,1192
1226,2021-02-21,5,1009,1014
1226,2021-02-22,141,1455,1596
1226,2021-02-23,131,1567,1698
1226,2021-02-24,127,1664,1791
1226,2021-02-25,92,1659,1751
1226,2021-02-26,164,1620,1784
1226,2021-02-27,71,1244,1315
1226,2021-02-28,9,913,922
1226,2021-03-02,132,1694,1826
1226,2021-03-03,205,1598,1803
1226,2021-03-04,134,1590,1724
1226,2021-03-05,135,1606,1741
1226,2021-03-06,71,1171,1242
1226,2021-03-07,7,910,917
1226,2021-03-08,134,1577,1711
1226,2021-03-09,123,1587,1710
1226,2021-03-10,147,1563,1710
1226,2021-03-11,142,1580,1722
1226,2021-03-12,144,1688,1832
1226,2021-03-13,64,1070,1134
1226,2021-03-14,4,608,612
1226,2021-03-15,122,1327,1449
1226,2021-03-16,104,1217,1321
1226,2021-03-17,101,1223,1324
1226,2021-03-18,97,1276,1373
1226,2021-03-19,98,1193,1291
1226,2021-03-20,56,957,1013
1226,2021-03-21,0,564,564
1226,2021-03-22,125,1129,1254
1226,2021-03-23,107,1200,1307
1226,2021-03-24,113,1300,1413
1226,2021-03-25,100,1307,1407
1226,2021-03-26,133,1350,1483
1226,2021-03-27,60,985,1045
1226,2021-03-29,122,1180,1302
1226,2021-03-30,104,1550,1654
1226,2021-03-31,151,1391,1542
1226,2021-04-02,119,1300,1419
1226,2021-04-03,45,840,885
1226,2021-04-04,2,645,647
1226,2021-04-05,8,404,412
1226,2021-04-06,125,1028,1153
1226,2021-04-07,109,1059,1168
1226,2021-04-08,107,1181,1288
1226,2021-04-09,93,1231,1324
1226,2021-04-10,37,856,893
1226,2021-04-11,3,473,476
1226,2021-04-12,80,1118,1198
1226,2021-04-13,95,1267,1362
1226,2021-04-14,131,1325,1456
1226,2021-04-15,178,1290,1468
1226,2021-04-16,148,1320,1468
1226,2021-04-17,46,1134,1180
1226,2021-04-18,4,770,774
1226,2021-04-19,139,1516,1655
1226,2021-04-20,117,1591,1708
1226,2021-04-21,98,1676,1774
1226,2021-04-22,108,1678,1786
1226,2021-04-23,215,1746,1961
1226,2021-04-24,124,1447,1571
1226,2021-04-25,12,1074,1086
1226,2021-04-26,122,1683,1805
1226,2021-04-27,112,1808,1920
1226,2021-04-28,138,1739,1877
1226,2021-04-29,122,1675,1797
1226,2021-05-01,14,862,876
1226,2021-05-02,4,839,843
1226,2021-05-03,142,1655,1797
1226,2021-05-04,139,1815,1954
1226,2021-05-05,142,1644,1786
1226,2021-05-06,120,1606,1726
1226,2021-05-07,180,1848,2028
1226,2021-05-08,32,1266,1298
1226,2021-05-09,11,1066,1077
1226,2021-05-10,112,1594,1706
1226,2021-05-11,96,1655,1751
1226,2021-05-12,149,1793,1942
1226,2021-05-13,19,863,882
1226,2021-05-14,109,1671,1780
1226,2021-05-15,66,1094,1160
1226,2021-05-16,17,805,822
1226,2021-05-17,134,1756,1890
1226,2021-05-18,170,1756,1926
1226,2021-05-19,144,1661,1805
1226,2021-05-20,135,1827,1962
1226,2021-05-21,194,1808,2002
1226,2021-05-22,85,1282,1367
1226,2021-05-23,9,896,905
1226,2021-05-24,8,826,834
1226,2021-05-25,95,1333,1428
1226,2021-05-26,108,1316,1424
1226,2021-05-27,118,1441,1559
1226,2021-05-28,97,1495,1592
1226,2021-05-29,59,1208,1267
1226,2021-05-30,20,962,982
1226,2021-05-31,134,1644,1778
1226,2021-06-01,193,1796,1989
1226,2021-06-02,141,1702,1843
1226,2021-06-03,156,1020,1176
1226,2021-06-04,163,1607,1770
1226,2021-06-05,56,1233,1289
1226,2021-06-06,5,940,945
1226,2021-06-07,174,2148,2322
1226,2021-06-08,147,2469,2616
1226,2021-06-09,146,2466,2612
1226,2021-06-10,152,2492,2644
1226,2021-06-11,162,2349,2511
1226,2021-06-12,71,1400,1471
1226,2021-06-13,9,901,910
1226,2021-06-14,110,1723,1833
1226,2021-06-15,138,1787,1925
1226,2021-06-16,143,1829,1972
1226,2021-06-17,117,1841,1958
1226,2021-06-18,139,1825,1964
1226,2021-06-19,64,1156,1220
1226,2021-06-20,14,898,912
1226,2021-06-21,150,1690,1840
1226,2021-06-22,132,1797,1929
1226,2021-06-23,18,830,848
1226,2021-06-24,132,1649,1781
1226,2021-06-25,120,1789,1909
1226,2021-06-26,54,1385,1439
1226,2021-06-27,19,835,854
1226,2021-06-28,140,1733,1873
1226,2021-06-29,132,1709,1841
1226,2021-06-30,125,1798,1923
1226,2021-07-01,120,1827,1947
1226,2021-07-02,140,1833,1973
1226,2021-07-03,45,1163,1208
1226,2021-07-04,10,815,825
1226,2021-07-05,129,1735,1864
1226,2021-07-06,130,1754,1884
1226,2021-07-07,135,1884,2019
1226,2021-07-08,130,1727,1857
1226,2021-07-09,123,1812,1935
1226,2021-07-10,57,1097,1154
1226,2021-07-11,8,835,843
1226,2021-07-12,128,1685,1813
1226,2021-07-13,105,1662,1767
1226,2021-07-14,156,1732,1888
1226,2021-07-15,102,1614,1716
1226,2021-07-16,138,1596,1734
1226,2021-07-17,76,1052,1128
1226,2021-07-18,20,890,910
1226,2021-07-19,128,1458,1586
1226,2021-07-20,116,1544,1660
1226,2021-07-21,184,2012,2196
1226,2021-07-22,118,1629,1747
1226,2021-07-23,130,1587,1717
1226,2021-07-24,59,963,1022
1226,2021-07-25,6,822,828
1226,2021-07-26,121,1401,1522
1226,2021-07-27,114,1370,1484
1226,2021-07-28,101,1484,1585
1226,2021-07-29,102,1529,1631
1226,2021-07-30,106,1431,1537
1226,2021-07-31,53,1006,1059
1226,2021-08-01,16,798,814
1226,2021-08-02,94,1237,1331
1226,2021-08-03,96,1224,1320
1226,2021-08-04,92,1277,1369
1226,2021-08-05,104,1243,1347
1226,2021-08-06,121,1249,1370
1226,2021-08-07,60,991,1051
1226,2021-08-08,22,728,750
1226,2021-08-09,120,1166,1286
1226,2021-08-10,93,1205,1298
1226,2021-08-11,94,1611,1705
1226,2021-08-12,81,1372,1453
1226,2021-08-13,134,1264,1398
1226,2021-08-14,55,1104,1159
1226,2021-08-15,26,826,852
1226,2021-08-16,100,1092,1192
1226,2021-08-17,95,1197,1292
1226,2021-08-18,94,1223,1317
1226,2021-08-19,102,1220,1322
1226,2021-08-20,104,1280,1384
1226,2021-08-21,47,1014,1061
1226,2021-08-22,13,814,827
1226,2021-08-23,131,1213,1344
1226,2021-08-24,105,1266,1371
1226,2021-08-25,97,1257,1354
1226,2021-08-26,115,1421,1536
1226,2021-08-27,134,1318,1452
1226,2021-08-28,80,998,1078
1226,2021-08-29,11,691,702
1226,2021-08-30,108,1254,1362
1226,2021-08-31,118,1476,1594
1226,2021-09-01,111,1504,1615
1226,2021-09-02,131,1506,1637
1226,2021-09-03,110,1484,1594
1226,2021-09-04,66,1050,1116
1226,2021-09-05,22,931,953
1226,2021-09-06,119,1411,1530
1226,2021-09-07,104,1535,1639
1226,2021-09-08,119,1571,1690
1226,2021-09-09,112,1474,1586
1226,2021-09-10,114,1562,1676
1226,2021-09-11,68,1292,1360
1226,2021-09-12,30,1014,1044
1226,2021-09-13,124,1586,1710
1226,2021-09-14,134,1666,1800
1226,2021-09-15,143,1643,1786
1226,2021-09-16,142,1682,1824
1226,2021-09-17,227,1857,2084
1226,2021-09-18,119,1390,1509
1226,2021-09-19,28,1387,1415
1226,2021-09-20,160,1731,1891
1226,2021-09-21,175,1769,1944
1226,2021-09-22,134,1719,1853
1226,2021-09-23,144,1777,1921
1226,2021-09-24,182,1767,1949
1226,2021-09-25,106,1192,1298
1226,2021-09-26,28,947,975
1226,2021-09-27,157,1635,1792
1226,2021-09-28,135,1839,1974
1226,2021-09-29,140,1816,1956
1226,2021-09-30,170,1810,1980
1226,2021-10-01,178,1825,2003
1226,2021-10-02,56,1318,1374
1226,2021-10-03,36,832,868
1226,2021-10-04,175,2021,2196
1226,2021-10-05,134,1727,1861
1226,2021-10-06,127,1762,1889
1226,2021-10-07,147,1829,1976
1226,2021-10-08,157,1889,2046
1226,2021-10-09,113,1549,1662
1226,2021-10-10,31,1175,1206
1226,2021-10-11,165,1660,1825
1226,2021-10-12,123,1820,1943
1226,2021-10-13,126,1975,2101
1226,2021-10-14,189,1820,2009
1226,2021-10-15,154,1859,2013
1226,2021-10-16,143,1431,1574
1226,2021-10-17,67,978,1045
1226,2021-10-18,154,1678,1832
1226,2021-10-19,138,1764,1902
1226,2021-10-20,141,1707,1848
1226,2021-10-21,176,1748,1924
1226,2021-10-22,156,1927,2083
1226,2021-10-23,70,1346,1416
1226,2021-10-24,23,1078,1101
1226,2021-10-25,154,1695,1849
1226,2021-10-26,141,1844,1985
1226,2021-10-27,141,1878,2019
1226,2021-10-28,165,1883,2048
1226,2021-10-29,168,1855,2023
1226,2021-10-30,84,1131,1215
1226,2021-11-01,26,884,910
1226,2021-11-02,124,1602,1726
1226,2021-11-03,174,2180,2354
1226,2021-11-04,128,1619,1747
1226,2021-11-05,128,1539,1667
1226,2021-11-06,88,1055,1143
1226,2021-11-07,23,727,750
1226,2021-11-08,162,1564,1726
1226,2021-11-09,141,1657,1798
1226,2021-11-10,236,1698,1934
1226,2021-11-11,158,1687,1845
1226,2021-11-12,134,1630,1764
1226,2021-11-13,70,1238,1308
1226,2021-11-14,32,839,871
1226,2021-11-15,163,1829,1992
1226,2021-11-16,151,1745,1896
1226,2021-11-17,162,1792,1954
1226,2021-11-18,125,1627,1752
1226,2021-11-19,161,1719,1880
1226,2021-11-20,66,1182,1248
1226,2021-11-21,28,748,776
1226,2021-11-22,151,1597,1748
1226,2021-11-23,143,1717,1860
1226,2021-11-24,132,1749,1881
1226,2021-11-25,139,1822,1961
1226,2021-11-26,128,1740,1868
1226,2021-11-27,55,1219,1274
1226,2021-11-28,26,825,851
1226,2021-11-29,149,1502,1651
1226,2021-11-30,139,1666,1805
1226,2021-12-01,140,1695,1835
1226,2021-12-02,146,1727,1873
1226,2021-12-03,141,1860,2001
1226,2021-12-04,67,1253,1320
1226,2021-12-05,28,788,816
1226,2021-12-06,172,1510,1682
1226,2021-12-07,139,1751,1890
1226,2021-12-08,131,1712,1843
1226,2021-12-09,134,1718,1852
1226,2021-12-10,124,1590,1714
1226,2021-12-11,62,1204,1266
1226,2021-12-12,24,806,830
1226,2021-12-13,137,1618,1755
1226,2021-12-14,110,1717,1827
1226,2021-12-15,128,1811,1939
1226,2021-12-16,106,1741,1847
1226,2021-12-17,122,1691,1813
1226,2021-12-18,72,1060,1132
1226,2021-12-19,24,774,798
1226,2021-12-20,128,1363,1491
1226,2021-12-21,119,1333,1452
1226,2021-12-22,96,1352,1448
1226,2021-12-23,90,1244,1334
1226,2021-12-24,56,933,989
1226,2021-12-25,16,741,757
1226,2021-12-26,23,635,658
1226,2021-12-27,64,956,1020
1226,2021-12-28,76,1140,1216
1226,2021-12-29,93,1061,1154
1226,2021-12-30,76,1106,1182
1226,2021-12-31,75,1008,1083
1227,2021-01-01,3,945,948
1227,2021-01-02,55,1443,1498
1227,2021-01-03,9,1241,1250
1227,2021-01-04,132,2795,2927
1227,2021-01-05,154,2749,2903
1227,2021-01-06,144,2911,3055
1227,2021-01-07,185,3012,3197
1227,2021-01-08,154,2950,3104
1227,2021-01-10,8,1365,1373
1227,2021-01-11,238,3952,4190
1227,2021-01-12,203,3873,4076
1227,2021-01-13,209,3934,4143
1227,2021-01-14,188,3510,3698
1227,2021-01-15,184,3561,3745
1227,2021-01-16,45,1567,1612
1227,2021-01-17,7,1001,1008
1227,2021-01-18,167,3228,3395
1227,2021-01-19,216,3982,4198
1227,2021-01-20,175,3984,4159
1227,2021-01-21,214,4042,4256
1227,2021-01-22,204,4135,4339
1227,2021-01-23,91,2585,2676
1227,2021-01-24,14,1513,1527
1227,2021-01-25,201,3778,3979
1227,2021-01-26,205,3994,4199
1227,2021-01-27,189,3751,3940
1227,2021-01-28,199,4036,4235
1227,2021-01-29,218,4060,4278
1227,2021-01-30,65,2254,2319
1227,2021-02-01,213,3978,4191
1227,2021-02-02,199,3998,4197
1227,2021-02-03,205,4103,4308
1227,2021-02-04,239,4133,4372
1227,2021-02-05,201,4257,4458
1227,2021-02-06,85,2461,2546
1227,2021-02-07,12,1438,1450
1227,2021-02-08,223,3585,3808
1227,2021-02-09,203,3497,3700
1227,2021-02-10,212,3741,3953
1227,2021-02-11,220,3796,4016
1227,2021-02-12,228,3797,4025
1227,2021-02-13,95,2699,2794
1227,2021-02-14,7,1563,1570
1227,2021-02-15,213,3443,3656
1227,2021-02-16,231,3812,4043
1227,2021-02-17,219,3763,3982
1227,2021-02-18,226,3910,4136
1227,2021-02-19,213,3900,4113
1227,2021-02-20,71,2543,2614
1227,2021-02-21,4,1917,1921
1227,2021-02-22,229,3907,4136
1227,2021-02-23,232,4248,4480
1227,2021-02-24,226,4272,4498
1227,2021-02-25,212,4443,4655
1227,2021-02-26,251,4327,4578
1227,2021-02-27,126,3210,3336
1227,2021-02-28,3,1864,1867
1227,2021-03-01,265,4074,4339
1227,2021-03-02,227,4231,4458
1227,2021-03-03,280,4146,4426
1227,2021-03-04,276,4227,4503
1227,2021-03-05,250,4292,4542
1227,2021-03-06,138,2607,2745
1227,2021-03-07,16,1773,1789
1227,2021-03-08,275,4130,4405
1227,2021-03-09,258,4235,4493
1227,2021-03-10,247,4288,4535
1227,2021-03-11,245,4192,4437
1227,2021-03-12,221,4415,4636
1227,2021-03-13,111,2763,2874
1227,2021-03-14,3,1479,1482
1227,2021-03-15,221,4131,4352
1227,2021-03-16,227,4278,4505
1227,2021-03-17,207,4191,4398
1227,2021-03-18,214,4432,4646
1227,2021-03-19,214,4400,4614
1227,2021-03-20,75,2714,2789
1227,2021-03-21,6,1690,1696
1227,2021-03-22,218,4266,4484
1227,2021-03-23,252,4220,4472
1227,2021-03-24,258,4271,4529
1227,2021-03-25,239,4368,4607
1227,2021-03-26,267,4496,4763
1227,2021-03-27,132,3020,3152
1227,2021-03-29,229,4174,4403
1227,2021-03-30,200,4787,4987
1227,2021-03-31,249,4695,4944
1227,2021-04-01,270,4512,4782
1227,2021-04-02,221,4273,4494
1227,2021-04-03,100,2441,2541
1227,2021-04-04,3,1815,1818
1227,2021-04-05,7,1416,1423
1227,2021-04-06,267,3912,4179
1227,2021-04-07,226,3987,4213
1227,2021-04-08,242,4206,4448
1227,2021-04-09,243,4398,4641
1227,2021-04-10,79,2750,2829
1227,2021-04-11,2,1461,1463
1227,2021-04-12,237,4078,4315
1227,2021-04-13,242,4280,4522
1227,2021-04-14,261,4408,4669
1227,2021-04-15,268,4335,4603
1227,2021-04-16,268,4450,4718
1227,2021-04-17,88,2694,2782
1227,2021-04-18,19,1663,1682
1227,2021-04-19,291,4385,4676
1227,2021-04-20,232,4533,4765
1227,2021-04-21,231,4516,4747
1227,2021-04-22,265,4632,4897
1227,2021-04-23,333,4790,5123
1227,2021-04-24,165,3467,3632
1227,2021-04-25,13,2170,2183
1227,2021-04-26,253,4554,4807
1227,2021-04-27,241,4664,4905
1227,2021-04-28,218,4707,4925
1227,2021-04-29,227,4689,4916
1227,2021-04-30,233,4694,4927
1227,2021-05-01,12,1974,1986
1227,2021-05-02,7,1745,1752
1227,2021-05-03,254,4451,4705
1227,2021-05-04,249,4570,4819
1227,2021-05-05,225,4679,4904
1227,2021-05-06,254,4607,4861
1227,2021-05-07,266,4847,5113
1227,2021-05-08,100,2889,2989
1227,2021-05-09,14,2189,2203
1227,2021-05-10,226,4399,4625
1227,2021-05-11,230,4382,4612
1227,2021-05-12,267,4801,5068
1227,2021-05-13,9,1913,1922
1227,2021-05-14,177,3715,3892
1227,2021-05-15,91,2436,2527
1227,2021-05-16,22,1774,1796
1227,2021-05-17,319,4697,5016
1227,2021-05-18,277,4589,4866
1227,2021-05-19,263,4634,4897
1227,2021-05-20,280,4913,5193
1227,2021-05-21,241,4780,5021
1227,2021-05-22,81,3004,3085
1227,2021-05-23,7,1767,1774
1227,2021-05-24,19,1631,1650
1227,2021-05-25,214,3953,4167
1227,2021-05-26,226,4037,4263
1227,2021-05-27,257,4291,4548
1227,2021-05-28,236,4211,4447
1227,2021-05-29,109,2716,2825
1227,2021-05-30,50,2221,2271
1227,2021-05-31,278,4520,4798
1227,2021-06-01,309,4773,5082
1227,2021-06-02,241,4660,4901
1227,2021-06-03,274,5261,5535
1227,2021-06-04,372,4524,4896
1227,2021-06-05,62,2892,2954
1227,2021-06-07,300,5135,5435
1227,2021-06-08,284,5395,5679
1227,2021-06-09,274,5449,5723
1227,2021-06-10,329,5463,5792
1227,2021-06-11,306,5348,5654
1227,2021-06-12,106,3371,3477
1227,2021-06-13,15,2056,2071
1227,2021-06-14,272,4622,4894
1227,2021-06-15,259,4862,5121
1227,2021-06-16,279,4811,5090
1227,2021-06-17,295,4770,5065
1227,2021-06-18,268,4832,5100
1227,2021-06-19,82,2890,2972
1227,2021-06-20,9,1938,1947
1227,2021-06-21,269,4490,4759
1227,2021-06-22,257,4677,4934
1227,2021-06-23,20,1830,1850
1227,2021-06-24,243,4373,4616
1227,2021-06-25,212,4608,4820
1227,2021-06-26,95,3223,3318
1227,2021-06-27,17,2042,2059
1227,2021-06-28,281,4439,4720
1227,2021-06-29,276,4680,4956
1227,2021-06-30,254,4584,4838
1227,2021-07-01,254,4792,5046
1227,2021-07-02,244,4848,5092
1227,2021-07-03,81,2590,2671
1227,2021-07-04,16,1737,1753
1227,2021-07-05,237,4345,4582
1227,2021-07-06,230,4697,4927
1227,2021-07-07,251,4855,5106
1227,2021-07-08,229,4712,4941
1227,2021-07-09,228,4663,4891
1227,2021-07-10,98,2745,2843
1227,2021-07-11,15,1835,1850
1227,2021-07-12,249,4361,4610
1227,2021-07-13,241,4396,4637
1227,2021-07-14,226,4508,4734
1227,2021-07-15,208,4424,4632
1227,2021-07-16,244,4276,4520
1227,2021-07-17,102,2508,2610
1227,2021-07-18,18,2063,2081
1227,2021-07-19,258,4217,4475
1227,2021-07-20,258,4468,4726
1227,2021-07-21,287,4503,4790
1227,2021-07-22,224,4345,4569
1227,2021-07-23,244,4213,4457
1227,2021-07-24,115,2662,2777
1227,2021-07-25,15,1782,1797
1227,2021-07-26,233,3882,4115
1227,2021-07-27,235,4033,4268
1227,2021-07-28,227,4177,4404
1227,2021-07-29,228,3962,4190
1227,2021-07-30,232,3864,4096
1227,2021-07-31,87,2325,2412
1227,2021-08-01,21,1770,1791
1227,2021-08-02,187,3342,3529
1227,2021-08-03,186,3426,3612
1227,2021-08-04,162,3608,3770
1227,2021-08-05,167,3535,3702
1227,2021-08-06,166,3458,3624
1227,2021-08-07,73,2250,2323
1227,2021-08-08,26,1554,1580
1227,2021-08-09,203,3223,3426
1227,2021-08-10,176,3436,3612
1227,2021-08-11,124,3189,3313
1227,2021-08-12,136,3429,3565
1227,2021-08-13,142,3371,3513
1227,2021-08-14,93,2745,2838
1227,2021-08-15,28,1887,1915
1227,2021-08-16,159,3212,3371
1227,2021-08-17,128,3265,3393
1227,2021-08-18,153,3399,3552
1227,2021-08-19,154,3426,3580
1227,2021-08-20,144,3313,3457
1227,2021-08-21,62,2278,2340
1227,2021-08-22,10,1604,1614
1227,2021-08-23,219,3491,3710
1227,2021-08-24,196,3878,4074
1227,2021-08-25,223,3895,4118
1227,2021-08-26,227,3972,4199
1227,2021-08-27,225,3760,3985
1227,2021-08-28,84,2638,2722
1227,2021-08-29,9,1794,1803
1227,2021-08-30,245,3800,4045
1227,2021-08-31,215,4068,4283
1227,2021-09-01,223,4259,4482
1227,2021-09-02,225,4297,4522
1227,2021-09-03,226,4248,4474
1227,2021-09-04,119,2470,2589
1227,2021-09-05,25,2279,2304
1227,2021-09-06,234,4271,4505
1227,2021-09-07,224,4538,4762
1227,2021-09-08,228,4622,4850
1227,2021-09-09,232,4411,4643
1227,2021-09-10,259,4540,4799
1227,2021-09-11,101,3328,3429
1227,2021-09-12,37,2151,2188
1227,2021-09-13,237,4987,5224
1227,2021-09-14,241,5193,5434
1227,2021-09-15,234,5120,5354
1227,2021-09-16,224,5059,5283
1227,2021-09-17,318,5224,5542
1227,2021-09-18,155,3128,3283
1227,2021-09-19,30,2645,2675
1227,2021-09-20,277,5099,5376
1227,2021-09-21,279,5357,5636
1227,2021-09-22,278,5161,5439
1227,2021-09-23,294,5237,5531
1227,2021-09-24,242,5206,5448
1227,2021-09-25,152,3574,3726
1227,2021-09-26,40,2176,2216
1227,2021-09-27,282,4731,5013
1227,2021-09-28,249,5186,5435
1227,2021-09-29,253,5067,5320
1227,2021-09-30,273,5116,5389
1227,2021-10-01,295,5152,5447
1227,2021-10-02,109,2994,3103
1227,2021-10-03,41,2263,2304
1227,2021-10-04,349,5817,6166
1227,2021-10-05,254,5151,5405
1227,2021-10-06,266,5062,5328
1227,2021-10-07,293,5075,5368
1227,2021-10-08,274,5049,5323
1227,2021-10-09,154,3518,3672
1227,2021-10-10,30,2401,2431
1227,2021-10-11,292,4852,5144
1227,2021-10-12,275,5194,5469
1227,2021-10-13,246,5179,5425
1227,2021-10-14,319,4885,5204
1227,2021-10-15,311,5074,5385
1227,2021-10-16,241,2979,3220
1227,2021-10-17,69,2180,2249
1227,2021-10-18,288,4937,5225
1227,2021-10-19,261,5080,5341
1227,2021-10-20,264,4901,5165
1227,2021-10-21,292,4660,4952
1227,2021-10-22,255,4557,4812
1227,2021-10-23,123,3417,3540
1227,2021-10-24,39,2382,2421
1227,2021-10-25,277,4966,5243
1227,2021-10-26,264,5271,5535
1227,2021-10-27,260,5151,5411
1227,2021-10-28,300,5045,5345
1227,2021-10-29,297,5078,5375
1227,2021-10-30,109,2557,2666
1227,2021-11-01,29,1881,1910
1227,2021-11-02,263,4457,4720
1227,2021-11-03,213,3909,4122
1227,2021-11-04,252,4265,4517
1227,2021-11-05,217,4288,4505
1227,2021-11-06,116,2604,2720
1227,2021-11-07,25,1776,1801
1227,2021-11-08,275,4501,4776
1227,2021-11-09,253,4938,5191
1227,2021-11-10,275,4912,5187
1227,2021-11-11,266,4929,5195
1227,2021-11-12,263,4894,5157
1227,2021-11-13,120,3116,3236
1227,2021-11-14,39,1908,1947
1227,2021-11-15,326,5930,6256
1227,2021-11-16,348,6418,6766
1227,2021-11-17,347,5903,6250
1227,2021-11-18,242,4927,5169
1227,2021-11-19,242,4804,5046
1227,2021-11-20,99,2941,3040
1227,2021-11-21,39,1907,1946
1227,2021-11-22,275,4582,4857
1227,2021-11-23,254,4869,5123
1227,2021-11-24,248,4834,5082
1227,2021-11-25,354,4872,5226
1227,2021-11-26,273,4539,4812
1227,2021-11-27,108,2988,3096
1227,2021-11-28,27,1869,1896
1227,2021-11-29,244,4487,4731
1227,2021-11-30,228,4533,4761
1227,2021-12-01,224,4619,4843
1227,2021-12-02,252,4620,4872
1227,2021-12-03,247,4956,5203
1227,2021-12-04,98,2966,3064
1227,2021-12-05,25,1988,2013
1227,2021-12-06,237,4454,4691
1227,2021-12-07,228,4804,5032
1227,2021-12-08,243,4697,4940
1227,2021-12-09,299,4768,5067
1227,2021-12-10,227,4448,4675
1227,2021-12-11,132,3085,3217
1227,2021-12-12,34,1905,1939
1227,2021-12-13,260,4416,4676
1227,2021-12-14,213,4644,4857
1227,2021-12-15,204,4715,4919
1227,2021-12-16,245,4809,5054
1227,2021-12-17,264,4765,5029
1227,2021-12-18,98,2448,2546
1227,2021-12-19,29,1760,1789
1227,2021-12-20,199,3557,3756
1227,2021-12-21,181,3679,3860
1227,2021-12-22,152,3579,3731
1227,2021-12-23,148,3339,3487
1227,2021-12-24,88,2427,2515
1227,2021-12-25,15,1479,1494
1227,2021-12-26,22,1464,1486
1227,2021-12-27,128,2453,2581
1227,2021-12-28,122,2667,2789
1227,2021-12-29,133,2570,2703
1227,2021-12-30,120,2572,2692
1227,2021-12-31,107,2397,2504
1228,2021-01-01,52,1963,2015
1228,2021-01-02,195,3860,4055
1228,2021-01-03,109,2953,3062
1228,2021-01-04,379,6634,7013
1228,2021-01-05,462,6891,7353
1228,2021-01-06,406,6707,7113
1228,2021-01-07,550,7035,7585
1228,2021-01-08,464,7112,7576
1228,2021-01-09,276,4715,4991
1228,2021-01-10,96,3370,3466
1228,2021-01-11,620,8752,9372
1228,2021-01-12,495,6911,7406
1228,2021-01-13,697,8417,9114
1228,2021-01-14,520,7277,7797
1228,2021-01-15,661,8865,9526
1228,2021-01-16,302,5128,5430
1228,2021-01-17,92,2971,3063
1228,2021-01-18,643,8582,9225
1228,2021-01-19,642,8650,9292
1228,2021-01-20,663,8879,9542
1228,2021-01-21,627,8047,8674
1228,2021-01-22,555,8305,8860
1228,2021-01-23,198,4819,5017
1228,2021-01-24,109,3420,3529
1228,2021-01-25,600,8616,9216
1228,2021-01-26,739,9127,9866
1228,2021-01-27,569,8077,8646
1228,2021-01-28,525,7653,8178
1228,2021-01-29,521,7517,8038
1228,2021-01-30,173,4482,4655
1228,2021-01-31,98,3324,3422
1228,2021-02-01,544,7693,8237
1228,2021-02-02,493,7222,7715
1228,2021-02-03,520,6843,7363
1228,2021-02-04,661,9248,9909
1228,2021-02-05,590,8849,9439
1228,2021-02-06,204,4863,5067
1228,2021-02-07,90,3195,3285
1228,2021-02-08,557,7954,8511
1228,2021-02-09,595,8454,9049
1228,2021-02-10,664,8722,9386
1228,2021-02-11,635,8730,9365
1228,2021-02-12,731,8955,9686
1228,2021-02-13,299,5801,6100
1228,2021-02-14,114,3805,3919
1228,2021-02-15,737,7894,8631
1228,2021-02-16,745,8792,9537
1228,2021-02-17,774,8468,9242
1228,2021-02-18,722,8676,9398
1228,2021-02-19,739,8884,9623
1228,2021-02-20,246,6112,6358
1228,2021-02-21,98,4780,4878
1228,2021-02-22,736,8843,9579
1228,2021-02-23,815,9349,10164
1228,2021-02-24,785,9431,10216
1228,2021-02-25,775,9529,10304
1228,2021-02-26,811,9114,9925
1228,2021-02-27,294,6230,6524
1228,2021-02-28,102,4475,4577
1228,2021-03-01,785,9124,9909
1228,2021-03-02,864,9503,10367
1228,2021-03-03,904,9341,10245
1228,2021-03-04,756,8709,9465
1228,2021-03-05,804,9445,10249
1228,2021-03-06,280,6057,6337
1228,2021-03-07,111,4283,4394
1228,2021-03-08,804,9101,9905
1228,2021-03-09,856,9315,10171
1228,2021-03-10,758,9211,9969
1228,2021-03-11,632,8358,8990
1228,2021-03-12,721,8738,9459
1228,2021-03-13,236,5197,5433
1228,2021-03-14,67,3483,3550
1228,2021-03-15,678,8504,9182
1228,2021-03-16,668,8844,9512
1228,2021-03-17,736,9041,9777
1228,2021-03-18,737,9311,10048
1228,2021-03-19,760,9275,10035
1228,2021-03-20,285,5897,6182
1228,2021-03-21,118,3889,4007
1228,2021-03-22,781,8750,9531
1228,2021-03-23,769,9902,10671
1228,2021-03-24,724,9116,9840
1228,2021-03-25,747,9447,10194
1228,2021-03-26,814,9480,10294
1228,2021-03-27,255,5814,6069
1228,2021-03-29,665,9169,9834
1228,2021-03-30,721,9649,10370
1228,2021-03-31,746,9349,10095
1228,2021-04-01,690,9452,10142
1228,2021-04-02,637,9230,9867
1228,2021-04-03,269,5941,6210
1228,2021-04-04,87,3865,3952
1228,2021-04-05,107,3164,3271
1228,2021-04-06,785,8754,9539
1228,2021-04-07,781,8523,9304
1228,2021-04-08,752,9077,9829
1228,2021-04-09,775,9334,10109
1228,2021-04-10,247,4269,4516
1228,2021-04-11,64,2664,2728
1228,2021-04-12,771,8945,9716
1228,2021-04-13,780,9261,10041
1228,2021-04-14,831,9218,10049
1228,2021-04-15,799,9323,10122
1228,2021-04-16,863,9314,10177
1228,2021-04-17,308,6048,6356
1228,2021-04-18,108,4137,4245
1228,2021-04-19,858,8850,9708
1228,2021-04-20,866,9653,10519
1228,2021-04-21,827,9385,10212
1228,2021-04-22,811,9802,10613
1228,2021-04-23,829,10029,10858
1228,2021-04-24,309,6486,6795
1228,2021-04-25,98,4933,5031
1228,2021-04-26,830,9424,10254
1228,2021-04-27,837,9649,10486
1228,2021-04-28,823,9441,10264
1228,2021-04-29,832,9928,10760
1228,2021-04-30,874,10077,10951
1228,2021-05-01,113,4322,4435
1228,2021-05-02,134,4563,4697
1228,2021-05-03,850,9312,10162
1228,2021-05-04,861,8872,9733
1228,2021-05-05,870,9403,10273
1228,2021-05-06,840,8404,9244
1228,2021-05-07,883,9697,10580
1228,2021-05-08,297,6303,6600
1228,2021-05-09,94,4886,4980
1228,2021-05-10,861,9113,9974
1228,2021-05-11,933,9403,10336
1228,2021-05-12,966,9783,10749
1228,2021-05-13,165,4394,4559
1228,2021-05-14,575,7606,8181
1228,2021-05-15,247,5418,5665
1228,2021-05-16,150,3883,4033
1228,2021-05-17,804,9273,10077
1228,2021-05-18,824,9357,10181
1228,2021-05-19,777,9172,9949
1228,2021-05-20,865,9820,10685
1228,2021-05-21,887,9651,10538
1228,2021-05-22,285,6000,6285
1228,2021-05-23,115,4200,4315
1228,2021-05-24,149,3413,3562
1228,2021-05-25,700,8665,9365
1228,2021-05-26,643,8307,8950
1228,2021-05-27,813,9096,9909
1228,2021-05-28,737,9529,10266
1228,2021-05-29,350,6483,6833
1228,2021-05-30,173,6124,6297
1228,2021-05-31,971,9425,10396
1228,2021-06-01,883,9818,10701
1228,2021-06-02,873,9700,10573
1228,2021-06-03,772,9806,10578
1228,2021-06-04,820,9519,10339
1228,2021-06-05,319,6510,6829
1228,2021-06-06,139,4672,4811
1228,2021-06-07,776,8833,9609
1228,2021-06-08,871,9318,10189
1228,2021-06-09,794,8609,9403
1228,2021-06-10,758,8741,9499
1228,2021-06-11,724,9030,9754
1228,2021-06-12,304,6830,7134
1228,2021-06-13,116,5328,5444
1228,2021-06-14,825,9170,9995
1228,2021-06-15,977,9622,10599
1228,2021-06-16,994,9491,10485
1228,2021-06-17,899,9293,10192
1228,2021-06-18,927,9806,10733
1228,2021-06-19,261,6305,6566
1228,2021-06-20,99,4241,4340
1228,2021-06-21,802,9283,10085
1228,2021-06-22,998,9826,10824
1228,2021-06-23,165,4741,4906
1228,2021-06-24,865,7894,8759
1228,2021-06-25,806,9321,10127
1228,2021-06-26,310,6462,6772
1228,2021-06-27,125,4678,4803
1228,2021-06-28,811,9340,10151
1228,2021-06-29,749,9013,9762
1228,2021-06-30,747,9379,10126
1228,2021-07-01,857,10035,10892
1228,2021-07-02,833,10100,10933
1228,2021-07-03,423,8636,9059
1228,2021-07-04,107,4582,4689
1228,2021-07-05,724,9185,9909
1228,2021-07-06,707,9221,9928
1228,2021-07-07,848,9802,10650
1228,2021-07-08,690,8914,9604
1228,2021-07-09,829,9763,10592
1228,2021-07-10,301,6509,6810
1228,2021-07-11,131,4890,5021
1228,2021-07-12,755,9412,10167
1228,2021-07-13,623,7332,7955
1228,2021-07-14,655,6665,7320
1228,2021-07-15,672,9549,10221
1228,2021-07-16,696,9371,10067
1228,2021-07-17,370,5831,6201
1228,2021-07-18,192,4741,4933
1228,2021-07-19,775,8907,9682
1228,2021-07-20,789,9210,9999
1228,2021-07-21,753,9867,10620
1228,2021-07-22,883,9244,10127
1228,2021-07-23,730,8953,9683
1228,2021-07-24,225,4981,5206
1228,2021-07-25,115,4334,4449
1228,2021-07-26,777,8339,9116
1228,2021-07-27,664,7411,8075
1228,2021-07-28,623,8817,9440
1228,2021-07-29,646,9299,9945
1228,2021-07-30,557,8809,9366
1228,2021-07-31,280,5655,5935
1228,2021-08-01,125,4432,4557
1228,2021-08-02,484,7658,8142
1228,2021-08-03,443,7388,7831
1228,2021-08-04,513,8016,8529
1228,2021-08-05,480,7668,8148
1228,2021-08-06,522,7816,8338
1228,2021-08-07,242,5058,5300
1228,2021-08-08,100,3917,4017
1228,2021-08-09,476,7518,7994
1228,2021-08-10,507,7835,8342
1228,2021-08-11,439,7778,8217
1228,2021-08-12,466,7598,8064
1228,2021-08-13,445,8032,8477
1228,2021-08-14,241,5333,5574
1228,2021-08-15,125,4351,4476
1228,2021-08-16,487,7174,7661
1228,2021-08-17,544,7583,8127
1228,2021-08-18,549,7740,8289
1228,2021-08-19,521,7817,8338
1228,2021-08-20,549,7931,8480
1228,2021-08-21,241,5353,5594
1228,2021-08-22,107,3941,4048
1228,2021-08-23,593,7833,8426
1228,2021-08-24,628,8396,9024
1228,2021-08-25,650,8681,9331
1228,2021-08-26,725,8682,9407
1228,2021-08-27,687,8442,9129
1228,2021-08-28,269,5342,5611
1228,2021-08-29,117,4104,4221
1228,2021-08-30,677,8401,9078
1228,2021-08-31,713,8993,9706
1228,2021-09-01,723,8785,9508
1228,2021-09-02,666,8928,9594
1228,2021-09-03,674,8868,9542
1228,2021-09-04,270,5914,6184
1228,2021-09-05,127,4870,4997
1228,2021-09-06,614,8452,9066
1228,2021-09-07,725,8841,9566
1228,2021-09-08,742,8686,9428
1228,2021-09-09,699,8788,9487
1228,2021-09-10,680,8404,9084
1228,2021-09-11,251,5751,6002
1228,2021-09-12,124,4474,4598
1228,2021-09-13,671,8669,9340
1228,2021-09-14,756,9141,9897
1228,2021-09-15,732,8554,9286
1228,2021-09-16,684,9138,9822
1228,2021-09-17,773,9121,9894
1228,2021-09-18,283,5872,6155
1228,2021-09-19,108,4359,4467
1228,2021-09-20,727,8615,9342
1228,2021-09-21,749,9179,9928
1228,2021-09-22,785,8789,9574
1228,2021-09-23,787,9556,10343
1228,2021-09-24,738,9413,10151
1228,2021-09-25,285,6150,6435
1228,2021-09-26,90,4110,4200
1228,2021-09-27,774,8509,9283
1228,2021-09-28,790,9415,10205
1228,2021-09-29,741,8921,9662
1228,2021-09-30,798,9437,10235
1228,2021-10-01,739,9351,10090
1228,2021-10-02,262,5692,5954
1228,2021-10-03,90,3567,3657
1228,2021-10-04,724,8590,9314
1228,2021-10-05,655,8306,8961
1228,2021-10-06,668,8538,9206
1228,2021-10-07,697,9304,10001
1228,2021-10-08,768,9607,10375
1228,2021-10-09,308,6241,6549
1228,2021-10-10,128,4694,4822
1228,2021-10-11,751,8515,9266
1228,2021-10-12,714,8245,8959
1228,2021-10-13,735,9264,9999
1228,2021-10-14,777,9254,10031
1228,2021-10-15,746,9051,9797
1228,2021-10-16,315,5798,6113
1228,2021-10-17,119,4038,4157
1228,2021-10-18,735,8633,9368
1228,2021-10-19,690,8811,9501
1228,2021-10-20,720,8519,9239
1228,2021-10-21,706,8127,8833
1228,2021-10-22,753,9034,9787
1228,2021-10-23,318,5985,6303
1228,2021-10-24,110,4390,4500
1228,2021-10-25,776,8903,9679
1228,2021-10-26,771,9755,10526
1228,2021-10-27,735,9259,9994
1228,2021-10-28,817,9264,10081
1228,2021-10-29,778,9519,10297
1228,2021-10-30,179,4738,4917
1228,2021-11-01,91,3596,3687
1228,2021-11-02,610,8371,8981
1228,2021-11-03,675,7920,8595
1228,2021-11-04,718,8713,9431
1228,2021-11-05,769,8936,9705
1228,2021-11-06,264,5720,5984
1228,2021-11-07,103,4152,4255
1228,2021-11-08,799,9044,9843
1228,2021-11-09,776,9624,10400
1228,2021-11-10,874,9248,10122
1228,2021-11-11,943,9513,10456
1228,2021-11-12,743,9314,10057
1228,2021-11-13,234,5485,5719
1228,2021-11-14,112,3843,3955
1228,2021-11-15,717,8681,9398
1228,2021-11-16,747,8606,9353
1228,2021-11-17,732,8644,9376
1228,2021-11-18,786,9247,10033
1228,2021-11-19,739,9300,10039
1228,2021-11-20,290,6335,6625
1228,2021-11-21,94,3903,3997
1228,2021-11-22,729,8805,9534
1228,2021-11-23,741,9369,10110
1228,2021-11-24,713,9308,10021
1228,2021-11-25,772,9488,10260
1228,2021-11-26,713,8653,9366
1228,2021-11-27,240,5617,5857
1228,2021-11-28,79,3649,3728
1228,2021-11-29,728,8789,9517
1228,2021-11-30,698,8791,9489
1228,2021-12-01,656,7987,8643
1228,2021-12-02,738,9363,10101
1228,2021-12-03,698,9143,9841
1228,2021-12-04,210,5435,5645
1228,2021-12-05,84,3920,4004
1228,2021-12-06,642,8737,9379
1228,2021-12-07,716,9231,9947
1228,2021-12-08,797,8947,9744
1228,2021-12-09,729,8663,9392
1228,2021-12-10,583,7989,8572
1228,2021-12-11,245,6015,6260
1228,2021-12-12,80,3658,3738
1228,2021-12-13,652,8576,9228
1228,2021-12-14,661,9597,10258
1228,2021-12-15,674,9368,10042
1228,2021-12-16,691,9869,10560
1228,2021-12-17,643,9790,10433
1228,2021-12-18,255,5795,6050
1228,2021-12-19,114,3802,3916
1228,2021-12-20,556,8396,8952
1228,2021-12-21,559,8381,8940
1228,2021-12-22,515,8126,8641
1228,2021-12-23,492,7759,8251
1228,2021-12-24,219,5047,5266
1228,2021-12-25,56,3002,3058
1228,2021-12-26,68,2700,2768
1228,2021-12-27,285,4899,5184
1228,2021-12-28,298,5198,5496
1228,2021-12-29,288,5144,5432
1228,2021-12-30,280,5398,5678
1228,2021-12-31,245,5372,5617
1229,2021-01-01,7,795,802
1229,2021-01-02,60,1290,1350
1229,2021-01-03,26,1015,1041
1229,2021-01-04,127,1998,2125
1229,2021-01-05,123,2156,2279
1229,2021-01-06,108,2028,2136
1229,2021-01-07,171,2317,2488
1229,2021-01-08,137,2298,2435
1229,2021-01-09,91,1529,1620
1229,2021-01-10,10,1193,1203
1229,2021-01-11,212,2815,3027
1229,2021-01-12,216,2957,3173
1229,2021-01-13,242,2877,3119
1229,2021-01-14,226,2828,3054
1229,2021-01-15,250,2979,3229
1229,2021-01-16,87,1746,1833
1229,2021-01-17,17,1027,1044
1229,2021-01-18,222,2927,3149
1229,2021-01-19,249,3030,3279
1229,2021-01-20,250,2926,3176
1229,2021-01-21,258,3145,3403
1229,2021-01-22,226,3123,3349
1229,2021-01-23,88,1812,1900
1229,2021-01-24,18,1254,1272
1229,2021-01-25,213,2944,3157
1229,2021-01-26,278,3079,3357
1229,2021-01-27,218,2789,3007
1229,2021-01-28,222,2984,3206
1229,2021-01-29,218,3145,3363
1229,2021-01-30,62,1808,1870
1229,2021-01-31,16,1176,1192
1229,2021-02-01,228,2949,3177
1229,2021-02-02,264,3044,3308
1229,2021-02-03,217,3204,3421
1229,2021-02-04,231,3141,3372
1229,2021-02-05,195,3183,3378
1229,2021-02-06,74,1829,1903
1229,2021-02-07,20,1230,1250
1229,2021-02-08,192,2641,2833
1229,2021-02-09,198,2815,3013
1229,2021-02-10,193,2783,2976
1229,2021-02-11,218,3002,3220
1229,2021-02-12,216,2994,3210
1229,2021-02-13,70,1883,1953
1229,2021-02-14,20,1518,1538
1229,2021-02-15,193,2616,2809
1229,2021-02-16,193,2994,3187
1229,2021-02-17,198,2920,3118
1229,2021-02-18,213,2946,3159
1229,2021-02-19,211,2997,3208
1229,2021-02-20,79,2218,2297
1229,2021-02-21,12,2151,2163
1229,2021-02-22,261,3067,3328
1229,2021-02-23,268,3363,3631
1229,2021-02-24,297,3273,3570
1229,2021-02-25,286,3312,3598
1229,2021-02-26,241,3213,3454
1229,2021-02-27,92,2077,2169
1229,2021-02-28,24,1757,1781
1229,2021-03-01,258,3103,3361
1229,2021-03-02,278,3368,3646
1229,2021-03-03,294,3114,3408
1229,2021-03-04,283,3120,3403
1229,2021-03-05,278,3143,3421
1229,2021-03-06,106,2224,2330
1229,2021-03-07,19,1835,1854
1229,2021-03-08,285,3137,3422
1229,2021-03-09,271,3293,3564
1229,2021-03-10,284,3229,3513
1229,2021-03-11,249,3335,3584
1229,2021-03-12,283,3311,3594
1229,2021-03-13,75,1947,2022
1229,2021-03-14,19,1282,1301
1229,2021-03-15,279,3026,3305
1229,2021-03-16,270,3160,3430
1229,2021-03-17,273,3094,3367
1229,2021-03-18,303,3351,3654
1229,2021-03-19,267,3308,3575
1229,2021-03-20,91,2184,2275
1229,2021-03-21,12,1460,1472
1229,2021-03-22,311,3029,3340
1229,2021-03-23,267,3307,3574
1229,2021-03-24,300,3343,3643
1229,2021-03-25,287,3320,3607
1229,2021-03-26,292,3375,3667
1229,2021-03-27,79,2039,2118
1229,2021-03-29,271,3296,3567
1229,2021-03-30,292,3660,3952
1229,2021-03-31,270,3776,4046
1229,2021-04-01,290,3529,3819
1229,2021-04-02,222,3543,3765
1229,2021-04-03,86,2164,2250
1229,2021-04-04,8,1587,1595
1229,2021-04-05,22,1148,1170
1229,2021-04-06,259,3013,3272
1229,2021-04-07,270,2964,3234
1229,2021-04-08,317,3212,3529
1229,2021-04-09,255,3235,3490
1229,2021-04-10,109,1802,1911
1229,2021-04-11,11,1191,1202
1229,2021-04-12,278,3064,3342
1229,2021-04-13,262,3292,3554
1229,2021-04-14,292,3279,3571
1229,2021-04-15,247,3293,3540
1229,2021-04-16,259,3326,3585
1229,2021-04-17,95,2247,2342
1229,2021-04-18,18,1668,1686
1229,2021-04-19,281,3102,3383
1229,2021-04-20,325,3464,3789
1229,2021-04-21,305,3330,3635
1229,2021-04-22,279,3530,3809
1229,2021-04-23,265,3627,3892
1229,2021-04-24,98,2550,2648
1229,2021-04-25,19,2360,2379
1229,2021-04-26,297,3296,3593
1229,2021-04-27,288,3595,3883
1229,2021-04-28,280,3341,3621
1229,2021-04-29,282,3589,3871
1229,2021-04-30,311,3630,3941
1229,2021-05-01,42,2013,2055
1229,2021-05-02,18,1920,1938
1229,2021-05-03,253,3348,3601
1229,2021-05-04,267,3364,3631
1229,2021-05-05,248,3368,3616
1229,2021-05-06,243,3442,3685
1229,2021-05-07,294,3591,3885
1229,2021-05-08,104,2284,2388
1229,2021-05-09,32,2557,2589
1229,2021-05-10,279,3193,3472
1229,2021-05-11,314,3326,3640
1229,2021-05-12,305,3507,3812
1229,2021-05-13,61,2042,2103
1229,2021-05-14,212,3278,3490
1229,2021-05-15,81,2175,2256
1229,2021-05-16,48,1737,1785
1229,2021-05-17,307,3493,3800
1229,2021-05-18,293,3468,3761
1229,2021-05-19,259,3450,3709
1229,2021-05-20,301,3621,3922
1229,2021-05-21,296,3731,4027
1229,2021-05-22,105,2305,2410
1229,2021-05-23,34,1879,1913
1229,2021-05-24,50,1577,1627
1229,2021-05-25,299,3232,3531
1229,2021-05-26,209,3161,3370
1229,2021-05-27,231,3273,3504
1229,2021-05-28,232,3448,3680
1229,2021-05-29,108,2913,3021
1229,2021-05-30,81,3065,3146
1229,2021-05-31,331,3486,3817
1229,2021-06-01,260,3781,4041
1229,2021-06-02,361,3583,3944
1229,2021-06-03,296,3795,4091
1229,2021-06-04,294,3639,3933
1229,2021-06-05,114,2398,2512
1229,2021-06-06,64,2022,2086
1229,2021-06-07,307,3272,3579
1229,2021-06-08,334,3683,4017
1229,2021-06-09,295,3562,3857
1229,2021-06-10,261,3809,4070
1229,2021-06-11,251,3723,3974
1229,2021-06-12,106,2721,2827
1229,2021-06-13,32,2580,2612
1229,2021-06-14,288,3397,3685
1229,2021-06-15,390,3606,3996
1229,2021-06-16,365,3524,3889
1229,2021-06-17,327,3563,3890
1229,2021-06-18,339,3639,3978
1229,2021-06-20,19,1762,1781
1229,2021-06-21,375,3259,3634
1229,2021-06-22,376,3511,3887
1229,2021-06-23,31,1942,1973
1229,2021-06-24,325,3332,3657
1229,2021-06-25,309,3348,3657
1229,2021-06-26,94,2280,2374
1229,2021-06-27,29,1732,1761
1229,2021-06-28,294,3244,3538
1229,2021-06-29,230,3434,3664
1229,2021-06-30,247,3371,3618
1229,2021-07-01,255,3620,3875
1229,2021-07-02,288,3652,3940
1229,2021-07-03,100,2955,3055
1229,2021-07-04,26,1810,1836
1229,2021-07-05,258,3276,3534
1229,2021-07-06,226,3436,3662
1229,2021-07-07,300,3838,4138
1229,2021-07-08,256,3616,3872
1229,2021-07-09,269,3653,3922
1229,2021-07-10,99,2855,2954
1229,2021-07-11,29,2297,2326
1229,2021-07-12,247,3320,3567
1229,2021-07-13,229,3387,3616
1229,2021-07-14,204,3342,3546
1229,2021-07-15,220,3214,3434
1229,2021-07-16,234,3134,3368
1229,2021-07-17,137,2232,2369
1229,2021-07-18,102,2142,2244
1229,2021-07-19,252,3186,3438
1229,2021-07-20,300,3416,3716
1229,2021-07-21,273,3631,3904
1229,2021-07-22,272,3428,3700
1229,2021-07-23,285,3442,3727
1229,2021-07-24,91,2108,2199
1229,2021-07-25,24,1786,1810
1229,2021-07-26,251,2986,3237
1229,2021-07-27,230,3026,3256
1229,2021-07-28,207,3103,3310
1229,2021-07-29,200,3380,3580
1229,2021-07-30,190,3172,3362
1229,2021-07-31,99,2307,2406
1229,2021-08-01,49,1952,2001
1229,2021-08-02,179,2677,2856
1229,2021-08-03,201,2812,3013
1229,2021-08-04,158,3001,3159
1229,2021-08-05,166,3058,3224
1229,2021-08-06,180,2818,2998
1229,2021-08-08,22,1804,1826
1229,2021-08-09,159,2635,2794
1229,2021-08-10,165,2831,2996
1229,2021-08-11,140,2991,3131
1229,2021-08-12,165,2994,3159
1229,2021-08-13,172,3193,3365
1229,2021-08-14,103,2350,2453
1229,2021-08-15,47,2266,2313
1229,2021-08-16,134,2588,2722
1229,2021-08-17,178,2881,3059
1229,2021-08-18,212,2795,3007
1229,2021-08-19,158,2921,3079
1229,2021-08-20,182,3021,3203
1229,2021-08-21,114,2393,2507
1229,2021-08-22,23,1612,1635
1229,2021-08-23,239,2697,2936
1229,2021-08-24,229,3022,3251
1229,2021-08-25,249,3138,3387
1229,2021-08-26,216,2905,3121
1229,2021-08-27,216,2863,3079
1229,2021-08-28,102,1944,2046
1229,2021-08-29,21,1515,1536
1229,2021-08-30,238,2650,2888
1229,2021-08-31,224,3000,3224
1229,2021-11-01,17,1179,1196
1229,2021-11-02,148,2179,2327
1229,2021-11-03,174,2542,2716
1229,2021-11-04,208,2578,2786
1229,2021-11-05,204,2691,2895
1229,2021-11-06,91,1952,2043
1229,2021-11-07,17,1365,1382
1229,2021-11-08,235,2837,3072
1229,2021-11-09,239,3296,3535
1229,2021-11-10,249,3138,3387
1229,2021-11-11,285,3159,3444
1229,2021-11-12,246,2981,3227
1229,2021-11-13,110,1935,2045
1229,2021-11-14,22,1276,1298
1229,2021-11-15,243,3051,3294
1229,2021-11-16,263,3388,3651
1229,2021-11-17,225,3216,3441
1229,2021-11-18,253,2955,3208
1229,2021-11-19,225,2962,3187
1229,2021-11-20,87,2089,2176
1229,2021-11-21,16,1273,1289
1229,2021-11-22,246,2679,2925
1229,2021-11-23,240,2903,3143
1229,2021-11-24,240,2825,3065
1229,2021-11-25,212,2947,3159
1229,2021-11-26,223,2974,3197
1229,2021-11-27,80,1832,1912
1229,2021-11-28,10,1200,1210
1229,2021-11-29,235,2785,3020
1229,2021-11-30,246,2946,3192
1229,2021-12-01,230,2889,3119
1229,2021-12-02,247,2991,3238
1229,2021-12-03,218,2899,3117
1229,2021-12-04,74,1875,1949
1229,2021-12-05,13,1299,1312
1229,2021-12-06,209,2603,2812
1229,2021-12-07,246,3042,3288
1229,2021-12-08,237,2865,3102
1229,2021-12-09,203,2944,3147
1229,2021-12-10,188,2851,3039
1229,2021-12-11,87,1875,1962
1229,2021-12-12,15,1247,1262
1229,2021-12-13,180,2765,2945
1229,2021-12-14,222,3013,3235
1229,2021-12-15,212,3017,3229
1229,2021-12-16,205,3062,3267
1229,2021-12-17,218,2990,3208
1229,2021-12-18,76,1861,1937
1229,2021-12-19,15,1319,1334
1229,2021-12-20,136,2365,2501
1229,2021-12-21,172,2464,2636
1229,2021-12-22,130,2395,2525
1229,2021-12-23,120,2200,2320
1229,2021-12-24,61,1642,1703
1229,2021-12-25,3,1119,1122
1229,2021-12-26,15,1153,1168
1229,2021-12-28,112,1873,1985
1229,2021-12-29,104,1875,1979
1229,2021-12-30,96,1908,2004
1229,2021-12-31,62,1616,1678
1230,2021-01-01,71,1158,1229
1230,2021-01-02,230,2021,2251
1230,2021-01-03,88,1507,1595
1230,2021-01-04,326,2876,3202
1230,2021-01-05,325,3191,3516
1230,2021-01-06,339,3172,3511
1230,2021-01-07,360,3227,3587
1230,2021-01-08,338,3320,3658
1230,2021-01-09,240,2441,2681
1230,2021-01-10,94,1803,1897
1230,2021-01-11,425,4123,4548
1230,2021-01-12,376,4104,4480
1230,2021-01-13,435,4147,4582
1230,2021-01-14,366,4203,4569
1230,2021-01-15,380,4424,4804
1230,2021-01-16,248,2888,3136
1230,2021-01-17,97,1734,1831
1230,2021-01-18,416,4044,4460
1230,2021-01-19,414,4226,4640
1230,2021-01-20,459,4172,4631
1230,2021-01-21,399,4158,4557
1230,2021-01-22,429,4573,5002
1230,2021-01-23,251,3011,3262
1230,2021-01-24,94,1947,2041
1230,2021-01-25,414,4000,4414
1230,2021-01-26,486,4254,4740
1230,2021-01-27,401,4000,4401
1230,2021-01-28,404,4363,4767
1230,2021-01-29,416,4561,4977
1230,2021-01-30,235,2985,3220
1230,2021-01-31,86,1892,1978
1230,2021-02-01,438,4169,4607
1230,2021-02-02,450,4492,4942
1230,2021-02-03,453,4143,4596
1230,2021-02-04,458,4450,4908
1230,2021-02-05,410,4561,4971
1230,2021-02-06,234,3069,3303
1230,2021-02-07,87,1933,2020
1230,2021-02-08,439,3668,4107
1230,2021-02-09,389,4035,4424
1230,2021-02-10,414,4138,4552
1230,2021-02-11,415,4268,4683
1230,2021-02-12,418,4409,4827
1230,2021-02-13,266,3178,3444
1230,2021-02-14,85,2127,2212
1230,2021-02-15,412,3624,4036
1230,2021-02-16,387,4037,4424
1230,2021-02-17,456,3835,4291
1230,2021-02-18,472,3917,4389
1230,2021-02-19,449,4077,4526
1230,2021-02-20,243,3165,3408
1230,2021-02-21,93,2493,2586
1230,2021-02-22,554,4215,4769
1230,2021-02-23,560,4636,5196
1230,2021-02-24,528,4549,5077
1230,2021-02-25,559,4756,5315
1230,2021-02-26,547,4815,5362
1230,2021-02-27,295,3474,3769
1230,2021-02-28,85,2293,2378
1230,2021-03-01,547,4605,5152
1230,2021-03-02,567,4583,5150
1230,2021-03-03,605,4332,4937
1230,2021-03-04,521,4130,4651
1230,2021-03-05,552,4174,4726
1230,2021-03-06,268,3321,3589
1230,2021-03-07,94,2148,2242
1230,2021-03-08,614,4077,4691
1230,2021-03-09,594,4224,4818
1230,2021-03-10,588,4294,4882
1230,2021-03-11,520,4418,4938
1230,2021-03-12,556,4577,5133
1230,2021-03-13,255,3042,3297
1230,2021-03-14,91,1945,2036
1230,2021-03-15,516,4109,4625
1230,2021-03-16,494,4276,4770
1230,2021-03-17,524,4100,4624
1230,2021-03-18,505,4403,4908
1230,2021-03-19,523,4572,5095
1230,2021-03-20,264,3231,3495
1230,2021-03-21,94,2193,2287
1230,2021-03-22,519,4117,4636
1230,2021-03-23,489,5284,5773
1230,2021-03-24,533,4347,4880
1230,2021-03-25,537,4433,4970
1230,2021-03-26,512,4633,5145
1230,2021-03-27,277,3197,3474
1230,2021-03-29,490,4395,4885
1230,2021-03-30,469,4459,4928
1230,2021-03-31,478,4604,5082
1230,2021-04-01,492,4657,5149
1230,2021-04-02,527,4909,5436
1230,2021-04-03,264,3594,3858
1230,2021-04-04,90,2129,2219
1230,2021-04-05,86,1653,1739
1230,2021-04-06,441,3975,4416
1230,2021-04-07,458,3897,4355
1230,2021-04-08,480,4200,4680
1230,2021-04-09,493,4287,4780
1230,2021-04-10,235,2976,3211
1230,2021-04-11,78,1863,1941
1230,2021-04-12,458,4169,4627
1230,2021-04-13,446,4211,4657
1230,2021-04-14,418,4221,4639
1230,2021-04-15,431,4314,4745
1230,2021-04-16,447,4542,4989
1230,2021-04-17,271,3520,3791
1230,2021-04-18,87,2164,2251
1230,2021-04-19,477,4309,4786
1230,2021-04-20,432,4735,5167
1230,2021-04-21,448,4722,5170
1230,2021-04-22,456,4994,5450
1230,2021-04-23,451,5082,5533
1230,2021-04-24,283,3792,4075
1230,2021-04-25,86,2610,2696
1230,2021-04-26,484,4549,5033
1230,2021-04-27,458,4778,5236
1230,2021-04-28,449,4709,5158
1230,2021-04-29,488,5008,5496
1230,2021-04-30,512,5230,5742
1230,2021-05-01,89,2628,2717
1230,2021-05-02,96,2427,2523
1230,2021-05-03,497,4639,5136
1230,2021-05-04,505,4823,5328
1230,2021-05-05,510,4740,5250
1230,2021-05-06,507,4813,5320
1230,2021-05-07,538,4998,5536
1230,2021-05-08,269,3627,3896
1230,2021-05-09,89,2608,2697
1230,2021-05-10,512,4447,4959
1230,2021-05-11,482,4546,5028
1230,2021-05-12,513,4944,5457
1230,2021-05-13,87,2279,2366
1230,2021-05-14,405,4467,4872
1230,2021-05-15,239,3283,3522
1230,2021-05-16,91,2248,2339
1230,2021-05-17,493,4831,5324
1230,2021-05-18,472,4667,5139
1230,2021-05-19,522,4625,5147
1230,2021-05-20,490,4946,5436
1230,2021-05-21,493,4951,5444
1230,2021-05-22,254,3237,3491
1230,2021-05-23,84,2097,2181
1230,2021-05-24,85,1864,1949
1230,2021-05-25,412,3919,4331
1230,2021-05-26,426,4279,4705
1230,2021-05-27,447,4032,4479
1230,2021-05-28,475,4482,4957
1230,2021-05-29,287,3649,3936
1230,2021-05-30,100,2853,2953
1230,2021-05-31,455,4786,5241
1230,2021-06-01,445,5008,5453
1230,2021-06-02,462,5030,5492
1230,2021-06-03,433,4981,5414
1230,2021-06-04,450,5147,5597
1230,2021-06-05,259,3785,4044
1230,2021-06-06,91,2521,2612
1230,2021-06-07,430,4777,5207
1230,2021-06-08,450,5498,5948
1230,2021-06-09,444,4877,5321
1230,2021-06-10,414,5169,5583
1230,2021-06-11,502,5409,5911
1230,2021-06-12,252,4381,4633
1230,2021-06-13,86,3275,3361
1230,2021-06-14,447,4912,5359
1230,2021-06-15,468,5029,5497
1230,2021-06-16,514,5056,5570
1230,2021-06-17,472,5045,5517
1230,2021-06-18,457,5475,5932
1230,2021-06-20,94,2503,2597
1230,2021-06-21,402,4748,5150
1230,2021-06-22,423,5185,5608
1230,2021-06-23,109,2320,2429
1230,2021-06-24,429,4877,5306
1230,2021-06-25,461,5125,5586
1230,2021-06-26,264,3739,4003
1230,2021-06-27,99,2544,2643
1230,2021-06-28,449,4662,5111
1230,2021-06-29,461,5014,5475
1230,2021-06-30,428,5034,5462
1230,2021-07-05,474,4876,5350
1230,2021-07-06,396,4617,5013
1230,2021-07-07,432,4404,4836
1230,2021-07-08,401,4608,5009
1230,2021-07-09,370,4304,4674
1230,2021-07-10,317,3889,4206
1230,2021-07-11,102,2773,2875
1230,2021-07-12,360,4305,4665
1230,2021-07-13,335,4190,4525
1230,2021-07-14,309,4358,4667
1230,2021-07-15,327,4462,4789
1230,2021-07-16,357,4382,4739
1230,2021-07-17,222,3097,3319
1230,2021-07-18,84,2496,2580
1230,2021-07-19,343,3969,4312
1230,2021-07-20,349,4097,4446
1230,2021-07-21,366,4302,4668
1230,2021-07-22,414,4229,4643
1230,2021-07-23,417,4290,4707
1230,2021-07-24,250,2822,3072
1230,2021-07-25,103,2175,2278
1230,2021-07-26,383,3831,4214
1230,2021-07-27,363,4065,4428
1230,2021-07-28,405,4133,4538
1230,2021-07-29,377,4154,4531
1230,2021-07-30,351,4125,4476
1230,2021-07-31,250,3012,3262
1230,2021-08-01,100,2193,2293
1230,2021-08-02,305,3612,3917
1230,2021-08-03,319,3824,4143
1230,2021-08-04,348,3826,4174
1230,2021-08-05,331,3728,4059
1230,2021-08-06,349,3797,4146
1230,2021-08-08,89,2048,2137
1230,2021-08-09,332,3786,4118
1230,2021-08-10,331,3728,4059
1230,2021-08-11,313,3869,4182
1230,2021-08-12,314,3903,4217
1230,2021-08-13,318,4056,4374
1230,2021-08-14,231,2719,2950
1230,2021-08-15,112,2590,2702
1230,2021-08-16,312,3404,3716
1230,2021-08-17,320,3694,4014
1230,2021-08-18,324,3625,3949
1230,2021-08-19,304,3842,4146
1230,2021-08-20,325,3760,4085
1230,2021-08-21,256,2809,3065
1230,2021-08-22,104,2158,2262
1230,2021-08-23,311,3436,3747
1230,2021-08-24,344,3896,4240
1230,2021-08-25,386,3870,4256
1230,2021-08-26,374,4030,4404
1230,2021-08-27,376,4029,4405
1230,2021-08-28,244,2759,3003
1230,2021-08-29,105,2192,2297
1230,2021-08-30,433,3735,4168
1230,2021-08-31,398,4191,4589
1230,2021-09-01,392,4284,4676
1230,2021-09-02,374,4241,4615
1230,2021-09-03,396,4360,4756
1230,2021-09-04,252,3105,3357
1230,2021-09-05,104,2531,2635
1230,2021-09-06,391,4135,4526
1230,2021-09-07,408,4548,4956
1230,2021-09-08,438,4618,5056
1230,2021-09-09,421,5083,5504
1230,2021-09-10,447,4698,5145
1230,2021-09-11,249,3574,3823
1230,2021-09-12,100,2675,2775
1230,2021-09-13,376,4638,5014
1230,2021-09-14,438,4840,5278
1230,2021-09-15,443,4826,5269
1230,2021-09-16,403,5008,5411
1230,2021-09-17,458,5216,5674
1230,2021-09-18,245,3592,3837
1230,2021-09-19,100,2709,2809
1230,2021-09-20,444,4776,5220
1230,2021-09-21,445,5258,5703
1230,2021-09-22,435,5156,5591
1230,2021-09-23,366,4752,5118
1230,2021-09-24,440,4924,5364
1230,2021-09-25,229,3706,3935
1230,2021-09-26,92,2522,2614
1230,2021-09-27,478,4765,5243
1230,2021-09-28,467,5186,5653
1230,2021-09-29,452,5239,5691
1230,2021-09-30,452,5202,5654
1230,2021-10-01,417,5321,5738
1230,2021-10-02,245,3792,4037
1230,2021-10-03,97,2617,2714
1230,2021-10-04,454,4840,5294
1230,2021-10-05,449,5314,5763
1230,2021-10-06,490,5295,5785
1230,2021-10-07,432,5379,5811
1230,2021-10-08,566,6104,6670
1230,2021-10-09,309,3787,4096
1230,2021-10-10,131,4068,4199
1230,2021-10-11,397,4685,5082
1230,2021-10-12,400,4866,5266
1230,2021-10-13,460,4877,5337
1230,2021-10-14,493,5574,6067
1230,2021-10-15,498,4988,5486
1230,2021-10-16,210,3236,3446
1230,2021-10-17,76,2388,2464
1230,2021-10-18,436,4437,4873
1230,2021-10-19,430,4695,5125
1230,2021-10-20,389,4362,4751
1230,2021-10-22,423,4692,5115
1230,2021-10-23,190,3240,3430
1230,2021-10-24,84,2592,2676
1230,2021-10-25,361,4253,4614
1230,2021-10-26,208,3956,4164
1230,2021-10-27,363,4654,5017
1230,2021-10-28,399,4801,5200
1230,2021-10-29,400,5047,5447
1230,2021-10-30,234,3326,3560
1230,2021-11-01,84,2254,2338
1230,2021-11-02,428,4161,4589
1230,2021-11-03,355,4132,4487
1230,2021-11-04,372,4260,4632
1230,2021-11-05,391,4913,5304
1230,2021-11-06,223,3362,3585
1230,2021-11-07,98,2260,2358
1230,2021-11-08,425,4932,5357
1230,2021-11-09,453,5511,5964
1230,2021-11-10,446,5100,5546
1230,2021-11-11,414,5051,5465
1230,2021-11-12,429,5172,5601
1230,2021-11-13,234,3588,3822
1230,2021-11-14,98,2640,2738
1230,2021-11-15,428,4635,5063
1230,2021-11-16,422,5052,5474
1230,2021-11-17,449,4823,5272
1230,2021-11-18,412,5098,5510
1230,2021-11-19,450,5347,5797
1230,2021-11-20,240,3755,3995
1230,2021-11-21,91,2548,2639
1230,2021-11-22,444,4955,5399
1230,2021-11-23,440,5188,5628
1230,2021-11-24,467,5344,5811
1230,2021-11-25,449,5193,5642
1230,2021-11-26,439,5138,5577
1230,2021-11-27,231,3685,3916
1230,2021-11-28,103,2496,2599
1230,2021-11-29,423,4885,5308
1230,2021-11-30,429,5364,5793
1230,2021-12-01,415,5519,5934
1230,2021-12-02,417,5320,5737
1230,2021-12-03,439,5165,5604
1230,2021-12-04,199,3509,3708
1230,2021-12-05,95,2491,2586
1230,2021-12-06,424,4674,5098
1230,2021-12-07,454,5019,5473
1230,2021-12-08,456,5048,5504
1230,2021-12-09,470,5063,5533
1230,2021-12-10,429,5065,5494
1230,2021-12-11,227,3707,3934
1230,2021-12-12,93,2483,2576
1230,2021-12-13,432,4755,5187
1230,2021-12-14,454,5114,5568
1230,2021-12-15,425,5188,5613
1230,2021-12-16,461,5388,5849
1230,2021-12-17,402,5501,5903
1230,2021-12-18,226,3526,3752
1230,2021-12-19,104,2386,2490
1230,2021-12-20,305,4155,4460
1230,2021-12-21,321,4381,4702
1230,2021-12-22,320,4510,4830
1230,2021-12-23,293,4482,4775
1230,2021-12-24,209,3511,3720
1230,2021-12-25,61,1604,1665
1230,2021-12-26,74,1760,1834
1230,2021-12-27,253,3186,3439
1230,2021-12-28,257,3362,3619
1230,2021-12-29,243,3574,3817
1230,2021-12-30,232,3725,3957
1230,2021-12-31,219,3262,3481
1231,2021-01-01,34,1057,1091
1231,2021-01-02,91,1773,1864
1231,2021-01-03,49,1320,1369
1231,2021-01-04,181,3135,3316
1231,2021-01-05,176,3278,3454
1231,2021-01-06,190,3237,3427
1231,2021-01-07,199,3237,3436
1231,2021-01-08,173,3247,3420
1231,2021-01-09,124,2096,2220
1231,2021-01-10,61,1559,1620
1231,2021-01-11,234,4105,4339
1231,2021-01-12,247,4188,4435
1231,2021-01-13,257,4186,4443
1231,2021-01-14,265,4062,4327
1231,2021-01-15,269,4083,4352
1231,2021-01-16,161,2518,2679
1231,2021-01-17,52,1389,1441
1231,2021-01-18,271,4195,4466
1231,2021-01-19,266,4316,4582
1231,2021-01-20,320,4192,4512
1231,2021-01-21,288,4370,4658
1231,2021-01-22,262,4348,4610
1231,2021-01-23,135,2477,2612
1231,2021-01-24,59,1576,1635
1231,2021-01-25,223,4167,4390
1231,2021-01-26,304,4378,4682
1231,2021-01-27,231,4127,4358
1231,2021-01-28,241,4156,4397
1231,2021-01-29,276,4328,4604
1231,2021-01-30,106,2594,2700
1231,2021-01-31,50,1607,1657
1231,2021-02-01,254,4309,4563
1231,2021-02-02,250,4658,4908
1231,2021-02-03,272,4338,4610
1231,2021-02-04,269,4487,4756
1231,2021-02-05,275,4352,4627
1231,2021-02-06,119,2655,2774
1231,2021-02-07,47,1530,1577
1231,2021-02-08,219,3886,4105
1231,2021-02-09,256,4043,4299
1231,2021-02-10,233,4186,4419
1231,2021-02-11,229,4187,4416
1231,2021-02-12,275,4129,4404
1231,2021-02-13,150,2736,2886
1231,2021-02-14,54,1663,1717
1231,2021-02-15,294,3691,3985
1231,2021-02-16,297,4163,4460
1231,2021-02-17,280,4074,4354
1231,2021-02-18,288,4122,4410
1231,2021-02-19,286,4170,4456
1231,2021-02-20,116,2910,3026
1231,2021-02-21,55,2121,2176
1231,2021-02-22,290,4362,4652
1231,2021-02-23,322,4683,5005
1231,2021-02-24,298,4627,4925
1231,2021-02-25,319,4635,4954
1231,2021-02-26,373,4527,4900
1231,2021-02-27,143,2960,3103
1231,2021-03-01,314,4555,4869
1231,2021-03-02,411,4631,5042
1231,2021-03-03,406,4643,5049
1231,2021-03-04,329,4445,4774
1231,2021-03-05,362,4527,4889
1231,2021-03-06,172,2891,3063
1231,2021-03-07,51,1969,2020
1231,2021-03-08,364,4385,4749
1231,2021-03-09,361,4440,4801
1231,2021-03-10,377,4403,4780
1231,2021-03-11,307,4487,4794
1231,2021-03-12,297,4184,4481
1231,2021-03-13,166,2579,2745
1231,2021-03-14,52,1704,1756
1231,2021-03-15,302,4206,4508
1231,2021-03-16,259,4499,4758
1231,2021-03-17,309,4269,4578
1231,2021-03-18,321,4330,4651
1231,2021-03-19,301,4357,4658
1231,2021-03-20,118,2821,2939
1231,2021-03-21,57,1763,1820
1231,2021-03-22,295,4237,4532
1231,2021-03-23,286,4508,4794
1231,2021-03-24,280,4423,4703
1231,2021-03-25,276,4387,4663
1231,2021-03-26,316,4366,4682
1231,2021-03-27,145,2711,2856
1231,2021-03-29,289,4436,4725
1231,2021-03-30,290,4732,5022
1231,2021-03-31,306,4681,4987
1231,2021-04-01,306,4796,5102
1231,2021-04-02,252,4569,4821
1231,2021-04-03,118,2855,2973
1231,2021-04-04,44,1827,1871
1231,2021-04-05,63,1459,1522
1231,2021-04-06,302,4085,4387
1231,2021-04-07,289,3986,4275
1231,2021-04-08,321,4340,4661
1231,2021-04-09,337,4308,4645
1231,2021-04-10,132,2435,2567
1231,2021-04-11,52,1509,1561
1231,2021-04-12,303,4206,4509
1231,2021-04-13,316,4473,4789
1231,2021-04-14,286,4280,4566
1231,2021-04-15,285,4415,4700
1231,2021-04-16,376,4187,4563
1231,2021-04-17,140,2746,2886
1231,2021-04-18,56,1761,1817
1231,2021-04-19,384,4252,4636
1231,2021-04-20,358,4646,5004
1231,2021-04-21,336,4343,4679
1231,2021-04-22,325,4473,4798
1231,2021-04-23,361,4599,4960
1231,2021-04-24,142,3067,3209
1231,2021-04-25,56,2130,2186
1231,2021-04-26,346,4445,4791
1231,2021-04-27,345,4573,4918
1231,2021-04-28,355,4406,4761
1231,2021-04-29,323,4471,4794
1231,2021-04-30,344,4503,4847
1231,2021-05-01,76,1937,2013
1231,2021-05-02,65,1926,1991
1231,2021-05-03,343,4173,4516
1231,2021-05-04,351,4283,4634
1231,2021-05-05,372,4227,4599
1231,2021-05-06,320,4222,4542
1231,2021-05-07,373,4278,4651
1231,2021-05-08,158,2805,2963
1231,2021-05-09,54,2115,2169
1231,2021-05-10,364,4066,4430
1231,2021-05-11,370,4269,4639
1231,2021-05-12,400,4363,4763
1231,2021-05-13,108,1848,1956
1231,2021-05-14,279,3715,3994
1231,2021-05-15,150,2516,2666
1231,2021-05-16,61,1659,1720
1231,2021-05-17,326,3576,3902
1231,2021-05-18,302,3424,3726
1231,2021-05-19,278,3458,3736
1231,2021-05-20,309,3574,3883
1231,2021-05-21,337,3889,4226
1231,2021-05-22,146,2655,2801
1231,2021-05-23,53,1627,1680
1231,2021-05-24,72,1542,1614
1231,2021-05-25,309,3873,4182
1231,2021-05-26,315,3995,4310
1231,2021-05-27,342,3849,4191
1231,2021-05-28,302,4067,4369
1231,2021-05-29,437,3009,3446
1231,2021-05-30,131,2428,2559
1231,2021-05-31,505,4217,4722
1231,2021-06-01,373,4389,4762
1231,2021-06-02,398,4222,4620
1231,2021-06-03,311,4071,4382
1231,2021-06-04,307,4231,4538
1231,2021-06-05,175,2846,3021
1231,2021-06-06,52,1837,1889
1231,2021-06-07,294,3982,4276
1231,2021-06-08,288,4056,4344
1231,2021-06-09,312,4081,4393
1231,2021-06-10,318,4194,4512
1231,2021-06-11,316,4211,4527
1231,2021-06-12,147,3145,3292
1231,2021-06-13,53,2340,2393
1231,2021-06-14,403,4161,4564
1231,2021-06-15,501,4335,4836
1231,2021-06-16,582,4170,4752
1231,2021-06-17,435,4331,4766
1231,2021-06-18,380,4317,4697
1231,2021-06-19,143,2852,2995
1231,2021-06-20,71,1882,1953
1231,2021-06-21,325,4115,4440
1231,2021-06-22,332,4363,4695
1231,2021-06-23,85,1926,2011
1231,2021-06-24,291,3892,4183
1231,2021-06-25,312,4168,4480
1231,2021-06-29,300,4316,4616
1231,2021-06-30,319,4221,4540
1231,2021-07-01,312,4351,4663
1231,2021-07-02,271,4628,4899
1231,2021-07-03,302,5337,5639
1231,2021-07-04,71,2595,2666
1231,2021-07-05,296,4182,4478
1231,2021-07-06,282,4394,4676
1231,2021-07-07,296,3958,4254
1231,2021-07-08,278,4333,4611
1231,2021-07-09,376,4410,4786
1231,2021-07-10,202,3225,3427
1231,2021-07-11,62,2235,2297
1231,2021-07-12,303,4099,4402
1231,2021-07-13,274,4280,4554
1231,2021-07-15,264,4258,4522
1231,2021-07-16,257,3999,4256
1231,2021-07-17,152,2605,2757
1231,2021-07-18,65,2151,2216
1231,2021-07-19,281,4071,4352
1231,2021-07-20,366,4304,4670
1231,2021-07-21,332,4292,4624
1231,2021-07-22,359,4087,4446
1231,2021-07-23,308,4014,4322
1231,2021-07-24,113,2409,2522
1231,2021-07-25,53,1728,1781
1231,2021-07-26,298,3592,3890
1231,2021-07-27,272,3668,3940
1231,2021-07-28,215,3760,3975
1231,2021-07-29,248,3927,4175
1231,2021-07-30,217,3970,4187
1231,2021-07-31,163,2471,2634
1231,2021-08-01,77,1956,2033
1231,2021-08-02,207,3410,3617
1231,2021-08-03,202,3435,3637
1231,2021-08-04,202,3629,3831
1231,2021-08-05,196,3466,3662
1231,2021-08-06,193,3430,3623
1231,2021-08-07,112,2336,2448
1231,2021-08-08,62,1652,1714
1231,2021-08-09,180,3398,3578
1231,2021-08-10,204,3540,3744
1231,2021-08-11,180,3590,3770
1231,2021-08-12,184,3593,3777
1231,2021-08-13,222,4133,4355
1231,2021-08-14,155,2518,2673
1231,2021-08-15,77,2061,2138
1231,2021-08-16,207,3258,3465
1231,2021-08-17,201,3336,3537
1231,2021-08-18,211,3366,3577
1231,2021-08-19,199,3424,3623
1231,2021-08-20,190,3536,3726
1231,2021-08-21,132,2474,2606
1231,2021-08-22,66,1650,1716
1231,2021-08-23,275,3526,3801
1231,2021-08-24,291,3848,4139
1231,2021-08-25,264,3681,3945
1231,2021-08-26,277,3553,3830
1231,2021-08-27,262,3596,3858
1231,2021-08-28,130,2256,2386
1231,2021-08-29,56,1557,1613
1231,2021-08-30,261,3615,3876
1231,2021-08-31,260,3898,4158
1231,2021-09-01,280,3764,4044
1231,2021-09-02,264,3800,4064
1231,2021-09-03,269,3841,4110
1231,2021-09-04,148,2523,2671
1231,2021-09-05,85,1970,2055
1231,2021-09-06,321,4653,4974
1231,2021-09-07,453,5060,5513
1231,2021-09-08,439,4789,5228
1231,2021-09-09,422,5292,5714
1231,2021-09-10,369,4521,4890
1231,2021-09-11,146,3390,3536
1231,2021-09-12,83,2521,2604
1231,2021-09-13,367,4680,5047
1231,2021-09-14,404,4799,5203
1231,2021-09-15,406,4643,5049
1231,2021-09-16,356,4877,5233
1231,2021-09-17,450,4952,5402
1231,2021-09-18,172,3316,3488
1231,2021-09-19,79,2481,2560
1231,2021-09-20,427,4544,4971
1231,2021-09-21,439,5023,5462
1231,2021-09-22,538,4762,5300
1231,2021-09-23,528,5414,5942
1231,2021-09-24,453,4967,5420
1231,2021-09-25,243,3715,3958
1231,2021-09-26,69,2158,2227
1231,2021-09-27,467,4421,4888
1231,2021-09-28,452,4943,5395
1231,2021-09-29,429,4631,5060
1231,2021-09-30,443,4801,5244
1231,2021-10-01,436,4847,5283
1231,2021-10-02,197,3214,3411
1231,2021-10-03,74,2197,2271
1231,2021-10-04,672,4910,5582
1231,2021-10-05,456,4727,5183
1231,2021-10-06,431,4789,5220
1231,2021-10-07,444,4805,5249
1231,2021-10-08,523,5149,5672
1231,2021-10-09,213,3342,3555
1231,2021-10-10,94,2524,2618
1231,2021-10-11,419,4227,4646
1231,2021-10-12,463,4387,4850
1231,2021-10-13,352,4280,4632
1231,2021-10-14,464,5055,5519
1231,2021-10-15,451,4520,4971
1231,2021-10-16,185,3009,3194
1231,2021-10-17,98,2070,2168
1231,2021-10-18,418,4439,4857
1231,2021-10-19,409,4627,5036
1231,2021-10-20,457,4496,4953
1231,2021-10-21,510,4450,4960
1231,2021-10-22,477,5006,5483
1231,2021-10-23,191,3107,3298
1231,2021-10-24,63,2384,2447
1231,2021-10-25,468,4455,4923
1231,2021-10-26,445,4878,5323
1231,2021-10-27,443,4761,5204
1231,2021-10-28,477,4794,5271
1231,2021-10-29,475,4787,5262
1231,2021-10-30,133,2746,2879
1231,2021-11-01,78,1709,1787
1231,2021-11-02,305,4111,4416
1231,2021-11-03,323,3808,4131
1231,2021-11-04,331,3998,4329
1231,2021-11-05,328,4073,4401
1231,2021-11-06,136,2608,2744
1231,2021-11-07,52,1774,1826
1231,2021-11-08,313,3996,4309
1231,2021-11-09,371,4140,4511
1231,2021-11-10,379,3777,4156
1231,2021-11-11,382,4013,4395
1231,2021-11-12,373,3829,4202
1231,2021-11-13,144,2527,2671
1231,2021-11-14,67,1670,1737
1231,2021-11-15,93,890,983
1231,2021-11-16,75,362,437
1231,2021-11-17,71,1073,1144
1231,2021-11-18,300,3720,4020
1231,2021-11-19,284,3946,4230
1231,2021-11-20,139,2644,2783
1231,2021-11-21,55,1738,1793
1231,2021-11-22,300,3977,4277
1231,2021-11-23,347,4244,4591
1231,2021-11-24,311,4256,4567
1231,2021-11-25,342,4241,4583
1231,2021-11-26,327,4012,4339
1231,2021-11-27,121,2542,2663
1231,2021-11-28,50,1627,1677
1231,2021-11-29,291,4003,4294
1231,2021-11-30,305,4318,4623
1231,2021-12-01,316,4508,4824
1231,2021-12-02,287,4315,4602
1231,2021-12-03,306,4129,4435
1231,2021-12-04,125,2606,2731
1231,2021-12-05,50,1699,1749
1231,2021-12-06,283,4029,4312
1231,2021-12-07,305,4256,4561
1231,2021-12-08,262,4037,4299
1231,2021-12-09,307,4060,4367
1231,2021-12-10,294,4415,4709
1231,2021-12-11,128,2520,2648
1231,2021-12-12,50,1602,1652
1231,2021-12-13,284,3914,4198
1231,2021-12-14,267,4298,4565
1231,2021-12-15,271,4057,4328
1231,2021-12-16,290,4124,4414
1231,2021-12-17,283,4147,4430
1231,2021-12-18,125,2472,2597
1231,2021-12-19,52,1570,1622
1231,2021-12-20,212,3546,3758
1231,2021-12-21,221,3618,3839
1231,2021-12-22,228,3527,3755
1231,2021-12-23,211,3370,3581
1231,2021-12-24,95,2394,2489
1231,2021-12-25,36,1258,1294
1231,2021-12-26,47,1370,1417
1231,2021-12-27,131,2470,2601
1231,2021-12-28,137,2727,2864
1231,2021-12-29,137,2812,2949
1231,2021-12-30,144,2878,3022
1231,2021-12-31,107,2275,2382
1232,2021-01-01,90,3303,3393
1232,2021-01-02,239,7405,7644
1232,2021-01-03,121,5568,5689
1232,2021-01-04,434,11432,11866
1232,2021-01-05,415,11553,11968
1232,2021-01-06,467,11699,12166
1232,2021-01-07,498,11921,12419
1232,2021-01-08,489,12166,12655
1232,2021-01-09,315,9211,9526
1232,2021-01-10,141,6483,6624
1232,2021-01-11,662,13953,14615
1232,2021-01-12,604,14106,14710
1232,2021-01-13,624,14100,14724
1232,2021-01-14,597,13843,14440
1232,2021-01-15,605,14646,15251
1232,2021-01-16,259,10297,10556
1232,2021-01-17,109,5820,5929
1232,2021-01-18,622,13991,14613
1232,2021-01-19,620,14300,14920
1232,2021-01-20,629,14128,14757
1232,2021-01-21,669,14312,14981
1232,2021-01-22,604,14881,15485
1232,2021-01-23,295,10922,11217
1232,2021-01-24,131,6831,6962
1232,2021-01-25,583,13752,14335
1232,2021-01-26,692,14521,15213
1232,2021-01-27,605,14361,14966
1232,2021-01-28,623,14458,15081
1232,2021-01-29,590,14929,15519
1232,2021-01-30,241,10822,11063
1232,2021-01-31,117,6937,7054
1232,2021-02-01,614,13781,14395
1232,2021-02-02,634,14646,15280
1232,2021-02-03,591,14036,14627
1232,2021-02-04,672,14719,15391
1232,2021-02-05,612,15157,15769
1232,2021-02-06,277,10850,11127
1232,2021-02-07,130,6730,6860
1232,2021-02-08,588,13227,13815
1232,2021-02-09,603,13788,14391
1232,2021-02-10,650,14182,14832
1232,2021-02-11,579,14390,14969
1232,2021-02-12,586,14938,15524
1232,2021-02-13,315,11846,12161
1232,2021-02-14,136,7637,7773
1232,2021-02-15,587,13119,13706
1232,2021-02-16,587,14077,14664
1232,2021-02-17,623,14205,14828
1232,2021-02-18,670,14195,14865
1232,2021-02-19,644,14933,15577
1232,2021-02-20,293,11346,11639
1232,2021-02-21,132,8816,8948
1232,2021-02-22,673,14204,14877
1232,2021-02-23,674,14892,15566
1232,2021-02-24,717,14702,15419
1232,2021-02-25,718,15171,15889
1232,2021-02-26,746,15719,16465
1232,2021-02-27,372,12150,12522
1232,2021-02-28,140,8819,8959
1232,2021-03-01,790,14647,15437
1232,2021-03-02,879,14927,15806
1232,2021-03-03,763,14615,15378
1232,2021-03-04,741,14249,14990
1232,2021-03-05,788,15096,15884
1232,2021-03-06,329,11404,11733
1232,2021-03-07,147,8021,8168
1232,2021-03-08,757,14253,15010
1232,2021-03-09,861,14623,15484
1232,2021-03-10,779,14327,15106
1232,2021-03-11,669,14354,15023
1232,2021-03-12,730,14962,15692
1232,2021-03-13,306,11304,11610
1232,2021-03-14,118,7991,8109
1232,2021-03-15,676,14025,14701
1232,2021-03-16,771,14446,15217
1232,2021-03-17,750,13831,14581
1232,2021-03-18,732,14794,15526
1232,2021-03-19,734,15273,16007
1232,2021-03-20,317,11752,12069
1232,2021-03-21,121,7912,8033
1232,2021-03-22,736,14123,14859
1232,2021-03-23,668,15023,15691
1232,2021-03-24,750,14459,15209
1232,2021-03-25,712,15110,15822
1232,2021-03-26,753,15680,16433
1232,2021-03-27,426,11431,11857
1232,2021-03-29,717,14335,15052
1232,2021-03-30,630,11524,12154
1232,2021-03-31,715,14523,15238
1232,2021-04-01,759,15512,16271
1232,2021-04-02,489,16092,16581
1232,2021-04-03,304,11531,11835
1232,2021-04-04,114,6996,7110
1232,2021-04-05,122,6023,6145
1232,2021-04-06,736,13774,14510
1232,2021-04-07,634,13783,14417
1232,2021-04-08,674,14220,14894
1232,2021-04-09,682,14696,15378
1232,2021-04-10,385,10317,10702
1232,2021-04-11,103,6746,6849
1232,2021-04-12,665,13708,14373
1232,2021-04-13,600,13933,14533
1232,2021-04-14,680,14291,14971
1232,2021-04-15,709,14574,15283
1232,2021-04-16,673,15219,15892
1232,2021-04-17,301,11169,11470
1232,2021-04-18,129,8081,8210
1232,2021-04-19,666,14193,14859
1232,2021-04-20,675,14643,15318
1232,2021-04-21,717,14604,15321
1232,2021-04-22,760,15267,16027
1232,2021-04-23,733,15611,16344
1232,2021-04-24,362,12352,12714
1232,2021-04-25,134,9160,9294
1232,2021-04-26,721,14371,15092
1232,2021-04-27,697,14872,15569
1232,2021-04-28,721,14930,15651
1232,2021-04-29,745,15101,15846
1232,2021-04-30,776,16716,17492
1232,2021-05-01,135,7690,7825
1232,2021-05-02,143,9821,9964
1232,2021-05-13,155,7889,8044
1232,2021-05-14,544,13997,14541
1232,2021-05-15,281,10987,11268
1232,2021-05-16,158,8272,8430
1232,2021-05-17,610,15181,15791
1232,2021-05-18,654,15348,16002
1232,2021-05-19,683,15114,15797
1232,2021-05-20,699,15397,16096
1232,2021-05-21,731,16018,16749
1232,2021-05-22,304,12012,12316
1232,2021-05-23,129,7944,8073
1232,2021-05-24,138,7198,7336
1232,2021-05-25,707,14354,15061
1232,2021-05-26,680,14375,15055
1232,2021-05-27,754,14641,15395
1232,2021-05-28,730,15493,16223
1232,2021-05-29,340,11939,12279
1232,2021-05-30,223,10056,10279
1232,2021-05-31,765,14067,14832
1232,2021-06-01,727,15490,16217
1232,2021-06-02,805,15183,15988
1232,2021-06-03,550,16070,16620
1232,2021-06-04,669,15568,16237
1232,2021-06-05,317,11996,12313
1232,2021-06-06,146,8717,8863
1232,2021-06-07,284,7275,7559
1232,2021-06-08,187,5020,5207
1232,2021-06-09,152,4338,4490
1232,2021-06-10,141,4584,4725
1232,2021-06-11,257,8547,8804
1232,2021-06-12,322,12429,12751
1232,2021-06-13,161,10103,10264
1232,2021-06-14,664,13952,14616
1232,2021-06-15,673,15143,15816
1232,2021-06-16,674,15078,15752
1232,2021-06-17,708,15276,15984
1232,2021-06-18,665,16010,16675
1232,2021-06-19,285,12537,12822
1232,2021-06-20,130,9066,9196
1232,2021-06-21,644,14644,15288
1232,2021-06-22,681,15366,16047
1232,2021-06-23,216,8371,8587
1232,2021-06-24,655,14377,15032
1232,2021-06-25,635,15497,16132
1232,2021-06-26,316,12127,12443
1232,2021-06-27,156,9121,9277
1232,2021-06-28,694,14654,15348
1232,2021-06-29,699,14490,15189
1232,2021-06-30,650,15115,15765
1232,2021-07-01,789,15273,16062
1232,2021-07-02,766,15785,16551
1232,2021-07-03,295,12254,12549
1232,2021-07-04,138,8482,8620
1232,2021-07-05,717,14293,15010
1232,2021-07-06,637,14403,15040
1232,2021-07-07,762,14470,15232
1232,2021-07-08,708,15119,15827
1232,2021-07-09,676,15442,16118
1232,2021-07-10,298,11399,11697
1232,2021-07-11,140,9079,9219
1232,2021-07-12,662,14289,14951
1232,2021-07-13,651,14636,15287
1232,2021-07-14,631,13870,14501
1232,2021-07-15,633,15362,15995
1232,2021-07-16,634,15290,15924
1232,2021-07-17,268,11656,11924
1232,2021-07-18,149,9326,9475
1232,2021-07-19,672,14028,14700
1232,2021-07-20,601,14738,15339
1232,2021-07-21,668,14376,15044
1232,2021-07-22,690,14902,15592
1232,2021-07-23,663,15022,15685
1232,2021-07-24,314,10383,10697
1232,2021-07-25,156,8486,8642
1232,2021-07-26,611,13778,14389
1232,2021-07-27,615,13320,13935
1232,2021-07-28,599,14398,14997
1232,2021-07-29,620,14663,15283
1232,2021-07-30,543,14622,15165
1232,2021-07-31,333,10857,11190
1232,2021-08-01,164,8791,8955
1232,2021-08-02,515,12766,13281
1232,2021-08-03,491,12711,13202
1232,2021-08-04,534,13165,13699
1232,2021-08-05,506,13241,13747
1232,2021-08-06,478,13315,13793
1232,2021-08-07,263,10153,10416
1232,2021-08-08,146,7652,7798
1232,2021-08-09,492,12439,12931
1232,2021-08-10,502,12596,13098
1232,2021-08-11,513,12858,13371
1232,2021-08-12,534,13182,13716
1232,2021-08-13,533,13082,13615
1232,2021-08-14,278,10436,10714
1232,2021-08-15,161,8733,8894
1232,2021-08-16,496,12560,13056
1232,2021-08-17,543,12581,13124
1232,2021-08-18,545,12818,13363
1232,2021-08-19,540,12765,13305
1232,2021-08-20,571,13457,14028
1232,2021-08-21,281,10574,10855
1232,2021-08-22,141,8112,8253
1232,2021-08-23,578,12963,13541
1232,2021-08-24,628,13750,14378
1232,2021-08-25,628,13825,14453
1232,2021-08-26,660,13625,14285
1232,2021-08-27,611,14082,14693
1232,2021-08-28,317,10800,11117
1232,2021-08-29,149,8307,8456
1232,2021-08-30,590,13434,14024
1232,2021-08-31,629,14030,14659
1232,2021-09-01,719,13986,14705
1232,2021-09-02,718,14443,15161
1232,2021-09-03,715,14793,15508
1232,2021-09-04,323,11396,11719
1232,2021-09-05,178,10008,10186
1232,2021-09-06,720,14090,14810
1232,2021-09-07,756,14479,15235
1232,2021-09-08,743,14571,15314
1232,2021-09-09,739,14670,15409
1232,2021-09-10,740,15085,15825
1232,2021-09-11,340,12549,12889
1232,2021-09-12,178,9856,10034
1232,2021-09-13,651,12215,12866
1232,2021-09-14,614,12412,13026
1232,2021-09-15,628,12537,13165
1232,2021-09-16,639,13029,13668
1232,2021-09-17,632,12895,13527
1232,2021-09-18,280,10314,10594
1232,2021-09-19,159,8045,8204
1232,2021-09-20,600,11699,12299
1232,2021-09-21,640,12809,13449
1232,2021-09-22,605,12054,12659
1232,2021-09-23,655,12764,13419
1232,2021-09-24,620,13116,13736
1232,2021-09-25,326,10807,11133
1232,2021-09-26,131,7418,7549
1232,2021-09-27,628,11823,12451
1232,2021-09-28,636,12596,13232
1232,2021-09-29,590,12496,13086
1232,2021-09-30,617,12754,13371
1232,2021-10-01,639,13096,13735
1232,2021-10-02,302,10444,10746
1232,2021-10-03,125,7386,7511
1232,2021-10-04,913,13101,14014
1232,2021-10-05,552,12488,13040
1232,2021-10-06,580,12591,13171
1232,2021-10-07,638,12864,13502
1232,2021-10-08,635,13437,14072
1232,2021-10-09,343,10670,11013
1232,2021-10-10,144,8374,8518
1232,2021-10-11,576,11822,12398
1232,2021-10-12,633,12209,12842
1232,2021-10-13,628,12779,13407
1232,2021-10-14,601,12588,13189
1232,2021-10-15,664,12955,13619
1232,2021-10-16,338,9896,10234
1232,2021-10-17,139,7735,7874
1232,2021-10-18,597,11701,12298
1232,2021-10-19,567,12005,12572
1232,2021-10-20,599,12289,12888
1232,2021-10-21,554,12353,12907
1232,2021-10-22,634,13042,13676
1232,2021-10-23,331,10570,10901
1232,2021-10-24,123,7981,8104
1232,2021-10-25,610,12121,12731
1232,2021-10-26,847,13536,14383
1232,2021-10-27,837,13690,14527
1232,2021-10-28,612,13433,14045
1232,2021-10-29,615,13247,13862
1232,2021-10-30,246,10645,10891
1232,2021-11-01,137,7021,7158
1232,2021-11-02,548,14000,14548
1232,2021-11-03,637,13981,14618
1232,2021-11-04,639,14473,15112
1232,2021-11-05,649,14841,15490
1232,2021-11-06,282,11342,11624
1232,2021-11-07,135,8012,8147
1232,2021-11-08,682,14418,15100
1232,2021-11-09,704,14999,15703
1232,2021-11-10,703,14891,15594
1232,2021-11-11,662,15138,15800
1232,2021-11-12,690,15636,16326
1232,2021-11-13,281,12005,12286
1232,2021-11-14,128,8404,8532
1232,2021-11-15,636,14318,14954
1232,2021-11-16,659,14537,15196
1232,2021-11-17,712,14946,15658
1232,2021-11-18,701,14590,15291
1232,2021-11-19,689,15370,16059
1232,2021-11-20,275,12204,12479
1232,2021-11-21,131,8419,8550
1232,2021-11-22,642,14326,14968
1232,2021-11-23,697,14862,15559
1232,2021-11-24,669,14755,15424
1232,2021-11-25,712,15467,16179
1232,2021-11-26,656,15296,15952
1232,2021-11-27,279,11689,11968
1232,2021-11-28,120,8076,8196
1232,2021-11-29,652,14452,15104
1232,2021-11-30,646,14653,15299
1232,2021-12-01,649,15095,15744
1232,2021-12-02,684,15256,15940
1232,2021-12-03,688,15909,16597
1232,2021-12-04,272,11997,12269
1232,2021-12-05,136,8631,8767
1232,2021-12-06,677,14156,14833
1232,2021-12-07,672,15040,15712
1232,2021-12-08,681,15029,15710
1232,2021-12-09,673,15304,15977
1232,2021-12-10,620,15121,15741
1232,2021-12-11,276,12411,12687
1232,2021-12-12,130,8557,8687
1232,2021-12-13,596,14491,15087
1232,2021-12-14,709,15106,15815
1232,2021-12-15,669,15412,16081
1232,2021-12-16,760,15673,16433
1232,2021-12-17,639,16125,16764
1232,2021-12-18,280,11759,12039
1232,2021-12-19,132,8603,8735
1232,2021-12-20,537,14776,15313
1232,2021-12-21,531,14870,15401
1232,2021-12-22,495,15017,15512
1232,2021-12-23,436,14968,15404
1232,2021-12-24,271,11024,11295
1232,2021-12-25,78,5328,5406
1232,2021-12-26,92,5526,5618
1232,2021-12-27,370,10457,10827
1232,2021-12-28,358,10919,11277
1232,2021-12-29,345,11507,11852
1232,2021-12-30,365,12274,12639
1232,2021-12-31,264,10676,10940
1250,2021-01-01,44,774,818
1250,2021-01-02,78,1256,1334
1250,2021-01-03,47,990,1037
1250,2021-01-04,133,1722,1855
1250,2021-01-05,125,1825,1950
1250,2021-01-06,134,1827,1961
1250,2021-01-07,130,1843,1973
1250,2021-01-08,154,1922,2076
1250,2021-01-09,87,1373,1460
1250,2021-01-10,52,1181,1233
1250,2021-01-11,157,2234,2391
1250,2021-01-12,182,2257,2439
1250,2021-01-13,228,2341,2569
1250,2021-01-14,209,2367,2576
1250,2021-01-15,195,2434,2629
1250,2021-01-16,95,1653,1748
1250,2021-01-17,48,1107,1155
1250,2021-01-18,173,2330,2503
1250,2021-01-19,186,2302,2488
1250,2021-01-20,175,2298,2473
1250,2021-01-21,182,2264,2446
1250,2021-01-22,216,2413,2629
1250,2021-01-23,93,1695,1788
1250,2021-01-24,48,1361,1409
1250,2021-01-25,198,2246,2444
1250,2021-01-26,187,2270,2457
1250,2021-01-27,182,2318,2500
1250,2021-01-28,162,2389,2551
1250,2021-01-29,159,2400,2559
1250,2021-01-30,81,1743,1824
1250,2021-01-31,47,1506,1553
1250,2021-02-01,172,2354,2526
1250,2021-02-02,212,2333,2545
1250,2021-02-03,165,2322,2487
1250,2021-02-04,195,2411,2606
1250,2021-02-05,211,2492,2703
1250,2021-02-06,96,1688,1784
1250,2021-02-07,43,1365,1408
1250,2021-02-08,188,2026,2214
1250,2021-02-09,189,2286,2475
1250,2021-02-10,148,2256,2404
1250,2021-02-11,209,2180,2389
1250,2021-02-12,196,2472,2668
1250,2021-02-13,99,1983,2082
1250,2021-02-14,51,1648,1699
1250,2021-02-15,146,1757,1903
1250,2021-02-16,164,1914,2078
1250,2021-02-17,150,1936,2086
1250,2021-02-18,162,2133,2295
1250,2021-02-19,187,2266,2453
1250,2021-02-20,92,2147,2239
1250,2021-02-21,50,2389,2439
1250,2021-02-22,201,2249,2450
1250,2021-02-23,246,2484,2730
1250,2021-02-24,266,2440,2706
1250,2021-02-25,232,2486,2718
1250,2021-02-26,220,2437,2657
1250,2021-02-27,101,2158,2259
1250,2021-03-01,250,2374,2624
1250,2021-03-02,247,2551,2798
1250,2021-03-03,238,2430,2668
1250,2021-03-04,203,2345,2548
1250,2021-03-05,238,2501,2739
1250,2021-03-06,91,2140,2231
1250,2021-03-07,55,1975,2030
1250,2021-03-08,209,2313,2522
1250,2021-03-09,266,2386,2652
1250,2021-03-10,292,2540,2832
1250,2021-03-11,196,2434,2630
1250,2021-03-12,230,2511,2741
1250,2021-03-13,96,1835,1931
1250,2021-03-14,53,1521,1574
1250,2021-03-15,254,2326,2580
1250,2021-03-16,230,2365,2595
1250,2021-03-17,252,2300,2552
1250,2021-03-18,265,2407,2672
1250,2021-03-19,228,2483,2711
1250,2021-03-20,104,2009,2113
1250,2021-03-21,51,1654,1705
1250,2021-03-22,262,2256,2518
1250,2021-03-23,258,2448,2706
1250,2021-03-24,239,2581,2820
1250,2021-03-25,267,2536,2803
1250,2021-03-26,210,2585,2795
1250,2021-03-27,168,1890,2058
1250,2021-03-29,279,2506,2785
1250,2021-03-30,259,2713,2972
1250,2021-03-31,265,2769,3034
1250,2021-04-01,319,2717,3036
1250,2021-04-02,280,2713,2993
1250,2021-04-03,90,2082,2172
1250,2021-04-04,53,1876,1929
1250,2021-04-05,58,1346,1404
1250,2021-04-06,260,2093,2353
1250,2021-04-07,276,1903,2179
1250,2021-04-08,306,2028,2334
1250,2021-04-09,247,2207,2454
1250,2021-04-10,65,1561,1626
1250,2021-04-11,35,1088,1123
1250,2021-04-12,199,2059,2258
1250,2021-04-13,175,2280,2455
1250,2021-04-14,353,2326,2679
1250,2021-04-15,332,2378,2710
1250,2021-04-16,319,2587,2906
1250,2021-04-17,90,2187,2277
1250,2021-04-18,47,1822,1869
1250,2021-04-19,292,2373,2665
1250,2021-04-20,365,2739,3104
1250,2021-04-21,295,2626,2921
1250,2021-04-22,339,2648,2987
1250,2021-04-23,315,2797,3112
1250,2021-04-24,97,2547,2644
1250,2021-04-25,47,2784,2831
1250,2021-04-26,324,2458,2782
1250,2021-04-27,309,2734,3043
1250,2021-04-28,231,2813,3044
1250,2021-04-29,243,2592,2835
1250,2021-04-30,214,2822,3036
1250,2021-05-01,63,2132,2195
1250,2021-05-02,50,2336,2386
1250,2021-05-03,205,2544,2749
1250,2021-05-04,231,2501,2732
1250,2021-05-05,191,2502,2693
1250,2021-05-06,217,2491,2708
1250,2021-05-07,223,2811,3034
1250,2021-05-08,109,2349,2458
1250,2021-05-09,54,2943,2997
1250,2021-05-10,250,2436,2686
1250,2021-05-11,225,2541,2766
1250,2021-05-12,282,2848,3130
1250,2021-05-13,69,2185,2254
1250,2021-05-14,178,2749,2927
1250,2021-05-15,90,2118,2208
1250,2021-05-16,71,1880,1951
1250,2021-05-17,176,2465,2641
1250,2021-05-18,258,2671,2929
1250,2021-05-19,197,2633,2830
1250,2021-05-20,201,2863,3064
1250,2021-05-21,274,2920,3194
1250,2021-05-22,112,2289,2401
1250,2021-05-23,46,2167,2213
1250,2021-05-24,64,1849,1913
1250,2021-05-25,177,2663,2840
1250,2021-05-26,196,2564,2760
1250,2021-05-27,223,2689,2912
1250,2021-05-28,223,2825,3048
1250,2021-05-29,114,2694,2808
1250,2021-05-30,57,3286,3343
1250,2021-05-31,283,2951,3234
1250,2021-06-01,250,3108,3358
1250,2021-06-02,247,3031,3278
1250,2021-06-03,214,3100,3314
1250,2021-06-04,244,3018,3262
1250,2021-06-05,100,2410,2510
1250,2021-06-06,79,2261,2340
1250,2021-06-07,230,2665,2895
1250,2021-06-08,303,2855,3158
1250,2021-06-09,270,2897,3167
1250,2021-06-10,300,2998,3298
1250,2021-06-11,296,3170,3466
1250,2021-06-12,104,2676,2780
1250,2021-06-13,51,3130,3181
1250,2021-06-14,240,2800,3040
1250,2021-06-15,260,3060,3320
1250,2021-06-16,258,2976,3234
1250,2021-06-17,271,2953,3224
1250,2021-06-18,273,3071,3344
1250,2021-06-19,95,2606,2701
1250,2021-06-20,61,2240,2301
1250,2021-06-21,204,2598,2802
1250,2021-06-22,248,2646,2894
1250,2021-06-23,67,1951,2018
1250,2021-06-24,229,2711,2940
1250,2021-06-25,207,3034,3241
1250,2021-06-26,146,2660,2806
1250,2021-06-27,60,2271,2331
1250,2021-06-28,229,2656,2885
1250,2021-06-29,210,2874,3084
1250,2021-06-30,208,2652,2860
1250,2021-07-01,227,2825,3052
1250,2021-07-02,215,3372,3587
1250,2021-07-03,91,2727,2818
1250,2021-07-04,55,1884,1939
1250,2021-07-05,198,2524,2722
1250,2021-07-06,188,2776,2964
1250,2021-07-07,236,2793,3029
1250,2021-07-08,209,2642,2851
1250,2021-07-09,218,2969,3187
1250,2021-07-10,99,2488,2587
1250,2021-07-11,50,2578,2628
1250,2021-07-12,209,2564,2773
1250,2021-07-29,140,2189,2329
1250,2021-07-30,181,2489,2670
1250,2021-07-31,104,2289,2393
1250,2021-08-01,68,2292,2360
1250,2021-08-02,126,2158,2284
1250,2021-08-03,124,2192,2316
1250,2021-08-04,152,2265,2417
1250,2021-08-05,185,2291,2476
1250,2021-08-06,166,2375,2541
1250,2021-08-07,86,1936,2022
1250,2021-08-08,47,1839,1886
1250,2021-08-09,145,2012,2157
1250,2021-08-10,168,2257,2425
1250,2021-08-11,151,2403,2554
1250,2021-08-12,155,2626,2781
1250,2021-08-13,146,2541,2687
1250,2021-08-14,105,2445,2550
1250,2021-08-15,60,2513,2573
1250,2021-08-16,165,2112,2277
1250,2021-08-17,165,2242,2407
1250,2021-08-18,168,2165,2333
1250,2021-08-19,171,2322,2493
1250,2021-08-20,154,2439,2593
1250,2021-08-21,84,2465,2549
1250,2021-08-22,48,1944,1992
1250,2021-08-23,150,2191,2341
1250,2021-08-24,171,2544,2715
1250,2021-08-25,198,2606,2804
1250,2021-08-26,187,2465,2652
1250,2021-08-27,239,2359,2598
1250,2021-08-28,111,1913,2024
1250,2021-08-29,51,1619,1670
1250,2021-08-30,178,2140,2318
1250,2021-08-31,212,2317,2529
1250,2021-09-01,220,2373,2593
1250,2021-09-02,299,2521,2820
1250,2021-09-03,318,2790,3108
1250,2021-09-04,91,2343,2434
1250,2021-09-05,54,2599,2653
1250,2021-09-06,298,2496,2794
1250,2021-09-07,331,2666,2997
1250,2021-09-08,261,2709,2970
1250,2021-09-09,258,2486,2744
1250,2021-09-10,248,2539,2787
1250,2021-09-11,104,2173,2277
1250,2021-09-12,56,2280,2336
1250,2021-09-13,265,2580,2845
1250,2021-09-14,264,2603,2867
1250,2021-09-15,258,2675,2933
1250,2021-09-16,248,2882,3130
1250,2021-09-17,334,2840,3174
1250,2021-09-18,148,2575,2723
1250,2021-09-19,56,2425,2481
1250,2021-09-20,245,2645,2890
1250,2021-09-21,238,2762,3000
1250,2021-09-22,256,2790,3046
1250,2021-09-23,227,2686,2913
1250,2021-09-24,256,2758,3014
1250,2021-09-25,98,2614,2712
1250,2021-09-26,62,1723,1785
1250,2021-09-27,243,2480,2723
1250,2021-09-28,271,2677,2948
1250,2021-09-29,274,2585,2859
1250,2021-09-30,282,2706,2988
1250,2021-10-01,292,2831,3123
1250,2021-10-02,83,2413,2496
1250,2021-10-03,48,1741,1789
1250,2021-10-04,306,2559,2865
1250,2021-10-05,253,2591,2844
1250,2021-10-06,232,2617,2849
1250,2021-10-07,246,2641,2887
1250,2021-10-08,226,2795,3021
1250,2021-10-09,104,2472,2576
1250,2021-10-10,55,2275,2330
1250,2021-10-11,233,2497,2730
1250,2021-10-12,246,2588,2834
1250,2021-10-14,276,2668,2944
1250,2021-10-15,262,2753,3015
1250,2021-10-16,103,2203,2306
1250,2021-10-17,52,1924,1976
1250,2021-10-18,292,2492,2784
1250,2021-10-19,219,2545,2764
1250,2021-10-20,226,2543,2769
1250,2021-10-21,213,2594,2807
1250,2021-10-22,214,2620,2834
1250,2021-10-23,92,2213,2305
1250,2021-10-24,44,2085,2129
1250,2021-10-25,245,2472,2717
1250,2021-10-26,235,2651,2886
1250,2021-10-27,259,2641,2900
1250,2021-10-28,259,2709,2968
1250,2021-10-29,250,2803,3053
1250,2021-10-30,89,1997,2086
1250,2021-11-01,46,1608,1654
1250,2021-11-02,41,501,542
1250,2021-11-03,6,147,153
1250,2021-11-04,7,196,203
1250,2021-11-05,10,168,178
1250,2021-11-06,1,201,202
1250,2021-11-07,1,143,144
1250,2021-11-08,12,137,149
1250,2021-11-09,11,157,168
1250,2021-11-10,10,165,175
1250,2021-11-11,46,758,804
1250,2021-11-12,183,2117,2300
1250,2021-11-13,90,1883,1973
1250,2021-11-14,53,1443,1496
1250,2021-11-15,173,2267,2440
1250,2021-11-16,218,2339,2557
1250,2021-11-17,239,2402,2641
1250,2021-11-18,246,2326,2572
1250,2021-11-19,224,2471,2695
1250,2021-11-20,89,2029,2118
1250,2021-11-21,49,1324,1373
1250,2021-11-22,226,2229,2455
1250,2021-11-23,227,2399,2626
1250,2021-11-24,215,2378,2593
1250,2021-11-25,242,2393,2635
1250,2021-11-26,218,2367,2585
1250,2021-11-27,90,1847,1937
1250,2021-11-28,48,1363,1411
1250,2021-11-29,180,2318,2498
1250,2021-11-30,225,2305,2530
1250,2021-12-01,151,2340,2491
1250,2021-12-02,220,2411,2631
1250,2021-12-03,218,2575,2793
1250,2021-12-04,89,2003,2092
1250,2021-12-05,44,1678,1722
1250,2021-12-06,196,2282,2478
1250,2021-12-07,203,2363,2566
1250,2021-12-08,209,2339,2548
1250,2021-12-09,214,2396,2610
1250,2021-12-10,202,2425,2627
1250,2021-12-11,94,1942,2036
1250,2021-12-12,47,1515,1562
1250,2021-12-13,265,3250,3515
1250,2021-12-14,290,3749,4039
1250,2021-12-15,230,3641,3871
1250,2021-12-16,258,3888,4146
1250,2021-12-17,207,3448,3655
1250,2021-12-18,91,1795,1886
1250,2021-12-19,60,1370,1430
1250,2021-12-20,150,2199,2349
1250,2021-12-21,153,2337,2490
1250,2021-12-22,143,2355,2498
1250,2021-12-23,141,2179,2320
1250,2021-12-24,90,1665,1755
1250,2021-12-25,43,1115,1158
1250,2021-12-26,43,1231,1274
1250,2021-12-27,101,1591,1692
1250,2021-12-28,120,1755,1875
1250,2021-12-29,99,1795,1894
1250,2021-12-30,92,1807,1899
1250,2021-12-31,98,1619,1717
1300,2021-01-01,58,10052,10110
1300,2021-01-02,186,17587,17773
1300,2021-01-03,99,16312,16411
1300,2021-01-04,1150,22597,23747
1300,2021-01-05,1413,23444,24857
1300,2021-01-06,1561,24227,25788
1300,2021-01-07,1514,25011,26525
1300,2021-01-08,1460,26399,27859
1300,2021-01-09,387,20839,21226
1300,2021-01-10,111,19342,19453
1300,2021-01-11,2043,30977,33020
1300,2021-01-12,1946,30872,32818
1300,2021-01-13,2017,31132,33149
1300,2021-01-14,2003,29293,31296
1300,2021-01-15,1819,30289,32108
1300,2021-01-16,417,22039,22456
1300,2021-01-17,104,15357,15461
1300,2021-01-18,1829,20589,22418
1300,2021-01-19,2021,31296,33317
1300,2021-01-20,2145,31879,34024
1300,2021-01-21,988,20184,21172
1300,2021-01-22,2194,23476,25670
1300,2021-01-23,424,20899,21323
1300,2021-01-24,93,14081,14174
1300,2021-01-25,2026,30306,32332
1300,2021-01-26,2230,32329,34559
1300,2021-01-27,2066,31312,33378
1300,2021-01-28,2045,31869,33914
1300,2021-01-29,1925,32455,34380
1300,2021-01-30,428,21120,21548
1300,2021-01-31,98,13880,13978
1300,2021-02-01,2004,31610,33614
1300,2021-02-02,2086,32488,34574
1300,2021-02-03,2017,31844,33861
1300,2021-02-04,2018,32940,34958
1300,2021-02-05,1955,33432,35387
1300,2021-02-06,459,21392,21851
1300,2021-02-07,116,14031,14147
1300,2021-02-08,1931,28954,30885
1300,2021-02-09,1896,29898,31794
1300,2021-02-10,1987,30902,32889
1300,2021-02-11,1681,24471,26152
1300,2021-02-12,2022,23690,25712
1300,2021-02-13,403,22507,22910
1300,2021-02-14,106,15247,15353
1300,2021-02-15,1955,30104,32059
1300,2021-02-16,2106,32416,34522
1300,2021-02-17,2074,32269,34343
1300,2021-02-18,2230,32977,35207
1300,2021-02-19,2101,28228,30329
1300,2021-02-20,467,23083,23550
1300,2021-02-21,109,17847,17956
1300,2021-02-22,2270,32587,34857
1300,2021-02-23,2412,33825,36237
1300,2021-02-24,2364,34004,36368
1300,2021-02-25,1112,20216,21328
1300,2021-02-26,2336,24574,26910
1300,2021-02-27,499,23850,24349
1300,2021-02-28,112,17235,17347
1300,2021-03-01,2361,32908,35269
1300,2021-03-02,2438,33937,36375
1300,2021-03-03,2411,34256,36667
1300,2021-03-04,1010,21842,22852
1300,2021-03-05,2480,25094,27574
1300,2021-03-06,450,21262,21712
1300,2021-03-07,100,15906,16006
1300,2021-03-08,2413,32353,34766
1300,2021-03-09,2457,33240,35697
1300,2021-03-10,2640,33967,36607
1300,2021-03-11,2385,33391,35776
1300,2021-03-12,2248,34063,36311
1300,2021-03-13,485,21655,22140
1300,2021-03-14,102,14518,14620
1300,2021-03-15,2415,32510,34925
1300,2021-03-16,2650,32673,35323
1300,2021-03-17,2534,32372,34906
1300,2021-03-18,2619,33713,36332
1300,2021-03-19,2538,34829,37367
1300,2021-03-20,499,23879,24378
1300,2021-03-21,109,16298,16407
1300,2021-03-22,2500,32634,35134
1300,2021-03-23,1896,25204,27100
1300,2021-03-24,1553,22937,24490
1300,2021-03-25,2493,33787,36280
1300,2021-03-26,2494,34939,37433
1300,2021-03-27,610,22896,23506
1300,2021-03-29,2561,26916,29477
1300,2021-03-30,2519,33174,35693
1300,2021-03-31,2481,31991,34472
1300,2021-04-01,2359,34036,36395
1300,2021-04-02,1163,22227,23390
1300,2021-04-03,489,23933,24422
1300,2021-04-04,81,17539,17620
1300,2021-04-05,140,14208,14348
1300,2021-04-06,2363,29725,32088
1300,2021-04-07,2427,30338,32765
1300,2021-04-08,2429,32880,35309
1300,2021-04-09,3607,45582,49189
1300,2021-04-10,1081,30517,31598
1300,2021-04-11,312,20241,20553
1300,2021-04-12,3528,43371,46899
1300,2021-04-13,3631,40202,43833
1300,2021-04-14,2483,32281,34764
1300,2021-04-15,2173,34119,36292
1300,2021-04-16,2510,24334,26844
1300,2021-04-17,542,23314,23856
1300,2021-04-18,153,16210,16363
1300,2021-04-19,2384,32281,34665
1300,2021-04-20,2469,33145,35614
1300,2021-04-21,2492,34211,36703
1300,2021-04-22,2378,34571,36949
1300,2021-04-23,2446,35606,38052
1300,2021-04-24,548,24969,25517
1300,2021-04-25,142,18991,19133
1300,2021-04-26,2497,34183,36680
1300,2021-04-27,2683,33473,36156
1300,2021-04-28,2424,35513,37937
1300,2021-04-29,2190,35036,37226
1300,2021-04-30,2618,26018,28636
1300,2021-05-01,201,18855,19056
1300,2021-05-02,128,17604,17732
1300,2021-05-03,2370,33656,36026
1300,2021-05-04,2308,33283,35591
1300,2021-05-05,2486,35031,37517
1300,2021-05-06,2346,34500,36846
1300,2021-05-07,2347,36130,38477
1300,2021-05-08,496,25241,25737
1300,2021-05-09,140,20402,20542
1300,2021-05-10,2307,33538,35845
1300,2021-05-11,2411,34730,37141
1300,2021-05-12,2520,36866,39386
1300,2021-05-13,241,17780,18021
1300,2021-05-14,1574,30734,32308
1300,2021-05-15,480,23466,23946
1300,2021-05-16,204,17449,17653
1300,2021-05-17,2420,35526,37946
1300,2021-05-18,2444,34691,37135
1300,2021-05-19,2487,35409,37896
1300,2021-05-20,1225,23812,25037
1314,2021-01-01,47,1284,1331
1314,2021-01-02,97,1896,1993
1314,2021-01-03,58,1565,1623
1314,2021-01-04,143,2578,2721
1314,2021-01-05,170,2779,2949
1314,2021-01-06,175,2772,2947
1314,2021-01-07,167,2879,3046
1314,2021-01-08,169,2936,3105
1314,2021-01-09,131,2269,2400
1314,2021-01-10,62,1796,1858
1314,2021-01-11,253,3767,4020
1314,2021-01-12,248,3826,4074
1314,2021-01-13,270,3877,4147
1314,2021-01-14,196,3107,3303
1314,2021-01-15,249,3697,3946
1314,2021-01-16,117,2481,2598
1314,2021-01-17,57,1520,1577
1314,2021-01-18,265,3620,3885
1314,2021-01-19,299,3888,4187
1314,2021-01-20,276,4086,4362
1314,2021-01-21,297,3913,4210
1314,2021-01-22,315,4067,4382
1314,2021-01-23,118,2735,2853
1314,2021-01-24,66,1854,1920
1314,2021-01-25,270,3679,3949
1314,2021-01-26,284,3887,4171
1314,2021-01-27,254,3759,4013
1314,2021-01-28,240,3994,4234
1314,2021-01-29,226,4191,4417
1314,2021-01-30,122,2539,2661
1314,2021-01-31,61,1873,1934
1314,2021-02-02,279,4114,4393
1314,2021-02-03,274,3866,4140
1314,2021-02-04,290,4261,4551
1314,2021-02-05,268,4310,4578
1314,2021-02-06,112,2687,2799
1314,2021-02-07,53,1979,2032
1314,2021-02-08,247,3324,3571
1314,2021-02-09,238,3358,3596
1314,2021-02-10,245,3528,3773
1314,2021-02-11,253,3516,3769
1314,2021-02-12,243,3668,3911
1314,2021-02-13,130,2734,2864
1314,2021-02-14,57,2029,2086
1314,2021-02-15,269,3285,3554
1314,2021-02-16,285,3779,4064
1314,2021-02-17,275,3701,3976
1314,2021-02-18,314,3663,3977
1314,2021-02-19,303,3879,4182
1314,2021-02-20,152,3228,3380
1314,2021-02-21,61,3039,3100
1314,2021-02-22,276,3932,4208
1314,2021-02-23,317,4456,4773
1314,2021-02-24,346,4394,4740
1314,2021-02-25,326,4423,4749
1314,2021-02-26,285,4304,4589
1314,2021-02-27,149,3078,3227
1314,2021-02-28,57,2568,2625
1314,2021-03-01,316,4249,4565
1314,2021-03-02,297,4646,4943
1314,2021-03-03,358,4563,4921
1314,2021-03-04,328,4513,4841
1314,2021-03-05,329,4536,4865
1314,2021-03-06,202,3264,3466
1314,2021-03-07,69,2431,2500
1314,2021-03-08,312,4313,4625
1314,2021-03-09,352,4444,4796
1314,2021-03-10,314,4462,4776
1314,2021-03-11,332,4348,4680
1314,2021-03-12,333,4495,4828
1314,2021-03-13,154,2674,2828
1314,2021-03-14,53,1929,1982
1314,2021-03-15,298,4147,4445
1314,2021-03-16,298,4286,4584
1314,2021-03-17,324,4391,4715
1314,2021-03-18,285,4494,4779
1314,2021-03-19,299,4574,4873
1314,2021-03-20,204,3207,3411
1314,2021-03-21,53,2041,2094
1314,2021-03-22,300,4209,4509
1314,2021-03-23,346,4578,4924
1314,2021-03-24,335,4764,5099
1314,2021-03-25,370,4570,4940
1314,2021-03-26,336,4716,5052
1314,2021-03-27,146,2937,3083
1314,2021-03-29,281,4553,4834
1314,2021-03-30,311,4967,5278
1314,2021-03-31,338,4923,5261
1314,2021-04-01,321,4994,5315
1314,2021-04-02,318,4838,5156
1314,2021-04-03,145,3289,3434
1314,2021-04-04,61,2599,2660
1314,2021-04-05,58,1719,1777
1314,2021-04-06,312,3917,4229
1314,2021-04-07,279,3925,4204
1314,2021-04-08,296,4206,4502
1314,2021-04-09,329,4398,4727
1314,2021-04-10,161,2708,2869
1314,2021-04-11,63,2524,2587
1314,2021-04-12,264,4032,4296
1314,2021-04-13,300,4208,4508
1314,2021-04-14,334,4435,4769
1314,2021-04-15,276,4336,4612
1314,2021-04-16,302,4331,4633
1314,2021-04-17,151,3443,3594
1314,2021-04-18,56,2235,2291
1314,2021-04-19,305,4314,4619
1314,2021-04-20,306,4729,5035
1314,2021-04-21,322,4690,5012
1314,2021-04-22,352,4832,5184
1314,2021-04-23,312,5024,5336
1314,2021-04-24,156,3938,4094
1314,2021-04-25,66,3180,3246
1314,2021-04-26,329,4653,4982
1314,2021-04-27,343,4926,5269
1314,2021-04-28,382,4950,5332
1314,2021-04-29,342,4772,5114
1314,2021-04-30,368,4960,5328
1314,2021-05-01,91,2692,2783
1314,2021-05-02,63,2460,2523
1314,2021-05-03,360,4546,4906
1314,2021-05-04,285,4539,4824
1314,2021-05-05,336,4635,4971
1314,2021-05-06,368,4668,5036
1314,2021-05-07,349,4818,5167
1314,2021-05-08,157,3320,3477
1314,2021-05-09,55,3319,3374
1314,2021-05-10,315,4278,4593
1314,2021-05-11,287,4773,5060
1314,2021-05-12,325,4928,5253
1314,2021-05-13,66,2567,2633
1314,2021-05-14,251,4448,4699
1314,2021-05-15,163,2991,3154
1314,2021-05-16,62,2224,2286
1314,2021-05-17,381,4591,4972
1314,2021-05-18,364,4617,4981
1314,2021-05-19,396,4821,5217
1314,2021-05-20,369,4973,5342
1314,2021-05-21,366,4928,5294
1314,2021-05-22,221,3547,3768
1314,2021-05-23,59,2608,2667
1314,2021-05-24,56,1894,1950
1314,2021-05-25,333,3924,4257
1314,2021-05-27,335,4265,4600
1314,2021-05-28,291,4460,4751
1314,2021-05-29,161,3534,3695
1314,2021-05-30,83,3330,3413
1314,2021-05-31,341,4661,5002
1314,2021-06-01,415,5135,5550
1314,2021-06-02,372,4846,5218
1314,2021-06-03,354,4849,5203
1314,2021-06-04,317,4902,5219
1314,2021-06-05,132,3531,3663
1314,2021-06-06,57,2688,2745
1314,2021-06-07,312,4567,4879
1314,2021-06-08,352,4661,5013
1314,2021-06-09,368,4925,5293
1314,2021-06-10,361,5077,5438
1314,2021-06-11,310,5289,5599
1314,2021-06-12,169,3936,4105
1314,2021-06-13,98,3854,3952
1314,2021-06-14,283,4829,5112
1314,2021-06-15,372,4848,5220
1314,2021-06-16,402,5020,5422
1314,2021-06-17,384,4953,5337
1314,2021-06-18,373,4836,5209
1314,2021-06-19,177,3536,3713
1314,2021-06-20,71,2621,2692
1314,2021-06-21,300,4468,4768
1314,2021-06-22,328,4844,5172
1314,2021-06-23,82,2496,2578
1314,2021-06-24,300,4458,4758
1314,2021-06-25,336,4868,5204
1314,2021-06-26,128,3654,3782
1314,2021-06-27,68,2771,2839
1314,2021-06-28,328,4438,4766
1314,2021-06-29,345,4662,5007
1314,2021-06-30,401,4553,4954
1314,2021-07-01,394,4846,5240
1314,2021-07-02,417,4978,5395
1314,2021-07-03,166,3644,3810
1314,2021-07-04,70,2519,2589
1314,2021-07-05,404,4524,4928
1314,2021-07-06,330,4532,4862
1314,2021-07-07,320,4885,5205
1314,2021-07-08,277,4888,5165
1314,2021-07-09,278,5059,5337
1314,2021-07-10,182,3586,3768
1314,2021-07-11,63,2901,2964
1314,2021-07-12,332,4492,4824
1314,2021-07-13,278,4549,4827
1314,2021-07-14,267,4896,5163
1314,2021-07-15,248,4659,4907
1314,2021-07-16,289,4485,4774
1314,2021-07-17,139,3224,3363
1314,2021-07-18,67,2924,2991
1314,2021-07-19,267,4078,4345
1314,2021-07-20,320,4383,4703
1314,2021-07-21,328,4482,4810
1314,2021-07-22,301,4485,4786
1314,2021-07-23,322,4528,4850
1314,2021-07-24,26,444,470
1314,2021-07-25,100,2350,2450
1314,2021-07-26,256,3834,4090
1314,2021-07-27,304,3886,4190
1314,2021-07-28,242,4062,4304
1314,2021-07-29,222,4107,4329
1314,2021-07-30,234,4023,4257
1314,2021-07-31,210,2884,3094
1314,2021-08-01,94,2571,2665
1314,2021-08-02,216,3213,3429
1314,2021-08-03,203,3272,3475
1314,2021-08-04,202,3455,3657
1314,2021-08-05,188,3581,3769
1314,2021-08-06,182,3431,3613
1314,2021-08-07,113,2623,2736
1314,2021-08-08,69,2139,2208
1314,2021-08-09,186,3126,3312
1314,2021-08-10,218,3306,3524
1314,2021-08-11,222,3470,3692
1314,2021-08-12,206,3618,3824
1314,2021-08-13,250,3644,3894
1314,2021-08-14,173,2977,3150
1314,2021-08-15,137,2462,2599
1314,2021-08-16,199,2950,3149
1314,2021-08-17,212,3221,3433
1314,2021-08-18,202,3221,3423
1314,2021-08-19,188,3342,3530
1314,2021-08-20,218,3662,3880
1314,2021-08-21,176,2949,3125
1314,2021-08-22,47,2190,2237
1314,2021-08-23,215,3498,3713
1314,2021-08-24,233,3924,4157
1314,2021-08-25,263,4077,4340
1314,2021-08-26,249,3765,4014
1314,2021-08-27,240,3895,4135
1314,2021-08-28,152,2739,2891
1314,2021-08-29,65,2252,2317
1314,2021-08-30,238,3809,4047
1314,2021-08-31,280,4043,4323
1314,2021-09-01,301,4168,4469
1314,2021-09-02,289,4380,4669
1314,2021-09-03,279,4450,4729
1314,2021-09-04,148,3210,3358
1314,2021-09-05,66,2795,2861
1314,2021-09-06,270,4154,4424
1314,2021-09-07,242,4530,4772
1314,2021-09-08,246,4659,4905
1314,2021-09-09,315,4513,4828
1314,2021-09-10,263,4884,5147
1314,2021-09-11,137,4448,4585
1314,2021-09-12,60,3347,3407
1314,2021-09-13,254,4843,5097
1314,2021-09-14,259,4630,4889
1314,2021-09-15,251,4949,5200
1314,2021-09-16,296,4919,5215
1314,2021-09-17,313,4988,5301
1314,2021-09-18,161,3656,3817
1314,2021-09-19,99,3083,3182
1314,2021-09-20,284,4494,4778
1314,2021-09-21,303,4828,5131
1314,2021-09-22,299,4902,5201
1314,2021-09-23,349,5125,5474
1314,2021-09-24,359,5053,5412
1314,2021-09-25,197,3906,4103
1314,2021-09-26,57,2638,2695
1314,2021-09-27,301,4677,4978
1314,2021-09-28,316,4851,5167
1314,2021-09-29,337,4895,5232
1314,2021-09-30,310,5095,5405
1314,2021-10-01,323,4923,5246
1314,2021-10-02,137,3539,3676
1314,2021-10-03,56,2487,2543
1314,2021-10-04,304,4600,4904
1314,2021-10-05,317,4770,5087
1314,2021-10-06,307,4630,4937
1314,2021-10-07,305,5150,5455
1314,2021-10-08,345,4960,5305
1314,2021-10-09,135,3641,3776
1314,2021-10-10,86,3106,3192
1314,2021-10-11,343,4609,4952
1314,2021-10-12,305,4830,5135
1314,2021-10-13,270,4588,4858
1314,2021-10-14,318,5078,5396
1314,2021-10-15,303,4955,5258
1314,2021-10-16,134,3530,3664
1314,2021-10-17,62,2716,2778
1314,2021-10-18,278,4655,4933
1314,2021-10-19,309,4897,5206
1314,2021-10-20,353,4801,5154
1314,2021-10-22,341,4958,5299
1314,2021-10-23,152,3460,3612
1314,2021-10-24,67,3403,3470
1314,2021-10-25,262,3706,3968
1314,2021-10-26,250,3565,3815
1314,2021-10-27,257,4045,4302
1314,2021-10-28,288,4619,4907
1314,2021-10-29,309,5005,5314
1314,2021-10-30,174,3120,3294
1314,2021-11-01,52,2492,2544
1314,2021-11-02,150,2420,2570
1314,2021-11-03,140,2110,2250
1314,2021-11-04,150,2384,2534
1314,2021-11-05,159,2771,2930
1314,2021-11-06,129,2932,3061
1314,2021-11-07,50,2027,2077
1314,2021-11-08,255,4263,4518
1314,2021-11-09,306,4503,4809
1314,2021-11-10,296,4544,4840
1314,2021-11-11,310,4464,4774
1314,2021-11-12,266,4572,4838
1314,2021-11-13,137,3101,3238
1314,2021-11-14,57,2283,2340
1314,2021-11-15,246,4232,4478
1314,2021-11-16,293,4564,4857
1314,2021-11-17,316,4275,4591
1314,2021-11-18,301,4849,5150
1314,2021-11-19,288,4561,4849
1314,2021-11-20,162,3415,3577
1314,2021-11-21,50,2159,2209
1314,2021-11-22,240,4145,4385
1314,2021-11-23,277,4523,4800
1314,2021-11-24,315,4588,4903
1314,2021-11-25,267,4630,4897
1314,2021-11-26,280,4820,5100
1314,2021-11-27,118,3101,3219
1314,2021-11-28,52,2217,2269
1314,2021-11-29,267,4190,4457
1314,2021-11-30,299,4401,4700
1314,2021-12-01,277,4568,4845
1314,2021-12-02,245,4737,4982
1314,2021-12-03,266,4667,4933
1314,2021-12-04,128,3164,3292
1314,2021-12-05,54,2222,2276
1314,2021-12-06,249,3962,4211
1314,2021-12-07,319,4395,4714
1314,2021-12-08,298,4507,4805
1314,2021-12-09,271,4585,4856
1314,2021-12-10,260,4359,4619
1314,2021-12-11,131,3079,3210
1314,2021-12-12,63,2103,2166
1314,2021-12-13,270,4268,4538
1314,2021-12-14,278,4571,4849
1314,2021-12-15,330,4231,4561
1314,2021-12-16,274,4440,4714
1314,2021-12-17,222,4548,4770
1314,2021-12-18,131,2881,3012
1314,2021-12-19,46,2091,2137
1314,2021-12-20,165,3303,3468
1314,2021-12-21,184,3454,3638
1314,2021-12-22,165,3406,3571
1314,2021-12-23,165,3251,3416
1314,2021-12-24,119,2769,2888
1314,2021-12-25,40,1765,1805
1314,2021-12-26,53,1628,1681
1314,2021-12-27,125,2388,2513
1314,2021-12-29,139,2686,2825
1314,2021-12-30,145,2865,3010
1314,2021-12-31,126,2516,2642
1400,2021-01-01,5,3467,3472
1400,2021-01-02,18,6839,6857
1400,2021-01-03,6,4953,4959
1400,2021-01-04,96,14088,14184
1400,2021-01-05,104,14273,14377
1400,2021-01-06,108,14378,14486
1400,2021-01-07,106,15128,15234
1400,2021-01-08,122,15521,15643
1400,2021-01-09,27,9213,9240
1400,2021-01-10,16,5755,5771
1400,2021-01-11,151,17764,17915
1400,2021-01-12,127,17331,17458
1400,2021-01-13,150,17643,17793
1400,2021-01-14,131,16175,16306
1400,2021-01-15,190,15504,15694
1400,2021-01-16,27,10612,10639
1400,2021-01-17,6,5461,5467
1400,2021-01-18,113,17512,17625
1400,2021-01-19,136,18153,18289
1400,2021-01-20,194,18108,18302
1400,2021-01-21,172,18308,18480
1400,2021-01-22,148,18357,18505
1400,2021-01-23,39,11972,12011
1400,2021-01-24,15,5978,5993
1400,2021-01-25,154,17634,17788
1400,2021-01-26,179,18679,18858
1400,2021-01-27,236,17930,18166
1400,2021-01-28,220,18994,19214
1400,2021-01-29,223,19130,19353
1400,2021-01-30,38,12623,12661
1400,2021-01-31,10,6251,6261
1400,2021-02-01,202,18939,19141
1400,2021-02-02,235,19395,19630
1400,2021-02-03,241,19055,19296
1400,2021-02-04,255,18950,19205
1400,2021-02-05,249,19391,19640
1400,2021-02-06,81,12387,12468
1400,2021-02-07,9,6248,6257
1400,2021-02-08,200,18314,18514
1400,2021-02-09,191,18194,18385
1400,2021-02-10,157,18162,18319
1400,2021-02-11,131,18312,18443
1400,2021-02-12,130,18222,18352
1400,2021-02-13,23,12129,12152
1400,2021-02-14,10,6481,6491
1400,2021-02-15,151,17659,17810
1400,2021-02-16,186,18191,18377
1400,2021-02-17,195,17950,18145
1400,2021-02-18,225,18472,18697
1400,2021-02-19,175,18352,18527
1400,2021-02-20,34,12137,12171
1400,2021-02-21,16,6651,6667
1400,2021-02-22,206,17876,18082
1400,2021-02-23,230,18001,18231
1400,2021-02-24,199,17780,17979
1400,2021-02-25,210,18246,18456
1400,2021-02-26,215,18459,18674
1400,2021-02-27,39,12103,12142
1400,2021-02-28,9,6786,6795
1400,2021-03-01,197,18026,18223
1400,2021-03-02,211,18378,18589
1400,2021-03-03,169,18011,18180
1400,2021-03-04,201,18242,18443
1400,2021-03-05,209,18468,18677
1400,2021-03-06,46,12286,12332
1400,2021-03-07,12,6629,6641
1400,2021-03-08,189,18582,18771
1400,2021-03-09,205,19026,19231
1400,2021-03-10,185,18613,18798
1400,2021-03-12,163,19050,19213
1400,2021-03-13,43,12501,12544
1400,2021-03-14,10,6315,6325
1400,2021-03-15,182,18828,19010
1400,2021-03-16,355,18022,18377
1400,2021-03-17,263,19024,19287
1400,2021-03-18,261,19222,19483
1400,2021-03-19,243,19234,19477
1400,2021-03-20,50,13092,13142
1400,2021-03-21,18,6972,6990
1400,2021-03-24,253,18726,18979
1400,2021-03-25,245,19176,19421
1400,2021-03-26,238,19208,19446
1400,2021-03-27,42,13334,13376
1400,2021-03-28,-46,4,-42
1400,2021-03-29,220,18855,19075
1400,2021-03-30,222,19370,19592
1400,2021-03-31,201,19361,19562
1400,2021-04-01,209,19885,20094
1400,2021-04-02,196,19902,20098
1400,2021-04-03,71,13008,13079
1400,2021-04-04,4,6106,6110
1400,2021-04-05,4,5220,5224
1400,2021-04-06,191,18415,18606
1400,2021-04-07,226,18542,18768
1400,2021-04-08,235,18889,19124
1400,2021-04-09,224,18967,19191
1400,2021-04-10,46,12568,12614
1400,2021-04-11,18,5773,5791
1400,2021-04-12,203,18589,18792
1400,2021-04-13,230,19111,19341
1400,2021-04-14,202,18889,19091
1400,2021-04-15,242,19017,19259
1400,2021-04-16,241,19189,19430
1400,2021-04-17,54,12913,12967
1400,2021-04-18,15,6360,6375
1400,2021-04-19,225,18915,19140
1400,2021-04-20,246,19198,19444
1400,2021-04-21,207,18810,19017
1400,2021-04-22,258,18408,18666
1400,2021-04-23,238,19429,19667
1400,2021-04-24,77,13593,13670
1400,2021-04-25,18,7368,7386
1400,2021-04-26,222,19201,19423
1400,2021-04-27,213,19722,19935
1400,2021-04-28,275,19446,19721
1400,2021-04-29,316,19696,20012
1400,2021-04-30,256,20461,20717
1400,2021-05-01,12,7580,7592
1400,2021-05-02,6,7531,7537
1400,2021-05-03,229,19726,19955
1400,2021-05-04,243,19608,19851
1400,2021-05-05,235,20031,20266
1400,2021-05-06,256,20072,20328
1400,2021-05-07,226,20545,20771
1400,2021-05-08,42,15085,15127
1400,2021-05-09,11,7401,7412
1400,2021-05-10,221,20112,20333
1400,2021-05-11,248,20453,20701
1400,2021-05-12,229,19703,19932
1400,2021-05-13,18,7420,7438
1400,2021-05-14,152,16973,17125
1400,2021-05-15,40,13194,13234
1400,2021-05-16,11,7318,7329
1400,2021-05-17,218,18483,18701
1400,2021-05-18,200,20009,20209
1400,2021-05-19,248,19146,19394
1400,2021-05-20,228,20364,20592
1400,2021-05-21,244,20587,20831
1400,2021-05-22,64,14977,15041
1400,2021-05-23,13,7921,7934
1400,2021-05-24,16,6768,6784
1400,2021-05-25,208,19928,20136
1400,2021-05-26,216,19822,20038
1400,2021-05-27,204,19939,20143
1400,2021-05-28,240,20951,21191
1400,2021-05-29,47,14195,14242
1400,2021-05-30,9,8529,8538
1400,2021-05-31,203,20140,20343
1400,2021-06-01,236,20599,20835
1400,2021-06-02,213,20511,20724
1400,2021-06-03,248,20631,20879
1400,2021-06-04,234,21275,21509
1400,2021-06-05,52,15090,15142
1400,2021-06-06,17,8288,8305
1400,2021-06-07,212,20371,20583
1400,2021-06-08,246,20833,21079
1400,2021-06-09,199,20126,20325
1400,2021-06-10,240,20970,21210
1400,2021-06-11,238,21102,21340
1400,2021-06-12,50,14493,14543
1400,2021-06-13,12,8826,8838
1400,2021-06-14,202,19775,19977
1400,2021-06-16,205,20162,20367
1400,2021-06-17,229,20456,20685
1400,2021-06-18,227,21270,21497
1400,2021-06-19,41,14243,14284
1400,2021-06-20,12,8239,8251
1400,2021-06-21,206,19814,20020
1400,2021-06-22,225,20366,20591
1400,2021-06-23,67,8665,8732
1400,2021-06-24,200,20139,20339
1400,2021-06-25,208,20057,20265
1400,2021-06-26,65,15046,15111
1400,2021-06-27,17,9699,9716
1400,2021-06-28,215,19668,19883
1400,2021-06-29,217,21097,21314
1400,2021-06-30,245,19965,20210
1400,2021-07-02,196,21677,21873
1400,2021-07-03,42,14530,14572
1400,2021-07-04,11,8580,8591
1400,2021-07-05,190,20542,20732
1400,2021-07-06,184,21131,21315
1400,2021-07-07,200,19331,19531
1400,2021-07-08,227,20904,21131
1400,2021-07-09,253,21230,21483
1400,2021-07-10,53,14302,14355
1400,2021-07-11,9,8358,8367
1400,2021-07-12,189,19787,19976
1400,2021-07-13,239,19626,19865
1400,2021-07-14,96,19903,19999
1400,2021-07-15,227,19741,19968
1400,2021-07-16,210,20618,20828
1400,2021-07-17,46,13686,13732
1400,2021-07-18,8,8516,8524
1400,2021-07-19,220,18900,19120
1400,2021-07-21,237,19395,19632
1400,2021-07-22,190,20182,20372
1400,2021-07-23,204,20352,20556
1400,2021-07-24,42,13499,13541
1400,2021-07-25,8,8422,8430
1400,2021-07-26,221,19302,19523
1400,2021-07-27,210,20023,20233
1400,2021-07-28,213,19972,20185
1400,2021-07-29,179,19411,19590
1400,2021-07-30,158,19041,19199
1400,2021-07-31,35,11840,11875
1400,2021-08-01,11,7343,7354
1400,2021-08-02,126,16572,16698
1400,2021-08-03,136,16717,16853
1400,2021-08-04,136,16630,16766
1400,2021-08-05,146,16850,16996
1400,2021-08-06,113,16471,16584
1400,2021-08-07,24,10776,10800
1400,2021-08-08,7,6461,6468
1400,2021-08-09,115,15442,15557
1400,2021-08-10,100,15452,15552
1400,2021-08-11,124,15528,15652
1400,2021-08-12,114,15162,15276
1400,2021-08-13,111,15757,15868
1400,2021-08-14,34,10580,10614
1400,2021-08-15,11,6571,6582
1400,2021-08-16,90,14675,14765
1400,2021-08-17,93,15504,15597
1400,2021-08-18,108,15672,15780
1400,2021-08-19,110,16652,16762
1400,2021-08-20,114,17144,17258
1400,2021-08-21,18,11395,11413
1400,2021-08-22,5,7197,7202
1400,2021-08-23,133,18299,18432
1400,2021-08-24,153,18870,19023
1400,2021-08-25,154,18912,19066
1400,2021-08-26,160,19369,19529
1400,2021-08-27,178,19755,19933
1400,2021-08-28,36,13197,13233
1400,2021-08-29,9,8753,8762
1400,2021-08-30,193,20374,20567
1400,2021-09-01,259,22176,22435
1400,2021-09-02,246,21150,21396
1400,2021-09-03,180,21445,21625
1400,2021-09-04,51,15050,15101
1400,2021-09-05,14,8938,8952
1400,2021-09-06,181,20623,20804
1400,2021-09-08,171,20513,20684
1400,2021-09-09,233,20097,20330
1400,2021-09-10,193,19747,19940
1400,2021-09-11,49,13579,13628
1400,2021-09-12,12,9022,9034
1400,2021-09-13,189,20509,20698
1400,2021-09-14,230,20839,21069
1400,2021-09-15,255,20767,21022
1400,2021-09-16,257,20873,21130
1400,2021-09-17,212,22142,22354
1400,2021-09-18,55,14849,14904
1400,2021-09-19,17,6088,6105
1400,2021-09-20,244,19436,19680
1400,2021-09-21,223,20882,21105
1400,2021-09-22,214,21039,21253
1400,2021-09-23,238,21160,21398
1400,2021-09-24,235,21950,22185
1400,2021-09-25,63,14882,14945
1400,2021-09-26,11,9356,9367
1400,2021-09-27,233,21075,21308
1400,2021-09-28,230,21441,21671
1400,2021-09-29,225,21779,22004
1400,2021-09-30,240,22316,22556
1400,2021-10-01,243,22321,22564
1400,2021-10-02,56,15051,15107
1400,2021-10-03,11,8601,8612
1400,2021-10-04,281,19983,20264
1400,2021-10-05,261,21011,21272
1400,2021-10-06,242,20829,21071
1400,2021-10-07,206,21648,21854
1400,2021-10-08,227,22206,22433
1400,2021-10-09,97,15854,15951
1400,2021-10-10,18,9405,9423
1400,2021-10-12,222,21430,21652
1400,2021-10-13,229,20721,20950
1400,2021-10-14,263,21476,21739
1400,2021-10-15,203,21584,21787
1400,2021-10-16,48,15452,15500
1400,2021-10-17,17,9060,9077
1400,2021-10-18,305,20947,21252
1400,2021-10-19,244,21265,21509
1400,2021-10-20,272,21872,22144
1400,2021-10-21,379,21954,22333
1400,2021-10-22,331,22653,22984
1400,2021-10-23,75,15849,15924
1400,2021-10-24,15,10637,10652
1400,2021-10-26,303,21332,21635
1400,2021-10-27,288,21042,21330
1400,2021-10-29,334,21897,22231
1400,2021-10-30,59,15035,15094
1400,2021-10-31,-46,128,82
1400,2021-11-01,10,7848,7858
1400,2021-11-02,280,21249,21529
1400,2021-11-03,259,19079,19338
1400,2021-11-04,296,21868,22164
1400,2021-11-05,348,23969,24317
1400,2021-11-06,89,19106,19195
1400,2021-11-07,10,10710,10720
1400,2021-11-08,360,20983,21343
1400,2021-11-09,320,21501,21821
1400,2021-11-10,332,22067,22399
1400,2021-11-12,209,21622,21831
1400,2021-11-13,52,15778,15830
1400,2021-11-14,11,9307,9318
1400,2021-11-15,238,20898,21136
1400,2021-11-16,227,20898,21125
1400,2021-11-17,235,20593,20828
1400,2021-11-18,208,21265,21473
1400,2021-11-19,238,20253,20491
1400,2021-11-20,60,15536,15596
1400,2021-11-21,10,8917,8927
1400,2021-11-22,180,20521,20701
1400,2021-11-24,198,20892,21090
1400,2021-11-25,229,21349,21578
1400,2021-11-26,176,21176,21352
1400,2021-11-27,67,15229,15296
1400,2021-11-28,13,10072,10085
1400,2021-11-29,242,20174,20416
1400,2021-11-30,223,20476,20699
1400,2021-12-01,197,20995,21192
1400,2021-12-02,222,20867,21089
1400,2021-12-03,218,21419,21637
1400,2021-12-04,68,15013,15081
1400,2021-12-05,16,9557,9573
1400,2021-12-06,211,20214,20425
1400,2021-12-07,235,21301,21536
1400,2021-12-08,225,20914,21139
1400,2021-12-09,193,20930,21123
1400,2021-12-10,172,20128,20300
1400,2021-12-11,54,15407,15461
1400,2021-12-12,8,9951,9959
1400,2021-12-13,187,20581,20768
1400,2021-12-16,209,21454,21663
1400,2021-12-17,212,21940,22152
1400,2021-12-18,40,14734,14774
1400,2021-12-19,11,9705,9716
1400,2021-12-20,103,18652,18755
1400,2021-12-21,115,18671,18786
1400,2021-12-22,108,18172,18280
1400,2021-12-23,103,18283,18386
1400,2021-12-24,56,14359,14415
1400,2021-12-25,1,4980,4981
1400,2021-12-26,9,5261,5270
1400,2021-12-27,87,14198,14285
1400,2021-12-28,84,14308,14392
1400,2021-12-29,81,14430,14511
1400,2021-12-30,88,14861,14949
1400,2021-12-31,55,13498,13553
1410,2021-01-01,1677,18640,20317
1410,2021-01-02,3004,34688,37692
1410,2021-01-03,2071,28800,30871
1410,2021-01-04,8598,43960,52558
1410,2021-01-05,10812,44054,54866
1410,2021-01-06,11896,43547,55443
1410,2021-01-07,11108,45468,56576
1410,2021-01-08,10823,47285,58108
1410,2021-01-09,6440,34703,41143
1410,2021-01-10,2939,27290,30229
1410,2021-01-11,11839,50074,61913
1410,2021-01-13,13430,44473,57903
1410,2021-01-14,11599,36040,47639
1410,2021-01-15,11274,47269,58543
1410,2021-01-16,7196,38176,45372
1410,2021-01-17,3314,22228,25542
1410,2021-01-18,11974,47606,59580
1410,2021-01-19,13861,49883,63744
1410,2021-01-20,13509,51601,65110
1410,2021-01-21,13113,47615,60728
1410,2021-01-22,12133,52407,64540
1410,2021-01-23,7262,45127,52389
1410,2021-01-24,2494,27648,30142
1410,2021-01-25,11632,47673,59305
1410,2021-01-26,13701,53938,67639
1410,2021-01-27,13637,44972,58609
1410,2021-01-28,13711,45232,58943
1410,2021-01-29,12092,49632,61724
1410,2021-01-30,7552,42795,50347
1410,2021-01-31,2679,24182,26861
1410,2021-02-01,12156,46672,58828
1410,2021-02-02,13672,49546,63218
1410,2021-02-03,13529,43487,57016
1410,2021-02-04,13150,54073,67223
1410,2021-02-05,12974,56778,69752
1410,2021-02-06,6867,38148,45015
1410,2021-02-07,2359,22590,24949
1410,2021-02-08,11532,42500,54032
1410,2021-02-09,12951,48157,61108
1410,2021-02-10,13123,48583,61706
1410,2021-02-11,12167,53663,65830
1410,2021-02-12,12162,55705,67867
1410,2021-02-13,6491,39515,46006
1410,2021-02-14,2512,24270,26782
1410,2021-02-15,11747,52396,64143
1410,2021-02-16,12816,47397,60213
1410,2021-02-17,14498,48334,62832
1410,2021-02-18,13679,50377,64056
1410,2021-02-19,12688,52588,65276
1410,2021-02-20,7461,39634,47095
1410,2021-02-21,2975,26182,29157
1410,2021-02-22,12712,53055,65767
1410,2021-02-23,14211,52273,66484
1410,2021-02-24,15060,51426,66486
1410,2021-02-25,13811,51617,65428
1410,2021-02-26,14494,56045,70539
1410,2021-02-27,7275,41116,48391
1410,2021-02-28,2776,28304,31080
1410,2021-03-01,12223,51774,63997
1410,2021-03-02,13665,53042,66707
1410,2021-03-03,13747,54412,68159
1410,2021-03-04,13514,54954,68468
1410,2021-03-05,12723,60947,73670
1410,2021-03-06,6948,42308,49256
1410,2021-03-07,2680,27975,30655
1410,2021-03-08,12608,56185,68793
1410,2021-03-09,13559,54377,67936
1410,2021-03-10,14352,52253,66605
1410,2021-03-12,12172,57169,69341
1410,2021-03-13,8464,38873,47337
1410,2021-03-14,2542,26351,28893
1410,2021-03-15,11445,52444,63889
1410,2021-03-16,12302,53905,66207
1410,2021-03-17,13020,54918,67938
1410,2021-03-18,13061,59367,72428
1410,2021-03-19,11734,59244,70978
1410,2021-03-20,6841,44307,51148
1410,2021-03-21,2311,28142,30453
1410,2021-03-22,11216,58704,69920
1410,2021-03-23,12730,54795,67525
1410,2021-03-24,13554,54095,67649
1410,2021-03-25,13386,60761,74147
1410,2021-03-26,12689,62734,75423
1410,2021-03-27,6856,44701,51557
1410,2021-03-30,13296,56140,69436
1410,2021-03-31,13610,55572,69182
1410,2021-04-01,12635,58490,71125
1410,2021-04-02,10119,66569,76688
1410,2021-04-03,5144,46983,52127
1410,2021-04-04,1619,26541,28160
1410,2021-04-05,2695,25390,28085
1410,2021-04-06,10763,56168,66931
1410,2021-04-07,13052,59147,72199
1410,2021-04-08,13558,58477,72035
1410,2021-04-09,12709,62082,74791
1410,2021-04-10,7761,37978,45739
1410,2021-04-11,4261,19917,24178
1410,2021-04-12,11473,54523,65996
1410,2021-04-13,13351,58234,71585
1410,2021-04-14,13447,58248,71695
1410,2021-04-17,6742,44865,51607
1410,2021-04-18,2309,27957,30266
1410,2021-04-19,11676,55787,67463
1410,2021-04-20,12637,54809,67446
1410,2021-04-21,13159,57126,70285
1410,2021-04-22,11991,54695,66686
1410,2021-04-23,12138,61725,73863
1410,2021-04-24,6325,47621,53946
1410,2021-04-25,2389,30058,32447
1410,2021-04-26,11517,55630,67147
1410,2021-04-27,12541,60114,72655
1410,2021-04-28,12403,58650,71053
1410,2021-04-29,12091,61504,73595
1410,2021-04-30,11648,67498,79146
1410,2021-05-01,3304,31801,35105
1410,2021-05-02,2364,31253,33617
1410,2021-05-03,11392,61003,72395
1410,2021-05-04,12624,58625,71249
1410,2021-05-05,12813,58945,71758
1410,2021-05-06,13355,57991,71346
1410,2021-05-07,11555,63598,75153
1410,2021-05-08,5500,60858,66358
1410,2021-05-09,2482,37657,40139
1410,2021-05-10,11835,61950,73785
1410,2021-05-11,13109,62031,75140
1410,2021-05-12,12296,67766,80062
1410,2021-05-13,3891,38679,42570
1410,2021-05-14,10156,62310,72466
1410,2021-05-15,7235,53522,60757
1410,2021-05-16,3353,40898,44251
1410,2021-05-17,11630,58423,70053
1410,2021-05-18,13045,58995,72040
1410,2021-05-19,12764,59709,72473
1410,2021-05-20,12355,65355,77710
1410,2021-05-24,3404,33285,36689
1410,2021-05-25,11996,59110,71106
1410,2021-05-26,14156,56622,70778
1410,2021-05-27,11726,61761,73487
1410,2021-05-28,11845,68641,80486
1410,2021-05-29,6991,55839,62830
1410,2021-05-30,3106,43244,46350
1410,2021-05-31,11023,58432,69455
1410,2021-06-01,12186,59908,72094
1410,2021-06-02,12395,58486,70881
1410,2021-06-03,11764,64461,76225
1410,2021-06-04,11078,67598,78676
1410,2021-06-05,6416,59267,65683
1410,2021-06-06,2662,43021,45683
1410,2021-06-07,10915,64639,75554
1410,2021-06-08,11926,62250,74176
1410,2021-06-09,12536,63515,76051
1410,2021-06-10,12156,65120,77276
1410,2021-06-11,11572,67566,79138
1410,2021-06-12,6857,58705,65562
1410,2021-06-13,3118,45229,48347
1410,2021-06-14,11045,63558,74603
1410,2021-06-16,12845,64242,77087
1410,2021-06-17,12136,57209,69345
1410,2021-06-18,12143,68804,80947
1410,2021-06-19,8346,71533,79879
1410,2021-06-20,3365,51860,55225
1410,2021-06-21,11559,64417,75976
1410,2021-06-22,13052,65726,78778
1410,2021-06-23,8213,37788,46001
1410,2021-06-24,13055,66155,79210
1410,2021-06-25,11158,62979,74137
1410,2021-06-28,11274,66104,77378
1410,2021-06-29,13468,61175,74643
1410,2021-06-30,13259,66103,79362
1410,2021-07-02,11904,73158,85062
1410,2021-07-03,7921,75578,83499
1410,2021-07-04,4642,55151,59793
1410,2021-07-05,11594,66027,77621
1410,2021-07-06,12864,61888,74752
1410,2021-07-07,12801,67644,80445
1410,2021-07-08,12476,68159,80635
1410,2021-07-09,12106,74999,87105
1410,2021-07-10,8151,74466,82617
1410,2021-07-11,4168,59887,64055
1410,2021-07-12,11323,70272,81595
1410,2021-07-13,14894,60868,75762
1410,2021-07-14,15252,58338,73590
1410,2021-07-15,12679,69317,81996
1410,2021-07-16,10898,76836,87734
1410,2021-07-17,7864,80034,87898
1410,2021-07-18,4431,64635,69066
1410,2021-07-19,10926,71323,82249
1410,2021-07-20,11989,69702,81691
1410,2021-07-21,12412,73351,85763
1410,2021-07-22,11999,73293,85292
1410,2021-07-23,12010,81860,93870
1410,2021-07-24,9055,73866,82921
1410,2021-07-25,5524,62767,68291
1410,2021-07-26,11001,74017,85018
1410,2021-07-27,11844,68207,80051
1410,2021-07-28,12018,69654,81672
1410,2021-07-29,12181,78284,90465
1410,2021-07-30,11286,83771,95057
1410,2021-07-31,6793,78366,85159
1410,2021-08-01,4863,65893,70756
1410,2021-08-02,10434,72761,83195
1410,2021-08-03,12040,65941,77981
1410,2021-08-04,11026,72546,83572
1410,2021-08-05,10451,72828,83279
1410,2021-08-06,10210,77028,87238
1410,2021-08-07,6441,71003,77444
1410,2021-08-08,4578,60426,65004
1410,2021-08-09,9453,71724,81177
1410,2021-08-10,10336,69310,79646
1410,2021-08-11,10237,69401,79638
1410,2021-08-12,10298,72744,83042
1410,2021-08-13,10323,78270,88593
1410,2021-08-14,6797,69748,76545
1410,2021-08-15,4544,60662,65206
1410,2021-08-16,9331,70101,79432
1410,2021-08-17,10138,69535,79673
1410,2021-08-18,10176,70066,80242
1410,2021-08-19,10222,71042,81264
1410,2021-08-20,9684,74058,83742
1410,2021-08-21,6613,70516,77129
1410,2021-08-22,4311,57989,62300
1410,2021-08-23,9980,71104,81084
1410,2021-08-24,11511,70649,82160
1410,2021-08-25,11961,69529,81490
1410,2021-08-26,11580,72079,83659
1410,2021-08-27,10676,78270,88946
1410,2021-08-28,7570,72838,80408
1410,2021-08-29,4509,64383,68892
1410,2021-08-30,10570,72802,83372
1410,2021-09-01,12150,67761,79911
1410,2021-09-02,13039,69903,82942
1410,2021-09-03,12515,74567,87082
1410,2021-09-04,8425,70697,79122
1410,2021-09-05,4161,60438,64599
1410,2021-09-06,11688,68203,79891
1410,2021-09-07,12333,67108,79441
1410,2021-09-08,13217,65471,78688
1410,2021-09-09,12082,69757,81839
1410,2021-09-10,11682,75439,87121
1410,2021-09-11,7495,69187,76682
1410,2021-09-12,3784,57111,60895
1410,2021-09-13,11035,66756,77791
1410,2021-09-14,12110,67493,79603
1410,2021-09-15,12880,65514,78394
1410,2021-09-16,12305,68852,81157
1410,2021-09-17,11703,75081,86784
1410,2021-09-18,7582,66727,74309
1410,2021-09-19,3886,56200,60086
1410,2021-09-20,11008,66212,77220
1410,2021-09-21,12484,65296,77780
1410,2021-09-22,12616,63943,76559
1410,2021-09-23,13072,66767,79839
1410,2021-09-24,11514,74216,85730
1410,2021-09-25,7586,66908,74494
1410,2021-09-26,3890,54252,58142
1410,2021-09-27,10988,64920,75908
1410,2021-09-28,11843,64446,76289
1410,2021-09-29,12310,57559,69869
1410,2021-09-30,11673,66920,78593
1410,2021-10-01,11790,74002,85792
1410,2021-10-02,7468,65777,73245
1410,2021-10-03,4526,49366,53892
1410,2021-10-04,11088,67156,78244
1410,2021-10-05,12166,59920,72086
1410,2021-10-06,12364,61441,73805
1410,2021-10-07,11418,64463,75881
1410,2021-10-08,11814,71444,83258
1410,2021-10-09,7827,65803,73630
1410,2021-10-10,3676,53752,57428
1410,2021-10-12,11828,61340,73168
1410,2021-10-13,12485,64737,77222
1410,2021-10-14,12149,62557,74706
1410,2021-10-15,11508,73461,84969
1410,2021-10-16,7239,66255,73494
1410,2021-10-17,3407,52008,55415
1410,2021-10-18,11360,64926,76286
1410,2021-10-19,11989,59309,71298
1410,2021-10-20,12349,65387,77736
1410,2021-10-21,12391,62715,75106
1410,2021-10-22,12215,72247,84462
1410,2021-10-23,7556,68353,75909
1410,2021-10-24,3643,48252,51895
1410,2021-12-16,14138,62598,76736
1410,2021-12-17,13909,67727,81636
1410,2021-12-18,8752,63489,72241
1410,2021-12-19,4445,51445,55890
1410,2021-12-20,10527,64361,74888
1410,2021-12-21,11400,56651,68051
1410,2021-12-22,9992,58528,68520
1410,2021-12-23,9847,65956,75803
1410,2021-12-24,8405,52458,60863
1410,2021-12-25,3680,33886,37566
1410,2021-12-26,5130,43128,48258
1410,2021-12-27,9065,54956,64021
1410,2021-12-28,9007,53649,62656
1410,2021-12-29,8246,54508,62754
1410,2021-12-30,7538,60806,68344
1410,2021-12-31,5969,53938,59907
1414,2021-01-01,3609,11953,15562
1414,2021-01-02,6529,24693,31222
1414,2021-01-03,5616,20813,26429
1414,2021-01-04,13115,31641,44756
1414,2021-01-05,15689,29058,44747
1414,2021-01-06,15651,28145,43796
1414,2021-01-07,12800,26123,38923
1414,2021-01-08,11182,22708,33890
1414,2021-01-09,6379,16260,22639
1414,2021-01-11,10906,24502,35408
1414,2021-01-12,14942,24496,39438
1414,2021-01-13,14358,26121,40479
1414,2021-01-14,13807,27004,40811
1414,2021-01-15,10972,27227,38199
1414,2021-01-16,6794,22542,29336
1414,2021-01-17,4728,11919,16647
1414,2021-01-18,11915,28438,40353
1414,2021-01-19,14888,25605,40493
1414,2021-01-20,12248,25137,37385
1414,2021-01-21,14477,27789,42266
1414,2021-01-22,14891,32192,47083
1414,2021-01-23,10771,31628,42399
1414,2021-01-24,4509,19658,24167
1414,2021-01-25,13922,32808,46730
1414,2021-01-26,12698,34037,46735
1414,2021-01-28,15558,27586,43144
1414,2021-01-29,12078,29858,41936
1414,2021-01-30,11907,28818,40725
1414,2021-01-31,6209,15943,22152
1414,2021-02-01,13975,27722,41697
1414,2021-02-02,14660,26250,40910
1414,2021-02-03,13578,26404,39982
1414,2021-02-04,12338,25176,37514
1414,2021-02-05,14339,29056,43395
1414,2021-02-06,8718,21999,30717
1414,2021-02-07,3842,12148,15990
1414,2021-02-08,11201,22939,34140
1414,2021-02-09,14699,25446,40145
1414,2021-02-10,8623,23550,32173
1414,2021-02-11,9911,23249,33160
1414,2021-02-12,9689,23411,33100
1414,2021-02-13,4852,12534,17386
1414,2021-02-14,2251,8305,10556
1414,2021-02-15,10837,23871,34708
1414,2021-02-16,12029,27876,39905
1414,2021-02-17,14535,25939,40474
1414,2021-02-18,12890,28942,41832
1414,2021-02-19,13217,30626,43843
1414,2021-02-20,6676,19245,25921
1414,2021-02-21,3536,13370,16906
1414,2021-02-22,11696,32138,43834
1414,2021-02-23,12856,37018,49874
1414,2021-02-24,13054,36406,49460
1414,2021-02-25,12942,38402,51344
1414,2021-02-26,15662,44048,59710
1414,2021-02-27,7148,29154,36302
1414,2021-02-28,3203,18547,21750
1414,2021-03-01,11984,40056,52040
1414,2021-03-02,12435,41073,53508
1414,2021-03-03,12446,41676,54122
1414,2021-03-04,13689,43046,56735
1414,2021-03-05,12380,47524,59904
1414,2021-03-06,6077,29815,35892
1414,2021-03-07,2829,20354,23183
1414,2021-03-08,11724,43503,55227
1414,2021-03-09,12697,41698,54395
1414,2021-03-10,13379,41966,55345
1414,2021-03-12,13252,43259,56511
1414,2021-03-13,10702,28344,39046
1414,2021-03-14,3902,20926,24828
1414,2021-03-15,12069,43495,55564
1414,2021-03-16,12165,44629,56794
1414,2021-03-17,12524,44187,56711
1414,2021-03-18,12146,47825,59971
1414,2021-03-19,12460,46584,59044
1414,2021-03-20,6515,30710,37225
1414,2021-03-21,3072,22609,25681
1414,2021-03-22,11160,46291,57451
1414,2021-03-23,12041,44833,56874
1414,2021-03-24,12864,45190,58054
1414,2021-03-25,11967,48146,60113
1414,2021-03-26,12039,46388,58427
1414,2021-03-27,8118,34488,42606
1414,2021-03-28,54,178,232
1414,2021-03-29,11799,45008,56807
1414,2021-03-30,11619,44642,56261
1414,2021-03-31,12027,42398,54425
1414,2021-04-01,11232,52934,64166
1414,2021-04-02,10268,55786,66054
1414,2021-04-03,5168,37483,42651
1414,2021-04-04,1941,19057,20998
1414,2021-04-06,11476,40563,52039
1414,2021-04-07,11908,44803,56711
1414,2021-04-08,12276,43071,55347
1414,2021-04-09,12040,47457,59497
1414,2021-04-10,10900,24649,35549
1414,2021-04-11,5888,14782,20670
1414,2021-04-12,10375,45271,55646
1414,2021-04-13,11219,48806,60025
1414,2021-04-14,11497,47861,59358
1414,2021-04-15,11782,50017,61799
1414,2021-04-16,11043,52510,63553
1414,2021-04-17,5765,40752,46517
1414,2021-04-18,2278,22888,25166
1414,2021-04-19,10268,50010,60278
1414,2021-04-20,10585,47446,58031
1414,2021-04-21,10807,48537,59344
1414,2021-04-22,11265,46473,57738
1414,2021-04-23,11289,53188,64477
1414,2021-04-24,5124,36939,42063
1414,2021-04-25,2396,24220,26616
1414,2021-04-26,10541,47816,58357
1414,2021-04-27,10974,48804,59778
1414,2021-04-28,10521,46461,56982
1414,2021-04-29,10717,51760,62477
1414,2021-04-30,10457,55671,66128
1414,2021-05-01,2500,23218,25718
1414,2021-05-02,2187,24209,26396
1414,2021-05-03,9851,53874,63725
1414,2021-05-04,10971,49087,60058
1414,2021-05-05,11747,47697,59444
1414,2021-05-06,13595,49323,62918
1414,2021-05-07,10674,53916,64590
1414,2021-05-08,4415,50207,54622
1414,2021-05-09,2355,30784,33139
1414,2021-05-10,10571,51833,62404
1414,2021-05-11,11449,53445,64894
1414,2021-05-12,10682,55588,66270
1414,2021-05-13,3033,31994,35027
1414,2021-05-14,8308,53577,61885
1414,2021-05-15,6400,45239,51639
1414,2021-05-16,4125,33316,37441
1414,2021-05-17,10921,50958,61879
1414,2021-05-18,11209,47622,58831
1414,2021-05-19,10675,48565,59240
1414,2021-05-20,10276,53690,63966
1414,2021-05-21,11067,59595,70662
1414,2021-05-22,5964,32751,38715
1414,2021-05-23,2490,26635,29125
1414,2021-05-24,5890,26360,32250
1414,2021-05-25,11704,50907,62611
1414,2021-05-26,12921,47042,59963
1420,2021-01-01,542,8857,9399
1420,2021-01-02,1133,21820,22953
1420,2021-01-03,935,15546,16481
1420,2021-01-04,4482,28599,33081
1420,2021-01-05,5730,28900,34630
1420,2021-01-06,6174,28438,34612
1420,2021-01-07,5921,30092,36013
1420,2021-01-08,5788,31543,37331
1420,2021-01-09,3166,22674,25840
1420,2021-01-10,1465,13901,15366
1420,2021-01-11,6548,34848,41396
1420,2021-01-12,7206,32631,39837
1420,2021-01-13,7819,33869,41688
1420,2021-01-14,7859,31031,38890
1420,2021-01-15,6857,34537,41394
1420,2021-01-16,3773,24997,28770
1420,2021-01-17,1426,12540,13966
1420,2021-01-18,6843,34386,41229
1420,2021-01-19,7724,35043,42767
1420,2021-01-20,8174,34881,43055
1420,2021-01-21,7731,35839,43570
1420,2021-01-22,7003,37678,44681
1420,2021-01-23,3671,27791,31462
1420,2021-01-24,1359,14262,15621
1420,2021-01-25,6850,34766,41616
1420,2021-01-26,8069,37357,45426
1420,2021-01-27,8087,29500,37587
1420,2021-01-28,7572,31579,39151
1420,2021-01-29,7142,32951,40093
1420,2021-01-30,3797,17026,20823
1420,2021-01-31,1382,10040,11422
1420,2021-02-01,6974,30760,37734
1420,2021-02-02,7846,30931,38777
1420,2021-02-03,8048,30697,38745
1420,2021-02-04,8020,32211,40231
1420,2021-02-05,7278,32685,39963
1420,2021-02-06,3705,17294,20999
1420,2021-02-07,1269,9101,10370
1420,2021-02-08,6543,29548,36091
1420,2021-02-09,7668,31309,38977
1420,2021-02-10,7698,30671,38369
1420,2021-02-11,7517,32799,40316
1420,2021-02-12,6584,31870,38454
1420,2021-02-13,3540,16911,20451
1420,2021-02-14,1215,8696,9911
1420,2021-02-16,7691,31079,38770
1420,2021-02-17,8183,30497,38680
1420,2021-02-18,7900,30889,38789
1420,2021-02-19,7002,30681,37683
1420,2021-02-20,3676,17322,20998
1420,2021-02-21,1284,10886,12170
1420,2021-02-22,7151,32494,39645
1420,2021-02-23,7630,32229,39859
1420,2021-02-24,8315,33016,41331
1420,2021-02-25,7679,33545,41224
1420,2021-02-26,7395,35434,42829
1420,2021-02-27,3796,20327,24123
1420,2021-02-28,1366,12290,13656
1420,2021-03-01,7161,33935,41096
1420,2021-03-02,8085,34660,42745
1420,2021-03-03,8519,33083,41602
1420,2021-03-04,7985,35096,43081
1420,2021-03-05,7292,35621,42913
1420,2021-03-06,3768,21343,25111
1420,2021-03-07,1421,12212,13633
1420,2021-03-08,7014,33829,40843
1420,2021-03-09,8094,33406,41500
1420,2021-03-10,7841,32644,40485
1420,2021-03-11,7269,33214,40483
1420,2021-03-12,7188,36121,43309
1420,2021-03-13,3784,20736,24520
1420,2021-03-14,1349,11910,13259
1420,2021-03-15,6668,33270,39938
1420,2021-03-16,7946,34666,42612
1420,2021-03-17,8360,34434,42794
1420,2021-03-18,8012,35580,43592
1420,2021-03-19,7242,36547,43789
1420,2021-03-20,3858,21254,25112
1420,2021-03-21,1399,12448,13847
1420,2021-03-22,7114,34208,41322
1420,2021-03-23,8104,35035,43139
1420,2021-03-24,8489,33913,42402
1420,2021-03-25,8105,36053,44158
1420,2021-03-26,7236,36406,43642
1420,2021-03-27,4187,19232,23419
1420,2021-03-28,1333,11700,13033
1420,2021-03-30,8309,32648,40957
1420,2021-03-31,8009,34310,42319
1420,2021-04-01,7656,36069,43725
1420,2021-04-02,6745,35677,42422
1420,2021-04-03,2875,19020,21895
1420,2021-04-04,859,9240,10099
1420,2021-04-05,1501,11230,12731
1420,2021-04-06,6391,31630,38021
1420,2021-04-07,7808,31342,39150
1420,2021-04-08,8155,33010,41165
1420,2021-04-09,7228,32643,39871
1420,2021-04-10,4049,17961,22010
1420,2021-04-11,1345,10661,12006
1420,2021-04-12,7091,32803,39894
1420,2021-04-13,8184,33350,41534
1420,2021-04-14,8355,33377,41732
1420,2021-04-15,7798,33603,41401
1420,2021-04-16,7289,33725,41014
1420,2021-04-17,3736,19555,23291
1420,2021-04-18,1374,13014,14388
1420,2021-04-19,7154,34978,42132
1420,2021-04-20,8100,35977,44077
1420,2021-04-21,8342,35813,44155
1420,2021-04-22,8002,38279,46281
1420,2021-04-23,7099,39359,46458
1420,2021-04-24,3863,26012,29875
1420,2021-04-25,1457,16963,18420
1420,2021-04-26,6932,36871,43803
1420,2021-04-27,8025,37817,45842
1420,2021-04-28,7909,37132,45041
1420,2021-04-29,7741,39826,47567
1420,2021-04-30,7156,41804,48960
1420,2021-05-01,2360,16471,18831
1420,2021-05-02,1444,17014,18458
1420,2021-05-03,7206,38583,45789
1420,2021-05-04,7610,37117,44727
1420,2021-05-05,8035,37401,45436
1420,2021-05-06,8114,39593,47707
1420,2021-05-07,7280,41924,49204
1420,2021-05-08,3746,32145,35891
1420,2021-05-09,1477,19204,20681
1420,2021-05-10,7195,38728,45923
1420,2021-05-11,8130,38792,46922
1420,2021-05-12,8155,43190,51345
1420,2021-05-13,2846,21122,23968
1420,2021-05-14,5887,38539,44426
1420,2021-05-15,4095,32146,36241
1420,2021-05-16,1693,24954,26647
1420,2021-05-17,7067,39304,46371
1420,2021-05-18,8307,39064,47371
1420,2021-05-19,8486,39165,47651
1420,2021-05-20,6824,34421,41245
1420,2021-05-21,7417,45219,52636
1420,2021-05-22,4348,32610,36958
1420,2021-05-23,1091,15271,16362
1420,2021-05-24,2115,21910,24025
1420,2021-05-25,7271,41716,48987
1420,2021-05-26,8678,40005,48683
1420,2021-05-27,7943,40819,48762
1420,2021-05-28,7230,43041,50271
1420,2021-05-29,4261,31413,35674
1420,2021-05-30,1648,23103,24751
1420,2021-05-31,7127,39756,46883
1420,2021-06-01,7765,40143,47908
1420,2021-06-02,7841,38282,46123
1420,2021-06-03,7924,42756,50680
1420,2021-06-04,6953,44054,51007
1420,2021-06-05,4224,34747,38971
1420,2021-06-06,1659,23032,24691
1420,2021-06-07,7079,40193,47272
1420,2021-06-08,8290,40765,49055
1420,2021-06-09,8144,39131,47275
1420,2021-06-10,8002,43308,51310
1420,2021-06-11,7445,46531,53976
1420,2021-06-12,4524,34431,38955
1420,2021-06-13,1851,25998,27849
1420,2021-06-14,7186,39788,46974
1420,2021-06-15,8055,41070,49125
1420,2021-06-16,8501,40350,48851
1420,2021-06-17,7965,42466,50431
1420,2021-06-18,7576,48206,55782
1420,2021-06-19,4459,36308,40767
1420,2021-06-20,1989,26611,28600
1420,2021-06-21,7494,42055,49549
1420,2021-06-22,8518,42945,51463
1420,2021-06-23,6578,29528,36106
1420,2021-06-24,8245,39706,47951
1420,2021-06-25,7710,47999,55709
1420,2021-06-26,4273,36546,40819
1420,2021-06-27,1959,28955,30914
1420,2021-06-28,6093,36492,42585
1420,2021-06-29,8125,43323,51448
1420,2021-06-30,8792,46028,54820
1420,2021-07-01,8415,47540,55955
1420,2021-07-02,7942,52520,60462
1420,2021-07-03,4805,45455,50260
1420,2021-07-04,2312,34319,36631
1420,2021-07-05,7200,44855,52055
1420,2021-07-06,8075,41718,49793
1420,2021-07-07,8600,45238,53838
1420,2021-07-08,8779,47217,55996
1420,2021-07-09,8150,54278,62428
1420,2021-07-10,5147,48885,54032
1420,2021-07-11,2664,37821,40485
1420,2021-07-12,7628,47235,54863
1420,2021-07-13,8051,43522,51573
1420,2021-07-14,8121,44953,53074
1420,2021-07-15,7952,44902,52854
1420,2021-07-16,7933,55897,63830
1420,2021-07-17,5342,50575,55917
1420,2021-07-18,2824,40708,43532
1420,2021-07-19,7313,48043,55356
1420,2021-07-20,8292,46352,54644
1420,2021-07-21,7239,46806,54045
1420,2021-07-22,8487,49236,57723
1420,2021-07-23,8505,56326,64831
1420,2021-07-24,5421,51597,57018
1420,2021-07-25,3115,40366,43481
1420,2021-07-26,7522,48592,56114
1420,2021-07-27,8354,45800,54154
1420,2021-07-28,8780,47791,56571
1420,2021-07-29,8431,50284,58715
1420,2021-07-30,7821,59023,66844
1420,2021-07-31,4889,52916,57805
1420,2021-08-01,3352,44865,48217
1420,2021-08-02,7135,48841,55976
1420,2021-08-03,7589,45244,52833
1420,2021-08-04,7959,46189,54148
1420,2021-08-05,7749,47238,54987
1420,2021-08-06,7371,54843,62214
1420,2021-08-07,4730,49339,54069
1420,2021-08-08,2993,40114,43107
1420,2021-08-09,6523,47839,54362
1420,2021-08-10,7340,44938,52278
1420,2021-08-11,7567,43774,51341
1420,2021-08-12,7503,47799,55302
1420,2021-08-13,7209,53519,60728
1420,2021-08-14,4532,48951,53483
1420,2021-08-15,2951,41945,44896
1420,2021-08-16,6311,48475,54786
1420,2021-08-17,7081,44823,51904
1420,2021-08-18,7503,44254,51757
1420,2021-08-19,7476,46646,54122
1420,2021-08-20,6878,51598,58476
1420,2021-08-21,4481,47233,51714
1420,2021-08-22,2836,38496,41332
1420,2021-08-23,6565,47831,54396
1420,2021-08-24,7567,46530,54097
1420,2021-08-25,8044,46925,54969
1420,2021-08-26,8093,49232,57325
1420,2021-08-27,7512,54498,62010
1420,2021-08-28,5180,49687,54867
1420,2021-08-29,3034,42811,45845
1420,2021-08-30,7188,50755,57943
1420,2021-08-31,7726,47896,55622
1420,2021-09-01,7788,44526,52314
1420,2021-09-02,8018,48641,56659
1420,2021-09-03,7547,54650,62197
1420,2021-09-04,4874,46721,51595
1420,2021-09-05,2485,38033,40518
1420,2021-09-06,7130,47589,54719
1420,2021-09-07,7808,46054,53862
1420,2021-09-08,8144,44981,53125
1420,2021-09-09,7861,47802,55663
1420,2021-09-10,7439,53719,61158
1420,2021-09-11,4667,44406,49073
1420,2021-09-12,2363,35762,38125
1420,2021-09-13,7136,48351,55487
1420,2021-09-14,7905,45242,53147
1420,2021-09-15,8138,44585,52723
1420,2021-09-16,8148,47061,55209
1420,2021-09-17,7436,51309,58745
1420,2021-09-18,4853,36346,41199
1420,2021-09-19,2392,33295,35687
1420,2021-09-20,7318,45956,53274
1420,2021-09-21,8062,44540,52602
1420,2021-09-22,8360,43419,51779
1420,2021-09-23,8116,46110,54226
1420,2021-09-24,7519,51315,58834
1420,2021-09-25,4837,36883,41720
1420,2021-09-26,2368,30735,33103
1420,2021-09-27,7232,44816,52048
1420,2021-09-28,8148,44072,52220
1420,2021-09-29,8424,43056,51480
1420,2021-09-30,7879,45817,53696
1420,2021-10-01,7653,49949,57602
1420,2021-10-02,4583,40026,44609
1420,2021-10-03,2067,28932,30999
1420,2021-10-04,6971,44914,51885
1420,2021-10-05,7910,43154,51064
1420,2021-10-06,8001,42079,50080
1420,2021-10-07,7878,44535,52413
1420,2021-10-08,7508,49222,56730
1420,2021-10-09,4542,37954,42496
1420,2021-10-10,1911,29937,31848
1420,2021-10-11,7025,43959,50984
1420,2021-10-12,7881,42579,50460
1420,2021-10-13,8054,42734,50788
1420,2021-10-14,7888,45530,53418
1420,2021-10-15,7442,48652,56094
1420,2021-10-16,3570,30910,34480
1420,2021-10-17,2025,28996,31021
1420,2021-10-18,7113,44418,51531
1420,2021-10-19,7849,42400,50249
1420,2021-10-20,8327,43218,51545
1420,2021-10-21,7642,42003,49645
1420,2021-10-22,7434,48642,56076
1420,2021-10-23,4798,40927,45725
1420,2021-10-24,2010,29697,31707
1420,2021-10-25,6946,44059,51005
1420,2021-10-26,8082,43517,51599
1420,2021-10-27,8493,43579,52072
1420,2021-10-28,8014,46224,54238
1420,2021-10-29,7497,53462,60959
1420,2021-10-30,5035,45587,50622
1420,2021-10-31,1765,30990,32755
1420,2021-11-01,2361,29922,32283
1420,2021-11-02,7344,44088,51432
1420,2021-11-03,7824,40747,48571
1420,2021-11-04,7877,41937,49814
1420,2021-11-05,7523,47640,55163
1420,2021-11-06,5045,39220,44265
1420,2021-11-07,1909,29710,31619
1420,2021-11-08,6216,38350,44566
1420,2021-11-09,7830,39453,47283
1420,2021-11-10,8039,43429,51468
1420,2021-11-11,5617,46329,51946
1420,2021-11-12,6818,46488,53306
1420,2021-11-13,4285,36610,40895
1420,2021-11-14,1790,30665,32455
1420,2021-11-15,7187,42311,49498
1420,2021-11-16,8248,40462,48710
1420,2021-11-17,8629,40404,49033
1420,2021-11-18,8107,41320,49427
1420,2021-11-19,7334,45669,53003
1420,2021-11-20,4470,33715,38185
1420,2021-11-21,1709,23865,25574
1420,2021-11-22,7122,41341,48463
1420,2021-11-23,8228,40825,49053
1420,2021-11-24,8549,40731,49280
1420,2021-11-25,8135,43068,51203
1420,2021-11-26,7401,44243,51644
1420,2021-11-27,4557,33106,37663
1420,2021-11-28,1773,27977,29750
1420,2021-11-29,7081,40840,47921
1420,2021-11-30,8223,39226,47449
1420,2021-12-01,8247,39792,48039
1420,2021-12-02,8278,41976,50254
1420,2021-12-03,7534,45686,53220
1420,2021-12-04,4530,34392,38922
1420,2021-12-05,1810,25244,27054
1420,2021-12-06,6732,36605,43337
1420,2021-12-07,8175,39782,47957
1420,2021-12-08,8713,39793,48506
1420,2021-12-09,7992,42027,50019
1420,2021-12-10,7119,43162,50281
1420,2021-12-11,4491,35538,40029
1420,2021-12-12,1880,26628,28508
1420,2021-12-13,7556,41754,49310
1420,2021-12-14,8371,41258,49629
1420,2021-12-15,8653,41466,50119
1420,2021-12-16,8235,44410,52645
1420,2021-12-17,7472,49519,56991
1420,2021-12-18,4226,39846,44072
1420,2021-12-19,1862,29371,31233
1420,2021-12-20,6379,43046,49425
1420,2021-12-21,6978,43421,50399
1420,2021-12-22,6667,43551,50218
1420,2021-12-23,5290,47641,52931
1420,2021-12-24,3235,35257,38492
1420,2021-12-25,837,21116,21953
1420,2021-12-26,1216,31426,32642
1420,2021-12-27,4018,42138,46156
1420,2021-12-28,4392,39237,43629
1420,2021-12-29,4212,39689,43901
1420,2021-12-30,3868,42254,46122
1420,2021-12-31,2415,32862,35277
1430,2021-01-01,600,4550,5150
1430,2021-01-02,870,8482,9352
1430,2021-01-03,536,7429,7965
1430,2021-01-04,3058,17111,20169
1430,2021-01-05,3791,17588,21379
1430,2021-01-06,4267,18030,22297
1430,2021-01-07,4006,18417,22423
1430,2021-01-08,3779,18530,22309
1430,2021-01-09,2206,9718,11924
1430,2021-01-10,828,7347,8175
1430,2021-01-11,4423,22254,26677
1430,2021-01-12,4405,22532,26937
1430,2021-01-13,4882,22397,27279
1430,2021-01-14,4707,22042,26749
1430,2021-01-15,4700,21375,26075
1430,2021-01-16,2340,11157,13497
1430,2021-01-17,808,6644,7452
1430,2021-01-18,4513,21380,25893
1430,2021-01-19,5017,22628,27645
1430,2021-01-20,5097,23347,28444
1430,2021-01-21,4885,23677,28562
1430,2021-01-22,4735,22893,27628
1430,2021-01-23,2351,12349,14700
1430,2021-01-24,745,7336,8081
1430,2021-01-25,4594,22014,26608
1430,2021-01-26,4804,23432,28236
1430,2021-01-27,5166,22292,27458
1430,2021-01-28,4754,23354,28108
1430,2021-01-29,4485,22810,27295
1430,2021-01-30,2358,12539,14897
1430,2021-01-31,843,7755,8598
1430,2021-02-01,4559,23298,27857
1430,2021-02-02,4682,23579,28261
1430,2021-02-03,5040,23657,28697
1430,2021-02-04,4921,24347,29268
1430,2021-02-05,4645,23589,28234
1430,2021-02-06,2370,12778,15148
1430,2021-02-07,791,7166,7957
1430,2021-02-08,4058,20702,24760
1430,2021-02-09,4447,21398,25845
1430,2021-02-10,6071,19803,25874
1430,2021-02-11,4995,21762,26757
1430,2021-02-12,5174,19421,24595
1430,2021-02-13,2222,13090,15312
1430,2021-02-14,802,7844,8646
1430,2021-02-15,4275,21338,25613
1430,2021-02-16,4729,23395,28124
1430,2021-02-17,5044,22492,27536
1430,2021-02-18,4883,23450,28333
1430,2021-02-19,4532,23451,27983
1430,2021-02-20,2333,13639,15972
1430,2021-02-21,762,9338,10100
1430,2021-02-22,4655,23473,28128
1430,2021-02-23,4994,24832,29826
1430,2021-02-24,5083,24687,29770
1430,2021-02-25,5071,24644,29715
1430,2021-02-26,4725,24020,28745
1430,2021-02-27,2410,14115,16525
1430,2021-02-28,799,9063,9862
1430,2021-03-01,4551,23779,28330
1430,2021-03-02,4900,24099,28999
1430,2021-03-03,5066,24784,29850
1430,2021-03-04,5116,25166,30282
1430,2021-03-05,4723,24519,29242
1430,2021-03-06,2498,14158,16656
1430,2021-03-07,769,8950,9719
1430,2021-03-08,4909,23648,28557
1430,2021-03-09,4961,24689,29650
1430,2021-03-10,5339,24556,29895
1430,2021-03-12,4766,23992,28758
1430,2021-03-13,2358,13120,15478
1430,2021-03-14,784,8366,9150
1430,2021-03-15,4623,23870,28493
1430,2021-03-16,5116,24403,29519
1430,2021-03-17,5301,24575,29876
1430,2021-03-18,5179,24850,30029
1430,2021-03-19,4895,24710,29605
1430,2021-03-20,2372,14231,16603
1430,2021-03-21,752,8771,9523
1430,2021-03-22,4591,23473,28064
1430,2021-03-23,4823,24328,29151
1430,2021-03-24,5335,24454,29789
1430,2021-03-25,4993,24847,29840
1430,2021-03-26,4782,24864,29646
1430,2021-03-27,2464,13908,16372
1430,2021-03-29,4777,22980,27757
1430,2021-03-30,5004,26046,31050
1430,2021-03-31,4942,24514,29456
1430,2021-04-01,4578,25132,29710
1430,2021-04-02,2844,21723,24567
1430,2021-04-03,1553,13055,14608
1430,2021-04-04,462,8324,8786
1430,2021-04-05,807,7826,8633
1430,2021-04-06,4226,23261,27487
1430,2021-04-07,5026,23358,28384
1430,2021-04-08,5208,24695,29903
1430,2021-04-09,4941,24278,29219
1430,2021-04-10,2478,13582,16060
1430,2021-04-11,759,8536,9295
1430,2021-04-12,4744,24724,29468
1430,2021-04-13,5112,25071,30183
1430,2021-04-14,5307,25127,30434
1430,2021-04-15,5024,25608,30632
1430,2021-04-16,4812,24967,29779
1430,2021-04-17,2297,14913,17210
1430,2021-04-18,811,9004,9815
1430,2021-04-19,4524,24661,29185
1430,2021-04-20,5150,25570,30720
1430,2021-04-21,5314,25119,30433
1430,2021-04-22,4960,25620,30580
1430,2021-04-23,4696,25251,29947
1430,2021-04-24,2371,14659,17030
1430,2021-04-25,792,10158,10950
1430,2021-04-26,4460,24586,29046
1430,2021-04-27,4889,25124,30013
1430,2021-04-28,5016,26018,31034
1430,2021-04-29,4623,25976,30599
1430,2021-04-30,4700,25930,30630
1430,2021-05-01,1191,10314,11505
1430,2021-05-02,903,10420,11323
1430,2021-05-03,4547,25498,30045
1430,2021-05-04,4652,25662,30314
1430,2021-05-05,5007,25768,30775
1430,2021-05-06,5140,25808,30948
1430,2021-05-07,4966,26467,31433
1430,2021-05-08,1910,16541,18451
1430,2021-05-09,824,10703,11527
1430,2021-05-10,4762,24421,29183
1430,2021-05-11,4980,25798,30778
1430,2021-05-12,4834,27264,32098
1430,2021-05-13,1287,10930,12217
1430,2021-05-14,4173,20646,24819
1430,2021-05-15,2151,15643,17794
1430,2021-05-16,809,11105,11914
1430,2021-05-17,4327,23390,27717
1430,2021-05-18,4979,26423,31402
1430,2021-05-19,5148,26646,31794
1430,2021-05-20,4915,27473,32388
1430,2021-05-21,4486,27392,31878
1430,2021-05-22,2482,17814,20296
1430,2021-05-23,733,11122,11855
1430,2021-05-24,993,10093,11086
1430,2021-05-25,4444,25454,29898
1430,2021-05-26,5334,25658,30992
1430,2021-05-28,4845,26646,31491
1430,2021-05-29,2246,17002,19248
1430,2021-05-30,886,13416,14302
1430,2021-05-31,4750,26870,31620
1430,2021-06-01,4991,27203,32194
1430,2021-06-02,4916,27968,32884
1430,2021-06-03,3535,27922,31457
1430,2021-06-04,4525,26574,31099
1430,2021-06-05,2453,17624,20077
1430,2021-06-06,933,12817,13750
1430,2021-06-07,4753,33420,38173
1430,2021-06-08,5346,34909,40255
1430,2021-06-09,5341,36098,41439
1430,2021-06-10,5192,36351,41543
1430,2021-06-11,5056,34219,39275
1430,2021-06-12,2196,16934,19130
1430,2021-06-13,837,12820,13657
1430,2021-06-14,4544,27352,31896
1430,2021-06-15,4895,28073,32968
1430,2021-06-16,5144,27951,33095
1430,2021-06-17,5013,28290,33303
1430,2021-06-18,4744,28622,33366
1430,2021-06-19,2386,18805,21191
1430,2021-06-20,859,12308,13167
1430,2021-06-21,4619,26586,31205
1430,2021-06-22,4982,27237,32219
1430,2021-06-23,3573,18526,22099
1430,2021-06-24,5162,26532,31694
1430,2021-06-25,4722,27382,32104
1430,2021-06-26,2292,18843,21135
1430,2021-06-27,857,13660,14517
1430,2021-06-28,4359,28016,32375
1430,2021-06-29,4741,27943,32684
1430,2021-06-30,5075,28881,33956
1430,2021-07-01,4964,29872,34836
1430,2021-07-02,4474,30618,35092
1430,2021-07-03,2128,19558,21686
1430,2021-07-04,805,13986,14791
1430,2021-07-05,4457,27669,32126
1430,2021-07-06,4562,28430,32992
1430,2021-07-07,5097,28791,33888
1430,2021-07-08,4754,29590,34344
1430,2021-07-09,4550,29915,34465
1430,2021-07-10,1996,19380,21376
1430,2021-07-11,781,13408,14189
1430,2021-07-13,4849,28204,33053
1430,2021-07-14,3850,27632,31482
1430,2021-07-15,4734,28308,33042
1430,2021-07-16,4453,28384,32837
1430,2021-07-17,1963,19751,21714
1430,2021-07-18,818,15901,16719
1430,2021-07-19,4391,27162,31553
1430,2021-07-20,4737,27517,32254
1430,2021-07-21,4900,26192,31092
1430,2021-07-22,4836,28166,33002
1430,2021-07-23,4258,28619,32877
1430,2021-07-24,1959,20428,22387
1430,2021-07-25,864,14756,15620
1430,2021-07-26,4345,26865,31210
1430,2021-07-27,4671,26428,31099
1430,2021-07-28,4545,27073,31618
1430,2021-07-29,4516,27543,32059
1430,2021-07-30,4070,27973,32043
1430,2021-07-31,1659,20739,22398
1430,2021-08-01,832,15576,16408
1430,2021-08-02,3898,23667,27565
1430,2021-08-03,3942,23979,27921
1430,2021-08-04,4136,24253,28389
1430,2021-08-05,3024,19633,22657
1430,2021-08-06,2844,19662,22506
1430,2021-08-07,1250,16841,18091
1430,2021-08-08,753,14591,15344
1430,2021-08-09,3536,23087,26623
1430,2021-08-10,3797,23437,27234
1430,2021-08-12,3755,24049,27804
1430,2021-08-13,3671,24542,28213
1430,2021-08-14,1568,19408,20976
1430,2021-08-15,746,15223,15969
1430,2021-08-16,3530,23268,26798
1430,2021-08-17,3946,23583,27529
1430,2021-08-18,4080,23556,27636
1430,2021-08-19,3798,23971,27769
1430,2021-08-20,3627,25041,28668
1430,2021-08-21,1606,19554,21160
1430,2021-08-22,715,14376,15091
1430,2021-08-23,3782,26297,30079
1430,2021-08-24,4237,26916,31153
1430,2021-08-25,4331,27776,32107
1430,2021-08-26,4142,27047,31189
1430,2021-08-27,3967,27301,31268
1430,2021-08-28,1855,20146,22001
1430,2021-08-29,735,15368,16103
1430,2021-08-30,4178,27583,31761
1430,2021-08-31,4405,28765,33170
1430,2021-09-01,4514,28740,33254
1430,2021-09-02,4340,29823,34163
1430,2021-09-03,4186,30313,34499
1430,2021-09-04,2134,21454,23588
1430,2021-09-05,707,16832,17539
1430,2021-09-06,4071,29083,33154
1430,2021-09-07,4492,29978,34470
1430,2021-09-08,4689,30013,34702
1430,2021-09-09,4395,29875,34270
1430,2021-09-10,4135,30057,34192
1430,2021-09-11,2117,21611,23728
1430,2021-09-12,732,16340,17072
1430,2021-09-13,4185,30441,34626
1430,2021-09-14,4622,31385,36007
1430,2021-09-15,4746,31516,36262
1430,2021-09-16,4683,31980,36663
1430,2021-09-17,4360,31597,35957
1430,2021-09-18,1815,21432,23247
1430,2021-09-19,683,15299,15982
1430,2021-09-20,4110,30267,34377
1430,2021-09-21,4693,31594,36287
1430,2021-09-22,4870,31482,36352
1430,2021-09-23,4712,31910,36622
1430,2021-09-24,4490,32448,36938
1430,2021-09-25,2267,23404,25671
1430,2021-09-26,822,15946,16768
1430,2021-09-27,4233,30391,34624
1430,2021-09-28,4825,31830,36655
1430,2021-09-29,4917,31742,36659
1430,2021-09-30,4823,32728,37551
1430,2021-10-01,4498,32466,36964
1430,2021-10-02,2243,22693,24936
1430,2021-10-03,780,15087,15867
1430,2021-10-04,3989,28399,32388
1430,2021-10-05,4564,30861,35425
1430,2021-10-06,4743,31138,35881
1430,2021-10-09,2112,23495,25607
1430,2021-10-10,743,16361,17104
1430,2021-10-11,3932,26600,30532
1430,2021-10-12,4732,30481,35213
1430,2021-10-13,4820,29463,34283
1430,2021-10-14,4607,30137,34744
1430,2021-10-15,4021,30306,34327
1430,2021-10-16,2065,21935,24000
1430,2021-10-17,707,13792,14499
1430,2021-10-18,4239,28212,32451
1430,2021-10-19,4753,30551,35304
1430,2021-10-20,4981,30406,35387
1430,2021-10-21,4717,30025,34742
1430,2021-10-22,4286,28654,32940
1430,2021-10-23,2382,23348,25730
1430,2021-10-24,797,15336,16133
1430,2021-10-27,5003,31986,36989
1430,2021-10-28,4633,31315,35948
1430,2021-10-29,4415,30760,35175
1430,2021-10-30,2329,20564,22893
1430,2021-10-31,-46,147,101
1430,2021-11-01,998,12955,13953
1430,2021-11-02,4484,28371,32855
1430,2021-11-03,4889,29391,34280
1430,2021-11-04,4485,28515,33000
1430,2021-11-05,4676,29043,33719
1430,2021-11-06,2649,18864,21513
1430,2021-11-07,827,12788,13615
1430,2021-11-08,4550,28688,33238
1430,2021-11-09,4894,29118,34012
1430,2021-11-10,5260,29552,34812
1430,2021-11-12,4742,29117,33859
1430,2021-11-13,2512,18220,20732
1430,2021-11-14,838,12764,13602
1430,2021-11-15,4498,27413,31911
1430,2021-11-16,4808,29055,33863
1430,2021-11-17,5195,28688,33883
1430,2021-11-18,4812,28427,33239
1430,2021-11-19,4583,28578,33161
1430,2021-11-20,2531,19290,21821
1430,2021-11-21,877,12497,13374
1430,2021-11-22,4543,27511,32054
1430,2021-11-24,5240,28690,33930
1430,2021-11-25,4931,29130,34061
1430,2021-11-26,4620,28269,32889
1430,2021-11-27,2457,18102,20559
1430,2021-11-28,911,12782,13693
1430,2021-11-29,4526,26744,31270
1430,2021-11-30,4877,27228,32105
1430,2021-12-01,4750,27641,32391
1430,2021-12-02,5020,27732,32752
1430,2021-12-03,4678,27472,32150
1430,2021-12-04,2340,17757,20097
1430,2021-12-05,893,12447,13340
1430,2021-12-06,4571,26759,31330
1430,2021-12-07,4643,27899,32542
1430,2021-12-08,5059,27621,32680
1430,2021-12-09,4842,27445,32287
1430,2021-12-10,4262,26881,31143
1430,2021-12-11,2425,18166,20591
1430,2021-12-12,879,12327,13206
1430,2021-12-13,4568,27075,31643
1430,2021-12-16,4822,29349,34171
1430,2021-12-17,4550,28616,33166
1430,2021-12-18,2381,19198,21579
1430,2021-12-19,878,13064,13942
1430,2021-12-20,3982,24185,28167
1430,2021-12-21,3894,24589,28483
1430,2021-12-22,3502,23937,27439
1430,2021-12-23,2793,22071,24864
1430,2021-12-24,1808,13182,14990
1430,2021-12-25,666,8768,9434
1430,2021-12-26,621,10419,11040
1430,2021-12-27,2319,17647,19966
1430,2021-12-28,2438,18007,20445
1430,2021-12-29,2334,18539,20873
1430,2021-12-30,2099,19269,21368
1430,2021-12-31,1513,13407,14920
1432,2021-08-01,934,14671,15605
1432,2021-08-02,3993,19111,23104
1432,2021-08-03,3917,19006,22923
1432,2021-08-04,4186,19213,23399
1432,2021-08-05,4039,20651,24690
1432,2021-08-06,3751,21447,25198
1432,2021-08-07,1806,16552,18358
1432,2021-08-08,925,13699,14624
1432,2021-08-09,3865,18993,22858
1432,2021-08-12,4067,20253,24320
1432,2021-08-13,3741,20692,24433
1432,2021-08-14,1612,17135,18747
1432,2021-08-15,746,13275,14021
1432,2021-08-16,3743,19182,22925
1432,2021-08-17,3954,19180,23134
1432,2021-08-18,4209,19506,23715
1432,2021-08-19,3710,19659,23369
1432,2021-08-20,4006,20768,24774
1432,2021-08-21,1704,16886,18590
1432,2021-08-22,756,13717,14473
1432,2021-08-23,4077,21721,25798
1432,2021-08-24,4532,22977,27509
1432,2021-08-25,4662,23596,28258
1432,2021-08-26,4556,22205,26761
1432,2021-08-27,4321,24834,29155
1432,2021-08-28,2419,17260,19679
1432,2021-08-29,1117,14078,15195
1432,2021-08-30,4048,23129,27177
1432,2021-08-31,4890,23506,28396
1432,2021-09-01,4781,24578,29359
1432,2021-09-02,5113,24363,29476
1432,2021-09-03,4482,25640,30122
1432,2021-09-04,2285,18980,21265
1432,2021-09-05,861,16308,17169
1432,2021-09-06,4253,23560,27813
1432,2021-09-07,4840,24201,29041
1432,2021-09-08,5108,23483,28591
1432,2021-09-09,4915,24640,29555
1432,2021-09-10,4277,24305,28582
1432,2021-09-13,4541,23934,28475
1432,2021-09-14,4992,24220,29212
1432,2021-09-15,5041,24366,29407
1432,2021-09-16,4940,25258,30198
1432,2021-09-17,4775,25686,30461
1432,2021-09-18,1974,17229,19203
1432,2021-11-24,5589,22821,28410
1432,2021-11-25,5234,22797,28031
1432,2021-11-26,4842,22134,26976
1432,2021-11-27,2584,14881,17465
1432,2021-11-28,928,11585,12513
1432,2021-11-29,4870,20538,25408
1432,2021-11-30,5075,20503,25578
1432,2021-12-01,5065,20476,25541
1432,2021-12-02,5218,21164,26382
1432,2021-12-03,4740,20952,25692
1432,2021-12-04,2475,14899,17374
1432,2021-12-05,904,11120,12024
1432,2021-12-06,4885,20931,25816
1432,2021-12-07,5051,21722,26773
1432,2021-12-08,5481,21176,26657
1432,2021-12-09,5110,20460,25570
1432,2021-12-10,4587,21316,25903
1432,2021-12-11,2495,15104,17599
1432,2021-12-12,931,10895,11826
1432,2021-12-13,4842,21228,26070
1432,2021-12-16,5109,22810,27919
1432,2021-12-17,4835,23182,28017
1432,2021-12-18,2470,16555,19025
1432,2021-12-19,889,12065,12954
1432,2021-12-20,4205,21829,26034
1432,2021-12-21,3855,20412,24267
1432,2021-12-22,3613,20396,24009
1432,2021-12-23,2773,18012,20785
1432,2021-12-24,1805,10308,12113
1432,2021-12-25,717,7886,8603
1432,2021-12-26,634,9472,10106
1432,2021-12-27,2385,14840,17225
1432,2021-12-28,2479,14527,17006
1432,2021-12-29,2357,15545,17902
1432,2021-12-30,2275,16210,18485
1432,2021-12-31,1453,11044,12497
1433,2021-01-01,598,8766,9364
1433,2021-01-02,953,14963,15916
1433,2021-01-03,519,12563,13082
1433,2021-01-04,3406,27518,30924
1433,2021-01-05,4238,28350,32588
1433,2021-01-06,4725,27753,32478
1433,2021-01-07,4329,29819,34148
1433,2021-01-08,4097,30291,34388
1433,2021-01-09,2286,17890,20176
1433,2021-01-10,798,13174,13972
1433,2021-01-11,4520,37588,42108
1433,2021-01-12,4721,37278,41999
1433,2021-01-13,5236,37328,42564
1433,2021-01-14,4956,36188,41144
1433,2021-01-15,4861,37073,41934
1433,2021-01-16,2372,21203,23575
1433,2021-01-17,785,11907,12692
1433,2021-01-18,4906,36838,41744
1433,2021-01-19,5255,38079,43334
1433,2021-01-20,5343,38591,43934
1433,2021-01-21,5108,39032,44140
1433,2021-01-23,2403,23344,25747
1433,2021-01-24,740,13552,14292
1433,2021-01-25,4780,36785,41565
1433,2021-01-26,5135,39269,44404
1433,2021-01-27,5367,37735,43102
1433,2021-01-28,5018,38887,43905
1433,2021-01-29,4804,38565,43369
1433,2021-01-30,2329,23451,25780
1433,2021-01-31,762,13923,14685
1433,2021-02-01,4773,38412,43185
1433,2021-02-02,4934,38644,43578
1433,2021-02-03,5289,39078,44367
1433,2021-02-04,4999,40659,45658
1433,2021-02-05,4818,40013,44831
1433,2021-02-06,2435,23597,26032
1433,2021-02-07,738,13057,13795
1433,2021-02-08,4495,34234,38729
1433,2021-02-09,4854,35566,40420
1433,2021-02-10,5155,37221,42376
1433,2021-02-11,4513,34756,39269
1433,2021-02-12,4555,36454,41009
1433,2021-02-13,2342,23820,26162
1433,2021-02-14,769,13912,14681
1433,2021-02-15,4649,34369,39018
1433,2021-02-16,5060,37630,42690
1433,2021-02-17,5313,37195,42508
1433,2021-02-18,4938,37769,42707
1433,2021-02-19,4782,37984,42766
1433,2021-02-20,2349,24038,26387
1433,2021-02-21,701,16133,16834
1433,2021-02-22,4692,38726,43418
1433,2021-02-23,5410,40132,45542
1433,2021-02-24,5431,40430,45861
1433,2021-02-25,5219,40772,45991
1433,2021-02-26,3688,36364,40052
1433,2021-02-27,2436,25146,27582
1433,2021-02-28,698,15616,16314
1433,2021-03-01,4794,39632,44426
1433,2021-03-02,5014,40669,45683
1433,2021-03-03,5285,39547,44832
1433,2021-03-04,5394,40792,46186
1433,2021-03-05,4819,40709,45528
1433,2021-03-06,2452,25262,27714
1433,2021-03-07,712,15562,16274
1433,2021-03-08,4940,38947,43887
1433,2021-03-09,4306,39111,43417
1433,2021-03-10,4795,40430,45225
1433,2021-03-12,4774,40816,45590
1433,2021-03-13,2327,23898,26225
1433,2021-03-14,726,14374,15100
1433,2021-03-15,4558,39389,43947
1433,2021-03-16,5235,40524,45759
1433,2021-03-17,5268,40164,45432
1433,2021-03-18,5214,41254,46468
1433,2021-03-19,5051,41326,46377
1433,2021-03-20,2391,26226,28617
1433,2021-03-21,671,15302,15973
1433,2021-03-22,4737,39316,44053
1433,2021-03-23,4952,38712,43664
1433,2021-03-24,5393,40610,46003
1433,2021-03-25,5067,41674,46741
1433,2021-03-26,4885,41787,46672
1433,2021-03-27,2517,25534,28051
1433,2021-03-28,-17,64,47
1433,2021-03-29,4521,37244,41765
1433,2021-03-30,5054,40208,45262
1433,2021-03-31,4612,38852,43464
1433,2021-04-01,4595,40799,45394
1433,2021-04-02,3279,37320,40599
1433,2021-04-03,1571,23608,25179
1433,2021-04-04,418,15102,15520
1433,2021-04-05,729,13063,13792
1433,2021-04-06,4346,37442,41788
1433,2021-04-07,4999,37797,42796
1433,2021-04-08,5286,39495,44781
1433,2021-04-09,5064,38506,43570
1433,2021-04-10,2552,23236,25788
1433,2021-04-11,726,13766,14492
1433,2021-04-12,4894,38503,43397
1433,2021-04-13,5274,39071,44345
1433,2021-04-14,5623,39374,44997
1433,2021-04-15,5381,40572,45953
1433,2021-04-16,5123,39938,45061
1433,2021-04-17,2354,25534,27888
1433,2021-04-18,757,15387,16144
1433,2021-04-19,4955,38949,43904
1433,2021-04-20,5319,40859,46178
1433,2021-04-21,5506,40555,46061
1433,2021-04-22,5190,41498,46688
1433,2021-04-23,4939,41858,46797
1433,2021-04-24,2470,26270,28740
1433,2021-04-25,731,17415,18146
1433,2021-04-26,4697,40363,45060
1433,2021-04-27,5078,41507,46585
1433,2021-04-28,5233,42099,47332
1433,2021-04-29,4915,41529,46444
1433,2021-04-30,4857,41920,46777
1433,2021-05-01,1166,17978,19144
1433,2021-05-02,825,17011,17836
1433,2021-05-03,4897,40585,45482
1433,2021-05-04,5063,40014,45077
1433,2021-05-05,5311,41492,46803
1433,2021-05-06,5385,41449,46834
1433,2021-05-07,5073,43259,48332
1433,2021-05-08,1932,28545,30477
1433,2021-05-09,743,18181,18924
1433,2021-05-10,4882,39904,44786
1433,2021-05-12,4978,44098,49076
1433,2021-05-13,1202,18068,19270
1433,2021-05-14,4240,35479,39719
1433,2021-05-15,2205,27046,29251
1433,2021-05-16,661,17672,18333
1433,2021-05-17,4495,40641,45136
1433,2021-05-18,5214,42943,48157
1433,2021-05-19,5325,42690,48015
1433,2021-05-20,4999,43642,48641
1433,2021-05-21,4632,44409,49041
1433,2021-05-22,2549,28414,30963
1433,2021-05-23,683,17514,18197
1433,2021-05-24,866,15804,16670
1433,2021-05-25,4599,40128,44727
1433,2021-05-26,5544,40495,46039
1433,2021-05-27,5393,41629,47022
1433,2021-05-28,4881,42517,47398
1433,2021-05-29,2581,29150,31731
1433,2021-05-30,761,21740,22501
1433,2021-05-31,4666,42787,47453
1433,2021-06-01,5031,43737,48768
1433,2021-06-02,5108,43201,48309
1433,2021-06-03,3892,44334,48226
1433,2021-06-04,4512,43969,48481
1433,2021-06-05,2423,29369,31792
1433,2021-06-06,720,20057,20777
1433,2021-06-07,4561,42995,47556
1433,2021-06-08,5049,42887,47936
1433,2021-06-09,5172,44798,49970
1433,2021-06-10,4999,44858,49857
1433,2021-06-11,4840,45246,50086
1433,2021-06-12,2475,27720,30195
1433,2021-06-13,695,20325,21020
1433,2021-06-14,4553,42570,47123
1433,2021-06-15,4869,43965,48834
1433,2021-06-16,5315,43328,48643
1433,2021-06-17,5053,44784,49837
1433,2021-06-18,4711,43996,48707
1433,2021-06-19,2396,29883,32279
1433,2021-06-20,778,19986,20764
1433,2021-06-21,4653,42566,47219
1433,2021-06-22,5033,44041,49074
1433,2021-06-23,3450,25798,29248
1433,2021-06-24,5286,40900,46186
1433,2021-06-25,4601,43226,47827
1433,2021-06-26,2117,29586,31703
1433,2021-06-27,707,20602,21309
1433,2021-06-28,3472,38866,42338
1433,2021-06-29,2998,37144,40142
1433,2021-06-30,3220,38270,41490
1433,2021-07-01,3417,39013,42430
1433,2021-07-05,3937,42696,46633
1433,2021-07-06,4218,45450,49668
1433,2021-07-07,4499,45409,49908
1433,2021-07-08,3917,46603,50520
1433,2021-07-09,4106,46904,51010
1433,2021-07-10,1704,24452,26156
1433,2021-07-11,519,16087,16606
1433,2021-07-12,3793,45151,48944
1433,2021-07-13,4125,43954,48079
1433,2021-07-14,3621,44539,48160
1433,2021-07-15,4359,45297,49656
1433,2021-07-16,4184,42235,46419
1433,2021-07-17,1907,32136,34043
1433,2021-07-18,668,23166,23834
1433,2021-07-19,3729,39375,43104
1433,2021-07-20,3736,40400,44136
1433,2021-07-21,3845,41138,44983
1433,2021-07-22,3291,38514,41805
1433,2021-07-23,2854,37703,40557
1433,2021-07-24,1222,24980,26202
1433,2021-07-25,675,21577,22252
1433,2021-07-26,4036,41304,45340
1433,2021-07-27,4434,36781,41215
1433,2021-07-28,4409,40695,45104
1433,2021-07-29,4217,43128,47345
1433,2021-07-30,3744,42543,46287
1433,2021-07-31,1571,31143,32714
1433,2021-08-01,637,22100,22737
1433,2021-08-02,3679,35601,39280
1433,2021-08-03,3243,33742,36985
1433,2021-08-04,3289,33880,37169
1433,2021-08-05,3429,36984,40413
1433,2021-08-06,2991,33914,36905
1433,2021-08-07,1360,26712,28072
1433,2021-08-08,503,19685,20188
1433,2021-08-09,2764,32176,34940
1433,2021-08-10,3395,34117,37512
1433,2021-08-12,3281,34134,37415
1433,2021-08-13,2621,32202,34823
1433,2021-08-14,1411,27852,29263
1433,2021-08-15,584,21971,22555
1433,2021-08-16,3277,34469,37746
1433,2021-08-17,3473,36205,39678
1433,2021-08-18,3777,36191,39968
1433,2021-08-19,3474,35096,38570
1433,2021-08-20,3127,34502,37629
1433,2021-08-21,1337,27672,29009
1433,2021-08-22,575,20605,21180
1433,2021-08-23,3521,38471,41992
1433,2021-08-24,3852,39654,43506
1433,2021-08-25,3952,40200,44152
1433,2021-08-26,2910,36327,39237
1433,2021-08-27,3022,37636,40658
1433,2021-08-28,1411,26117,27528
1433,2021-08-29,516,20980,21496
1433,2021-08-30,2994,36284,39278
1433,2021-08-31,2917,36990,39907
1433,2021-09-01,3038,37427,40465
1433,2021-09-02,2805,36507,39312
1433,2021-09-03,3046,37484,40530
1433,2021-09-04,1596,25526,27122
1433,2021-09-05,544,23032,23576
1433,2021-09-06,3244,41746,44990
1433,2021-09-07,3754,42573,46327
1433,2021-09-08,3651,41747,45398
1433,2021-09-09,3249,33073,36322
1433,2021-09-10,2935,40129,43064
1433,2021-09-11,1525,26796,28321
1433,2021-09-12,510,24096,24606
1433,2021-09-13,3479,40468,43947
1433,2021-09-14,3214,42227,45441
1433,2021-09-15,4558,47272,51830
1433,2021-09-16,4337,48481,52818
1433,2021-09-17,3998,48160,52158
1433,2021-09-18,1732,33494,35226
1433,2021-09-19,538,24145,24683
1433,2021-09-20,3885,45666,49551
1433,2021-09-21,4206,48366,52572
1433,2021-09-22,4470,48275,52745
1433,2021-09-23,4255,47249,51504
1433,2021-09-24,4085,49501,53586
1433,2021-09-25,2047,34989,37036
1433,2021-09-26,627,24212,24839
1433,2021-09-27,3907,46097,50004
1433,2021-09-28,4041,43031,47072
1433,2021-09-29,4574,48406,52980
1433,2021-09-30,4401,46852,51253
1433,2021-10-01,4045,41957,46002
1433,2021-10-02,2019,31331,33350
1433,2021-10-03,616,23723,24339
1433,2021-10-04,3652,43031,46683
1433,2021-10-05,4305,48143,52448
1433,2021-10-06,4621,47895,52516
1433,2021-10-09,2076,38474,40550
1433,2021-10-10,701,27076,27777
1433,2021-10-11,4057,46593,50650
1433,2021-10-12,4353,47333,51686
1433,2021-10-13,4519,47687,52206
1433,2021-10-14,4215,45129,49344
1433,2021-10-15,4110,48321,52431
1433,2021-10-16,2168,33887,36055
1433,2021-10-17,683,24074,24757
1433,2021-10-18,4111,45428,49539
1433,2021-10-19,4362,46774,51136
1433,2021-10-20,4662,47974,52636
1433,2021-10-21,4286,45786,50072
1433,2021-10-22,4222,43046,47268
1433,2021-10-23,2196,35468,37664
1433,2021-10-24,680,23628,24308
1433,2021-10-27,4677,48791,53468
1433,2021-10-28,4370,49598,53968
1433,2021-10-29,4215,49550,53765
1433,2021-10-30,2220,29294,31514
1433,2021-10-31,-46,318,272
1433,2021-11-01,927,21300,22227
1433,2021-11-02,4345,42978,47323
1433,2021-11-03,4602,43491,48093
1433,2021-11-04,4490,45785,50275
1433,2021-11-05,4351,44723,49074
1433,2021-11-06,2543,30605,33148
1433,2021-11-07,738,20274,21012
1433,2021-11-08,4233,46445,50678
1433,2021-11-09,4519,47830,52349
1433,2021-11-10,4821,47733,52554
1433,2021-11-12,4651,47937,52588
1433,2021-11-13,2430,31547,33977
1433,2021-11-14,738,20986,21724
1433,2021-11-15,4177,46087,50264
1433,2021-11-16,4457,47940,52397
1433,2021-11-17,4729,47485,52214
1433,2021-11-18,4435,46229,50664
1433,2021-11-19,4391,47750,52141
1433,2021-11-20,2484,32142,34626
1433,2021-11-21,780,20818,21598
1433,2021-11-22,4282,43722,48004
1433,2021-11-24,3602,40217,43819
1433,2021-11-25,4140,42708,46848
1433,2021-11-26,3985,41358,45343
1433,2021-11-27,2056,27919,29975
1433,2021-11-28,931,19381,20312
1433,2021-11-29,3341,38891,42232
1433,2021-11-30,4565,43580,48145
1433,2021-12-01,4594,44961,49555
1433,2021-12-02,4713,46699,51412
1433,2021-12-03,4522,43128,47650
1433,2021-12-04,2251,31585,33836
1433,2021-12-05,786,21485,22271
1433,2021-12-06,4404,43537,47941
1433,2021-12-07,4258,45863,50121
1433,2021-12-08,4530,45554,50084
1433,2021-12-09,4539,43789,48328
1433,2021-12-10,3946,43563,47509
1433,2021-12-11,2250,31331,33581
1433,2021-12-12,788,21282,22070
1433,2021-12-13,4004,42584,46588
1433,2021-12-16,4365,44547,48912
1433,2021-12-17,4085,45791,49876
1433,2021-12-18,2240,30945,33185
1433,2021-12-19,778,21313,22091
1433,2021-12-20,3538,38940,42478
1433,2021-12-21,3508,39756,43264
1433,2021-12-22,3260,39311,42571
1433,2021-12-23,2679,36705,39384
1433,2021-12-24,1861,24698,26559
1433,2021-12-25,618,15188,15806
1433,2021-12-26,555,16274,16829
1433,2021-12-27,2441,27937,30378
1433,2021-12-28,2487,28983,31470
1433,2021-12-29,2482,29247,31729
1433,2021-12-30,2104,30930,33034
1433,2021-12-31,1621,23627,25248
1441,2021-01-01,125,14990,15115
1441,2021-01-02,352,24573,24925
1441,2021-01-03,187,18769,18956
1441,2021-01-04,2214,40102,42316
1441,2021-01-06,2557,41970,44527
1441,2021-01-07,2772,43755,46527
1441,2021-01-08,3146,45024,48170
1441,2021-01-09,679,31676,32355
1441,2021-01-10,264,21493,21757
1441,2021-01-11,3096,50124,53220
1441,2021-01-12,4229,48229,52458
1441,2021-01-13,3613,48441,52054
1441,2021-01-14,4623,43860,48483
1441,2021-01-15,3043,44329,47372
1441,2021-01-16,596,35601,36197
1441,2021-01-17,368,20676,21044
1441,2021-01-18,3998,48470,52468
1441,2021-01-19,3908,48963,52871
1441,2021-01-20,3638,51038,54676
1441,2021-01-21,4443,49767,54210
1441,2021-01-23,868,40003,40871
1441,2021-01-24,268,22880,23148
1441,2021-01-25,4018,48905,52923
1441,2021-01-26,4039,51449,55488
1441,2021-01-27,4600,48158,52758
1441,2021-01-28,4472,49309,53781
1441,2021-01-29,4334,52899,57233
1441,2021-01-30,1568,39020,40588
1441,2021-01-31,276,23229,23505
1441,2021-02-01,3897,50807,54704
1441,2021-02-02,3777,47920,51697
1441,2021-02-03,4617,48829,53446
1441,2021-02-04,3663,53584,57247
1441,2021-02-05,3874,54163,58037
1441,2021-02-06,1024,39409,40433
1441,2021-02-07,237,23003,23240
1441,2021-02-08,3785,48211,51996
1441,2021-02-09,3967,48933,52900
1441,2021-02-10,2690,50618,53308
1441,2021-02-11,2769,51064,53833
1441,2021-02-12,2451,52335,54786
1441,2021-02-13,525,38832,39357
1441,2021-02-14,151,23385,23536
1441,2021-02-15,3087,48768,51855
1441,2021-02-16,3621,49414,53035
1441,2021-02-17,4283,49618,53901
1441,2021-02-18,3665,51623,55288
1441,2021-02-19,3897,53242,57139
1441,2021-02-20,922,39447,40369
1441,2021-02-21,194,26062,26256
1441,2021-02-22,3707,50604,54311
1441,2021-02-23,3567,51908,55475
1441,2021-02-24,3326,51783,55109
1441,2021-02-25,3269,53188,56457
1441,2021-02-26,4082,51268,55350
1441,2021-02-27,835,40844,41679
1441,2021-02-28,211,24990,25201
1441,2021-03-01,2904,49843,52747
1441,2021-03-02,3220,51583,54803
1441,2021-03-03,3317,51773,55090
1441,2021-03-04,3681,51534,55215
1441,2021-03-05,3472,53436,56908
1441,2021-03-06,678,40113,40791
1441,2021-03-07,180,24510,24690
1441,2021-03-08,3288,50549,53837
1441,2021-03-09,4356,52057,56413
1441,2021-03-10,3677,51949,55626
1441,2021-03-11,4832,49332,54164
1441,2021-03-12,3987,53416,57403
1441,2021-03-13,2180,36928,39108
1441,2021-03-14,420,23548,23968
1441,2021-03-15,3587,50170,53757
1441,2021-03-16,3661,50321,53982
1441,2021-03-17,4007,49899,53906
1441,2021-03-18,3456,51485,54941
1441,2021-03-19,3623,53882,57505
1441,2021-03-20,708,41335,42043
1441,2021-03-21,193,24617,24810
1441,2021-03-22,3324,49969,53293
1441,2021-03-23,2993,52897,55890
1441,2021-03-24,3149,51479,54628
1441,2021-03-25,3439,52629,56068
1441,2021-03-26,3202,55032,58234
1441,2021-03-27,1144,39978,41122
1441,2021-03-28,-33,165,132
1441,2021-03-29,3006,51751,54757
1441,2021-03-30,3166,53198,56364
1441,2021-03-31,3074,53540,56614
1441,2021-04-01,3272,54299,57571
1441,2021-04-02,2720,54950,57670
1441,2021-04-03,694,41013,41707
1441,2021-04-04,124,24752,24876
1441,2021-04-05,221,21432,21653
1441,2021-04-06,3152,49669,52821
1441,2021-04-07,3432,51156,54588
1441,2021-04-08,3263,52038,55301
1441,2021-04-09,3432,53456,56888
1441,2021-04-10,1680,37325,39005
1441,2021-04-12,3237,49958,53195
1441,2021-04-13,3202,51102,54304
1441,2021-04-14,3150,51885,55035
1441,2021-04-15,3282,52222,55504
1441,2021-04-16,3612,53520,57132
1441,2021-04-17,701,41221,41922
1441,2021-04-18,166,25063,25229
1441,2021-04-19,3468,51111,54579
1441,2021-04-20,3155,52529,55684
1441,2021-04-21,2869,52664,55533
1441,2021-04-22,2983,51916,54899
1441,2021-04-23,3009,55018,58027
1441,2021-04-24,721,41437,42158
1441,2021-04-25,154,27060,27214
1441,2021-04-26,2899,49919,52818
1441,2021-04-27,3193,52629,55822
1441,2021-04-28,3369,53482,56851
1441,2021-04-29,3266,53999,57265
1441,2021-04-30,3361,55693,59054
1441,2021-05-01,240,28784,29024
1441,2021-05-02,127,26568,26695
1441,2021-05-03,2696,48186,50882
1441,2021-05-05,4408,51566,55974
1441,2021-05-06,4930,50476,55406
1441,2021-05-07,4072,56471,60543
1441,2021-05-08,826,44939,45765
1441,2021-05-09,192,28879,29071
1441,2021-05-10,3982,52390,56372
1441,2021-05-11,4531,53558,58089
1441,2021-05-12,4090,55694,59784
1441,2021-05-13,300,28155,28455
1441,2021-05-14,2406,41939,44345
1441,2021-05-15,948,34971,35919
1441,2021-05-16,244,27374,27618
1441,2021-05-17,4017,50556,54573
1441,2021-05-18,4549,52695,57244
1441,2021-05-19,4034,52725,56759
1441,2021-05-20,4040,54883,58923
1441,2021-05-21,4202,56756,60958
1441,2021-05-22,1403,41514,42917
1441,2021-05-23,163,27598,27761
1441,2021-05-24,633,23761,24394
1441,2021-05-25,4466,50676,55142
1441,2021-05-26,4457,50552,55009
1441,2021-05-27,4004,53423,57427
1441,2021-05-28,4201,56025,60226
1441,2021-05-29,888,44844,45732
1441,2021-05-30,224,31775,31999
1441,2021-05-31,4142,53234,57376
1441,2021-06-01,4161,54722,58883
1441,2021-06-03,3983,54281,58264
1441,2021-06-04,4616,51709,56325
1441,2021-06-07,4044,53720,57764
1441,2021-06-09,4242,57690,61932
1441,2021-06-10,4013,56321,60334
1441,2021-06-11,4054,57030,61084
1441,2021-06-12,989,46445,47434
1441,2021-06-13,199,33127,33326
1441,2021-06-14,3943,49503,53446
1441,2021-06-15,3809,51532,55341
1441,2021-06-16,4064,53266,57330
1441,2021-06-17,4067,54508,58575
1441,2021-06-18,3785,56863,60648
1441,2021-06-19,773,43799,44572
1441,2021-06-20,219,28160,28379
1441,2021-06-21,3711,53517,57228
1441,2021-06-22,4816,53992,58808
1441,2021-06-23,1095,32302,33397
1441,2021-06-24,4357,53671,58028
1441,2021-06-25,3988,55414,59402
1441,2021-06-26,864,44471,45335
1441,2021-06-27,213,32067,32280
1441,2021-06-28,4001,53974,57975
1441,2021-06-29,4332,54513,58845
1441,2021-06-30,4332,55196,59528
1441,2021-07-01,4208,57037,61245
1441,2021-07-02,3743,58471,62214
1441,2021-07-03,845,48316,49161
1441,2021-07-04,347,31855,32202
1441,2021-07-05,4037,51748,55785
1441,2021-07-06,4011,52892,56903
1441,2021-07-07,4061,56530,60591
1441,2021-07-08,4034,56560,60594
1441,2021-07-09,4163,57996,62159
1441,2021-07-10,890,47421,48311
1441,2021-07-11,226,32136,32362
1441,2021-07-12,4413,54581,58994
1441,2021-07-13,5920,50141,56061
1441,2021-07-14,5141,50422,55563
1441,2021-07-15,4172,51274,55446
1441,2021-07-16,3566,56523,60089
1441,2021-07-17,875,45745,46620
1441,2021-07-18,244,32246,32490
1441,2021-07-19,3993,52857,56850
1441,2021-07-20,4041,53495,57536
1441,2021-07-21,3731,54021,57752
1441,2021-07-22,3911,54153,58064
1441,2021-07-23,3804,55716,59520
1441,2021-07-24,1172,41872,43044
1441,2021-07-25,290,29250,29540
1441,2021-07-26,3921,50976,54897
1441,2021-07-27,4518,51797,56315
1441,2021-07-28,3812,52134,55946
1441,2021-07-29,3053,53337,56390
1441,2021-07-30,2388,51710,54098
1441,2021-07-31,499,38333,38832
1441,2021-08-01,247,26752,26999
1441,2021-08-02,2134,44224,46358
1441,2021-08-03,2478,42963,45441
1441,2021-08-04,2062,44372,46434
1441,2021-08-05,2083,45190,47273
1441,2021-08-06,2030,44472,46502
1441,2021-08-07,456,34445,34901
1441,2021-08-08,201,24098,24299
1441,2021-08-09,1745,41188,42933
1441,2021-08-10,1971,42899,44870
1441,2021-08-12,1836,43245,45081
1441,2021-08-13,1914,44100,46014
1441,2021-08-14,440,33289,33729
1441,2021-08-15,149,25045,25194
1441,2021-08-16,2145,40512,42657
1441,2021-08-17,2026,42628,44654
1441,2021-08-18,2097,43361,45458
1441,2021-08-19,2043,43991,46034
1441,2021-08-20,2018,45834,47852
1441,2021-08-21,500,35776,36276
1441,2021-08-22,237,26173,26410
1441,2021-08-23,3187,46913,50100
1441,2021-08-24,3286,49803,53089
1441,2021-08-25,3468,48767,52235
1441,2021-08-26,3673,50574,54247
1441,2021-08-27,3451,48630,52081
1441,2021-08-30,3468,43894,47362
1441,2021-08-31,3355,46388,49743
1441,2021-09-01,3370,45793,49163
1441,2021-09-02,3018,45818,48836
1441,2021-09-03,3209,42197,45406
1441,2021-09-06,3470,50268,53738
1441,2021-09-07,3389,53235,56624
1441,2021-09-08,3614,53553,57167
1441,2021-09-09,3789,54764,58553
1441,2021-09-10,3831,55083,58914
1441,2021-09-11,803,45708,46511
1441,2021-09-12,223,34216,34439
1441,2021-09-13,3757,55205,58962
1441,2021-09-14,3768,52927,56695
1441,2021-09-15,4122,55027,59149
1441,2021-09-16,3621,57254,60875
1441,2021-09-17,3663,58770,62433
1441,2021-09-18,875,50113,50988
1441,2021-09-19,232,33683,33915
1441,2021-09-20,3617,52942,56559
1441,2021-09-21,3738,54890,58628
1441,2021-09-22,3636,53716,57352
1441,2021-09-23,3534,57049,60583
1441,2021-09-24,3505,59267,62772
1441,2021-09-25,903,50549,51452
1441,2021-09-26,212,33343,33555
1441,2021-09-27,3931,52212,56143
1441,2021-09-28,3958,51050,55008
1441,2021-09-29,4124,53480,57604
1441,2021-09-30,3784,56029,59813
1441,2021-10-01,3688,58396,62084
1441,2021-10-02,907,49356,50263
1441,2021-10-03,310,32481,32791
1441,2021-10-04,4143,53976,58119
1441,2021-10-05,4114,51311,55425
1441,2021-10-07,3889,56321,60210
1441,2021-10-08,3619,59349,62968
1441,2021-10-09,859,50682,51541
1441,2021-10-10,210,34895,35105
1441,2021-10-11,3684,54655,58339
1441,2021-10-12,3996,55731,59727
1441,2021-10-13,4038,54846,58884
1441,2021-10-14,3740,56424,60164
1441,2021-10-15,3734,59476,63210
1441,2021-10-16,782,51106,51888
1441,2021-10-17,225,34220,34445
1441,2021-10-18,3637,53655,57292
1441,2021-10-19,4241,55181,59422
1441,2021-10-20,4289,55563,59852
1441,2021-10-21,4233,54509,58742
1441,2021-10-22,3691,59548,63239
1441,2021-10-23,887,51153,52040
1441,2021-10-24,198,34877,35075
1441,2021-10-27,4259,56507,60766
1441,2021-10-28,4038,57234,61272
1441,2021-10-29,3987,59487,63474
1441,2021-10-30,1181,45968,47149
1441,2021-10-31,-46,670,624
1441,2021-11-01,259,29591,29850
1441,2021-11-02,4079,52540,56619
1441,2021-11-03,4423,52260,56683
1441,2021-11-04,3457,54668,58125
1441,2021-11-05,3726,56378,60104
1441,2021-11-06,807,46151,46958
1441,2021-11-07,246,29638,29884
1441,2021-11-08,3829,53571,57400
1441,2021-11-09,3853,54832,58685
1441,2021-11-10,4081,51841,55922
1441,2021-11-12,3992,56658,60650
1441,2021-11-13,982,49913,50895
1441,2021-11-14,294,34540,34834
1441,2021-11-15,4130,51355,55485
1441,2021-11-16,4391,53944,58335
1441,2021-11-17,4552,52391,56943
1441,2021-11-18,4463,55927,60390
1441,2021-11-19,4233,57681,61914
1441,2021-11-20,829,50047,50876
1441,2021-11-21,231,32736,32967
1441,2021-11-22,4358,53813,58171
1441,2021-11-24,4107,55208,59315
1441,2021-11-25,3980,57466,61446
1441,2021-11-26,4360,55499,59859
1441,2021-11-27,991,49199,50190
1441,2021-11-28,249,34210,34459
1441,2021-11-29,3904,51372,55276
1441,2021-11-30,4331,53184,57515
1441,2021-12-01,4611,51934,56545
1441,2021-12-02,4328,55261,59589
1441,2021-12-03,4143,57227,61370
1441,2021-12-04,1083,47029,48112
1441,2021-12-05,268,33061,33329
1441,2021-12-06,4138,53168,57306
1441,2021-12-07,4369,53794,58163
1441,2021-12-08,4323,54384,58707
1441,2021-12-09,4099,54911,59010
1441,2021-12-10,4473,53329,57802
1441,2021-12-11,993,49832,50825
1441,2021-12-12,298,34671,34969
1441,2021-12-13,4186,53505,57691
1441,2021-12-16,4125,57557,61682
1441,2021-12-17,3426,59790,63216
1441,2021-12-18,708,45610,46318
1441,2021-12-19,248,32691,32939
1441,2021-12-20,2165,51661,53826
1441,2021-12-21,2090,51161,53251
1441,2021-12-22,2056,51997,54053
1441,2021-12-23,1965,52253,54218
1441,2021-12-24,1214,42739,43953
1441,2021-12-25,159,24245,24404
1441,2021-12-26,255,23090,23345
1441,2021-12-27,1679,40103,41782
1441,2021-12-28,1965,40636,42601
1441,2021-12-29,1766,42200,43966
1441,2021-12-30,1523,43130,44653
1441,2021-12-31,920,39484,40404
1446,2021-01-01,127,12657,12784
1446,2021-01-02,376,21019,21395
1446,2021-01-03,126,16247,16373
1446,2021-01-04,2342,35203,37545
1446,2021-01-06,2862,37160,40022
1446,2021-01-07,2841,38616,41457
1446,2021-01-08,2921,40380,43301
1446,2021-01-09,889,27199,28088
1446,2021-01-10,261,19180,19441
1446,2021-01-11,3240,46258,49498
1446,2021-01-12,3098,45181,48279
1446,2021-01-13,3485,45313,48798
1446,2021-01-14,3402,41611,45013
1446,2021-01-15,3096,43137,46233
1446,2021-01-16,1036,30521,31557
1446,2021-01-17,225,17389,17614
1446,2021-01-18,3410,45463,48873
1446,2021-01-19,3493,46591,50084
1446,2021-01-20,3515,46664,50179
1446,2021-01-21,3397,46869,50266
1446,2021-01-23,960,34760,35720
1446,2021-01-24,214,20462,20676
1446,2021-01-25,3361,45861,49222
1446,2021-01-26,3499,47208,50707
1446,2021-01-27,3621,44581,48202
1446,2021-01-28,3621,47840,51461
1446,2021-01-29,3644,48990,52634
1446,2021-01-30,1067,35728,36795
1446,2021-01-31,259,20004,20263
1446,2021-02-01,3503,45657,49160
1446,2021-02-02,3556,45814,49370
1446,2021-02-03,3811,45240,49051
1446,2021-02-04,3799,47247,51046
1446,2021-02-05,3626,47984,51610
1446,2021-02-06,979,32084,33063
1446,2021-02-07,231,18995,19226
1446,2021-02-08,3451,43179,46630
1446,2021-02-09,3593,45075,48668
1446,2021-02-10,3308,44910,48218
1446,2021-02-11,3338,45609,48947
1446,2021-02-12,3249,48028,51277
1446,2021-02-13,945,31411,32356
1446,2021-02-14,249,20073,20322
1446,2021-02-15,3397,43898,47295
1446,2021-02-16,3578,46188,49766
1446,2021-02-17,3601,44905,48506
1446,2021-02-18,3712,46649,50361
1446,2021-02-19,3509,48395,51904
1446,2021-02-20,964,33406,34370
1446,2021-02-21,255,23464,23719
1446,2021-02-22,3499,43244,46743
1446,2021-02-23,3634,43715,47349
1446,2021-02-24,3697,44706,48403
1446,2021-02-25,3650,46086,49736
1446,2021-02-26,3418,46621,50039
1446,2021-02-27,1019,35245,36264
1446,2021-02-28,220,20919,21139
1446,2021-03-01,3501,44219,47720
1446,2021-03-02,3701,46136,49837
1446,2021-03-03,3745,46077,49822
1446,2021-03-04,3532,46123,49655
1446,2021-03-05,3472,47836,51308
1446,2021-03-06,1004,34997,36001
1446,2021-03-07,248,22273,22521
1446,2021-03-08,3580,45571,49151
1446,2021-03-09,3592,45946,49538
1446,2021-03-10,3924,45962,49886
1446,2021-03-11,3766,46169,49935
1446,2021-03-12,3562,47382,50944
1446,2021-03-13,970,32843,33813
1446,2021-03-14,222,19964,20186
1446,2021-03-15,3602,44963,48565
1446,2021-03-16,3664,45149,48813
1446,2021-03-17,3786,45645,49431
1446,2021-03-18,3654,47209,50863
1446,2021-03-19,3663,48473,52136
1446,2021-03-20,1098,35707,36805
1446,2021-03-21,211,20818,21029
1446,2021-03-22,3446,44439,47885
1446,2021-03-23,3707,47154,50861
1446,2021-03-24,3821,45754,49575
1446,2021-03-25,3694,47269,50963
1446,2021-03-26,3716,49558,53274
1446,2021-03-27,999,35033,36032
1446,2021-03-28,-33,112,79
1446,2021-03-29,3655,46788,50443
1446,2021-03-30,3724,49195,52919
1446,2021-03-31,3949,48980,52929
1446,2021-04-01,3555,50493,54048
1446,2021-04-02,2511,51623,54134
1446,2021-04-03,877,36340,37217
1446,2021-04-04,152,21416,21568
1446,2021-04-05,276,17557,17833
1446,2021-04-06,3627,44791,48418
1446,2021-04-07,3754,44935,48689
1446,2021-04-08,3856,46352,50208
1446,2021-04-09,3770,47258,51028
1446,2021-04-10,1045,30867,31912
1446,2021-04-11,277,16484,16761
1446,2021-04-12,3535,44858,48393
1446,2021-04-14,3966,45952,49918
1446,2021-04-15,3850,46626,50476
1446,2021-04-16,3866,47233,51099
1446,2021-04-17,979,35605,36584
1446,2021-04-18,188,21048,21236
1446,2021-04-19,3575,45138,48713
1446,2021-04-20,3892,48397,52289
1446,2021-04-21,3919,45870,49789
1446,2021-04-22,3649,46801,50450
1446,2021-04-23,3708,50082,53790
1446,2021-04-24,1044,36937,37981
1446,2021-04-25,221,24543,24764
1446,2021-04-26,3662,47122,50784
1446,2021-04-27,3859,48738,52597
1446,2021-04-28,3837,48517,52354
1446,2021-04-29,3835,50035,53870
1446,2021-04-30,3643,51213,54856
1446,2021-05-01,448,24041,24489
1446,2021-05-02,246,22863,23109
1446,2021-05-03,3534,48743,52277
1446,2021-05-05,3820,47892,51712
1446,2021-05-06,3551,47201,50752
1446,2021-05-07,3727,51008,54735
1446,2021-05-08,943,40106,41049
1446,2021-05-09,264,25401,25665
1446,2021-05-10,3831,47018,50849
1446,2021-05-11,3884,49258,53142
1446,2021-05-12,3911,50690,54601
1446,2021-05-13,627,23329,23956
1446,2021-05-14,3100,44940,48040
1446,2021-05-15,1088,35232,36320
1446,2021-05-16,229,22914,23143
1446,2021-05-17,3500,44870,48370
1446,2021-05-18,3719,48448,52167
1446,2021-05-19,3817,48763,52580
1446,2021-05-20,3800,50016,53816
1446,2021-05-21,4175,55687,59862
1446,2021-05-22,5419,58897,64316
1446,2021-05-23,1004,38886,39890
1446,2021-05-24,417,20614,21031
1446,2021-05-25,3638,46753,50391
1446,2021-05-26,3902,45391,49293
1446,2021-05-27,4016,49290,53306
1446,2021-05-28,3552,49672,53224
1446,2021-05-29,1068,38974,40042
1446,2021-05-30,220,28310,28530
1446,2021-05-31,3800,48504,52304
1446,2021-06-01,3685,51056,54741
1446,2021-06-03,3281,50408,53689
1446,2021-06-04,3584,51870,55454
1446,2021-06-05,975,39253,40228
1446,2021-06-06,237,24945,25182
1446,2021-06-07,3669,47919,51588
1446,2021-06-09,3666,49320,52986
1446,2021-06-10,3741,51029,54770
1446,2021-06-11,3575,52803,56378
1446,2021-06-12,1007,39885,40892
1446,2021-06-13,263,30761,31024
1446,2021-06-14,3774,49100,52874
1446,2021-06-15,3691,49900,53591
1446,2021-06-16,3884,50122,54006
1446,2021-06-17,3757,51167,54924
1446,2021-06-22,3760,48541,52301
1446,2021-06-23,2140,29686,31826
1446,2021-06-24,3973,48658,52631
1446,2021-06-25,4059,55201,59260
1446,2021-06-26,3412,56000,59412
1446,2021-06-27,865,38735,39600
1446,2021-06-28,3672,48966,52638
1446,2021-06-29,3284,46924,50208
1446,2021-06-30,3668,50079,53747
1446,2021-07-01,3560,50929,54489
1446,2021-07-02,3366,52168,55534
1446,2021-07-03,981,40800,41781
1446,2021-07-04,204,26311,26515
1446,2021-07-05,3511,48409,51920
1446,2021-07-06,3531,50168,53699
1446,2021-07-07,3735,50168,53903
1446,2021-07-08,3666,51130,54796
1446,2021-07-09,3376,51653,55029
1446,2021-07-10,926,39871,40797
1446,2021-07-11,203,27301,27504
1446,2021-07-12,3544,49162,52706
1446,2021-07-13,3631,47939,51570
1446,2021-07-14,2736,47344,50080
1446,2021-07-15,3410,49677,53087
1446,2021-07-16,3317,52656,55973
1446,2021-07-17,890,37917,38807
1446,2021-07-18,238,28268,28506
1446,2021-07-19,3199,46561,49760
1446,2021-07-20,3437,46221,49658
1446,2021-07-21,3473,48178,51651
1446,2021-07-22,3403,46958,50361
1446,2021-07-23,3329,49209,52538
1446,2021-07-24,966,35033,35999
1446,2021-07-25,226,27144,27370
1446,2021-07-26,3275,45485,48760
1446,2021-07-27,3438,46141,49579
1446,2021-07-28,3499,47233,50732
1446,2021-07-29,3473,48131,51604
1446,2021-07-30,3069,46716,49785
1446,2021-07-31,779,35107,35886
1446,2021-08-01,215,25058,25273
1446,2021-08-02,2945,40324,43269
1446,2021-08-03,3042,40010,43052
1446,2021-08-04,2867,40616,43483
1446,2021-08-05,2987,41293,44280
1446,2021-08-06,2748,42471,45219
1446,2021-08-07,764,32468,33232
1446,2021-08-08,227,22669,22896
1446,2021-08-09,2677,38216,40893
1446,2021-08-10,2807,39812,42619
1446,2021-08-11,2674,39864,42538
1446,2021-08-12,2619,40162,42781
1446,2021-08-13,2558,41544,44102
1446,2021-08-14,704,32439,33143
1446,2021-08-15,250,25472,25722
1446,2021-08-16,2595,37922,40517
1446,2021-08-17,2673,38983,41656
1446,2021-08-18,2717,39223,41940
1446,2021-08-19,2716,40328,43044
1446,2021-08-20,2669,42601,45270
1446,2021-08-21,763,32261,33024
1446,2021-08-22,284,23869,24153
1446,2021-08-23,2908,41305,44213
1446,2021-08-24,2982,43359,46341
1446,2021-08-25,3105,44405,47510
1446,2021-08-26,3025,44044,47069
1446,2021-08-27,2921,46532,49453
1446,2021-08-28,850,34370,35220
1446,2021-08-29,254,25325,25579
1446,2021-08-30,3212,44932,48144
1446,2021-08-31,2904,44406,47310
1446,2021-09-01,3376,46551,49927
1446,2021-09-02,3175,45942,49117
1446,2021-09-03,3259,48759,52018
1446,2021-09-04,922,35621,36543
1446,2021-09-05,221,27266,27487
1446,2021-09-06,3100,44351,47451
1446,2021-09-07,2880,45311,48191
1446,2021-09-08,3387,47482,50869
1446,2021-09-09,3343,48441,51784
1446,2021-09-10,3306,49801,53107
1446,2021-09-11,979,38371,39350
1446,2021-09-12,261,28652,28913
1446,2021-09-13,3102,47596,50698
1446,2021-09-14,3122,47044,50166
1446,2021-09-15,3379,47425,50804
1446,2021-09-16,3511,50392,53903
1446,2021-09-17,3449,49946,53395
1446,2021-09-18,1116,41964,43080
1446,2021-09-19,248,29145,29393
1446,2021-09-20,3547,47975,51522
1446,2021-09-21,3535,49385,52920
1446,2021-09-22,3599,49501,53100
1446,2021-09-23,3433,50930,54363
1446,2021-09-24,3219,52419,55638
1446,2021-09-25,932,41101,42033
1446,2021-09-26,203,28402,28605
1446,2021-09-27,3356,48310,51666
1446,2021-09-28,3440,50167,53607
1446,2021-09-29,3643,49918,53561
1446,2021-09-30,3490,56960,60450
1446,2021-11-01,354,24774,25128
1446,2021-11-02,3325,48726,52051
1446,2021-11-03,3552,49238,52790
1446,2021-11-04,3263,49989,53252
1446,2021-11-05,3491,51934,55425
1446,2021-11-06,1142,38730,39872
1446,2021-11-07,225,25498,25723
1446,2021-11-08,3394,49431,52825
1446,2021-11-09,3346,51097,54443
1446,2021-11-10,3377,50990,54367
1446,2021-11-12,3130,51935,55065
1446,2021-11-13,920,40064,40984
1446,2021-11-14,217,27198,27415
1446,2021-11-15,3172,48292,51464
1446,2021-11-16,3376,51104,54480
1446,2021-11-17,3505,49205,52710
1446,2021-11-18,3621,52370,55991
1446,2021-11-19,3218,52320,55538
1446,2021-11-20,1005,39623,40628
1446,2021-11-21,221,26201,26422
1446,2021-11-22,3484,48401,51885
1446,2021-11-24,3472,49283,52755
1446,2021-11-25,3504,51274,54778
1446,2021-11-26,3181,51727,54908
1446,2021-11-27,1067,38106,39173
1446,2021-11-28,261,26598,26859
1446,2021-11-29,3487,48421,51908
1446,2021-11-30,3271,49211,52482
1446,2021-12-01,3461,48135,51596
1446,2021-12-02,3596,49693,53289
1446,2021-12-03,3406,50529,53935
1446,2021-12-04,952,37786,38738
1446,2021-12-05,203,26782,26985
1446,2021-12-06,3124,47318,50442
1446,2021-12-07,3475,48801,52276
1446,2021-12-08,3622,48943,52565
1446,2021-12-09,3309,49366,52675
1446,2021-12-10,3176,48886,52062
1446,2021-12-11,1026,39247,40273
1446,2021-12-12,252,27999,28251
1446,2021-12-13,3285,47559,50844
1446,2021-12-16,3244,50860,54104
1446,2021-12-17,2995,52521,55516
1446,2021-12-18,966,38029,38995
1446,2021-12-19,259,26105,26364
1446,2021-12-20,2505,44468,46973
1446,2021-12-21,2455,44859,47314
1446,2021-12-22,2460,45346,47806
1446,2021-12-23,2153,43325,45478
1446,2021-12-24,1228,34199,35427
1446,2021-12-25,93,20020,20113
1446,2021-12-26,103,19478,19581
1446,2021-12-27,1694,33308,35002
1446,2021-12-28,1655,34289,35944
1446,2021-12-29,1653,35741,37394
1446,2021-12-30,1627,36675,38302
1446,2021-12-31,941,31740,32681
1448,2021-01-01,174,5198,5372
1448,2021-01-02,381,9806,10187
1448,2021-01-03,222,7350,7572
1448,2021-01-04,1513,16199,17712
1448,2021-01-05,1856,16346,18202
1448,2021-01-06,2036,16354,18390
1448,2021-01-07,1879,16784,18663
1448,2021-01-08,1979,17386,19365
1448,2021-01-09,1016,11514,12530
1448,2021-01-10,358,8274,8632
1448,2021-01-11,2594,19194,21788
1448,2021-01-12,3012,18592,21604
1448,2021-01-13,2693,19507,22200
1448,2021-01-14,3214,17870,21084
1448,2021-01-15,2557,18155,20712
1448,2021-01-16,1378,12468,13846
1448,2021-01-17,508,6720,7228
1448,2021-01-18,2944,18656,21600
1448,2021-01-19,3129,19993,23122
1448,2021-01-20,2784,20205,22989
1448,2021-01-21,3082,19517,22599
1448,2021-01-22,3056,19587,22643
1448,2021-01-23,1141,14084,15225
1448,2021-01-24,433,8211,8644
1448,2021-01-25,2907,18950,21857
1448,2021-01-26,2835,20364,23199
1448,2021-01-27,3702,18793,22495
1448,2021-01-28,3528,19115,22643
1448,2021-01-29,3051,19466,22517
1448,2021-01-30,1429,13948,15377
1448,2021-01-31,371,8047,8418
1448,2021-02-01,3127,19503,22630
1448,2021-02-02,3448,19788,23236
1448,2021-02-03,3765,19412,23177
1448,2021-02-04,2785,21215,24000
1448,2021-02-05,2800,21115,23915
1448,2021-02-06,1267,13534,14801
1448,2021-02-07,438,7708,8146
1448,2021-02-08,2400,19180,21580
1448,2021-02-09,2899,19220,22119
1448,2021-02-10,3010,19321,22331
1448,2021-02-11,3080,19409,22489
1448,2021-02-12,2687,20227,22914
1448,2021-02-13,1280,14329,15609
1448,2021-02-14,348,8866,9214
1448,2021-02-15,2439,18777,21216
1448,2021-02-16,2827,20061,22888
1448,2021-02-17,3780,19151,22931
1448,2021-02-18,2857,20268,23125
1448,2021-02-19,3144,20657,23801
1448,2021-02-20,1426,15226,16652
1448,2021-02-21,580,11400,11980
1448,2021-02-22,2979,19628,22607
1448,2021-02-23,3332,20540,23872
1448,2021-02-24,3416,20756,24172
1448,2021-02-25,3251,20986,24237
1448,2021-02-26,3150,21024,24174
1448,2021-02-27,1380,15412,16792
1448,2021-02-28,497,10287,10784
1448,2021-03-01,2837,20112,22949
1448,2021-03-02,3250,19717,22967
1448,2021-03-03,3338,19642,22980
1448,2021-03-04,3028,19742,22770
1448,2021-03-05,2826,19953,22779
1448,2021-03-06,1350,14280,15630
1448,2021-03-07,473,9870,10343
1448,2021-03-08,2846,18370,21216
1448,2021-03-09,3260,19949,23209
1448,2021-03-10,3604,19918,23522
1448,2021-03-11,3586,19395,22981
1448,2021-03-12,2799,20303,23102
1448,2021-03-13,1537,13284,14821
1448,2021-03-14,445,7865,8310
1448,2021-03-15,3158,19251,22409
1448,2021-03-16,3224,19867,23091
1448,2021-03-17,3520,19739,23259
1448,2021-03-18,3274,20473,23747
1448,2021-03-19,2740,19499,22239
1448,2021-03-20,1026,13749,14775
1448,2021-03-21,455,8520,8975
1448,2021-03-22,2754,20043,22797
1448,2021-03-23,2926,20633,23559
1448,2021-03-24,3148,20553,23701
1448,2021-03-25,3089,20649,23738
1448,2021-03-26,2744,21241,23985
1448,2021-03-27,1213,14550,15763
1448,2021-03-28,-34,79,45
1448,2021-03-29,2703,19812,22515
1448,2021-03-30,3069,20741,23810
1448,2021-03-31,3278,20644,23922
1448,2021-04-01,2856,21135,23991
1448,2021-04-02,1616,19055,20671
1448,2021-04-03,961,13837,14798
1448,2021-04-04,390,9208,9598
1448,2021-04-05,512,7870,8382
1448,2021-04-06,2426,19524,21950
1448,2021-04-07,2840,20278,23118
1448,2021-04-08,3167,20987,24154
1448,2021-04-09,2779,21123,23902
1448,2021-04-10,1767,13464,15231
1448,2021-04-11,587,6466,7053
1448,2021-04-12,2471,20512,22983
1448,2021-04-13,3023,21071,24094
1448,2021-04-14,3004,20903,23907
1448,2021-04-15,3057,21216,24273
1448,2021-04-16,2841,21254,24095
1448,2021-04-17,1264,14757,16021
1448,2021-04-18,432,9277,9709
1448,2021-04-19,2700,20004,22704
1448,2021-04-20,3418,20735,24153
1448,2021-04-21,3035,20852,23887
1448,2021-04-22,3034,21328,24362
1448,2021-04-23,2704,21664,24368
1448,2021-04-24,1252,16197,17449
1448,2021-04-25,498,11741,12239
1448,2021-05-01,953,10189,11142
1448,2021-05-02,503,10178,10681
1448,2021-05-03,3101,19784,22885
1448,2021-05-04,3327,19398,22725
1448,2021-05-05,3385,19834,23219
1448,2021-05-06,3460,20001,23461
1448,2021-05-07,3223,21021,24244
1448,2021-05-08,1736,16270,18006
1448,2021-05-09,521,12883,13404
1448,2021-05-10,3283,18803,22086
1448,2021-05-11,3623,20352,23975
1448,2021-05-12,3801,21862,25663
1448,2021-05-13,1119,10823,11942
1448,2021-05-14,2738,19420,22158
1448,2021-05-15,1614,15773,17387
1448,2021-05-16,569,11140,11709
1448,2021-05-17,3253,20009,23262
1448,2021-05-18,3658,20763,24421
1448,2021-05-19,3758,20867,24625
1448,2021-05-20,3612,21442,25054
1448,2021-05-21,3295,22421,25716
1448,2021-05-22,1607,15795,17402
1448,2021-05-23,456,10214,10670
1448,2021-05-24,801,10247,11048
1448,2021-05-25,3235,20904,24139
1448,2021-05-26,4156,20740,24896
1448,2021-05-27,3876,21404,25280
1448,2021-05-28,3340,22506,25846
1448,2021-05-29,1752,18050,19802
1448,2021-05-30,617,14597,15214
1448,2021-05-31,3368,21367,24735
1448,2021-06-01,3603,21994,25597
1448,2021-06-02,3849,22066,25915
1448,2021-06-03,2517,21376,23893
1448,2021-06-04,3169,22572,25741
1448,2021-06-05,1651,17250,18901
1448,2021-06-06,639,12348,12987
1448,2021-06-07,3331,21105,24436
1448,2021-06-08,3626,21969,25595
1448,2021-06-09,3901,21905,25806
1448,2021-06-10,3692,22802,26494
1448,2021-06-11,3197,23580,26777
1448,2021-06-12,1715,18097,19812
1448,2021-06-13,635,15271,15906
1448,2021-06-14,3380,21906,25286
1448,2021-06-15,3576,22101,25677
1448,2021-06-16,3816,22282,26098
1448,2021-06-17,3491,22498,25989
1448,2021-06-18,3297,23216,26513
1448,2021-06-19,1635,18013,19648
1448,2021-06-20,589,12667,13256
1448,2021-06-21,3176,21324,24500
1448,2021-06-22,3676,22104,25780
1448,2021-06-23,2618,18154,20772
1448,2021-06-24,3733,21414,25147
1448,2021-06-25,3289,22819,26108
1448,2021-06-26,1608,17659,19267
1448,2021-06-27,642,13161,13803
1448,2021-06-28,3114,21962,25076
1448,2021-06-29,3581,21936,25517
1448,2021-06-30,3733,22588,26321
1448,2021-07-01,3599,23421,27020
1448,2021-07-02,3363,24635,27998
1448,2021-07-03,1569,20336,21905
1448,2021-07-04,592,13167,13759
1448,2021-07-05,3170,22075,25245
1448,2021-07-06,3593,22249,25842
1448,2021-07-07,3710,22975,26685
1448,2021-07-08,3621,22720,26341
1448,2021-07-09,3420,24410,27830
1448,2021-07-10,1536,19774,21310
1448,2021-07-11,606,14411,15017
1448,2021-07-12,3210,22179,25389
1448,2021-07-13,3687,22039,25726
1448,2021-07-14,4181,21758,25939
1448,2021-07-15,3461,21854,25315
1448,2021-07-16,3147,23858,27005
1448,2021-07-17,1644,19273,20917
1448,2021-07-18,654,15925,16579
1448,2021-07-19,3244,22143,25387
1448,2021-07-20,3385,22151,25536
1448,2021-07-21,3371,23001,26372
1448,2021-07-22,3355,23179,26534
1448,2021-07-23,3233,24391,27624
1448,2021-07-24,1570,18555,20125
1448,2021-07-25,686,14720,15406
1448,2021-07-26,3046,21829,24875
1448,2021-07-27,3413,19686,23099
1448,2021-07-28,3620,21892,25512
1448,2021-07-29,3132,23006,26138
1448,2021-07-30,2676,24247,26923
1448,2021-07-31,1283,20165,21448
1448,2021-08-01,570,15010,15580
1448,2021-08-02,2450,20723,23173
1448,2021-08-03,2608,20125,22733
1448,2021-08-04,2874,20500,23374
1448,2021-08-05,2580,20093,22673
1448,2021-08-06,2405,21257,23662
1448,2021-08-07,1216,17852,19068
1448,2021-08-08,574,13302,13876
1448,2021-08-09,2409,19689,22098
1448,2021-08-10,2730,19597,22327
1448,2021-08-11,2627,20114,22741
1448,2021-08-12,2404,20418,22822
1448,2021-08-13,1918,20949,22867
1448,2021-08-14,946,18753,19699
1448,2021-08-15,520,17083,17603
1448,2021-08-16,2085,19402,21487
1448,2021-08-17,2468,18994,21462
1448,2021-08-18,2451,19187,21638
1448,2021-08-19,2390,19632,22022
1448,2021-08-20,2396,21088,23484
1448,2021-08-21,1189,18601,19790
1448,2021-08-22,532,12951,13483
1448,2021-08-23,2476,20749,23225
1448,2021-08-24,2713,21319,24032
1448,2021-08-25,2868,21994,24862
1448,2021-08-26,2691,22187,24878
1448,2021-08-27,2570,23205,25775
1448,2021-08-28,1175,18480,19655
1448,2021-08-29,519,14107,14626
1448,2021-08-30,2772,22249,25021
1448,2021-08-31,2938,22806,25744
1448,2021-09-01,3163,23077,26240
1448,2021-09-02,3023,23066,26089
1448,2021-09-03,2858,24968,27826
1448,2021-09-04,1442,20160,21602
1448,2021-09-05,550,16646,17196
1448,2021-09-06,2673,22683,25356
1448,2021-09-07,3030,23182,26212
1448,2021-09-08,3064,23486,26550
1448,2021-09-09,2989,23593,26582
1448,2021-09-10,2744,24385,27129
1448,2021-09-11,1288,17078,18366
1448,2021-09-12,539,14621,15160
1448,2021-09-13,2724,23303,26027
1448,2021-09-14,3111,23183,26294
1448,2021-09-15,3093,23095,26188
1448,2021-09-16,3018,23861,26879
1448,2021-09-17,2972,24451,27423
1448,2021-09-18,1534,20317,21851
1448,2021-09-19,493,15467,15960
1448,2021-09-27,3632,24253,27885
1448,2021-09-28,3947,24902,28849
1448,2021-09-29,3949,24977,28926
1448,2021-09-30,4125,25783,29908
1448,2021-10-01,4102,25994,30096
1448,2021-10-02,2907,19929,22836
1448,2021-10-03,1660,13468,15128
1448,2021-10-04,3804,25114,28918
1448,2021-10-05,3953,25290,29243
1448,2021-10-06,3781,25584,29365
1448,2021-10-07,3767,25683,29450
1448,2021-10-08,4297,25874,30171
1448,2021-10-09,3192,20644,23836
1448,2021-10-10,2244,15490,17734
1448,2021-10-11,3369,25225,28594
1448,2021-10-12,3879,24772,28651
1448,2021-10-13,3034,25537,28571
1448,2021-10-14,3794,25755,29549
1448,2021-10-15,3290,26125,29415
1448,2021-10-16,3078,20077,23155
1448,2021-10-17,2037,14125,16162
1448,2021-10-18,3079,24893,27972
1448,2021-10-19,3916,24477,28393
1448,2021-10-20,3929,24095,28024
1448,2021-10-21,3826,24185,28011
1448,2021-10-22,3035,25230,28265
1448,2021-10-23,3017,19672,22689
1448,2021-10-24,1727,14402,16129
1448,2021-10-27,3878,24889,28767
1448,2021-10-28,4111,25616,29727
1448,2021-10-29,4192,26774,30966
1448,2021-10-30,3055,20312,23367
1448,2021-10-31,-46,180,134
1448,2021-11-01,1876,13275,15151
1448,2021-11-02,3643,25695,29338
1448,2021-11-03,3572,25864,29436
1448,2021-11-04,3120,26928,30048
1448,2021-11-05,3097,26762,29859
1448,2021-11-06,2417,20272,22689
1448,2021-11-07,1640,12632,14272
1448,2021-11-08,2534,24431,26965
1448,2021-11-09,2999,25371,28370
1448,2021-11-10,3423,25738,29161
1448,2021-11-12,3618,26018,29636
1448,2021-11-13,2260,19051,21311
1448,2021-11-14,1688,12676,14364
1448,2021-11-15,3265,24351,27616
1448,2021-11-16,3144,25444,28588
1448,2021-11-17,3238,25427,28665
1448,2021-11-18,3462,26266,29728
1448,2021-11-19,3221,25691,28912
1448,2021-11-20,2655,19459,22114
1448,2021-11-21,1363,12298,13661
1448,2021-11-22,3045,24543,27588
1448,2021-11-24,3807,24632,28439
1448,2021-11-25,3739,25587,29326
1448,2021-11-26,3296,25501,28797
1448,2021-11-27,2410,18561,20971
1448,2021-11-28,1331,12020,13351
1448,2021-11-29,2999,23294,26293
1448,2021-11-30,3077,24554,27631
1448,2021-12-01,3518,24274,27792
1448,2021-12-02,3701,24750,28451
1448,2021-12-03,3884,25237,29121
1448,2021-12-04,2467,18323,20790
1448,2021-12-05,1462,11644,13106
1448,2021-12-06,3228,24120,27348
1448,2021-12-07,3505,24521,28026
1448,2021-12-08,3822,24638,28460
1448,2021-12-09,3278,24371,27649
1448,2021-12-10,3338,24072,27410
1448,2021-12-11,2622,18493,21115
1448,2021-12-12,1551,11803,13354
1448,2021-12-13,3459,23344,26803
1448,2021-12-16,3707,23409,27116
1448,2021-12-17,4039,25376,29415
1448,2021-12-18,2783,19406,22189
1448,2021-12-19,1770,12639,14409
1448,2021-12-20,3264,22229,25493
1448,2021-12-21,3478,22129,25607
1448,2021-12-22,3609,20927,24536
1448,2021-12-23,2997,20657,23654
1448,2021-12-24,2053,14351,16404
1448,2021-12-25,1209,9107,10316
1448,2021-12-26,1468,10095,11563
1448,2021-12-27,2446,16804,19250
1448,2021-12-28,2563,16687,19250
1448,2021-12-29,2672,16744,19416
1448,2021-12-30,2589,17378,19967
1448,2021-12-31,2398,13220,15618
1480,2021-04-22,1674,29365,31039
1480,2021-04-23,1668,30536,32204
1480,2021-04-24,395,23100,23495
1480,2021-04-25,137,16780,16917
1480,2021-04-26,1576,28608,30184
1480,2021-04-27,1697,29273,30970
1480,2021-04-28,1587,29978,31565
1480,2021-04-29,1608,30112,31720
1480,2021-04-30,1571,31802,33373
1480,2021-05-01,165,16586,16751
1480,2021-05-02,107,15693,15800
1480,2021-05-03,1495,28848,30343
1480,2021-05-04,1523,29142,30665
1480,2021-05-05,1588,29810,31398
1480,2021-05-06,1508,29580,31088
1480,2021-05-07,1510,31008,32518
1480,2021-05-08,358,23346,23704
1480,2021-05-09,125,17335,17460
1480,2021-05-10,1576,28783,30359
1480,2021-05-11,1642,29801,31443
1480,2021-05-12,1594,31109,32703
1480,2021-05-13,238,15932,16170
1480,2021-05-15,396,22561,22957
1480,2021-05-16,207,15843,16050
1480,2021-05-17,1476,28940,30416
1480,2021-05-18,1623,29955,31578
1480,2021-05-19,1566,29961,31527
1480,2021-05-20,1589,31647,33236
1480,2021-05-22,450,21158,21608
1480,2021-05-23,181,15437,15618
1480,2021-05-24,303,14070,14373
1480,2021-05-25,1935,28754,30689
1480,2021-05-26,1944,29470,31414
1480,2021-05-27,1977,29010,30987
1480,2021-05-28,1802,30415,32217
1480,2021-05-29,580,22874,23454
1480,2021-05-30,240,17748,17988
1480,2021-05-31,1579,28167,29746
1480,2021-06-01,1625,27820,29445
1480,2021-06-02,1644,28429,30073
1480,2021-06-03,1578,29622,31200
1480,2021-06-04,1559,29374,30933
1480,2021-06-05,433,24051,24484
1480,2021-06-06,197,16549,16746
1480,2021-06-07,1552,28140,29692
1480,2021-06-08,1621,28967,30588
1480,2021-06-09,1621,28936,30557
1480,2021-06-10,1641,29902,31543
1480,2021-06-11,1581,31039,32620
1480,2021-06-12,437,24117,24554
1480,2021-06-13,152,19083,19235
1480,2021-06-14,1542,28779,30321
1480,2021-06-16,1559,29182,30741
1480,2021-06-17,1539,30089,31628
1480,2021-06-18,1470,29653,31123
1480,2021-06-19,433,23480,23913
1480,2021-06-20,125,16420,16545
1480,2021-06-21,1611,28753,30364
1480,2021-06-22,1562,30174,31736
1480,2021-06-23,529,15438,15967
1480,2021-06-24,1598,28757,30355
1480,2021-06-25,1507,29737,31244
1480,2021-06-26,417,23344,23761
1480,2021-06-27,163,17143,17306
1480,2021-06-28,1493,28770,30263
1480,2021-06-29,1576,29301,30877
1480,2021-06-30,1615,30199,31814
1480,2021-07-02,1450,31265,32715
1480,2021-07-03,472,24476,24948
1480,2021-07-04,158,17016,17174
1480,2021-07-05,1541,29123,30664
1480,2021-07-06,1619,29651,31270
1480,2021-07-07,1549,30142,31691
1480,2021-07-08,1641,30926,32567
1480,2021-07-09,1513,31104,32617
1480,2021-07-10,382,23885,24267
1480,2021-07-11,146,17323,17469
1480,2021-07-12,1504,29633,31137
1480,2021-07-13,1508,29811,31319
1480,2021-07-14,1414,29247,30661
1480,2021-07-15,1568,27591,29159
1480,2021-07-16,1605,31533,33138
1480,2021-07-17,605,23971,24576
1480,2021-07-18,308,18511,18819
1480,2021-07-19,1719,29522,31241
1480,2021-07-20,1742,29675,31417
1480,2021-07-21,1809,29809,31618
1480,2021-07-22,1773,30075,31848
1480,2021-07-23,1770,30753,32523
1480,2021-07-24,564,22396,22960
1480,2021-07-25,291,16803,17094
1480,2021-07-26,1823,28460,30283
1480,2021-07-27,1794,28343,30137
1480,2021-07-28,1811,29905,31716
1480,2021-07-29,1671,30078,31749
1480,2021-07-30,1480,28565,30045
1480,2021-07-31,477,21422,21899
1480,2021-08-01,265,16378,16643
1480,2021-08-02,1366,25163,26529
1480,2021-08-03,1420,25125,26545
1480,2021-08-04,1468,25879,27347
1480,2021-08-05,1363,25334,26697
1480,2021-08-06,1350,25672,27022
1480,2021-08-07,362,19567,19929
1480,2021-08-08,148,15214,15362
1480,2021-08-09,990,23906,24896
1480,2021-08-10,1100,24176,25276
1480,2021-08-11,1122,24000,25122
1480,2021-08-12,1163,24530,25693
1480,2021-08-13,1071,24758,25829
1480,2021-08-14,363,19698,20061
1480,2021-08-15,161,16614,16775
1480,2021-08-16,1121,23050,24171
1480,2021-08-17,1218,23789,25007
1480,2021-08-18,1179,24188,25367
1480,2021-08-19,1177,24225,25402
1480,2021-08-20,1135,24653,25788
1480,2021-08-21,401,20165,20566
1480,2021-08-22,179,14938,15117
1480,2021-08-23,1312,25288,26600
1480,2021-08-24,1500,26602,28102
1480,2021-08-25,1526,27311,28837
1480,2021-08-26,1531,27462,28993
1480,2021-08-27,1345,27623,28968
1480,2021-08-28,426,20735,21161
1480,2021-08-29,189,16759,16948
1480,2021-08-30,1522,26884,28406
1480,2021-09-01,1656,28188,29844
1480,2021-09-02,1582,28347,29929
1480,2021-09-03,1561,28958,30519
1480,2021-09-04,451,21985,22436
1480,2021-09-05,158,17497,17655
1480,2021-09-06,1634,28653,30287
1480,2021-09-07,1683,28957,30640
1480,2021-09-08,1704,29614,31318
1480,2021-09-09,1817,29891,31708
1480,2021-09-10,1718,31151,32869
1480,2021-09-11,508,23937,24445
1480,2021-09-12,195,19574,19769
1480,2021-09-13,1690,30346,32036
1480,2021-09-14,1755,29073,30828
1480,2021-09-15,1851,28687,30538
1480,2021-09-16,1785,30611,32396
1480,2021-09-17,1671,31800,33471
1480,2021-09-18,543,25704,26247
1480,2021-09-19,213,19792,20005
1480,2021-09-20,1705,29216,30921
1480,2021-09-21,1769,30439,32208
1480,2021-09-22,1689,30234,31923
1480,2021-09-23,1737,30927,32664
1480,2021-09-24,1661,31768,33429
1480,2021-09-25,499,25953,26452
1480,2021-09-26,205,19088,19293
1480,2021-09-27,1590,29676,31266
1480,2021-09-28,1750,30465,32215
1480,2021-09-29,1779,30649,32428
1480,2021-09-30,1702,30661,32363
1480,2021-10-01,1600,31880,33480
1480,2021-10-02,462,25629,26091
1480,2021-10-03,175,17537,17712
1480,2021-10-04,1553,29011,30564
1480,2021-10-05,1729,29525,31254
1480,2021-10-06,1773,30111,31884
1480,2021-10-07,1662,30663,32325
1480,2021-10-08,1733,30580,32313
1480,2021-10-09,512,25505,26017
1480,2021-10-10,156,18582,18738
1480,2021-10-12,1790,29501,31291
1480,2021-10-13,1727,30315,32042
1480,2021-10-14,1704,31281,32985
1480,2021-10-15,1640,31880,33520
1480,2021-10-16,568,24900,25468
1480,2021-10-17,233,18793,19026
1480,2021-10-18,1670,28970,30640
1480,2021-10-19,1828,30647,32475
1480,2021-10-20,1707,29770,31477
1480,2021-10-21,1656,29316,30972
1480,2021-10-22,1695,31543,33238
1480,2021-10-23,506,24788,25294
1480,2021-10-24,150,19764,19914
1480,2021-10-27,1773,30888,32661
1480,2021-10-28,1664,31485,33149
1480,2021-10-29,1660,31663,33323
1480,2021-10-30,630,24139,24769
1480,2021-10-31,-46,257,211
1480,2021-11-01,357,16540,16897
1480,2021-11-02,1990,28282,30272
1480,2021-11-03,2024,28150,30174
1480,2021-11-04,1797,28535,30332
1480,2021-11-05,1856,30121,31977
1480,2021-11-06,593,23102,23695
1480,2021-11-07,223,16469,16692
1480,2021-11-08,1711,28920,30631
1480,2021-11-09,1740,29598,31338
1480,2021-11-10,1707,29398,31105
1480,2021-11-12,1506,30977,32483
1480,2021-11-13,408,23942,24350
1480,2021-11-14,141,16802,16943
1480,2021-11-15,1708,28967,30675
1480,2021-11-16,1851,29154,31005
1480,2021-11-17,1824,29784,31608
1480,2021-11-18,1765,29697,31462
1480,2021-11-19,1646,30188,31834
1480,2021-11-20,424,18379,18803
1480,2021-11-21,133,14544,14677
1480,2021-11-22,1638,28235,29873
1480,2021-11-24,1698,29826,31524
1480,2021-11-25,1738,30469,32207
1480,2021-11-26,1689,31314,33003
1480,2021-11-27,397,23515,23912
1480,2021-11-28,120,17139,17259
1480,2021-11-29,1549,28772,30321
1480,2021-11-30,1648,29133,30781
1480,2021-12-01,1509,29653,31162
1480,2021-12-02,1698,29945,31643
1480,2021-12-03,1590,30724,32314
1480,2021-12-04,422,23232,23654
1480,2021-12-05,112,16903,17015
1480,2021-12-06,1576,28140,29716
1480,2021-12-07,1562,29499,31061
1480,2021-12-08,1635,29396,31031
1480,2021-12-09,1604,29897,31501
1480,2021-12-10,1382,29985,31367
1480,2021-12-11,389,23856,24245
1480,2021-12-12,106,16559,16665
1480,2021-12-13,1588,28941,30529
1480,2021-12-16,1610,31315,32925
1480,2021-12-17,1397,31458,32855
1480,2021-12-18,369,22523,22892
1480,2021-12-19,114,16827,16941
1480,2021-12-20,1101,26121,27222
1480,2021-12-21,1061,27355,28416
1480,2021-12-22,1022,26732,27754
1480,2021-12-23,851,25643,26494
1480,2021-12-24,524,20381,20905
1480,2021-12-25,61,13270,13331
1480,2021-12-26,70,12785,12855
1480,2021-12-27,643,20071,20714
1480,2021-12-28,656,21157,21813
1480,2021-12-29,642,21941,22583
1480,2021-12-30,587,21925,22512
1480,2021-12-31,398,18342,18740
1483,2021-01-01,46,9316,9362
1483,2021-01-02,162,14134,14296
1483,2021-01-03,94,13507,13601
1483,2021-01-04,1040,18138,19178
1483,2021-01-05,1221,18708,19929
1483,2021-01-06,1311,19301,20612
1483,2021-01-07,1305,19976,21281
1483,2021-01-08,1247,20984,22231
1483,2021-01-09,345,16683,17028
1483,2021-01-10,101,15943,16044
1483,2021-01-11,1698,24139,25837
1483,2021-01-12,2016,24149,26165
1483,2021-01-13,1745,24304,26049
1483,2021-01-14,1884,22876,24760
1483,2021-01-15,1610,23331,24941
1483,2021-01-16,377,17145,17522
1483,2021-01-17,105,12644,12749
1483,2021-01-18,1743,23747,25490
1483,2021-01-19,1846,24241,26087
1483,2021-01-20,1775,24600,26375
1483,2021-01-21,2091,24842,26933
1483,2021-01-22,2181,25381,27562
1483,2021-01-23,380,16334,16714
1483,2021-01-25,1721,23118,24839
1483,2021-01-26,1793,25073,26866
1483,2021-01-27,1808,24251,26059
1483,2021-01-28,2149,24975,27124
1483,2021-01-29,2090,25664,27754
1483,2021-01-30,418,16615,17033
1483,2021-01-31,98,11346,11444
1483,2021-02-01,1774,24480,26254
1483,2021-02-02,1923,25224,27147
1483,2021-02-03,3022,24681,27703
1483,2021-02-04,1715,25491,27206
1483,2021-02-05,1675,25960,27635
1483,2021-02-06,476,17308,17784
1483,2021-02-07,129,10543,10672
1483,2021-02-08,1708,22446,24154
1483,2021-02-09,1570,23284,24854
1483,2021-02-10,1631,23994,25625
1483,2021-02-11,1565,24246,25811
1483,2021-02-12,1512,24732,26244
1483,2021-02-13,369,17610,17979
1483,2021-02-14,89,12285,12374
1483,2021-02-15,1548,23531,25079
1483,2021-02-16,1826,25185,27011
1483,2021-02-17,1842,25035,26877
1483,2021-02-18,1815,25425,27240
1483,2021-02-19,1775,25560,27335
1483,2021-02-20,387,18005,18392
1483,2021-02-21,99,14242,14341
1483,2021-02-22,1846,25303,27149
1483,2021-02-23,1977,26133,28110
1483,2021-02-24,1960,26620,28580
1483,2021-02-25,1934,26847,28781
1483,2021-02-26,1985,25142,27127
1483,2021-02-27,451,18540,18991
1483,2021-02-28,111,13920,14031
1483,2021-03-01,1946,25450,27396
1483,2021-03-02,1998,26133,28131
1483,2021-03-03,1972,26467,28439
1483,2021-03-04,2429,26399,28828
1483,2021-03-05,1880,26997,28877
1483,2021-03-06,390,16683,17073
1483,2021-03-07,93,12919,13012
1483,2021-03-08,1946,24769,26715
1483,2021-03-09,1941,25540,27481
1483,2021-03-10,2135,26219,28354
1483,2021-03-12,2106,26817,28923
1483,2021-03-13,864,17222,18086
1483,2021-03-14,210,12020,12230
1483,2021-03-15,2224,25464,27688
1483,2021-03-19,2142,26906,29048
1483,2021-03-20,432,18797,19229
1483,2021-03-21,105,13211,13316
1483,2021-03-22,2038,25401,27439
1483,2021-03-26,2216,27023,29239
1483,2021-03-27,581,18103,18684
1483,2021-04-03,406,18819,19225
1483,2021-04-04,87,14258,14345
1483,2021-04-05,149,11567,11716
1483,2021-04-11,415,12133,12548
1483,2021-04-17,456,18383,18839
1483,2021-04-18,133,13215,13348
1483,2021-04-21,2058,26289,28347
1483,2021-04-22,1924,26957,28881
1483,2021-04-23,1905,27403,29308
1483,2021-04-24,466,19333,19799
1483,2021-04-25,118,15292,15410
1483,2021-04-26,1922,26701,28623
1483,2021-04-27,1974,26147,28121
1483,2021-04-28,1969,27469,29438
1483,2021-04-29,1878,27066,28944
1483,2021-04-30,1913,28434,30347
1483,2021-05-01,171,15166,15337
1483,2021-05-02,123,14134,14257
1483,2021-05-06,2103,26778,28881
1483,2021-05-07,1951,27790,29741
1483,2021-05-08,412,19772,20184
1483,2021-05-09,112,16451,16563
1483,2021-05-10,1869,26090,27959
1483,2021-05-11,2117,26873,28990
1483,2021-05-12,2019,28685,30704
1483,2021-05-13,200,14403,14603
1483,2021-05-14,1639,23492,25131
1483,2021-05-15,612,18598,19210
1483,2021-05-16,424,14530,14954
1483,2021-05-17,2200,26556,28756
1483,2021-05-18,2198,26963,29161
1483,2021-05-19,2165,27409,29574
1483,2021-05-20,2159,28696,30855
1483,2021-05-21,1920,28677,30597
1483,2021-05-22,457,15689,16146
1483,2021-05-23,128,11397,11525
1483,2021-05-24,292,11266,11558
1483,2021-05-25,2699,26014,28713
1483,2021-05-26,2744,26138,28882
1483,2021-05-27,2381,27151,29532
1483,2021-05-28,2180,27946,30126
1483,2021-05-29,614,19552,20166
1483,2021-05-30,247,16195,16442
1483,2021-05-31,1960,26900,28860
1483,2021-06-01,1906,28156,30062
1483,2021-06-02,1973,27482,29455
1483,2021-06-03,2055,27974,30029
1483,2021-06-04,2831,27584,30415
1483,2021-06-05,476,20648,21124
1483,2021-06-06,238,15348,15586
1483,2021-06-07,1975,27029,29004
1483,2021-06-08,1933,27951,29884
1483,2021-06-09,2007,28275,30282
1483,2021-06-10,1982,28494,30476
1483,2021-06-11,1911,29072,30983
1483,2021-06-12,437,19406,19843
1483,2021-06-13,211,15718,15929
1483,2021-06-14,1853,27219,29072
1483,2021-06-17,1894,27962,29856
1483,2021-06-18,1938,28979,30917
1483,2021-06-19,742,21140,21882
1483,2021-06-20,195,15547,15742
1483,2021-06-21,2138,27705,29843
1483,2021-06-22,2389,28049,30438
1483,2021-06-23,520,14877,15397
1483,2021-06-24,2385,26322,28707
1483,2021-06-25,1755,27738,29493
1483,2021-06-26,422,20460,20882
1483,2021-06-27,163,16270,16433
1483,2021-06-28,1839,27577,29416
1483,2021-06-29,2604,27567,30171
1483,2021-06-30,2255,28190,30445
1483,2021-07-02,1821,29160,30981
1483,2021-07-03,452,21513,21965
1483,2021-07-04,552,15571,16123
1483,2021-07-05,2026,27378,29404
1483,2021-07-06,2752,27207,29959
1483,2021-07-07,2012,28775,30787
1483,2021-07-08,2114,28744,30858
1483,2021-07-09,1823,28935,30758
1483,2021-07-10,656,18560,19216
1483,2021-07-11,142,14526,14668
1483,2021-07-12,2015,27345,29360
1483,2021-07-15,2209,29272,31481
1483,2021-07-16,2017,30369,32386
1483,2021-07-17,644,21328,21972
1483,2021-07-19,2126,27837,29963
1483,2021-07-20,2189,28261,30450
1483,2021-07-21,2209,28012,30221
1483,2021-07-22,2101,28366,30467
1483,2021-07-23,2014,28845,30859
1483,2021-07-24,991,19794,20785
1483,2021-07-25,776,15592,16368
1483,2021-07-26,2179,26170,28349
1483,2021-07-27,2996,26188,29184
1483,2021-07-28,2441,27701,30142
1483,2021-07-29,1934,27937,29871
1483,2021-07-30,1746,26758,28504
1483,2021-08-02,-30,182,152
1483,2021-08-03,2571,23385,25956
1483,2021-08-04,1664,24021,25685
1483,2021-08-05,1693,23469,25162
1483,2021-08-06,1550,23840,25390
1483,2021-08-07,652,17398,18050
1483,2021-08-08,172,14229,14401
1483,2021-08-09,1227,22289,23516
1483,2021-08-13,1237,22862,24099
1483,2021-08-14,364,17910,18274
1483,2021-08-15,133,15900,16033
1483,2021-08-16,1358,21033,22391
1483,2021-08-20,1352,22798,24150
1483,2021-08-21,545,19978,20523
1483,2021-08-22,294,15116,15410
1483,2021-08-28,452,18801,19253
1483,2021-08-29,169,15669,15838
1483,2021-09-11,502,20825,21327
1483,2021-09-12,184,18348,18532
1483,2021-09-15,3412,28335,31747
1483,2021-09-16,2155,30260,32415
1483,2021-09-17,1988,30467,32455
1483,2021-09-18,592,24315,24907
1483,2021-09-19,178,19215,19393
1483,2021-09-20,1950,27878,29828
1483,2021-09-21,2130,28944,31074
1483,2021-09-22,2219,29175,31394
1483,2021-09-23,2068,29510,31578
1483,2021-09-24,2074,30009,32083
1483,2021-09-25,597,23794,24391
1483,2021-09-26,156,17707,17863
1483,2021-09-27,1966,28353,30319
1483,2021-09-28,2106,29043,31149
1483,2021-09-29,2553,29241,31794
1483,2021-09-30,2109,30447,32556
1483,2021-10-01,1895,30345,32240
1483,2021-10-02,552,22654,23206
1483,2021-10-03,239,16695,16934
1483,2021-10-04,1590,24332,25922
1483,2021-10-05,2386,28566,30952
1483,2021-10-06,2337,28507,30844
1483,2021-10-07,2018,29469,31487
1483,2021-10-08,2105,29890,31995
1483,2021-10-09,545,22719,23264
1483,2021-10-10,140,18017,18157
1483,2021-10-12,2083,28433,30516
1483,2021-10-13,2169,28616,30785
1483,2021-10-14,2163,29244,31407
1483,2021-10-15,1992,30179,32171
1483,2021-10-16,601,21891,22492
1483,2021-10-17,220,17510,17730
1483,2021-10-18,2003,27697,29700
1483,2021-10-21,2608,28213,30821
1483,2021-10-22,1902,28561,30463
1483,2021-10-23,544,21283,21827
1483,2021-10-24,146,15903,16049
1483,2021-10-26,2012,29266,31278
1483,2021-10-27,2045,29662,31707
1483,2021-10-28,2079,29714,31793
1483,2021-10-29,1954,30120,32074
1483,2021-10-30,857,21087,21944
1483,2021-10-31,-44,277,233
1483,2021-11-01,333,15215,15548
1483,2021-11-02,2367,27274,29641
1483,2021-11-03,2869,27883,30752
1483,2021-11-04,2219,23961,26180
1483,2021-11-05,2286,24278,26564
1483,2021-11-06,624,18707,19331
1483,2021-11-07,246,13912,14158
1483,2021-11-08,1814,22817,24631
1483,2021-11-09,2021,24295,26316
1483,2021-11-10,2023,24212,26235
1483,2021-11-12,1795,25374,27169
1483,2021-11-13,532,19153,19685
1483,2021-11-14,148,15099,15247
1483,2021-11-15,2019,23554,25573
1483,2021-11-16,2173,23768,25941
1483,2021-11-17,2129,24480,26609
1483,2021-11-18,1969,24045,26014
1483,2021-11-19,2018,25296,27314
1483,2021-11-20,489,18960,19449
1483,2021-11-21,145,14727,14872
1483,2021-11-22,1965,23944,25909
1483,2021-11-24,2197,28329,30526
1483,2021-11-25,2128,28827,30955
1483,2021-11-26,2133,29202,31335
1483,2021-11-27,519,20996,21515
1483,2021-11-28,153,16144,16297
1483,2021-11-29,2006,26501,28507
1483,2021-11-30,2287,26901,29188
1483,2021-12-01,2584,27434,30018
1483,2021-12-02,2203,27971,30174
1483,2021-12-03,2050,28544,30594
1483,2021-12-04,580,20489,21069
1483,2021-12-05,146,15598,15744
1483,2021-12-06,1948,26016,27964
1483,2021-12-07,2103,27278,29381
1483,2021-12-08,2210,27649,29859
1483,2021-12-09,1943,27423,29366
1483,2021-12-10,2310,27302,29612
1483,2021-12-11,496,20498,20994
1483,2021-12-12,135,15389,15524
1483,2021-12-13,2053,26234,28287
1483,2021-12-16,2022,28547,30569
1483,2021-12-17,1689,29020,30709
1483,2021-12-18,421,19868,20289
1483,2021-12-19,117,15538,15655
1483,2021-12-20,1379,24209,25588
1483,2021-12-21,1319,24694,26013
1483,2021-12-22,1183,23858,25041
1483,2021-12-23,988,22983,23971
1483,2021-12-24,588,17987,18575
1483,2021-12-25,66,12556,12622
1483,2021-12-26,259,12265,12524
1483,2021-12-27,833,17927,18760
1483,2021-12-28,1193,19295,20488
1483,2021-12-29,860,19220,20080
1483,2021-12-30,812,19363,20175
1483,2021-12-31,427,16318,16745
1484,2021-01-01,58,11498,11556
1484,2021-01-02,141,17302,17443
1484,2021-01-03,85,16149,16234
1484,2021-01-04,1044,23161,24205
1484,2021-01-05,1210,24050,25260
1484,2021-01-06,1373,24525,25898
1484,2021-01-07,1268,25726,26994
1484,2021-01-08,1303,26936,28239
1484,2021-01-09,352,20697,21049
1484,2021-01-10,101,18869,18970
1484,2021-01-11,1729,31321,33050
1484,2021-01-12,1857,31213,33070
1484,2021-01-13,1726,31632,33358
1484,2021-01-14,1929,29266,31195
1484,2021-01-15,1647,30976,32623
1484,2021-01-16,360,22081,22441
1484,2021-01-17,112,15604,15716
1484,2021-01-18,1794,30613,32407
1484,2021-01-19,1948,31447,33395
1484,2021-01-20,1874,31981,33855
1484,2021-01-21,2139,31919,34058
1484,2021-01-22,2050,32676,34726
1484,2021-01-23,410,21537,21947
1484,2021-01-25,1818,29720,31538
1484,2021-01-26,1896,32606,34502
1484,2021-01-27,2044,31660,33704
1484,2021-01-28,2141,32496,34637
1484,2021-01-29,1988,32926,34914
1484,2021-01-30,432,21781,22213
1484,2021-01-31,104,14788,14892
1484,2021-02-01,1811,31900,33711
1484,2021-02-02,1966,32380,34346
1484,2021-02-03,2668,31468,34136
1484,2021-02-04,1817,33068,34885
1484,2021-02-05,1806,33575,35381
1484,2021-02-06,456,22560,23016
1484,2021-02-07,115,13662,13777
1484,2021-02-08,1881,29571,31452
1484,2021-02-09,1695,30210,31905
1484,2021-02-10,1624,30987,32611
1484,2021-02-11,1603,31488,33091
1484,2021-02-12,1560,32226,33786
1484,2021-02-13,360,22876,23236
1484,2021-02-14,79,15851,15930
1484,2021-02-15,1703,29802,31505
1484,2021-02-16,1954,31933,33887
1484,2021-02-17,1952,31736,33688
1484,2021-02-18,1912,32407,34319
1484,2021-02-19,1938,32649,34587
1484,2021-02-20,434,23116,23550
1484,2021-02-21,111,18091,18202
1484,2021-02-22,1902,32358,34260
1484,2021-02-23,2092,33234,35326
1484,2021-02-24,2110,33648,35758
1484,2021-02-25,2004,33145,35149
1484,2021-02-26,1829,31875,33704
1484,2021-02-27,472,23976,24448
1484,2021-02-28,101,17643,17744
1484,2021-03-01,2054,32629,34683
1484,2021-03-02,2123,33072,35195
1484,2021-03-03,2128,34095,36223
1484,2021-03-04,2350,33730,36080
1484,2021-03-05,2136,34630,36766
1484,2021-03-06,418,22705,23123
1484,2021-03-07,90,16777,16867
1484,2021-03-08,2111,31732,33843
1484,2021-03-09,2107,32641,34748
1484,2021-03-10,2238,33757,35995
1484,2021-03-12,2150,34246,36396
1484,2021-03-13,621,22210,22831
1484,2021-03-14,127,15300,15427
1484,2021-03-15,2269,32254,34523
1484,2021-03-19,2218,34663,36881
1484,2021-03-20,507,24541,25048
1484,2021-03-21,114,16736,16850
1484,2021-03-23,2149,33385,35534
1484,2021-03-24,2114,33007,35121
1484,2021-03-25,2148,34100,36248
1484,2021-03-26,2119,35371,37490
1484,2021-03-27,573,23678,24251
1484,2021-04-01,2246,34565,36811
1484,2021-04-02,1776,35133,36909
1484,2021-04-03,442,24334,24776
1484,2021-04-04,91,17748,17839
1484,2021-04-05,147,14699,14846
1484,2021-04-11,311,14722,15033
1484,2021-04-17,526,23862,24388
1484,2021-04-18,145,16702,16847
1484,2021-04-21,2281,33706,35987
1484,2021-04-22,2181,34411,36592
1484,2021-04-23,2158,35473,37631
1484,2021-04-24,514,24886,25400
1484,2021-04-25,117,19432,19549
1484,2021-04-26,2180,33871,36051
1484,2021-04-27,2212,33913,36125
1484,2021-04-28,2241,34916,37157
1484,2021-04-29,2082,34564,36646
1484,2021-04-30,2185,36395,38580
1484,2021-05-01,193,19374,19567
1484,2021-05-02,127,17862,17989
1484,2021-05-03,2139,32477,34616
1484,2021-05-06,2205,34046,36251
1484,2021-05-07,2040,35811,37851
1484,2021-05-08,464,25725,26189
1484,2021-05-09,150,20502,20652
1484,2021-05-10,2087,33227,35314
1484,2021-05-11,2235,34402,36637
1484,2021-05-12,2134,36267,38401
1484,2021-05-13,230,18403,18633
1484,2021-05-14,1457,30907,32364
1484,2021-05-15,621,23886,24507
1484,2021-05-16,349,17989,18338
1484,2021-05-17,2266,33479,35745
1484,2021-05-18,2164,34420,36584
1484,2021-05-19,2417,34613,37030
1484,2021-05-20,2324,36246,38570
1484,2021-05-21,2119,36567,38686
1484,2021-05-22,534,20544,21078
1484,2021-05-23,179,14862,15041
1484,2021-05-24,341,13973,14314
1484,2021-05-25,2993,32538,35531
1484,2021-05-26,2781,31996,34777
1484,2021-05-27,2557,34266,36823
1484,2021-05-28,2344,34337,36681
1484,2021-05-29,726,25057,25783
1484,2021-05-30,269,20278,20547
1484,2021-05-31,2258,33616,35874
1484,2021-06-01,2249,35329,37578
1484,2021-06-02,2307,34616,36923
1484,2021-06-03,1982,35500,37482
1484,2021-06-04,3360,35054,38414
1484,2021-06-05,498,26483,26981
1484,2021-06-06,242,19258,19500
1484,2021-06-07,2198,34249,36447
1484,2021-06-08,2173,35356,37529
1484,2021-06-09,2373,35617,37990
1484,2021-06-10,2211,35522,37733
1484,2021-06-11,2224,36689,38913
1484,2021-06-12,545,24835,25380
1484,2021-06-13,208,19506,19714
1484,2021-06-14,2263,33925,36188
1484,2021-06-18,2283,36596,38879
1484,2021-06-19,1168,26982,28150
1484,2021-06-20,233,19493,19726
1484,2021-06-21,2628,34722,37350
1484,2021-06-22,2528,35829,38357
1484,2021-06-23,554,19358,19912
1484,2021-06-24,2407,32979,35386
1484,2021-06-25,2009,34842,36851
1484,2021-06-26,525,26185,26710
1484,2021-06-28,2285,35040,37325
1484,2021-06-29,2990,34463,37453
1484,2021-06-30,2478,35535,38013
1484,2021-07-02,2211,37069,39280
1484,2021-07-03,567,27629,28196
1484,2021-07-04,915,19876,20791
1484,2021-07-05,2506,34520,37026
1484,2021-07-06,2684,34587,37271
1484,2021-07-07,2312,36440,38752
1484,2021-07-08,2326,36820,39146
1484,2021-07-09,2362,36684,39046
1484,2021-07-10,604,23258,23862
1484,2021-07-11,171,17809,17980
1484,2021-07-12,2063,34723,36786
1484,2021-07-13,3097,33798,36895
1484,2021-07-15,2438,36465,38903
1484,2021-07-16,2219,36253,38472
1484,2021-07-17,731,27388,28119
1484,2021-07-18,285,21621,21906
1484,2021-07-19,2474,34998,37472
1484,2021-07-20,2442,35274,37716
1484,2021-07-21,2522,35160,37682
1484,2021-07-22,2476,35651,38127
1484,2021-07-23,2280,36175,38455
1484,2021-07-24,907,25053,25960
1484,2021-07-25,667,19450,20117
1484,2021-07-26,2581,33316,35897
1484,2021-07-27,3251,31513,34764
1484,2021-07-28,2556,35332,37888
1484,2021-07-29,1986,35239,37225
1484,2021-07-30,1867,33895,35762
1484,2021-07-31,539,23050,23589
1484,2021-08-01,274,17952,18226
1484,2021-08-02,1686,29477,31163
1484,2021-08-03,2592,29561,32153
1484,2021-08-04,1766,30743,32509
1484,2021-08-05,1858,29645,31503
1484,2021-08-06,1655,30157,31812
1484,2021-08-08,280,17665,17945
1484,2021-08-09,1274,28387,29661
1484,2021-08-13,1390,28912,30302
1484,2021-08-14,421,22483,22904
1484,2021-08-15,175,19608,19783
1484,2021-08-16,1460,26727,28187
1484,2021-08-17,1434,27742,29176
1484,2021-08-18,1539,28210,29749
1484,2021-08-19,1442,28635,30077
1484,2021-08-20,1441,29162,30603
1484,2021-08-21,561,24595,25156
1484,2021-08-22,321,19019,19340
1484,2021-08-23,1651,28447,30098
1484,2021-08-24,2112,30846,32958
1484,2021-08-25,1991,31864,33855
1484,2021-08-26,1993,31837,33830
1484,2021-08-27,1705,32045,33750
1484,2021-08-28,496,23725,24221
1484,2021-08-29,176,19618,19794
1484,2021-09-11,622,26625,27247
1484,2021-09-12,209,22990,23199
1484,2021-09-15,3166,36030,39196
1484,2021-09-16,2431,38029,40460
1484,2021-09-17,2195,38679,40874
1484,2021-09-18,678,30729,31407
1484,2021-09-19,231,23788,24019
1484,2021-09-20,2134,35274,37408
1484,2021-09-21,2286,36682,38968
1484,2021-09-22,2390,36407,38797
1484,2021-09-23,2425,37394,39819
1484,2021-09-24,2375,38856,41231
1484,2021-09-25,666,29998,30664
1484,2021-09-26,210,22244,22454
1484,2021-09-27,2155,35328,37483
1484,2021-09-28,2242,36200,38442
1484,2021-09-29,2521,37379,39900
1484,2021-09-30,2174,38010,40184
1484,2021-10-01,1994,38492,40486
1484,2021-10-02,629,29108,29737
1484,2021-10-03,198,21487,21685
1484,2021-10-04,1799,29237,31036
1484,2021-10-05,2444,36129,38573
1484,2021-10-06,2357,36499,38856
1484,2021-10-07,2164,37349,39513
1484,2021-10-08,2291,38229,40520
1484,2021-10-09,596,29113,29709
1484,2021-10-10,150,22845,22995
1484,2021-10-12,2280,36194,38474
1484,2021-10-13,2293,37239,39532
1484,2021-10-14,2440,37582,40022
1484,2021-10-15,2146,39007,41153
1484,2021-10-16,631,28321,28952
1484,2021-10-17,231,21951,22182
1484,2021-10-18,2202,35788,37990
1484,2021-10-19,2368,35251,37619
1484,2021-10-20,2208,35896,38104
1484,2021-10-21,2495,35334,37829
1484,2021-10-22,2075,36891,38966
1484,2021-10-23,596,27839,28435
1484,2021-10-24,168,20079,20247
1484,2021-10-26,2261,37335,39596
1484,2021-10-27,2310,37444,39754
1484,2021-10-28,2206,37777,39983
1484,2021-10-29,2146,38535,40681
1484,2021-10-30,910,26801,27711
1484,2021-10-31,-42,355,313
1484,2021-11-01,497,19530,20027
1484,2021-11-02,2601,34880,37481
1484,2021-11-03,2877,35007,37884
1484,2021-11-04,2489,35808,38297
1484,2021-11-05,2336,35423,37759
1484,2021-11-06,706,26448,27154
1484,2021-11-07,254,19057,19311
1484,2021-11-08,2097,35469,37566
1484,2021-11-09,2181,35797,37978
1484,2021-11-10,2158,35110,37268
1484,2021-11-12,2104,37708,39812
1484,2021-11-13,610,27170,27780
1484,2021-11-14,151,20810,20961
1484,2021-11-15,2217,34517,36734
1484,2021-11-16,2385,35316,37701
1484,2021-11-17,2296,36238,38534
1484,2021-11-18,2063,35114,37177
1484,2021-11-19,2176,37427,39603
1484,2021-11-20,546,27383,27929
1484,2021-11-21,168,20160,20328
1484,2021-11-22,2079,35221,37300
1484,2021-11-24,2247,36653,38900
1484,2021-11-25,2208,37246,39454
1484,2021-11-26,2142,38252,40394
1484,2021-11-27,539,26998,27537
1484,2021-11-28,148,20857,21005
1484,2021-11-29,2072,34516,36588
1484,2021-11-30,2074,34837,36911
1484,2021-12-01,2535,35564,38099
1484,2021-12-02,2077,36395,38472
1484,2021-12-03,2046,37385,39431
1484,2021-12-04,575,26617,27192
1484,2021-12-05,138,20002,20140
1484,2021-12-06,2032,34590,36622
1484,2021-12-07,2149,35536,37685
1484,2021-12-08,2223,36000,38223
1484,2021-12-09,1982,36446,38428
1484,2021-12-10,2321,36046,38367
1484,2021-12-11,481,26864,27345
1484,2021-12-12,128,20012,20140
1484,2021-12-13,2056,34425,36481
1484,2021-12-16,1954,36183,38137
1484,2021-12-17,1706,37828,39534
1484,2021-12-18,424,25791,26215
1484,2021-12-19,124,20019,20143
1484,2021-12-20,1300,30972,32272
1484,2021-12-21,1239,31952,33191
1484,2021-12-22,1086,31156,32242
1484,2021-12-23,990,29812,30802
1484,2021-12-24,581,23039,23620
1484,2021-12-25,56,16129,16185
1484,2021-12-26,130,15481,15611
1484,2021-12-27,828,22910,23738
1484,2021-12-28,950,23912,24862
1484,2021-12-29,812,24594,25406
1484,2021-12-30,809,24824,25633
1484,2021-12-31,415,21445,21860
1486,2021-01-01,195,15637,15832
1486,2021-01-02,464,23941,24405
1486,2021-01-03,238,21019,21257
1486,2021-01-04,1757,33156,34913
1486,2021-01-05,2002,34304,36306
1486,2021-01-06,2188,34885,37073
1486,2021-01-07,2016,36384,38400
1486,2021-01-08,2162,37905,40067
1486,2021-01-09,790,28258,29048
1486,2021-01-10,299,24429,24728
1486,2021-01-11,2844,44168,47012
1486,2021-01-12,3489,43057,46546
1486,2021-01-13,2945,44486,47431
1486,2021-01-14,3376,39834,43210
1486,2021-01-15,2822,43149,45971
1486,2021-01-16,776,31303,32079
1486,2021-01-17,293,21107,21400
1486,2021-01-18,3146,41974,45120
1486,2021-01-19,3246,44329,47575
1486,2021-01-20,3029,45065,48094
1486,2021-01-21,3866,43647,47513
1486,2021-01-22,3778,46101,49879
1486,2021-01-23,884,31836,32720
1486,2021-01-24,279,21158,21437
1486,2021-01-25,3278,41783,45061
1486,2021-01-26,3231,45950,49181
1486,2021-01-27,3319,43524,46843
1486,2021-01-28,4247,44412,48659
1486,2021-01-29,3743,46226,49969
1486,2021-01-30,910,30977,31887
1486,2021-01-31,303,21219,21522
1486,2021-02-01,3238,43703,46941
1486,2021-02-02,3689,44026,47715
1486,2021-02-03,5708,42230,47938
1486,2021-02-04,3094,47092,50186
1486,2021-02-05,3099,47627,50726
1486,2021-02-06,1136,32697,33833
1486,2021-02-07,300,21139,21439
1486,2021-02-08,3145,41111,44256
1486,2021-02-09,2766,42838,45604
1486,2021-02-10,2648,43910,46558
1486,2021-02-11,2562,44548,47110
1486,2021-02-12,2601,46031,48632
1486,2021-02-13,724,33910,34634
1486,2021-02-14,275,23531,23806
1486,2021-02-15,2623,42086,44709
1486,2021-02-16,3216,44897,48113
1486,2021-02-17,3316,44683,47999
1486,2021-02-18,3212,45158,48370
1486,2021-02-19,3381,46349,49730
1486,2021-02-20,925,34509,35434
1486,2021-02-21,308,27683,27991
1486,2021-02-22,3137,45527,48664
1486,2021-02-23,3741,47704,51445
1486,2021-02-24,3431,47657,51088
1486,2021-02-25,3560,49053,52613
1486,2021-02-26,3484,45484,48968
1486,2021-02-27,993,36401,37394
1486,2021-02-28,311,26322,26633
1486,2021-03-01,3391,44674,48065
1486,2021-03-02,3588,46834,50422
1486,2021-03-03,3362,47688,51050
1486,2021-03-04,4018,46858,50876
1486,2021-03-05,3373,49108,52481
1486,2021-03-06,896,35157,36053
1486,2021-03-07,297,25297,25594
1486,2021-03-08,3597,44849,48446
1486,2021-03-09,3465,45891,49356
1486,2021-03-10,3762,47447,51209
1486,2021-03-12,3961,47843,51804
1486,2021-03-13,1563,32524,34087
1486,2021-03-14,366,21689,22055
1486,2021-03-15,3846,44755,48601
1486,2021-03-16,4065,46814,50879
1486,2021-03-17,3885,45432,49317
1486,2021-03-18,3566,46395,49961
1486,2021-03-19,3769,49251,53020
1486,2021-03-20,972,36370,37342
1486,2021-03-21,296,23974,24270
1486,2021-03-22,3510,45684,49194
1486,2021-03-23,3603,47114,50717
1486,2021-03-24,3601,45536,49137
1486,2021-03-25,3631,48509,52140
1486,2021-03-26,3570,49511,53081
1486,2021-03-27,1194,34767,35961
1486,2021-03-28,-33,157,124
1486,2021-03-29,3612,45899,49511
1486,2021-03-30,3719,48200,51919
1486,2021-03-31,3770,48197,51967
1486,2021-04-01,3486,49348,52834
1486,2021-04-02,2969,51118,54087
1486,2021-04-03,887,35766,36653
1486,2021-04-04,271,26381,26652
1486,2021-04-05,353,20838,21191
1486,2021-04-06,3318,44325,47643
1486,2021-04-07,3277,44265,47542
1486,2021-04-08,3423,46504,49927
1486,2021-04-09,3536,47449,50985
1486,2021-04-10,1827,31684,33511
1486,2021-04-11,1012,20470,21482
1486,2021-04-12,3565,44300,47865
1486,2021-04-13,3487,44887,48374
1486,2021-04-14,3486,46674,50160
1486,2021-04-15,3421,44922,48343
1486,2021-04-16,3310,48138,51448
1486,2021-04-17,1108,35851,36959
1486,2021-04-18,364,24472,24836
1486,2021-04-19,3824,43190,47014
1486,2021-04-20,3654,45371,49025
1486,2021-04-21,3800,48024,51824
1486,2021-04-22,3520,48803,52323
1486,2021-04-23,3613,50419,54032
1486,2021-04-24,1080,38231,39311
1486,2021-04-25,349,29604,29953
1486,2021-04-26,3412,47710,51122
1486,2021-04-27,3698,49008,52706
1486,2021-04-28,3683,49290,52973
1486,2021-04-29,3566,49250,52816
1486,2021-04-30,3506,52792,56298
1486,2021-05-01,415,28482,28897
1486,2021-05-02,356,26728,27084
1486,2021-05-03,3527,46282,49809
1486,2021-05-04,4584,43420,48004
1486,2021-05-05,3548,48015,51563
1486,2021-05-06,3744,47963,51707
1486,2021-05-07,3418,51413,54831
1486,2021-05-08,911,38377,39288
1486,2021-05-09,401,31393,31794
1486,2021-05-10,3553,47178,50731
1486,2021-05-11,4431,47028,51459
1486,2021-05-12,3761,51880,55641
1486,2021-05-13,511,26768,27279
1486,2021-05-14,3028,45671,48699
1486,2021-05-16,1188,25739,26927
1486,2021-05-17,4301,46718,51019
1486,2021-05-18,4489,47359,51848
1486,2021-05-19,4287,48507,52794
1486,2021-05-20,3892,51800,55692
1486,2021-05-21,3905,52672,56577
1486,2021-05-22,1375,34504,35879
1486,2021-05-23,465,24867,25332
1486,2021-05-24,949,22611,23560
1486,2021-05-25,4673,44734,49407
1486,2021-05-26,4657,44389,49046
1486,2021-05-27,3989,47693,51682
1486,2021-05-28,3728,50347,54075
1486,2021-05-29,1185,33213,34398
1486,2021-05-30,508,27267,27775
1486,2021-05-31,3565,48117,51682
1486,2021-06-02,3794,47892,51686
1486,2021-06-04,4391,48439,52830
1486,2021-06-05,1050,38763,39813
1486,2021-06-06,536,28190,28726
1486,2021-06-07,3531,48715,52246
1486,2021-06-08,3603,49843,53446
1486,2021-06-09,3699,51037,54736
1486,2021-06-10,3619,50884,54503
1486,2021-06-11,3501,52853,56354
1486,2021-06-12,1497,37444,38941
1486,2021-06-13,485,27309,27794
1486,2021-06-14,3457,48293,51750
1486,2021-06-15,1831,25614,27445
1486,2021-06-16,3710,50299,54009
1486,2021-06-17,3597,51628,55225
1486,2021-06-18,3397,52690,56087
1486,2021-06-19,1778,39624,41402
1486,2021-06-20,681,29135,29816
1486,2021-06-21,4044,48861,52905
1486,2021-06-22,3910,49280,53190
1486,2021-06-23,1003,28777,29780
1486,2021-06-24,4637,47227,51864
1486,2021-06-25,3322,51537,54859
1486,2021-06-26,1077,38930,40007
1486,2021-06-27,559,30471,31030
1486,2021-06-28,3357,49503,52860
1486,2021-06-30,3887,50307,54194
1486,2021-07-01,3142,49050,52192
1486,2021-07-02,3623,53057,56680
1486,2021-07-03,1073,40334,41407
1486,2021-07-04,1087,28445,29532
1486,2021-07-05,3631,48237,51868
1486,2021-07-06,4861,47343,52204
1486,2021-07-07,3485,51624,55109
1486,2021-07-08,3610,51311,54921
1486,2021-07-09,3213,53576,56789
1486,2021-07-10,1575,31342,32917
1486,2021-07-11,362,24130,24492
1486,2021-07-12,3552,49567,53119
1486,2021-07-15,3883,53106,56989
1486,2021-07-16,3317,51569,54886
1486,2021-07-17,1219,37802,39021
1486,2021-07-18,539,31074,31613
1486,2021-07-19,3476,49549,53025
1486,2021-07-20,3805,50839,54644
1486,2021-07-21,3760,49543,53303
1486,2021-07-22,3423,51118,54541
1486,2021-07-23,3567,51496,55063
1486,2021-07-25,1090,27363,28453
1486,2021-07-26,3978,46624,50602
1486,2021-07-27,4334,46062,50396
1486,2021-07-29,3135,49979,53114
1486,2021-07-30,2768,48617,51385
1486,2021-07-31,970,34941,35911
1486,2021-08-01,470,26796,27266
1486,2021-08-02,2606,42379,44985
1486,2021-08-03,5310,40461,45771
1486,2021-08-04,2606,43809,46415
1486,2021-08-05,2870,42183,45053
1486,2021-08-06,2419,43228,45647
1486,2021-08-07,1030,31248,32278
1486,2021-08-08,400,25403,25803
1486,2021-08-09,2036,40663,42699
1486,2021-08-10,2198,41894,44092
1486,2021-08-11,2128,41212,43340
1486,2021-08-12,2124,42199,44323
1486,2021-08-13,2183,42501,44684
1486,2021-08-14,805,33078,33883
1486,2021-08-15,387,28871,29258
1486,2021-08-16,2174,39267,41441
1486,2021-08-17,2443,40516,42959
1486,2021-08-18,2356,41503,43859
1486,2021-08-19,2252,41804,44056
1486,2021-08-20,2275,42220,44495
1486,2021-08-21,1085,35470,36555
1486,2021-08-22,545,26420,26965
1486,2021-08-23,2814,42440,45254
1486,2021-08-24,3141,44572,47713
1486,2021-08-25,2979,46904,49883
1486,2021-08-26,3055,46078,49133
1486,2021-08-27,2743,46202,48945
1486,2021-08-28,883,34219,35102
1486,2021-08-29,452,28567,29019
1486,2021-08-30,3048,44842,47890
1486,2021-09-01,3487,47677,51164
1486,2021-09-02,3263,47125,50388
1486,2021-09-03,3205,48711,51916
1486,2021-09-06,3527,47791,51318
1486,2021-09-07,3484,48909,52393
1486,2021-09-08,3439,50243,53682
1486,2021-09-09,3833,47865,51698
1486,2021-09-10,3831,50364,54195
1486,2021-09-11,1359,39540,40899
1486,2021-09-12,425,33569,33994
1486,2021-09-13,3343,50489,53832
1486,2021-09-14,3585,51412,54997
1486,2021-09-15,4843,49188,54031
1486,2021-09-16,3619,52182,55801
1486,2021-09-17,3556,54467,58023
1486,2021-09-18,1358,45246,46604
1486,2021-09-19,511,35224,35735
1486,2021-09-20,3352,49642,52994
1486,2021-09-21,3657,50258,53915
1486,2021-09-22,3539,50929,54468
1486,2021-09-23,3413,51863,55276
1486,2021-09-24,3483,54690,58173
1486,2021-09-25,1179,44867,46046
1486,2021-09-26,438,32327,32765
1486,2021-09-27,3500,49370,52870
1486,2021-09-28,3668,51523,55191
1486,2021-09-29,4086,51946,56032
1486,2021-09-30,3652,53167,56819
1486,2021-10-01,3291,54349,57640
1486,2021-10-02,1240,42724,43964
1486,2021-10-03,612,30749,31361
1486,2021-10-04,3112,45668,48780
1486,2021-10-05,4288,48936,53224
1486,2021-10-06,3914,50188,54102
1486,2021-10-07,3597,52360,55957
1486,2021-10-08,3482,53822,57304
1486,2021-10-09,1094,43632,44726
1486,2021-10-10,379,34619,34998
1486,2021-10-12,3958,49571,53529
1486,2021-10-13,4035,52052,56087
1486,2021-10-14,3765,52466,56231
1486,2021-10-15,3459,54460,57919
1486,2021-10-16,1204,42407,43611
1486,2021-10-17,449,32444,32893
1486,2021-10-18,3479,49853,53332
1486,2021-10-19,3844,49201,53045
1486,2021-10-20,3818,50000,53818
1486,2021-10-21,4559,48693,53252
1486,2021-10-22,3234,51482,54716
1486,2021-10-23,1143,41761,42904
1486,2021-10-24,404,28238,28642
1486,2021-10-26,3805,50265,54070
1486,2021-10-27,3603,51904,55507
1486,2021-10-28,3854,53231,57085
1486,2021-10-29,3387,54065,57452
1486,2021-10-30,1706,39018,40724
1486,2021-10-31,586,29322,29908
1486,2021-11-01,909,28217,29126
1486,2021-11-02,3858,48024,51882
1486,2021-11-03,4978,47902,52880
1486,2021-11-04,3713,49235,52948
1486,2021-11-05,3791,49376,53167
1486,2021-11-06,1250,37464,38714
1486,2021-11-07,466,27405,27871
1486,2021-11-08,3280,48436,51716
1486,2021-11-09,3672,49423,53095
1486,2021-11-10,3727,49460,53187
1486,2021-11-12,3500,52819,56319
1486,2021-11-13,1314,40297,41611
1486,2021-11-14,385,29064,29449
1486,2021-11-15,3511,48426,51937
1486,2021-11-17,3729,49277,53006
1486,2021-11-18,3321,48277,51598
1486,2021-11-19,3676,51488,55164
1486,2021-11-20,1155,41115,42270
1486,2021-11-21,355,29292,29647
1486,2021-11-22,3446,48993,52439
1486,2021-11-24,3495,49637,53132
1486,2021-11-25,3689,51764,55453
1486,2021-11-26,3541,52556,56097
1486,2021-11-27,1009,39771,40780
1486,2021-11-28,381,30586,30967
1486,2021-11-29,3297,46951,50248
1486,2021-11-30,3752,47741,51493
1486,2021-12-01,4038,47888,51926
1486,2021-12-02,3599,50971,54570
1486,2021-12-03,3364,52329,55693
1486,2021-12-04,1217,39863,41080
1486,2021-12-05,367,29317,29684
1486,2021-12-06,3516,48026,51542
1486,2021-12-07,3626,48127,51753
1486,2021-12-08,3566,49887,53453
1486,2021-12-09,3742,50465,54207
1486,2021-12-10,3743,48626,52369
1486,2021-12-11,1016,39843,40859
1486,2021-12-12,328,28942,29270
1486,2021-12-13,3585,47277,50862
1486,2021-12-16,3617,50042,53659
1486,2021-12-17,2844,53311,56155
1486,2021-12-18,915,38139,39054
1486,2021-12-19,305,29001,29306
1486,2021-12-20,2255,45110,47365
1486,2021-12-21,2270,45503,47773
1486,2021-12-22,1897,44729,46626
1486,2021-12-23,1833,43557,45390
1486,2021-12-24,1077,33409,34486
1486,2021-12-25,187,22928,23115
1486,2021-12-26,503,21679,22182
1486,2021-12-27,1495,33317,34812
1486,2021-12-28,2031,34584,36615
1486,2021-12-29,1512,35636,37148
1486,2021-12-30,1493,35361,36854
1486,2021-12-31,883,31387,32270
1487,2021-01-01,57,11874,11931
1487,2021-01-02,161,17970,18131
1487,2021-01-03,105,16706,16811
1487,2021-01-04,1046,24377,25423
1487,2021-01-05,1305,25158,26463
1487,2021-01-06,1359,25876,27235
1487,2021-01-07,1355,26982,28337
1487,2021-01-08,1335,28311,29646
1487,2021-01-09,361,21531,21892
1487,2021-01-10,142,19591,19733
1487,2021-01-11,1750,33277,35027
1487,2021-01-12,1728,33412,35140
1487,2021-01-13,1736,33626,35362
1487,2021-01-14,1731,31627,33358
1487,2021-01-15,1593,32842,34435
1487,2021-01-16,375,23167,23542
1487,2021-01-17,103,16165,16268
1487,2021-01-18,1802,32596,34398
1487,2021-01-19,1886,33510,35396
1487,2021-01-20,1877,33891,35768
1487,2021-01-21,1931,34252,36183
1487,2021-01-22,1869,34801,36670
1487,2021-01-23,409,22372,22781
1487,2021-01-24,96,15172,15268
1487,2021-01-25,1821,32066,33887
1487,2021-01-26,2009,33604,35613
1487,2021-01-27,1894,33883,35777
1487,2021-01-28,1976,34876,36852
1487,2021-01-29,1720,35338,37058
1487,2021-01-30,366,22763,23129
1487,2021-01-31,109,15269,15378
1487,2021-02-01,1753,33899,35652
1487,2021-02-02,1854,34571,36425
1487,2021-02-03,1812,34237,36049
1487,2021-02-04,1762,35259,37021
1487,2021-02-05,1702,35874,37576
1487,2021-02-06,419,23364,23783
1487,2021-02-07,138,15202,15340
1487,2021-02-08,1715,31564,33279
1487,2021-02-09,1711,32101,33812
1487,2021-02-10,1717,32815,34532
1487,2021-02-11,1700,33263,34963
1487,2021-02-12,1678,34096,35774
1487,2021-02-13,412,23788,24200
1487,2021-02-14,102,16337,16439
1487,2021-02-15,1673,31652,33325
1487,2021-02-16,1894,34038,35932
1487,2021-02-17,1910,33898,35808
1487,2021-02-18,1931,34434,36365
1487,2021-02-19,1905,34809,36714
1487,2021-02-20,420,23986,24406
1487,2021-02-21,120,18585,18705
1487,2021-02-22,1921,34447,36368
1487,2021-02-23,2048,35520,37568
1487,2021-02-24,2057,35847,37904
1487,2021-02-25,2031,36430,38461
1487,2021-02-26,1870,34537,36407
1487,2021-02-27,483,25029,25512
1487,2021-02-28,123,18184,18307
1487,2021-03-01,1998,34708,36706
1487,2021-03-02,2122,35272,37394
1487,2021-03-03,2077,36198,38275
1487,2021-03-04,2010,36140,38150
1487,2021-03-05,2103,37085,39188
1487,2021-03-06,422,23683,24105
1487,2021-03-07,111,17275,17386
1487,2021-03-08,2129,33763,35892
1487,2021-03-09,2181,34669,36850
1487,2021-03-10,2300,35716,38016
1487,2021-03-12,2037,36534,38571
1487,2021-03-13,442,23214,23656
1487,2021-03-14,103,15763,15866
1487,2021-03-15,2224,34555,36779
1487,2021-03-16,2368,34559,36927
1487,2021-03-19,2230,36951,39181
1487,2021-03-20,499,25594,26093
1487,2021-03-21,110,17277,17387
1487,2021-03-22,2184,33667,35851
1487,2021-03-23,2164,35587,37751
1487,2021-03-24,2124,35113,37237
1487,2021-03-25,2206,36373,38579
1487,2021-03-26,2215,37632,39847
1487,2021-03-27,590,24657,25247
1487,2021-04-01,2132,36825,38957
1487,2021-04-02,1814,37269,39083
1487,2021-04-03,456,25318,25774
1487,2021-04-04,84,18376,18460
1487,2021-04-05,152,15062,15214
1487,2021-04-17,528,24821,25349
1487,2021-04-18,162,17234,17396
1487,2021-04-21,2228,35873,38101
1487,2021-04-22,2162,36632,38794
1487,2021-04-23,2142,37430,39572
1487,2021-04-24,519,25927,26446
1487,2021-04-25,139,19964,20103
1487,2021-04-26,2127,36070,38197
1487,2021-04-27,2094,36367,38461
1487,2021-04-28,2143,37393,39536
1487,2021-04-29,2055,36922,38977
1487,2021-04-30,2080,38809,40889
1487,2021-05-01,201,19935,20136
1487,2021-05-02,134,18426,18560
1487,2021-05-03,2037,34791,36828
1487,2021-05-04,1864,31537,33401
1487,2021-05-05,2049,35356,37405
1487,2021-05-06,2041,36515,38556
1487,2021-05-07,2050,38113,40163
1487,2021-05-08,457,26743,27200
1487,2021-05-09,155,21044,21199
1487,2021-05-10,2036,34489,36525
1487,2021-05-11,2156,36789,38945
1487,2021-05-12,2137,38733,40870
1487,2021-05-13,289,18960,19249
1487,2021-05-14,1429,32632,34061
1487,2021-05-15,497,24940,25437
1487,2021-05-16,268,18708,18976
1487,2021-05-17,2019,36259,38278
1487,2021-05-18,2214,36514,38728
1487,2021-05-19,2203,37114,39317
1487,2021-05-20,2277,38850,41127
1487,2021-05-21,2074,38941,41015
1487,2021-05-25,2467,35229,37696
1487,2021-05-26,2382,34606,36988
1487,2021-05-27,2545,36546,39091
1487,2021-05-28,2395,37557,39952
1487,2021-05-29,680,25997,26677
1487,2021-05-30,295,20969,21264
1487,2021-05-31,2088,36316,38404
1487,2021-06-01,2150,37870,40020
1487,2021-06-02,2179,37059,39238
1487,2021-06-03,1895,37715,39610
1487,2021-06-04,2045,39037,41082
1487,2021-06-05,498,27617,28115
1487,2021-06-06,299,19838,20137
1487,2021-06-07,2103,36599,38702
1487,2021-06-08,2153,37721,39874
1487,2021-06-09,2197,38006,40203
1487,2021-06-10,2126,37923,40049
1487,2021-06-11,2152,39166,41318
1487,2021-06-12,527,25841,26368
1487,2021-06-13,261,20133,20394
1487,2021-06-14,2055,36582,38637
1487,2021-06-18,2091,39362,41453
1487,2021-06-19,499,27736,28235
1487,2021-06-20,189,20127,20316
1487,2021-06-21,2095,36632,38727
1487,2021-06-22,2235,38239,40474
1487,2021-06-23,605,19792,20397
1487,2021-06-24,2232,35420,37652
1487,2021-06-25,1968,37567,39535
1487,2021-06-26,512,27166,27678
1487,2021-06-27,225,21351,21576
1487,2021-06-28,2139,37404,39543
1487,2021-06-29,2141,37579,39720
1487,2021-06-30,2265,38465,40730
1487,2021-07-02,2005,39552,41557
1487,2021-07-03,532,28547,29079
1487,2021-07-04,177,20251,20428
1487,2021-07-05,2076,37204,39280
1487,2021-07-06,2189,37760,39949
1487,2021-07-07,2231,36731,38962
1487,2021-07-08,2121,39292,41413
1487,2021-07-09,2038,39189,41227
1487,2021-07-10,479,24307,24786
1487,2021-07-11,198,18443,18641
1487,2021-07-12,2155,36986,39141
1487,2021-07-13,2088,37088,39176
1487,2021-07-14,1903,37207,39110
1487,2021-07-15,2185,39464,41649
1487,2021-07-16,2218,40511,42729
1487,2021-07-17,753,28352,29105
1487,2021-07-18,352,22172,22524
1487,2021-07-19,2313,37370,39683
1487,2021-07-20,2391,37651,40042
1487,2021-07-21,2473,37307,39780
1487,2021-07-22,2370,37960,40330
1487,2021-07-23,2309,38443,40752
1487,2021-07-24,718,26287,27005
1487,2021-07-25,360,20218,20578
1487,2021-07-26,2367,35760,38127
1487,2021-07-27,2440,35280,37720
1487,2021-07-28,2449,37238,39687
1487,2021-07-29,2198,37167,39365
1487,2021-07-30,1903,35822,37725
1487,2021-07-31,596,23528,24124
1487,2021-08-01,327,18284,18611
1487,2021-08-02,1703,30955,32658
1487,2021-08-04,1812,32235,34047
1487,2021-08-05,1681,31636,33317
1487,2021-08-06,1650,31606,33256
1487,2021-08-07,441,22508,22949
1487,2021-08-08,202,18153,18355
1487,2021-08-09,1331,29591,30922
1487,2021-08-12,1446,29612,31058
1487,2021-08-13,1418,30191,31609
1487,2021-08-14,449,23074,23523
1487,2021-08-15,192,20093,20285
1487,2021-08-16,1476,28142,29618
1487,2021-08-17,1534,29093,30627
1487,2021-08-18,1535,28400,29935
1487,2021-08-19,1488,29950,31438
1487,2021-08-20,1500,30410,31910
1487,2021-08-21,491,25311,25802
1487,2021-08-22,223,19442,19665
1487,2021-08-23,1749,30889,32638
1487,2021-08-24,2074,32396,34470
1487,2021-08-25,1957,33772,35729
1487,2021-08-26,1990,33452,35442
1487,2021-08-27,1746,33800,35546
1487,2021-08-28,496,24450,24946
1487,2021-08-29,248,20133,20381
1487,2021-10-01,2103,41016,43119
1487,2021-10-02,594,30408,31002
1487,2021-10-03,214,22208,22422
1487,2021-10-04,1792,30935,32727
1487,2021-10-05,2283,38783,41066
1487,2021-10-06,2343,38896,41239
1487,2021-10-07,2171,39782,41953
1487,2021-10-08,2286,40488,42774
1487,2021-10-09,612,30176,30788
1487,2021-10-10,187,23568,23755
1487,2021-10-12,2243,38492,40735
1487,2021-10-13,2276,39256,41532
1487,2021-10-14,2362,39819,42181
1487,2021-10-15,2074,41256,43330
1487,2021-10-16,687,29434,30121
1487,2021-10-17,269,22700,22969
1487,2021-10-18,2197,37758,39955
1487,2021-10-19,2311,37705,40016
1487,2021-10-20,2213,38294,40507
1487,2021-10-21,2143,38726,40869
1487,2021-10-22,2053,39131,41184
1487,2021-10-23,600,28901,29501
1487,2021-10-24,186,20704,20890
1487,2021-10-26,2163,39744,41907
1487,2021-10-27,2238,39521,41759
1487,2021-10-28,2288,40296,42584
1487,2021-10-30,739,28046,28785
1487,2021-10-31,-43,369,326
1487,2021-11-01,557,20066,20623
1487,2021-11-02,2398,36978,39376
1487,2021-11-03,2463,37486,39949
1487,2021-11-05,2356,37696,40052
1487,2021-11-06,686,27470,28156
1487,2021-11-07,280,19577,19857
1487,2021-11-08,2149,37542,39691
1487,2021-11-09,2257,38523,40780
1487,2021-11-10,2279,38307,40586
1487,2021-11-12,2078,40134,42212
1487,2021-11-13,541,28389,28930
1487,2021-11-14,182,21510,21692
1487,2021-11-15,2241,36999,39240
1487,2021-11-16,2430,37706,40136
1487,2021-11-17,2250,38526,40776
1487,2021-11-18,2087,37328,39415
1487,2021-11-19,2123,39951,42074
1487,2021-11-20,551,28301,28852
1487,2021-11-21,173,20843,21016
1487,2021-11-22,2054,37451,39505
1487,2021-11-24,2172,38771,40943
1487,2021-11-25,2207,39563,41770
1487,2021-11-26,2087,40598,42685
1487,2021-11-27,508,28131,28639
1487,2021-11-28,145,21516,21661
1487,2021-11-29,1995,36386,38381
1487,2021-11-30,2049,37376,39425
1487,2021-12-01,2125,37957,40082
1487,2021-12-02,2114,38909,41023
1487,2021-12-03,2088,39511,41599
1487,2021-12-04,500,27847,28347
1487,2021-12-05,153,20671,20824
1487,2021-12-06,2081,36681,38762
1487,2021-12-07,2080,37649,39729
1487,2021-12-08,2115,38453,40568
1487,2021-12-09,1995,38719,40714
1487,2021-12-10,1953,38404,40357
1487,2021-12-12,135,20705,20840
1487,2021-12-13,1968,36737,38705
1487,2021-12-16,2051,37652,39703
1487,2021-12-17,1737,39572,41309
1487,2021-12-18,443,26724,27167
1487,2021-12-19,123,20668,20791
1487,2021-12-20,1403,32498,33901
1487,2021-12-21,1413,33377,34790
1487,2021-12-22,1210,32501,33711
1487,2021-12-23,1039,31289,32328
1487,2021-12-24,556,24010,24566
1487,2021-12-25,55,16636,16691
1487,2021-12-26,71,15761,15832
1487,2021-12-27,763,23859,24622
1487,2021-12-28,770,24944,25714
1487,2021-12-29,747,25733,26480
1487,2021-12-30,707,25938,26645
1487,2021-12-31,399,22134,22533
