"POSTE_ID","date","C","V","T"
2,2020-01-01,42,2325,2367
2,2020-01-02,353,7124,7477
2,2020-01-03,399,7478,7877
2,2020-01-04,172,6101,6273
2,2020-01-05,69,6929,6998
2,2020-01-06,665,7865,8530
2,2020-01-07,732,7917,8649
2,2020-01-08,764,7765,8529
2,2020-01-09,756,8124,8880
2,2020-01-10,730,8406,9136
2,2020-01-11,236,5994,6230
2,2020-01-12,78,6680,6758
2,2020-01-13,703,7202,7905
2,2020-01-14,26,29,55
2,2020-01-15,579,5487,6066
2,2020-01-16,942,8355,9297
2,2020-01-17,837,8658,9495
2,2020-01-18,229,5870,6099
2,2020-01-19,106,6660,6766
2,2020-01-20,877,8247,9124
2,2020-01-21,917,8182,9099
2,2020-01-22,969,7807,8776
2,2020-01-23,975,8306,9281
2,2020-01-24,874,8785,9659
2,2020-01-25,228,5979,6207
2,2020-01-26,72,6845,6917
2,2020-01-27,835,8095,8930
2,2020-01-28,897,7980,8877
2,2020-01-29,907,7872,8779
2,2020-01-30,919,8507,9426
2,2020-01-31,849,8917,9766
2,2020-02-01,190,6488,6678
2,2020-02-02,77,7226,7303
2,2020-02-03,824,8296,9120
2,2020-02-04,880,8078,8958
2,2020-02-05,834,8214,9048
2,2020-02-06,929,8691,9620
2,2020-02-07,984,9072,10056
2,2020-02-08,193,6352,6545
2,2020-02-09,74,4695,4769
2,2020-02-10,854,8032,8886
2,2020-02-11,887,8347,9234
2,2020-02-12,863,8173,9036
2,2020-02-13,857,8442,9299
2,2020-02-14,826,9054,9880
2,2020-02-15,244,6162,6406
2,2020-02-16,72,6530,6602
2,2020-02-17,863,8445,9308
2,2020-02-18,947,8450,9397
2,2020-02-20,944,8215,9159
2,2020-02-21,883,8800,9683
2,2020-02-22,254,5828,6082
2,2020-02-23,71,5513,5584
2,2020-02-24,462,5774,6236
2,2020-02-25,749,7154,7903
2,2020-02-26,741,6665,7406
2,2020-02-27,776,7489,8265
2,2020-02-28,779,8712,9491
2,2020-02-29,193,6389,6582
2,2020-03-01,71,7529,7600
2,2020-03-02,615,5758,6373
2,2020-03-03,937,8451,9388
2,2020-03-04,960,8032,8992
2,2020-03-05,955,8513,9468
2,2020-03-06,852,8866,9718
2,2020-03-07,249,6097,6346
2,2020-03-08,77,7308,7385
2,2020-03-09,903,7999,8902
2,2020-03-10,916,8178,9094
2,2020-03-11,904,8199,9103
2,2020-03-12,970,8633,9603
2,2020-03-13,930,9473,10403
2,2020-03-14,267,6015,6282
2,2020-03-15,95,5841,5936
2,2020-03-16,1040,7242,8282
2,2020-03-17,1012,6630,7642
2,2020-03-18,955,5970,6925
2,2020-03-19,871,4058,4929
2,2020-03-20,736,3858,4594
2,2020-03-21,169,1316,1485
2,2020-03-22,55,794,849
2,2020-03-23,601,2752,3353
2,2020-03-24,596,2597,3193
2,2020-03-25,593,2499,3092
2,2020-03-26,590,2475,3065
2,2020-03-27,520,2511,3031
2,2020-03-28,130,977,1107
2,2020-03-30,545,2665,3210
2,2020-03-31,560,2623,3183
2,2020-04-01,492,2518,3010
2,2020-04-02,531,2560,3091
2,2020-04-03,551,2555,3106
2,2020-04-04,164,934,1098
2,2020-04-05,57,618,675
2,2020-04-06,561,2553,3114
2,2020-04-07,524,2571,3095
2,2020-04-08,593,2566,3159
2,2020-04-09,518,2759,3277
2,2020-04-10,430,2540,2970
2,2020-04-11,125,1078,1203
2,2020-04-12,47,502,549
2,2020-04-13,69,501,570
2,2020-04-14,555,2896,3451
2,2020-04-15,596,2744,3340
2,2020-04-16,566,2829,3395
2,2020-04-17,560,2929,3489
2,2020-04-18,160,1145,1305
2,2020-04-19,49,609,658
2,2020-04-20,730,4028,4758
2,2020-04-21,715,4051,4766
2,2020-04-22,763,3795,4558
2,2020-04-23,802,4161,4963
2,2020-04-24,772,3981,4753
2,2020-04-25,165,1137,1302
2,2020-04-26,63,773,836
2,2020-04-27,791,4270,5061
2,2020-04-28,821,4520,5341
2,2020-04-29,876,4474,5350
2,2020-04-30,831,4680,5511
2,2020-05-01,156,944,1100
2,2020-05-02,164,1318,1482
2,2020-05-03,60,731,791
2,2020-05-04,815,4804,5619
2,2020-05-05,778,4909,5687
2,2020-05-06,843,4914,5757
2,2020-05-07,889,5053,5942
2,2020-05-08,814,4974,5788
2,2020-05-09,181,1414,1595
2,2020-05-10,58,1096,1154
2,2020-05-11,877,5452,6329
2,2020-05-12,868,5399,6267
2,2020-05-13,896,5388,6284
2,2020-05-14,944,5554,6498
2,2020-05-15,916,5507,6423
2,2020-05-16,235,2516,2751
2,2020-05-17,80,2143,2223
2,2020-05-18,919,5790,6709
2,2020-05-19,964,6028,6992
2,2020-05-20,1007,6211,7218
2,2020-05-21,193,2046,2239
2,2020-05-22,539,4046,4585
2,2020-05-23,209,2488,2697
2,2020-05-24,98,2199,2297
2,2020-05-25,919,5870,6789
2,2020-05-26,990,6042,7032
2,2020-05-27,993,6011,7004
2,2020-05-28,1011,6247,7258
2,2020-05-29,1007,6387,7394
2,2020-05-30,282,4178,4460
2,2020-05-31,58,5071,5129
2,2020-06-01,149,5284,5433
2,2020-06-02,953,7967,8920
2,2020-06-03,997,7571,8568
2,2020-06-04,934,7923,8857
2,2020-06-05,941,7928,8869
2,2020-06-06,272,5094,5366
2,2020-06-07,83,6050,6133
2,2020-06-08,938,7404,8342
2,2020-06-09,973,7552,8525
2,2020-06-10,953,7635,8588
2,2020-06-11,975,8627,9602
2,2020-06-12,982,8388,9370
2,2020-06-13,271,5490,5761
2,2020-06-14,148,6130,6278
2,2020-06-15,1077,8534,9611
2,2020-06-16,1046,8627,9673
2,2020-06-17,1047,7975,9022
2,2020-06-18,1036,8742,9778
2,2020-06-19,1059,8989,10048
2,2020-06-20,292,6613,6905
2,2020-06-21,174,7994,8168
2,2020-06-22,876,7165,8041
2,2020-06-23,548,5216,5764
2,2020-06-24,1201,8586,9787
2,2020-06-25,1218,8783,10001
2,2020-06-26,1072,8984,10056
2,2020-06-27,377,6744,7121
2,2020-06-28,159,8206,8365
2,2020-06-29,1060,8684,9744
2,2020-06-30,1080,8552,9632
2,2020-07-01,1061,8595,9656
2,2020-07-02,1095,8783,9878
2,2020-07-03,1038,9310,10348
2,2020-07-04,363,7117,7480
2,2020-07-05,180,8335,8515
2,2020-07-06,1012,8324,9336
2,2020-07-07,1099,8505,9604
2,2020-07-08,1067,8609,9676
2,2020-07-09,998,8808,9806
2,2020-07-10,983,9683,10666
2,2020-07-11,378,7050,7428
2,2020-07-12,208,7978,8186
2,2020-07-13,1089,8700,9789
2,2020-07-14,988,8482,9470
2,2020-07-15,1045,8541,9586
2,2020-07-16,1026,8822,9848
2,2020-07-17,1179,9206,10385
2,2020-07-18,495,6741,7236
2,2020-07-19,253,6844,7097
2,2020-07-20,959,8709,9668
2,2020-07-21,838,8953,9791
2,2020-07-22,1042,8323,9365
2,2020-07-23,1038,8627,9665
2,2020-07-24,1010,9243,10253
2,2020-07-25,540,6735,7275
2,2020-07-26,256,6925,7181
2,2020-07-27,973,8404,9377
2,2020-07-28,936,8044,8980
2,2020-07-29,1041,8235,9276
2,2020-07-30,928,8651,9579
2,2020-07-31,831,8734,9565
2,2020-08-01,448,6670,7118
2,2020-08-02,216,6930,7146
2,2020-08-03,736,7231,7967
2,2020-08-04,744,7088,7832
2,2020-08-05,779,6982,7761
2,2020-08-06,737,7270,8007
2,2020-08-07,756,7663,8419
2,2020-08-08,438,6169,6607
2,2020-08-09,259,6348,6607
2,2020-08-10,755,6782,7537
2,2020-08-11,753,6616,7369
2,2020-08-12,813,6766,7579
2,2020-08-13,767,6897,7664
2,2020-08-14,782,7683,8465
2,2020-08-15,281,6490,6771
2,2020-08-16,213,6980,7193
2,2020-08-17,721,7059,7780
2,2020-08-18,768,6946,7714
2,2020-08-19,766,7115,7881
2,2020-08-20,823,7286,8109
2,2020-08-21,817,8224,9041
2,2020-08-22,316,6496,6812
2,2020-08-23,177,7426,7603
2,2020-08-24,959,8096,9055
2,2020-08-25,1087,8249,9336
2,2020-08-26,1031,7802,8833
2,2020-08-27,1020,8328,9348
2,2020-08-28,1010,9046,10056
2,2020-08-29,310,6441,6751
2,2020-08-30,156,6990,7146
2,2020-08-31,972,8323,9295
2,2020-09-01,922,8060,8982
2,2020-09-02,971,8112,9083
2,2020-09-03,922,8614,9536
2,2020-09-04,997,9055,10052
2,2020-09-05,319,6309,6628
2,2020-09-06,181,7361,7542
2,2020-09-07,1017,8315,9332
2,2020-09-08,966,8165,9131
2,2020-09-09,913,8025,8938
2,2020-09-10,1100,8462,9562
2,2020-09-11,1002,9405,10407
2,2020-09-12,337,6950,7287
2,2020-09-13,202,7952,8154
2,2020-09-14,988,8264,9252
2,2020-09-15,1054,8250,9304
2,2020-09-16,1049,8292,9341
2,2020-09-17,1102,8765,9867
2,2020-09-18,1034,9353,10387
2,2020-09-19,380,6443,6823
2,2020-09-20,223,7700,7923
2,2020-09-21,1001,8132,9133
2,2020-09-22,1099,8368,9467
2,2020-09-23,1133,8289,9422
2,2020-09-24,1024,7871,8895
2,2020-09-25,1011,8790,9801
2,2020-09-26,310,5818,6128
2,2020-09-27,114,6238,6352
2,2020-09-28,973,7790,8763
2,2020-09-29,976,8127,9103
2,2020-09-30,951,7351,8302
2,2020-10-01,1021,8366,9387
2,2020-10-02,897,8577,9474
2,2020-10-03,316,6102,6418
2,2020-10-04,94,6223,6317
2,2020-10-05,996,7666,8662
2,2020-10-06,984,7753,8737
2,2020-10-07,986,7777,8763
2,2020-10-08,987,8079,9066
2,2020-10-09,929,8469,9398
2,2020-10-10,295,5671,5966
2,2020-10-11,116,5765,5881
2,2020-10-12,968,7666,8634
2,2020-10-13,1050,7595,8645
2,2020-10-14,1086,7565,8651
2,2020-10-15,1111,7868,8979
2,2020-10-16,1015,8244,9259
2,2020-10-17,332,5413,5745
2,2020-10-18,175,5575,5750
2,2020-10-19,981,7257,8238
2,2020-10-20,1038,7301,8339
2,2020-10-21,1056,7341,8397
2,2020-10-22,1084,7679,8763
2,2020-10-23,938,7828,8766
2,2020-10-24,310,5065,5375
2,2020-10-25,125,5099,5224
2,2020-10-26,972,6992,7964
2,2020-10-27,1009,7097,8106
2,2020-10-28,1030,7172,8202
2,2020-10-29,1004,7473,8477
2,2020-10-30,908,8350,9258
2,2020-11-01,75,5160,5235
2,2020-11-02,818,6273,7091
2,2020-11-03,1086,6855,7941
2,2020-11-04,1047,6818,7865
2,2020-11-05,1046,6933,7979
2,2020-11-06,971,7324,8295
2,2020-11-07,331,5211,5542
2,2020-11-08,98,5445,5543
2,2020-11-09,972,7195,8167
2,2020-11-10,1057,7573,8630
2,2020-11-11,807,8142,8949
2,2020-11-12,1021,7601,8622
2,2020-11-13,915,6579,7494
2,2020-11-14,269,5446,5715
2,2020-11-15,77,5558,5635
2,2020-11-16,904,7228,8132
2,2020-11-17,1077,7475,8552
2,2020-11-18,1019,7654,8673
2,2020-11-19,993,8069,9062
2,2020-11-20,964,8236,9200
2,2020-11-21,287,5641,5928
2,2020-11-22,75,6075,6150
2,2020-11-23,895,7523,8418
2,2020-11-24,1071,7769,8840
2,2020-11-25,1008,7573,8581
2,2020-11-26,1006,7601,8607
2,2020-11-27,989,8034,9023
2,2020-11-28,271,5332,5603
2,2020-11-29,90,5339,5429
2,2020-11-30,1002,7331,8333
2,2020-12-02,1010,7339,8349
2,2020-12-03,983,7435,8418
2,2020-12-04,930,7840,8770
2,2020-12-05,279,5287,5566
2,2020-12-06,103,4891,4994
2,2020-12-07,995,7295,8290
2,2020-12-08,1089,7492,8581
2,2020-12-09,1015,7466,8481
2,2020-12-10,1051,7910,8961
2,2020-12-11,893,7882,8775
2,2020-12-12,243,5313,5556
2,2020-12-13,65,5334,5399
2,2020-12-14,940,7494,8434
2,2020-12-15,961,8087,9048
2,2020-12-16,995,7768,8763
2,2020-12-17,1040,8014,9054
2,2020-12-18,922,8154,9076
2,2020-12-19,224,5145,5369
2,2020-12-20,81,4833,4914
2,2020-12-21,608,6891,7499
7,2020-01-10,474,12383,12857
7,2020-01-11,77,11076,11153
7,2020-01-12,24,8981,9005
7,2020-01-13,511,11246,11757
7,2020-01-14,565,11663,12228
7,2020-01-15,554,12674,13228
7,2020-01-16,557,13222,13779
7,2020-01-17,494,12940,13434
7,2020-01-18,94,11601,11695
7,2020-01-19,36,8969,9005
7,2020-01-20,538,12267,12805
7,2020-01-21,566,11819,12385
7,2020-01-22,576,11971,12547
7,2020-01-23,536,11917,12453
7,2020-01-24,522,12593,13115
7,2020-01-25,113,11263,11376
7,2020-01-26,28,8911,8939
7,2020-01-27,470,11202,11672
7,2020-01-28,463,11499,11962
7,2020-01-29,445,12151,12596
7,2020-01-30,542,12520,13062
7,2020-01-31,507,13441,13948
7,2020-02-01,115,11514,11629
7,2020-02-02,18,9612,9630
7,2020-02-03,568,11781,12349
7,2020-02-04,561,11696,12257
7,2020-02-05,593,12157,12750
7,2020-02-06,616,12225,12841
7,2020-02-07,540,13144,13684
7,2020-02-08,107,11482,11589
7,2020-02-09,13,7802,7815
7,2020-02-10,440,10776,11216
7,2020-02-11,510,11678,12188
7,2020-02-12,564,12009,12573
7,2020-02-13,507,12358,12865
7,2020-02-14,577,13712,14289
7,2020-02-15,118,13047,13165
7,2020-02-16,22,10793,10815
7,2020-02-17,532,12825,13357
7,2020-02-18,508,12833,13341
7,2020-02-19,488,13027,13515
7,2020-02-20,467,12175,12642
7,2020-02-21,502,13292,13794
7,2020-02-22,99,11599,11698
7,2020-02-23,50,8800,8850
7,2020-02-24,260,10034,10294
7,2020-02-25,383,12369,12752
7,2020-02-26,550,13572,14122
7,2020-02-27,453,12068,12521
7,2020-02-28,497,15298,15795
7,2020-02-29,97,14027,14124
7,2020-03-01,55,12483,12538
7,2020-03-02,509,13233,13742
7,2020-03-03,588,13597,14185
7,2020-03-04,550,13216,13766
7,2020-03-05,460,12271,12731
7,2020-03-06,542,12771,13313
7,2020-03-07,115,12025,12140
7,2020-03-08,32,9778,9810
7,2020-03-09,540,11975,12515
7,2020-03-10,493,11846,12339
7,2020-03-11,572,12988,13560
7,2020-03-12,517,13655,14172
7,2020-03-13,543,16090,16633
7,2020-03-14,141,12004,12145
7,2020-03-15,61,11763,11824
7,2020-03-16,491,8736,9227
7,2020-03-17,449,4616,5065
7,2020-03-18,563,5254,5817
7,2020-03-19,416,4546,4962
7,2020-03-20,306,3366,3672
7,2020-03-21,85,1982,2067
7,2020-03-22,23,1465,1488
7,2020-03-23,254,2874,3128
7,2020-03-24,242,2330,2572
7,2020-03-25,303,3162,3465
7,2020-03-26,290,3313,3603
7,2020-03-27,214,2759,2973
7,2020-03-28,42,1806,1848
7,2020-03-30,227,2915,3142
7,2020-03-31,192,2674,2866
7,2020-04-01,199,2644,2843
7,2020-04-02,207,2894,3101
7,2020-04-03,218,2929,3147
7,2020-04-04,38,1554,1592
7,2020-04-05,12,1150,1162
7,2020-04-06,215,3019,3234
7,2020-04-07,198,2607,2805
7,2020-04-08,207,2893,3100
7,2020-04-09,198,2926,3124
7,2020-04-10,68,2259,2327
7,2020-04-11,41,1620,1661
7,2020-04-12,3,866,869
7,2020-04-13,12,1071,1083
7,2020-04-14,211,3270,3481
7,2020-04-15,224,2870,3094
7,2020-04-16,215,3238,3453
7,2020-04-17,180,3066,3246
7,2020-04-18,43,1899,1942
7,2020-04-19,16,1275,1291
7,2020-04-20,270,3605,3875
7,2020-04-21,320,3827,4147
7,2020-04-22,318,3826,4144
7,2020-04-23,337,3969,4306
7,2020-04-24,312,4050,4362
7,2020-04-25,55,2261,2316
7,2020-04-26,15,1641,1656
7,2020-04-27,305,3815,4120
7,2020-04-28,355,4318,4673
7,2020-04-29,335,4319,4654
7,2020-04-30,329,4218,4547
7,2020-05-01,26,1481,1507
7,2020-05-02,55,2318,2373
7,2020-05-03,11,1590,1601
7,2020-05-04,352,4535,4887
7,2020-05-05,375,4586,4961
7,2020-05-06,357,4811,5168
7,2020-05-07,356,4968,5324
7,2020-05-08,425,4649,5074
7,2020-05-09,44,2291,2335
7,2020-05-10,24,2024,2048
7,2020-05-11,418,4945,5363
7,2020-05-12,407,5236,5643
7,2020-05-13,421,5866,6287
7,2020-05-14,397,5890,6287
7,2020-05-15,381,5771,6152
7,2020-05-16,109,12166,12275
7,2020-05-17,51,9811,9862
7,2020-05-18,499,12477,12976
7,2020-05-19,569,12131,12700
7,2020-05-20,484,12170,12654
7,2020-05-21,34,7763,7797
7,2020-05-22,382,11428,11810
7,2020-05-23,147,10615,10762
7,2020-05-24,60,8168,8228
7,2020-05-25,523,10270,10793
7,2020-05-26,529,10561,11090
7,2020-05-27,512,11198,11710
7,2020-05-28,515,11393,11908
7,2020-05-29,514,13037,13551
7,2020-05-30,143,12009,12152
7,2020-05-31,43,9469,9512
7,2020-06-01,87,9700,9787
7,2020-06-02,119,1800,1919
7,2020-06-03,39,194,233
7,2020-06-04,8,79,87
7,2020-06-05,9,87,96
7,2020-06-06,12,115,127
7,2020-06-07,0,138,138
7,2020-06-08,5,103,108
7,2020-06-09,1,93,94
7,2020-06-10,0,68,68
7,2020-06-11,0,174,174
7,2020-06-12,9,298,307
7,2020-06-13,35,4724,4759
7,2020-06-14,58,7343,7401
7,2020-06-15,442,9779,10221
7,2020-06-16,479,9687,10166
7,2020-06-17,468,9865,10333
7,2020-06-18,504,10481,10985
7,2020-06-19,509,11073,11582
7,2020-06-20,113,10338,10451
7,2020-06-21,44,8562,8606
7,2020-06-22,418,9950,10368
7,2020-06-23,190,9150,9340
7,2020-06-24,520,10714,11234
7,2020-06-25,480,10872,11352
7,2020-06-26,505,10887,11392
7,2020-06-27,103,10758,10861
7,2020-06-28,47,8635,8682
7,2020-06-29,482,11002,11484
7,2020-06-30,475,11448,11923
7,2020-07-01,465,11448,11913
7,2020-07-02,546,11610,12156
7,2020-07-03,497,12059,12556
7,2020-07-04,183,11529,11712
7,2020-07-05,79,9366,9445
7,2020-07-06,514,11686,12200
7,2020-07-07,526,11843,12369
7,2020-07-08,544,11708,12252
7,2020-07-09,486,11943,12429
7,2020-07-10,552,13135,13687
7,2020-07-11,253,13832,14085
7,2020-07-12,139,11369,11508
7,2020-07-13,486,11197,11683
7,2020-07-14,550,11575,12125
7,2020-07-15,523,12228,12751
7,2020-07-16,577,10766,11343
7,2020-07-17,510,10641,11151
7,2020-07-18,160,9712,9872
7,2020-07-19,58,8718,8776
7,2020-07-20,460,9483,9943
7,2020-07-21,471,9545,10016
7,2020-07-22,507,9534,10041
7,2020-07-23,495,9716,10211
7,2020-07-24,488,10006,10494
7,2020-07-25,166,8559,8725
7,2020-07-26,54,7719,7773
7,2020-07-27,521,9192,9713
7,2020-07-28,531,9603,10134
7,2020-07-29,517,10135,10652
7,2020-07-30,491,10275,10766
7,2020-07-31,377,10173,10550
7,2020-08-01,104,9035,9139
7,2020-08-02,54,8034,8088
7,2020-08-03,380,9163,9543
7,2020-08-04,360,9357,9717
7,2020-08-05,389,9537,9926
7,2020-08-06,405,9272,9677
7,2020-08-07,356,9717,10073
7,2020-08-08,81,7898,7979
7,2020-08-09,37,7274,7311
7,2020-08-10,396,9768,10164
7,2020-08-11,361,9122,9483
7,2020-08-12,368,9217,9585
7,2020-08-13,404,9576,9980
7,2020-08-14,384,10057,10441
7,2020-08-15,76,8458,8534
7,2020-08-16,40,8242,8282
7,2020-08-17,387,9387,9774
7,2020-08-18,417,9367,9784
7,2020-08-19,413,9918,10331
7,2020-08-20,432,10415,10847
7,2020-08-21,395,11163,11558
7,2020-08-22,111,10308,10419
7,2020-08-23,41,8815,8856
7,2020-08-24,541,10612,11153
7,2020-08-25,581,10767,11348
7,2020-08-26,570,10622,11192
7,2020-08-27,573,11264,11837
7,2020-08-28,504,11797,12301
7,2020-08-29,110,10971,11081
7,2020-08-30,65,8948,9013
7,2020-08-31,560,10924,11484
7,2020-09-01,573,11349,11922
7,2020-09-02,545,11061,11606
7,2020-09-03,532,11119,11651
7,2020-09-04,472,11670,12142
7,2020-09-05,115,10970,11085
7,2020-09-06,75,9179,9254
7,2020-09-07,493,11009,11502
7,2020-09-08,506,11091,11597
7,2020-09-09,485,11207,11692
7,2020-09-10,519,11372,11891
7,2020-09-11,543,12088,12631
7,2020-09-12,177,11158,11335
7,2020-09-13,70,9604,9674
7,2020-09-14,567,10808,11375
7,2020-09-15,492,11296,11788
7,2020-09-16,529,11471,12000
7,2020-09-17,530,11790,12320
7,2020-09-18,540,12075,12615
7,2020-09-19,150,11367,11517
7,2020-09-20,82,9591,9673
7,2020-09-21,561,10904,11465
7,2020-09-22,568,11207,11775
7,2020-09-23,605,11066,11671
7,2020-09-24,574,11341,11915
7,2020-09-25,543,11957,12500
7,2020-09-26,140,9211,9351
7,2020-09-27,36,7250,7286
7,2020-09-28,536,9241,9777
7,2020-09-29,527,9895,10422
7,2020-09-30,516,10265,10781
7,2020-10-01,551,10503,11054
7,2020-10-02,480,10907,11387
7,2020-10-03,91,10384,10475
7,2020-10-04,34,7739,7773
7,2020-10-05,443,9968,10411
7,2020-10-06,504,10298,10802
7,2020-10-07,481,10275,10756
7,2020-10-08,507,10839,11346
7,2020-10-09,454,10853,11307
7,2020-10-10,148,10453,10601
7,2020-10-11,44,8022,8066
7,2020-10-12,504,10116,10620
7,2020-10-13,566,9980,10546
7,2020-10-14,551,10693,11244
7,2020-10-15,563,10589,11152
7,2020-10-16,538,11052,11590
7,2020-10-17,158,10017,10175
7,2020-10-18,49,7811,7860
7,2020-10-19,546,10535,11081
7,2020-10-20,588,10639,11227
7,2020-10-21,539,11054,11593
7,2020-10-22,555,11083,11638
7,2020-10-23,512,11055,11567
7,2020-10-24,140,9842,9982
7,2020-10-25,28,7691,7719
7,2020-10-26,535,9863,10398
7,2020-10-27,501,9910,10411
7,2020-10-28,491,10526,11017
7,2020-10-29,512,10835,11347
7,2020-10-30,503,11455,11958
7,2020-11-01,63,7394,7457
7,2020-11-02,576,9537,10113
7,2020-11-03,671,9508,10179
7,2020-11-04,681,9467,10148
7,2020-11-05,729,10030,10759
7,2020-11-06,631,10624,11255
7,2020-11-07,242,9235,9477
7,2020-11-08,89,7140,7229
7,2020-11-09,582,9076,9658
7,2020-11-10,582,9259,9841
7,2020-11-11,514,9404,9918
7,2020-11-12,495,9733,10228
7,2020-11-13,544,10372,10916
7,2020-11-14,210,9734,9944
7,2020-11-15,66,7413,7479
7,2020-11-16,473,9311,9784
7,2020-11-17,526,9578,10104
7,2020-11-18,559,9814,10373
7,2020-11-19,545,9960,10505
7,2020-11-20,530,10805,11335
7,2020-11-21,229,9600,9829
7,2020-11-22,65,7492,7557
7,2020-11-23,541,9210,9751
7,2020-11-24,554,9498,10052
7,2020-11-25,508,9248,9756
7,2020-11-26,559,8878,9437
7,2020-11-27,538,9005,9543
7,2020-11-28,142,9289,9431
7,2020-11-29,32,7037,7069
7,2020-11-30,444,9080,9524
7,2020-12-01,517,8692,9209
7,2020-12-02,570,8877,9447
7,2020-12-03,533,9032,9565
7,2020-12-04,461,9331,9792
7,2020-12-05,130,8443,8573
7,2020-12-06,37,6710,6747
7,2020-12-07,494,8725,9219
7,2020-12-08,544,8961,9505
7,2020-12-09,531,9369,9900
7,2020-12-10,524,9653,10177
7,2020-12-11,442,9640,10082
7,2020-12-12,122,8379,8501
7,2020-12-13,40,7769,7809
7,2020-12-14,474,10431,10905
7,2020-12-15,418,9975,10393
7,2020-12-16,508,8566,9074
7,2020-12-17,503,8570,9073
7,2020-12-18,416,9362,9778
7,2020-12-19,94,7233,7327
7,2020-12-20,21,6299,6320
7,2020-12-21,329,8618,8947
7,2020-12-22,279,9236,9515
7,2020-12-23,210,8812,9022
7,2020-12-24,145,5269,5414
7,2020-12-25,11,3063,3074
7,2020-12-26,16,3937,3953
7,2020-12-27,14,4811,4825
7,2020-12-28,195,6642,6837
7,2020-12-29,215,7205,7420
7,2020-12-30,234,8414,8648
7,2020-12-31,142,5919,6061
10,2020-01-16,452,12544,12996
10,2020-01-17,512,12648,13160
10,2020-01-18,129,10508,10637
10,2020-01-19,19,8041,8060
10,2020-01-20,437,11908,12345
10,2020-01-21,482,12172,12654
10,2020-01-22,441,12004,12445
10,2020-01-23,494,12230,12724
10,2020-01-24,481,12720,13201
10,2020-01-25,104,10268,10372
10,2020-01-26,21,8228,8249
10,2020-01-27,435,11729,12164
10,2020-01-28,386,11939,12325
10,2020-01-29,452,12488,12940
10,2020-01-30,454,12560,13014
10,2020-01-31,448,13005,13453
10,2020-02-01,146,10388,10534
10,2020-02-02,24,8157,8181
10,2020-02-03,381,12040,12421
10,2020-02-04,519,13854,14373
10,2020-02-05,513,14782,15295
10,2020-02-06,493,14043,14536
10,2020-02-07,506,14181,14687
10,2020-02-08,153,10618,10771
10,2020-02-09,25,6865,6890
10,2020-02-10,406,10558,10964
10,2020-02-11,460,12450,12910
10,2020-02-12,420,12282,12702
10,2020-02-13,467,12308,12775
10,2020-02-14,484,13458,13942
10,2020-02-15,121,10628,10749
10,2020-02-16,21,8527,8548
10,2020-02-17,414,11649,12063
10,2020-02-18,488,11695,12183
10,2020-02-19,547,11857,12404
10,2020-02-20,488,11853,12341
10,2020-02-21,537,12222,12759
10,2020-02-22,130,10178,10308
10,2020-02-23,23,7233,7256
10,2020-02-24,344,10938,11282
10,2020-02-25,437,11887,12324
10,2020-02-26,544,12196,12740
10,2020-02-27,365,9650,10015
10,2020-02-28,509,13429,13938
10,2020-02-29,113,11038,11151
10,2020-03-01,26,8734,8760
10,2020-03-02,463,12404,12867
10,2020-03-03,486,12359,12845
10,2020-03-04,600,12452,13052
10,2020-03-05,539,12393,12932
10,2020-03-06,548,13073,13621
10,2020-03-07,131,11297,11428
10,2020-03-08,17,8646,8663
10,2020-03-09,487,12294,12781
10,2020-03-10,481,12266,12747
10,2020-03-11,502,12636,13138
10,2020-03-12,473,13077,13550
10,2020-03-13,527,13660,14187
10,2020-03-14,125,9641,9766
10,2020-03-15,39,9124,9163
10,2020-03-16,410,6005,6415
10,2020-03-17,453,4298,4751
10,2020-03-18,383,3541,3924
10,2020-03-19,419,3599,4018
10,2020-03-20,300,2409,2709
10,2020-03-21,NA,11,NA
10,2020-03-22,NA,16,NA
10,2020-03-23,NA,14,NA
10,2020-03-24,NA,42,NA
10,2020-03-25,NA,32,NA
10,2020-03-26,NA,34,NA
10,2020-03-27,NA,32,NA
10,2020-03-28,2,27,29
10,2020-03-30,NA,26,NA
10,2020-04-18,44,1932,1976
10,2020-04-19,6,1393,1399
10,2020-04-20,274,3435,3709
10,2020-04-21,286,3705,3991
10,2020-04-22,351,3647,3998
10,2020-04-23,327,3561,3888
10,2020-04-24,331,3761,4092
10,2020-04-25,67,2409,2476
10,2020-04-26,9,1631,1640
10,2020-04-27,296,3647,3943
10,2020-04-28,263,3584,3847
10,2020-04-29,301,3396,3697
10,2020-04-30,352,3785,4137
10,2020-05-01,38,1550,1588
10,2020-05-02,61,2673,2734
10,2020-05-03,4,1776,1780
10,2020-05-04,404,4219,4623
10,2020-05-05,415,4187,4602
10,2020-05-06,357,4223,4580
10,2020-05-07,364,4207,4571
10,2020-05-08,394,4719,5113
10,2020-05-09,56,2480,2536
10,2020-05-10,16,2064,2080
10,2020-05-11,321,5066,5387
10,2020-05-12,387,4639,5026
10,2020-05-13,406,4737,5143
10,2020-05-14,451,4621,5072
10,2020-05-15,516,6490,7006
10,2020-05-16,151,9647,9798
10,2020-05-17,72,8847,8919
10,2020-05-18,438,10279,10717
10,2020-05-19,468,10632,11100
10,2020-05-20,508,10974,11482
10,2020-05-21,63,8011,8074
10,2020-05-22,431,10390,10821
10,2020-05-23,103,8552,8655
10,2020-05-24,34,7243,7277
10,2020-05-25,443,9744,10187
10,2020-05-26,451,10585,11036
10,2020-05-27,484,10465,10949
10,2020-05-28,486,11014,11500
10,2020-05-29,499,11798,12297
10,2020-05-30,139,10361,10500
10,2020-05-31,32,8558,8590
10,2020-06-01,66,8703,8769
10,2020-06-02,516,11359,11875
10,2020-06-03,550,11235,11785
10,2020-06-04,490,11038,11528
10,2020-06-05,501,11106,11607
10,2020-06-06,136,9682,9818
10,2020-06-07,18,7879,7897
10,2020-06-08,493,10347,10840
10,2020-06-09,479,10842,11321
10,2020-06-10,514,11276,11790
10,2020-06-11,223,12083,12306
10,2020-06-12,446,12112,12558
10,2020-06-13,123,10325,10448
10,2020-06-14,36,8421,8457
10,2020-06-15,489,11070,11559
10,2020-06-16,526,11466,11992
10,2020-06-17,500,10872,11372
10,2020-06-18,473,11774,12247
10,2020-06-19,540,12229,12769
10,2020-06-20,140,10737,10877
10,2020-06-21,49,9304,9353
10,2020-06-22,452,11061,11513
10,2020-06-23,145,9284,9429
10,2020-06-24,589,11554,12143
10,2020-06-25,519,12152,12671
10,2020-06-26,512,11400,11912
10,2020-06-27,146,10338,10484
10,2020-06-28,45,8626,8671
10,2020-06-29,546,11534,12080
10,2020-06-30,515,12046,12561
10,2020-07-01,557,12137,12694
10,2020-07-02,537,12229,12766
10,2020-07-03,533,12816,13349
10,2020-07-04,152,10470,10622
10,2020-07-05,63,8360,8423
10,2020-07-06,489,11456,11945
10,2020-07-07,534,11851,12385
10,2020-07-08,532,11633,12165
10,2020-07-09,526,11981,12507
10,2020-07-10,555,12471,13026
10,2020-07-11,154,10656,10810
10,2020-07-12,83,9436,9519
10,2020-07-13,644,11756,12400
10,2020-07-14,604,12104,12708
10,2020-07-15,542,11107,11649
10,2020-07-16,585,10096,10681
10,2020-07-17,518,10415,10933
10,2020-07-18,147,8465,8612
10,2020-07-19,64,7300,7364
10,2020-07-20,568,10053,10621
10,2020-07-21,611,10186,10797
10,2020-07-22,583,10221,10804
10,2020-07-23,627,10346,10973
10,2020-07-24,642,10297,10939
10,2020-07-25,188,8514,8702
10,2020-07-26,46,6998,7044
10,2020-07-27,583,9699,10282
10,2020-07-28,548,10130,10678
10,2020-07-29,566,10361,10927
10,2020-07-30,528,10498,11026
10,2020-07-31,497,10621,11118
10,2020-08-01,162,8545,8707
10,2020-08-02,36,7836,7872
10,2020-08-03,423,9232,9655
10,2020-08-04,413,9690,10103
10,2020-08-05,402,9730,10132
10,2020-08-06,385,9836,10221
10,2020-08-07,396,10000,10396
10,2020-08-08,119,7956,8075
10,2020-08-09,29,6834,6863
10,2020-08-10,369,9252,9621
10,2020-08-11,346,9438,9784
10,2020-08-12,358,9407,9765
10,2020-08-13,328,9854,10182
10,2020-08-14,373,10036,10409
10,2020-08-15,75,7680,7755
10,2020-08-16,31,7732,7763
10,2020-08-17,366,9374,9740
10,2020-08-18,406,9746,10152
10,2020-08-19,404,10119,10523
10,2020-08-20,369,10804,11173
10,2020-08-21,402,11332,11734
10,2020-08-22,115,9525,9640
10,2020-08-23,41,8400,8441
10,2020-08-24,528,10739,11267
10,2020-08-25,529,10993,11522
10,2020-08-26,492,11192,11684
10,2020-08-27,539,11812,12351
10,2020-08-28,532,12012,12544
10,2020-08-29,109,10007,10116
10,2020-08-30,51,8349,8400
10,2020-08-31,526,11201,11727
10,2020-09-01,542,11296,11838
10,2020-09-02,491,11434,11925
10,2020-09-03,500,11390,11890
10,2020-09-04,531,12127,12658
10,2020-09-05,283,9825,10108
10,2020-09-06,83,8523,8606
10,2020-09-07,508,11444,11952
10,2020-09-08,512,11973,12485
10,2020-09-09,519,11762,12281
10,2020-09-10,528,11851,12379
10,2020-09-11,539,12534,13073
10,2020-09-12,122,10940,11062
10,2020-09-13,87,9244,9331
10,2020-09-14,501,11582,12083
10,2020-09-15,549,11889,12438
10,2020-09-16,576,11652,12228
10,2020-09-17,559,12078,12637
10,2020-09-18,571,12483,13054
10,2020-09-19,138,10759,10897
10,2020-09-20,71,8880,8951
10,2020-09-21,520,11253,11773
10,2020-09-22,532,11600,12132
10,2020-09-23,530,11284,11814
10,2020-09-24,527,11318,11845
10,2020-09-25,555,11620,12175
10,2020-09-26,139,8732,8871
10,2020-09-27,35,6427,6462
10,2020-09-28,434,10038,10472
10,2020-09-29,525,10405,10930
10,2020-09-30,567,10829,11396
10,2020-10-01,464,10758,11222
10,2020-10-02,526,10633,11159
10,2020-10-03,66,9573,9639
10,2020-10-04,34,6732,6766
10,2020-10-05,442,10725,11167
10,2020-10-06,429,10541,10970
10,2020-10-07,497,11024,11521
10,2020-10-08,429,11335,11764
10,2020-10-09,446,11609,12055
10,2020-10-10,140,9798,9938
10,2020-10-11,43,7434,7477
10,2020-10-12,461,10376,10837
10,2020-10-13,462,10818,11280
10,2020-10-14,497,10775,11272
10,2020-10-15,475,10988,11463
10,2020-10-16,454,11457,11911
10,2020-10-17,131,9417,9548
10,2020-10-18,34,6817,6851
10,2020-10-19,490,10595,11085
10,2020-10-20,455,11020,11475
10,2020-10-21,457,11088,11545
10,2020-10-22,450,10922,11372
10,2020-10-23,472,11260,11732
10,2020-10-24,127,9369,9496
10,2020-10-25,93,8232,8325
10,2020-10-26,481,10636,11117
10,2020-10-27,437,10719,11156
10,2020-10-28,430,11153,11583
10,2020-10-29,444,11560,12004
10,2020-10-30,484,11695,12179
10,2020-11-01,26,5879,5905
10,2020-11-02,434,9720,10154
10,2020-11-03,446,9954,10400
10,2020-11-04,508,10029,10537
10,2020-11-05,474,10440,10914
10,2020-11-06,504,10884,11388
10,2020-11-07,143,8686,8829
10,2020-11-08,46,6378,6424
10,2020-11-09,481,10051,10532
10,2020-11-10,488,10080,10568
10,2020-11-11,528,10094,10622
10,2020-11-12,471,10497,10968
10,2020-11-13,516,10826,11342
10,2020-11-14,156,9090,9246
10,2020-11-15,36,6307,6343
10,2020-11-16,499,9879,10378
10,2020-11-17,512,10198,10710
10,2020-11-18,523,10365,10888
10,2020-11-19,507,10609,11116
10,2020-11-20,489,11126,11615
10,2020-11-21,162,8959,9121
10,2020-11-22,28,6158,6186
10,2020-11-23,494,9931,10425
10,2020-11-24,465,10069,10534
10,2020-11-25,486,10567,11053
10,2020-11-26,499,10181,10680
10,2020-11-27,533,10845,11378
10,2020-11-28,144,8480,8624
10,2020-11-29,26,5916,5942
10,2020-11-30,525,10087,10612
10,2020-12-01,457,9786,10243
10,2020-12-02,511,10285,10796
10,2020-12-03,497,10250,10747
10,2020-12-04,522,11025,11547
10,2020-12-05,140,8687,8827
10,2020-12-06,37,5831,5868
10,2020-12-07,505,9878,10383
10,2020-12-08,501,10315,10816
10,2020-12-09,533,10449,10982
10,2020-12-10,531,10729,11260
10,2020-12-11,493,10988,11481
10,2020-12-12,118,8544,8662
10,2020-12-13,25,6157,6182
10,2020-12-14,541,10989,11530
10,2020-12-15,495,11220,11715
10,2020-12-16,551,9749,10300
10,2020-12-17,543,10272,10815
10,2020-12-18,497,10555,11052
10,2020-12-19,116,8033,8149
10,2020-12-20,22,5206,5228
10,2020-12-21,308,9333,9641
10,2020-12-22,296,9778,10074
10,2020-12-23,233,9831,10064
10,2020-12-24,171,7023,7194
10,2020-12-25,10,3547,3557
10,2020-12-26,22,3830,3852
10,2020-12-27,8,4207,4215
10,2020-12-28,236,7307,7543
10,2020-12-29,238,7592,7830
10,2020-12-30,220,8528,8748
10,2020-12-31,159,6631,6790
11,2020-01-01,5,1437,1442
11,2020-01-02,58,3642,3700
11,2020-01-03,56,3805,3861
11,2020-01-04,32,2601,2633
11,2020-01-05,4,2074,2078
11,2020-01-06,66,5534,5600
11,2020-01-07,83,5512,5595
11,2020-01-08,72,5608,5680
11,2020-01-09,78,5570,5648
11,2020-01-10,92,5844,5936
11,2020-01-11,37,2976,3013
11,2020-01-12,14,2353,2367
11,2020-01-13,107,5852,5959
11,2020-01-14,101,6092,6193
11,2020-01-15,99,6112,6211
11,2020-01-16,109,6178,6287
11,2020-01-17,86,6117,6203
11,2020-01-18,36,3106,3142
11,2020-01-19,13,2392,2405
11,2020-01-20,114,5866,5980
11,2020-01-21,119,6168,6287
11,2020-01-22,143,5911,6054
11,2020-01-23,111,6034,6145
11,2020-01-24,98,5928,6026
11,2020-01-25,35,3049,3084
11,2020-01-26,8,2374,2382
11,2020-01-27,82,5693,5775
11,2020-01-28,87,5764,5851
11,2020-01-29,77,5842,5919
11,2020-01-30,108,6151,6259
11,2020-01-31,110,6003,6113
11,2020-02-01,49,3046,3095
11,2020-02-02,9,2295,2304
11,2020-02-03,121,5733,5854
11,2020-02-04,145,6522,6667
11,2020-02-05,168,6392,6560
11,2020-02-06,160,6817,6977
11,2020-02-07,163,6341,6504
11,2020-02-08,30,3275,3305
11,2020-02-09,12,2047,2059
11,2020-02-10,90,5292,5382
11,2020-02-11,121,6220,6341
11,2020-02-12,109,6226,6335
11,2020-02-13,103,5906,6009
11,2020-02-14,116,6131,6247
11,2020-02-15,51,3141,3192
11,2020-02-16,10,2378,2388
11,2020-02-17,107,5369,5476
11,2020-02-18,115,5469,5584
11,2020-02-19,113,5410,5523
11,2020-02-20,95,5372,5467
11,2020-02-21,124,5216,5340
11,2020-02-22,45,2949,2994
11,2020-02-23,7,2081,2088
11,2020-02-24,74,4757,4831
11,2020-02-25,92,5288,5380
11,2020-02-26,96,5918,6014
11,2020-02-27,111,5605,5716
11,2020-02-28,96,6085,6181
11,2020-02-29,46,3061,3107
11,2020-03-01,16,2451,2467
11,2020-03-02,101,6017,6118
11,2020-03-03,119,6131,6250
11,2020-03-04,131,6068,6199
11,2020-03-05,116,6049,6165
11,2020-03-06,97,5961,6058
11,2020-03-07,57,3115,3172
11,2020-03-08,13,2286,2299
11,2020-03-09,106,5781,5887
11,2020-03-10,103,5762,5865
11,2020-03-11,104,6018,6122
11,2020-03-12,120,6268,6388
11,2020-03-13,137,6318,6455
11,2020-03-14,42,2884,2926
11,2020-03-15,9,2531,2540
11,2020-03-16,95,4044,4139
11,2020-03-17,107,3869,3976
11,2020-03-18,126,3432,3558
11,2020-03-19,106,2937,3043
11,2020-03-20,90,2863,2953
11,2020-03-21,32,948,980
11,2020-03-22,9,661,670
11,2020-03-23,88,2451,2539
11,2020-03-24,96,2337,2433
11,2020-03-25,91,2239,2330
11,2020-03-26,83,2259,2342
11,2020-03-27,60,2308,2368
11,2020-03-28,35,974,1009
11,2020-03-30,77,2456,2533
11,2020-03-31,95,2448,2543
11,2020-04-01,82,2504,2586
11,2020-04-02,75,2438,2513
11,2020-04-03,92,2328,2420
11,2020-04-04,31,937,968
11,2020-04-05,6,656,662
11,2020-04-06,80,2454,2534
11,2020-04-07,97,2412,2509
11,2020-04-08,90,2492,2582
11,2020-04-09,93,2555,2648
11,2020-04-10,33,2111,2144
11,2020-04-11,17,1026,1043
11,2020-04-12,3,566,569
11,2020-04-13,17,661,678
11,2020-04-14,102,2498,2600
11,2020-04-15,103,2565,2668
11,2020-04-16,124,2519,2643
11,2020-04-17,100,2667,2767
11,2020-04-18,31,963,994
11,2020-04-19,9,606,615
11,2020-04-20,108,2739,2847
11,2020-04-21,63,2782,2845
11,2020-04-22,74,2739,2813
11,2020-04-23,85,2821,2906
11,2020-04-24,70,2799,2869
11,2020-04-25,27,1020,1047
11,2020-04-26,5,658,663
11,2020-04-27,116,2983,3099
11,2020-04-28,91,2783,2874
11,2020-04-29,57,3122,3179
11,2020-04-30,82,3201,3283
11,2020-05-01,23,705,728
11,2020-05-02,25,1057,1082
11,2020-05-03,7,681,688
11,2020-05-04,97,3376,3473
11,2020-05-05,105,3248,3353
11,2020-05-06,109,3399,3508
11,2020-05-07,116,3362,3478
11,2020-05-08,126,3417,3543
11,2020-05-09,13,924,937
11,2020-05-10,13,787,800
11,2020-05-11,98,3539,3637
11,2020-05-12,109,3855,3964
11,2020-05-13,123,3695,3818
11,2020-05-14,118,3759,3877
11,2020-05-15,125,3725,3850
11,2020-05-16,65,3237,3302
11,2020-05-17,15,2708,2723
11,2020-05-18,126,4707,4833
11,2020-05-19,123,4743,4866
11,2020-05-20,153,4913,5066
11,2020-05-21,20,2766,2786
11,2020-05-22,93,3862,3955
11,2020-05-23,52,2527,2579
11,2020-05-24,17,2305,2322
11,2020-05-25,138,4733,4871
11,2020-05-26,112,4972,5084
11,2020-05-27,124,5116,5240
11,2020-05-28,135,5096,5231
11,2020-05-29,135,5178,5313
11,2020-05-30,69,3369,3438
11,2020-05-31,11,2981,2992
11,2020-06-01,17,2966,2983
11,2020-06-02,132,4824,4956
11,2020-06-03,143,4784,4927
11,2020-06-04,162,4637,4799
11,2020-06-05,162,4639,4801
11,2020-06-06,58,2831,2889
11,2020-06-07,12,2377,2389
11,2020-06-08,125,4664,4789
11,2020-06-09,123,4772,4895
11,2020-06-10,121,4918,5039
11,2020-06-11,73,4997,5070
11,2020-06-12,161,4978,5139
11,2020-06-13,50,3338,3388
11,2020-06-14,13,2590,2603
11,2020-06-15,128,4876,5004
11,2020-06-16,150,5270,5420
11,2020-06-17,149,4967,5116
11,2020-06-18,120,5492,5612
11,2020-06-19,133,5300,5433
11,2020-06-20,48,3212,3260
11,2020-06-21,12,2890,2902
11,2020-06-22,105,4192,4297
11,2020-06-23,44,3016,3060
11,2020-06-24,115,5577,5692
11,2020-06-25,141,5329,5470
11,2020-06-26,169,5284,5453
11,2020-06-27,64,3355,3419
11,2020-06-28,20,2636,2656
11,2020-06-29,119,5198,5317
11,2020-06-30,139,5460,5599
11,2020-07-01,115,5458,5573
11,2020-07-02,125,5407,5532
11,2020-07-03,152,5528,5680
11,2020-07-04,62,3384,3446
11,2020-07-05,24,2601,2625
11,2020-07-06,125,5175,5300
11,2020-07-07,118,5452,5570
11,2020-07-08,186,5904,6090
11,2020-07-09,126,5501,5627
11,2020-07-10,132,5299,5431
11,2020-07-11,50,3601,3651
11,2020-07-12,29,3155,3184
11,2020-07-13,114,5175,5289
11,2020-07-14,124,5147,5271
11,2020-07-15,117,5069,5186
11,2020-07-16,146,4751,4897
11,2020-07-17,150,4607,4757
11,2020-07-18,42,2775,2817
11,2020-07-19,30,2454,2484
11,2020-07-20,109,4568,4677
11,2020-07-21,122,4796,4918
11,2020-07-22,121,4851,4972
11,2020-07-23,140,4732,4872
11,2020-07-24,167,4569,4736
11,2020-07-25,101,2725,2826
11,2020-07-26,11,2137,2148
11,2020-07-27,114,4520,4634
11,2020-07-28,123,4654,4777
11,2020-07-29,132,4554,4686
11,2020-07-30,165,4662,4827
11,2020-07-31,142,4378,4520
11,2020-08-01,41,2571,2612
11,2020-08-02,12,2284,2296
11,2020-08-03,108,3958,4066
11,2020-08-04,88,4133,4221
11,2020-08-05,101,4098,4199
11,2020-08-06,109,4012,4121
11,2020-08-07,96,3950,4046
11,2020-08-08,58,2391,2449
11,2020-08-09,14,2063,2077
11,2020-08-10,89,3836,3925
11,2020-08-11,77,4134,4211
11,2020-08-12,98,3931,4029
11,2020-08-13,117,3966,4083
11,2020-08-14,82,4075,4157
11,2020-08-15,45,2425,2470
11,2020-08-16,12,2364,2376
11,2020-08-17,114,4234,4348
11,2020-08-18,139,4319,4458
11,2020-08-19,96,4462,4558
11,2020-08-20,105,4452,4557
11,2020-08-21,174,4577,4751
11,2020-08-22,56,2987,3043
11,2020-08-23,19,2500,2519
11,2020-08-24,114,4697,4811
11,2020-08-25,124,4866,4990
11,2020-08-26,110,4788,4898
11,2020-08-27,197,4968,5165
11,2020-08-28,116,4845,4961
11,2020-08-29,105,3036,3141
11,2020-08-30,58,2547,2605
11,2020-08-31,121,4813,4934
11,2020-09-01,151,5081,5232
11,2020-09-02,106,5151,5257
11,2020-09-03,260,5127,5387
11,2020-09-04,140,5365,5505
11,2020-09-05,53,3178,3231
11,2020-09-06,10,2625,2635
11,2020-09-07,127,5129,5256
11,2020-09-08,217,5284,5501
11,2020-09-09,142,5374,5516
11,2020-09-10,116,5338,5454
11,2020-09-11,138,5459,5597
11,2020-09-12,57,3566,3623
11,2020-09-13,24,3159,3183
11,2020-09-14,159,5479,5638
11,2020-09-15,132,6065,6197
11,2020-09-16,136,5877,6013
11,2020-09-17,130,5921,6051
11,2020-09-18,147,5769,5916
11,2020-09-19,84,3679,3763
11,2020-09-20,26,3175,3201
11,2020-09-21,130,5803,5933
11,2020-09-22,138,5836,5974
11,2020-09-23,152,5658,5810
11,2020-09-24,146,5734,5880
11,2020-09-25,168,5672,5840
11,2020-09-26,75,3016,3091
11,2020-09-27,14,2300,2314
11,2020-09-28,114,5184,5298
11,2020-09-29,116,5362,5478
11,2020-09-30,112,5494,5606
11,2020-10-01,101,5338,5439
11,2020-10-02,119,5388,5507
11,2020-10-03,41,3071,3112
11,2020-10-04,10,2187,2197
11,2020-10-05,93,5245,5338
11,2020-10-06,114,5504,5618
11,2020-10-07,96,5382,5478
11,2020-10-08,123,5564,5687
11,2020-10-09,120,5298,5418
11,2020-10-10,67,3179,3246
11,2020-10-11,8,2433,2441
11,2020-10-12,110,5164,5274
11,2020-10-13,96,5263,5359
11,2020-10-14,101,5215,5316
11,2020-10-15,103,5187,5290
11,2020-10-16,120,5122,5242
11,2020-10-17,53,2989,3042
11,2020-10-18,13,2187,2200
11,2020-10-19,111,5739,5850
11,2020-10-20,125,6024,6149
11,2020-10-21,115,5964,6079
11,2020-10-22,108,5911,6019
11,2020-10-23,105,5341,5446
11,2020-10-24,48,2848,2896
11,2020-10-25,6,2064,2070
11,2020-10-26,112,5072,5184
11,2020-10-27,98,5178,5276
11,2020-10-28,105,5248,5353
11,2020-10-29,108,5123,5231
11,2020-10-30,107,5013,5120
11,2020-11-01,6,1857,1863
11,2020-11-02,80,4687,4767
11,2020-11-03,103,4806,4909
11,2020-11-04,90,4768,4858
11,2020-11-05,121,5008,5129
11,2020-11-06,116,5017,5133
11,2020-11-07,61,2961,3022
11,2020-11-08,12,2164,2176
11,2020-11-09,96,4990,5086
11,2020-11-10,100,4989,5089
11,2020-11-11,104,5011,5115
11,2020-11-12,124,5153,5277
11,2020-11-13,110,5061,5171
11,2020-11-14,61,3000,3061
11,2020-11-15,35,2161,2196
11,2020-11-16,90,4863,4953
11,2020-11-17,101,5157,5258
11,2020-11-18,104,5202,5306
11,2020-11-19,135,4624,4759
11,2020-11-20,111,5078,5189
11,2020-11-21,56,2793,2849
11,2020-11-22,7,2005,2012
11,2020-11-23,139,4758,4897
11,2020-11-24,142,4998,5140
11,2020-11-25,138,5093,5231
11,2020-11-26,141,4746,4887
11,2020-11-27,154,4842,4996
11,2020-11-28,77,2664,2741
11,2020-11-29,18,1796,1814
11,2020-11-30,125,4724,4849
11,2020-12-01,118,4711,4829
11,2020-12-02,97,4777,4874
11,2020-12-03,89,4745,4834
11,2020-12-04,100,4883,4983
11,2020-12-05,53,2636,2689
11,2020-12-06,10,1887,1897
11,2020-12-07,104,4742,4846
11,2020-12-08,104,4885,4989
11,2020-12-09,111,4885,4996
11,2020-12-10,138,4933,5071
11,2020-12-11,137,4892,5029
11,2020-12-12,37,2564,2601
11,2020-12-13,12,1881,1893
11,2020-12-14,111,4952,5063
11,2020-12-15,96,5084,5180
11,2020-12-16,111,4827,4938
11,2020-12-17,106,4852,4958
11,2020-12-18,102,4722,4824
11,2020-12-19,46,2512,2558
11,2020-12-20,10,1711,1721
11,2020-12-21,89,3672,3761
11,2020-12-22,80,3720,3800
11,2020-12-23,79,3478,3557
11,2020-12-24,49,2499,2548
11,2020-12-25,11,1253,1264
11,2020-12-26,14,1393,1407
11,2020-12-27,6,1246,1252
11,2020-12-28,63,2535,2598
11,2020-12-29,77,2719,2796
11,2020-12-30,65,2898,2963
11,2020-12-31,61,2222,2283
12,2020-01-01,16,3642,3658
12,2020-01-02,83,10002,10085
12,2020-01-03,85,10670,10755
12,2020-01-04,53,10261,10314
12,2020-01-05,19,6300,6319
12,2020-01-06,192,10744,10936
12,2020-01-07,162,10513,10675
12,2020-01-08,165,10619,10784
12,2020-01-09,185,10559,10744
12,2020-01-10,210,11091,11301
12,2020-01-11,100,11147,11247
12,2020-01-12,17,6765,6782
12,2020-01-13,189,10150,10339
12,2020-01-14,219,10448,10667
12,2020-01-15,225,10690,10915
12,2020-01-16,200,10989,11189
12,2020-01-17,215,11008,11223
12,2020-01-18,99,10680,10779
12,2020-01-19,17,6865,6882
12,2020-01-20,230,10434,10664
12,2020-01-21,201,10582,10783
12,2020-01-22,234,10154,10388
12,2020-01-23,214,10434,10648
12,2020-01-24,207,11103,11310
12,2020-01-25,108,10235,10343
12,2020-01-26,18,6587,6605
12,2020-01-27,179,9958,10137
12,2020-01-28,255,10304,10559
12,2020-01-29,201,10820,11021
12,2020-01-30,213,10893,11106
12,2020-01-31,231,11799,12030
12,2020-02-01,73,11432,11505
12,2020-02-02,10,6753,6763
12,2020-02-03,189,12020,12209
12,2020-02-04,281,11737,12018
12,2020-02-05,278,11680,11958
12,2020-02-06,296,11586,11882
12,2020-02-07,261,12581,12842
12,2020-02-08,85,12100,12185
12,2020-02-09,45,6438,6483
12,2020-02-10,154,8648,8802
12,2020-02-11,207,10689,10896
12,2020-02-12,185,10744,10929
12,2020-02-13,175,10909,11084
12,2020-02-14,208,11612,11820
12,2020-02-15,81,10903,10984
12,2020-02-16,14,6884,6898
12,2020-02-17,194,10050,10244
12,2020-02-18,202,10185,10387
12,2020-02-19,163,10058,10221
12,2020-02-20,168,10283,10451
12,2020-02-21,181,10930,11111
12,2020-02-22,85,10373,10458
12,2020-02-23,22,6140,6162
12,2020-02-24,168,10258,10426
12,2020-02-25,169,10355,10524
12,2020-02-26,182,9742,9924
12,2020-02-27,197,9411,9608
12,2020-02-28,229,12303,12532
12,2020-02-29,117,11410,11527
12,2020-03-01,28,6805,6833
12,2020-03-02,192,11173,11365
12,2020-03-03,213,11043,11256
12,2020-03-04,219,12790,13009
12,2020-03-05,189,11771,11960
12,2020-03-06,208,13822,14030
12,2020-03-07,148,12727,12875
12,2020-03-08,35,8127,8162
12,2020-03-09,223,11320,11543
12,2020-03-10,174,10988,11162
12,2020-03-11,196,11525,11721
12,2020-03-12,178,13855,14033
12,2020-03-13,225,13889,14114
12,2020-03-14,99,10051,10150
12,2020-03-15,31,8189,8220
12,2020-03-16,165,6898,7063
12,2020-03-17,158,4558,4716
12,2020-03-18,173,3570,3743
12,2020-03-19,187,3421,3608
12,2020-03-20,208,3882,4090
12,2020-03-21,88,2123,2211
12,2020-03-22,19,1374,1393
12,2020-03-23,266,3842,4108
12,2020-03-24,261,3777,4038
12,2020-03-25,265,3918,4183
12,2020-03-26,275,3964,4239
12,2020-03-27,279,4363,4642
12,2020-03-28,74,2479,2553
12,2020-03-30,224,4315,4539
12,2020-03-31,234,4322,4556
12,2020-04-01,259,4357,4616
12,2020-04-02,235,4342,4577
12,2020-04-03,263,4662,4925
12,2020-04-04,86,2546,2632
12,2020-04-05,19,1749,1768
12,2020-04-06,293,4737,5030
12,2020-04-07,271,4584,4855
12,2020-04-08,282,4766,5048
12,2020-04-09,331,5014,5345
12,2020-04-10,126,4123,4249
12,2020-04-11,61,2895,2956
12,2020-04-12,7,1472,1479
12,2020-04-13,19,1605,1624
12,2020-04-14,298,4980,5278
12,2020-04-15,309,4981,5290
12,2020-04-16,289,5007,5296
12,2020-04-17,310,5075,5385
12,2020-04-18,61,2488,2549
12,2020-04-19,19,1462,1481
12,2020-04-20,321,5028,5349
12,2020-04-21,383,5037,5420
12,2020-04-22,366,4428,4794
12,2020-04-23,365,4572,4937
12,2020-04-24,300,4405,4705
12,2020-04-25,55,2403,2458
12,2020-04-26,9,1552,1561
12,2020-04-27,191,4396,4587
12,2020-04-28,173,4720,4893
12,2020-04-29,184,4507,4691
12,2020-04-30,225,5255,5480
12,2020-05-01,26,1216,1242
12,2020-05-02,49,2837,2886
12,2020-05-03,9,1747,1756
12,2020-05-04,236,5055,5291
12,2020-05-05,210,4993,5203
12,2020-05-06,232,5413,5645
12,2020-05-07,265,5305,5570
12,2020-05-08,183,4966,5149
12,2020-05-09,48,2448,2496
12,2020-05-10,15,2014,2029
12,2020-05-11,238,5924,6162
12,2020-05-12,222,5606,5828
12,2020-05-13,197,5797,5994
12,2020-05-14,241,5919,6160
12,2020-05-15,234,6494,6728
12,2020-05-16,80,6422,6502
12,2020-05-17,23,5041,5064
12,2020-05-18,190,8094,8284
12,2020-05-19,207,8484,8691
12,2020-05-20,221,8505,8726
12,2020-05-21,26,4536,4562
12,2020-05-22,154,8046,8200
12,2020-05-23,81,6451,6532
12,2020-05-24,29,4218,4247
12,2020-05-25,208,7906,8114
12,2020-05-26,201,7726,7927
12,2020-05-27,212,7999,8211
12,2020-05-28,176,8545,8721
12,2020-05-29,209,9255,9464
12,2020-05-30,116,7791,7907
12,2020-05-31,14,5490,5504
12,2020-06-01,20,5529,5549
12,2020-06-02,188,9055,9243
12,2020-06-03,178,8668,8846
12,2020-06-04,223,8329,8552
12,2020-06-05,231,8953,9184
12,2020-06-06,106,7614,7720
12,2020-06-07,22,5070,5092
12,2020-06-08,222,8318,8540
12,2020-06-09,196,8386,8582
12,2020-06-10,203,8680,8883
12,2020-06-11,144,8580,8724
12,2020-06-12,221,9654,9875
12,2020-06-14,19,5307,5326
12,2020-06-15,204,11672,11876
12,2020-06-16,221,12147,12368
12,2020-06-17,195,11493,11688
12,2020-06-18,203,11718,11921
12,2020-06-19,241,11787,12028
12,2020-06-20,119,11498,11617
12,2020-06-21,29,8092,8121
12,2020-06-22,215,10723,10938
12,2020-06-23,134,9489,9623
12,2020-06-24,232,10718,10950
12,2020-06-25,197,10981,11178
12,2020-06-26,225,10852,11077
12,2020-06-27,83,11244,11327
12,2020-06-28,18,7657,7675
12,2020-06-29,192,10373,10565
12,2020-06-30,209,10699,10908
12,2020-07-01,212,11286,11498
12,2020-07-02,190,11279,11469
12,2020-07-03,259,11952,12211
12,2020-07-04,98,11540,11638
12,2020-07-05,37,7314,7351
12,2020-07-06,198,10924,11122
12,2020-07-07,190,11123,11313
12,2020-07-08,178,11000,11178
12,2020-07-09,179,11041,11220
12,2020-07-10,254,11627,11881
12,2020-07-11,105,11631,11736
12,2020-07-12,48,8841,8889
12,2020-07-13,301,12655,12956
12,2020-07-14,165,11989,12154
12,2020-07-15,212,10157,10369
12,2020-07-16,186,9456,9642
12,2020-07-17,187,9770,9957
12,2020-07-18,93,9044,9137
12,2020-07-19,32,7098,7130
12,2020-07-20,166,8820,8986
12,2020-07-21,179,8780,8959
12,2020-07-22,167,8594,8761
12,2020-07-23,150,8941,9091
12,2020-07-24,188,9096,9284
12,2020-07-25,80,8920,9000
12,2020-07-26,27,6744,6771
12,2020-07-27,180,8851,9031
12,2020-07-28,173,9399,9572
12,2020-07-29,159,9857,10016
12,2020-07-30,183,10151,10334
12,2020-07-31,181,9729,9910
12,2020-08-01,75,8888,8963
12,2020-08-02,16,7116,7132
12,2020-08-03,173,9307,9480
12,2020-08-04,156,9438,9594
12,2020-08-05,152,9696,9848
12,2020-08-06,138,9612,9750
12,2020-08-07,168,9578,9746
12,2020-08-08,67,8750,8817
12,2020-08-09,18,6602,6620
12,2020-08-10,161,8746,8907
12,2020-08-11,122,8865,8987
12,2020-08-12,131,8883,9014
12,2020-08-13,132,9522,9654
12,2020-08-14,193,10508,10701
12,2020-08-15,28,8117,8145
12,2020-08-16,27,7463,7490
12,2020-08-17,122,8770,8892
12,2020-08-18,158,9123,9281
12,2020-08-19,157,9118,9275
12,2020-08-20,150,9861,10011
12,2020-08-21,149,10459,10608
12,2020-08-22,58,10151,10209
12,2020-08-23,27,7689,7716
12,2020-08-24,163,9850,10013
12,2020-08-25,185,9860,10045
12,2020-08-26,202,9695,9897
12,2020-08-27,167,10636,10803
12,2020-08-28,216,10913,11129
12,2020-08-29,82,10370,10452
12,2020-08-30,26,7616,7642
12,2020-08-31,222,9641,9863
12,2020-09-01,188,9778,9966
12,2020-09-02,166,10350,10516
12,2020-09-03,168,10566,10734
12,2020-09-04,196,11213,11409
12,2020-09-05,98,10914,11012
12,2020-09-06,22,7768,7790
12,2020-09-07,222,10288,10510
12,2020-09-08,197,10344,10541
12,2020-09-09,209,10203,10412
12,2020-09-10,235,10374,10609
12,2020-09-11,219,11099,11318
12,2020-09-12,66,11003,11069
12,2020-09-13,44,8402,8446
12,2020-09-14,222,10195,10417
12,2020-09-15,213,11226,11439
12,2020-09-16,200,10986,11186
12,2020-09-17,248,11559,11807
12,2020-09-18,230,11720,11950
12,2020-09-19,117,11161,11278
12,2020-09-20,42,8442,8484
12,2020-09-21,235,12420,12655
12,2020-09-22,236,12496,12732
12,2020-09-23,267,12440,12707
12,2020-09-24,279,12561,12840
12,2020-09-25,270,13049,13319
12,2020-09-26,143,11173,11316
12,2020-09-27,33,7708,7741
12,2020-09-28,252,11262,11514
12,2020-09-29,212,10702,10914
12,2020-09-30,256,11170,11426
12,2020-10-01,238,11214,11452
12,2020-10-02,245,12672,12917
12,2020-10-03,89,11465,11554
12,2020-10-04,66,8047,8113
12,2020-10-05,239,12019,12258
12,2020-10-06,247,12140,12387
12,2020-10-07,285,12436,12721
12,2020-10-08,245,12402,12647
12,2020-10-09,230,12637,12867
12,2020-10-10,148,12628,12776
12,2020-10-11,39,8245,8284
12,2020-10-12,256,11786,12042
12,2020-10-13,245,11941,12186
12,2020-10-14,247,12079,12326
12,2020-10-15,245,12633,12878
12,2020-10-16,309,13305,13614
12,2020-10-17,137,11533,11670
12,2020-10-18,42,7881,7923
12,2020-10-19,259,11562,11821
12,2020-10-20,253,11394,11647
12,2020-10-21,291,11432,11723
12,2020-10-22,217,11743,11960
12,2020-10-23,270,12086,12356
12,2020-10-24,117,10907,11024
12,2020-10-25,49,7705,7754
12,2020-10-26,242,11276,11518
12,2020-10-27,240,11678,11918
12,2020-10-28,268,13970,14238
12,2020-10-29,208,14582,14790
12,2020-10-30,281,9856,10137
12,2020-11-01,31,4048,4079
12,2020-11-02,262,8749,9011
12,2020-11-03,267,8978,9245
12,2020-11-04,260,8996,9256
12,2020-11-05,232,9469,9701
12,2020-11-06,271,9998,10269
12,2020-11-07,106,7412,7518
12,2020-11-08,25,4584,4609
12,2020-11-09,268,9146,9414
12,2020-11-10,299,9371,9670
12,2020-11-11,165,8933,9098
12,2020-11-12,269,9587,9856
12,2020-11-13,225,10150,10375
12,2020-11-14,116,8072,8188
12,2020-11-15,37,4778,4815
12,2020-11-16,247,9472,9719
12,2020-11-17,259,9719,9978
12,2020-11-18,269,9773,10042
12,2020-11-19,269,9910,10179
12,2020-11-20,265,10532,10797
12,2020-11-21,127,8367,8494
12,2020-11-22,33,4651,4684
12,2020-11-23,246,9445,9691
12,2020-11-24,240,9620,9860
12,2020-11-25,280,9739,10019
12,2020-11-26,241,9275,9516
12,2020-11-27,283,9436,9719
12,2020-11-28,125,7774,7899
12,2020-11-29,35,4417,4452
12,2020-11-30,223,9020,9243
12,2020-12-01,227,8392,8619
12,2020-12-02,220,8794,9014
12,2020-12-03,227,8706,8933
12,2020-12-04,217,9432,9649
12,2020-12-05,130,8140,8270
12,2020-12-06,38,4645,4683
12,2020-12-07,251,8424,8675
12,2020-12-08,241,8492,8733
12,2020-12-09,231,8668,8899
12,2020-12-10,216,9024,9240
12,2020-12-11,245,9193,9438
12,2020-12-12,116,8105,8221
12,2020-12-13,29,4642,4671
12,2020-12-14,213,9842,10055
12,2020-12-15,193,10928,11121
12,2020-12-16,234,9018,9252
12,2020-12-17,207,9033,9240
12,2020-12-18,206,9338,9544
12,2020-12-19,105,8228,8333
12,2020-12-20,25,4936,4961
12,2020-12-21,144,8883,9027
12,2020-12-22,111,9073,9184
12,2020-12-23,144,9236,9380
12,2020-12-24,79,6702,6781
12,2020-12-25,18,2897,2915
12,2020-12-26,27,4078,4105
12,2020-12-27,50,4890,4940
12,2020-12-28,98,7089,7187
12,2020-12-29,85,7456,7541
12,2020-12-30,107,8265,8372
12,2020-12-31,82,6303,6385
15,2020-01-01,7,4727,4734
15,2020-01-02,14,10563,10577
15,2020-01-03,24,11643,11667
15,2020-01-04,32,10128,10160
15,2020-01-05,16,9459,9475
15,2020-01-06,27,13638,13665
15,2020-01-07,46,13802,13848
15,2020-01-08,29,13389,13418
15,2020-01-09,39,13696,13735
15,2020-01-10,33,14737,14770
15,2020-01-11,18,11065,11083
15,2020-01-12,15,9832,9847
15,2020-01-13,54,14390,14444
15,2020-01-14,59,13724,13783
15,2020-01-15,89,13990,14079
15,2020-01-16,70,14465,14535
15,2020-01-17,74,14673,14747
15,2020-01-18,20,11066,11086
15,2020-01-19,14,9977,9991
15,2020-01-20,61,13633,13694
15,2020-01-21,105,15107,15212
15,2020-01-22,87,14373,14460
15,2020-01-23,81,13933,14014
15,2020-01-24,86,14900,14986
15,2020-01-25,38,10805,10843
15,2020-01-26,8,9659,9667
15,2020-01-27,83,13158,13241
15,2020-01-28,66,13628,13694
15,2020-01-29,95,14185,14280
15,2020-01-30,100,14498,14598
15,2020-01-31,97,15244,15341
15,2020-02-01,15,11491,11506
15,2020-02-02,6,10111,10117
15,2020-02-03,52,13980,14032
15,2020-02-04,78,14239,14317
15,2020-02-05,122,15272,15394
15,2020-02-06,107,15950,16057
15,2020-02-07,98,15290,15388
15,2020-02-08,28,12073,12101
15,2020-02-09,8,9749,9757
15,2020-02-10,54,11342,11396
15,2020-02-11,75,13485,13560
15,2020-02-12,83,14390,14473
15,2020-02-13,70,14203,14273
15,2020-02-14,73,15755,15828
15,2020-02-15,28,11446,11474
15,2020-02-16,14,10022,10036
15,2020-02-17,59,13055,13114
15,2020-02-18,84,12428,12512
15,2020-02-19,87,12988,13075
15,2020-02-20,108,13808,13916
15,2020-02-21,101,15282,15383
15,2020-02-22,35,11013,11048
15,2020-02-23,11,9122,9133
15,2020-02-24,74,12314,12388
15,2020-02-25,64,13255,13319
15,2020-02-26,84,13575,13659
15,2020-02-27,57,11591,11648
15,2020-02-28,71,15185,15256
15,2020-02-29,24,11626,11650
15,2020-03-01,13,10484,10497
15,2020-03-02,46,14312,14358
15,2020-03-03,71,14749,14820
15,2020-03-04,77,14312,14389
15,2020-03-05,68,15087,15155
15,2020-03-06,58,15684,15742
15,2020-03-07,41,12217,12258
15,2020-03-08,9,10341,10350
15,2020-03-09,69,14050,14119
15,2020-03-10,65,13770,13835
15,2020-03-11,69,15194,15263
15,2020-03-12,68,15554,15622
15,2020-03-13,71,17323,17394
15,2020-03-14,31,12472,12503
15,2020-03-15,8,11058,11066
15,2020-03-16,80,13553,13633
15,2020-03-17,43,8215,8258
15,2020-03-18,40,3473,3513
15,2020-03-19,20,2935,2955
15,2020-03-20,30,2823,2853
15,2020-03-21,5,1322,1327
15,2020-03-22,4,850,854
15,2020-03-23,12,2355,2367
15,2020-03-24,16,2135,2151
15,2020-03-25,21,2085,2106
15,2020-03-26,16,2241,2257
15,2020-03-27,19,2464,2483
15,2020-03-28,4,1465,1469
15,2020-03-30,22,2436,2458
15,2020-03-31,24,2311,2335
15,2020-04-01,19,2557,2576
15,2020-04-02,9,2415,2424
15,2020-04-03,12,2642,2654
15,2020-04-04,5,1633,1638
15,2020-04-05,2,1064,1066
15,2020-04-06,9,2617,2626
15,2020-04-07,9,2423,2432
15,2020-04-08,19,2665,2684
15,2020-04-09,7,2540,2547
15,2020-04-10,15,2480,2495
15,2020-04-11,4,1598,1602
15,2020-04-12,0,858,858
15,2020-04-13,5,914,919
15,2020-04-14,15,2856,2871
15,2020-04-15,25,2725,2750
15,2020-04-16,19,2727,2746
15,2020-04-18,2,1842,1844
15,2020-04-19,2,1169,1171
15,2020-04-20,46,3508,3554
15,2020-04-21,45,3466,3511
15,2020-04-22,39,3587,3626
15,2020-04-23,43,3678,3721
15,2020-04-24,36,3892,3928
15,2020-04-25,21,2149,2170
15,2020-04-26,7,1259,1266
15,2020-04-27,71,4858,4929
15,2020-04-28,50,4353,4403
15,2020-04-29,62,3994,4056
15,2020-04-30,43,4403,4446
15,2020-05-01,4,1299,1303
15,2020-05-02,34,2360,2394
15,2020-05-03,1,1299,1300
15,2020-05-04,59,4319,4378
15,2020-05-05,52,4489,4541
15,2020-05-06,60,4475,4535
15,2020-05-07,77,4657,4734
15,2020-05-08,47,4499,4546
15,2020-05-09,3,2153,2156
15,2020-05-10,4,1688,1692
15,2020-05-11,64,6069,6133
15,2020-05-12,66,5991,6057
15,2020-05-13,63,5827,5890
15,2020-05-14,49,5967,6016
15,2020-05-15,55,6479,6534
15,2020-05-16,65,4354,4419
15,2020-05-17,4,2967,2971
15,2020-05-18,52,6552,6604
15,2020-05-19,57,6294,6351
15,2020-05-20,76,6747,6823
15,2020-05-21,16,3004,3020
15,2020-05-22,50,5968,6018
15,2020-05-23,18,4107,4125
15,2020-05-24,7,3175,3182
15,2020-05-25,58,6558,6616
15,2020-05-26,57,6748,6805
15,2020-05-27,75,6907,6982
15,2020-05-28,73,7340,7413
15,2020-05-29,103,7666,7769
15,2020-05-30,32,5234,5266
15,2020-05-31,7,4098,4105
15,2020-06-01,6,3835,3841
15,2020-06-02,82,7976,8058
15,2020-06-03,68,8077,8145
15,2020-06-04,96,8261,8357
15,2020-06-05,53,8766,8819
15,2020-06-06,42,6173,6215
15,2020-06-07,6,4714,4720
15,2020-06-08,54,7767,7821
15,2020-06-09,71,7720,7791
15,2020-06-10,73,7905,7978
15,2020-06-11,54,8057,8111
15,2020-06-12,66,9207,9273
15,2020-06-13,44,7783,7827
15,2020-06-14,13,5709,5722
15,2020-06-15,83,13753,13836
15,2020-06-16,77,13741,13818
15,2020-06-17,78,12806,12884
15,2020-06-18,73,13059,13132
15,2020-06-19,106,14601,14707
15,2020-06-20,110,14996,15106
15,2020-06-21,22,11000,11022
15,2020-06-22,59,9915,9974
15,2020-06-23,27,7881,7908
15,2020-06-24,67,11430,11497
15,2020-06-25,59,11640,11699
15,2020-06-26,73,12430,12503
15,2020-06-27,30,10559,10589
15,2020-06-28,13,9242,9255
15,2020-06-29,69,11143,11212
15,2020-06-30,81,12220,12301
15,2020-07-01,93,12403,12496
15,2020-07-02,84,12905,12989
15,2020-07-03,98,13620,13718
15,2020-07-04,37,10542,10579
15,2020-07-05,13,8931,8944
15,2020-07-06,79,11936,12015
15,2020-07-07,92,12679,12771
15,2020-07-08,88,12085,12173
15,2020-07-09,88,12588,12676
15,2020-07-10,75,13247,13322
15,2020-07-11,25,10357,10382
15,2020-07-12,14,8938,8952
15,2020-07-13,62,11600,11662
15,2020-07-14,61,11893,11954
15,2020-07-15,77,11842,11919
15,2020-07-16,68,12295,12363
15,2020-07-17,90,13150,13240
15,2020-07-18,30,10091,10121
15,2020-07-19,13,8663,8676
15,2020-07-20,67,11181,11248
15,2020-07-21,59,11304,11363
15,2020-07-22,91,11246,11337
15,2020-07-23,87,11627,11714
15,2020-07-24,92,12390,12482
15,2020-07-25,36,9740,9776
15,2020-07-26,15,8845,8860
15,2020-07-27,72,10694,10766
15,2020-07-28,91,11167,11258
15,2020-07-29,90,12249,12339
15,2020-07-30,85,12534,12619
15,2020-07-31,42,12142,12184
15,2020-08-01,22,9351,9373
15,2020-08-02,20,8838,8858
15,2020-08-03,46,10349,10395
15,2020-08-04,37,10528,10565
15,2020-08-05,44,10630,10674
15,2020-08-06,37,10730,10767
15,2020-08-07,37,10762,10799
15,2020-08-08,13,8650,8663
15,2020-08-09,10,7724,7734
15,2020-08-10,25,9501,9526
15,2020-08-11,23,9508,9531
15,2020-08-12,41,9809,9850
15,2020-08-13,28,10260,10288
15,2020-08-14,36,10735,10771
15,2020-08-15,17,8312,8329
15,2020-08-16,8,8541,8549
15,2020-08-17,26,9640,9666
15,2020-08-18,32,9899,9931
15,2020-08-19,33,10213,10246
15,2020-08-20,37,10216,10253
15,2020-08-21,34,10844,10878
15,2020-08-22,51,10265,10316
15,2020-08-23,9,8741,8750
15,2020-08-24,74,10298,10372
15,2020-08-25,66,10662,10728
15,2020-08-26,87,10756,10843
15,2020-08-27,67,11495,11562
15,2020-08-28,58,12162,12220
15,2020-08-29,23,10160,10183
15,2020-08-30,16,9346,9362
15,2020-08-31,51,11140,11191
15,2020-09-01,64,11194,11258
15,2020-09-02,74,11598,11672
15,2020-09-03,65,11874,11939
15,2020-09-04,63,12687,12750
15,2020-09-05,38,10520,10558
15,2020-09-06,16,9715,9731
15,2020-09-07,62,11196,11258
15,2020-09-08,66,11614,11680
15,2020-09-09,77,11739,11816
15,2020-09-10,71,12101,12172
15,2020-09-11,89,12829,12918
15,2020-09-12,34,11739,11773
15,2020-09-13,14,9938,9952
15,2020-09-14,63,11050,11113
15,2020-09-15,82,11920,12002
15,2020-09-16,99,11944,12043
15,2020-09-17,74,12476,12550
15,2020-09-18,67,13034,13101
15,2020-09-19,36,11168,11204
15,2020-09-20,21,9760,9781
15,2020-09-21,64,11950,12014
15,2020-09-22,60,12441,12501
15,2020-09-23,85,12217,12302
15,2020-09-24,80,12312,12392
15,2020-09-25,71,12880,12951
15,2020-09-26,23,10349,10372
15,2020-09-27,7,8651,8658
15,2020-09-28,76,13153,13229
15,2020-09-29,72,12799,12871
15,2020-09-30,69,12865,12934
15,2020-10-01,65,13400,13465
15,2020-10-02,57,13821,13878
15,2020-10-03,22,10755,10777
15,2020-10-04,12,8966,8978
15,2020-10-05,53,12374,12427
15,2020-10-06,76,13201,13277
15,2020-10-07,75,12944,13019
15,2020-10-08,68,13082,13150
15,2020-10-09,68,14409,14477
15,2020-10-10,23,11038,11061
15,2020-10-11,12,9369,9381
15,2020-10-12,63,11948,12011
15,2020-10-13,75,12398,12473
15,2020-10-14,89,12147,12236
15,2020-10-15,60,12527,12587
15,2020-10-16,126,14138,14264
15,2020-10-17,31,10957,10988
15,2020-10-18,14,9141,9155
15,2020-10-19,65,10930,10995
15,2020-10-20,123,12345,12468
15,2020-10-21,91,11450,11541
15,2020-10-22,76,11597,11673
15,2020-10-23,72,12518,12590
15,2020-10-24,20,10051,10071
15,2020-10-25,10,8826,8836
15,2020-10-26,58,10845,10903
15,2020-10-27,61,11542,11603
15,2020-10-28,47,13948,13995
15,2020-10-29,68,11797,11865
15,2020-10-30,61,7194,7255
15,2020-11-01,9,2611,2620
15,2020-11-02,58,6795,6853
15,2020-11-03,92,7234,7326
15,2020-11-04,84,6973,7057
15,2020-11-05,77,7375,7452
15,2020-11-06,79,7869,7948
15,2020-11-07,26,4594,4620
15,2020-11-08,8,2937,2945
15,2020-11-09,76,7308,7384
15,2020-11-10,84,8260,8344
15,2020-11-11,51,7587,7638
15,2020-11-12,70,7507,7577
15,2020-11-13,56,8023,8079
15,2020-11-14,22,4774,4796
15,2020-11-15,11,2962,2973
15,2020-11-16,42,7728,7770
15,2020-11-17,116,7804,7920
15,2020-11-18,79,7901,7980
15,2020-11-19,67,8401,8468
15,2020-11-20,76,8317,8393
15,2020-11-21,15,4668,4683
15,2020-11-22,6,3094,3100
15,2020-11-23,74,8493,8567
15,2020-11-24,91,8042,8133
15,2020-11-25,74,8234,8308
15,2020-11-26,80,8212,8292
15,2020-11-27,64,8563,8627
15,2020-11-28,12,5474,5486
15,2020-11-29,8,4211,4219
15,2020-11-30,80,8605,8685
15,2020-12-02,63,8553,8616
15,2020-12-03,53,8850,8903
15,2020-12-04,73,9696,9769
15,2020-12-05,24,6173,6197
15,2020-12-06,7,4545,4552
15,2020-12-07,60,8501,8561
15,2020-12-08,67,9024,9091
15,2020-12-09,83,8793,8876
15,2020-12-10,53,8934,8987
15,2020-12-11,53,9337,9390
15,2020-12-12,22,5833,5855
15,2020-12-13,4,4495,4499
15,2020-12-14,61,9303,9364
15,2020-12-15,56,11648,11704
15,2020-12-16,80,13159,13239
15,2020-12-17,69,11333,11402
15,2020-12-18,57,11204,11261
15,2020-12-19,15,8831,8846
15,2020-12-20,13,7362,7375
15,2020-12-21,31,9488,9519
15,2020-12-22,31,9951,9982
15,2020-12-23,34,10135,10169
15,2020-12-24,8,8075,8083
15,2020-12-25,7,3480,3487
15,2020-12-26,12,5783,5795
15,2020-12-27,1,5317,5318
15,2020-12-28,15,7428,7443
15,2020-12-29,31,8237,8268
15,2020-12-30,20,8558,8578
15,2020-12-31,15,7112,7127
16,2020-01-01,27,6512,6539
16,2020-01-02,121,10969,11090
16,2020-01-03,118,11361,11479
16,2020-01-04,94,11778,11872
16,2020-01-05,32,9069,9101
16,2020-01-06,150,14321,14471
16,2020-01-07,157,14229,14386
16,2020-01-08,112,10965,11077
16,2020-01-09,131,13056,13187
16,2020-01-10,136,14684,14820
16,2020-01-11,112,13371,13483
16,2020-01-12,29,9437,9466
16,2020-01-13,134,12459,12593
16,2020-01-14,175,14673,14848
16,2020-01-15,180,14246,14426
16,2020-01-22,204,14683,14887
16,2020-01-23,202,14476,14678
16,2020-01-24,230,14758,14988
16,2020-01-25,105,13354,13459
16,2020-01-26,25,10392,10417
16,2020-01-27,125,13313,13438
16,2020-01-28,159,13954,14113
16,2020-01-29,203,15043,15246
16,2020-01-30,189,14680,14869
16,2020-01-31,142,14508,14650
16,2020-02-01,93,12899,12992
16,2020-02-02,19,9926,9945
16,2020-02-03,166,13618,13784
16,2020-02-04,169,14994,15163
16,2020-02-05,221,15180,15401
16,2020-02-06,192,15380,15572
16,2020-02-07,214,16325,16539
16,2020-02-08,130,14388,14518
16,2020-02-09,34,9614,9648
16,2020-02-10,167,13460,13627
16,2020-02-11,200,15267,15467
16,2020-02-12,166,14654,14820
16,2020-02-13,170,15014,15184
16,2020-02-14,172,16562,16734
16,2020-02-15,143,14529,14672
16,2020-02-16,24,10322,10346
16,2020-02-17,171,13928,14099
16,2020-02-18,190,13883,14073
16,2020-02-19,179,13860,14039
16,2020-02-20,171,14219,14390
16,2020-02-21,199,15191,15390
16,2020-02-22,143,13154,13297
16,2020-02-23,11,8893,8904
16,2020-02-24,143,13918,14061
16,2020-02-25,139,14127,14266
16,2020-02-26,161,14047,14208
16,2020-02-27,142,11658,11800
16,2020-02-28,179,16177,16356
16,2020-02-29,109,13653,13762
16,2020-03-01,23,10267,10290
16,2020-03-02,161,14370,14531
16,2020-03-03,230,15458,15688
16,2020-03-04,183,15186,15369
16,2020-03-05,138,14445,14583
16,2020-03-06,168,16119,16287
16,2020-03-07,131,14970,15101
16,2020-03-08,23,10492,10515
16,2020-03-09,157,14547,14704
16,2020-03-10,136,13704,13840
16,2020-03-11,175,15232,15407
16,2020-03-12,147,15048,15195
16,2020-03-13,251,17236,17487
16,2020-03-14,123,13803,13926
16,2020-03-15,39,10845,10884
16,2020-03-16,200,15277,15477
16,2020-03-17,193,10795,10988
16,2020-03-18,154,5842,5996
16,2020-03-19,139,4782,4921
16,2020-03-20,126,4650,4776
16,2020-03-21,67,2389,2456
16,2020-03-22,6,1566,1572
16,2020-03-23,101,3810,3911
16,2020-03-24,103,3327,3430
16,2020-03-25,102,3315,3417
16,2020-03-26,96,3379,3475
16,2020-03-27,94,3700,3794
16,2020-03-28,62,2365,2427
16,2020-03-30,108,3554,3662
16,2020-03-31,105,3448,3553
16,2020-04-01,106,3414,3520
16,2020-04-02,101,3466,3567
16,2020-04-03,115,3508,3623
16,2020-04-04,63,2504,2567
16,2020-04-05,6,1509,1515
16,2020-04-06,101,3626,3727
16,2020-04-07,110,3526,3636
16,2020-04-08,102,3428,3530
16,2020-04-09,110,3496,3606
16,2020-04-10,99,3436,3535
16,2020-04-11,69,2128,2197
16,2020-04-12,4,1402,1406
16,2020-04-13,3,1586,1589
16,2020-04-14,107,3897,4004
16,2020-04-15,118,3637,3755
16,2020-04-16,121,3661,3782
16,2020-04-17,113,3964,4077
16,2020-04-18,75,2750,2825
16,2020-04-19,2,1776,1778
16,2020-04-20,135,4684,4819
16,2020-04-21,131,4916,5047
16,2020-04-22,157,4986,5143
16,2020-04-23,140,5048,5188
16,2020-04-24,123,5348,5471
16,2020-04-25,81,3439,3520
16,2020-04-26,7,2046,2053
16,2020-04-27,146,5540,5686
16,2020-04-28,150,5361,5511
16,2020-04-29,156,5410,5566
16,2020-04-30,122,5544,5666
16,2020-05-01,13,2204,2217
16,2020-05-02,84,3320,3404
16,2020-05-03,8,2169,2177
16,2020-05-04,152,5639,5791
16,2020-05-05,172,5634,5806
16,2020-05-06,161,5641,5802
16,2020-05-07,169,5777,5946
16,2020-05-08,152,5840,5992
16,2020-05-09,16,3357,3373
16,2020-05-10,7,2407,2414
16,2020-05-11,140,7443,7583
16,2020-05-12,173,7447,7620
16,2020-05-13,167,7398,7565
16,2020-05-14,182,7670,7852
16,2020-05-15,187,7832,8019
16,2020-05-16,118,5683,5801
16,2020-05-17,14,3869,3883
16,2020-05-18,171,7744,7915
16,2020-05-19,167,7928,8095
16,2020-05-20,182,8610,8792
16,2020-05-21,27,4242,4269
16,2020-05-22,170,7670,7840
16,2020-05-23,99,5749,5848
16,2020-05-24,16,3892,3908
16,2020-05-25,178,8729,8907
16,2020-05-26,181,8858,9039
16,2020-05-27,180,8757,8937
16,2020-05-28,192,9270,9462
16,2020-05-29,186,9923,10109
16,2020-05-30,116,7449,7565
16,2020-05-31,28,5524,5552
16,2020-06-01,26,5409,5435
16,2020-06-02,198,9864,10062
16,2020-06-03,181,9962,10143
16,2020-06-04,154,10408,10562
16,2020-06-05,182,10671,10853
16,2020-06-06,101,8445,8546
16,2020-06-07,24,6368,6392
16,2020-06-08,174,10095,10269
16,2020-06-09,195,10137,10332
16,2020-06-10,165,10234,10399
16,2020-06-11,182,10359,10541
16,2020-06-12,200,10727,10927
16,2020-06-13,114,9016,9130
16,2020-06-14,29,6721,6750
16,2020-06-15,198,12588,12786
16,2020-06-16,194,12612,12806
16,2020-06-17,175,13500,13675
16,2020-06-18,177,14174,14351
16,2020-06-19,223,14835,15058
16,2020-06-20,133,13842,13975
16,2020-06-21,32,10427,10459
16,2020-06-22,155,13038,13193
16,2020-06-23,40,10096,10136
16,2020-06-24,199,13607,13806
16,2020-06-25,183,13717,13900
16,2020-06-26,195,14208,14403
16,2020-06-27,118,12813,12931
16,2020-06-28,24,9427,9451
16,2020-06-29,187,13560,13747
16,2020-06-30,209,13939,14148
16,2020-07-01,223,13894,14117
16,2020-07-02,176,14419,14595
16,2020-07-03,179,15096,15275
16,2020-07-04,133,13276,13409
16,2020-07-05,37,9704,9741
16,2020-07-06,193,13595,13788
16,2020-07-07,194,14066,14260
16,2020-07-08,207,13460,13667
16,2020-07-09,204,13885,14089
16,2020-07-10,220,15032,15252
16,2020-07-11,145,13501,13646
16,2020-07-12,23,10380,10403
16,2020-07-13,186,13910,14096
16,2020-07-14,184,13667,13851
16,2020-07-15,178,13330,13508
16,2020-07-16,199,13383,13582
16,2020-07-17,218,13975,14193
16,2020-07-18,136,13123,13259
16,2020-07-19,22,9578,9600
16,2020-07-20,190,12584,12774
16,2020-07-21,185,13176,13361
16,2020-07-22,194,12831,13025
16,2020-07-23,190,13114,13304
16,2020-07-24,232,14076,14308
16,2020-07-25,147,12400,12547
16,2020-07-26,25,9433,9458
16,2020-07-27,191,12864,13055
16,2020-07-28,188,13227,13415
16,2020-07-29,195,13782,13977
16,2020-07-30,188,14154,14342
16,2020-07-31,160,13906,14066
16,2020-08-01,100,11093,11193
16,2020-08-02,16,8866,8882
16,2020-08-03,155,11611,11766
16,2020-08-04,159,11777,11936
16,2020-08-05,175,11808,11983
16,2020-08-06,163,11822,11985
16,2020-08-07,143,11911,12054
16,2020-08-08,95,10066,10161
16,2020-08-09,25,7905,7930
16,2020-08-10,148,10728,10876
16,2020-08-11,128,11105,11233
16,2020-08-12,146,10704,10850
16,2020-08-13,156,11237,11393
16,2020-08-14,149,12180,12329
16,2020-08-15,33,9129,9162
16,2020-08-16,24,8298,8322
16,2020-08-17,123,11176,11299
16,2020-08-18,157,10828,10985
16,2020-08-19,163,10960,11123
16,2020-08-20,145,11183,11328
16,2020-08-21,170,11901,12071
16,2020-08-22,119,10973,11092
16,2020-08-23,36,8843,8879
16,2020-08-24,176,11378,11554
16,2020-08-25,162,11765,11927
16,2020-08-26,178,11797,11975
16,2020-08-27,174,12219,12393
16,2020-08-28,195,12721,12916
16,2020-08-29,117,11879,11996
16,2020-08-30,29,9384,9413
16,2020-08-31,185,12127,12312
16,2020-09-01,179,12511,12690
16,2020-09-02,163,13003,13166
16,2020-09-03,203,13070,13273
16,2020-09-04,203,14111,14314
16,2020-09-05,123,12852,12975
16,2020-09-06,19,9927,9946
16,2020-09-07,189,13207,13396
16,2020-09-08,183,13453,13636
16,2020-09-09,217,13201,13418
16,2020-09-10,205,13431,13636
16,2020-09-11,171,14516,14687
16,2020-09-12,124,14064,14188
16,2020-09-13,34,10747,10781
16,2020-09-14,185,13520,13705
16,2020-09-15,197,13898,14095
16,2020-09-16,196,13523,13719
16,2020-09-17,200,13963,14163
16,2020-09-18,211,14911,15122
16,2020-09-19,120,13224,13344
16,2020-09-20,31,10322,10353
16,2020-09-21,187,13465,13652
16,2020-09-22,201,13793,13994
16,2020-09-23,215,13758,13973
16,2020-09-24,180,13792,13972
16,2020-09-25,175,14460,14635
16,2020-09-26,92,12425,12517
16,2020-09-27,35,8623,8658
16,2020-09-28,158,13506,13664
16,2020-09-29,156,13723,13879
16,2020-09-30,185,13995,14180
16,2020-10-01,197,14084,14281
16,2020-10-02,166,14669,14835
16,2020-10-03,78,12884,12962
16,2020-10-04,25,8987,9012
16,2020-10-05,144,12246,12390
16,2020-10-06,146,12974,13120
16,2020-10-07,164,13472,13636
16,2020-10-08,263,12442,12705
16,2020-10-09,125,14089,14214
16,2020-10-10,73,13893,13966
16,2020-10-11,25,9996,10021
16,2020-10-12,179,13635,13814
16,2020-10-13,183,14194,14377
16,2020-10-14,179,13482,13661
16,2020-10-15,171,13755,13926
16,2020-10-16,217,14847,15064
16,2020-10-17,106,13041,13147
16,2020-10-18,31,9523,9554
16,2020-10-19,180,13405,13585
16,2020-10-20,208,13876,14084
16,2020-10-21,163,13475,13638
16,2020-10-22,154,13795,13949
16,2020-10-23,146,14350,14496
16,2020-10-24,86,12105,12191
16,2020-10-25,20,8509,8529
16,2020-10-26,160,13670,13830
16,2020-10-27,189,12976,13165
16,2020-10-28,137,14832,14969
16,2020-10-29,152,11556,11708
16,2020-10-30,151,10354,10505
16,2020-11-01,8,4060,4068
16,2020-11-02,158,9704,9862
16,2020-11-03,166,10294,10460
16,2020-11-04,189,10365,10554
16,2020-11-05,165,10238,10403
16,2020-11-06,187,10980,11167
16,2020-11-07,84,7774,7858
16,2020-11-08,23,5042,5065
16,2020-11-09,167,10447,10614
16,2020-11-10,206,11119,11325
16,2020-11-11,162,10268,10430
16,2020-11-12,172,10729,10901
16,2020-11-13,155,11571,11726
16,2020-11-14,86,7979,8065
16,2020-11-15,15,4832,4847
16,2020-11-16,145,10706,10851
16,2020-11-17,165,10935,11100
16,2020-11-18,185,11033,11218
16,2020-11-19,155,11067,11222
16,2020-11-20,163,11792,11955
16,2020-11-21,88,8784,8872
16,2020-11-22,18,5320,5338
16,2020-11-23,156,10880,11036
16,2020-11-24,171,11021,11192
16,2020-11-25,175,11249,11424
16,2020-11-26,199,11061,11260
16,2020-11-27,180,11996,12176
16,2020-11-28,90,8566,8656
16,2020-11-29,23,5427,5450
16,2020-11-30,185,10748,10933
16,2020-12-01,151,10420,10571
16,2020-12-02,184,10503,10687
16,2020-12-03,145,10303,10448
16,2020-12-04,159,11786,11945
16,2020-12-05,88,8873,8961
16,2020-12-06,24,5783,5807
16,2020-12-07,174,10895,11069
16,2020-12-08,145,10635,10780
16,2020-12-09,184,10878,11062
16,2020-12-10,180,11109,11289
16,2020-12-11,129,11228,11357
16,2020-12-12,73,9167,9240
16,2020-12-13,21,5937,5958
16,2020-12-14,179,11073,11252
16,2020-12-15,149,11006,11155
16,2020-12-16,180,13309,13489
16,2020-12-17,185,12934,13119
16,2020-12-18,178,14027,14205
16,2020-12-19,66,11236,11302
16,2020-12-20,22,7511,7533
16,2020-12-21,117,11157,11274
16,2020-12-22,98,10434,10532
16,2020-12-23,99,10521,10620
16,2020-12-24,103,10424,10527
16,2020-12-25,14,4724,4738
16,2020-12-26,18,6492,6510
16,2020-12-27,9,4154,4163
16,2020-12-28,126,8591,8717
16,2020-12-29,127,9551,9678
16,2020-12-30,132,9908,10040
16,2020-12-31,106,8133,8239
18,2020-01-01,111,5121,5232
18,2020-01-02,880,8931,9811
18,2020-01-03,1060,9895,10955
18,2020-01-04,824,10969,11793
18,2020-01-05,174,7991,8165
18,2020-01-06,1546,9956,11502
18,2020-01-07,1425,9581,11006
18,2020-01-08,1496,9220,10716
18,2020-01-09,1580,9043,10623
18,2020-01-10,1528,10226,11754
18,2020-01-11,1017,11509,12526
18,2020-01-12,216,7821,8037
18,2020-01-13,1594,9756,11350
18,2020-01-14,1706,9734,11440
18,2020-01-15,1818,9455,11273
18,2020-01-16,1954,9825,11779
18,2020-01-17,1333,9084,10417
18,2020-01-18,1051,10907,11958
18,2020-01-19,233,7798,8031
18,2020-01-20,1678,9273,10951
18,2020-01-21,1850,9267,11117
18,2020-01-22,1853,9039,10892
18,2020-01-23,2032,9845,11877
18,2020-01-24,1744,10442,12186
18,2020-01-25,1089,10092,11181
18,2020-01-26,234,8227,8461
18,2020-01-27,1592,8323,9915
18,2020-01-28,1912,9154,11066
18,2020-01-29,1991,10169,12160
18,2020-01-30,1938,10030,11968
18,2020-01-31,1749,11483,13232
18,2020-02-01,993,11013,12006
18,2020-02-02,186,7593,7779
18,2020-02-03,1676,8727,10403
18,2020-02-04,1835,9835,11670
18,2020-02-05,2083,10026,12109
18,2020-02-06,1986,10273,12259
18,2020-02-07,1726,11696,13422
18,2020-02-08,1136,11699,12835
18,2020-02-09,214,7260,7474
18,2020-02-11,1854,9592,11446
18,2020-02-12,1917,9249,11166
18,2020-02-13,1888,10068,11956
18,2020-02-14,1855,12847,14702
18,2020-02-15,1098,11651,12749
18,2020-02-16,195,8203,8398
18,2020-02-17,1653,9867,11520
18,2020-02-18,1956,10038,11994
18,2020-02-19,2033,10152,12185
18,2020-02-20,1856,10125,11981
18,2020-02-21,1789,11903,13692
18,2020-02-22,1141,11816,12957
18,2020-02-23,212,7470,7682
18,2020-02-24,1523,8882,10405
18,2020-02-25,1765,9879,11644
18,2020-02-26,1835,9146,10981
18,2020-02-27,1631,7838,9469
18,2020-02-28,1732,11465,13197
18,2020-02-29,1092,12045,13137
18,2020-03-01,227,8151,8378
18,2020-03-02,1715,9759,11474
18,2020-03-03,1812,9313,11125
18,2020-03-04,1915,10154,12069
18,2020-03-05,1762,9531,11293
18,2020-03-06,1802,11679,13481
18,2020-03-07,1132,12085,13217
18,2020-03-08,235,8334,8569
18,2020-03-09,1726,9977,11703
18,2020-03-10,1785,9069,10854
18,2020-03-11,1936,10994,12930
18,2020-03-12,1927,10453,12380
18,2020-03-13,1785,12787,14572
18,2020-03-14,1024,10057,11081
18,2020-03-15,225,7605,7830
18,2020-03-16,1679,10121,11800
18,2020-03-17,1952,8601,10553
18,2020-03-18,1695,5503,7198
18,2020-03-19,1640,3538,5178
18,2020-03-20,1468,3774,5242
18,2020-03-21,814,2199,3013
18,2020-03-22,144,1537,1681
18,2020-03-23,1313,2856,4169
18,2020-03-24,1389,2406,3795
18,2020-03-25,1484,2965,4449
18,2020-03-26,1316,2996,4312
18,2020-03-27,1403,3492,4895
18,2020-03-28,674,2386,3060
18,2020-03-30,1159,3108,4267
18,2020-03-31,1412,3187,4599
18,2020-04-01,1320,3024,4344
18,2020-04-02,1363,3162,4525
18,2020-04-03,1249,3693,4942
18,2020-04-04,658,2372,3030
18,2020-04-05,137,1707,1844
18,2020-04-06,1214,3322,4536
18,2020-04-07,1340,3182,4522
18,2020-04-08,1407,3053,4460
18,2020-04-09,1281,3088,4369
18,2020-04-10,1114,3211,4325
18,2020-04-11,526,2341,2867
18,2020-04-12,73,1483,1556
18,2020-04-13,289,1805,2094
18,2020-04-14,1200,3720,4920
18,2020-04-15,1367,3178,4545
18,2020-04-16,1414,3219,4633
18,2020-04-17,1390,3899,5289
18,2020-04-18,724,2613,3337
18,2020-04-19,190,1942,2132
18,2020-04-20,1216,3840,5056
18,2020-04-21,1422,3857,5279
18,2020-04-22,1613,4177,5790
18,2020-04-23,1459,4213,5672
18,2020-04-24,1496,5121,6617
18,2020-04-25,692,3258,3950
18,2020-04-26,170,2345,2515
18,2020-04-27,1356,4568,5924
18,2020-04-28,1548,4373,5921
18,2020-04-29,1541,4169,5710
18,2020-04-30,1592,5201,6793
18,2020-05-01,617,2288,2905
18,2020-05-02,704,3439,4143
18,2020-05-03,148,2227,2375
18,2020-05-04,1492,4909,6401
18,2020-05-05,1709,4912,6621
18,2020-05-06,1756,4958,6714
18,2020-05-07,1652,4983,6635
18,2020-05-08,1137,5258,6395
18,2020-05-09,705,3613,4318
18,2020-05-10,167,2841,3008
18,2020-05-11,1365,5301,6666
18,2020-05-12,1782,5847,7629
18,2020-05-13,1680,5405,7085
18,2020-05-14,1763,6134,7897
18,2020-05-15,1713,6706,8419
18,2020-05-16,911,5664,6575
18,2020-05-17,189,3631,3820
18,2020-05-18,1592,6496,8088
18,2020-05-19,1716,6265,7981
18,2020-05-20,1735,6943,8678
18,2020-05-21,632,4212,4844
18,2020-05-22,1270,6564,7834
18,2020-05-23,898,5359,6257
18,2020-05-24,188,3890,4078
18,2020-05-25,1623,6672,8295
18,2020-05-26,1918,7103,9021
18,2020-05-27,1836,7171,9007
18,2020-05-28,1873,7554,9427
18,2020-05-29,1721,8417,10138
18,2020-05-30,1091,7808,8899
18,2020-05-31,165,5305,5470
18,2020-06-01,374,6200,6574
18,2020-06-02,1810,8850,10660
18,2020-06-03,1956,8260,10216
18,2020-06-04,1808,8182,9990
18,2020-06-05,1715,8527,10242
18,2020-06-06,1038,8228,9266
18,2020-06-07,202,5872,6074
18,2020-06-08,1547,7462,9009
18,2020-06-09,1978,8206,10184
18,2020-06-10,1858,8315,10173
18,2020-06-11,1717,8203,9920
18,2020-06-12,1747,9337,11084
18,2020-06-13,954,8462,9416
18,2020-06-14,187,6267,6454
18,2020-06-15,1702,10922,12624
18,2020-06-16,1412,7453,8865
18,2020-06-17,1826,9661,11487
18,2020-06-18,2031,13150,15181
18,2020-06-19,1776,11326,13102
18,2020-06-20,1161,12474,13635
18,2020-06-23,1556,8722,10278
18,2020-06-24,1985,9709,11694
18,2020-06-25,1872,9979,11851
18,2020-06-26,1656,11335,12991
18,2020-06-27,1006,11928,12934
18,2020-06-28,228,7809,8037
18,2020-06-29,1661,9731,11392
18,2020-06-30,1956,10197,12153
18,2020-07-03,1726,11435,13161
18,2020-07-04,1019,12008,13027
18,2020-07-05,197,7632,7829
18,2020-07-06,1751,9776,11527
18,2020-07-07,1858,9869,11727
18,2020-07-08,1862,9910,11772
18,2020-07-09,1841,10374,12215
18,2020-07-10,1785,11861,13646
18,2020-07-11,941,12224,13165
18,2020-07-12,229,8416,8645
18,2020-07-13,1582,10329,11911
18,2020-07-14,1193,10321,11514
18,2020-07-15,1900,9723,11623
18,2020-07-16,1884,9935,11819
18,2020-07-17,1798,11219,13017
18,2020-07-18,958,11878,12836
18,2020-07-19,219,7977,8196
18,2020-07-20,1546,9980,11526
18,2020-07-21,1629,9618,11247
18,2020-07-22,1899,10004,11903
18,2020-07-23,1780,10041,11821
18,2020-07-24,1729,11423,13152
18,2020-07-25,851,11435,12286
18,2020-07-26,217,7772,7989
18,2020-07-27,1602,10131,11733
18,2020-07-28,1696,10049,11745
18,2020-07-29,1813,10782,12595
18,2020-07-30,1735,10612,12347
18,2020-07-31,1581,11549,13130
18,2020-08-01,755,10508,11263
18,2020-08-02,228,7806,8034
18,2020-08-03,1509,9454,10963
18,2020-08-04,1606,9718,11324
18,2020-08-05,1713,9685,11398
18,2020-08-06,1577,9784,11361
18,2020-08-07,1510,10701,12211
18,2020-08-08,679,9854,10533
18,2020-08-09,208,7311,7519
18,2020-08-10,1367,9473,10840
18,2020-08-11,1361,9069,10430
18,2020-08-12,1573,9034,10607
18,2020-08-13,1347,9681,11028
18,2020-08-14,1362,11462,12824
18,2020-08-15,493,14805,15298
18,2020-08-16,193,10938,11131
18,2020-08-17,1621,15128,16749
18,2020-08-18,1847,13709,15556
18,2020-08-19,1914,13812,15726
18,2020-08-20,1817,14415,16232
18,2020-08-21,1689,14502,16191
18,2020-08-22,764,16056,16820
18,2020-08-23,236,10617,10853
18,2020-08-24,2011,13422,15433
18,2020-08-25,2229,13439,15668
18,2020-08-26,2413,13960,16373
18,2020-08-27,2344,14392,16736
18,2020-08-28,2266,15365,17631
18,2020-08-29,972,16459,17431
18,2020-08-30,281,11056,11337
18,2020-08-31,2189,14274,16463
18,2020-09-01,1731,9673,11404
18,2020-09-02,1902,9608,11510
18,2020-09-03,1856,10004,11860
18,2020-09-04,1746,11430,13176
18,2020-09-05,1001,11348,12349
18,2020-09-06,263,7976,8239
18,2020-09-07,1696,9833,11529
18,2020-09-08,1894,9415,11309
18,2020-09-09,1925,10019,11944
18,2020-09-10,1921,10040,11961
18,2020-09-11,1726,11464,13190
18,2020-09-12,1015,11703,12718
18,2020-09-13,243,8255,8498
18,2020-09-14,1704,9933,11637
18,2020-09-15,1787,9574,11361
18,2020-09-16,1851,9474,11325
18,2020-09-17,1906,10194,12100
18,2020-09-18,1824,11525,13349
18,2020-09-19,978,11185,12163
18,2020-09-20,224,8262,8486
18,2020-09-21,1710,9717,11427
18,2020-09-22,2017,9771,11788
18,2020-09-23,1978,10060,12038
18,2020-09-24,1894,10280,12174
18,2020-09-25,1816,11021,12837
18,2020-09-26,970,11089,12059
18,2020-09-27,220,7336,7556
18,2020-09-28,1678,9376,11054
18,2020-09-29,1990,9704,11694
18,2020-09-30,1969,9872,11841
18,2020-10-01,1920,9942,11862
18,2020-10-02,1854,11232,13086
18,2020-10-03,887,11613,12500
18,2020-10-04,252,7318,7570
18,2020-10-05,1560,7810,9370
18,2020-10-06,1867,8328,10195
18,2020-10-07,2001,9313,11314
18,2020-10-08,1881,8830,10711
18,2020-10-09,1771,10030,11801
18,2020-10-10,989,11103,12092
18,2020-10-11,262,7701,7963
18,2020-10-12,1864,9712,11576
18,2020-10-13,1902,9867,11769
18,2020-10-14,1871,8745,10616
18,2020-10-15,2017,9680,11697
18,2020-10-16,1752,10137,11889
18,2020-10-17,1063,10938,12001
18,2020-10-18,279,7302,7581
18,2020-10-19,1839,9165,11004
18,2020-10-20,2039,8949,10988
18,2020-10-21,1908,8992,10900
18,2020-10-22,2002,9627,11629
18,2020-10-23,1670,9745,11415
18,2020-10-24,1004,9914,10918
18,2020-10-25,245,6266,6511
18,2020-10-26,1842,9202,11044
18,2020-10-27,1905,9209,11114
18,2020-10-28,1862,9349,11211
18,2020-10-29,1810,12916,14726
18,2020-10-30,1852,9449,11301
18,2020-11-01,209,4224,4433
18,2020-11-02,1630,6994,8624
18,2020-11-03,1890,7456,9346
18,2020-11-04,1940,7049,8989
18,2020-11-05,2125,7803,9928
18,2020-11-06,1905,8593,10498
18,2020-11-07,1182,7765,8947
18,2020-11-08,236,5046,5282
18,2020-11-09,1796,7906,9702
18,2020-11-10,1857,7784,9641
18,2020-11-11,1240,7317,8557
18,2020-11-12,1949,7947,9896
18,2020-11-13,2018,8549,10567
18,2020-11-14,1144,7719,8863
18,2020-11-15,244,4833,5077
18,2020-11-16,1791,7754,9545
18,2020-11-17,2067,8086,10153
18,2020-11-18,2038,7948,9986
18,2020-11-19,1822,7513,9335
18,2020-11-20,1951,9459,11410
18,2020-11-21,1113,8095,9208
18,2020-11-22,216,5388,5604
18,2020-11-23,1766,7580,9346
18,2020-11-24,2049,8152,10201
18,2020-11-25,2082,7677,9759
18,2020-11-26,1980,8272,10252
18,2020-11-27,1915,8980,10895
18,2020-11-28,1012,8717,9729
18,2020-11-29,249,5780,6029
18,2020-11-30,1821,8470,10291
18,2020-12-01,1893,7831,9724
18,2020-12-02,2175,8541,10716
18,2020-12-03,1966,8223,10189
18,2020-12-04,1951,9784,11735
18,2020-12-05,1152,8991,10143
18,2020-12-06,226,5815,6041
18,2020-12-07,1856,8959,10815
18,2020-12-08,2102,8363,10465
18,2020-12-09,1995,8526,10521
18,2020-12-10,1812,8120,9932
18,2020-12-11,1837,9447,11284
18,2020-12-12,1148,8676,9824
18,2020-12-13,243,5860,6103
18,2020-12-14,1716,8384,10100
18,2020-12-15,1860,8479,10339
18,2020-12-16,2007,9373,11380
18,2020-12-17,1802,9965,11767
18,2020-12-18,1709,11299,13008
18,2020-12-19,889,9541,10430
18,2020-12-20,255,6829,7084
18,2020-12-21,1285,9273,10558
18,2020-12-22,1270,8375,9645
18,2020-12-23,1124,9208,10332
18,2020-12-24,709,8792,9501
18,2020-12-25,146,4013,4159
18,2020-12-26,222,7530,7752
18,2020-12-27,99,3592,3691
18,2020-12-28,959,8179,9138
18,2020-12-29,920,8443,9363
18,2020-12-30,911,9279,10190
18,2020-12-31,574,7917,8491
20,2020-01-01,5,1785,1790
20,2020-01-02,59,5354,5413
20,2020-01-03,45,6286,6331
20,2020-01-04,28,4463,4491
20,2020-01-05,12,3017,3029
20,2020-01-06,92,7912,8004
20,2020-01-07,107,8182,8289
20,2020-01-08,79,7932,8011
20,2020-01-09,107,8551,8658
20,2020-01-10,95,8899,8994
20,2020-01-11,40,5269,5309
20,2020-01-12,11,3162,3173
20,2020-01-13,143,8224,8367
20,2020-01-14,118,8547,8665
20,2020-01-15,122,8280,8402
20,2020-01-16,145,8717,8862
20,2020-01-17,130,8907,9037
20,2020-01-18,56,5423,5479
20,2020-01-19,8,3245,3253
20,2020-01-20,158,8197,8355
20,2020-01-21,134,8661,8795
20,2020-01-22,178,8476,8654
20,2020-01-23,159,8607,8766
20,2020-01-24,147,8927,9074
20,2020-01-25,47,5137,5184
20,2020-01-26,13,3361,3374
20,2020-01-27,91,7856,7947
20,2020-01-28,111,8305,8416
20,2020-01-29,167,8314,8481
20,2020-01-30,141,8675,8816
20,2020-01-31,122,9187,9309
20,2020-02-01,23,5309,5332
20,2020-02-02,13,3154,3167
20,2020-02-03,142,8307,8449
20,2020-02-04,183,8671,8854
20,2020-02-05,168,8423,8591
20,2020-02-06,134,9013,9147
20,2020-02-07,137,9271,9408
20,2020-02-08,44,5402,5446
20,2020-02-09,10,2762,2772
20,2020-02-10,113,7867,7980
20,2020-02-11,142,8545,8687
20,2020-02-12,153,8224,8377
20,2020-02-13,169,8845,9014
20,2020-02-14,140,9544,9684
20,2020-02-15,47,5203,5250
20,2020-02-16,8,3064,3072
20,2020-02-17,151,8353,8504
20,2020-02-18,129,8479,8608
20,2020-02-19,144,8583,8727
20,2020-02-20,131,8841,8972
20,2020-02-21,122,9095,9217
20,2020-02-22,37,5618,5655
20,2020-02-23,11,3200,3211
20,2020-02-24,111,7606,7717
20,2020-02-25,124,8231,8355
20,2020-02-26,128,7776,7904
20,2020-02-27,131,7152,7283
20,2020-02-28,143,8548,8691
20,2020-02-29,36,5308,5344
20,2020-03-01,10,3363,3373
20,2020-03-02,143,8299,8442
20,2020-03-03,145,8905,9050
20,2020-03-04,138,8675,8813
20,2020-03-05,119,8985,9104
20,2020-03-06,123,9408,9531
20,2020-03-07,42,5604,5646
20,2020-03-08,11,3476,3487
20,2020-03-09,121,8243,8364
20,2020-03-10,122,8905,9027
20,2020-03-11,137,8574,8711
20,2020-03-12,130,9062,9192
20,2020-03-13,118,9085,9203
20,2020-03-14,57,4115,4172
20,2020-03-15,11,2875,2886
20,2020-03-16,114,6530,6644
20,2020-03-17,117,5614,5731
20,2020-03-18,131,4480,4611
20,2020-03-19,86,2770,2856
20,2020-03-20,69,2734,2803
20,2020-03-21,12,1073,1085
20,2020-03-22,2,732,734
20,2020-03-23,84,2005,2089
20,2020-03-24,67,2093,2160
20,2020-03-25,75,2135,2210
20,2020-03-26,50,2124,2174
20,2020-03-27,91,2319,2410
20,2020-03-28,26,1193,1219
20,2020-03-30,76,2250,2326
20,2020-03-31,78,2182,2260
20,2020-04-01,98,2146,2244
20,2020-04-02,66,2159,2225
20,2020-04-03,56,2431,2487
20,2020-04-04,30,1222,1252
20,2020-04-05,2,856,858
20,2020-04-06,83,2247,2330
20,2020-04-07,65,2243,2308
20,2020-04-08,97,2140,2237
20,2020-04-09,70,2196,2266
20,2020-04-10,47,2300,2347
20,2020-04-11,16,1150,1166
20,2020-04-12,1,672,673
20,2020-04-13,31,724,755
20,2020-04-14,77,2407,2484
20,2020-04-15,53,2153,2206
20,2020-04-16,79,2275,2354
20,2020-04-17,64,2519,2583
20,2020-04-18,22,1335,1357
20,2020-04-19,8,807,815
20,2020-04-20,123,3073,3196
20,2020-04-21,133,3145,3278
20,2020-04-22,152,3153,3305
20,2020-04-23,156,3288,3444
20,2020-04-24,162,3571,3733
20,2020-04-25,33,1717,1750
20,2020-04-26,39,998,1037
20,2020-04-27,153,3444,3597
20,2020-04-28,166,3420,3586
20,2020-04-29,172,3678,3850
20,2020-04-30,146,3968,4114
20,2020-05-01,8,1074,1082
20,2020-05-02,34,1788,1822
20,2020-05-03,2,1046,1048
20,2020-05-04,151,4050,4201
20,2020-05-05,216,4029,4245
20,2020-05-06,185,4162,4347
20,2020-05-07,144,4310,4454
20,2020-05-08,165,4521,4686
20,2020-05-09,23,1832,1855
20,2020-05-10,8,1510,1518
20,2020-05-11,120,4994,5114
20,2020-05-12,133,5320,5453
20,2020-05-13,197,6842,7039
20,2020-05-14,172,7762,7934
20,2020-05-15,194,8105,8299
20,2020-05-16,39,4203,4242
20,2020-05-17,13,2050,2063
20,2020-05-18,173,7287,7460
20,2020-05-19,173,6989,7162
20,2020-05-20,193,7504,7697
20,2020-05-21,35,1999,2034
20,2020-05-22,124,6662,6786
20,2020-05-23,32,3958,3990
20,2020-05-24,19,2319,2338
20,2020-05-25,168,5888,6056
20,2020-05-26,160,5977,6137
20,2020-05-27,177,6061,6238
20,2020-05-28,169,6321,6490
20,2020-05-29,163,6706,6869
20,2020-05-30,49,4807,4856
20,2020-05-31,21,2586,2607
20,2020-06-01,49,2554,2603
20,2020-06-02,186,7612,7798
20,2020-06-03,219,7098,7317
20,2020-06-04,154,7237,7391
20,2020-06-05,140,7378,7518
20,2020-06-06,45,4793,4838
20,2020-06-07,20,2662,2682
20,2020-06-08,170,6695,6865
20,2020-06-09,158,6856,7014
20,2020-06-10,143,6734,6877
20,2020-06-11,124,7227,7351
20,2020-06-12,132,7446,7578
20,2020-06-13,40,5052,5092
20,2020-06-14,19,2869,2888
20,2020-06-15,141,6835,6976
20,2020-06-16,147,7095,7242
20,2020-06-17,114,6459,6573
20,2020-06-18,159,6999,7158
20,2020-06-19,93,6139,6232
20,2020-06-20,27,3660,3687
20,2020-06-21,13,1985,1998
20,2020-06-22,72,4275,4347
20,2020-06-23,38,2840,2878
20,2020-06-24,97,4865,4962
20,2020-06-25,110,5150,5260
20,2020-06-26,99,5249,5348
20,2020-06-27,37,3609,3646
20,2020-06-28,11,2637,2648
20,2020-06-29,77,4987,5064
20,2020-06-30,90,5037,5127
20,2020-07-01,104,5469,5573
20,2020-07-02,112,6368,6480
20,2020-07-03,127,6872,6999
20,2020-07-04,43,4819,4862
20,2020-07-05,13,3025,3038
20,2020-07-06,130,7037,7167
20,2020-07-07,144,7548,7692
20,2020-07-08,153,7490,7643
20,2020-07-09,135,7739,7874
20,2020-07-10,116,7773,7889
20,2020-07-11,56,5220,5276
20,2020-07-12,20,3175,3195
20,2020-07-13,121,7404,7525
20,2020-07-14,154,7661,7815
20,2020-07-15,138,8232,8370
20,2020-07-16,129,7939,8068
20,2020-07-17,130,8380,8510
20,2020-07-18,53,5124,5177
20,2020-07-19,21,3263,3284
20,2020-07-20,141,7688,7829
20,2020-07-21,107,7200,7307
20,2020-07-22,137,7444,7581
20,2020-07-23,170,8146,8316
20,2020-07-24,139,7958,8097
20,2020-07-25,50,5020,5070
20,2020-07-26,17,3175,3192
20,2020-07-27,132,6908,7040
20,2020-07-28,123,7159,7282
20,2020-07-29,135,7236,7371
20,2020-07-30,136,7493,7629
20,2020-07-31,145,7327,7472
20,2020-08-01,63,4586,4649
20,2020-08-02,18,3363,3381
20,2020-08-03,121,6229,6350
20,2020-08-04,120,6233,6353
20,2020-08-05,115,6107,6222
20,2020-08-06,128,6247,6375
20,2020-08-07,111,6331,6442
20,2020-08-08,68,4157,4225
20,2020-08-09,12,2774,2786
20,2020-08-10,113,5746,5859
20,2020-08-11,106,6003,6109
20,2020-08-12,86,6136,6222
20,2020-08-13,109,6243,6352
20,2020-08-14,111,6596,6707
20,2020-08-15,17,3240,3257
20,2020-08-16,21,2960,2981
20,2020-08-17,112,6403,6515
20,2020-08-18,101,6361,6462
20,2020-08-19,112,6492,6604
20,2020-08-20,86,6575,6661
20,2020-08-21,106,6909,7015
20,2020-08-22,57,4580,4637
20,2020-08-23,27,3030,3057
20,2020-08-24,147,6747,6894
20,2020-08-25,124,7035,7159
20,2020-08-26,148,7026,7174
20,2020-08-27,231,8644,8875
20,2020-08-28,234,8886,9120
20,2020-08-29,49,5169,5218
20,2020-08-30,29,3268,3297
20,2020-08-31,115,7409,7524
20,2020-09-01,135,7546,7681
20,2020-09-02,163,7540,7703
20,2020-09-03,229,8070,8299
20,2020-09-04,170,8005,8175
20,2020-09-05,47,4964,5011
20,2020-09-06,16,3472,3488
20,2020-09-07,196,7576,7772
20,2020-09-08,159,7798,7957
20,2020-09-09,243,7917,8160
20,2020-09-10,169,7882,8051
20,2020-09-11,182,8276,8458
20,2020-09-12,86,5341,5427
20,2020-09-13,25,3633,3658
20,2020-09-14,251,7612,7863
20,2020-09-15,160,7599,7759
20,2020-09-16,247,7628,7875
20,2020-09-17,148,8193,8341
20,2020-09-18,172,8297,8469
20,2020-09-19,62,5450,5512
20,2020-09-20,27,3631,3658
20,2020-09-21,169,7689,7858
20,2020-09-22,133,7918,8051
20,2020-09-23,202,7952,8154
20,2020-09-24,174,8327,8501
20,2020-09-25,118,8326,8444
20,2020-09-26,72,5306,5378
20,2020-09-27,7,3068,3075
20,2020-09-28,182,7673,7855
20,2020-09-29,157,8103,8260
20,2020-09-30,205,8233,8438
20,2020-10-01,160,8481,8641
20,2020-10-02,157,8393,8550
20,2020-10-03,37,5686,5723
20,2020-10-04,16,3656,3672
20,2020-10-05,155,7686,7841
20,2020-10-06,138,7818,7956
20,2020-10-07,125,7892,8017
20,2020-10-08,147,8403,8550
20,2020-10-09,128,8827,8955
20,2020-10-10,59,5799,5858
20,2020-10-11,20,3417,3437
20,2020-10-12,139,7889,8028
20,2020-10-13,152,8050,8202
20,2020-10-14,154,8247,8401
20,2020-10-15,143,8490,8633
20,2020-10-16,139,8722,8861
20,2020-10-17,29,5419,5448
20,2020-10-18,16,3021,3037
20,2020-10-19,148,7765,7913
20,2020-10-20,148,8449,8597
20,2020-10-21,160,8148,8308
20,2020-10-22,157,8402,8559
20,2020-10-23,139,8765,8904
20,2020-10-24,34,5602,5636
20,2020-10-25,8,2934,2942
20,2020-10-26,179,7484,7663
20,2020-10-27,122,7872,7994
20,2020-10-28,145,7710,7855
20,2020-10-29,164,8159,8323
20,2020-10-30,139,8509,8648
20,2020-11-01,5,2466,2471
20,2020-11-02,106,5543,5649
20,2020-11-03,135,5979,6114
20,2020-11-04,132,6245,6377
20,2020-11-05,158,6169,6327
20,2020-11-06,125,6603,6728
20,2020-11-07,60,4228,4288
20,2020-11-08,23,2667,2690
20,2020-11-09,116,6791,6907
20,2020-11-10,148,6878,7026
20,2020-11-11,85,6945,7030
20,2020-11-12,156,7159,7315
20,2020-11-13,152,7560,7712
20,2020-11-14,42,4728,4770
20,2020-11-15,10,2725,2735
20,2020-11-16,140,6978,7118
20,2020-11-17,121,7267,7388
20,2020-11-18,122,7469,7591
20,2020-11-19,126,7559,7685
20,2020-11-20,121,8023,8144
20,2020-11-21,50,5116,5166
20,2020-11-22,14,2916,2930
20,2020-11-23,138,7296,7434
20,2020-11-24,164,7418,7582
20,2020-11-25,130,7575,7705
20,2020-11-26,157,7234,7391
20,2020-11-27,130,7701,7831
20,2020-11-28,52,4476,4528
20,2020-11-29,7,2592,2599
20,2020-11-30,151,6913,7064
20,2020-12-01,159,7168,7327
20,2020-12-02,157,7268,7425
20,2020-12-03,130,7342,7472
20,2020-12-04,121,7802,7923
20,2020-12-05,58,4984,5042
20,2020-12-06,15,2537,2552
20,2020-12-07,148,7205,7353
20,2020-12-08,125,7420,7545
20,2020-12-09,253,7764,8017
20,2020-12-10,165,7678,7843
20,2020-12-11,119,8124,8243
20,2020-12-12,30,4377,4407
20,2020-12-13,17,2405,2422
20,2020-12-14,129,7311,7440
20,2020-12-15,122,7533,7655
20,2020-12-16,147,7983,8130
20,2020-12-17,115,7805,7920
20,2020-12-18,107,8189,8296
20,2020-12-19,56,4756,4812
20,2020-12-20,15,2711,2726
20,2020-12-21,92,6744,6836
20,2020-12-22,83,6756,6839
20,2020-12-23,74,6647,6721
20,2020-12-24,39,5135,5174
20,2020-12-25,9,1662,1671
20,2020-12-26,22,2644,2666
20,2020-12-27,5,1729,1734
20,2020-12-28,51,4410,4461
20,2020-12-29,44,4580,4624
20,2020-12-30,47,4972,5019
20,2020-12-31,28,4085,4113
21,2020-01-10,310,6540,6850
21,2020-01-11,276,6623,6899
21,2020-01-12,52,3814,3866
21,2020-01-13,646,9812,10458
21,2020-01-14,646,9984,10630
21,2020-01-15,712,9945,10657
21,2020-01-16,645,10299,10944
21,2020-01-17,665,10270,10935
21,2020-01-18,303,6743,7046
21,2020-01-19,61,3859,3920
21,2020-01-20,685,9854,10539
21,2020-01-21,674,9965,10639
21,2020-01-22,726,9872,10598
21,2020-01-23,759,10090,10849
21,2020-01-24,820,11197,12017
21,2020-01-25,303,6937,7240
21,2020-01-26,48,3838,3886
21,2020-01-27,650,9472,10122
21,2020-01-28,684,10222,10906
21,2020-01-29,685,9785,10470
21,2020-01-30,701,10202,10903
21,2020-01-31,687,10534,11221
21,2020-02-01,277,6963,7240
21,2020-02-02,47,3936,3983
21,2020-02-03,661,9593,10254
21,2020-02-04,689,10136,10825
21,2020-02-05,670,9985,10655
21,2020-02-06,654,10342,10996
21,2020-02-07,663,10261,10924
21,2020-02-08,336,6703,7039
21,2020-02-09,64,3611,3675
21,2020-02-11,628,9930,10558
21,2020-02-12,620,9366,9986
21,2020-02-13,667,10248,10915
21,2020-02-14,601,10410,11011
21,2020-02-15,321,6473,6794
21,2020-02-16,45,3420,3465
21,2020-02-17,580,8826,9406
21,2020-02-18,627,9015,9642
21,2020-02-19,597,8958,9555
21,2020-02-20,639,9088,9727
21,2020-02-21,646,9396,10042
21,2020-02-22,368,8959,9327
21,2020-02-23,45,3711,3756
21,2020-02-24,644,9227,9871
21,2020-02-25,669,9743,10412
21,2020-02-26,685,9526,10211
21,2020-02-27,588,8324,8912
21,2020-02-28,626,10182,10808
21,2020-02-29,328,6891,7219
21,2020-03-01,82,3879,3961
21,2020-03-02,684,9450,10134
21,2020-03-03,701,9675,10376
21,2020-03-04,654,9580,10234
21,2020-03-05,620,9790,10410
21,2020-03-06,648,10620,11268
21,2020-03-07,332,6987,7319
21,2020-03-08,52,3960,4012
21,2020-03-09,678,9625,10303
21,2020-03-10,625,9719,10344
21,2020-03-11,626,9458,10084
21,2020-03-12,664,10005,10669
21,2020-03-13,653,10870,11523
21,2020-03-14,364,5780,6144
21,2020-03-15,99,3249,3348
21,2020-03-16,632,7042,7674
21,2020-03-17,599,6170,6769
21,2020-03-18,533,5601,6134
21,2020-03-19,489,4165,4654
21,2020-03-20,410,4080,4490
21,2020-03-21,220,2295,2515
21,2020-03-22,12,1152,1164
21,2020-03-23,404,3481,3885
21,2020-03-24,379,3185,3564
21,2020-03-25,386,3342,3728
21,2020-03-26,385,3454,3839
21,2020-03-27,378,3584,3962
21,2020-03-28,247,2503,2750
21,2020-03-30,428,3387,3815
21,2020-03-31,373,3311,3684
21,2020-04-01,371,3159,3530
21,2020-04-02,377,3475,3852
21,2020-04-03,373,4009,4382
21,2020-04-04,257,2749,3006
21,2020-04-05,12,1132,1144
21,2020-04-06,378,3454,3832
21,2020-04-07,386,3687,4073
21,2020-04-08,368,3689,4057
21,2020-04-09,380,4369,4749
21,2020-04-10,391,4399,4790
21,2020-04-11,253,3143,3396
21,2020-04-12,11,1084,1095
21,2020-04-13,11,1057,1068
21,2020-04-14,417,4309,4726
21,2020-04-15,394,4031,4425
21,2020-04-16,403,4035,4438
21,2020-04-17,396,4424,4820
21,2020-04-18,242,3233,3475
21,2020-04-19,20,1363,1383
21,2020-04-20,452,5139,5591
21,2020-04-21,520,5201,5721
21,2020-04-22,530,5228,5758
21,2020-04-23,560,5434,5994
21,2020-04-24,523,5955,6478
21,2020-04-25,269,4481,4750
21,2020-04-26,13,1714,1727
21,2020-04-27,548,5634,6182
21,2020-04-28,533,5470,6003
21,2020-04-29,522,6352,6874
21,2020-04-30,483,7566,8049
21,2020-05-01,45,1527,1572
21,2020-05-02,261,5436,5697
21,2020-05-03,10,1914,1924
21,2020-05-04,600,6322,6922
21,2020-05-05,592,6239,6831
21,2020-05-06,553,6192,6745
21,2020-05-07,635,6502,7137
21,2020-05-08,608,7386,7994
21,2020-05-09,54,2658,2712
21,2020-05-10,40,2491,2531
21,2020-05-11,584,7052,7636
21,2020-05-12,612,7026,7638
21,2020-05-13,636,7129,7765
21,2020-05-14,628,7394,8022
21,2020-05-15,583,7879,8462
21,2020-05-16,277,5905,6182
21,2020-05-17,38,3012,3050
21,2020-05-18,640,7475,8115
21,2020-05-19,623,7893,8516
21,2020-05-20,657,8791,9448
21,2020-05-21,63,2725,2788
21,2020-05-22,509,7533,8042
21,2020-05-23,307,5775,6082
21,2020-05-24,44,2825,2869
21,2020-05-25,631,7735,8366
21,2020-05-26,634,7954,8588
21,2020-05-27,656,8166,8822
21,2020-05-28,607,8328,8935
21,2020-05-29,632,9070,9702
21,2020-05-30,312,6859,7171
21,2020-05-31,50,3443,3493
21,2020-06-01,45,3026,3071
21,2020-06-02,582,8827,9409
21,2020-06-03,584,8426,9010
21,2020-06-04,597,8464,9061
21,2020-06-05,558,8692,9250
21,2020-06-06,304,6209,6513
21,2020-06-07,49,3300,3349
21,2020-06-08,645,8245,8890
21,2020-06-09,639,8610,9249
21,2020-06-10,688,8848,9536
21,2020-06-11,658,9175,9833
21,2020-06-12,673,9399,10072
21,2020-06-13,298,6915,7213
21,2020-06-14,40,3752,3792
21,2020-06-15,623,8565,9188
21,2020-06-16,624,8817,9441
21,2020-06-17,618,8446,9064
21,2020-06-18,640,8891,9531
21,2020-06-19,600,8878,9478
21,2020-06-20,292,6284,6576
21,2020-06-21,54,3460,3514
21,2020-06-22,530,7711,8241
21,2020-06-23,88,3174,3262
21,2020-06-24,653,8605,9258
21,2020-06-25,686,8806,9492
21,2020-06-26,653,8898,9551
21,2020-06-27,288,6582,6870
21,2020-06-28,40,2778,2818
21,2020-06-29,673,8891,9564
21,2020-06-30,686,8719,9405
21,2020-07-01,632,8725,9357
21,2020-07-02,686,9243,9929
21,2020-07-03,688,9487,10175
21,2020-07-04,324,6532,6856
21,2020-07-05,44,3664,3708
21,2020-07-06,681,8455,9136
21,2020-07-07,704,8752,9456
21,2020-07-08,720,8962,9682
21,2020-07-09,627,9136,9763
21,2020-07-10,623,9264,9887
21,2020-07-11,332,6881,7213
21,2020-07-12,102,3826,3928
21,2020-07-13,675,8809,9484
21,2020-07-14,682,9114,9796
21,2020-07-15,684,9174,9858
21,2020-07-16,681,9142,9823
21,2020-07-17,683,9395,10078
21,2020-07-18,416,6450,6866
21,2020-07-19,94,3696,3790
21,2020-07-20,723,9224,9947
21,2020-07-21,631,8887,9518
21,2020-07-22,647,8421,9068
21,2020-07-23,671,9401,10072
21,2020-07-24,684,8830,9514
21,2020-07-25,362,6355,6717
21,2020-07-26,90,3516,3606
21,2020-07-27,609,8138,8747
21,2020-07-28,579,8257,8836
21,2020-07-29,611,8470,9081
21,2020-07-30,566,8764,9330
21,2020-07-31,536,8409,8945
21,2020-08-01,340,5976,6316
21,2020-08-02,90,3488,3578
21,2020-08-03,523,7732,8255
21,2020-08-04,511,7538,8049
21,2020-08-05,478,7685,8163
21,2020-08-06,489,7788,8277
21,2020-08-07,466,8010,8476
21,2020-08-08,323,5600,5923
21,2020-08-09,95,3169,3264
21,2020-08-10,490,7321,7811
21,2020-08-11,481,7543,8024
21,2020-08-12,495,7615,8110
21,2020-08-13,502,7583,8085
21,2020-08-14,463,8179,8642
21,2020-08-15,50,3197,3247
21,2020-08-16,46,3629,3675
21,2020-08-17,483,7545,8028
21,2020-08-18,497,7541,8038
21,2020-08-19,503,7645,8148
21,2020-08-20,448,7771,8219
21,2020-08-21,484,7881,8365
21,2020-08-22,295,6095,6390
21,2020-08-23,59,3800,3859
21,2020-08-24,562,7727,8289
21,2020-08-25,582,7992,8574
21,2020-08-26,615,7896,8511
21,2020-08-27,590,8674,9264
21,2020-08-28,586,9120,9706
21,2020-08-29,303,6148,6451
21,2020-08-30,53,3800,3853
21,2020-08-31,560,8508,9068
21,2020-09-01,615,8428,9043
21,2020-09-02,604,8589,9193
21,2020-09-03,628,8882,9510
21,2020-09-04,590,8711,9301
21,2020-09-05,283,6152,6435
21,2020-09-06,55,3604,3659
21,2020-09-07,620,8584,9204
21,2020-09-08,584,8739,9323
21,2020-09-09,690,8911,9601
21,2020-09-10,638,8960,9598
21,2020-09-11,652,9207,9859
21,2020-09-12,309,6519,6828
21,2020-09-13,68,4031,4099
21,2020-09-14,656,8983,9639
21,2020-09-15,725,9243,9968
21,2020-09-16,669,8915,9584
21,2020-09-17,677,9723,10400
21,2020-09-18,640,9441,10081
21,2020-09-19,305,6833,7138
21,2020-09-20,72,4103,4175
21,2020-09-21,683,9047,9730
21,2020-09-22,700,9482,10182
21,2020-09-23,681,9107,9788
21,2020-09-24,647,9436,10083
21,2020-09-25,636,9527,10163
21,2020-09-26,354,6959,7313
21,2020-09-27,99,3693,3792
21,2020-09-28,678,9340,10018
21,2020-09-29,671,9527,10198
21,2020-09-30,705,9684,10389
21,2020-10-01,640,9843,10483
21,2020-10-02,653,9627,10280
21,2020-10-03,369,7479,7848
21,2020-10-04,128,4953,5081
21,2020-10-05,635,9160,9795
21,2020-10-06,661,9600,10261
21,2020-10-07,616,9230,9846
21,2020-10-08,687,9814,10501
21,2020-10-09,639,9928,10567
21,2020-10-10,327,7132,7459
21,2020-10-11,82,4161,4243
21,2020-10-12,758,9180,9938
21,2020-10-13,712,9555,10267
21,2020-10-14,737,9214,9951
21,2020-10-15,757,9785,10542
21,2020-10-16,709,9994,10703
21,2020-10-17,333,7106,7439
21,2020-10-18,76,3799,3875
21,2020-10-19,737,8869,9606
21,2020-10-20,673,9359,10032
21,2020-10-21,657,9320,9977
21,2020-10-22,659,9529,10188
21,2020-10-23,606,9608,10214
21,2020-10-24,311,6772,7083
21,2020-10-25,67,3743,3810
21,2020-10-26,685,8672,9357
21,2020-10-27,648,8884,9532
21,2020-10-28,673,9011,9684
21,2020-10-29,645,9305,9950
21,2020-10-30,638,9536,10174
21,2020-11-01,95,3124,3219
21,2020-11-02,628,8336,8964
21,2020-11-03,751,8300,9051
21,2020-11-04,763,8529,9292
21,2020-11-05,753,8572,9325
21,2020-11-06,684,9058,9742
21,2020-11-07,345,6600,6945
21,2020-11-08,96,3578,3674
21,2020-11-09,745,8384,9129
21,2020-11-10,721,9288,10009
21,2020-11-11,668,8977,9645
21,2020-11-12,685,9064,9749
21,2020-11-13,646,9580,10226
21,2020-11-14,293,7016,7309
21,2020-11-15,71,3254,3325
21,2020-11-16,622,8454,9076
21,2020-11-17,656,8967,9623
21,2020-11-18,687,9006,9693
21,2020-11-19,636,9262,9898
21,2020-11-20,626,9780,10406
21,2020-11-21,352,7889,8241
21,2020-11-22,77,3368,3445
21,2020-11-23,720,9302,10022
21,2020-11-24,764,10008,10772
21,2020-11-25,780,10117,10897
21,2020-11-26,761,9706,10467
21,2020-11-27,749,10582,11331
21,2020-11-28,335,7499,7834
21,2020-11-29,72,3712,3784
21,2020-11-30,761,9227,9988
21,2020-12-01,694,9316,10010
21,2020-12-02,752,9550,10302
21,2020-12-03,742,9543,10285
21,2020-12-04,684,10036,10720
21,2020-12-05,329,7128,7457
21,2020-12-06,80,3482,3562
21,2020-12-07,708,8910,9618
21,2020-12-08,717,9308,10025
21,2020-12-09,731,9304,10035
21,2020-12-10,744,9543,10287
21,2020-12-11,691,9926,10617
21,2020-12-12,338,6707,7045
21,2020-12-13,70,3287,3357
21,2020-12-14,691,9126,9817
21,2020-12-15,702,9472,10174
21,2020-12-16,788,9877,10665
21,2020-12-17,735,9885,10620
21,2020-12-18,644,10348,10992
21,2020-12-19,322,6757,7079
21,2020-12-20,67,3326,3393
21,2020-12-21,526,9050,9576
21,2020-12-23,504,9572,10076
21,2020-12-24,388,7408,7796
21,2020-12-25,57,1977,2034
21,2020-12-26,76,2314,2390
21,2020-12-27,106,2610,2716
21,2020-12-28,419,5594,6013
21,2020-12-29,410,5651,6061
21,2020-12-30,451,6777,7228
21,2020-12-31,378,5514,5892
24,2020-01-01,41,3554,3595
24,2020-01-02,224,6179,6403
24,2020-01-03,196,6873,7069
24,2020-01-04,188,5792,5980
24,2020-01-05,43,4562,4605
24,2020-01-06,260,8006,8266
24,2020-01-07,248,7928,8176
24,2020-01-08,218,7823,8041
24,2020-01-09,230,8002,8232
24,2020-01-10,262,8708,8970
24,2020-01-11,177,6933,7110
24,2020-01-12,47,4695,4742
24,2020-01-13,264,8017,8281
24,2020-01-14,285,8229,8514
24,2020-01-15,280,8181,8461
24,2020-01-16,289,8089,8378
24,2020-01-17,289,8686,8975
24,2020-01-18,199,6983,7182
24,2020-01-19,46,4851,4897
24,2020-01-20,322,7840,8162
24,2020-01-21,295,7971,8266
24,2020-01-22,310,7798,8108
24,2020-01-23,304,8179,8483
24,2020-01-24,308,8612,8920
24,2020-01-25,203,6668,6871
24,2020-01-26,49,4832,4881
24,2020-01-27,265,7765,8030
24,2020-01-28,275,8038,8313
24,2020-01-29,300,8326,8626
24,2020-01-30,280,8507,8787
24,2020-01-31,299,8975,9274
24,2020-02-01,192,7023,7215
24,2020-02-02,48,4804,4852
24,2020-02-03,264,8040,8304
24,2020-02-04,282,8203,8485
24,2020-02-05,284,8170,8454
24,2020-02-06,325,8082,8407
24,2020-02-07,321,8869,9190
24,2020-02-08,214,7127,7341
24,2020-02-09,48,4548,4596
24,2020-02-10,280,8286,8566
24,2020-02-11,317,8612,8929
24,2020-02-12,282,8158,8440
24,2020-02-13,268,8575,8843
24,2020-02-14,296,9181,9477
24,2020-02-15,188,6961,7149
24,2020-02-16,47,4964,5011
24,2020-02-17,264,7555,7819
24,2020-02-18,344,7980,8324
24,2020-02-19,295,7579,7874
24,2020-02-20,305,7902,8207
24,2020-02-21,301,8395,8696
24,2020-02-22,213,6488,6701
24,2020-02-23,46,4786,4832
24,2020-02-24,270,7564,7834
24,2020-02-25,270,8211,8481
24,2020-02-26,273,7960,8233
24,2020-02-27,277,7436,7713
24,2020-02-28,311,9014,9325
24,2020-02-29,189,7074,7263
24,2020-03-01,45,4897,4942
24,2020-03-02,292,8197,8489
24,2020-03-03,288,8535,8823
24,2020-03-04,289,8358,8647
24,2020-03-05,279,8265,8544
24,2020-03-06,311,9017,9328
24,2020-03-07,190,7322,7512
24,2020-03-08,45,4966,5011
24,2020-03-09,325,8115,8440
24,2020-03-10,242,8154,8396
24,2020-03-11,248,8389,8637
24,2020-03-12,287,8327,8614
24,2020-03-13,281,8849,9130
24,2020-03-14,199,6148,6347
24,2020-03-15,48,4410,4458
24,2020-03-16,258,6835,7093
24,2020-03-17,262,5341,5603
24,2020-03-18,253,3975,4228
24,2020-03-19,246,3043,3289
24,2020-03-20,222,2880,3102
24,2020-03-21,162,1470,1632
24,2020-03-22,2,1038,1040
24,2020-03-23,203,2466,2669
24,2020-03-24,216,2315,2531
24,2020-03-25,211,2375,2586
24,2020-03-26,196,2437,2633
24,2020-03-27,215,2708,2923
24,2020-03-28,158,1857,2015
24,2020-03-30,202,2606,2808
24,2020-03-31,213,2495,2708
24,2020-04-01,194,2394,2588
24,2020-04-02,209,2517,2726
24,2020-04-03,208,2733,2941
24,2020-04-04,163,1879,2042
24,2020-04-05,2,1278,1280
24,2020-04-06,193,2710,2903
24,2020-04-07,193,2682,2875
24,2020-04-08,210,2605,2815
24,2020-04-09,205,2731,2936
24,2020-04-10,195,3036,3231
24,2020-04-11,158,2131,2289
24,2020-04-12,2,1340,1342
24,2020-04-13,2,1271,1273
24,2020-04-14,216,3143,3359
24,2020-04-15,216,2754,2970
24,2020-04-16,207,2942,3149
24,2020-04-17,211,3351,3562
24,2020-04-18,162,2233,2395
24,2020-04-19,2,1667,1669
24,2020-04-20,219,3497,3716
24,2020-04-21,237,3466,3703
24,2020-04-22,251,3500,3751
24,2020-04-23,274,3814,4088
24,2020-04-24,264,4030,4294
24,2020-04-25,181,2816,2997
24,2020-04-26,5,1859,1864
24,2020-04-27,235,4056,4291
24,2020-04-28,275,4150,4425
24,2020-04-29,276,3953,4229
24,2020-04-30,263,4420,4683
24,2020-05-01,7,1909,1916
24,2020-05-02,173,3074,3247
24,2020-05-03,1,2047,2048
24,2020-05-04,304,4514,4818
24,2020-05-05,295,4548,4843
24,2020-05-06,319,4548,4867
24,2020-05-07,321,4786,5107
24,2020-05-08,293,5002,5295
24,2020-05-09,9,3037,3046
24,2020-05-10,2,2431,2433
24,2020-05-11,284,5144,5428
24,2020-05-12,281,5423,5704
24,2020-05-13,270,5136,5406
24,2020-05-14,275,5422,5697
24,2020-05-15,265,5868,6133
24,2020-05-16,185,4384,4569
24,2020-05-17,34,3017,3051
24,2020-05-18,258,5563,5821
24,2020-05-19,271,5752,6023
24,2020-05-20,370,5886,6256
24,2020-05-21,31,3315,3346
24,2020-05-22,317,5626,5943
24,2020-05-23,193,4353,4546
24,2020-05-24,33,3165,3198
24,2020-05-25,297,6304,6601
24,2020-05-26,317,6524,6841
24,2020-05-27,323,6499,6822
24,2020-05-28,289,6895,7184
24,2020-05-29,343,8008,8351
24,2020-05-30,209,5856,6065
24,2020-05-31,39,4013,4052
24,2020-06-01,38,4068,4106
24,2020-06-02,281,7205,7486
24,2020-06-03,315,7187,7502
24,2020-06-04,294,6930,7224
24,2020-06-05,316,7408,7724
24,2020-06-06,179,5915,6094
24,2020-06-07,32,4368,4400
24,2020-06-08,303,7041,7344
24,2020-06-09,279,7281,7560
24,2020-06-10,306,7248,7554
24,2020-06-11,273,7357,7630
24,2020-06-12,341,7761,8102
24,2020-06-13,198,6130,6328
24,2020-06-14,28,4691,4719
24,2020-06-15,309,8073,8382
24,2020-06-16,284,7553,7837
24,2020-06-17,282,7200,7482
24,2020-06-18,336,7940,8276
24,2020-06-19,308,8435,8743
24,2020-06-20,190,7443,7633
24,2020-06-21,28,4870,4898
24,2020-06-22,274,7559,7833
24,2020-06-23,49,5755,5804
24,2020-06-24,292,7664,7956
24,2020-06-25,293,7924,8217
24,2020-06-26,305,8600,8905
24,2020-06-27,190,7201,7391
24,2020-06-28,29,4800,4829
24,2020-06-29,291,7782,8073
24,2020-06-30,288,8330,8618
24,2020-07-01,326,7859,8185
24,2020-07-02,289,8122,8411
24,2020-07-03,308,8698,9006
24,2020-07-04,171,7160,7331
24,2020-07-05,35,4748,4783
24,2020-07-06,298,7691,7989
24,2020-07-07,307,7737,8044
24,2020-07-08,291,7667,7958
24,2020-07-09,279,7967,8246
24,2020-07-10,311,8631,8942
24,2020-07-11,190,7329,7519
24,2020-07-12,41,4920,4961
24,2020-07-13,312,7555,7867
24,2020-07-14,292,7672,7964
24,2020-07-15,295,7826,8121
24,2020-07-16,285,7682,7967
24,2020-07-17,312,8022,8334
24,2020-07-18,184,6996,7180
24,2020-07-19,34,4748,4782
24,2020-07-20,280,7329,7609
24,2020-07-21,331,7337,7668
24,2020-07-22,329,7312,7641
24,2020-07-23,357,7636,7993
24,2020-07-24,346,8053,8399
24,2020-07-25,181,6756,6937
24,2020-07-26,35,4924,4959
24,2020-07-27,321,7412,7733
24,2020-07-28,298,7547,7845
24,2020-07-29,295,7954,8249
24,2020-07-30,237,8067,8304
24,2020-07-31,253,8086,8339
24,2020-08-01,178,5862,6040
24,2020-08-02,35,4638,4673
24,2020-08-03,251,6613,6864
24,2020-08-04,243,6720,6963
24,2020-08-05,221,6772,6993
24,2020-08-06,239,6749,6988
24,2020-08-07,236,7023,7259
24,2020-08-08,164,5577,5741
24,2020-08-09,36,4193,4229
24,2020-08-10,234,6311,6545
24,2020-08-11,219,6265,6484
24,2020-08-12,236,6231,6467
24,2020-08-13,237,6357,6594
24,2020-08-14,267,8894,9161
24,2020-08-15,143,12885,13028
24,2020-08-16,76,9895,9971
24,2020-08-17,664,13078,13742
24,2020-08-18,771,13214,13985
24,2020-08-19,768,12933,13701
24,2020-08-20,736,12644,13380
24,2020-08-21,805,13096,13901
24,2020-08-22,286,13813,14099
24,2020-08-23,109,9977,10086
24,2020-08-24,1133,12565,13698
24,2020-08-25,1204,13099,14303
24,2020-08-26,1171,13176,14347
24,2020-08-27,1167,12773,13940
24,2020-08-28,1197,13237,14434
24,2020-08-29,507,13823,14330
24,2020-08-30,98,10775,10873
24,2020-08-31,1143,12331,13474
24,2020-09-01,370,7956,8326
24,2020-09-02,350,7241,7591
24,2020-09-03,356,7377,7733
24,2020-09-04,339,8010,8349
24,2020-09-05,211,6859,7070
24,2020-09-06,34,4849,4883
24,2020-09-07,345,7406,7751
24,2020-09-08,346,7475,7821
24,2020-09-09,300,7497,7797
24,2020-09-10,288,7587,7875
24,2020-09-11,313,8219,8532
24,2020-09-12,179,7195,7374
24,2020-09-13,30,5173,5203
24,2020-09-14,293,7812,8105
24,2020-09-15,310,7927,8237
24,2020-09-16,320,7644,7964
24,2020-09-17,352,7693,8045
24,2020-09-18,329,8565,8894
24,2020-09-19,188,7035,7223
24,2020-09-20,39,5031,5070
24,2020-09-21,311,7584,7895
24,2020-09-22,321,7775,8096
24,2020-09-23,362,7809,8171
24,2020-09-24,353,7784,8137
24,2020-09-25,341,8356,8697
24,2020-09-26,200,6808,7008
24,2020-09-27,40,4647,4687
24,2020-09-28,300,7315,7615
24,2020-09-29,281,7625,7906
24,2020-09-30,296,7608,7904
24,2020-10-01,318,7986,8304
24,2020-10-02,344,8398,8742
24,2020-10-03,179,7237,7416
24,2020-10-04,31,4714,4745
24,2020-10-05,319,8207,8526
24,2020-10-06,287,7794,8081
24,2020-10-07,305,7648,7953
24,2020-10-08,339,7742,8081
24,2020-10-09,329,8330,8659
24,2020-10-10,199,7702,7901
24,2020-10-11,27,4965,4992
24,2020-10-12,366,7596,7962
24,2020-10-13,395,7737,8132
24,2020-10-14,305,7345,7650
24,2020-10-15,338,7675,8013
24,2020-10-16,308,8384,8692
24,2020-10-17,218,6898,7116
24,2020-10-18,35,4753,4788
24,2020-10-19,297,7296,7593
24,2020-10-20,308,7135,7443
24,2020-10-21,290,7421,7711
24,2020-10-22,295,7449,7744
24,2020-10-23,314,7914,8228
24,2020-10-24,169,6398,6567
24,2020-10-25,37,4311,4348
24,2020-10-26,296,7196,7492
24,2020-10-27,294,7392,7686
24,2020-10-28,268,7661,7929
24,2020-10-29,281,7779,8060
24,2020-10-30,300,7176,7476
24,2020-11-01,36,3500,3536
24,2020-11-02,256,6107,6363
24,2020-11-03,299,6449,6748
24,2020-11-04,307,6294,6601
24,2020-11-05,298,6596,6894
24,2020-11-06,326,7018,7344
24,2020-11-07,293,5278,5571
24,2020-11-08,55,3620,3675
24,2020-11-09,308,6985,7293
24,2020-11-10,325,6874,7199
24,2020-11-11,340,6865,7205
24,2020-11-12,313,6954,7267
24,2020-11-13,299,7315,7614
24,2020-11-14,204,5941,6145
24,2020-11-15,40,3856,3896
24,2020-11-16,319,6713,7032
24,2020-11-17,310,7087,7397
24,2020-11-18,277,7021,7298
24,2020-11-19,319,7118,7437
24,2020-11-20,357,7586,7943
24,2020-11-21,211,5863,6074
24,2020-11-22,33,3858,3891
24,2020-11-23,319,6807,7126
24,2020-11-24,333,7106,7439
24,2020-11-25,303,6772,7075
24,2020-11-26,324,6540,6864
24,2020-11-27,348,6800,7148
24,2020-11-28,219,5369,5588
24,2020-11-29,35,3453,3488
24,2020-11-30,335,6791,7126
24,2020-12-01,325,6842,7167
24,2020-12-02,276,6772,7048
24,2020-12-03,324,6743,7067
24,2020-12-04,325,7380,7705
24,2020-12-05,204,5520,5724
24,2020-12-06,35,3556,3591
24,2020-12-07,439,7597,8036
24,2020-12-08,390,6741,7131
24,2020-12-09,309,6685,6994
24,2020-12-10,308,7010,7318
24,2020-12-11,317,7439,7756
24,2020-12-12,170,5441,5611
24,2020-12-13,38,3481,3519
24,2020-12-14,316,7049,7365
24,2020-12-15,342,7053,7395
24,2020-12-16,413,8119,8532
24,2020-12-17,316,7238,7554
24,2020-12-18,331,7932,8263
24,2020-12-19,196,5983,6179
24,2020-12-20,34,3822,3856
24,2020-12-21,253,6727,6980
24,2020-12-22,226,6989,7215
24,2020-12-23,213,7003,7216
24,2020-12-24,220,6018,6238
24,2020-12-25,28,2782,2810
24,2020-12-26,43,3496,3539
24,2020-12-27,39,1973,2012
24,2020-12-28,244,5029,5273
24,2020-12-29,265,5206,5471
24,2020-12-30,234,5618,5852
24,2020-12-31,218,4879,5097
25,2020-01-01,26,5224,5250
25,2020-01-02,115,10960,11075
25,2020-01-03,108,12321,12429
25,2020-01-04,87,10572,10659
25,2020-01-05,32,7117,7149
25,2020-01-06,202,14357,14559
25,2020-01-07,210,14542,14752
25,2020-01-08,221,14444,14665
25,2020-01-09,177,13429,13606
25,2020-01-10,213,14880,15093
25,2020-01-11,122,12213,12335
25,2020-01-12,27,7845,7872
25,2020-01-13,231,14272,14503
25,2020-01-14,320,14670,14990
25,2020-01-15,286,14696,14982
25,2020-01-16,314,15158,15472
25,2020-01-17,274,14975,15249
25,2020-01-18,132,12506,12638
25,2020-01-19,28,7682,7710
25,2020-01-20,295,14473,14768
25,2020-01-21,321,14907,15228
25,2020-01-22,310,14975,15285
25,2020-01-23,352,15219,15571
25,2020-01-24,342,15762,16104
25,2020-01-25,147,12435,12582
25,2020-01-26,17,7863,7880
25,2020-01-27,188,12558,12746
25,2020-01-28,319,14710,15029
25,2020-01-29,288,15206,15494
25,2020-01-30,307,15192,15499
25,2020-01-31,267,16128,16395
25,2020-02-01,98,11412,11510
25,2020-02-02,13,7516,7529
25,2020-02-03,231,14182,14413
25,2020-02-04,313,15087,15400
25,2020-02-05,304,14864,15168
25,2020-02-06,368,15281,15649
25,2020-02-07,334,16228,16562
25,2020-02-08,157,12476,12633
25,2020-02-09,21,7141,7162
25,2020-02-10,196,13344,13540
25,2020-02-11,343,15317,15660
25,2020-02-12,322,15162,15484
25,2020-02-13,303,15142,15445
25,2020-02-14,293,16124,16417
25,2020-02-15,132,12486,12618
25,2020-02-16,34,7771,7805
25,2020-02-17,311,14373,14684
25,2020-02-18,332,14686,15018
25,2020-02-19,305,15085,15390
25,2020-02-20,296,14709,15005
25,2020-02-21,316,15730,16046
25,2020-02-22,149,12457,12606
25,2020-02-23,33,7327,7360
25,2020-02-24,264,13209,13473
25,2020-02-25,260,14230,14490
25,2020-02-27,193,8051,8244
25,2020-02-28,289,15381,15670
25,2020-02-29,133,12017,12150
25,2020-03-01,38,7766,7804
25,2020-03-02,289,14535,14824
25,2020-03-03,357,15053,15410
25,2020-03-04,311,15230,15541
25,2020-03-05,241,13734,13975
25,2020-03-06,323,16317,16640
25,2020-03-07,145,12960,13105
25,2020-03-08,35,7729,7764
25,2020-03-09,302,14659,14961
25,2020-03-10,219,14607,14826
25,2020-03-11,274,15076,15350
25,2020-03-12,300,14602,14902
25,2020-03-13,339,16490,16829
25,2020-03-14,144,10397,10541
25,2020-03-15,21,6329,6350
25,2020-03-16,286,12442,12728
25,2020-03-17,285,11029,11314
25,2020-03-18,227,8815,9042
25,2020-03-19,184,5797,5981
25,2020-03-20,159,5478,5637
25,2020-03-21,44,2571,2615
25,2020-03-22,15,1580,1595
25,2020-03-23,108,4343,4451
25,2020-03-24,109,4029,4138
25,2020-03-25,104,3972,4076
25,2020-03-26,125,4052,4177
25,2020-03-27,107,4436,4543
25,2020-03-28,53,2626,2679
25,2020-03-30,119,4245,4364
25,2020-03-31,129,4091,4220
25,2020-04-01,101,4117,4218
25,2020-04-02,117,4224,4341
25,2020-04-03,127,4370,4497
25,2020-04-04,53,2430,2483
25,2020-04-05,12,1406,1418
25,2020-04-06,93,4198,4291
25,2020-04-07,114,4043,4157
25,2020-04-08,120,3993,4113
25,2020-04-09,121,4073,4194
25,2020-04-10,100,4118,4218
25,2020-04-11,48,2511,2559
25,2020-04-12,6,1181,1187
25,2020-04-13,6,1435,1441
25,2020-04-14,117,4593,4710
25,2020-04-15,128,4314,4442
25,2020-04-16,147,4421,4568
25,2020-04-17,135,4906,5041
25,2020-04-18,66,3070,3136
25,2020-04-19,14,1741,1755
25,2020-04-20,204,6117,6321
25,2020-04-21,251,6194,6445
25,2020-04-22,238,6226,6464
25,2020-04-23,216,6461,6677
25,2020-04-24,243,6907,7150
25,2020-04-25,93,4481,4574
25,2020-04-26,15,2320,2335
25,2020-04-27,270,6912,7182
25,2020-04-28,250,6942,7192
25,2020-04-29,259,7090,7349
25,2020-04-30,266,7462,7728
25,2020-05-01,48,2501,2549
25,2020-05-02,86,4765,4851
25,2020-05-03,19,2525,2544
25,2020-05-04,261,7551,7812
25,2020-05-05,274,7901,8175
25,2020-05-06,270,8011,8281
25,2020-05-07,272,7919,8191
25,2020-05-08,290,8265,8555
25,2020-05-09,51,4440,4491
25,2020-05-10,6,3141,3147
25,2020-05-11,221,8721,8942
25,2020-05-12,259,9179,9438
25,2020-05-13,263,9219,9482
25,2020-05-14,306,9359,9665
25,2020-05-15,322,9632,9954
25,2020-05-16,182,6827,7009
25,2020-05-17,30,4015,4045
25,2020-05-18,274,9604,9878
25,2020-05-19,303,9911,10214
25,2020-05-20,325,10389,10714
25,2020-05-21,29,4297,4326
25,2020-05-22,251,9374,9625
25,2020-05-23,141,6610,6751
25,2020-05-24,28,4165,4193
25,2020-05-25,277,10365,10642
25,2020-05-26,273,10785,11058
25,2020-05-27,290,10748,11038
25,2020-05-28,358,11370,11728
25,2020-05-29,337,11402,11739
25,2020-05-30,182,10397,10579
25,2020-05-31,38,6376,6414
25,2020-06-01,31,5766,5797
25,2020-06-02,286,13075,13361
25,2020-06-03,321,12334,12655
25,2020-06-04,266,11909,12175
25,2020-06-05,300,12379,12679
25,2020-06-06,153,10664,10817
25,2020-06-07,30,6230,6260
25,2020-06-08,285,11952,12237
25,2020-06-09,291,12467,12758
25,2020-06-10,278,12425,12703
25,2020-06-11,312,12786,13098
25,2020-06-12,313,13362,13675
25,2020-06-13,111,10689,10800
25,2020-06-14,29,6857,6886
25,2020-06-15,307,12603,12910
25,2020-06-16,311,13400,13711
25,2020-06-17,280,13055,13335
25,2020-06-18,301,13356,13657
25,2020-06-19,356,14336,14692
25,2020-06-20,176,11519,11695
25,2020-06-21,39,7091,7130
25,2020-06-22,266,12597,12863
25,2020-06-23,71,9500,9571
25,2020-06-24,337,13588,13925
25,2020-06-25,349,13936,14285
25,2020-06-26,368,14512,14880
25,2020-06-27,117,11245,11362
25,2020-06-28,37,7450,7487
25,2020-06-29,327,13195,13522
25,2020-06-30,367,13858,14225
25,2020-07-01,328,13729,14057
25,2020-07-02,313,13665,13978
25,2020-07-03,349,14592,14941
25,2020-07-04,182,11683,11865
25,2020-07-05,22,7045,7067
25,2020-07-06,302,13019,13321
25,2020-07-07,300,13744,14044
25,2020-07-08,334,13579,13913
25,2020-07-09,307,13888,14195
25,2020-07-10,319,14687,15006
25,2020-07-11,156,12101,12257
25,2020-07-12,30,7638,7668
25,2020-07-13,258,13392,13650
25,2020-07-14,271,13288,13559
25,2020-07-15,284,13452,13736
25,2020-07-16,279,13417,13696
25,2020-07-17,303,14494,14797
25,2020-07-18,160,10952,11112
25,2020-07-19,31,7300,7331
25,2020-07-20,292,12989,13281
25,2020-07-21,260,12999,13259
25,2020-07-22,305,13458,13763
25,2020-07-23,311,13676,13987
25,2020-07-24,308,13954,14262
25,2020-07-25,156,10894,11050
25,2020-07-26,35,6997,7032
25,2020-07-27,277,12651,12928
25,2020-07-28,250,13093,13343
25,2020-07-29,308,13171,13479
25,2020-07-30,265,13370,13635
25,2020-07-31,220,13385,13605
25,2020-08-01,122,9966,10088
25,2020-08-02,35,7030,7065
25,2020-08-03,211,11314,11525
25,2020-08-04,179,11577,11756
25,2020-08-05,193,11771,11964
25,2020-08-06,207,12018,12225
25,2020-08-07,181,12396,12577
25,2020-08-08,94,9145,9239
25,2020-08-09,35,6223,6258
25,2020-08-10,149,10990,11139
25,2020-08-11,186,11291,11477
25,2020-08-12,164,11210,11374
25,2020-08-13,200,11571,11771
25,2020-08-14,216,13126,13342
25,2020-08-15,115,9065,9180
25,2020-08-16,52,8332,8384
25,2020-08-17,549,14396,14945
25,2020-08-18,613,14766,15379
25,2020-08-19,698,15080,15778
25,2020-08-20,636,14989,15625
25,2020-08-21,628,14616,15244
25,2020-08-22,239,13755,13994
25,2020-08-23,68,8860,8928
25,2020-08-24,804,14552,15356
25,2020-08-25,800,14888,15688
25,2020-08-26,814,15154,15968
25,2020-08-27,775,15029,15804
25,2020-08-28,818,14784,15602
25,2020-08-29,246,14901,15147
25,2020-08-30,64,9581,9645
25,2020-08-31,801,14348,15149
25,2020-09-01,346,13358,13704
25,2020-09-02,273,13479,13752
25,2020-09-03,358,13640,13998
25,2020-09-04,281,14305,14586
25,2020-09-05,177,11467,11644
25,2020-09-06,38,7566,7604
25,2020-09-07,296,13037,13333
25,2020-09-08,288,13560,13848
25,2020-09-09,309,13605,13914
25,2020-09-10,301,13734,14035
25,2020-09-11,281,14725,15006
25,2020-09-12,176,11895,12071
25,2020-09-13,44,7940,7984
25,2020-09-14,301,13397,13698
25,2020-09-15,347,13582,13929
25,2020-09-16,316,13496,13812
25,2020-09-17,328,14293,14621
25,2020-09-18,360,14864,15224
25,2020-09-19,210,11682,11892
25,2020-09-20,37,7825,7862
25,2020-09-21,315,13627,13942
25,2020-09-22,319,13959,14278
25,2020-09-23,343,13911,14254
25,2020-09-24,382,14400,14782
25,2020-09-25,381,14654,15035
25,2020-09-26,171,11593,11764
25,2020-09-27,35,6932,6967
25,2020-09-28,314,13067,13381
25,2020-09-29,404,14210,14614
25,2020-09-30,290,14109,14399
25,2020-10-01,377,13975,14352
25,2020-10-02,260,12827,13087
25,2020-10-03,145,11431,11576
25,2020-10-04,47,7318,7365
25,2020-10-05,329,12331,12660
25,2020-10-06,273,12482,12755
25,2020-10-07,293,13658,13951
25,2020-10-08,346,13950,14296
25,2020-10-09,275,13276,13551
25,2020-10-10,146,11257,11403
25,2020-10-11,46,7260,7306
25,2020-10-12,414,13312,13726
25,2020-10-13,402,13191,13593
25,2020-10-14,387,13799,14186
25,2020-10-15,349,13625,13974
25,2020-10-16,423,14603,15026
25,2020-10-17,183,11056,11239
25,2020-10-18,41,6892,6933
25,2020-10-19,344,12939,13283
25,2020-10-20,367,13344,13711
25,2020-10-21,260,13457,13717
25,2020-10-22,289,13619,13908
25,2020-10-23,276,14150,14426
25,2020-10-24,143,11263,11406
25,2020-10-25,17,6099,6116
25,2020-10-26,339,12887,13226
25,2020-10-27,378,12560,12938
25,2020-10-28,302,13686,13988
25,2020-10-29,351,13596,13947
25,2020-10-30,304,14059,14363
25,2020-11-01,20,4879,4899
25,2020-11-02,230,10828,11058
25,2020-11-03,388,11399,11787
25,2020-11-04,360,11669,12029
25,2020-11-05,341,11819,12160
25,2020-11-06,345,12470,12815
25,2020-11-07,188,9931,10119
25,2020-11-08,42,6285,6327
25,2020-11-09,303,12119,12422
25,2020-11-10,311,12637,12948
25,2020-11-11,242,12944,13186
25,2020-11-12,390,12774,13164
25,2020-11-13,308,13266,13574
25,2020-11-14,178,10497,10675
25,2020-11-15,55,5997,6052
25,2020-11-16,288,12495,12783
25,2020-11-17,329,13110,13439
25,2020-11-18,342,13075,13417
25,2020-11-19,311,13075,13386
25,2020-11-20,346,13805,14151
25,2020-11-21,153,10623,10776
25,2020-11-22,38,6431,6469
25,2020-11-23,305,12689,12994
25,2020-11-24,352,13041,13393
25,2020-11-25,321,13144,13465
25,2020-11-26,366,12649,13015
25,2020-11-27,359,13494,13853
25,2020-11-28,166,9865,10031
25,2020-11-29,38,5878,5916
25,2020-11-30,357,12470,12827
25,2020-12-01,255,12271,12526
25,2020-12-02,321,12741,13062
25,2020-12-03,270,12276,12546
25,2020-12-04,290,13127,13417
25,2020-12-05,189,10533,10722
25,2020-12-06,45,5949,5994
25,2020-12-07,385,12501,12886
25,2020-12-08,309,12045,12354
25,2020-12-09,416,12999,13415
25,2020-12-10,421,12825,13246
25,2020-12-11,256,12481,12737
25,2020-12-12,147,10044,10191
25,2020-12-13,33,6024,6057
25,2020-12-14,340,12794,13134
25,2020-12-15,270,11898,12168
25,2020-12-16,352,13510,13862
25,2020-12-17,313,13482,13795
25,2020-12-18,323,14405,14728
25,2020-12-19,123,10223,10346
25,2020-12-20,29,6106,6135
25,2020-12-21,155,11103,11258
25,2020-12-22,130,10531,10661
25,2020-12-23,136,9907,10043
25,2020-12-24,100,9771,9871
25,2020-12-25,16,3605,3621
25,2020-12-26,32,5586,5618
25,2020-12-27,15,3509,3524
25,2020-12-28,108,8845,8953
25,2020-12-29,149,9873,10022
25,2020-12-30,131,10529,10660
25,2020-12-31,104,8275,8379
26,2020-01-01,83,13486,13569
26,2020-01-02,1051,23870,24921
26,2020-01-03,1113,24173,25286
26,2020-01-04,466,24956,25422
26,2020-01-05,150,18221,18371
26,2020-01-06,1864,27403,29267
26,2020-01-07,2091,27492,29583
26,2020-01-08,1980,25651,27631
26,2020-01-09,2178,24609,26787
26,2020-01-10,2134,28490,30624
26,2020-01-11,727,28780,29507
26,2020-01-12,138,18228,18366
26,2020-01-13,2390,26860,29250
26,2020-01-14,2589,27401,29990
26,2020-01-15,2663,28127,30790
26,2020-01-16,2767,28811,31578
26,2020-01-17,2504,28179,30683
26,2020-01-18,651,28278,28929
26,2020-01-19,150,18971,19121
26,2020-01-20,2704,27599,30303
26,2020-01-21,2738,28210,30948
26,2020-01-22,2754,28206,30960
26,2020-01-23,2661,28375,31036
26,2020-01-24,2708,29965,32673
26,2020-01-25,720,28593,29313
26,2020-01-26,119,19420,19539
26,2020-01-27,2459,22252,24711
26,2020-01-28,2592,26151,28743
26,2020-01-29,2745,28128,30873
26,2020-01-30,2723,26327,29050
26,2020-01-31,2607,28638,31245
26,2020-02-01,543,24755,25298
26,2020-02-02,101,16851,16952
26,2020-02-03,2587,24080,26667
26,2020-02-04,2798,27845,30643
26,2020-02-05,2787,26968,29755
26,2020-02-06,2991,28928,31919
26,2020-02-07,2864,30722,33586
26,2020-02-08,779,29169,29948
26,2020-02-09,144,16613,16757
26,2020-02-10,2343,24425,26768
26,2020-02-11,2683,28415,31098
26,2020-02-12,2773,27727,30500
26,2020-02-13,2680,26977,29657
26,2020-02-14,2708,31182,33890
26,2020-02-15,725,28239,28964
26,2020-02-16,149,17749,17898
26,2020-02-17,2739,27132,29871
26,2020-02-18,2825,27521,30346
26,2020-02-19,2932,27705,30637
26,2020-02-20,2912,26826,29738
26,2020-02-21,2879,29634,32513
26,2020-02-22,845,28019,28864
26,2020-02-23,158,15753,15911
26,2020-02-24,2584,26822,29406
26,2020-02-25,2641,26582,29223
26,2020-02-26,2662,27367,30029
26,2020-02-27,2596,25273,27869
26,2020-02-28,2719,29635,32354
26,2020-02-29,937,26673,27610
26,2020-03-01,134,17695,17829
26,2020-03-02,2816,25665,28481
26,2020-03-03,2947,28412,31359
26,2020-03-04,2936,28723,31659
26,2020-03-05,2742,25583,28325
26,2020-03-06,2834,29268,32102
26,2020-03-07,715,29973,30688
26,2020-03-08,146,18883,19029
26,2020-03-09,2722,27515,30237
26,2020-03-10,2601,23988,26589
26,2020-03-11,2772,27735,30507
26,2020-03-12,2839,27360,30199
26,2020-03-13,2785,28446,31231
26,2020-03-14,749,24211,24960
26,2020-03-15,139,14737,14876
26,2020-03-16,2729,23705,26434
26,2020-03-17,2529,21102,23631
26,2020-03-18,2397,16886,19283
26,2020-03-19,2011,14090,16101
26,2020-03-20,1771,13298,15069
26,2020-03-21,349,6430,6779
26,2020-03-22,47,4080,4127
26,2020-03-23,1527,10981,12508
26,2020-03-24,1587,10931,12518
26,2020-03-25,1498,11257,12755
26,2020-03-26,1425,11299,12724
26,2020-03-27,1341,12084,13425
26,2020-03-28,308,7120,7428
26,2020-03-30,1293,11866,13159
26,2020-03-31,1412,11792,13204
26,2020-04-01,1378,12065,13443
26,2020-04-02,1355,12168,13523
26,2020-04-03,1352,12552,13904
26,2020-04-04,344,7299,7643
26,2020-04-05,51,4292,4343
26,2020-04-06,1468,12844,14312
26,2020-04-07,1564,12650,14214
26,2020-04-08,1570,12869,14439
26,2020-04-09,1615,13153,14768
26,2020-04-10,1211,13467,14678
26,2020-04-11,318,8158,8476
26,2020-04-12,41,4329,4370
26,2020-04-13,109,4501,4610
26,2020-04-14,1431,13570,15001
26,2020-04-15,1660,13815,15475
26,2020-04-16,1723,14243,15966
26,2020-04-17,1669,15165,16834
26,2020-04-18,371,9271,9642
26,2020-04-19,70,5606,5676
26,2020-04-20,1889,17409,19298
26,2020-04-21,2354,17691,20045
26,2020-04-22,2638,18048,20686
26,2020-04-23,2490,16720,19210
26,2020-04-24,2699,19190,21889
26,2020-04-25,536,12079,12615
26,2020-04-26,82,6860,6942
26,2020-04-27,2584,18004,20588
26,2020-04-28,2537,16664,19201
26,2020-04-29,2539,16974,19513
26,2020-04-30,2394,17782,20176
26,2020-05-01,244,6613,6857
26,2020-05-02,461,12828,13289
26,2020-05-03,62,7374,7436
26,2020-05-04,2658,18850,21508
26,2020-05-05,2721,18510,21231
26,2020-05-06,2845,20531,23376
26,2020-05-07,2888,19709,22597
26,2020-05-08,2315,20126,22441
26,2020-05-09,292,10719,11011
26,2020-05-10,83,8406,8489
26,2020-05-11,2593,22900,25493
26,2020-05-12,2905,23436,26341
26,2020-05-13,2919,23707,26626
26,2020-05-14,2848,24237,27085
26,2020-05-15,2928,25225,28153
26,2020-05-16,1064,19212,20276
26,2020-05-17,128,11952,12080
26,2020-05-18,2830,24661,27491
26,2020-05-19,2941,25635,28576
26,2020-05-20,2980,25730,28710
26,2020-05-21,327,12976,13303
26,2020-05-22,2338,24610,26948
26,2020-05-23,702,18661,19363
26,2020-05-24,114,12463,12577
26,2020-05-25,2803,25188,27991
26,2020-05-26,2921,25602,28523
26,2020-05-27,2879,25511,28390
26,2020-05-28,2537,20897,23434
26,2020-05-29,2761,26548,29309
26,2020-05-30,883,24262,25145
26,2020-05-31,121,15002,15123
26,2020-06-01,213,14461,14674
26,2020-06-02,2735,26539,29274
26,2020-06-03,3016,25537,28553
26,2020-06-04,2818,25172,27990
26,2020-06-05,3016,25763,28779
26,2020-06-06,758,24533,25291
26,2020-06-07,151,14953,15104
26,2020-06-08,2778,26296,29074
26,2020-06-09,2739,26114,28853
26,2020-06-10,2795,26854,29649
26,2020-06-11,2679,27470,30149
26,2020-06-12,2750,27594,30344
26,2020-06-13,712,25363,26075
26,2020-06-14,140,16751,16891
26,2020-06-15,2600,24687,27287
26,2020-06-16,2744,23884,26628
26,2020-06-17,2774,21003,23777
26,2020-06-18,2821,24816,27637
26,2020-06-19,2935,25592,28527
26,2020-06-20,1041,27522,28563
26,2020-06-21,184,17288,17472
26,2020-06-22,2210,26389,28599
26,2020-06-23,911,20691,21602
26,2020-06-24,3127,26032,29159
26,2020-06-25,3089,26746,29835
26,2020-06-26,2917,27847,30764
26,2020-06-27,1016,27638,28654
26,2020-06-28,137,18120,18257
26,2020-06-29,3003,26813,29816
26,2020-06-30,2871,24603,27474
26,2020-07-01,2831,24554,27385
26,2020-07-02,2911,24207,27118
26,2020-07-03,2815,25710,28525
26,2020-07-04,892,28290,29182
26,2020-07-05,136,17429,17565
26,2020-07-06,2901,26791,29692
26,2020-07-07,2815,27367,30182
26,2020-07-08,2900,27455,30355
26,2020-07-09,2816,27664,30480
26,2020-07-10,2722,29270,31992
26,2020-07-11,808,28216,29024
26,2020-07-12,164,18330,18494
26,2020-07-13,2822,27300,30122
26,2020-07-14,2431,27460,29891
26,2020-07-15,2730,27206,29936
26,2020-07-16,2796,26809,29605
26,2020-07-17,2793,28302,31095
26,2020-07-18,764,26230,26994
26,2020-07-19,160,17378,17538
26,2020-07-20,2715,26532,29247
26,2020-07-21,2494,26509,29003
26,2020-07-22,2925,26613,29538
26,2020-07-23,2999,27118,30117
26,2020-07-24,2893,27759,30652
26,2020-07-25,789,26392,27181
26,2020-07-26,153,16840,16993
26,2020-07-27,2759,26179,28938
26,2020-07-28,2709,24673,27382
26,2020-07-29,2731,24962,27693
26,2020-07-30,2508,27356,29864
26,2020-07-31,2120,27526,29646
26,2020-08-01,511,23518,24029
26,2020-08-02,141,16440,16581
26,2020-08-03,1763,24696,26459
26,2020-08-04,1861,25450,27311
26,2020-08-05,1853,25735,27588
26,2020-08-06,1848,25694,27542
26,2020-08-07,1829,26514,28343
26,2020-08-08,500,22355,22855
26,2020-08-09,121,14872,14993
26,2020-08-10,1705,24431,26136
26,2020-08-11,1787,24883,26670
26,2020-08-12,1791,24524,26315
26,2020-08-13,1624,25072,26696
26,2020-08-14,1708,26118,27826
26,2020-08-15,219,16341,16560
26,2020-08-16,113,14113,14226
26,2020-08-17,1493,22314,23807
26,2020-08-18,1598,21965,23563
26,2020-08-19,1600,22485,24085
26,2020-08-20,1595,22481,24076
26,2020-08-21,1551,23422,24973
26,2020-08-22,453,21823,22276
26,2020-08-23,134,14943,15077
26,2020-08-24,2347,23102,25449
26,2020-08-25,2339,23518,25857
26,2020-08-26,2385,23549,25934
26,2020-08-27,2419,23912,26331
26,2020-08-28,2373,24553,26926
26,2020-08-29,728,23510,24238
26,2020-08-30,139,16522,16661
26,2020-08-31,2422,23497,25919
26,2020-09-01,2550,25427,27977
26,2020-09-02,2598,26402,29000
26,2020-09-03,2752,26667,29419
26,2020-09-04,2599,28250,30849
26,2020-09-05,783,26228,27011
26,2020-09-06,132,17200,17332
26,2020-09-07,2588,26431,29019
26,2020-09-08,2815,27086,29901
26,2020-09-09,2942,27292,30234
26,2020-09-10,2832,27378,30210
26,2020-09-11,2727,28808,31535
26,2020-09-12,789,27638,28427
26,2020-09-13,164,18536,18700
26,2020-09-14,2888,27573,30461
26,2020-09-15,2785,27942,30727
26,2020-09-16,2923,26743,29666
26,2020-09-17,2922,28025,30947
26,2020-09-18,2866,29169,32035
26,2020-09-19,698,27904,28602
26,2020-09-20,168,18621,18789
26,2020-09-21,2788,27291,30079
26,2020-09-22,2762,27791,30553
26,2020-09-23,2926,27374,30300
26,2020-09-24,2899,28105,31004
26,2020-09-25,2760,27697,30457
26,2020-09-26,918,27592,28510
26,2020-09-27,129,16327,16456
26,2020-09-28,2700,27781,30481
26,2020-09-29,2559,29056,31615
26,2020-09-30,2781,29946,32727
26,2020-10-01,2723,27441,30164
26,2020-10-02,2610,27617,30227
26,2020-10-03,585,27497,28082
26,2020-10-04,145,17492,17637
26,2020-10-05,2414,21951,24365
26,2020-10-06,2473,23744,26217
26,2020-10-07,2605,26621,29226
26,2020-10-08,2638,25873,28511
26,2020-10-09,2428,24275,26703
26,2020-10-10,634,22788,23422
26,2020-10-11,154,16548,16702
26,2020-10-12,2653,25732,28385
26,2020-10-13,2699,25494,28193
26,2020-10-14,2801,27182,29983
26,2020-10-15,2853,27689,30542
26,2020-10-16,2723,28507,31230
26,2020-10-17,689,23751,24440
26,2020-10-18,155,15590,15745
26,2020-10-19,2619,26596,29215
26,2020-10-20,2819,26358,29177
26,2020-10-21,2717,25961,28678
26,2020-10-22,2694,26388,29082
26,2020-10-23,2403,26940,29343
26,2020-10-24,666,25336,26002
26,2020-10-25,100,14929,15029
26,2020-10-26,2610,26185,28795
26,2020-10-27,2681,25468,28149
26,2020-10-28,2628,24980,27608
26,2020-10-29,2799,25001,27800
26,2020-10-30,2491,26408,28899
26,2020-11-01,102,9899,10001
26,2020-11-02,2456,22151,24607
26,2020-11-03,2797,24451,27248
26,2020-11-04,2913,24961,27874
26,2020-11-05,2834,25181,28015
26,2020-11-06,2686,26193,28879
26,2020-11-07,863,22306,23169
26,2020-11-08,135,13201,13336
26,2020-11-09,2654,24788,27442
26,2020-11-10,2845,25767,28612
26,2020-11-11,1914,26066,27980
26,2020-11-12,2828,26202,29030
26,2020-11-13,2677,26554,29231
26,2020-11-14,720,23947,24667
26,2020-11-15,125,13107,13232
26,2020-11-16,2491,24018,26509
26,2020-11-17,2720,26392,29112
26,2020-11-18,2745,26769,29514
26,2020-11-19,2514,25352,27866
26,2020-11-20,2442,27613,30055
26,2020-11-21,757,24704,25461
26,2020-11-22,143,14051,14194
26,2020-11-23,2465,25172,27637
26,2020-11-24,2569,26495,29064
26,2020-11-25,2654,26694,29348
26,2020-11-26,2577,25064,27641
26,2020-11-27,2572,27245,29817
26,2020-11-28,704,23674,24378
26,2020-11-29,153,14636,14789
26,2020-11-30,2579,25503,28082
26,2020-12-01,2409,23314,25723
26,2020-12-02,2673,25578,28251
26,2020-12-03,2637,25012,27649
26,2020-12-04,2616,26380,28996
26,2020-12-05,737,24182,24919
26,2020-12-06,140,15010,15150
26,2020-12-07,2519,24979,27498
26,2020-12-08,2463,24594,27057
26,2020-12-09,2672,26228,28900
26,2020-12-10,2669,26923,29592
26,2020-12-11,2559,24860,27419
26,2020-12-12,647,21335,21982
26,2020-12-13,125,14711,14836
26,2020-12-14,2765,25926,28691
26,2020-12-15,2513,23152,25665
26,2020-12-16,2631,26437,29068
26,2020-12-17,2505,26900,29405
26,2020-12-18,2343,29059,31402
26,2020-12-19,636,24214,24850
26,2020-12-20,131,15985,16116
26,2020-12-21,1757,22314,24071
26,2020-12-22,1551,19399,20950
26,2020-12-23,1349,20895,22244
26,2020-12-24,774,19919,20693
26,2020-12-25,75,9874,9949
26,2020-12-26,156,13260,13416
26,2020-12-27,81,8563,8644
26,2020-12-28,1134,20145,21279
26,2020-12-29,1095,20465,21560
26,2020-12-30,1031,21991,23022
26,2020-12-31,636,18263,18899
27,2020-01-01,7,811,818
27,2020-01-02,27,1769,1796
27,2020-01-03,28,1884,1912
27,2020-01-04,14,1610,1624
27,2020-01-05,4,1365,1369
27,2020-01-06,47,1935,1982
27,2020-01-07,38,1955,1993
27,2020-01-08,67,1937,2004
27,2020-01-09,64,2073,2137
27,2020-01-10,64,2217,2281
27,2020-01-11,23,1673,1696
27,2020-01-12,10,1798,1808
27,2020-01-13,44,1955,1999
27,2020-01-14,66,2026,2092
27,2020-01-15,48,1997,2045
27,2020-01-16,56,2089,2145
27,2020-01-17,52,2157,2209
27,2020-01-18,28,1630,1658
27,2020-01-19,11,1407,1418
27,2020-01-20,62,2083,2145
27,2020-01-21,63,2112,2175
27,2020-01-22,70,2028,2098
27,2020-01-23,64,2085,2149
27,2020-01-24,83,2216,2299
27,2020-01-25,36,1653,1689
27,2020-01-26,14,1408,1422
27,2020-01-27,58,2038,2096
27,2020-01-28,74,2046,2120
27,2020-01-29,58,2050,2108
27,2020-01-30,65,2138,2203
27,2020-01-31,57,2280,2337
27,2020-02-01,31,1764,1795
27,2020-02-02,5,1464,1469
27,2020-02-03,62,2127,2189
27,2020-02-04,69,2071,2140
27,2020-02-05,80,2066,2146
27,2020-02-06,71,2098,2169
27,2020-02-07,145,2274,2419
27,2020-02-08,24,1755,1779
27,2020-02-09,14,1300,1314
27,2020-02-10,114,1870,1984
27,2020-02-11,60,2014,2074
27,2020-02-12,62,2047,2109
27,2020-02-13,56,2225,2281
27,2020-02-14,56,2373,2429
27,2020-02-15,23,1838,1861
27,2020-02-16,5,1479,1484
27,2020-02-17,78,2052,2130
27,2020-02-18,51,2079,2130
27,2020-02-19,63,2110,2173
27,2020-02-20,75,2319,2394
27,2020-02-21,54,2215,2269
27,2020-02-22,30,1640,1670
27,2020-02-23,18,1314,1332
27,2020-02-24,29,1544,1573
27,2020-02-25,50,2078,2128
27,2020-02-26,66,2082,2148
27,2020-02-27,48,1784,1832
27,2020-02-28,61,2346,2407
27,2020-02-29,50,1948,1998
27,2020-03-01,23,1600,1623
27,2020-03-02,75,2010,2085
27,2020-03-03,62,2116,2178
27,2020-03-04,67,2085,2152
27,2020-03-05,61,1943,2004
27,2020-03-06,68,2285,2353
27,2020-03-07,26,1850,1876
27,2020-03-08,10,1532,1542
27,2020-03-09,82,2055,2137
27,2020-03-10,69,2054,2123
27,2020-03-11,77,2134,2211
27,2020-03-12,88,2338,2426
27,2020-03-13,111,2688,2799
27,2020-03-14,29,1886,1915
27,2020-03-15,10,1882,1892
27,2020-03-16,60,1857,1917
27,2020-03-17,78,1420,1498
27,2020-03-18,82,1354,1436
27,2020-03-19,82,1273,1355
27,2020-03-20,41,1190,1231
27,2020-03-21,4,358,362
27,2020-03-22,10,267,277
27,2020-03-23,25,651,676
27,2020-03-24,20,567,587
27,2020-03-25,11,597,608
27,2020-03-26,30,810,840
27,2020-03-27,30,1483,1513
27,2020-03-28,20,770,790
27,2020-03-30,53,1536,1589
27,2020-04-01,87,1785,1872
27,2020-04-02,88,1649,1737
27,2020-04-03,32,1673,1705
27,2020-04-04,12,820,832
27,2020-04-05,10,655,665
27,2020-04-06,50,1623,1673
27,2020-04-07,76,1640,1716
27,2020-04-08,43,1818,1861
27,2020-04-09,54,1760,1814
27,2020-04-10,20,1698,1718
27,2020-04-11,18,974,992
27,2020-04-12,5,649,654
27,2020-04-13,9,653,662
27,2020-04-14,37,1883,1920
27,2020-04-15,40,1939,1979
27,2020-04-16,54,1953,2007
27,2020-04-17,40,1870,1910
27,2020-04-18,17,1035,1052
27,2020-04-19,9,741,750
27,2020-04-20,75,2393,2468
27,2020-04-21,69,2473,2542
27,2020-04-22,73,2745,2818
27,2020-04-23,82,2759,2841
27,2020-04-24,79,2610,2689
27,2020-04-25,30,1257,1287
27,2020-04-26,7,910,917
27,2020-04-27,94,2752,2846
27,2020-04-28,85,2884,2969
27,2020-04-29,72,2611,2683
27,2020-04-30,116,3071,3187
27,2020-05-01,23,920,943
27,2020-05-02,27,1202,1229
27,2020-05-03,11,877,888
27,2020-05-04,86,2984,3070
27,2020-05-05,103,2976,3079
27,2020-05-06,90,3189,3279
27,2020-05-07,97,2978,3075
27,2020-05-08,103,3160,3263
27,2020-05-09,22,1183,1205
27,2020-05-10,10,1030,1040
27,2020-05-11,89,3393,3482
27,2020-05-12,102,3316,3418
27,2020-05-13,131,3520,3651
27,2020-05-14,116,3315,3431
27,2020-05-15,100,3602,3702
27,2020-05-16,36,2265,2301
27,2020-05-17,13,2033,2046
27,2020-05-18,77,2475,2552
27,2020-05-19,95,2327,2422
27,2020-05-20,79,2407,2486
27,2020-05-21,17,2082,2099
27,2020-05-22,51,2255,2306
27,2020-05-23,28,1834,1862
27,2020-05-24,15,1696,1711
27,2020-05-25,73,1958,2031
27,2020-05-26,68,2229,2297
27,2020-05-27,64,2117,2181
27,2020-05-28,83,2378,2461
27,2020-05-29,89,2564,2653
27,2020-05-30,36,2187,2223
27,2020-05-31,15,2317,2332
27,2020-06-01,30,2371,2401
27,2020-06-02,80,2319,2399
27,2020-06-03,75,2140,2215
27,2020-06-04,0,7,7
27,2020-06-05,0,0,0
27,2020-06-06,0,0,0
27,2020-06-07,0,0,0
27,2020-06-08,0,0,0
27,2020-06-09,0,0,0
27,2020-06-10,0,0,0
27,2020-06-11,31,2147,2178
27,2020-06-12,108,2869,2977
27,2020-06-13,24,2188,2212
27,2020-06-14,29,1915,1944
27,2020-06-15,83,2204,2287
27,2020-06-16,102,2212,2314
27,2020-06-17,103,2205,2308
27,2020-06-18,85,2462,2547
27,2020-06-19,91,2582,2673
27,2020-06-20,48,2249,2297
27,2020-06-21,29,2573,2602
27,2020-06-22,74,2099,2173
27,2020-06-23,40,2071,2111
27,2020-06-24,98,2509,2607
27,2020-06-25,83,2561,2644
27,2020-06-26,122,2504,2626
27,2020-06-27,32,2280,2312
27,2020-06-28,31,2213,2244
27,2020-06-29,148,2328,2476
27,2020-06-30,87,2361,2448
27,2020-07-01,100,2357,2457
27,2020-07-02,93,2462,2555
27,2020-07-03,94,2652,2746
27,2020-07-04,125,2522,2647
27,2020-07-05,40,2197,2237
27,2020-07-06,99,2448,2547
27,2020-07-07,95,2549,2644
27,2020-07-08,83,2437,2520
27,2020-07-09,100,2654,2754
27,2020-07-10,130,2878,3008
27,2020-07-11,43,2742,2785
27,2020-07-12,44,2744,2788
27,2020-07-13,111,2619,2730
27,2020-07-14,110,2653,2763
27,2020-07-15,88,2535,2623
27,2020-07-16,87,2460,2547
27,2020-07-17,104,2596,2700
27,2020-07-18,50,2277,2327
27,2020-07-19,31,2207,2238
27,2020-07-20,91,2605,2696
27,2020-07-21,119,2427,2546
27,2020-07-22,104,2646,2750
27,2020-07-23,104,2656,2760
27,2020-07-24,127,2545,2672
27,2020-07-25,39,2181,2220
27,2020-07-26,29,1955,1984
27,2020-07-27,159,2269,2428
27,2020-07-28,139,2349,2488
27,2020-07-29,136,2447,2583
27,2020-07-30,151,2593,2744
27,2020-07-31,107,2547,2654
27,2020-08-01,33,2086,2119
27,2020-08-02,23,2191,2214
27,2020-08-03,76,2210,2286
27,2020-08-04,65,2232,2297
27,2020-08-05,75,2258,2333
27,2020-08-06,76,2235,2311
27,2020-08-07,85,2307,2392
27,2020-08-08,29,1960,1989
27,2020-08-09,32,1976,2008
27,2020-08-10,66,2033,2099
27,2020-08-11,75,2029,2104
27,2020-08-12,56,1895,1951
27,2020-08-13,70,2144,2214
27,2020-08-14,86,2223,2309
27,2020-08-15,29,2071,2100
27,2020-08-16,28,2102,2130
27,2020-08-17,85,2138,2223
27,2020-08-18,131,2175,2306
27,2020-08-19,72,2125,2197
27,2020-08-20,96,2371,2467
27,2020-08-21,107,2526,2633
27,2020-08-22,39,2580,2619
27,2020-08-23,29,2221,2250
27,2020-08-24,89,2163,2252
27,2020-08-25,100,2276,2376
27,2020-08-26,135,2303,2438
27,2020-08-27,165,2422,2587
27,2020-08-28,107,2558,2665
27,2020-08-29,41,2363,2404
27,2020-08-30,31,2094,2125
27,2020-08-31,69,2169,2238
27,2020-09-01,94,2213,2307
27,2020-09-02,91,2322,2413
27,2020-09-03,114,2367,2481
27,2020-09-04,116,2607,2723
27,2020-09-05,42,2387,2429
27,2020-09-06,20,2259,2279
27,2020-09-07,125,2336,2461
27,2020-09-08,89,2424,2513
27,2020-09-09,111,2419,2530
27,2020-09-10,151,2530,2681
27,2020-09-11,108,2679,2787
27,2020-09-12,44,2424,2468
27,2020-09-13,36,2549,2585
27,2020-09-14,110,2304,2414
27,2020-09-15,101,2379,2480
27,2020-09-16,71,2306,2377
27,2020-09-17,84,2487,2571
27,2020-09-18,93,2716,2809
27,2020-09-19,39,2631,2670
27,2020-09-20,35,2518,2553
27,2020-09-21,102,2381,2483
27,2020-09-22,117,2448,2565
27,2020-09-23,119,2352,2471
27,2020-09-24,113,2379,2492
27,2020-09-25,104,2370,2474
27,2020-09-26,45,1744,1789
27,2020-09-27,17,1581,1598
27,2020-09-28,76,1916,1992
27,2020-09-29,91,2005,2096
27,2020-09-30,91,1960,2051
27,2020-10-02,83,2154,2237
27,2020-10-03,24,1718,1742
27,2020-10-04,16,1406,1422
27,2020-10-05,73,1922,1995
27,2020-10-06,86,1955,2041
27,2020-10-07,80,2036,2116
27,2020-10-08,73,2193,2266
27,2020-10-09,71,2216,2287
27,2020-10-10,34,1734,1768
27,2020-10-11,13,1438,1451
27,2020-10-12,95,1932,2027
27,2020-10-13,65,1981,2046
27,2020-10-14,66,1882,1948
27,2020-10-15,117,1955,2072
27,2020-10-16,82,2219,2301
27,2020-10-17,30,1627,1657
27,2020-10-18,23,1495,1518
27,2020-10-19,101,1971,2072
27,2020-10-20,81,1930,2011
27,2020-10-21,88,1969,2057
27,2020-10-22,78,2083,2161
27,2020-10-23,90,2110,2200
27,2020-10-24,23,1608,1631
27,2020-10-25,8,1304,1312
27,2020-10-26,76,1956,2032
27,2020-10-27,60,1921,1981
27,2020-10-28,44,1896,1940
27,2020-10-29,64,2026,2090
27,2020-10-30,72,2131,2203
27,2020-11-01,9,1358,1367
27,2020-11-02,77,1852,1929
27,2020-11-03,103,1980,2083
27,2020-11-04,103,2034,2137
27,2020-11-05,112,2185,2297
27,2020-11-06,125,2244,2369
27,2020-11-07,38,1684,1722
27,2020-11-08,11,1567,1578
27,2020-11-09,91,1993,2084
27,2020-11-10,85,1956,2041
27,2020-11-11,100,2015,2115
27,2020-11-12,75,2007,2082
27,2020-11-13,105,2167,2272
27,2020-11-14,18,1567,1585
27,2020-11-15,6,1552,1558
27,2020-11-16,79,1919,1998
27,2020-11-17,76,2040,2116
27,2020-11-18,66,2029,2095
27,2020-11-19,84,2082,2166
27,2020-11-20,89,2201,2290
27,2020-11-21,46,1714,1760
27,2020-11-22,12,1430,1442
27,2020-11-23,76,2058,2134
27,2020-11-24,86,2028,2114
27,2020-11-25,98,2008,2106
27,2020-11-26,97,2006,2103
27,2020-11-27,92,2144,2236
27,2020-11-28,39,1609,1648
27,2020-11-29,13,1355,1368
27,2020-12-02,70,1912,1982
27,2020-12-03,80,1935,2015
27,2020-12-04,65,2098,2163
27,2020-12-05,30,1589,1619
27,2020-12-06,15,1275,1290
27,2020-12-07,77,1978,2055
27,2020-12-08,89,1957,2046
27,2020-12-09,82,1986,2068
27,2020-12-10,95,2087,2182
27,2020-12-11,91,2080,2171
27,2020-12-12,20,1547,1567
27,2020-12-13,9,1291,1300
27,2020-12-14,72,2158,2230
27,2020-12-15,101,2062,2163
27,2020-12-16,79,1936,2015
27,2020-12-17,103,1908,2011
27,2020-12-18,82,2055,2137
27,2020-12-19,41,1417,1458
27,2020-12-20,15,1140,1155
27,2020-12-21,55,1846,1901
27,2020-12-22,28,1771,1799
27,2020-12-23,32,1819,1851
27,2020-12-24,10,1390,1400
27,2020-12-25,6,614,620
27,2020-12-26,15,1047,1062
27,2020-12-27,5,900,905
27,2020-12-28,18,1333,1351
27,2020-12-29,23,1469,1492
27,2020-12-30,22,1612,1634
27,2020-12-31,24,1424,1448
29,2020-01-10,381,17755,18136
29,2020-01-11,160,13212,13372
29,2020-01-12,36,9642,9678
29,2020-01-13,446,16904,17350
29,2020-01-14,485,17204,17689
29,2020-01-15,464,17716,18180
29,2020-01-16,483,18019,18502
29,2020-01-17,483,17754,18237
29,2020-01-18,160,13143,13303
29,2020-01-19,31,10166,10197
29,2020-01-20,431,17263,17694
29,2020-01-21,479,17286,17765
29,2020-01-22,531,17353,17884
29,2020-01-23,448,17578,18026
29,2020-01-24,547,18060,18607
29,2020-01-25,161,13273,13434
29,2020-01-26,46,9804,9850
29,2020-01-27,421,16532,16953
29,2020-01-28,444,16679,17123
29,2020-01-29,457,17245,17702
29,2020-01-30,476,16739,17215
29,2020-01-31,467,18235,18702
29,2020-02-01,151,13228,13379
29,2020-02-02,24,9912,9936
29,2020-02-03,445,17066,17511
29,2020-02-04,457,17474,17931
29,2020-02-05,493,17930,18423
29,2020-02-06,499,18005,18504
29,2020-02-07,485,18423,18908
29,2020-02-08,157,13164,13321
29,2020-02-09,31,8756,8787
29,2020-02-10,396,15172,15568
29,2020-02-11,523,17461,17984
29,2020-02-12,479,17443,17922
29,2020-02-13,467,17625,18092
29,2020-02-14,445,18377,18822
29,2020-02-15,161,12844,13005
29,2020-02-16,44,9353,9397
29,2020-02-17,460,16474,16934
29,2020-02-18,496,16537,17033
29,2020-02-19,484,16743,17227
29,2020-02-20,443,16317,16760
29,2020-02-21,498,16818,17316
29,2020-02-22,164,12102,12266
29,2020-02-23,31,8689,8720
29,2020-02-24,262,14649,14911
29,2020-02-25,366,16220,16586
29,2020-02-26,527,17080,17607
29,2020-02-27,455,16418,16873
29,2020-02-28,490,18397,18887
29,2020-02-29,162,13519,13681
29,2020-03-01,52,10104,10156
29,2020-03-02,449,17160,17609
29,2020-03-03,525,17471,17996
29,2020-03-04,581,17664,18245
29,2020-03-05,453,17169,17622
29,2020-03-06,544,17889,18433
29,2020-03-07,170,13622,13792
29,2020-03-08,58,10373,10431
29,2020-03-09,544,17244,17788
29,2020-03-10,480,17238,17718
29,2020-03-11,487,17932,18419
29,2020-03-12,497,17295,17792
29,2020-03-13,547,19131,19678
29,2020-03-14,186,12103,12289
29,2020-03-15,55,10913,10968
29,2020-03-16,427,9009,9436
29,2020-03-17,454,7164,7618
29,2020-03-18,391,6216,6607
29,2020-03-19,380,5941,6321
29,2020-03-20,326,6239,6565
29,2020-03-21,119,2384,2503
29,2020-03-22,26,1687,1713
29,2020-03-23,240,5131,5371
29,2020-03-24,258,4772,5030
29,2020-03-25,295,4811,5106
29,2020-03-26,251,4334,4585
29,2020-03-27,254,4639,4893
29,2020-03-28,92,2221,2313
29,2020-03-30,232,5116,5348
29,2020-03-31,267,4657,4924
29,2020-04-01,235,4372,4607
29,2020-04-02,247,5184,5431
29,2020-04-03,263,5071,5334
29,2020-04-04,79,2308,2387
29,2020-04-05,16,1706,1722
29,2020-04-06,224,5197,5421
29,2020-04-07,265,4699,4964
29,2020-04-08,277,5027,5304
29,2020-04-09,281,5402,5683
29,2020-04-10,111,4182,4293
29,2020-04-11,71,2453,2524
29,2020-04-12,9,1407,1416
29,2020-04-13,20,1527,1547
29,2020-04-14,259,5470,5729
29,2020-04-15,275,5397,5672
29,2020-04-16,301,5515,5816
29,2020-04-17,286,5760,6046
29,2020-04-18,95,2540,2635
29,2020-04-19,18,2001,2019
29,2020-04-20,316,6527,6843
29,2020-04-21,327,5338,5665
29,2020-04-22,376,5827,6203
29,2020-04-23,341,5953,6294
29,2020-04-24,323,6737,7060
29,2020-04-25,102,3030,3132
29,2020-04-26,25,2169,2194
29,2020-04-27,329,6455,6784
29,2020-04-28,387,6310,6697
29,2020-04-29,388,5888,6276
29,2020-04-30,434,6557,6991
29,2020-05-01,29,2095,2124
29,2020-05-02,91,3134,3225
29,2020-05-03,22,2163,2185
29,2020-05-04,402,7356,7758
29,2020-05-05,465,6886,7351
29,2020-05-06,425,6209,6634
29,2020-05-07,375,7412,7787
29,2020-05-08,373,6938,7311
29,2020-05-09,68,2941,3009
29,2020-05-10,17,2725,2742
29,2020-05-11,328,7456,7784
29,2020-05-12,359,7364,7723
29,2020-05-13,388,6765,7153
29,2020-05-14,390,7404,7794
29,2020-05-15,433,7955,8388
29,2020-05-16,151,11997,12148
29,2020-05-17,46,9619,9665
29,2020-05-18,465,14404,14869
29,2020-05-19,507,14423,14930
29,2020-05-20,484,14906,15390
29,2020-05-21,69,8479,8548
29,2020-05-22,336,12961,13297
29,2020-05-23,144,10621,10765
29,2020-05-24,74,8447,8521
29,2020-05-25,503,13548,14051
29,2020-05-26,522,14278,14800
29,2020-05-27,578,14550,15128
29,2020-05-28,541,14636,15177
29,2020-05-29,510,15491,16001
29,2020-05-30,267,12621,12888
29,2020-05-31,74,9959,10033
29,2020-06-01,95,9992,10087
29,2020-06-02,572,16286,16858
29,2020-06-03,664,16721,17385
29,2020-06-04,593,16685,17278
29,2020-06-05,587,16860,17447
29,2020-06-06,181,13314,13495
29,2020-06-07,62,9910,9972
29,2020-06-08,548,16397,16945
29,2020-06-09,663,16799,17462
29,2020-06-10,703,17290,17993
29,2020-06-11,249,17631,17880
29,2020-06-12,550,17481,18031
29,2020-06-13,218,13643,13861
29,2020-06-14,80,10204,10284
29,2020-06-15,516,15740,16256
29,2020-06-16,532,15866,16398
29,2020-06-17,543,15600,16143
29,2020-06-18,502,15996,16498
29,2020-06-19,530,16317,16847
29,2020-06-20,172,12817,12989
29,2020-06-21,85,10568,10653
29,2020-06-22,431,13985,14416
29,2020-06-23,251,11703,11954
29,2020-06-24,507,16027,16534
29,2020-06-25,491,16126,16617
29,2020-06-26,519,15633,16152
29,2020-06-27,174,12834,13008
29,2020-06-28,64,10536,10600
29,2020-06-29,556,15642,16198
29,2020-06-30,499,16249,16748
29,2020-07-01,508,16364,16872
29,2020-07-02,474,16467,16941
29,2020-07-03,518,17127,17645
29,2020-07-04,194,13481,13675
29,2020-07-05,80,10153,10233
29,2020-07-06,461,16106,16567
29,2020-07-07,500,16593,17093
29,2020-07-08,557,16061,16618
29,2020-07-09,487,16638,17125
29,2020-07-10,528,16889,17417
29,2020-07-11,189,14452,14641
29,2020-07-12,79,11532,11611
29,2020-07-13,546,16020,16566
29,2020-07-14,470,16276,16746
29,2020-07-15,564,16248,16812
29,2020-07-16,573,15123,15696
29,2020-07-17,513,15409,15922
29,2020-07-18,182,10792,10974
29,2020-07-19,55,9245,9300
29,2020-07-20,477,14124,14601
29,2020-07-21,514,14518,15032
29,2020-07-22,483,14793,15276
29,2020-07-23,524,14723,15247
29,2020-07-24,549,14615,15164
29,2020-07-25,212,10338,10550
29,2020-07-26,65,8934,8999
29,2020-07-27,517,13708,14225
29,2020-07-28,482,14100,14582
29,2020-07-29,568,14409,14977
29,2020-07-30,515,14409,14924
29,2020-07-31,427,14434,14861
29,2020-08-01,181,10266,10447
29,2020-08-02,46,9338,9384
29,2020-08-03,470,12766,13236
29,2020-08-04,504,12836,13340
29,2020-08-05,467,13135,13602
29,2020-08-06,492,13051,13543
29,2020-08-07,423,13485,13908
29,2020-08-08,152,9558,9710
29,2020-08-09,47,8453,8500
29,2020-08-10,440,12888,13328
29,2020-08-11,346,12998,13344
29,2020-08-12,343,12961,13304
29,2020-08-13,446,13225,13671
29,2020-08-14,386,13665,14051
29,2020-08-15,121,9188,9309
29,2020-08-16,41,9329,9370
29,2020-08-17,402,13478,13880
29,2020-08-18,412,13592,14004
29,2020-08-19,401,14499,14900
29,2020-08-20,413,15063,15476
29,2020-08-21,387,15418,15805
29,2020-08-22,159,11842,12001
29,2020-08-23,55,10231,10286
29,2020-08-24,434,15533,15967
29,2020-08-25,465,15664,16129
29,2020-08-26,595,15509,16104
29,2020-08-27,510,16061,16571
29,2020-08-28,469,16621,17090
29,2020-08-29,219,12422,12641
29,2020-08-30,104,10133,10237
29,2020-08-31,491,15327,15818
29,2020-09-01,553,16049,16602
29,2020-09-02,521,15805,16326
29,2020-09-03,506,16091,16597
29,2020-09-04,509,16711,17220
29,2020-09-05,174,12655,12829
29,2020-09-06,73,10568,10641
29,2020-09-07,504,15510,16014
29,2020-09-08,518,16247,16765
29,2020-09-09,483,16432,16915
29,2020-09-10,495,16401,16896
29,2020-09-11,520,17022,17542
29,2020-09-12,187,13204,13391
29,2020-09-13,72,11368,11440
29,2020-09-14,522,15654,16176
29,2020-09-15,535,15593,16128
29,2020-09-16,503,15537,16040
29,2020-09-17,518,16098,16616
29,2020-09-18,551,16807,17358
29,2020-09-19,208,13402,13610
29,2020-09-20,59,11101,11160
29,2020-09-21,557,16069,16626
29,2020-09-22,520,16323,16843
29,2020-09-23,614,16346,16960
29,2020-09-24,581,15914,16495
29,2020-09-25,674,16616,17290
29,2020-09-26,153,11482,11635
29,2020-09-27,51,8695,8746
29,2020-09-28,580,14527,15107
29,2020-09-29,579,15213,15792
29,2020-09-30,626,15252,15878
29,2020-10-01,630,15481,16111
29,2020-10-02,574,15641,16215
29,2020-10-03,125,12158,12283
29,2020-10-04,44,8904,8948
29,2020-10-05,488,15405,15893
29,2020-10-06,509,15938,16447
29,2020-10-07,514,16029,16543
29,2020-10-08,532,16217,16749
29,2020-10-09,519,16626,17145
29,2020-10-10,183,12702,12885
29,2020-10-11,54,9147,9201
29,2020-10-12,555,14974,15529
29,2020-10-13,548,15557,16105
29,2020-10-14,691,15716,16407
29,2020-10-15,492,15917,16409
29,2020-10-16,500,15984,16484
29,2020-10-17,181,12096,12277
29,2020-10-18,61,9252,9313
29,2020-10-19,448,13787,14235
29,2020-10-20,493,13703,14196
29,2020-10-21,482,13708,14190
29,2020-10-22,455,13950,14405
29,2020-10-23,467,14797,15264
29,2020-10-24,165,11823,11988
29,2020-10-25,58,8400,8458
29,2020-10-26,468,14800,15268
29,2020-10-27,474,15168,15642
29,2020-10-28,501,15422,15923
29,2020-10-29,523,15649,16172
29,2020-10-30,539,16012,16551
29,2020-11-01,49,7804,7853
29,2020-11-02,486,14154,14640
29,2020-11-03,560,14504,15064
29,2020-11-04,547,14562,15109
29,2020-11-05,526,13507,14033
29,2020-11-06,554,14916,15470
29,2020-11-07,181,11126,11307
29,2020-11-08,71,8236,8307
29,2020-11-09,491,13715,14206
29,2020-11-10,543,14605,15148
29,2020-11-11,531,14451,14982
29,2020-11-12,533,14862,15395
29,2020-11-13,524,15413,15937
29,2020-11-14,173,11888,12061
29,2020-11-15,39,8528,8567
29,2020-11-16,498,14566,15064
29,2020-11-17,561,14300,14861
29,2020-11-18,550,14784,15334
29,2020-11-19,580,14955,15535
29,2020-11-20,570,15475,16045
29,2020-11-21,177,11441,11618
29,2020-11-22,37,8332,8369
29,2020-11-23,542,14520,15062
29,2020-11-24,539,14954,15493
29,2020-11-25,574,15225,15799
29,2020-11-26,515,14804,15319
29,2020-11-27,543,15539,16082
29,2020-11-28,196,11424,11620
29,2020-11-29,58,8169,8227
29,2020-11-30,475,14606,15081
29,2020-12-01,445,14601,15046
29,2020-12-02,539,14788,15327
29,2020-12-03,452,14935,15387
29,2020-12-04,507,15326,15833
29,2020-12-05,181,11255,11436
29,2020-12-06,46,7662,7708
29,2020-12-07,468,14486,14954
29,2020-12-08,623,14668,15291
29,2020-12-09,572,15032,15604
29,2020-12-10,595,15425,16020
29,2020-12-11,486,15617,16103
29,2020-12-12,173,11560,11733
29,2020-12-13,60,8116,8176
29,2020-12-14,540,15876,16416
29,2020-12-15,493,15793,16286
29,2020-12-16,560,14371,14931
29,2020-12-17,548,14475,15023
29,2020-12-18,541,14820,15361
29,2020-12-19,167,9821,9988
29,2020-12-20,39,7080,7119
29,2020-12-21,344,12794,13138
29,2020-12-22,350,13030,13380
29,2020-12-23,228,12581,12809
29,2020-12-24,140,8774,8914
29,2020-12-25,32,4942,4974
29,2020-12-26,24,5497,5521
29,2020-12-27,30,5589,5619
29,2020-12-28,217,9119,9336
29,2020-12-29,238,9662,9900
29,2020-12-30,214,10742,10956
29,2020-12-31,123,8389,8512
30,2020-01-01,18,3526,3544
30,2020-01-02,222,6984,7206
30,2020-01-03,269,7378,7647
30,2020-01-04,79,5999,6078
30,2020-01-05,21,4713,4734
30,2020-01-06,308,10437,10745
30,2020-01-07,317,10819,11136
30,2020-01-08,304,9260,9564
30,2020-01-09,335,10667,11002
30,2020-01-10,436,11361,11797
30,2020-01-11,160,6717,6877
30,2020-01-12,26,4609,4635
30,2020-01-13,544,11050,11594
30,2020-01-14,507,11175,11682
30,2020-01-15,528,10635,11163
30,2020-01-16,518,11609,12127
30,2020-01-17,510,11172,11682
30,2020-01-18,106,6914,7020
30,2020-01-19,39,4903,4942
30,2020-01-20,541,10899,11440
30,2020-01-21,623,11500,12123
30,2020-01-22,604,11008,11612
30,2020-01-23,557,11200,11757
30,2020-01-24,620,11554,12174
30,2020-01-25,142,7190,7332
30,2020-01-26,21,5137,5158
30,2020-01-27,526,10442,10968
30,2020-01-28,600,11387,11987
30,2020-01-29,561,10798,11359
30,2020-01-30,563,11083,11646
30,2020-01-31,547,11469,12016
30,2020-02-01,123,6496,6619
30,2020-02-02,28,4704,4732
30,2020-02-03,440,8956,9396
30,2020-02-04,603,10767,11370
30,2020-02-05,685,11353,12038
30,2020-02-06,630,11713,12343
30,2020-02-07,583,11647,12230
30,2020-02-08,105,7073,7178
30,2020-02-09,23,4556,4579
30,2020-02-11,565,11035,11600
30,2020-02-12,561,11148,11709
30,2020-02-13,552,11200,11752
30,2020-02-14,554,12046,12600
30,2020-02-15,121,6932,7053
30,2020-02-16,38,4852,4890
30,2020-02-17,642,10554,11196
30,2020-02-18,589,9695,10284
30,2020-02-19,565,9975,10540
30,2020-02-20,608,10281,10889
30,2020-02-21,645,11343,11988
30,2020-02-22,183,6979,7162
30,2020-02-23,24,4834,4858
30,2020-02-24,633,9924,10557
30,2020-02-25,625,10506,11131
30,2020-02-26,684,11946,12630
30,2020-02-27,307,5362,5669
30,2020-02-28,588,10887,11475
30,2020-02-29,171,7228,7399
30,2020-03-01,30,5069,5099
30,2020-03-02,418,9401,9819
30,2020-03-03,534,10930,11464
30,2020-03-04,554,10358,10912
30,2020-03-05,548,10840,11388
30,2020-03-06,557,11550,12107
30,2020-03-07,150,7646,7796
30,2020-03-08,42,5120,5162
30,2020-03-09,601,10860,11461
30,2020-03-10,467,10680,11147
30,2020-03-11,531,10422,10953
30,2020-03-12,519,11027,11546
30,2020-03-13,558,11474,12032
30,2020-03-14,136,6289,6425
30,2020-03-15,29,4792,4821
30,2020-03-16,510,8700,9210
30,2020-03-17,492,6943,7435
30,2020-03-18,482,4961,5443
30,2020-03-19,317,4102,4419
30,2020-03-20,257,3874,4131
30,2020-03-21,44,1885,1929
30,2020-03-22,15,1433,1448
30,2020-03-23,194,2967,3161
30,2020-03-24,198,2937,3135
30,2020-03-25,217,2982,3199
30,2020-03-26,206,3030,3236
30,2020-03-27,250,3213,3463
30,2020-03-28,63,2168,2231
30,2020-03-30,199,3068,3267
30,2020-03-31,200,3010,3210
30,2020-04-01,253,3085,3338
30,2020-04-02,229,3189,3418
30,2020-04-03,209,3439,3648
30,2020-04-04,55,2323,2378
30,2020-04-05,16,1564,1580
30,2020-04-06,204,3350,3554
30,2020-04-07,209,3283,3492
30,2020-04-08,206,3382,3588
30,2020-04-09,209,3510,3719
30,2020-04-10,200,3629,3829
30,2020-04-11,44,2667,2711
30,2020-04-12,12,1558,1570
30,2020-04-13,22,1598,1620
30,2020-04-14,226,3529,3755
30,2020-04-15,240,3553,3793
30,2020-04-16,239,3816,4055
30,2020-04-17,289,4189,4478
30,2020-04-18,114,2935,3049
30,2020-04-19,12,1926,1938
30,2020-04-20,341,5040,5381
30,2020-04-21,382,4976,5358
30,2020-04-22,425,5074,5499
30,2020-04-23,436,5308,5744
30,2020-04-24,457,5614,6071
30,2020-04-25,94,4082,4176
30,2020-04-26,18,2636,2654
30,2020-04-27,488,6927,7415
30,2020-04-28,466,6074,6540
30,2020-04-29,449,5840,6289
30,2020-04-30,427,6215,6642
30,2020-05-01,33,2239,2272
30,2020-05-02,87,4084,4171
30,2020-05-03,16,2425,2441
30,2020-05-04,482,6030,6512
30,2020-05-05,506,6477,6983
30,2020-05-06,530,6448,6978
30,2020-05-07,463,6445,6908
30,2020-05-08,510,6989,7499
30,2020-05-09,35,3316,3351
30,2020-05-10,35,3049,3084
30,2020-05-11,500,7259,7759
30,2020-05-12,515,7676,8191
30,2020-05-13,564,7680,8244
30,2020-05-14,614,8178,8792
30,2020-05-15,736,9341,10077
30,2020-05-16,219,6481,6700
30,2020-05-17,61,4327,4388
30,2020-05-18,543,8619,9162
30,2020-05-19,544,8659,9203
30,2020-05-20,616,9294,9910
30,2020-05-21,40,4377,4417
30,2020-05-22,478,8373,8851
30,2020-05-23,123,5529,5652
30,2020-05-24,31,3989,4020
30,2020-05-25,507,8377,8884
30,2020-05-26,552,8725,9277
30,2020-05-27,570,8696,9266
30,2020-05-28,602,9190,9792
30,2020-05-29,578,9507,10085
30,2020-05-30,193,6675,6868
30,2020-05-31,28,4678,4706
30,2020-06-01,48,4596,4644
30,2020-06-02,593,9157,9750
30,2020-06-03,577,9001,9578
30,2020-06-04,645,9493,10138
30,2020-06-05,578,9395,9973
30,2020-06-06,171,6193,6364
30,2020-06-07,28,4378,4406
30,2020-06-08,604,8615,9219
30,2020-06-09,490,8992,9482
30,2020-06-10,556,9255,9811
30,2020-06-11,497,9453,9950
30,2020-06-12,556,9978,10534
30,2020-06-13,180,8032,8212
30,2020-06-14,21,4804,4825
30,2020-06-15,586,10455,11041
30,2020-06-16,611,10936,11547
30,2020-06-17,696,11417,12113
30,2020-06-18,541,10942,11483
30,2020-06-19,596,11889,12485
30,2020-06-20,254,10480,10734
30,2020-06-21,47,6423,6470
30,2020-06-22,458,9094,9552
30,2020-06-23,76,5372,5448
30,2020-06-24,548,10343,10891
30,2020-06-25,611,11027,11638
30,2020-06-26,645,10810,11455
30,2020-06-27,168,7480,7648
30,2020-06-28,46,5065,5111
30,2020-06-29,821,10166,10987
30,2020-06-30,680,10735,11415
30,2020-07-01,623,11401,12024
30,2020-07-02,563,11299,11862
30,2020-07-03,609,11749,12358
30,2020-07-04,159,7892,8051
30,2020-07-05,22,5062,5084
30,2020-07-06,586,10728,11314
30,2020-07-07,606,11278,11884
30,2020-07-08,575,11110,11685
30,2020-07-09,591,11454,12045
30,2020-07-10,714,12008,12722
30,2020-07-11,287,8212,8499
30,2020-07-12,65,5480,5545
30,2020-07-13,606,10331,10937
30,2020-07-14,487,11008,11495
30,2020-07-15,610,11053,11663
30,2020-07-16,620,11441,12061
30,2020-07-17,602,11895,12497
30,2020-07-18,199,7784,7983
30,2020-07-19,44,5304,5348
30,2020-07-20,591,10227,10818
30,2020-07-21,655,10390,11045
30,2020-07-22,694,10132,10826
30,2020-07-23,670,10407,11077
30,2020-07-24,712,11052,11764
30,2020-07-25,158,7348,7506
30,2020-07-26,54,4887,4941
30,2020-07-27,593,9853,10446
30,2020-07-28,536,9821,10357
30,2020-07-29,633,10309,10942
30,2020-07-30,530,10537,11067
30,2020-07-31,418,10440,10858
30,2020-08-01,110,6487,6597
30,2020-08-02,19,5044,5063
30,2020-08-03,320,8489,8809
30,2020-08-04,349,8739,9088
30,2020-08-05,360,8840,9200
30,2020-08-06,378,8938,9316
30,2020-08-07,350,9257,9607
30,2020-08-08,83,6005,6088
30,2020-08-09,45,4551,4596
30,2020-08-10,317,8109,8426
30,2020-08-11,326,8035,8361
30,2020-08-12,324,7813,8137
30,2020-08-13,334,8239,8573
30,2020-08-14,354,8079,8433
30,2020-08-15,38,4957,4995
30,2020-08-16,45,4691,4736
30,2020-08-17,322,7844,8166
30,2020-08-18,330,8067,8397
30,2020-08-19,343,7999,8342
30,2020-08-20,317,8508,8825
30,2020-08-21,303,8438,8741
30,2020-08-22,89,6383,6472
30,2020-08-23,42,4994,5036
30,2020-08-24,465,8829,9294
30,2020-08-25,522,9148,9670
30,2020-08-26,566,9052,9618
30,2020-08-27,586,9902,10488
30,2020-08-28,656,9843,10499
30,2020-08-29,144,6493,6637
30,2020-08-30,61,4883,4944
30,2020-08-31,600,9576,10176
30,2020-09-01,681,9728,10409
30,2020-09-02,639,9829,10468
30,2020-09-03,695,10348,11043
30,2020-09-04,590,10702,11292
30,2020-09-05,127,6707,6834
30,2020-09-06,27,5283,5310
30,2020-09-07,568,10283,10851
30,2020-09-08,605,10575,11180
30,2020-09-09,662,10076,10738
30,2020-09-10,692,10747,11439
30,2020-09-11,654,10870,11524
30,2020-09-12,186,6485,6671
30,2020-09-13,40,5165,5205
30,2020-09-14,610,10764,11374
30,2020-09-15,597,10783,11380
30,2020-09-16,589,9818,10407
30,2020-09-17,607,10806,11413
30,2020-09-18,537,11036,11573
30,2020-09-19,152,7519,7671
30,2020-09-20,35,5475,5510
30,2020-09-21,488,10455,10943
30,2020-09-22,580,10967,11547
30,2020-09-23,584,10878,11462
30,2020-09-24,623,10700,11323
30,2020-09-25,598,10967,11565
30,2020-09-26,127,6991,7118
30,2020-09-27,35,4630,4665
30,2020-09-28,473,10061,10534
30,2020-09-29,604,10511,11115
30,2020-09-30,527,10607,11134
30,2020-10-01,506,10859,11365
30,2020-10-02,551,10937,11488
30,2020-10-03,111,6853,6964
30,2020-10-04,18,4962,4980
30,2020-10-05,480,9394,9874
30,2020-10-06,502,9962,10464
30,2020-10-07,607,10367,10974
30,2020-10-08,553,11256,11809
30,2020-10-09,514,10860,11374
30,2020-10-10,163,7687,7850
30,2020-10-11,38,5136,5174
30,2020-10-12,594,10339,10933
30,2020-10-13,532,10549,11081
30,2020-10-14,621,10207,10828
30,2020-10-15,578,11060,11638
30,2020-10-16,602,11650,12252
30,2020-10-17,155,7523,7678
30,2020-10-18,38,5020,5058
30,2020-10-19,524,10166,10690
30,2020-10-20,681,11593,12274
30,2020-10-21,711,10056,10767
30,2020-10-22,588,10375,10963
30,2020-10-23,495,10033,10528
30,2020-10-24,137,6731,6868
30,2020-10-25,29,4090,4119
30,2020-10-26,593,9136,9729
30,2020-10-27,563,9557,10120
30,2020-10-28,638,11196,11834
30,2020-10-29,684,12300,12984
30,2020-10-30,477,8795,9272
30,2020-11-01,11,3174,3185
30,2020-11-02,609,8020,8629
30,2020-11-03,526,9070,9596
30,2020-11-04,646,8775,9421
30,2020-11-05,561,9212,9773
30,2020-11-06,601,9332,9933
30,2020-11-07,179,5891,6070
30,2020-11-08,28,3777,3805
30,2020-11-09,546,8885,9431
30,2020-11-10,563,9551,10114
30,2020-11-11,515,8824,9339
30,2020-11-12,502,9610,10112
30,2020-11-13,605,9532,10137
30,2020-11-14,144,6486,6630
30,2020-11-15,32,3733,3765
30,2020-11-16,536,9331,9867
30,2020-11-17,551,9363,9914
30,2020-11-18,530,9805,10335
30,2020-11-19,479,9815,10294
30,2020-11-20,517,10003,10520
30,2020-11-21,120,6324,6444
30,2020-11-22,23,3646,3669
30,2020-11-23,458,9184,9642
30,2020-11-24,530,9558,10088
30,2020-11-25,527,9649,10176
30,2020-11-26,525,9535,10060
30,2020-11-27,515,9886,10401
30,2020-11-28,122,5959,6081
30,2020-11-29,23,3763,3786
30,2020-11-30,441,9201,9642
30,2020-12-01,458,9301,9759
30,2020-12-02,463,8998,9461
30,2020-12-03,474,9305,9779
30,2020-12-04,469,9796,10265
30,2020-12-05,115,6194,6309
30,2020-12-06,18,3902,3920
30,2020-12-07,516,9271,9787
30,2020-12-08,483,9782,10265
30,2020-12-09,535,9323,9858
30,2020-12-10,542,9752,10294
30,2020-12-11,474,9387,9861
30,2020-12-12,91,5705,5796
30,2020-12-13,24,3656,3680
30,2020-12-14,465,9764,10229
30,2020-12-15,473,9797,10270
30,2020-12-16,476,9994,10470
30,2020-12-17,432,9939,10371
30,2020-12-18,451,10230,10681
30,2020-12-19,112,6136,6248
30,2020-12-20,19,4053,4072
30,2020-12-21,303,7510,7813
30,2020-12-22,228,7713,7941
30,2020-12-23,230,6920,7150
30,2020-12-24,195,6638,6833
30,2020-12-25,15,3087,3102
30,2020-12-26,19,3215,3234
30,2020-12-27,17,2104,2121
30,2020-12-28,204,5134,5338
30,2020-12-29,231,5712,5943
30,2020-12-30,211,6010,6221
30,2020-12-31,128,3764,3892
58,2020-01-01,9,2730,2739
58,2020-01-02,73,7063,7136
58,2020-01-03,75,7471,7546
58,2020-01-04,32,5491,5523
58,2020-01-05,14,4863,4877
58,2020-01-06,168,10494,10662
58,2020-01-07,165,11005,11170
58,2020-01-08,98,9886,9984
58,2020-01-09,107,11036,11143
58,2020-01-10,176,11649,11825
58,2020-01-11,39,6147,6186
58,2020-01-12,23,5036,5059
58,2020-01-13,234,11734,11968
58,2020-01-14,244,11480,11724
58,2020-01-15,212,11050,11262
58,2020-01-16,243,11705,11948
58,2020-01-17,208,11884,12092
58,2020-01-18,35,6069,6104
58,2020-01-19,23,5132,5155
58,2020-01-20,257,11270,11527
58,2020-01-21,379,12067,12446
58,2020-01-22,323,11580,11903
58,2020-01-23,292,11210,11502
58,2020-01-24,269,11762,12031
58,2020-01-25,85,6101,6186
58,2020-01-26,23,5042,5065
58,2020-01-27,114,10535,10649
58,2020-01-28,291,11291,11582
58,2020-01-29,195,10947,11142
58,2020-01-30,219,11388,11607
58,2020-01-31,202,11889,12091
58,2020-02-01,44,5987,6031
58,2020-02-02,17,5032,5049
58,2020-02-03,164,10852,11016
58,2020-02-04,213,11078,11291
58,2020-02-05,573,12596,13169
58,2020-02-06,296,11967,12263
58,2020-02-07,237,11514,11751
58,2020-02-08,62,6437,6499
58,2020-02-09,33,4821,4854
58,2020-02-11,263,11229,11492
58,2020-02-12,226,11578,11804
58,2020-02-13,170,11380,11550
58,2020-02-14,261,12511,12772
58,2020-02-15,76,6144,6220
58,2020-02-16,24,4920,4944
58,2020-02-17,96,9968,10064
58,2020-02-18,174,9878,10052
58,2020-02-19,162,9697,9859
58,2020-02-20,195,10499,10694
58,2020-02-21,321,12305,12626
58,2020-02-22,72,6096,6168
58,2020-02-23,16,4627,4643
58,2020-02-24,165,9757,9922
58,2020-02-25,184,10413,10597
58,2020-02-26,198,11368,11566
58,2020-02-27,132,9995,10127
58,2020-02-28,193,10914,11107
58,2020-02-29,41,6042,6083
58,2020-03-01,58,5391,5449
58,2020-03-02,156,11019,11175
58,2020-03-03,242,11514,11756
58,2020-03-04,172,10844,11016
58,2020-03-05,151,11758,11909
58,2020-03-06,211,12037,12248
58,2020-03-07,57,6739,6796
58,2020-03-08,24,5273,5297
58,2020-03-09,242,10960,11202
58,2020-03-10,175,11580,11755
58,2020-03-11,150,10736,10886
58,2020-03-12,169,11588,11757
58,2020-03-13,253,12599,12852
58,2020-03-14,57,6237,6294
58,2020-03-15,45,5870,5915
58,2020-03-16,154,10610,10764
58,2020-03-17,107,6420,6527
58,2020-03-18,105,3237,3342
58,2020-03-19,86,2694,2780
58,2020-03-20,79,2459,2538
58,2020-03-21,4,922,926
58,2020-03-22,1,596,597
58,2020-03-23,54,1907,1961
58,2020-03-24,40,1741,1781
58,2020-03-25,52,1743,1795
58,2020-03-26,63,1796,1859
58,2020-03-27,57,1867,1924
58,2020-03-28,23,983,1006
58,2020-03-30,73,1867,1940
58,2020-03-31,81,1872,1953
58,2020-04-01,93,1854,1947
58,2020-04-02,55,1762,1817
58,2020-04-03,78,1943,2021
58,2020-04-04,8,1034,1042
58,2020-04-05,6,602,608
58,2020-04-06,47,2016,2063
58,2020-04-07,62,1939,2001
58,2020-04-08,61,1968,2029
58,2020-04-09,62,2073,2135
58,2020-04-10,52,1801,1853
58,2020-04-11,9,1097,1106
58,2020-04-12,1,622,623
58,2020-04-13,7,609,616
58,2020-04-14,62,2147,2209
58,2020-04-15,73,2063,2136
58,2020-04-16,66,2138,2204
58,2020-04-17,74,2297,2371
58,2020-04-18,16,1218,1234
58,2020-04-19,3,710,713
58,2020-04-20,125,2900,3025
58,2020-04-21,97,2924,3021
58,2020-04-22,92,2914,3006
58,2020-04-23,87,2961,3048
58,2020-04-24,106,3184,3290
58,2020-04-25,36,1734,1770
58,2020-04-26,8,913,921
58,2020-04-27,157,5005,5162
58,2020-04-28,107,3827,3934
58,2020-04-29,113,3371,3484
58,2020-04-30,122,3732,3854
58,2020-05-01,23,975,998
58,2020-05-02,39,1802,1841
58,2020-05-03,7,920,927
58,2020-05-04,123,3487,3610
58,2020-05-05,137,3792,3929
58,2020-05-06,134,3647,3781
58,2020-05-07,135,3761,3896
58,2020-05-08,169,3855,4024
58,2020-05-09,17,1563,1580
58,2020-05-10,16,1185,1201
58,2020-05-11,126,5028,5154
58,2020-05-12,137,5198,5335
58,2020-05-13,145,5145,5290
58,2020-05-14,156,5906,6062
58,2020-05-15,273,7169,7442
58,2020-05-16,112,4465,4577
58,2020-05-17,40,2911,2951
58,2020-05-18,133,6670,6803
58,2020-05-19,151,6543,6694
58,2020-05-20,179,6738,6917
58,2020-05-21,15,2563,2578
58,2020-05-22,150,6263,6413
58,2020-05-23,50,3640,3690
58,2020-05-24,12,2938,2950
58,2020-05-25,128,6039,6167
58,2020-05-26,149,6198,6347
58,2020-05-27,126,6190,6316
58,2020-05-28,158,6549,6707
58,2020-05-29,151,6628,6779
58,2020-05-30,50,4362,4412
58,2020-05-31,11,3123,3134
58,2020-06-01,26,3081,3107
58,2020-06-02,170,6970,7140
58,2020-06-03,165,6766,6931
58,2020-06-04,135,6984,7119
58,2020-06-05,137,7417,7554
58,2020-06-06,60,4270,4330
58,2020-06-07,15,3363,3378
58,2020-06-08,137,6756,6893
58,2020-06-09,173,7062,7235
58,2020-06-10,175,6895,7070
58,2020-06-11,146,7262,7408
58,2020-06-12,220,7731,7951
58,2020-06-13,105,6329,6434
58,2020-06-14,20,3498,3518
58,2020-06-15,239,10479,10718
58,2020-06-16,306,10365,10671
58,2020-06-17,224,9866,10090
58,2020-06-18,193,9919,10112
58,2020-06-19,250,12029,12279
58,2020-06-20,254,12211,12465
58,2020-06-21,65,7709,7774
58,2020-06-22,143,7214,7357
58,2020-06-23,51,4731,4782
58,2020-06-24,205,9357,9562
58,2020-06-25,170,9586,9756
58,2020-06-26,218,9821,10039
58,2020-06-27,69,6664,6733
58,2020-06-28,29,5182,5211
58,2020-06-29,171,8830,9001
58,2020-06-30,191,9495,9686
58,2020-07-01,221,9915,10136
58,2020-07-02,212,10325,10537
58,2020-07-03,242,10960,11202
58,2020-07-04,126,6772,6898
58,2020-07-05,19,5224,5243
58,2020-07-06,246,9479,9725
58,2020-07-07,245,10376,10621
58,2020-07-08,214,9761,9975
58,2020-07-09,233,10076,10309
58,2020-07-10,249,10930,11179
58,2020-07-11,101,6912,7013
58,2020-07-12,44,5337,5381
58,2020-07-13,237,9368,9605
58,2020-07-14,163,9589,9752
58,2020-07-15,245,9885,10130
58,2020-07-16,274,10259,10533
58,2020-07-17,258,10850,11108
58,2020-07-18,136,6816,6952
58,2020-07-19,32,5256,5288
58,2020-07-20,210,9370,9580
58,2020-07-21,201,9349,9550
58,2020-07-22,239,9212,9451
58,2020-07-23,220,9281,9501
58,2020-07-24,307,10042,10349
58,2020-07-25,153,6571,6724
58,2020-07-26,30,5050,5080
58,2020-07-27,236,8830,9066
58,2020-07-28,193,8610,8803
58,2020-07-29,218,9508,9726
58,2020-07-30,208,9295,9503
58,2020-07-31,142,9092,9234
58,2020-08-01,62,5931,5993
58,2020-08-02,20,4990,5010
58,2020-08-03,115,7626,7741
58,2020-08-04,125,7900,8025
58,2020-08-05,133,7842,7975
58,2020-08-06,119,7749,7868
58,2020-08-07,116,7949,8065
58,2020-08-08,37,5497,5534
58,2020-08-09,35,4574,4609
58,2020-08-10,111,6653,6764
58,2020-08-11,101,7056,7157
58,2020-08-12,121,6716,6837
58,2020-08-13,123,7203,7326
58,2020-08-14,156,7303,7459
58,2020-08-15,16,4796,4812
58,2020-08-16,27,4747,4774
58,2020-08-17,111,6779,6890
58,2020-08-18,92,7127,7219
58,2020-08-19,123,7175,7298
58,2020-08-20,111,7339,7450
58,2020-08-21,98,7524,7622
58,2020-08-22,65,5995,6060
58,2020-08-23,28,4892,4920
58,2020-08-24,135,7800,7935
58,2020-08-25,168,8207,8375
58,2020-08-26,189,8158,8347
58,2020-08-27,163,9071,9234
58,2020-08-28,225,8661,8886
58,2020-08-29,132,6005,6137
58,2020-08-30,46,5026,5072
58,2020-08-31,194,8598,8792
58,2020-09-01,277,8471,8748
58,2020-09-02,262,8951,9213
58,2020-09-03,248,9204,9452
58,2020-09-04,202,9951,10153
58,2020-09-05,154,6192,6346
58,2020-09-06,16,5338,5354
58,2020-09-07,238,9062,9300
58,2020-09-08,256,9300,9556
58,2020-09-09,252,9063,9315
58,2020-09-10,312,9524,9836
58,2020-09-11,344,9776,10120
58,2020-09-12,200,6437,6637
58,2020-09-13,25,5406,5431
58,2020-09-14,248,9163,9411
58,2020-09-15,272,9718,9990
58,2020-09-16,288,9472,9760
58,2020-09-17,275,10013,10288
58,2020-09-18,265,10207,10472
58,2020-09-19,157,6636,6793
58,2020-09-20,27,5652,5679
58,2020-09-21,239,9658,9897
58,2020-09-22,245,10466,10711
58,2020-09-23,219,9939,10158
58,2020-09-24,234,9969,10203
58,2020-09-25,283,10636,10919
58,2020-09-26,164,6196,6360
58,2020-09-27,28,4947,4975
58,2020-09-28,257,10557,10814
58,2020-09-29,216,10322,10538
58,2020-09-30,245,10083,10328
58,2020-10-01,254,10418,10672
58,2020-10-02,217,10806,11023
58,2020-10-03,110,6420,6530
58,2020-10-04,18,4868,4886
58,2020-10-05,180,9985,10165
58,2020-10-06,227,10148,10375
58,2020-10-07,229,9889,10118
58,2020-10-08,232,10856,11088
58,2020-10-09,229,11187,11416
58,2020-10-10,144,6738,6882
58,2020-10-11,27,5245,5272
58,2020-10-12,297,9902,10199
58,2020-10-13,256,10414,10670
58,2020-10-14,239,9667,9906
58,2020-10-15,228,10465,10693
58,2020-10-16,411,11889,12300
58,2020-10-17,165,6698,6863
58,2020-10-18,33,5047,5080
58,2020-10-19,224,9239,9463
58,2020-10-20,336,9199,9535
58,2020-10-21,236,9307,9543
58,2020-10-22,210,9347,9557
58,2020-10-23,238,9333,9571
58,2020-10-24,136,6120,6256
58,2020-10-25,20,4675,4695
58,2020-10-26,235,8370,8605
58,2020-10-27,236,8823,9059
58,2020-10-28,230,10261,10491
58,2020-10-29,244,13305,13549
58,2020-10-30,229,6276,6505
58,2020-11-01,5,1671,1676
58,2020-11-02,200,6364,6564
58,2020-11-03,188,6612,6800
58,2020-11-04,174,6228,6402
58,2020-11-05,219,6703,6922
58,2020-11-06,212,6957,7169
58,2020-11-07,133,3287,3420
58,2020-11-08,17,1918,1935
58,2020-11-09,187,6703,6890
58,2020-11-10,185,7462,7647
58,2020-11-11,136,6672,6808
58,2020-11-12,200,7163,7363
58,2020-11-13,178,7171,7349
58,2020-11-14,49,3487,3536
58,2020-11-15,28,1896,1924
58,2020-11-16,133,7322,7455
58,2020-11-17,158,7194,7352
58,2020-11-18,205,7088,7293
58,2020-11-19,188,7507,7695
58,2020-11-20,168,7521,7689
58,2020-11-21,54,3755,3809
58,2020-11-22,9,2039,2048
58,2020-11-23,167,7499,7666
58,2020-11-24,197,7625,7822
58,2020-11-25,181,7239,7420
58,2020-11-26,167,7463,7630
58,2020-11-27,159,7662,7821
58,2020-11-28,82,4124,4206
58,2020-11-29,16,2763,2779
58,2020-11-30,174,7704,7878
58,2020-12-01,146,7913,8059
58,2020-12-02,163,7544,7707
58,2020-12-03,152,7947,8099
58,2020-12-04,164,8033,8197
58,2020-12-05,53,4448,4501
58,2020-12-06,19,2893,2912
58,2020-12-07,163,7747,7910
58,2020-12-08,170,8684,8854
58,2020-12-09,217,7644,7861
58,2020-12-10,170,8049,8219
58,2020-12-11,165,8150,8315
58,2020-12-12,53,4160,4213
58,2020-12-13,25,2899,2924
202,2020-01-01,22,2057,2079
202,2020-01-02,189,3700,3889
202,2020-01-03,199,4239,4438
202,2020-01-04,140,3377,3517
202,2020-01-05,27,2853,2880
202,2020-01-06,245,5359,5604
202,2020-01-07,263,5623,5886
202,2020-01-08,275,5629,5904
202,2020-01-09,260,5809,6069
202,2020-01-10,274,5845,6119
202,2020-01-11,153,3820,3973
202,2020-01-12,19,2660,2679
202,2020-01-13,333,6051,6384
202,2020-01-14,346,6302,6648
202,2020-01-15,412,6296,6708
202,2020-01-16,424,6526,6950
202,2020-01-17,445,6297,6742
202,2020-01-18,162,4303,4465
202,2020-01-19,26,2737,2763
202,2020-01-20,384,6058,6442
202,2020-01-21,416,6284,6700
202,2020-01-22,484,6251,6735
202,2020-01-23,487,6396,6883
202,2020-01-24,398,6436,6834
202,2020-01-25,184,4161,4345
202,2020-01-26,27,2829,2856
202,2020-01-27,357,6278,6635
202,2020-01-28,440,6358,6798
202,2020-01-29,381,6265,6646
202,2020-01-30,384,6054,6438
202,2020-01-31,351,6229,6580
202,2020-02-01,201,4381,4582
202,2020-02-02,26,2697,2723
202,2020-02-03,390,6238,6628
202,2020-02-04,414,6507,6921
202,2020-02-05,415,6390,6805
202,2020-02-06,367,6328,6695
202,2020-02-07,407,6379,6786
202,2020-02-08,209,4162,4371
202,2020-02-09,91,2931,3022
202,2020-02-10,332,4722,5054
202,2020-02-11,390,6488,6878
202,2020-02-12,357,6273,6630
202,2020-02-13,373,6322,6695
202,2020-02-14,424,6102,6526
202,2020-02-15,170,3861,4031
202,2020-02-16,24,2498,2522
202,2020-02-17,342,5018,5360
202,2020-02-18,343,4831,5174
202,2020-02-19,392,5284,5676
202,2020-02-20,396,4868,5264
202,2020-02-21,389,4864,5253
202,2020-02-22,174,3503,3677
202,2020-02-23,23,2270,2293
202,2020-02-24,361,5687,6048
202,2020-02-25,382,6191,6573
202,2020-02-26,429,5945,6374
202,2020-02-27,330,5343,5673
202,2020-02-28,321,6015,6336
202,2020-02-29,191,4127,4318
202,2020-03-01,28,2843,2871
202,2020-03-02,388,5849,6237
202,2020-03-03,392,6136,6528
202,2020-03-04,344,6201,6545
202,2020-03-05,329,6260,6589
202,2020-03-06,388,6250,6638
202,2020-03-07,159,4245,4404
202,2020-03-08,35,3033,3068
202,2020-03-09,400,5899,6299
202,2020-03-10,382,6157,6539
202,2020-03-11,386,5953,6339
202,2020-03-12,373,6056,6429
202,2020-03-13,405,5685,6090
202,2020-03-14,173,3410,3583
202,2020-03-15,21,2470,2491
202,2020-03-16,356,4214,4570
202,2020-03-17,415,3632,4047
202,2020-03-18,378,3269,3647
202,2020-03-19,255,2522,2777
202,2020-03-20,218,2295,2513
202,2020-03-21,138,1115,1253
202,2020-03-22,5,900,905
202,2020-03-23,180,1940,2120
202,2020-03-24,189,1896,2085
202,2020-03-25,189,1892,2081
202,2020-03-26,182,1999,2181
202,2020-03-27,216,2076,2292
202,2020-03-28,146,1449,1595
202,2020-03-30,194,2062,2256
202,2020-03-31,200,2056,2256
202,2020-04-01,189,2031,2220
202,2020-04-02,285,2017,2302
202,2020-04-03,264,2120,2384
202,2020-04-04,128,1362,1490
202,2020-04-05,16,995,1011
202,2020-04-06,182,2243,2425
202,2020-04-07,179,2229,2408
202,2020-04-08,206,2367,2573
202,2020-04-09,215,2329,2544
202,2020-04-10,201,2331,2532
202,2020-04-11,135,1770,1905
202,2020-04-12,2,990,992
202,2020-04-13,6,992,998
202,2020-04-14,199,2390,2589
202,2020-04-15,212,2458,2670
202,2020-04-16,208,2552,2760
202,2020-04-17,226,2716,2942
202,2020-04-18,130,1786,1916
202,2020-04-19,4,1350,1354
202,2020-04-20,274,3332,3606
202,2020-04-21,340,3430,3770
202,2020-04-22,373,3526,3899
202,2020-04-23,348,3704,4052
202,2020-04-24,390,3992,4382
202,2020-04-25,198,2984,3182
202,2020-04-26,32,2043,2075
202,2020-04-27,375,3861,4236
202,2020-04-28,397,3566,3963
202,2020-04-29,414,3920,4334
202,2020-05-02,184,2666,2850
202,2020-05-03,8,2046,2054
202,2020-05-04,442,4310,4752
202,2020-05-05,470,4420,4890
202,2020-05-06,414,4699,5113
202,2020-05-07,466,4668,5134
202,2020-05-08,445,4808,5253
202,2020-05-09,32,2260,2292
202,2020-05-10,27,1832,1859
202,2020-05-11,359,4778,5137
202,2020-05-12,398,5038,5436
202,2020-05-13,388,5006,5394
202,2020-05-14,352,5027,5379
202,2020-05-15,372,5310,5682
202,2020-05-16,254,4334,4588
202,2020-05-17,32,3459,3491
202,2020-05-18,391,5186,5577
202,2020-05-19,476,5360,5836
202,2020-05-20,425,5677,6102
202,2020-05-21,47,3642,3689
202,2020-05-22,320,5237,5557
202,2020-05-23,178,3747,3925
202,2020-05-24,27,2708,2735
202,2020-05-25,362,5451,5813
202,2020-05-26,394,5581,5975
202,2020-05-27,380,5729,6109
202,2020-05-28,414,5837,6251
202,2020-05-29,431,6156,6587
202,2020-05-30,192,4489,4681
202,2020-05-31,26,3540,3566
202,2020-06-01,45,3657,3702
202,2020-06-02,399,5665,6064
202,2020-06-03,423,5533,5956
202,2020-06-04,341,5442,5783
202,2020-06-05,370,5510,5880
202,2020-06-06,185,3946,4131
202,2020-06-07,23,3006,3029
202,2020-06-08,385,5494,5879
202,2020-06-09,411,5670,6081
202,2020-06-10,418,5797,6215
202,2020-06-11,443,5723,6166
202,2020-06-12,526,6010,6536
202,2020-06-13,174,4408,4582
202,2020-06-14,14,3369,3383
202,2020-06-15,369,5543,5912
202,2020-06-16,443,5720,6163
202,2020-06-17,452,5610,6062
202,2020-06-18,386,5881,6267
202,2020-06-19,394,5959,6353
202,2020-06-20,239,5045,5284
202,2020-06-21,47,3667,3714
202,2020-06-22,338,5242,5580
202,2020-06-23,42,3350,3392
202,2020-06-24,459,5948,6407
202,2020-06-25,464,6146,6610
202,2020-06-26,472,6050,6522
202,2020-06-28,29,3150,3179
202,2020-06-29,431,5907,6338
202,2020-06-30,497,5705,6202
202,2020-07-01,395,5754,6149
202,2020-07-02,534,5892,6426
202,2020-07-03,435,6011,6446
202,2020-07-04,191,4334,4525
202,2020-07-05,21,2865,2886
202,2020-07-06,405,5652,6057
202,2020-07-07,392,5895,6287
202,2020-07-08,403,6400,6803
202,2020-07-09,482,6519,7001
202,2020-07-10,411,6049,6460
202,2020-07-11,182,4575,4757
202,2020-07-12,37,3590,3627
202,2020-07-13,376,5832,6208
202,2020-07-14,391,5738,6129
202,2020-07-15,366,5712,6078
202,2020-07-16,310,4804,5114
202,2020-07-17,304,4686,4990
202,2020-07-18,169,3780,3949
202,2020-07-19,31,3016,3047
202,2020-07-20,335,4926,5261
202,2020-07-21,347,5261,5608
202,2020-07-22,358,5232,5590
202,2020-07-23,381,5571,5952
202,2020-07-24,323,5553,5876
202,2020-07-25,186,4148,4334
202,2020-07-26,28,2983,3011
202,2020-07-27,357,5468,5825
202,2020-07-28,366,5381,5747
202,2020-07-29,392,5736,6128
202,2020-07-30,351,5731,6082
202,2020-07-31,271,5582,5853
202,2020-08-01,155,3983,4138
202,2020-08-02,27,3105,3132
202,2020-08-03,213,4798,5011
202,2020-08-04,237,4942,5179
202,2020-08-05,231,4955,5186
202,2020-08-06,233,5004,5237
202,2020-08-07,218,5091,5309
202,2020-08-08,148,3801,3949
202,2020-08-09,18,2967,2985
202,2020-08-10,247,4740,4987
202,2020-08-11,220,4735,4955
202,2020-08-12,215,4638,4853
202,2020-08-13,227,4809,5036
202,2020-08-14,219,4786,5005
202,2020-08-15,29,3021,3050
202,2020-08-16,20,2941,2961
202,2020-08-17,225,4719,4944
202,2020-08-18,230,4651,4881
202,2020-08-19,230,4788,5018
202,2020-08-20,232,4945,5177
202,2020-08-21,248,4761,5009
202,2020-08-22,150,3971,4121
202,2020-08-23,21,2876,2897
202,2020-08-24,272,4576,4848
202,2020-08-25,318,4796,5114
202,2020-08-26,326,4838,5164
202,2020-08-27,322,5488,5810
202,2020-08-28,333,5424,5757
202,2020-08-29,162,4085,4247
202,2020-08-30,30,3091,3121
202,2020-08-31,315,4932,5247
202,2020-09-01,340,4988,5328
202,2020-09-02,340,5121,5461
202,2020-09-03,362,5283,5645
202,2020-09-04,389,5323,5712
202,2020-09-05,247,3843,4090
202,2020-09-06,25,3066,3091
202,2020-09-07,371,5202,5573
202,2020-09-08,350,5541,5891
202,2020-09-09,367,5475,5842
202,2020-09-10,348,5425,5773
202,2020-09-11,398,5759,6157
202,2020-09-12,176,4371,4547
202,2020-09-13,45,3405,3450
202,2020-09-14,370,5684,6054
202,2020-09-15,417,5993,6410
202,2020-09-16,401,5878,6279
202,2020-09-17,423,6077,6500
202,2020-09-18,379,6378,6757
202,2020-09-19,198,4688,4886
202,2020-09-20,42,3529,3571
202,2020-09-21,430,5871,6301
202,2020-09-22,371,6004,6375
202,2020-09-23,399,5950,6349
202,2020-09-24,447,5982,6429
202,2020-09-25,489,6044,6533
202,2020-09-26,230,4440,4670
202,2020-09-28,427,5869,6296
202,2020-09-29,411,6051,6462
202,2020-09-30,408,5951,6359
202,2020-10-01,361,6189,6550
202,2020-10-02,413,6105,6518
202,2020-10-03,157,4522,4679
202,2020-10-04,38,3238,3276
202,2020-10-05,433,5674,6107
202,2020-10-06,429,6201,6630
202,2020-10-07,406,5857,6263
202,2020-10-08,407,5985,6392
202,2020-10-09,417,6027,6444
202,2020-10-10,190,4529,4719
202,2020-10-11,34,3142,3176
202,2020-10-12,404,5649,6053
202,2020-10-13,447,5911,6358
202,2020-10-14,509,5823,6332
202,2020-10-15,404,6109,6513
202,2020-10-16,507,6219,6726
202,2020-10-17,193,4549,4742
202,2020-10-18,23,3058,3081
202,2020-10-19,409,5504,5913
202,2020-10-20,432,5854,6286
202,2020-10-21,411,5846,6257
202,2020-10-22,387,5894,6281
202,2020-10-23,398,6063,6461
202,2020-10-24,173,4262,4435
202,2020-10-25,27,2665,2692
202,2020-10-26,389,5338,5727
202,2020-10-27,415,5436,5851
202,2020-10-28,420,5800,6220
202,2020-10-29,459,5403,5862
202,2020-10-30,426,5522,5948
202,2020-11-01,20,2255,2275
202,2020-11-02,409,4806,5215
202,2020-11-03,348,4930,5278
202,2020-11-04,416,5076,5492
202,2020-11-05,406,5039,5445
202,2020-11-06,415,5381,5796
202,2020-11-07,178,4057,4235
202,2020-11-08,30,2659,2689
202,2020-11-09,445,5228,5673
202,2020-11-10,407,5512,5919
202,2020-11-11,432,5614,6046
202,2020-11-12,427,5529,5956
202,2020-11-13,447,5689,6136
202,2020-11-14,183,4454,4637
202,2020-11-15,18,2732,2750
202,2020-11-16,506,5929,6435
202,2020-11-17,526,6180,6706
202,2020-11-18,496,5886,6382
202,2020-11-19,448,5581,6029
202,2020-11-20,496,5875,6371
202,2020-11-21,200,5018,5218
202,2020-11-22,34,3042,3076
202,2020-11-23,413,5492,5905
202,2020-11-24,400,5640,6040
202,2020-11-25,438,5663,6101
202,2020-11-26,399,5572,5971
202,2020-11-27,409,5765,6174
202,2020-11-28,177,3994,4171
202,2020-11-29,23,2684,2707
202,2020-11-30,445,5155,5600
202,2020-12-01,370,5252,5622
202,2020-12-02,380,5310,5690
202,2020-12-03,415,5275,5690
202,2020-12-04,447,5500,5947
202,2020-12-05,184,3856,4040
202,2020-12-06,21,2385,2406
202,2020-12-07,418,5387,5805
202,2020-12-08,412,5212,5624
202,2020-12-09,441,5413,5854
202,2020-12-10,460,5615,6075
202,2020-12-11,415,5476,5891
202,2020-12-12,169,3529,3698
202,2020-12-13,34,2620,2654
202,2020-12-14,396,5461,5857
202,2020-12-15,385,5280,5665
202,2020-12-16,383,5497,5880
202,2020-12-17,339,5698,6037
202,2020-12-18,344,5851,6195
202,2020-12-19,169,3872,4041
202,2020-12-20,26,2528,2554
202,2020-12-21,215,4852,5067
202,2020-12-22,227,4783,5010
202,2020-12-23,188,4694,4882
202,2020-12-24,170,3780,3950
202,2020-12-25,12,2007,2019
202,2020-12-26,32,2063,2095
202,2020-12-27,17,1538,1555
202,2020-12-28,187,3065,3252
202,2020-12-29,178,3422,3600
202,2020-12-30,190,3573,3763
202,2020-12-31,179,2945,3124
203,2020-01-01,28,1398,1426
203,2020-01-02,157,2523,2680
203,2020-01-03,184,2831,3015
203,2020-01-04,135,2183,2318
203,2020-01-05,23,1914,1937
203,2020-01-06,235,3912,4147
203,2020-01-07,247,4169,4416
203,2020-01-08,239,4084,4323
203,2020-01-09,193,4336,4529
203,2020-01-10,209,4181,4390
203,2020-01-11,120,2523,2643
203,2020-01-12,17,1743,1760
203,2020-01-13,262,4187,4449
203,2020-01-14,275,4363,4638
203,2020-01-15,270,4290,4560
203,2020-01-16,303,4563,4866
203,2020-01-17,301,4351,4652
203,2020-01-18,147,2744,2891
203,2020-01-19,22,1857,1879
203,2020-01-20,287,4140,4427
203,2020-01-21,313,4280,4593
203,2020-01-22,304,4344,4648
203,2020-01-23,283,4503,4786
203,2020-01-24,295,4434,4729
203,2020-01-25,155,2630,2785
203,2020-01-26,24,1879,1903
203,2020-01-27,284,4270,4554
203,2020-01-28,244,4432,4676
203,2020-01-29,290,4238,4528
203,2020-01-30,270,4166,4436
203,2020-01-31,265,4200,4465
203,2020-02-01,118,2665,2783
203,2020-02-02,18,1729,1747
203,2020-02-03,320,4526,4846
203,2020-02-04,274,4355,4629
203,2020-02-05,305,4334,4639
203,2020-02-06,294,4395,4689
203,2020-02-07,357,4385,4742
203,2020-02-08,161,2646,2807
203,2020-02-09,19,2165,2184
203,2020-02-10,100,1884,1984
203,2020-02-11,322,4850,5172
203,2020-02-12,345,4362,4707
203,2020-02-13,335,4486,4821
203,2020-02-14,344,4331,4675
203,2020-02-15,157,2647,2804
203,2020-02-16,16,1636,1652
203,2020-02-17,285,3297,3582
203,2020-02-18,271,3366,3637
203,2020-02-19,278,3466,3744
203,2020-02-20,270,3317,3587
203,2020-02-21,323,3394,3717
203,2020-02-22,156,2260,2416
203,2020-02-23,19,1605,1624
203,2020-02-24,290,3980,4270
203,2020-02-25,310,4392,4702
203,2020-02-26,308,4062,4370
203,2020-02-27,174,3758,3932
203,2020-02-28,279,4158,4437
203,2020-02-29,134,2735,2869
203,2020-03-01,21,2007,2028
203,2020-03-02,314,4175,4489
203,2020-03-03,315,4440,4755
203,2020-03-04,317,4266,4583
203,2020-03-05,276,4511,4787
203,2020-03-06,320,4360,4680
203,2020-03-07,130,2792,2922
203,2020-03-08,36,2030,2066
203,2020-03-09,315,4204,4519
203,2020-03-10,321,4499,4820
203,2020-03-11,309,4252,4561
203,2020-03-12,302,4218,4520
203,2020-03-13,325,3867,4192
203,2020-03-14,148,2079,2227
203,2020-03-15,20,1664,1684
203,2020-03-16,285,2832,3117
203,2020-03-17,257,2468,2725
203,2020-03-18,294,2124,2418
203,2020-03-19,192,1743,1935
203,2020-03-20,216,1613,1829
203,2020-03-21,206,712,918
203,2020-03-22,9,623,632
203,2020-03-23,155,1328,1483
203,2020-03-24,289,1332,1621
203,2020-03-25,208,1367,1575
203,2020-03-26,216,1429,1645
203,2020-03-27,207,1459,1666
203,2020-03-28,171,1027,1198
203,2020-03-30,191,1433,1624
203,2020-03-31,180,1400,1580
203,2020-04-01,198,1431,1629
203,2020-04-02,328,1468,1796
203,2020-04-03,269,1467,1736
203,2020-04-04,118,934,1052
203,2020-04-05,5,692,697
203,2020-04-06,194,1514,1708
203,2020-04-07,153,1535,1688
203,2020-04-08,170,1649,1819
203,2020-04-09,166,1654,1820
203,2020-04-10,160,1647,1807
203,2020-04-11,102,1331,1433
203,2020-04-12,2,693,695
203,2020-04-13,3,741,744
203,2020-04-14,148,1645,1793
203,2020-04-15,172,1685,1857
203,2020-04-16,174,1796,1970
203,2020-04-17,222,1855,2077
203,2020-04-18,103,1303,1406
203,2020-04-19,1,949,950
203,2020-04-20,223,2134,2357
203,2020-04-21,302,2188,2490
203,2020-04-22,339,2235,2574
203,2020-04-23,337,2337,2674
203,2020-04-24,304,2662,2966
203,2020-04-25,206,1872,2078
203,2020-04-26,9,1497,1506
203,2020-04-27,324,2546,2870
203,2020-04-28,355,2343,2698
203,2020-04-29,383,2512,2895
203,2020-05-01,12,1067,1079
203,2020-05-02,156,1647,1803
203,2020-05-03,6,1388,1394
203,2020-05-04,351,2758,3109
203,2020-05-05,300,2932,3232
203,2020-05-06,323,3007,3330
203,2020-05-07,294,3179,3473
203,2020-05-08,308,3124,3432
203,2020-05-09,24,1478,1502
203,2020-05-10,21,1320,1341
203,2020-05-11,304,3093,3397
203,2020-05-12,349,3372,3721
203,2020-05-13,338,3377,3715
203,2020-05-14,293,3407,3700
203,2020-05-15,289,3396,3685
203,2020-05-16,169,2765,2934
203,2020-05-17,19,2439,2458
203,2020-05-18,317,3361,3678
203,2020-05-19,386,3604,3990
203,2020-05-20,329,3867,4196
203,2020-05-21,42,2558,2600
203,2020-05-22,233,3448,3681
203,2020-05-23,151,2235,2386
203,2020-05-24,16,1927,1943
203,2020-05-25,305,3658,3963
203,2020-05-26,319,3784,4103
203,2020-05-27,291,3855,4146
203,2020-05-28,297,4000,4297
203,2020-05-29,320,4129,4449
203,2020-05-30,165,2830,2995
203,2020-05-31,14,2458,2472
203,2020-06-01,21,2570,2591
203,2020-06-02,264,3761,4025
203,2020-06-03,383,4675,5058
203,2020-06-04,385,4416,4801
203,2020-06-05,314,4433,4747
203,2020-06-06,166,2561,2727
203,2020-06-07,21,2137,2158
203,2020-06-08,348,3780,4128
203,2020-06-09,315,3993,4308
203,2020-06-10,369,3823,4192
203,2020-06-11,358,3962,4320
203,2020-06-12,342,4230,4572
203,2020-06-13,183,2751,2934
203,2020-06-14,14,2385,2399
203,2020-06-15,247,3909,4156
203,2020-06-16,331,4046,4377
203,2020-06-17,317,3775,4092
203,2020-06-18,303,4151,4454
203,2020-06-19,308,4041,4349
203,2020-06-20,145,3231,3376
203,2020-06-21,25,2483,2508
203,2020-06-22,258,3506,3764
203,2020-06-23,22,2251,2273
203,2020-06-24,322,4128,4450
203,2020-06-25,302,4233,4535
203,2020-06-26,323,4059,4382
203,2020-06-27,136,2818,2954
203,2020-06-28,25,2144,2169
203,2020-06-29,335,4615,4950
203,2020-06-30,319,4145,4464
203,2020-07-01,312,4108,4420
203,2020-07-02,352,4343,4695
203,2020-07-03,326,4197,4523
203,2020-07-04,177,2873,3050
203,2020-07-05,15,1957,1972
203,2020-07-06,302,3946,4248
203,2020-07-07,296,4148,4444
203,2020-07-08,315,4426,4741
203,2020-07-09,368,4653,5021
203,2020-07-10,308,4286,4594
203,2020-07-11,124,2993,3117
203,2020-07-12,23,2558,2581
203,2020-07-13,311,4116,4427
203,2020-07-14,313,3971,4284
203,2020-07-15,306,4110,4416
203,2020-07-16,197,2203,2400
203,2020-07-17,146,1988,2134
203,2020-07-18,96,1677,1773
203,2020-07-19,12,1531,1543
203,2020-07-20,383,3479,3862
203,2020-07-21,615,6341,6956
203,2020-07-22,748,6556,7304
203,2020-07-23,371,4007,4378
203,2020-07-24,289,3846,4135
203,2020-07-25,133,2692,2825
203,2020-07-26,25,2049,2074
203,2020-07-27,260,3798,4058
203,2020-07-28,285,3773,4058
203,2020-07-29,273,3942,4215
203,2020-07-30,282,4055,4337
203,2020-07-31,206,3846,4052
203,2020-08-01,148,3174,3322
203,2020-08-02,19,2616,2635
203,2020-08-03,176,2978,3154
203,2020-08-04,174,3213,3387
203,2020-08-05,200,3167,3367
203,2020-08-06,194,3223,3417
203,2020-08-07,162,3162,3324
203,2020-08-08,118,2774,2892
203,2020-08-09,16,2290,2306
203,2020-08-10,156,2929,3085
203,2020-08-11,166,2963,3129
203,2020-08-12,153,2902,3055
203,2020-08-13,178,2959,3137
203,2020-08-14,170,2930,3100
203,2020-08-15,28,2333,2361
203,2020-08-16,15,2313,2328
203,2020-08-17,170,2849,3019
203,2020-08-18,183,2894,3077
203,2020-08-19,173,3012,3185
203,2020-08-20,186,2979,3165
203,2020-08-21,196,2926,3122
203,2020-08-22,123,2971,3094
203,2020-08-23,19,2295,2314
203,2020-08-24,220,2818,3038
203,2020-08-25,250,3014,3264
203,2020-08-26,236,3025,3261
203,2020-08-27,246,3328,3574
203,2020-08-28,234,3250,3484
203,2020-08-29,143,3061,3204
203,2020-08-30,26,2428,2454
203,2020-08-31,229,3086,3315
203,2020-09-01,265,3288,3553
203,2020-09-02,249,3351,3600
203,2020-09-03,262,3613,3875
203,2020-09-04,324,3485,3809
203,2020-09-05,200,2391,2591
203,2020-09-06,16,2021,2037
203,2020-09-07,345,3544,3889
203,2020-09-08,311,3773,4084
203,2020-09-09,334,3802,4136
203,2020-09-10,342,3843,4185
203,2020-09-11,366,3949,4315
203,2020-09-12,134,2765,2899
203,2020-09-13,39,2429,2468
203,2020-09-14,310,3912,4222
203,2020-09-15,280,4128,4408
203,2020-09-16,300,3996,4296
203,2020-09-17,304,4073,4377
203,2020-09-18,282,4404,4686
203,2020-09-19,158,3070,3228
203,2020-09-20,36,2486,2522
203,2020-09-21,296,4048,4344
203,2020-09-22,326,4271,4597
203,2020-09-23,323,4146,4469
203,2020-09-24,320,4178,4498
203,2020-09-25,302,4236,4538
203,2020-09-26,151,2681,2832
203,2020-09-27,26,1975,2001
203,2020-09-28,325,4170,4495
203,2020-09-29,300,4243,4543
203,2020-09-30,291,4160,4451
203,2020-10-01,302,4418,4720
203,2020-10-02,307,4184,4491
203,2020-10-03,130,2792,2922
203,2020-10-04,27,2599,2626
203,2020-10-05,304,4009,4313
203,2020-10-06,297,4278,4575
203,2020-10-07,292,4163,4455
203,2020-10-08,285,4192,4477
203,2020-10-09,268,4206,4474
203,2020-10-10,150,2891,3041
203,2020-10-11,22,2302,2324
203,2020-10-12,276,4028,4304
203,2020-10-13,349,4180,4529
203,2020-10-14,308,4103,4411
203,2020-10-15,311,4259,4570
203,2020-10-16,356,4209,4565
203,2020-10-17,146,2798,2944
203,2020-10-18,16,2160,2176
203,2020-10-19,322,3938,4260
203,2020-10-20,332,4130,4462
203,2020-10-21,318,4148,4466
203,2020-10-22,283,4035,4318
203,2020-10-23,301,4087,4388
203,2020-10-24,117,2713,2830
203,2020-10-25,18,1718,1736
203,2020-10-26,294,3837,4131
203,2020-10-27,352,3830,4182
203,2020-10-28,318,3850,4168
203,2020-10-29,318,3845,4163
203,2020-10-30,295,3812,4107
203,2020-11-01,19,1502,1521
203,2020-11-02,248,3131,3379
203,2020-11-03,290,3305,3595
203,2020-11-04,293,3311,3604
203,2020-11-05,288,3389,3677
203,2020-11-06,286,3594,3880
203,2020-11-07,149,2524,2673
203,2020-11-08,29,1901,1930
203,2020-11-09,416,3657,4073
203,2020-11-10,374,3861,4235
203,2020-11-11,431,3985,4416
203,2020-11-12,393,3820,4213
203,2020-11-13,393,3857,4250
203,2020-11-14,160,2803,2963
203,2020-11-15,20,1915,1935
203,2020-11-16,365,4265,4630
203,2020-11-17,408,4482,4890
203,2020-11-18,349,4039,4388
203,2020-11-19,333,3918,4251
203,2020-11-20,328,4033,4361
203,2020-11-21,171,3398,3569
203,2020-11-22,25,2109,2134
203,2020-11-23,289,3721,4010
203,2020-11-24,349,3831,4180
203,2020-11-25,368,3860,4228
203,2020-11-26,318,3823,4141
203,2020-11-27,358,3935,4293
203,2020-11-28,131,2456,2587
203,2020-11-29,22,1795,1817
203,2020-11-30,360,3458,3818
203,2020-12-02,321,3661,3982
203,2020-12-03,321,3631,3952
203,2020-12-04,310,3692,4002
203,2020-12-05,172,2369,2541
203,2020-12-06,16,1543,1559
203,2020-12-07,342,3592,3934
203,2020-12-08,358,3505,3863
203,2020-12-09,350,3696,4046
203,2020-12-10,326,3693,4019
203,2020-12-11,315,3659,3974
203,2020-12-12,138,2110,2248
203,2020-12-13,29,1706,1735
203,2020-12-14,315,3725,4040
203,2020-12-15,298,3642,3940
203,2020-12-16,314,3792,4106
203,2020-12-17,265,3915,4180
203,2020-12-18,284,3927,4211
203,2020-12-19,112,2344,2456
203,2020-12-20,18,1664,1682
203,2020-12-21,187,3057,3244
203,2020-12-22,176,3099,3275
203,2020-12-23,158,2911,3069
203,2020-12-24,147,2383,2530
203,2020-12-25,12,1288,1300
203,2020-12-26,26,1343,1369
203,2020-12-27,8,232,240
203,2020-12-28,178,2008,2186
203,2020-12-29,170,2165,2335
203,2020-12-30,140,2267,2407
203,2020-12-31,76,1490,1566
291,2020-01-01,43,476,519
291,2020-01-02,135,3595,3730
291,2020-01-03,137,3729,3866
291,2020-01-04,86,2766,2852
291,2020-01-05,43,1542,1585
291,2020-01-06,151,4752,4903
291,2020-01-07,143,4825,4968
291,2020-01-08,144,4647,4791
291,2020-01-09,154,5276,5430
291,2020-01-10,169,4912,5081
291,2020-01-11,87,2941,3028
291,2020-01-12,51,1369,1420
291,2020-01-13,180,5902,6082
291,2020-01-14,177,5148,5325
291,2020-01-15,183,5019,5202
291,2020-01-16,162,5164,5326
291,2020-01-17,173,5296,5469
291,2020-01-18,90,3032,3122
291,2020-01-19,43,1315,1358
291,2020-01-20,169,4916,5085
291,2020-01-21,180,4918,5098
291,2020-01-22,189,4877,5066
291,2020-01-23,174,4979,5153
291,2020-01-24,188,5535,5723
291,2020-01-25,80,3007,3087
291,2020-01-26,44,1292,1336
291,2020-01-27,163,5099,5262
291,2020-01-28,161,4688,4849
291,2020-01-29,201,5432,5633
291,2020-01-30,191,5230,5421
291,2020-01-31,194,5160,5354
291,2020-02-01,88,3739,3827
291,2020-02-02,46,1774,1820
291,2020-02-03,184,5212,5396
291,2020-02-04,176,5034,5210
291,2020-02-05,156,4849,5005
291,2020-02-06,213,4996,5209
291,2020-02-07,177,5236,5413
291,2020-02-08,83,2953,3036
291,2020-02-09,46,1424,1470
291,2020-02-10,162,4484,4646
291,2020-02-11,172,5214,5386
291,2020-02-12,178,5032,5210
291,2020-02-13,156,5352,5508
291,2020-02-14,157,5068,5225
291,2020-02-15,88,3190,3278
291,2020-02-16,43,1333,1376
291,2020-02-17,149,4582,4731
291,2020-02-18,169,4494,4663
291,2020-02-19,183,4406,4589
291,2020-02-20,191,4579,4770
291,2020-02-21,194,4407,4601
291,2020-02-22,110,3085,3195
291,2020-02-23,44,1435,1479
291,2020-02-24,200,4850,5050
291,2020-02-25,183,4897,5080
291,2020-02-26,176,4740,4916
291,2020-02-27,142,3983,4125
291,2020-02-28,179,5016,5195
291,2020-02-29,104,3609,3713
291,2020-03-01,44,1458,1502
291,2020-03-02,163,5051,5214
291,2020-03-03,169,5060,5229
291,2020-03-04,168,5045,5213
291,2020-03-05,176,5624,5800
291,2020-03-06,164,5283,5447
291,2020-03-07,89,3182,3271
291,2020-03-08,43,1281,1324
291,2020-03-09,202,4990,5192
291,2020-03-10,147,5005,5152
291,2020-03-11,184,4889,5073
291,2020-03-12,173,5033,5206
291,2020-03-13,149,4917,5066
291,2020-03-14,86,2470,2556
291,2020-03-15,42,946,988
291,2020-03-16,235,3765,4000
291,2020-03-17,215,3065,3280
291,2020-03-18,134,1577,1711
291,2020-03-19,140,1236,1376
291,2020-03-20,127,1108,1235
291,2020-03-21,72,568,640
291,2020-03-22,NA,275,NA
291,2020-03-23,134,1084,1218
291,2020-03-24,129,1103,1232
291,2020-03-25,130,993,1123
291,2020-03-26,121,1043,1164
291,2020-03-27,126,1105,1231
291,2020-03-28,71,773,844
291,2020-03-30,118,1072,1190
291,2020-03-31,120,1126,1246
291,2020-04-01,117,1099,1216
291,2020-04-02,117,1132,1249
291,2020-04-03,124,1275,1399
291,2020-04-04,71,779,850
291,2020-04-05,0,323,323
291,2020-04-06,124,1116,1240
291,2020-04-07,120,1133,1253
291,2020-04-08,126,1242,1368
291,2020-04-09,119,1250,1369
291,2020-04-10,122,1294,1416
291,2020-04-11,69,917,986
291,2020-04-12,1,280,281
291,2020-04-13,0,251,251
291,2020-04-14,123,1281,1404
291,2020-04-15,124,1297,1421
291,2020-04-16,117,1263,1380
291,2020-04-17,122,1400,1522
291,2020-04-18,72,947,1019
291,2020-04-19,0,427,427
291,2020-04-20,127,1411,1538
291,2020-04-21,123,1419,1542
291,2020-05-15,141,3709,3850
291,2020-05-16,81,2657,2738
291,2020-05-17,33,853,886
291,2020-05-18,156,3399,3555
291,2020-05-19,146,3389,3535
291,2020-05-20,166,3654,3820
291,2020-05-21,36,845,881
291,2020-05-22,140,3259,3399
291,2020-05-23,77,2575,2652
291,2020-05-24,34,761,795
291,2020-05-25,167,3823,3990
291,2020-05-26,160,3633,3793
291,2020-05-27,152,3407,3559
291,2020-05-28,167,3430,3597
291,2020-05-29,158,4166,4324
291,2020-05-30,86,2651,2737
291,2020-05-31,34,1132,1166
291,2020-06-01,33,993,1026
291,2020-06-02,172,3359,3531
291,2020-06-03,158,3379,3537
291,2020-06-04,151,3394,3545
291,2020-06-05,150,3415,3565
291,2020-06-06,80,2745,2825
291,2020-06-07,35,1033,1068
291,2020-06-08,168,3503,3671
291,2020-06-09,171,3564,3735
291,2020-06-10,155,3593,3748
291,2020-06-11,161,3642,3803
291,2020-06-12,172,3983,4155
291,2020-06-13,77,2870,2947
291,2020-06-14,33,1035,1068
291,2020-06-15,183,3864,4047
291,2020-06-16,169,3686,3855
291,2020-06-17,148,3754,3902
291,2020-06-18,169,3831,4000
291,2020-06-19,173,4036,4209
291,2020-06-20,72,2840,2912
291,2020-06-21,35,1236,1271
291,2020-06-22,150,3563,3713
291,2020-06-23,35,927,962
291,2020-06-24,167,3828,3995
291,2020-06-25,187,3937,4124
291,2020-06-26,161,4078,4239
291,2020-06-27,79,3067,3146
291,2020-06-28,40,1567,1607
291,2020-06-29,149,4070,4219
291,2020-06-30,166,4227,4393
291,2020-07-01,160,4204,4364
291,2020-07-02,170,4174,4344
291,2020-07-03,159,4349,4508
291,2020-07-04,76,2751,2827
291,2020-07-05,33,1179,1212
291,2020-07-06,158,4088,4246
291,2020-07-07,159,3989,4148
291,2020-07-08,169,3973,4142
291,2020-07-09,162,3975,4137
291,2020-07-10,168,4094,4262
291,2020-07-11,75,2820,2895
291,2020-07-12,34,1280,1314
291,2020-07-13,166,4070,4236
291,2020-07-14,143,4030,4173
291,2020-07-15,163,3650,3813
291,2020-07-16,157,3702,3859
291,2020-07-17,170,3861,4031
291,2020-07-18,72,2638,2710
291,2020-07-19,33,1217,1250
291,2020-07-20,154,3624,3778
291,2020-07-21,160,3762,3922
291,2020-07-22,150,3433,3583
291,2020-07-23,195,3508,3703
291,2020-07-24,150,3588,3738
291,2020-07-25,78,2525,2603
291,2020-07-26,35,1157,1192
291,2020-07-27,173,3421,3594
291,2020-07-28,168,3490,3658
291,2020-07-29,162,3406,3568
291,2020-07-30,162,3484,3646
291,2020-07-31,156,3452,3608
291,2020-08-01,74,2430,2504
291,2020-08-02,34,1158,1192
291,2020-08-03,154,3247,3401
291,2020-08-04,140,3266,3406
291,2020-08-05,139,3078,3217
291,2020-08-06,133,3125,3258
291,2020-08-07,160,3084,3244
291,2020-08-08,73,2166,2239
291,2020-08-09,35,946,981
291,2020-08-10,151,3114,3265
291,2020-08-11,134,3038,3172
291,2020-08-12,145,3026,3171
291,2020-08-13,149,2916,3065
291,2020-08-14,134,3088,3222
291,2020-08-15,33,946,979
291,2020-08-16,33,1063,1096
291,2020-08-17,156,3639,3795
291,2020-08-18,157,3139,3296
291,2020-08-19,138,2877,3015
291,2020-08-20,139,2807,2946
291,2020-08-21,137,2901,3038
291,2020-08-22,72,2087,2159
291,2020-08-23,32,1077,1109
291,2020-08-24,173,3257,3430
291,2020-08-25,170,3126,3296
291,2020-08-26,166,3201,3367
291,2020-08-27,147,3232,3379
291,2020-08-28,161,3225,3386
291,2020-08-29,74,2338,2412
291,2020-08-30,33,1045,1078
291,2020-08-31,165,3402,3567
304,2020-01-01,29,4201,4230
304,2020-01-02,490,9522,10012
304,2020-01-03,569,10467,11036
304,2020-01-04,235,8442,8677
304,2020-01-05,52,6106,6158
304,2020-01-06,784,11893,12677
304,2020-01-07,785,11960,12745
304,2020-01-08,745,12175,12920
304,2020-01-09,735,12196,12931
304,2020-01-10,782,12753,13535
304,2020-01-11,301,9749,10050
304,2020-01-12,52,5820,5872
304,2020-01-13,863,11767,12630
304,2020-01-14,932,12671,13603
304,2020-01-15,955,12510,13465
304,2020-01-16,966,13029,13995
304,2020-01-17,967,13464,14431
304,2020-01-18,296,10286,10582
304,2020-01-19,63,6057,6120
304,2020-01-20,967,12077,13044
304,2020-01-21,910,12518,13428
304,2020-01-22,972,12289,13261
304,2020-01-23,988,12750,13738
304,2020-01-24,995,13258,14253
304,2020-01-25,309,10135,10444
304,2020-01-26,59,6097,6156
304,2020-01-27,911,11684,12595
304,2020-01-28,984,11744,12728
304,2020-01-29,952,12548,13500
304,2020-01-30,935,12793,13728
304,2020-01-31,952,13131,14083
304,2020-02-01,361,10084,10445
304,2020-02-02,56,6175,6231
304,2020-02-03,897,11938,12835
304,2020-02-04,994,12994,13988
304,2020-02-05,1001,12499,13500
304,2020-02-06,954,12746,13700
304,2020-02-07,939,13170,14109
304,2020-02-08,302,10128,10430
304,2020-02-09,72,5242,5314
304,2020-02-10,1073,12401,13474
304,2020-02-11,924,12522,13446
304,2020-02-12,984,13018,14002
304,2020-02-13,924,12994,13918
304,2020-02-14,907,13536,14443
304,2020-02-15,299,9237,9536
304,2020-02-16,79,5357,5436
304,2020-02-17,830,11788,12618
304,2020-02-18,956,11943,12899
304,2020-02-19,903,11811,12714
304,2020-02-20,868,12200,13068
304,2020-02-21,926,12812,13738
304,2020-02-22,306,9381,9687
304,2020-02-23,50,5414,5464
304,2020-02-24,926,12578,13504
304,2020-02-25,982,13594,14576
304,2020-02-26,1042,13296,14338
304,2020-02-27,654,9263,9917
304,2020-02-28,907,14314,15221
304,2020-02-29,316,10309,10625
304,2020-03-01,67,6046,6113
304,2020-03-02,961,13526,14487
304,2020-03-03,997,13565,14562
304,2020-03-04,978,13330,14308
304,2020-03-05,879,13900,14779
304,2020-03-06,955,14247,15202
304,2020-03-07,350,10401,10751
304,2020-03-08,74,6397,6471
304,2020-03-09,1033,12952,13985
304,2020-03-10,985,13518,14503
304,2020-03-11,1008,13381,14389
304,2020-03-12,1016,13261,14277
304,2020-03-13,1056,13408,14464
304,2020-03-14,337,8030,8367
304,2020-03-15,82,4683,4765
304,2020-03-16,968,9917,10885
304,2020-03-17,962,8637,9599
304,2020-03-18,850,7431,8281
304,2020-03-19,732,6023,6755
304,2020-03-20,649,5668,6317
304,2020-03-21,223,2559,2782
304,2020-03-22,43,1475,1518
304,2020-03-23,500,4573,5073
304,2020-03-24,481,4439,4920
304,2020-03-25,479,4462,4941
304,2020-03-26,506,4521,5027
304,2020-03-27,438,4796,5234
304,2020-03-28,177,2898,3075
304,2020-03-30,449,4710,5159
304,2020-03-31,464,4727,5191
304,2020-04-01,466,4699,5165
304,2020-04-02,489,4890,5379
304,2020-04-03,457,5020,5477
304,2020-04-04,177,2928,3105
304,2020-04-05,25,1645,1670
304,2020-04-06,451,4979,5430
304,2020-04-07,466,5052,5518
304,2020-04-08,467,5210,5677
304,2020-04-09,476,5588,6064
304,2020-04-10,458,5585,6043
304,2020-04-11,171,3539,3710
304,2020-04-12,11,1673,1684
304,2020-04-13,33,1645,1678
304,2020-04-14,495,5512,6007
304,2020-04-15,513,5512,6025
304,2020-04-16,511,5724,6235
304,2020-04-17,530,6181,6711
304,2020-04-18,183,3784,3967
304,2020-04-19,26,2079,2105
304,2020-04-20,663,7531,8194
304,2020-04-21,750,7671,8421
304,2020-04-22,731,7762,8493
304,2020-04-23,691,8084,8775
304,2020-04-24,791,8405,9196
304,2020-04-25,265,5524,5789
304,2020-04-26,26,2935,2961
304,2020-04-27,810,8524,9334
304,2020-04-28,793,8402,9195
304,2020-04-29,778,8674,9452
304,2020-04-30,695,9087,9782
304,2020-05-01,108,2919,3027
304,2020-05-02,210,5758,5968
304,2020-05-03,30,2982,3012
304,2020-05-04,812,9095,9907
304,2020-05-05,867,9366,10233
304,2020-05-06,874,9548,10422
304,2020-05-07,861,9818,10679
304,2020-05-08,916,10264,11180
304,2020-05-09,90,3870,3960
304,2020-05-10,54,3288,3342
304,2020-05-11,932,10604,11536
304,2020-05-12,982,11212,12194
304,2020-05-13,986,11398,12384
304,2020-05-14,946,11258,12204
304,2020-05-15,929,11718,12647
304,2020-05-16,390,8501,8891
304,2020-05-17,106,4850,4956
304,2020-05-18,915,11442,12357
304,2020-05-19,937,11692,12629
304,2020-05-20,1022,12141,13163
304,2020-05-21,56,4697,4753
304,2020-05-22,818,11066,11884
304,2020-05-23,332,8081,8413
304,2020-05-24,38,4325,4363
304,2020-05-25,986,11852,12838
304,2020-05-26,1042,12498,13540
304,2020-05-27,994,12361,13355
304,2020-05-28,981,12837,13818
304,2020-05-29,1092,13585,14677
304,2020-05-30,339,9466,9805
304,2020-05-31,54,5618,5672
304,2020-06-01,117,5170,5287
304,2020-06-02,934,12735,13669
304,2020-06-03,997,12482,13479
304,2020-06-04,1021,13053,14074
304,2020-06-05,1025,12408,13433
304,2020-06-06,391,9245,9636
304,2020-06-07,52,5165,5217
304,2020-06-08,1077,12114,13191
304,2020-06-09,1116,12283,13399
304,2020-06-10,988,12551,13539
304,2020-06-11,1014,12827,13841
304,2020-06-12,1047,12871,13918
304,2020-06-13,303,9626,9929
304,2020-06-14,38,5724,5762
304,2020-06-15,1020,12342,13362
304,2020-06-16,1069,12891,13960
304,2020-06-17,1133,13169,14302
304,2020-06-18,995,13234,14229
304,2020-06-19,1082,13241,14323
304,2020-06-20,311,9665,9976
304,2020-06-21,82,5582,5664
304,2020-06-22,934,11595,12529
304,2020-06-23,171,5298,5469
304,2020-06-24,1098,12989,14087
304,2020-06-25,1062,13135,14197
304,2020-06-26,1053,13350,14403
304,2020-06-27,331,9825,10156
304,2020-06-28,79,6478,6557
304,2020-06-29,1006,13345,14351
304,2020-06-30,1035,13693,14728
304,2020-07-01,1066,13274,14340
304,2020-07-02,1017,13460,14477
304,2020-07-03,1055,14007,15062
304,2020-07-04,360,10021,10381
304,2020-07-05,73,5136,5209
304,2020-07-06,1083,12847,13930
304,2020-07-07,1040,13134,14174
304,2020-07-08,1067,13284,14351
304,2020-07-09,991,13328,14319
304,2020-07-10,985,13643,14628
304,2020-07-11,356,10578,10934
304,2020-07-12,78,5906,5984
304,2020-07-13,995,12884,13879
304,2020-07-14,1097,12813,13910
304,2020-07-15,992,12876,13868
304,2020-07-16,979,12042,13021
304,2020-07-17,888,11554,12442
304,2020-07-18,374,10806,11180
304,2020-07-19,53,6364,6417
304,2020-07-20,922,11518,12440
304,2020-07-21,830,11453,12283
304,2020-07-22,908,11225,12133
304,2020-07-23,877,10261,11138
304,2020-07-24,919,10903,11822
304,2020-07-25,293,6919,7212
304,2020-07-26,44,3321,3365
304,2020-07-27,863,9837,10700
304,2020-07-28,851,9715,10566
304,2020-07-29,818,8354,9172
304,2020-07-30,706,9400,10106
304,2020-07-31,710,10292,11002
304,2020-08-01,247,7918,8165
304,2020-08-02,37,3965,4002
304,2020-08-03,683,7651,8334
304,2020-08-04,699,10711,11410
304,2020-08-05,679,10348,11027
304,2020-08-06,667,10531,11198
304,2020-08-07,648,10433,11081
304,2020-08-08,260,7883,8143
304,2020-08-09,37,4821,4858
304,2020-08-10,671,9696,10367
304,2020-08-11,696,9879,10575
304,2020-08-12,662,10119,10781
304,2020-08-13,723,10335,11058
304,2020-08-14,703,10443,11146
304,2020-08-15,79,5224,5303
304,2020-08-16,57,4881,4938
304,2020-08-17,707,9732,10439
304,2020-08-18,723,9862,10585
304,2020-08-19,713,10151,10864
304,2020-08-20,671,9897,10568
304,2020-08-21,682,10107,10789
304,2020-08-22,309,7971,8280
304,2020-08-23,80,5116,5196
304,2020-08-24,858,10365,11223
304,2020-08-25,886,10911,11797
304,2020-08-26,839,10897,11736
304,2020-08-27,869,11549,12418
304,2020-08-28,831,11727,12558
304,2020-08-29,318,8683,9001
304,2020-08-30,61,6206,6267
304,2020-08-31,869,11565,12434
304,2020-09-01,922,11734,12656
304,2020-09-02,877,11934,12811
304,2020-09-03,906,12181,13087
304,2020-09-04,919,12451,13370
304,2020-09-05,347,8847,9194
304,2020-09-06,73,5563,5636
304,2020-09-07,984,12091,13075
304,2020-09-08,941,13145,14086
304,2020-09-09,991,13666,14657
304,2020-09-10,1047,14300,15347
304,2020-09-11,1000,14256,15256
304,2020-09-12,427,10707,11134
304,2020-09-13,98,6991,7089
304,2020-09-14,978,13401,14379
304,2020-09-15,1012,13737,14749
304,2020-09-16,956,14049,15005
304,2020-09-17,1022,14306,15328
304,2020-09-18,1071,14259,15330
304,2020-09-19,434,10360,10794
304,2020-09-20,134,6572,6706
304,2020-09-21,1103,12939,14042
304,2020-09-22,1072,13103,14175
304,2020-09-23,1026,13140,14166
304,2020-09-24,1063,13145,14208
304,2020-09-25,1012,13772,14784
304,2020-09-26,414,10166,10580
304,2020-09-27,102,5813,5915
304,2020-09-28,1015,12825,13840
304,2020-09-29,1072,12858,13930
304,2020-09-30,1109,13015,14124
304,2020-10-01,1039,13312,14351
304,2020-10-02,1030,13749,14779
304,2020-10-03,388,10384,10772
304,2020-10-04,109,5945,6054
304,2020-10-05,996,12518,13514
304,2020-10-06,1032,12345,13377
304,2020-10-07,1045,13132,14177
304,2020-10-08,1028,13017,14045
304,2020-10-09,1064,13606,14670
304,2020-10-10,432,12674,13106
304,2020-10-11,100,6768,6868
304,2020-10-12,1036,12328,13364
304,2020-10-13,1083,12772,13855
304,2020-10-14,1037,12950,13987
304,2020-10-15,1040,13196,14236
304,2020-10-16,1054,13665,14719
304,2020-10-17,404,11000,11404
304,2020-10-18,106,6184,6290
304,2020-10-19,1029,12417,13446
304,2020-10-20,1077,12936,14013
304,2020-10-21,1003,12590,13593
304,2020-10-22,1018,12783,13801
304,2020-10-23,994,13260,14254
304,2020-10-24,396,9642,10038
304,2020-10-25,79,6044,6123
304,2020-10-26,979,11678,12657
304,2020-10-27,998,12164,13162
304,2020-10-28,935,12340,13275
304,2020-10-29,1002,12846,13848
304,2020-10-30,966,12522,13488
304,2020-11-01,81,4474,4555
304,2020-11-02,924,11094,12018
304,2020-11-03,980,11706,12686
304,2020-11-04,987,11998,12985
304,2020-11-05,925,11863,12788
304,2020-11-06,977,12397,13374
304,2020-11-07,386,9134,9520
304,2020-11-08,110,4831,4941
304,2020-11-09,1060,12015,13075
304,2020-11-10,1032,12398,13430
304,2020-11-11,982,12607,13589
304,2020-11-12,958,12824,13782
304,2020-11-13,1069,13303,14372
304,2020-11-14,412,9698,10110
304,2020-11-15,116,4592,4708
304,2020-11-16,1028,12122,13150
304,2020-11-17,1058,12758,13816
304,2020-11-18,1100,12947,14047
304,2020-11-19,979,12735,13714
304,2020-11-20,1104,13260,14364
304,2020-11-21,423,9986,10409
304,2020-11-22,121,5019,5140
304,2020-11-23,1042,12002,13044
304,2020-11-24,996,12549,13545
304,2020-11-25,1063,12488,13551
304,2020-11-26,976,12253,13229
304,2020-11-27,1041,12962,14003
304,2020-11-28,499,8878,9377
304,2020-11-29,87,5423,5510
304,2020-11-30,1035,11465,12500
304,2020-12-01,1089,11814,12903
304,2020-12-02,1190,11777,12967
304,2020-12-03,1114,11875,12989
304,2020-12-04,1165,12575,13740
304,2020-12-05,377,8726,9103
304,2020-12-06,63,5335,5398
304,2020-12-07,1121,11416,12537
304,2020-12-08,1053,11940,12993
304,2020-12-09,1083,11874,12957
304,2020-12-10,1129,12233,13362
304,2020-12-11,965,12002,12967
304,2020-12-12,351,8564,8915
304,2020-12-13,64,5091,5155
304,2020-12-14,1084,11936,13020
304,2020-12-15,1043,12401,13444
304,2020-12-16,1069,12596,13665
304,2020-12-17,1018,12760,13778
304,2020-12-18,942,13272,14214
304,2020-12-19,334,8971,9305
304,2020-12-20,50,5331,5381
304,2020-12-21,726,11288,12014
304,2020-12-22,757,12037,12794
304,2020-12-23,651,10726,11377
304,2020-12-24,550,8641,9191
304,2020-12-25,43,3415,3458
304,2020-12-26,69,3797,3866
304,2020-12-27,39,1752,1791
304,2020-12-28,571,6848,7419
304,2020-12-29,565,7031,7596
304,2020-12-30,561,7626,8187
304,2020-12-31,287,4599,4886
326,2020-01-01,48,2776,2824
326,2020-01-02,266,4840,5106
326,2020-01-03,325,5248,5573
326,2020-01-04,176,4260,4436
326,2020-01-05,57,3372,3429
326,2020-01-06,334,5680,6014
326,2020-01-07,342,6040,6382
326,2020-01-08,365,6928,7293
326,2020-01-09,372,7078,7450
326,2020-01-10,403,7226,7629
326,2020-01-11,185,4992,5177
326,2020-01-12,58,3734,3792
326,2020-01-13,442,6880,7322
326,2020-01-14,503,7254,7757
326,2020-01-15,511,7169,7680
326,2020-01-16,512,7514,8026
326,2020-01-17,522,7433,7955
326,2020-01-18,205,5370,5575
326,2020-01-19,48,3790,3838
326,2020-01-20,536,6987,7523
326,2020-01-21,588,7601,8189
326,2020-01-22,542,7279,7821
326,2020-01-23,543,7436,7979
326,2020-01-24,584,7494,8078
326,2020-01-25,207,5009,5216
326,2020-01-26,50,3811,3861
326,2020-01-27,577,6904,7481
326,2020-01-28,671,7372,8043
326,2020-01-29,623,7143,7766
326,2020-01-30,630,7526,8156
326,2020-01-31,625,7424,8049
326,2020-02-01,178,5348,5526
326,2020-02-02,49,3649,3698
326,2020-02-03,637,6977,7614
326,2020-02-04,672,7873,8545
326,2020-02-05,651,7595,8246
326,2020-02-06,655,7548,8203
326,2020-02-07,661,7754,8415
326,2020-02-08,221,5420,5641
326,2020-02-09,55,3511,3566
326,2020-02-10,494,5678,6172
326,2020-02-11,615,7389,8004
326,2020-02-12,640,7377,8017
326,2020-02-13,593,7349,7942
326,2020-02-14,654,7874,8528
326,2020-02-15,200,5338,5538
326,2020-02-16,47,3885,3932
326,2020-02-17,572,5378,5950
326,2020-02-18,743,6507,7250
326,2020-02-19,627,6373,7000
326,2020-02-20,647,6892,7539
326,2020-02-21,704,7291,7995
326,2020-02-22,277,5025,5302
326,2020-02-23,58,3530,3588
326,2020-02-24,698,6772,7470
326,2020-02-25,675,7219,7894
326,2020-02-26,586,6256,6842
326,2020-02-27,376,5632,6008
326,2020-02-28,606,7854,8460
326,2020-02-29,281,5032,5313
326,2020-03-01,72,4103,4175
326,2020-03-02,503,6896,7399
326,2020-03-03,617,7542,8159
326,2020-03-04,572,7263,7835
326,2020-03-05,533,7749,8282
326,2020-03-06,591,7642,8233
326,2020-03-07,229,5877,6106
326,2020-03-08,58,4033,4091
326,2020-03-09,624,7167,7791
326,2020-03-10,561,7345,7906
326,2020-03-11,659,7084,7743
326,2020-03-12,621,7523,8144
326,2020-03-13,658,7295,7953
326,2020-03-14,202,4438,4640
326,2020-03-15,59,3896,3955
326,2020-03-16,587,5381,5968
326,2020-03-17,632,4655,5287
326,2020-03-18,508,3463,3971
326,2020-03-19,349,2973,3322
326,2020-03-20,306,2668,2974
326,2020-03-21,159,1256,1415
326,2020-03-22,6,1022,1028
326,2020-03-23,272,2066,2338
326,2020-03-24,298,2125,2423
326,2020-03-25,302,2091,2393
326,2020-03-26,300,2164,2464
326,2020-03-27,293,2307,2600
326,2020-03-28,162,1796,1958
326,2020-03-30,295,2241,2536
326,2020-03-31,339,2167,2506
326,2020-04-01,334,2291,2625
326,2020-04-02,314,2318,2632
326,2020-04-03,311,2422,2733
326,2020-04-04,168,1715,1883
326,2020-04-05,5,1164,1169
326,2020-04-06,306,2535,2841
326,2020-04-07,310,2529,2839
326,2020-04-08,306,2515,2821
326,2020-04-09,305,2648,2953
326,2020-04-10,295,2773,3068
326,2020-04-11,163,2117,2280
326,2020-04-12,8,1174,1182
326,2020-04-13,11,1149,1160
326,2020-04-14,290,2673,2963
326,2020-04-15,335,2784,3119
326,2020-04-16,311,2910,3221
326,2020-04-17,398,3691,4089
326,2020-04-18,261,2448,2709
326,2020-04-19,13,1628,1641
326,2020-04-20,425,3804,4229
326,2020-04-21,493,3754,4247
326,2020-04-22,578,3909,4487
326,2020-04-23,565,4177,4742
326,2020-04-24,576,4512,5088
326,2020-04-25,179,3563,3742
326,2020-04-26,18,2513,2531
326,2020-04-27,539,4582,5121
326,2020-04-28,531,4132,4663
326,2020-04-29,491,4194,4685
326,2020-04-30,512,3838,4350
326,2020-05-01,12,1546,1558
326,2020-05-02,182,3128,3310
326,2020-05-03,7,2292,2299
326,2020-05-04,624,4388,5012
326,2020-05-05,701,4922,5623
326,2020-05-06,669,4957,5626
326,2020-05-07,603,5095,5698
326,2020-05-08,608,5222,5830
326,2020-05-09,51,2562,2613
326,2020-05-10,52,2388,2440
326,2020-05-11,580,5239,5819
326,2020-05-12,531,5806,6337
326,2020-05-13,559,5579,6138
326,2020-05-14,581,5960,6541
326,2020-05-15,611,6387,6998
326,2020-05-16,325,5244,5569
326,2020-05-17,60,4562,4622
326,2020-05-18,580,6195,6775
326,2020-05-19,628,6519,7147
326,2020-05-20,609,6756,7365
326,2020-05-21,94,4115,4209
326,2020-05-22,457,6078,6535
326,2020-05-23,213,4278,4491
326,2020-05-24,51,3512,3563
326,2020-05-25,564,6165,6729
326,2020-05-26,592,6818,7410
326,2020-05-27,608,6584,7192
326,2020-05-28,580,6961,7541
326,2020-05-29,579,7164,7743
326,2020-05-30,375,5550,5925
326,2020-05-31,62,4554,4616
326,2020-06-01,85,4601,4686
326,2020-06-02,570,6944,7514
326,2020-06-03,554,6833,7387
326,2020-06-04,568,6605,7173
326,2020-06-05,547,6831,7378
326,2020-06-06,342,4897,5239
326,2020-06-07,51,3795,3846
326,2020-06-08,531,6649,7180
326,2020-06-09,587,6827,7414
326,2020-06-10,604,6990,7594
326,2020-06-11,544,7315,7859
326,2020-06-12,520,6634,7154
326,2020-06-13,217,5947,6164
326,2020-06-14,56,4357,4413
326,2020-06-15,592,6929,7521
326,2020-06-16,574,7255,7829
326,2020-06-17,541,6800,7341
326,2020-06-18,588,7426,8014
326,2020-06-19,604,7890,8494
326,2020-06-20,241,6592,6833
326,2020-06-21,72,5303,5375
326,2020-06-22,469,6597,7066
326,2020-06-23,98,4801,4899
326,2020-06-24,588,7309,7897
326,2020-06-25,663,7843,8506
326,2020-06-26,671,7523,8194
326,2020-06-27,240,5719,5959
326,2020-06-28,56,4130,4186
326,2020-06-29,628,7014,7642
326,2020-06-30,685,7188,7873
326,2020-07-01,946,8851,9797
326,2020-07-02,782,7659,8441
326,2020-07-03,788,7901,8689
326,2020-07-04,250,5980,6230
326,2020-07-05,70,3948,4018
326,2020-07-06,712,6984,7696
326,2020-07-07,706,7619,8325
326,2020-07-08,722,7576,8298
326,2020-07-09,707,8105,8812
326,2020-07-10,770,7693,8463
326,2020-07-11,265,5991,6256
326,2020-07-12,99,4946,5045
326,2020-07-13,826,6352,7178
326,2020-09-20,95,5079,5174
326,2020-09-21,656,7088,7744
326,2020-09-22,699,7367,8066
326,2020-09-23,626,7135,7761
326,2020-09-24,638,6970,7608
326,2020-09-25,667,7178,7845
326,2020-09-26,283,5045,5328
326,2020-09-27,86,3669,3755
326,2020-09-28,583,6394,6977
326,2020-09-29,639,6821,7460
326,2020-09-30,770,7770,8540
326,2020-10-01,604,7095,7699
326,2020-10-02,637,7213,7850
326,2020-10-03,295,5267,5562
326,2020-10-04,75,3837,3912
326,2020-10-05,575,6585,7160
326,2020-10-06,640,6857,7497
326,2020-10-07,680,6840,7520
326,2020-10-08,687,7065,7752
326,2020-10-09,662,7148,7810
326,2020-10-10,283,5606,5889
326,2020-10-11,83,4105,4188
326,2020-10-12,726,6683,7409
326,2020-10-13,689,7219,7908
326,2020-10-14,712,7182,7894
326,2020-10-15,728,7422,8150
326,2020-10-16,697,7414,8111
326,2020-10-17,326,5693,6019
326,2020-10-18,87,4087,4174
326,2020-10-19,658,6957,7615
326,2020-10-20,749,7489,8238
326,2020-10-21,696,7078,7774
326,2020-10-22,682,7180,7862
326,2020-10-23,702,6950,7652
326,2020-10-24,326,5165,5491
326,2020-10-25,88,3732,3820
326,2020-10-26,779,6550,7329
326,2020-10-27,761,6827,7588
326,2020-10-28,676,5950,6626
326,2020-10-29,650,6254,6904
326,2020-10-30,721,6665,7386
326,2020-11-01,70,2871,2941
326,2020-11-02,618,5896,6514
326,2020-11-03,635,6214,6849
326,2020-11-04,699,6371,7070
326,2020-11-05,628,6488,7116
326,2020-11-06,739,6556,7295
326,2020-11-07,368,4888,5256
326,2020-11-08,77,3445,3522
326,2020-11-09,669,6147,6816
326,2020-11-10,687,6435,7122
326,2020-11-11,661,6209,6870
326,2020-11-12,660,6372,7032
326,2020-11-13,670,6726,7396
326,2020-11-14,314,5296,5610
326,2020-11-15,76,3158,3234
326,2020-11-16,689,6309,6998
326,2020-11-17,712,6406,7118
326,2020-11-18,747,6693,7440
326,2020-11-19,690,6466,7156
326,2020-11-20,697,6864,7561
326,2020-11-21,295,4976,5271
326,2020-11-22,73,3128,3201
326,2020-11-23,603,6103,6706
326,2020-11-24,664,6548,7212
326,2020-11-25,683,6640,7323
326,2020-11-26,673,6433,7106
326,2020-11-27,649,6411,7060
326,2020-11-28,266,4540,4806
326,2020-11-29,91,2870,2961
326,2020-11-30,634,6016,6650
326,2020-12-01,592,6203,6795
326,2020-12-02,678,6543,7221
326,2020-12-03,589,6157,6746
326,2020-12-04,637,6450,7087
326,2020-12-05,287,4412,4699
326,2020-12-06,78,2982,3060
326,2020-12-07,617,5968,6585
326,2020-12-08,583,6237,6820
326,2020-12-09,644,6167,6811
326,2020-12-10,665,6414,7079
326,2020-12-11,594,6402,6996
326,2020-12-12,262,4153,4415
326,2020-12-13,67,2855,2922
326,2020-12-14,651,6156,6807
326,2020-12-15,631,6488,7119
326,2020-12-16,659,6353,7012
326,2020-12-17,649,6352,7001
326,2020-12-18,640,6453,7093
326,2020-12-19,265,4329,4594
326,2020-12-20,83,2921,3004
326,2020-12-21,410,5125,5535
326,2020-12-22,393,5512,5905
326,2020-12-23,376,5344,5720
326,2020-12-24,317,4506,4823
326,2020-12-25,64,2560,2624
326,2020-12-26,82,2386,2468
326,2020-12-27,64,1834,1898
326,2020-12-28,333,3660,3993
326,2020-12-29,362,3919,4281
326,2020-12-30,352,4082,4434
326,2020-12-31,270,3111,3381
327,2020-01-01,18,2095,2113
327,2020-01-02,161,3754,3915
327,2020-01-03,192,4351,4543
327,2020-01-04,115,3446,3561
327,2020-01-05,31,2589,2620
327,2020-01-06,367,6191,6558
327,2020-01-07,280,6049,6329
327,2020-01-08,291,5854,6145
327,2020-01-09,290,6343,6633
327,2020-01-10,413,6164,6577
327,2020-01-11,114,3994,4108
327,2020-01-12,26,2828,2854
327,2020-01-13,395,7353,7748
327,2020-01-14,424,7000,7424
327,2020-01-15,394,6754,7148
327,2020-01-16,485,7148,7633
327,2020-01-17,475,7062,7537
327,2020-01-18,121,4102,4223
327,2020-01-19,23,2872,2895
327,2020-01-20,544,6520,7064
327,2020-01-21,415,7433,7848
327,2020-01-22,471,6885,7356
327,2020-01-23,596,6793,7389
327,2020-01-24,450,6919,7369
327,2020-01-25,109,4146,4255
327,2020-01-26,21,2937,2958
327,2020-01-27,377,6899,7276
327,2020-01-28,633,6696,7329
327,2020-01-29,573,6786,7359
327,2020-01-30,577,7268,7845
327,2020-01-31,568,6882,7450
327,2020-02-01,101,4368,4469
327,2020-02-02,17,2877,2894
327,2020-02-03,460,6779,7239
327,2020-02-04,665,6845,7510
327,2020-02-05,690,6731,7421
327,2020-02-06,711,7103,7814
327,2020-02-07,538,7191,7729
327,2020-02-08,170,4502,4672
327,2020-02-09,35,2762,2797
327,2020-02-10,506,6210,6716
327,2020-02-11,515,6967,7482
327,2020-02-12,551,6999,7550
327,2020-02-13,406,7117,7523
327,2020-02-14,616,7539,8155
327,2020-02-15,128,4506,4634
327,2020-02-16,22,2970,2992
327,2020-02-17,437,5785,6222
327,2020-02-18,450,6060,6510
327,2020-02-19,535,5858,6393
327,2020-02-20,556,6269,6825
327,2020-02-21,520,7170,7690
327,2020-02-22,206,4025,4231
327,2020-02-23,98,2644,2742
327,2020-02-24,548,6178,6726
327,2020-02-25,424,6729,7153
327,2020-02-26,502,6507,7009
327,2020-02-27,450,6313,6763
327,2020-02-28,594,6993,7587
327,2020-02-29,165,4454,4619
327,2020-03-01,42,3222,3264
327,2020-03-02,452,7309,7761
327,2020-03-03,446,7018,7464
327,2020-03-04,484,6654,7138
327,2020-03-05,591,7583,8174
327,2020-03-06,424,7274,7698
327,2020-03-07,127,5041,5168
327,2020-03-08,31,3264,3295
327,2020-03-09,451,6811,7262
327,2020-03-10,506,7086,7592
327,2020-03-11,714,6570,7284
327,2020-03-12,604,6831,7435
327,2020-03-13,611,7188,7799
327,2020-03-14,184,3793,3977
327,2020-03-15,40,3154,3194
327,2020-03-16,498,5010,5508
327,2020-03-17,382,4253,4635
327,2020-03-18,361,3239,3600
327,2020-03-19,338,2605,2943
327,2020-03-20,273,2502,2775
327,2020-03-21,65,1124,1189
327,2020-03-22,9,836,845
327,2020-03-23,151,1850,2001
327,2020-03-24,187,1905,2092
327,2020-03-25,220,1972,2192
327,2020-03-26,158,1913,2071
327,2020-03-27,209,2247,2456
327,2020-03-28,94,1667,1761
327,2020-03-30,210,1981,2191
327,2020-03-31,232,1990,2222
327,2020-04-01,220,2056,2276
327,2020-04-02,177,2231,2408
327,2020-04-03,166,2228,2394
327,2020-04-04,103,1678,1781
327,2020-04-05,19,1002,1021
327,2020-04-06,197,2322,2519
327,2020-04-07,172,2343,2515
327,2020-04-08,224,2426,2650
327,2020-04-09,183,2561,2744
327,2020-04-10,213,2657,2870
327,2020-04-11,73,2175,2248
327,2020-04-12,7,1050,1057
327,2020-04-13,15,985,1000
327,2020-04-14,154,2578,2732
327,2020-04-15,256,2470,2726
327,2020-04-16,234,2610,2844
327,2020-04-17,317,3656,3973
327,2020-04-18,203,2540,2743
327,2020-04-19,20,1396,1416
327,2020-04-20,362,3876,4238
327,2020-04-21,412,3981,4393
327,2020-04-22,355,4070,4425
327,2020-04-23,368,4421,4789
327,2020-04-24,397,4733,5130
327,2020-04-25,120,3649,3769
327,2020-04-26,19,2220,2239
327,2020-04-27,463,4735,5198
327,2020-04-28,530,4103,4633
327,2020-04-29,373,4167,4540
327,2020-04-30,382,4331,4713
327,2020-05-01,43,1457,1500
327,2020-05-02,109,3067,3176
327,2020-05-03,24,1975,1999
327,2020-05-04,398,4307,4705
327,2020-05-05,432,4599,5031
327,2020-05-06,380,4886,5266
327,2020-05-07,425,4902,5327
327,2020-05-08,440,5226,5666
327,2020-05-09,49,2188,2237
327,2020-05-10,24,1980,2004
327,2020-05-11,340,4970,5310
327,2020-05-12,393,5571,5964
327,2020-05-13,469,5240,5709
327,2020-05-14,449,5623,6072
327,2020-05-15,477,6058,6535
327,2020-05-16,169,4823,4992
327,2020-05-17,56,3789,3845
327,2020-05-18,405,5747,6152
327,2020-05-19,523,6009,6532
327,2020-05-20,413,6251,6664
327,2020-05-21,57,3328,3385
327,2020-05-22,375,5558,5933
327,2020-05-23,153,3813,3966
327,2020-05-24,34,2917,2951
327,2020-05-25,471,5485,5956
327,2020-05-26,466,5986,6452
327,2020-05-27,504,5899,6403
327,2020-05-28,442,6139,6581
327,2020-05-29,643,6441,7084
327,2020-05-30,204,4789,4993
327,2020-05-31,23,3556,3579
327,2020-06-01,49,3381,3430
327,2020-06-02,575,6130,6705
327,2020-06-03,546,6071,6617
327,2020-06-04,468,5716,6184
327,2020-06-05,550,5743,6293
327,2020-06-06,189,4171,4360
327,2020-06-07,39,3033,3072
327,2020-06-08,479,5741,6220
327,2020-06-09,440,5895,6335
327,2020-06-10,523,6027,6550
327,2020-06-11,455,6314,6769
327,2020-06-12,534,7122,7656
327,2020-06-13,275,5352,5627
327,2020-06-14,57,3930,3987
327,2020-06-15,489,6177,6666
327,2020-06-16,478,6473,6951
327,2020-06-17,628,7326,7954
327,2020-06-18,443,6437,6880
327,2020-06-19,589,7254,7843
327,2020-06-20,209,6494,6703
327,2020-06-21,59,4465,4524
327,2020-06-22,443,5699,6142
327,2020-06-23,141,3345,3486
327,2020-06-24,526,6517,7043
327,2020-06-25,540,6938,7478
327,2020-06-26,719,6674,7393
327,2020-06-27,181,4827,5008
327,2020-06-28,29,3276,3305
327,2020-06-29,499,6172,6671
327,2020-06-30,468,6482,6950
327,2020-07-02,658,7064,7722
327,2020-07-03,531,7287,7818
327,2020-07-04,191,4905,5096
327,2020-07-05,44,2965,3009
327,2020-07-06,498,5771,6269
327,2020-07-07,579,6494,7073
327,2020-07-08,663,6422,7085
327,2020-07-09,627,6645,7272
327,2020-07-10,597,7120,7717
327,2020-07-11,235,5002,5237
327,2020-07-12,38,3828,3866
327,2020-07-13,613,6477,7090
327,2020-07-14,450,6720,7170
327,2020-07-15,614,6293,6907
327,2020-07-16,579,6366,6945
327,2020-07-17,514,6746,7260
327,2020-07-18,154,4930,5084
327,2020-07-19,53,3551,3604
327,2020-07-20,507,6038,6545
327,2020-07-21,543,6174,6717
327,2020-07-22,610,6209,6819
327,2020-07-23,435,6368,6803
327,2020-07-24,645,6317,6962
327,2020-07-25,159,4595,4754
327,2020-07-26,60,3291,3351
327,2020-07-27,594,5972,6566
327,2020-07-28,604,5972,6576
327,2020-07-29,602,6105,6707
327,2020-07-30,351,6099,6450
327,2020-07-31,318,5686,6004
327,2020-08-01,137,3925,4062
327,2020-08-02,28,3394,3422
327,2020-08-03,302,4840,5142
327,2020-08-04,271,5223,5494
327,2020-08-05,354,5078,5432
327,2020-08-06,265,4948,5213
327,2020-08-07,268,5248,5516
327,2020-08-08,130,3763,3893
327,2020-08-09,29,2942,2971
327,2020-08-10,306,4560,4866
327,2020-08-11,227,4864,5091
327,2020-08-12,272,4570,4842
327,2020-08-13,265,4670,4935
327,2020-08-14,238,5078,5316
327,2020-08-15,43,3146,3189
327,2020-08-16,45,3132,3177
327,2020-08-17,280,4437,4717
327,2020-08-18,324,4675,4999
327,2020-08-19,357,4576,4933
327,2020-08-20,229,4789,5018
327,2020-08-21,333,4759,5092
327,2020-08-22,105,3849,3954
327,2020-08-23,48,3138,3186
327,2020-08-24,473,4788,5261
327,2020-08-25,513,5172,5685
327,2020-08-26,553,4919,5472
327,2020-08-27,459,5007,5466
327,2020-08-28,498,5063,5561
327,2020-08-29,165,3911,4076
327,2020-08-30,57,3045,3102
327,2020-08-31,477,5207,5684
327,2020-09-01,467,5483,5950
327,2020-09-02,469,5496,5965
327,2020-09-03,826,5332,6158
327,2020-09-04,505,6089,6594
327,2020-09-05,204,4165,4369
327,2020-09-06,37,3327,3364
327,2020-09-07,471,5809,6280
327,2020-09-08,449,5984,6433
327,2020-09-09,518,5839,6357
327,2020-09-10,469,6018,6487
327,2020-09-11,637,6419,7056
327,2020-09-12,248,5352,5600
327,2020-09-13,41,4634,4675
327,2020-09-14,460,6156,6616
327,2020-09-15,584,6188,6772
327,2020-09-16,507,6282,6789
327,2020-09-17,827,6242,7069
327,2020-09-18,599,6685,7284
327,2020-09-19,209,5238,5447
327,2020-09-20,47,4253,4300
327,2020-09-21,577,6307,6884
327,2020-09-22,532,6704,7236
327,2020-09-23,648,6568,7216
327,2020-09-24,571,6343,6914
327,2020-09-25,571,6322,6893
327,2020-09-26,135,4356,4491
327,2020-09-27,37,3005,3042
327,2020-09-28,510,5982,6492
327,2020-09-29,1012,5985,6997
327,2020-09-30,577,6349,6926
327,2020-10-01,523,6552,7075
327,2020-10-02,502,6644,7146
327,2020-10-03,171,4564,4735
327,2020-10-04,30,3165,3195
327,2020-10-05,474,6195,6669
327,2020-10-06,472,7250,7722
327,2020-10-07,579,6602,7181
327,2020-10-08,428,6813,7241
327,2020-10-09,473,6634,7107
327,2020-10-10,136,4693,4829
327,2020-10-11,32,3585,3617
327,2020-10-12,476,6469,6945
327,2020-10-13,571,6759,7330
327,2020-10-14,625,6658,7283
327,2020-10-15,510,6723,7233
327,2020-10-16,418,7216,7634
327,2020-10-17,141,4959,5100
327,2020-10-18,21,3283,3304
327,2020-10-19,389,6426,6815
327,2020-10-20,920,8356,9276
327,2020-10-21,517,6877,7394
327,2020-10-22,424,6984,7408
327,2020-10-23,568,6830,7398
327,2020-10-24,147,4602,4749
327,2020-10-25,22,2940,2962
327,2020-10-26,462,6188,6650
327,2020-10-27,513,6511,7024
327,2020-10-28,571,7618,8189
327,2020-10-29,476,8309,8785
327,2020-10-30,492,6825,7317
327,2020-11-02,377,5670,6047
327,2020-11-03,418,5981,6399
327,2020-11-04,629,5691,6320
327,2020-11-05,505,5733,6238
327,2020-11-06,465,6093,6558
327,2020-11-07,166,4274,4440
327,2020-11-08,27,2832,2859
327,2020-11-09,363,5942,6305
327,2020-11-10,507,6343,6850
327,2020-11-11,400,5986,6386
327,2020-11-12,426,6261,6687
327,2020-11-13,464,6484,6948
327,2020-11-14,147,4597,4744
327,2020-11-15,40,2648,2688
327,2020-11-16,384,5742,6126
327,2020-11-17,417,6234,6651
327,2020-11-18,366,5872,6238
327,2020-11-19,714,6042,6756
327,2020-11-20,480,6599,7079
327,2020-11-21,129,4254,4383
327,2020-11-22,21,2682,2703
327,2020-11-23,379,6068,6447
327,2020-11-24,399,6384,6783
327,2020-11-25,458,6337,6795
327,2020-11-26,370,5768,6138
327,2020-11-27,459,6356,6815
327,2020-11-28,113,4179,4292
327,2020-11-29,20,2532,2552
327,2020-11-30,762,5320,6082
327,2020-12-01,430,5970,6400
327,2020-12-02,867,5646,6513
327,2020-12-03,349,5895,6244
327,2020-12-04,430,6202,6632
327,2020-12-05,154,4016,4170
327,2020-12-06,19,2572,2591
327,2020-12-07,342,5829,6171
327,2020-12-08,392,6439,6831
327,2020-12-09,985,5565,6550
327,2020-12-10,822,5555,6377
327,2020-12-11,417,6190,6607
327,2020-12-12,119,3847,3966
327,2020-12-13,13,2420,2433
327,2020-12-14,586,5677,6263
327,2020-12-15,406,6249,6655
327,2020-12-16,795,6074,6869
327,2020-12-17,311,6205,6516
327,2020-12-18,407,6245,6652
327,2020-12-19,105,3871,3976
327,2020-12-20,23,2490,2513
327,2020-12-21,198,4590,4788
327,2020-12-22,186,5188,5374
327,2020-12-23,230,5044,5274
327,2020-12-24,125,4196,4321
327,2020-12-25,9,2146,2155
327,2020-12-26,40,1906,1946
327,2020-12-27,34,1850,1884
327,2020-12-28,172,3319,3491
327,2020-12-29,140,3480,3620
327,2020-12-30,147,3800,3947
327,2020-12-31,101,2944,3045
328,2020-02-20,1194,10305,11499
328,2020-02-21,1313,11968,13281
328,2020-02-22,319,6080,6399
328,2020-02-23,50,3795,3845
328,2020-02-24,975,9606,10581
328,2020-02-25,1150,10487,11637
328,2020-02-26,1211,10406,11617
328,2020-02-27,934,9182,10116
328,2020-02-28,1082,10611,11693
328,2020-02-29,317,6498,6815
328,2020-03-01,97,4406,4503
328,2020-03-02,1228,12055,13283
328,2020-03-03,1355,11485,12840
328,2020-03-04,1440,11335,12775
328,2020-03-05,1194,11968,13162
328,2020-03-06,1412,11855,13267
328,2020-03-07,458,7157,7615
328,2020-03-08,144,4534,4678
328,2020-03-09,1368,11425,12793
328,2020-03-10,1280,11593,12873
328,2020-03-11,1639,11341,12980
328,2020-03-12,1477,11396,12873
328,2020-03-13,1693,12280,13973
328,2020-03-14,457,5159,5616
328,2020-03-15,103,3434,3537
328,2020-03-16,1558,8380,9938
328,2020-03-17,1268,6888,8156
328,2020-03-18,1190,5676,6866
328,2020-03-19,1042,4744,5786
328,2020-03-20,921,4474,5395
328,2020-03-21,205,1623,1828
328,2020-03-22,52,1093,1145
328,2020-03-23,723,3676,4399
328,2020-03-24,692,3652,4344
328,2020-03-25,733,3743,4476
328,2020-03-26,656,3695,4351
328,2020-03-27,672,3949,4621
328,2020-03-28,215,2024,2239
328,2020-03-30,646,3851,4497
328,2020-03-31,709,3900,4609
328,2020-04-01,702,3973,4675
328,2020-04-02,642,4081,4723
328,2020-04-03,667,4083,4750
328,2020-04-04,250,2193,2443
328,2020-04-05,80,1151,1231
328,2020-04-06,699,3965,4664
328,2020-04-07,672,4069,4741
328,2020-04-08,669,4136,4805
328,2020-04-09,712,4304,5016
328,2020-04-10,569,3933,4502
328,2020-04-11,167,2353,2520
328,2020-04-12,27,1250,1277
328,2020-04-13,102,1190,1292
328,2020-04-14,619,4321,4940
328,2020-04-15,720,4442,5162
328,2020-04-16,727,4694,5421
328,2020-04-17,855,5458,6313
328,2020-04-18,360,3051,3411
328,2020-04-19,77,1507,1584
328,2020-04-20,916,5848,6764
328,2020-04-21,1059,5916,6975
328,2020-04-22,1068,6022,7090
328,2020-04-23,1070,6260,7330
328,2020-04-24,1089,6384,7473
328,2020-04-25,328,3702,4030
328,2020-04-26,69,1883,1952
328,2020-04-27,1377,7626,9003
328,2020-04-28,1268,6496,7764
328,2020-04-29,1256,6415,7671
328,2020-05-02,246,3546,3792
328,2020-05-03,57,1968,2025
328,2020-05-04,1251,6773,8024
328,2020-05-05,1357,7097,8454
328,2020-05-06,1315,7155,8470
328,2020-05-07,1322,7354,8676
328,2020-05-08,1305,7509,8814
328,2020-05-09,119,2560,2679
328,2020-05-10,52,2189,2241
328,2020-05-11,1069,7129,8198
328,2020-05-12,1332,8401,9733
328,2020-05-13,1384,8405,9789
328,2020-05-14,1578,10618,12196
328,2020-05-15,1477,11177,12654
328,2020-05-16,486,6587,7073
328,2020-05-17,72,3846,3918
328,2020-05-18,1325,10522,11847
328,2020-05-19,1382,10713,12095
328,2020-05-20,1357,11065,12422
328,2020-05-21,162,3341,3503
328,2020-05-22,1023,9923,10946
328,2020-05-23,332,5509,5841
328,2020-05-24,79,3746,3825
328,2020-05-25,1311,8738,10049
328,2020-05-26,1402,9199,10601
328,2020-05-27,1384,9396,10780
328,2020-05-28,1384,9660,11044
328,2020-05-29,1499,9801,11300
328,2020-05-30,444,5813,6257
328,2020-05-31,64,3720,3784
328,2020-06-01,135,3641,3776
328,2020-06-02,1386,9658,11044
328,2020-06-03,1473,9575,11048
328,2020-06-04,1503,9424,10927
328,2020-06-05,1540,9435,10975
328,2020-06-06,362,5549,5911
328,2020-06-11,1392,9941,11333
328,2020-06-13,464,7780,8244
328,2020-06-14,96,4539,4635
328,2020-06-15,1582,10147,11729
328,2020-06-16,1511,10662,12173
328,2020-06-17,1467,10986,12453
328,2020-06-18,1390,10175,11565
328,2020-06-19,1703,13150,14853
328,2020-06-20,1146,14190,15336
328,2020-06-21,276,8000,8276
328,2020-06-22,1051,8543,9594
328,2020-06-23,275,4456,4731
328,2020-06-24,1468,10648,12116
328,2020-06-25,1508,10944,12452
328,2020-06-26,1660,11140,12800
328,2020-06-28,120,5668,5788
328,2020-06-29,1717,10418,12135
328,2020-06-30,1531,10422,11953
328,2020-07-01,1647,11640,13287
328,2020-07-02,1549,11018,12567
328,2020-07-03,1609,11388,12997
328,2020-07-04,414,7342,7756
328,2020-07-05,99,4736,4835
328,2020-07-06,1588,9886,11474
328,2020-07-07,1564,11279,12843
328,2020-07-08,1538,10725,12263
328,2020-07-09,1505,10699,12204
328,2020-07-10,1625,11388,13013
328,2020-07-11,401,7250,7651
328,2020-07-12,109,5268,5377
328,2020-07-13,1408,10358,11766
328,2020-07-14,1281,11049,12330
328,2020-07-15,1421,10325,11746
328,2020-07-16,1439,10672,12111
328,2020-07-17,1459,11045,12504
328,2020-07-18,341,6967,7308
328,2020-07-19,95,5205,5300
328,2020-07-20,1472,9717,11189
328,2020-07-21,1389,10085,11474
328,2020-07-22,1365,9981,11346
328,2020-07-23,1307,10065,11372
328,2020-07-24,1460,10294,11754
328,2020-07-25,388,6529,6917
328,2020-07-26,91,4327,4418
328,2020-07-27,1391,9432,10823
328,2020-07-28,1423,9988,11411
328,2020-07-29,1517,10361,11878
328,2020-07-30,1098,9676,10774
328,2020-07-31,874,9148,10022
328,2020-08-01,255,5659,5914
328,2020-08-02,83,4311,4394
328,2020-08-03,787,8117,8904
328,2020-08-04,792,8805,9597
328,2020-08-05,817,8600,9417
328,2020-08-06,789,8539,9328
328,2020-08-07,813,8520,9333
328,2020-08-08,205,5410,5615
328,2020-08-09,77,3943,4020
328,2020-08-10,669,7573,8242
328,2020-08-11,702,8194,8896
328,2020-08-12,738,7776,8514
328,2020-08-13,675,8031,8706
328,2020-08-14,719,8217,8936
328,2020-08-15,85,4755,4840
328,2020-08-16,60,4387,4447
328,2020-08-17,625,7708,8333
328,2020-08-18,741,8188,8929
328,2020-08-19,812,8375,9187
328,2020-08-20,737,8409,9146
328,2020-08-21,753,8502,9255
328,2020-08-22,220,5941,6161
328,2020-08-23,94,4730,4824
328,2020-08-24,975,8610,9585
328,2020-08-25,1139,9220,10359
328,2020-08-26,1265,8986,10251
328,2020-08-27,1217,9466,10683
328,2020-08-28,1252,9177,10429
328,2020-08-29,292,5871,6163
328,2020-08-30,75,4217,4292
328,2020-08-31,1083,8791,9874
328,2020-09-01,1177,10792,11969
328,2020-09-02,1197,11286,12483
328,2020-09-03,1232,9634,10866
328,2020-09-04,1192,9898,11090
328,2020-09-05,349,6201,6550
328,2020-09-06,86,4702,4788
328,2020-09-07,1173,9419,10592
328,2020-09-08,1202,9892,11094
328,2020-09-09,1223,9888,11111
328,2020-09-10,1300,10038,11338
328,2020-09-11,1328,10806,12134
328,2020-09-12,433,9779,10212
328,2020-09-13,120,6793,6913
328,2020-09-14,1179,9609,10788
328,2020-09-15,1273,10152,11425
328,2020-09-16,1298,9967,11265
328,2020-09-17,1228,10050,11278
328,2020-09-18,1555,11654,13209
328,2020-09-19,916,12691,13607
328,2020-09-20,180,7863,8043
328,2020-09-21,1277,10117,11394
328,2020-09-22,1231,10657,11888
328,2020-09-23,1266,10453,11719
328,2020-09-24,1255,9928,11183
328,2020-09-25,1277,10350,11627
328,2020-09-26,345,6118,6463
328,2020-09-28,1012,9536,10548
328,2020-09-29,1053,9695,10748
328,2020-09-30,1150,9902,11052
328,2020-10-01,1138,10233,11371
328,2020-10-02,966,10208,11174
328,2020-10-03,316,6194,6510
328,2020-10-04,71,4112,4183
328,2020-10-05,951,9690,10641
328,2020-10-06,1111,10459,11570
328,2020-10-07,1111,10111,11222
328,2020-10-08,1129,10666,11795
328,2020-10-09,1141,9981,11122
328,2020-10-10,313,6705,7018
328,2020-10-11,78,4644,4722
328,2020-10-12,1258,9758,11016
328,2020-10-13,1333,10336,11669
328,2020-10-14,1221,10159,11380
328,2020-10-15,1177,10298,11475
328,2020-10-16,1375,10427,11802
328,2020-10-17,393,6553,6946
328,2020-10-18,84,3983,4067
328,2020-10-19,1058,9535,10593
328,2020-10-20,1376,11405,12781
328,2020-10-21,1173,9349,10522
328,2020-10-22,1169,10008,11177
328,2020-10-23,1161,9346,10507
328,2020-10-24,366,5773,6139
328,2020-10-25,74,3332,3406
328,2020-10-26,1344,9142,10486
328,2020-10-27,1347,9825,11172
328,2020-10-28,1182,10874,12056
328,2020-10-29,1461,11951,13412
328,2020-10-30,1377,9831,11208
328,2020-11-01,44,2787,2831
328,2020-11-02,1220,8832,10052
328,2020-11-03,1268,9169,10437
328,2020-11-04,1388,9317,10705
328,2020-11-05,1245,9009,10254
328,2020-11-06,1308,9432,10740
328,2020-11-07,316,5129,5445
328,2020-11-08,63,3086,3149
328,2020-11-09,1145,8822,9967
328,2020-11-10,1218,9740,10958
328,2020-11-11,1084,9020,10104
328,2020-11-12,1188,9510,10698
328,2020-11-13,1274,9526,10800
328,2020-11-14,321,5713,6034
328,2020-11-15,82,3024,3106
328,2020-11-16,1220,10405,11625
328,2020-11-17,1110,9598,10708
328,2020-11-18,1206,9320,10526
328,2020-11-19,1147,9463,10610
328,2020-11-20,1187,9880,11067
328,2020-11-21,333,5584,5917
328,2020-11-22,73,3189,3262
328,2020-11-23,1011,9415,10426
328,2020-11-24,1231,10022,11253
328,2020-11-25,1332,9863,11195
328,2020-11-26,1174,9271,10445
328,2020-11-27,1149,9575,10724
328,2020-11-28,389,5599,5988
328,2020-11-29,73,2983,3056
328,2020-11-30,1096,8825,9921
328,2020-12-01,1087,9256,10343
328,2020-12-02,1346,9735,11081
328,2020-12-03,1137,9040,10177
328,2020-12-04,1222,9402,10624
328,2020-12-05,369,5342,5711
328,2020-12-06,84,3102,3186
328,2020-12-07,1099,8985,10084
328,2020-12-08,1190,9688,10878
328,2020-12-09,1190,9533,10723
328,2020-12-10,1168,9243,10411
328,2020-12-11,1012,8951,9963
328,2020-12-12,351,5279,5630
328,2020-12-13,72,2995,3067
328,2020-12-14,1013,9141,10154
328,2020-12-15,863,9541,10404
328,2020-12-16,1072,9402,10474
328,2020-12-17,965,9308,10273
328,2020-12-18,1032,9646,10678
328,2020-12-19,363,5444,5807
328,2020-12-20,74,2962,3036
328,2020-12-21,621,7625,8246
328,2020-12-22,586,7815,8401
328,2020-12-23,593,7498,8091
328,2020-12-24,386,6126,6512
328,2020-12-25,22,2723,2745
328,2020-12-26,33,2464,2497
328,2020-12-27,57,2083,2140
328,2020-12-28,410,5341,5751
328,2020-12-29,484,5831,6315
328,2020-12-30,502,6097,6599
328,2020-12-31,369,4751,5120
345,2020-01-01,22,4629,4651
345,2020-01-02,196,8083,8279
345,2020-01-03,200,8924,9124
345,2020-01-04,117,7622,7739
345,2020-01-05,29,5757,5786
345,2020-01-06,304,10862,11166
345,2020-01-07,315,11487,11802
345,2020-01-08,323,10994,11317
345,2020-01-09,287,12103,12390
345,2020-01-10,321,11901,12222
345,2020-01-11,124,8907,9031
345,2020-01-12,29,6030,6059
345,2020-01-13,400,12529,12929
345,2020-01-14,381,12758,13139
345,2020-01-15,384,12107,12491
345,2020-01-16,358,12691,13049
345,2020-01-17,396,12704,13100
345,2020-01-18,159,8899,9058
345,2020-01-19,25,6158,6183
345,2020-01-20,426,12233,12659
345,2020-01-21,385,12544,12929
345,2020-01-22,410,12359,12769
345,2020-01-23,392,12783,13175
345,2020-01-24,387,12954,13341
345,2020-01-25,134,8720,8854
345,2020-01-26,23,6239,6262
345,2020-01-27,367,12116,12483
345,2020-01-28,393,12652,13045
345,2020-01-29,426,12386,12812
345,2020-01-30,412,13295,13707
345,2020-01-31,396,13021,13417
345,2020-02-01,125,8938,9063
345,2020-02-02,29,6295,6324
345,2020-02-03,342,12200,12542
345,2020-02-04,399,12295,12694
345,2020-02-05,397,12328,12725
345,2020-02-06,403,12792,13195
345,2020-02-07,369,12707,13076
345,2020-02-08,137,8954,9091
345,2020-02-09,26,5697,5723
345,2020-02-11,366,12782,13148
345,2020-02-12,386,12661,13047
345,2020-02-13,378,12835,13213
345,2020-02-14,390,12814,13204
345,2020-02-15,132,8471,8603
345,2020-02-16,36,5890,5926
345,2020-02-17,396,11158,11554
345,2020-02-18,346,11464,11810
345,2020-02-19,394,11391,11785
345,2020-02-20,446,12163,12609
345,2020-02-21,378,11586,11964
345,2020-02-22,145,8227,8372
345,2020-02-23,24,5810,5834
345,2020-02-24,342,11077,11419
345,2020-02-25,338,11905,12243
345,2020-02-26,376,11827,12203
345,2020-02-27,337,9781,10118
345,2020-02-28,395,13373,13768
345,2020-02-29,146,11926,12072
345,2020-03-01,34,6791,6825
345,2020-03-02,102,6232,6334
345,2020-03-03,327,13251,13578
345,2020-03-04,341,12900,13241
345,2020-03-05,280,12627,12907
345,2020-03-06,273,13056,13329
345,2020-03-07,317,10877,11194
345,2020-03-08,129,6715,6844
345,2020-03-09,287,11948,12235
345,2020-03-10,310,11684,11994
345,2020-03-11,390,12428,12818
345,2020-03-12,357,13025,13382
345,2020-03-13,364,12208,12572
345,2020-03-14,137,8586,8723
345,2020-03-15,32,5207,5239
345,2020-03-16,323,9873,10196
345,2020-03-17,346,8210,8556
345,2020-03-18,280,6812,7092
345,2020-03-19,286,5553,5839
345,2020-03-20,229,5196,5425
345,2020-03-21,205,2867,3072
345,2020-03-22,98,1888,1986
345,2020-03-23,175,4487,4662
345,2020-03-24,161,4269,4430
345,2020-03-25,197,4339,4536
345,2020-03-26,175,4199,4374
345,2020-03-27,189,4835,5024
345,2020-03-28,85,3417,3502
345,2020-03-30,176,4315,4491
345,2020-03-31,169,4289,4458
345,2020-04-01,196,4471,4667
345,2020-04-02,195,4493,4688
345,2020-04-03,192,5013,5205
345,2020-04-04,79,3551,3630
345,2020-04-05,3,2171,2174
345,2020-04-06,204,4771,4975
345,2020-04-07,158,4778,4936
345,2020-04-08,201,5122,5323
345,2020-04-09,188,5347,5535
345,2020-04-10,181,5535,5716
345,2020-04-11,98,4455,4553
345,2020-04-12,4,2184,2188
345,2020-04-13,7,2058,2065
345,2020-04-14,194,5516,5710
345,2020-04-15,199,5340,5539
345,2020-04-16,193,5595,5788
345,2020-04-17,220,6123,6343
345,2020-04-18,89,4895,4984
345,2020-04-19,7,2765,2772
345,2020-04-20,277,7127,7404
345,2020-04-21,262,6954,7216
345,2020-04-22,251,7060,7311
345,2020-04-23,263,7237,7500
345,2020-04-24,279,7886,8165
345,2020-04-25,112,6347,6459
345,2020-04-26,10,3607,3617
345,2020-04-27,378,9552,9930
345,2020-04-28,279,7527,7806
345,2020-04-29,295,7807,8102
345,2020-04-30,280,8333,8613
345,2020-05-01,11,2957,2968
345,2020-05-02,103,7091,7194
345,2020-05-03,3,3543,3546
345,2020-05-04,283,8444,8727
345,2020-05-05,327,8465,8792
345,2020-05-06,315,8664,8979
345,2020-05-07,380,8830,9210
345,2020-05-08,295,9658,9953
345,2020-05-09,69,4466,4535
345,2020-05-10,28,4226,4254
345,2020-05-11,325,9855,10180
345,2020-05-12,347,10176,10523
345,2020-05-13,329,9784,10113
345,2020-05-14,392,10435,10827
345,2020-05-15,384,11236,11620
345,2020-05-16,174,8795,8969
345,2020-05-17,23,5197,5220
345,2020-05-18,343,10688,11031
345,2020-05-19,321,10644,10965
345,2020-05-20,362,11813,12175
345,2020-05-21,31,5115,5146
345,2020-05-22,259,10831,11090
345,2020-05-23,149,8579,8728
345,2020-05-26,359,10917,11276
345,2020-05-27,373,11270,11643
345,2020-05-28,379,11384,11763
345,2020-05-29,383,12032,12415
345,2020-05-30,140,9809,9949
345,2020-05-31,28,5850,5878
345,2020-06-01,18,5602,5620
345,2020-06-02,402,11486,11888
345,2020-06-03,368,11299,11667
345,2020-06-04,400,10886,11286
345,2020-06-05,349,11302,11651
345,2020-06-06,146,8829,8975
345,2020-06-07,30,5419,5449
345,2020-06-08,360,10907,11267
345,2020-06-09,360,10866,11226
345,2020-06-10,440,11364,11804
345,2020-06-11,377,11636,12013
345,2020-06-12,395,14029,14424
345,2020-06-13,201,12943,13144
345,2020-06-14,35,6715,6750
345,2020-06-15,379,11570,11949
345,2020-06-16,396,13004,13400
345,2020-06-17,407,11886,12293
345,2020-06-18,368,11990,12358
345,2020-06-19,494,13762,14256
345,2020-06-20,642,15478,16120
345,2020-06-21,249,9969,10218
345,2020-06-22,301,11604,11905
345,2020-06-23,42,6073,6115
345,2020-06-24,483,12782,13265
345,2020-06-25,437,11959,12396
345,2020-06-26,386,12132,12518
345,2020-06-27,442,10720,11162
345,2020-06-28,192,6950,7142
345,2020-06-29,420,11833,12253
345,2020-06-30,375,12095,12470
345,2020-07-01,416,12134,12550
345,2020-07-02,400,12490,12890
345,2020-07-03,372,12455,12827
345,2020-07-04,161,9957,10118
345,2020-07-05,22,6371,6393
345,2020-07-06,362,11566,11928
345,2020-07-07,356,11431,11787
345,2020-07-08,412,12279,12691
345,2020-07-09,369,12224,12593
345,2020-07-10,422,12708,13130
345,2020-07-11,160,10544,10704
345,2020-07-12,37,6778,6815
345,2020-07-13,373,11767,12140
345,2020-07-14,409,12242,12651
345,2020-07-15,363,12637,13000
345,2020-07-16,430,12589,13019
345,2020-07-17,388,12800,13188
345,2020-07-18,178,11815,11993
345,2020-07-19,51,7219,7270
345,2020-07-20,398,11753,12151
345,2020-07-21,366,12129,12495
345,2020-07-22,420,11399,11819
345,2020-07-23,395,11941,12336
345,2020-11-13,609,13428,14037
345,2020-11-14,270,11461,11731
345,2020-11-15,69,6236,6305
345,2020-11-16,578,12457,13035
345,2020-11-17,554,12905,13459
345,2020-11-18,598,13267,13865
345,2020-11-19,594,13272,13866
345,2020-11-20,562,13670,14232
345,2020-11-21,273,11628,11901
345,2020-11-22,72,6151,6223
345,2020-11-23,518,13010,13528
345,2020-11-24,567,13177,13744
345,2020-11-25,562,13300,13862
345,2020-11-26,595,12768,13363
345,2020-11-27,594,13603,14197
345,2020-11-28,269,10688,10957
345,2020-11-29,81,6171,6252
345,2020-11-30,576,12674,13250
345,2020-12-01,553,12947,13500
345,2020-12-02,570,12698,13268
345,2020-12-03,574,13039,13613
345,2020-12-04,517,13226,13743
345,2020-12-05,275,10643,10918
345,2020-12-06,69,6164,6233
345,2020-12-07,559,12638,13197
345,2020-12-08,587,13128,13715
345,2020-12-09,601,13674,14275
345,2020-12-10,534,12945,13479
345,2020-12-11,516,13195,13711
345,2020-12-12,287,10226,10513
345,2020-12-13,82,6051,6133
345,2020-12-14,559,13249,13808
345,2020-12-15,482,12903,13385
345,2020-12-16,562,13216,13778
345,2020-12-17,516,13366,13882
345,2020-12-18,468,13644,14112
345,2020-12-19,240,10289,10529
345,2020-12-20,69,6147,6216
345,2020-12-21,390,12124,12514
345,2020-12-22,368,12257,12625
345,2020-12-23,387,12139,12526
345,2020-12-24,323,10627,10950
345,2020-12-25,60,4407,4467
345,2020-12-26,74,4431,4505
345,2020-12-27,76,3967,4043
345,2020-12-28,342,7854,8196
345,2020-12-29,361,8189,8550
345,2020-12-30,365,8721,9086
345,2020-12-31,332,7548,7880
390,2020-01-01,28,1899,1927
390,2020-01-02,206,3907,4113
390,2020-01-03,195,4374,4569
390,2020-01-04,175,3200,3375
390,2020-01-05,22,2432,2454
390,2020-01-06,258,6784,7042
390,2020-01-07,266,7249,7515
390,2020-01-08,263,6900,7163
390,2020-01-16,306,8063,8369
390,2020-01-17,273,7854,8127
390,2020-01-18,214,4010,4224
390,2020-01-19,19,2907,2926
390,2020-01-20,288,7187,7475
390,2020-01-21,297,7648,7945
390,2020-01-22,309,7246,7555
390,2020-01-23,297,7904,8201
390,2020-01-24,321,7444,7765
390,2020-01-25,197,3803,4000
390,2020-01-26,25,2802,2827
390,2020-01-27,272,7429,7701
390,2020-01-28,295,7341,7636
390,2020-01-29,285,7200,7485
390,2020-01-30,281,7470,7751
390,2020-01-31,273,7292,7565
390,2020-02-01,186,3831,4017
390,2020-02-02,22,2675,2697
390,2020-02-03,287,7344,7631
390,2020-02-04,277,7436,7713
390,2020-02-05,287,7364,7651
390,2020-02-06,298,7836,8134
390,2020-02-07,312,7585,7897
390,2020-02-08,206,3991,4197
390,2020-02-09,18,2251,2269
390,2020-02-10,278,5040,5318
390,2020-02-11,280,7425,7705
390,2020-02-12,296,7156,7452
390,2020-02-13,288,7251,7539
390,2020-02-14,317,7200,7517
390,2020-02-15,186,3508,3694
390,2020-02-16,20,2364,2384
390,2020-02-17,262,5469,5731
390,2020-02-18,268,5649,5917
390,2020-02-19,265,5492,5757
390,2020-02-20,266,5489,5755
390,2020-02-21,285,5713,5998
390,2020-02-22,191,3375,3566
390,2020-02-23,21,2366,2387
390,2020-02-24,272,6790,7062
390,2020-02-25,302,7264,7566
390,2020-02-26,317,7165,7482
390,2020-02-27,282,6440,6722
390,2020-02-28,342,7941,8283
390,2020-02-29,203,4274,4477
390,2020-03-01,23,2740,2763
390,2020-03-02,321,7609,7930
390,2020-03-03,331,7558,7889
390,2020-03-04,330,7398,7728
390,2020-03-05,336,7758,8094
390,2020-03-06,325,7371,7696
390,2020-03-07,225,4257,4482
390,2020-03-08,24,2823,2847
390,2020-03-09,300,7143,7443
390,2020-03-10,310,7638,7948
390,2020-03-11,337,7314,7651
390,2020-03-12,334,7290,7624
390,2020-03-13,322,6730,7052
390,2020-03-14,191,2944,3135
390,2020-03-15,24,2137,2161
390,2020-03-16,296,4592,4888
390,2020-03-17,284,3806,4090
390,2020-03-18,232,3156,3388
390,2020-03-19,222,2538,2760
390,2020-03-20,209,2478,2687
390,2020-03-21,169,1033,1202
390,2020-03-22,4,1033,1037
390,2020-03-23,196,2029,2225
390,2020-03-24,205,1980,2185
390,2020-03-25,206,2060,2266
390,2020-03-26,209,2034,2243
390,2020-03-27,207,2097,2304
390,2020-03-28,173,1535,1708
390,2020-03-30,193,2066,2259
390,2020-03-31,199,2141,2340
390,2020-04-01,200,2100,2300
390,2020-04-02,191,2118,2309
390,2020-04-03,206,2188,2394
390,2020-04-04,162,1458,1620
390,2020-04-05,3,1209,1212
390,2020-04-06,184,2165,2349
390,2020-04-07,182,2229,2411
390,2020-04-08,203,2355,2558
390,2020-04-09,195,2265,2460
390,2020-04-10,190,2330,2520
390,2020-04-11,159,1764,1923
390,2020-04-12,4,1041,1045
390,2020-04-13,1,1112,1113
390,2020-04-14,197,2262,2459
390,2020-04-15,193,2420,2613
390,2020-04-16,194,2463,2657
390,2020-04-17,197,2567,2764
390,2020-04-18,148,1762,1910
390,2020-04-19,1,1440,1441
390,2020-04-20,221,2824,3045
390,2020-04-21,241,3147,3388
390,2020-04-22,273,3288,3561
390,2020-04-23,272,3216,3488
390,2020-04-24,274,3461,3735
390,2020-04-25,164,2317,2481
390,2020-04-26,2,1820,1822
390,2020-04-27,260,3477,3737
390,2020-04-28,284,3441,3725
390,2020-04-29,301,3444,3745
390,2020-04-30,264,3566,3830
390,2020-05-01,11,1459,1470
390,2020-05-02,173,2197,2370
390,2020-05-03,6,1859,1865
390,2020-05-04,273,3761,4034
390,2020-05-05,315,3943,4258
390,2020-05-06,379,4459,4838
390,2020-05-07,376,4654,5030
390,2020-05-08,373,4646,5019
390,2020-05-09,12,2024,2036
390,2020-05-10,12,1749,1761
390,2020-05-11,273,4364,4637
390,2020-05-12,309,4891,5200
390,2020-05-13,275,4730,5005
390,2020-05-14,279,4876,5155
390,2020-05-15,281,5117,5398
390,2020-05-16,203,3583,3786
390,2020-05-17,14,2757,2771
390,2020-05-18,243,4841,5084
390,2020-05-19,291,6032,6323
390,2020-05-20,283,5420,5703
390,2020-05-21,37,2747,2784
390,2020-05-22,232,4818,5050
390,2020-05-23,176,2719,2895
390,2020-05-24,14,2300,2314
390,2020-05-25,287,5346,5633
390,2020-05-26,297,5768,6065
390,2020-05-27,311,5677,5988
390,2020-05-28,292,5751,6043
390,2020-05-29,284,5951,6235
390,2020-05-30,176,3857,4033
390,2020-05-31,17,3034,3051
390,2020-06-01,19,2974,2993
390,2020-06-02,252,5646,5898
390,2020-06-03,267,5478,5745
390,2020-06-04,264,5121,5385
390,2020-06-05,296,5210,5506
390,2020-06-06,186,3534,3720
390,2020-06-07,20,2833,2853
390,2020-06-08,277,5735,6012
390,2020-06-09,290,6046,6336
390,2020-06-10,324,6308,6632
390,2020-06-11,301,6420,6721
390,2020-06-12,253,6325,6578
390,2020-06-13,177,4360,4537
390,2020-06-14,17,3084,3101
390,2020-06-15,275,6108,6383
390,2020-06-16,258,6351,6609
390,2020-06-17,281,6091,6372
390,2020-06-18,285,6414,6699
390,2020-06-19,287,6402,6689
390,2020-06-20,168,4718,4886
390,2020-06-21,23,3083,3106
390,2020-06-22,240,5300,5540
390,2020-06-23,2,166,168
390,2020-06-24,62,1954,2016
390,2020-06-25,248,6539,6787
390,2020-06-26,272,6229,6501
390,2020-06-27,180,3840,4020
390,2020-06-28,27,2815,2842
390,2020-06-29,277,6766,7043
390,2020-06-30,296,6837,7133
390,2020-07-01,322,6565,6887
390,2020-07-02,324,6698,7022
390,2020-07-03,287,6958,7245
390,2020-07-04,283,6379,6662
390,2020-07-05,24,2899,2923
390,2020-07-06,277,6382,6659
390,2020-07-07,335,6558,6893
390,2020-07-08,317,6805,7122
390,2020-07-09,311,7151,7462
390,2020-07-10,339,6690,7029
390,2020-07-11,181,4011,4192
390,2020-07-12,17,3195,3212
390,2020-07-13,327,6491,6818
390,2020-07-14,307,6469,6776
390,2020-07-15,279,6308,6587
390,2020-07-16,137,4142,4279
390,2020-07-17,155,3730,3885
390,2020-07-18,27,2454,2481
390,2020-07-19,5,614,619
390,2020-07-20,310,4965,5275
390,2020-07-21,304,5621,5925
390,2020-07-22,375,5749,6124
390,2020-07-23,363,5479,5842
390,2020-07-24,327,5328,5655
390,2020-07-25,217,3695,3912
390,2020-07-26,21,2582,2603
390,2020-07-27,320,5332,5652
390,2020-07-28,348,5311,5659
390,2020-07-29,314,5514,5828
390,2020-07-30,274,5682,5956
390,2020-07-31,216,5158,5374
390,2020-08-01,169,3001,3170
390,2020-08-02,18,2435,2453
390,2020-08-03,196,4553,4749
390,2020-08-04,208,4841,5049
390,2020-08-05,193,4925,5118
390,2020-08-06,204,5089,5293
390,2020-08-07,198,4709,4907
390,2020-08-08,160,3002,3162
390,2020-08-09,15,2315,2330
390,2020-08-10,238,7207,7445
390,2020-08-11,259,7104,7363
390,2020-08-12,266,6820,7086
390,2020-08-13,260,7180,7440
390,2020-08-14,195,4931,5126
390,2020-08-15,19,2430,2449
390,2020-08-16,14,2271,2285
390,2020-08-17,213,4470,4683
390,2020-08-18,234,4564,4798
390,2020-08-19,219,4801,5020
390,2020-08-20,211,4699,4910
390,2020-08-21,209,4684,4893
390,2020-08-22,153,3088,3241
390,2020-08-23,14,2387,2401
390,2020-08-24,246,4803,5049
390,2020-08-25,283,5082,5365
390,2020-08-26,295,4945,5240
390,2020-08-27,287,5458,5745
390,2020-08-28,262,5212,5474
390,2020-08-29,187,3488,3675
390,2020-08-30,17,2520,2537
390,2020-08-31,264,4902,5166
390,2020-09-01,289,5386,5675
390,2020-09-02,272,5542,5814
390,2020-09-03,285,5542,5827
390,2020-09-04,348,5390,5738
390,2020-09-05,248,3437,3685
390,2020-09-06,24,2807,2831
390,2020-09-07,312,5563,5875
390,2020-09-08,299,5806,6105
390,2020-09-09,291,5847,6138
390,2020-09-10,325,6007,6332
390,2020-09-11,324,6074,6398
390,2020-09-12,185,3783,3968
390,2020-09-13,24,3338,3362
390,2020-09-14,300,6120,6420
390,2020-09-15,292,6558,6850
390,2020-09-16,278,6542,6820
390,2020-09-17,309,6812,7121
390,2020-09-18,279,6872,7151
390,2020-09-19,144,3914,4058
390,2020-09-20,42,3209,3251
390,2020-09-21,298,6507,6805
390,2020-09-22,328,7025,7353
390,2020-09-23,360,7080,7440
390,2020-09-24,346,6769,7115
390,2020-09-25,318,6587,6905
390,2020-09-26,196,4053,4249
390,2020-09-27,17,2639,2656
390,2020-09-28,278,6465,6743
390,2020-09-29,309,6863,7172
390,2020-09-30,335,7001,7336
390,2020-10-01,362,7104,7466
390,2020-10-03,192,4036,4228
390,2020-10-04,31,3221,3252
390,2020-10-05,306,6571,6877
390,2020-10-06,285,6956,7241
390,2020-10-07,323,6809,7132
390,2020-10-08,328,7022,7350
390,2020-10-09,356,6755,7111
390,2020-10-10,197,4305,4502
390,2020-10-11,17,3010,3027
390,2020-10-12,326,6547,6873
390,2020-10-13,345,6980,7325
390,2020-10-14,337,6918,7255
390,2020-10-15,343,6954,7297
390,2020-10-16,314,6747,7061
390,2020-10-17,193,4079,4272
390,2020-10-18,12,2991,3003
390,2020-10-19,279,6370,6649
390,2020-10-20,315,6906,7221
390,2020-10-21,309,6658,6967
390,2020-10-22,286,6655,6941
390,2020-10-23,291,6478,6769
390,2020-10-24,202,3867,4069
390,2020-10-25,20,2509,2529
390,2020-10-26,285,6119,6404
390,2020-10-27,289,6202,6491
390,2020-10-28,287,6211,6498
390,2020-10-29,310,6159,6469
390,2020-10-30,274,6008,6282
390,2020-11-01,12,2334,2346
390,2020-11-02,290,5482,5772
390,2020-11-03,106,3060,3166
390,2020-11-04,115,2512,2627
390,2020-11-05,127,2549,2676
390,2020-11-06,126,2701,2827
390,2020-11-07,163,2789,2952
390,2020-11-08,20,2564,2584
390,2020-11-09,297,5724,6021
390,2020-11-10,281,6063,6344
390,2020-11-11,324,6136,6460
390,2020-11-12,306,6161,6467
390,2020-11-13,307,6228,6535
390,2020-11-14,177,4291,4468
390,2020-11-15,21,3493,3514
390,2020-11-16,281,6083,6364
390,2020-11-17,313,6146,6459
390,2020-11-18,282,6178,6460
390,2020-11-19,329,6157,6486
390,2020-11-20,310,6330,6640
390,2020-11-21,215,5794,6009
390,2020-11-22,21,3349,3370
390,2020-11-23,275,6047,6322
390,2020-11-24,317,6323,6640
390,2020-11-25,307,6412,6719
390,2020-11-26,324,5837,6161
390,2020-11-27,306,6225,6531
390,2020-11-28,197,3626,3823
390,2020-11-29,25,2384,2409
390,2020-11-30,293,5581,5874
390,2020-12-01,306,5727,6033
390,2020-12-02,324,5769,6093
390,2020-12-03,294,5767,6061
390,2020-12-04,316,5857,6173
390,2020-12-05,200,3571,3771
390,2020-12-06,21,2234,2255
390,2020-12-07,293,5724,6017
390,2020-12-08,301,5911,6212
390,2020-12-09,303,5919,6222
390,2020-12-10,302,5957,6259
390,2020-12-11,293,5837,6130
390,2020-12-12,196,3246,3442
390,2020-12-13,21,2284,2305
390,2020-12-14,335,5884,6219
390,2020-12-15,303,5985,6288
390,2020-12-16,348,5998,6346
390,2020-12-17,315,6213,6528
390,2020-12-18,270,6129,6399
390,2020-12-19,179,3417,3596
390,2020-12-20,18,2184,2202
390,2020-12-21,211,4652,4863
400,2020-01-01,213,5494,5707
400,2020-01-02,776,10301,11077
400,2020-01-03,717,11290,12007
400,2020-01-04,445,8422,8867
400,2020-01-05,182,7031,7213
400,2020-01-06,848,13949,14797
400,2020-01-07,905,14278,15183
400,2020-01-08,864,14152,15016
400,2020-01-09,826,14571,15397
400,2020-01-10,816,14950,15766
400,2020-01-11,445,10123,10568
400,2020-01-12,175,7686,7861
400,2020-01-13,1044,14463,15507
400,2020-01-14,1064,15172,16236
400,2020-01-15,1040,14898,15938
400,2020-01-16,1080,15505,16585
400,2020-01-17,1014,15778,16792
400,2020-01-18,481,10925,11406
400,2020-01-19,170,7832,8002
400,2020-01-20,1022,14597,15619
400,2020-01-21,1057,15246,16303
400,2020-01-22,1048,14905,15953
400,2020-01-23,1104,15508,16612
400,2020-01-24,1117,15287,16404
400,2020-01-25,463,10388,10851
400,2020-01-26,196,7824,8020
400,2020-01-27,922,14336,15258
400,2020-01-28,924,14318,15242
400,2020-01-29,1044,15127,16171
400,2020-01-30,1006,15208,16214
400,2020-01-31,1038,15788,16826
400,2020-02-01,421,10065,10486
400,2020-02-02,168,7598,7766
400,2020-02-03,1055,15099,16154
400,2020-02-04,1086,14748,15834
400,2020-02-05,1053,14975,16028
400,2020-02-06,1011,15615,16626
400,2020-02-07,1051,15395,16446
400,2020-02-08,471,10408,10879
400,2020-02-09,177,7307,7484
400,2020-02-10,1008,15952,16960
400,2020-02-11,1059,15237,16296
400,2020-02-12,1033,15522,16555
400,2020-02-13,956,15489,16445
400,2020-02-14,1087,15566,16653
400,2020-02-15,129,3959,4088
400,2020-02-16,54,3447,3501
400,2020-02-17,1042,12213,13255
400,2020-02-18,1050,12582,13632
400,2020-02-19,1009,13028,14037
400,2020-02-20,1191,13819,15010
400,2020-02-21,1224,13417,14641
400,2020-02-22,538,8822,9360
400,2020-02-23,202,7360,7562
400,2020-02-24,1023,14654,15677
400,2020-02-25,1036,14679,15715
400,2020-02-26,1101,15047,16148
400,2020-02-27,890,14723,15613
400,2020-02-28,969,15575,16544
400,2020-02-29,441,10399,10840
400,2020-03-01,245,7621,7866
400,2020-03-02,992,14649,15641
400,2020-03-03,1090,14807,15897
400,2020-03-04,1085,14771,15856
400,2020-03-05,924,15561,16485
400,2020-03-06,1072,15195,16267
400,2020-03-07,525,10875,11400
400,2020-03-08,200,7653,7853
400,2020-03-09,1053,14218,15271
400,2020-03-10,1020,13950,14970
400,2020-03-11,1029,13996,15025
400,2020-03-12,1146,14911,16057
400,2020-03-13,1413,15398,16811
400,2020-03-14,458,8115,8573
400,2020-03-15,166,5678,5844
400,2020-03-16,992,10199,11191
400,2020-03-17,954,8614,9568
400,2020-03-18,821,7072,7893
400,2020-03-19,891,6369,7260
400,2020-03-20,981,6280,7261
400,2020-03-21,489,2722,3211
400,2020-03-22,112,2006,2118
400,2020-03-23,612,4930,5542
400,2020-03-24,630,4693,5323
400,2020-03-25,619,5092,5711
400,2020-03-26,631,4991,5622
400,2020-03-27,604,5329,5933
400,2020-03-28,414,3110,3524
400,2020-03-30,597,4814,5411
400,2020-03-31,619,4866,5485
400,2020-04-01,649,5036,5685
400,2020-04-02,609,4947,5556
400,2020-04-03,627,5263,5890
400,2020-04-04,267,3242,3509
400,2020-04-05,53,2079,2132
400,2020-04-06,591,5208,5799
400,2020-04-07,581,5114,5695
400,2020-04-08,580,5411,5991
400,2020-04-09,600,5447,6047
400,2020-04-10,573,5388,5961
400,2020-04-11,243,3622,3865
400,2020-04-12,48,2094,2142
400,2020-04-13,62,2175,2237
400,2020-04-14,610,5374,5984
400,2020-04-15,575,5581,6156
400,2020-04-16,592,5620,6212
400,2020-04-17,592,6284,6876
400,2020-04-18,253,3937,4190
400,2020-04-19,58,2653,2711
400,2020-04-20,734,6579,7313
400,2020-04-21,790,7075,7865
400,2020-04-22,888,7407,8295
400,2020-04-23,866,7654,8520
400,2020-04-24,909,7887,8796
400,2020-04-25,272,4894,5166
400,2020-04-26,57,3303,3360
400,2020-04-27,820,7888,8708
400,2020-04-28,821,7894,8715
400,2020-04-29,825,7864,8689
400,2020-04-30,796,8391,9187
400,2020-05-01,63,3111,3174
400,2020-05-02,271,5203,5474
400,2020-05-03,52,3335,3387
400,2020-05-04,930,8501,9431
400,2020-05-05,965,8903,9868
400,2020-05-06,963,8882,9845
400,2020-05-07,931,9029,9960
400,2020-05-08,1011,9564,10575
400,2020-05-09,157,4719,4876
400,2020-05-10,136,3986,4122
400,2020-05-11,947,10439,11386
400,2020-05-12,962,10285,11247
400,2020-05-13,940,10405,11345
400,2020-05-14,946,10571,11517
400,2020-05-15,1099,12727,13826
400,2020-05-16,766,9190,9956
400,2020-05-17,161,6059,6220
400,2020-05-18,941,10899,11840
400,2020-05-19,931,11368,12299
400,2020-05-20,960,11943,12903
400,2020-05-21,99,5735,5834
400,2020-05-22,794,11105,11899
400,2020-05-23,531,8408,8939
400,2020-05-24,121,5730,5851
400,2020-05-25,1016,11737,12753
400,2020-05-26,1077,12263,13340
400,2020-05-27,1093,12800,13893
400,2020-05-28,1068,12753,13821
400,2020-05-29,1039,13696,14735
400,2020-05-30,448,9573,10021
400,2020-05-31,148,6753,6901
400,2020-06-01,149,6519,6668
400,2020-06-02,953,12300,13253
400,2020-06-03,1023,12235,13258
400,2020-06-04,1027,12121,13148
400,2020-06-05,1048,12457,13505
400,2020-06-06,465,8962,9427
400,2020-06-07,156,6464,6620
400,2020-06-08,1008,12335,13343
400,2020-06-09,1055,13179,14234
400,2020-06-10,1071,13209,14280
400,2020-06-11,1004,13391,14395
400,2020-06-12,1137,13986,15123
400,2020-06-13,473,9700,10173
400,2020-06-14,171,6756,6927
400,2020-06-15,1062,12975,14037
400,2020-06-16,1127,13491,14618
400,2020-06-17,982,13324,14306
400,2020-06-18,1012,13762,14774
400,2020-06-19,1032,14254,15286
400,2020-06-20,455,10023,10478
400,2020-06-21,172,7243,7415
400,2020-06-22,840,12661,13501
400,2020-06-23,160,6570,6730
400,2020-06-24,1099,13939,15038
400,2020-06-25,1117,13983,15100
400,2020-06-26,1064,13864,14928
400,2020-06-27,459,9890,10349
400,2020-06-28,180,7059,7239
400,2020-06-29,1023,13439,14462
400,2020-06-30,1086,14295,15381
400,2020-07-01,1041,14365,15406
400,2020-07-02,1086,14189,15275
400,2020-07-03,1102,14709,15811
400,2020-07-04,518,9779,10297
400,2020-07-05,195,6753,6948
400,2020-07-06,1032,13028,14060
400,2020-07-07,1104,13778,14882
400,2020-07-08,1098,13768,14866
400,2020-07-09,1021,14199,15220
400,2020-07-10,1066,14371,15437
400,2020-07-11,519,10005,10524
400,2020-07-12,206,7636,7842
400,2020-07-13,1021,13558,14579
400,2020-07-14,1043,13973,15016
400,2020-07-15,1004,14033,15037
400,2020-07-16,1041,13581,14622
400,2020-07-17,1025,14000,15025
400,2020-07-18,524,9478,10002
400,2020-07-19,266,6858,7124
400,2020-07-20,950,12670,13620
400,2020-07-21,1002,13200,14202
400,2020-07-22,1103,13985,15088
400,2020-07-23,998,13164,14162
400,2020-07-24,1002,13230,14232
400,2020-07-25,503,8731,9234
400,2020-07-26,341,6238,6579
400,2020-07-27,976,12306,13282
400,2020-07-28,986,12574,13560
400,2020-07-29,1055,13215,14270
400,2020-07-30,886,13063,13949
400,2020-07-31,756,12785,13541
400,2020-08-01,403,8175,8578
400,2020-08-02,150,6396,6546
400,2020-08-03,751,11360,12111
400,2020-08-04,751,11689,12440
400,2020-08-05,778,11776,12554
400,2020-08-06,753,11854,12607
400,2020-08-07,754,11917,12671
400,2020-08-08,402,7854,8256
400,2020-08-09,140,5977,6117
400,2020-08-10,711,10466,11177
400,2020-08-11,705,11067,11772
400,2020-08-12,732,11189,11921
400,2020-08-14,882,11986,12868
400,2020-08-15,146,6726,6872
400,2020-08-16,147,6019,6166
400,2020-08-17,751,10872,11623
400,2020-08-18,763,11099,11862
400,2020-08-19,745,11378,12123
400,2020-08-20,814,11780,12594
400,2020-08-21,1028,12317,13345
400,2020-08-22,436,8470,8906
400,2020-08-23,161,6519,6680
400,2020-08-24,920,11549,12469
400,2020-08-25,1011,11840,12851
400,2020-08-26,999,12353,13352
400,2020-08-27,998,12594,13592
400,2020-08-28,971,11946,12917
400,2020-08-29,444,8686,9130
400,2020-08-30,151,6520,6671
400,2020-08-31,948,11296,12244
400,2020-09-01,943,12319,13262
400,2020-09-02,995,12465,13460
400,2020-09-03,1032,12518,13550
400,2020-09-04,1097,12796,13893
400,2020-09-05,490,8955,9445
400,2020-09-06,289,6720,7009
400,2020-09-07,994,12729,13723
400,2020-09-08,960,13292,14252
400,2020-09-09,1022,13726,14748
400,2020-09-10,995,13855,14850
400,2020-09-11,1047,14418,15465
400,2020-09-12,468,10239,10707
400,2020-09-13,226,7755,7981
400,2020-09-14,1019,13469,14488
400,2020-09-15,1028,14040,15068
400,2020-09-16,1095,14665,15760
400,2020-09-17,1054,14712,15766
400,2020-09-18,1107,15790,16897
400,2020-09-19,522,10965,11487
400,2020-09-20,227,7716,7943
400,2020-09-21,1003,13646,14649
400,2020-09-22,1037,14558,15595
400,2020-09-23,1127,15337,16464
400,2020-09-24,1037,14472,15509
400,2020-09-25,987,14773,15760
400,2020-09-26,455,9707,10162
400,2020-09-27,225,6981,7206
400,2020-09-28,1012,13741,14753
400,2020-09-29,1054,14292,15346
400,2020-09-30,1027,14024,15051
400,2020-10-01,989,14900,15889
400,2020-10-02,978,14603,15581
400,2020-10-03,433,10014,10447
400,2020-10-04,195,6955,7150
400,2020-10-05,964,13704,14668
400,2020-10-06,1091,14208,15299
400,2020-10-07,1023,14404,15427
400,2020-10-08,1092,15295,16387
400,2020-10-09,966,14710,15676
400,2020-10-10,500,10359,10859
400,2020-10-11,256,7108,7364
400,2020-10-12,1013,13552,14565
400,2020-10-13,1010,14446,15456
400,2020-10-14,1022,14270,15292
400,2020-10-15,1022,14483,15505
400,2020-10-16,1027,14515,15542
400,2020-10-17,585,10054,10639
400,2020-10-18,256,6931,7187
400,2020-10-19,1085,13445,14530
400,2020-10-20,1109,13795,14904
400,2020-10-21,1051,13977,15028
400,2020-10-22,1083,13953,15036
400,2020-10-23,1041,14173,15214
400,2020-10-24,487,9550,10037
400,2020-10-25,239,6263,6502
400,2020-10-26,1088,12678,13766
400,2020-10-27,1148,12730,13878
400,2020-10-28,1025,13123,14148
400,2020-10-29,1069,13638,14707
400,2020-10-30,1121,13437,14558
400,2020-11-01,231,5700,5931
400,2020-11-02,946,11337,12283
400,2020-11-03,1049,12603,13652
400,2020-11-04,1000,12048,13048
400,2020-11-05,977,12214,13191
400,2020-11-06,1072,12532,13604
400,2020-11-07,495,9312,9807
400,2020-11-08,207,6304,6511
400,2020-11-09,1023,12650,13673
400,2020-11-10,1076,13301,14377
400,2020-11-11,1030,13191,14221
400,2020-11-12,1085,13830,14915
400,2020-11-13,1138,13761,14899
400,2020-11-14,573,9892,10465
400,2020-11-15,294,5784,6078
400,2020-11-16,1008,13083,14091
400,2020-11-17,1082,13288,14370
400,2020-11-18,1094,13797,14891
400,2020-11-19,1034,13794,14828
400,2020-11-20,1086,14207,15293
400,2020-11-21,173,359,532
400,2020-11-22,197,5518,5715
400,2020-11-23,1039,12930,13969
400,2020-11-24,1103,13631,14734
400,2020-11-25,1115,14153,15268
400,2020-11-26,1107,12876,13983
400,2020-11-27,1064,13619,14683
400,2020-11-28,514,8960,9474
400,2020-11-29,235,5834,6069
400,2020-11-30,1091,12732,13823
400,2020-12-01,1092,12744,13836
400,2020-12-02,1108,13055,14163
400,2020-12-03,1068,12712,13780
400,2020-12-04,1039,13295,14334
400,2020-12-05,499,8529,9028
400,2020-12-06,241,5558,5799
400,2020-12-07,1026,12195,13221
400,2020-12-08,968,12755,13723
400,2020-12-09,1104,13178,14282
400,2020-12-10,1035,13289,14324
400,2020-12-11,963,13116,14079
400,2020-12-12,538,8657,9195
400,2020-12-13,287,5491,5778
400,2020-12-14,1140,12798,13938
400,2020-12-15,1031,13101,14132
400,2020-12-16,1221,13295,14516
400,2020-12-17,1107,13549,14656
400,2020-12-18,1050,13845,14895
400,2020-12-19,524,8631,9155
400,2020-12-20,246,5202,5448
400,2020-12-21,863,11333,12196
400,2020-12-22,817,11472,12289
400,2020-12-23,801,11505,12306
400,2020-12-24,736,9042,9778
400,2020-12-25,204,3836,4040
400,2020-12-26,263,4164,4427
400,2020-12-27,233,3639,3872
400,2020-12-28,785,7615,8400
400,2020-12-29,789,7663,8452
400,2020-12-30,837,8083,8920
400,2020-12-31,753,6784,7537
401,2020-01-01,124,3846,3970
401,2020-01-02,454,7493,7947
401,2020-01-03,474,8109,8583
401,2020-01-04,299,6799,7098
401,2020-01-05,111,5204,5315
401,2020-01-06,642,9766,10408
401,2020-01-07,600,10521,11121
401,2020-01-08,614,10220,10834
401,2020-01-09,596,10090,10686
401,2020-01-10,599,10583,11182
401,2020-01-11,319,8560,8879
401,2020-01-12,113,5709,5822
401,2020-01-13,674,9731,10405
401,2020-01-14,784,10928,11712
401,2020-01-15,790,10838,11628
401,2020-01-16,796,10950,11746
401,2020-01-17,748,11101,11849
401,2020-01-18,306,8768,9074
401,2020-01-19,123,5733,5856
401,2020-01-20,792,10326,11118
401,2020-01-21,860,11141,12001
401,2020-01-22,816,10745,11561
401,2020-01-23,819,10992,11811
401,2020-01-24,783,10380,11163
401,2020-01-25,315,9138,9453
401,2020-01-26,108,6330,6438
401,2020-01-27,735,10133,10868
401,2020-01-28,698,10378,11076
401,2020-01-29,729,10761,11490
401,2020-01-30,720,10695,11415
401,2020-01-31,732,10483,11215
401,2020-02-01,287,8238,8525
401,2020-02-02,117,6239,6356
401,2020-02-03,699,9070,9769
401,2020-02-04,711,10751,11462
401,2020-02-05,732,10169,10901
401,2020-02-06,812,10544,11356
401,2020-02-07,795,11353,12148
401,2020-02-08,320,9025,9345
401,2020-02-09,123,5350,5473
401,2020-02-10,628,9272,9900
401,2020-02-11,740,11051,11791
401,2020-02-12,757,10942,11699
401,2020-02-13,727,10885,11612
401,2020-02-14,770,11332,12102
401,2020-02-15,412,7985,8397
401,2020-02-16,193,5304,5497
401,2020-02-17,697,8988,9685
401,2020-02-18,675,9240,9915
401,2020-02-19,721,9313,10034
401,2020-02-20,691,9226,9917
401,2020-02-21,689,9475,10164
401,2020-02-22,315,7536,7851
401,2020-02-23,113,5481,5594
401,2020-02-24,698,10371,11069
401,2020-02-25,686,10924,11610
401,2020-02-26,767,10969,11736
401,2020-02-27,679,9987,10666
401,2020-02-28,710,11403,12113
401,2020-02-29,310,8646,8956
401,2020-03-01,132,6045,6177
401,2020-03-02,745,10431,11176
401,2020-03-03,749,11052,11801
401,2020-03-04,786,10876,11662
401,2020-03-05,725,10137,10862
401,2020-03-06,803,11640,12443
401,2020-03-07,407,8861,9268
401,2020-03-08,195,5998,6193
401,2020-03-09,749,10296,11045
401,2020-03-10,728,11414,12142
401,2020-03-11,796,11835,12631
401,2020-03-12,814,10952,11766
401,2020-03-13,790,10725,11515
401,2020-03-14,421,6744,7165
401,2020-03-15,200,4558,4758
401,2020-03-16,705,7310,8015
401,2020-03-17,641,6688,7329
401,2020-03-18,678,5525,6203
401,2020-03-19,569,4642,5211
401,2020-03-20,571,4550,5121
401,2020-03-21,299,2472,2771
401,2020-03-22,84,1557,1641
401,2020-03-23,358,3609,3967
401,2020-03-24,371,3473,3844
401,2020-03-25,382,3800,4182
401,2020-03-26,369,3588,3957
401,2020-03-27,364,4029,4393
401,2020-03-28,248,2920,3168
401,2020-03-30,392,4584,4976
401,2020-03-31,465,4694,5159
401,2020-04-01,423,4796,5219
401,2020-04-02,432,4794,5226
401,2020-04-03,462,5173,5635
401,2020-04-04,177,3005,3182
401,2020-04-05,54,1753,1807
401,2020-04-06,344,4295,4639
401,2020-04-07,399,4591,4990
401,2020-04-08,374,4396,4770
401,2020-04-09,337,4376,4713
401,2020-04-10,326,4756,5082
401,2020-04-11,164,3586,3750
401,2020-04-12,45,1757,1802
401,2020-04-13,46,1576,1622
401,2020-04-14,344,4392,4736
401,2020-04-15,361,4451,4812
401,2020-04-16,352,4718,5070
401,2020-04-17,392,5112,5504
401,2020-04-18,184,3668,3852
401,2020-04-19,57,2224,2281
401,2020-04-20,561,5334,5895
401,2020-04-21,567,5749,6316
401,2020-04-22,624,6159,6783
401,2020-04-23,613,6053,6666
401,2020-04-24,601,6674,7275
401,2020-04-25,206,5100,5306
401,2020-04-26,54,3075,3129
401,2020-04-27,632,6612,7244
401,2020-04-28,677,6018,6695
401,2020-04-29,693,6827,7520
401,2020-04-30,687,6842,7529
401,2020-05-01,63,2597,2660
401,2020-05-02,235,5440,5675
401,2020-05-03,60,3068,3128
401,2020-05-04,761,6981,7742
401,2020-05-05,732,7507,8239
401,2020-05-06,694,7165,7859
401,2020-05-07,708,7370,8078
401,2020-05-08,713,8222,8935
401,2020-05-09,121,3772,3893
401,2020-05-10,107,3607,3714
401,2020-05-11,638,8012,8650
401,2020-05-12,703,8937,9640
401,2020-05-13,747,8752,9499
401,2020-05-14,776,9120,9896
401,2020-05-15,723,9590,10313
401,2020-05-16,401,8070,8471
401,2020-05-17,169,5034,5203
401,2020-05-18,720,8920,9640
401,2020-05-19,731,9302,10033
401,2020-05-20,728,9926,10654
401,2020-05-21,85,4860,4945
401,2020-05-22,569,9479,10048
401,2020-05-23,312,6763,7075
401,2020-05-24,89,4568,4657
401,2020-05-25,814,9313,10127
401,2020-05-26,837,9916,10753
401,2020-05-27,868,9946,10814
401,2020-05-28,852,10190,11042
401,2020-05-29,886,10775,11661
401,2020-05-30,343,8259,8602
401,2020-05-31,113,5454,5567
401,2020-06-01,118,5034,5152
401,2020-06-02,866,11679,12545
401,2020-06-03,911,11158,12069
401,2020-06-04,853,11197,12050
401,2020-06-05,822,12086,12908
401,2020-06-06,386,8670,9056
401,2020-06-07,124,5218,5342
401,2020-06-08,762,9827,10589
401,2020-06-09,759,9914,10673
401,2020-06-10,713,10115,10828
401,2020-06-11,781,10621,11402
401,2020-06-12,800,10911,11711
401,2020-06-13,318,8801,9119
401,2020-06-14,119,6275,6394
401,2020-06-15,752,9943,10695
401,2020-06-16,835,10200,11035
401,2020-06-17,749,8617,9366
401,2020-06-18,744,10643,11387
401,2020-06-19,758,10743,11501
401,2020-06-20,340,8310,8650
401,2020-06-21,114,5854,5968
401,2020-06-22,668,9844,10512
401,2020-06-23,127,5022,5149
401,2020-06-24,809,10387,11196
401,2020-06-25,798,10711,11509
401,2020-06-26,746,11483,12229
401,2020-06-27,401,9056,9457
401,2020-06-28,123,5863,5986
401,2020-06-29,707,9996,10703
401,2020-06-30,756,10356,11112
401,2020-07-01,753,10312,11065
401,2020-07-02,747,10226,10973
401,2020-07-03,719,11154,11873
401,2020-07-04,327,7955,8282
401,2020-07-05,114,5631,5745
401,2020-07-06,728,10011,10739
401,2020-07-07,740,10701,11441
401,2020-07-08,785,11353,12138
401,2020-07-09,821,11398,12219
401,2020-07-10,774,10932,11706
401,2020-07-11,379,8375,8754
401,2020-07-12,123,6714,6837
401,2020-07-13,820,9925,10745
401,2020-07-14,817,10445,11262
401,2020-07-15,754,10352,11106
401,2020-07-16,684,11076,11760
401,2020-07-17,722,11069,11791
401,2020-07-18,332,8505,8837
401,2020-07-19,118,5984,6102
401,2020-07-20,695,9492,10187
401,2020-07-21,681,9912,10593
401,2020-07-22,718,10069,10787
401,2020-07-23,677,9938,10615
401,2020-07-24,796,10239,11035
401,2020-07-25,340,7849,8189
401,2020-07-26,108,5410,5518
401,2020-07-27,710,9428,10138
401,2020-07-28,765,9760,10525
401,2020-07-29,718,10187,10905
401,2020-07-30,648,9740,10388
401,2020-07-31,562,9725,10287
401,2020-08-01,294,7387,7681
401,2020-08-02,110,5513,5623
401,2020-08-03,538,8401,8939
401,2020-08-04,542,8692,9234
401,2020-08-05,515,9032,9547
401,2020-08-06,564,8734,9298
401,2020-08-07,524,8938,9462
401,2020-08-08,302,6882,7184
401,2020-08-09,121,4767,4888
401,2020-08-10,496,7676,8172
401,2020-08-11,515,8797,9312
401,2020-08-12,578,9744,10322
401,2020-08-13,572,8957,9529
401,2020-08-14,531,9051,9582
401,2020-08-15,121,4853,4974
401,2020-08-16,117,5044,5161
401,2020-08-17,532,8087,8619
401,2020-08-18,501,8438,8939
401,2020-08-19,532,8306,8838
401,2020-08-20,562,8659,9221
401,2020-08-21,502,8656,9158
401,2020-08-22,370,6988,7358
401,2020-08-23,183,5220,5403
401,2020-08-24,790,9511,10301
401,2020-08-25,937,10677,11614
401,2020-08-26,1017,11377,12394
401,2020-08-27,972,11343,12315
401,2020-08-28,949,11686,12635
401,2020-08-29,494,8915,9409
401,2020-08-30,188,5880,6068
401,2020-08-31,858,9959,10817
401,2020-09-01,834,10652,11486
401,2020-09-02,809,10433,11242
401,2020-09-03,820,10193,11013
401,2020-09-04,813,10536,11349
401,2020-09-05,418,8126,8544
401,2020-09-06,198,5728,5926
401,2020-09-07,771,10400,11171
401,2020-09-08,997,11549,12546
401,2020-09-09,970,11839,12809
401,2020-09-10,1004,11763,12767
401,2020-09-11,936,11576,12512
401,2020-09-12,400,6312,6712
401,2020-09-13,127,4240,4367
401,2020-09-14,692,9945,10637
401,2020-09-15,711,10346,11057
401,2020-09-16,742,9713,10455
401,2020-09-17,783,10152,10935
401,2020-09-18,788,11953,12741
401,2020-09-19,361,9137,9498
401,2020-09-20,110,6129,6239
401,2020-09-21,755,10153,10908
401,2020-09-22,778,10553,11331
401,2020-09-23,852,11313,12165
401,2020-09-24,880,10961,11841
401,2020-10-03,319,8843,9162
401,2020-10-04,119,5601,5720
401,2020-10-05,708,10130,10838
401,2020-10-06,640,10124,10764
401,2020-10-07,706,10632,11338
401,2020-10-08,758,10682,11440
401,2020-10-09,744,10757,11501
401,2020-10-10,332,8963,9295
401,2020-10-11,122,5928,6050
401,2020-10-12,777,9956,10733
401,2020-10-13,735,11287,12022
401,2020-10-14,808,10766,11574
401,2020-10-15,785,10820,11605
401,2020-10-16,751,11215,11966
401,2020-10-17,317,8886,9203
401,2020-10-18,119,6166,6285
401,2020-10-19,835,10151,10986
401,2020-10-20,781,10921,11702
401,2020-10-21,868,11546,12414
401,2020-10-22,906,10900,11806
401,2020-10-23,793,10923,11716
401,2020-10-24,309,8158,8467
401,2020-10-25,109,4879,4988
401,2020-10-26,852,9875,10727
401,2020-10-27,772,10213,10985
401,2020-10-28,784,10166,10950
401,2020-10-29,768,10228,10996
401,2020-10-30,757,10651,11408
401,2020-11-01,112,4313,4425
401,2020-11-02,665,8764,9429
401,2020-11-03,749,9130,9879
401,2020-11-04,705,9289,9994
401,2020-11-05,685,9445,10130
401,2020-11-06,720,9875,10595
401,2020-11-07,346,7918,8264
401,2020-11-08,118,5090,5208
401,2020-11-09,900,9565,10465
401,2020-11-10,745,9912,10657
401,2020-11-11,826,10276,11102
401,2020-11-12,827,10116,10943
401,2020-11-13,795,10404,11199
401,2020-11-14,315,8409,8724
401,2020-11-15,135,7489,7624
401,2020-11-16,808,9700,10508
401,2020-11-17,848,10020,10868
401,2020-11-18,897,10153,11050
401,2020-11-19,870,10027,10897
401,2020-11-20,897,11165,12062
401,2020-11-21,389,11887,12276
401,2020-11-22,151,8996,9147
401,2020-11-23,842,9495,10337
401,2020-11-24,806,10146,10952
401,2020-11-25,805,10569,11374
401,2020-11-26,810,10204,11014
401,2020-11-27,793,10704,11497
401,2020-11-28,420,8104,8524
401,2020-11-29,195,4844,5039
401,2020-11-30,791,9581,10372
401,2020-12-01,857,9429,10286
401,2020-12-02,779,9895,10674
401,2020-12-03,768,9970,10738
401,2020-12-04,703,10509,11212
401,2020-12-05,349,7979,8328
401,2020-12-06,115,4934,5049
401,2020-12-07,754,9500,10254
401,2020-12-08,737,9504,10241
401,2020-12-09,791,9986,10777
401,2020-12-10,732,9462,10194
401,2020-12-11,693,10203,10896
401,2020-12-12,323,7695,8018
401,2020-12-13,127,4779,4906
401,2020-12-14,689,9637,10326
401,2020-12-15,685,9876,10561
401,2020-12-16,741,10090,10831
401,2020-12-17,728,10764,11492
401,2020-12-18,673,10641,11314
401,2020-12-19,318,7817,8135
401,2020-12-20,119,4669,4788
401,2020-12-21,498,8887,9385
401,2020-12-22,479,9538,10017
401,2020-12-23,457,8599,9056
401,2020-12-24,387,7546,7933
401,2020-12-25,100,3392,3492
401,2020-12-26,118,3432,3550
401,2020-12-27,124,3173,3297
401,2020-12-28,394,6392,6786
401,2020-12-29,404,6661,7065
401,2020-12-30,406,7382,7788
401,2020-12-31,372,6150,6522
403,2020-01-01,61,5250,5311
403,2020-01-02,234,9162,9396
403,2020-01-03,253,9798,10051
403,2020-01-04,170,7923,8093
403,2020-01-05,65,6428,6493
403,2020-01-06,352,12460,12812
403,2020-01-07,339,12823,13162
403,2020-01-08,358,12917,13275
403,2020-01-09,350,13525,13875
403,2020-01-10,384,13812,14196
403,2020-01-11,192,9949,10141
403,2020-01-12,63,7096,7159
403,2020-01-13,441,13168,13609
403,2020-01-14,463,13782,14245
403,2020-01-15,466,13689,14155
403,2020-01-16,459,14390,14849
403,2020-01-17,488,13771,14259
403,2020-01-18,211,10349,10560
403,2020-01-19,74,7497,7571
403,2020-01-20,514,13031,13545
403,2020-01-21,511,13406,13917
403,2020-01-22,517,13286,13803
403,2020-01-23,476,13569,14045
403,2020-01-24,515,14063,14578
403,2020-01-25,190,10402,10592
403,2020-01-26,61,7258,7319
403,2020-01-27,390,12348,12738
403,2020-01-28,441,13035,13476
403,2020-01-29,441,13203,13644
403,2020-01-30,460,13530,13990
403,2020-01-31,451,13755,14206
403,2020-02-01,191,10297,10488
403,2020-02-02,56,7322,7378
403,2020-02-03,471,12886,13357
403,2020-02-04,469,13372,13841
403,2020-02-05,503,13349,13852
403,2020-02-06,506,13718,14224
403,2020-02-07,495,14091,14586
403,2020-02-08,189,10442,10631
403,2020-02-09,52,6431,6483
403,2020-02-10,394,10924,11318
403,2020-02-11,442,13645,14087
403,2020-02-12,465,13692,14157
403,2020-02-13,443,13460,13903
403,2020-02-14,501,14182,14683
403,2020-02-15,213,10516,10729
403,2020-02-16,64,7202,7266
403,2020-02-17,467,11333,11800
403,2020-02-18,462,11599,12061
403,2020-02-19,460,11748,12208
403,2020-02-20,400,11608,12008
403,2020-02-21,471,11738,12209
403,2020-02-22,197,9011,9208
403,2020-02-23,68,6772,6840
403,2020-02-24,441,12535,12976
403,2020-02-25,456,13115,13571
403,2020-02-26,481,13178,13659
403,2020-02-27,415,10629,11044
403,2020-02-28,484,13701,14185
403,2020-02-29,305,10077,10382
403,2020-03-01,81,7064,7145
403,2020-03-02,494,13351,13845
403,2020-03-03,489,13281,13770
403,2020-03-04,518,13606,14124
403,2020-03-05,430,13389,13819
403,2020-03-06,482,13744,14226
403,2020-03-07,228,10995,11223
403,2020-03-08,83,7529,7612
403,2020-03-09,475,12698,13173
403,2020-03-10,440,13371,13811
403,2020-03-11,518,13247,13765
403,2020-03-12,490,13065,13555
403,2020-03-13,439,12928,13367
403,2020-03-14,192,7517,7709
403,2020-03-15,64,5938,6002
403,2020-03-16,383,8777,9160
403,2020-03-17,409,7571,7980
403,2020-03-18,356,6197,6553
403,2020-03-19,343,5118,5461
403,2020-03-20,285,4916,5201
403,2020-03-21,146,2301,2447
403,2020-03-22,4,1894,1898
403,2020-03-23,223,4179,4402
403,2020-03-24,222,4040,4262
403,2020-03-25,225,4171,4396
403,2020-03-26,210,4044,4254
403,2020-03-27,212,4313,4525
403,2020-03-28,142,2898,3040
403,2020-03-30,248,4469,4717
403,2020-03-31,275,4445,4720
403,2020-04-01,268,4603,4871
403,2020-04-02,266,4550,4816
403,2020-04-03,280,4717,4997
403,2020-04-04,157,2818,2975
403,2020-04-05,7,2189,2196
403,2020-04-06,228,4565,4793
403,2020-04-07,260,4638,4898
403,2020-04-08,252,4704,4956
403,2020-04-09,232,4578,4810
403,2020-04-10,215,4619,4834
403,2020-04-11,141,3392,3533
403,2020-04-12,2,2194,2196
403,2020-04-13,9,1946,1955
403,2020-04-14,238,4615,4853
403,2020-04-15,218,4701,4919
403,2020-04-16,232,4672,4904
403,2020-04-17,222,5309,5531
403,2020-04-18,143,3295,3438
403,2020-04-19,15,2680,2695
403,2020-04-20,293,5776,6069
403,2020-04-21,405,6113,6518
403,2020-04-22,460,6716,7176
403,2020-04-23,428,6408,6836
403,2020-04-24,434,6779,7213
403,2020-04-25,165,4718,4883
403,2020-04-26,10,3667,3677
403,2020-04-27,509,7143,7652
403,2020-04-28,530,6902,7432
403,2020-04-29,467,7086,7553
403,2020-04-30,438,7496,7934
403,2020-05-01,24,2939,2963
403,2020-05-02,165,4430,4595
403,2020-05-03,15,3750,3765
403,2020-05-04,501,7668,8169
403,2020-05-05,530,7866,8396
403,2020-05-06,568,8448,9016
403,2020-05-07,579,8451,9030
403,2020-05-08,494,8760,9254
403,2020-05-09,69,4258,4327
403,2020-05-10,48,3645,3693
403,2020-05-11,462,9134,9596
403,2020-05-12,505,9900,10405
403,2020-05-13,535,9774,10309
403,2020-05-14,550,10129,10679
403,2020-05-15,515,10387,10902
403,2020-05-16,297,8473,8770
403,2020-05-17,72,6819,6891
403,2020-05-18,494,10068,10562
403,2020-05-19,507,10519,11026
403,2020-05-20,460,11225,11685
403,2020-05-21,83,6856,6939
403,2020-05-22,310,9995,10305
403,2020-05-23,181,6227,6408
403,2020-05-24,59,5297,5356
403,2020-05-25,526,10622,11148
403,2020-05-26,512,11301,11813
403,2020-05-27,525,11608,12133
403,2020-05-28,539,11835,12374
403,2020-05-29,478,12248,12726
403,2020-05-30,203,9025,9228
403,2020-05-31,63,7286,7349
403,2020-06-01,65,7308,7373
403,2020-06-02,548,11833,12381
403,2020-06-03,630,12150,12780
403,2020-06-04,635,11574,12209
403,2020-06-05,592,11613,12205
403,2020-06-06,263,8206,8469
403,2020-06-07,56,6176,6232
403,2020-06-08,485,11585,12070
403,2020-06-09,472,11878,12350
403,2020-06-10,540,12124,12664
403,2020-06-11,522,12606,13128
403,2020-06-12,546,12681,13227
403,2020-06-13,214,9196,9410
403,2020-06-14,60,7142,7202
403,2020-06-15,497,11700,12197
403,2020-06-16,505,12423,12928
403,2020-06-17,490,12349,12839
403,2020-06-18,555,12638,13193
403,2020-06-19,519,12827,13346
403,2020-06-20,221,8832,9053
403,2020-06-21,69,7069,7138
403,2020-06-22,354,11217,11571
403,2020-06-23,88,7257,7345
403,2020-06-24,518,12504,13022
403,2020-06-25,516,12896,13412
403,2020-06-26,503,13307,13810
403,2020-06-27,272,9739,10011
403,2020-06-28,61,7012,7073
403,2020-06-29,500,12071,12571
403,2020-06-30,555,12948,13503
403,2020-07-01,507,13083,13590
403,2020-07-02,515,12883,13398
403,2020-07-03,529,13456,13985
403,2020-07-04,229,9537,9766
403,2020-07-05,44,6764,6808
403,2020-07-06,513,12107,12620
403,2020-07-07,519,12955,13474
403,2020-07-08,569,13723,14292
403,2020-07-09,586,13037,13623
403,2020-07-10,514,13382,13896
403,2020-07-11,224,9815,10039
403,2020-07-12,73,8475,8548
403,2020-07-13,499,12487,12986
403,2020-07-14,566,13055,13621
403,2020-07-15,531,12646,13177
403,2020-07-16,471,12318,12789
403,2020-07-17,520,12705,13225
403,2020-07-18,251,9551,9802
403,2020-07-19,84,7681,7765
403,2020-07-20,511,11439,11950
403,2020-07-21,498,12018,12516
403,2020-07-22,488,12038,12526
403,2020-07-23,520,11871,12391
403,2020-07-24,547,11792,12339
403,2020-07-25,243,9110,9353
403,2020-07-26,74,6827,6901
403,2020-07-27,530,10855,11385
403,2020-07-28,532,11399,11931
403,2020-07-29,549,11672,12221
403,2020-07-30,454,11408,11862
403,2020-07-31,297,11124,11421
403,2020-08-01,169,8009,8178
403,2020-08-02,76,6791,6867
403,2020-08-03,313,9885,10198
403,2020-08-04,292,10380,10672
403,2020-08-05,332,10477,10809
403,2020-08-06,312,10226,10538
403,2020-08-07,305,10179,10484
403,2020-08-08,169,7706,7875
403,2020-08-09,63,6447,6510
403,2020-08-10,285,9286,9571
403,2020-08-11,311,10237,10548
403,2020-08-12,365,10184,10549
403,2020-08-13,322,10185,10507
403,2020-08-14,312,10188,10500
403,2020-08-15,69,6914,6983
403,2020-08-16,69,6101,6170
403,2020-08-17,313,9384,9697
403,2020-08-18,306,9816,10122
403,2020-08-19,318,10311,10629
403,2020-08-20,285,10351,10636
403,2020-08-21,303,10403,10706
403,2020-08-22,174,8541,8715
403,2020-08-23,67,6759,6826
403,2020-08-24,549,12492,13041
403,2020-08-25,567,13631,14198
403,2020-08-26,731,14246,14977
403,2020-08-27,666,14320,14986
403,2020-08-28,581,13997,14578
403,2020-08-29,259,10762,11021
403,2020-08-30,68,7861,7929
403,2020-08-31,545,12977,13522
403,2020-09-01,556,13628,14184
403,2020-09-02,628,13790,14418
403,2020-09-03,511,13390,13901
403,2020-09-04,538,13670,14208
403,2020-09-05,202,10499,10701
403,2020-09-06,73,8553,8626
403,2020-09-07,580,13540,14120
403,2020-09-08,642,15087,15729
403,2020-09-09,709,14903,15612
403,2020-09-10,699,14964,15663
403,2020-09-11,661,14819,15480
403,2020-09-12,198,10921,11119
403,2020-09-13,73,8923,8996
403,2020-09-14,518,13008,13526
403,2020-09-15,490,12667,13157
403,2020-09-16,614,12600,13214
403,2020-09-17,567,12879,13446
403,2020-09-18,519,14620,15139
403,2020-09-19,216,10784,11000
403,2020-09-20,77,8241,8318
403,2020-09-21,477,12638,13115
403,2020-09-22,505,13384,13889
403,2020-09-23,579,13551,14130
403,2020-09-24,598,13360,13958
403,2020-09-25,493,13350,13843
403,2020-09-26,197,9577,9774
403,2020-09-27,59,6431,6490
403,2020-09-28,469,12096,12565
403,2020-09-29,496,12656,13152
403,2020-09-30,534,12608,13142
403,2020-10-01,527,13370,13897
403,2020-10-02,594,13404,13998
403,2020-10-03,172,9358,9530
403,2020-10-04,52,6778,6830
403,2020-10-05,466,11480,11946
403,2020-10-06,449,12488,12937
403,2020-10-07,491,12263,12754
403,2020-10-08,504,12981,13485
403,2020-10-09,457,12719,13176
403,2020-10-10,180,10299,10479
403,2020-10-11,80,7377,7457
403,2020-10-12,557,12423,12980
403,2020-10-13,509,12645,13154
403,2020-10-14,547,12848,13395
403,2020-10-15,489,12851,13340
403,2020-10-16,489,13035,13524
403,2020-10-17,239,10461,10700
403,2020-10-18,197,6940,7137
403,2020-10-19,537,12100,12637
403,2020-10-20,504,12073,12577
403,2020-10-21,462,12812,13274
403,2020-10-22,538,12891,13429
403,2020-10-23,434,11927,12361
403,2020-10-24,226,8776,9002
403,2020-10-25,122,5519,5641
403,2020-10-26,435,11280,11715
403,2020-10-27,469,11447,11916
403,2020-10-28,442,11800,12242
403,2020-10-29,492,11558,12050
403,2020-10-30,454,12081,12535
403,2020-11-01,51,4804,4855
403,2020-11-02,454,9988,10442
403,2020-11-03,519,10598,11117
403,2020-11-04,538,10705,11243
403,2020-11-05,488,10947,11435
403,2020-11-06,523,11535,12058
403,2020-11-07,322,8817,9139
403,2020-11-08,67,6413,6480
403,2020-11-09,466,11001,11467
403,2020-11-10,511,12233,12744
403,2020-11-11,542,12423,12965
403,2020-11-12,473,12104,12577
403,2020-11-13,508,12516,13024
403,2020-11-14,225,10125,10350
403,2020-11-15,103,7629,7732
403,2020-11-16,542,11563,12105
403,2020-11-17,566,12018,12584
403,2020-11-18,522,12411,12933
403,2020-11-19,515,12432,12947
403,2020-11-20,513,12892,13405
403,2020-11-21,270,12253,12523
403,2020-11-22,98,7403,7501
403,2020-11-23,495,11448,11943
403,2020-11-24,522,11739,12261
403,2020-11-25,512,12392,12904
403,2020-11-26,586,11585,12171
403,2020-11-27,515,11864,12379
403,2020-11-28,203,8663,8866
403,2020-11-29,59,5485,5544
403,2020-11-30,578,11092,11670
403,2020-12-01,496,11048,11544
403,2020-12-02,538,11246,11784
403,2020-12-03,463,11202,11665
403,2020-12-04,500,11632,12132
403,2020-12-05,198,8136,8334
403,2020-12-06,64,5234,5298
403,2020-12-07,436,11024,11460
403,2020-12-08,514,10956,11470
403,2020-12-09,552,11346,11898
403,2020-12-10,574,11525,12099
403,2020-12-11,514,11539,12053
403,2020-12-12,171,7886,8057
403,2020-12-13,53,5482,5535
403,2020-12-14,499,11187,11686
403,2020-12-15,437,11391,11828
403,2020-12-16,460,11685,12145
403,2020-12-17,411,11890,12301
403,2020-12-18,340,12021,12361
403,2020-12-19,142,8090,8232
403,2020-12-20,44,5201,5245
403,2020-12-21,230,9434,9664
403,2020-12-22,197,9876,10073
403,2020-12-23,224,9234,9458
403,2020-12-24,131,7291,7422
403,2020-12-25,32,4092,4124
403,2020-12-26,50,4015,4065
403,2020-12-27,44,3243,3287
403,2020-12-28,194,6347,6541
403,2020-12-29,176,6701,6877
403,2020-12-30,163,7201,7364
403,2020-12-31,133,5871,6004
405,2020-01-01,44,3332,3376
405,2020-01-02,299,5948,6247
405,2020-01-03,282,6694,6976
405,2020-01-04,261,5240,5501
405,2020-01-05,43,4470,4513
405,2020-01-06,399,9160,9559
405,2020-01-07,396,9856,10252
405,2020-01-08,376,9733,10109
405,2020-01-09,379,10180,10559
405,2020-01-10,369,10085,10454
405,2020-01-11,286,6644,6930
405,2020-01-12,33,4919,4952
405,2020-01-13,437,10089,10526
405,2020-01-14,446,10638,11084
405,2020-01-15,453,10385,10838
405,2020-01-16,460,10892,11352
405,2020-01-17,470,10615,11085
405,2020-01-18,286,6892,7178
405,2020-01-19,43,4742,4785
405,2020-01-20,450,10213,10663
405,2020-01-21,453,10525,10978
405,2020-01-22,460,10360,10820
405,2020-01-23,467,10880,11347
405,2020-01-24,466,10808,11274
405,2020-01-25,288,6479,6767
405,2020-01-26,44,4862,4906
405,2020-01-27,430,9990,10420
405,2020-01-28,437,10382,10819
405,2020-01-29,463,10283,10746
405,2020-01-30,431,10350,10781
405,2020-01-31,431,10336,10767
405,2020-02-01,250,6429,6679
405,2020-02-02,41,4843,4884
405,2020-02-03,447,10267,10714
405,2020-02-04,465,10315,10780
405,2020-02-05,479,10431,10910
405,2020-02-06,469,10843,11312
405,2020-02-07,493,10677,11170
405,2020-02-08,294,6840,7134
405,2020-02-09,37,3721,3758
405,2020-02-10,256,5118,5374
405,2020-02-11,490,10222,10712
405,2020-02-12,477,10309,10786
405,2020-02-13,475,10493,10968
405,2020-02-14,506,10501,11007
405,2020-02-15,293,6592,6885
405,2020-02-16,34,4086,4120
405,2020-02-17,449,7996,8445
405,2020-02-18,413,8454,8867
405,2020-02-19,423,8472,8895
405,2020-02-20,434,8097,8531
405,2020-02-21,464,8470,8934
405,2020-02-22,312,5769,6081
405,2020-02-23,39,4348,4387
405,2020-02-24,461,9998,10459
405,2020-02-25,457,10979,11436
405,2020-02-26,486,10689,11175
405,2020-02-27,384,8965,9349
405,2020-02-28,450,10442,10892
405,2020-02-29,277,6518,6795
405,2020-03-01,47,5144,5191
405,2020-03-02,490,9916,10406
405,2020-03-03,470,10453,10923
405,2020-03-04,526,10451,10977
405,2020-03-05,433,10508,10941
405,2020-03-06,475,10366,10841
405,2020-03-07,284,6998,7282
405,2020-03-08,51,5118,5169
405,2020-03-09,525,10074,10599
405,2020-03-10,496,10645,11141
405,2020-03-11,501,10380,10881
405,2020-03-12,459,10387,10846
405,2020-03-13,483,9716,10199
405,2020-03-14,300,5130,5430
405,2020-03-15,38,4002,4040
405,2020-03-16,443,6939,7382
405,2020-03-17,427,6020,6447
405,2020-03-18,396,5172,5568
405,2020-03-19,357,4138,4495
405,2020-03-20,328,3842,4170
405,2020-03-21,263,1807,2070
405,2020-03-22,6,1514,1520
405,2020-03-23,291,3112,3403
405,2020-03-24,302,3047,3349
405,2020-03-25,292,3134,3426
405,2020-03-26,308,3075,3383
405,2020-03-27,326,3360,3686
405,2020-03-28,249,2309,2558
405,2020-03-30,304,3295,3599
405,2020-03-31,294,3315,3609
405,2020-04-01,307,3373,3680
405,2020-04-02,304,3333,3637
405,2020-04-03,309,3579,3888
405,2020-04-04,251,2302,2553
405,2020-04-05,7,1697,1704
405,2020-04-06,304,3523,3827
405,2020-04-07,290,3430,3720
405,2020-04-08,317,3703,4020
405,2020-04-09,291,3751,4042
405,2020-04-10,282,3853,4135
405,2020-04-11,238,2844,3082
405,2020-04-12,2,1641,1643
405,2020-04-13,2,1775,1777
405,2020-04-14,305,3644,3949
405,2020-04-15,304,3873,4177
405,2020-04-16,308,4064,4372
405,2020-04-17,293,4334,4627
405,2020-04-18,234,2910,3144
405,2020-04-19,1,51,52
405,2020-04-20,102,1342,1444
405,2020-04-21,458,5320,5778
405,2020-04-22,491,5469,5960
405,2020-04-23,519,5509,6028
405,2020-04-24,451,6077,6528
405,2020-04-25,275,4127,4402
405,2020-04-26,5,3062,3067
405,2020-04-27,484,5964,6448
405,2020-04-28,463,5721,6184
405,2020-04-29,497,6129,6626
405,2020-04-30,445,6123,6568
405,2020-05-01,10,2416,2426
405,2020-05-02,252,3835,4087
405,2020-05-03,12,3071,3083
405,2020-05-04,480,6560,7040
405,2020-05-05,498,6675,7173
405,2020-05-06,497,6745,7242
405,2020-05-07,504,7113,7617
405,2020-05-08,471,7268,7739
405,2020-05-09,42,3443,3485
405,2020-05-10,25,3178,3203
405,2020-05-11,434,7420,7854
405,2020-05-12,482,7959,8441
405,2020-05-13,485,7922,8407
405,2020-05-14,492,8000,8492
405,2020-05-15,472,8489,8961
405,2020-05-16,325,6678,7003
405,2020-05-17,37,5329,5366
405,2020-05-18,483,8073,8556
405,2020-05-19,471,8661,9132
405,2020-05-20,462,9007,9469
405,2020-05-21,56,5234,5290
405,2020-05-22,402,7980,8382
405,2020-05-23,264,5365,5629
405,2020-05-24,40,4631,4671
405,2020-05-25,463,8865,9328
405,2020-05-26,524,9149,9673
405,2020-05-27,511,9310,9821
405,2020-05-28,480,9363,9843
405,2020-05-29,478,9622,10100
405,2020-05-30,264,6546,6810
405,2020-05-31,27,5312,5339
405,2020-09-01,418,8298,8716
405,2020-09-02,415,8758,9173
405,2020-09-03,447,8786,9233
405,2020-09-04,524,8621,9145
405,2020-09-05,320,5613,5933
405,2020-09-06,37,4728,4765
405,2020-09-07,524,8322,8846
405,2020-09-08,442,9031,9473
405,2020-09-09,470,9411,9881
405,2020-09-10,499,9398,9897
405,2020-09-11,515,9426,9941
405,2020-09-12,283,6574,6857
405,2020-09-13,59,5601,5660
405,2020-09-14,415,9375,9790
405,2020-09-15,436,9906,10342
405,2020-09-16,449,10104,10553
405,2020-09-17,486,10926,11412
405,2020-09-18,450,10831,11281
405,2020-09-19,309,7053,7362
405,2020-09-20,66,5555,5621
405,2020-09-21,475,9681,10156
405,2020-09-22,458,10535,10993
405,2020-09-23,458,10537,10995
405,2020-09-24,447,10272,10719
405,2020-09-25,458,10168,10626
405,2020-09-26,302,6468,6770
405,2020-09-27,42,4821,4863
405,2020-09-28,456,9645,10101
405,2020-09-29,458,10191,10649
405,2020-09-30,460,10153,10613
405,2020-10-01,457,10703,11160
405,2020-10-02,429,10226,10655
405,2020-10-03,253,6761,7014
405,2020-10-04,60,6918,6978
405,2020-10-05,422,9539,9961
405,2020-10-06,434,10216,10650
405,2020-10-07,458,9890,10348
405,2020-10-08,445,10379,10824
405,2020-10-09,403,10151,10554
405,2020-10-10,273,7034,7307
405,2020-10-11,39,5701,5740
405,2020-10-12,427,9565,9992
405,2020-10-13,545,9928,10473
405,2020-10-14,490,10017,10507
405,2020-10-15,500,10241,10741
405,2020-10-16,525,10055,10580
405,2020-10-17,288,6570,6858
405,2020-10-18,40,5149,5189
405,2020-10-19,528,9349,9877
405,2020-11-11,490,9833,10323
405,2020-11-12,515,9536,10051
405,2020-11-13,492,9578,10070
405,2020-11-14,264,6545,6809
405,2020-11-15,42,6982,7024
405,2020-11-16,462,9260,9722
405,2020-11-17,537,9658,10195
405,2020-11-18,519,9624,10143
405,2020-11-19,516,9466,9982
405,2020-11-20,521,9721,10242
405,2020-11-21,333,12300,12633
405,2020-11-22,42,7235,7277
405,2020-11-23,479,8953,9432
405,2020-11-24,530,9326,9856
405,2020-11-25,549,9551,10100
405,2020-11-26,501,9008,9509
405,2020-11-27,495,9551,10046
405,2020-11-28,273,5884,6157
405,2020-11-29,39,4070,4109
405,2020-11-30,482,8550,9032
405,2020-12-01,445,8749,9194
405,2020-12-02,464,8984,9448
405,2020-12-03,482,8899,9381
405,2020-12-04,450,9103,9553
405,2020-12-05,276,5817,6093
405,2020-12-06,30,3771,3801
405,2020-12-07,504,8856,9360
405,2020-12-08,503,8454,8957
405,2020-12-09,464,8863,9327
405,2020-12-10,478,8985,9463
405,2020-12-11,442,8918,9360
405,2020-12-12,279,5380,5659
405,2020-12-13,49,3834,3883
405,2020-12-14,463,8870,9333
405,2020-12-15,467,8900,9367
405,2020-12-16,440,9114,9554
405,2020-12-17,437,9142,9579
405,2020-12-18,444,9292,9736
405,2020-12-19,246,5583,5829
405,2020-12-20,34,3732,3766
405,2020-12-21,310,7230,7540
405,2020-12-22,282,7149,7431
405,2020-12-23,271,7028,7299
405,2020-12-24,257,5627,5884
405,2020-12-25,24,3031,3055
405,2020-12-26,35,2943,2978
405,2020-12-27,25,2288,2313
405,2020-12-28,272,4767,5039
405,2020-12-29,299,5097,5396
405,2020-12-30,267,5332,5599
405,2020-12-31,249,4248,4497
406,2020-01-01,9,2688,2697
406,2020-01-16,414,10883,11297
406,2020-01-17,461,10642,11103
406,2020-01-18,103,6631,6734
406,2020-01-19,29,4177,4206
406,2020-01-20,447,10400,10847
406,2020-01-21,551,10886,11437
406,2020-01-22,546,10489,11035
406,2020-01-23,559,10701,11260
406,2020-01-24,573,10764,11337
406,2020-01-25,152,6931,7083
406,2020-01-26,34,4591,4625
406,2020-01-27,600,10264,10864
406,2020-01-28,534,10258,10792
406,2020-01-29,466,10420,10886
406,2020-01-30,517,10677,11194
406,2020-01-31,503,10692,11195
406,2020-02-01,128,6986,7114
406,2020-02-02,22,4229,4251
406,2020-02-03,523,10466,10989
406,2020-02-04,541,10253,10794
406,2020-02-05,536,10497,11033
406,2020-02-06,543,10849,11392
406,2020-02-07,634,10640,11274
406,2020-02-08,152,7082,7234
406,2020-02-09,33,3177,3210
406,2020-02-10,362,7176,7538
406,2020-02-11,422,10322,10744
406,2020-02-12,533,11027,11560
406,2020-02-13,520,11336,11856
406,2020-02-14,500,11306,11806
406,2020-02-15,173,6803,6976
406,2020-02-16,30,3821,3851
406,2020-02-17,508,8965,9473
406,2020-02-18,499,9808,10307
406,2020-02-19,492,10003,10495
406,2020-02-20,479,9603,10082
406,2020-02-21,543,9864,10407
406,2020-02-22,174,6445,6619
406,2020-02-23,53,4200,4253
406,2020-02-24,451,10220,10671
406,2020-02-25,515,10964,11479
406,2020-02-26,559,11091,11650
406,2020-02-27,436,9683,10119
406,2020-02-28,459,10673,11132
406,2020-02-29,158,7248,7406
406,2020-03-01,39,4755,4794
406,2020-03-02,544,10807,11351
406,2020-03-03,552,11348,11900
406,2020-03-04,592,11249,11841
406,2020-03-05,528,11606,12134
406,2020-03-06,591,11642,12233
406,2020-03-07,181,7979,8160
406,2020-03-08,37,4743,4780
406,2020-03-09,567,10938,11505
406,2020-03-10,554,11368,11922
406,2020-03-11,568,11316,11884
406,2020-03-12,655,11258,11913
406,2020-03-13,593,10808,11401
406,2020-03-14,191,5386,5577
406,2020-03-15,50,3446,3496
406,2020-03-16,577,7630,8207
406,2020-03-17,510,6698,7208
406,2020-03-18,474,5572,6046
406,2020-03-19,381,4317,4698
406,2020-03-20,262,3841,4103
406,2020-03-21,93,1463,1556
406,2020-03-22,11,978,989
406,2020-03-23,181,2906,3087
406,2020-03-24,190,2890,3080
406,2020-03-25,197,2837,3034
406,2020-03-26,184,2869,3053
406,2020-03-27,214,3004,3218
406,2020-03-28,100,1930,2030
406,2020-03-30,220,3312,3532
406,2020-03-31,199,3072,3271
406,2020-04-01,228,3247,3475
406,2020-04-02,234,3214,3448
406,2020-04-03,229,3373,3602
406,2020-04-04,104,1857,1961
406,2020-04-05,14,1205,1219
406,2020-04-06,233,3489,3722
406,2020-04-07,224,3451,3675
406,2020-04-08,239,3793,4032
406,2020-04-09,205,3747,3952
406,2020-04-10,224,3713,3937
406,2020-04-11,82,2289,2371
406,2020-04-12,9,1207,1216
406,2020-04-13,17,1238,1255
406,2020-04-14,200,3703,3903
406,2020-04-15,232,3813,4045
406,2020-04-16,245,4004,4249
406,2020-04-17,277,4191,4468
406,2020-04-18,147,2435,2582
406,2020-04-19,18,1642,1660
406,2020-04-20,476,5622,6098
406,2020-04-21,523,5953,6476
406,2020-04-22,525,6186,6711
406,2020-04-23,722,6340,7062
406,2020-04-24,678,6631,7309
406,2020-04-25,155,4139,4294
406,2020-04-26,30,2511,2541
406,2020-04-27,791,6674,7465
406,2020-04-28,678,6723,7401
406,2020-04-29,709,6649,7358
406,2020-04-30,653,6897,7550
406,2020-05-01,48,1955,2003
406,2020-05-02,149,3937,4086
406,2020-05-03,17,2376,2393
406,2020-05-04,717,7421,8138
406,2020-05-05,609,7392,8001
406,2020-05-06,676,7716,8392
406,2020-05-07,789,7913,8702
406,2020-05-08,809,7942,8751
406,2020-05-09,49,2772,2821
406,2020-05-10,23,2353,2376
406,2020-05-11,712,8532,9244
406,2020-05-12,739,8897,9636
406,2020-05-13,699,8864,9563
406,2020-05-14,693,8841,9534
406,2020-05-15,677,9370,10047
406,2020-05-16,286,7016,7302
406,2020-05-17,64,4639,4703
406,2020-05-18,656,9177,9833
406,2020-05-19,723,9341,10064
406,2020-05-20,629,9722,10351
406,2020-05-21,48,4498,4546
406,2020-05-22,362,8494,8856
406,2020-05-23,178,6021,6199
406,2020-05-24,37,3889,3926
406,2020-05-25,527,9773,10300
406,2020-05-26,572,9940,10512
406,2020-05-27,612,10201,10813
406,2020-05-28,541,10042,10583
406,2020-05-29,538,10453,10991
406,2020-05-30,239,7238,7477
406,2020-05-31,40,4786,4826
406,2020-06-01,61,4480,4541
406,2020-06-02,570,10276,10846
406,2020-06-03,584,10046,10630
406,2020-06-04,639,9907,10546
406,2020-06-05,538,9903,10441
406,2020-06-06,210,6924,7134
406,2020-06-07,27,3976,4003
406,2020-06-08,637,9813,10450
406,2020-06-09,593,10291,10884
406,2020-06-10,545,10388,10933
406,2020-06-11,590,10810,11400
406,2020-06-12,581,10839,11420
406,2020-06-13,206,7096,7302
406,2020-06-14,44,4679,4723
406,2020-06-15,500,10099,10599
406,2020-06-16,570,10670,11240
406,2020-06-17,625,10755,11380
406,2020-06-18,597,10779,11376
406,2020-06-19,543,10829,11372
406,2020-06-20,262,8551,8813
406,2020-06-21,76,5513,5589
406,2020-06-22,370,8833,9203
406,2020-06-23,56,4789,4845
406,2020-06-24,556,10778,11334
406,2020-06-25,556,10809,11365
406,2020-06-26,501,10784,11285
406,2020-06-27,197,7503,7700
406,2020-06-28,63,4993,5056
406,2020-06-29,518,10624,11142
406,2020-06-30,553,11009,11562
406,2020-07-01,537,11130,11667
406,2020-07-02,573,10810,11383
406,2020-07-03,559,11463,12022
406,2020-07-04,245,7833,8078
406,2020-07-05,65,4584,4649
406,2020-07-06,562,10437,10999
406,2020-07-07,578,10859,11437
406,2020-07-08,589,11730,12319
406,2020-07-09,678,12578,13256
406,2020-07-10,519,11358,11877
406,2020-07-11,201,7942,8143
406,2020-07-12,81,5099,5180
406,2020-07-13,565,10433,10998
406,2020-07-14,624,10972,11596
406,2020-07-15,569,10567,11136
406,2020-07-16,593,9710,10303
406,2020-07-17,586,9363,9949
406,2020-07-18,211,6914,7125
406,2020-07-19,73,4945,5018
406,2020-07-20,548,10076,10624
406,2020-07-21,465,10083,10548
406,2020-07-22,478,10150,10628
406,2020-07-23,575,10332,10907
406,2020-07-24,514,10395,10909
406,2020-07-25,216,7888,8104
406,2020-07-26,46,4447,4493
406,2020-07-27,448,10160,10608
406,2020-07-28,462,10152,10614
406,2020-07-29,441,10678,11119
406,2020-07-30,411,10265,10676
406,2020-07-31,316,9688,10004
406,2020-08-01,125,6019,6144
406,2020-08-02,37,4057,4094
406,2020-08-03,298,8047,8345
406,2020-08-04,320,8369,8689
406,2020-08-05,294,8609,8903
406,2020-08-06,300,8359,8659
406,2020-08-07,281,8269,8550
406,2020-08-08,138,5407,5545
406,2020-08-09,39,3672,3711
406,2020-08-10,278,7330,7608
406,2020-08-11,297,7872,8169
406,2020-08-12,284,8215,8499
406,2020-08-13,332,8283,8615
406,2020-08-14,286,8108,8394
406,2020-08-15,53,3976,4029
406,2020-08-16,34,3693,3727
406,2020-08-17,253,7714,7967
406,2020-08-18,281,8137,8418
406,2020-08-19,320,8477,8797
406,2020-08-20,310,8312,8622
406,2020-08-21,309,8306,8615
406,2020-08-22,152,5859,6011
406,2020-08-23,42,3968,4010
406,2020-08-24,461,8366,8827
406,2020-08-25,596,9267,9863
406,2020-08-26,525,9107,9632
406,2020-08-27,542,9741,10283
406,2020-08-28,503,9600,10103
406,2020-08-29,178,6440,6618
406,2020-08-30,53,4491,4544
406,2020-08-31,530,9002,9532
406,2020-09-01,602,9404,10006
406,2020-09-02,696,10091,10787
406,2020-09-03,627,9860,10487
406,2020-09-04,619,9743,10362
406,2020-09-05,166,6543,6709
406,2020-09-06,45,4338,4383
406,2020-09-07,546,9450,9996
406,2020-09-08,660,9963,10623
406,2020-09-09,595,10639,11234
406,2020-09-10,700,10670,11370
406,2020-09-11,638,10658,11296
406,2020-09-12,168,7561,7729
406,2020-09-13,48,5398,5446
406,2020-09-14,547,10241,10788
406,2020-09-15,627,10451,11078
406,2020-09-16,597,10579,11176
406,2020-09-17,603,11038,11641
406,2020-09-18,637,11907,12544
406,2020-09-19,224,7925,8149
406,2020-09-20,73,5461,5534
406,2020-09-21,688,10527,11215
406,2020-09-22,679,11006,11685
406,2020-09-23,652,11456,12108
406,2020-09-24,651,11173,11824
406,2020-09-25,572,11057,11629
406,2020-09-26,200,7563,7763
406,2020-09-27,43,4366,4409
406,2020-09-28,474,10185,10659
406,2020-09-29,563,10568,11131
406,2020-09-30,493,10687,11180
406,2020-10-01,592,10914,11506
406,2020-10-02,557,11373,11930
406,2020-10-03,158,7722,7880
406,2020-10-04,26,4679,4705
406,2020-10-05,547,10650,11197
406,2020-10-06,536,10865,11401
406,2020-10-07,497,11056,11553
406,2020-10-08,581,11298,11879
406,2020-10-09,494,11169,11663
406,2020-10-10,193,7827,8020
406,2020-10-11,34,4931,4965
406,2020-10-12,516,10419,10935
406,2020-10-13,565,10798,11363
406,2020-10-14,617,11092,11709
406,2020-10-15,632,10882,11514
406,2020-10-16,518,10920,11438
406,2020-10-17,191,7474,7665
406,2020-10-18,60,4766,4826
406,2020-10-19,588,10220,10808
406,2020-10-20,592,11221,11813
406,2020-10-21,501,10896,11397
406,2020-10-22,554,10800,11354
406,2020-10-23,595,10604,11199
406,2020-10-24,183,7058,7241
406,2020-10-25,35,4325,4360
406,2020-10-26,600,9869,10469
406,2020-10-27,578,10256,10834
406,2020-10-28,576,10171,10747
406,2020-10-29,513,10334,10847
406,2020-10-30,490,10303,10793
406,2020-11-01,18,3154,3172
406,2020-11-02,454,8817,9271
406,2020-11-03,541,9579,10120
406,2020-11-04,602,9657,10259
406,2020-11-05,572,9644,10216
406,2020-11-06,595,9567,10162
406,2020-11-07,161,6750,6911
406,2020-11-08,35,4043,4078
406,2020-11-09,583,9799,10382
406,2020-11-10,591,10390,10981
406,2020-11-11,564,10269,10833
406,2020-11-12,552,10224,10776
406,2020-11-13,552,10246,10798
406,2020-11-14,163,7198,7361
406,2020-11-15,44,6983,7027
406,2020-11-16,298,8256,8554
406,2020-11-17,334,8726,9060
406,2020-11-18,482,9806,10288
406,2020-11-19,529,10110,10639
406,2020-11-20,546,10428,10974
406,2020-11-21,328,13022,13350
406,2020-11-22,94,6816,6910
406,2020-11-23,598,9568,10166
406,2020-11-24,586,9785,10371
406,2020-11-25,654,9899,10553
406,2020-11-26,523,9561,10084
406,2020-11-27,601,10059,10660
406,2020-11-28,176,6493,6669
406,2020-11-29,25,3992,4017
406,2020-11-30,586,9095,9681
406,2020-12-01,563,9403,9966
406,2020-12-02,546,9666,10212
406,2020-12-03,559,9889,10448
406,2020-12-04,522,10009,10531
406,2020-12-05,139,6301,6440
406,2020-12-06,25,3485,3510
406,2020-12-07,516,9315,9831
406,2020-12-08,536,9465,10001
406,2020-12-09,595,9615,10210
406,2020-12-10,608,9595,10203
406,2020-12-11,510,9644,10154
406,2020-12-12,144,6124,6268
406,2020-12-13,30,3531,3561
406,2020-12-14,473,9494,9967
406,2020-12-15,475,9818,10293
406,2020-12-16,488,9904,10392
407,2020-01-01,112,2871,2983
407,2020-01-02,533,12633,13166
407,2020-01-03,543,13918,14461
407,2020-01-04,342,12733,13075
407,2020-01-05,129,7273,7402
407,2020-01-06,670,14477,15147
407,2020-01-07,735,14488,15223
407,2020-01-08,641,14519,15160
407,2020-01-09,703,15705,16408
407,2020-01-10,677,16134,16811
407,2020-01-11,370,13619,13989
407,2020-01-12,141,4598,4739
407,2020-01-13,745,15386,16131
407,2020-01-14,783,15467,16250
407,2020-01-15,773,15041,15814
407,2020-01-16,761,15619,16380
407,2020-02-20,728,13682,14410
407,2020-02-21,739,15081,15820
407,2020-02-22,384,11831,12215
407,2020-02-23,116,3977,4093
407,2020-02-24,741,14104,14845
407,2020-02-25,764,14915,15679
407,2020-02-26,790,14526,15316
407,2020-02-27,543,10074,10617
407,2020-02-28,727,15802,16529
407,2020-02-29,401,13565,13966
407,2020-03-01,114,4558,4672
407,2020-03-02,726,15110,15836
407,2020-03-03,758,14613,15371
407,2020-03-04,800,14584,15384
407,2020-03-05,692,15115,15807
407,2020-03-06,792,16302,17094
407,2020-03-07,409,13411,13820
407,2020-03-08,135,4718,4853
407,2020-03-09,804,14594,15398
407,2020-03-10,805,14689,15494
407,2020-03-11,802,14609,15411
407,2020-03-12,795,14925,15720
407,2020-03-13,802,15321,16123
407,2020-03-14,402,9842,10244
407,2020-03-15,137,3358,3495
407,2020-03-16,691,9785,10476
407,2020-03-17,674,8181,8855
407,2020-03-18,685,6994,7679
407,2020-03-19,618,5537,6155
407,2020-03-20,596,5443,6039
407,2020-03-21,334,3220,3554
407,2020-03-22,109,1245,1354
407,2020-03-23,447,4574,5021
407,2020-03-24,442,4367,4809
407,2020-03-25,463,4395,4858
407,2020-03-26,431,4547,4978
407,2020-03-27,453,5265,5718
407,2020-03-28,281,3844,4125
407,2020-03-30,425,4469,4894
407,2020-03-31,438,4444,4882
407,2020-04-01,466,4703,5169
407,2020-04-02,433,4701,5134
407,2020-04-03,429,5491,5920
407,2020-04-04,245,3908,4153
407,2020-04-05,43,1378,1421
407,2020-04-06,400,4844,5244
407,2020-04-07,413,4888,5301
407,2020-04-08,424,5225,5649
407,2020-04-09,433,5803,6236
407,2020-04-10,415,6178,6593
407,2020-04-11,251,4404,4655
407,2020-04-12,40,1224,1264
407,2020-04-13,49,1278,1327
407,2020-04-14,411,5510,5921
407,2020-04-15,424,5465,5889
407,2020-04-16,404,5455,5859
407,2020-04-17,412,6359,6771
407,2020-04-18,243,4725,4968
407,2020-04-19,46,1540,1586
407,2020-04-20,529,6381,6910
407,2020-04-21,551,6862,7413
407,2020-04-22,561,7217,7778
407,2020-04-23,535,7395,7930
407,2020-04-24,576,8048,8624
407,2020-04-25,268,5974,6242
407,2020-04-26,45,2034,2079
407,2020-04-27,556,7502,8058
407,2020-04-28,543,7547,8090
407,2020-04-29,571,8235,8806
407,2020-04-30,570,9350,9920
407,2020-05-01,68,1843,1911
407,2020-05-02,258,7329,7587
407,2020-05-03,51,2134,2185
407,2020-05-04,699,8342,9041
407,2020-05-05,697,8355,9052
407,2020-05-06,674,8550,9224
407,2020-05-07,704,8805,9509
407,2020-05-08,657,9545,10202
407,2020-05-09,95,3358,3453
407,2020-05-13,725,11288,12013
407,2020-05-14,710,11485,12195
407,2020-05-15,724,12267,12991
407,2020-05-16,386,10067,10453
407,2020-05-17,81,3443,3524
407,2020-05-18,689,11095,11784
407,2020-05-19,766,12021,12787
407,2020-05-20,832,12819,13651
407,2020-05-21,68,3427,3495
407,2020-05-22,667,12910,13577
407,2020-05-23,354,10208,10562
407,2020-05-24,71,3259,3330
407,2020-05-25,794,12281,13075
407,2020-05-26,800,12385,13185
407,2020-05-27,819,12888,13707
407,2020-05-28,812,13263,14075
407,2020-05-29,843,14837,15680
407,2020-05-30,382,12102,12484
407,2020-05-31,127,3931,4058
407,2020-06-01,134,3504,3638
407,2020-06-02,749,14010,14759
407,2020-06-03,766,13205,13971
407,2020-06-04,741,14321,15062
407,2020-06-05,741,14429,15170
407,2020-06-06,372,13109,13481
407,2020-06-07,103,3758,3861
407,2020-06-08,742,12820,13562
407,2020-06-09,812,13314,14126
407,2020-06-10,799,13624,14423
407,2020-06-11,756,13845,14601
407,2020-06-12,777,14837,15614
407,2020-06-13,379,13239,13618
407,2020-06-16,644,14683,15327
407,2020-06-17,824,17254,18078
407,2020-06-18,867,18088,18955
407,2020-06-19,887,18826,19713
407,2020-06-20,414,16997,17411
407,2020-06-21,127,4114,4241
407,2020-06-22,763,17590,18353
407,2020-06-23,168,3866,4034
407,2020-06-24,916,17738,18654
407,2020-06-25,849,17977,18826
407,2020-06-26,890,18909,19799
407,2020-06-27,411,18808,19219
407,2020-06-28,131,8888,9019
407,2020-06-29,868,18364,19232
407,2020-06-30,886,18495,19381
407,2020-07-01,909,18406,19315
407,2020-07-02,864,18983,19847
407,2020-07-03,881,19820,20701
407,2020-07-06,823,17652,18475
407,2020-07-07,850,17624,18474
407,2020-07-08,877,16613,17490
407,2020-07-09,770,14481,15251
407,2020-07-10,802,15478,16280
407,2020-07-11,406,13901,14307
407,2020-07-12,125,4380,4505
407,2020-07-13,833,13871,14704
407,2020-07-14,787,14037,14824
407,2020-07-15,814,13791,14605
407,2020-07-16,779,14093,14872
407,2020-07-17,748,14961,15709
407,2020-07-18,426,14202,14628
407,2020-07-19,121,5260,5381
407,2020-07-20,752,13360,14112
407,2020-07-21,719,13522,14241
407,2020-07-22,763,13006,13769
407,2020-07-23,775,13370,14145
407,2020-07-24,757,13881,14638
407,2020-07-25,417,11374,11791
407,2020-07-26,142,3726,3868
407,2020-07-27,761,12902,13663
407,2020-07-28,766,12879,13645
407,2020-07-29,815,13032,13847
407,2020-07-30,720,12814,13534
407,2020-07-31,702,13021,13723
407,2020-08-01,358,10204,10562
407,2020-08-02,108,3611,3719
407,2020-08-03,666,11763,12429
407,2020-08-04,677,11692,12369
407,2020-08-05,645,11462,12107
407,2020-08-06,652,11522,12174
407,2020-08-07,631,12059,12690
407,2020-08-08,361,9912,10273
407,2020-08-09,136,3377,3513
407,2020-08-10,621,11138,11759
407,2020-08-11,652,11284,11936
407,2020-08-12,630,11487,12117
407,2020-08-13,692,11648,12340
407,2020-08-14,658,13236,13894
407,2020-08-15,147,3830,3977
407,2020-08-16,129,3669,3798
407,2020-08-17,626,11634,12260
407,2020-08-18,672,11384,12056
407,2020-08-19,677,11563,12240
407,2020-08-20,626,11523,12149
407,2020-08-21,611,11916,12527
407,2020-08-22,420,10363,10783
407,2020-08-23,168,3925,4093
407,2020-08-24,733,11906,12639
407,2020-08-25,780,12173,12953
407,2020-08-26,755,12213,12968
407,2020-08-27,740,13456,14196
407,2020-08-28,752,14271,15023
407,2020-08-29,398,11694,12092
407,2020-08-30,142,7289,7431
407,2020-08-31,771,13685,14456
407,2020-09-01,814,13007,13821
407,2020-09-02,793,13102,13895
407,2020-09-03,806,13201,14007
407,2020-09-04,886,13567,14453
407,2020-09-05,497,11254,11751
407,2020-09-06,210,4255,4465
407,2020-09-07,846,13317,14163
407,2020-09-08,845,13377,14222
407,2020-09-09,813,13339,14152
407,2020-09-10,831,14006,14837
407,2020-09-11,799,14219,15018
407,2020-09-12,420,11956,12376
407,2020-09-13,165,4580,4745
407,2020-09-14,776,13375,14151
407,2020-09-15,808,13682,14490
407,2020-09-16,807,13888,14695
407,2020-09-17,868,14179,15047
407,2020-09-18,797,14764,15561
407,2020-09-19,436,12245,12681
407,2020-09-20,142,4511,4653
407,2020-09-21,832,13766,14598
407,2020-09-22,839,13590,14429
407,2020-09-23,817,13834,14651
407,2020-09-24,837,14603,15440
407,2020-09-25,836,15340,16176
407,2020-09-26,452,13455,13907
407,2020-09-27,136,3862,3998
407,2020-09-28,780,13721,14501
407,2020-09-29,829,14065,14894
407,2020-09-30,764,14224,14988
407,2020-10-01,828,14961,15789
407,2020-10-02,769,15249,16018
407,2020-10-03,397,13944,14341
407,2020-10-04,159,4432,4591
407,2020-10-05,731,13473,14204
407,2020-10-06,761,13733,14494
407,2020-10-07,809,14360,15169
407,2020-10-08,787,14336,15123
407,2020-10-09,808,14944,15752
407,2020-10-10,415,14218,14633
407,2020-10-11,144,4932,5076
407,2020-10-12,804,13666,14470
407,2020-10-13,856,13921,14777
407,2020-10-14,837,14250,15087
407,2020-10-15,818,14452,15270
407,2020-10-16,797,15261,16058
407,2020-10-17,426,13199,13625
407,2020-10-18,190,4425,4615
407,2020-10-19,794,13349,14143
407,2020-10-20,809,13939,14748
407,2020-10-21,773,13462,14235
407,2020-10-22,778,13527,14305
407,2020-10-23,751,14744,15495
407,2020-10-24,430,12311,12741
407,2020-10-25,124,6546,6670
407,2020-10-26,785,12543,13328
407,2020-10-27,817,12783,13600
407,2020-10-28,747,13073,13820
407,2020-10-29,831,13333,14164
407,2020-10-30,846,13779,14625
407,2020-11-01,128,3097,3225
407,2020-11-02,769,12124,12893
407,2020-11-03,777,12974,13751
407,2020-11-04,818,12825,13643
407,2020-11-05,790,12628,13418
407,2020-11-06,810,13690,14500
407,2020-11-07,405,11602,12007
407,2020-11-08,162,3742,3904
407,2020-11-09,796,12411,13207
407,2020-11-10,829,13376,14205
407,2020-11-11,837,13715,14552
407,2020-11-12,814,13594,14408
407,2020-11-13,786,14949,15735
407,2020-11-14,438,12675,13113
407,2020-11-15,152,3574,3726
407,2020-11-16,803,13057,13860
407,2020-11-17,844,13624,14468
407,2020-11-18,869,13619,14488
407,2020-11-19,764,14086,14850
407,2020-11-20,762,15295,16057
407,2020-11-21,390,13185,13575
407,2020-11-22,126,3705,3831
407,2020-11-23,731,13212,13943
407,2020-11-24,797,13611,14408
407,2020-11-25,781,13836,14617
407,2020-11-26,769,13178,13947
407,2020-11-27,762,15469,16231
407,2020-11-28,414,12188,12602
407,2020-11-29,120,6351,6471
407,2020-11-30,855,12356,13211
407,2020-12-01,796,12508,13304
407,2020-12-02,886,14586,15472
407,2020-12-03,763,12670,13433
407,2020-12-04,828,13968,14796
407,2020-12-05,385,11525,11910
407,2020-12-06,108,5428,5536
407,2020-12-07,794,11742,12536
407,2020-12-08,806,12192,12998
407,2020-12-09,820,12519,13339
407,2020-12-10,839,13032,13871
407,2020-12-11,736,13455,14191
407,2020-12-12,361,11052,11413
407,2020-12-13,104,5529,5633
407,2020-12-14,807,12799,13606
407,2020-12-15,720,13187,13907
407,2020-12-16,812,13517,14329
407,2020-12-17,749,13869,14618
407,2020-12-18,747,14966,15713
407,2020-12-19,367,11875,12242
407,2020-12-20,108,6415,6523
407,2020-12-21,626,14598,15224
407,2020-12-22,606,14487,15093
407,2020-12-23,553,14060,14613
407,2020-12-24,505,11492,11997
407,2020-12-25,89,2393,2482
407,2020-12-26,108,2676,2784
407,2020-12-27,97,2601,2698
407,2020-12-28,521,7147,7668
407,2020-12-29,572,7591,8163
407,2020-12-30,540,8875,9415
407,2020-12-31,413,6274,6687
413,2020-01-01,106,3918,4024
413,2020-01-02,527,12082,12609
413,2020-01-03,527,13559,14086
413,2020-01-04,361,12340,12701
413,2020-01-05,74,7742,7816
413,2020-01-06,729,14907,15636
413,2020-01-07,714,15535,16249
413,2020-01-08,635,14674,15309
413,2020-01-09,675,15660,16335
413,2020-01-10,649,16509,17158
413,2020-01-11,367,14264,14631
413,2020-01-12,85,6441,6526
413,2020-01-13,691,15056,15747
413,2020-01-14,716,16276,16992
413,2020-01-15,727,15608,16335
413,2020-01-16,713,16310,17023
413,2020-01-17,700,16380,17080
413,2020-01-18,423,14175,14598
413,2020-01-19,80,6161,6241
413,2020-01-20,706,14839,15545
413,2020-01-21,721,15949,16670
413,2020-01-22,722,15445,16167
413,2020-01-23,751,16362,17113
413,2020-01-24,754,17345,18099
413,2020-01-25,395,14184,14579
413,2020-01-26,84,6437,6521
413,2020-01-27,685,14798,15483
413,2020-01-28,824,16092,16916
413,2020-01-29,668,15341,16009
413,2020-01-30,732,15971,16703
413,2020-01-31,684,16896,17580
413,2020-02-01,390,14139,14529
413,2020-02-02,91,6043,6134
413,2020-02-03,684,15112,15796
413,2020-02-04,748,16264,17012
413,2020-02-05,758,15629,16387
413,2020-02-06,742,16322,17064
413,2020-02-07,735,17054,17789
413,2020-02-08,379,14250,14629
413,2020-02-09,124,5861,5985
413,2020-02-10,778,14510,15288
413,2020-02-11,751,16055,16806
413,2020-02-12,687,15869,16556
413,2020-02-13,725,16593,17318
413,2020-02-14,712,17406,18118
413,2020-02-15,379,13930,14309
413,2020-02-16,83,4882,4965
413,2020-02-17,601,12316,12917
413,2020-02-18,610,12880,13490
413,2020-02-19,600,12989,13589
413,2020-02-20,607,12927,13534
413,2020-02-21,631,14530,15161
413,2020-02-22,383,12281,12664
413,2020-02-23,80,5438,5518
413,2020-02-24,698,15588,16286
413,2020-02-25,712,16415,17127
413,2020-02-26,850,16308,17158
413,2020-02-27,646,14235,14881
413,2020-02-28,744,17755,18499
413,2020-02-29,426,14227,14653
413,2020-03-01,113,6531,6644
413,2020-03-02,706,15513,16219
413,2020-03-03,704,16266,16970
413,2020-03-04,703,15654,16357
413,2020-03-05,643,15775,16418
413,2020-03-06,721,17025,17746
413,2020-03-07,411,14573,14984
413,2020-03-08,91,6745,6836
413,2020-03-09,721,14899,15620
413,2020-03-10,693,15633,16326
413,2020-03-11,701,15823,16524
413,2020-03-12,733,15915,16648
413,2020-03-13,760,15696,16456
413,2020-03-14,499,10351,10850
413,2020-03-15,126,4734,4860
413,2020-03-16,661,9392,10053
413,2020-03-17,664,7885,8549
413,2020-03-18,640,6654,7294
413,2020-03-19,564,5293,5857
413,2020-03-20,535,5365,5900
413,2020-03-21,331,3321,3652
413,2020-03-22,9,1603,1612
413,2020-03-23,472,4613,5085
413,2020-03-24,476,4521,4997
413,2020-03-25,480,4499,4979
413,2020-03-26,473,4648,5121
413,2020-03-27,502,5256,5758
413,2020-03-28,376,4007,4383
413,2020-03-30,497,4651,5148
413,2020-03-31,467,4668,5135
413,2020-04-01,474,4770,5244
413,2020-04-02,504,4931,5435
413,2020-04-03,485,5491,5976
413,2020-04-04,354,4311,4665
413,2020-04-05,9,1802,1811
413,2020-04-06,490,5082,5572
413,2020-04-07,516,5384,5900
413,2020-04-08,496,5466,5962
413,2020-04-09,529,5957,6486
413,2020-04-10,505,6505,7010
413,2020-04-11,348,4965,5313
413,2020-04-12,5,2006,2011
413,2020-04-13,18,1714,1732
413,2020-04-14,492,5900,6392
413,2020-04-15,496,5590,6086
413,2020-04-16,509,5832,6341
413,2020-04-17,490,6478,6968
413,2020-04-18,330,4956,5286
413,2020-04-19,8,2410,2418
413,2020-04-20,545,6781,7326
413,2020-04-21,564,7429,7993
413,2020-04-22,596,7421,8017
413,2020-04-23,583,7738,8321
413,2020-04-24,585,8769,9354
413,2020-04-25,369,7130,7499
413,2020-04-26,25,3082,3107
413,2020-04-27,607,7732,8339
413,2020-04-28,620,8171,8791
413,2020-04-29,631,8718,9349
413,2020-04-30,619,9411,10030
413,2020-05-01,40,2735,2775
413,2020-05-02,354,8542,8896
413,2020-05-03,11,3184,3195
413,2020-05-04,730,8843,9573
413,2020-05-05,707,9114,9821
413,2020-05-06,694,9131,9825
413,2020-05-07,716,9540,10256
413,2020-05-15,691,12368,13059
413,2020-05-16,387,10831,11218
413,2020-05-17,75,4908,4983
413,2020-05-18,675,11409,12084
413,2020-05-19,718,12548,13266
413,2020-05-20,760,13465,14225
413,2020-05-21,80,4941,5021
413,2020-05-22,659,14221,14880
413,2020-05-23,373,12141,12514
413,2020-05-24,67,5278,5345
413,2020-05-25,714,12267,12981
413,2020-05-26,714,13019,13733
413,2020-05-27,764,13167,13931
413,2020-05-28,750,13254,14004
413,2020-05-29,707,14695,15402
413,2020-05-30,411,12749,13160
413,2020-05-31,85,5512,5597
413,2020-06-01,96,5329,5425
413,2020-06-02,676,13737,14413
413,2020-06-03,682,13673,14355
413,2020-06-04,652,13554,14206
413,2020-06-05,607,14022,14629
413,2020-06-06,394,12618,13012
413,2020-06-07,70,5501,5571
413,2020-06-08,723,12897,13620
413,2020-06-09,721,14001,14722
413,2020-06-10,757,14043,14800
413,2020-06-11,690,14527,15217
413,2020-06-12,708,15290,15998
413,2020-06-13,367,13845,14212
413,2020-06-14,66,6379,6445
413,2020-06-15,671,13786,14457
413,2020-06-16,713,14455,15168
413,2020-06-17,692,14464,15156
413,2020-06-18,689,14682,15371
413,2020-06-19,697,15923,16620
413,2020-06-20,411,12990,13401
413,2020-06-21,97,6008,6105
413,2020-06-22,677,14573,15250
413,2020-06-23,121,5871,5992
413,2020-06-24,743,14827,15570
413,2020-06-25,742,14776,15518
413,2020-06-26,674,15532,16206
413,2020-06-27,388,14184,14572
413,2020-06-28,96,7682,7778
413,2020-06-29,801,16630,17431
413,2020-06-30,824,15550,16374
413,2020-07-01,854,15348,16202
413,2020-07-02,745,15920,16665
413,2020-07-03,708,16499,17207
413,2020-07-04,414,13304,13718
413,2020-07-05,77,6015,6092
413,2020-07-06,674,13873,14547
413,2020-07-07,660,14232,14892
413,2020-07-08,716,14365,15081
413,2020-07-09,699,14369,15068
413,2020-07-10,699,15295,15994
413,2020-07-11,415,13158,13573
413,2020-07-12,122,6092,6214
413,2020-07-13,771,13964,14735
413,2020-07-14,783,14750,15533
413,2020-07-15,709,14715,15424
413,2020-07-16,751,14795,15546
413,2020-07-17,781,15242,16023
413,2020-07-18,465,12485,12950
413,2020-07-19,134,6554,6688
413,2020-07-20,697,13986,14683
413,2020-07-21,765,15115,15880
413,2020-07-22,857,15037,15894
413,2020-07-23,717,14577,15294
413,2020-07-24,754,14780,15534
413,2020-07-25,449,12563,13012
413,2020-07-26,117,5782,5899
413,2020-07-27,648,12520,13168
413,2020-07-28,657,12682,13339
413,2020-07-29,643,12983,13626
413,2020-07-30,640,13133,13773
413,2020-07-31,615,13086,13701
413,2020-08-01,426,11366,11792
413,2020-08-02,135,5594,5729
413,2020-08-03,572,12474,13046
413,2020-08-04,596,12513,13109
413,2020-08-05,580,12504,13084
413,2020-08-06,594,12645,13239
413,2020-08-07,585,13191,13776
413,2020-08-08,432,11024,11456
413,2020-08-09,121,4935,5056
413,2020-08-10,569,12084,12653
413,2020-08-11,560,12311,12871
413,2020-08-12,563,12020,12583
413,2020-08-13,583,12503,13086
413,2020-08-14,568,13755,14323
413,2020-08-15,81,5522,5603
413,2020-08-16,78,5221,5299
413,2020-08-17,550,12796,13346
413,2020-08-18,557,12590,13147
413,2020-08-19,570,12638,13208
413,2020-08-20,574,13150,13724
413,2020-08-21,571,13369,13940
413,2020-08-22,385,12013,12398
413,2020-08-23,89,6275,6364
413,2020-08-24,607,12660,13267
413,2020-08-25,611,13009,13620
413,2020-08-26,632,13316,13948
413,2020-08-27,679,14244,14923
413,2020-08-28,648,14874,15522
413,2020-08-29,400,13071,13471
413,2020-08-30,87,8785,8872
413,2020-08-31,577,14444,15021
413,2020-09-01,653,14322,14975
413,2020-09-02,682,14498,15180
413,2020-09-03,668,13939,14607
413,2020-09-04,659,14568,15227
413,2020-09-05,387,12079,12466
413,2020-09-06,95,5865,5960
413,2020-09-07,639,13875,14514
413,2020-09-08,651,14326,14977
413,2020-09-09,670,14352,15022
413,2020-09-10,682,14516,15198
413,2020-09-11,667,15425,16092
413,2020-09-12,383,13044,13427
413,2020-09-13,126,6614,6740
413,2020-09-14,649,14567,15216
413,2020-09-15,692,15385,16077
413,2020-09-16,696,15054,15750
413,2020-09-17,766,16021,16787
413,2020-09-18,747,16250,16997
413,2020-09-19,402,13520,13922
413,2020-09-20,114,6534,6648
413,2020-09-21,719,14615,15334
413,2020-09-22,681,15512,16193
413,2020-09-23,758,15221,15979
413,2020-09-24,747,15710,16457
413,2020-09-25,719,16703,17422
413,2020-09-26,388,14738,15126
413,2020-09-27,137,6019,6156
413,2020-09-28,712,14774,15486
413,2020-09-29,733,15536,16269
413,2020-09-30,712,15332,16044
413,2020-10-01,735,15132,15867
413,2020-10-02,741,16161,16902
413,2020-10-03,395,14920,15315
413,2020-10-04,575,13534,14109
413,2020-10-05,708,14377,15085
413,2020-10-06,729,15144,15873
413,2020-10-07,719,14988,15707
413,2020-10-08,711,15240,15951
413,2020-10-09,670,16303,16973
413,2020-10-10,379,14361,14740
413,2020-10-11,296,9602,9898
413,2020-10-12,732,14524,15256
413,2020-10-13,741,15220,15961
413,2020-10-14,728,15028,15756
413,2020-10-15,718,15294,16012
413,2020-10-16,732,16279,17011
413,2020-10-17,375,13624,13999
413,2020-10-18,110,6017,6127
413,2020-10-19,828,14474,15302
413,2020-10-20,723,15045,15768
413,2020-10-21,722,14698,15420
413,2020-10-22,712,15246,15958
413,2020-10-23,698,16106,16804
413,2020-10-24,383,13171,13554
413,2020-10-25,100,7273,7373
413,2020-10-26,721,13722,14443
413,2020-10-27,755,14337,15092
413,2020-10-28,739,14460,15199
413,2020-10-29,740,14919,15659
413,2020-10-30,737,15826,16563
413,2020-11-01,121,4819,4940
413,2020-11-02,647,12620,13267
413,2020-11-03,724,13113,13837
413,2020-11-04,718,13342,14060
413,2020-11-05,695,13261,13956
413,2020-11-06,696,14451,15147
413,2020-11-07,420,12535,12955
413,2020-11-08,158,6604,6762
413,2020-11-09,724,13311,14035
413,2020-11-10,714,14943,15657
413,2020-11-11,653,15713,16366
413,2020-11-12,706,15384,16090
413,2020-11-13,732,16193,16925
413,2020-11-14,378,14189,14567
413,2020-11-15,100,5327,5427
413,2020-11-16,702,14460,15162
413,2020-11-17,726,15240,15966
413,2020-11-18,754,15027,15781
413,2020-11-19,678,15361,16039
413,2020-11-20,746,16697,17443
413,2020-11-21,383,14964,15347
413,2020-11-22,103,5437,5540
413,2020-11-23,700,14342,15042
413,2020-11-24,708,15086,15794
413,2020-11-25,724,15212,15936
413,2020-11-26,783,14573,15356
413,2020-11-27,728,14903,15631
413,2020-11-28,371,13446,13817
413,2020-11-29,105,7197,7302
413,2020-11-30,734,13863,14597
413,2020-12-01,684,13997,14681
413,2020-12-02,760,14074,14834
413,2020-12-03,736,14846,15582
413,2020-12-04,747,15567,16314
413,2020-12-05,367,13092,13459
413,2020-12-06,99,6771,6870
413,2020-12-07,743,13485,14228
413,2020-12-08,718,13941,14659
413,2020-12-09,716,14003,14719
413,2020-12-10,725,14691,15416
413,2020-12-11,706,15311,16017
413,2020-12-12,345,12199,12544
413,2020-12-13,100,6767,6867
413,2020-12-14,738,13671,14409
413,2020-12-15,683,14375,15058
413,2020-12-16,694,15021,15715
413,2020-12-17,723,15270,15993
413,2020-12-18,692,16377,17069
413,2020-12-19,356,12770,13126
413,2020-12-20,90,7355,7445
413,2020-12-21,524,14608,15132
413,2020-12-22,543,14921,15464
413,2020-12-23,538,14628,15166
413,2020-12-24,463,11611,12074
413,2020-12-25,85,3371,3456
413,2020-12-26,117,3942,4059
413,2020-12-27,127,3516,3643
413,2020-12-28,532,8015,8547
413,2020-12-29,487,8313,8800
413,2020-12-30,523,9673,10196
413,2020-12-31,492,7722,8214
414,2020-01-01,39,2479,2518
414,2020-01-02,329,4940,5269
414,2020-01-03,381,5613,5994
414,2020-01-04,238,4651,4889
414,2020-01-05,50,3393,3443
414,2020-01-06,479,6629,7108
414,2020-01-07,532,6776,7308
414,2020-01-08,506,6855,7361
414,2020-01-09,467,7016,7483
414,2020-01-10,530,7288,7818
414,2020-01-11,231,5477,5708
414,2020-01-12,50,3472,3522
414,2020-01-13,663,7467,8130
414,2020-01-14,762,7893,8655
414,2020-01-15,774,7819,8593
414,2020-01-16,741,7876,8617
414,2020-01-17,792,7895,8687
414,2020-01-18,267,5806,6073
414,2020-01-19,68,3754,3822
414,2020-01-20,772,7542,8314
414,2020-01-21,899,7806,8705
414,2020-01-22,969,7727,8696
414,2020-01-23,937,7929,8866
414,2020-01-24,871,8052,8923
414,2020-01-25,282,5678,5960
414,2020-01-26,60,3729,3789
414,2020-01-27,766,7354,8120
414,2020-01-28,760,7758,8518
414,2020-01-29,706,7658,8364
414,2020-01-30,851,7876,8727
414,2020-01-31,702,7959,8661
414,2020-02-01,266,5677,5943
414,2020-02-02,39,3596,3635
414,2020-02-03,767,7627,8394
414,2020-02-04,761,8349,9110
414,2020-02-05,738,7922,8660
414,2020-02-06,747,7984,8731
414,2020-02-07,888,7995,8883
414,2020-02-08,289,6076,6365
414,2020-02-09,60,3402,3462
414,2020-02-10,630,9128,9758
414,2020-02-11,658,7515,8173
414,2020-02-12,672,7702,8374
414,2020-02-13,762,7845,8607
414,2020-02-14,741,7841,8582
414,2020-02-15,308,5214,5522
414,2020-02-16,46,3142,3188
414,2020-02-17,668,6574,7242
414,2020-02-18,646,6658,7304
414,2020-02-19,687,6908,7595
414,2020-02-20,704,6635,7339
414,2020-02-21,729,6811,7540
414,2020-02-22,313,4920,5233
414,2020-02-23,68,3302,3370
414,2020-02-24,679,7886,8565
414,2020-02-25,782,8168,8950
414,2020-02-26,800,8014,8814
414,2020-02-27,682,7617,8299
414,2020-02-28,687,8506,9193
414,2020-02-29,275,5797,6072
414,2020-03-01,50,4116,4166
414,2020-03-02,780,7506,8286
414,2020-03-03,765,7850,8615
414,2020-03-04,811,7846,8657
414,2020-03-05,719,7960,8679
414,2020-03-06,773,8033,8806
414,2020-03-07,319,6148,6467
414,2020-03-08,62,4098,4160
414,2020-03-09,803,7635,8438
414,2020-03-10,737,7537,8274
414,2020-03-11,739,7645,8384
414,2020-03-12,816,7631,8447
414,2020-03-13,811,7722,8533
414,2020-03-14,303,4828,5131
414,2020-03-15,46,3031,3077
414,2020-03-16,746,5648,6394
414,2020-03-17,721,5040,5761
414,2020-03-18,679,4373,5052
414,2020-03-19,498,3261,3759
414,2020-03-20,399,2933,3332
414,2020-03-21,208,1463,1671
414,2020-03-22,18,942,960
414,2020-03-23,293,2307,2600
414,2020-03-24,328,2274,2602
414,2020-03-25,328,2310,2638
414,2020-03-26,305,2345,2650
414,2020-03-27,343,2497,2840
414,2020-03-28,219,1706,1925
414,2020-03-30,351,2533,2884
414,2020-03-31,362,2414,2776
414,2020-04-01,382,2554,2936
414,2020-04-02,380,2562,2942
414,2020-04-03,385,2650,3035
414,2020-04-04,232,1731,1963
414,2020-04-05,25,1055,1080
414,2020-04-06,351,2679,3030
414,2020-04-07,339,2730,3069
414,2020-04-08,361,2863,3224
414,2020-04-09,375,2878,3253
414,2020-04-10,355,3005,3360
414,2020-04-11,192,2051,2243
414,2020-04-12,14,1152,1166
414,2020-04-13,23,1118,1141
414,2020-04-14,334,2881,3215
414,2020-04-15,387,2948,3335
414,2020-04-16,369,3120,3489
414,2020-04-17,386,3376,3762
414,2020-04-18,247,2230,2477
414,2020-04-19,19,1467,1486
414,2020-04-20,636,4720,5356
414,2020-04-21,742,4702,5444
414,2020-04-22,683,4967,5650
414,2020-04-23,853,5076,5929
414,2020-04-24,864,5296,6160
414,2020-04-25,279,3854,4133
414,2020-04-26,108,2085,2193
414,2020-04-27,969,5270,6239
414,2020-04-28,866,5127,5993
414,2020-04-29,925,5207,6132
414,2020-04-30,866,5643,6509
414,2020-05-01,63,1741,1804
414,2020-05-02,262,3851,4113
414,2020-05-03,19,2048,2067
414,2020-05-04,981,5648,6629
414,2020-05-05,855,5719,6574
414,2020-05-06,868,5995,6863
414,2020-05-07,982,6050,7032
414,2020-05-08,1030,6244,7274
414,2020-05-09,109,2476,2585
414,2020-05-10,47,1994,2041
414,2020-05-11,905,6556,7461
414,2020-05-12,956,6568,7524
414,2020-05-13,891,6714,7605
414,2020-05-14,910,6601,7511
414,2020-05-15,863,7197,8060
414,2020-05-16,473,5530,6003
414,2020-05-17,78,3468,3546
414,2020-05-18,875,6683,7558
414,2020-05-19,928,6737,7665
414,2020-05-20,823,7288,8111
414,2020-05-21,85,3435,3520
414,2020-05-22,545,6908,7453
414,2020-05-23,299,5446,5745
414,2020-05-24,60,3263,3323
414,2020-05-25,717,7260,7977
414,2020-05-26,755,7203,7958
414,2020-05-27,804,7456,8260
414,2020-05-28,840,7363,8203
414,2020-05-29,819,7797,8616
414,2020-05-30,346,5975,6321
414,2020-05-31,79,3745,3824
414,2020-06-01,107,3569,3676
414,2020-06-02,838,7463,8301
414,2020-06-03,816,7721,8537
414,2020-06-04,761,7413,8174
414,2020-06-05,759,7647,8406
414,2020-06-06,329,5544,5873
414,2020-06-07,66,3444,3510
414,2020-06-08,814,7273,8087
414,2020-06-09,830,7300,8130
414,2020-06-10,786,8012,8798
414,2020-06-11,808,7729,8537
414,2020-06-12,852,8193,9045
414,2020-06-13,312,5843,6155
414,2020-06-14,51,3970,4021
414,2020-06-15,771,7559,8330
414,2020-06-16,869,7808,8677
414,2020-06-17,854,7579,8433
414,2020-06-18,825,7898,8723
414,2020-06-19,791,8187,8978
414,2020-06-20,379,6021,6400
414,2020-06-21,95,3959,4054
414,2020-06-22,577,6913,7490
414,2020-06-23,98,4052,4150
414,2020-06-24,861,7833,8694
414,2020-06-25,817,7751,8568
414,2020-06-26,805,7817,8622
414,2020-06-27,334,5793,6127
414,2020-06-28,69,3876,3945
414,2020-06-29,826,7833,8659
414,2020-06-30,911,7816,8727
414,2020-07-01,794,7877,8671
414,2020-07-02,864,7829,8693
414,2020-07-03,794,8099,8893
414,2020-07-04,380,6124,6504
414,2020-07-05,81,3792,3873
414,2020-07-06,795,7724,8519
414,2020-07-07,848,7955,8803
414,2020-07-08,879,8176,9055
414,2020-07-09,923,8095,9018
414,2020-07-10,789,8191,8980
414,2020-07-11,303,6444,6747
414,2020-07-12,97,4047,4144
414,2020-07-13,769,7786,8555
414,2020-07-14,816,7928,8744
414,2020-07-15,812,7941,8753
414,2020-07-16,801,8544,9345
414,2020-07-17,819,8851,9670
414,2020-07-18,326,6713,7039
414,2020-07-19,92,4646,4738
414,2020-07-20,628,7296,7924
414,2020-07-21,138,1469,1607
414,2020-07-22,36,297,333
414,2020-07-23,669,6711,7380
414,2020-07-24,681,7365,8046
414,2020-07-25,315,5745,6060
414,2020-07-26,69,3548,3617
414,2020-07-27,661,7146,7807
414,2020-07-28,652,7090,7742
414,2020-07-29,634,7665,8299
414,2020-07-30,589,7362,7951
414,2020-07-31,528,7184,7712
414,2020-08-01,250,6688,6938
414,2020-08-02,85,4546,4631
414,2020-08-03,478,7491,7969
414,2020-08-04,513,7754,8267
414,2020-08-05,528,7790,8318
414,2020-08-06,495,7816,8311
414,2020-08-07,491,7840,8331
414,2020-08-08,283,6319,6602
414,2020-08-09,81,4031,4112
414,2020-08-10,488,7156,7644
414,2020-08-11,504,7635,8139
414,2020-08-12,458,7871,8329
414,2020-08-13,520,7824,8344
414,2020-08-14,513,7856,8369
414,2020-08-15,80,4415,4495
414,2020-08-16,58,4070,4128
414,2020-08-17,465,7584,8049
414,2020-08-18,474,7666,8140
414,2020-08-19,495,7773,8268
414,2020-08-20,497,7775,8272
414,2020-08-21,513,7862,8375
414,2020-08-22,292,6803,7095
414,2020-08-23,62,4329,4391
414,2020-08-24,653,7838,8491
414,2020-08-25,786,8325,9111
414,2020-08-26,687,8238,8925
414,2020-08-27,748,8613,9361
414,2020-08-28,739,8765,9504
414,2020-08-29,319,7043,7362
414,2020-08-30,97,5102,5199
414,2020-08-31,741,7387,8128
414,2020-09-01,793,7397,8190
414,2020-09-02,873,7418,8291
414,2020-09-03,871,7319,8190
414,2020-09-04,883,7600,8483
414,2020-09-05,303,5549,5852
414,2020-09-06,82,3774,3856
414,2020-09-07,744,7365,8109
414,2020-09-08,817,7533,8350
414,2020-09-09,803,7750,8553
414,2020-09-10,840,7895,8735
414,2020-09-11,869,7788,8657
414,2020-09-12,349,6049,6398
414,2020-09-13,90,4558,4648
414,2020-09-14,756,7727,8483
414,2020-09-15,812,8479,9291
414,2020-09-16,796,8305,9101
414,2020-09-17,871,9204,10075
414,2020-09-18,874,8899,9773
414,2020-09-19,328,6642,6970
414,2020-09-20,96,4466,4562
414,2020-09-21,934,8151,9085
414,2020-09-22,843,8456,9299
414,2020-09-23,888,8524,9412
414,2020-09-24,915,8398,9313
414,2020-09-25,859,8319,9178
414,2020-09-26,322,6196,6518
414,2020-09-27,66,3922,3988
414,2020-09-28,763,7764,8527
414,2020-09-29,871,8117,8988
414,2020-09-30,787,8118,8905
414,2020-10-01,830,8285,9115
414,2020-10-02,845,8250,9095
414,2020-10-03,260,6342,6602
414,2020-10-04,68,4297,4365
414,2020-10-05,788,7605,8393
414,2020-10-06,734,8090,8824
414,2020-10-07,748,7963,8711
414,2020-10-08,771,8267,9038
414,2020-10-09,699,8117,8816
414,2020-10-10,322,6670,6992
414,2020-10-11,61,4584,4645
414,2020-10-12,768,7894,8662
414,2020-10-13,832,8206,9038
414,2020-10-22,796,7893,8689
414,2020-10-23,842,8134,8976
414,2020-10-24,289,5853,6142
414,2020-10-25,58,3354,3412
414,2020-10-26,765,7469,8234
414,2020-10-27,806,7615,8421
414,2020-10-28,850,7630,8480
414,2020-10-29,778,7796,8574
414,2020-10-30,773,7958,8731
414,2020-11-01,37,2805,2842
414,2020-11-02,727,7015,7742
414,2020-11-03,734,7144,7878
414,2020-11-04,852,7256,8108
414,2020-11-05,801,7453,8254
414,2020-11-06,855,7791,8646
414,2020-11-07,313,5714,6027
414,2020-11-08,60,3397,3457
414,2020-11-09,856,7462,8318
414,2020-11-10,829,7779,8608
414,2020-11-11,825,7571,8396
414,2020-11-12,779,7694,8473
414,2020-11-13,822,8134,8956
414,2020-11-14,295,5945,6240
414,2020-11-15,48,3546,3594
414,2020-11-16,606,5711,6317
414,2020-11-17,671,5958,6629
414,2020-11-18,790,7325,8115
414,2020-11-19,804,7667,8471
414,2020-11-20,834,8084,8918
414,2020-11-21,399,6552,6951
414,2020-11-22,105,3721,3826
414,2020-11-23,875,7446,8321
414,2020-11-24,847,7668,8515
414,2020-11-25,948,7674,8622
414,2020-11-26,824,7528,8352
414,2020-11-27,863,7744,8607
414,2020-11-28,288,5485,5773
414,2020-11-29,57,3267,3324
414,2020-11-30,902,7235,8137
414,2020-12-01,753,7363,8116
414,2020-12-02,771,7151,7922
414,2020-12-03,773,7240,8013
414,2020-12-04,790,7527,8317
414,2020-12-05,280,5507,5787
414,2020-12-06,46,3217,3263
414,2020-12-07,770,7159,7929
414,2020-12-08,763,7460,8223
414,2020-12-09,843,7442,8285
414,2020-12-10,875,7713,8588
414,2020-12-11,753,7740,8493
414,2020-12-12,258,5388,5646
414,2020-12-13,58,3028,3086
414,2020-12-14,762,7603,8365
414,2020-12-15,717,7584,8301
414,2020-12-16,759,7731,8490
414,2020-12-17,723,7880,8603
414,2020-12-18,660,7875,8535
414,2020-12-19,277,5535,5812
414,2020-12-20,51,3224,3275
414,2020-12-21,412,6615,7027
414,2020-12-22,372,6620,6992
414,2020-12-23,374,6517,6891
414,2020-12-24,273,5213,5486
414,2020-12-25,35,2407,2442
414,2020-12-26,55,2719,2774
414,2020-12-27,49,2004,2053
414,2020-12-28,320,4444,4764
414,2020-12-29,314,4797,5111
414,2020-12-30,337,5024,5361
414,2020-12-31,278,4055,4333
415,2020-01-01,9,4204,4213
415,2020-01-02,150,9285,9435
415,2020-01-03,175,10202,10377
415,2020-01-04,61,8401,8462
415,2020-01-05,8,6347,6355
415,2020-01-06,273,13434,13707
415,2020-01-07,258,14397,14655
415,2020-01-08,249,13948,14197
415,2020-01-09,275,14566,14841
415,2020-01-10,304,14491,14795
415,2020-01-11,89,11162,11251
415,2020-01-12,16,6756,6772
415,2020-01-13,343,14244,14587
415,2020-01-14,360,15315,15675
415,2020-01-15,349,15099,15448
415,2020-01-16,415,15716,16131
415,2020-01-17,392,15346,15738
415,2020-01-18,101,11857,11958
415,2020-01-19,5,6832,6837
415,2020-01-20,451,14511,14962
415,2020-01-21,445,15466,15911
415,2020-01-22,472,15223,15695
415,2020-01-23,457,15180,15637
415,2020-01-24,474,15225,15699
415,2020-01-25,95,11815,11910
415,2020-01-26,17,7378,7395
415,2020-01-27,391,14488,14879
415,2020-01-29,453,15069,15522
415,2020-01-30,461,15364,15825
415,2020-01-31,427,15330,15757
415,2020-02-01,84,11751,11835
415,2020-02-02,19,7223,7242
415,2020-02-03,428,14483,14911
415,2020-02-04,398,15036,15434
415,2020-02-05,454,15198,15652
415,2020-02-06,415,15569,15984
415,2020-02-07,431,15634,16065
415,2020-02-08,87,11558,11645
415,2020-02-09,12,5531,5543
415,2020-02-10,328,11854,12182
415,2020-02-11,411,15611,16022
415,2020-02-12,403,15108,15511
415,2020-02-13,340,15222,15562
415,2020-02-14,436,14774,15210
415,2020-02-15,98,10281,10379
415,2020-02-16,15,6225,6240
415,2020-02-17,383,11983,12366
415,2020-02-18,366,12452,12818
415,2020-02-19,376,12369,12745
415,2020-02-20,376,12641,13017
415,2020-02-21,393,12655,13048
415,2020-02-22,131,9539,9670
415,2020-02-23,14,6558,6572
415,2020-02-24,380,13950,14330
415,2020-02-25,393,15397,15790
415,2020-02-26,386,14887,15273
415,2020-02-27,284,10453,10737
415,2020-02-28,389,14987,15376
415,2020-02-29,77,11320,11397
415,2020-03-01,27,7021,7048
415,2020-03-02,369,14609,14978
415,2020-03-03,418,15246,15664
415,2020-03-04,449,15200,15649
415,2020-03-05,431,15189,15620
415,2020-03-06,425,15154,15579
415,2020-03-07,72,11907,11979
415,2020-03-08,22,7218,7240
415,2020-03-09,424,13642,14066
415,2020-03-10,445,14953,15398
415,2020-03-11,452,14983,15435
415,2020-03-12,455,14880,15335
415,2020-03-13,446,14218,14664
415,2020-03-14,85,8147,8232
415,2020-03-15,19,5412,5431
415,2020-03-16,389,9863,10252
415,2020-03-17,372,8218,8590
415,2020-03-18,264,6514,6778
415,2020-03-19,198,5227,5425
415,2020-03-20,156,5123,5279
415,2020-03-21,43,2451,2494
415,2020-03-22,9,1763,1772
415,2020-03-23,123,3999,4122
415,2020-03-24,120,3780,3900
415,2020-03-25,124,3992,4116
415,2020-03-26,106,3933,4039
415,2020-03-27,127,4295,4422
415,2020-03-28,42,3111,3153
415,2020-03-30,108,4170,4278
415,2020-03-31,115,4127,4242
415,2020-04-01,115,4264,4379
415,2020-04-02,127,4202,4329
415,2020-04-03,120,4660,4780
415,2020-04-04,46,3177,3223
415,2020-04-05,8,1943,1951
415,2020-04-06,120,4260,4380
415,2020-04-07,149,4305,4454
415,2020-04-08,137,4674,4811
415,2020-04-09,170,4821,4991
415,2020-04-10,114,4849,4963
415,2020-04-11,52,3694,3746
415,2020-04-12,1,1905,1906
415,2020-04-13,9,1755,1764
415,2020-04-14,119,4594,4713
415,2020-04-15,139,5066,5205
415,2020-04-16,135,5123,5258
415,2020-04-17,131,5447,5578
415,2020-04-18,54,3845,3899
415,2020-04-19,6,2514,2520
415,2020-04-20,286,6295,6581
415,2020-04-21,307,6452,6759
415,2020-04-22,381,6770,7151
415,2020-04-23,344,6975,7319
415,2020-04-24,321,7505,7826
415,2020-04-25,109,5246,5355
415,2020-04-26,9,3112,3121
415,2020-04-27,308,7236,7544
415,2020-04-28,387,7053,7440
415,2020-04-29,370,7517,7887
415,2020-04-30,422,7754,8176
415,2020-05-01,25,2770,2795
415,2020-05-02,101,5653,5754
415,2020-05-03,13,3280,3293
415,2020-05-04,351,7853,8204
415,2020-05-10,6,3435,3441
415,2020-05-11,319,8910,9229
415,2020-05-12,169,6558,6727
415,2020-05-13,357,9704,10061
415,2020-05-14,351,9895,10246
415,2020-05-15,388,10533,10921
415,2020-05-16,160,8447,8607
415,2020-05-17,40,5050,5090
415,2020-05-18,372,10395,10767
415,2020-05-19,359,10667,11026
415,2020-05-20,401,11332,11733
415,2020-05-21,13,5035,5048
415,2020-05-22,286,10886,11172
415,2020-05-23,112,9281,9393
415,2020-05-24,22,5229,5251
415,2020-05-25,396,11357,11753
415,2020-05-26,427,12105,12532
415,2020-05-27,431,11943,12374
415,2020-05-28,472,12472,12944
415,2020-05-29,474,12934,13408
415,2020-05-30,129,9084,9213
415,2020-05-31,15,5608,5623
415,2020-06-01,23,5271,5294
415,2020-06-02,379,12524,12903
415,2020-06-03,487,12159,12646
415,2020-06-04,452,12102,12554
415,2020-06-05,411,12449,12860
415,2020-06-06,128,9292,9420
415,2020-06-07,13,5651,5664
415,2020-06-08,423,13443,13866
415,2020-06-09,396,14269,14665
415,2020-06-10,419,12812,13231
415,2020-06-11,404,13339,13743
415,2020-06-12,490,13407,13897
415,2020-06-13,127,9987,10114
415,2020-06-14,23,6417,6440
415,2020-06-15,433,12292,12725
415,2020-06-16,413,13295,13708
415,2020-06-17,399,12741,13140
415,2020-06-18,392,13275,13667
415,2020-06-19,395,13456,13851
415,2020-06-20,116,9892,10008
415,2020-06-21,13,6040,6053
415,2020-06-22,326,11478,11804
415,2020-06-23,33,5805,5838
415,2020-06-24,512,13118,13630
415,2020-06-25,522,13530,14052
415,2020-06-26,465,13422,13887
415,2020-06-27,99,9785,9884
415,2020-06-28,15,6138,6153
415,2020-06-29,447,12489,12936
415,2020-06-30,427,13189,13616
415,2020-07-01,497,13248,13745
415,2020-07-02,502,13259,13761
415,2020-07-03,477,13766,14243
415,2020-07-04,71,6317,6388
415,2020-07-05,21,5338,5359
415,2020-07-06,415,12615,13030
415,2020-07-07,403,13331,13734
415,2020-07-08,456,13395,13851
415,2020-07-09,452,13841,14293
415,2020-07-10,478,13535,14013
415,2020-07-11,140,9482,9622
415,2020-07-12,24,6079,6103
415,2020-07-13,436,12561,12997
415,2020-07-14,417,13009,13426
415,2020-07-15,433,12709,13142
415,2020-07-16,425,13271,13696
415,2020-07-17,468,13209,13677
415,2020-07-18,147,9247,9394
415,2020-07-19,12,5023,5035
415,2020-07-20,483,11410,11893
415,2020-07-21,477,12301,12778
415,2020-07-22,473,12246,12719
415,2020-07-23,438,11976,12414
415,2020-07-24,528,11868,12396
415,2020-07-25,143,8568,8711
415,2020-07-26,17,5376,5393
415,2020-07-27,476,11105,11581
415,2020-07-28,533,11606,12139
415,2020-07-29,446,11974,12420
415,2020-07-30,421,11881,12302
415,2020-07-31,278,11198,11476
415,2020-08-01,69,7877,7946
415,2020-08-02,21,5438,5459
415,2020-08-03,186,9780,9966
415,2020-08-04,244,10514,10758
415,2020-08-05,220,10666,10886
415,2020-08-06,200,10344,10544
415,2020-08-07,167,10240,10407
415,2020-08-08,51,7393,7444
415,2020-08-09,18,4738,4756
415,2020-08-10,157,8569,8726
415,2020-08-11,176,9146,9322
415,2020-08-12,184,9218,9402
415,2020-08-13,173,9280,9453
415,2020-08-14,169,9647,9816
415,2020-08-15,24,5097,5121
415,2020-08-16,15,5186,5201
415,2020-08-17,199,9334,9533
415,2020-08-18,187,9670,9857
415,2020-08-19,228,9588,9816
415,2020-08-20,192,9886,10078
415,2020-08-21,191,9929,10120
415,2020-08-22,56,7410,7466
415,2020-08-23,17,5319,5336
415,2020-08-24,366,10082,10448
415,2020-08-25,476,11032,11508
415,2020-08-26,426,10979,11405
415,2020-08-27,415,11423,11838
415,2020-08-28,411,11343,11754
415,2020-08-29,104,8460,8564
415,2020-08-30,12,5673,5685
415,2020-08-31,415,10930,11345
415,2020-09-01,434,11256,11690
415,2020-09-02,357,11585,11942
415,2020-09-03,419,11816,12235
415,2020-09-04,419,11720,12139
415,2020-09-05,219,8682,8901
415,2020-09-06,65,5739,5804
415,2020-09-07,410,11724,12134
415,2020-09-08,412,12434,12846
415,2020-09-09,472,12356,12828
415,2020-09-10,432,12401,12833
415,2020-09-11,473,12387,12860
415,2020-09-12,214,8888,9102
415,2020-09-13,66,6026,6092
415,2020-09-14,397,12171,12568
415,2020-09-15,364,13113,13477
415,2020-09-16,418,12467,12885
415,2020-09-17,443,13339,13782
415,2020-09-18,465,13821,14286
415,2020-09-19,104,10340,10444
415,2020-09-20,26,6565,6591
415,2020-09-21,345,12757,13102
415,2020-09-22,376,13876,14252
415,2020-09-23,447,13542,13989
415,2020-09-24,479,13456,13935
415,2020-09-25,409,13491,13900
415,2020-09-26,108,10803,10911
415,2020-09-27,20,5887,5907
415,2020-09-28,443,12986,13429
415,2020-09-29,439,13910,14349
415,2020-09-30,447,13761,14208
415,2020-10-01,506,14069,14575
415,2020-10-02,438,13815,14253
415,2020-10-03,87,11038,11125
415,2020-10-04,29,5904,5933
415,2020-10-05,385,12932,13317
415,2020-10-06,396,13632,14028
415,2020-10-07,394,13676,14070
415,2020-10-08,390,13785,14175
415,2020-10-09,408,13450,13858
415,2020-10-10,95,10728,10823
415,2020-10-11,17,6463,6480
415,2020-10-12,437,12886,13323
415,2020-10-13,414,13877,14291
415,2020-10-14,413,13663,14076
415,2020-10-15,432,14007,14439
415,2020-10-16,393,13759,14152
415,2020-10-17,87,12083,12170
415,2020-10-18,26,6819,6845
415,2020-10-19,388,12763,13151
415,2020-10-20,395,13918,14313
415,2020-10-21,410,13350,13760
415,2020-10-22,399,13482,13881
415,2020-10-23,398,13502,13900
415,2020-10-24,96,10479,10575
415,2020-10-25,19,6123,6142
415,2020-10-26,385,12357,12742
415,2020-10-27,401,12789,13190
415,2020-10-28,408,12590,12998
415,2020-10-30,432,12885,13317
415,2020-11-01,10,4638,4648
415,2020-11-02,360,10896,11256
415,2020-11-03,431,11739,12170
415,2020-11-04,414,11678,12092
415,2020-11-05,397,11696,12093
415,2020-11-06,335,12039,12374
415,2020-11-07,112,8955,9067
415,2020-11-08,17,5415,5432
415,2020-11-09,392,11981,12373
415,2020-11-10,426,12799,13225
415,2020-11-11,424,12691,13115
415,2020-11-12,451,13043,13494
415,2020-11-13,510,13223,13733
415,2020-11-14,83,10075,10158
415,2020-11-15,11,5625,5636
415,2020-11-16,413,12185,12598
415,2020-11-17,460,13038,13498
415,2020-11-18,457,13014,13471
415,2020-11-19,475,12997,13472
415,2020-11-20,475,13553,14028
415,2020-11-21,116,10528,10644
415,2020-11-22,20,6146,6166
415,2020-11-23,505,12006,12511
415,2020-11-24,476,12811,13287
415,2020-11-25,520,12934,13454
415,2020-11-26,496,12361,12857
415,2020-11-27,438,12888,13326
415,2020-11-28,98,9405,9503
415,2020-11-29,19,5325,5344
415,2020-11-30,439,11943,12382
415,2020-12-01,457,12049,12506
415,2020-12-02,427,11973,12400
415,2020-12-03,386,12321,12707
415,2020-12-04,369,12670,13039
415,2020-12-05,97,9384,9481
415,2020-12-06,23,5019,5042
415,2020-12-07,402,11729,12131
415,2020-12-08,335,11731,12066
415,2020-12-09,404,11990,12394
415,2020-12-10,353,12243,12596
415,2020-12-11,331,12275,12606
415,2020-12-12,93,8668,8761
415,2020-12-13,17,5215,5232
415,2020-12-14,375,11779,12154
415,2020-12-15,437,12342,12779
415,2020-12-16,495,13916,14411
415,2020-12-17,465,13258,13723
415,2020-12-18,304,12920,13224
415,2020-12-19,81,8903,8984
415,2020-12-20,15,4910,4925
415,2020-12-21,221,10434,10655
415,2020-12-22,198,10807,11005
415,2020-12-23,176,10633,10809
415,2020-12-24,130,8272,8402
415,2020-12-25,6,3525,3531
415,2020-12-26,28,3702,3730
415,2020-12-27,25,3019,3044
415,2020-12-28,119,6695,6814
415,2020-12-29,137,7212,7349
415,2020-12-30,144,7810,7954
415,2020-12-31,93,6054,6147
416,2020-01-01,21,5969,5990
416,2020-01-02,202,13168,13370
416,2020-01-03,203,14463,14666
416,2020-01-04,78,11507,11585
416,2020-01-05,28,8689,8717
416,2020-01-06,333,18630,18963
416,2020-01-07,387,19773,20160
416,2020-01-08,329,19478,19807
416,2020-01-09,349,20402,20751
416,2020-01-10,392,20796,21188
416,2020-01-11,116,15215,15331
416,2020-01-12,24,9339,9363
416,2020-01-13,634,20296,20930
416,2020-01-14,690,21829,22519
416,2020-01-15,716,21055,21771
416,2020-01-16,659,22219,22878
416,2020-01-17,688,22045,22733
416,2020-01-18,152,16085,16237
416,2020-01-19,26,9192,9218
416,2020-01-20,689,20509,21198
416,2020-01-21,776,21474,22250
416,2020-01-22,692,21253,21945
416,2020-01-23,757,21787,22544
416,2020-01-24,701,21731,22432
416,2020-01-25,146,15928,16074
416,2020-01-26,25,9515,9540
416,2020-01-27,645,21000,21645
416,2020-01-28,560,21216,21776
416,2020-01-29,757,21327,22084
416,2020-01-30,818,21514,22332
416,2020-01-31,792,22063,22855
416,2020-02-01,139,15941,16080
416,2020-02-02,28,9460,9488
416,2020-02-03,803,20943,21746
416,2020-02-04,839,21497,22336
416,2020-02-05,824,21392,22216
416,2020-02-06,789,22025,22814
416,2020-02-07,829,22327,23156
416,2020-02-08,132,15806,15938
416,2020-02-09,41,7891,7932
416,2020-02-10,548,17214,17762
416,2020-02-11,874,22101,22975
416,2020-02-12,846,21934,22780
416,2020-02-13,758,22176,22934
416,2020-02-14,844,21990,22834
416,2020-02-15,148,14365,14513
416,2020-02-16,22,8051,8073
416,2020-02-17,766,17910,18676
416,2020-02-18,774,18593,19367
416,2020-02-19,740,18413,19153
416,2020-02-20,827,18898,19725
416,2020-02-21,780,19253,20033
416,2020-02-22,213,13291,13504
416,2020-02-23,23,8494,8517
416,2020-02-24,738,20528,21266
416,2020-02-25,761,21866,22627
416,2020-02-26,773,21694,22467
416,2020-02-27,500,15357,15857
416,2020-02-28,709,21687,22396
416,2020-02-29,180,15638,15818
416,2020-03-01,25,9593,9618
416,2020-03-02,731,20416,21147
416,2020-03-03,724,21942,22666
416,2020-03-04,858,21511,22369
416,2020-03-05,751,22299,23050
416,2020-03-06,792,22237,23029
416,2020-03-07,159,16008,16167
416,2020-03-08,44,9688,9732
416,2020-03-09,885,20630,21515
416,2020-03-10,918,21616,22534
416,2020-03-11,920,21549,22469
416,2020-03-12,886,21190,22076
416,2020-03-13,871,20580,21451
416,2020-03-14,151,11029,11180
416,2020-03-15,21,6771,6792
416,2020-03-16,950,14670,15620
416,2020-03-17,852,11851,12703
416,2020-03-18,535,9847,10382
416,2020-03-19,321,7803,8124
416,2020-03-20,237,7271,7508
416,2020-03-21,68,2985,3053
416,2020-03-22,6,2078,2084
416,2020-03-23,151,5542,5693
416,2020-03-24,181,5194,5375
416,2020-03-25,167,5427,5594
416,2020-03-26,159,5391,5550
416,2020-03-27,193,5899,6092
416,2020-03-28,50,3723,3773
416,2020-03-30,137,5854,5991
416,2020-03-31,160,6060,6220
416,2020-04-01,152,5967,6119
416,2020-04-02,174,6064,6238
416,2020-04-03,157,6382,6539
416,2020-04-04,52,3904,3956
416,2020-04-05,13,2221,2234
416,2020-04-06,170,6250,6420
416,2020-04-07,178,6211,6389
416,2020-04-08,184,6678,6862
416,2020-04-09,200,6966,7166
416,2020-04-10,142,6891,7033
416,2020-04-11,60,4653,4713
416,2020-04-12,4,2354,2358
416,2020-04-13,10,2188,2198
416,2020-04-14,158,6768,6926
416,2020-04-15,182,7020,7202
416,2020-04-16,185,7442,7627
416,2020-04-17,199,7778,7977
416,2020-04-18,66,5024,5090
416,2020-04-19,11,3202,3213
416,2020-04-20,670,10051,10721
416,2020-04-21,689,10055,10744
416,2020-04-22,796,10311,11107
416,2020-04-23,911,10776,11687
416,2020-04-24,776,11453,12229
416,2020-04-25,134,7114,7248
416,2020-04-26,10,3895,3905
416,2020-04-27,891,11062,11953
416,2020-04-28,853,11005,11858
416,2020-04-29,920,11585,12505
416,2020-04-30,879,12707,13586
416,2020-05-01,59,4465,4524
416,2020-05-02,124,7538,7662
416,2020-05-03,19,4179,4198
416,2020-05-04,829,12536,13365
416,2020-05-05,818,12859,13677
416,2020-05-06,919,11381,12300
416,2020-05-07,610,10256,10866
416,2020-05-08,760,12291,13051
416,2020-05-09,34,5118,5152
416,2020-05-10,15,4697,4712
416,2020-05-11,732,14864,15596
416,2020-05-12,689,14889,15578
416,2020-05-13,818,15593,16411
416,2020-05-14,706,14743,15449
416,2020-05-15,739,15663,16402
416,2020-05-16,328,12533,12861
416,2020-05-17,50,7370,7420
416,2020-05-18,741,16085,16826
416,2020-05-19,677,14649,15326
416,2020-05-23,156,11259,11415
416,2020-05-24,31,6497,6528
416,2020-05-25,754,16891,17645
416,2020-05-26,761,17906,18667
416,2020-05-27,873,17685,18558
416,2020-05-28,814,18103,18917
416,2020-05-29,811,18830,19641
416,2020-05-30,191,13448,13639
416,2020-05-31,24,7949,7973
416,2020-06-01,26,7506,7532
416,2020-06-02,742,18680,19422
416,2020-06-03,905,18785,19690
416,2020-06-04,820,18706,19526
416,2020-06-05,769,19318,20087
416,2020-06-06,246,13709,13955
416,2020-06-07,26,7645,7671
416,2020-06-08,813,17820,18633
416,2020-06-09,740,18829,19569
416,2020-06-10,790,18887,19677
416,2020-06-11,837,19671,20508
416,2020-06-13,174,14608,14782
416,2020-06-14,36,9030,9066
416,2020-06-15,813,18684,19497
416,2020-06-16,743,19590,20333
416,2020-06-17,779,19665,20444
416,2020-06-18,734,19762,20496
416,2020-06-19,777,20299,21076
416,2020-06-20,177,15630,15807
416,2020-06-21,28,9289,9317
416,2020-06-22,486,16698,17184
416,2020-06-23,57,8520,8577
416,2020-06-24,779,19394,20173
416,2020-06-25,763,20261,21024
416,2020-06-26,827,20622,21449
416,2020-06-28,33,9046,9079
416,2020-06-29,862,19195,20057
416,2020-06-30,764,19460,20224
416,2020-07-01,956,19875,20831
416,2020-07-02,1106,20216,21322
416,2020-07-03,1095,20993,22088
416,2020-07-04,180,13595,13775
416,2020-07-05,28,8250,8278
416,2020-07-06,914,18967,19881
416,2020-07-07,944,19678,20622
416,2020-07-08,868,20372,21240
416,2020-07-09,967,21421,22388
416,2020-07-10,935,20950,21885
416,2020-07-11,210,14159,14369
416,2020-07-12,40,8883,8923
416,2020-07-13,1001,18970,19971
416,2020-07-14,957,19628,20585
416,2020-07-15,848,19503,20351
416,2020-07-16,1068,20355,21423
416,2020-07-17,1107,19930,21037
416,2020-07-18,178,12698,12876
416,2020-07-19,91,3179,3270
416,2020-07-20,930,17163,18093
416,2020-07-21,1080,19348,20428
416,2020-07-22,1140,19523,20663
416,2020-07-23,915,18807,19722
416,2020-07-24,949,19181,20130
416,2020-07-25,255,12982,13237
416,2020-07-26,38,7765,7803
416,2020-07-27,858,17789,18647
416,2020-07-28,1012,18194,19206
416,2020-07-29,825,18466,19291
416,2020-07-30,690,18341,19031
416,2020-07-31,333,17176,17509
416,2020-08-01,91,11788,11879
416,2020-08-02,39,7545,7584
416,2020-08-03,261,15746,16007
416,2020-08-04,314,16563,16877
416,2020-08-05,310,16445,16755
416,2020-08-06,277,16395,16672
416,2020-08-07,222,16222,16444
416,2020-08-08,83,11022,11105
416,2020-08-15,38,7036,7074
416,2020-08-16,20,7038,7058
416,2020-08-17,300,15101,15401
416,2020-08-18,352,15382,15734
416,2020-08-19,325,15392,15717
416,2020-08-20,309,15821,16130
416,2020-08-21,298,15971,16269
416,2020-08-22,87,11083,11170
416,2020-08-23,38,7621,7659
416,2020-08-24,670,16950,17620
416,2020-08-25,932,17997,18929
416,2020-08-27,748,19262,20010
416,2020-08-28,714,19552,20266
416,2020-08-29,140,13108,13248
416,2020-08-30,37,8852,8889
416,2020-08-31,664,17422,18086
416,2020-09-01,706,17835,18541
416,2020-09-02,681,18237,18918
416,2020-09-03,734,18709,19443
416,2020-09-04,809,18667,19476
416,2020-09-05,326,13033,13359
416,2020-09-06,100,8467,8567
416,2020-09-07,694,18237,18931
416,2020-09-08,699,19349,20048
416,2020-09-09,761,19587,20348
416,2020-09-10,725,19625,20350
416,2020-09-11,790,19818,20608
416,2020-09-12,294,14053,14347
416,2020-09-13,88,9236,9324
416,2020-09-14,667,19319,19986
416,2020-09-15,695,19552,20247
416,2020-09-16,725,20091,20816
416,2020-09-17,877,21730,22607
416,2020-09-18,761,21687,22448
416,2020-09-19,255,15488,15743
416,2020-09-20,52,9424,9476
416,2020-09-21,712,19643,20355
416,2020-09-22,658,20731,21389
416,2020-09-23,741,21187,21928
416,2020-09-24,746,20942,21688
416,2020-09-25,649,21414,22063
416,2020-09-26,176,15435,15611
416,2020-09-27,37,8822,8859
416,2020-09-28,631,19875,20506
416,2020-09-29,670,20987,21657
416,2020-09-30,750,21133,21883
416,2020-10-01,826,22011,22837
416,2020-10-02,715,21408,22123
416,2020-10-03,148,16161,16309
416,2020-10-04,87,10024,10111
416,2020-10-05,655,19850,20505
416,2020-10-06,647,21156,21803
416,2020-10-07,721,20718,21439
416,2020-10-08,680,21442,22122
416,2020-10-09,709,21174,21883
416,2020-10-10,159,15655,15814
416,2020-10-11,32,9467,9499
416,2020-10-12,738,19576,20314
416,2020-10-13,786,20720,21506
416,2020-10-14,893,20632,21525
416,2020-10-15,876,21061,21937
416,2020-10-16,833,20587,21420
416,2020-10-17,185,15773,15958
416,2020-10-18,41,9032,9073
416,2020-10-19,727,19203,19930
416,2020-10-20,803,20959,21762
416,2020-10-21,831,20248,21079
416,2020-10-22,681,20616,21297
416,2020-10-23,700,20415,21115
416,2020-10-24,198,14474,14672
416,2020-10-25,29,8292,8321
416,2020-10-26,733,18668,19401
416,2020-10-27,710,19166,19876
416,2020-10-28,724,18872,19596
416,2020-10-29,642,19230,19872
416,2020-10-30,662,19436,20098
416,2020-11-01,29,6412,6441
416,2020-11-02,603,16835,17438
416,2020-11-03,640,18018,18658
416,2020-11-04,769,17877,18646
416,2020-11-05,745,18201,18946
416,2020-11-06,673,18399,19072
416,2020-11-07,221,14150,14371
416,2020-11-08,21,6977,6998
416,2020-11-09,660,17946,18606
416,2020-11-10,676,19280,19956
416,2020-11-11,728,19497,20225
416,2020-11-12,801,19486,20287
416,2020-11-13,811,20045,20856
416,2020-11-14,162,14261,14423
416,2020-11-15,27,9139,9166
416,2020-11-16,780,18851,19631
416,2020-11-17,770,19790,20560
416,2020-11-18,779,19474,20253
416,2020-11-19,736,19818,20554
416,2020-11-20,741,19963,20704
416,2020-11-21,227,17811,18038
416,2020-11-22,39,9748,9787
416,2020-11-23,742,18192,18934
416,2020-11-24,762,19402,20164
416,2020-11-25,795,19807,20602
416,2020-11-26,767,19145,19912
416,2020-11-27,692,19922,20614
416,2020-11-28,162,13628,13790
416,2020-11-29,38,7706,7744
416,2020-11-30,716,18006,18722
416,2020-12-01,725,18769,19494
416,2020-12-02,804,18811,19615
416,2020-12-03,693,19095,19788
416,2020-12-04,674,19713,20387
416,2020-12-05,165,13551,13716
416,2020-12-06,34,7210,7244
416,2020-12-07,679,18291,18970
416,2020-12-08,631,18249,18880
416,2020-12-09,740,18642,19382
416,2020-12-10,686,19079,19765
416,2020-12-11,582,19362,19944
416,2020-12-12,154,12724,12878
416,2020-12-13,30,7158,7188
416,2020-12-14,654,18450,19104
416,2020-12-15,738,19490,20228
416,2020-12-16,838,19144,19982
416,2020-12-17,767,19874,20641
416,2020-12-18,502,19960,20462
416,2020-12-19,100,12493,12593
416,2020-12-20,24,7251,7275
416,2020-12-21,281,16026,16307
416,2020-12-22,249,16357,16606
416,2020-12-23,260,16812,17072
416,2020-12-24,163,12075,12238
416,2020-12-25,10,5130,5140
416,2020-12-26,39,5379,5418
416,2020-12-27,28,4201,4229
416,2020-12-28,145,9785,9930
416,2020-12-29,182,10455,10637
416,2020-12-30,201,11310,11511
416,2020-12-31,120,8684,8804
417,2020-01-01,7,1428,1435
417,2020-01-02,131,2854,2985
417,2020-01-03,155,3245,3400
417,2020-01-04,70,2781,2851
417,2020-01-05,13,1899,1912
417,2020-01-06,218,3855,4073
417,2020-01-07,247,4091,4338
417,2020-01-08,232,4254,4486
417,2020-01-09,213,4296,4509
417,2020-01-10,219,4428,4647
417,2020-01-11,68,3414,3482
417,2020-01-12,14,2216,2230
417,2020-01-13,371,4471,4842
417,2020-01-14,445,4688,5133
417,2020-01-15,423,4689,5112
417,2020-01-16,385,4703,5088
417,2020-01-17,413,4664,5077
417,2020-01-18,77,3322,3399
417,2020-01-19,23,2228,2251
417,2020-01-20,413,4483,4896
417,2020-01-21,499,4890,5389
417,2020-01-22,498,4672,5170
417,2020-01-23,511,4780,5291
417,2020-01-24,488,4784,5272
417,2020-01-25,87,3253,3340
417,2020-01-26,14,2357,2371
417,2020-01-27,485,4567,5052
417,2020-01-28,442,4776,5218
417,2020-01-29,341,4616,4957
417,2020-01-30,398,4796,5194
417,2020-01-31,379,4868,5247
417,2020-02-01,130,3544,3674
417,2020-02-02,11,2084,2095
417,2020-02-03,427,4827,5254
417,2020-02-04,408,5039,5447
417,2020-02-05,405,4686,5091
417,2020-02-06,400,4828,5228
417,2020-02-07,509,4779,5288
417,2020-02-08,84,3468,3552
417,2020-02-09,28,2138,2166
417,2020-02-10,324,5868,6192
417,2020-02-11,302,4482,4784
417,2020-02-12,373,4507,4880
417,2020-02-13,379,4749,5128
417,2020-02-14,378,4687,5065
417,2020-02-15,109,3019,3128
417,2020-02-16,10,1862,1872
417,2020-02-17,378,4104,4482
417,2020-02-18,384,4197,4581
417,2020-02-19,397,4381,4778
417,2020-02-20,369,4213,4582
417,2020-02-21,427,4308,4735
417,2020-02-22,120,2875,2995
417,2020-02-23,38,2124,2162
417,2020-02-24,331,4701,5032
417,2020-02-25,408,5099,5507
417,2020-02-26,436,5036,5472
417,2020-02-27,304,4146,4450
417,2020-02-28,341,4926,5267
417,2020-02-29,98,3399,3497
417,2020-03-01,17,2484,2501
417,2020-03-02,445,4610,5055
417,2020-03-03,409,4728,5137
417,2020-03-04,470,4682,5152
417,2020-03-05,402,4914,5316
417,2020-03-06,469,4858,5327
417,2020-03-07,101,3550,3651
417,2020-03-08,22,2277,2299
417,2020-03-09,427,4636,5063
417,2020-03-10,431,4633,5064
417,2020-03-11,441,4817,5258
417,2020-03-12,508,4740,5248
417,2020-03-13,452,4711,5163
417,2020-03-14,113,2581,2694
417,2020-03-15,19,1785,1804
417,2020-03-16,466,3507,3973
417,2020-03-17,428,3117,3545
417,2020-03-18,383,2625,3008
417,2020-03-19,294,1972,2266
417,2020-03-20,191,1755,1946
417,2020-03-21,54,734,788
417,2020-03-22,8,558,566
417,2020-03-23,121,1361,1482
417,2020-03-24,198,1395,1593
417,2020-03-25,137,1353,1490
417,2020-03-26,156,1347,1503
417,2020-03-27,151,1441,1592
417,2020-03-28,62,1038,1100
417,2020-03-30,156,1531,1687
417,2020-03-31,143,1445,1588
417,2020-04-01,167,1482,1649
417,2020-04-02,172,1527,1699
417,2020-04-03,173,1531,1704
417,2020-04-04,68,1000,1068
417,2020-04-05,12,632,644
417,2020-04-06,174,1629,1803
417,2020-04-07,166,1643,1809
417,2020-04-08,169,1734,1903
417,2020-04-09,142,1693,1835
417,2020-04-10,156,1809,1965
417,2020-04-11,47,1158,1205
417,2020-04-12,6,720,726
417,2020-04-13,14,687,701
417,2020-04-14,149,1673,1822
417,2020-04-15,168,1748,1916
417,2020-04-16,161,1855,2016
417,2020-04-17,192,1990,2182
417,2020-04-18,98,1284,1382
417,2020-04-19,12,877,889
417,2020-04-20,384,2737,3121
417,2020-04-21,417,2890,3307
417,2020-04-22,413,3011,3424
417,2020-04-23,615,3039,3654
417,2020-04-24,558,3100,3658
417,2020-04-25,136,2090,2226
417,2020-04-26,29,1356,1385
417,2020-04-27,681,3277,3958
417,2020-04-28,574,3149,3723
417,2020-04-29,652,3142,3794
417,2020-04-30,587,3478,4065
417,2020-05-01,22,944,966
417,2020-05-02,76,2067,2143
417,2020-05-03,8,1244,1252
417,2020-05-04,617,3458,4075
417,2020-05-05,457,3411,3868
417,2020-05-06,547,3686,4233
417,2020-05-07,611,3790,4401
417,2020-05-08,679,3761,4440
417,2020-05-09,57,1406,1463
417,2020-05-10,15,1190,1205
417,2020-05-11,584,4133,4717
417,2020-05-12,582,4090,4672
417,2020-05-13,561,4001,4562
417,2020-05-14,559,4002,4561
417,2020-05-15,535,4245,4780
417,2020-05-16,208,3181,3389
417,2020-05-17,40,2095,2135
417,2020-05-18,539,4063,4602
417,2020-05-19,606,4210,4816
417,2020-05-20,514,4325,4839
417,2020-05-21,39,2099,2138
417,2020-05-22,242,3749,3991
417,2020-05-23,114,2656,2770
417,2020-05-24,21,1909,1930
417,2020-05-25,408,4316,4724
417,2020-05-26,422,4390,4812
417,2020-05-27,467,4503,4970
417,2020-05-28,436,4446,4882
417,2020-05-29,406,4644,5050
417,2020-05-30,131,3484,3615
417,2020-05-31,40,2308,2348
417,2020-06-01,54,2175,2229
417,2020-06-02,461,4577,5038
417,2020-06-03,496,6703,7199
417,2020-06-04,537,6546,7083
417,2020-06-05,456,6348,6804
417,2020-06-06,156,3354,3510
417,2020-06-07,20,2155,2175
417,2020-06-08,511,4608,5119
417,2020-06-09,465,4757,5222
417,2020-06-10,433,4939,5372
417,2020-06-11,467,4835,5302
417,2020-06-12,481,4943,5424
417,2020-06-13,166,3314,3480
417,2020-06-14,26,2362,2388
417,2020-06-15,410,4714,5124
417,2020-06-16,446,4894,5340
417,2020-06-17,486,4830,5316
417,2020-06-18,444,4866,5310
417,2020-06-19,428,4958,5386
417,2020-06-20,156,3392,3548
417,2020-06-21,46,2354,2400
417,2020-06-22,262,3915,4177
417,2020-06-23,42,2508,2550
417,2020-06-24,444,4729,5173
417,2020-06-25,438,4631,5069
417,2020-06-26,392,4664,5056
417,2020-06-27,148,3480,3628
417,2020-06-28,38,2198,2236
417,2020-06-29,402,4625,5027
417,2020-06-30,437,4775,5212
417,2020-07-01,417,4864,5281
417,2020-07-02,448,4815,5263
417,2020-07-03,443,5041,5484
417,2020-07-04,197,3666,3863
417,2020-07-05,50,2283,2333
417,2020-07-06,443,4663,5106
417,2020-07-07,434,4897,5331
417,2020-07-08,468,5007,5475
417,2020-07-09,524,4897,5421
417,2020-07-10,420,4832,5252
417,2020-07-11,113,3761,3874
417,2020-07-12,55,2501,2556
417,2020-07-13,452,4814,5266
417,2020-07-14,506,4837,5343
417,2020-07-15,514,4819,5333
417,2020-07-16,474,5149,5623
417,2020-07-17,470,5187,5657
417,2020-07-18,119,3842,3961
417,2020-07-19,42,2781,2823
417,2020-07-20,444,4690,5134
417,2020-07-21,335,3438,3773
417,2020-07-22,361,2990,3351
417,2020-07-23,461,4284,4745
417,2020-07-24,402,4599,5001
417,2020-07-25,144,3444,3588
417,2020-07-26,39,2182,2221
417,2020-07-27,361,4413,4774
417,2020-07-28,340,4427,4767
417,2020-07-29,336,4701,5037
417,2020-07-30,308,4520,4828
417,2020-07-31,232,4283,4515
417,2020-08-01,103,5614,5717
417,2020-08-02,41,3778,3819
417,2020-08-03,237,4458,4695
417,2020-08-04,226,4660,4886
417,2020-08-05,241,4865,5106
417,2020-08-06,229,4712,4941
417,2020-08-07,204,4686,4890
417,2020-08-08,128,5131,5259
417,2020-08-09,52,3335,3387
417,2020-08-10,217,4205,4422
417,2020-08-11,215,4479,4694
417,2020-08-12,207,4690,4897
417,2020-08-13,227,4600,4827
417,2020-08-14,212,4718,4930
417,2020-08-15,43,3681,3724
417,2020-08-16,22,3370,3392
417,2020-08-17,184,4401,4585
417,2020-08-18,206,4577,4783
417,2020-08-19,227,4713,4940
417,2020-08-20,223,4547,4770
417,2020-08-21,227,4654,4881
417,2020-08-22,139,5512,5651
417,2020-08-23,30,3592,3622
417,2020-08-24,375,4761,5136
417,2020-08-25,491,5117,5608
417,2020-08-26,431,5082,5513
417,2020-08-27,440,5226,5666
417,2020-08-28,426,5132,5558
417,2020-08-29,142,5924,6066
417,2020-08-30,52,4246,4298
417,2020-08-31,401,4567,4968
417,2020-09-01,471,4511,4982
417,2020-09-02,566,4691,5257
417,2020-09-03,514,4520,5034
417,2020-09-04,520,4710,5230
417,2020-09-05,107,3216,3323
417,2020-09-06,42,2315,2357
417,2020-09-07,437,4462,4899
417,2020-09-08,496,4617,5113
417,2020-09-09,455,4855,5310
417,2020-09-10,570,4759,5329
417,2020-09-11,486,4813,5299
417,2020-09-12,107,3532,3639
417,2020-09-13,38,2765,2803
417,2020-09-14,435,4791,5226
417,2020-09-15,495,4982,5477
417,2020-09-16,502,5179,5681
417,2020-09-17,501,5509,6010
417,2020-09-18,487,5397,5884
417,2020-09-19,127,3934,4061
417,2020-09-20,49,2985,3034
417,2020-09-21,565,4865,5430
417,2020-09-22,549,5002,5551
417,2020-09-23,490,5194,5684
417,2020-09-24,545,5035,5580
417,2020-09-25,425,4943,5368
417,2020-09-26,107,3452,3559
417,2020-09-27,36,2303,2339
417,2020-09-28,389,4608,4997
417,2020-09-29,485,4752,5237
417,2020-09-30,400,4844,5244
417,2020-10-01,517,4914,5431
417,2020-10-02,437,4852,5289
417,2020-10-03,105,3488,3593
417,2020-10-04,22,2488,2510
417,2020-10-05,418,4770,5188
417,2020-10-06,403,4788,5191
417,2020-10-07,402,4839,5241
417,2020-10-08,467,4927,5394
417,2020-10-09,374,5104,5478
417,2020-10-10,125,3785,3910
417,2020-10-11,21,2713,2734
417,2020-10-12,422,4720,5142
417,2020-10-13,470,4745,5215
417,2020-10-14,497,4803,5300
417,2020-10-15,528,4850,5378
417,2020-10-16,423,4892,5315
417,2020-10-17,128,3606,3734
417,2020-10-18,43,2497,2540
417,2020-10-19,485,4578,5063
417,2020-10-20,476,4807,5283
417,2020-10-21,399,4730,5129
417,2020-10-22,433,4586,5019
417,2020-10-23,488,4688,5176
417,2020-10-24,100,3279,3379
417,2020-10-25,29,1964,1993
417,2020-10-26,456,4454,4910
417,2020-10-27,456,4721,5177
417,2020-10-28,451,4684,5135
417,2020-10-29,397,4780,5177
417,2020-10-30,390,4867,5257
417,2020-11-01,12,1661,1673
417,2020-11-02,361,4280,4641
417,2020-11-03,441,4468,4909
417,2020-11-04,512,4469,4981
417,2020-11-05,434,4592,5026
417,2020-11-06,472,4683,5155
417,2020-11-07,111,3243,3354
417,2020-11-08,23,2106,2129
417,2020-11-09,460,4632,5092
417,2020-11-10,468,4597,5065
417,2020-11-11,464,4600,5064
417,2020-11-12,438,4617,5055
417,2020-11-13,449,4816,5265
417,2020-11-14,97,3339,3436
417,2020-11-15,23,2319,2342
417,2020-11-16,78,1330,1408
417,2020-11-17,68,1252,1320
417,2020-11-18,291,3878,4169
417,2020-11-19,440,4483,4923
417,2020-11-20,407,4585,4992
417,2020-11-21,190,3900,4090
417,2020-11-22,68,2264,2332
417,2020-11-23,508,4267,4775
417,2020-11-24,488,4395,4883
417,2020-11-25,539,4512,5051
417,2020-11-26,443,4288,4731
417,2020-11-27,478,4477,4955
417,2020-11-28,96,3017,3113
417,2020-11-29,19,1809,1828
417,2020-11-30,477,4300,4777
417,2020-12-01,441,4348,4789
417,2020-12-02,422,4413,4835
417,2020-12-03,425,4491,4916
417,2020-12-04,393,4583,4976
417,2020-12-05,76,3158,3234
417,2020-12-06,17,1755,1772
417,2020-12-07,408,4312,4720
417,2020-12-08,416,4346,4762
417,2020-12-09,470,4427,4897
417,2020-12-10,482,4445,4927
417,2020-12-11,392,4411,4803
417,2020-12-12,96,3003,3099
417,2020-12-13,18,1722,1740
417,2020-12-14,389,4455,4844
417,2020-12-15,372,4446,4818
417,2020-12-16,364,4613,4977
417,2020-12-17,355,4524,4879
417,2020-12-18,270,4564,4834
417,2020-12-19,76,3053,3129
417,2020-12-20,20,1855,1875
417,2020-12-21,182,3698,3880
417,2020-12-22,169,3862,4031
417,2020-12-23,170,3644,3814
417,2020-12-24,108,2684,2792
417,2020-12-25,15,1376,1391
417,2020-12-26,23,1608,1631
417,2020-12-27,23,1153,1176
417,2020-12-28,131,2510,2641
417,2020-12-29,135,2727,2862
417,2020-12-30,127,2813,2940
417,2020-12-31,82,2075,2157
419,2020-01-01,8,1492,1500
419,2020-01-02,67,4220,4287
419,2020-01-03,50,4627,4677
419,2020-01-04,40,3510,3550
419,2020-01-05,6,2649,2655
419,2020-01-06,134,5886,6020
419,2020-01-07,144,6354,6498
419,2020-01-08,175,6204,6379
419,2020-01-09,112,6617,6729
419,2020-01-10,80,6582,6662
419,2020-01-11,47,4462,4509
419,2020-01-12,6,2434,2440
419,2020-01-13,91,6508,6599
419,2020-01-14,125,6951,7076
419,2020-01-15,115,6841,6956
419,2020-01-16,89,7050,7139
419,2020-01-17,109,6786,6895
419,2020-01-18,70,4190,4260
419,2020-01-19,28,2285,2313
419,2020-01-20,170,6410,6580
419,2020-01-21,137,6887,7024
419,2020-01-22,100,6636,6736
419,2020-01-23,122,6805,6927
419,2020-01-24,113,6938,7051
419,2020-01-25,45,4249,4294
419,2020-01-26,10,2476,2486
419,2020-01-27,74,6558,6632
419,2020-01-28,98,6511,6609
419,2020-01-29,100,6684,6784
419,2020-01-30,158,6800,6958
419,2020-01-31,99,6712,6811
419,2020-02-01,33,4189,4222
419,2020-02-02,6,2462,2468
419,2020-02-03,89,6649,6738
419,2020-02-04,138,6261,6399
419,2020-02-05,135,6688,6823
419,2020-02-06,127,7042,7169
419,2020-02-07,95,6782,6877
419,2020-02-08,45,4209,4254
419,2020-02-09,9,1515,1524
419,2020-02-10,40,1966,2006
419,2020-02-11,175,6744,6919
419,2020-02-12,140,6738,6878
419,2020-02-13,113,6817,6930
419,2020-02-14,124,6791,6915
419,2020-02-15,47,3857,3904
419,2020-02-16,11,2029,2040
419,2020-02-17,107,5369,5476
419,2020-02-18,83,5787,5870
419,2020-02-19,96,5839,5935
419,2020-02-20,98,5663,5761
419,2020-02-21,87,5830,5917
419,2020-02-22,68,3710,3778
419,2020-02-23,6,2055,2061
419,2020-02-24,62,5787,5849
419,2020-02-25,81,6124,6205
419,2020-02-26,109,6217,6326
419,2020-02-27,71,5496,5567
419,2020-02-28,95,6089,6184
419,2020-02-29,42,3974,4016
419,2020-03-01,11,2312,2323
419,2020-03-02,97,6348,6445
419,2020-03-03,107,6746,6853
419,2020-03-04,93,6816,6909
419,2020-03-05,79,6976,7055
419,2020-03-06,109,7081,7190
419,2020-03-07,59,4567,4626
419,2020-03-08,10,2497,2507
419,2020-03-09,102,6625,6727
419,2020-03-10,95,6900,6995
419,2020-03-11,105,6747,6852
419,2020-03-12,101,6786,6887
419,2020-03-13,108,6339,6447
419,2020-03-14,64,3053,3117
419,2020-03-15,11,1860,1871
419,2020-03-16,84,4385,4469
419,2020-03-17,84,3842,3926
419,2020-03-18,70,3147,3217
419,2020-03-19,73,2534,2607
419,2020-03-20,74,2238,2312
419,2020-03-21,30,838,868
419,2020-03-22,2,545,547
419,2020-03-23,49,1664,1713
419,2020-03-24,38,1652,1690
419,2020-03-25,33,1640,1673
419,2020-03-26,36,1637,1673
419,2020-03-27,52,1742,1794
419,2020-03-28,32,1111,1143
419,2020-03-30,36,1870,1906
419,2020-03-31,49,1796,1845
419,2020-04-01,45,1903,1948
419,2020-04-02,44,1859,1903
419,2020-04-03,47,1946,1993
419,2020-04-04,30,1077,1107
419,2020-04-05,3,733,736
419,2020-04-06,48,2062,2110
419,2020-04-07,45,2003,2048
419,2020-04-08,44,2274,2318
419,2020-04-09,46,2202,2248
419,2020-04-10,47,2129,2176
419,2020-04-11,28,1344,1372
419,2020-04-12,2,672,674
419,2020-04-13,3,697,700
419,2020-04-14,51,2194,2245
419,2020-04-15,37,2243,2280
419,2020-04-16,50,2287,2337
419,2020-04-17,57,2377,2434
419,2020-04-18,33,1395,1428
419,2020-04-19,2,975,977
419,2020-04-20,74,3100,3174
419,2020-04-21,79,3169,3248
419,2020-04-22,99,3459,3558
419,2020-04-23,95,3513,3608
419,2020-04-24,116,3728,3844
419,2020-04-25,83,2285,2368
419,2020-04-26,3,1484,1487
419,2020-04-27,178,3686,3864
419,2020-04-28,69,3734,3803
419,2020-04-29,84,3737,3821
419,2020-04-30,92,3825,3917
419,2020-05-01,5,1102,1107
419,2020-05-02,48,2107,2155
419,2020-05-03,6,1450,1456
419,2020-05-04,93,4225,4318
419,2020-05-05,100,4185,4285
419,2020-05-06,100,4280,4380
419,2020-05-07,105,4420,4525
419,2020-05-08,120,4546,4666
419,2020-05-09,14,1587,1601
419,2020-05-10,6,1388,1394
419,2020-05-11,87,4738,4825
419,2020-05-12,110,5156,5266
419,2020-05-13,79,5187,5266
419,2020-05-14,92,5191,5283
419,2020-05-15,130,5465,5595
419,2020-05-16,66,4213,4279
419,2020-05-17,20,2841,2861
419,2020-05-18,121,5401,5522
419,2020-05-19,101,5478,5579
419,2020-05-20,89,5710,5799
419,2020-05-23,55,3539,3594
419,2020-05-24,11,2296,2307
419,2020-05-25,141,5804,5945
419,2020-05-26,129,5910,6039
419,2020-05-27,133,6003,6136
419,2020-05-28,108,6010,6118
419,2020-05-29,133,6112,6245
419,2020-05-30,72,3974,4046
419,2020-05-31,11,2252,2263
419,2020-06-01,14,2654,2668
419,2020-06-11,153,6231,6384
419,2020-06-12,141,6104,6245
419,2020-06-13,59,4057,4116
419,2020-06-14,10,2538,2548
419,2020-06-15,85,5730,5815
419,2020-06-16,145,5942,6087
419,2020-06-17,125,6152,6277
419,2020-06-18,152,6123,6275
419,2020-06-19,117,6126,6243
419,2020-06-20,84,5431,5515
419,2020-06-21,26,3393,3419
419,2020-06-22,95,5216,5311
419,2020-06-23,14,2486,2500
419,2020-06-24,146,6334,6480
419,2020-06-25,141,6514,6655
419,2020-06-26,99,6447,6546
419,2020-06-27,63,4293,4356
419,2020-06-28,16,3015,3031
419,2020-06-29,121,6215,6336
419,2020-06-30,220,6378,6598
419,2020-07-01,226,6433,6659
419,2020-07-02,176,6311,6487
419,2020-07-03,188,6685,6873
419,2020-07-04,79,4413,4492
419,2020-07-05,25,2522,2547
419,2020-07-06,131,6083,6214
419,2020-07-07,148,6256,6404
419,2020-07-08,164,7050,7214
419,2020-07-09,176,7962,8138
419,2020-07-10,111,6740,6851
419,2020-07-11,97,4325,4422
419,2020-07-12,26,2821,2847
419,2020-07-13,149,5924,6073
419,2020-07-14,238,6329,6567
419,2020-07-15,111,6030,6141
419,2020-07-16,108,4904,5012
419,2020-07-17,162,4492,4654
419,2020-07-18,58,3328,3386
419,2020-07-19,16,2317,2333
419,2020-07-20,125,5731,5856
419,2020-07-21,152,6927,7079
419,2020-07-22,134,7417,7551
419,2020-07-23,127,6323,6450
419,2020-07-24,120,6116,6236
419,2020-07-25,75,4642,4717
419,2020-07-26,11,2508,2519
419,2020-07-27,100,6062,6162
419,2020-07-28,121,6064,6185
419,2020-07-29,103,6255,6358
419,2020-07-30,102,6035,6137
419,2020-07-31,110,5587,5697
419,2020-08-01,5,602,607
419,2020-08-02,6,869,875
419,2020-08-03,136,3806,3942
419,2020-08-04,112,3908,4020
419,2020-08-05,61,3979,4040
419,2020-08-06,94,4023,4117
419,2020-08-07,70,3827,3897
419,2020-08-08,4,721,725
419,2020-08-09,2,650,652
419,2020-08-10,52,3353,3405
419,2020-08-11,69,3613,3682
419,2020-08-12,54,3707,3761
419,2020-08-13,63,3874,3937
419,2020-08-14,61,3600,3661
419,2020-08-15,2,716,718
419,2020-08-16,9,727,736
419,2020-08-17,55,3607,3662
419,2020-08-18,62,3686,3748
419,2020-08-19,67,3943,4010
419,2020-08-20,80,3968,4048
419,2020-08-21,72,3815,3887
419,2020-08-22,6,577,583
419,2020-08-23,8,731,739
419,2020-08-24,62,3947,4009
419,2020-08-25,105,4251,4356
419,2020-08-26,114,4271,4385
419,2020-08-27,66,4757,4823
419,2020-08-28,68,4663,4731
419,2020-08-29,9,753,762
419,2020-08-30,4,811,815
419,2020-08-31,79,4781,4860
419,2020-09-01,88,5170,5258
419,2020-09-02,189,5607,5796
419,2020-09-03,124,5620,5744
419,2020-09-04,82,5470,5552
419,2020-09-05,55,3533,3588
419,2020-09-06,9,2210,2219
419,2020-09-07,123,5342,5465
419,2020-09-08,120,5582,5702
419,2020-09-09,107,6063,6170
419,2020-09-10,125,6177,6302
419,2020-09-11,118,6167,6285
419,2020-09-12,62,4208,4270
419,2020-09-13,23,2850,2873
419,2020-09-14,109,5715,5824
419,2020-09-15,136,5798,5934
419,2020-09-16,124,5825,5949
419,2020-09-17,100,5798,5898
419,2020-09-18,136,6821,6957
419,2020-09-19,52,4284,4336
419,2020-09-20,25,2716,2741
419,2020-09-21,99,5968,6067
419,2020-09-22,119,6366,6485
419,2020-09-23,123,6618,6741
419,2020-09-24,153,6356,6509
419,2020-09-25,169,6372,6541
419,2020-09-26,65,4295,4360
419,2020-09-27,13,2256,2269
419,2020-09-28,182,5984,6166
419,2020-09-29,203,6311,6514
419,2020-09-30,162,6447,6609
419,2020-10-01,112,6697,6809
419,2020-10-02,98,6757,6855
419,2020-10-03,41,4444,4485
419,2020-10-04,20,2366,2386
419,2020-10-05,134,6235,6369
419,2020-10-06,220,6554,6774
419,2020-10-07,162,6378,6540
419,2020-10-08,140,6696,6836
419,2020-10-09,117,6475,6592
419,2020-10-10,80,4296,4376
419,2020-10-11,6,2408,2414
419,2020-10-12,127,5950,6077
419,2020-10-13,188,6210,6398
419,2020-10-14,149,6425,6574
419,2020-10-15,214,6274,6488
419,2020-10-16,239,6206,6445
419,2020-10-17,67,4125,4192
419,2020-10-18,24,2451,2475
419,2020-10-19,296,5875,6171
419,2020-10-20,245,6600,6845
419,2020-10-21,166,6368,6534
419,2020-10-22,319,6280,6599
419,2020-10-23,153,6158,6311
419,2020-10-24,65,4005,4070
419,2020-10-25,10,2508,2518
419,2020-10-26,167,5663,5830
419,2020-10-27,175,5672,5847
419,2020-10-28,135,5639,5774
419,2020-10-29,164,5762,5926
419,2020-10-30,139,5590,5729
419,2020-11-01,3,1627,1630
419,2020-11-02,116,4811,4927
419,2020-11-03,145,5324,5469
419,2020-11-04,127,5351,5478
419,2020-11-05,117,5345,5462
419,2020-11-06,151,5138,5289
419,2020-11-07,78,3714,3792
419,2020-11-08,7,2055,2062
419,2020-11-09,140,5422,5562
419,2020-11-10,159,5894,6053
419,2020-11-11,151,5839,5990
419,2020-11-12,191,5789,5980
419,2020-11-13,190,5783,5973
419,2020-11-14,74,4087,4161
419,2020-11-15,27,4719,4746
419,2020-11-16,411,7509,7920
419,2020-11-17,466,7715,8181
419,2020-11-18,274,6228,6502
419,2020-11-19,240,5740,5980
419,2020-11-20,318,5940,6258
419,2020-11-21,198,9037,9235
419,2020-11-22,52,4728,4780
419,2020-11-23,322,5387,5709
419,2020-11-24,369,5478,5847
419,2020-11-25,361,5536,5897
419,2020-11-26,313,5415,5728
419,2020-11-27,301,5786,6087
419,2020-11-28,96,3719,3815
419,2020-11-29,15,2433,2448
419,2020-11-30,248,4997,5245
419,2020-12-01,245,5273,5518
419,2020-12-02,267,5464,5731
419,2020-12-03,121,5672,5793
419,2020-12-04,121,5764,5885
419,2020-12-05,68,3576,3644
419,2020-12-06,8,1925,1933
419,2020-12-07,151,5304,5455
419,2020-12-08,158,5363,5521
419,2020-12-09,276,5355,5631
419,2020-12-10,210,5463,5673
419,2020-12-11,257,5442,5699
419,2020-12-12,52,3373,3425
419,2020-12-13,11,2032,2043
419,2020-12-14,196,5371,5567
419,2020-12-15,203,5643,5846
419,2020-12-16,131,5751,5882
419,2020-12-17,135,5778,5913
419,2020-12-18,107,5941,6048
419,2020-12-19,52,3621,3673
419,2020-12-20,5,2166,2171
419,2020-12-21,85,4921,5006
419,2020-12-22,112,4722,4834
419,2020-12-23,73,4415,4488
419,2020-12-24,64,3197,3261
419,2020-12-25,9,1392,1401
419,2020-12-26,11,1416,1427
419,2020-12-27,3,954,957
419,2020-12-28,64,2550,2614
419,2020-12-29,49,2738,2787
419,2020-12-30,43,2892,2935
419,2020-12-31,36,2168,2204
420,2020-01-01,27,3340,3367
420,2020-01-02,177,12936,13113
420,2020-01-03,196,14225,14421
420,2020-01-04,94,11884,11978
420,2020-01-05,27,7434,7461
420,2020-01-06,400,16217,16617
420,2020-01-07,405,16432,16837
420,2020-01-08,304,15975,16279
420,2020-01-09,370,17041,17411
420,2020-01-10,360,17384,17744
420,2020-01-11,98,13960,14058
420,2020-01-12,28,6351,6379
420,2020-01-13,451,16639,17090
420,2020-01-14,497,17674,18171
420,2020-01-15,468,16605,17073
420,2020-01-16,510,17770,18280
420,2020-01-17,499,17811,18310
420,2020-01-18,159,14450,14609
420,2020-01-19,41,6168,6209
420,2020-01-20,531,16754,17285
420,2020-01-21,543,17263,17806
420,2020-01-22,543,16898,17441
420,2020-01-23,550,17840,18390
420,2020-01-24,577,18329,18906
420,2020-01-25,189,14642,14831
420,2020-01-26,26,6946,6972
420,2020-01-27,498,16583,17081
420,2020-01-28,576,17289,17865
420,2020-01-29,471,17089,17560
420,2020-01-30,496,17318,17814
420,2020-01-31,503,17648,18151
420,2020-02-01,134,14661,14795
420,2020-02-02,42,6739,6781
420,2020-02-03,546,16896,17442
420,2020-02-04,541,17427,17968
420,2020-02-05,517,16850,17367
420,2020-02-06,523,17435,17958
420,2020-02-07,517,18074,18591
420,2020-02-08,174,14192,14366
420,2020-02-10,452,14550,15002
420,2020-02-11,574,17465,18039
420,2020-02-12,543,17174,17717
420,2020-02-13,607,18635,19242
420,2020-02-14,479,18467,18946
420,2020-02-15,177,12530,12707
420,2020-02-16,33,4901,4934
420,2020-02-17,433,13746,14179
420,2020-02-18,544,14491,15035
420,2020-02-19,464,14356,14820
420,2020-02-20,441,14428,14869
420,2020-02-21,543,15718,16261
420,2020-02-22,212,11890,12102
420,2020-02-23,31,5633,5664
420,2020-02-24,553,16364,16917
420,2020-02-25,634,17248,17882
420,2020-02-26,710,16306,17016
420,2020-02-27,551,15107,15658
420,2020-02-28,761,18490,19251
420,2020-02-29,161,14037,14198
420,2020-03-01,42,6098,6140
420,2020-03-02,519,16514,17033
420,2020-03-03,523,16862,17385
420,2020-03-04,515,15897,16412
420,2020-03-05,544,16862,17406
420,2020-03-06,498,17380,17878
420,2020-03-07,124,14119,14243
420,2020-03-08,31,6191,6222
420,2020-03-09,459,15850,16309
420,2020-03-10,476,16422,16898
420,2020-03-11,509,16175,16684
420,2020-03-12,482,16015,16497
420,2020-03-13,571,15875,16446
420,2020-03-14,174,9922,10096
420,2020-03-15,39,3738,3777
420,2020-03-16,398,10126,10524
420,2020-03-17,378,8102,8480
420,2020-03-18,304,6608,6912
420,2020-03-19,247,5360,5607
420,2020-03-20,219,5085,5304
420,2020-03-21,68,2980,3048
420,2020-03-22,9,1246,1255
420,2020-03-23,142,4230,4372
420,2020-03-24,136,4097,4233
420,2020-03-25,132,4106,4238
420,2020-03-26,150,4081,4231
420,2020-03-27,136,4718,4854
420,2020-03-28,79,3480,3559
420,2020-03-30,155,4537,4692
420,2020-03-31,158,4268,4426
420,2020-04-01,136,4376,4512
420,2020-04-02,151,4568,4719
420,2020-04-03,153,5107,5260
420,2020-04-04,62,3860,3922
420,2020-04-05,9,1369,1378
420,2020-04-06,139,4731,4870
420,2020-04-07,178,5001,5179
420,2020-04-08,159,5088,5247
420,2020-04-09,172,5413,5585
420,2020-04-10,165,5806,5971
420,2020-04-11,73,4338,4411
420,2020-04-12,3,1297,1300
420,2020-04-13,16,1283,1299
420,2020-04-14,136,5528,5664
420,2020-04-15,162,5271,5433
420,2020-04-16,179,5401,5580
420,2020-04-17,193,6186,6379
420,2020-04-18,77,4608,4685
420,2020-04-19,13,1739,1752
420,2020-04-20,292,7801,8093
420,2020-04-21,413,8054,8467
420,2020-04-22,421,8181,8602
420,2020-04-23,410,8541,8951
420,2020-04-24,439,9285,9724
420,2020-04-25,133,7121,7254
420,2020-04-26,37,2174,2211
420,2020-04-27,410,8952,9362
420,2020-04-28,488,8701,9189
420,2020-04-29,424,8768,9192
420,2020-04-30,462,9745,10207
420,2020-05-01,42,1947,1989
420,2020-05-02,83,8320,8403
420,2020-05-03,20,2212,2232
420,2020-05-04,399,9561,9960
420,2020-05-05,525,9486,10011
420,2020-05-06,578,9565,10143
420,2020-05-07,576,9885,10461
420,2020-05-08,499,10993,11492
420,2020-05-09,26,3525,3551
420,2020-05-10,17,2916,2933
420,2020-05-11,402,10432,10834
420,2020-05-12,318,9591,9909
420,2020-05-13,354,9809,10163
420,2020-05-14,350,9596,9946
420,2020-05-15,377,11145,11522
420,2020-05-16,174,10068,10242
420,2020-05-17,15,3627,3642
420,2020-05-18,446,11607,12053
420,2020-05-19,472,12252,12724
420,2020-05-20,450,13076,13526
420,2020-05-21,38,3550,3588
420,2020-05-22,330,12819,13149
420,2020-05-23,123,10514,10637
420,2020-05-24,42,3552,3594
420,2020-05-25,470,12545,13015
420,2020-05-26,492,12284,12776
420,2020-05-27,462,12238,12700
420,2020-05-28,494,12881,13375
420,2020-05-29,464,14462,14926
420,2020-05-30,174,11648,11822
420,2020-05-31,9,4126,4135
420,2020-06-01,24,3973,3997
420,2020-06-02,415,13589,14004
420,2020-06-03,400,13328,13728
420,2020-06-04,381,13274,13655
420,2020-06-05,460,13585,14045
420,2020-06-06,191,11531,11722
420,2020-06-07,45,4107,4152
420,2020-06-08,456,13163,13619
420,2020-06-09,473,13436,13909
420,2020-06-10,455,13498,13953
420,2020-06-11,477,13804,14281
420,2020-06-12,455,14174,14629
420,2020-06-13,183,12209,12392
420,2020-06-14,37,4650,4687
420,2020-06-15,438,13664,14102
420,2020-06-16,477,13940,14417
420,2020-06-17,449,13710,14159
420,2020-06-18,442,13747,14189
420,2020-06-19,489,14733,15222
420,2020-06-20,146,11468,11614
420,2020-06-21,50,4432,4482
420,2020-06-22,362,13574,13936
420,2020-06-23,52,4210,4262
420,2020-06-24,473,14055,14528
420,2020-06-25,448,14179,14627
420,2020-06-26,480,15476,15956
420,2020-06-27,168,12699,12867
420,2020-06-28,38,6567,6605
420,2020-06-29,512,15810,16322
420,2020-06-30,567,15575,16142
420,2020-07-01,579,14667,15246
420,2020-07-02,519,15139,15658
420,2020-07-03,509,15968,16477
420,2020-07-04,170,12562,12732
420,2020-07-05,65,5211,5276
420,2020-07-06,433,13977,14410
420,2020-07-07,563,14258,14821
420,2020-07-08,491,14029,14520
420,2020-07-09,491,13989,14480
420,2020-07-10,501,14772,15273
420,2020-07-11,155,11351,11506
420,2020-07-12,60,4644,4704
420,2020-07-13,455,13878,14333
420,2020-07-14,475,14167,14642
420,2020-07-15,394,13948,14342
420,2020-07-16,498,14052,14550
420,2020-07-17,537,14665,15202
420,2020-07-18,197,11337,11534
420,2020-07-19,56,4868,4924
420,2020-07-20,488,13130,13618
420,2020-07-21,458,13401,13859
420,2020-07-22,451,13230,13681
420,2020-07-23,408,13132,13540
420,2020-07-24,445,13514,13959
420,2020-07-25,171,10736,10907
420,2020-07-26,58,4094,4152
420,2020-07-27,429,12715,13144
420,2020-07-28,461,12849,13310
420,2020-07-29,406,12931,13337
420,2020-07-30,350,12918,13268
420,2020-07-31,284,12592,12876
420,2020-08-01,113,9374,9487
420,2020-08-02,32,3864,3896
420,2020-08-03,258,11313,11571
420,2020-08-04,261,11346,11607
420,2020-08-05,267,11218,11485
420,2020-08-06,277,11106,11383
420,2020-08-07,298,11481,11779
420,2020-08-08,112,8929,9041
420,2020-08-09,27,3604,3631
420,2020-08-10,223,10669,10892
420,2020-08-11,263,10809,11072
420,2020-08-12,241,10573,10814
420,2020-08-13,267,10864,11131
420,2020-08-14,271,11739,12010
420,2020-08-15,37,4179,4216
420,2020-08-16,42,4183,4225
420,2020-08-17,240,11410,11650
420,2020-08-18,265,11212,11477
420,2020-08-19,220,11225,11445
420,2020-08-20,280,10984,11264
420,2020-08-21,276,11626,11902
420,2020-08-22,111,9425,9536
420,2020-08-23,36,4292,4328
420,2020-08-24,361,11802,12163
420,2020-08-25,339,11970,12309
420,2020-08-26,401,12119,12520
420,2020-08-27,398,12808,13206
420,2020-08-28,439,13713,14152
420,2020-08-29,139,11008,11147
420,2020-08-30,32,7077,7109
420,2020-08-31,334,13710,14044
420,2020-09-01,395,13618,14013
420,2020-09-02,410,13662,14072
420,2020-09-03,449,14056,14505
420,2020-09-04,466,14292,14758
420,2020-09-05,166,11026,11192
420,2020-09-06,39,4955,4994
420,2020-09-07,406,14193,14599
420,2020-09-08,438,14279,14717
420,2020-09-09,414,14190,14604
420,2020-09-10,456,14784,15240
420,2020-09-11,440,14920,15360
420,2020-09-12,137,11824,11961
420,2020-09-13,46,5307,5353
420,2020-09-14,477,14335,14812
420,2020-09-15,456,14542,14998
420,2020-09-16,395,13963,14358
420,2020-09-17,476,14933,15409
420,2020-09-18,455,15575,16030
420,2020-09-19,132,12437,12569
420,2020-09-20,44,5161,5205
420,2020-09-21,460,14616,15076
420,2020-09-22,451,14889,15340
420,2020-09-23,450,14978,15428
420,2020-09-24,496,15242,15738
420,2020-09-25,464,15866,16330
420,2020-09-26,123,14240,14363
420,2020-09-27,39,5162,5201
420,2020-09-28,440,15193,15633
420,2020-09-29,489,15565,16054
420,2020-09-30,445,15141,15586
420,2020-10-01,549,15654,16203
420,2020-10-02,429,15994,16423
420,2020-10-03,127,13818,13945
420,2020-10-04,112,8168,8280
420,2020-10-05,429,14893,15322
420,2020-10-06,521,15232,15753
420,2020-10-07,439,15126,15565
420,2020-10-08,511,15624,16135
420,2020-10-09,485,16228,16713
420,2020-10-10,134,13501,13635
420,2020-10-11,61,6111,6172
420,2020-10-12,448,14641,15089
420,2020-10-13,518,15478,15996
420,2020-10-14,481,15140,15621
420,2020-10-15,477,15629,16106
420,2020-10-16,510,16228,16738
420,2020-10-17,126,13437,13563
420,2020-10-18,44,5140,5184
420,2020-10-19,485,14718,15203
420,2020-10-20,472,15223,15695
420,2020-10-21,424,14544,14968
420,2020-10-22,478,15059,15537
420,2020-10-23,436,15741,16177
420,2020-10-24,168,12810,12978
420,2020-10-25,46,6653,6699
420,2020-10-26,444,13926,14370
420,2020-10-27,529,14305,14834
420,2020-10-28,491,13879,14370
420,2020-10-29,527,14487,15014
420,2020-10-30,506,15017,15523
420,2020-11-01,24,3706,3730
420,2020-11-02,438,13183,13621
420,2020-11-03,448,13293,13741
420,2020-11-04,421,13307,13728
420,2020-11-05,448,13342,13790
420,2020-11-06,415,14201,14616
420,2020-11-07,127,11610,11737
420,2020-11-08,212,6997,7209
420,2020-11-09,448,13607,14055
420,2020-11-10,443,14362,14805
420,2020-11-11,479,15316,15795
420,2020-11-12,510,14714,15224
420,2020-11-13,486,15871,16357
420,2020-11-14,133,13143,13276
420,2020-11-15,29,4348,4377
420,2020-11-16,446,14398,14844
420,2020-11-17,473,14658,15131
420,2020-11-18,434,14581,15015
420,2020-11-19,473,15159,15632
420,2020-11-20,524,15834,16358
420,2020-11-21,160,13797,13957
420,2020-11-22,28,4594,4622
420,2020-11-23,474,14335,14809
420,2020-11-24,544,14933,15477
420,2020-11-25,491,14801,15292
420,2020-11-26,503,14393,14896
420,2020-11-27,492,16906,17398
420,2020-11-28,124,13357,13481
420,2020-11-29,61,6493,6554
420,2020-11-30,503,13815,14318
420,2020-12-01,454,13922,14376
420,2020-12-03,466,14533,14999
420,2020-12-04,460,15770,16230
420,2020-12-05,118,12849,12967
420,2020-12-06,41,5896,5937
420,2020-12-07,459,13511,13970
420,2020-12-08,518,13809,14327
420,2020-12-09,525,13703,14228
420,2020-12-10,555,14232,14787
420,2020-12-11,427,15232,15659
420,2020-12-12,111,12360,12471
420,2020-12-13,39,6069,6108
420,2020-12-14,492,13962,14454
420,2020-12-15,482,14446,14928
420,2020-12-16,494,14600,15094
420,2020-12-17,418,15075,15493
420,2020-12-18,392,16070,16462
420,2020-12-19,104,12413,12517
420,2020-12-20,36,6602,6638
420,2020-12-21,223,14859,15082
420,2020-12-22,278,14876,15154
420,2020-12-23,261,15218,15479
420,2020-12-24,136,10930,11066
420,2020-12-25,16,2535,2551
420,2020-12-26,36,2747,2783
420,2020-12-27,54,2982,3036
420,2020-12-28,200,7535,7735
420,2020-12-29,177,7612,7789
420,2020-12-30,150,8345,8495
420,2020-12-31,142,6547,6689
421,2020-01-01,8,858,866
421,2020-01-02,28,3053,3081
421,2020-01-03,21,3375,3396
421,2020-01-04,17,2611,2628
421,2020-01-05,3,1890,1893
421,2020-01-06,45,4102,4147
421,2020-01-07,46,4425,4471
421,2020-01-08,60,4264,4324
421,2020-01-09,45,4596,4641
421,2020-01-10,33,4664,4697
421,2020-01-11,21,3265,3286
421,2020-01-12,4,1418,1422
421,2020-01-13,52,4530,4582
421,2020-01-15,64,4680,4744
421,2020-01-16,54,4861,4915
421,2020-01-17,46,4673,4719
421,2020-01-18,20,3063,3083
421,2020-01-19,6,1285,1291
421,2020-01-20,70,4399,4469
421,2020-01-21,62,4943,5005
421,2020-01-22,58,4655,4713
421,2020-01-23,77,4714,4791
421,2020-01-24,67,4859,4926
421,2020-01-25,13,3170,3183
421,2020-01-26,3,1482,1485
421,2020-01-27,60,4599,4659
421,2020-01-28,77,4662,4739
421,2020-01-29,53,4641,4694
421,2020-01-30,54,4764,4818
421,2020-01-31,51,4649,4700
421,2020-02-01,12,3122,3134
421,2020-02-02,3,1388,1391
421,2020-02-03,56,4606,4662
421,2020-02-04,56,4296,4352
421,2020-02-05,56,4642,4698
421,2020-02-06,48,4896,4944
421,2020-02-07,58,4811,4869
421,2020-02-08,17,3144,3161
421,2020-02-09,6,922,928
421,2020-02-10,26,1272,1298
421,2020-02-11,66,4640,4706
421,2020-02-12,50,4717,4767
421,2020-02-13,60,4895,4955
421,2020-02-14,62,4840,4902
421,2020-02-15,24,2999,3023
421,2020-02-16,6,1117,1123
421,2020-02-17,27,3422,3449
421,2020-02-18,40,3633,3673
421,2020-02-19,32,3879,3911
421,2020-02-20,43,3638,3681
421,2020-02-21,31,3905,3936
421,2020-02-22,13,2715,2728
421,2020-02-23,6,1154,1160
421,2020-02-24,38,2714,2752
421,2020-02-25,28,2786,2814
421,2020-02-26,33,2783,2816
421,2020-02-27,38,2465,2503
421,2020-02-28,32,3083,3115
421,2020-02-29,20,3006,3026
421,2020-03-01,5,1436,1441
421,2020-03-02,51,4471,4522
421,2020-03-03,61,4612,4673
421,2020-03-04,43,4678,4721
421,2020-03-05,55,5052,5107
421,2020-03-06,62,5186,5248
421,2020-03-07,16,3430,3446
421,2020-03-08,4,1546,1550
421,2020-03-09,47,4543,4590
421,2020-03-10,65,4807,4872
421,2020-03-11,53,4595,4648
421,2020-03-12,54,4595,4649
421,2020-03-13,69,4330,4399
421,2020-03-14,27,2224,2251
421,2020-03-15,14,1215,1229
421,2020-03-16,36,2734,2770
421,2020-03-17,37,2425,2462
421,2020-03-18,42,1931,1973
421,2020-03-19,36,1557,1593
421,2020-03-20,22,1467,1489
421,2020-03-21,9,662,671
421,2020-03-22,5,412,417
421,2020-03-23,29,1164,1193
421,2020-03-24,44,1116,1160
421,2020-03-25,32,1126,1158
421,2020-03-26,15,1174,1189
421,2020-03-27,22,1264,1286
421,2020-03-28,26,993,1019
421,2020-03-30,16,1242,1258
421,2020-03-31,19,1188,1207
421,2020-04-02,18,1251,1269
421,2020-04-03,16,1423,1439
421,2020-04-04,6,939,945
421,2020-04-05,4,555,559
421,2020-04-06,25,1457,1482
421,2020-04-07,19,1443,1462
421,2020-04-08,30,1545,1575
421,2020-04-09,22,1517,1539
421,2020-04-10,22,1633,1655
421,2020-04-11,2,1294,1296
421,2020-04-12,2,555,557
421,2020-04-13,2,461,463
421,2020-04-14,17,1575,1592
421,2020-04-15,15,1617,1632
421,2020-04-16,16,1597,1613
421,2020-04-17,17,1715,1732
421,2020-04-18,3,1171,1174
421,2020-04-19,0,677,677
421,2020-04-20,35,1935,1970
421,2020-04-21,44,2084,2128
421,2020-04-22,52,2201,2253
421,2020-04-23,36,2253,2289
421,2020-04-24,46,2506,2552
421,2020-04-25,16,1827,1843
421,2020-04-26,4,1200,1204
421,2020-04-27,63,2544,2607
421,2020-04-28,32,2359,2391
421,2020-04-29,36,2347,2383
421,2020-04-30,41,2477,2518
421,2020-05-02,11,1670,1681
421,2020-05-03,4,1001,1005
421,2020-05-04,42,2666,2708
421,2020-05-05,60,2725,2785
421,2020-05-06,51,2832,2883
421,2020-05-07,63,3325,3388
421,2020-05-08,55,3168,3223
421,2020-05-09,3,1100,1103
421,2020-05-10,2,954,956
421,2020-05-11,46,3073,3119
421,2020-05-12,57,3280,3337
421,2020-05-13,39,3271,3310
421,2020-05-14,43,3513,3556
421,2020-05-15,53,3901,3954
421,2020-05-16,23,2961,2984
421,2020-05-17,12,1705,1717
421,2020-05-18,59,3679,3738
421,2020-05-19,54,4302,4356
421,2020-05-20,51,3886,3937
421,2020-05-21,3,1748,1751
421,2020-05-22,57,3614,3671
421,2020-05-23,18,2699,2717
421,2020-05-24,6,1342,1348
421,2020-05-25,64,3830,3894
421,2020-05-26,53,3987,4040
421,2020-05-27,65,4091,4156
421,2020-05-28,64,4083,4147
421,2020-05-29,68,4258,4326
421,2020-05-30,20,3135,3155
421,2020-05-31,12,1723,1735
421,2020-06-01,12,1738,1750
421,2020-06-02,54,3921,3975
421,2020-06-03,45,3452,3497
421,2020-06-04,36,3439,3475
421,2020-06-05,38,3630,3668
421,2020-06-06,13,2796,2809
421,2020-06-07,5,1391,1396
421,2020-06-08,68,3792,3860
421,2020-06-09,77,3822,3899
421,2020-06-10,68,3694,3762
421,2020-06-11,59,3983,4042
421,2020-06-12,84,4038,4122
421,2020-06-13,20,2977,2997
421,2020-06-14,13,1488,1501
421,2020-06-15,44,3660,3704
421,2020-06-16,59,3963,4022
421,2020-06-17,49,3835,3884
421,2020-06-18,53,3960,4013
421,2020-06-19,65,4234,4299
421,2020-06-20,20,3014,3034
421,2020-06-21,15,1533,1548
421,2020-06-22,63,3608,3671
421,2020-06-23,13,1613,1626
421,2020-06-24,65,4229,4294
421,2020-06-25,66,4315,4381
421,2020-06-26,76,4442,4518
421,2020-06-27,24,3138,3162
421,2020-06-28,17,2076,2093
421,2020-06-29,55,4383,4438
421,2020-06-30,70,4592,4662
421,2020-07-01,83,4360,4443
421,2020-07-02,75,4312,4387
421,2020-07-03,62,4774,4836
421,2020-07-04,44,3226,3270
421,2020-07-05,14,1536,1550
421,2020-07-06,62,4000,4062
421,2020-07-07,60,4186,4246
421,2020-07-08,54,4230,4284
421,2020-07-09,61,4416,4477
421,2020-07-10,71,4313,4384
421,2020-07-11,21,3149,3170
421,2020-07-12,10,1613,1623
421,2020-07-13,56,3861,3917
421,2020-07-14,69,3998,4067
421,2020-07-15,44,3882,3926
421,2020-07-16,321,6907,7228
421,2020-07-17,301,6550,6851
421,2020-07-18,237,4464,4701
421,2020-07-19,39,4335,4374
421,2020-07-20,76,4084,4160
421,2020-07-21,211,5024,5235
421,2020-07-22,256,5132,5388
421,2020-07-23,71,4078,4149
421,2020-07-24,54,4003,4057
421,2020-07-25,35,3152,3187
421,2020-07-26,14,1503,1517
421,2020-07-27,38,3717,3755
421,2020-07-28,65,3855,3920
421,2020-07-29,47,4070,4117
421,2020-07-30,55,3914,3969
421,2020-07-31,60,3835,3895
421,2020-09-01,56,2977,3033
421,2020-09-02,55,3321,3376
421,2020-09-03,66,3561,3627
421,2020-09-04,48,3672,3720
421,2020-09-05,22,2639,2661
421,2020-09-06,6,1326,1332
421,2020-09-07,34,3654,3688
421,2020-09-08,55,3786,3841
421,2020-09-09,59,3918,3977
421,2020-09-10,61,4142,4203
421,2020-09-11,55,4208,4263
421,2020-09-12,15,2945,2960
421,2020-09-13,11,1644,1655
421,2020-09-14,48,3895,3943
421,2020-09-15,43,3857,3900
421,2020-09-16,71,3745,3816
421,2020-09-17,24,1781,1805
421,2020-09-18,57,4106,4163
421,2020-09-19,19,2946,2965
421,2020-09-20,9,1590,1599
421,2020-09-21,59,3993,4052
421,2020-09-22,56,3999,4055
421,2020-09-23,71,4194,4265
421,2020-09-24,61,4162,4223
421,2020-09-25,55,4296,4351
421,2020-09-26,18,3504,3522
421,2020-09-27,9,1310,1319
421,2020-09-28,45,4079,4124
421,2020-09-29,57,4336,4393
421,2020-09-30,76,4323,4399
421,2020-10-01,53,4447,4500
421,2020-10-02,45,4598,4643
421,2020-10-03,18,3554,3572
421,2020-10-04,9,1760,1769
421,2020-10-05,46,4161,4207
421,2020-10-06,55,4282,4337
421,2020-10-07,50,4322,4372
421,2020-10-08,46,4329,4375
421,2020-10-09,57,4396,4453
421,2020-10-10,13,3137,3150
421,2020-10-11,7,1481,1488
421,2020-10-12,57,3982,4039
421,2020-10-13,80,4197,4277
421,2020-10-14,59,4277,4336
421,2020-10-15,64,4304,4368
421,2020-10-16,65,4527,4592
421,2020-10-17,16,3139,3155
421,2020-10-18,10,1447,1457
421,2020-10-19,57,4062,4119
421,2020-10-20,55,4357,4412
421,2020-10-21,59,4232,4291
421,2020-10-22,63,4312,4375
421,2020-10-23,56,4355,4411
421,2020-10-24,17,3029,3046
421,2020-10-25,6,1744,1750
421,2020-10-26,62,3761,3823
421,2020-10-27,48,3767,3815
421,2020-10-28,51,3790,3841
421,2020-10-29,48,3896,3944
421,2020-10-30,61,3881,3942
421,2020-11-01,6,857,863
421,2020-11-02,37,3161,3198
421,2020-11-03,42,3457,3499
421,2020-11-04,44,3515,3559
421,2020-11-05,50,3395,3445
421,2020-11-06,50,3524,3574
421,2020-11-07,18,2730,2748
421,2020-11-08,11,1377,1388
421,2020-11-09,71,3493,3564
421,2020-11-10,60,3962,4022
421,2020-11-11,57,3960,4017
421,2020-11-12,65,3821,3886
421,2020-11-13,69,4172,4241
421,2020-11-14,26,3140,3166
421,2020-11-15,13,1265,1278
421,2020-11-16,96,4422,4518
421,2020-11-17,94,4599,4693
421,2020-11-18,78,4157,4235
421,2020-11-19,55,3944,3999
421,2020-11-20,68,4334,4402
421,2020-11-21,21,3374,3395
421,2020-11-22,13,1280,1293
421,2020-11-23,61,3871,3932
421,2020-11-24,69,3932,4001
421,2020-11-25,46,3937,3983
421,2020-11-26,61,3885,3946
421,2020-11-27,61,4523,4584
421,2020-11-28,17,2893,2910
421,2020-11-29,3,1774,1777
421,2020-11-30,56,3556,3612
421,2020-12-02,70,3731,3801
421,2020-12-03,63,3869,3932
421,2020-12-04,67,4213,4280
421,2020-12-05,11,2814,2825
421,2020-12-06,6,1391,1397
421,2020-12-07,50,3577,3627
421,2020-12-08,62,3579,3641
421,2020-12-09,90,3794,3884
421,2020-12-10,79,3764,3843
421,2020-12-11,82,3763,3845
421,2020-12-12,19,2592,2611
421,2020-12-13,10,1548,1558
421,2020-12-14,59,3830,3889
421,2020-12-15,56,3925,3981
421,2020-12-16,74,3950,4024
421,2020-12-17,55,4056,4111
421,2020-12-18,47,4292,4339
421,2020-12-19,12,2917,2929
421,2020-12-20,7,1693,1700
421,2020-12-21,29,3789,3818
421,2020-12-22,41,3570,3611
421,2020-12-23,26,3211,3237
421,2020-12-24,20,2432,2452
421,2020-12-25,3,796,799
421,2020-12-26,9,813,822
421,2020-12-27,5,562,567
421,2020-12-28,12,1612,1624
421,2020-12-29,24,1694,1718
421,2020-12-30,26,1921,1947
422,2020-01-01,11,1640,1651
422,2020-01-02,35,3264,3299
422,2020-01-03,29,3644,3673
422,2020-01-04,26,2729,2755
422,2020-01-05,11,2312,2323
422,2020-01-06,79,4920,4999
422,2020-01-07,87,5429,5516
422,2020-01-08,41,5232,5273
422,2020-01-09,75,5594,5669
422,2020-01-10,96,5540,5636
422,2020-01-11,32,3401,3433
422,2020-01-12,22,2444,2466
422,2020-01-13,122,6002,6124
422,2020-01-14,147,6062,6209
422,2020-01-15,149,5753,5902
422,2020-01-16,167,6291,6458
422,2020-01-17,124,6194,6318
422,2020-01-18,37,3759,3796
422,2020-01-19,5,2547,2552
422,2020-01-20,154,5705,5859
422,2020-01-21,168,6094,6262
422,2020-01-22,172,5619,5791
422,2020-01-23,156,6119,6275
422,2020-01-24,184,6036,6220
422,2020-01-25,41,3345,3386
422,2020-01-26,13,2365,2378
422,2020-01-27,64,5981,6045
422,2020-01-28,94,6041,6135
422,2020-01-29,125,5816,5941
422,2020-01-30,140,5932,6072
422,2020-01-31,142,6054,6196
422,2020-02-01,20,3534,3554
422,2020-02-02,3,2450,2453
422,2020-02-03,123,6066,6189
422,2020-02-04,133,5851,5984
422,2020-02-05,155,5824,5979
422,2020-02-06,184,6122,6306
422,2020-02-07,148,6040,6188
422,2020-02-08,55,3541,3596
422,2020-02-09,20,2144,2164
422,2020-02-10,106,6096,6202
422,2020-02-11,177,6074,6251
422,2020-02-12,127,5955,6082
422,2020-02-13,124,6016,6140
422,2020-02-14,119,5967,6086
422,2020-02-15,48,3504,3552
422,2020-02-16,12,2279,2291
422,2020-02-17,158,4988,5146
422,2020-02-18,152,4885,5037
422,2020-02-19,124,4781,4905
422,2020-02-20,146,5573,5719
422,2020-02-21,169,5341,5510
422,2020-02-22,66,3234,3300
422,2020-02-23,11,2163,2174
422,2020-02-24,104,5735,5839
422,2020-02-25,153,5833,5986
422,2020-02-26,112,5738,5850
422,2020-02-27,81,5289,5370
422,2020-02-28,132,5558,5690
422,2020-02-29,37,3653,3690
422,2020-03-01,13,2622,2635
422,2020-03-02,207,7192,7399
422,2020-03-03,170,5947,6117
422,2020-03-04,138,5729,5867
422,2020-03-05,86,6526,6612
422,2020-03-06,118,5951,6069
422,2020-03-07,50,3793,3843
422,2020-03-08,15,2519,2534
422,2020-03-09,139,5703,5842
422,2020-03-10,78,5748,5826
422,2020-03-11,143,5456,5599
422,2020-03-12,145,5663,5808
422,2020-03-13,187,6112,6299
422,2020-03-14,55,2762,2817
422,2020-03-15,7,2028,2035
422,2020-03-16,148,3653,3801
422,2020-03-17,211,3087,3298
422,2020-03-18,202,2409,2611
422,2020-03-19,130,2022,2152
422,2020-03-20,86,2004,2090
422,2020-03-21,19,979,998
422,2020-03-22,5,754,759
422,2020-03-23,67,1459,1526
422,2020-03-24,45,1478,1523
422,2020-03-25,57,1449,1506
422,2020-03-26,71,1472,1543
422,2020-03-27,58,1653,1711
422,2020-03-28,38,1267,1305
422,2020-03-30,79,1534,1613
422,2020-03-31,49,1573,1622
422,2020-04-01,47,1561,1608
422,2020-04-02,49,1576,1625
422,2020-04-03,51,1649,1700
422,2020-04-04,21,1307,1328
422,2020-04-05,5,901,906
422,2020-04-06,35,1736,1771
422,2020-04-07,42,1715,1757
422,2020-04-08,37,1843,1880
422,2020-04-09,42,1779,1821
422,2020-04-10,39,1960,1999
422,2020-04-11,48,1564,1612
422,2020-04-12,1,840,841
422,2020-04-13,3,737,740
422,2020-04-14,48,1911,1959
422,2020-04-15,41,1973,2014
422,2020-04-16,54,1965,2019
422,2020-04-17,53,2216,2269
422,2020-04-18,27,1745,1772
422,2020-04-19,8,1056,1064
422,2020-04-20,90,2464,2554
422,2020-04-21,112,2396,2508
422,2020-04-22,112,2758,2870
422,2020-04-23,104,3034,3138
422,2020-04-24,132,3087,3219
422,2020-04-25,43,2275,2318
422,2020-04-26,10,1404,1414
422,2020-04-27,150,3324,3474
422,2020-04-28,177,2993,3170
422,2020-04-29,148,2990,3138
422,2020-04-30,108,3141,3249
422,2020-05-01,7,1129,1136
422,2020-05-02,32,2131,2163
422,2020-05-03,13,1442,1455
422,2020-05-04,153,3127,3280
422,2020-05-05,167,3340,3507
422,2020-05-06,155,3502,3657
422,2020-05-07,242,3369,3611
422,2020-05-08,167,3829,3996
422,2020-05-09,100,1660,1760
422,2020-05-10,32,1604,1636
422,2020-05-11,175,3833,4008
422,2020-05-12,184,4045,4229
422,2020-05-13,177,4132,4309
422,2020-05-14,148,4189,4337
422,2020-05-15,159,4698,4857
422,2020-05-16,62,3886,3948
422,2020-05-17,14,2520,2534
422,2020-05-18,148,4203,4351
422,2020-05-19,150,4384,4534
422,2020-05-20,142,4661,4803
422,2020-05-21,18,2354,2372
422,2020-05-22,90,4493,4583
422,2020-05-23,42,3201,3243
422,2020-05-24,11,2241,2252
422,2020-05-25,497,7013,7510
422,2020-05-26,579,7306,7885
422,2020-05-27,592,7575,8167
422,2020-05-28,534,7526,8060
422,2020-05-29,470,7166,7636
422,2020-05-30,65,3854,3919
422,2020-05-31,17,2480,2497
422,2020-06-01,16,2351,2367
422,2020-06-02,158,5154,5312
422,2020-06-03,178,5024,5202
422,2020-06-04,173,4899,5072
422,2020-06-05,149,4888,5037
422,2020-06-06,50,3146,3196
422,2020-06-07,21,2302,2323
422,2020-06-08,160,4585,4745
422,2020-06-09,158,4797,4955
422,2020-06-10,139,4945,5084
422,2020-06-11,120,4996,5116
422,2020-06-12,182,5222,5404
422,2020-06-13,48,3598,3646
422,2020-06-14,18,2585,2603
422,2020-06-15,158,4828,4986
422,2020-06-16,147,5431,5578
422,2020-06-17,141,5257,5398
422,2020-06-18,164,5415,5579
422,2020-06-19,182,5407,5589
422,2020-06-20,78,3887,3965
422,2020-06-21,37,2501,2538
422,2020-06-22,108,4226,4334
422,2020-06-23,36,2418,2454
422,2020-06-24,179,5467,5646
422,2020-06-25,161,5763,5924
422,2020-06-26,167,5349,5516
422,2020-06-27,41,3615,3656
422,2020-06-28,11,2410,2421
422,2020-06-29,169,5187,5356
422,2020-06-30,196,5395,5591
422,2020-07-01,174,5565,5739
422,2020-07-02,163,5562,5725
422,2020-07-03,171,5627,5798
422,2020-07-04,46,3524,3570
422,2020-07-05,12,2408,2420
422,2020-07-06,168,5130,5298
422,2020-07-07,205,5698,5903
422,2020-07-08,181,5376,5557
422,2020-07-09,155,5771,5926
422,2020-07-10,191,5808,5999
422,2020-07-11,63,3728,3791
422,2020-07-12,27,2741,2768
422,2020-07-13,172,5154,5326
422,2020-07-14,180,5510,5690
422,2020-07-15,151,5350,5501
422,2020-07-16,158,5298,5456
422,2020-07-17,158,5489,5647
422,2020-07-18,63,3604,3667
422,2020-07-19,26,2519,2545
422,2020-07-20,131,4795,4926
422,2020-07-21,161,5352,5513
422,2020-07-22,178,5352,5530
422,2020-07-23,191,5126,5317
422,2020-07-24,171,5221,5392
422,2020-07-25,60,3349,3409
422,2020-07-26,19,2396,2415
422,2020-07-27,125,4659,4784
422,2020-07-28,164,4761,4925
422,2020-07-29,144,5228,5372
422,2020-07-30,132,4989,5121
422,2020-07-31,140,4934,5074
422,2020-08-01,48,3090,3138
422,2020-08-02,15,2297,2312
422,2020-08-03,85,3785,3870
422,2020-08-04,102,4032,4134
422,2020-08-05,102,3989,4091
422,2020-08-06,90,3963,4053
422,2020-08-07,95,3936,4031
422,2020-08-08,27,2795,2822
422,2020-08-09,14,2020,2034
422,2020-08-10,43,3492,3535
422,2020-08-11,76,3626,3702
422,2020-08-12,62,3605,3667
422,2020-08-13,99,3727,3826
422,2020-08-14,82,3771,3853
422,2020-08-15,16,2318,2334
422,2020-08-16,12,2136,2148
422,2020-08-17,50,3348,3398
422,2020-08-18,84,3642,3726
422,2020-08-19,70,3638,3708
422,2020-08-20,78,3754,3832
422,2020-08-21,85,3694,3779
422,2020-08-22,41,2928,2969
422,2020-08-23,13,2189,2202
422,2020-08-24,111,3905,4016
422,2020-08-25,115,4139,4254
422,2020-08-26,131,4236,4367
422,2020-08-27,180,4247,4427
422,2020-08-28,186,4335,4521
422,2020-08-29,47,2798,2845
422,2020-08-30,14,2180,2194
422,2020-08-31,119,4340,4459
422,2020-09-01,140,4477,4617
422,2020-09-02,121,4555,4676
422,2020-09-03,145,4578,4723
422,2020-09-04,223,4872,5095
422,2020-09-05,86,3197,3283
422,2020-09-06,12,2463,2475
422,2020-09-07,192,4751,4943
422,2020-09-08,119,5122,5241
422,2020-09-09,164,5049,5213
422,2020-09-10,160,5258,5418
422,2020-09-11,153,5321,5474
422,2020-09-12,50,3729,3779
422,2020-09-13,15,2864,2879
422,2020-09-14,163,5180,5343
422,2020-09-15,127,5492,5619
422,2020-09-16,291,6094,6385
422,2020-09-17,171,5455,5626
422,2020-09-18,203,5922,6125
422,2020-09-19,56,3778,3834
422,2020-09-20,23,3568,3591
422,2020-09-21,149,5218,5367
422,2020-09-22,159,5631,5790
422,2020-09-23,208,6504,6712
422,2020-09-24,169,5334,5503
422,2020-09-25,172,5572,5744
422,2020-09-26,78,3726,3804
422,2020-09-27,12,2567,2579
422,2020-09-28,179,5310,5489
422,2020-09-29,192,5477,5669
422,2020-09-30,218,5744,5962
422,2020-10-01,173,5902,6075
422,2020-10-02,140,5745,5885
422,2020-10-03,54,3675,3729
422,2020-10-04,16,2580,2596
422,2020-10-05,115,5226,5341
422,2020-10-06,119,5858,5977
422,2020-10-07,176,5306,5482
422,2020-10-08,157,6182,6339
422,2020-10-09,118,5744,5862
422,2020-10-10,49,3843,3892
422,2020-10-11,14,2782,2796
422,2020-10-12,147,5279,5426
422,2020-10-13,189,5325,5514
422,2020-10-14,200,5446,5646
422,2020-10-15,173,5468,5641
422,2020-10-16,173,5605,5778
422,2020-10-17,71,3740,3811
422,2020-10-18,16,2502,2518
422,2020-10-19,166,5127,5293
422,2020-10-20,187,5919,6106
422,2020-10-21,136,5260,5396
422,2020-10-22,141,5384,5525
422,2020-10-23,109,5338,5447
422,2020-10-24,56,3525,3581
422,2020-10-25,13,2184,2197
422,2020-10-26,136,4679,4815
422,2020-10-27,157,4704,4861
422,2020-10-28,112,4952,5064
422,2020-10-29,121,4923,5044
422,2020-10-30,132,4896,5028
422,2020-11-01,12,1820,1832
422,2020-11-02,107,4283,4390
422,2020-11-03,154,4875,5029
422,2020-11-04,171,4555,4726
422,2020-11-05,160,4405,4565
422,2020-11-06,186,4736,4922
422,2020-11-07,45,3131,3176
422,2020-11-08,18,2278,2296
422,2020-11-09,154,4375,4529
422,2020-11-10,170,4904,5074
422,2020-11-11,156,4702,4858
422,2020-11-12,179,4763,4942
422,2020-11-13,148,4914,5062
422,2020-11-14,52,3367,3419
422,2020-11-15,15,1951,1966
422,2020-11-16,118,4809,4927
422,2020-11-17,167,4721,4888
422,2020-11-18,169,5170,5339
422,2020-11-19,142,5250,5392
422,2020-11-20,168,5282,5450
422,2020-11-21,63,3421,3484
422,2020-11-22,12,2026,2038
422,2020-11-23,117,4626,4743
422,2020-11-24,173,4877,5050
422,2020-11-25,197,5078,5275
422,2020-11-26,213,4704,4917
422,2020-11-27,167,4768,4935
422,2020-11-28,51,3084,3135
422,2020-11-29,12,1893,1905
422,2020-11-30,200,4536,4736
422,2020-12-01,144,4670,4814
422,2020-12-02,164,4792,4956
422,2020-12-03,136,4716,4852
422,2020-12-04,150,4881,5031
422,2020-12-05,64,3079,3143
422,2020-12-06,17,1838,1855
422,2020-12-07,154,4799,4953
422,2020-12-08,130,4848,4978
422,2020-12-09,162,4887,5049
422,2020-12-10,151,4542,4693
422,2020-12-11,89,4834,4923
422,2020-12-12,34,2863,2897
422,2020-12-13,13,1804,1817
422,2020-12-14,164,4504,4668
422,2020-12-15,93,4921,5014
422,2020-12-16,151,4857,5008
422,2020-12-17,103,4722,4825
422,2020-12-18,117,4860,4977
422,2020-12-19,29,2854,2883
422,2020-12-20,16,1897,1913
422,2020-12-21,84,3641,3725
422,2020-12-22,48,3822,3870
422,2020-12-23,40,3540,3580
422,2020-12-24,43,2843,2886
422,2020-12-25,6,1388,1394
422,2020-12-26,12,1479,1491
422,2020-12-27,8,1152,1160
422,2020-12-28,35,2363,2398
422,2020-12-29,41,2674,2715
422,2020-12-30,40,2758,2798
422,2020-12-31,26,2198,2224
423,2020-01-01,4,886,890
423,2020-01-02,159,3007,3166
423,2020-01-03,146,3233,3379
423,2020-01-04,36,1854,1890
423,2020-01-05,15,1217,1232
423,2020-01-06,216,5286,5502
423,2020-01-07,210,5498,5708
423,2020-01-08,232,5511,5743
423,2020-01-09,250,5664,5914
423,2020-01-10,251,5578,5829
423,2020-01-11,44,2320,2364
423,2020-01-12,11,1520,1531
423,2020-01-13,388,6315,6703
423,2020-01-14,441,6325,6766
423,2020-01-15,453,6135,6588
423,2020-01-16,446,6150,6596
423,2020-01-17,502,6048,6550
423,2020-01-18,49,2397,2446
423,2020-01-19,8,1373,1381
423,2020-01-20,463,6121,6584
423,2020-01-21,488,6212,6700
423,2020-01-22,520,6030,6550
423,2020-01-23,501,6303,6804
423,2020-01-24,526,6157,6683
423,2020-01-25,56,2388,2444
423,2020-01-26,10,1457,1467
423,2020-01-27,527,5976,6503
423,2020-01-28,504,6311,6815
423,2020-01-29,455,5955,6410
423,2020-01-30,483,6202,6685
423,2020-01-31,514,5997,6511
423,2020-02-01,55,2510,2565
423,2020-02-02,7,1451,1458
423,2020-02-03,507,6078,6585
423,2020-02-04,516,6105,6621
423,2020-02-05,478,6224,6702
423,2020-02-06,513,6301,6814
423,2020-02-07,530,6068,6598
423,2020-02-08,46,2433,2479
423,2020-02-09,9,1264,1273
423,2020-02-10,395,5505,5900
423,2020-02-11,499,6070,6569
423,2020-02-12,478,5863,6341
423,2020-02-13,496,6143,6639
423,2020-02-14,557,6100,6657
423,2020-02-15,55,2293,2348
423,2020-02-16,12,1304,1316
423,2020-02-17,545,4722,5267
423,2020-02-18,544,5002,5546
423,2020-02-19,514,5007,5521
423,2020-02-20,541,5315,5856
423,2020-02-21,497,4930,5427
423,2020-02-22,110,2353,2463
423,2020-02-23,15,1377,1392
423,2020-02-24,554,5639,6193
423,2020-02-25,551,5996,6547
423,2020-02-26,554,6922,7476
423,2020-02-27,420,5525,5945
423,2020-02-28,484,5793,6277
423,2020-02-29,78,2490,2568
423,2020-03-01,20,1473,1493
423,2020-03-02,250,4131,4381
423,2020-03-03,599,6229,6828
423,2020-03-04,516,6006,6522
423,2020-03-05,608,6144,6752
423,2020-03-06,475,6141,6616
423,2020-03-07,105,2605,2710
423,2020-03-08,16,1450,1466
423,2020-03-09,465,5922,6387
423,2020-03-10,456,5972,6428
423,2020-03-11,461,5961,6422
423,2020-03-12,484,6050,6534
423,2020-03-13,620,5974,6594
423,2020-03-14,94,2150,2244
423,2020-03-15,25,1294,1319
423,2020-03-16,402,3940,4342
423,2020-03-17,438,3266,3704
423,2020-03-18,340,2543,2883
423,2020-03-19,214,1992,2206
423,2020-03-20,183,1928,2111
423,2020-03-21,24,804,828
423,2020-03-22,4,501,505
423,2020-03-23,136,1399,1535
423,2020-03-24,150,1367,1517
423,2020-03-25,130,1455,1585
423,2020-03-26,142,1428,1570
423,2020-03-27,149,1625,1774
423,2020-03-28,16,1109,1125
423,2020-03-30,113,1382,1495
423,2020-03-31,125,1415,1540
423,2020-04-01,145,1513,1658
423,2020-04-02,117,1475,1592
423,2020-04-03,134,1566,1700
423,2020-04-04,23,1100,1123
423,2020-04-05,15,594,609
423,2020-04-06,153,1520,1673
423,2020-04-07,127,1614,1741
423,2020-04-08,151,1690,1841
423,2020-04-09,165,1671,1836
423,2020-04-10,138,1962,2100
423,2020-04-11,24,1380,1404
423,2020-04-12,8,595,603
423,2020-04-13,6,560,566
423,2020-04-14,152,1781,1933
423,2020-04-15,166,1829,1995
423,2020-04-16,146,1853,1999
423,2020-04-17,147,2141,2288
423,2020-04-18,33,1422,1455
423,2020-04-19,6,656,662
423,2020-04-20,232,2409,2641
423,2020-04-21,269,2603,2872
423,2020-04-22,342,2836,3178
423,2020-04-23,450,3036,3486
423,2020-04-24,453,3205,3658
423,2020-04-25,57,2120,2177
423,2020-04-26,13,968,981
423,2020-04-27,491,3261,3752
423,2020-04-28,458,3186,3644
423,2020-04-29,413,3077,3490
423,2020-04-30,392,3334,3726
423,2020-05-01,15,784,799
423,2020-05-02,70,2090,2160
423,2020-05-03,10,897,907
423,2020-05-04,378,3188,3566
423,2020-05-05,387,3408,3795
423,2020-05-06,398,3498,3896
423,2020-05-07,389,3511,3900
423,2020-05-08,392,3854,4246
423,2020-05-09,28,1222,1250
423,2020-05-10,17,1131,1148
423,2020-05-11,389,3818,4207
423,2020-05-12,450,4091,4541
423,2020-05-13,538,4077,4615
423,2020-05-14,506,4067,4573
423,2020-05-15,452,4333,4785
423,2020-05-16,166,3013,3179
423,2020-05-17,19,1480,1499
423,2020-05-18,468,4045,4513
423,2020-05-19,420,4287,4707
423,2020-05-20,436,4653,5089
423,2020-05-21,12,1394,1406
423,2020-05-22,343,3836,4179
423,2020-05-23,57,2300,2357
423,2020-05-30,91,2283,2374
423,2020-05-31,7,1371,1378
423,2020-06-01,11,1318,1329
423,2020-06-02,450,4192,4642
423,2020-06-03,460,4259,4719
423,2020-06-04,417,4156,4573
423,2020-06-05,392,4304,4696
423,2020-06-06,122,2405,2527
423,2020-06-07,12,1293,1305
423,2020-06-08,403,4322,4725
423,2020-06-09,400,4380,4780
423,2020-07-15,547,4958,5505
423,2020-07-16,548,4673,5221
423,2020-07-17,493,4704,5197
423,2020-07-18,133,2595,2728
423,2020-07-19,20,1416,1436
423,2020-07-20,451,4404,4855
423,2020-07-21,591,4688,5279
423,2020-07-22,610,4708,5318
423,2020-07-23,520,4701,5221
423,2020-07-24,617,4691,5308
423,2020-07-25,80,2611,2691
423,2020-07-26,21,1441,1462
423,2020-07-27,504,4259,4763
423,2020-07-28,447,4537,4984
423,2020-07-29,476,4472,4948
423,2020-07-30,410,4518,4928
423,2020-07-31,270,4186,4456
423,2020-08-01,66,2519,2585
423,2020-08-02,18,1542,1560
423,2020-08-03,207,3802,4009
423,2020-08-04,198,3942,4140
423,2020-08-05,205,4106,4311
423,2020-08-06,215,3922,4137
423,2020-08-07,215,3989,4204
423,2020-08-08,43,2351,2394
423,2020-08-09,17,1415,1432
423,2020-08-10,147,3575,3722
423,2020-08-11,199,3607,3806
423,2020-08-12,185,3727,3912
423,2020-08-13,202,3701,3903
423,2020-08-14,185,3964,4149
423,2020-08-15,10,1453,1463
423,2020-08-16,7,1561,1568
423,2020-08-17,199,3573,3772
423,2020-08-18,190,3585,3775
423,2020-08-19,217,3719,3936
423,2020-08-20,196,3705,3901
423,2020-08-21,200,3772,3972
423,2020-08-22,45,2339,2384
423,2020-08-23,6,1519,1525
423,2020-08-24,337,4098,4435
423,2020-08-25,394,4341,4735
423,2020-08-26,390,4373,4763
423,2020-08-27,371,4550,4921
423,2020-08-28,445,4521,4966
423,2020-08-29,59,2342,2401
423,2020-08-30,9,1468,1477
423,2020-08-31,457,4183,4640
423,2020-09-01,450,4307,4757
423,2020-09-02,467,4413,4880
423,2020-09-03,447,4441,4888
423,2020-09-04,520,4599,5119
423,2020-09-05,91,2360,2451
423,2020-09-06,23,1449,1472
423,2020-09-07,453,4510,4963
423,2020-09-08,397,4714,5111
423,2020-09-09,454,4653,5107
423,2020-09-10,512,4976,5488
423,2020-09-11,532,4935,5467
423,2020-09-12,90,2713,2803
423,2020-09-13,15,1645,1660
423,2020-09-14,438,4917,5355
423,2020-09-15,488,5155,5643
423,2020-09-16,233,4510,4743
423,2020-09-17,537,5118,5655
423,2020-09-18,518,5050,5568
423,2020-09-19,92,2879,2971
423,2020-09-20,16,960,976
423,2020-09-21,464,4703,5167
423,2020-09-22,448,5273,5721
423,2020-09-23,463,5360,5823
423,2020-09-24,450,5040,5490
423,2020-09-25,420,5035,5455
423,2020-09-26,46,2684,2730
423,2020-09-27,11,1347,1358
423,2020-09-28,370,4934,5304
423,2020-09-29,384,5258,5642
423,2020-09-30,380,5366,5746
423,2020-10-01,363,5320,5683
423,2020-10-02,403,5120,5523
423,2020-10-03,53,2852,2905
423,2020-10-04,12,1568,1580
423,2020-10-05,403,5079,5482
423,2020-10-06,432,5322,5754
423,2020-10-07,422,5370,5792
423,2020-10-08,465,5456,5921
423,2020-10-09,392,5316,5708
423,2020-10-10,63,2762,2825
423,2020-10-11,13,1585,1598
423,2020-10-12,371,4983,5354
423,2020-10-13,431,5242,5673
423,2020-10-14,431,5280,5711
423,2020-10-15,421,5234,5655
423,2020-10-16,433,5388,5821
423,2020-10-17,50,2836,2886
423,2020-10-18,19,1403,1422
423,2020-10-19,366,4951,5317
423,2020-10-20,555,5570,6125
423,2020-10-21,414,5152,5566
423,2020-10-22,395,5088,5483
423,2020-10-23,465,5208,5673
423,2020-10-24,65,2655,2720
423,2020-10-25,10,1232,1242
423,2020-10-26,408,4640,5048
423,2020-10-27,430,4869,5299
423,2020-10-28,379,4713,5092
423,2020-10-29,418,5089,5507
423,2020-10-30,364,4768,5132
423,2020-11-02,307,4115,4422
423,2020-11-03,349,4597,4946
423,2020-11-04,352,4434,4786
423,2020-11-05,316,4581,4897
423,2020-11-06,366,4653,5019
423,2020-11-07,84,2571,2655
423,2020-11-08,18,1257,1275
423,2020-11-09,350,4673,5023
423,2020-11-10,378,4883,5261
423,2020-11-11,399,4687,5086
423,2020-11-12,378,4827,5205
423,2020-11-13,416,4914,5330
423,2020-11-14,66,2794,2860
423,2020-11-15,19,1329,1348
423,2020-11-16,341,4681,5022
423,2020-11-17,407,4857,5264
423,2020-11-18,345,4851,5196
423,2020-11-19,355,4836,5191
423,2020-11-20,367,4967,5334
423,2020-11-21,56,2747,2803
423,2020-11-22,11,1292,1303
423,2020-11-23,295,4592,4887
423,2020-11-24,344,4787,5131
423,2020-11-25,333,4891,5224
423,2020-11-26,339,4706,5045
423,2020-11-27,372,4878,5250
423,2020-11-28,74,2659,2733
423,2020-11-29,6,1122,1128
423,2020-11-30,339,4608,4947
423,2020-12-01,369,4619,4988
423,2020-12-02,342,4710,5052
423,2020-12-03,338,4769,5107
423,2020-12-04,388,4867,5255
423,2020-12-05,46,2570,2616
423,2020-12-06,9,1169,1178
423,2020-12-07,364,4537,4901
423,2020-12-08,339,4752,5091
423,2020-12-09,338,4921,5259
423,2020-12-10,362,4725,5087
423,2020-12-11,398,5125,5523
423,2020-12-12,52,2452,2504
423,2020-12-13,35,1107,1142
423,2020-12-14,343,4676,5019
423,2020-12-15,359,4915,5274
423,2020-12-16,384,4915,5299
423,2020-12-17,357,4835,5192
423,2020-12-18,301,4826,5127
423,2020-12-19,80,2473,2553
423,2020-12-20,28,1174,1202
423,2020-12-21,178,3650,3828
423,2020-12-22,195,3948,4143
423,2020-12-23,160,3942,4102
423,2020-12-24,112,2903,3015
423,2020-12-25,16,836,852
423,2020-12-26,25,931,956
423,2020-12-27,33,793,826
423,2020-12-28,124,2255,2379
423,2020-12-29,127,2433,2560
423,2020-12-30,114,2759,2873
423,2020-12-31,101,2030,2131
424,2020-01-01,NA,1169,NA
424,2020-01-02,21,3440,3461
424,2020-01-03,18,3824,3842
424,2020-01-04,4,1872,1876
424,2020-01-05,5,1506,1511
424,2020-01-06,40,6651,6691
424,2020-01-07,20,7020,7040
424,2020-01-08,49,6460,6509
424,2020-01-09,30,7095,7125
424,2020-01-10,46,6882,6928
424,2020-01-11,8,3053,3061
424,2020-01-12,NA,1950,NA
424,2020-01-13,34,7292,7326
424,2020-01-14,40,7351,7391
424,2020-01-15,51,7026,7077
424,2020-01-16,41,7407,7448
424,2020-01-17,51,7358,7409
424,2020-01-18,4,2914,2918
424,2020-01-19,4,1827,1831
424,2020-01-20,50,7012,7062
424,2020-01-21,54,7303,7357
424,2020-01-22,51,6922,6973
424,2020-01-23,38,6988,7026
424,2020-01-24,60,7192,7252
424,2020-01-25,7,2606,2613
424,2020-01-26,8,1790,1798
424,2020-01-27,37,7246,7283
424,2020-01-28,29,7251,7280
424,2020-01-29,40,6964,7004
424,2020-01-30,41,7329,7370
424,2020-01-31,41,7334,7375
424,2020-02-01,10,3033,3043
424,2020-02-02,4,2170,2174
424,2020-02-03,64,7148,7212
424,2020-02-04,26,6994,7020
424,2020-02-05,62,6843,6905
424,2020-02-06,38,7123,7161
424,2020-02-07,49,6942,6991
424,2020-02-08,10,3026,3036
424,2020-02-09,2,1576,1578
424,2020-02-10,20,6578,6598
424,2020-02-11,33,7282,7315
424,2020-02-12,50,7140,7190
424,2020-02-13,26,7283,7309
424,2020-02-14,60,7142,7202
424,2020-02-15,11,2134,2145
424,2020-02-16,2,1435,1437
424,2020-02-17,19,5689,5708
424,2020-02-18,21,5611,5632
424,2020-02-19,18,5462,5480
424,2020-02-20,23,5538,5561
424,2020-02-21,38,5954,5992
424,2020-02-22,27,2024,2051
424,2020-02-23,4,1470,1474
424,2020-02-24,36,6588,6624
424,2020-02-25,31,7042,7073
424,2020-02-26,39,6678,6717
424,2020-02-27,17,3485,3502
424,2020-02-28,75,6390,6465
424,2020-02-29,29,2786,2815
424,2020-03-01,10,2029,2039
424,2020-03-02,53,7339,7392
424,2020-03-03,43,7416,7459
424,2020-03-04,55,6906,6961
424,2020-03-05,38,7654,7692
424,2020-03-06,70,7235,7305
424,2020-03-07,9,3044,3053
424,2020-03-08,8,2038,2046
424,2020-03-09,59,7041,7100
424,2020-03-10,32,7295,7327
424,2020-03-11,52,6807,6859
424,2020-03-12,47,6869,6916
424,2020-03-13,43,6590,6633
424,2020-03-14,11,1955,1966
424,2020-03-15,6,1458,1464
424,2020-03-16,20,4132,4152
424,2020-03-17,22,3312,3334
424,2020-03-18,18,2668,2686
424,2020-03-19,15,2143,2158
424,2020-03-20,16,2082,2098
424,2020-03-21,8,919,927
424,2020-03-22,4,688,692
424,2020-03-23,17,1811,1828
424,2020-03-24,12,1750,1762
424,2020-03-25,6,1830,1836
424,2020-03-26,11,1794,1805
424,2020-03-27,21,1955,1976
424,2020-03-28,8,1259,1267
424,2020-03-30,12,1778,1790
424,2020-03-31,19,1866,1885
424,2020-04-01,23,1991,2014
424,2020-04-02,9,1895,1904
424,2020-04-03,20,1885,1905
424,2020-04-04,7,1270,1277
424,2020-04-05,2,867,869
424,2020-04-06,21,1925,1946
424,2020-04-07,10,2005,2015
424,2020-04-08,15,2090,2105
424,2020-04-09,23,1981,2004
424,2020-04-10,14,2150,2164
424,2020-04-11,10,1482,1492
424,2020-04-12,0,856,856
424,2020-04-13,1,877,878
424,2020-04-14,12,2179,2191
424,2020-04-15,33,2226,2259
424,2020-04-16,9,2345,2354
424,2020-04-17,21,2399,2420
424,2020-04-18,11,1451,1462
424,2020-04-19,3,916,919
424,2020-04-20,25,2444,2469
424,2020-04-21,24,2604,2628
424,2020-04-22,36,2672,2708
424,2020-04-23,23,2734,2757
424,2020-04-24,22,2813,2835
424,2020-04-25,23,1637,1660
424,2020-04-26,3,1113,1116
424,2020-04-27,32,3105,3137
424,2020-04-28,33,3049,3082
424,2020-04-29,31,3030,3061
424,2020-04-30,34,3234,3268
424,2020-05-01,4,938,942
424,2020-05-02,17,1717,1734
424,2020-05-03,6,1092,1098
424,2020-05-04,33,3213,3246
424,2020-05-05,30,3337,3367
424,2020-05-06,19,3260,3279
424,2020-05-07,26,3331,3357
424,2020-05-08,24,3565,3589
424,2020-05-09,8,1272,1280
424,2020-05-10,1,1087,1088
424,2020-05-11,48,3494,3542
424,2020-05-12,24,3697,3721
424,2020-05-13,33,3801,3834
424,2020-05-14,20,3776,3796
424,2020-05-15,40,3845,3885
424,2020-05-16,20,2503,2523
424,2020-05-17,15,1610,1625
424,2020-05-18,34,3945,3979
424,2020-05-19,40,4163,4203
424,2020-05-20,23,4248,4271
424,2020-05-21,7,1651,1658
424,2020-05-22,36,3520,3556
424,2020-05-23,14,2080,2094
424,2020-05-24,3,1372,1375
424,2020-05-25,60,4895,4955
424,2020-05-26,59,5162,5221
424,2020-05-27,58,4884,4942
424,2020-05-28,55,4868,4923
424,2020-05-29,69,4941,5010
424,2020-05-30,18,2351,2369
424,2020-05-31,6,1631,1637
424,2020-06-01,6,1606,1612
424,2020-06-02,23,4419,4442
424,2020-06-03,35,4323,4358
424,2020-06-04,31,4219,4250
424,2020-06-05,28,4308,4336
424,2020-06-06,19,2125,2144
424,2020-06-07,5,1516,1521
424,2020-06-08,45,4784,4829
424,2020-06-09,47,4854,4901
424,2020-06-10,53,4807,4860
424,2020-06-11,57,4913,4970
424,2020-06-12,55,4955,5010
424,2020-06-13,10,2551,2561
424,2020-06-14,5,1689,1694
424,2020-06-15,45,5128,5173
424,2020-06-16,31,5414,5445
424,2020-06-17,34,5361,5395
424,2020-06-18,54,5308,5362
424,2020-06-19,47,5440,5487
424,2020-06-20,25,2666,2691
424,2020-06-21,5,1833,1838
424,2020-06-22,49,4130,4179
424,2020-06-23,13,1846,1859
424,2020-06-24,67,5482,5549
424,2020-06-25,63,5627,5690
424,2020-06-26,60,5421,5481
424,2020-06-27,12,2537,2549
424,2020-06-28,4,1723,1727
424,2020-06-29,42,5395,5437
424,2020-06-30,27,5774,5801
424,2020-07-01,36,5765,5801
424,2020-07-02,39,5902,5941
424,2020-07-03,48,5935,5983
424,2020-07-04,12,2592,2604
424,2020-07-05,3,1795,1798
424,2020-07-06,38,5641,5679
424,2020-07-07,42,6056,6098
424,2020-07-08,59,5704,5763
424,2020-07-09,44,6115,6159
424,2020-07-10,45,6011,6056
424,2020-07-11,23,2513,2536
424,2020-07-12,10,1953,1963
424,2020-07-13,53,5269,5322
424,2020-07-14,42,5842,5884
424,2020-07-15,49,5668,5717
424,2020-07-16,27,5431,5458
424,2020-07-17,22,5425,5447
424,2020-07-18,22,2573,2595
424,2020-07-19,13,1807,1820
424,2020-07-20,11,4882,4893
424,2020-07-21,35,4948,4983
424,2020-07-22,29,4963,4992
424,2020-07-23,38,5100,5138
424,2020-07-24,35,5003,5038
424,2020-07-25,14,2381,2395
424,2020-07-26,4,1678,1682
424,2020-07-27,30,4649,4679
424,2020-07-28,23,4738,4761
424,2020-07-29,39,4946,4985
424,2020-07-30,46,4903,4949
424,2020-07-31,28,4519,4547
424,2020-08-01,9,2381,2390
424,2020-08-02,2,1947,1949
424,2020-08-03,24,4157,4181
424,2020-08-04,23,4290,4313
424,2020-08-05,29,4338,4367
424,2020-08-06,32,4338,4370
424,2020-08-07,23,4299,4322
424,2020-08-08,21,2206,2227
424,2020-08-09,9,1746,1755
424,2020-08-10,29,3771,3800
424,2020-08-11,32,3952,3984
424,2020-08-12,33,4036,4069
424,2020-08-13,26,4009,4035
424,2020-08-14,26,3967,3993
424,2020-08-15,5,1805,1810
424,2020-08-16,8,1811,1819
424,2020-08-17,35,3867,3902
424,2020-08-18,37,4223,4260
424,2020-08-19,39,4223,4262
424,2020-08-20,37,4306,4343
424,2020-08-21,30,4186,4216
424,2020-08-22,10,2302,2312
424,2020-08-23,2,1852,1854
424,2020-08-24,42,4521,4563
424,2020-08-25,36,4884,4920
424,2020-08-26,34,4567,4601
424,2020-08-27,37,5101,5138
424,2020-08-28,34,4811,4845
424,2020-08-29,10,2472,2482
424,2020-08-30,4,1838,1842
424,2020-08-31,16,4513,4529
424,2020-09-01,25,4577,4602
424,2020-09-02,51,4757,4808
424,2020-09-03,34,5044,5078
424,2020-09-04,20,5090,5110
424,2020-09-05,13,2195,2208
424,2020-09-06,6,1783,1789
424,2020-09-07,32,5154,5186
424,2020-09-08,29,5524,5553
424,2020-09-09,22,5278,5300
424,2020-09-10,37,5514,5551
424,2020-09-11,14,5381,5395
424,2020-09-12,13,3086,3099
424,2020-09-13,7,2197,2204
424,2020-09-14,18,5206,5224
424,2020-09-15,16,6122,6138
424,2020-09-16,61,7040,7101
424,2020-09-17,42,6284,6326
424,2020-09-18,66,6061,6127
424,2020-09-19,20,2706,2726
424,2020-09-20,2,1641,1643
424,2020-09-21,79,6241,6320
424,2020-09-22,50,6685,6735
424,2020-09-23,51,6759,6810
424,2020-09-24,44,6555,6599
424,2020-09-25,34,6914,6948
424,2020-09-26,12,3064,3076
424,2020-09-27,7,1827,1834
424,2020-09-28,56,6667,6723
424,2020-09-29,42,6859,6901
424,2020-09-30,46,6784,6830
424,2020-10-01,58,7035,7093
424,2020-10-02,51,6716,6767
424,2020-10-03,23,2773,2796
424,2020-10-04,4,2272,2276
424,2020-10-05,43,6662,6705
424,2020-10-06,28,7005,7033
424,2020-10-07,52,6547,6599
424,2020-10-08,45,6938,6983
424,2020-10-09,26,6865,6891
424,2020-10-10,15,2966,2981
424,2020-10-11,1,1996,1997
424,2020-10-12,53,6341,6394
424,2020-10-13,43,6378,6421
424,2020-10-14,66,5859,5925
424,2020-10-15,47,6126,6173
424,2020-10-16,51,5618,5669
424,2020-10-17,26,2797,2823
424,2020-10-18,8,1683,1691
424,2020-10-19,54,5522,5576
424,2020-10-20,49,6850,6899
424,2020-10-21,64,5967,6031
424,2020-10-22,62,5976,6038
424,2020-10-23,49,5458,5507
424,2020-10-24,9,2345,2354
424,2020-10-25,4,1194,1198
424,2020-10-26,46,5192,5238
424,2020-10-27,24,5245,5269
424,2020-10-28,54,5226,5280
424,2020-10-29,45,5734,5779
424,2020-10-30,53,5274,5327
424,2020-11-01,4,1318,1322
424,2020-11-02,24,4237,4261
424,2020-11-03,31,4692,4723
424,2020-11-04,22,4594,4616
424,2020-11-05,32,4613,4645
424,2020-11-06,32,4521,4553
424,2020-11-07,15,2291,2306
424,2020-11-08,6,1546,1552
424,2020-11-09,51,5525,5576
424,2020-11-10,46,5907,5953
424,2020-11-11,53,5593,5646
424,2020-11-12,49,5846,5895
424,2020-11-13,69,5736,5805
424,2020-11-14,14,2805,2819
424,2020-11-15,5,1516,1521
424,2020-11-16,44,5749,5793
424,2020-11-17,57,5886,5943
424,2020-11-18,46,6026,6072
424,2020-11-19,52,6050,6102
424,2020-11-20,68,5918,5986
424,2020-11-21,25,2681,2706
424,2020-11-22,8,1505,1513
424,2020-11-23,49,5656,5705
424,2020-11-24,52,5915,5967
424,2020-11-25,55,5924,5979
424,2020-11-26,54,5663,5717
424,2020-11-27,56,5630,5686
424,2020-11-28,23,2202,2225
424,2020-11-29,3,1459,1462
424,2020-11-30,56,5431,5487
424,2020-12-01,47,5412,5459
424,2020-12-02,57,5526,5583
424,2020-12-03,47,5632,5679
424,2020-12-04,59,5444,5503
424,2020-12-05,23,2206,2229
424,2020-12-06,3,1449,1452
424,2020-12-07,59,5454,5513
424,2020-12-08,65,5633,5698
424,2020-12-09,62,5358,5420
424,2020-12-10,68,5458,5526
424,2020-12-11,50,5203,5253
424,2020-12-12,7,2084,2091
424,2020-12-13,5,1301,1306
424,2020-12-14,58,5283,5341
424,2020-12-15,45,5389,5434
424,2020-12-16,65,5527,5592
424,2020-12-17,58,5337,5395
424,2020-12-18,55,5252,5307
424,2020-12-19,18,2115,2133
424,2020-12-20,2,1427,1429
424,2020-12-21,22,3619,3641
424,2020-12-22,23,3740,3763
424,2020-12-23,19,3569,3588
424,2020-12-24,8,2741,2749
424,2020-12-25,0,1081,1081
424,2020-12-26,2,1108,1110
424,2020-12-27,3,575,578
424,2020-12-28,17,2250,2267
424,2020-12-29,12,2294,2306
424,2020-12-30,9,2438,2447
425,2020-01-01,40,3337,3377
425,2020-01-02,219,8175,8394
425,2020-01-03,188,8715,8903
425,2020-01-04,148,6874,7022
425,2020-01-05,42,4855,4897
425,2020-01-06,318,11012,11330
425,2020-01-07,320,12218,12538
425,2020-01-08,289,11412,11701
425,2020-01-09,296,11749,12045
425,2020-01-10,335,12304,12639
425,2020-01-11,156,8041,8197
425,2020-01-12,45,4830,4875
425,2020-01-13,415,12245,12660
425,2020-01-14,453,12565,13018
425,2020-01-15,466,12073,12539
425,2020-01-16,380,13169,13549
425,2020-01-17,410,12722,13132
425,2020-01-18,161,8250,8411
425,2020-01-19,44,5129,5173
425,2020-01-20,420,11932,12352
425,2020-01-21,460,12676,13136
425,2020-01-22,478,12215,12693
425,2020-01-23,494,12745,13239
425,2020-01-24,468,13045,13513
425,2020-01-25,180,7909,8089
425,2020-01-26,49,4992,5041
425,2020-01-27,347,11644,11991
425,2020-01-28,383,12477,12860
425,2020-01-29,423,12203,12626
425,2020-01-30,396,12446,12842
425,2020-01-31,359,12692,13051
425,2020-02-01,139,8058,8197
425,2020-02-02,38,4804,4842
425,2020-02-03,402,11807,12209
425,2020-02-04,425,12492,12917
425,2020-02-05,467,12264,12731
425,2020-02-06,443,12965,13408
425,2020-02-07,437,12944,13381
425,2020-02-08,191,8292,8483
425,2020-02-09,46,4459,4505
425,2020-02-10,300,10138,10438
425,2020-02-11,419,12963,13382
425,2020-02-12,413,12482,12895
425,2020-02-13,409,12648,13057
425,2020-02-14,437,12844,13281
425,2020-02-15,210,7753,7963
425,2020-02-16,43,4523,4566
425,2020-02-17,377,10095,10472
425,2020-02-18,431,10857,11288
425,2020-02-19,409,10729,11138
425,2020-02-20,430,10948,11378
425,2020-02-21,400,11010,11410
425,2020-02-22,199,7454,7653
425,2020-02-23,34,4675,4709
425,2020-02-24,437,10621,11058
425,2020-02-25,403,11955,12358
425,2020-02-26,420,11830,12250
425,2020-02-27,391,11506,11897
425,2020-02-28,451,13325,13776
425,2020-02-29,176,8087,8263
425,2020-03-01,43,5136,5179
425,2020-03-02,401,11698,12099
425,2020-03-03,460,12572,13032
425,2020-03-04,453,12137,12590
425,2020-03-05,396,12345,12741
425,2020-03-06,381,12524,12905
425,2020-03-07,197,8503,8700
425,2020-03-08,41,5117,5158
425,2020-03-09,432,11663,12095
425,2020-03-10,361,12279,12640
425,2020-03-11,410,12122,12532
425,2020-03-12,412,12820,13232
425,2020-03-13,404,12527,12931
425,2020-03-14,175,6437,6612
425,2020-03-15,39,3847,3886
425,2020-03-16,402,8515,8917
425,2020-03-17,353,7501,7854
425,2020-03-18,347,6219,6566
425,2020-03-19,305,5181,5486
425,2020-03-20,224,4964,5188
425,2020-03-21,125,2745,2870
425,2020-03-22,17,1403,1420
425,2020-03-23,235,3659,3894
425,2020-03-24,210,3897,4107
425,2020-03-25,222,3590,3812
425,2020-03-26,202,3618,3820
425,2020-03-27,205,3936,4141
425,2020-03-28,135,2645,2780
425,2020-03-30,55,597,652
425,2020-03-31,214,3543,3757
425,2020-04-01,198,3444,3642
425,2020-04-02,195,3370,3565
425,2020-04-03,175,3936,4111
425,2020-04-04,101,1751,1852
425,2020-04-05,9,1164,1173
425,2020-04-06,158,2462,2620
425,2020-04-07,112,1358,1470
425,2020-04-08,187,3576,3763
425,2020-04-09,188,3872,4060
425,2020-04-10,173,4464,4637
425,2020-04-11,124,3200,3324
425,2020-04-12,4,1347,1351
425,2020-04-13,15,1165,1180
425,2020-04-14,174,3988,4162
425,2020-04-15,205,3851,4056
425,2020-04-16,187,4026,4213
425,2020-04-17,182,4447,4629
425,2020-04-18,142,3518,3660
425,2020-04-19,8,1751,1759
425,2020-04-20,364,4596,4960
425,2020-04-21,341,5210,5551
425,2020-04-22,350,5483,5833
425,2020-04-23,307,5393,5700
425,2020-04-24,308,6155,6463
425,2020-04-25,144,4246,4390
425,2020-04-26,9,2252,2261
425,2020-04-27,319,5321,5640
425,2020-04-28,303,5644,5947
425,2020-04-29,376,5926,6302
425,2020-04-30,290,6424,6714
425,2020-05-01,9,1819,1828
425,2020-05-02,157,4761,4918
425,2020-05-03,13,2257,2270
425,2020-05-04,313,5746,6059
425,2020-05-05,319,6352,6671
425,2020-05-06,344,6683,7027
425,2020-05-07,336,6585,6921
425,2020-05-08,332,7722,8054
425,2020-05-09,36,2784,2820
425,2020-05-10,20,2551,2571
425,2020-05-11,359,6854,7213
425,2020-05-12,342,7744,8086
425,2020-05-13,400,7730,8130
425,2020-05-14,423,7825,8248
425,2020-05-15,389,8304,8693
425,2020-05-16,248,7048,7296
425,2020-05-17,68,3899,3967
425,2020-05-18,371,7502,7873
425,2020-05-19,393,8171,8564
425,2020-05-20,350,8743,9093
425,2020-05-21,36,3658,3694
425,2020-05-22,326,8249,8575
425,2020-05-23,182,5687,5869
425,2020-05-24,47,3511,3558
425,2020-05-25,435,8127,8562
425,2020-05-26,423,8919,9342
425,2020-05-27,436,8940,9376
425,2020-05-28,406,9019,9425
425,2020-05-29,451,9585,10036
425,2020-05-30,201,6742,6943
425,2020-05-31,48,3984,4032
425,2020-06-01,41,3629,3670
425,2020-06-02,418,9087,9505
425,2020-06-03,383,8913,9296
425,2020-06-04,385,8731,9116
425,2020-06-05,405,9138,9543
425,2020-06-06,191,6248,6439
425,2020-06-07,43,3890,3933
425,2020-06-08,413,8342,8755
425,2020-06-09,440,9246,9686
425,2020-06-10,456,9057,9513
425,2020-07-15,457,9169,9626
425,2020-07-16,378,9370,9748
425,2020-07-17,400,9422,9822
425,2020-07-18,195,6337,6532
425,2020-07-19,47,4087,4134
425,2020-07-20,421,8175,8596
425,2020-07-21,423,8890,9313
425,2020-07-22,469,8758,9227
425,2020-07-23,430,8635,9065
425,2020-07-24,418,8974,9392
425,2020-07-25,209,6017,6226
425,2020-07-26,55,3680,3735
425,2020-07-27,386,7835,8221
425,2020-07-28,384,8647,9031
425,2020-07-29,400,8487,8887
425,2020-07-30,352,8698,9050
425,2020-07-31,300,8543,8843
425,2020-08-01,168,5862,6030
425,2020-08-02,47,4321,4368
425,2020-08-03,285,7721,8006
425,2020-08-04,295,8287,8582
425,2020-08-05,288,8311,8599
425,2020-08-06,269,8331,8600
425,2020-08-07,285,8343,8628
425,2020-08-08,179,5591,5770
425,2020-08-09,46,3822,3868
425,2020-08-10,292,7436,7728
425,2020-08-11,265,7825,8090
425,2020-08-12,265,7827,8092
425,2020-08-13,255,8317,8572
425,2020-08-14,265,8676,8941
425,2020-08-15,57,4241,4298
425,2020-08-16,38,4184,4222
425,2020-08-17,241,7478,7719
425,2020-08-18,262,8124,8386
425,2020-08-19,286,8052,8338
425,2020-08-20,271,8263,8534
425,2020-08-21,284,8373,8657
425,2020-08-22,171,6212,6383
425,2020-08-23,43,4379,4422
425,2020-08-24,369,8170,8539
425,2020-08-25,420,8905,9325
425,2020-08-26,405,8804,9209
425,2020-08-27,411,8998,9409
425,2020-08-28,428,9199,9627
425,2020-08-29,271,6374,6645
425,2020-08-30,72,4334,4406
425,2020-08-31,389,8332,8721
425,2020-09-01,357,8914,9271
425,2020-09-02,439,9053,9492
425,2020-09-03,400,9161,9561
425,2020-09-04,441,9706,10147
425,2020-09-05,195,6339,6534
425,2020-09-06,50,4390,4440
425,2020-09-07,531,8815,9346
425,2020-09-08,415,9721,10136
425,2020-09-09,493,9519,10012
425,2020-09-10,512,9763,10275
425,2020-09-11,508,10084,10592
425,2020-09-12,232,7165,7397
425,2020-09-13,80,5109,5189
425,2020-09-14,532,9699,10231
425,2020-09-15,538,10070,10608
425,2020-09-16,532,9975,10507
425,2020-09-17,509,10852,11361
425,2020-09-18,587,10949,11536
425,2020-09-19,252,7764,8016
425,2020-09-20,70,5007,5077
425,2020-09-21,583,9807,10390
425,2020-09-22,527,10591,11118
425,2020-09-23,579,10754,11333
425,2020-09-24,517,10443,10960
425,2020-09-25,489,10730,11219
425,2020-09-26,201,7347,7548
425,2020-09-27,69,4534,4603
425,2020-09-28,573,9688,10261
425,2020-09-29,555,10308,10863
425,2020-09-30,518,10303,10821
425,2020-10-01,533,10746,11279
425,2020-10-02,527,10595,11122
425,2020-10-03,225,7565,7790
425,2020-10-04,63,4482,4545
425,2020-10-05,557,9293,9850
425,2020-10-06,489,9698,10187
425,2020-10-07,562,9666,10228
425,2020-10-08,531,10371,10902
425,2020-10-09,487,10767,11254
425,2020-10-10,222,7863,8085
425,2020-10-11,66,5162,5228
425,2020-10-12,567,9453,10020
425,2020-10-13,576,10277,10853
425,2020-10-14,573,10100,10673
425,2020-10-15,561,10435,10996
425,2020-10-16,580,10584,11164
425,2020-10-17,243,7833,8076
425,2020-10-18,69,4810,4879
425,2020-10-19,554,9495,10049
425,2020-10-20,607,10574,11181
425,2020-10-21,542,9966,10508
425,2020-10-22,587,10542,11129
425,2020-10-23,570,10366,10936
425,2020-10-24,232,7184,7416
425,2020-10-25,62,3890,3952
425,2020-10-26,528,9101,9629
425,2020-10-27,536,9672,10208
425,2020-10-28,432,9024,9456
425,2020-10-29,452,9594,10046
425,2020-10-30,517,10126,10643
425,2020-11-01,141,3304,3445
425,2020-11-02,563,8254,8817
425,2020-11-03,582,9248,9830
425,2020-11-04,559,9339,9898
425,2020-11-05,589,9328,9917
425,2020-11-06,611,9716,10327
425,2020-11-07,347,6911,7258
425,2020-11-08,143,3988,4131
425,2020-11-09,518,9350,9868
425,2020-11-10,494,9633,10127
425,2020-11-11,536,9247,9783
425,2020-11-12,490,9706,10196
425,2020-11-13,498,10096,10594
425,2020-11-14,332,7128,7460
425,2020-11-15,94,3918,4012
425,2020-11-16,508,8770,9278
425,2020-11-17,530,9702,10232
425,2020-11-18,597,9589,10186
425,2020-11-19,515,9984,10499
425,2020-11-20,523,10293,10816
425,2020-11-21,320,7431,7751
425,2020-11-22,142,3866,4008
425,2020-11-23,541,8802,9343
425,2020-11-24,525,9726,10251
425,2020-11-25,567,9724,10291
425,2020-11-26,526,9436,9962
425,2020-11-27,554,9971,10525
425,2020-11-28,237,6634,6871
425,2020-11-29,73,3633,3706
425,2020-11-30,575,8817,9392
425,2020-12-01,536,9193,9729
425,2020-12-02,548,9085,9633
425,2020-12-03,533,9188,9721
425,2020-12-04,498,9655,10153
425,2020-12-05,222,6757,6979
425,2020-12-06,58,3824,3882
425,2020-12-07,526,8843,9369
425,2020-12-08,548,9359,9907
425,2020-12-09,532,9523,10055
425,2020-12-10,577,9571,10148
425,2020-12-11,557,9999,10556
425,2020-12-12,194,6423,6617
425,2020-12-13,72,3501,3573
425,2020-12-14,498,8912,9410
425,2020-12-15,474,9528,10002
425,2020-12-16,563,9497,10060
425,2020-12-17,480,9865,10345
425,2020-12-18,385,10080,10465
425,2020-12-19,156,6622,6778
425,2020-12-20,64,3640,3704
425,2020-12-21,285,7776,8061
425,2020-12-22,266,8690,8956
425,2020-12-23,244,8109,8353
425,2020-12-24,196,6230,6426
425,2020-12-25,52,2779,2831
425,2020-12-26,60,2785,2845
425,2020-12-27,75,2625,2700
425,2020-12-28,245,5430,5675
425,2020-12-29,253,6178,6431
425,2020-12-30,268,6614,6882
425,2020-12-31,223,5278,5501
426,2020-01-01,117,2416,2533
426,2020-01-02,297,4390,4687
426,2020-01-03,294,5014,5308
426,2020-01-04,182,3306,3488
426,2020-01-05,127,3132,3259
426,2020-01-06,327,6562,6889
426,2020-01-07,370,6370,6740
426,2020-01-08,356,6434,6790
426,2020-01-09,348,6697,7045
426,2020-01-10,346,6696,7042
426,2020-01-11,201,4125,4326
426,2020-01-12,133,3157,3290
426,2020-01-13,463,6901,7364
426,2020-01-14,505,6906,7411
426,2020-01-15,483,7144,7627
426,2020-01-16,481,7404,7885
426,2020-01-17,432,7302,7734
426,2020-01-18,227,4062,4289
426,2020-01-19,126,3399,3525
426,2020-01-20,441,6779,7220
426,2020-01-21,468,6932,7400
426,2020-01-22,480,7132,7612
426,2020-01-23,478,7042,7520
426,2020-01-24,503,7259,7762
426,2020-01-25,209,4189,4398
426,2020-01-26,124,3229,3353
426,2020-01-27,450,6813,7263
426,2020-01-28,453,6777,7230
426,2020-01-29,475,7071,7546
426,2020-01-30,459,7083,7542
426,2020-01-31,428,7394,7822
426,2020-02-01,189,4325,4514
426,2020-02-02,124,3334,3458
426,2020-02-03,425,6716,7141
426,2020-02-04,536,6852,7388
426,2020-02-05,579,7041,7620
426,2020-02-06,576,7061,7637
426,2020-02-07,509,7332,7841
426,2020-02-08,201,4170,4371
426,2020-02-09,135,2988,3123
426,2020-02-10,532,6188,6720
426,2020-02-11,543,6735,7278
426,2020-02-12,521,6915,7436
426,2020-02-13,496,7045,7541
426,2020-02-14,552,7156,7708
426,2020-02-15,201,3616,3817
426,2020-02-16,123,2871,2994
426,2020-02-17,498,5590,6088
426,2020-02-18,527,5733,6260
426,2020-02-19,497,5881,6378
426,2020-02-20,466,5634,6100
426,2020-02-21,515,5724,6239
426,2020-02-22,217,3608,3825
426,2020-02-23,131,3070,3201
426,2020-02-24,427,6520,6947
426,2020-02-25,460,7040,7500
426,2020-02-26,459,6910,7369
426,2020-02-27,431,6605,7036
426,2020-02-28,471,7160,7631
426,2020-02-29,218,4559,4777
426,2020-03-01,134,3342,3476
426,2020-03-02,488,6874,7362
426,2020-03-03,550,6994,7544
426,2020-03-04,507,6815,7322
426,2020-03-05,520,7013,7533
426,2020-03-06,533,7130,7663
426,2020-03-07,196,4228,4424
426,2020-03-08,134,3421,3555
426,2020-03-09,597,6610,7207
426,2020-03-10,520,6774,7294
426,2020-03-11,488,6829,7317
426,2020-03-12,552,7125,7677
426,2020-03-13,554,6513,7067
426,2020-03-14,207,3221,3428
426,2020-03-15,129,2632,2761
426,2020-03-16,455,4576,5031
426,2020-03-17,451,3931,4382
426,2020-03-18,404,3200,3604
426,2020-03-19,365,2830,3195
426,2020-03-20,288,2540,2828
426,2020-03-21,221,1028,1249
426,2020-03-22,75,891,966
426,2020-03-23,268,1930,2198
426,2020-03-24,277,1812,2089
426,2020-03-25,264,1835,2099
426,2020-03-26,292,1922,2214
426,2020-03-27,271,2005,2276
426,2020-03-28,233,1273,1506
426,2020-03-30,267,1795,2062
426,2020-03-31,272,1940,2212
426,2020-04-01,266,2110,2376
426,2020-04-02,269,2026,2295
426,2020-04-03,286,2304,2590
426,2020-04-04,140,1280,1420
426,2020-04-05,45,969,1014
426,2020-04-06,268,1983,2251
426,2020-04-07,268,2021,2289
426,2020-04-08,260,2112,2372
426,2020-04-09,245,2256,2501
426,2020-04-10,269,2270,2539
426,2020-04-11,128,1624,1752
426,2020-04-12,45,1001,1046
426,2020-04-13,45,974,1019
426,2020-04-14,268,2187,2455
426,2020-04-15,251,2242,2493
426,2020-04-16,272,2376,2648
426,2020-04-17,282,2723,3005
426,2020-04-18,152,1615,1767
426,2020-04-19,43,1298,1341
426,2020-04-20,347,2969,3316
426,2020-04-21,368,3031,3399
426,2020-04-22,420,3177,3597
426,2020-04-23,395,3408,3803
426,2020-04-24,358,3466,3824
426,2020-04-25,147,2187,2334
426,2020-04-26,41,1589,1630
426,2020-04-27,390,3332,3722
426,2020-04-28,468,3391,3859
426,2020-04-29,430,3385,3815
426,2020-04-30,435,3728,4163
426,2020-05-01,61,1586,1647
426,2020-05-02,151,2043,2194
426,2020-05-03,46,1589,1635
426,2020-05-04,443,3670,4113
426,2020-05-05,469,3889,4358
426,2020-05-06,497,4087,4584
426,2020-05-07,477,4098,4575
426,2020-05-08,449,4342,4791
426,2020-05-09,92,1967,2059
426,2020-05-10,90,1741,1831
426,2020-05-11,465,4501,4966
426,2020-05-12,489,4638,5127
426,2020-05-13,521,4692,5213
426,2020-05-14,519,4934,5453
426,2020-05-15,501,5337,5838
426,2020-05-16,333,5162,5495
426,2020-05-17,105,3284,3389
426,2020-05-18,516,4915,5431
426,2020-05-19,505,5024,5529
426,2020-05-20,475,5332,5807
426,2020-05-21,91,2742,2833
426,2020-05-22,349,4830,5179
426,2020-05-23,208,2938,3146
426,2020-05-24,90,2412,2502
426,2020-05-25,510,5167,5677
426,2020-05-26,501,5571,6072
426,2020-05-27,497,5791,6288
426,2020-05-28,512,5771,6283
426,2020-05-29,440,6146,6586
426,2020-05-30,218,3818,4036
426,2020-05-31,130,2889,3019
426,2020-06-01,133,3117,3250
426,2020-06-02,535,5865,6400
426,2020-06-03,496,5782,6278
426,2020-06-04,524,5754,6278
426,2020-06-05,513,5798,6311
426,2020-06-06,241,3621,3862
426,2020-06-07,123,2730,2853
426,2020-06-08,506,5700,6206
426,2020-06-09,522,6013,6535
426,2020-06-10,494,6049,6543
426,2020-06-11,468,6105,6573
426,2020-06-12,512,6381,6893
426,2020-06-13,225,4028,4253
426,2020-06-14,126,3153,3279
426,2020-06-15,555,5832,6387
426,2020-06-16,556,6006,6562
426,2020-06-17,559,6142,6701
426,2020-06-18,506,6146,6652
426,2020-06-19,545,6491,7036
426,2020-06-20,292,4386,4678
426,2020-06-21,127,3546,3673
426,2020-06-22,439,5405,5844
426,2020-06-23,127,3078,3205
426,2020-06-24,589,6301,6890
426,2020-06-25,629,6650,7279
426,2020-06-26,526,6319,6845
426,2020-06-27,230,4152,4382
426,2020-06-28,121,3141,3262
426,2020-06-29,549,6072,6621
426,2020-06-30,605,6173,6778
426,2020-07-01,590,6452,7042
426,2020-07-02,539,6243,6782
426,2020-07-03,529,6629,7158
426,2020-07-04,203,3981,4184
426,2020-07-05,116,2902,3018
426,2020-07-06,499,5824,6323
426,2020-07-07,534,6109,6643
426,2020-07-08,486,6542,7028
426,2020-07-09,492,6443,6935
426,2020-07-10,557,6132,6689
426,2020-07-11,229,4060,4289
426,2020-07-12,130,3172,3302
426,2020-07-13,486,5851,6337
426,2020-07-14,546,6178,6724
426,2020-07-15,527,6221,6748
426,2020-07-16,524,6050,6574
426,2020-07-17,502,6089,6591
426,2020-07-18,218,4021,4239
426,2020-07-19,125,3139,3264
426,2020-07-20,515,5660,6175
426,2020-07-21,452,6239,6691
426,2020-07-22,448,6153,6601
426,2020-07-23,439,6058,6497
426,2020-07-24,475,5941,6416
426,2020-07-25,231,3615,3846
426,2020-07-26,124,3011,3135
426,2020-07-27,460,5714,6174
426,2020-07-28,427,5650,6077
426,2020-07-29,478,6309,6787
426,2020-07-30,374,5956,6330
426,2020-07-31,323,5479,5802
426,2020-08-01,180,3299,3479
426,2020-08-02,127,2799,2926
426,2020-08-03,287,4611,4898
426,2020-08-04,304,4978,5282
426,2020-08-05,307,4961,5268
426,2020-08-06,285,4955,5240
426,2020-08-07,297,4809,5106
426,2020-08-08,189,3150,3339
426,2020-08-09,121,2553,2674
426,2020-08-10,286,4430,4716
426,2020-08-11,285,4682,4967
426,2020-08-12,293,4700,4993
426,2020-08-14,294,4891,5185
426,2020-08-15,139,2974,3113
426,2020-08-16,117,2655,2772
426,2020-08-17,297,4518,4815
426,2020-08-18,305,4591,4896
426,2020-08-19,285,4903,5188
426,2020-08-20,291,4824,5115
426,2020-08-21,325,4830,5155
426,2020-08-22,189,3383,3572
426,2020-08-23,134,2839,2973
426,2020-08-24,436,4891,5327
426,2020-08-25,467,5099,5566
426,2020-08-26,442,5199,5641
426,2020-08-27,458,5494,5952
426,2020-08-28,494,5440,5934
426,2020-08-29,214,3429,3643
426,2020-08-30,128,2971,3099
426,2020-08-31,426,5178,5604
426,2020-09-01,462,5291,5753
426,2020-09-02,434,5188,5622
426,2020-09-03,445,5642,6087
426,2020-09-04,441,5706,6147
426,2020-09-05,239,3496,3735
426,2020-09-06,124,2762,2886
426,2020-09-07,467,5518,5985
426,2020-09-08,498,5861,6359
426,2020-09-09,466,5814,6280
426,2020-09-10,485,5905,6390
426,2020-09-11,439,6323,6762
426,2020-09-12,229,3951,4180
426,2020-09-13,161,3257,3418
426,2020-09-14,502,5943,6445
426,2020-09-15,516,6163,6679
426,2020-09-16,495,6196,6691
426,2020-09-17,523,6516,7039
426,2020-09-18,559,6491,7050
426,2020-09-19,219,4108,4327
426,2020-09-20,131,3110,3241
426,2020-09-21,559,6118,6677
426,2020-09-22,524,6489,7013
426,2020-09-23,604,6508,7112
426,2020-10-01,530,6544,7074
426,2020-10-02,516,6560,7076
426,2020-10-03,224,3968,4192
426,2020-10-04,136,3070,3206
426,2020-10-05,450,5845,6295
426,2020-10-06,525,6406,6931
426,2020-10-07,515,6427,6942
426,2020-10-08,532,6657,7189
426,2020-10-09,469,6384,6853
426,2020-10-10,221,4213,4434
426,2020-10-11,130,3129,3259
426,2020-10-12,509,6047,6556
426,2020-10-13,555,6498,7053
426,2020-10-14,529,6503,7032
426,2020-10-15,555,6564,7119
426,2020-10-16,616,6714,7330
426,2020-10-17,238,4212,4450
426,2020-10-18,140,3096,3236
426,2020-10-19,617,6189,6806
426,2020-10-20,583,6718,7301
426,2020-10-21,597,6400,6997
426,2020-10-22,553,6518,7071
426,2020-10-23,583,6520,7103
426,2020-10-24,211,3773,3984
426,2020-10-25,128,2543,2671
426,2020-10-26,179,1695,1874
426,2020-10-27,0,1,1
427,2020-01-01,4,1257,1261
427,2020-01-02,27,2246,2273
427,2020-01-03,27,2479,2506
427,2020-01-04,20,1872,1892
427,2020-01-05,6,1698,1704
427,2020-01-06,58,3362,3420
427,2020-01-07,62,3942,4004
427,2020-01-08,57,3421,3478
427,2020-01-09,55,3320,3375
427,2020-01-10,97,3527,3624
427,2020-01-11,27,2171,2198
427,2020-01-12,8,1742,1750
427,2020-01-13,189,3763,3952
427,2020-01-14,248,3864,4112
427,2020-01-15,212,3835,4047
427,2020-01-16,229,3958,4187
427,2020-01-17,201,3851,4052
427,2020-01-18,28,2257,2285
427,2020-01-19,7,1687,1694
427,2020-01-20,220,3735,3955
427,2020-01-21,222,3883,4105
427,2020-01-22,183,3906,4089
427,2020-01-23,164,3962,4126
427,2020-01-24,187,3775,3962
427,2020-01-25,24,2132,2156
427,2020-01-26,2,1804,1806
427,2020-01-27,145,3474,3619
427,2020-01-28,114,3677,3791
427,2020-01-29,126,3793,3919
427,2020-01-30,165,3882,4047
427,2020-01-31,155,3933,4088
427,2020-02-01,22,2138,2160
427,2020-02-02,8,1652,1660
427,2020-02-03,149,3557,3706
427,2020-02-04,329,3846,4175
427,2020-02-05,303,3917,4220
427,2020-02-06,388,4058,4446
427,2020-02-07,268,4022,4290
427,2020-02-08,31,2325,2356
427,2020-02-09,3,1374,1377
427,2020-02-10,330,2715,3045
427,2020-02-11,212,4476,4688
427,2020-02-12,288,3767,4055
427,2020-02-13,246,3733,3979
427,2020-02-14,296,3906,4202
427,2020-02-15,48,2093,2141
427,2020-02-16,2,1531,1533
427,2020-02-17,269,3104,3373
427,2020-02-18,292,3079,3371
427,2020-02-19,203,3170,3373
427,2020-02-20,251,3065,3316
427,2020-02-21,205,3201,3406
427,2020-02-22,41,2030,2071
427,2020-02-23,6,1543,1549
427,2020-02-24,220,3498,3718
427,2020-02-25,204,3736,3940
427,2020-02-26,217,3814,4031
427,2020-02-27,218,3961,4179
427,2020-02-28,211,3848,4059
427,2020-02-29,21,2292,2313
427,2020-03-01,6,1755,1761
427,2020-03-02,316,3948,4264
427,2020-03-03,301,3910,4211
427,2020-03-04,262,3898,4160
427,2020-03-05,219,3912,4131
427,2020-03-06,210,3935,4145
427,2020-03-07,33,2532,2565
427,2020-03-08,6,1894,1900
427,2020-03-09,221,3608,3829
427,2020-03-10,141,3595,3736
427,2020-03-11,229,3619,3848
427,2020-03-12,231,4044,4275
427,2020-03-13,214,3556,3770
427,2020-03-14,56,1881,1937
427,2020-03-15,11,1562,1573
427,2020-03-16,206,2420,2626
427,2020-03-17,223,2191,2414
427,2020-03-18,116,1748,1864
427,2020-03-19,78,1431,1509
427,2020-03-20,51,1372,1423
427,2020-03-21,8,576,584
427,2020-03-22,NA,524,NA
427,2020-03-23,27,1018,1045
427,2020-03-24,17,975,992
427,2020-03-25,23,1024,1047
427,2020-03-26,40,988,1028
427,2020-03-27,23,1024,1047
427,2020-03-28,9,748,757
427,2020-03-30,16,1015,1031
427,2020-03-31,34,1050,1084
427,2020-04-01,21,1083,1104
427,2020-04-02,26,1185,1211
427,2020-04-03,38,1188,1226
427,2020-04-04,6,751,757
427,2020-04-05,1,609,610
427,2020-04-06,25,1062,1087
427,2020-04-07,40,1109,1149
427,2020-04-08,27,1161,1188
427,2020-04-09,30,1263,1293
427,2020-04-10,28,1257,1285
427,2020-04-11,10,961,971
427,2020-04-12,1,610,611
427,2020-04-13,4,529,533
427,2020-04-14,32,1150,1182
427,2020-04-15,21,1226,1247
427,2020-04-16,35,1259,1294
427,2020-04-17,26,1502,1528
427,2020-04-18,12,1011,1023
427,2020-04-19,4,835,839
427,2020-04-20,106,1695,1801
427,2020-04-21,161,1782,1943
427,2020-04-22,126,1947,2073
427,2020-04-23,133,1906,2039
427,2020-04-24,167,2173,2340
427,2020-04-25,40,1510,1550
427,2020-04-26,5,1187,1192
427,2020-04-27,166,1980,2146
427,2020-04-28,217,1934,2151
427,2020-04-29,198,1908,2106
427,2020-04-30,150,2040,2190
427,2020-05-02,23,1228,1251
427,2020-05-03,13,1088,1101
427,2020-05-04,244,2046,2290
427,2020-05-05,233,2180,2413
427,2020-05-06,287,2295,2582
427,2020-05-07,305,2338,2643
427,2020-05-08,280,2348,2628
427,2020-05-09,6,1119,1125
427,2020-05-10,9,1007,1016
427,2020-05-11,202,2352,2554
427,2020-05-12,218,2651,2869
427,2020-05-13,270,2653,2923
427,2020-05-14,251,2747,2998
427,2020-05-15,241,3039,3280
427,2020-05-16,106,2710,2816
427,2020-05-17,28,2419,2447
427,2020-05-18,215,2793,3008
427,2020-05-19,294,2884,3178
427,2020-05-20,213,3045,3258
427,2020-05-21,14,1799,1813
427,2020-05-22,106,2694,2800
427,2020-05-23,23,1600,1623
427,2020-05-24,10,1415,1425
427,2020-05-25,199,2881,3080
427,2020-05-26,237,3002,3239
427,2020-05-27,195,3212,3407
427,2020-05-28,202,3114,3316
427,2020-05-29,220,3352,3572
427,2020-05-30,63,2214,2277
427,2020-05-31,8,1843,1851
427,2020-06-01,17,1898,1915
427,2020-06-02,161,3219,3380
427,2020-06-03,256,3158,3414
427,2020-06-04,274,3052,3326
427,2020-06-05,241,2981,3222
427,2020-06-06,56,1933,1989
427,2020-06-07,5,1671,1676
427,2020-06-08,269,2961,3230
427,2020-06-09,200,3163,3363
427,2020-06-10,189,3092,3281
427,2020-06-11,226,3283,3509
427,2020-06-12,211,3507,3718
427,2020-06-13,50,2126,2176
427,2020-06-14,10,1895,1905
427,2020-06-15,256,3109,3365
427,2020-06-16,266,3159,3425
427,2020-06-17,281,2766,3047
427,2020-06-18,336,3365,3701
427,2020-06-19,356,3381,3737
427,2020-06-20,165,2642,2807
427,2020-06-21,21,2409,2430
427,2020-06-22,118,2651,2769
427,2020-06-23,10,1794,1804
427,2020-06-24,361,3312,3673
427,2020-06-25,317,3412,3729
427,2020-06-26,251,3101,3352
427,2020-06-27,67,3452,3519
427,2020-06-28,8,2078,2086
427,2020-06-29,272,3081,3353
427,2020-06-30,302,3227,3529
427,2020-07-01,315,3358,3673
427,2020-07-02,330,3089,3419
427,2020-07-03,344,3453,3797
427,2020-07-04,32,2213,2245
427,2020-07-05,9,1628,1637
427,2020-07-06,421,3140,3561
427,2020-07-07,488,3319,3807
427,2020-07-08,380,3654,4034
427,2020-07-09,413,3839,4252
427,2020-07-10,390,3348,3738
427,2020-07-11,42,2340,2382
427,2020-07-12,2,2024,2026
427,2020-07-13,316,3446,3762
427,2020-07-14,472,3265,3737
427,2020-07-15,367,2953,3320
427,2020-07-16,268,2503,2771
427,2020-07-17,350,3152,3502
427,2020-07-18,47,2358,2405
427,2020-07-19,9,1960,1969
427,2020-07-21,316,3190,3506
427,2020-07-22,156,3404,3560
427,2020-07-23,147,3156,3303
427,2020-07-24,198,3213,3411
427,2020-07-25,55,2211,2266
427,2020-07-26,11,1742,1753
427,2020-07-27,227,3113,3340
427,2020-07-28,216,3070,3286
427,2020-07-29,229,3226,3455
427,2020-07-30,114,3092,3206
427,2020-07-31,66,2757,2823
427,2020-08-01,13,1491,1504
427,2020-08-02,7,1630,1637
427,2020-08-03,37,2346,2383
427,2020-08-04,45,2699,2744
427,2020-08-05,48,2681,2729
427,2020-08-06,32,2469,2501
427,2020-08-07,35,2291,2326
427,2020-08-08,26,1498,1524
427,2020-08-09,0,1103,1103
427,2020-08-10,26,1542,1568
427,2020-08-11,27,1675,1702
427,2020-08-12,28,764,792
427,2020-08-13,20,846,866
427,2020-08-14,34,2026,2060
427,2020-08-15,31,1251,1282
427,2020-08-16,5,1283,1288
427,2020-08-17,19,1303,1322
427,2020-08-18,23,1820,1843
427,2020-08-19,19,1866,1885
427,2020-08-20,30,1622,1652
427,2020-08-21,37,1683,1720
427,2020-08-22,28,1584,1612
427,2020-08-23,11,1589,1600
427,2020-08-24,115,2200,2315
427,2020-08-25,94,2327,2421
427,2020-08-26,120,2172,2292
427,2020-08-27,155,2255,2410
427,2020-08-28,241,1947,2188
427,2020-08-29,32,1356,1388
427,2020-08-30,5,1326,1331
427,2020-08-31,110,1390,1500
432,2020-01-01,47,2241,2288
432,2020-01-02,327,4942,5269
432,2020-01-03,325,5386,5711
432,2020-01-04,208,4361,4569
432,2020-01-05,53,3212,3265
432,2020-01-06,395,6351,6746
432,2020-01-07,385,6631,7016
432,2020-01-08,390,6233,6623
432,2020-01-09,384,6628,7012
432,2020-01-10,395,6784,7179
432,2020-01-11,215,5459,5674
432,2020-01-12,50,3620,3670
432,2020-01-13,418,6514,6932
432,2020-01-14,491,6675,7166
432,2020-01-15,525,6466,6991
432,2020-01-16,509,6803,7312
432,2020-01-17,487,6792,7279
432,2020-01-18,245,5361,5606
432,2020-01-19,52,3557,3609
432,2020-01-20,483,6263,6746
432,2020-01-21,493,6781,7274
432,2020-01-22,513,6615,7128
432,2020-01-23,501,6818,7319
432,2020-01-24,518,6820,7338
432,2020-01-25,234,5527,5761
432,2020-01-26,53,3646,3699
432,2020-01-27,413,6079,6492
432,2020-01-28,485,6673,7158
432,2020-01-29,478,6569,7047
432,2020-01-30,470,6860,7330
432,2020-01-31,476,6977,7453
432,2020-02-01,222,5552,5774
432,2020-02-02,45,3554,3599
432,2020-02-03,495,6265,6760
432,2020-02-04,481,6844,7325
432,2020-02-05,499,6646,7145
432,2020-02-06,450,6872,7322
432,2020-02-07,516,6932,7448
432,2020-02-08,235,5702,5937
432,2020-02-09,55,4317,4372
432,2020-02-10,432,6448,6880
432,2020-02-11,480,7023,7503
432,2020-02-12,475,6907,7382
432,2020-02-13,474,6852,7326
432,2020-02-14,510,7101,7611
432,2020-02-15,229,4550,4779
432,2020-02-16,49,2820,2869
432,2020-02-17,432,6174,6606
432,2020-02-18,468,5980,6448
432,2020-02-19,490,5926,6416
432,2020-02-20,433,5890,6323
432,2020-02-21,467,6106,6573
432,2020-02-22,244,4528,4772
432,2020-02-23,65,3200,3265
432,2020-02-24,442,6203,6645
432,2020-02-25,489,6762,7251
432,2020-02-26,532,6770,7302
432,2020-02-27,318,3148,3466
432,2020-02-28,497,7312,7809
432,2020-02-29,246,5480,5726
432,2020-03-01,67,3810,3877
432,2020-03-02,463,6546,7009
432,2020-03-03,527,6861,7388
432,2020-03-04,559,6740,7299
432,2020-03-05,432,6651,7083
432,2020-03-06,509,6980,7489
432,2020-03-07,232,5689,5921
432,2020-03-08,52,3637,3689
432,2020-03-09,481,6381,6862
432,2020-03-10,470,6547,7017
432,2020-03-11,513,6493,7006
432,2020-03-12,537,6865,7402
432,2020-03-13,516,7019,7535
432,2020-03-14,239,4487,4726
432,2020-03-15,45,2816,2861
432,2020-03-16,439,4689,5128
432,2020-03-17,454,4203,4657
432,2020-03-18,466,3614,4080
432,2020-03-19,407,2974,3381
432,2020-03-20,370,2738,3108
432,2020-03-21,181,1477,1658
432,2020-03-22,9,866,875
432,2020-03-23,314,2504,2818
432,2020-03-24,309,2375,2684
432,2020-03-25,343,2353,2696
432,2020-03-26,319,2608,2927
432,2020-03-27,324,2806,3130
432,2020-03-28,183,1928,2111
432,2020-03-30,314,2406,2720
432,2020-03-31,325,2554,2879
432,2020-04-01,335,2617,2952
432,2020-04-02,321,2697,3018
432,2020-04-03,330,2894,3224
432,2020-04-04,176,2105,2281
432,2020-04-05,10,987,997
432,2020-04-06,303,2750,3053
432,2020-04-07,310,2867,3177
432,2020-04-08,328,2993,3321
432,2020-04-09,312,3144,3456
432,2020-04-10,298,3334,3632
432,2020-04-11,185,2575,2760
432,2020-04-12,3,972,975
432,2020-04-13,5,929,934
432,2020-04-14,341,3054,3395
432,2020-04-15,326,3045,3371
432,2020-04-16,325,3101,3426
432,2020-04-17,335,3409,3744
432,2020-04-18,173,2703,2876
432,2020-04-19,11,1247,1258
432,2020-04-20,385,3526,3911
432,2020-04-21,410,3607,4017
432,2020-04-22,395,3795,4190
432,2020-04-23,360,3754,4114
432,2020-04-24,366,4176,4542
432,2020-04-25,205,3307,3512
432,2020-04-26,13,1600,1613
432,2020-04-27,379,3871,4250
432,2020-04-28,405,3813,4218
432,2020-04-29,409,4021,4430
432,2020-04-30,402,4669,5071
432,2020-05-01,25,1518,1543
432,2020-05-02,192,3664,3856
432,2020-05-03,14,1665,1679
432,2020-05-04,521,4299,4820
432,2020-05-05,473,4370,4843
432,2020-05-06,491,4689,5180
432,2020-05-07,462,4769,5231
432,2020-05-08,474,5258,5732
432,2020-05-09,49,2318,2367
432,2020-05-10,42,2126,2168
432,2020-05-11,520,4660,5180
432,2020-05-12,545,5473,6018
432,2020-05-13,546,5663,6209
432,2020-05-14,532,5690,6222
432,2020-05-15,494,6019,6513
432,2020-05-16,262,5614,5876
432,2020-05-17,63,3419,3482
432,2020-05-18,482,6096,6578
432,2020-05-19,503,5867,6370
432,2020-05-20,481,6309,6790
432,2020-05-21,54,2839,2893
432,2020-05-22,429,6155,6584
432,2020-05-23,271,4351,4622
432,2020-05-24,41,2721,2762
432,2020-05-25,505,5756,6261
432,2020-05-26,493,6121,6614
432,2020-05-27,494,6184,6678
432,2020-05-28,510,6308,6818
432,2020-05-29,517,6641,7158
432,2020-05-30,241,5542,5783
432,2020-05-31,49,3120,3169
432,2020-06-01,45,3076,3121
432,2020-06-02,439,6454,6893
432,2020-06-03,456,6166,6622
432,2020-06-04,493,6477,6970
432,2020-06-05,486,6369,6855
432,2020-06-06,231,4925,5156
432,2020-06-07,50,3138,3188
432,2020-06-08,477,6016,6493
432,2020-06-09,480,6395,6875
432,2020-06-10,515,6374,6889
432,2020-06-11,491,6604,7095
432,2020-06-12,455,6742,7197
432,2020-06-13,231,5557,5788
432,2020-06-14,52,3576,3628
432,2020-06-15,459,6222,6681
432,2020-06-16,524,6684,7208
432,2020-06-17,510,6708,7218
432,2020-06-18,513,7020,7533
432,2020-06-19,517,7013,7530
432,2020-06-20,253,5519,5772
432,2020-06-21,46,3363,3409
432,2020-06-22,449,6603,7052
432,2020-06-23,50,3173,3223
432,2020-06-24,447,6595,7042
432,2020-06-25,477,6970,7447
432,2020-06-26,482,6838,7320
432,2020-06-27,253,6348,6601
432,2020-06-28,42,3963,4005
432,2020-06-29,501,6618,7119
432,2020-06-30,521,6837,7358
432,2020-07-01,490,6956,7446
432,2020-07-02,519,6852,7371
432,2020-07-03,501,7315,7816
432,2020-07-04,276,5401,5677
432,2020-07-05,58,3188,3246
432,2020-07-06,531,6359,6890
432,2020-07-07,523,6585,7108
432,2020-07-08,554,6627,7181
432,2020-07-09,489,6778,7267
432,2020-07-10,512,6985,7497
432,2020-07-11,265,5402,5667
432,2020-07-12,57,3473,3530
432,2020-07-13,506,6294,6800
432,2020-07-14,500,6629,7129
432,2020-07-15,538,6576,7114
432,2020-07-16,483,6716,7199
432,2020-07-17,498,6698,7196
432,2020-07-18,263,4992,5255
432,2020-07-19,46,3253,3299
432,2020-07-20,465,5830,6295
432,2020-07-21,508,6339,6847
432,2020-07-22,503,6094,6597
432,2020-07-23,504,6279,6783
432,2020-07-24,526,6273,6799
432,2020-07-25,265,4895,5160
432,2020-07-26,51,3008,3059
432,2020-07-27,520,5838,6358
432,2020-07-28,454,6208,6662
432,2020-07-29,472,6165,6637
432,2020-07-30,431,6409,6840
432,2020-07-31,414,6254,6668
432,2020-08-01,240,4890,5130
432,2020-08-02,61,3337,3398
432,2020-08-03,427,6223,6650
432,2020-08-04,432,6509,6941
432,2020-08-05,400,6286,6686
432,2020-08-06,399,6308,6707
432,2020-08-07,375,6305,6680
432,2020-08-08,208,4513,4721
432,2020-08-09,39,2917,2956
432,2020-08-10,345,5764,6109
432,2020-08-11,375,6034,6409
432,2020-08-12,388,6153,6541
432,2020-08-13,388,6246,6634
432,2020-08-14,396,6752,7148
432,2020-08-15,46,3357,3403
432,2020-08-16,45,3205,3250
432,2020-08-17,386,5807,6193
432,2020-08-18,420,5976,6396
432,2020-08-19,410,6050,6460
432,2020-08-20,394,5823,6217
432,2020-08-21,403,6196,6599
432,2020-08-22,233,4819,5052
432,2020-08-23,57,3333,3390
432,2020-08-24,446,5993,6439
432,2020-08-25,458,6432,6890
432,2020-08-26,512,6316,6828
432,2020-08-27,471,6613,7084
432,2020-08-28,460,6764,7224
432,2020-08-29,254,4950,5204
432,2020-08-30,64,3436,3500
432,2020-08-31,456,5744,6200
432,2020-09-01,477,5856,6333
432,2020-09-02,500,5855,6355
432,2020-09-03,500,5825,6325
432,2020-09-04,492,6124,6616
432,2020-09-05,142,2149,2291
432,2020-09-06,0,29,29
432,2020-09-07,481,5867,6348
432,2020-09-08,490,6088,6578
432,2020-09-09,506,6142,6648
432,2020-09-10,509,6180,6689
432,2020-09-11,503,6537,7040
432,2020-09-12,255,4881,5136
432,2020-09-13,99,3319,3418
432,2020-09-14,467,6189,6656
432,2020-09-15,465,6557,7022
432,2020-09-16,495,6396,6891
432,2020-09-17,489,6529,7018
432,2020-09-18,502,6673,7175
432,2020-09-19,307,5255,5562
432,2020-09-20,85,3386,3471
432,2020-09-21,124,3885,4009
432,2020-09-22,127,3787,3914
432,2020-09-23,125,4088,4213
432,2020-09-24,112,4011,4123
432,2020-09-25,98,4842,4940
432,2020-09-26,72,3379,3451
432,2020-09-27,16,1770,1786
432,2020-09-28,97,3770,3867
432,2020-09-29,104,4235,4339
432,2020-09-30,107,4204,4311
432,2020-10-01,112,4257,4369
432,2020-10-02,90,4323,4413
432,2020-10-03,43,3475,3518
432,2020-10-04,16,2075,2091
432,2020-10-05,56,3827,3883
432,2020-10-06,95,4206,4301
432,2020-10-07,109,4227,4336
432,2020-10-08,113,4214,4327
432,2020-10-09,90,4308,4398
432,2020-10-10,73,3713,3786
432,2020-10-11,18,2053,2071
432,2020-10-12,113,4054,4167
432,2020-10-13,177,4532,4709
432,2020-10-14,448,5437,5885
432,2020-10-15,475,5940,6415
432,2020-10-16,447,6199,6646
432,2020-10-17,327,5419,5746
432,2020-10-18,106,3234,3340
432,2020-10-19,460,5713,6173
432,2020-10-20,469,6295,6764
432,2020-10-21,484,6090,6574
432,2020-10-22,453,6249,6702
432,2020-10-23,430,6370,6800
432,2020-10-24,304,5025,5329
432,2020-10-25,94,2944,3038
432,2020-10-26,450,5851,6301
432,2020-10-27,452,6100,6552
432,2020-10-28,451,6095,6546
432,2020-10-29,458,6152,6610
432,2020-10-30,495,6319,6814
432,2020-11-01,78,2506,2584
432,2020-11-02,395,5546,5941
432,2020-11-03,470,5665,6135
432,2020-11-04,481,5746,6227
432,2020-11-05,444,5931,6375
432,2020-11-06,474,5936,6410
432,2020-11-07,330,4785,5115
432,2020-11-08,100,2744,2844
432,2020-11-09,468,5684,6152
432,2020-11-10,487,6069,6556
432,2020-11-11,461,6024,6485
432,2020-11-12,483,5932,6415
432,2020-11-13,495,6357,6852
432,2020-11-14,301,5122,5423
432,2020-11-15,107,2907,3014
432,2020-11-16,471,5831,6302
432,2020-11-17,489,6062,6551
432,2020-11-18,485,5963,6448
432,2020-11-19,457,6096,6553
432,2020-11-20,548,5336,5884
432,2020-11-21,314,5124,5438
432,2020-11-22,105,2886,2991
432,2020-11-23,465,6049,6514
432,2020-11-24,486,6182,6668
432,2020-11-25,485,6292,6777
432,2020-11-26,487,5996,6483
432,2020-11-27,480,6263,6743
432,2020-11-28,293,5083,5376
432,2020-11-29,95,2725,2820
432,2020-11-30,464,5699,6163
432,2020-12-01,444,5613,6057
432,2020-12-02,484,5734,6218
432,2020-12-03,443,5893,6336
432,2020-12-04,465,6260,6725
432,2020-12-05,333,4850,5183
432,2020-12-06,99,2715,2814
432,2020-12-07,461,5633,6094
432,2020-12-08,426,5705,6131
432,2020-12-09,495,5896,6391
432,2020-12-10,488,5891,6379
432,2020-12-11,491,5812,6303
432,2020-12-12,290,4611,4901
432,2020-12-13,103,2748,2851
432,2020-12-14,490,5733,6223
432,2020-12-15,447,5841,6288
432,2020-12-16,416,6100,6516
432,2020-12-17,430,6160,6590
432,2020-12-18,407,6469,6876
432,2020-12-19,241,4687,4928
432,2020-12-20,107,2712,2819
432,2020-12-21,309,5560,5869
432,2020-12-22,319,6072,6391
432,2020-12-23,292,5624,5916
432,2020-12-24,250,4913,5163
432,2020-12-25,81,1927,2008
432,2020-12-26,103,1903,2006
432,2020-12-27,97,1403,1500
432,2020-12-28,286,3891,4177
432,2020-12-29,302,4244,4546
432,2020-12-30,310,4519,4829
432,2020-12-31,257,2925,3182
433,2020-01-01,87,4791,4878
433,2020-01-02,483,7917,8400
433,2020-01-03,420,8575,8995
433,2020-01-04,191,6979,7170
433,2020-01-05,86,5737,5823
433,2020-01-06,598,9920,10518
433,2020-01-07,577,10370,10947
433,2020-01-08,616,9910,10526
433,2020-01-09,600,10074,10674
433,2020-01-10,676,10435,11111
433,2020-01-11,255,8341,8596
433,2020-01-12,103,6010,6113
433,2020-01-13,740,10008,10748
433,2020-01-14,913,10358,11271
433,2020-01-15,901,10628,11529
433,2020-01-16,957,10788,11745
433,2020-01-17,893,10290,11183
433,2020-01-18,210,8479,8689
433,2020-01-19,99,6446,6545
433,2020-01-20,1021,10080,11101
433,2020-01-21,1066,10260,11326
433,2020-01-22,999,10301,11300
433,2020-01-23,954,10616,11570
433,2020-01-24,1000,10594,11594
433,2020-01-25,236,8336,8572
433,2020-01-26,107,6153,6260
433,2020-01-27,821,8877,9698
433,2020-01-28,846,10145,10991
433,2020-01-29,923,10247,11170
433,2020-01-30,841,10700,11541
433,2020-01-31,886,10688,11574
433,2020-02-01,208,7856,8064
433,2020-02-02,73,5716,5789
433,2020-02-03,840,9388,10228
433,2020-02-04,912,10637,11549
433,2020-02-05,977,10620,11597
433,2020-02-06,957,10626,11583
433,2020-02-07,984,10799,11783
433,2020-02-08,316,8513,8829
433,2020-02-09,88,5385,5473
433,2020-02-10,648,8836,9484
433,2020-02-11,889,10572,11461
433,2020-02-12,901,10368,11269
433,2020-02-13,778,10079,10857
433,2020-02-14,915,10786,11701
433,2020-02-15,222,6930,7152
433,2020-02-16,82,5416,5498
433,2020-02-17,838,9353,10191
433,2020-02-18,890,9563,10453
433,2020-02-19,882,9599,10481
433,2020-02-20,900,9388,10288
433,2020-02-21,956,9888,10844
433,2020-02-22,240,7081,7321
433,2020-02-23,90,5367,5457
433,2020-02-24,778,9645,10423
433,2020-02-25,869,10085,10954
433,2020-02-26,933,10336,11269
433,2020-02-27,678,8063,8741
433,2020-02-28,890,10749,11639
433,2020-02-29,273,8434,8707
433,2020-03-01,85,6016,6101
433,2020-03-02,883,9475,10358
433,2020-03-03,977,10269,11246
433,2020-03-04,987,10439,11426
433,2020-03-05,831,9248,10079
433,2020-03-06,1015,10681,11696
433,2020-03-07,324,8709,9033
433,2020-03-08,103,6176,6279
433,2020-03-09,952,10126,11078
433,2020-03-10,848,9919,10767
433,2020-03-11,974,10245,11219
433,2020-03-12,897,10226,11123
433,2020-03-13,989,9813,10802
433,2020-03-14,315,6442,6757
433,2020-03-15,88,5101,5189
433,2020-03-16,963,7731,8694
433,2020-03-17,903,6577,7480
433,2020-03-18,760,5543,6303
433,2020-03-19,639,4637,5276
433,2020-03-20,479,4261,4740
433,2020-03-21,112,1894,2006
433,2020-03-22,29,1480,1509
433,2020-03-23,344,3445,3789
433,2020-03-24,363,3345,3708
433,2020-03-25,330,3464,3794
433,2020-03-26,356,3580,3936
433,2020-03-27,342,3793,4135
433,2020-03-28,94,2344,2438
433,2020-03-30,375,3767,4142
433,2020-03-31,367,3685,4052
433,2020-04-01,350,3814,4164
433,2020-04-02,360,3858,4218
433,2020-04-03,349,3920,4269
433,2020-04-04,98,2456,2554
433,2020-04-05,20,1664,1684
433,2020-04-06,316,3836,4152
433,2020-04-07,352,3880,4232
433,2020-04-08,374,4070,4444
433,2020-04-09,373,4145,4518
433,2020-04-10,358,4159,4517
433,2020-04-11,127,2849,2976
433,2020-04-12,21,1620,1641
433,2020-04-13,21,1685,1706
433,2020-04-14,371,4197,4568
433,2020-04-15,362,4301,4663
433,2020-04-16,361,4405,4766
433,2020-04-17,363,4717,5080
433,2020-04-18,119,3017,3136
433,2020-04-19,28,2171,2199
433,2020-04-20,631,5673,6304
433,2020-04-21,684,5864,6548
433,2020-04-22,745,5941,6686
433,2020-04-23,753,6092,6845
433,2020-04-24,774,6285,7059
433,2020-04-25,176,4061,4237
433,2020-04-26,39,2899,2938
433,2020-04-27,804,6539,7343
433,2020-04-28,761,6216,6977
433,2020-04-29,796,6502,7298
433,2020-04-30,823,6489,7312
433,2020-05-01,48,2541,2589
433,2020-05-02,215,4167,4382
433,2020-05-03,42,2968,3010
433,2020-05-04,895,7290,8185
433,2020-05-05,955,7600,8555
433,2020-05-06,874,7828,8702
433,2020-05-07,905,7614,8519
433,2020-05-08,837,8236,9073
433,2020-05-09,87,3758,3845
433,2020-05-10,63,3359,3422
433,2020-05-11,878,8467,9345
433,2020-05-12,901,8725,9626
433,2020-05-13,923,8760,9683
433,2020-05-14,947,8710,9657
433,2020-05-15,1053,8934,9987
433,2020-05-16,309,6217,6526
433,2020-05-20,1021,9560,10581
433,2020-05-21,115,6011,6126
433,2020-05-22,744,8870,9614
433,2020-05-23,229,6266,6495
433,2020-05-24,61,5097,5158
433,2020-05-25,1003,9562,10565
433,2020-05-26,960,9991,10951
433,2020-05-27,973,9973,10946
433,2020-05-28,1015,10503,11518
433,2020-05-29,1001,10954,11955
433,2020-05-30,281,8370,8651
433,2020-05-31,71,6689,6760
433,2020-06-01,102,6854,6956
433,2020-06-02,873,10537,11410
433,2020-06-03,959,10471,11430
433,2020-06-04,982,10521,11503
433,2020-06-05,875,10291,11166
433,2020-06-06,273,7946,8219
433,2020-06-07,69,6061,6130
433,2020-06-08,1002,10213,11215
433,2020-06-09,1015,10746,11761
433,2020-06-10,948,10958,11906
433,2020-06-11,938,11458,12396
433,2020-06-12,1079,11279,12358
433,2020-06-13,278,8743,9021
433,2020-06-14,93,6630,6723
433,2020-06-15,1118,10708,11826
433,2020-06-16,1089,11118,12207
433,2020-06-17,936,9635,10571
433,2020-06-18,1020,11672,12692
433,2020-06-19,1080,11502,12582
433,2020-06-20,288,9027,9315
433,2020-06-21,107,7233,7340
433,2020-06-22,740,10111,10851
433,2020-06-23,114,7410,7524
433,2020-06-24,1114,11439,12553
433,2020-06-25,1050,11759,12809
433,2020-06-26,1070,11154,12224
433,2020-06-27,440,8789,9229
433,2020-06-28,210,6483,6693
433,2020-06-29,1046,10914,11960
433,2020-06-30,1059,11319,12378
433,2020-07-01,1076,11691,12767
433,2020-07-02,944,11679,12623
433,2020-07-03,991,12041,13032
433,2020-07-04,414,8351,8765
433,2020-07-05,180,5874,6054
433,2020-07-06,1008,10774,11782
433,2020-07-07,1062,11294,12356
433,2020-07-08,1022,11554,12576
433,2020-07-09,1066,11676,12742
433,2020-07-10,1032,11734,12766
433,2020-07-11,347,9099,9446
433,2020-07-12,120,7476,7596
433,2020-07-13,1215,11392,12607
433,2020-07-14,1038,11373,12411
433,2020-07-15,1001,11281,12282
433,2020-07-16,1068,11233,12301
433,2020-07-17,1017,11326,12343
433,2020-07-18,299,8575,8874
433,2020-07-19,94,6973,7067
433,2020-07-20,1029,10557,11586
433,2020-07-21,1017,10937,11954
433,2020-07-22,928,11001,11929
433,2020-07-23,1013,11124,12137
433,2020-07-24,1020,10943,11963
433,2020-07-25,339,8142,8481
433,2020-07-26,83,6186,6269
433,2020-07-27,965,10509,11474
433,2020-07-28,987,10636,11623
433,2020-07-29,1032,10966,11998
433,2020-07-30,896,11221,12117
433,2020-07-31,746,10444,11190
433,2020-08-01,212,7608,7820
433,2020-08-02,81,6536,6617
433,2020-08-03,640,9280,9920
433,2020-08-04,643,9688,10331
433,2020-08-05,631,9938,10569
433,2020-08-06,617,10054,10671
433,2020-08-07,587,9916,10503
433,2020-08-08,203,7348,7551
433,2020-08-09,87,5798,5885
433,2020-08-10,627,9139,9766
433,2020-08-11,625,9311,9936
433,2020-08-12,592,9492,10084
433,2020-08-13,611,9660,10271
433,2020-08-14,627,9602,10229
433,2020-08-15,116,6454,6570
433,2020-08-16,93,6243,6336
433,2020-08-17,627,9103,9730
433,2020-08-18,605,9167,9772
433,2020-08-19,671,9889,10560
433,2020-08-20,621,9866,10487
433,2020-08-21,660,9998,10658
433,2020-08-22,239,7604,7843
433,2020-08-23,126,6301,6427
433,2020-08-24,945,9932,10877
433,2020-08-25,988,10275,11263
433,2020-08-26,924,10307,11231
433,2020-08-27,878,10690,11568
433,2020-08-28,1006,10175,11181
433,2020-08-29,287,7662,7949
433,2020-08-30,140,6530,6670
433,2020-08-31,946,10029,10975
433,2020-09-01,936,10404,11340
433,2020-09-02,948,10582,11530
433,2020-09-03,939,10725,11664
433,2020-09-04,998,10776,11774
433,2020-09-05,429,8709,9138
433,2020-09-06,150,7475,7625
433,2020-09-07,1056,10737,11793
433,2020-09-08,954,11219,12173
433,2020-09-09,1082,11119,12201
433,2020-09-10,1065,11292,12357
433,2020-09-11,1034,11650,12684
433,2020-09-12,458,9098,9556
433,2020-09-13,184,7774,7958
433,2020-09-14,1028,10871,11899
433,2020-09-15,1090,11201,12291
433,2020-09-16,1067,11826,12893
433,2020-09-17,1056,11480,12536
433,2020-09-18,1117,11728,12845
433,2020-09-19,330,9136,9466
433,2020-09-20,142,7915,8057
433,2020-09-21,1289,12340,13629
433,2020-09-22,1318,12700,14018
433,2020-09-23,1450,12616,14066
433,2020-09-24,1306,12796,14102
433,2020-09-25,1206,12803,14009
433,2020-09-26,428,9906,10334
433,2020-09-27,138,6757,6895
433,2020-09-28,1145,11227,12372
433,2020-09-29,1225,12473,13698
433,2020-09-30,1309,12407,13716
433,2020-10-01,1121,12142,13263
433,2020-10-02,1110,12195,13305
433,2020-10-03,353,9612,9965
433,2020-10-04,110,6726,6836
433,2020-10-05,1074,10801,11875
433,2020-10-06,1047,11492,12539
433,2020-10-07,1121,12181,13302
433,2020-10-08,1230,12296,13526
433,2020-10-09,1087,12035,13122
433,2020-10-10,471,10391,10862
433,2020-10-11,156,7320,7476
433,2020-10-12,1268,11579,12847
433,2020-10-13,1239,11837,13076
433,2020-10-14,1267,11660,12927
433,2020-10-15,1169,11654,12823
433,2020-10-16,1123,11772,12895
433,2020-10-17,305,8771,9076
433,2020-10-18,127,6426,6553
433,2020-10-19,1061,10865,11926
433,2020-10-20,1148,11427,12575
433,2020-10-21,984,11038,12022
433,2020-10-22,1006,11436,12442
433,2020-10-23,975,11052,12027
433,2020-10-24,283,8040,8323
433,2020-10-25,142,5795,5937
433,2020-10-26,964,10214,11178
433,2020-10-27,993,10297,11290
433,2020-10-28,971,10565,11536
433,2020-10-29,972,10548,11520
433,2020-10-30,979,10720,11699
433,2020-11-01,78,4231,4309
433,2020-11-02,888,9381,10269
433,2020-11-03,1077,9977,11054
433,2020-11-04,1080,10108,11188
433,2020-11-05,991,10274,11265
433,2020-11-06,1004,10568,11572
433,2020-11-07,318,8279,8597
433,2020-11-08,120,5657,5777
433,2020-11-09,1037,10077,11114
433,2020-11-10,1116,10492,11608
433,2020-11-11,1084,10392,11476
433,2020-11-12,1099,10564,11663
433,2020-11-13,1084,10926,12010
433,2020-11-14,292,8623,8915
433,2020-11-15,117,5229,5346
433,2020-11-16,1001,9866,10867
433,2020-11-17,1078,10372,11450
433,2020-11-18,1053,10746,11799
433,2020-11-19,1001,10690,11691
433,2020-11-20,1103,11190,12293
433,2020-11-21,273,7953,8226
433,2020-11-22,95,5156,5251
433,2020-11-23,1078,10001,11079
433,2020-11-24,1074,10462,11536
433,2020-11-25,1175,10753,11928
433,2020-11-26,1103,10262,11365
433,2020-11-27,1260,10591,11851
433,2020-11-28,306,7247,7553
433,2020-11-29,127,4843,4970
433,2020-11-30,1151,9907,11058
433,2020-12-01,1020,9366,10386
433,2020-12-02,1156,10178,11334
433,2020-12-03,1033,9514,10547
433,2020-12-04,1021,10186,11207
433,2020-12-05,303,7051,7354
433,2020-12-06,110,4745,4855
433,2020-12-07,1140,9602,10742
433,2020-12-08,1102,9316,10418
433,2020-12-09,1071,9815,10886
433,2020-12-10,1128,9889,11017
433,2020-12-11,906,8795,9701
433,2020-12-12,256,6429,6685
433,2020-12-13,113,4813,4926
433,2020-12-14,1282,9948,11230
433,2020-12-15,1089,9539,10628
433,2020-12-16,1096,10514,11610
433,2020-12-17,1108,10507,11615
433,2020-12-18,931,10525,11456
433,2020-12-19,248,7106,7354
433,2020-12-20,92,4859,4951
433,2020-12-21,656,8402,9058
433,2020-12-22,591,8351,8942
433,2020-12-23,544,7640,8184
433,2020-12-24,483,6787,7270
433,2020-12-25,65,3921,3986
433,2020-12-26,105,3824,3929
433,2020-12-27,49,2730,2779
433,2020-12-28,514,6156,6670
433,2020-12-29,527,6528,7055
433,2020-12-30,558,6832,7390
433,2020-12-31,436,5472,5908
446,2020-01-01,91,2690,2781
446,2020-01-02,471,6134,6605
446,2020-01-03,477,6709,7186
446,2020-01-04,247,5214,5461
446,2020-01-05,90,3634,3724
446,2020-01-06,579,8020,8599
446,2020-01-07,573,8500,9073
446,2020-01-16,796,9399,10195
446,2020-01-17,838,9278,10116
446,2020-01-18,272,6065,6337
446,2020-01-19,91,4037,4128
446,2020-01-20,836,8982,9818
446,2020-01-21,852,9179,10031
446,2020-01-22,876,8935,9811
446,2020-01-23,821,9260,10081
446,2020-01-24,866,9327,10193
446,2020-01-25,285,6254,6539
446,2020-01-26,91,4275,4366
446,2020-01-27,933,8669,9602
446,2020-01-28,902,8956,9858
446,2020-01-29,871,8582,9453
446,2020-01-30,882,8980,9862
446,2020-01-31,922,9273,10195
446,2020-02-01,277,5824,6101
446,2020-02-02,83,3856,3939
446,2020-02-03,902,8679,9581
446,2020-02-04,876,8795,9671
446,2020-02-05,978,8801,9779
446,2020-02-06,890,9031,9921
446,2020-02-07,851,9044,9895
446,2020-02-08,269,5931,6200
446,2020-02-09,90,3594,3684
446,2020-02-10,804,8318,9122
446,2020-02-11,841,8773,9614
446,2020-02-12,913,8727,9640
446,2020-02-13,873,9117,9990
446,2020-02-14,915,9241,10156
446,2020-02-15,275,5755,6030
446,2020-02-16,90,3862,3952
446,2020-02-17,934,7824,8758
446,2020-02-18,925,7883,8808
446,2020-02-19,867,8126,8993
446,2020-02-20,916,8464,9380
446,2020-02-21,882,9396,10278
446,2020-02-22,425,5784,6209
446,2020-02-23,97,3672,3769
446,2020-02-24,960,7942,8902
446,2020-02-25,961,8425,9386
446,2020-02-26,893,8484,9377
446,2020-02-27,714,8064,8778
446,2020-02-28,840,8881,9721
446,2020-02-29,403,5957,6360
446,2020-03-01,105,3994,4099
446,2020-03-02,564,6712,7276
446,2020-03-03,909,8266,9175
446,2020-03-04,901,8091,8992
446,2020-03-05,992,8958,9950
446,2020-03-06,788,9207,9995
446,2020-03-07,305,6463,6768
446,2020-03-08,100,4104,4204
446,2020-03-09,881,8658,9539
446,2020-03-10,760,8550,9310
446,2020-03-11,849,7922,8771
446,2020-03-12,811,8794,9605
446,2020-03-13,1000,8948,9948
446,2020-03-14,344,5057,5401
446,2020-03-15,103,3190,3293
446,2020-03-16,758,6741,7499
446,2020-03-17,749,5576,6325
446,2020-03-18,706,3980,4686
446,2020-03-19,514,3360,3874
446,2020-03-20,471,3181,3652
446,2020-03-21,213,1494,1707
446,2020-03-22,15,1006,1021
446,2020-03-23,414,2583,2997
446,2020-03-24,403,2409,2812
446,2020-03-25,452,2524,2976
446,2020-03-26,417,2504,2921
446,2020-03-27,431,2631,3062
446,2020-03-28,241,1746,1987
446,2020-03-30,432,2537,2969
446,2020-03-31,449,2581,3030
446,2020-04-01,488,2679,3167
446,2020-04-02,412,2584,2996
446,2020-04-03,391,2738,3129
446,2020-04-04,198,1824,2022
446,2020-04-05,20,1029,1049
446,2020-04-06,438,2778,3216
446,2020-04-07,394,2775,3169
446,2020-04-08,423,2856,3279
446,2020-04-09,444,2922,3366
446,2020-04-10,412,3001,3413
446,2020-04-11,220,2197,2417
446,2020-04-12,14,1125,1139
446,2020-04-13,19,1050,1069
446,2020-04-14,414,3009,3423
446,2020-04-15,424,2974,3398
446,2020-04-16,445,3083,3528
446,2020-04-17,430,3392,3822
446,2020-04-18,211,2315,2526
446,2020-04-19,19,1318,1337
446,2020-04-20,529,4191,4720
446,2020-04-21,600,4253,4853
446,2020-04-22,736,4300,5036
446,2020-04-23,768,4601,5369
446,2020-04-24,801,4920,5721
446,2020-04-25,278,3315,3593
446,2020-04-26,14,1784,1798
446,2020-04-27,851,6020,6871
446,2020-04-28,768,5387,6155
446,2020-04-29,716,4997,5713
446,2020-04-30,748,5433,6181
446,2020-05-01,16,1576,1592
446,2020-05-02,255,3512,3767
446,2020-05-03,20,1820,1840
446,2020-05-04,813,5202,6015
446,2020-05-05,917,5457,6374
446,2020-05-06,885,5476,6361
446,2020-05-07,774,5566,6340
446,2020-05-08,853,6004,6857
446,2020-05-09,95,2307,2402
446,2020-05-10,94,2089,2183
446,2020-05-11,849,6210,7059
446,2020-05-12,901,6276,7177
446,2020-05-13,889,6247,7136
446,2020-05-14,940,6695,7635
446,2020-05-15,898,7207,8105
446,2020-05-16,360,5171,5531
446,2020-05-17,89,3179,3268
446,2020-05-18,838,6878,7716
446,2020-05-19,965,7260,8225
446,2020-05-20,956,7321,8277
446,2020-05-21,132,3018,3150
446,2020-05-22,724,6683,7407
446,2020-05-23,279,4591,4870
446,2020-05-24,92,2774,2866
446,2020-05-25,733,6785,7518
446,2020-05-26,813,7073,7886
446,2020-05-27,799,7068,7867
446,2020-05-28,784,7380,8164
446,2020-05-29,771,7635,8406
446,2020-05-30,330,5610,5940
446,2020-05-31,88,3664,3752
446,2020-06-01,88,3325,3413
446,2020-06-02,815,8378,9193
446,2020-06-03,726,8387,9113
446,2020-06-04,778,8692,9470
446,2020-06-05,743,8718,9461
446,2020-06-06,233,5686,5919
446,2020-06-07,49,3625,3674
446,2020-06-08,743,8013,8756
446,2020-06-09,709,8392,9101
446,2020-06-10,766,8369,9135
446,2020-06-11,795,8682,9477
446,2020-06-12,752,8590,9342
446,2020-06-13,306,6311,6617
446,2020-06-14,95,3722,3817
446,2020-06-15,833,8103,8936
446,2020-06-16,899,8770,9669
446,2020-06-17,831,8179,9010
446,2020-06-18,836,8630,9466
446,2020-06-19,920,9083,10003
446,2020-06-20,464,8508,8972
446,2020-06-21,116,5072,5188
446,2020-06-22,703,7421,8124
446,2020-06-23,104,3727,3831
446,2020-06-24,827,8544,9371
446,2020-06-25,994,9245,10239
446,2020-06-26,890,8945,9835
446,2020-06-27,320,5966,6286
446,2020-06-28,84,3799,3883
446,2020-06-29,890,8353,9243
446,2020-06-30,950,8725,9675
446,2020-07-01,1065,8569,9634
446,2020-07-02,974,8781,9755
446,2020-07-03,988,9073,10061
446,2020-07-04,316,6094,6410
446,2020-07-05,96,3722,3818
446,2020-07-06,1032,8389,9421
446,2020-07-07,1056,8926,9982
446,2020-07-08,1028,8652,9680
446,2020-07-09,1100,8958,10058
446,2020-07-10,1134,9110,10244
446,2020-07-11,337,6073,6410
446,2020-07-12,102,4116,4218
446,2020-07-13,1176,8086,9262
446,2020-07-14,971,8656,9627
446,2020-07-15,1135,8505,9640
446,2020-07-16,1096,8731,9827
446,2020-07-17,1080,8853,9933
446,2020-07-18,404,6070,6474
446,2020-07-19,104,3918,4022
446,2020-07-20,1061,8152,9213
446,2020-07-21,1187,8477,9664
446,2020-07-22,1219,8071,9290
446,2020-07-23,1061,8417,9478
446,2020-07-24,1055,8737,9792
446,2020-07-25,345,5591,5936
446,2020-07-26,102,3669,3771
446,2020-07-27,977,7772,8749
446,2020-07-28,834,7805,8639
446,2020-07-29,921,8198,9119
446,2020-07-30,799,8188,8987
446,2020-07-31,622,8171,8793
446,2020-08-01,268,5321,5589
446,2020-08-02,98,3717,3815
446,2020-08-03,531,6637,7168
446,2020-08-04,565,6951,7516
446,2020-08-05,597,7020,7617
446,2020-08-06,562,6959,7521
446,2020-08-07,572,7270,7842
446,2020-08-08,242,4866,5108
446,2020-08-09,108,3417,3525
446,2020-08-10,518,6466,6984
446,2020-08-11,573,6512,7085
446,2020-08-12,527,6241,6768
446,2020-08-13,593,6656,7249
446,2020-08-14,553,6967,7520
446,2020-08-15,89,3558,3647
446,2020-08-16,101,3586,3687
446,2020-08-17,533,6288,6821
446,2020-08-18,541,6610,7151
446,2020-08-19,571,6508,7079
446,2020-08-20,543,6785,7328
446,2020-08-21,540,6726,7266
446,2020-08-22,265,5208,5473
446,2020-08-23,96,3624,3720
446,2020-08-24,720,7137,7857
446,2020-08-25,762,7387,8149
446,2020-08-26,776,7231,8007
446,2020-08-27,770,7826,8596
446,2020-08-28,838,8035,8873
446,2020-08-29,264,5160,5424
446,2020-08-30,106,3549,3655
446,2020-08-31,780,7659,8439
446,2020-09-01,983,7714,8697
446,2020-09-02,940,7698,8638
446,2020-09-03,941,7876,8817
446,2020-09-04,822,8543,9365
446,2020-09-05,291,5129,5420
446,2020-09-06,103,3769,3872
446,2020-09-07,858,8171,9029
446,2020-09-08,834,8572,9406
446,2020-09-09,904,8173,9077
446,2020-09-10,991,9285,10276
446,2020-09-11,1014,9016,10030
446,2020-09-12,351,5656,6007
446,2020-09-13,109,4242,4351
446,2020-09-14,875,8397,9272
446,2020-09-15,911,8696,9607
446,2020-09-16,633,6903,7536
446,2020-09-17,958,8662,9620
446,2020-09-18,897,8846,9743
446,2020-09-19,344,6189,6533
446,2020-09-20,106,4468,4574
446,2020-09-21,809,8362,9171
446,2020-09-22,852,8698,9550
446,2020-09-23,915,8656,9571
446,2020-09-24,865,8326,9191
446,2020-09-25,873,8696,9569
446,2020-09-26,311,5534,5845
446,2020-09-27,100,3601,3701
446,2020-09-28,773,8484,9257
446,2020-09-29,845,8366,9211
446,2020-09-30,846,8207,9053
446,2020-10-01,810,8887,9697
446,2020-10-02,831,8959,9790
446,2020-10-03,283,5828,6111
446,2020-10-04,92,3817,3909
446,2020-10-05,836,8396,9232
446,2020-10-06,827,8562,9389
446,2020-10-07,849,8180,9029
446,2020-10-08,851,8925,9776
446,2020-10-09,804,8727,9531
446,2020-10-10,292,6029,6321
446,2020-10-11,103,3865,3968
446,2020-10-12,851,8439,9290
446,2020-10-13,864,8548,9412
446,2020-10-14,942,8470,9412
446,2020-10-15,916,9151,10067
446,2020-10-16,882,9317,10199
446,2020-10-17,303,6157,6460
446,2020-10-18,110,3827,3937
446,2020-10-19,879,8302,9181
446,2020-10-20,1122,9901,11023
446,2020-10-21,941,8412,9353
446,2020-10-22,842,8725,9567
446,2020-10-23,847,8630,9477
446,2020-10-24,290,5768,6058
446,2020-10-25,96,3608,3704
446,2020-10-26,867,7811,8678
446,2020-10-27,893,8067,8960
446,2020-10-28,873,8358,9231
446,2020-10-29,886,9015,9901
446,2020-10-30,753,7747,8500
446,2020-11-01,86,2677,2763
446,2020-11-02,736,7279,8015
446,2020-11-03,755,8082,8837
446,2020-11-04,776,7911,8687
446,2020-11-05,782,8015,8797
446,2020-11-06,780,7974,8754
446,2020-11-07,340,5029,5369
446,2020-11-08,102,3028,3130
446,2020-11-09,775,7223,7998
446,2020-11-10,798,7993,8791
446,2020-11-11,854,7410,8264
446,2020-11-12,831,7682,8513
446,2020-11-13,847,7791,8638
446,2020-11-14,288,5261,5549
446,2020-11-15,101,2843,2944
446,2020-11-16,792,7638,8430
446,2020-11-17,808,7606,8414
446,2020-11-18,811,8044,8855
446,2020-11-19,799,8205,9004
446,2020-11-20,822,8138,8960
446,2020-11-21,305,5346,5651
446,2020-11-22,103,2890,2993
446,2020-11-23,767,7540,8307
446,2020-11-24,828,7822,8650
446,2020-11-25,829,7984,8813
446,2020-11-26,811,7919,8730
446,2020-11-27,778,8252,9030
446,2020-11-28,292,5146,5438
446,2020-11-29,94,2921,3015
446,2020-11-30,771,7511,8282
448,2020-01-01,45,3235,3280
448,2020-01-02,245,5160,5405
448,2020-01-03,254,5585,5839
448,2020-01-04,202,5183,5385
448,2020-01-05,77,3970,4047
448,2020-01-06,363,6636,6999
448,2020-01-07,363,6849,7212
448,2020-01-08,342,6832,7174
448,2020-01-09,357,6871,7228
448,2020-01-10,355,7116,7471
448,2020-01-11,211,5539,5750
448,2020-01-12,56,4182,4238
448,2020-01-13,394,6940,7334
448,2020-01-14,375,7111,7486
448,2020-01-15,431,7121,7552
448,2020-01-16,405,7272,7677
448,2020-01-17,401,7448,7849
448,2020-01-18,215,5630,5845
448,2020-01-19,53,4303,4356
448,2020-01-20,464,6973,7437
448,2020-01-21,452,7193,7645
448,2020-01-22,465,7158,7623
448,2020-01-23,510,7251,7761
448,2020-01-24,433,7181,7614
448,2020-01-25,203,5970,6173
448,2020-01-26,50,4415,4465
448,2020-01-27,365,6871,7236
448,2020-01-28,370,7109,7479
448,2020-01-29,379,7157,7536
448,2020-01-30,428,7150,7578
448,2020-01-31,425,7462,7887
448,2020-02-01,217,5452,5669
448,2020-02-02,47,3931,3978
448,2020-02-03,397,7078,7475
448,2020-02-04,397,7067,7464
448,2020-02-05,440,7251,7691
448,2020-02-06,446,7363,7809
448,2020-02-07,426,7738,8164
448,2020-02-08,243,5989,6232
448,2020-02-09,48,3735,3783
448,2020-02-10,384,6602,6986
448,2020-02-11,404,7468,7872
448,2020-02-12,400,7264,7664
448,2020-02-13,413,7300,7713
448,2020-02-14,464,7606,8070
448,2020-02-15,250,5606,5856
448,2020-02-16,48,4078,4126
448,2020-02-17,384,6647,7031
448,2020-02-18,411,7008,7419
448,2020-02-19,408,7077,7485
448,2020-02-20,412,6895,7307
448,2020-02-21,417,7091,7508
448,2020-02-22,281,6103,6384
448,2020-02-23,74,4221,4295
448,2020-02-24,343,6352,6695
448,2020-02-25,428,7165,7593
448,2020-02-26,441,7162,7603
448,2020-02-27,338,6463,6801
448,2020-02-28,391,7798,8189
448,2020-02-29,200,5660,5860
448,2020-03-01,58,4119,4177
448,2020-03-02,490,7267,7757
448,2020-03-03,481,7404,7885
448,2020-03-04,510,7249,7759
448,2020-03-05,447,7151,7598
448,2020-03-06,461,7534,7995
448,2020-03-07,245,6264,6509
448,2020-03-08,50,4562,4612
448,2020-03-09,482,7146,7628
448,2020-03-10,467,7231,7698
448,2020-03-11,525,7119,7644
448,2020-03-12,480,7132,7612
448,2020-03-13,505,7183,7688
448,2020-03-14,241,4824,5065
448,2020-03-15,49,3669,3718
448,2020-03-16,456,5763,6219
448,2020-03-17,520,5295,5815
448,2020-03-18,527,4562,5089
448,2020-03-19,519,3885,4404
448,2020-03-20,404,3507,3911
448,2020-03-21,161,1723,1884
448,2020-03-22,12,1148,1160
448,2020-03-23,292,2818,3110
448,2020-03-24,317,2861,3178
448,2020-03-25,283,2901,3184
448,2020-03-26,311,2922,3233
448,2020-03-27,323,3354,3677
448,2020-03-28,206,2258,2464
448,2020-03-30,274,3238,3512
448,2020-03-31,262,3308,3570
448,2020-04-01,281,3405,3686
448,2020-04-02,315,3268,3583
448,2020-04-03,318,3565,3883
448,2020-04-04,240,2325,2565
448,2020-04-05,23,1373,1396
448,2020-04-06,289,3490,3779
448,2020-04-07,320,3744,4064
448,2020-04-08,295,3680,3975
448,2020-04-09,310,3674,3984
448,2020-04-10,336,4000,4336
448,2020-04-11,210,2901,3111
448,2020-04-12,12,1485,1497
448,2020-04-13,33,1447,1480
448,2020-04-14,397,3865,4262
448,2020-04-15,341,3853,4194
448,2020-04-16,323,3990,4313
448,2020-04-17,310,4434,4744
448,2020-04-18,196,2885,3081
448,2020-04-19,18,1806,1824
448,2020-04-20,415,5018,5433
448,2020-04-21,458,5100,5558
448,2020-04-22,402,5134,5536
448,2020-04-23,443,5238,5681
448,2020-04-24,422,5601,6023
448,2020-04-25,255,4212,4467
448,2020-04-26,33,2883,2916
448,2020-04-27,457,5852,6309
448,2020-04-28,419,5443,5862
448,2020-04-29,492,5485,5977
448,2020-04-30,434,5866,6300
448,2020-05-01,40,2050,2090
448,2020-05-02,231,3934,4165
448,2020-05-03,16,2532,2548
448,2020-05-04,472,5767,6239
448,2020-05-05,554,6169,6723
448,2020-05-06,508,6278,6786
448,2020-05-07,485,6411,6896
448,2020-05-08,476,6608,7084
448,2020-05-09,114,3071,3185
448,2020-05-10,60,2704,2764
448,2020-05-11,479,6413,6892
448,2020-05-12,559,6739,7298
448,2020-05-13,574,6807,7381
448,2020-05-14,541,6711,7252
448,2020-05-15,542,7183,7725
448,2020-05-16,296,5584,5880
448,2020-05-17,95,4618,4713
448,2020-05-18,496,6842,7338
448,2020-05-19,520,7405,7925
448,2020-05-20,542,7503,8045
448,2020-05-21,142,4667,4809
448,2020-05-22,438,6699,7137
448,2020-05-23,248,5062,5310
448,2020-05-24,62,3810,3872
448,2020-05-25,562,6736,7298
448,2020-05-26,518,7296,7814
448,2020-05-27,548,7406,7954
448,2020-05-28,573,7649,8222
448,2020-05-29,520,7865,8385
448,2020-05-30,291,6425,6716
448,2020-05-31,81,5473,5554
448,2020-06-01,103,5266,5369
448,2020-06-02,469,7640,8109
448,2020-06-03,479,7581,8060
448,2020-06-04,498,7121,7619
448,2020-06-05,430,7350,7780
448,2020-06-06,267,5579,5846
448,2020-06-07,66,4389,4455
448,2020-06-08,489,7072,7561
448,2020-06-09,501,7313,7814
448,2020-06-10,448,7335,7783
448,2020-06-11,461,7635,8096
448,2020-06-12,461,8274,8735
448,2020-06-13,260,6430,6690
448,2020-06-14,77,5110,5187
448,2020-06-15,465,7221,7686
448,2020-06-16,465,7569,8034
448,2020-06-17,470,7291,7761
448,2020-06-18,480,7658,8138
448,2020-06-19,484,7909,8393
448,2020-06-20,269,6561,6830
448,2020-06-21,84,5660,5744
448,2020-06-22,378,7037,7415
448,2020-06-23,102,4973,5075
448,2020-06-24,511,7811,8322
448,2020-06-25,520,7877,8397
448,2020-06-26,520,7019,7539
448,2020-06-27,280,6518,6798
448,2020-06-28,97,4990,5087
448,2020-06-29,495,7722,8217
448,2020-06-30,525,7737,8262
448,2020-07-01,533,7668,8201
448,2020-07-02,591,7877,8468
448,2020-07-03,678,8696,9374
448,2020-07-04,417,6815,7232
448,2020-07-05,95,5117,5212
448,2020-07-06,559,8083,8642
448,2020-07-07,554,8327,8881
448,2020-07-08,475,8119,8594
448,2020-07-09,533,8495,9028
448,2020-07-10,539,8706,9245
448,2020-07-11,326,7529,7855
448,2020-07-12,98,6834,6932
448,2020-07-13,511,8420,8931
448,2020-07-14,542,8743,9285
448,2020-07-15,498,8319,8817
448,2020-07-16,457,8506,8963
448,2020-07-17,490,8742,9232
448,2020-07-18,313,7233,7546
448,2020-07-19,102,6214,6316
448,2020-07-20,482,8224,8706
448,2020-07-21,508,8571,9079
448,2020-07-22,517,8539,9056
448,2020-07-23,500,8568,9068
448,2020-07-24,625,8399,9024
448,2020-07-25,288,6985,7273
448,2020-07-26,107,5726,5833
448,2020-07-27,551,8151,8702
448,2020-07-28,571,8473,9044
448,2020-07-29,529,8694,9223
448,2020-07-30,516,8435,8951
448,2020-07-31,431,7894,8325
448,2020-08-01,232,6559,6791
448,2020-08-02,66,5642,5708
448,2020-08-03,373,7229,7602
448,2020-08-04,359,7766,8125
448,2020-08-05,387,7639,8026
448,2020-08-06,393,7432,7825
448,2020-08-07,387,7382,7769
448,2020-08-08,244,6112,6356
448,2020-08-09,78,5109,5187
448,2020-08-10,317,6950,7267
448,2020-08-11,341,7140,7481
448,2020-08-12,386,7100,7486
448,2020-08-13,384,7280,7664
448,2020-08-14,357,7542,7899
448,2020-08-15,91,5533,5624
448,2020-08-16,63,5300,5363
448,2020-08-17,333,7100,7433
448,2020-08-18,400,7157,7557
448,2020-08-19,335,7289,7624
448,2020-08-20,395,7357,7752
448,2020-08-21,402,7386,7788
448,2020-08-22,265,6262,6527
448,2020-08-23,86,5422,5508
448,2020-08-24,424,7618,8042
448,2020-08-25,484,8074,8558
448,2020-08-26,532,7686,8218
448,2020-08-27,557,8046,8603
448,2020-08-28,484,8029,8513
448,2020-08-29,306,6449,6755
448,2020-08-30,96,5634,5730
448,2020-08-31,474,7461,7935
448,2020-09-01,401,7615,8016
448,2020-09-02,514,7892,8406
448,2020-09-03,484,7939,8423
448,2020-09-04,635,8509,9144
448,2020-09-05,332,6906,7238
448,2020-09-06,90,5650,5740
448,2020-09-07,497,7750,8247
448,2020-09-08,481,8271,8752
448,2020-09-09,511,7946,8457
448,2020-09-10,558,8033,8591
448,2020-09-11,564,8324,8888
448,2020-09-12,270,7546,7816
448,2020-09-13,80,6664,6744
448,2020-09-14,524,7928,8452
448,2020-09-15,528,8261,8789
448,2020-09-16,586,7740,8326
448,2020-09-17,530,8040,8570
448,2020-09-18,574,8413,8987
448,2020-09-19,345,7336,7681
448,2020-09-20,158,6320,6478
448,2020-09-21,547,7858,8405
448,2020-09-22,567,8029,8596
448,2020-09-23,587,7997,8584
448,2020-09-24,552,7847,8399
448,2020-09-25,565,7874,8439
448,2020-09-26,246,6035,6281
448,2020-09-27,83,4486,4569
448,2020-09-28,509,7338,7847
448,2020-09-29,621,7639,8260
448,2020-09-30,664,7423,8087
448,2020-10-01,498,7506,8004
448,2020-10-02,516,7892,8408
448,2020-10-03,221,6337,6558
448,2020-10-04,54,4619,4673
448,2020-10-05,444,7263,7707
448,2020-10-06,442,7527,7969
448,2020-10-07,513,7533,8046
448,2020-10-08,448,7684,8132
448,2020-10-09,414,7811,8225
448,2020-10-10,264,6331,6595
448,2020-10-11,65,4995,5060
448,2020-10-12,485,7197,7682
448,2020-10-13,516,7603,8119
448,2020-10-14,538,7365,7903
448,2020-10-15,549,7613,8162
448,2020-10-16,494,7901,8395
448,2020-10-17,305,6349,6654
448,2020-10-18,78,4562,4640
448,2020-10-19,498,7442,7940
448,2020-10-20,542,7636,8178
448,2020-10-21,504,7672,8176
448,2020-10-22,499,7505,8004
448,2020-10-23,473,7635,8108
448,2020-10-24,255,5841,6096
448,2020-10-25,58,3693,3751
448,2020-10-26,476,7076,7552
448,2020-10-27,520,7210,7730
448,2020-10-28,502,7294,7796
448,2020-10-29,475,7289,7764
448,2020-10-30,449,7474,7923
448,2020-11-01,57,3329,3386
448,2020-11-02,406,7206,7612
448,2020-11-03,464,7417,7881
448,2020-11-04,547,7523,8070
448,2020-11-05,542,7557,8099
448,2020-11-06,583,7696,8279
448,2020-11-07,339,6050,6389
448,2020-11-08,72,4264,4336
448,2020-11-09,541,7196,7737
448,2020-11-10,526,7251,7777
448,2020-11-11,492,7137,7629
448,2020-11-12,481,7295,7776
448,2020-11-13,503,7649,8152
448,2020-11-14,247,5780,6027
448,2020-11-15,65,3973,4038
448,2020-11-16,463,6916,7379
448,2020-11-17,510,7193,7703
448,2020-11-18,495,7251,7746
448,2020-11-19,508,7247,7755
448,2020-11-20,553,7713,8266
448,2020-11-21,291,5482,5773
448,2020-11-22,63,3757,3820
448,2020-11-23,462,7001,7463
448,2020-11-24,488,7161,7649
448,2020-11-25,465,7247,7712
448,2020-11-26,444,7086,7530
448,2020-11-27,495,7446,7941
448,2020-11-28,277,5153,5430
448,2020-11-29,59,3444,3503
448,2020-11-30,482,6895,7377
448,2020-12-01,423,6944,7367
448,2020-12-02,443,6940,7383
448,2020-12-03,488,6919,7407
448,2020-12-04,460,7187,7647
448,2020-12-05,255,5200,5455
448,2020-12-06,66,3414,3480
448,2020-12-07,450,6857,7307
448,2020-12-08,508,6913,7421
448,2020-12-09,520,6899,7419
448,2020-12-10,496,7141,7637
448,2020-12-11,450,7229,7679
448,2020-12-12,211,4896,5107
448,2020-12-13,82,3187,3269
448,2020-12-14,461,6830,7291
448,2020-12-15,441,7357,7798
448,2020-12-16,461,7101,7562
448,2020-12-17,460,7066,7526
448,2020-12-18,455,7256,7711
448,2020-12-19,218,5109,5327
448,2020-12-20,71,3390,3461
448,2020-12-21,312,6028,6340
448,2020-12-22,288,6558,6846
448,2020-12-23,252,6084,6336
448,2020-12-24,202,5428,5630
448,2020-12-25,62,2966,3028
448,2020-12-26,85,2871,2956
448,2020-12-27,79,2566,2645
448,2020-12-28,208,4691,4899
448,2020-12-29,232,5087,5319
448,2020-12-30,232,5262,5494
448,2020-12-31,227,4577,4804
449,2020-01-01,95,5928,6023
449,2020-01-02,509,9971,10480
449,2020-01-03,542,10587,11129
449,2020-01-04,414,9744,10158
449,2020-01-05,140,7264,7404
449,2020-01-06,693,12471,13164
449,2020-01-07,681,12933,13614
449,2020-01-08,701,12754,13455
449,2020-01-09,720,12939,13659
449,2020-01-10,705,13289,13994
449,2020-01-11,411,10642,11053
449,2020-01-12,113,7644,7757
449,2020-01-13,794,13064,13858
449,2020-01-14,818,13478,14296
449,2020-01-15,868,13576,14444
449,2020-01-16,836,13818,14654
449,2020-01-17,866,14179,15045
449,2020-01-18,437,11233,11670
449,2020-01-19,125,7932,8057
449,2020-01-20,877,13106,13983
449,2020-01-21,880,13510,14390
449,2020-01-22,921,13239,14160
449,2020-01-23,898,13639,14537
449,2020-01-24,871,13815,14686
449,2020-01-25,410,11273,11683
449,2020-01-26,133,8217,8350
449,2020-01-27,801,13026,13827
449,2020-01-28,954,13430,14384
449,2020-01-29,829,13601,14430
449,2020-01-30,815,13569,14384
449,2020-01-31,864,14224,15088
449,2020-02-01,426,10715,11141
449,2020-02-02,102,7776,7878
449,2020-02-03,823,13279,14102
449,2020-02-04,887,13689,14576
449,2020-02-05,860,13635,14495
449,2020-02-06,846,13798,14644
449,2020-02-07,2,83,85
449,2020-02-08,469,11074,11543
449,2020-02-09,119,7129,7248
449,2020-02-10,748,12520,13268
449,2020-02-11,810,14042,14852
449,2020-02-12,863,13735,14598
449,2020-02-13,851,14029,14880
449,2020-02-14,872,14494,15366
449,2020-02-15,462,10642,11104
449,2020-02-16,112,7800,7912
449,2020-02-17,742,11775,12517
449,2020-02-18,788,12377,13165
449,2020-02-19,764,12762,13526
449,2020-02-20,759,12447,13206
449,2020-02-21,764,13210,13974
449,2020-02-22,562,11426,11988
449,2020-02-23,302,7256,7558
449,2020-02-24,680,12094,12774
449,2020-02-25,853,13265,14118
449,2020-02-26,914,13541,14455
449,2020-02-27,713,12616,13329
449,2020-02-28,950,14490,15440
449,2020-02-29,419,10753,11172
449,2020-03-01,121,7964,8085
449,2020-03-02,830,13639,14469
449,2020-03-03,888,13676,14564
449,2020-03-04,1153,13448,14601
449,2020-03-05,1065,13341,14406
449,2020-03-06,1281,13993,15274
449,2020-03-07,611,11456,12067
449,2020-03-08,169,8321,8490
449,2020-03-09,1262,13035,14297
449,2020-03-10,815,13561,14376
449,2020-03-11,938,13138,14076
449,2020-03-12,870,13642,14512
449,2020-03-13,1603,13364,14967
449,2020-03-14,743,9121,9864
449,2020-03-15,260,6676,6936
449,2020-03-16,944,10704,11648
449,2020-03-17,951,9742,10693
449,2020-03-18,952,8408,9360
449,2020-03-19,1030,7012,8042
449,2020-03-20,831,6286,7117
449,2020-03-21,387,3254,3641
449,2020-03-22,31,2172,2203
449,2020-03-23,595,5165,5760
449,2020-03-24,654,5220,5874
449,2020-03-25,655,5292,5947
449,2020-03-26,665,5439,6104
449,2020-03-27,635,5757,6392
449,2020-03-28,388,3942,4330
449,2020-03-30,640,5570,6210
449,2020-03-31,624,5618,6242
449,2020-04-01,649,5893,6542
449,2020-04-02,663,5701,6364
449,2020-04-03,675,6075,6750
449,2020-04-04,426,4133,4559
449,2020-04-05,41,2374,2415
449,2020-04-06,674,5973,6647
449,2020-04-07,760,6325,7085
449,2020-04-08,712,6285,6997
449,2020-04-09,624,6414,7038
449,2020-04-10,547,6806,7353
449,2020-04-11,382,4872,5254
449,2020-04-12,23,2567,2590
449,2020-04-13,35,2465,2500
449,2020-04-14,545,6570,7115
449,2020-04-15,596,6686,7282
449,2020-04-16,590,6945,7535
449,2020-04-17,606,7630,8236
449,2020-04-18,455,5300,5755
449,2020-04-19,43,3204,3247
449,2020-04-20,796,8719,9515
449,2020-04-21,820,8824,9644
449,2020-04-22,833,9006,9839
449,2020-04-23,759,9253,10012
449,2020-04-24,836,9667,10503
449,2020-04-25,429,7278,7707
449,2020-04-26,43,4719,4762
449,2020-04-27,1058,9739,10797
449,2020-04-28,844,9534,10378
449,2020-04-29,904,9644,10548
449,2020-04-30,852,10517,11369
449,2020-05-01,64,3921,3985
449,2020-05-02,411,7075,7486
449,2020-05-03,33,4436,4469
449,2020-05-04,895,10200,11095
449,2020-05-05,1040,10702,11742
449,2020-05-06,946,11084,12030
449,2020-05-07,1127,11087,12214
449,2020-05-08,914,11794,12708
449,2020-05-09,177,5762,5939
449,2020-05-10,124,5031,5155
449,2020-05-11,899,11787,12686
449,2020-05-12,1184,12024,13208
449,2020-05-13,972,12102,13074
449,2020-05-14,973,12202,13175
449,2020-05-15,950,12856,13806
449,2020-05-16,552,10317,10869
449,2020-05-17,144,7653,7797
449,2020-05-18,958,12475,13433
449,2020-05-19,958,13054,14012
449,2020-05-20,944,13605,14549
449,2020-05-21,184,7831,8015
449,2020-05-22,752,12421,13173
449,2020-05-23,441,9373,9814
449,2020-05-24,123,7000,7123
449,2020-05-25,1037,12630,13667
449,2020-05-26,1036,13542,14578
449,2020-05-27,966,13586,14552
449,2020-05-28,1088,13846,14934
449,2020-05-29,982,14574,15556
449,2020-05-30,453,11929,12382
449,2020-05-31,133,9450,9583
449,2020-06-01,172,8740,8912
449,2020-06-02,999,13616,14615
449,2020-06-03,1015,13437,14452
449,2020-06-04,1010,12802,13812
449,2020-06-05,899,13272,14171
449,2020-06-06,446,10341,10787
449,2020-06-07,117,7933,8050
449,2020-06-08,1039,13128,14167
449,2020-06-09,1071,13427,14498
449,2020-06-10,1018,13662,14680
449,2020-06-11,944,14056,15000
449,2020-06-12,977,14626,15603
449,2020-06-13,454,11828,12282
449,2020-06-14,156,9077,9233
449,2020-06-15,1067,13425,14492
449,2020-06-16,1045,13836,14881
449,2020-06-17,1026,13699,14725
449,2020-06-18,1017,14317,15334
449,2020-06-19,1078,14824,15902
449,2020-06-20,541,11908,12449
449,2020-06-21,168,9923,10091
449,2020-06-22,718,13408,14126
449,2020-06-23,163,8753,8916
449,2020-06-24,1112,14444,15556
449,2020-06-25,1029,14712,15741
449,2020-06-26,1054,14279,15333
449,2020-06-27,487,11994,12481
449,2020-06-28,179,8915,9094
449,2020-06-29,1024,14282,15306
449,2020-06-30,1055,14573,15628
449,2020-07-01,1159,14380,15539
449,2020-07-02,1054,14438,15492
449,2020-07-03,1168,15523,16691
449,2020-07-04,663,12263,12926
449,2020-07-05,173,9020,9193
449,2020-07-06,1034,14440,15474
449,2020-07-07,1065,15219,16284
449,2020-07-08,940,14755,15695
449,2020-07-09,1013,15260,16273
449,2020-07-10,1060,15655,16715
449,2020-07-11,563,13048,13611
449,2020-07-12,176,11112,11288
449,2020-07-13,1099,14888,15987
449,2020-07-14,1075,15418,16493
449,2020-07-15,1107,14926,16033
449,2020-07-16,922,14836,15758
449,2020-07-17,894,15407,16301
449,2020-07-18,548,12827,13375
449,2020-07-19,201,10501,10702
449,2020-07-20,881,14729,15610
449,2020-07-21,1082,15322,16404
449,2020-07-22,911,15045,15956
449,2020-07-23,950,15220,16170
449,2020-07-24,1054,15273,16327
449,2020-07-25,597,12229,12826
449,2020-07-26,207,9676,9883
449,2020-07-27,968,14345,15313
449,2020-07-28,1026,14954,15980
449,2020-07-29,984,15310,16294
449,2020-07-30,872,14901,15773
449,2020-07-31,714,14323,15037
449,2020-08-01,468,11739,12207
449,2020-08-02,166,9547,9713
449,2020-08-03,717,12998,13715
449,2020-08-04,658,13562,14220
449,2020-08-05,677,13406,14083
449,2020-08-06,692,13196,13888
449,2020-08-07,721,13170,13891
449,2020-08-08,455,10632,11087
449,2020-08-09,169,8714,8883
449,2020-08-10,616,12237,12853
449,2020-08-11,629,12664,13293
449,2020-08-12,641,12271,12912
449,2020-08-13,660,12645,13305
449,2020-08-14,633,13234,13867
449,2020-08-15,187,9314,9501
449,2020-08-16,149,8859,9008
449,2020-08-17,599,12489,13088
449,2020-08-18,646,12709,13355
449,2020-08-19,643,12860,13503
449,2020-08-20,657,13036,13693
449,2020-08-21,698,13107,13805
449,2020-08-22,469,11093,11562
449,2020-08-23,166,9002,9168
449,2020-08-24,840,13042,13882
449,2020-08-25,963,13674,14637
449,2020-08-26,910,13329,14239
449,2020-08-27,933,13675,14608
449,2020-08-28,911,13764,14675
449,2020-08-29,503,11046,11549
449,2020-08-30,160,9046,9206
449,2020-08-31,932,13031,13963
449,2020-09-01,828,13256,14084
449,2020-09-02,966,13722,14688
449,2020-09-03,917,13693,14610
449,2020-09-04,1110,14299,15409
449,2020-09-05,537,11609,12146
449,2020-09-06,169,9448,9617
449,2020-09-07,884,13519,14403
449,2020-09-08,896,14263,15159
449,2020-09-09,991,14084,15075
449,2020-09-10,1034,14285,15319
449,2020-09-11,982,14995,15977
449,2020-09-12,532,12737,13269
449,2020-09-13,176,10762,10938
449,2020-09-14,983,14298,15281
449,2020-09-15,984,14932,15916
449,2020-09-16,1096,14230,15326
449,2020-09-17,978,14770,15748
449,2020-09-18,1002,15210,16212
449,2020-09-19,644,12913,13557
449,2020-09-20,273,10552,10825
449,2020-09-21,1034,14190,15224
449,2020-09-22,1002,14692,15694
449,2020-09-23,1125,14675,15800
449,2020-09-24,1161,14697,15858
449,2020-09-25,1147,14817,15964
449,2020-09-26,502,11354,11856
449,2020-09-27,161,8382,8543
449,2020-09-28,1053,13729,14782
449,2020-09-29,1160,14479,15639
449,2020-09-30,1204,14108,15312
450,2020-01-01,61,3304,3365
450,2020-01-02,306,5539,5845
450,2020-01-03,314,5767,6081
450,2020-01-04,220,5376,5596
450,2020-01-05,72,4025,4097
450,2020-01-06,409,6796,7205
450,2020-01-07,410,7176,7586
450,2020-01-08,407,6990,7397
450,2020-01-09,386,7198,7584
450,2020-01-10,407,7568,7975
450,2020-01-11,224,5911,6135
450,2020-01-12,73,4235,4308
450,2020-01-13,473,7213,7686
450,2020-01-14,502,7462,7964
450,2020-01-15,516,7557,8073
450,2020-01-16,522,7641,8163
450,2020-01-17,528,7925,8453
450,2020-01-18,239,6799,7038
450,2020-01-19,84,4317,4401
450,2020-01-20,546,7172,7718
450,2020-01-21,550,7508,8058
450,2020-01-22,539,7279,7818
450,2020-01-23,475,7496,7971
450,2020-01-24,530,7671,8201
450,2020-01-25,238,6342,6580
450,2020-01-26,89,4613,4702
450,2020-01-27,465,7105,7570
450,2020-01-28,498,7543,8041
450,2020-01-29,496,7539,8035
450,2020-01-30,470,7423,7893
450,2020-01-31,503,7900,8403
450,2020-02-01,213,6027,6240
450,2020-02-02,64,4482,4546
450,2020-02-03,499,7230,7729
450,2020-02-04,563,7714,8277
450,2020-02-05,495,7450,7945
450,2020-02-06,503,7557,8060
450,2020-02-07,550,7922,8472
450,2020-02-08,262,6307,6569
450,2020-02-09,66,4102,4168
450,2020-02-10,430,6748,7178
450,2020-02-11,486,7699,8185
450,2020-02-12,535,7575,8110
450,2020-02-13,501,7744,8245
450,2020-02-14,512,8133,8645
450,2020-02-15,216,5903,6119
450,2020-02-16,66,4431,4497
450,2020-02-17,436,6564,7000
450,2020-02-18,462,6839,7301
450,2020-02-19,428,6802,7230
450,2020-02-20,469,6851,7320
450,2020-02-21,452,7285,7737
450,2020-02-22,297,6560,6857
450,2020-02-23,238,4431,4669
450,2020-02-24,414,6750,7164
450,2020-02-25,491,7334,7825
450,2020-02-26,630,7398,8028
450,2020-02-27,330,4947,5277
450,2020-02-28,555,7986,8541
450,2020-02-29,232,6132,6364
450,2020-03-01,85,4644,4729
450,2020-03-02,539,7493,8032
450,2020-03-03,593,7424,8017
450,2020-03-04,601,7596,8197
450,2020-03-05,547,7488,8035
450,2020-03-06,573,7895,8468
450,2020-03-07,232,6383,6615
450,2020-03-08,68,4581,4649
450,2020-03-09,577,7188,7765
450,2020-03-10,502,7441,7943
450,2020-03-11,585,7262,7847
450,2020-03-12,518,7425,7943
450,2020-03-13,540,7757,8297
450,2020-03-14,251,5249,5500
450,2020-03-15,81,3924,4005
450,2020-03-16,487,5940,6427
450,2020-03-17,547,5430,5977
450,2020-03-18,522,4666,5188
450,2020-03-19,491,3962,4453
450,2020-03-20,396,3537,3933
450,2020-03-21,185,1804,1989
450,2020-03-22,12,1246,1258
450,2020-03-23,327,2832,3159
450,2020-03-24,340,2949,3289
450,2020-03-25,305,3009,3314
450,2020-03-26,319,3084,3403
450,2020-03-27,363,3102,3465
450,2020-03-28,184,2133,2317
450,2020-03-30,290,3035,3325
450,2020-03-31,271,3001,3272
450,2020-04-01,321,3137,3458
450,2020-04-02,344,3126,3470
450,2020-04-03,330,3244,3574
450,2020-04-04,214,2318,2532
450,2020-04-05,19,1352,1371
450,2020-04-06,369,3182,3551
450,2020-04-07,414,3384,3798
450,2020-04-08,353,3388,3741
450,2020-04-09,335,3416,3751
450,2020-04-10,335,3637,3972
450,2020-04-11,184,2658,2842
450,2020-04-12,18,1438,1456
450,2020-04-13,22,1377,1399
450,2020-04-14,389,3464,3853
450,2020-04-15,321,3508,3829
450,2020-04-16,292,3725,4017
450,2020-04-17,312,4061,4373
450,2020-04-18,209,3020,3229
450,2020-04-19,13,1848,1861
450,2020-04-20,420,4592,5012
450,2020-04-21,479,4674,5153
450,2020-04-22,484,4698,5182
450,2020-04-23,423,4967,5390
450,2020-04-24,492,5203,5695
450,2020-04-25,213,4035,4248
450,2020-04-26,25,2864,2889
450,2020-04-27,522,5077,5599
450,2020-04-28,469,5044,5513
450,2020-04-29,509,5143,5652
450,2020-04-30,506,5700,6206
450,2020-05-01,40,2431,2471
450,2020-05-02,227,3992,4219
450,2020-05-03,23,2614,2637
450,2020-05-04,507,5254,5761
450,2020-05-05,494,5689,6183
450,2020-05-06,540,5794,6334
450,2020-05-07,580,5954,6534
450,2020-05-08,516,6408,6924
450,2020-05-09,92,3388,3480
450,2020-05-10,78,2901,2979
450,2020-05-11,541,6157,6698
450,2020-05-12,606,6545,7151
450,2020-05-13,558,6403,6961
450,2020-05-14,572,6479,7051
450,2020-05-15,560,6792,7352
450,2020-05-16,281,6032,6313
450,2020-05-17,65,4639,4704
450,2020-05-18,580,6793,7373
450,2020-05-19,622,7387,8009
450,2020-05-20,534,7684,8218
450,2020-05-21,117,4845,4962
450,2020-05-22,420,7087,7507
450,2020-05-23,243,5400,5643
450,2020-05-24,69,4207,4276
450,2020-05-25,579,7078,7657
450,2020-05-26,619,7550,8169
450,2020-05-27,540,7609,8149
450,2020-05-28,635,7807,8442
450,2020-05-29,574,8177,8751
450,2020-05-30,254,6986,7240
450,2020-05-31,87,5732,5819
450,2020-06-01,108,5173,5281
450,2020-06-02,658,7729,8387
450,2020-06-03,628,7531,8159
450,2020-06-04,654,7287,7941
450,2020-06-05,559,7432,7991
450,2020-06-06,295,5811,6106
450,2020-06-07,66,4635,4701
450,2020-06-08,709,7208,7917
450,2020-06-09,673,7354,8027
450,2020-06-10,649,7625,8274
450,2020-06-11,544,7771,8315
450,2020-06-12,649,8263,8912
450,2020-06-13,253,6730,6983
450,2020-06-14,92,5261,5353
450,2020-06-15,624,7406,8030
450,2020-06-16,611,7891,8502
450,2020-06-17,640,7793,8433
450,2020-06-18,628,7920,8548
450,2020-06-19,675,8173,8848
450,2020-06-20,268,6862,7130
450,2020-06-21,104,5847,5951
450,2020-06-22,419,7626,8045
450,2020-06-23,88,5004,5092
450,2020-06-24,677,8131,8808
450,2020-06-25,593,8432,9025
450,2020-06-26,660,8442,9102
450,2020-06-27,285,6822,7107
450,2020-06-28,114,5309,5423
450,2020-06-29,636,7854,8490
450,2020-06-30,614,8000,8614
450,2020-07-01,599,8098,8697
450,2020-07-02,572,7950,8522
450,2020-07-03,588,8475,9063
450,2020-07-04,307,6953,7260
450,2020-07-05,96,5079,5175
450,2020-07-06,553,7750,8303
450,2020-07-07,618,8402,9020
450,2020-07-08,546,8084,8630
450,2020-07-09,555,8474,9029
450,2020-07-10,604,8466,9070
450,2020-07-11,304,7279,7583
450,2020-07-12,109,6204,6313
450,2020-07-13,625,8148,8773
450,2020-07-14,627,8350,8977
450,2020-07-15,678,8281,8959
450,2020-07-16,566,7984,8550
450,2020-07-17,516,8383,8899
450,2020-07-18,299,7314,7613
450,2020-07-19,112,5985,6097
450,2020-07-20,520,8105,8625
450,2020-07-21,593,8342,8935
450,2020-07-22,518,8301,8819
450,2020-07-23,549,8309,8858
450,2020-07-24,674,8512,9186
450,2020-07-25,363,6743,7106
450,2020-07-26,129,5402,5531
450,2020-07-27,588,7709,8297
450,2020-07-28,627,8055,8682
450,2020-07-29,572,8313,8885
450,2020-07-30,463,8116,8579
450,2020-07-31,375,7821,8196
450,2020-08-01,267,6481,6748
450,2020-08-02,109,5445,5554
450,2020-08-03,385,6850,7235
450,2020-08-04,353,7245,7598
450,2020-08-05,368,7148,7516
450,2020-08-06,373,7131,7504
450,2020-08-07,375,7110,7485
450,2020-08-08,269,5951,6220
450,2020-08-09,121,4893,5014
450,2020-08-10,352,6456,6808
450,2020-08-11,338,6671,7009
450,2020-08-12,333,6649,6982
450,2020-08-13,352,6576,6928
450,2020-08-14,363,6937,7300
450,2020-08-15,118,5245,5363
450,2020-08-16,105,4994,5099
450,2020-08-17,334,6556,6890
450,2020-08-18,352,6623,6975
450,2020-08-19,355,6861,7216
450,2020-08-20,371,7002,7373
450,2020-08-21,414,7044,7458
450,2020-08-22,272,6221,6493
450,2020-08-23,108,5027,5135
450,2020-08-24,512,7103,7615
450,2020-08-25,595,7447,8042
450,2020-08-26,585,7340,7925
450,2020-08-27,590,7799,8389
450,2020-08-28,544,7728,8272
450,2020-08-29,255,6276,6531
450,2020-08-30,93,5280,5373
450,2020-08-31,513,7249,7762
450,2020-09-01,509,7456,7965
450,2020-09-02,573,7746,8319
450,2020-09-03,577,7515,8092
450,2020-09-04,558,7957,8515
450,2020-09-05,316,6756,7072
450,2020-09-06,112,5600,5712
450,2020-09-07,543,7573,8116
450,2020-09-08,499,7901,8400
450,2020-09-09,561,7811,8372
450,2020-09-10,606,7790,8396
450,2020-09-11,552,8089,8641
450,2020-09-12,259,7093,7352
450,2020-09-13,110,6089,6199
450,2020-09-14,526,7877,8403
450,2020-09-15,576,8337,8913
450,2020-09-16,659,7938,8597
450,2020-09-17,595,8266,8861
450,2020-09-18,585,8490,9075
450,2020-09-19,317,7345,7662
450,2020-09-20,121,6041,6162
450,2020-09-21,561,7826,8387
450,2020-09-22,491,8222,8713
450,2020-09-23,581,8035,8616
450,2020-09-24,675,8123,8798
450,2020-09-25,716,8240,8956
450,2020-09-26,266,6318,6584
450,2020-09-27,98,4752,4850
450,2020-09-28,627,7507,8134
450,2020-09-29,607,7949,8556
450,2020-09-30,641,7863,8504
450,2020-10-01,637,7862,8499
450,2020-10-02,623,8340,8963
450,2020-10-03,238,6583,6821
450,2020-10-04,68,4798,4866
450,2020-10-05,623,7597,8220
450,2020-10-06,566,7888,8454
450,2020-10-07,608,7839,8447
450,2020-10-08,566,7941,8507
450,2020-10-09,538,8149,8687
450,2020-10-10,256,6506,6762
450,2020-10-11,68,4821,4889
450,2020-10-12,525,7471,7996
450,2020-10-13,622,7766,8388
450,2020-10-14,700,7868,8568
450,2020-10-15,762,8001,8763
450,2020-10-16,724,8147,8871
450,2020-10-17,350,6450,6800
450,2020-10-18,86,4765,4851
450,2020-10-19,654,7859,8513
450,2020-10-20,574,7795,8369
450,2020-10-21,571,7660,8231
450,2020-10-22,569,7854,8423
450,2020-10-23,596,7859,8455
450,2020-10-24,267,5904,6171
450,2020-10-25,72,4023,4095
450,2020-10-26,576,7181,7757
450,2020-10-27,664,7447,8111
450,2020-10-28,647,7542,8189
450,2020-10-29,609,7304,7913
450,2020-10-30,640,7665,8305
450,2020-11-01,61,3688,3749
450,2020-11-02,360,4946,5306
450,2020-11-03,381,5271,5652
450,2020-11-04,429,5360,5789
450,2020-11-05,384,5455,5839
450,2020-11-06,560,6651,7211
450,2020-11-07,282,5930,6212
450,2020-11-08,75,4275,4350
450,2020-11-09,621,7143,7764
450,2020-11-10,598,7314,7912
450,2020-11-11,613,7421,8034
450,2020-11-12,645,7505,8150
450,2020-11-13,621,7762,8383
450,2020-11-14,248,6199,6447
450,2020-11-15,66,4158,4224
450,2020-11-16,640,7190,7830
450,2020-11-17,673,7343,8016
450,2020-11-18,702,7386,8088
450,2020-11-19,664,7665,8329
450,2020-11-20,605,7819,8424
450,2020-11-21,264,5720,5984
450,2020-11-22,84,3852,3936
450,2020-11-23,561,7238,7799
450,2020-11-24,609,7377,7986
450,2020-11-25,630,7400,8030
450,2020-11-26,687,7144,7831
450,2020-11-27,671,7567,8238
450,2020-11-28,266,5568,5834
450,2020-11-29,64,3628,3692
450,2020-11-30,606,7169,7775
450,2020-12-01,542,7218,7760
450,2020-12-02,579,7130,7709
450,2020-12-03,580,6926,7506
450,2020-12-04,570,7550,8120
450,2020-12-05,281,5599,5880
450,2020-12-06,76,3590,3666
450,2020-12-07,547,7105,7652
450,2020-12-08,599,7102,7701
450,2020-12-09,615,7234,7849
450,2020-12-10,609,7161,7770
450,2020-12-11,574,7378,7952
450,2020-12-12,238,5449,5687
450,2020-12-13,106,3557,3663
450,2020-12-14,597,7073,7670
450,2020-12-15,562,7269,7831
450,2020-12-16,615,7314,7929
450,2020-12-17,629,7366,7995
450,2020-12-18,574,7764,8338
450,2020-12-19,234,5533,5767
450,2020-12-20,102,3565,3667
450,2020-12-21,348,6145,6493
450,2020-12-22,356,6697,7053
450,2020-12-23,303,6597,6900
450,2020-12-24,243,5729,5972
450,2020-12-25,89,3024,3113
450,2020-12-26,127,2926,3053
450,2020-12-27,110,2694,2804
450,2020-12-28,313,4698,5011
450,2020-12-29,319,5097,5416
450,2020-12-30,303,5416,5719
450,2020-12-31,260,4605,4865
452,2020-01-01,22,2617,2639
452,2020-01-02,153,4873,5026
452,2020-01-03,209,5338,5547
452,2020-01-04,82,4156,4238
452,2020-01-05,30,3317,3347
452,2020-01-06,299,6863,7162
452,2020-01-07,278,7136,7414
452,2020-01-08,289,7195,7484
452,2020-01-09,283,7344,7627
452,2020-01-10,323,7771,8094
452,2020-01-11,111,4811,4922
452,2020-01-12,25,3440,3465
452,2020-01-13,362,7216,7578
452,2020-01-14,383,7720,8103
452,2020-01-15,423,7882,8305
452,2020-01-16,456,7903,8359
452,2020-01-17,444,7961,8405
452,2020-01-18,140,4982,5122
452,2020-01-19,45,3825,3870
452,2020-01-20,406,7495,7901
452,2020-01-21,442,8153,8595
452,2020-01-22,422,7614,8036
452,2020-01-23,409,7912,8321
452,2020-01-24,421,7852,8273
452,2020-01-25,112,4847,4959
452,2020-01-26,27,3993,4020
452,2020-01-27,402,7348,7750
452,2020-01-28,370,7590,7960
452,2020-01-29,397,7812,8209
452,2020-01-30,392,7968,8360
452,2020-01-31,414,7995,8409
452,2020-02-01,109,4770,4879
452,2020-02-02,26,3907,3933
452,2020-02-03,374,7339,7713
452,2020-02-04,402,7694,8096
452,2020-02-05,463,7805,8268
452,2020-02-06,454,7693,8147
452,2020-02-07,420,8219,8639
452,2020-02-08,124,4843,4967
452,2020-02-09,28,3179,3207
452,2020-02-10,304,6543,6847
452,2020-02-11,396,7871,8267
452,2020-02-12,435,7716,8151
452,2020-02-13,460,7887,8347
452,2020-02-14,447,8151,8598
452,2020-02-15,125,4798,4923
452,2020-02-16,26,3577,3603
452,2020-02-17,62,1438,1500
452,2020-02-18,16,128,144
452,2020-02-19,35,103,138
452,2020-02-20,99,607,706
452,2020-02-21,348,5505,5853
452,2020-02-22,151,4370,4521
452,2020-02-23,59,3133,3192
452,2020-02-24,277,6374,6651
452,2020-02-25,401,7372,7773
452,2020-02-26,432,7448,7880
452,2020-02-27,339,6588,6927
452,2020-02-28,404,7911,8315
452,2020-02-29,112,4630,4742
452,2020-03-01,24,3703,3727
452,2020-03-02,404,7332,7736
452,2020-03-03,434,7575,8009
452,2020-03-04,466,7623,8089
452,2020-03-05,457,7668,8125
452,2020-03-06,437,7877,8314
452,2020-03-07,121,5187,5308
452,2020-03-08,24,3597,3621
452,2020-03-09,535,9044,9579
452,2020-03-10,403,7747,8150
452,2020-03-11,574,9047,9621
452,2020-03-12,583,9322,9905
452,2020-03-13,591,9258,9849
452,2020-03-14,155,4073,4228
452,2020-03-15,25,3014,3039
452,2020-03-16,531,5688,6219
452,2020-03-17,562,5275,5837
452,2020-03-18,408,4298,4706
452,2020-03-19,301,3446,3747
452,2020-03-20,256,3152,3408
452,2020-03-21,62,1252,1314
452,2020-03-22,26,1042,1068
452,2020-03-23,180,2651,2831
452,2020-03-24,198,2644,2842
452,2020-03-25,172,2620,2792
452,2020-03-26,197,2645,2842
452,2020-03-27,187,2890,3077
452,2020-03-28,68,1584,1652
452,2020-03-30,191,2790,2981
452,2020-03-31,165,2744,2909
452,2020-04-01,158,2895,3053
452,2020-04-02,160,2757,2917
452,2020-04-03,193,2867,3060
452,2020-04-04,77,1522,1599
452,2020-04-05,10,1090,1100
452,2020-04-06,178,2867,3045
452,2020-04-07,166,2985,3151
452,2020-04-08,185,3053,3238
452,2020-04-09,212,2908,3120
452,2020-04-10,182,2958,3140
452,2020-04-11,77,1886,1963
452,2020-04-12,0,1103,1103
452,2020-04-13,8,1131,1139
452,2020-04-14,186,3261,3447
452,2020-04-15,197,3155,3352
452,2020-04-16,224,3366,3590
452,2020-04-17,222,3528,3750
452,2020-04-18,107,2211,2318
452,2020-04-19,12,1567,1579
452,2020-04-20,364,4364,4728
452,2020-04-21,417,4758,5175
452,2020-04-22,392,4745,5137
452,2020-04-23,411,4904,5315
452,2020-04-24,428,4883,5311
452,2020-04-25,129,2998,3127
452,2020-04-26,14,1991,2005
452,2020-04-27,458,4881,5339
452,2020-04-28,451,5082,5533
452,2020-04-29,474,5104,5578
452,2020-04-30,437,5414,5851
452,2020-05-01,25,1880,1905
452,2020-05-02,109,2951,3060
452,2020-05-03,14,2056,2070
452,2020-05-04,450,5211,5661
452,2020-05-05,485,5703,6188
452,2020-05-06,492,5958,6450
452,2020-05-07,470,5865,6335
452,2020-05-08,455,5929,6384
452,2020-05-09,44,2557,2601
452,2020-05-10,55,2270,2325
452,2020-05-11,443,6340,6783
452,2020-05-12,530,6733,7263
452,2020-05-13,547,6748,7295
452,2020-05-14,513,6816,7329
452,2020-05-15,515,7506,8021
452,2020-05-16,263,5686,5949
452,2020-05-17,46,3400,3446
452,2020-05-18,521,6525,7046
452,2020-05-19,492,6914,7406
452,2020-05-21,66,3406,3472
452,2020-05-22,345,5983,6328
452,2020-05-23,129,3805,3934
452,2020-05-24,49,3109,3158
452,2020-05-25,549,6687,7236
452,2020-05-26,603,7332,7935
452,2020-05-27,550,7520,8070
452,2020-05-28,596,7685,8281
452,2020-05-29,538,8060,8598
452,2020-05-30,182,5209,5391
452,2020-05-31,34,4655,4689
452,2020-06-01,70,4628,4698
452,2020-06-02,475,6924,7399
452,2020-06-03,512,7114,7626
452,2020-06-04,546,6942,7488
452,2020-06-05,496,7047,7543
452,2020-06-06,163,4583,4746
452,2020-06-07,30,3558,3588
452,2020-06-08,515,7276,7791
452,2020-06-09,546,7389,7935
452,2020-06-10,510,7597,8107
452,2020-06-11,512,7881,8393
452,2020-06-12,535,8110,8645
452,2020-06-13,171,5174,5345
452,2020-06-14,63,4057,4120
452,2020-06-15,585,7601,8186
452,2020-06-16,549,7969,8518
452,2020-06-17,533,7960,8493
452,2020-06-18,597,8206,8803
452,2020-06-19,588,8227,8815
452,2020-06-20,142,4981,5123
452,2020-06-21,47,4446,4493
452,2020-06-22,286,6522,6808
452,2020-06-23,59,4129,4188
452,2020-06-24,597,8231,8828
452,2020-06-25,502,8276,8778
452,2020-06-26,531,8289,8820
452,2020-06-27,164,5352,5516
452,2020-06-28,47,4215,4262
452,2020-06-29,500,8052,8552
452,2020-06-30,588,8211,8799
452,2020-07-01,579,8461,9040
452,2020-07-02,633,8049,8682
452,2020-07-03,671,8597,9268
452,2020-07-04,230,5615,5845
452,2020-07-05,62,4231,4293
452,2020-07-06,549,8117,8666
452,2020-07-07,530,8580,9110
452,2020-07-08,584,8464,9048
452,2020-07-09,628,8784,9412
452,2020-07-10,562,8525,9087
452,2020-07-11,254,6180,6434
452,2020-07-12,56,5247,5303
452,2020-07-13,593,8316,8909
452,2020-07-14,620,8533,9153
452,2020-07-15,624,8577,9201
452,2020-07-16,547,8451,8998
452,2020-07-17,581,8665,9246
452,2020-07-18,237,6105,6342
452,2020-07-19,97,5120,5217
452,2020-07-20,572,8109,8681
452,2020-07-21,620,8684,9304
452,2020-07-22,581,8541,9122
452,2020-07-23,576,8668,9244
452,2020-07-24,608,9026,9634
452,2020-07-25,360,8318,8678
452,2020-07-26,125,5367,5492
452,2020-07-27,524,7926,8450
452,2020-07-28,615,8621,9236
452,2020-07-29,610,8670,9280
452,2020-07-30,520,8411,8931
452,2020-07-31,366,8019,8385
452,2020-08-01,177,5167,5344
452,2020-08-02,89,4575,4664
452,2020-08-03,290,6777,7067
452,2020-08-04,324,7254,7578
452,2020-08-05,349,7581,7930
452,2020-08-06,330,7221,7551
452,2020-08-07,328,7155,7483
452,2020-08-08,186,5159,5345
452,2020-08-09,86,4281,4367
452,2020-08-10,267,6505,6772
452,2020-08-11,282,6866,7148
452,2020-08-12,279,7043,7322
452,2020-08-13,275,6770,7045
452,2020-08-14,301,6916,7217
452,2020-08-15,82,4616,4698
452,2020-08-16,70,4352,4422
452,2020-08-17,237,6443,6680
452,2020-08-18,305,6803,7108
452,2020-08-19,303,6976,7279
452,2020-08-20,286,7003,7289
452,2020-08-21,331,6933,7264
452,2020-08-22,171,5169,5340
452,2020-08-23,69,4350,4419
452,2020-08-24,429,7005,7434
452,2020-08-25,520,7540,8060
452,2020-08-26,423,7337,7760
452,2020-08-27,443,7458,7901
452,2020-08-28,472,7690,8162
452,2020-08-29,183,5123,5306
452,2020-08-30,48,4204,4252
452,2020-08-31,425,6979,7404
452,2020-09-01,389,7215,7604
452,2020-09-02,492,7557,8049
452,2020-09-03,432,7387,7819
452,2020-09-04,484,7830,8314
452,2020-09-05,188,5034,5222
452,2020-09-06,68,4462,4530
452,2020-09-07,565,9251,9816
452,2020-09-08,653,9885,10538
452,2020-09-09,468,8170,8638
452,2020-09-10,544,8493,9037
452,2020-09-11,598,8481,9079
452,2020-09-12,189,5689,5878
452,2020-09-13,70,5139,5209
452,2020-09-14,519,7911,8430
452,2020-09-15,522,8482,9004
452,2020-09-16,555,8301,8856
452,2020-09-17,538,8639,9177
452,2020-09-18,548,9003,9551
452,2020-09-19,232,5985,6217
452,2020-09-20,66,5302,5368
452,2020-09-21,557,8174,8731
452,2020-09-22,538,8523,9061
452,2020-09-23,619,8485,9104
452,2020-09-24,602,8430,9032
452,2020-09-25,553,8607,9160
452,2020-09-26,189,5066,5255
452,2020-09-27,52,4159,4211
452,2020-09-28,548,7790,8338
452,2020-09-29,499,8393,8892
452,2020-09-30,560,8045,8605
452,2020-10-01,542,8115,8657
452,2020-10-02,524,8458,8982
452,2020-10-03,132,5002,5134
452,2020-10-04,24,3825,3849
452,2020-10-05,550,7491,8041
452,2020-10-06,515,7952,8467
452,2020-10-07,558,8034,8592
452,2020-10-08,514,8061,8575
452,2020-10-09,491,8283,8774
452,2020-10-10,165,5372,5537
452,2020-10-11,26,3964,3990
452,2020-10-12,534,7664,8198
452,2020-10-13,565,8047,8612
452,2020-10-14,654,8018,8672
452,2020-10-15,640,8041,8681
452,2020-10-16,647,8388,9035
452,2020-10-17,174,5219,5393
452,2020-10-18,48,3976,4024
452,2020-10-19,594,8060,8654
452,2020-10-20,568,8086,8654
452,2020-10-21,546,8008,8554
452,2020-10-22,559,8009,8568
452,2020-10-23,499,7947,8446
452,2020-10-24,157,4487,4644
452,2020-10-25,42,3012,3054
452,2020-10-26,507,7059,7566
452,2020-10-27,523,7446,7969
452,2020-10-28,514,7477,7991
452,2020-10-29,518,7432,7950
452,2020-10-30,519,7697,8216
452,2020-11-01,24,2831,2855
452,2020-11-02,388,5822,6210
452,2020-11-03,468,6640,7108
452,2020-11-04,507,6762,7269
452,2020-11-05,434,6825,7259
452,2020-11-06,512,6936,7448
452,2020-11-07,175,4745,4920
452,2020-11-08,26,3336,3362
452,2020-11-09,482,7345,7827
452,2020-11-10,504,7389,7893
452,2020-11-11,546,7710,8256
452,2020-11-12,528,7638,8166
452,2020-11-13,553,7872,8425
452,2020-11-14,147,4817,4964
452,2020-11-15,31,3267,3298
452,2020-11-16,546,7289,7835
452,2020-11-17,587,7731,8318
452,2020-11-18,608,7754,8362
452,2020-11-19,528,7840,8368
452,2020-11-20,538,8056,8594
452,2020-11-21,194,4855,5049
452,2020-11-22,32,3195,3227
452,2020-11-23,543,7189,7732
452,2020-11-24,534,7400,7934
452,2020-11-25,556,7572,8128
452,2020-11-26,576,7335,7911
452,2020-11-27,622,7477,8099
452,2020-11-28,171,4329,4500
452,2020-11-29,21,2617,2638
452,2020-11-30,584,6934,7518
452,2020-12-01,554,7186,7740
452,2020-12-02,589,7048,7637
452,2020-12-03,562,7075,7637
452,2020-12-04,505,7357,7862
452,2020-12-05,183,4083,4266
452,2020-12-06,27,2620,2647
452,2020-12-07,495,6833,7328
452,2020-12-08,532,7146,7678
452,2020-12-09,545,7342,7887
452,2020-12-10,520,7365,7885
452,2020-12-11,562,7393,7955
452,2020-12-12,142,3957,4099
452,2020-12-13,42,2563,2605
452,2020-12-14,528,6960,7488
452,2020-12-15,462,7251,7713
452,2020-12-16,510,7246,7756
452,2020-12-17,506,7417,7923
452,2020-12-18,428,7363,7791
452,2020-12-19,96,4045,4141
452,2020-12-20,46,2592,2638
452,2020-12-21,230,5659,5889
452,2020-12-22,214,5911,6125
452,2020-12-23,195,5757,5952
452,2020-12-24,131,4199,4330
452,2020-12-25,32,2395,2427
452,2020-12-26,58,2268,2326
452,2020-12-27,53,2079,2132
452,2020-12-28,153,3883,4036
452,2020-12-29,167,4245,4412
452,2020-12-30,178,4307,4485
453,2020-01-01,51,5113,5164
453,2020-01-02,565,10270,10835
453,2020-01-03,721,11433,12154
453,2020-01-04,300,9020,9320
453,2020-01-05,93,6996,7089
453,2020-01-06,1039,13173,14212
453,2020-01-07,1124,14129,15253
453,2020-01-08,1124,13891,15015
453,2020-01-09,1163,14658,15821
453,2020-01-10,1118,15120,16238
453,2020-01-11,360,10161,10521
453,2020-01-12,98,7470,7568
453,2020-01-13,1447,14539,15986
453,2020-01-14,1541,15290,16831
453,2020-01-15,1697,15346,17043
453,2020-01-16,1679,15635,17314
453,2020-01-17,1590,15598,17188
453,2020-01-18,416,9567,9983
453,2020-01-19,114,7452,7566
453,2020-01-20,1727,14559,16286
453,2020-01-21,1724,15923,17647
453,2020-01-22,1650,15152,16802
453,2020-01-23,1711,15575,17286
453,2020-01-24,1650,15670,17320
453,2020-01-25,375,10652,11027
453,2020-01-26,81,7985,8066
453,2020-01-27,1489,14586,16075
453,2020-01-28,1622,16288,17910
453,2020-01-29,1668,15312,16980
453,2020-01-30,1588,15674,17262
453,2020-01-31,1660,16009,17669
453,2020-02-01,371,10491,10862
453,2020-02-02,77,7996,8073
453,2020-02-03,1545,14735,16280
453,2020-02-05,1747,15553,17300
453,2020-02-06,1668,15730,17398
453,2020-02-07,1651,16107,17758
453,2020-02-08,371,10430,10801
453,2020-02-09,172,7380,7552
453,2020-02-10,1436,14138,15574
453,2020-02-11,1682,15474,17156
453,2020-02-12,1726,15506,17232
453,2020-02-13,1567,15850,17417
453,2020-02-14,1614,16147,17761
453,2020-02-15,404,10238,10642
453,2020-02-16,76,7432,7508
453,2020-02-17,1850,15344,17194
453,2020-02-18,1928,14979,16907
453,2020-02-19,2094,15092,17186
453,2020-02-20,1771,14178,15949
453,2020-02-21,1609,14062,15671
453,2020-02-22,426,9362,9788
453,2020-02-23,162,8651,8813
453,2020-02-24,1155,12856,14011
453,2020-02-25,1655,14697,16352
453,2020-02-26,1721,14864,16585
453,2020-02-27,1404,12714,14118
453,2020-02-28,1351,15203,16554
453,2020-02-29,421,9609,10030
453,2020-03-01,164,8184,8348
453,2020-03-02,1648,14899,16547
453,2020-03-03,1652,15582,17234
453,2020-03-04,1773,15258,17031
453,2020-03-05,1646,15228,16874
453,2020-03-06,1754,15998,17752
453,2020-03-07,423,10958,11381
453,2020-03-08,84,7852,7936
453,2020-03-09,1981,17391,19372
453,2020-03-10,1740,15653,17393
453,2020-03-11,1995,17690,19685
453,2020-03-12,2059,18060,20119
453,2020-03-13,2148,17732,19880
453,2020-03-14,434,8122,8556
453,2020-03-15,104,5756,5860
453,2020-03-16,1900,11463,13363
453,2020-03-17,1892,10520,12412
453,2020-03-18,1611,8721,10332
453,2020-03-19,1370,7120,8490
453,2020-03-20,1037,6274,7311
453,2020-03-21,229,2515,2744
453,2020-03-22,78,1904,1982
453,2020-03-23,764,5012,5776
453,2020-03-24,830,5025,5855
453,2020-03-25,809,4871,5680
453,2020-03-26,777,4920,5697
453,2020-03-27,749,5205,5954
453,2020-03-28,196,2897,3093
453,2020-03-30,717,5224,5941
453,2020-03-31,778,5149,5927
453,2020-04-01,689,5356,6045
453,2020-04-02,719,5248,5967
453,2020-04-03,739,5400,6139
453,2020-04-04,211,2981,3192
453,2020-04-05,68,2040,2108
453,2020-04-06,728,5393,6121
453,2020-04-07,791,5568,6359
453,2020-04-08,784,5723,6507
453,2020-04-09,765,5738,6503
453,2020-04-10,671,5792,6463
453,2020-04-11,215,3479,3694
453,2020-04-12,54,1954,2008
453,2020-04-13,89,2156,2245
453,2020-04-14,778,6091,6869
453,2020-04-15,899,6141,7040
453,2020-04-16,833,6346,7179
453,2020-04-17,851,6789,7640
453,2020-04-18,270,3895,4165
453,2020-04-19,76,2737,2813
453,2020-04-20,1360,8776,10136
453,2020-04-21,1505,9477,10982
453,2020-04-22,1582,9615,11197
453,2020-04-23,1647,9677,11324
453,2020-04-24,1765,9934,11699
453,2020-04-25,353,5695,6048
453,2020-04-26,83,3325,3408
453,2020-04-27,1747,10027,11774
453,2020-04-28,1876,10506,12382
453,2020-04-29,1872,10609,12481
453,2020-04-30,1806,11107,12913
453,2020-05-01,177,3442,3619
453,2020-05-02,379,5804,6183
453,2020-05-03,65,3775,3840
453,2020-05-04,1724,10620,12344
453,2020-05-05,1934,11572,13506
453,2020-05-06,2141,11572,13713
453,2020-05-13,1967,13202,15169
453,2020-05-14,2017,13137,15154
453,2020-05-15,2157,14099,16256
453,2020-05-16,755,10171,10926
453,2020-05-17,156,6204,6360
453,2020-05-18,2312,13138,15450
453,2020-05-19,2382,14299,16681
453,2020-05-20,2296,14527,16823
453,2020-05-21,223,6578,6801
453,2020-05-22,1399,12211,13610
453,2020-05-23,476,7955,8431
453,2020-05-24,139,5853,5992
453,2020-05-25,2275,13720,15995
453,2020-05-26,2391,14883,17274
453,2020-05-27,2270,14820,17090
453,2020-05-28,2353,15176,17529
453,2020-05-29,2294,15469,17763
453,2020-05-30,932,10498,11430
453,2020-05-31,232,8029,8261
453,2020-06-01,280,7951,8231
453,2020-06-02,2178,14672,16850
453,2020-06-03,2288,14541,16829
453,2020-06-04,2210,14742,16952
453,2020-06-05,2116,14285,16401
453,2020-06-06,654,9449,10103
453,2020-06-07,130,6890,7020
453,2020-06-08,2136,14264,16400
453,2020-06-09,2191,14645,16836
453,2020-06-10,2137,15369,17506
453,2020-06-11,2154,15541,17695
453,2020-06-12,2342,15839,18181
453,2020-06-13,768,10400,11168
453,2020-06-14,158,7907,8065
453,2020-06-15,2744,18332,21076
453,2020-06-16,2753,17661,20414
453,2020-06-17,2998,17458,20456
453,2020-06-18,2843,18916,21759
453,2020-06-19,2659,19400,22059
453,2020-06-20,1022,9573,10595
453,2020-06-21,287,7558,7845
453,2020-06-22,1496,12386,13882
453,2020-06-23,480,7776,8256
453,2020-06-24,2782,15294,18076
453,2020-06-25,2974,15321,18295
453,2020-06-26,2818,14682,17500
453,2020-06-27,1018,10425,11443
453,2020-06-28,312,8016,8328
453,2020-06-29,2329,14972,17301
453,2020-06-30,2560,15927,18487
453,2020-07-01,2631,16219,18850
453,2020-07-02,2366,15552,17918
453,2020-07-03,2424,16299,18723
453,2020-07-04,967,11474,12441
453,2020-07-05,315,8063,8378
453,2020-07-06,2406,14895,17301
453,2020-07-07,2552,15962,18514
453,2020-07-08,2373,15734,18107
453,2020-07-09,2288,15724,18012
453,2020-07-10,2343,16282,18625
453,2020-07-11,990,11033,12023
453,2020-07-12,335,8632,8967
453,2020-07-13,2480,15752,18232
453,2020-07-14,2516,16641,19157
453,2020-07-15,2690,16529,19219
453,2020-07-16,2705,16207,18912
453,2020-07-17,2703,16509,19212
453,2020-07-18,1020,11342,12362
453,2020-07-19,387,9006,9393
453,2020-07-20,2558,15399,17957
453,2020-07-21,2629,16191,18820
453,2020-07-22,2838,15251,18089
453,2020-07-23,2620,15684,18304
453,2020-07-24,2509,16176,18685
453,2020-07-25,871,13369,14240
453,2020-07-26,386,8937,9323
453,2020-07-27,2327,14558,16885
453,2020-07-28,2148,15384,17532
453,2020-07-29,2407,15690,18097
453,2020-07-30,1987,15478,17465
453,2020-07-31,1416,14809,16225
453,2020-08-01,432,10430,10862
453,2020-08-02,201,8297,8498
453,2020-08-03,1243,12850,14093
453,2020-08-04,1301,13586,14887
453,2020-08-05,1315,13686,15001
453,2020-08-06,1228,13387,14615
453,2020-08-07,1259,13454,14713
453,2020-08-08,438,9680,10118
453,2020-08-09,192,8046,8238
453,2020-08-10,1107,12062,13169
453,2020-08-11,1180,12789,13969
453,2020-08-12,1281,12560,13841
453,2020-08-13,1174,12929,14103
453,2020-08-14,1132,13278,14410
453,2020-08-15,211,8241,8452
453,2020-08-16,171,8248,8419
453,2020-08-17,1161,12477,13638
453,2020-08-18,1278,13201,14479
453,2020-08-19,1278,13275,14553
453,2020-08-20,1347,13537,14884
453,2020-08-21,1309,13632,14941
453,2020-08-22,431,10152,10583
453,2020-08-23,174,8217,8391
453,2020-08-24,1878,14114,15992
453,2020-08-25,2135,14907,17042
453,2020-08-26,2064,14580,16644
453,2020-08-27,2100,15052,17152
453,2020-08-28,1968,15124,17092
453,2020-08-29,607,10410,11017
453,2020-08-30,203,8163,8366
453,2020-08-31,2129,14173,16302
453,2020-09-01,2200,14503,16703
453,2020-09-02,2307,14910,17217
453,2020-09-03,2240,15227,17467
453,2020-09-04,2419,15279,17698
453,2020-09-05,865,10137,11002
453,2020-09-06,192,8329,8521
453,2020-09-07,2232,17191,19423
453,2020-09-08,2308,17154,19462
453,2020-09-09,2204,15572,17776
453,2020-09-10,2141,16067,18208
453,2020-09-11,2158,16229,18387
453,2020-09-12,881,11076,11957
453,2020-09-13,381,9479,9860
453,2020-09-14,2305,15150,17455
453,2020-09-15,2348,15635,17983
453,2020-09-16,2356,15588,17944
453,2020-09-17,2346,15940,18286
453,2020-09-18,2171,16807,18978
453,2020-09-19,809,11581,12390
453,2020-09-20,404,9703,10107
453,2020-09-21,2271,14997,17268
453,2020-09-22,2353,16115,18468
453,2020-09-23,2276,15609,17885
453,2020-09-24,2226,16082,18308
453,2020-09-25,2153,16513,18666
453,2020-09-26,612,10257,10869
453,2020-09-27,205,8216,8421
454,2020-01-01,105,5613,5718
454,2020-01-02,751,9696,10447
454,2020-01-03,907,10856,11763
454,2020-01-04,456,8658,9114
454,2020-01-05,190,7400,7590
454,2020-01-06,1304,12054,13358
454,2020-01-07,1388,12747,14135
454,2020-01-08,1320,12641,13961
454,2020-01-09,1300,13408,14708
454,2020-01-10,1310,13792,15102
454,2020-01-11,507,9868,10375
454,2020-01-12,185,7918,8103
454,2020-01-13,1520,13178,14698
454,2020-01-14,1647,13692,15339
454,2020-01-15,1835,13576,15411
454,2020-01-16,1799,14067,15866
454,2020-01-17,1673,14235,15908
454,2020-01-18,513,9826,10339
454,2020-01-19,224,8058,8282
454,2020-01-20,1702,13209,14911
454,2020-01-21,1813,13961,15774
454,2020-01-22,1747,13803,15550
454,2020-01-23,1736,14067,15803
454,2020-01-24,1760,14251,16011
454,2020-01-25,501,10418,10919
454,2020-01-26,153,8520,8673
454,2020-01-27,1503,13325,14828
454,2020-01-28,1667,13742,15409
454,2020-01-29,1805,13713,15518
454,2020-01-30,1711,14380,16091
454,2020-01-31,1705,14731,16436
454,2020-02-01,508,10013,10521
454,2020-02-02,161,8451,8612
454,2020-02-03,1636,13396,15032
454,2020-02-04,1753,13993,15746
454,2020-02-05,1885,13995,15880
454,2020-02-06,1789,14354,16143
454,2020-02-07,1784,14817,16601
454,2020-02-08,532,9903,10435
454,2020-02-09,196,7113,7309
454,2020-02-10,1482,12318,13800
454,2020-02-11,1773,13882,15655
454,2020-02-12,1753,13949,15702
454,2020-02-13,1687,14144,15831
454,2020-02-14,1762,14600,16362
454,2020-02-15,570,9861,10431
454,2020-02-16,171,7953,8124
454,2020-02-17,1653,12709,14362
454,2020-02-18,1794,12943,14737
454,2020-02-19,1748,12662,14410
454,2020-02-20,1722,12655,14377
454,2020-02-21,1698,13099,14797
454,2020-02-22,592,9368,9960
454,2020-02-23,264,8038,8302
454,2020-02-24,1245,11986,13231
454,2020-02-25,1652,13289,14941
454,2020-02-26,1766,13262,15028
454,2020-02-27,1359,11895,13254
454,2020-02-28,1581,14058,15639
454,2020-02-29,529,9650,10179
454,2020-03-01,201,8235,8436
454,2020-03-02,1651,13507,15158
454,2020-03-03,1833,14078,15911
454,2020-03-04,1791,13887,15678
454,2020-03-05,1685,14018,15703
454,2020-03-06,1801,14673,16474
454,2020-03-07,617,10549,11166
454,2020-03-08,169,8325,8494
454,2020-03-09,1824,13646,15470
454,2020-03-10,1771,14186,15957
454,2020-03-11,1735,13931,15666
454,2020-03-12,1867,14292,16159
454,2020-03-13,1863,13998,15861
454,2020-03-14,560,7955,8515
454,2020-03-15,175,6276,6451
454,2020-03-16,1812,10643,12455
454,2020-03-17,1848,9568,11416
454,2020-03-18,1592,8075,9667
454,2020-03-19,1446,6579,8025
454,2020-03-20,1165,5866,7031
454,2020-03-21,319,2518,2837
454,2020-03-22,80,1852,1932
454,2020-03-23,840,4742,5582
454,2020-03-24,934,4647,5581
454,2020-03-25,875,4499,5374
454,2020-03-26,902,4618,5520
454,2020-03-27,848,4944,5792
454,2020-03-28,302,2946,3248
454,2020-03-30,863,4875,5738
454,2020-03-31,895,4814,5709
454,2020-04-01,774,4985,5759
454,2020-04-02,806,4937,5743
454,2020-04-03,804,5034,5838
454,2020-04-04,321,2935,3256
454,2020-04-05,94,2028,2122
454,2020-04-06,826,5162,5988
454,2020-04-07,906,5250,6156
454,2020-04-08,859,5262,6121
454,2020-04-09,868,5373,6241
454,2020-04-10,784,5489,6273
454,2020-04-11,309,3440,3749
454,2020-04-12,68,1962,2030
454,2020-04-13,111,2089,2200
454,2020-04-14,879,5776,6655
454,2020-04-15,1015,5621,6636
454,2020-04-16,937,5919,6856
454,2020-04-17,960,6337,7297
454,2020-04-18,408,3659,4067
454,2020-04-19,104,2619,2723
454,2020-04-20,1444,8122,9566
454,2020-04-21,1445,8359,9804
454,2020-04-22,1580,8454,10034
454,2020-04-23,1686,8558,10244
454,2020-04-24,1724,8783,10507
454,2020-04-25,446,5275,5721
454,2020-04-26,136,3560,3696
454,2020-04-27,1670,9170,10840
454,2020-04-28,1804,9336,11140
454,2020-04-29,1809,9514,11323
454,2020-04-30,1731,10250,11981
454,2020-05-01,172,3479,3651
454,2020-05-02,435,5365,5800
454,2020-05-03,125,3828,3953
454,2020-05-04,1731,9857,11588
454,2020-05-05,1759,10317,12076
454,2020-05-06,1788,10807,12595
454,2020-05-07,1706,10758,12464
454,2020-05-08,1679,11048,12727
454,2020-05-09,247,4690,4937
454,2020-05-10,128,4126,4254
454,2020-05-11,1662,11167,12829
454,2020-05-12,1803,11941,13744
454,2020-05-13,1824,11827,13651
454,2020-05-14,1702,11809,13511
454,2020-05-15,1747,12363,14110
454,2020-05-16,735,8686,9421
454,2020-05-17,203,6742,6945
454,2020-05-18,1895,11840,13735
454,2020-05-19,2093,12534,14627
454,2020-05-20,1898,13313,15211
454,2020-05-21,281,7075,7356
454,2020-05-22,1277,11188,12465
454,2020-05-23,520,7591,8111
454,2020-05-24,195,6240,6435
454,2020-05-25,1952,12509,14461
454,2020-05-26,2070,13181,15251
454,2020-05-27,1873,13339,15212
454,2020-05-28,1944,13618,15562
454,2020-05-29,1912,14027,15939
454,2020-05-30,838,9634,10472
454,2020-05-31,283,8211,8494
454,2020-06-01,348,8062,8410
454,2020-06-02,1848,13497,15345
454,2020-06-03,1980,13158,15138
454,2020-06-04,1911,13255,15166
454,2020-06-05,1850,13144,14994
454,2020-06-06,615,8944,9559
454,2020-06-07,195,7292,7487
454,2020-06-08,1862,12980,14842
454,2020-06-09,1946,13112,15058
454,2020-06-10,1879,13793,15672
454,2020-06-11,1894,14013,15907
454,2020-06-12,2000,14279,16279
454,2020-06-13,613,9920,10533
454,2020-06-14,245,8508,8753
454,2020-06-15,1966,13468,15434
454,2020-06-16,2043,14180,16223
454,2020-06-17,1960,13271,15231
454,2020-06-18,2039,14220,16259
454,2020-06-19,2043,14568,16611
454,2020-06-20,779,9078,9857
454,2020-06-21,352,8363,8715
454,2020-06-22,1494,12248,13742
454,2020-06-23,564,8388,8952
454,2020-06-24,2244,14620,16864
454,2020-06-25,2121,14948,17069
454,2020-06-26,2036,14389,16425
454,2020-06-27,778,10416,11194
454,2020-06-28,372,8624,8996
454,2020-06-29,1998,14133,16131
454,2020-06-30,2313,14528,16841
454,2020-07-01,2231,14713,16944
454,2020-07-02,2104,14710,16814
454,2020-07-03,1997,15107,17104
454,2020-07-04,911,11314,12225
454,2020-07-05,412,8924,9336
454,2020-07-06,1941,13988,15929
454,2020-07-07,2073,14837,16910
454,2020-07-08,2040,14801,16841
454,2020-07-09,1969,14943,16912
454,2020-07-10,1985,15249,17234
454,2020-07-11,912,11406,12318
454,2020-07-12,422,9864,10286
454,2020-07-13,2127,14922,17049
454,2020-07-14,2217,15593,17810
454,2020-07-15,2315,15376,17691
454,2020-07-16,2228,15515,17743
454,2020-07-17,2299,15423,17722
454,2020-07-18,967,11770,12737
454,2020-07-19,493,10223,10716
454,2020-07-20,2108,14650,16758
454,2020-07-21,2223,15019,17242
454,2020-07-22,2223,15269,17492
454,2020-07-23,2270,15135,17405
454,2020-07-24,2295,15368,17663
454,2020-07-25,1020,11576,12596
454,2020-07-26,518,9260,9778
454,2020-07-27,2002,14030,16032
454,2020-07-28,1980,14740,16720
454,2020-07-29,2050,14991,17041
454,2020-07-30,1991,14941,16932
454,2020-07-31,1551,14412,15963
454,2020-08-01,648,10925,11573
454,2020-08-02,326,9489,9815
454,2020-08-03,1347,12515,13862
454,2020-08-04,1372,13113,14485
454,2020-08-05,1408,13489,14897
454,2020-08-06,1310,13327,14637
454,2020-08-07,1356,13445,14801
454,2020-08-08,616,10428,11044
454,2020-08-09,333,9237,9570
454,2020-08-10,1243,12170,13413
454,2020-08-11,1310,12557,13867
454,2020-08-12,1340,12428,13768
454,2020-08-13,1270,12680,13950
454,2020-08-14,1273,13168,14441
454,2020-08-15,345,9355,9700
454,2020-08-16,310,9263,9573
454,2020-08-17,1250,12333,13583
454,2020-08-18,1306,12718,14024
454,2020-08-19,1387,12866,14253
454,2020-08-20,1365,13355,14720
454,2020-08-21,1438,13519,14957
454,2020-08-22,593,10689,11282
454,2020-08-23,282,9138,9420
454,2020-08-24,1729,13324,15053
454,2020-08-25,1956,13905,15861
454,2020-08-26,1892,13821,15713
454,2020-08-27,1857,14407,16264
454,2020-08-28,1800,14657,16457
454,2020-08-29,596,10471,11067
454,2020-08-30,270,8885,9155
454,2020-08-31,1856,13392,15248
454,2020-09-01,2036,13678,15714
454,2020-09-02,2124,13937,16061
454,2020-09-03,1969,14375,16344
454,2020-09-04,2030,14584,16614
454,2020-09-05,760,10565,11325
454,2020-09-06,292,9289,9581
454,2020-09-07,1878,13795,15673
454,2020-09-08,2068,14380,16448
454,2020-09-09,1955,14616,16571
454,2020-09-10,1995,15043,17038
454,2020-09-11,2100,15271,17371
454,2020-09-12,869,11434,12303
454,2020-09-13,516,10586,11102
454,2020-09-14,2104,14034,16138
454,2020-09-15,2251,14656,16907
454,2020-09-16,2192,14451,16643
454,2020-09-17,2124,15153,17277
454,2020-09-18,2046,15886,17932
454,2020-09-19,901,11843,12744
454,2020-09-20,505,10952,11457
454,2020-09-21,1973,14330,16303
454,2020-09-22,2220,14948,17168
454,2020-09-23,2198,14624,16822
454,2020-09-24,2156,14918,17074
454,2020-09-25,2074,15209,17283
454,2020-09-26,649,10274,10923
454,2020-09-27,238,8699,8937
454,2020-09-28,1939,13513,15452
454,2020-09-29,2055,14590,16645
454,2020-09-30,2003,14366,16369
454,2020-10-01,1975,14815,16790
454,2020-10-02,1997,15249,17246
454,2020-10-03,643,10568,11211
454,2020-10-04,200,8714,8914
454,2020-10-05,1901,13616,15517
454,2020-10-06,1931,14234,16165
454,2020-10-07,2067,14274,16341
454,2020-10-08,1952,14678,16630
454,2020-10-09,1787,15068,16855
454,2020-10-10,694,10843,11537
454,2020-10-11,210,8752,8962
454,2020-10-12,2000,13745,15745
454,2020-10-13,1969,14222,16191
454,2020-10-14,2026,14286,16312
454,2020-10-15,2149,14525,16674
454,2020-10-16,2041,14958,16999
454,2020-10-17,882,10686,11568
454,2020-10-18,423,8753,9176
454,2020-10-19,2117,13753,15870
454,2020-10-20,2041,13946,15987
454,2020-10-21,2080,13934,16014
454,2020-10-22,2084,14332,16416
454,2020-10-23,1901,14248,16149
454,2020-10-24,776,9665,10441
454,2020-10-25,313,7143,7456
454,2020-10-26,1870,12808,14678
454,2020-10-27,1897,13515,15412
454,2020-10-28,1859,13410,15269
454,2020-10-29,1855,13865,15720
454,2020-10-30,1817,14215,16032
454,2020-11-01,148,6345,6493
454,2020-11-02,1597,11772,13369
454,2020-11-03,1875,12752,14627
454,2020-11-04,1882,13109,14991
454,2020-11-05,1943,13232,15175
454,2020-11-06,1876,13599,15475
454,2020-11-07,674,10102,10776
454,2020-11-08,214,7496,7710
454,2020-11-09,1825,13162,14987
454,2020-11-10,1995,13613,15608
454,2020-11-11,1823,13808,15631
454,2020-11-12,1966,14253,16219
454,2020-11-13,1879,14333,16212
454,2020-11-14,587,10266,10853
454,2020-11-15,187,6785,6972
454,2020-11-16,1871,13424,15295
454,2020-11-17,2041,14041,16082
454,2020-11-18,2055,14013,16068
454,2020-11-19,1941,14550,16491
454,2020-11-20,1987,14964,16951
454,2020-11-21,772,9937,10709
454,2020-11-22,287,6998,7285
454,2020-11-23,1804,13230,15034
454,2020-11-24,2042,13613,15655
454,2020-11-25,1989,13514,15503
454,2020-11-26,1994,13441,15435
454,2020-11-27,1998,13709,15707
454,2020-11-28,628,9197,9825
454,2020-11-29,184,6084,6268
454,2020-11-30,1953,12539,14492
454,2020-12-01,1821,12880,14701
454,2020-12-02,1925,12951,14876
454,2020-12-03,1810,13302,15112
454,2020-12-04,1750,13625,15375
454,2020-12-05,615,8716,9331
454,2020-12-06,182,5955,6137
454,2020-12-07,1855,12576,14431
454,2020-12-08,1777,12964,14741
454,2020-12-09,1964,12965,14929
454,2020-12-10,1972,13246,15218
454,2020-12-11,1735,13183,14918
454,2020-12-12,572,8633,9205
454,2020-12-13,192,5758,5950
454,2020-12-14,1905,12968,14873
454,2020-12-15,1855,13417,15272
454,2020-12-16,1990,13242,15232
454,2020-12-17,2056,13729,15785
454,2020-12-18,1732,13659,15391
454,2020-12-19,563,8732,9295
454,2020-12-20,227,6006,6233
454,2020-12-21,1151,11470,12621
454,2020-12-22,1129,11772,12901
454,2020-12-23,989,10956,11945
454,2020-12-24,694,8452,9146
454,2020-12-25,163,5150,5313
454,2020-12-26,227,5190,5417
454,2020-12-27,207,4899,5106
454,2020-12-28,855,8645,9500
454,2020-12-29,816,9103,9919
454,2020-12-30,883,9444,10327
454,2020-12-31,595,7623,8218
455,2020-01-01,8,777,785
455,2020-01-02,13,1229,1242
455,2020-01-03,21,1394,1415
455,2020-01-04,13,1235,1248
455,2020-01-05,11,1107,1118
455,2020-01-06,26,1898,1924
455,2020-01-07,33,2012,2045
455,2020-01-08,26,1889,1915
455,2020-01-09,23,1903,1926
455,2020-01-10,28,1993,2021
455,2020-01-11,22,1625,1647
455,2020-01-12,10,1163,1173
455,2020-01-13,24,2082,2106
455,2020-01-14,35,2149,2184
455,2020-01-15,37,2083,2120
455,2020-01-16,40,2134,2174
455,2020-01-17,39,2087,2126
455,2020-01-18,22,1588,1610
455,2020-01-19,9,1091,1100
455,2020-01-20,38,1915,1953
455,2020-01-21,42,2138,2180
455,2020-01-22,33,2101,2134
455,2020-01-23,43,2023,2066
455,2020-01-24,45,1991,2036
455,2020-01-25,18,1469,1487
455,2020-01-26,8,1141,1149
455,2020-01-27,28,2012,2040
455,2020-01-28,24,2262,2286
455,2020-01-29,37,2097,2134
455,2020-01-30,41,2039,2080
455,2020-01-31,38,2046,2084
455,2020-02-01,26,1548,1574
455,2020-02-02,8,1184,1192
455,2020-02-03,30,1878,1908
455,2020-02-04,48,2048,2096
455,2020-02-05,41,2053,2094
455,2020-02-06,35,2154,2189
455,2020-02-07,27,2223,2250
455,2020-02-08,24,1649,1673
455,2020-02-09,15,1166,1181
455,2020-02-11,22,2213,2235
455,2020-02-12,30,2126,2156
455,2020-02-13,28,2125,2153
455,2020-02-14,32,2162,2194
455,2020-02-15,17,1497,1514
455,2020-02-16,9,1029,1038
455,2020-02-17,31,1681,1712
455,2020-02-18,26,1670,1696
455,2020-02-19,25,1736,1761
455,2020-02-20,26,1648,1674
455,2020-02-21,17,1735,1752
455,2020-02-22,28,1460,1488
455,2020-02-23,11,959,970
455,2020-02-24,26,2024,2050
455,2020-02-25,27,2146,2173
455,2020-02-26,34,2260,2294
455,2020-02-27,23,1641,1664
455,2020-02-28,42,2129,2171
455,2020-02-29,21,1600,1621
455,2020-03-01,20,1224,1244
455,2020-03-02,35,2108,2143
455,2020-03-03,27,2151,2178
455,2020-03-04,44,2150,2194
455,2020-03-05,23,2115,2138
455,2020-03-06,34,2177,2211
455,2020-03-07,32,1761,1793
455,2020-03-08,15,1207,1222
455,2020-03-09,47,2035,2082
455,2020-03-10,34,2061,2095
455,2020-03-11,31,2095,2126
455,2020-03-12,34,2111,2145
455,2020-03-13,38,2129,2167
455,2020-03-14,36,1353,1389
455,2020-03-15,9,1068,1077
455,2020-03-16,65,1617,1682
455,2020-03-17,31,1401,1432
455,2020-03-18,38,1208,1246
455,2020-03-19,134,1052,1186
455,2020-03-20,161,992,1153
455,2020-03-21,24,512,536
455,2020-03-22,4,470,474
455,2020-03-23,19,835,854
455,2020-03-24,20,882,902
455,2020-03-25,24,825,849
455,2020-03-26,30,823,853
455,2020-03-27,26,970,996
455,2020-03-28,14,919,933
455,2020-03-30,22,854,876
455,2020-03-31,24,943,967
455,2020-04-01,20,913,933
455,2020-04-02,13,950,963
455,2020-04-03,23,996,1019
455,2020-04-04,29,916,945
455,2020-04-05,3,744,747
455,2020-04-06,41,1035,1076
455,2020-04-07,51,1036,1087
455,2020-04-08,19,1101,1120
455,2020-04-09,25,1137,1162
455,2020-04-10,20,1251,1271
455,2020-04-11,14,1113,1127
455,2020-04-12,6,665,671
455,2020-04-13,2,528,530
455,2020-04-14,26,1106,1132
455,2020-04-15,24,1188,1212
455,2020-04-16,27,1204,1231
455,2020-04-17,24,1357,1381
455,2020-04-18,28,1025,1053
455,2020-04-19,4,738,742
455,2020-04-20,54,1378,1432
455,2020-04-21,30,1444,1474
455,2020-04-22,44,1461,1505
455,2020-04-23,36,1514,1550
455,2020-04-24,24,1597,1621
455,2020-04-25,23,1390,1413
455,2020-04-26,12,948,960
455,2020-04-27,30,1488,1518
455,2020-04-28,27,1347,1374
455,2020-04-29,31,1467,1498
455,2020-04-30,38,1593,1631
455,2020-05-01,13,707,720
455,2020-05-02,27,1315,1342
455,2020-05-03,8,846,854
455,2020-05-04,38,1195,1233
455,2020-05-05,34,1363,1397
455,2020-05-06,61,1417,1478
455,2020-05-07,56,1534,1590
455,2020-05-08,57,1747,1804
455,2020-05-09,9,861,870
455,2020-05-10,5,776,781
455,2020-05-11,48,1400,1448
455,2020-05-12,51,1586,1637
455,2020-05-13,133,1537,1670
455,2020-05-14,117,1547,1664
455,2020-05-15,57,1611,1668
455,2020-05-16,59,1452,1511
455,2020-05-17,15,1091,1106
455,2020-05-18,51,1554,1605
455,2020-05-19,37,1592,1629
455,2020-05-20,76,1669,1745
455,2020-05-21,30,945,975
455,2020-05-22,30,1614,1644
455,2020-05-23,28,1161,1189
455,2020-05-24,13,926,939
455,2020-05-25,80,1466,1546
455,2020-05-26,37,1635,1672
455,2020-05-27,71,1707,1778
455,2020-05-28,45,1714,1759
455,2020-05-29,33,1746,1779
455,2020-05-30,23,1535,1558
455,2020-05-31,8,1062,1070
455,2020-06-01,9,1024,1033
455,2020-06-02,97,1735,1832
455,2020-06-03,86,1864,1950
455,2020-06-04,39,1442,1481
455,2020-06-05,34,1610,1644
455,2020-06-06,44,1280,1324
455,2020-06-07,8,941,949
455,2020-06-08,29,1510,1539
455,2020-06-09,44,1538,1582
455,2020-06-10,30,1558,1588
455,2020-06-11,21,1653,1674
455,2020-06-12,38,1783,1821
455,2020-06-13,36,1491,1527
455,2020-06-14,5,1091,1096
455,2020-06-15,40,1454,1494
455,2020-06-16,28,1561,1589
455,2020-06-17,44,1538,1582
455,2020-06-18,41,1602,1643
455,2020-06-19,28,1709,1737
455,2020-06-20,20,1397,1417
455,2020-06-21,12,1026,1038
455,2020-06-22,53,1549,1602
455,2020-06-23,17,979,996
455,2020-06-24,41,1535,1576
455,2020-06-25,65,1639,1704
455,2020-06-26,41,1615,1656
455,2020-06-27,31,1343,1374
455,2020-06-28,11,945,956
455,2020-06-29,42,1514,1556
455,2020-06-30,80,1527,1607
455,2020-07-01,69,1518,1587
455,2020-07-02,43,1513,1556
455,2020-07-03,24,1597,1621
455,2020-07-04,19,1311,1330
455,2020-07-05,17,905,922
455,2020-07-06,48,1461,1509
455,2020-07-07,58,1557,1615
455,2020-07-08,22,1800,1822
455,2020-07-09,38,1841,1879
455,2020-07-10,29,1573,1602
455,2020-07-11,34,1325,1359
455,2020-07-12,5,986,991
455,2020-07-13,45,1499,1544
455,2020-07-14,28,1497,1525
455,2020-07-15,52,1529,1581
455,2020-07-16,113,1594,1707
455,2020-07-17,32,1702,1734
455,2020-07-18,29,1230,1259
455,2020-07-19,9,955,964
455,2020-07-20,43,1345,1388
455,2020-07-21,31,1455,1486
455,2020-07-22,32,1333,1365
455,2020-07-23,32,1390,1422
455,2020-07-24,30,1421,1451
455,2020-07-25,26,1179,1205
455,2020-07-26,5,840,845
455,2020-07-27,48,1412,1460
455,2020-07-28,43,1320,1363
455,2020-07-29,42,1437,1479
455,2020-07-30,34,1410,1444
455,2020-07-31,32,1405,1437
455,2020-08-01,10,1069,1079
455,2020-08-02,18,920,938
455,2020-08-03,37,1225,1262
455,2020-08-04,31,1255,1286
455,2020-08-05,29,1274,1303
455,2020-08-06,39,1297,1336
455,2020-08-07,29,1309,1338
455,2020-08-08,19,1060,1079
455,2020-08-09,11,825,836
455,2020-08-10,17,1175,1192
455,2020-08-11,13,1179,1192
455,2020-08-12,17,1242,1259
455,2020-08-13,30,1153,1183
455,2020-08-14,23,1309,1332
455,2020-08-15,11,811,822
455,2020-08-16,6,741,747
455,2020-08-17,30,1106,1136
455,2020-08-18,22,1119,1141
455,2020-08-19,24,1175,1199
455,2020-08-20,24,1215,1239
455,2020-08-21,15,1248,1263
455,2020-08-22,21,1087,1108
455,2020-08-23,9,854,863
455,2020-08-24,126,1289,1415
455,2020-08-25,110,1380,1490
455,2020-08-26,101,1334,1435
455,2020-08-27,35,1419,1454
455,2020-08-28,30,1375,1405
455,2020-08-29,121,1187,1308
455,2020-08-30,5,895,900
455,2020-08-31,56,1353,1409
455,2020-09-01,75,1433,1508
455,2020-09-02,40,1462,1502
455,2020-09-03,32,1445,1477
455,2020-09-04,35,1542,1577
455,2020-09-05,60,1282,1342
455,2020-09-06,83,1054,1137
455,2020-09-07,35,1548,1583
455,2020-09-08,29,1692,1721
455,2020-09-09,35,1668,1703
455,2020-09-10,67,1585,1652
455,2020-09-11,27,1779,1806
455,2020-09-13,90,3612,3702
455,2020-09-14,50,1643,1693
455,2020-09-15,35,1582,1617
455,2020-09-16,38,1435,1473
455,2020-09-17,40,1559,1599
455,2020-09-18,50,1662,1712
455,2020-09-19,37,1341,1378
455,2020-09-20,11,1066,1077
455,2020-09-21,44,1466,1510
455,2020-09-22,36,1556,1592
455,2020-09-23,79,1469,1548
455,2020-09-24,59,1399,1458
455,2020-09-25,26,1466,1492
455,2020-09-26,10,1165,1175
455,2020-09-27,5,767,772
455,2020-09-28,58,1343,1401
455,2020-09-29,32,1415,1447
455,2020-09-30,27,1462,1489
455,2020-10-01,30,1469,1499
455,2020-10-02,30,1505,1535
455,2020-10-03,7,1214,1221
455,2020-10-04,10,881,891
455,2020-10-05,43,1317,1360
455,2020-10-06,42,1431,1473
455,2020-10-07,34,1393,1427
455,2020-10-08,32,1369,1401
455,2020-10-09,38,1415,1453
455,2020-10-10,23,1292,1315
455,2020-10-11,5,870,875
455,2020-10-12,46,1320,1366
455,2020-10-13,32,1441,1473
455,2020-10-14,44,1381,1425
455,2020-10-15,39,1354,1393
455,2020-10-16,38,1446,1484
455,2020-10-17,60,1271,1331
455,2020-10-18,8,898,906
455,2020-10-19,50,1423,1473
455,2020-10-20,46,1377,1423
455,2020-10-21,50,1409,1459
455,2020-10-22,36,1379,1415
455,2020-10-23,30,1328,1358
455,2020-10-24,12,1072,1084
455,2020-10-25,9,682,691
455,2020-10-26,40,1256,1296
455,2020-10-27,39,1318,1357
455,2020-10-28,32,1360,1392
455,2020-10-29,39,1305,1344
455,2020-10-30,30,1304,1334
455,2020-11-01,2,574,576
455,2020-11-02,36,1233,1269
455,2020-11-03,27,1243,1270
455,2020-11-04,40,1291,1331
455,2020-11-05,46,1283,1329
455,2020-11-06,68,1309,1377
455,2020-11-07,38,1121,1159
455,2020-11-08,13,756,769
455,2020-11-09,46,1315,1361
455,2020-11-10,53,1324,1377
455,2020-11-11,43,1253,1296
455,2020-11-12,66,1230,1296
455,2020-11-13,76,1349,1425
455,2020-11-14,31,1251,1282
455,2020-11-15,4,813,817
455,2020-11-16,42,1304,1346
455,2020-11-17,35,1352,1387
455,2020-11-18,34,1393,1427
455,2020-11-19,36,1236,1272
455,2020-11-20,27,1466,1493
455,2020-11-21,30,1285,1315
455,2020-11-22,10,741,751
455,2020-11-23,50,1291,1341
455,2020-11-24,26,1413,1439
455,2020-11-25,40,1522,1562
455,2020-11-26,45,1406,1451
455,2020-11-27,36,1521,1557
455,2020-11-28,18,1215,1233
455,2020-11-29,6,771,777
455,2020-11-30,43,1309,1352
455,2020-12-02,36,1387,1423
455,2020-12-03,28,1283,1311
455,2020-12-04,31,1520,1551
455,2020-12-05,21,1240,1261
455,2020-12-06,11,766,777
455,2020-12-07,39,1393,1432
455,2020-12-08,47,1314,1361
455,2020-12-09,39,1517,1556
455,2020-12-10,54,1368,1422
455,2020-12-11,34,1461,1495
455,2020-12-12,28,1070,1098
455,2020-12-13,11,724,735
455,2020-12-14,44,1424,1468
455,2020-12-15,41,1446,1487
455,2020-12-16,44,1461,1505
455,2020-12-17,49,1540,1589
455,2020-12-18,31,1613,1644
455,2020-12-19,20,1150,1170
455,2020-12-20,10,725,735
455,2020-12-21,12,1320,1332
455,2020-12-22,20,1359,1379
455,2020-12-23,14,1370,1384
455,2020-12-24,12,1243,1255
455,2020-12-25,6,651,657
455,2020-12-26,15,593,608
455,2020-12-27,9,490,499
455,2020-12-28,19,985,1004
455,2020-12-29,14,980,994
455,2020-12-30,19,1139,1158
455,2020-12-31,20,906,926
456,2020-01-01,105,1164,1269
456,2020-01-02,240,1884,2124
456,2020-01-03,237,2031,2268
456,2020-01-04,180,1841,2021
456,2020-01-05,99,1442,1541
456,2020-01-06,289,2591,2880
456,2020-01-07,284,2788,3072
456,2020-01-08,283,2765,3048
456,2020-01-09,283,2766,3049
456,2020-01-10,284,2730,3014
456,2020-01-11,184,2319,2503
456,2020-01-12,99,1468,1567
456,2020-01-13,310,2774,3084
456,2020-01-14,317,2928,3245
456,2020-01-15,334,2969,3303
456,2020-01-16,318,3022,3340
456,2020-01-17,320,2875,3195
456,2020-01-18,186,2364,2550
456,2020-01-19,103,1474,1577
456,2020-01-20,334,2862,3196
456,2020-01-21,337,3150,3487
456,2020-01-22,387,2819,3206
456,2020-01-23,364,3008,3372
456,2020-01-24,384,2987,3371
456,2020-01-25,178,2143,2321
456,2020-01-26,96,1549,1645
456,2020-01-27,308,2576,2884
456,2020-01-28,342,2932,3274
456,2020-01-29,364,2940,3304
456,2020-01-30,352,3098,3450
456,2020-01-31,323,2986,3309
456,2020-02-01,186,2194,2380
456,2020-02-02,100,1674,1774
456,2020-02-03,336,2841,3177
456,2020-02-04,341,3224,3565
456,2020-02-05,357,2959,3316
456,2020-02-06,367,3104,3471
456,2020-02-07,353,3133,3486
456,2020-02-08,186,2607,2793
456,2020-02-09,97,1500,1597
456,2020-02-10,328,2552,2880
456,2020-02-11,313,3192,3505
456,2020-02-12,320,2976,3296
456,2020-02-13,331,3071,3402
456,2020-02-14,332,3204,3536
456,2020-02-15,189,2102,2291
456,2020-02-16,99,1242,1341
456,2020-02-17,271,2155,2426
456,2020-02-18,286,2357,2643
456,2020-02-19,297,2345,2642
456,2020-02-20,292,2312,2604
456,2020-02-21,286,2411,2697
456,2020-02-22,201,2105,2306
456,2020-02-23,104,1298,1402
456,2020-02-24,330,2789,3119
456,2020-02-25,319,3017,3336
456,2020-02-26,346,3071,3417
456,2020-02-27,300,2673,2973
456,2020-02-28,320,3109,3429
456,2020-02-29,182,2333,2515
456,2020-03-01,96,1516,1612
456,2020-03-02,310,2801,3111
456,2020-03-03,314,3038,3352
456,2020-03-04,348,2869,3217
456,2020-03-05,339,2982,3321
456,2020-03-06,349,3092,3441
456,2020-03-07,182,2572,2754
456,2020-03-08,100,1590,1690
456,2020-03-09,315,2768,3083
456,2020-03-10,316,2955,3271
456,2020-03-11,331,2831,3162
456,2020-03-12,334,2838,3172
456,2020-03-13,344,3022,3366
456,2020-03-14,206,2002,2208
456,2020-03-15,98,1435,1533
456,2020-03-16,289,1991,2280
456,2020-03-17,274,1930,2204
456,2020-03-18,276,1498,1774
456,2020-03-19,350,1416,1766
456,2020-03-20,351,1343,1694
456,2020-03-21,214,769,983
456,2020-03-22,89,651,740
456,2020-03-23,170,1105,1275
456,2020-03-24,182,1117,1299
456,2020-03-25,183,1131,1314
456,2020-03-26,179,1033,1212
456,2020-03-27,181,1284,1465
456,2020-03-28,158,1317,1475
456,2020-03-30,171,1108,1279
456,2020-03-31,177,1192,1369
456,2020-04-01,179,1175,1354
456,2020-04-02,179,1277,1456
456,2020-04-03,212,1268,1480
456,2020-04-04,74,1296,1370
456,2020-04-05,55,1025,1080
456,2020-04-06,154,1375,1529
456,2020-04-07,183,1474,1657
456,2020-04-08,181,1527,1708
456,2020-04-09,159,1539,1698
456,2020-04-10,160,1749,1909
456,2020-04-11,67,1746,1813
456,2020-04-12,50,959,1009
456,2020-04-13,49,748,797
456,2020-04-14,155,1416,1571
456,2020-04-15,179,1533,1712
456,2020-04-16,171,1641,1812
456,2020-04-17,180,1873,2053
456,2020-04-18,76,1508,1584
456,2020-04-19,50,1073,1123
456,2020-04-20,237,1710,1947
456,2020-04-21,232,2133,2365
456,2020-04-22,255,1919,2174
456,2020-04-23,273,2015,2288
456,2020-04-24,254,2240,2494
456,2020-04-25,119,2054,2173
456,2020-04-26,54,1248,1302
456,2020-04-27,211,1918,2129
456,2020-04-28,213,1890,2103
456,2020-04-29,218,1925,2143
456,2020-05-01,55,792,847
456,2020-05-02,71,1912,1983
456,2020-05-03,52,1176,1228
456,2020-05-04,269,2008,2277
456,2020-05-05,265,2468,2733
456,2020-05-06,262,2411,2673
456,2020-05-07,292,2461,2753
456,2020-05-08,275,2833,3108
456,2020-05-09,57,1307,1364
456,2020-05-10,53,1208,1261
456,2020-05-11,282,2084,2366
456,2020-05-12,265,2628,2893
456,2020-05-13,289,2531,2820
456,2020-05-14,280,2623,2903
456,2020-05-15,249,2884,3133
456,2020-05-16,178,2682,2860
456,2020-05-17,56,1731,1787
456,2020-05-18,281,2475,2756
456,2020-05-19,301,2793,3094
456,2020-05-20,274,2924,3198
456,2020-05-21,55,1626,1681
456,2020-05-22,273,3050,3323
456,2020-05-23,192,2030,2222
456,2020-05-24,55,1563,1618
456,2020-05-25,309,2930,3239
456,2020-05-26,332,3089,3421
456,2020-05-27,335,3108,3443
456,2020-05-28,333,3084,3417
456,2020-05-29,317,3287,3604
456,2020-05-30,201,2755,2956
456,2020-05-31,98,1722,1820
456,2020-06-01,106,1690,1796
456,2020-06-02,279,2874,3153
456,2020-06-03,300,2830,3130
456,2020-06-04,289,2580,2869
456,2020-06-05,294,2710,3004
456,2020-06-06,191,2202,2393
456,2020-06-07,93,1639,1732
456,2020-06-08,306,2814,3120
456,2020-06-09,306,3028,3334
456,2020-06-10,310,2987,3297
456,2020-06-11,311,2969,3280
456,2020-06-12,316,3359,3675
456,2020-06-13,188,2877,3065
456,2020-06-14,96,1827,1923
456,2020-06-15,324,2846,3170
456,2020-06-16,326,2996,3322
456,2020-06-17,319,2728,3047
456,2020-06-18,317,3043,3360
456,2020-06-19,325,3038,3363
456,2020-06-20,181,2466,2647
456,2020-06-21,97,1701,1798
456,2020-06-22,275,2913,3188
456,2020-06-23,102,1500,1602
456,2020-06-24,311,3086,3397
456,2020-06-25,319,3074,3393
456,2020-06-26,317,2948,3265
456,2020-06-27,192,2257,2449
456,2020-06-28,96,1582,1678
456,2020-06-29,297,2788,3085
456,2020-06-30,344,2988,3332
456,2020-07-01,302,3006,3308
456,2020-07-02,293,3054,3347
456,2020-07-03,280,3247,3527
456,2020-07-04,190,2514,2704
456,2020-07-05,100,1528,1628
456,2020-07-06,314,2814,3128
456,2020-07-07,308,3167,3475
456,2020-07-08,316,3468,3784
456,2020-07-09,325,3288,3613
456,2020-07-10,325,3132,3457
456,2020-07-11,186,2496,2682
456,2020-07-12,93,1777,1870
456,2020-07-13,350,3055,3405
456,2020-07-14,323,2996,3319
456,2020-07-15,323,3095,3418
456,2020-07-16,326,2707,3033
456,2020-07-17,261,2869,3130
456,2020-07-18,200,2337,2537
456,2020-07-19,93,1624,1717
456,2020-07-20,284,2685,2969
456,2020-07-21,295,2893,3188
456,2020-07-22,321,2813,3134
456,2020-07-23,295,2947,3242
456,2020-07-24,294,2753,3047
456,2020-07-25,224,2223,2447
456,2020-07-26,94,1592,1686
456,2020-07-27,325,2720,3045
456,2020-07-28,312,2789,3101
456,2020-07-29,313,2724,3037
456,2020-07-30,261,2766,3027
456,2020-07-31,246,2616,2862
456,2020-08-01,188,2046,2234
456,2020-08-02,100,1638,1738
456,2020-08-03,239,2411,2650
456,2020-08-04,259,2540,2799
456,2020-08-05,249,2449,2698
456,2020-08-06,261,2416,2677
456,2020-08-07,247,2582,2829
456,2020-08-08,185,1872,2057
456,2020-08-09,100,1314,1414
456,2020-08-10,239,2185,2424
456,2020-08-11,255,2207,2462
456,2020-08-12,237,2238,2475
456,2020-08-13,247,2425,2672
456,2020-08-14,250,2537,2787
456,2020-08-15,99,1456,1555
456,2020-08-16,102,1454,1556
456,2020-08-17,245,2283,2528
456,2020-08-18,235,2294,2529
456,2020-08-19,252,2417,2669
456,2020-08-20,263,2263,2526
456,2020-08-21,240,2457,2697
456,2020-08-22,185,2014,2199
456,2020-08-23,97,1490,1587
456,2020-08-24,323,2391,2714
456,2020-08-25,287,2542,2829
456,2020-08-26,273,2479,2752
456,2020-08-27,274,2648,2922
456,2020-08-28,273,2509,2782
456,2020-08-29,194,2083,2277
456,2020-08-30,95,1611,1706
456,2020-08-31,280,2542,2822
456,2020-09-01,306,2507,2813
456,2020-09-02,268,2644,2912
456,2020-09-03,298,2553,2851
456,2020-09-04,289,2675,2964
456,2020-09-05,221,2152,2373
456,2020-09-06,97,1728,1825
456,2020-09-07,247,2448,2695
456,2020-09-08,278,2500,2778
456,2020-09-09,279,2530,2809
456,2020-09-10,303,2642,2945
456,2020-09-11,262,2717,2979
456,2020-09-12,247,4897,5144
456,2020-09-13,126,3518,3644
456,2020-09-14,289,2674,2963
456,2020-09-15,288,3160,3448
456,2020-09-16,297,2959,3256
456,2020-09-17,319,3119,3438
456,2020-09-18,335,3289,3624
456,2020-09-19,199,2502,2701
456,2020-09-20,95,1887,1982
456,2020-09-21,328,2927,3255
456,2020-09-22,317,3247,3564
456,2020-09-23,338,2999,3337
456,2020-09-24,404,3090,3494
456,2020-09-25,319,3098,3417
456,2020-09-26,188,2344,2532
456,2020-09-27,96,1457,1553
456,2020-09-28,374,2734,3108
456,2020-09-29,327,2946,3273
456,2020-09-30,319,3034,3353
456,2020-10-01,217,6219,6436
456,2020-10-02,219,6430,6649
456,2020-10-03,158,5408,5566
456,2020-10-04,44,4105,4149
456,2020-10-05,207,5931,6138
456,2020-10-06,245,5981,6226
456,2020-10-07,264,6322,6586
456,2020-10-08,245,6257,6502
456,2020-10-09,227,6188,6415
456,2020-10-10,154,5398,5552
456,2020-10-11,48,4207,4255
456,2020-10-12,233,5824,6057
456,2020-10-13,309,5943,6252
456,2020-10-14,211,5864,6075
456,2020-10-15,242,6122,6364
456,2020-10-16,270,6407,6677
456,2020-10-17,184,5183,5367
456,2020-10-18,47,4082,4129
456,2020-10-19,229,5974,6203
456,2020-10-20,275,7454,7729
456,2020-10-21,208,6354,6562
456,2020-10-22,223,6089,6312
456,2020-10-23,208,6171,6379
456,2020-10-24,172,5378,5550
456,2020-10-25,51,3485,3536
456,2020-10-26,239,5457,5696
456,2020-10-27,227,5606,5833
456,2020-10-28,225,5695,5920
456,2020-10-29,227,6121,6348
456,2020-10-30,192,5985,6177
456,2020-11-01,42,3089,3131
456,2020-11-02,265,4444,4709
456,2020-11-03,211,4620,4831
456,2020-11-04,230,4812,5042
456,2020-11-05,254,4939,5193
456,2020-11-06,297,5346,5643
456,2020-11-07,179,4644,4823
456,2020-11-08,53,3251,3304
456,2020-11-09,189,4937,5126
456,2020-11-10,237,5165,5402
456,2020-11-11,169,4838,5007
456,2020-11-12,202,5120,5322
456,2020-11-13,212,6044,6256
456,2020-11-14,114,5148,5262
456,2020-11-15,41,3449,3490
456,2020-11-16,169,5262,5431
456,2020-11-17,197,5295,5492
456,2020-11-18,218,5619,5837
456,2020-11-19,192,5581,5773
456,2020-11-20,225,5934,6159
456,2020-11-21,200,4665,4865
456,2020-11-22,66,3320,3386
456,2020-11-23,268,5238,5506
456,2020-11-24,364,5681,6045
456,2020-11-25,314,5902,6216
456,2020-11-26,354,5336,5690
456,2020-11-27,270,5875,6145
456,2020-11-28,117,4485,4602
456,2020-11-29,53,3135,3188
456,2020-11-30,277,5009,5286
456,2020-12-01,331,2710,3041
456,2020-12-02,343,2878,3221
456,2020-12-03,339,2642,2981
456,2020-12-04,324,3056,3380
456,2020-12-05,187,2263,2450
456,2020-12-06,97,1142,1239
456,2020-12-07,331,2686,3017
456,2020-12-08,313,2694,3007
456,2020-12-09,341,2785,3126
456,2020-12-10,347,2809,3156
456,2020-12-11,308,2841,3149
456,2020-12-12,205,2438,2643
456,2020-12-13,97,1215,1312
456,2020-12-14,344,2724,3068
456,2020-12-15,340,2864,3204
456,2020-12-16,383,2953,3336
456,2020-12-17,347,2900,3247
456,2020-12-18,322,3158,3480
456,2020-12-19,199,2116,2315
456,2020-12-20,100,1201,1301
456,2020-12-21,268,2249,2517
456,2020-12-22,254,2387,2641
456,2020-12-23,252,2444,2696
456,2020-12-24,228,2273,2501
456,2020-12-25,86,974,1060
456,2020-12-26,98,928,1026
456,2020-12-27,100,782,882
456,2020-12-28,251,1592,1843
456,2020-12-29,237,1828,2065
456,2020-12-30,251,1970,2221
456,2020-12-31,238,1662,1900
457,2020-01-01,69,1644,1713
457,2020-01-02,164,2805,2969
457,2020-01-03,153,3129,3282
457,2020-01-04,121,2923,3044
457,2020-01-05,59,2371,2430
457,2020-01-06,183,4028,4211
457,2020-01-07,187,4141,4328
457,2020-01-08,167,4156,4323
457,2020-01-09,166,4274,4440
457,2020-01-10,177,4356,4533
457,2020-01-11,123,3645,3768
457,2020-01-12,59,2454,2513
457,2020-01-13,179,4194,4373
457,2020-01-14,183,4418,4601
457,2020-01-15,180,4191,4371
457,2020-01-16,190,4559,4749
457,2020-01-17,184,4546,4730
457,2020-01-18,117,3616,3733
457,2020-01-19,61,2732,2793
457,2020-01-20,203,4158,4361
457,2020-01-21,187,4386,4573
457,2020-01-22,185,4246,4431
457,2020-01-23,208,4401,4609
457,2020-01-24,182,4510,4692
457,2020-01-25,117,3581,3698
457,2020-01-26,56,2658,2714
457,2020-01-27,176,4139,4315
457,2020-01-28,183,4356,4539
457,2020-01-29,179,4266,4445
457,2020-01-30,190,4414,4604
457,2020-01-31,168,4583,4751
457,2020-02-01,115,3620,3735
457,2020-02-02,61,2682,2743
457,2020-02-03,196,4172,4368
457,2020-02-04,130,2969,3099
457,2020-02-05,204,4225,4429
457,2020-02-06,174,4484,4658
457,2020-02-07,198,4638,4836
457,2020-02-08,119,3819,3938
457,2020-02-09,57,2444,2501
457,2020-02-10,174,3576,3750
457,2020-02-11,182,4431,4613
457,2020-02-12,181,4342,4523
457,2020-02-13,179,4424,4603
457,2020-02-14,179,4585,4764
457,2020-02-15,116,3097,3213
457,2020-02-16,55,2227,2282
457,2020-02-17,183,3295,3478
457,2020-02-18,162,3500,3662
457,2020-02-19,151,3571,3722
457,2020-02-20,160,3582,3742
457,2020-02-21,160,3646,3806
457,2020-02-22,139,3200,3339
457,2020-02-23,56,2277,2333
457,2020-02-24,167,4211,4378
457,2020-02-25,173,4384,4557
457,2020-02-26,191,4457,4648
457,2020-02-27,107,2175,2282
457,2020-02-28,181,4677,4858
457,2020-02-29,116,3828,3944
457,2020-03-01,60,2765,2825
457,2020-03-02,173,4183,4356
457,2020-03-03,188,4346,4534
457,2020-03-04,198,4315,4513
457,2020-03-05,180,4204,4384
457,2020-03-06,184,4542,4726
457,2020-03-07,111,3880,3991
457,2020-03-08,68,2722,2790
457,2020-03-09,210,4082,4292
457,2020-03-10,187,4428,4615
457,2020-03-11,200,4267,4467
457,2020-03-12,209,4403,4612
457,2020-03-13,213,4503,4716
457,2020-03-14,111,2914,3025
457,2020-03-15,59,2200,2259
457,2020-03-16,173,3033,3206
457,2020-03-17,161,2823,2984
457,2020-03-18,132,2382,2514
457,2020-03-19,144,1899,2043
457,2020-03-20,148,2010,2158
457,2020-03-21,112,1140,1252
457,2020-03-22,52,920,972
457,2020-03-23,95,1556,1651
457,2020-03-24,95,1544,1639
457,2020-03-25,91,1614,1705
457,2020-03-26,96,1642,1738
457,2020-03-27,86,1899,1985
457,2020-03-28,80,1530,1610
457,2020-03-30,96,1616,1712
457,2020-03-31,91,1662,1753
457,2020-04-01,91,1701,1792
457,2020-04-02,94,1706,1800
457,2020-04-03,93,1951,2044
457,2020-04-04,19,1498,1517
457,2020-04-05,0,935,935
457,2020-04-06,103,1793,1896
457,2020-04-07,91,1925,2016
457,2020-04-08,93,1964,2057
457,2020-04-09,98,1967,2065
457,2020-04-10,86,2294,2380
457,2020-04-11,8,1709,1717
457,2020-04-12,0,867,867
457,2020-04-13,3,791,794
457,2020-04-14,90,1959,2049
457,2020-04-15,98,2030,2128
457,2020-04-16,102,2157,2259
457,2020-04-17,94,2429,2523
457,2020-04-18,10,1938,1948
457,2020-04-19,0,1224,1224
457,2020-04-20,116,2405,2521
457,2020-04-21,103,2445,2548
457,2020-04-22,116,2614,2730
457,2020-04-23,110,2638,2748
457,2020-04-24,96,3008,3104
457,2020-04-25,40,2268,2308
457,2020-04-26,2,1357,1359
457,2020-04-27,101,2713,2814
457,2020-04-28,97,2616,2713
457,2020-04-29,104,2757,2861
457,2020-05-02,44,2506,2550
457,2020-05-03,5,1356,1361
457,2020-05-04,164,2906,3070
457,2020-05-05,161,2910,3071
457,2020-05-06,178,3913,4091
457,2020-05-07,180,4050,4230
457,2020-05-08,186,4501,4687
457,2020-05-09,20,1765,1785
457,2020-05-10,2,1656,1658
457,2020-05-11,174,3187,3361
457,2020-05-12,165,3883,4048
457,2020-05-13,155,3412,3567
457,2020-05-14,191,3438,3629
457,2020-05-15,158,3753,3911
457,2020-05-16,114,3235,3349
457,2020-05-17,5,2206,2211
457,2020-05-18,153,3393,3546
457,2020-05-19,159,3729,3888
457,2020-05-20,183,3938,4121
457,2020-05-21,6,2019,2025
457,2020-05-22,158,3794,3952
457,2020-05-23,105,2853,2958
457,2020-05-24,7,1964,1971
457,2020-05-25,188,3475,3663
457,2020-05-26,196,3956,4152
457,2020-05-27,193,4000,4193
457,2020-05-28,194,4019,4213
457,2020-05-29,211,4436,4647
457,2020-05-30,114,3477,3591
457,2020-05-31,57,2329,2386
457,2020-06-01,58,2132,2190
457,2020-06-02,192,3786,3978
457,2020-06-03,193,3879,4072
457,2020-06-04,175,3734,3909
457,2020-06-05,165,4003,4168
457,2020-06-06,115,3168,3283
457,2020-06-07,57,2311,2368
457,2020-06-08,232,4667,4899
457,2020-06-09,248,4900,5148
457,2020-06-10,198,4201,4399
457,2020-06-11,174,4108,4282
457,2020-06-13,134,3490,3624
457,2020-06-14,54,2521,2575
457,2020-06-15,204,3835,4039
457,2020-06-16,193,4001,4194
457,2020-06-17,191,3961,4152
457,2020-06-18,209,4153,4362
457,2020-06-19,199,4386,4585
457,2020-06-20,118,3276,3394
457,2020-06-21,61,2183,2244
457,2020-06-22,191,3837,4028
457,2020-06-23,65,2129,2194
457,2020-06-24,202,3949,4151
457,2020-06-25,220,4134,4354
457,2020-06-26,206,4287,4493
457,2020-06-27,120,3375,3495
457,2020-06-28,57,2228,2285
457,2020-06-29,204,3864,4068
457,2020-06-30,231,4008,4239
457,2020-07-01,212,4042,4254
457,2020-07-02,194,4246,4440
457,2020-07-03,191,4259,4450
457,2020-07-04,118,3869,3987
457,2020-07-05,57,2370,2427
457,2020-07-06,183,3917,4100
457,2020-07-07,189,3917,4106
457,2020-07-08,182,4270,4452
457,2020-07-09,179,4342,4521
457,2020-07-10,180,4294,4474
457,2020-07-11,126,3317,3443
457,2020-07-12,61,2386,2447
457,2020-07-13,189,3950,4139
457,2020-07-14,191,3964,4155
457,2020-07-15,172,4029,4201
457,2020-07-16,209,4202,4411
457,2020-07-17,175,4500,4675
457,2020-07-18,126,3662,3788
457,2020-07-19,58,3822,3880
457,2020-07-20,168,3742,3910
457,2020-07-21,177,3882,4059
457,2020-07-22,182,3886,4068
457,2020-07-23,175,3814,3989
457,2020-07-24,179,4019,4198
457,2020-07-25,119,3014,3133
457,2020-07-26,55,2149,2204
457,2020-07-27,173,3515,3688
457,2020-07-28,177,3705,3882
457,2020-07-29,171,3682,3853
457,2020-07-30,189,3710,3899
457,2020-07-31,157,3745,3902
457,2020-08-01,112,2829,2941
457,2020-08-02,55,2080,2135
457,2020-08-03,148,3094,3242
457,2020-08-04,160,3419,3579
457,2020-08-05,154,3450,3604
457,2020-08-06,157,3358,3515
457,2020-08-07,138,3352,3490
457,2020-08-08,110,2637,2747
457,2020-08-09,58,1930,1988
457,2020-08-10,151,3030,3181
457,2020-08-11,146,3130,3276
457,2020-08-12,145,3261,3406
457,2020-08-13,147,3343,3490
457,2020-08-14,150,3533,3683
457,2020-08-15,64,1886,1950
457,2020-08-16,54,2035,2089
457,2020-08-17,147,3165,3312
457,2020-08-18,145,3181,3326
457,2020-08-19,154,3159,3313
457,2020-08-20,168,3147,3315
457,2020-08-21,154,3477,3631
457,2020-08-22,120,2752,2872
457,2020-08-23,61,2038,2099
457,2020-08-24,187,3300,3487
457,2020-08-25,229,3531,3760
457,2020-08-26,216,3447,3663
457,2020-08-27,174,3486,3660
457,2020-08-28,169,3542,3711
457,2020-08-29,206,2841,3047
457,2020-08-30,58,2091,2149
457,2020-08-31,182,3262,3444
457,2020-09-01,176,3376,3552
457,2020-09-02,162,3407,3569
457,2020-09-03,181,3498,3679
457,2020-09-04,209,3719,3928
457,2020-09-05,255,2792,3047
457,2020-09-06,126,2281,2407
457,2020-09-07,168,3657,3825
457,2020-09-08,195,4009,4204
457,2020-09-09,183,3923,4106
457,2020-09-10,199,3919,4118
457,2020-09-11,174,4107,4281
457,2020-09-12,168,3908,4076
457,2020-09-13,99,3013,3112
457,2020-09-14,179,3824,4003
457,2020-09-15,191,4120,4311
457,2020-09-16,208,4004,4212
457,2020-09-17,202,4325,4527
457,2020-09-18,199,4434,4633
457,2020-09-19,126,3582,3708
457,2020-09-20,66,2643,2709
457,2020-09-21,180,4018,4198
457,2020-09-22,186,4248,4434
457,2020-09-23,185,4235,4420
457,2020-09-24,178,4219,4397
457,2020-09-25,194,4427,4621
457,2020-09-26,126,3740,3866
457,2020-09-27,55,2416,2471
457,2020-09-28,185,3852,4037
457,2020-09-29,195,4104,4299
457,2020-09-30,191,4146,4337
457,2020-10-01,197,4320,4517
457,2020-10-02,197,4479,4676
457,2020-10-03,116,3697,3813
457,2020-10-04,76,2477,2553
457,2020-10-05,169,3867,4036
457,2020-10-06,183,4137,4320
457,2020-10-07,185,3989,4174
457,2020-10-08,197,4184,4381
457,2020-10-09,190,4305,4495
457,2020-10-10,115,3799,3914
457,2020-10-11,62,2596,2658
457,2020-10-12,186,3972,4158
457,2020-10-13,193,4005,4198
457,2020-10-14,194,4155,4349
457,2020-10-15,209,4287,4496
457,2020-10-16,186,4444,4630
457,2020-10-17,113,3486,3599
457,2020-10-18,62,2510,2572
457,2020-10-19,179,3979,4158
457,2020-10-20,208,4016,4224
457,2020-10-21,192,4093,4285
457,2020-10-22,197,4210,4407
457,2020-10-23,200,4324,4524
457,2020-10-24,121,3417,3538
457,2020-10-25,56,2173,2229
457,2020-10-26,188,3816,4004
457,2020-10-27,181,3980,4161
457,2020-10-28,194,3851,4045
457,2020-10-30,179,4352,4531
457,2020-11-01,60,1998,2058
457,2020-11-02,153,3446,3599
457,2020-11-03,170,3660,3830
457,2020-11-04,167,3820,3987
457,2020-11-05,176,3839,4015
457,2020-11-06,164,4081,4245
457,2020-11-07,132,3089,3221
457,2020-11-08,57,2149,2206
457,2020-11-09,185,3848,4033
457,2020-11-10,187,3902,4089
457,2020-11-11,176,3944,4120
457,2020-11-12,177,4064,4241
457,2020-11-13,185,4303,4488
457,2020-11-14,112,3343,3455
457,2020-11-15,59,2079,2138
457,2020-11-16,187,3767,3954
457,2020-11-17,179,4006,4185
457,2020-11-18,193,4049,4242
457,2020-11-19,213,3930,4143
457,2020-11-20,204,4356,4560
457,2020-11-21,122,3479,3601
457,2020-11-22,61,2140,2201
457,2020-11-23,195,3713,3908
457,2020-11-24,206,3851,4057
457,2020-11-25,194,4127,4321
457,2020-11-26,199,3945,4144
457,2020-11-27,200,4150,4350
457,2020-11-28,120,3358,3478
457,2020-11-29,59,2073,2132
457,2020-11-30,213,3697,3910
457,2020-12-02,204,3917,4121
457,2020-12-03,190,3949,4139
457,2020-12-04,180,4249,4429
457,2020-12-05,130,3273,3403
457,2020-12-06,58,2031,2089
457,2020-12-07,189,3696,3885
457,2020-12-08,194,3800,3994
457,2020-12-09,204,3830,4034
457,2020-12-10,195,3925,4120
457,2020-12-11,184,4064,4248
457,2020-12-12,126,2965,3091
457,2020-12-13,63,1978,2041
457,2020-12-14,232,3715,3947
457,2020-12-15,219,3807,4026
457,2020-12-16,232,5035,5267
457,2020-12-17,226,4352,4578
457,2020-12-18,205,4377,4582
457,2020-12-20,63,2049,2112
457,2020-12-21,172,3489,3661
457,2020-12-22,162,3595,3757
457,2020-12-23,154,3759,3913
457,2020-12-24,152,3108,3260
457,2020-12-25,59,1381,1440
457,2020-12-26,62,1431,1493
457,2020-12-27,66,1435,1501
457,2020-12-28,153,2439,2592
457,2020-12-29,161,2589,2750
457,2020-12-30,159,2882,3041
458,2020-01-01,2,1844,1846
458,2020-01-02,8,3367,3375
458,2020-01-03,18,3739,3757
458,2020-01-04,9,2855,2864
458,2020-01-05,NA,2401,NA
458,2020-01-06,21,5111,5132
458,2020-01-07,13,5742,5755
458,2020-01-08,25,5577,5602
458,2020-01-09,16,5652,5668
458,2020-01-10,15,5591,5606
458,2020-01-11,10,3624,3634
458,2020-01-12,2,2570,2572
458,2020-01-13,25,5525,5550
458,2020-01-14,21,6111,6132
458,2020-01-15,23,5932,5955
458,2020-01-16,24,6139,6163
458,2020-01-17,24,5888,5912
458,2020-01-18,19,3940,3959
458,2020-01-19,NA,2575,NA
458,2020-01-20,32,5624,5656
458,2020-01-21,35,6130,6165
458,2020-01-22,21,6027,6048
458,2020-01-23,34,6053,6087
458,2020-01-24,34,5948,5982
458,2020-01-25,18,3795,3813
458,2020-01-26,2,2671,2673
458,2020-01-27,25,5679,5704
458,2020-01-28,32,5942,5974
458,2020-01-29,31,6226,6257
458,2020-01-30,30,6244,6274
458,2020-01-31,32,5909,5941
458,2020-02-01,6,3933,3939
458,2020-02-02,4,2680,2684
458,2020-02-03,27,5688,5715
458,2020-02-04,20,6056,6076
458,2020-02-05,34,6094,6128
458,2020-02-07,24,6237,6261
458,2020-02-08,10,4114,4124
458,2020-02-09,NA,2029,NA
458,2020-02-10,24,4404,4428
458,2020-02-11,32,6394,6426
458,2020-02-12,28,5971,5999
458,2020-02-13,20,5903,5923
458,2020-02-14,28,6011,6039
458,2020-02-15,7,3472,3479
458,2020-02-16,2,2259,2261
458,2020-02-17,29,4580,4609
458,2020-02-18,33,4675,4708
458,2020-02-19,29,4847,4876
458,2020-02-20,29,4913,4942
458,2020-02-21,25,4990,5015
458,2020-02-22,7,3332,3339
458,2020-02-23,4,2489,2493
458,2020-02-24,22,5300,5322
458,2020-02-25,27,5837,5864
458,2020-02-26,27,6086,6113
458,2020-02-27,26,4746,4772
458,2020-02-28,31,5771,5802
458,2020-02-29,5,4107,4112
458,2020-03-01,2,2724,2726
458,2020-03-02,19,5759,5778
458,2020-03-03,29,5990,6019
458,2020-03-04,28,6129,6157
458,2020-03-05,18,5976,5994
458,2020-03-06,29,6200,6229
458,2020-03-07,6,4091,4097
458,2020-03-08,3,2851,2854
458,2020-03-09,34,5611,5645
458,2020-03-10,27,6265,6292
458,2020-03-11,29,6121,6150
458,2020-03-12,34,6107,6141
458,2020-03-13,32,5374,5406
458,2020-03-14,11,2913,2924
458,2020-03-15,2,2290,2292
458,2020-03-16,26,3799,3825
458,2020-03-17,31,3412,3443
458,2020-03-18,29,2814,2843
458,2020-03-19,24,2397,2421
458,2020-03-20,14,2169,2183
458,2020-03-21,2,1002,1004
458,2020-03-22,NA,883,NA
458,2020-03-23,7,1639,1646
458,2020-03-24,10,1661,1671
458,2020-03-25,4,1645,1649
458,2020-03-26,9,1788,1797
458,2020-03-27,7,1814,1821
458,2020-03-28,4,1460,1464
458,2020-03-30,10,1898,1908
458,2020-03-31,11,2006,2017
458,2020-04-01,14,2108,2122
458,2020-04-02,15,2177,2192
458,2020-04-03,18,2169,2187
458,2020-04-04,3,1375,1378
458,2020-04-05,0,1032,1032
458,2020-04-06,7,1922,1929
458,2020-04-07,13,2043,2056
458,2020-04-08,15,1988,2003
458,2020-04-09,10,2042,2052
458,2020-04-10,4,1986,1990
458,2020-04-11,2,1674,1676
458,2020-04-12,6,954,960
458,2020-04-13,1,975,976
458,2020-04-14,8,1887,1895
458,2020-04-15,7,2143,2150
458,2020-04-16,21,2097,2118
458,2020-04-17,11,2268,2279
458,2020-04-18,4,1550,1554
458,2020-04-19,0,1264,1264
458,2020-04-20,13,2646,2659
458,2020-04-21,21,2807,2828
458,2020-04-22,19,2987,3006
458,2020-04-23,10,3065,3075
458,2020-04-24,26,3299,3325
458,2020-04-25,12,2282,2294
458,2020-04-26,3,1683,1686
458,2020-04-27,37,3370,3407
458,2020-04-28,27,3072,3099
458,2020-04-29,29,3283,3312
458,2020-04-30,14,3408,3422
458,2020-05-01,1,1332,1333
458,2020-05-02,12,2103,2115
458,2020-05-03,4,1614,1618
458,2020-05-04,30,3167,3197
458,2020-05-05,35,3486,3521
458,2020-05-06,30,3681,3711
458,2020-05-07,33,3636,3669
458,2020-05-09,0,1736,1736
458,2020-05-10,1,1519,1520
458,2020-05-11,21,3704,3725
458,2020-05-12,27,4167,4194
458,2020-05-13,30,4173,4203
458,2020-05-14,25,4434,4459
458,2020-05-15,20,4502,4522
458,2020-05-16,12,3924,3936
458,2020-05-17,7,2656,2663
458,2020-05-18,36,4383,4419
458,2020-05-19,29,4641,4670
458,2020-05-20,28,4925,4953
458,2020-05-21,1,2682,2683
458,2020-05-22,22,4373,4395
458,2020-05-23,16,3208,3224
458,2020-05-24,7,2409,2416
458,2020-05-25,38,4623,4661
458,2020-05-26,33,4899,4932
458,2020-05-27,28,5007,5035
458,2020-05-28,26,5069,5095
458,2020-05-29,29,5261,5290
458,2020-05-30,9,3657,3666
458,2020-05-31,5,2884,2889
458,2020-06-01,7,2761,2768
458,2020-06-02,26,5532,5558
458,2020-06-03,33,5755,5788
458,2020-06-04,28,5435,5463
458,2020-06-05,37,5366,5403
458,2020-06-06,13,3425,3438
458,2020-06-07,1,2600,2601
458,2020-06-08,30,4824,4854
458,2020-06-09,33,5018,5051
458,2020-06-10,15,5096,5111
458,2020-06-11,16,5224,5240
458,2020-06-12,42,5475,5517
458,2020-06-13,17,3731,3748
458,2020-06-14,2,2930,2932
458,2020-06-15,27,4826,4853
458,2020-06-16,37,5159,5196
458,2020-06-17,30,4738,4768
458,2020-06-18,28,5393,5421
458,2020-06-19,24,5437,5461
458,2020-06-20,8,3686,3694
458,2020-06-21,6,2798,2804
458,2020-06-22,17,4281,4298
458,2020-06-23,0,2863,2863
458,2020-06-24,27,5216,5243
458,2020-06-25,27,5461,5488
458,2020-06-26,36,5753,5789
458,2020-06-27,15,4136,4151
458,2020-06-28,12,2751,2763
458,2020-06-29,41,5123,5164
458,2020-06-30,40,5494,5534
458,2020-07-01,20,5547,5567
458,2020-07-02,22,5300,5322
458,2020-07-03,27,5669,5696
458,2020-07-04,13,3772,3785
458,2020-07-05,1,2523,2524
458,2020-07-06,27,5066,5093
458,2020-07-07,37,5274,5311
458,2020-07-08,43,6193,6236
458,2020-07-09,40,5999,6039
458,2020-07-10,31,5326,5357
458,2020-07-11,8,3857,3865
458,2020-07-12,5,3291,3296
458,2020-07-13,37,5220,5257
458,2020-07-14,35,5613,5648
458,2020-07-15,32,5383,5415
458,2020-07-16,27,5297,5324
458,2020-07-17,26,5251,5277
458,2020-07-18,11,3762,3773
458,2020-07-19,5,2852,2857
458,2020-07-20,37,5054,5091
458,2020-07-21,36,5160,5196
458,2020-07-22,27,5211,5238
458,2020-07-23,19,5086,5105
458,2020-07-24,33,5170,5203
458,2020-07-25,12,3300,3312
458,2020-07-26,2,2560,2562
458,2020-07-27,31,4816,4847
458,2020-07-28,27,4896,4923
458,2020-07-29,40,5068,5108
458,2020-07-30,33,4879,4912
458,2020-07-31,17,4600,4617
458,2020-08-01,6,3114,3120
458,2020-08-02,3,2606,2609
458,2020-08-03,15,4057,4072
458,2020-08-04,14,4416,4430
458,2020-08-05,21,4472,4493
458,2020-08-06,20,4294,4314
458,2020-08-07,18,4429,4447
458,2020-08-08,8,2994,3002
458,2020-08-09,2,2376,2378
458,2020-08-10,12,3871,3883
458,2020-08-11,19,4488,4507
458,2020-08-12,17,4626,4643
458,2020-08-13,11,4421,4432
458,2020-08-14,30,4316,4346
458,2020-08-15,8,2462,2470
458,2020-08-16,0,2579,2579
458,2020-08-17,20,3918,3938
458,2020-08-18,18,4009,4027
458,2020-08-19,27,4147,4174
458,2020-08-20,37,4354,4391
458,2020-08-21,16,4232,4248
458,2020-08-22,13,3061,3074
458,2020-08-23,5,2527,2532
458,2020-08-24,21,858,879
458,2020-08-25,18,854,872
458,2020-08-26,7,828,835
458,2020-08-27,3,971,974
458,2020-08-28,16,960,976
458,2020-08-29,1,736,737
458,2020-08-30,1,673,674
458,2020-08-31,13,1047,1060
458,2020-09-02,13,1118,1131
458,2020-09-03,12,1083,1095
458,2020-09-04,24,1115,1139
458,2020-09-05,1,866,867
458,2020-09-06,0,760,760
458,2020-09-07,61,1258,1319
458,2020-09-08,18,1308,1326
458,2020-09-09,14,1426,1440
458,2020-09-10,7,1533,1540
458,2020-09-11,18,2080,2098
458,2020-09-12,21,2935,2956
458,2020-09-13,3,2496,2499
458,2020-09-14,13,4217,4230
458,2020-09-15,29,4864,4893
458,2020-09-16,36,4784,4820
458,2020-09-17,28,5138,5166
458,2020-09-18,23,5862,5885
458,2020-09-19,9,3988,3997
458,2020-09-20,1,3035,3036
458,2020-09-21,28,5153,5181
458,2020-09-22,20,5471,5491
458,2020-09-23,30,5829,5859
458,2020-09-24,24,5298,5322
458,2020-09-25,24,5212,5236
458,2020-09-26,8,3923,3931
458,2020-09-27,4,2438,2442
458,2020-09-28,32,4681,4713
458,2020-09-29,31,5295,5326
458,2020-09-30,20,5497,5517
458,2020-10-01,22,6113,6135
458,2020-10-02,21,5707,5728
458,2020-10-03,6,3831,3837
458,2020-10-04,2,2628,2630
458,2020-10-05,13,4859,4872
458,2020-10-06,7,5292,5299
458,2020-10-07,20,5236,5256
458,2020-10-08,20,5407,5427
458,2020-10-09,13,5156,5169
458,2020-10-10,12,4022,4034
458,2020-10-11,1,2921,2922
458,2020-10-12,24,5010,5034
458,2020-10-13,25,5342,5367
458,2020-10-14,28,5296,5324
458,2020-10-15,23,5466,5489
458,2020-10-16,18,5379,5397
458,2020-10-17,13,4043,4056
458,2020-10-18,2,3098,3100
458,2020-10-19,26,5070,5096
458,2020-10-20,22,5533,5555
458,2020-10-21,37,5836,5873
458,2020-10-22,20,5447,5467
458,2020-10-23,24,5320,5344
458,2020-10-24,7,3743,3750
458,2020-10-25,1,2383,2384
458,2020-10-26,29,4899,4928
458,2020-10-27,19,5048,5067
458,2020-10-28,29,5047,5076
458,2020-10-29,23,5157,5180
458,2020-10-30,26,5237,5263
458,2020-11-01,0,1854,1854
458,2020-11-02,20,4491,4511
458,2020-11-03,31,4724,4755
458,2020-11-04,30,4760,4790
458,2020-11-05,22,4841,4863
458,2020-11-06,25,4878,4903
458,2020-11-07,15,3634,3649
458,2020-11-08,0,2565,2565
458,2020-11-09,28,4668,4696
458,2020-11-10,24,5298,5322
458,2020-11-11,27,5075,5102
458,2020-11-12,12,4990,5002
458,2020-11-13,26,5177,5203
458,2020-11-14,9,3690,3699
458,2020-11-15,7,3433,3440
458,2020-11-16,20,4570,4590
458,2020-11-17,21,5151,5172
458,2020-11-18,22,5260,5282
458,2020-11-19,21,5120,5141
458,2020-11-20,29,5387,5416
458,2020-11-21,24,5383,5407
458,2020-11-22,6,3702,3708
458,2020-11-23,12,4767,4779
458,2020-11-24,32,4997,5029
458,2020-11-25,31,5209,5240
458,2020-11-26,18,4876,4894
458,2020-11-27,25,4973,4998
458,2020-11-28,13,3426,3439
458,2020-11-29,4,2240,2244
458,2020-11-30,33,4361,4394
458,2020-12-01,23,4507,4530
458,2020-12-02,15,4636,4651
458,2020-12-03,23,4697,4720
458,2020-12-04,20,4764,4784
458,2020-12-05,11,3251,3262
458,2020-12-06,2,2034,2036
458,2020-12-07,27,4452,4479
458,2020-12-08,27,4342,4369
458,2020-12-09,30,4531,4561
458,2020-12-10,24,4713,4737
458,2020-12-11,31,4711,4742
458,2020-12-12,3,3093,3096
458,2020-12-13,2,2148,2150
458,2020-12-14,35,4495,4530
458,2020-12-15,12,4805,4817
458,2020-12-16,37,4698,4735
458,2020-12-17,28,5142,5170
458,2020-12-18,28,5003,5031
458,2020-12-19,6,3199,3205
458,2020-12-20,1,1931,1932
458,2020-12-21,12,3742,3754
458,2020-12-22,7,3851,3858
458,2020-12-23,8,3688,3696
458,2020-12-24,2,2865,2867
458,2020-12-25,4,1638,1642
458,2020-12-26,2,1703,1705
458,2020-12-27,5,1094,1099
458,2020-12-28,10,2508,2518
458,2020-12-29,11,2731,2742
458,2020-12-30,8,3034,3042
458,2020-12-31,14,2129,2143
459,2020-01-01,48,1419,1467
459,2020-01-02,219,2795,3014
459,2020-01-03,206,3156,3362
459,2020-01-04,177,2175,2352
459,2020-01-05,45,1696,1741
459,2020-01-06,356,3871,4227
459,2020-01-07,399,4127,4526
459,2020-01-08,384,4073,4457
459,2020-01-09,408,4120,4528
459,2020-01-10,385,4091,4476
459,2020-01-11,194,2630,2824
459,2020-01-12,50,1845,1895
459,2020-01-13,419,4184,4603
459,2020-01-14,424,4189,4613
459,2020-01-15,422,4206,4628
459,2020-01-16,398,4293,4691
459,2020-01-17,450,4119,4569
459,2020-01-18,170,2579,2749
459,2020-01-19,47,1810,1857
459,2020-01-20,444,4064,4508
459,2020-01-21,486,4199,4685
459,2020-01-22,453,4181,4634
459,2020-01-23,450,4225,4675
459,2020-01-24,442,4143,4585
459,2020-01-25,174,2626,2800
459,2020-01-26,46,1888,1934
459,2020-01-27,420,4189,4609
459,2020-01-28,448,4413,4861
459,2020-01-29,409,4193,4602
459,2020-01-30,409,4208,4617
459,2020-01-31,402,4303,4705
459,2020-02-01,178,2676,2854
459,2020-02-02,45,1758,1803
459,2020-02-04,450,4533,4983
459,2020-02-05,437,4268,4705
459,2020-02-06,442,4305,4747
459,2020-02-07,429,4273,4702
459,2020-02-08,193,2670,2863
459,2020-02-09,50,1874,1924
459,2020-02-10,398,3684,4082
459,2020-02-11,429,4434,4863
459,2020-02-12,436,4291,4727
459,2020-02-13,420,4245,4665
459,2020-02-14,416,4220,4636
459,2020-02-15,203,2170,2373
459,2020-02-16,44,1550,1594
459,2020-02-17,290,3473,3763
459,2020-02-18,306,3507,3813
459,2020-02-19,281,3527,3808
459,2020-02-20,319,3348,3667
459,2020-02-21,307,3405,3712
459,2020-02-22,179,2075,2254
459,2020-02-23,60,1624,1684
459,2020-02-24,409,3786,4195
459,2020-02-25,429,4038,4467
459,2020-02-26,486,4248,4734
459,2020-02-27,383,3798,4181
459,2020-02-28,447,4178,4625
459,2020-02-29,192,2810,3002
459,2020-03-01,55,2094,2149
459,2020-03-02,424,4114,4538
459,2020-03-03,440,4226,4666
459,2020-03-04,454,4236,4690
459,2020-03-05,440,4272,4712
459,2020-03-06,425,4250,4675
459,2020-03-07,184,2890,3074
459,2020-03-08,51,1887,1938
459,2020-03-09,480,4056,4536
459,2020-03-10,424,4180,4604
459,2020-03-11,437,4093,4530
459,2020-03-12,412,4235,4647
459,2020-03-13,439,4001,4440
459,2020-03-14,175,2115,2290
459,2020-03-15,31,1673,1704
459,2020-03-16,267,3015,3282
459,2020-03-17,240,2694,2934
459,2020-03-18,250,2298,2548
459,2020-03-19,227,2027,2254
459,2020-03-20,219,1958,2177
459,2020-03-21,151,1110,1261
459,2020-03-22,14,587,601
459,2020-03-23,197,1690,1887
459,2020-03-24,212,1691,1903
459,2020-03-25,205,1692,1897
459,2020-03-26,203,1737,1940
459,2020-03-27,215,1981,2196
459,2020-03-28,145,1218,1363
459,2020-03-30,201,1986,2187
459,2020-03-31,211,2057,2268
459,2020-04-01,220,2007,2227
459,2020-04-02,222,1992,2214
459,2020-04-03,209,2092,2301
459,2020-04-04,166,1211,1377
459,2020-04-05,6,802,808
459,2020-04-06,205,2020,2225
459,2020-04-07,225,2008,2233
459,2020-04-08,236,2130,2366
459,2020-04-09,224,2194,2418
459,2020-04-10,207,2180,2387
459,2020-04-11,167,1512,1679
459,2020-04-12,4,742,746
459,2020-04-13,3,709,712
459,2020-04-14,207,2181,2388
459,2020-04-15,256,2197,2453
459,2020-04-16,248,2326,2574
459,2020-04-17,220,2411,2631
459,2020-04-18,169,1515,1684
459,2020-04-19,8,901,909
459,2020-04-20,282,2599,2881
459,2020-04-21,265,2668,2933
459,2020-04-22,273,2706,2979
459,2020-04-23,323,2906,3229
459,2020-04-24,302,3001,3303
459,2020-04-25,176,1952,2128
459,2020-04-26,13,1369,1382
459,2020-04-27,339,2817,3156
459,2020-04-28,317,2700,3017
459,2020-04-29,307,2853,3160
459,2020-04-30,269,3185,3454
459,2020-05-01,9,1018,1027
459,2020-05-02,184,1885,2069
459,2020-05-03,8,1248,1256
459,2020-05-04,348,3245,3593
459,2020-05-05,332,3374,3706
459,2020-05-06,338,3444,3782
459,2020-05-07,402,3522,3924
459,2020-05-08,348,3769,4117
459,2020-05-09,34,1451,1485
459,2020-05-10,31,1465,1496
459,2020-05-11,376,3684,4060
459,2020-05-12,362,3864,4226
459,2020-05-13,376,3928,4304
459,2020-05-14,404,3998,4402
459,2020-05-15,420,4121,4541
459,2020-05-16,226,3402,3628
459,2020-05-17,35,2814,2849
459,2020-05-18,363,4085,4448
459,2020-05-19,379,4188,4567
459,2020-05-20,397,4343,4740
459,2020-05-21,40,2205,2245
459,2020-05-22,345,3840,4185
459,2020-05-23,198,2689,2887
459,2020-05-24,40,1909,1949
459,2020-05-25,490,4414,4904
459,2020-05-26,516,4689,5205
459,2020-05-27,557,4748,5305
459,2020-05-28,506,4842,5348
459,2020-05-29,509,4884,5393
459,2020-05-30,199,3126,3325
459,2020-05-31,37,2289,2326
459,2020-06-01,44,2295,2339
459,2020-06-02,351,4885,5236
459,2020-06-03,372,5008,5380
459,2020-06-04,365,4749,5114
459,2020-06-05,319,4540,4859
459,2020-06-06,193,2780,2973
459,2020-06-07,42,2148,2190
459,2020-06-08,507,4766,5273
459,2020-06-09,528,4927,5455
459,2020-06-10,485,4917,5402
459,2020-06-11,558,4995,5553
459,2020-06-12,498,5074,5572
459,2020-06-13,189,3276,3465
459,2020-06-14,39,2343,2382
459,2020-06-15,564,4827,5391
459,2020-06-16,516,4904,5420
459,2020-06-17,521,4720,5241
459,2020-06-18,495,5367,5862
459,2020-06-19,525,5013,5538
459,2020-06-20,189,3264,3453
459,2020-06-21,50,2409,2459
459,2020-06-22,456,4400,4856
459,2020-06-23,52,2282,2334
459,2020-06-24,537,4956,5493
459,2020-06-25,544,5120,5664
459,2020-06-26,498,5131,5629
459,2020-06-27,212,4305,4517
459,2020-06-28,57,2676,2733
459,2020-06-29,514,4709,5223
459,2020-06-30,519,4805,5324
459,2020-07-01,476,4943,5419
459,2020-07-02,475,4928,5403
459,2020-07-03,454,4996,5450
459,2020-07-04,331,3351,3682
459,2020-07-05,134,2240,2374
459,2020-07-06,492,4621,5113
459,2020-07-07,490,4874,5364
459,2020-07-08,474,4838,5312
459,2020-07-09,441,5101,5542
459,2020-07-10,464,4766,5230
459,2020-07-11,305,3338,3643
459,2020-07-12,125,2510,2635
459,2020-07-13,503,4638,5141
459,2020-07-14,464,4802,5266
459,2020-07-15,403,4830,5233
459,2020-07-16,309,4677,4986
459,2020-07-17,300,4668,4968
459,2020-07-18,198,2983,3181
459,2020-07-19,57,2228,2285
459,2020-07-20,315,4310,4625
459,2020-07-21,352,4355,4707
459,2020-07-22,316,4548,4864
459,2020-07-23,300,4589,4889
459,2020-07-24,306,4539,4845
459,2020-07-25,218,2834,3052
459,2020-07-26,60,2018,2078
459,2020-07-27,289,4256,4545
459,2020-07-28,328,4429,4757
459,2020-07-29,370,4461,4831
459,2020-07-30,304,4617,4921
459,2020-07-31,289,3981,4270
459,2020-08-01,188,2515,2703
459,2020-08-02,55,1940,1995
459,2020-08-03,236,3429,3665
459,2020-08-04,274,3511,3785
459,2020-08-05,262,3507,3769
459,2020-08-06,249,3526,3775
459,2020-08-07,261,3438,3699
459,2020-08-08,187,2221,2408
459,2020-08-09,57,1647,1704
459,2020-08-10,237,3292,3529
459,2020-08-11,280,3254,3534
459,2020-08-12,285,3435,3720
459,2020-08-13,251,3440,3691
459,2020-08-14,227,3382,3609
459,2020-08-15,60,1785,1845
459,2020-08-16,42,1813,1855
459,2020-08-17,227,3171,3398
459,2020-08-18,264,3306,3570
459,2020-08-19,235,3456,3691
459,2020-08-20,239,3462,3701
459,2020-08-21,244,3439,3683
459,2020-08-22,167,2419,2586
459,2020-08-23,51,1799,1850
459,2020-08-24,262,3398,3660
459,2020-08-25,271,3512,3783
459,2020-08-26,250,3632,3882
459,2020-08-27,265,3660,3925
459,2020-08-28,257,3607,3864
459,2020-08-29,234,2383,2617
459,2020-08-30,87,1964,2051
459,2020-08-31,245,3997,4242
459,2020-09-01,245,4166,4411
459,2020-09-02,256,4335,4591
459,2020-09-03,265,4363,4628
459,2020-09-04,274,4397,4671
459,2020-09-05,166,3070,3236
459,2020-09-06,40,2371,2411
459,2020-09-07,312,4187,4499
459,2020-09-08,283,4312,4595
459,2020-09-09,319,4472,4791
459,2020-09-10,264,4243,4507
459,2020-09-11,275,4333,4608
459,2020-09-12,171,2902,3073
459,2020-09-13,86,2266,2352
459,2020-09-14,319,3914,4233
459,2020-09-15,416,4157,4573
459,2020-09-17,440,4478,4918
459,2020-09-18,499,4252,4751
459,2020-09-19,203,3015,3218
459,2020-09-20,75,2467,2542
459,2020-09-21,506,4214,4720
459,2020-09-22,470,4227,4697
459,2020-09-23,517,4278,4795
459,2020-09-24,480,4165,4645
459,2020-09-25,480,4334,4814
459,2020-09-26,180,2920,3100
459,2020-09-27,84,1872,1956
459,2020-09-28,452,3980,4432
459,2020-09-29,457,4109,4566
459,2020-09-30,488,4218,4706
459,2020-10-01,436,4266,4702
459,2020-10-02,451,4329,4780
459,2020-10-03,185,2962,3147
459,2020-10-04,86,2067,2153
459,2020-10-05,454,4021,4475
459,2020-10-06,426,4146,4572
459,2020-10-07,479,4125,4604
459,2020-10-08,437,4181,4618
459,2020-10-09,435,4173,4608
459,2020-10-10,223,3665,3888
459,2020-10-11,71,2004,2075
459,2020-10-12,460,3945,4405
459,2020-10-13,410,3979,4389
459,2020-10-14,469,4092,4561
459,2020-10-15,443,4047,4490
459,2020-10-16,480,4101,4581
459,2020-10-17,192,2923,3115
459,2020-10-18,97,1890,1987
459,2020-10-19,436,4083,4519
459,2020-10-20,484,4200,4684
459,2020-10-21,489,4188,4677
459,2020-10-22,502,4199,4701
459,2020-10-23,480,4044,4524
459,2020-10-24,170,2643,2813
459,2020-10-25,87,1675,1762
459,2020-10-26,480,3910,4390
459,2020-10-27,453,3955,4408
459,2020-10-28,477,4188,4665
459,2020-10-29,429,3937,4366
459,2020-10-30,469,4006,4475
459,2020-11-01,78,1491,1569
459,2020-11-02,265,3413,3678
459,2020-11-03,303,3638,3941
459,2020-11-04,340,3452,3792
459,2020-11-05,288,3655,3943
459,2020-11-06,324,3702,4026
459,2020-11-07,190,2865,3055
459,2020-11-08,85,1914,1999
459,2020-11-09,433,3832,4265
459,2020-11-10,455,3973,4428
459,2020-11-11,444,3920,4364
459,2020-11-12,481,3980,4461
459,2020-11-13,469,4053,4522
459,2020-11-14,192,2849,3041
459,2020-11-15,96,1952,2048
459,2020-11-16,438,3851,4289
459,2020-11-17,426,4160,4586
459,2020-11-18,441,4020,4461
459,2020-11-19,424,4092,4516
459,2020-11-20,430,4095,4525
459,2020-11-21,188,2764,2952
459,2020-11-22,93,1765,1858
459,2020-11-23,461,3800,4261
459,2020-11-24,433,3842,4275
459,2020-11-25,471,4071,4542
459,2020-11-26,442,3763,4205
459,2020-11-27,473,3989,4462
459,2020-11-28,171,2579,2750
459,2020-11-29,73,1628,1701
459,2020-11-30,427,3852,4279
459,2020-12-01,421,3590,4011
459,2020-12-02,469,3737,4206
459,2020-12-03,422,3691,4113
459,2020-12-04,438,3719,4157
459,2020-12-05,178,2527,2705
459,2020-12-06,68,1633,1701
459,2020-12-07,500,3578,4078
459,2020-12-08,423,3596,4019
459,2020-12-09,469,3620,4089
459,2020-12-10,463,3682,4145
459,2020-12-11,451,3689,4140
459,2020-12-12,171,2350,2521
459,2020-12-13,71,1566,1637
459,2020-12-14,432,3628,4060
459,2020-12-15,424,3760,4184
459,2020-12-16,437,3881,4318
459,2020-12-17,415,3860,4275
459,2020-12-18,449,3946,4395
459,2020-12-19,159,2394,2553
459,2020-12-20,70,1616,1686
459,2020-12-21,242,3245,3487
459,2020-12-22,241,3389,3630
459,2020-12-23,225,3219,3444
459,2020-12-24,213,2816,3029
459,2020-12-25,56,1270,1326
459,2020-12-26,63,1188,1251
459,2020-12-27,63,959,1022
459,2020-12-28,207,2284,2491
459,2020-12-29,230,2408,2638
459,2020-12-30,207,2552,2759
459,2020-12-31,189,1961,2150
460,2020-01-01,3,982,985
460,2020-01-02,8,2519,2527
460,2020-01-03,9,2583,2592
460,2020-01-04,8,1563,1571
460,2020-01-05,2,1231,1233
460,2020-01-06,27,3699,3726
460,2020-01-07,25,4071,4096
460,2020-01-08,29,4104,4133
460,2020-01-09,14,4246,4260
460,2020-01-10,25,4328,4353
460,2020-01-11,8,2030,2038
460,2020-01-12,2,1343,1345
460,2020-01-13,26,4431,4457
460,2020-01-14,37,4473,4510
460,2020-01-15,26,4354,4380
460,2020-01-16,35,4560,4595
460,2020-01-17,33,4436,4469
460,2020-01-18,7,1938,1945
460,2020-01-19,3,1381,1384
460,2020-01-20,31,4382,4413
460,2020-01-21,35,4559,4594
460,2020-01-22,35,4284,4319
460,2020-01-23,42,4533,4575
460,2020-01-24,54,4535,4589
460,2020-01-25,6,1849,1855
460,2020-01-26,10,1358,1368
460,2020-01-27,31,4295,4326
460,2020-01-28,36,4325,4361
460,2020-01-29,30,4400,4430
460,2020-01-30,52,4540,4592
460,2020-01-31,36,4562,4598
460,2020-02-01,16,1997,2013
460,2020-02-02,4,1308,1312
460,2020-02-03,68,4554,4622
460,2020-02-04,49,4826,4875
460,2020-02-05,57,4939,4996
460,2020-02-06,49,5160,5209
460,2020-02-07,57,4813,4870
460,2020-02-08,16,2034,2050
460,2020-02-09,4,1255,1259
460,2020-02-10,47,3720,3767
460,2020-02-11,39,4306,4345
460,2020-02-12,35,4419,4454
460,2020-02-13,49,4484,4533
460,2020-02-14,40,4503,4543
460,2020-02-15,12,1969,1981
460,2020-02-16,4,1321,1325
460,2020-02-17,30,3825,3855
460,2020-02-18,39,3802,3841
460,2020-02-19,31,3728,3759
460,2020-02-20,33,3770,3803
460,2020-02-21,26,3598,3624
460,2020-02-22,18,1932,1950
460,2020-02-23,2,1273,1275
460,2020-02-24,30,3878,3908
460,2020-02-25,33,4195,4228
460,2020-02-26,40,4283,4323
460,2020-02-27,32,3819,3851
460,2020-02-28,37,4268,4305
460,2020-02-29,9,2178,2187
460,2020-03-01,2,1400,1402
460,2020-03-02,38,4458,4496
460,2020-03-03,35,4576,4611
460,2020-03-04,53,4416,4469
460,2020-03-05,32,4728,4760
460,2020-03-06,39,4564,4603
460,2020-03-07,21,2068,2089
460,2020-03-08,4,1445,1449
460,2020-03-09,64,4430,4494
460,2020-03-10,41,4394,4435
460,2020-03-11,41,4499,4540
460,2020-03-12,45,4770,4815
460,2020-03-13,50,4207,4257
460,2020-03-14,31,1676,1707
460,2020-03-15,NA,1414,NA
460,2020-03-16,57,3043,3100
460,2020-03-17,24,2458,2482
460,2020-03-18,54,1894,1948
460,2020-03-19,47,1671,1718
460,2020-03-20,33,1484,1517
460,2020-03-21,6,617,623
460,2020-03-22,2,454,456
460,2020-03-23,10,1112,1122
460,2020-03-24,10,1102,1112
460,2020-03-25,17,1121,1138
460,2020-03-26,14,1037,1051
460,2020-03-27,21,1086,1107
460,2020-03-28,28,705,733
460,2020-03-30,14,1069,1083
460,2020-03-31,24,967,991
460,2020-04-01,23,1034,1057
460,2020-04-02,11,1054,1065
460,2020-04-03,14,1090,1104
460,2020-04-04,16,702,718
460,2020-04-05,3,455,458
460,2020-04-06,64,1070,1134
460,2020-04-07,41,1089,1130
460,2020-04-08,35,1066,1101
460,2020-04-09,74,1167,1241
460,2020-04-10,56,1044,1100
460,2020-04-11,53,781,834
460,2020-04-12,1,439,440
460,2020-04-13,9,413,422
460,2020-04-14,27,1097,1124
460,2020-04-15,22,1116,1138
460,2020-04-16,13,1188,1201
460,2020-04-17,16,1264,1280
460,2020-04-18,9,882,891
460,2020-04-19,0,518,518
460,2020-04-20,42,1510,1552
460,2020-04-21,40,1702,1742
460,2020-04-22,46,1619,1665
460,2020-04-23,47,1777,1824
460,2020-04-24,42,1829,1871
460,2020-04-25,48,1263,1311
460,2020-04-26,3,785,788
460,2020-04-27,45,1803,1848
460,2020-04-28,40,1712,1752
460,2020-04-29,48,1808,1856
460,2020-04-30,27,1854,1881
460,2020-05-01,1,623,624
460,2020-05-02,19,1112,1131
460,2020-05-03,0,752,752
460,2020-05-04,40,2030,2070
460,2020-05-05,22,2033,2055
460,2020-05-06,58,2188,2246
460,2020-05-07,56,2277,2333
460,2020-05-08,56,2371,2427
460,2020-05-09,8,896,904
460,2020-05-10,0,925,925
460,2020-05-11,33,2283,2316
460,2020-05-12,34,2411,2445
460,2020-05-13,36,2465,2501
460,2020-05-14,135,2425,2560
460,2020-05-15,171,2538,2709
460,2020-05-16,61,3056,3117
460,2020-05-17,20,2605,2625
460,2020-05-18,68,2718,2786
460,2020-05-19,61,2792,2853
460,2020-05-20,49,2838,2887
460,2020-05-21,29,1353,1382
460,2020-05-22,36,2409,2445
460,2020-05-23,15,1419,1434
460,2020-05-24,3,1135,1138
460,2020-05-25,52,2758,2810
460,2020-05-26,53,3039,3092
460,2020-05-27,66,3116,3182
460,2020-05-28,56,3052,3108
460,2020-05-29,56,3069,3125
460,2020-05-30,33,1865,1898
460,2020-05-31,9,1438,1447
460,2020-06-01,22,1370,1392
460,2020-06-02,56,3002,3058
460,2020-06-03,58,2867,2925
460,2020-06-04,32,2794,2826
460,2020-06-05,34,2660,2694
460,2020-06-06,19,1772,1791
460,2020-06-07,7,1238,1245
460,2020-06-08,53,2897,2950
460,2020-06-09,46,2999,3045
460,2020-06-10,39,3116,3155
460,2020-06-11,68,3161,3229
460,2020-06-12,90,3075,3165
460,2020-06-14,8,1368,1376
460,2020-06-15,39,3043,3082
460,2020-06-16,50,3243,3293
460,2020-06-17,76,3066,3142
460,2020-06-18,58,3275,3333
460,2020-06-19,41,3300,3341
460,2020-06-20,24,1846,1870
460,2020-06-21,4,1529,1533
460,2020-06-22,38,2700,2738
460,2020-06-23,11,1540,1551
460,2020-06-25,60,3485,3545
460,2020-06-26,74,3375,3449
460,2020-06-27,51,4288,4339
460,2020-06-28,20,3388,3408
460,2020-06-29,75,3219,3294
460,2020-06-30,63,3363,3426
460,2020-07-01,75,3416,3491
460,2020-07-02,61,3484,3545
460,2020-07-03,142,3486,3628
460,2020-07-04,112,6258,6370
460,2020-07-05,31,4437,4468
460,2020-07-06,61,3426,3487
460,2020-07-07,57,3436,3493
460,2020-07-08,74,3368,3442
460,2020-07-09,82,3590,3672
460,2020-07-10,60,3537,3597
460,2020-07-11,37,2074,2111
460,2020-07-12,11,1824,1835
460,2020-07-13,77,3405,3482
460,2020-07-14,78,3354,3432
460,2020-07-15,53,3324,3377
460,2020-07-16,58,3246,3304
460,2020-07-17,35,3256,3291
460,2020-07-18,18,2043,2061
460,2020-07-19,11,1663,1674
460,2020-07-20,74,3029,3103
460,2020-07-21,70,3153,3223
460,2020-07-22,71,3286,3357
460,2020-07-23,73,3317,3390
460,2020-07-24,58,3244,3302
460,2020-07-25,17,1863,1880
460,2020-07-26,10,1449,1459
460,2020-07-27,45,2931,2976
460,2020-07-28,55,2976,3031
460,2020-07-29,64,3055,3119
460,2020-07-30,63,3093,3156
460,2020-07-31,42,2979,3021
460,2020-08-01,28,1817,1845
460,2020-08-02,21,1607,1628
460,2020-08-03,35,2678,2713
460,2020-08-04,31,2766,2797
460,2020-08-05,53,2794,2847
460,2020-08-06,56,2867,2923
460,2020-08-07,42,2789,2831
460,2020-08-08,10,1803,1813
460,2020-08-09,2,1399,1401
460,2020-08-10,59,2572,2631
460,2020-08-11,40,2621,2661
460,2020-08-12,48,2669,2717
460,2020-08-13,35,2843,2878
460,2020-08-14,32,2805,2837
460,2020-08-15,10,1591,1601
460,2020-08-16,3,1557,1560
460,2020-08-17,51,2607,2658
460,2020-08-18,39,2697,2736
460,2020-08-19,26,2829,2855
460,2020-08-20,53,2943,2996
460,2020-08-21,38,2912,2950
460,2020-08-22,14,1835,1849
460,2020-08-23,10,1649,1659
460,2020-08-24,42,2934,2976
460,2020-08-25,92,3143,3235
460,2020-08-26,45,3051,3096
460,2020-08-27,62,3198,3260
460,2020-08-28,82,4097,4179
460,2020-08-29,49,1991,2040
460,2020-08-30,16,1594,1610
460,2020-08-31,68,3208,3276
460,2020-09-01,58,3241,3299
460,2020-09-02,201,4917,5118
460,2020-09-03,274,5028,5302
460,2020-09-04,212,5464,5676
460,2020-09-05,53,3342,3395
460,2020-09-06,38,2348,2386
460,2020-09-07,53,3670,3723
460,2020-09-08,38,3734,3772
460,2020-09-09,48,3563,3611
460,2020-09-10,37,3617,3654
460,2020-09-11,36,3548,3584
460,2020-09-12,23,2198,2221
460,2020-09-13,14,1908,1922
460,2020-09-14,47,2564,2611
460,2020-09-15,31,2308,2339
460,2020-09-16,25,2502,2527
460,2020-09-17,53,2720,2773
460,2020-09-18,56,2668,2724
460,2020-09-19,15,1488,1503
460,2020-09-20,7,1193,1200
460,2020-09-21,40,2746,2786
460,2020-09-22,86,3265,3351
460,2020-09-23,64,3669,3733
460,2020-09-24,82,3383,3465
460,2020-09-25,48,3518,3566
460,2020-09-26,21,1719,1740
460,2020-09-27,4,1181,1185
460,2020-09-28,39,3133,3172
460,2020-09-29,34,3311,3345
460,2020-09-30,26,3424,3450
460,2020-10-01,38,3421,3459
460,2020-10-02,31,3242,3273
460,2020-10-03,11,1575,1586
460,2020-10-04,4,1155,1159
460,2020-10-05,26,3246,3272
460,2020-10-06,50,3499,3549
460,2020-10-07,42,3446,3488
460,2020-10-08,36,3524,3560
460,2020-10-09,23,3316,3339
460,2020-10-10,41,1676,1717
460,2020-10-11,7,1247,1254
460,2020-10-12,36,3207,3243
460,2020-10-13,38,3359,3397
460,2020-10-14,42,3327,3369
460,2020-10-15,43,3589,3632
460,2020-10-16,47,3452,3499
460,2020-10-17,24,1671,1695
460,2020-10-18,6,1181,1187
460,2020-10-19,57,3174,3231
460,2020-10-20,43,3661,3704
460,2020-10-21,26,3345,3371
460,2020-10-22,34,3327,3361
460,2020-10-23,38,3137,3175
460,2020-10-24,21,1621,1642
460,2020-10-25,2,1051,1053
460,2020-10-26,27,3018,3045
460,2020-10-27,37,3050,3087
460,2020-10-28,33,3075,3108
460,2020-10-29,31,3043,3074
460,2020-10-30,28,2919,2947
460,2020-11-01,3,840,843
460,2020-11-02,38,2698,2736
460,2020-11-03,32,2894,2926
460,2020-11-04,56,2895,2951
460,2020-11-05,30,2964,2994
460,2020-11-06,40,2996,3036
460,2020-11-07,9,1594,1603
460,2020-11-08,9,1134,1143
460,2020-11-09,56,2910,2966
460,2020-11-10,66,3026,3092
460,2020-11-11,33,2959,2992
460,2020-11-12,26,3181,3207
460,2020-11-13,43,3100,3143
460,2020-11-14,18,1600,1618
460,2020-11-15,28,1186,1214
460,2020-11-16,32,2876,2908
460,2020-11-17,31,2970,3001
460,2020-11-18,30,3085,3115
460,2020-11-19,36,3145,3181
460,2020-11-20,36,3103,3139
460,2020-11-21,19,1515,1534
460,2020-11-22,3,989,992
460,2020-11-23,36,2944,2980
460,2020-11-24,35,3016,3051
460,2020-11-25,40,3138,3178
460,2020-11-26,34,3127,3161
460,2020-11-27,38,2998,3036
460,2020-11-28,21,1449,1470
460,2020-11-29,13,934,947
460,2020-11-30,44,2706,2750
460,2020-12-01,34,2753,2787
460,2020-12-02,31,2787,2818
460,2020-12-03,29,2716,2745
460,2020-12-04,35,2788,2823
460,2020-12-05,23,1554,1577
460,2020-12-06,10,942,952
460,2020-12-07,40,2718,2758
460,2020-12-08,29,2712,2741
460,2020-12-09,33,2719,2752
460,2020-12-10,35,2764,2799
460,2020-12-11,36,2821,2857
460,2020-12-12,13,1622,1635
460,2020-12-13,4,1063,1067
460,2020-12-14,37,2911,2948
460,2020-12-15,37,3023,3060
460,2020-12-16,41,3026,3067
460,2020-12-17,38,3107,3145
460,2020-12-18,26,3033,3059
460,2020-12-19,14,1620,1634
460,2020-12-20,4,1055,1059
460,2020-12-21,18,2352,2370
460,2020-12-22,11,2410,2421
460,2020-12-23,12,2363,2375
460,2020-12-24,13,1668,1681
460,2020-12-25,2,837,839
460,2020-12-26,4,824,828
460,2020-12-27,0,667,667
460,2020-12-28,19,1636,1655
460,2020-12-29,11,1754,1765
460,2020-12-30,20,1903,1923
460,2020-12-31,15,1342,1357
463,2020-01-01,73,4050,4123
463,2020-01-02,402,7211,7613
463,2020-01-03,425,7865,8290
463,2020-01-04,274,6280,6554
463,2020-01-05,75,5053,5128
463,2020-01-06,568,9451,10019
463,2020-01-07,561,9951,10512
463,2020-01-08,549,9779,10328
463,2020-01-09,528,10320,10848
463,2020-01-10,616,10637,11253
463,2020-01-11,266,7696,7962
463,2020-01-12,76,5702,5778
463,2020-01-13,641,10468,11109
463,2020-01-14,724,10638,11362
463,2020-01-15,677,10649,11326
463,2020-01-16,707,11116,11823
463,2020-01-17,707,11076,11783
463,2020-01-18,273,7781,8054
463,2020-01-19,76,6015,6091
463,2020-01-20,779,10553,11332
463,2020-01-21,769,10976,11745
463,2020-01-22,737,10436,11173
463,2020-01-23,700,10846,11546
463,2020-01-24,737,11127,11864
463,2020-01-25,319,7681,8000
463,2020-01-26,72,5854,5926
463,2020-01-27,630,10277,10907
463,2020-01-28,685,10264,10949
463,2020-01-29,668,10727,11395
463,2020-01-30,679,10976,11655
463,2020-01-31,717,11308,12025
463,2020-02-01,263,7691,7954
463,2020-02-02,66,5584,5650
463,2020-02-04,663,11131,11794
463,2020-02-05,714,11503,12217
463,2020-02-06,680,11974,12654
463,2020-02-07,720,12036,12756
463,2020-02-08,306,8159,8465
463,2020-02-09,75,5237,5312
463,2020-02-10,838,9290,10128
463,2020-02-11,792,11059,11851
463,2020-02-12,797,10531,11328
463,2020-02-13,765,11047,11812
463,2020-02-14,775,11586,12361
463,2020-02-15,301,8001,8302
463,2020-02-16,68,6166,6234
463,2020-02-17,661,9624,10285
463,2020-02-18,678,9671,10349
463,2020-02-19,653,9893,10546
463,2020-02-20,682,9973,10655
463,2020-02-21,721,10410,11131
463,2020-02-22,288,7711,7999
463,2020-02-23,84,5791,5875
463,2020-02-24,693,9582,10275
463,2020-02-25,729,10414,11143
463,2020-02-26,716,10604,11320
463,2020-02-27,468,6561,7029
463,2020-02-28,699,11138,11837
463,2020-02-29,282,8093,8375
463,2020-03-01,70,5955,6025
463,2020-03-02,681,10528,11209
463,2020-03-03,707,10846,11553
463,2020-03-04,735,11078,11813
463,2020-03-05,686,10854,11540
463,2020-03-06,797,11292,12089
463,2020-03-07,306,8739,9045
463,2020-03-08,76,6388,6464
463,2020-03-09,697,10640,11337
463,2020-03-10,738,10768,11506
463,2020-03-11,757,10623,11380
463,2020-03-12,765,10816,11581
463,2020-03-13,803,10895,11698
463,2020-03-14,298,6748,7046
463,2020-03-15,84,5937,6021
463,2020-03-16,679,8438,9117
463,2020-03-17,749,7545,8294
463,2020-03-18,656,6090,6746
463,2020-03-19,529,4981,5510
463,2020-03-20,530,4623,5153
463,2020-03-21,235,2220,2455
463,2020-03-22,14,1531,1545
463,2020-03-23,433,3620,4053
463,2020-03-24,428,3530,3958
463,2020-03-25,430,3671,4101
463,2020-03-26,403,3604,4007
463,2020-03-27,425,3811,4236
463,2020-03-28,251,2675,2926
463,2020-03-30,412,3778,4190
463,2020-03-31,443,3635,4078
463,2020-04-01,406,3658,4064
463,2020-04-02,407,3805,4212
463,2020-04-03,424,4113,4537
463,2020-04-04,256,2809,3065
463,2020-04-05,14,1614,1628
463,2020-04-06,416,4056,4472
463,2020-04-07,436,4122,4558
463,2020-04-08,422,3927,4349
463,2020-04-09,444,4457,4901
463,2020-04-10,437,4299,4736
463,2020-04-11,254,3298,3552
463,2020-04-12,4,1649,1653
463,2020-04-13,12,1592,1604
463,2020-04-14,468,4557,5025
463,2020-04-15,468,4388,4856
463,2020-04-16,427,4487,4914
463,2020-04-17,469,4923,5392
463,2020-04-18,238,3403,3641
463,2020-04-19,6,2224,2230
463,2020-04-20,574,6001,6575
463,2020-04-21,741,6503,7244
463,2020-04-22,724,6650,7374
463,2020-04-23,665,6796,7461
463,2020-04-24,761,7267,8028
463,2020-04-25,278,4732,5010
463,2020-04-26,20,3151,3171
463,2020-04-27,716,6637,7353
463,2020-04-28,740,6527,7267
463,2020-04-29,696,6736,7432
463,2020-04-30,714,7162,7876
463,2020-05-01,27,2385,2412
463,2020-05-02,276,4689,4965
463,2020-05-03,16,3217,3233
463,2020-05-04,770,7263,8033
463,2020-05-05,751,7361,8112
463,2020-05-06,774,7630,8404
463,2020-05-07,766,7845,8611
463,2020-05-08,726,8403,9129
463,2020-05-09,74,3568,3642
463,2020-05-10,74,3342,3416
463,2020-05-11,829,8046,8875
463,2020-05-12,811,8949,9760
463,2020-05-13,774,8875,9649
463,2020-05-14,837,8724,9561
463,2020-05-15,806,9031,9837
463,2020-05-16,355,7262,7617
463,2020-05-17,167,8991,9158
463,2020-05-18,757,8520,9277
463,2020-05-19,745,9048,9793
463,2020-05-20,791,9529,10320
463,2020-05-21,84,5872,5956
463,2020-05-22,746,8461,9207
463,2020-05-23,332,6154,6486
463,2020-05-24,63,5083,5146
463,2020-05-25,789,8724,9513
463,2020-05-26,813,9428,10241
463,2020-05-27,861,9606,10467
463,2020-05-28,724,10037,10761
463,2020-05-29,830,10595,11425
463,2020-05-30,340,8163,8503
463,2020-05-31,69,7147,7216
463,2020-06-01,80,7295,7375
463,2020-06-02,708,10042,10750
463,2020-06-03,760,9583,10343
463,2020-06-04,810,9296,10106
463,2020-06-05,904,9429,10333
463,2020-06-06,435,7060,7495
463,2020-06-07,73,6048,6121
463,2020-06-08,892,9442,10334
463,2020-06-09,851,9543,10394
463,2020-06-10,897,10017,10914
463,2020-06-11,963,10257,11220
463,2020-06-12,910,10470,11380
463,2020-06-13,289,7792,8081
463,2020-06-14,63,6728,6791
463,2020-06-15,825,9875,10700
463,2020-06-16,889,10247,11136
463,2020-06-17,859,9722,10581
463,2020-06-18,826,10675,11501
463,2020-06-19,814,11052,11866
463,2020-06-20,327,8205,8532
463,2020-06-21,79,7628,7707
463,2020-06-22,770,9609,10379
463,2020-06-23,96,7194,7290
463,2020-06-24,872,10761,11633
463,2020-06-25,806,10987,11793
463,2020-06-26,842,11015,11857
463,2020-06-27,328,8514,8842
463,2020-06-28,73,6775,6848
463,2020-06-29,726,10253,10979
463,2020-06-30,780,10441,11221
463,2020-07-01,790,10147,10937
463,2020-07-02,833,10789,11622
463,2020-07-03,868,11464,12332
463,2020-07-04,333,8823,9156
463,2020-07-05,81,6853,6934
463,2020-07-06,796,10341,11137
463,2020-07-07,885,10781,11666
463,2020-07-08,868,10674,11542
463,2020-07-09,876,11053,11929
463,2020-07-10,982,11331,12313
463,2020-07-11,374,9095,9469
463,2020-07-12,105,8658,8763
463,2020-07-13,924,10234,11158
463,2020-07-14,932,10782,11714
463,2020-07-15,903,10643,11546
463,2020-07-16,826,10210,11036
463,2020-07-17,887,10892,11779
463,2020-07-18,325,8381,8706
463,2020-07-19,96,7842,7938
463,2020-07-20,850,9980,10830
463,2020-07-21,913,10302,11215
463,2020-07-22,885,10649,11534
463,2020-07-23,893,10400,11293
463,2020-07-24,868,10577,11445
463,2020-07-25,374,8001,8375
463,2020-07-26,87,6747,6834
463,2020-07-27,789,10043,10832
463,2020-07-28,821,10099,10920
463,2020-07-29,847,10626,11473
463,2020-07-30,811,10390,11201
463,2020-07-31,667,10331,10998
463,2020-08-01,361,8277,8638
463,2020-08-02,88,7502,7590
463,2020-08-03,608,9308,9916
463,2020-08-04,646,9855,10501
463,2020-08-05,611,10191,10802
463,2020-08-06,600,10229,10829
463,2020-08-07,671,10384,11055
463,2020-08-08,341,8183,8524
463,2020-08-09,82,7114,7196
463,2020-08-10,597,9099,9696
463,2020-08-11,610,9369,9979
463,2020-08-12,612,9389,10001
463,2020-08-13,605,9549,10154
463,2020-08-14,641,10013,10654
463,2020-08-15,72,7320,7392
463,2020-08-16,77,7335,7412
463,2020-08-17,609,9352,9961
463,2020-08-18,616,9703,10319
463,2020-08-19,593,9606,10199
463,2020-08-20,614,10120,10734
463,2020-08-21,662,10086,10748
463,2020-08-22,344,7928,8272
463,2020-08-23,89,7355,7444
463,2020-08-24,737,10038,10775
463,2020-08-25,727,10294,11021
463,2020-08-26,788,10359,11147
463,2020-08-27,769,10837,11606
463,2020-08-28,840,11255,12095
463,2020-08-29,368,8049,8417
463,2020-08-30,110,7381,7491
463,2020-08-31,782,10203,10985
463,2020-09-01,786,10594,11380
463,2020-09-02,748,11058,11806
463,2020-09-03,817,11184,12001
463,2020-09-04,849,11950,12799
463,2020-09-05,395,9042,9437
463,2020-09-06,95,8278,8373
463,2020-09-07,838,11650,12488
463,2020-09-08,843,12159,13002
463,2020-09-09,845,11934,12779
463,2020-09-10,843,12445,13288
463,2020-09-11,872,12847,13719
463,2020-09-12,369,9419,9788
463,2020-09-13,132,8766,8898
463,2020-09-14,831,11792,12623
463,2020-09-15,898,12205,13103
463,2020-09-16,974,11872,12846
463,2020-09-17,927,12626,13553
463,2020-09-18,1012,13090,14102
463,2020-09-19,411,9985,10396
463,2020-09-20,145,9003,9148
463,2020-09-21,940,11879,12819
463,2020-09-22,978,12715,13693
463,2020-09-23,906,12388,13294
463,2020-09-24,938,12172,13110
463,2020-09-25,980,12201,13181
463,2020-09-26,404,8634,9038
463,2020-09-27,133,6587,6720
463,2020-09-28,933,11272,12205
463,2020-09-29,953,12094,13047
463,2020-09-30,956,12054,13010
463,2020-10-01,951,12000,12951
463,2020-10-02,980,12111,13091
463,2020-10-03,398,9251,9649
463,2020-10-04,133,6994,7127
463,2020-10-05,879,11256,12135
463,2020-10-06,932,11724,12656
463,2020-10-07,1009,11698,12707
463,2020-10-08,968,11870,12838
463,2020-10-09,966,12193,13159
463,2020-10-10,391,9276,9667
463,2020-10-11,138,7247,7385
463,2020-10-12,957,11330,12287
463,2020-10-13,1020,11755,12775
463,2020-10-14,971,11729,12700
463,2020-10-15,990,11856,12846
463,2020-10-16,1007,12214,13221
463,2020-10-17,422,8940,9362
463,2020-10-18,133,7030,7163
463,2020-10-19,970,11655,12625
463,2020-10-20,1018,11912,12930
463,2020-10-21,986,11552,12538
463,2020-10-22,986,11633,12619
463,2020-10-23,946,11808,12754
463,2020-10-24,419,8426,8845
463,2020-10-25,283,9909,10192
463,2020-10-26,1013,10989,12002
463,2020-10-27,1009,11136,12145
463,2020-10-28,925,11256,12181
463,2020-10-29,913,11674,12587
463,2020-10-30,966,11316,12282
463,2020-11-01,126,4552,4678
463,2020-11-02,806,9939,10745
463,2020-11-03,853,10348,11201
463,2020-11-04,874,10731,11605
463,2020-11-05,929,10469,11398
463,2020-11-06,858,10564,11422
463,2020-11-07,421,7836,8257
463,2020-11-08,128,5907,6035
463,2020-11-09,961,9889,10850
463,2020-11-10,916,10249,11165
463,2020-11-11,876,10309,11185
463,2020-11-12,891,10657,11548
463,2020-11-13,899,11113,12012
463,2020-11-14,337,8478,8815
463,2020-11-15,109,5663,5772
463,2020-11-16,946,10333,11279
463,2020-11-17,1018,10472,11490
463,2020-11-18,1014,10802,11816
463,2020-11-19,932,10804,11736
463,2020-11-20,1017,11128,12145
463,2020-11-21,390,7985,8375
463,2020-11-22,114,5262,5376
463,2020-11-23,855,9782,10637
463,2020-11-24,909,10053,10962
463,2020-11-25,898,10632,11530
463,2020-11-26,904,9911,10815
463,2020-11-27,922,10038,10960
463,2020-11-28,343,6814,7157
463,2020-11-29,125,4411,4536
463,2020-11-30,919,9573,10492
463,2020-12-01,882,9306,10188
463,2020-12-02,914,9332,10246
463,2020-12-03,852,9604,10456
463,2020-12-04,901,9998,10899
463,2020-12-05,366,6665,7031
463,2020-12-06,119,4416,4535
463,2020-12-07,855,9118,9973
463,2020-12-08,920,9235,10155
463,2020-12-09,979,9299,10278
463,2020-12-10,955,9455,10410
463,2020-12-11,890,9482,10372
463,2020-12-12,345,6497,6842
463,2020-12-13,102,4257,4359
463,2020-12-14,909,9303,10212
463,2020-12-15,886,9438,10324
463,2020-12-16,973,9601,10574
463,2020-12-17,884,9950,10834
463,2020-12-18,868,10198,11066
463,2020-12-19,350,6882,7232
463,2020-12-20,97,4398,4495
463,2020-12-21,593,8106,8699
463,2020-12-22,538,8640,9178
463,2020-12-23,517,8526,9043
463,2020-12-24,411,6897,7308
463,2020-12-25,74,3697,3771
463,2020-12-26,100,3506,3606
463,2020-12-27,99,2966,3065
463,2020-12-28,511,5849,6360
463,2020-12-29,511,6099,6610
463,2020-12-30,476,6697,7173
463,2020-12-31,353,4373,4726
464,2020-01-01,14,2205,2219
464,2020-01-02,76,4437,4513
464,2020-01-03,90,4497,4587
464,2020-01-04,39,3652,3691
464,2020-01-05,20,3129,3149
464,2020-01-06,121,5647,5768
464,2020-01-07,126,5851,5977
464,2020-01-08,137,5599,5736
464,2020-01-09,138,6071,6209
464,2020-01-10,166,6273,6439
464,2020-01-11,40,4074,4114
464,2020-01-12,18,3362,3380
464,2020-01-13,166,6081,6247
464,2020-01-14,177,6330,6507
464,2020-01-15,175,6437,6612
464,2020-01-16,166,6788,6954
464,2020-01-17,171,6432,6603
464,2020-01-18,39,3967,4006
464,2020-01-19,18,3783,3801
464,2020-01-20,167,6233,6400
464,2020-01-21,181,6398,6579
464,2020-01-22,201,6263,6464
464,2020-01-23,176,6295,6471
464,2020-01-24,173,6659,6832
464,2020-01-25,38,4022,4060
464,2020-01-26,16,3728,3744
464,2020-01-27,176,5931,6107
464,2020-01-28,205,6248,6453
464,2020-01-29,187,5947,6134
464,2020-01-30,184,6418,6602
464,2020-01-31,221,6402,6623
464,2020-02-01,45,4026,4071
464,2020-02-02,13,3438,3451
464,2020-02-04,162,4898,5060
464,2020-02-05,182,3915,4097
464,2020-02-06,182,3667,3849
464,2020-02-07,141,3793,3934
464,2020-02-08,45,4145,4190
464,2020-02-09,18,2911,2929
464,2020-02-10,208,5798,6006
464,2020-02-11,166,6213,6379
464,2020-02-12,239,6010,6249
464,2020-02-13,205,6371,6576
464,2020-02-14,198,6840,7038
464,2020-02-15,35,4775,4810
464,2020-02-16,14,4491,4505
464,2020-02-17,186,5475,5661
464,2020-02-18,169,5757,5926
464,2020-02-19,153,5581,5734
464,2020-02-20,190,5694,5884
464,2020-02-21,207,6029,6236
464,2020-02-22,42,4458,4500
464,2020-02-23,24,3218,3242
464,2020-02-24,160,5263,5423
464,2020-02-25,167,5728,5895
464,2020-02-26,206,6165,6371
464,2020-02-27,185,5715,5900
464,2020-02-28,178,6128,6306
464,2020-02-29,68,4373,4441
464,2020-03-01,30,3819,3849
464,2020-03-02,180,6164,6344
464,2020-03-03,199,6316,6515
464,2020-03-04,228,6192,6420
464,2020-03-05,179,6403,6582
464,2020-03-06,212,6203,6415
464,2020-03-07,39,4921,4960
464,2020-03-08,22,3922,3944
464,2020-03-09,205,5858,6063
464,2020-03-10,159,6161,6320
464,2020-03-11,188,5789,5977
464,2020-03-12,166,6237,6403
464,2020-03-13,212,6459,6671
464,2020-03-14,40,3910,3950
464,2020-03-15,22,5311,5333
464,2020-03-16,188,4634,4822
464,2020-03-17,161,3673,3834
464,2020-03-18,155,2819,2974
464,2020-03-19,158,2719,2877
464,2020-03-20,175,3163,3338
464,2020-03-21,52,1692,1744
464,2020-03-22,4,1291,1295
464,2020-03-23,201,3226,3427
464,2020-03-24,200,3069,3269
464,2020-03-25,213,3097,3310
464,2020-03-26,209,3174,3383
464,2020-03-27,219,3545,3764
464,2020-03-28,34,2120,2154
464,2020-03-30,156,3320,3476
464,2020-03-31,151,3234,3385
464,2020-04-01,182,3326,3508
464,2020-04-02,165,3301,3466
464,2020-04-03,179,3465,3644
464,2020-04-04,33,2079,2112
464,2020-04-05,2,1379,1381
464,2020-04-06,228,3547,3775
464,2020-04-07,193,3560,3753
464,2020-04-08,215,3635,3850
464,2020-04-09,204,3753,3957
464,2020-04-10,149,3499,3648
464,2020-04-16,221,3840,4061
464,2020-04-17,215,4146,4361
464,2020-04-18,30,2014,2044
464,2020-04-19,12,1371,1383
464,2020-04-20,196,3635,3831
464,2020-04-21,206,3829,4035
464,2020-04-22,240,3885,4125
464,2020-04-23,217,3680,3897
464,2020-04-24,221,4135,4356
464,2020-04-25,40,2636,2676
464,2020-04-26,5,2093,2098
464,2020-04-27,195,3751,3946
464,2020-04-28,184,3648,3832
464,2020-04-29,238,4208,4446
464,2020-04-30,244,4217,4461
464,2020-05-02,38,2772,2810
464,2020-05-03,11,2084,2095
464,2020-05-04,237,4089,4326
464,2020-05-05,291,4181,4472
464,2020-05-06,258,4358,4616
464,2020-05-07,276,4219,4495
464,2020-05-08,251,4581,4832
464,2020-05-09,22,2240,2262
464,2020-05-10,40,2145,2185
464,2020-05-11,228,4372,4600
464,2020-05-12,269,4561,4830
464,2020-05-13,338,4453,4791
464,2020-05-14,322,4638,4960
464,2020-05-15,294,4959,5253
464,2020-05-16,61,4670,4731
464,2020-05-17,90,6662,6752
464,2020-05-18,311,5406,5717
464,2020-05-19,293,5685,5978
464,2020-05-20,333,5851,6184
464,2020-05-21,27,5075,5102
464,2020-05-22,275,5240,5515
464,2020-05-23,86,3684,3770
464,2020-05-24,32,3907,3939
464,2020-05-25,314,5142,5456
464,2020-05-26,276,5494,5770
464,2020-05-27,285,5851,6136
464,2020-05-28,272,6055,6327
464,2020-05-29,349,6537,6886
464,2020-05-30,71,5825,5896
464,2020-05-31,22,6642,6664
464,2020-06-01,40,7376,7416
464,2020-06-02,274,6822,7096
464,2020-06-03,293,6313,6606
464,2020-06-04,292,5558,5850
464,2020-06-05,331,5872,6203
464,2020-06-06,67,4353,4420
464,2020-06-07,27,4578,4605
464,2020-06-08,327,5550,5877
464,2020-06-09,295,5656,5951
464,2020-06-10,310,5691,6001
464,2020-06-11,334,6907,7241
464,2020-06-14,52,4617,4669
464,2020-06-15,325,6088,6413
464,2020-06-16,321,6369,6690
464,2020-06-17,320,6279,6599
464,2020-06-18,245,6259,6504
464,2020-06-19,300,6926,7226
464,2020-06-20,83,5844,5927
464,2020-06-21,35,7401,7436
464,2020-06-22,257,6198,6455
464,2020-06-23,52,6521,6573
464,2020-06-24,325,7100,7425
464,2020-06-25,262,7344,7606
464,2020-06-26,250,6390,6640
464,2020-06-27,82,5681,5763
464,2020-06-28,31,5573,5604
464,2020-06-29,279,5896,6175
464,2020-06-30,334,6108,6442
464,2020-07-01,283,6682,6965
464,2020-07-02,322,6445,6767
464,2020-07-03,337,7204,7541
464,2020-07-04,82,6228,6310
464,2020-07-05,29,5738,5767
464,2020-07-06,275,6017,6292
464,2020-07-07,284,6702,6986
464,2020-07-08,301,6335,6636
464,2020-07-09,307,7009,7316
464,2020-07-10,346,5965,6311
464,2020-07-11,95,6468,6563
464,2020-07-12,54,8080,8134
464,2020-07-13,422,6853,7275
464,2020-07-14,309,6604,6913
464,2020-07-15,316,5979,6295
464,2020-07-16,315,5606,5921
464,2020-07-17,299,6289,6588
464,2020-07-18,65,5864,5929
464,2020-07-19,38,7567,7605
464,2020-07-20,299,5803,6102
464,2020-07-21,361,6302,6663
464,2020-07-22,338,6315,6653
464,2020-07-23,322,6406,6728
464,2020-07-24,319,6137,6456
464,2020-07-25,85,5425,5510
464,2020-07-26,30,5433,5463
464,2020-07-27,303,6091,6394
464,2020-07-28,342,5820,6162
464,2020-07-29,352,6439,6791
464,2020-07-30,316,6862,7178
464,2020-07-31,187,6938,7125
464,2020-08-01,91,6164,6255
464,2020-08-02,38,6895,6933
464,2020-08-03,195,5164,5359
464,2020-08-04,186,5751,5937
464,2020-08-05,167,6524,6691
464,2020-08-06,159,6751,6910
464,2020-08-07,206,6732,6938
464,2020-08-08,56,6304,6360
464,2020-08-09,27,6565,6592
464,2020-08-10,182,5844,6026
464,2020-08-11,163,6128,6291
464,2020-08-12,160,5844,6004
464,2020-08-13,178,5936,6114
464,2020-08-14,216,6040,6256
464,2020-08-15,40,6715,6755
464,2020-08-16,35,6784,6819
464,2020-08-17,191,5374,5565
464,2020-08-18,241,5564,5805
464,2020-08-19,185,5583,5768
464,2020-08-20,164,6598,6762
464,2020-08-21,201,6163,6364
464,2020-08-22,46,5781,5827
464,2020-08-23,35,5945,5980
464,2020-08-24,239,5395,5634
464,2020-08-25,274,5711,5985
464,2020-08-26,276,5452,5728
464,2020-08-27,278,6239,6517
464,2020-08-28,332,5928,6260
464,2020-08-29,59,5187,5246
464,2020-08-30,36,5166,5202
464,2020-08-31,286,5185,5471
464,2020-09-01,311,5433,5744
464,2020-09-02,320,5839,6159
464,2020-09-03,284,5884,6168
464,2020-09-04,309,6919,7228
464,2020-09-05,75,5065,5140
464,2020-09-06,29,5788,5817
464,2020-09-07,330,5820,6150
464,2020-09-08,403,6395,6798
464,2020-09-09,389,5973,6362
464,2020-09-10,384,6002,6386
464,2020-09-11,407,6804,7211
464,2020-09-12,70,6140,6210
464,2020-09-13,52,7476,7528
464,2020-09-14,378,6095,6473
464,2020-09-15,403,6623,7026
464,2020-09-16,404,6191,6595
464,2020-09-17,355,6668,7023
464,2020-09-18,399,6897,7296
464,2020-09-19,95,6062,6157
464,2020-09-20,32,6942,6974
464,2020-09-21,316,6090,6406
464,2020-09-22,405,6305,6710
464,2020-09-23,407,6008,6415
464,2020-09-24,352,5704,6056
464,2020-09-25,358,5920,6278
464,2020-09-26,76,4024,4100
464,2020-09-28,318,5231,5549
464,2020-09-29,304,5452,5756
464,2020-09-30,321,5529,5850
464,2020-10-01,299,5753,6052
464,2020-10-02,363,5941,6304
464,2020-10-03,57,4521,4578
464,2020-10-04,42,3579,3621
464,2020-10-05,296,5228,5524
464,2020-10-06,385,5540,5925
464,2020-10-07,359,5631,5990
464,2020-10-08,314,5709,6023
464,2020-10-09,300,5711,6011
464,2020-10-10,93,4702,4795
464,2020-10-11,28,4429,4457
464,2020-10-12,276,5126,5402
464,2020-10-13,283,5416,5699
464,2020-10-14,288,5408,5696
464,2020-10-15,305,5524,5829
464,2020-10-16,307,5974,6281
464,2020-10-17,75,4328,4403
464,2020-10-18,28,4231,4259
464,2020-10-19,357,5273,5630
464,2020-10-20,327,5317,5644
464,2020-10-21,363,5490,5853
464,2020-10-22,275,5418,5693
464,2020-10-23,273,5451,5724
464,2020-10-24,67,4435,4502
464,2020-10-25,137,5972,6109
464,2020-10-26,323,4941,5264
464,2020-10-27,267,5110,5377
464,2020-10-28,300,5191,5491
464,2020-10-29,286,5474,5760
464,2020-10-30,348,5134,5482
464,2020-11-01,8,2364,2372
464,2020-11-02,277,4715,4992
464,2020-11-03,343,5005,5348
464,2020-11-04,291,5102,5393
464,2020-11-05,290,5322,5612
464,2020-11-06,252,5658,5910
464,2020-11-07,69,4365,4434
464,2020-11-08,16,3636,3652
464,2020-11-10,329,4956,5285
464,2020-11-11,309,4934,5243
464,2020-11-12,297,5019,5316
464,2020-11-13,303,5276,5579
464,2020-11-14,70,4619,4689
464,2020-11-15,29,3324,3353
464,2020-11-16,281,4677,4958
464,2020-11-17,321,4989,5310
464,2020-11-18,285,5165,5450
464,2020-11-19,270,5093,5363
464,2020-11-20,333,5603,5936
464,2020-11-21,63,4146,4209
464,2020-11-22,18,3199,3217
464,2020-11-23,376,4696,5072
464,2020-11-24,329,5048,5377
464,2020-11-25,318,5024,5342
464,2020-11-26,278,4912,5190
464,2020-11-27,318,5124,5442
464,2020-11-28,54,3911,3965
464,2020-11-29,17,2736,2753
464,2020-11-30,281,4938,5219
464,2020-12-01,278,4670,4948
464,2020-12-02,298,4914,5212
464,2020-12-03,266,4883,5149
464,2020-12-04,272,5243,5515
464,2020-12-05,53,3683,3736
464,2020-12-06,19,2545,2564
464,2020-12-07,298,4714,5012
464,2020-12-08,272,4915,5187
464,2020-12-09,335,4796,5131
464,2020-12-10,248,4993,5241
464,2020-12-11,263,5100,5363
464,2020-12-12,41,3325,3366
464,2020-12-13,25,2809,2834
464,2020-12-14,306,5181,5487
464,2020-12-15,281,5246,5527
464,2020-12-16,292,5137,5429
464,2020-12-17,281,5204,5485
464,2020-12-18,281,5333,5614
464,2020-12-19,67,3826,3893
464,2020-12-20,51,2809,2860
464,2020-12-21,144,4253,4397
464,2020-12-22,160,4532,4692
464,2020-12-23,164,4238,4402
464,2020-12-24,115,3195,3310
464,2020-12-25,16,1709,1725
464,2020-12-26,27,2077,2104
464,2020-12-27,20,1841,1861
464,2020-12-28,104,3238,3342
464,2020-12-29,118,3546,3664
464,2020-12-30,139,3847,3986
464,2020-12-31,100,2734,2834
465,2020-01-01,14,1558,1572
465,2020-01-02,62,2724,2786
465,2020-01-03,76,2798,2874
465,2020-01-04,46,2777,2823
465,2020-01-05,16,2817,2833
465,2020-01-06,168,3258,3426
465,2020-01-07,179,3779,3958
465,2020-01-08,186,3300,3486
465,2020-01-09,208,3099,3307
465,2020-01-10,183,3407,3590
465,2020-01-11,54,3129,3183
465,2020-01-12,11,2882,2893
465,2020-01-13,203,3310,3513
465,2020-01-14,229,3844,4073
465,2020-01-15,220,3956,4176
465,2020-01-16,270,3944,4214
465,2020-01-17,208,3765,3973
465,2020-01-18,76,3234,3310
465,2020-01-19,18,3202,3220
465,2020-01-20,218,3549,3767
465,2020-01-21,223,3792,4015
465,2020-01-22,260,3762,4022
465,2020-01-23,237,3749,3986
465,2020-01-24,226,4119,4345
465,2020-01-25,94,3273,3367
465,2020-01-26,36,3310,3346
465,2020-01-27,186,2684,2870
465,2020-01-28,265,3726,3991
465,2020-01-29,216,3729,3945
465,2020-01-30,258,3747,4005
465,2020-01-31,214,4161,4375
465,2020-02-01,84,3060,3144
465,2020-02-02,21,3000,3021
465,2020-02-03,239,3673,3912
465,2020-02-04,266,3930,4196
465,2020-02-05,207,3987,4194
465,2020-02-06,245,4256,4501
465,2020-02-07,291,5409,5700
465,2020-02-08,98,3577,3675
465,2020-02-09,26,2654,2680
465,2020-02-10,265,4226,4491
465,2020-02-11,221,3880,4101
465,2020-02-12,212,3924,4136
465,2020-02-13,206,3752,3958
465,2020-02-14,212,4344,4556
465,2020-02-15,81,3570,3651
465,2020-02-16,26,3299,3325
465,2020-02-17,197,3503,3700
465,2020-02-18,210,3491,3701
465,2020-02-19,202,3690,3892
465,2020-02-20,208,3314,3522
465,2020-02-21,173,3637,3810
465,2020-02-22,82,3165,3247
465,2020-02-23,24,2418,2442
465,2020-02-24,194,3134,3328
465,2020-02-25,229,3578,3807
465,2020-02-26,249,3821,4070
465,2020-02-27,170,2647,2817
465,2020-02-28,235,4310,4545
465,2020-02-29,96,3558,3654
465,2020-03-01,29,3467,3496
465,2020-03-02,223,3338,3561
465,2020-03-03,213,3877,4090
465,2020-03-04,332,4310,4642
465,2020-03-05,204,2978,3182
465,2020-03-06,209,3944,4153
465,2020-03-07,99,3789,3888
465,2020-03-08,26,3050,3076
465,2020-03-09,221,3586,3807
465,2020-03-10,186,2959,3145
465,2020-03-11,196,3846,4042
465,2020-03-12,221,3996,4217
465,2020-03-13,206,4404,4610
465,2020-03-14,87,3152,3239
465,2020-03-15,21,3647,3668
465,2020-03-16,194,2776,2970
465,2020-03-17,186,2393,2579
465,2020-03-18,138,1907,2045
465,2020-03-19,145,1746,1891
465,2020-03-20,131,1657,1788
465,2020-03-21,104,826,930
465,2020-03-22,2,615,617
465,2020-03-23,105,1283,1388
465,2020-03-24,118,1229,1347
465,2020-03-25,121,1283,1404
465,2020-03-26,123,1274,1397
465,2020-03-27,117,1342,1459
465,2020-03-28,59,1012,1071
465,2020-03-30,95,1337,1432
465,2020-03-31,99,1333,1432
465,2020-04-01,111,1379,1490
465,2020-04-02,111,1346,1457
465,2020-04-03,119,1523,1642
465,2020-04-04,57,977,1034
465,2020-04-05,1,769,770
465,2020-04-06,124,1420,1544
465,2020-04-07,118,1483,1601
465,2020-04-08,123,1378,1501
465,2020-04-09,116,1502,1618
465,2020-04-10,80,1359,1439
465,2020-04-11,51,1087,1138
465,2020-04-12,2,577,579
465,2020-04-13,2,550,552
465,2020-04-14,102,1607,1709
465,2020-04-15,142,1628,1770
465,2020-04-16,151,1678,1829
465,2020-04-17,133,1615,1748
465,2020-04-18,54,1085,1139
465,2020-04-19,5,714,719
465,2020-04-20,158,2251,2409
465,2020-04-21,189,2734,2923
465,2020-04-22,174,2725,2899
465,2020-04-23,166,2704,2870
465,2020-04-24,168,2818,2986
465,2020-04-25,60,1438,1498
465,2020-04-26,3,1171,1174
465,2020-04-27,142,1877,2019
465,2020-04-28,150,2046,2196
465,2020-04-29,186,2352,2538
465,2020-04-30,185,2229,2414
465,2020-12-04,299,3831,4130
465,2020-12-05,132,2706,2838
465,2020-12-06,61,2441,2502
465,2020-12-07,321,3273,3594
465,2020-12-08,289,3276,3565
465,2020-12-09,322,3501,3823
465,2020-12-10,292,3570,3862
465,2020-12-11,309,3627,3936
465,2020-12-12,127,2821,2948
465,2020-12-13,45,2636,2681
465,2020-12-14,303,3810,4113
465,2020-12-15,294,3675,3969
465,2020-12-16,306,3399,3705
465,2020-12-17,289,3245,3534
465,2020-12-18,225,3372,3597
465,2020-12-19,101,2469,2570
465,2020-12-20,31,2015,2046
465,2020-12-21,136,2776,2912
465,2020-12-22,137,3006,3143
465,2020-12-23,112,2883,2995
465,2020-12-24,73,2206,2279
465,2020-12-25,20,1192,1212
465,2020-12-26,30,1517,1547
465,2020-12-27,22,1542,1564
465,2020-12-28,92,2166,2258
465,2020-12-29,80,2399,2479
465,2020-12-30,103,2740,2843
469,2020-01-01,79,5544,5623
469,2020-01-02,682,11892,12574
469,2020-01-03,725,13186,13911
469,2020-01-04,365,9874,10239
469,2020-01-05,114,7094,7208
469,2020-01-06,1047,15956,17003
469,2020-01-07,1011,16735,17746
469,2020-01-08,1053,16222,17275
469,2020-01-09,1115,17189,18304
469,2020-01-10,1162,17358,18520
469,2020-01-11,457,11523,11980
469,2020-01-12,129,7541,7670
469,2020-01-13,1269,16986,18255
469,2020-01-14,1340,17787,19127
469,2020-01-15,1387,17419,18806
469,2020-01-16,1448,18440,19888
469,2020-01-17,1373,18120,19493
469,2020-01-18,524,11603,12127
469,2020-01-19,140,7696,7836
469,2020-01-20,1358,17344,18702
469,2020-01-21,1465,18023,19488
469,2020-01-22,1487,17460,18947
469,2020-01-23,1422,18146,19568
469,2020-01-24,1401,18442,19843
469,2020-01-25,529,11909,12438
469,2020-01-26,129,7647,7776
469,2020-01-27,1350,16921,18271
469,2020-01-28,1434,17455,18889
469,2020-01-29,1417,17437,18854
469,2020-01-30,1402,17967,19369
469,2020-01-31,1299,18237,19536
469,2020-02-01,502,11779,12281
469,2020-02-02,144,7433,7577
469,2020-02-03,1286,17210,18496
469,2020-02-04,1335,17853,19188
469,2020-02-05,1365,17629,18994
469,2020-02-06,1422,18390,19812
469,2020-02-07,1352,18254,19606
469,2020-02-08,593,11687,12280
469,2020-02-09,212,6955,7167
469,2020-02-10,1486,17938,19424
469,2020-02-11,1435,18013,19448
469,2020-02-12,1506,17307,18813
469,2020-02-13,1492,18425,19917
469,2020-02-14,1400,18281,19681
469,2020-02-15,534,10222,10756
469,2020-02-16,122,6602,6724
469,2020-02-18,1462,16728,18190
469,2020-02-19,1409,16705,18114
469,2020-02-20,1445,16601,18046
469,2020-02-21,1400,16727,18127
469,2020-02-22,569,11794,12363
469,2020-02-23,148,6917,7065
469,2020-02-24,1312,16550,17862
469,2020-02-25,1403,17622,19025
469,2020-02-27,1165,14803,15968
469,2020-02-28,1264,17396,18660
469,2020-02-29,539,12232,12771
469,2020-03-01,168,8140,8308
469,2020-03-02,1385,17326,18711
469,2020-03-03,1538,18183,19721
469,2020-03-04,1484,17652,19136
469,2020-03-05,1369,17940,19309
469,2020-03-06,1437,18841,20278
469,2020-03-07,577,12412,12989
469,2020-03-08,124,7879,8003
469,2020-03-09,1403,17405,18808
469,2020-03-10,1467,17992,19459
469,2020-03-11,1475,17436,18911
469,2020-03-12,1559,18436,19995
469,2020-03-13,1534,17926,19460
469,2020-03-14,559,9524,10083
469,2020-03-15,161,5790,5951
469,2020-03-16,1552,13698,15250
469,2020-03-17,1555,12078,13633
469,2020-03-18,1433,10390,11823
469,2020-03-19,1378,8403,9781
469,2020-03-20,1036,7651,8687
469,2020-03-21,335,3088,3423
469,2020-03-22,83,1861,1944
469,2020-03-23,920,6031,6951
469,2020-03-24,927,6020,6947
469,2020-03-25,939,5727,6666
469,2020-03-26,878,5941,6819
469,2020-03-27,806,6369,7175
469,2020-03-28,340,3501,3841
469,2020-03-30,833,6016,6849
469,2020-03-31,823,6058,6881
469,2020-04-01,869,6254,7123
469,2020-04-02,868,6305,7173
469,2020-04-03,837,6584,7421
469,2020-04-04,347,3676,4023
469,2020-04-05,63,1967,2030
469,2020-04-06,758,6413,7171
469,2020-04-07,894,6471,7365
469,2020-04-08,834,6806,7640
469,2020-04-09,896,7089,7985
469,2020-04-10,780,7136,7916
469,2020-04-11,277,4663,4940
469,2020-04-12,31,2077,2108
469,2020-04-13,110,2167,2277
469,2020-04-14,876,6880,7756
469,2020-04-15,899,7139,8038
469,2020-04-16,900,7404,8304
469,2020-04-17,913,7950,8863
469,2020-04-18,324,4582,4906
469,2020-04-19,70,2600,2670
469,2020-04-20,1217,9528,10745
469,2020-04-21,1238,9481,10719
469,2020-04-22,1315,9773,11088
469,2020-04-23,1403,10123,11526
469,2020-04-24,1333,10540,11873
469,2020-04-25,408,6286,6694
469,2020-04-26,79,3472,3551
469,2020-04-27,1405,10458,11863
469,2020-04-28,1428,10497,11925
469,2020-04-29,1408,10852,12260
469,2020-04-30,1314,11290,12604
469,2020-05-01,203,3527,3730
469,2020-05-02,349,6233,6582
469,2020-05-03,62,3652,3714
469,2020-05-04,1341,11561,12902
469,2020-05-05,1360,11936,13296
469,2020-05-06,1470,12065,13535
469,2020-05-07,1447,12496,13943
469,2020-05-08,1409,13134,14543
469,2020-05-09,211,4790,5001
469,2020-05-10,97,4224,4321
469,2020-05-11,1302,13178,14480
469,2020-05-12,1438,13911,15349
469,2020-05-13,1463,14070,15533
469,2020-05-14,1513,14663,16176
469,2020-05-15,1341,15109,16450
469,2020-05-16,532,9764,10296
469,2020-05-17,121,6177,6298
469,2020-05-18,1370,14192,15562
469,2020-05-19,1435,15199,16634
469,2020-05-20,1540,16067,17607
469,2020-05-21,231,5988,6219
469,2020-05-22,1155,13436,14591
469,2020-05-23,472,9183,9655
469,2020-05-24,116,5744,5860
469,2020-05-25,1416,14931,16347
469,2020-05-26,1457,15265,16722
469,2020-05-27,1459,15618,17077
469,2020-05-28,1489,16171,17660
469,2020-05-29,1398,16838,18236
469,2020-05-30,551,10930,11481
469,2020-05-31,105,6969,7074
469,2020-06-01,201,6468,6669
469,2020-06-02,1582,16696,18278
469,2020-06-03,1475,16293,17768
469,2020-06-04,1441,16508,17949
469,2020-06-05,1415,16367,17782
469,2020-06-06,514,10576,11090
469,2020-06-07,124,6518,6642
469,2020-06-08,1364,15828,17192
469,2020-06-09,1456,16546,18002
469,2020-06-10,1400,16993,18393
469,2020-06-11,1438,17242,18680
469,2020-06-12,1282,17491,18773
469,2020-06-13,512,11403,11915
469,2020-06-14,108,7460,7568
469,2020-06-15,1388,16552,17940
469,2020-06-16,1442,17144,18586
469,2020-06-17,1415,16875,18290
469,2020-06-18,1423,17544,18967
469,2020-06-19,1389,18159,19548
469,2020-06-20,558,11739,12297
469,2020-06-21,140,7356,7496
469,2020-06-22,1286,14823,16109
469,2020-06-23,470,7634,8104
469,2020-06-24,1565,17835,19400
469,2020-06-25,1558,17861,19419
469,2020-06-26,1433,17967,19400
469,2020-06-27,544,11477,12021
469,2020-06-28,176,3074,3250
469,2020-06-29,1306,15933,17239
469,2020-06-30,1489,17411,18900
469,2020-07-01,1423,17681,19104
469,2020-07-02,1477,17614,19091
469,2020-07-03,1370,18141,19511
469,2020-07-04,568,11735,12303
469,2020-07-05,157,7149,7306
469,2020-07-06,1426,16652,18078
469,2020-07-07,1423,17270,18693
469,2020-07-08,1449,17217,18666
469,2020-07-09,1385,17483,18868
469,2020-07-10,1328,17845,19173
469,2020-07-11,531,11771,12302
469,2020-07-12,182,7779,7961
469,2020-07-13,1278,16862,18140
469,2020-07-14,1348,17206,18554
469,2020-07-15,1385,17184,18569
469,2020-07-16,1432,17479,18911
469,2020-07-17,1345,17550,18895
469,2020-07-18,591,11364,11955
469,2020-07-19,175,7670,7845
469,2020-07-20,1466,16138,17604
469,2020-07-21,1381,16818,18199
469,2020-07-22,1472,16666,18138
469,2020-07-23,1441,17044,18485
469,2020-07-24,1479,16723,18202
469,2020-07-25,539,10743,11282
469,2020-07-26,144,7090,7234
469,2020-07-27,1236,15597,16833
469,2020-07-28,1388,16355,17743
469,2020-07-29,1336,16636,17972
469,2020-07-30,1381,16899,18280
469,2020-07-31,1159,16111,17270
469,2020-08-01,443,10256,10699
469,2020-08-02,142,7207,7349
469,2020-08-03,1075,13694,14769
469,2020-08-04,1172,14137,15309
469,2020-08-05,1127,14129,15256
469,2020-08-06,1102,14211,15313
469,2020-08-07,1093,14237,15330
469,2020-08-08,458,9443,9901
469,2020-08-09,136,6409,6545
469,2020-08-10,992,12921,13913
469,2020-08-11,1064,13490,14554
469,2020-08-12,1053,13686,14739
469,2020-08-13,1097,13873,14970
469,2020-08-14,1072,14240,15312
469,2020-08-15,250,7015,7265
469,2020-08-16,137,6639,6776
469,2020-08-17,1044,13452,14496
469,2020-08-18,1118,14145,15263
469,2020-08-19,1128,14510,15638
469,2020-08-20,1090,14701,15791
469,2020-08-21,1130,14712,15842
469,2020-08-22,465,9961,10426
469,2020-08-23,141,7186,7327
469,2020-08-24,1285,14675,15960
469,2020-08-25,1387,15201,16588
469,2020-08-26,1299,15149,16448
469,2020-08-27,1384,16244,17628
469,2020-08-28,1355,15981,17336
469,2020-08-29,484,9867,10351
469,2020-08-30,159,6809,6968
469,2020-08-31,1235,15311,16546
469,2020-09-01,1355,15561,16916
469,2020-09-02,1326,15995,17321
469,2020-09-03,1462,16323,17785
469,2020-09-04,1343,16610,17953
469,2020-09-05,619,10115,10734
469,2020-09-06,147,7021,7168
469,2020-09-07,1323,15757,17080
469,2020-09-08,1387,16594,17981
469,2020-09-09,1548,16500,18048
469,2020-09-10,1429,16964,18393
469,2020-09-11,1490,17496,18986
469,2020-09-12,559,11158,11717
469,2020-09-13,166,7826,7992
469,2020-09-14,1379,16770,18149
469,2020-09-15,1585,17078,18663
469,2020-09-16,1376,17049,18425
469,2020-09-17,1458,17311,18769
469,2020-09-18,1329,17810,19139
469,2020-09-19,632,11685,12317
469,2020-09-20,145,8175,8320
469,2020-09-21,1419,16766,18185
469,2020-09-22,1544,17537,19081
469,2020-09-23,1525,17380,18905
469,2020-09-24,1425,17971,19396
469,2020-09-25,1437,17962,19399
469,2020-09-26,556,11589,12145
469,2020-09-27,172,7066,7238
469,2020-09-28,1360,16667,18027
469,2020-09-29,1470,17305,18775
469,2020-09-30,1558,17432,18990
469,2020-10-01,1465,17954,19419
469,2020-10-02,1434,18026,19460
469,2020-10-03,602,11697,12299
469,2020-10-04,167,6826,6993
469,2020-10-05,1422,16590,18012
469,2020-10-06,1489,16998,18487
469,2020-10-07,1482,17151,18633
469,2020-10-08,1453,17579,19032
469,2020-10-09,1376,17781,19157
469,2020-10-10,584,12054,12638
469,2020-10-11,181,7091,7272
469,2020-10-12,1408,16499,17907
469,2020-10-13,1545,17399,18944
469,2020-10-14,1602,17160,18762
469,2020-10-15,1578,18025,19603
469,2020-10-16,1474,18424,19898
469,2020-10-17,647,12095,12742
469,2020-10-18,190,7516,7706
469,2020-10-19,1529,16559,18088
469,2020-10-20,1552,17111,18663
469,2020-10-21,1440,16721,18161
469,2020-10-22,1457,17172,18629
469,2020-10-23,1329,17409,18738
469,2020-10-24,639,11400,12039
469,2020-10-25,150,6399,6549
469,2020-10-26,1402,15932,17334
469,2020-10-27,1475,16706,18181
469,2020-10-28,1488,16571,18059
469,2020-10-29,1484,17233,18717
469,2020-10-30,1403,17581,18984
469,2020-11-01,127,5859,5986
469,2020-11-02,1336,15513,16849
469,2020-11-03,1524,16240,17764
469,2020-11-04,1502,16263,17765
469,2020-11-05,1559,16582,18141
469,2020-11-06,1423,17276,18699
469,2020-11-07,662,11111,11773
469,2020-11-08,148,6085,6233
469,2020-11-09,1427,16347,17774
469,2020-11-10,1463,16758,18221
469,2020-11-11,1258,16784,18042
469,2020-11-12,1490,17332,18822
469,2020-11-13,1412,17691,19103
469,2020-11-14,577,11364,11941
469,2020-11-15,133,6056,6189
469,2020-11-16,1394,15925,17319
469,2020-11-17,1417,16759,18176
469,2020-11-18,1531,16772,18303
469,2020-11-19,1476,17247,18723
469,2020-11-20,1384,17850,19234
469,2020-11-21,546,9549,10095
469,2020-11-22,162,6309,6471
469,2020-11-23,1379,16113,17492
469,2020-11-24,1481,16934,18415
469,2020-11-25,1530,17091,18621
469,2020-11-26,1556,16698,18254
469,2020-11-27,1451,17447,18898
469,2020-11-28,666,10706,11372
469,2020-11-29,159,6245,6404
469,2020-11-30,1396,16194,17590
469,2020-12-01,1442,16268,17710
469,2020-12-02,1482,16297,17779
469,2020-12-03,1502,16685,18187
469,2020-12-04,1481,17292,18773
469,2020-12-05,552,10758,11310
469,2020-12-06,140,6038,6178
469,2020-12-07,1435,16076,17511
469,2020-12-08,1432,16406,17838
469,2020-12-09,1704,16532,18236
469,2020-12-10,1566,17135,18701
469,2020-12-11,1415,17146,18561
469,2020-12-12,613,10499,11112
469,2020-12-13,180,5883,6063
469,2020-12-14,1454,16450,17904
469,2020-12-15,1417,16635,18052
469,2020-12-16,1638,17313,18951
469,2020-12-17,1487,17605,19092
469,2020-12-18,1238,18191,19429
469,2020-12-19,493,10781,11274
469,2020-12-20,145,6019,6164
469,2020-12-21,1060,14509,15569
469,2020-12-22,1009,14953,15962
469,2020-12-23,900,14539,15439
469,2020-12-24,600,11445,12045
469,2020-12-25,82,4911,4993
469,2020-12-26,128,5031,5159
469,2020-12-27,144,4685,4829
469,2020-12-28,749,10036,10785
469,2020-12-29,787,10272,11059
469,2020-12-30,793,11142,11935
469,2020-12-31,548,9143,9691
470,2020-01-01,25,2618,2643
470,2020-01-02,241,5280,5521
470,2020-01-03,256,5959,6215
470,2020-01-04,89,4509,4598
470,2020-01-05,31,3278,3309
470,2020-01-06,417,7872,8289
470,2020-01-07,406,8496,8902
470,2020-01-08,412,8005,8417
470,2020-01-09,398,9005,9403
470,2020-01-10,473,8500,8973
470,2020-01-11,118,5370,5488
470,2020-01-12,32,3579,3611
470,2020-01-13,607,9495,10102
470,2020-01-14,579,9415,9994
470,2020-01-15,553,8871,9424
470,2020-01-16,575,9912,10487
470,2020-01-17,601,9245,9846
470,2020-01-18,119,5396,5515
470,2020-01-19,27,4487,4514
470,2020-01-20,637,9039,9676
470,2020-01-21,595,9396,9991
470,2020-01-22,648,9113,9761
470,2020-01-23,653,9803,10456
470,2020-01-24,656,9838,10494
470,2020-01-25,149,5536,5685
470,2020-01-26,35,3669,3704
470,2020-01-27,602,9211,9813
470,2020-01-28,578,9102,9680
470,2020-01-29,588,8842,9430
470,2020-01-30,580,9482,10062
470,2020-01-31,573,9323,9896
470,2020-02-01,170,5670,5840
470,2020-02-02,29,3624,3653
470,2020-02-03,570,9155,9725
470,2020-02-04,605,9260,9865
470,2020-02-05,546,9059,9605
470,2020-02-06,575,9629,10204
470,2020-02-07,589,9365,9954
470,2020-02-08,140,5477,5617
470,2020-02-09,44,3479,3523
470,2020-02-10,530,7822,8352
470,2020-02-11,590,9250,9840
470,2020-02-12,576,8991,9567
470,2020-02-13,525,9804,10329
470,2020-02-14,560,9181,9741
470,2020-02-15,117,5110,5227
470,2020-02-16,31,3341,3372
470,2020-02-17,512,7758,8270
470,2020-02-18,555,8075,8630
470,2020-02-19,574,8158,8732
470,2020-02-20,558,7814,8372
470,2020-02-21,627,8292,8919
470,2020-02-22,126,4860,4986
470,2020-02-23,34,3379,3413
470,2020-02-24,547,8635,9182
470,2020-02-25,649,9589,10238
470,2020-02-26,554,8728,9282
470,2020-02-27,518,8400,8918
470,2020-02-28,520,9429,9949
470,2020-02-29,162,5734,5896
470,2020-03-01,35,3884,3919
470,2020-03-02,656,9784,10440
470,2020-03-03,616,9858,10474
470,2020-03-04,612,9282,9894
470,2020-03-05,520,10457,10977
470,2020-03-06,593,10118,10711
470,2020-03-07,154,5941,6095
470,2020-03-08,33,3975,4008
470,2020-03-09,605,9073,9678
470,2020-03-10,576,9747,10323
470,2020-03-11,621,8925,9546
470,2020-03-12,639,9326,9965
470,2020-03-13,582,9091,9673
470,2020-03-14,165,4585,4750
470,2020-03-15,37,3071,3108
470,2020-03-16,576,6437,7013
470,2020-03-17,556,5873,6429
470,2020-03-18,551,4954,5505
470,2020-03-19,496,4056,4552
470,2020-03-20,351,3630,3981
470,2020-03-21,64,1555,1619
470,2020-03-22,19,1058,1077
470,2020-03-23,285,2820,3105
470,2020-03-24,244,2863,3107
470,2020-03-25,277,2745,3022
470,2020-03-26,298,2945,3243
470,2020-03-27,237,3171,3408
470,2020-03-28,88,2037,2125
470,2020-03-30,264,2832,3096
470,2020-03-31,281,3018,3299
470,2020-04-01,270,3082,3352
470,2020-04-02,287,3021,3308
470,2020-04-03,254,3134,3388
470,2020-04-04,118,2126,2244
470,2020-04-05,17,1259,1276
470,2020-04-06,266,3029,3295
470,2020-04-07,283,3300,3583
470,2020-04-08,278,3435,3713
470,2020-04-09,308,3628,3936
470,2020-04-10,305,3637,3942
470,2020-04-11,90,2651,2741
470,2020-04-12,11,1283,1294
470,2020-04-13,31,1247,1278
470,2020-04-14,387,3338,3725
470,2020-04-15,341,3427,3768
470,2020-04-16,386,3682,4068
470,2020-04-17,356,3937,4293
470,2020-04-18,87,2575,2662
470,2020-04-19,20,1557,1577
470,2020-04-20,463,4886,5349
470,2020-04-21,501,5112,5613
470,2020-04-22,505,5312,5817
470,2020-04-23,570,5458,6028
470,2020-04-24,532,5837,6369
470,2020-04-25,124,3805,3929
470,2020-04-26,33,2317,2350
470,2020-04-27,645,5721,6366
470,2020-04-28,577,5561,6138
470,2020-04-29,518,5646,6164
470,2020-04-30,570,6153,6723
470,2020-05-01,74,2015,2089
470,2020-05-02,106,3466,3572
470,2020-05-03,28,2154,2182
470,2020-05-04,585,5863,6448
470,2020-05-05,548,6160,6708
470,2020-05-06,547,6253,6800
470,2020-05-07,526,6588,7114
470,2020-05-08,628,6759,7387
470,2020-05-09,66,2549,2615
470,2020-05-10,29,2352,2381
470,2020-05-11,549,6672,7221
470,2020-05-12,542,7117,7659
470,2020-05-13,549,7072,7621
470,2020-05-14,545,7076,7621
470,2020-05-15,554,7501,8055
470,2020-05-16,196,5460,5656
470,2020-05-17,53,3553,3606
470,2020-05-18,569,6962,7531
470,2020-05-19,545,7385,7930
470,2020-05-20,592,7715,8307
470,2020-05-21,47,3432,3479
470,2020-05-22,423,6539,6962
470,2020-05-23,186,4722,4908
470,2020-05-24,32,3043,3075
470,2020-05-25,621,7518,8139
470,2020-05-26,685,7762,8447
470,2020-05-27,620,7851,8471
470,2020-05-28,581,8030,8611
470,2020-05-29,592,8474,9066
470,2020-05-30,193,5708,5901
470,2020-05-31,43,3835,3878
470,2020-06-01,89,3547,3636
470,2020-06-02,645,8097,8742
470,2020-06-03,570,7804,8374
470,2020-06-04,614,7992,8606
470,2020-06-05,607,7965,8572
470,2020-06-06,193,5267,5460
470,2020-06-07,28,3508,3536
470,2020-06-08,608,7682,8290
470,2020-06-09,562,8199,8761
470,2020-06-10,606,8171,8777
470,2020-06-11,694,8292,8986
470,2020-06-12,706,8482,9188
470,2020-06-13,168,5833,6001
470,2020-06-14,32,4046,4078
470,2020-06-15,658,8386,9044
470,2020-06-16,637,8515,9152
470,2020-06-17,678,8735,9413
470,2020-06-18,594,8766,9360
470,2020-06-19,605,8904,9509
470,2020-06-20,180,5733,5913
470,2020-06-21,80,3885,3965
470,2020-06-22,475,7093,7568
470,2020-06-23,170,3911,4081
470,2020-06-24,686,8545,9231
470,2020-06-25,658,8746,9404
470,2020-06-26,654,8886,9540
470,2020-06-27,197,5596,5793
470,2020-06-28,53,3137,3190
470,2020-06-29,670,8750,9420
470,2020-06-30,695,8838,9533
470,2020-07-01,655,8744,9399
470,2020-07-02,694,8824,9518
470,2020-07-03,617,9111,9728
470,2020-07-04,194,5778,5972
470,2020-07-05,68,3621,3689
470,2020-07-06,651,8063,8714
470,2020-07-07,611,8279,8890
470,2020-07-08,672,8377,9049
470,2020-07-09,644,8767,9411
470,2020-07-10,568,8669,9237
470,2020-07-11,192,6177,6369
470,2020-07-12,84,4217,4301
470,2020-07-13,641,8454,9095
470,2020-07-14,636,8592,9228
470,2020-07-15,584,8228,8812
470,2020-07-16,605,8483,9088
470,2020-07-17,604,8807,9411
470,2020-07-18,249,6310,6559
470,2020-07-19,91,4399,4490
470,2020-07-20,727,8310,9037
470,2020-07-21,578,8036,8614
470,2020-07-22,697,7896,8593
470,2020-07-23,723,8371,9094
470,2020-07-24,673,8133,8806
470,2020-07-25,205,5330,5535
470,2020-07-26,47,3544,3591
470,2020-07-27,578,7491,8069
470,2020-07-28,581,7770,8351
470,2020-07-29,606,8034,8640
470,2020-07-30,561,7954,8515
470,2020-07-31,435,7419,7854
470,2020-08-01,137,4763,4900
470,2020-08-02,43,3625,3668
470,2020-08-03,427,6293,6720
470,2020-08-04,425,6622,7047
470,2020-08-05,398,6806,7204
470,2020-08-06,404,6709,7113
470,2020-08-07,378,6629,7007
470,2020-08-08,131,4608,4739
470,2020-08-09,55,3288,3343
470,2020-08-10,372,5929,6301
470,2020-08-11,370,6153,6523
470,2020-08-12,392,6318,6710
470,2020-08-13,359,6358,6717
470,2020-08-14,392,6485,6877
470,2020-08-15,52,3400,3452
470,2020-08-16,45,3535,3580
470,2020-08-17,423,6054,6477
470,2020-08-18,445,6354,6799
470,2020-08-19,413,6547,6960
470,2020-08-20,431,6803,7234
470,2020-08-21,411,6594,7005
470,2020-08-22,148,5138,5286
470,2020-08-23,188,4131,4319
470,2020-08-24,566,6438,7004
470,2020-08-25,596,6359,6955
470,2020-08-26,535,6272,6807
470,2020-08-27,522,6799,7321
470,2020-08-28,556,6814,7370
470,2020-08-29,134,4479,4613
470,2020-08-30,43,3057,3100
470,2020-08-31,507,6564,7071
470,2020-09-01,563,6737,7300
470,2020-09-02,530,6919,7449
470,2020-09-03,552,6874,7426
470,2020-09-04,487,7104,7591
470,2020-09-05,227,4381,4608
470,2020-09-06,43,3284,3327
470,2020-09-07,547,7085,7632
470,2020-09-08,521,7632,8153
470,2020-09-09,583,7775,8358
470,2020-09-10,618,8036,8654
470,2020-09-11,603,8178,8781
470,2020-09-12,209,5546,5755
470,2020-09-13,56,4075,4131
470,2020-09-14,603,8141,8744
470,2020-09-15,687,8305,8992
470,2020-09-16,582,8582,9164
470,2020-09-17,618,8657,9275
470,2020-09-18,667,9146,9813
470,2020-09-19,241,5747,5988
470,2020-09-20,80,4105,4185
470,2020-09-21,702,8499,9201
470,2020-09-22,696,8904,9600
470,2020-09-23,677,8795,9472
470,2020-09-24,625,9070,9695
470,2020-09-25,615,8928,9543
470,2020-09-26,224,5509,5733
470,2020-09-27,63,3619,3682
470,2020-09-28,593,8785,9378
470,2020-09-29,751,8840,9591
470,2020-09-30,698,8848,9546
470,2020-10-01,663,9448,10111
470,2020-10-02,626,9244,9870
470,2020-10-03,217,5610,5827
470,2020-10-04,60,4349,4409
470,2020-10-05,592,8796,9388
470,2020-10-06,683,9080,9763
470,2020-10-07,679,8835,9514
470,2020-10-08,669,9254,9923
470,2020-10-09,621,9303,9924
470,2020-10-10,224,6270,6494
470,2020-10-11,69,4011,4080
470,2020-10-12,609,8693,9302
470,2020-10-13,624,8995,9619
470,2020-10-14,632,8849,9481
470,2020-10-15,631,9228,9859
470,2020-10-16,666,9068,9734
470,2020-10-17,258,5961,6219
470,2020-10-18,86,3766,3852
470,2020-10-19,682,8592,9274
470,2020-10-20,651,9095,9746
470,2020-10-21,633,8530,9163
470,2020-10-22,641,8818,9459
470,2020-10-23,628,8561,9189
470,2020-10-24,195,5468,5663
470,2020-10-25,62,3078,3140
470,2020-10-26,617,8054,8671
470,2020-10-27,603,8320,8923
470,2020-10-28,618,8514,9132
470,2020-10-29,602,8812,9414
470,2020-10-30,596,8523,9119
470,2020-11-01,41,2690,2731
470,2020-11-02,555,7168,7723
470,2020-11-03,593,7189,7782
470,2020-11-04,581,7309,7890
470,2020-11-05,627,7378,8005
470,2020-11-06,631,7949,8580
470,2020-11-07,231,5248,5479
470,2020-11-08,74,3296,3370
470,2020-11-09,622,8000,8622
470,2020-11-10,666,8052,8718
470,2020-11-11,571,8248,8819
470,2020-11-12,602,8431,9033
470,2020-11-13,649,8564,9213
470,2020-11-14,207,5439,5646
470,2020-11-15,67,3312,3379
470,2020-11-16,579,7778,8357
470,2020-11-17,610,8250,8860
470,2020-11-18,635,8513,9148
470,2020-11-19,590,8465,9055
470,2020-11-20,585,8888,9473
470,2020-11-21,96,1594,1690
470,2020-11-22,71,3182,3253
470,2020-11-23,637,8049,8686
470,2020-11-24,637,8209,8846
470,2020-11-25,603,7878,8481
470,2020-11-26,650,8063,8713
470,2020-11-27,659,8524,9183
470,2020-11-28,224,5034,5258
470,2020-11-29,55,3030,3085
470,2020-11-30,604,7742,8346
470,2020-12-01,699,8038,8737
470,2020-12-02,624,7931,8555
470,2020-12-03,655,8115,8770
470,2020-12-04,573,8476,9049
470,2020-12-05,193,5114,5307
470,2020-12-06,46,3155,3201
470,2020-12-07,579,7919,8498
470,2020-12-08,550,8288,8838
470,2020-12-09,665,7955,8620
470,2020-12-10,587,8217,8804
470,2020-12-11,610,8322,8932
470,2020-12-12,217,4936,5153
470,2020-12-13,48,2963,3011
470,2020-12-14,639,7942,8581
470,2020-12-15,597,8444,9041
470,2020-12-16,653,8482,9135
470,2020-12-17,585,8531,9116
470,2020-12-18,501,8603,9104
470,2020-12-19,169,4961,5130
470,2020-12-20,47,2897,2944
470,2020-12-21,379,6614,6993
470,2020-12-22,381,6984,7365
470,2020-12-23,374,6846,7220
470,2020-12-24,264,5481,5745
470,2020-12-25,34,2438,2472
470,2020-12-26,49,2484,2533
470,2020-12-27,43,2131,2174
470,2020-12-28,295,4608,4903
470,2020-12-29,304,4595,4899
470,2020-12-30,300,5057,5357
470,2020-12-31,214,4190,4404
473,2020-01-01,23,3784,3807
473,2020-01-02,321,8135,8456
473,2020-01-03,299,8821,9120
473,2020-01-04,83,6393,6476
473,2020-01-05,18,4825,4843
473,2020-01-06,421,10652,11073
473,2020-01-07,425,10844,11269
473,2020-01-08,439,10803,11242
473,2020-01-09,433,11102,11535
473,2020-01-10,483,11350,11833
473,2020-01-11,106,7546,7652
473,2020-01-12,24,5233,5257
473,2020-01-13,583,11303,11886
473,2020-01-14,652,11096,11748
473,2020-01-15,647,11163,11810
473,2020-01-16,679,11660,12339
473,2020-01-17,683,11486,12169
473,2020-01-18,103,7792,7895
473,2020-01-19,25,5583,5608
473,2020-01-20,696,10987,11683
473,2020-01-21,680,11265,11945
473,2020-01-22,726,10864,11590
473,2020-01-23,747,11389,12136
473,2020-01-24,743,11518,12261
473,2020-01-25,94,7330,7424
473,2020-01-26,28,5284,5312
473,2020-01-27,687,11105,11792
473,2020-01-29,648,11216,11864
473,2020-01-30,642,11558,12200
473,2020-01-31,651,11211,11862
473,2020-02-01,107,7695,7802
473,2020-02-02,24,5266,5290
473,2020-02-03,621,11441,12062
473,2020-02-05,696,11563,12259
473,2020-02-06,640,11820,12460
473,2020-02-07,735,11876,12611
473,2020-02-08,141,7736,7877
473,2020-02-09,31,4775,4806
473,2020-02-10,572,9290,9862
473,2020-02-11,627,11407,12034
473,2020-02-12,636,11309,11945
473,2020-02-13,592,11424,12016
473,2020-02-14,622,11971,12593
473,2020-02-15,101,7502,7603
473,2020-02-16,21,5521,5542
473,2020-02-17,582,10038,10620
473,2020-02-18,648,9987,10635
473,2020-02-19,652,10157,10809
473,2020-02-20,667,10205,10872
473,2020-02-21,653,10429,11082
473,2020-02-22,100,7427,7527
473,2020-02-23,30,4998,5028
473,2020-02-24,560,10170,10730
473,2020-02-25,672,10947,11619
473,2020-02-26,706,11277,11983
473,2020-02-27,515,9362,9877
473,2020-02-28,621,11629,12250
473,2020-02-29,128,8071,8199
473,2020-03-01,43,5459,5502
473,2020-03-02,708,11415,12123
473,2020-03-03,689,11342,12031
473,2020-03-04,676,11290,11966
473,2020-03-05,683,11424,12107
473,2020-03-06,750,11517,12267
473,2020-03-07,175,9917,10092
473,2020-03-08,30,5801,5831
473,2020-03-09,709,11050,11759
473,2020-03-10,701,11252,11953
473,2020-03-11,690,11490,12180
473,2020-03-12,678,11969,12647
473,2020-03-13,678,11801,12479
473,2020-03-14,172,6485,6657
473,2020-03-15,39,5487,5526
473,2020-03-16,695,8423,9118
473,2020-03-17,706,7132,7838
473,2020-03-18,631,5588,6219
473,2020-03-19,558,4723,5281
473,2020-03-20,450,4275,4725
473,2020-03-21,62,1888,1950
473,2020-03-22,10,1405,1415
473,2020-03-23,272,2949,3221
473,2020-03-24,302,2995,3297
473,2020-03-25,292,2936,3228
473,2020-03-26,275,2978,3253
473,2020-03-27,286,3319,3605
473,2020-03-28,67,2395,2462
473,2020-03-30,267,3079,3346
473,2020-03-31,289,2977,3266
473,2020-04-01,297,3094,3391
473,2020-04-02,270,3221,3491
473,2020-04-03,276,3378,3654
473,2020-04-04,44,2241,2285
473,2020-04-05,7,1456,1463
473,2020-04-06,262,3205,3467
473,2020-04-07,267,3218,3485
473,2020-04-08,271,3447,3718
473,2020-04-09,274,3625,3899
473,2020-04-10,283,3557,3840
473,2020-04-11,59,2556,2615
473,2020-04-12,5,1219,1224
473,2020-04-13,9,1294,1303
473,2020-04-14,275,3461,3736
473,2020-04-15,296,3466,3762
473,2020-04-16,282,3828,4110
473,2020-04-17,298,4000,4298
473,2020-04-18,63,3234,3297
473,2020-04-19,8,2016,2024
473,2020-04-20,504,5390,5894
473,2020-04-21,548,5736,6284
473,2020-04-22,645,5819,6464
473,2020-04-23,620,6114,6734
473,2020-04-24,650,6342,6992
473,2020-04-25,104,4446,4550
473,2020-04-26,10,2927,2937
473,2020-04-27,589,6367,6956
473,2020-04-28,553,6095,6648
473,2020-04-29,620,6429,7049
473,2020-04-30,733,6781,7514
473,2020-05-01,67,2382,2449
473,2020-05-02,93,4624,4717
473,2020-05-03,11,2840,2851
473,2020-05-04,730,6760,7490
473,2020-05-05,666,7066,7732
473,2020-05-06,698,7011,7709
473,2020-05-07,642,7203,7845
473,2020-05-08,646,7688,8334
473,2020-05-09,43,3314,3357
473,2020-05-10,53,3354,3407
473,2020-05-11,620,7503,8123
473,2020-05-12,730,7774,8504
473,2020-05-13,673,7739,8412
473,2020-05-14,700,7806,8506
473,2020-05-15,727,8253,8980
473,2020-05-16,117,6409,6526
473,2020-05-17,100,5754,5854
473,2020-05-18,629,8517,9146
473,2020-05-19,705,8855,9560
473,2020-05-20,748,9437,10185
473,2020-05-21,71,5529,5600
473,2020-05-22,597,8595,9192
473,2020-05-23,143,6163,6306
473,2020-05-24,31,4772,4803
473,2020-05-25,686,8873,9559
473,2020-05-26,650,9520,10170
473,2020-05-27,711,9559,10270
473,2020-05-28,672,9953,10625
473,2020-05-29,721,10402,11123
473,2020-05-30,122,8212,8334
473,2020-05-31,24,6447,6471
473,2020-06-01,54,6535,6589
473,2020-06-02,630,10168,10798
473,2020-06-03,765,12146,12911
473,2020-06-04,748,12250,12998
473,2020-06-05,704,11915,12619
473,2020-06-06,131,7325,7456
473,2020-06-07,18,5467,5485
473,2020-06-08,677,9754,10431
473,2020-06-09,732,9907,10639
473,2020-06-10,679,10241,10920
473,2020-06-11,543,10356,10899
473,2020-06-12,725,10749,11474
473,2020-06-13,144,8511,8655
473,2020-06-14,46,6090,6136
473,2020-06-15,765,9971,10736
473,2020-06-16,717,10484,11201
473,2020-06-17,683,9778,10461
473,2020-06-18,743,10798,11541
473,2020-06-19,718,11194,11912
473,2020-06-20,141,8678,8819
473,2020-06-21,33,7155,7188
473,2020-06-22,554,9732,10286
473,2020-06-23,88,7282,7370
473,2020-06-24,765,11032,11797
473,2020-06-25,762,11217,11979
473,2020-06-26,757,10900,11657
473,2020-06-27,173,6866,7039
473,2020-06-28,44,4817,4861
473,2020-06-29,715,10322,11037
473,2020-06-30,664,10795,11459
473,2020-07-01,789,11466,12255
473,2020-07-02,697,10878,11575
473,2020-07-03,723,11465,12188
473,2020-07-04,128,7100,7228
473,2020-07-05,47,4883,4930
473,2020-07-06,701,10282,10983
473,2020-07-07,731,10794,11525
473,2020-07-08,779,10712,11491
473,2020-07-09,738,11213,11951
473,2020-07-10,788,11352,12140
473,2020-07-11,135,8463,8598
473,2020-07-12,53,6260,6313
473,2020-07-13,914,11092,12006
473,2020-07-14,753,10729,11482
473,2020-07-15,709,10550,11259
473,2020-07-16,753,10375,11128
473,2020-07-17,671,10595,11266
473,2020-07-18,153,8135,8288
473,2020-07-19,46,6500,6546
473,2020-07-20,737,10006,10743
473,2020-07-21,708,10267,10975
473,2020-07-22,653,10343,10996
473,2020-07-23,761,10366,11127
473,2020-07-24,714,10278,10992
473,2020-07-25,174,7547,7721
473,2020-07-26,41,5658,5699
473,2020-07-27,682,9878,10560
473,2020-07-28,734,9694,10428
473,2020-07-29,739,10078,10817
473,2020-07-30,656,10155,10811
473,2020-07-31,577,9894,10471
473,2020-08-01,147,7201,7348
473,2020-08-02,44,6309,6353
473,2020-08-03,498,8569,9067
473,2020-08-04,538,8835,9373
473,2020-08-05,492,9168,9660
473,2020-08-06,507,9288,9795
473,2020-08-07,462,9312,9774
473,2020-08-08,120,7201,7321
473,2020-08-09,29,5786,5815
473,2020-08-10,457,8551,9008
473,2020-08-11,445,8621,9066
473,2020-08-12,465,8794,9259
473,2020-08-13,430,8969,9399
473,2020-08-14,450,9351,9801
473,2020-08-15,68,6074,6142
473,2020-08-16,27,6282,6309
473,2020-08-17,466,8629,9095
473,2020-08-18,476,8733,9209
473,2020-08-19,469,9427,9896
473,2020-08-20,464,9469,9933
473,2020-08-21,464,9637,10101
473,2020-08-22,108,7496,7604
473,2020-08-23,45,6005,6050
473,2020-08-24,693,9369,10062
473,2020-08-25,681,9824,10505
473,2020-08-26,652,9660,10312
473,2020-08-27,710,10310,11020
473,2020-08-28,676,9641,10317
473,2020-08-29,91,7326,7417
473,2020-08-30,34,5944,5978
473,2020-08-31,686,9488,10174
473,2020-09-01,733,9764,10497
473,2020-09-02,636,9385,10021
473,2020-09-03,598,9445,10043
473,2020-09-04,568,8149,8717
473,2020-09-05,274,6134,6408
473,2020-09-06,56,5401,5457
473,2020-09-07,645,9689,10334
473,2020-09-08,619,10338,10957
473,2020-09-09,652,10189,10841
473,2020-09-10,664,10367,11031
473,2020-09-11,683,10820,11503
473,2020-09-12,203,8457,8660
473,2020-09-13,104,7571,7675
473,2020-09-14,653,11276,11929
473,2020-09-15,768,11912,12680
473,2020-09-16,794,11955,12749
473,2020-09-17,723,12105,12828
473,2020-09-18,721,12224,12945
473,2020-09-19,183,9227,9410
473,2020-09-20,92,7627,7719
473,2020-09-21,737,11168,11905
473,2020-09-22,775,11522,12297
473,2020-09-23,869,11294,12163
473,2020-09-24,719,11430,12149
473,2020-09-25,705,11588,12293
473,2020-09-26,154,7729,7883
473,2020-09-27,65,5482,5547
473,2020-09-28,671,10760,11431
473,2020-09-29,719,11146,11865
473,2020-09-30,685,11394,12079
473,2020-10-01,664,11241,11905
473,2020-10-02,689,11454,12143
473,2020-10-03,149,7808,7957
473,2020-10-04,75,5486,5561
473,2020-10-05,670,10898,11568
473,2020-10-06,664,10961,11625
473,2020-10-07,676,11526,12202
473,2020-10-08,646,11732,12378
473,2020-10-09,665,11643,12308
473,2020-10-10,176,8281,8457
473,2020-10-11,69,6143,6212
473,2020-10-12,628,10936,11564
473,2020-10-13,609,11215,11824
473,2020-10-14,726,11204,11930
473,2020-10-15,733,11559,12292
473,2020-10-16,763,11860,12623
473,2020-10-17,188,8171,8359
473,2020-10-18,65,5780,5845
473,2020-10-19,703,10898,11601
473,2020-10-20,823,11467,12290
473,2020-10-21,643,11332,11975
473,2020-10-22,662,11450,12112
473,2020-10-23,622,11062,11684
473,2020-10-24,199,7909,8108
473,2020-10-25,130,6374,6504
473,2020-10-26,624,10764,11388
473,2020-10-27,658,11026,11684
473,2020-10-28,635,11156,11791
473,2020-10-29,683,11434,12117
473,2020-10-30,698,11556,12254
473,2020-11-01,53,4218,4271
473,2020-11-02,581,10189,10770
473,2020-11-03,624,10421,11045
473,2020-11-04,667,10832,11499
473,2020-11-05,621,10916,11537
473,2020-11-06,627,11095,11722
473,2020-11-07,188,8384,8572
473,2020-11-08,71,5558,5629
473,2020-11-09,714,10400,11114
473,2020-11-10,727,10899,11626
473,2020-11-11,739,10723,11462
473,2020-11-12,655,10990,11645
473,2020-11-13,731,11149,11880
473,2020-11-14,169,8219,8388
473,2020-11-15,82,5148,5230
473,2020-11-16,711,10486,11197
473,2020-11-17,721,10747,11468
473,2020-11-18,674,11006,11680
473,2020-11-19,671,11162,11833
473,2020-11-20,716,11543,12259
473,2020-11-21,168,7733,7901
473,2020-11-22,44,4973,5017
473,2020-11-23,731,10518,11249
473,2020-11-24,688,10771,11459
473,2020-11-25,733,11276,12009
473,2020-11-26,666,10745,11411
473,2020-11-27,791,11181,11972
473,2020-11-28,152,7425,7577
473,2020-11-29,63,4546,4609
473,2020-11-30,716,10476,11192
473,2020-12-01,704,10542,11246
473,2020-12-02,727,10640,11367
473,2020-12-03,654,10656,11310
473,2020-12-04,684,10967,11651
473,2020-12-05,160,7298,7458
473,2020-12-06,55,4404,4459
473,2020-12-07,691,10286,10977
473,2020-12-08,756,10783,11539
473,2020-12-09,686,10808,11494
473,2020-12-10,732,10972,11704
473,2020-12-11,708,10524,11232
473,2020-12-12,135,6473,6608
473,2020-12-13,57,4202,4259
473,2020-12-14,796,10069,10865
473,2020-12-15,720,10354,11074
473,2020-12-16,756,10085,10841
473,2020-12-17,720,10149,10869
473,2020-12-18,598,10128,10726
473,2020-12-19,127,6540,6667
473,2020-12-20,61,4067,4128
473,2020-12-21,419,8614,9033
473,2020-12-22,405,8904,9309
473,2020-12-23,388,8759,9147
473,2020-12-24,297,6410,6707
473,2020-12-25,37,3245,3282
473,2020-12-26,49,3192,3241
473,2020-12-27,42,2955,2997
473,2020-12-28,315,6285,6600
473,2020-12-29,341,6560,6901
473,2020-12-30,362,7030,7392
473,2020-12-31,271,5286,5557
474,2020-01-01,32,1594,1626
474,2020-01-02,133,2448,2581
474,2020-01-03,155,2661,2816
474,2020-01-04,102,2402,2504
474,2020-01-05,38,2106,2144
474,2020-01-06,224,3035,3259
474,2020-01-07,234,3416,3650
474,2020-01-08,223,3388,3611
474,2020-01-09,261,3526,3787
474,2020-01-10,285,3653,3938
474,2020-01-11,101,2847,2948
474,2020-01-12,38,2366,2404
474,2020-01-13,333,3549,3882
474,2020-01-14,344,3792,4136
474,2020-01-15,379,3796,4175
474,2020-01-16,364,4021,4385
474,2020-01-17,347,3887,4234
474,2020-01-18,114,3010,3124
474,2020-01-19,41,2583,2624
474,2020-01-20,341,3661,4002
474,2020-01-21,344,3968,4312
474,2020-01-22,365,3911,4276
474,2020-01-23,373,3804,4177
474,2020-01-24,342,3983,4325
474,2020-01-25,130,2905,3035
474,2020-01-26,36,2488,2524
474,2020-01-27,319,3554,3873
474,2020-01-28,338,3747,4085
474,2020-01-29,366,3665,4031
474,2020-01-30,367,3900,4267
474,2020-01-31,382,3977,4359
474,2020-02-01,113,2846,2959
474,2020-02-02,36,2220,2256
474,2020-02-03,404,3595,3999
474,2020-02-04,295,2876,3171
474,2020-02-05,310,2960,3270
474,2020-02-06,315,2977,3292
474,2020-02-07,343,3476,3819
474,2020-02-08,126,3019,3145
474,2020-02-09,37,2250,2287
474,2020-02-10,398,3372,3770
474,2020-02-11,441,3941,4382
474,2020-02-12,411,3960,4371
474,2020-02-13,322,3864,4186
474,2020-02-14,346,4050,4396
474,2020-02-15,121,3210,3331
474,2020-02-16,33,2758,2791
474,2020-02-17,291,3181,3472
474,2020-02-18,336,3462,3798
474,2020-02-19,286,3562,3848
474,2020-02-20,323,3503,3826
474,2020-02-21,331,3647,3978
474,2020-02-22,116,3108,3224
474,2020-02-23,37,2380,2417
474,2020-02-24,298,3091,3389
474,2020-02-25,353,3717,4070
474,2020-02-26,350,3874,4224
474,2020-02-27,348,3563,3911
474,2020-02-28,359,4058,4417
474,2020-02-29,115,3108,3223
474,2020-03-01,33,2588,2621
474,2020-03-02,381,3592,3973
474,2020-03-03,340,3897,4237
474,2020-03-04,388,3926,4314
474,2020-03-05,332,4015,4347
474,2020-03-06,406,4044,4450
474,2020-03-07,108,3443,3551
474,2020-03-08,36,2882,2918
474,2020-03-09,428,3654,4082
474,2020-03-10,410,3788,4198
474,2020-03-11,310,3813,4123
474,2020-03-12,336,3917,4253
474,2020-03-13,387,3957,4344
474,2020-03-14,112,2560,2672
474,2020-03-15,42,3125,3167
474,2020-03-16,285,3104,3389
474,2020-03-17,287,2945,3232
474,2020-03-18,314,2358,2672
474,2020-03-19,216,2041,2257
474,2020-03-20,271,2133,2404
474,2020-03-21,68,1006,1074
474,2020-03-22,8,759,767
474,2020-03-23,262,1792,2054
474,2020-03-24,241,1795,2036
474,2020-03-25,243,1721,1964
474,2020-03-26,217,1791,2008
474,2020-03-27,191,1966,2157
474,2020-03-28,110,1383,1493
474,2020-03-30,178,1828,2006
474,2020-03-31,183,1855,2038
474,2020-04-01,170,1894,2064
474,2020-04-02,177,1865,2042
474,2020-04-03,180,1917,2097
474,2020-04-04,91,1311,1402
474,2020-04-05,8,1007,1015
474,2020-04-06,170,1953,2123
474,2020-04-07,182,2079,2261
474,2020-04-08,199,2043,2242
474,2020-04-09,206,2145,2351
474,2020-04-10,147,2233,2380
474,2020-04-11,75,1541,1616
474,2020-04-12,4,855,859
474,2020-04-13,15,774,789
474,2020-04-14,184,2202,2386
474,2020-04-15,191,2149,2340
474,2020-04-16,196,2239,2435
474,2020-04-17,189,2505,2694
474,2020-04-18,90,1519,1609
474,2020-04-19,10,1130,1140
474,2020-04-20,268,2379,2647
474,2020-04-21,343,2531,2874
474,2020-04-22,383,2591,2974
474,2020-04-23,320,2724,3044
474,2020-04-24,406,2890,3296
474,2020-04-25,108,2251,2359
474,2020-04-26,7,2125,2132
474,2020-04-27,350,2781,3131
474,2020-04-28,406,2717,3123
474,2020-04-29,329,2871,3200
474,2020-04-30,338,3119,3457
474,2020-05-01,19,1176,1195
474,2020-05-02,101,2007,2108
474,2020-05-03,7,1842,1849
474,2020-05-04,370,2984,3354
474,2020-05-05,311,3068,3379
474,2020-05-06,315,3267,3582
474,2020-05-07,302,3326,3628
474,2020-05-08,326,3665,3991
474,2020-05-09,42,1800,1842
474,2020-05-10,31,1677,1708
474,2020-05-11,280,3199,3479
474,2020-05-12,300,3533,3833
474,2020-05-13,360,3545,3905
474,2020-05-14,321,3500,3821
474,2020-05-15,303,3830,4133
474,2020-05-16,138,3693,3831
474,2020-05-17,54,4193,4247
474,2020-05-18,391,3682,4073
474,2020-05-19,333,3925,4258
474,2020-05-20,356,3917,4273
474,2020-05-21,55,4019,4074
474,2020-05-22,433,3651,4084
474,2020-05-23,95,2644,2739
474,2020-05-24,46,3011,3057
474,2020-05-25,323,3624,3947
474,2020-05-26,325,4036,4361
474,2020-05-27,306,4007,4313
474,2020-05-28,341,4136,4477
474,2020-05-29,335,4450,4785
474,2020-05-30,134,3840,3974
474,2020-05-31,59,4633,4692
474,2020-06-01,56,4699,4755
474,2020-06-02,306,4292,4598
474,2020-06-03,330,4005,4335
474,2020-06-04,346,3846,4192
474,2020-06-05,371,3974,4345
474,2020-06-06,141,3078,3219
474,2020-06-07,36,3343,3379
474,2020-06-08,359,3794,4153
474,2020-06-09,378,4052,4430
474,2020-06-10,340,4033,4373
474,2020-06-11,321,4341,4662
474,2020-06-12,402,4563,4965
474,2020-06-13,112,3589,3701
474,2020-06-14,53,3399,3452
474,2020-06-15,376,3936,4312
474,2020-06-16,391,4107,4498
474,2020-06-17,346,3814,4160
474,2020-06-18,402,4313,4715
474,2020-06-19,332,4396,4728
474,2020-06-20,148,3737,3885
474,2020-06-21,58,4432,4490
474,2020-06-22,290,3722,4012
474,2020-06-23,73,3998,4071
474,2020-06-24,313,4267,4580
474,2020-06-25,344,4359,4703
474,2020-06-26,310,4276,4586
474,2020-06-27,137,3717,3854
474,2020-06-28,64,3566,3630
474,2020-06-29,316,3737,4053
474,2020-06-30,311,4087,4398
474,2020-07-01,352,4105,4457
474,2020-07-02,335,4086,4421
474,2020-07-03,324,4599,4923
474,2020-07-04,122,3836,3958
474,2020-07-05,51,3379,3430
474,2020-07-06,355,3875,4230
474,2020-07-07,336,4475,4811
474,2020-07-08,352,4620,4972
474,2020-07-09,362,4507,4869
474,2020-07-10,386,4428,4814
474,2020-07-11,126,4073,4199
474,2020-07-12,66,4788,4854
474,2020-07-13,344,4190,4534
474,2020-07-14,361,4174,4535
474,2020-07-15,296,4081,4377
474,2020-07-16,296,4046,4342
474,2020-07-17,324,4405,4729
474,2020-07-18,127,3809,3936
474,2020-07-19,61,4651,4712
474,2020-07-20,296,3909,4205
474,2020-07-21,301,4351,4652
474,2020-07-22,345,4735,5080
474,2020-07-23,343,4670,5013
474,2020-07-24,332,4765,5097
474,2020-07-25,161,3697,3858
474,2020-07-26,61,3624,3685
474,2020-07-27,289,3935,4224
474,2020-07-28,332,4161,4493
474,2020-07-29,301,4242,4543
474,2020-07-30,283,4374,4657
474,2020-07-31,264,4179,4443
474,2020-08-01,109,3498,3607
474,2020-08-02,55,4125,4180
474,2020-08-03,211,3353,3564
474,2020-08-04,186,3826,4012
474,2020-08-05,195,3912,4107
474,2020-08-06,185,3933,4118
474,2020-08-07,226,3904,4130
474,2020-08-08,99,3426,3525
474,2020-08-09,42,3465,3507
474,2020-08-10,192,3315,3507
474,2020-08-11,197,3556,3753
474,2020-08-12,201,3499,3700
474,2020-08-13,197,3544,3741
474,2020-08-14,217,3704,3921
474,2020-08-15,50,3821,3871
474,2020-08-16,51,3876,3927
474,2020-08-17,186,3362,3548
474,2020-08-18,238,3589,3827
474,2020-08-19,203,3863,4066
474,2020-08-20,204,3892,4096
474,2020-08-21,243,3843,4086
474,2020-08-22,125,3656,3781
474,2020-08-23,55,3822,3877
474,2020-08-24,295,3437,3732
474,2020-08-25,313,3832,4145
474,2020-08-26,307,3813,4120
474,2020-08-27,310,4109,4419
474,2020-08-28,328,3900,4228
474,2020-08-29,110,3416,3526
474,2020-08-30,67,3370,3437
474,2020-08-31,319,3541,3860
474,2020-09-01,314,3778,4092
474,2020-09-02,256,3951,4207
474,2020-09-03,298,4053,4351
474,2020-09-04,311,4728,5039
474,2020-09-05,144,3453,3597
474,2020-09-06,51,3715,3766
474,2020-09-07,299,3960,4259
474,2020-09-08,319,4413,4732
474,2020-09-09,332,4248,4580
474,2020-09-10,338,4255,4593
474,2020-09-11,370,4679,5049
474,2020-09-12,136,4348,4484
474,2020-09-13,72,4975,5047
474,2020-09-14,366,4174,4540
474,2020-09-15,394,4442,4836
474,2020-09-16,401,4414,4815
474,2020-09-17,421,4451,4872
474,2020-09-18,425,4936,5361
474,2020-09-19,229,4346,4575
474,2020-09-20,77,4817,4894
474,2020-09-21,388,4399,4787
474,2020-09-22,452,4703,5155
474,2020-09-23,422,4322,4744
474,2020-09-24,387,4180,4567
474,2020-09-25,416,4494,4910
474,2020-09-26,225,3361,3586
474,2020-09-27,60,2718,2778
474,2020-09-28,418,3723,4141
474,2020-09-29,391,4129,4520
474,2020-09-30,457,4328,4785
474,2020-10-01,430,3991,4421
474,2020-10-02,404,4485,4889
474,2020-10-03,142,3386,3528
474,2020-10-04,51,2690,2741
474,2020-10-05,374,3784,4158
474,2020-10-06,422,4116,4538
474,2020-10-07,360,4114,4474
474,2020-10-08,341,4000,4341
474,2020-10-09,348,4278,4626
474,2020-10-10,160,3728,3888
474,2020-10-11,55,3325,3380
474,2020-10-12,338,3354,3692
474,2020-10-13,414,3761,4175
474,2020-10-14,435,3962,4397
474,2020-10-15,411,3938,4349
474,2020-10-16,394,4147,4541
474,2020-10-17,159,3544,3703
474,2020-10-18,63,3018,3081
474,2020-10-19,435,3929,4364
474,2020-10-20,443,3960,4403
474,2020-10-21,397,3981,4378
474,2020-10-22,391,4152,4543
474,2020-10-23,311,3702,4013
474,2020-10-24,166,3044,3210
474,2020-10-25,43,2334,2377
474,2020-10-26,395,3694,4089
474,2020-10-27,348,3817,4165
474,2020-10-28,411,3914,4325
474,2020-10-29,439,3823,4262
474,2020-10-30,389,4059,4448
474,2020-11-01,40,1817,1857
474,2020-11-02,416,3406,3822
474,2020-11-03,412,3731,4143
474,2020-11-04,499,4330,4829
474,2020-11-05,392,4002,4394
474,2020-11-06,371,4384,4755
474,2020-11-07,183,3670,3853
474,2020-11-08,41,3004,3045
474,2020-11-09,465,3983,4448
474,2020-11-10,465,3752,4217
474,2020-11-11,390,3801,4191
474,2020-11-12,411,3952,4363
474,2020-11-13,393,4187,4580
474,2020-11-14,166,3891,4057
474,2020-11-15,54,2768,2822
474,2020-11-16,419,3628,4047
474,2020-11-17,433,3911,4344
474,2020-11-18,422,4171,4593
474,2020-11-19,413,3849,4262
474,2020-11-20,358,4354,4712
474,2020-11-21,157,3255,3412
474,2020-11-22,46,2497,2543
474,2020-11-23,370,3633,4003
474,2020-11-24,343,3888,4231
474,2020-11-25,381,3839,4220
474,2020-11-26,359,3644,4003
474,2020-11-27,366,3802,4168
474,2020-11-28,157,2764,2921
474,2020-11-29,48,1887,1935
474,2020-11-30,348,3528,3876
474,2020-12-01,359,3718,4077
474,2020-12-02,369,3699,4068
474,2020-12-03,381,3657,4038
474,2020-12-04,367,3802,4169
474,2020-12-05,139,2786,2925
474,2020-12-06,44,1828,1872
474,2020-12-07,344,3414,3758
474,2020-12-08,372,3662,4034
474,2020-12-09,414,3692,4106
474,2020-12-10,364,3758,4122
474,2020-12-11,348,3811,4159
474,2020-12-12,128,2435,2563
474,2020-12-13,33,1964,1997
474,2020-12-14,373,3640,4013
474,2020-12-15,344,3879,4223
474,2020-12-16,422,3674,4096
474,2020-12-17,396,3652,4048
474,2020-12-18,358,3816,4174
474,2020-12-19,147,2592,2739
474,2020-12-20,36,1912,1948
474,2020-12-21,221,3054,3275
474,2020-12-22,196,3185,3381
474,2020-12-23,218,3104,3322
474,2020-12-24,156,2213,2369
474,2020-12-25,25,1604,1629
474,2020-12-26,40,1534,1574
474,2020-12-27,43,1221,1264
474,2020-12-28,172,2363,2535
474,2020-12-29,185,2457,2642
474,2020-12-30,175,2773,2948
474,2020-12-31,159,1921,2080
479,2020-01-01,31,3153,3184
479,2020-01-02,356,6355,6711
479,2020-01-03,305,6853,7158
479,2020-01-04,119,4828,4947
479,2020-01-05,35,3796,3831
479,2020-01-06,447,8462,8909
479,2020-01-07,434,8648,9082
479,2020-01-08,396,7628,8024
479,2020-01-09,397,7846,8243
479,2020-01-10,499,8898,9397
479,2020-01-11,140,5816,5956
479,2020-01-12,39,4132,4171
479,2020-01-13,615,8974,9589
479,2020-01-14,674,8796,9470
479,2020-01-15,709,9022,9731
479,2020-01-16,753,9234,9987
479,2020-01-17,719,8934,9653
479,2020-01-18,133,6044,6177
479,2020-01-19,51,4416,4467
479,2020-01-20,748,8717,9465
479,2020-01-21,815,8953,9768
479,2020-01-22,817,8777,9594
479,2020-01-23,790,8989,9779
479,2020-01-24,792,8970,9762
479,2020-01-25,123,5761,5884
479,2020-01-26,44,4204,4248
479,2020-01-27,756,8686,9442
479,2020-01-28,683,8973,9656
479,2020-01-29,718,8841,9559
479,2020-01-30,648,9198,9846
479,2020-01-31,655,8601,9256
479,2020-02-01,141,5896,6037
479,2020-02-02,35,4049,4084
479,2020-02-03,625,8792,9417
479,2020-02-04,639,9235,9874
479,2020-02-05,689,9279,9968
479,2020-02-06,629,9250,9879
479,2020-02-07,697,9246,9943
479,2020-02-08,166,6046,6212
479,2020-02-09,39,3679,3718
479,2020-02-10,681,8531,9212
479,2020-02-11,601,9230,9831
479,2020-02-12,641,9230,9871
479,2020-02-13,617,9196,9813
479,2020-02-14,620,9334,9954
479,2020-02-15,130,5468,5598
479,2020-02-16,30,4123,4153
479,2020-02-17,587,7827,8414
479,2020-02-18,594,7920,8514
479,2020-02-19,661,7869,8530
479,2020-02-20,661,7926,8587
479,2020-02-21,689,8284,8973
479,2020-02-22,144,5369,5513
479,2020-02-23,38,3868,3906
479,2020-02-24,571,8138,8709
479,2020-02-25,665,8591,9256
479,2020-02-26,662,8786,9448
479,2020-02-27,518,7657,8175
479,2020-02-28,619,9311,9930
479,2020-02-29,163,5874,6037
479,2020-03-01,55,4500,4555
479,2020-03-02,682,9003,9685
479,2020-03-03,697,8913,9610
479,2020-03-04,710,9012,9722
479,2020-03-05,672,8717,9389
479,2020-03-06,731,8972,9703
479,2020-03-07,180,6141,6321
479,2020-03-08,39,4346,4385
479,2020-03-09,701,8460,9161
479,2020-03-10,681,8642,9323
479,2020-03-11,717,8443,9160
479,2020-03-12,657,8447,9104
479,2020-03-13,717,8486,9203
479,2020-03-14,196,4568,4764
479,2020-03-15,41,3820,3861
479,2020-03-16,713,6305,7018
479,2020-03-17,699,5411,6110
479,2020-03-18,633,4289,4922
479,2020-03-19,557,3619,4176
479,2020-03-20,436,3172,3608
479,2020-03-21,91,1262,1353
479,2020-03-22,12,976,988
479,2020-03-23,300,2255,2555
479,2020-03-24,307,2209,2516
479,2020-03-25,312,2237,2549
479,2020-03-26,305,2325,2630
479,2020-03-27,291,2520,2811
479,2020-03-28,92,1662,1754
479,2020-03-30,292,2359,2651
479,2020-03-31,287,2266,2553
479,2020-04-01,335,2426,2761
479,2020-04-02,295,2447,2742
479,2020-04-03,280,2653,2933
479,2020-04-04,77,1585,1662
479,2020-04-05,14,1090,1104
479,2020-04-06,278,2487,2765
479,2020-04-07,306,2485,2791
479,2020-04-08,301,2661,2962
479,2020-04-09,292,2689,2981
479,2020-04-10,297,2700,2997
479,2020-04-11,78,1893,1971
479,2020-04-12,8,1023,1031
479,2020-04-13,10,1030,1040
479,2020-04-14,303,2650,2953
479,2020-04-15,308,2658,2966
479,2020-04-16,294,2890,3184
479,2020-04-17,295,3153,3448
479,2020-04-18,86,2274,2360
479,2020-04-19,11,1574,1585
479,2020-04-20,522,4106,4628
479,2020-04-21,536,4348,4884
479,2020-04-22,599,4420,5019
479,2020-04-23,602,4539,5141
479,2020-04-24,640,4783,5423
479,2020-04-25,125,2976,3101
479,2020-04-26,16,2172,2188
479,2020-04-27,611,5024,5635
479,2020-04-28,550,4752,5302
479,2020-04-29,560,4894,5454
479,2020-04-30,674,5092,5766
479,2020-05-01,34,1845,1879
479,2020-05-02,141,3123,3264
479,2020-05-03,24,2131,2155
479,2020-05-04,675,5225,5900
479,2020-05-05,620,5494,6114
479,2020-05-06,685,5558,6243
479,2020-05-07,644,5496,6140
479,2020-05-08,636,5795,6431
479,2020-05-09,45,2559,2604
479,2020-05-10,34,2433,2467
479,2020-05-11,651,5909,6560
479,2020-05-12,768,6070,6838
479,2020-05-13,735,6156,6891
479,2020-05-14,710,6086,6796
479,2020-05-15,729,6268,6997
479,2020-05-16,146,3479,3625
479,2020-05-17,44,3089,3133
479,2020-05-18,667,6370,7037
479,2020-05-19,734,6648,7382
479,2020-05-20,788,7050,7838
479,2020-05-21,86,4228,4314
479,2020-05-22,532,6494,7026
479,2020-05-23,139,4436,4575
479,2020-05-24,37,3537,3574
479,2020-05-25,699,6886,7585
479,2020-05-26,663,7169,7832
479,2020-05-27,697,7182,7879
479,2020-05-28,686,7624,8310
479,2020-05-29,727,7780,8507
479,2020-05-30,181,5886,6067
479,2020-05-31,42,4852,4894
479,2020-06-01,75,5066,5141
479,2020-06-02,632,7797,8429
479,2020-06-03,701,7953,8654
479,2020-06-04,678,7932,8610
479,2020-06-05,628,7928,8556
479,2020-06-06,140,5360,5500
479,2020-06-07,34,4201,4235
479,2020-06-08,677,7492,8169
479,2020-06-09,721,7717,8438
479,2020-06-10,674,7923,8597
479,2020-06-11,545,8262,8807
479,2020-06-12,726,8369,9095
479,2020-06-13,150,6108,6258
479,2020-06-14,58,4649,4707
479,2020-06-15,769,7853,8622
479,2020-06-16,774,8315,9089
479,2020-06-17,685,8290,8975
479,2020-06-18,718,8543,9261
479,2020-06-19,717,8667,9384
479,2020-06-20,155,6440,6595
479,2020-06-21,50,5373,5423
479,2020-06-22,570,7347,7917
479,2020-06-23,91,5535,5626
479,2020-06-24,759,8625,9384
479,2020-06-25,738,8805,9543
479,2020-06-26,762,8744,9506
479,2020-06-27,194,2809,3003
479,2020-06-28,109,1904,2013
479,2020-06-29,691,8190,8881
479,2020-06-30,630,8521,9151
479,2020-07-01,750,8849,9599
479,2020-07-02,686,8624,9310
479,2020-07-03,694,9034,9728
479,2020-07-04,49,1242,1291
479,2020-07-05,29,960,989
479,2020-07-06,675,8075,8750
479,2020-07-07,727,8563,9290
479,2020-07-08,766,8577,9343
479,2020-07-09,751,8757,9508
479,2020-07-10,745,8899,9644
479,2020-07-11,178,6173,6351
479,2020-07-12,69,5196,5265
479,2020-07-13,808,8478,9286
479,2020-07-14,748,8397,9145
479,2020-07-15,683,8323,9006
479,2020-07-16,756,8135,8891
479,2020-07-17,700,8229,8929
479,2020-07-18,162,6038,6200
479,2020-07-19,45,4938,4983
479,2020-07-20,752,7627,8379
479,2020-07-21,685,8117,8802
479,2020-07-22,613,8016,8629
479,2020-07-23,764,7965,8729
479,2020-07-24,700,7906,8606
479,2020-07-25,187,5623,5810
479,2020-07-26,53,4343,4396
479,2020-07-27,651,7711,8362
479,2020-07-28,683,7615,8298
479,2020-07-29,712,7959,8671
479,2020-07-30,652,8066,8718
479,2020-07-31,563,7487,8050
479,2020-08-01,139,5220,5359
479,2020-08-02,52,4771,4823
479,2020-08-03,500,6705,7205
479,2020-08-04,559,6851,7410
479,2020-08-05,496,7105,7601
479,2020-08-06,495,7223,7718
479,2020-08-07,449,7090,7539
479,2020-08-08,141,5316,5457
479,2020-08-09,44,4359,4403
479,2020-08-10,453,6591,7044
479,2020-08-11,436,6550,6986
479,2020-08-12,486,6814,7300
479,2020-08-13,441,6760,7201
479,2020-08-14,451,6890,7341
479,2020-08-15,72,4627,4699
479,2020-08-16,42,4642,4684
479,2020-08-17,495,6585,7080
479,2020-08-18,496,6776,7272
479,2020-08-19,514,7205,7719
479,2020-08-20,466,7174,7640
479,2020-08-21,500,7298,7798
479,2020-08-22,151,5500,5651
479,2020-08-23,47,4577,4624
479,2020-08-24,684,7337,8021
479,2020-08-25,676,7625,8301
479,2020-08-26,671,7453,8124
479,2020-08-27,648,8102,8750
479,2020-08-28,671,7219,7890
479,2020-08-29,196,5413,5609
479,2020-08-30,44,4516,4560
479,2020-08-31,670,7402,8072
479,2020-09-01,681,7565,8246
479,2020-09-02,504,6211,6715
479,2020-09-03,479,5992,6471
479,2020-09-04,449,5946,6395
479,2020-09-05,180,3881,4061
479,2020-09-06,44,3550,3594
479,2020-09-07,634,7537,8171
479,2020-09-08,644,8164,8808
479,2020-09-09,676,8007,8683
479,2020-09-10,698,8196,8894
479,2020-09-11,734,8515,9249
479,2020-09-12,253,6461,6714
479,2020-09-13,136,5683,5819
479,2020-09-14,737,8759,9496
479,2020-09-15,774,9513,10287
479,2020-09-16,811,9589,10400
479,2020-09-17,769,9475,10244
479,2020-09-18,779,9591,10370
479,2020-09-19,229,6960,7189
479,2020-09-20,100,5931,6031
479,2020-09-21,747,8294,9041
479,2020-09-22,777,8170,8947
479,2020-09-23,868,8185,9053
479,2020-09-24,777,8110,8887
479,2020-09-25,694,8366,9060
479,2020-09-26,205,5680,5885
479,2020-09-27,86,4191,4277
479,2020-09-28,729,7842,8571
479,2020-09-29,747,8100,8847
479,2020-09-30,715,8137,8852
479,2020-10-01,697,8207,8904
479,2020-10-02,720,8230,8950
479,2020-10-03,172,5641,5813
479,2020-10-04,84,4122,4206
479,2020-10-05,713,8170,8883
479,2020-10-06,724,8606,9330
479,2020-10-07,713,8368,9081
479,2020-10-08,764,8354,9118
479,2020-10-09,700,8282,8982
479,2020-10-10,220,6044,6264
479,2020-10-11,90,4619,4709
479,2020-10-12,734,7916,8650
479,2020-10-13,714,8103,8817
479,2020-10-14,787,8188,8975
479,2020-10-15,741,8246,8987
479,2020-10-16,802,8520,9322
479,2020-10-17,243,5793,6036
479,2020-10-18,99,4275,4374
479,2020-10-19,737,8031,8768
479,2020-10-20,811,8544,9355
479,2020-10-21,629,8276,8905
479,2020-10-22,634,8499,9133
479,2020-10-23,654,8134,8788
479,2020-10-24,213,5586,5799
479,2020-10-25,98,4443,4541
479,2020-10-26,618,7836,8454
479,2020-10-27,653,8021,8674
479,2020-10-28,644,7973,8617
479,2020-10-29,674,8233,8907
479,2020-10-30,640,8282,8922
479,2020-11-01,73,3215,3288
479,2020-11-02,579,7280,7859
479,2020-11-03,655,7608,8263
479,2020-11-04,688,7945,8633
479,2020-11-05,640,7880,8520
479,2020-11-06,632,7918,8550
479,2020-11-07,246,5880,6126
479,2020-11-08,88,4020,4108
479,2020-11-09,704,7610,8314
479,2020-11-10,752,7975,8727
479,2020-11-11,751,7900,8651
479,2020-11-12,670,7918,8588
479,2020-11-13,717,7990,8707
479,2020-11-14,203,5871,6074
479,2020-11-15,85,3815,3900
479,2020-11-16,709,7824,8533
479,2020-11-17,744,7781,8525
479,2020-11-18,690,8114,8804
479,2020-11-19,702,7983,8685
479,2020-11-20,704,8355,9059
479,2020-11-21,215,5495,5710
479,2020-11-22,73,3547,3620
479,2020-11-23,740,7635,8375
479,2020-11-24,722,7845,8567
479,2020-11-25,816,8140,8956
479,2020-11-26,737,7546,8283
479,2020-11-27,841,7880,8721
479,2020-11-28,218,5088,5306
479,2020-11-29,81,3299,3380
479,2020-11-30,789,7509,8298
479,2020-12-01,768,7695,8463
479,2020-12-02,809,7879,8688
479,2020-12-03,729,7859,8588
479,2020-12-04,740,7966,8706
479,2020-12-05,201,5065,5266
479,2020-12-06,82,3279,3361
479,2020-12-07,735,7600,8335
479,2020-12-08,811,7969,8780
479,2020-12-09,765,7990,8755
479,2020-12-10,824,7976,8800
479,2020-12-11,749,7786,8535
479,2020-12-12,179,4718,4897
479,2020-12-13,66,3258,3324
479,2020-12-14,853,7760,8613
479,2020-12-15,730,8027,8757
479,2020-12-16,755,7976,8731
479,2020-12-17,736,7805,8541
479,2020-12-18,600,7942,8542
479,2020-12-19,165,4748,4913
479,2020-12-20,78,3100,3178
479,2020-12-21,430,6600,7030
479,2020-12-22,404,6537,6941
479,2020-12-23,390,6426,6816
479,2020-12-24,308,4760,5068
479,2020-12-25,44,2725,2769
479,2020-12-26,62,2590,2652
479,2020-12-27,64,2208,2272
479,2020-12-28,348,4724,5072
479,2020-12-29,374,4853,5227
479,2020-12-30,376,5164,5540
479,2020-12-31,292,4128,4420
481,2020-01-01,48,2022,2070
481,2020-01-02,186,3627,3813
481,2020-01-03,188,3966,4154
481,2020-01-04,94,3114,3208
481,2020-01-05,34,2470,2504
481,2020-01-06,241,4497,4738
481,2020-01-07,219,4867,5086
481,2020-01-08,241,4800,5041
481,2020-01-09,251,4987,5238
481,2020-01-10,250,4941,5191
481,2020-01-11,113,3779,3892
481,2020-01-12,49,2582,2631
481,2020-01-13,273,4806,5079
481,2020-01-14,271,4989,5260
481,2020-01-15,284,4932,5216
481,2020-01-16,279,5115,5394
481,2020-01-17,293,5121,5414
481,2020-01-18,129,3758,3887
481,2020-01-19,40,2701,2741
481,2020-01-20,321,4755,5076
481,2020-01-21,348,5066,5414
481,2020-01-22,282,4936,5218
481,2020-01-23,291,5022,5313
481,2020-01-24,274,4957,5231
481,2020-01-25,133,3835,3968
481,2020-01-26,47,2722,2769
481,2020-01-27,251,4885,5136
481,2020-01-28,282,5105,5387
481,2020-01-29,305,4911,5216
481,2020-01-30,286,5077,5363
481,2020-01-31,271,5176,5447
481,2020-02-01,106,3915,4021
481,2020-02-02,40,2560,2600
481,2020-02-03,286,4895,5181
481,2020-02-04,292,5151,5443
481,2020-02-05,325,5025,5350
481,2020-02-06,344,5154,5498
481,2020-02-07,340,5086,5426
481,2020-02-08,127,3900,4027
481,2020-02-09,48,2586,2634
481,2020-02-10,316,5038,5354
481,2020-02-11,293,5205,5498
481,2020-02-12,283,4996,5279
481,2020-02-13,294,5030,5324
481,2020-02-14,303,5102,5405
481,2020-02-15,112,2970,3082
481,2020-02-16,44,2169,2213
481,2020-02-17,244,4265,4509
481,2020-02-18,266,4321,4587
481,2020-02-19,257,4336,4593
481,2020-02-20,295,4177,4472
481,2020-02-21,307,4191,4498
481,2020-02-22,97,3078,3175
481,2020-02-23,42,2335,2377
481,2020-02-24,307,4633,4940
481,2020-02-25,279,4925,5204
481,2020-02-26,322,4891,5213
481,2020-02-27,206,3518,3724
481,2020-02-28,252,5019,5271
481,2020-02-29,126,4004,4130
481,2020-03-01,48,2791,2839
481,2020-03-02,274,4856,5130
481,2020-03-03,317,5023,5340
481,2020-03-04,326,5001,5327
481,2020-03-05,267,5096,5363
481,2020-03-06,331,5095,5426
481,2020-03-07,147,4013,4160
481,2020-03-08,56,2739,2795
481,2020-03-09,352,4873,5225
481,2020-03-10,289,4983,5272
481,2020-03-11,303,4922,5225
481,2020-03-12,282,5104,5386
481,2020-03-13,340,4885,5225
481,2020-03-14,124,3075,3199
481,2020-03-15,39,2287,2326
481,2020-03-16,249,3760,4009
481,2020-03-17,239,3380,3619
481,2020-03-18,218,2775,2993
481,2020-03-19,220,2358,2578
481,2020-03-20,166,2249,2415
481,2020-03-21,94,1107,1201
481,2020-03-22,18,737,755
481,2020-03-23,174,1901,2075
481,2020-03-24,175,1932,2107
481,2020-03-25,163,1959,2122
481,2020-03-26,168,2241,2409
481,2020-03-27,171,2603,2774
481,2020-03-28,123,1499,1622
481,2020-03-30,189,2370,2559
481,2020-03-31,202,2338,2540
481,2020-04-01,171,2277,2448
481,2020-04-02,177,2252,2429
481,2020-04-03,168,2350,2518
481,2020-04-04,112,1473,1585
481,2020-04-05,6,810,816
481,2020-04-06,162,2244,2406
481,2020-04-07,172,2329,2501
481,2020-04-08,177,2380,2557
481,2020-04-09,165,2463,2628
481,2020-04-10,179,2455,2634
481,2020-04-11,103,1773,1876
481,2020-04-12,7,793,800
481,2020-04-13,8,856,864
481,2020-04-14,185,2440,2625
481,2020-04-15,180,2452,2632
481,2020-04-16,193,2515,2708
481,2020-04-17,170,2727,2897
481,2020-04-18,112,1722,1834
481,2020-04-19,17,950,967
481,2020-04-20,208,3161,3369
481,2020-04-21,190,3087,3277
481,2020-04-22,203,3118,3321
481,2020-04-23,218,3369,3587
481,2020-04-24,209,3336,3545
481,2020-04-25,121,2343,2464
481,2020-04-26,9,1449,1458
481,2020-04-27,222,3216,3438
481,2020-04-28,225,3153,3378
481,2020-04-29,261,3334,3595
481,2020-04-30,200,3674,3874
481,2020-05-01,13,1254,1267
481,2020-05-02,127,2295,2422
481,2020-05-03,13,1428,1441
481,2020-05-04,287,3852,4139
481,2020-05-05,290,3886,4176
481,2020-05-06,279,4104,4383
481,2020-05-07,344,4155,4499
481,2020-05-08,299,4397,4696
481,2020-05-09,39,1804,1843
481,2020-05-10,46,1683,1729
481,2020-05-11,318,4500,4818
481,2020-05-12,261,4733,4994
481,2020-05-13,303,4711,5014
481,2020-05-14,309,4750,5059
481,2020-05-15,360,4867,5227
481,2020-05-16,279,7898,8177
481,2020-05-17,69,6780,6849
481,2020-05-18,283,5053,5336
481,2020-05-19,293,5057,5350
481,2020-05-20,320,5139,5459
481,2020-05-21,51,2823,2874
481,2020-05-22,268,4586,4854
481,2020-05-23,105,3305,3410
481,2020-05-24,28,2501,2529
481,2020-05-25,317,5161,5478
481,2020-05-26,362,5430,5792
481,2020-05-27,312,5447,5759
481,2020-05-28,324,5552,5876
481,2020-05-29,310,5605,5915
481,2020-05-30,138,4132,4270
481,2020-05-31,38,3036,3074
481,2020-06-01,55,2923,2978
481,2020-06-02,296,5678,5974
481,2020-06-03,302,5431,5733
481,2020-06-04,287,5379,5666
481,2020-06-05,284,5178,5462
481,2020-06-06,129,4062,4191
481,2020-06-07,43,2772,2815
481,2020-06-08,307,5442,5749
481,2020-06-09,321,5655,5976
481,2020-06-10,324,5598,5922
481,2020-06-11,378,5866,6244
481,2020-06-12,346,5801,6147
481,2020-06-13,117,4342,4459
481,2020-06-14,43,3089,3132
481,2020-06-15,354,5431,5785
481,2020-06-16,317,5719,6036
481,2020-06-17,304,5219,5523
481,2020-06-18,320,5978,6298
481,2020-06-19,327,5731,6058
481,2020-06-20,159,4229,4388
481,2020-06-21,64,3089,3153
481,2020-06-22,292,5223,5515
481,2020-06-23,41,2973,3014
481,2020-06-24,344,5691,6035
481,2020-06-25,319,5815,6134
481,2020-06-26,333,5767,6100
481,2020-06-27,235,6933,7168
481,2020-06-28,83,4902,4985
481,2020-06-29,401,5466,5867
481,2020-06-30,389,5620,6009
481,2020-07-01,311,5663,5974
481,2020-07-02,331,5790,6121
481,2020-07-03,332,5811,6143
481,2020-07-04,214,7253,7467
481,2020-07-05,65,4979,5044
481,2020-07-06,318,5526,5844
481,2020-07-07,325,5677,6002
481,2020-07-08,333,5595,5928
481,2020-07-09,325,5805,6130
481,2020-07-10,330,5646,5976
481,2020-07-11,144,4304,4448
481,2020-07-12,50,3462,3512
481,2020-07-13,390,5650,6040
481,2020-07-14,330,5535,5865
481,2020-07-15,302,5471,5773
481,2020-07-16,308,5481,5789
481,2020-07-17,298,5572,5870
481,2020-07-18,140,3986,4126
481,2020-07-19,50,3035,3085
481,2020-07-20,287,5289,5576
481,2020-07-21,313,5384,5697
481,2020-07-22,272,5413,5685
481,2020-07-23,287,5486,5773
481,2020-07-24,256,5328,5584
481,2020-07-25,156,3824,3980
481,2020-07-26,45,2709,2754
481,2020-07-27,270,5061,5331
481,2020-07-28,272,5159,5431
481,2020-07-29,305,5294,5599
481,2020-07-30,243,5471,5714
481,2020-07-31,258,4951,5209
481,2020-08-01,123,3456,3579
481,2020-08-02,43,2635,2678
481,2020-08-03,205,4319,4524
481,2020-08-04,231,4424,4655
481,2020-08-05,233,4605,4838
481,2020-08-06,229,4588,4817
481,2020-08-07,237,4499,4736
481,2020-08-08,128,3210,3338
481,2020-08-09,38,2246,2284
481,2020-08-10,223,4192,4415
481,2020-08-11,240,4269,4509
481,2020-08-12,233,4365,4598
481,2020-08-13,215,4467,4682
481,2020-08-14,241,4454,4695
481,2020-08-15,55,2433,2488
481,2020-08-16,42,2444,2486
481,2020-08-17,202,4168,4370
481,2020-08-18,214,4402,4616
481,2020-08-19,197,4439,4636
481,2020-08-20,215,4484,4699
481,2020-08-21,222,4582,4804
481,2020-08-22,132,3363,3495
481,2020-08-23,64,2530,2594
481,2020-08-24,267,4590,4857
481,2020-08-25,299,4819,5118
481,2020-08-26,247,4918,5165
481,2020-08-27,267,4891,5158
481,2020-08-28,310,5251,5561
481,2020-08-29,205,3582,3787
481,2020-08-30,80,2879,2959
481,2020-08-31,281,4807,5088
481,2020-09-01,282,5057,5339
481,2020-09-02,445,6082,6527
481,2020-09-03,467,6538,7005
481,2020-09-04,465,6646,7111
481,2020-09-05,191,4912,5103
481,2020-09-06,63,3568,3631
481,2020-09-07,389,5326,5715
481,2020-09-08,292,5387,5679
481,2020-09-09,402,5451,5853
481,2020-09-10,351,5337,5688
481,2020-09-11,312,5684,5996
481,2020-09-12,166,4192,4358
481,2020-09-13,72,3337,3409
481,2020-09-14,314,4922,5236
481,2020-09-15,359,5133,5492
481,2020-09-16,338,5213,5551
481,2020-09-17,381,5450,5831
481,2020-09-18,396,5191,5587
481,2020-09-19,184,4040,4224
481,2020-09-20,61,3318,3379
481,2020-09-21,379,5271,5650
481,2020-09-22,376,5795,6171
481,2020-09-23,406,5723,6129
481,2020-09-24,391,5748,6139
481,2020-09-25,390,5530,5920
481,2020-09-26,161,4195,4356
481,2020-09-27,56,2846,2902
481,2020-09-28,365,5058,5423
481,2020-09-29,341,5504,5845
481,2020-09-30,500,5399,5899
481,2020-10-01,357,5419,5776
481,2020-10-02,328,5497,5825
481,2020-10-03,140,4275,4415
481,2020-10-04,74,2843,2917
481,2020-10-05,330,5060,5390
481,2020-10-06,291,5273,5564
481,2020-10-07,302,5474,5776
481,2020-10-08,338,5437,5775
481,2020-10-09,323,5382,5705
481,2020-10-10,183,4544,4727
481,2020-10-11,62,2848,2910
481,2020-10-12,383,5025,5408
481,2020-10-13,375,5284,5659
481,2020-10-14,431,5279,5710
481,2020-10-15,420,5330,5750
481,2020-10-16,404,5471,5875
481,2020-10-17,142,4075,4217
481,2020-10-18,62,2786,2848
481,2020-10-19,341,5107,5448
481,2020-10-20,412,5359,5771
481,2020-10-21,337,5262,5599
481,2020-10-22,386,5421,5807
481,2020-10-23,353,5268,5621
481,2020-10-24,148,3844,3992
481,2020-10-25,54,2460,2514
481,2020-10-26,301,4831,5132
481,2020-10-27,342,4839,5181
481,2020-10-28,377,5250,5627
481,2020-10-29,334,4999,5333
481,2020-10-30,353,5090,5443
481,2020-11-01,63,2101,2164
481,2020-11-02,318,4447,4765
481,2020-11-03,401,4758,5159
481,2020-11-04,410,4771,5181
481,2020-11-05,336,4909,5245
481,2020-11-06,340,5092,5432
481,2020-11-07,156,3994,4150
481,2020-11-08,61,2600,2661
481,2020-11-09,346,4953,5299
481,2020-11-10,370,4999,5369
481,2020-11-11,333,4964,5297
481,2020-11-12,392,5120,5512
481,2020-11-13,354,5289,5643
481,2020-11-14,162,4165,4327
481,2020-11-15,71,2628,2699
481,2020-11-16,332,4703,5035
481,2020-11-17,335,5048,5383
481,2020-11-18,329,5184,5513
481,2020-11-19,335,5188,5523
481,2020-11-20,376,5368,5744
481,2020-11-21,145,3976,4121
481,2020-11-22,58,2429,2487
481,2020-11-23,340,4651,4991
481,2020-11-24,346,4900,5246
481,2020-11-25,332,5212,5544
481,2020-11-26,369,4927,5296
481,2020-11-27,417,5171,5588
481,2020-11-28,155,3677,3832
481,2020-11-29,75,2202,2277
481,2020-11-30,359,4800,5159
481,2020-12-01,320,4608,4928
481,2020-12-02,387,4485,4872
481,2020-12-03,347,4521,4868
481,2020-12-04,322,4645,4967
481,2020-12-05,158,3502,3660
481,2020-12-06,77,2147,2224
481,2020-12-07,385,4417,4802
481,2020-12-08,331,4406,4737
481,2020-12-09,351,4367,4718
481,2020-12-10,332,4409,4741
481,2020-12-11,302,4468,4770
481,2020-12-12,155,3273,3428
481,2020-12-13,74,2210,2284
481,2020-12-14,385,4452,4837
481,2020-12-15,371,4682,5053
481,2020-12-16,371,4808,5179
481,2020-12-17,389,4944,5333
481,2020-12-18,374,4909,5283
481,2020-12-19,154,3409,3563
481,2020-12-20,59,2284,2343
481,2020-12-21,271,4315,4586
481,2020-12-22,289,4448,4737
481,2020-12-23,250,4262,4512
481,2020-12-24,227,3670,3897
481,2020-12-25,54,1648,1702
481,2020-12-26,50,1610,1660
481,2020-12-27,49,1401,1450
481,2020-12-28,253,2977,3230
481,2020-12-29,239,3197,3436
481,2020-12-30,267,3336,3603
481,2020-12-31,223,2667,2890
483,2020-01-01,42,2249,2291
483,2020-01-02,216,4535,4751
483,2020-01-03,207,4827,5034
483,2020-01-04,159,3633,3792
483,2020-01-05,51,2817,2868
483,2020-01-06,365,7102,7467
483,2020-01-07,274,6844,7118
483,2020-01-08,198,5398,5596
483,2020-01-09,284,6441,6725
483,2020-01-10,329,6741,7070
483,2020-01-11,162,4099,4261
483,2020-01-12,54,3027,3081
483,2020-01-13,409,6857,7266
483,2020-01-14,392,6229,6621
483,2020-01-15,389,6507,6896
483,2020-01-16,439,7069,7508
483,2020-01-17,477,7074,7551
483,2020-01-18,183,4288,4471
483,2020-01-19,40,3061,3101
483,2020-01-20,461,7030,7491
483,2020-01-21,556,7390,7946
483,2020-01-22,585,7007,7592
483,2020-01-23,545,7196,7741
483,2020-01-24,534,6992,7526
483,2020-01-25,169,4203,4372
483,2020-01-26,46,3143,3189
483,2020-01-27,524,6315,6839
483,2020-01-28,566,7236,7802
483,2020-01-29,673,7078,7751
483,2020-01-30,620,7123,7743
483,2020-01-31,571,6913,7484
483,2020-02-01,165,4047,4212
483,2020-02-02,43,2964,3007
483,2020-02-03,584,5990,6574
483,2020-02-04,626,6999,7625
483,2020-02-05,664,6895,7559
483,2020-02-06,600,6583,7183
483,2020-02-07,656,7006,7662
483,2020-02-08,192,4404,4596
483,2020-02-09,40,2779,2819
483,2020-02-10,540,5480,6020
483,2020-02-11,573,6654,7227
483,2020-02-12,597,6767,7364
483,2020-02-13,520,6490,7010
483,2020-02-14,657,7180,7837
483,2020-02-15,190,4410,4600
483,2020-02-16,40,3032,3072
483,2020-02-17,831,6055,6886
483,2020-02-18,705,6128,6833
483,2020-02-19,633,6218,6851
483,2020-02-20,580,6246,6826
483,2020-02-21,757,6997,7754
483,2020-02-22,272,4189,4461
483,2020-02-23,42,2836,2878
483,2020-02-24,660,6000,6660
483,2020-02-25,605,6171,6776
483,2020-02-26,612,5764,6376
483,2020-02-27,363,4866,5229
483,2020-02-28,663,7016,7679
483,2020-02-29,253,4330,4583
483,2020-03-01,45,3178,3223
483,2020-03-02,555,5736,6291
483,2020-03-03,536,6467,7003
483,2020-03-04,554,5932,6486
483,2020-03-05,481,6364,6845
483,2020-03-06,564,6655,7219
483,2020-03-07,216,4611,4827
483,2020-03-08,42,3182,3224
483,2020-03-09,504,6161,6665
483,2020-03-10,600,6966,7566
483,2020-03-11,631,6605,7236
483,2020-03-12,654,7143,7797
483,2020-03-13,746,6802,7548
483,2020-03-14,206,3612,3818
483,2020-03-15,42,2916,2958
483,2020-03-16,596,4562,5158
483,2020-03-17,658,3812,4470
483,2020-03-18,580,2947,3527
483,2020-03-19,351,2512,2863
483,2020-03-20,272,2222,2494
483,2020-03-21,162,1393,1555
483,2020-03-22,4,792,796
483,2020-03-23,228,1841,2069
483,2020-03-24,247,1911,2158
483,2020-03-25,244,1910,2154
483,2020-03-26,238,1813,2051
483,2020-03-27,239,1964,2203
483,2020-03-28,126,1404,1530
483,2020-03-30,264,2008,2272
483,2020-03-31,261,1941,2202
483,2020-04-01,275,2046,2321
483,2020-04-02,245,2138,2383
483,2020-04-03,242,2021,2263
483,2020-04-04,143,1380,1523
483,2020-04-05,5,855,860
483,2020-04-06,228,2203,2431
483,2020-04-07,229,2188,2417
483,2020-04-08,230,2179,2409
483,2020-04-09,230,2232,2462
483,2020-04-10,221,2256,2477
483,2020-04-11,139,1661,1800
483,2020-04-12,3,924,927
483,2020-04-13,9,897,906
483,2020-04-14,248,2410,2658
483,2020-04-15,283,2459,2742
483,2020-04-16,254,2470,2724
483,2020-04-17,288,3017,3305
483,2020-04-18,229,1914,2143
483,2020-04-19,9,1173,1182
483,2020-04-20,423,3059,3482
483,2020-04-21,510,3089,3599
483,2020-04-22,574,3090,3664
483,2020-04-23,608,3380,3988
483,2020-04-24,605,3499,4104
483,2020-04-25,162,2498,2660
483,2020-04-26,18,1760,1778
483,2020-04-27,546,3840,4386
483,2020-04-28,515,3449,3964
483,2020-04-29,451,3443,3894
483,2020-04-30,542,3696,4238
483,2020-05-01,44,1470,1514
483,2020-05-02,171,2268,2439
483,2020-05-03,10,1741,1751
483,2020-05-04,693,3698,4391
483,2020-05-05,678,3978,4656
483,2020-05-06,671,4055,4726
483,2020-05-07,549,3959,4508
483,2020-05-08,612,4177,4789
483,2020-05-09,43,1871,1914
483,2020-05-10,48,1812,1860
483,2020-05-11,619,4478,5097
483,2020-05-12,589,4778,5367
483,2020-05-13,582,4648,5230
483,2020-05-14,574,4798,5372
483,2020-05-15,614,5103,5717
483,2020-05-16,354,3930,4284
483,2020-05-17,94,3225,3319
483,2020-05-18,518,5158,5676
483,2020-05-19,608,5372,5980
483,2020-05-20,562,5459,6021
483,2020-05-21,69,2783,2852
483,2020-05-22,504,4984,5488
483,2020-05-23,195,3327,3522
483,2020-05-24,37,2629,2666
483,2020-05-25,530,5220,5750
483,2020-05-26,544,5476,6020
483,2020-05-27,520,5387,5907
483,2020-05-28,528,5526,6054
483,2020-05-29,528,6036,6564
483,2020-05-30,383,4246,4629
483,2020-05-31,47,3310,3357
483,2020-06-01,49,3411,3460
483,2020-06-02,506,5881,6387
483,2020-06-03,585,6369,6954
483,2020-06-04,599,6441,7040
483,2020-06-05,511,6068,6579
483,2020-06-06,331,3881,4212
483,2020-06-07,40,2974,3014
483,2020-06-08,482,5772,6254
483,2020-06-09,575,5809,6384
483,2020-06-10,560,5922,6482
483,2020-06-11,505,6067,6572
483,2020-06-12,535,6421,6956
483,2020-06-13,182,4529,4711
483,2020-06-14,45,3425,3470
483,2020-06-15,549,6070,6619
483,2020-06-16,596,6449,7045
483,2020-06-17,531,6082,6613
483,2020-06-18,542,6546,7088
483,2020-06-19,567,6539,7106
483,2020-06-20,211,5180,5391
483,2020-06-21,45,3845,3890
483,2020-06-22,379,5427,5806
483,2020-06-23,84,3672,3756
483,2020-06-24,500,6153,6653
483,2020-06-25,591,6600,7191
483,2020-06-26,588,6238,6826
483,2020-06-28,50,3272,3322
483,2020-06-29,589,6094,6683
483,2020-06-30,584,6488,7072
483,2020-07-01,820,7877,8697
483,2020-07-02,644,6501,7145
483,2020-07-03,755,7039,7794
483,2020-07-04,189,4362,4551
483,2020-07-05,61,3126,3187
483,2020-07-06,676,6186,6862
483,2020-07-07,716,6826,7542
483,2020-07-08,733,6667,7400
483,2020-07-09,699,6894,7593
483,2020-07-10,801,6900,7701
483,2020-07-11,190,4670,4860
483,2020-07-12,61,3686,3747
483,2020-07-13,824,6130,6954
483,2020-07-14,689,6639,7328
483,2020-07-15,658,6315,6973
483,2020-07-16,681,6244,6925
483,2020-07-17,617,6559,7176
483,2020-07-18,180,4270,4450
483,2020-07-19,63,3408,3471
483,2020-07-20,647,5872,6519
483,2020-07-21,751,6162,6913
483,2020-07-22,788,5947,6735
483,2020-07-23,623,6208,6831
483,2020-07-24,621,6166,6787
483,2020-07-25,205,4108,4313
483,2020-07-26,58,3220,3278
483,2020-07-27,528,5519,6047
483,2020-07-28,578,5826,6404
483,2020-07-29,531,5804,6335
483,2020-07-30,435,5721,6156
483,2020-07-31,267,5250,5517
483,2020-08-01,147,3669,3816
483,2020-08-02,39,3316,3355
483,2020-08-03,271,4889,5160
483,2020-08-04,254,5093,5347
483,2020-08-05,273,5123,5396
483,2020-08-06,232,5048,5280
483,2020-08-07,234,4912,5146
483,2020-08-08,138,3189,3327
483,2020-08-09,48,2609,2657
483,2020-08-10,219,4347,4566
483,2020-08-11,298,4008,4306
483,2020-08-12,262,3808,4070
483,2020-08-13,291,4689,4980
483,2020-08-14,264,4739,5003
483,2020-08-15,37,3042,3079
483,2020-08-16,34,2877,2911
483,2020-08-17,236,4451,4687
483,2020-08-18,241,4999,5240
483,2020-08-19,254,4987,5241
483,2020-08-20,261,4930,5191
483,2020-08-21,254,4993,5247
483,2020-08-22,138,3894,4032
483,2020-08-23,43,3210,3253
483,2020-08-24,370,5374,5744
483,2020-08-25,397,5688,6085
483,2020-08-26,464,5276,5740
483,2020-08-27,399,5829,6228
483,2020-08-28,427,5673,6100
483,2020-08-29,244,3888,4132
483,2020-08-30,46,3034,3080
483,2020-08-31,359,5383,5742
483,2020-09-01,449,5753,6202
483,2020-09-02,408,5820,6228
483,2020-09-03,413,5907,6320
483,2020-09-04,382,6240,6622
483,2020-09-05,197,4027,4224
483,2020-09-06,43,3363,3406
483,2020-09-07,400,5880,6280
483,2020-09-08,385,6161,6546
483,2020-09-09,470,6130,6600
483,2020-09-10,452,6285,6737
483,2020-09-11,454,6440,6894
483,2020-09-12,184,4477,4661
483,2020-09-13,54,3715,3769
483,2020-09-14,421,5909,6330
483,2020-09-15,468,6014,6482
483,2020-09-16,450,5767,6217
483,2020-09-17,458,6481,6939
483,2020-09-18,548,6324,6872
483,2020-09-19,200,4695,4895
483,2020-09-20,57,3919,3976
483,2020-09-21,467,5982,6449
483,2020-09-22,529,6611,7140
483,2020-09-23,534,6533,7067
483,2020-09-24,510,6474,6984
483,2020-09-25,569,6572,7141
483,2020-09-26,235,3992,4227
483,2020-09-27,64,2926,2990
483,2020-09-28,510,5850,6360
483,2020-09-29,540,6345,6885
483,2020-09-30,547,6263,6810
483,2020-10-01,559,6283,6842
483,2020-10-02,421,5787,6208
483,2020-10-03,193,4080,4273
483,2020-10-04,50,2996,3046
483,2020-10-05,467,5543,6010
483,2020-10-06,552,5988,6540
483,2020-10-07,547,6233,6780
483,2020-10-08,569,6743,7312
483,2020-10-09,535,6614,7149
483,2020-10-10,211,4416,4627
483,2020-10-11,64,3221,3285
483,2020-10-12,570,6189,6759
483,2020-10-13,509,6593,7102
483,2020-10-14,575,6484,7059
483,2020-10-15,546,6392,6938
483,2020-10-16,564,6532,7096
483,2020-10-17,230,4358,4588
483,2020-10-18,64,3197,3261
483,2020-10-19,510,6212,6722
483,2020-10-20,607,6946,7553
483,2020-10-21,469,6111,6580
483,2020-10-22,506,6472,6978
483,2020-10-23,510,6124,6634
483,2020-10-24,216,4136,4352
483,2020-10-25,81,2668,2749
483,2020-10-26,628,5680,6308
483,2020-10-27,583,6120,6703
483,2020-10-28,640,6780,7420
483,2020-10-29,631,6866,7497
483,2020-10-30,558,5962,6520
483,2020-11-01,41,1989,2030
483,2020-11-02,419,5256,5675
483,2020-11-03,562,5805,6367
483,2020-11-04,490,5841,6331
483,2020-11-05,514,5836,6350
483,2020-11-06,588,5552,6140
483,2020-11-07,223,3887,4110
483,2020-11-08,60,2726,2786
483,2020-11-09,528,5567,6095
483,2020-11-10,538,6142,6680
483,2020-11-11,561,5902,6463
483,2020-11-12,560,5885,6445
483,2020-11-13,551,6150,6701
483,2020-11-14,199,4184,4383
483,2020-11-15,61,2594,2655
483,2020-11-16,540,5078,5618
483,2020-11-17,476,5699,6175
483,2020-11-18,682,6155,6837
483,2020-11-19,645,6138,6783
483,2020-11-20,730,6235,6965
483,2020-11-21,223,4082,4305
483,2020-11-22,60,2757,2817
483,2020-11-23,554,5503,6057
483,2020-11-24,661,5959,6620
483,2020-11-25,519,5082,5601
483,2020-11-26,475,5511,5986
483,2020-11-27,498,5517,6015
483,2020-11-28,203,3626,3829
483,2020-11-29,65,2258,2323
483,2020-11-30,479,5441,5920
483,2020-12-01,506,5620,6126
483,2020-12-02,552,5958,6510
483,2020-12-03,544,5490,6034
483,2020-12-04,558,5875,6433
483,2020-12-05,212,3572,3784
483,2020-12-06,58,2253,2311
483,2020-12-07,518,5451,5969
483,2020-12-08,468,5853,6321
483,2020-12-09,574,5564,6138
483,2020-12-10,570,5906,6476
483,2020-12-11,497,5594,6091
483,2020-12-12,162,3333,3495
483,2020-12-13,59,2176,2235
483,2020-12-14,529,5623,6152
483,2020-12-15,494,5733,6227
483,2020-12-16,535,5942,6477
483,2020-12-17,474,5746,6220
483,2020-12-18,475,5973,6448
483,2020-12-19,188,3488,3676
483,2020-12-20,55,2326,2381
483,2020-12-21,289,4255,4544
483,2020-12-22,231,4429,4660
483,2020-12-23,220,3531,3751
483,2020-12-24,229,3607,3836
483,2020-12-25,49,2033,2082
483,2020-12-26,56,1880,1936
483,2020-12-27,49,1376,1425
483,2020-12-28,247,3060,3307
483,2020-12-29,299,3311,3610
483,2020-12-30,271,3449,3720
483,2020-12-31,230,2828,3058
484,2020-01-01,12,1412,1424
484,2020-01-02,91,2625,2716
484,2020-01-03,122,2920,3042
484,2020-01-04,63,2438,2501
484,2020-01-05,20,1751,1771
484,2020-01-06,140,4050,4190
484,2020-01-07,157,4125,4282
484,2020-01-08,199,3953,4152
484,2020-01-09,183,4048,4231
484,2020-01-10,198,4115,4313
484,2020-01-11,87,2741,2828
484,2020-01-12,12,1981,1993
484,2020-01-13,228,4393,4621
484,2020-01-14,270,4478,4748
484,2020-01-15,263,4424,4687
484,2020-01-16,280,4653,4933
484,2020-01-17,273,4615,4888
484,2020-01-18,84,2948,3032
484,2020-01-19,11,2034,2045
484,2020-01-20,294,4159,4453
484,2020-01-21,295,4806,5101
484,2020-01-22,306,4507,4813
484,2020-01-23,266,4444,4710
484,2020-01-24,262,4329,4591
484,2020-01-25,77,2872,2949
484,2020-01-26,14,1994,2008
484,2020-01-27,250,4117,4367
484,2020-01-28,276,4224,4500
484,2020-01-29,304,4253,4557
484,2020-01-30,270,4676,4946
484,2020-01-31,266,4433,4699
484,2020-02-01,60,2910,2970
484,2020-02-02,12,2012,2024
484,2020-02-03,260,4318,4578
484,2020-02-04,316,5050,5366
484,2020-02-05,320,4779,5099
484,2020-02-06,299,4772,5071
484,2020-02-07,314,4671,4985
484,2020-02-08,99,3094,3193
484,2020-02-09,13,1838,1851
484,2020-02-10,252,4048,4300
484,2020-02-11,300,4604,4904
484,2020-02-12,318,4623,4941
484,2020-02-13,277,4663,4940
484,2020-02-14,317,5328,5645
484,2020-02-15,82,3391,3473
484,2020-02-16,14,2274,2288
484,2020-02-17,258,3886,4144
484,2020-02-18,312,4106,4418
484,2020-02-19,300,3914,4214
484,2020-02-20,285,4361,4646
484,2020-02-21,399,4703,5102
484,2020-02-22,102,2920,3022
484,2020-02-23,14,1917,1931
484,2020-02-24,307,4102,4409
484,2020-02-25,262,4468,4730
484,2020-02-26,289,4330,4619
484,2020-02-27,299,4878,5177
484,2020-02-28,310,4924,5234
484,2020-02-29,97,3162,3259
484,2020-03-01,21,2198,2219
484,2020-03-02,443,6786,7229
484,2020-03-03,295,4801,5096
484,2020-03-04,299,4507,4806
484,2020-03-05,300,4838,5138
484,2020-03-06,297,4878,5175
484,2020-03-07,99,3705,3804
484,2020-03-08,15,2409,2424
484,2020-03-09,296,4440,4736
484,2020-03-10,248,4737,4985
484,2020-03-11,298,4550,4848
484,2020-03-12,272,4539,4811
484,2020-03-13,397,4821,5218
484,2020-03-14,126,2779,2905
484,2020-03-15,31,2525,2556
484,2020-03-16,264,3437,3701
484,2020-03-17,261,2909,3170
484,2020-03-18,246,2238,2484
484,2020-03-19,180,1940,2120
484,2020-03-20,157,1802,1959
484,2020-03-21,47,816,863
484,2020-03-22,4,622,626
484,2020-03-23,103,1255,1358
484,2020-03-24,153,1379,1532
484,2020-03-25,135,1437,1572
484,2020-03-26,131,1337,1468
484,2020-03-27,124,1560,1684
484,2020-03-28,62,1320,1382
484,2020-03-30,97,1428,1525
484,2020-03-31,137,1410,1547
484,2020-04-01,114,1498,1612
484,2020-04-02,127,1639,1766
484,2020-04-03,119,1631,1750
484,2020-04-04,111,1338,1449
484,2020-04-05,13,871,884
484,2020-04-06,115,1683,1798
484,2020-04-07,127,1752,1879
484,2020-04-08,143,1776,1919
484,2020-04-09,133,1809,1942
484,2020-04-10,130,2011,2141
484,2020-04-11,52,1655,1707
484,2020-04-12,2,819,821
484,2020-04-13,13,773,786
484,2020-04-14,117,1801,1918
484,2020-04-15,148,1907,2055
484,2020-04-16,142,2070,2212
484,2020-04-17,142,2330,2472
484,2020-04-18,56,1646,1702
484,2020-04-19,9,1128,1137
484,2020-04-20,162,2762,2924
484,2020-04-21,214,2999,3213
484,2020-04-22,208,3030,3238
484,2020-04-23,246,3363,3609
484,2020-04-24,244,3512,3756
484,2020-04-25,94,3155,3249
484,2020-04-26,13,1946,1959
484,2020-04-27,253,3492,3745
484,2020-04-28,297,3152,3449
484,2020-04-29,255,3011,3266
484,2020-04-30,252,3112,3364
484,2020-05-01,18,1077,1095
484,2020-05-02,76,2518,2594
484,2020-05-03,7,1610,1617
484,2020-05-04,228,2981,3209
484,2020-05-05,268,3529,3797
484,2020-05-06,254,3683,3937
484,2020-05-07,257,3755,4012
484,2020-05-08,235,3864,4099
484,2020-05-09,39,1620,1659
484,2020-05-10,15,1573,1588
484,2020-05-11,231,3381,3612
484,2020-05-12,276,4112,4388
484,2020-05-13,299,3731,4030
484,2020-05-14,326,4241,4567
484,2020-05-15,301,4496,4797
484,2020-05-16,128,3630,3758
484,2020-05-17,24,2966,2990
484,2020-05-18,256,3952,4208
484,2020-05-19,308,4760,5068
484,2020-05-20,281,4548,4829
484,2020-05-21,26,2836,2862
484,2020-05-22,241,4110,4351
484,2020-05-23,97,3011,3108
484,2020-05-24,16,2235,2251
484,2020-05-25,291,3780,4071
484,2020-05-26,325,4431,4756
484,2020-05-27,310,4296,4606
484,2020-05-28,317,4661,4978
484,2020-05-29,350,4697,5047
484,2020-05-30,160,3731,3891
484,2020-05-31,10,2955,2965
484,2020-06-01,32,2840,2872
484,2020-06-02,294,4601,4895
484,2020-06-03,339,4259,4598
484,2020-06-04,291,4078,4369
484,2020-06-05,274,3998,4272
484,2020-06-06,129,3094,3223
484,2020-06-07,13,2340,2353
484,2020-06-08,292,3977,4269
484,2020-06-09,307,4101,4408
484,2020-06-11,311,4587,4898
484,2020-06-13,123,4544,4667
484,2020-06-14,15,3005,3020
484,2020-06-15,304,4237,4541
484,2020-06-16,341,4664,5005
484,2020-06-17,447,5133,5580
484,2020-06-18,314,4540,4854
484,2020-06-19,348,5164,5512
484,2020-06-20,143,5319,5462
484,2020-06-21,41,3581,3622
484,2020-06-22,222,4243,4465
484,2020-06-23,63,2727,2790
484,2020-06-24,303,4731,5034
484,2020-06-25,366,5115,5481
484,2020-06-26,337,4688,5025
484,2020-06-27,91,3680,3771
484,2020-06-28,12,2532,2544
484,2020-06-29,300,4321,4621
484,2020-06-30,331,4489,4820
484,2020-07-01,510,6970,7480
484,2020-07-02,345,4769,5114
484,2020-07-03,400,4952,5352
484,2020-07-04,110,3833,3943
484,2020-07-05,28,2296,2324
484,2020-07-06,329,3938,4267
484,2020-07-07,346,4612,4958
484,2020-07-08,335,4631,4966
484,2020-07-09,330,4870,5200
484,2020-07-10,384,4926,5310
484,2020-07-11,141,3894,4035
484,2020-07-12,24,3030,3054
484,2020-07-13,360,4641,5001
484,2020-07-14,308,4854,5162
484,2020-07-15,314,4507,4821
484,2020-07-16,303,4499,4802
484,2020-07-17,280,4852,5132
484,2020-07-18,120,3701,3821
484,2020-07-19,35,2882,2917
484,2020-07-20,299,4313,4612
484,2020-07-21,342,4530,4872
484,2020-07-22,366,4518,4884
484,2020-07-23,304,4646,4950
484,2020-07-24,353,4425,4778
484,2020-07-25,119,3597,3716
484,2020-07-26,23,2554,2577
484,2020-07-27,371,4303,4674
484,2020-07-28,361,4429,4790
484,2020-07-29,329,4442,4771
484,2020-07-30,239,4439,4678
484,2020-07-31,208,4171,4379
484,2020-08-01,112,2936,3048
484,2020-08-02,20,2695,2715
484,2020-08-03,153,3641,3794
484,2020-08-04,179,3951,4130
484,2020-08-05,201,3913,4114
484,2020-08-06,167,3854,4021
484,2020-08-07,163,3892,4055
484,2020-08-08,78,2842,2920
484,2020-08-09,15,2282,2297
484,2020-08-10,129,3449,3578
484,2020-08-11,134,3593,3727
484,2020-08-13,144,3650,3794
484,2020-08-14,165,3618,3783
484,2020-08-15,25,2438,2463
484,2020-08-16,16,2419,2435
484,2020-08-17,185,3195,3380
484,2020-08-18,173,3517,3690
484,2020-08-19,168,3458,3626
484,2020-08-20,141,3643,3784
484,2020-08-21,156,3439,3595
484,2020-08-22,73,3090,3163
484,2020-08-23,22,2385,2407
484,2020-08-24,195,3527,3722
484,2020-08-25,282,3928,4210
484,2020-08-26,266,3545,3811
484,2020-08-27,237,3720,3957
484,2020-08-28,239,3532,3771
484,2020-08-29,76,2997,3073
484,2020-08-30,21,2282,2303
484,2020-08-31,244,3707,3951
484,2020-09-01,297,3830,4127
484,2020-09-02,251,3777,4028
484,2020-09-03,325,4081,4406
484,2020-09-04,250,4436,4686
484,2020-09-05,102,3069,3171
484,2020-09-06,23,2485,2508
484,2020-09-07,286,3905,4191
484,2020-09-08,289,4284,4573
484,2020-09-09,451,4031,4482
484,2020-09-10,276,4557,4833
484,2020-09-11,327,4792,5119
484,2020-09-12,105,4596,4701
484,2020-09-13,26,3979,4005
484,2020-09-14,267,4348,4615
484,2020-09-15,294,4523,4817
484,2020-09-16,283,4417,4700
484,2020-09-17,349,4724,5073
484,2020-09-18,397,4679,5076
484,2020-09-19,144,4195,4339
484,2020-09-20,28,3503,3531
484,2020-09-21,335,4365,4700
484,2020-09-22,379,4831,5210
484,2020-09-23,293,4651,4944
484,2020-09-24,362,4485,4847
484,2020-09-25,303,4405,4708
484,2020-09-26,106,3296,3402
484,2020-09-27,23,2149,2172
484,2020-09-28,313,4038,4351
484,2020-09-29,321,4370,4691
484,2020-09-30,326,4509,4835
484,2020-10-01,362,4639,5001
484,2020-10-02,273,4682,4955
484,2020-10-03,88,3295,3383
484,2020-10-04,8,2303,2311
484,2020-10-05,261,4132,4393
484,2020-10-06,302,4607,4909
484,2020-10-07,311,4217,4528
484,2020-10-08,248,4562,4810
484,2020-10-09,308,4517,4825
484,2020-10-10,89,3695,3784
484,2020-10-11,31,2616,2647
484,2020-10-12,348,4292,4640
484,2020-10-13,327,4597,4924
484,2020-10-14,354,4491,4845
484,2020-10-15,357,4403,4760
484,2020-10-16,309,4759,5068
484,2020-10-17,104,3591,3695
484,2020-10-18,12,2390,2402
484,2020-10-19,345,4214,4559
484,2020-10-20,449,5326,5775
484,2020-10-21,341,4639,4980
484,2020-10-22,283,4722,5005
484,2020-10-23,287,4562,4849
484,2020-10-24,110,3341,3451
484,2020-10-25,17,2163,2180
484,2020-10-26,290,4050,4340
484,2020-10-27,314,4532,4846
484,2020-10-28,368,5312,5680
484,2020-10-29,359,5572,5931
484,2020-10-30,293,4453,4746
484,2020-11-02,235,3706,3941
484,2020-11-03,268,3916,4184
484,2020-11-04,280,3739,4019
484,2020-11-05,252,3929,4181
484,2020-11-06,299,4057,4356
484,2020-11-07,110,3130,3240
484,2020-11-08,23,2137,2160
484,2020-11-09,229,3858,4087
484,2020-11-10,307,4147,4454
484,2020-11-11,267,3865,4132
484,2020-11-12,281,4094,4375
484,2020-11-13,323,4490,4813
484,2020-11-14,96,3436,3532
484,2020-11-15,40,1971,2011
484,2020-11-16,239,3936,4175
484,2020-11-17,303,4071,4374
484,2020-11-18,331,4239,4570
484,2020-11-19,295,4103,4398
484,2020-11-20,338,4303,4641
484,2020-11-21,94,2999,3093
484,2020-11-22,16,1832,1848
484,2020-11-23,250,3881,4131
484,2020-11-24,297,4197,4494
484,2020-11-25,359,4225,4584
484,2020-11-26,290,4063,4353
484,2020-11-27,277,4076,4353
484,2020-11-28,76,3007,3083
484,2020-11-29,22,1807,1829
484,2020-11-30,293,3765,4058
485,2020-01-01,58,2802,2860
485,2020-01-02,155,4320,4475
485,2020-01-03,220,4611,4831
485,2020-01-04,155,4277,4432
485,2020-01-05,77,3499,3576
485,2020-01-06,202,5389,5591
485,2020-01-07,239,5666,5905
485,2020-01-08,228,5482,5710
485,2020-01-09,201,5790,5991
485,2020-01-10,235,6153,6388
485,2020-01-11,205,5142,5347
485,2020-01-12,81,3746,3827
485,2020-01-13,264,5827,6091
485,2020-01-14,313,5987,6300
485,2020-01-15,251,6069,6320
485,2020-01-16,269,6336,6605
485,2020-01-17,246,6253,6499
485,2020-01-18,171,5334,5505
485,2020-01-19,57,3977,4034
485,2020-01-20,266,5665,5931
485,2020-01-21,272,5869,6141
485,2020-01-22,303,5651,5954
485,2020-01-23,236,6046,6282
485,2020-01-24,292,6150,6442
485,2020-01-25,205,5248,5453
485,2020-01-26,60,4051,4111
485,2020-01-27,223,5777,6000
485,2020-01-28,336,5718,6054
485,2020-01-29,421,5768,6189
485,2020-01-30,417,6074,6491
485,2020-01-31,348,6119,6467
485,2020-02-01,157,5189,5346
485,2020-02-02,54,4043,4097
485,2020-02-03,226,5744,5970
485,2020-02-04,242,6202,6444
485,2020-02-05,226,5946,6172
485,2020-02-06,251,6219,6470
485,2020-02-07,322,6371,6693
485,2020-02-08,206,5338,5544
485,2020-02-09,61,3875,3936
485,2020-02-11,277,6013,6290
485,2020-02-12,274,5879,6153
485,2020-02-13,338,6093,6431
485,2020-02-14,334,6420,6754
485,2020-02-15,201,5334,5535
485,2020-02-16,52,3880,3932
485,2020-02-17,215,5209,5424
485,2020-02-18,245,5550,5795
485,2020-02-19,226,5406,5632
485,2020-02-20,233,5442,5675
485,2020-02-21,274,5821,6095
485,2020-02-22,233,4999,5232
485,2020-02-23,56,3868,3924
485,2020-02-24,218,5629,5847
485,2020-02-25,264,6316,6580
485,2020-02-26,230,5858,6088
485,2020-02-27,202,3700,3902
485,2020-02-28,234,6487,6721
485,2020-02-29,163,5205,5368
485,2020-03-01,56,4118,4174
485,2020-03-02,297,5626,5923
485,2020-03-03,237,6008,6245
485,2020-03-04,237,5903,6140
485,2020-03-05,253,6409,6662
485,2020-03-06,256,6261,6517
485,2020-03-07,198,5684,5882
485,2020-03-08,69,4107,4176
485,2020-03-09,275,5593,5868
485,2020-03-10,246,6039,6285
485,2020-03-11,269,5912,6181
485,2020-03-12,263,6252,6515
485,2020-03-13,274,6461,6735
485,2020-03-14,171,4990,5161
485,2020-03-15,53,3612,3665
485,2020-03-16,234,4606,4840
485,2020-03-17,206,4104,4310
485,2020-03-18,283,3221,3504
485,2020-03-19,175,2859,3034
485,2020-03-20,190,2714,2904
485,2020-03-21,138,1482,1620
485,2020-03-22,5,1174,1179
485,2020-03-23,111,2258,2369
485,2020-03-24,105,2237,2342
485,2020-03-25,126,2115,2241
485,2020-03-26,120,2194,2314
485,2020-03-27,126,2453,2579
485,2020-03-28,89,1884,1973
485,2020-03-30,119,2230,2349
485,2020-03-31,101,2289,2390
485,2020-04-01,101,2325,2426
485,2020-04-02,127,2390,2517
485,2020-04-03,99,2407,2506
485,2020-04-04,91,2070,2161
485,2020-04-05,5,1352,1357
485,2020-04-06,105,2448,2553
485,2020-04-07,108,2653,2761
485,2020-04-08,136,2580,2716
485,2020-04-09,112,2776,2888
485,2020-04-10,111,2915,3026
485,2020-04-11,101,2481,2582
485,2020-04-12,10,1444,1454
485,2020-04-13,7,1364,1371
485,2020-04-14,120,2866,2986
485,2020-04-15,115,2847,2962
485,2020-04-16,103,2991,3094
485,2020-04-17,115,3242,3357
485,2020-04-18,107,2741,2848
485,2020-04-19,3,1805,1808
485,2020-04-20,128,3241,3369
485,2020-04-21,168,3387,3555
485,2020-04-22,175,3425,3600
485,2020-04-23,172,3589,3761
485,2020-04-24,163,3921,4084
485,2020-04-25,109,3307,3416
485,2020-04-26,7,2283,2290
485,2020-04-27,167,3658,3825
485,2020-04-28,180,3798,3978
485,2020-04-29,156,3739,3895
485,2020-04-30,161,4035,4196
485,2020-05-01,9,1997,2006
485,2020-05-02,132,3418,3550
485,2020-05-03,16,2259,2275
485,2020-05-04,168,4039,4207
485,2020-05-05,190,4229,4419
485,2020-05-06,192,4301,4493
485,2020-05-07,252,4269,4521
485,2020-05-08,184,4658,4842
485,2020-05-09,7,2914,2921
485,2020-05-10,14,2625,2639
485,2020-05-11,203,4689,4892
485,2020-05-12,232,5076,5308
485,2020-05-13,268,4977,5245
485,2020-05-14,230,5170,5400
485,2020-05-15,229,5368,5597
485,2020-05-16,241,4601,4842
485,2020-05-17,44,3486,3530
485,2020-05-18,290,5209,5499
485,2020-05-19,292,5343,5635
485,2020-05-20,275,5516,5791
485,2020-05-21,43,3529,3572
485,2020-05-22,236,5648,5884
485,2020-05-23,150,4203,4353
485,2020-05-24,40,3326,3366
485,2020-05-25,282,5286,5568
485,2020-05-26,251,5585,5836
485,2020-05-27,224,5637,5861
485,2020-05-28,283,5993,6276
485,2020-05-29,311,6075,6386
485,2020-05-30,205,5241,5446
485,2020-05-31,58,3959,4017
485,2020-06-01,65,3699,3764
485,2020-06-02,252,5742,5994
485,2020-06-03,234,5705,5939
485,2020-06-04,247,5740,5987
485,2020-06-05,217,5623,5840
485,2020-06-06,159,4870,5029
485,2020-06-07,52,3835,3887
485,2020-06-08,244,5386,5630
485,2020-06-09,243,5846,6089
485,2020-06-10,249,5614,5863
485,2020-06-11,263,5969,6232
485,2020-06-12,405,6485,6890
485,2020-06-13,191,5828,6019
485,2020-06-14,66,4405,4471
485,2020-06-15,321,5793,6114
485,2020-06-16,288,6125,6413
485,2020-06-17,291,5881,6172
485,2020-06-18,238,6266,6504
485,2020-06-19,282,6638,6920
485,2020-06-20,247,6139,6386
485,2020-06-21,62,4406,4468
485,2020-06-22,221,6127,6348
485,2020-06-23,53,3734,3787
485,2020-06-24,347,6350,6697
485,2020-06-25,274,6677,6951
485,2020-06-26,286,6580,6866
485,2020-06-27,256,6681,6937
485,2020-06-28,77,4903,4980
485,2020-06-29,343,6067,6410
485,2020-06-30,270,6221,6491
485,2020-07-01,214,6162,6376
485,2020-07-02,312,6445,6757
485,2020-07-03,268,6817,7085
485,2020-07-04,226,5296,5522
485,2020-07-05,60,4099,4159
485,2020-07-06,285,5850,6135
485,2020-07-07,273,6186,6459
485,2020-07-08,267,6063,6330
485,2020-07-09,290,6299,6589
485,2020-07-10,242,6155,6397
485,2020-07-11,292,5360,5652
485,2020-07-12,57,4352,4409
485,2020-07-13,252,5272,5524
485,2020-07-14,219,5489,5708
485,2020-07-15,253,5353,5606
485,2020-07-16,216,5190,5406
485,2020-07-17,228,5295,5523
485,2020-07-18,198,5091,5289
485,2020-07-19,62,3913,3975
485,2020-07-20,250,5414,5664
485,2020-07-21,244,5609,5853
485,2020-07-22,307,5491,5798
485,2020-07-23,263,5737,6000
485,2020-07-24,231,5830,6061
485,2020-07-25,169,5092,5261
485,2020-07-26,49,4080,4129
485,2020-07-27,186,5334,5520
485,2020-07-28,288,5860,6148
485,2020-07-29,218,5791,6009
485,2020-07-30,204,5950,6154
485,2020-07-31,202,5424,5626
485,2020-08-01,152,4440,4592
485,2020-08-02,51,3717,3768
485,2020-08-03,185,4816,5001
485,2020-08-04,202,5174,5376
485,2020-08-05,184,5023,5207
485,2020-08-06,227,5157,5384
485,2020-08-07,229,4984,5213
485,2020-08-08,146,4121,4267
485,2020-08-09,55,3402,3457
485,2020-08-10,185,4405,4590
485,2020-08-11,183,4849,5032
485,2020-08-12,202,4765,4967
485,2020-08-13,194,4795,4989
485,2020-08-14,179,5155,5334
485,2020-08-15,53,3440,3493
485,2020-08-16,50,3400,3450
485,2020-08-17,173,4635,4808
485,2020-08-18,193,4787,4980
485,2020-08-19,188,4940,5128
485,2020-08-20,183,5062,5245
485,2020-08-21,294,4809,5103
485,2020-08-22,168,4341,4509
485,2020-08-23,49,3416,3465
485,2020-08-24,223,4790,5013
485,2020-08-25,208,4871,5079
485,2020-08-26,208,4785,4993
485,2020-08-27,192,5080,5272
485,2020-08-28,184,5098,5282
485,2020-08-29,168,4480,4648
485,2020-08-30,53,3543,3596
485,2020-08-31,270,4715,4985
485,2020-09-01,191,4998,5189
485,2020-09-02,225,4818,5043
485,2020-09-03,261,5192,5453
485,2020-09-04,220,5168,5388
485,2020-09-05,166,4548,4714
485,2020-09-06,51,3912,3963
485,2020-09-07,271,5135,5406
485,2020-09-08,270,5475,5745
485,2020-09-09,226,5491,5717
485,2020-09-10,229,5917,6146
485,2020-09-11,253,6341,6594
485,2020-09-12,236,8135,8371
485,2020-09-13,72,6157,6229
485,2020-09-14,198,5762,5960
485,2020-09-15,214,6056,6270
485,2020-09-16,267,5933,6200
485,2020-09-17,214,6299,6513
485,2020-09-18,319,6805,7124
485,2020-09-19,285,9092,9377
485,2020-09-20,71,6450,6521
485,2020-09-21,259,6001,6260
485,2020-09-22,227,6297,6524
485,2020-09-23,234,5965,6199
485,2020-09-24,249,6199,6448
485,2020-09-25,211,6268,6479
485,2020-09-26,152,5200,5352
485,2020-09-27,42,3882,3924
485,2020-09-28,220,5553,5773
485,2020-09-29,306,6005,6311
485,2020-09-30,292,5841,6133
485,2020-10-01,217,6219,6436
485,2020-10-02,219,6430,6649
485,2020-10-03,158,5408,5566
485,2020-10-04,44,4105,4149
485,2020-10-05,207,5931,6138
485,2020-10-06,245,5981,6226
485,2020-10-07,264,6322,6586
485,2020-10-08,245,6257,6502
485,2020-10-09,227,6188,6415
485,2020-10-10,154,5398,5552
485,2020-10-11,48,4207,4255
485,2020-10-12,233,5824,6057
485,2020-10-13,309,5943,6252
485,2020-10-14,211,5864,6075
485,2020-10-15,242,6122,6364
485,2020-10-16,270,6407,6677
485,2020-10-17,184,5183,5367
485,2020-10-18,47,4082,4129
485,2020-10-19,229,5974,6203
485,2020-10-20,275,7454,7729
485,2020-10-21,208,6354,6562
485,2020-10-22,223,6089,6312
485,2020-10-23,208,6171,6379
485,2020-10-24,172,5378,5550
485,2020-10-25,51,3485,3536
485,2020-10-26,239,5457,5696
485,2020-10-27,227,5606,5833
485,2020-10-28,225,5695,5920
485,2020-10-29,227,6121,6348
485,2020-10-30,192,5985,6177
485,2020-11-01,42,3089,3131
485,2020-11-02,265,4444,4709
485,2020-11-03,211,4620,4831
485,2020-11-04,230,4812,5042
485,2020-11-05,254,4939,5193
485,2020-11-06,297,5346,5643
485,2020-11-07,179,4644,4823
485,2020-11-08,53,3251,3304
485,2020-11-09,189,4937,5126
485,2020-11-10,237,5165,5402
485,2020-11-11,169,4838,5007
485,2020-11-12,202,5120,5322
485,2020-11-13,212,6044,6256
485,2020-11-14,114,5148,5262
485,2020-11-15,41,3449,3490
485,2020-11-16,169,5262,5431
485,2020-11-17,197,5295,5492
485,2020-11-18,218,5619,5837
485,2020-11-19,192,5581,5773
485,2020-11-20,225,5934,6159
485,2020-11-21,200,4665,4865
485,2020-11-22,66,3320,3386
485,2020-11-23,268,5238,5506
485,2020-11-24,364,5681,6045
485,2020-11-25,314,5902,6216
485,2020-11-26,354,5336,5690
485,2020-11-27,270,5875,6145
485,2020-11-28,117,4485,4602
485,2020-11-29,53,3135,3188
485,2020-11-30,277,5009,5286
485,2020-12-01,238,5210,5448
485,2020-12-02,252,5345,5597
485,2020-12-03,275,5251,5526
485,2020-12-04,286,6099,6385
485,2020-12-05,154,4928,5082
485,2020-12-06,63,3144,3207
485,2020-12-07,334,4974,5308
485,2020-12-08,264,5374,5638
485,2020-12-09,227,5256,5483
485,2020-12-10,287,5361,5648
485,2020-12-11,225,5616,5841
485,2020-12-12,94,4394,4488
485,2020-12-13,43,3164,3207
485,2020-12-14,204,5131,5335
485,2020-12-15,211,5462,5673
485,2020-12-16,296,5759,6055
485,2020-12-17,291,5663,5954
485,2020-12-18,283,5692,5975
485,2020-12-19,102,4462,4564
485,2020-12-20,55,2993,3048
485,2020-12-21,212,4656,4868
485,2020-12-22,185,4996,5181
485,2020-12-23,182,5153,5335
485,2020-12-24,133,4805,4938
485,2020-12-25,33,2463,2496
485,2020-12-26,41,2408,2449
485,2020-12-27,43,2130,2173
485,2020-12-28,150,3577,3727
485,2020-12-29,205,3728,3933
485,2020-12-30,189,4158,4347
485,2020-12-31,150,3659,3809
486,2020-01-01,126,7591,7717
486,2020-01-02,337,11156,11493
486,2020-01-03,327,10977,11304
486,2020-01-04,292,11412,11704
486,2020-01-05,128,8741,8869
486,2020-01-06,446,14003,14449
486,2020-01-07,421,14862,15283
486,2020-01-08,447,14369,14816
486,2020-01-09,366,14040,14406
486,2020-01-10,414,15294,15708
486,2020-01-11,316,13870,14186
486,2020-01-12,130,9895,10025
486,2020-01-13,432,14783,15215
486,2020-01-14,483,15002,15485
486,2020-01-15,466,14801,15267
486,2020-01-16,465,15301,15766
486,2020-01-17,420,15494,15914
486,2020-01-18,321,14030,14351
486,2020-01-19,139,10294,10433
486,2020-01-20,474,14646,15120
486,2020-01-21,469,15345,15814
486,2020-01-22,503,14960,15463
486,2020-01-23,481,15085,15566
486,2020-01-24,486,15787,16273
486,2020-01-25,317,14184,14501
486,2020-01-26,130,10322,10452
486,2020-01-27,378,14130,14508
486,2020-01-28,417,14554,14971
486,2020-01-29,468,15052,15520
486,2020-01-30,438,15231,15669
486,2020-01-31,360,15269,15629
486,2020-02-01,277,14323,14600
486,2020-02-02,118,10248,10366
486,2020-02-03,447,14646,15093
486,2020-02-04,434,15383,15817
486,2020-02-05,480,15067,15547
486,2020-02-06,453,15309,15762
486,2020-02-07,464,16513,16977
486,2020-02-08,316,15051,15367
486,2020-02-09,122,9929,10051
486,2020-03-05,426,15445,15871
486,2020-03-06,448,16281,16729
486,2020-03-08,134,11389,11523
486,2020-03-09,417,14609,15026
486,2020-03-10,378,13813,14191
486,2020-03-11,454,14879,15333
486,2020-03-12,449,15377,15826
486,2020-03-13,486,15989,16475
486,2020-03-14,309,13677,13986
486,2020-03-15,125,9894,10019
486,2020-03-16,389,13355,13744
486,2020-03-17,405,10754,11159
486,2020-03-18,415,8489,8904
486,2020-03-19,360,6825,7185
486,2020-03-20,365,6416,6781
486,2020-03-21,289,3602,3891
486,2020-03-22,18,2647,2665
486,2020-03-23,281,5391,5672
486,2020-03-24,302,5246,5548
486,2020-03-25,289,5267,5556
486,2020-03-26,302,5376,5678
486,2020-03-27,275,5864,6139
486,2020-03-28,215,4442,4657
486,2020-03-30,281,5680,5961
486,2020-03-31,295,5499,5794
486,2020-04-01,280,5605,5885
486,2020-04-02,305,5606,5911
486,2020-04-03,275,5734,6009
486,2020-04-04,214,4513,4727
486,2020-04-05,6,2843,2849
486,2020-04-06,271,6114,6385
486,2020-04-07,279,6109,6388
486,2020-04-08,278,6073,6351
486,2020-04-09,297,6216,6513
486,2020-04-10,268,6400,6668
486,2020-04-11,214,4917,5131
486,2020-04-12,3,3090,3093
486,2020-04-13,13,3049,3062
486,2020-04-14,299,6760,7059
486,2020-04-15,324,6574,6898
486,2020-04-16,290,6739,7029
486,2020-04-17,303,7284,7587
486,2020-04-18,227,5679,5906
486,2020-04-19,16,3903,3919
486,2020-04-20,312,8312,8624
486,2020-04-21,324,8198,8522
486,2020-04-22,320,8316,8636
486,2020-04-23,325,8559,8884
486,2020-04-24,326,9167,9493
486,2020-04-25,223,7190,7413
486,2020-04-26,6,5157,5163
486,2020-04-27,323,9077,9400
486,2020-04-28,350,8951,9301
486,2020-04-29,333,9193,9526
486,2020-04-30,346,9905,10251
486,2020-05-01,11,4773,4784
486,2020-05-02,213,7458,7671
486,2020-05-03,8,5340,5348
486,2020-05-04,346,10577,10923
486,2020-05-05,344,10649,10993
486,2020-05-06,352,10707,11059
486,2020-05-07,351,10872,11223
486,2020-05-08,310,11546,11856
486,2020-05-09,15,7226,7241
486,2020-05-10,16,6026,6042
486,2020-05-11,396,12564,12960
486,2020-05-12,467,13150,13617
486,2020-05-13,436,12843,13279
486,2020-05-14,454,12950,13404
486,2020-05-15,451,13703,14154
486,2020-05-16,295,11712,12007
486,2020-05-17,101,8102,8203
486,2020-05-18,439,12922,13361
486,2020-05-19,445,13329,13774
486,2020-05-20,451,14047,14498
486,2020-05-21,104,8439,8543
486,2020-05-22,432,13376,13808
486,2020-05-23,307,10544,10851
486,2020-05-24,100,7711,7811
486,2020-05-25,478,12963,13441
486,2020-05-26,487,13597,14084
486,2020-05-27,499,13915,14414
486,2020-05-28,483,14064,14547
486,2020-05-29,467,15016,15483
486,2020-05-30,380,13390,13770
486,2020-05-31,162,10249,10411
486,2020-06-01,162,9758,9920
486,2020-06-02,478,14511,14989
486,2020-06-03,494,13882,14376
486,2020-06-04,473,14090,14563
486,2020-06-05,516,14263,14779
486,2020-06-06,377,12775,13152
486,2020-06-07,170,9999,10169
486,2020-06-08,468,14157,14625
486,2020-06-09,466,14329,14795
486,2020-06-10,472,14723,15195
486,2020-06-11,465,14655,15120
486,2020-06-12,516,15120,15636
486,2020-06-13,269,14029,14298
486,2020-06-14,99,10497,10596
486,2020-06-15,457,15010,15467
486,2020-06-16,475,15355,15830
486,2020-06-17,500,14745,15245
486,2020-07-01,466,15510,15976
486,2020-07-02,442,15892,16334
486,2020-07-03,475,16154,16629
486,2020-07-04,283,15085,15368
486,2020-07-05,107,11071,11178
486,2020-07-06,455,15136,15591
486,2020-07-07,484,15922,16406
486,2020-07-08,471,15250,15721
486,2020-07-09,456,15622,16078
486,2020-07-10,464,16659,17123
486,2020-07-11,296,15614,15910
486,2020-07-12,98,11674,11772
486,2020-07-13,460,15063,15523
486,2020-07-14,443,16498,16941
486,2020-07-15,444,14820,15264
486,2020-07-16,452,15035,15487
486,2020-07-17,412,15457,15869
486,2020-07-18,287,14734,15021
486,2020-07-19,113,10955,11068
486,2020-07-20,405,14526,14931
486,2020-07-21,403,14875,15278
486,2020-07-22,435,14971,15406
486,2020-07-23,430,14729,15159
486,2020-07-24,434,15571,16005
486,2020-07-25,284,14947,15231
486,2020-07-26,103,10571,10674
486,2020-07-27,406,14645,15051
486,2020-07-28,411,14766,15177
486,2020-07-29,439,14750,15189
486,2020-07-30,433,15117,15550
486,2020-07-31,387,15092,15479
486,2020-08-01,284,12096,12380
486,2020-08-02,105,9567,9672
486,2020-08-03,376,13054,13430
486,2020-08-04,405,13401,13806
486,2020-08-05,405,13363,13768
486,2020-08-06,370,13276,13646
486,2020-08-07,400,13310,13710
486,2020-08-08,293,11154,11447
486,2020-08-09,109,8678,8787
486,2020-08-10,382,12199,12581
486,2020-08-11,381,12544,12925
486,2020-08-12,400,12277,12677
486,2020-08-13,407,12743,13150
486,2020-08-14,418,13585,14003
486,2020-08-15,106,9665,9771
486,2020-08-16,102,8806,8908
486,2020-08-17,358,12315,12673
486,2020-08-18,425,12124,12549
486,2020-08-19,389,12549,12938
486,2020-08-20,399,12622,13021
486,2020-08-21,374,13250,13624
486,2020-08-22,285,12128,12413
486,2020-08-23,107,9414,9521
486,2020-08-24,400,12853,13253
486,2020-08-25,412,13344,13756
486,2020-08-26,445,13237,13682
486,2020-08-27,416,13783,14199
486,2020-08-28,396,14055,14451
486,2020-08-29,296,13092,13388
486,2020-08-30,106,10695,10801
486,2020-08-31,389,13609,13998
486,2020-09-01,404,13195,13599
486,2020-09-02,411,13392,13803
486,2020-09-03,418,13434,13852
486,2020-09-04,413,14611,15024
486,2020-09-05,316,13896,14212
486,2020-09-06,118,10990,11108
486,2020-09-07,422,14116,14538
486,2020-09-08,434,14609,15043
486,2020-09-09,436,14891,15327
486,2020-09-10,435,15042,15477
486,2020-09-11,387,15909,16296
486,2020-09-12,307,16599,16906
486,2020-09-13,116,12772,12888
486,2020-09-14,411,15305,15716
486,2020-09-15,453,15845,16298
486,2020-09-16,463,15427,15890
486,2020-09-17,451,15571,16022
486,2020-09-18,472,16670,17142
486,2020-09-19,311,15581,15892
486,2020-09-20,111,11266,11377
486,2020-09-21,487,15224,15711
486,2020-09-22,466,15507,15973
486,2020-09-23,488,15521,16009
486,2020-09-24,512,15376,15888
486,2020-09-25,450,16142,16592
486,2020-09-26,317,14790,15107
486,2020-09-27,106,10208,10314
486,2020-09-28,479,14682,15161
486,2020-09-29,439,15482,15921
486,2020-09-30,499,15254,15753
486,2020-10-01,455,15696,16151
486,2020-10-02,454,15971,16425
486,2020-10-03,301,15321,15622
486,2020-10-04,122,10750,10872
486,2020-10-05,454,14326,14780
486,2020-10-06,452,15277,15729
486,2020-10-07,485,15447,15932
486,2020-10-08,474,15431,15905
486,2020-10-09,428,15981,16409
486,2020-10-10,299,15368,15667
486,2020-10-11,104,11136,11240
486,2020-10-12,480,15183,15663
486,2020-10-13,454,15545,15999
486,2020-10-14,491,15374,15865
486,2020-10-15,496,15665,16161
486,2020-10-16,482,16157,16639
486,2020-10-17,323,14874,15197
486,2020-10-18,105,11056,11161
486,2020-10-19,481,14682,15163
486,2020-10-20,466,15535,16001
486,2020-10-21,478,15129,15607
486,2020-10-22,469,15261,15730
486,2020-10-23,450,16059,16509
486,2020-10-24,302,14069,14371
486,2020-10-25,100,9745,9845
486,2020-10-26,448,14290,14738
486,2020-10-27,496,14080,14576
486,2020-10-28,475,14530,15005
486,2020-10-29,499,15340,15839
486,2020-10-30,510,14772,15282
486,2020-11-01,162,7429,7591
486,2020-11-02,526,14252,14778
486,2020-11-03,544,14574,15118
486,2020-11-04,589,14193,14782
486,2020-11-05,573,14226,14799
486,2020-11-06,526,15137,15663
486,2020-11-07,416,13458,13874
486,2020-11-08,169,9135,9304
486,2020-11-09,464,14207,14671
486,2020-11-10,448,14960,15408
486,2020-11-11,435,14582,15017
486,2020-11-12,445,14588,15033
486,2020-11-13,447,15422,15869
486,2020-11-14,242,14101,14343
486,2020-11-15,110,8782,8892
486,2020-11-16,438,14203,14641
486,2020-11-17,451,14694,15145
486,2020-11-18,451,14493,14944
486,2020-11-19,457,14711,15168
486,2020-11-20,462,15397,15859
486,2020-11-21,251,14191,14442
486,2020-11-22,105,8858,8963
486,2020-11-23,473,13690,14163
486,2020-11-24,507,14630,15137
486,2020-11-25,473,14758,15231
486,2020-11-26,515,14168,14683
486,2020-11-27,518,15258,15776
486,2020-11-28,267,12618,12885
486,2020-11-29,118,8252,8370
486,2020-11-30,517,13728,14245
486,2020-12-01,481,13791,14272
486,2020-12-02,470,13849,14319
486,2020-12-03,508,14007,14515
486,2020-12-04,474,15039,15513
486,2020-12-05,250,12903,13153
486,2020-12-06,101,7952,8053
486,2020-12-07,500,13712,14212
486,2020-12-08,469,14041,14510
486,2020-12-09,504,13937,14441
486,2020-12-10,514,14521,15035
486,2020-12-11,496,14505,15001
486,2020-12-12,243,12626,12869
486,2020-12-13,115,8115,8230
486,2020-12-14,470,13864,14334
486,2020-12-15,461,14560,15021
486,2020-12-16,470,14447,14917
486,2020-12-17,489,14877,15366
486,2020-12-18,465,15495,15960
486,2020-12-19,250,12157,12407
486,2020-12-20,99,7868,7967
486,2020-12-21,395,12601,12996
486,2020-12-22,363,12961,13324
486,2020-12-23,380,13169,13549
486,2020-12-24,299,11727,12026
486,2020-12-25,92,5575,5667
486,2020-12-26,95,6244,6339
486,2020-12-27,100,5243,5343
486,2020-12-28,354,9239,9593
486,2020-12-29,354,9659,10013
486,2020-12-30,353,9955,10308
486,2020-12-31,348,9419,9767
487,2020-01-01,54,4444,4498
487,2020-01-02,244,6385,6629
487,2020-01-03,253,6942,7195
487,2020-01-04,191,5902,6093
487,2020-01-05,71,4866,4937
487,2020-01-06,313,8694,9007
487,2020-01-07,320,9328,9648
487,2020-01-08,276,8835,9111
487,2020-01-09,273,9520,9793
487,2020-01-10,274,9466,9740
487,2020-01-11,221,7300,7521
487,2020-01-12,67,5368,5435
487,2020-01-13,327,9287,9614
487,2020-01-14,372,9449,9821
487,2020-01-15,364,9476,9840
487,2020-01-16,366,9987,10353
487,2020-01-17,350,9758,10108
487,2020-01-18,208,7467,7675
487,2020-01-19,69,5374,5443
487,2020-01-20,424,9270,9694
487,2020-01-21,471,9690,10161
487,2020-01-22,443,9284,9727
487,2020-01-23,406,9508,9914
487,2020-01-24,367,9829,10196
487,2020-01-25,223,7338,7561
487,2020-01-26,67,5810,5877
487,2020-01-27,283,8672,8955
487,2020-01-28,334,9084,9418
487,2020-01-29,369,9348,9717
487,2020-01-30,368,9799,10167
487,2020-01-31,352,9763,10115
487,2020-02-01,186,7062,7248
487,2020-02-02,72,5538,5610
487,2020-02-03,335,8929,9264
487,2020-02-04,410,9620,10030
487,2020-02-05,398,9190,9588
487,2020-02-06,432,9786,10218
487,2020-02-07,392,9997,10389
487,2020-02-08,262,7540,7802
487,2020-02-09,67,5212,5279
487,2020-02-10,340,7674,8014
487,2020-02-11,398,9457,9855
487,2020-02-12,308,9063,9371
487,2020-02-13,347,9815,10162
487,2020-02-14,373,9984,10357
487,2020-02-15,245,7389,7634
487,2020-02-16,60,5528,5588
487,2020-02-17,374,8262,8636
487,2020-02-18,386,8628,9014
487,2020-02-19,336,8509,8845
487,2020-02-20,403,8338,8741
487,2020-02-21,421,8892,9313
487,2020-02-22,235,7168,7403
487,2020-02-23,75,5269,5344
487,2020-02-24,364,8908,9272
487,2020-02-25,350,9251,9601
487,2020-02-26,354,9058,9412
487,2020-02-27,285,7965,8250
487,2020-02-28,315,9699,10014
487,2020-02-29,218,7319,7537
487,2020-03-01,57,5974,6031
487,2020-03-02,320,9328,9648
487,2020-03-03,430,9729,10159
487,2020-03-04,346,9473,9819
487,2020-03-05,291,9961,10252
487,2020-03-06,311,10198,10509
487,2020-03-07,239,8141,8380
487,2020-03-08,92,6127,6219
487,2020-03-09,346,9183,9529
487,2020-03-10,285,9570,9855
487,2020-03-11,328,9449,9777
487,2020-03-12,332,9818,10150
487,2020-03-13,348,9580,9928
487,2020-03-14,215,6687,6902
487,2020-03-15,61,5010,5071
487,2020-03-16,266,7374,7640
487,2020-03-17,205,6251,6456
487,2020-03-18,233,5034,5267
487,2020-03-19,201,4139,4340
487,2020-03-20,183,3875,4058
487,2020-03-21,85,2085,2170
487,2020-03-22,14,1752,1766
487,2020-03-23,100,3129,3229
487,2020-03-24,115,3237,3352
487,2020-03-25,97,3343,3440
487,2020-03-26,85,3378,3463
487,2020-03-27,80,3510,3590
487,2020-03-28,41,2563,2604
487,2020-03-30,82,3492,3574
487,2020-03-31,98,3463,3561
487,2020-04-01,74,3442,3516
487,2020-04-02,79,3545,3624
487,2020-04-03,103,3504,3607
487,2020-04-04,44,2632,2676
487,2020-04-05,4,2027,2031
487,2020-04-06,74,3548,3622
487,2020-04-07,119,3715,3834
487,2020-04-08,93,3773,3866
487,2020-04-09,105,3648,3753
487,2020-04-10,99,3886,3985
487,2020-04-11,55,3069,3124
487,2020-04-12,4,2224,2228
487,2020-04-13,9,2026,2035
487,2020-04-14,99,4130,4229
487,2020-04-15,130,3963,4093
487,2020-04-16,96,4105,4201
487,2020-04-17,120,4552,4672
487,2020-04-18,67,3259,3326
487,2020-04-19,8,2677,2685
487,2020-04-20,181,5023,5204
487,2020-04-21,223,5124,5347
487,2020-04-22,228,5192,5420
487,2020-04-23,232,5311,5543
487,2020-04-24,239,5682,5921
487,2020-04-25,103,4182,4285
487,2020-04-26,13,3331,3344
487,2020-04-27,275,5532,5807
487,2020-04-28,326,5676,6002
487,2020-04-29,333,5675,6008
487,2020-04-30,316,5743,6059
487,2020-05-01,23,2904,2927
487,2020-05-02,123,4158,4281
487,2020-05-03,13,3367,3380
487,2020-05-04,230,6254,6484
487,2020-05-05,299,6547,6846
487,2020-05-06,270,6460,6730
487,2020-05-07,287,6594,6881
487,2020-05-08,244,6827,7071
487,2020-05-09,40,4256,4296
487,2020-05-10,34,3720,3754
487,2020-05-11,326,7454,7780
487,2020-05-12,385,7794,8179
487,2020-05-13,427,7843,8270
487,2020-05-14,395,8069,8464
487,2020-05-15,353,8648,9001
487,2020-05-16,258,6636,6894
487,2020-05-17,63,4929,4992
487,2020-05-18,347,8271,8618
487,2020-05-19,361,8385,8746
487,2020-05-20,363,8421,8784
487,2020-05-21,44,4894,4938
487,2020-05-22,323,7920,8243
487,2020-05-23,249,5692,5941
487,2020-05-24,53,4679,4732
487,2020-05-25,499,8269,8768
487,2020-05-26,420,8880,9300
487,2020-05-27,440,8853,9293
487,2020-05-28,308,7893,8201
487,2020-05-29,409,8862,9271
487,2020-05-30,255,7048,7303
487,2020-05-31,56,5571,5627
487,2020-06-01,56,5371,5427
487,2020-06-02,337,7712,8049
487,2020-06-03,322,7191,7513
487,2020-06-04,335,7595,7930
487,2020-06-05,307,7441,7748
487,2020-06-06,197,6635,6832
487,2020-06-07,71,5418,5489
487,2020-06-08,399,8575,8974
487,2020-06-09,388,9027,9415
487,2020-06-10,368,8908,9276
487,2020-06-11,418,9206,9624
487,2020-06-12,394,9503,9897
487,2020-06-13,275,7457,7732
487,2020-06-14,61,6017,6078
487,2020-06-15,343,9069,9412
487,2020-06-16,420,9642,10062
487,2020-06-17,343,9122,9465
487,2020-06-18,390,9622,10012
487,2020-06-19,364,10084,10448
487,2020-06-20,280,8202,8482
487,2020-06-21,59,6071,6130
487,2020-06-22,315,8703,9018
487,2020-06-23,93,5586,5679
487,2020-06-24,382,9545,9927
487,2020-06-25,345,9614,9959
487,2020-06-26,391,9713,10104
487,2020-06-27,262,7791,8053
487,2020-06-28,67,6027,6094
487,2020-06-29,382,9273,9655
487,2020-06-30,404,9577,9981
487,2020-07-01,355,9540,9895
487,2020-07-02,437,9934,10371
487,2020-07-03,371,9794,10165
487,2020-07-04,204,7763,7967
487,2020-07-05,62,5851,5913
487,2020-07-06,323,9361,9684
487,2020-07-07,447,9864,10311
487,2020-07-08,434,9469,9903
487,2020-07-09,387,9404,9791
487,2020-07-10,411,9766,10177
487,2020-07-11,255,7628,7883
487,2020-07-12,56,5959,6015
487,2020-07-13,338,9176,9514
487,2020-07-14,407,9322,9729
487,2020-07-15,379,8964,9343
487,2020-07-16,377,8996,9373
487,2020-07-17,362,8957,9319
487,2020-07-18,207,7537,7744
487,2020-07-19,51,5610,5661
487,2020-07-20,351,8373,8724
487,2020-07-21,377,8777,9154
487,2020-07-22,367,8756,9123
487,2020-07-23,398,8954,9352
487,2020-07-24,421,8928,9349
487,2020-07-25,253,7197,7450
487,2020-07-26,54,5645,5699
487,2020-07-27,336,8331,8667
487,2020-07-28,443,9019,9462
487,2020-07-29,415,8722,9137
487,2020-07-30,367,8774,9141
487,2020-07-31,286,8064,8350
487,2020-08-01,168,6044,6212
487,2020-08-02,59,5100,5159
487,2020-08-03,316,7398,7714
487,2020-08-04,338,7855,8193
487,2020-08-05,270,7539,7809
487,2020-08-06,268,7642,7910
487,2020-08-07,265,7449,7714
487,2020-08-08,153,5687,5840
487,2020-08-09,59,4558,4617
487,2020-08-10,253,6644,6897
487,2020-08-11,248,7060,7308
487,2020-08-12,241,6918,7159
487,2020-08-13,239,7066,7305
487,2020-08-14,259,7584,7843
487,2020-08-15,60,5171,5231
487,2020-08-16,67,4758,4825
487,2020-08-17,249,7170,7419
487,2020-08-18,331,7275,7606
487,2020-08-19,268,7297,7565
487,2020-08-20,246,7408,7654
487,2020-08-21,275,7587,7862
487,2020-08-22,195,6341,6536
487,2020-08-23,67,5150,5217
487,2020-08-24,414,7610,8024
487,2020-08-25,394,8154,8548
487,2020-08-26,354,7880,8234
487,2020-08-27,381,8251,8632
487,2020-08-28,369,8281,8650
487,2020-08-29,190,6577,6767
487,2020-08-30,62,5315,5377
487,2020-08-31,388,7844,8232
487,2020-09-01,113,3424,3537
487,2020-09-02,42,1932,1974
487,2020-09-03,46,1875,1921
487,2020-09-04,57,2437,2494
487,2020-09-05,119,5695,5814
487,2020-09-06,65,5220,5285
487,2020-09-07,351,7812,8163
487,2020-09-08,388,8491,8879
487,2020-09-09,421,8399,8820
487,2020-09-10,408,9092,9500
487,2020-09-11,434,9406,9840
487,2020-09-12,254,10360,10614
487,2020-09-13,80,8211,8291
487,2020-09-14,324,9178,9502
487,2020-09-15,364,9230,9594
487,2020-09-16,388,9103,9491
487,2020-09-17,361,9577,9938
487,2020-09-18,341,9857,10198
487,2020-09-19,278,9292,9570
487,2020-09-20,77,7154,7231
487,2020-09-21,377,9317,9694
487,2020-09-22,348,9598,9946
487,2020-09-23,344,9344,9688
487,2020-09-24,392,9173,9565
487,2020-09-25,382,9494,9876
487,2020-09-26,221,7397,7618
487,2020-09-27,69,5364,5433
487,2020-09-28,346,9011,9357
487,2020-09-29,349,9567,9916
487,2020-09-30,364,9169,9533
487,2020-10-01,346,9596,9942
487,2020-10-02,309,9474,9783
487,2020-10-03,214,7588,7802
487,2020-10-04,82,5441,5523
487,2020-10-05,305,8759,9064
487,2020-10-06,280,9054,9334
487,2020-10-07,366,9372,9738
487,2020-10-08,356,9490,9846
487,2020-10-09,320,9623,9943
487,2020-10-10,201,7681,7882
487,2020-10-11,60,5939,5999
487,2020-10-12,380,9413,9793
487,2020-10-13,382,9453,9835
487,2020-10-14,366,9372,9738
487,2020-10-15,364,9382,9746
487,2020-10-16,362,9828,10190
487,2020-10-17,223,7716,7939
487,2020-10-18,70,5966,6036
487,2020-10-19,427,9089,9516
487,2020-10-20,441,10025,10466
487,2020-10-21,347,9342,9689
487,2020-10-22,323,9369,9692
487,2020-10-23,331,9358,9689
487,2020-10-24,218,7247,7465
487,2020-10-25,58,4954,5012
487,2020-10-26,355,8673,9028
487,2020-10-27,361,8881,9242
487,2020-10-28,337,8782,9119
487,2020-10-29,385,9121,9506
487,2020-10-30,357,8958,9315
487,2020-11-01,55,4354,4409
487,2020-11-02,347,7563,7910
487,2020-11-03,364,8058,8422
487,2020-11-04,408,7944,8352
487,2020-11-05,403,8107,8510
487,2020-11-06,420,8437,8857
487,2020-11-07,201,6687,6888
487,2020-11-08,59,4737,4796
487,2020-11-09,357,8553,8910
487,2020-11-10,373,8895,9268
487,2020-11-11,318,8566,8884
487,2020-11-12,353,8950,9303
487,2020-11-13,434,9557,9991
487,2020-11-14,157,7420,7577
487,2020-11-15,71,4776,4847
487,2020-11-16,332,8448,8780
487,2020-11-17,377,8774,9151
487,2020-11-18,380,8882,9262
487,2020-11-19,323,8918,9241
487,2020-11-20,361,9180,9541
487,2020-11-21,168,6929,7097
487,2020-11-22,56,4809,4865
487,2020-11-23,368,8347,8715
487,2020-11-24,406,8836,9242
487,2020-11-25,340,8931,9271
487,2020-11-26,365,8515,8880
487,2020-11-27,345,9170,9515
487,2020-11-28,166,6575,6741
487,2020-11-29,70,4578,4648
487,2020-11-30,403,8235,8638
487,2020-12-01,326,8280,8606
487,2020-12-02,355,8289,8644
487,2020-12-03,357,8499,8856
487,2020-12-04,364,9312,9676
487,2020-12-05,178,6913,7091
487,2020-12-06,65,4442,4507
487,2020-12-07,417,8572,8989
487,2020-12-08,398,8669,9067
487,2020-12-09,444,8272,8716
487,2020-12-10,411,8670,9081
487,2020-12-11,353,8553,8906
487,2020-12-12,132,6205,6337
487,2020-12-13,61,4338,4399
487,2020-12-14,402,8389,8791
487,2020-12-15,342,9107,9449
487,2020-12-16,450,9128,9578
487,2020-12-17,400,9060,9460
487,2020-12-18,305,9049,9354
487,2020-12-19,123,6508,6631
487,2020-12-20,67,4329,4396
487,2020-12-21,350,7252,7602
487,2020-12-22,269,7558,7827
487,2020-12-23,249,6915,7164
487,2020-12-24,180,6895,7075
487,2020-12-25,39,3791,3830
487,2020-12-26,49,3745,3794
487,2020-12-27,46,2886,2932
487,2020-12-28,400,5154,5554
487,2020-12-29,426,5500,5926
487,2020-12-30,436,5949,6385
487,2020-12-31,204,5201,5405
488,2020-01-01,51,2304,2355
488,2020-01-02,221,3069,3290
488,2020-01-03,216,3312,3528
488,2020-01-04,172,2859,3031
488,2020-01-05,66,2527,2593
488,2020-01-06,260,4428,4688
488,2020-01-07,251,4626,4877
488,2020-01-08,232,4264,4496
488,2020-01-09,231,4599,4830
488,2020-01-10,236,4791,5027
488,2020-01-11,180,3500,3680
488,2020-01-12,52,2632,2684
488,2020-01-13,269,4767,5036
488,2020-01-14,278,4792,5070
488,2020-01-15,270,4845,5115
488,2020-01-16,247,4975,5222
488,2020-01-17,249,4892,5141
488,2020-01-18,172,3615,3787
488,2020-01-19,52,2666,2718
488,2020-01-20,310,4697,5007
488,2020-01-21,343,4872,5215
488,2020-01-22,374,4782,5156
488,2020-01-23,320,4785,5105
488,2020-01-24,284,5083,5367
488,2020-01-25,188,3499,3687
488,2020-01-26,55,2875,2930
488,2020-01-27,272,4516,4788
488,2020-01-28,306,4621,4927
488,2020-01-29,293,4689,4982
488,2020-01-30,281,4910,5191
488,2020-01-31,273,4973,5246
488,2020-02-01,189,3420,3609
488,2020-02-02,62,2752,2814
488,2020-02-03,300,4628,4928
488,2020-02-04,287,5085,5372
488,2020-02-05,301,4465,4766
488,2020-02-06,313,4794,5107
488,2020-02-07,307,5045,5352
488,2020-02-08,214,3581,3795
488,2020-02-09,67,2461,2528
488,2020-02-10,304,4006,4310
488,2020-02-11,324,4684,5008
488,2020-02-12,272,4536,4808
488,2020-02-13,282,4714,4996
488,2020-02-14,300,4933,5233
488,2020-02-15,191,3503,3694
488,2020-02-16,55,2781,2836
488,2020-02-17,250,4029,4279
488,2020-02-18,278,4170,4448
488,2020-02-19,270,3994,4264
488,2020-02-20,288,4165,4453
488,2020-02-21,273,4387,4660
488,2020-02-22,174,3507,3681
488,2020-02-23,63,2518,2581
488,2020-02-24,301,4192,4493
488,2020-02-25,281,4549,4830
488,2020-02-26,289,4443,4732
488,2020-02-27,200,3311,3511
488,2020-02-28,263,4644,4907
488,2020-02-29,177,3618,3795
488,2020-03-01,67,2960,3027
488,2020-03-02,247,4672,4919
488,2020-03-03,259,5023,5282
488,2020-03-04,237,4771,5008
488,2020-03-05,224,4892,5116
488,2020-03-06,256,5046,5302
488,2020-03-07,200,4014,4214
488,2020-03-08,77,3961,4038
488,2020-03-09,272,4735,5007
488,2020-03-10,238,4848,5086
488,2020-03-11,238,4843,5081
488,2020-03-12,248,4902,5150
488,2020-03-13,266,4843,5109
488,2020-03-14,167,3229,3396
488,2020-03-15,58,2548,2606
488,2020-03-16,233,3654,3887
488,2020-03-17,192,3145,3337
488,2020-03-18,222,2581,2803
488,2020-03-19,179,1979,2158
488,2020-03-20,176,1934,2110
488,2020-03-21,127,1009,1136
488,2020-03-22,15,792,807
488,2020-03-23,110,1610,1720
488,2020-03-24,115,1608,1723
488,2020-03-25,89,1667,1756
488,2020-03-26,100,1668,1768
488,2020-03-27,99,1796,1895
488,2020-03-28,71,1256,1327
488,2020-03-30,85,1778,1863
488,2020-03-31,94,1725,1819
488,2020-04-01,122,1732,1854
488,2020-04-02,95,1757,1852
488,2020-04-03,111,1748,1859
488,2020-04-04,74,1324,1398
488,2020-04-05,2,991,993
488,2020-04-06,94,1763,1857
488,2020-04-07,113,1906,2019
488,2020-04-08,115,1852,1967
488,2020-04-09,114,1787,1901
488,2020-04-10,103,1957,2060
488,2020-04-11,82,1484,1566
488,2020-04-12,4,1098,1102
488,2020-04-13,1,968,969
488,2020-04-14,128,1960,2088
488,2020-04-15,131,1974,2105
488,2020-04-16,116,2060,2176
488,2020-04-17,138,2289,2427
488,2020-04-18,110,1770,1880
488,2020-04-19,3,1398,1401
488,2020-04-20,170,2445,2615
488,2020-04-21,187,2497,2684
488,2020-04-22,214,2567,2781
488,2020-04-23,208,2656,2864
488,2020-04-24,207,2798,3005
488,2020-04-25,108,2062,2170
488,2020-04-26,8,1647,1655
488,2020-04-27,224,2766,2990
488,2020-04-28,282,2835,3117
488,2020-04-29,308,2778,3086
488,2020-04-30,273,2932,3205
488,2020-05-01,16,1537,1553
488,2020-05-02,135,2001,2136
488,2020-05-03,9,1757,1766
488,2020-05-04,205,3158,3363
488,2020-05-05,276,3252,3528
488,2020-05-06,231,3246,3477
488,2020-05-07,244,3319,3563
488,2020-05-08,218,3459,3677
488,2020-05-09,37,2237,2274
488,2020-05-10,26,1938,1964
488,2020-05-11,283,3823,4106
488,2020-05-12,316,3934,4250
488,2020-05-13,355,3901,4256
488,2020-05-14,296,4009,4305
488,2020-05-15,291,4310,4601
488,2020-05-16,193,3232,3425
488,2020-05-17,54,2564,2618
488,2020-05-18,304,4060,4364
488,2020-05-19,295,4195,4490
488,2020-05-20,322,4287,4609
488,2020-05-21,45,2565,2610
488,2020-05-22,294,3926,4220
488,2020-05-23,207,2853,3060
488,2020-05-24,47,2367,2414
488,2020-05-25,409,4125,4534
488,2020-05-26,385,4420,4805
488,2020-05-27,395,4350,4745
488,2020-05-28,48,840,888
488,2020-05-29,308,3696,4004
488,2020-05-30,197,3524,3721
488,2020-05-31,50,2831,2881
488,2020-06-06,151,3096,3247
488,2020-06-07,57,2637,2694
488,2020-06-08,289,4193,4482
488,2020-06-09,283,4310,4593
488,2020-06-10,276,4288,4564
488,2020-06-11,303,4562,4865
488,2020-06-12,255,4569,4824
488,2020-06-13,229,3714,3943
488,2020-06-14,48,2971,3019
488,2020-06-15,283,4508,4791
488,2020-06-16,272,4800,5072
488,2020-06-17,276,4561,4837
488,2020-06-18,271,4814,5085
488,2020-06-19,275,5021,5296
488,2020-06-20,227,4024,4251
488,2020-06-21,52,2998,3050
488,2020-06-22,266,4278,4544
488,2020-06-23,90,2968,3058
488,2020-06-24,295,4724,5019
488,2020-06-25,281,4824,5105
488,2020-06-26,286,4818,5104
488,2020-06-27,228,3699,3927
488,2020-06-28,50,2977,3027
488,2020-06-29,270,4579,4849
488,2020-06-30,278,4721,4999
488,2020-07-01,285,4764,5049
488,2020-07-02,301,4749,5050
488,2020-07-03,289,4893,5182
488,2020-07-04,176,3830,4006
488,2020-07-05,49,2931,2980
488,2020-07-06,260,4695,4955
488,2020-07-07,350,4934,5284
488,2020-07-08,320,4705,5025
488,2020-07-09,318,4878,5196
488,2020-07-10,319,4856,5175
488,2020-07-11,212,3704,3916
488,2020-07-12,49,3112,3161
488,2020-07-13,279,4696,4975
488,2020-07-14,252,4739,4991
488,2020-07-15,284,4607,4891
488,2020-07-16,252,4500,4752
488,2020-07-17,238,4406,4644
488,2020-07-18,166,3586,3752
488,2020-07-19,56,2780,2836
488,2020-07-20,267,4240,4507
488,2020-07-21,305,4385,4690
488,2020-07-22,277,4394,4671
488,2020-07-23,320,4560,4880
488,2020-07-24,325,4444,4769
488,2020-07-25,189,3654,3843
488,2020-07-26,52,2877,2929
488,2020-07-27,274,4148,4422
488,2020-07-28,325,4507,4832
488,2020-07-29,340,4340,4680
488,2020-07-30,315,4422,4737
488,2020-07-31,227,4164,4391
488,2020-08-01,157,2942,3099
488,2020-08-02,55,2641,2696
488,2020-08-03,227,3551,3778
488,2020-08-04,267,3864,4131
488,2020-08-05,225,3866,4091
488,2020-08-06,259,3866,4125
488,2020-08-07,236,3847,4083
488,2020-08-08,147,2959,3106
488,2020-08-09,55,2401,2456
488,2020-08-10,234,3380,3614
488,2020-08-11,250,3585,3835
488,2020-08-12,221,3453,3674
488,2020-08-13,216,3565,3781
488,2020-08-14,228,3807,4035
488,2020-08-15,56,2639,2695
488,2020-08-16,50,2541,2591
488,2020-08-17,227,3639,3866
488,2020-08-18,241,3670,3911
488,2020-08-19,205,3720,3925
488,2020-08-20,215,3886,4101
488,2020-08-21,221,3822,4043
488,2020-08-22,155,3262,3417
488,2020-08-23,57,2723,2780
488,2020-08-24,299,3944,4243
488,2020-08-25,303,4202,4505
488,2020-08-26,280,4111,4391
488,2020-08-27,294,4334,4628
488,2020-08-28,293,4385,4678
488,2020-08-29,151,3302,3453
488,2020-08-30,48,2756,2804
488,2020-08-31,279,4082,4361
488,2020-09-01,128,2169,2297
488,2020-09-02,162,1609,1771
488,2020-09-03,125,1489,1614
488,2020-09-04,152,1794,1946
488,2020-09-05,87,2822,2909
488,2020-09-06,49,2683,2732
488,2020-09-07,265,3868,4133
488,2020-09-08,330,4232,4562
488,2020-09-09,313,4149,4462
488,2020-09-10,303,4433,4736
488,2020-09-11,294,4663,4957
488,2020-09-12,173,4427,4600
488,2020-09-13,50,3839,3889
488,2020-09-14,235,4630,4865
488,2020-09-15,284,4636,4920
488,2020-09-16,276,4668,4944
488,2020-09-17,242,4604,4846
488,2020-09-18,254,4893,5147
488,2020-09-19,193,4035,4228
488,2020-09-20,52,3342,3394
488,2020-09-21,280,4890,5170
488,2020-09-22,281,5034,5315
488,2020-09-23,270,4719,4989
488,2020-09-24,310,4771,5081
488,2020-09-25,291,4845,5136
488,2020-09-26,164,3679,3843
488,2020-09-27,51,2764,2815
488,2020-09-28,271,4653,4924
488,2020-09-29,251,4918,5169
488,2020-09-30,264,4674,4938
488,2020-10-01,272,4959,5231
488,2020-10-02,282,4857,5139
488,2020-10-03,151,3343,3494
488,2020-10-04,55,2858,2913
488,2020-10-05,281,4453,4734
488,2020-10-06,275,4766,5041
488,2020-10-07,263,4835,5098
488,2020-10-08,263,5020,5283
488,2020-10-09,282,4802,5084
488,2020-10-10,166,3747,3913
488,2020-10-11,53,3038,3091
488,2020-10-12,273,4814,5087
488,2020-10-13,287,4925,5212
488,2020-10-14,295,4863,5158
488,2020-10-15,262,4971,5233
488,2020-10-16,270,5143,5413
488,2020-10-17,160,3836,3996
488,2020-10-18,55,2968,3023
488,2020-10-19,351,4713,5064
488,2020-10-20,301,5127,5428
488,2020-10-21,277,4774,5051
488,2020-10-22,249,4786,5035
488,2020-10-23,254,4788,5042
488,2020-10-24,153,3580,3733
488,2020-10-25,50,2572,2622
488,2020-10-26,268,4404,4672
488,2020-10-27,277,4573,4850
488,2020-10-28,286,4578,4864
488,2020-10-29,318,4687,5005
488,2020-10-30,297,4502,4799
488,2020-11-01,49,2175,2224
488,2020-11-02,285,3956,4241
488,2020-11-03,292,4196,4488
488,2020-11-04,301,4127,4428
488,2020-11-05,306,4310,4616
488,2020-11-06,274,4508,4782
488,2020-11-07,177,3395,3572
488,2020-11-08,50,2494,2544
488,2020-11-09,239,4554,4793
488,2020-11-10,268,4809,5077
488,2020-11-11,229,4678,4907
488,2020-11-12,257,4813,5070
488,2020-11-13,334,4951,5285
488,2020-11-14,114,3734,3848
488,2020-11-15,56,2363,2419
488,2020-11-16,260,4536,4796
488,2020-11-17,272,4687,4959
488,2020-11-18,269,4743,5012
488,2020-11-19,255,4868,5123
488,2020-11-20,243,4885,5128
488,2020-11-21,119,3448,3567
488,2020-11-22,46,2518,2564
488,2020-11-23,271,4578,4849
488,2020-11-24,309,4733,5042
488,2020-11-25,278,4856,5134
488,2020-11-26,257,4594,4851
488,2020-11-27,251,4742,4993
488,2020-11-28,114,3240,3354
488,2020-11-29,54,2447,2501
488,2020-11-30,273,4395,4668
488,2020-12-01,268,4501,4769
488,2020-12-02,255,4473,4728
488,2020-12-03,239,4609,4848
488,2020-12-04,250,5019,5269
488,2020-12-05,121,3453,3574
488,2020-12-06,53,2344,2397
488,2020-12-07,353,4660,5013
488,2020-12-08,336,4471,4807
488,2020-12-09,370,4319,4689
488,2020-12-10,354,4502,4856
488,2020-12-11,315,4439,4754
488,2020-12-12,107,3211,3318
488,2020-12-13,50,2325,2375
488,2020-12-14,366,4332,4698
488,2020-12-15,327,4554,4881
488,2020-12-16,388,4775,5163
488,2020-12-17,323,4652,4975
488,2020-12-18,247,4714,4961
488,2020-12-19,93,3294,3387
488,2020-12-20,51,2303,2354
488,2020-12-21,320,3589,3909
488,2020-12-22,272,3681,3953
488,2020-12-23,318,3520,3838
488,2020-12-24,167,3562,3729
488,2020-12-25,37,1987,2024
488,2020-12-26,40,2030,2070
488,2020-12-27,35,684,719
488,2020-12-28,384,2601,2985
488,2020-12-29,419,2803,3222
488,2020-12-30,410,3057,3467
488,2020-12-31,146,2066,2212
490,2020-02-22,25,3220,3245
490,2020-02-23,9,1986,1995
490,2020-02-24,68,4927,4995
490,2020-02-25,110,5611,5721
490,2020-02-26,89,5323,5412
490,2020-02-27,90,4755,4845
490,2020-02-28,74,5484,5558
490,2020-02-29,21,2912,2933
490,2020-03-01,19,2339,2358
490,2020-03-02,95,6432,6527
490,2020-03-03,89,6624,6713
490,2020-03-04,101,6430,6531
490,2020-03-05,108,7086,7194
490,2020-03-06,91,7208,7299
490,2020-03-07,26,3514,3540
490,2020-03-08,5,2477,2482
490,2020-03-09,88,6349,6437
490,2020-03-10,106,6609,6715
490,2020-03-11,100,6385,6485
490,2020-03-12,107,7113,7220
490,2020-03-13,92,6355,6447
490,2020-03-14,16,2683,2699
490,2020-03-15,11,2162,2173
490,2020-03-16,86,4357,4443
490,2020-03-17,106,4077,4183
490,2020-03-18,121,3210,3331
490,2020-03-19,65,2114,2179
490,2020-03-20,46,1879,1925
490,2020-03-21,9,749,758
490,2020-03-22,6,579,585
490,2020-03-23,54,1390,1444
490,2020-03-24,42,1286,1328
490,2020-03-25,32,1208,1240
490,2020-03-26,28,1265,1293
490,2020-03-27,34,1241,1275
490,2020-03-28,20,729,749
490,2020-03-30,25,1265,1290
490,2020-03-31,20,1344,1364
490,2020-04-02,33,1265,1298
490,2020-04-03,20,1317,1337
490,2020-04-04,11,787,798
490,2020-04-05,2,582,584
490,2020-04-06,43,1432,1475
490,2020-04-07,30,1366,1396
490,2020-04-08,40,1316,1356
490,2020-04-09,44,1289,1333
490,2020-04-10,37,1269,1306
490,2020-04-11,8,694,702
490,2020-04-12,3,422,425
490,2020-04-13,7,459,466
490,2020-04-14,35,1426,1461
490,2020-04-15,29,1341,1370
490,2020-04-16,41,1384,1425
490,2020-04-17,48,1525,1573
490,2020-04-18,16,821,837
490,2020-04-19,4,589,593
490,2020-04-20,69,1943,2012
490,2020-04-21,51,2034,2085
490,2020-04-22,77,2053,2130
490,2020-04-23,71,2133,2204
490,2020-04-24,89,2198,2287
490,2020-04-25,24,1067,1091
490,2020-04-26,6,614,620
490,2020-04-27,88,2187,2275
490,2020-04-28,89,2182,2271
490,2020-04-29,84,2239,2323
490,2020-04-30,107,2337,2444
490,2020-05-01,24,742,766
490,2020-05-02,18,1008,1026
490,2020-05-03,9,704,713
490,2020-05-04,112,2533,2645
490,2020-05-05,75,2505,2580
490,2020-05-06,98,2559,2657
490,2020-05-07,108,2554,2662
490,2020-05-08,95,2672,2767
490,2020-05-09,23,1091,1114
490,2020-05-10,7,955,962
490,2020-05-11,92,2829,2921
490,2020-05-12,104,2849,2953
490,2020-05-13,85,2776,2861
490,2020-05-14,95,2759,2854
490,2020-05-15,89,2903,2992
490,2020-05-16,27,1559,1586
490,2020-05-17,39,1160,1199
490,2020-05-18,74,3105,3179
490,2020-05-19,103,3237,3340
490,2020-05-20,152,3271,3423
490,2020-05-21,7,1399,1406
490,2020-05-22,65,2513,2578
490,2020-05-23,29,1593,1622
490,2020-05-24,6,1169,1175
490,2020-05-25,94,3362,3456
490,2020-05-26,111,3609,3720
490,2020-05-27,114,3491,3605
490,2020-05-28,96,3472,3568
490,2020-05-29,134,3726,3860
490,2020-05-30,25,2631,2656
490,2020-05-31,3,1946,1949
490,2020-06-01,14,1990,2004
490,2020-06-02,121,4318,4439
490,2020-06-03,129,3997,4126
490,2020-06-04,113,4240,4353
490,2020-06-05,98,4179,4277
490,2020-06-06,22,2657,2679
490,2020-06-07,10,2005,2015
490,2020-06-08,97,4094,4191
490,2020-06-09,116,4160,4276
490,2020-06-10,104,4148,4252
490,2020-06-11,93,4472,4565
490,2020-06-12,119,4830,4949
490,2020-06-13,34,2858,2892
490,2020-06-14,13,2138,2151
490,2020-06-15,106,4630,4736
490,2020-06-16,117,4743,4860
490,2020-06-17,117,4692,4809
490,2020-06-18,109,5014,5123
490,2020-06-19,99,5423,5522
490,2020-06-20,50,3759,3809
490,2020-06-21,22,2920,2942
490,2020-06-22,82,4545,4627
490,2020-06-23,53,3822,3875
490,2020-06-24,139,5614,5753
490,2020-06-25,163,6000,6163
490,2020-06-26,140,5922,6062
490,2020-06-27,45,3665,3710
490,2020-06-28,24,2835,2859
490,2020-06-29,111,5570,5681
490,2020-06-30,139,5721,5860
490,2020-07-01,110,5485,5595
490,2020-07-02,110,5654,5764
490,2020-07-03,129,5398,5527
490,2020-07-04,35,3362,3397
490,2020-07-05,9,2507,2516
490,2020-07-06,97,4390,4487
490,2020-07-07,107,4636,4743
490,2020-07-08,108,4589,4697
490,2020-07-09,100,4629,4729
490,2020-07-10,102,4904,5006
490,2020-07-11,31,3243,3274
490,2020-07-12,10,2705,2715
490,2020-07-13,95,4416,4511
490,2020-07-14,94,4460,4554
490,2020-07-15,102,4639,4741
490,2020-07-16,114,4496,4610
490,2020-07-17,102,4611,4713
490,2020-07-18,41,2991,3032
490,2020-07-19,11,2429,2440
490,2020-07-20,89,4664,4753
490,2020-07-21,52,4170,4222
490,2020-07-22,82,4525,4607
490,2020-07-23,102,4661,4763
490,2020-07-24,89,4530,4619
490,2020-07-25,31,2985,3016
490,2020-07-26,15,2338,2353
490,2020-07-27,104,4137,4241
490,2020-07-28,112,4138,4250
490,2020-07-29,103,4150,4253
490,2020-07-30,68,4453,4521
490,2020-07-31,71,4168,4239
490,2020-08-01,33,2821,2854
490,2020-08-02,13,2371,2384
490,2020-08-03,65,3735,3800
490,2020-08-04,70,3777,3847
490,2020-08-05,59,3795,3854
490,2020-08-06,64,3825,3889
490,2020-08-07,62,3903,3965
490,2020-08-08,35,2766,2801
490,2020-08-09,12,2172,2184
490,2020-08-10,59,3573,3632
490,2020-08-11,48,3762,3810
490,2020-08-12,77,3755,3832
490,2020-08-13,80,3846,3926
490,2020-08-14,55,3926,3981
490,2020-08-15,15,2434,2449
490,2020-08-16,6,2325,2331
490,2020-08-17,54,3852,3906
490,2020-08-18,44,3992,4036
490,2020-08-19,37,3995,4032
490,2020-08-20,58,3953,4011
490,2020-08-21,56,4046,4102
490,2020-08-22,24,3113,3137
490,2020-08-23,18,2265,2283
490,2020-08-24,79,4157,4236
490,2020-08-25,83,4245,4328
490,2020-08-26,75,4210,4285
490,2020-08-27,115,5453,5568
490,2020-08-28,67,5579,5646
490,2020-08-29,36,2847,2883
490,2020-08-30,6,2303,2309
490,2020-08-31,86,4391,4477
490,2020-09-01,114,4609,4723
490,2020-09-02,148,4729,4877
490,2020-09-03,101,4950,5051
490,2020-09-04,82,5050,5132
490,2020-09-05,29,3142,3171
490,2020-09-06,9,2554,2563
490,2020-09-07,108,4880,4988
490,2020-09-08,91,5163,5254
490,2020-09-09,114,4870,4984
490,2020-09-10,78,5183,5261
490,2020-09-11,103,5038,5141
490,2020-09-12,36,3462,3498
490,2020-09-13,15,2708,2723
490,2020-09-14,131,4971,5102
490,2020-09-15,130,5100,5230
490,2020-09-16,89,4964,5053
490,2020-09-17,91,5314,5405
490,2020-09-18,105,5410,5515
490,2020-09-19,20,3603,3623
490,2020-09-20,13,2709,2722
490,2020-09-21,108,5074,5182
490,2020-09-22,128,5177,5305
490,2020-09-23,145,4965,5110
490,2020-09-24,110,5341,5451
490,2020-09-25,100,5366,5466
490,2020-09-26,26,3083,3109
490,2020-09-27,14,2288,2302
490,2020-09-28,103,4708,4811
490,2020-09-29,122,5041,5163
490,2020-09-30,128,4898,5026
490,2020-10-01,87,5276,5363
490,2020-10-02,94,5160,5254
490,2020-10-03,16,3174,3190
490,2020-10-04,14,2305,2319
490,2020-10-05,104,5023,5127
490,2020-10-06,107,5259,5366
490,2020-10-07,92,5223,5315
490,2020-10-08,107,5402,5509
490,2020-10-09,95,5452,5547
490,2020-10-10,28,3106,3134
490,2020-10-11,6,2386,2392
490,2020-10-12,108,5102,5210
490,2020-10-13,96,5229,5325
490,2020-10-14,108,4937,5045
490,2020-10-15,90,5192,5282
490,2020-10-16,109,5200,5309
490,2020-10-17,22,3025,3047
490,2020-10-18,8,2313,2321
490,2020-10-19,103,4861,4964
490,2020-10-20,116,5295,5411
490,2020-10-21,136,4928,5064
490,2020-10-22,127,5275,5402
490,2020-10-23,129,5146,5275
490,2020-10-24,30,2928,2958
490,2020-10-25,8,2058,2066
490,2020-10-26,128,4564,4692
490,2020-10-27,86,4777,4863
490,2020-10-28,103,4544,4647
490,2020-10-29,99,4720,4819
490,2020-10-30,73,4920,4993
490,2020-11-01,3,1896,1899
490,2020-11-02,62,3398,3460
490,2020-11-03,98,3769,3867
490,2020-11-04,87,3802,3889
490,2020-11-05,70,4074,4144
490,2020-11-06,108,4083,4191
490,2020-11-07,18,2643,2661
490,2020-11-08,8,2221,2229
490,2020-11-09,77,3960,4037
490,2020-11-10,105,4040,4145
490,2020-11-11,58,3911,3969
490,2020-11-12,94,4277,4371
490,2020-11-13,106,4336,4442
490,2020-11-14,12,2789,2801
490,2020-11-15,7,2145,2152
490,2020-11-16,119,4526,4645
490,2020-11-17,122,4615,4737
490,2020-11-18,103,4716,4819
490,2020-11-19,95,4476,4571
490,2020-11-20,107,4647,4754
490,2020-11-21,31,2813,2844
490,2020-11-22,6,2100,2106
490,2020-11-23,98,4394,4492
490,2020-11-24,99,4633,4732
490,2020-11-25,95,4527,4622
490,2020-11-26,105,4396,4501
490,2020-11-27,89,4411,4500
490,2020-11-28,33,2706,2739
490,2020-11-29,8,2008,2016
490,2020-11-30,102,4270,4372
490,2020-12-01,101,4121,4222
490,2020-12-02,105,4458,4563
490,2020-12-03,116,4432,4548
490,2020-12-04,87,4475,4562
490,2020-12-05,23,2686,2709
490,2020-12-06,10,1830,1840
490,2020-12-07,88,4223,4311
490,2020-12-08,119,4301,4420
490,2020-12-09,110,4932,5042
490,2020-12-10,102,4329,4431
490,2020-12-11,128,4022,4150
490,2020-12-12,19,2653,2672
490,2020-12-13,8,1812,1820
490,2020-12-14,100,4343,4443
490,2020-12-15,82,4318,4400
490,2020-12-16,101,4338,4439
490,2020-12-17,95,4456,4551
490,2020-12-18,70,4417,4487
490,2020-12-19,19,2569,2588
490,2020-12-20,10,1819,1829
490,2020-12-21,66,3280,3346
490,2020-12-22,39,3496,3535
490,2020-12-23,47,3511,3558
490,2020-12-24,40,2719,2759
490,2020-12-25,9,1223,1232
490,2020-12-26,11,1934,1945
490,2020-12-27,12,1229,1241
490,2020-12-28,41,2538,2579
490,2020-12-29,45,2586,2631
490,2020-12-30,26,2838,2864
490,2020-12-31,36,2079,2115
492,2020-01-01,18,2069,2087
492,2020-01-02,146,3604,3750
492,2020-01-03,156,3777,3933
492,2020-01-04,104,3414,3518
492,2020-01-05,25,2575,2600
492,2020-01-06,226,4685,4911
492,2020-01-07,231,4874,5105
492,2020-01-08,218,4867,5085
492,2020-01-09,205,5028,5233
492,2020-01-10,214,5066,5280
492,2020-01-11,127,3845,3972
492,2020-01-12,18,2852,2870
492,2020-01-13,280,5050,5330
492,2020-01-14,317,5356,5673
492,2020-01-15,341,5426,5767
492,2020-01-16,337,5378,5715
492,2020-01-17,344,5239,5583
492,2020-01-18,148,4361,4509
492,2020-01-19,30,3068,3098
492,2020-01-20,347,5215,5562
492,2020-01-21,309,5446,5755
492,2020-01-22,340,5389,5729
492,2020-01-23,340,5468,5808
492,2020-01-24,318,5388,5706
492,2020-01-25,132,4015,4147
492,2020-01-26,23,2918,2941
492,2020-01-27,313,4907,5220
492,2020-01-28,308,5073,5381
492,2020-01-29,327,5280,5607
492,2020-01-30,325,5311,5636
492,2020-01-31,306,5266,5572
492,2020-02-01,123,3908,4031
492,2020-02-02,20,2776,2796
492,2020-02-03,335,5022,5357
492,2020-02-04,355,5225,5580
492,2020-02-05,373,5364,5737
492,2020-02-06,396,5464,5860
492,2020-02-07,369,5546,5915
492,2020-02-08,152,4109,4261
492,2020-02-09,26,2292,2318
492,2020-02-10,280,3090,3370
492,2020-02-11,390,4944,5334
492,2020-02-12,330,5148,5478
492,2020-02-13,317,5219,5536
492,2020-02-14,327,5436,5763
492,2020-02-15,128,3879,4007
492,2020-02-16,20,2715,2735
492,2020-02-17,308,4498,4806
492,2020-02-18,305,4709,5014
492,2020-02-19,309,4767,5076
492,2020-02-20,340,4596,4936
492,2020-02-21,346,4669,5015
492,2020-02-22,163,3906,4069
492,2020-02-23,32,2744,2776
492,2020-02-24,246,4654,4900
492,2020-02-25,331,5011,5342
492,2020-02-26,354,4996,5350
492,2020-02-27,312,4434,4746
492,2020-02-28,291,4693,4984
492,2020-02-29,131,4011,4142
492,2020-03-01,39,3033,3072
492,2020-03-02,325,5047,5372
492,2020-03-03,356,5139,5495
492,2020-03-04,386,5478,5864
492,2020-03-05,365,5346,5711
492,2020-03-06,337,5590,5927
492,2020-03-07,136,4436,4572
492,2020-03-08,28,3028,3056
492,2020-03-09,359,5096,5455
492,2020-03-10,301,5172,5473
492,2020-03-11,388,5253,5641
492,2020-03-12,338,5224,5562
492,2020-03-13,351,5036,5387
492,2020-03-14,139,3331,3470
492,2020-03-15,27,3122,3149
492,2020-03-16,285,3876,4161
492,2020-03-17,371,3401,3772
492,2020-03-18,266,3022,3288
492,2020-03-19,226,2381,2607
492,2020-03-20,184,2201,2385
492,2020-03-21,97,1130,1227
492,2020-03-22,13,934,947
492,2020-03-23,160,1708,1868
492,2020-03-24,163,1721,1884
492,2020-03-25,223,1739,1962
492,2020-03-26,206,1736,1942
492,2020-03-27,175,1712,1887
492,2020-03-28,116,1508,1624
492,2020-03-30,167,1653,1820
492,2020-03-31,163,1701,1864
492,2020-04-01,171,1880,2051
492,2020-04-02,174,1867,2041
492,2020-04-03,201,1921,2122
492,2020-04-04,154,1405,1559
492,2020-04-05,12,1005,1017
492,2020-04-06,175,1879,2054
492,2020-04-07,181,2045,2226
492,2020-04-08,143,2038,2181
492,2020-04-09,188,2098,2286
492,2020-04-10,158,2107,2265
492,2020-04-11,114,1703,1817
492,2020-04-12,7,1000,1007
492,2020-04-13,14,917,931
492,2020-04-14,170,1980,2150
492,2020-04-15,170,2155,2325
492,2020-04-16,178,2193,2371
492,2020-04-17,177,2334,2511
492,2020-04-18,144,1762,1906
492,2020-04-19,15,1371,1386
492,2020-04-20,295,2941,3236
492,2020-04-21,289,3137,3426
492,2020-04-22,300,3185,3485
492,2020-04-23,259,3325,3584
492,2020-04-24,293,3507,3800
492,2020-04-25,122,3006,3128
492,2020-04-26,15,2370,2385
492,2020-04-27,295,3527,3822
492,2020-04-28,352,3423,3775
492,2020-04-29,351,3477,3828
492,2020-04-30,281,3663,3944
492,2020-05-01,29,1382,1411
492,2020-05-02,108,2582,2690
492,2020-05-03,15,2140,2155
492,2020-05-04,267,3652,3919
492,2020-05-05,331,3793,4124
492,2020-05-06,336,4115,4451
492,2020-05-07,354,4091,4445
492,2020-05-08,354,4387,4741
492,2020-05-09,38,2034,2072
492,2020-05-10,20,1911,1931
492,2020-05-11,342,4182,4524
492,2020-05-12,380,4470,4850
492,2020-05-13,327,4663,4990
492,2020-05-14,365,4495,4860
492,2020-05-15,385,4643,5028
492,2020-05-16,202,4482,4684
492,2020-05-17,70,4227,4297
492,2020-05-18,474,4635,5109
492,2020-05-19,387,5033,5420
492,2020-05-20,412,5223,5635
492,2020-05-21,65,5177,5242
492,2020-05-22,299,4907,5206
492,2020-05-23,173,3274,3447
492,2020-05-24,42,3441,3483
492,2020-05-25,374,4636,5010
492,2020-05-26,440,5174,5614
492,2020-05-27,387,5280,5667
492,2020-05-28,414,5334,5748
492,2020-05-29,388,5453,5841
492,2020-05-30,224,5125,5349
492,2020-05-31,48,5282,5330
492,2020-06-01,75,5442,5517
492,2020-06-02,390,5815,6205
492,2020-06-03,389,5501,5890
492,2020-06-04,329,5006,5335
492,2020-06-05,325,4975,5300
492,2020-06-06,201,3985,4186
492,2020-06-07,36,3580,3616
492,2020-06-08,435,4962,5397
492,2020-06-09,404,5060,5464
492,2020-06-10,340,5101,5441
492,2020-06-11,382,5605,5987
492,2020-06-12,364,5773,6137
492,2020-06-13,171,4048,4219
492,2020-06-14,48,3263,3311
492,2020-06-15,351,4602,4953
492,2020-06-16,399,5285,5684
492,2020-06-17,378,5291,5669
492,2020-06-18,389,5450,5839
492,2020-06-19,382,5719,6101
492,2020-06-20,198,4896,5094
492,2020-06-21,50,4939,4989
492,2020-06-22,284,5211,5495
492,2020-06-23,79,4541,4620
492,2020-06-24,469,5904,6373
492,2020-06-25,391,5843,6234
492,2020-06-26,415,5579,5994
492,2020-06-27,196,4857,5053
492,2020-06-28,45,4039,4084
492,2020-06-29,389,5305,5694
492,2020-06-30,383,5760,6143
492,2020-07-01,421,5598,6019
492,2020-07-02,414,5753,6167
492,2020-07-03,383,6143,6526
492,2020-07-04,230,5136,5366
492,2020-07-05,57,3741,3798
492,2020-07-06,417,5541,5958
492,2020-07-07,393,5766,6159
492,2020-07-08,425,6395,6820
492,2020-07-09,537,6473,7010
492,2020-07-10,482,6003,6485
492,2020-07-11,204,5294,5498
492,2020-07-12,40,5685,5725
492,2020-07-13,394,5908,6302
492,2020-07-14,412,6297,6709
492,2020-07-15,362,6094,6456
492,2020-07-16,383,5893,6276
492,2020-07-17,401,6167,6568
492,2020-07-18,191,5233,5424
492,2020-07-19,59,4981,5040
492,2020-07-20,334,5620,5954
492,2020-08-07,236,5477,5713
492,2020-08-08,162,5003,5165
492,2020-08-09,44,4697,4741
492,2020-08-10,216,4885,5101
492,2020-08-11,212,5253,5465
492,2020-08-12,209,5309,5518
492,2020-08-13,204,5251,5455
492,2020-08-14,244,5368,5612
492,2020-08-15,56,4898,4954
492,2020-08-16,23,4676,4699
492,2020-08-17,236,4957,5193
492,2020-08-18,278,5328,5606
492,2020-08-19,238,5515,5753
492,2020-08-20,217,5514,5731
492,2020-08-21,218,5189,5407
492,2020-08-22,147,5040,5187
492,2020-08-23,53,4610,4663
492,2020-08-24,350,5144,5494
492,2020-08-25,332,5432,5764
492,2020-08-26,313,5255,5568
492,2020-08-27,301,5897,6198
492,2020-08-28,357,5506,5863
492,2020-08-29,185,4814,4999
492,2020-08-30,34,4043,4077
492,2020-08-31,313,5112,5425
492,2020-09-01,398,5391,5789
492,2020-09-02,386,5682,6068
492,2020-09-03,367,5873,6240
492,2020-09-04,385,5996,6381
492,2020-09-05,186,4994,5180
492,2020-09-06,49,4599,4648
492,2020-09-07,375,5754,6129
492,2020-09-08,416,6303,6719
492,2020-09-09,327,5697,6024
492,2020-09-10,305,6075,6380
492,2020-09-11,364,6152,6516
492,2020-09-12,190,5554,5744
492,2020-09-13,37,5945,5982
492,2020-09-14,353,5920,6273
492,2020-09-15,402,6295,6697
492,2020-09-16,346,5268,5614
492,2020-09-17,338,6225,6563
492,2020-09-18,370,6448,6818
492,2020-09-19,190,5779,5969
492,2020-09-20,46,5279,5325
492,2020-09-21,336,5735,6071
492,2020-09-22,379,6066,6445
492,2020-09-23,386,5923,6309
492,2020-09-24,363,5865,6228
492,2020-09-26,178,4295,4473
492,2020-09-27,36,3158,3194
492,2020-09-28,355,5380,5735
492,2020-09-29,372,5785,6157
492,2020-09-30,326,5204,5530
492,2020-10-01,382,5679,6061
492,2020-10-02,352,5663,6015
492,2020-10-03,156,4193,4349
492,2020-10-04,29,3240,3269
492,2020-10-05,297,5226,5523
492,2020-10-06,351,5686,6037
492,2020-10-07,369,5690,6059
492,2020-10-08,344,5574,5918
492,2020-10-09,280,5587,5867
492,2020-10-10,163,4604,4767
492,2020-10-11,29,3738,3767
492,2020-10-12,405,5460,5865
492,2020-10-13,405,5798,6203
492,2020-10-14,376,5717,6093
492,2020-10-15,352,5630,5982
492,2020-10-16,420,5875,6295
492,2020-10-17,182,4596,4778
492,2020-10-18,42,4128,4170
492,2020-10-19,415,5455,5870
492,2020-10-20,438,5607,6045
492,2020-10-21,407,5699,6106
492,2020-10-22,411,5680,6091
492,2020-10-23,337,5620,5957
492,2020-10-24,188,4248,4436
492,2020-10-25,21,2796,2817
492,2020-10-26,353,5439,5792
492,2020-10-27,365,5687,6052
492,2020-10-28,441,5872,6313
492,2020-10-29,402,5621,6023
492,2020-10-30,336,5745,6081
492,2020-11-01,29,2408,2437
492,2020-11-02,301,4637,4938
492,2020-11-03,430,4889,5319
492,2020-11-04,436,5009,5445
492,2020-11-05,421,5141,5562
492,2020-11-06,371,5306,5677
492,2020-11-07,197,4732,4929
492,2020-11-08,37,3109,3146
492,2020-11-09,388,4630,5018
492,2020-11-10,379,4950,5329
492,2020-11-11,409,4979,5388
492,2020-11-12,432,4594,5026
492,2020-11-13,383,5020,5403
492,2020-11-14,150,4346,4496
492,2020-11-15,35,3191,3226
492,2020-11-16,364,4341,4705
492,2020-11-17,355,4402,4757
492,2020-11-18,367,4516,4883
492,2020-11-19,375,4354,4729
492,2020-11-20,325,4635,4960
492,2020-11-21,218,4726,4944
492,2020-11-22,39,3055,3094
492,2020-11-23,383,4283,4666
492,2020-11-24,338,4279,4617
492,2020-11-25,447,4333,4780
492,2020-11-26,439,4504,4943
492,2020-11-27,349,4689,5038
492,2020-11-28,174,3744,3918
492,2020-11-29,30,2475,2505
492,2020-11-30,380,4521,4901
492,2020-12-01,377,4546,4923
492,2020-12-02,382,4528,4910
492,2020-12-03,433,4610,5043
492,2020-12-04,381,4586,4967
492,2020-12-05,205,3628,3833
492,2020-12-06,16,2213,2229
492,2020-12-07,414,4398,4812
492,2020-12-08,437,5016,5453
492,2020-12-09,455,5185,5640
492,2020-12-10,522,5196,5718
492,2020-12-11,460,5045,5505
492,2020-12-12,165,3166,3331
492,2020-12-13,48,2300,2348
492,2020-12-14,449,4592,5041
492,2020-12-15,402,4722,5124
492,2020-12-16,405,4496,4901
492,2020-12-17,318,4728,5046
492,2020-12-18,286,4802,5088
492,2020-12-19,171,3662,3833
492,2020-12-20,55,2361,2416
492,2020-12-21,209,4178,4387
492,2020-12-22,217,4314,4531
492,2020-12-23,185,4050,4235
492,2020-12-24,135,3071,3206
492,2020-12-25,42,1940,1982
492,2020-12-26,47,2080,2127
492,2020-12-27,46,1507,1553
492,2020-12-28,184,2928,3112
492,2020-12-29,191,3160,3351
492,2020-12-30,215,3268,3483
492,2020-12-31,174,2534,2708
493,2020-04-09,217,3393,3610
493,2020-04-10,221,3325,3546
493,2020-04-11,135,2372,2507
493,2020-04-12,13,1251,1264
493,2020-04-13,15,1095,1110
493,2020-04-14,278,3516,3794
493,2020-04-15,267,3637,3904
493,2020-04-16,250,3883,4133
493,2020-04-17,311,4072,4383
493,2020-04-18,162,2528,2690
493,2020-04-19,21,1577,1598
493,2020-04-20,410,4514,4924
493,2020-04-21,466,4922,5388
493,2020-04-22,511,4886,5397
493,2020-04-23,523,4921,5444
493,2020-04-24,465,5264,5729
493,2020-04-25,195,3510,3705
493,2020-04-26,35,2374,2409
493,2020-04-27,477,5094,5571
493,2020-04-28,597,4960,5557
493,2020-04-29,495,5577,6072
493,2020-04-30,468,5746,6214
493,2020-05-01,25,1903,1928
493,2020-05-02,195,3259,3454
493,2020-05-03,29,2179,2208
493,2020-05-04,543,6035,6578
493,2020-05-05,578,6243,6821
493,2020-05-06,576,6379,6955
493,2020-05-07,625,6490,7115
493,2020-05-08,571,6682,7253
493,2020-05-09,112,2632,2744
493,2020-05-10,36,2162,2198
493,2020-05-11,474,6300,6774
493,2020-05-12,518,6781,7299
493,2020-05-13,511,6689,7200
493,2020-05-14,550,6515,7065
493,2020-05-15,528,6879,7407
493,2020-05-16,278,5008,5286
493,2020-05-17,92,3486,3578
493,2020-05-18,472,6656,7128
493,2020-05-19,428,6974,7402
493,2020-05-20,476,7187,7663
493,2020-05-21,81,3554,3635
493,2020-05-22,359,6256,6615
493,2020-05-23,212,4305,4517
493,2020-05-24,46,3086,3132
493,2020-05-25,380,5964,6344
493,2020-05-26,378,6169,6547
493,2020-05-27,479,7161,7640
493,2020-05-28,467,7442,7909
493,2020-05-29,491,7882,8373
493,2020-05-30,274,5555,5829
493,2020-05-31,59,3849,3908
493,2020-06-01,63,3866,3929
493,2020-06-02,474,8013,8487
493,2020-06-03,534,8270,8804
493,2020-06-04,579,8362,8941
493,2020-06-05,464,8086,8550
493,2020-06-06,226,5459,5685
493,2020-06-07,48,3546,3594
493,2020-06-08,471,8070,8541
493,2020-06-09,514,8675,9189
493,2020-07-03,492,9340,9832
493,2020-07-04,230,6136,6366
493,2020-07-05,56,3836,3892
493,2020-07-06,471,8340,8811
493,2020-07-07,459,8816,9275
493,2020-07-08,497,8656,9153
493,2020-07-09,422,8927,9349
493,2020-07-10,460,9175,9635
493,2020-07-11,233,5933,6166
493,2020-07-12,71,4226,4297
493,2020-07-13,445,8649,9094
493,2020-07-14,474,8874,9348
493,2020-07-15,467,9016,9483
493,2020-07-16,499,8654,9153
493,2020-07-17,477,8746,9223
493,2020-07-18,197,5802,5999
493,2020-07-19,62,4206,4268
493,2020-07-20,455,8273,8728
493,2020-07-21,512,8674,9186
493,2020-07-22,528,8427,8955
493,2020-07-23,462,8446,8908
493,2020-07-24,446,8319,8765
493,2020-07-25,263,5612,5875
493,2020-07-26,61,3685,3746
493,2020-07-27,438,7707,8145
493,2020-07-28,410,8027,8437
493,2020-07-29,482,8257,8739
493,2020-07-30,375,8080,8455
493,2020-07-31,318,7828,8146
493,2020-08-01,170,5130,5300
493,2020-08-02,51,3749,3800
493,2020-08-03,301,6643,6944
493,2020-08-04,298,7323,7621
493,2020-08-05,320,7254,7574
493,2020-08-06,315,7239,7554
493,2020-08-07,314,7431,7745
493,2020-08-08,178,5004,5182
493,2020-08-09,59,3365,3424
493,2020-08-10,256,6561,6817
493,2020-08-11,275,6861,7136
493,2020-08-12,312,6809,7121
493,2020-08-13,281,6820,7101
493,2020-08-14,281,7002,7283
493,2020-08-15,60,3600,3660
493,2020-08-16,41,3413,3454
493,2020-08-17,305,6519,6824
493,2020-08-18,295,6566,6861
493,2020-08-19,300,6650,6950
493,2020-08-20,296,6979,7275
493,2020-08-21,302,6921,7223
493,2020-08-22,180,5058,5238
493,2020-08-23,60,3597,3657
493,2020-08-24,382,7094,7476
493,2020-08-25,431,7594,8025
493,2020-08-26,417,7070,7487
493,2020-08-27,397,7861,8258
493,2020-08-28,479,7867,8346
493,2020-08-29,193,5243,5436
493,2020-08-30,71,3735,3806
493,2020-08-31,494,7205,7699
493,2020-09-01,500,7441,7941
493,2020-09-02,435,7536,7971
493,2020-09-03,521,7582,8103
493,2020-09-04,514,7933,8447
493,2020-09-05,246,5078,5324
493,2020-09-06,75,3648,3723
493,2020-09-07,498,7901,8399
493,2020-09-08,505,8300,8805
493,2020-09-09,540,8093,8633
493,2020-09-10,556,8319,8875
493,2020-09-11,459,8347,8806
493,2020-09-12,227,5903,6130
493,2020-09-13,75,4492,4567
493,2020-09-14,405,8405,8810
493,2020-09-15,457,8614,9071
493,2020-09-16,437,8448,8885
493,2020-09-17,507,8740,9247
493,2020-09-18,473,8850,9323
493,2020-09-19,210,6043,6253
493,2020-09-20,74,5002,5076
493,2020-09-21,484,8500,8984
493,2020-09-22,466,8790,9256
493,2020-09-23,467,8585,9052
493,2020-09-24,498,8708,9206
493,2020-09-25,499,8718,9217
493,2020-09-26,195,5629,5824
493,2020-09-27,58,3946,4004
493,2020-09-28,506,8378,8884
493,2020-09-29,478,8606,9084
493,2020-09-30,477,8463,8940
493,2020-10-01,449,8893,9342
493,2020-10-02,463,8900,9363
493,2020-10-03,182,5733,5915
493,2020-10-04,46,4059,4105
493,2020-10-05,420,8032,8452
493,2020-10-06,402,8756,9158
493,2020-10-07,453,8702,9155
493,2020-10-08,460,8675,9135
493,2020-10-09,444,8670,9114
493,2020-10-10,216,5944,6160
493,2020-10-11,53,4000,4053
493,2020-10-12,513,8195,8708
493,2020-10-13,472,8703,9175
493,2020-10-14,554,8362,8916
493,2020-10-15,466,8421,8887
493,2020-10-16,487,8585,9072
493,2020-10-17,261,5906,6167
493,2020-10-18,62,3882,3944
493,2020-10-19,642,7137,7779
493,2020-10-20,431,8052,8483
493,2020-10-21,491,7437,7928
493,2020-10-22,586,8085,8671
493,2020-10-23,488,7197,7685
493,2020-10-24,229,5363,5592
493,2020-10-25,44,3335,3379
493,2020-10-26,463,6658,7121
493,2020-10-27,587,6774,7361
493,2020-10-28,696,6857,7553
493,2020-10-29,598,7167,7765
493,2020-10-30,650,7494,8144
493,2020-11-01,44,2918,2962
493,2020-11-02,430,6430,6860
493,2020-11-03,490,7046,7536
493,2020-11-04,485,7112,7597
493,2020-11-05,507,6939,7446
493,2020-11-06,598,7408,8006
493,2020-11-07,275,4898,5173
493,2020-11-08,62,3235,3297
493,2020-11-09,504,6858,7362
493,2020-11-10,466,7013,7479
493,2020-11-11,466,6796,7262
493,2020-11-12,441,7108,7549
493,2020-11-13,508,7139,7647
493,2020-11-14,201,5208,5409
493,2020-11-15,56,3084,3140
493,2020-11-16,463,6967,7430
493,2020-11-17,500,7269,7769
493,2020-11-18,456,7324,7780
493,2020-11-19,470,7595,8065
493,2020-11-20,469,7900,8369
493,2020-11-21,212,5249,5461
493,2020-11-22,43,3252,3295
493,2020-11-23,409,6639,7048
493,2020-11-24,510,7040,7550
493,2020-11-25,531,7193,7724
493,2020-11-26,483,7293,7776
493,2020-11-27,519,7147,7666
493,2020-11-28,215,4756,4971
493,2020-11-29,62,2844,2906
493,2020-11-30,483,6652,7135
493,2020-12-01,509,6956,7465
493,2020-12-02,546,6839,7385
493,2020-12-03,477,6812,7289
493,2020-12-04,478,6959,7437
493,2020-12-05,210,4811,5021
493,2020-12-06,46,2951,2997
493,2020-12-07,497,6754,7251
493,2020-12-08,453,6743,7196
493,2020-12-09,517,6938,7455
493,2020-12-10,747,7861,8608
493,2020-12-11,503,7042,7545
493,2020-12-12,185,4533,4718
493,2020-12-13,69,2727,2796
493,2020-12-14,471,6775,7246
493,2020-12-15,406,6859,7265
493,2020-12-16,447,7061,7508
493,2020-12-17,416,7112,7528
493,2020-12-18,422,7455,7877
493,2020-12-19,169,4737,4906
493,2020-12-20,62,2931,2993
493,2020-12-21,303,5985,6288
493,2020-12-22,284,6351,6635
493,2020-12-23,232,6188,6420
493,2020-12-24,155,4753,4908
493,2020-12-25,44,2354,2398
493,2020-12-26,67,2303,2370
493,2020-12-27,50,1951,2001
493,2020-12-28,218,4340,4558
493,2020-12-29,235,4649,4884
493,2020-12-30,240,4999,5239
493,2020-12-31,180,3776,3956
495,2020-01-01,23,3618,3641
495,2020-01-02,166,7440,7606
495,2020-01-03,185,8093,8278
495,2020-01-04,123,6555,6678
495,2020-01-05,26,4780,4806
495,2020-01-06,230,10189,10419
495,2020-01-07,255,10825,11080
495,2020-01-08,293,10713,11006
495,2020-01-09,470,11090,11560
495,2020-01-10,535,11529,12064
495,2020-01-11,152,7755,7907
495,2020-01-12,18,4930,4948
495,2020-01-13,741,11123,11864
495,2020-01-14,838,11880,12718
495,2020-01-15,828,11135,11963
495,2020-01-16,839,11347,12186
495,2020-01-17,738,11393,12131
495,2020-01-18,158,7533,7691
495,2020-01-19,33,5074,5107
495,2020-01-20,836,10790,11626
495,2020-01-21,911,11190,12101
495,2020-01-22,987,10613,11600
495,2020-01-23,1180,11497,12677
495,2020-01-24,907,11702,12609
495,2020-01-25,158,7523,7681
495,2020-01-26,22,5158,5180
495,2020-01-27,809,10950,11759
495,2020-01-28,758,11364,12122
495,2020-01-29,887,10851,11738
495,2020-01-30,952,11596,12548
495,2020-01-31,792,11913,12705
495,2020-02-01,132,7572,7704
495,2020-02-02,23,5066,5089
495,2020-02-03,844,11377,12221
495,2020-02-04,912,12100,13012
495,2020-02-05,839,11327,12166
495,2020-02-06,871,11812,12683
495,2020-02-07,780,12017,12797
495,2020-02-08,195,7649,7844
495,2020-02-09,20,4345,4365
495,2020-02-10,735,9516,10251
495,2020-02-11,796,11314,12110
495,2020-02-12,849,11471,12320
495,2020-02-13,844,11801,12645
495,2020-02-14,848,12023,12871
495,2020-02-15,152,7165,7317
495,2020-02-16,38,4582,4620
495,2020-02-17,718,10266,10984
495,2020-02-18,663,10569,11232
495,2020-02-19,949,10598,11547
495,2020-02-20,972,10511,11483
495,2020-02-21,1018,11050,12068
495,2020-02-22,188,7309,7497
495,2020-02-23,36,4847,4883
495,2020-02-24,818,10198,11016
495,2020-02-25,979,11286,12265
495,2020-02-26,915,10863,11778
495,2020-02-27,674,9918,10592
495,2020-02-28,725,11636,12361
495,2020-02-29,237,7618,7855
495,2020-03-01,25,5023,5048
495,2020-03-02,1032,11333,12365
495,2020-03-03,815,11813,12628
495,2020-03-04,798,11216,12014
495,2020-03-05,698,12166,12864
495,2020-03-06,795,12252,13047
495,2020-03-07,151,8072,8223
495,2020-03-08,35,5383,5418
495,2020-03-09,1071,11297,12368
495,2020-03-10,986,11622,12608
495,2020-03-11,1081,11108,12189
495,2020-03-12,1085,11533,12618
495,2020-03-13,1118,11089,12207
495,2020-03-14,165,5997,6162
495,2020-03-15,21,3877,3898
495,2020-03-16,875,7816,8691
495,2020-03-17,944,7025,7969
495,2020-03-18,673,5950,6623
495,2020-03-19,484,4777,5261
495,2020-03-20,281,4386,4667
495,2020-03-21,112,1994,2106
495,2020-03-22,23,1250,1273
495,2020-03-23,210,3559,3769
495,2020-03-24,235,3519,3754
495,2020-03-25,252,3574,3826
495,2020-03-26,232,3586,3818
495,2020-03-27,200,3857,4057
495,2020-03-28,135,2499,2634
495,2020-03-30,223,3631,3854
495,2020-03-31,218,3565,3783
495,2020-04-01,208,3713,3921
495,2020-04-02,270,3640,3910
495,2020-04-03,243,3960,4203
495,2020-04-04,101,2592,2693
495,2020-04-05,17,1319,1336
495,2020-04-06,206,3866,4072
495,2020-04-07,228,3995,4223
495,2020-04-08,253,4125,4378
495,2020-04-09,224,4290,4514
495,2020-04-10,216,4314,4530
495,2020-04-11,108,2987,3095
495,2020-04-12,15,1469,1484
495,2020-04-13,22,1488,1510
495,2020-04-14,211,4392,4603
495,2020-04-15,244,4400,4644
495,2020-04-16,239,4551,4790
495,2020-04-17,247,4932,5179
495,2020-04-18,129,3180,3309
495,2020-04-19,18,1878,1896
495,2020-04-20,563,5945,6508
495,2020-04-21,862,5958,6820
495,2020-04-22,910,6062,6972
495,2020-04-23,914,6391,7305
495,2020-04-24,792,6797,7589
495,2020-04-25,177,4358,4535
495,2020-04-26,32,2512,2544
495,2020-04-27,684,6591,7275
495,2020-04-28,787,7038,7825
495,2020-04-29,1072,6756,7828
495,2020-04-30,973,7348,8321
495,2020-05-01,32,2305,2337
495,2020-05-02,139,4475,4614
495,2020-05-03,26,2651,2677
495,2020-05-04,932,7074,8006
495,2020-05-05,992,7262,8254
495,2020-05-06,922,7545,8467
495,2020-05-07,966,7687,8653
495,2020-05-08,929,8234,9163
495,2020-05-09,82,3230,3312
495,2020-05-10,22,2828,2850
495,2020-05-11,887,8311,9198
495,2020-05-12,1002,8528,9530
495,2020-05-13,860,8629,9489
495,2020-05-14,879,8366,9245
495,2020-05-15,891,8978,9869
495,2020-05-16,323,6352,6675
495,2020-05-17,42,4343,4385
495,2020-05-18,969,8737,9706
495,2020-05-19,871,9167,10038
495,2020-05-20,1062,9472,10534
495,2020-05-21,63,4328,4391
495,2020-05-22,799,8501,9300
495,2020-05-23,187,6317,6504
495,2020-05-24,42,3992,4034
495,2020-05-25,992,9535,10527
495,2020-05-26,1125,10065,11190
495,2020-05-27,992,9725,10717
495,2020-05-28,1060,9792,10852
495,2020-05-29,1111,10362,11473
495,2020-05-30,239,7184,7423
495,2020-05-31,37,4904,4941
495,2020-06-01,49,4727,4776
495,2020-06-02,1054,9798,10852
495,2020-06-03,971,9735,10706
495,2020-06-04,854,9623,10477
495,2020-06-05,996,9766,10762
495,2020-06-06,264,6956,7220
495,2020-06-07,36,4576,4612
495,2020-06-08,989,9559,10548
495,2020-06-09,1054,9817,10871
495,2020-06-10,952,10093,11045
495,2020-06-11,903,10205,11108
495,2020-06-12,943,10777,11720
495,2020-06-13,201,7589,7790
495,2020-06-14,35,5492,5527
495,2020-06-15,934,10091,11025
495,2020-06-16,1030,10625,11655
495,2020-06-17,1056,10316,11372
495,2020-06-18,1062,10559,11621
495,2020-06-19,949,10608,11557
495,2020-06-20,345,7011,7356
495,2020-06-21,56,5064,5120
495,2020-06-22,496,8959,9455
495,2020-06-23,82,4845,4927
495,2020-06-24,954,10315,11269
495,2020-06-25,866,10491,11357
495,2020-06-26,895,10469,11364
495,2020-06-27,381,7459,7840
495,2020-06-28,47,5055,5102
495,2020-06-29,1001,10450,11451
495,2020-06-30,927,10424,11351
495,2020-07-01,939,10396,11335
495,2020-07-02,1008,10797,11805
495,2020-07-03,890,10945,11835
495,2020-07-04,193,7522,7715
495,2020-07-05,50,4992,5042
495,2020-07-06,862,9984,10846
495,2020-07-07,939,10381,11320
495,2020-07-08,961,9994,10955
495,2020-07-09,714,9768,10482
495,2020-07-10,817,10544,11361
495,2020-07-11,406,7711,8117
495,2020-07-12,48,5348,5396
495,2020-07-13,1068,10180,11248
495,2020-07-14,909,10266,11175
495,2020-07-15,993,10520,11513
495,2020-07-16,881,10501,11382
495,2020-07-17,989,10797,11786
495,2020-07-18,185,7525,7710
495,2020-07-19,54,5613,5667
495,2020-07-20,926,9885,10811
495,2020-07-21,906,10099,11005
495,2020-07-22,905,10056,10961
495,2020-07-23,945,10240,11185
495,2020-07-24,902,10119,11021
495,2020-07-25,204,7021,7225
495,2020-07-26,37,4778,4815
495,2020-07-27,844,9191,10035
495,2020-07-28,905,9533,10438
495,2020-07-29,932,9718,10650
495,2020-07-30,424,9740,10164
495,2020-07-31,307,9279,9586
495,2020-08-01,144,6581,6725
495,2020-08-02,37,5083,5120
495,2020-08-03,270,8379,8649
495,2020-08-04,270,8804,9074
495,2020-08-05,230,8557,8787
495,2020-08-06,303,8927,9230
495,2020-08-07,268,8682,8950
495,2020-08-08,125,6318,6443
495,2020-08-09,35,4775,4810
495,2020-08-10,244,7856,8100
495,2020-08-11,241,8415,8656
495,2020-08-12,250,8355,8605
495,2020-08-13,228,8440,8668
495,2020-08-14,236,8798,9034
495,2020-08-15,38,4947,4985
495,2020-08-16,22,4627,4649
495,2020-08-17,231,8179,8410
495,2020-08-18,259,8320,8579
495,2020-08-19,303,8910,9213
495,2020-08-20,280,8610,8890
495,2020-08-21,264,8752,9016
495,2020-08-22,124,6537,6661
495,2020-08-23,31,4861,4892
495,2020-08-24,482,8399,8881
495,2020-08-25,766,8998,9764
495,2020-08-26,873,8795,9668
495,2020-08-27,752,9281,10033
495,2020-08-28,666,9525,10191
495,2020-08-29,281,6535,6816
495,2020-08-30,79,4866,4945
495,2020-08-31,964,8936,9900
495,2020-09-01,850,9358,10208
495,2020-09-02,997,9542,10539
495,2020-09-03,887,9570,10457
495,2020-09-04,870,9722,10592
495,2020-09-05,151,6691,6842
495,2020-09-06,24,5270,5294
495,2020-09-07,850,9399,10249
495,2020-09-08,966,9941,10907
495,2020-09-09,891,9905,10796
495,2020-09-10,858,10157,11015
495,2020-09-11,811,10091,10902
495,2020-09-12,174,7591,7765
495,2020-09-13,47,5835,5882
495,2020-09-14,928,10069,10997
495,2020-09-15,855,10563,11418
495,2020-09-16,940,10428,11368
495,2020-09-17,873,10782,11655
495,2020-09-18,932,10961,11893
495,2020-09-19,187,7683,7870
495,2020-09-20,51,5884,5935
495,2020-09-21,686,10390,11076
495,2020-09-22,751,10970,11721
495,2020-09-23,947,10647,11594
495,2020-09-24,1059,10825,11884
495,2020-09-25,926,11115,12041
495,2020-09-26,159,7296,7455
495,2020-09-27,32,5005,5037
495,2020-09-28,903,10409,11312
495,2020-09-29,812,11009,11821
495,2020-09-30,847,10756,11603
495,2020-10-01,766,11270,12036
495,2020-10-02,796,11133,11929
495,2020-10-03,156,7741,7897
495,2020-10-04,35,5249,5284
495,2020-10-05,767,10317,11084
495,2020-10-06,812,11147,11959
495,2020-10-07,794,10804,11598
495,2020-10-08,866,11148,12014
495,2020-10-09,753,11176,11929
495,2020-10-10,162,7773,7935
495,2020-10-11,32,5352,5384
495,2020-10-12,709,10360,11069
495,2020-10-13,705,10910,11615
495,2020-10-14,751,10505,11256
495,2020-10-15,824,11122,11946
495,2020-10-16,772,11456,12228
495,2020-10-17,184,7810,7994
495,2020-10-18,38,5177,5215
495,2020-10-19,816,10722,11538
495,2020-10-20,777,11225,12002
495,2020-10-21,743,10790,11533
495,2020-10-22,851,11137,11988
495,2020-10-23,782,10921,11703
495,2020-10-24,185,7310,7495
495,2020-10-25,36,4409,4445
495,2020-10-26,836,10245,11081
495,2020-10-27,762,10224,10986
495,2020-10-28,674,10064,10738
495,2020-10-29,599,10448,11047
495,2020-10-30,680,10545,11225
495,2020-11-01,22,3634,3656
495,2020-11-02,644,9029,9673
495,2020-11-03,704,9690,10394
495,2020-11-04,788,9656,10444
495,2020-11-05,645,9856,10501
495,2020-11-06,915,10062,10977
495,2020-11-07,157,6997,7154
495,2020-11-08,43,4512,4555
495,2020-11-09,820,9905,10725
495,2020-11-10,868,10229,11097
495,2020-11-11,707,10290,10997
495,2020-11-12,660,10448,11108
495,2020-11-13,762,10539,11301
495,2020-11-14,147,7202,7349
495,2020-11-15,36,4045,4081
495,2020-11-16,684,10234,10918
495,2020-11-17,724,10744,11468
495,2020-11-18,774,10420,11194
495,2020-11-19,690,11082,11772
495,2020-11-20,778,11012,11790
495,2020-11-21,170,6774,6944
495,2020-11-22,38,4127,4165
495,2020-11-23,709,10262,10971
495,2020-11-24,788,10634,11422
495,2020-11-25,757,10410,11167
495,2020-11-26,685,10208,10893
495,2020-11-27,715,10654,11369
495,2020-11-28,162,6926,7088
495,2020-11-29,19,4012,4031
495,2020-11-30,713,9985,10698
495,2020-12-01,663,9788,10451
495,2020-12-02,712,9929,10641
495,2020-12-03,613,10328,10941
495,2020-12-04,745,10445,11190
495,2020-12-05,172,6820,6992
495,2020-12-06,38,3962,4000
495,2020-12-07,757,9816,10573
495,2020-12-08,708,9951,10659
495,2020-12-09,729,10104,10833
495,2020-12-10,704,10124,10828
495,2020-12-11,659,10229,10888
495,2020-12-12,148,6570,6718
495,2020-12-13,16,3868,3884
495,2020-12-14,650,10018,10668
495,2020-12-15,586,10439,11025
495,2020-12-16,608,9992,10600
495,2020-12-17,525,10360,10885
495,2020-12-18,429,10381,10810
495,2020-12-19,137,6529,6666
495,2020-12-20,29,3981,4010
495,2020-12-21,258,8225,8483
495,2020-12-22,215,8621,8836
495,2020-12-23,192,8304,8496
495,2020-12-24,142,6555,6697
495,2020-12-25,21,3394,3415
495,2020-12-26,35,3341,3376
495,2020-12-27,17,2778,2795
495,2020-12-28,178,5800,5978
495,2020-12-29,188,6131,6319
495,2020-12-30,196,6490,6686
495,2020-12-31,158,5124,5282
498,2020-01-01,19,3800,3819
498,2020-01-02,199,7029,7228
498,2020-01-03,243,7287,7530
498,2020-01-04,73,6634,6707
498,2020-01-05,23,4697,4720
498,2020-01-06,408,8456,8864
498,2020-01-07,396,8663,9059
498,2020-01-08,374,8478,8852
498,2020-01-09,350,8173,8523
498,2020-01-10,433,8984,9417
498,2020-01-11,114,7813,7927
498,2020-01-12,30,5262,5292
498,2020-01-13,469,8675,9144
498,2020-01-14,447,8825,9272
498,2020-01-15,477,9245,9722
498,2020-01-16,469,9076,9545
498,2020-01-17,483,9029,9512
498,2020-01-18,119,7853,7972
498,2020-01-19,26,5244,5270
498,2020-01-20,474,8973,9447
498,2020-01-21,468,9054,9522
498,2020-01-22,581,9222,9803
498,2020-01-23,502,8867,9369
498,2020-01-24,510,9506,10016
498,2020-01-25,128,8344,8472
498,2020-01-26,17,6097,6114
498,2020-01-27,453,8038,8491
498,2020-01-28,435,8653,9088
498,2020-01-29,512,10068,10580
498,2020-01-30,483,8578,9061
498,2020-01-31,461,9354,9815
498,2020-02-01,91,7143,7234
498,2020-02-02,17,5209,5226
498,2020-02-03,413,8290,8703
498,2020-02-04,446,9022,9468
498,2020-02-05,594,9025,9619
498,2020-02-06,479,9404,9883
498,2020-02-07,494,10058,10552
498,2020-02-08,117,8175,8292
498,2020-02-09,15,4961,4976
498,2020-02-10,460,8195,8655
498,2020-02-11,487,9210,9697
498,2020-02-12,426,8920,9346
498,2020-02-13,440,9125,9565
498,2020-02-14,444,10129,10573
498,2020-02-15,156,7642,7798
498,2020-02-16,25,5068,5093
498,2020-02-17,446,8365,8811
498,2020-02-18,509,8592,9101
498,2020-02-19,507,8784,9291
498,2020-02-20,557,8587,9144
498,2020-02-21,490,9616,10106
498,2020-02-22,143,7883,8026
498,2020-02-23,24,4609,4633
498,2020-02-24,395,8571,8966
498,2020-02-25,454,8873,9327
498,2020-02-26,473,8717,9190
498,2020-02-27,451,7854,8305
498,2020-02-28,472,9626,10098
498,2020-02-29,111,7816,7927
498,2020-03-01,21,5131,5152
498,2020-03-02,453,8698,9151
498,2020-03-03,513,8972,9485
498,2020-03-04,516,9190,9706
498,2020-03-05,475,8722,9197
498,2020-03-06,489,9342,9831
498,2020-03-07,140,8284,8424
498,2020-03-08,28,5615,5643
498,2020-03-09,477,8719,9196
498,2020-03-10,425,7725,8150
498,2020-03-11,481,8848,9329
498,2020-03-12,449,9213,9662
498,2020-03-13,553,9145,9698
498,2020-03-14,160,6630,6790
498,2020-03-15,22,4658,4680
498,2020-03-16,470,7602,8072
498,2020-03-17,423,6657,7080
498,2020-03-18,371,5482,5853
498,2020-03-19,349,4374,4723
498,2020-03-20,326,4260,4586
498,2020-03-21,59,2552,2611
498,2020-03-22,11,1569,1580
498,2020-03-23,235,3685,3920
498,2020-03-24,266,3789,4055
498,2020-03-25,236,3588,3824
498,2020-03-26,223,3684,3907
498,2020-03-27,217,3963,4180
498,2020-03-28,47,2961,3008
498,2020-03-30,241,3846,4087
498,2020-03-31,245,3796,4041
498,2020-04-01,228,3931,4159
498,2020-04-02,239,3959,4198
498,2020-04-03,224,4261,4485
498,2020-04-04,66,3147,3213
498,2020-04-05,12,1621,1633
498,2020-04-06,236,4049,4285
498,2020-04-07,269,4225,4494
498,2020-04-08,244,4331,4575
498,2020-04-09,285,4484,4769
498,2020-04-10,267,4804,5071
498,2020-04-11,71,3746,3817
498,2020-04-12,2,1585,1587
498,2020-04-13,10,1640,1650
498,2020-04-14,229,4733,4962
498,2020-04-15,267,4696,4963
498,2020-04-16,274,4969,5243
498,2020-04-17,283,5349,5632
498,2020-04-18,59,4170,4229
498,2020-04-19,6,2352,2358
498,2020-04-20,348,5652,6000
498,2020-04-21,608,7817,8425
498,2020-04-22,409,5777,6186
498,2020-04-23,388,6045,6433
498,2020-04-24,327,6030,6357
498,2020-04-25,116,5293,5409
498,2020-04-26,12,2855,2867
498,2020-04-27,459,6449,6908
498,2020-04-28,450,6324,6774
498,2020-04-29,445,6293,6738
498,2020-04-30,431,6628,7059
498,2020-05-01,18,2462,2480
498,2020-05-02,83,5127,5210
498,2020-05-03,6,2874,2880
498,2020-05-04,423,6706,7129
498,2020-05-05,477,7002,7479
498,2020-05-06,500,7029,7529
498,2020-05-07,466,7255,7721
498,2020-05-08,435,7490,7925
498,2020-05-09,40,3785,3825
498,2020-05-10,14,3551,3565
498,2020-05-11,427,7241,7668
498,2020-05-12,447,7526,7973
498,2020-05-13,454,7587,8041
498,2020-05-14,448,7769,8217
498,2020-05-15,514,8250,8764
498,2020-05-16,231,6716,6947
498,2020-05-17,26,4338,4364
498,2020-05-18,425,7559,7984
498,2020-05-19,523,8182,8705
498,2020-05-20,496,8865,9361
498,2020-05-21,35,4247,4282
498,2020-05-22,370,8043,8413
498,2020-05-23,88,6191,6279
498,2020-05-24,21,4243,4264
498,2020-05-25,499,8297,8796
498,2020-05-26,490,8653,9143
498,2020-05-27,532,8804,9336
498,2020-05-28,495,8941,9436
498,2020-05-29,515,9525,10040
498,2020-05-30,162,8082,8244
498,2020-05-31,27,5137,5164
498,2020-06-01,42,4665,4707
498,2020-06-02,458,9298,9756
498,2020-06-03,493,8484,8977
498,2020-06-04,440,8331,8771
498,2020-06-05,463,8584,9047
498,2020-06-06,132,7435,7567
498,2020-06-07,31,5078,5109
498,2020-06-08,543,8399,8942
498,2020-06-09,491,8537,9028
498,2020-06-10,530,8513,9043
498,2020-06-11,524,8842,9366
498,2020-06-12,476,9261,9737
498,2020-06-13,152,7942,8094
498,2020-06-14,25,5618,5643
498,2020-06-15,469,8967,9436
498,2020-06-16,525,9030,9555
498,2020-06-17,495,8246,8741
498,2020-06-18,477,9295,9772
498,2020-06-19,505,9712,10217
498,2020-06-20,164,8005,8169
498,2020-06-21,29,5471,5500
498,2020-06-22,428,9049,9477
498,2020-06-23,129,5791,5920
498,2020-06-24,598,9487,10085
498,2020-06-25,577,9588,10165
498,2020-06-26,567,9618,10185
498,2020-06-27,160,8092,8252
498,2020-06-28,36,5338,5374
498,2020-06-29,461,9070,9531
498,2020-06-30,496,9440,9936
498,2020-07-01,482,9286,9768
498,2020-07-02,511,9271,9782
498,2020-07-03,511,10116,10627
498,2020-07-04,140,8286,8426
498,2020-07-05,34,5377,5411
498,2020-07-06,523,9192,9715
498,2020-07-07,526,9193,9719
498,2020-07-08,502,9279,9781
498,2020-07-09,465,9125,9590
498,2020-07-10,471,9802,10273
498,2020-07-11,175,8598,8773
498,2020-07-12,36,5899,5935
498,2020-07-13,491,9313,9804
498,2020-07-14,455,9077,9532
498,2020-07-15,499,8985,9484
498,2020-07-16,453,8851,9304
498,2020-07-17,602,10087,10689
498,2020-07-18,156,8361,8517
498,2020-07-19,31,5952,5983
498,2020-07-20,514,9647,10161
498,2020-07-21,519,9769,10288
498,2020-07-22,542,9055,9597
498,2020-07-23,538,8890,9428
498,2020-07-24,475,9308,9783
498,2020-07-25,141,7945,8086
498,2020-07-26,20,5279,5299
498,2020-07-27,465,8906,9371
498,2020-07-28,476,8946,9422
498,2020-07-29,538,8550,9088
498,2020-07-30,468,9095,9563
498,2020-07-31,452,9069,9521
498,2020-08-01,129,7098,7227
498,2020-08-02,33,4803,4836
498,2020-08-03,388,7667,8055
498,2020-08-04,429,7970,8399
498,2020-08-05,383,7993,8376
498,2020-08-06,366,8037,8403
498,2020-08-07,374,8140,8514
498,2020-08-08,134,6589,6723
498,2020-08-09,15,4606,4621
498,2020-08-10,334,7433,7767
498,2020-08-11,375,7624,7999
498,2020-08-12,384,7699,8083
498,2020-08-13,360,7664,8024
498,2020-08-14,363,8265,8628
498,2020-08-15,39,4860,4899
498,2020-08-16,23,4793,4816
498,2020-08-17,337,7371,7708
498,2020-08-18,397,7440,7837
498,2020-08-19,342,7737,8079
498,2020-08-20,362,7935,8297
498,2020-08-21,381,8334,8715
498,2020-08-22,111,7059,7170
498,2020-08-23,29,5018,5047
498,2020-08-24,392,8454,8846
498,2020-08-25,411,8550,8961
498,2020-08-26,409,8483,8892
498,2020-08-27,424,8975,9399
498,2020-08-28,439,9191,9630
498,2020-08-29,151,7362,7513
498,2020-08-30,27,5193,5220
498,2020-08-31,516,9475,9991
498,2020-09-01,469,9811,10280
498,2020-09-02,463,9766,10229
498,2020-09-03,517,9895,10412
498,2020-09-04,520,10642,11162
498,2020-09-05,192,8807,8999
498,2020-09-06,25,6201,6226
498,2020-09-07,601,10053,10654
498,2020-09-08,619,10299,10918
498,2020-09-09,604,10357,10961
498,2020-09-10,598,10702,11300
498,2020-09-11,728,11222,11950
498,2020-09-12,250,10084,10334
498,2020-09-13,51,6746,6797
498,2020-09-14,716,10488,11204
498,2020-09-15,668,10185,10853
498,2020-09-16,730,9787,10517
498,2020-09-17,714,10553,11267
498,2020-09-18,590,9331,9921
498,2020-09-19,226,9398,9624
498,2020-09-20,28,6305,6333
498,2020-09-21,596,9514,10110
498,2020-09-22,597,9639,10236
498,2020-09-23,594,9350,9944
498,2020-09-24,525,9484,10009
498,2020-09-25,557,10000,10557
498,2020-09-26,186,9321,9507
498,2020-09-27,28,5774,5802
498,2020-09-28,564,9686,10250
498,2020-09-29,607,9878,10485
498,2020-09-30,567,9977,10544
498,2020-10-01,658,10176,10834
498,2020-10-02,698,10159,10857
498,2020-10-03,126,8995,9121
498,2020-10-04,22,6016,6038
498,2020-10-05,527,8698,9225
498,2020-10-06,499,9069,9568
498,2020-10-07,478,9441,9919
498,2020-10-08,506,9380,9886
498,2020-10-09,601,12307,12908
498,2020-10-10,486,19462,19948
498,2020-10-11,78,11743,11821
498,2020-10-12,495,8999,9494
498,2020-10-13,502,8246,8748
498,2020-10-14,493,9174,9667
498,2020-10-15,474,9228,9702
498,2020-10-16,528,11079,11607
498,2020-10-17,337,12879,13216
498,2020-10-18,65,9159,9224
498,2020-10-19,529,8883,9412
498,2020-10-20,498,9208,9706
498,2020-10-21,496,9179,9675
498,2020-10-22,483,9211,9694
498,2020-10-23,452,9594,10046
498,2020-10-24,139,8025,8164
498,2020-10-25,11,4968,4979
498,2020-10-26,463,8655,9118
498,2020-10-27,468,8649,9117
498,2020-10-28,494,8710,9204
498,2020-10-29,477,8874,9351
498,2020-10-30,479,9204,9683
498,2020-11-01,9,4153,4162
498,2020-11-02,463,8136,8599
498,2020-11-03,803,12106,12909
498,2020-11-04,931,12729,13660
498,2020-11-05,893,12673,13566
498,2020-11-06,889,11992,12881
498,2020-11-07,136,7754,7890
498,2020-11-08,29,4954,4983
498,2020-11-09,502,8759,9261
498,2020-11-10,519,8947,9466
498,2020-11-11,336,8777,9113
498,2020-11-12,532,8902,9434
498,2020-11-13,580,10052,10632
498,2020-11-14,124,8242,8366
498,2020-11-15,27,4884,4911
498,2020-11-16,464,8433,8897
498,2020-11-17,470,9007,9477
498,2020-11-18,457,8950,9407
498,2020-11-19,430,8573,9003
498,2020-11-20,524,9411,9935
498,2020-11-21,183,7839,8022
498,2020-11-22,26,4801,4827
498,2020-11-23,453,8205,8658
498,2020-11-24,500,8882,9382
498,2020-11-25,575,9360,9935
498,2020-11-26,651,9496,10147
498,2020-11-27,540,9878,10418
498,2020-11-28,167,7867,8034
498,2020-11-29,24,4817,4841
498,2020-11-30,524,8617,9141
498,2020-12-01,530,8226,8756
498,2020-12-02,498,8540,9038
498,2020-12-03,479,8456,8935
498,2020-12-04,507,9264,9771
498,2020-12-05,152,7520,7672
498,2020-12-06,26,4715,4741
498,2020-12-07,431,7932,8363
498,2020-12-08,410,8215,8625
498,2020-12-09,508,8389,8897
498,2020-12-10,531,8652,9183
498,2020-12-11,455,8747,9202
498,2020-12-12,110,6910,7020
498,2020-12-13,15,4412,4427
498,2020-12-14,471,8327,8798
498,2020-12-15,417,8072,8489
498,2020-12-16,433,8674,9107
498,2020-12-17,403,8635,9038
498,2020-12-18,395,9120,9515
498,2020-12-19,91,7002,7093
498,2020-12-20,9,4486,4495
498,2020-12-21,272,7591,7863
498,2020-12-22,283,7426,7709
498,2020-12-23,246,7570,7816
498,2020-12-24,164,6389,6553
498,2020-12-25,14,3178,3192
498,2020-12-26,23,3413,3436
498,2020-12-27,19,2906,2925
498,2020-12-28,177,5967,6144
498,2020-12-29,214,6150,6364
498,2020-12-30,180,6636,6816
498,2020-12-31,120,5732,5852
503,2020-01-01,5,653,658
503,2020-01-02,12,908,920
503,2020-01-03,7,1060,1067
503,2020-01-04,5,843,848
503,2020-01-05,6,767,773
503,2020-01-06,29,1152,1181
503,2020-01-07,36,1321,1357
503,2020-01-08,45,1231,1276
503,2020-01-09,22,1315,1337
503,2020-01-10,37,1383,1420
503,2020-01-11,16,1173,1189
503,2020-01-12,7,940,947
503,2020-01-13,38,1265,1303
503,2020-01-14,49,1442,1491
503,2020-01-15,55,1461,1516
503,2020-01-16,31,1451,1482
503,2020-01-17,43,1446,1489
503,2020-01-18,12,1177,1189
503,2020-01-19,9,821,830
503,2020-01-20,56,1282,1338
503,2020-01-21,43,1422,1465
503,2020-01-22,45,1388,1433
503,2020-01-23,42,1393,1435
503,2020-01-24,42,1408,1450
503,2020-01-25,13,1122,1135
503,2020-01-26,7,901,908
503,2020-01-27,31,1211,1242
503,2020-01-28,29,1411,1440
503,2020-01-29,42,1319,1361
503,2020-01-30,40,1450,1490
503,2020-01-31,39,1346,1385
503,2020-02-01,20,1130,1150
503,2020-02-02,6,819,825
503,2020-02-03,32,1309,1341
503,2020-02-04,53,1468,1521
503,2020-02-05,48,1429,1477
503,2020-02-06,42,1382,1424
503,2020-02-07,32,1527,1559
503,2020-02-08,27,1185,1212
503,2020-02-09,8,840,848
503,2020-02-10,33,1228,1261
503,2020-02-11,34,1489,1523
503,2020-02-12,41,1364,1405
503,2020-02-13,33,1352,1385
503,2020-02-14,29,1379,1408
503,2020-02-15,12,1118,1130
503,2020-02-16,12,729,741
503,2020-02-17,27,1080,1107
503,2020-02-18,22,1126,1148
503,2020-02-19,27,1183,1210
503,2020-02-20,22,1177,1199
503,2020-02-21,20,1232,1252
503,2020-02-22,14,1073,1087
503,2020-02-23,10,697,707
503,2020-02-24,34,1233,1267
503,2020-02-25,30,1469,1499
503,2020-02-26,46,1447,1493
503,2020-02-27,27,1201,1228
503,2020-02-28,51,1447,1498
503,2020-02-29,12,1176,1188
503,2020-03-01,7,1013,1020
503,2020-03-02,32,1396,1428
503,2020-03-03,32,1398,1430
503,2020-03-04,61,1413,1474
503,2020-03-05,30,1441,1471
503,2020-03-06,45,1417,1462
503,2020-03-07,16,1284,1300
503,2020-03-08,7,993,1000
503,2020-03-09,38,1281,1319
503,2020-03-10,31,1363,1394
503,2020-03-11,38,1276,1314
503,2020-03-12,43,1413,1456
503,2020-03-13,46,1360,1406
503,2020-03-14,4,989,993
503,2020-03-15,10,900,910
503,2020-03-16,29,1230,1259
503,2020-03-17,21,1094,1115
503,2020-03-18,32,964,996
503,2020-03-19,37,855,892
503,2020-03-20,20,785,805
503,2020-03-21,15,388,403
503,2020-03-22,NA,441,NA
503,2020-03-23,17,645,662
503,2020-03-24,22,705,727
503,2020-03-25,25,680,705
503,2020-03-26,24,675,699
503,2020-03-27,18,789,807
503,2020-03-28,2,754,756
503,2020-03-30,14,593,607
503,2020-03-31,13,656,669
503,2020-04-01,23,711,734
503,2020-04-02,19,746,765
503,2020-04-03,25,740,765
503,2020-04-04,7,726,733
503,2020-04-05,2,625,627
503,2020-04-06,33,889,922
503,2020-04-07,34,909,943
503,2020-04-08,23,870,893
503,2020-04-09,27,979,1006
503,2020-04-10,22,1077,1099
503,2020-04-11,5,902,907
503,2020-04-12,1,641,642
503,2020-04-13,2,539,541
503,2020-04-14,25,856,881
503,2020-04-15,29,998,1027
503,2020-04-16,20,1065,1085
503,2020-04-17,18,1183,1201
503,2020-04-18,6,916,922
503,2020-04-19,2,712,714
503,2020-04-20,26,1175,1201
503,2020-04-21,42,1161,1203
503,2020-04-22,38,1216,1254
503,2020-04-23,25,1289,1314
503,2020-04-24,34,1360,1394
503,2020-04-25,11,1255,1266
503,2020-04-26,5,957,962
503,2020-04-27,34,1228,1262
503,2020-04-28,28,1091,1119
503,2020-04-29,31,1201,1232
503,2020-04-30,42,1232,1274
503,2020-05-01,2,556,558
503,2020-05-02,12,960,972
503,2020-05-03,5,758,763
503,2020-05-04,59,1520,1579
503,2020-05-05,61,1724,1785
503,2020-05-06,64,1825,1889
503,2020-05-07,75,1973,2048
503,2020-05-08,75,2087,2162
503,2020-05-09,9,1117,1126
503,2020-05-10,4,997,1001
503,2020-05-11,86,1691,1777
503,2020-05-12,73,1914,1987
503,2020-05-13,112,1953,2065
503,2020-05-14,69,1929,1998
503,2020-05-15,100,2060,2160
503,2020-05-16,27,1867,1894
503,2020-05-17,8,1531,1539
503,2020-05-18,75,1913,1988
503,2020-05-19,84,2088,2172
503,2020-05-20,69,2169,2238
503,2020-05-21,45,1535,1580
503,2020-05-22,43,1861,1904
503,2020-05-23,9,1374,1383
503,2020-05-24,8,1319,1327
503,2020-05-25,157,1901,2058
503,2020-05-26,70,2171,2241
503,2020-05-27,137,2148,2285
503,2020-05-28,87,2130,2217
503,2020-05-29,102,2124,2226
503,2020-05-30,53,1975,2028
503,2020-05-31,6,1578,1584
503,2020-06-01,11,1481,1492
503,2020-06-02,74,2251,2325
503,2020-06-03,96,2344,2440
503,2020-06-04,27,1848,1875
503,2020-06-05,65,1964,2029
503,2020-06-06,44,1528,1572
503,2020-06-07,11,1346,1357
503,2020-06-08,63,2035,2098
503,2020-06-09,67,1992,2059
503,2020-06-10,96,1958,2054
503,2020-06-11,114,2095,2209
503,2020-06-12,96,2430,2526
503,2020-06-13,46,2060,2106
503,2020-06-14,1,1405,1406
503,2020-06-15,188,1943,2131
503,2020-06-16,124,2132,2256
503,2020-06-17,139,1850,1989
503,2020-06-18,123,2171,2294
503,2020-06-19,108,2098,2206
503,2020-06-20,40,1804,1844
503,2020-06-21,9,1491,1500
503,2020-06-22,36,1940,1976
503,2020-06-23,11,1378,1389
503,2020-06-24,92,2200,2292
503,2020-06-25,109,2154,2263
503,2020-06-26,79,2085,2164
503,2020-06-27,29,1838,1867
503,2020-06-28,4,1346,1350
503,2020-06-29,68,2029,2097
503,2020-06-30,54,2113,2167
503,2020-07-01,75,2102,2177
503,2020-07-02,86,2045,2131
503,2020-07-03,75,2089,2164
503,2020-07-04,19,1880,1899
503,2020-07-05,7,1289,1296
503,2020-07-06,91,1974,2065
503,2020-07-07,110,2204,2314
503,2020-07-08,86,2405,2491
503,2020-07-09,66,2693,2759
503,2020-07-10,70,2115,2185
503,2020-07-11,34,1854,1888
503,2020-07-12,7,1527,1534
503,2020-07-13,104,1935,2039
503,2020-07-14,73,2149,2222
503,2020-07-15,78,2064,2142
503,2020-07-16,53,1958,2011
503,2020-07-17,62,2144,2206
503,2020-07-18,23,1815,1838
503,2020-07-19,23,1489,1512
503,2020-07-20,85,1778,1863
503,2020-07-21,72,1977,2049
503,2020-07-22,53,1881,1934
503,2020-07-23,69,1902,1971
503,2020-07-24,57,1876,1933
503,2020-07-25,35,1647,1682
503,2020-07-26,7,1242,1249
503,2020-07-27,86,2011,2097
503,2020-07-28,79,1915,1994
503,2020-07-29,82,2069,2151
503,2020-07-30,132,1927,2059
503,2020-07-31,38,1760,1798
503,2020-08-01,13,1423,1436
503,2020-08-02,10,1446,1456
503,2020-08-03,39,1752,1791
503,2020-08-04,25,1745,1770
503,2020-08-05,27,1679,1706
503,2020-08-06,31,1731,1762
503,2020-08-07,25,1683,1708
503,2020-08-08,6,1379,1385
503,2020-08-09,1,1097,1098
503,2020-08-10,12,1505,1517
503,2020-08-11,18,1622,1640
503,2020-08-12,23,1613,1636
503,2020-08-13,24,1460,1484
503,2020-08-14,23,1668,1691
503,2020-08-15,3,1327,1330
503,2020-08-16,3,1196,1199
503,2020-08-17,14,1543,1557
503,2020-08-18,22,1433,1455
503,2020-08-19,17,1642,1659
503,2020-08-20,21,1670,1691
503,2020-08-21,14,1651,1665
503,2020-08-22,0,1596,1596
503,2020-08-23,12,1337,1349
503,2020-08-24,72,1751,1823
503,2020-08-25,79,1894,1973
503,2020-08-26,89,1732,1821
503,2020-08-27,62,1959,2021
503,2020-08-28,90,1875,1965
503,2020-08-29,42,1571,1613
503,2020-08-30,9,1347,1356
503,2020-08-31,70,1801,1871
503,2020-09-01,66,1830,1896
503,2020-09-02,73,1963,2036
503,2020-09-03,85,1989,2074
503,2020-09-04,100,2047,2147
503,2020-09-05,69,1702,1771
503,2020-09-06,6,1429,1435
503,2020-09-07,83,2025,2108
503,2020-09-08,73,2291,2364
503,2020-09-09,74,2187,2261
503,2020-09-10,85,2217,2302
503,2020-09-11,70,2384,2454
503,2020-09-12,90,5998,6088
503,2020-09-13,38,4356,4394
503,2020-09-14,69,2176,2245
503,2020-09-15,36,2129,2165
503,2020-09-16,54,1918,1972
503,2020-09-17,55,2220,2275
503,2020-09-18,71,2189,2260
503,2020-09-19,30,1843,1873
503,2020-09-20,3,1751,1754
503,2020-09-21,43,2005,2048
503,2020-09-22,67,2343,2410
503,2020-09-23,87,2120,2207
503,2020-09-24,61,1944,2005
503,2020-09-25,75,1894,1969
503,2020-09-26,15,1341,1356
503,2020-09-27,8,1024,1032
503,2020-09-28,81,1751,1832
503,2020-09-29,65,1945,2010
503,2020-09-30,124,1952,2076
503,2020-10-01,75,1984,2059
503,2020-10-02,75,2027,2102
503,2020-10-03,26,1491,1517
503,2020-10-04,3,1260,1263
503,2020-10-05,107,1789,1896
503,2020-10-06,112,1938,2050
503,2020-10-07,86,1858,1944
503,2020-10-08,55,1908,1963
503,2020-10-09,51,1800,1851
503,2020-10-10,19,1742,1761
503,2020-10-11,8,1232,1240
503,2020-10-12,77,1602,1679
503,2020-10-13,82,1892,1974
503,2020-10-14,134,1864,1998
503,2020-10-15,105,1992,2097
503,2020-10-16,123,1902,2025
503,2020-10-17,33,1769,1802
503,2020-10-18,8,1540,1548
503,2020-10-19,114,1827,1941
503,2020-10-20,112,1833,1945
503,2020-10-21,99,1806,1905
503,2020-10-22,106,1828,1934
503,2020-10-23,70,1743,1813
503,2020-10-24,34,1311,1345
503,2020-10-25,9,872,881
503,2020-10-26,91,1650,1741
503,2020-10-27,104,1694,1798
503,2020-10-28,94,1748,1842
503,2020-10-29,95,1626,1721
503,2020-10-30,58,1701,1759
503,2020-11-02,46,1562,1608
503,2020-11-03,40,1591,1631
503,2020-11-04,68,1720,1788
503,2020-11-05,75,1732,1807
503,2020-11-06,126,1749,1875
503,2020-11-07,54,1522,1576
503,2020-11-08,7,1014,1021
503,2020-11-09,103,1740,1843
503,2020-11-10,83,1717,1800
503,2020-11-11,85,1692,1777
503,2020-11-12,110,1794,1904
503,2020-11-13,143,1786,1929
503,2020-11-14,32,1625,1657
503,2020-11-15,3,835,838
503,2020-11-16,86,1522,1608
503,2020-11-17,66,1729,1795
503,2020-11-18,129,1768,1897
503,2020-11-19,70,1569,1639
503,2020-11-20,83,1762,1845
503,2020-11-21,21,1276,1297
503,2020-11-22,2,815,817
503,2020-11-23,74,1600,1674
503,2020-11-24,86,1711,1797
503,2020-11-25,74,1742,1816
503,2020-11-26,74,1657,1731
503,2020-11-27,76,1793,1869
503,2020-11-28,18,1560,1578
503,2020-11-29,12,940,952
503,2020-11-30,74,1640,1714
503,2020-12-02,90,1711,1801
503,2020-12-03,87,1629,1716
503,2020-12-04,98,1697,1795
503,2020-12-05,21,1381,1402
503,2020-12-06,9,813,822
503,2020-12-07,77,1571,1648
503,2020-12-08,76,1556,1632
503,2020-12-09,94,1709,1803
503,2020-12-10,106,1543,1649
503,2020-12-11,109,1635,1744
503,2020-12-12,16,516,532
503,2020-12-13,8,834,842
503,2020-12-14,126,1468,1594
503,2020-12-15,98,1522,1620
503,2020-12-16,150,1575,1725
503,2020-12-17,95,1626,1721
503,2020-12-18,78,1625,1703
503,2020-12-19,9,1173,1182
503,2020-12-20,17,782,799
503,2020-12-21,35,1131,1166
503,2020-12-22,40,1235,1275
503,2020-12-23,37,1282,1319
503,2020-12-24,38,1119,1157
503,2020-12-25,1,706,707
503,2020-12-26,6,690,696
503,2020-12-27,0,494,494
503,2020-12-28,39,920,959
503,2020-12-29,54,946,1000
503,2020-12-30,43,1026,1069
504,2020-01-01,6,837,843
504,2020-01-02,19,1471,1490
504,2020-01-03,18,1506,1524
504,2020-01-04,24,1361,1385
504,2020-01-05,6,1031,1037
504,2020-01-06,61,2088,2149
504,2020-01-07,51,2267,2318
504,2020-01-08,59,2226,2285
504,2020-01-09,45,2323,2368
504,2020-01-10,29,2357,2386
504,2020-01-11,31,1709,1740
504,2020-01-12,10,1199,1209
504,2020-01-13,43,2246,2289
504,2020-01-14,61,2420,2481
504,2020-01-15,102,2369,2471
504,2020-01-16,44,2443,2487
504,2020-01-17,75,2351,2426
504,2020-01-18,26,1710,1736
504,2020-01-19,14,1088,1102
504,2020-01-20,79,2236,2315
504,2020-01-21,65,2388,2453
504,2020-01-22,76,2281,2357
504,2020-01-23,60,2400,2460
504,2020-01-24,79,2382,2461
504,2020-01-25,30,1758,1788
504,2020-01-26,14,1285,1299
504,2020-01-27,50,2393,2443
504,2020-01-28,80,2076,2156
504,2020-01-29,71,2335,2406
504,2020-01-30,70,2488,2558
504,2020-01-31,84,2443,2527
504,2020-02-01,51,1893,1944
504,2020-02-02,8,1134,1142
504,2020-02-03,96,2114,2210
504,2020-02-04,105,2551,2656
504,2020-02-05,81,2417,2498
504,2020-02-06,79,2439,2518
504,2020-02-07,87,2422,2509
504,2020-02-08,53,1636,1689
504,2020-02-09,12,960,972
504,2020-02-10,68,1830,1898
504,2020-02-11,69,2867,2936
504,2020-02-12,56,2403,2459
504,2020-02-13,69,2453,2522
504,2020-02-14,80,2311,2391
504,2020-02-15,33,1485,1518
504,2020-02-16,8,978,986
504,2020-02-17,100,1921,2021
504,2020-02-18,38,1834,1872
504,2020-02-19,70,1870,1940
504,2020-02-20,47,1894,1941
504,2020-02-21,66,2023,2089
504,2020-02-22,35,1530,1565
504,2020-02-23,14,990,1004
504,2020-02-24,66,2196,2262
504,2020-02-25,79,2384,2463
504,2020-02-26,87,2342,2429
504,2020-02-27,52,2210,2262
504,2020-02-28,76,2305,2381
504,2020-02-29,39,1651,1690
504,2020-03-01,15,1339,1354
504,2020-03-02,49,2300,2349
504,2020-03-03,86,2628,2714
504,2020-03-04,70,2512,2582
504,2020-03-05,67,2787,2854
504,2020-03-06,76,2712,2788
504,2020-03-07,23,1754,1777
504,2020-03-08,15,1200,1215
504,2020-03-09,71,2339,2410
504,2020-03-10,78,2799,2877
504,2020-03-11,54,2423,2477
504,2020-03-12,72,2542,2614
504,2020-03-13,85,2281,2366
504,2020-03-14,34,1287,1321
504,2020-03-15,18,993,1011
504,2020-03-16,53,1606,1659
504,2020-03-17,104,1476,1580
504,2020-03-18,92,1149,1241
504,2020-03-19,67,1061,1128
504,2020-03-20,30,1038,1068
504,2020-03-21,2,535,537
504,2020-03-22,4,383,387
504,2020-03-23,33,821,854
504,2020-03-24,35,833,868
504,2020-03-25,33,833,866
504,2020-03-26,47,805,852
504,2020-03-27,62,901,963
504,2020-03-28,14,783,797
504,2020-03-30,58,1052,1110
504,2020-03-31,72,1091,1163
504,2020-04-01,76,1262,1338
504,2020-04-02,48,1113,1161
504,2020-04-03,45,1228,1273
504,2020-04-04,8,750,758
504,2020-04-05,4,510,514
504,2020-04-06,36,1038,1074
504,2020-04-07,45,1113,1158
504,2020-04-08,45,997,1042
504,2020-04-09,39,1118,1157
504,2020-04-10,53,1185,1238
504,2020-04-11,24,916,940
504,2020-04-12,0,485,485
504,2020-04-13,9,472,481
504,2020-04-14,25,1051,1076
504,2020-04-15,58,1109,1167
504,2020-04-16,34,1176,1210
504,2020-04-17,43,1343,1386
504,2020-04-18,15,992,1007
504,2020-04-19,7,663,670
504,2020-04-20,51,1385,1436
504,2020-04-21,54,1407,1461
504,2020-04-22,85,1504,1589
504,2020-04-23,61,1498,1559
504,2020-04-24,83,1696,1779
504,2020-04-25,24,1311,1335
504,2020-04-26,4,1037,1041
504,2020-04-27,78,1649,1727
504,2020-04-28,68,1509,1577
504,2020-04-29,96,1540,1636
504,2020-04-30,90,1546,1636
504,2020-05-01,8,658,666
504,2020-05-02,62,1285,1347
504,2020-05-03,6,840,846
504,2020-05-04,114,1474,1588
504,2020-05-05,116,1604,1720
504,2020-05-06,113,1740,1853
504,2020-05-07,115,1818,1933
504,2020-05-08,74,1950,2024
504,2020-05-09,8,890,898
504,2020-05-10,11,837,848
504,2020-05-11,81,1878,1959
504,2020-05-12,69,2156,2225
504,2020-05-13,182,2124,2306
504,2020-05-14,79,2001,2080
504,2020-05-15,83,2134,2217
504,2020-05-16,46,1981,2027
504,2020-05-17,17,1340,1357
504,2020-05-18,111,1931,2042
504,2020-05-19,115,2119,2234
504,2020-05-20,110,2238,2348
504,2020-05-21,15,1437,1452
504,2020-05-22,42,2106,2148
504,2020-05-23,28,1458,1486
504,2020-05-24,7,1158,1165
504,2020-05-25,84,1989,2073
504,2020-05-26,90,2299,2389
504,2020-05-27,107,2254,2361
504,2020-05-28,101,2247,2348
504,2020-05-29,96,2384,2480
504,2020-05-30,33,1776,1809
504,2020-05-31,8,1438,1446
504,2020-06-01,13,1269,1282
504,2020-06-02,91,2683,2774
504,2020-06-03,122,2935,3057
504,2020-06-04,102,2704,2806
504,2020-06-05,97,2641,2738
504,2020-06-06,54,1739,1793
504,2020-06-07,2,1229,1231
504,2020-06-08,118,2045,2163
504,2020-06-09,79,2146,2225
504,2020-06-10,100,2083,2183
504,2020-06-11,138,2303,2441
504,2020-06-12,146,2392,2538
504,2020-06-13,41,1857,1898
504,2020-06-14,12,1397,1409
504,2020-06-15,154,2104,2258
504,2020-06-16,150,2315,2465
504,2020-06-17,180,2114,2294
504,2020-06-18,154,2384,2538
504,2020-06-19,155,2452,2607
504,2020-06-20,55,1690,1745
504,2020-06-21,15,1259,1274
504,2020-06-22,53,2175,2228
504,2020-06-23,30,1289,1319
504,2020-06-24,105,2377,2482
504,2020-06-25,159,2388,2547
504,2020-06-26,137,2689,2826
504,2020-06-27,12,1838,1850
504,2020-06-28,6,1356,1362
504,2020-06-29,111,2167,2278
504,2020-06-30,76,2293,2369
504,2020-07-01,81,2315,2396
504,2020-07-02,116,2337,2453
504,2020-07-03,93,2418,2511
504,2020-07-04,33,1918,1951
504,2020-07-05,9,1330,1339
504,2020-07-06,87,2128,2215
504,2020-07-07,95,2323,2418
504,2020-07-08,84,2566,2650
504,2020-07-09,71,2882,2953
504,2020-07-10,70,2447,2517
504,2020-07-11,28,1877,1905
504,2020-07-12,5,1730,1735
504,2020-07-13,64,2287,2351
504,2020-07-14,81,2382,2463
504,2020-07-15,65,2318,2383
504,2020-07-16,63,2177,2240
504,2020-07-17,62,2324,2386
504,2020-07-18,33,1862,1895
504,2020-07-19,11,1301,1312
504,2020-07-20,92,1989,2081
504,2020-07-21,96,2104,2200
504,2020-07-22,116,2215,2331
504,2020-07-23,126,2189,2315
504,2020-07-24,112,2378,2490
504,2020-07-25,58,1712,1770
504,2020-07-26,10,1197,1207
504,2020-07-27,84,2302,2386
504,2020-07-28,68,2164,2232
504,2020-07-29,78,2255,2333
504,2020-07-30,90,2072,2162
504,2020-07-31,92,2002,2094
504,2020-08-01,23,1473,1496
504,2020-08-02,4,1203,1207
504,2020-08-03,51,1765,1816
504,2020-08-04,59,1891,1950
504,2020-08-05,67,1922,1989
504,2020-08-06,54,1887,1941
504,2020-08-07,34,1907,1941
504,2020-08-08,28,1481,1509
504,2020-08-09,9,1168,1177
504,2020-08-10,47,1681,1728
504,2020-08-11,44,1944,1988
504,2020-08-12,36,2120,2156
504,2020-08-13,27,2018,2045
504,2020-08-14,28,2032,2060
504,2020-08-15,9,1180,1189
504,2020-08-16,5,1184,1189
504,2020-08-17,22,1686,1708
504,2020-08-18,72,1891,1963
504,2020-08-19,39,1906,1945
504,2020-08-20,67,1859,1926
504,2020-08-21,25,1958,1983
504,2020-08-22,27,1540,1567
504,2020-08-23,11,1188,1199
504,2020-08-24,73,2291,2364
504,2020-08-25,63,2745,2808
504,2020-08-26,69,2939,3008
504,2020-08-27,90,2964,3054
504,2020-08-28,86,2872,2958
504,2020-08-29,55,2083,2138
504,2020-08-30,1,1302,1303
504,2020-08-31,94,2269,2363
504,2020-09-01,96,2448,2544
504,2020-09-02,62,2417,2479
504,2020-09-03,74,2277,2351
504,2020-09-04,71,2427,2498
504,2020-09-05,46,1792,1838
504,2020-09-06,1,1402,1403
504,2020-09-07,46,2499,2545
504,2020-09-08,86,2977,3063
504,2020-09-09,95,3110,3205
504,2020-09-10,84,2992,3076
504,2020-09-11,76,2968,3044
504,2020-09-12,80,2076,2156
504,2020-09-13,12,1439,1451
504,2020-09-14,58,2285,2343
504,2020-09-15,60,2405,2465
504,2020-09-16,62,2309,2371
504,2020-09-17,60,2409,2469
504,2020-09-18,80,2759,2839
504,2020-09-19,39,2017,2056
504,2020-09-20,12,1539,1551
504,2020-09-21,90,2396,2486
504,2020-09-22,107,2530,2637
504,2020-09-23,107,2674,2781
504,2020-09-24,104,2588,2692
504,2020-09-25,98,2412,2510
504,2020-09-26,40,1798,1838
504,2020-09-27,5,1102,1107
504,2020-09-28,67,2234,2301
504,2020-09-29,67,2346,2413
504,2020-09-30,68,2564,2632
504,2020-10-01,73,2938,3011
504,2020-10-02,77,2783,2860
504,2020-10-03,27,1690,1717
504,2020-10-04,4,1158,1162
504,2020-10-05,83,2304,2387
504,2020-10-06,78,2559,2637
504,2020-10-07,71,2471,2542
504,2020-10-08,71,2444,2515
504,2020-10-09,54,2471,2525
504,2020-10-10,33,1854,1887
504,2020-10-11,9,1330,1339
504,2020-10-12,89,2309,2398
504,2020-10-13,63,2690,2753
504,2020-10-14,82,2442,2524
504,2020-10-15,96,2461,2557
504,2020-10-16,121,2524,2645
504,2020-10-17,36,1938,1974
504,2020-10-18,8,1339,1347
504,2020-10-19,93,2372,2465
504,2020-10-20,116,2647,2763
504,2020-10-21,103,2757,2860
504,2020-10-22,79,2528,2607
504,2020-10-23,89,2405,2494
504,2020-10-24,37,1763,1800
504,2020-10-25,6,1082,1088
504,2020-10-26,83,2324,2407
504,2020-10-27,75,2322,2397
504,2020-10-28,74,2434,2508
504,2020-10-29,58,2231,2289
504,2020-10-30,71,2351,2422
504,2020-11-02,67,1991,2058
504,2020-11-03,41,2087,2128
504,2020-11-04,88,2020,2108
504,2020-11-05,75,2104,2179
504,2020-11-06,64,2237,2301
504,2020-11-07,62,1720,1782
504,2020-11-08,9,1100,1109
504,2020-11-09,83,2164,2247
504,2020-11-10,74,2582,2656
504,2020-11-11,77,2254,2331
504,2020-11-12,63,2318,2381
504,2020-11-13,84,2177,2261
504,2020-11-14,36,1850,1886
504,2020-11-15,16,1906,1922
504,2020-11-16,64,2059,2123
504,2020-11-17,66,2165,2231
504,2020-11-18,77,2233,2310
504,2020-11-19,69,2192,2261
504,2020-11-20,89,2429,2518
504,2020-11-21,60,3161,3221
504,2020-11-22,13,2219,2232
504,2020-11-23,93,2132,2225
504,2020-11-24,76,2141,2217
504,2020-11-25,119,2328,2447
504,2020-11-26,63,2184,2247
504,2020-11-27,96,2313,2409
504,2020-11-28,25,1675,1700
504,2020-11-29,14,989,1003
504,2020-11-30,68,2065,2133
504,2020-12-02,65,2117,2182
504,2020-12-03,64,2157,2221
504,2020-12-04,83,2200,2283
504,2020-12-05,38,1631,1669
504,2020-12-06,13,949,962
504,2020-12-07,94,2174,2268
504,2020-12-08,78,2138,2216
504,2020-12-09,80,2177,2257
504,2020-12-10,102,2185,2287
504,2020-12-11,80,2192,2272
504,2020-12-12,21,1509,1530
504,2020-12-13,12,1049,1061
504,2020-12-14,104,2165,2269
504,2020-12-15,78,2205,2283
504,2020-12-16,72,2355,2427
504,2020-12-17,84,2439,2523
504,2020-12-18,62,2302,2364
504,2020-12-19,42,1477,1519
504,2020-12-20,8,974,982
504,2020-12-21,46,1892,1938
504,2020-12-22,33,1860,1893
504,2020-12-23,42,1750,1792
504,2020-12-24,17,1591,1608
504,2020-12-25,3,800,803
504,2020-12-26,6,869,875
504,2020-12-27,3,665,668
504,2020-12-28,23,1243,1266
504,2020-12-29,33,1401,1434
504,2020-12-30,20,1525,1545
504,2020-12-31,19,1194,1213
505,2020-01-01,213,5132,5345
505,2020-01-02,525,9132,9657
505,2020-01-03,276,7599,7875
505,2020-01-04,360,8142,8502
505,2020-01-05,168,6248,6416
505,2020-01-06,763,11908,12671
505,2020-01-07,729,13046,13775
505,2020-01-08,447,10729,11176
505,2020-01-09,414,10624,11038
505,2020-01-10,639,13194,13833
505,2020-01-11,395,10468,10863
505,2020-01-12,159,7236,7395
505,2020-01-13,678,12232,12910
505,2020-01-14,893,13560,14453
505,2020-01-15,967,13518,14485
505,2020-01-16,937,13578,14515
505,2020-01-17,866,13893,14759
505,2020-01-18,381,10253,10634
505,2020-01-19,233,7041,7274
505,2020-01-20,980,13122,14102
505,2020-01-21,1021,13748,14769
505,2020-01-22,1024,13661,14685
505,2020-01-23,1021,13788,14809
505,2020-01-24,954,13905,14859
505,2020-01-25,392,11003,11395
505,2020-01-26,233,7947,8180
505,2020-01-27,607,13031,13638
505,2020-01-28,785,13761,14546
505,2020-01-29,950,13638,14588
505,2020-01-30,804,14010,14814
505,2020-01-31,871,14133,15004
505,2020-02-01,274,10457,10731
505,2020-02-02,147,7747,7894
505,2020-02-03,849,12977,13826
505,2020-02-04,923,13966,14889
505,2020-02-05,929,13831,14760
505,2020-02-06,1023,13721,14744
505,2020-02-07,971,14348,15319
505,2020-02-08,459,10611,11070
505,2020-02-09,201,6872,7073
505,2020-02-10,758,12222,12980
505,2020-02-11,870,14532,15402
505,2020-02-12,910,13648,14558
505,2020-02-13,877,13900,14777
505,2020-02-14,1024,13904,14928
505,2020-02-15,336,9321,9657
505,2020-02-16,114,6253,6367
505,2020-02-17,918,10932,11850
505,2020-02-18,918,11795,12713
505,2020-02-19,965,11905,12870
505,2020-02-20,856,11767,12623
505,2020-02-21,907,12317,13224
505,2020-02-22,440,9145,9585
505,2020-02-23,116,6614,6730
505,2020-02-24,813,12435,13248
505,2020-02-25,811,13781,14592
505,2020-02-26,900,13535,14435
505,2020-02-27,604,10170,10774
505,2020-02-28,853,14366,15219
505,2020-02-29,366,10459,10825
505,2020-03-01,192,8073,8265
505,2020-03-02,837,13102,13939
505,2020-03-03,942,13955,14897
505,2020-03-04,946,13807,14753
505,2020-03-05,808,13923,14731
505,2020-03-06,962,14391,15353
505,2020-03-07,349,10419,10768
505,2020-03-08,117,7214,7331
505,2020-03-09,870,12608,13478
505,2020-03-10,698,14164,14862
505,2020-03-11,906,14605,15511
505,2020-03-12,889,13809,14698
505,2020-03-13,978,13345,14323
505,2020-03-14,349,7925,8274
505,2020-03-15,124,5451,5575
505,2020-03-16,839,9697,10536
505,2020-03-17,875,8697,9572
505,2020-03-18,809,7212,8021
505,2020-03-19,634,6015,6649
505,2020-03-20,539,5708,6247
505,2020-03-21,262,3112,3374
505,2020-03-22,95,2004,2099
505,2020-03-23,389,4669,5058
505,2020-03-24,399,4341,4740
505,2020-03-25,420,4540,4960
505,2020-03-26,383,4653,5036
505,2020-03-27,373,5058,5431
505,2020-03-28,213,3520,3733
505,2020-03-30,407,5826,6233
505,2020-03-31,505,5967,6472
505,2020-04-01,482,6138,6620
505,2020-04-02,480,5935,6415
505,2020-04-03,533,6332,6865
505,2020-04-04,226,3730,3956
505,2020-04-05,70,2184,2254
505,2020-04-06,364,5686,6050
505,2020-04-07,441,5849,6290
505,2020-04-08,446,5551,5997
505,2020-04-09,434,5782,6216
505,2020-04-10,367,5924,6291
505,2020-04-11,205,4187,4392
505,2020-04-12,61,2436,2497
505,2020-04-13,69,2096,2165
505,2020-04-14,372,5696,6068
505,2020-04-15,418,5781,6199
505,2020-04-16,396,6146,6542
505,2020-04-17,421,6633,7054
505,2020-04-18,204,4485,4689
505,2020-04-19,77,2833,2910
505,2020-04-20,630,7357,7987
505,2020-04-21,657,7596,8253
505,2020-04-22,764,7924,8688
505,2020-04-23,735,8033,8768
505,2020-04-24,728,8625,9353
505,2020-04-25,295,6088,6383
505,2020-04-26,120,3874,3994
505,2020-04-27,763,8536,9299
505,2020-04-28,808,8230,9038
505,2020-04-29,817,8922,9739
505,2020-04-30,781,8876,9657
505,2020-05-01,96,3459,3555
505,2020-05-02,292,6071,6363
505,2020-05-03,95,3818,3913
505,2020-05-04,892,9430,10322
505,2020-05-05,827,10230,11057
505,2020-05-06,756,10142,10898
505,2020-05-07,829,10372,11201
505,2020-05-08,841,11336,12177
505,2020-05-09,96,5089,5185
505,2020-05-10,86,4534,4620
505,2020-05-11,757,11266,12023
505,2020-05-12,812,11904,12716
505,2020-05-13,859,11825,12684
505,2020-05-14,901,12092,12993
505,2020-05-15,849,12515,13364
505,2020-05-16,334,9821,10155
505,2020-05-17,133,6543,6676
505,2020-05-18,969,11593,12562
505,2020-05-19,1050,12420,13470
505,2020-05-20,939,13296,14235
505,2020-05-21,173,6938,7111
505,2020-05-22,641,12502,13143
505,2020-05-23,272,8812,9084
505,2020-05-24,138,6226,6364
505,2020-05-25,996,12327,13323
505,2020-05-26,980,13486,14466
505,2020-05-27,1121,13324,14445
505,2020-05-28,1024,13480,14504
505,2020-05-29,1081,14253,15334
505,2020-05-30,358,10404,10762
505,2020-05-31,120,7236,7356
505,2020-06-01,157,7097,7254
505,2020-06-02,1123,15189,16312
505,2020-06-03,1120,15618,16738
505,2020-06-04,1045,15037,16082
505,2020-06-05,885,15147,16032
505,2020-06-06,316,10306,10622
505,2020-06-07,64,6684,6748
505,2020-06-08,819,12773,13592
505,2020-06-09,795,13196,13991
505,2020-06-10,842,13492,14334
505,2020-06-11,828,13850,14678
505,2020-06-12,1017,14507,15524
505,2020-06-13,372,10911,11283
505,2020-06-14,179,7872,8051
505,2020-06-15,1003,13311,14314
505,2020-06-16,1065,13718,14783
505,2020-06-17,957,12703,13660
505,2020-06-18,939,14073,15012
505,2020-06-19,913,14379,15292
505,2020-06-20,449,10448,10897
505,2020-06-21,148,7591,7739
505,2020-06-22,725,12811,13536
505,2020-06-23,210,7191,7401
505,2020-06-24,925,13986,14911
505,2020-06-25,1004,14382,15386
505,2020-06-26,918,15183,16101
505,2020-06-27,427,11500,11927
505,2020-06-28,123,7487,7610
505,2020-06-29,852,13507,14359
505,2020-06-30,943,13961,14904
505,2020-07-01,945,14223,15168
505,2020-07-02,893,14127,15020
505,2020-07-03,918,14611,15529
505,2020-07-04,410,11026,11436
505,2020-07-05,176,7631,7807
505,2020-07-06,917,13489,14406
505,2020-07-07,1033,14049,15082
505,2020-07-08,1003,14690,15693
505,2020-07-09,1053,14796,15849
505,2020-07-10,1002,14566,15568
505,2020-07-11,472,10806,11278
505,2020-07-12,202,8649,8851
505,2020-07-13,995,13337,14332
505,2020-07-14,1016,13883,14899
505,2020-07-15,994,14195,15189
505,2020-07-16,888,14751,15639
505,2020-07-17,939,15041,15980
505,2020-07-18,454,11284,11738
505,2020-07-19,229,8399,8628
505,2020-07-20,1013,12674,13687
505,2020-07-21,902,13616,14518
505,2020-07-22,918,13434,14352
505,2020-07-23,925,13574,14499
505,2020-07-24,936,13798,14734
505,2020-07-25,522,10103,10625
505,2020-07-26,231,7006,7237
505,2020-07-27,1003,12741,13744
505,2020-07-28,1082,13278,14360
505,2020-07-29,964,13674,14638
505,2020-07-30,900,13165,14065
505,2020-07-31,709,12550,13259
505,2020-08-01,393,9555,9948
505,2020-08-02,220,7251,7471
505,2020-08-03,725,11477,12202
505,2020-08-04,665,11916,12581
505,2020-08-05,698,12044,12742
505,2020-08-06,714,11876,12590
505,2020-08-07,626,11989,12615
505,2020-08-08,342,8678,9020
505,2020-08-09,214,6555,6769
505,2020-08-10,578,10442,11020
505,2020-08-11,624,11745,12369
505,2020-08-12,688,13176,13864
505,2020-08-13,712,12048,12760
505,2020-08-14,650,11986,12636
505,2020-08-15,244,6944,7188
505,2020-08-16,212,6676,6888
505,2020-08-17,604,10720,11324
505,2020-08-18,618,11094,11712
505,2020-08-19,618,11456,12074
505,2020-08-20,632,11661,12293
505,2020-08-21,567,11566,12133
505,2020-08-22,271,8658,8929
505,2020-08-23,131,6817,6948
505,2020-08-24,796,12419,13215
505,2020-08-25,998,14010,15008
505,2020-08-26,1021,14811,15832
505,2020-08-27,1026,14578,15604
505,2020-08-28,930,14901,15831
505,2020-08-29,436,10978,11414
505,2020-08-30,124,7190,7314
505,2020-08-31,822,12474,13296
505,2020-09-01,825,13137,13962
505,2020-09-02,855,13332,14187
505,2020-09-03,795,13091,13886
505,2020-09-04,829,13179,14008
505,2020-09-05,357,9698,10055
505,2020-09-06,130,7508,7638
505,2020-09-07,789,13295,14084
505,2020-09-08,986,14885,15871
505,2020-09-09,983,15612,16595
505,2020-09-10,1023,15317,16340
505,2020-09-11,1011,15351,16362
505,2020-09-12,441,10768,11209
505,2020-09-13,291,7959,8250
505,2020-09-14,941,13204,14145
505,2020-09-15,913,13632,14545
505,2020-09-16,937,13151,14088
505,2020-09-17,966,14211,15177
505,2020-09-18,963,15637,16600
505,2020-09-19,487,11696,12183
505,2020-09-20,210,8256,8466
505,2020-09-21,949,13479,14428
505,2020-09-22,1031,14290,15321
505,2020-09-24,1066,14466,15532
505,2020-09-25,1078,14754,15832
505,2020-09-26,375,11270,11645
505,2020-09-27,184,7207,7391
505,2020-09-28,1072,13342,14414
505,2020-09-29,1020,13915,14935
505,2020-09-30,1065,14450,15515
505,2020-10-01,1084,15789,16873
505,2020-10-02,1032,15401,16433
505,2020-10-03,404,10898,11302
505,2020-10-04,209,7667,7876
505,2020-10-05,869,12943,13812
505,2020-10-06,837,13692,14529
505,2020-10-07,967,14225,15192
505,2020-10-08,951,14073,15024
505,2020-10-09,908,13873,14781
505,2020-10-10,427,11196,11623
505,2020-10-11,230,7798,8028
505,2020-10-12,1071,13167,14238
505,2020-10-13,1112,14623,15735
505,2020-10-14,1181,14056,15237
505,2020-10-15,1138,14125,15263
505,2020-10-16,1132,14549,15681
505,2020-10-17,383,11299,11682
505,2020-10-18,152,8095,8247
505,2020-10-19,1275,13470,14745
505,2020-10-20,1208,14307,15515
505,2020-10-21,1066,14936,16002
505,2020-10-22,1107,14393,15500
505,2020-10-23,997,14153,15150
505,2020-10-24,354,10268,10622
505,2020-10-25,133,6296,6429
505,2020-10-26,1103,12840,13943
505,2020-10-27,1072,13243,14315
505,2020-10-28,1017,13223,14240
505,2020-10-29,976,13244,14220
505,2020-10-30,910,13901,14811
505,2020-11-02,832,11759,12591
505,2020-11-03,923,12556,13479
505,2020-11-04,948,12760,13708
505,2020-11-05,964,12792,13756
505,2020-11-06,1046,13146,14192
505,2020-11-07,479,9896,10375
505,2020-11-08,181,6516,6697
505,2020-11-09,1228,12926,14154
505,2020-11-10,1191,14291,15482
505,2020-11-11,1048,13719,14767
505,2020-11-12,1090,13213,14303
505,2020-11-13,1200,13864,15064
505,2020-11-14,428,10482,10910
505,2020-11-15,198,8577,8775
505,2020-11-16,1021,12374,13395
505,2020-11-17,1195,13233,14428
505,2020-11-18,1215,13467,14682
505,2020-11-19,1137,13038,14175
505,2020-11-20,1249,14235,15484
505,2020-11-21,526,13678,14204
505,2020-11-22,238,10184,10422
505,2020-11-23,1039,12520,13559
505,2020-11-24,1147,13233,14380
505,2020-11-25,1090,13734,14824
505,2020-11-26,1067,13234,14301
505,2020-11-27,1165,13705,14870
505,2020-11-28,342,9533,9875
505,2020-11-29,132,5775,5907
505,2020-11-30,1064,12402,13466
505,2020-12-01,1026,12472,13498
505,2020-12-02,1091,12991,14082
505,2020-12-03,1036,13194,14230
505,2020-12-04,995,13487,14482
505,2020-12-05,444,9499,9943
505,2020-12-06,211,6025,6236
505,2020-12-07,1010,12225,13235
505,2020-12-08,888,12577,13465
505,2020-12-09,973,12963,13936
505,2020-12-10,1079,12634,13713
505,2020-12-11,812,13035,13847
505,2020-12-12,443,9341,9784
505,2020-12-13,227,6047,6274
505,2020-12-14,917,12532,13449
505,2020-12-15,872,12868,13740
505,2020-12-16,1012,13086,14098
505,2020-12-17,919,13945,14864
505,2020-12-18,814,13662,14476
505,2020-12-19,360,9505,9865
505,2020-12-20,240,5992,6232
505,2020-12-21,625,11426,12051
505,2020-12-22,484,11452,11936
505,2020-12-23,471,11133,11604
505,2020-12-24,364,9268,9632
505,2020-12-25,228,4729,4957
505,2020-12-26,216,4731,4947
505,2020-12-27,166,3998,4164
505,2020-12-28,503,8144,8647
505,2020-12-29,530,8551,9081
505,2020-12-30,516,9501,10017
505,2020-12-31,395,7576,7971
506,2020-01-01,5,1340,1345
506,2020-01-02,80,2818,2898
506,2020-01-03,75,3138,3213
506,2020-01-04,50,2856,2906
506,2020-01-05,12,2091,2103
506,2020-01-06,153,3832,3985
506,2020-01-07,135,4171,4306
506,2020-01-08,167,4122,4289
506,2020-01-09,151,4450,4601
506,2020-01-10,156,4575,4731
506,2020-01-11,69,4235,4304
506,2020-01-12,16,2206,2222
506,2020-01-13,191,4196,4387
506,2020-01-14,184,4492,4676
506,2020-01-15,192,4467,4659
506,2020-01-16,192,4620,4812
506,2020-01-17,191,4537,4728
506,2020-01-18,88,3499,3587
506,2020-01-19,9,2172,2181
506,2020-01-20,201,4381,4582
506,2020-01-21,217,4671,4888
506,2020-01-22,223,4420,4643
506,2020-01-23,235,4457,4692
506,2020-01-24,221,4692,4913
506,2020-01-25,76,3461,3537
506,2020-01-26,8,2525,2533
506,2020-01-27,216,4242,4458
506,2020-01-28,220,4756,4976
506,2020-01-29,192,4416,4608
506,2020-01-30,194,4518,4712
506,2020-01-31,218,4576,4794
506,2020-02-01,62,3415,3477
506,2020-02-02,6,2223,2229
506,2020-02-03,196,4330,4526
506,2020-02-04,167,4529,4696
506,2020-02-05,217,4452,4669
506,2020-02-06,187,4527,4714
506,2020-02-07,199,4724,4923
506,2020-02-08,84,3652,3736
506,2020-02-09,7,1749,1756
506,2020-02-10,154,3302,3456
506,2020-02-11,159,4718,4877
506,2020-02-12,197,5076,5273
506,2020-02-13,199,5292,5491
506,2020-02-14,187,5318,5505
506,2020-02-15,67,3468,3535
506,2020-02-16,8,2183,2191
506,2020-02-17,179,4002,4181
506,2020-02-18,147,4342,4489
506,2020-02-19,181,4395,4576
506,2020-02-20,166,4183,4349
506,2020-02-21,183,4416,4599
506,2020-02-22,101,3433,3534
506,2020-02-23,19,2312,2331
506,2020-02-24,206,4646,4852
506,2020-02-25,212,5065,5277
506,2020-02-26,193,4990,5183
506,2020-02-27,164,4414,4578
506,2020-02-28,189,5153,5342
506,2020-02-29,76,3775,3851
506,2020-03-01,9,2458,2467
506,2020-03-02,237,4871,5108
506,2020-03-03,190,5138,5328
506,2020-03-04,199,5009,5208
506,2020-03-05,169,5031,5200
506,2020-03-06,249,5309,5558
506,2020-03-07,68,4120,4188
506,2020-03-08,8,2580,2588
506,2020-03-09,198,4983,5181
506,2020-03-10,218,5037,5255
506,2020-03-11,256,5053,5309
506,2020-03-12,251,5057,5308
506,2020-03-13,216,5075,5291
506,2020-03-14,85,2936,3021
506,2020-03-15,20,2146,2166
506,2020-03-16,157,3254,3411
506,2020-03-17,160,3197,3357
506,2020-03-18,164,2782,2946
506,2020-03-19,152,2055,2207
506,2020-03-20,105,1816,1921
506,2020-03-21,52,752,804
506,2020-03-22,3,586,589
506,2020-03-23,87,1483,1570
506,2020-03-24,79,1522,1601
506,2020-03-25,100,1529,1629
506,2020-03-26,81,1522,1603
506,2020-03-27,105,1605,1710
506,2020-03-28,48,1194,1242
506,2020-03-30,101,1648,1749
506,2020-03-31,86,1547,1633
506,2020-04-01,116,1646,1762
506,2020-04-02,106,1585,1691
506,2020-04-03,113,1724,1837
506,2020-04-04,64,1073,1137
506,2020-04-05,9,758,767
506,2020-04-06,118,1788,1906
506,2020-04-07,100,1781,1881
506,2020-04-08,122,1945,2067
506,2020-04-09,96,2092,2188
506,2020-04-10,96,1992,2088
506,2020-04-11,55,1367,1422
506,2020-04-12,6,811,817
506,2020-04-13,5,793,798
506,2020-04-14,82,1870,1952
506,2020-04-15,117,1862,1979
506,2020-04-16,126,1918,2044
506,2020-04-17,122,2119,2241
506,2020-04-18,103,1479,1582
506,2020-04-19,6,1074,1080
506,2020-04-20,151,2556,2707
506,2020-04-21,159,2760,2919
506,2020-04-22,187,2768,2955
506,2020-04-23,183,2944,3127
506,2020-04-24,172,3156,3328
506,2020-04-25,66,2364,2430
506,2020-04-26,12,1533,1545
506,2020-04-27,158,3012,3170
506,2020-04-28,166,3055,3221
506,2020-04-29,165,3222,3387
506,2020-04-30,212,3171,3383
506,2020-05-01,19,1198,1217
506,2020-05-02,59,1983,2042
506,2020-05-03,6,1327,1333
506,2020-05-04,242,3423,3665
506,2020-05-05,232,3785,4017
506,2020-05-06,260,3927,4187
506,2020-05-07,242,4086,4328
506,2020-05-08,240,3882,4122
506,2020-05-09,15,1607,1622
506,2020-05-10,6,1376,1382
506,2020-05-11,175,3670,3845
506,2020-05-12,187,3963,4150
506,2020-05-13,182,3838,4020
506,2020-05-14,174,3924,4098
506,2020-05-15,175,4267,4442
506,2020-05-16,94,3345,3439
506,2020-05-17,26,2478,2504
506,2020-05-18,204,3991,4195
506,2020-05-19,202,4190,4392
506,2020-05-20,239,4339,4578
506,2020-05-21,16,2378,2394
506,2020-05-22,163,4146,4309
506,2020-05-23,64,2861,2925
506,2020-05-24,9,2182,2191
506,2020-05-25,185,4426,4611
506,2020-05-26,195,4626,4821
506,2020-05-27,268,4953,5221
506,2020-05-28,177,4659,4836
506,2020-05-29,193,4968,5161
506,2020-05-30,90,3633,3723
506,2020-05-31,10,2544,2554
506,2020-06-01,29,2457,2486
506,2020-06-02,171,4805,4976
506,2020-06-03,162,4556,4718
506,2020-06-04,169,4513,4682
506,2020-06-05,176,4647,4823
506,2020-06-06,76,3587,3663
506,2020-06-07,4,2198,2202
506,2020-06-08,237,4446,4683
506,2020-06-09,210,4726,4936
506,2020-06-10,202,4818,5020
506,2020-06-11,194,4849,5043
506,2020-06-13,86,3744,3830
506,2020-06-14,7,2604,2611
506,2020-06-15,186,4600,4786
506,2020-06-16,192,5086,5278
506,2020-06-17,218,4943,5161
506,2020-06-18,217,4924,5141
506,2020-06-19,173,5047,5220
506,2020-06-20,158,6834,6992
506,2020-06-21,49,4175,4224
506,2020-06-22,147,4266,4413
506,2020-06-23,17,2575,2592
506,2020-06-24,212,4923,5135
506,2020-06-25,257,5018,5275
506,2020-06-26,211,5272,5483
506,2020-06-27,72,4201,4273
506,2020-06-28,14,2664,2678
506,2020-06-29,203,4984,5187
506,2020-06-30,195,5157,5352
506,2020-07-01,201,5168,5369
506,2020-07-02,235,5122,5357
506,2020-07-03,219,5574,5793
506,2020-07-04,73,3852,3925
506,2020-07-05,10,2472,2482
506,2020-07-06,215,4882,5097
506,2020-07-07,248,5105,5353
506,2020-07-08,244,6234,6478
506,2020-07-09,295,6326,6621
506,2020-07-10,191,5344,5535
506,2020-07-11,70,3908,3978
506,2020-07-12,19,2846,2865
506,2020-07-13,194,4855,5049
506,2020-07-14,201,4981,5182
506,2020-07-15,200,4792,4992
506,2020-07-16,157,4420,4577
506,2020-07-17,148,4611,4759
506,2020-07-18,94,3541,3635
506,2020-07-19,23,2796,2819
506,2020-07-20,150,4775,4925
506,2020-07-21,153,4823,4976
506,2020-07-22,179,4593,4772
506,2020-07-23,166,4832,4998
506,2020-07-24,212,5035,5247
506,2020-07-25,96,3927,4023
506,2020-07-26,17,2408,2425
506,2020-07-27,170,4940,5110
506,2020-07-28,204,4685,4889
506,2020-07-29,191,4866,5057
506,2020-07-30,181,4808,4989
506,2020-07-31,154,4560,4714
506,2020-08-01,60,3093,3153
506,2020-08-02,30,2424,2454
506,2020-08-03,145,3720,3865
506,2020-08-04,149,4035,4184
506,2020-08-05,141,4055,4196
506,2020-08-06,160,3970,4130
506,2020-08-07,108,4017,4125
506,2020-08-08,69,2978,3047
506,2020-08-09,33,2193,2226
506,2020-08-10,138,3521,3659
506,2020-08-11,130,3800,3930
506,2020-08-12,126,3995,4121
506,2020-08-13,135,3946,4081
506,2020-08-14,115,3929,4044
506,2020-08-15,15,2369,2384
506,2020-08-16,17,2254,2271
506,2020-08-17,112,3595,3707
506,2020-08-18,105,4105,4210
506,2020-08-19,148,4241,4389
506,2020-08-20,146,3938,4084
506,2020-08-21,122,3983,4105
506,2020-08-22,77,3050,3127
506,2020-08-23,11,2383,2394
506,2020-08-24,166,3806,3972
506,2020-08-25,181,4384,4565
506,2020-08-26,184,4334,4518
506,2020-08-27,207,4516,4723
506,2020-08-28,182,4368,4550
506,2020-08-29,83,2944,3027
506,2020-08-30,16,2272,2288
506,2020-08-31,151,3627,3778
506,2020-09-01,129,3835,3964
506,2020-09-02,194,4166,4360
506,2020-09-03,189,3850,4039
506,2020-09-04,137,3942,4079
506,2020-09-05,60,2665,2725
506,2020-09-06,9,2122,2131
506,2020-09-07,158,3492,3650
506,2020-09-08,143,3746,3889
506,2020-09-09,145,3847,3992
506,2020-09-10,220,3866,4086
506,2020-09-11,140,4001,4141
506,2020-09-12,55,3481,3536
506,2020-09-13,23,3088,3111
506,2020-09-14,194,4775,4969
506,2020-09-15,160,4969,5129
506,2020-09-16,216,4986,5202
506,2020-09-17,227,5127,5354
506,2020-09-18,245,5840,6085
506,2020-09-19,101,4003,4104
506,2020-09-20,14,2964,2978
506,2020-09-21,222,4971,5193
506,2020-09-22,246,5430,5676
506,2020-09-23,311,5541,5852
506,2020-09-24,259,5334,5593
506,2020-09-25,218,5166,5384
506,2020-09-26,86,3739,3825
506,2020-09-27,15,2401,2416
506,2020-09-28,184,4803,4987
506,2020-09-29,210,5287,5497
506,2020-09-30,186,5076,5262
506,2020-10-01,207,5457,5664
506,2020-10-02,277,5703,5980
506,2020-10-03,62,3823,3885
506,2020-10-04,9,2442,2451
506,2020-10-05,220,4840,5060
506,2020-10-06,241,5244,5485
506,2020-10-07,201,4964,5165
506,2020-10-08,225,5144,5369
506,2020-10-09,192,5065,5257
506,2020-10-10,82,3772,3854
506,2020-10-11,6,2647,2653
506,2020-10-12,206,4669,4875
506,2020-10-13,200,5026,5226
506,2020-10-14,244,5197,5441
506,2020-10-15,205,4873,5078
506,2020-10-16,207,5126,5333
506,2020-10-17,72,3621,3693
506,2020-10-18,7,2501,2508
506,2020-10-19,201,4622,4823
506,2020-10-20,214,5180,5394
506,2020-10-21,191,5014,5205
506,2020-10-22,259,5062,5321
506,2020-10-23,231,4788,5019
506,2020-10-24,81,3467,3548
506,2020-10-25,8,2180,2188
506,2020-10-26,196,4472,4668
506,2020-10-27,192,4780,4972
506,2020-10-28,262,4689,4951
506,2020-10-29,190,4593,4783
506,2020-10-30,186,4772,4958
506,2020-11-01,8,1499,1507
506,2020-11-02,151,3730,3881
506,2020-11-03,156,4076,4232
506,2020-11-04,193,4004,4197
506,2020-11-05,215,4203,4418
506,2020-11-06,162,4267,4429
506,2020-11-07,63,3374,3437
506,2020-11-08,10,2241,2251
506,2020-11-09,200,4458,4658
506,2020-11-10,231,4951,5182
506,2020-11-11,232,4654,4886
506,2020-11-12,206,4679,4885
506,2020-11-13,208,4886,5094
506,2020-11-14,73,3571,3644
506,2020-11-15,30,4234,4264
506,2020-11-16,170,3898,4068
506,2020-11-17,152,3971,4123
506,2020-11-18,199,4074,4273
506,2020-11-19,151,4045,4196
506,2020-11-20,171,4153,4324
506,2020-11-21,113,5862,5975
506,2020-11-22,6,2945,2951
506,2020-11-23,135,3564,3699
506,2020-11-24,162,3872,4034
506,2020-11-25,153,3815,3968
506,2020-11-26,132,3492,3624
506,2020-11-27,167,3663,3830
506,2020-11-28,58,2498,2556
506,2020-11-29,8,1591,1599
506,2020-11-30,155,3220,3375
506,2020-12-01,164,3345,3509
506,2020-12-02,158,3454,3612
506,2020-12-03,148,3270,3418
506,2020-12-04,149,3599,3748
506,2020-12-05,35,2457,2492
506,2020-12-06,8,1456,1464
506,2020-12-07,156,3254,3410
506,2020-12-08,175,3275,3450
506,2020-12-09,168,3335,3503
506,2020-12-10,221,3509,3730
506,2020-12-11,186,3481,3667
506,2020-12-12,59,2104,2163
506,2020-12-13,8,1401,1409
506,2020-12-14,164,3169,3333
506,2020-12-15,129,3317,3446
506,2020-12-16,142,3376,3518
506,2020-12-17,123,3322,3445
506,2020-12-18,129,3405,3534
506,2020-12-19,40,2268,2308
506,2020-12-20,2,1435,1437
506,2020-12-21,75,2603,2678
506,2020-12-22,65,2731,2796
506,2020-12-23,86,2574,2660
506,2020-12-24,55,2083,2138
506,2020-12-25,8,1054,1062
506,2020-12-26,8,1176,1184
506,2020-12-27,6,981,987
506,2020-12-28,64,1591,1655
506,2020-12-29,70,1726,1796
506,2020-12-30,82,1971,2053
506,2020-12-31,58,1498,1556
508,2020-01-01,10,2701,2711
508,2020-01-02,177,5313,5490
508,2020-01-03,166,5844,6010
508,2020-01-04,131,4919,5050
508,2020-01-05,16,3479,3495
508,2020-01-06,248,6724,6972
508,2020-01-07,236,7282,7518
508,2020-01-08,262,7149,7411
508,2020-01-09,236,7337,7573
508,2020-01-10,292,8107,8399
508,2020-01-11,163,6864,7027
508,2020-01-12,16,4013,4029
508,2020-01-13,315,7144,7459
508,2020-01-14,352,7689,8041
508,2020-01-15,361,7585,7946
508,2020-01-16,320,7577,7897
508,2020-01-17,300,7857,8157
508,2020-01-18,151,5882,6033
508,2020-01-19,20,4109,4129
508,2020-01-20,376,7411,7787
508,2020-01-21,338,7736,8074
508,2020-01-22,396,7449,7845
508,2020-01-23,324,7689,8013
508,2020-01-24,384,7964,8348
508,2020-01-25,138,6072,6210
508,2020-01-26,21,4348,4369
508,2020-01-27,337,7261,7598
508,2020-01-28,349,8071,8420
508,2020-01-29,402,7552,7954
508,2020-01-30,420,7721,8141
508,2020-01-31,364,8259,8623
508,2020-02-01,128,6577,6705
508,2020-02-02,12,4389,4401
508,2020-02-03,344,7626,7970
508,2020-02-04,432,8011,8443
508,2020-02-05,400,7766,8166
508,2020-02-06,404,7893,8297
508,2020-02-07,386,8157,8543
508,2020-02-08,165,6163,6328
508,2020-02-09,19,3735,3754
508,2020-02-11,423,8332,8755
508,2020-02-12,398,7554,7952
508,2020-02-13,367,7906,8273
508,2020-02-14,354,8315,8669
508,2020-02-15,211,5665,5876
508,2020-02-16,121,3734,3855
508,2020-02-17,351,6530,6881
508,2020-02-18,381,6803,7184
508,2020-02-19,376,6939,7315
508,2020-02-20,382,6890,7272
508,2020-02-21,414,7467,7881
508,2020-02-22,172,5756,5928
508,2020-02-23,18,3946,3964
508,2020-02-24,391,7285,7676
508,2020-02-25,410,8055,8465
508,2020-02-26,456,7799,8255
508,2020-02-27,353,7038,7391
508,2020-02-28,399,8263,8662
508,2020-02-29,142,6289,6431
508,2020-03-01,30,4105,4135
508,2020-03-02,452,7504,7956
508,2020-03-03,476,8060,8536
508,2020-03-04,495,7795,8290
508,2020-03-05,370,8090,8460
508,2020-03-06,442,8358,8800
508,2020-03-07,228,6696,6924
508,2020-03-08,111,4270,4381
508,2020-03-09,442,7482,7924
508,2020-03-10,362,7804,8166
508,2020-03-11,438,7858,8296
508,2020-03-12,407,7659,8066
508,2020-03-13,437,7838,8275
508,2020-03-14,234,4797,5031
508,2020-03-15,100,3255,3355
508,2020-03-16,359,5291,5650
508,2020-03-17,405,5066,5471
508,2020-03-18,399,4616,5015
508,2020-03-19,303,3612,3915
508,2020-03-20,222,3206,3428
508,2020-03-21,127,1670,1797
508,2020-03-22,21,1192,1213
508,2020-03-23,209,2916,3125
508,2020-03-24,181,2672,2853
508,2020-03-25,202,2695,2897
508,2020-03-26,208,2824,3032
508,2020-03-27,165,3111,3276
508,2020-03-28,133,1972,2105
508,2020-03-30,175,3017,3192
508,2020-03-31,185,2851,3036
508,2020-04-01,177,2949,3126
508,2020-04-02,221,2842,3063
508,2020-04-03,190,3135,3325
508,2020-04-04,99,2077,2176
508,2020-04-05,8,1171,1179
508,2020-04-06,189,3024,3213
508,2020-04-07,201,3169,3370
508,2020-04-08,201,3564,3765
508,2020-04-09,226,3736,3962
508,2020-04-10,202,3495,3697
508,2020-04-11,98,2320,2418
508,2020-04-12,6,1259,1265
508,2020-04-13,7,1206,1213
508,2020-04-14,201,3258,3459
508,2020-04-15,193,3341,3534
508,2020-04-16,206,3392,3598
508,2020-04-17,187,3868,4055
508,2020-04-18,120,2475,2595
508,2020-04-19,7,1521,1528
508,2020-04-20,262,4244,4506
508,2020-04-21,321,4341,4662
508,2020-04-22,327,4279,4606
508,2020-04-23,382,4592,4974
508,2020-04-24,341,4803,5144
508,2020-04-25,144,3145,3289
508,2020-04-26,15,2075,2090
508,2020-04-27,363,4445,4808
508,2020-04-28,400,4707,5107
508,2020-04-29,382,4785,5167
508,2020-04-30,341,4993,5334
508,2020-05-01,22,1855,1877
508,2020-05-02,125,3284,3409
508,2020-05-03,15,2166,2181
508,2020-05-04,157,1069,1226
508,2020-05-05,50,303,353
508,2020-05-06,34,190,224
508,2020-05-07,27,474,501
508,2020-05-08,89,2179,2268
508,2020-05-09,71,2545,2616
508,2020-05-10,67,2187,2254
508,2020-05-11,370,5682,6052
508,2020-05-12,367,6032,6399
508,2020-05-13,413,5930,6343
508,2020-05-14,343,6014,6357
508,2020-05-15,380,6498,6878
508,2020-05-16,223,4940,5163
508,2020-05-17,79,3413,3492
508,2020-05-18,366,6282,6648
508,2020-05-19,401,6383,6784
508,2020-05-20,386,6912,7298
508,2020-05-21,22,3416,3438
508,2020-05-22,324,6564,6888
508,2020-05-23,158,4725,4883
508,2020-05-24,22,3299,3321
508,2020-05-25,384,6969,7353
508,2020-05-26,416,7148,7564
508,2020-05-27,173,4214,4387
508,2020-05-28,413,6785,7198
508,2020-05-29,416,7650,8066
508,2020-05-30,194,5561,5755
508,2020-05-31,22,3824,3846
508,2020-06-01,26,3600,3626
508,2020-06-02,466,7013,7479
508,2020-06-03,432,7046,7478
508,2020-06-04,387,7889,8276
508,2020-06-05,411,8282,8693
508,2020-06-06,226,5581,5807
508,2020-06-07,16,3641,3657
508,2020-06-08,387,7120,7507
508,2020-06-09,399,7143,7542
508,2020-06-10,405,7430,7835
508,2020-06-11,384,7418,7802
508,2020-06-12,396,7418,7814
508,2020-06-13,155,5978,6133
508,2020-06-14,22,4255,4277
508,2020-06-15,358,7292,7650
508,2020-06-16,374,7525,7899
508,2020-06-17,345,7423,7768
508,2020-06-18,444,7478,7922
508,2020-06-19,415,7914,8329
508,2020-06-20,517,12623,13140
508,2020-06-21,96,9282,9378
508,2020-06-22,294,6913,7207
508,2020-06-23,24,3625,3649
508,2020-06-24,442,7590,8032
508,2020-06-25,333,7743,8076
508,2020-06-26,370,9146,9516
508,2020-06-27,213,7625,7838
508,2020-06-28,44,4150,4194
508,2020-06-29,340,7554,7894
508,2020-06-30,374,7560,7934
508,2020-07-01,386,7878,8264
508,2020-07-02,377,7785,8162
508,2020-07-03,356,8287,8643
508,2020-07-04,172,6008,6180
508,2020-07-05,25,3958,3983
508,2020-07-06,361,7284,7645
508,2020-07-07,374,7761,8135
508,2020-07-08,404,7968,8372
508,2020-07-09,426,7558,7984
508,2020-07-10,390,8137,8527
508,2020-07-11,166,5967,6133
508,2020-07-12,40,4381,4421
508,2020-07-13,337,7761,8098
508,2020-07-14,346,7838,8184
508,2020-07-15,418,7889,8307
508,2020-07-16,322,7699,8021
508,2020-07-17,348,8085,8433
508,2020-07-18,150,5766,5916
508,2020-07-19,17,4321,4338
508,2020-07-20,388,7531,7919
508,2020-07-21,349,7586,7935
508,2020-07-22,358,7476,7834
508,2020-07-23,391,7473,7864
508,2020-07-24,391,7571,7962
508,2020-07-25,188,5493,5681
508,2020-07-26,33,3838,3871
508,2020-07-27,395,7047,7442
508,2020-07-28,332,7097,7429
508,2020-07-29,340,7455,7795
508,2020-07-30,280,7155,7435
508,2020-07-31,237,7212,7449
508,2020-08-01,132,5027,5159
508,2020-08-02,16,4100,4116
508,2020-08-03,233,6379,6612
508,2020-08-04,230,6531,6761
508,2020-08-05,216,6539,6755
508,2020-08-06,226,6646,6872
508,2020-08-07,200,6745,6945
508,2020-08-08,115,4916,5031
508,2020-08-09,25,3631,3656
508,2020-08-10,216,5696,5912
508,2020-08-11,210,6093,6303
508,2020-08-12,200,6116,6316
508,2020-08-13,198,6285,6483
508,2020-08-14,204,6826,7030
508,2020-08-15,29,3842,3871
508,2020-08-16,27,3663,3690
508,2020-08-17,205,6058,6263
508,2020-08-18,214,6311,6525
508,2020-08-19,260,7129,7389
508,2020-08-20,281,6928,7209
508,2020-08-21,244,6505,6749
508,2020-08-22,190,5242,5432
508,2020-08-23,79,4021,4100
508,2020-08-24,544,8123,8667
508,2020-08-25,567,8884,9451
508,2020-08-26,552,8768,9320
508,2020-08-27,596,8962,9558
508,2020-08-28,570,9560,10130
508,2020-08-29,357,8729,9086
508,2020-08-30,110,5771,5881
508,2020-08-31,750,11182,11932
508,2020-09-01,733,10508,11241
508,2020-09-02,759,10331,11090
508,2020-09-03,672,10035,10707
508,2020-09-04,687,10341,11028
508,2020-09-05,302,7198,7500
508,2020-09-06,114,5587,5701
508,2020-09-07,701,9426,10127
508,2020-09-08,678,9667,10345
508,2020-09-09,675,9843,10518
508,2020-09-10,662,9968,10630
508,2020-09-11,652,10335,10987
508,2020-09-12,237,7032,7269
508,2020-09-13,38,5075,5113
508,2020-09-14,393,7812,8205
508,2020-09-15,344,8189,8533
508,2020-09-16,378,7951,8329
508,2020-09-17,367,8131,8498
508,2020-09-18,425,10077,10502
508,2020-09-19,218,7853,8071
508,2020-09-20,40,4791,4831
508,2020-09-21,319,7677,7996
508,2020-09-22,409,8849,9258
508,2020-09-23,471,8486,8957
508,2020-09-24,388,8087,8475
508,2020-09-25,365,8519,8884
508,2020-09-26,144,5952,6096
508,2020-09-27,11,3956,3967
508,2020-09-28,374,7671,8045
508,2020-09-29,383,8365,8748
508,2020-09-30,412,7964,8376
508,2020-10-01,413,9617,10030
508,2020-10-02,420,9499,9919
508,2020-10-03,125,6190,6315
508,2020-10-04,12,4354,4366
508,2020-10-05,302,7431,7733
508,2020-10-06,316,8237,8553
508,2020-10-07,353,8045,8398
508,2020-10-08,348,8227,8575
508,2020-10-09,324,8494,8818
508,2020-10-10,138,6251,6389
508,2020-10-11,21,4396,4417
508,2020-10-12,329,7792,8121
508,2020-10-13,361,8176,8537
508,2020-10-14,337,7443,7780
508,2020-10-15,356,8223,8579
508,2020-10-16,359,8485,8844
508,2020-10-17,148,6358,6506
508,2020-10-18,25,4195,4220
508,2020-10-19,369,7874,8243
508,2020-10-20,382,8191,8573
508,2020-10-21,386,9081,9467
508,2020-10-22,405,8650,9055
508,2020-10-23,384,8075,8459
508,2020-10-24,136,5792,5928
508,2020-10-25,26,3543,3569
508,2020-10-26,419,7394,7813
508,2020-10-27,348,7412,7760
508,2020-10-28,390,7388,7778
508,2020-10-29,333,7589,7922
508,2020-10-30,352,7984,8336
508,2020-11-01,18,2858,2876
508,2020-11-02,315,6586,6901
508,2020-11-03,320,6936,7256
508,2020-11-04,345,7185,7530
508,2020-11-05,347,7026,7373
508,2020-11-06,379,7531,7910
508,2020-11-07,152,5521,5673
508,2020-11-08,30,3512,3542
508,2020-11-09,377,7353,7730
508,2020-11-10,436,8568,9004
508,2020-11-11,454,8083,8537
508,2020-11-12,367,7898,8265
508,2020-11-13,400,8062,8462
508,2020-11-14,140,5788,5928
508,2020-11-15,22,3956,3978
508,2020-11-16,491,9667,10158
508,2020-11-17,526,10218,10744
508,2020-11-18,555,10139,10694
508,2020-11-19,524,10327,10851
508,2020-11-20,528,10645,11173
508,2020-11-21,331,10593,10924
508,2020-11-22,45,5967,6012
508,2020-11-23,525,9319,9844
508,2020-11-24,548,9863,10411
508,2020-11-25,546,9575,10121
508,2020-11-26,487,9367,9854
508,2020-11-27,522,9619,10141
508,2020-11-28,320,6890,7210
508,2020-11-29,124,4018,4142
508,2020-11-30,532,8890,9422
508,2020-12-01,492,9070,9562
508,2020-12-02,556,8980,9536
508,2020-12-03,490,9206,9696
508,2020-12-04,498,9726,10224
508,2020-12-05,216,6617,6833
508,2020-12-06,19,3984,4003
508,2020-12-07,557,8665,9222
508,2020-12-08,554,9014,9568
508,2020-12-09,537,8961,9498
508,2020-12-10,619,8937,9556
508,2020-12-11,510,9732,10242
508,2020-12-12,218,6277,6495
508,2020-12-13,11,3740,3751
508,2020-12-14,503,8893,9396
508,2020-12-15,469,9239,9708
508,2020-12-16,502,8943,9445
508,2020-12-17,486,9106,9592
508,2020-12-18,459,9617,10076
508,2020-12-19,198,6198,6396
508,2020-12-20,19,3790,3809
508,2020-12-21,307,7612,7919
508,2020-12-22,282,8232,8514
508,2020-12-23,294,7858,8152
508,2020-12-24,213,6242,6455
508,2020-12-25,8,2874,2882
508,2020-12-26,19,2916,2935
508,2020-12-27,8,2563,2571
508,2020-12-28,256,5436,5692
508,2020-12-29,259,5734,5993
508,2020-12-30,286,5987,6273
508,2020-12-31,227,4879,5106
509,2020-01-01,27,4465,4492
509,2020-01-02,257,8834,9091
509,2020-01-03,280,9671,9951
509,2020-01-04,186,7926,8112
509,2020-01-05,44,5829,5873
509,2020-01-06,353,11756,12109
509,2020-01-07,380,12552,12932
509,2020-01-08,413,12338,12751
509,2020-01-09,602,12817,13419
509,2020-01-10,682,13361,14043
509,2020-01-11,244,10330,10574
509,2020-01-12,37,6121,6158
509,2020-01-13,889,12819,13708
509,2020-01-14,1040,13615,14655
509,2020-01-15,1010,12874,13884
509,2020-01-16,1046,13120,14166
509,2020-01-17,909,13275,14184
509,2020-01-18,209,9290,9499
509,2020-01-24,1086,13588,14674
509,2020-01-25,232,9335,9567
509,2020-01-26,40,6423,6463
509,2020-01-27,907,12586,13493
509,2020-01-28,1070,13397,14467
509,2020-01-29,1058,12552,13610
509,2020-01-30,1081,13449,14530
509,2020-01-31,965,13798,14763
509,2020-02-01,204,9446,9650
509,2020-02-02,29,6259,6288
509,2020-02-03,1011,13056,14067
509,2020-02-04,1136,13912,15048
509,2020-02-05,992,12980,13972
509,2020-02-06,1060,13582,14642
509,2020-02-07,970,13881,14851
509,2020-02-08,252,9450,9702
509,2020-02-09,37,5456,5493
509,2020-02-10,866,11252,12118
509,2020-02-11,938,13764,14702
509,2020-02-12,1053,13011,14064
509,2020-02-13,1018,13546,14564
509,2020-02-14,1043,13914,14957
509,2020-02-15,227,8717,8944
509,2020-02-16,45,5692,5737
509,2020-02-17,861,11976,12837
509,2020-02-18,821,12212,13033
509,2020-02-19,1101,12304,13405
509,2020-02-20,1123,12060,13183
509,2020-02-21,1182,12749,13931
509,2020-02-22,271,8818,9089
509,2020-02-23,57,5971,6028
509,2020-02-24,951,11932,12883
509,2020-02-25,1188,13213,14401
509,2020-02-26,1120,12624,13744
509,2020-02-27,610,7638,8248
509,2020-02-28,938,13523,14461
509,2020-02-29,312,9400,9712
509,2020-03-01,68,6358,6426
509,2020-03-02,1209,13143,14352
509,2020-03-03,1006,13750,14756
509,2020-03-04,976,12933,13909
509,2020-03-05,838,14005,14843
509,2020-03-06,964,14127,15091
509,2020-03-07,201,9949,10150
509,2020-03-08,55,6671,6726
509,2020-03-09,1244,13017,14261
509,2020-03-10,1207,13420,14627
509,2020-03-11,1323,12868,14191
509,2020-03-12,1285,13340,14625
509,2020-03-13,1305,13006,14311
509,2020-03-14,234,7353,7587
509,2020-03-15,39,4943,4982
509,2020-03-16,1030,9146,10176
509,2020-03-17,1102,8277,9379
509,2020-03-18,811,7100,7911
509,2020-03-19,577,5617,6194
509,2020-03-20,331,5134,5465
509,2020-03-21,135,2481,2616
509,2020-03-22,18,1665,1683
509,2020-03-23,250,4250,4500
509,2020-03-24,260,4121,4381
509,2020-03-25,281,4235,4516
509,2020-03-26,269,4311,4580
509,2020-03-27,236,4646,4882
509,2020-03-28,166,2997,3163
509,2020-03-30,251,4339,4590
509,2020-03-31,219,4256,4475
509,2020-04-01,251,4422,4673
509,2020-04-02,297,4324,4621
509,2020-04-03,284,4733,5017
509,2020-04-04,133,3150,3283
509,2020-04-05,17,1688,1705
509,2020-04-06,259,4536,4795
509,2020-04-07,257,4716,4973
509,2020-04-08,312,5024,5336
509,2020-04-09,282,5092,5374
509,2020-04-10,282,5169,5451
509,2020-04-11,142,3751,3893
509,2020-04-12,24,1783,1807
509,2020-04-13,28,1853,1881
509,2020-04-14,269,5237,5506
509,2020-04-15,282,5237,5519
509,2020-04-16,291,5365,5656
509,2020-04-17,299,5973,6272
509,2020-04-18,174,3996,4170
509,2020-04-19,22,2331,2353
509,2020-04-20,717,6943,7660
509,2020-04-21,978,6994,7972
509,2020-04-22,1037,7108,8145
509,2020-04-23,1076,7512,8588
509,2020-04-24,905,7981,8886
509,2020-04-25,202,5413,5615
509,2020-04-26,39,3128,3167
509,2020-04-27,816,7743,8559
509,2020-04-28,933,8083,9016
509,2020-04-29,1192,7983,9175
509,2020-04-30,1134,8485,9619
509,2020-05-01,64,2922,2986
509,2020-05-02,179,5582,5761
509,2020-05-03,26,3313,3339
509,2020-05-04,1087,8145,9232
509,2020-05-05,1102,8350,9452
509,2020-05-06,1039,8387,9426
509,2020-05-07,1067,8679,9746
509,2020-05-08,1046,9325,10371
509,2020-05-09,79,4136,4215
509,2020-05-10,28,3541,3569
509,2020-05-11,1090,9678,10768
509,2020-05-12,1243,10053,11296
509,2020-05-13,1021,10163,11184
509,2020-05-14,1046,9743,10789
509,2020-05-15,1019,10582,11601
509,2020-05-16,400,7885,8285
509,2020-05-17,56,5261,5317
509,2020-05-18,1127,10311,11438
509,2020-05-19,1040,10759,11799
509,2020-05-20,1207,11154,12361
509,2020-05-21,70,5366,5436
509,2020-05-22,850,10343,11193
509,2020-05-23,253,7720,7973
509,2020-05-24,51,4952,5003
509,2020-05-25,1176,11135,12311
509,2020-05-26,1305,11749,13054
509,2020-05-27,1072,10387,11459
509,2020-05-28,1235,11452,12687
509,2020-05-29,1245,12210,13455
509,2020-05-30,303,8897,9200
509,2020-05-31,30,5970,6000
509,2020-06-01,63,5792,5855
509,2020-06-02,1178,11492,12670
509,2020-06-03,1148,11218,12366
509,2020-06-04,1032,11558,12590
509,2020-06-05,1146,11757,12903
509,2020-06-06,388,8560,8948
509,2020-06-07,62,5562,5624
509,2020-06-08,1167,11308,12475
509,2020-06-09,1334,11526,12860
509,2020-06-10,1125,11787,12912
509,2020-06-11,1046,12002,13048
509,2020-06-14,38,6640,6678
509,2020-06-15,1065,11790,12855
509,2020-06-16,1126,12415,13541
509,2020-06-17,1210,12171,13381
509,2020-06-18,1212,12310,13522
509,2020-06-19,1135,12618,13753
509,2020-06-20,462,10220,10682
509,2020-06-21,85,6831,6916
509,2020-06-22,589,10684,11273
509,2020-06-23,88,5856,5944
509,2020-06-24,1144,12192,13336
509,2020-06-25,1052,12381,13433
509,2020-06-26,1083,12659,13742
509,2020-06-27,446,9041,9487
509,2020-06-28,58,6171,6229
509,2020-06-29,1176,12123,13299
509,2020-06-30,1053,12187,13240
509,2020-07-01,1066,12273,13339
509,2020-07-02,1169,12654,13823
509,2020-07-03,1041,13022,14063
509,2020-07-04,263,9227,9490
509,2020-07-05,55,6204,6259
509,2020-07-06,1054,11729,12783
509,2020-07-07,1052,12210,13262
509,2020-07-08,1092,12009,13101
509,2020-07-09,823,11452,12275
509,2020-07-10,1008,12421,13429
509,2020-07-11,462,9212,9674
509,2020-07-12,58,6466,6524
509,2020-07-13,1194,12061,13255
509,2020-07-14,1024,12098,13122
509,2020-07-15,1155,12488,13643
509,2020-07-16,1011,12306,13317
509,2020-07-17,1144,12846,13990
509,2020-07-18,241,9288,9529
509,2020-07-19,48,6797,6845
509,2020-07-20,1046,11588,12634
509,2020-07-21,1040,11922,12962
509,2020-07-22,1049,11819,12868
509,2020-07-23,1071,11927,12998
509,2020-07-24,1076,12046,13122
509,2020-07-25,273,8498,8771
509,2020-07-26,52,5841,5893
509,2020-07-27,981,10796,11777
509,2020-07-28,1014,11339,12353
509,2020-07-29,1048,11519,12567
509,2020-07-30,526,11493,12019
509,2020-07-31,409,10965,11374
509,2020-08-01,197,7943,8140
509,2020-08-02,43,6125,6168
509,2020-08-03,351,9962,10313
509,2020-08-04,362,10521,10883
509,2020-08-05,313,10293,10606
509,2020-08-06,366,10588,10954
509,2020-08-07,329,10519,10848
509,2020-08-08,172,7663,7835
509,2020-08-09,53,5753,5806
509,2020-08-10,294,9357,9651
509,2020-08-11,334,10105,10439
509,2020-08-12,303,9905,10208
509,2020-08-13,295,9995,10290
509,2020-08-14,302,10510,10812
509,2020-08-15,55,5915,5970
509,2020-08-16,41,5609,5650
509,2020-08-17,286,9698,9984
509,2020-08-18,324,10024,10348
509,2020-08-19,372,10598,10970
509,2020-08-20,383,10210,10593
509,2020-08-21,333,10278,10611
509,2020-08-22,168,7767,7935
509,2020-08-23,50,5889,5939
509,2020-08-24,587,10116,10703
509,2020-08-25,883,10603,11486
509,2020-08-26,987,10357,11344
509,2020-08-27,883,10833,11716
509,2020-08-28,840,11152,11992
509,2020-08-29,404,9141,9545
509,2020-08-30,94,6488,6582
509,2020-08-31,1199,12062,13261
509,2020-09-01,1098,12193,13291
509,2020-09-02,1252,12494,13746
509,2020-09-03,1096,12421,13517
509,2020-09-04,1108,12647,13755
509,2020-09-05,288,9004,9292
509,2020-09-06,40,6977,7017
509,2020-09-07,1048,12034,13082
509,2020-09-08,1129,12502,13631
509,2020-09-09,1135,12598,13733
509,2020-09-10,1007,12954,13961
509,2020-09-11,1064,13167,14231
509,2020-09-12,279,9807,10086
509,2020-09-13,59,7173,7232
509,2020-09-14,1077,11700,12777
509,2020-09-15,972,12560,13532
509,2020-09-16,1063,12358,13421
509,2020-09-17,1016,12818,13834
509,2020-09-18,1081,13495,14576
509,2020-09-19,245,10018,10263
509,2020-09-20,66,7198,7264
509,2020-09-21,845,12267,13112
509,2020-09-22,893,13149,14042
509,2020-09-23,1120,12706,13826
509,2020-09-24,1171,12909,14080
509,2020-09-25,1069,13093,14162
509,2020-09-26,198,8970,9168
509,2020-09-27,33,6128,6161
509,2020-09-28,1046,12349,13395
509,2020-09-29,1013,13052,14065
509,2020-09-30,982,12776,13758
509,2020-10-01,922,13554,14476
509,2020-10-02,940,13468,14408
509,2020-10-03,218,9529,9747
509,2020-10-04,47,6528,6575
509,2020-10-05,876,12347,13223
509,2020-10-06,969,13306,14275
509,2020-10-07,949,12877,13826
509,2020-10-08,1030,13257,14287
509,2020-10-09,940,13432,14372
509,2020-10-10,227,9527,9754
509,2020-10-11,48,6534,6582
509,2020-10-12,858,12456,13314
509,2020-10-13,870,13200,14070
509,2020-10-14,894,12677,13571
509,2020-10-15,949,13272,14221
509,2020-10-16,911,13623,14534
509,2020-10-17,219,9725,9944
509,2020-10-18,45,6442,6487
509,2020-10-19,918,12792,13710
509,2020-10-20,875,13399,14274
509,2020-10-21,878,13186,14064
509,2020-10-22,1022,13234,14256
509,2020-10-23,931,13027,13958
509,2020-10-24,235,9160,9395
509,2020-10-25,46,5613,5659
509,2020-10-26,977,12052,13029
509,2020-10-27,925,12366,13291
509,2020-10-28,994,12108,13102
509,2020-10-29,761,12557,13318
509,2020-10-30,871,12748,13619
509,2020-11-01,22,4563,4585
509,2020-11-02,811,10787,11598
509,2020-11-03,860,11494,12354
509,2020-11-04,942,11564,12506
509,2020-11-05,787,11793,12580
509,2020-11-06,1058,12064,13122
509,2020-11-07,205,8744,8949
509,2020-11-08,54,5588,5642
509,2020-11-09,986,11778,12764
509,2020-11-10,1036,12449,13485
509,2020-11-11,856,12305,13161
509,2020-11-12,774,12500,13274
509,2020-11-13,934,12668,13602
509,2020-11-14,194,8946,9140
509,2020-11-15,29,4997,5026
509,2020-11-16,1011,14093,15104
509,2020-11-17,1054,14790,15844
509,2020-11-18,1114,14023,15137
509,2020-11-19,988,14724,15712
509,2020-11-20,1044,14537,15581
509,2020-11-21,306,10888,11194
509,2020-11-22,52,6163,6215
509,2020-11-23,975,13312,14287
509,2020-11-24,1090,13943,15033
509,2020-11-25,1030,13509,14539
509,2020-11-26,955,13257,14212
509,2020-11-27,975,13871,14846
509,2020-11-28,304,9427,9731
509,2020-11-29,33,5516,5549
509,2020-11-30,951,12858,13809
509,2020-12-01,903,13013,13916
509,2020-12-02,1037,12717,13754
509,2020-12-03,829,13212,14041
509,2020-12-04,998,13489,14487
509,2020-12-05,277,9201,9478
509,2020-12-06,49,5519,5568
509,2020-12-07,1002,12526,13528
509,2020-12-08,969,12887,13856
509,2020-12-09,1002,12999,14001
509,2020-12-10,1038,13170,14208
509,2020-12-11,880,13551,14431
509,2020-12-12,286,8771,9057
509,2020-12-13,26,5224,5250
509,2020-12-14,883,12865,13748
509,2020-12-15,829,13405,14234
509,2020-12-16,822,12854,13676
509,2020-12-17,804,13044,13848
509,2020-12-18,670,13305,13975
509,2020-12-19,252,8632,8884
509,2020-12-20,39,5277,5316
509,2020-12-21,388,10658,11046
509,2020-12-22,383,11070,11453
509,2020-12-23,342,10602,10944
509,2020-12-24,246,8529,8775
509,2020-12-25,27,4353,4380
509,2020-12-26,49,4316,4365
509,2020-12-27,23,3646,3669
509,2020-12-28,282,7467,7749
509,2020-12-29,310,7970,8280
509,2020-12-30,346,8426,8772
509,2020-12-31,254,6584,6838
510,2020-01-01,48,3904,3952
510,2020-01-02,263,6724,6987
510,2020-01-03,256,7520,7776
510,2020-01-04,152,6369,6521
510,2020-01-05,45,4969,5014
510,2020-01-06,352,8885,9237
510,2020-01-07,414,9292,9706
510,2020-01-08,455,9173,9628
510,2020-01-09,406,9344,9750
510,2020-01-10,466,10127,10593
510,2020-01-11,169,8076,8245
510,2020-01-12,56,5742,5798
510,2020-01-13,447,9463,9910
510,2020-01-14,511,9630,10141
510,2020-01-15,541,9864,10405
510,2020-01-16,640,9728,10368
510,2020-01-17,474,10326,10800
510,2020-01-18,212,7984,8196
510,2020-01-19,45,5530,5575
510,2020-01-20,564,9580,10144
510,2020-01-21,502,9962,10464
510,2020-01-22,555,9809,10364
510,2020-01-23,499,9936,10435
510,2020-01-24,694,10127,10821
510,2020-01-25,185,8432,8617
510,2020-01-26,56,6106,6162
510,2020-01-27,525,9406,9931
510,2020-01-28,530,10240,10770
510,2020-01-29,507,10151,10658
510,2020-01-30,459,10057,10516
510,2020-01-31,454,10289,10743
510,2020-02-01,163,8249,8412
510,2020-02-02,56,5710,5766
510,2020-02-03,543,9521,10064
510,2020-02-04,481,10373,10854
510,2020-02-05,517,10197,10714
510,2020-02-06,537,9876,10413
510,2020-02-07,485,10599,11084
510,2020-02-08,217,8065,8282
510,2020-02-09,58,5200,5258
510,2020-02-10,476,9282,9758
510,2020-02-11,538,10238,10776
510,2020-02-12,508,9865,10373
510,2020-02-13,546,10191,10737
510,2020-02-14,565,10562,11127
510,2020-02-15,360,7612,7972
510,2020-02-16,141,5041,5182
510,2020-02-17,543,8586,9129
510,2020-02-18,521,8797,9318
510,2020-02-19,567,8919,9486
510,2020-02-20,543,8613,9156
510,2020-02-21,543,9186,9729
510,2020-02-22,196,7333,7529
510,2020-02-23,42,5086,5128
510,2020-02-24,484,9220,9704
510,2020-02-25,484,10024,10508
510,2020-02-26,523,10075,10598
510,2020-02-27,520,9433,9953
510,2020-02-28,513,10589,11102
510,2020-02-29,201,8022,8223
510,2020-03-01,59,5705,5764
510,2020-03-02,511,9668,10179
510,2020-03-03,547,10103,10650
510,2020-03-04,543,10040,10583
510,2020-03-05,676,10106,10782
510,2020-03-06,664,10423,11087
510,2020-03-07,393,8227,8620
510,2020-03-08,168,5825,5993
510,2020-03-09,664,9624,10288
510,2020-03-10,656,9732,10388
510,2020-03-11,699,9823,10522
510,2020-03-12,630,9754,10384
510,2020-03-13,674,9984,10658
510,2020-03-14,383,6271,6654
510,2020-03-15,152,4279,4431
510,2020-03-16,633,7103,7736
510,2020-03-17,663,7224,7887
510,2020-03-18,686,6143,6829
510,2020-03-19,537,4732,5269
510,2020-03-20,402,4377,4779
510,2020-03-21,153,2242,2395
510,2020-03-22,19,1567,1586
510,2020-03-23,246,3691,3937
510,2020-03-24,280,3500,3780
510,2020-03-25,294,3597,3891
510,2020-03-26,260,3663,3923
510,2020-03-27,256,4001,4257
510,2020-03-28,136,2668,2804
510,2020-03-30,267,3884,4151
510,2020-03-31,274,3845,4119
510,2020-04-01,276,4002,4278
510,2020-04-02,299,3867,4166
510,2020-04-03,289,4188,4477
510,2020-04-04,132,2597,2729
510,2020-04-05,12,1705,1717
510,2020-04-06,278,4460,4738
510,2020-04-07,305,4583,4888
510,2020-04-08,311,4684,4995
510,2020-04-09,326,4911,5237
510,2020-04-10,287,4725,5012
510,2020-04-11,142,3157,3299
510,2020-04-12,1,1729,1730
510,2020-04-13,11,1627,1638
510,2020-04-14,261,4305,4566
510,2020-04-15,251,4524,4775
510,2020-04-16,291,4607,4898
510,2020-04-17,279,5101,5380
510,2020-04-18,136,3564,3700
510,2020-04-19,13,2195,2208
510,2020-04-20,400,5428,5828
510,2020-04-21,489,5707,6196
510,2020-04-22,439,5962,6401
510,2020-04-23,409,6057,6466
510,2020-04-24,505,6299,6804
510,2020-04-25,211,4543,4754
510,2020-04-26,14,3024,3038
510,2020-04-27,514,6736,7250
510,2020-04-28,539,6744,7283
510,2020-04-29,577,7185,7762
510,2020-04-30,490,6924,7414
510,2020-05-01,22,2556,2578
510,2020-05-02,192,4636,4828
510,2020-05-03,19,2962,2981
510,2020-05-04,563,7566,8129
510,2020-05-05,657,8086,8743
510,2020-05-06,518,8268,8786
510,2020-05-07,529,8344,8873
510,2020-05-08,584,9014,9598
510,2020-05-09,100,4010,4110
510,2020-05-10,116,3551,3667
510,2020-05-11,659,8909,9568
510,2020-05-12,621,9099,9720
510,2020-05-13,643,9122,9765
510,2020-05-14,663,9040,9703
510,2020-05-15,677,9709,10386
510,2020-05-16,331,7507,7838
510,2020-05-17,135,4977,5112
510,2020-05-18,692,8983,9675
510,2020-05-19,579,9565,10144
510,2020-05-20,606,10009,10615
510,2020-05-21,100,5235,5335
510,2020-05-22,395,9294,9689
510,2020-05-23,200,6773,6973
510,2020-05-24,63,4826,4889
510,2020-05-25,542,9593,10135
510,2020-05-26,589,10094,10683
510,2020-05-27,578,10352,10930
510,2020-05-28,583,10313,10896
510,2020-05-29,656,10879,11535
510,2020-05-30,387,8025,8412
510,2020-05-31,55,5405,5460
510,2020-06-01,67,5432,5499
510,2020-06-02,654,11044,11698
510,2020-06-03,759,11204,11963
510,2020-06-04,697,10842,11539
510,2020-06-05,778,11105,11883
510,2020-06-06,319,8111,8430
510,2020-06-07,64,5275,5339
510,2020-06-08,664,10073,10737
510,2020-06-09,629,10457,11086
510,2020-06-10,635,10685,11320
510,2020-06-11,624,10630,11254
510,2020-06-12,683,10832,11515
510,2020-06-13,288,8570,8858
510,2020-06-14,53,6018,6071
510,2020-06-15,628,10013,10641
510,2020-06-16,623,10480,11103
510,2020-06-17,685,10372,11057
510,2020-06-18,720,10626,11346
510,2020-06-19,591,11017,11608
510,2020-06-20,973,21650,22623
510,2020-06-21,197,15703,15900
510,2020-06-22,456,9465,9921
510,2020-06-23,47,3410,3457
510,2020-06-24,305,6847,7152
510,2020-06-25,558,10793,11351
510,2020-06-26,534,13217,13751
510,2020-06-27,327,9937,10264
510,2020-06-28,87,5854,5941
510,2020-06-29,611,10184,10795
510,2020-06-30,629,10513,11142
510,2020-07-01,666,10757,11423
510,2020-07-02,631,10733,11364
510,2020-07-03,570,11064,11634
510,2020-07-04,262,8352,8614
510,2020-07-05,49,5698,5747
510,2020-07-06,591,10236,10827
510,2020-07-07,679,10779,11458
510,2020-07-08,728,14029,14757
510,2020-07-09,1147,15139,16286
510,2020-07-10,661,11813,12474
510,2020-07-11,273,8357,8630
510,2020-07-12,86,6936,7022
510,2020-07-13,609,10114,10723
510,2020-07-14,600,10631,11231
510,2020-07-15,715,10541,11256
510,2020-07-16,690,10808,11498
510,2020-07-17,719,10760,11479
510,2020-07-18,227,8163,8390
510,2020-07-19,72,5791,5863
510,2020-07-20,632,10683,11315
510,2020-07-21,686,11370,12056
510,2020-07-22,635,10987,11622
510,2020-07-23,676,10998,11674
510,2020-07-24,623,11262,11885
510,2020-07-25,255,8679,8934
510,2020-07-26,73,5383,5456
510,2020-07-27,531,11080,11611
510,2020-07-28,533,10927,11460
510,2020-11-14,234,7608,7842
510,2020-11-15,120,9980,10100
510,2020-11-16,562,9269,9831
510,2020-11-17,749,9649,10398
510,2020-11-18,704,9891,10595
510,2020-11-19,700,9868,10568
510,2020-11-20,630,10568,11198
510,2020-11-21,548,17461,18009
510,2020-11-22,89,9352,9441
510,2020-11-23,546,9405,9951
510,2020-11-24,552,9828,10380
510,2020-11-25,494,9938,10432
510,2020-11-26,550,9504,10054
510,2020-11-27,550,10093,10643
510,2020-11-28,345,7036,7381
510,2020-11-29,131,4343,4474
510,2020-11-30,602,9027,9629
510,2020-12-01,703,9215,9918
510,2020-12-02,697,9432,10129
510,2020-12-03,606,9484,10090
510,2020-12-04,572,9892,10464
510,2020-12-05,210,6878,7088
510,2020-12-06,49,4409,4458
510,2020-12-07,622,8951,9573
510,2020-12-08,677,9027,9704
510,2020-12-09,547,9536,10083
510,2020-12-10,557,9308,9865
510,2020-12-11,570,10099,10669
510,2020-12-12,197,6817,7014
510,2020-12-13,54,4294,4348
510,2020-12-14,537,9099,9636
510,2020-12-15,587,9540,10127
510,2020-12-16,521,9655,10176
510,2020-12-17,472,9660,10132
510,2020-12-18,435,10068,10503
510,2020-12-19,172,6763,6935
510,2020-12-20,104,4459,4563
510,2020-12-21,360,7641,8001
510,2020-12-22,358,8244,8602
510,2020-12-23,279,8283,8562
510,2020-12-24,199,6895,7094
510,2020-12-25,38,3424,3462
510,2020-12-26,52,3425,3477
510,2020-12-27,47,3037,3084
510,2020-12-28,231,5467,5698
510,2020-12-29,242,5827,6069
510,2020-12-30,240,6167,6407
510,2020-12-31,199,5208,5407
520,2020-01-01,44,3002,3046
520,2020-01-02,232,6092,6324
520,2020-01-03,247,6498,6745
520,2020-01-04,139,5675,5814
520,2020-01-05,43,3976,4019
520,2020-01-06,343,7636,7979
520,2020-01-07,315,7937,8252
520,2020-01-08,377,7932,8309
520,2020-01-09,347,7944,8291
520,2020-01-10,378,8661,9039
520,2020-01-11,162,6897,7059
520,2020-01-12,40,4539,4579
520,2020-01-13,400,8108,8508
520,2020-01-14,439,8263,8702
520,2020-01-15,462,8471,8933
520,2020-01-16,434,8234,8668
520,2020-01-17,420,8743,9163
520,2020-01-18,189,7166,7355
520,2020-01-19,37,4462,4499
520,2020-01-20,464,9214,9678
520,2020-01-21,422,8479,8901
520,2020-01-22,455,8111,8566
520,2020-01-23,467,8263,8730
520,2020-01-24,488,8714,9202
520,2020-01-25,185,7236,7421
520,2020-01-26,43,5079,5122
520,2020-01-27,395,8041,8436
520,2020-01-28,442,9276,9718
520,2020-01-29,432,8558,8990
520,2020-01-30,432,8547,8979
520,2020-01-31,290,6685,6975
520,2020-02-01,165,7482,7647
520,2020-02-02,38,4936,4974
520,2020-02-03,403,8077,8480
520,2020-02-04,406,8673,9079
520,2020-02-05,450,8544,8994
520,2020-02-06,448,8445,8893
520,2020-02-07,426,8784,9210
520,2020-02-08,208,7082,7290
520,2020-02-09,83,4563,4646
520,2020-02-11,440,8499,8939
520,2020-02-12,457,8395,8852
520,2020-02-13,510,8762,9272
520,2020-02-14,490,9099,9589
520,2020-02-15,294,6491,6785
520,2020-02-16,131,4145,4276
520,2020-02-17,488,7041,7529
520,2020-02-18,480,7400,7880
520,2020-02-19,494,7488,7982
520,2020-02-20,454,7375,7829
520,2020-02-21,503,7999,8502
520,2020-02-22,179,6691,6870
520,2020-02-23,39,4249,4288
520,2020-02-24,459,8072,8531
520,2020-02-25,457,8401,8858
520,2020-02-26,432,8488,8920
520,2020-02-27,419,8007,8426
520,2020-02-28,456,9082,9538
520,2020-02-29,176,6841,7017
520,2020-03-01,64,4713,4777
520,2020-03-02,416,8174,8590
520,2020-03-03,466,8693,9159
520,2020-03-04,481,8439,8920
520,2020-03-05,516,8692,9208
520,2020-03-06,437,9037,9474
520,2020-03-07,307,7343,7650
520,2020-03-08,130,4800,4930
520,2020-03-09,518,8555,9073
520,2020-03-10,464,8457,8921
520,2020-03-11,477,8409,8886
520,2020-03-12,437,8647,9084
520,2020-03-13,436,9094,9530
520,2020-03-14,280,5709,5989
520,2020-03-15,124,3751,3875
520,2020-03-16,398,6410,6808
520,2020-03-17,448,6442,6890
520,2020-03-18,524,5722,6246
520,2020-03-19,425,4324,4749
520,2020-03-20,306,4010,4316
520,2020-03-21,123,2203,2326
520,2020-03-22,13,1311,1324
520,2020-03-23,195,3339,3534
520,2020-03-24,222,3189,3411
520,2020-03-25,214,3229,3443
520,2020-03-26,230,3249,3479
520,2020-03-27,233,3618,3851
520,2020-03-28,130,2630,2760
520,2020-03-30,206,3352,3558
520,2020-03-31,225,3323,3548
520,2020-04-01,200,3532,3732
520,2020-04-02,249,3455,3704
520,2020-04-03,242,3885,4127
520,2020-04-04,145,2509,2654
520,2020-04-05,15,1265,1280
520,2020-04-06,224,3975,4199
520,2020-04-07,272,4047,4319
520,2020-04-08,294,4212,4506
520,2020-04-09,330,4502,4832
520,2020-04-10,275,4328,4603
520,2020-04-11,148,3064,3212
520,2020-04-12,1,1333,1334
520,2020-04-13,9,1232,1241
520,2020-04-14,234,4015,4249
520,2020-04-15,228,4009,4237
520,2020-04-16,251,4130,4381
520,2020-04-17,264,4589,4853
520,2020-04-18,144,3366,3510
520,2020-04-19,10,1697,1707
520,2020-04-20,345,4913,5258
520,2020-04-21,414,5138,5552
520,2020-04-22,361,5175,5536
520,2020-04-23,372,5409,5781
520,2020-04-24,406,5865,6271
520,2020-04-25,176,4284,4460
520,2020-05-01,31,1986,2017
520,2020-05-02,201,4503,4704
520,2020-05-03,15,2308,2323
520,2020-05-04,479,6291,6770
520,2020-05-05,494,6454,6948
520,2020-05-06,448,6548,6996
520,2020-05-07,502,6769,7271
520,2020-05-08,464,7510,7974
520,2020-05-09,86,3089,3175
520,2020-05-10,91,2810,2901
520,2020-05-11,592,7614,8206
520,2020-05-12,499,7313,7812
520,2020-05-13,537,7317,7854
520,2020-05-14,505,7303,7808
520,2020-05-15,505,7941,8446
520,2020-05-16,258,6217,6475
520,2020-05-17,134,3885,4019
520,2020-05-18,451,7197,7648
520,2020-05-19,425,7116,7541
520,2020-05-20,430,8399,8829
520,2020-05-21,97,3712,3809
520,2020-05-22,402,7860,8262
520,2020-05-23,214,5927,6141
520,2020-05-24,51,3751,3802
520,2020-05-25,441,7812,8253
520,2020-05-26,484,8051,8535
520,2020-05-27,521,8064,8585
520,2020-05-28,476,8250,8726
520,2020-05-29,458,8961,9419
520,2020-05-30,210,6910,7120
520,2020-05-31,38,4446,4484
520,2020-06-01,56,4114,4170
520,2020-06-02,620,9036,9656
520,2020-06-03,619,9090,9709
520,2020-06-04,550,9140,9690
520,2020-06-05,549,9288,9837
520,2020-06-06,229,6843,7072
520,2020-06-07,46,4124,4170
520,2020-06-08,538,7901,8439
520,2020-06-09,498,8207,8705
520,2020-06-10,505,8469,8974
520,2020-06-11,493,8399,8892
520,2020-06-12,492,8903,9395
520,2020-06-13,202,7089,7291
520,2020-06-14,41,4850,4891
520,2020-06-15,420,7933,8353
520,2020-06-16,466,8226,8692
520,2020-06-17,517,8058,8575
520,2020-06-18,553,8397,8950
520,2020-06-19,497,8927,9424
520,2020-06-20,899,18802,19701
520,2020-06-21,194,13861,14055
520,2020-06-22,404,7865,8269
520,2020-06-23,69,4190,4259
520,2020-06-24,547,8472,9019
520,2020-06-25,496,8624,9120
520,2020-06-26,593,10694,11287
520,2020-06-27,294,8414,8708
520,2020-06-28,49,4421,4470
520,2020-06-29,468,8150,8618
520,2020-06-30,534,8446,8980
520,2020-07-01,557,8468,9025
520,2020-07-02,485,8384,8869
520,2020-07-03,438,8855,9293
520,2020-07-04,203,6866,7069
520,2020-07-05,38,4416,4454
520,2020-07-06,508,8109,8617
520,2020-07-07,489,8823,9312
520,2020-07-08,654,11340,11994
520,2020-07-09,502,8756,9258
520,2020-07-10,503,9776,10279
520,2020-07-11,194,7091,7285
520,2020-07-12,69,5607,5676
520,2020-07-13,497,9048,9545
520,2020-07-14,508,9322,9830
520,2020-07-15,532,9226,9758
520,2020-07-16,473,9350,9823
520,2020-07-17,483,9831,10314
520,2020-07-18,220,6872,7092
520,2020-07-19,56,4864,4920
520,2020-07-20,514,9043,9557
520,2020-07-21,522,9409,9931
520,2020-07-22,514,8943,9457
520,2020-07-23,571,8986,9557
520,2020-07-24,580,9404,9984
520,2020-07-25,236,7523,7759
520,2020-07-26,56,4416,4472
520,2020-07-27,524,9315,9839
520,2020-07-28,512,9148,9660
520,2020-07-29,498,9041,9539
520,2020-07-30,487,8760,9247
520,2020-07-31,401,8554,8955
520,2020-08-01,170,6382,6552
520,2020-08-02,43,4517,4560
520,2020-08-03,333,7245,7578
520,2020-08-04,344,7318,7662
520,2020-08-05,325,7278,7603
520,2020-08-06,326,7217,7543
520,2020-08-07,299,7444,7743
520,2020-08-08,155,5558,5713
520,2020-08-09,39,3867,3906
520,2020-08-10,307,6419,6726
520,2020-08-11,314,6810,7124
520,2020-08-12,296,6874,7170
520,2020-08-13,310,6717,7027
520,2020-08-14,303,7408,7711
520,2020-08-15,41,3894,3935
520,2020-08-16,47,4117,4164
520,2020-08-17,257,6838,7095
520,2020-08-18,318,7822,8140
520,2020-08-19,406,8058,8464
520,2020-08-20,383,7237,7620
520,2020-08-21,298,7162,7460
520,2020-08-22,240,5782,6022
520,2020-08-23,136,4134,4270
520,2020-08-24,534,7232,7766
520,2020-08-25,533,7649,8182
520,2020-08-26,619,7759,8378
520,2020-08-27,513,7838,8351
520,2020-08-28,551,8345,8896
520,2020-08-29,309,6650,6959
520,2020-08-30,121,4535,4656
520,2020-08-31,614,8154,8768
520,2020-09-01,564,9194,9758
520,2020-09-02,665,8877,9542
520,2020-09-03,625,8658,9283
520,2020-09-04,618,8928,9546
520,2020-09-05,289,6686,6975
520,2020-09-06,122,4793,4915
520,2020-09-07,551,8255,8806
520,2020-09-08,526,8777,9303
520,2020-09-09,549,8395,8944
520,2020-09-10,509,8789,9298
520,2020-09-11,548,9081,9629
520,2020-09-12,314,6808,7122
520,2020-09-13,56,4861,4917
520,2020-09-14,419,8159,8578
520,2020-09-15,433,8345,8778
520,2020-09-16,438,7945,8383
520,2020-09-17,474,8450,8924
520,2020-09-18,561,11111,11672
520,2020-09-19,286,8283,8569
520,2020-09-20,57,4972,5029
520,2020-09-21,463,8322,8785
520,2020-09-22,510,9292,9802
520,2020-09-23,622,9654,10276
520,2020-09-24,571,8907,9478
520,2020-09-25,515,9417,9932
520,2020-09-26,188,6810,6998
520,2020-09-27,51,4372,4423
520,2020-09-28,550,8481,9031
520,2020-09-29,488,8114,8602
520,2020-09-30,465,8603,9068
520,2020-10-01,482,11232,11714
520,2020-10-02,661,11615,12276
520,2020-10-03,186,7662,7848
520,2020-10-04,46,5061,5107
520,2020-10-05,472,8996,9468
520,2020-10-06,474,9284,9758
520,2020-10-07,452,9061,9513
520,2020-10-08,542,9164,9706
520,2020-10-09,442,9686,10128
520,2020-10-10,184,7409,7593
520,2020-10-11,45,5160,5205
520,2020-10-12,483,9190,9673
520,2020-10-13,474,9552,10026
520,2020-10-14,650,9377,10027
520,2020-10-15,490,9448,9938
520,2020-10-16,524,9929,10453
520,2020-10-17,191,7402,7593
520,2020-10-18,35,4918,4953
520,2020-10-19,500,9132,9632
520,2020-10-20,482,9289,9771
520,2020-10-21,567,10685,11252
520,2020-10-22,608,9993,10601
520,2020-10-23,466,9284,9750
520,2020-10-24,180,7005,7185
520,2020-10-25,40,4165,4205
520,2020-10-26,468,8894,9362
520,2020-10-27,463,8978,9441
520,2020-10-28,509,9205,9714
520,2020-10-29,456,9414,9870
520,2020-10-30,441,9722,10163
520,2020-11-01,28,3685,3713
520,2020-11-02,424,7994,8418
520,2020-11-03,589,8291,8880
520,2020-11-04,442,8626,9068
520,2020-11-05,397,8539,8936
520,2020-11-06,425,8973,9398
520,2020-11-07,206,6803,7009
520,2020-11-08,48,4450,4498
520,2020-11-09,500,8687,9187
520,2020-11-10,551,10555,11106
520,2020-11-11,605,9732,10337
520,2020-11-12,465,8800,9265
520,2020-11-13,489,9510,9999
520,2020-11-14,230,7228,7458
520,2020-11-15,108,9539,9647
520,2020-11-16,711,8044,8755
520,2020-11-17,515,8671,9186
520,2020-11-18,446,8662,9108
520,2020-11-19,483,8968,9451
520,2020-11-20,460,9513,9973
520,2020-11-21,482,17456,17938
520,2020-11-22,98,8956,9054
520,2020-11-23,456,8560,9016
520,2020-11-24,451,8746,9197
520,2020-11-25,411,8745,9156
520,2020-11-26,437,8538,8975
520,2020-11-27,516,9199,9715
520,2020-11-28,294,6573,6867
520,2020-11-29,114,3873,3987
520,2020-11-30,591,8199,8790
520,2020-12-01,530,8196,8726
520,2020-12-02,482,8191,8673
520,2020-12-03,580,8451,9031
520,2020-12-04,497,8909,9406
520,2020-12-05,201,6517,6718
520,2020-12-06,34,3777,3811
520,2020-12-07,449,8209,8658
520,2020-12-08,495,8192,8687
520,2020-12-09,544,8401,8945
520,2020-12-10,509,8462,8971
520,2020-12-11,505,9543,10048
520,2020-12-12,163,6431,6594
520,2020-12-13,46,3772,3818
520,2020-12-14,461,8277,8738
520,2020-12-15,587,8496,9083
520,2020-12-16,418,8406,8824
520,2020-12-17,384,8431,8815
520,2020-12-18,404,8967,9371
520,2020-12-19,128,6108,6236
520,2020-12-20,62,3626,3688
520,2020-12-21,231,7127,7358
520,2020-12-22,217,7609,7826
520,2020-12-23,227,7399,7626
520,2020-12-24,167,6176,6343
520,2020-12-25,35,2545,2580
520,2020-12-26,45,2555,2600
520,2020-12-27,67,2995,3062
520,2020-12-28,199,5088,5287
520,2020-12-29,190,5512,5702
520,2020-12-30,192,5932,6124
520,2020-12-31,159,4833,4992
525,2020-01-01,4,1328,1332
525,2020-01-02,103,2511,2614
525,2020-01-03,76,2691,2767
525,2020-01-04,63,2461,2524
525,2020-01-05,7,1816,1823
525,2020-01-06,104,3053,3157
525,2020-01-07,130,3275,3405
525,2020-01-08,115,3105,3220
525,2020-01-09,101,3231,3332
525,2020-01-10,125,3667,3792
525,2020-01-11,85,3106,3191
525,2020-01-12,5,2044,2049
525,2020-01-13,162,3318,3480
525,2020-01-14,183,3572,3755
525,2020-01-15,163,3392,3555
525,2020-01-16,194,3403,3597
525,2020-01-17,157,3587,3744
525,2020-01-18,81,3209,3290
525,2020-01-19,10,1976,1986
525,2020-01-20,172,3336,3508
525,2020-01-21,185,3533,3718
525,2020-01-22,212,3312,3524
525,2020-01-23,250,3424,3674
525,2020-01-24,218,3837,4055
525,2020-01-25,86,3112,3198
525,2020-01-26,9,2237,2246
525,2020-01-27,146,3325,3471
525,2020-01-28,142,3222,3364
525,2020-01-29,225,3498,3723
525,2020-01-30,205,3561,3766
525,2020-01-31,147,3798,3945
525,2020-02-01,62,3212,3274
525,2020-02-02,6,1973,1979
525,2020-02-03,171,3747,3918
525,2020-02-04,241,3453,3694
525,2020-02-05,228,3455,3683
525,2020-02-06,213,3514,3727
525,2020-02-07,217,3932,4149
525,2020-02-08,95,3187,3282
525,2020-02-09,9,1686,1695
525,2020-02-10,142,2854,2996
525,2020-02-11,194,3208,3402
525,2020-02-12,197,3479,3676
525,2020-02-13,207,3780,3987
525,2020-02-14,221,4083,4304
525,2020-02-15,87,2948,3035
525,2020-02-16,4,1840,1844
525,2020-02-17,181,3096,3277
525,2020-02-18,173,3217,3390
525,2020-02-19,185,3199,3384
525,2020-02-20,188,3192,3380
525,2020-02-21,207,3591,3798
525,2020-02-22,94,2893,2987
525,2020-02-23,17,1883,1900
525,2020-02-24,173,3094,3267
525,2020-02-25,186,3583,3769
525,2020-02-26,171,3451,3622
525,2020-02-27,162,3101,3263
525,2020-02-28,158,3749,3907
525,2020-02-29,92,3483,3575
525,2020-03-01,12,1998,2010
525,2020-03-02,172,3434,3606
525,2020-03-03,200,3681,3881
525,2020-03-04,259,3517,3776
525,2020-03-05,176,3635,3811
525,2020-03-06,211,3952,4163
525,2020-03-07,75,3432,3507
525,2020-03-08,4,2203,2207
525,2020-03-09,202,3528,3730
525,2020-03-10,171,3626,3797
525,2020-03-11,178,3587,3765
525,2020-03-12,194,3667,3861
525,2020-03-13,198,3758,3956
525,2020-03-14,85,2509,2594
525,2020-03-15,13,1848,1861
525,2020-03-16,183,2701,2884
525,2020-03-17,248,2454,2702
525,2020-03-18,197,2190,2387
525,2020-03-19,157,1806,1963
525,2020-03-20,130,1687,1817
525,2020-03-21,64,880,944
525,2020-03-22,4,505,509
525,2020-03-23,83,1338,1421
525,2020-03-24,104,1218,1322
525,2020-03-25,101,1348,1449
525,2020-03-26,93,1343,1436
525,2020-03-27,90,1446,1536
525,2020-03-28,62,1040,1102
525,2020-03-30,94,1280,1374
525,2020-03-31,108,1280,1388
525,2020-04-01,106,1374,1480
525,2020-04-02,104,1455,1559
525,2020-04-03,97,1517,1614
525,2020-04-04,56,1081,1137
525,2020-04-05,5,520,525
525,2020-04-06,93,1398,1491
525,2020-04-07,130,1368,1498
525,2020-04-08,116,1593,1709
525,2020-04-09,98,1628,1726
525,2020-04-10,103,1739,1842
525,2020-04-11,65,1277,1342
525,2020-04-12,5,553,558
525,2020-04-13,7,508,515
525,2020-04-14,125,1675,1800
525,2020-04-15,97,1687,1784
525,2020-04-16,106,1679,1785
525,2020-04-17,82,1918,2000
525,2020-04-18,65,1459,1524
525,2020-04-19,4,743,747
525,2020-04-20,155,2105,2260
525,2020-04-21,191,2145,2336
525,2020-04-22,182,2172,2354
525,2020-04-23,210,2255,2465
525,2020-04-24,213,2532,2745
525,2020-04-25,91,2078,2169
525,2020-04-26,10,1261,1271
525,2020-04-27,231,2498,2729
525,2020-04-28,181,2417,2598
525,2020-04-29,207,2599,2806
525,2020-04-30,157,2729,2886
525,2020-05-01,9,910,919
525,2020-05-02,80,2033,2113
525,2020-05-03,6,1170,1176
525,2020-05-04,180,2500,2680
525,2020-05-05,187,2697,2884
525,2020-05-06,181,2789,2970
525,2020-05-07,172,2766,2938
525,2020-05-08,199,3108,3307
525,2020-05-09,18,1369,1387
525,2020-05-10,9,1194,1203
525,2020-05-11,111,1866,1977
525,2020-05-12,111,1131,1242
525,2020-05-13,111,973,1084
525,2020-05-14,118,1466,1584
525,2020-05-15,152,1092,1244
525,2020-05-16,22,934,956
525,2020-05-17,57,948,1005
525,2020-05-18,164,2610,2774
525,2020-05-19,204,3023,3227
525,2020-05-20,197,3275,3472
525,2020-05-21,29,2216,2245
525,2020-05-22,173,3227,3400
525,2020-05-23,98,2596,2694
525,2020-05-24,12,1936,1948
525,2020-05-25,205,3025,3230
525,2020-05-26,202,3066,3268
525,2020-05-27,250,3320,3570
525,2020-05-28,225,3468,3693
525,2020-05-29,229,3716,3945
525,2020-05-30,101,3214,3315
525,2020-05-31,11,2483,2494
525,2020-06-01,17,2337,2354
525,2020-06-02,299,4066,4365
525,2020-06-03,253,3861,4114
525,2020-06-04,190,3383,3573
525,2020-06-05,169,3593,3762
525,2020-06-06,111,2950,3061
525,2020-06-07,6,2121,2127
525,2020-06-08,198,3248,3446
525,2020-06-09,223,3366,3589
525,2020-06-10,247,3440,3687
525,2020-06-11,182,3546,3728
525,2020-06-12,222,3932,4154
525,2020-06-13,95,3226,3321
525,2020-06-14,19,2273,2292
525,2020-06-15,205,3259,3464
525,2020-06-16,229,3508,3737
525,2020-06-17,195,3419,3614
525,2020-06-18,202,3613,3815
525,2020-06-19,225,3821,4046
525,2020-06-20,97,3284,3381
525,2020-06-21,12,2623,2635
525,2020-06-22,209,3485,3694
525,2020-06-23,37,2399,2436
525,2020-06-24,249,3764,4013
525,2020-06-25,259,3815,4074
525,2020-06-26,261,3986,4247
525,2020-06-27,90,3312,3402
525,2020-06-28,25,2341,2366
525,2020-06-29,208,3754,3962
525,2020-06-30,287,3857,4144
525,2020-07-01,233,3798,4031
525,2020-07-02,236,3902,4138
525,2020-07-03,229,4170,4399
525,2020-07-04,108,3477,3585
525,2020-07-05,11,2356,2367
525,2020-07-06,239,3731,3970
525,2020-07-07,291,3937,4228
525,2020-07-08,264,4026,4290
525,2020-07-09,301,4091,4392
525,2020-07-10,289,4196,4485
525,2020-07-11,88,3763,3851
525,2020-07-12,18,2955,2973
525,2020-07-13,284,4063,4347
525,2020-07-14,301,4160,4461
525,2020-07-15,303,4041,4344
525,2020-07-16,218,3997,4215
525,2020-07-17,228,4271,4499
525,2020-07-18,99,3690,3789
525,2020-07-19,12,2888,2900
525,2020-07-20,215,4078,4293
525,2020-07-21,218,4213,4431
525,2020-07-22,230,4094,4324
525,2020-07-23,304,4242,4546
525,2020-07-24,259,4489,4748
525,2020-07-25,123,3738,3861
525,2020-07-26,26,2557,2583
525,2020-07-27,271,4094,4365
525,2020-07-28,228,4263,4491
525,2020-07-29,197,4250,4447
525,2020-07-30,189,4249,4438
525,2020-07-31,156,4213,4369
525,2020-08-01,93,3436,3529
525,2020-08-02,28,2715,2743
525,2020-08-03,123,3532,3655
525,2020-08-04,129,3713,3842
525,2020-08-05,136,3683,3819
525,2020-08-06,144,3569,3713
525,2020-08-07,118,3657,3775
525,2020-08-08,66,3125,3191
525,2020-08-09,29,2406,2435
525,2020-08-10,122,3262,3384
525,2020-08-11,114,3432,3546
525,2020-08-12,142,3346,3488
525,2020-08-13,138,3411,3549
525,2020-08-25,181,3615,3796
525,2020-08-26,241,3420,3661
525,2020-08-27,211,3616,3827
525,2020-08-28,223,3738,3961
525,2020-08-29,106,3019,3125
525,2020-09-18,224,4227,4451
525,2020-09-19,83,3628,3711
525,2020-09-20,19,3055,3074
525,2020-09-21,200,3733,3933
525,2020-09-22,217,3995,4212
525,2020-09-23,228,3875,4103
525,2020-09-24,203,3938,4141
525,2020-09-25,201,4011,4212
525,2020-09-26,94,3293,3387
525,2020-09-27,22,2121,2143
525,2020-09-28,228,3576,3804
525,2020-09-29,212,3779,3991
525,2020-09-30,239,3786,4025
525,2020-10-01,256,4009,4265
525,2020-10-02,212,4186,4398
525,2020-10-03,79,3284,3363
525,2020-10-04,16,2252,2268
525,2020-10-05,200,3552,3752
525,2020-10-06,205,3824,4029
525,2020-10-07,209,3709,3918
525,2020-10-08,213,3705,3918
525,2020-10-09,182,3892,4074
525,2020-10-10,86,3421,3507
525,2020-10-11,17,2289,2306
525,2020-10-12,207,3682,3889
525,2020-10-13,294,3754,4048
525,2020-10-14,297,3712,4009
525,2020-10-15,228,3865,4093
525,2020-10-16,253,4002,4255
525,2020-10-17,96,3338,3434
525,2020-10-18,23,2412,2435
525,2020-10-19,247,3524,3771
525,2020-10-20,281,3698,3979
525,2020-10-21,227,3753,3980
525,2020-10-22,206,3715,3921
525,2020-10-23,245,3740,3985
525,2020-10-24,83,2990,3073
525,2020-10-25,16,1859,1875
525,2020-10-26,278,3359,3637
525,2020-10-27,301,3467,3768
525,2020-10-28,184,3526,3710
525,2020-10-30,240,3674,3914
525,2020-11-01,16,1514,1530
525,2020-11-02,186,3184,3370
525,2020-11-03,266,3410,3676
525,2020-11-04,291,3408,3699
525,2020-11-05,203,3422,3625
525,2020-11-06,216,3631,3847
525,2020-11-07,82,3163,3245
525,2020-11-08,21,1857,1878
525,2020-11-09,217,3216,3433
525,2020-11-10,271,3477,3748
525,2020-11-11,276,3406,3682
525,2020-11-12,211,3522,3733
525,2020-11-13,223,3667,3890
525,2020-11-14,80,3161,3241
525,2020-11-15,18,1970,1988
525,2020-11-16,168,3166,3334
525,2020-11-17,229,3387,3616
525,2020-11-18,222,3422,3644
525,2020-11-19,177,3428,3605
525,2020-11-20,189,3679,3868
525,2020-11-21,85,3112,3197
525,2020-11-22,20,1835,1855
525,2020-11-23,161,3123,3284
525,2020-11-24,194,3366,3560
525,2020-11-25,207,3356,3563
525,2020-11-26,187,3264,3451
525,2020-11-27,178,3457,3635
525,2020-11-28,83,2822,2905
525,2020-11-29,13,1693,1706
525,2020-11-30,205,3289,3494
525,2020-12-02,258,3314,3572
525,2020-12-03,231,3396,3627
525,2020-12-04,219,3591,3810
525,2020-12-05,93,2859,2952
525,2020-12-06,15,1648,1663
525,2020-12-07,193,3256,3449
525,2020-12-08,290,3170,3460
525,2020-12-09,262,3210,3472
525,2020-12-10,231,3161,3392
525,2020-12-11,155,3466,3621
525,2020-12-12,72,2622,2694
525,2020-12-13,7,1640,1647
525,2020-12-14,243,3281,3524
525,2020-12-15,123,2100,2223
525,2020-12-16,202,2067,2269
525,2020-12-17,222,3375,3597
525,2020-12-18,210,3568,3778
525,2020-12-19,70,2656,2726
525,2020-12-20,8,1680,1688
525,2020-12-21,90,3056,3146
525,2020-12-22,93,3213,3306
525,2020-12-23,90,3172,3262
525,2020-12-24,66,2543,2609
525,2020-12-25,15,1111,1126
525,2020-12-26,24,1169,1193
525,2020-12-27,4,415,419
525,2020-12-28,90,2062,2152
525,2020-12-29,76,2274,2350
525,2020-12-30,72,2327,2399
525,2020-12-31,55,1780,1835
602,2020-01-01,49,2507,2556
602,2020-01-02,500,7370,7870
602,2020-01-03,601,8208,8809
602,2020-01-04,283,6507,6790
602,2020-01-05,62,6449,6511
602,2020-01-06,797,8595,9392
602,2020-01-07,853,8609,9462
602,2020-01-08,902,8312,9214
602,2020-01-09,871,8982,9853
602,2020-01-10,887,9428,10315
602,2020-01-11,343,6336,6679
602,2020-01-12,72,6365,6437
602,2020-01-13,986,8782,9768
602,2020-01-14,1014,8972,9986
602,2020-01-15,1032,8722,9754
602,2020-01-16,1099,9251,10350
602,2020-01-17,1012,9882,10894
602,2020-01-18,339,6405,6744
602,2020-01-19,104,6286,6390
602,2020-01-20,1051,9297,10348
602,2020-01-21,1088,8952,10040
602,2020-01-22,1138,8636,9774
602,2020-01-23,1124,8971,10095
602,2020-01-24,1105,9840,10945
602,2020-01-25,289,6602,6891
602,2020-01-26,63,6411,6474
602,2020-01-27,945,9015,9960
602,2020-01-28,1029,8682,9711
602,2020-01-29,1025,8834,9859
602,2020-01-30,984,9297,10281
602,2020-01-31,957,9936,10893
602,2020-02-01,293,6792,7085
602,2020-02-02,61,6712,6773
602,2020-02-03,994,8990,9984
602,2020-02-04,1009,8789,9798
602,2020-02-05,1093,8906,9999
602,2020-02-06,1138,9436,10574
602,2020-02-07,1162,10144,11306
602,2020-02-08,312,6723,7035
602,2020-02-09,66,4876,4942
602,2020-02-10,962,8788,9750
602,2020-02-11,1139,9182,10321
602,2020-02-12,1020,8962,9982
602,2020-02-13,880,7930,8810
602,2020-02-14,1028,10575,11603
602,2020-02-15,334,6534,6868
602,2020-02-16,65,6275,6340
602,2020-02-17,999,9069,10068
602,2020-02-18,1128,9141,10269
602,2020-02-19,1133,9237,10370
602,2020-02-20,1083,8911,9994
602,2020-02-21,1008,9694,10702
602,2020-02-22,299,6349,6648
602,2020-02-23,75,5741,5816
602,2020-02-24,695,7276,7971
602,2020-02-25,959,8119,9078
602,2020-02-26,991,7932,8923
602,2020-02-27,762,6873,7635
602,2020-02-28,872,9553,10425
602,2020-02-29,313,6463,6776
602,2020-03-01,76,6701,6777
602,2020-03-02,947,9084,10031
602,2020-03-03,1038,9066,10104
602,2020-03-04,1036,8769,9805
602,2020-03-05,1042,9418,10460
602,2020-03-06,1091,9815,10906
602,2020-03-07,349,6967,7316
602,2020-03-08,76,6752,6828
602,2020-03-09,1041,8882,9923
602,2020-03-10,1007,9054,10061
602,2020-03-11,995,8905,9900
602,2020-03-12,1073,9596,10669
602,2020-03-13,1113,10734,11847
602,2020-03-14,396,6349,6745
602,2020-03-15,106,5497,5603
602,2020-03-16,1123,7879,9002
602,2020-03-17,1198,7235,8433
602,2020-03-18,1078,6474,7552
602,2020-03-19,913,4963,5876
602,2020-03-20,820,4636,5456
602,2020-03-21,259,2100,2359
602,2020-03-22,53,1317,1370
602,2020-03-23,648,3607,4255
602,2020-03-24,701,3494,4195
602,2020-03-25,666,3374,4040
602,2020-03-26,702,3548,4250
602,2020-03-27,639,3898,4537
602,2020-03-28,239,2149,2388
602,2020-03-30,628,3715,4343
602,2020-03-31,670,3579,4249
602,2020-04-01,587,3466,4053
602,2020-04-02,629,3706,4335
602,2020-04-03,645,4007,4652
602,2020-04-04,221,2234,2455
602,2020-04-05,63,1373,1436
602,2020-04-06,577,3649,4226
602,2020-04-07,621,3811,4432
602,2020-04-08,641,3739,4380
602,2020-04-09,600,3919,4519
602,2020-04-10,571,4277,4848
602,2020-04-11,205,2766,2971
602,2020-04-12,36,1159,1195
602,2020-04-13,72,1037,1109
602,2020-04-14,614,4269,4883
602,2020-04-15,700,3790,4490
602,2020-04-16,667,4149,4816
602,2020-04-17,666,4538,5204
602,2020-04-18,266,2725,2991
602,2020-04-19,48,1546,1594
602,2020-04-20,926,5448,6374
602,2020-04-21,982,5546,6528
602,2020-04-22,1070,5416,6486
602,2020-04-23,1055,5636,6691
602,2020-04-24,1031,6099,7130
602,2020-04-25,365,3245,3610
602,2020-04-26,46,2082,2128
602,2020-04-27,1060,5761,6821
602,2020-04-28,1036,5828,6864
602,2020-04-29,997,6148,7145
602,2020-04-30,1071,6725,7796
602,2020-05-01,176,2065,2241
602,2020-05-02,256,3650,3906
602,2020-05-03,60,2050,2110
602,2020-05-04,1088,6200,7288
602,2020-05-05,986,6407,7393
602,2020-05-06,1089,6404,7493
602,2020-05-07,1154,6556,7710
602,2020-05-08,1035,6903,7938
602,2020-05-09,146,3418,3564
602,2020-05-10,63,2555,2618
602,2020-05-11,1084,7634,8718
602,2020-05-12,1149,7574,8723
602,2020-05-13,1095,7397,8492
602,2020-05-14,1114,7710,8824
602,2020-05-15,1077,7882,8959
602,2020-05-16,336,5229,5565
602,2020-05-17,80,4208,4288
602,2020-05-18,1131,7405,8536
602,2020-05-19,1118,7833,8951
602,2020-05-20,1159,8471,9630
602,2020-05-21,162,4036,4198
602,2020-05-22,674,6417,7091
602,2020-05-23,319,5251,5570
602,2020-05-24,104,4307,4411
602,2020-05-25,1134,7665,8799
602,2020-05-26,1177,7917,9094
602,2020-05-27,1098,8067,9165
602,2020-05-28,1086,8514,9600
602,2020-05-29,1178,9194,10372
602,2020-05-30,386,6632,7018
602,2020-05-31,70,6196,6266
602,2020-06-01,147,6246,6393
602,2020-06-02,1090,9386,10476
602,2020-06-03,1131,8761,9892
602,2020-06-04,1085,9032,10117
602,2020-06-05,1079,9342,10421
602,2020-06-06,341,6180,6521
602,2020-06-07,78,5994,6072
602,2020-06-08,1107,8591,9698
602,2020-06-09,1155,8790,9945
602,2020-06-10,1125,8917,10042
602,2020-06-11,1152,9984,11136
602,2020-06-12,1168,9897,11065
602,2020-06-13,339,7220,7559
602,2020-06-14,155,6720,6875
602,2020-06-15,1205,9081,10286
602,2020-06-16,1243,9318,10561
602,2020-06-17,1180,9234,10414
602,2020-06-18,1151,9727,10878
602,2020-06-19,1173,10341,11514
602,2020-06-20,370,7219,7589
602,2020-06-21,149,7966,8115
602,2020-06-22,969,8782,9751
602,2020-06-23,446,6302,6748
602,2020-06-24,1289,9617,10906
602,2020-06-25,1289,10064,11353
602,2020-06-26,1188,10566,11754
602,2020-06-27,420,7926,8346
602,2020-06-28,173,8086,8259
602,2020-06-29,1217,10028,11245
602,2020-06-30,1335,9984,11319
602,2020-07-01,1233,9419,10652
602,2020-07-02,1231,9664,10895
602,2020-07-03,1151,10554,11705
602,2020-07-04,454,8066,8520
602,2020-07-05,195,8187,8382
602,2020-07-06,1184,9602,10786
602,2020-07-07,1200,9559,10759
602,2020-07-08,1185,9504,10689
602,2020-07-09,1131,9925,11056
602,2020-07-10,1151,10951,12102
602,2020-07-11,451,8087,8538
602,2020-07-12,191,8497,8688
602,2020-07-13,1124,10034,11158
602,2020-07-14,1110,9739,10849
602,2020-07-15,1208,9706,10914
602,2020-07-16,1176,10340,11516
602,2020-07-17,1292,10997,12289
602,2020-07-18,557,8488,9045
602,2020-07-19,252,8128,8380
602,2020-07-20,1115,10211,11326
602,2020-07-21,958,10221,11179
602,2020-07-22,1235,10055,11290
602,2020-07-23,1219,10352,11571
602,2020-07-24,1184,10893,12077
602,2020-07-25,620,8432,9052
602,2020-07-26,283,7984,8267
602,2020-07-27,1133,9866,10999
602,2020-07-28,1166,9849,11015
602,2020-07-29,1303,9987,11290
602,2020-07-30,1105,10736,11841
602,2020-07-31,938,10993,11931
602,2020-08-01,474,8856,9330
602,2020-08-02,237,8287,8524
602,2020-08-03,853,8914,9767
602,2020-08-04,838,8709,9547
602,2020-08-05,888,8825,9713
602,2020-08-06,495,7067,7562
602,2020-08-07,884,9839,10723
602,2020-08-08,489,8317,8806
602,2020-08-09,297,7763,8060
602,2020-08-10,853,8758,9611
602,2020-08-11,788,8519,9307
602,2020-08-12,923,8657,9580
602,2020-08-13,895,8541,9436
602,2020-08-14,865,9465,10330
602,2020-08-15,271,8329,8600
602,2020-08-16,223,8609,8832
602,2020-08-17,778,8622,9400
602,2020-08-18,870,8358,9228
602,2020-08-19,892,8521,9413
602,2020-08-20,878,8927,9805
602,2020-08-21,909,9752,10661
602,2020-08-22,377,7995,8372
602,2020-08-23,196,8127,8323
602,2020-08-24,1107,9343,10450
602,2020-08-25,1180,9372,10552
602,2020-08-26,1193,9080,10273
602,2020-08-27,1234,9840,11074
602,2020-08-28,1201,10871,12072
602,2020-08-29,413,7607,8020
602,2020-08-30,151,7220,7371
602,2020-08-31,1210,9490,10700
602,2020-09-01,854,7921,8775
602,2020-09-02,850,7973,8823
602,2020-09-03,785,8322,9107
602,2020-09-04,795,9012,9807
602,2020-09-05,289,6238,6527
602,2020-09-06,146,6957,7103
602,2020-09-07,1280,9453,10733
602,2020-09-08,1356,9863,11219
602,2020-09-09,1342,9847,11189
602,2020-09-10,1395,10544,11939
602,2020-09-11,1290,11288,12578
602,2020-09-12,479,8238,8717
602,2020-09-13,231,8716,8947
602,2020-09-14,1193,10008,11201
602,2020-09-15,1309,9848,11157
602,2020-09-16,1408,9688,11096
602,2020-09-17,1348,10150,11498
602,2020-09-18,1278,10987,12265
602,2020-09-19,449,7818,8267
602,2020-09-20,252,8193,8445
602,2020-09-21,1190,9452,10642
602,2020-09-22,1177,9544,10721
602,2020-09-23,1233,9243,10476
602,2020-09-24,1182,9498,10680
602,2020-09-25,1174,10459,11633
602,2020-09-26,439,7109,7548
602,2020-09-27,114,6799,6913
602,2020-09-28,1067,8707,9774
602,2020-09-29,1147,9312,10459
602,2020-09-30,1096,9012,10108
602,2020-10-01,1155,9718,10873
602,2020-10-02,1144,10216,11360
602,2020-10-03,377,7288,7665
602,2020-10-04,114,6535,6649
602,2020-10-05,1123,8678,9801
602,2020-10-06,1128,8946,10074
602,2020-10-07,1181,8842,10023
602,2020-10-08,1121,9233,10354
602,2020-10-09,1131,10072,11203
602,2020-10-10,389,6934,7323
602,2020-10-11,106,6185,6291
602,2020-10-12,1116,8893,10009
602,2020-10-13,1190,8861,10051
602,2020-10-14,1188,8827,10015
602,2020-10-15,1204,9439,10643
602,2020-10-16,1205,9888,11093
602,2020-10-17,424,6938,7362
602,2020-10-18,163,6236,6399
602,2020-10-19,1149,8858,10007
602,2020-10-20,1219,8772,9991
602,2020-10-21,1272,8568,9840
602,2020-10-22,1246,9010,10256
602,2020-10-23,1130,9692,10822
602,2020-10-24,400,6802,7202
602,2020-10-25,96,5568,5664
602,2020-10-26,1168,8279,9447
602,2020-10-27,1132,8416,9548
602,2020-10-28,1177,8296,9473
602,2020-10-29,1152,8654,9806
602,2020-10-30,1112,9213,10325
602,2020-11-01,78,5428,5506
602,2020-11-02,958,7930,8888
602,2020-11-03,1190,8330,9520
602,2020-11-04,1160,8364,9524
602,2020-11-05,1182,8634,9816
602,2020-11-06,1125,9114,10239
602,2020-11-07,429,6866,7295
602,2020-11-08,110,6203,6313
602,2020-11-09,1098,8507,9605
602,2020-11-10,1187,8589,9776
602,2020-11-11,928,8841,9769
602,2020-11-12,1146,9097,10243
602,2020-11-13,1112,9327,10439
602,2020-11-14,330,6921,7251
602,2020-11-15,97,5972,6069
602,2020-11-16,1063,8371,9434
602,2020-11-17,1250,8741,9991
602,2020-11-18,1214,8699,9913
602,2020-11-19,1166,9020,10186
602,2020-11-20,1199,9870,11069
602,2020-11-21,372,6829,7201
602,2020-11-22,80,5905,5985
602,2020-11-23,1223,8673,9896
602,2020-11-24,1338,8977,10315
602,2020-11-25,1232,8622,9854
602,2020-11-26,1123,8917,10040
602,2020-11-27,1159,9343,10502
602,2020-11-28,386,6230,6616
602,2020-11-29,96,5601,5697
602,2020-11-30,1188,8326,9514
602,2020-12-01,1187,8599,9786
602,2020-12-02,1194,8274,9468
602,2020-12-03,1154,8674,9828
602,2020-12-04,1130,9167,10297
602,2020-12-05,372,6245,6617
602,2020-12-06,102,4889,4991
602,2020-12-07,1165,8288,9453
602,2020-12-08,1198,8445,9643
602,2020-12-09,1153,8108,9261
602,2020-12-10,1197,8711,9908
602,2020-12-11,995,8766,9761
602,2020-12-12,342,6275,6617
602,2020-12-13,96,5004,5100
602,2020-12-14,1229,8403,9632
602,2020-12-15,1137,8870,10007
602,2020-12-16,1169,8545,9714
602,2020-12-17,1220,9189,10409
602,2020-12-18,1135,9371,10506
602,2020-12-19,334,6372,6706
602,2020-12-20,119,4988,5107
602,2020-12-21,807,8723,9530
602,2020-12-22,761,9057,9818
602,2020-12-23,674,9041,9715
602,2020-12-24,428,6275,6703
602,2020-12-25,84,1675,1759
602,2020-12-26,127,3456,3583
602,2020-12-27,54,1748,1802
602,2020-12-28,367,4099,4466
602,2020-12-29,592,5568,6160
602,2020-12-30,557,6438,6995
602,2020-12-31,263,2990,3253
604,2020-01-01,24,1703,1727
604,2020-01-02,266,4026,4292
604,2020-01-03,257,4580,4837
604,2020-01-04,136,3725,3861
604,2020-01-05,28,3271,3299
604,2020-01-06,404,5843,6247
604,2020-01-07,430,5887,6317
604,2020-01-08,453,5634,6087
604,2020-01-09,482,5882,6364
604,2020-01-10,435,6192,6627
604,2020-01-11,161,4050,4211
604,2020-01-12,18,3276,3294
604,2020-01-13,538,5888,6426
604,2020-01-14,517,5913,6430
604,2020-01-15,565,5791,6356
604,2020-01-16,589,6154,6743
604,2020-01-17,523,6354,6877
604,2020-01-18,155,4056,4211
604,2020-01-19,33,3316,3349
604,2020-01-20,459,5779,6238
604,2020-01-21,536,6008,6544
604,2020-01-22,562,5699,6261
604,2020-01-23,535,6062,6597
604,2020-01-24,532,6264,6796
604,2020-01-25,153,4125,4278
604,2020-01-26,34,3247,3281
604,2020-01-27,551,5920,6471
604,2020-01-28,563,6065,6628
604,2020-01-29,551,5783,6334
604,2020-01-30,527,6143,6670
604,2020-01-31,513,6336,6849
604,2020-02-01,175,4501,4676
604,2020-02-02,45,3403,3448
604,2020-02-03,483,5932,6415
604,2020-02-04,604,5822,6426
604,2020-02-05,545,5928,6473
604,2020-02-06,532,6163,6695
604,2020-02-07,563,6277,6840
604,2020-02-08,169,4078,4247
604,2020-02-09,32,2979,3011
604,2020-02-10,472,5456,5928
604,2020-02-11,485,6049,6534
604,2020-02-12,578,5848,6426
604,2020-02-13,547,6194,6741
604,2020-02-14,508,6524,7032
604,2020-02-15,149,4072,4221
604,2020-02-16,30,3199,3229
604,2020-02-17,482,5746,6228
604,2020-02-18,515,5697,6212
604,2020-02-19,520,5720,6240
604,2020-02-20,544,5922,6466
604,2020-02-21,471,5799,6270
604,2020-02-22,186,3714,3900
604,2020-02-23,31,3183,3214
604,2020-02-24,388,4671,5059
604,2020-02-25,498,5381,5879
604,2020-02-26,499,5518,6017
604,2020-02-27,469,5321,5790
604,2020-02-28,476,6233,6709
604,2020-02-29,164,3993,4157
604,2020-03-01,55,3603,3658
604,2020-03-02,520,6039,6559
604,2020-03-03,569,6169,6738
604,2020-03-04,559,6020,6579
604,2020-03-05,511,6123,6634
604,2020-03-06,577,6408,6985
604,2020-03-07,162,4347,4509
604,2020-03-08,28,3506,3534
604,2020-03-09,574,5993,6567
604,2020-03-10,538,6037,6575
604,2020-03-11,596,5916,6512
604,2020-03-12,610,6349,6959
604,2020-03-13,557,6642,7199
604,2020-03-14,168,3702,3870
604,2020-03-15,48,2853,2901
604,2020-03-16,528,4934,5462
604,2020-03-17,557,4392,4949
604,2020-03-18,591,4040,4631
604,2020-03-19,541,3038,3579
604,2020-03-20,453,2945,3398
604,2020-03-21,130,1360,1490
604,2020-03-22,8,869,877
604,2020-03-23,387,2344,2731
604,2020-03-24,366,2205,2571
604,2020-03-25,383,2269,2652
604,2020-03-26,349,2244,2593
604,2020-03-27,328,2412,2740
604,2020-03-28,130,1545,1675
604,2020-03-30,385,2336,2721
604,2020-03-31,347,2240,2587
604,2020-04-01,320,2408,2728
604,2020-04-02,347,2411,2758
604,2020-04-03,335,2391,2726
604,2020-04-04,130,1659,1789
604,2020-04-05,24,987,1011
604,2020-04-06,330,2356,2686
604,2020-04-07,346,2420,2766
604,2020-04-08,379,2511,2890
604,2020-04-09,338,2631,2969
604,2020-04-10,331,2711,3042
604,2020-04-11,125,1937,2062
604,2020-04-12,20,929,949
604,2020-04-13,20,797,817
604,2020-04-14,354,2810,3164
604,2020-04-15,374,2627,3001
604,2020-04-16,382,2691,3073
604,2020-04-17,366,2859,3225
604,2020-04-18,201,1982,2183
604,2020-04-19,12,1098,1110
604,2020-04-20,424,3259,3683
604,2020-04-21,481,3316,3797
604,2020-04-22,474,3413,3887
604,2020-04-23,491,3475,3966
604,2020-04-24,474,3617,4091
604,2020-04-25,163,2455,2618
604,2020-04-26,53,1619,1672
604,2020-04-27,485,3420,3905
604,2020-04-28,502,3539,4041
604,2020-04-29,525,3736,4261
604,2020-04-30,495,3976,4471
604,2020-05-01,28,1418,1446
604,2020-05-02,162,2516,2678
604,2020-05-03,18,1584,1602
604,2020-05-04,465,3841,4306
604,2020-05-05,465,3812,4277
604,2020-05-06,505,4016,4521
604,2020-05-07,478,4147,4625
604,2020-05-08,538,4240,4778
604,2020-05-09,58,2354,2412
604,2020-05-10,42,1855,1897
604,2020-05-11,524,4701,5225
604,2020-05-12,489,4658,5147
604,2020-05-13,682,4859,5541
604,2020-05-14,690,5353,6043
604,2020-05-15,680,5446,6126
604,2020-05-16,191,3763,3954
604,2020-05-17,18,2710,2728
604,2020-05-18,512,5271,5783
604,2020-05-19,554,5552,6106
604,2020-05-20,547,5721,6268
604,2020-05-21,75,2695,2770
604,2020-05-22,389,4741,5130
604,2020-05-23,150,3312,3462
604,2020-05-24,30,2549,2579
604,2020-05-25,486,5186,5672
604,2020-05-26,686,5207,5893
604,2020-05-27,718,5043,5761
604,2020-05-28,600,5431,6031
604,2020-05-29,542,5675,6217
604,2020-05-30,219,4242,4461
604,2020-05-31,30,3306,3336
604,2020-06-01,63,3146,3209
604,2020-06-02,521,5724,6245
604,2020-06-03,659,5404,6063
604,2020-06-04,632,5521,6153
604,2020-06-05,631,5653,6284
604,2020-06-06,183,3924,4107
604,2020-06-07,28,3239,3267
604,2020-06-08,553,5381,5934
604,2020-06-09,515,5561,6076
604,2020-06-10,571,5566,6137
604,2020-06-11,579,5940,6519
604,2020-06-12,598,6329,6927
604,2020-06-13,181,4480,4661
604,2020-06-14,30,3541,3571
604,2020-06-15,524,5707,6231
604,2020-06-16,523,5764,6287
604,2020-06-17,571,5620,6191
604,2020-06-18,564,6008,6572
604,2020-06-19,566,6098,6664
604,2020-06-20,185,4423,4608
604,2020-06-21,49,3939,3988
604,2020-06-22,463,5400,5863
604,2020-06-23,169,3698,3867
604,2020-06-24,603,5820,6423
604,2020-06-25,606,6119,6725
604,2020-06-26,581,6267,6848
604,2020-06-27,185,4525,4710
604,2020-06-28,40,3865,3905
604,2020-06-29,544,5714,6258
604,2020-06-30,616,5817,6433
604,2020-07-01,572,5871,6443
604,2020-07-02,516,6126,6642
604,2020-07-03,522,6164,6686
604,2020-07-04,217,4425,4642
604,2020-07-05,31,3787,3818
604,2020-07-06,517,5771,6288
604,2020-07-07,600,5989,6589
604,2020-07-08,543,5891,6434
604,2020-07-09,531,6150,6681
604,2020-07-10,529,6189,6718
604,2020-07-11,188,4404,4592
604,2020-07-12,65,4042,4107
604,2020-07-13,542,5698,6240
604,2020-07-14,547,5610,6157
604,2020-07-15,624,5444,6068
604,2020-07-16,516,5854,6370
604,2020-07-17,520,5793,6313
604,2020-07-18,235,4473,4708
604,2020-07-19,60,3895,3955
604,2020-07-20,519,5380,5899
604,2020-07-21,413,5778,6191
604,2020-07-22,583,5616,6199
604,2020-07-23,589,5912,6501
604,2020-07-24,559,5978,6537
604,2020-07-25,202,4258,4460
604,2020-07-26,48,3782,3830
604,2020-07-27,529,5413,5942
604,2020-07-28,484,5361,5845
604,2020-07-29,534,5484,6018
604,2020-07-30,442,5872,6314
604,2020-07-31,430,5750,6180
604,2020-08-01,190,4775,4965
604,2020-08-02,54,4082,4136
604,2020-08-03,318,4730,5048
604,2020-08-04,416,4922,5338
604,2020-08-05,371,4869,5240
604,2020-08-06,431,5177,5608
604,2020-08-07,354,5277,5631
604,2020-08-08,193,4356,4549
604,2020-08-09,60,3663,3723
604,2020-08-10,361,4669,5030
604,2020-08-11,379,4668,5047
604,2020-08-12,418,4580,4998
604,2020-08-13,394,4679,5073
604,2020-08-14,375,4975,5350
604,2020-08-15,78,4110,4188
604,2020-08-16,50,3996,4046
604,2020-08-17,400,4725,5125
604,2020-08-18,434,4838,5272
604,2020-08-19,385,4763,5148
604,2020-08-20,374,5026,5400
604,2020-08-21,388,5189,5577
604,2020-08-22,177,4226,4403
604,2020-08-23,44,3486,3530
604,2020-08-24,502,5193,5695
604,2020-08-25,502,5430,5932
604,2020-08-26,572,5154,5726
604,2020-08-27,547,5395,5942
604,2020-08-28,521,5659,6180
604,2020-08-29,183,3964,4147
604,2020-08-30,45,3526,3571
604,2020-08-31,512,5451,5963
604,2020-09-01,621,5390,6011
604,2020-09-02,585,5550,6135
604,2020-09-03,619,5724,6343
604,2020-09-04,563,5867,6430
604,2020-09-05,214,4264,4478
604,2020-09-06,45,3781,3826
604,2020-09-07,548,5589,6137
604,2020-09-08,421,4460,4881
604,2020-09-09,382,3660,4042
604,2020-09-10,440,4341,4781
604,2020-09-11,581,5895,6476
604,2020-09-12,241,4755,4996
604,2020-09-13,59,4438,4497
604,2020-09-14,644,6213,6857
604,2020-09-15,577,6461,7038
604,2020-09-16,627,6111,6738
604,2020-09-17,626,6359,6985
604,2020-09-18,673,6614,7287
604,2020-09-19,189,4574,4763
604,2020-09-20,61,3976,4037
604,2020-09-21,601,5779,6380
604,2020-09-22,651,5768,6419
604,2020-09-23,653,5622,6275
604,2020-09-24,627,6028,6655
604,2020-09-25,569,6080,6649
604,2020-09-26,164,4152,4316
604,2020-09-27,46,3486,3532
604,2020-09-28,593,5724,6317
604,2020-09-29,579,5701,6280
604,2020-09-30,618,5809,6427
604,2020-10-01,579,6119,6698
604,2020-10-02,553,6231,6784
604,2020-10-03,274,4403,4677
604,2020-10-04,29,3428,3457
604,2020-10-05,568,5604,6172
604,2020-10-06,577,5705,6282
604,2020-10-07,601,5684,6285
604,2020-10-08,593,5838,6431
604,2020-10-09,549,5956,6505
604,2020-10-10,174,4215,4389
604,2020-10-11,38,3446,3484
604,2020-10-12,581,5580,6161
604,2020-10-13,620,5676,6296
604,2020-10-14,610,5612,6222
604,2020-10-15,623,5839,6462
604,2020-10-16,609,5863,6472
604,2020-10-17,198,4120,4318
604,2020-10-18,45,3338,3383
604,2020-10-19,592,5364,5956
604,2020-10-20,604,5495,6099
604,2020-10-21,578,5538,6116
604,2020-10-22,587,5680,6267
604,2020-10-23,537,5694,6231
604,2020-10-24,168,4071,4239
604,2020-10-25,39,3090,3129
604,2020-10-26,539,5154,5693
604,2020-10-27,578,5242,5820
604,2020-10-28,595,5342,5937
604,2020-10-29,563,5605,6168
604,2020-10-30,483,5662,6145
604,2020-11-01,19,2940,2959
604,2020-11-02,442,4452,4894
604,2020-11-03,578,5158,5736
604,2020-11-04,629,5101,5730
604,2020-11-05,526,5265,5791
604,2020-11-06,583,5461,6044
604,2020-11-07,219,4118,4337
604,2020-11-08,37,3240,3277
604,2020-11-09,543,5189,5732
604,2020-11-10,582,5476,6058
604,2020-11-11,493,5363,5856
604,2020-11-12,582,5644,6226
604,2020-11-13,561,5940,6501
604,2020-11-14,168,4237,4405
604,2020-11-15,35,3258,3293
604,2020-11-16,530,5495,6025
604,2020-11-17,574,5669,6243
604,2020-11-18,533,5732,6265
604,2020-11-19,557,5698,6255
604,2020-11-20,539,6169,6708
604,2020-11-21,180,4062,4242
604,2020-11-22,32,3216,3248
604,2020-11-23,531,5775,6306
604,2020-11-24,563,5640,6203
604,2020-11-25,577,5727,6304
604,2020-11-26,539,5831,6370
604,2020-11-27,560,6048,6608
604,2020-11-28,187,4059,4246
604,2020-11-29,33,2990,3023
604,2020-11-30,610,5492,6102
604,2020-12-01,531,5436,5967
604,2020-12-02,570,5547,6117
604,2020-12-03,541,5683,6224
604,2020-12-04,653,6385,7038
604,2020-12-05,188,4136,4324
604,2020-12-06,39,2808,2847
604,2020-12-07,524,5454,5978
604,2020-12-08,595,5616,6211
604,2020-12-09,595,5689,6284
604,2020-12-10,538,5809,6347
604,2020-12-11,517,5750,6267
604,2020-12-12,162,3701,3863
604,2020-12-13,22,2806,2828
604,2020-12-14,520,5672,6192
604,2020-12-15,559,5655,6214
604,2020-12-16,591,5774,6365
604,2020-12-17,569,5895,6464
604,2020-12-18,520,6142,6662
604,2020-12-19,159,3843,4002
604,2020-12-20,32,2841,2873
604,2020-12-21,330,5083,5413
604,2020-12-22,380,5287,5667
604,2020-12-23,341,5650,5991
604,2020-12-24,223,4005,4228
604,2020-12-25,12,1254,1266
604,2020-12-26,37,2205,2242
604,2020-12-27,36,1557,1593
604,2020-12-28,305,3391,3696
604,2020-12-29,288,3542,3830
604,2020-12-30,278,3966,4244
604,2020-12-31,214,2978,3192
605,2020-01-24,336,3549,3885
605,2020-01-25,54,1965,2019
605,2020-01-26,13,1399,1412
605,2020-01-27,331,3373,3704
605,2020-01-28,316,3456,3772
605,2020-01-29,363,3494,3857
605,2020-01-30,399,3499,3898
605,2020-01-31,348,3613,3961
605,2020-02-01,60,2034,2094
605,2020-02-02,10,1409,1419
605,2020-02-03,368,3438,3806
605,2020-02-04,393,3449,3842
605,2020-02-05,372,3572,3944
605,2020-02-06,459,3578,4037
605,2020-02-07,367,3714,4081
605,2020-02-08,66,2108,2174
605,2020-02-09,32,1446,1478
605,2020-02-10,356,3102,3458
605,2020-02-11,339,3629,3968
605,2020-02-12,431,3527,3958
605,2020-02-13,381,3312,3693
605,2020-02-14,343,3602,3945
605,2020-02-15,45,2147,2192
605,2020-02-16,18,1466,1484
605,2020-02-17,356,3151,3507
605,2020-02-18,352,3336,3688
605,2020-02-19,364,3316,3680
605,2020-02-20,363,3397,3760
605,2020-02-21,357,3595,3952
605,2020-02-22,78,2175,2253
605,2020-02-23,37,1424,1461
605,2020-02-24,252,2808,3060
605,2020-02-25,465,3508,3973
605,2020-02-26,525,3399,3924
605,2020-02-27,286,2850,3136
605,2020-02-28,312,3727,4039
605,2020-02-29,73,2060,2133
605,2020-03-01,10,1378,1388
605,2020-03-02,399,3360,3759
605,2020-03-03,490,3550,4040
605,2020-03-04,531,3558,4089
605,2020-03-05,465,3625,4090
605,2020-03-06,424,3827,4251
605,2020-03-07,60,2286,2346
605,2020-03-08,25,1522,1547
605,2020-03-09,402,3407,3809
605,2020-03-10,375,3708,4083
605,2020-03-11,402,3482,3884
605,2020-03-12,421,3684,4105
605,2020-03-13,401,3539,3940
605,2020-03-14,75,1784,1859
605,2020-03-15,12,1243,1255
605,2020-03-16,409,2722,3131
605,2020-03-17,451,2498,2949
605,2020-03-18,437,2194,2631
605,2020-03-19,349,1669,2018
605,2020-03-20,269,1469,1738
605,2020-03-21,30,611,641
605,2020-03-22,10,415,425
605,2020-03-23,220,1019,1239
605,2020-03-24,240,1087,1327
605,2020-03-25,225,1053,1278
605,2020-03-26,222,1014,1236
605,2020-03-27,171,1142,1313
605,2020-03-28,33,672,705
605,2020-03-30,255,1103,1358
605,2020-03-31,187,1059,1246
605,2020-04-01,192,1081,1273
605,2020-04-02,169,1038,1207
605,2020-04-03,203,1137,1340
605,2020-04-04,58,676,734
605,2020-04-05,3,391,394
605,2020-04-06,200,1146,1346
605,2020-04-07,173,1160,1333
605,2020-04-08,193,1149,1342
605,2020-04-09,185,1209,1394
605,2020-04-10,149,1291,1440
605,2020-04-11,62,804,866
605,2020-04-12,5,431,436
605,2020-04-13,17,415,432
605,2020-04-14,200,1381,1581
605,2020-04-15,225,1387,1612
605,2020-04-16,251,1498,1749
605,2020-04-17,234,1611,1845
605,2020-04-18,58,845,903
605,2020-04-19,9,482,491
605,2020-04-20,290,1746,2036
605,2020-04-21,326,1894,2220
605,2020-04-22,337,1837,2174
605,2020-04-23,326,1974,2300
605,2020-04-24,352,1972,2324
605,2020-04-25,89,1214,1303
605,2020-04-26,19,757,776
605,2020-04-27,344,2027,2371
605,2020-04-28,305,2017,2322
605,2020-04-29,383,2221,2604
605,2020-04-30,280,2029,2309
605,2020-05-02,61,1156,1217
605,2020-05-03,7,712,719
605,2020-05-04,321,1865,2186
605,2020-05-05,273,2027,2300
605,2020-05-06,307,1965,2272
605,2020-05-07,299,2132,2431
605,2020-05-08,273,2202,2475
605,2020-05-09,26,948,974
605,2020-05-10,27,911,938
605,2020-05-11,332,2340,2672
605,2020-05-12,343,2561,2904
605,2020-05-13,369,2747,3116
605,2020-05-14,353,2681,3034
605,2020-05-15,333,2812,3145
605,2020-05-16,93,1580,1673
605,2020-05-17,17,1214,1231
605,2020-05-18,346,2548,2894
605,2020-05-19,368,2766,3134
605,2020-05-20,405,2731,3136
605,2020-05-21,43,1251,1294
605,2020-05-22,151,1909,2060
605,2020-05-23,56,1490,1546
605,2020-05-24,12,1014,1026
605,2020-05-25,404,2891,3295
605,2020-05-26,365,3081,3446
605,2020-05-27,389,3152,3541
605,2020-05-28,427,3010,3437
605,2020-05-29,372,3135,3507
605,2020-05-30,97,1717,1814
605,2020-05-31,33,1430,1463
605,2020-06-01,42,1394,1436
605,2020-06-02,305,2936,3241
605,2020-06-03,343,3033,3376
605,2020-06-04,362,2925,3287
605,2020-06-05,342,2922,3264
605,2020-06-06,83,1896,1979
605,2020-06-07,13,1320,1333
605,2020-06-08,365,3118,3483
605,2020-06-09,325,3138,3463
605,2020-06-10,347,3225,3572
605,2020-06-11,393,3282,3675
605,2020-06-12,375,3431,3806
605,2020-06-13,82,1975,2057
605,2020-06-14,14,1417,1431
605,2020-06-15,350,3044,3394
605,2020-06-16,387,3263,3650
605,2020-06-17,382,3495,3877
605,2020-06-18,426,3428,3854
605,2020-06-19,391,3390,3781
605,2020-06-20,97,2034,2131
605,2020-06-21,43,1794,1837
605,2020-06-22,289,2422,2711
605,2020-06-23,82,1613,1695
605,2020-06-24,424,3332,3756
605,2020-06-25,424,3329,3753
605,2020-06-26,416,3136,3552
605,2020-06-27,86,2088,2174
605,2020-06-28,27,1552,1579
605,2020-06-29,406,3216,3622
605,2020-06-30,418,3395,3813
610,2020-01-01,55,4676,4731
610,2020-01-02,589,8171,8760
610,2020-01-03,682,8063,8745
610,2020-01-04,328,7448,7776
610,2020-01-05,91,6580,6671
610,2020-01-06,1069,10611,11680
610,2020-01-07,1137,11149,12286
610,2020-01-08,1058,10265,11323
610,2020-01-09,1008,9584,10592
610,2020-01-10,984,10664,11648
610,2020-01-11,368,8473,8841
610,2020-01-12,104,6895,6999
610,2020-01-13,1263,10837,12100
610,2020-01-14,1326,11869,13195
610,2020-01-15,1525,11797,13322
610,2020-01-16,1495,12374,13869
610,2020-01-17,1412,11960,13372
610,2020-01-18,363,8319,8682
610,2020-01-19,118,7145,7263
610,2020-01-20,1495,11844,13339
610,2020-01-21,1515,12338,13853
610,2020-01-22,1557,11956,13513
610,2020-01-23,1466,12279,13745
610,2020-01-24,1434,12520,13954
610,2020-01-25,358,8760,9118
610,2020-01-26,77,7382,7459
610,2020-01-27,1246,9672,10918
610,2020-01-28,1348,11023,12371
610,2020-01-29,1509,11998,13507
610,2020-01-30,1440,12256,13696
610,2020-01-31,1439,12604,14043
610,2020-02-01,334,7006,7340
610,2020-02-02,76,6872,6948
610,2020-02-03,1363,11353,12716
610,2020-02-04,1465,11987,13452
610,2020-02-05,1549,12442,13991
610,2020-02-06,1488,12843,14331
610,2020-02-07,1505,13036,14541
610,2020-02-08,369,8435,8804
610,2020-02-09,84,5867,5951
610,2020-02-10,1198,9807,11005
610,2020-02-11,1520,12329,13849
610,2020-02-12,1430,11991,13421
610,2020-02-13,1189,10433,11622
610,2020-02-14,1396,12708,14104
610,2020-02-15,403,8447,8850
610,2020-02-16,74,6916,6990
610,2020-02-17,1424,11181,12605
610,2020-02-18,1456,11454,12910
610,2020-02-19,1376,11315,12691
610,2020-02-20,1343,10861,12204
610,2020-02-21,1450,11778,13228
610,2020-02-22,410,7865,8275
610,2020-02-23,102,5451,5553
610,2020-02-24,961,9649,10610
610,2020-02-25,1359,10846,12205
610,2020-02-26,1394,11578,12972
610,2020-02-27,650,4561,5211
610,2020-02-28,1130,11723,12853
610,2020-02-29,365,7767,8132
610,2020-03-01,98,6491,6589
610,2020-03-02,1397,11304,12701
610,2020-03-03,1519,12319,13838
610,2020-03-04,1520,12302,13822
610,2020-03-05,1402,10720,12122
610,2020-03-06,1503,12200,13703
610,2020-03-07,407,8981,9388
610,2020-03-08,75,6675,6750
610,2020-03-09,1560,11722,13282
610,2020-03-10,1381,9693,11074
610,2020-03-11,1294,10425,11719
610,2020-03-12,1577,11736,13313
610,2020-03-13,1598,12212,13810
610,2020-03-14,459,6678,7137
610,2020-03-15,106,5445,5551
610,2020-03-16,1606,9400,11006
610,2020-03-17,1594,8547,10141
610,2020-03-18,1429,7178,8607
610,2020-03-19,1329,5872,7201
610,2020-03-20,998,5296,6294
610,2020-03-21,284,2229,2513
610,2020-03-22,70,1549,1619
610,2020-03-23,786,4116,4902
610,2020-03-24,883,4147,5030
610,2020-03-25,792,3993,4785
610,2020-03-26,828,4034,4862
610,2020-03-27,761,4421,5182
610,2020-03-28,234,2516,2750
610,2020-03-30,775,4284,5059
610,2020-03-31,798,4245,5043
610,2020-04-01,713,4318,5031
610,2020-04-02,727,4362,5089
610,2020-04-03,735,4445,5180
610,2020-04-04,257,2548,2805
610,2020-04-05,69,1578,1647
610,2020-04-06,762,4452,5214
610,2020-04-07,820,4620,5440
610,2020-04-08,749,4811,5560
610,2020-04-09,798,4948,5746
610,2020-04-10,680,4976,5656
610,2020-04-11,263,2975,3238
610,2020-04-12,54,1678,1732
610,2020-04-13,89,1736,1825
610,2020-04-14,871,5278,6149
610,2020-04-15,979,5108,6087
610,2020-04-16,767,5259,6026
610,2020-04-17,770,5506,6276
610,2020-04-18,318,3122,3440
610,2020-04-19,71,2198,2269
610,2020-04-20,1302,7230,8532
610,2020-04-21,1333,7469,8802
610,2020-04-22,1431,7667,9098
610,2020-04-23,1439,7695,9134
610,2020-04-24,1466,8006,9472
610,2020-04-25,377,4408,4785
610,2020-04-26,74,2936,3010
610,2020-04-27,1475,8217,9692
610,2020-04-28,1475,8193,9668
610,2020-04-29,1510,8517,10027
610,2020-04-30,1411,8471,9882
610,2020-05-01,140,2727,2867
610,2020-05-02,336,4599,4935
610,2020-05-03,77,3170,3247
610,2020-05-04,1481,8747,10228
610,2020-05-05,1525,9315,10840
610,2020-05-06,1598,9508,11106
610,2020-05-07,1528,9572,11100
610,2020-05-08,1404,9773,11177
610,2020-05-09,195,3990,4185
610,2020-05-10,84,3409,3493
610,2020-05-11,1447,9920,11367
610,2020-05-12,1589,10520,12109
610,2020-05-13,1631,10540,12171
610,2020-05-14,1444,10440,11884
610,2020-05-15,1453,10897,12350
610,2020-05-16,538,7406,7944
610,2020-05-17,124,5787,5911
610,2020-05-18,1612,10493,12105
610,2020-05-19,1764,11171,12935
610,2020-05-20,1678,11267,12945
610,2020-05-21,201,5989,6190
610,2020-05-22,1016,9412,10428
610,2020-05-23,374,6751,7125
610,2020-05-24,136,5451,5587
610,2020-05-25,1687,11081,12768
610,2020-05-26,1746,11614,13360
610,2020-05-27,1570,11586,13156
610,2020-05-28,1601,11901,13502
610,2020-05-29,1591,12334,13925
610,2020-05-30,699,8238,8937
610,2020-05-31,192,6908,7100
610,2020-06-01,270,6932,7202
610,2020-06-02,1575,11797,13372
610,2020-06-03,1615,11604,13219
610,2020-06-04,1522,11771,13293
610,2020-06-05,1504,11664,13168
610,2020-06-06,431,7602,8033
610,2020-06-07,96,6374,6470
610,2020-06-08,1602,11467,13069
610,2020-06-09,1660,12034,13694
610,2020-06-10,1600,12347,13947
610,2020-06-11,1595,12423,14018
610,2020-06-12,1664,12691,14355
610,2020-06-13,451,8268,8719
610,2020-06-14,163,7207,7370
610,2020-06-15,1663,11912,13575
610,2020-06-16,1733,12346,14079
610,2020-06-17,1671,12073,13744
610,2020-06-18,1729,12562,14291
610,2020-06-19,1642,12887,14529
610,2020-06-20,621,7401,8022
610,2020-06-21,249,7275,7524
610,2020-06-22,1296,10551,11847
610,2020-06-23,466,7265,7731
610,2020-06-24,2034,12858,14892
610,2020-06-25,1870,13075,14945
610,2020-06-26,1718,12985,14703
610,2020-06-27,580,8977,9557
610,2020-06-28,254,7543,7797
610,2020-06-29,1641,12556,14197
610,2020-06-30,1896,12857,14753
610,2020-07-01,1812,13027,14839
610,2020-07-02,1712,13006,14718
610,2020-07-03,1635,13241,14876
610,2020-07-04,684,9661,10345
610,2020-07-05,302,7852,8154
610,2020-07-06,1583,12453,14036
610,2020-07-07,1824,12936,14760
610,2020-07-08,1594,13095,14689
610,2020-07-09,1628,13199,14827
610,2020-07-10,1637,13565,15202
610,2020-07-11,671,9870,10541
610,2020-07-12,304,8540,8844
610,2020-07-13,1791,13192,14983
610,2020-07-14,1777,14041,15818
610,2020-07-15,1925,13891,15816
610,2020-07-16,1862,13821,15683
610,2020-07-17,1877,13935,15812
610,2020-07-18,735,10203,10938
610,2020-07-19,407,9168,9575
610,2020-07-20,1837,13154,14991
610,2020-07-21,1786,13373,15159
610,2020-07-22,2042,13334,15376
610,2020-07-23,1909,13544,15453
610,2020-07-24,2013,13464,15477
610,2020-07-25,798,10085,10883
610,2020-07-26,371,8196,8567
610,2020-07-27,1689,12443,14132
610,2020-07-28,1704,12938,14642
610,2020-07-29,1730,13252,14982
610,2020-07-30,1688,13146,14834
610,2020-07-31,1229,12785,14014
610,2020-08-01,498,9550,10048
610,2020-08-02,227,8408,8635
610,2020-08-03,1123,10998,12121
610,2020-08-04,1125,11488,12613
610,2020-08-05,1152,11758,12910
610,2020-08-06,1078,11596,12674
610,2020-08-07,1104,11755,12859
610,2020-08-08,514,9136,9650
610,2020-08-11,1101,10933,12034
610,2020-08-12,1135,10701,11836
610,2020-08-13,1063,11048,12111
610,2020-08-14,1029,11366,12395
610,2020-08-15,243,8258,8501
610,2020-08-16,193,8339,8532
610,2020-08-17,1011,10880,11891
610,2020-08-18,1148,11111,12259
610,2020-08-19,1207,11337,12544
610,2020-08-20,1140,11702,12842
610,2020-08-21,1164,11976,13140
610,2020-08-22,434,9187,9621
610,2020-08-23,182,8031,8213
610,2020-08-24,1777,11756,13533
610,2020-08-25,1712,12548,14260
610,2020-08-26,1986,12047,14033
610,2020-08-27,1899,12712,14611
610,2020-08-28,1647,13115,14762
610,2020-08-29,431,9112,9543
610,2020-08-30,154,7769,7923
610,2020-08-31,1565,12100,13665
610,2020-09-01,1824,12274,14098
610,2020-09-02,1830,12306,14136
610,2020-09-03,1568,12908,14476
610,2020-09-04,1731,13011,14742
610,2020-09-05,595,9017,9612
610,2020-09-06,174,8334,8508
610,2020-09-07,1563,12496,14059
610,2020-09-08,1673,12788,14461
610,2020-09-09,1607,13095,14702
610,2020-09-10,1639,13405,15044
610,2020-09-11,1725,14769,16494
610,2020-09-12,664,10587,11251
610,2020-09-13,355,9418,9773
610,2020-09-14,1781,12397,14178
610,2020-09-15,1859,13068,14927
610,2020-09-16,1944,12736,14680
610,2020-09-17,1861,13444,15305
610,2020-09-18,1595,13951,15546
610,2020-09-19,702,10068,10770
610,2020-09-20,408,9299,9707
610,2020-09-21,1763,12646,14409
610,2020-09-22,1865,13262,15127
610,2020-09-23,1847,12979,14826
610,2020-09-24,1774,13105,14879
610,2020-09-26,458,8980,9438
610,2020-09-27,143,7757,7900
610,2020-09-28,1645,12031,13676
610,2020-09-29,1623,12867,14490
610,2020-09-30,1583,12757,14340
610,2020-10-01,1621,13130,14751
610,2020-10-02,1620,13422,15042
610,2020-10-03,479,9114,9593
610,2020-10-04,101,7727,7828
610,2020-10-05,1597,11878,13475
610,2020-10-06,1659,12510,14169
610,2020-10-07,1873,12594,14467
610,2020-10-08,1573,13160,14733
610,2020-10-09,1518,13271,14789
610,2020-10-10,498,9525,10023
610,2020-10-11,137,7774,7911
610,2020-10-12,1656,12143,13799
610,2020-10-13,1641,12793,14434
610,2020-10-14,1698,12801,14499
610,2020-10-15,1750,13073,14823
610,2020-10-16,1671,13279,14950
610,2020-10-17,669,9378,10047
610,2020-10-18,291,7871,8162
610,2020-10-19,1744,12483,14227
610,2020-10-20,1661,12711,14372
610,2020-10-21,1747,12630,14377
610,2020-10-22,1680,12782,14462
610,2020-10-23,1539,12753,14292
610,2020-10-24,584,8419,9003
610,2020-10-25,205,6357,6562
610,2020-10-26,1523,11706,13229
610,2020-10-27,1520,12224,13744
610,2020-10-28,1570,12166,13736
610,2020-10-29,1481,12275,13756
610,2020-10-30,1500,12785,14285
610,2020-11-01,87,5393,5480
610,2020-11-02,1303,10616,11919
610,2020-11-03,1599,11577,13176
610,2020-11-04,1544,12067,13611
610,2020-11-05,1596,12136,13732
610,2020-11-06,1592,12274,13866
610,2020-11-07,525,8757,9282
610,2020-11-08,109,6665,6774
610,2020-11-09,1532,11687,13219
610,2020-11-10,1664,12082,13746
610,2020-11-11,1521,12335,13856
610,2020-11-12,1580,12773,14353
610,2020-11-13,1539,12890,14429
610,2020-11-14,429,8869,9298
610,2020-11-15,112,5964,6076
610,2020-11-16,1453,11715,13168
610,2020-11-17,1642,12516,14158
610,2020-11-18,1700,12401,14101
610,2020-11-19,1584,12878,14462
610,2020-11-20,1621,13219,14840
610,2020-11-21,604,8686,9290
610,2020-11-22,192,6228,6420
610,2020-11-23,1501,12005,13506
610,2020-11-24,1708,12458,14166
610,2020-11-25,1669,12346,14015
610,2020-11-26,1619,12215,13834
610,2020-11-27,1690,12466,14156
610,2020-11-28,495,8080,8575
610,2020-11-29,139,5496,5635
610,2020-11-30,1662,11227,12889
610,2020-12-01,1459,9936,11395
610,2020-12-02,1631,11763,13394
610,2020-12-03,1478,11940,13418
610,2020-12-04,1446,12290,13736
610,2020-12-05,489,7519,8008
610,2020-12-06,116,5238,5354
610,2020-12-07,1617,11436,13053
610,2020-12-08,1602,11898,13500
610,2020-12-09,1152,9258,10410
610,2020-12-10,1704,12144,13848
610,2020-12-11,1476,11472,12948
610,2020-12-12,437,7662,8099
610,2020-12-13,128,5162,5290
610,2020-12-14,1604,11703,13307
610,2020-12-15,1545,11811,13356
610,2020-12-16,1690,12089,13779
610,2020-12-17,1651,11931,13582
610,2020-12-18,1450,12369,13819
610,2020-12-19,450,7607,8057
610,2020-12-20,175,5369,5544
610,2020-12-21,945,10153,11098
610,2020-12-22,916,10326,11242
610,2020-12-23,797,9792,10589
610,2020-12-24,585,7296,7881
610,2020-12-25,106,4459,4565
610,2020-12-26,148,4602,4750
610,2020-12-27,74,1584,1658
610,2020-12-28,453,4854,5307
610,2020-12-29,657,7821,8478
610,2020-12-30,699,8226,8925
610,2020-12-31,367,3027,3394
708,2020-01-01,31,2362,2393
708,2020-01-02,180,3564,3744
708,2020-01-03,181,3894,4075
708,2020-01-04,125,3488,3613
708,2020-01-05,48,2838,2886
708,2020-01-06,258,4497,4755
708,2020-01-07,253,4634,4887
708,2020-01-08,225,4480,4705
708,2020-01-09,228,4649,4877
708,2020-01-10,242,4707,4949
708,2020-01-11,139,3944,4083
708,2020-01-12,36,2851,2887
708,2020-01-13,312,4585,4897
708,2020-01-14,299,4802,5101
708,2020-01-15,375,4727,5102
708,2020-01-16,322,4954,5276
708,2020-01-17,349,4887,5236
708,2020-01-18,153,4178,4331
708,2020-01-19,49,2922,2971
708,2020-01-20,306,4510,4816
708,2020-01-21,380,4841,5221
708,2020-01-22,371,4695,5066
708,2020-01-23,363,4855,5218
708,2020-01-24,353,4935,5288
708,2020-01-25,145,4063,4208
708,2020-01-26,33,2931,2964
708,2020-01-27,273,4459,4732
708,2020-01-28,282,4650,4932
708,2020-01-29,315,4535,4850
708,2020-01-30,337,4747,5084
708,2020-01-31,316,4897,5213
708,2020-02-01,112,4027,4139
708,2020-02-02,36,3209,3245
708,2020-02-03,296,5198,5494
708,2020-02-04,275,4565,4840
708,2020-02-05,351,5494,5845
708,2020-02-06,294,5690,5984
708,2020-02-07,338,5535,5873
708,2020-02-08,152,4116,4268
708,2020-02-09,29,2975,3004
708,2020-02-10,218,4470,4688
708,2020-02-11,284,4899,5183
708,2020-02-12,345,5145,5490
708,2020-02-13,327,5571,5898
708,2020-02-14,320,5624,5944
708,2020-02-15,149,3977,4126
708,2020-02-16,43,2940,2983
708,2020-02-17,307,4489,4796
708,2020-02-18,325,4605,4930
708,2020-02-19,260,4482,4742
708,2020-02-20,323,4642,4965
708,2020-02-21,298,4753,5051
708,2020-02-22,174,3795,3969
708,2020-02-23,45,2918,2963
708,2020-02-24,287,4993,5280
708,2020-02-25,289,5408,5697
708,2020-02-26,339,5193,5532
708,2020-02-27,295,5035,5330
708,2020-02-28,331,5740,6071
708,2020-02-29,150,4409,4559
708,2020-03-01,50,3063,3113
708,2020-03-02,299,5131,5430
708,2020-03-03,344,5501,5845
708,2020-03-04,397,5459,5856
708,2020-03-05,319,5528,5847
708,2020-03-06,325,5700,6025
708,2020-03-07,141,4210,4351
708,2020-03-08,36,3272,3308
708,2020-03-09,342,5353,5695
708,2020-03-10,291,5418,5709
708,2020-03-11,290,5444,5734
708,2020-03-12,339,5476,5815
708,2020-03-13,361,5280,5641
708,2020-03-14,145,3595,3740
708,2020-03-15,44,2614,2658
708,2020-03-16,365,3924,4289
708,2020-03-17,376,3574,3950
708,2020-03-18,354,3067,3421
708,2020-03-19,284,2628,2912
708,2020-03-20,219,2231,2450
708,2020-03-21,140,1336,1476
708,2020-03-22,13,1008,1021
708,2020-03-23,212,1920,2132
708,2020-03-24,188,1890,2078
708,2020-03-25,187,1971,2158
708,2020-03-26,197,1951,2148
708,2020-03-27,205,2120,2325
708,2020-03-28,132,1574,1706
708,2020-03-30,221,2054,2275
708,2020-03-31,212,2011,2223
708,2020-04-01,201,2029,2230
708,2020-04-02,217,2066,2283
708,2020-04-03,210,2237,2447
708,2020-04-04,132,1620,1752
708,2020-04-05,15,966,981
708,2020-04-06,286,2139,2425
708,2020-04-07,275,2127,2402
708,2020-04-08,276,2276,2552
708,2020-04-09,252,2207,2459
708,2020-04-10,260,2471,2731
708,2020-04-11,124,1987,2111
708,2020-04-12,19,1102,1121
708,2020-04-13,18,1068,1086
708,2020-04-14,232,2358,2590
708,2020-04-15,226,2332,2558
708,2020-04-16,249,2582,2831
708,2020-04-17,214,2613,2827
708,2020-04-18,161,1877,2038
708,2020-04-19,15,1407,1422
708,2020-04-20,354,3019,3373
708,2020-04-21,338,3185,3523
708,2020-04-22,368,3172,3540
708,2020-04-23,307,3273,3580
708,2020-04-24,352,3409,3761
708,2020-04-25,169,2591,2760
708,2020-04-26,40,1894,1934
708,2020-04-27,352,3589,3941
708,2020-04-28,341,3400,3741
708,2020-04-29,602,4673,5275
708,2020-04-30,545,4708,5253
708,2020-05-01,20,1490,1510
708,2020-05-02,181,2628,2809
708,2020-05-03,19,1857,1876
708,2020-05-04,564,4489,5053
708,2020-05-05,511,4692,5203
708,2020-05-06,547,4809,5356
708,2020-05-07,518,4814,5332
708,2020-05-08,625,4603,5228
708,2020-05-09,68,2246,2314
708,2020-05-10,35,2064,2099
708,2020-05-11,335,4022,4357
708,2020-05-12,392,4323,4715
708,2020-05-13,377,4140,4517
708,2020-05-14,434,4337,4771
708,2020-05-15,366,4596,4962
708,2020-05-16,221,3623,3844
708,2020-05-17,33,2734,2767
708,2020-05-18,376,4222,4598
708,2020-05-19,379,4486,4865
708,2020-05-20,398,4587,4985
708,2020-05-21,39,2767,2806
708,2020-05-22,294,4423,4717
708,2020-05-23,164,3239,3403
708,2020-05-24,47,2522,2569
708,2020-05-25,375,4380,4755
708,2020-05-26,447,4598,5045
708,2020-05-27,378,4644,5022
708,2020-05-28,400,4736,5136
708,2020-05-29,416,4966,5382
708,2020-05-30,204,3859,4063
708,2020-05-31,35,3039,3074
708,2020-06-01,58,2860,2918
708,2020-06-02,341,4779,5120
708,2020-06-03,361,4710,5071
708,2020-06-04,377,4803,5180
708,2020-06-05,304,4815,5119
708,2020-06-06,170,3620,3790
708,2020-06-07,52,2844,2896
708,2020-06-08,370,4791,5161
708,2020-06-09,397,4840,5237
708,2020-06-10,324,4766,5090
708,2020-06-11,345,4895,5240
708,2020-06-12,325,5198,5523
708,2020-06-13,153,3909,4062
708,2020-06-14,33,3226,3259
708,2020-06-15,364,4660,5024
708,2020-06-16,371,4857,5228
708,2020-06-17,345,4747,5092
708,2020-06-18,323,5111,5434
708,2020-06-19,335,5122,5457
708,2020-06-20,172,4016,4188
708,2020-06-21,69,3115,3184
708,2020-06-22,288,4658,4946
708,2020-06-23,57,2782,2839
708,2020-06-24,371,5100,5471
708,2020-06-25,367,5243,5610
708,2020-06-26,396,5222,5618
708,2020-06-27,150,3950,4100
708,2020-06-28,29,3046,3075
708,2020-06-29,377,4796,5173
708,2020-06-30,359,4932,5291
708,2020-07-01,351,4863,5214
708,2020-07-02,354,4920,5274
708,2020-07-03,335,5131,5466
708,2020-07-04,127,3830,3957
708,2020-07-05,35,2768,2803
708,2020-07-06,353,4788,5141
708,2020-07-07,387,4942,5329
708,2020-07-08,410,4764,5174
708,2020-07-09,372,5044,5416
708,2020-07-10,343,5150,5493
708,2020-07-11,193,3975,4168
708,2020-07-12,41,2957,2998
708,2020-07-13,379,4760,5139
708,2020-07-14,347,4817,5164
708,2020-07-15,331,4880,5211
708,2020-07-16,347,4875,5222
708,2020-07-17,372,4941,5313
708,2020-07-18,184,3703,3887
708,2020-07-19,54,3025,3079
708,2020-07-20,318,4579,4897
708,2020-07-21,325,4330,4655
708,2020-07-22,325,4311,4636
708,2020-07-23,348,4844,5192
708,2020-07-24,387,4860,5247
708,2020-07-25,171,3593,3764
708,2020-07-26,31,2689,2720
708,2020-07-27,347,4436,4783
708,2020-07-28,334,4589,4923
708,2020-07-29,359,4691,5050
708,2020-07-30,305,4936,5241
708,2020-07-31,250,4768,5018
708,2020-08-01,123,3492,3615
708,2020-08-02,56,3013,3069
708,2020-08-03,223,4085,4308
708,2020-08-04,267,4373,4640
708,2020-08-05,217,4320,4537
708,2020-08-06,240,4384,4624
708,2020-08-07,236,4452,4688
708,2020-08-08,139,3487,3626
708,2020-08-09,44,2730,2774
708,2020-08-10,247,4086,4333
708,2020-08-11,222,4063,4285
708,2020-08-12,218,4244,4462
708,2020-08-13,256,4189,4445
708,2020-08-14,247,4412,4659
708,2020-08-15,42,2795,2837
708,2020-08-16,46,2741,2787
708,2020-08-17,233,4193,4426
708,2020-08-18,266,4247,4513
708,2020-08-19,217,4214,4431
708,2020-08-20,266,4296,4562
708,2020-08-21,230,4452,4682
708,2020-08-22,166,3554,3720
708,2020-08-23,43,2730,2773
708,2020-08-24,341,4273,4614
708,2020-08-25,351,4386,4737
708,2020-08-26,328,4335,4663
708,2020-08-27,289,4547,4836
708,2020-08-28,331,4665,4996
708,2020-08-29,167,3624,3791
708,2020-08-30,55,2979,3034
708,2020-08-31,360,4103,4463
708,2020-09-01,275,4322,4597
708,2020-09-02,342,4373,4715
708,2020-09-03,329,4495,4824
708,2020-09-04,316,4588,4904
708,2020-09-05,177,3751,3928
708,2020-09-06,72,2881,2953
708,2020-09-07,402,4262,4664
708,2020-09-08,372,4802,5174
708,2020-09-09,369,4593,4962
708,2020-09-10,298,4722,5020
708,2020-09-11,316,4830,5146
708,2020-09-12,192,3752,3944
708,2020-09-13,55,3124,3179
708,2020-09-14,307,4717,5024
708,2020-09-15,318,4817,5135
708,2020-09-16,370,4872,5242
708,2020-09-17,372,5032,5404
708,2020-09-18,432,5187,5619
708,2020-09-19,183,4147,4330
708,2020-09-20,39,2205,2244
708,2020-09-21,372,4816,5188
708,2020-09-22,343,5090,5433
708,2020-09-23,323,4756,5079
708,2020-09-24,368,4985,5353
708,2020-09-25,401,5129,5530
708,2020-09-26,144,3860,4004
708,2020-09-27,47,3034,3081
708,2020-09-28,422,4818,5240
708,2020-09-29,409,5105,5514
708,2020-09-30,334,4904,5238
708,2020-10-01,358,5234,5592
708,2020-10-02,321,5177,5498
708,2020-10-03,150,3893,4043
708,2020-10-04,28,3120,3148
708,2020-10-05,322,5032,5354
708,2020-10-06,315,5491,5806
708,2020-10-07,345,4781,5126
708,2020-10-08,355,5107,5462
708,2020-10-09,342,5285,5627
708,2020-10-10,190,4014,4204
708,2020-10-11,47,3106,3153
708,2020-10-12,381,4678,5059
708,2020-10-13,354,5200,5554
708,2020-10-14,344,4794,5138
708,2020-10-15,359,4964,5323
708,2020-10-16,374,5042,5416
708,2020-10-17,183,4031,4214
708,2020-10-18,55,2964,3019
708,2020-10-19,381,4746,5127
708,2020-10-20,383,5048,5431
708,2020-10-21,359,4807,5166
708,2020-10-22,357,5049,5406
708,2020-10-23,379,4789,5168
708,2020-10-24,183,3523,3706
708,2020-10-25,43,2543,2586
708,2020-10-26,376,4507,4883
708,2020-10-27,346,4632,4978
708,2020-10-28,332,4633,4965
708,2020-10-29,312,4621,4933
708,2020-10-30,360,4690,5050
708,2020-11-01,27,2089,2116
708,2020-11-02,227,3254,3481
708,2020-11-03,238,3286,3524
708,2020-11-04,231,3380,3611
708,2020-11-05,317,3894,4211
708,2020-11-06,363,3943,4306
708,2020-11-07,151,3132,3283
708,2020-11-08,40,2556,2596
708,2020-11-09,321,4188,4509
708,2020-11-10,316,4466,4782
708,2020-11-11,349,4267,4616
708,2020-11-12,296,4578,4874
708,2020-11-13,329,4589,4918
708,2020-11-14,153,3517,3670
708,2020-11-15,36,2294,2330
708,2020-11-16,320,4277,4597
708,2020-11-17,314,4297,4611
708,2020-11-18,355,4289,4644
708,2020-11-19,331,4383,4714
708,2020-11-21,153,3375,3528
708,2020-11-22,42,2343,2385
708,2020-11-23,342,4072,4414
708,2020-11-24,343,4307,4650
708,2020-11-25,383,4224,4607
708,2020-11-26,344,4274,4618
708,2020-11-27,362,4401,4763
708,2020-11-28,133,3132,3265
708,2020-11-29,42,2051,2093
708,2020-11-30,422,4098,4520
708,2020-12-01,334,4144,4478
708,2020-12-02,351,4292,4643
708,2020-12-03,367,4236,4603
708,2020-12-04,383,4419,4802
708,2020-12-05,143,3269,3412
708,2020-12-06,48,2195,2243
708,2020-12-07,401,4097,4498
708,2020-12-08,372,4144,4516
708,2020-12-09,420,4092,4512
708,2020-12-10,369,4189,4558
708,2020-12-11,367,4306,4673
708,2020-12-12,136,3009,3145
708,2020-12-13,48,2144,2192
708,2020-12-14,359,4199,4558
708,2020-12-15,335,4124,4459
708,2020-12-16,375,4284,4659
708,2020-12-17,400,4340,4740
708,2020-12-18,367,4488,4855
708,2020-12-19,130,3222,3352
708,2020-12-20,41,2139,2180
708,2020-12-21,179,3710,3889
708,2020-12-22,142,3870,4012
708,2020-12-23,169,4067,4236
708,2020-12-24,125,3705,3830
708,2020-12-25,19,1831,1850
708,2020-12-26,41,1873,1914
708,2020-12-27,25,787,812
708,2020-12-28,153,2968,3121
708,2020-12-29,163,3042,3205
708,2020-12-30,219,3305,3524
708,2020-12-31,136,2983,3119
710,2020-01-01,61,8311,8372
710,2020-01-02,672,16643,17315
710,2020-01-03,895,18434,19329
710,2020-01-04,322,15313,15635
710,2020-01-05,105,11541,11646
710,2020-01-06,1215,20511,21726
710,2020-01-07,1279,21957,23236
710,2020-01-08,1298,22153,23451
710,2020-01-09,1365,23209,24574
710,2020-01-10,1294,24087,25381
710,2020-01-11,398,17841,18239
710,2020-01-12,102,12255,12357
710,2020-01-13,1694,22805,24499
710,2020-01-14,1809,23859,25668
710,2020-01-15,1887,23966,25853
710,2020-01-16,1963,24477,26440
710,2020-01-17,1813,24725,26538
710,2020-01-18,239,7490,7729
710,2020-01-19,117,12435,12552
710,2020-01-20,1936,23077,25013
710,2020-01-21,1930,23944,25874
710,2020-01-22,1892,23052,24944
710,2020-01-23,2029,24112,26141
710,2020-01-24,1832,24672,26504
710,2020-01-25,421,18580,19001
710,2020-01-26,106,13556,13662
710,2020-01-27,1705,22877,24582
710,2020-01-28,1817,23324,25141
710,2020-01-29,1874,23942,25816
710,2020-01-30,1787,24472,26259
710,2020-01-31,1887,24854,26741
710,2020-02-01,452,17765,18217
710,2020-02-02,96,12954,13050
710,2020-02-03,1795,23058,24853
710,2020-02-04,1905,24288,26193
710,2020-02-05,1888,23896,25784
710,2020-02-06,1849,24437,26286
710,2020-02-07,1774,25546,27320
710,2020-02-08,418,18499,18917
710,2020-02-09,168,11047,11215
710,2020-02-10,1543,20703,22246
710,2020-02-11,1849,24216,26065
710,2020-02-12,1884,24254,26138
710,2020-02-13,1760,24840,26600
710,2020-02-14,1815,24990,26805
710,2020-02-15,546,17362,17908
710,2020-02-16,123,11786,11909
710,2020-02-17,1847,20929,22776
710,2020-02-18,1941,22453,24394
710,2020-02-20,1852,22006,23858
710,2020-02-21,1864,22512,24376
710,2020-02-22,477,16771,17248
710,2020-02-23,176,12380,12556
710,2020-02-24,1421,21218,22639
710,2020-02-25,1836,23995,25831
710,2020-02-26,1951,23821,25772
710,2020-02-27,1568,21097,22665
710,2020-02-28,1578,24596,26174
710,2020-02-29,480,17345,17825
710,2020-03-01,164,13011,13175
710,2020-03-02,1886,23614,25500
710,2020-03-03,1938,24214,26152
710,2020-03-04,1963,23941,25904
710,2020-03-05,1822,24054,25876
710,2020-03-06,1919,25188,27107
710,2020-03-07,543,19073,19616
710,2020-03-08,158,12909,13067
710,2020-03-09,2010,23132,25142
710,2020-03-10,1964,24076,26040
710,2020-03-11,2039,23698,25737
710,2020-03-12,2089,24154,26243
710,2020-03-13,2115,23594,25709
710,2020-03-14,543,13947,14490
710,2020-03-15,168,9294,9462
710,2020-03-16,2059,17764,19823
710,2020-03-17,2071,15675,17746
710,2020-03-18,1776,13351,15127
710,2020-03-19,1470,10711,12181
710,2020-03-20,1126,9392,10518
710,2020-03-21,276,4094,4370
710,2020-03-22,89,2847,2936
710,2020-03-23,899,7559,8458
710,2020-03-24,949,7429,8378
710,2020-03-25,913,7389,8302
710,2020-03-26,889,7418,8307
710,2020-03-27,814,7897,8711
710,2020-03-28,221,4596,4817
710,2020-03-30,813,7805,8618
710,2020-03-31,868,7693,8561
710,2020-04-01,792,8157,8949
710,2020-04-02,790,7919,8709
710,2020-04-03,819,8405,9224
710,2020-04-04,220,4898,5118
710,2020-04-05,73,2963,3036
710,2020-04-06,844,8257,9101
710,2020-04-07,869,8560,9429
710,2020-04-08,904,8894,9798
710,2020-04-09,828,8901,9729
710,2020-04-10,744,9215,9959
710,2020-04-11,225,5698,5923
710,2020-04-12,67,2977,3044
710,2020-04-13,86,3106,3192
710,2020-04-14,909,9499,10408
710,2020-04-15,1003,9626,10629
710,2020-04-16,940,10194,11134
710,2020-04-17,1000,10814,11814
710,2020-04-18,281,6722,7003
710,2020-04-19,83,4165,4248
710,2020-04-20,1583,13715,15298
710,2020-04-21,1664,14078,15742
710,2020-04-22,1795,14423,16218
710,2020-04-23,1701,14720,16421
710,2020-04-24,1802,15253,17055
710,2020-04-25,372,9588,9960
710,2020-04-26,83,5175,5258
710,2020-04-27,1811,15777,17588
710,2020-04-28,1962,15822,17784
710,2020-04-29,1984,15800,17784
710,2020-04-30,1953,16557,18510
710,2020-05-01,166,4828,4994
710,2020-05-02,391,9855,10246
710,2020-05-03,58,5669,5727
710,2020-05-04,1890,16804,18694
710,2020-05-05,1978,17367,19345
710,2020-05-06,1864,17971,19835
710,2020-05-07,2037,18585,20622
710,2020-05-08,1927,18822,20749
710,2020-05-09,214,7230,7444
710,2020-05-10,135,4882,5017
710,2020-05-11,1993,18869,20862
710,2020-05-12,2105,20176,22281
710,2020-05-13,2036,19934,21970
710,2020-05-14,1917,18368,20285
710,2020-05-15,2082,20034,22116
710,2020-05-16,568,13816,14384
710,2020-05-17,168,10108,10276
710,2020-05-18,2151,20217,22368
710,2020-05-19,2222,21274,23496
710,2020-05-20,2106,22301,24407
710,2020-05-21,209,10023,10232
710,2020-05-22,1270,19196,20466
710,2020-05-23,450,13727,14177
710,2020-05-24,152,9219,9371
710,2020-05-25,2235,21369,23604
710,2020-05-26,2208,22215,24423
710,2020-05-27,2168,22425,24593
710,2020-05-28,2165,23066,25231
710,2020-05-29,2150,24414,26564
710,2020-05-30,620,17247,17867
710,2020-05-31,198,12165,12363
710,2020-06-01,191,11672,11863
710,2020-06-02,2108,22864,24972
710,2020-06-03,2204,22232,24436
710,2020-06-04,2289,22643,24932
710,2020-06-05,2096,22080,24176
710,2020-06-06,600,15620,16220
710,2020-06-07,126,10835,10961
710,2020-06-08,2376,22226,24602
710,2020-06-09,2329,23100,25429
710,2020-06-10,2230,23511,25741
710,2020-06-11,2140,23664,25804
710,2020-06-12,2132,24117,26249
710,2020-06-13,584,16994,17578
710,2020-06-14,140,12512,12652
710,2020-06-15,2326,22058,24384
710,2020-06-16,2261,22929,25190
710,2020-06-17,2204,22184,24388
710,2020-06-18,2201,22426,24627
710,2020-06-19,2277,24113,26390
710,2020-06-20,647,15952,16599
710,2020-06-21,166,12037,12203
710,2020-06-22,1467,20349,21816
710,2020-06-23,472,11873,12345
710,2020-06-24,2370,23986,26356
710,2020-06-25,2313,24573,26886
710,2020-06-26,2121,23778,25899
710,2020-06-27,612,17459,18071
710,2020-06-28,190,12602,12792
710,2020-06-29,2322,24802,27124
710,2020-06-30,2263,24362,26625
710,2020-07-01,2442,24763,27205
710,2020-07-02,2229,23923,26152
710,2020-07-03,2258,26308,28566
710,2020-07-04,646,18494,19140
710,2020-07-05,207,12741,12948
710,2020-07-06,2296,23262,25558
710,2020-07-07,2292,24547,26839
710,2020-07-08,2169,23774,25943
710,2020-07-09,2085,23641,25726
710,2020-07-10,2137,25161,27298
710,2020-07-11,621,16139,16760
710,2020-07-12,207,13650,13857
710,2020-07-13,2177,23967,26144
710,2020-07-14,2225,24721,26946
710,2020-07-15,2352,24365,26717
710,2020-07-16,2227,24822,27049
710,2020-07-17,2308,25279,27587
710,2020-07-18,752,18349,19101
710,2020-07-19,256,14007,14263
710,2020-07-20,2215,23172,25387
710,2020-07-21,2223,24079,26302
710,2020-07-22,2191,24223,26414
710,2020-07-23,2240,23763,26003
710,2020-07-24,2164,24269,26433
710,2020-07-25,796,18122,18918
710,2020-07-26,231,12706,12937
710,2020-07-27,2282,22164,24446
710,2020-07-28,2187,23432,25619
710,2020-07-29,2226,23837,26063
710,2020-07-30,1976,23562,25538
710,2020-07-31,1371,22602,23973
710,2020-08-01,419,16712,17131
710,2020-08-02,159,12805,12964
710,2020-08-03,1330,20163,21493
710,2020-08-04,1349,21042,22391
710,2020-08-05,1327,21028,22355
710,2020-08-06,1288,20937,22225
710,2020-08-07,1309,20814,22123
710,2020-08-08,431,15516,15947
710,2020-08-09,190,12241,12431
710,2020-08-10,1199,18737,19936
710,2020-08-11,1238,19563,20801
710,2020-08-12,1306,19545,20851
710,2020-08-13,1252,19878,21130
710,2020-08-14,1171,20557,21728
710,2020-08-15,192,12295,12487
710,2020-08-16,157,12303,12460
710,2020-08-17,1235,19742,20977
710,2020-08-18,1370,20255,21625
710,2020-08-19,1325,20540,21865
710,2020-08-20,1381,20328,21709
710,2020-08-21,1349,21084,22433
710,2020-08-22,461,16738,17199
710,2020-08-23,195,12568,12763
710,2020-08-24,2166,21992,24158
710,2020-08-25,2408,23137,25545
710,2020-08-26,2449,22967,25416
710,2020-08-27,2355,23583,25938
710,2020-08-28,2173,23574,25747
710,2020-08-29,608,17238,17846
710,2020-08-30,225,13055,13280
710,2020-08-31,2310,22686,24996
710,2020-09-01,2399,22754,25153
710,2020-09-02,2564,23244,25808
710,2020-09-03,2450,23542,25992
710,2020-09-04,2548,24035,26583
710,2020-09-05,851,16946,17797
710,2020-09-06,191,12899,13090
710,2020-09-07,1975,19272,21247
710,2020-09-08,1765,18656,20421
710,2020-09-09,2403,23527,25930
710,2020-09-10,2303,24252,26555
710,2020-09-11,2281,25050,27331
710,2020-09-12,681,18495,19176
710,2020-09-13,278,14588,14866
710,2020-09-14,2286,23550,25836
710,2020-09-15,2178,23805,25983
710,2020-09-16,2292,24063,26355
710,2020-09-17,2320,24843,27163
710,2020-09-18,2150,25511,27661
710,2020-09-19,664,19639,20303
710,2020-09-20,261,15152,15413
710,2020-09-21,2206,24008,26214
710,2020-09-22,2294,24514,26808
710,2020-09-23,2236,23803,26039
710,2020-09-24,2363,25056,27419
710,2020-09-25,2184,25475,27659
710,2020-09-26,572,18163,18735
710,2020-09-27,158,12952,13110
710,2020-09-28,2195,22471,24666
710,2020-09-29,2308,24828,27136
710,2020-09-30,2274,24558,26832
710,2020-10-01,2235,24893,27128
710,2020-10-02,2079,25372,27451
710,2020-10-03,537,18734,19271
710,2020-10-04,120,12787,12907
710,2020-10-05,2100,23023,25123
710,2020-10-06,2123,24061,26184
710,2020-10-07,2130,24404,26534
710,2020-10-08,2221,24602,26823
710,2020-10-09,1910,24784,26694
710,2020-10-10,555,18840,19395
710,2020-10-11,151,12757,12908
710,2020-10-12,2060,23428,25488
710,2020-10-13,2208,24020,26228
710,2020-10-14,2221,24280,26501
710,2020-10-15,2361,24500,26861
710,2020-10-16,2134,25333,27467
710,2020-10-17,617,18355,18972
710,2020-10-18,222,12705,12927
710,2020-10-19,2229,23293,25522
710,2020-10-20,2184,23756,25940
710,2020-10-21,2168,23598,25766
710,2020-10-22,2147,23901,26048
710,2020-10-23,2012,24269,26281
710,2020-10-24,580,16925,17505
710,2020-10-25,153,10656,10809
710,2020-10-26,2090,22121,24211
710,2020-10-27,1986,22767,24753
710,2020-10-28,2082,22937,25019
710,2020-10-29,2057,23418,25475
710,2020-10-30,1949,23965,25914
710,2020-11-01,103,9307,9410
710,2020-11-02,1872,20576,22448
710,2020-11-03,2099,21816,23915
710,2020-11-04,2191,22675,24866
710,2020-11-05,2234,22851,25085
710,2020-11-06,2221,22992,25213
710,2020-11-07,625,17362,17987
710,2020-11-08,146,10892,11038
710,2020-11-09,2171,22722,24893
710,2020-11-10,2151,23268,25419
710,2020-11-11,2180,23354,25534
710,2020-11-12,2114,23911,26025
710,2020-11-13,2052,24546,26598
710,2020-11-14,550,17935,18485
710,2020-11-15,119,9736,9855
710,2020-11-16,2006,21515,23521
710,2020-11-17,2197,23448,25645
710,2020-11-18,2239,23468,25707
710,2020-11-19,2178,24024,26202
710,2020-11-20,2175,24896,27071
710,2020-11-21,503,16341,16844
710,2020-11-22,142,9823,9965
710,2020-11-23,2079,22703,24782
710,2020-11-24,2388,23770,26158
710,2020-11-25,2285,23556,25841
710,2020-11-26,2298,23003,25301
710,2020-11-27,2191,24317,26508
710,2020-11-28,612,16667,17279
710,2020-11-29,163,9638,9801
710,2020-11-30,2172,22164,24336
710,2020-12-01,2137,22529,24666
710,2020-12-02,2186,22894,25080
710,2020-12-03,2116,22910,25026
710,2020-12-04,2022,23952,25974
710,2020-12-05,519,16099,16618
710,2020-12-06,136,9434,9570
710,2020-12-07,2122,22088,24210
710,2020-12-08,2088,22383,24471
710,2020-12-09,2192,22903,25095
710,2020-12-10,2142,23368,25510
710,2020-12-11,1953,23125,25078
710,2020-12-12,540,15649,16189
710,2020-12-13,90,9195,9285
710,2020-12-14,2061,22323,24384
710,2020-12-15,2123,23063,25186
710,2020-12-16,2233,23424,25657
710,2020-12-17,2159,23918,26077
710,2020-12-18,1714,24391,26105
710,2020-12-19,431,15947,16378
710,2020-12-20,118,9555,9673
710,2020-12-21,1132,20193,21325
710,2020-12-22,1080,20674,21754
710,2020-12-23,926,19514,20440
710,2020-12-24,611,15024,15635
710,2020-12-25,53,7631,7684
710,2020-12-26,101,7520,7621
710,2020-12-27,112,6787,6899
710,2020-12-28,716,13801,14517
710,2020-12-29,743,14468,15211
710,2020-12-30,735,15642,16377
710,2020-12-31,496,11919,12415
711,2020-01-01,29,3418,3447
711,2020-01-02,226,4750,4976
711,2020-01-03,235,5279,5514
711,2020-01-04,200,4773,4973
711,2020-01-05,36,3908,3944
711,2020-01-06,306,6101,6407
711,2020-01-07,374,7369,7743
711,2020-01-08,336,6479,6815
711,2020-01-09,338,6486,6824
711,2020-01-10,335,6776,7111
711,2020-01-11,230,5537,5767
711,2020-01-12,46,4244,4290
711,2020-01-13,410,6421,6831
711,2020-01-14,377,6752,7129
711,2020-01-15,411,6712,7123
711,2020-01-16,428,7038,7466
711,2020-01-17,423,7068,7491
711,2020-01-18,463,13379,13842
711,2020-01-19,46,5004,5050
711,2020-01-20,451,6449,6900
711,2020-01-21,443,6888,7331
711,2020-01-22,406,6735,7141
711,2020-01-23,416,6646,7062
711,2020-01-24,428,7194,7622
711,2020-01-25,225,6217,6442
711,2020-01-26,51,4757,4808
711,2020-01-27,401,6239,6640
711,2020-01-28,374,6735,7109
711,2020-01-29,413,6775,7188
711,2020-01-30,449,6745,7194
711,2020-01-31,432,7026,7458
711,2020-02-01,214,5630,5844
711,2020-02-02,43,4573,4616
711,2020-02-03,396,6321,6717
711,2020-02-04,406,7033,7439
711,2020-02-05,434,6817,7251
711,2020-02-06,374,7049,7423
711,2020-02-07,440,7225,7665
711,2020-02-08,241,6049,6290
711,2020-02-09,54,4222,4276
711,2020-02-10,348,5926,6274
711,2020-02-11,405,6874,7279
711,2020-02-12,394,6909,7303
711,2020-02-13,406,7079,7485
711,2020-02-14,436,7386,7822
711,2020-02-15,311,5689,6000
711,2020-02-16,126,4397,4523
711,2020-02-17,415,5944,6359
711,2020-02-18,460,6328,6788
711,2020-02-19,430,6408,6838
711,2020-02-20,428,6895,7323
711,2020-02-21,436,6419,6855
711,2020-02-22,271,5546,5817
711,2020-02-23,114,5302,5416
711,2020-02-24,341,6131,6472
711,2020-02-25,409,6712,7121
711,2020-02-26,444,6798,7242
711,2020-02-27,366,6241,6607
711,2020-02-28,435,7258,7693
711,2020-02-29,231,6095,6326
711,2020-03-01,57,4599,4656
711,2020-03-02,435,6543,6978
711,2020-03-03,423,6829,7252
711,2020-03-04,483,6914,7397
711,2020-03-05,427,6802,7229
711,2020-03-06,433,7234,7667
711,2020-03-07,363,6426,6789
711,2020-03-08,131,4641,4772
711,2020-03-09,453,6695,7148
711,2020-03-10,428,6986,7414
711,2020-03-11,450,6888,7338
711,2020-03-12,463,6934,7397
711,2020-03-13,504,7039,7543
711,2020-03-14,355,4918,5273
711,2020-03-15,135,4002,4137
711,2020-03-16,473,5293,5766
711,2020-03-17,483,4693,5176
711,2020-03-18,448,4049,4497
711,2020-03-19,368,3220,3588
711,2020-03-20,295,2953,3248
711,2020-03-21,186,1753,1939
711,2020-03-22,6,1365,1371
711,2020-03-23,249,2355,2604
711,2020-03-24,252,2300,2552
711,2020-03-25,257,2343,2600
711,2020-03-26,253,2350,2603
711,2020-03-27,235,2664,2899
711,2020-03-28,230,2031,2261
711,2020-03-30,247,2627,2874
711,2020-03-31,245,2524,2769
711,2020-04-01,258,2646,2904
711,2020-04-02,245,2470,2715
711,2020-04-03,252,2765,3017
711,2020-04-04,182,2168,2350
711,2020-04-05,12,1467,1479
711,2020-04-06,266,2624,2890
711,2020-04-07,248,2759,3007
711,2020-04-08,271,2862,3133
711,2020-04-09,269,2793,3062
711,2020-04-10,232,3074,3306
711,2020-04-11,211,2647,2858
711,2020-04-12,11,1478,1489
711,2020-04-13,16,1480,1496
711,2020-04-14,257,3036,3293
711,2020-04-15,247,3096,3343
711,2020-04-16,261,3408,3669
711,2020-04-17,283,3806,4089
711,2020-04-18,192,2864,3056
711,2020-04-19,13,2119,2132
711,2020-04-20,376,4133,4509
711,2020-04-21,427,4190,4617
711,2020-04-22,388,4319,4707
711,2020-04-23,390,4465,4855
711,2020-04-24,481,4780,5261
711,2020-04-25,244,4135,4379
711,2020-04-26,14,2976,2990
711,2020-04-27,431,4639,5070
711,2020-04-28,407,4552,4959
711,2020-04-29,399,4589,4988
711,2020-04-30,413,4986,5399
711,2020-05-01,19,2400,2419
711,2020-05-02,212,3941,4153
711,2020-05-03,17,2751,2768
711,2020-05-04,428,4966,5394
711,2020-05-05,421,5143,5564
711,2020-05-06,456,5424,5880
711,2020-05-07,458,5485,5943
711,2020-05-08,473,6102,6575
711,2020-05-09,134,3591,3725
711,2020-05-10,96,3367,3463
711,2020-05-11,463,5896,6359
711,2020-05-12,468,6100,6568
711,2020-05-13,505,6287,6792
711,2020-05-14,505,6436,6941
711,2020-05-15,509,6745,7254
711,2020-05-16,356,5730,6086
711,2020-05-17,92,4461,4553
711,2020-05-18,455,6221,6676
711,2020-05-19,514,6462,6976
711,2020-05-20,472,6853,7325
711,2020-05-21,75,4431,4506
711,2020-05-22,358,6629,6987
711,2020-05-23,225,5163,5388
711,2020-05-24,67,4153,4220
711,2020-05-25,463,6290,6753
711,2020-05-26,492,6737,7229
711,2020-05-27,524,6715,7239
711,2020-05-28,479,6915,7394
711,2020-05-29,486,7544,8030
711,2020-05-30,280,6216,6496
711,2020-05-31,55,5083,5138
711,2020-06-01,55,4775,4830
711,2020-06-02,465,7468,7933
711,2020-06-03,517,7071,7588
711,2020-06-04,478,7048,7526
711,2020-06-05,471,7197,7668
711,2020-06-06,269,6409,6678
711,2020-06-07,57,4614,4671
711,2020-06-08,451,7434,7885
711,2020-06-09,469,7551,8020
711,2020-06-10,455,7832,8287
711,2020-06-11,473,8009,8482
711,2020-06-12,496,8317,8813
711,2020-06-13,267,6832,7099
711,2020-06-14,45,5128,5173
711,2020-06-15,498,7784,8282
711,2020-06-16,477,8117,8594
711,2020-06-17,441,7589,8030
711,2020-06-18,475,8177,8652
711,2020-06-19,466,8553,9019
711,2020-06-20,296,7029,7325
711,2020-06-21,85,5527,5612
711,2020-06-22,402,7585,7987
711,2020-06-23,85,4796,4881
711,2020-06-24,513,7983,8496
711,2020-06-25,480,8344,8824
711,2020-06-26,477,7252,7729
711,2020-06-27,262,6700,6962
711,2020-06-28,61,5101,5162
711,2020-06-29,440,7786,8226
711,2020-06-30,483,7840,8323
711,2020-07-01,464,8091,8555
711,2020-07-02,518,8250,8768
711,2020-07-03,510,8810,9320
711,2020-07-04,296,7138,7434
711,2020-07-05,65,5151,5216
711,2020-07-06,429,7975,8404
711,2020-07-07,475,8378,8853
711,2020-07-08,462,8276,8738
711,2020-07-09,453,8806,9259
711,2020-07-10,458,8696,9154
711,2020-07-11,288,7191,7479
711,2020-07-12,73,5611,5684
711,2020-07-13,452,8128,8580
711,2020-07-14,447,8079,8526
711,2020-07-15,491,8450,8941
711,2020-07-16,425,8485,8910
711,2020-07-17,494,8328,8822
711,2020-07-18,290,6909,7199
711,2020-07-19,68,5600,5668
711,2020-07-20,478,7799,8277
711,2020-07-21,459,8340,8799
711,2020-07-22,457,8025,8482
711,2020-07-23,467,8269,8736
711,2020-07-24,484,8150,8634
711,2020-07-25,267,6943,7210
711,2020-07-26,66,5029,5095
711,2020-07-27,478,7930,8408
711,2020-07-28,506,7544,8050
711,2020-07-29,514,8014,8528
711,2020-07-30,426,8045,8471
711,2020-07-31,407,7802,8209
711,2020-08-01,264,6165,6429
711,2020-08-02,92,5068,5160
711,2020-08-03,366,6558,6924
711,2020-08-04,373,6926,7299
711,2020-08-05,358,7143,7501
711,2020-08-06,361,6936,7297
711,2020-08-07,355,7025,7380
711,2020-08-08,244,5733,5977
711,2020-08-09,67,4712,4779
711,2020-08-10,362,6331,6693
711,2020-08-11,329,6459,6788
711,2020-08-12,337,6584,6921
711,2020-08-13,294,6692,6986
711,2020-08-14,320,7367,7687
711,2020-08-15,69,4675,4744
711,2020-08-16,61,4586,4647
711,2020-08-17,295,6585,6880
711,2020-08-18,350,6595,6945
711,2020-08-19,326,6642,6968
711,2020-08-20,315,6631,6946
711,2020-08-21,313,6711,7024
711,2020-08-22,321,5682,6003
711,2020-08-23,145,4535,4680
711,2020-08-24,523,6710,7233
711,2020-08-25,476,7082,7558
711,2020-08-26,483,6882,7365
711,2020-08-27,522,7120,7642
711,2020-08-28,488,7162,7650
711,2020-08-29,349,5846,6195
711,2020-08-30,151,4654,4805
711,2020-08-31,510,6701,7211
711,2020-09-01,469,6896,7365
711,2020-09-02,507,7205,7712
711,2020-09-03,474,7136,7610
711,2020-09-04,546,7542,8088
711,2020-09-05,344,6167,6511
711,2020-09-06,141,5193,5334
711,2020-09-07,540,7165,7705
711,2020-09-08,597,7582,8179
711,2020-09-09,520,7510,8030
711,2020-09-10,556,7570,8126
711,2020-09-11,552,8002,8554
711,2020-09-12,267,6691,6958
711,2020-09-13,62,5595,5657
711,2020-09-14,435,7544,7979
711,2020-09-15,449,7808,8257
711,2020-09-16,479,7516,7995
711,2020-09-17,517,7750,8267
711,2020-09-18,494,8151,8645
711,2020-09-19,311,7293,7604
711,2020-09-20,101,6824,6925
711,2020-09-21,505,7685,8190
711,2020-09-22,500,7939,8439
711,2020-09-23,510,7940,8450
711,2020-09-24,486,8134,8620
711,2020-09-25,505,8117,8622
711,2020-09-26,249,6408,6657
711,2020-09-27,53,4825,4878
711,2020-09-28,499,7524,8023
711,2020-09-29,429,7795,8224
711,2020-09-30,454,7744,8198
711,2020-10-01,458,7819,8277
711,2020-10-02,458,8182,8640
711,2020-10-03,224,6428,6652
711,2020-10-04,54,4735,4789
711,2020-10-05,461,7102,7563
711,2020-10-06,426,7716,8142
711,2020-10-07,432,7617,8049
711,2020-10-08,446,7861,8307
711,2020-10-09,413,7970,8383
711,2020-10-10,257,6864,7121
711,2020-10-11,62,5098,5160
711,2020-10-12,488,7323,7811
711,2020-10-13,424,7722,8146
711,2020-10-14,452,7675,8127
711,2020-10-15,450,7714,8164
711,2020-10-16,479,8105,8584
711,2020-10-17,284,6663,6947
711,2020-10-18,65,4820,4885
711,2020-10-19,454,7244,7698
711,2020-10-20,468,7556,8024
711,2020-10-21,432,7548,7980
711,2020-10-22,463,7631,8094
711,2020-10-23,488,8038,8526
711,2020-10-24,253,6282,6535
711,2020-10-25,54,3871,3925
711,2020-10-26,496,7089,7585
711,2020-10-27,477,7333,7810
711,2020-10-28,451,7378,7829
711,2020-10-29,412,7509,7921
711,2020-10-30,416,7876,8292
711,2020-11-01,37,3480,3517
711,2020-11-02,357,6188,6545
711,2020-11-03,438,6643,7081
711,2020-11-04,429,6584,7013
711,2020-11-05,423,6496,6919
711,2020-11-06,521,6348,6869
711,2020-11-07,283,5583,5866
711,2020-11-08,61,3895,3956
711,2020-11-09,456,6277,6733
711,2020-11-10,418,6516,6934
711,2020-11-11,412,6652,7064
711,2020-11-12,428,6766,7194
711,2020-11-13,453,7089,7542
711,2020-11-14,244,6152,6396
711,2020-11-15,42,4138,4180
711,2020-11-16,535,6948,7483
711,2020-11-17,480,6603,7083
711,2020-11-18,459,6602,7061
711,2020-11-19,414,6696,7110
711,2020-11-20,410,6756,7166
711,2020-11-21,248,5745,5993
711,2020-11-22,52,3923,3975
711,2020-11-23,462,5882,6344
711,2020-11-24,463,6369,6832
711,2020-11-25,455,6243,6698
711,2020-11-26,438,6498,6936
711,2020-11-27,420,6452,6872
711,2020-11-28,369,5257,5626
711,2020-11-29,130,3638,3768
711,2020-11-30,441,5981,6422
711,2020-12-01,420,6200,6620
711,2020-12-02,419,6120,6539
711,2020-12-03,408,6041,6449
711,2020-12-04,474,6615,7089
711,2020-12-05,252,5528,5780
711,2020-12-06,51,3808,3859
711,2020-12-07,445,5854,6299
711,2020-12-08,393,6095,6488
711,2020-12-09,402,6169,6571
711,2020-12-10,450,6257,6707
711,2020-12-11,426,6670,7096
711,2020-12-12,226,5198,5424
711,2020-12-13,54,3417,3471
711,2020-12-14,427,6043,6470
711,2020-12-15,427,6397,6824
711,2020-12-16,410,6346,6756
711,2020-12-17,428,6499,6927
711,2020-12-18,409,6756,7165
711,2020-12-19,229,5305,5534
711,2020-12-20,44,3525,3569
711,2020-12-21,276,5447,5723
711,2020-12-22,270,5679,5949
711,2020-12-23,272,5692,5964
711,2020-12-24,189,5109,5298
711,2020-12-25,38,2711,2749
711,2020-12-26,56,2893,2949
711,2020-12-27,42,2530,2572
711,2020-12-28,253,4217,4470
711,2020-12-29,244,4341,4585
711,2020-12-30,246,4675,4921
711,2020-12-31,209,4076,4285
712,2020-01-01,4,2592,2596
712,2020-01-02,214,3964,4178
712,2020-01-03,184,4433,4617
712,2020-01-04,203,3662,3865
712,2020-01-05,20,3018,3038
712,2020-01-06,346,5846,6192
712,2020-01-07,313,6257,6570
712,2020-01-08,275,5969,6244
712,2020-01-09,268,6376,6644
712,2020-01-10,261,6269,6530
712,2020-01-11,200,4346,4546
712,2020-01-12,16,3099,3115
712,2020-01-13,362,6069,6431
712,2020-01-14,317,6588,6905
712,2020-01-15,341,6345,6686
712,2020-01-16,320,6533,6853
712,2020-01-17,326,6167,6493
712,2020-01-18,188,4469,4657
712,2020-01-19,16,3202,3218
712,2020-01-20,342,6020,6362
712,2020-01-21,358,6208,6566
712,2020-01-22,365,5999,6364
712,2020-01-23,354,6300,6654
712,2020-01-24,354,6106,6460
712,2020-01-25,194,4282,4476
712,2020-01-26,15,3282,3297
712,2020-01-27,306,6221,6527
712,2020-01-28,293,6263,6556
712,2020-01-29,338,6263,6601
712,2020-01-30,331,6505,6836
712,2020-01-31,420,6731,7151
712,2020-02-01,190,4371,4561
712,2020-02-02,17,3209,3226
712,2020-02-03,367,6307,6674
712,2020-02-04,305,6889,7194
712,2020-02-05,343,6383,6726
712,2020-02-06,362,6524,6886
712,2020-02-07,371,6354,6725
712,2020-02-08,223,4394,4617
712,2020-02-09,20,3049,3069
712,2020-02-11,319,6154,6473
712,2020-02-12,335,5954,6289
712,2020-02-13,314,6062,6376
712,2020-02-14,453,6070,6523
712,2020-02-15,209,4108,4317
712,2020-02-16,18,2968,2986
712,2020-02-17,286,5076,5362
712,2020-02-18,239,5080,5319
712,2020-02-19,242,5056,5298
712,2020-02-20,254,5232,5486
712,2020-02-21,285,5136,5421
712,2020-02-22,204,4080,4284
712,2020-02-23,14,3086,3100
712,2020-02-24,281,6009,6290
712,2020-02-25,331,6558,6889
712,2020-02-26,344,6291,6635
712,2020-02-27,272,5592,5864
712,2020-02-28,392,5835,6227
712,2020-02-29,220,4478,4698
712,2020-03-01,26,3332,3358
712,2020-03-02,328,6362,6690
712,2020-03-03,351,6481,6832
712,2020-03-04,332,6416,6748
712,2020-03-05,317,6360,6677
712,2020-03-06,394,6399,6793
712,2020-03-07,228,4599,4827
712,2020-03-08,19,3356,3375
712,2020-03-09,375,6504,6879
712,2020-03-10,315,6223,6538
712,2020-03-11,312,6323,6635
712,2020-03-12,349,6626,6975
712,2020-03-13,334,6204,6538
712,2020-03-14,214,3726,3940
712,2020-03-15,19,2854,2873
712,2020-03-16,281,4451,4732
712,2020-03-17,305,3805,4110
712,2020-03-18,256,3357,3613
712,2020-03-19,226,2921,3147
712,2020-03-20,239,2910,3149
712,2020-03-21,151,1687,1838
712,2020-03-22,4,1226,1230
712,2020-03-23,180,2533,2713
712,2020-03-24,192,2490,2682
712,2020-03-25,187,2500,2687
712,2020-03-26,185,2597,2782
712,2020-03-27,199,2841,3040
712,2020-03-28,159,1959,2118
712,2020-03-30,189,2570,2759
712,2020-03-31,207,2550,2757
712,2020-04-01,190,2594,2784
712,2020-04-02,206,2675,2881
712,2020-04-03,207,2808,3015
712,2020-04-04,170,1958,2128
712,2020-04-05,0,1353,1353
712,2020-04-06,231,2579,2810
712,2020-04-07,208,2590,2798
712,2020-04-08,214,2780,2994
712,2020-04-09,216,2926,3142
712,2020-04-10,217,3153,3370
712,2020-04-11,169,2384,2553
712,2020-04-12,6,1423,1429
712,2020-04-13,4,1371,1375
712,2020-04-14,197,3023,3220
712,2020-04-15,182,3093,3275
712,2020-04-16,206,3065,3271
712,2020-04-17,188,3423,3611
712,2020-04-18,168,2547,2715
712,2020-04-19,7,1772,1779
712,2020-04-20,266,3471,3737
712,2020-04-21,290,3608,3898
712,2020-04-22,285,3682,3967
712,2020-04-23,308,3753,4061
712,2020-04-24,260,4019,4279
712,2020-04-25,172,3196,3368
712,2020-04-26,21,2154,2175
712,2020-04-27,305,3826,4131
712,2020-04-28,288,3734,4022
712,2020-04-29,313,4349,4662
712,2020-04-30,327,4337,4664
712,2020-05-01,8,1764,1772
712,2020-05-02,200,3220,3420
712,2020-05-03,16,2338,2354
712,2020-05-04,385,4801,5186
712,2020-05-05,378,5010,5388
712,2020-05-06,393,5142,5535
712,2020-05-08,375,5530,5905
712,2020-05-09,36,2628,2664
712,2020-05-10,11,2447,2458
712,2020-05-11,289,5219,5508
712,2020-05-12,297,5390,5687
712,2020-05-13,365,5513,5878
712,2020-05-14,308,5319,5627
712,2020-05-15,290,5652,5942
712,2020-05-16,230,4199,4429
712,2020-05-17,14,3209,3223
712,2020-05-18,277,5707,5984
712,2020-05-19,323,5789,6112
712,2020-05-20,287,6096,6383
712,2020-05-21,21,3181,3202
712,2020-05-22,285,5688,5973
712,2020-05-23,182,3799,3981
712,2020-05-24,12,3082,3094
712,2020-05-25,343,6030,6373
712,2020-05-26,358,6081,6439
712,2020-05-27,392,5975,6367
712,2020-05-28,323,6054,6377
712,2020-05-29,337,6400,6737
712,2020-05-30,212,4476,4688
712,2020-05-31,27,3496,3523
712,2020-06-01,12,3318,3330
712,2020-06-02,272,5546,5818
712,2020-06-03,299,5639,5938
712,2020-06-05,328,5493,5821
712,2020-06-06,222,4088,4310
712,2020-06-07,12,3190,3202
712,2020-06-08,372,6221,6593
712,2020-06-09,395,6068,6463
712,2020-06-10,358,6120,6478
712,2020-06-11,376,6249,6625
712,2020-06-12,358,6588,6946
712,2020-06-13,219,4766,4985
712,2020-06-14,8,3654,3662
712,2020-06-15,344,6277,6621
712,2020-06-16,341,6255,6596
712,2020-06-17,304,6095,6399
712,2020-06-18,304,6357,6661
712,2020-06-19,300,6434,6734
712,2020-06-20,207,4504,4711
712,2020-06-21,21,3749,3770
712,2020-06-22,321,5984,6305
712,2020-06-23,24,3326,3350
712,2020-06-24,339,6377,6716
712,2020-06-25,364,6435,6799
712,2020-06-26,385,6171,6556
712,2020-06-27,219,4566,4785
712,2020-06-28,19,3364,3383
712,2020-06-29,301,6519,6820
712,2020-06-30,373,6462,6835
712,2020-07-01,309,6562,6871
712,2020-07-02,362,6576,6938
712,2020-07-03,363,6686,7049
712,2020-07-04,192,4785,4977
712,2020-07-05,12,3445,3457
712,2020-07-06,327,6486,6813
712,2020-07-07,334,6706,7040
712,2020-07-08,364,6634,6998
712,2020-07-09,292,6956,7248
712,2020-07-10,349,6798,7147
712,2020-07-11,215,4962,5177
712,2020-07-12,13,3701,3714
712,2020-07-13,359,6374,6733
712,2020-07-14,313,6385,6698
712,2020-07-15,318,6249,6567
712,2020-07-16,278,6051,6329
712,2020-07-17,284,6179,6463
712,2020-07-18,221,4652,4873
712,2020-07-19,26,3612,3638
712,2020-07-20,258,5800,6058
712,2020-07-21,279,5713,5992
712,2020-07-22,272,6005,6277
712,2020-07-23,258,6069,6327
712,2020-07-24,279,5820,6099
712,2020-07-25,194,4468,4662
712,2020-07-26,15,3362,3377
712,2020-07-27,250,5699,5949
712,2020-07-28,280,5620,5900
712,2020-07-29,261,5723,5984
712,2020-07-30,233,5629,5862
712,2020-07-31,232,5472,5704
712,2020-08-01,181,4185,4366
712,2020-08-02,20,3396,3416
712,2020-08-03,212,5108,5320
712,2020-08-04,203,5186,5389
712,2020-08-05,206,5324,5530
712,2020-08-06,208,5331,5539
712,2020-08-07,236,5107,5343
712,2020-08-08,185,3942,4127
712,2020-08-09,11,3094,3105
712,2020-08-10,227,4987,5214
712,2020-08-11,242,5093,5335
712,2020-08-12,202,5215,5417
712,2020-08-13,233,5128,5361
712,2020-08-14,221,5318,5539
712,2020-08-15,24,3344,3368
712,2020-08-16,22,3288,3310
712,2020-08-17,213,4951,5164
712,2020-08-18,236,5018,5254
712,2020-08-19,203,5102,5305
712,2020-08-20,211,5179,5390
712,2020-08-21,236,5182,5418
712,2020-08-22,198,4103,4301
712,2020-08-23,12,3231,3243
712,2020-08-24,241,5154,5395
712,2020-08-25,268,5263,5531
712,2020-08-26,277,5246,5523
712,2020-08-27,269,5385,5654
712,2020-08-28,268,5401,5669
712,2020-08-29,214,4130,4344
712,2020-08-30,21,3115,3136
712,2020-08-31,238,5025,5263
712,2020-09-01,223,5036,5259
712,2020-09-02,298,5278,5576
712,2020-09-03,270,5287,5557
712,2020-09-04,281,5479,5760
712,2020-09-05,206,4171,4377
712,2020-09-06,47,3390,3437
712,2020-09-07,256,5753,6009
712,2020-09-08,323,6002,6325
712,2020-09-09,282,5689,5971
712,2020-09-10,261,5323,5584
712,2020-09-11,329,5814,6143
712,2020-09-12,202,4618,4820
712,2020-09-13,18,3666,3684
712,2020-09-14,307,5754,6061
712,2020-09-15,357,5967,6324
712,2020-09-16,367,6141,6508
712,2020-09-17,379,6612,6991
712,2020-09-18,357,6784,7141
712,2020-09-19,264,5031,5295
712,2020-09-20,81,3921,4002
712,2020-09-21,391,6541,6932
712,2020-09-22,372,6742,7114
712,2020-09-23,353,6739,7092
712,2020-09-24,321,6808,7129
712,2020-09-25,317,6641,6958
712,2020-09-26,200,4513,4713
712,2020-09-27,21,3280,3301
712,2020-09-28,334,6447,6781
712,2020-09-29,337,6769,7106
712,2020-09-30,338,6780,7118
712,2020-10-01,323,6722,7045
712,2020-10-02,342,6738,7080
712,2020-10-03,201,4534,4735
712,2020-10-04,7,3471,3478
712,2020-10-05,344,6341,6685
712,2020-10-06,345,6390,6735
712,2020-10-07,342,6534,6876
712,2020-10-08,312,6581,6893
712,2020-10-09,307,6494,6801
712,2020-10-10,206,4641,4847
712,2020-10-11,20,3476,3496
712,2020-10-12,530,6365,6895
712,2020-10-13,339,6621,6960
712,2020-10-14,343,6656,6999
712,2020-10-15,453,6517,6970
712,2020-10-16,346,6676,7022
712,2020-10-17,273,4621,4894
712,2020-10-18,18,3332,3350
712,2020-10-19,353,6339,6692
712,2020-10-20,338,6630,6968
712,2020-10-21,332,6388,6720
712,2020-10-22,341,6456,6797
712,2020-10-23,331,6468,6799
712,2020-10-24,210,4158,4368
712,2020-10-25,14,2903,2917
712,2020-10-26,421,6068,6489
712,2020-10-27,368,6210,6578
712,2020-10-28,333,6358,6691
712,2020-10-29,324,6046,6370
712,2020-10-30,308,6058,6366
712,2020-11-01,10,2564,2574
712,2020-11-02,304,4783,5087
712,2020-11-03,264,5020,5284
712,2020-11-04,277,5166,5443
712,2020-11-05,260,5094,5354
712,2020-11-06,424,7528,7952
712,2020-11-07,267,4714,4981
712,2020-11-08,25,3004,3029
712,2020-11-09,351,6043,6394
712,2020-11-10,334,6152,6486
712,2020-11-11,344,6210,6554
712,2020-11-12,360,6217,6577
712,2020-11-13,357,6184,6541
712,2020-11-14,193,4277,4470
712,2020-11-15,11,2818,2829
712,2020-11-16,317,5976,6293
712,2020-11-17,333,6379,6712
712,2020-11-18,320,6197,6517
712,2020-11-19,307,5923,6230
712,2020-11-20,373,6146,6519
712,2020-11-21,179,4117,4296
712,2020-11-22,9,2755,2764
712,2020-11-23,340,6031,6371
712,2020-11-24,389,6206,6595
712,2020-11-25,374,6187,6561
712,2020-11-26,353,6068,6421
712,2020-11-27,346,6144,6490
712,2020-11-28,180,4091,4271
712,2020-11-29,16,2749,2765
712,2020-11-30,362,5544,5906
712,2020-12-01,318,5756,6074
712,2020-12-02,313,5954,6267
712,2020-12-03,294,5742,6036
712,2020-12-04,318,6285,6603
712,2020-12-05,190,4047,4237
712,2020-12-06,19,2682,2701
712,2020-12-07,345,5717,6062
712,2020-12-08,304,5691,5995
712,2020-12-09,369,5880,6249
712,2020-12-10,334,5803,6137
712,2020-12-11,314,5648,5962
712,2020-12-12,183,3891,4074
712,2020-12-13,88,2728,2816
712,2020-12-14,332,6066,6398
712,2020-12-15,345,5916,6261
712,2020-12-16,380,6222,6602
712,2020-12-17,360,5836,6196
712,2020-12-18,340,6181,6521
712,2020-12-19,205,3984,4189
712,2020-12-20,84,2858,2942
712,2020-12-21,245,4912,5157
712,2020-12-22,232,5266,5498
712,2020-12-23,226,5053,5279
712,2020-12-24,185,4424,4609
712,2020-12-25,84,2319,2403
712,2020-12-26,99,2401,2500
712,2020-12-27,74,2054,2128
712,2020-12-28,217,3690,3907
712,2020-12-29,221,3859,4080
712,2020-12-30,219,4140,4359
712,2020-12-31,197,3367,3564
716,2020-01-01,86,5439,5525
716,2020-01-02,487,9681,10168
716,2020-01-03,457,10566,11023
716,2020-01-04,408,9456,9864
716,2020-01-05,120,6697,6817
716,2020-01-06,839,12931,13770
716,2020-01-07,633,12572,13205
716,2020-01-08,625,12016,12641
716,2020-01-09,581,12521,13102
716,2020-01-10,614,13047,13661
716,2020-01-11,417,10675,11092
716,2020-01-12,118,7174,7292
716,2020-01-13,699,11962,12661
716,2020-01-14,743,12577,13320
716,2020-01-15,794,12560,13354
716,2020-01-16,742,13133,13875
716,2020-01-17,746,13109,13855
716,2020-01-18,582,15827,16409
716,2020-01-19,134,7772,7906
716,2020-01-20,764,12387,13151
716,2020-01-21,759,12534,13293
716,2020-01-22,793,12475,13268
716,2020-01-23,757,12689,13446
716,2020-01-24,798,13133,13931
716,2020-01-25,427,11208,11635
716,2020-01-26,118,8183,8301
716,2020-01-27,697,12030,12727
716,2020-01-28,735,12560,13295
716,2020-01-29,785,12554,13339
716,2020-01-30,709,12997,13706
716,2020-01-31,735,13579,14314
716,2020-02-01,399,11373,11772
716,2020-02-02,108,7838,7946
716,2020-02-03,802,12193,12995
716,2020-02-04,791,13576,14367
716,2020-02-05,809,12392,13201
716,2020-02-06,786,12927,13713
716,2020-02-07,783,13697,14480
716,2020-02-08,462,10948,11410
716,2020-02-09,120,7928,8048
716,2020-02-11,730,12643,13373
716,2020-02-12,698,12563,13261
716,2020-02-13,729,13117,13846
716,2020-02-14,763,13596,14359
716,2020-02-15,599,10603,11202
716,2020-02-16,221,7485,7706
716,2020-02-17,675,11215,11890
716,2020-02-18,681,11790,12471
716,2020-02-19,657,11647,12304
716,2020-02-20,696,11788,12484
716,2020-02-21,695,12075,12770
716,2020-02-22,486,10495,10981
716,2020-02-23,295,6867,7162
716,2020-02-24,675,11890,12565
716,2020-02-25,698,12877,13575
716,2020-02-26,791,12716,13507
716,2020-02-27,604,12085,12689
716,2020-02-28,712,13855,14567
716,2020-02-29,440,11307,11747
716,2020-03-01,117,8169,8286
716,2020-03-02,744,12723,13467
716,2020-03-03,778,12840,13618
716,2020-03-04,795,12828,13623
716,2020-03-05,718,12984,13702
716,2020-03-06,762,13749,14511
716,2020-03-07,587,11689,12276
716,2020-03-08,244,8043,8287
716,2020-03-09,758,12621,13379
716,2020-03-10,709,13162,13871
716,2020-03-11,779,12768,13547
716,2020-03-12,766,13433,14199
716,2020-03-13,779,14246,15025
716,2020-03-14,608,9643,10251
716,2020-03-15,217,6722,6939
716,2020-03-16,682,10362,11044
716,2020-03-17,723,9031,9754
716,2020-03-18,679,7679,8358
716,2020-03-19,590,6376,6966
716,2020-03-20,547,6189,6736
716,2020-03-21,462,3898,4360
716,2020-03-22,95,2354,2449
716,2020-03-23,476,5495,5971
716,2020-03-24,496,5175,5671
716,2020-03-25,487,5239,5726
716,2020-03-26,496,5556,6052
716,2020-03-27,498,5940,6438
716,2020-03-28,415,4307,4722
716,2020-03-30,494,5506,6000
716,2020-03-31,469,5540,6009
716,2020-04-01,501,5540,6041
716,2020-04-02,508,5746,6254
716,2020-04-03,504,6049,6553
716,2020-04-04,409,4294,4703
716,2020-04-05,11,2295,2306
716,2020-04-06,540,5697,6237
716,2020-04-07,544,5857,6401
716,2020-04-08,547,5942,6489
716,2020-04-09,543,6366,6909
716,2020-04-10,492,6745,7237
716,2020-04-11,395,5063,5458
716,2020-04-12,7,2435,2442
716,2020-04-13,33,2529,2562
716,2020-04-14,538,6399,6937
716,2020-04-15,509,6246,6755
716,2020-04-16,517,6856,7373
716,2020-04-17,510,7338,7848
716,2020-04-18,397,5945,6342
716,2020-04-19,15,3193,3208
716,2020-04-20,617,7694,8311
716,2020-04-21,663,7968,8631
716,2020-04-22,655,7991,8646
716,2020-04-23,664,8501,9165
716,2020-04-24,724,8979,9703
716,2020-04-25,419,7551,7970
716,2020-04-26,22,4197,4219
716,2020-04-27,692,8789,9481
716,2020-04-28,640,8438,9078
716,2020-04-29,679,8699,9378
716,2020-04-30,689,9945,10634
716,2020-05-01,32,3571,3603
716,2020-05-02,405,7709,8114
716,2020-05-03,24,4241,4265
716,2020-05-04,714,9208,9922
716,2020-05-05,782,9706,10488
716,2020-05-06,770,9668,10438
716,2020-05-07,737,10253,10990
716,2020-05-08,710,10746,11456
716,2020-05-09,206,5445,5651
716,2020-05-10,215,6064,6279
716,2020-05-11,711,11296,12007
716,2020-05-12,734,11179,11913
716,2020-05-13,744,11375,12119
716,2020-05-14,866,12671,13537
716,2020-05-15,804,12759,13563
716,2020-05-16,611,10878,11489
716,2020-05-17,187,6509,6696
716,2020-05-18,760,11048,11808
716,2020-05-19,772,11821,12593
716,2020-05-20,728,12762,13490
716,2020-05-21,135,6482,6617
716,2020-05-22,650,12268,12918
716,2020-05-23,454,9534,9988
716,2020-05-24,117,6259,6376
716,2020-05-25,751,11619,12370
716,2020-05-26,766,12031,12797
716,2020-05-27,734,11703,12437
716,2020-05-28,783,12416,13199
716,2020-05-29,787,13155,13942
716,2020-06-19,774,13458,14232
716,2020-06-20,651,10467,11118
716,2020-06-21,317,7952,8269
716,2020-06-22,607,12798,13405
716,2020-06-23,126,7159,7285
716,2020-06-24,860,12815,13675
716,2020-06-25,826,13524,14350
716,2020-06-26,813,12878,13691
716,2020-06-27,649,11166,11815
716,2020-06-28,304,7739,8043
716,2020-06-29,783,12771,13554
716,2020-06-30,780,12903,13683
716,2020-07-01,761,12511,13272
716,2020-07-02,782,12842,13624
716,2020-07-03,810,13741,14551
716,2020-07-04,700,11150,11850
716,2020-07-05,322,7692,8014
716,2020-07-06,766,12390,13156
716,2020-07-07,851,12869,13720
716,2020-07-08,773,12457,13230
716,2020-07-09,745,13084,13829
716,2020-07-10,759,13596,14355
716,2020-07-11,662,12442,13104
716,2020-07-12,320,8141,8461
716,2020-07-13,991,12509,13500
716,2020-07-14,994,12881,13875
716,2020-07-15,960,12612,13572
716,2020-07-16,947,12803,13750
716,2020-07-17,937,13073,14010
716,2020-07-18,636,11094,11730
716,2020-07-19,322,8383,8705
716,2020-07-20,915,12049,12964
716,2020-07-21,906,12467,13373
716,2020-07-22,977,12215,13192
716,2020-07-23,966,12552,13518
716,2020-07-24,970,12566,13536
716,2020-07-25,642,9222,9864
716,2020-07-26,291,6434,6725
716,2020-07-27,746,11599,12345
716,2020-07-28,735,11895,12630
716,2020-07-29,748,12557,13305
716,2020-07-30,697,12594,13291
716,2020-07-31,547,12424,12971
716,2020-08-01,421,10116,10537
716,2020-08-02,122,7362,7484
716,2020-08-03,534,10972,11506
716,2020-08-04,574,11148,11722
716,2020-08-05,558,11426,11984
716,2020-08-06,554,11544,12098
716,2020-08-07,541,11441,11982
716,2020-08-08,410,9522,9932
716,2020-08-09,121,7050,7171
716,2020-08-10,523,10470,10993
716,2020-08-11,534,10970,11504
716,2020-08-12,543,10759,11302
716,2020-08-13,537,11231,11768
716,2020-08-14,545,12081,12626
716,2020-08-15,122,6939,7061
716,2020-08-16,110,7269,7379
716,2020-08-17,534,10960,11494
716,2020-08-18,567,10906,11473
716,2020-08-19,548,10738,11286
716,2020-08-20,538,11026,11564
716,2020-08-21,554,11420,11974
716,2020-08-22,589,9716,10305
716,2020-08-23,244,7217,7461
716,2020-08-24,951,10990,11941
716,2020-08-25,966,11684,12650
716,2020-08-26,1048,11507,12555
716,2020-08-27,1030,11827,12857
716,2020-08-28,974,12175,13149
716,2020-08-29,608,9799,10407
716,2020-08-30,244,7247,7491
716,2020-08-31,889,11253,12142
716,2020-09-01,915,11425,12340
716,2020-09-02,909,11827,12736
716,2020-09-03,921,11896,12817
716,2020-09-04,873,12523,13396
716,2020-09-05,652,10266,10918
716,2020-09-06,246,7526,7772
716,2020-09-07,963,11057,12020
716,2020-09-08,929,10656,11585
716,2020-09-09,876,11889,12765
716,2020-09-10,868,12450,13318
716,2020-09-11,851,13030,13881
716,2020-09-12,627,10889,11516
716,2020-09-13,303,8307,8610
716,2020-09-14,703,12358,13061
716,2020-09-15,771,12716,13487
716,2020-09-16,773,12568,13341
716,2020-09-17,833,13237,14070
716,2020-09-18,840,13543,14383
716,2020-09-19,612,11740,12352
716,2020-09-20,369,8834,9203
716,2020-09-21,868,13039,13907
716,2020-09-22,821,12993,13814
716,2020-09-23,838,13142,13980
716,2020-09-24,787,13209,13996
716,2020-09-25,759,13532,14291
716,2020-09-26,458,10736,11194
716,2020-09-27,145,7458,7603
716,2020-09-28,790,12438,13228
716,2020-09-29,773,12732,13505
716,2020-09-30,805,12780,13585
716,2020-10-01,735,13010,13745
716,2020-10-02,757,13554,14311
716,2020-10-03,437,11246,11683
716,2020-10-04,109,7597,7706
716,2020-10-05,832,12568,13400
716,2020-10-06,834,13372,14206
716,2020-10-07,893,13276,14169
716,2020-10-08,850,13345,14195
716,2020-10-09,820,14098,14918
716,2020-10-10,493,11439,11932
716,2020-10-11,127,7757,7884
716,2020-10-12,914,12592,13506
716,2020-10-13,909,13187,14096
716,2020-10-14,875,13161,14036
716,2020-10-15,943,13327,14270
716,2020-10-16,925,13900,14825
716,2020-10-17,712,11158,11870
716,2020-10-18,241,7397,7638
716,2020-10-19,945,12873,13818
716,2020-10-20,924,13190,14114
716,2020-10-21,874,12960,13834
716,2020-10-22,897,13279,14176
716,2020-10-23,830,13532,14362
716,2020-10-24,615,10514,11129
716,2020-10-25,219,6400,6619
716,2020-10-26,908,12023,12931
716,2020-10-27,868,12773,13641
716,2020-10-28,944,12460,13404
716,2020-10-29,875,13136,14011
716,2020-10-30,882,13449,14331
716,2020-11-01,186,5531,5717
716,2020-11-02,906,10570,11476
716,2020-11-03,913,10983,11896
716,2020-11-04,850,11183,12033
716,2020-11-05,832,11095,11927
716,2020-11-06,888,11791,12679
716,2020-11-07,614,10008,10622
716,2020-11-08,196,6538,6734
716,2020-11-09,1027,11457,12484
716,2020-11-10,896,11834,12730
716,2020-11-11,989,11874,12863
716,2020-11-12,968,12303,13271
716,2020-11-13,921,12787,13708
716,2020-11-14,507,10389,10896
716,2020-11-15,112,6472,6584
716,2020-11-16,911,11808,12719
716,2020-11-17,887,11649,12536
716,2020-11-18,920,11771,12691
716,2020-11-19,864,11793,12657
716,2020-11-20,885,12415,13300
716,2020-11-21,662,9970,10632
716,2020-11-22,308,6317,6625
716,2020-11-23,918,11389,12307
716,2020-11-24,942,11803,12745
716,2020-11-25,918,11786,12704
716,2020-11-26,980,11699,12679
716,2020-11-27,948,12208,13156
716,2020-11-28,617,9693,10310
716,2020-11-29,215,5538,5753
716,2020-11-30,887,11115,12002
716,2020-12-01,781,11220,12001
716,2020-12-02,878,11327,12205
716,2020-12-03,712,11442,12154
716,2020-12-04,829,12176,13005
716,2020-12-05,437,9701,10138
716,2020-12-06,114,5731,5845
716,2020-12-07,873,10970,11843
716,2020-12-08,845,11276,12121
716,2020-12-09,867,11144,12011
716,2020-12-10,797,11583,12380
716,2020-12-11,749,11748,12497
716,2020-12-12,412,9423,9835
716,2020-12-13,237,5622,5859
716,2020-12-14,876,11172,12048
716,2020-12-15,935,11385,12320
716,2020-12-16,967,11424,12391
716,2020-12-17,968,11842,12810
716,2020-12-18,856,12387,13243
716,2020-12-19,493,9175,9668
716,2020-12-20,246,5817,6063
716,2020-12-21,577,10839,11416
716,2020-12-22,606,11663,12269
716,2020-12-23,570,11785,12355
716,2020-12-24,476,9600,10076
716,2020-12-25,218,4510,4728
716,2020-12-26,247,4575,4822
716,2020-12-27,242,4351,4593
716,2020-12-28,576,8243,8819
716,2020-12-29,575,8912,9487
716,2020-12-30,581,9610,10191
716,2020-12-31,549,7882,8431
724,2020-01-01,26,2899,2925
724,2020-01-02,225,4553,4778
724,2020-01-03,223,4793,5016
724,2020-01-04,190,4108,4298
724,2020-01-05,44,3470,3514
724,2020-01-06,291,6125,6416
724,2020-01-07,321,6143,6464
724,2020-01-08,315,6128,6443
724,2020-01-09,290,6207,6497
724,2020-01-10,319,6439,6758
724,2020-01-11,215,4976,5191
724,2020-01-12,46,3807,3853
724,2020-01-13,410,6656,7066
724,2020-01-14,512,6696,7208
724,2020-01-15,502,6696,7198
724,2020-01-16,476,6818,7294
724,2020-01-17,457,6942,7399
724,2020-01-18,224,5931,6155
724,2020-01-19,52,4227,4279
724,2020-01-20,481,6660,7141
724,2020-01-21,475,6816,7291
724,2020-01-22,479,6958,7437
724,2020-01-23,575,6946,7521
724,2020-01-24,497,7153,7650
724,2020-01-25,223,5406,5629
724,2020-01-26,39,4213,4252
724,2020-01-27,446,6599,7045
724,2020-01-28,502,6894,7396
724,2020-01-29,532,6918,7450
724,2020-01-30,506,6955,7461
724,2020-01-31,506,7138,7644
724,2020-02-01,216,5151,5367
724,2020-02-02,38,4112,4150
724,2020-02-03,524,6622,7146
724,2020-02-04,508,6786,7294
724,2020-02-05,528,6946,7474
724,2020-02-06,557,6815,7372
724,2020-02-07,576,7153,7729
724,2020-02-08,226,5382,5608
724,2020-02-09,46,3624,3670
724,2020-02-10,454,5840,6294
724,2020-02-11,562,6934,7496
724,2020-02-12,554,6905,7459
724,2020-02-13,546,6837,7383
724,2020-02-14,536,7296,7832
724,2020-02-15,223,5149,5372
724,2020-02-16,40,3955,3995
724,2020-02-17,522,6099,6621
724,2020-02-18,555,6167,6722
724,2020-02-19,514,6204,6718
724,2020-02-20,548,6053,6601
724,2020-02-21,498,6498,6996
724,2020-02-22,258,5222,5480
724,2020-02-23,79,4482,4561
724,2020-02-24,304,6204,6508
724,2020-02-25,515,6893,7408
724,2020-02-26,508,6765,7273
724,2020-02-27,440,6127,6567
724,2020-02-28,392,7095,7487
724,2020-02-29,207,5568,5775
724,2020-03-01,43,4209,4252
724,2020-03-02,475,6962,7437
724,2020-03-03,510,6928,7438
724,2020-03-04,550,7010,7560
724,2020-03-05,523,7088,7611
724,2020-03-06,534,7403,7937
724,2020-03-07,229,5730,5959
724,2020-03-08,35,4384,4419
724,2020-03-09,529,6798,7327
724,2020-03-10,483,7056,7539
724,2020-03-11,568,6975,7543
724,2020-03-12,503,7171,7674
724,2020-03-13,554,7273,7827
724,2020-03-14,219,4498,4717
724,2020-03-15,51,3728,3779
724,2020-03-16,500,5443,5943
724,2020-03-17,518,4885,5403
724,2020-03-18,426,4132,4558
724,2020-03-19,335,3273,3608
724,2020-03-20,242,3139,3381
724,2020-03-21,164,1597,1761
724,2020-03-22,7,1109,1116
724,2020-03-23,209,2347,2556
724,2020-03-24,224,2358,2582
724,2020-03-25,264,2301,2565
724,2020-03-26,256,2439,2695
724,2020-03-27,240,2692,2932
724,2020-03-28,191,1951,2142
724,2020-03-30,240,2545,2785
724,2020-03-31,245,2507,2752
724,2020-04-01,235,2619,2854
724,2020-04-02,255,2753,3008
724,2020-04-03,259,2821,3080
724,2020-04-04,215,1864,2079
724,2020-04-05,11,1266,1277
724,2020-04-06,252,2739,2991
724,2020-04-07,245,2809,3054
724,2020-04-08,241,2761,3002
724,2020-04-09,245,2936,3181
724,2020-04-10,230,2987,3217
724,2020-04-11,195,2315,2510
724,2020-04-12,4,1342,1346
724,2020-04-13,16,1250,1266
724,2020-04-14,238,3051,3289
724,2020-04-15,253,2977,3230
724,2020-04-16,260,3219,3479
724,2020-04-17,289,3511,3800
724,2020-04-18,225,2565,2790
724,2020-04-19,17,1818,1835
724,2020-04-20,412,4003,4415
724,2020-04-21,390,4091,4481
724,2020-04-22,460,4189,4649
724,2020-04-23,442,4366,4808
724,2020-04-24,463,4765,5228
724,2020-04-25,250,3598,3848
724,2020-04-26,13,2588,2601
724,2020-04-27,426,4531,4957
724,2020-04-28,446,4487,4933
724,2020-04-29,450,4567,5017
724,2020-04-30,429,4866,5295
724,2020-05-01,32,2045,2077
724,2020-05-02,196,3406,3602
724,2020-05-03,17,2425,2442
724,2020-05-04,446,4734,5180
724,2020-05-05,459,5036,5495
724,2020-05-06,452,5188,5640
724,2020-05-07,469,5438,5907
724,2020-05-08,421,5713,6134
724,2020-05-09,62,2804,2866
724,2020-05-10,41,2671,2712
724,2020-05-11,450,5724,6174
724,2020-05-12,476,5911,6387
724,2020-05-13,566,5929,6495
724,2020-05-14,512,6061,6573
724,2020-05-15,503,6993,7496
724,2020-05-16,300,5863,6163
724,2020-05-17,112,4795,4907
724,2020-05-18,506,6039,6545
724,2020-05-19,479,6091,6570
724,2020-05-20,510,6317,6827
724,2020-05-21,74,4189,4263
724,2020-05-22,332,5688,6020
724,2020-05-23,216,4314,4530
724,2020-05-24,53,3620,3673
724,2020-05-25,419,5979,6398
724,2020-05-26,498,6538,7036
724,2020-05-27,478,6524,7002
724,2020-05-28,493,6707,7200
724,2020-05-29,443,7056,7499
724,2020-05-30,270,5774,6044
724,2020-05-31,66,4600,4666
724,2020-06-01,78,4613,4691
724,2020-06-02,463,6774,7237
724,2020-06-03,526,6701,7227
724,2020-06-04,406,6568,6974
724,2020-06-05,423,6662,7085
724,2020-06-06,265,5154,5419
724,2020-06-07,41,3927,3968
724,2020-06-08,465,6618,7083
724,2020-06-09,491,6795,7286
724,2020-06-10,426,6872,7298
724,2020-06-11,485,7112,7597
724,2020-06-12,467,7229,7696
724,2020-06-13,268,5582,5850
724,2020-06-14,43,4694,4737
724,2020-06-15,459,6733,7192
724,2020-06-16,457,7016,7473
724,2020-06-17,421,6624,7045
724,2020-06-18,485,6999,7484
724,2020-06-19,486,7219,7705
724,2020-06-20,231,6245,6476
724,2020-06-21,62,5116,5178
724,2020-06-22,345,6411,6756
724,2020-06-23,70,4407,4477
724,2020-06-24,522,7096,7618
724,2020-06-25,445,7291,7736
724,2020-06-26,495,7289,7784
724,2020-06-27,295,5872,6167
724,2020-06-28,55,4497,4552
724,2020-06-29,422,6732,7154
724,2020-06-30,456,7047,7503
724,2020-07-01,455,6987,7442
724,2020-07-02,469,6930,7399
724,2020-07-03,490,7509,7999
724,2020-07-04,280,5814,6094
724,2020-07-05,65,4601,4666
724,2020-07-06,470,7096,7566
724,2020-07-07,480,7301,7781
724,2020-07-08,513,8050,8563
724,2020-07-09,606,8427,9033
724,2020-07-10,513,7717,8230
724,2020-07-11,292,6093,6385
724,2020-07-12,65,5753,5818
724,2020-07-13,514,7291,7805
724,2020-07-14,493,7451,7944
724,2020-07-15,480,7454,7934
724,2020-07-16,454,7208,7662
724,2020-07-17,491,7467,7958
724,2020-07-18,257,6100,6357
724,2020-07-19,93,5510,5603
724,2020-07-20,534,7212,7746
724,2020-07-21,528,7495,8023
724,2020-07-22,493,7525,8018
724,2020-07-23,538,7546,8084
724,2020-07-24,530,7703,8233
724,2020-07-25,335,6103,6438
724,2020-07-26,83,5078,5161
724,2020-07-27,488,7338,7826
724,2020-07-28,535,7371,7906
724,2020-07-29,522,7516,8038
724,2020-07-30,438,7473,7911
724,2020-07-31,320,7076,7396
724,2020-08-01,231,5487,5718
724,2020-08-02,65,5089,5154
724,2020-08-03,292,6033,6325
724,2020-08-04,308,6219,6527
724,2020-08-05,297,6217,6514
724,2020-08-06,312,6212,6524
724,2020-08-07,286,6310,6596
724,2020-08-08,238,5131,5369
724,2020-08-09,78,4614,4692
724,2020-08-10,327,5750,6077
724,2020-08-11,272,5938,6210
724,2020-08-12,303,5859,6162
724,2020-08-13,277,5848,6125
724,2020-08-14,325,6174,6499
724,2020-08-15,64,4689,4753
724,2020-08-16,43,4538,4581
724,2020-08-17,272,5709,5981
724,2020-08-18,292,5677,5969
724,2020-08-19,293,5811,6104
724,2020-08-20,307,5729,6036
724,2020-08-21,279,5879,6158
724,2020-08-22,221,5098,5319
724,2020-08-23,60,4632,4692
724,2020-08-24,393,6057,6450
724,2020-08-25,419,6364,6783
724,2020-08-26,471,6347,6818
724,2020-08-27,401,6498,6899
724,2020-08-28,441,6537,6978
724,2020-08-29,257,5390,5647
724,2020-08-30,56,4473,4529
724,2020-08-31,431,6409,6840
724,2020-09-01,494,6444,6938
724,2020-09-02,477,6562,7039
724,2020-09-03,471,6689,7160
724,2020-09-04,495,6854,7349
724,2020-09-05,274,5368,5642
724,2020-09-06,47,4900,4947
724,2020-09-07,561,7259,7820
724,2020-09-08,533,7865,8398
724,2020-09-09,497,7127,7624
724,2020-09-10,505,7261,7766
724,2020-09-11,579,7407,7986
724,2020-09-12,300,5972,6272
724,2020-09-13,54,5624,5678
724,2020-09-14,553,7067,7620
724,2020-09-15,501,7290,7791
724,2020-09-16,547,7294,7841
724,2020-09-17,529,7349,7878
724,2020-09-18,535,8045,8580
724,2020-09-19,272,6368,6640
724,2020-09-20,67,5634,5701
724,2020-09-21,495,7222,7717
724,2020-09-22,531,7530,8061
724,2020-09-23,592,7533,8125
724,2020-09-24,540,7434,7974
724,2020-09-25,558,7554,8112
724,2020-09-26,236,5385,5621
724,2020-09-27,46,4375,4421
724,2020-09-28,521,6838,7359
724,2020-09-29,556,7194,7750
724,2020-09-30,538,7184,7722
724,2020-10-01,522,7363,7885
724,2020-10-02,519,7634,8153
724,2020-10-03,219,5350,5569
724,2020-10-04,39,4252,4291
724,2020-10-05,525,6734,7259
724,2020-10-06,532,6991,7523
724,2020-10-07,570,7072,7642
724,2020-10-08,548,7315,7863
724,2020-10-09,475,7345,7820
724,2020-10-10,223,5840,6063
724,2020-10-11,42,4391,4433
724,2020-10-12,549,7079,7628
724,2020-10-13,573,7274,7847
724,2020-10-14,598,7280,7878
724,2020-10-15,542,7119,7661
724,2020-10-16,667,7513,8180
724,2020-10-17,237,5704,5941
724,2020-10-18,57,4394,4451
724,2020-10-19,663,6842,7505
724,2020-10-20,658,7193,7851
724,2020-10-21,627,7426,8053
724,2020-10-22,624,7279,7903
724,2020-10-23,575,7057,7632
724,2020-10-24,286,5101,5387
724,2020-10-25,45,3528,3573
724,2020-10-26,585,6554,7139
724,2020-10-27,581,6721,7302
724,2020-10-28,590,6764,7354
724,2020-10-29,579,6866,7445
724,2020-10-30,508,7108,7616
724,2020-11-01,39,3199,3238
724,2020-11-02,498,5966,6464
724,2020-11-03,675,6553,7228
724,2020-11-04,653,6772,7425
724,2020-11-05,638,6677,7315
724,2020-11-06,645,6883,7528
724,2020-11-07,258,5322,5580
724,2020-11-08,62,3942,4004
724,2020-11-09,640,6642,7282
724,2020-11-10,655,7020,7675
724,2020-11-11,652,6692,7344
724,2020-11-12,600,6924,7524
724,2020-11-13,641,7041,7682
724,2020-11-14,237,5509,5746
724,2020-11-15,45,4438,4483
724,2020-11-16,570,6656,7226
724,2020-11-17,545,6745,7290
724,2020-11-18,582,6830,7412
724,2020-11-19,577,6742,7319
724,2020-11-20,529,7133,7662
724,2020-11-21,339,6793,7132
724,2020-11-22,57,4566,4623
724,2020-11-23,570,6397,6967
724,2020-11-24,518,6641,7159
724,2020-11-25,556,6793,7349
724,2020-11-26,541,6468,7009
724,2020-11-27,637,6642,7279
724,2020-11-28,281,4863,5144
724,2020-11-29,34,3326,3360
724,2020-11-30,591,6198,6789
724,2020-12-01,572,6438,7010
724,2020-12-02,635,6539,7174
724,2020-12-03,668,6498,7166
724,2020-12-04,615,6719,7334
724,2020-12-05,283,4780,5063
724,2020-12-06,35,3298,3333
724,2020-12-07,600,6304,6904
724,2020-12-08,617,6479,7096
724,2020-12-09,622,6474,7096
724,2020-12-10,670,6678,7348
724,2020-12-11,682,6731,7413
724,2020-12-12,231,4639,4870
724,2020-12-13,66,3277,3343
724,2020-12-14,681,6523,7204
724,2020-12-15,567,6552,7119
724,2020-12-16,555,6600,7155
724,2020-12-17,521,6515,7036
724,2020-12-18,415,6764,7179
724,2020-12-19,253,4710,4963
724,2020-12-20,72,3252,3324
724,2020-12-21,290,5163,5453
724,2020-12-22,273,5357,5630
724,2020-12-23,265,5266,5531
724,2020-12-24,208,4523,4731
724,2020-12-25,48,2285,2333
724,2020-12-26,63,2486,2549
724,2020-12-27,71,2086,2157
724,2020-12-28,232,3892,4124
724,2020-12-29,257,3948,4205
724,2020-12-30,257,4234,4491
724,2020-12-31,205,3718,3923
805,2020-01-01,32,1645,1677
805,2020-01-02,186,4420,4606
805,2020-01-03,183,4862,5045
805,2020-01-04,133,4294,4427
805,2020-01-05,26,3591,3617
805,2020-01-06,281,6209,6490
805,2020-01-07,273,6457,6730
805,2020-01-08,255,6250,6505
805,2020-01-09,231,6230,6461
805,2020-01-10,294,6696,6990
805,2020-01-11,143,5000,5143
805,2020-01-12,23,2629,2652
805,2020-01-13,339,6243,6582
805,2020-01-14,362,6819,7181
805,2020-01-15,400,6637,7037
805,2020-01-16,375,6563,6938
805,2020-01-17,341,6896,7237
805,2020-01-18,178,5016,5194
805,2020-01-19,34,2631,2665
805,2020-01-20,413,6345,6758
805,2020-01-21,472,6752,7224
805,2020-01-22,438,6465,6903
805,2020-01-23,403,6713,7116
805,2020-01-24,419,7090,7509
805,2020-01-25,165,4979,5144
805,2020-01-26,26,2694,2720
805,2020-01-27,278,6062,6340
805,2020-01-28,357,6751,7108
805,2020-01-29,358,6521,6879
805,2020-01-30,385,6614,6999
805,2020-01-31,347,6887,7234
805,2020-02-01,167,4972,5139
805,2020-02-02,18,2807,2825
805,2020-02-03,361,6560,6921
805,2020-02-04,360,6848,7208
805,2020-02-05,371,6697,7068
805,2020-02-06,355,7036,7391
805,2020-02-07,400,7088,7488
805,2020-02-08,167,5178,5345
805,2020-02-09,31,2412,2443
805,2020-02-10,286,5444,5730
805,2020-02-11,362,6850,7212
805,2020-02-12,395,6475,6870
805,2020-02-13,329,6655,6984
805,2020-02-14,359,6616,6975
805,2020-02-15,179,4657,4836
805,2020-02-16,24,2964,2988
805,2020-02-17,366,5415,5781
805,2020-02-18,331,5372,5703
805,2020-02-19,349,5376,5725
805,2020-02-20,355,5546,5901
805,2020-02-21,327,5808,6135
805,2020-02-22,167,4453,4620
805,2020-02-23,26,2418,2444
805,2020-02-24,281,6145,6426
805,2020-02-25,337,6902,7239
805,2020-02-26,410,6570,6980
805,2020-02-27,264,5093,5357
805,2020-02-28,369,7154,7523
805,2020-02-29,203,5164,5367
805,2020-03-01,32,2742,2774
805,2020-03-02,348,6502,6850
805,2020-03-03,405,7047,7452
805,2020-03-04,385,6634,7019
805,2020-03-05,284,6373,6657
805,2020-03-06,365,7249,7614
805,2020-03-07,154,5508,5662
805,2020-03-08,37,3121,3158
805,2020-03-09,332,6476,6808
805,2020-03-10,365,6889,7254
805,2020-03-11,344,6616,6960
805,2020-03-12,369,7291,7660
805,2020-03-13,373,7574,7947
805,2020-03-14,159,4157,4316
805,2020-03-15,25,2388,2413
805,2020-03-16,337,5101,5438
805,2020-03-17,358,4852,5210
805,2020-03-18,320,4096,4416
805,2020-03-19,318,3355,3673
805,2020-03-20,284,3262,3546
805,2020-03-21,112,1978,2090
805,2020-03-22,11,855,866
805,2020-03-23,186,2742,2928
805,2020-03-24,191,2668,2859
805,2020-03-25,215,2714,2929
805,2020-03-26,281,2623,2904
805,2020-03-27,211,3036,3247
805,2020-03-28,179,2193,2372
805,2020-03-30,214,2850,3064
805,2020-03-31,221,2805,3026
805,2020-04-02,458,3010,3468
805,2020-04-03,247,3296,3543
805,2020-04-04,139,2268,2407
805,2020-04-05,14,714,728
805,2020-04-06,222,3033,3255
805,2020-04-07,225,2994,3219
805,2020-04-08,325,3310,3635
805,2020-04-09,267,3458,3725
805,2020-04-10,212,3636,3848
805,2020-04-11,128,2753,2881
805,2020-04-12,11,783,794
805,2020-04-13,25,661,686
805,2020-04-14,257,3272,3529
805,2020-04-15,263,3386,3649
805,2020-04-16,248,3426,3674
805,2020-04-17,294,3870,4164
805,2020-04-18,158,2912,3070
805,2020-04-19,15,940,955
805,2020-04-20,362,3787,4149
805,2020-04-21,389,4243,4632
805,2020-04-22,369,4036,4405
805,2020-04-23,361,4187,4548
805,2020-04-24,327,4598,4925
805,2020-04-25,168,3362,3530
805,2020-04-26,22,1259,1281
805,2020-04-27,396,4259,4655
805,2020-04-28,343,4513,4856
805,2020-04-29,371,4523,4894
805,2020-04-30,394,5239,5633
805,2020-05-01,31,1207,1238
805,2020-05-02,157,3800,3957
805,2020-05-03,15,1226,1241
805,2020-05-04,391,4819,5210
805,2020-05-05,424,5030,5454
805,2020-05-06,419,5048,5467
805,2020-05-07,440,5014,5454
805,2020-05-08,510,5810,6320
805,2020-05-09,59,1837,1896
805,2020-05-10,26,1864,1890
805,2020-05-11,359,5578,5937
805,2020-05-12,400,5784,6184
805,2020-05-13,408,5637,6045
805,2020-05-14,437,5512,5949
805,2020-05-15,390,5875,6265
805,2020-05-16,240,4508,4748
805,2020-05-17,67,2259,2326
805,2020-05-18,445,5465,5910
805,2020-05-19,509,6106,6615
805,2020-05-20,437,6478,6915
805,2020-05-21,38,1877,1915
805,2020-05-22,426,6024,6450
805,2020-05-23,179,4169,4348
805,2020-05-24,40,2198,2238
805,2020-05-25,411,5592,6003
805,2020-05-26,554,6326,6880
805,2020-05-27,495,5975,6470
805,2020-05-28,524,6146,6670
805,2020-05-29,584,6752,7336
805,2020-05-30,319,5088,5407
805,2020-05-31,41,2470,2511
805,2020-06-01,56,2073,2129
805,2020-06-02,514,5696,6210
805,2020-06-03,522,5538,6060
805,2020-06-04,450,5571,6021
805,2020-06-05,465,5922,6387
805,2020-06-06,230,4413,4643
805,2020-06-07,47,2520,2567
805,2020-06-08,449,6029,6478
805,2020-06-09,416,6226,6642
805,2020-06-10,434,6166,6600
805,2020-06-11,438,6372,6810
805,2020-06-12,464,6732,7196
805,2020-06-13,199,5076,5275
805,2020-06-14,41,2710,2751
805,2020-06-15,423,5940,6363
805,2020-06-16,519,6560,7079
805,2020-06-17,505,6122,6627
805,2020-06-18,468,6278,6746
805,2020-06-19,479,6714,7193
805,2020-06-20,189,4551,4740
805,2020-06-21,45,2662,2707
805,2020-06-22,497,6287,6784
805,2020-06-23,51,2098,2149
805,2020-06-24,529,6410,6939
805,2020-06-25,473,6677,7150
805,2020-06-26,487,6871,7358
805,2020-06-27,179,4769,4948
805,2020-06-28,36,2596,2632
805,2020-06-29,436,6072,6508
805,2020-06-30,561,7520,8081
805,2020-07-01,551,7276,7827
805,2020-07-02,518,7312,7830
805,2020-07-03,503,7410,7913
805,2020-07-04,201,4848,5049
805,2020-07-05,44,2483,2527
805,2020-07-06,454,6198,6652
805,2020-07-07,445,6552,6997
805,2020-07-08,471,6330,6801
805,2020-07-09,481,6470,6951
805,2020-07-10,459,6607,7066
805,2020-07-11,205,4761,4966
805,2020-07-12,47,2755,2802
805,2020-07-13,459,6296,6755
805,2020-07-14,414,6542,6956
805,2020-07-15,423,5987,6410
805,2020-07-16,388,5910,6298
805,2020-07-17,426,5966,6392
805,2020-07-18,192,4489,4681
805,2020-07-19,42,2718,2760
805,2020-07-20,404,5425,5829
805,2020-07-21,385,5241,5626
805,2020-07-22,371,5254,5625
805,2020-07-23,420,5688,6108
805,2020-07-24,415,5796,6211
805,2020-07-25,195,4536,4731
805,2020-07-26,34,2733,2767
805,2020-07-27,409,5241,5650
805,2020-07-28,392,5706,6098
805,2020-07-29,419,5624,6043
805,2020-07-30,396,5748,6144
805,2020-07-31,348,5696,6044
805,2020-08-01,194,4425,4619
805,2020-08-02,45,2644,2689
805,2020-08-03,319,4875,5194
805,2020-08-04,332,5304,5636
805,2020-08-05,304,5062,5366
805,2020-08-06,294,5248,5542
805,2020-08-07,277,5400,5677
805,2020-08-08,192,4155,4347
805,2020-08-09,46,2502,2548
805,2020-08-10,270,4598,4868
805,2020-08-11,282,4907,5189
805,2020-08-12,291,5003,5294
805,2020-08-13,318,4959,5277
805,2020-08-14,254,5554,5808
805,2020-08-15,47,2324,2371
805,2020-08-16,24,2562,2586
805,2020-08-17,248,4953,5201
805,2020-08-18,379,5222,5601
805,2020-08-19,381,5137,5518
805,2020-08-20,292,4972,5264
805,2020-08-21,310,5230,5540
805,2020-08-22,181,4083,4264
805,2020-08-23,36,2604,2640
805,2020-08-24,381,4893,5274
805,2020-08-25,425,5043,5468
805,2020-08-26,402,5122,5524
805,2020-08-27,414,5276,5690
805,2020-08-28,483,5385,5868
805,2020-08-29,222,4250,4472
805,2020-08-30,41,2644,2685
805,2020-08-31,476,5274,5750
805,2020-09-01,482,5392,5874
805,2020-09-02,419,5418,5837
805,2020-09-03,517,5488,6005
805,2020-09-04,448,5568,6016
805,2020-09-05,218,4168,4386
805,2020-09-06,30,2714,2744
805,2020-09-07,427,5427,5854
805,2020-09-08,441,5931,6372
805,2020-09-09,470,5670,6140
805,2020-09-10,457,5741,6198
805,2020-09-11,422,6180,6602
805,2020-09-12,261,4582,4843
805,2020-09-13,40,3020,3060
805,2020-09-14,402,6129,6531
805,2020-09-15,369,6501,6870
805,2020-09-16,438,6410,6848
805,2020-09-17,443,6724,7167
805,2020-09-18,522,6874,7396
805,2020-09-19,204,5110,5314
805,2020-09-20,66,3172,3238
805,2020-09-21,480,6249,6729
805,2020-09-22,491,6843,7334
805,2020-09-23,409,6559,6968
805,2020-09-24,482,6594,7076
805,2020-09-25,455,6720,7175
805,2020-09-26,192,4954,5146
805,2020-09-27,36,2847,2883
805,2020-09-28,473,6225,6698
805,2020-09-29,476,6527,7003
805,2020-09-30,527,6549,7076
805,2020-10-01,509,6973,7482
805,2020-10-02,449,7008,7457
805,2020-10-03,189,5051,5240
805,2020-10-04,31,2772,2803
805,2020-10-05,434,6285,6719
805,2020-10-06,468,6698,7166
805,2020-10-07,480,6549,7029
805,2020-10-08,433,6710,7143
805,2020-10-09,450,6929,7379
805,2020-10-10,225,4892,5117
805,2020-10-11,35,2694,2729
805,2020-10-12,531,6060,6591
805,2020-10-13,489,6875,7364
805,2020-10-14,439,6588,7027
805,2020-10-15,521,6702,7223
805,2020-10-16,491,6964,7455
805,2020-10-17,215,5175,5390
805,2020-10-18,64,2597,2661
805,2020-10-19,586,6231,6817
805,2020-10-20,502,6822,7324
805,2020-10-21,470,6504,6974
805,2020-10-22,501,6542,7043
805,2020-10-23,519,6802,7321
805,2020-10-24,223,4613,4836
805,2020-10-25,35,2452,2487
805,2020-10-26,490,5934,6424
805,2020-10-27,466,6418,6884
805,2020-10-28,469,6153,6622
805,2020-10-29,511,6354,6865
805,2020-10-30,486,6676,7162
805,2020-11-01,33,1801,1834
805,2020-11-02,371,4871,5242
805,2020-11-03,358,4897,5255
805,2020-11-04,350,4960,5310
805,2020-11-05,491,5193,5684
805,2020-11-06,553,5766,6319
805,2020-11-07,205,4365,4570
805,2020-11-08,43,2379,2422
805,2020-11-09,482,6029,6511
805,2020-11-10,494,6253,6747
805,2020-11-11,472,6319,6791
805,2020-11-12,424,6462,6886
805,2020-11-13,476,6726,7202
805,2020-11-14,172,4706,4878
805,2020-11-15,25,2278,2303
805,2020-11-16,506,6160,6666
805,2020-11-17,500,6568,7068
805,2020-11-18,448,6167,6615
805,2020-11-19,428,6408,6836
805,2020-11-20,493,6849,7342
805,2020-11-21,209,4655,4864
805,2020-11-22,34,2325,2359
805,2020-11-23,436,6021,6457
805,2020-11-24,527,6499,7026
805,2020-11-25,531,6442,6973
805,2020-11-26,503,6243,6746
805,2020-11-27,572,6425,6997
805,2020-11-28,205,4518,4723
805,2020-11-29,55,2115,2170
805,2020-11-30,545,5972,6517
805,2020-12-01,501,6017,6518
805,2020-12-02,472,6181,6653
805,2020-12-03,505,6363,6868
805,2020-12-04,623,6782,7405
805,2020-12-05,201,4688,4889
805,2020-12-06,43,2212,2255
805,2020-12-07,534,5692,6226
805,2020-12-08,505,6200,6705
805,2020-12-09,529,6105,6634
805,2020-12-10,543,6371,6914
805,2020-12-11,476,6426,6902
805,2020-12-12,146,4492,4638
805,2020-12-13,31,2197,2228
805,2020-12-14,447,6071,6518
805,2020-12-15,409,6451,6860
805,2020-12-16,431,6216,6647
805,2020-12-17,475,6582,7057
805,2020-12-18,468,7002,7470
805,2020-12-19,160,4519,4679
805,2020-12-20,32,2265,2297
805,2020-12-21,271,5309,5580
805,2020-12-22,262,5821,6083
805,2020-12-23,226,6186,6412
805,2020-12-24,213,4429,4642
805,2020-12-25,21,1350,1371
805,2020-12-26,50,1515,1565
805,2020-12-27,34,1621,1655
805,2020-12-28,220,3868,4088
805,2020-12-29,240,4261,4501
805,2020-12-30,248,4823,5071
807,2020-01-01,34,2296,2330
807,2020-01-02,247,4358,4605
807,2020-01-03,220,5089,5309
807,2020-01-04,194,4475,4669
807,2020-01-05,42,3651,3693
807,2020-01-06,355,6076,6431
807,2020-01-07,354,6326,6680
807,2020-01-08,325,6131,6456
807,2020-01-09,323,6434,6757
807,2020-01-10,357,6658,7015
807,2020-01-11,209,5023,5232
807,2020-01-12,31,3276,3307
807,2020-01-13,495,6383,6878
807,2020-01-14,534,6774,7308
807,2020-01-15,639,6642,7281
807,2020-01-16,686,6656,7342
807,2020-01-17,707,6824,7531
807,2020-01-18,234,5342,5576
807,2020-01-19,58,3331,3389
807,2020-01-20,539,6536,7075
807,2020-01-21,762,6781,7543
807,2020-01-22,800,6476,7276
807,2020-01-23,908,6585,7493
807,2020-01-24,688,7070,7758
807,2020-01-25,241,5197,5438
807,2020-01-26,42,3306,3348
807,2020-01-27,493,6484,6977
807,2020-01-28,504,6546,7050
807,2020-01-29,575,6495,7070
807,2020-01-30,524,6845,7369
807,2020-01-31,518,6928,7446
807,2020-02-01,236,4955,5191
807,2020-02-02,35,3395,3430
807,2020-02-03,514,6499,7013
807,2020-02-04,460,6535,6995
807,2020-02-05,521,6694,7215
807,2020-02-06,520,6900,7420
807,2020-02-07,578,7028,7606
807,2020-02-08,285,5356,5641
807,2020-02-09,41,2853,2894
807,2020-02-10,340,5622,5962
807,2020-02-11,447,6882,7329
807,2020-02-12,514,6423,6937
807,2020-02-13,466,6629,7095
807,2020-02-14,493,6737,7230
807,2020-02-15,233,4809,5042
807,2020-02-16,42,3381,3423
807,2020-02-17,432,5908,6340
807,2020-02-18,438,5970,6408
807,2020-02-19,505,5908,6413
807,2020-02-20,499,6170,6669
807,2020-02-21,492,6353,6845
807,2020-02-22,261,4798,5059
807,2020-02-23,44,3014,3058
807,2020-02-24,460,6418,6878
807,2020-02-25,496,6834,7330
807,2020-02-26,544,6596,7140
807,2020-02-27,442,6020,6462
807,2020-02-28,465,7022,7487
807,2020-02-29,253,5274,5527
807,2020-03-01,40,3477,3517
807,2020-03-02,515,6571,7086
807,2020-03-03,546,7116,7662
807,2020-03-04,533,6700,7233
807,2020-03-05,432,6837,7269
807,2020-03-06,546,7226,7772
807,2020-03-07,249,5483,5732
807,2020-03-08,48,3692,3740
807,2020-03-09,549,6635,7184
807,2020-03-10,456,6851,7307
807,2020-03-11,466,6658,7124
807,2020-03-12,513,7173,7686
807,2020-03-13,550,7286,7836
807,2020-03-14,271,4335,4606
807,2020-03-15,34,2998,3032
807,2020-03-16,484,5148,5632
807,2020-03-17,512,4887,5399
807,2020-03-18,483,4027,4510
807,2020-03-19,345,3375,3720
807,2020-03-20,316,3185,3501
807,2020-03-21,168,1727,1895
807,2020-03-22,16,971,987
807,2020-03-23,253,2641,2894
807,2020-03-24,244,2493,2737
807,2020-03-25,264,2599,2863
807,2020-03-26,339,2616,2955
807,2020-03-27,287,2853,3140
807,2020-03-28,219,2160,2379
807,2020-03-30,270,2780,3050
807,2020-03-31,246,2725,2971
807,2020-04-01,311,2778,3089
807,2020-04-02,547,2945,3492
807,2020-04-03,311,3030,3341
807,2020-04-04,217,2175,2392
807,2020-04-05,16,1044,1060
807,2020-04-06,265,3008,3273
807,2020-04-07,278,2935,3213
807,2020-04-08,319,3192,3511
807,2020-04-09,280,3330,3610
807,2020-04-10,259,3403,3662
807,2020-04-11,183,2724,2907
807,2020-04-12,16,1070,1086
807,2020-04-13,38,943,981
807,2020-04-14,282,3164,3446
807,2020-04-15,265,3333,3598
807,2020-04-16,298,3410,3708
807,2020-04-17,355,3825,4180
807,2020-04-18,207,2782,2989
807,2020-04-19,18,1337,1355
807,2020-04-20,458,4028,4486
807,2020-04-21,526,4378,4904
807,2020-04-22,499,4406,4905
807,2020-04-23,445,4522,4967
807,2020-04-24,459,4833,5292
807,2020-04-25,282,3832,4114
807,2020-04-26,30,2090,2120
807,2020-04-27,490,4699,5189
807,2020-04-28,485,4795,5280
807,2020-04-29,560,5020,5580
807,2020-04-30,588,5382,5970
807,2020-05-01,40,1694,1734
807,2020-05-02,229,3761,3990
807,2020-05-03,29,1990,2019
807,2020-05-04,561,5322,5883
807,2020-05-05,624,5559,6183
807,2020-05-06,637,5687,6324
807,2020-05-07,599,5698,6297
807,2020-05-08,694,6162,6856
807,2020-05-09,87,2448,2535
807,2020-05-10,31,2281,2312
807,2020-05-11,535,5810,6345
807,2020-05-12,613,5917,6530
807,2020-05-13,576,5872,6448
807,2020-05-14,630,5854,6484
807,2020-05-15,579,6317,6896
807,2020-05-16,376,5068,5444
807,2020-05-17,103,3340,3443
807,2020-05-18,581,5808,6389
807,2020-05-19,599,6250,6849
807,2020-05-20,708,6758,7466
807,2020-05-21,69,3238,3307
807,2020-05-22,494,6252,6746
807,2020-05-23,258,4542,4800
807,2020-05-24,39,3146,3185
807,2020-05-25,556,6033,6589
807,2020-05-26,580,6659,7239
807,2020-05-27,561,6531,7092
807,2020-05-28,597,6690,7287
807,2020-05-29,682,7198,7880
807,2020-05-30,385,5639,6024
807,2020-05-31,49,3764,3813
807,2020-06-01,73,3517,3590
807,2020-06-02,651,6421,7072
807,2020-06-03,602,6255,6857
807,2020-06-04,581,6181,6762
807,2020-06-05,575,6393,6968
807,2020-06-06,282,4997,5279
807,2020-06-07,45,3494,3539
807,2020-06-08,549,6271,6820
807,2020-06-09,617,6630,7247
807,2020-06-10,559,6504,7063
807,2020-06-11,614,6766,7380
807,2020-06-12,655,7211,7866
807,2020-06-13,320,5654,5974
807,2020-06-14,51,3722,3773
807,2020-06-15,497,6472,6969
807,2020-06-16,626,6878,7504
807,2020-06-17,570,6446,7016
807,2020-06-18,610,6816,7426
807,2020-06-19,604,7313,7917
807,2020-06-20,291,5484,5775
807,2020-06-21,42,3899,3941
807,2020-06-22,511,6468,6979
807,2020-06-23,70,3408,3478
807,2020-06-24,624,6970,7594
807,2020-06-25,692,7135,7827
807,2020-06-26,638,7046,7684
807,2020-06-27,276,5322,5598
807,2020-06-28,48,3575,3623
807,2020-06-29,623,6569,7192
807,2020-06-30,676,6982,7658
807,2020-07-01,662,6856,7518
807,2020-07-02,632,7102,7734
807,2020-07-03,656,7479,8135
807,2020-07-04,277,5489,5766
807,2020-07-05,41,3447,3488
807,2020-07-06,618,6552,7170
807,2020-07-07,594,6974,7568
807,2020-07-08,604,6930,7534
807,2020-07-09,643,7224,7867
807,2020-07-10,603,7212,7815
807,2020-07-11,288,5597,5885
807,2020-07-12,57,3997,4054
807,2020-07-13,568,6768,7336
807,2020-07-14,578,7102,7680
807,2020-07-15,556,6589,7145
807,2020-07-16,576,6630,7206
807,2020-07-17,586,6705,7291
807,2020-07-18,255,5394,5649
807,2020-07-19,68,4119,4187
807,2020-07-20,546,6190,6736
807,2020-07-21,514,5452,5966
807,2020-07-22,438,5342,5780
807,2020-07-23,549,6491,7040
807,2020-07-24,481,6627,7108
807,2020-07-25,259,5224,5483
807,2020-07-26,44,3822,3866
807,2020-07-27,443,6090,6533
807,2020-07-28,550,6363,6913
807,2020-07-29,589,6446,7035
807,2020-07-30,479,6558,7037
807,2020-07-31,345,6422,6767
807,2020-08-01,224,5064,5288
807,2020-08-02,34,3595,3629
807,2020-08-03,337,5280,5617
807,2020-08-04,386,5771,6157
807,2020-08-05,316,5725,6041
807,2020-08-06,324,5900,6224
807,2020-08-07,318,6045,6363
807,2020-08-08,197,4747,4944
807,2020-08-09,37,3320,3357
807,2020-08-10,289,5260,5549
807,2020-08-11,293,5493,5786
807,2020-08-12,309,5521,5830
807,2020-08-13,290,5537,5827
807,2020-08-14,301,5913,6214
807,2020-08-15,67,3268,3335
807,2020-08-16,34,3384,3418
807,2020-08-17,300,5400,5700
807,2020-08-18,448,6027,6475
807,2020-08-19,425,6299,6724
807,2020-08-20,320,5720,6040
807,2020-08-21,299,5735,6034
807,2020-08-22,211,4565,4776
807,2020-08-23,37,3492,3529
807,2020-08-24,421,5516,5937
807,2020-08-25,491,5775,6266
807,2020-08-26,483,5723,6206
807,2020-08-27,477,5965,6442
807,2020-08-28,556,6012,6568
807,2020-08-29,267,4782,5049
807,2020-08-30,45,3635,3680
807,2020-08-31,552,5746,6298
807,2020-09-01,590,5952,6542
807,2020-09-02,581,6057,6638
807,2020-09-03,672,6040,6712
807,2020-09-04,588,6063,6651
807,2020-09-05,384,4772,5156
807,2020-09-06,50,3730,3780
807,2020-09-07,564,6111,6675
807,2020-09-08,605,6772,7377
807,2020-09-09,611,6340,6951
807,2020-09-10,497,6494,6991
807,2020-09-11,623,6883,7506
807,2020-09-12,335,5327,5662
807,2020-09-13,116,4119,4235
807,2020-09-14,496,6703,7199
807,2020-09-15,654,7039,7693
807,2020-09-16,650,6914,7564
807,2020-09-17,602,7297,7899
807,2020-09-18,700,7356,8056
807,2020-09-19,255,5756,6011
807,2020-09-20,94,4225,4319
807,2020-09-21,590,6708,7298
807,2020-09-22,594,7197,7791
807,2020-09-23,565,6906,7471
807,2020-09-24,626,6039,6665
807,2020-09-25,573,6109,6682
807,2020-09-26,245,5199,5444
807,2020-09-27,34,3622,3656
807,2020-09-28,544,6529,7073
807,2020-09-29,540,6904,7444
807,2020-09-30,631,6846,7477
807,2020-10-01,571,7138,7709
807,2020-10-02,553,7378,7931
807,2020-10-03,230,5397,5627
807,2020-10-04,35,3566,3601
807,2020-10-05,518,6609,7127
807,2020-10-06,586,7154,7740
807,2020-10-07,620,6734,7354
807,2020-10-08,498,6943,7441
807,2020-10-09,510,7251,7761
807,2020-10-10,295,5368,5663
807,2020-10-11,46,3633,3679
807,2020-10-12,552,6477,7029
807,2020-10-13,636,6965,7601
807,2020-10-14,605,6775,7380
807,2020-10-15,629,7067,7696
807,2020-10-16,733,7304,8037
807,2020-10-17,332,5515,5847
807,2020-10-18,80,3382,3462
807,2020-10-19,636,6488,7124
807,2020-10-20,693,7133,7826
807,2020-10-21,639,6949,7588
807,2020-10-23,664,7058,7722
807,2020-10-24,272,4932,5204
807,2020-10-25,40,2953,2993
807,2020-10-26,632,6205,6837
807,2020-10-27,621,6709,7330
807,2020-10-28,559,6442,7001
807,2020-10-29,595,6440,7035
807,2020-10-30,587,6895,7482
807,2020-11-01,31,2442,2473
807,2020-11-02,600,5063,5663
807,2020-11-03,572,5092,5664
807,2020-11-04,637,5021,5658
807,2020-11-05,669,5497,6166
807,2020-11-06,711,6118,6829
807,2020-11-07,282,4862,5144
807,2020-11-08,66,3050,3116
807,2020-11-09,734,6263,6997
807,2020-11-10,695,6560,7255
807,2020-11-11,649,6407,7056
807,2020-11-12,628,6676,7304
807,2020-11-13,625,6911,7536
807,2020-11-14,278,5193,5471
807,2020-11-15,43,3027,3070
807,2020-11-16,541,6461,7002
807,2020-11-17,612,6661,7273
807,2020-11-18,611,6341,6952
807,2020-11-19,604,6716,7320
807,2020-11-20,681,7009,7690
807,2020-11-21,295,5242,5537
807,2020-11-22,42,3116,3158
807,2020-11-23,543,6279,6822
807,2020-11-24,657,6590,7247
807,2020-11-25,655,6718,7373
807,2020-11-26,613,6308,6921
807,2020-11-27,700,6455,7155
807,2020-11-28,294,4777,5071
807,2020-11-29,72,2749,2821
807,2020-11-30,665,6064,6729
807,2020-12-01,666,6255,6921
807,2020-12-02,698,6428,7126
807,2020-12-03,669,6403,7072
807,2020-12-04,747,6959,7706
807,2020-12-05,264,4806,5070
807,2020-12-06,66,2679,2745
807,2020-12-07,704,5954,6658
807,2020-12-08,713,6321,7034
807,2020-12-09,634,6285,6919
807,2020-12-10,660,6612,7272
807,2020-12-11,642,6614,7256
807,2020-12-12,259,4676,4935
807,2020-12-13,45,2728,2773
807,2020-12-14,591,6187,6778
807,2020-12-15,524,6484,7008
807,2020-12-16,546,6480,7026
807,2020-12-17,572,6739,7311
807,2020-12-18,579,7153,7732
807,2020-12-19,210,4748,4958
807,2020-12-20,44,2843,2887
807,2020-12-21,294,5472,5766
807,2020-12-22,222,5916,6138
807,2020-12-23,218,6021,6239
807,2020-12-24,219,4556,4775
807,2020-12-25,42,1920,1962
807,2020-12-26,61,2075,2136
807,2020-12-27,43,1883,1926
807,2020-12-28,248,4075,4323
807,2020-12-29,246,4486,4732
807,2020-12-30,270,4914,5184
807,2020-12-31,216,3909,4125
809,2020-01-01,8,899,907
809,2020-01-02,95,1450,1545
809,2020-01-03,88,1583,1671
809,2020-01-04,57,1268,1325
809,2020-01-05,11,1238,1249
809,2020-01-06,135,2017,2152
809,2020-01-07,138,2129,2267
809,2020-01-08,132,2100,2232
809,2020-01-09,122,2180,2302
809,2020-01-10,130,2209,2339
809,2020-01-11,79,1534,1613
809,2020-01-12,4,1191,1195
809,2020-01-13,169,2150,2319
809,2020-01-14,168,2283,2451
809,2020-01-15,177,2190,2367
809,2020-01-16,167,2116,2283
809,2020-01-17,178,2302,2480
809,2020-01-18,83,1518,1601
809,2020-01-19,14,1198,1212
809,2020-01-20,321,2366,2687
809,2020-01-21,191,2254,2445
809,2020-01-22,174,2214,2388
809,2020-01-23,182,2252,2434
809,2020-01-24,179,2310,2489
809,2020-01-25,77,1498,1575
809,2020-01-26,13,1114,1127
809,2020-01-27,187,2255,2442
809,2020-01-28,199,2100,2299
809,2020-01-29,179,2154,2333
809,2020-01-30,147,2221,2368
809,2020-01-31,192,2284,2476
809,2020-02-01,110,1547,1657
809,2020-02-02,10,1123,1133
809,2020-02-03,176,2190,2366
809,2020-02-04,173,2360,2533
809,2020-02-05,162,2253,2415
809,2020-02-06,164,2289,2453
809,2020-02-07,181,2314,2495
809,2020-02-08,68,1572,1640
809,2020-02-09,15,941,956
809,2020-02-10,149,1828,1977
809,2020-02-11,202,2217,2419
809,2020-02-12,197,2145,2342
809,2020-02-13,165,2200,2365
809,2020-02-14,174,2210,2384
809,2020-02-15,86,1416,1502
809,2020-02-16,14,1030,1044
809,2020-02-17,169,1797,1966
809,2020-02-18,146,1728,1874
809,2020-02-19,171,1876,2047
809,2020-02-20,149,1749,1898
809,2020-02-21,183,1849,2032
809,2020-02-22,89,1317,1406
809,2020-02-23,12,985,997
809,2020-02-24,152,2088,2240
809,2020-02-25,187,2274,2461
809,2020-02-26,162,2085,2247
809,2020-02-27,113,1638,1751
809,2020-02-28,177,2191,2368
809,2020-02-29,106,1570,1676
809,2020-03-01,10,1178,1188
809,2020-03-02,160,2159,2319
809,2020-03-03,171,2289,2460
809,2020-03-04,186,2239,2425
809,2020-03-05,171,2293,2464
809,2020-03-06,157,2269,2426
809,2020-03-07,70,1623,1693
809,2020-03-08,21,1266,1287
809,2020-03-09,187,2224,2411
809,2020-03-10,152,2224,2376
809,2020-03-11,171,2242,2413
809,2020-03-12,187,2292,2479
809,2020-03-13,150,2093,2243
809,2020-03-14,81,1319,1400
809,2020-03-15,12,1019,1031
809,2020-03-16,207,1691,1898
809,2020-03-17,175,1532,1707
809,2020-03-18,164,1353,1517
809,2020-03-19,222,1158,1380
809,2020-03-20,198,1057,1255
809,2020-03-21,62,486,548
809,2020-03-22,16,497,513
809,2020-03-23,103,899,1002
809,2020-03-24,121,892,1013
809,2020-03-25,117,931,1048
809,2020-03-26,127,953,1080
809,2020-03-27,119,1002,1121
809,2020-03-28,56,738,794
809,2020-03-30,110,984,1094
809,2020-03-31,126,926,1052
809,2020-04-01,120,990,1110
809,2020-04-02,120,964,1084
809,2020-04-03,140,989,1129
809,2020-04-04,66,630,696
809,2020-04-05,7,515,522
809,2020-04-06,96,1044,1140
809,2020-04-07,121,1052,1173
809,2020-04-08,166,1017,1183
809,2020-04-09,159,1032,1191
809,2020-04-10,131,1080,1211
809,2020-04-11,64,920,984
809,2020-04-12,6,495,501
809,2020-04-13,19,472,491
809,2020-04-14,111,1107,1218
809,2020-04-15,125,1199,1324
809,2020-04-16,134,1241,1375
809,2020-04-17,117,1329,1446
809,2020-04-18,57,823,880
809,2020-04-19,6,629,635
809,2020-04-20,171,1451,1622
809,2020-04-21,258,1751,2009
809,2020-04-22,278,1756,2034
809,2020-04-23,278,1851,2129
809,2020-04-24,315,2052,2367
809,2020-04-25,142,1559,1701
809,2020-04-26,18,1125,1143
809,2020-04-27,375,1955,2330
809,2020-04-28,402,1865,2267
809,2020-04-29,379,1881,2260
809,2020-04-30,374,1940,2314
809,2020-05-01,19,821,840
809,2020-05-02,77,1204,1281
809,2020-05-03,13,1076,1089
809,2020-05-04,394,2059,2453
809,2020-05-05,535,2018,2553
809,2020-05-06,373,2163,2536
809,2020-05-07,367,2106,2473
809,2020-05-08,444,2344,2788
809,2020-05-09,30,1145,1175
809,2020-05-10,9,979,988
809,2020-05-11,262,2015,2277
809,2020-05-12,178,2071,2249
809,2020-05-13,204,2074,2278
809,2020-05-14,167,2060,2227
809,2020-05-15,212,2170,2382
809,2020-05-16,147,1975,2122
809,2020-05-17,29,1686,1715
809,2020-05-18,176,1958,2134
809,2020-05-19,235,2210,2445
809,2020-05-20,337,2360,2697
809,2020-05-21,17,1865,1882
809,2020-05-22,163,2117,2280
809,2020-05-23,64,1522,1586
809,2020-05-24,13,1290,1303
809,2020-05-25,226,2132,2358
809,2020-05-26,238,2284,2522
809,2020-05-27,252,2362,2614
809,2020-05-28,239,2404,2643
809,2020-05-29,233,2400,2633
809,2020-05-30,105,1866,1971
809,2020-05-31,12,1773,1785
809,2020-06-01,41,1887,1928
809,2020-06-02,195,2456,2651
809,2020-06-03,181,2304,2485
809,2020-06-04,170,2166,2336
809,2020-06-05,176,2118,2294
809,2020-06-06,78,1599,1677
809,2020-06-07,12,1324,1336
809,2020-06-08,194,2144,2338
809,2020-06-09,201,2165,2366
809,2020-06-10,209,2256,2465
809,2020-06-11,190,2352,2542
809,2020-06-12,186,2402,2588
809,2020-06-13,86,1805,1891
809,2020-06-14,10,1540,1550
809,2020-06-15,228,2270,2498
809,2020-06-16,264,2469,2733
809,2020-06-17,238,2260,2498
809,2020-06-18,190,2340,2530
809,2020-06-19,183,2455,2638
809,2020-06-20,109,1740,1849
809,2020-06-21,19,1568,1587
809,2020-06-22,188,2027,2215
809,2020-06-23,49,1741,1790
809,2020-06-24,251,2560,2811
809,2020-06-25,261,2577,2838
809,2020-06-26,231,1909,2140
809,2020-06-27,61,1611,1672
809,2020-06-28,19,1406,1425
809,2020-06-29,210,2262,2472
809,2020-06-30,256,913,1169
809,2020-07-01,104,794,898
809,2020-07-02,232,817,1049
809,2020-07-03,150,1482,1632
809,2020-07-04,70,1743,1813
809,2020-07-05,9,1287,1296
809,2020-07-06,209,2138,2347
809,2020-07-07,217,2299,2516
809,2020-07-08,204,2249,2453
809,2020-07-09,243,2429,2672
809,2020-07-10,224,2440,2664
809,2020-07-11,79,1837,1916
809,2020-07-12,23,1689,1712
809,2020-07-13,201,2409,2610
809,2020-07-14,203,2338,2541
809,2020-07-15,184,2442,2626
809,2020-07-16,214,2192,2406
809,2020-07-17,227,2204,2431
809,2020-07-18,114,1866,1980
809,2020-07-19,27,1815,1842
809,2020-07-20,233,2255,2488
809,2020-07-21,312,2920,3232
809,2020-07-22,305,2742,3047
809,2020-07-23,190,2462,2652
809,2020-07-24,202,2329,2531
809,2020-07-25,75,1693,1768
809,2020-07-26,16,1405,1421
809,2020-07-27,163,2260,2423
809,2020-07-28,203,2178,2381
809,2020-07-29,168,2409,2577
809,2020-07-30,168,2439,2607
809,2020-07-31,143,2468,2611
809,2020-08-01,66,1658,1724
809,2020-08-02,11,1481,1492
809,2020-08-03,125,1878,2003
809,2020-08-04,132,2067,2199
809,2020-08-05,114,2099,2213
809,2020-08-06,146,2216,2362
809,2020-08-07,113,2350,2463
809,2020-08-08,69,1624,1693
809,2020-08-09,13,1457,1470
809,2020-08-10,113,1980,2093
809,2020-08-11,117,2156,2273
809,2020-08-12,115,2136,2251
809,2020-08-13,123,2163,2286
809,2020-08-14,116,2048,2164
809,2020-08-15,17,1311,1328
809,2020-08-16,8,1356,1364
809,2020-08-17,100,1921,2021
809,2020-08-18,130,1962,2092
809,2020-08-19,130,1975,2105
809,2020-08-20,127,2205,2332
809,2020-08-21,144,1986,2130
809,2020-08-22,76,1556,1632
809,2020-08-23,19,1240,1259
809,2020-08-24,160,1913,2073
809,2020-08-25,199,2021,2220
809,2020-08-26,206,1979,2185
809,2020-08-27,171,2225,2396
809,2020-08-28,187,2192,2379
809,2020-08-29,95,1631,1726
809,2020-08-30,15,1286,1301
809,2020-08-31,178,1957,2135
809,2020-09-01,200,2117,2317
809,2020-09-02,244,2156,2400
809,2020-09-03,272,2209,2481
809,2020-09-04,177,2244,2421
809,2020-09-05,83,1553,1636
809,2020-09-06,12,1403,1415
809,2020-09-07,216,2235,2451
809,2020-09-08,229,2458,2687
809,2020-09-09,374,2446,2820
809,2020-09-10,254,2359,2613
809,2020-09-11,206,2407,2613
809,2020-09-12,90,1797,1887
809,2020-09-13,64,1625,1689
809,2020-09-14,194,2334,2528
809,2020-09-15,225,2480,2705
809,2020-09-16,266,2339,2605
809,2020-09-17,195,2347,2542
809,2020-09-18,220,2504,2724
809,2020-09-19,137,1890,2027
809,2020-09-20,44,1734,1778
809,2020-09-21,237,2400,2637
809,2020-09-22,204,2539,2743
809,2020-09-23,215,2372,2587
809,2020-09-24,193,2381,2574
809,2020-09-25,223,2462,2685
809,2020-09-26,101,1656,1757
809,2020-09-27,10,1224,1234
809,2020-09-28,210,2224,2434
809,2020-09-29,222,2378,2600
809,2020-09-30,217,2433,2650
809,2020-10-01,248,2437,2685
809,2020-10-02,242,2393,2635
809,2020-10-03,94,1738,1832
809,2020-10-04,15,1339,1354
809,2020-10-05,236,2332,2568
809,2020-10-06,254,2456,2710
809,2020-10-07,269,2503,2772
809,2020-10-08,223,2556,2779
809,2020-10-09,197,2603,2800
809,2020-10-10,98,1885,1983
809,2020-10-11,21,1433,1454
809,2020-10-12,265,2353,2618
809,2020-10-13,317,2514,2831
809,2020-10-14,341,2502,2843
809,2020-10-15,273,2427,2700
809,2020-10-16,287,2519,2806
809,2020-10-17,115,1840,1955
809,2020-10-18,34,1422,1456
809,2020-10-19,227,2339,2566
809,2020-10-20,205,2405,2610
809,2020-10-21,173,2479,2652
809,2020-10-22,144,2362,2506
809,2020-10-23,205,2378,2583
809,2020-10-24,87,1632,1719
809,2020-10-25,17,1189,1206
809,2020-10-26,217,2224,2441
809,2020-10-27,232,2251,2483
809,2020-10-28,231,2231,2462
809,2020-10-29,219,2178,2397
809,2020-10-30,254,2288,2542
809,2020-11-01,7,996,1003
809,2020-11-02,181,2130,2311
809,2020-11-03,189,2266,2455
809,2020-11-04,231,2227,2458
809,2020-11-05,172,2165,2337
809,2020-11-06,208,2261,2469
809,2020-11-07,84,1688,1772
809,2020-11-08,10,1150,1160
809,2020-11-09,207,2158,2365
809,2020-11-10,240,2222,2462
809,2020-11-11,204,2250,2454
809,2020-11-12,225,2207,2432
809,2020-11-13,229,2362,2591
809,2020-11-14,118,1673,1791
809,2020-11-15,18,1065,1083
809,2020-11-17,174,2194,2368
809,2020-11-18,205,2211,2416
809,2020-11-19,190,2240,2430
809,2020-11-20,224,2281,2505
809,2020-11-21,79,1594,1673
809,2020-11-22,7,1212,1219
809,2020-11-23,220,2113,2333
809,2020-11-24,201,2087,2288
809,2020-11-25,162,2222,2384
809,2020-11-26,190,2152,2342
809,2020-11-27,201,2234,2435
809,2020-11-28,91,1603,1694
809,2020-11-29,21,1037,1058
809,2020-12-01,184,1801,1985
809,2020-12-02,169,2010,2179
809,2020-12-03,163,1848,2011
809,2020-12-04,179,2092,2271
809,2020-12-05,85,1402,1487
809,2020-12-06,14,977,991
809,2020-12-07,185,1978,2163
809,2020-12-08,206,2015,2221
809,2020-12-09,188,2131,2319
809,2020-12-10,205,2200,2405
809,2020-12-11,179,2036,2215
809,2020-12-12,76,1359,1435
809,2020-12-13,17,992,1009
809,2020-12-14,207,1993,2200
809,2020-12-15,154,2089,2243
809,2020-12-16,182,2166,2348
809,2020-12-17,189,2164,2353
809,2020-12-18,176,2197,2373
809,2020-12-19,65,1426,1491
809,2020-12-20,9,984,993
809,2020-12-21,109,1815,1924
809,2020-12-22,107,1684,1791
809,2020-12-23,118,1616,1734
809,2020-12-24,91,1412,1503
809,2020-12-25,5,872,877
809,2020-12-26,20,868,888
809,2020-12-27,6,658,664
809,2020-12-28,99,1361,1460
809,2020-12-29,94,1468,1562
809,2020-12-30,121,1546,1667
811,2020-01-01,23,1145,1168
811,2020-01-02,138,2142,2280
811,2020-01-03,139,2450,2589
811,2020-01-04,89,1863,1952
811,2020-01-05,41,1454,1495
811,2020-01-06,207,3082,3289
811,2020-01-07,208,3247,3455
811,2020-01-08,223,3179,3402
811,2020-01-09,188,3307,3495
811,2020-01-10,179,3472,3651
811,2020-01-11,100,2125,2225
811,2020-01-12,41,1715,1756
811,2020-01-13,210,3239,3449
811,2020-01-14,217,3425,3642
811,2020-01-15,197,3392,3589
811,2020-01-16,219,3342,3561
811,2020-01-17,241,3474,3715
811,2020-01-18,120,2269,2389
811,2020-01-19,43,1598,1641
811,2020-01-20,237,3327,3564
811,2020-01-21,265,3354,3619
811,2020-01-22,250,3316,3566
811,2020-01-23,245,3278,3523
811,2020-01-24,231,3398,3629
811,2020-01-25,109,2109,2218
811,2020-01-26,43,1655,1698
811,2020-01-27,212,3186,3398
811,2020-01-28,207,3419,3626
811,2020-01-29,230,3274,3504
811,2020-01-30,208,3506,3714
811,2020-01-31,235,3560,3795
811,2020-02-01,85,2080,2165
811,2020-02-02,34,1564,1598
811,2020-02-03,203,3411,3614
811,2020-02-04,212,3428,3640
811,2020-02-05,253,3343,3596
811,2020-02-06,224,3444,3668
811,2020-02-07,243,3409,3652
811,2020-02-08,105,2220,2325
811,2020-02-09,31,1516,1547
811,2020-02-10,152,2882,3034
811,2020-02-11,220,3492,3712
811,2020-02-12,197,3347,3544
811,2020-02-13,223,3397,3620
811,2020-02-14,238,3386,3624
811,2020-02-15,120,2050,2170
811,2020-02-16,33,1634,1667
811,2020-02-17,226,3243,3469
811,2020-02-18,240,3587,3827
811,2020-02-19,225,3350,3575
811,2020-02-20,242,3509,3751
811,2020-02-21,260,3433,3693
811,2020-02-22,129,2063,2192
811,2020-02-23,29,1572,1601
811,2020-02-24,220,3101,3321
811,2020-02-25,225,3327,3552
811,2020-02-26,229,3363,3592
811,2020-02-27,166,3171,3337
811,2020-02-28,242,3547,3789
811,2020-02-29,108,2159,2267
811,2020-03-01,36,1719,1755
811,2020-03-02,245,3237,3482
811,2020-03-03,249,3392,3641
811,2020-03-04,275,3373,3648
811,2020-03-05,210,3512,3722
811,2020-03-06,221,3608,3829
811,2020-03-07,107,2381,2488
811,2020-03-08,35,1747,1782
811,2020-03-09,248,3304,3552
811,2020-03-10,227,3328,3555
811,2020-03-11,223,3347,3570
811,2020-03-12,233,3574,3807
811,2020-03-13,241,3442,3683
811,2020-03-14,115,1768,1883
811,2020-03-15,34,1391,1425
811,2020-03-16,210,2439,2649
811,2020-03-17,240,2234,2474
811,2020-03-18,191,1946,2137
811,2020-03-19,178,1635,1813
811,2020-03-20,198,1431,1629
811,2020-03-21,85,625,710
811,2020-03-22,6,407,413
811,2020-03-23,129,1041,1170
811,2020-03-24,168,1080,1248
811,2020-03-25,193,1130,1323
811,2020-03-26,180,1093,1273
811,2020-03-27,158,1211,1369
811,2020-03-28,107,873,980
811,2020-03-30,134,1192,1326
811,2020-03-31,176,1231,1407
811,2020-04-01,173,1209,1382
811,2020-04-02,141,1100,1241
811,2020-04-03,137,1325,1462
811,2020-04-04,97,775,872
811,2020-04-05,7,510,517
811,2020-04-06,137,1303,1440
811,2020-04-07,138,1299,1437
811,2020-04-08,145,1340,1485
811,2020-04-09,124,1336,1460
811,2020-04-10,166,1410,1576
811,2020-04-11,83,1105,1188
811,2020-04-12,16,554,570
811,2020-04-13,14,557,571
811,2020-04-14,158,1507,1665
811,2020-04-15,147,1570,1717
811,2020-04-16,158,1667,1825
811,2020-04-17,178,1697,1875
811,2020-04-18,96,1061,1157
811,2020-04-19,8,746,754
811,2020-04-20,226,1911,2137
811,2020-04-21,209,2034,2243
811,2020-04-22,241,1991,2232
811,2020-04-23,251,2080,2331
811,2020-04-24,263,2344,2607
811,2020-04-25,140,1407,1547
811,2020-04-26,19,976,995
811,2020-04-27,229,2084,2313
811,2020-04-28,226,2122,2348
811,2020-04-29,236,2094,2330
811,2020-04-30,230,2279,2509
811,2020-05-01,19,901,920
811,2020-05-02,104,1307,1411
811,2020-05-03,17,944,961
811,2020-05-04,199,2291,2490
811,2020-05-05,238,2508,2746
811,2020-05-06,231,2426,2657
811,2020-05-07,230,2480,2710
811,2020-05-08,272,2650,2922
811,2020-05-09,60,1139,1199
811,2020-05-10,31,979,1010
811,2020-05-11,256,2561,2817
811,2020-05-12,257,2749,3006
811,2020-05-13,331,2685,3016
811,2020-05-14,280,2707,2987
811,2020-05-15,330,2762,3092
811,2020-05-16,150,1987,2137
811,2020-05-17,49,1449,1498
811,2020-05-18,218,2732,2950
811,2020-05-19,246,2864,3110
811,2020-05-20,242,3009,3251
811,2020-05-21,93,1464,1557
811,2020-05-22,267,2500,2767
811,2020-05-23,190,1824,2014
811,2020-05-24,37,1331,1368
811,2020-05-25,227,2797,3024
811,2020-05-26,185,2485,2670
811,2020-05-27,264,2956,3220
811,2020-05-28,255,2969,3224
811,2020-05-29,287,3175,3462
811,2020-05-30,186,2273,2459
811,2020-05-31,45,1592,1637
811,2020-06-01,48,1618,1666
811,2020-06-02,249,3021,3270
811,2020-06-03,256,2996,3252
811,2020-06-04,261,2981,3242
811,2020-06-05,262,3085,3347
811,2020-06-06,109,2135,2244
811,2020-06-07,40,1524,1564
811,2020-06-08,212,2944,3156
811,2020-06-09,289,3272,3561
811,2020-06-10,273,3074,3347
811,2020-06-11,266,3178,3444
811,2020-06-12,269,3402,3671
811,2020-06-13,126,2385,2511
811,2020-06-14,36,1742,1778
811,2020-06-15,258,2958,3216
811,2020-06-16,298,3155,3453
811,2020-06-17,267,3156,3423
811,2020-06-18,246,3137,3383
811,2020-06-19,229,3245,3474
811,2020-06-20,113,2225,2338
811,2020-06-21,33,1684,1717
811,2020-06-22,205,2571,2776
811,2020-06-23,64,1689,1753
811,2020-06-24,261,3245,3506
811,2020-06-25,287,3279,3566
811,2020-06-26,266,3210,3476
811,2020-06-27,118,2284,2402
811,2020-06-28,38,1633,1671
811,2020-06-29,253,3156,3409
811,2020-06-30,248,3307,3555
811,2020-07-01,279,3325,3604
811,2020-07-02,242,3494,3736
811,2020-07-03,264,3387,3651
811,2020-07-04,171,2347,2518
811,2020-07-05,37,1629,1666
811,2020-07-06,225,3045,3270
811,2020-07-07,273,3303,3576
811,2020-07-08,274,3142,3416
811,2020-07-09,229,3178,3407
811,2020-07-10,231,3359,3590
811,2020-07-11,117,2316,2433
811,2020-07-12,48,1723,1771
811,2020-07-13,282,3099,3381
811,2020-07-14,252,3237,3489
811,2020-07-15,283,3315,3598
811,2020-07-16,268,3088,3356
811,2020-07-17,229,3082,3311
811,2020-07-18,137,2209,2346
811,2020-07-19,59,1761,1820
811,2020-07-20,281,2915,3196
811,2020-07-21,278,3276,3554
811,2020-07-22,300,3160,3460
811,2020-07-23,295,3165,3460
811,2020-07-24,234,3206,3440
811,2020-07-25,126,2089,2215
811,2020-07-26,30,1681,1711
811,2020-07-27,198,2821,3019
811,2020-07-28,218,2935,3153
811,2020-07-29,224,3077,3301
811,2020-07-30,187,3012,3199
811,2020-07-31,182,2912,3094
811,2020-08-01,100,2062,2162
811,2020-08-02,37,1669,1706
811,2020-08-03,147,2428,2575
811,2020-08-04,186,2764,2950
811,2020-08-05,179,2711,2890
811,2020-08-06,179,2694,2873
811,2020-08-07,185,2785,2970
811,2020-08-08,97,1920,2017
811,2020-08-09,41,1511,1552
811,2020-08-10,147,2496,2643
811,2020-08-11,143,2654,2797
811,2020-08-12,167,2532,2699
811,2020-08-13,145,2631,2776
811,2020-08-14,176,2713,2889
811,2020-08-15,50,1710,1760
811,2020-08-16,47,1532,1579
811,2020-08-17,147,2376,2523
811,2020-08-18,161,2305,2466
811,2020-08-19,167,2308,2475
811,2020-08-20,175,2696,2871
811,2020-08-21,145,2574,2719
811,2020-08-22,94,2076,2170
811,2020-08-23,37,1619,1656
811,2020-08-24,184,2510,2694
811,2020-08-25,228,2742,2970
811,2020-08-26,197,2685,2882
811,2020-08-27,236,2862,3098
811,2020-08-28,222,2996,3218
811,2020-08-29,111,1972,2083
811,2020-08-30,38,1597,1635
811,2020-08-31,202,2665,2867
811,2020-09-01,327,2913,3240
811,2020-09-02,225,2873,3098
811,2020-09-03,254,2995,3249
811,2020-09-04,218,3063,3281
811,2020-09-05,125,2104,2229
811,2020-09-06,35,1709,1744
811,2020-09-07,221,2821,3042
811,2020-09-08,223,3041,3264
811,2020-09-09,262,3096,3358
811,2020-09-10,215,3084,3299
811,2020-09-11,245,3167,3412
811,2020-09-12,118,2248,2366
811,2020-09-13,53,1887,1940
811,2020-09-14,236,2981,3217
811,2020-09-15,258,3127,3385
811,2020-09-16,344,3203,3547
811,2020-09-17,292,3144,3436
811,2020-09-18,419,3310,3729
811,2020-09-19,169,2179,2348
811,2020-09-20,96,1810,1906
811,2020-09-21,258,3107,3365
811,2020-09-22,238,3141,3379
811,2020-09-23,279,3174,3453
811,2020-09-24,266,3398,3664
811,2020-09-25,264,3533,3797
811,2020-09-26,111,2051,2162
811,2020-09-27,36,1673,1709
811,2020-09-28,225,3079,3304
811,2020-09-29,213,3100,3313
811,2020-09-30,249,3124,3373
811,2020-10-01,212,3187,3399
811,2020-10-02,217,3261,3478
811,2020-10-03,109,2097,2206
811,2020-10-04,31,1753,1784
811,2020-10-05,193,2962,3155
811,2020-10-06,212,3123,3335
811,2020-10-07,228,3257,3485
811,2020-10-08,225,3288,3513
811,2020-10-09,271,3229,3500
811,2020-10-10,170,2315,2485
811,2020-10-11,53,1824,1877
811,2020-10-12,223,3041,3264
811,2020-10-13,208,3352,3560
811,2020-10-14,259,3068,3327
811,2020-10-15,256,3186,3442
811,2020-10-16,275,3262,3537
811,2020-10-18,45,1624,1669
811,2020-10-19,255,2961,3216
811,2020-10-20,315,3146,3461
811,2020-10-21,252,3245,3497
811,2020-10-22,201,3272,3473
811,2020-10-23,221,3285,3506
811,2020-10-24,113,2065,2178
811,2020-10-25,35,1427,1462
811,2020-10-26,220,2852,3072
811,2020-10-27,242,2964,3206
811,2020-10-28,248,2936,3184
811,2020-10-29,252,2946,3198
811,2020-10-30,251,3083,3334
811,2020-11-02,207,2627,2834
811,2020-11-03,240,2800,3040
811,2020-11-04,211,2898,3109
811,2020-11-05,218,2767,2985
811,2020-11-06,251,2914,3165
811,2020-11-07,130,1931,2061
811,2020-11-08,41,1469,1510
811,2020-11-09,249,2846,3095
811,2020-11-10,272,2924,3196
811,2020-11-11,225,3021,3246
811,2020-11-12,260,2943,3203
811,2020-11-13,258,3014,3272
811,2020-11-14,101,2111,2212
811,2020-11-15,29,1439,1468
811,2020-11-16,243,3177,3420
811,2020-11-17,258,3276,3534
811,2020-11-18,215,3138,3353
811,2020-11-19,218,3177,3395
811,2020-11-20,234,3169,3403
811,2020-11-21,106,1990,2096
811,2020-11-22,45,1546,1591
811,2020-11-23,231,2926,3157
811,2020-11-24,217,2932,3149
811,2020-11-25,248,3011,3259
811,2020-11-26,229,2951,3180
811,2020-11-27,220,3041,3261
811,2020-11-28,121,1961,2082
811,2020-11-29,43,1361,1404
811,2020-11-30,263,2878,3141
811,2020-12-02,252,2941,3193
811,2020-12-03,255,2936,3191
811,2020-12-04,256,3093,3349
811,2020-12-05,112,1988,2100
811,2020-12-06,46,1299,1345
811,2020-12-07,252,2706,2958
811,2020-12-08,232,2810,3042
811,2020-12-09,242,3024,3266
811,2020-12-10,248,3016,3264
811,2020-12-11,283,2961,3244
811,2020-12-12,104,1922,2026
811,2020-12-13,33,1339,1372
811,2020-12-14,220,2810,3030
811,2020-12-15,194,2930,3124
811,2020-12-16,241,2987,3228
811,2020-12-17,209,3014,3223
811,2020-12-18,207,3143,3350
811,2020-12-19,91,1938,2029
811,2020-12-20,40,1331,1371
811,2020-12-21,154,2402,2556
811,2020-12-22,158,2594,2752
811,2020-12-23,123,2469,2592
811,2020-12-24,97,2057,2154
811,2020-12-25,19,1013,1032
811,2020-12-26,32,1039,1071
811,2020-12-27,28,900,928
811,2020-12-28,123,1690,1813
811,2020-12-29,118,1817,1935
811,2020-12-30,146,1893,2039
811,2020-12-31,112,1557,1669
813,2020-01-01,15,1034,1049
813,2020-01-02,73,2051,2124
813,2020-01-03,75,2398,2473
813,2020-01-04,53,1773,1826
813,2020-01-05,27,1475,1502
813,2020-01-06,117,3034,3151
813,2020-01-07,127,3316,3443
813,2020-01-08,147,3265,3412
813,2020-01-09,157,3324,3481
813,2020-01-10,144,3372,3516
813,2020-01-11,67,2121,2188
813,2020-01-12,30,1639,1669
813,2020-01-13,153,3174,3327
813,2020-01-14,162,3440,3602
813,2020-01-15,152,3384,3536
813,2020-01-16,149,3414,3563
813,2020-01-17,162,3481,3643
813,2020-01-18,69,2207,2276
813,2020-01-19,28,1499,1527
813,2020-01-20,173,3226,3399
813,2020-01-21,203,3285,3488
813,2020-01-22,167,3265,3432
813,2020-01-23,147,3266,3413
813,2020-01-24,176,3258,3434
813,2020-01-25,60,2012,2072
813,2020-01-26,24,1576,1600
813,2020-01-27,136,3158,3294
813,2020-01-28,162,3390,3552
813,2020-01-29,164,3349,3513
813,2020-01-30,148,3422,3570
813,2020-01-31,176,3485,3661
813,2020-02-01,61,2149,2210
813,2020-02-02,22,1524,1546
813,2020-02-03,162,3171,3333
813,2020-02-04,251,4109,4360
813,2020-02-05,188,3341,3529
813,2020-02-06,168,3569,3737
813,2020-02-07,177,3446,3623
813,2020-02-08,71,2128,2199
813,2020-02-09,25,1378,1403
813,2020-02-10,125,2794,2919
813,2020-02-11,172,3426,3598
813,2020-02-12,147,3316,3463
813,2020-02-13,158,3337,3495
813,2020-02-14,180,3344,3524
813,2020-02-15,78,2091,2169
813,2020-02-16,22,1527,1549
813,2020-02-17,248,3198,3446
813,2020-02-18,275,3556,3831
813,2020-02-19,239,3310,3549
813,2020-02-20,328,3550,3878
813,2020-02-21,298,3383,3681
813,2020-02-22,83,1960,2043
813,2020-02-23,24,1398,1422
813,2020-02-24,142,2993,3135
813,2020-02-25,163,3259,3422
813,2020-02-26,151,3161,3312
813,2020-02-27,133,2955,3088
813,2020-02-28,158,3362,3520
813,2020-02-29,78,2070,2148
813,2020-03-01,24,1599,1623
813,2020-03-02,183,3138,3321
813,2020-03-03,197,3361,3558
813,2020-03-04,208,3306,3514
813,2020-03-05,160,3428,3588
813,2020-03-06,187,3432,3619
813,2020-03-07,71,2216,2287
813,2020-03-08,24,1660,1684
813,2020-03-09,161,3110,3271
813,2020-03-10,165,3263,3428
813,2020-03-11,142,3217,3359
813,2020-03-12,148,3493,3641
813,2020-03-13,175,3434,3609
813,2020-03-14,88,1796,1884
813,2020-03-15,19,1409,1428
813,2020-03-16,185,2332,2517
813,2020-03-17,181,2201,2382
813,2020-03-18,159,1877,2036
813,2020-03-19,118,1602,1720
813,2020-03-20,138,1402,1540
813,2020-03-21,53,614,667
813,2020-03-22,5,453,458
813,2020-03-23,75,964,1039
813,2020-03-24,141,1061,1202
813,2020-03-25,153,1073,1226
813,2020-03-26,154,1029,1183
813,2020-03-27,101,1121,1222
813,2020-03-28,76,880,956
813,2020-03-30,97,1080,1177
813,2020-03-31,122,1181,1303
813,2020-04-01,123,1147,1270
813,2020-04-02,88,1138,1226
813,2020-04-03,129,1230,1359
813,2020-04-04,54,733,787
813,2020-04-05,4,484,488
813,2020-04-06,101,1180,1281
813,2020-04-07,96,1212,1308
813,2020-04-08,120,1251,1371
813,2020-04-09,115,1265,1380
813,2020-04-10,112,1362,1474
813,2020-04-11,49,1056,1105
813,2020-04-12,3,571,574
813,2020-04-13,7,569,576
813,2020-04-14,111,1425,1536
813,2020-04-15,121,1495,1616
813,2020-04-16,119,1595,1714
813,2020-04-17,125,1688,1813
813,2020-04-18,70,1039,1109
813,2020-04-19,9,741,750
813,2020-04-20,168,1779,1947
813,2020-04-21,174,1950,2124
813,2020-04-22,180,2001,2181
813,2020-04-23,196,1984,2180
813,2020-04-24,200,2261,2461
813,2020-04-25,84,1372,1456
813,2020-04-26,10,1006,1016
813,2020-04-27,163,2024,2187
813,2020-04-28,172,2097,2269
813,2020-04-29,183,2027,2210
813,2020-04-30,168,2189,2357
813,2020-05-01,12,837,849
813,2020-05-02,67,1260,1327
813,2020-05-03,10,920,930
813,2020-05-04,187,2269,2456
813,2020-05-05,166,2461,2627
813,2020-05-06,169,2353,2522
813,2020-05-07,224,2492,2716
813,2020-05-08,323,2572,2895
813,2020-05-09,48,1190,1238
813,2020-05-10,20,969,989
813,2020-05-11,203,2493,2696
813,2020-05-12,166,2760,2926
813,2020-05-13,221,2643,2864
813,2020-05-14,203,2653,2856
813,2020-05-15,255,2765,3020
813,2020-05-16,90,2034,2124
813,2020-05-17,40,1508,1548
813,2020-05-18,191,2668,2859
813,2020-05-19,200,2833,3033
813,2020-05-20,196,2855,3051
813,2020-05-21,38,1503,1541
813,2020-05-22,189,2429,2618
813,2020-05-23,141,1793,1934
813,2020-05-24,31,1332,1363
813,2020-05-25,173,2625,2798
813,2020-05-26,184,2651,2835
813,2020-05-27,211,2935,3146
813,2020-05-28,186,2901,3087
813,2020-05-29,228,3040,3268
813,2020-05-30,96,2213,2309
813,2020-05-31,27,1640,1667
813,2020-06-01,40,1577,1617
813,2020-06-02,173,2990,3163
813,2020-06-03,191,2992,3183
813,2020-06-04,186,2939,3125
813,2020-06-05,171,3016,3187
813,2020-06-06,91,2058,2149
813,2020-06-07,28,1473,1501
813,2020-06-08,154,2862,3016
813,2020-06-09,188,3131,3319
813,2020-06-10,203,3206,3409
813,2020-06-11,208,3274,3482
813,2020-06-12,185,3325,3510
813,2020-06-13,71,2330,2401
813,2020-06-14,26,1660,1686
813,2020-06-15,202,2966,3168
813,2020-06-16,215,3252,3467
813,2020-06-17,188,3124,3312
813,2020-06-18,188,3229,3417
813,2020-06-19,167,3279,3446
813,2020-06-20,79,2265,2344
813,2020-06-21,21,1700,1721
813,2020-06-22,170,2628,2798
813,2020-06-23,51,1744,1795
813,2020-06-24,218,3278,3496
813,2020-06-25,204,3377,3581
813,2020-06-26,193,3327,3520
813,2020-06-27,69,2458,2527
813,2020-06-28,24,1645,1669
813,2020-06-29,158,3153,3311
813,2020-06-30,187,3413,3600
813,2020-07-01,164,3321,3485
813,2020-07-02,156,3374,3530
813,2020-07-03,257,3360,3617
813,2020-07-04,125,2409,2534
813,2020-07-05,28,1553,1581
813,2020-07-06,192,2957,3149
813,2020-07-07,209,3331,3540
813,2020-07-08,185,3183,3368
813,2020-07-09,166,3341,3507
813,2020-07-10,187,3366,3553
813,2020-07-11,91,2294,2385
813,2020-07-12,42,1825,1867
813,2020-07-13,176,3197,3373
813,2020-07-14,171,3314,3485
813,2020-07-15,177,3309,3486
813,2020-07-16,194,3122,3316
813,2020-07-17,183,3042,3225
813,2020-07-18,94,2211,2305
813,2020-07-19,41,1735,1776
813,2020-07-20,222,2845,3067
813,2020-07-21,259,3585,3844
813,2020-07-22,243,3478,3721
813,2020-07-23,199,3232,3431
813,2020-07-24,180,3013,3193
813,2020-07-25,85,2158,2243
813,2020-07-26,22,1543,1565
813,2020-07-27,142,2806,2948
813,2020-07-28,180,2960,3140
813,2020-07-29,172,3064,3236
813,2020-07-30,149,3086,3235
813,2020-07-31,134,2907,3041
813,2020-08-01,94,2040,2134
813,2020-08-02,16,1578,1594
813,2020-08-03,125,2499,2624
813,2020-08-04,134,2694,2828
813,2020-08-05,153,2841,2994
813,2020-08-06,139,2591,2730
813,2020-08-07,137,2688,2825
813,2020-08-08,64,1903,1967
813,2020-08-09,35,1504,1539
813,2020-08-10,119,2518,2637
813,2020-08-11,125,2618,2743
813,2020-08-12,134,2619,2753
813,2020-08-13,125,2615,2740
813,2020-08-14,102,2645,2747
813,2020-08-15,25,1724,1749
813,2020-08-16,30,1526,1556
813,2020-08-17,117,2392,2509
813,2020-08-18,47,1245,1292
813,2020-08-19,53,1266,1319
813,2020-08-20,143,2584,2727
813,2020-08-21,144,2606,2750
813,2020-08-22,63,2141,2204
813,2020-08-23,26,1573,1599
813,2020-08-24,150,2505,2655
813,2020-08-25,170,2742,2912
813,2020-08-26,148,2668,2816
813,2020-08-27,161,2895,3056
813,2020-08-28,152,2853,3005
813,2020-08-29,88,2115,2203
813,2020-08-30,21,1572,1593
813,2020-08-31,207,2712,2919
813,2020-09-01,221,2796,3017
813,2020-09-02,193,2817,3010
813,2020-09-03,203,2926,3129
813,2020-09-04,167,3044,3211
813,2020-09-05,72,1971,2043
813,2020-09-06,33,1831,1864
813,2020-09-07,176,2813,2989
813,2020-09-08,195,3070,3265
813,2020-09-09,184,3097,3281
813,2020-09-10,206,3110,3316
813,2020-09-11,180,3203,3383
813,2020-09-12,62,2291,2353
813,2020-09-13,61,1909,1970
813,2020-09-14,188,2914,3102
813,2020-09-15,176,3068,3244
813,2020-09-16,186,3106,3292
813,2020-09-17,194,3130,3324
813,2020-09-18,234,3255,3489
813,2020-09-19,117,2319,2436
813,2020-09-20,77,1908,1985
813,2020-09-21,172,2963,3135
813,2020-09-22,217,3216,3433
813,2020-09-23,214,3210,3424
813,2020-09-24,281,4236,4517
813,2020-09-25,245,4373,4618
813,2020-09-26,73,2267,2340
813,2020-09-27,24,1679,1703
813,2020-09-28,186,3050,3236
813,2020-09-29,183,3247,3430
813,2020-09-30,199,3216,3415
813,2020-10-01,172,3370,3542
813,2020-10-02,161,3341,3502
813,2020-10-03,73,2187,2260
813,2020-10-04,17,1629,1646
813,2020-10-05,120,3114,3234
813,2020-10-06,154,3233,3387
813,2020-10-07,146,3309,3455
813,2020-10-08,170,3300,3470
813,2020-10-09,202,3243,3445
813,2020-10-10,84,2226,2310
813,2020-10-11,35,1719,1754
813,2020-10-12,153,3004,3157
813,2020-10-13,185,3364,3549
813,2020-10-14,201,3281,3482
813,2020-10-15,190,3260,3450
813,2020-10-16,219,3247,3466
813,2020-10-17,115,2191,2306
813,2020-10-18,43,1580,1623
813,2020-10-19,169,2912,3081
813,2020-10-20,210,3214,3424
813,2020-10-21,196,3252,3448
813,2020-10-22,167,3167,3334
813,2020-10-23,144,3187,3331
813,2020-10-24,97,2166,2263
813,2020-10-25,23,1314,1337
813,2020-10-26,177,2833,3010
813,2020-10-27,159,3029,3188
813,2020-10-28,185,3092,3277
813,2020-10-29,164,2887,3051
813,2020-10-30,157,3111,3268
813,2020-11-02,131,2655,2786
813,2020-11-03,173,2943,3116
813,2020-11-04,173,2974,3147
813,2020-11-05,158,2777,2935
813,2020-11-06,181,2821,3002
813,2020-11-07,86,1996,2082
813,2020-11-08,41,1463,1504
813,2020-11-09,149,2826,2975
813,2020-11-10,180,2942,3122
813,2020-11-11,162,2943,3105
813,2020-11-12,191,2940,3131
813,2020-11-13,203,3004,3207
813,2020-11-14,80,2042,2122
813,2020-11-15,29,1407,1436
813,2020-11-16,152,2919,3071
813,2020-11-17,182,3104,3286
813,2020-11-18,163,3169,3332
813,2020-11-19,177,3258,3435
813,2020-11-20,195,3138,3333
813,2020-11-21,81,2048,2129
813,2020-11-22,36,1528,1564
813,2020-11-23,177,2799,2976
813,2020-11-24,205,2970,3175
813,2020-11-25,195,3081,3276
813,2020-11-26,180,2939,3119
813,2020-11-27,170,2988,3158
813,2020-11-28,78,1955,2033
813,2020-11-29,42,1273,1315
813,2020-11-30,206,2625,2831
813,2020-12-02,198,2923,3121
813,2020-12-03,143,2864,3007
813,2020-12-04,150,3074,3224
813,2020-12-05,67,1889,1956
813,2020-12-06,37,1272,1309
813,2020-12-07,154,2661,2815
813,2020-12-08,181,2794,2975
813,2020-12-09,198,2896,3094
813,2020-12-10,171,2990,3161
813,2020-12-11,188,2882,3070
813,2020-12-12,63,1835,1898
813,2020-12-13,23,1358,1381
813,2020-12-14,156,2743,2899
813,2020-12-15,123,2876,2999
813,2020-12-16,170,2887,3057
813,2020-12-17,174,2998,3172
813,2020-12-18,142,3046,3188
813,2020-12-19,60,1925,1985
813,2020-12-20,21,1366,1387
813,2020-12-21,109,2268,2377
813,2020-12-22,115,2455,2570
813,2020-12-23,85,2484,2569
813,2020-12-24,70,2171,2241
813,2020-12-25,17,946,963
813,2020-12-26,23,1079,1102
813,2020-12-27,20,885,905
813,2020-12-28,81,1598,1679
813,2020-12-29,86,1756,1842
813,2020-12-30,92,1989,2081
816,2020-01-01,23,2319,2342
816,2020-01-02,234,4123,4357
816,2020-01-03,242,4637,4879
816,2020-01-04,138,3722,3860
816,2020-01-05,31,3174,3205
816,2020-01-06,296,5873,6169
816,2020-01-07,294,6151,6445
816,2020-01-08,326,6281,6607
816,2020-01-09,342,6215,6557
816,2020-01-10,343,6430,6773
816,2020-01-11,167,4277,4444
816,2020-01-12,27,3094,3121
816,2020-01-13,488,6054,6542
816,2020-01-14,546,6623,7169
816,2020-01-15,637,6465,7102
816,2020-01-16,664,6508,7172
816,2020-01-17,643,6586,7229
816,2020-01-18,172,4550,4722
816,2020-01-19,32,2973,3005
816,2020-01-20,531,6170,6701
816,2020-01-21,714,6636,7350
816,2020-01-22,762,6378,7140
816,2020-01-23,889,6515,7404
816,2020-01-24,672,6733,7405
816,2020-01-25,171,4334,4505
816,2020-01-26,33,3087,3120
816,2020-01-27,543,6171,6714
816,2020-01-28,572,6668,7240
816,2020-01-29,529,6393,6922
816,2020-01-30,470,6259,6729
816,2020-01-31,451,6509,6960
816,2020-02-01,180,4415,4595
816,2020-02-02,22,3013,3035
816,2020-02-03,477,6161,6638
816,2020-02-04,516,6963,7479
816,2020-02-05,491,6465,6956
816,2020-02-06,514,6636,7150
816,2020-02-07,536,6679,7215
816,2020-02-08,219,4493,4712
816,2020-02-09,46,2712,2758
816,2020-02-10,456,5374,5830
816,2020-02-11,547,6589,7136
816,2020-02-12,504,6328,6832
816,2020-02-13,443,6423,6866
816,2020-02-14,494,6373,6867
816,2020-02-15,197,4249,4446
816,2020-02-16,39,2998,3037
816,2020-02-17,418,4853,5271
816,2020-02-18,424,4961,5385
816,2020-02-19,541,5218,5759
816,2020-02-20,505,4866,5371
816,2020-02-21,530,5250,5780
816,2020-02-22,231,3913,4144
816,2020-02-23,25,2530,2555
816,2020-02-24,466,5871,6337
816,2020-02-25,484,6641,7125
816,2020-02-26,556,6288,6844
816,2020-02-27,422,6020,6442
816,2020-02-28,429,6714,7143
816,2020-02-29,172,4350,4522
816,2020-03-01,35,3172,3207
816,2020-03-02,550,6272,6822
816,2020-03-03,554,6710,7264
816,2020-03-04,539,6606,7145
816,2020-03-05,450,6660,7110
816,2020-03-06,504,6834,7338
816,2020-03-07,184,4666,4850
816,2020-03-08,38,3431,3469
816,2020-03-09,565,6294,6859
816,2020-03-10,514,6588,7102
816,2020-03-11,463,6424,6887
816,2020-03-12,487,6646,7133
816,2020-03-13,525,6335,6860
816,2020-03-14,234,3677,3911
816,2020-03-15,19,2724,2743
816,2020-03-16,503,4577,5080
816,2020-03-17,520,4179,4699
816,2020-03-18,474,3676,4150
816,2020-03-19,367,3050,3417
816,2020-03-20,309,2760,3069
816,2020-03-21,139,1397,1536
816,2020-03-22,14,1049,1063
816,2020-03-23,215,2282,2497
816,2020-03-24,242,2341,2583
816,2020-03-25,246,2340,2586
816,2020-03-26,222,2352,2574
816,2020-03-27,279,2452,2731
816,2020-03-28,156,1777,1933
816,2020-03-30,240,2413,2653
816,2020-03-31,253,2408,2661
816,2020-04-01,220,2451,2671
816,2020-04-02,245,2465,2710
816,2020-04-03,251,2652,2903
816,2020-04-04,135,1622,1757
816,2020-04-05,16,1123,1139
816,2020-04-06,224,2530,2754
816,2020-04-07,253,2740,2993
816,2020-04-08,300,2730,3030
816,2020-04-09,289,2673,2962
816,2020-04-10,270,2883,3153
816,2020-04-11,148,2191,2339
816,2020-04-12,11,1104,1115
816,2020-04-13,26,1053,1079
816,2020-04-14,238,2910,3148
816,2020-04-15,272,2983,3255
816,2020-04-16,291,2901,3192
816,2020-04-17,278,3270,3548
816,2020-04-18,141,2211,2352
816,2020-04-19,15,1491,1506
816,2020-04-21,479,3988,4467
816,2020-04-22,437,3974,4411
816,2020-04-23,490,4145,4635
816,2020-04-24,476,4587,5063
816,2020-04-25,185,3288,3473
816,2020-04-26,34,2364,2398
816,2020-04-27,551,4259,4810
816,2020-04-28,575,4267,4842
816,2020-04-29,587,4506,5093
816,2020-04-30,642,4820,5462
816,2020-05-01,25,1673,1698
816,2020-05-02,152,3088,3240
816,2020-05-03,18,2242,2260
816,2020-05-04,637,4795,5432
816,2020-05-05,731,4964,5695
816,2020-05-06,590,5232,5822
816,2020-05-07,691,5151,5842
816,2020-05-08,775,5626,6401
816,2020-05-09,58,2529,2587
816,2020-05-10,32,2192,2224
816,2020-05-11,553,5226,5779
816,2020-05-12,570,5590,6160
816,2020-05-13,586,5579,6165
816,2020-05-14,602,5610,6212
816,2020-05-15,589,5962,6551
816,2020-05-16,313,4829,5142
816,2020-05-17,67,3924,3991
816,2020-05-18,536,5547,6083
816,2020-05-19,636,5992,6628
816,2020-05-20,614,6429,7043
816,2020-05-21,82,4220,4302
816,2020-05-22,471,5787,6258
816,2020-05-23,232,4157,4389
816,2020-05-24,38,3186,3224
816,2020-05-25,549,5888,6437
816,2020-05-26,687,6340,7027
816,2020-05-27,652,6432,7084
816,2020-05-28,596,6531,7127
816,2020-05-29,615,6753,7368
816,2020-05-30,283,4914,5197
816,2020-05-31,33,4224,4257
816,2020-06-01,71,4316,4387
816,2020-06-02,650,6192,6842
816,2020-06-03,686,6111,6797
816,2020-06-04,535,5943,6478
816,2020-06-05,533,6038,6571
816,2020-06-06,238,4468,4706
816,2020-06-07,33,3303,3336
816,2020-06-08,533,5952,6485
816,2020-06-09,615,6286,6901
816,2020-06-10,593,6238,6831
816,2020-06-11,618,6389,7007
816,2020-06-12,645,6761,7406
816,2020-06-13,221,4952,5173
816,2020-06-14,25,3878,3903
816,2020-06-15,591,6185,6776
816,2020-06-16,730,6539,7269
816,2020-06-17,632,6484,7116
816,2020-06-18,558,6572,7130
816,2020-06-19,509,6778,7287
816,2020-06-20,234,4768,5002
816,2020-06-21,35,3892,3927
816,2020-06-22,517,5800,6317
816,2020-06-23,62,3965,4027
816,2020-06-24,619,6710,7329
816,2020-06-25,640,6918,7558
816,2020-06-26,633,6560,7193
816,2020-06-27,216,4662,4878
816,2020-06-28,36,3474,3510
816,2020-06-29,615,6316,6931
816,2020-06-30,776,6365,7141
816,2020-07-01,586,6347,6933
816,2020-07-02,698,6357,7055
816,2020-07-03,591,6819,7410
816,2020-07-04,209,4712,4921
816,2020-07-05,38,3241,3279
816,2020-07-06,581,6050,6631
816,2020-07-07,566,6654,7220
816,2020-07-08,568,6560,7128
816,2020-07-09,633,6682,7315
816,2020-07-10,573,6762,7335
816,2020-07-11,231,4965,5196
816,2020-07-12,46,4159,4205
816,2020-07-13,575,6300,6875
816,2020-07-14,562,6454,7016
816,2020-07-15,549,6457,7006
816,2020-07-16,568,6013,6581
816,2020-07-17,535,5936,6471
816,2020-07-18,194,4751,4945
816,2020-07-19,54,4291,4345
816,2020-07-20,561,5519,6080
816,2020-07-21,585,6200,6785
816,2020-07-22,565,6099,6664
816,2020-07-23,612,6292,6904
816,2020-07-24,489,6409,6898
816,2020-07-25,237,4657,4894
816,2020-07-26,44,3494,3538
816,2020-07-27,493,5902,6395
816,2020-07-28,515,6161,6676
816,2020-07-29,573,6202,6775
816,2020-07-30,503,6268,6771
816,2020-07-31,376,6313,6689
816,2020-08-01,208,4536,4744
816,2020-08-02,38,3684,3722
816,2020-08-03,299,5202,5501
816,2020-08-05,325,5453,5778
816,2020-08-06,373,5730,6103
816,2020-08-07,305,5803,6108
816,2020-08-08,154,4333,4487
816,2020-08-09,47,3535,3582
816,2020-08-10,316,5181,5497
816,2020-08-11,304,5516,5820
816,2020-08-12,288,5462,5750
816,2020-08-13,301,5442,5743
816,2020-08-14,271,5481,5752
816,2020-08-15,48,3612,3660
816,2020-08-16,36,3406,3442
816,2020-08-17,254,5138,5392
816,2020-08-18,362,5268,5630
816,2020-08-19,319,5374,5693
816,2020-08-20,337,5589,5926
816,2020-08-21,316,5319,5635
816,2020-08-22,144,4335,4479
816,2020-08-23,26,3323,3349
816,2020-08-24,402,5044,5446
816,2020-08-25,443,5370,5813
816,2020-08-26,441,5367,5808
816,2020-08-27,495,5940,6435
816,2020-08-28,485,5841,6326
816,2020-08-29,189,4338,4527
816,2020-08-30,42,3366,3408
816,2020-08-31,509,5509,6018
816,2020-09-01,575,5711,6286
816,2020-09-02,619,5816,6435
816,2020-09-03,558,5749,6307
816,2020-09-04,561,5798,6359
816,2020-09-05,262,4153,4415
816,2020-09-06,35,3627,3662
816,2020-09-07,548,5750,6298
816,2020-09-08,582,6226,6808
816,2020-09-09,573,6148,6721
816,2020-09-10,565,6066,6631
816,2020-09-11,556,6316,6872
816,2020-09-12,213,4767,4980
816,2020-09-13,49,4042,4091
816,2020-09-14,600,6242,6842
816,2020-09-15,662,6563,7225
816,2020-09-16,640,6490,7130
816,2020-09-17,603,6627,7230
816,2020-09-18,648,6991,7639
816,2020-09-19,247,5089,5336
816,2020-09-20,85,4178,4263
816,2020-09-21,602,6486,7088
816,2020-09-22,497,6688,7185
816,2020-09-23,524,6664,7188
816,2020-09-24,660,7028,7688
816,2020-09-25,661,7156,7817
816,2020-09-26,226,4686,4912
816,2020-09-27,32,3498,3530
816,2020-09-28,551,6311,6862
816,2020-09-29,520,6774,7294
816,2020-09-30,547,6689,7236
816,2020-10-01,553,6842,7395
816,2020-10-02,530,6973,7503
816,2020-10-03,197,4804,5001
816,2020-10-04,33,3516,3549
816,2020-10-05,585,6330,6915
816,2020-10-06,600,6790,7390
816,2020-10-07,590,6622,7212
816,2020-10-08,537,6846,7383
816,2020-10-09,547,6828,7375
816,2020-10-10,262,4847,5109
816,2020-10-11,48,3622,3670
816,2020-10-12,523,6145,6668
816,2020-10-13,641,6520,7161
816,2020-10-14,667,6723,7390
816,2020-10-15,647,6795,7442
816,2020-10-16,738,7052,7790
816,2020-10-17,217,5063,5280
816,2020-10-18,52,3461,3513
816,2020-10-19,635,6156,6791
816,2020-10-20,642,6602,7244
816,2020-10-21,648,6637,7285
816,2020-10-22,616,6590,7206
816,2020-10-23,630,6639,7269
816,2020-10-24,230,4567,4797
816,2020-10-25,34,2911,2945
816,2020-10-26,655,5905,6560
816,2020-10-27,608,6224,6832
816,2020-10-28,601,6266,6867
816,2020-10-29,626,6229,6855
816,2020-10-30,624,6454,7078
816,2020-11-01,25,2556,2581
816,2020-11-02,625,5253,5878
816,2020-11-03,634,6001,6635
816,2020-11-04,710,5756,6466
816,2020-11-05,659,5654,6313
816,2020-11-06,685,6147,6832
816,2020-11-07,209,4595,4804
816,2020-11-08,48,3044,3092
816,2020-11-09,646,6092,6738
816,2020-11-10,658,6374,7032
816,2020-11-11,565,6509,7074
816,2020-11-12,619,6358,6977
816,2020-11-13,597,6559,7156
816,2020-11-14,200,4682,4882
816,2020-11-15,20,2924,2944
816,2020-11-16,615,6690,7305
816,2020-11-17,582,6947,7529
816,2020-11-18,594,6502,7096
816,2020-11-19,611,6500,7111
816,2020-11-20,731,6578,7309
816,2020-11-21,212,4951,5163
816,2020-11-22,49,3115,3164
816,2020-11-23,584,6042,6626
816,2020-11-24,623,6196,6819
816,2020-11-25,619,6375,6994
816,2020-11-26,604,6138,6742
816,2020-11-27,618,6267,6885
816,2020-11-28,204,4416,4620
816,2020-11-29,38,2662,2700
816,2020-11-30,618,5752,6370
816,2020-12-01,619,5772,6391
816,2020-12-02,591,6015,6606
816,2020-12-03,569,5899,6468
816,2020-12-04,665,6236,6901
816,2020-12-05,181,4083,4264
816,2020-12-06,39,2449,2488
816,2020-12-07,586,5704,6290
816,2020-12-08,661,5870,6531
816,2020-12-09,602,6042,6644
816,2020-12-10,630,6164,6794
816,2020-12-11,544,6034,6578
816,2020-12-12,186,3925,4111
816,2020-12-13,33,2680,2713
816,2020-12-14,581,5825,6406
816,2020-12-15,558,6048,6606
816,2020-12-16,510,6280,6790
816,2020-12-17,503,6333,6836
816,2020-12-18,477,6599,7076
816,2020-12-19,151,4226,4377
816,2020-12-20,31,2682,2713
816,2020-12-21,272,5071,5343
816,2020-12-22,274,5256,5530
816,2020-12-23,243,5606,5849
816,2020-12-24,184,4321,4505
816,2020-12-25,17,2281,2298
816,2020-12-26,37,2324,2361
816,2020-12-27,26,1794,1820
816,2020-12-28,206,3622,3828
816,2020-12-29,205,3920,4125
816,2020-12-30,238,4213,4451
816,2020-12-31,171,3445,3616
818,2020-01-01,23,1436,1459
818,2020-01-02,193,2535,2728
818,2020-01-03,185,2890,3075
818,2020-01-04,135,2163,2298
818,2020-01-05,25,1918,1943
818,2020-01-06,239,3739,3978
818,2020-01-07,238,3935,4173
818,2020-01-08,252,3919,4171
818,2020-01-09,203,4009,4212
818,2020-01-10,240,4093,4333
818,2020-01-11,154,2506,2660
818,2020-01-12,21,1874,1895
818,2020-01-13,299,3965,4264
818,2020-01-14,337,4174,4511
818,2020-01-15,379,4160,4539
818,2020-01-16,398,4191,4589
818,2020-01-17,426,4136,4562
818,2020-01-18,158,2662,2820
818,2020-01-19,25,1791,1816
818,2020-01-20,387,3944,4331
818,2020-01-21,426,4267,4693
818,2020-01-22,471,4149,4620
818,2020-01-23,459,4157,4616
818,2020-01-24,413,4314,4727
818,2020-01-25,177,2638,2815
818,2020-01-26,26,1807,1833
818,2020-01-27,323,4046,4369
818,2020-01-28,374,4222,4596
818,2020-01-29,370,4108,4478
818,2020-01-30,358,3902,4260
818,2020-01-31,331,4153,4484
818,2020-02-01,180,2780,2960
818,2020-02-02,16,1820,1836
818,2020-02-03,353,4095,4448
818,2020-02-04,382,4374,4756
818,2020-02-05,386,4135,4521
818,2020-02-06,363,4194,4557
818,2020-02-07,390,4271,4661
818,2020-02-08,186,2668,2854
818,2020-02-09,24,1451,1475
818,2020-02-10,285,3188,3473
818,2020-02-11,380,4235,4615
818,2020-02-12,346,4076,4422
818,2020-02-13,346,4103,4449
818,2020-02-14,378,4114,4492
818,2020-02-15,156,2560,2716
818,2020-02-16,23,1809,1832
818,2020-02-17,318,3099,3417
818,2020-02-18,331,3268,3599
818,2020-02-19,368,3442,3810
818,2020-02-20,390,3247,3637
818,2020-02-21,394,3327,3721
818,2020-02-22,152,2086,2238
818,2020-02-23,19,1555,1574
818,2020-02-24,369,4009,4378
818,2020-02-25,364,4335,4699
818,2020-02-26,404,4109,4513
818,2020-02-27,262,3452,3714
818,2020-02-28,323,4208,4531
818,2020-02-29,148,2584,2732
818,2020-03-01,22,1920,1942
818,2020-03-02,479,4190,4669
818,2020-03-03,400,4308,4708
818,2020-03-04,356,4268,4624
818,2020-03-05,324,4377,4701
818,2020-03-06,397,4408,4805
818,2020-03-07,166,2818,2984
818,2020-03-08,33,2057,2090
818,2020-03-09,377,4061,4438
818,2020-03-10,347,4262,4609
818,2020-03-11,347,4136,4483
818,2020-03-12,340,4264,4604
818,2020-03-13,413,3980,4393
818,2020-03-14,172,2245,2417
818,2020-03-15,18,1736,1754
818,2020-03-16,361,2988,3349
818,2020-03-17,380,2624,3004
818,2020-03-18,379,2377,2756
818,2020-03-19,254,1899,2153
818,2020-03-20,210,1722,1932
818,2020-03-21,137,785,922
818,2020-03-22,8,619,627
818,2020-03-23,196,1405,1601
818,2020-03-24,215,1428,1643
818,2020-03-25,193,1410,1603
818,2020-03-26,187,1494,1681
818,2020-03-27,192,1488,1680
818,2020-03-28,145,1074,1219
818,2020-03-30,198,1493,1691
818,2020-03-31,198,1472,1670
818,2020-04-01,193,1488,1681
818,2020-04-02,212,1552,1764
818,2020-04-03,194,1568,1762
818,2020-04-04,123,916,1039
818,2020-04-05,10,682,692
818,2020-04-06,186,1595,1781
818,2020-04-07,178,1682,1860
818,2020-04-08,209,1678,1887
818,2020-04-09,212,1673,1885
818,2020-04-10,219,1729,1948
818,2020-04-11,141,1283,1424
818,2020-04-12,3,706,709
818,2020-04-13,8,747,755
818,2020-04-14,215,1780,1995
818,2020-04-15,210,1777,1987
818,2020-04-16,227,1911,2138
818,2020-04-17,216,1926,2142
818,2020-04-18,132,1329,1461
818,2020-04-19,13,932,945
818,2020-04-20,289,2402,2691
818,2020-04-21,322,2485,2807
818,2020-04-22,349,2553,2902
818,2020-04-23,327,2666,2993
818,2020-04-24,378,2843,3221
818,2020-04-25,172,2139,2311
818,2020-04-26,12,1526,1538
818,2020-04-27,371,2763,3134
818,2020-04-28,424,2653,3077
818,2020-04-29,394,2878,3272
818,2020-04-30,382,3106,3488
818,2020-05-01,16,1097,1113
818,2020-05-02,150,1905,2055
818,2020-05-03,15,1492,1507
818,2020-05-04,478,3230,3708
818,2020-05-05,493,3334,3827
818,2020-05-06,431,3476,3907
818,2020-05-07,465,3432,3897
818,2020-05-08,503,3597,4100
818,2020-05-09,38,1652,1690
818,2020-05-10,19,1335,1354
818,2020-05-11,380,3480,3860
818,2020-05-12,422,3646,4068
818,2020-05-13,422,3718,4140
818,2020-05-14,399,3619,4018
818,2020-05-15,403,3879,4282
818,2020-05-16,255,3076,3331
818,2020-05-17,102,2655,2757
818,2020-05-18,394,3753,4147
818,2020-05-19,409,3932,4341
818,2020-05-20,434,4161,4595
818,2020-05-21,36,2852,2888
818,2020-05-22,332,3799,4131
818,2020-05-23,179,2602,2781
818,2020-05-24,22,2010,2032
818,2020-05-25,357,3847,4204
818,2020-05-26,407,4063,4470
818,2020-05-27,369,4206,4575
818,2020-05-28,392,4316,4708
818,2020-05-29,397,4402,4799
818,2020-05-30,212,3099,3311
818,2020-05-31,29,2705,2734
818,2020-06-01,38,2899,2937
818,2020-06-02,377,4109,4486
818,2020-06-03,412,4061,4473
818,2020-06-04,366,3940,4306
818,2020-06-05,375,3878,4253
818,2020-06-06,180,2681,2861
818,2020-06-07,22,2111,2133
818,2020-06-08,356,3907,4263
818,2020-06-09,403,4106,4509
818,2020-06-10,384,3991,4375
818,2020-06-11,407,4139,4546
818,2020-06-12,410,4372,4782
818,2020-06-13,154,3109,3263
818,2020-06-14,17,2422,2439
818,2020-06-15,361,3909,4270
818,2020-06-16,429,4071,4500
818,2020-06-17,384,4033,4417
818,2020-06-18,346,4199,4545
818,2020-06-19,368,4303,4671
818,2020-06-20,231,3324,3555
818,2020-06-21,36,2570,2606
818,2020-06-22,361,3660,4021
818,2020-06-23,65,2516,2581
818,2020-06-24,439,4310,4749
818,2020-06-25,451,4454,4905
818,2020-06-26,414,4281,4695
818,2020-06-27,152,2923,3075
818,2020-06-28,27,2195,2222
818,2020-06-29,449,4123,4572
818,2020-06-30,550,4039,4589
818,2020-07-01,427,4044,4471
818,2020-07-02,478,4157,4635
818,2020-07-03,445,4245,4690
818,2020-07-04,182,2901,3083
818,2020-07-05,25,1971,1996
818,2020-07-06,440,3951,4391
818,2020-07-07,394,4157,4551
818,2020-07-08,408,4423,4831
818,2020-07-09,439,4666,5105
818,2020-07-10,395,4284,4679
818,2020-07-11,194,3098,3292
818,2020-07-12,35,2590,2625
818,2020-07-13,358,4144,4502
818,2020-07-14,380,4141,4521
818,2020-07-15,355,4133,4488
818,2020-07-16,330,3531,3861
818,2020-07-17,313,3411,3724
818,2020-07-18,147,2741,2888
818,2020-07-19,20,2416,2436
818,2020-07-20,192,2495,2687
818,2020-07-21,359,3828,4187
818,2020-07-22,328,3868,4196
818,2020-07-23,375,4003,4378
818,2020-07-24,324,4054,4378
818,2020-07-25,218,2958,3176
818,2020-07-26,28,2100,2128
818,2020-07-27,352,3880,4232
818,2020-07-28,343,3927,4270
818,2020-07-29,404,4143,4547
818,2020-07-30,320,4204,4524
818,2020-07-31,227,4175,4402
818,2020-08-01,138,2751,2889
818,2020-08-02,28,2190,2218
818,2020-08-03,204,3325,3529
818,2020-08-04,207,3591,3798
818,2020-08-05,301,4821,5122
818,2020-08-06,227,3745,3972
818,2020-08-07,204,3688,3892
818,2020-08-08,128,2687,2815
818,2020-08-09,24,2205,2229
818,2020-08-10,214,3350,3564
818,2020-08-11,203,3557,3760
818,2020-08-12,208,3365,3573
818,2020-08-13,224,3486,3710
818,2020-08-14,210,3392,3602
818,2020-08-15,20,2176,2196
818,2020-08-16,15,2156,2171
818,2020-08-17,207,3401,3608
818,2020-08-18,224,3367,3591
818,2020-08-19,224,3367,3591
818,2020-08-20,197,3596,3793
818,2020-08-21,227,3390,3617
818,2020-08-22,138,2677,2815
818,2020-08-23,24,2054,2078
818,2020-08-24,263,3252,3515
818,2020-08-25,314,3426,3740
818,2020-08-26,302,3421,3723
818,2020-08-27,308,3888,4196
818,2020-08-28,338,3718,4056
818,2020-08-29,151,2741,2892
818,2020-08-30,32,2161,2193
818,2020-08-31,327,3526,3853
818,2020-09-01,319,3554,3873
818,2020-09-02,370,3723,4093
818,2020-09-03,329,3689,4018
818,2020-09-04,326,3760,4086
818,2020-09-05,218,2633,2851
818,2020-09-06,29,2228,2257
818,2020-09-07,357,3653,4010
818,2020-09-08,323,4009,4332
818,2020-09-09,357,3918,4275
818,2020-09-10,345,3776,4121
818,2020-09-11,394,4196,4590
818,2020-09-12,176,2999,3175
818,2020-09-13,38,2374,2412
818,2020-09-14,347,4173,4520
818,2020-09-15,406,4248,4654
818,2020-09-16,418,3726,4144
818,2020-09-17,382,4256,4638
818,2020-09-18,420,4503,4923
818,2020-09-19,191,3258,3449
818,2020-09-20,42,2582,2624
818,2020-09-21,384,4194,4578
818,2020-09-22,383,4216,4599
818,2020-09-23,385,4277,4662
818,2020-09-24,451,4286,4737
818,2020-09-25,440,4360,4800
818,2020-09-26,190,2834,3024
818,2020-09-27,32,2028,2060
818,2020-09-28,376,4082,4458
818,2020-09-29,389,4298,4687
818,2020-09-30,387,4277,4664
818,2020-10-01,342,4280,4622
818,2020-10-02,363,4397,4760
818,2020-10-03,144,2928,3072
818,2020-10-04,21,2122,2143
818,2020-10-05,371,4005,4376
818,2020-10-06,378,4310,4688
818,2020-10-07,369,4166,4535
818,2020-10-08,367,4213,4580
818,2020-10-09,347,4287,4634
818,2020-10-10,192,3017,3209
818,2020-10-11,31,2199,2230
818,2020-10-12,360,3976,4336
818,2020-10-13,477,4128,4605
818,2020-10-14,503,4311,4814
818,2020-10-15,430,4279,4709
818,2020-10-16,479,4383,4862
818,2020-10-17,207,3096,3303
818,2020-10-18,32,2165,2197
818,2020-10-19,387,3805,4192
818,2020-10-20,421,4067,4488
818,2020-10-21,371,4212,4583
818,2020-10-22,372,4093,4465
818,2020-10-23,373,4190,4563
818,2020-10-24,152,2801,2953
818,2020-10-25,29,1790,1819
818,2020-10-26,363,3733,4096
818,2020-10-27,360,3902,4262
818,2020-10-28,365,3941,4306
818,2020-10-29,435,3802,4237
818,2020-10-30,426,3991,4417
818,2020-11-01,17,1515,1532
818,2020-11-02,362,3185,3547
818,2020-11-03,333,3415,3748
818,2020-11-04,406,3456,3862
818,2020-11-05,398,3533,3931
818,2020-11-06,442,3691,4133
818,2020-11-07,178,2789,2967
818,2020-11-08,27,1777,1804
818,2020-11-09,435,3763,4198
818,2020-11-10,432,3881,4313
818,2020-11-11,384,4041,4425
818,2020-11-12,367,3969,4336
818,2020-11-13,410,3966,4376
818,2020-11-14,187,2925,3112
818,2020-11-15,20,1849,1869
818,2020-11-16,382,4073,4455
818,2020-11-17,451,4152,4603
818,2020-11-18,451,4111,4562
818,2020-11-19,431,4022,4453
818,2020-11-20,492,4248,4740
818,2020-11-21,198,3411,3609
818,2020-11-22,33,2034,2067
818,2020-11-23,387,3820,4207
818,2020-11-24,400,3779,4179
818,2020-11-25,439,4060,4499
818,2020-11-26,397,3876,4273
818,2020-11-27,413,3949,4362
818,2020-11-28,163,2735,2898
818,2020-11-29,30,1736,1766
818,2020-11-30,436,3606,4042
818,2020-12-01,415,3607,4022
818,2020-12-02,397,3736,4133
818,2020-12-03,387,3650,4037
818,2020-12-04,464,3838,4302
818,2020-12-05,170,2503,2673
818,2020-12-06,36,1525,1561
818,2020-12-07,429,3718,4147
818,2020-12-08,411,3669,4080
818,2020-12-09,445,3824,4269
818,2020-12-10,444,3810,4254
818,2020-12-11,376,3835,4211
818,2020-12-12,154,2387,2541
818,2020-12-13,31,1691,1722
818,2020-12-14,386,3736,4122
818,2020-12-15,335,3729,4064
818,2020-12-16,361,3920,4281
818,2020-12-17,321,3946,4267
818,2020-12-18,356,4200,4556
818,2020-12-19,154,2568,2722
818,2020-12-24,166,2504,2670
818,2020-12-25,15,1382,1397
818,2020-12-26,31,1408,1439
818,2020-12-27,20,1011,1031
818,2020-12-28,168,2177,2345
818,2020-12-29,180,2341,2521
818,2020-12-30,171,2567,2738
818,2020-12-31,166,2054,2220
820,2020-01-01,19,1340,1359
820,2020-01-02,186,2556,2742
820,2020-01-03,198,2747,2945
820,2020-01-04,142,2046,2188
820,2020-01-05,25,1686,1711
820,2020-01-06,272,3907,4179
820,2020-01-07,272,3956,4228
820,2020-01-08,298,3801,4099
820,2020-01-09,298,3994,4292
820,2020-01-10,298,4127,4425
820,2020-01-11,150,2372,2522
820,2020-01-12,32,1902,1934
820,2020-01-13,300,4337,4637
820,2020-01-14,307,4224,4531
820,2020-01-15,340,4245,4585
820,2020-01-16,367,4174,4541
820,2020-01-17,358,4430,4788
820,2020-01-18,154,2594,2748
820,2020-01-19,29,1956,1985
820,2020-01-20,358,4244,4602
820,2020-01-21,347,4362,4709
820,2020-01-22,370,4080,4450
820,2020-01-23,353,4198,4551
820,2020-01-24,400,4176,4576
820,2020-01-25,170,2389,2559
820,2020-01-26,45,1710,1755
820,2020-01-27,357,4203,4560
820,2020-01-28,377,4224,4601
820,2020-01-29,350,4197,4547
820,2020-01-30,352,4273,4625
820,2020-01-31,331,4299,4630
820,2020-02-01,161,2455,2616
820,2020-02-02,23,1899,1922
820,2020-02-03,328,4255,4583
820,2020-02-04,317,4259,4576
820,2020-02-05,359,4301,4660
820,2020-02-06,374,4255,4629
820,2020-02-07,395,4402,4797
820,2020-02-08,156,2406,2562
820,2020-02-09,33,1596,1629
820,2020-02-11,331,4216,4547
820,2020-02-12,316,4198,4514
820,2020-02-13,316,4249,4565
820,2020-02-14,353,4513,4866
820,2020-02-15,183,2500,2683
820,2020-02-16,33,1829,1862
820,2020-02-17,327,4006,4333
820,2020-02-18,326,4132,4458
820,2020-02-19,308,3949,4257
820,2020-02-20,299,4029,4328
820,2020-02-21,355,4075,4430
820,2020-02-22,177,2281,2458
820,2020-02-23,37,1733,1770
820,2020-02-24,296,3842,4138
820,2020-02-25,374,4136,4510
820,2020-02-26,349,4094,4443
820,2020-02-27,258,3477,3735
820,2020-02-28,316,3894,4210
820,2020-02-29,171,2288,2459
820,2020-04-01,213,1583,1796
820,2020-04-02,198,1612,1810
820,2020-04-03,192,1710,1902
820,2020-04-04,128,1036,1164
820,2020-04-05,22,751,773
820,2020-04-06,176,1666,1842
820,2020-04-07,239,1724,1963
820,2020-04-08,198,1688,1886
820,2020-04-09,235,1722,1957
820,2020-04-10,278,1854,2132
820,2020-04-11,141,1245,1386
820,2020-04-12,3,634,637
820,2020-04-13,24,712,736
820,2020-04-14,222,1896,2118
820,2020-04-15,286,1837,2123
820,2020-04-16,354,1973,2327
820,2020-04-17,277,2184,2461
820,2020-04-18,120,1293,1413
820,2020-04-19,22,932,954
820,2020-04-20,280,2567,2847
820,2020-04-21,254,2674,2928
820,2020-04-22,283,2592,2875
820,2020-04-23,265,2710,2975
820,2020-04-24,381,2847,3228
820,2020-04-25,150,1741,1891
820,2020-04-26,12,1175,1187
820,2020-04-27,334,2973,3307
820,2020-04-28,284,2785,3069
820,2020-04-29,338,2776,3114
820,2020-04-30,352,3028,3380
820,2020-05-01,28,1047,1075
820,2020-05-02,117,1609,1726
820,2020-05-03,26,1237,1263
820,2020-05-04,312,2681,2993
820,2020-05-05,280,2718,2998
820,2020-05-06,292,2751,3043
820,2020-05-07,311,2859,3170
820,2020-05-08,349,3032,3381
820,2020-05-09,48,1351,1399
820,2020-05-10,21,1202,1223
820,2020-05-11,282,2931,3213
820,2020-05-12,251,2989,3240
820,2020-05-13,275,2951,3226
820,2020-05-14,306,3045,3351
820,2020-05-15,295,3076,3371
820,2020-05-16,168,2009,2177
820,2020-05-17,27,1723,1750
820,2020-05-18,344,3017,3361
820,2020-05-19,346,3377,3723
820,2020-05-20,317,3579,3896
820,2020-05-21,130,2131,2261
820,2020-05-22,356,2935,3291
820,2020-05-23,128,2049,2177
820,2020-05-24,24,1576,1600
820,2020-05-25,323,3769,4092
820,2020-05-26,338,3810,4148
820,2020-05-27,330,3862,4192
820,2020-05-28,340,3959,4299
820,2020-05-29,351,4005,4356
820,2020-05-30,174,2526,2700
820,2020-05-31,43,2614,2657
820,2020-06-01,39,3101,3140
820,2020-06-02,395,4401,4796
820,2020-06-03,298,3980,4278
820,2020-06-04,348,3876,4224
820,2020-06-05,374,3944,4318
820,2020-06-06,284,2443,2727
820,2020-06-07,29,1954,1983
820,2020-06-08,412,3882,4294
820,2020-06-09,360,3964,4324
820,2020-06-10,365,4032,4397
820,2020-06-11,366,4230,4596
820,2020-06-12,440,4570,5010
820,2020-06-13,161,2741,2902
820,2020-06-14,47,2205,2252
820,2020-06-15,409,3997,4406
820,2020-06-16,377,4239,4616
820,2020-06-17,352,3948,4300
820,2020-06-18,378,4226,4604
820,2020-06-19,336,4396,4732
820,2020-06-20,183,3034,3217
820,2020-06-21,76,2975,3051
820,2020-06-22,377,3740,4117
820,2020-06-23,179,3807,3986
820,2020-06-24,498,4823,5321
820,2020-06-25,528,5314,5842
820,2020-06-26,372,4390,4762
820,2020-06-27,158,2833,2991
820,2020-06-28,40,2338,2378
820,2020-06-29,380,4209,4589
820,2020-06-30,459,4648,5107
820,2020-07-01,390,4394,4784
820,2020-07-02,416,4208,4624
820,2020-07-03,371,4601,4972
820,2020-07-04,152,3346,3498
820,2020-07-05,36,2194,2230
820,2020-07-06,375,4030,4405
820,2020-07-07,379,4243,4622
820,2020-07-08,366,4067,4433
820,2020-07-09,380,4477,4857
820,2020-07-10,329,4406,4735
820,2020-07-11,164,3292,3456
820,2020-07-12,49,3486,3535
820,2020-07-13,321,4488,4809
820,2020-07-14,363,4338,4701
820,2020-07-15,354,4246,4600
820,2020-07-16,345,4115,4460
820,2020-07-17,330,4254,4584
820,2020-07-18,182,3494,3676
820,2020-07-19,47,4499,4546
820,2020-07-20,317,4245,4562
820,2020-07-21,328,4927,5255
820,2020-07-22,339,4520,4859
820,2020-07-23,312,4637,4949
820,2020-07-24,313,4263,4576
820,2020-07-25,134,2850,2984
820,2020-07-26,37,2255,2292
820,2020-07-27,332,4397,4729
820,2020-07-28,376,4099,4475
820,2020-07-29,362,4301,4663
820,2020-07-30,349,4735,5084
820,2020-07-31,310,5295,5605
820,2020-08-01,166,3332,3498
820,2020-08-02,44,2587,2631
820,2020-08-03,229,3426,3655
820,2020-08-04,267,3636,3903
820,2020-08-05,292,4238,4530
820,2020-08-06,320,4441,4761
820,2020-08-07,357,4691,5048
820,2020-08-08,190,3389,3579
820,2020-08-09,61,3120,3181
820,2020-08-10,268,4229,4497
820,2020-08-11,253,4446,4699
820,2020-08-12,232,4040,4272
820,2020-08-13,245,3768,4013
820,2020-08-14,282,3611,3893
820,2020-08-15,79,2721,2800
820,2020-08-16,32,2735,2767
820,2020-08-17,337,3633,3970
820,2020-08-18,282,3630,3912
820,2020-08-19,295,3586,3881
820,2020-08-20,428,4710,5138
820,2020-08-21,295,3861,4156
820,2020-08-22,167,2834,3001
820,2020-08-23,37,2257,2294
820,2020-08-24,404,3734,4138
820,2020-08-25,333,3749,4082
820,2020-08-26,338,3547,3885
820,2020-08-27,333,4241,4574
820,2020-08-28,359,4106,4465
820,2020-08-29,194,2584,2778
820,2020-08-30,38,2168,2206
820,2020-08-31,313,3700,4013
820,2020-09-01,325,4076,4401
820,2020-09-02,351,3932,4283
820,2020-09-03,348,4094,4442
820,2020-09-04,321,4226,4547
820,2020-09-05,160,2574,2734
820,2020-09-06,37,2532,2569
820,2020-09-07,368,4134,4502
820,2020-09-08,391,4404,4795
820,2020-09-09,354,4158,4512
820,2020-09-10,387,4253,4640
820,2020-09-11,387,4295,4682
820,2020-09-12,252,3111,3363
820,2020-09-13,31,3015,3046
820,2020-09-14,349,4544,4893
820,2020-09-15,378,5060,5438
820,2020-09-16,344,4450,4794
820,2020-09-17,367,4355,4722
820,2020-09-18,374,4792,5166
820,2020-09-19,343,3074,3417
820,2020-09-20,63,2887,2950
820,2020-09-21,391,4451,4842
820,2020-09-22,439,4490,4929
820,2020-09-23,350,4363,4713
820,2020-09-24,387,4400,4787
820,2020-09-25,394,4226,4620
820,2020-09-26,185,2489,2674
820,2020-09-27,30,2025,2055
820,2020-09-28,405,4062,4467
820,2020-09-29,470,4253,4723
820,2020-09-30,464,4074,4538
820,2020-10-01,381,4207,4588
820,2020-10-02,402,4233,4635
820,2020-10-03,161,2618,2779
820,2020-10-04,29,2107,2136
820,2020-10-05,352,4062,4414
820,2020-10-06,335,4160,4495
820,2020-10-07,322,4034,4356
820,2020-10-08,360,4222,4582
820,2020-10-09,320,4155,4475
820,2020-10-10,170,2599,2769
820,2020-10-11,52,2096,2148
820,2020-10-12,453,4182,4635
820,2020-10-13,568,4199,4767
820,2020-10-14,559,4100,4659
820,2020-10-15,391,4331,4722
820,2020-10-16,495,4323,4818
820,2020-10-17,173,2614,2787
820,2020-10-18,68,2231,2299
820,2020-10-19,408,3918,4326
820,2020-10-20,354,4016,4370
820,2020-10-21,360,4020,4380
820,2020-10-22,344,4306,4650
820,2020-10-23,421,4193,4614
820,2020-10-24,175,2466,2641
820,2020-10-25,36,1767,1803
820,2020-10-26,350,4034,4384
820,2020-10-27,369,3875,4244
820,2020-10-28,365,3988,4353
820,2020-10-29,360,4031,4391
820,2020-10-30,400,4224,4624
820,2020-11-01,23,1665,1688
820,2020-11-02,280,3349,3629
820,2020-11-03,320,3617,3937
820,2020-11-04,364,3542,3906
820,2020-11-05,400,3837,4237
820,2020-11-06,390,3871,4261
820,2020-11-07,234,2762,2996
820,2020-11-08,48,2071,2119
820,2020-11-09,517,4556,5073
820,2020-11-10,475,4570,5045
820,2020-11-11,415,4546,4961
820,2020-11-12,605,4640,5245
820,2020-11-13,585,4838,5423
820,2020-11-14,250,3167,3417
820,2020-11-15,74,2381,2455
820,2020-11-16,480,4663,5143
820,2020-11-17,464,4666,5130
820,2020-11-18,457,4720,5177
820,2020-11-19,518,4786,5304
820,2020-11-20,511,4845,5356
820,2020-11-21,244,3106,3350
820,2020-11-22,52,2330,2382
820,2020-11-23,507,4489,4996
820,2020-11-24,459,4453,4912
820,2020-11-25,480,4602,5082
820,2020-11-26,477,4603,5080
820,2020-11-27,518,4706,5224
820,2020-11-28,256,3080,3336
820,2020-11-29,72,2033,2105
820,2020-11-30,515,4424,4939
820,2020-12-01,481,4319,4800
820,2020-12-02,501,4486,4987
820,2020-12-03,446,4368,4814
820,2020-12-04,480,4671,5151
820,2020-12-05,244,2721,2965
820,2020-12-06,58,1876,1934
820,2020-12-07,499,4435,4934
820,2020-12-08,488,4375,4863
820,2020-12-09,514,4493,5007
820,2020-12-10,542,4620,5162
820,2020-12-11,472,4369,4841
820,2020-12-12,237,2567,2804
820,2020-12-13,49,1902,1951
820,2020-12-14,474,4473,4947
820,2020-12-15,470,4540,5010
820,2020-12-16,519,4419,4938
820,2020-12-17,494,4641,5135
820,2020-12-18,425,4688,5113
820,2020-12-19,226,2773,2999
820,2020-12-20,41,1983,2024
820,2020-12-21,315,3514,3829
820,2020-12-22,278,3679,3957
820,2020-12-23,250,3465,3715
820,2020-12-24,176,2347,2523
820,2020-12-25,33,1484,1517
820,2020-12-26,45,1713,1758
820,2020-12-27,52,1171,1223
820,2020-12-28,296,2809,3105
820,2020-12-29,293,3005,3298
820,2020-12-30,269,3112,3381
820,2020-12-31,248,2379,2627
822,2020-01-01,10,697,707
822,2020-01-02,42,1019,1061
822,2020-01-03,60,1220,1280
822,2020-01-04,16,975,991
822,2020-01-05,10,1025,1035
822,2020-01-06,120,1475,1595
822,2020-01-07,89,1523,1612
822,2020-01-08,118,1493,1611
822,2020-01-09,79,1594,1673
822,2020-01-10,106,1696,1802
822,2020-01-11,44,1200,1244
822,2020-01-12,8,1083,1091
822,2020-01-13,104,1606,1710
822,2020-01-14,99,1606,1705
822,2020-01-15,134,1699,1833
822,2020-01-16,189,1727,1916
822,2020-01-17,170,1676,1846
822,2020-01-18,35,1323,1358
822,2020-01-19,21,1096,1117
822,2020-01-20,144,1574,1718
822,2020-01-21,127,1675,1802
822,2020-01-22,146,1623,1769
822,2020-01-23,147,1660,1807
822,2020-01-24,117,1685,1802
822,2020-01-25,32,1277,1309
822,2020-01-27,103,1778,1881
822,2020-01-28,88,1672,1760
822,2020-01-29,185,2276,2461
822,2020-01-30,202,2700,2902
822,2020-01-31,162,2363,2525
822,2020-02-01,21,1209,1230
822,2020-02-02,8,1156,1164
822,2020-02-03,157,1630,1787
822,2020-02-04,165,2189,2354
822,2020-02-05,169,1750,1919
822,2020-02-06,125,1753,1878
822,2020-02-07,158,1776,1934
822,2020-02-08,94,1359,1453
822,2020-02-09,7,894,901
822,2020-02-10,108,1380,1488
822,2020-02-11,158,1687,1845
822,2020-02-12,148,1806,1954
822,2020-02-13,146,1671,1817
822,2020-02-14,154,1772,1926
822,2020-02-15,41,1125,1166
822,2020-02-16,13,1177,1190
822,2020-02-17,143,1418,1561
822,2020-02-18,163,1547,1710
822,2020-02-19,163,1489,1652
822,2020-02-20,159,1508,1667
822,2020-02-21,167,1524,1691
822,2020-02-22,21,1182,1203
822,2020-02-23,12,962,974
822,2020-02-24,92,1602,1694
822,2020-02-25,151,1750,1901
822,2020-02-26,149,1728,1877
822,2020-02-27,59,750,809
822,2020-02-28,137,1671,1808
822,2020-02-29,44,1281,1325
822,2020-03-01,13,1162,1175
822,2020-03-02,135,1673,1808
822,2020-03-03,152,1798,1950
822,2020-03-04,171,1755,1926
822,2020-03-05,101,1723,1824
822,2020-03-06,160,1762,1922
822,2020-03-07,37,1368,1405
822,2020-03-08,9,1274,1283
822,2020-03-09,129,1651,1780
822,2020-03-10,134,1667,1801
822,2020-03-11,155,1724,1879
822,2020-03-12,165,1821,1986
822,2020-03-13,169,1829,1998
822,2020-03-14,52,1136,1188
822,2020-03-15,12,1094,1106
822,2020-03-16,111,1332,1443
822,2020-03-17,142,1264,1406
822,2020-03-18,132,1126,1258
822,2020-03-19,90,910,1000
822,2020-03-20,78,776,854
822,2020-03-21,15,331,346
822,2020-03-22,3,318,321
822,2020-03-23,62,685,747
822,2020-03-24,42,625,667
822,2020-03-25,73,666,739
822,2020-03-26,66,674,740
822,2020-03-27,50,709,759
822,2020-03-28,37,579,616
822,2020-03-30,64,693,757
822,2020-04-02,61,695,756
822,2020-04-03,91,742,833
822,2020-04-04,39,532,571
822,2020-04-05,7,467,474
822,2020-04-06,107,776,883
822,2020-04-07,110,736,846
822,2020-04-08,128,823,951
822,2020-04-09,89,822,911
822,2020-04-10,66,870,936
822,2020-04-11,21,648,669
822,2020-04-12,8,450,458
822,2020-04-13,19,407,426
822,2020-04-14,70,806,876
822,2020-04-15,93,832,925
822,2020-04-16,85,864,949
822,2020-04-17,110,1071,1181
822,2020-04-18,42,746,788
822,2020-04-19,20,530,550
822,2020-04-20,124,1090,1214
822,2020-04-21,147,1145,1292
822,2020-04-22,129,1151,1280
822,2020-04-23,145,1225,1370
822,2020-04-24,171,1376,1547
822,2020-04-25,60,1096,1156
822,2020-04-26,32,1101,1133
822,2020-04-27,164,1285,1449
822,2020-04-28,139,1234,1373
822,2020-04-29,515,2649,3164
822,2020-04-30,389,2582,2971
822,2020-05-01,33,763,796
822,2020-05-02,60,1030,1090
822,2020-05-03,26,954,980
822,2020-05-04,420,2556,2976
822,2020-05-05,408,2668,3076
822,2020-05-06,429,2934,3363
822,2020-05-07,373,2895,3268
822,2020-05-08,387,2556,2943
822,2020-05-09,37,1004,1041
822,2020-05-10,18,886,904
822,2020-05-11,165,1582,1747
822,2020-05-12,195,1722,1917
822,2020-05-13,173,1610,1783
822,2020-05-14,143,1761,1904
822,2020-05-15,174,1799,1973
822,2020-05-16,70,1595,1665
822,2020-05-17,28,1687,1715
822,2020-05-18,186,1727,1913
822,2020-05-19,142,1768,1910
822,2020-05-20,179,1913,2092
822,2020-05-21,24,1822,1846
822,2020-05-22,116,1647,1763
822,2020-05-23,55,1324,1379
822,2020-05-24,15,1363,1378
822,2020-05-25,166,1624,1790
822,2020-05-26,162,1994,2156
822,2020-05-27,194,1877,2071
822,2020-05-28,178,1851,2029
822,2020-05-29,167,2000,2167
822,2020-05-30,78,1754,1832
822,2020-05-31,27,1880,1907
822,2020-06-01,43,1878,1921
822,2020-06-02,165,2012,2177
822,2020-06-03,197,1850,2047
822,2020-06-04,200,1872,2072
822,2020-06-05,196,1814,2010
822,2020-06-06,22,1350,1372
822,2020-06-07,22,1376,1398
822,2020-06-08,170,1807,1977
822,2020-06-09,165,1957,2122
822,2020-06-10,229,2654,2883
822,2020-06-11,258,2888,3146
822,2020-06-12,257,3025,3282
822,2020-06-13,82,2147,2229
822,2020-06-14,21,1780,1801
822,2020-06-15,214,2717,2931
822,2020-06-16,210,2847,3057
822,2020-06-17,216,2696,2912
822,2020-06-18,230,2892,3122
822,2020-06-19,253,3039,3292
822,2020-06-20,78,2247,2325
822,2020-06-21,44,2188,2232
822,2020-06-22,138,2416,2554
822,2020-06-23,31,2252,2283
822,2020-06-24,264,3267,3531
822,2020-06-25,255,3238,3493
822,2020-06-26,283,3221,3504
822,2020-06-27,72,2058,2130
822,2020-06-28,26,1789,1815
822,2020-06-29,233,2779,3012
822,2020-06-30,230,2866,3096
822,2020-07-01,217,2823,3040
822,2020-07-02,229,2889,3118
822,2020-07-03,256,3082,3338
822,2020-07-04,79,2055,2134
822,2020-07-05,22,1721,1743
822,2020-07-06,264,2654,2918
822,2020-07-07,212,2799,3011
822,2020-07-08,210,2799,3009
822,2020-07-09,218,2961,3179
822,2020-07-10,242,2754,2996
822,2020-07-11,83,2117,2200
822,2020-07-12,28,2137,2165
822,2020-07-13,231,2796,3027
822,2020-07-14,208,2757,2965
822,2020-07-15,221,2785,3006
822,2020-07-16,189,2610,2799
822,2020-07-17,225,2660,2885
822,2020-07-18,58,2059,2117
822,2020-07-19,35,2438,2473
822,2020-07-20,191,2658,2849
822,2020-07-21,214,2597,2811
822,2020-07-22,190,2456,2646
822,2020-07-23,215,2733,2948
822,2020-07-24,200,2707,2907
822,2020-07-25,71,1892,1963
822,2020-07-26,33,1848,1881
822,2020-07-27,184,2548,2732
822,2020-07-28,192,2516,2708
822,2020-07-29,189,2356,2545
822,2020-07-30,164,2212,2376
822,2020-07-31,76,2085,2161
822,2020-08-01,37,1476,1513
822,2020-08-02,16,1670,1686
822,2020-08-03,81,1659,1740
822,2020-08-04,108,1669,1777
822,2020-08-05,79,1794,1873
822,2020-08-06,96,1853,1949
822,2020-08-07,108,1851,1959
822,2020-08-08,38,1558,1596
822,2020-08-09,12,1431,1443
822,2020-08-10,82,1673,1755
822,2020-08-11,77,1604,1681
822,2020-08-12,98,1651,1749
822,2020-08-13,76,1700,1776
822,2020-08-14,81,1645,1726
822,2020-08-15,30,1457,1487
822,2020-08-16,13,1396,1409
822,2020-08-17,100,1627,1727
822,2020-08-18,106,1629,1735
822,2020-08-19,69,1705,1774
822,2020-08-20,100,1789,1889
822,2020-08-21,101,1625,1726
822,2020-08-22,55,1366,1421
822,2020-08-23,17,1463,1480
822,2020-08-24,200,2107,2307
822,2020-08-25,187,2428,2615
822,2020-08-26,173,2320,2493
822,2020-08-27,164,2590,2754
822,2020-08-28,183,2462,2645
822,2020-08-29,80,1753,1833
822,2020-08-30,25,1693,1718
822,2020-08-31,165,2306,2471
822,2020-09-01,175,2371,2546
822,2020-09-02,192,2482,2674
822,2020-09-03,192,2498,2690
822,2020-09-04,204,2488,2692
822,2020-09-05,99,1685,1784
822,2020-09-06,27,1682,1709
822,2020-09-07,248,2421,2669
822,2020-09-08,192,2637,2829
822,2020-09-09,219,2363,2582
822,2020-09-10,191,2567,2758
822,2020-09-11,264,2711,2975
822,2020-09-12,67,2053,2120
822,2020-09-13,29,2073,2102
822,2020-09-14,172,2603,2775
822,2020-09-15,170,2690,2860
822,2020-09-16,225,2590,2815
822,2020-09-17,180,2692,2872
822,2020-09-18,234,2882,3116
822,2020-09-19,67,2178,2245
822,2020-09-20,121,2497,2618
822,2020-09-21,209,2549,2758
822,2020-09-22,185,2748,2933
822,2020-09-23,250,2597,2847
822,2020-09-24,213,2660,2873
822,2020-09-25,258,2770,3028
822,2020-09-26,60,1738,1798
822,2020-09-27,18,1548,1566
822,2020-09-28,194,2508,2702
822,2020-09-29,214,2599,2813
822,2020-09-30,270,2587,2857
822,2020-10-01,184,2603,2787
822,2020-10-02,186,2653,2839
822,2020-10-03,51,1830,1881
822,2020-10-04,16,1425,1441
822,2020-10-05,247,2830,3077
822,2020-10-06,240,2913,3153
822,2020-10-07,201,2503,2704
822,2020-10-08,192,2467,2659
822,2020-10-09,188,2510,2698
822,2020-10-10,91,1871,1962
822,2020-10-11,24,1737,1761
822,2020-10-12,203,2475,2678
822,2020-10-13,218,2438,2656
822,2020-10-14,270,2355,2625
822,2020-10-15,246,2747,2993
822,2020-10-16,233,2874,3107
822,2020-10-17,71,1776,1847
822,2020-10-18,38,1578,1616
822,2020-10-19,229,2396,2625
822,2020-10-20,229,2420,2649
822,2020-10-21,224,2479,2703
822,2020-10-22,218,2385,2603
822,2020-10-23,204,2487,2691
822,2020-10-24,79,1524,1603
822,2020-10-25,17,1211,1228
822,2020-10-26,190,2146,2336
822,2020-10-27,194,2250,2444
822,2020-10-28,221,2186,2407
822,2020-10-29,235,2186,2421
822,2020-10-30,196,2300,2496
822,2020-11-01,7,1112,1119
822,2020-11-02,85,639,724
822,2020-11-03,63,398,461
822,2020-11-04,47,285,332
822,2020-11-05,215,1704,1919
822,2020-11-06,222,2176,2398
822,2020-11-07,79,1644,1723
822,2020-11-08,28,1381,1409
822,2020-11-09,201,1962,2163
822,2020-11-10,222,2082,2304
822,2020-11-11,175,2046,2221
822,2020-11-12,170,2140,2310
822,2020-11-13,205,2182,2387
822,2020-11-14,69,1632,1701
822,2020-11-15,13,1322,1335
822,2020-11-16,196,2156,2352
822,2020-11-17,202,2136,2338
822,2020-11-18,219,2185,2404
822,2020-11-19,191,2140,2331
822,2020-11-20,186,2353,2539
822,2020-11-21,78,1737,1815
822,2020-11-22,21,1303,1324
822,2020-11-23,201,2130,2331
822,2020-11-24,206,2065,2271
822,2020-11-25,202,2194,2396
822,2020-11-26,202,2117,2319
822,2020-11-27,226,2203,2429
822,2020-11-28,73,1491,1564
822,2020-11-29,22,1154,1176
822,2020-12-02,206,2212,2418
822,2020-12-03,186,2155,2341
822,2020-12-04,234,2239,2473
822,2020-12-05,61,1582,1643
822,2020-12-06,27,1072,1099
822,2020-12-07,218,2090,2308
822,2020-12-08,173,2070,2243
822,2020-12-09,208,2162,2370
822,2020-12-10,197,2230,2427
822,2020-12-11,196,2226,2422
822,2020-12-12,44,1442,1486
822,2020-12-13,16,1098,1114
822,2020-12-14,187,2144,2331
822,2020-12-15,175,2186,2361
822,2020-12-16,191,2299,2490
822,2020-12-17,190,2225,2415
822,2020-12-18,184,2114,2298
822,2020-12-19,53,1307,1360
822,2020-12-20,11,999,1010
822,2020-12-21,69,1487,1556
822,2020-12-22,71,1528,1599
822,2020-12-23,60,1582,1642
822,2020-12-24,48,1148,1196
822,2020-12-25,9,716,725
822,2020-12-26,18,774,792
822,2020-12-27,3,223,226
822,2020-12-28,49,1179,1228
822,2020-12-29,48,1278,1326
822,2020-12-30,77,1317,1394
822,2020-12-31,40,1022,1062
902,2020-01-01,41,1933,1974
902,2020-01-02,253,3380,3633
902,2020-01-03,269,3845,4114
902,2020-01-04,198,3002,3200
902,2020-01-05,53,2251,2304
902,2020-01-06,343,4385,4728
902,2020-01-07,321,4650,4971
902,2020-01-08,321,4545,4866
902,2020-01-09,303,4628,4931
902,2020-01-10,323,4782,5105
902,2020-01-11,194,3337,3531
902,2020-01-12,51,2324,2375
902,2020-01-13,345,4612,4957
902,2020-01-14,343,4716,5059
902,2020-01-15,347,4676,5023
902,2020-01-16,355,4640,4995
902,2020-01-17,336,4860,5196
902,2020-01-18,207,3383,3590
902,2020-01-19,51,2510,2561
902,2020-01-20,392,4455,4847
902,2020-01-21,390,4704,5094
902,2020-01-22,375,4449,4824
902,2020-01-23,364,4626,4990
902,2020-01-24,375,4762,5137
902,2020-01-25,198,3253,3451
902,2020-01-26,50,2490,2540
902,2020-01-27,320,4399,4719
902,2020-01-28,353,4629,4982
902,2020-01-29,381,4708,5089
902,2020-01-30,341,4717,5058
902,2020-01-31,352,4939,5291
902,2020-02-01,166,3644,3810
902,2020-02-02,53,2547,2600
902,2020-02-03,345,4519,4864
902,2020-02-04,385,4727,5112
902,2020-02-05,407,4715,5122
902,2020-02-06,387,4706,5093
902,2020-02-07,372,4827,5199
902,2020-02-08,198,3330,3528
902,2020-02-09,59,2215,2274
902,2020-02-10,345,4095,4440
902,2020-02-11,365,4713,5078
902,2020-02-12,362,4555,4917
902,2020-02-13,323,4736,5059
902,2020-02-14,339,4936,5275
902,2020-02-15,199,3639,3838
902,2020-02-16,72,2749,2821
902,2020-02-17,319,4178,4497
902,2020-02-18,363,4499,4862
902,2020-02-19,329,4425,4754
902,2020-02-20,333,4312,4645
902,2020-02-21,374,4573,4947
902,2020-02-22,190,3227,3417
902,2020-02-23,64,2402,2466
902,2020-02-24,308,4283,4591
902,2020-02-25,474,4806,5280
902,2020-02-26,515,4669,5184
902,2020-02-27,223,3317,3540
902,2020-02-28,340,4693,5033
902,2020-02-29,196,3400,3596
902,2020-03-01,57,2582,2639
902,2020-03-02,334,4475,4809
902,2020-03-03,449,4715,5164
902,2020-03-04,441,4591,5032
902,2020-03-05,403,4616,5019
902,2020-03-06,409,4800,5209
902,2020-03-07,218,3660,3878
902,2020-03-08,64,2738,2802
902,2020-03-09,371,4562,4933
902,2020-03-10,331,4946,5277
902,2020-03-11,374,4609,4983
902,2020-03-12,362,4925,5287
902,2020-03-13,379,4745,5124
902,2020-03-14,219,3004,3223
902,2020-03-15,48,2391,2439
902,2020-03-16,387,3427,3814
902,2020-03-17,383,3182,3565
902,2020-03-18,390,2697,3087
902,2020-03-19,323,2321,2644
902,2020-03-20,276,2217,2493
902,2020-03-21,176,1131,1307
902,2020-03-22,8,799,807
902,2020-03-23,281,1805,2086
902,2020-03-24,270,1861,2131
902,2020-03-25,261,1868,2129
902,2020-03-26,258,1834,2092
902,2020-03-27,246,2096,2342
902,2020-03-28,173,1271,1444
902,2020-03-30,262,1956,2218
902,2020-03-31,261,1843,2104
902,2020-04-01,522,4205,4727
902,2020-04-02,550,4084,4634
902,2020-04-03,516,4146,4662
902,2020-04-04,318,2739,3057
902,2020-04-05,10,1823,1833
902,2020-04-06,523,4179,4702
902,2020-04-07,512,4068,4580
902,2020-04-08,528,4164,4692
902,2020-04-09,538,4310,4848
902,2020-04-10,494,4592,5086
902,2020-04-11,364,3359,3723
902,2020-04-12,6,1688,1694
902,2020-04-13,12,1503,1515
902,2020-04-14,536,4519,5055
902,2020-04-15,538,4279,4817
902,2020-04-16,535,4572,5107
902,2020-04-17,502,5076,5578
902,2020-04-18,368,3182,3550
902,2020-04-19,22,1833,1855
902,2020-04-20,614,5353,5967
902,2020-04-21,642,5528,6170
902,2020-04-22,714,5432,6146
902,2020-04-23,696,5782,6478
902,2020-04-24,690,6016,6706
902,2020-04-25,396,4194,4590
902,2020-04-26,30,2729,2759
902,2020-04-27,748,5714,6462
902,2020-04-28,674,5967,6641
902,2020-04-29,746,6083,6829
902,2020-04-30,674,6419,7093
902,2020-05-01,10,1236,1246
902,2020-05-02,200,2139,2339
902,2020-05-03,6,1378,1384
902,2020-05-04,370,3142,3512
902,2020-05-05,342,3369,3711
902,2020-05-06,354,3306,3660
902,2020-05-07,356,3355,3711
902,2020-05-08,330,3700,4030
902,2020-05-09,62,1728,1790
902,2020-05-10,54,1514,1568
902,2020-05-11,465,3809,4274
902,2020-05-12,478,4170,4648
902,2020-05-13,493,4196,4689
902,2020-05-14,461,4249,4710
902,2020-05-15,418,4537,4955
902,2020-05-16,253,3258,3511
902,2020-05-17,61,2531,2592
902,2020-05-18,467,4219,4686
902,2020-05-19,467,4743,5210
902,2020-05-20,476,4945,5421
902,2020-05-21,57,2686,2743
902,2020-05-22,342,4284,4626
902,2020-05-23,237,3049,3286
902,2020-06-04,394,4618,5012
902,2020-06-05,369,4639,5008
902,2020-06-06,256,3371,3627
902,2020-06-07,50,2885,2935
902,2020-06-08,408,4565,4973
902,2020-06-09,422,4708,5130
902,2020-06-10,414,4964,5378
902,2020-06-11,448,5131,5579
902,2020-06-12,432,5580,6012
902,2020-06-13,226,3996,4222
902,2020-06-14,64,3165,3229
902,2020-06-15,434,4903,5337
902,2020-06-16,448,5116,5564
902,2020-06-17,431,5101,5532
902,2020-06-18,425,5416,5841
902,2020-06-19,446,5508,5954
902,2020-06-20,296,3960,4256
902,2020-06-21,130,3624,3754
902,2020-06-22,367,4959,5326
902,2020-06-23,83,3134,3217
902,2020-06-24,436,5609,6045
902,2020-06-25,438,5689,6127
902,2020-06-26,456,5394,5850
902,2020-06-27,275,4249,4524
902,2020-06-29,458,5384,5842
902,2020-06-30,433,5466,5899
902,2020-07-01,462,5706,6168
902,2020-07-02,428,5478,5906
902,2020-07-03,485,5736,6221
902,2020-07-04,278,4473,4751
902,2020-07-05,115,3519,3634
902,2020-07-06,421,5262,5683
902,2020-07-07,431,5653,6084
902,2020-07-08,435,5394,5829
902,2020-07-09,391,5799,6190
902,2020-07-10,405,5734,6139
902,2020-07-11,320,4423,4743
902,2020-07-12,127,3910,4037
902,2020-07-13,484,5820,6304
902,2020-07-14,538,5864,6402
902,2020-07-15,508,5637,6145
902,2020-07-16,456,5467,5923
902,2020-07-17,449,5584,6033
902,2020-07-18,314,4535,4849
902,2020-07-19,129,4136,4265
902,2020-07-20,493,5321,5814
902,2020-07-21,511,5980,6491
902,2020-07-22,546,5712,6258
902,2020-07-23,590,5604,6194
902,2020-07-24,597,5602,6199
902,2020-07-25,326,4357,4683
902,2020-07-26,127,3730,3857
902,2020-07-27,546,5191,5737
902,2020-07-28,521,5547,6068
902,2020-07-29,529,5647,6176
902,2020-07-30,354,5640,5994
902,2020-07-31,325,5438,5763
902,2020-08-01,74,3940,4014
902,2020-08-02,18,3590,3608
902,2020-08-03,331,4560,4891
902,2020-08-04,336,5053,5389
902,2020-08-05,324,5094,5418
902,2020-08-06,337,5106,5443
902,2020-08-07,329,5035,5364
902,2020-08-08,203,3944,4147
902,2020-08-09,55,3415,3470
902,2020-08-10,300,4417,4717
902,2020-08-11,321,4798,5119
902,2020-08-12,308,4859,5167
902,2020-08-13,305,4913,5218
902,2020-08-14,345,5092,5437
902,2020-08-15,47,3376,3423
902,2020-08-16,32,3419,3451
902,2020-08-17,315,4522,4837
902,2020-08-18,327,4720,5047
902,2020-08-19,324,4936,5260
902,2020-08-20,305,5073,5378
902,2020-08-21,333,5002,5335
902,2020-08-22,219,4216,4435
902,2020-08-23,72,3509,3581
902,2020-08-24,577,4940,5517
902,2020-08-25,531,5118,5649
902,2020-08-26,544,5023,5567
902,2020-08-27,512,5283,5795
902,2020-08-28,451,5294,5745
902,2020-08-29,243,4047,4290
902,2020-08-30,67,3397,3464
902,2020-08-31,457,4680,5137
902,2020-09-01,465,5338,5803
902,2020-09-02,459,5602,6061
902,2020-09-03,427,5733,6160
902,2020-09-04,407,5969,6376
902,2020-09-05,225,4627,4852
902,2020-09-06,79,4173,4252
902,2020-09-07,371,5083,5454
902,2020-09-08,460,5407,5867
902,2020-09-09,424,5603,6027
902,2020-09-10,480,6005,6485
902,2020-09-11,448,6243,6691
902,2020-09-12,302,4794,5096
902,2020-09-13,138,4609,4747
902,2020-09-14,484,5665,6149
902,2020-09-15,500,6365,6865
902,2020-09-16,537,6045,6582
902,2020-09-17,505,6414,6919
902,2020-09-18,506,6575,7081
902,2020-09-19,310,5170,5480
902,2020-09-20,136,4458,4594
902,2020-09-21,501,5648,6149
902,2020-09-22,472,6027,6499
902,2020-09-23,536,5841,6377
902,2020-09-24,481,5856,6337
902,2020-09-25,503,5749,6252
902,2020-09-26,182,3961,4143
902,2020-09-27,68,3146,3214
902,2020-09-28,507,5431,5938
902,2020-09-29,542,5663,6205
902,2020-09-30,489,5411,5900
902,2020-10-01,519,5614,6133
902,2020-10-02,487,5535,6022
902,2020-10-03,195,3862,4057
902,2020-10-04,44,3037,3081
902,2020-10-05,456,5312,5768
902,2020-10-06,447,5540,5987
902,2020-10-07,504,5405,5909
902,2020-10-08,445,5565,6010
902,2020-10-09,431,5679,6110
902,2020-10-10,243,4175,4418
902,2020-10-11,83,3181,3264
902,2020-10-12,518,5038,5556
902,2020-10-13,512,5487,5999
902,2020-10-14,523,5245,5768
902,2020-10-15,479,5626,6105
902,2020-10-16,526,5664,6190
902,2020-10-17,314,4016,4330
902,2020-10-18,144,3189,3333
902,2020-10-19,520,5217,5737
902,2020-10-20,442,5409,5851
902,2020-10-21,482,5389,5871
902,2020-10-22,407,5698,6105
902,2020-10-23,419,5435,5854
902,2020-10-24,272,3847,4119
902,2020-10-25,120,2579,2699
902,2020-10-26,451,4847,5298
902,2020-10-27,430,5006,5436
902,2020-10-28,481,5055,5536
902,2020-10-29,429,5118,5547
902,2020-10-30,475,5439,5914
902,2020-11-01,47,2356,2403
902,2020-11-02,375,4350,4725
902,2020-11-03,418,4744,5162
902,2020-11-04,399,4856,5255
902,2020-11-05,422,4919,5341
902,2020-11-06,429,5010,5439
902,2020-11-07,236,3981,4217
902,2020-11-08,78,2871,2949
902,2020-11-09,489,4978,5467
902,2020-11-10,492,4998,5490
902,2020-11-11,488,5361,5849
902,2020-11-12,466,5286,5752
902,2020-11-13,472,5532,6004
902,2020-11-14,226,3939,4165
902,2020-11-15,67,2669,2736
902,2020-11-16,459,5019,5478
902,2020-11-17,441,5148,5589
902,2020-11-18,493,5213,5706
902,2020-11-19,457,5281,5738
902,2020-11-20,464,5397,5861
902,2020-11-21,297,3846,4143
902,2020-11-22,131,2745,2876
902,2020-11-23,416,5005,5421
902,2020-11-24,417,5202,5619
902,2020-11-25,473,5249,5722
902,2020-11-26,477,5136,5613
902,2020-11-27,556,5210,5766
902,2020-11-28,246,3314,3560
902,2020-11-29,78,2219,2297
902,2020-11-30,455,4760,5215
902,2020-12-02,477,4949,5426
902,2020-12-03,470,4967,5437
902,2020-12-04,526,5124,5650
902,2020-12-05,228,3210,3438
902,2020-12-06,62,2058,2120
902,2020-12-07,474,4837,5311
902,2020-12-08,426,4856,5282
902,2020-12-09,476,4764,5240
902,2020-12-10,556,5177,5733
902,2020-12-11,416,5043,5459
902,2020-12-12,227,3188,3415
902,2020-12-13,71,2106,2177
902,2020-12-14,483,4974,5457
902,2020-12-15,409,5110,5519
902,2020-12-16,499,5044,5543
902,2020-12-17,512,5286,5798
902,2020-12-18,454,5216,5670
902,2020-12-19,217,3232,3449
902,2020-12-20,55,2135,2190
902,2020-12-21,321,4173,4494
902,2020-12-22,182,4512,4694
902,2020-12-23,289,4428,4717
902,2020-12-24,253,3366,3619
902,2020-12-25,58,1610,1668
902,2020-12-26,70,1962,2032
902,2020-12-27,50,1363,1413
902,2020-12-28,268,3111,3379
902,2020-12-29,305,3173,3478
902,2020-12-30,308,3494,3802
902,2020-12-31,247,2770,3017
905,2020-01-01,64,5938,6002
905,2020-01-02,398,9845,10243
905,2020-01-03,431,10576,11007
905,2020-01-04,235,9444,9679
905,2020-01-05,80,7562,7642
905,2020-01-06,577,11309,11886
905,2020-01-07,581,11626,12207
905,2020-01-08,590,11311,11901
905,2020-01-09,609,11078,11687
905,2020-01-10,582,12298,12880
905,2020-01-11,254,10779,11033
905,2020-01-12,70,8028,8098
905,2020-01-13,703,11701,12404
905,2020-01-14,751,12067,12818
905,2020-01-15,801,12211,13012
905,2020-01-16,776,12364,13140
905,2020-01-17,769,12442,13211
905,2020-01-18,274,10073,10347
905,2020-01-19,105,8909,9014
905,2020-01-20,729,11810,12539
905,2020-01-21,864,12392,13256
905,2020-01-22,797,12378,13175
905,2020-01-23,799,12434,13233
905,2020-01-24,798,12985,13783
905,2020-01-25,294,11280,11574
905,2020-01-26,71,8751,8822
905,2020-01-27,672,10224,10896
905,2020-01-28,774,12065,12839
905,2020-01-29,843,11995,12838
905,2020-01-30,818,12432,13250
905,2020-01-31,752,12831,13583
905,2020-02-01,218,10422,10640
905,2020-02-02,93,8545,8638
905,2020-02-03,717,11223,11940
905,2020-02-04,633,11643,12276
905,2020-02-05,788,12567,13355
905,2020-02-06,757,12957,13714
905,2020-02-07,715,13310,14025
905,2020-02-08,274,11432,11706
905,2020-02-09,57,7604,7661
905,2020-02-10,672,11672,12344
905,2020-02-11,776,12804,13580
905,2020-02-12,813,12824,13637
905,2020-02-13,790,12880,13670
905,2020-02-14,754,13524,14278
905,2020-02-15,292,10778,11070
905,2020-02-16,87,8391,8478
905,2020-02-17,778,11760,12538
905,2020-02-18,805,12180,12985
905,2020-02-19,682,11912,12594
905,2020-02-20,823,11901,12724
905,2020-02-21,744,12691,13435
905,2020-02-22,318,10579,10897
905,2020-02-23,87,7857,7944
905,2020-02-24,614,11542,12156
905,2020-02-25,732,12606,13338
905,2020-02-26,794,12755,13549
905,2020-02-27,652,11042,11694
905,2020-02-28,702,13712,14414
905,2020-02-29,299,11849,12148
905,2020-03-01,87,8269,8356
905,2020-03-02,771,11663,12434
905,2020-03-03,825,12622,13447
905,2020-03-04,826,12453,13279
905,2020-03-05,731,10573,11304
905,2020-03-06,744,13340,14084
905,2020-03-07,284,11588,11872
905,2020-03-08,85,9262,9347
905,2020-03-09,752,12431,13183
905,2020-03-10,720,12071,12791
905,2020-03-11,776,12634,13410
905,2020-03-12,807,12753,13560
905,2020-03-13,859,12457,13316
905,2020-03-14,291,9247,9538
905,2020-03-15,104,6821,6925
905,2020-03-16,844,10117,10961
905,2020-03-17,912,9155,10067
905,2020-03-18,854,8043,8897
905,2020-03-19,694,6654,7348
905,2020-03-20,509,5869,6378
905,2020-03-21,207,2989,3196
905,2020-03-22,31,2019,2050
905,2020-03-23,506,4924,5430
905,2020-03-24,485,4743,5228
905,2020-03-25,484,4908,5392
905,2020-03-26,480,4900,5380
905,2020-03-27,428,5234,5662
905,2020-03-28,199,3486,3685
905,2020-03-30,447,5101,5548
905,2020-03-31,437,5228,5665
905,2020-04-01,410,5140,5550
905,2020-04-02,464,5076,5540
905,2020-04-03,447,5424,5871
905,2020-04-04,241,3523,3764
905,2020-04-05,25,1949,1974
905,2020-04-06,525,5390,5915
905,2020-04-07,562,5453,6015
905,2020-04-08,533,5472,6005
905,2020-04-09,488,5559,6047
905,2020-04-10,461,5857,6318
905,2020-04-11,220,4159,4379
905,2020-04-12,19,2109,2128
905,2020-04-13,36,2213,2249
905,2020-04-14,524,5856,6380
905,2020-04-15,514,6029,6543
905,2020-04-16,515,6283,6798
905,2020-04-17,441,6795,7236
905,2020-04-18,231,4549,4780
905,2020-04-19,32,2761,2793
905,2020-04-20,664,7749,8413
905,2020-04-21,732,7960,8692
905,2020-04-22,789,8093,8882
905,2020-04-23,774,8389,9163
905,2020-04-24,821,8908,9729
905,2020-04-25,273,6363,6636
905,2020-04-26,59,4123,4182
905,2020-04-27,780,8866,9646
905,2020-04-28,838,8765,9603
905,2020-04-29,978,7471,8449
905,2020-04-30,899,7789,8688
905,2020-05-01,37,3276,3313
905,2020-05-02,252,6134,6386
905,2020-05-03,41,3920,3961
905,2020-05-04,853,7641,8494
905,2020-05-05,862,7618,8480
905,2020-05-06,950,7689,8639
905,2020-05-07,804,7865,8669
905,2020-05-08,848,8868,9716
905,2020-05-09,110,5237,5347
905,2020-05-10,81,4729,4810
905,2020-05-11,834,10451,11285
905,2020-05-12,882,11095,11977
905,2020-05-13,887,10934,11821
905,2020-05-14,909,11192,12101
905,2020-05-15,943,11780,12723
905,2020-05-16,512,9743,10255
905,2020-05-17,148,7815,7963
905,2020-05-18,1072,10935,12007
905,2020-05-19,1121,11552,12673
905,2020-05-20,1123,12179,13302
905,2020-05-21,175,8935,9110
905,2020-05-22,821,11618,12439
905,2020-05-23,402,8871,9273
905,2020-05-24,157,7405,7562
905,2020-05-25,1121,11102,12223
905,2020-05-26,1156,11919,13075
905,2020-05-27,1092,11864,12956
905,2020-05-28,1164,12240,13404
905,2020-05-29,1137,12858,13995
905,2020-05-30,498,11306,11804
905,2020-05-31,171,9958,10129
905,2020-06-01,223,10161,10384
905,2020-06-02,1095,13414,14509
905,2020-06-03,1116,12847,13963
905,2020-06-04,1060,12186,13246
905,2020-06-05,981,12645,13626
905,2020-06-06,427,10537,10964
905,2020-06-07,137,8048,8185
905,2020-06-08,1042,12167,13209
905,2020-06-09,1143,12314,13457
905,2020-06-10,1066,12819,13885
905,2020-06-11,1085,12755,13840
905,2020-06-12,1112,13848,14960
905,2020-06-13,446,11669,12115
905,2020-06-14,182,9436,9618
905,2020-06-15,1122,12550,13672
905,2020-06-16,1075,12821,13896
905,2020-06-17,1004,13004,14008
905,2020-06-18,1070,13178,14248
905,2020-06-19,1095,13776,14871
905,2020-06-20,629,11710,12339
905,2020-06-21,238,9741,9979
905,2020-06-22,896,12464,13360
905,2020-06-23,251,10416,10667
905,2020-06-24,1280,13674,14954
905,2020-06-25,1251,14213,15464
905,2020-06-26,1177,13733,14910
905,2020-06-27,451,11901,12352
905,2020-06-28,192,9505,9697
905,2020-06-29,1150,12751,13901
905,2020-06-30,1099,13087,14186
905,2020-07-01,1129,13092,14221
905,2020-07-02,1106,13017,14123
905,2020-07-03,1017,14157,15174
905,2020-07-04,475,12139,12614
905,2020-07-05,222,9230,9452
905,2020-07-06,1114,12747,13861
905,2020-07-07,1106,13204,14310
905,2020-07-08,1159,12722,13881
905,2020-07-09,1102,13043,14145
905,2020-07-10,1061,13901,14962
905,2020-07-11,519,12377,12896
905,2020-07-12,219,10553,10772
905,2020-07-13,1204,13203,14407
905,2020-07-14,1164,13093,14257
905,2020-07-15,1133,13429,14562
905,2020-07-16,1150,13316,14466
905,2020-07-17,1204,14052,15256
905,2020-07-18,565,12834,13399
905,2020-07-19,221,12190,12411
905,2020-07-20,1101,13217,14318
905,2020-07-21,1069,13683,14752
905,2020-07-22,1055,13679,14734
905,2020-07-23,1226,14026,15252
905,2020-07-24,1226,13949,15175
905,2020-07-25,494,11799,12293
905,2020-07-26,211,9196,9407
905,2020-07-27,1128,13295,14423
905,2020-07-28,1131,13289,14420
905,2020-07-29,1124,13563,14687
905,2020-07-30,950,14054,15004
905,2020-07-31,759,14591,15350
905,2020-08-01,398,11520,11918
905,2020-08-02,194,9482,9676
905,2020-08-03,774,11723,12497
905,2020-08-04,749,12283,13032
905,2020-08-05,718,12834,13552
905,2020-08-06,799,12941,13740
905,2020-08-07,786,13748,14534
905,2020-08-08,381,11320,11701
905,2020-08-09,190,9403,9593
905,2020-08-10,758,12392,13150
905,2020-08-11,692,12872,13564
905,2020-08-12,760,12660,13420
905,2020-08-13,783,12275,13058
905,2020-08-14,700,12739,13439
905,2020-08-15,173,9307,9480
905,2020-08-16,157,9048,9205
905,2020-08-17,713,11712,12425
905,2020-08-18,793,11779,12572
905,2020-08-19,753,12256,13009
905,2020-08-20,764,13243,14007
905,2020-08-21,749,13067,13816
905,2020-08-22,403,10877,11280
905,2020-08-23,168,8628,8796
905,2020-08-24,914,12198,13112
905,2020-08-25,1042,12290,13332
905,2020-08-26,973,12586,13559
905,2020-08-27,946,13112,14058
905,2020-08-28,956,13275,14231
905,2020-08-29,398,10934,11332
905,2020-08-30,158,8861,9019
905,2020-08-31,995,12345,13340
905,2020-09-01,949,12706,13655
905,2020-09-02,1042,12933,13975
905,2020-09-03,1074,13120,14194
905,2020-09-04,1084,13785,14869
905,2020-09-05,458,11346,11804
905,2020-09-06,194,9334,9528
905,2020-09-07,1162,12197,13359
905,2020-09-08,1147,12607,13754
905,2020-09-09,1038,13436,14474
905,2020-09-10,1120,13471,14591
905,2020-09-11,1140,14098,15238
905,2020-09-12,487,12215,12702
905,2020-09-13,254,11006,11260
905,2020-09-14,1050,13415,14465
905,2020-09-15,1109,13623,14732
905,2020-09-16,1033,13208,14241
905,2020-09-17,1122,13075,14197
905,2020-09-18,1153,13976,15129
905,2020-09-19,463,12556,13019
905,2020-09-20,232,9979,10211
905,2020-09-21,1327,12340,13667
905,2020-09-22,1206,12957,14163
905,2020-09-23,1219,12829,14048
905,2020-09-24,1238,13219,14457
905,2020-09-25,1162,13552,14714
905,2020-09-26,413,11400,11813
905,2020-09-27,165,8967,9132
905,2020-09-28,1208,12298,13506
905,2020-09-29,1136,12981,14117
905,2020-09-30,1015,12909,13924
905,2020-10-01,1070,12772,13842
905,2020-10-02,1039,13495,14534
905,2020-10-03,372,11482,11854
905,2020-10-04,134,9081,9215
905,2020-10-05,988,12022,13010
905,2020-10-06,1035,12723,13758
905,2020-10-07,1049,12717,13766
905,2020-10-08,1015,13004,14019
905,2020-10-09,965,13633,14598
905,2020-10-10,475,11687,12162
905,2020-10-11,148,9414,9562
905,2020-10-12,1085,12005,13090
905,2020-10-13,1055,13013,14068
905,2020-10-14,1018,12694,13712
905,2020-10-15,1058,12564,13622
905,2020-10-16,981,12824,13805
905,2020-10-17,555,11338,11893
905,2020-10-18,192,8916,9108
905,2020-10-19,1076,12446,13522
905,2020-10-20,1092,12831,13923
905,2020-10-21,1001,12738,13739
905,2020-10-22,993,12907,13900
905,2020-10-23,977,12633,13610
905,2020-10-24,465,10446,10911
905,2020-10-25,154,7528,7682
905,2020-10-26,994,11876,12870
905,2020-10-27,1041,12163,13204
905,2020-10-28,934,12034,12968
905,2020-10-29,982,12341,13323
905,2020-10-30,1010,12595,13605
905,2020-11-01,94,6611,6705
905,2020-11-02,926,10975,11901
905,2020-11-03,947,11629,12576
905,2020-11-04,909,11788,12697
905,2020-11-05,1033,12014,13047
905,2020-11-06,527,5716,6243
905,2020-11-07,295,8594,8889
905,2020-11-08,128,7600,7728
905,2020-11-09,1043,11541,12584
905,2020-11-10,987,11995,12982
905,2020-11-11,987,11714,12701
905,2020-11-12,966,12003,12969
905,2020-11-13,1015,12586,13601
905,2020-11-14,401,10684,11085
905,2020-11-15,110,7316,7426
905,2020-11-16,959,11232,12191
905,2020-11-17,1022,11809,12831
905,2020-11-18,1153,11708,12861
905,2020-11-19,1060,12454,13514
905,2020-11-20,1047,12739,13786
905,2020-11-21,439,10318,10757
905,2020-11-22,159,7358,7517
905,2020-11-23,983,11368,12351
905,2020-11-24,1050,11982,13032
905,2020-11-25,1090,11929,13019
905,2020-11-26,1010,12095,13105
905,2020-11-27,1000,12596,13596
905,2020-11-28,432,9957,10389
905,2020-11-29,130,6829,6959
905,2020-11-30,1058,11687,12745
905,2020-12-01,996,11810,12806
905,2020-12-02,1069,11700,12769
905,2020-12-03,1011,11570,12581
905,2020-12-04,1073,12174,13247
905,2020-12-05,392,9738,10130
905,2020-12-06,133,6763,6896
905,2020-12-07,1041,11242,12283
905,2020-12-08,991,11879,12870
905,2020-12-09,1087,11611,12698
905,2020-12-10,1061,12013,13074
905,2020-12-11,964,12430,13394
905,2020-12-12,356,9471,9827
905,2020-12-13,109,6397,6506
905,2020-12-14,998,11654,12652
905,2020-12-15,939,11962,12901
905,2020-12-16,1001,11358,12359
905,2020-12-17,1017,12599,13616
905,2020-12-18,913,12412,13325
905,2020-12-19,363,9604,9967
905,2020-12-20,127,6596,6723
905,2020-12-21,634,10959,11593
905,2020-12-22,614,11226,11840
905,2020-12-23,522,10874,11396
905,2020-12-24,361,9474,9835
905,2020-12-25,87,5172,5259
905,2020-12-26,133,5301,5434
905,2020-12-27,116,4707,4823
905,2020-12-28,478,8812,9290
905,2020-12-29,459,9133,9592
905,2020-12-30,494,9529,10023
905,2020-12-31,356,8194,8550
908,2020-01-01,43,4993,5036
908,2020-01-02,432,10519,10951
908,2020-01-03,420,12002,12422
908,2020-01-04,208,10202,10410
908,2020-01-05,42,7322,7364
908,2020-01-06,551,13341,13892
908,2020-01-07,594,13925,14519
908,2020-01-08,563,13076,13639
908,2020-01-09,539,13755,14294
908,2020-01-10,577,14169,14746
908,2020-01-11,243,11653,11896
908,2020-01-12,40,7513,7553
908,2020-01-13,643,13893,14536
908,2020-01-14,623,14258,14881
908,2020-01-15,642,13906,14548
908,2020-01-16,635,14802,15437
908,2020-01-17,629,14759,15388
908,2020-01-18,242,11553,11795
908,2020-01-19,54,7459,7513
908,2020-01-20,646,13985,14631
908,2020-01-21,625,14432,15057
908,2020-01-22,659,13919,14578
908,2020-01-23,674,14623,15297
908,2020-01-24,665,14863,15528
908,2020-01-25,237,11843,12080
908,2020-01-26,43,7743,7786
908,2020-01-27,630,13613,14243
908,2020-01-28,693,14413,15106
908,2020-01-29,658,14188,14846
908,2020-01-30,604,14396,15000
908,2020-01-31,593,15335,15928
908,2020-02-01,232,12266,12498
908,2020-02-02,41,8124,8165
908,2020-02-03,566,13820,14386
908,2020-02-04,586,14467,15053
908,2020-02-05,674,14371,15045
908,2020-02-06,644,14659,15303
908,2020-02-07,678,15105,15783
908,2020-02-08,261,12153,12414
908,2020-02-09,47,7112,7159
908,2020-02-10,588,12724,13312
908,2020-02-11,731,14375,15106
908,2020-02-12,682,14444,15126
908,2020-02-13,619,14750,15369
908,2020-02-14,592,15650,16242
908,2020-02-15,248,11140,11388
908,2020-02-16,54,7966,8020
908,2020-02-17,631,13277,13908
908,2020-02-18,641,13490,14131
908,2020-02-19,601,13727,14328
908,2020-02-20,668,13853,14521
908,2020-02-21,613,14636,15249
908,2020-02-22,245,11081,11326
908,2020-02-23,42,7586,7628
908,2020-02-24,571,13700,14271
908,2020-02-25,577,14092,14669
908,2020-02-26,656,13635,14291
908,2020-02-27,506,10090,10596
908,2020-02-28,632,14839,15471
908,2020-03-05,468,13334,13802
908,2020-03-06,533,15388,15921
908,2020-03-07,228,13377,13605
908,2020-03-08,55,8076,8131
908,2020-03-09,509,13985,14494
908,2020-03-10,496,13226,13722
908,2020-03-11,538,13508,14046
908,2020-03-12,558,14352,14910
908,2020-03-13,516,15032,15548
908,2020-03-14,216,10687,10903
908,2020-03-15,43,6813,6856
908,2020-03-16,477,11528,12005
908,2020-03-17,501,9877,10378
908,2020-03-18,478,7915,8393
908,2020-03-19,446,6598,7044
908,2020-03-20,414,6599,7013
908,2020-03-21,207,3902,4109
908,2020-03-22,22,2384,2406
908,2020-03-23,328,5352,5680
908,2020-03-24,333,5187,5520
908,2020-03-25,329,5174,5503
908,2020-03-26,321,5208,5529
908,2020-03-27,310,6011,6321
908,2020-03-28,145,4604,4749
908,2020-03-30,319,5350,5669
908,2020-03-31,332,5329,5661
908,2020-04-01,342,5577,5919
908,2020-04-02,357,5668,6025
908,2020-04-03,318,6209,6527
908,2020-04-04,146,4798,4944
908,2020-04-05,11,2489,2500
908,2020-04-06,326,5902,6228
908,2020-04-07,294,5967,6261
908,2020-04-08,304,6375,6679
908,2020-04-09,303,6864,7167
908,2020-04-10,306,7166,7472
908,2020-04-11,160,5882,6042
908,2020-04-12,7,2589,2596
908,2020-04-13,8,2345,2353
908,2020-04-14,338,6682,7020
908,2020-04-15,355,6442,6797
908,2020-04-16,335,6878,7213
908,2020-04-17,335,7790,8125
908,2020-04-18,144,6322,6466
908,2020-04-19,8,3337,3345
908,2020-04-20,405,9265,9670
908,2020-04-21,428,9002,9430
908,2020-04-22,393,9114,9507
908,2020-04-23,425,9508,9933
908,2020-04-24,430,10521,10951
908,2020-04-25,186,9095,9281
908,2020-04-26,15,4526,4541
908,2020-04-27,490,11411,11901
908,2020-04-28,442,9842,10284
908,2020-04-29,472,10008,10480
908,2020-04-30,446,10780,11226
908,2020-05-01,17,3520,3537
908,2020-05-02,185,9676,9861
908,2020-05-03,8,4394,4402
908,2020-05-04,511,10708,11219
908,2020-05-05,507,10934,11441
908,2020-05-06,503,11214,11717
908,2020-05-07,568,11263,11831
908,2020-05-08,490,12363,12853
908,2020-05-09,88,5229,5317
908,2020-05-10,35,5374,5409
908,2020-05-11,573,12118,12691
908,2020-05-12,524,12395,12919
908,2020-05-13,550,12278,12828
908,2020-05-14,589,12584,13173
908,2020-05-15,535,14053,14588
908,2020-05-16,267,11707,11974
908,2020-05-17,35,6874,6909
908,2020-05-18,497,13053,13550
908,2020-05-19,490,13185,13675
908,2020-05-20,488,14635,15123
908,2020-05-21,25,6196,6221
908,2020-05-22,439,13483,13922
908,2020-05-23,239,10974,11213
908,2020-05-24,32,6485,6517
908,2020-05-25,595,12939,13534
908,2020-05-26,552,13466,14018
908,2020-05-27,537,14040,14577
908,2020-05-28,568,14342,14910
908,2020-05-29,563,14919,15482
908,2020-05-30,219,12598,12817
908,2020-05-31,37,7661,7698
908,2020-06-01,25,6747,6772
908,2020-06-02,591,14206,14797
908,2020-06-03,656,13789,14445
908,2020-06-04,718,14066,14784
908,2020-06-05,625,13898,14523
908,2020-06-06,248,11315,11563
908,2020-06-07,37,7021,7058
908,2020-06-08,581,13685,14266
908,2020-06-09,618,13907,14525
908,2020-06-10,648,13781,14429
908,2020-06-11,631,14330,14961
908,2020-06-12,646,16498,17144
908,2020-06-13,245,15115,15360
908,2020-06-14,31,8619,8650
908,2020-06-15,582,14007,14589
908,2020-06-16,533,14330,14863
908,2020-06-17,581,14473,15054
908,2020-06-18,584,14698,15282
908,2020-06-19,630,16082,16712
908,2020-06-20,405,16285,16690
908,2020-06-21,92,10620,10712
908,2020-06-22,520,14381,14901
908,2020-06-23,51,6839,6890
908,2020-06-24,656,15203,15859
908,2020-06-25,610,14344,14954
908,2020-06-26,548,14658,15206
908,2020-06-27,311,13280,13591
908,2020-06-28,56,7225,7281
908,2020-06-29,604,14436,15040
908,2020-06-30,634,14650,15284
908,2020-07-01,628,15338,15966
908,2020-07-02,612,15499,16111
908,2020-07-03,579,15416,15995
908,2020-07-04,221,12550,12771
908,2020-07-05,47,7491,7538
908,2020-07-06,636,15474,16110
908,2020-07-07,660,16077,16737
908,2020-07-08,677,14725,15402
908,2020-07-09,581,15046,15627
908,2020-07-10,636,15772,16408
908,2020-07-11,267,12907,13174
908,2020-07-12,49,8211,8260
908,2020-07-13,599,14250,14849
908,2020-07-14,627,14514,15141
908,2020-07-15,572,15053,15625
908,2020-07-16,683,14665,15348
908,2020-07-17,598,15617,16215
908,2020-07-18,250,14381,14631
908,2020-07-19,63,8780,8843
908,2020-07-20,597,13636,14233
908,2020-07-21,648,14083,14731
908,2020-07-22,724,13747,14471
908,2020-07-23,713,14094,14807
908,2020-07-24,720,14630,15350
908,2020-07-25,277,11895,12172
908,2020-07-26,46,7446,7492
908,2020-07-27,648,13326,13974
908,2020-07-28,662,13907,14569
908,2020-07-29,590,14410,15000
908,2020-07-30,538,14257,14795
908,2020-07-31,473,13834,14307
908,2020-08-01,211,10959,11170
908,2020-08-02,61,7106,7167
908,2020-08-03,495,12338,12833
908,2020-08-04,449,12832,13281
908,2020-08-05,498,12322,12820
908,2020-08-06,498,12612,13110
908,2020-08-07,426,13039,13465
908,2020-08-08,217,10046,10263
908,2020-08-09,51,6517,6568
908,2020-08-10,391,11698,12089
908,2020-08-11,414,12291,12705
908,2020-08-12,390,11950,12340
908,2020-08-13,412,12309,12721
908,2020-08-14,403,13293,13696
908,2020-08-15,65,6782,6847
908,2020-08-16,53,7087,7140
908,2020-08-17,406,11943,12349
908,2020-08-18,508,12472,12980
908,2020-08-19,444,12111,12555
908,2020-08-20,435,11985,12420
908,2020-08-21,438,12440,12878
908,2020-08-22,216,10206,10422
908,2020-08-23,61,7070,7131
908,2020-08-24,508,12722,13230
908,2020-08-25,592,13441,14033
908,2020-08-26,566,12886,13452
908,2020-08-27,634,14241,14875
908,2020-08-28,623,14676,15299
908,2020-08-29,224,10885,11109
908,2020-08-30,46,7377,7423
908,2020-08-31,602,13412,14014
908,2020-09-01,189,1832,2021
908,2020-09-02,69,1293,1362
908,2020-09-03,699,13512,14211
908,2020-09-04,544,13855,14399
908,2020-09-05,248,11628,11876
908,2020-09-06,133,7738,7871
908,2020-09-07,605,14181,14786
908,2020-09-08,614,14196,14810
908,2020-09-09,4,90,94
908,2020-09-10,569,14696,15265
908,2020-09-11,589,15588,16177
908,2020-09-12,314,15411,15725
908,2020-09-13,119,11178,11297
908,2020-09-14,508,14141,14649
908,2020-09-15,539,14464,15003
908,2020-09-16,622,14511,15133
908,2020-09-17,599,15077,15676
908,2020-09-18,605,16311,16916
908,2020-09-19,397,17760,18157
908,2020-09-20,119,11866,11985
908,2020-09-21,682,14224,14906
908,2020-09-22,652,14679,15331
908,2020-09-23,605,14617,15222
908,2020-09-24,624,14447,15071
908,2020-09-25,587,15275,15862
908,2020-09-26,287,13157,13444
908,2020-09-27,113,7312,7425
908,2020-09-28,550,13745,14295
908,2020-09-29,543,14534,15077
908,2020-09-30,586,14257,14843
908,2020-10-01,528,14703,15231
908,2020-10-02,579,14422,15001
908,2020-10-03,283,13161,13444
908,2020-10-04,104,7882,7986
908,2020-10-05,583,13694,14277
908,2020-10-06,528,14275,14803
908,2020-10-07,557,13942,14499
908,2020-10-08,521,14761,15282
908,2020-10-09,507,14732,15239
908,2020-10-10,269,13010,13279
908,2020-10-11,101,8003,8104
908,2020-10-12,554,13638,14192
908,2020-10-13,542,13980,14522
908,2020-10-14,632,13954,14586
908,2020-10-15,603,14325,14928
908,2020-10-16,546,14828,15374
908,2020-10-17,272,12803,13075
908,2020-10-18,87,7278,7365
908,2020-10-19,559,13479,14038
908,2020-10-20,643,15474,16117
908,2020-10-21,606,13644,14250
908,2020-10-22,600,14176,14776
908,2020-10-23,520,14261,14781
908,2020-10-24,297,12144,12441
908,2020-10-25,102,6791,6893
908,2020-10-26,572,12966,13538
908,2020-10-27,548,13643,14191
908,2020-10-28,590,13632,14222
908,2020-10-29,611,14222,14833
908,2020-10-30,562,13894,14456
908,2020-11-01,77,5937,6014
908,2020-11-02,525,12233,12758
908,2020-11-03,528,13032,13560
908,2020-11-04,531,12964,13495
908,2020-11-05,581,13096,13677
908,2020-11-06,550,13674,14224
908,2020-11-07,276,11367,11643
908,2020-11-08,75,6604,6679
908,2020-11-09,524,13000,13524
908,2020-11-10,627,13883,14510
908,2020-11-11,575,13309,13884
908,2020-11-12,573,13666,14239
908,2020-11-13,629,14276,14905
908,2020-11-14,272,12120,12392
908,2020-11-15,84,6521,6605
908,2020-11-16,642,12922,13564
908,2020-11-17,582,12987,13569
908,2020-11-18,658,13693,14351
908,2020-11-19,597,13482,14079
908,2020-11-20,630,14288,14918
908,2020-11-21,277,11858,12135
908,2020-11-22,78,6613,6691
908,2020-11-23,567,13010,13577
908,2020-11-24,594,13861,14455
908,2020-11-25,576,13542,14118
908,2020-11-26,597,13050,13647
908,2020-11-27,608,13992,14600
908,2020-11-28,268,11425,11693
908,2020-11-29,92,6321,6413
908,2020-11-30,597,12841,13438
908,2020-12-01,569,12508,13077
908,2020-12-03,579,12959,13538
908,2020-12-04,637,13578,14215
908,2020-12-05,275,11522,11797
908,2020-12-06,102,6435,6537
908,2020-12-07,545,12867,13412
908,2020-12-08,558,12949,13507
908,2020-12-09,589,13564,14153
908,2020-12-10,557,13301,13858
908,2020-12-11,497,13411,13908
908,2020-12-12,251,10768,11019
908,2020-12-13,99,6115,6214
908,2020-12-14,578,13074,13652
908,2020-12-15,536,13398,13934
908,2020-12-16,555,13272,13827
908,2020-12-17,550,13659,14209
908,2020-12-18,524,14445,14969
908,2020-12-19,224,10955,11179
908,2020-12-20,77,6172,6249
908,2020-12-21,390,13002,13392
908,2020-12-22,369,13459,13828
908,2020-12-23,356,13174,13530
908,2020-12-24,318,11224,11542
908,2020-12-25,82,4272,4354
908,2020-12-26,79,4394,4473
908,2020-12-27,109,4475,4584
908,2020-12-28,364,8791,9155
908,2020-12-29,417,9248,9665
908,2020-12-30,393,10049,10442
908,2020-12-31,359,8040,8399
909,2020-01-01,56,6141,6197
909,2020-01-02,257,11123,11380
909,2020-01-03,275,11966,12241
909,2020-01-04,204,10494,10698
909,2020-01-05,79,7992,8071
909,2020-01-06,329,13406,13735
909,2020-01-07,349,13882,14231
909,2020-01-08,378,13371,13749
909,2020-01-09,335,13931,14266
909,2020-01-10,340,15130,15470
909,2020-01-11,214,12350,12564
909,2020-01-12,60,8564,8624
909,2020-01-13,485,13691,14176
909,2020-01-14,434,14193,14627
909,2020-01-15,450,13773,14223
909,2020-01-16,428,14445,14873
909,2020-01-17,415,14975,15390
909,2020-01-18,197,12498,12695
909,2020-01-19,81,9041,9122
909,2020-01-20,448,13640,14088
909,2020-01-21,495,14219,14714
909,2020-01-22,487,13540,14027
909,2020-01-23,490,14248,14738
909,2020-01-24,451,14846,15297
909,2020-01-25,204,12691,12895
909,2020-01-26,72,8800,8872
909,2020-01-27,431,13455,13886
909,2020-01-28,467,13565,14032
909,2020-01-29,460,14127,14587
909,2020-01-30,462,14297,14759
909,2020-01-31,437,14979,15416
909,2020-02-01,189,12321,12510
909,2020-02-02,72,8924,8996
909,2020-02-03,482,13482,13964
909,2020-02-04,509,12483,12992
909,2020-02-05,513,13250,13763
909,2020-02-06,486,14474,14960
909,2020-02-07,449,15056,15505
909,2020-02-08,218,12558,12776
909,2020-02-09,81,8573,8654
909,2020-02-11,460,14238,14698
909,2020-02-12,471,14139,14610
909,2020-02-13,457,14590,15047
909,2020-02-14,471,15540,16011
909,2020-02-15,209,12096,12305
909,2020-02-16,74,8662,8736
909,2020-02-17,409,13143,13552
909,2020-02-18,528,13256,13784
909,2020-02-19,408,13398,13806
909,2020-02-20,404,13669,14073
909,2020-02-21,541,14339,14880
909,2020-02-22,241,12018,12259
909,2020-02-23,60,8745,8805
909,2020-02-24,440,13538,13978
909,2020-02-25,445,14281,14726
909,2020-02-26,459,14040,14499
909,2020-02-27,372,13263,13635
909,2020-02-28,418,15445,15863
909,2020-02-29,231,12917,13148
909,2020-03-01,68,9517,9585
909,2020-03-02,399,13767,14166
909,2020-03-03,459,14655,15114
909,2020-03-04,452,14208,14660
909,2020-03-05,380,14197,14577
909,2020-03-06,437,15157,15594
909,2020-03-07,226,13114,13340
909,2020-03-08,121,11041,11162
909,2020-03-09,504,14009,14513
909,2020-03-10,443,14533,14976
909,2020-03-11,489,14297,14786
909,2020-03-12,452,14609,15061
909,2020-03-13,471,15502,15973
909,2020-03-14,300,11072,11372
909,2020-03-15,87,7798,7885
909,2020-03-16,452,12468,12920
909,2020-03-17,463,10763,11226
909,2020-03-18,463,8878,9341
909,2020-03-19,345,7213,7558
909,2020-03-20,359,7088,7447
909,2020-03-21,151,4012,4163
909,2020-03-22,18,2624,2642
909,2020-03-23,178,6017,6195
909,2020-03-24,172,5978,6150
909,2020-03-25,197,5969,6166
909,2020-03-26,173,5862,6035
909,2020-03-27,198,6420,6618
909,2020-03-28,98,4745,4843
909,2020-03-30,210,6211,6421
909,2020-03-31,221,6089,6310
909,2020-04-01,235,6179,6414
909,2020-04-02,218,6168,6386
909,2020-04-03,184,6571,6755
909,2020-04-04,98,4949,5047
909,2020-04-05,7,2812,2819
909,2020-04-06,172,6470,6642
909,2020-04-07,207,6748,6955
909,2020-04-08,215,6796,7011
909,2020-04-09,201,6955,7156
909,2020-04-10,182,7337,7519
909,2020-04-11,118,5696,5814
909,2020-04-12,4,2923,2927
909,2020-04-13,15,2848,2863
909,2020-04-14,187,7407,7594
909,2020-04-15,191,7093,7284
909,2020-04-16,213,7371,7584
909,2020-04-17,202,8100,8302
909,2020-04-18,109,6288,6397
909,2020-04-19,12,3625,3637
909,2020-04-20,287,8999,9286
909,2020-04-21,330,9254,9584
909,2020-04-22,369,9567,9936
909,2020-04-23,350,9474,9824
909,2020-04-24,394,10033,10427
909,2020-04-25,196,8339,8535
909,2020-04-26,23,4780,4803
909,2020-04-27,384,10002,10386
909,2020-04-28,390,10084,10474
909,2020-04-29,416,10210,10626
909,2020-04-30,363,10787,11150
909,2020-05-01,15,4530,4545
909,2020-05-02,176,9035,9211
909,2020-05-03,18,4834,4852
909,2020-05-04,417,10766,11183
909,2020-05-05,532,11183,11715
909,2020-05-06,442,10224,10666
909,2020-05-07,396,10509,10905
909,2020-05-08,374,11482,11856
909,2020-05-09,36,5846,5882
909,2020-05-10,20,5502,5522
909,2020-05-11,428,11075,11503
909,2020-05-12,392,11694,12086
909,2020-05-13,483,11444,11927
909,2020-05-14,506,11755,12261
909,2020-05-15,448,12323,12771
909,2020-05-16,213,10427,10640
909,2020-05-17,67,6941,7008
909,2020-05-18,573,11608,12181
909,2020-05-19,482,12457,12939
909,2020-05-20,485,13059,13544
909,2020-05-21,65,6572,6637
909,2020-05-22,469,12170,12639
909,2020-05-23,226,9859,10085
909,2020-05-24,67,6975,7042
909,2020-05-25,573,12048,12621
909,2020-05-26,531,12694,13225
909,2020-05-27,502,12570,13072
909,2020-05-28,745,14589,15334
909,2020-05-29,557,14055,14612
909,2020-05-30,347,11478,11825
909,2020-05-31,71,7923,7994
909,2020-06-01,59,7029,7088
909,2020-06-02,708,14700,15408
909,2020-06-03,708,14795,15503
909,2020-06-04,672,14791,15463
909,2020-06-05,636,14776,15412
909,2020-06-06,257,11090,11347
909,2020-06-07,67,7409,7476
909,2020-06-08,555,12429,12984
909,2020-06-09,472,13035,13507
909,2020-06-10,463,12870,13333
909,2020-06-11,504,13355,13859
909,2020-06-12,522,13761,14283
909,2020-06-13,249,12357,12606
909,2020-06-14,76,9330,9406
909,2020-06-15,474,14176,14650
909,2020-06-16,474,14957,15431
909,2020-06-17,565,13997,14562
909,2020-06-18,474,14480,14954
909,2020-06-19,507,15288,15795
909,2020-06-20,247,12760,13007
909,2020-06-21,65,8930,8995
909,2020-06-22,452,13849,14301
909,2020-06-23,88,8194,8282
909,2020-06-24,545,14743,15288
909,2020-06-25,505,15032,15537
909,2020-06-26,529,15470,15999
909,2020-06-27,256,12681,12937
909,2020-06-28,73,9159,9232
909,2020-06-29,436,14189,14625
909,2020-06-30,512,14840,15352
909,2020-07-01,493,14663,15156
909,2020-07-02,473,14555,15028
909,2020-07-03,466,15591,16057
909,2020-07-04,277,12635,12912
909,2020-07-05,74,8698,8772
909,2020-07-06,698,14463,15161
909,2020-07-07,683,14941,15624
909,2020-07-08,601,14705,15306
909,2020-07-09,684,15237,15921
909,2020-07-10,564,15471,16035
909,2020-07-11,354,12592,12946
909,2020-07-12,99,9099,9198
909,2020-07-13,543,14200,14743
909,2020-07-14,583,14920,15503
909,2020-07-15,552,14453,15005
909,2020-07-16,603,14241,14844
909,2020-07-17,484,14891,15375
909,2020-07-18,258,12562,12820
909,2020-07-19,64,8933,8997
909,2020-07-20,458,13693,14151
909,2020-07-21,452,14040,14492
909,2020-07-22,474,14079,14553
909,2020-07-23,542,14658,15200
909,2020-07-24,473,14727,15200
909,2020-07-25,280,12211,12491
909,2020-07-26,103,8601,8704
909,2020-07-27,464,13436,13900
909,2020-07-28,483,13712,14195
909,2020-07-29,525,14078,14603
909,2020-07-30,474,14286,14760
909,2020-07-31,406,13819,14225
909,2020-08-01,193,11376,11569
909,2020-08-02,102,8079,8181
909,2020-08-03,394,11972,12366
909,2020-08-04,368,12729,13097
909,2020-08-05,416,12516,12932
909,2020-08-06,420,12668,13088
909,2020-08-07,432,12729,13161
909,2020-08-08,241,10225,10466
909,2020-08-09,103,7447,7550
909,2020-08-10,345,11496,11841
909,2020-08-11,344,11653,11997
909,2020-08-12,331,11800,12131
909,2020-08-13,331,12182,12513
909,2020-08-14,380,12754,13134
909,2020-08-15,87,7845,7932
909,2020-08-16,79,7751,7830
909,2020-08-17,347,11983,12330
909,2020-08-18,359,12480,12839
909,2020-08-19,353,12083,12436
909,2020-08-20,327,12099,12426
909,2020-08-21,377,12609,12986
909,2020-08-22,219,10570,10789
909,2020-08-23,89,7946,8035
909,2020-08-24,546,12398,12944
909,2020-08-25,436,13219,13655
909,2020-08-26,462,13083,13545
909,2020-08-27,451,13682,14133
909,2020-08-28,571,13778,14349
909,2020-08-29,225,11720,11945
909,2020-08-30,61,8556,8617
909,2020-08-31,529,13291,13820
909,2020-09-01,498,14913,15411
909,2020-09-02,549,14910,15459
909,2020-09-03,603,15299,15902
909,2020-09-04,533,15642,16175
909,2020-09-05,218,12118,12336
909,2020-09-06,58,9278,9336
909,2020-09-07,488,13769,14257
909,2020-09-08,488,14137,14625
909,2020-09-09,532,13950,14482
909,2020-09-10,491,13914,14405
909,2020-09-11,540,14630,15170
909,2020-09-12,229,11346,11575
909,2020-09-13,67,8980,9047
909,2020-09-14,475,14037,14512
909,2020-09-15,460,14362,14822
909,2020-09-16,558,14643,15201
909,2020-09-17,549,14838,15387
909,2020-09-18,508,14962,15470
909,2020-09-19,247,12414,12661
909,2020-09-20,72,9605,9677
909,2020-09-21,523,13952,14475
909,2020-09-22,544,14257,14801
909,2020-09-23,498,13885,14383
909,2020-09-24,520,14007,14527
909,2020-09-25,520,14805,15325
909,2020-09-26,237,12236,12473
909,2020-09-27,69,8838,8907
909,2020-09-28,525,13355,13880
909,2020-09-29,524,14017,14541
909,2020-09-30,647,14169,14816
909,2020-10-01,532,14114,14646
909,2020-10-02,480,14730,15210
909,2020-10-03,195,12654,12849
909,2020-10-04,63,9105,9168
909,2020-10-05,431,13260,13691
909,2020-10-06,414,13642,14056
909,2020-10-07,546,13793,14339
909,2020-10-08,499,14214,14713
909,2020-10-09,478,14340,14818
909,2020-10-10,242,12176,12418
909,2020-10-11,66,9025,9091
909,2020-10-12,566,13776,14342
909,2020-10-13,552,14026,14578
909,2020-10-14,494,14415,14909
909,2020-10-15,501,14692,15193
909,2020-10-16,611,15648,16259
909,2020-10-17,269,12361,12630
909,2020-10-18,87,8705,8792
909,2020-10-19,542,13432,13974
909,2020-10-20,506,13962,14468
909,2020-10-21,466,13932,14398
909,2020-10-22,454,13900,14354
909,2020-10-23,462,14406,14868
909,2020-10-24,255,11375,11630
909,2020-10-25,64,8098,8162
909,2020-10-26,491,13158,13649
909,2020-10-27,539,13376,13915
909,2020-10-28,557,13579,14136
909,2020-10-29,635,13585,14220
909,2020-10-30,524,13811,14335
909,2020-11-01,47,6366,6413
909,2020-11-02,589,14351,14940
909,2020-11-03,494,15173,15667
909,2020-11-04,567,15030,15597
909,2020-11-05,566,14924,15490
909,2020-11-06,599,15671,16270
909,2020-11-07,312,12827,13139
909,2020-11-08,96,8394,8490
909,2020-11-09,547,14863,15410
909,2020-11-10,658,14891,15549
909,2020-11-11,573,15076,15649
909,2020-11-12,537,15308,15845
909,2020-11-13,609,16096,16705
909,2020-11-14,306,13000,13306
909,2020-11-15,65,8392,8457
909,2020-11-16,554,14917,15471
909,2020-11-17,624,15390,16014
909,2020-11-18,652,15343,15995
909,2020-11-19,493,15355,15848
909,2020-11-20,797,16583,17380
909,2020-11-21,371,13298,13669
909,2020-11-22,98,8540,8638
909,2020-11-23,523,14688,15211
909,2020-11-24,622,15463,16085
909,2020-11-25,575,15528,16103
909,2020-11-26,576,15163,15739
909,2020-11-27,595,16108,16703
909,2020-11-28,302,12830,13132
909,2020-11-29,82,8637,8719
909,2020-11-30,527,15017,15544
909,2020-12-01,537,14921,15458
909,2020-12-02,554,14952,15506
909,2020-12-03,568,15152,15720
909,2020-12-04,544,15553,16097
909,2020-12-05,242,12191,12433
909,2020-12-06,77,8242,8319
909,2020-12-07,594,13746,14340
909,2020-12-08,522,13778,14300
909,2020-12-09,542,13606,14148
909,2020-12-10,578,13832,14410
909,2020-12-11,518,14362,14880
909,2020-12-12,262,11390,11652
909,2020-12-13,76,7827,7903
909,2020-12-14,540,13750,14290
909,2020-12-15,505,14112,14617
909,2020-12-16,580,13432,14012
909,2020-12-17,590,14113,14703
909,2020-12-18,537,14658,15195
909,2020-12-19,224,11445,11669
909,2020-12-20,73,7530,7603
909,2020-12-21,373,12506,12879
909,2020-12-22,348,13427,13775
909,2020-12-23,370,13208,13578
909,2020-12-24,292,12016,12308
909,2020-12-25,62,5386,5448
909,2020-12-26,72,5445,5517
909,2020-12-27,68,5742,5810
909,2020-12-28,367,9695,10062
909,2020-12-29,391,10104,10495
909,2020-12-30,391,10948,11339
909,2020-12-31,298,9638,9936
923,2020-01-01,33,3418,3451
923,2020-01-02,324,6419,6743
923,2020-01-03,347,6794,7141
923,2020-01-04,167,5233,5400
923,2020-01-05,38,5133,5171
923,2020-01-06,480,8127,8607
923,2020-01-07,478,8462,8940
923,2020-01-08,499,8274,8773
923,2020-01-09,517,8470,8987
923,2020-01-10,529,8977,9506
923,2020-01-11,189,6117,6306
923,2020-01-12,46,5631,5677
923,2020-01-13,587,8728,9315
923,2020-01-14,648,8813,9461
923,2020-01-15,638,9130,9768
923,2020-01-16,663,9241,9904
923,2020-01-17,608,9047,9655
923,2020-01-18,212,6284,6496
923,2020-01-19,62,6026,6088
923,2020-01-20,601,8736,9337
923,2020-01-21,640,9017,9657
923,2020-01-22,650,8848,9498
923,2020-01-23,639,9029,9668
923,2020-01-24,640,9147,9787
923,2020-01-25,193,6728,6921
923,2020-01-26,40,5877,5917
923,2020-01-27,597,8611,9208
923,2020-01-28,642,8914,9556
923,2020-01-29,681,8831,9512
923,2020-01-30,683,9177,9860
923,2020-01-31,635,9274,9909
923,2020-02-01,178,6308,6486
923,2020-02-02,49,6060,6109
923,2020-02-03,633,8852,9485
923,2020-02-04,611,8828,9439
923,2020-02-05,613,8965,9578
923,2020-02-06,635,8996,9631
923,2020-02-07,610,9163,9773
923,2020-02-08,228,6627,6855
923,2020-02-09,43,4876,4919
923,2020-02-10,525,7549,8074
923,2020-02-11,584,8737,9321
923,2020-02-12,605,9080,9685
923,2020-02-13,640,9272,9912
923,2020-02-14,626,9525,10151
923,2020-02-15,194,6335,6529
923,2020-02-16,57,5983,6040
923,2020-02-17,578,8382,8960
923,2020-02-18,623,8726,9349
923,2020-02-19,568,8530,9098
923,2020-02-20,605,8543,9148
923,2020-02-21,630,8669,9299
923,2020-02-22,204,6160,6364
923,2020-02-23,53,5311,5364
923,2020-02-24,508,7971,8479
923,2020-02-25,608,8928,9536
923,2020-02-26,591,8839,9430
923,2020-02-27,502,5864,6366
923,2020-02-28,76,1244,1320
923,2020-02-29,211,6888,7099
923,2020-03-01,57,5945,6002
923,2020-03-02,673,8624,9297
923,2020-03-03,715,9054,9769
923,2020-03-04,726,8900,9626
923,2020-03-05,625,9057,9682
923,2020-03-06,661,9278,9939
923,2020-03-07,212,6618,6830
923,2020-03-08,50,6113,6163
923,2020-03-09,621,8902,9523
923,2020-03-10,617,8956,9573
923,2020-03-11,610,8946,9556
923,2020-03-12,698,9218,9916
923,2020-03-13,707,9075,9782
923,2020-03-14,212,5529,5741
923,2020-03-15,45,4604,4649
923,2020-03-16,611,6852,7463
923,2020-03-17,646,6053,6699
923,2020-03-18,626,5324,5950
923,2020-03-19,661,4228,4889
923,2020-03-20,449,3717,4166
923,2020-03-21,140,1695,1835
923,2020-03-22,16,1144,1160
923,2020-03-23,384,2962,3346
923,2020-03-24,359,2869,3228
923,2020-03-25,381,2903,3284
923,2020-03-26,393,2897,3290
923,2020-03-27,344,3127,3471
923,2020-03-28,149,1910,2059
923,2020-03-30,320,3185,3505
923,2020-03-31,321,3151,3472
923,2020-04-01,339,3082,3421
923,2020-04-02,356,3092,3448
923,2020-04-03,341,3326,3667
923,2020-04-04,138,2027,2165
923,2020-04-05,19,1228,1247
923,2020-04-06,326,3375,3701
923,2020-04-07,373,3309,3682
923,2020-04-08,371,3392,3763
923,2020-04-09,400,3400,3800
923,2020-04-10,362,3560,3922
923,2020-04-11,151,2241,2392
923,2020-04-12,14,1183,1197
923,2020-04-13,27,1353,1380
923,2020-04-14,376,3578,3954
923,2020-04-15,417,3713,4130
923,2020-04-16,404,4024,4428
923,2020-04-17,417,4269,4686
923,2020-04-18,163,2623,2786
923,2020-04-19,32,1684,1716
923,2020-04-20,550,4985,5535
923,2020-04-21,670,5218,5888
923,2020-04-22,653,5206,5859
923,2020-04-23,656,5403,6059
923,2020-04-24,640,5708,6348
923,2020-04-25,215,3784,3999
923,2020-04-26,36,2537,2573
923,2020-04-27,626,5608,6234
923,2020-04-28,650,5614,6264
923,2020-04-29,688,5402,6090
923,2020-04-30,567,5770,6337
923,2020-05-01,43,2021,2064
923,2020-05-02,191,3702,3893
923,2020-05-03,41,2448,2489
923,2020-05-04,613,5751,6364
923,2020-05-05,593,5695,6288
923,2020-05-06,657,6234,6891
923,2020-05-07,628,6220,6848
923,2020-05-08,597,6731,7328
923,2020-05-09,82,3208,3290
923,2020-05-10,41,3013,3054
923,2020-05-11,608,7494,8102
923,2020-05-12,700,7582,8282
923,2020-05-13,684,7496,8180
923,2020-05-14,659,7614,8273
923,2020-05-15,650,8051,8701
923,2020-05-16,222,5623,5845
923,2020-05-17,54,5064,5118
923,2020-05-18,696,7660,8356
923,2020-05-19,668,8160,8828
923,2020-05-20,732,8631,9363
923,2020-05-21,77,6025,6102
923,2020-05-22,463,7318,7781
923,2020-05-23,185,5590,5775
923,2020-05-24,69,4947,5016
923,2020-05-25,778,7898,8676
923,2020-05-26,752,8492,9244
923,2020-05-27,726,8381,9107
923,2020-05-28,774,8654,9428
923,2020-05-29,742,9200,9942
923,2020-05-30,282,7022,7304
923,2020-05-31,99,6708,6807
923,2020-06-01,117,6398,6515
923,2020-06-02,777,9029,9806
923,2020-06-03,763,8786,9549
923,2020-06-04,769,8273,9042
923,2020-06-05,730,8414,9144
923,2020-06-06,211,6224,6435
923,2020-06-07,62,5468,5530
923,2020-06-08,756,8372,9128
923,2020-06-09,811,8598,9409
923,2020-06-10,780,8853,9633
923,2020-06-11,754,9119,9873
923,2020-06-12,767,9452,10219
923,2020-06-13,223,7203,7426
923,2020-06-14,105,6136,6241
923,2020-06-15,760,8816,9576
923,2020-06-16,744,9070,9814
923,2020-06-17,638,9119,9757
923,2020-06-18,748,9324,10072
923,2020-06-19,798,9949,10747
923,2020-10-20,720,9082,9802
923,2020-10-21,739,9151,9890
923,2020-10-22,695,9046,9741
923,2020-10-23,692,8928,9620
923,2020-10-24,256,6133,6389
923,2020-10-25,106,5170,5276
923,2020-10-26,705,8241,8946
923,2020-10-27,738,8604,9342
923,2020-10-28,691,8468,9159
923,2020-10-29,716,8746,9462
923,2020-10-30,703,8791,9494
923,2020-11-01,49,4833,4882
923,2020-11-02,594,7575,8169
923,2020-11-03,698,8130,8828
923,2020-11-04,651,8183,8834
923,2020-11-05,743,8328,9071
923,2020-11-06,745,8149,8894
923,2020-11-07,283,6289,6572
923,2020-11-08,100,5552,5652
923,2020-11-09,839,8419,9258
923,2020-11-10,783,8858,9641
923,2020-11-11,700,8958,9658
923,2020-11-12,766,9108,9874
923,2020-11-13,759,9206,9965
923,2020-11-14,261,6940,7201
923,2020-11-15,86,5779,5865
923,2020-11-16,716,8705,9421
923,2020-11-17,765,8839,9604
923,2020-11-18,821,8926,9747
923,2020-11-19,786,8872,9658
923,2020-11-20,785,9396,10181
923,2020-11-21,296,6576,6872
923,2020-11-22,108,5427,5535
923,2020-11-23,738,8739,9477
923,2020-11-24,775,9064,9839
923,2020-11-25,775,8963,9738
923,2020-11-26,741,8994,9735
923,2020-11-27,770,9189,9959
923,2020-11-28,250,6337,6587
923,2020-11-29,83,5009,5092
923,2020-11-30,835,8531,9366
923,2020-12-01,683,8570,9253
923,2020-12-02,762,8661,9423
923,2020-12-03,680,8832,9512
923,2020-12-04,749,9073,9822
923,2020-12-05,223,6031,6254
923,2020-12-06,68,4744,4812
923,2020-12-07,739,8283,9022
923,2020-12-08,722,8682,9404
923,2020-12-09,789,8793,9582
923,2020-12-10,754,9005,9759
923,2020-12-11,685,8823,9508
923,2020-12-12,212,5931,6143
923,2020-12-13,63,4750,4813
923,2020-12-14,752,8730,9482
923,2020-12-15,687,8887,9574
923,2020-12-16,719,8717,9436
923,2020-12-17,697,9079,9776
923,2020-12-18,674,9232,9906
923,2020-12-19,215,5890,6105
923,2020-12-20,61,4738,4799
923,2020-12-21,448,7500,7948
923,2020-12-22,474,7731,8205
923,2020-12-23,410,7482,7892
923,2020-12-24,262,5813,6075
923,2020-12-25,32,2860,2892
923,2020-12-26,66,3430,3496
923,2020-12-27,50,2738,2788
923,2020-12-28,344,5311,5655
923,2020-12-29,344,5564,5908
923,2020-12-30,349,5871,6220
923,2020-12-31,226,4513,4739
926,2020-01-01,68,9051,9119
926,2020-01-02,315,15045,15360
926,2020-01-03,369,16230,16599
926,2020-01-04,257,14391,14648
926,2020-01-05,74,10914,10988
926,2020-01-06,406,18907,19313
926,2020-01-07,391,19581,19972
926,2020-01-08,385,18365,18750
926,2020-01-09,378,19355,19733
926,2020-01-10,402,20309,20711
926,2020-01-11,286,17432,17718
926,2020-01-12,56,12011,12067
926,2020-01-13,444,18756,19200
926,2020-01-14,487,19794,20281
926,2020-01-15,456,19703,20159
926,2020-01-16,466,20112,20578
926,2020-01-17,475,20281,20756
926,2020-01-18,238,17742,17980
926,2020-01-19,84,12487,12571
926,2020-01-20,510,19042,19552
926,2020-01-21,491,19930,20421
926,2020-01-22,503,19715,20218
926,2020-01-23,457,19846,20303
926,2020-01-24,488,20458,20946
926,2020-01-25,274,17326,17600
926,2020-01-26,65,12944,13009
926,2020-01-27,401,18408,18809
926,2020-01-28,452,19282,19734
926,2020-01-29,476,19950,20426
926,2020-01-30,442,19933,20375
926,2020-01-31,467,20672,21139
926,2020-02-01,218,17204,17422
926,2020-02-02,60,12215,12275
926,2020-02-03,461,19163,19624
926,2020-02-04,490,20297,20787
926,2020-02-05,513,19888,20401
926,2020-02-06,491,20323,20814
926,2020-02-07,488,21164,21652
926,2020-02-08,285,18279,18564
926,2020-02-09,71,11690,11761
926,2020-02-10,469,17878,18347
926,2020-02-11,499,20299,20798
926,2020-02-12,486,19703,20189
926,2020-02-13,457,20249,20706
926,2020-02-14,494,21126,21620
926,2020-02-15,299,18112,18411
926,2020-02-16,69,12488,12557
926,2020-02-17,440,18397,18837
926,2020-02-18,477,18570,19047
926,2020-02-19,486,18780,19266
926,2020-02-20,449,18582,19031
926,2020-02-21,504,19403,19907
926,2020-02-22,280,17406,17686
926,2020-02-23,88,12446,12534
926,2020-02-24,517,18827,19344
926,2020-02-25,503,19675,20178
926,2020-02-26,474,19863,20337
926,2020-02-27,375,15585,15960
926,2020-02-28,454,20784,21238
926,2020-02-29,266,17746,18012
926,2020-03-01,89,14366,14455
926,2020-03-02,429,19491,19920
926,2020-03-03,464,20152,20616
926,2020-03-04,484,20096,20580
926,2020-03-05,402,19710,20112
926,2020-03-06,437,20844,21281
926,2020-03-07,291,18789,19080
926,2020-03-08,84,13492,13576
926,2020-03-09,452,19464,19916
926,2020-03-10,413,19308,19721
926,2020-03-11,442,19979,20421
926,2020-03-12,423,20065,20488
926,2020-03-13,498,20634,21132
926,2020-03-14,271,15822,16093
926,2020-03-15,67,11176,11243
926,2020-03-16,418,16877,17295
926,2020-03-17,474,14216,14690
926,2020-03-18,427,11551,11978
926,2020-03-19,366,9431,9797
926,2020-03-20,375,9064,9439
926,2020-03-21,252,4868,5120
926,2020-03-22,15,3629,3644
926,2020-03-23,328,7931,8259
926,2020-03-24,355,7384,7739
926,2020-03-25,321,7483,7804
926,2020-03-26,328,7605,7933
926,2020-03-27,338,8463,8801
926,2020-03-28,226,5877,6103
926,2020-03-30,327,8080,8407
926,2020-03-31,354,7861,8215
926,2020-04-01,330,7939,8269
926,2020-04-02,338,7871,8209
926,2020-04-03,330,8481,8811
926,2020-04-04,227,6191,6418
926,2020-04-05,5,3875,3880
926,2020-04-06,322,8328,8650
926,2020-04-07,372,8512,8884
926,2020-04-08,322,8293,8615
926,2020-04-09,351,8636,8987
926,2020-04-10,323,9183,9506
926,2020-04-11,243,6968,7211
926,2020-04-12,4,3822,3826
926,2020-04-13,4,4080,4084
926,2020-04-14,351,9376,9727
926,2020-04-15,390,9080,9470
926,2020-04-16,325,9482,9807
926,2020-04-17,388,10524,10912
926,2020-04-18,237,7598,7835
926,2020-04-19,6,5003,5009
926,2020-04-20,438,11474,11912
926,2020-04-21,459,11644,12103
926,2020-04-22,442,11706,12148
926,2020-04-23,458,12022,12480
926,2020-04-24,443,12862,13305
926,2020-04-25,262,9506,9768
926,2020-04-26,8,6307,6315
926,2020-04-27,522,12511,13033
926,2020-04-28,513,12737,13250
926,2020-04-29,505,12972,13477
926,2020-04-30,462,13677,14139
926,2020-05-01,12,5940,5952
926,2020-05-02,247,10317,10564
926,2020-05-03,12,6792,6804
926,2020-05-04,483,14177,14660
926,2020-05-05,541,14698,15239
926,2020-05-06,496,14767,15263
926,2020-05-07,504,14907,15411
926,2020-05-08,479,16072,16551
926,2020-05-09,48,8632,8680
926,2020-05-10,32,7336,7368
926,2020-05-11,418,17042,17460
926,2020-05-12,523,18022,18545
926,2020-05-13,555,17811,18366
926,2020-05-14,555,18063,18618
926,2020-05-15,529,19154,19683
926,2020-05-16,330,15671,16001
926,2020-05-17,69,10566,10635
926,2020-05-18,610,18178,18788
926,2020-05-19,587,18965,19552
926,2020-05-20,639,19304,19943
926,2020-05-21,56,10130,10186
926,2020-05-22,500,18136,18636
926,2020-05-23,307,13688,13995
926,2020-05-24,58,9836,9894
926,2020-05-25,634,17935,18569
926,2020-05-26,603,19000,19603
926,2020-05-27,603,18866,19469
926,2020-05-28,481,18787,19268
926,2020-05-29,529,20019,20548
926,2020-05-30,335,16752,17087
926,2020-05-31,71,12020,12091
926,2020-06-01,84,11702,11786
926,2020-06-02,622,18800,19422
926,2020-06-03,477,17905,18382
926,2020-06-04,463,17684,18147
926,2020-06-05,541,18390,18931
926,2020-06-06,291,16325,16616
926,2020-06-07,79,11553,11632
926,2020-06-08,544,19093,19637
926,2020-06-09,503,19446,19949
926,2020-06-10,469,19542,20011
926,2020-06-11,513,19926,20439
926,2020-06-12,506,20306,20812
926,2020-06-13,328,17267,17595
926,2020-06-14,63,12787,12850
926,2020-06-15,477,19270,19747
926,2020-06-16,531,19577,20108
926,2020-06-17,489,18919,19408
926,2020-06-18,480,20137,20617
926,2020-06-19,528,21033,21561
926,2020-06-20,320,18113,18433
926,2020-06-21,70,13024,13094
926,2020-06-22,465,19769,20234
926,2020-06-23,103,12177,12280
926,2020-06-24,578,20042,20620
926,2020-06-25,502,20485,20987
926,2020-06-26,561,20886,21447
926,2020-06-27,319,16510,16829
926,2020-06-28,68,12775,12843
926,2020-06-29,487,19381,19868
926,2020-06-30,547,20161,20708
926,2020-07-01,514,20164,20678
926,2020-07-02,481,20421,20902
926,2020-07-03,509,20947,21456
926,2020-07-04,278,18292,18570
926,2020-07-05,65,12865,12930
926,2020-07-06,473,19902,20375
926,2020-07-07,582,20664,21246
926,2020-07-08,553,20141,20694
926,2020-07-09,503,20562,21065
926,2020-07-10,549,21198,21747
926,2020-07-11,419,18024,18443
926,2020-07-12,61,13259,13320
926,2020-07-13,515,20190,20705
926,2020-07-14,516,20183,20699
926,2020-07-15,511,19760,20271
926,2020-07-16,673,19308,19981
926,2020-07-17,696,20139,20835
926,2020-07-18,458,16427,16885
926,2020-07-19,135,12210,12345
926,2020-07-20,733,18180,18913
926,2020-07-21,708,19649,20357
926,2020-07-22,658,19299,19957
926,2020-07-23,740,19296,20036
926,2020-07-24,738,19393,20131
926,2020-07-25,508,17098,17606
926,2020-07-26,132,12230,12362
926,2020-07-27,695,18266,18961
926,2020-07-28,759,19305,20064
926,2020-07-29,767,19744,20511
926,2020-07-30,667,19716,20383
926,2020-07-31,410,19094,19504
926,2020-08-01,251,14742,14993
926,2020-08-02,60,11228,11288
926,2020-08-03,422,16931,17353
926,2020-08-04,426,17986,18412
926,2020-08-05,410,17656,18066
926,2020-08-06,397,17600,17997
926,2020-08-07,424,17652,18076
926,2020-08-08,266,13906,14172
926,2020-08-09,57,10220,10277
926,2020-08-10,409,16324,16733
926,2020-08-11,417,16412,16829
926,2020-08-12,383,16379,16762
926,2020-08-13,391,16848,17239
926,2020-08-14,391,18029,18420
926,2020-08-15,68,11110,11178
926,2020-08-16,62,10653,10715
926,2020-08-17,409,16560,16969
926,2020-08-18,465,16530,16995
926,2020-08-19,400,16880,17280
926,2020-08-20,409,16748,17157
926,2020-08-21,387,17694,18081
926,2020-08-22,266,15342,15608
926,2020-08-23,65,11184,11249
926,2020-08-24,550,17462,18012
926,2020-08-25,521,18205,18726
926,2020-08-26,489,18227,18716
926,2020-08-27,525,18365,18890
926,2020-08-28,498,19090,19588
926,2020-08-29,255,16406,16661
926,2020-08-30,57,12478,12535
926,2020-08-31,498,17865,18363
926,2020-09-01,427,17697,18124
926,2020-09-02,419,17185,17604
926,2020-09-03,434,17432,17866
926,2020-09-04,404,18498,18902
926,2020-09-05,407,17745,18152
926,2020-09-06,64,12747,12811
926,2020-09-07,536,18705,19241
926,2020-09-08,511,19879,20390
926,2020-09-09,540,19526,20066
926,2020-09-10,534,19646,20180
926,2020-09-11,495,21026,21521
926,2020-09-12,337,19906,20243
926,2020-09-13,87,15299,15386
926,2020-09-14,444,19879,20323
926,2020-09-15,475,20829,21304
926,2020-09-16,485,20268,20753
926,2020-09-17,507,20956,21463
926,2020-09-18,433,21392,21825
926,2020-09-19,307,18625,18932
926,2020-09-20,145,14141,14286
926,2020-09-21,473,19882,20355
926,2020-09-22,515,20701,21216
926,2020-09-23,671,20484,21155
926,2020-09-24,705,20316,21021
926,2020-09-25,666,21133,21799
926,2020-09-26,386,18177,18563
926,2020-09-27,100,12178,12278
926,2020-09-28,595,19214,19809
926,2020-09-29,608,20457,21065
926,2020-09-30,638,20401,21039
926,2020-10-01,618,20275,20893
926,2020-10-02,600,20891,21491
926,2020-10-03,329,18415,18744
926,2020-10-04,114,12431,12545
926,2020-10-05,535,18953,19488
926,2020-10-06,511,19977,20488
926,2020-10-07,621,20235,20856
926,2020-10-08,546,20126,20672
926,2020-10-09,483,20192,20675
926,2020-10-10,277,18058,18335
926,2020-10-11,77,12833,12910
926,2020-10-12,473,19606,20079
926,2020-10-13,458,20426,20884
926,2020-10-14,463,19495,19958
926,2020-10-15,461,19408,19869
926,2020-10-16,474,20510,20984
926,2020-10-17,265,17764,18029
926,2020-10-18,70,12783,12853
926,2020-10-19,560,19857,20417
926,2020-10-20,498,20665,21163
926,2020-10-21,429,20524,20953
926,2020-10-22,456,20243,20699
926,2020-10-23,452,20720,21172
926,2020-10-24,254,17306,17560
926,2020-10-25,70,11753,11823
926,2020-10-26,445,19307,19752
926,2020-10-27,428,19644,20072
926,2020-10-28,442,19631,20073
926,2020-10-29,461,19813,20274
926,2020-10-30,486,20051,20537
926,2020-11-01,75,9226,9301
926,2020-11-02,499,17606,18105
926,2020-11-03,518,18364,18882
926,2020-11-04,523,18060,18583
926,2020-11-05,527,18381,18908
926,2020-11-06,499,19155,19654
926,2020-11-07,306,16385,16691
926,2020-11-08,81,10754,10835
926,2020-11-09,470,18772,19242
926,2020-11-10,489,19567,20056
926,2020-11-11,459,19180,19639
926,2020-11-12,443,19399,19842
926,2020-11-13,532,20510,21042
926,2020-11-14,259,17488,17747
926,2020-11-15,68,10600,10668
926,2020-11-16,495,18383,18878
926,2020-11-17,498,19247,19745
926,2020-11-18,507,19030,19537
926,2020-11-19,513,19296,19809
926,2020-11-20,505,20289,20794
926,2020-11-21,263,16935,17198
926,2020-11-22,66,11235,11301
926,2020-11-23,515,18189,18704
926,2020-11-24,554,19239,19793
926,2020-11-25,517,19546,20063
926,2020-11-26,513,18906,19419
926,2020-11-27,500,19945,20445
926,2020-11-28,289,15992,16281
926,2020-11-29,83,10547,10630
926,2020-11-30,542,18251,18793
926,2020-12-01,509,18623,19132
926,2020-12-02,487,18685,19172
926,2020-12-03,467,18467,18934
926,2020-12-04,471,19989,20460
926,2020-12-05,279,16340,16619
926,2020-12-06,63,10544,10607
926,2020-12-07,520,18191,18711
926,2020-12-08,515,18603,19118
926,2020-12-09,589,18869,19458
926,2020-12-10,524,19183,19707
926,2020-12-11,477,19208,19685
926,2020-12-12,240,15529,15769
926,2020-12-13,69,10320,10389
926,2020-12-14,507,19048,19555
926,2020-12-15,479,18867,19346
926,2020-12-16,558,19303,19861
926,2020-12-17,536,19781,20317
926,2020-12-18,405,20433,20838
926,2020-12-19,256,16040,16296
926,2020-12-20,66,10327,10393
926,2020-12-21,433,17038,17471
926,2020-12-22,369,16978,17347
926,2020-12-23,387,16877,17264
926,2020-12-24,278,15816,16094
926,2020-12-25,53,7333,7386
926,2020-12-26,52,7850,7902
926,2020-12-27,55,6295,6350
926,2020-12-28,512,12868,13380
926,2020-12-29,557,13416,13973
926,2020-12-30,580,14377,14957
926,2020-12-31,312,12216,12528
927,2020-01-01,13,3234,3247
927,2020-01-02,141,6165,6306
927,2020-01-03,167,6858,7025
927,2020-01-04,55,5285,5340
927,2020-01-05,16,4363,4379
927,2020-01-06,259,9330,9589
927,2020-01-07,254,9646,9900
927,2020-01-08,255,9814,10069
927,2020-01-09,282,10756,11038
927,2020-01-10,238,10005,10243
927,2020-01-11,78,6449,6527
927,2020-01-12,16,4274,4290
927,2020-01-13,359,10575,10934
927,2020-01-14,375,11060,11435
927,2020-01-15,403,10693,11096
927,2020-01-16,442,12946,13388
927,2020-01-17,382,11137,11519
927,2020-01-18,78,6682,6760
927,2020-01-19,10,4450,4460
927,2020-01-20,435,10370,10805
927,2020-01-21,425,10950,11375
927,2020-01-22,399,10797,11196
927,2020-01-23,431,11280,11711
927,2020-01-24,465,11282,11747
927,2020-01-25,97,6555,6652
927,2020-01-26,22,4612,4634
927,2020-01-27,475,10988,11463
927,2020-01-28,482,12846,13328
927,2020-01-29,375,10860,11235
927,2020-01-30,425,11200,11625
927,2020-01-31,419,11191,11610
927,2020-02-01,85,6845,6930
927,2020-02-02,12,4971,4983
927,2020-02-03,377,10347,10724
927,2020-02-04,421,10689,11110
927,2020-02-05,429,10766,11195
927,2020-02-06,385,11401,11786
927,2020-02-07,439,11476,11915
927,2020-02-08,132,7061,7193
927,2020-02-09,17,4089,4106
927,2020-02-10,522,10454,10976
927,2020-02-11,413,11172,11585
927,2020-02-12,370,10994,11364
927,2020-02-13,438,12053,12491
927,2020-02-14,383,11217,11600
927,2020-02-15,87,6527,6614
927,2020-02-16,23,4098,4121
927,2020-02-17,450,9564,10014
927,2020-02-18,370,9286,9656
927,2020-02-19,428,9428,9856
927,2020-02-20,445,9158,9603
927,2020-02-21,493,10148,10641
927,2020-02-22,132,6081,6213
927,2020-02-23,29,4149,4178
927,2020-02-24,384,9876,10260
927,2020-02-25,381,10693,11074
927,2020-02-26,404,10386,10790
927,2020-02-27,356,10121,10477
927,2020-02-28,341,10771,11112
927,2020-02-29,83,6973,7056
927,2020-03-01,21,4371,4392
927,2020-03-02,514,10911,11425
927,2020-03-03,497,10925,11422
927,2020-03-04,452,10861,11313
927,2020-03-05,470,11551,12021
927,2020-03-06,506,11084,11590
927,2020-03-07,103,6882,6985
927,2020-03-08,20,4513,4533
927,2020-03-09,473,9743,10216
927,2020-03-10,407,10378,10785
927,2020-03-11,492,10073,10565
927,2020-03-12,486,10472,10958
927,2020-03-13,475,10126,10601
927,2020-03-14,91,5411,5502
927,2020-03-15,26,3831,3857
927,2020-03-16,505,7311,7816
927,2020-03-17,467,6160,6627
927,2020-03-18,354,5121,5475
927,2020-03-19,234,4157,4391
927,2020-03-20,161,3678,3839
927,2020-03-21,40,1659,1699
927,2020-03-22,4,1213,1217
927,2020-03-23,138,2854,2992
927,2020-03-24,124,2842,2966
927,2020-03-25,106,2853,2959
927,2020-03-26,133,2874,3007
927,2020-03-27,127,3185,3312
927,2020-03-28,39,2167,2206
927,2020-03-30,111,2867,2978
927,2020-03-31,130,3041,3171
927,2020-04-01,165,3116,3281
927,2020-04-02,136,3194,3330
927,2020-04-03,166,3322,3488
927,2020-04-04,82,2263,2345
927,2020-04-05,3,1538,1541
927,2020-04-06,132,3198,3330
927,2020-04-07,102,3407,3509
927,2020-04-08,135,3627,3762
927,2020-04-09,155,3636,3791
927,2020-04-10,164,3933,4097
927,2020-04-11,58,2839,2897
927,2020-04-12,5,1717,1722
927,2020-04-13,8,1516,1524
927,2020-04-14,133,3628,3761
927,2020-04-15,153,3755,3908
927,2020-04-16,151,4171,4322
927,2020-04-17,129,4272,4401
927,2020-04-18,60,2949,3009
927,2020-04-19,9,1988,1997
927,2020-04-20,331,5205,5536
927,2020-04-21,368,5844,6212
927,2020-04-22,372,6248,6620
927,2020-04-23,329,6460,6789
927,2020-04-24,442,6652,7094
927,2020-04-25,157,4228,4385
927,2020-04-26,11,2846,2857
927,2020-04-27,378,6566,6944
927,2020-04-28,422,6504,6926
927,2020-04-29,400,6121,6521
927,2020-04-30,445,6706,7151
927,2020-05-01,34,2234,2268
927,2020-05-02,111,3722,3833
927,2020-05-03,9,2810,2819
927,2020-05-04,470,6614,7084
927,2020-05-05,475,6947,7422
927,2020-05-06,0,0,0
927,2020-05-07,0,0,0
927,2020-05-08,0,0,0
927,2020-05-09,136,3081,3217
927,2020-05-10,24,2814,2838
927,2020-05-11,453,7855,8308
927,2020-05-12,453,8465,8918
927,2020-05-13,402,8390,8792
927,2020-05-14,426,8485,8911
927,2020-05-15,400,8955,9355
927,2020-05-16,173,6393,6566
927,2020-05-17,21,4181,4202
927,2020-05-18,449,8642,9091
927,2020-05-19,461,9168,9629
927,2020-05-20,500,9640,10140
927,2020-05-21,85,4339,4424
927,2020-05-22,272,5612,5884
927,2020-05-23,116,5345,5461
927,2020-05-24,30,3859,3889
927,2020-05-25,534,9165,9699
927,2020-05-26,539,9738,10277
927,2020-05-27,499,9705,10204
927,2020-05-28,489,9786,10275
927,2020-05-29,467,10137,10604
927,2020-05-30,188,6771,6959
927,2020-05-31,24,4759,4783
927,2020-06-01,34,4587,4621
927,2020-06-02,472,10713,11185
927,2020-06-03,523,10496,11019
927,2020-06-04,476,11117,11593
927,2020-06-05,486,9502,9988
927,2020-06-06,127,6218,6345
927,2020-06-07,27,4479,4506
927,2020-06-08,448,9570,10018
927,2020-06-09,486,9762,10248
927,2020-06-10,442,10059,10501
927,2020-06-11,355,9047,9402
927,2020-06-13,111,7204,7315
927,2020-06-14,18,4948,4966
927,2020-06-15,529,9809,10338
927,2020-06-16,514,11385,11899
927,2020-06-17,565,11435,12000
927,2020-06-18,558,11461,12019
927,2020-06-19,465,10433,10898
927,2020-06-20,153,6987,7140
927,2020-06-21,39,4830,4869
927,2020-06-22,414,8208,8622
927,2020-06-23,48,4529,4577
927,2020-06-24,581,10456,11037
927,2020-06-25,496,11491,11987
927,2020-06-26,557,10826,11383
927,2020-06-27,150,6854,7004
927,2020-06-28,23,4763,4786
927,2020-06-29,578,11348,11926
927,2020-06-30,562,11272,11834
927,2020-07-01,516,11050,11566
927,2020-07-02,559,10807,11366
927,2020-07-03,516,11111,11627
927,2020-07-04,145,7123,7268
927,2020-07-05,38,4597,4635
927,2020-07-06,480,10155,10635
927,2020-07-07,480,10423,10903
927,2020-07-08,496,10310,10806
927,2020-07-09,479,10827,11306
927,2020-07-10,394,9760,10154
927,2020-07-11,170,7562,7732
927,2020-07-12,26,5089,5115
927,2020-07-13,530,10112,10642
927,2020-07-14,477,10402,10879
927,2020-07-15,460,10284,10744
927,2020-07-16,490,10406,10896
927,2020-07-17,503,11129,11632
927,2020-07-18,217,9067,9284
927,2020-07-19,35,5487,5522
927,2020-07-20,518,9970,10488
927,2020-07-21,568,9637,10205
927,2020-07-22,588,9677,10265
927,2020-07-23,589,10094,10683
927,2020-07-24,549,9986,10535
927,2020-07-25,244,6447,6691
927,2020-07-26,40,4210,4250
927,2020-07-27,577,9495,10072
927,2020-07-28,508,9505,10013
927,2020-07-29,605,9864,10469
927,2020-07-30,402,9716,10118
927,2020-07-31,349,9032,9381
927,2020-08-01,91,5622,5713
927,2020-08-02,33,4388,4421
927,2020-08-03,255,7597,7852
927,2020-08-04,221,7943,8164
927,2020-08-05,236,8089,8325
927,2020-08-06,233,8221,8454
927,2020-08-07,230,7894,8124
927,2020-08-08,124,5496,5620
927,2020-08-09,60,3910,3970
927,2020-08-10,212,7098,7310
927,2020-08-11,167,7350,7517
927,2020-08-12,207,7280,7487
927,2020-08-13,192,7545,7737
927,2020-08-14,191,7739,7930
927,2020-08-15,32,4655,4687
927,2020-08-16,28,4241,4269
927,2020-08-17,196,7197,7393
927,2020-08-18,200,7344,7544
927,2020-08-19,204,7569,7773
927,2020-08-20,185,7821,8006
927,2020-08-21,199,7581,7780
927,2020-08-22,119,5797,5916
927,2020-08-23,50,4340,4390
927,2020-08-24,352,8348,8700
927,2020-08-25,404,8755,9159
927,2020-08-26,345,8524,8869
927,2020-08-27,400,9076,9476
927,2020-08-28,341,8906,9247
927,2020-08-29,87,5738,5825
927,2020-08-30,41,4238,4279
927,2020-08-31,402,9561,9963
927,2020-09-01,382,10286,10668
927,2020-09-02,505,9475,9980
927,2020-09-03,425,9578,10003
927,2020-09-04,417,10070,10487
927,2020-09-05,148,6297,6445
927,2020-09-06,116,4366,4482
927,2020-09-07,440,9594,10034
927,2020-09-08,427,9962,10389
927,2020-09-09,483,9868,10351
927,2020-09-10,376,8678,9054
927,2020-09-11,500,10412,10912
927,2020-09-12,138,7960,8098
927,2020-09-13,23,5350,5373
927,2020-09-14,475,10226,10701
927,2020-09-15,475,9769,10244
927,2020-09-16,451,9805,10256
927,2020-09-17,474,10318,10792
927,2020-09-18,526,10371,10897
927,2020-09-19,154,7437,7591
927,2020-09-20,47,5181,5228
927,2020-09-21,523,10302,10825
927,2020-09-22,536,11063,11599
927,2020-09-23,520,10938,11458
927,2020-09-24,494,10980,11474
927,2020-09-25,493,11365,11858
927,2020-09-26,116,7705,7821
927,2020-09-27,46,4309,4355
927,2020-09-28,557,11004,11561
927,2020-09-29,494,11287,11781
927,2020-09-30,482,11150,11632
927,2020-10-01,456,12244,12700
927,2020-10-02,473,11987,12460
927,2020-10-03,114,7620,7734
927,2020-10-04,47,5034,5081
927,2020-10-05,483,11046,11529
927,2020-10-06,488,11789,12277
927,2020-10-07,513,11117,11630
927,2020-10-08,534,11786,12320
927,2020-10-09,499,11929,12428
927,2020-10-10,171,8279,8450
927,2020-10-11,68,4994,5062
927,2020-10-12,524,11036,11560
927,2020-10-13,528,11299,11827
927,2020-10-14,451,11179,11630
927,2020-10-15,440,11900,12340
927,2020-10-16,559,11530,12089
927,2020-10-17,152,7923,8075
927,2020-10-18,47,4691,4738
927,2020-10-19,504,10813,11317
927,2020-10-20,505,11665,12170
927,2020-10-21,457,9974,10431
927,2020-10-22,522,10791,11313
927,2020-10-23,524,10722,11246
927,2020-10-24,158,6792,6950
927,2020-10-25,25,4147,4172
927,2020-10-26,504,10071,10575
927,2020-10-27,541,9925,10466
927,2020-10-28,517,10501,11018
927,2020-10-29,542,10503,11045
927,2020-10-30,559,9866,10425
927,2020-11-01,16,3263,3279
927,2020-11-02,431,8805,9236
927,2020-11-03,465,9180,9645
927,2020-11-04,450,10143,10593
927,2020-11-05,430,9616,10046
927,2020-11-06,477,9795,10272
927,2020-11-07,143,6316,6459
927,2020-11-08,12,3969,3981
927,2020-11-09,471,9687,10158
927,2020-11-10,456,9981,10437
927,2020-11-11,475,9935,10410
927,2020-11-12,508,9946,10454
927,2020-11-13,520,11061,11581
927,2020-11-14,136,6963,7099
927,2020-11-15,47,4002,4049
927,2020-11-16,457,9513,9970
927,2020-11-17,447,9766,10213
927,2020-11-18,466,10157,10623
927,2020-11-19,442,10092,10534
927,2020-11-20,449,10409,10858
927,2020-11-21,108,6487,6595
927,2020-11-22,32,3908,3940
927,2020-11-23,449,9368,9817
927,2020-11-24,419,9607,10026
927,2020-11-25,430,9662,10092
927,2020-11-26,469,9732,10201
927,2020-11-27,466,10787,11253
927,2020-11-28,136,6292,6428
927,2020-11-29,26,3841,3867
927,2020-11-30,443,9000,9443
927,2020-12-02,403,9602,10005
927,2020-12-03,442,9862,10304
927,2020-12-04,442,10119,10561
927,2020-12-05,187,6468,6655
927,2020-12-06,16,3728,3744
927,2020-12-07,420,9234,9654
927,2020-12-08,494,9571,10065
927,2020-12-09,479,9597,10076
927,2020-12-10,481,9602,10083
927,2020-12-11,508,9666,10174
927,2020-12-12,95,5888,5983
927,2020-12-13,22,3535,3557
927,2020-12-14,445,9373,9818
927,2020-12-15,451,10487,10938
927,2020-12-16,487,9893,10380
927,2020-12-17,467,10177,10644
927,2020-12-18,379,10139,10518
927,2020-12-19,77,5936,6013
927,2020-12-20,13,3628,3641
927,2020-12-21,222,8294,8516
927,2020-12-22,197,8601,8798
927,2020-12-23,158,7860,8018
927,2020-12-24,112,6344,6456
927,2020-12-25,9,3167,3176
927,2020-12-26,16,2874,2890
927,2020-12-27,12,2471,2483
927,2020-12-28,136,5112,5248
927,2020-12-29,107,5454,5561
927,2020-12-30,145,5673,5818
927,2020-12-31,77,4521,4598
928,2020-01-01,61,4209,4270
928,2020-01-02,184,6598,6782
928,2020-01-03,222,7355,7577
928,2020-01-04,208,6722,6930
928,2020-01-05,70,5465,5535
928,2020-01-06,250,8533,8783
928,2020-01-07,244,8828,9072
928,2020-01-08,210,8714,8924
928,2020-01-09,228,9106,9334
928,2020-01-10,256,9442,9698
928,2020-01-11,205,7959,8164
928,2020-01-12,76,5797,5873
928,2020-01-13,229,8868,9097
928,2020-01-14,257,9475,9732
928,2020-01-15,270,9505,9775
928,2020-01-16,280,9421,9701
928,2020-01-17,280,9919,10199
928,2020-01-18,219,7989,8208
928,2020-01-19,71,6070,6141
928,2020-01-20,376,9036,9412
928,2020-01-21,412,9094,9506
928,2020-01-22,419,9304,9723
928,2020-01-23,399,9373,9772
928,2020-01-24,273,9850,10123
928,2020-01-25,209,8062,8271
928,2020-01-26,71,6052,6123
928,2020-01-27,247,8996,9243
928,2020-01-28,276,9052,9328
928,2020-01-29,348,9172,9520
928,2020-01-30,251,9374,9625
928,2020-01-31,262,9849,10111
928,2020-02-01,202,8128,8330
928,2020-02-02,69,7037,7106
928,2020-02-03,265,9355,9620
928,2020-02-04,249,9575,9824
928,2020-02-05,294,9433,9727
928,2020-02-06,306,9653,9959
928,2020-02-07,314,10178,10492
928,2020-02-08,210,8420,8630
928,2020-02-09,70,5828,5898
928,2020-02-10,252,9466,9718
928,2020-02-11,292,9689,9981
928,2020-02-12,276,9485,9761
928,2020-02-13,262,9542,9804
928,2020-02-14,271,9768,10039
928,2020-02-15,217,7855,8072
928,2020-02-16,65,5784,5849
928,2020-02-18,264,8393,8657
928,2020-02-19,257,8578,8835
928,2020-02-20,290,8706,8996
928,2020-02-21,276,8851,9127
928,2020-02-22,219,7956,8175
928,2020-02-23,79,5888,5967
928,2020-02-24,281,8949,9230
928,2020-02-25,285,9468,9753
928,2020-02-26,297,9320,9617
928,2020-02-27,136,4416,4552
928,2020-02-28,308,9742,10050
928,2020-02-29,210,7582,7792
928,2020-03-01,70,6290,6360
928,2020-03-02,261,9279,9540
928,2020-03-03,265,9477,9742
928,2020-03-04,285,9632,9917
928,2020-03-05,263,9336,9599
928,2020-03-06,295,9883,10178
928,2020-03-07,207,8774,8981
928,2020-03-08,72,6594,6666
928,2020-03-09,324,9188,9512
928,2020-03-10,286,9203,9489
928,2020-03-11,262,9173,9435
928,2020-03-12,302,9035,9337
928,2020-03-13,293,9174,9467
928,2020-03-14,215,6893,7108
928,2020-03-15,59,4888,4947
928,2020-03-16,291,6700,6991
928,2020-03-17,272,5816,6088
928,2020-03-18,243,4858,5101
928,2020-03-19,248,3989,4237
928,2020-03-20,225,3755,3980
928,2020-03-21,176,2184,2360
928,2020-03-22,NA,1568,NA
928,2020-03-23,179,3011,3190
928,2020-03-24,207,3039,3246
928,2020-03-25,166,3049,3215
928,2020-03-26,174,3089,3263
928,2020-03-27,189,3373,3562
928,2020-03-28,134,2637,2771
928,2020-03-30,175,3086,3261
928,2020-03-31,171,3166,3337
928,2020-04-01,183,3379,3562
928,2020-04-02,179,3383,3562
928,2020-04-03,179,3569,3748
928,2020-04-04,143,2630,2773
928,2020-04-05,0,1867,1867
928,2020-04-06,171,3371,3542
928,2020-04-07,171,3425,3596
928,2020-04-08,172,3651,3823
928,2020-04-09,185,3541,3726
928,2020-04-10,177,4008,4185
928,2020-04-11,141,3251,3392
928,2020-04-12,6,1968,1974
928,2020-04-13,2,1843,1845
928,2020-04-14,189,3792,3981
928,2020-04-15,175,3901,4076
928,2020-04-16,172,3962,4134
928,2020-04-17,190,4468,4658
928,2020-04-18,147,3449,3596
928,2020-04-19,2,2421,2423
928,2020-04-20,220,4864,5084
928,2020-04-21,208,4822,5030
928,2020-04-22,239,5074,5313
928,2020-04-23,192,5235,5427
928,2020-04-24,213,5559,5772
928,2020-04-25,145,4619,4764
928,2020-04-26,4,3000,3004
928,2020-04-27,218,5613,5831
928,2020-04-28,214,5491,5705
928,2020-04-29,218,5713,5931
928,2020-04-30,245,6118,6363
928,2020-05-01,24,2895,2919
928,2020-05-02,147,4728,4875
928,2020-05-03,7,3397,3404
928,2020-05-04,233,6228,6461
928,2020-05-05,249,6480,6729
928,2020-05-06,243,6629,6872
928,2020-05-07,207,6495,6702
928,2020-05-08,217,6918,7135
928,2020-05-09,5,4113,4118
928,2020-05-10,7,3657,3664
928,2020-05-11,278,7311,7589
928,2020-05-12,278,7696,7974
928,2020-05-13,299,7612,7911
928,2020-05-14,320,7715,8035
928,2020-05-15,260,8105,8365
928,2020-05-16,206,7228,7434
928,2020-05-17,60,4850,4910
928,2020-05-18,262,7931,8193
928,2020-05-19,307,8081,8388
928,2020-05-20,295,8827,9122
928,2020-05-21,59,5189,5248
928,2020-05-22,280,8440,8720
928,2020-05-23,226,6371,6597
928,2020-05-24,58,5000,5058
928,2020-05-25,304,8565,8869
928,2020-05-26,290,8676,8966
928,2020-05-27,301,8879,9180
928,2020-05-28,317,9038,9355
928,2020-05-29,318,9847,10165
928,2020-05-30,266,8517,8783
928,2020-05-31,103,6107,6210
928,2020-06-01,104,5797,5901
928,2020-06-02,329,9261,9590
928,2020-06-03,340,8655,8995
928,2020-06-04,355,8626,8981
928,2020-06-05,353,7984,8337
928,2020-06-06,253,7483,7736
928,2020-06-07,109,5633,5742
928,2020-06-08,329,8976,9305
928,2020-06-09,316,9119,9435
928,2020-06-10,297,9141,9438
928,2020-06-11,295,9649,9944
928,2020-06-12,294,9616,9910
928,2020-06-13,205,8496,8701
928,2020-06-14,55,6492,6547
928,2020-06-15,291,9392,9683
928,2020-06-16,278,9369,9647
928,2020-06-17,290,9271,9561
928,2020-06-18,278,9561,9839
928,2020-06-19,318,10018,10336
928,2020-06-20,184,8246,8430
928,2020-06-21,57,6331,6388
928,2020-06-22,263,9534,9797
928,2020-06-23,60,5925,5985
928,2020-06-24,272,9620,9892
928,2020-06-25,286,9878,10164
928,2020-06-26,278,9819,10097
928,2020-06-27,204,8435,8639
928,2020-06-28,59,6355,6414
928,2020-06-29,292,9094,9386
928,2020-06-30,274,9495,9769
928,2020-07-01,273,9599,9872
928,2020-07-02,311,9861,10172
928,2020-07-03,274,9992,10266
928,2020-07-04,225,8546,8771
928,2020-07-05,58,6066,6124
928,2020-07-06,271,9786,10057
928,2020-07-07,256,9597,9853
928,2020-07-08,282,10014,10296
928,2020-07-09,268,10196,10464
928,2020-07-10,274,10052,10326
928,2020-07-11,195,8607,8802
928,2020-07-12,59,6538,6597
928,2020-07-13,314,9857,10171
928,2020-07-14,294,9821,10115
928,2020-07-15,252,9881,10133
928,2020-07-16,261,9693,9954
928,2020-07-17,276,9682,9958
928,2020-07-18,188,8054,8242
928,2020-07-19,61,6090,6151
928,2020-07-20,251,9205,9456
928,2020-07-21,250,9264,9514
928,2020-07-22,260,9391,9651
928,2020-07-23,238,9243,9481
928,2020-07-24,277,9530,9807
928,2020-07-25,210,8038,8248
928,2020-07-26,54,5756,5810
928,2020-07-27,267,9017,9284
928,2020-07-28,272,9123,9395
928,2020-07-29,270,9502,9772
928,2020-07-30,276,9234,9510
928,2020-07-31,248,8901,9149
928,2020-08-01,173,7109,7282
928,2020-08-02,53,5626,5679
928,2020-08-03,231,7279,7510
928,2020-08-04,221,7445,7666
928,2020-08-05,226,7728,7954
928,2020-08-06,217,7504,7721
928,2020-08-07,241,7778,8019
928,2020-08-08,187,6698,6885
928,2020-08-09,62,5250,5312
928,2020-08-10,225,7272,7497
928,2020-08-11,220,7458,7678
928,2020-08-12,234,7303,7537
928,2020-08-13,231,7205,7436
928,2020-08-14,254,7522,7776
928,2020-08-15,56,4981,5037
928,2020-08-16,58,5050,5108
928,2020-08-17,208,7156,7364
928,2020-08-18,244,7146,7390
928,2020-08-19,250,7101,7351
928,2020-08-20,211,7248,7459
928,2020-08-21,220,7453,7673
928,2020-08-22,178,6599,6777
928,2020-08-23,58,5329,5387
928,2020-08-24,236,7783,8019
928,2020-08-25,247,8163,8410
928,2020-08-26,255,8143,8398
928,2020-08-27,282,8839,9121
928,2020-08-28,268,9324,9592
928,2020-08-29,192,7807,7999
928,2020-08-30,55,6183,6238
928,2020-08-31,271,9611,9882
928,2020-09-01,263,10479,10742
928,2020-09-02,283,10691,10974
928,2020-09-03,303,10507,10810
928,2020-09-04,271,11100,11371
928,2020-09-05,206,9035,9241
928,2020-09-06,56,7031,7087
928,2020-09-07,280,10080,10360
928,2020-09-08,273,10705,10978
928,2020-09-09,296,11004,11300
928,2020-09-10,281,10979,11260
928,2020-09-11,289,11444,11733
928,2020-09-12,208,9791,9999
928,2020-09-13,55,7646,7701
928,2020-09-14,280,11199,11479
928,2020-09-15,280,11711,11991
928,2020-09-16,292,11426,11718
928,2020-09-17,331,11935,12266
928,2020-09-18,349,12064,12413
928,2020-09-19,231,10130,10361
928,2020-09-20,56,7354,7410
928,2020-09-21,335,10814,11149
928,2020-09-22,337,10980,11317
928,2020-09-23,341,10733,11074
928,2020-09-24,365,10993,11358
928,2020-09-25,343,11764,12107
928,2020-09-26,224,9660,9884
928,2020-09-27,57,6999,7056
928,2020-09-28,321,10872,11193
928,2020-09-29,320,11771,12091
928,2020-09-30,329,11482,11811
928,2020-10-01,319,11400,11719
928,2020-10-02,285,11844,12129
928,2020-10-03,207,10131,10338
928,2020-10-04,62,7159,7221
928,2020-10-05,276,10620,10896
928,2020-10-06,447,11322,11769
928,2020-10-07,486,11256,11742
928,2020-10-08,493,11523,12016
928,2020-10-09,326,11879,12205
928,2020-10-10,224,11065,11289
928,2020-10-11,67,7595,7662
928,2020-10-12,433,11063,11496
928,2020-10-13,434,11749,12183
928,2020-10-14,432,11565,11997
928,2020-11-12,308,10959,11267
928,2020-11-13,332,12116,12448
928,2020-11-14,179,9712,9891
928,2020-11-15,74,6209,6283
928,2020-11-16,284,10560,10844
928,2020-11-17,323,10574,10897
928,2020-11-18,300,10447,10747
928,2020-11-19,295,10209,10504
928,2020-11-20,327,11110,11437
928,2020-11-21,178,10255,10433
928,2020-11-22,60,5724,5784
928,2020-11-23,319,10068,10387
928,2020-11-24,334,10062,10396
928,2020-11-25,316,10821,11137
928,2020-11-26,332,10050,10382
928,2020-11-27,326,10747,11073
928,2020-11-28,182,8430,8612
928,2020-11-29,58,5603,5661
928,2020-11-30,320,9526,9846
928,2020-12-01,337,9455,9792
928,2020-12-02,305,9427,9732
928,2020-12-03,266,9478,9744
928,2020-12-04,304,10264,10568
928,2020-12-05,181,7883,8064
928,2020-12-06,55,5251,5306
928,2020-12-07,317,9152,9469
928,2020-12-08,291,8827,9118
928,2020-12-09,316,9204,9520
928,2020-12-10,341,9443,9784
928,2020-12-11,260,9419,9679
928,2020-12-12,157,7642,7799
928,2020-12-13,60,4972,5032
928,2020-12-14,286,9015,9301
928,2020-12-15,310,9078,9388
928,2020-12-16,300,9280,9580
928,2020-12-17,314,9349,9663
928,2020-12-18,305,9621,9926
928,2020-12-19,158,7218,7376
928,2020-12-20,51,4699,4750
928,2020-12-21,224,7683,7907
928,2020-12-22,261,8232,8493
928,2020-12-23,265,8662,8927
928,2020-12-24,231,7377,7608
928,2020-12-25,48,3966,4014
928,2020-12-26,50,3521,3571
928,2020-12-27,31,1679,1710
928,2020-12-28,228,5473,5701
928,2020-12-29,253,5685,5938
928,2020-12-30,255,6245,6500
928,2020-12-31,148,4096,4244
939,2020-01-01,93,4301,4394
939,2020-01-02,595,8106,8701
939,2020-01-03,729,9415,10144
939,2020-01-04,357,7584,7941
939,2020-01-05,131,6887,7018
939,2020-01-06,1013,10227,11240
939,2020-01-07,1105,11010,12115
939,2020-01-08,1100,10789,11889
939,2020-01-09,1036,11172,12208
939,2020-01-10,1030,11520,12550
939,2020-01-11,415,8434,8849
939,2020-01-12,141,7331,7472
939,2020-01-13,1309,11376,12685
939,2020-01-14,1253,11917,13170
939,2020-01-15,1495,12240,13735
939,2020-01-16,1413,12425,13838
939,2020-01-17,1516,12622,14138
939,2020-01-18,361,8393,8754
939,2020-01-19,132,7385,7517
939,2020-01-20,1397,12143,13540
939,2020-01-21,1410,12528,13938
939,2020-01-22,1408,11963,13371
939,2020-01-23,1431,12668,14099
939,2020-01-24,1352,12528,13880
939,2020-01-25,360,8925,9285
939,2020-01-26,102,7555,7657
939,2020-01-27,1230,11689,12919
939,2020-01-28,1382,12393,13775
939,2020-01-29,1403,12535,13938
939,2020-01-30,1387,12600,13987
939,2020-01-31,1459,13460,14919
939,2020-02-01,421,8799,9220
939,2020-02-02,109,7650,7759
939,2020-02-03,1448,12230,13678
939,2020-02-04,1349,12273,13622
939,2020-02-05,1489,12678,14167
939,2020-02-06,1414,12988,14402
939,2020-02-07,1296,13008,14304
939,2020-02-08,393,8617,9010
939,2020-02-09,124,6305,6429
939,2020-02-10,1214,11244,12458
939,2020-02-11,1398,12522,13920
939,2020-02-12,1314,12548,13862
939,2020-02-13,1231,12508,13739
939,2020-02-14,1240,13084,14324
939,2020-02-15,441,8734,9175
939,2020-02-16,116,7386,7502
939,2020-02-17,1374,11814,13188
939,2020-02-18,1411,12344,13755
939,2020-02-19,1349,11658,13007
939,2020-02-20,1381,11988,13369
939,2020-02-21,1391,11958,13349
939,2020-02-22,414,8182,8596
939,2020-02-23,126,6917,7043
939,2020-02-24,967,10272,11239
939,2020-02-25,1277,12091,13368
939,2020-02-26,1347,12277,13624
939,2020-02-27,1082,10336,11418
939,2020-02-28,1183,12809,13992
939,2020-02-29,410,8589,8999
939,2020-03-01,124,7576,7700
939,2020-03-02,1289,11633,12922
939,2020-03-03,1443,12759,14202
939,2020-03-04,1413,12592,14005
939,2020-03-05,1369,12180,13549
939,2020-03-06,1420,13230,14650
939,2020-03-07,426,9178,9604
939,2020-03-08,118,7762,7880
939,2020-03-09,1446,12375,13821
939,2020-03-10,1250,12133,13383
939,2020-03-11,1362,12408,13770
939,2020-03-12,1350,12541,13891
939,2020-03-13,1438,12858,14296
939,2020-03-14,462,7218,7680
939,2020-03-15,138,5804,5942
939,2020-03-16,1549,10085,11634
939,2020-03-17,1609,9316,10925
939,2020-03-18,1407,7974,9381
939,2020-03-19,1214,6579,7793
939,2020-03-20,1007,5972,6979
939,2020-03-21,265,2408,2673
939,2020-03-22,71,1614,1685
939,2020-03-23,851,4567,5418
939,2020-03-24,865,4465,5330
939,2020-03-25,887,4385,5272
939,2020-03-26,889,4506,5395
939,2020-03-27,753,4752,5505
939,2020-03-28,277,2858,3135
939,2020-03-30,786,4715,5501
939,2020-03-31,824,4690,5514
939,2020-04-01,712,4664,5376
939,2020-04-02,748,4813,5561
939,2020-04-03,810,5100,5910
939,2020-04-04,275,3151,3426
939,2020-04-05,64,1687,1751
939,2020-04-06,759,4956,5715
939,2020-04-07,777,5198,5975
939,2020-04-08,755,5296,6051
939,2020-04-09,717,5562,6279
939,2020-04-10,631,5526,6157
939,2020-04-11,291,3583,3874
939,2020-04-12,46,1499,1545
939,2020-04-13,85,1570,1655
939,2020-04-14,788,5629,6417
939,2020-04-15,877,5540,6417
939,2020-04-16,822,5770,6592
939,2020-04-17,836,6309,7145
939,2020-04-18,353,3825,4178
939,2020-04-19,61,2087,2148
939,2020-04-20,1177,7782,8959
939,2020-04-21,1185,7992,9177
939,2020-04-22,1303,7998,9301
939,2020-04-23,1281,8267,9548
939,2020-04-24,1313,8560,9873
939,2020-04-25,374,4913,5287
939,2020-04-26,67,2862,2929
939,2020-04-27,1348,8637,9985
939,2020-04-28,1476,9112,10588
939,2020-04-29,1518,9329,10847
939,2020-04-30,1520,9856,11376
939,2020-05-01,144,2746,2890
939,2020-05-02,329,5142,5471
939,2020-05-03,70,2960,3030
939,2020-05-04,1491,9161,10652
939,2020-05-05,1496,9748,11244
939,2020-05-06,1553,9817,11370
939,2020-05-07,1537,9914,11451
939,2020-05-08,1460,10429,11889
939,2020-05-09,225,3988,4213
939,2020-05-10,139,3430,3569
939,2020-05-11,1623,10007,11630
939,2020-05-12,1512,10775,12287
939,2020-05-13,1502,10774,12276
939,2020-05-14,1521,10284,11805
939,2020-05-15,1489,11123,12612
939,2020-05-16,698,7618,8316
939,2020-05-17,159,5700,5859
939,2020-05-18,1690,10564,12254
939,2020-05-19,1823,10965,12788
939,2020-05-20,1701,11673,13374
939,2020-05-21,243,5822,6065
939,2020-05-22,1026,9383,10409
939,2020-05-23,442,7170,7612
939,2020-05-24,169,5523,5692
939,2020-05-25,1635,11151,12786
939,2020-05-26,1708,11812,13520
939,2020-05-27,1665,11974,13639
939,2020-05-28,1609,12465,14074
939,2020-05-29,1664,12477,14141
939,2020-05-30,659,8629,9288
939,2020-05-31,186,7078,7264
939,2020-06-01,287,6754,7041
939,2020-06-02,1639,12392,14031
939,2020-06-03,1610,12003,13613
939,2020-06-04,1633,12072,13705
939,2020-06-05,1627,12151,13778
939,2020-06-06,510,7875,8385
939,2020-06-07,141,6529,6670
939,2020-06-08,1527,11572,13099
939,2020-06-09,1576,12091,13667
939,2020-06-10,1539,12452,13991
939,2020-06-11,1595,12935,14530
939,2020-06-12,1566,13580,15146
939,2020-06-13,490,8745,9235
939,2020-06-14,196,7488,7684
939,2020-06-15,1613,11965,13578
939,2020-06-16,1616,12733,14349
939,2020-06-17,1602,12535,14137
939,2020-06-18,1709,13318,15027
939,2020-06-19,1595,12132,13727
939,2020-06-20,17,504,521
939,2020-06-21,200,7099,7299
939,2020-06-22,1252,11126,12378
939,2020-06-23,589,7114,7703
939,2020-06-24,1876,13142,15018
939,2020-06-25,1927,13523,15450
939,2020-06-26,1783,13571,15354
939,2020-06-27,560,9495,10055
939,2020-06-28,274,8029,8303
939,2020-06-29,1800,13059,14859
939,2020-06-30,1926,13103,15029
939,2020-07-01,1733,13579,15312
939,2020-07-02,1840,13671,15511
939,2020-07-03,1615,11577,13192
939,2020-07-04,643,10024,10667
939,2020-07-05,280,8254,8534
939,2020-07-06,1687,12749,14436
939,2020-07-07,1823,13314,15137
939,2020-07-08,1861,13627,15488
939,2020-07-09,1797,13719,15516
939,2020-07-10,1801,14332,16133
939,2020-07-11,663,10517,11180
939,2020-07-12,304,9175,9479
939,2020-07-13,1910,14049,15959
939,2020-07-14,1827,14226,16053
939,2020-07-15,1948,13949,15897
939,2020-07-16,1972,14525,16497
939,2020-07-17,1967,14754,16721
939,2020-07-18,656,10454,11110
939,2020-07-19,368,9570,9938
939,2020-07-20,1882,14097,15979
939,2020-07-21,1944,13974,15918
939,2020-07-22,1964,14128,16092
939,2020-07-23,1988,14368,16356
939,2020-07-24,1991,14488,16479
939,2020-07-25,796,10756,11552
939,2020-07-26,398,8748,9146
939,2020-07-27,1881,13368,15249
939,2020-07-28,1876,13532,15408
939,2020-07-29,1956,13928,15884
939,2020-07-30,1643,13775,15418
939,2020-07-31,1138,13530,14668
939,2020-08-01,473,10031,10504
939,2020-08-02,221,8980,9201
939,2020-08-03,1039,11113,12152
939,2020-08-04,1077,11688,12765
939,2020-08-05,1068,11264,12332
939,2020-08-06,956,11591,12547
939,2020-08-07,1069,12082,13151
939,2020-08-08,566,10013,10579
939,2020-08-09,272,8987,9259
939,2020-08-10,1035,10721,11756
939,2020-08-11,1043,11045,12088
939,2020-08-12,1114,10972,12086
939,2020-08-13,1060,11494,12554
939,2020-08-14,1017,11872,12889
939,2020-08-15,249,8754,9003
939,2020-08-16,193,9085,9278
939,2020-08-17,1012,11311,12323
939,2020-08-18,1140,11394,12534
939,2020-08-19,1144,11834,12978
939,2020-08-20,1121,12101,13222
939,2020-08-21,1098,12637,13735
939,2020-08-22,486,9835,10321
939,2020-08-23,227,8806,9033
939,2020-08-24,1527,12575,14102
939,2020-08-25,1756,13010,14766
939,2020-08-26,1699,12836,14535
939,2020-08-27,1589,13660,15249
939,2020-08-28,1547,13955,15502
939,2020-08-29,485,9512,9997
939,2020-08-30,213,8353,8566
939,2020-08-31,1684,12380,14064
939,2020-09-01,1825,12611,14436
939,2020-09-02,1849,12101,13950
939,2020-09-03,1738,12969,14707
939,2020-09-04,1738,13437,15175
939,2020-09-05,627,9408,10035
939,2020-09-06,222,8735,8957
939,2020-09-07,1581,12935,14516
939,2020-09-08,1681,13167,14848
939,2020-09-09,1710,13762,15472
939,2020-09-10,1649,13765,15414
939,2020-09-11,1669,14384,16053
939,2020-09-12,639,10263,10902
939,2020-09-13,356,10030,10386
939,2020-09-14,1712,13302,15014
939,2020-09-15,1836,13503,15339
939,2020-09-16,1869,13222,15091
939,2020-09-17,1759,13449,15208
939,2020-09-18,1796,14191,15987
939,2020-09-19,686,10764,11450
939,2020-09-20,321,9829,10150
939,2020-09-21,1874,13043,14917
939,2020-09-22,1883,13296,15179
939,2020-09-23,1948,13171,15119
939,2020-09-24,1870,13630,15500
939,2020-09-25,1759,13906,15665
939,2020-09-26,517,9236,9753
939,2020-09-27,166,7849,8015
939,2020-09-28,1704,12444,14148
939,2020-09-29,1731,13041,14772
939,2020-09-30,1724,13094,14818
939,2020-10-01,1717,13526,15243
939,2020-10-02,1713,13574,15287
939,2020-10-03,537,9267,9804
939,2020-10-04,176,8043,8219
939,2020-10-05,1706,12495,14201
939,2020-10-06,1595,12748,14343
939,2020-10-07,1746,12672,14418
939,2020-10-08,1671,13319,14990
939,2020-10-09,1572,13592,15164
939,2020-10-10,538,9520,10058
939,2020-10-11,198,7500,7698
939,2020-10-12,1675,12309,13984
939,2020-10-13,1710,12745,14455
939,2020-10-14,1726,12869,14595
939,2020-10-15,1715,13471,15186
939,2020-10-16,1703,13417,15120
939,2020-10-17,657,9568,10225
939,2020-10-18,348,7709,8057
939,2020-10-19,1701,12599,14300
939,2020-10-20,1653,12633,14286
939,2020-10-21,1705,12423,14128
939,2020-10-22,1773,12759,14532
939,2020-10-23,1645,13136,14781
939,2020-10-24,548,8893,9441
939,2020-10-25,236,6539,6775
939,2020-10-26,1618,11674,13292
939,2020-10-27,1571,12230,13801
939,2020-10-28,1636,12436,14072
939,2020-10-29,1624,12714,14338
939,2020-10-30,1546,12902,14448
939,2020-11-01,134,5466,5600
939,2020-11-02,1309,11048,12357
939,2020-11-03,1623,12042,13665
939,2020-11-04,1669,11924,13593
939,2020-11-05,1667,12353,14020
939,2020-11-06,1600,12292,13892
939,2020-11-07,568,8795,9363
939,2020-11-08,165,6767,6932
939,2020-11-09,1628,11843,13471
939,2020-11-10,1699,11915,13614
939,2020-11-11,1719,12206,13925
939,2020-11-12,1612,12504,14116
939,2020-11-13,1683,12815,14498
939,2020-11-14,462,8850,9312
939,2020-11-15,189,6418,6607
939,2020-11-16,1685,11799,13484
939,2020-11-17,1687,12285,13972
939,2020-11-18,1773,12397,14170
939,2020-11-19,1635,12770,14405
939,2020-11-20,1583,13370,14953
939,2020-11-21,558,8732,9290
939,2020-11-22,190,6438,6628
939,2020-11-23,1542,12028,13570
939,2020-11-24,1667,12435,14102
939,2020-11-25,1731,12637,14368
939,2020-11-26,1621,12464,14085
939,2020-11-27,1686,12891,14577
939,2020-11-28,510,8223,8733
939,2020-11-29,185,5767,5952
939,2020-11-30,1708,11633,13341
939,2020-12-01,1592,12065,13657
939,2020-12-02,1704,11851,13555
939,2020-12-03,1587,12297,13884
939,2020-12-04,1572,12833,14405
939,2020-12-05,504,8033,8537
939,2020-12-06,161,5431,5592
939,2020-12-07,1693,11671,13364
939,2020-12-08,1722,11947,13669
939,2020-12-09,1708,12016,13724
939,2020-12-10,1812,12324,14136
939,2020-12-11,1558,12283,13841
939,2020-12-12,453,7842,8295
939,2020-12-13,157,5352,5509
939,2020-12-14,1530,11800,13330
939,2020-12-15,1516,12006,13522
939,2020-12-16,1662,12458,14120
939,2020-12-17,1721,12661,14382
939,2020-12-18,1432,12753,14185
939,2020-12-19,435,8019,8454
939,2020-12-20,186,5503,5689
939,2020-12-21,1008,10515,11523
939,2020-12-22,938,10877,11815
939,2020-12-23,826,10631,11457
939,2020-12-24,550,7264,7814
939,2020-12-25,129,3819,3948
939,2020-12-26,175,4293,4468
939,2020-12-27,187,3631,3818
939,2020-12-28,685,7457,8142
939,2020-12-29,704,7800,8504
939,2020-12-30,693,8279,8972
939,2020-12-31,478,6179,6657
941,2020-01-01,22,768,790
941,2020-01-02,166,1741,1907
941,2020-01-03,167,1963,2130
941,2020-01-04,96,1531,1627
941,2020-01-05,30,1182,1212
941,2020-01-06,334,2875,3209
941,2020-01-07,316,2862,3178
941,2020-01-08,323,2926,3249
941,2020-01-09,335,2920,3255
941,2020-01-10,339,3002,3341
941,2020-01-11,81,1658,1739
941,2020-01-12,28,1256,1284
941,2020-01-13,385,2808,3193
941,2020-01-14,367,2870,3237
941,2020-01-15,391,2993,3384
941,2020-01-16,396,2991,3387
941,2020-01-17,390,3113,3503
941,2020-01-18,105,1737,1842
941,2020-01-19,24,1304,1328
941,2020-01-20,416,2846,3262
941,2020-01-21,428,2908,3336
941,2020-01-22,425,2942,3367
941,2020-01-23,388,3017,3405
941,2020-01-24,424,3055,3479
941,2020-01-25,133,1659,1792
941,2020-01-26,22,1264,1286
941,2020-01-27,384,2807,3191
941,2020-01-28,356,2892,3248
941,2020-01-29,385,2972,3357
941,2020-01-30,373,2924,3297
941,2020-01-31,366,3113,3479
941,2020-02-01,132,1815,1947
941,2020-02-02,28,1323,1351
941,2020-02-03,346,2864,3210
941,2020-02-04,383,2810,3193
941,2020-02-05,358,2971,3329
941,2020-02-06,422,3111,3533
941,2020-02-07,397,3126,3523
941,2020-02-08,143,1703,1846
941,2020-02-09,14,1041,1055
941,2020-02-10,392,2714,3106
941,2020-02-11,408,2930,3338
941,2020-02-13,363,2972,3335
941,2020-02-14,355,3070,3425
941,2020-02-15,111,1725,1836
941,2020-02-16,23,1281,1304
941,2020-02-17,306,2927,3233
941,2020-02-18,347,2956,3303
941,2020-02-19,326,3001,3327
941,2020-02-20,352,2866,3218
941,2020-02-21,318,3057,3375
941,2020-02-22,110,1684,1794
941,2020-02-23,18,1299,1317
941,2020-02-24,306,2426,2732
941,2020-02-25,357,2811,3168
941,2020-02-26,404,2953,3357
941,2020-02-27,280,2652,2932
941,2020-02-28,321,2902,3223
941,2020-02-29,107,1637,1744
941,2020-03-01,24,1257,1281
941,2020-03-02,393,2904,3297
941,2020-03-03,402,2871,3273
941,2020-03-04,407,3000,3407
941,2020-03-05,382,3022,3404
941,2020-03-06,449,3006,3455
941,2020-03-07,142,1771,1913
941,2020-03-08,36,1320,1356
941,2020-03-09,437,2915,3352
941,2020-03-10,393,2896,3289
941,2020-03-11,447,3008,3455
941,2020-03-12,465,3085,3550
941,2020-03-13,412,3079,3491
941,2020-03-14,166,1501,1667
941,2020-03-15,30,1264,1294
941,2020-03-16,362,2496,2858
941,2020-03-17,362,2338,2700
941,2020-03-18,330,2019,2349
941,2020-03-19,304,1466,1770
941,2020-03-20,227,1254,1481
941,2020-03-21,83,462,545
941,2020-03-22,13,334,347
941,2020-03-23,214,832,1046
941,2020-03-24,234,851,1085
941,2020-03-25,186,876,1062
941,2020-03-26,187,820,1007
941,2020-03-27,194,909,1103
941,2020-03-28,86,486,572
941,2020-03-30,251,865,1116
941,2020-03-31,170,798,968
941,2020-04-01,167,938,1105
941,2020-04-02,222,869,1091
941,2020-04-03,168,852,1020
941,2020-04-04,135,538,673
941,2020-04-05,10,281,291
941,2020-04-06,200,842,1042
941,2020-04-07,216,931,1147
941,2020-04-08,187,962,1149
941,2020-04-09,213,930,1143
941,2020-04-10,206,978,1184
941,2020-04-11,165,556,721
941,2020-04-12,15,270,285
941,2020-04-13,21,284,305
941,2020-04-14,230,1085,1315
941,2020-04-15,217,1145,1362
941,2020-04-16,247,1112,1359
941,2020-04-17,237,1238,1475
941,2020-04-18,101,650,751
941,2020-04-19,13,366,379
941,2020-04-20,320,1423,1743
941,2020-04-21,296,1419,1715
941,2020-04-22,283,1453,1736
941,2020-04-23,290,1423,1713
941,2020-04-24,294,1516,1810
941,2020-04-25,118,772,890
941,2020-04-26,26,449,475
941,2020-04-27,237,1645,1882
941,2020-04-28,294,1626,1920
941,2020-04-29,309,1630,1939
941,2020-04-30,265,1529,1794
941,2020-05-01,23,519,542
941,2020-05-02,103,665,768
941,2020-05-03,15,398,413
941,2020-05-04,331,1544,1875
941,2020-05-05,323,1565,1888
941,2020-05-06,330,1667,1997
941,2020-05-07,314,1765,2079
941,2020-05-08,303,1774,2077
941,2020-05-09,56,659,715
941,2020-05-10,23,570,593
941,2020-05-11,361,2094,2455
941,2020-05-12,321,2014,2335
941,2020-05-13,333,2047,2380
941,2020-05-14,362,2207,2569
941,2020-05-15,352,2250,2602
941,2020-05-16,137,1157,1294
941,2020-05-17,14,815,829
941,2020-05-18,357,2184,2541
941,2020-05-19,352,2222,2574
941,2020-05-20,373,2346,2719
941,2020-05-21,39,730,769
941,2020-05-22,225,1645,1870
941,2020-05-23,102,1110,1212
941,2020-05-24,20,756,776
941,2020-05-25,421,2369,2790
941,2020-05-26,400,2353,2753
941,2020-05-27,392,2347,2739
941,2020-05-28,438,2358,2796
941,2020-05-29,398,2345,2743
941,2020-05-30,130,1461,1591
941,2020-05-31,12,1156,1168
941,2020-06-01,35,1211,1246
941,2020-06-02,389,2432,2821
941,2020-06-03,442,2582,3024
941,2020-06-04,427,2540,2967
941,2020-06-05,430,2651,3081
941,2020-06-06,116,1517,1633
941,2020-06-07,24,1181,1205
941,2020-06-08,432,2720,3152
941,2020-06-09,382,2623,3005
941,2020-06-10,407,2656,3063
941,2020-06-11,382,2837,3219
941,2020-06-12,446,2932,3378
941,2020-06-13,136,1752,1888
941,2020-06-14,34,1276,1310
941,2020-06-15,440,2865,3305
941,2020-06-16,408,2882,3290
941,2020-06-17,421,2758,3179
941,2020-06-18,383,2975,3358
941,2020-06-19,421,3044,3465
941,2020-06-20,120,1875,1995
941,2020-06-21,43,1670,1713
941,2020-06-22,329,2307,2636
941,2020-06-23,96,1512,1608
941,2020-06-24,491,2910,3401
941,2020-06-25,432,2922,3354
941,2020-06-26,414,2720,3134
941,2020-06-27,130,1874,2004
941,2020-06-28,24,1489,1513
941,2020-06-29,433,2959,3392
941,2020-06-30,410,2886,3296
941,2020-07-01,377,2821,3198
941,2020-07-02,413,2855,3268
941,2020-07-03,382,3017,3399
941,2020-07-04,146,1849,1995
941,2020-07-05,42,1541,1583
941,2020-07-06,407,2862,3269
941,2020-07-07,388,3016,3404
941,2020-07-08,401,2946,3347
941,2020-07-09,439,3076,3515
941,2020-07-10,426,2940,3366
941,2020-07-11,139,1993,2132
941,2020-07-12,50,1694,1744
941,2020-07-13,381,3019,3400
941,2020-07-14,397,2883,3280
941,2020-07-15,345,2912,3257
941,2020-07-16,296,2848,3144
941,2020-07-17,326,3039,3365
941,2020-07-18,137,1878,2015
941,2020-07-19,36,1519,1555
941,2020-07-20,278,2778,3056
941,2020-07-21,232,2813,3045
941,2020-07-22,265,2908,3173
941,2020-07-23,361,2894,3255
941,2020-07-24,301,2894,3195
941,2020-07-25,130,1901,2031
941,2020-07-26,27,1503,1530
941,2020-07-27,278,2745,3023
941,2020-07-28,269,2686,2955
941,2020-07-29,324,2840,3164
941,2020-07-30,274,2900,3174
941,2020-07-31,264,2754,3018
941,2020-08-01,90,1633,1723
941,2020-08-02,29,1532,1561
941,2020-08-03,256,2165,2421
941,2020-08-04,253,2366,2619
941,2020-08-05,242,2228,2470
941,2020-08-06,268,2314,2582
941,2020-08-07,239,2244,2483
941,2020-08-08,124,1689,1813
941,2020-08-09,41,1452,1493
941,2020-08-10,243,2126,2369
941,2020-08-11,221,2088,2309
941,2020-08-12,280,1986,2266
941,2020-08-13,233,1895,2128
941,2020-08-14,217,1979,2196
941,2020-08-15,90,1267,1357
941,2020-08-16,23,1278,1301
941,2020-08-17,219,2057,2276
941,2020-08-18,205,1902,2107
941,2020-08-19,251,2111,2362
941,2020-08-20,229,2169,2398
941,2020-08-21,218,2186,2404
941,2020-08-22,159,1738,1897
941,2020-08-23,43,1451,1494
941,2020-08-24,321,2435,2756
941,2020-08-25,306,2350,2656
941,2020-08-26,306,2412,2718
941,2020-08-27,294,2411,2705
941,2020-08-28,266,2455,2721
941,2020-08-29,146,1665,1811
941,2020-08-30,33,1411,1444
941,2020-08-31,305,2491,2796
941,2020-09-01,326,2621,2947
941,2020-09-02,377,2788,3165
941,2020-09-03,307,2832,3139
941,2020-09-04,308,2977,3285
941,2020-09-05,127,1961,2088
941,2020-09-06,38,1510,1548
941,2020-09-07,302,2856,3158
941,2020-09-08,324,2978,3302
941,2020-09-09,330,2918,3248
941,2020-09-10,348,2902,3250
941,2020-09-11,353,3167,3520
941,2020-09-12,134,1908,2042
941,2020-09-13,44,1792,1836
941,2020-09-14,346,2994,3340
941,2020-09-15,397,3013,3410
941,2020-09-16,431,3108,3539
941,2020-09-17,530,3068,3598
941,2020-09-18,433,3208,3641
941,2020-09-19,142,1998,2140
941,2020-09-20,36,1736,1772
941,2020-09-30,441,3158,3599
941,2020-10-01,327,3141,3468
941,2020-10-02,307,3301,3608
941,2020-10-03,120,1748,1868
941,2020-10-04,15,1250,1265
941,2020-10-05,330,2943,3273
941,2020-10-06,304,3056,3360
941,2020-10-07,384,3042,3426
941,2020-10-08,334,3105,3439
941,2020-10-09,331,3148,3479
941,2020-10-10,144,1597,1741
941,2020-10-11,25,1389,1414
941,2020-10-12,459,2945,3404
941,2020-10-13,367,2951,3318
941,2020-10-14,405,2920,3325
941,2020-10-15,364,2977,3341
941,2020-10-16,402,2995,3397
941,2020-10-17,156,1730,1886
941,2020-10-18,30,1310,1340
941,2020-10-19,398,2898,3296
941,2020-10-20,357,2940,3297
941,2020-10-21,379,2946,3325
941,2020-10-22,380,2905,3285
941,2020-10-23,313,3016,3329
941,2020-10-24,83,1607,1690
941,2020-10-25,34,1046,1080
941,2020-10-26,315,2821,3136
941,2020-10-27,335,2707,3042
941,2020-10-28,329,2706,3035
941,2020-10-29,342,2759,3101
941,2020-10-30,328,2922,3250
941,2020-11-01,19,986,1005
941,2020-11-02,235,2234,2469
941,2020-11-03,339,2455,2794
941,2020-11-04,319,2500,2819
941,2020-11-05,263,2438,2701
941,2020-11-06,273,2506,2779
941,2020-11-07,132,1551,1683
941,2020-11-08,24,1227,1251
941,2020-11-09,378,2691,3069
941,2020-11-10,388,2642,3030
941,2020-11-11,270,2707,2977
941,2020-11-12,415,2738,3153
941,2020-11-13,357,2715,3072
941,2020-11-14,134,1597,1731
941,2020-11-15,35,1204,1239
941,2020-11-16,435,2762,3197
941,2020-11-17,408,2726,3134
941,2020-11-18,412,2871,3283
941,2020-11-19,395,2783,3178
941,2020-11-20,370,3034,3404
941,2020-11-21,120,1544,1664
941,2020-11-22,20,1165,1185
941,2020-11-23,347,2821,3168
941,2020-11-24,326,2870,3196
941,2020-11-25,366,2892,3258
941,2020-11-26,379,2845,3224
941,2020-11-27,404,2861,3265
941,2020-11-28,98,1548,1646
941,2020-11-29,23,1099,1122
941,2020-11-30,378,2806,3184
941,2020-12-01,346,2838,3184
941,2020-12-02,395,2748,3143
941,2020-12-03,322,2935,3257
941,2020-12-04,336,2839,3175
941,2020-12-05,95,1489,1584
941,2020-12-06,24,979,1003
941,2020-12-07,391,2803,3194
941,2020-12-08,342,2846,3188
941,2020-12-09,378,2829,3207
941,2020-12-10,360,2916,3276
941,2020-12-11,274,2856,3130
941,2020-12-12,91,1458,1549
941,2020-12-13,22,1059,1081
941,2020-12-14,369,2778,3147
941,2020-12-15,302,2921,3223
941,2020-12-16,341,2836,3177
941,2020-12-17,357,2882,3239
941,2020-12-18,334,2871,3205
941,2020-12-19,96,1437,1533
941,2020-12-20,24,1010,1034
941,2020-12-21,154,2038,2192
941,2020-12-22,192,2038,2230
941,2020-12-23,127,2225,2352
941,2020-12-24,110,1482,1592
941,2020-12-25,8,580,588
941,2020-12-26,25,805,830
941,2020-12-27,4,142,146
941,2020-12-28,67,1112,1179
941,2020-12-29,125,1480,1605
941,2020-12-30,118,1686,1804
941,2020-12-31,49,758,807
942,2020-01-01,25,1844,1869
942,2020-01-02,258,3577,3835
942,2020-01-03,257,3949,4206
942,2020-01-04,118,3165,3283
942,2020-01-05,44,2542,2586
942,2020-01-06,451,5351,5802
942,2020-01-07,447,5510,5957
942,2020-01-08,468,5470,5938
942,2020-01-09,502,5527,6029
942,2020-01-10,462,5904,6366
942,2020-01-11,156,3592,3748
942,2020-01-12,31,2795,2826
942,2020-01-13,498,5437,5935
942,2020-01-14,501,5762,6263
942,2020-01-15,551,5698,6249
942,2020-01-16,614,5767,6381
942,2020-01-17,571,5938,6509
942,2020-01-18,136,3824,3960
942,2020-01-19,37,2962,2999
942,2020-01-20,567,5493,6060
942,2020-01-21,581,5817,6398
942,2020-01-22,622,5640,6262
942,2020-01-23,564,5686,6250
942,2020-01-24,605,5755,6360
942,2020-01-25,155,3655,3810
942,2020-01-26,33,2791,2824
942,2020-01-27,613,5474,6087
942,2020-01-28,594,5614,6208
942,2020-01-29,571,5558,6129
942,2020-01-30,590,5695,6285
942,2020-01-31,564,5932,6496
942,2020-02-01,116,3546,3662
942,2020-02-02,34,2970,3004
942,2020-02-03,555,5537,6092
942,2020-02-04,642,5705,6347
942,2020-02-05,608,5596,6204
942,2020-02-06,618,5866,6484
942,2020-02-07,587,5927,6514
942,2020-02-08,192,3631,3823
942,2020-02-09,77,2774,2851
942,2020-02-10,492,4866,5358
942,2020-02-11,534,5860,6394
942,2020-02-12,665,5762,6427
942,2020-02-13,585,5969,6554
942,2020-02-14,550,6026,6576
942,2020-02-15,164,3666,3830
942,2020-02-16,37,2764,2801
942,2020-02-17,533,5149,5682
942,2020-02-18,552,5568,6120
942,2020-02-19,548,5380,5928
942,2020-02-20,532,5617,6149
942,2020-02-21,506,5579,6085
942,2020-02-22,176,3264,3440
942,2020-02-23,55,2607,2662
942,2020-02-24,431,4449,4880
942,2020-02-25,521,5412,5933
942,2020-02-26,570,5486,6056
942,2020-02-27,412,4692,5104
942,2020-02-28,438,5598,6036
942,2020-02-29,162,3605,3767
942,2020-03-01,43,2821,2864
942,2020-03-02,596,5469,6065
942,2020-03-03,635,5697,6332
942,2020-03-04,685,5614,6299
942,2020-03-05,631,5620,6251
942,2020-03-06,634,5901,6535
942,2020-03-07,187,3822,4009
942,2020-03-08,36,2922,2958
942,2020-03-09,607,5562,6169
942,2020-03-10,586,5840,6426
942,2020-03-11,588,5650,6238
942,2020-03-12,627,6001,6628
942,2020-03-13,617,5957,6574
942,2020-03-14,248,3077,3325
942,2020-03-15,29,2520,2549
942,2020-03-16,628,4383,5011
942,2020-03-17,586,4163,4749
942,2020-03-18,575,3583,4158
942,2020-03-19,482,2742,3224
942,2020-03-20,431,2338,2769
942,2020-03-21,159,1033,1192
942,2020-03-22,22,721,743
942,2020-03-23,317,1720,2037
942,2020-03-24,339,1770,2109
942,2020-03-25,305,1776,2081
942,2020-03-26,323,1759,2082
942,2020-03-27,287,1914,2201
942,2020-03-28,137,1212,1349
942,2020-03-30,369,1929,2298
942,2020-03-31,281,1846,2127
942,2020-04-01,282,1899,2181
942,2020-04-02,326,1923,2249
942,2020-04-03,283,1955,2238
942,2020-04-04,199,1250,1449
942,2020-04-05,18,806,824
942,2020-04-06,314,1952,2266
942,2020-04-07,359,2003,2362
942,2020-04-08,332,1958,2290
942,2020-04-09,329,2154,2483
942,2020-04-10,353,2268,2621
942,2020-04-11,198,1446,1644
942,2020-04-12,28,787,815
942,2020-04-13,25,751,776
942,2020-04-14,342,2451,2793
942,2020-04-15,363,2346,2709
942,2020-04-16,370,2415,2785
942,2020-04-17,395,2683,3078
942,2020-04-18,208,1575,1783
942,2020-04-19,17,907,924
942,2020-04-20,475,2970,3445
942,2020-04-21,460,3110,3570
942,2020-04-22,511,3139,3650
942,2020-04-23,475,3233,3708
942,2020-04-24,452,3348,3800
942,2020-04-25,181,2150,2331
942,2020-04-26,64,1467,1531
942,2020-04-27,435,3302,3737
942,2020-04-28,462,3491,3953
942,2020-04-29,552,3527,4079
942,2020-04-30,450,3500,3950
942,2020-05-02,174,2240,2414
942,2020-05-03,23,1394,1417
942,2020-05-04,479,3414,3893
942,2020-05-05,499,3670,4169
942,2020-05-06,533,3572,4105
942,2020-05-07,514,3904,4418
942,2020-05-08,536,3867,4403
942,2020-05-09,87,1944,2031
942,2020-05-10,36,1598,1634
942,2020-05-11,493,4145,4638
942,2020-05-12,507,4537,5044
942,2020-05-13,578,4502,5080
942,2020-05-14,575,4646,5221
942,2020-05-15,542,4827,5369
942,2020-05-16,202,3230,3432
942,2020-05-17,39,2400,2439
942,2020-05-18,569,4530,5099
942,2020-05-19,578,4855,5433
942,2020-05-20,679,4986,5665
942,2020-05-21,83,2356,2439
942,2020-05-22,332,3932,4264
942,2020-05-23,171,2932,3103
942,2020-05-24,25,2306,2331
942,2020-05-25,588,4640,5228
942,2020-05-26,597,5326,5923
942,2020-05-27,644,5225,5869
942,2020-05-28,682,5249,5931
942,2020-05-29,605,5361,5966
942,2020-05-30,285,3374,3659
942,2020-05-31,31,2908,2939
942,2020-06-01,76,2784,2860
942,2020-06-02,579,5273,5852
942,2020-06-03,665,5193,5858
942,2020-06-04,768,5016,5784
942,2020-06-05,643,5154,5797
942,2020-06-06,250,3337,3587
942,2020-06-07,51,2750,2801
942,2020-06-08,639,5129,5768
942,2020-06-09,554,5427,5981
942,2020-06-10,614,5146,5760
942,2020-06-11,615,5508,6123
942,2020-06-12,625,5826,6451
942,2020-06-13,210,3718,3928
942,2020-06-14,40,2989,3029
942,2020-06-15,593,5312,5905
942,2020-06-16,591,5614,6205
942,2020-06-17,664,5502,6166
942,2020-06-18,604,5710,6314
942,2020-06-19,586,5862,6448
942,2020-06-20,239,4079,4318
942,2020-06-21,69,3548,3617
942,2020-06-22,510,4573,5083
942,2020-06-23,173,3031,3204
942,2020-06-24,723,5575,6298
942,2020-06-25,695,5703,6398
942,2020-06-26,672,5296,5968
942,2020-06-27,231,3887,4118
942,2020-06-28,38,3260,3298
942,2020-06-29,568,5476,6044
942,2020-06-30,625,5719,6344
942,2020-07-01,591,5797,6388
942,2020-07-02,625,5790,6415
942,2020-07-03,605,6004,6609
942,2020-07-04,211,3808,4019
942,2020-07-05,46,3159,3205
942,2020-07-06,597,5499,6096
942,2020-07-07,661,5856,6517
942,2020-07-08,613,5660,6273
942,2020-07-09,601,5858,6459
942,2020-07-10,609,5786,6395
942,2020-07-11,203,3817,4020
942,2020-07-12,65,3367,3432
942,2020-07-13,586,5619,6205
942,2020-07-14,663,5737,6400
942,2020-07-15,625,5623,6248
942,2020-07-16,543,5578,6121
942,2020-07-17,608,5661,6269
942,2020-07-18,271,3911,4182
942,2020-07-19,77,3430,3507
942,2020-07-20,528,5189,5717
942,2020-07-21,525,5601,6126
942,2020-07-22,544,5503,6047
942,2020-07-23,573,5680,6253
942,2020-07-24,539,5453,5992
942,2020-07-25,215,3861,4076
942,2020-07-26,47,3333,3380
942,2020-07-27,613,5294,5907
942,2020-07-28,535,5300,5835
942,2020-07-29,532,5465,5997
942,2020-07-30,478,5592,6070
942,2020-07-31,450,5214,5664
942,2020-08-01,193,3689,3882
942,2020-08-02,94,3283,3377
942,2020-08-03,318,4590,4908
942,2020-08-04,415,4766,5181
942,2020-08-05,370,4790,5160
942,2020-08-06,374,4958,5332
942,2020-08-07,386,4914,5300
942,2020-08-08,195,3647,3842
942,2020-08-09,59,3100,3159
942,2020-08-10,379,4303,4682
942,2020-08-11,404,4439,4843
942,2020-08-12,448,4326,4774
942,2020-08-13,369,4469,4838
942,2020-08-14,351,4568,4919
942,2020-08-15,69,3208,3277
942,2020-08-16,38,3053,3091
942,2020-08-17,359,4473,4832
942,2020-08-18,404,4523,4927
942,2020-08-19,425,4522,4947
942,2020-08-20,437,4880,5317
942,2020-08-21,386,4760,5146
942,2020-08-22,236,3544,3780
942,2020-08-23,61,3072,3133
942,2020-08-24,504,5042,5546
942,2020-08-25,538,5279,5817
942,2020-08-26,549,5020,5569
942,2020-08-27,596,5412,6008
942,2020-08-28,560,5314,5874
942,2020-08-29,179,3614,3793
942,2020-08-30,45,3093,3138
942,2020-08-31,501,5091,5592
942,2020-09-01,584,5416,6000
942,2020-09-02,606,5470,6076
942,2020-09-03,566,5446,6012
942,2020-09-04,557,5648,6205
942,2020-09-05,219,3674,3893
942,2020-09-06,57,3389,3446
942,2020-09-07,558,5275,5833
942,2020-09-08,596,5607,6203
942,2020-09-09,599,5362,5961
942,2020-09-10,614,5541,6155
942,2020-09-11,612,5838,6450
942,2020-09-12,209,3885,4094
942,2020-09-13,65,3595,3660
942,2020-09-14,655,5545,6200
942,2020-09-15,676,6187,6863
942,2020-09-16,730,5679,6409
942,2020-09-17,720,6002,6722
942,2020-09-18,679,6071,6750
942,2020-09-19,254,4220,4474
942,2020-09-20,77,3582,3659
942,2020-09-21,236,1175,1411
942,2020-09-22,52,572,624
942,2020-09-23,723,5598,6321
942,2020-09-24,664,6027,6691
942,2020-09-25,637,5866,6503
942,2020-09-28,715,5748,6463
942,2020-09-29,666,6164,6830
942,2020-09-30,763,5782,6545
942,2020-10-01,650,5879,6529
942,2020-10-02,603,6104,6707
942,2020-10-03,268,3735,4003
942,2020-10-04,32,2798,2830
942,2020-10-05,581,5500,6081
942,2020-10-06,563,5868,6431
942,2020-10-07,657,5777,6434
942,2020-10-08,594,5867,6461
942,2020-10-09,540,5793,6333
942,2020-10-10,227,3666,3893
942,2020-10-11,42,2998,3040
942,2020-10-12,720,5349,6069
942,2020-10-13,631,5742,6373
942,2020-10-14,635,5502,6137
942,2020-10-15,648,5763,6411
942,2020-10-16,639,5652,6291
942,2020-10-17,240,3652,3892
942,2020-10-18,66,2871,2937
942,2020-10-19,622,5269,5891
942,2020-10-20,601,5701,6302
942,2020-10-21,639,5528,6167
942,2020-10-22,676,5614,6290
942,2020-10-23,571,5552,6123
942,2020-10-24,180,3442,3622
942,2020-10-25,49,2483,2532
942,2020-10-26,568,5179,5747
942,2020-10-27,547,5428,5975
942,2020-10-28,701,5560,6261
942,2020-10-29,594,5502,6096
942,2020-10-30,521,5529,6050
942,2020-11-01,23,2287,2310
942,2020-11-02,425,4353,4778
942,2020-11-03,555,4959,5514
942,2020-11-04,513,4924,5437
942,2020-11-05,519,4925,5444
942,2020-11-06,565,5049,5614
942,2020-11-07,211,3413,3624
942,2020-11-08,49,2652,2701
942,2020-11-09,584,5095,5679
942,2020-11-10,595,5332,5927
942,2020-11-11,503,5124,5627
942,2020-11-12,642,5444,6086
942,2020-11-13,637,5655,6292
942,2020-11-14,203,3521,3724
942,2020-11-15,52,2688,2740
942,2020-11-16,658,5309,5967
942,2020-11-17,640,5576,6216
942,2020-11-18,719,5498,6217
942,2020-11-19,722,5456,6178
942,2020-11-20,626,5735,6361
942,2020-11-21,191,3353,3544
942,2020-11-22,30,2586,2616
942,2020-11-23,540,5268,5808
942,2020-11-24,567,5533,6100
942,2020-11-25,571,5607,6178
942,2020-11-26,547,5398,5945
942,2020-11-27,607,5717,6324
942,2020-11-29,39,2347,2386
942,2020-11-30,609,5157,5766
942,2020-12-01,572,5376,5948
942,2020-12-02,612,5320,5932
942,2020-12-03,622,5452,6074
942,2020-12-04,569,5442,6011
942,2020-12-05,178,3217,3395
942,2020-12-06,41,2108,2149
942,2020-12-07,580,5189,5769
942,2020-12-08,550,5379,5929
942,2020-12-09,594,5369,5963
942,2020-12-10,553,5652,6205
942,2020-12-11,518,5348,5866
942,2020-12-12,145,3059,3204
942,2020-12-13,29,2278,2307
942,2020-12-14,579,5124,5703
942,2020-12-15,567,5590,6157
942,2020-12-16,621,5474,6095
942,2020-12-17,592,5419,6011
942,2020-12-18,544,5516,6060
942,2020-12-19,131,3107,3238
942,2020-12-20,33,2226,2259
942,2020-12-21,303,4086,4389
942,2020-12-22,364,4298,4662
942,2020-12-23,279,4224,4503
942,2020-12-24,179,3071,3250
942,2020-12-25,9,1365,1374
942,2020-12-26,38,1762,1800
942,2020-12-27,26,1043,1069
942,2020-12-28,239,2836,3075
942,2020-12-29,222,3033,3255
942,2020-12-30,233,3235,3468
942,2020-12-31,150,2418,2568
943,2020-01-01,31,3036,3067
943,2020-01-02,284,6433,6717
943,2020-01-03,315,6862,7177
943,2020-01-04,172,5301,5473
943,2020-01-05,39,4592,4631
943,2020-01-06,446,8333,8779
943,2020-01-07,440,8509,8949
943,2020-01-08,425,8418,8843
943,2020-01-09,432,8574,9006
943,2020-01-10,499,8890,9389
943,2020-01-11,176,6147,6323
943,2020-01-12,46,4938,4984
943,2020-01-13,486,8507,8993
943,2020-01-14,492,8795,9287
943,2020-01-15,470,8823,9293
943,2020-01-16,471,8817,9288
943,2020-01-17,526,8839,9365
943,2020-01-18,190,6499,6689
943,2020-01-19,42,4612,4654
943,2020-01-20,542,8708,9250
943,2020-01-21,519,8839,9358
943,2020-01-22,551,8622,9173
943,2020-01-23,510,8782,9292
943,2020-01-24,503,9299,9802
943,2020-01-25,184,6518,6702
943,2020-01-26,44,5154,5198
943,2020-01-27,483,8922,9405
943,2020-01-28,531,8908,9439
943,2020-01-29,511,8811,9322
943,2020-01-30,528,9214,9742
943,2020-01-31,495,9397,9892
943,2020-02-01,183,6399,6582
943,2020-02-02,32,5226,5258
943,2020-02-03,454,8837,9291
943,2020-02-04,519,8931,9450
943,2020-02-05,499,9211,9710
943,2020-02-06,489,9208,9697
943,2020-02-07,518,9260,9778
943,2020-02-08,238,6675,6913
943,2020-02-09,46,4674,4720
943,2020-02-10,472,8508,8980
943,2020-02-11,540,9299,9839
943,2020-02-12,495,9157,9652
943,2020-02-13,504,9410,9914
943,2020-02-14,532,9838,10370
943,2020-02-15,184,6481,6665
943,2020-02-16,46,4963,5009
943,2020-02-17,507,8216,8723
943,2020-02-18,516,8375,8891
943,2020-02-19,522,8880,9402
943,2020-02-20,508,8440,8948
943,2020-02-21,546,8510,9056
943,2020-02-22,198,6366,6564
943,2020-02-23,41,4669,4710
943,2020-02-24,456,8283,8739
943,2020-02-25,530,8930,9460
943,2020-02-26,524,8887,9411
943,2020-02-27,312,4755,5067
943,2020-02-28,559,10711,11270
943,2020-02-29,223,6887,7110
943,2020-03-01,62,5195,5257
943,2020-03-02,572,8933,9505
943,2020-03-03,637,9208,9845
943,2020-03-04,686,9088,9774
943,2020-03-05,587,8914,9501
943,2020-03-06,510,9593,10103
943,2020-03-07,217,6831,7048
943,2020-03-08,51,5266,5317
943,2020-03-09,527,9147,9674
943,2020-03-10,527,8926,9453
943,2020-03-11,501,8847,9348
943,2020-03-12,551,9465,10016
943,2020-03-13,607,9765,10372
943,2020-03-14,205,5794,5999
943,2020-03-15,48,4697,4745
943,2020-03-16,491,7203,7694
943,2020-03-17,527,6712,7239
943,2020-03-18,577,5912,6489
943,2020-03-19,491,4712,5203
943,2020-03-20,390,4298,4688
943,2020-03-21,166,2358,2524
943,2020-03-22,18,1679,1697
943,2020-03-23,344,3668,4012
943,2020-03-24,398,3524,3922
943,2020-03-25,380,3655,4035
943,2020-03-26,363,3582,3945
943,2020-03-27,336,3958,4294
943,2020-03-28,170,2716,2886
943,2020-03-30,360,3664,4024
943,2020-03-31,296,3507,3803
943,2020-04-01,320,3558,3878
943,2020-04-02,329,3631,3960
943,2020-04-03,305,3784,4089
943,2020-04-04,163,2531,2694
943,2020-04-05,20,1645,1665
943,2020-04-06,285,3804,4089
943,2020-04-07,308,3856,4164
943,2020-04-08,334,3766,4100
943,2020-04-09,318,3866,4184
943,2020-04-10,311,3929,4240
943,2020-04-11,171,2936,3107
943,2020-04-12,13,1542,1555
943,2020-04-13,22,1649,1671
943,2020-04-14,339,4320,4659
943,2020-04-15,351,4084,4435
943,2020-04-16,336,4298,4634
943,2020-04-17,335,4502,4837
943,2020-04-18,160,3277,3437
943,2020-04-19,29,1987,2016
943,2020-04-20,470,5477,5947
943,2020-04-21,560,5354,5914
943,2020-04-22,495,5316,5811
943,2020-04-23,555,5430,5985
943,2020-04-24,574,5838,6412
943,2020-04-25,215,4338,4553
943,2020-04-26,32,2944,2976
943,2020-04-27,525,5550,6075
943,2020-04-28,490,5561,6051
943,2020-04-29,545,5516,6061
943,2020-04-30,503,6305,6808
943,2020-05-01,34,2584,2618
943,2020-05-02,184,4390,4574
943,2020-05-03,23,2708,2731
943,2020-05-04,483,5930,6413
943,2020-05-05,479,5923,6402
943,2020-05-06,502,6256,6758
943,2020-05-07,506,6281,6787
943,2020-05-08,475,6835,7310
943,2020-05-09,82,3658,3740
943,2020-05-10,41,3403,3444
943,2020-05-11,494,7281,7775
943,2020-05-12,629,7544,8173
943,2020-05-13,613,7304,7917
943,2020-05-14,607,7369,7976
943,2020-05-15,603,7744,8347
943,2020-05-16,246,6572,6818
943,2020-05-17,67,4747,4814
943,2020-05-18,559,7462,8021
943,2020-05-19,562,7697,8259
943,2020-05-20,606,8302,8908
943,2020-05-21,82,5168,5250
943,2020-05-22,387,7342,7729
943,2020-05-23,179,5709,5888
943,2020-05-24,64,4351,4415
943,2020-05-25,592,7612,8204
943,2020-05-26,598,8081,8679
943,2020-05-27,515,8146,8661
943,2020-05-28,538,8331,8869
943,2020-05-29,544,8762,9306
943,2020-05-30,245,6824,7069
943,2020-05-31,84,5846,5930
943,2020-06-01,104,5551,5655
943,2020-06-02,506,8488,8994
943,2020-06-03,485,8120,8605
943,2020-06-04,482,7947,8429
943,2020-06-05,524,8041,8565
943,2020-06-06,182,6089,6271
943,2020-06-07,56,4767,4823
943,2020-06-08,505,7987,8492
943,2020-06-09,567,8401,8968
943,2020-06-10,528,8226,8754
943,2020-06-11,545,8692,9237
943,2020-06-12,589,9151,9740
943,2020-06-13,238,7098,7336
943,2020-06-14,45,5518,5563
943,2020-06-15,607,8345,8952
943,2020-06-16,541,8628,9169
943,2020-06-17,512,8613,9125
943,2020-06-18,509,8697,9206
943,2020-06-19,574,9168,9742
943,2020-06-20,282,7099,7381
943,2020-06-21,107,5913,6020
943,2020-06-22,493,8231,8724
943,2020-06-23,106,5724,5830
943,2020-06-24,579,9044,9623
943,2020-06-25,553,9436,9989
943,2020-06-26,545,8967,9512
943,2020-06-27,252,6960,7212
943,2020-06-28,99,5429,5528
943,2020-06-29,569,8728,9297
943,2020-06-30,604,8871,9475
943,2020-07-01,493,8732,9225
943,2020-07-02,510,8946,9456
943,2020-07-03,515,9354,9869
943,2020-07-04,247,6938,7185
943,2020-07-05,97,5474,5571
943,2020-07-06,563,8591,9154
943,2020-08-07,310,7516,7826
943,2020-08-08,204,6245,6449
943,2020-08-09,72,5446,5518
943,2020-08-10,308,7489,7797
943,2020-08-11,363,7778,8141
943,2020-08-12,364,7617,7981
943,2020-08-13,357,7907,8264
943,2020-08-14,354,8084,8438
943,2020-08-15,75,5860,5935
943,2020-08-16,66,5260,5326
943,2020-08-17,391,7469,7860
943,2020-08-18,385,7608,7993
943,2020-08-19,370,7668,8038
943,2020-08-20,432,8079,8511
943,2020-08-21,384,7989,8373
943,2020-08-22,211,6509,6720
943,2020-08-23,59,5320,5379
943,2020-08-24,456,7780,8236
943,2020-08-25,555,8237,8792
943,2020-08-26,515,7881,8396
943,2020-08-27,533,8448,8981
943,2020-08-28,495,8181,8676
943,2020-08-29,218,6330,6548
943,2020-08-30,57,5381,5438
943,2020-08-31,490,7776,8266
943,2020-09-01,564,8070,8634
943,2020-09-02,535,8486,9021
943,2020-09-03,551,8561,9112
943,2020-09-04,533,8757,9290
943,2020-09-05,224,6425,6649
943,2020-09-06,51,5517,5568
943,2020-09-07,544,8455,8999
943,2020-09-08,645,8728,9373
943,2020-09-09,655,8607,9262
943,2020-09-10,714,8710,9424
943,2020-09-11,771,9011,9782
943,2020-09-12,249,7168,7417
943,2020-09-13,102,6291,6393
943,2020-09-14,620,8905,9525
943,2020-09-15,665,9023,9688
943,2020-09-16,632,8816,9448
943,2020-09-17,599,9303,9902
943,2020-09-18,669,9326,9995
943,2020-09-19,279,7649,7928
943,2020-09-20,135,6263,6398
943,2020-09-21,679,8878,9557
943,2020-09-22,714,9098,9812
943,2020-09-23,621,8658,9279
943,2020-09-24,595,9076,9671
943,2020-09-25,564,9192,9756
943,2020-09-26,197,6552,6749
943,2020-09-27,54,5402,5456
943,2020-09-28,597,8717,9314
943,2020-09-29,613,9153,9766
943,2020-09-30,589,8828,9417
943,2020-10-01,572,9185,9757
943,2020-10-02,561,9521,10082
943,2020-10-03,172,6821,6993
943,2020-10-04,38,5386,5424
943,2020-10-05,584,9014,9598
943,2020-10-06,651,9072,9723
943,2020-10-07,720,8696,9416
943,2020-10-08,634,9253,9887
943,2020-10-09,603,9514,10117
943,2020-10-10,216,6860,7076
943,2020-10-11,75,5392,5467
943,2020-10-12,574,8836,9410
943,2020-10-13,624,9118,9742
943,2020-10-14,618,8731,9349
943,2020-10-15,596,8945,9541
943,2020-10-16,584,9349,9933
943,2020-10-17,283,6418,6701
943,2020-10-18,121,5128,5249
943,2020-10-19,570,8692,9262
943,2020-10-20,583,8987,9570
943,2020-10-21,566,8750,9316
943,2020-10-22,619,8945,9564
943,2020-10-23,558,9144,9702
943,2020-10-24,262,5968,6230
943,2020-10-25,86,4644,4730
943,2020-10-26,671,8374,9045
943,2020-10-27,712,8538,9250
943,2020-10-28,698,8593,9291
943,2020-10-29,660,8927,9587
943,2020-10-30,559,9119,9678
943,2020-11-01,51,4439,4490
943,2020-11-02,436,7487,7923
943,2020-11-03,552,8020,8572
943,2020-11-04,568,7752,8320
943,2020-11-05,642,7854,8496
943,2020-11-06,604,8138,8742
943,2020-11-07,217,6279,6496
943,2020-11-08,74,5086,5160
943,2020-11-09,583,8308,8891
943,2020-11-10,640,8545,9185
943,2020-11-11,593,8615,9208
943,2020-11-12,626,8729,9355
943,2020-11-13,699,8851,9550
943,2020-11-14,225,6646,6871
943,2020-11-15,50,4864,4914
943,2020-11-16,623,8353,8976
943,2020-11-17,622,8704,9326
943,2020-11-18,584,8530,9114
943,2020-11-19,679,9161,9840
943,2020-11-20,600,9140,9740
943,2020-11-21,245,6288,6533
943,2020-11-22,91,4712,4803
943,2020-11-23,623,9151,9774
943,2020-11-24,662,9340,10002
943,2020-11-25,639,9457,10096
943,2020-11-26,604,9098,9702
943,2020-11-27,570,9019,9589
943,2020-11-28,210,6131,6341
943,2020-11-29,63,4497,4560
943,2020-11-30,584,8569,9153
943,2020-12-01,565,8457,9022
943,2020-12-02,588,8498,9086
943,2020-12-03,629,8423,9052
943,2020-12-04,575,8867,9442
943,2020-12-05,196,6070,6266
943,2020-12-06,47,4442,4489
943,2020-12-07,584,8090,8674
943,2020-12-08,588,8489,9077
943,2020-12-09,596,8300,8896
943,2020-12-10,612,8770,9382
943,2020-12-11,511,8789,9300
943,2020-12-12,173,5721,5894
943,2020-12-13,56,4125,4181
943,2020-12-14,561,8479,9040
943,2020-12-15,613,8738,9351
943,2020-12-16,623,8516,9139
943,2020-12-17,601,8850,9451
943,2020-12-18,562,9092,9654
943,2020-12-19,209,5749,5958
943,2020-12-20,57,4112,4169
943,2020-12-21,364,7626,7990
943,2020-12-22,404,8020,8424
943,2020-12-23,341,7941,8282
943,2020-12-24,242,6591,6833
943,2020-12-25,39,2502,2541
943,2020-12-26,65,3336,3401
943,2020-12-27,61,2619,2680
943,2020-12-28,283,5359,5642
943,2020-12-29,315,5441,5756
943,2020-12-30,283,6022,6305
943,2020-12-31,223,4955,5178
944,2020-01-01,18,1058,1076
944,2020-01-02,177,2051,2228
944,2020-01-03,145,2318,2463
944,2020-01-04,89,1893,1982
944,2020-01-05,26,1717,1743
944,2020-01-06,277,2910,3187
944,2020-01-07,290,3020,3310
944,2020-01-08,311,2886,3197
944,2020-01-09,333,3096,3429
944,2020-01-10,284,3299,3583
944,2020-01-11,117,2122,2239
944,2020-01-12,16,1728,1744
944,2020-01-13,385,3100,3485
944,2020-01-14,337,3168,3505
944,2020-01-15,391,3225,3616
944,2020-01-16,403,3252,3655
944,2020-01-17,352,3272,3624
944,2020-01-18,92,2300,2392
944,2020-01-19,33,1820,1853
944,2020-01-20,309,2894,3203
944,2020-01-21,395,3221,3616
944,2020-01-22,403,3034,3437
944,2020-01-23,360,3188,3548
944,2020-01-24,360,3237,3597
944,2020-01-25,109,2202,2311
944,2020-01-26,26,1690,1716
944,2020-01-27,404,3018,3422
944,2020-01-28,370,3208,3578
944,2020-01-29,352,3018,3370
944,2020-01-30,398,3176,3574
944,2020-01-31,394,3295,3689
944,2020-02-01,83,2184,2267
944,2020-02-02,32,1824,1856
944,2020-02-03,353,3063,3416
944,2020-02-04,415,3186,3601
944,2020-02-05,421,3051,3472
944,2020-02-06,380,3240,3620
944,2020-02-07,394,3252,3646
944,2020-02-08,113,2167,2280
944,2020-02-09,6,1563,1569
944,2020-02-10,322,2728,3050
944,2020-02-11,311,2970,3281
944,2020-02-12,362,2845,3207
944,2020-02-13,376,3184,3560
944,2020-02-14,344,3135,3479
944,2020-02-15,87,2109,2196
944,2020-04-16,243,1266,1509
944,2020-04-17,210,1578,1788
944,2020-04-18,141,961,1102
944,2020-04-19,3,505,508
944,2020-04-20,262,1688,1950
944,2020-04-21,359,1787,2146
944,2020-04-22,315,1887,2202
944,2020-04-23,290,1885,2175
944,2020-04-24,304,1940,2244
944,2020-04-25,109,1291,1400
944,2020-04-26,75,828,903
944,2020-04-27,331,1813,2144
944,2020-04-28,343,1957,2300
944,2020-04-29,333,2009,2342
944,2020-04-30,342,1996,2338
944,2020-05-01,22,704,726
944,2020-05-02,88,1281,1369
944,2020-05-03,12,740,752
944,2020-05-04,307,2002,2309
944,2020-05-05,330,2191,2521
944,2020-05-06,372,2159,2531
944,2020-05-07,345,2395,2740
944,2020-05-08,358,2289,2647
944,2020-05-09,47,1168,1215
944,2020-05-10,34,954,988
944,2020-05-11,360,2478,2838
944,2020-05-12,311,2581,2892
944,2020-05-13,380,2592,2972
944,2020-05-14,442,2747,3189
944,2020-05-15,352,2971,3323
944,2020-05-16,127,2020,2147
944,2020-05-17,16,1440,1456
944,2020-05-18,386,2874,3260
944,2020-05-19,373,2956,3329
944,2020-05-20,390,3102,3492
944,2020-05-21,67,1457,1524
944,2020-05-22,235,2619,2854
944,2020-05-23,111,1792,1903
944,2020-05-24,29,1413,1442
944,2020-05-25,327,2670,2997
944,2020-05-26,348,2929,3277
944,2020-05-27,399,2918,3317
944,2020-05-28,465,3055,3520
944,2020-05-29,435,3147,3582
944,2020-05-30,173,2081,2254
944,2020-05-31,37,1779,1816
944,2020-06-01,73,1745,1818
944,2020-06-02,396,3039,3435
944,2020-06-03,512,2973,3485
944,2020-06-04,441,3003,3444
944,2020-06-05,420,3001,3421
944,2020-06-06,113,2003,2116
944,2020-06-07,37,1767,1804
944,2020-06-08,418,2884,3302
944,2020-06-09,360,3040,3400
944,2020-06-10,382,2908,3290
944,2020-06-11,404,3240,3644
944,2020-06-12,353,3217,3570
944,2020-06-13,108,2270,2378
944,2020-06-14,20,1843,1863
944,2020-06-15,385,3097,3482
944,2020-06-16,386,3140,3526
944,2020-06-17,433,3124,3557
944,2020-06-18,371,3194,3565
944,2020-06-19,380,3355,3735
944,2020-06-20,133,2383,2516
944,2020-06-21,52,2200,2252
944,2020-06-22,308,2848,3156
944,2020-06-23,125,1745,1870
944,2020-06-24,449,3259,3708
944,2020-06-25,481,3259,3740
944,2020-06-26,402,3271,3673
944,2020-06-27,127,2431,2558
944,2020-06-28,39,2033,2072
944,2020-06-29,386,3153,3539
944,2020-06-30,422,3144,3566
944,2020-07-01,380,3195,3575
944,2020-07-02,370,3264,3634
944,2020-07-03,353,3388,3741
944,2020-07-04,154,2298,2452
944,2020-07-05,41,1906,1947
944,2020-07-06,416,3106,3522
944,2020-07-07,469,3215,3684
944,2020-07-08,363,3236,3599
944,2020-07-09,398,3216,3614
944,2020-07-10,368,3227,3595
944,2020-07-11,164,2218,2382
944,2020-07-12,74,2069,2143
944,2020-07-13,434,3140,3574
944,2020-07-14,420,3194,3614
944,2020-07-15,463,3078,3541
944,2020-07-16,371,3269,3640
944,2020-07-17,420,3209,3629
944,2020-07-18,218,2382,2600
944,2020-07-19,74,1979,2053
944,2020-07-20,411,2947,3358
944,2020-07-21,333,3234,3567
944,2020-07-22,415,2999,3414
944,2020-07-23,415,3178,3593
944,2020-07-24,392,3221,3613
944,2020-07-25,142,2319,2461
944,2020-07-26,32,1932,1964
944,2020-07-27,435,3010,3445
944,2020-07-28,337,3010,3347
944,2020-07-29,384,3037,3421
944,2020-07-30,324,3198,3522
944,2020-07-31,260,3060,3320
944,2020-08-01,107,2453,2560
944,2020-08-02,42,2248,2290
944,2020-08-03,197,2617,2814
944,2020-08-04,263,2751,3014
944,2020-08-05,214,2668,2882
944,2020-08-06,292,2783,3075
944,2020-08-07,228,2706,2934
944,2020-08-08,124,2225,2349
944,2020-08-09,43,1935,1978
944,2020-08-10,234,2454,2688
944,2020-08-11,237,2453,2690
944,2020-08-12,279,2308,2587
944,2020-08-13,247,2484,2731
944,2020-08-14,326,2621,2947
944,2020-08-15,70,2221,2291
944,2020-08-16,45,2175,2220
944,2020-08-17,278,2456,2734
944,2020-08-18,277,2437,2714
944,2020-08-19,252,2408,2660
944,2020-08-20,233,2751,2984
944,2020-08-21,257,2634,2891
944,2020-08-22,126,2220,2346
944,2020-08-23,24,1868,1892
944,2020-08-24,328,2858,3186
944,2020-08-25,344,2818,3162
944,2020-08-26,371,2686,3057
944,2020-08-27,360,2980,3340
944,2020-08-28,339,3069,3408
944,2020-08-29,99,2174,2273
944,2020-08-30,35,1878,1913
944,2020-08-31,376,2839,3215
944,2020-09-01,399,3035,3434
944,2020-09-02,378,3082,3460
944,2020-09-03,377,3142,3519
944,2020-09-04,362,3147,3509
944,2020-09-05,124,2168,2292
944,2020-09-06,34,2035,2069
944,2020-09-07,365,2933,3298
944,2020-09-08,339,2834,3173
944,2020-09-09,286,2701,2987
944,2020-09-10,298,2975,3273
944,2020-09-11,401,3294,3695
944,2020-09-12,187,2379,2566
944,2020-09-13,61,2243,2304
944,2020-09-14,439,3171,3610
944,2020-09-15,414,3352,3766
944,2020-09-16,436,3205,3641
944,2020-09-17,472,3297,3769
944,2020-09-18,468,3515,3983
944,2020-09-19,161,2411,2572
944,2020-09-20,59,2079,2138
944,2020-09-21,378,2879,3257
944,2020-09-22,368,3003,3371
944,2020-09-23,457,2997,3454
944,2020-09-24,392,3265,3657
944,2020-09-25,388,3389,3777
944,2020-09-26,107,2277,2384
944,2020-09-27,41,1839,1880
944,2020-09-28,405,3136,3541
944,2020-09-29,423,3296,3719
944,2020-09-30,443,3198,3641
944,2020-10-01,408,3408,3816
944,2020-10-02,371,3390,3761
944,2020-10-03,183,2402,2585
944,2020-10-04,16,1705,1721
944,2020-10-05,382,2996,3378
944,2020-10-06,380,3179,3559
944,2020-10-07,400,3131,3531
944,2020-10-08,391,3229,3620
944,2020-10-09,375,3246,3621
944,2020-10-10,124,2222,2346
944,2020-10-11,32,1843,1875
944,2020-10-12,408,3094,3502
944,2020-10-13,449,3304,3753
944,2020-10-14,401,3028,3429
944,2020-10-15,442,3188,3630
944,2020-10-16,520,3128,3648
944,2020-10-17,137,2216,2353
944,2020-10-18,45,1760,1805
944,2020-10-19,406,2910,3316
944,2020-10-20,407,3134,3541
944,2020-10-21,419,3061,3480
944,2020-10-22,390,3102,3492
944,2020-10-23,367,3174,3541
944,2020-10-24,121,2037,2158
944,2020-10-25,53,1586,1639
944,2020-10-26,372,2890,3262
944,2020-10-27,375,2918,3293
944,2020-10-28,391,2963,3354
944,2020-10-29,353,3021,3374
944,2020-10-30,333,3112,3445
944,2020-11-01,18,1466,1484
944,2020-11-02,281,2538,2819
944,2020-11-03,368,2889,3257
944,2020-11-04,392,2818,3210
944,2020-11-05,377,2799,3176
944,2020-11-06,410,2964,3374
944,2020-11-07,161,2080,2241
944,2020-11-08,38,1662,1700
944,2020-11-09,394,2908,3302
944,2020-11-10,393,2935,3328
944,2020-11-11,331,2938,3269
944,2020-11-12,442,2958,3400
944,2020-11-13,408,3229,3637
944,2020-11-14,100,2244,2344
944,2020-11-15,24,1646,1670
944,2020-11-16,380,2949,3329
944,2020-11-17,398,3027,3425
944,2020-11-18,387,3074,3461
944,2020-11-19,390,2973,3363
944,2020-11-20,401,3175,3576
944,2020-11-21,146,2023,2169
944,2020-11-22,47,1600,1647
944,2020-11-23,407,2928,3335
944,2020-11-24,396,3069,3465
944,2020-11-25,395,3033,3428
944,2020-11-26,384,3015,3399
944,2020-11-27,399,3179,3578
944,2020-11-28,113,2143,2256
944,2020-11-29,32,1481,1513
944,2020-11-30,407,2773,3180
944,2020-12-01,355,2888,3243
944,2020-12-02,382,2892,3274
944,2020-12-03,384,2967,3351
944,2020-12-04,457,3359,3816
944,2020-12-05,116,2063,2179
944,2020-12-06,26,1320,1346
944,2020-12-07,358,2816,3174
944,2020-12-08,416,3010,3426
944,2020-12-09,421,2914,3335
944,2020-12-10,378,3058,3436
944,2020-12-11,335,3000,3335
944,2020-12-12,106,1980,2086
944,2020-12-13,17,1366,1383
944,2020-12-14,373,2826,3199
944,2020-12-15,369,3067,3436
944,2020-12-16,438,2962,3400
944,2020-12-17,365,3085,3450
944,2020-12-18,367,3211,3578
944,2020-12-19,102,1901,2003
944,2020-12-20,27,1456,1483
944,2020-12-21,209,2527,2736
944,2020-12-22,239,2684,2923
944,2020-12-23,185,2651,2836
944,2020-12-24,109,1925,2034
944,2020-12-25,8,776,784
944,2020-12-26,33,1032,1065
944,2020-12-27,19,748,767
944,2020-12-28,190,1671,1861
944,2020-12-29,170,1863,2033
944,2020-12-30,164,2063,2227
944,2020-12-31,108,1444,1552
946,2020-02-19,1196,8246,9442
946,2020-02-20,1174,8321,9495
946,2020-02-21,1157,8588,9745
946,2020-02-22,321,5727,6048
946,2020-02-23,95,4769,4864
946,2020-02-24,842,6759,7601
946,2020-02-25,1105,7594,8699
946,2020-02-26,1196,7901,9097
946,2020-02-27,988,7405,8393
946,2020-02-28,1027,8743,9770
946,2020-02-29,356,5800,6156
946,2020-03-01,89,5340,5429
946,2020-03-02,1172,8396,9568
946,2020-03-03,1170,8527,9697
946,2020-03-04,1191,8513,9704
946,2020-03-05,1225,8832,10057
946,2020-03-06,1215,8880,10095
946,2020-03-07,354,6238,6592
946,2020-03-08,75,5345,5420
946,2020-03-09,1230,8238,9468
946,2020-03-10,1172,8768,9940
946,2020-03-11,1179,8391,9570
946,2020-03-12,1246,8800,10046
946,2020-03-13,1218,9169,10387
946,2020-03-14,383,5031,5414
946,2020-03-15,106,3904,4010
946,2020-03-16,1253,7138,8391
946,2020-03-17,1360,6527,7887
946,2020-03-18,1193,5595,6788
946,2020-03-19,1000,4439,5439
946,2020-03-20,892,4100,4992
946,2020-03-21,215,1693,1908
946,2020-03-22,59,1038,1097
946,2020-03-23,653,3110,3763
946,2020-03-24,736,3181,3917
946,2020-03-25,713,3027,3740
946,2020-03-26,715,3135,3850
946,2020-03-27,677,3417,4094
946,2020-03-28,221,1947,2168
946,2020-03-30,674,3320,3994
946,2020-03-31,641,3339,3980
946,2020-04-01,578,3274,3852
946,2020-04-02,631,3403,4034
946,2020-04-03,632,3639,4271
946,2020-04-04,210,2088,2298
946,2020-04-05,57,1101,1158
946,2020-04-06,641,3359,4000
946,2020-04-07,627,3697,4324
946,2020-04-08,645,3580,4225
946,2020-04-09,618,3693,4311
946,2020-04-10,582,3839,4421
946,2020-04-11,196,2393,2589
946,2020-04-12,49,970,1019
946,2020-04-13,101,1040,1141
946,2020-04-14,679,3853,4532
946,2020-04-15,751,3677,4428
946,2020-04-16,685,4047,4732
946,2020-04-17,712,4395,5107
946,2020-04-18,281,2609,2890
946,2020-04-19,57,1365,1422
946,2020-04-20,985,5636,6621
946,2020-04-21,985,5605,6590
946,2020-04-22,1043,5773,6816
946,2020-04-23,1047,5786,6833
946,2020-04-24,1072,6182,7254
946,2020-04-25,277,3229,3506
946,2020-04-26,58,1930,1988
946,2020-04-27,1148,6097,7245
946,2020-04-28,1177,6205,7382
946,2020-04-29,1264,6437,7701
946,2020-04-30,1245,6958,8203
946,2020-05-01,138,1668,1806
946,2020-05-02,260,3470,3730
946,2020-05-03,61,1969,2030
946,2020-05-04,1218,6337,7555
946,2020-05-05,1224,6691,7915
946,2020-05-06,1313,6744,8057
946,2020-05-07,1249,6837,8086
946,2020-05-08,1127,7098,8225
946,2020-05-09,157,2824,2981
946,2020-05-10,75,2288,2363
946,2020-05-11,1269,7261,8530
946,2020-05-12,1267,7522,8789
946,2020-05-13,1252,7555,8807
946,2020-05-14,1316,7666,8982
946,2020-05-15,1294,7747,9041
946,2020-05-16,504,5069,5573
946,2020-05-17,106,3826,3932
946,2020-05-18,1363,7495,8858
946,2020-05-19,1555,7733,9288
946,2020-05-20,1488,8276,9764
946,2020-05-21,198,3970,4168
946,2020-05-22,874,6474,7348
946,2020-05-23,310,4863,5173
946,2020-05-24,117,3913,4030
946,2020-05-25,1407,7718,9125
946,2020-05-26,1435,8056,9491
946,2020-05-27,1440,8210,9650
946,2020-05-28,1333,8445,9778
946,2020-05-29,1485,8814,10299
946,2020-05-30,424,5925,6349
946,2020-05-31,79,4859,4938
946,2020-06-01,137,4976,5113
946,2020-06-02,1399,8919,10318
946,2020-06-03,1376,8635,10011
946,2020-06-04,1352,8585,9937
946,2020-06-05,1362,8591,9953
946,2020-06-06,352,5325,5677
946,2020-06-07,90,4549,4639
946,2020-06-08,1388,8685,10073
946,2020-06-09,1422,9110,10532
946,2020-06-10,1373,9193,10566
946,2020-06-11,1423,9875,11298
946,2020-06-12,1398,9963,11361
946,2020-06-13,388,6616,7004
946,2020-06-14,143,5477,5620
946,2020-09-01,1522,8885,10407
946,2020-09-02,1651,8876,10527
946,2020-09-03,1498,9310,10808
946,2020-09-04,1477,9748,11225
946,2020-09-05,511,6605,7116
946,2020-09-06,153,6179,6332
946,2020-09-07,1302,9630,10932
946,2020-09-08,1508,9900,11408
946,2020-09-09,1451,10077,11528
946,2020-09-10,1419,10118,11537
946,2020-09-11,1284,10520,11804
946,2020-09-12,484,7586,8070
946,2020-09-13,253,7610,7863
946,2020-09-14,1454,9965,11419
946,2020-09-15,1629,9906,11535
946,2020-09-16,1663,9843,11506
946,2020-09-17,1551,10219,11770
946,2020-09-18,1499,10776,12275
946,2020-09-19,480,7775,8255
946,2020-09-20,203,7329,7532
946,2020-09-21,1537,9926,11463
946,2020-09-22,1581,10039,11620
946,2020-09-23,1678,9970,11648
946,2020-09-24,1612,10262,11874
946,2020-09-25,1503,10374,11877
946,2020-09-26,405,7115,7520
946,2020-09-27,133,6134,6267
946,2020-09-28,1404,9211,10615
946,2020-09-29,1419,9808,11227
946,2020-09-30,1477,9822,11299
946,2020-10-01,1414,10209,11623
946,2020-10-02,1458,10276,11734
946,2020-10-03,519,6950,7469
946,2020-10-04,114,6045,6159
946,2020-10-05,1438,9349,10787
946,2020-10-06,1386,9555,10941
946,2020-10-07,1454,9539,10993
946,2020-10-08,1446,10107,11553
946,2020-10-09,1415,10309,11724
946,2020-10-10,419,7059,7478
946,2020-10-11,146,5783,5929
946,2020-10-12,1465,9359,10824
946,2020-10-13,1461,9663,11124
946,2020-10-14,1515,9715,11230
946,2020-10-15,1462,10132,11594
946,2020-10-16,1464,10214,11678
946,2020-10-17,489,6963,7452
946,2020-10-18,194,5751,5945
946,2020-10-19,1427,9535,10962
946,2020-10-20,1454,9767,11221
946,2020-10-21,1605,9565,11170
946,2020-10-22,1607,9666,11273
946,2020-10-23,1437,9969,11406
946,2020-10-24,437,6596,7033
946,2020-10-25,104,4728,4832
946,2020-10-26,1428,8862,10290
946,2020-10-27,1436,9085,10521
946,2020-10-28,1488,9367,10855
946,2020-10-29,1419,9384,10803
946,2020-10-30,1421,9412,10833
946,2020-11-01,90,4357,4447
946,2020-11-02,1230,8226,9456
946,2020-11-03,1449,8814,10263
946,2020-11-04,1528,8984,10512
946,2020-11-05,1381,9164,10545
946,2020-11-06,1351,9224,10575
946,2020-11-07,474,6631,7105
946,2020-11-08,99,5119,5218
946,2020-11-09,1337,9006,10343
946,2020-11-10,1436,9188,10624
946,2020-11-11,1306,9336,10642
946,2020-11-12,1468,9645,11113
946,2020-11-13,1444,9631,11075
946,2020-11-14,393,6453,6846
946,2020-11-15,126,4932,5058
946,2020-11-16,1374,8852,10226
946,2020-11-17,1528,9147,10675
946,2020-11-18,1540,9149,10689
946,2020-11-19,1407,9629,11036
946,2020-11-20,1360,9872,11232
946,2020-11-21,388,6403,6791
946,2020-11-22,77,4702,4779
946,2020-11-23,1355,9010,10365
946,2020-11-24,1497,9379,10876
946,2020-11-25,1424,9200,10624
946,2020-11-26,1426,9382,10808
946,2020-11-27,1411,9533,10944
946,2020-11-28,434,6061,6495
946,2020-11-29,93,4360,4453
946,2020-11-30,1411,8700,10111
946,2020-12-01,1407,8730,10137
946,2020-12-02,1451,8846,10297
946,2020-12-03,1386,9018,10404
946,2020-12-04,1383,9954,11337
946,2020-12-05,442,6225,6667
946,2020-12-06,108,4040,4148
946,2020-12-07,1424,8728,10152
946,2020-12-08,1413,8892,10305
946,2020-12-09,1368,8850,10218
946,2020-12-10,1427,9175,10602
946,2020-12-11,1280,9022,10302
946,2020-12-12,378,5804,6182
946,2020-12-13,100,4113,4213
946,2020-12-14,1288,8868,10156
946,2020-12-15,1394,9120,10514
946,2020-12-16,1403,9206,10609
946,2020-12-17,1437,9662,11099
946,2020-12-18,1213,9641,10854
946,2020-12-19,349,5985,6334
946,2020-12-20,117,4176,4293
946,2020-12-21,841,7819,8660
946,2020-12-22,826,7987,8813
946,2020-12-23,724,7992,8716
946,2020-12-24,478,5591,6069
946,2020-12-25,89,2486,2575
946,2020-12-26,127,3207,3334
946,2020-12-27,123,2471,2594
946,2020-12-28,584,5429,6013
946,2020-12-29,615,5576,6191
946,2020-12-30,593,6103,6696
946,2020-12-31,408,4352,4760
947,2020-01-01,22,1132,1154
947,2020-01-02,278,5478,5756
947,2020-01-03,339,5674,6013
947,2020-01-04,145,5652,5797
947,2020-01-05,29,5966,5995
947,2020-01-06,419,5442,5861
947,2020-01-07,416,5157,5573
947,2020-01-08,439,5330,5769
947,2020-01-09,400,5481,5881
947,2020-01-10,433,6096,6529
947,2020-01-11,168,5460,5628
947,2020-01-12,34,6176,6210
947,2020-01-13,515,5521,6036
947,2020-01-14,512,5472,5984
947,2020-01-15,531,5554,6085
947,2020-01-16,544,5840,6384
947,2020-01-17,506,6122,6628
947,2020-01-18,174,5311,5485
947,2020-01-19,41,5622,5663
947,2020-01-20,463,5562,6025
947,2020-01-21,513,5472,5985
947,2020-01-22,525,5355,5880
947,2020-01-23,552,5582,6134
947,2020-01-24,546,6191,6737
947,2020-01-25,179,5576,5755
947,2020-01-26,43,6057,6100
947,2020-01-27,441,5511,5952
947,2020-01-28,453,5311,5764
947,2020-01-29,476,5361,5837
947,2020-01-30,457,6014,6471
947,2020-01-31,466,6455,6921
947,2020-02-01,179,5774,5953
947,2020-02-02,26,6226,6252
947,2020-02-03,518,5524,6042
947,2020-02-04,509,5234,5743
947,2020-02-05,532,5564,6096
947,2020-02-06,598,5635,6233
947,2020-02-07,605,6303,6908
947,2020-02-08,179,5700,5879
947,2020-02-09,28,4532,4560
947,2020-02-10,374,4680,5054
947,2020-02-11,545,5495,6040
947,2020-02-12,535,5473,6008
947,2020-02-13,504,5588,6092
947,2020-02-14,550,6634,7184
947,2020-02-15,159,5413,5572
947,2020-02-16,28,5693,5721
947,2020-02-17,540,5488,6028
947,2020-02-18,495,5665,6160
947,2020-02-19,544,5674,6218
947,2020-02-20,528,5615,6143
947,2020-02-21,505,6157,6662
947,2020-02-22,165,5163,5328
947,2020-02-23,24,5179,5203
947,2020-02-24,482,5435,5917
947,2020-02-25,451,5486,5937
947,2020-02-26,499,4840,5339
947,2020-02-27,408,4744,5152
947,2020-02-28,460,5865,6325
947,2020-02-29,177,5808,5985
947,2020-03-01,37,6132,6169
947,2020-03-02,672,7363,8035
947,2020-03-03,513,5709,6222
947,2020-03-04,508,5597,6105
947,2020-03-05,520,5749,6269
947,2020-03-06,550,6214,6764
947,2020-03-07,187,6058,6245
947,2020-03-08,34,6223,6257
947,2020-03-09,491,5643,6134
947,2020-03-10,430,5646,6076
947,2020-03-11,488,5562,6050
947,2020-03-12,537,6128,6665
947,2020-03-13,554,7319,7873
947,2020-03-14,219,5641,5860
947,2020-03-15,36,4937,4973
947,2020-03-16,476,4954,5430
947,2020-03-17,538,4781,5319
947,2020-03-18,471,3980,4451
947,2020-03-19,429,2468,2897
947,2020-03-20,439,2365,2804
947,2020-03-21,134,1152,1286
947,2020-03-22,12,678,690
947,2020-03-23,320,1689,2009
947,2020-03-24,342,1576,1918
947,2020-03-25,316,1592,1908
947,2020-03-26,311,1551,1862
947,2020-03-27,330,1677,2007
947,2020-03-28,139,1053,1192
947,2020-03-30,319,1684,2003
947,2020-03-31,311,1554,1865
947,2020-04-01,259,1579,1838
947,2020-04-02,292,1551,1843
947,2020-04-03,315,1684,1999
947,2020-04-04,133,1119,1252
947,2020-04-05,10,616,626
947,2020-04-06,265,1549,1814
947,2020-04-07,288,1581,1869
947,2020-04-08,292,1631,1923
947,2020-04-09,262,1684,1946
947,2020-04-10,283,1738,2021
947,2020-04-11,106,1121,1227
947,2020-04-12,5,380,385
947,2020-04-13,14,468,482
947,2020-04-14,312,1810,2122
947,2020-04-15,336,1663,1999
947,2020-04-16,336,1754,2090
947,2020-04-17,316,1919,2235
947,2020-08-08,209,5516,5725
947,2020-08-09,59,5185,5244
947,2020-08-10,391,5356,5747
947,2020-08-11,364,5355,5719
947,2020-08-12,382,5505,5887
947,2020-08-13,357,5487,5844
947,2020-08-14,372,6063,6435
947,2020-08-15,70,5661,5731
947,2020-08-16,50,5811,5861
947,2020-08-17,404,5400,5804
947,2020-08-18,429,5362,5791
947,2020-08-19,378,5466,5844
947,2020-08-20,369,5541,5910
947,2020-08-21,381,5891,6272
947,2020-08-22,181,5685,5866
947,2020-08-23,31,5889,5920
947,2020-08-24,483,5744,6227
947,2020-08-25,461,5734,6195
947,2020-08-26,595,5822,6417
947,2020-08-27,613,6017,6630
947,2020-08-28,608,6628,7236
947,2020-08-29,182,5721,5903
947,2020-08-30,35,5947,5982
947,2020-08-31,535,5969,6504
947,2020-09-01,557,5659,6216
947,2020-09-02,565,5561,6126
947,2020-09-03,565,5808,6373
947,2020-09-04,552,6159,6711
947,2020-09-05,186,5771,5957
947,2020-09-06,70,6045,6115
947,2020-09-07,662,5875,6537
947,2020-09-08,694,5535,6229
947,2020-09-09,661,5675,6336
947,2020-09-10,689,5864,6553
947,2020-09-11,619,6411,7030
947,2020-09-12,167,5805,5972
947,2020-09-13,38,6154,6192
947,2020-09-14,553,6162,6715
947,2020-09-15,570,5826,6396
947,2020-09-16,624,5972,6596
947,2020-09-17,621,6196,6817
947,2020-09-18,616,6436,7052
947,2020-09-19,167,5677,5844
947,2020-09-20,51,6009,6060
947,2020-09-21,541,5886,6427
947,2020-09-22,560,5491,6051
947,2020-09-23,587,5504,6091
947,2020-09-24,590,6143,6733
947,2020-09-25,569,6518,7087
947,2020-09-26,141,5759,5900
947,2020-09-27,45,5617,5662
947,2020-09-28,484,5485,5969
947,2020-09-29,522,5708,6230
947,2020-09-30,498,5889,6387
947,2020-10-01,562,6201,6763
947,2020-10-02,597,6285,6882
947,2020-10-03,142,6173,6315
947,2020-10-04,45,5598,5643
947,2020-10-05,599,5457,6056
947,2020-10-06,635,5453,6088
947,2020-10-07,605,5464,6069
947,2020-10-08,634,5779,6413
947,2020-10-09,574,6262,6836
947,2020-10-10,172,5424,5596
947,2020-10-11,41,5555,5596
947,2020-10-12,520,5288,5808
947,2020-10-13,554,5358,5912
947,2020-10-14,576,5497,6073
947,2020-10-15,582,5639,6221
947,2020-10-16,585,5956,6541
947,2020-10-17,206,5240,5446
947,2020-10-18,44,5116,5160
947,2020-10-19,575,5236,5811
947,2020-10-20,626,5237,5863
947,2020-10-21,584,5428,6012
947,2020-10-22,580,5779,6359
947,2020-10-23,574,6002,6576
947,2020-10-24,173,5448,5621
947,2020-10-25,33,5150,5183
947,2020-10-26,562,5060,5622
947,2020-10-27,526,5130,5656
947,2020-10-28,578,5363,5941
947,2020-10-29,498,5859,6357
947,2020-10-30,517,6803,7320
947,2020-11-01,31,5131,5162
947,2020-11-02,481,5133,5614
947,2020-11-03,573,5187,5760
947,2020-11-04,552,5473,6025
947,2020-11-05,530,5682,6212
947,2020-11-06,555,6071,6626
947,2020-11-07,180,5742,5922
947,2020-11-08,39,5769,5808
947,2020-11-09,511,5564,6075
947,2020-11-10,504,5792,6296
947,2020-11-11,411,6819,7230
947,2020-11-12,581,6278,6859
947,2020-11-13,538,6592,7130
947,2020-11-14,162,6145,6307
947,2020-11-15,55,5883,5938
947,2020-11-16,539,5705,6244
947,2020-11-17,533,5706,6239
947,2020-11-18,546,5930,6476
947,2020-11-19,552,6472,7024
947,2020-11-20,531,6941,7472
947,2020-11-21,165,6573,6738
947,2020-11-22,34,6327,6361
947,2020-11-23,593,5840,6433
947,2020-11-24,588,5958,6546
947,2020-11-25,518,6197,6715
947,2020-11-26,489,5844,6333
947,2020-11-27,520,6568,7088
947,2020-11-28,172,5956,6128
947,2020-11-29,29,5540,5569
947,2020-11-30,532,5645,6177
947,2020-12-01,559,5350,5909
947,2020-12-02,558,5513,6071
947,2020-12-03,576,5857,6433
947,2020-12-04,522,6376,6898
947,2020-12-05,167,5531,5698
947,2020-12-06,39,4772,4811
947,2020-12-07,517,5354,5871
947,2020-12-08,540,5284,5824
947,2020-12-09,538,5458,5996
947,2020-12-10,490,5676,6166
947,2020-12-11,549,6027,6576
947,2020-12-12,174,5591,5765
947,2020-12-13,59,5230,5289
947,2020-12-14,616,5574,6190
947,2020-12-15,579,5838,6417
947,2020-12-16,621,5896,6517
947,2020-12-17,592,6283,6875
947,2020-12-18,566,6614,7180
947,2020-12-19,170,5866,6036
947,2020-12-20,70,5394,5464
947,2020-12-21,413,6568,6981
947,2020-12-22,390,7041,7431
947,2020-12-23,369,7198,7567
947,2020-12-24,245,4888,5133
947,2020-12-25,49,719,768
947,2020-12-26,83,2830,2913
947,2020-12-27,63,2075,2138
947,2020-12-28,289,3192,3481
947,2020-12-29,343,3979,4322
947,2020-12-30,330,4602,4932
947,2020-12-31,256,2947,3203
1111,2020-01-01,50,1584,1634
1111,2020-01-02,130,2683,2813
1111,2020-01-03,147,2753,2900
1111,2020-01-04,104,2480,2584
1111,2020-01-05,51,2126,2177
1111,2020-01-06,213,3054,3267
1111,2020-01-07,218,3151,3369
1111,2020-01-08,211,3104,3315
1111,2020-01-09,231,3324,3555
1111,2020-01-10,248,3320,3568
1111,2020-01-11,104,2851,2955
1111,2020-01-12,52,2321,2373
1111,2020-01-13,268,3119,3387
1111,2020-01-14,302,3413,3715
1111,2020-01-15,285,3293,3578
1111,2020-01-16,269,3551,3820
1111,2020-01-17,242,3379,3621
1111,2020-01-18,123,2711,2834
1111,2020-01-19,46,2208,2254
1111,2020-01-20,290,3188,3478
1111,2020-01-21,268,3424,3692
1111,2020-01-22,307,3296,3603
1111,2020-01-23,292,3468,3760
1111,2020-01-24,289,3535,3824
1111,2020-01-25,119,2828,2947
1111,2020-01-26,59,2242,2301
1111,2020-01-27,240,3207,3447
1111,2020-01-28,260,3558,3818
1111,2020-01-29,294,3377,3671
1111,2020-01-30,282,3553,3835
1111,2020-01-31,286,3571,3857
1111,2020-02-01,142,2743,2885
1111,2020-02-02,41,2380,2421
1111,2020-02-03,246,3232,3478
1111,2020-02-04,405,5791,6196
1111,2020-02-05,366,4608,4974
1111,2020-02-06,313,3566,3879
1111,2020-02-07,330,3513,3843
1111,2020-02-08,161,2827,2988
1111,2020-02-09,50,2228,2278
1111,2020-02-10,256,3102,3358
1111,2020-02-11,313,3561,3874
1111,2020-02-12,297,3304,3601
1111,2020-02-13,297,3432,3729
1111,2020-02-14,293,3637,3930
1111,2020-02-15,129,2898,3027
1111,2020-02-16,49,2299,2348
1111,2020-02-17,280,2886,3166
1111,2020-02-18,281,3032,3313
1111,2020-02-19,285,3196,3481
1111,2020-02-20,275,3025,3300
1111,2020-02-21,259,3239,3498
1111,2020-02-22,158,2682,2840
1111,2020-02-23,104,2209,2313
1111,2020-02-24,230,2984,3214
1111,2020-02-25,305,4099,4404
1111,2020-02-26,290,3664,3954
1111,2020-02-27,252,3028,3280
1111,2020-02-28,304,3729,4033
1111,2020-02-29,146,2908,3054
1111,2020-03-01,74,2453,2527
1111,2020-03-02,300,3208,3508
1111,2020-03-03,312,3333,3645
1111,2020-03-04,322,3380,3702
1111,2020-03-05,278,3317,3595
1111,2020-03-06,319,3551,3870
1111,2020-03-07,134,3068,3202
1111,2020-03-08,52,2463,2515
1111,2020-03-09,311,3303,3614
1111,2020-03-10,295,3332,3627
1111,2020-03-11,332,3256,3588
1111,2020-03-12,320,3471,3791
1111,2020-03-13,318,3437,3755
1111,2020-03-14,145,2512,2657
1111,2020-03-15,67,2427,2494
1111,2020-03-16,307,2749,3056
1111,2020-03-17,302,2495,2797
1111,2020-03-18,277,2232,2509
1111,2020-03-19,260,2044,2304
1111,2020-03-20,233,1815,2048
1111,2020-03-21,108,992,1100
1111,2020-03-22,14,687,701
1111,2020-03-23,167,1678,1845
1111,2020-03-24,186,1626,1812
1111,2020-03-25,174,1610,1784
1111,2020-03-26,200,1611,1811
1111,2020-03-27,206,1783,1989
1111,2020-03-28,108,1169,1277
1111,2020-03-30,197,1700,1897
1111,2020-03-31,175,1663,1838
1111,2020-04-01,208,1713,1921
1111,2020-04-02,203,1749,1952
1111,2020-04-03,183,1817,2000
1111,2020-04-04,114,1136,1250
1111,2020-04-05,17,763,780
1111,2020-04-06,256,1706,1962
1111,2020-04-07,304,1765,2069
1111,2020-04-08,276,1778,2054
1111,2020-04-09,237,1839,2076
1111,2020-04-10,176,1715,1891
1111,2020-04-11,137,1251,1388
1111,2020-04-12,7,739,746
1111,2020-04-13,23,738,761
1111,2020-04-14,198,1920,2118
1111,2020-04-15,197,1940,2137
1111,2020-04-16,208,1963,2171
1111,2020-04-17,201,2142,2343
1111,2020-04-18,108,1466,1574
1111,2020-04-19,15,1084,1099
1111,2020-04-20,252,2366,2618
1111,2020-04-21,303,2186,2489
1111,2020-04-22,298,2251,2549
1111,2020-04-23,290,2454,2744
1111,2020-04-24,327,2504,2831
1111,2020-04-25,141,1920,2061
1111,2020-04-26,19,1589,1608
1111,2020-04-27,333,2463,2796
1111,2020-04-28,315,2465,2780
1111,2020-04-29,317,2497,2814
1111,2020-04-30,316,2963,3279
1111,2020-05-01,36,1183,1219
1111,2020-05-02,139,1790,1929
1111,2020-05-03,27,1442,1469
1111,2020-05-04,322,2568,2890
1111,2020-05-05,321,2762,3083
1111,2020-05-06,365,2861,3226
1111,2020-05-07,368,3039,3407
1111,2020-05-08,393,3174,3567
1111,2020-05-09,70,1750,1820
1111,2020-05-10,48,1568,1616
1111,2020-05-11,314,3178,3492
1111,2020-05-12,358,3447,3805
1111,2020-05-13,347,3311,3658
1111,2020-05-14,354,3342,3696
1111,2020-05-15,373,3459,3832
1111,2020-05-16,161,2973,3134
1111,2020-05-17,80,2962,3042
1111,2020-05-18,383,3028,3411
1111,2020-05-19,380,3239,3619
1111,2020-05-20,346,3553,3899
1111,2020-05-21,85,3468,3553
1111,2020-05-22,280,3399,3679
1111,2020-05-23,147,2610,2757
1111,2020-05-24,94,2588,2682
1111,2020-05-25,372,3048,3420
1111,2020-05-26,361,3212,3573
1111,2020-05-27,370,3361,3731
1111,2020-05-28,406,3571,3977
1111,2020-05-29,393,3860,4253
1111,2020-05-30,143,3410,3553
1111,2020-05-31,98,4176,4274
1111,2020-06-01,129,4086,4215
1111,2020-06-02,359,3526,3885
1111,2020-06-03,387,3449,3836
1111,2020-06-04,392,3274,3666
1111,2020-06-05,385,3425,3810
1111,2020-06-06,145,2808,2953
1111,2020-06-07,56,2734,2790
1111,2020-06-08,362,3229,3591
1111,2020-06-09,357,3435,3792
1111,2020-06-10,375,3458,3833
1111,2020-06-11,343,4100,4443
1111,2020-06-12,372,4126,4498
1111,2020-06-13,195,3590,3785
1111,2020-06-14,123,3082,3205
1111,2020-06-15,410,3340,3750
1111,2020-06-16,371,3666,4037
1111,2020-06-17,356,3600,3956
1111,2020-06-18,342,3672,4014
1111,2020-06-19,401,3899,4300
1111,2020-06-20,173,3652,3825
1111,2020-06-21,111,4138,4249
1111,2020-06-22,267,3532,3799
1111,2020-06-23,96,3380,3476
1111,2020-06-24,392,3854,4246
1111,2020-06-25,395,3975,4370
1111,2020-06-26,333,3989,4322
1111,2020-06-27,144,3571,3715
1111,2020-06-28,107,3245,3352
1111,2020-06-29,367,3529,3896
1111,2020-06-30,344,3790,4134
1111,2020-07-01,373,3697,4070
1111,2020-07-02,358,3889,4247
1111,2020-07-03,362,4002,4364
1111,2020-07-04,190,3810,4000
1111,2020-07-05,99,3172,3271
1111,2020-07-06,361,3670,4031
1111,2020-07-07,382,3974,4356
1111,2020-07-08,394,3715,4109
1111,2020-07-09,364,4110,4474
1111,2020-07-10,342,4082,4424
1111,2020-07-11,187,4171,4358
1111,2020-07-12,115,4787,4902
1111,2020-07-13,402,3998,4400
1111,2020-07-14,462,4088,4550
1111,2020-07-15,465,3957,4422
1111,2020-07-16,398,3836,4234
1111,2020-07-17,342,4189,4531
1111,2020-07-18,163,4024,4187
1111,2020-07-19,87,4135,4222
1111,2020-07-20,349,4139,4488
1111,2020-07-21,348,4489,4837
1111,2020-07-22,354,4362,4716
1111,2020-07-23,390,4458,4848
1111,2020-07-24,385,4322,4707
1111,2020-07-25,186,3738,3924
1111,2020-07-26,84,3647,3731
1111,2020-07-27,329,3975,4304
1111,2020-07-28,343,4199,4542
1111,2020-07-29,313,4471,4784
1111,2020-07-30,316,4653,4969
1111,2020-07-31,271,4227,4498
1111,2020-08-01,153,3977,4130
1111,2020-08-02,94,3936,4030
1111,2020-08-03,218,3645,3863
1111,2020-08-04,250,4013,4263
1111,2020-08-05,231,3948,4179
1111,2020-08-06,225,4226,4451
1111,2020-08-07,234,4084,4318
1111,2020-08-08,148,3907,4055
1111,2020-08-09,75,3798,3873
1111,2020-08-10,210,3594,3804
1111,2020-08-11,223,3834,4057
1111,2020-08-12,222,3711,3933
1111,2020-08-13,236,3863,4099
1111,2020-08-14,219,3845,4064
1111,2020-08-15,91,3682,3773
1111,2020-08-16,88,3608,3696
1111,2020-08-17,205,3535,3740
1111,2020-08-18,241,3615,3856
1111,2020-08-19,224,3787,4011
1111,2020-08-20,221,3974,4195
1111,2020-08-21,259,3898,4157
1111,2020-08-22,148,3765,3913
1111,2020-08-23,98,3695,3793
1111,2020-08-24,290,3573,3863
1111,2020-08-25,337,3678,4015
1111,2020-08-26,294,3669,3963
1111,2020-08-27,303,3897,4200
1111,2020-08-28,268,3862,4130
1111,2020-08-29,144,3305,3449
1111,2020-09-18,329,4002,4331
1111,2020-09-19,150,3744,3894
1111,2020-09-20,97,3695,3792
1111,2020-09-21,313,3810,4123
1111,2020-09-22,321,3796,4117
1111,2020-09-23,309,3700,4009
1111,2020-09-24,327,3661,3988
1111,2020-09-25,317,3663,3980
1111,2020-09-26,139,2943,3082
1111,2020-09-27,54,2520,2574
1111,2020-09-28,277,3252,3529
1111,2020-09-29,290,3492,3782
1111,2020-09-30,290,3488,3778
1111,2020-10-01,327,3600,3927
1111,2020-10-02,295,3649,3944
1111,2020-10-03,119,3242,3361
1111,2020-10-04,57,2482,2539
1111,2020-10-05,295,3257,3552
1111,2020-10-06,290,3429,3719
1111,2020-10-07,288,3433,3721
1111,2020-10-08,255,3417,3672
1111,2020-10-09,277,3573,3850
1111,2020-10-10,124,3092,3216
1111,2020-10-11,58,2582,2640
1111,2020-10-12,273,3145,3418
1111,2020-10-13,366,3288,3654
1111,2020-10-14,330,3298,3628
1111,2020-10-15,359,3361,3720
1111,2020-10-16,299,3498,3797
1111,2020-10-17,206,3065,3271
1111,2020-10-18,62,2577,2639
1111,2020-10-19,300,3211,3511
1111,2020-10-20,328,3322,3650
1111,2020-10-21,308,3353,3661
1111,2020-10-22,317,3356,3673
1111,2020-10-23,290,3409,3699
1111,2020-10-24,139,2764,2903
1111,2020-10-25,50,2045,2095
1111,2020-10-26,291,3168,3459
1111,2020-10-27,304,3149,3453
1111,2020-10-28,302,3448,3750
1111,2020-10-29,281,3354,3635
1111,2020-10-30,289,3027,3316
1111,2020-11-01,46,1719,1765
1111,2020-11-02,257,2988,3245
1111,2020-11-03,280,3356,3636
1111,2020-11-04,266,3308,3574
1111,2020-11-05,255,3325,3580
1111,2020-11-06,276,3461,3737
1111,2020-11-07,146,3001,3147
1111,2020-11-08,53,2612,2665
1111,2020-11-09,279,3094,3373
1111,2020-11-10,313,3485,3798
1111,2020-11-11,275,3609,3884
1111,2020-11-12,291,3557,3848
1111,2020-11-13,346,3655,4001
1111,2020-11-14,129,3124,3253
1111,2020-11-15,48,2472,2520
1111,2020-11-16,280,3401,3681
1111,2020-11-17,339,3488,3827
1111,2020-11-18,368,3649,4017
1111,2020-11-19,295,3659,3954
1111,2020-11-20,328,3787,4115
1111,2020-11-21,133,2930,3063
1111,2020-11-22,59,2334,2393
1111,2020-11-23,274,3429,3703
1111,2020-11-24,310,3698,4008
1111,2020-11-25,280,3568,3848
1111,2020-11-26,311,3715,4026
1111,2020-11-27,297,3669,3966
1111,2020-11-28,120,2768,2888
1111,2020-11-29,54,2177,2231
1111,2020-11-30,277,3454,3731
1111,2020-12-01,282,3511,3793
1111,2020-12-02,294,3544,3838
1111,2020-12-03,267,3652,3919
1111,2020-12-04,337,3604,3941
1111,2020-12-05,124,2719,2843
1111,2020-12-06,50,1966,2016
1111,2020-12-07,312,3287,3599
1111,2020-12-08,307,3431,3738
1111,2020-12-09,296,3559,3855
1111,2020-12-10,337,3616,3953
1111,2020-12-11,331,3567,3898
1111,2020-12-12,111,2524,2635
1111,2020-12-13,57,1980,2037
1111,2020-12-14,305,3489,3794
1111,2020-12-15,282,3656,3938
1111,2020-12-16,316,3643,3959
1111,2020-12-17,303,3696,3999
1111,2020-12-18,260,3552,3812
1111,2020-12-19,117,2619,2736
1111,2020-12-20,53,1859,1912
1111,2020-12-21,201,2780,2981
1111,2020-12-22,206,3021,3227
1111,2020-12-23,128,3162,3290
1111,2020-12-24,151,3028,3179
1111,2020-12-25,45,1504,1549
1111,2020-12-26,59,1705,1764
1111,2020-12-27,58,1372,1430
1111,2020-12-28,151,2246,2397
1111,2020-12-29,168,2293,2461
1111,2020-12-30,148,2628,2776
1111,2020-12-31,140,2146,2286
1113,2020-01-01,10,957,967
1113,2020-01-02,33,1392,1425
1113,2020-01-03,33,1453,1486
1113,2020-01-04,22,1331,1353
1113,2020-01-05,12,1159,1171
1113,2020-01-06,55,1875,1930
1113,2020-01-07,63,1979,2042
1113,2020-01-08,68,1938,2006
1113,2020-01-09,45,2083,2128
1113,2020-01-10,51,2173,2224
1113,2020-01-11,32,1606,1638
1113,2020-01-12,14,1251,1265
1113,2020-01-13,86,2011,2097
1113,2020-01-14,105,2124,2229
1113,2020-01-15,97,2146,2243
1113,2020-01-16,114,2276,2390
1113,2020-01-17,98,2199,2297
1113,2020-01-18,21,1698,1719
1113,2020-01-19,13,1340,1353
1113,2020-01-20,87,2142,2229
1113,2020-01-21,104,2150,2254
1113,2020-01-22,101,2145,2246
1113,2020-01-23,88,2089,2177
1113,2020-01-24,89,2342,2431
1113,2020-01-25,27,1741,1768
1113,2020-01-26,11,1275,1286
1113,2020-01-27,61,2007,2068
1113,2020-01-28,84,2030,2114
1113,2020-01-29,73,2155,2228
1113,2020-01-30,96,2262,2358
1113,2020-01-31,86,2363,2449
1113,2020-02-01,27,1720,1747
1113,2020-02-02,3,1266,1269
1113,2020-02-03,79,2084,2163
1113,2020-02-04,93,2114,2207
1113,2020-02-05,95,2229,2324
1113,2020-02-06,70,2300,2370
1113,2020-02-07,100,2295,2395
1113,2020-02-08,31,1908,1939
1113,2020-02-09,10,977,987
1113,2020-02-10,22,947,969
1113,2020-02-11,130,2189,2319
1113,2020-02-12,90,2170,2260
1113,2020-02-13,73,2156,2229
1113,2020-02-14,87,2205,2292
1113,2020-02-15,42,1625,1667
1113,2020-02-16,4,1211,1215
1113,2020-02-17,76,2051,2127
1113,2020-02-18,89,2006,2095
1113,2020-02-19,88,1992,2080
1113,2020-02-20,96,2014,2110
1113,2020-02-21,101,2089,2190
1113,2020-02-22,36,1605,1641
1113,2020-02-23,13,1268,1281
1113,2020-02-24,52,1872,1924
1113,2020-02-25,103,2551,2654
1113,2020-02-26,114,2489,2603
1113,2020-02-27,64,1550,1614
1113,2020-02-28,94,2460,2554
1113,2020-02-29,57,1754,1811
1113,2020-03-01,14,1408,1422
1113,2020-03-02,99,2040,2139
1113,2020-03-03,95,2219,2314
1113,2020-03-04,94,2326,2420
1113,2020-03-05,130,2271,2401
1113,2020-03-06,122,2419,2541
1113,2020-03-07,44,2078,2122
1113,2020-03-08,16,1496,1512
1113,2020-03-09,113,2208,2321
1113,2020-03-10,81,2316,2397
1113,2020-03-11,115,2408,2523
1113,2020-03-12,111,2582,2693
1113,2020-03-13,167,2809,2976
1113,2020-03-14,71,1890,1961
1113,2020-03-15,13,1920,1933
1113,2020-03-16,204,2121,2325
1113,2020-03-17,154,1952,2106
1113,2020-03-18,121,1734,1855
1113,2020-03-19,108,1447,1555
1113,2020-03-20,82,1248,1330
1113,2020-03-21,36,638,674
1113,2020-03-22,8,510,518
1113,2020-03-23,68,905,973
1113,2020-03-24,79,1019,1098
1113,2020-03-25,77,1003,1080
1113,2020-03-26,70,1026,1096
1113,2020-03-27,82,1121,1203
1113,2020-03-28,49,893,942
1113,2020-03-30,63,1025,1088
1113,2020-03-31,83,1043,1126
1113,2020-04-01,69,1150,1219
1113,2020-04-02,73,1139,1212
1113,2020-04-03,98,1154,1252
1113,2020-04-04,45,835,880
1113,2020-04-05,14,676,690
1113,2020-04-06,62,1164,1226
1113,2020-04-07,107,1205,1312
1113,2020-04-08,84,1253,1337
1113,2020-04-09,84,1320,1404
1113,2020-04-10,67,1292,1359
1113,2020-04-11,50,1037,1087
1113,2020-04-12,8,635,643
1113,2020-04-13,19,543,562
1113,2020-04-14,100,1200,1300
1113,2020-04-15,103,1345,1448
1113,2020-04-16,99,1376,1475
1113,2020-04-17,93,1598,1691
1113,2020-04-18,72,1110,1182
1113,2020-04-19,16,902,918
1113,2020-04-20,106,1689,1795
1113,2020-04-21,141,1814,1955
1113,2020-04-22,151,1887,2038
1113,2020-04-23,161,2014,2175
1113,2020-04-24,155,2143,2298
1113,2020-04-25,60,1721,1781
1113,2020-04-26,7,1565,1572
1113,2020-04-27,174,2032,2206
1113,2020-04-28,166,1957,2123
1113,2020-04-29,185,1985,2170
1113,2020-04-30,149,2090,2239
1113,2020-05-01,28,904,932
1113,2020-05-02,62,1376,1438
1113,2020-05-03,11,1304,1315
1113,2020-05-04,134,1999,2133
1113,2020-05-05,173,2154,2327
1113,2020-05-06,161,2297,2458
1113,2020-05-07,161,2417,2578
1113,2020-05-08,156,2533,2689
1113,2020-05-09,29,1336,1365
1113,2020-05-10,14,1191,1205
1113,2020-05-11,135,2157,2292
1113,2020-05-12,200,2365,2565
1113,2020-05-13,163,2534,2697
1113,2020-05-14,155,2461,2616
1113,2020-05-15,128,2642,2770
1113,2020-05-16,81,2388,2469
1113,2020-05-17,35,2374,2409
1113,2020-05-18,147,2625,2772
1113,2020-05-19,169,2898,3067
1113,2020-05-20,174,2902,3076
1113,2020-05-21,51,2919,2970
1113,2020-05-22,113,2887,3000
1113,2020-05-23,77,2048,2125
1113,2020-05-24,25,2103,2128
1113,2020-05-25,156,2603,2759
1113,2020-05-26,163,3140,3303
1113,2020-05-27,155,3102,3257
1113,2020-05-28,152,3212,3364
1113,2020-05-29,142,3273,3415
1113,2020-05-30,79,2961,3040
1113,2020-05-31,21,3185,3206
1113,2020-06-01,41,3172,3213
1113,2020-06-02,126,3256,3382
1113,2020-06-03,140,3053,3193
1113,2020-06-04,96,2771,2867
1113,2020-06-05,103,2868,2971
1113,2020-06-06,81,2389,2470
1113,2020-06-07,21,2313,2334
1113,2020-06-08,121,2936,3057
1113,2020-06-09,141,2970,3111
1113,2020-06-10,152,2892,3044
1113,2020-06-11,110,3288,3398
1113,2020-06-12,152,3636,3788
1113,2020-06-13,65,3622,3687
1113,2020-06-14,40,2930,2970
1113,2020-06-15,154,3260,3414
1113,2020-06-16,169,3152,3321
1113,2020-06-17,202,2974,3176
1113,2020-06-18,215,3221,3436
1113,2020-06-19,206,3466,3672
1113,2020-06-20,76,2883,2959
1113,2020-06-21,36,2971,3007
1113,2020-06-22,133,2898,3031
1113,2020-06-23,23,2761,2784
1113,2020-06-24,162,3412,3574
1113,2020-06-25,208,3359,3567
1113,2020-06-26,213,3428,3641
1113,2020-06-27,68,2680,2748
1113,2020-06-28,26,2382,2408
1113,2020-06-29,132,3046,3178
1113,2020-06-30,157,3266,3423
1113,2020-07-01,136,3122,3258
1113,2020-07-02,178,3326,3504
1113,2020-07-03,175,3468,3643
1113,2020-07-04,84,3039,3123
1113,2020-07-05,21,2443,2464
1113,2020-07-06,175,3123,3298
1113,2020-07-07,194,3432,3626
1113,2020-07-08,162,3233,3395
1113,2020-07-09,227,3505,3732
1113,2020-07-10,235,3524,3759
1113,2020-07-11,71,3326,3397
1113,2020-07-12,31,3492,3523
1113,2020-07-13,159,3423,3582
1113,2020-07-14,187,3555,3742
1113,2020-07-15,161,3476,3637
1113,2020-07-16,172,3314,3486
1113,2020-07-17,138,3633,3771
1113,2020-07-18,82,3272,3354
1113,2020-07-19,27,3539,3566
1113,2020-07-20,141,3676,3817
1113,2020-07-21,162,3988,4150
1113,2020-07-22,147,3762,3909
1113,2020-07-23,147,3766,3913
1113,2020-07-24,181,3822,4003
1113,2020-07-25,74,3366,3440
1113,2020-07-26,38,2963,3001
1113,2020-07-27,140,3431,3571
1113,2020-07-28,140,3783,3923
1113,2020-07-29,207,3945,4152
1113,2020-07-30,165,3774,3939
1113,2020-07-31,135,3459,3594
1113,2020-08-01,61,2924,2985
1113,2020-08-02,26,3426,3452
1113,2020-08-03,72,2912,2984
1113,2020-08-04,72,3423,3495
1113,2020-08-05,117,3504,3621
1113,2020-08-06,82,3373,3455
1113,2020-08-07,90,3380,3470
1113,2020-08-08,50,3105,3155
1113,2020-08-09,48,3207,3255
1113,2020-08-10,116,3114,3230
1113,2020-08-11,81,3224,3305
1113,2020-08-12,90,3172,3262
1113,2020-08-13,94,3238,3332
1113,2020-08-14,94,3223,3317
1113,2020-08-15,45,3255,3300
1113,2020-08-16,25,2897,2922
1113,2020-08-17,86,2933,3019
1113,2020-08-18,91,3166,3257
1113,2020-08-19,73,3186,3259
1113,2020-08-20,74,3295,3369
1113,2020-08-21,82,3363,3445
1113,2020-08-22,53,3122,3175
1113,2020-08-23,41,2990,3031
1113,2020-08-24,124,3000,3124
1113,2020-08-25,140,3368,3508
1113,2020-08-26,90,2827,2917
1113,2020-08-27,139,3222,3361
1113,2020-08-28,144,3333,3477
1113,2020-08-29,92,2668,2760
1113,2020-08-30,22,2512,2534
1113,2020-08-31,107,2660,2767
1113,2020-09-01,142,2871,3013
1113,2020-09-02,186,3040,3226
1113,2020-09-03,110,3126,3236
1113,2020-09-04,133,3317,3450
1113,2020-09-05,69,2962,3031
1113,2020-09-06,84,2915,2999
1113,2020-09-07,99,3004,3103
1113,2020-09-08,145,3237,3382
1113,2020-09-09,140,3746,3886
1113,2020-09-10,126,3397,3523
1113,2020-09-11,139,3400,3539
1113,2020-09-12,61,3302,3363
1113,2020-09-13,33,3399,3432
1113,2020-09-14,149,3251,3400
1113,2020-09-15,158,3575,3733
1113,2020-09-16,119,3305,3424
1113,2020-09-17,144,3441,3585
1113,2020-09-18,141,3736,3877
1113,2020-09-19,82,3552,3634
1113,2020-09-20,37,3644,3681
1113,2020-09-21,161,3339,3500
1113,2020-09-22,177,3558,3735
1113,2020-09-23,178,3453,3631
1113,2020-09-24,143,3245,3388
1113,2020-09-25,116,3301,3417
1113,2020-09-26,59,2436,2495
1113,2020-09-27,19,2058,2077
1113,2020-09-28,151,2852,3003
1113,2020-09-29,145,3037,3182
1113,2020-09-30,154,3140,3294
1113,2020-10-01,133,3096,3229
1113,2020-10-02,121,3234,3355
1113,2020-10-03,39,2398,2437
1113,2020-10-04,19,1899,1918
1113,2020-10-05,133,2699,2832
1113,2020-10-06,170,2936,3106
1113,2020-10-07,128,3001,3129
1113,2020-10-08,177,2911,3088
1113,2020-10-09,126,3005,3131
1113,2020-10-10,65,2762,2827
1113,2020-10-11,23,2207,2230
1113,2020-10-12,192,3086,3278
1113,2020-10-13,215,3012,3227
1113,2020-10-14,147,2831,2978
1113,2020-10-15,147,3022,3169
1113,2020-10-16,175,3275,3450
1113,2020-10-17,80,2772,2852
1113,2020-10-18,33,2422,2455
1113,2020-10-19,155,2893,3048
1113,2020-10-20,168,2980,3148
1113,2020-10-21,144,3027,3171
1113,2020-10-22,159,2908,3067
1113,2020-10-23,185,2989,3174
1113,2020-10-24,58,2474,2532
1113,2020-10-25,18,1548,1566
1113,2020-10-26,173,2681,2854
1113,2020-10-27,154,2569,2723
1113,2020-10-30,117,2762,2879
1113,2020-11-01,19,1340,1359
1113,2020-11-02,122,2681,2803
1113,2020-11-03,198,2896,3094
1113,2020-11-04,174,2994,3168
1113,2020-11-05,197,3102,3299
1113,2020-11-06,210,3335,3545
1113,2020-11-07,92,2840,2932
1113,2020-11-08,28,2195,2223
1113,2020-11-09,185,2837,3022
1113,2020-11-10,240,2888,3128
1113,2020-11-11,152,2882,3034
1113,2020-11-12,182,2873,3055
1113,2020-11-13,214,3065,3279
1113,2020-11-14,68,2790,2858
1113,2020-11-15,17,1978,1995
1113,2020-11-16,156,2330,2486
1113,2020-11-17,172,2357,2529
1113,2020-11-18,178,2507,2685
1113,2020-11-19,185,2340,2525
1113,2020-11-20,161,2560,2721
1113,2020-11-21,69,2495,2564
1113,2020-11-22,17,1783,1800
1113,2020-11-23,225,2119,2344
1113,2020-11-24,171,2211,2382
1113,2020-11-25,241,2369,2610
1113,2020-11-26,176,2549,2725
1113,2020-11-27,207,2790,2997
1113,2020-11-28,88,2257,2345
1113,2020-11-29,21,1659,1680
1113,2020-11-30,213,2581,2794
1113,2020-12-01,152,2599,2751
1113,2020-12-02,169,2633,2802
1113,2020-12-03,173,2592,2765
1113,2020-12-04,140,2852,2992
1113,2020-12-05,80,2183,2263
1113,2020-12-06,16,1459,1475
1113,2020-12-07,175,2545,2720
1113,2020-12-08,128,1853,1981
1113,2020-12-09,110,1878,1988
1113,2020-12-10,164,2008,2172
1113,2020-12-11,115,2261,2376
1113,2020-12-12,46,1954,2000
1113,2020-12-13,16,1531,1547
1113,2020-12-14,181,2657,2838
1113,2020-12-15,125,2624,2749
1113,2020-12-16,169,2847,3016
1113,2020-12-17,123,2859,2982
1113,2020-12-18,130,2817,2947
1113,2020-12-19,48,2038,2086
1113,2020-12-20,15,1487,1502
1113,2020-12-21,66,2062,2128
1113,2020-12-22,60,2188,2248
1113,2020-12-24,38,1739,1777
1113,2020-12-25,13,1141,1154
1113,2020-12-26,25,1183,1208
1113,2020-12-27,17,741,758
1113,2020-12-28,43,1438,1481
1113,2020-12-29,55,1508,1563
1113,2020-12-30,45,1696,1741
1113,2020-12-31,34,1253,1287
1114,2020-01-01,10,778,788
1114,2020-01-02,81,1684,1765
1114,2020-01-03,68,1776,1844
1114,2020-01-04,63,1449,1512
1114,2020-01-05,17,1115,1132
1114,2020-01-06,92,2456,2548
1114,2020-01-07,102,2606,2708
1114,2020-01-08,117,2573,2690
1114,2020-01-09,100,2653,2753
1114,2020-01-10,134,2656,2790
1114,2020-01-11,64,1621,1685
1114,2020-01-12,14,1216,1230
1114,2020-01-13,140,2649,2789
1114,2020-01-14,131,2876,3007
1114,2020-01-15,166,2780,2946
1114,2020-01-16,162,2954,3116
1114,2020-01-17,125,2873,2998
1114,2020-01-18,75,1699,1774
1114,2020-01-19,16,1194,1210
1114,2020-01-20,129,2810,2939
1114,2020-01-21,198,2802,3000
1114,2020-01-22,194,2743,2937
1114,2020-01-23,122,2462,2584
1114,2020-01-24,119,2529,2648
1114,2020-01-25,53,1578,1631
1114,2020-01-26,19,1240,1259
1114,2020-01-27,90,2406,2496
1114,2020-01-28,124,2710,2834
1114,2020-01-29,123,2750,2873
1114,2020-01-30,139,2731,2870
1114,2020-01-31,110,2862,2972
1114,2020-02-01,68,1568,1636
1114,2020-02-02,6,1130,1136
1114,2020-02-03,144,2789,2933
1114,2020-02-04,136,2871,3007
1114,2020-02-05,121,2922,3043
1114,2020-02-06,133,2913,3046
1114,2020-02-07,145,2912,3057
1114,2020-02-08,71,1672,1743
1114,2020-02-09,14,1108,1122
1114,2020-02-10,98,2292,2390
1114,2020-02-11,167,2966,3133
1114,2020-02-12,154,2792,2946
1114,2020-02-13,142,2926,3068
1114,2020-02-14,140,3127,3267
1114,2020-02-15,85,1979,2064
1114,2020-02-16,14,1492,1506
1114,2020-02-17,176,2797,2973
1114,2020-02-18,166,2765,2931
1114,2020-02-19,185,2836,3021
1114,2020-02-20,160,2799,2959
1114,2020-02-21,146,2684,2830
1114,2020-02-22,90,1860,1950
1114,2020-02-23,44,1567,1611
1114,2020-02-24,119,2500,2619
1114,2020-02-25,129,3048,3177
1114,2020-02-26,173,3008,3181
1114,2020-02-27,141,2738,2879
1114,2020-02-28,176,3256,3432
1114,2020-02-29,103,2162,2265
1114,2020-03-01,32,1534,1566
1114,2020-03-02,164,3068,3232
1114,2020-03-03,180,3277,3457
1114,2020-03-04,202,3146,3348
1114,2020-03-05,130,2892,3022
1114,2020-03-06,139,2983,3122
1114,2020-03-07,79,1853,1932
1114,2020-03-08,30,1447,1477
1114,2020-03-09,127,2749,2876
1114,2020-03-10,137,2804,2941
1114,2020-03-11,121,2814,2935
1114,2020-03-12,161,2792,2953
1114,2020-03-13,150,3005,3155
1114,2020-03-14,65,1467,1532
1114,2020-03-15,25,1409,1434
1114,2020-03-16,167,2362,2529
1114,2020-03-17,171,2166,2337
1114,2020-03-18,185,1799,1984
1114,2020-03-19,165,1545,1710
1114,2020-03-20,183,1390,1573
1114,2020-03-21,52,563,615
1114,2020-03-22,7,389,396
1114,2020-03-23,92,1135,1227
1114,2020-03-24,132,1103,1235
1114,2020-03-25,177,1209,1386
1114,2020-03-26,155,1212,1367
1114,2020-03-27,112,1223,1335
1114,2020-03-28,95,687,782
1114,2020-03-30,141,1226,1367
1114,2020-03-31,115,1279,1394
1114,2020-04-01,98,1257,1355
1114,2020-04-02,108,1289,1397
1114,2020-04-03,117,1263,1380
1114,2020-04-04,84,715,799
1114,2020-04-05,11,416,427
1114,2020-04-06,90,1225,1315
1114,2020-04-07,88,1378,1466
1114,2020-04-08,97,1274,1371
1114,2020-04-10,63,1217,1280
1114,2020-04-11,63,790,853
1114,2020-04-12,4,388,392
1114,2020-04-13,17,369,386
1114,2020-04-14,82,1315,1397
1114,2020-04-15,128,1319,1447
1114,2020-04-16,100,1336,1436
1114,2020-04-17,99,1473,1572
1114,2020-04-18,49,839,888
1114,2020-04-19,8,518,526
1114,2020-04-20,100,1586,1686
1114,2020-04-21,147,1601,1748
1114,2020-04-22,114,1649,1763
1114,2020-04-23,107,1745,1852
1114,2020-04-24,125,1786,1911
1114,2020-04-25,70,1156,1226
1114,2020-04-26,7,752,759
1114,2020-04-27,158,1733,1891
1114,2020-04-28,150,1837,1987
1114,2020-04-29,147,1898,2045
1114,2020-04-30,136,1840,1976
1114,2020-05-01,6,552,558
1114,2020-05-02,63,970,1033
1114,2020-05-03,21,725,746
1114,2020-05-04,130,1942,2072
1114,2020-05-05,165,2037,2202
1114,2020-05-06,230,2098,2328
1114,2020-05-07,236,2182,2418
1114,2020-05-08,274,2274,2548
1114,2020-05-09,36,896,932
1114,2020-05-10,13,795,808
1114,2020-05-11,127,2216,2343
1114,2020-05-12,136,2326,2462
1114,2020-05-13,154,2429,2583
1114,2020-05-14,212,2383,2595
1114,2020-05-15,186,2314,2500
1114,2020-06-04,157,2679,2836
1114,2020-06-05,186,2578,2764
1114,2020-06-06,74,1758,1832
1114,2020-06-07,17,1545,1562
1114,2020-06-08,151,2930,3081
1114,2020-06-09,135,2913,3048
1114,2020-06-10,213,3024,3237
1114,2020-06-11,139,3017,3156
1114,2020-06-12,201,3128,3329
1114,2020-06-13,100,2308,2408
1114,2020-06-14,34,1714,1748
1114,2020-06-15,159,2810,2969
1114,2020-06-16,146,2947,3093
1114,2020-06-17,148,2722,2870
1114,2020-06-18,168,2892,3060
1114,2020-06-19,159,2879,3038
1114,2020-06-20,75,1903,1978
1114,2020-06-21,31,1988,2019
1114,2020-06-22,143,2331,2474
1114,2020-06-23,49,1840,1889
1114,2020-06-24,156,2828,2984
1114,2020-06-25,208,2936,3144
1114,2020-06-26,184,2744,2928
1114,2020-06-27,87,1857,1944
1114,2020-06-28,26,1561,1587
1114,2020-06-29,165,2685,2850
1114,2020-06-30,171,2790,2961
1114,2020-07-01,147,2874,3021
1114,2020-07-02,150,2700,2850
1114,2020-07-03,157,2988,3145
1114,2020-07-04,98,1918,2016
1114,2020-07-05,22,1588,1610
1114,2020-07-06,144,2653,2797
1114,2020-07-07,124,2702,2826
1114,2020-07-08,129,2813,2942
1114,2020-07-09,136,2815,2951
1114,2020-07-10,157,2802,2959
1114,2020-07-11,85,2134,2219
1114,2020-07-12,38,2121,2159
1114,2020-07-13,136,2673,2809
1114,2020-07-14,236,3151,3387
1114,2020-07-15,191,2891,3082
1114,2020-07-16,189,2892,3081
1114,2020-07-17,137,2638,2775
1114,2020-07-18,66,2032,2098
1114,2020-07-19,52,1751,1803
1114,2020-07-20,158,2462,2620
1114,2020-07-21,176,2544,2720
1114,2020-07-22,164,2624,2788
1114,2020-07-23,143,2620,2763
1114,2020-07-24,128,2543,2671
1114,2020-07-25,72,1761,1833
1114,2020-07-26,20,1531,1551
1114,2020-07-27,124,2404,2528
1114,2020-07-28,122,2485,2607
1114,2020-07-29,137,2617,2754
1114,2020-07-30,120,2486,2606
1114,2020-07-31,112,2466,2578
1114,2020-08-01,80,1725,1805
1114,2020-08-02,26,1672,1698
1114,2020-08-03,102,2097,2199
1114,2020-08-04,125,2364,2489
1114,2020-08-05,127,2393,2520
1114,2020-08-06,118,2351,2469
1114,2020-08-07,131,2276,2407
1114,2020-08-08,71,1684,1755
1114,2020-08-09,23,1522,1545
1114,2020-08-10,112,2226,2338
1114,2020-08-11,100,2189,2289
1114,2020-08-12,107,2323,2430
1114,2020-08-13,115,2272,2387
1114,2020-08-14,122,2420,2542
1114,2020-08-15,25,1563,1588
1114,2020-08-16,22,1522,1544
1114,2020-08-17,127,2283,2410
1114,2020-08-18,129,2380,2509
1114,2020-08-19,102,2401,2503
1114,2020-08-20,100,2358,2458
1114,2020-08-21,96,2460,2556
1114,2020-08-22,62,1902,1964
1114,2020-08-23,22,1754,1776
1114,2020-08-24,135,2476,2611
1114,2020-08-25,120,2492,2612
1114,2020-08-26,133,2532,2665
1114,2020-08-27,194,2779,2973
1114,2020-08-28,145,2583,2728
1114,2020-08-29,77,1872,1949
1114,2020-08-30,27,1624,1651
1114,2020-08-31,152,2378,2530
1114,2020-09-01,150,2520,2670
1114,2020-09-02,121,2627,2748
1114,2020-09-03,128,2537,2665
1114,2020-09-04,143,2633,2776
1114,2020-09-05,160,1825,1985
1114,2020-09-06,33,1791,1824
1114,2020-09-07,122,2561,2683
1114,2020-09-08,133,2696,2829
1114,2020-09-09,134,2620,2754
1114,2020-09-10,117,2643,2760
1114,2020-09-11,172,2823,2995
1114,2020-09-12,82,2003,2085
1114,2020-09-13,52,2001,2053
1114,2020-09-14,198,2696,2894
1114,2020-09-15,183,2751,2934
1114,2020-09-16,151,2989,3140
1114,2020-09-17,179,3047,3226
1114,2020-09-18,185,3033,3218
1114,2020-09-19,116,2075,2191
1114,2020-09-20,65,2049,2114
1114,2020-09-21,178,2832,3010
1114,2020-09-22,187,2946,3133
1114,2020-09-23,155,2922,3077
1114,2020-09-24,148,2726,2874
1114,2020-09-25,180,2828,3008
1114,2020-09-26,87,1873,1960
1114,2020-09-27,52,1300,1352
1114,2020-09-28,169,2526,2695
1114,2020-09-29,173,2807,2980
1114,2020-09-30,168,2790,2958
1114,2020-10-01,168,2905,3073
1114,2020-10-02,187,2862,3049
1114,2020-10-03,92,1770,1862
1114,2020-10-04,67,1445,1512
1114,2020-10-05,210,2728,2938
1114,2020-10-06,170,2791,2961
1114,2020-10-07,159,2700,2859
1114,2020-10-08,176,2802,2978
1114,2020-10-09,200,2728,2928
1114,2020-10-10,107,1876,1983
1114,2020-10-11,57,1499,1556
1114,2020-10-12,172,2497,2669
1114,2020-10-13,199,2770,2969
1114,2020-10-14,210,2705,2915
1114,2020-10-15,201,2903,3104
1114,2020-10-16,220,2964,3184
1114,2020-10-17,118,1825,1943
1114,2020-10-18,66,1541,1607
1114,2020-10-19,176,2768,2944
1114,2020-10-20,188,2840,3028
1114,2020-10-21,191,2837,3028
1114,2020-10-22,168,2872,3040
1114,2020-10-23,159,2721,2880
1114,2020-10-24,98,1767,1865
1114,2020-10-25,53,1199,1252
1114,2020-10-26,147,2642,2789
1114,2020-10-27,174,2763,2937
1114,2020-10-28,152,2760,2912
1114,2020-10-29,162,3244,3406
1114,2020-10-30,184,3110,3294
1114,2020-11-01,46,1006,1052
1114,2020-11-02,142,2524,2666
1114,2020-11-03,161,2592,2753
1114,2020-11-04,134,1840,1974
1114,2020-11-05,133,1669,1802
1114,2020-11-06,150,2208,2358
1114,2020-11-07,138,2627,2765
1114,2020-11-08,51,928,979
1114,2020-11-09,150,2512,2662
1114,2020-11-10,187,2754,2941
1114,2020-11-11,181,2713,2894
1114,2020-11-12,167,2774,2941
1114,2020-11-13,177,2754,2931
1114,2020-11-14,109,1845,1954
1114,2020-11-15,68,1384,1452
1114,2020-11-16,139,2304,2443
1114,2020-11-17,147,2443,2590
1114,2020-11-18,167,2518,2685
1114,2020-11-19,127,2433,2560
1114,2020-11-20,128,2521,2649
1114,2020-11-21,84,1716,1800
1114,2020-11-22,55,1254,1309
1114,2020-11-23,134,2530,2664
1114,2020-11-24,147,2686,2833
1114,2020-11-25,173,2792,2965
1114,2020-11-26,180,2685,2865
1114,2020-11-27,173,2581,2754
1114,2020-11-28,83,1526,1609
1114,2020-11-29,51,1054,1105
1114,2020-11-30,190,2448,2638
1114,2020-12-01,163,2592,2755
1114,2020-12-02,166,2558,2724
1114,2020-12-03,189,2703,2892
1114,2020-12-04,142,2670,2812
1114,2020-12-05,99,1586,1685
1114,2020-12-06,49,1069,1118
1114,2020-12-07,191,2672,2863
1114,2020-12-08,182,2662,2844
1114,2020-12-09,166,2712,2878
1114,2020-12-10,190,2871,3061
1114,2020-12-11,170,2792,2962
1114,2020-12-12,84,1603,1687
1114,2020-12-13,58,1096,1154
1114,2020-12-14,176,2762,2938
1114,2020-12-15,182,2884,3066
1114,2020-12-16,171,2704,2875
1114,2020-12-17,184,2717,2901
1114,2020-12-18,143,2721,2864
1114,2020-12-19,89,1532,1621
1114,2020-12-20,47,1028,1075
1114,2020-12-21,101,1820,1921
1114,2020-12-22,100,1872,1972
1114,2020-12-24,77,1309,1386
1114,2020-12-25,42,753,795
1114,2020-12-26,46,771,817
1114,2020-12-27,46,669,715
1114,2020-12-28,88,1342,1430
1114,2020-12-29,104,1504,1608
1114,2020-12-30,103,1589,1692
1114,2020-12-31,95,1233,1328
1117,2020-01-01,77,5106,5183
1117,2020-01-02,445,10391,10836
1117,2020-01-03,478,10566,11044
1117,2020-01-04,288,9113,9401
1117,2020-01-05,82,7823,7905
1117,2020-01-06,554,12254,12808
1117,2020-01-07,631,12944,13575
1117,2020-01-08,596,12734,13330
1117,2020-01-09,636,12963,13599
1117,2020-01-10,660,13597,14257
1117,2020-01-11,342,10177,10519
1117,2020-01-12,90,8373,8463
1117,2020-01-13,682,12752,13434
1117,2020-01-14,770,13728,14498
1117,2020-01-15,788,13698,14486
1117,2020-01-16,794,14129,14923
1117,2020-01-17,743,13761,14504
1117,2020-01-18,329,10364,10693
1117,2020-01-19,88,8628,8716
1117,2020-01-20,1032,13181,14213
1117,2020-01-21,1070,13726,14796
1117,2020-01-22,769,13573,14342
1117,2020-01-23,815,13674,14489
1117,2020-01-24,826,13954,14780
1117,2020-01-25,295,11098,11393
1117,2020-01-26,66,8462,8528
1117,2020-01-27,675,13129,13804
1117,2020-01-28,550,12980,13530
1117,2020-01-29,760,13612,14372
1117,2020-01-30,794,13780,14574
1117,2020-01-31,753,14341,15094
1117,2020-02-01,338,10714,11052
1117,2020-02-02,72,8399,8471
1117,2020-02-03,749,13158,13907
1117,2020-02-04,808,13847,14655
1117,2020-02-05,903,13832,14735
1117,2020-02-06,896,13933,14829
1117,2020-02-07,870,14259,15129
1117,2020-02-08,364,10899,11263
1117,2020-02-09,74,7424,7498
1117,2020-02-10,510,11550,12060
1117,2020-02-11,881,13694,14575
1117,2020-02-12,859,13520,14379
1117,2020-02-13,814,13767,14581
1117,2020-02-14,811,14578,15389
1117,2020-02-15,314,10504,10818
1117,2020-02-16,80,8425,8505
1117,2020-02-17,596,11836,12432
1117,2020-02-18,793,12061,12854
1117,2020-02-19,844,12331,13175
1117,2020-02-20,793,11997,12790
1117,2020-02-21,851,12129,12980
1117,2020-02-22,341,9948,10289
1117,2020-02-23,54,7476,7530
1117,2020-02-24,591,11937,12528
1117,2020-02-25,700,13340,14040
1117,2020-02-26,909,13449,14358
1117,2020-02-27,722,12245,12967
1117,2020-02-28,824,14483,15307
1117,2020-02-29,330,11047,11377
1117,2020-03-01,94,8872,8966
1117,2020-03-02,803,13012,13815
1117,2020-03-03,932,13751,14683
1117,2020-03-04,906,13710,14616
1117,2020-03-05,864,13314,14178
1117,2020-03-06,834,14083,14917
1117,2020-03-07,335,11730,12065
1117,2020-03-08,78,8944,9022
1117,2020-03-09,857,13199,14056
1117,2020-03-10,853,13891,14744
1117,2020-03-11,825,13934,14759
1117,2020-03-12,862,13991,14853
1117,2020-03-13,882,15058,15940
1117,2020-03-14,341,9860,10201
1117,2020-03-15,83,9071,9154
1117,2020-03-16,852,10750,11602
1117,2020-03-17,893,9529,10422
1117,2020-03-18,956,8341,9297
1117,2020-03-19,785,7181,7966
1117,2020-03-20,669,6710,7379
1117,2020-03-21,278,3670,3948
1117,2020-03-22,64,2412,2476
1117,2020-03-23,552,5433,5985
1117,2020-03-24,589,5354,5943
1117,2020-03-25,542,5292,5834
1117,2020-03-26,527,5450,5977
1117,2020-03-27,515,5905,6420
1117,2020-03-28,233,3965,4198
1117,2020-03-30,466,5809,6275
1117,2020-03-31,548,5624,6172
1117,2020-04-01,510,5801,6311
1117,2020-04-02,508,5874,6382
1117,2020-04-03,502,6100,6602
1117,2020-04-04,254,4316,4570
1117,2020-04-05,38,2561,2599
1117,2020-04-06,529,6084,6613
1117,2020-04-07,546,6132,6678
1117,2020-04-08,531,6416,6947
1117,2020-04-09,539,6575,7114
1117,2020-04-10,342,6860,7202
1117,2020-04-11,210,4895,5105
1117,2020-04-12,35,2398,2433
1117,2020-04-13,53,2366,2419
1117,2020-04-14,494,6525,7019
1117,2020-04-15,550,6471,7021
1117,2020-04-16,537,6464,7001
1117,2020-04-17,523,7366,7889
1117,2020-04-18,292,5161,5453
1117,2020-04-19,47,3151,3198
1117,2020-04-20,566,7722,8288
1117,2020-04-21,653,7810,8463
1117,2020-04-22,669,8074,8743
1117,2020-04-23,721,8401,9122
1117,2020-04-24,774,8897,9671
1117,2020-04-25,290,6593,6883
1117,2020-04-26,57,4302,4359
1117,2020-04-27,779,8642,9421
1117,2020-04-28,792,8573,9365
1117,2020-04-29,797,8940,9737
1117,2020-04-30,606,9474,10080
1117,2020-05-01,60,3541,3601
1117,2020-05-02,263,6503,6766
1117,2020-05-03,43,4338,4381
1117,2020-05-04,749,9407,10156
1117,2020-05-05,828,9642,10470
1117,2020-05-06,784,9593,10377
1117,2020-05-07,774,9816,10590
1117,2020-05-08,755,10455,11210
1117,2020-05-09,147,5107,5254
1117,2020-05-10,59,4617,4676
1117,2020-05-11,725,11090,11815
1117,2020-05-12,811,11105,11916
1117,2020-05-13,824,10998,11822
1117,2020-05-14,824,11035,11859
1117,2020-05-15,790,11563,12353
1117,2020-05-16,428,10511,10939
1117,2020-05-17,79,9254,9333
1117,2020-05-18,837,10458,11295
1117,2020-05-19,740,9776,10516
1117,2020-05-20,795,11888,12683
1117,2020-05-21,129,9483,9612
1117,2020-05-22,731,12192,12923
1117,2020-05-23,399,9667,10066
1117,2020-05-24,95,8280,8375
1117,2020-05-25,732,10860,11592
1117,2020-05-26,912,12122,13034
1117,2020-05-27,789,11462,12251
1117,2020-05-28,743,11280,12023
1117,2020-05-29,766,11870,12636
1117,2020-05-30,396,11710,12106
1117,2020-05-31,79,11742,11821
1117,2020-06-01,119,11430,11549
1117,2020-06-02,706,11518,12224
1117,2020-06-03,842,11084,11926
1117,2020-06-04,729,10995,11724
1117,2020-06-05,749,11265,12014
1117,2020-06-06,384,9789,10173
1117,2020-06-07,83,9274,9357
1117,2020-06-08,837,11781,12618
1117,2020-06-09,936,12630,13566
1117,2020-06-10,900,12947,13847
1117,2020-06-11,700,14634,15334
1117,2020-06-12,890,13920,14810
1117,2020-06-13,318,11606,11924
1117,2020-06-14,106,9927,10033
1117,2020-06-15,829,12447,13276
1117,2020-06-16,890,13173,14063
1117,2020-06-17,943,13164,14107
1117,2020-06-18,973,13420,14393
1117,2020-06-19,986,14072,15058
1117,2020-06-20,336,11170,11506
1117,2020-06-21,94,10992,11086
1117,2020-06-22,791,12746,13537
1117,2020-06-23,240,9340,9580
1117,2020-06-24,994,13377,14371
1117,2020-06-25,949,13813,14762
1117,2020-06-26,971,13984,14955
1117,2020-06-27,449,11928,12377
1117,2020-06-28,122,10004,10126
1117,2020-06-29,847,12784,13631
1117,2020-06-30,919,13508,14427
1117,2020-07-01,898,13596,14494
1117,2020-07-02,959,13474,14433
1117,2020-07-03,905,14309,15214
1117,2020-07-04,321,11765,12086
1117,2020-07-05,91,9427,9518
1117,2020-07-06,761,12534,13295
1117,2020-07-07,835,13404,14239
1117,2020-07-08,833,13263,14096
1117,2020-07-09,812,13444,14256
1117,2020-07-10,846,13822,14668
1117,2020-07-11,375,12781,13156
1117,2020-07-12,114,12133,12247
1117,2020-07-13,763,13351,14114
1117,2020-07-14,748,13789,14537
1117,2020-07-15,714,13072,13786
1117,2020-07-16,704,12624,13328
1117,2020-07-17,760,13394,14154
1117,2020-07-18,319,12127,12446
1117,2020-07-19,139,10626,10765
1117,2020-07-20,672,12725,13397
1117,2020-07-21,737,13175,13912
1117,2020-07-22,734,13259,13993
1117,2020-07-23,728,13078,13806
1117,2020-07-24,788,13375,14163
1117,2020-07-25,355,11205,11560
1117,2020-07-26,105,9398,9503
1117,2020-07-27,712,12472,13184
1117,2020-07-28,740,12866,13606
1117,2020-07-29,802,13395,14197
1117,2020-07-30,710,13364,14074
1117,2020-07-31,645,13019,13664
1117,2020-08-01,208,10526,10734
1117,2020-08-02,110,9974,10084
1117,2020-08-03,602,11400,12002
1117,2020-08-04,558,12050,12608
1117,2020-08-05,608,12310,12918
1117,2020-08-06,563,12164,12727
1117,2020-08-07,560,12429,12989
1117,2020-08-08,290,10362,10652
1117,2020-08-09,99,9325,9424
1117,2020-08-10,538,11250,11788
1117,2020-08-11,584,11312,11896
1117,2020-08-12,382,11330,11712
1117,2020-08-13,600,11467,12067
1117,2020-08-14,566,12085,12651
1117,2020-08-15,128,9336,9464
1117,2020-08-16,124,9182,9306
1117,2020-08-17,531,11057,11588
1117,2020-08-18,576,11459,12035
1117,2020-08-19,549,11754,12303
1117,2020-08-20,518,11999,12517
1117,2020-08-21,594,12180,12774
1117,2020-08-22,286,10470,10756
1117,2020-08-23,116,10312,10428
1117,2020-08-24,715,11908,12623
1117,2020-08-25,775,12399,13174
1117,2020-08-26,763,12201,12964
1117,2020-08-27,805,12721,13526
1117,2020-08-28,761,13033,13794
1117,2020-08-29,364,10848,11212
1117,2020-08-30,110,9560,9670
1117,2020-08-31,670,11825,12495
1117,2020-09-01,781,12259,13040
1117,2020-09-02,862,12566,13428
1117,2020-09-03,807,12718,13525
1117,2020-09-04,786,13330,14116
1117,2020-09-05,399,10853,11252
1117,2020-09-06,143,10297,10440
1117,2020-09-07,767,12387,13154
1117,2020-09-08,866,12920,13786
1117,2020-09-09,882,13180,14062
1117,2020-09-10,783,13221,14004
1117,2020-09-11,795,13774,14569
1117,2020-09-12,385,11822,12207
1117,2020-09-13,193,11339,11532
1117,2020-09-14,821,13075,13896
1117,2020-09-15,843,13620,14463
1117,2020-09-16,879,13257,14136
1117,2020-09-17,836,13982,14818
1117,2020-09-18,834,14224,15058
1117,2020-09-19,474,12452,12926
1117,2020-09-20,199,11331,11530
1117,2020-09-21,881,13373,14254
1117,2020-09-22,946,13680,14626
1117,2020-09-23,936,13456,14392
1117,2020-09-24,961,13432,14393
1117,2020-09-25,802,13488,14290
1117,2020-09-26,436,10603,11039
1117,2020-09-27,154,8277,8431
1117,2020-09-28,875,12213,13088
1117,2020-09-29,835,13169,14004
1117,2020-09-30,988,12975,13963
1117,2020-10-01,967,13356,14323
1117,2020-10-02,922,13439,14361
1117,2020-10-03,331,12609,12940
1117,2020-10-04,163,8453,8616
1117,2020-10-05,871,11902,12773
1117,2020-10-06,936,12623,13559
1117,2020-10-07,949,12662,13611
1117,2020-10-08,849,12635,13484
1117,2020-10-09,805,12978,13783
1117,2020-10-10,403,10838,11241
1117,2020-10-11,155,8560,8715
1117,2020-10-12,868,11884,12752
1117,2020-10-13,909,12511,13420
1117,2020-10-14,973,12401,13374
1117,2020-10-15,1046,12689,13735
1117,2020-10-16,970,13151,14121
1117,2020-10-17,447,10438,10885
1117,2020-10-18,176,8623,8799
1117,2020-10-19,1072,11902,12974
1117,2020-10-20,1090,12241,13331
1117,2020-10-21,1042,12369,13411
1117,2020-10-22,988,12351,13339
1117,2020-10-23,896,12864,13760
1117,2020-10-24,460,10040,10500
1117,2020-10-25,165,6999,7164
1117,2020-10-26,1066,11756,12822
1117,2020-10-27,1120,12177,13297
1117,2020-10-28,752,12650,13402
1117,2020-10-29,882,12684,13566
1117,2020-10-30,1133,13281,14414
1117,2020-11-01,134,6605,6739
1117,2020-11-02,1020,12025,13045
1117,2020-11-03,1070,12456,13526
1117,2020-11-04,1001,12888,13889
1117,2020-11-05,1046,12802,13848
1117,2020-11-06,960,11025,11985
1117,2020-11-07,146,4374,4520
1117,2020-11-08,143,8665,8808
1117,2020-11-09,949,12300,13249
1117,2020-11-10,1001,12998,13999
1117,2020-11-11,908,12886,13794
1117,2020-11-12,962,13170,14132
1117,2020-11-13,955,13495,14450
1117,2020-11-14,409,11040,11449
1117,2020-11-15,134,8491,8625
1117,2020-11-16,920,12213,13133
1117,2020-11-17,1026,13096,14122
1117,2020-11-18,1110,13237,14347
1117,2020-11-19,975,13005,13980
1117,2020-11-20,965,13700,14665
1117,2020-11-21,447,10845,11292
1117,2020-11-22,164,8110,8274
1117,2020-11-23,966,12485,13451
1117,2020-11-24,942,13151,14093
1117,2020-11-25,1024,13197,14221
1117,2020-11-26,1019,13021,14040
1117,2020-11-27,882,13338,14220
1117,2020-11-28,443,10182,10625
1117,2020-11-29,154,7987,8141
1117,2020-11-30,941,12576,13517
1117,2020-12-01,857,12942,13799
1117,2020-12-02,985,12557,13542
1117,2020-12-03,957,12929,13886
1117,2020-12-04,930,13518,14448
1117,2020-12-05,406,10190,10596
1117,2020-12-06,140,7273,7413
1117,2020-12-07,904,12181,13085
1117,2020-12-08,893,12434,13327
1117,2020-12-09,924,12404,13328
1117,2020-12-10,937,13040,13977
1117,2020-12-11,873,13233,14106
1117,2020-12-12,367,9521,9888
1117,2020-12-13,137,7471,7608
1117,2020-12-14,996,12817,13813
1117,2020-12-15,864,13491,14355
1117,2020-12-16,1024,13008,14032
1117,2020-12-17,949,13583,14532
1117,2020-12-18,870,13651,14521
1117,2020-12-19,401,10419,10820
1117,2020-12-20,127,7372,7499
1117,2020-12-21,622,11997,12619
1117,2020-12-22,634,12645,13279
1117,2020-12-23,356,11770,12126
1117,2020-12-24,358,10063,10421
1117,2020-12-25,124,4430,4554
1117,2020-12-26,145,5722,5867
1117,2020-12-27,119,4827,4946
1117,2020-12-28,499,8141,8640
1117,2020-12-29,532,8838,9370
1117,2020-12-30,475,9907,10382
1117,2020-12-31,355,7985,8340
1119,2020-01-01,48,1373,1421
1119,2020-01-02,118,2527,2645
1119,2020-01-03,138,2606,2744
1119,2020-01-04,80,2322,2402
1119,2020-01-05,47,1958,2005
1119,2020-01-06,167,2975,3142
1119,2020-01-07,193,3221,3414
1119,2020-01-08,176,3084,3260
1119,2020-01-09,167,3160,3327
1119,2020-01-10,203,3272,3475
1119,2020-01-11,78,2920,2998
1119,2020-01-12,43,2205,2248
1119,2020-01-13,233,3070,3303
1119,2020-01-14,237,3092,3329
1119,2020-01-15,229,3165,3394
1119,2020-01-16,257,3293,3550
1119,2020-01-17,232,3240,3472
1119,2020-01-18,77,2707,2784
1119,2020-01-19,47,2075,2122
1119,2020-01-20,256,3117,3373
1119,2020-01-21,263,3262,3525
1119,2020-01-22,258,3145,3403
1119,2020-01-23,216,3302,3518
1119,2020-01-24,273,3495,3768
1119,2020-01-25,76,2626,2702
1119,2020-01-26,49,2240,2289
1119,2020-01-27,189,3103,3292
1119,2020-01-28,228,3250,3478
1119,2020-01-29,231,3176,3407
1119,2020-01-30,226,3277,3503
1119,2020-01-31,238,3314,3552
1119,2020-02-01,77,2854,2931
1119,2020-02-02,42,1982,2024
1119,2020-02-03,210,3053,3263
1119,2020-02-04,205,3339,3544
1119,2020-02-05,271,3249,3520
1119,2020-02-06,231,3295,3526
1119,2020-02-07,255,3476,3731
1119,2020-02-08,108,2898,3006
1119,2020-02-09,50,1792,1842
1119,2020-02-10,185,2585,2770
1119,2020-02-11,241,3189,3430
1119,2020-02-12,203,3185,3388
1119,2020-02-13,250,3333,3583
1119,2020-02-14,221,3288,3509
1119,2020-02-15,71,2516,2587
1119,2020-02-16,50,1779,1829
1119,2020-02-17,146,2554,2700
1119,2020-02-18,140,2631,2771
1119,2020-02-19,154,2626,2780
1119,2020-02-20,184,2579,2763
1119,2020-02-21,168,2768,2936
1119,2020-02-22,75,2321,2396
1119,2020-02-23,41,1832,1873
1119,2020-02-24,148,2473,2621
1119,2020-02-25,165,2849,3014
1119,2020-02-26,182,2895,3077
1119,2020-02-27,185,2850,3035
1119,2020-02-28,194,3147,3341
1119,2020-02-29,59,2488,2547
1119,2020-03-01,44,1910,1954
1119,2020-03-02,172,2728,2900
1119,2020-03-03,194,2946,3140
1119,2020-03-04,170,3117,3287
1119,2020-03-05,194,3136,3330
1119,2020-03-06,234,3342,3576
1119,2020-03-07,74,3030,3104
1119,2020-03-08,48,2263,2311
1119,2020-03-09,233,2959,3192
1119,2020-03-10,218,3024,3242
1119,2020-03-11,264,2997,3261
1119,2020-03-12,233,3114,3347
1119,2020-03-13,245,3192,3437
1119,2020-03-14,103,2360,2463
1119,2020-03-15,53,2173,2226
1119,2020-03-16,221,2598,2819
1119,2020-03-17,196,2247,2443
1119,2020-03-18,197,2026,2223
1119,2020-03-19,183,1707,1890
1119,2020-03-20,147,1734,1881
1119,2020-03-21,73,841,914
1119,2020-03-22,10,621,631
1119,2020-03-23,115,1303,1418
1119,2020-03-24,120,1217,1337
1119,2020-03-25,100,1282,1382
1119,2020-03-26,111,1269,1380
1119,2020-03-27,128,1368,1496
1119,2020-03-28,55,1042,1097
1119,2020-03-30,98,1279,1377
1119,2020-03-31,102,1201,1303
1119,2020-04-01,98,1343,1441
1119,2020-04-02,109,1310,1419
1119,2020-04-03,117,1374,1491
1119,2020-04-04,75,1054,1129
1119,2020-04-05,5,625,630
1119,2020-04-06,125,1405,1530
1119,2020-04-07,124,1452,1576
1119,2020-04-08,100,1390,1490
1119,2020-04-09,106,1445,1551
1119,2020-04-10,104,1550,1654
1119,2020-04-11,58,1287,1345
1119,2020-04-12,5,595,600
1119,2020-04-13,17,549,566
1119,2020-04-14,142,1447,1589
1119,2020-04-15,123,1448,1571
1119,2020-04-16,134,1499,1633
1119,2020-04-17,103,1795,1898
1119,2020-04-18,83,1317,1400
1119,2020-04-19,12,821,833
1119,2020-04-20,169,1773,1942
1119,2020-04-21,188,1767,1955
1119,2020-04-22,156,1865,2021
1119,2020-04-23,158,1908,2066
1119,2020-04-24,186,2118,2304
1119,2020-04-25,63,1980,2043
1119,2020-04-26,13,1327,1340
1119,2020-04-27,255,1998,2253
1119,2020-04-28,179,1907,2086
1119,2020-04-29,180,1948,2128
1119,2020-04-30,162,2355,2517
1119,2020-05-01,1,894,895
1119,2020-05-02,49,1727,1776
1119,2020-05-03,9,1269,1278
1119,2020-05-04,133,2178,2311
1119,2020-05-05,161,2375,2536
1119,2020-05-06,206,2447,2653
1119,2020-05-07,56,2592,2648
1119,2020-05-08,162,2740,2902
1119,2020-05-09,38,1222,1260
1119,2020-05-10,18,1098,1116
1119,2020-05-11,107,2089,2196
1119,2020-05-12,145,2538,2683
1119,2020-05-13,151,2457,2608
1119,2020-05-14,134,2635,2769
1119,2020-05-15,97,2618,2715
1119,2020-05-16,48,2812,2860
1119,2020-05-17,30,2578,2608
1119,2020-05-18,120,2865,2985
1119,2020-05-19,129,2940,3069
1119,2020-05-20,158,3278,3436
1119,2020-05-21,24,2484,2508
1119,2020-05-22,104,3058,3162
1119,2020-05-23,43,1815,1858
1119,2020-05-24,25,2114,2139
1119,2020-05-25,108,2567,2675
1119,2020-05-26,124,2806,2930
1119,2020-05-27,138,2955,3093
1119,2020-05-28,157,2954,3111
1119,2020-05-29,194,3339,3533
1119,2020-05-30,74,3009,3083
1119,2020-05-31,21,3034,3055
1119,2020-06-01,44,3037,3081
1119,2020-06-02,142,3182,3324
1119,2020-06-03,136,2829,2965
1119,2020-06-04,120,2071,2191
1119,2020-06-05,131,2591,2722
1119,2020-06-06,59,2244,2303
1119,2020-06-07,22,2076,2098
1119,2020-06-08,166,2721,2887
1119,2020-06-09,125,2300,2425
1119,2020-06-10,130,2835,2965
1119,2020-06-11,131,3459,3590
1119,2020-06-12,139,3372,3511
1119,2020-06-13,45,2658,2703
1119,2020-06-14,26,1841,1867
1119,2020-06-15,114,2380,2494
1119,2020-06-16,64,2060,2124
1119,2020-06-18,177,3032,3209
1119,2020-06-19,149,3139,3288
1119,2020-06-20,52,2598,2650
1119,2020-06-21,23,2752,2775
1119,2020-06-22,113,3005,3118
1119,2020-06-23,59,2418,2477
1119,2020-06-24,142,3098,3240
1119,2020-06-25,187,3216,3403
1119,2020-06-26,139,2791,2930
1119,2020-06-27,40,2533,2573
1119,2020-06-28,22,2430,2452
1119,2020-06-29,136,2689,2825
1119,2020-06-30,145,2990,3135
1119,2020-07-01,155,3009,3164
1119,2020-07-02,137,2634,2771
1119,2020-07-03,138,3072,3210
1119,2020-07-04,62,2897,2959
1119,2020-07-05,21,2372,2393
1119,2020-07-06,116,2671,2787
1119,2020-07-07,191,2868,3059
1119,2020-07-08,174,2566,2740
1119,2020-07-09,123,2651,2774
1119,2020-07-10,131,3024,3155
1119,2020-07-11,52,2719,2771
1119,2020-07-12,30,2751,2781
1119,2020-07-13,163,2873,3036
1119,2020-07-14,66,283,349
1119,2020-07-15,37,91,128
1119,2020-07-16,28,155,183
1119,2020-07-17,127,2604,2731
1119,2020-07-18,45,2501,2546
1119,2020-07-19,26,2281,2307
1119,2020-07-20,106,2367,2473
1119,2020-07-21,143,2640,2783
1119,2020-07-22,163,2706,2869
1119,2020-07-23,136,2622,2758
1119,2020-07-24,130,2932,3062
1119,2020-07-25,54,2813,2867
1119,2020-07-26,27,1939,1966
1119,2020-07-27,114,2679,2793
1119,2020-07-28,143,2473,2616
1119,2020-07-29,141,2777,2918
1119,2020-07-30,119,2744,2863
1119,2020-07-31,104,2856,2960
1119,2020-08-01,45,2219,2264
1119,2020-08-02,31,1964,1995
1119,2020-08-03,91,2376,2467
1119,2020-08-04,94,2538,2632
1119,2020-08-05,109,2762,2871
1119,2020-08-06,84,2710,2794
1119,2020-08-07,97,2893,2990
1119,2020-08-08,53,2274,2327
1119,2020-08-09,30,1943,1973
1119,2020-08-10,96,2287,2383
1119,2020-08-11,122,2479,2601
1119,2020-08-12,76,2002,2078
1119,2020-08-13,109,2512,2621
1119,2020-08-14,94,2713,2807
1119,2020-08-15,37,2119,2156
1119,2020-08-16,32,2317,2349
1119,2020-08-17,90,2496,2586
1119,2020-08-18,116,2367,2483
1119,2020-08-19,88,2779,2867
1119,2020-08-20,110,2846,2956
1119,2020-08-21,94,2830,2924
1119,2020-08-22,44,2700,2744
1119,2020-08-23,33,2391,2424
1119,2020-08-24,105,2563,2668
1119,2020-08-25,143,2974,3117
1119,2020-08-26,140,2683,2823
1119,2020-08-27,163,2900,3063
1119,2020-08-28,142,2579,2721
1119,2020-08-29,53,2324,2377
1119,2020-08-30,38,2105,2143
1119,2020-08-31,147,2121,2268
1119,2020-09-01,122,2090,2212
1119,2020-09-02,167,2586,2753
1119,2020-09-03,154,2882,3036
1119,2020-09-04,123,2797,2920
1119,2020-09-05,75,2522,2597
1119,2020-09-06,33,2442,2475
1119,2020-09-07,141,2858,2999
1119,2020-09-08,150,2912,3062
1119,2020-09-09,177,3010,3187
1119,2020-09-10,166,3067,3233
1119,2020-09-11,143,3198,3341
1119,2020-09-12,90,2788,2878
1119,2020-09-13,51,3010,3061
1119,2020-09-14,155,3164,3319
1119,2020-09-15,164,3363,3527
1119,2020-09-16,150,2792,2942
1119,2020-09-17,184,3820,4004
1119,2020-09-18,187,3728,3915
1119,2020-09-19,180,3435,3615
1119,2020-09-20,69,2988,3057
1119,2020-09-21,208,3349,3557
1119,2020-09-22,218,3595,3813
1119,2020-09-23,223,3410,3633
1119,2020-09-24,213,3444,3657
1119,2020-09-25,152,3502,3654
1119,2020-09-26,80,2709,2789
1119,2020-09-27,44,2026,2070
1119,2020-09-28,208,3118,3326
1119,2020-09-29,185,3277,3462
1119,2020-09-30,245,3373,3618
1119,2020-10-01,248,3452,3700
1119,2020-10-02,217,3448,3665
1119,2020-10-03,81,2872,2953
1119,2020-10-04,45,2306,2351
1119,2020-10-05,192,3046,3238
1119,2020-10-06,223,3319,3542
1119,2020-10-07,232,3189,3421
1119,2020-10-08,236,3411,3647
1119,2020-10-09,231,3348,3579
1119,2020-10-10,98,2936,3034
1119,2020-10-11,45,2278,2323
1119,2020-10-12,221,3135,3356
1119,2020-10-13,271,3285,3556
1119,2020-10-14,265,3215,3480
1119,2020-10-15,311,3313,3624
1119,2020-10-16,265,3397,3662
1119,2020-10-17,107,2851,2958
1119,2020-10-18,52,2233,2285
1119,2020-10-19,285,3108,3393
1119,2020-10-20,330,3181,3511
1119,2020-10-21,295,3229,3524
1119,2020-10-22,264,3379,3643
1119,2020-10-23,264,3291,3555
1119,2020-10-24,127,2483,2610
1119,2020-10-25,53,1787,1840
1119,2020-10-26,296,2988,3284
1119,2020-10-27,315,3106,3421
1119,2020-10-28,307,3124,3431
1119,2020-10-29,297,3269,3566
1119,2020-10-30,310,3287,3597
1119,2020-11-01,54,1580,1634
1119,2020-11-02,235,2743,2978
1119,2020-11-03,227,3079,3306
1119,2020-11-04,260,3544,3804
1119,2020-11-05,259,3636,3895
1119,2020-11-06,269,3707,3976
1119,2020-11-07,150,3234,3384
1119,2020-11-08,73,2594,2667
1119,2020-11-09,255,3036,3291
1119,2020-11-10,304,3218,3522
1119,2020-11-11,262,3182,3444
1119,2020-11-12,296,3182,3478
1119,2020-11-13,348,3165,3513
1119,2020-11-14,99,2915,3014
1119,2020-11-15,50,2015,2065
1119,2020-11-16,308,3075,3383
1119,2020-11-17,309,3273,3582
1119,2020-11-18,306,3385,3691
1119,2020-11-19,286,3334,3620
1119,2020-11-20,297,3490,3787
1119,2020-11-21,119,2768,2887
1119,2020-11-22,48,2036,2084
1119,2020-11-23,226,2877,3103
1119,2020-11-24,244,2975,3219
1119,2020-11-25,219,3018,3237
1119,2020-11-26,227,2885,3112
1119,2020-11-27,257,3107,3364
1119,2020-11-28,100,2566,2666
1119,2020-11-29,49,1827,1876
1119,2020-11-30,239,2890,3129
1119,2020-12-01,254,2923,3177
1119,2020-12-02,267,2946,3213
1119,2020-12-03,278,3016,3294
1119,2020-12-04,298,3052,3350
1119,2020-12-05,113,2439,2552
1119,2020-12-06,54,1617,1671
1119,2020-12-07,258,2702,2960
1119,2020-12-08,263,2916,3179
1119,2020-12-09,262,2799,3061
1119,2020-12-10,253,2962,3215
1119,2020-12-11,254,2903,3157
1119,2020-12-12,107,2359,2466
1119,2020-12-13,43,1642,1685
1119,2020-12-14,278,2804,3082
1119,2020-12-15,231,3050,3281
1119,2020-12-16,205,3006,3211
1119,2020-12-17,263,2952,3215
1119,2020-12-18,222,3041,3263
1119,2020-12-19,92,2354,2446
1119,2020-12-20,50,1573,1623
1119,2020-12-21,128,2741,2869
1119,2020-12-22,132,3006,3138
1119,2020-12-23,92,2678,2770
1119,2020-12-24,109,2486,2595
1119,2020-12-25,40,1243,1283
1119,2020-12-26,50,1359,1409
1119,2020-12-27,46,1177,1223
1119,2020-12-28,126,2044,2170
1119,2020-12-29,126,2182,2308
1119,2020-12-30,106,2447,2553
1119,2020-12-31,94,1885,1979
1202,2020-01-01,77,2454,2531
1202,2020-01-02,209,4836,5045
1202,2020-01-03,215,5112,5327
1202,2020-01-04,145,4545,4690
1202,2020-01-05,69,3404,3473
1202,2020-01-06,323,6750,7073
1202,2020-01-07,338,7116,7454
1202,2020-01-08,263,6694,6957
1202,2020-01-09,264,6680,6944
1202,2020-01-10,287,7038,7325
1202,2020-01-11,162,6023,6185
1202,2020-01-12,65,3548,3613
1202,2020-01-13,296,6816,7112
1202,2020-01-14,370,7350,7720
1202,2020-01-15,363,6982,7345
1202,2020-01-16,334,7424,7758
1202,2020-01-17,310,7230,7540
1202,2020-01-18,173,6282,6455
1202,2020-01-19,78,3532,3610
1202,2020-01-20,374,7004,7378
1202,2020-01-21,399,7294,7693
1202,2020-01-22,360,7216,7576
1202,2020-01-23,389,7562,7951
1202,2020-01-24,392,7344,7736
1202,2020-01-25,165,5862,6027
1202,2020-01-26,71,3831,3902
1202,2020-01-27,288,6565,6853
1202,2020-01-28,410,6622,7032
1202,2020-01-29,373,7138,7511
1202,2020-01-30,383,7637,8020
1202,2020-01-31,358,7540,7898
1202,2020-02-01,170,5614,5784
1202,2020-02-02,60,3720,3780
1202,2020-02-03,334,6461,6795
1202,2020-02-04,370,7575,7945
1202,2020-02-05,396,7156,7552
1202,2020-02-06,407,7434,7841
1202,2020-02-07,389,7455,7844
1202,2020-02-08,191,6007,6198
1202,2020-02-09,82,3224,3306
1202,2020-02-10,358,6294,6652
1202,2020-02-11,378,7447,7825
1202,2020-02-12,335,7252,7587
1202,2020-02-13,385,7466,7851
1202,2020-02-14,351,7227,7578
1202,2020-02-15,180,4900,5080
1202,2020-02-16,71,2988,3059
1202,2020-02-17,334,5862,6196
1202,2020-02-18,334,6265,6599
1202,2020-02-19,407,6453,6860
1202,2020-02-20,342,6043,6385
1202,2020-02-21,352,6055,6407
1202,2020-02-22,171,4845,5016
1202,2020-02-23,66,3171,3237
1202,2020-02-24,311,6818,7129
1202,2020-02-25,395,7287,7682
1202,2020-02-26,378,7248,7626
1202,2020-02-27,335,6054,6389
1202,2020-02-28,378,7587,7965
1202,2020-02-29,194,5462,5656
1202,2020-03-01,79,3526,3605
1202,2020-03-02,396,6650,7046
1202,2020-03-03,406,7466,7872
1202,2020-03-04,396,7105,7501
1202,2020-03-05,282,5441,5723
1202,2020-03-06,359,7375,7734
1202,2020-03-07,193,6090,6283
1202,2020-03-08,66,3732,3798
1202,2020-03-09,354,6914,7268
1202,2020-03-10,325,7201,7526
1202,2020-03-11,367,7020,7387
1202,2020-03-12,364,7169,7533
1202,2020-03-13,373,6831,7204
1202,2020-03-14,188,4142,4330
1202,2020-03-15,67,2590,2657
1202,2020-03-16,371,4794,5165
1202,2020-03-17,363,4292,4655
1202,2020-03-18,362,3777,4139
1202,2020-03-19,277,3121,3398
1202,2020-03-20,248,3176,3424
1202,2020-03-21,144,1305,1449
1202,2020-03-22,17,967,984
1202,2020-03-23,220,2577,2797
1202,2020-03-24,234,2521,2755
1202,2020-03-25,230,2429,2659
1202,2020-03-26,238,2574,2812
1202,2020-03-27,221,2736,2957
1202,2020-03-28,145,1721,1866
1202,2020-03-30,226,2408,2634
1202,2020-03-31,255,2415,2670
1202,2020-04-01,238,2460,2698
1202,2020-04-02,234,2674,2908
1202,2020-04-03,222,2694,2916
1202,2020-04-04,144,1741,1885
1202,2020-04-05,17,964,981
1202,2020-04-06,232,2416,2648
1202,2020-04-07,241,2497,2738
1202,2020-04-08,226,2573,2799
1202,2020-04-09,236,2830,3066
1202,2020-04-10,208,2926,3134
1202,2020-04-11,147,2045,2192
1202,2020-04-12,9,1019,1028
1202,2020-04-13,21,905,926
1202,2020-04-14,244,2719,2963
1202,2020-04-15,242,2854,3096
1202,2020-04-16,252,2861,3113
1202,2020-04-17,230,3114,3344
1202,2020-04-18,147,2060,2207
1202,2020-04-19,19,1333,1352
1202,2020-04-20,293,3654,3947
1202,2020-04-21,332,3730,4062
1202,2020-04-22,347,3892,4239
1202,2020-04-23,377,3937,4314
1202,2020-04-24,354,4236,4590
1202,2020-04-25,174,3212,3386
1202,2020-04-26,15,1706,1721
1202,2020-04-27,383,4259,4642
1202,2020-04-28,389,4102,4491
1202,2020-04-29,389,4353,4742
1202,2020-04-30,434,4196,4630
1202,2020-05-01,30,1605,1635
1202,2020-05-02,189,3318,3507
1202,2020-05-03,15,1699,1714
1202,2020-05-04,454,4489,4943
1202,2020-05-05,403,4720,5123
1202,2020-05-06,394,4682,5076
1202,2020-05-07,388,4785,5173
1202,2020-05-08,415,5246,5661
1202,2020-05-09,68,2154,2222
1202,2020-05-10,61,1837,1898
1202,2020-05-11,394,5113,5507
1202,2020-05-12,422,5529,5951
1202,2020-05-13,469,5524,5993
1202,2020-05-14,438,5720,6158
1202,2020-05-15,403,6053,6456
1202,2020-05-16,213,4523,4736
1202,2020-05-17,76,2961,3037
1202,2020-05-18,391,5623,6014
1202,2020-05-19,426,5912,6338
1202,2020-05-20,395,6592,6987
1202,2020-05-21,67,2974,3041
1202,2020-05-22,331,6231,6562
1202,2020-05-23,167,4246,4413
1202,2020-05-24,75,2698,2773
1202,2020-05-25,392,6918,7310
1202,2020-05-26,375,6799,7174
1202,2020-05-27,380,6677,7057
1202,2020-05-28,409,6901,7310
1202,2020-05-29,427,7008,7435
1202,2020-05-30,233,5353,5586
1202,2020-05-31,67,3229,3296
1202,2020-06-01,73,3207,3280
1202,2020-06-02,367,6510,6877
1202,2020-06-03,384,6354,6738
1202,2020-06-04,366,6030,6396
1202,2020-06-05,342,6401,6743
1202,2020-06-06,201,5045,5246
1202,2020-06-07,67,3036,3103
1202,2020-06-08,416,6285,6701
1202,2020-06-09,414,6382,6796
1202,2020-06-10,394,6391,6785
1202,2020-06-11,374,6898,7272
1202,2020-06-12,392,6586,6978
1202,2020-06-13,205,5563,5768
1202,2020-06-14,73,3617,3690
1202,2020-06-15,376,6757,7133
1202,2020-06-16,385,6930,7315
1202,2020-06-17,358,5919,6277
1202,2020-06-18,388,7114,7502
1202,2020-06-19,425,7230,7655
1202,2020-06-20,197,5232,5429
1202,2020-06-21,66,3341,3407
1202,2020-06-22,340,6580,6920
1202,2020-06-23,88,3165,3253
1202,2020-06-24,418,6836,7254
1202,2020-06-25,431,6969,7400
1202,2020-06-26,386,6288,6674
1202,2020-06-27,181,5301,5482
1202,2020-06-28,70,3390,3460
1202,2020-06-29,449,6754,7203
1202,2020-06-30,469,6895,7364
1202,2020-07-01,456,6879,7335
1202,2020-07-02,405,6929,7334
1202,2020-07-03,384,7149,7533
1202,2020-07-04,216,5376,5592
1202,2020-07-05,67,3124,3191
1202,2020-07-06,378,6597,6975
1202,2020-07-07,417,6887,7304
1202,2020-07-08,421,6993,7414
1202,2020-07-09,407,7311,7718
1202,2020-07-10,370,6994,7364
1202,2020-07-11,225,5243,5468
1202,2020-07-12,77,3663,3740
1202,2020-07-13,421,6622,7043
1202,2020-07-14,442,7037,7479
1202,2020-07-15,372,7082,7454
1202,2020-07-16,364,6879,7243
1202,2020-07-17,364,6855,7219
1202,2020-07-18,197,5180,5377
1202,2020-07-19,75,3296,3371
1202,2020-07-20,391,6477,6868
1202,2020-07-21,418,6588,7006
1202,2020-07-22,379,6713,7092
1202,2020-07-23,381,6625,7006
1202,2020-07-24,383,6522,6905
1202,2020-07-25,264,4811,5075
1202,2020-07-26,74,3209,3283
1202,2020-07-27,392,6334,6726
1202,2020-07-28,369,6229,6598
1202,2020-07-29,358,6512,6870
1202,2020-07-30,351,6531,6882
1202,2020-07-31,297,6102,6399
1202,2020-08-01,165,4342,4507
1202,2020-08-02,73,3152,3225
1202,2020-08-03,288,5565,5853
1202,2020-08-04,282,5818,6100
1202,2020-08-05,254,5709,5963
1202,2020-08-06,273,5848,6121
1202,2020-08-07,279,5710,5989
1202,2020-08-08,152,4164,4316
1202,2020-08-09,67,2731,2798
1202,2020-08-10,268,5216,5484
1202,2020-08-11,266,5459,5725
1202,2020-08-12,271,5354,5625
1202,2020-08-13,249,5654,5903
1202,2020-08-14,258,5699,5957
1202,2020-08-15,81,3030,3111
1202,2020-08-16,69,2877,2946
1202,2020-08-17,263,5466,5729
1202,2020-08-18,297,5766,6063
1202,2020-08-19,266,5610,5876
1202,2020-08-20,263,5723,5986
1202,2020-08-21,270,5708,5978
1202,2020-08-22,159,4467,4626
1202,2020-08-23,75,3057,3132
1202,2020-08-24,319,5671,5990
1202,2020-08-25,329,5963,6292
1202,2020-08-26,328,5931,6259
1202,2020-08-27,341,6136,6477
1202,2020-08-28,314,6069,6383
1202,2020-08-29,174,4521,4695
1202,2020-08-30,69,3157,3226
1202,2020-08-31,325,5964,6289
1202,2020-09-01,316,5955,6271
1202,2020-09-02,341,6029,6370
1202,2020-09-03,341,6234,6575
1202,2020-09-04,339,6381,6720
1202,2020-09-05,196,4663,4859
1202,2020-09-06,79,3163,3242
1202,2020-09-07,351,6504,6855
1202,2020-09-08,398,6889,7287
1202,2020-09-09,331,6807,7138
1202,2020-09-10,387,6684,7071
1202,2020-09-11,394,6934,7328
1202,2020-09-12,212,5140,5352
1202,2020-09-13,95,3674,3769
1202,2020-09-14,436,6680,7116
1202,2020-09-15,413,7218,7631
1202,2020-09-16,397,6956,7353
1202,2020-09-17,411,7505,7916
1202,2020-09-18,420,7443,7863
1202,2020-09-19,220,5830,6050
1202,2020-09-20,104,3986,4090
1202,2020-09-21,400,7090,7490
1202,2020-09-22,420,7504,7924
1202,2020-09-23,416,7228,7644
1202,2020-09-24,432,7554,7986
1202,2020-09-25,382,7494,7876
1202,2020-09-26,180,5838,6018
1202,2020-09-27,91,3108,3199
1202,2020-09-28,350,6768,7118
1202,2020-09-29,402,7508,7910
1202,2020-09-30,410,7243,7653
1202,2020-10-01,410,7522,7932
1202,2020-10-02,364,7038,7402
1202,2020-10-03,192,5975,6167
1202,2020-10-04,96,3332,3428
1202,2020-10-05,335,6432,6767
1202,2020-10-06,377,7443,7820
1202,2020-10-07,383,7116,7499
1202,2020-10-08,409,7537,7946
1202,2020-10-09,331,7026,7357
1202,2020-10-10,199,5808,6007
1202,2020-10-11,94,3465,3559
1202,2020-10-12,358,7006,7364
1202,2020-10-13,425,7488,7913
1202,2020-10-14,405,7134,7539
1202,2020-10-15,391,7685,8076
1202,2020-10-16,377,7400,7777
1202,2020-10-17,230,5919,6149
1202,2020-10-18,115,3463,3578
1202,2020-10-19,444,6928,7372
1202,2020-10-20,413,7514,7927
1202,2020-10-21,405,7223,7628
1202,2020-10-22,376,7538,7914
1202,2020-10-23,389,7061,7450
1202,2020-10-24,226,5336,5562
1202,2020-10-25,93,2923,3016
1202,2020-10-26,406,6766,7172
1202,2020-10-27,463,7073,7536
1202,2020-10-28,416,6284,6700
1202,2020-10-29,392,7121,7513
1202,2020-10-30,419,7206,7625
1202,2020-11-01,84,2533,2617
1202,2020-11-02,373,6295,6668
1202,2020-11-03,393,6403,6796
1202,2020-11-04,379,6404,6783
1202,2020-11-05,363,6547,6910
1202,2020-11-06,451,6557,7008
1202,2020-11-07,195,4892,5087
1202,2020-11-08,97,2929,3026
1202,2020-11-09,403,6677,7080
1202,2020-11-10,430,7070,7500
1202,2020-11-11,456,6912,7368
1202,2020-11-12,416,6915,7331
1202,2020-11-13,395,7072,7467
1202,2020-11-14,199,5620,5819
1202,2020-11-15,93,3059,3152
1202,2020-11-16,487,7572,8059
1202,2020-11-17,563,8176,8739
1202,2020-11-18,539,7992,8531
1202,2020-11-19,538,8331,8869
1202,2020-11-20,562,8436,8998
1202,2020-11-21,348,6932,7280
1202,2020-11-22,140,3755,3895
1202,2020-11-23,598,8082,8680
1202,2020-11-24,563,8113,8676
1202,2020-11-25,560,8078,8638
1202,2020-11-26,551,8008,8559
1202,2020-11-27,560,8157,8717
1202,2020-11-28,298,5724,6022
1202,2020-11-29,157,3266,3423
1202,2020-11-30,585,7353,7938
1202,2020-12-01,593,7102,7695
1202,2020-12-02,552,7297,7849
1202,2020-12-03,508,7644,8152
1202,2020-12-04,524,7724,8248
1202,2020-12-05,294,5627,5921
1202,2020-12-06,147,3144,3291
1202,2020-12-07,557,7163,7720
1202,2020-12-08,487,6899,7386
1202,2020-12-09,574,7225,7799
1202,2020-12-10,602,7763,8365
1202,2020-12-11,509,7266,7775
1202,2020-12-12,276,5461,5737
1202,2020-12-13,135,3177,3312
1202,2020-12-14,575,7391,7966
1202,2020-12-15,522,7474,7996
1202,2020-12-16,524,7521,8045
1202,2020-12-17,576,7961,8537
1202,2020-12-18,523,8020,8543
1202,2020-12-19,254,5557,5811
1202,2020-12-20,151,3196,3347
1202,2020-12-21,413,6603,7016
1202,2020-12-22,395,6850,7245
1202,2020-12-23,386,6486,6872
1202,2020-12-24,250,5030,5280
1202,2020-12-25,114,2475,2589
1202,2020-12-26,137,2472,2609
1202,2020-12-27,128,2054,2182
1202,2020-12-28,363,4219,4582
1202,2020-12-29,382,4362,4744
1202,2020-12-30,343,4987,5330
1202,2020-12-31,298,3886,4184
1204,2020-01-01,120,6613,6733
1204,2020-01-02,488,12010,12498
1204,2020-01-03,485,12258,12743
1204,2020-01-04,275,10567,10842
1204,2020-01-05,133,8041,8174
1204,2020-01-06,727,15865,16592
1204,2020-01-07,809,16191,17000
1204,2020-01-08,765,15814,16579
1204,2020-01-09,829,15697,16526
1204,2020-01-10,796,16434,17230
1204,2020-01-11,406,12826,13232
1204,2020-01-12,130,8948,9078
1204,2020-01-13,878,16016,16894
1204,2020-01-14,979,16938,17917
1204,2020-01-15,1058,17202,18260
1204,2020-01-16,1062,17723,18785
1204,2020-01-17,999,17300,18299
1204,2020-01-18,363,13386,13749
1204,2020-01-19,138,9369,9507
1204,2020-01-20,1266,16682,17948
1204,2020-01-21,1353,17183,18536
1204,2020-01-22,1020,17320,18340
1204,2020-01-23,1076,17465,18541
1204,2020-01-24,1042,17662,18704
1204,2020-01-25,338,13601,13939
1204,2020-01-26,118,9420,9538
1204,2020-01-27,906,15076,15982
1204,2020-01-28,933,15607,16540
1204,2020-01-29,1000,17165,18165
1204,2020-01-30,1048,17405,18453
1204,2020-01-31,959,17512,18471
1204,2020-02-01,331,12051,12382
1204,2020-02-02,110,8795,8905
1204,2020-02-03,1002,15825,16827
1204,2020-02-04,1032,17126,18158
1204,2020-02-05,1107,17024,18131
1204,2020-02-06,1216,17678,18894
1204,2020-02-07,1096,17949,19045
1204,2020-02-08,403,13515,13918
1204,2020-02-09,131,7550,7681
1204,2020-02-10,914,13446,14360
1204,2020-02-11,1073,16556,17629
1204,2020-02-12,1039,17092,18131
1204,2020-02-13,1031,17431,18462
1204,2020-02-14,998,17662,18660
1204,2020-02-15,371,11908,12279
1204,2020-02-16,117,7989,8106
1204,2020-02-17,963,14753,15716
1204,2020-02-18,1050,15270,16320
1204,2020-02-19,1127,14825,15952
1204,2020-02-20,1009,14799,15808
1204,2020-02-21,1063,15045,16108
1204,2020-02-22,382,12081,12463
1204,2020-03-05,1174,16973,18147
1204,2020-03-06,1192,17778,18970
1204,2020-03-07,421,14028,14449
1204,2020-03-08,133,9133,9266
1204,2020-03-09,1137,16504,17641
1204,2020-03-10,1058,16656,17714
1204,2020-03-11,1158,17000,18158
1204,2020-03-12,1163,16954,18117
1204,2020-03-13,1260,16508,17768
1204,2020-03-14,421,10069,10490
1204,2020-03-15,141,8007,8148
1204,2020-03-16,1230,12181,13411
1204,2020-03-17,1231,10882,12113
1204,2020-03-18,1169,9384,10553
1204,2020-03-19,935,7792,8727
1204,2020-03-20,766,7205,7971
1204,2020-03-21,278,3055,3333
1204,2020-03-22,84,2289,2373
1204,2020-03-23,581,5837,6418
1204,2020-03-24,600,5682,6282
1204,2020-03-25,562,5743,6305
1204,2020-03-26,554,5694,6248
1204,2020-03-27,554,6002,6556
1204,2020-03-28,221,3850,4071
1204,2020-03-30,501,5614,6115
1204,2020-03-31,593,5666,6259
1204,2020-04-01,578,5693,6271
1204,2020-04-02,570,5867,6437
1204,2020-04-03,551,5992,6543
1204,2020-04-04,259,3545,3804
1204,2020-04-05,64,2538,2602
1204,2020-04-06,609,5771,6380
1204,2020-04-07,621,5846,6467
1204,2020-04-08,567,5901,6468
1204,2020-04-09,592,6206,6798
1204,2020-04-10,456,6299,6755
1204,2020-04-11,204,4066,4270
1204,2020-04-12,51,2443,2494
1204,2020-04-13,69,2197,2266
1204,2020-04-14,573,6138,6711
1204,2020-04-15,616,6396,7012
1204,2020-04-16,621,6501,7122
1204,2020-04-17,586,7112,7698
1204,2020-04-18,278,4214,4492
1204,2020-04-19,75,3209,3284
1204,2020-04-20,811,8685,9496
1204,2020-04-21,886,8816,9702
1204,2020-04-22,997,9180,10177
1204,2020-04-23,1023,9343,10366
1204,2020-04-24,1040,9819,10859
1204,2020-04-25,342,7034,7376
1204,2020-04-26,69,4833,4902
1204,2020-04-27,1184,10118,11302
1204,2020-04-28,1164,10126,11290
1204,2020-04-29,1198,10365,11563
1204,2020-04-30,1103,10909,12012
1204,2020-05-01,87,3921,4008
1204,2020-05-02,363,6950,7313
1204,2020-05-03,56,4870,4926
1204,2020-05-04,1091,10980,12071
1204,2020-05-05,1131,11196,12327
1204,2020-05-06,1208,11546,12754
1204,2020-05-07,1124,11627,12751
1204,2020-05-08,1070,12435,13505
1204,2020-05-09,171,5524,5695
1204,2020-05-10,85,4618,4703
1204,2020-05-11,1085,13049,14134
1204,2020-05-12,1239,13629,14868
1204,2020-05-13,1278,13720,14998
1204,2020-05-14,1212,13859,15071
1204,2020-05-15,1209,14786,15995
1204,2020-05-16,483,11574,12057
1204,2020-05-17,111,9425,9536
1204,2020-05-18,1202,13896,15098
1204,2020-05-19,1246,14618,15864
1204,2020-05-20,1176,15826,17002
1204,2020-05-21,142,11273,11415
1204,2020-05-22,864,14652,15516
1204,2020-05-23,388,9951,10339
1204,2020-05-24,136,8265,8401
1204,2020-05-25,1069,14682,15751
1204,2020-05-26,1249,15278,16527
1204,2020-05-27,1170,15459,16629
1204,2020-05-28,1212,15867,17079
1204,2020-05-29,1150,16699,17849
1204,2020-05-30,462,13331,13793
1204,2020-05-31,111,11965,12076
1204,2020-06-01,136,12327,12463
1204,2020-06-02,1119,16156,17275
1204,2020-06-03,1224,15844,17068
1204,2020-06-04,1199,15018,16217
1204,2020-06-05,1069,15194,16263
1204,2020-06-06,455,11298,11753
1204,2020-06-07,119,9194,9313
1204,2020-06-08,1261,15310,16571
1204,2020-06-09,1193,16178,17371
1204,2020-06-10,1133,16180,17313
1204,2020-06-11,1032,16838,17870
1204,2020-06-12,1169,16988,18157
1204,2020-06-13,407,13039,13446
1204,2020-06-14,131,10088,10219
1204,2020-06-15,1056,15939,16995
1204,2020-06-16,1172,16533,17705
1204,2020-06-17,1060,15204,16264
1204,2020-06-18,1195,16829,18024
1204,2020-06-19,1187,17407,18594
1204,2020-06-20,398,12641,13039
1204,2020-06-21,125,10639,10764
1204,2020-06-22,902,15371,16273
1204,2020-06-23,301,11062,11363
1204,2020-06-24,1296,16817,18113
1204,2020-06-25,1207,17061,18268
1204,2020-06-26,1156,16731,17887
1204,2020-06-27,466,13498,13964
1204,2020-06-28,159,10462,10621
1204,2020-06-29,1236,16476,17712
1204,2020-06-30,1239,17024,18263
1204,2020-07-01,1185,16976,18161
1204,2020-07-02,1170,17140,18310
1204,2020-07-03,1156,18034,19190
1204,2020-07-04,424,13370,13794
1204,2020-07-05,111,9371,9482
1204,2020-07-06,1049,16279,17328
1204,2020-07-07,1058,17045,18103
1204,2020-07-08,1121,17306,18427
1204,2020-07-09,1161,17327,18488
1204,2020-07-10,1083,17394,18477
1204,2020-07-11,443,14243,14686
1204,2020-07-12,157,12745,12902
1204,2020-07-13,1064,16735,17799
1204,2020-07-14,1105,17081,18186
1204,2020-07-15,945,17036,17981
1204,2020-07-16,986,16488,17474
1204,2020-07-17,1065,16854,17919
1204,2020-07-18,394,13656,14050
1204,2020-07-19,153,11269,11422
1204,2020-07-20,990,15756,16746
1204,2020-07-21,1100,16371,17471
1204,2020-07-22,1025,16542,17567
1204,2020-07-23,1080,16513,17593
1204,2020-07-24,1073,16557,17630
1204,2020-07-25,479,13023,13502
1204,2020-07-26,157,9751,9908
1204,2020-07-27,1061,15803,16864
1204,2020-07-28,1039,16090,17129
1204,2020-07-29,1043,16542,17585
1204,2020-07-30,961,16233,17194
1204,2020-07-31,759,15747,16506
1204,2020-08-01,305,11691,11996
1204,2020-08-02,145,10490,10635
1204,2020-08-03,680,13976,14656
1204,2020-08-04,705,14855,15560
1204,2020-08-05,697,14941,15638
1204,2020-08-06,699,14823,15522
1204,2020-08-07,681,14615,15296
1204,2020-08-08,315,11623,11938
1204,2020-08-09,117,9785,9902
1204,2020-08-10,643,13557,14200
1204,2020-08-11,683,14069,14752
1204,2020-08-12,636,13934,14570
1204,2020-08-13,634,14360,14994
1204,2020-08-14,628,14528,15156
1204,2020-08-15,140,10391,10531
1204,2020-08-16,127,9561,9688
1204,2020-08-17,668,13764,14432
1204,2020-08-18,723,14301,15024
1204,2020-08-19,733,14774,15507
1204,2020-08-20,689,14892,15581
1204,2020-08-21,763,14821,15584
1204,2020-08-22,300,12382,12682
1204,2020-08-23,134,10407,10541
1204,2020-08-24,884,14639,15523
1204,2020-08-25,1014,15138,16152
1204,2020-08-26,984,14946,15930
1204,2020-08-27,1021,15923,16944
1204,2020-08-28,951,15506,16457
1204,2020-08-29,473,12492,12965
1204,2020-08-30,150,9789,9939
1204,2020-08-31,946,14978,15924
1204,2020-09-01,1046,14789,15835
1204,2020-09-02,1090,15609,16699
1204,2020-09-03,1076,15944,17020
1204,2020-09-04,1066,16219,17285
1204,2020-09-05,509,12572,13081
1204,2020-09-06,181,10371,10552
1204,2020-09-07,1114,15997,17111
1204,2020-09-08,1176,16942,18118
1204,2020-09-09,1100,16636,17736
1204,2020-09-10,1131,16609,17740
1204,2020-09-11,1148,17109,18257
1204,2020-09-12,435,13703,14138
1204,2020-09-13,171,12511,12682
1204,2020-09-14,1214,16461,17675
1204,2020-09-15,1172,17087,18259
1204,2020-09-16,1217,17118,18335
1204,2020-09-17,1239,17887,19126
1204,2020-09-18,1180,18204,19384
1204,2020-09-19,551,14278,14829
1204,2020-09-20,185,11877,12062
1204,2020-09-21,1135,16913,18048
1204,2020-09-22,1216,17604,18820
1204,2020-09-23,1208,17313,18521
1204,2020-09-24,1204,17579,18783
1204,2020-09-25,1085,17598,18683
1204,2020-09-26,446,12975,13421
1204,2020-09-27,161,8331,8492
1204,2020-09-28,1048,16339,17387
1204,2020-09-29,1105,17267,18372
1204,2020-09-30,1187,17392,18579
1204,2020-10-01,1267,17316,18583
1204,2020-10-02,1135,17313,18448
1204,2020-10-03,356,12954,13310
1204,2020-10-04,153,8837,8990
1204,2020-10-05,990,15549,16539
1204,2020-10-06,1051,16366,17417
1204,2020-10-07,1199,16848,18047
1204,2020-10-08,1070,17148,18218
1204,2020-10-09,910,16576,17486
1204,2020-10-10,437,13681,14118
1204,2020-10-11,132,9867,9999
1204,2020-10-12,1108,16733,17841
1204,2020-10-13,1256,17238,18494
1204,2020-10-14,1159,17302,18461
1204,2020-10-15,1318,17719,19037
1204,2020-10-16,1160,17909,19069
1204,2020-10-17,532,13341,13873
1204,2020-10-18,188,10564,10752
1204,2020-10-19,1289,16818,18107
1204,2020-10-20,1300,17144,18444
1204,2020-10-21,1288,17256,18544
1204,2020-10-22,1132,17517,18649
1204,2020-10-23,1108,17082,18190
1204,2020-10-24,479,12662,13141
1204,2020-10-25,164,8083,8247
1204,2020-10-26,1199,16652,17851
1204,2020-10-27,1310,17038,18348
1204,2020-10-28,1237,16766,18003
1204,2020-10-29,1316,17024,18340
1204,2020-10-30,1265,17275,18540
1204,2020-11-01,132,6095,6227
1204,2020-11-02,1211,14959,16170
1204,2020-11-03,1258,15888,17146
1204,2020-11-04,1203,16125,17328
1204,2020-11-05,1150,16419,17569
1204,2020-11-06,1295,16515,17810
1204,2020-11-07,516,13221,13737
1204,2020-11-08,146,8511,8657
1204,2020-11-09,1168,15835,17003
1204,2020-11-10,1217,16669,17886
1204,2020-11-11,1153,16603,17756
1204,2020-11-12,1140,16333,17473
1204,2020-11-13,1131,17243,18374
1204,2020-11-14,410,13749,14159
1204,2020-11-15,133,8020,8153
1204,2020-11-16,1046,16157,17203
1204,2020-11-17,1258,17142,18400
1204,2020-11-18,1269,17503,18772
1204,2020-11-19,1187,17130,18317
1204,2020-11-20,1193,17990,19183
1204,2020-11-21,542,14347,14889
1204,2020-11-22,175,8794,8969
1204,2020-11-23,1225,16924,18149
1204,2020-11-24,1210,17214,18424
1204,2020-11-25,1309,17353,18662
1204,2020-11-26,1315,17131,18446
1204,2020-11-27,1184,17769,18953
1204,2020-11-28,478,12516,12994
1204,2020-11-29,163,8078,8241
1204,2020-11-30,1149,16344,17493
1204,2020-12-01,1148,16191,17339
1204,2020-12-02,1148,16391,17539
1204,2020-12-03,1085,16393,17478
1204,2020-12-04,1094,16956,18050
1204,2020-12-05,432,11875,12307
1204,2020-12-06,162,7340,7502
1204,2020-12-07,1163,16187,17350
1204,2020-12-08,1205,16032,17237
1204,2020-12-09,1213,16284,17497
1204,2020-12-10,1347,17151,18498
1204,2020-12-11,1058,16409,17467
1204,2020-12-12,376,10981,11357
1204,2020-12-13,159,7444,7603
1204,2020-12-14,1193,16761,17954
1204,2020-12-15,1128,16419,17547
1204,2020-12-16,1181,17127,18308
1204,2020-12-17,1193,17357,18550
1204,2020-12-18,1036,17862,18898
1204,2020-12-19,449,12218,12667
1204,2020-12-20,182,7625,7807
1204,2020-12-21,782,14631,15413
1204,2020-12-22,747,13916,14663
1204,2020-12-23,615,13172,13787
1204,2020-12-24,397,10462,10859
1204,2020-12-25,143,6015,6158
1204,2020-12-26,158,6213,6371
1204,2020-12-27,128,3074,3202
1204,2020-12-28,553,9392,9945
1204,2020-12-29,602,9848,10450
1204,2020-12-30,581,10522,11103
1204,2020-12-31,399,7815,8214
1206,2020-02-20,64,1966,2030
1206,2020-02-21,71,1843,1914
1206,2020-02-22,50,1329,1379
1206,2020-02-23,7,1128,1135
1206,2020-02-24,75,2332,2407
1206,2020-02-25,91,2696,2787
1206,2020-02-26,71,2537,2608
1206,2020-02-27,49,1841,1890
1206,2020-02-28,71,2363,2434
1206,2020-02-29,51,1523,1574
1206,2020-03-01,6,1228,1234
1206,2020-03-02,61,2490,2551
1206,2020-03-03,79,2690,2769
1206,2020-03-04,100,2718,2818
1206,2020-03-05,87,2821,2908
1206,2020-03-06,72,2861,2933
1206,2020-03-07,59,1708,1767
1206,2020-03-08,11,1199,1210
1206,2020-03-09,84,2411,2495
1206,2020-03-10,77,3085,3162
1206,2020-03-11,57,2719,2776
1206,2020-03-12,64,2597,2661
1206,2020-03-13,67,2344,2411
1206,2020-03-14,61,1175,1236
1206,2020-03-15,10,1168,1178
1206,2020-03-16,77,1616,1693
1206,2020-03-17,87,1451,1538
1206,2020-03-18,62,1149,1211
1206,2020-03-19,51,891,942
1206,2020-03-20,52,907,959
1206,2020-03-21,31,406,437
1206,2020-03-22,NA,371,NA
1206,2020-03-23,51,738,789
1206,2020-03-24,53,759,812
1206,2020-03-25,51,782,833
1206,2020-03-26,43,768,811
1206,2020-03-27,45,878,923
1206,2020-03-28,41,595,636
1206,2020-03-30,47,966,1013
1206,2020-03-31,46,1070,1116
1206,2020-04-01,55,1101,1156
1206,2020-04-02,46,1102,1148
1206,2020-04-03,52,1129,1181
1206,2020-04-04,43,671,714
1206,2020-04-05,0,565,565
1206,2020-04-06,49,998,1047
1206,2020-04-07,53,1037,1090
1206,2020-04-08,48,947,995
1206,2020-04-09,55,985,1040
1206,2020-04-10,52,999,1051
1206,2020-04-11,44,818,862
1206,2020-04-12,0,552,552
1206,2020-04-13,6,463,469
1206,2020-04-14,49,900,949
1206,2020-04-15,45,976,1021
1206,2020-04-16,51,1027,1078
1206,2020-04-17,43,1095,1138
1206,2020-04-18,44,733,777
1206,2020-04-19,0,708,708
1206,2020-04-20,76,1137,1213
1206,2020-04-21,67,1192,1259
1206,2020-04-22,60,1339,1399
1206,2020-04-23,59,1284,1343
1206,2020-04-24,62,1448,1510
1206,2020-04-25,52,1216,1268
1206,2020-04-26,5,1047,1052
1206,2020-04-27,73,1593,1666
1206,2020-04-28,60,1221,1281
1206,2020-04-29,51,1445,1496
1206,2020-04-30,63,1289,1352
1206,2020-05-01,7,627,634
1206,2020-05-02,39,906,945
1206,2020-05-03,4,902,906
1206,2020-05-04,77,1411,1488
1206,2020-05-05,90,1494,1584
1206,2020-05-06,99,1663,1762
1206,2020-05-07,78,1704,1782
1206,2020-05-08,72,1786,1858
1206,2020-05-09,10,900,910
1206,2020-05-10,9,825,834
1206,2020-05-11,81,1767,1848
1206,2020-05-12,88,1989,2077
1206,2020-05-13,75,1991,2066
1206,2020-05-14,117,2086,2203
1206,2020-05-15,96,2118,2214
1206,2020-05-16,90,1841,1931
1206,2020-05-17,19,1561,1580
1206,2020-05-18,57,1979,2036
1206,2020-05-20,84,2281,2365
1206,2020-05-21,12,1575,1587
1206,2020-05-22,69,2001,2070
1206,2020-05-23,57,1120,1177
1206,2020-05-24,12,1255,1267
1206,2020-05-25,76,2091,2167
1206,2020-05-26,84,2361,2445
1206,2020-05-27,93,2313,2406
1206,2020-05-28,83,2390,2473
1206,2020-05-29,78,2389,2467
1206,2020-05-30,58,1809,1867
1206,2020-05-31,9,1548,1557
1206,2020-06-01,16,1487,1503
1206,2020-06-02,82,2583,2665
1206,2020-06-03,97,2724,2821
1206,2020-06-04,84,2682,2766
1206,2020-06-05,74,2489,2563
1206,2020-06-06,56,1607,1663
1206,2020-06-07,5,1291,1296
1206,2020-06-08,75,2286,2361
1206,2020-06-09,86,2225,2311
1206,2020-06-10,75,2315,2390
1206,2020-06-11,90,2447,2537
1206,2020-06-12,91,2567,2658
1206,2020-06-13,50,1831,1881
1206,2020-06-14,11,1488,1499
1206,2020-06-15,66,2319,2385
1206,2020-06-16,80,2482,2562
1206,2020-06-17,81,2361,2442
1206,2020-06-18,75,2529,2604
1206,2020-06-19,80,2502,2582
1206,2020-06-20,55,1920,1975
1206,2020-06-21,15,1575,1590
1206,2020-06-22,64,2184,2248
1206,2020-06-23,12,1400,1412
1206,2020-06-24,70,2557,2627
1206,2020-06-25,87,2592,2679
1206,2020-06-26,88,3044,3132
1206,2020-06-27,54,1951,2005
1206,2020-06-28,6,1401,1407
1206,2020-06-29,102,2360,2462
1206,2020-06-30,142,2472,2614
1206,2020-07-01,170,2576,2746
1206,2020-07-02,190,2426,2616
1206,2020-07-03,164,2530,2694
1206,2020-07-04,61,1844,1905
1206,2020-07-05,11,1359,1370
1206,2020-07-06,203,2462,2665
1206,2020-07-07,206,2572,2778
1206,2020-07-08,194,2766,2960
1206,2020-07-09,210,3289,3499
1206,2020-07-10,164,2690,2854
1206,2020-07-11,55,1917,1972
1206,2020-07-12,12,1961,1973
1206,2020-07-13,169,2589,2758
1206,2020-07-14,202,2605,2807
1206,2020-07-15,179,2496,2675
1206,2020-07-16,192,2470,2662
1206,2020-07-17,167,2438,2605
1206,2020-07-18,47,1757,1804
1206,2020-07-19,6,1529,1535
1206,2020-07-20,193,2415,2608
1206,2020-07-21,216,2566,2782
1206,2020-07-22,94,2524,2618
1206,2020-07-23,91,2417,2508
1206,2020-07-24,89,2427,2516
1206,2020-07-25,63,1722,1785
1206,2020-07-26,11,1425,1436
1206,2020-07-27,82,2570,2652
1206,2020-07-28,93,2414,2507
1206,2020-07-29,88,2517,2605
1206,2020-07-30,73,2443,2516
1206,2020-07-31,60,2283,2343
1206,2020-08-01,44,1536,1580
1206,2020-08-02,6,1460,1466
1206,2020-08-03,54,1851,1905
1206,2020-08-04,54,2183,2237
1206,2020-08-05,60,2118,2178
1206,2020-08-06,60,2069,2129
1206,2020-08-07,50,2047,2097
1206,2020-08-08,59,1491,1550
1206,2020-08-09,6,1293,1299
1206,2020-08-10,44,1819,1863
1206,2020-08-11,43,2129,2172
1206,2020-08-12,61,2228,2289
1206,2020-08-13,53,2138,2191
1206,2020-08-14,44,1989,2033
1206,2020-08-15,34,1337,1371
1206,2020-08-16,3,1313,1316
1206,2020-08-17,50,1968,2018
1206,2020-08-18,51,1736,1787
1206,2020-08-19,42,1967,2009
1206,2020-08-20,50,2021,2071
1206,2020-08-21,46,1901,1947
1206,2020-08-22,70,1534,1604
1206,2020-08-23,9,1280,1289
1206,2020-08-24,66,1893,1959
1206,2020-08-25,63,2460,2523
1206,2020-08-26,75,2911,2986
1206,2020-08-27,77,2868,2945
1206,2020-08-28,88,2504,2592
1206,2020-08-29,64,1859,1923
1206,2020-08-30,7,1221,1228
1206,2020-08-31,75,2080,2155
1206,2020-09-01,93,2442,2535
1206,2020-09-02,118,2183,2301
1206,2020-09-03,145,2142,2287
1206,2020-09-04,134,2187,2321
1206,2020-09-05,68,1508,1576
1206,2020-09-06,11,1410,1421
1206,2020-09-07,124,2432,2556
1206,2020-09-08,97,2860,2957
1206,2020-09-09,97,2953,3050
1206,2020-09-10,112,2860,2972
1206,2020-09-11,134,2803,2937
1206,2020-09-12,70,2253,2323
1206,2020-09-13,21,1714,1735
1206,2020-09-14,147,2341,2488
1206,2020-09-15,167,2662,2829
1206,2020-09-16,70,2564,2634
1206,2020-09-17,155,2669,2824
1206,2020-09-18,100,3144,3244
1206,2020-09-19,62,2251,2313
1206,2020-09-20,8,1764,1772
1206,2020-09-21,81,2531,2612
1206,2020-09-22,96,2788,2884
1206,2020-09-23,97,2895,2992
1206,2020-09-26,53,1722,1775
1206,2020-09-27,6,1201,1207
1206,2020-09-28,88,2419,2507
1206,2020-09-29,143,2715,2858
1206,2020-09-30,117,2794,2911
1206,2020-10-01,89,3113,3202
1206,2020-10-02,86,2819,2905
1206,2020-10-03,44,1685,1729
1206,2020-10-04,11,1243,1254
1206,2020-10-05,69,2400,2469
1206,2020-10-06,87,2572,2659
1206,2020-10-07,84,2548,2632
1206,2020-10-08,73,2566,2639
1206,2020-10-09,68,2502,2570
1206,2020-10-10,49,1823,1872
1206,2020-10-11,5,1333,1338
1206,2020-10-12,71,2466,2537
1206,2020-10-13,87,2747,2834
1206,2020-10-15,89,2479,2568
1206,2020-10-16,94,2549,2643
1206,2020-10-17,51,1725,1776
1206,2020-10-18,9,1341,1350
1206,2020-10-19,85,2440,2525
1206,2020-10-20,88,2623,2711
1206,2020-10-21,105,2821,2926
1206,2020-10-22,102,2664,2766
1206,2020-10-23,104,2396,2500
1206,2020-10-24,70,1578,1648
1206,2020-10-25,6,1059,1065
1206,2020-10-26,112,2255,2367
1206,2020-10-27,109,2237,2346
1206,2020-10-28,86,2167,2253
1206,2020-10-29,84,2222,2306
1206,2020-10-30,83,2312,2395
1206,2020-11-01,3,867,870
1206,2020-11-02,61,1803,1864
1206,2020-11-03,86,1886,1972
1206,2020-11-04,124,1939,2063
1206,2020-11-05,101,1914,2015
1206,2020-11-06,86,2021,2107
1206,2020-11-07,58,1646,1704
1206,2020-11-08,10,1174,1184
1206,2020-11-09,79,2230,2309
1206,2020-11-10,97,2718,2815
1206,2020-11-11,86,2359,2445
1206,2020-11-12,88,2388,2476
1206,2020-11-13,115,2369,2484
1206,2020-11-14,49,1811,1860
1206,2020-11-15,11,2099,2110
1206,2020-11-16,96,2260,2356
1206,2020-11-17,93,2340,2433
1206,2020-11-18,83,2408,2491
1206,2020-11-19,110,2383,2493
1206,2020-11-20,88,2529,2617
1206,2020-11-21,73,3789,3862
1206,2020-11-22,12,2567,2579
1206,2020-11-23,82,2204,2286
1206,2020-11-24,79,2325,2404
1206,2020-11-25,90,2482,2572
1206,2020-11-26,102,2226,2328
1206,2020-11-27,82,2185,2267
1206,2020-11-28,50,1546,1596
1206,2020-11-29,5,1083,1088
1206,2020-12-02,79,2090,2169
1206,2020-12-03,99,2169,2268
1206,2020-12-04,84,2229,2313
1206,2020-12-05,61,1488,1549
1206,2020-12-06,8,996,1004
1206,2020-12-07,105,2195,2300
1206,2020-12-08,87,2037,2124
1206,2020-12-09,109,2196,2305
1206,2020-12-10,118,2298,2416
1206,2020-12-11,88,2190,2278
1206,2020-12-12,55,1259,1314
1206,2020-12-13,20,1016,1036
1206,2020-12-14,104,2129,2233
1206,2020-12-15,82,2216,2298
1206,2020-12-16,108,2193,2301
1206,2020-12-17,88,2363,2451
1206,2020-12-18,122,2368,2490
1206,2020-12-19,60,1439,1499
1206,2020-12-20,21,1029,1050
1206,2020-12-21,66,1664,1730
1206,2020-12-22,65,1655,1720
1206,2020-12-23,72,1454,1526
1206,2020-12-24,49,1339,1388
1206,2020-12-25,17,767,784
1206,2020-12-26,23,755,778
1206,2020-12-27,18,404,422
1206,2020-12-28,63,1160,1223
1206,2020-12-29,67,1166,1233
1206,2020-12-30,67,1292,1359
1206,2020-12-31,58,839,897
1207,2020-01-01,69,1271,1340
1207,2020-01-02,218,2326,2544
1207,2020-01-03,206,2166,2372
1207,2020-01-04,199,2506,2705
1207,2020-01-05,66,1830,1896
1207,2020-01-06,313,3373,3686
1207,2020-01-07,319,3221,3540
1207,2020-01-08,288,2638,2926
1207,2020-01-09,227,2329,2556
1207,2020-01-10,240,2898,3138
1207,2020-01-11,183,2828,3011
1207,2020-01-12,65,1997,2062
1207,2020-01-13,242,2543,2785
1207,2020-01-14,340,3475,3815
1207,2020-01-15,322,3500,3822
1207,2020-01-16,281,3243,3524
1207,2020-01-17,270,2925,3195
1207,2020-01-18,187,2784,2971
1207,2020-01-19,59,1783,1842
1207,2020-01-20,363,3427,3790
1207,2020-01-21,352,3559,3911
1207,2020-01-22,357,3556,3913
1207,2020-01-23,333,3491,3824
1207,2020-01-24,365,3631,3996
1207,2020-01-25,190,2648,2838
1207,2020-01-26,62,1770,1832
1207,2020-01-27,188,2023,2211
1207,2020-01-28,278,3103,3381
1207,2020-01-29,342,3506,3848
1207,2020-01-30,341,3294,3635
1207,2020-01-31,321,3473,3794
1207,2020-02-01,186,2924,3110
1207,2020-02-02,53,1447,1500
1207,2020-02-03,324,2954,3278
1207,2020-02-04,335,3137,3472
1207,2020-02-05,364,3631,3995
1207,2020-02-06,399,3897,4296
1207,2020-02-07,386,4056,4442
1207,2020-02-08,218,3173,3391
1207,2020-02-09,67,1708,1775
1207,2020-02-10,330,2908,3238
1207,2020-02-11,350,3479,3829
1207,2020-02-12,331,3030,3361
1207,2020-02-13,308,2828,3136
1207,2020-02-14,377,3579,3956
1207,2020-02-15,196,2661,2857
1207,2020-02-16,67,1663,1730
1207,2020-02-17,304,2598,2902
1207,2020-02-18,320,2978,3298
1207,2020-02-19,330,3159,3489
1207,2020-02-20,298,2673,2971
1207,2020-02-21,303,3172,3475
1207,2020-02-22,231,2796,3027
1207,2020-02-23,47,1383,1430
1207,2020-02-24,218,2385,2603
1207,2020-02-25,297,3072,3369
1207,2020-02-26,395,3466,3861
1207,2020-02-27,135,829,964
1207,2020-02-28,313,3263,3576
1207,2020-02-29,161,2508,2669
1207,2020-03-01,54,1607,1661
1207,2020-03-02,311,2469,2780
1207,2020-03-03,410,3425,3835
1207,2020-03-04,420,3693,4113
1207,2020-03-05,200,1703,1903
1207,2020-03-06,355,3439,3794
1207,2020-03-07,206,3253,3459
1207,2020-03-08,64,1829,1893
1207,2020-03-09,378,3247,3625
1207,2020-03-10,320,2772,3092
1207,2020-03-11,352,3330,3682
1207,2020-03-12,329,3327,3656
1207,2020-03-13,383,3930,4313
1207,2020-03-14,232,2797,3029
1207,2020-03-15,70,2088,2158
1207,2020-03-16,315,2568,2883
1207,2020-03-17,334,2441,2775
1207,2020-03-18,390,2129,2519
1207,2020-03-19,275,1686,1961
1207,2020-03-20,257,1744,2001
1207,2020-03-21,158,1055,1213
1207,2020-03-22,24,829,853
1207,2020-03-23,240,1500,1740
1207,2020-03-24,298,1583,1881
1207,2020-03-25,295,1538,1833
1207,2020-03-26,277,1589,1866
1207,2020-03-27,250,1622,1872
1207,2020-03-28,160,1260,1420
1207,2020-03-30,286,1498,1784
1207,2020-03-31,285,1604,1889
1207,2020-04-01,237,1620,1857
1207,2020-04-02,249,1624,1873
1207,2020-04-03,264,1740,2004
1207,2020-04-04,169,1345,1514
1207,2020-04-05,11,822,833
1207,2020-04-06,242,1548,1790
1207,2020-04-07,258,1548,1806
1207,2020-04-08,235,1580,1815
1207,2020-04-09,272,1665,1937
1207,2020-04-10,221,1775,1996
1207,2020-04-11,179,1476,1655
1207,2020-04-12,9,792,801
1207,2020-04-13,10,831,841
1207,2020-04-14,269,1870,2139
1207,2020-04-15,271,1892,2163
1207,2020-04-16,264,1887,2151
1207,2020-04-17,235,1884,2119
1207,2020-04-18,173,1543,1716
1207,2020-04-19,19,989,1008
1207,2020-04-20,273,2315,2588
1207,2020-04-21,310,2552,2862
1207,2020-04-22,336,2402,2738
1207,2020-04-23,299,2481,2780
1207,2020-04-24,283,2619,2902
1207,2020-04-25,212,2424,2636
1207,2020-04-26,19,1363,1382
1207,2020-04-27,273,2417,2690
1207,2020-04-28,314,2629,2943
1207,2020-04-29,315,3019,3334
1207,2020-04-30,306,3300,3606
1207,2020-05-01,31,1292,1323
1207,2020-05-02,176,2457,2633
1207,2020-05-03,22,1292,1314
1207,2020-05-04,335,2663,2998
1207,2020-05-05,362,2986,3348
1207,2020-05-06,343,3004,3347
1207,2020-05-07,330,2964,3294
1207,2020-05-08,329,3174,3503
1207,2020-05-09,66,1478,1544
1207,2020-05-10,45,1226,1271
1207,2020-05-11,334,2947,3281
1207,2020-05-12,383,3431,3814
1207,2020-05-13,377,3426,3803
1207,2020-05-14,374,3392,3766
1207,2020-05-15,396,3453,3849
1207,2020-05-16,308,2970,3278
1207,2020-05-17,71,2074,2145
1207,2020-05-18,316,3001,3317
1207,2020-05-19,330,3428,3758
1207,2020-05-20,352,3558,3910
1207,2020-05-21,56,2014,2070
1207,2020-05-22,320,3619,3939
1207,2020-05-23,167,2403,2570
1207,2020-05-24,59,1963,2022
1207,2020-05-25,367,3241,3608
1207,2020-05-26,359,3568,3927
1207,2020-05-27,331,3472,3803
1207,2020-05-28,366,3626,3992
1207,2020-05-29,351,3773,4124
1207,2020-05-30,206,3220,3426
1207,2020-05-31,67,2280,2347
1207,2020-06-01,55,2297,2352
1207,2020-06-02,285,3366,3651
1207,2020-06-03,307,3371,3678
1207,2020-06-04,265,2950,3215
1207,2020-06-05,300,3026,3326
1207,2020-06-06,216,2680,2896
1207,2020-06-07,51,2035,2086
1207,2020-06-08,359,3429,3788
1207,2020-06-09,367,3433,3800
1207,2020-06-10,377,3553,3930
1207,2020-06-11,333,3718,4051
1207,2020-06-13,212,3466,3678
1207,2020-06-14,62,2115,2177
1207,2020-06-15,341,3396,3737
1207,2020-06-16,350,3731,4081
1207,2020-06-17,294,2686,2980
1207,2020-06-18,344,3756,4100
1207,2020-06-19,339,3872,4211
1207,2020-06-20,200,3116,3316
1207,2020-06-21,54,2215,2269
1207,2020-06-22,314,3524,3838
1207,2020-06-23,70,2036,2106
1207,2020-06-24,342,3737,4079
1207,2020-07-01,369,4273,4642
1207,2020-07-02,348,3872,4220
1207,2020-07-03,340,4210,4550
1207,2020-07-04,203,3386,3589
1207,2020-07-05,54,2101,2155
1207,2020-07-06,361,3963,4324
1207,2020-07-07,354,4225,4579
1207,2020-07-08,384,4209,4593
1207,2020-07-09,356,4034,4390
1207,2020-07-10,374,4273,4647
1207,2020-07-11,196,3539,3735
1207,2020-07-12,70,2346,2416
1207,2020-07-13,343,3688,4031
1207,2020-07-14,354,4081,4435
1207,2020-07-15,355,4264,4619
1207,2020-07-16,328,3950,4278
1207,2020-07-17,318,4105,4423
1207,2020-07-18,182,3200,3382
1207,2020-07-19,72,2184,2256
1207,2020-07-20,306,3502,3808
1207,2020-07-21,340,3808,4148
1207,2020-07-22,343,3865,4208
1207,2020-07-23,346,3722,4068
1207,2020-07-24,313,3893,4206
1207,2020-07-25,204,3144,3348
1207,2020-07-26,65,2101,2166
1207,2020-07-27,300,3478,3778
1207,2020-07-28,331,3461,3792
1207,2020-07-29,335,3491,3826
1207,2020-07-30,322,3367,3689
1207,2020-07-31,299,3101,3400
1207,2020-08-01,183,2528,2711
1207,2020-08-02,62,2213,2275
1207,2020-08-03,285,3159,3444
1207,2020-08-04,291,3472,3763
1207,2020-08-05,276,3270,3546
1207,2020-08-06,268,3195,3463
1207,2020-08-07,250,2953,3203
1207,2020-08-08,175,2285,2460
1207,2020-08-09,61,1798,1859
1207,2020-08-10,257,2689,2946
1207,2020-08-11,269,2913,3182
1207,2020-08-12,273,3107,3380
1207,2020-08-13,270,3189,3459
1207,2020-08-14,285,3266,3551
1207,2020-08-15,69,2270,2339
1207,2020-08-16,57,1921,1978
1207,2020-08-17,262,2876,3138
1207,2020-08-18,294,3208,3502
1207,2020-08-19,313,3162,3475
1207,2020-08-20,257,3067,3324
1207,2020-08-21,295,3385,3680
1207,2020-08-22,194,2884,3078
1207,2020-08-23,67,2317,2384
1207,2020-08-24,386,3232,3618
1207,2020-08-25,379,3596,3975
1207,2020-08-26,373,3382,3755
1207,2020-08-27,356,3681,4037
1207,2020-08-28,330,3620,3950
1207,2020-08-29,257,3000,3257
1207,2020-08-30,70,2253,2323
1207,2020-08-31,321,3368,3689
1207,2020-09-01,347,3502,3849
1207,2020-09-02,444,3862,4306
1207,2020-09-03,354,3869,4223
1207,2020-09-04,367,3767,4134
1207,2020-09-05,206,2955,3161
1207,2020-09-06,67,2258,2325
1207,2020-09-07,365,3466,3831
1207,2020-09-08,318,3768,4086
1207,2020-09-09,355,3866,4221
1207,2020-09-10,318,3839,4157
1207,2020-09-11,328,4032,4360
1207,2020-09-12,217,3211,3428
1207,2020-09-13,114,2511,2625
1207,2020-09-14,353,3730,4083
1207,2020-09-15,384,3966,4350
1207,2020-09-16,376,3398,3774
1207,2020-09-17,413,4053,4466
1207,2020-09-18,408,3956,4364
1207,2020-09-19,264,3348,3612
1207,2020-09-20,131,2600,2731
1207,2020-09-21,412,3638,4050
1207,2020-09-22,429,3969,4398
1207,2020-09-23,464,4121,4585
1207,2020-09-24,464,4058,4522
1207,2020-09-26,238,2846,3084
1207,2020-09-27,105,1875,1980
1207,2020-09-28,353,3113,3466
1207,2020-09-29,389,3706,4095
1207,2020-09-30,439,3849,4288
1207,2020-10-01,370,3411,3781
1207,2020-10-02,342,2903,3245
1207,2020-10-03,215,2657,2872
1207,2020-10-04,100,1734,1834
1207,2020-10-05,286,2424,2710
1207,2020-10-06,347,2943,3290
1207,2020-10-07,394,3767,4161
1207,2020-10-08,362,3500,3862
1207,2020-10-09,320,2869,3189
1207,2020-10-10,266,3191,3457
1207,2020-10-11,131,2291,2422
1207,2020-10-12,430,3464,3894
1207,2020-10-13,460,4053,4513
1207,2020-10-14,472,4076,4548
1207,2020-10-15,470,4019,4489
1207,2020-10-16,485,4197,4682
1207,2020-10-17,287,3535,3822
1207,2020-10-18,156,2557,2713
1207,2020-10-19,448,3855,4303
1207,2020-10-20,453,4030,4483
1207,2020-10-21,405,3745,4150
1207,2020-10-22,403,3867,4270
1207,2020-10-23,341,3139,3480
1207,2020-10-24,257,3014,3271
1207,2020-10-25,87,1423,1510
1207,2020-10-26,431,4220,4651
1207,2020-10-27,437,4146,4583
1207,2020-10-28,452,4672,5124
1207,2020-10-29,424,3702,4126
1207,2020-10-30,419,3817,4236
1207,2020-11-01,96,1274,1370
1207,2020-11-02,368,3532,3900
1207,2020-11-03,472,3824,4296
1207,2020-11-04,430,4059,4489
1207,2020-11-05,499,4065,4564
1207,2020-11-06,465,4240,4705
1207,2020-11-07,282,3391,3673
1207,2020-11-08,116,1984,2100
1207,2020-11-09,433,3541,3974
1207,2020-11-10,470,4017,4487
1207,2020-11-11,426,3796,4222
1207,2020-11-12,451,3661,4112
1207,2020-11-13,446,3962,4408
1207,2020-11-14,262,3168,3430
1207,2020-11-15,105,1676,1781
1207,2020-11-16,370,3296,3666
1207,2020-11-17,460,4031,4491
1207,2020-11-18,501,4036,4537
1207,2020-11-19,478,3697,4175
1207,2020-11-20,514,4189,4703
1207,2020-11-21,259,3582,3841
1207,2020-11-22,128,2074,2202
1207,2020-11-23,516,3687,4203
1207,2020-11-24,478,4085,4563
1207,2020-11-25,550,4206,4756
1207,2020-11-26,517,4221,4738
1207,2020-11-27,423,4087,4510
1207,2020-11-28,262,3148,3410
1207,2020-11-29,125,1855,1980
1207,2020-11-30,459,4184,4643
1207,2020-12-01,378,3412,3790
1207,2020-12-02,432,3976,4408
1207,2020-12-03,310,3032,3342
1207,2020-12-04,405,3465,3870
1207,2020-12-05,272,3234,3506
1207,2020-12-06,136,1730,1866
1207,2020-12-07,409,3621,4030
1207,2020-12-08,327,2731,3058
1207,2020-12-09,428,3802,4230
1207,2020-12-10,487,4265,4752
1207,2020-12-11,321,2526,2847
1207,2020-12-12,205,2526,2731
1207,2020-12-13,186,1774,1960
1207,2020-12-14,527,3943,4470
1207,2020-12-15,429,2881,3310
1207,2020-12-16,525,3589,4114
1207,2020-12-17,522,3891,4413
1207,2020-12-18,569,4156,4725
1207,2020-12-19,359,3058,3417
1207,2020-12-20,181,1625,1806
1207,2020-12-21,358,2887,3245
1207,2020-12-22,331,2866,3197
1207,2020-12-23,307,2406,2713
1207,2020-12-24,267,2161,2428
1207,2020-12-25,151,1152,1303
1207,2020-12-26,179,1552,1731
1207,2020-12-27,124,718,842
1207,2020-12-28,329,2007,2336
1207,2020-12-29,349,2287,2636
1207,2020-12-30,395,2697,3092
1207,2020-12-31,184,1031,1215
1208,2020-01-01,17,1477,1494
1208,2020-01-02,134,2685,2819
1208,2020-01-03,125,2794,2919
1208,2020-01-04,102,2525,2627
1208,2020-01-05,26,1872,1898
1208,2020-01-06,177,3379,3556
1208,2020-01-07,183,3474,3657
1208,2020-01-08,168,3587,3755
1208,2020-01-09,149,3616,3765
1208,2020-01-10,162,3669,3831
1208,2020-01-11,107,2804,2911
1208,2020-01-12,21,2055,2076
1208,2020-01-13,198,3600,3798
1208,2020-01-14,236,3814,4050
1208,2020-01-15,236,3858,4094
1208,2020-01-16,241,3822,4063
1208,2020-01-17,226,3738,3964
1208,2020-01-18,114,3294,3408
1208,2020-01-19,26,2341,2367
1208,2020-01-20,230,3846,4076
1208,2020-01-21,230,3866,4096
1208,2020-01-22,245,3915,4160
1208,2020-01-23,232,3805,4037
1208,2020-01-24,219,3962,4181
1208,2020-01-25,108,3142,3250
1208,2020-01-26,23,2140,2163
1208,2020-01-27,189,3562,3751
1208,2020-01-28,186,3496,3682
1208,2020-01-29,223,3778,4001
1208,2020-01-30,214,3838,4052
1208,2020-01-31,218,3882,4100
1208,2020-02-01,112,3178,3290
1208,2020-02-02,12,2118,2130
1208,2020-02-03,260,3468,3728
1208,2020-02-04,244,3775,4019
1208,2020-02-05,254,3832,4086
1208,2020-02-06,281,3944,4225
1208,2020-02-07,242,4113,4355
1208,2020-02-08,124,3252,3376
1208,2020-02-09,33,2035,2068
1208,2020-02-10,164,1874,2038
1208,2020-02-11,268,3572,3840
1208,2020-02-12,225,3671,3896
1208,2020-02-13,236,3770,4006
1208,2020-02-14,251,3932,4183
1208,2020-02-15,105,2950,3055
1208,2020-02-16,15,1977,1992
1208,2020-02-17,185,3252,3437
1208,2020-02-18,207,3396,3603
1208,2020-02-19,196,3426,3622
1208,2020-02-20,207,3223,3430
1208,2020-02-21,227,3336,3563
1208,2020-02-22,125,2927,3052
1208,2020-02-23,20,1958,1978
1208,2020-02-24,191,3541,3732
1208,2020-02-25,218,3686,3904
1208,2020-02-26,229,3552,3781
1208,2020-02-27,148,2476,2624
1208,2020-02-28,210,3328,3538
1208,2020-02-29,108,3030,3138
1208,2020-03-01,32,2279,2311
1208,2020-03-02,211,3714,3925
1208,2020-03-03,250,3720,3970
1208,2020-03-04,251,4046,4297
1208,2020-03-05,218,3840,4058
1208,2020-03-06,248,3961,4209
1208,2020-03-07,102,3515,3617
1208,2020-03-08,25,2315,2340
1208,2020-03-09,238,3628,3866
1208,2020-03-10,240,3766,4006
1208,2020-03-11,255,3771,4026
1208,2020-03-12,248,3773,4021
1208,2020-03-13,246,3605,3851
1208,2020-03-14,119,2603,2722
1208,2020-03-15,20,2540,2560
1208,2020-03-16,214,2831,3045
1208,2020-03-17,249,2575,2824
1208,2020-03-18,190,2162,2352
1208,2020-03-19,172,1719,1891
1208,2020-03-20,158,1569,1727
1208,2020-03-21,100,836,936
1208,2020-03-22,7,738,745
1208,2020-03-23,121,1263,1384
1208,2020-03-24,142,1289,1431
1208,2020-03-25,141,1262,1403
1208,2020-03-26,144,1264,1408
1208,2020-03-27,128,1225,1353
1208,2020-03-28,94,1165,1259
1208,2020-03-30,123,1174,1297
1208,2020-03-31,125,1227,1352
1208,2020-04-01,122,1318,1440
1208,2020-04-02,134,1319,1453
1208,2020-04-03,131,1317,1448
1208,2020-04-04,106,1052,1158
1208,2020-04-05,4,791,795
1208,2020-04-06,128,1265,1393
1208,2020-04-07,137,1389,1526
1208,2020-04-08,114,1387,1501
1208,2020-04-09,150,1443,1593
1208,2020-04-10,154,1528,1682
1208,2020-04-11,96,1278,1374
1208,2020-04-12,4,829,833
1208,2020-04-13,8,703,711
1208,2020-04-14,132,1362,1494
1208,2020-04-15,139,1484,1623
1208,2020-04-16,148,1505,1653
1208,2020-04-17,140,1620,1760
1208,2020-04-18,112,1354,1466
1208,2020-04-19,9,1041,1050
1208,2020-04-20,204,2198,2402
1208,2020-04-21,221,2343,2564
1208,2020-04-22,232,2346,2578
1208,2020-04-23,197,2387,2584
1208,2020-04-24,199,2527,2726
1208,2020-04-25,127,2393,2520
1208,2020-04-26,8,1828,1836
1208,2020-04-27,218,2500,2718
1208,2020-04-28,275,2458,2733
1208,2020-04-29,264,2481,2745
1208,2020-04-30,186,2538,2724
1208,2020-05-02,109,2078,2187
1208,2020-05-03,7,1599,1606
1208,2020-05-04,209,2618,2827
1208,2020-05-05,248,2733,2981
1208,2020-05-06,231,2983,3214
1208,2020-05-07,244,2918,3162
1208,2020-05-08,245,3184,3429
1208,2020-05-09,24,1636,1660
1208,2020-05-10,18,1436,1454
1208,2020-05-11,258,3113,3371
1208,2020-05-12,266,3503,3769
1208,2020-05-13,228,3615,3843
1208,2020-05-14,240,3579,3819
1208,2020-05-15,263,3756,4019
1208,2020-05-16,151,3590,3741
1208,2020-05-17,39,3292,3331
1208,2020-05-18,270,3504,3774
1208,2020-05-19,243,3959,4202
1208,2020-05-20,292,4139,4431
1208,2020-05-21,31,4157,4188
1208,2020-05-22,228,3976,4204
1208,2020-05-23,121,2516,2637
1208,2020-05-24,37,2779,2816
1208,2020-05-25,243,3620,3863
1208,2020-05-26,271,3949,4220
1208,2020-05-27,273,4058,4331
1208,2020-05-28,260,4059,4319
1208,2020-05-29,253,4236,4489
1208,2020-05-30,149,3958,4107
1208,2020-05-31,32,4193,4225
1208,2020-06-01,29,4299,4328
1208,2020-06-02,241,4531,4772
1208,2020-06-03,228,4333,4561
1208,2020-06-04,204,3732,3936
1208,2020-06-05,210,3863,4073
1208,2020-06-06,138,3051,3189
1208,2020-06-07,27,2826,2853
1208,2020-06-08,297,3806,4103
1208,2020-06-09,257,3785,4042
1208,2020-06-10,227,3964,4191
1208,2020-06-11,271,4376,4647
1208,2020-06-12,226,4490,4716
1208,2020-06-14,26,2808,2834
1208,2020-06-15,233,3453,3686
1208,2020-06-16,263,4110,4373
1208,2020-06-17,245,4009,4254
1208,2020-06-18,244,4201,4445
1208,2020-06-19,277,4532,4809
1208,2020-06-20,144,3903,4047
1208,2020-06-21,22,3782,3804
1208,2020-06-22,196,4194,4390
1208,2020-06-23,33,3519,3552
1208,2020-06-24,277,4579,4856
1208,2020-06-25,269,4493,4762
1208,2020-06-26,246,4060,4306
1208,2020-06-27,120,3774,3894
1208,2020-06-28,32,3119,3151
1208,2020-06-29,262,4135,4397
1208,2020-06-30,275,4507,4782
1208,2020-07-01,286,4426,4712
1208,2020-07-02,316,4444,4760
1208,2020-07-03,292,4779,5071
1208,2020-07-04,157,4202,4359
1208,2020-07-05,31,3036,3067
1208,2020-07-06,277,4298,4575
1208,2020-07-07,280,4610,4890
1208,2020-07-08,298,5021,5319
1208,2020-07-09,361,4951,5312
1208,2020-07-10,341,4682,5023
1208,2020-07-11,141,4275,4416
1208,2020-07-12,35,4344,4379
1208,2020-07-13,249,4512,4761
1208,2020-07-14,293,4852,5145
1208,2020-07-15,225,4714,4939
1208,2020-07-16,253,4522,4775
1208,2020-07-17,297,4838,5135
1208,2020-07-18,143,4257,4400
1208,2020-07-19,30,3911,3941
1208,2020-07-20,263,4453,4716
1208,2020-07-21,303,4891,5194
1208,2020-07-22,242,4895,5137
1208,2020-07-23,285,4758,5043
1208,2020-07-24,267,4738,5005
1208,2020-07-25,140,4184,4324
1208,2020-07-26,38,3411,3449
1208,2020-07-27,238,4617,4855
1208,2020-07-28,280,4435,4715
1208,2020-07-29,241,4560,4801
1208,2020-07-30,229,4634,4863
1208,2020-07-31,208,4562,4770
1208,2020-08-01,122,3672,3794
1208,2020-08-02,28,3825,3853
1208,2020-08-03,164,3991,4155
1208,2020-08-04,193,4345,4538
1208,2020-08-05,180,4499,4679
1208,2020-08-06,183,4362,4545
1208,2020-08-07,183,4293,4476
1208,2020-08-08,145,3952,4097
1208,2020-08-09,32,3705,3737
1208,2020-08-10,184,3853,4037
1208,2020-08-11,175,4195,4370
1208,2020-08-12,192,4243,4435
1208,2020-08-13,154,4056,4210
1208,2020-08-14,176,4215,4391
1208,2020-08-15,32,3859,3891
1208,2020-08-16,21,3691,3712
1208,2020-08-17,163,3912,4075
1208,2020-08-18,182,4187,4369
1208,2020-08-19,168,4290,4458
1208,2020-08-20,170,4322,4492
1208,2020-08-21,178,4066,4244
1208,2020-08-22,114,3940,4054
1208,2020-08-23,33,3647,3680
1208,2020-08-24,247,3950,4197
1208,2020-08-25,227,4100,4327
1208,2020-08-26,218,3913,4131
1208,2020-08-27,194,4356,4550
1208,2020-08-28,202,4172,4374
1208,2020-08-29,179,3803,3982
1208,2020-08-30,33,3103,3136
1208,2020-08-31,228,3877,4105
1208,2020-09-01,238,4038,4276
1208,2020-09-02,240,4341,4581
1208,2020-09-03,240,4421,4661
1208,2020-09-04,255,4573,4828
1208,2020-09-05,129,3837,3966
1208,2020-09-06,38,3561,3599
1208,2020-09-07,250,4302,4552
1208,2020-09-08,267,4734,5001
1208,2020-09-09,218,4259,4477
1208,2020-09-10,228,4558,4786
1208,2020-09-11,254,4642,4896
1208,2020-09-12,145,4241,4386
1208,2020-09-13,38,4551,4589
1208,2020-09-14,239,4465,4704
1208,2020-09-15,267,4682,4949
1208,2020-09-16,271,4601,4872
1208,2020-09-17,237,4725,4962
1208,2020-09-18,241,4842,5083
1208,2020-09-19,149,4486,4635
1208,2020-09-20,38,4177,4215
1208,2020-09-21,230,4305,4535
1208,2020-09-22,272,4619,4891
1208,2020-09-23,282,4444,4726
1208,2020-09-24,260,4479,4739
1208,2020-09-25,268,4425,4693
1208,2020-09-27,30,2610,2640
1208,2020-09-28,224,4220,4444
1208,2020-09-29,243,4338,4581
1208,2020-09-30,235,4330,4565
1208,2020-10-01,370,3411,3781
1208,2020-10-02,342,2903,3245
1208,2020-10-03,215,2657,2872
1208,2020-10-04,100,1734,1834
1208,2020-10-05,286,2424,2710
1208,2020-10-06,347,2943,3290
1208,2020-10-07,394,3767,4161
1208,2020-10-08,362,3500,3862
1208,2020-10-09,320,2869,3189
1208,2020-10-10,266,3191,3457
1208,2020-10-11,131,2291,2422
1208,2020-10-12,430,3464,3894
1208,2020-10-13,460,4053,4513
1208,2020-10-14,472,4076,4548
1208,2020-10-15,470,4019,4489
1208,2020-10-16,485,4197,4682
1208,2020-10-17,287,3535,3822
1208,2020-10-18,156,2557,2713
1208,2020-10-19,448,3855,4303
1208,2020-10-20,453,4030,4483
1208,2020-10-21,405,3745,4150
1208,2020-10-22,403,3867,4270
1208,2020-10-23,341,3139,3480
1208,2020-10-24,257,3014,3271
1208,2020-10-25,87,1423,1510
1208,2020-10-26,431,4220,4651
1208,2020-10-27,437,4146,4583
1208,2020-10-28,452,4672,5124
1208,2020-10-29,424,3702,4126
1208,2020-10-30,419,3817,4236
1208,2020-11-01,96,1274,1370
1208,2020-11-02,368,3532,3900
1208,2020-11-03,472,3824,4296
1208,2020-11-04,430,4059,4489
1208,2020-11-05,499,4065,4564
1208,2020-11-06,465,4240,4705
1208,2020-11-07,282,3391,3673
1208,2020-11-08,116,1984,2100
1208,2020-11-09,433,3541,3974
1208,2020-11-10,470,4017,4487
1208,2020-11-11,426,3796,4222
1208,2020-11-12,451,3661,4112
1208,2020-11-13,446,3962,4408
1208,2020-11-14,262,3168,3430
1208,2020-11-15,105,1676,1781
1208,2020-11-16,370,3296,3666
1208,2020-11-17,460,4031,4491
1208,2020-11-18,501,4036,4537
1208,2020-11-19,478,3697,4175
1208,2020-11-20,514,4189,4703
1208,2020-11-21,259,3582,3841
1208,2020-11-22,128,2074,2202
1208,2020-11-23,516,3687,4203
1208,2020-11-24,478,4085,4563
1208,2020-11-25,550,4206,4756
1208,2020-11-26,517,4221,4738
1208,2020-11-27,423,4087,4510
1208,2020-11-28,262,3148,3410
1208,2020-11-29,125,1855,1980
1208,2020-11-30,459,4184,4643
1208,2020-12-01,378,3412,3790
1208,2020-12-02,432,3976,4408
1208,2020-12-03,310,3032,3342
1208,2020-12-04,405,3465,3870
1208,2020-12-05,272,3234,3506
1208,2020-12-06,136,1730,1866
1208,2020-12-07,409,3621,4030
1208,2020-12-08,327,2731,3058
1208,2020-12-09,428,3802,4230
1208,2020-12-10,487,4265,4752
1208,2020-12-11,321,2526,2847
1208,2020-12-12,205,2526,2731
1208,2020-12-13,186,1774,1960
1208,2020-12-14,527,3943,4470
1208,2020-12-15,429,2881,3310
1208,2020-12-16,525,3589,4114
1208,2020-12-17,522,3891,4413
1208,2020-12-18,569,4156,4725
1208,2020-12-19,359,3058,3417
1208,2020-12-20,181,1625,1806
1208,2020-12-21,358,2887,3245
1208,2020-12-22,331,2866,3197
1208,2020-12-23,307,2406,2713
1208,2020-12-24,267,2161,2428
1208,2020-12-25,151,1152,1303
1208,2020-12-26,179,1552,1731
1208,2020-12-27,124,718,842
1208,2020-12-28,329,2007,2336
1208,2020-12-29,349,2287,2636
1208,2020-12-30,395,2697,3092
1208,2020-12-31,184,1031,1215
1209,2020-01-01,67,4939,5006
1209,2020-01-02,320,9640,9960
1209,2020-01-03,344,10015,10359
1209,2020-01-04,186,8142,8328
1209,2020-01-05,82,6042,6124
1209,2020-01-06,538,12783,13321
1209,2020-01-07,618,13107,13725
1209,2020-01-08,576,13175,13751
1209,2020-01-09,657,13282,13939
1209,2020-01-10,637,13835,14472
1209,2020-01-11,271,9520,9791
1209,2020-01-12,89,6829,6918
1209,2020-01-13,699,13378,14077
1209,2020-01-14,739,13782,14521
1209,2020-01-15,816,14122,14938
1209,2020-01-16,831,14515,15346
1209,2020-01-17,785,14007,14792
1209,2020-01-18,249,10225,10474
1209,2020-01-19,87,7155,7242
1209,2020-01-20,1026,13698,14724
1209,2020-01-21,1075,13927,15002
1209,2020-01-22,723,14066,14789
1209,2020-01-23,809,14186,14995
1209,2020-01-24,732,14193,14925
1209,2020-01-25,218,10487,10705
1209,2020-01-26,60,7152,7212
1209,2020-01-27,705,13258,13963
1209,2020-01-28,832,13815,14647
1209,2020-01-29,741,14022,14763
1209,2020-01-30,770,14245,15015
1209,2020-01-31,709,14305,15014
1209,2020-02-01,268,10071,10339
1209,2020-02-02,74,6758,6832
1209,2020-02-03,771,13784,14555
1209,2020-02-04,776,14011,14787
1209,2020-02-05,831,13906,14737
1209,2020-02-06,863,14427,15290
1209,2020-02-07,764,14668,15432
1209,2020-02-08,257,10461,10718
1209,2020-02-09,101,5949,6050
1209,2020-02-10,682,12036,12718
1209,2020-02-11,811,13979,14790
1209,2020-02-12,790,14087,14877
1209,2020-02-13,787,14480,15267
1209,2020-02-14,733,14563,15296
1209,2020-02-15,224,9213,9437
1209,2020-02-16,75,6262,6337
1209,2020-02-17,672,12546,13218
1209,2020-02-18,749,12078,12827
1209,2020-02-19,784,11913,12697
1209,2020-02-20,711,11919,12630
1209,2020-02-21,752,11960,12712
1209,2020-02-22,243,9458,9701
1209,2020-02-23,71,6332,6403
1209,2020-02-24,598,12865,13463
1209,2020-02-25,733,13960,14693
1209,2020-02-26,858,14682,15540
1209,2020-02-27,716,12224,12940
1209,2020-02-28,746,14243,14989
1209,2020-02-29,276,9806,10082
1209,2020-03-01,112,6771,6883
1209,2020-03-02,824,13657,14481
1209,2020-03-03,928,13851,14779
1209,2020-03-04,895,14305,15200
1209,2020-03-05,875,14119,14994
1209,2020-03-06,874,14701,15575
1209,2020-03-07,259,10726,10985
1209,2020-03-08,93,7072,7165
1209,2020-03-09,871,13571,14442
1209,2020-03-10,820,13897,14717
1209,2020-03-11,820,13994,14814
1209,2020-03-12,862,13915,14777
1209,2020-03-13,900,13609,14509
1209,2020-03-14,262,8116,8378
1209,2020-03-15,79,6707,6786
1209,2020-03-16,826,9901,10727
1209,2020-03-17,874,8837,9711
1209,2020-03-18,804,7548,8352
1209,2020-03-19,658,6255,6913
1209,2020-03-20,554,5729,6283
1209,2020-03-21,191,2505,2696
1209,2020-03-22,53,1856,1909
1209,2020-03-23,422,4535,4957
1209,2020-03-24,435,4454,4889
1209,2020-03-25,391,4538,4929
1209,2020-03-26,377,4418,4795
1209,2020-03-27,382,4674,5056
1209,2020-03-28,135,3100,3235
1209,2020-03-30,338,4443,4781
1209,2020-03-31,400,4445,4845
1209,2020-04-01,395,4528,4923
1209,2020-04-02,384,4591,4975
1209,2020-04-03,400,4708,5108
1209,2020-04-04,172,2773,2945
1209,2020-04-05,38,2039,2077
1209,2020-04-06,416,4633,5049
1209,2020-04-07,442,4670,5112
1209,2020-04-08,400,4740,5140
1209,2020-04-09,406,4946,5352
1209,2020-04-10,310,4977,5287
1209,2020-04-11,121,3176,3297
1209,2020-04-12,35,1913,1948
1209,2020-04-13,53,1748,1801
1209,2020-04-14,385,4952,5337
1209,2020-04-15,421,5068,5489
1209,2020-04-16,435,5159,5594
1209,2020-04-17,419,5750,6169
1209,2020-04-18,185,3351,3536
1209,2020-04-19,41,2531,2572
1209,2020-04-20,550,7215,7765
1209,2020-04-21,621,7382,8003
1209,2020-04-22,642,7577,8219
1209,2020-04-23,613,7695,8308
1209,2020-04-24,692,8149,8841
1209,2020-04-25,215,5763,5978
1209,2020-04-26,44,4002,4046
1209,2020-04-27,795,8215,9010
1209,2020-04-28,763,8378,9141
1209,2020-04-29,808,8483,9291
1209,2020-04-30,698,9422,10120
1209,2020-05-01,100,3364,3464
1209,2020-05-02,220,5764,5984
1209,2020-05-03,36,4026,4062
1209,2020-05-04,685,8988,9673
1209,2020-05-05,763,9139,9902
1209,2020-05-06,790,9451,10241
1209,2020-05-07,742,9549,10291
1209,2020-05-08,704,10162,10866
1209,2020-05-09,111,4373,4484
1209,2020-05-10,51,3789,3840
1209,2020-05-11,774,10608,11382
1209,2020-05-12,850,11252,12102
1209,2020-05-13,850,11359,12209
1209,2020-05-14,789,11382,12171
1209,2020-05-15,858,12083,12941
1209,2020-05-16,308,9629,9937
1209,2020-05-17,55,7894,7949
1209,2020-05-18,830,11413,12243
1209,2020-05-19,884,11975,12859
1209,2020-05-20,819,12913,13732
1209,2020-05-21,85,9669,9754
1209,2020-05-22,607,11793,12400
1209,2020-05-23,257,7801,8058
1209,2020-05-24,78,6764,6842
1209,2020-05-25,765,12028,12793
1209,2020-05-26,898,12538,13436
1209,2020-05-27,824,12708,13532
1209,2020-05-28,815,12879,13694
1209,2020-05-29,797,13697,14494
1209,2020-05-30,277,10816,11093
1209,2020-05-31,60,10274,10334
1209,2020-06-01,88,10581,10669
1209,2020-06-02,769,13189,13958
1209,2020-06-03,866,12608,13474
1209,2020-06-04,883,12075,12958
1209,2020-06-05,782,12207,12989
1209,2020-06-06,302,8910,9212
1209,2020-06-07,70,7555,7625
1209,2020-06-08,890,12406,13296
1209,2020-06-09,890,13157,14047
1209,2020-06-10,783,13259,14042
1209,2020-06-11,695,13750,14445
1209,2020-06-12,828,13945,14773
1209,2020-06-13,254,10241,10495
1209,2020-06-14,75,7974,8049
1209,2020-06-15,708,12827,13535
1209,2020-06-16,853,13432,14285
1209,2020-06-17,858,13907,14765
1209,2020-06-18,807,13704,14511
1209,2020-06-19,833,14182,15015
1209,2020-06-20,244,10058,10302
1209,2020-06-21,72,9003,9075
1209,2020-06-22,656,12426,13082
1209,2020-06-23,218,9401,9619
1209,2020-06-24,910,13908,14818
1209,2020-06-25,827,14038,14865
1209,2020-06-26,828,14192,15020
1209,2020-06-27,344,11131,11475
1209,2020-06-28,103,8565,8668
1209,2020-06-29,820,13591,14411
1209,2020-06-30,847,14090,14937
1209,2020-07-01,829,14217,15046
1209,2020-07-02,878,13992,14870
1209,2020-07-03,874,14945,15819
1209,2020-07-04,250,10758,11008
1209,2020-07-05,64,7672,7736
1209,2020-07-06,746,13405,14151
1209,2020-07-07,705,13898,14603
1209,2020-07-08,791,14260,15051
1209,2020-07-09,853,14065,14918
1209,2020-07-10,791,14263,15054
1209,2020-07-11,247,11765,12012
1209,2020-07-12,89,10847,10936
1209,2020-07-13,720,13824,14544
1209,2020-07-14,728,14220,14948
1209,2020-07-15,638,14104,14742
1209,2020-07-16,648,13489,14137
1209,2020-07-17,713,13769,14482
1209,2020-07-18,226,11198,11424
1209,2020-07-19,87,9648,9735
1209,2020-07-20,637,12960,13597
1209,2020-07-21,709,13341,14050
1209,2020-07-22,674,13509,14183
1209,2020-07-23,719,13523,14242
1209,2020-07-24,730,13344,14074
1209,2020-07-25,241,10723,10964
1209,2020-07-26,87,8109,8196
1209,2020-07-27,688,12838,13526
1209,2020-07-28,680,13158,13838
1209,2020-07-29,695,13363,14058
1209,2020-07-30,607,13061,13668
1209,2020-07-31,496,12683,13179
1209,2020-08-01,171,9494,9665
1209,2020-08-02,79,8932,9011
1209,2020-08-03,449,11226,11675
1209,2020-08-04,465,12018,12483
1209,2020-08-05,464,12270,12734
1209,2020-08-06,452,12142,12594
1209,2020-08-07,433,11809,12242
1209,2020-08-08,189,9576,9765
1209,2020-08-09,73,8364,8437
1209,2020-08-10,387,11137,11524
1209,2020-08-11,460,11391,11851
1209,2020-08-12,415,11424,11839
1209,2020-08-13,419,11639,12058
1209,2020-08-14,432,11870,12302
1209,2020-08-15,87,8739,8826
1209,2020-08-16,72,8146,8218
1209,2020-08-17,415,11079,11494
1209,2020-08-18,448,11586,12034
1209,2020-08-19,496,11974,12470
1209,2020-08-20,452,12127,12579
1209,2020-08-21,536,12028,12564
1209,2020-08-22,172,10140,10312
1209,2020-08-23,78,8803,8881
1209,2020-08-24,597,11893,12490
1209,2020-08-25,706,12291,12997
1209,2020-08-26,682,12037,12719
1209,2020-08-27,676,12916,13592
1209,2020-08-28,699,12615,13314
1209,2020-08-29,300,10210,10510
1209,2020-08-30,81,8037,8118
1209,2020-08-31,644,11907,12551
1209,2020-09-01,757,12186,12943
1209,2020-09-02,782,12812,13594
1209,2020-09-03,794,12910,13704
1209,2020-09-04,761,13254,14015
1209,2020-09-05,326,10246,10572
1209,2020-09-06,110,8756,8866
1209,2020-09-07,766,12819,13585
1209,2020-09-08,810,13730,14540
1209,2020-09-09,763,13424,14187
1209,2020-09-10,784,13435,14219
1209,2020-09-11,773,14004,14777
1209,2020-09-12,244,11208,11452
1209,2020-09-13,97,10646,10743
1209,2020-09-14,775,13483,14258
1209,2020-09-15,781,14381,15162
1209,2020-09-16,873,14155,15028
1209,2020-09-17,872,14733,15605
1209,2020-09-18,803,14956,15759
1209,2020-09-19,372,11478,11850
1209,2020-09-20,82,9944,10026
1209,2020-09-21,798,13824,14622
1209,2020-09-22,902,14414,15316
1209,2020-09-23,868,14163,15031
1209,2020-09-24,855,14271,15126
1209,2020-09-25,820,14936,15756
1209,2020-09-28,762,13323,14085
1209,2020-09-29,833,14080,14913
1209,2020-09-30,909,14124,15033
1209,2020-10-01,923,14135,15058
1209,2020-10-02,844,14060,14904
1209,2020-10-03,208,10310,10518
1209,2020-10-04,83,7087,7170
1209,2020-10-05,768,13229,13997
1209,2020-10-06,841,13662,14503
1209,2020-10-07,896,13995,14891
1209,2020-10-08,818,13830,14648
1209,2020-10-09,700,14003,14703
1209,2020-10-10,264,10784,11048
1209,2020-10-11,57,8036,8093
1209,2020-10-12,807,13645,14452
1209,2020-10-13,907,14151,15058
1209,2020-10-14,847,14187,15034
1209,2020-10-15,963,14377,15340
1209,2020-10-16,852,14677,15529
1209,2020-10-17,324,10510,10834
1209,2020-10-18,95,8716,8811
1209,2020-10-19,926,13633,14559
1209,2020-10-20,947,13910,14857
1209,2020-10-21,936,14243,15179
1209,2020-10-22,841,14199,15040
1209,2020-10-23,787,14000,14787
1209,2020-10-24,284,9995,10279
1209,2020-10-25,92,6608,6700
1209,2020-10-26,825,13598,14423
1209,2020-10-27,929,13964,14893
1209,2020-10-28,818,14978,15796
1209,2020-10-29,888,14674,15562
1209,2020-10-30,950,14304,15254
1209,2020-11-01,73,5159,5232
1209,2020-11-02,818,12355,13173
1209,2020-11-03,856,12876,13732
1209,2020-11-04,853,13130,13983
1209,2020-11-05,805,13421,14226
1209,2020-11-06,890,13625,14515
1209,2020-11-07,343,10953,11296
1209,2020-11-08,67,7055,7122
1209,2020-11-09,822,12942,13764
1209,2020-11-10,884,13492,14376
1209,2020-11-11,798,13578,14376
1209,2020-11-12,846,13182,14028
1209,2020-11-13,754,14169,14923
1209,2020-11-14,243,11036,11279
1209,2020-11-15,69,6735,6804
1209,2020-11-16,770,13131,13901
1209,2020-11-17,891,13680,14571
1209,2020-11-18,859,13996,14855
1209,2020-11-19,859,13704,14563
1209,2020-11-20,858,14166,15024
1209,2020-11-21,278,10920,11198
1209,2020-11-22,94,6852,6946
1209,2020-11-23,866,13359,14225
1209,2020-11-24,812,13706,14518
1209,2020-11-25,907,13705,14612
1209,2020-11-26,939,13420,14359
1209,2020-11-27,810,13832,14642
1209,2020-11-28,270,9601,9871
1209,2020-11-29,82,6237,6319
1209,2020-11-30,764,12901,13665
1209,2020-12-01,809,13060,13869
1209,2020-12-02,824,13102,13926
1209,2020-12-03,789,13142,13931
1209,2020-12-04,822,13822,14644
1209,2020-12-05,263,9242,9505
1209,2020-12-06,73,5642,5715
1209,2020-12-07,831,13002,13833
1209,2020-12-08,875,12897,13772
1209,2020-12-09,823,13037,13860
1209,2020-12-10,949,13634,14583
1209,2020-12-11,743,13455,14198
1209,2020-12-12,230,8471,8701
1209,2020-12-13,67,5655,5722
1209,2020-12-14,846,13272,14118
1209,2020-12-15,818,13459,14277
1209,2020-12-16,807,13636,14443
1209,2020-12-17,779,13637,14416
1209,2020-12-18,681,14094,14775
1209,2020-12-19,263,9532,9795
1209,2020-12-20,85,5883,5968
1209,2020-12-21,466,11558,12024
1209,2020-12-22,470,12394,12864
1209,2020-12-23,362,11584,11946
1209,2020-12-24,233,8323,8556
1209,2020-12-25,69,4543,4612
1209,2020-12-26,73,4824,4897
1209,2020-12-27,73,3543,3616
1209,2020-12-28,313,7349,7662
1209,2020-12-29,338,7836,8174
1209,2020-12-30,327,8167,8494
1209,2020-12-31,228,6271,6499
1210,2020-01-01,95,4805,4900
1210,2020-01-02,389,9458,9847
1210,2020-01-03,344,8187,8531
1210,2020-01-04,221,8032,8253
1210,2020-01-05,107,5927,6034
1210,2020-01-06,643,11598,12241
1210,2020-01-07,699,11869,12568
1210,2020-01-08,640,11947,12587
1210,2020-01-09,700,10545,11245
1210,2020-01-10,670,11071,11741
1210,2020-01-11,360,9136,9496
1210,2020-01-12,110,6593,6703
1210,2020-01-13,749,11984,12733
1210,2020-01-14,876,12564,13440
1210,2020-01-15,951,12931,13882
1210,2020-01-16,945,12753,13698
1210,2020-01-17,881,12461,13342
1210,2020-01-18,316,9702,10018
1210,2020-01-19,112,6906,7018
1210,2020-01-20,1137,12588,13725
1210,2020-01-21,1260,12826,14086
1210,2020-01-22,912,12907,13819
1210,2020-01-23,1001,12856,13857
1210,2020-01-24,913,13119,14032
1210,2020-01-25,288,10082,10370
1210,2020-01-26,110,6918,7028
1210,2020-01-27,735,10149,10884
1210,2020-01-28,759,10486,11245
1210,2020-01-29,814,12699,13513
1210,2020-01-30,884,12765,13649
1210,2020-01-31,805,12816,13621
1210,2020-02-01,256,7548,7804
1210,2020-02-02,85,5545,5630
1210,2020-02-03,791,11443,12234
1210,2020-02-04,854,12116,12970
1210,2020-02-05,965,12779,13744
1210,2020-02-06,1030,13211,14241
1210,2020-02-07,958,13452,14410
1210,2020-02-08,349,9892,10241
1210,2020-02-09,90,5325,5415
1210,2020-02-10,686,9466,10152
1210,2020-02-11,927,11701,12628
1210,2020-02-12,850,12292,13142
1210,2020-02-13,855,12613,13468
1210,2020-02-14,869,12857,13726
1210,2020-02-15,317,9155,9472
1210,2020-02-16,92,6012,6104
1210,2020-02-17,746,11422,12168
1210,2020-02-18,851,11302,12153
1210,2020-02-19,941,11055,11996
1210,2020-02-20,823,10935,11758
1210,2020-02-21,870,11140,12010
1210,2020-02-22,332,9089,9421
1210,2020-02-23,88,5121,5209
1210,2020-02-24,633,11250,11883
1210,2020-02-25,817,11732,12549
1210,2020-02-26,906,11194,12100
1210,2020-02-27,824,11221,12045
1210,2020-02-28,862,12905,13767
1210,2020-02-29,319,8871,9190
1210,2020-03-01,120,6095,6215
1210,2020-03-02,893,12281,13174
1210,2020-03-03,1083,12585,13668
1210,2020-03-04,1033,13053,14086
1210,2020-03-05,972,11688,12660
1210,2020-03-06,980,12464,13444
1210,2020-03-07,367,10416,10783
1210,2020-03-08,107,6629,6736
1210,2020-03-09,986,12308,13294
1210,2020-03-10,876,11286,12162
1210,2020-03-11,910,12344,13254
1210,2020-03-12,938,11806,12744
1210,2020-03-13,1047,12608,13655
1210,2020-03-14,353,7978,8331
1210,2020-03-15,124,6579,6703
1210,2020-03-16,951,9216,10167
1210,2020-03-17,1012,8229,9241
1210,2020-03-18,922,6852,7774
1210,2020-03-19,737,5654,6391
1210,2020-03-20,631,5205,5836
1210,2020-03-21,213,2440,2653
1210,2020-03-22,67,1887,1954
1210,2020-03-23,453,4128,4581
1210,2020-03-24,465,4066,4531
1210,2020-03-25,444,4174,4618
1210,2020-03-26,401,4083,4484
1210,2020-03-27,416,4385,4801
1210,2020-03-28,161,3017,3178
1210,2020-03-30,366,4162,4528
1210,2020-03-31,428,4191,4619
1210,2020-04-01,424,4304,4728
1210,2020-04-02,413,4321,4734
1210,2020-04-03,451,4400,4851
1210,2020-04-04,190,2816,3006
1210,2020-04-05,48,2036,2084
1210,2020-04-06,452,4416,4868
1210,2020-04-07,478,4457,4935
1210,2020-04-08,436,4569,5005
1210,2020-04-09,461,4740,5201
1210,2020-04-10,336,4833,5169
1210,2020-04-11,134,3259,3393
1210,2020-04-12,42,1910,1952
1210,2020-04-13,59,1761,1820
1210,2020-04-14,410,4761,5171
1210,2020-04-15,462,4885,5347
1210,2020-04-16,452,4886,5338
1210,2020-04-17,471,5466,5937
1210,2020-04-18,193,3405,3598
1210,2020-04-19,49,2528,2577
1210,2020-04-20,679,7011,7690
1210,2020-04-21,731,7017,7748
1210,2020-04-22,755,7395,8150
1210,2020-04-23,734,7518,8252
1210,2020-04-24,824,7933,8757
1210,2020-04-25,286,6123,6409
1210,2020-04-26,57,3949,4006
1210,2020-04-27,925,7938,8863
1210,2020-04-28,896,8077,8973
1210,2020-04-29,964,8373,9337
1210,2020-04-30,828,8390,9218
1210,2020-05-01,100,3174,3274
1210,2020-05-02,282,5919,6201
1210,2020-05-03,54,3974,4028
1210,2020-05-04,822,8520,9342
1210,2020-05-05,874,8713,9587
1210,2020-05-06,944,9013,9957
1210,2020-05-07,903,9074,9977
1210,2020-05-08,866,9826,10692
1210,2020-05-09,154,4285,4439
1210,2020-05-10,60,3689,3749
1210,2020-05-11,904,9991,10895
1210,2020-05-12,1019,10519,11538
1210,2020-05-13,977,10661,11638
1210,2020-05-14,987,10529,11516
1210,2020-05-15,1044,11204,12248
1210,2020-05-16,413,9381,9794
1210,2020-05-17,94,7728,7822
1210,2020-05-18,1022,10678,11700
1210,2020-05-19,1031,11252,12283
1210,2020-05-20,996,12093,13089
1210,2020-05-21,156,9326,9482
1210,2020-05-22,763,11276,12039
1210,2020-05-23,338,7471,7809
1210,2020-05-24,117,6542,6659
1210,2020-05-25,900,11156,12056
1210,2020-05-26,1037,11558,12595
1210,2020-05-27,1014,11572,12586
1210,2020-05-28,999,11771,12770
1210,2020-05-29,990,12722,13712
1210,2020-05-30,381,10573,10954
1210,2020-05-31,114,9964,10078
1210,2020-06-01,148,10233,10381
1210,2020-06-02,925,12486,13411
1210,2020-06-03,980,12058,13038
1210,2020-06-04,1011,11335,12346
1210,2020-06-05,954,11385,12339
1210,2020-06-06,378,8692,9070
1210,2020-06-07,108,7358,7466
1210,2020-06-08,1010,11537,12547
1210,2020-06-09,1071,12046,13117
1210,2020-06-10,1000,12318,13318
1210,2020-06-11,887,12880,13767
1210,2020-06-12,1001,12681,13682
1210,2020-06-13,344,9973,10317
1210,2020-06-14,123,7780,7903
1210,2020-06-15,861,11820,12681
1210,2020-06-16,1028,12477,13505
1210,2020-06-17,949,12652,13601
1210,2020-06-18,972,12639,13611
1210,2020-06-19,1055,13152,14207
1210,2020-06-20,348,9946,10294
1210,2020-06-21,128,8800,8928
1210,2020-06-22,771,11904,12675
1210,2020-06-23,265,8965,9230
1210,2020-06-24,1087,12982,14069
1210,2020-06-25,1006,13037,14043
1210,2020-06-26,973,12521,13494
1210,2020-06-27,442,10615,11057
1210,2020-06-28,188,8199,8387
1210,2020-06-29,965,12466,13431
1210,2020-06-30,1036,12946,13982
1210,2020-07-01,1036,13098,14134
1210,2020-07-02,1033,12889,13922
1210,2020-07-03,1045,13811,14856
1210,2020-07-04,357,10641,10998
1210,2020-07-05,106,7521,7627
1210,2020-07-06,914,12227,13141
1210,2020-07-07,862,12871,13733
1210,2020-07-08,1003,13058,14061
1210,2020-07-09,1015,13080,14095
1210,2020-07-10,1053,13151,14204
1210,2020-07-11,378,11449,11827
1210,2020-07-12,152,10488,10640
1210,2020-07-13,854,12667,13521
1210,2020-07-14,921,13190,14111
1210,2020-07-15,760,13235,13995
1210,2020-07-16,814,12564,13378
1210,2020-07-17,887,12965,13852
1210,2020-07-18,313,11006,11319
1210,2020-07-19,148,9313,9461
1210,2020-07-20,767,12388,13155
1210,2020-07-21,824,12607,13431
1210,2020-07-22,829,12605,13434
1210,2020-07-23,832,12717,13549
1210,2020-07-24,909,12590,13499
1210,2020-07-25,351,10486,10837
1210,2020-07-26,132,7857,7989
1210,2020-07-27,800,12183,12983
1210,2020-07-28,864,12324,13188
1210,2020-07-29,843,12459,13302
1210,2020-07-30,721,12289,13010
1210,2020-07-31,598,12025,12623
1210,2020-08-01,222,9412,9634
1210,2020-08-02,138,8626,8764
1210,2020-08-03,544,10752,11296
1210,2020-08-04,574,11556,12130
1210,2020-08-05,611,11749,12360
1210,2020-08-06,571,11562,12133
1210,2020-08-07,579,11414,11993
1210,2020-08-08,270,9374,9644
1210,2020-08-09,116,8140,8256
1210,2020-08-10,522,10681,11203
1210,2020-08-11,580,10996,11576
1210,2020-08-12,548,10927,11475
1210,2020-08-13,548,11014,11562
1210,2020-08-14,542,11493,12035
1210,2020-08-15,142,8522,8664
1210,2020-08-16,118,7984,8102
1210,2020-08-17,521,10827,11348
1210,2020-08-18,621,10966,11587
1210,2020-08-19,631,11446,12077
1210,2020-08-20,578,11447,12025
1210,2020-08-21,659,11380,12039
1210,2020-08-22,267,9999,10266
1210,2020-08-23,141,8628,8769
1210,2020-08-24,750,11148,11898
1210,2020-08-25,880,11570,12450
1210,2020-08-26,858,11347,12205
1210,2020-08-27,845,12048,12893
1210,2020-08-28,814,11836,12650
1210,2020-08-29,423,9934,10357
1210,2020-08-30,138,7830,7968
1210,2020-08-31,781,11233,12014
1210,2020-09-01,878,11404,12282
1210,2020-09-02,984,12027,13011
1210,2020-09-03,931,12090,13021
1210,2020-09-04,925,12412,13337
1210,2020-09-05,430,9922,10352
1210,2020-09-06,176,8510,8686
1210,2020-09-07,949,12076,13025
1210,2020-09-08,1013,12683,13696
1210,2020-09-09,953,12487,13440
1210,2020-09-10,927,12560,13487
1210,2020-09-11,990,13050,14040
1210,2020-09-12,363,10857,11220
1210,2020-09-13,163,10373,10536
1210,2020-09-14,934,12492,13426
1210,2020-09-15,970,13203,14173
1210,2020-09-16,1065,12803,13868
1210,2020-09-17,1060,13467,14527
1210,2020-09-18,986,13600,14586
1210,2020-09-19,490,11099,11589
1210,2020-09-20,138,9662,9800
1210,2020-09-21,955,12607,13562
1210,2020-09-22,1072,13303,14375
1210,2020-09-23,1064,12992,14056
1210,2020-09-24,1075,12990,14065
1210,2020-09-26,378,9686,10064
1210,2020-09-27,148,6472,6620
1210,2020-09-28,906,12192,13098
1210,2020-09-29,947,12764,13711
1210,2020-09-30,1061,12712,13773
1210,2020-10-01,1028,12728,13756
1210,2020-10-02,968,12803,13771
1210,2020-10-03,294,9976,10270
1210,2020-10-04,124,6873,6997
1210,2020-10-05,856,11788,12644
1210,2020-10-06,921,12205,13126
1210,2020-10-07,1004,12479,13483
1210,2020-10-08,903,12604,13507
1210,2020-10-09,795,11796,12591
1210,2020-10-10,385,10520,10905
1210,2020-10-11,125,7857,7982
1210,2020-10-12,1004,12254,13258
1210,2020-10-13,1089,12769,13858
1210,2020-10-14,1030,12947,13977
1210,2020-10-15,1139,12888,14027
1210,2020-10-16,1036,13238,14274
1210,2020-10-17,452,10226,10678
1210,2020-10-18,157,8524,8681
1210,2020-10-19,1094,12428,13522
1210,2020-10-20,1135,12576,13711
1210,2020-10-21,1048,12760,13808
1210,2020-10-22,934,12735,13669
1210,2020-10-23,836,12324,13160
1210,2020-10-24,358,9640,9998
1210,2020-10-25,117,5881,5998
1210,2020-10-26,993,12528,13521
1210,2020-10-27,1108,12798,13906
1210,2020-10-28,830,12466,13296
1210,2020-10-29,958,12474,13432
1210,2020-10-30,1069,13019,14088
1210,2020-11-01,77,4510,4587
1210,2020-11-02,910,11308,12218
1210,2020-11-03,1014,12174,13188
1210,2020-11-04,1007,12311,13318
1210,2020-11-05,972,12529,13501
1210,2020-11-06,1024,12912,13936
1210,2020-11-07,434,10728,11162
1210,2020-11-08,116,6955,7071
1210,2020-11-09,894,11958,12852
1210,2020-11-10,1006,12481,13487
1210,2020-11-11,907,12533,13440
1210,2020-11-12,966,12176,13142
1210,2020-11-13,920,13100,14020
1210,2020-11-14,338,10767,11105
1210,2020-11-15,90,6302,6392
1210,2020-11-16,796,11662,12458
1210,2020-11-17,1034,12302,13336
1210,2020-11-18,1019,12556,13575
1210,2020-11-19,925,11956,12881
1210,2020-11-20,1021,12771,13792
1210,2020-11-21,386,10378,10764
1210,2020-11-22,130,6572,6702
1210,2020-11-23,909,12044,12953
1210,2020-11-24,908,12415,13323
1210,2020-11-25,1059,12319,13378
1210,2020-11-26,1061,12072,13133
1210,2020-11-27,985,12493,13478
1210,2020-11-28,367,9493,9860
1210,2020-11-29,111,6063,6174
1210,2020-11-30,982,11865,12847
1210,2020-12-01,875,11743,12618
1210,2020-12-02,910,11947,12857
1210,2020-12-03,914,12035,12949
1210,2020-12-04,914,12166,13080
1210,2020-12-05,345,8989,9334
1210,2020-12-06,110,5407,5517
1210,2020-12-07,910,11784,12694
1210,2020-12-08,1003,11543,12546
1210,2020-12-09,992,11719,12711
1210,2020-12-10,1140,12190,13330
1210,2020-12-11,864,12021,12885
1210,2020-12-12,282,7957,8239
1210,2020-12-13,99,5426,5525
1210,2020-12-14,951,12099,13050
1210,2020-12-15,880,11609,12489
1210,2020-12-16,938,12217,13155
1210,2020-12-17,887,12391,13278
1210,2020-12-18,857,12759,13616
1210,2020-12-19,345,9193,9538
1210,2020-12-20,122,5577,5699
1210,2020-12-21,541,10722,11263
1210,2020-12-22,424,7586,8010
1210,2020-12-23,393,8604,8997
1210,2020-12-24,259,7402,7661
1210,2020-12-25,98,4377,4475
1210,2020-12-26,114,4647,4761
1210,2020-12-27,89,3434,3523
1210,2020-12-28,346,6982,7328
1210,2020-12-29,391,7401,7792
1210,2020-12-30,405,7842,8247
1210,2020-12-31,268,6044,6312
1211,2020-01-01,8,1230,1238
1211,2020-01-02,48,2541,2589
1211,2020-01-03,50,2638,2688
1211,2020-01-04,43,2278,2321
1211,2020-01-05,10,1687,1697
1211,2020-01-06,78,3432,3510
1211,2020-01-07,82,3380,3462
1211,2020-01-08,55,3253,3308
1211,2020-01-09,59,3477,3536
1211,2020-01-10,84,3465,3549
1211,2020-01-11,56,2775,2831
1211,2020-01-12,16,1778,1794
1211,2020-01-13,62,3506,3568
1211,2020-01-14,96,3459,3555
1211,2020-01-15,88,3515,3603
1211,2020-01-16,73,3708,3781
1211,2020-01-17,89,3717,3806
1211,2020-01-18,51,2891,2942
1211,2020-01-19,15,1950,1965
1211,2020-01-20,96,3541,3637
1211,2020-01-21,89,3695,3784
1211,2020-01-22,91,3574,3665
1211,2020-01-23,110,3612,3722
1211,2020-01-24,102,3638,3740
1211,2020-01-25,60,2785,2845
1211,2020-01-26,11,1810,1821
1211,2020-01-27,92,3593,3685
1211,2020-01-28,104,3519,3623
1211,2020-01-29,109,3449,3558
1211,2020-01-30,97,3706,3803
1211,2020-01-31,108,3734,3842
1211,2020-02-01,59,2706,2765
1211,2020-02-02,6,1829,1835
1211,2020-02-03,112,3811,3923
1211,2020-02-04,108,3665,3773
1211,2020-02-05,86,3559,3645
1211,2020-02-06,105,3591,3696
1211,2020-02-07,118,3735,3853
1211,2020-02-08,61,3001,3062
1211,2020-02-09,8,1702,1710
1211,2020-02-10,84,3512,3596
1211,2020-02-11,106,3707,3813
1211,2020-02-12,109,3749,3858
1211,2020-02-13,99,3660,3759
1211,2020-02-14,92,3703,3795
1211,2020-02-15,42,2487,2529
1211,2020-02-16,14,1567,1581
1211,2020-02-17,108,3106,3214
1211,2020-02-18,117,3064,3181
1211,2020-02-19,93,3160,3253
1211,2020-02-20,91,2992,3083
1211,2020-02-21,82,3052,3134
1211,2020-02-22,55,2553,2608
1211,2020-02-23,12,1681,1693
1211,2020-02-24,76,3472,3548
1211,2020-02-25,100,3683,3783
1211,2020-02-26,125,3646,3771
1211,2020-02-27,69,2535,2604
1211,2020-02-28,135,3929,4064
1211,2020-02-29,50,2671,2721
1211,2020-03-01,14,1774,1788
1211,2020-03-02,131,3620,3751
1211,2020-03-03,176,3581,3757
1211,2020-03-04,114,3671,3785
1211,2020-03-05,92,3593,3685
1211,2020-03-06,117,3802,3919
1211,2020-03-07,57,2873,2930
1211,2020-03-08,9,1862,1871
1211,2020-03-09,116,3498,3614
1211,2020-03-10,93,3506,3599
1211,2020-03-11,131,3526,3657
1211,2020-03-12,114,3633,3747
1211,2020-03-13,107,3432,3539
1211,2020-03-14,56,2234,2290
1211,2020-03-15,11,1412,1423
1211,2020-03-16,92,2585,2677
1211,2020-03-17,108,2385,2493
1211,2020-03-18,79,2082,2161
1211,2020-03-19,79,1812,1891
1211,2020-03-20,67,1727,1794
1211,2020-03-21,20,996,1016
1211,2020-03-22,2,542,544
1211,2020-03-23,79,1387,1466
1211,2020-03-24,57,1361,1418
1211,2020-03-25,54,1339,1393
1211,2020-03-26,70,1318,1388
1211,2020-03-27,70,1499,1569
1211,2020-03-28,45,1027,1072
1211,2020-03-30,59,1363,1422
1211,2020-03-31,89,1383,1472
1211,2020-04-01,49,1470,1519
1211,2020-04-02,92,1448,1540
1211,2020-04-03,72,1519,1591
1211,2020-04-04,54,1086,1140
1211,2020-04-05,3,560,563
1211,2020-04-06,52,1417,1469
1211,2020-04-07,66,1498,1564
1211,2020-04-08,54,1440,1494
1211,2020-04-09,65,1607,1672
1211,2020-04-10,63,1623,1686
1211,2020-04-11,43,1171,1214
1211,2020-04-12,5,578,583
1211,2020-04-13,2,528,530
1211,2020-04-14,61,1479,1540
1211,2020-04-15,68,1550,1618
1211,2020-04-16,68,1688,1756
1211,2020-04-17,93,1730,1823
1211,2020-04-18,65,1231,1296
1211,2020-04-19,3,761,764
1211,2020-04-20,78,2274,2352
1211,2020-04-21,114,2197,2311
1211,2020-04-22,91,2295,2386
1211,2020-04-23,90,2405,2495
1211,2020-04-24,85,2399,2484
1211,2020-04-25,50,1995,2045
1211,2020-04-26,9,1039,1048
1211,2020-04-27,93,2406,2499
1211,2020-04-28,101,2247,2348
1211,2020-04-29,130,2403,2533
1211,2020-04-30,106,2617,2723
1211,2020-05-01,6,852,858
1211,2020-05-02,56,1982,2038
1211,2020-05-03,4,962,966
1211,2020-05-04,85,2425,2510
1211,2020-05-05,100,2566,2666
1211,2020-05-06,95,2787,2882
1211,2020-05-07,105,2806,2911
1211,2020-05-08,119,2865,2984
1211,2020-05-09,25,1268,1293
1211,2020-05-10,11,1052,1063
1211,2020-05-11,95,2850,2945
1211,2020-05-12,114,3040,3154
1211,2020-05-13,152,2965,3117
1211,2020-05-14,95,3026,3121
1211,2020-05-15,107,3188,3295
1211,2020-05-16,67,2597,2664
1211,2020-05-17,19,1626,1645
1211,2020-05-18,93,3061,3154
1211,2020-05-19,106,3266,3372
1211,2020-05-20,103,3407,3510
1211,2020-05-21,29,1696,1725
1211,2020-05-22,113,3337,3450
1211,2020-05-23,51,2317,2368
1211,2020-05-24,8,1462,1470
1211,2020-05-25,81,3219,3300
1211,2020-05-26,110,3421,3531
1211,2020-05-27,91,3298,3389
1211,2020-05-28,117,3474,3591
1211,2020-05-29,119,3519,3638
1211,2020-05-30,69,2914,2983
1211,2020-05-31,15,1763,1778
1211,2020-06-01,19,1782,1801
1211,2020-06-02,104,3421,3525
1211,2020-06-03,125,3432,3557
1211,2020-06-04,123,3283,3406
1211,2020-06-05,137,3404,3541
1211,2020-06-06,77,2634,2711
1211,2020-06-07,6,1574,1580
1211,2020-06-08,125,3404,3529
1211,2020-06-09,128,3657,3785
1211,2020-06-10,127,3460,3587
1211,2020-06-11,86,3676,3762
1211,2020-06-12,107,3651,3758
1211,2020-06-13,96,3010,3106
1211,2020-06-14,12,2108,2120
1211,2020-06-15,96,3775,3871
1211,2020-06-16,115,3657,3772
1211,2020-06-17,115,3468,3583
1211,2020-06-18,114,3618,3732
1211,2020-06-19,86,3702,3788
1211,2020-06-20,62,3025,3087
1211,2020-06-21,10,1965,1975
1211,2020-06-22,82,3649,3731
1211,2020-06-23,28,1716,1744
1211,2020-06-24,144,3667,3811
1211,2020-06-25,130,3704,3834
1211,2020-06-26,151,3783,3934
1211,2020-06-27,59,2838,2897
1211,2020-06-28,15,1803,1818
1211,2020-06-29,111,3515,3626
1211,2020-06-30,103,3544,3647
1211,2020-07-01,102,3630,3732
1211,2020-07-02,118,3690,3808
1211,2020-07-03,98,3772,3870
1211,2020-07-04,60,2766,2826
1211,2020-07-05,8,1703,1711
1211,2020-07-06,112,3552,3664
1211,2020-07-07,125,3714,3839
1211,2020-07-08,131,3946,4077
1211,2020-07-09,92,3959,4051
1211,2020-07-10,81,3757,3838
1211,2020-07-11,75,2895,2970
1211,2020-07-12,13,2135,2148
1211,2020-07-13,97,3534,3631
1211,2020-07-14,109,3755,3864
1211,2020-07-15,107,3631,3738
1211,2020-07-16,124,3573,3697
1211,2020-07-17,84,3562,3646
1211,2020-07-18,57,2960,3017
1211,2020-07-19,17,1940,1957
1211,2020-07-20,114,3389,3503
1211,2020-07-21,98,3410,3508
1211,2020-07-22,98,3275,3373
1211,2020-07-23,103,3547,3650
1211,2020-07-24,117,3498,3615
1211,2020-07-25,64,2664,2728
1211,2020-07-26,13,1672,1685
1211,2020-07-27,79,3439,3518
1211,2020-07-28,90,3316,3406
1211,2020-07-29,102,3516,3618
1211,2020-07-30,92,3371,3463
1211,2020-07-31,74,3107,3181
1211,2020-08-01,59,2480,2539
1211,2020-08-02,9,1758,1767
1211,2020-08-03,72,2973,3045
1211,2020-08-04,70,2955,3025
1211,2020-08-05,64,2964,3028
1211,2020-08-06,59,2949,3008
1211,2020-08-07,66,3045,3111
1211,2020-08-08,48,2289,2337
1211,2020-08-09,11,1541,1552
1211,2020-08-10,57,2801,2858
1211,2020-08-11,52,2933,2985
1211,2020-08-12,88,2844,2932
1211,2020-08-13,53,2896,2949
1211,2020-08-14,76,2992,3068
1211,2020-08-15,12,1637,1649
1211,2020-08-16,10,1716,1726
1211,2020-08-17,59,2794,2853
1211,2020-08-18,66,3027,3093
1211,2020-08-19,79,3008,3087
1211,2020-08-20,64,2958,3022
1211,2020-08-21,65,3025,3090
1211,2020-08-22,46,2496,2542
1211,2020-08-23,10,1642,1652
1211,2020-08-24,128,3007,3135
1211,2020-08-25,99,3282,3381
1211,2020-08-26,100,3214,3314
1211,2020-08-27,143,3268,3411
1211,2020-08-28,120,3309,3429
1211,2020-08-29,83,2461,2544
1211,2020-08-30,11,1671,1682
1211,2020-08-31,100,3051,3151
1211,2020-09-01,96,3003,3099
1211,2020-09-02,100,3044,3144
1211,2020-09-03,97,3082,3179
1211,2020-09-04,77,3246,3323
1211,2020-09-05,75,2720,2795
1211,2020-09-06,13,1816,1829
1211,2020-09-07,95,3543,3638
1211,2020-09-08,94,3619,3713
1211,2020-09-09,99,3586,3685
1211,2020-09-10,96,3499,3595
1211,2020-09-11,126,3680,3806
1211,2020-09-12,63,2866,2929
1211,2020-09-13,11,2011,2022
1211,2020-09-14,94,3538,3632
1211,2020-09-15,105,3555,3660
1211,2020-09-16,97,3572,3669
1211,2020-09-17,93,3706,3799
1211,2020-09-18,117,3814,3931
1211,2020-09-19,67,3134,3201
1211,2020-09-20,14,2084,2098
1211,2020-09-21,88,3663,3751
1211,2020-09-22,104,3726,3830
1211,2020-09-23,118,3655,3773
1211,2020-09-24,107,3613,3720
1211,2020-09-25,154,3754,3908
1211,2020-09-26,83,2833,2916
1211,2020-09-27,8,1725,1733
1211,2020-09-28,101,3752,3853
1211,2020-09-29,135,3800,3935
1211,2020-09-30,135,3700,3835
1211,2020-10-01,112,3793,3905
1211,2020-10-02,121,3805,3926
1211,2020-10-03,66,2740,2806
1211,2020-10-04,18,1818,1836
1211,2020-10-05,89,3561,3650
1211,2020-10-06,99,3830,3929
1211,2020-10-07,125,3678,3803
1211,2020-10-08,124,3809,3933
1211,2020-10-09,114,3614,3728
1211,2020-10-10,45,2812,2857
1211,2020-10-11,16,1870,1886
1211,2020-10-12,129,3548,3677
1211,2020-10-13,126,3789,3915
1211,2020-10-14,134,3642,3776
1211,2020-10-15,115,3761,3876
1211,2020-10-16,116,3862,3978
1211,2020-10-17,72,2944,3016
1211,2020-10-18,11,1800,1811
1211,2020-10-19,149,3548,3697
1211,2020-10-20,146,3709,3855
1211,2020-10-21,145,3623,3768
1211,2020-10-22,154,3741,3895
1211,2020-10-23,161,3586,3747
1211,2020-10-24,68,2639,2707
1211,2020-10-25,7,1579,1586
1211,2020-10-26,154,3397,3551
1211,2020-10-27,145,3376,3521
1211,2020-10-28,190,3442,3632
1211,2020-10-29,164,3474,3638
1211,2020-10-30,161,3403,3564
1211,2020-11-01,6,1191,1197
1211,2020-11-02,113,2897,3010
1211,2020-11-03,128,3098,3226
1211,2020-11-04,144,3059,3203
1211,2020-11-05,141,3062,3203
1211,2020-11-06,96,2980,3076
1211,2020-11-07,79,2547,2626
1211,2020-11-08,6,1471,1477
1211,2020-11-09,136,3312,3448
1211,2020-11-10,131,3481,3612
1211,2020-11-11,131,3235,3366
1211,2020-11-12,119,3515,3634
1211,2020-11-13,115,3578,3693
1211,2020-11-14,65,2826,2891
1211,2020-11-15,6,1793,1799
1211,2020-11-16,107,3402,3509
1211,2020-11-17,104,3657,3761
1211,2020-11-18,106,3574,3680
1211,2020-11-19,115,3658,3773
1211,2020-11-20,127,3855,3982
1211,2020-11-21,95,3654,3749
1211,2020-11-22,16,2091,2107
1211,2020-11-23,115,3694,3809
1211,2020-11-24,135,3776,3911
1211,2020-11-25,120,3801,3921
1211,2020-11-26,116,3618,3734
1211,2020-11-27,148,3569,3717
1211,2020-11-28,68,2691,2759
1211,2020-11-29,30,1515,1545
1211,2020-11-30,114,3251,3365
1211,2020-12-01,113,3318,3431
1211,2020-12-02,99,3308,3407
1211,2020-12-03,112,3407,3519
1211,2020-12-04,143,3508,3651
1211,2020-12-05,57,2577,2634
1211,2020-12-06,8,1525,1533
1211,2020-12-07,141,3283,3424
1211,2020-12-08,149,3272,3421
1211,2020-12-09,144,3252,3396
1211,2020-12-10,128,3436,3564
1211,2020-12-11,133,3460,3593
1211,2020-12-12,51,2511,2562
1211,2020-12-13,23,1373,1396
1211,2020-12-14,135,3334,3469
1211,2020-12-15,129,3516,3645
1211,2020-12-16,118,3371,3489
1211,2020-12-17,123,3460,3583
1211,2020-12-18,123,3543,3666
1211,2020-12-19,77,2549,2626
1211,2020-12-20,22,1498,1520
1211,2020-12-21,84,3012,3096
1211,2020-12-22,80,3157,3237
1211,2020-12-23,100,3214,3314
1211,2020-12-24,56,2374,2430
1211,2020-12-25,16,1116,1132
1211,2020-12-26,22,1105,1127
1211,2020-12-27,17,653,670
1211,2020-12-28,69,2074,2143
1211,2020-12-29,94,2070,2164
1211,2020-12-30,82,2245,2327
1211,2020-12-31,49,1420,1469
1223,2020-01-01,51,1880,1931
1223,2020-01-02,248,2890,3138
1223,2020-01-03,249,3081,3330
1223,2020-01-04,189,2751,2940
1223,2020-01-05,58,2556,2614
1223,2020-01-06,327,3741,4068
1223,2020-01-07,357,3846,4203
1223,2020-01-08,350,3829,4179
1223,2020-01-09,372,4009,4381
1223,2020-01-10,399,4297,4696
1223,2020-01-11,185,3172,3357
1223,2020-01-12,56,2689,2745
1223,2020-01-13,453,4263,4716
1223,2020-01-14,456,4374,4830
1223,2020-01-15,486,4341,4827
1223,2020-01-16,466,4438,4904
1223,2020-01-17,436,4330,4766
1223,2020-01-18,207,3346,3553
1223,2020-01-19,50,2870,2920
1223,2020-01-20,469,4167,4636
1223,2020-01-21,455,4311,4766
1223,2020-01-22,481,4378,4859
1223,2020-01-23,506,4331,4837
1223,2020-01-24,555,4587,5142
1223,2020-01-25,205,3248,3453
1223,2020-01-26,57,2945,3002
1223,2020-01-27,468,4153,4621
1223,2020-01-28,486,4373,4859
1223,2020-01-29,475,4235,4710
1223,2020-01-30,504,4387,4891
1223,2020-01-31,503,4529,5032
1223,2020-02-01,200,3302,3502
1223,2020-02-02,55,2760,2815
1223,2020-02-03,459,4560,5019
1223,2020-02-04,420,4010,4430
1223,2020-02-05,431,4192,4623
1223,2020-02-06,493,4046,4539
1223,2020-02-07,544,4452,4996
1223,2020-02-08,204,3413,3617
1223,2020-02-09,59,2667,2726
1223,2020-02-10,492,3740,4232
1223,2020-02-11,524,4477,5001
1223,2020-02-12,518,4436,4954
1223,2020-02-13,431,4432,4863
1223,2020-02-14,441,4685,5126
1223,2020-02-15,204,3427,3631
1223,2020-02-16,55,2921,2976
1223,2020-02-17,422,3739,4161
1223,2020-02-18,433,3886,4319
1223,2020-02-19,374,3952,4326
1223,2020-02-20,395,3877,4272
1223,2020-02-21,469,4062,4531
1223,2020-02-22,207,3281,3488
1223,2020-02-23,55,2764,2819
1223,2020-02-24,405,3703,4108
1223,2020-02-25,513,4199,4712
1223,2020-02-26,518,4479,4997
1223,2020-02-27,471,4160,4631
1223,2020-02-28,500,4727,5227
1223,2020-02-29,210,3455,3665
1223,2020-03-01,86,3248,3334
1223,2020-03-02,465,4290,4755
1223,2020-03-03,495,4498,4993
1223,2020-03-04,549,4509,5058
1223,2020-03-05,525,4578,5103
1223,2020-03-06,509,4586,5095
1223,2020-03-07,204,3887,4091
1223,2020-03-08,71,3428,3499
1223,2020-03-09,539,4419,4958
1223,2020-03-10,522,4450,4972
1223,2020-03-11,477,4393,4870
1223,2020-03-12,490,4511,5001
1223,2020-03-13,532,4535,5067
1223,2020-03-14,228,2821,3049
1223,2020-03-15,69,3303,3372
1223,2020-03-16,409,3562,3971
1223,2020-03-17,375,2920,3295
1223,2020-03-18,404,2413,2817
1223,2020-03-19,312,2263,2575
1223,2020-03-20,308,1989,2297
1223,2020-03-21,170,1071,1241
1223,2020-03-22,15,835,850
1223,2020-03-23,288,1642,1930
1223,2020-03-24,264,1709,1973
1223,2020-03-25,246,1658,1904
1223,2020-03-26,245,1725,1970
1223,2020-03-27,264,1944,2208
1223,2020-03-28,155,1458,1613
1223,2020-03-30,274,1755,2029
1223,2020-03-31,256,1728,1984
1223,2020-04-01,233,1935,2168
1223,2020-04-02,248,1822,2070
1223,2020-04-03,263,1832,2095
1223,2020-04-04,151,1356,1507
1223,2020-04-05,9,1078,1087
1223,2020-04-06,251,1908,2159
1223,2020-04-07,268,1871,2139
1223,2020-04-08,238,1974,2212
1223,2020-04-09,283,2080,2363
1223,2020-04-10,203,2114,2317
1223,2020-04-11,156,1690,1846
1223,2020-04-12,6,917,923
1223,2020-04-13,13,863,876
1223,2020-04-14,244,2137,2381
1223,2020-04-15,267,2119,2386
1223,2020-04-16,262,2034,2296
1223,2020-04-17,268,2396,2664
1223,2020-04-18,151,1613,1764
1223,2020-04-19,12,1308,1320
1223,2020-04-20,312,2574,2886
1223,2020-04-21,436,2715,3151
1223,2020-04-22,454,2766,3220
1223,2020-04-23,405,2855,3260
1223,2020-04-24,490,3149,3639
1223,2020-04-25,187,2257,2444
1223,2020-04-26,13,2155,2168
1223,2020-04-27,437,2966,3403
1223,2020-04-28,451,2897,3348
1223,2020-04-29,414,3018,3432
1223,2020-04-30,424,3272,3696
1223,2020-05-01,12,1282,1294
1223,2020-05-02,156,2070,2226
1223,2020-05-03,12,1993,2005
1223,2020-05-04,466,3121,3587
1223,2020-05-05,375,3329,3704
1223,2020-05-06,377,3439,3816
1223,2020-05-07,381,3537,3918
1223,2020-05-08,439,3847,4286
1223,2020-05-09,54,1949,2003
1223,2020-05-10,38,1984,2022
1223,2020-05-11,399,3517,3916
1223,2020-05-12,381,3791,4172
1223,2020-05-13,402,3887,4289
1223,2020-05-14,421,3709,4130
1223,2020-05-15,428,3980,4408
1223,2020-05-16,206,4000,4206
1223,2020-05-17,67,4253,4320
1223,2020-05-18,434,4105,4539
1223,2020-05-19,421,4458,4879
1223,2020-05-20,425,4638,5063
1223,2020-05-21,61,3967,4028
1223,2020-05-22,541,4089,4630
1223,2020-05-23,215,2976,3191
1223,2020-05-24,65,3268,3333
1223,2020-05-25,409,3998,4407
1223,2020-05-26,422,4595,5017
1223,2020-05-27,404,4475,4879
1223,2020-05-28,449,4556,5005
1223,2020-05-29,423,4875,5298
1223,2020-05-30,204,4146,4350
1223,2020-05-31,69,4575,4644
1223,2020-06-01,83,4718,4801
1223,2020-06-02,425,4818,5243
1223,2020-06-03,440,4643,5083
1223,2020-06-04,455,4405,4860
1223,2020-06-05,406,4622,5028
1223,2020-06-06,231,3586,3817
1223,2020-06-07,58,3454,3512
1223,2020-06-08,420,4524,4944
1223,2020-06-09,531,4692,5223
1223,2020-06-10,468,4783,5251
1223,2020-06-11,399,5180,5579
1223,2020-06-12,530,5351,5881
1223,2020-06-13,215,4331,4546
1223,2020-06-14,84,3783,3867
1223,2020-06-15,496,4605,5101
1223,2020-06-16,532,4791,5323
1223,2020-06-17,494,4784,5278
1223,2020-06-18,533,5508,6041
1223,2020-06-19,474,5381,5855
1223,2020-06-20,231,4471,4702
1223,2020-06-21,80,4515,4595
1223,2020-06-22,394,4919,5313
1223,2020-06-23,88,4028,4116
1223,2020-06-24,406,5364,5770
1223,2020-06-25,451,5460,5911
1223,2020-06-26,480,5346,5826
1223,2020-06-27,224,4632,4856
1223,2020-06-28,83,3920,4003
1223,2020-06-29,449,5067,5516
1223,2020-06-30,448,5222,5670
1223,2020-07-01,449,5325,5774
1223,2020-07-02,430,5435,5865
1223,2020-07-03,423,6050,6473
1223,2020-07-04,228,4941,5169
1223,2020-07-05,84,3780,3864
1223,2020-07-06,444,5402,5846
1223,2020-07-07,422,5770,6192
1223,2020-07-08,512,6262,6774
1223,2020-07-09,462,5786,6248
1223,2020-07-10,437,5711,6148
1223,2020-07-11,224,5084,5308
1223,2020-07-12,90,4905,4995
1223,2020-07-13,467,5491,5958
1223,2020-07-14,484,5688,6172
1223,2020-07-15,419,5499,5918
1223,2020-07-16,384,5513,5897
1223,2020-07-17,385,5950,6335
1223,2020-07-18,219,4675,4894
1223,2020-07-19,76,4548,4624
1223,2020-07-20,418,5174,5592
1223,2020-07-21,398,5478,5876
1223,2020-07-22,437,5318,5755
1223,2020-07-23,445,5245,5690
1223,2020-07-24,427,5368,5795
1223,2020-07-25,255,4422,4677
1223,2020-07-26,79,3918,3997
1223,2020-07-27,389,5325,5714
1223,2020-07-28,419,4568,4987
1223,2020-07-29,389,4692,5081
1223,2020-07-30,398,4650,5048
1223,2020-07-31,362,4774,5136
1223,2020-08-01,189,3775,3964
1223,2020-08-02,79,4397,4476
1223,2020-08-03,286,3891,4177
1223,2020-08-04,296,4295,4591
1223,2020-08-05,310,4375,4685
1223,2020-08-06,303,4440,4743
1223,2020-08-07,321,4380,4701
1223,2020-08-08,185,3702,3887
1223,2020-08-09,62,3478,3540
1223,2020-08-10,287,3926,4213
1223,2020-08-11,266,4076,4342
1223,2020-08-12,273,4138,4411
1223,2020-08-13,283,4195,4478
1223,2020-08-14,302,4457,4759
1223,2020-08-15,74,3901,3975
1223,2020-08-16,76,4068,4144
1223,2020-08-17,275,4191,4466
1223,2020-08-18,306,4181,4487
1223,2020-08-19,291,4568,4859
1223,2020-08-20,325,4828,5153
1223,2020-08-21,323,4560,4883
1223,2020-08-22,185,4158,4343
1223,2020-08-23,77,4072,4149
1223,2020-08-24,345,4348,4693
1223,2020-08-25,415,4554,4969
1223,2020-08-26,369,4343,4712
1223,2020-08-27,387,4802,5189
1223,2020-08-28,418,4646,5064
1223,2020-08-29,195,3841,4036
1223,2020-08-30,83,3576,3659
1223,2020-08-31,441,4309,4750
1223,2020-09-01,387,4459,4846
1223,2020-09-02,368,4658,5026
1223,2020-09-03,367,4679,5046
1223,2020-09-04,432,5216,5648
1223,2020-09-05,217,4109,4326
1223,2020-09-06,79,4052,4131
1223,2020-09-07,389,4834,5223
1223,2020-09-08,401,5003,5404
1223,2020-09-09,390,4910,5300
1223,2020-09-10,413,5042,5455
1223,2020-09-11,482,5518,6000
1223,2020-09-12,295,4764,5059
1223,2020-09-13,115,5066,5181
1223,2020-09-14,599,5316,5915
1223,2020-09-15,539,5533,6072
1223,2020-09-16,558,5367,5925
1223,2020-09-17,582,5324,5906
1223,2020-09-18,647,5685,6332
1223,2020-09-19,372,5136,5508
1223,2020-09-20,128,5035,5163
1223,2020-09-21,578,5396,5974
1223,2020-09-22,611,5642,6253
1223,2020-09-23,616,5415,6031
1223,2020-09-24,566,5371,5937
1223,2020-09-25,580,5547,6127
1223,2020-09-26,335,4108,4443
1223,2020-09-27,102,3002,3104
1223,2020-09-28,611,4903,5514
1223,2020-09-29,576,5312,5888
1223,2020-09-30,632,5311,5943
1223,2020-10-01,564,5107,5671
1223,2020-10-02,534,5374,5908
1223,2020-10-03,265,4132,4397
1223,2020-10-04,101,3124,3225
1223,2020-10-05,520,4859,5379
1223,2020-10-06,531,5097,5628
1223,2020-10-07,495,5105,5600
1223,2020-10-08,506,5350,5856
1223,2020-10-09,488,5439,5927
1223,2020-10-10,268,4599,4867
1223,2020-10-11,93,3519,3612
1223,2020-10-12,495,4800,5295
1223,2020-10-13,536,5302,5838
1223,2020-10-14,530,5513,6043
1223,2020-10-15,511,5642,6153
1223,2020-10-16,532,5626,6158
1223,2020-10-17,246,4400,4646
1223,2020-10-18,92,3416,3508
1223,2020-10-19,522,6421,6943
1223,2020-10-20,588,6512,7100
1223,2020-10-21,506,6331,6837
1223,2020-10-22,502,6302,6804
1223,2020-10-23,506,5884,6390
1223,2020-10-24,285,4181,4466
1223,2020-10-25,83,2605,2688
1223,2020-10-26,530,5578,6108
1223,2020-10-27,490,5668,6158
1223,2020-10-28,618,6004,6622
1223,2020-10-29,500,5704,6204
1223,2020-10-30,509,5967,6476
1223,2020-11-01,82,2270,2352
1223,2020-11-02,469,4869,5338
1223,2020-11-03,478,5183,5661
1223,2020-11-04,480,5191,5671
1223,2020-11-05,517,5304,5821
1223,2020-11-06,474,5584,6058
1223,2020-11-07,269,4390,4659
1223,2020-11-08,83,3133,3216
1223,2020-11-09,536,5253,5789
1223,2020-11-10,539,5032,5571
1223,2020-11-11,517,4969,5486
1223,2020-11-12,499,5228,5727
1223,2020-11-13,501,5413,5914
1223,2020-11-14,263,4379,4642
1223,2020-11-15,111,3039,3150
1223,2020-11-16,473,4805,5278
1223,2020-11-17,496,5280,5776
1223,2020-11-18,471,5370,5841
1223,2020-11-19,518,5181,5699
1223,2020-11-20,501,5761,6262
1223,2020-11-21,267,3918,4185
1223,2020-11-22,82,2840,2922
1223,2020-11-23,497,4968,5465
1223,2020-11-24,501,5273,5774
1223,2020-11-25,511,5297,5808
1223,2020-11-26,524,5015,5539
1223,2020-11-27,524,5252,5776
1223,2020-11-28,275,3756,4031
1223,2020-11-29,88,2333,2421
1223,2020-11-30,468,4899,5367
1223,2020-12-01,507,4999,5506
1223,2020-12-02,527,4896,5423
1223,2020-12-03,519,5004,5523
1223,2020-12-04,483,5243,5726
1223,2020-12-05,233,3582,3815
1223,2020-12-06,77,2270,2347
1223,2020-12-07,459,4948,5407
1223,2020-12-08,501,5117,5618
1223,2020-12-09,517,4951,5468
1223,2020-12-10,499,5171,5670
1223,2020-12-11,479,5309,5788
1223,2020-12-12,250,3390,3640
1223,2020-12-13,95,2369,2464
1223,2020-12-14,540,5079,5619
1223,2020-12-15,483,5324,5807
1223,2020-12-16,539,5104,5643
1223,2020-12-17,570,5112,5682
1223,2020-12-18,511,5500,6011
1223,2020-12-19,272,3502,3774
1223,2020-12-20,80,2265,2345
1223,2020-12-21,348,4340,4688
1223,2020-12-22,322,4606,4928
1223,2020-12-23,339,4342,4681
1223,2020-12-24,252,2722,2974
1223,2020-12-25,62,1809,1871
1223,2020-12-26,84,1793,1877
1223,2020-12-27,80,1647,1727
1223,2020-12-28,309,3433,3742
1223,2020-12-29,333,3660,3993
1223,2020-12-30,321,3890,4211
1223,2020-12-31,285,2208,2493
1229,2020-01-01,16,1006,1022
1229,2020-01-02,100,1958,2058
1229,2020-01-03,130,2139,2269
1229,2020-01-04,64,1721,1785
1229,2020-01-05,9,1226,1235
1229,2020-01-06,159,2765,2924
1229,2020-01-07,189,2873,3062
1229,2020-01-08,171,2885,3056
1229,2020-01-09,166,2928,3094
1229,2020-01-10,187,2963,3150
1229,2020-01-11,80,1947,2027
1229,2020-01-12,18,1329,1347
1229,2020-01-13,212,2957,3169
1229,2020-01-14,233,3048,3281
1229,2020-01-15,240,3086,3326
1229,2020-01-16,211,3204,3415
1229,2020-01-17,228,3036,3264
1229,2020-01-18,83,2109,2192
1229,2020-01-19,16,1498,1514
1229,2020-01-20,231,3009,3240
1229,2020-01-21,229,3119,3348
1229,2020-01-23,255,3145,3400
1229,2020-01-24,236,3146,3382
1229,2020-01-25,82,1994,2076
1229,2020-01-26,12,1522,1534
1229,2020-01-27,222,2979,3201
1229,2020-01-28,234,3191,3425
1229,2020-01-29,238,3097,3335
1229,2020-01-30,210,3158,3368
1229,2020-01-31,201,3055,3256
1229,2020-02-01,70,2074,2144
1229,2020-02-02,15,1382,1397
1229,2020-02-03,226,3116,3342
1229,2020-02-04,242,3116,3358
1229,2020-02-05,253,3025,3278
1229,2020-02-06,226,3126,3352
1229,2020-02-07,208,3084,3292
1229,2020-02-08,85,2042,2127
1229,2020-02-09,19,1252,1271
1229,2020-02-10,186,2280,2466
1229,2020-02-11,230,3022,3252
1229,2020-02-12,214,2993,3207
1229,2020-02-13,217,3026,3243
1229,2020-02-14,195,3145,3340
1229,2020-02-15,92,1959,2051
1229,2020-02-16,23,1554,1577
1229,2020-02-17,213,2463,2676
1229,2020-02-18,197,2600,2797
1229,2020-02-19,198,2685,2883
1229,2020-02-20,173,2621,2794
1229,2020-02-21,214,2697,2911
1229,2020-02-22,101,1994,2095
1229,2020-02-23,21,1350,1371
1229,2020-02-24,168,2411,2579
1229,2020-02-25,216,2898,3114
1229,2020-02-26,286,3026,3312
1229,2020-02-27,186,2819,3005
1229,2020-02-28,212,3114,3326
1229,2020-02-29,83,2007,2090
1229,2020-03-01,17,1498,1515
1229,2020-03-02,201,2910,3111
1229,2020-03-03,203,3100,3303
1229,2020-03-04,272,3195,3467
1229,2020-03-05,229,3182,3411
1229,2020-03-06,207,3181,3388
1229,2020-03-07,92,2143,2235
1229,2020-03-08,29,1507,1536
1229,2020-03-09,236,2978,3214
1229,2020-03-10,219,3120,3339
1229,2020-03-11,243,3062,3305
1229,2020-03-12,230,3152,3382
1229,2020-03-13,270,2941,3211
1229,2020-03-14,141,1796,1937
1229,2020-03-15,17,1478,1495
1229,2020-03-16,209,2151,2360
1229,2020-03-17,262,1965,2227
1229,2020-03-18,224,1802,2026
1229,2020-03-19,197,1577,1774
1229,2020-03-20,161,1433,1594
1229,2020-03-21,93,594,687
1229,2020-03-22,10,415,425
1229,2020-03-23,128,1049,1177
1229,2020-03-24,141,1146,1287
1229,2020-03-25,130,1147,1277
1229,2020-03-26,148,1136,1284
1229,2020-03-27,111,1219,1330
1229,2020-03-28,102,745,847
1229,2020-03-30,131,1123,1254
1229,2020-03-31,136,1156,1292
1229,2020-04-01,150,1213,1363
1229,2020-04-02,171,1290,1461
1229,2020-04-03,152,1215,1367
1229,2020-04-04,72,747,819
1229,2020-04-05,16,523,539
1229,2020-04-06,144,1275,1419
1229,2020-04-07,172,1362,1534
1229,2020-04-08,147,1354,1501
1229,2020-04-09,152,1422,1574
1229,2020-04-10,123,1253,1376
1229,2020-04-11,96,951,1047
1229,2020-04-12,7,494,501
1229,2020-04-13,9,488,497
1229,2020-04-14,154,1386,1540
1229,2020-04-15,123,1353,1476
1229,2020-04-16,155,1469,1624
1229,2020-04-17,138,1606,1744
1229,2020-04-18,89,885,974
1229,2020-04-19,12,749,761
1229,2020-04-20,209,1828,2037
1229,2020-04-21,289,1909,2198
1229,2020-04-22,247,1860,2107
1229,2020-04-23,222,2096,2318
1229,2020-04-24,273,2144,2417
1229,2020-04-25,82,1431,1513
1229,2020-04-26,13,1043,1056
1229,2020-04-27,241,2186,2427
1229,2020-04-28,255,2029,2284
1229,2020-04-29,235,2092,2327
1229,2020-04-30,246,2136,2382
1229,2020-05-02,65,1280,1345
1229,2020-05-03,11,929,940
1229,2020-05-04,224,2156,2380
1229,2020-05-05,250,2387,2637
1229,2020-05-06,255,2393,2648
1229,2020-05-07,257,2534,2791
1229,2020-05-08,203,2661,2864
1229,2020-05-09,18,917,935
1229,2020-05-10,14,996,1010
1229,2020-05-11,240,2498,2738
1229,2020-05-12,340,2617,2957
1229,2020-05-13,308,2714,3022
1229,2020-05-14,280,2624,2904
1229,2020-05-15,307,2765,3072
1229,2020-05-16,132,2384,2516
1229,2020-05-17,13,2075,2088
1229,2020-05-18,274,2857,3131
1229,2020-05-19,264,3017,3281
1229,2020-05-20,366,3080,3446
1229,2020-05-21,25,2160,2185
1229,2020-05-22,168,2748,2916
1229,2020-05-23,80,1927,2007
1229,2020-05-24,23,1617,1640
1229,2020-05-25,282,2924,3206
1229,2020-05-26,282,3179,3461
1229,2020-05-27,249,3221,3470
1229,2020-05-28,264,3308,3572
1229,2020-05-29,271,3378,3649
1229,2020-05-30,99,2583,2682
1229,2020-05-31,16,2254,2270
1229,2020-06-01,42,2397,2439
1229,2020-06-02,227,3296,3523
1229,2020-06-03,222,3228,3450
1229,2020-06-04,207,3044,3251
1229,2020-06-05,231,2976,3207
1229,2020-06-06,92,2262,2354
1229,2020-06-07,16,1869,1885
1229,2020-06-08,269,3145,3414
1229,2020-06-09,321,3254,3575
1229,2020-06-10,277,3244,3521
1229,2020-06-11,280,3484,3764
1229,2020-06-12,226,3688,3914
1229,2020-06-13,94,2544,2638
1229,2020-06-14,33,2022,2055
1229,2020-06-15,250,3232,3482
1229,2020-06-16,303,3420,3723
1229,2020-06-17,226,3288,3514
1229,2020-06-18,251,3612,3863
1229,2020-06-19,252,3664,3916
1229,2020-06-20,111,2568,2679
1229,2020-06-21,29,2294,2323
1229,2020-06-22,228,3029,3257
1229,2020-06-23,49,2123,2172
1229,2020-06-24,288,3568,3856
1229,2020-06-25,250,3650,3900
1229,2020-06-26,240,3610,3850
1229,2020-06-27,92,2740,2832
1229,2020-06-28,31,2123,2154
1229,2020-06-29,250,3270,3520
1229,2020-06-30,287,3397,3684
1229,2020-07-01,254,3460,3714
1229,2020-07-02,254,3536,3790
1229,2020-07-03,236,3574,3810
1229,2020-07-04,106,2603,2709
1229,2020-07-05,35,1921,1956
1229,2020-07-06,286,3240,3526
1229,2020-07-07,249,3440,3689
1229,2020-07-08,280,3516,3796
1229,2020-07-09,303,3848,4151
1229,2020-07-10,273,3529,3802
1229,2020-07-11,97,2745,2842
1229,2020-07-12,87,2473,2560
1229,2020-07-13,266,3421,3687
1229,2020-07-14,269,3587,3856
1229,2020-07-15,273,3311,3584
1229,2020-07-16,227,3376,3603
1229,2020-07-17,241,3343,3584
1229,2020-07-18,115,2418,2533
1229,2020-07-19,29,2092,2121
1229,2020-07-20,214,3150,3364
1229,2020-07-21,251,3435,3686
1229,2020-07-22,317,3429,3746
1229,2020-07-23,288,3483,3771
1229,2020-07-24,240,3304,3544
1229,2020-07-25,111,2341,2452
1229,2020-07-26,18,1894,1912
1229,2020-07-27,232,3156,3388
1229,2020-07-28,264,3230,3494
1229,2020-07-29,235,3269,3504
1229,2020-07-30,217,3311,3528
1229,2020-07-31,198,3101,3299
1229,2020-08-01,83,2176,2259
1229,2020-08-02,25,2082,2107
1229,2020-08-03,141,2500,2641
1229,2020-08-04,159,2865,3024
1229,2020-08-05,147,2902,3049
1229,2020-08-06,136,2850,2986
1229,2020-08-07,144,2925,3069
1229,2020-08-08,94,2048,2142
1229,2020-08-09,26,1648,1674
1229,2020-08-10,147,2527,2674
1229,2020-08-11,152,2683,2835
1229,2020-08-12,163,2736,2899
1229,2020-08-13,168,2718,2886
1229,2020-08-14,153,2921,3074
1229,2020-08-15,26,1836,1862
1229,2020-08-16,16,1826,1842
1229,2020-08-17,185,2578,2763
1229,2020-08-18,181,2857,3038
1229,2020-08-19,167,2815,2982
1229,2020-08-20,165,2758,2923
1229,2020-08-21,176,2817,2993
1229,2020-08-22,82,2177,2259
1229,2020-08-23,20,1946,1966
1229,2020-08-24,209,2926,3135
1229,2020-08-25,263,3132,3395
1229,2020-08-26,248,2916,3164
1229,2020-08-27,250,3213,3463
1229,2020-08-28,204,3098,3302
1229,2020-08-29,92,2234,2326
1229,2020-08-30,12,1914,1926
1229,2020-08-31,212,2910,3122
1229,2020-09-01,310,3079,3389
1229,2020-09-02,318,3252,3570
1229,2020-09-03,252,3248,3500
1229,2020-09-04,244,3377,3621
1229,2020-09-05,123,2247,2370
1229,2020-09-06,23,2052,2075
1229,2020-09-07,270,3182,3452
1229,2020-09-08,366,3576,3942
1229,2020-09-09,233,3369,3602
1229,2020-09-10,216,3500,3716
1229,2020-09-11,211,3648,3859
1229,2020-09-12,104,2710,2814
1229,2020-09-13,18,2614,2632
1229,2020-09-14,228,3390,3618
1229,2020-09-15,285,3633,3918
1229,2020-09-16,279,3579,3858
1229,2020-09-17,260,3591,3851
1229,2020-09-18,272,3688,3960
1229,2020-09-19,114,2843,2957
1229,2020-09-20,25,2339,2364
1229,2020-09-21,286,3499,3785
1229,2020-09-22,279,3937,4216
1229,2020-09-23,268,3604,3872
1229,2020-09-24,255,3579,3834
1229,2020-09-25,216,3534,3750
1229,2020-09-26,89,2194,2283
1229,2020-09-27,19,1651,1670
1229,2020-09-28,277,3122,3399
1229,2020-09-29,253,3391,3644
1229,2020-09-30,260,3436,3696
1229,2020-10-01,283,3557,3840
1229,2020-10-02,260,3265,3525
1229,2020-10-03,87,2209,2296
1229,2020-10-04,16,1504,1520
1229,2020-10-05,238,3131,3369
1229,2020-10-06,258,3353,3611
1229,2020-10-07,278,3324,3602
1229,2020-10-08,266,3339,3605
1229,2020-10-09,200,3338,3538
1229,2020-10-10,91,2310,2401
1229,2020-10-11,15,1795,1810
1229,2020-10-12,276,3183,3459
1229,2020-10-13,279,3218,3497
1229,2020-10-14,284,3345,3629
1229,2020-10-15,272,3493,3765
1229,2020-10-16,294,3343,3637
1229,2020-10-17,101,2201,2302
1229,2020-10-18,25,1816,1841
1229,2020-10-19,250,3257,3507
1229,2020-10-20,327,3387,3714
1229,2020-10-21,274,3282,3556
1229,2020-10-22,259,3327,3586
1229,2020-10-23,250,3285,3535
1229,2020-10-24,88,2032,2120
1229,2020-10-25,9,1281,1290
1229,2020-10-26,270,3199,3469
1229,2020-10-27,253,3203,3456
1229,2020-10-28,253,3401,3654
1229,2020-10-29,247,3295,3542
1229,2020-10-30,265,3379,3644
1229,2020-11-01,14,1110,1124
1229,2020-11-02,227,2791,3018
1229,2020-11-03,318,3161,3479
1229,2020-11-04,254,3274,3528
1229,2020-11-05,252,3256,3508
1229,2020-11-06,261,3253,3514
1229,2020-11-07,88,2234,2322
1229,2020-11-08,43,1522,1565
1229,2020-11-09,270,2928,3198
1229,2020-11-10,276,3037,3313
1229,2020-11-11,277,2935,3212
1229,2020-11-12,258,3074,3332
1229,2020-11-13,258,3080,3338
1229,2020-11-14,81,2052,2133
1229,2020-11-15,10,1326,1336
1229,2020-11-16,251,2850,3101
1229,2020-11-17,264,3129,3393
1229,2020-11-18,258,3075,3333
1229,2020-11-19,215,3030,3245
1229,2020-11-20,248,3152,3400
1229,2020-11-21,138,2260,2398
1229,2020-11-22,10,1472,1482
1229,2020-11-23,245,3059,3304
1229,2020-11-24,276,3068,3344
1229,2020-11-25,276,3088,3364
1229,2020-11-26,237,2986,3223
1229,2020-11-27,260,3046,3306
1229,2020-11-28,79,1862,1941
1229,2020-11-29,11,1087,1098
1229,2020-11-30,251,2776,3027
1229,2020-12-01,240,2937,3177
1229,2020-12-02,277,2932,3209
1229,2020-12-03,275,2897,3172
1229,2020-12-04,249,2945,3194
1229,2020-12-05,86,1792,1878
1229,2020-12-06,10,1027,1037
1229,2020-12-07,270,2796,3066
1229,2020-12-08,262,2845,3107
1229,2020-12-09,253,2832,3085
1229,2020-12-10,265,2917,3182
1229,2020-12-11,265,2869,3134
1229,2020-12-12,84,1686,1770
1229,2020-12-13,11,1021,1032
1229,2020-12-14,250,2915,3165
1229,2020-12-15,247,2938,3185
1229,2020-12-16,222,2802,3024
1229,2020-12-17,258,2957,3215
1229,2020-12-18,207,2953,3160
1229,2020-12-19,71,1793,1864
1229,2020-12-20,9,1135,1144
1229,2020-12-21,129,2424,2553
1229,2020-12-22,142,2537,2679
1229,2020-12-23,125,2597,2722
1229,2020-12-24,64,1573,1637
1229,2020-12-25,10,908,918
1229,2020-12-26,11,943,954
1229,2020-12-27,15,923,938
1229,2020-12-28,93,1647,1740
1229,2020-12-29,118,1670,1788
1229,2020-12-30,113,1820,1933
1229,2020-12-31,80,1321,1401
1230,2020-01-01,45,1613,1658
1230,2020-01-02,282,3639,3921
1230,2020-01-03,289,4100,4389
1230,2020-01-04,248,2986,3234
1230,2020-01-05,53,2248,2301
1230,2020-01-06,373,4963,5336
1230,2020-01-07,382,5410,5792
1230,2020-01-08,375,5224,5599
1230,2020-01-09,372,5667,6039
1230,2020-01-10,361,5610,5971
1230,2020-01-11,242,3666,3908
1230,2020-01-12,51,2742,2793
1230,2020-01-13,406,6236,6642
1230,2020-01-14,425,5739,6164
1230,2020-01-15,432,5615,6047
1230,2020-01-16,414,5669,6083
1230,2020-01-17,423,5778,6201
1230,2020-01-18,250,3718,3968
1230,2020-01-19,53,2788,2841
1230,2020-01-20,430,5365,5795
1230,2020-01-21,415,5545,5960
1230,2020-01-22,447,5441,5888
1230,2020-01-23,417,5767,6184
1230,2020-01-24,438,5732,6170
1230,2020-01-25,246,3584,3830
1230,2020-01-26,52,2657,2709
1230,2020-01-27,348,5303,5651
1230,2020-01-28,388,5551,5939
1230,2020-01-29,403,5576,5979
1230,2020-01-30,417,5477,5894
1230,2020-01-31,423,5749,6172
1230,2020-02-01,237,3776,4013
1230,2020-02-02,43,2669,2712
1230,2020-02-03,401,5346,5747
1230,2020-02-04,415,5447,5862
1230,2020-02-05,466,5563,6029
1230,2020-02-06,424,5734,6158
1230,2020-02-07,418,5822,6240
1230,2020-02-08,257,3642,3899
1230,2020-02-09,46,2305,2351
1230,2020-02-10,428,5104,5532
1230,2020-02-11,462,6081,6543
1230,2020-02-12,435,5693,6128
1230,2020-02-13,399,5828,6227
1230,2020-02-14,463,5693,6156
1230,2020-02-15,246,3170,3416
1230,2020-02-16,55,2328,2383
1230,2020-02-17,391,4129,4520
1230,2020-02-18,467,4554,5021
1230,2020-02-19,379,4475,4854
1230,2020-02-20,405,4367,4772
1230,2020-02-21,416,4501,4917
1230,2020-02-22,247,2948,3195
1230,2020-02-23,44,2394,2438
1230,2020-02-24,388,5029,5417
1230,2020-02-25,402,5455,5857
1230,2020-02-26,452,5508,5960
1230,2020-02-27,312,4136,4448
1230,2020-02-28,421,6051,6472
1230,2020-02-29,250,3544,3794
1230,2020-03-01,44,2688,2732
1230,2020-03-02,410,5358,5768
1230,2020-03-03,470,5576,6046
1230,2020-03-04,472,5460,5932
1230,2020-03-05,407,5682,6089
1230,2020-03-06,443,5636,6079
1230,2020-03-07,256,3461,3717
1230,2020-03-08,51,2613,2664
1230,2020-03-09,472,5120,5592
1230,2020-03-10,384,5437,5821
1230,2020-03-11,421,5281,5702
1230,2020-03-12,448,5755,6203
1230,2020-03-13,447,5168,5615
1230,2020-03-14,247,2637,2884
1230,2020-03-15,45,1970,2015
1230,2020-03-16,401,3410,3811
1230,2020-03-17,396,3025,3421
1230,2020-03-19,347,2102,2449
1230,2020-03-20,308,1954,2262
1230,2020-03-21,219,1096,1315
1230,2020-03-22,31,731,762
1230,2020-03-23,271,1621,1892
1230,2020-03-24,266,1538,1804
1230,2020-03-25,267,1545,1812
1230,2020-03-26,266,1696,1962
1230,2020-03-27,257,1774,2031
1230,2020-03-28,193,1242,1435
1230,2020-03-30,233,1629,1862
1230,2020-03-31,257,1579,1836
1230,2020-04-02,240,1699,1939
1230,2020-04-03,255,1791,2046
1230,2020-04-04,196,1281,1477
1230,2020-04-05,32,779,811
1230,2020-04-06,275,1683,1958
1230,2020-04-07,246,1805,2051
1230,2020-04-08,255,1938,2193
1230,2020-04-09,237,2025,2262
1230,2020-04-10,234,2097,2331
1230,2020-04-11,187,1632,1819
1230,2020-04-12,26,726,752
1230,2020-04-13,16,686,702
1230,2020-04-14,273,1886,2159
1230,2020-04-15,245,1926,2171
1230,2020-04-16,248,1965,2213
1230,2020-04-17,218,2215,2433
1230,2020-04-18,201,1717,1918
1230,2020-04-19,28,1091,1119
1230,2020-04-20,338,2198,2536
1230,2020-04-21,307,2330,2637
1230,2020-04-22,353,2381,2734
1230,2020-04-23,345,2409,2754
1230,2020-04-24,372,2778,3150
1230,2020-04-25,207,2022,2229
1230,2020-04-26,35,1293,1328
1230,2020-04-27,361,2486,2847
1230,2020-04-28,367,2526,2893
1230,2020-04-29,376,2599,2975
1230,2020-04-30,366,2590,2956
1230,2020-05-02,209,2071,2280
1230,2020-05-03,26,1303,1329
1230,2020-05-04,402,2809,3211
1230,2020-05-05,410,2893,3303
1230,2020-05-06,392,2952,3344
1230,2020-05-07,392,3041,3433
1230,2020-05-08,394,3331,3725
1230,2020-05-09,32,1700,1732
1230,2020-05-10,38,1468,1506
1230,2020-05-11,402,3284,3686
1230,2020-05-12,426,3830,4256
1230,2020-05-13,448,3650,4098
1230,2020-05-14,423,3526,3949
1230,2020-05-15,410,3980,4390
1230,2020-05-16,271,3363,3634
1230,2020-05-17,65,2090,2155
1230,2020-05-18,390,3467,3857
1230,2020-05-19,411,3826,4237
1230,2020-05-20,441,4234,4675
1230,2020-05-21,35,1980,2015
1230,2020-05-22,368,3811,4179
1230,2020-05-23,247,2574,2821
1230,2020-05-24,50,1891,1941
1230,2020-05-25,380,3706,4086
1230,2020-05-26,428,4132,4560
1230,2020-05-27,435,4207,4642
1230,2020-05-28,436,4177,4613
1230,2020-05-29,430,4522,4952
1230,2020-05-30,284,3281,3565
1230,2020-05-31,46,2274,2320
1230,2020-06-01,33,2087,2120
1230,2020-06-02,361,4184,4545
1230,2020-06-04,418,4020,4438
1230,2020-06-05,443,4187,4630
1230,2020-06-06,265,2885,3150
1230,2020-06-07,50,2116,2166
1230,2020-06-08,447,4011,4458
1230,2020-06-09,430,4194,4624
1230,2020-06-10,460,4257,4717
1230,2020-06-11,456,4396,4852
1230,2020-06-12,454,4785,5239
1230,2020-06-14,45,2416,2461
1230,2020-06-15,456,4163,4619
1230,2020-06-16,451,4409,4860
1230,2020-06-17,484,4278,4762
1230,2020-06-18,426,3896,4322
1230,2020-06-19,432,4706,5138
1230,2020-06-20,254,3256,3510
1230,2020-06-21,49,2295,2344
1230,2020-06-22,392,4272,4664
1230,2020-06-23,51,2045,2096
1230,2020-06-24,437,4542,4979
1230,2020-06-25,403,4702,5105
1230,2020-06-29,423,4400,4823
1230,2020-06-30,448,4594,5042
1230,2020-07-01,390,4272,4662
1230,2020-07-02,437,4896,5333
1230,2020-07-03,478,5147,5625
1230,2020-07-04,278,3452,3730
1230,2020-07-05,50,2328,2378
1230,2020-07-06,467,4559,5026
1230,2020-07-07,479,4744,5223
1230,2020-07-08,467,4792,5259
1230,2020-07-09,418,4966,5384
1230,2020-07-10,429,4978,5407
1230,2020-07-11,229,3518,3747
1230,2020-07-12,56,2525,2581
1230,2020-07-13,368,4488,4856
1230,2020-07-14,389,4512,4901
1230,2020-07-15,422,4642,5064
1230,2020-07-16,434,4534,4968
1230,2020-07-17,417,4535,4952
1230,2020-07-18,270,3392,3662
1230,2020-07-19,42,2439,2481
1230,2020-07-20,404,3987,4391
1230,2020-07-21,269,3060,3329
1230,2020-07-22,387,4280,4667
1230,2020-07-23,376,4451,4827
1230,2020-07-24,391,4223,4614
1230,2020-07-25,241,3066,3307
1230,2020-07-26,44,2232,2276
1230,2020-07-27,351,4095,4446
1230,2020-07-28,355,4050,4405
1230,2020-07-29,401,4366,4767
1230,2020-07-30,351,4420,4771
1230,2020-07-31,310,4423,4733
1230,2020-08-01,227,3009,3236
1230,2020-08-02,50,2251,2301
1230,2020-08-03,313,3760,4073
1230,2020-08-04,323,3880,4203
1230,2020-08-05,353,3974,4327
1230,2020-08-06,311,3840,4151
1230,2020-08-07,308,3917,4225
1230,2020-08-08,224,2897,3121
1230,2020-08-09,43,2198,2241
1230,2020-08-10,299,3591,3890
1230,2020-08-11,298,3812,4110
1230,2020-08-12,313,3896,4209
1230,2020-08-13,317,3932,4249
1230,2020-08-14,333,4045,4378
1230,2020-08-15,42,2343,2385
1230,2020-08-16,41,2317,2358
1230,2020-08-17,293,3618,3911
1230,2020-08-18,298,3828,4126
1230,2020-08-19,315,3887,4202
1230,2020-08-20,309,3895,4204
1230,2020-08-21,320,4030,4350
1230,2020-08-22,230,2858,3088
1230,2020-08-23,55,2173,2228
1230,2020-08-24,341,3858,4199
1230,2020-08-25,372,3946,4318
1230,2020-08-26,409,4071,4480
1230,2020-08-27,433,4157,4590
1230,2020-08-28,350,4076,4426
1230,2020-08-29,225,2966,3191
1230,2020-08-30,46,2384,2430
1230,2020-08-31,415,3945,4360
1230,2020-09-01,393,4275,4668
1230,2020-09-02,482,4266,4748
1230,2020-09-03,451,4326,4777
1230,2020-09-04,428,4485,4913
1230,2020-09-05,260,3399,3659
1230,2020-09-06,49,2534,2583
1230,2020-09-07,465,4244,4709
1230,2020-09-08,456,4590,5046
1230,2020-09-09,528,4623,5151
1230,2020-09-10,461,4598,5059
1230,2020-09-11,455,5020,5475
1230,2020-09-12,257,3503,3760
1230,2020-09-13,93,2872,2965
1230,2020-09-14,494,4880,5374
1230,2020-09-15,530,5041,5571
1230,2020-09-16,534,5145,5679
1230,2020-09-17,569,5352,5921
1230,2020-09-18,582,5407,5989
1230,2020-09-19,274,3681,3955
1230,2020-09-20,93,2741,2834
1230,2020-09-21,588,4555,5143
1230,2020-09-22,552,5190,5742
1230,2020-09-23,516,4999,5515
1230,2020-09-28,516,4686,5202
1230,2020-09-29,548,4888,5436
1230,2020-09-30,577,5119,5696
1230,2020-10-01,507,4936,5443
1230,2020-10-02,473,4954,5427
1230,2020-10-03,246,3749,3995
1230,2020-10-04,88,2454,2542
1230,2020-10-05,442,4528,4970
1230,2020-10-06,488,4916,5404
1230,2020-10-07,490,4779,5269
1230,2020-10-08,530,4991,5521
1230,2020-10-09,459,5180,5639
1230,2020-10-10,272,3769,4041
1230,2020-10-11,96,2633,2729
1230,2020-10-12,482,4487,4969
1230,2020-10-13,471,4573,5044
1230,2020-10-14,460,4476,4936
1230,2020-10-15,451,4502,4953
1230,2020-10-16,458,4579,5037
1230,2020-10-17,272,3343,3615
1230,2020-10-18,90,2266,2356
1230,2020-10-19,492,4138,4630
1230,2020-10-20,458,4486,4944
1230,2020-10-21,457,4607,5064
1230,2020-10-22,434,4711,5145
1230,2020-10-23,472,4693,5165
1230,2020-10-24,265,3296,3561
1230,2020-10-25,87,2061,2148
1230,2020-10-26,480,4238,4718
1230,2020-10-27,456,4429,4885
1230,2020-10-28,571,5421,5992
1230,2020-10-29,458,4498,4956
1230,2020-10-30,455,4687,5142
1230,2020-11-01,73,2050,2123
1230,2020-11-02,419,3769,4188
1230,2020-11-03,493,4159,4652
1230,2020-11-04,515,4041,4556
1230,2020-11-05,502,4394,4896
1230,2020-11-06,514,4377,4891
1230,2020-11-07,271,3139,3410
1230,2020-11-08,92,2234,2326
1230,2020-11-09,589,4760,5349
1230,2020-11-10,526,4520,5046
1230,2020-11-11,512,4413,4925
1230,2020-11-12,544,4612,5156
1230,2020-11-13,556,4787,5343
1230,2020-11-14,249,3420,3669
1230,2020-11-15,94,2066,2160
1230,2020-11-16,489,4250,4739
1230,2020-11-17,551,4492,5043
1230,2020-11-18,574,4404,4978
1230,2020-11-19,503,4667,5170
1230,2020-11-20,504,4992,5496
1230,2020-11-21,263,3383,3646
1230,2020-11-22,82,2022,2104
1230,2020-11-23,453,4193,4646
1230,2020-11-24,484,4410,4894
1230,2020-11-25,530,4588,5118
1230,2020-11-26,506,4189,4695
1230,2020-11-27,541,4602,5143
1230,2020-11-28,271,3063,3334
1230,2020-11-29,88,1970,2058
1230,2020-11-30,507,4265,4772
1230,2020-12-01,482,4240,4722
1230,2020-12-02,521,4270,4791
1230,2020-12-03,474,4237,4711
1230,2020-12-04,485,4674,5159
1230,2020-12-05,254,3038,3292
1230,2020-12-06,93,1970,2063
1230,2020-12-07,510,4013,4523
1230,2020-12-08,524,4080,4604
1230,2020-12-09,532,4235,4767
1230,2020-12-10,504,4164,4668
1230,2020-12-11,434,4378,4812
1230,2020-12-12,240,2231,2471
1230,2020-12-13,83,1804,1887
1230,2020-12-14,450,4058,4508
1230,2020-12-15,410,4114,4524
1230,2020-12-16,424,4516,4940
1230,2020-12-17,437,4466,4903
1230,2020-12-18,396,4697,5093
1230,2020-12-19,231,3104,3335
1230,2020-12-20,83,1976,2059
1230,2020-12-21,322,3740,4062
1230,2020-12-22,274,3962,4236
1230,2020-12-23,285,3897,4182
1230,2020-12-24,258,3389,3647
1230,2020-12-25,66,1419,1485
1230,2020-12-26,82,1505,1587
1230,2020-12-27,100,1303,1403
1230,2020-12-28,302,2560,2862
1230,2020-12-29,279,2752,3031
1230,2020-12-30,289,2889,3178
1230,2020-12-31,240,2587,2827
1231,2020-01-01,34,1374,1408
1231,2020-01-02,179,3603,3782
1231,2020-01-03,200,3718,3918
1231,2020-01-04,131,2710,2841
1231,2020-01-05,26,1913,1939
1231,2020-01-06,239,5044,5283
1231,2020-01-07,270,5414,5684
1231,2020-01-08,256,5229,5485
1231,2020-01-09,251,5386,5637
1231,2020-01-10,247,5370,5617
1231,2020-01-11,151,3123,3274
1231,2020-01-12,33,2096,2129
1231,2020-01-13,309,6316,6625
1231,2020-01-14,302,5755,6057
1231,2020-01-15,339,5585,5924
1231,2020-01-16,289,5673,5962
1231,2020-01-17,284,5364,5648
1231,2020-01-18,157,3119,3276
1231,2020-01-19,40,2107,2147
1231,2020-01-20,283,5414,5697
1231,2020-01-21,322,5886,6208
1231,2020-01-22,320,5525,5845
1231,2020-01-23,346,5702,6048
1231,2020-01-24,324,5477,5801
1231,2020-01-25,143,3158,3301
1231,2020-01-26,32,2211,2243
1231,2020-01-27,297,5346,5643
1231,2020-01-28,318,6129,6447
1231,2020-01-29,311,5967,6278
1231,2020-01-30,270,5710,5980
1231,2020-01-31,304,5366,5670
1231,2020-02-01,152,3131,3283
1231,2020-02-02,31,2133,2164
1231,2020-02-03,262,5403,5665
1231,2020-02-04,338,5796,6134
1231,2020-02-05,321,5717,6038
1231,2020-02-06,320,6095,6415
1231,2020-02-07,343,5938,6281
1231,2020-02-08,155,3437,3592
1231,2020-02-09,59,2262,2321
1231,2020-02-10,308,4946,5254
1231,2020-02-11,320,6585,6905
1231,2020-02-12,340,5996,6336
1231,2020-02-13,343,5875,6218
1231,2020-02-14,300,5680,5980
1231,2020-02-15,146,2899,3045
1231,2020-02-16,39,1936,1975
1231,2020-02-17,289,4790,5079
1231,2020-02-18,294,4800,5094
1231,2020-02-19,288,4888,5176
1231,2020-02-20,285,4528,4813
1231,2020-02-21,306,4507,4813
1231,2020-02-22,144,2896,3040
1231,2020-02-23,41,2087,2128
1231,2020-02-24,215,4739,4954
1231,2020-02-25,294,5495,5789
1231,2020-02-26,402,6304,6706
1231,2020-02-27,296,5178,5474
1231,2020-02-28,316,5699,6015
1231,2020-02-29,171,3203,3374
1231,2020-03-01,55,2305,2360
1231,2020-03-02,292,5483,5775
1231,2020-03-03,309,5821,6130
1231,2020-03-04,406,5686,6092
1231,2020-03-05,298,5894,6192
1231,2020-03-06,330,5802,6132
1231,2020-03-07,142,3403,3545
1231,2020-03-08,32,2263,2295
1231,2020-03-09,301,5596,5897
1231,2020-03-10,365,6046,6411
1231,2020-03-11,352,5823,6175
1231,2020-03-12,329,5940,6269
1231,2020-03-13,316,5120,5436
1231,2020-03-14,217,2769,2986
1231,2020-03-15,33,1962,1995
1231,2020-03-16,268,3800,4068
1231,2020-03-17,324,3239,3563
1231,2020-03-18,299,2862,3161
1231,2020-03-19,296,2565,2861
1231,2020-03-20,214,2355,2569
1231,2020-03-21,116,1063,1179
1231,2020-03-22,17,783,800
1231,2020-03-23,206,1966,2172
1231,2020-03-24,176,1900,2076
1231,2020-03-25,174,1905,2079
1231,2020-03-26,169,1972,2141
1231,2020-03-27,178,2045,2223
1231,2020-03-28,112,1239,1351
1231,2020-03-30,180,1938,2118
1231,2020-03-31,188,1876,2064
1231,2020-04-01,179,1961,2140
1231,2020-04-02,179,1990,2169
1231,2020-04-03,206,1952,2158
1231,2020-04-04,136,1289,1425
1231,2020-04-05,15,883,898
1231,2020-04-06,244,2006,2250
1231,2020-04-07,189,2073,2262
1231,2020-04-08,230,2138,2368
1231,2020-04-09,208,2157,2365
1231,2020-04-10,166,2092,2258
1231,2020-04-11,97,1468,1565
1231,2020-04-12,9,705,714
1231,2020-04-13,18,728,746
1231,2020-04-14,222,2032,2254
1231,2020-04-15,191,2069,2260
1231,2020-04-16,218,2139,2357
1231,2020-04-17,212,2291,2503
1231,2020-04-18,105,1470,1575
1231,2020-04-19,23,1023,1046
1231,2020-04-20,244,2778,3022
1231,2020-04-21,333,2874,3207
1231,2020-04-22,308,2859,3167
1231,2020-04-23,279,3051,3330
1231,2020-04-24,294,2997,3291
1231,2020-04-25,166,2193,2359
1231,2020-04-26,27,1401,1428
1231,2020-04-27,291,3131,3422
1231,2020-04-28,285,3009,3294
1231,2020-04-29,281,3022,3303
1231,2020-04-30,266,3166,3432
1231,2020-05-02,118,2127,2245
1231,2020-05-03,23,1290,1313
1231,2020-05-04,273,3185,3458
1231,2020-05-05,287,3235,3522
1231,2020-05-06,327,3405,3732
1231,2020-05-07,294,3479,3773
1231,2020-05-08,311,3637,3948
1231,2020-05-09,40,1436,1476
1231,2020-05-10,23,1443,1466
1231,2020-05-11,325,3616,3941
1231,2020-05-12,372,3753,4125
1231,2020-05-13,361,3820,4181
1231,2020-05-14,330,3800,4130
1231,2020-05-15,322,3962,4284
1231,2020-05-16,242,3059,3301
1231,2020-05-17,62,2075,2137
1231,2020-05-18,342,4148,4490
1231,2020-05-19,355,4466,4821
1231,2020-05-20,433,4480,4913
1231,2020-05-21,45,2188,2233
1231,2020-05-22,286,3817,4103
1231,2020-05-23,160,2623,2783
1231,2020-05-24,33,1922,1955
1231,2020-05-25,355,4355,4710
1231,2020-05-26,427,4744,5171
1231,2020-05-27,315,4598,4913
1231,2020-05-28,360,4769,5129
1231,2020-05-29,395,4748,5143
1231,2020-05-30,161,3165,3326
1231,2020-05-31,27,2334,2361
1231,2020-06-01,48,2194,2242
1231,2020-06-02,378,4695,5073
1231,2020-06-03,363,4528,4891
1231,2020-06-04,321,4458,4779
1231,2020-06-05,313,4450,4763
1231,2020-06-06,151,2923,3074
1231,2020-06-07,26,2058,2084
1231,2020-06-08,307,4600,4907
1231,2020-06-09,361,4792,5153
1231,2020-06-10,349,4749,5098
1231,2020-06-11,310,4707,5017
1231,2020-06-12,335,4883,5218
1231,2020-06-13,190,3454,3644
1231,2020-06-14,38,2384,2422
1231,2020-06-15,364,4795,5159
1231,2020-06-16,345,4887,5232
1231,2020-06-17,357,4872,5229
1231,2020-06-18,352,4682,5034
1231,2020-06-19,387,4955,5342
1231,2020-06-20,179,3168,3347
1231,2020-06-21,39,2282,2321
1231,2020-06-22,278,4313,4591
1231,2020-06-23,55,2447,2502
1231,2020-06-24,333,4899,5232
1231,2020-06-25,358,5102,5460
1231,2020-06-26,378,4800,5178
1231,2020-06-29,326,4683,5009
1231,2020-06-30,345,4956,5301
1231,2020-07-01,282,4908,5190
1231,2020-07-02,309,4984,5293
1231,2020-07-03,359,5077,5436
1231,2020-07-04,225,3169,3394
1231,2020-07-05,70,2137,2207
1231,2020-07-06,343,4626,4969
1231,2020-07-07,402,5067,5469
1231,2020-07-08,381,4836,5217
1231,2020-07-09,372,5033,5405
1231,2020-07-10,345,4918,5263
1231,2020-07-11,222,3361,3583
1231,2020-07-12,102,2389,2491
1231,2020-07-13,392,4856,5248
1231,2020-07-14,385,5038,5423
1231,2020-07-15,344,4789,5133
1231,2020-07-16,365,4599,4964
1231,2020-07-17,399,4483,4882
1231,2020-07-18,174,2968,3142
1231,2020-07-19,46,2187,2233
1231,2020-07-20,311,4348,4659
1231,2020-07-21,315,4636,4951
1231,2020-07-22,343,4785,5128
1231,2020-07-23,339,4619,4958
1231,2020-07-24,324,4458,4782
1231,2020-07-25,168,2879,3047
1231,2020-07-26,42,2049,2091
1231,2020-07-27,336,4201,4537
1231,2020-07-28,324,4523,4847
1231,2020-07-29,316,4614,4930
1231,2020-07-30,251,4487,4738
1231,2020-07-31,259,4207,4466
1231,2020-08-01,130,2651,2781
1231,2020-08-02,35,2111,2146
1231,2020-08-03,238,3774,4012
1231,2020-08-04,277,4013,4290
1231,2020-08-05,220,4114,4334
1231,2020-08-06,226,3643,3869
1231,2020-08-07,238,3882,4120
1231,2020-08-08,147,2647,2794
1231,2020-08-09,32,1962,1994
1231,2020-08-10,231,3735,3966
1231,2020-08-11,245,4018,4263
1231,2020-08-12,227,4160,4387
1231,2020-08-13,245,3998,4243
1231,2020-08-14,238,4134,4372
1231,2020-08-15,43,2084,2127
1231,2020-08-16,22,2134,2156
1231,2020-08-17,230,4028,4258
1231,2020-08-18,248,4226,4474
1231,2020-08-19,230,4500,4730
1231,2020-08-20,228,4422,4650
1231,2020-08-21,235,4206,4441
1231,2020-08-22,126,2822,2948
1231,2020-08-23,31,2100,2131
1231,2020-08-24,303,4152,4455
1231,2020-08-25,311,4487,4798
1231,2020-08-26,329,4325,4654
1231,2020-08-27,332,4510,4842
1231,2020-08-28,340,4245,4585
1231,2020-08-29,152,2777,2929
1231,2020-08-30,56,2047,2103
1231,2020-08-31,399,4171,4570
1231,2020-09-01,417,4421,4838
1231,2020-09-02,493,4431,4924
1231,2020-09-03,358,4403,4761
1231,2020-09-04,413,4549,4962
1231,2020-09-05,145,2826,2971
1231,2020-09-06,36,2227,2263
1231,2020-09-07,346,4371,4717
1231,2020-09-08,342,4678,5020
1231,2020-09-09,342,4641,4983
1231,2020-09-10,329,4637,4966
1231,2020-09-11,360,4767,5127
1231,2020-09-12,163,3233,3396
1231,2020-09-13,69,2361,2430
1231,2020-09-14,325,4596,4921
1231,2020-09-15,408,5027,5435
1231,2020-09-16,371,4817,5188
1231,2020-09-17,321,5091,5412
1231,2020-09-18,375,4960,5335
1231,2020-09-19,189,3292,3481
1231,2020-09-20,85,2492,2577
1231,2020-09-21,345,3793,4138
1231,2020-09-22,381,3892,4273
1231,2020-09-23,476,3412,3888
1231,2020-09-27,74,1940,2014
1231,2020-09-28,462,4583,5045
1231,2020-09-29,413,4929,5342
1231,2020-09-30,534,4952,5486
1231,2020-10-01,490,4687,5177
1231,2020-10-02,433,4442,4875
1231,2020-10-03,183,2935,3118
1231,2020-10-04,89,2020,2109
1231,2020-10-05,371,4544,4915
1231,2020-10-06,333,4686,5019
1231,2020-10-07,320,4637,4957
1231,2020-10-08,324,4792,5116
1231,2020-10-09,319,4591,4910
1231,2020-10-10,174,3128,3302
1231,2020-10-11,70,2154,2224
1231,2020-10-12,332,4444,4776
1231,2020-10-13,360,4830,5190
1231,2020-10-14,383,4967,5350
1231,2020-10-15,357,4820,5177
1231,2020-10-16,476,4600,5076
1231,2020-10-17,194,2960,3154
1231,2020-10-18,84,2159,2243
1231,2020-10-19,340,4466,4806
1231,2020-10-20,406,4744,5150
1231,2020-10-21,330,4473,4803
1231,2020-10-22,344,4659,5003
1231,2020-10-23,311,4435,4746
1231,2020-10-24,167,2972,3139
1231,2020-10-25,68,1777,1845
1231,2020-10-26,305,4582,4887
1231,2020-10-27,325,4643,4968
1231,2020-10-28,296,4634,4930
1231,2020-10-29,351,4769,5120
1231,2020-10-30,311,4781,5092
1231,2020-11-01,118,1611,1729
1231,2020-11-02,401,4237,4638
1231,2020-11-03,406,4518,4924
1231,2020-11-04,408,4425,4833
1231,2020-11-05,418,4544,4962
1231,2020-11-06,415,4417,4832
1231,2020-11-07,261,3030,3291
1231,2020-11-08,116,1929,2045
1231,2020-11-09,367,4844,5211
1231,2020-11-10,383,4593,4976
1231,2020-11-11,369,4561,4930
1231,2020-11-12,315,4579,4894
1231,2020-11-13,359,4440,4799
1231,2020-11-14,246,3008,3254
1231,2020-11-15,114,1984,2098
1231,2020-11-16,341,4464,4805
1231,2020-11-17,367,4828,5195
1231,2020-11-18,350,4801,5151
1231,2020-11-19,352,4668,5020
1231,2020-11-20,389,4779,5168
1231,2020-11-21,250,2874,3124
1231,2020-11-22,116,1812,1928
1231,2020-11-23,347,4530,4877
1231,2020-11-24,393,4801,5194
1231,2020-11-25,347,4880,5227
1231,2020-11-26,388,4430,4818
1231,2020-11-27,377,4560,4937
1231,2020-11-28,173,2698,2871
1231,2020-11-29,72,1663,1735
1231,2020-11-30,426,4806,5232
1231,2020-12-01,410,4657,5067
1231,2020-12-02,324,4624,4948
1231,2020-12-03,356,4492,4848
1231,2020-12-04,309,4540,4849
1231,2020-12-05,174,2748,2922
1231,2020-12-06,69,1551,1620
1231,2020-12-07,338,4400,4738
1231,2020-12-08,332,4466,4798
1231,2020-12-09,358,4430,4788
1231,2020-12-10,380,4429,4809
1231,2020-12-11,318,4340,4658
1231,2020-12-12,163,2673,2836
1231,2020-12-13,71,1590,1661
1231,2020-12-14,295,4442,4737
1231,2020-12-15,277,4484,4761
1231,2020-12-16,272,4334,4606
1231,2020-12-17,289,4346,4635
1231,2020-12-18,245,4209,4454
1231,2020-12-19,129,2558,2687
1231,2020-12-20,47,1558,1605
1231,2020-12-21,203,3750,3953
1231,2020-12-22,188,3963,4151
1231,2020-12-23,183,3745,3928
1231,2020-12-24,111,2540,2651
1231,2020-12-25,55,1126,1181
1231,2020-12-26,48,1230,1278
1231,2020-12-27,58,1225,1283
1231,2020-12-28,144,2457,2601
1231,2020-12-29,159,2538,2697
1231,2020-12-30,160,2592,2752
1231,2020-12-31,122,2129,2251
1232,2020-01-01,45,4722,4767
1232,2020-01-02,339,12241,12580
1232,2020-01-03,356,13311,13667
1232,2020-01-04,229,10735,10964
1232,2020-01-05,72,8108,8180
1232,2020-01-06,515,14898,15413
1232,2020-01-07,540,15697,16237
1232,2020-01-08,542,15643,16185
1232,2020-01-09,514,15801,16315
1232,2020-01-10,545,16421,16966
1232,2020-01-11,268,12414,12682
1232,2020-01-12,60,8580,8640
1232,2020-01-13,608,15615,16223
1232,2020-01-14,661,15640,16301
1232,2020-01-15,671,16336,17007
1232,2020-01-16,635,16814,17449
1232,2020-01-17,595,16505,17100
1232,2020-01-18,267,11023,11290
1232,2020-01-19,77,9377,9454
1232,2020-01-20,697,15730,16427
1232,2020-01-21,673,15817,16490
1232,2020-01-22,677,15735,16412
1232,2020-01-23,696,16245,16941
1232,2020-01-24,672,16367,17039
1232,2020-01-25,269,12976,13245
1232,2020-01-26,89,9030,9119
1232,2020-01-27,620,14884,15504
1232,2020-01-28,662,15604,16266
1232,2020-01-29,675,15364,16039
1232,2020-01-30,675,14809,15484
1232,2020-01-31,607,16434,17041
1232,2020-02-01,275,12471,12746
1232,2020-02-02,55,8961,9016
1232,2020-02-03,667,15316,15983
1232,2020-02-04,778,16551,17329
1232,2020-02-05,712,16147,16859
1232,2020-02-06,686,15994,16680
1232,2020-02-07,704,16558,17262
1232,2020-02-08,283,12660,12943
1232,2020-02-09,71,8052,8123
1232,2020-02-10,628,14272,14900
1232,2020-02-11,682,16080,16762
1232,2020-02-12,617,16562,17179
1232,2020-02-13,675,16534,17209
1232,2020-02-14,599,16803,17402
1232,2020-02-15,258,11614,11872
1232,2020-02-16,69,8061,8130
1232,2020-02-17,642,14918,15560
1232,2020-02-18,620,14809,15429
1232,2020-02-19,638,15320,15958
1232,2020-02-20,586,14685,15271
1232,2020-02-21,618,15128,15746
1232,2020-02-22,276,11546,11822
1232,2020-02-23,76,8422,8498
1232,2020-02-24,439,14702,15141
1232,2020-02-25,554,15744,16298
1232,2020-02-26,745,16213,16958
1232,2020-02-27,629,15339,15968
1232,2020-02-28,631,17104,17735
1232,2020-02-29,274,12347,12621
1232,2020-03-01,73,9200,9273
1232,2020-03-02,632,15275,15907
1232,2020-03-03,699,15998,16697
1232,2020-03-04,815,15844,16659
1232,2020-03-05,674,15850,16524
1232,2020-03-06,658,16263,16921
1232,2020-03-07,282,12595,12877
1232,2020-03-08,96,9354,9450
1232,2020-03-09,688,15377,16065
1232,2020-03-10,663,15845,16508
1232,2020-03-11,668,16131,16799
1232,2020-03-12,658,15897,16555
1232,2020-03-13,716,17039,17755
1232,2020-03-14,313,11176,11489
1232,2020-03-15,73,8960,9033
1232,2020-03-16,603,10159,10762
1232,2020-03-17,587,9000,9587
1232,2020-03-18,610,8146,8756
1232,2020-03-19,558,7317,7875
1232,2020-03-20,440,7279,7719
1232,2020-03-21,209,3421,3630
1232,2020-03-22,29,2568,2597
1232,2020-03-23,324,5979,6303
1232,2020-03-24,362,5733,6095
1232,2020-03-25,394,5854,6248
1232,2020-03-26,337,5769,6106
1232,2020-03-27,335,6218,6553
1232,2020-03-28,208,3705,3913
1232,2020-03-30,334,6198,6532
1232,2020-03-31,387,6003,6390
1232,2020-04-01,357,5626,5983
1232,2020-04-02,378,5969,6347
1232,2020-04-03,354,6296,6650
1232,2020-04-04,204,3751,3955
1232,2020-04-05,19,2513,2532
1232,2020-04-06,329,6261,6590
1232,2020-04-07,368,6300,6668
1232,2020-04-08,389,6602,6991
1232,2020-04-09,385,6733,7118
1232,2020-04-10,276,6328,6604
1232,2020-04-11,191,4352,4543
1232,2020-04-12,14,2229,2243
1232,2020-04-13,22,1933,1955
1232,2020-04-14,357,6831,7188
1232,2020-04-15,335,6658,6993
1232,2020-04-16,403,6904,7307
1232,2020-04-17,392,7298,7690
1232,2020-04-18,198,4381,4579
1232,2020-04-19,28,2965,2993
1232,2020-04-20,443,8056,8499
1232,2020-04-21,514,7292,7806
1232,2020-04-22,560,7829,8389
1232,2020-04-23,571,8183,8754
1232,2020-04-24,569,8735,9304
1232,2020-04-25,269,5842,6111
1232,2020-04-26,22,3725,3747
1232,2020-04-27,563,8437,9000
1232,2020-04-28,545,7724,8269
1232,2020-04-29,538,7708,8246
1232,2020-04-30,616,9185,9801
1232,2020-05-01,26,2850,2876
1232,2020-05-02,220,5843,6063
1232,2020-05-03,18,3738,3756
1232,2020-05-04,620,9137,9757
1232,2020-05-05,699,8735,9434
1232,2020-05-06,634,8628,9262
1232,2020-05-07,664,9655,10319
1232,2020-05-08,626,10128,10754
1232,2020-05-09,92,4224,4316
1232,2020-05-10,48,4327,4375
1232,2020-05-11,599,9822,10421
1232,2020-05-12,561,9958,10519
1232,2020-05-13,614,9335,9949
1232,2020-05-14,674,9890,10564
1232,2020-05-15,693,10807,11500
1232,2020-05-16,335,11470,11805
1232,2020-05-17,63,8403,8466
1232,2020-05-18,650,13057,13707
1232,2020-05-19,713,13773,14486
1232,2020-05-20,686,14444,15130
1232,2020-05-21,92,7099,7191
1232,2020-05-22,507,12578,13085
1232,2020-05-23,255,10187,10442
1232,2020-05-24,81,7431,7512
1232,2020-05-25,665,13003,13668
1232,2020-05-26,688,13881,14569
1232,2020-05-27,623,14016,14639
1232,2020-05-28,670,14125,14795
1232,2020-05-29,723,14723,15446
1232,2020-05-30,298,12161,12459
1232,2020-05-31,70,8753,8823
1232,2020-06-01,91,8151,8242
1232,2020-06-02,712,14590,15302
1232,2020-06-03,740,14868,15608
1232,2020-06-04,729,14699,15428
1232,2020-06-05,703,15012,15715
1232,2020-06-06,289,11507,11796
1232,2020-06-07,74,8193,8267
1232,2020-06-08,707,14392,15099
1232,2020-06-09,738,14774,15512
1232,2020-06-10,753,15121,15874
1232,2020-06-11,539,16017,16556
1232,2020-06-12,696,15519,16215
1232,2020-06-13,356,12636,12992
1232,2020-06-14,96,9020,9116
1232,2020-06-15,718,14376,15094
1232,2020-06-16,684,14984,15668
1232,2020-06-17,644,14746,15390
1232,2020-06-18,691,15243,15934
1232,2020-06-19,656,15258,15914
1232,2020-06-20,297,11848,12145
1232,2020-06-21,88,8933,9021
1232,2020-06-22,543,13791,14334
1232,2020-06-23,179,8749,8928
1232,2020-06-24,679,15180,15859
1232,2020-06-25,643,15511,16154
1232,2020-06-26,655,15200,15855
1232,2020-06-27,304,12020,12324
1232,2020-06-28,92,9123,9215
1232,2020-06-29,619,14411,15030
1232,2020-06-30,600,14940,15540
1232,2020-07-01,571,14803,15374
1232,2020-07-02,611,14752,15363
1232,2020-07-03,649,15605,16254
1232,2020-07-04,310,12549,12859
1232,2020-07-05,85,8943,9028
1232,2020-07-06,613,15031,15644
1232,2020-07-07,632,15329,15961
1232,2020-07-08,631,14694,15325
1232,2020-07-09,651,15281,15932
1232,2020-07-10,671,15872,16543
1232,2020-07-11,338,13938,14276
1232,2020-07-12,106,9921,10027
1232,2020-07-13,719,14923,15642
1232,2020-07-14,671,15555,16226
1232,2020-07-15,639,15420,16059
1232,2020-07-16,655,14828,15483
1232,2020-07-17,634,14836,15470
1232,2020-07-18,301,10993,11294
1232,2020-07-19,96,8601,8697
1232,2020-07-20,584,13657,14241
1232,2020-07-21,588,14303,14891
1232,2020-07-22,596,14459,15055
1232,2020-07-23,674,14570,15244
1232,2020-07-24,639,14334,14973
1232,2020-07-25,307,10514,10821
1232,2020-07-26,78,8216,8294
1232,2020-07-27,654,13425,14079
1232,2020-07-28,649,13999,14648
1232,2020-07-29,632,14132,14764
1232,2020-07-30,586,14574,15160
1232,2020-07-31,534,14012,14546
1232,2020-08-01,273,10300,10573
1232,2020-08-02,71,8581,8652
1232,2020-08-03,490,12659,13149
1232,2020-08-04,528,12730,13258
1232,2020-08-05,491,13205,13696
1232,2020-08-06,551,13155,13706
1232,2020-08-07,498,13169,13667
1232,2020-08-08,277,10108,10385
1232,2020-08-09,68,7789,7857
1232,2020-08-10,431,12775,13206
1232,2020-08-11,449,12729,13178
1232,2020-08-12,441,12849,13290
1232,2020-08-13,443,13074,13517
1232,2020-08-14,478,13629,14107
1232,2020-08-15,129,7873,8002
1232,2020-08-16,65,8589,8654
1232,2020-08-17,460,13211,13671
1232,2020-08-18,482,13486,13968
1232,2020-08-19,509,13647,14156
1232,2020-08-20,506,14147,14653
1232,2020-08-21,478,14167,14645
1232,2020-08-22,285,10947,11232
1232,2020-08-23,84,8709,8793
1232,2020-08-24,599,13974,14573
1232,2020-08-25,609,13980,14589
1232,2020-08-26,660,14216,14876
1232,2020-08-27,652,14698,15350
1232,2020-08-28,607,14761,15368
1232,2020-08-29,304,11218,11522
1232,2020-08-30,138,8507,8645
1232,2020-08-31,624,13885,14509
1232,2020-09-01,613,14519,15132
1232,2020-09-02,630,14478,15108
1232,2020-09-03,638,14580,15218
1232,2020-09-04,657,15417,16074
1232,2020-09-05,278,11278,11556
1232,2020-09-06,89,8714,8803
1232,2020-09-07,645,14190,14835
1232,2020-09-08,693,14940,15633
1232,2020-09-09,659,14858,15517
1232,2020-09-10,630,15141,15771
1232,2020-09-11,669,15646,16315
1232,2020-09-12,345,12632,12977
1232,2020-09-13,143,9851,9994
1232,2020-09-14,680,12579,13259
1232,2020-09-15,640,11868,12508
1232,2020-09-16,794,12127,12921
1232,2020-09-17,738,14199,14937
1232,2020-09-18,774,14826,15600
1232,2020-09-19,309,12298,12607
1232,2020-09-20,128,9758,9886
1232,2020-09-21,737,14438,15175
1232,2020-09-22,741,15026,15767
1232,2020-09-23,803,14869,15672
1232,2020-09-24,809,14077,14886
1232,2020-09-25,809,15370,16179
1232,2020-09-26,335,11707,12042
1232,2020-09-27,114,8316,8430
1232,2020-09-28,791,13991,14782
1232,2020-09-29,770,14773,15543
1232,2020-09-30,813,14725,15538
1232,2020-10-01,752,14991,15743
1232,2020-10-02,771,15004,15775
1232,2020-10-03,270,13161,13431
1232,2020-10-04,111,8083,8194
1232,2020-10-05,717,14586,15303
1232,2020-10-06,696,15053,15749
1232,2020-10-07,693,14764,15457
1232,2020-10-08,715,14988,15703
1232,2020-10-09,672,15149,15821
1232,2020-10-10,318,12402,12720
1232,2020-10-11,141,8620,8761
1232,2020-10-12,702,13763,14465
1232,2020-10-13,755,14808,15563
1232,2020-10-14,808,14961,15769
1232,2020-10-15,651,15003,15654
1232,2020-10-16,702,15214,15916
1232,2020-10-17,353,11755,12108
1232,2020-10-18,138,8403,8541
1232,2020-10-19,150,2019,2169
1232,2020-10-20,78,117,195
1232,2020-10-21,50,108,158
1232,2020-10-22,63,2681,2744
1232,2020-10-23,501,12153,12654
1232,2020-10-24,321,11471,11792
1232,2020-10-25,128,7531,7659
1232,2020-10-26,675,13773,14448
1232,2020-10-27,727,14241,14968
1232,2020-10-28,728,14586,15314
1232,2020-10-29,692,14332,15024
1232,2020-10-30,683,14968,15651
1232,2020-11-01,114,6244,6358
1232,2020-11-02,659,13279,13938
1232,2020-11-03,712,13456,14168
1232,2020-11-04,678,13928,14606
1232,2020-11-05,709,12240,12949
1232,2020-11-06,728,14353,15081
1232,2020-11-07,322,10918,11240
1232,2020-11-08,134,7580,7714
1232,2020-11-09,695,13367,14062
1232,2020-11-10,744,14085,14829
1232,2020-11-11,743,14131,14874
1232,2020-11-12,714,14171,14885
1232,2020-11-13,788,15048,15836
1232,2020-11-14,336,12041,12377
1232,2020-11-15,119,7712,7831
1232,2020-11-16,725,13589,14314
1232,2020-11-17,739,12804,13543
1232,2020-11-18,820,13640,14460
1232,2020-11-19,773,14267,15040
1232,2020-11-20,757,15207,15964
1232,2020-11-21,374,11298,11672
1232,2020-11-22,116,7780,7896
1232,2020-11-23,640,14001,14641
1232,2020-11-24,709,14310,15019
1232,2020-11-25,777,14611,15388
1232,2020-11-26,731,14012,14743
1232,2020-11-27,760,15164,15924
1232,2020-11-28,334,11341,11675
1232,2020-11-29,122,7534,7656
1232,2020-11-30,753,14058,14811
1232,2020-12-01,696,14021,14717
1232,2020-12-02,739,14256,14995
1232,2020-12-03,675,14209,14884
1232,2020-12-04,680,14617,15297
1232,2020-12-05,294,11199,11493
1232,2020-12-06,119,7155,7274
1232,2020-12-07,701,13850,14551
1232,2020-12-08,755,14173,14928
1232,2020-12-09,768,14080,14848
1232,2020-12-10,817,14687,15504
1232,2020-12-11,669,14780,15449
1232,2020-12-12,301,11496,11797
1232,2020-12-13,130,7482,7612
1232,2020-12-14,675,14436,15111
1232,2020-12-15,659,14801,15460
1232,2020-12-16,694,14389,15083
1232,2020-12-17,685,14678,15363
1232,2020-12-18,623,15440,16063
1232,2020-12-19,296,10602,10898
1232,2020-12-20,112,7211,7323
1232,2020-12-21,454,13641,14095
1232,2020-12-22,457,14016,14473
1232,2020-12-23,408,13801,14209
1232,2020-12-24,283,10221,10504
1232,2020-12-25,100,4211,4311
1232,2020-12-26,109,4451,4560
1232,2020-12-27,102,5250,5352
1232,2020-12-28,358,9347,9705
1232,2020-12-29,353,9819,10172
1232,2020-12-30,348,10859,11207
1232,2020-12-31,289,8637,8926
1250,2020-01-01,43,1123,1166
1250,2020-01-02,110,1851,1961
1250,2020-01-03,131,1923,2054
1250,2020-01-04,69,1556,1625
1250,2020-01-05,48,1384,1432
1250,2020-01-06,161,2228,2389
1250,2020-01-07,159,2278,2437
1250,2020-01-08,165,2264,2429
1250,2020-01-09,149,2298,2447
1250,2020-01-10,162,2426,2588
1250,2020-01-11,71,2018,2089
1250,2020-01-12,45,1724,1769
1250,2020-01-13,212,2262,2474
1250,2020-01-14,191,2391,2582
1250,2020-01-15,226,2424,2650
1250,2020-01-16,260,2444,2704
1250,2020-01-17,215,2500,2715
1250,2020-01-18,80,1866,1946
1250,2020-01-19,47,1535,1582
1250,2020-01-20,245,2359,2604
1250,2020-01-21,279,2388,2667
1250,2020-01-22,284,2394,2678
1250,2020-01-23,213,2366,2579
1250,2020-01-24,254,2551,2805
1250,2020-01-25,85,1913,1998
1250,2020-01-26,52,1698,1750
1250,2020-01-27,169,2326,2495
1250,2020-01-28,206,2392,2598
1250,2020-01-29,213,2399,2612
1250,2020-01-30,227,2417,2644
1250,2020-01-31,198,2472,2670
1250,2020-02-01,65,1820,1885
1250,2020-02-02,52,1427,1479
1250,2020-02-03,188,2309,2497
1250,2020-02-04,206,2449,2655
1250,2020-02-05,248,2359,2607
1250,2020-02-06,247,2489,2736
1250,2020-02-07,221,2554,2775
1250,2020-02-08,79,2046,2125
1250,2020-02-09,52,1287,1339
1250,2020-02-10,163,2175,2338
1250,2020-02-11,205,2458,2663
1250,2020-02-12,183,2383,2566
1250,2020-02-13,237,2445,2682
1250,2020-02-14,201,2297,2498
1250,2020-02-15,63,1392,1455
1250,2020-02-16,39,1061,1100
1250,2020-02-17,114,1580,1694
1250,2020-02-18,131,1606,1737
1250,2020-02-19,114,1663,1777
1250,2020-02-20,115,1609,1724
1250,2020-02-21,120,1766,1886
1250,2020-02-22,64,1362,1426
1250,2020-02-23,44,1093,1137
1250,2020-02-24,91,1715,1806
1250,2020-02-25,116,1790,1906
1250,2020-02-26,120,1815,1935
1250,2020-02-27,133,1856,1989
1250,2020-02-28,131,2031,2162
1250,2020-02-29,59,1487,1546
1250,2020-03-01,43,1211,1254
1250,2020-03-02,130,1779,1909
1250,2020-03-03,134,1901,2035
1250,2020-03-04,124,2123,2247
1250,2020-03-05,166,2154,2320
1250,2020-03-06,222,2380,2602
1250,2020-03-07,76,2281,2357
1250,2020-03-08,44,1658,1702
1250,2020-03-09,182,2229,2411
1250,2020-03-10,196,2265,2461
1250,2020-03-11,214,2277,2491
1250,2020-03-12,222,2386,2608
1250,2020-03-13,216,2433,2649
1250,2020-03-14,93,1708,1801
1250,2020-03-15,58,1716,1774
1250,2020-03-16,226,1895,2121
1250,2020-03-17,185,1664,1849
1250,2020-03-18,215,1453,1668
1250,2020-03-19,174,1196,1370
1250,2020-03-20,123,1165,1288
1250,2020-03-21,67,579,646
1250,2020-03-22,6,474,480
1250,2020-03-23,115,971,1086
1250,2020-03-24,102,955,1057
1250,2020-03-25,110,935,1045
1250,2020-03-26,113,938,1051
1250,2020-03-27,115,999,1114
1250,2020-03-28,56,751,807
1250,2020-03-30,95,900,995
1250,2020-03-31,89,887,976
1250,2020-04-01,100,963,1063
1250,2020-04-02,99,957,1056
1250,2020-04-03,102,1015,1117
1250,2020-04-04,57,732,789
1250,2020-04-05,3,521,524
1250,2020-04-06,112,1019,1131
1250,2020-04-07,99,1066,1165
1250,2020-04-08,109,1092,1201
1250,2020-04-09,99,1096,1195
1250,2020-04-10,93,1076,1169
1250,2020-04-11,62,896,958
1250,2020-04-12,3,517,520
1250,2020-04-13,5,455,460
1250,2020-04-14,118,1055,1173
1250,2020-04-15,119,1088,1207
1250,2020-04-16,117,1138,1255
1250,2020-04-17,118,1242,1360
1250,2020-04-18,58,891,949
1250,2020-04-19,3,642,645
1250,2020-04-20,144,1254,1398
1250,2020-04-21,191,1255,1446
1250,2020-04-22,154,1343,1497
1250,2020-04-23,160,1394,1554
1250,2020-04-24,200,1507,1707
1250,2020-04-25,71,1296,1367
1250,2020-04-26,5,1114,1119
1250,2020-04-27,250,1427,1677
1250,2020-04-28,227,1378,1605
1250,2020-04-29,223,1389,1612
1250,2020-04-30,183,1637,1820
1250,2020-05-02,63,1095,1158
1250,2020-05-03,11,974,985
1250,2020-05-04,200,1606,1806
1250,2020-05-05,222,1643,1865
1250,2020-05-06,281,1727,2008
1250,2020-05-07,275,1824,2099
1250,2020-05-08,272,1970,2242
1250,2020-05-09,50,1051,1101
1250,2020-05-10,38,1006,1044
1250,2020-05-11,231,1846,2077
1250,2020-05-12,243,1961,2204
1250,2020-05-13,226,1932,2158
1250,2020-05-14,244,1991,2235
1250,2020-05-15,252,2130,2382
1250,2020-05-16,82,2125,2207
1250,2020-05-17,56,2446,2502
1250,2020-05-18,256,2208,2464
1250,2020-05-19,276,2430,2706
1250,2020-05-20,258,2473,2731
1250,2020-05-21,47,2419,2466
1250,2020-05-22,183,2366,2549
1250,2020-05-23,90,1819,1909
1250,2020-05-24,57,1926,1983
1250,2020-05-25,247,2213,2460
1250,2020-05-26,279,2513,2792
1250,2020-05-27,292,2450,2742
1250,2020-05-28,296,2448,2744
1250,2020-05-29,339,2643,2982
1250,2020-05-30,87,2442,2529
1250,2020-05-31,53,2852,2905
1250,2020-06-01,79,2846,2925
1250,2020-06-02,328,2720,3048
1250,2020-06-03,281,2607,2888
1250,2020-06-04,314,2437,2751
1250,2020-06-05,286,2491,2777
1250,2020-06-06,100,1912,2012
1250,2020-06-07,62,2352,2414
1250,2020-06-08,349,2428,2777
1250,2020-06-09,257,2520,2777
1250,2020-06-10,262,2545,2807
1250,2020-06-11,234,3046,3280
1250,2020-06-12,256,3040,3296
1250,2020-06-13,101,2562,2663
1250,2020-06-14,76,2111,2187
1250,2020-06-15,217,2415,2632
1250,2020-06-16,248,2567,2815
1250,2020-06-17,244,2475,2719
1250,2020-06-18,270,2534,2804
1250,2020-06-19,299,2765,3064
1250,2020-06-20,92,2340,2432
1250,2020-06-21,57,2657,2714
1250,2020-06-22,215,2480,2695
1250,2020-06-23,57,2235,2292
1250,2020-06-24,232,2668,2900
1250,2020-06-25,272,2730,3002
1250,2020-06-26,257,2652,2909
1250,2020-06-27,83,2108,2191
1250,2020-06-28,57,2066,2123
1250,2020-06-29,262,2488,2750
1250,2020-06-30,215,2630,2845
1250,2020-07-01,264,2580,2844
1250,2020-07-02,237,2524,2761
1250,2020-07-03,235,2805,3040
1250,2020-07-04,95,2543,2638
1250,2020-07-05,54,2031,2085
1250,2020-07-06,259,2496,2755
1250,2020-07-07,254,2608,2862
1250,2020-07-08,282,2592,2874
1250,2020-07-09,226,2814,3040
1250,2020-07-10,248,2761,3009
1250,2020-07-11,91,2724,2815
1250,2020-07-12,69,2860,2929
1250,2020-07-13,307,2918,3225
1250,2020-07-14,275,2860,3135
1250,2020-07-15,269,2659,2928
1250,2020-07-16,231,2630,2861
1250,2020-07-17,277,2982,3259
1250,2020-07-18,95,2816,2911
1250,2020-07-19,50,2823,2873
1250,2020-07-20,287,2800,3087
1250,2020-07-21,230,2976,3206
1250,2020-07-22,265,3000,3265
1250,2020-07-23,256,2974,3230
1250,2020-07-24,308,2954,3262
1250,2020-07-25,110,2516,2626
1250,2020-07-26,62,2097,2159
1250,2020-07-27,211,2659,2870
1250,2020-07-28,326,2575,2901
1250,2020-07-29,228,2820,3048
1250,2020-07-30,191,2825,3016
1250,2020-07-31,158,2770,2928
1250,2020-08-01,58,2267,2325
1250,2020-08-02,58,2426,2484
1250,2020-08-03,143,2308,2451
1250,2020-08-04,142,2388,2530
1250,2020-08-05,158,2608,2766
1250,2020-08-06,151,2565,2716
1250,2020-08-07,148,2423,2571
1250,2020-08-08,77,2328,2405
1250,2020-08-09,56,2268,2324
1250,2020-08-10,142,2445,2587
1250,2020-08-11,167,2312,2479
1250,2020-08-12,146,2508,2654
1250,2020-08-13,156,2342,2498
1250,2020-08-14,136,2587,2723
1250,2020-08-15,60,2214,2274
1250,2020-08-16,48,2475,2523
1250,2020-08-17,144,2404,2548
1250,2020-08-18,157,2374,2531
1250,2020-08-19,149,2464,2613
1250,2020-08-20,161,2576,2737
1250,2020-08-21,166,2552,2718
1250,2020-08-22,69,2428,2497
1250,2020-08-23,61,2483,2544
1250,2020-08-24,167,2316,2483
1250,2020-08-25,210,2493,2703
1250,2020-08-26,248,2482,2730
1250,2020-08-27,239,2645,2884
1250,2020-08-28,220,2516,2736
1250,2020-08-29,78,2193,2271
1250,2020-08-30,53,1878,1931
1250,2020-08-31,266,2267,2533
1250,2020-09-01,296,2409,2705
1250,2020-09-02,301,2468,2769
1250,2020-09-03,254,2512,2766
1250,2020-09-04,264,2893,3157
1250,2020-09-05,93,2302,2395
1250,2020-09-06,67,2286,2353
1250,2020-09-07,222,2550,2772
1250,2020-09-08,226,2649,2875
1250,2020-09-09,226,2529,2755
1250,2020-09-10,265,2621,2886
1250,2020-09-11,232,2681,2913
1250,2020-09-12,124,2527,2651
1250,2020-09-13,60,2848,2908
1250,2020-09-14,248,2735,2983
1250,2020-09-15,203,2728,2931
1250,2020-09-16,211,2647,2858
1250,2020-09-17,306,3020,3326
1250,2020-09-18,269,2845,3114
1250,2020-09-19,126,2652,2778
1250,2020-09-20,68,2566,2634
1250,2020-09-21,239,2622,2861
1250,2020-09-22,250,2724,2974
1250,2020-09-23,252,2708,2960
1250,2020-09-24,247,2664,2911
1250,2020-09-25,242,2564,2806
1250,2020-09-26,92,2051,2143
1250,2020-09-27,50,1507,1557
1250,2020-09-28,243,2335,2578
1250,2020-09-29,242,2425,2667
1250,2020-09-30,261,2504,2765
1250,2020-10-01,259,2694,2953
1250,2020-10-02,231,2710,2941
1250,2020-10-03,78,2190,2268
1250,2020-10-04,49,1781,1830
1250,2020-10-05,193,2417,2610
1250,2020-10-06,215,2448,2663
1250,2020-10-07,250,2449,2699
1250,2020-10-08,294,2555,2849
1250,2020-10-09,245,2533,2778
1250,2020-10-10,112,2296,2408
1250,2020-10-11,51,1719,1770
1250,2020-10-12,244,2432,2676
1250,2020-10-13,296,2469,2765
1250,2020-10-14,283,2551,2834
1250,2020-10-16,258,2728,2986
1250,2020-10-17,108,2283,2391
1250,2020-10-18,59,1776,1835
1250,2020-10-19,266,2478,2744
1250,2020-10-20,284,2568,2852
1250,2020-10-21,249,2623,2872
1250,2020-10-22,245,2640,2885
1250,2020-10-23,232,2588,2820
1250,2020-10-24,109,1996,2105
1250,2020-10-25,46,1417,1463
1250,2020-10-26,274,2420,2694
1250,2020-10-27,289,2488,2777
1250,2020-10-28,226,2434,2660
1250,2020-10-29,247,2681,2928
1250,2020-10-30,264,2674,2938
1250,2020-11-01,49,1295,1344
1250,2020-11-02,242,2236,2478
1250,2020-11-03,273,2495,2768
1250,2020-11-04,285,3490,3775
1250,2020-11-05,295,3565,3860
1250,2020-11-06,288,3937,4225
1250,2020-11-07,141,3267,3408
1250,2020-11-08,64,2394,2458
1250,2020-11-09,267,2532,2799
1250,2020-11-10,279,2432,2711
1250,2020-11-11,248,2423,2671
1250,2020-11-12,285,2465,2750
1250,2020-11-13,260,2530,2790
1250,2020-11-14,92,2128,2220
1250,2020-11-15,48,1574,1622
1250,2020-11-16,305,2542,2847
1250,2020-11-17,323,2589,2912
1250,2020-11-18,286,2771,3057
1250,2020-11-19,272,2697,2969
1250,2020-11-20,278,2854,3132
1250,2020-11-21,117,1988,2105
1250,2020-11-22,49,1610,1659
1250,2020-11-23,213,2305,2518
1250,2020-11-24,242,2330,2572
1250,2020-11-25,225,2421,2646
1250,2020-11-26,243,2285,2528
1250,2020-11-27,257,2404,2661
1250,2020-11-28,92,1916,2008
1250,2020-11-29,56,1359,1415
1250,2020-11-30,239,2233,2472
1250,2020-12-01,207,2344,2551
1250,2020-12-02,250,2283,2533
1250,2020-12-03,220,2332,2552
1250,2020-12-04,242,2415,2657
1250,2020-12-05,103,1812,1915
1250,2020-12-06,42,1226,1268
1250,2020-12-07,233,2225,2458
1250,2020-12-08,223,2273,2496
1250,2020-12-09,230,2219,2449
1250,2020-12-10,258,2385,2643
1250,2020-12-11,211,2325,2536
1250,2020-12-12,83,1721,1804
1250,2020-12-13,46,1281,1327
1250,2020-12-14,255,2265,2520
1250,2020-12-15,191,2255,2446
1250,2020-12-16,198,2299,2497
1250,2020-12-17,260,2423,2683
1250,2020-12-18,183,2440,2623
1250,2020-12-19,80,1783,1863
1250,2020-12-20,43,1241,1284
1250,2020-12-21,107,2150,2257
1250,2020-12-22,116,2376,2492
1250,2020-12-23,98,2319,2417
1250,2020-12-24,97,1719,1816
1250,2020-12-25,38,1025,1063
1250,2020-12-26,49,1091,1140
1250,2020-12-27,41,977,1018
1250,2020-12-28,116,1468,1584
1250,2020-12-29,114,1635,1749
1250,2020-12-30,92,1716,1808
1250,2020-12-31,99,1306,1405
1300,2020-01-01,60,12701,12761
1300,2020-01-02,12,3769,3781
1300,2020-01-03,905,19848,20753
1300,2020-01-04,304,19032,19336
1300,2020-01-05,95,15372,15467
1300,2020-01-06,1281,29354,30635
1300,2020-01-07,1442,30503,31945
1300,2020-01-08,1557,30364,31921
1300,2020-01-09,18,7861,7879
1300,2020-01-10,1863,26122,27985
1300,2020-01-11,392,23773,24165
1300,2020-01-12,101,17227,17328
1300,2020-01-13,1962,31995,33957
1300,2020-01-14,2138,33256,35394
1300,2020-01-15,2134,33659,35793
1300,2020-01-16,2194,34426,36620
1300,2020-01-17,2129,34394,36523
1300,2020-01-18,450,23189,23639
1300,2020-01-19,137,18268,18405
1300,2020-01-20,2188,33425,35613
1300,2020-01-21,2318,34070,36388
1300,2020-01-22,2319,33572,35891
1300,2020-01-23,58,9916,9974
1300,2020-01-24,2148,25058,27206
1300,2020-01-25,439,24336,24775
1300,2020-01-26,109,18622,18731
1300,2020-01-27,2188,31897,34085
1300,2020-01-28,2244,31976,34220
1300,2020-01-29,2396,32694,35090
1300,2020-01-30,2215,34059,36274
1300,2020-01-31,2138,34255,36393
1300,2020-02-01,447,23566,24013
1300,2020-02-02,133,18002,18135
1300,2020-02-03,2061,32029,34090
1300,2020-02-04,2277,33316,35593
1300,2020-02-05,2184,33741,35925
1300,2020-02-06,2190,34648,36838
1300,2020-02-07,1966,35350,37316
1300,2020-02-08,431,24002,24433
1300,2020-02-09,111,15950,16061
1300,2020-02-10,2052,30499,32551
1300,2020-02-11,2183,29400,31583
1300,2020-02-12,2095,33887,35982
1300,2020-02-13,2072,34465,36537
1300,2020-02-14,2150,34809,36959
1300,2020-02-15,531,23410,23941
1300,2020-02-16,198,16657,16855
1300,2020-02-17,2041,30535,32576
1300,2020-02-18,2104,31560,33664
1300,2020-02-19,2286,31643,33929
1300,2020-02-20,43,8039,8082
1300,2020-02-21,2126,23758,25884
1300,2020-02-22,442,22307,22749
1300,2020-02-23,119,16448,16567
1300,2020-02-24,1820,30307,32127
1300,2020-02-25,2153,32925,35078
1300,2020-02-26,2290,28748,31038
1300,2020-02-27,60,7727,7787
1300,2020-02-28,1950,25141,27091
1300,2020-02-29,483,24248,24731
1300,2020-03-01,126,18267,18393
1300,2020-03-02,2184,33043,35227
1300,2020-03-03,2174,34233,36407
1300,2020-03-04,2151,34470,36621
1300,2020-03-05,2090,33666,35756
1300,2020-03-06,2077,35611,37688
1300,2020-03-07,545,25264,25809
1300,2020-03-08,190,18995,19185
1300,2020-03-09,2272,32882,35154
1300,2020-03-10,2284,33073,35357
1300,2020-03-11,2319,33220,35539
1300,2020-03-12,44,9121,9165
1300,2020-03-13,2219,23842,26061
1300,2020-03-14,566,18216,18782
1300,2020-03-15,188,13117,13305
1300,2020-03-16,2025,24875,26900
1300,2020-03-17,2152,21145,23297
1300,2020-03-18,1775,17547,19322
1300,2020-03-19,1515,14736,16251
1300,2020-03-20,1165,13264,14429
1300,2020-03-21,261,5224,5485
1300,2020-03-22,77,3925,4002
1300,2020-03-23,1068,10801,11869
1300,2020-03-24,987,10255,11242
1300,2020-03-25,1003,10559,11562
1300,2020-03-26,966,10445,11411
1300,2020-03-27,861,10955,11816
1300,2020-03-28,202,5998,6200
1300,2020-03-30,879,10825,11704
1300,2020-03-31,874,10462,11336
1300,2020-04-01,811,10867,11678
1300,2020-04-02,3,1045,1048
1300,2020-04-03,838,10147,10985
1300,2020-04-04,184,6021,6205
1300,2020-04-05,60,4139,4199
1300,2020-04-06,866,10982,11848
1300,2020-04-07,910,10768,11678
1300,2020-04-08,885,11120,12005
1300,2020-04-09,750,10932,11682
1300,2020-04-10,652,10470,11122
1300,2020-04-11,207,7039,7246
1300,2020-04-12,47,4453,4500
1300,2020-04-13,76,4273,4349
1300,2020-04-14,963,12553,13516
1300,2020-04-15,1031,12742,13773
1300,2020-04-16,5,1592,1597
1300,2020-04-17,982,12460,13442
1300,2020-04-18,266,7940,8206
1300,2020-04-19,54,5615,5669
1300,2020-04-20,1353,17559,18912
1300,2020-04-21,1714,17988,19702
1300,2020-04-22,1887,18536,20423
1300,2020-04-23,33,3882,3915
1300,2020-04-24,1701,15843,17544
1300,2020-04-25,245,10763,11008
1300,2020-04-26,66,7180,7246
1300,2020-04-27,1753,19825,21578
1300,2020-04-28,1889,20093,21982
1300,2020-04-29,2154,20429,22583
1300,2020-04-30,28,4347,4375
1300,2020-05-01,143,6546,6689
1300,2020-05-02,311,10893,11204
1300,2020-05-03,59,7658,7717
1300,2020-05-04,2019,22613,24632
1300,2020-05-05,2007,23116,25123
1300,2020-05-06,2102,23649,25751
1300,2020-05-07,46,4994,5040
1300,2020-05-08,1805,19031,20836
1300,2020-05-09,218,9999,10217
1300,2020-05-10,160,8643,8803
1300,2020-05-11,2095,25736,27831
1300,2020-05-12,2168,27038,29206
1300,2020-05-13,2303,27455,29758
1300,2020-05-14,38,6378,6416
1300,2020-05-15,2084,21892,23976
1300,2020-05-16,513,19337,19850
1300,2020-05-17,143,14063,14206
1300,2020-05-18,2216,27929,30145
1300,2020-05-19,2338,28731,31069
1300,2020-05-20,2197,30163,32360
1300,2020-05-21,78,8681,8759
1300,2020-05-22,1630,20450,22080
1300,2020-05-23,343,17505,17848
1300,2020-05-24,113,13697,13810
1300,2020-05-25,2433,29493,31926
1300,2020-05-26,2476,30664,33140
1300,2020-05-27,2283,30603,32886
1300,2020-05-28,1065,19910,20975
1300,2020-05-29,2548,24080,26628
1300,2020-05-30,532,22089,22621
1300,2020-05-31,132,17246,17378
1300,2020-06-01,133,17715,17848
1300,2020-06-02,2440,30332,32772
1300,2020-06-03,2368,29806,32174
1300,2020-06-04,1099,18326,19425
1300,2020-06-05,2119,21651,23770
1300,2020-06-06,412,19972,20384
1300,2020-06-07,86,15191,15277
1300,2020-06-08,2416,30183,32599
1300,2020-06-09,2533,30705,33238
1300,2020-06-10,2407,31499,33906
1300,2020-06-11,1004,20193,21197
1300,2020-06-12,1316,16328,17644
1300,2020-06-13,461,22280,22741
1300,2020-06-14,102,17747,17849
1300,2020-06-15,2497,31615,34112
1300,2020-06-16,2513,32518,35031
1300,2020-06-17,2405,31682,34087
1300,2020-06-18,1103,20484,21587
1300,2020-06-19,960,16124,17084
1300,2020-06-20,106,2196,2302
1300,2020-06-21,33,3986,4019
1300,2020-06-22,1655,27041,28696
1300,2020-06-23,419,18358,18777
1300,2020-06-24,2730,32436,35166
1300,2020-06-25,1205,21461,22666
1300,2020-06-26,2240,20252,22492
1300,2020-06-27,534,20138,20672
1300,2020-06-28,114,16849,16963
1300,2020-06-29,2384,32095,34479
1300,2020-06-30,2406,28297,30703
1300,2020-07-01,2437,33589,36026
1300,2020-07-02,1125,20886,22011
1300,2020-07-03,2428,25420,27848
1300,2020-07-04,500,24304,24804
1300,2020-07-05,109,17614,17723
1300,2020-07-06,2392,27097,29489
1300,2020-07-07,2258,27138,29396
1300,2020-07-08,2220,25549,27769
1300,2020-07-09,2100,31252,33352
1300,2020-07-10,0,94,94
1300,2020-07-11,744,24122,24866
1300,2020-07-12,130,17144,17274
1300,2020-07-13,2401,32702,35103
1300,2020-07-14,2085,26194,28279
1300,2020-07-15,2335,34320,36655
1300,2020-07-16,1076,21953,23029
1300,2020-07-17,2426,26170,28596
1300,2020-07-18,582,24790,25372
1300,2020-07-19,188,20599,20787
1300,2020-07-20,2260,30529,32789
1300,2020-07-21,2294,31002,33296
1300,2020-07-22,2243,31247,33490
1300,2020-07-23,1084,16177,17261
1300,2020-07-24,2378,29902,32280
1300,2020-07-25,592,21292,21884
1300,2020-07-26,191,16812,17003
1300,2020-07-27,2216,26049,28265
1300,2020-07-28,2353,28587,30940
1300,2020-07-29,2358,29651,32009
1300,2020-07-30,744,13967,14711
1300,2020-07-31,1804,29328,31132
1300,2020-08-01,347,20086,20433
1300,2020-08-02,160,17517,17677
1300,2020-08-03,1298,26343,27641
1300,2020-08-04,1394,27799,29193
1300,2020-08-05,1305,28132,29437
1300,2020-08-06,1411,28259,29670
1300,2020-08-07,1289,28142,29431
1300,2020-08-08,290,20686,20976
1300,2020-08-09,127,17497,17624
1300,2020-08-10,1220,25833,27053
1300,2020-08-11,1258,26956,28214
1300,2020-08-12,1401,26973,28374
1300,2020-08-13,1307,26531,27838
1300,2020-08-14,1204,27795,28999
1300,2020-08-15,133,17852,17985
1300,2020-08-16,119,17059,17178
1300,2020-08-17,1311,25062,26373
1300,2020-08-18,1451,25573,27024
1300,2020-08-19,1521,26449,27970
1300,2020-08-20,1508,27709,29217
1300,2020-08-21,1368,27538,28906
1300,2020-08-22,440,21844,22284
1300,2020-08-23,213,17684,17897
1300,2020-08-24,2080,28841,30921
1300,2020-08-25,2492,30302,32794
1300,2020-08-26,2519,30019,32538
1300,2020-08-27,2416,31311,33727
1300,2020-08-28,1399,17395,18794
1300,2020-08-29,497,18825,19322
1300,2020-08-30,209,15650,15859
1300,2020-08-31,2657,22240,24897
1300,2020-09-01,2557,21969,24526
1300,2020-09-02,2591,22367,24958
1300,2020-09-03,2467,23074,25541
1300,2020-09-04,2812,24040,26852
1300,2020-09-05,672,22534,23206
1300,2020-09-06,202,17624,17826
1300,2020-09-07,2659,31112,33771
1300,2020-09-08,3050,31676,34726
1300,2020-09-09,2713,33380,36093
1300,2020-09-10,1387,22820,24207
1300,2020-09-12,502,24520,25022
1300,2020-09-13,154,20582,20736
1300,2020-09-14,2521,33200,35721
1300,2020-09-15,2560,33165,35725
1300,2020-09-16,2494,33793,36287
1300,2020-09-17,2582,34491,37073
1300,2020-09-18,2361,31609,33970
1300,2020-09-19,439,24234,24673
1300,2020-09-20,139,20760,20899
1300,2020-09-21,2455,31644,34099
1300,2020-09-22,2453,33430,35883
1300,2020-09-23,2553,32145,34698
1300,2020-09-24,2670,33845,36515
1300,2020-09-25,2566,34035,36601
1300,2020-09-26,505,23556,24061
1300,2020-09-27,114,17690,17804
1300,2020-09-28,2287,31679,33966
1300,2020-09-29,2394,33752,36146
1300,2020-09-30,2573,32171,34744
1300,2020-10-01,1061,21576,22637
1300,2020-10-03,448,23962,24410
1300,2020-10-04,104,18197,18301
1300,2020-10-05,2255,31747,34002
1300,2020-10-06,2463,32251,34714
1300,2020-10-07,2459,33686,36145
1300,2020-10-08,2418,33931,36349
1300,2020-10-09,2142,34596,36738
1300,2020-10-10,481,25146,25627
1300,2020-10-11,116,18703,18819
1300,2020-10-12,2455,32502,34957
1300,2020-10-13,2556,33646,36202
1300,2020-10-14,2576,33377,35953
1300,2020-10-15,2318,34191,36509
1300,2020-10-16,2082,35201,37283
1300,2020-10-17,457,24649,25106
1300,2020-10-18,161,18543,18704
1300,2020-10-19,2406,32946,35352
1300,2020-10-20,2244,33427,35671
1300,2020-10-21,2227,31137,33364
1300,2020-10-22,2168,32108,34276
1300,2020-10-23,2097,33103,35200
1300,2020-10-24,474,22643,23117
1300,2020-10-25,112,15377,15489
1300,2020-10-26,2262,30906,33168
1300,2020-10-27,2215,31852,34067
1300,2020-10-28,2176,31466,33642
1300,2020-10-29,1035,20382,21417
1300,2020-10-30,2202,22980,25182
1300,2020-10-31,448,22268,22716
1300,2020-11-01,97,12923,13020
1300,2020-11-02,2005,28757,30762
1300,2020-11-03,2216,30253,32469
1300,2020-11-04,2204,31162,33366
1300,2020-11-05,2154,31756,33910
1300,2020-11-06,2460,23688,26148
1300,2020-11-07,468,22234,22702
1300,2020-11-08,105,14986,15091
1300,2020-11-09,2312,31593,33905
1300,2020-11-10,2154,30229,32383
1300,2020-11-11,2118,31096,33214
1300,2020-11-12,2139,27876,30015
1300,2020-11-13,2261,33359,35620
1300,2020-11-14,470,23095,23565
1300,2020-11-15,57,3809,3866
1300,2020-11-16,2138,30914,33052
1300,2020-11-17,2305,32933,35238
1300,2020-11-18,2390,32618,35008
1300,2020-11-19,2418,32507,34925
1300,2020-11-20,2212,33722,35934
1300,2020-11-21,104,950,1054
1300,2020-11-22,43,4392,4435
1300,2020-11-23,2115,31094,33209
1300,2020-11-24,2423,32829,35252
1300,2020-11-25,2417,32498,34915
1300,2020-11-26,1152,20931,22083
1300,2020-11-27,2400,23520,25920
1300,2020-11-28,562,21381,21943
1300,2020-11-29,175,13745,13920
1300,2020-11-30,2210,30912,33122
1300,2020-12-01,2166,30888,33054
1300,2020-12-02,2359,31764,34123
1300,2020-12-03,2283,31904,34187
1300,2020-12-04,2140,32006,34146
1300,2020-12-05,442,20800,21242
1300,2020-12-06,107,13752,13859
1300,2020-12-07,2188,30429,32617
1300,2020-12-08,2209,31055,33264
1300,2020-12-09,2178,26932,29110
1300,2020-12-10,2057,26008,28065
1300,2020-12-11,2220,22556,24776
1300,2020-12-12,488,20511,20999
1300,2020-12-13,74,13575,13649
1300,2020-12-14,2162,31422,33584
1300,2020-12-15,2210,31552,33762
1300,2020-12-16,2217,32223,34440
1300,2020-12-17,2095,32310,34405
1300,2020-12-18,1968,32644,34612
1300,2020-12-19,397,20480,20877
1300,2020-12-20,108,13740,13848
1300,2020-12-21,1330,26342,27672
1300,2020-12-22,1331,26342,27673
1300,2020-12-23,1108,25523,26631
1300,2020-12-24,601,19420,20021
1300,2020-12-25,53,11054,11107
1300,2020-12-26,70,11114,11184
1300,2020-12-27,75,9972,10047
1300,2020-12-28,807,18541,19348
1300,2020-12-29,885,19241,20126
1300,2020-12-30,799,20366,21165
1300,2020-12-31,254,9250,9504
1314,2020-01-01,24,1644,1668
1314,2020-01-02,130,2739,2869
1314,2020-01-03,139,3152,3291
1314,2020-01-04,114,2398,2512
1314,2020-01-05,19,1922,1941
1314,2020-01-06,171,4341,4512
1314,2020-01-07,224,4642,4866
1314,2020-01-08,202,4434,4636
1314,2020-01-09,172,4697,4869
1314,2020-01-10,199,4751,4950
1314,2020-01-11,129,3062,3191
1314,2020-01-12,28,2244,2272
1314,2020-01-13,267,4826,5093
1314,2020-01-14,295,4989,5284
1314,2020-01-15,319,4932,5251
1314,2020-01-16,258,5120,5378
1314,2020-01-17,278,5089,5367
1314,2020-01-18,132,3010,3142
1314,2020-01-19,25,2286,2311
1314,2020-01-20,269,4799,5068
1314,2020-01-21,319,5172,5491
1314,2020-01-22,333,4844,5177
1314,2020-01-23,318,5123,5441
1314,2020-01-24,311,5043,5354
1314,2020-01-25,136,2790,2926
1314,2020-01-26,27,2204,2231
1314,2020-01-27,282,4919,5201
1314,2020-01-28,359,5093,5452
1314,2020-01-29,356,4948,5304
1314,2020-01-30,326,5118,5444
1314,2020-01-31,335,5255,5590
1314,2020-02-01,127,2941,3068
1314,2020-02-02,33,2206,2239
1314,2020-02-03,308,4994,5302
1314,2020-02-04,361,5449,5810
1314,2020-02-05,396,5403,5799
1314,2020-02-06,412,5478,5890
1314,2020-02-07,398,5552,5950
1314,2020-02-08,149,3084,3233
1314,2020-02-09,32,2086,2118
1314,2020-02-11,301,5241,5542
1314,2020-02-12,322,4844,5166
1314,2020-02-13,276,5037,5313
1314,2020-02-14,280,5131,5411
1314,2020-02-15,131,2850,2981
1314,2020-02-16,25,2190,2215
1314,2020-02-17,259,3956,4215
1314,2020-02-18,342,4132,4474
1314,2020-02-19,314,4141,4455
1314,2020-02-20,344,4101,4445
1314,2020-02-21,315,4160,4475
1314,2020-02-22,137,2893,3030
1314,2020-02-23,31,2020,2051
1314,2020-02-24,353,4252,4605
1314,2020-02-25,321,4857,5178
1314,2020-02-26,342,4794,5136
1314,2020-02-27,282,4464,4746
1314,2020-02-28,305,4749,5054
1314,2020-02-29,164,3204,3368
1314,2020-03-01,47,2472,2519
1314,2020-03-02,286,5239,5525
1314,2020-03-03,306,5087,5393
1314,2020-03-04,315,5125,5440
1314,2020-03-05,348,4726,5074
1314,2020-03-06,338,5150,5488
1314,2020-03-07,156,3385,3541
1314,2020-03-08,29,2417,2446
1314,2020-03-09,326,4900,5226
1314,2020-03-10,342,5020,5362
1314,2020-03-11,367,4830,5197
1314,2020-03-12,325,4927,5252
1314,2020-03-13,392,4820,5212
1314,2020-03-14,130,2494,2624
1314,2020-03-15,28,2389,2417
1314,2020-03-16,256,3455,3711
1314,2020-03-17,318,3110,3428
1314,2020-03-18,301,2364,2665
1314,2020-03-19,218,1997,2215
1314,2020-03-20,184,1724,1908
1314,2020-03-21,100,815,915
1314,2020-03-22,3,602,605
1314,2020-03-23,139,1199,1338
1314,2020-03-24,174,1253,1427
1314,2020-03-25,155,1211,1366
1314,2020-03-26,151,1198,1349
1314,2020-03-27,151,1349,1500
1314,2020-03-28,116,1017,1133
1314,2020-03-30,137,1316,1453
1314,2020-03-31,162,1281,1443
1314,2020-04-01,153,1429,1582
1314,2020-04-02,156,1364,1520
1314,2020-04-03,176,1402,1578
1314,2020-04-04,102,1082,1184
1314,2020-04-05,4,751,755
1314,2020-04-06,159,1433,1592
1314,2020-04-07,161,1536,1697
1314,2020-04-08,155,1545,1700
1314,2020-04-09,158,1496,1654
1314,2020-04-10,154,1619,1773
1314,2020-04-11,112,1291,1403
1314,2020-04-12,4,715,719
1314,2020-04-13,6,701,707
1314,2020-04-14,177,1585,1762
1314,2020-04-15,180,1544,1724
1314,2020-04-16,158,1690,1848
1314,2020-04-17,165,1866,2031
1314,2020-04-18,111,1370,1481
1314,2020-04-19,10,986,996
1314,2020-04-20,262,2367,2629
1314,2020-04-21,301,2480,2781
1314,2020-04-22,353,2503,2856
1314,2020-04-23,345,2562,2907
1314,2020-04-24,306,2708,3014
1314,2020-04-25,146,2152,2298
1314,2020-04-26,18,1467,1485
1314,2020-04-27,294,2717,3011
1314,2020-04-28,316,2626,2942
1314,2020-04-29,300,2657,2957
1314,2020-05-01,16,1064,1080
1314,2020-05-02,125,1961,2086
1314,2020-05-03,7,1434,1441
1314,2020-05-04,383,2877,3260
1314,2020-05-05,278,3094,3372
1314,2020-05-06,301,3146,3447
1314,2020-05-07,284,3249,3533
1314,2020-05-08,314,3401,3715
1314,2020-05-09,36,1607,1643
1314,2020-05-10,19,1507,1526
1314,2020-05-11,290,3193,3483
1314,2020-05-12,300,3607,3907
1314,2020-05-13,278,3584,3862
1314,2020-05-14,276,3737,4013
1314,2020-05-15,285,3892,4177
1314,2020-05-16,179,3231,3410
1314,2020-05-17,79,3071,3150
1314,2020-05-18,247,3799,4046
1314,2020-05-19,321,3962,4283
1314,2020-05-20,317,4172,4489
1314,2020-05-21,33,2601,2634
1314,2020-05-22,337,3855,4192
1314,2020-05-23,162,2598,2760
1314,2020-05-24,26,2177,2203
1314,2020-05-25,317,4083,4400
1314,2020-05-26,357,4448,4805
1314,2020-05-27,346,4568,4914
1314,2020-05-28,325,4664,4989
1314,2020-05-29,296,4703,4999
1314,2020-05-30,187,3457,3644
1314,2020-05-31,28,2862,2890
1314,2020-06-01,45,2819,2864
1314,2020-06-02,280,4235,4515
1314,2020-06-03,292,4355,4647
1314,2020-06-04,248,4148,4396
1314,2020-06-05,262,4222,4484
1314,2020-06-06,166,3083,3249
1314,2020-06-07,28,2355,2383
1314,2020-06-08,294,4192,4486
1314,2020-06-09,366,4294,4660
1314,2020-06-10,340,4381,4721
1314,2020-06-11,321,4486,4807
1314,2020-06-12,339,4730,5069
1314,2020-06-13,147,3532,3679
1314,2020-06-14,34,2898,2932
1314,2020-06-15,314,4182,4496
1314,2020-06-16,323,4632,4955
1314,2020-06-17,268,4247,4515
1314,2020-06-18,328,4722,5050
1314,2020-06-19,279,4790,5069
1314,2020-06-20,173,3644,3817
1314,2020-06-21,40,3068,3108
1314,2020-06-22,223,4018,4241
1314,2020-06-23,61,2866,2927
1314,2020-06-24,337,4850,5187
1314,2020-06-25,332,4835,5167
1314,2020-06-26,330,4716,5046
1314,2020-06-27,180,3795,3975
1314,2020-06-28,40,2884,2924
1314,2020-06-29,293,4334,4627
1314,2020-06-30,317,4385,4702
1314,2020-07-01,313,4882,5195
1314,2020-07-02,317,4701,5018
1314,2020-07-03,296,4722,5018
1314,2020-07-04,207,4019,4226
1314,2020-07-05,56,2668,2724
1314,2020-07-06,309,4420,4729
1314,2020-07-07,323,4633,4956
1314,2020-07-08,339,4737,5076
1314,2020-07-09,348,4909,5257
1314,2020-07-10,321,4790,5111
1314,2020-07-11,167,3618,3785
1314,2020-07-12,53,3002,3055
1314,2020-07-13,423,4560,4983
1314,2020-07-14,313,4469,4782
1314,2020-07-15,288,4573,4861
1314,2020-07-16,279,4354,4633
1314,2020-07-17,246,4452,4698
1314,2020-07-18,158,3504,3662
1314,2020-07-19,51,2857,2908
1314,2020-07-20,278,4217,4495
1314,2020-07-21,296,4415,4711
1314,2020-07-22,314,4420,4734
1314,2020-07-23,311,4443,4754
1314,2020-07-24,288,4358,4646
1314,2020-07-25,181,3205,3386
1314,2020-07-26,40,2496,2536
1314,2020-07-27,305,4014,4319
1314,2020-07-28,317,4169,4486
1314,2020-07-29,300,4323,4623
1314,2020-07-30,278,4275,4553
1314,2020-07-31,226,4098,4324
1314,2020-08-01,140,3055,3195
1314,2020-08-02,35,2643,2678
1314,2020-08-03,184,3580,3764
1314,2020-08-04,228,3647,3875
1314,2020-08-05,237,3841,4078
1314,2020-08-06,191,3772,3963
1314,2020-08-07,194,3817,4011
1314,2020-08-08,152,2905,3057
1314,2020-08-09,28,2383,2411
1314,2020-08-10,175,3375,3550
1314,2020-08-11,190,3453,3643
1314,2020-08-12,175,3396,3571
1314,2020-08-13,199,3620,3819
1314,2020-08-14,190,3609,3799
1314,2020-08-15,40,2547,2587
1314,2020-08-16,29,2392,2421
1314,2020-08-17,196,3374,3570
1314,2020-08-18,192,3549,3741
1314,2020-08-19,205,3744,3949
1314,2020-08-20,204,3705,3909
1314,2020-08-21,162,3641,3803
1314,2020-08-22,147,2953,3100
1314,2020-08-23,40,2414,2454
1314,2020-08-24,220,3609,3829
1314,2020-08-25,270,3803,4073
1314,2020-08-26,249,3771,4020
1314,2020-08-27,270,3976,4246
1314,2020-08-28,244,3717,3961
1314,2020-08-29,127,2931,3058
1314,2020-08-30,23,2385,2408
1314,2020-08-31,265,3670,3935
1314,2020-09-01,283,3752,4035
1314,2020-09-02,245,4004,4249
1314,2020-09-03,257,4139,4396
1314,2020-09-04,284,4211,4495
1314,2020-09-05,87,1615,1702
1314,2020-09-06,19,1240,1259
1314,2020-09-07,151,2143,2294
1314,2020-09-08,133,2089,2222
1314,2020-09-09,126,1893,2019
1314,2020-09-10,143,1927,2070
1314,2020-09-11,109,1935,2044
1314,2020-09-12,92,1933,2025
1314,2020-09-13,64,2932,2996
1314,2020-09-14,259,4307,4566
1314,2020-09-15,334,4584,4918
1314,2020-09-16,302,4309,4611
1314,2020-09-17,272,4594,4866
1314,2020-09-18,291,4746,5037
1314,2020-09-19,177,3386,3563
1314,2020-09-20,79,3097,3176
1314,2020-09-21,371,4446,4817
1314,2020-09-22,355,4879,5234
1314,2020-09-23,332,4794,5126
1314,2020-09-24,330,4800,5130
1314,2020-09-25,288,4666,4954
1314,2020-09-26,143,3214,3357
1314,2020-09-27,62,2345,2407
1314,2020-09-28,270,4199,4469
1314,2020-09-29,294,4537,4831
1314,2020-09-30,329,4721,5050
1314,2020-10-01,304,4701,5005
1314,2020-10-02,272,4817,5089
1314,2020-10-03,145,3180,3325
1314,2020-10-04,63,2529,2592
1314,2020-10-05,319,4248,4567
1314,2020-10-06,343,4726,5069
1314,2020-10-07,344,4673,5017
1314,2020-10-08,322,4672,4994
1314,2020-10-09,250,4625,4875
1314,2020-10-10,167,3433,3600
1314,2020-10-11,81,2560,2641
1314,2020-10-12,350,5401,5751
1314,2020-10-13,367,5847,6214
1314,2020-10-14,402,5917,6319
1314,2020-10-15,395,6388,6783
1314,2020-10-16,407,6324,6731
1314,2020-10-17,237,4361,4598
1314,2020-10-18,77,3113,3190
1314,2020-10-19,351,6454,6805
1314,2020-10-20,410,7299,7709
1314,2020-10-21,375,6579,6954
1314,2020-10-22,353,6256,6609
1314,2020-10-23,353,6016,6369
1314,2020-10-24,180,3770,3950
1314,2020-10-25,120,2876,2996
1314,2020-10-26,366,5737,6103
1314,2020-10-27,401,5817,6218
1314,2020-10-28,408,5820,6228
1314,2020-10-29,362,6073,6435
1314,2020-10-30,355,5749,6104
1314,2020-11-01,72,2172,2244
1314,2020-11-02,311,4930,5241
1314,2020-11-03,328,5169,5497
1314,2020-11-04,347,5158,5505
1314,2020-11-05,370,5258,5628
1314,2020-11-06,324,5406,5730
1314,2020-11-07,182,3110,3292
1314,2020-11-08,54,2199,2253
1314,2020-11-09,323,3810,4133
1314,2020-11-10,354,4027,4381
1314,2020-11-11,300,4038,4338
1314,2020-11-12,316,4223,4539
1314,2020-11-13,362,4341,4703
1314,2020-11-14,148,3171,3319
1314,2020-11-15,64,2088,2152
1314,2020-11-16,316,3798,4114
1314,2020-11-17,365,4011,4376
1314,2020-11-18,317,4300,4617
1314,2020-11-19,321,4231,4552
1314,2020-11-20,301,4388,4689
1314,2020-11-21,156,3020,3176
1314,2020-11-22,58,1936,1994
1314,2020-11-23,311,3859,4170
1314,2020-11-24,325,4032,4357
1314,2020-11-25,321,4155,4476
1314,2020-11-26,304,4019,4323
1314,2020-11-27,299,4131,4430
1314,2020-11-28,139,2700,2839
1314,2020-11-29,67,1745,1812
1314,2020-11-30,247,3723,3970
1314,2020-12-01,254,3903,4157
1314,2020-12-02,301,3883,4184
1314,2020-12-03,289,3844,4133
1314,2020-12-04,271,4108,4379
1314,2020-12-05,151,2770,2921
1314,2020-12-06,58,1729,1787
1314,2020-12-07,236,3781,4017
1314,2020-12-08,268,3862,4130
1314,2020-12-09,300,3926,4226
1314,2020-12-10,304,4036,4340
1314,2020-12-11,319,4049,4368
1314,2020-12-12,121,2431,2552
1314,2020-12-13,55,1629,1684
1314,2020-12-14,274,3739,4013
1314,2020-12-15,289,3883,4172
1314,2020-12-16,316,3986,4302
1314,2020-12-17,287,4092,4379
1314,2020-12-18,264,3992,4256
1314,2020-12-19,122,2508,2630
1314,2020-12-20,62,1725,1787
1314,2020-12-21,177,3074,3251
1314,2020-12-22,175,3270,3445
1314,2020-12-23,179,3231,3410
1314,2020-12-24,122,2716,2838
1314,2020-12-25,42,1605,1647
1314,2020-12-26,65,1505,1570
1314,2020-12-27,52,1192,1244
1314,2020-12-28,150,2296,2446
1314,2020-12-29,151,2434,2585
1314,2020-12-30,138,2582,2720
1314,2020-12-31,133,2010,2143
1410,2020-01-01,2579,36523,39102
1410,2020-01-02,7862,61394,69256
1410,2020-01-03,8361,60863,69224
1410,2020-01-04,6810,63593,70403
1410,2020-01-05,3541,51744,55285
1410,2020-01-06,8915,49951,58866
1410,2020-01-07,10080,54114,64194
1410,2020-01-08,11297,52106,63403
1410,2020-01-09,11744,51288,63032
1410,2020-01-10,11071,59436,70507
1410,2020-01-11,8174,59573,67747
1410,2020-01-12,3367,39989,43356
1410,2020-01-13,10711,48320,59031
1410,2020-01-14,12098,54859,66957
1410,2020-01-15,14228,60158,74386
1410,2020-01-16,13871,59200,73071
1410,2020-01-17,12447,62732,75179
1410,2020-01-18,8244,58980,67224
1410,2020-01-19,3446,42808,46254
1410,2020-01-20,12097,53580,65677
1410,2020-01-21,13073,51549,64622
1410,2020-01-23,8743,43745,52488
1410,2020-01-24,12097,60388,72485
1410,2020-01-25,8949,59615,68564
1410,2020-01-26,3810,42323,46133
1410,2020-01-27,12975,45380,58355
1410,2020-01-28,12522,47939,60461
1410,2020-01-29,13225,53105,66330
1410,2020-01-30,12462,56230,68692
1410,2020-01-31,12239,61921,74160
1410,2020-02-01,9471,61026,70497
1410,2020-02-02,3451,43967,47418
1410,2020-02-03,10916,49587,60503
1410,2020-02-04,12690,55579,68269
1410,2020-02-05,13173,54238,67411
1410,2020-02-06,13697,57192,70889
1410,2020-02-07,12898,64566,77464
1410,2020-02-08,7983,63761,71744
1410,2020-02-09,2978,41397,44375
1410,2020-02-10,10454,51713,62167
1410,2020-02-11,12477,55609,68086
1410,2020-02-12,13837,53538,67375
1410,2020-02-13,13421,54644,68065
1410,2020-02-14,12082,62842,74924
1410,2020-02-15,8126,61903,70029
1410,2020-02-16,3414,42955,46369
1410,2020-02-17,11420,55575,66995
1410,2020-02-18,13145,58918,72063
1410,2020-02-19,13498,55735,69233
1410,2020-02-20,12876,55682,68558
1410,2020-02-21,12307,63263,75570
1410,2020-02-22,7926,76401,84327
1410,2020-02-23,3953,47043,50996
1410,2020-02-24,11133,57518,68651
1410,2020-02-25,12302,54710,67012
1410,2020-02-26,12601,52742,65343
1410,2020-02-27,10271,42406,52677
1410,2020-02-28,12232,66750,78982
1410,2020-02-29,8489,65728,74217
1410,2020-03-01,4565,48432,52997
1410,2020-03-02,11987,53193,65180
1410,2020-03-03,12633,59404,72037
1410,2020-03-04,13477,61997,75474
1410,2020-03-05,13779,49346,63125
1410,2020-03-06,12459,62559,75018
1410,2020-03-07,8249,59780,68029
1410,2020-03-08,3580,43534,47114
1410,2020-03-09,11153,54317,65470
1410,2020-03-10,12517,50175,62692
1410,2020-03-11,13056,59406,72462
1410,2020-03-12,12769,60543,73312
1410,2020-03-13,11912,61771,73683
1410,2020-03-14,7161,51647,58808
1410,2020-03-15,3454,36685,40139
1410,2020-03-16,11990,56722,68712
1410,2020-03-17,12273,41973,54246
1410,2020-03-18,11145,31490,42635
1410,2020-03-19,10361,27004,37365
1410,2020-03-20,8939,25234,34173
1410,2020-03-21,4620,11040,15660
1410,2020-03-22,1795,8045,9840
1410,2020-03-23,7678,20977,28655
1410,2020-03-24,8511,19823,28334
1410,2020-03-25,8480,19726,28206
1410,2020-03-26,7859,20165,28024
1410,2020-03-27,7266,21152,28418
1410,2020-03-28,3877,11278,15155
1410,2020-03-30,6766,21267,28033
1410,2020-03-31,7132,21312,28444
1410,2020-04-01,7932,21366,29298
1410,2020-04-02,7152,21167,28319
1410,2020-04-03,6752,22416,29168
1410,2020-04-04,3714,12014,15728
1410,2020-04-05,1350,7711,9061
1410,2020-04-06,6823,22617,29440
1410,2020-04-07,7282,22697,29979
1410,2020-04-08,7573,23161,30734
1410,2020-04-09,6874,23811,30685
1410,2020-04-10,5118,22402,27520
1410,2020-04-11,2875,13330,16205
1410,2020-04-12,812,7662,8474
1410,2020-04-13,1697,8015,9712
1410,2020-04-14,6003,25106,31109
1410,2020-04-15,7844,24575,32419
1410,2020-04-16,7594,24923,32517
1410,2020-04-17,6977,26540,33517
1410,2020-04-18,3976,14205,18181
1410,2020-04-19,1235,8900,10135
1410,2020-04-20,7176,30093,37269
1410,2020-04-21,8582,31129,39711
1410,2020-04-22,9320,31590,40910
1410,2020-04-23,8569,31881,40450
1410,2020-04-24,7871,32820,40691
1410,2020-04-25,4184,17312,21496
1410,2020-04-26,1418,9902,11320
1410,2020-04-28,9250,32328,41578
1410,2020-04-29,9555,35378,44933
1410,2020-04-30,9617,35534,45151
1410,2020-05-01,2868,9929,12797
1410,2020-05-02,3545,17783,21328
1410,2020-05-03,1220,11625,12845
1410,2020-05-04,8755,39515,48270
1410,2020-05-05,9934,40213,50147
1410,2020-05-06,9822,39190,49012
1410,2020-05-07,9784,40573,50357
1410,2020-05-08,7130,41052,48182
1410,2020-05-09,4086,13653,17739
1410,2020-05-10,1827,13001,14828
1410,2020-05-11,10133,42508,52641
1410,2020-05-12,10647,45238,55885
1410,2020-05-13,10819,46552,57371
1410,2020-05-14,10516,47033,57549
1410,2020-05-15,9764,47850,57614
1410,2020-05-16,4874,30637,35511
1410,2020-05-17,1726,18743,20469
1410,2020-05-18,9625,48301,57926
1410,2020-05-19,10888,49298,60186
1410,2020-05-20,10240,50506,60746
1410,2020-05-21,2804,20576,23380
1410,2020-05-22,8289,44790,53079
1410,2020-05-23,5786,28917,34703
1410,2020-05-24,1729,20640,22369
1410,2020-05-25,9942,52271,62213
1410,2020-05-26,11159,52792,63951
1410,2020-05-27,11160,52085,63245
1410,2020-05-28,11125,52253,63378
1410,2020-05-29,9994,57106,67100
1410,2020-05-30,5382,37311,42693
1410,2020-05-31,1585,23721,25306
1410,2020-06-01,2258,25156,27414
1410,2020-06-02,10041,58034,68075
1410,2020-06-03,12237,56568,68805
1410,2020-06-04,11982,57600,69582
1410,2020-06-05,11065,59464,70529
1410,2020-06-06,5810,39605,45415
1410,2020-06-07,1927,27301,29228
1410,2020-06-08,10241,57107,67348
1410,2020-06-09,11309,57643,68952
1410,2020-06-10,11781,58148,69929
1410,2020-06-11,9906,60519,70425
1410,2020-06-12,9798,60860,70658
1410,2020-06-13,5570,41381,46951
1410,2020-06-14,2175,34166,36341
1410,2020-06-15,10603,64943,75546
1410,2020-06-16,11267,58830,70097
1410,2020-06-17,13315,58006,71321
1410,2020-06-18,11360,64580,75940
1410,2020-06-19,10338,61661,71999
1410,2020-06-20,4044,30935,34979
1410,2020-06-21,2202,36293,38495
1410,2020-06-22,9758,56223,65981
1410,2020-06-23,6967,37520,44487
1410,2020-06-24,11528,58338,69866
1410,2020-06-25,10336,57698,68034
1410,2020-06-26,11091,70031,81122
1410,2020-06-27,7241,62669,69910
1410,2020-06-28,2760,51978,54738
1410,2020-06-29,10554,61597,72151
1410,2020-06-30,11874,69098,80972
1410,2020-07-01,11933,67965,79898
1410,2020-07-02,11842,67146,78988
1410,2020-07-03,10738,64837,75575
1410,2020-07-04,6987,70440,77427
1410,2020-07-05,3230,52606,55836
1410,2020-07-06,10513,68509,79022
1410,2020-07-07,11929,64694,76623
1410,2020-07-08,12031,68138,80169
1410,2020-07-09,12016,66798,78814
1410,2020-07-10,11922,74796,86718
1410,2020-07-11,7758,77264,85022
1410,2020-07-12,3726,58389,62115
1410,2020-07-13,10460,69931,80391
1410,2020-07-14,9040,73469,82509
1410,2020-07-15,12653,65441,78094
1410,2020-07-16,12673,68456,81129
1410,2020-07-17,12310,80104,92414
1410,2020-07-18,8159,85093,93252
1410,2020-07-19,4283,67898,72181
1410,2020-07-20,11063,68586,79649
1410,2020-07-21,11821,68018,79839
1410,2020-07-22,12368,67664,80032
1410,2020-07-23,12048,69406,81454
1410,2020-07-24,11875,75791,87666
1410,2020-07-25,7051,75312,82363
1410,2020-07-26,4180,58303,62483
1410,2020-07-27,11300,69046,80346
1410,2020-07-28,11827,71459,83286
1410,2020-07-29,12485,67949,80434
1410,2020-07-30,12223,71246,83469
1410,2020-07-31,10927,76439,87366
1410,2020-08-01,6961,67979,74940
1410,2020-08-02,4139,57233,61372
1410,2020-08-03,9744,69515,79259
1410,2020-08-04,10349,64679,75028
1410,2020-08-05,10742,63765,74507
1410,2020-08-06,10681,66831,77512
1410,2020-08-07,10443,69745,80188
1410,2020-08-08,6252,63009,69261
1410,2020-08-09,4038,52473,56511
1410,2020-08-10,9545,65584,75129
1410,2020-08-11,10045,61917,71962
1410,2020-08-12,10105,61686,71791
1410,2020-08-13,9954,66548,76502
1410,2020-08-14,10007,74651,84658
1410,2020-08-15,4254,54948,59202
1410,2020-08-16,3747,52434,56181
1410,2020-08-17,9424,64967,74391
1410,2020-08-18,10498,61493,71991
1410,2020-08-19,10685,64442,75127
1410,2020-08-20,10654,64474,75128
1410,2020-08-21,10432,72319,82751
1410,2020-08-22,6215,61966,68181
1410,2020-08-23,3660,51751,55411
1410,2020-08-24,10732,64659,75391
1410,2020-08-25,11319,64364,75683
1410,2020-08-26,12046,64817,76863
1410,2020-08-27,12111,66283,78394
1410,2020-08-28,11406,70472,81878
1410,2020-08-29,7022,64869,71891
1410,2020-08-30,3742,54761,58503
1410,2020-08-31,11169,60708,71877
1410,2020-09-01,11804,62705,74509
1410,2020-09-02,12625,63383,76008
1410,2020-09-03,12408,67001,79409
1410,2020-09-04,12320,69999,82319
1410,2020-09-05,7449,63355,70804
1410,2020-09-06,3429,49794,53223
1410,2020-09-07,12067,62673,74740
1410,2020-09-08,13164,61186,74350
1410,2020-09-09,12695,64555,77250
1410,2020-09-10,13083,65287,78370
1410,2020-09-11,12833,70721,83554
1410,2020-09-12,7786,61575,69361
1410,2020-09-13,3685,50479,54164
1410,2020-09-14,12072,64419,76491
1410,2020-09-15,13307,61870,75177
1410,2020-09-16,13295,59802,73097
1410,2020-09-17,13413,64261,77674
1410,2020-09-18,13088,70283,83371
1410,2020-09-19,8529,68314,76843
1410,2020-09-20,3778,51643,55421
1410,2020-09-21,11964,60549,72513
1410,2020-09-22,12972,58425,71397
1410,2020-09-23,12894,58439,71333
1410,2020-09-24,12612,64122,76734
1410,2020-09-25,11387,65704,77091
1410,2020-09-26,7205,56050,63255
1410,2020-09-27,3401,42386,45787
1410,2020-09-28,11662,56360,68022
1410,2020-09-29,12186,58150,70336
1410,2020-09-30,12882,58610,71492
1410,2020-10-01,13327,60595,73922
1410,2020-10-02,13690,61965,75655
1410,2020-10-03,6791,55273,62064
1410,2020-10-04,3683,38331,42014
1410,2020-10-05,12160,50538,62698
1410,2020-10-06,12828,49945,62773
1410,2020-10-07,12383,53635,66018
1410,2020-10-08,11929,54680,66609
1410,2020-10-09,12423,58402,70825
1410,2020-10-10,7340,56071,63411
1410,2020-10-11,2895,40767,43662
1410,2020-10-12,9566,53864,63430
1410,2020-10-13,12835,61172,74007
1410,2020-10-14,12783,60868,73651
1410,2020-10-15,12774,60394,73168
1410,2020-10-16,12651,66288,78939
1410,2020-10-17,7593,55024,62617
1410,2020-10-18,3174,39837,43011
1410,2020-10-19,12348,59077,71425
1410,2020-10-20,9177,40944,50121
1410,2020-10-21,12983,53279,66262
1410,2020-10-22,13161,56472,69633
1410,2020-10-23,12676,56046,68722
1410,2020-10-24,7407,51006,58413
1410,2020-10-25,4612,34812,39424
1410,2020-10-26,11614,56385,67999
1410,2020-10-27,13042,54429,67471
1410,2020-10-28,13430,52794,66224
1410,2020-10-29,12208,57207,69415
1410,2020-10-30,12811,55379,68190
1410,2020-10-31,6822,38580,45402
1410,2020-11-01,3332,23432,26764
1410,2020-11-02,11125,51320,62445
1410,2020-11-05,13736,53745,67481
1410,2020-11-06,13054,56075,69129
1410,2020-11-07,7402,38355,45757
1410,2020-11-08,2811,22905,25716
1410,2020-11-09,12736,55230,67966
1410,2020-11-10,13601,50328,63929
1410,2020-11-11,11148,52348,63496
1410,2020-11-12,13772,55591,69363
1410,2020-11-13,13301,58746,72047
1410,2020-11-14,7506,40980,48486
1410,2020-11-15,2815,22420,25235
1410,2020-11-16,12061,50139,62200
1410,2020-11-17,13838,55307,69145
1410,2020-11-18,14022,49778,63800
1410,2020-11-19,12948,49248,62196
1410,2020-11-20,13203,58644,71847
1410,2020-11-21,7639,42136,49775
1410,2020-11-22,2624,24481,27105
1410,2020-11-23,13029,50391,63420
1410,2020-11-24,14503,54844,69347
1410,2020-11-25,14587,56443,71030
1410,2020-11-26,14060,51940,66000
1410,2020-11-27,13914,55826,69740
1410,2020-11-28,7877,38694,46571
1410,2020-11-29,2835,26859,29694
1410,2020-11-30,12762,51053,63815
1410,2020-12-01,14251,40888,55139
1410,2020-12-02,14949,46741,61690
1410,2020-12-03,13800,45484,59284
1410,2020-12-04,12879,51681,64560
1410,2020-12-05,7830,40894,48724
1410,2020-12-06,2931,27768,30699
1410,2020-12-07,12511,47310,59821
1410,2020-12-08,14329,40601,54930
1410,2020-12-09,13992,44331,58323
1410,2020-12-10,14002,54484,68486
1410,2020-12-11,13845,49000,62845
1410,2020-12-12,8408,38315,46723
1410,2020-12-13,2915,28123,31038
1410,2020-12-14,12664,51562,64226
1410,2020-12-15,13893,45715,59608
1410,2020-12-16,14423,49796,64219
1410,2020-12-17,14430,57183,71613
1410,2020-12-18,13142,60884,74026
1410,2020-12-19,7805,50845,58650
1410,2020-12-20,3586,35931,39517
1410,2020-12-21,11111,48790,59901
1410,2020-12-22,10874,47263,58137
1410,2020-12-23,11220,47798,59018
1410,2020-12-24,6661,41573,48234
1410,2020-12-25,2057,22155,24212
1410,2020-12-26,2098,27725,29823
1410,2020-12-27,3270,23408,26678
1410,2020-12-28,7278,40234,47512
1410,2020-12-29,7330,40494,47824
1410,2020-12-30,7093,44441,51534
1410,2020-12-31,5813,33077,38890
1414,2020-01-01,7845,21563,29408
1414,2020-01-02,15903,44208,60111
1414,2020-01-03,15933,47974,63907
1414,2020-01-04,13806,42736,56542
1414,2020-01-05,8084,36579,44663
1414,2020-01-06,14460,34708,49168
1414,2020-01-07,13488,37272,50760
1414,2020-01-08,16084,36859,52943
1414,2020-01-10,15186,37315,52501
1414,2020-01-11,9928,41425,51353
1414,2020-01-12,7512,26763,34275
1414,2020-01-13,14237,30476,44713
1414,2020-01-14,12903,35105,48008
1414,2020-01-15,13772,35718,49490
1414,2020-01-16,13646,32072,45718
1414,2020-01-17,15713,37917,53630
1414,2020-01-18,13195,36697,49892
1414,2020-01-19,7289,27507,34796
1414,2020-01-21,12438,26757,39195
1414,2020-01-22,12788,31538,44326
1414,2020-01-23,16502,37040,53542
1414,2020-01-24,16230,40538,56768
1414,2020-01-25,14696,40929,55625
1414,2020-01-26,9223,27858,37081
1414,2020-01-27,16051,29909,45960
1414,2020-01-28,15569,31835,47404
1414,2020-01-29,15020,36246,51266
1414,2020-01-30,14839,34539,49378
1414,2020-01-31,17022,39363,56385
1414,2020-02-01,15799,39937,55736
1414,2020-02-04,12861,40005,52866
1414,2020-02-05,10881,33582,44463
1414,2020-02-06,13338,37996,51334
1414,2020-02-07,13292,45871,59163
1414,2020-02-08,9576,49745,59321
1414,2020-02-09,5211,31424,36635
1414,2020-02-10,11602,38502,50104
1414,2020-02-11,12704,42119,54823
1414,2020-02-12,13194,40659,53853
1414,2020-02-13,14110,45024,59134
1414,2020-02-14,14230,49888,64118
1414,2020-02-15,10717,54178,64895
1414,2020-02-16,5419,32501,37920
1414,2020-02-17,12397,41981,54378
1414,2020-02-18,12869,48266,61135
1414,2020-02-19,12816,43583,56399
1414,2020-02-20,13283,44124,57407
1414,2020-02-21,13068,46453,59521
1414,2020-02-22,9853,57019,66872
1414,2020-02-23,7958,35349,43307
1414,2020-02-24,12021,46517,58538
1414,2020-02-25,12879,42914,55793
1414,2020-02-26,12617,43940,56557
1414,2020-02-27,9898,28873,38771
1414,2020-02-28,13525,45978,59503
1414,2020-02-29,12699,52827,65526
1414,2020-03-01,7891,37078,44969
1414,2020-03-02,13288,40075,53363
1414,2020-03-03,13417,44033,57450
1414,2020-03-04,12933,46641,59574
1414,2020-03-05,16608,36534,53142
1414,2020-03-06,16875,43277,60152
1414,2020-03-07,8405,43373,51778
1414,2020-03-08,5551,33243,38794
1414,2020-03-09,12141,39724,51865
1414,2020-03-10,15278,35470,50748
1414,2020-03-11,14230,43523,57753
1414,2020-03-12,13348,44929,58277
1414,2020-03-13,11602,47498,59100
1414,2020-03-14,7116,42792,49908
1414,2020-03-15,4579,30689,35268
1414,2020-03-16,12003,48678,60681
1414,2020-03-17,10533,35779,46312
1414,2020-03-18,8491,25557,34048
1414,2020-03-19,7592,22658,30250
1414,2020-03-20,6380,21580,27960
1414,2020-03-21,4001,8905,12906
1414,2020-03-22,1588,6438,8026
1414,2020-03-23,5420,17861,23281
1414,2020-03-24,5405,17351,22756
1414,2020-03-25,5424,16829,22253
1414,2020-03-26,5176,16688,21864
1414,2020-03-27,4688,18198,22886
1414,2020-03-28,2324,8872,11196
1414,2020-03-30,4826,18697,23523
1414,2020-03-31,4820,18393,23213
1414,2020-04-01,5244,16958,22202
1414,2020-04-02,5044,18405,23449
1414,2020-04-03,4842,18875,23717
1414,2020-04-04,2277,9576,11853
1414,2020-04-05,1101,6153,7254
1414,2020-04-06,4954,19521,24475
1414,2020-04-07,5048,19722,24770
1414,2020-04-08,5447,18242,23689
1414,2020-04-09,4989,20848,25837
1414,2020-04-10,3674,19361,23035
1414,2020-04-11,1957,10459,12416
1414,2020-04-13,1125,6019,7144
1414,2020-04-15,5582,21067,26649
1414,2020-04-16,5568,21173,26741
1414,2020-04-17,5323,22359,27682
1414,2020-04-18,2478,11152,13630
1414,2020-04-19,1072,7234,8306
1414,2020-04-20,6544,25496,32040
1414,2020-04-21,7003,26285,33288
1414,2020-04-22,7847,26007,33854
1414,2020-04-23,7596,26863,34459
1414,2020-04-24,7200,26037,33237
1414,2020-04-25,3041,12923,15964
1414,2020-04-26,1097,7599,8696
1414,2020-04-27,5301,19998,25299
1414,2020-04-28,6842,25974,32816
1414,2020-04-29,8730,29953,38683
1414,2020-04-30,10920,28981,39901
1414,2020-05-02,2691,13462,16153
1414,2020-05-03,1060,8719,9779
1414,2020-05-04,8098,31731,39829
1414,2020-05-05,8962,32917,41879
1414,2020-05-06,10828,33425,44253
1414,2020-05-07,9586,33536,43122
1414,2020-05-08,5757,34450,40207
1414,2020-05-09,2680,10099,12779
1414,2020-05-10,1697,9439,11136
1414,2020-05-11,9919,36593,46512
1414,2020-05-12,9080,38859,47939
1414,2020-05-13,8822,39094,47916
1414,2020-05-14,8799,39086,47885
1414,2020-05-15,9555,41576,51131
1414,2020-05-16,3951,23675,27626
1414,2020-05-17,1635,14593,16228
1414,2020-05-18,9354,40969,50323
1414,2020-05-19,9925,40986,50911
1414,2020-05-20,9570,43489,53059
1414,2020-05-21,2098,15168,17266
1414,2020-05-22,6410,36805,43215
1414,2020-05-23,4980,22564,27544
1414,2020-05-24,1539,15757,17296
1414,2020-05-25,8646,43264,51910
1414,2020-05-26,9913,43755,53668
1414,2020-05-27,10070,42900,52970
1414,2020-05-28,10203,44824,55027
1414,2020-05-29,9564,46521,56085
1414,2020-05-30,4477,27450,31927
1414,2020-05-31,1671,17293,18964
1414,2020-06-01,2247,17966,20213
1414,2020-06-02,9526,48570,58096
1414,2020-06-03,10245,46940,57185
1414,2020-06-04,10360,45910,56270
1414,2020-06-05,10440,47928,58368
1414,2020-06-06,5218,30618,35836
1414,2020-06-07,1773,21021,22794
1414,2020-06-08,9411,48540,57951
1414,2020-06-09,9582,48144,57726
1414,2020-06-10,9815,48059,57874
1414,2020-06-11,10250,49944,60194
1414,2020-06-12,9275,48848,58123
1414,2020-06-13,4105,24436,28541
1414,2020-06-14,1428,16427,17855
1414,2020-06-15,9955,52504,62459
1414,2020-06-16,9645,49255,58900
1414,2020-06-17,12095,47397,59492
1414,2020-06-18,10698,51349,62047
1414,2020-06-19,10229,47223,57452
1414,2020-06-22,9742,45503,55245
1414,2020-06-23,6570,29838,36408
1414,2020-06-24,11773,48972,60745
1414,2020-06-25,12304,50999,63303
1414,2020-06-26,11471,57593,69064
1414,2020-06-27,8981,56420,65401
1414,2020-06-28,3742,44258,48000
1414,2020-06-29,11296,53503,64799
1414,2020-06-30,10817,57542,68359
1414,2020-07-01,11234,55817,67051
1414,2020-07-02,11384,54618,66002
1414,2020-07-03,11903,59258,71161
1414,2020-07-04,7385,56935,64320
1414,2020-07-05,4857,41815,46672
1414,2020-07-06,10664,53307,63971
1414,2020-07-07,11122,51170,62292
1414,2020-07-08,11475,56327,67802
1414,2020-07-09,12319,55036,67355
1414,2020-07-10,11882,65126,77008
1414,2020-07-11,9101,61504,70605
1414,2020-07-12,6277,45757,52034
1414,2020-07-13,11251,58194,69445
1414,2020-07-14,7751,65669,73420
1414,2020-07-15,12941,54005,66946
1414,2020-07-16,13202,56111,69313
1414,2020-07-17,13248,64776,78024
1414,2020-07-18,9242,59804,69046
1414,2020-07-19,6312,49215,55527
1414,2020-07-20,11881,57232,69113
1414,2020-07-21,12936,55299,68235
1414,2020-07-22,12769,54309,67078
1414,2020-07-23,12894,56994,69888
1414,2020-07-24,12590,62515,75105
1414,2020-07-25,8364,62295,70659
1414,2020-07-26,6671,47933,54604
1414,2020-07-27,12927,57318,70245
1414,2020-07-28,11829,60403,72232
1414,2020-07-29,13879,53576,67455
1414,2020-07-30,13900,58591,72491
1414,2020-07-31,13153,62494,75647
1414,2020-08-01,9038,55682,64720
1414,2020-08-02,6779,46420,53199
1414,2020-08-03,10441,58581,69022
1414,2020-08-04,10581,55460,66041
1414,2020-08-05,11571,53997,65568
1414,2020-08-06,11942,55684,67626
1414,2020-08-07,12294,58999,71293
1414,2020-08-08,7786,52489,60275
1414,2020-08-09,5979,43409,49388
1414,2020-08-10,9606,55465,65071
1414,2020-08-11,10337,52262,62599
1414,2020-08-12,10448,53140,63588
1414,2020-08-13,10572,56519,67091
1414,2020-08-14,10871,60850,71721
1414,2020-08-15,5851,43991,49842
1414,2020-08-16,5484,42819,48303
1414,2020-08-17,9814,55026,64840
1414,2020-08-18,9783,52111,61894
1414,2020-08-19,10238,53875,64113
1414,2020-08-20,11204,53390,64594
1414,2020-08-21,10551,60806,71357
1414,2020-08-22,7251,47906,55157
1414,2020-08-23,5105,41268,46373
1414,2020-08-24,11082,55067,66149
1414,2020-08-25,11564,51361,62925
1414,2020-08-26,12076,52739,64815
1414,2020-08-27,12184,51654,63838
1414,2020-08-28,13028,57882,70910
1414,2020-08-29,8883,53727,62610
1414,2020-08-30,5095,42871,47966
1414,2020-08-31,12162,50666,62828
1414,2020-09-01,12438,48998,61436
1414,2020-09-02,12312,47169,59481
1414,2020-09-03,12290,53229,65519
1414,2020-09-04,12431,56414,68845
1414,2020-09-05,7645,50171,57816
1414,2020-09-06,4800,37277,42077
1414,2020-09-07,11732,46859,58591
1414,2020-09-08,12606,44882,57488
1414,2020-09-09,12272,47159,59431
1414,2020-09-10,12878,48862,61740
1414,2020-09-11,12344,53787,66131
1414,2020-09-12,7590,45855,53445
1414,2020-09-13,5463,35428,40891
1414,2020-09-14,11794,47556,59350
1414,2020-09-15,11708,44596,56304
1414,2020-09-16,11800,44465,56265
1414,2020-09-17,12425,43775,56200
1414,2020-09-18,12668,50147,62815
1414,2020-09-19,8192,47567,55759
1414,2020-09-20,4780,36905,41685
1414,2020-09-21,11610,41031,52641
1414,2020-09-22,11513,40752,52265
1414,2020-09-23,11903,42531,54434
1414,2020-09-24,12059,45866,57925
1414,2020-09-25,13249,49164,62413
1414,2020-09-26,7442,43000,50442
1414,2020-09-27,6903,30062,36965
1414,2020-09-28,11305,38270,49575
1414,2020-09-29,12083,42101,54184
1414,2020-09-30,13010,46074,59084
1414,2020-10-01,14020,43005,57025
1414,2020-10-02,15499,42048,57547
1414,2020-10-03,12894,39758,52652
1414,2020-10-04,8457,27697,36154
1414,2020-10-05,15486,36382,51868
1414,2020-10-06,15566,32773,48339
1414,2020-10-07,12623,33226,45849
1414,2020-10-08,14440,38550,52990
1414,2020-10-09,15911,39852,55763
1414,2020-10-10,8084,36316,44400
1414,2020-10-11,4607,28436,33043
1414,2020-10-12,13214,39577,52791
1414,2020-10-13,12728,38006,50734
1414,2020-10-14,13257,38542,51799
1414,2020-10-15,15483,40360,55843
1414,2020-10-16,13832,44089,57921
1414,2020-10-17,8033,38978,47011
1414,2020-10-18,4857,28478,33335
1414,2020-10-19,12320,41043,53363
1414,2020-10-20,10874,33467,44341
1414,2020-10-21,12983,39482,52465
1414,2020-10-22,12699,38691,51390
1414,2020-10-23,15212,37487,52699
1414,2020-10-24,9865,36206,46071
1414,2020-10-25,9532,26035,35567
1414,2020-10-26,12578,41561,54139
1414,2020-10-27,14358,40288,54646
1414,2020-10-28,14224,38582,52806
1414,2020-10-29,16272,48643,64915
1414,2020-10-30,16209,36629,52838
1414,2020-10-31,6690,23104,29794
1414,2020-11-01,6076,14228,20304
1414,2020-11-02,12631,35471,48102
1414,2020-11-03,13971,36783,50754
1414,2020-11-04,15073,39900,54973
1414,2020-11-05,14856,35487,50343
1414,2020-11-06,14293,36957,51250
1414,2020-11-07,7507,22936,30443
1414,2020-11-08,3341,13704,17045
1414,2020-11-09,13103,34796,47899
1414,2020-11-10,16614,32265,48879
1414,2020-11-11,13791,32969,46760
1414,2020-11-12,14493,36171,50664
1414,2020-11-13,15980,37462,53442
1414,2020-11-14,8143,23813,31956
1414,2020-11-15,4188,13914,18102
1414,2020-11-16,17190,36201,53391
1414,2020-11-17,15385,33430,48815
1414,2020-11-18,13982,32055,46037
1414,2020-11-19,17085,34460,51545
1414,2020-11-20,14353,38994,53347
1414,2020-11-21,8238,24107,32345
1414,2020-11-22,3639,14717,18356
1414,2020-11-23,16164,31975,48139
1414,2020-11-24,17364,31858,49222
1414,2020-11-25,15113,36252,51365
1414,2020-11-26,14128,32233,46361
1414,2020-11-27,15413,32274,47687
1414,2020-11-28,8972,22703,31675
1414,2020-11-29,3857,17092,20949
1414,2020-11-30,13021,33150,46171
1414,2020-12-01,17018,32089,49107
1414,2020-12-02,17450,33432,50882
1414,2020-12-03,17611,35955,53566
1414,2020-12-04,16386,37465,53851
1414,2020-12-05,8417,25424,33841
1414,2020-12-06,4307,17018,21325
1414,2020-12-07,15632,34152,49784
1414,2020-12-08,14720,29823,44543
1414,2020-12-09,16241,29648,45889
1414,2020-12-10,14583,34437,49020
1414,2020-12-11,17472,37201,54673
1414,2020-12-12,10015,28442,38457
1414,2020-12-13,5552,17263,22815
1414,2020-12-14,13215,32480,45695
1414,2020-12-15,16027,36340,52367
1414,2020-12-16,15214,32543,47757
1414,2020-12-17,16048,38420,54468
1414,2020-12-18,15502,40916,56418
1414,2020-12-19,10317,33972,44289
1414,2020-12-20,6519,23247,29766
1414,2020-12-21,16317,37629,53946
1414,2020-12-22,15011,35719,50730
1414,2020-12-23,14606,35970,50576
1414,2020-12-24,11748,29221,40969
1414,2020-12-25,3432,11309,14741
1414,2020-12-26,3783,18419,22202
1414,2020-12-27,7133,16737,23870
1414,2020-12-28,12320,27831,40151
1414,2020-12-29,12141,29956,42097
1414,2020-12-30,11554,31972,43526
1414,2020-12-31,9235,22634,31869
1430,2020-01-01,504,9253,9757
1430,2020-01-02,1972,23918,25890
1430,2020-01-03,2524,24526,27050
1430,2020-01-04,1751,18812,20563
1430,2020-01-05,757,13308,14065
1430,2020-01-06,3471,29278,32749
1430,2020-01-07,3878,29846,33724
1430,2020-01-08,4085,29583,33668
1430,2020-01-09,4321,30487,34808
1430,2020-01-10,4294,30946,35240
1430,2020-01-11,2539,18926,21465
1430,2020-01-12,776,12512,13288
1430,2020-01-13,4259,29263,33522
1430,2020-01-14,4740,31462,36202
1430,2020-01-15,5004,31273,36277
1430,2020-01-16,4792,32050,36842
1430,2020-01-17,4646,32290,36936
1430,2020-01-18,2494,21512,24006
1430,2020-01-19,818,13113,13931
1430,2020-01-20,4422,31007,35429
1430,2020-01-21,4587,31607,36194
1430,2020-01-22,4943,31516,36459
1430,2020-01-23,4913,32483,37396
1430,2020-01-24,4608,31752,36360
1430,2020-01-25,2334,18572,20906
1430,2020-01-26,803,12747,13550
1430,2020-01-27,4411,30909,35320
1430,2020-01-28,4725,30274,34999
1430,2020-01-29,4938,32098,37036
1430,2020-01-30,4654,33185,37839
1430,2020-01-31,4587,32353,36940
1430,2020-02-01,2206,18893,21099
1430,2020-02-02,770,12765,13535
1430,2020-02-03,4341,30529,34870
1430,2020-02-04,4767,31920,36687
1430,2020-02-05,4867,31980,36847
1430,2020-02-06,5083,32658,37741
1430,2020-02-07,4560,32843,37403
1430,2020-02-08,2360,19602,21962
1430,2020-02-09,729,10941,11670
1430,2020-02-10,4227,28071,32298
1430,2020-02-11,4707,31090,35797
1430,2020-02-12,4931,31133,36064
1430,2020-02-13,4747,30983,35730
1430,2020-02-14,4577,33448,38025
1430,2020-02-15,2229,19957,22186
1430,2020-02-16,721,12787,13508
1430,2020-02-17,4455,30313,34768
1430,2020-02-18,4919,30934,35853
1430,2020-02-19,5051,31215,36266
1430,2020-02-20,4769,29568,34337
1430,2020-02-21,4518,30117,34635
1430,2020-02-22,2181,19200,21381
1430,2020-02-23,752,12614,13366
1430,2020-02-24,3947,25905,29852
1430,2020-02-25,4544,29598,34142
1430,2020-02-26,4833,31880,36713
1430,2020-02-27,4437,29212,33649
1430,2020-02-28,4679,32138,36817
1430,2020-02-29,2201,18788,20989
1430,2020-03-01,804,13275,14079
1430,2020-03-02,4597,31694,36291
1430,2020-03-03,4853,31585,36438
1430,2020-03-04,5124,31934,37058
1430,2020-03-05,4847,31130,35977
1430,2020-03-06,4654,31707,36361
1430,2020-03-07,2427,19674,22101
1430,2020-03-08,796,13647,14443
1430,2020-03-09,4556,30538,35094
1430,2020-03-11,4938,30953,35891
1430,2020-03-12,4687,31242,35929
1430,2020-03-13,4540,27825,32365
1430,2020-03-14,2330,13054,15384
1430,2020-03-15,932,9205,10137
1430,2020-03-16,4336,21536,25872
1430,2020-03-17,4664,17858,22522
1430,2020-03-18,4709,15655,20364
1430,2020-03-19,4272,12982,17254
1430,2020-03-20,3893,11095,14988
1430,2020-03-21,1888,3517,5405
1430,2020-03-22,736,2279,3015
1430,2020-03-23,3325,9316,12641
1430,2020-03-24,3490,8732,12222
1430,2020-03-25,3576,8740,12316
1430,2020-03-26,3336,8458,11794
1430,2020-03-31,3125,8681,11806
1430,2020-04-01,3232,9069,12301
1430,2020-04-02,3069,8761,11830
1430,2020-04-03,2906,8670,11576
1430,2020-04-04,1602,3259,4861
1430,2020-04-05,659,2093,2752
1430,2020-04-06,2963,9162,12125
1430,2020-04-07,3184,9121,12305
1430,2020-04-08,3258,9326,12584
1430,2020-04-09,3084,9054,12138
1430,2020-04-10,1806,6475,8281
1430,2020-04-11,1155,3161,4316
1430,2020-04-12,400,1745,2145
1430,2020-04-13,763,2117,2880
1430,2020-04-14,2630,9244,11874
1430,2020-04-15,3211,9378,12589
1430,2020-04-16,3241,9543,12784
1430,2020-04-17,3080,9572,12652
1430,2020-04-18,1638,4063,5701
1430,2020-04-19,659,2689,3348
1430,2020-04-20,3046,12738,15784
1430,2020-04-21,3536,13573,17109
1430,2020-04-22,3731,13740,17471
1430,2020-04-23,3579,13757,17336
1430,2020-04-24,3548,13247,16795
1430,2020-04-25,1694,4871,6565
1430,2020-04-26,734,3098,3832
1430,2020-04-27,3690,14275,17965
1430,2020-04-28,3953,14943,18896
1430,2020-04-29,4071,14927,18998
1430,2020-04-30,3833,15075,18908
1430,2020-05-01,1103,3067,4170
1430,2020-05-02,1506,4814,6320
1430,2020-05-03,533,3199,3732
1430,2020-05-04,3864,15814,19678
1430,2020-05-05,4057,16479,20536
1430,2020-05-06,4166,16462,20628
1430,2020-05-07,4016,16466,20482
1430,2020-05-08,3387,15635,19022
1430,2020-05-09,1682,4642,6324
1430,2020-05-10,698,3805,4503
1430,2020-05-11,4021,17398,21419
1430,2020-05-12,4324,17868,22192
1430,2020-05-13,4484,18440,22924
1430,2020-05-14,4180,18151,22331
1430,2020-05-15,4009,17918,21927
1430,2020-05-16,1875,12353,14228
1430,2020-05-17,687,7549,8236
1430,2020-05-18,4053,21829,25882
1430,2020-05-19,4224,22723,26947
1430,2020-05-20,4095,23316,27411
1430,2020-05-21,1188,8641,9829
1430,2020-05-22,3479,18501,21980
1430,2020-05-23,1732,13458,15190
1430,2020-05-24,659,8873,9532
1430,2020-05-25,4077,22478,26555
1430,2020-05-26,4313,22969,27282
1430,2020-05-27,4356,23048,27404
1430,2020-05-28,4220,23556,27776
1430,2020-05-29,4033,23899,27932
1430,2020-05-30,2011,16083,18094
1430,2020-05-31,677,9742,10419
1430,2020-06-01,815,10014,10829
1430,2020-06-02,3919,24474,28393
1430,2020-06-03,4879,23998,28877
1430,2020-06-04,4727,23934,28661
1430,2020-06-05,4268,23290,27558
1430,2020-06-06,2027,15141,17168
1430,2020-06-07,674,9093,9767
1430,2020-06-08,4047,22849,26896
1430,2020-06-09,4579,23660,28239
1430,2020-06-10,4419,24231,28650
1430,2020-06-11,2898,23573,26471
1430,2020-06-12,4008,23662,27670
1430,2020-06-13,2046,16591,18637
1430,2020-06-14,770,10727,11497
1430,2020-06-15,4217,24837,29054
1430,2020-06-16,4543,25255,29798
1430,2020-06-17,4606,25360,29966
1430,2020-06-18,4216,24281,28497
1430,2020-06-19,4305,25993,30298
1430,2020-06-20,2193,17996,20189
1430,2020-06-21,763,11907,12670
1430,2020-06-22,4074,21213,25287
1430,2020-06-23,3067,17815,20882
1430,2020-06-24,4858,26202,31060
1430,2020-06-25,4543,26159,30702
1430,2020-06-26,4248,26500,30748
1430,2020-06-27,1895,16105,18000
1430,2020-06-28,749,11753,12502
1430,2020-06-29,4190,25991,30181
1430,2020-06-30,4522,27247,31769
1430,2020-07-01,4590,27790,32380
1430,2020-07-02,4521,28375,32896
1430,2020-07-03,4278,29269,33547
1430,2020-07-04,2142,20996,23138
1430,2020-07-05,884,14019,14903
1430,2020-07-06,4392,27054,31446
1430,2020-07-07,4627,27632,32259
1430,2020-07-08,4798,27871,32669
1430,2020-07-09,4708,28103,32811
1430,2020-07-10,4574,28406,32980
1430,2020-07-11,2142,19483,21625
1430,2020-07-12,811,13794,14605
1430,2020-07-13,4153,26680,30833
1430,2020-07-14,3664,27730,31394
1430,2020-07-15,4867,27492,32359
1430,2020-07-16,4950,27034,31984
1430,2020-07-17,4563,27555,32118
1430,2020-07-18,2155,18414,20569
1430,2020-07-19,785,13389,14174
1430,2020-07-20,4373,25047,29420
1430,2020-07-21,4581,25764,30345
1430,2020-07-22,4717,25727,30444
1430,2020-07-23,4596,26396,30992
1430,2020-07-24,4358,26874,31232
1430,2020-07-25,1705,17474,19179
1430,2020-07-26,705,12901,13606
1430,2020-07-27,4177,24185,28362
1430,2020-07-28,4385,24912,29297
1430,2020-07-29,4571,25307,29878
1430,2020-07-30,4269,25131,29400
1430,2020-07-31,3938,23900,27838
1430,2020-08-01,1522,16357,17879
1430,2020-08-02,731,12793,13524
1430,2020-08-03,3730,21319,25049
1430,2020-08-04,3998,21339,25337
1430,2020-08-05,4028,21628,25656
1430,2020-08-07,3820,21884,25704
1430,2020-08-08,1525,14476,16001
1430,2020-08-09,796,11764,12560
1430,2020-08-10,3490,20213,23703
1430,2020-08-11,3677,21083,24760
1430,2020-08-12,3823,20911,24734
1430,2020-08-13,3581,21425,25006
1430,2020-08-14,3586,21518,25104
1430,2020-08-15,1037,13148,14185
1430,2020-08-16,728,11381,12109
1430,2020-08-17,3585,21848,25433
1430,2020-08-18,3748,22077,25825
1430,2020-08-19,4130,22817,26947
1430,2020-08-20,3856,23846,27702
1430,2020-08-21,3681,24427,28108
1430,2020-08-22,1463,16858,18321
1430,2020-08-23,617,12668,13285
1430,2020-08-24,4107,24824,28931
1430,2020-08-25,4250,25689,29939
1430,2020-08-26,4259,25148,29407
1430,2020-08-27,4416,26248,30664
1430,2020-08-28,4067,26360,30427
1430,2020-08-29,1591,18343,19934
1430,2020-08-30,638,12930,13568
1430,2020-08-31,4226,25431,29657
1430,2020-09-01,4435,26206,30641
1430,2020-09-02,4621,26196,30817
1430,2020-09-03,4431,26805,31236
1430,2020-09-04,4191,26891,31082
1430,2020-09-05,2133,18189,20322
1430,2020-09-06,660,12790,13450
1430,2020-09-07,4006,24468,28474
1430,2020-09-08,4498,26706,31204
1430,2020-09-09,4575,26970,31545
1430,2020-09-10,4561,27606,32167
1430,2020-09-11,4202,27640,31842
1430,2020-09-12,2111,19365,21476
1430,2020-09-13,655,14222,14877
1430,2020-09-15,4525,28433,32958
1430,2020-09-16,4698,28190,32888
1430,2020-09-17,4698,28772,33470
1430,2020-09-18,4331,27686,32017
1430,2020-09-19,2201,19582,21783
1430,2020-09-20,639,13655,14294
1430,2020-09-21,4174,27078,31252
1430,2020-09-22,4629,27130,31759
1430,2020-09-23,4865,27201,32066
1430,2020-09-24,4734,27885,32619
1430,2020-09-25,4369,27025,31394
1430,2020-09-26,2165,15354,17519
1430,2020-09-27,603,10642,11245
1430,2020-09-28,4177,24711,28888
1430,2020-09-29,4734,25234,29968
1430,2020-09-30,4811,25585,30396
1430,2020-10-01,4705,25820,30525
1430,2020-10-03,1281,15472,16753
1430,2020-10-04,667,10209,10876
1430,2020-10-05,4509,25137,29646
1430,2020-10-06,4734,25669,30403
1430,2020-10-07,4918,25838,30756
1430,2020-10-08,4670,26510,31180
1430,2020-10-10,2273,17426,19699
1430,2020-10-11,651,10910,11561
1430,2020-10-12,4556,24530,29086
1430,2020-10-13,4764,24827,29591
1430,2020-10-14,4837,23360,28197
1430,2020-10-15,4582,24805,29387
1430,2020-10-16,4478,24166,28644
1430,2020-10-17,2178,15912,18090
1430,2020-10-18,681,10249,10930
1430,2020-10-19,4693,30352,35045
1430,2020-10-20,4942,31777,36719
1430,2020-10-21,5306,32574,37880
1430,2020-10-22,5021,31592,36613
1430,2020-10-23,4487,25295,29782
1430,2020-10-24,2182,14762,16944
1430,2020-10-25,677,9091,9768
1430,2020-10-27,4739,24130,28869
1430,2020-10-28,4704,21870,26574
1430,2020-10-29,4620,24006,28626
1430,2020-10-30,4575,23639,28214
1430,2020-10-31,2338,14144,16482
1430,2020-11-01,913,7913,8826
1430,2020-11-03,4718,23144,27862
1430,2020-11-04,5098,21742,26840
1430,2020-11-05,4848,23703,28551
1430,2020-11-06,4865,22831,27696
1430,2020-11-07,2537,13161,15698
1430,2020-11-08,918,8148,9066
1430,2020-11-09,4499,22827,27326
1430,2020-11-10,4835,22701,27536
1430,2020-11-11,4025,23426,27451
1430,2020-11-12,4911,23647,28558
1430,2020-11-13,4627,21923,26550
1430,2020-11-14,2481,13598,16079
1430,2020-11-15,992,7435,8427
1430,2020-11-16,4602,22058,26660
1430,2020-11-17,4906,23829,28735
1430,2020-11-18,5133,24375,29508
1430,2020-11-19,4816,23989,28805
1430,2020-11-20,4664,23337,28001
1430,2020-11-21,2447,13294,15741
1430,2020-11-22,938,7928,8866
1430,2020-11-23,4424,22448,26872
1430,2020-11-24,4912,24292,29204
1430,2020-11-25,5205,24004,29209
1430,2020-11-26,5062,23624,28686
1430,2020-11-27,4781,23203,27984
1430,2020-11-28,2367,13084,15451
1430,2020-11-29,875,7472,8347
1430,2020-11-30,5993,20565,26558
1430,2020-12-01,4943,22636,27579
1430,2020-12-02,5188,22991,28179
1430,2020-12-03,4844,23109,27953
1430,2020-12-04,4668,22827,27495
1430,2020-12-05,2439,12840,15279
1430,2020-12-06,845,7542,8387
1430,2020-12-07,4488,21683,26171
1430,2020-12-08,5221,23247,28468
1430,2020-12-09,4937,22869,27806
1430,2020-12-10,4796,23669,28465
1430,2020-12-11,4822,23140,27962
1430,2020-12-12,2614,13418,16032
1430,2020-12-13,866,8005,8871
1430,2020-12-14,4788,24148,28936
1430,2020-12-15,4929,24866,29795
1430,2020-12-16,5126,23533,28659
1430,2020-12-17,4996,23760,28756
1430,2020-12-18,4377,23343,27720
1430,2020-12-19,2312,12560,14872
1430,2020-12-20,959,8040,8999
1430,2020-12-21,3593,18461,22054
1430,2020-12-22,3399,18657,22056
1430,2020-12-23,2713,16893,19606
1430,2020-12-24,1655,9931,11586
1430,2020-12-25,675,5591,6266
1430,2020-12-26,670,6095,6765
1430,2020-12-27,573,6070,6643
1430,2020-12-28,2264,11863,14127
1430,2020-12-29,2202,12300,14502
1430,2020-12-30,2091,12539,14630
1430,2020-12-31,1560,8558,10118
1432,2020-01-01,491,8447,8938
1432,2020-01-02,1828,20227,22055
1432,2020-01-03,2489,20017,22506
1432,2020-01-04,1782,16240,18022
1432,2020-01-05,739,12138,12877
1432,2020-01-06,3138,23754,26892
1432,2020-01-07,4016,23368,27384
1432,2020-01-08,4165,23392,27557
1432,2020-01-09,4197,23717,27914
1432,2020-01-10,3961,24066,28027
1432,2020-01-11,2612,15803,18415
1432,2020-01-12,820,11295,12115
1432,2020-01-13,4252,23936,28188
1432,2020-01-14,4966,24174,29140
1432,2020-01-15,3114,17654,20768
1432,2020-01-16,2471,18435,20906
1432,2020-01-17,2347,18897,21244
1432,2020-01-18,1328,10457,11785
1432,2020-01-19,236,6966,7202
1432,2020-01-20,2202,17802,20004
1432,2020-01-21,2520,18583,21103
1432,2020-01-22,2754,18823,21577
1432,2020-01-23,2637,19305,21942
1432,2020-01-24,2472,18420,20892
1432,2020-01-25,1218,9787,11005
1432,2020-01-26,224,6831,7055
1432,2020-01-27,2565,18328,20893
1432,2020-01-28,3380,22179,25559
1432,2020-01-29,5053,23831,28884
1432,2020-01-30,4263,25462,29725
1432,2020-01-31,4693,25165,29858
1432,2020-02-01,2183,16002,18185
1432,2020-02-02,767,11613,12380
1432,2020-02-03,4466,23988,28454
1432,2020-02-04,4865,28959,33824
1432,2020-02-05,4696,25045,29741
1432,2020-02-06,5184,25392,30576
1432,2020-02-07,4576,25571,30147
1432,2020-02-08,2383,16432,18815
1432,2020-02-09,725,9683,10408
1432,2020-02-10,4296,21438,25734
1432,2020-02-11,4719,25242,29961
1432,2020-02-12,5027,24938,29965
1432,2020-02-14,6153,27320,33473
1432,2020-02-15,3037,18738,21775
1432,2020-02-16,1290,13456,14746
1432,2020-02-17,6205,24620,30825
1432,2020-02-18,6767,24657,31424
1432,2020-02-19,6996,25036,32032
1432,2020-02-20,6515,23714,30229
1432,2020-02-21,6321,25116,31437
1432,2020-02-22,2846,17843,20689
1432,2020-02-23,1122,12676,13798
1432,2020-02-24,5439,20727,26166
1432,2020-02-25,6444,23412,29856
1432,2020-02-26,7016,24867,31883
1432,2020-02-27,6192,23045,29237
1432,2020-02-28,6585,26656,33241
1432,2020-02-29,3211,17536,20747
1432,2020-03-01,1375,14243,15618
1432,2020-03-02,6262,25039,31301
1432,2020-03-03,7059,24505,31564
1432,2020-03-04,6862,24503,31365
1432,2020-03-05,6201,24604,30805
1432,2020-03-06,6052,25203,31255
1432,2020-03-07,3231,16149,19380
1432,2020-03-08,1106,11875,12981
1432,2020-03-09,6074,23445,29519
1432,2020-03-10,6528,22492,29020
1432,2020-03-11,6891,22504,29395
1432,2020-03-12,6361,23646,30007
1432,2020-03-13,5958,20449,26407
1432,2020-03-14,2897,10499,13396
1432,2020-03-15,1287,7756,9043
1432,2020-03-16,5544,13093,18637
1432,2020-03-17,6256,10677,16933
1432,2020-03-18,6025,9603,15628
1432,2020-03-19,5346,8389,13735
1432,2020-03-20,4648,7532,12180
1432,2020-03-21,2211,2142,4353
1432,2020-03-22,856,1587,2443
1432,2020-03-23,4146,6177,10323
1432,2020-03-24,3872,6132,10004
1432,2020-03-25,4285,5783,10068
1432,2020-03-26,3997,5427,9424
1432,2020-03-27,3631,5570,9201
1432,2020-03-28,1739,2043,3782
1432,2020-03-30,3528,5813,9341
1432,2020-03-31,3811,5722,9533
1432,2020-04-01,3937,5883,9820
1432,2020-04-02,3820,5945,9765
1432,2020-04-03,3587,5735,9322
1432,2020-04-04,1738,1953,3691
1432,2020-04-05,668,1384,2052
1432,2020-04-06,3832,5877,9709
1432,2020-04-07,3955,5887,9842
1432,2020-04-08,4204,5923,10127
1432,2020-04-09,3764,6163,9927
1432,2020-04-10,2019,4078,6097
1432,2020-04-11,1299,2007,3306
1432,2020-04-12,450,1158,1608
1432,2020-04-13,875,1478,2353
1432,2020-04-14,3298,5868,9166
1432,2020-04-15,4040,5747,9787
1432,2020-04-16,4156,5954,10110
1432,2020-04-17,3813,6104,9917
1432,2020-04-18,1911,2401,4312
1432,2020-04-19,726,1655,2381
1432,2020-04-20,4508,7983,12491
1432,2020-04-21,4878,8284,13162
1432,2020-04-22,5243,8111,13354
1432,2020-04-23,5141,8229,13370
1432,2020-04-24,4761,8307,13068
1432,2020-04-25,1862,2828,4690
1432,2020-04-26,870,1963,2833
1432,2020-04-27,4944,9021,13965
1432,2020-04-28,5358,9074,14432
1432,2020-04-29,5613,9400,15013
1432,2020-04-30,5089,9779,14868
1432,2020-05-01,1318,1924,3242
1432,2020-05-02,1701,2707,4408
1432,2020-05-03,674,2142,2816
1432,2020-05-04,4660,10518,15178
1432,2020-05-05,5507,9891,15398
1432,2020-05-06,5416,10260,15676
1432,2020-05-07,5323,10320,15643
1432,2020-05-08,4839,9285,14124
1432,2020-05-09,2042,2930,4972
1432,2020-05-10,839,2528,3367
1432,2020-05-11,5040,11221,16261
1432,2020-05-12,5560,11557,17117
1432,2020-05-13,5983,11301,17284
1432,2020-05-14,5422,11268,16690
1432,2020-05-15,5407,11148,16555
1432,2020-05-16,2361,9596,11957
1432,2020-05-17,945,7154,8099
1432,2020-05-18,5259,16051,21310
1432,2020-05-19,6123,16878,23001
1432,2020-05-20,5879,16709,22588
1432,2020-05-21,1502,7446,8948
1432,2020-05-22,4034,14220,18254
1432,2020-05-23,2169,10993,13162
1432,2020-05-24,1194,7936,9130
1432,2020-05-25,5865,16019,21884
1432,2020-05-26,6254,15603,21857
1432,2020-05-27,6045,16480,22525
1432,2020-05-28,5938,16683,22621
1432,2020-05-29,5761,17570,23331
1432,2020-05-30,2513,13045,15558
1432,2020-05-31,1337,8555,9892
1432,2020-06-01,1377,8352,9729
1432,2020-06-02,5931,19314,25245
1432,2020-06-03,6928,19567,26495
1432,2020-06-04,6313,19159,25472
1432,2020-06-05,5868,19821,25689
1432,2020-06-06,2512,13599,16111
1432,2020-06-07,947,8664,9611
1432,2020-06-08,6274,18424,24698
1432,2020-06-09,6756,19055,25811
1432,2020-06-10,6857,19304,26161
1432,2020-06-11,4083,19462,23545
1432,2020-06-12,5392,19847,25239
1432,2020-06-13,2569,14426,16995
1432,2020-06-14,1492,9057,10549
1432,2020-06-15,5934,18454,24388
1432,2020-06-16,6226,18522,24748
1432,2020-06-17,6960,18416,25376
1432,2020-06-18,6081,18631,24712
1432,2020-06-19,5910,19979,25889
1432,2020-06-20,3213,14479,17692
1432,2020-06-21,1510,10405,11915
1432,2020-06-22,5376,15850,21226
1432,2020-06-23,4162,15064,19226
1432,2020-06-24,6530,19718,26248
1432,2020-06-25,6568,19231,25799
1432,2020-06-26,5862,20220,26082
1432,2020-06-27,2601,13940,16541
1432,2020-06-28,1805,10356,12161
1432,2020-06-29,6280,19138,25418
1432,2020-06-30,6001,19510,25511
1432,2020-07-01,6791,20295,27086
1432,2020-07-02,6524,20652,27176
1432,2020-07-03,5821,22239,28060
1432,2020-07-04,3382,17091,20473
1432,2020-07-05,1544,12225,13769
1432,2020-07-06,6194,19256,25450
1432,2020-07-07,6320,20151,26471
1432,2020-07-08,6632,20392,27024
1432,2020-07-09,6424,20613,27037
1432,2020-07-10,6232,20798,27030
1432,2020-07-11,3363,17390,20753
1432,2020-07-12,1314,13508,14822
1432,2020-07-13,5910,19543,25453
1432,2020-07-14,5450,20278,25728
1432,2020-07-15,6777,19771,26548
1432,2020-07-16,7411,19155,26566
1432,2020-07-17,6094,21522,27616
1432,2020-07-18,3006,17032,20038
1432,2020-07-19,1435,14057,15492
1432,2020-07-20,5966,18813,24779
1432,2020-07-21,6630,18766,25396
1432,2020-07-22,7018,17906,24924
1432,2020-07-23,6323,18809,25132
1432,2020-07-24,6506,20021,26527
1432,2020-07-25,2998,13751,16749
1432,2020-07-26,1477,10947,12424
1432,2020-07-27,5743,17731,23474
1432,2020-07-28,6281,17755,24036
1432,2020-07-29,6749,17338,24087
1432,2020-07-30,5613,18025,23638
1432,2020-07-31,5315,18073,23388
1432,2020-08-01,2148,13300,15448
1432,2020-08-02,1155,11304,12459
1432,2020-08-03,4753,15725,20478
1432,2020-08-04,5158,15706,20864
1432,2020-08-05,5232,16464,21696
1432,2020-08-06,5165,16198,21363
1432,2020-08-07,4908,16408,21316
1432,2020-08-08,1796,11630,13426
1432,2020-08-09,1194,9943,11137
1432,2020-08-10,4831,14304,19135
1432,2020-08-11,4604,15095,19699
1432,2020-08-12,4913,15398,20311
1432,2020-08-13,4756,15850,20606
1432,2020-08-14,4376,15990,20366
1432,2020-08-15,1747,10835,12582
1432,2020-08-16,1090,9785,10875
1432,2020-08-17,4882,16208,21090
1432,2020-08-18,4765,16300,21065
1432,2020-08-19,5402,17054,22456
1432,2020-08-20,5075,17854,22929
1432,2020-08-21,5143,18262,23405
1432,2020-08-22,2128,14183,16311
1432,2020-08-23,1020,11678,12698
1432,2020-08-24,5726,18748,24474
1432,2020-08-25,5843,19011,24854
1432,2020-08-26,5747,19346,25093
1432,2020-08-27,6361,19455,25816
1432,2020-08-28,6138,19994,26132
1432,2020-08-29,3042,14412,17454
1432,2020-08-30,1139,11563,12702
1432,2020-08-31,5646,19191,24837
1432,2020-09-01,6823,19535,26358
1432,2020-09-02,7280,18901,26181
1432,2020-09-03,5664,20347,26011
1432,2020-09-04,5510,20230,25740
1432,2020-09-05,2970,15001,17971
1432,2020-09-06,1183,11253,12436
1432,2020-09-07,6325,19524,25849
1432,2020-09-08,6399,19670,26069
1432,2020-09-09,6747,19408,26155
1432,2020-09-10,6721,20344,27065
1432,2020-09-11,6183,20114,26297
1432,2020-09-12,2796,16076,18872
1432,2020-09-13,1222,12470,13692
1432,2020-09-15,6173,19568,25741
1432,2020-09-16,6132,19021,25153
1432,2020-09-17,6606,20234,26840
1432,2020-09-18,5843,20821,26664
1432,2020-09-19,3291,15040,18331
1432,2020-09-20,1590,11641,13231
1432,2020-09-21,5482,20455,25937
1432,2020-09-22,6502,19721,26223
1432,2020-09-23,6659,19903,26562
1432,2020-09-24,6481,20548,27029
1432,2020-09-25,6026,20821,26847
1432,2020-09-26,2757,12008,14765
1432,2020-09-27,898,8635,9533
1432,2020-09-28,5615,18205,23820
1432,2020-09-29,6653,18125,24778
1432,2020-09-30,6585,18956,25541
1432,2020-10-01,6477,18708,25185
1432,2020-10-02,6146,18820,24966
1432,2020-10-03,1834,12043,13877
1432,2020-10-04,1089,8571,9660
1432,2020-10-05,6104,18934,25038
1432,2020-10-06,6527,18834,25361
1432,2020-10-07,6676,18933,25609
1432,2020-10-08,6041,19263,25304
1432,2020-10-10,2875,13745,16620
1432,2020-10-11,1108,9137,10245
1432,2020-10-12,6034,18045,24079
1432,2020-10-13,6669,17837,24506
1432,2020-10-14,6897,16399,23296
1432,2020-10-15,6223,17978,24201
1432,2020-10-16,6129,17684,23813
1432,2020-10-17,3033,11749,14782
1432,2020-10-18,1115,8514,9629
1432,2020-10-19,6554,17250,23804
1432,2020-10-20,6178,17111,23289
1432,2020-10-21,6910,18051,24961
1432,2020-10-22,6151,18413,24564
1432,2020-10-23,6023,17087,23110
1432,2020-10-24,2722,11127,13849
1432,2020-10-25,1212,7549,8761
1432,2020-10-26,5641,17667,23308
1432,2020-10-27,6309,17743,24052
1432,2020-10-28,6244,17253,23497
1432,2020-10-29,6028,17689,23717
1432,2020-10-30,5971,17169,23140
1432,2020-10-31,2759,10697,13456
1432,2020-11-01,1185,6846,8031
1432,2020-11-03,6095,17308,23403
1432,2020-11-04,6777,16658,23435
1432,2020-11-05,6471,17198,23669
1432,2020-11-06,6065,17622,23687
1432,2020-11-07,3000,10048,13048
1432,2020-11-08,1151,6861,8012
1432,2020-11-09,6086,16262,22348
1432,2020-11-10,6319,16494,22813
1432,2020-11-11,5344,17014,22358
1432,2020-11-12,6394,16713,23107
1432,2020-11-13,6245,16988,23233
1432,2020-11-14,2728,10435,13163
1432,2020-11-15,1145,6415,7560
1432,2020-11-16,5746,16896,22642
1432,2020-11-17,6406,17038,23444
1432,2020-11-18,6890,17523,24413
1432,2020-11-19,6425,17549,23974
1432,2020-11-20,6249,17619,23868
1432,2020-11-21,2860,10484,13344
1432,2020-11-22,1229,6741,7970
1432,2020-11-23,6253,17117,23370
1432,2020-11-24,6527,18207,24734
1432,2020-11-25,6523,19029,25552
1432,2020-11-26,6611,19159,25770
1432,2020-11-27,6082,18452,24534
1432,2020-11-28,2718,10385,13103
1432,2020-11-29,1230,6504,7734
1432,2020-11-30,6405,17388,23793
1432,2020-12-01,5957,17593,23550
1432,2020-12-02,6753,17289,24042
1432,2020-12-03,6461,17765,24226
1432,2020-12-04,5933,18106,24039
1432,2020-12-05,2917,10678,13595
1432,2020-12-06,1079,6519,7598
1432,2020-12-07,6115,17611,23726
1432,2020-12-08,6749,18180,24929
1432,2020-12-09,6159,18566,24725
1432,2020-12-10,6443,18989,25432
1432,2020-12-11,6454,18287,24741
1432,2020-12-12,3288,11337,14625
1432,2020-12-13,1213,6919,8132
1432,2020-12-14,6251,17674,23925
1432,2020-12-15,6742,19212,25954
1432,2020-12-16,7311,16363,23674
1432,2020-12-17,6254,17216,23470
1432,2020-12-18,5807,17912,23719
1432,2020-12-19,2767,9821,12588
1432,2020-12-20,1272,6653,7925
1432,2020-12-21,4878,13448,18326
1432,2020-12-22,4549,13493,18042
1432,2020-12-23,3079,13070,16149
1432,2020-12-24,1889,7180,9069
1432,2020-12-25,818,4719,5537
1432,2020-12-26,803,5220,6023
1432,2020-12-27,665,5304,5969
1432,2020-12-28,2737,9338,12075
1432,2020-12-29,2813,9816,12629
1432,2020-12-30,2548,10043,12591
1432,2020-12-31,1655,6432,8087
1433,2020-01-01,536,15099,15635
1433,2020-01-02,2301,35751,38052
1433,2020-01-03,2942,37537,40479
1433,2020-01-04,1920,28808,30728
1433,2020-01-05,753,20591,21344
1433,2020-01-06,3931,44190,48121
1433,2020-01-07,4410,44891,49301
1433,2020-01-08,4539,45991,50530
1433,2020-01-09,4794,45217,50011
1433,2020-01-10,4650,48231,52881
1433,2020-01-11,2728,31175,33903
1433,2020-01-12,792,20484,21276
1433,2020-01-13,4696,44553,49249
1433,2020-01-14,5222,48277,53499
1433,2020-01-15,5404,44919,50323
1433,2020-01-16,5358,47548,52906
1433,2020-01-17,5064,50723,55787
1433,2020-01-18,2691,31877,34568
1433,2020-01-19,837,22068,22905
1433,2020-01-20,4873,47785,52658
1433,2020-01-21,5114,49336,54450
1433,2020-01-22,5277,49090,54367
1433,2020-01-23,5352,49732,55084
1433,2020-01-24,5097,49647,54744
1433,2020-01-25,2571,31333,33904
1433,2020-01-26,820,20890,21710
1433,2020-01-27,4990,46842,51832
1433,2020-01-28,5345,47563,52908
1433,2020-01-29,5563,48316,53879
1433,2020-01-30,5196,49478,54674
1433,2020-01-31,4896,41737,46633
1433,2020-02-01,2325,27141,29466
1433,2020-02-02,787,20839,21626
1433,2020-02-03,4917,46188,51105
1433,2020-02-04,5279,47629,52908
1433,2020-02-05,5236,48875,54111
1433,2020-02-06,5398,50248,55646
1433,2020-02-07,4822,50165,54987
1433,2020-02-08,2542,31661,34203
1433,2020-02-09,754,18101,18855
1433,2020-02-10,4667,43434,48101
1433,2020-02-11,5057,47152,52209
1433,2020-02-12,5365,48857,54222
1433,2020-02-13,5159,49826,54985
1433,2020-02-14,5030,50903,55933
1433,2020-02-15,2492,30809,33301
1433,2020-02-16,762,19378,20140
1433,2020-02-17,4871,44550,49421
1433,2020-02-18,5337,45886,51223
1433,2020-02-19,5463,46402,51865
1433,2020-02-20,5124,44907,50031
1433,2020-02-21,4927,45333,50260
1433,2020-02-22,2390,29557,31947
1433,2020-02-23,772,20056,20828
1433,2020-02-24,4405,43048,47453
1433,2020-02-25,4089,43087,47176
1433,2020-02-26,4825,47560,52385
1433,2020-02-27,4969,44656,49625
1433,2020-02-28,5144,50740,55884
1433,2020-02-29,2416,31008,33424
1433,2020-03-01,781,21752,22533
1433,2020-03-02,4955,47511,52466
1433,2020-03-03,5139,48877,54016
1433,2020-03-04,5485,48684,54169
1433,2020-03-05,5355,48074,53429
1433,2020-03-06,4888,48740,53628
1433,2020-03-07,2652,31513,34165
1433,2020-03-08,792,21806,22598
1433,2020-03-09,4931,46762,51693
1433,2020-03-10,5215,46883,52098
1433,2020-03-11,5273,47742,53015
1433,2020-03-12,5177,47001,52178
1433,2020-03-13,5070,43840,48910
1433,2020-03-14,2518,21512,24030
1433,2020-03-15,864,14768,15632
1433,2020-03-16,4565,33073,37638
1433,2020-03-17,4934,27731,32665
1433,2020-03-18,4941,23962,28903
1433,2020-03-19,4442,19713,24155
1433,2020-03-20,4000,17543,21543
1433,2020-03-21,1924,6118,8042
1433,2020-03-22,689,4134,4823
1433,2020-03-23,3698,13305,17003
1433,2020-03-24,3713,13345,17058
1433,2020-03-25,3880,13230,17110
1433,2020-03-26,3563,13028,16591
1433,2020-03-27,3337,13533,16870
1433,2020-03-28,1583,6396,7979
1433,2020-03-30,3149,13282,16431
1433,2020-03-31,3365,13268,16633
1433,2020-04-01,3480,13582,17062
1433,2020-04-02,3321,13481,16802
1433,2020-04-03,3182,13684,16866
1433,2020-04-04,1669,6402,8071
1433,2020-04-05,592,4183,4775
1433,2020-04-06,3054,14021,17075
1433,2020-04-07,3277,13830,17107
1433,2020-04-08,3369,14336,17705
1433,2020-04-09,3300,14238,17538
1433,2020-04-10,2048,12185,14233
1433,2020-04-11,1215,6866,8081
1433,2020-04-12,372,3787,4159
1433,2020-04-13,710,3845,4555
1433,2020-04-14,2964,14121,17085
1433,2020-04-15,3397,14638,18035
1433,2020-04-16,3452,14883,18335
1433,2020-04-17,3336,15646,18982
1433,2020-04-18,1773,7856,9629
1433,2020-04-19,611,5227,5838
1433,2020-04-20,3515,19929,23444
1433,2020-04-21,3768,19774,23542
1433,2020-04-22,4037,20683,24720
1433,2020-04-23,3857,20183,24040
1433,2020-04-24,3731,20620,24351
1433,2020-04-25,1769,9696,11465
1433,2020-04-26,662,6134,6796
1433,2020-04-27,3873,21927,25800
1433,2020-04-28,4216,22212,26428
1433,2020-04-29,4284,23392,27676
1433,2020-04-30,4046,23095,27141
1433,2020-05-01,1081,6100,7181
1433,2020-05-02,1521,10016,11537
1433,2020-05-03,500,6602,7102
1433,2020-05-04,4043,24253,28296
1433,2020-05-05,4255,24423,28678
1433,2020-05-06,4345,24778,29123
1433,2020-05-07,4181,24844,29025
1433,2020-05-08,3508,25099,28607
1433,2020-05-09,1754,8682,10436
1433,2020-05-10,660,7497,8157
1433,2020-05-11,4440,25854,30294
1433,2020-05-12,4590,26957,31547
1433,2020-05-13,4597,28176,32773
1433,2020-05-14,4397,28828,33225
1433,2020-05-15,4226,27721,31947
1433,2020-05-16,1929,18081,20010
1433,2020-05-17,628,12244,12872
1433,2020-05-18,4171,30878,35049
1433,2020-05-19,4415,33513,37928
1433,2020-05-20,4302,31831,36133
1433,2020-05-21,1172,13797,14969
1433,2020-05-22,3645,28574,32219
1433,2020-05-23,1872,21963,23835
1433,2020-05-24,608,14211,14819
1433,2020-05-25,4294,35133,39427
1433,2020-05-26,4561,34369,38930
1433,2020-05-27,4629,34768,39397
1433,2020-05-28,4451,32527,36978
1433,2020-05-29,4187,33243,37430
1433,2020-05-30,2170,24671,26841
1433,2020-05-31,614,15594,16208
1433,2020-06-01,787,15272,16059
1433,2020-06-02,4179,38496,42675
1433,2020-06-05,4672,35887,40559
1433,2020-06-06,2209,22799,25008
1433,2020-06-07,664,14474,15138
1433,2020-06-08,4262,31992,36254
1433,2020-06-09,4563,31249,35812
1433,2020-06-10,4799,33067,37866
1433,2020-06-11,3287,39645,42932
1433,2020-06-12,4103,37968,42071
1433,2020-06-13,2120,27476,29596
1433,2020-06-14,680,18129,18809
1433,2020-06-15,4288,39853,44141
1433,2020-06-16,4673,39772,44445
1433,2020-06-17,4697,41014,45711
1433,2020-06-18,4326,38743,43069
1433,2020-06-19,4322,41338,45660
1433,2020-06-20,2215,27833,30048
1433,2020-06-21,704,18201,18905
1433,2020-06-22,4251,33596,37847
1433,2020-06-23,2944,24160,27104
1433,2020-06-24,4949,40407,45356
1433,2020-06-25,4632,41841,46473
1433,2020-06-26,4214,40891,45105
1433,2020-06-29,4252,38551,42803
1433,2020-06-30,4549,40393,44942
1433,2020-07-01,4654,40590,45244
1433,2020-07-02,4637,41453,46090
1433,2020-07-03,4335,45192,49527
1433,2020-07-04,2165,32983,35148
1433,2020-07-05,759,21120,21879
1433,2020-07-06,4509,42446,46955
1433,2020-07-07,4749,43402,48151
1433,2020-07-08,4821,43533,48354
1433,2020-07-09,4631,43898,48529
1433,2020-07-10,4514,44767,49281
1433,2020-07-11,2106,31844,33950
1433,2020-07-12,684,21523,22207
1433,2020-07-13,4187,41663,45850
1433,2020-07-14,3692,43560,47252
1433,2020-07-15,4955,43297,48252
1433,2020-07-16,4923,43073,47996
1433,2020-07-17,4495,43180,47675
1433,2020-07-18,2084,28586,30670
1433,2020-07-19,642,20314,20956
1433,2020-07-20,4390,38898,43288
1433,2020-07-21,4643,40456,45099
1433,2020-07-22,4709,40045,44754
1433,2020-07-23,4595,41108,45703
1433,2020-07-24,4207,42054,46261
1433,2020-07-25,1705,27830,29535
1433,2020-07-26,597,19111,19708
1433,2020-07-27,4275,37010,41285
1433,2020-07-28,4512,39594,44106
1433,2020-07-29,4639,40257,44896
1433,2020-07-30,4317,40293,44610
1433,2020-07-31,4009,37886,41895
1433,2020-08-01,1509,25992,27501
1433,2020-08-02,637,19696,20333
1433,2020-08-03,3783,34048,37831
1433,2020-08-04,4049,34301,38350
1433,2020-08-05,4078,34566,38644
1433,2020-08-06,4029,34769,38798
1433,2020-08-07,3730,35001,38731
1433,2020-08-08,1523,23483,25006
1433,2020-08-09,608,18183,18791
1433,2020-08-10,3673,32319,35992
1433,2020-08-11,3899,32877,36776
1433,2020-08-12,3838,31184,35022
1433,2020-08-13,3669,34181,37850
1433,2020-08-14,3641,34409,38050
1433,2020-08-15,953,20264,21217
1433,2020-08-16,640,17782,18422
1433,2020-08-17,3828,33224,37052
1433,2020-08-18,3945,34426,38371
1433,2020-08-19,4230,35700,39930
1433,2020-08-20,3926,36671,40597
1433,2020-08-21,3746,35903,39649
1433,2020-08-22,1546,26753,28299
1433,2020-08-23,551,19401,19952
1433,2020-08-24,4223,38544,42767
1433,2020-08-25,4379,39799,44178
1433,2020-08-26,4435,39400,43835
1433,2020-08-27,4510,40702,45212
1433,2020-08-28,4087,40767,44854
1433,2020-08-29,1633,28428,30061
1433,2020-08-30,580,20180,20760
1433,2020-08-31,4279,38774,43053
1433,2020-09-01,4519,40310,44829
1433,2020-09-02,4718,40864,45582
1433,2020-09-03,4501,41845,46346
1433,2020-09-04,4151,42281,46432
1433,2020-09-05,2153,28676,30829
1433,2020-09-06,588,19926,20514
1433,2020-09-07,4222,40264,44486
1433,2020-09-08,4627,41704,46331
1433,2020-09-09,4697,42395,47092
1433,2020-09-10,4663,43172,47835
1433,2020-09-11,4298,43311,47609
1433,2020-09-12,2133,30709,32842
1433,2020-09-13,584,22433,23017
1433,2020-09-15,4647,43042,47689
1433,2020-09-16,4769,43401,48170
1433,2020-09-17,4916,44945,49861
1433,2020-09-18,4435,44492,48927
1433,2020-09-19,2248,31696,33944
1433,2020-09-20,579,21995,22574
1433,2020-09-21,4350,42830,47180
1433,2020-09-22,4746,43276,48022
1433,2020-09-23,5110,43498,48608
1433,2020-09-24,4923,44813,49736
1433,2020-09-25,4621,44170,48791
1433,2020-09-26,2288,27435,29723
1433,2020-09-27,568,18359,18927
1433,2020-09-28,4532,40790,45322
1433,2020-09-29,5027,42090,47117
1433,2020-09-30,5171,42079,47250
1433,2020-10-01,5087,43209,48296
1433,2020-10-02,4766,42582,47348
1433,2020-10-03,1464,28517,29981
1433,2020-10-04,643,17858,18501
1433,2020-10-05,4765,40955,45720
1433,2020-10-06,4947,42277,47224
1433,2020-10-07,5233,42502,47735
1433,2020-10-08,4889,43342,48231
1433,2020-10-10,2411,30350,32761
1433,2020-10-11,610,19231,19841
1433,2020-10-12,4844,40116,44960
1433,2020-10-13,5141,41835,46976
1433,2020-10-14,5084,39957,45041
1433,2020-10-15,4853,41872,46725
1433,2020-10-16,4805,41650,46455
1433,2020-10-18,679,18083,18762
1433,2020-10-19,4694,39742,44436
1433,2020-10-20,4824,39516,44340
1433,2020-10-21,5217,40572,45789
1433,2020-10-22,4911,41058,45969
1433,2020-10-23,4648,40129,44777
1433,2020-10-24,2357,25876,28233
1433,2020-10-25,662,15864,16526
1433,2020-10-26,4601,38902,43503
1433,2020-10-27,4964,39129,44093
1433,2020-10-28,4981,36642,41623
1433,2020-10-29,4695,39707,44402
1433,2020-10-30,4685,39908,44593
1433,2020-10-31,2450,24932,27382
1433,2020-11-01,824,13226,14050
1433,2020-11-03,5255,37220,42475
1433,2020-11-04,5457,37209,42666
1433,2020-11-05,5163,37450,42613
1433,2020-11-06,4959,36651,41610
1433,2020-11-07,2619,23731,26350
1433,2020-11-08,817,14279,15096
1433,2020-11-09,4744,35698,40442
1433,2020-11-10,5100,37442,42542
1433,2020-11-11,4131,38146,42277
1433,2020-11-12,5218,38757,43975
1433,2020-11-13,4927,39479,44406
1433,2020-11-14,2595,25197,27792
1433,2020-11-15,918,13812,14730
1433,2020-11-16,4863,37195,42058
1433,2020-11-17,5121,38762,43883
1433,2020-11-18,5393,39267,44660
1433,2020-11-19,4978,39844,44822
1433,2020-11-20,4775,40057,44832
1433,2020-11-21,2574,24939,27513
1433,2020-11-22,812,14326,15138
1433,2020-11-23,4513,37655,42168
1433,2020-11-24,4940,39589,44529
1433,2020-11-25,5191,38689,43880
1433,2020-11-26,5137,38784,43921
1433,2020-11-27,5068,39337,44405
1433,2020-11-28,2519,23535,26054
1433,2020-11-29,840,13739,14579
1433,2020-11-30,5074,37115,42189
1433,2020-12-01,5195,38100,43295
1433,2020-12-02,5217,38260,43477
1433,2020-12-03,5052,38533,43585
1433,2020-12-04,4900,38526,43426
1433,2020-12-05,2500,23655,26155
1433,2020-12-06,790,13894,14684
1433,2020-12-07,4948,37142,42090
1433,2020-12-08,5599,37932,43531
1433,2020-12-09,5496,38504,44000
1433,2020-12-10,5173,39420,44593
1433,2020-12-11,5098,39049,44147
1433,2020-12-12,2769,23655,26424
1433,2020-12-13,831,14296,15127
1433,2020-12-14,5041,39190,44231
1433,2020-12-15,5230,39434,44664
1433,2020-12-16,5444,39203,44647
1433,2020-12-17,5114,40031,45145
1433,2020-12-18,4491,39530,44021
1433,2020-12-19,2387,22940,25327
1433,2020-12-20,877,14360,15237
1433,2020-12-21,3761,31481,35242
1433,2020-12-22,3655,31661,35316
1433,2020-12-23,3005,29760,32765
1433,2020-12-24,1821,20099,21920
1433,2020-12-25,630,10737,11367
1433,2020-12-26,632,10935,11567
1433,2020-12-27,551,10110,10661
1433,2020-12-28,2461,20658,23119
1433,2020-12-29,2492,21644,24136
1433,2020-12-30,2406,22603,25009
1433,2020-12-31,1783,16666,18449
1441,2020-01-01,318,23258,23576
1441,2020-01-02,2170,40347,42517
1441,2020-01-03,2757,43344,46101
1441,2020-01-04,961,38025,38986
1441,2020-01-05,538,29123,29661
1441,2020-01-06,3473,48364,51837
1441,2020-01-07,4017,49430,53447
1441,2020-01-08,4843,46856,51699
1441,2020-01-09,5157,47950,53107
1441,2020-01-10,5085,51495,56580
1441,2020-01-11,1566,45616,47182
1441,2020-01-12,594,30954,31548
1441,2020-01-13,5302,46267,51569
1441,2020-01-14,4813,51273,56086
1441,2020-01-15,5002,51516,56518
1441,2020-01-16,5229,51255,56484
1441,2020-01-17,5607,52815,58422
1441,2020-01-18,2005,46158,48163
1441,2020-01-19,406,31799,32205
1441,2020-01-20,4790,50159,54949
1441,2020-01-21,4713,52027,56740
1441,2020-01-22,4672,51511,56183
1441,2020-01-23,5218,52137,57355
1441,2020-01-24,5508,53825,59333
1441,2020-01-25,2264,45476,47740
1441,2020-01-26,1257,31709,32966
1441,2020-01-28,6410,48090,54500
1441,2020-01-29,6134,50129,56263
1441,2020-01-30,5959,51969,57928
1441,2020-01-31,6502,53520,60022
1441,2020-02-01,2861,44109,46970
1441,2020-02-02,571,16710,17281
1441,2020-02-03,6581,47238,53819
1441,2020-02-04,5463,50942,56405
1441,2020-02-05,4630,50169,54799
1441,2020-02-06,4999,52846,57845
1441,2020-02-07,5032,55443,60475
1441,2020-02-08,1451,47105,48556
1441,2020-02-09,458,28410,28868
1441,2020-02-10,4869,47994,52863
1441,2020-02-11,4906,53454,58360
1441,2020-02-12,6120,51551,57671
1441,2020-02-13,6725,49819,56544
1441,2020-02-14,5526,55217,60743
1441,2020-02-15,1452,44782,46234
1441,2020-02-16,528,29563,30091
1441,2020-02-17,5252,48549,53801
1441,2020-02-18,5273,50668,55941
1441,2020-02-19,5640,50136,55776
1441,2020-02-20,5773,50607,56380
1441,2020-02-21,5324,52675,57999
1441,2020-02-22,1469,44316,45785
1441,2020-02-23,826,29026,29852
1441,2020-02-24,6402,46789,53191
1441,2020-02-25,6216,49341,55557
1441,2020-02-26,6079,48346,54425
1441,2020-02-27,6613,42050,48663
1441,2020-02-28,6025,52102,58127
1441,2020-02-29,3121,45163,48284
1441,2020-03-01,909,31268,32177
1441,2020-03-02,6810,48838,55648
1441,2020-03-03,5104,46904,52008
1441,2020-03-04,4143,54347,58490
1441,2020-03-05,4621,51802,56423
1441,2020-03-06,4291,56031,60322
1441,2020-03-07,830,48757,49587
1441,2020-03-08,305,32957,33262
1441,2020-03-09,4170,51966,56136
1441,2020-03-10,4020,51598,55618
1441,2020-03-11,4052,52218,56270
1441,2020-03-12,4100,52127,56227
1441,2020-03-13,3304,53536,56840
1441,2020-03-14,781,37788,38569
1441,2020-03-15,135,23227,23362
1441,2020-03-16,2947,43022,45969
1441,2020-03-17,3058,38414,41472
1441,2020-03-18,2520,32685,35205
1441,2020-03-19,2024,26881,28905
1441,2020-03-20,1759,25061,26820
1441,2020-03-21,413,11072,11485
1441,2020-03-22,67,7323,7390
1441,2020-03-23,1239,20429,21668
1441,2020-03-24,1258,20259,21517
1441,2020-03-25,1253,19977,21230
1441,2020-03-26,1187,20150,21337
1441,2020-03-27,1125,21462,22587
1441,2020-03-28,274,12094,12368
1441,2020-03-30,1091,21323,22414
1441,2020-03-31,1178,21216,22394
1441,2020-04-01,1103,21724,22827
1441,2020-04-02,1168,21532,22700
1441,2020-04-03,1301,22600,23901
1441,2020-04-04,281,12818,13099
1441,2020-04-05,79,7673,7752
1441,2020-04-06,1391,21925,23316
1441,2020-04-07,1480,22595,24075
1441,2020-04-08,1507,23107,24614
1441,2020-04-09,1468,23532,25000
1441,2020-04-10,1022,23579,24601
1441,2020-04-11,308,14532,14840
1441,2020-04-12,38,8070,8108
1441,2020-04-13,109,8077,8186
1441,2020-04-14,1300,25204,26504
1441,2020-04-16,1542,25907,27449
1441,2020-04-17,1410,28010,29420
1441,2020-04-19,96,10304,10400
1441,2020-04-20,1849,33522,35371
1441,2020-04-21,2252,33579,35831
1441,2020-04-22,2288,34777,37065
1441,2020-04-23,2522,35365,37887
1441,2020-04-24,2550,37060,39610
1441,2020-04-25,483,22072,22555
1441,2020-04-26,108,12465,12573
1441,2020-04-27,2689,37497,40186
1441,2020-04-28,3122,37600,40722
1441,2020-04-29,3014,37365,40379
1441,2020-04-30,3490,39422,42912
1441,2020-05-01,282,13363,13645
1441,2020-05-02,633,23433,24066
1441,2020-05-03,95,13950,14045
1441,2020-05-04,3050,39700,42750
1441,2020-05-05,3012,39722,42734
1441,2020-05-06,3285,42472,45757
1441,2020-05-07,3332,43375,46707
1441,2020-05-08,2987,45204,48191
1441,2020-05-10,214,16453,16667
1441,2020-05-11,3534,46139,49673
1441,2020-05-12,3216,48444,51660
1441,2020-05-13,3056,49140,52196
1441,2020-05-14,3027,49979,53006
1441,2020-05-15,3148,51602,54750
1441,2020-05-16,953,36165,37118
1441,2020-05-17,115,22171,22286
1441,2020-05-18,3056,49386,52442
1441,2020-05-19,3138,50503,53641
1441,2020-05-20,3331,52678,56009
1441,2020-05-21,277,22739,23016
1441,2020-05-22,2255,48549,50804
1441,2020-05-23,1151,34474,35625
1441,2020-05-24,110,22477,22587
1441,2020-05-25,3279,50757,54036
1441,2020-05-26,3378,51792,55170
1441,2020-05-27,3190,51979,55169
1441,2020-05-28,3291,52620,55911
1441,2020-05-29,3471,55156,58627
1441,2020-05-30,898,41688,42586
1441,2020-05-31,125,26481,26606
1441,2020-06-01,172,25663,25835
1441,2020-06-02,3144,52505,55649
1441,2020-06-03,3439,52074,55513
1441,2020-06-04,3451,49840,53291
1441,2020-06-05,3666,52102,55768
1441,2020-06-06,1108,40830,41938
1441,2020-06-07,161,26116,26277
1441,2020-06-08,3152,52274,55426
1441,2020-06-09,3468,53029,56497
1441,2020-06-10,3644,53502,57146
1441,2020-06-11,3158,54626,57784
1441,2020-06-12,3595,55966,59561
1441,2020-06-13,985,43438,44423
1441,2020-06-14,128,29226,29354
1441,2020-06-15,3314,52993,56307
1441,2020-06-16,3628,52153,55781
1441,2020-06-17,4277,49506,53783
1441,2020-06-18,3420,53806,57226
1441,2020-06-19,3415,55887,59302
1441,2020-06-20,812,43924,44736
1441,2020-06-21,150,28426,28576
1441,2020-06-22,2495,50704,53199
1441,2020-06-23,608,30414,31022
1441,2020-06-24,3511,54102,57613
1441,2020-06-25,3217,54231,57448
1441,2020-06-26,3537,55882,59419
1441,2020-06-27,885,45163,46048
1441,2020-06-28,160,29461,29621
1441,2020-06-29,3752,52675,56427
1441,2020-06-30,3450,55137,58587
1441,2020-07-01,3574,54787,58361
1441,2020-07-02,3599,55198,58797
1441,2020-07-03,3243,57329,60572
1441,2020-07-04,872,46369,47241
1441,2020-07-05,187,29228,29415
1441,2020-07-06,3099,53741,56840
1441,2020-07-07,3270,55100,58370
1441,2020-07-08,3313,55289,58602
1441,2020-07-09,3191,55928,59119
1441,2020-07-10,3440,57458,60898
1441,2020-07-11,709,44838,45547
1441,2020-07-12,165,29685,29850
1441,2020-07-13,3258,54028,57286
1441,2020-07-14,2893,54840,57733
1441,2020-07-15,3501,55102,58603
1441,2020-07-16,3707,54748,58455
1441,2020-07-17,2991,55230,58221
1441,2020-07-18,825,38477,39302
1441,2020-07-19,162,27011,27173
1441,2020-07-20,3252,52175,55427
1441,2020-07-21,3151,53209,56360
1441,2020-07-22,3270,53803,57073
1441,2020-07-23,3456,54586,58042
1441,2020-07-24,3340,55402,58742
1441,2020-07-25,855,42436,43291
1441,2020-07-26,164,27474,27638
1441,2020-07-27,3326,51900,55226
1441,2020-07-28,3731,53359,57090
1441,2020-07-29,3766,52284,56050
1441,2020-07-30,3254,54249,57503
1441,2020-07-31,2240,52157,54397
1441,2020-08-01,509,37297,37806
1441,2020-08-02,186,26512,26698
1441,2020-08-03,1980,45965,47945
1441,2020-08-04,1991,46669,48660
1441,2020-08-05,2018,46578,48596
1441,2020-08-06,1987,46824,48811
1441,2020-08-07,2016,46953,48969
1441,2020-08-08,426,34552,34978
1441,2020-08-09,140,24178,24318
1441,2020-08-10,1868,43873,45741
1441,2020-08-11,1839,44795,46634
1441,2020-08-12,1786,44547,46333
1441,2020-08-13,1790,45252,47042
1441,2020-08-14,1838,46827,48665
1441,2020-08-15,219,26838,27057
1441,2020-08-16,146,24444,24590
1441,2020-08-17,1752,43860,45612
1441,2020-08-18,1766,44130,45896
1441,2020-08-19,1804,44956,46760
1441,2020-08-20,1787,45005,46792
1441,2020-08-21,1814,46022,47836
1441,2020-08-22,375,36146,36521
1441,2020-08-23,129,26190,26319
1441,2020-08-24,2994,48395,51389
1441,2020-08-25,3343,49105,52448
1441,2020-08-26,3333,49317,52650
1441,2020-08-27,3312,51199,54511
1441,2020-08-28,3163,52544,55707
1441,2020-08-29,588,39213,39801
1441,2020-08-30,177,28253,28430
1441,2020-08-31,3475,45971,49446
1441,2020-09-01,3354,46356,49710
1441,2020-09-02,3115,47998,51113
1441,2020-09-03,3430,48545,51975
1441,2020-09-04,3104,49893,52997
1441,2020-09-05,710,37417,38127
1441,2020-09-06,132,25783,25915
1441,2020-09-07,2918,47617,50535
1441,2020-09-08,3233,48775,52008
1441,2020-09-09,3407,49662,53069
1441,2020-09-10,3155,49165,52320
1441,2020-09-11,3115,51388,54503
1441,2020-09-12,689,39817,40506
1441,2020-09-13,177,28132,28309
1441,2020-09-14,3176,49565,52741
1441,2020-09-15,3080,50920,54000
1441,2020-09-16,3372,49767,53139
1441,2020-09-17,3450,51344,54794
1441,2020-09-18,3224,52297,55521
1441,2020-09-19,709,40908,41617
1441,2020-09-20,167,28310,28477
1441,2020-09-21,3059,49032,52091
1441,2020-09-22,3190,49650,52840
1441,2020-09-23,3430,49900,53330
1441,2020-09-24,3325,51388,54713
1441,2020-09-25,3736,50912,54648
1441,2020-09-26,932,41539,42471
1441,2020-09-27,202,26804,27006
1441,2020-09-28,3564,46227,49791
1441,2020-09-29,3857,45450,49307
1441,2020-09-30,3981,49203,53184
1441,2020-10-01,3980,48814,52794
1441,2020-10-02,4038,49023,53061
1441,2020-10-03,976,41886,42862
1441,2020-10-04,439,27891,28330
1441,2020-10-05,4471,45386,49857
1441,2020-10-06,4303,46847,51150
1441,2020-10-07,3505,48406,51911
1441,2020-10-08,3713,49054,52767
1441,2020-10-09,4500,47505,52005
1441,2020-10-10,1023,33067,34090
1441,2020-10-11,189,25012,25201
1441,2020-10-12,3341,47494,50835
1441,2020-10-13,3417,46696,50113
1441,2020-10-14,3310,46714,50024
1441,2020-10-15,3581,49247,52828
1441,2020-10-16,3502,51068,54570
1441,2020-10-17,1021,36767,37788
1441,2020-10-18,227,24766,24993
1441,2020-10-19,3164,47565,50729
1441,2020-10-20,3628,48078,51706
1441,2020-10-21,3602,44733,48335
1441,2020-10-22,3681,47853,51534
1441,2020-10-23,4333,48536,52869
1441,2020-10-24,808,38571,39379
1441,2020-10-25,-45,298,253
1441,2020-10-26,3353,47187,50540
1441,2020-10-27,3767,47350,51117
1441,2020-10-28,3975,45568,49543
1441,2020-10-29,3849,47868,51717
1441,2020-10-30,4058,47875,51933
1441,2020-10-31,706,35979,36685
1441,2020-11-01,361,19376,19737
1441,2020-11-03,3670,43946,47616
1441,2020-11-04,3762,44261,48023
1441,2020-11-05,3477,45556,49033
1441,2020-11-06,3444,47072,50516
1441,2020-11-07,855,36046,36901
1441,2020-11-08,173,20778,20951
1441,2020-11-09,3712,45802,49514
1441,2020-11-10,3983,46834,50817
1441,2020-11-11,3275,46171,49446
1441,2020-11-12,3781,46704,50485
1441,2020-11-13,3832,49166,52998
1441,2020-11-14,803,37370,38173
1441,2020-11-15,188,21259,21447
1441,2020-11-16,3967,45695,49662
1441,2020-11-17,3875,47544,51419
1441,2020-11-18,3627,47091,50718
1441,2020-11-19,4011,48928,52939
1441,2020-11-20,3352,49169,52521
1441,2020-11-21,835,38450,39285
1441,2020-11-22,178,21951,22129
1441,2020-11-23,3886,48013,51899
1441,2020-11-24,3674,48630,52304
1441,2020-11-25,3723,48993,52716
1441,2020-11-26,3920,48556,52476
1441,2020-11-27,3320,50012,53332
1441,2020-11-28,898,38314,39212
1441,2020-11-29,191,23154,23345
1441,2020-11-30,3593,48295,51888
1441,2020-12-01,4313,47549,51862
1441,2020-12-02,4092,48759,52851
1441,2020-12-03,4394,49289,53683
1441,2020-12-04,4578,49266,53844
1441,2020-12-05,891,39361,40252
1441,2020-12-06,203,23817,24020
1441,2020-12-07,4048,48589,52637
1441,2020-12-08,4278,48599,52877
1441,2020-12-09,4290,50028,54318
1441,2020-12-10,4051,50844,54895
1441,2020-12-11,4214,51126,55340
1441,2020-12-12,1116,38208,39324
1441,2020-12-13,263,24089,24352
1441,2020-12-14,4009,50347,54356
1441,2020-12-15,4464,49406,53870
1441,2020-12-16,4162,50388,54550
1441,2020-12-17,4139,53092,57231
1441,2020-12-18,3190,54026,57216
1441,2020-12-19,723,39160,39883
1441,2020-12-20,400,24686,25086
1441,2020-12-21,2651,45616,48267
1441,2020-12-22,3076,45642,48718
1441,2020-12-23,2929,44623,47552
1441,2020-12-24,1390,38574,39964
1441,2020-12-25,126,18436,18562
1441,2020-12-26,175,19169,19344
1441,2020-12-27,267,16699,16966
1441,2020-12-28,1793,33454,35247
1441,2020-12-29,1548,34486,36034
1441,2020-12-30,1622,35955,37577
1441,2020-12-31,1289,30388,31677
1448,2020-01-01,279,9326,9605
1448,2020-01-02,1203,20064,21267
1448,2020-01-03,1457,20839,22296
1448,2020-01-04,843,18526,19369
1448,2020-01-05,418,12341,12759
1448,2020-01-06,2049,23134,25183
1448,2020-01-07,2288,22778,25066
1448,2020-01-08,3094,22736,25830
1448,2020-01-09,3245,23355,26600
1448,2020-01-10,2864,24137,27001
1448,2020-01-11,1539,19307,20846
1448,2020-01-12,569,11870,12439
1448,2020-01-13,2675,23666,26341
1448,2020-01-14,2903,24071,26974
1448,2020-01-15,3168,24222,27390
1448,2020-01-16,3306,24406,27712
1448,2020-01-17,2992,25300,28292
1448,2020-01-18,1465,19472,20937
1448,2020-01-19,490,12571,13061
1448,2020-01-20,2908,23657,26565
1448,2020-01-21,3408,23980,27388
1448,2020-01-22,3521,23888,27409
1448,2020-01-23,3225,24458,27683
1448,2020-01-24,3271,25765,29036
1448,2020-01-25,2212,19667,21879
1448,2020-01-26,828,12703,13531
1448,2020-01-27,3397,22941,26338
1448,2020-01-28,3678,23245,26923
1448,2020-01-29,3427,24140,27567
1448,2020-01-30,3394,24908,28302
1448,2020-01-31,4329,24560,28889
1448,2020-02-01,2630,19363,21993
1448,2020-02-02,1042,12723,13765
1448,2020-02-03,3226,23763,26989
1448,2020-02-04,2988,24790,27778
1448,2020-02-05,3193,25386,28579
1448,2020-02-06,3325,25917,29242
1448,2020-02-07,3150,26588,29738
1448,2020-02-08,1629,19612,21241
1448,2020-02-09,524,10612,11136
1448,2020-02-10,2485,21545,24030
1448,2020-02-11,2930,24621,27551
1448,2020-02-12,3330,23617,26947
1448,2020-02-13,3191,25162,28353
1448,2020-02-14,3056,26726,29782
1448,2020-02-15,1706,21194,22900
1448,2020-02-16,683,12890,13573
1448,2020-02-17,2829,23604,26433
1448,2020-02-18,3074,23403,26477
1448,2020-02-19,3221,24059,27280
1448,2020-02-20,3298,24054,27352
1448,2020-02-21,2839,27453,30292
1448,2020-02-22,1638,23047,24685
1448,2020-02-23,842,13009,13851
1448,2020-02-24,2986,21228,24214
1448,2020-02-25,3267,23196,26463
1448,2020-02-26,3121,24193,27314
1448,2020-02-27,3091,21784,24875
1448,2020-02-28,2802,26035,28837
1448,2020-02-29,1671,21715,23386
1448,2020-03-01,702,13116,13818
1448,2020-03-02,2794,24612,27406
1448,2020-03-03,2781,25308,28089
1448,2020-03-04,2989,25114,28103
1448,2020-03-05,4070,24398,28468
1448,2020-03-06,3142,25834,28976
1448,2020-03-07,1503,20240,21743
1448,2020-03-08,631,12241,12872
1448,2020-03-09,2657,24566,27223
1448,2020-03-10,4099,21674,25773
1448,2020-03-11,3619,24114,27733
1448,2020-03-12,2848,24957,27805
1448,2020-03-13,2554,24556,27110
1448,2020-03-14,1301,14155,15456
1448,2020-03-15,498,9633,10131
1448,2020-03-16,2327,14524,16851
1448,2020-03-17,2084,9785,11869
1448,2020-03-18,2349,9091,11440
1448,2020-03-19,2177,7123,9300
1448,2020-03-20,1876,6922,8798
1448,2020-03-21,834,3664,4498
1448,2020-03-22,218,2232,2450
1448,2020-03-23,1663,6721,8384
1448,2020-03-24,2038,6938,8976
1448,2020-03-25,2055,6993,9048
1448,2020-03-26,1922,6885,8807
1448,2020-03-27,1620,6924,8544
1448,2020-03-28,766,3975,4741
1448,2020-03-30,1590,7267,8857
1448,2020-03-31,1731,7279,9010
1448,2020-04-01,1777,7319,9096
1448,2020-04-02,1623,7318,8941
1448,2020-04-03,1566,7395,8961
1448,2020-04-04,736,3993,4729
1448,2020-04-05,218,2710,2928
1448,2020-04-06,1582,7723,9305
1448,2020-04-07,1864,7876,9740
1448,2020-04-08,1956,7869,9825
1448,2020-04-09,1727,8000,9727
1448,2020-04-10,980,6866,7846
1448,2020-04-11,593,4236,4829
1448,2020-04-12,148,2507,2655
1448,2020-04-13,285,2818,3103
1448,2020-04-14,1510,8072,9582
1448,2020-04-15,1826,8192,10018
1448,2020-04-16,1873,8401,10274
1448,2020-04-17,1616,8492,10108
1448,2020-04-18,679,4363,5042
1448,2020-04-19,174,2703,2877
1448,2020-04-25,864,5261,6125
1448,2020-04-26,276,3390,3666
1448,2020-04-27,2120,10166,12286
1448,2020-04-28,2361,10348,12709
1448,2020-04-29,2351,10605,12956
1448,2020-04-30,2022,10889,12911
1448,2020-05-01,687,3579,4266
1448,2020-05-02,721,5470,6191
1448,2020-05-03,307,3849,4156
1448,2020-05-04,2141,10824,12965
1448,2020-05-05,2584,11273,13857
1448,2020-05-06,2503,11063,13566
1448,2020-05-07,2435,10907,13342
1448,2020-05-08,2502,11060,13562
1448,2020-05-09,655,4959,5614
1448,2020-05-10,317,4230,4547
1448,2020-05-11,2282,11827,14109
1448,2020-05-12,2609,12154,14763
1448,2020-05-13,2701,12225,14926
1448,2020-05-14,2685,12070,14755
1448,2020-05-15,2465,13423,15888
1448,2020-05-16,1205,12646,13851
1448,2020-05-18,2900,17984,20884
1448,2020-05-19,3216,18621,21837
1448,2020-05-20,3077,19170,22247
1448,2020-05-21,1013,9194,10207
1448,2020-05-22,2210,17353,19563
1448,2020-05-23,1206,13992,15198
1448,2020-05-24,528,8588,9116
1448,2020-05-25,2875,18253,21128
1448,2020-05-26,2911,19307,22218
1448,2020-05-27,2945,19371,22316
1448,2020-05-28,2938,19271,22209
1448,2020-05-29,2740,20693,23433
1448,2020-05-30,1476,16256,17732
1448,2020-05-31,543,11043,11586
1448,2020-06-01,744,11715,12459
1448,2020-06-03,3234,20184,23418
1448,2020-06-04,2987,20799,23786
1448,2020-06-05,2791,20682,23473
1448,2020-06-06,1415,15420,16835
1448,2020-06-07,537,9995,10532
1448,2020-06-08,2809,19422,22231
1448,2020-06-09,3210,20107,23317
1448,2020-06-10,3086,20520,23606
1448,2020-06-11,2067,19132,21199
1448,2020-06-12,2628,21117,23745
1448,2020-06-13,1348,15415,16763
1448,2020-06-14,581,10909,11490
1448,2020-06-15,2775,21739,24514
1448,2020-06-16,3102,22294,25396
1448,2020-06-17,2937,21719,24656
1448,2020-06-18,2778,22616,25394
1448,2020-06-19,2759,23850,26609
1448,2020-06-20,1496,18162,19658
1448,2020-06-21,584,13354,13938
1448,2020-06-22,2748,20288,23036
1448,2020-06-23,2172,19515,21687
1448,2020-06-24,3371,22477,25848
1448,2020-06-25,3024,22671,25695
1448,2020-06-26,2901,23301,26202
1448,2020-06-27,1465,18589,20054
1448,2020-06-28,634,13209,13843
1448,2020-06-29,2888,22457,25345
1448,2020-06-30,3161,22728,25889
1448,2020-07-01,3279,22415,25694
1448,2020-07-02,3155,23554,26709
1448,2020-07-03,3070,25099,28169
1448,2020-07-04,1448,20319,21767
1448,2020-07-05,683,13741,14424
1448,2020-07-06,2917,23259,26176
1448,2020-07-07,3166,23093,26259
1448,2020-07-08,3196,23026,26222
1448,2020-07-09,3021,23369,26390
1448,2020-07-10,3091,25098,28189
1448,2020-07-11,1451,20442,21893
1448,2020-07-12,732,15522,16254
1448,2020-07-13,2660,19636,22296
1448,2020-07-14,3822,23425,27247
1448,2020-07-15,3092,22341,25433
1448,2020-07-16,3046,21242,24288
1448,2020-07-17,2914,22553,25467
1448,2020-07-18,1431,16780,18211
1448,2020-07-19,699,14107,14806
1448,2020-07-20,2771,20464,23235
1448,2020-07-21,2974,20935,23909
1448,2020-07-22,3186,20812,23998
1448,2020-07-23,3001,21001,24002
1448,2020-07-24,3024,22019,25043
1448,2020-07-25,1393,16116,17509
1448,2020-07-26,662,12888,13550
1448,2020-07-27,2863,20513,23376
1448,2020-07-28,2971,20098,23069
1448,2020-07-29,3074,20861,23935
1448,2020-07-30,2790,21134,23924
1448,2020-07-31,2571,21204,23775
1448,2020-08-01,1266,15693,16959
1448,2020-08-02,640,13605,14245
1448,2020-08-03,2339,18679,21018
1448,2020-08-04,2611,18591,21202
1448,2020-08-05,2684,19071,21755
1448,2020-08-06,2454,19084,21538
1448,2020-08-07,2405,20188,22593
1448,2020-08-08,1233,15971,17204
1448,2020-08-09,659,13009,13668
1448,2020-08-10,2449,18635,21084
1448,2020-08-11,2583,18500,21083
1448,2020-08-12,2548,18467,21015
1448,2020-08-13,2542,18967,21509
1448,2020-08-14,2230,19093,21323
1448,2020-08-15,662,12642,13304
1448,2020-08-16,576,13286,13862
1448,2020-08-17,2469,17829,20298
1448,2020-08-18,2534,17962,20496
1448,2020-08-19,2715,18612,21327
1448,2020-08-20,2566,20094,22660
1448,2020-08-21,2263,21052,23315
1448,2020-08-22,1181,17123,18304
1448,2020-08-23,623,13313,13936
1448,2020-08-24,2482,21489,23971
1448,2020-08-25,3126,21453,24579
1448,2020-08-26,3320,21223,24543
1448,2020-08-27,3196,21886,25082
1448,2020-08-28,2852,22297,25149
1448,2020-08-29,1300,17846,19146
1448,2020-08-30,647,13292,13939
1448,2020-08-31,2607,22177,24784
1448,2020-09-01,2731,22149,24880
1448,2020-09-02,2940,22685,25625
1448,2020-09-03,2925,22869,25794
1448,2020-09-04,2852,23923,26775
1448,2020-09-05,1465,18140,19605
1448,2020-09-06,592,13540,14132
1448,2020-09-07,2794,22473,25267
1448,2020-09-08,2981,23088,26069
1448,2020-09-09,3057,23013,26070
1448,2020-09-10,2976,23374,26350
1448,2020-09-11,2938,24173,27111
1448,2020-09-12,1430,18638,20068
1448,2020-09-13,653,14558,15211
1448,2020-09-14,1692,14285,15977
1448,2020-09-15,1576,14399,15975
1448,2020-09-16,1883,17134,19017
1448,2020-09-17,1969,16474,18443
1448,2020-09-18,1824,17445,19269
1448,2020-09-19,1235,19027,20262
1448,2020-09-20,494,13859,14353
1448,2020-09-21,2651,22702,25353
1448,2020-09-22,3121,22905,26026
1448,2020-09-23,3101,22631,25732
1448,2020-09-24,2981,23113,26094
1448,2020-09-25,2671,24003,26674
1448,2020-09-26,1329,16361,17690
1448,2020-09-27,566,11138,11704
1448,2020-09-28,2567,20754,23321
1448,2020-09-29,2846,21376,24222
1448,2020-09-30,2927,21750,24677
1448,2020-10-01,2759,21586,24345
1448,2020-10-02,2625,22196,24821
1448,2020-10-03,705,14832,15537
1448,2020-10-04,563,11082,11645
1448,2020-10-05,2836,21909,24745
1448,2020-10-06,2820,22036,24856
1448,2020-10-07,3056,22208,25264
1448,2020-10-08,2825,22628,25453
1448,2020-10-09,2596,23068,25664
1448,2020-10-10,1288,17516,18804
1448,2020-10-11,481,11232,11713
1448,2020-10-12,2550,21194,23744
1448,2020-10-13,2962,21569,24531
1448,2020-10-14,2992,21468,24460
1448,2020-10-15,2905,22100,25005
1448,2020-10-16,2665,22578,25243
1448,2020-10-17,1211,16735,17946
1448,2020-10-18,513,10929,11442
1448,2020-10-19,2622,20544,23166
1448,2020-10-20,2911,20755,23666
1448,2020-10-21,3005,21033,24038
1448,2020-10-22,2869,21053,23922
1448,2020-10-23,2708,21370,24078
1448,2020-10-24,1247,15771,17018
1448,2020-10-25,-39,56,17
1448,2020-10-26,2602,20734,23336
1448,2020-10-27,2796,20744,23540
1448,2020-10-28,2975,21391,24366
1448,2020-10-29,2779,22578,25357
1448,2020-10-30,2641,21074,23715
1448,2020-10-31,1222,15128,16350
1448,2020-11-01,452,7815,8267
1448,2020-11-02,2428,19679,22107
1448,2020-11-03,2808,19505,22313
1448,2020-11-04,3259,20493,23752
1448,2020-11-05,3013,20386,23399
1448,2020-11-06,2876,20785,23661
1448,2020-11-07,1449,14172,15621
1448,2020-11-08,484,8551,9035
1448,2020-11-09,2523,19571,22094
1448,2020-11-10,3093,20757,23850
1448,2020-11-11,3075,20435,23510
1448,2020-11-12,2757,20412,23169
1448,2020-11-13,2758,20948,23706
1448,2020-11-14,1234,15183,16417
1448,2020-11-15,454,8243,8697
1448,2020-11-16,2561,19871,22432
1448,2020-11-17,2892,20449,23341
1448,2020-11-18,3070,21201,24271
1448,2020-11-19,2807,21188,23995
1448,2020-11-20,2937,21299,24236
1448,2020-11-21,1609,15004,16613
1448,2020-11-22,502,8656,9158
1448,2020-11-23,2631,20221,22852
1448,2020-11-24,3267,20970,24237
1448,2020-11-25,3184,20878,24062
1448,2020-11-26,3295,21157,24452
1448,2020-11-27,2904,22023,24927
1448,2020-11-28,1504,15226,16730
1448,2020-11-29,461,8514,8975
1448,2020-11-30,3056,19974,23030
1448,2020-12-01,3118,20234,23352
1448,2020-12-02,3179,20697,23876
1448,2020-12-03,3143,20335,23478
1448,2020-12-04,2912,20761,23673
1448,2020-12-05,1211,14969,16180
1448,2020-12-06,474,8412,8886
1448,2020-12-07,2854,20239,23093
1448,2020-12-08,3459,20523,23982
1448,2020-12-09,3116,20187,23303
1448,2020-12-10,3151,21056,24207
1448,2020-12-11,3054,21068,24122
1448,2020-12-12,1902,14907,16809
1448,2020-12-13,575,8119,8694
1448,2020-12-14,2669,22014,24683
1448,2020-12-15,3700,21857,25557
1448,2020-12-16,3207,20261,23468
1448,2020-12-17,2715,20699,23414
1448,2020-12-18,2530,21313,23843
1448,2020-12-19,1295,14092,15387
1448,2020-12-20,499,8517,9016
1448,2020-12-21,1869,17746,19615
1448,2020-12-22,2671,16160,18831
1448,2020-12-23,2031,15947,17978
1448,2020-12-24,722,11768,12490
1448,2020-12-25,233,6981,7214
1448,2020-12-26,297,7038,7335
1448,2020-12-27,344,6456,6800
1448,2020-12-28,1369,12507,13876
1448,2020-12-29,1251,12909,14160
1448,2020-12-30,1198,13274,14472
1448,2020-12-31,637,9610,10247
1483,2020-01-01,53,10500,10553
1483,2020-01-02,704,18121,18825
1483,2020-01-03,825,19737,20562
1483,2020-01-04,271,15473,15744
1483,2020-01-05,89,12730,12819
1483,2020-01-06,1023,23239,24262
1483,2020-01-07,1222,24003,25225
1483,2020-01-08,1364,24127,25491
1483,2020-01-09,1654,25380,27034
1483,2020-01-10,1664,26030,27694
1483,2020-01-11,357,18854,19211
1483,2020-01-12,96,14125,14221
1483,2020-01-13,1768,25449,27217
1483,2020-01-14,1777,26023,27800
1483,2020-01-15,1761,26627,28388
1483,2020-01-16,1797,27264,29061
1483,2020-01-17,1888,27203,29091
1483,2020-01-18,406,18589,18995
1483,2020-01-19,116,15444,15560
1483,2020-01-20,1801,25945,27746
1483,2020-01-21,1853,26374,28227
1483,2020-01-22,1780,26158,27938
1483,2020-01-23,1939,26663,28602
1483,2020-01-24,1723,27005,28728
1483,2020-01-25,393,19528,19921
1483,2020-01-26,105,15225,15330
1483,2020-01-27,2553,25123,27676
1483,2020-01-28,2460,25145,27605
1483,2020-01-29,2049,25555,27604
1483,2020-01-30,1780,26846,28626
1483,2020-01-31,1812,27148,28960
1483,2020-02-01,1023,19294,20317
1483,2020-02-02,124,14878,15002
1483,2020-02-04,2066,26193,28259
1483,2020-02-05,1799,26306,28105
1483,2020-02-06,1749,27217,28966
1483,2020-02-07,1607,27813,29420
1483,2020-02-08,357,19096,19453
1483,2020-02-09,200,13280,13480
1483,2020-02-11,1760,26053,27813
1483,2020-02-12,1954,26467,28421
1483,2020-02-13,1968,26893,28861
1483,2020-02-14,1767,27579,29346
1483,2020-02-15,459,18891,19350
1483,2020-02-16,213,13871,14084
1483,2020-02-18,1823,25212,27035
1483,2020-02-19,2162,25511,27673
1483,2020-02-20,1920,25426,27346
1483,2020-02-21,1769,25417,27186
1483,2020-02-22,370,18176,18546
1483,2020-02-23,112,13841,13953
1483,2020-02-24,1660,23889,25549
1483,2020-02-25,1944,25807,27751
1483,2020-02-26,1959,26494,28453
1483,2020-02-27,1942,23174,25116
1483,2020-02-28,1746,27322,29068
1483,2020-02-29,560,19697,20257
1483,2020-03-01,329,15499,15828
1483,2020-03-02,1885,26227,28112
1483,2020-03-03,1840,26594,28434
1483,2020-03-04,1787,26978,28765
1483,2020-03-05,2249,26456,28705
1483,2020-03-06,1721,27918,29639
1483,2020-03-07,464,20269,20733
1483,2020-03-08,215,15751,15966
1483,2020-03-09,1915,26063,27978
1483,2020-03-10,2394,25554,27948
1483,2020-03-11,1955,25227,27182
1483,2020-03-12,1986,26248,28234
1483,2020-03-13,1766,25321,27087
1483,2020-03-14,492,14483,14975
1483,2020-03-15,183,10682,10865
1483,2020-03-16,1720,19825,21545
1483,2020-03-17,1762,16829,18591
1483,2020-03-18,1474,13931,15405
1483,2020-03-19,1256,11804,13060
1483,2020-03-20,1000,10534,11534
1483,2020-03-21,276,4416,4692
1483,2020-03-22,64,3247,3311
1483,2020-03-23,943,8636,9579
1483,2020-03-24,878,8311,9189
1483,2020-03-25,860,8473,9333
1483,2020-03-26,825,8347,9172
1483,2020-03-27,769,8624,9393
1483,2020-03-28,172,4596,4768
1483,2020-03-30,751,7735,8486
1483,2020-03-31,677,7336,8013
1483,2020-04-01,612,7543,8155
1483,2020-04-02,672,7577,8249
1483,2020-04-03,638,7920,8558
1483,2020-04-04,146,4357,4503
1483,2020-04-05,58,3228,3286
1483,2020-04-06,731,8587,9318
1483,2020-04-07,759,8287,9046
1483,2020-04-08,748,8606,9354
1483,2020-04-09,687,8664,9351
1483,2020-04-10,547,8885,9432
1483,2020-04-11,189,5281,5470
1483,2020-04-12,43,3396,3439
1483,2020-04-13,76,3350,3426
1483,2020-04-14,807,9902,10709
1483,2020-04-15,894,9977,10871
1483,2020-04-16,842,10215,11057
1483,2020-04-17,844,11071,11915
1483,2020-04-18,269,6134,6403
1483,2020-04-19,47,4471,4518
1483,2020-04-20,1087,13897,14984
1483,2020-04-21,1349,14125,15474
1483,2020-04-22,1478,14319,15797
1483,2020-04-23,1472,14831,16303
1483,2020-04-24,1369,15019,16388
1483,2020-04-25,234,8033,8267
1483,2020-04-26,64,5498,5562
1483,2020-05-01,479,6252,6731
1483,2020-05-02,388,8354,8742
1483,2020-05-03,57,6220,6277
1483,2020-05-04,1595,17732,19327
1483,2020-05-05,1564,18101,19665
1483,2020-05-06,1662,18502,20164
1483,2020-05-07,1581,18549,20130
1483,2020-05-08,1492,19128,20620
1483,2020-05-09,204,7754,7958
1483,2020-05-10,201,7182,7383
1483,2020-05-11,1866,20105,21971
1483,2020-05-12,1799,21059,22858
1483,2020-05-13,1798,21404,23202
1483,2020-05-14,1699,21530,23229
1483,2020-05-15,1681,22083,23764
1483,2020-05-16,407,14566,14973
1483,2020-05-17,145,11020,11165
1483,2020-05-18,1788,21934,23722
1483,2020-05-19,1839,22417,24256
1483,2020-05-20,1740,23514,25254
1483,2020-05-21,156,12588,12744
1483,2020-05-22,1255,19965,21220
1483,2020-05-23,433,13790,14223
1483,2020-05-24,107,11152,11259
1483,2020-05-25,1869,23013,24882
1483,2020-05-26,1969,23793,25762
1483,2020-05-27,1814,23676,25490
1483,2020-05-28,1747,24350,26097
1483,2020-05-29,1844,25312,27156
1483,2020-05-30,411,17402,17813
1483,2020-05-31,113,13970,14083
1483,2020-06-01,130,14182,14312
1483,2020-06-07,88,12262,12350
1483,2020-06-08,1811,24357,26168
1483,2020-06-09,1901,24718,26619
1483,2020-06-10,1958,25280,27238
1483,2020-06-11,1706,25029,26735
1483,2020-06-12,2118,25579,27697
1483,2020-06-13,794,18476,19270
1483,2020-06-14,113,14315,14428
1483,2020-06-15,2030,24527,26557
1483,2020-06-16,2032,25341,27373
1483,2020-06-17,4533,25377,29910
1483,2020-06-18,2007,25089,27096
1483,2020-06-19,1911,26232,28143
1483,2020-06-22,1393,21095,22488
1483,2020-06-23,405,15053,15458
1483,2020-06-24,2128,25698,27826
1483,2020-06-25,1995,26257,28252
1483,2020-06-28,93,13739,13832
1483,2020-06-29,1998,25391,27389
1483,2020-06-30,1985,26075,28060
1483,2020-07-01,1922,26638,28560
1483,2020-07-02,2000,26298,28298
1483,2020-07-03,1780,27449,29229
1483,2020-07-04,429,19499,19928
1483,2020-07-05,108,14281,14389
1483,2020-07-06,1947,25245,27192
1483,2020-07-07,1910,26091,28001
1483,2020-07-10,1847,25135,26982
1483,2020-07-11,548,19090,19638
1483,2020-07-12,127,13694,13821
1483,2020-07-13,1942,25637,27579
1483,2020-07-14,1912,25657,27569
1483,2020-07-15,1947,27013,28960
1483,2020-07-16,1920,27093,29013
1483,2020-07-17,1891,27475,29366
1483,2020-07-18,457,19296,19753
1483,2020-07-19,146,16461,16607
1483,2020-07-20,1754,24131,25885
1483,2020-07-21,1798,24483,26281
1483,2020-07-22,1740,24590,26330
1483,2020-07-23,1794,24270,26064
1483,2020-07-24,1833,24526,26359
1483,2020-07-25,430,16750,17180
1483,2020-07-26,132,13544,13676
1483,2020-07-27,1745,21358,23103
1483,2020-07-28,1795,23644,25439
1483,2020-07-29,1821,24495,26316
1483,2020-07-30,1535,24241,25776
1483,2020-07-31,1160,23167,24327
1483,2020-08-01,279,16850,17129
1483,2020-08-02,84,14235,14319
1483,2020-08-03,1128,21055,22183
1483,2020-08-04,1175,21949,23124
1483,2020-08-05,1128,22201,23329
1483,2020-08-06,1211,22392,23603
1483,2020-08-07,1098,22185,23283
1483,2020-08-10,1071,20663,21734
1483,2020-08-14,1049,22204,23253
1483,2020-08-15,136,14613,14749
1483,2020-08-21,1209,22616,23825
1483,2020-08-22,392,17786,18178
1483,2020-08-23,205,14673,14878
1483,2020-08-30,217,13802,14019
1483,2020-08-31,2340,24148,26488
1483,2020-09-01,2523,23444,25967
1483,2020-09-02,2178,24195,26373
1483,2020-09-03,2037,25178,27215
1483,2020-09-04,2112,25646,27758
1483,2020-09-05,584,18389,18973
1483,2020-09-06,186,14450,14636
1483,2020-09-07,2177,24365,26542
1483,2020-09-10,2225,25494,27719
1483,2020-09-14,2105,26455,28560
1483,2020-09-15,2081,26586,28667
1483,2020-09-21,1930,25835,27765
1483,2020-09-22,1946,26508,28454
1483,2020-09-23,2102,25192,27294
1483,2020-10-03,441,19164,19605
1483,2020-10-04,419,15282,15701
1483,2020-10-06,2782,25964,28746
1483,2020-10-07,2115,26239,28354
1483,2020-10-08,1989,26252,28241
1483,2020-10-09,2419,26755,29174
1483,2020-10-10,443,19953,20396
1483,2020-10-11,123,15348,15471
1483,2020-10-12,2052,25562,27614
1483,2020-10-13,1998,26199,28197
1483,2020-10-14,1919,26468,28387
1483,2020-10-15,1940,26743,28683
1483,2020-10-16,1717,27526,29243
1483,2020-10-17,390,19515,19905
1483,2020-10-18,140,15062,15202
1483,2020-10-19,1923,25752,27675
1483,2020-10-20,1787,25666,27453
1483,2020-10-23,1861,25897,27758
1483,2020-10-24,449,18080,18529
1483,2020-10-25,218,12830,13048
1483,2020-10-26,1752,24244,25996
1483,2020-10-27,1876,24677,26553
1483,2020-10-28,1978,24501,26479
1483,2020-10-29,1998,25258,27256
1483,2020-10-30,1975,25508,27483
1483,2020-10-31,401,17535,17936
1483,2020-11-01,104,10741,10845
1483,2020-11-02,1834,22839,24673
1483,2020-11-03,1895,23832,25727
1483,2020-11-04,1881,24363,26244
1483,2020-11-05,1893,24565,26458
1483,2020-11-06,1903,24911,26814
1483,2020-11-07,383,17813,18196
1483,2020-11-08,102,12132,12234
1483,2020-11-09,1947,24424,26371
1483,2020-11-12,1843,25387,27230
1483,2020-11-13,1844,26001,27845
1483,2020-11-14,390,18256,18646
1483,2020-11-16,1942,24196,26138
1483,2020-11-17,1903,25510,27413
1483,2020-11-18,1930,25394,27324
1483,2020-11-19,2057,25343,27400
1483,2020-11-20,1790,25845,27635
1483,2020-11-23,1837,24400,26237
1483,2020-11-24,1965,25562,27527
1483,2020-11-25,1870,24970,26840
1483,2020-11-26,1962,25075,27037
1483,2020-11-27,1846,25976,27822
1483,2020-11-28,496,16696,17192
1483,2020-11-29,159,11167,11326
1483,2020-11-30,1769,23971,25740
1483,2020-12-01,2151,24019,26170
1483,2020-12-02,1989,24935,26924
1483,2020-12-03,1985,24567,26552
1483,2020-12-04,2054,24920,26974
1483,2020-12-05,378,16426,16804
1483,2020-12-06,102,11168,11270
1483,2020-12-07,1802,23577,25379
1483,2020-12-08,2026,23710,25736
1483,2020-12-09,1890,24401,26291
1483,2020-12-10,1861,24978,26839
1483,2020-12-11,1872,23905,25777
1483,2020-12-12,454,16261,16715
1483,2020-12-14,1816,24738,26554
1483,2020-12-15,2177,24711,26888
1483,2020-12-16,1825,25295,27120
1483,2020-12-17,1814,25352,27166
1483,2020-12-18,1499,25755,27254
1483,2020-12-19,344,16187,16531
1483,2020-12-20,103,11228,11331
1483,2020-12-21,1247,20728,21975
1483,2020-12-22,1264,20659,21923
1483,2020-12-24,723,15697,16420
1483,2020-12-25,49,9426,9475
1483,2020-12-26,73,9131,9204
1483,2020-12-28,787,14931,15718
1483,2020-12-29,789,15389,16178
1483,2020-12-30,743,16125,16868
1483,2020-12-31,535,13087,13622
1486,2020-01-01,162,20669,20831
1486,2020-01-02,1235,35648,36883
1486,2020-01-03,1499,37885,39384
1486,2020-01-04,575,30242,30817
1486,2020-01-05,216,25058,25274
1486,2020-01-06,1863,44246,46109
1486,2020-01-07,2387,44072,46459
1486,2020-01-08,2652,44438,47090
1486,2020-01-09,3160,46430,49590
1486,2020-01-10,3051,48462,51513
1486,2020-01-11,789,37453,38242
1486,2020-01-12,250,27456,27706
1486,2020-01-13,3261,45959,49220
1486,2020-01-14,3289,47657,50946
1486,2020-01-15,3284,48811,52095
1486,2020-01-16,3296,49293,52589
1486,2020-01-17,3535,49367,52902
1486,2020-01-18,797,37853,38650
1486,2020-01-19,263,29388,29651
1486,2020-01-20,3376,47429,50805
1486,2020-01-21,3564,47714,51278
1486,2020-01-22,3237,48444,51681
1486,2020-01-23,3367,49069,52436
1486,2020-01-24,3055,50869,53924
1486,2020-01-25,765,38958,39723
1486,2020-01-26,251,28918,29169
1486,2020-01-27,4496,43905,48401
1486,2020-01-28,3968,46090,50058
1486,2020-01-29,3555,47760,51315
1486,2020-01-30,3150,49325,52475
1486,2020-01-31,3418,50096,53514
1486,2020-02-01,1829,37733,39562
1486,2020-02-02,274,28492,28766
1486,2020-02-03,4942,45556,50498
1486,2020-02-04,3828,48098,51926
1486,2020-02-05,3298,48019,51317
1486,2020-02-06,3318,50301,53619
1486,2020-02-07,2838,51529,54367
1486,2020-02-08,733,38293,39026
1486,2020-02-09,293,24909,25202
1486,2020-02-10,3953,45763,49716
1486,2020-02-11,3171,47832,51003
1486,2020-02-12,3758,48030,51788
1486,2020-02-13,4066,48848,52914
1486,2020-02-14,3138,51404,54542
1486,2020-02-15,924,37061,37985
1486,2020-02-16,336,25806,26142
1486,2020-02-17,3067,45986,49053
1486,2020-02-18,3224,45584,48808
1486,2020-02-19,3506,46874,50380
1486,2020-02-20,3366,46389,49755
1486,2020-02-21,3150,47124,50274
1486,2020-02-22,766,35483,36249
1486,2020-02-23,283,26185,26468
1486,2020-02-24,3301,44563,47864
1486,2020-02-25,3621,47015,50636
1486,2020-02-26,3623,48844,52467
1486,2020-02-27,3093,38483,41576
1486,2020-02-28,3230,50105,53335
1486,2020-02-29,1193,38063,39256
1486,2020-03-01,513,28959,29472
1486,2020-03-02,3581,46379,49960
1486,2020-03-03,3334,47427,50761
1486,2020-03-04,3362,49104,52466
1486,2020-03-05,4818,46560,51378
1486,2020-03-06,3417,50304,53721
1486,2020-03-07,931,39417,40348
1486,2020-03-08,431,29245,29676
1486,2020-03-09,3561,46720,50281
1486,2020-03-10,4157,47047,51204
1486,2020-03-11,3712,46942,50654
1486,2020-03-12,3826,47699,51525
1486,2020-03-13,3109,47074,50183
1486,2020-03-14,927,28248,29175
1486,2020-03-15,301,20594,20895
1486,2020-03-16,3068,36876,39944
1486,2020-03-17,3067,31944,35011
1486,2020-03-18,2637,27339,29976
1486,2020-03-19,2196,22505,24701
1486,2020-03-20,1735,20205,21940
1486,2020-03-21,513,8298,8811
1486,2020-03-22,134,6213,6347
1486,2020-03-23,1503,16683,18186
1486,2020-03-24,1461,16085,17546
1486,2020-03-25,1410,16320,17730
1486,2020-03-26,1366,16299,17665
1486,2020-03-27,1295,16860,18155
1486,2020-03-28,388,9712,10100
1486,2020-03-30,1292,16317,17609
1486,2020-03-31,1288,16114,17402
1486,2020-04-01,1228,16418,17646
1486,2020-04-02,1266,16382,17648
1486,2020-04-03,1249,17232,18481
1486,2020-04-04,382,9366,9748
1486,2020-04-05,95,6440,6535
1486,2020-04-06,1364,17242,18606
1486,2020-04-07,1400,17202,18602
1486,2020-04-08,1351,17548,18899
1486,2020-04-09,1320,17952,19272
1486,2020-04-10,1017,17855,18872
1486,2020-04-11,384,11029,11413
1486,2020-04-12,75,6594,6669
1486,2020-04-13,135,6474,6609
1486,2020-04-14,1372,18729,20101
1486,2020-04-15,1450,19101,20551
1486,2020-04-16,1419,19235,20654
1486,2020-04-17,1449,21163,22612
1486,2020-04-18,599,12242,12841
1486,2020-04-19,108,8661,8769
1486,2020-04-20,1861,25550,27411
1486,2020-04-21,2362,26223,28585
1486,2020-04-22,2513,25652,28165
1486,2020-04-23,2564,27182,29746
1486,2020-04-24,2420,27733,30153
1486,2020-04-25,507,16361,16868
1486,2020-04-26,120,11076,11196
1486,2020-04-27,2470,29273,31743
1486,2020-04-28,2957,29707,32664
1486,2020-04-29,3035,30195,33230
1486,2020-04-30,4450,31055,35505
1486,2020-05-01,749,11015,11764
1486,2020-05-02,664,16824,17488
1486,2020-05-03,101,11920,12021
1486,2020-05-04,2873,32608,35481
1486,2020-05-05,2806,33339,36145
1486,2020-05-06,3093,34676,37769
1486,2020-05-07,2907,34674,37581
1486,2020-05-08,2817,36268,39085
1486,2020-05-09,436,15260,15696
1486,2020-05-10,1043,13662,14705
1486,2020-05-11,3299,36560,39859
1486,2020-05-12,3166,38657,41823
1486,2020-05-13,3188,38803,41991
1486,2020-05-14,3138,39760,42898
1486,2020-05-15,3016,40829,43845
1486,2020-05-16,855,27957,28812
1486,2020-05-17,257,20214,20471
1486,2020-05-18,3039,39912,42951
1486,2020-05-19,3342,41511,44853
1486,2020-05-20,3071,43627,46698
1486,2020-05-21,326,25127,25453
1486,2020-05-22,2244,38468,40712
1486,2020-05-23,1497,27245,28742
1486,2020-05-24,236,21874,22110
1486,2020-05-26,3415,43421,46836
1486,2020-05-27,3123,43995,47118
1486,2020-05-28,3219,45394,48613
1486,2020-05-29,3224,47061,50285
1486,2020-05-30,844,34143,34987
1486,2020-05-31,252,27100,27352
1486,2020-06-01,312,27423,27735
1486,2020-06-02,3342,45560,48902
1486,2020-06-03,4027,45160,49187
1486,2020-06-04,4291,44039,48330
1486,2020-06-05,3586,43671,47257
1486,2020-06-06,869,31499,32368
1486,2020-06-07,202,23898,24100
1486,2020-06-08,3341,44702,48043
1486,2020-06-09,3511,46828,50339
1486,2020-06-10,3314,47216,50530
1486,2020-06-11,3044,47316,50360
1486,2020-06-12,3479,48101,51580
1486,2020-06-13,1475,35979,37454
1486,2020-06-14,270,27338,27608
1486,2020-06-15,3550,45954,49504
1486,2020-06-16,3377,46973,50350
1486,2020-06-17,8871,40852,49723
1486,2020-06-18,3535,46799,50334
1486,2020-06-19,3311,49029,52340
1486,2020-06-20,958,30611,31569
1486,2020-06-21,233,23733,23966
1486,2020-06-22,2436,41286,43722
1486,2020-06-23,769,29342,30111
1486,2020-06-24,3793,47938,51731
1486,2020-06-25,3392,48293,51685
1486,2020-06-26,4174,46914,51088
1486,2020-06-27,1658,35254,36912
1486,2020-06-28,274,27175,27449
1486,2020-06-29,3754,46330,50084
1486,2020-06-30,3348,48526,51874
1486,2020-07-01,3369,49233,52602
1486,2020-07-02,3462,49161,52623
1486,2020-07-03,3178,51307,54485
1486,2020-07-04,879,38149,39028
1486,2020-07-05,225,27042,27267
1486,2020-07-06,3438,46871,50309
1486,2020-07-07,3413,48479,51892
1486,2020-07-08,3407,46499,49906
1486,2020-07-09,2956,45622,48578
1486,2020-07-10,3150,49636,52786
1486,2020-07-11,1078,37518,38596
1486,2020-07-12,311,30098,30409
1486,2020-07-13,3287,47362,50649
1486,2020-07-14,3379,48187,51566
1486,2020-07-15,3681,50348,54029
1486,2020-07-16,3331,48491,51822
1486,2020-07-17,3311,49625,52936
1486,2020-07-18,936,36314,37250
1486,2020-07-19,323,30243,30566
1486,2020-07-20,3059,45913,48972
1486,2020-07-21,3164,46734,49898
1486,2020-07-22,3007,47020,50027
1486,2020-07-23,3164,47188,50352
1486,2020-07-24,3038,47047,50085
1486,2020-07-25,959,34293,35252
1486,2020-07-26,260,25980,26240
1486,2020-07-27,3173,44003,47176
1486,2020-07-28,3180,46021,49201
1486,2020-07-29,3151,46855,50006
1486,2020-07-30,2814,46935,49749
1486,2020-07-31,2046,44300,46346
1486,2020-08-01,933,32366,33299
1486,2020-08-02,248,27127,27375
1486,2020-08-03,1932,39850,41782
1486,2020-08-04,2018,41377,43395
1486,2020-08-05,1970,41599,43569
1486,2020-08-06,2056,42181,44237
1486,2020-08-07,1864,41601,43465
1486,2020-08-08,536,31093,31629
1486,2020-08-09,262,25920,26182
1486,2020-08-10,1773,38792,40565
1486,2020-08-11,1868,39956,41824
1486,2020-08-12,2083,39006,41089
1486,2020-08-13,1895,40364,42259
1486,2020-08-14,1755,41455,43210
1486,2020-08-15,292,27461,27753
1486,2020-08-16,270,25910,26180
1486,2020-08-17,1991,38871,40862
1486,2020-08-18,2087,40284,42371
1486,2020-08-19,2062,41267,43329
1486,2020-08-20,1991,41868,43859
1486,2020-08-21,2035,42134,44169
1486,2020-08-22,688,33257,33945
1486,2020-08-23,367,27925,28292
1486,2020-08-24,2998,43322,46320
1486,2020-08-25,3205,44412,47617
1486,2020-08-26,3421,44098,47519
1486,2020-08-27,3345,46273,49618
1486,2020-08-28,3223,46007,49230
1486,2020-08-29,866,34083,34949
1486,2020-08-30,471,27992,28463
1486,2020-08-31,3930,45039,48969
1486,2020-09-01,3978,45584,49562
1486,2020-09-02,3780,46767,50547
1486,2020-09-03,3605,48056,51661
1486,2020-09-04,3615,48629,52244
1486,2020-09-05,1134,35749,36883
1486,2020-09-06,352,28133,28485
1486,2020-09-07,3941,46936,50877
1486,2020-09-08,3794,47732,51526
1486,2020-09-09,3761,48576,52337
1486,2020-09-10,3959,49866,53825
1486,2020-09-11,3713,50078,53791
1486,2020-09-12,961,38210,39171
1486,2020-09-13,367,32939,33306
1486,2020-09-14,3763,48270,52033
1486,2020-09-15,3594,49130,52724
1486,2020-09-16,4521,48695,53216
1486,2020-09-17,3894,49791,53685
1486,2020-09-22,3442,48662,52104
1486,2020-09-23,3928,47715,51643
1486,2020-09-24,3883,49431,53314
1486,2020-09-25,4141,50423,54564
1486,2020-09-26,996,36816,37812
1486,2020-09-27,577,27674,28251
1486,2020-09-28,3684,45445,49129
1486,2020-09-29,3885,48531,52416
1486,2020-09-30,3726,46568,50294
1486,2020-10-01,4344,47705,52049
1486,2020-10-02,4013,47929,51942
1486,2020-10-03,1224,36964,38188
1486,2020-10-04,841,27496,28337
1486,2020-10-05,4536,43995,48531
1486,2020-10-06,4977,45380,50357
1486,2020-10-07,4111,46602,50713
1486,2020-10-08,3777,47860,51637
1486,2020-10-09,4681,47241,51922
1486,2020-10-10,940,38566,39506
1486,2020-10-11,296,29320,29616
1486,2020-10-13,3538,47463,51001
1486,2020-10-14,3367,48534,51901
1486,2020-10-15,3611,49636,53247
1486,2020-10-16,3067,51046,54113
1486,2020-10-17,907,38364,39271
1486,2020-10-18,348,29055,29403
1486,2020-10-19,3431,47168,50599
1486,2020-10-20,3256,45445,48701
1486,2020-10-21,3890,47384,51274
1486,2020-10-22,3541,47572,51113
1486,2020-10-23,3746,47873,51619
1486,2020-10-24,917,35573,36490
1486,2020-10-25,729,24330,25059
1486,2020-10-26,3152,44711,47863
1486,2020-10-27,3759,45199,48958
1486,2020-10-28,3950,44998,48948
1486,2020-10-29,3725,46974,50699
1486,2020-10-30,3727,47136,50863
1486,2020-10-31,929,35163,36092
1486,2020-11-01,318,20015,20333
1486,2020-11-02,3317,42228,45545
1486,2020-11-03,3406,44312,47718
1486,2020-11-04,3108,44874,47982
1486,2020-11-05,3158,45423,48581
1486,2020-11-06,3148,46129,49277
1486,2020-11-07,937,34347,35284
1486,2020-11-08,223,22616,22839
1486,2020-11-09,3506,44029,47535
1486,2020-11-10,3295,45333,48628
1486,2020-11-11,3544,45727,49271
1486,2020-11-12,3249,46012,49261
1486,2020-11-13,3247,47799,51046
1486,2020-11-14,936,35754,36690
1486,2020-11-15,617,19455,20072
1486,2020-11-16,3521,44332,47853
1486,2020-11-17,3504,46603,50107
1486,2020-11-18,3399,46276,49675
1486,2020-11-19,3646,46923,50569
1486,2020-11-20,3180,47529,50709
1486,2020-11-21,789,27523,28312
1486,2020-11-22,242,17492,17734
1486,2020-11-23,3455,44498,47953
1486,2020-11-24,3224,46435,49659
1486,2020-11-25,3186,45884,49070
1486,2020-11-26,3348,45719,49067
1486,2020-11-27,3229,48401,51630
1486,2020-11-28,932,32640,33572
1486,2020-11-29,311,21352,21663
1486,2020-11-30,3028,43514,46542
1486,2020-12-01,4011,43020,47031
1486,2020-12-02,3216,44481,47697
1486,2020-12-03,3495,44782,48277
1486,2020-12-04,3732,45769,49501
1486,2020-12-05,857,31986,32843
1486,2020-12-06,236,21131,21367
1486,2020-12-07,3171,42146,45317
1486,2020-12-08,3656,42914,46570
1486,2020-12-09,3140,44772,47912
1486,2020-12-10,3206,46157,49363
1486,2020-12-11,3530,44861,48391
1486,2020-12-12,932,30111,31043
1486,2020-12-13,244,20994,21238
1486,2020-12-14,3278,44545,47823
1486,2020-12-15,4038,44253,48291
1486,2020-12-16,3451,46927,50378
1486,2020-12-17,3153,46089,49242
1486,2020-12-18,2736,48674,51410
1486,2020-12-19,810,31425,32235
1486,2020-12-20,303,21599,21902
1486,2020-12-21,2282,39183,41465
1486,2020-12-22,2517,39224,41741
1486,2020-12-23,4291,36701,40992
1486,2020-12-24,1149,29904,31053
1486,2020-12-25,190,17400,17590
1486,2020-12-26,246,17227,17473
1486,2020-12-27,277,15204,15481
1486,2020-12-28,1410,27361,28771
1486,2020-12-29,1444,28232,29676
1486,2020-12-30,1390,29864,31254
1486,2020-12-31,1048,24316,25364
1487,2020-01-01,59,14315,14374
1487,2020-01-02,696,24857,25553
1487,2020-01-03,808,26911,27719
1487,2020-01-04,296,21042,21338
1487,2020-01-05,105,17262,17367
1487,2020-01-06,1112,31680,32792
1487,2020-01-07,1320,32318,33638
1487,2020-01-08,1404,32652,34056
1487,2020-01-09,1578,34432,36010
1487,2020-01-10,1614,35661,37275
1487,2020-01-11,396,25892,26288
1487,2020-01-12,118,19288,19406
1487,2020-01-13,1732,34528,36260
1487,2020-01-14,1881,35514,37395
1487,2020-01-15,1812,36074,37886
1487,2020-01-16,1924,36809,38733
1487,2020-01-17,1819,37477,39296
1487,2020-01-18,432,25838,26270
1487,2020-01-19,136,20628,20764
1487,2020-01-20,1892,35441,37333
1487,2020-01-21,1986,35969,37955
1487,2020-01-22,1925,35818,37743
1487,2020-01-23,2059,36644,38703
1487,2020-01-24,1887,37656,39543
1487,2020-01-25,418,26721,27139
1487,2020-01-26,112,20533,20645
1487,2020-01-27,1932,34215,36147
1487,2020-01-28,1992,34836,36828
1487,2020-01-29,2095,35372,37467
1487,2020-01-30,1961,36531,38492
1487,2020-01-31,1891,36976,38867
1487,2020-02-01,428,26567,26995
1487,2020-02-02,138,19788,19926
1487,2020-02-03,1807,34793,36600
1487,2020-02-04,1997,35667,37664
1487,2020-02-05,1885,35961,37846
1487,2020-02-06,1858,37096,38954
1487,2020-02-07,1631,38384,40015
1487,2020-02-08,379,26264,26643
1487,2020-02-09,120,18063,18183
1487,2020-02-10,1840,33559,35399
1487,2020-02-11,1937,35713,37650
1487,2020-02-12,1907,36413,38320
1487,2020-02-13,1854,37168,39022
1487,2020-02-14,1822,37973,39795
1487,2020-02-15,520,25882,26402
1487,2020-02-16,209,18434,18643
1487,2020-02-17,1758,33508,35266
1487,2020-02-18,1909,34003,35912
1487,2020-02-19,2087,34419,36506
1487,2020-02-20,1938,34212,36150
1487,2020-02-21,1885,34777,36662
1487,2020-02-22,397,24758,25155
1487,2020-02-23,119,18546,18665
1487,2020-02-24,1576,33030,34606
1487,2020-02-25,1895,35508,37403
1487,2020-02-26,1961,36148,38109
1487,2020-02-27,1797,32713,34510
1487,2020-02-28,1737,37722,39459
1487,2020-02-29,436,26882,27318
1487,2020-03-01,136,20762,20898
1487,2020-03-02,1850,35513,37363
1487,2020-03-03,1870,36674,38544
1487,2020-03-04,1826,36716,38542
1487,2020-03-05,1801,36443,38244
1487,2020-03-06,1737,37482,39219
1487,2020-03-07,531,27358,27889
1487,2020-03-08,227,20989,21216
1487,2020-03-09,1982,35239,37221
1487,2020-03-10,2055,34179,36234
1487,2020-03-11,2042,34211,36253
1487,2020-03-12,2046,35556,37602
1487,2020-03-13,1951,34289,36240
1487,2020-03-14,540,19678,20218
1487,2020-03-15,212,14041,14253
1487,2020-03-16,1789,26823,28612
1487,2020-03-17,1936,23153,25089
1487,2020-03-18,1601,19722,21323
1487,2020-03-19,1382,16204,17586
1487,2020-03-20,1084,14228,15312
1487,2020-03-21,229,5649,5878
1487,2020-03-22,69,4257,4326
1487,2020-03-23,978,11742,12720
1487,2020-03-24,921,11174,12095
1487,2020-03-25,911,11384,12295
1487,2020-03-26,902,11269,12171
1487,2020-03-27,812,11637,12449
1487,2020-03-28,191,6213,6404
1487,2020-03-30,777,10597,11374
1487,2020-03-31,752,9988,10740
1487,2020-04-01,686,10352,11038
1487,2020-04-02,744,10267,11011
1487,2020-04-03,719,10840,11559
1487,2020-04-04,168,6028,6196
1487,2020-04-05,61,4294,4355
1487,2020-04-06,806,11649,12455
1487,2020-04-07,815,11234,12049
1487,2020-04-08,828,12052,12880
1487,2020-04-09,819,12449,13268
1487,2020-04-10,611,12352,12963
1487,2020-04-11,190,7319,7509
1487,2020-04-12,46,4518,4564
1487,2020-04-13,78,4460,4538
1487,2020-04-14,864,13432,14296
1487,2020-04-15,928,13508,14436
1487,2020-04-16,914,13743,14657
1487,2020-04-17,901,14990,15891
1487,2020-04-18,252,8347,8599
1487,2020-04-19,54,5955,6009
1487,2020-04-20,1156,18784,19940
1487,2020-04-21,1513,19198,20711
1487,2020-04-22,1608,19228,20836
1487,2020-04-23,1601,20012,21613
1487,2020-04-24,1459,20366,21825
1487,2020-04-25,240,10952,11192
1487,2020-04-26,67,7145,7212
1487,2020-04-27,1460,21035,22495
1487,2020-04-28,1618,21989,23607
1487,2020-04-29,1786,22138,23924
1487,2020-04-30,1641,23449,25090
1487,2020-05-01,147,7279,7426
1487,2020-05-02,304,11402,11706
1487,2020-05-03,67,8160,8227
1487,2020-05-04,1676,24226,25902
1487,2020-05-05,1695,24730,26425
1487,2020-05-06,1793,25487,27280
1487,2020-05-07,1779,25528,27307
1487,2020-05-08,1673,26417,28090
1487,2020-05-09,234,10601,10835
1487,2020-05-10,155,9452,9607
1487,2020-05-11,1859,27833,29692
1487,2020-05-12,1948,28669,30617
1487,2020-05-13,1958,29108,31066
1487,2020-05-14,1835,29109,30944
1487,2020-05-15,1816,30045,31861
1487,2020-05-16,447,19686,20133
1487,2020-05-17,169,14346,14515
1487,2020-05-18,1923,29713,31636
1487,2020-05-19,2023,30430,32453
1487,2020-05-20,1894,31785,33679
1487,2020-05-21,203,16340,16543
1487,2020-05-22,1410,27317,28727
1487,2020-05-23,351,19081,19432
1487,2020-05-24,120,14767,14887
1487,2020-05-25,2055,31272,33327
1487,2020-05-26,2137,32103,34240
1487,2020-05-27,1939,32319,34258
1487,2020-05-28,1992,32997,34989
1487,2020-05-29,2047,34451,36498
1487,2020-05-30,414,23494,23908
1487,2020-05-31,128,17993,18121
1487,2020-06-01,166,18088,18254
1487,2020-06-02,2103,30851,32954
1487,2020-06-03,1931,30026,31957
1487,2020-06-04,1973,29594,31567
1487,2020-06-05,1828,30000,31828
1487,2020-06-06,339,21275,21614
1487,2020-06-07,106,16299,16405
1487,2020-06-08,1949,33011,34960
1487,2020-06-09,2028,33877,35905
1487,2020-06-10,1997,34695,36692
1487,2020-06-11,1841,33967,35808
1487,2020-06-12,1980,34752,36732
1487,2020-06-13,406,24063,24469
1487,2020-06-14,136,18946,19082
1487,2020-06-15,2211,33307,35518
1487,2020-06-16,2203,34375,36578
1487,2020-06-17,2122,34239,36361
1487,2020-06-18,2173,34351,36524
1487,2020-06-19,2109,35596,37705
1487,2020-06-20,579,19288,19867
1487,2020-06-21,124,15343,15467
1487,2020-06-22,1488,28695,30183
1487,2020-06-23,470,19606,20076
1487,2020-06-24,2410,34628,37038
1487,2020-06-25,2258,35262,37520
1487,2020-06-26,2124,33111,35235
1487,2020-06-27,555,22350,22905
1487,2020-06-28,135,18205,18340
1487,2020-06-29,2096,34498,36594
1487,2020-06-30,2188,35085,37273
1487,2020-07-01,2088,36064,38152
1487,2020-07-02,2077,35912,37989
1487,2020-07-03,1948,36959,38907
1487,2020-07-04,484,26172,26656
1487,2020-07-05,143,18896,19039
1487,2020-07-06,2093,34066,36159
1487,2020-07-07,2198,35171,37369
1487,2020-07-08,1899,29711,31610
1487,2020-07-09,1758,30109,31867
1487,2020-07-10,1955,35073,37028
1487,2020-07-11,629,25426,26055
1487,2020-07-12,155,17648,17803
1487,2020-07-13,2102,34347,36449
1487,2020-07-14,2170,34828,36998
1487,2020-07-15,2080,36396,38476
1487,2020-07-16,2059,36359,38418
1487,2020-07-17,2027,36859,38886
1487,2020-07-18,512,25335,25847
1487,2020-07-19,167,20797,20964
1487,2020-07-20,1956,33117,35073
1487,2020-07-21,2026,33830,35856
1487,2020-07-22,1935,33836,35771
1487,2020-07-23,2029,33508,35537
1487,2020-07-24,1999,33774,35773
1487,2020-07-25,513,23231,23744
1487,2020-07-26,166,17601,17767
1487,2020-07-27,1944,30665,32609
1487,2020-07-28,2073,32550,34623
1487,2020-07-29,2104,33627,35731
1487,2020-07-30,1767,33047,34814
1487,2020-07-31,1284,31145,32429
1487,2020-08-01,317,22271,22588
1487,2020-08-02,125,18396,18521
1487,2020-08-03,1251,28305,29556
1487,2020-08-04,1333,29095,30428
1487,2020-08-05,1282,29298,30580
1487,2020-08-06,1354,29596,30950
1487,2020-08-07,1252,29367,30619
1487,2020-08-08,349,21177,21526
1487,2020-08-09,203,17835,18038
1487,2020-08-10,1203,27078,28281
1487,2020-08-11,1201,27355,28556
1487,2020-08-12,1282,26318,27600
1487,2020-08-13,1205,27457,28662
1487,2020-08-14,1136,29207,30343
1487,2020-08-15,176,18846,19022
1487,2020-08-16,167,17705,17872
1487,2020-08-17,1248,27372,28620
1487,2020-08-18,1330,28653,29983
1487,2020-08-19,1411,29245,30656
1487,2020-08-20,1369,29412,30781
1487,2020-08-21,1360,30047,31407
1487,2020-08-22,455,23166,23621
1487,2020-08-23,273,18981,19254
1487,2020-08-24,1981,31144,33125
1487,2020-08-25,2137,31476,33613
1487,2020-08-26,2059,30615,32674
1487,2020-08-27,2005,32044,34049
1487,2020-08-28,1892,32392,34284
1487,2020-08-29,429,22552,22981
1487,2020-08-30,233,19556,19789
1487,2020-08-31,2467,32709,35176
1487,2020-09-03,2321,35299,37620
1487,2020-09-04,2379,35578,37957
1487,2020-09-05,634,24899,25533
1487,2020-09-06,232,19271,19503
1487,2020-09-12,491,26120,26611
1487,2020-09-13,245,22696,22941
1487,2020-09-14,2164,35851,38015
1487,2020-09-15,2155,35979,38134
1487,2020-09-16,2148,36483,38631
1487,2020-09-17,2223,36861,39084
1487,2020-09-22,2067,36625,38692
1487,2020-09-25,2036,37496,39532
1487,2020-09-26,455,25332,25787
1487,2020-09-27,111,19493,19604
1487,2020-09-28,1890,34851,36741
1487,2020-09-29,1976,36380,38356
1487,2020-09-30,1894,35545,37439
1487,2020-10-01,1840,34263,36103
1487,2020-10-02,1758,35658,37416
1487,2020-10-03,426,25912,26338
1487,2020-10-04,114,19891,20005
1487,2020-10-05,1923,34520,36443
1487,2020-10-06,1993,35506,37499
1487,2020-10-07,1939,35824,37763
1487,2020-10-08,1893,36024,37917
1487,2020-10-09,1855,37069,38924
1487,2020-10-10,446,26853,27299
1487,2020-10-11,142,20541,20683
1487,2020-10-13,2023,35256,37279
1487,2020-10-14,1945,35981,37926
1487,2020-10-15,1918,36398,38316
1487,2020-10-16,1717,37419,39136
1487,2020-10-17,439,26362,26801
1487,2020-10-18,172,19798,19970
1487,2020-10-19,1952,35142,37094
1487,2020-10-20,1828,34080,35908
1487,2020-10-23,1796,35313,37109
1487,2020-10-24,462,24182,24644
1487,2020-10-25,120,17041,17161
1487,2020-10-26,1797,32870,34667
1487,2020-10-27,1849,33804,35653
1487,2020-10-28,1833,33461,35294
1487,2020-10-29,1838,34145,35983
1487,2020-10-30,1828,34958,36786
1487,2020-10-31,441,23424,23865
1487,2020-11-01,111,14199,14310
1487,2020-11-02,1740,30734,32474
1487,2020-11-03,1891,32337,34228
1487,2020-11-04,1885,33155,35040
1487,2020-11-05,1938,33301,35239
1487,2020-11-06,1855,34008,35863
1487,2020-11-07,421,23409,23830
1487,2020-11-08,108,15897,16005
1487,2020-11-09,1963,33184,35147
1487,2020-11-12,1931,34359,36290
1487,2020-11-13,1836,35478,37314
1487,2020-11-14,426,24418,24844
1487,2020-11-16,1848,32918,34766
1487,2020-11-17,1987,34594,36581
1487,2020-11-18,1986,34509,36495
1487,2020-11-19,1970,34783,36753
1487,2020-11-20,1813,35620,37433
1487,2020-11-23,1809,33413,35222
1487,2020-11-24,2005,34774,36779
1487,2020-11-25,1951,32924,34875
1487,2020-11-26,2017,33781,35798
1487,2020-11-27,1908,35798,37706
1487,2020-11-28,532,22685,23217
1487,2020-11-29,181,14820,15001
1487,2020-11-30,1764,32997,34761
1487,2020-12-01,1888,33182,35070
1487,2020-12-02,2059,33917,35976
1487,2020-12-03,1959,33964,35923
1487,2020-12-04,1810,34367,36177
1487,2020-12-05,428,22343,22771
1487,2020-12-06,127,14915,15042
1487,2020-12-07,1922,32129,34051
1487,2020-12-08,1994,33136,35130
1487,2020-12-09,1989,33925,35914
1487,2020-12-10,1940,34284,36224
1487,2020-12-11,1805,33854,35659
1487,2020-12-12,434,22119,22553
1487,2020-12-13,80,14743,14823
1487,2020-12-14,1852,33682,35534
1487,2020-12-15,1940,34367,36307
1487,2020-12-16,1916,34490,36406
1487,2020-12-17,1860,34019,35879
1487,2020-12-18,1588,35266,36854
1487,2020-12-19,358,21904,22262
1487,2020-12-20,115,15037,15152
1487,2020-12-21,1287,27989,29276
1487,2020-12-22,1225,28114,29339
1487,2020-12-23,1037,27408,28445
1487,2020-12-24,549,21436,21985
1487,2020-12-25,47,12608,12655
1487,2020-12-26,71,12169,12240
1487,2020-12-27,75,11168,11243
1487,2020-12-28,735,19913,20648
1487,2020-12-29,756,20459,21215
1487,2020-12-30,718,21732,22450
1487,2020-12-31,451,17787,18238
5120,2020-01-01,60,3012,3072
5120,2020-01-02,294,4344,4638
5120,2020-01-03,312,4626,4938
5120,2020-01-04,240,4512,4752
5120,2020-01-05,55,3768,3823
5120,2020-01-06,316,5563,5879
5120,2020-01-07,336,5160,5496
5120,2020-01-09,330,5150,5480
5120,2020-01-10,344,5620,5964
5120,2020-01-11,233,5201,5434
5120,2020-01-12,52,4058,4110
5120,2020-01-13,358,5382,5740
5120,2020-01-14,364,5354,5718
5120,2020-01-15,356,5581,5937
5120,2020-01-16,339,5824,6163
5120,2020-01-17,364,5818,6182
5120,2020-01-18,239,5618,5857
5120,2020-01-19,53,4321,4374
5120,2020-01-20,337,5662,5999
5120,2020-01-21,354,5687,6041
5120,2020-01-23,393,5939,6332
5120,2020-01-24,333,6306,6639
5120,2020-01-25,231,5665,5896
5120,2020-01-26,51,4560,4611
5120,2020-01-27,356,5318,5674
5120,2020-01-28,338,5598,5936
5120,2020-01-29,378,5624,6002
5120,2020-01-30,364,5632,5996
5120,2020-01-31,353,6359,6712
5120,2020-02-01,236,5216,5452
5120,2020-02-02,56,5136,5192
5120,2020-02-03,350,5496,5846
5120,2020-02-04,370,5648,6018
5120,2020-02-05,359,5902,6261
5120,2020-02-06,333,5995,6328
5120,2020-02-07,399,6572,6971
5120,2020-02-08,233,5672,5905
5120,2020-02-09,54,4134,4188
5120,2020-02-10,344,5468,5812
5120,2020-02-11,370,6454,6824
5120,2020-02-12,372,5908,6280
5120,2020-02-13,352,5664,6016
5120,2020-02-14,374,6546,6920
5120,2020-02-15,241,5495,5736
5120,2020-02-16,52,4136,4188
5120,2020-02-17,328,5120,5448
5120,2020-02-18,351,5358,5709
5120,2020-02-20,366,5118,5484
5120,2020-02-21,406,6073,6479
5120,2020-02-22,279,5708,5987
5120,2020-02-23,66,3948,4014
5120,2020-02-24,342,5691,6033
5120,2020-02-25,364,5566,5930
5120,2020-02-27,330,5394,5724
5120,2020-02-28,366,6032,6398
5120,2020-02-29,240,5788,6028
5120,2020-03-01,52,4304,4356
5120,2020-03-02,338,5738,6076
5120,2020-03-03,357,5815,6172
5120,2020-03-04,373,5990,6363
5120,2020-03-05,370,5658,6028
5120,2020-03-06,392,5826,6218
5120,2020-03-07,237,5643,5880
5120,2020-03-08,52,4310,4362
5120,2020-03-09,376,5554,5930
5120,2020-03-10,380,5598,5978
5120,2020-03-12,368,5714,6082
5120,2020-03-13,380,6664,7044
5120,2020-03-14,248,5182,5430
5120,2020-03-15,61,3913,3974
5120,2020-03-16,318,4958,5276
5120,2020-03-17,327,4533,4860
5120,2020-03-18,315,4154,4469
5120,2020-03-19,304,3064,3368
5120,2020-03-20,285,3157,3442
5120,2020-03-21,217,2024,2241
5120,2020-03-22,2,1580,1582
5120,2020-03-23,207,2652,2859
5120,2020-03-24,207,2556,2763
5120,2020-03-25,201,2604,2805
5120,2020-03-26,209,2571,2780
5120,2020-03-27,206,2857,3063
5120,2020-03-28,166,2441,2607
5120,2020-03-30,205,2597,2802
5120,2020-03-31,202,2694,2896
5120,2020-04-02,221,2892,3113
5120,2020-04-03,210,2782,2992
5120,2020-04-04,162,2557,2719
5120,2020-04-05,6,1825,1831
5120,2020-04-06,206,2796,3002
5120,2020-04-07,211,2936,3147
5120,2020-04-09,219,3048,3267
5120,2020-04-10,208,3552,3760
5120,2020-04-11,178,3290,3468
5120,2020-04-12,3,2048,2051
5120,2020-04-13,0,1774,1774
5120,2020-04-14,225,3252,3477
5120,2020-04-16,221,3417,3638
5120,2020-04-17,214,3834,4048
5120,2020-04-18,190,3330,3520
5120,2020-04-19,7,2391,2398
5120,2020-04-20,223,3792,4015
5120,2020-04-21,235,3870,4105
5120,2020-04-23,233,3963,4196
5120,2020-04-24,235,4443,4678
5120,2020-04-25,177,4184,4361
5120,2020-04-26,10,2881,2891
5120,2020-04-27,267,4392,4659
5120,2020-04-28,280,4168,4448
5120,2020-04-30,252,4694,4946
5120,2020-05-01,0,2462,2462
5120,2020-05-02,194,4410,4604
5120,2020-05-03,11,2936,2947
5120,2020-05-04,279,4669,4948
5120,2020-05-05,276,5189,5465
5120,2020-05-07,275,5049,5324
5120,2020-05-08,285,5683,5968
5120,2020-05-09,17,3610,3627
5120,2020-05-10,8,3376,3384
5120,2020-05-11,329,5321,5650
5120,2020-05-12,352,5307,5659
5120,2020-05-14,357,5446,5803
5120,2020-05-15,351,5788,6139
5120,2020-05-16,227,5364,5591
5120,2020-05-17,56,4072,4128
5120,2020-05-18,361,6721,7082
5120,2020-05-19,401,7887,8288
5120,2020-05-21,51,5445,5496
5120,2020-05-22,375,8049,8424
5120,2020-05-23,226,4490,4716
5120,2020-05-24,51,5042,5093
5120,2020-05-25,376,7663,8039
5120,2020-05-26,366,8226,8592
5120,2020-05-28,384,8171,8555
5120,2020-05-29,398,8935,9333
5120,2020-05-30,260,7968,8228
5120,2020-05-31,55,5896,5951
5120,2020-06-01,64,5566,5630
5120,2020-06-02,361,8269,8630
5120,2020-06-04,370,5632,6002
5120,2020-06-05,340,5460,5800
5120,2020-06-06,244,5084,5328
5120,2020-06-07,59,5343,5402
5120,2020-06-08,378,5076,5454
5120,2020-06-09,374,7664,8038
5120,2020-06-11,371,8298,8669
5120,2020-06-12,386,6214,6600
5120,2020-06-13,236,5444,5680
5120,2020-06-14,62,5905,5967
5120,2020-06-15,389,7983,8372
5120,2020-06-16,369,7872,8241
5120,2020-06-18,398,8349,8747
5120,2020-06-19,417,8884,9301
5120,2020-06-20,250,5498,5748
5120,2020-06-21,52,5680,5732
5120,2020-06-22,354,8084,8438
5120,2020-06-23,63,5230,5293
5120,2020-06-25,442,8622,9064
5120,2020-06-26,452,6502,6954
5120,2020-06-27,228,5376,5604
5120,2020-06-28,67,5610,5677
5120,2020-06-29,354,5746,6100
5120,2020-06-30,416,10159,10575
5120,2020-07-02,338,4918,5256
5120,2020-07-03,436,11002,11438
5120,2020-07-04,271,9328,9599
5120,2020-07-05,59,6799,6858
5120,2020-07-06,332,4978,5310
5120,2020-07-07,405,10075,10480
5120,2020-07-09,412,10310,10722
5120,2020-07-10,434,10517,10951
5120,2020-07-11,289,9317,9606
5120,2020-07-12,64,7085,7149
5120,2020-07-13,471,9529,10000
5120,2020-07-14,332,4898,5230
5120,2020-07-16,334,5498,5832
5120,2020-07-17,410,9835,10245
5120,2020-07-18,254,8831,9085
5120,2020-07-19,73,6616,6689
5120,2020-07-20,388,9086,9474
5120,2020-07-21,368,9370,9738
5120,2020-07-23,380,9193,9573
5120,2020-07-24,416,9533,9949
5120,2020-07-25,279,8585,8864
5120,2020-07-26,60,6469,6529
5120,2020-07-27,376,9143,9519
5120,2020-07-28,414,9253,9667
5120,2020-07-30,349,7408,7757
5120,2020-07-31,305,6304,6609
5120,2020-08-01,234,4490,4724
5120,2020-08-02,69,4079,4148
5120,2020-08-03,312,4606,4918
5120,2020-08-04,303,5164,5467
5120,2020-08-06,293,5119,5412
5120,2020-08-07,295,5355,5650
5120,2020-08-08,227,4517,4744
5120,2020-08-09,42,3752,3794
5120,2020-08-10,306,4849,5155
5120,2020-08-11,307,4925,5232
5120,2020-08-13,295,4933,5228
5120,2020-08-14,305,5147,5452
5120,2020-08-15,57,3909,3966
5120,2020-08-16,48,4020,4068
5120,2020-08-17,326,4620,4946
5120,2020-08-18,322,4316,4638
5120,2020-08-20,332,4957,5289
5120,2020-08-21,328,5266,5594
5120,2020-08-22,231,4646,4877
5120,2020-08-23,48,4017,4065
5120,2020-08-24,324,5346,5670
5120,2020-08-25,255,6848,7103
5120,2020-08-26,211,6630,6841
5120,2020-08-27,198,6728,6926
5120,2020-08-28,78,2896,2974
5120,2020-08-29,26,2606,2632
5120,2020-08-30,4,2282,2286
5120,2020-08-31,80,3050,3130
5120,2020-09-01,318,9709,10027
5120,2020-09-03,369,9157,9526
5120,2020-09-04,427,9660,10087
5120,2020-09-05,270,8270,8540
5120,2020-09-06,76,6678,6754
5120,2020-09-07,418,9682,10100
5120,2020-09-08,411,10142,10553
5120,2020-09-10,407,10169,10576
5120,2020-09-11,445,10553,10998
5120,2020-09-12,263,9264,9527
5120,2020-09-13,82,7558,7640
5120,2020-09-14,436,10389,10825
5120,2020-09-15,449,10675,11124
5120,2020-09-16,356,5454,5810
5120,2020-09-17,435,10379,10814
5120,2020-09-18,530,11534,12064
5120,2020-09-19,278,8831,9109
5120,2020-09-20,79,6982,7061
5120,2020-09-21,485,10142,10627
5120,2020-09-22,527,9978,10505
5120,2020-09-24,388,5602,5990
5120,2020-09-25,390,5874,6264
5120,2020-09-26,258,5798,6056
5120,2020-09-27,46,4492,4538
5120,2020-09-28,394,5234,5628
5120,2020-09-29,364,6028,6392
5120,2020-09-30,435,10238,10673
5120,2020-10-01,360,5244,5604
5120,2020-10-02,461,10426,10887
5120,2020-10-03,232,5636,5868
5120,2020-10-04,44,4410,4454
5120,2020-10-05,356,5368,5724
5120,2020-10-06,356,5348,5704
5120,2020-10-08,425,9965,10390
5120,2020-10-09,366,5936,6302
5120,2020-10-10,277,9654,9931
5120,2020-10-11,71,7127,7198
5120,2020-10-12,392,5380,5772
5120,2020-10-13,461,10183,10644
5120,2020-10-14,419,10751,11170
5120,2020-10-15,437,10030,10467
5120,2020-10-16,446,10721,11167
5120,2020-10-17,268,10332,10600
5120,2020-10-18,70,7104,7174
5120,2020-10-19,434,9773,10207
5120,2020-10-20,419,9771,10190
5120,2020-10-21,336,6006,6342
5120,2020-10-22,346,6042,6388
5120,2020-10-23,374,6372,6746
5120,2020-10-24,333,8544,8877
5120,2020-10-25,42,4074,4116
5120,2020-10-26,392,5430,5822
5120,2020-10-27,426,9992,10418
5120,2020-10-28,402,6840,7242
5120,2020-10-29,384,7062,7446
5120,2020-10-30,413,11232,11645
5120,2020-10-31,254,6574,6828
5120,2020-11-01,44,4526,4570
5120,2020-11-02,346,6364,6710
5120,2020-11-03,402,6918,7320
5120,2020-11-05,474,10729,11203
5120,2020-11-06,488,10746,11234
5120,2020-11-07,258,8621,8879
5120,2020-11-08,70,6065,6135
5120,2020-11-09,431,9724,10155
5120,2020-11-10,422,9752,10174
5120,2020-11-11,371,9868,10239
5120,2020-11-12,431,10047,10478
5120,2020-11-13,416,11422,11838
5120,2020-11-14,227,9098,9325
5120,2020-11-15,48,4424,4472
5120,2020-11-16,350,5836,6186
5120,2020-11-17,426,9919,10345
5120,2020-11-18,400,10029,10429
5120,2020-11-19,348,5772,6120
5120,2020-11-20,482,11159,11641
5120,2020-11-21,254,11435,11689
5120,2020-11-22,75,6472,6547
5120,2020-11-23,425,9903,10328
5120,2020-11-24,447,9813,10260
5120,2020-11-26,442,10434,10876
5120,2020-11-27,461,10860,11321
5120,2020-11-28,218,9289,9507
5120,2020-11-29,58,6223,6281
5120,2020-11-30,350,5504,5854
5120,2020-12-01,332,5394,5726
5120,2020-12-02,371,8092,8463
5120,2020-12-03,430,8133,8563
5120,2020-12-04,356,6128,6484
5120,2020-12-05,206,7377,7583
5120,2020-12-06,59,5063,5122
5120,2020-12-07,427,7593,8020
5120,2020-12-08,414,7598,8012
5120,2020-12-10,423,7946,8369
5120,2020-12-11,391,8268,8659
5120,2020-12-12,188,5032,5220
5120,2020-12-13,46,4592,4638
5120,2020-12-14,382,7554,7936
5120,2020-12-15,378,5422,5800
5120,2020-12-16,397,7731,8128
5120,2020-12-17,366,5630,5996
5120,2020-12-18,348,7497,7845
5120,2020-12-19,186,5755,5941
5120,2020-12-20,46,3658,3704
5120,2020-12-21,312,5082,5394
5120,2020-12-22,316,5758,6074
5120,2020-12-23,294,5256,5550
5120,2020-12-24,278,5492,5770
5120,2020-12-25,36,2698,2734
5120,2020-12-26,34,2838,2872
5120,2020-12-27,42,2690,2732
5120,2020-12-28,312,4044,4356
5120,2020-12-29,322,4426,4748
5120,2020-12-30,308,4748,5056
5120,2020-12-31,296,4418,4714
17563,2020-01-01,3,4770,4773
17563,2020-01-02,65,14147,14212
17563,2020-01-03,86,15145,15231
17563,2020-01-04,42,11270,11312
17563,2020-01-05,7,7932,7939
17563,2020-01-06,127,17977,18104
17563,2020-01-07,141,18016,18157
17563,2020-01-08,129,17654,17783
17563,2020-01-09,141,17921,18062
17563,2020-01-10,161,19142,19303
17563,2020-01-11,54,12989,13043
17563,2020-01-12,18,7597,7615
17563,2020-01-13,192,16837,17029
17563,2020-01-14,140,18506,18646
17563,2020-01-15,142,18414,18556
17563,2020-01-16,182,18388,18570
17563,2020-01-17,163,19175,19338
17563,2020-01-18,46,13282,13328
17563,2020-01-19,14,7612,7626
17563,2020-01-20,167,18124,18291
17563,2020-01-21,176,18599,18775
17563,2020-01-22,197,18328,18525
17563,2020-01-23,157,18613,18770
17563,2020-01-24,153,18145,18298
17563,2020-01-25,47,13085,13132
17563,2020-01-26,10,7624,7634
17563,2020-01-27,143,17798,17941
17563,2020-01-28,164,18355,18519
17563,2020-01-29,165,18497,18662
17563,2020-01-30,204,19007,19211
17563,2020-01-31,174,19291,19465
17563,2020-02-01,54,13929,13983
17563,2020-02-02,8,8653,8661
17563,2020-02-03,125,18099,18224
17563,2020-02-04,163,18635,18798
17563,2020-02-05,212,19444,19656
17563,2020-02-06,196,18963,19159
17563,2020-02-07,159,19014,19173
17563,2020-02-08,46,13355,13401
17563,2020-02-09,18,7169,7187
17563,2020-02-10,164,18263,18427
17563,2020-02-11,172,19198,19370
17563,2020-02-12,165,18723,18888
17563,2020-02-13,186,18737,18923
17563,2020-02-14,175,19952,20127
17563,2020-02-15,43,13250,13293
17563,2020-02-16,7,7483,7490
17563,2020-02-17,132,17613,17745
17563,2020-02-18,154,17860,18014
17563,2020-02-19,159,17919,18078
17563,2020-02-20,163,18041,18204
17563,2020-02-21,180,18936,19116
17563,2020-02-22,51,13309,13360
17563,2020-02-23,13,7425,7438
17563,2020-02-24,161,17455,17616
17563,2020-02-25,159,18151,18310
17563,2020-02-26,170,17649,17819
17563,2020-02-27,126,17339,17465
17563,2020-02-28,157,18597,18754
17563,2020-02-29,52,13771,13823
17563,2020-03-01,11,7781,7792
17563,2020-03-02,162,18565,18727
17563,2020-03-03,170,18927,19097
17563,2020-03-04,172,18717,18889
17563,2020-03-05,178,18887,19065
17563,2020-03-06,200,19625,19825
17563,2020-03-07,54,13254,13308
17563,2020-03-08,10,7674,7684
17563,2020-03-09,146,18553,18699
17563,2020-03-10,179,18648,18827
17563,2020-03-11,171,18592,18763
17563,2020-03-12,160,19019,19179
17563,2020-03-13,163,19512,19675
17563,2020-03-14,65,11693,11758
17563,2020-03-15,8,6277,6285
17563,2020-03-16,107,12311,12418
17563,2020-03-17,99,9531,9630
17563,2020-03-18,109,8422,8531
17563,2020-03-19,101,7456,7557
17563,2020-03-20,82,6875,6957
17563,2020-03-21,22,2985,3007
17563,2020-03-22,NA,1683,NA
17563,2020-03-23,49,5492,5541
17563,2020-03-24,59,5288,5347
17563,2020-03-25,59,5274,5333
17563,2020-03-26,50,5285,5335
17563,2020-03-27,57,5737,5794
17563,2020-03-28,23,2980,3003
17563,2020-03-30,46,5755,5801
17563,2020-03-31,58,5791,5849
17563,2020-04-01,62,5857,5919
17563,2020-04-02,65,5918,5983
17563,2020-04-03,58,6348,6406
17563,2020-04-04,21,3545,3566
17563,2020-04-05,3,1866,1869
17563,2020-04-06,68,6328,6396
17563,2020-04-07,68,6314,6382
17563,2020-04-08,67,6224,6291
17563,2020-04-09,88,6488,6576
17563,2020-04-10,67,6488,6555
17563,2020-04-11,37,3593,3630
17563,2020-04-12,6,1915,1921
17563,2020-04-13,4,1893,1897
17563,2020-04-14,57,6998,7055
17563,2020-04-15,93,6803,6896
17563,2020-04-16,99,7202,7301
17563,2020-04-17,105,7473,7578
17563,2020-04-18,28,4185,4213
17563,2020-04-19,8,2293,2301
17563,2020-04-20,90,9015,9105
17563,2020-04-21,124,9149,9273
17563,2020-04-22,120,9420,9540
17563,2020-04-23,121,9555,9676
17563,2020-04-24,150,9879,10029
17563,2020-04-25,50,5528,5578
17563,2020-04-26,4,2839,2843
17563,2020-04-27,118,10920,11038
17563,2020-04-28,126,10866,10992
17563,2020-04-29,98,10923,11021
17563,2020-04-30,165,11465,11630
17563,2020-05-01,9,2912,2921
17563,2020-05-02,31,5958,5989
17563,2020-05-03,6,3128,3134
17563,2020-05-04,160,11961,12121
17563,2020-05-05,199,12381,12580
17563,2020-05-06,188,12312,12500
17563,2020-05-07,184,12562,12746
17563,2020-05-08,116,12707,12823
17563,2020-05-09,16,4405,4421
17563,2020-05-11,149,13644,13793
17563,2020-05-12,143,13935,14078
17563,2020-05-13,153,14108,14261
17563,2020-05-14,187,14721,14908
17563,2020-05-15,165,15516,15681
17563,2020-05-16,52,9993,10045
17563,2020-05-17,14,5112,5126
17563,2020-05-18,176,14965,15141
17563,2020-05-19,206,15297,15503
17563,2020-05-20,189,15628,15817
17563,2020-05-21,19,5689,5708
17563,2020-05-22,137,13395,13532
17563,2020-05-23,52,9871,9923
17563,2020-05-24,12,5491,5503
17563,2020-05-25,158,15517,15675
17563,2020-05-26,197,14377,14574
17563,2020-05-27,193,15181,15374
17563,2020-05-28,165,15755,15920
17563,2020-05-29,201,15848,16049
17563,2020-05-30,54,11023,11077
17563,2020-05-31,8,5936,5944
17563,2020-06-01,21,5517,5538
17563,2020-06-02,198,16154,16352
17563,2020-06-03,202,16042,16244
17563,2020-06-04,251,15932,16183
17563,2020-06-05,232,16693,16925
17563,2020-06-06,53,11071,11124
17563,2020-06-07,9,5988,5997
17563,2020-06-08,200,15847,16047
17563,2020-06-09,228,16638,16866
17563,2020-06-10,228,16353,16581
17563,2020-06-11,282,16760,17042
17563,2020-06-12,256,17049,17305
17563,2020-06-13,62,11938,12000
17563,2020-06-14,9,6497,6506
17563,2020-06-15,215,17814,18029
17563,2020-06-16,213,18510,18723
17563,2020-06-17,194,17066,17260
17563,2020-06-18,248,17404,17652
17563,2020-06-19,236,17967,18203
17563,2020-06-20,67,14213,14280
17563,2020-06-21,12,7498,7510
17563,2020-06-22,108,14391,14499
17563,2020-06-23,53,6717,6770
17563,2020-06-24,197,16819,17016
17563,2020-06-25,209,17095,17304
17563,2020-06-26,236,17521,17757
17563,2020-06-27,82,13486,13568
17563,2020-06-28,20,7939,7959
17563,2020-06-29,212,16797,17009
17563,2020-06-30,208,17306,17514
17563,2020-07-01,239,17785,18024
17563,2020-07-02,228,18019,18247
17563,2020-07-03,217,18530,18747
17563,2020-07-04,67,12917,12984
17563,2020-07-05,15,7168,7183
17563,2020-07-06,205,17044,17249
17563,2020-07-07,177,17625,17802
17563,2020-07-08,195,17674,17869
17563,2020-07-09,188,17996,18184
17563,2020-07-10,201,18188,18389
17563,2020-07-11,83,12991,13074
17563,2020-07-12,9,7315,7324
17563,2020-07-13,167,17012,17179
17563,2020-07-14,95,17660,17755
17563,2020-07-15,204,17764,17968
17563,2020-07-16,222,18118,18340
17563,2020-07-17,212,18092,18304
17563,2020-07-18,61,11450,11511
17563,2020-07-19,7,6995,7002
17563,2020-07-20,209,17359,17568
17563,2020-07-21,212,17625,17837
17563,2020-07-22,240,17486,17726
17563,2020-07-23,190,17625,17815
17563,2020-07-24,219,18375,18594
17563,2020-07-25,75,12295,12370
17563,2020-07-26,10,6948,6958
17563,2020-07-27,263,17350,17613
17563,2020-07-28,249,17580,17829
17563,2020-07-29,294,17877,18171
17563,2020-07-30,227,17938,18165
17563,2020-07-31,163,17070,17233
17563,2020-08-01,43,10875,10918
17563,2020-08-02,15,6602,6617
17563,2020-08-03,119,15407,15526
17563,2020-08-04,124,15305,15429
17563,2020-08-05,120,14992,15112
17563,2020-08-06,136,14999,15135
17563,2020-08-07,143,14874,15017
17563,2020-08-08,37,9964,10001
17563,2020-08-09,9,6233,6242
17563,2020-08-10,106,14007,14113
17563,2020-08-11,123,14495,14618
17563,2020-08-12,113,14418,14531
17563,2020-08-13,123,14638,14761
17563,2020-08-14,107,14956,15063
17563,2020-08-15,10,6649,6659
17563,2020-08-16,14,6448,6462
17563,2020-08-17,84,13363,13447
17563,2020-08-18,129,15036,15165
17563,2020-08-19,126,15170,15296
17563,2020-08-20,121,15241,15362
17563,2020-08-21,143,15529,15672
17563,2020-08-22,50,11133,11183
17563,2020-08-23,13,6903,6916
17563,2020-08-24,147,16595,16742
17563,2020-08-25,158,17236,17394
17563,2020-08-26,171,17279,17450
17563,2020-08-27,174,17852,18026
17563,2020-08-28,160,17545,17705
17563,2020-08-29,53,12081,12134
17563,2020-08-30,11,7654,7665
17563,2020-08-31,184,17778,17962
17563,2020-09-01,183,17749,17932
17563,2020-09-02,200,18054,18254
17563,2020-09-03,224,18663,18887
17563,2020-09-04,217,19070,19287
17563,2020-09-05,69,13129,13198
17563,2020-09-06,14,7587,7601
17563,2020-09-07,151,17818,17969
17563,2020-09-08,188,18358,18546
17563,2020-09-09,181,18276,18457
17563,2020-09-10,178,18640,18818
17563,2020-09-11,179,19047,19226
17563,2020-09-12,50,13448,13498
17563,2020-09-13,14,8096,8110
17563,2020-09-14,147,18180,18327
17563,2020-09-15,230,19373,19603
17563,2020-09-16,200,18641,18841
17563,2020-09-17,226,19111,19337
17563,2020-09-18,246,19504,19750
17563,2020-09-19,47,13551,13598
17563,2020-09-20,22,8031,8053
17563,2020-09-21,243,18052,18295
17563,2020-09-22,207,19373,19580
17563,2020-09-23,216,19404,19620
17563,2020-09-24,268,19804,20072
17563,2020-09-25,249,19634,19883
17563,2020-09-26,37,13148,13185
17563,2020-09-27,12,7595,7607
17563,2020-09-28,222,19199,19421
17563,2020-09-29,218,19607,19825
17563,2020-09-30,199,19604,19803
17563,2020-10-01,174,19701,19875
17563,2020-10-02,204,20277,20481
17563,2020-10-03,44,13877,13921
17563,2020-10-04,12,7732,7744
17563,2020-10-05,167,19282,19449
17563,2020-10-06,178,19361,19539
17563,2020-10-07,211,19518,19729
17563,2020-10-08,178,19976,20154
17563,2020-10-09,208,19958,20166
17563,2020-10-10,47,14382,14429
17563,2020-10-11,19,7899,7918
17563,2020-10-12,177,18594,18771
17563,2020-10-13,213,19950,20163
17563,2020-10-14,210,19128,19338
17563,2020-10-15,174,19153,19327
17563,2020-10-16,266,20510,20776
17563,2020-10-17,48,13919,13967
17563,2020-10-18,10,7574,7584
17563,2020-10-19,150,17292,17442
17563,2020-10-20,170,18812,18982
17563,2020-10-21,161,18218,18379
17563,2020-10-22,202,18505,18707
17563,2020-10-23,190,18917,19107
17563,2020-10-24,41,13032,13073
17563,2020-10-25,-46,20,-26
17563,2020-10-26,155,16201,16356
17563,2020-10-27,233,17999,18232
17563,2020-10-28,192,18167,18359
17563,2020-10-29,221,21829,22050
17563,2020-10-30,208,16631,16839
17563,2020-10-31,38,10027,10065
17563,2020-11-01,12,4373,4385
17563,2020-11-02,177,16454,16631
17563,2020-11-03,272,17202,17474
17563,2020-11-04,190,16614,16804
17563,2020-11-05,170,17296,17466
17563,2020-11-06,184,17361,17545
17563,2020-11-07,40,11276,11316
17563,2020-11-08,9,5481,5490
17563,2020-11-09,162,17301,17463
17563,2020-11-10,173,17945,18118
17563,2020-11-11,100,17391,17491
17563,2020-11-12,225,17927,18152
17563,2020-11-13,213,18028,18241
17563,2020-11-14,56,12023,12079
17563,2020-11-15,15,5759,5774
17563,2020-11-16,207,17962,18169
17563,2020-11-17,204,18302,18506
17563,2020-11-18,204,17895,18099
17563,2020-11-19,188,18414,18602
17563,2020-11-20,217,18865,19082
17563,2020-11-21,34,12850,12884
17563,2020-11-22,9,6185,6194
17563,2020-11-23,189,18215,18404
17563,2020-11-24,190,18282,18472
17563,2020-11-25,196,18225,18421
17563,2020-11-26,192,18234,18426
17563,2020-11-27,203,17747,17950
17563,2020-11-28,44,11867,11911
17563,2020-11-29,10,6990,7000
17563,2020-11-30,188,17838,18026
17563,2020-12-01,221,17809,18030
17563,2020-12-02,183,17797,17980
17563,2020-12-03,159,17867,18026
17563,2020-12-04,197,18487,18684
17563,2020-12-05,30,12217,12247
17563,2020-12-06,14,7128,7142
17563,2020-12-07,173,17755,17928
17563,2020-12-08,186,18125,18311
17563,2020-12-09,171,17800,17971
17563,2020-12-10,204,18275,18479
17563,2020-12-11,177,18234,18411
17563,2020-12-12,40,12011,12051
17563,2020-12-13,20,7131,7151
17563,2020-12-14,166,18336,18502
17563,2020-12-15,211,18609,18820
17563,2020-12-16,208,18876,19084
17563,2020-12-17,187,18507,18694
17563,2020-12-18,154,18686,18840
17563,2020-12-19,33,12171,12204
17563,2020-12-20,13,7607,7620
17563,2020-12-21,100,15903,16003
17563,2020-12-22,90,16162,16252
17563,2020-12-23,110,15886,15996
17563,2020-12-24,73,12315,12388
17563,2020-12-25,1,3929,3930
17563,2020-12-26,8,4638,4646
17563,2020-12-27,6,4612,4618
17563,2020-12-28,62,10949,11011
17563,2020-12-29,65,10789,10854
17563,2020-12-30,63,11400,11463
17563,2020-12-31,60,9763,9823
