"POSTE_ID","date","C","V","T"
2,2017-01-01,16,2494,2510
2,2017-01-03,304,6322,6626
2,2017-01-04,333,6076,6409
2,2017-01-05,357,6504,6861
2,2017-01-06,341,6895,7236
2,2017-01-07,94,4003,4097
2,2017-01-08,40,4966,5006
2,2017-01-09,425,7191,7616
2,2017-01-10,431,7307,7738
2,2017-01-11,498,7454,7952
2,2017-01-12,505,7761,8266
2,2017-01-13,359,5355,5714
2,2017-01-14,74,3595,3669
2,2017-01-15,33,4575,4608
2,2017-01-17,494,7562,8056
2,2017-01-18,555,7436,7991
2,2017-01-19,547,7703,8250
2,2017-01-20,480,8064,8544
2,2017-01-21,112,5445,5557
2,2017-01-22,38,6080,6118
2,2017-01-24,484,7423,7907
2,2017-01-25,527,7644,8171
2,2017-01-26,515,7987,8502
2,2017-01-27,473,8498,8971
2,2017-01-28,119,5728,5847
2,2017-01-29,41,6386,6427
2,2017-01-31,557,8005,8562
2,2017-02-01,568,7934,8502
2,2017-02-02,528,8273,8801
2,2017-02-03,508,8333,8841
2,2017-02-04,94,5568,5662
2,2017-02-05,55,6696,6751
2,2017-02-07,588,7675,8263
2,2017-02-08,545,7513,8058
2,2017-02-09,600,7855,8455
2,2017-02-10,583,8076,8659
2,2017-02-11,116,4842,4958
2,2017-02-12,43,5791,5834
2,2017-02-14,562,8048,8610
2,2017-02-15,650,7874,8524
2,2017-02-16,554,8128,8682
2,2017-02-17,576,8338,8914
2,2017-02-18,134,5621,5755
2,2017-02-19,72,6254,6326
2,2017-02-21,560,8128,8688
2,2017-02-22,550,7916,8466
2,2017-02-23,584,7428,8012
2,2017-02-24,552,7929,8481
2,2017-02-25,120,5262,5382
2,2017-02-26,57,4805,4862
2,2017-02-28,469,6402,6871
2,2017-03-01,592,7424,8016
2,2017-03-02,568,8052,8620
2,2017-03-03,539,8299,8838
2,2017-03-04,96,5598,5694
2,2017-03-05,64,6642,6706
2,2017-03-07,616,7918,8534
2,2017-03-08,608,7550,8158
2,2017-03-09,600,8014,8614
2,2017-03-10,564,8563,9127
2,2017-03-11,123,5794,5917
2,2017-03-12,37,6870,6907
2,2017-03-14,711,7982,8693
2,2017-03-15,632,7751,8383
2,2017-03-16,630,8233,8863
2,2017-03-17,601,8500,9101
2,2017-03-18,176,6005,6181
2,2017-03-19,61,6634,6695
2,2017-03-21,682,8092,8774
2,2017-03-22,689,7723,8412
2,2017-03-23,645,8225,8870
2,2017-03-24,620,8604,9224
2,2017-03-25,167,5960,6127
2,2017-03-28,656,8062,8718
2,2017-03-29,655,7814,8469
2,2017-03-30,684,8413,9097
2,2017-03-31,674,8970,9644
2,2017-04-01,138,6217,6355
2,2017-04-02,58,7418,7476
2,2017-04-04,639,8082,8721
2,2017-04-05,658,7919,8577
2,2017-04-06,700,8456,9156
2,2017-04-07,634,8803,9437
2,2017-04-08,155,6289,6444
2,2017-04-09,64,7441,7505
2,2017-04-11,633,8214,8847
2,2017-04-12,659,8089,8748
2,2017-04-13,636,8582,9218
2,2017-04-14,533,10188,10721
2,2017-04-15,148,6273,6421
2,2017-04-16,56,5383,5439
2,2017-04-18,636,8422,9058
2,2017-04-19,674,8166,8840
2,2017-04-20,676,8621,9297
2,2017-04-21,701,8989,9690
2,2017-04-22,205,6208,6413
2,2017-04-23,86,6820,6906
2,2017-04-25,655,8176,8831
2,2017-04-26,617,8177,8794
2,2017-04-27,683,8856,9539
2,2017-04-28,698,9886,10584
2,2017-04-29,209,7203,7412
2,2017-04-30,65,8385,8450
2,2017-05-02,640,8403,9043
2,2017-05-03,669,8069,8738
2,2017-05-04,745,8563,9308
2,2017-05-05,654,9231,9885
2,2017-05-06,206,6409,6615
2,2017-05-07,74,7182,7256
2,2017-05-09,684,8110,8794
2,2017-05-10,694,8139,8833
2,2017-05-11,679,8350,9029
2,2017-05-12,636,9031,9667
2,2017-05-13,191,6000,6191
2,2017-05-14,108,6584,6692
2,2017-05-16,706,8261,8967
2,2017-05-17,690,7974,8664
2,2017-05-18,684,8774,9458
2,2017-05-19,608,9434,10042
2,2017-05-20,176,6436,6612
2,2017-05-21,92,7406,7498
2,2017-05-23,679,8436,9115
2,2017-05-24,761,9440,10201
2,2017-05-25,210,8373,8583
2,2017-05-26,441,7902,8343
2,2017-05-27,233,7249,7482
2,2017-05-28,234,7132,7366
2,2017-05-30,786,8349,9135
2,2017-05-31,695,8396,9091
2,2017-06-01,726,9219,9945
2,2017-06-02,686,10914,11600
2,2017-06-03,219,7577,7796
2,2017-06-04,74,8340,8414
2,2017-06-06,704,8772,9476
2,2017-06-07,714,8240,8954
2,2017-06-08,783,8735,9518
2,2017-06-09,738,10512,11250
2,2017-06-10,177,6716,6893
2,2017-06-11,113,7987,8100
2,2017-07-06,980,8482,9462
2,2017-07-07,980,9253,10233
2,2017-07-08,397,6651,7048
2,2017-07-09,261,7451,7712
2,2017-07-10,853,8237,9090
2,2017-07-11,929,8255,9184
2,2017-07-12,905,8406,9311
2,2017-07-13,932,8475,9407
2,2017-07-14,921,9113,10034
2,2017-07-15,426,6978,7404
2,2017-07-16,313,8055,8368
2,2017-07-17,857,8356,9213
2,2017-07-18,853,8512,9365
2,2017-07-19,863,8024,8887
2,2017-07-20,880,9086,9966
2,2017-07-21,779,9933,10712
2,2017-07-22,459,6935,7394
2,2017-07-23,300,8348,8648
2,2017-07-24,805,8532,9337
2,2017-07-25,696,8346,9042
2,2017-07-26,783,8284,9067
2,2017-07-27,784,8602,9386
2,2017-07-28,782,9061,9843
2,2017-07-29,468,7303,7771
2,2017-07-30,307,8160,8467
2,2017-07-31,688,7584,8272
2,2017-08-01,614,7466,8080
2,2017-08-02,660,7181,7841
2,2017-08-03,709,7430,8139
2,2017-08-04,725,8768,9493
2,2017-08-05,431,7125,7556
2,2017-08-06,382,8472,8854
2,2017-08-07,696,7368,8064
2,2017-08-08,664,7238,7902
2,2017-08-09,699,7036,7735
2,2017-08-11,791,8058,8849
2,2017-08-12,411,6824,7235
2,2017-08-13,254,7657,7911
2,2017-08-14,592,6948,7540
2,2017-08-15,386,6482,6868
2,2017-08-16,755,7455,8210
2,2017-08-17,803,7458,8261
2,2017-08-18,754,8318,9072
2,2017-08-19,385,6258,6643
2,2017-08-20,286,7635,7921
2,2017-08-21,824,8043,8867
2,2017-08-22,906,8254,9160
2,2017-08-23,930,8387,9317
2,2017-08-24,1077,8848,9925
2,2017-08-25,854,9823,10677
2,2017-08-26,380,7057,7437
2,2017-08-27,216,7654,7870
2,2017-08-28,911,8462,9373
2,2017-08-29,919,8248,9167
2,2017-08-30,1022,8495,9517
2,2017-08-31,916,9024,9940
2,2017-09-01,949,9231,10180
2,2017-09-02,311,6585,6896
2,2017-09-03,220,7784,8004
2,2017-09-04,817,8276,9093
2,2017-09-05,930,8279,9209
2,2017-09-06,936,8185,9121
2,2017-09-07,1028,8439,9467
2,2017-09-08,956,9165,10121
2,2017-09-09,288,6246,6534
2,2017-09-10,161,7341,7502
2,2017-09-11,842,8138,8980
2,2017-09-12,910,8097,9007
2,2017-09-13,845,7959,8804
2,2017-09-14,899,8325,9224
2,2017-09-15,806,7500,8306
2,2017-09-16,17,680,697
2,2017-09-17,165,6412,6577
2,2017-09-18,894,7908,8802
2,2017-09-19,937,8094,9031
2,2017-09-20,1082,7985,9067
2,2017-09-21,1048,8417,9465
2,2017-09-22,1003,9010,10013
2,2017-09-23,361,6287,6648
2,2017-09-24,205,7439,7644
2,2017-09-25,997,7909,8906
2,2017-09-26,1021,8106,9127
2,2017-09-27,989,8306,9295
2,2017-09-28,1128,8793,9921
2,2017-09-29,981,9367,10348
2,2017-09-30,271,6714,6985
2,2017-10-01,172,7735,7907
2,2017-10-02,929,8209,9138
2,2017-10-03,985,9786,10771
2,2017-10-04,1033,8088,9121
2,2017-10-05,938,8300,9238
2,2017-10-06,957,9089,10046
2,2017-10-07,301,5939,6240
2,2017-10-08,143,7247,7390
2,2017-10-09,1013,7992,9005
2,2017-10-10,1024,8001,9025
2,2017-10-11,1093,7795,8888
2,2017-10-12,1013,8315,9328
2,2017-10-13,935,9251,10186
2,2017-10-14,294,6491,6785
2,2017-10-15,140,8107,8247
2,2017-10-16,923,8373,9296
2,2017-10-17,903,8276,9179
2,2017-10-18,904,8087,8991
2,2017-10-19,952,8541,9493
2,2017-10-20,905,9008,9913
2,2017-10-21,252,5914,6166
2,2017-10-22,112,7121,7233
2,2017-10-23,891,7924,8815
2,2017-10-24,854,8067,8921
2,2017-10-25,952,7865,8817
2,2017-10-26,968,8272,9240
2,2017-10-27,858,9216,10074
2,2017-10-28,251,6259,6510
2,2017-10-29,129,7422,7551
2,2017-10-30,836,8503,9339
2,2017-11-01,197,6530,6727
2,2017-11-02,804,8070,8874
2,2017-11-03,785,8442,9227
2,2017-11-04,241,5840,6081
2,2017-11-05,98,6925,7023
2,2017-11-06,842,7868,8710
2,2017-11-07,876,8000,8876
2,2017-11-08,818,7647,8465
2,2017-11-09,876,8259,9135
2,2017-11-10,816,8592,9408
2,2017-11-11,189,6089,6278
2,2017-11-12,86,6455,6541
2,2017-11-13,766,7886,8652
2,2017-11-14,847,7971,8818
2,2017-11-15,822,8054,8876
2,2017-11-16,851,8045,8896
2,2017-11-17,807,8564,9371
2,2017-11-18,212,5427,5639
2,2017-11-19,85,6557,6642
2,2017-11-20,770,7766,8536
2,2017-11-21,849,8006,8855
2,2017-11-22,813,7708,8521
2,2017-11-23,880,8072,8952
2,2017-11-24,758,8578,9336
2,2017-11-25,176,5767,5943
2,2017-11-26,92,6224,6316
2,2017-11-27,782,7753,8535
2,2017-11-28,853,7908,8761
2,2017-11-29,851,7710,8561
2,2017-11-30,794,8048,8842
2,2017-12-01,552,7699,8251
2,2017-12-02,199,6027,6226
2,2017-12-03,71,5814,5885
2,2017-12-04,802,7894,8696
2,2017-12-05,816,8172,8988
2,2017-12-06,828,7851,8679
2,2017-12-07,894,8250,9144
2,2017-12-08,823,8311,9134
2,2017-12-09,187,5699,5886
2,2017-12-10,62,3858,3920
2,2017-12-11,714,7939,8653
2,2017-12-12,815,7863,8678
2,2017-12-13,770,7707,8477
2,2017-12-19,696,8351,9047
2,2017-12-20,676,8339,9015
2,2017-12-21,670,8341,9011
2,2017-12-26,95,4927,5022
2,2017-12-27,296,6476,6772
2,2017-12-31,31,4479,4510
7,2017-01-01,23,4733,4756
7,2017-01-02,247,9720,9967
7,2017-01-03,263,11082,11345
7,2017-01-04,322,10931,11253
7,2017-01-05,284,11128,11412
7,2017-01-07,59,9626,9685
7,2017-01-08,24,7043,7067
7,2017-01-09,324,11634,11958
7,2017-01-10,341,11278,11619
7,2017-01-11,321,11787,12108
7,2017-01-12,362,12358,12720
7,2017-01-14,73,10341,10414
7,2017-01-15,46,8101,8147
7,2017-01-16,401,11226,11627
7,2017-01-17,378,12123,12501
7,2017-01-18,381,12119,12500
7,2017-01-19,435,12469,12904
7,2017-01-21,64,11809,11873
7,2017-01-22,29,8823,8852
7,2017-01-23,412,11632,12044
7,2017-01-24,366,11619,11985
7,2017-01-25,403,12090,12493
7,2017-01-26,372,12288,12660
7,2017-01-28,92,11568,11660
7,2017-01-29,39,8778,8817
7,2017-01-30,344,12104,12448
7,2017-01-31,383,12797,13180
7,2017-02-01,367,12536,12903
7,2017-02-02,372,12658,13030
7,2017-02-04,79,11702,11781
7,2017-02-05,43,9485,9528
7,2017-02-06,432,11820,12252
7,2017-02-07,405,11737,12142
7,2017-02-08,442,12449,12891
7,2017-02-09,459,12326,12785
7,2017-02-11,81,11204,11285
7,2017-02-12,41,9415,9456
7,2017-02-13,399,12178,12577
7,2017-02-14,405,12570,12975
7,2017-02-15,410,12670,13080
7,2017-02-16,433,12373,12806
7,2017-02-18,94,12023,12117
7,2017-02-19,47,9568,9615
7,2017-02-20,444,11959,12403
7,2017-02-21,425,12328,12753
7,2017-02-22,406,12700,13106
7,2017-02-23,378,11862,12240
7,2017-02-25,84,11238,11322
7,2017-02-26,40,8352,8392
7,2017-02-27,230,9120,9350
7,2017-02-28,305,12487,12792
7,2017-03-01,411,12852,13263
7,2017-03-02,480,13436,13916
7,2017-03-04,98,12404,12502
7,2017-03-05,33,9827,9860
7,2017-03-06,423,12356,12779
7,2017-03-07,416,13152,13568
7,2017-03-08,462,12516,12978
7,2017-03-09,422,13168,13590
7,2017-03-11,116,12992,13108
7,2017-03-12,65,10889,10954
7,2017-03-13,426,12465,12891
7,2017-03-14,478,12630,13108
7,2017-03-15,485,13325,13810
7,2017-03-16,433,13175,13608
7,2017-03-18,75,12344,12419
7,2017-03-19,43,9629,9672
7,2017-03-20,441,12284,12725
7,2017-03-21,468,12350,12818
7,2017-03-22,499,12395,12894
7,2017-03-23,486,12948,13434
7,2017-03-25,120,10188,10308
7,2017-03-27,446,12700,13146
7,2017-03-28,437,12831,13268
7,2017-03-29,440,13392,13832
7,2017-03-30,440,13871,14311
7,2017-04-01,110,13484,13594
7,2017-04-02,79,12034,12113
7,2017-04-03,433,13193,13626
7,2017-04-04,476,13505,13981
7,2017-04-05,443,13686,14129
7,2017-04-06,453,14017,14470
7,2017-04-08,99,13265,13364
7,2017-04-09,69,11418,11487
7,2017-04-10,453,13576,14029
7,2017-04-11,483,13570,14053
7,2017-04-12,494,14152,14646
7,2017-04-13,485,14400,14885
7,2017-04-14,178,12926,13104
7,2017-04-16,48,7633,7681
7,2017-04-17,42,8726,8768
7,2017-04-18,499,13070,13569
7,2017-04-19,458,13138,13596
7,2017-04-20,474,13795,14269
7,2017-04-21,469,13826,14295
7,2017-04-23,73,9835,9908
7,2017-04-24,499,12627,13126
7,2017-04-25,465,13171,13636
7,2017-04-26,503,13311,13814
7,2017-04-27,492,14097,14589
7,2017-04-28,496,15658,16154
7,2017-04-30,95,11448,11543
7,2017-05-01,54,9297,9351
7,2017-05-02,473,13508,13981
7,2017-05-03,488,13776,14264
7,2017-05-04,488,14284,14772
7,2017-05-05,443,14615,15058
7,2017-05-07,60,11891,11951
7,2017-05-08,460,12791,13251
7,2017-05-09,481,13632,14113
7,2017-05-10,508,13670,14178
7,2017-05-11,476,13793,14269
7,2017-05-12,474,14436,14910
7,2017-05-14,72,10672,10744
7,2017-05-15,413,12954,13367
7,2017-05-16,465,13128,13593
7,2017-05-17,460,13083,13543
7,2017-05-18,518,13810,14328
7,2017-05-19,472,14166,14638
7,2017-05-21,90,10712,10802
7,2017-05-22,453,12982,13435
7,2017-05-23,481,13954,14435
7,2017-05-24,470,14671,15141
7,2017-05-25,96,10445,10541
7,2017-05-26,349,14081,14430
7,2017-05-28,101,10130,10231
7,2017-05-31,480,14870,15350
7,2017-06-01,456,14778,15234
7,2017-06-02,514,15270,15784
7,2017-06-04,96,10968,11064
7,2017-06-05,75,11190,11265
7,2017-06-06,484,13654,14138
7,2017-06-07,476,14346,14822
7,2017-06-08,456,14040,14496
7,2017-06-09,422,14462,14884
7,2017-06-11,89,10035,10124
7,2017-06-12,453,13375,13828
7,2017-06-13,476,13855,14331
7,2017-06-14,577,14591,15168
7,2017-06-15,211,13941,14152
7,2017-06-16,417,15020,15437
7,2017-06-18,107,10499,10606
7,2017-06-19,598,12917,13515
7,2017-06-20,521,13106,13627
7,2017-06-21,515,13229,13744
7,2017-06-22,487,13325,13812
7,2017-06-23,203,12347,12550
7,2017-06-25,64,10101,10165
7,2017-06-26,508,13309,13817
7,2017-06-27,566,13478,14044
7,2017-06-28,546,14016,14562
7,2017-06-29,546,14696,15242
7,2017-06-30,483,14937,15420
7,2017-07-02,56,11300,11356
7,2017-07-03,505,13447,13952
7,2017-07-04,570,14741,15311
7,2017-07-05,870,15578,16448
7,2017-07-06,546,13858,14404
7,2017-07-07,514,14028,14542
7,2017-07-09,73,10142,10215
7,2017-07-10,493,12260,12753
7,2017-07-11,576,13618,14194
7,2017-07-12,522,13660,14182
7,2017-07-13,493,13695,14188
7,2017-07-14,524,14274,14798
7,2017-07-16,77,9376,9453
7,2017-07-17,426,12005,12431
7,2017-07-18,489,12852,13341
7,2017-07-19,475,12769,13244
7,2017-07-20,500,13542,14042
7,2017-07-21,500,13825,14325
7,2017-07-22,146,12892,13038
7,2017-07-23,91,10391,10482
7,2017-07-24,532,12462,12994
7,2017-07-25,508,12854,13362
7,2017-07-26,413,12509,12922
7,2017-07-27,458,13262,13720
7,2017-07-28,424,13909,14333
7,2017-07-29,116,12414,12530
7,2017-07-30,75,10373,10448
7,2017-07-31,438,13070,13508
7,2017-08-01,500,13588,14088
7,2017-08-02,379,13288,13667
7,2017-08-03,424,13477,13901
7,2017-08-04,437,13798,14235
7,2017-08-05,120,11935,12055
7,2017-08-06,100,11204,11304
7,2017-08-07,443,12556,12999
7,2017-08-08,427,12850,13277
7,2017-08-09,441,12850,13291
7,2017-08-10,460,13484,13944
7,2017-08-11,381,13038,13419
7,2017-08-12,119,11321,11440
7,2017-08-13,89,10978,11067
7,2017-08-14,360,12217,12577
7,2017-08-15,152,10593,10745
7,2017-08-16,431,13170,13601
7,2017-08-18,412,13544,13956
7,2017-08-19,98,11905,12003
7,2017-08-20,77,10258,10335
7,2017-08-21,413,12782,13195
7,2017-08-22,448,12978,13426
7,2017-08-23,435,13197,13632
7,2017-08-25,490,13892,14382
7,2017-08-26,144,12142,12286
7,2017-08-27,115,10601,10716
7,2017-08-28,527,13492,14019
7,2017-08-29,548,14282,14830
7,2017-08-30,554,14593,15147
7,2017-09-01,600,14942,15542
7,2017-09-02,140,12744,12884
7,2017-09-03,135,11397,11532
7,2017-09-04,606,15002,15608
7,2017-09-05,444,13530,13974
7,2017-09-06,599,15921,16520
7,2017-09-08,570,16363,16933
7,2017-09-09,182,15940,16122
7,2017-09-10,124,11933,12057
7,2017-09-11,448,16292,16740
7,2017-09-12,590,17952,18542
7,2017-09-13,552,17706,18258
7,2017-09-15,480,16114,16594
7,2017-09-16,140,16504,16644
7,2017-09-17,76,11872,11948
7,2017-09-18,478,14632,15110
7,2017-09-19,568,15056,15624
7,2017-09-20,562,15261,15823
7,2017-09-22,522,16079,16601
7,2017-09-23,135,14548,14683
7,2017-09-24,90,12327,12417
7,2017-09-25,531,13337,13868
7,2017-09-26,488,14039,14527
7,2017-09-27,554,13551,14105
7,2017-09-28,521,14035,14556
7,2017-09-29,453,14139,14592
7,2017-09-30,124,12652,12776
7,2017-10-01,67,10530,10597
7,2017-10-02,422,11475,11897
7,2017-10-03,282,13692,13974
7,2017-10-04,507,11096,11603
7,2017-10-06,513,11435,11948
7,2017-10-07,110,10964,11074
7,2017-10-08,57,9755,9812
7,2017-10-09,486,11199,11685
7,2017-10-10,459,11578,12037
7,2017-10-11,489,11696,12185
7,2017-10-12,518,11754,12272
7,2017-10-13,462,12172,12634
7,2017-10-14,116,11458,11574
7,2017-10-15,74,10221,10295
7,2017-10-16,456,10630,11086
7,2017-10-17,465,10582,11047
7,2017-10-18,506,10739,11245
7,2017-10-20,503,11244,11747
7,2017-10-21,116,10241,10357
7,2017-10-22,40,9292,9332
7,2017-10-23,373,8939,9312
7,2017-10-24,393,9234,9627
7,2017-10-25,409,8696,9105
7,2017-10-26,430,10317,10747
7,2017-10-27,455,11320,11775
7,2017-10-28,81,10767,10848
7,2017-10-29,42,9040,9082
7,2017-10-30,433,11730,12163
7,2017-10-31,173,11691,11864
7,2017-11-01,54,7987,8041
7,2017-11-04,54,9596,9650
7,2017-11-05,36,8136,8172
7,2017-11-06,492,9951,10443
7,2017-11-07,481,10602,11083
7,2017-11-08,542,10870,11412
7,2017-11-09,503,10801,11304
7,2017-11-10,443,10735,11178
7,2017-11-11,78,10047,10125
7,2017-11-12,18,8054,8072
7,2017-11-13,454,10257,10711
7,2017-11-14,493,10755,11248
7,2017-11-15,489,10757,11246
7,2017-11-16,493,11255,11748
7,2017-11-17,454,11449,11903
7,2017-11-18,92,9708,9800
7,2017-11-19,52,8668,8720
7,2017-11-20,459,10139,10598
7,2017-11-21,519,10774,11293
7,2017-11-22,499,11170,11669
7,2017-11-23,494,11296,11790
7,2017-11-25,119,9694,9813
7,2017-11-26,51,8571,8622
7,2017-11-27,431,10361,10792
7,2017-11-28,469,11085,11554
7,2017-11-29,463,11247,11710
7,2017-11-30,487,11666,12153
7,2017-12-01,419,11634,12053
7,2017-12-02,107,10475,10582
7,2017-12-03,40,8260,8300
7,2017-12-04,429,10725,11154
7,2017-12-05,514,11232,11746
7,2017-12-06,444,11698,12142
7,2017-12-07,429,11446,11875
7,2017-12-16,84,10552,10636
7,2017-12-17,35,8889,8924
7,2017-12-18,327,10932,11259
7,2017-12-19,370,11669,12039
7,2017-12-20,343,11875,12218
7,2017-12-21,307,12301,12608
7,2017-12-22,307,12511,12818
7,2017-12-23,86,9977,10063
7,2017-12-24,29,5600,5629
7,2017-12-25,10,4549,4559
7,2017-12-26,10,5846,5856
7,2017-12-27,212,10136,10348
7,2017-12-28,216,11068,11284
7,2017-12-29,264,11552,11816
7,2017-12-30,52,10544,10596
7,2017-12-31,26,6906,6932
10,2017-01-01,10,4880,4890
10,2017-01-03,203,9911,10114
10,2017-01-04,227,9575,9802
10,2017-01-05,195,9747,9942
10,2017-01-06,221,10630,10851
10,2017-01-07,44,8025,8069
10,2017-01-08,22,6136,6158
10,2017-01-10,268,10396,10664
10,2017-01-11,276,10910,11186
10,2017-01-12,254,11162,11416
10,2017-01-13,262,11331,11593
10,2017-01-14,90,9138,9228
10,2017-01-15,24,7912,7936
10,2017-01-17,366,11320,11686
10,2017-01-18,360,11280,11640
10,2017-01-19,330,11491,11821
10,2017-01-20,325,11946,12271
10,2017-01-21,82,9883,9965
10,2017-01-22,31,8197,8228
10,2017-01-24,284,11092,11376
10,2017-01-25,306,11371,11677
10,2017-01-26,350,11545,11895
10,2017-01-27,299,12088,12387
10,2017-01-28,78,9682,9760
10,2017-01-29,26,7701,7727
10,2017-01-31,342,11927,12269
10,2017-02-01,382,11813,12195
10,2017-02-02,359,11990,12349
10,2017-02-03,397,12262,12659
10,2017-02-04,75,9789,9864
10,2017-02-05,20,8021,8041
10,2017-02-07,362,11499,11861
10,2017-02-08,428,11433,11861
10,2017-02-09,372,11750,12122
10,2017-02-10,428,12185,12613
10,2017-02-11,102,9605,9707
10,2017-02-12,23,8175,8198
10,2017-02-14,446,12339,12785
10,2017-02-15,421,11859,12280
10,2017-02-16,418,11640,12058
10,2017-02-17,389,12369,12758
10,2017-02-18,103,10169,10272
10,2017-02-19,19,8527,8546
10,2017-02-21,397,11156,11553
10,2017-02-22,342,11467,11809
10,2017-02-23,355,11233,11588
10,2017-02-24,432,12034,12466
10,2017-02-25,103,9883,9986
10,2017-02-26,33,8409,8442
10,2017-02-28,304,11036,11340
10,2017-03-01,406,11582,11988
10,2017-03-02,439,12068,12507
10,2017-03-03,385,12534,12919
10,2017-03-04,137,10394,10531
10,2017-03-05,30,8038,8068
10,2017-03-07,388,11741,12129
10,2017-03-08,322,11612,11934
10,2017-03-09,382,12128,12510
10,2017-03-10,426,12962,13388
10,2017-03-11,100,10806,10906
10,2017-03-12,37,9756,9793
10,2017-03-14,436,11760,12196
10,2017-03-15,441,11957,12398
10,2017-03-16,410,12434,12844
10,2017-03-17,444,12343,12787
10,2017-03-18,101,9822,9923
10,2017-03-19,24,8059,8083
10,2017-03-21,422,11622,12044
10,2017-03-22,423,11618,12041
10,2017-03-23,396,11996,12392
10,2017-03-24,420,12357,12777
10,2017-03-25,99,10969,11068
10,2017-03-28,522,10940,11462
10,2017-03-29,662,11347,12009
10,2017-03-30,667,11735,12402
10,2017-03-31,605,12499,13104
10,2017-04-01,225,10853,11078
10,2017-04-02,138,10012,10150
10,2017-04-04,517,11279,11796
10,2017-04-05,554,11559,12113
10,2017-04-06,430,12088,12518
10,2017-04-07,473,12566,13039
10,2017-04-08,102,11404,11506
10,2017-04-09,38,10314,10352
10,2017-04-11,437,11870,12307
10,2017-04-12,409,12052,12461
10,2017-04-13,488,12309,12797
10,2017-04-14,135,12565,12700
10,2017-04-15,91,10124,10215
10,2017-04-16,18,7510,7528
10,2017-04-18,447,11312,11759
10,2017-04-19,435,11371,11806
10,2017-04-20,464,11585,12049
10,2017-04-21,413,11950,12363
10,2017-04-22,123,10093,10216
10,2017-04-23,50,9409,9459
10,2017-04-25,390,11233,11623
10,2017-04-26,425,11033,11458
10,2017-04-27,455,11481,11936
10,2017-04-28,470,12864,13334
10,2017-04-29,133,11296,11429
10,2017-04-30,35,10465,10500
10,2017-05-02,355,11048,11403
10,2017-05-03,442,11114,11556
10,2017-05-04,452,11876,12328
10,2017-05-05,447,12369,12816
10,2017-05-06,129,10681,10810
10,2017-05-07,28,8575,8603
10,2017-05-09,464,11697,12161
10,2017-05-10,448,12270,12718
10,2017-05-11,455,12099,12554
10,2017-05-12,395,12379,12774
10,2017-05-13,124,10950,11074
10,2017-05-14,30,9954,9984
10,2017-05-16,448,12227,12675
10,2017-05-17,467,12562,13029
10,2017-05-18,431,12174,12605
10,2017-05-19,384,12108,12492
10,2017-05-20,134,10793,10927
10,2017-05-21,59,9995,10054
10,2017-05-23,434,12340,12774
10,2017-05-24,417,12891,13308
10,2017-05-25,70,10226,10296
10,2017-05-26,290,12633,12923
10,2017-05-27,120,11127,11247
10,2017-05-28,44,9794,9838
10,2017-05-30,414,12359,12773
10,2017-05-31,419,12897,13316
10,2017-06-01,406,13111,13517
10,2017-06-02,422,13265,13687
10,2017-06-03,106,11347,11453
10,2017-06-04,32,10040,10072
10,2017-06-06,416,11766,12182
10,2017-06-07,450,12326,12776
10,2017-06-08,443,12709,13152
10,2017-06-09,358,12130,12488
10,2017-06-10,121,11206,11327
10,2017-06-11,40,10306,10346
10,2017-06-13,482,12550,13032
10,2017-06-14,475,13001,13476
10,2017-06-15,156,14088,14244
10,2017-06-16,483,13805,14288
10,2017-06-17,130,11671,11801
10,2017-06-18,79,13529,13608
10,2017-06-20,406,12175,12581
10,2017-06-21,428,12704,13132
10,2017-06-22,423,12618,13041
10,2017-06-23,215,10078,10293
10,2017-06-24,131,10955,11086
10,2017-06-25,36,9480,9516
10,2017-06-27,434,12734,13168
10,2017-06-28,436,12292,12728
10,2017-06-29,370,12732,13102
10,2017-06-30,434,13654,14088
10,2017-07-01,104,12217,12321
10,2017-07-02,66,11308,11374
10,2017-07-04,373,13543,13916
10,2017-07-05,468,12908,13376
10,2017-07-06,524,13052,13576
10,2017-07-07,524,13482,14006
10,2017-07-08,162,11395,11557
10,2017-07-09,84,10095,10179
10,2017-07-11,532,11952,12484
10,2017-07-12,556,12444,13000
10,2017-07-13,508,13116,13624
10,2017-07-14,526,13021,13547
10,2017-07-15,143,11366,11509
10,2017-07-16,57,10402,10459
10,2017-07-18,510,12420,12930
10,2017-07-19,563,12329,12892
10,2017-07-20,538,12424,12962
10,2017-07-21,565,12886,13451
10,2017-07-22,166,11704,11870
10,2017-07-23,69,10308,10377
10,2017-07-24,474,11484,11958
10,2017-07-25,544,11814,12358
10,2017-07-26,512,12368,12880
10,2017-07-27,452,11967,12419
10,2017-07-28,384,12606,12990
10,2017-07-29,109,11139,11248
10,2017-07-30,86,9993,10079
10,2017-07-31,374,12366,12740
10,2017-08-01,324,11446,11770
10,2017-08-02,332,12165,12497
10,2017-08-03,347,12058,12405
10,2017-08-04,319,12427,12746
10,2017-08-05,126,10683,10809
10,2017-08-06,56,10931,10987
10,2017-08-07,345,11774,12119
10,2017-08-08,299,11265,11564
10,2017-08-09,298,11994,12292
10,2017-08-10,320,11708,12028
10,2017-08-11,299,11784,12083
10,2017-08-12,77,10013,10090
10,2017-08-13,45,10201,10246
10,2017-08-14,268,11899,12167
10,2017-08-15,58,9314,9372
10,2017-08-16,332,12107,12439
10,2017-08-18,288,11988,12276
10,2017-08-19,108,10187,10295
10,2017-08-20,40,9876,9916
10,2017-08-21,364,11826,12190
10,2017-08-22,408,12207,12615
10,2017-08-23,415,12497,12912
10,2017-08-25,466,12716,13182
10,2017-08-26,91,10913,11004
10,2017-08-27,57,10282,10339
10,2017-08-28,439,12122,12561
10,2017-08-29,474,12819,13293
10,2017-08-30,516,12742,13258
10,2017-09-01,545,13410,13955
10,2017-09-02,134,10658,10792
10,2017-09-03,72,10302,10374
10,2017-09-04,473,11918,12391
10,2017-09-05,543,12373,12916
10,2017-09-06,528,12330,12858
10,2017-09-08,473,12722,13195
10,2017-09-09,128,10102,10230
10,2017-09-10,67,9772,9839
10,2017-09-11,466,11860,12326
10,2017-09-12,604,11954,12558
10,2017-09-13,422,11905,12327
10,2017-09-15,433,13273,13706
10,2017-09-16,136,11024,11160
10,2017-09-17,43,9772,9815
10,2017-09-18,383,11882,12265
10,2017-09-19,394,12200,12594
10,2017-09-20,420,12125,12545
10,2017-09-22,490,13137,13627
10,2017-09-23,131,11413,11544
10,2017-09-24,94,11832,11926
10,2017-09-25,422,12255,12677
10,2017-09-26,373,12259,12632
10,2017-09-27,429,12650,13079
10,2017-09-28,365,12846,13211
10,2017-09-29,386,13773,14159
10,2017-09-30,136,11532,11668
10,2017-10-01,60,11675,11735
10,2017-10-02,424,12079,12503
10,2017-10-03,126,13904,14030
10,2017-10-04,445,12261,12706
10,2017-10-06,417,12781,13198
10,2017-10-07,147,11126,11273
10,2017-10-08,44,9436,9480
10,2017-10-09,413,11624,12037
10,2017-10-10,406,12034,12440
10,2017-10-11,477,12601,13078
10,2017-10-12,459,13436,13895
10,2017-10-13,479,14245,14724
10,2017-10-14,162,11910,12072
10,2017-10-15,58,11125,11183
10,2017-10-16,432,12571,13003
10,2017-10-17,434,12606,13040
10,2017-10-18,478,12683,13161
10,2017-10-20,743,13903,14646
10,2017-10-21,434,11977,12411
10,2017-10-22,12,8146,8158
10,2017-10-23,428,11638,12066
10,2017-10-24,400,11896,12296
10,2017-10-25,437,11966,12403
10,2017-10-26,428,12218,12646
10,2017-10-27,430,13181,13611
10,2017-10-28,85,10669,10754
10,2017-10-29,37,8632,8669
10,2017-10-30,447,12436,12883
10,2017-10-31,139,13561,13700
10,2017-11-01,64,8579,8643
10,2017-11-03,451,12418,12869
10,2017-11-04,83,10505,10588
10,2017-11-05,26,7989,8015
10,2017-11-06,424,11434,11858
10,2017-11-07,396,11651,12047
10,2017-11-08,456,11836,12292
10,2017-11-09,513,12288,12801
10,2017-11-10,448,12290,12738
10,2017-11-11,93,10147,10240
10,2017-11-12,10,7184,7194
10,2017-11-13,427,11352,11779
10,2017-11-14,392,11589,11981
10,2017-11-15,421,11672,12093
10,2017-11-16,419,11858,12277
10,2017-11-17,420,12261,12681
10,2017-11-18,65,10178,10243
10,2017-11-19,29,8310,8339
10,2017-11-20,403,11000,11403
10,2017-11-21,418,11604,12022
10,2017-11-22,434,12056,12490
10,2017-11-24,422,12451,12873
10,2017-11-25,94,10068,10162
10,2017-11-26,37,8176,8213
10,2017-11-27,292,11052,11344
10,2017-11-28,324,12180,12504
10,2017-11-29,469,12053,12522
10,2017-11-30,430,12295,12725
10,2017-12-01,391,12275,12666
10,2017-12-02,111,10641,10752
10,2017-12-03,28,7717,7745
10,2017-12-04,392,11380,11772
10,2017-12-05,344,11910,12254
10,2017-12-06,423,11846,12269
10,2017-12-08,416,11912,12328
10,2017-12-09,94,9741,9835
10,2017-12-10,68,5620,5688
10,2017-12-11,398,11358,11756
10,2017-12-12,389,12167,12556
10,2017-12-13,280,9870,10150
10,2017-12-14,290,12196,12486
10,2017-12-15,324,12562,12886
10,2017-12-16,78,10216,10294
10,2017-12-17,23,7944,7967
10,2017-12-18,152,8568,8720
10,2017-12-19,308,11795,12103
10,2017-12-20,251,11935,12186
10,2017-12-21,270,11974,12244
10,2017-12-22,231,12089,12320
10,2017-12-23,61,9815,9876
10,2017-12-24,15,6159,6174
10,2017-12-25,8,4930,4938
10,2017-12-26,36,5976,6012
10,2017-12-27,134,9534,9668
10,2017-12-28,180,10236,10416
10,2017-12-29,86,6950,7036
10,2017-12-30,58,9410,9468
10,2017-12-31,26,6890,6916
11,2017-01-01,27,1261,1288
11,2017-01-02,84,3205,3289
11,2017-01-03,152,3743,3895
11,2017-01-04,118,3994,4112
11,2017-01-06,157,4074,4231
11,2017-01-07,52,2076,2128
11,2017-01-08,13,1611,1624
11,2017-01-09,185,4638,4823
11,2017-01-10,161,4777,4938
11,2017-01-11,165,4855,5020
11,2017-01-12,164,4888,5052
11,2017-01-14,59,2475,2534
11,2017-01-15,48,1987,2035
11,2017-01-16,303,4626,4929
11,2017-01-17,307,4846,5153
11,2017-01-18,298,4891,5189
11,2017-01-19,308,4998,5306
11,2017-01-21,82,2779,2861
11,2017-01-22,67,2161,2228
11,2017-01-23,267,4801,5068
11,2017-01-24,284,4877,5161
11,2017-01-25,299,4765,5064
11,2017-01-26,289,4861,5150
11,2017-01-28,90,2749,2839
11,2017-01-29,28,2034,2062
11,2017-01-30,104,4878,4982
11,2017-01-31,265,5109,5374
11,2017-02-01,288,5010,5298
11,2017-02-02,267,5138,5405
11,2017-02-04,40,2726,2766
11,2017-02-05,31,2167,2198
11,2017-02-06,243,5143,5386
11,2017-02-07,231,5215,5446
11,2017-02-08,285,5385,5670
11,2017-02-09,284,5341,5625
11,2017-02-11,57,3182,3239
11,2017-02-12,42,2520,2562
11,2017-02-13,332,5387,5719
11,2017-02-14,370,5610,5980
11,2017-02-15,345,5534,5879
11,2017-02-16,218,5442,5660
11,2017-02-18,106,3407,3513
11,2017-02-19,73,2636,2709
11,2017-02-20,248,5066,5314
11,2017-02-21,226,5259,5485
11,2017-02-22,215,5286,5501
11,2017-02-23,308,5039,5347
11,2017-02-25,97,3138,3235
11,2017-02-26,66,2708,2774
11,2017-02-27,190,4080,4270
11,2017-02-28,202,4784,4986
11,2017-03-01,152,5504,5656
11,2017-03-02,357,5356,5713
11,2017-03-04,124,3530,3654
11,2017-03-05,32,2636,2668
11,2017-03-06,248,5220,5468
11,2017-03-07,279,5313,5592
11,2017-03-08,112,5448,5560
11,2017-03-09,184,5594,5778
11,2017-03-11,101,3654,3755
11,2017-03-12,97,3346,3443
11,2017-03-13,313,5396,5709
11,2017-03-14,383,5506,5889
11,2017-03-15,335,5532,5867
11,2017-03-16,321,5786,6107
11,2017-03-18,79,3476,3555
11,2017-03-19,55,2809,2864
11,2017-03-20,318,5254,5572
11,2017-03-21,248,5634,5882
11,2017-03-22,344,5337,5681
11,2017-03-23,339,5744,6083
11,2017-03-25,136,3841,3977
11,2017-03-27,324,5586,5910
11,2017-03-28,332,5818,6150
11,2017-03-29,344,5754,6098
11,2017-03-30,366,5747,6113
11,2017-04-01,104,3583,3687
11,2017-04-02,79,3236,3315
11,2017-04-03,304,5292,5596
11,2017-04-04,336,5457,5793
11,2017-04-05,328,5437,5765
11,2017-04-06,345,5461,5806
11,2017-04-08,113,3574,3687
11,2017-04-09,73,3787,3860
11,2017-04-10,254,5111,5365
11,2017-04-11,336,6156,6492
11,2017-04-12,357,6208,6565
11,2017-04-13,363,6028,6391
11,2017-04-15,103,3221,3324
11,2017-04-16,41,2335,2376
11,2017-04-17,57,2276,2333
11,2017-04-18,247,4771,5018
11,2017-04-19,231,4849,5080
11,2017-04-20,257,4907,5164
11,2017-04-22,113,3291,3404
11,2017-04-23,66,2844,2910
11,2017-04-24,296,5255,5551
11,2017-04-25,308,5189,5497
11,2017-04-26,304,5312,5616
11,2017-04-27,335,5363,5698
11,2017-04-29,106,3545,3651
11,2017-04-30,88,3616,3704
11,2017-05-01,60,2571,2631
11,2017-05-02,287,5465,5752
11,2017-05-03,246,5624,5870
11,2017-05-04,279,5418,5697
11,2017-05-06,94,3330,3424
11,2017-05-07,45,2448,2493
11,2017-05-08,283,4938,5221
11,2017-05-09,318,5327,5645
11,2017-05-10,317,5527,5844
11,2017-05-11,285,5356,5641
11,2017-05-13,118,3360,3478
11,2017-05-14,51,2851,2902
11,2017-05-15,266,5354,5620
11,2017-05-16,300,5840,6140
11,2017-05-17,298,5784,6082
11,2017-05-18,224,5312,5536
11,2017-05-20,95,3298,3393
11,2017-05-21,49,3084,3133
11,2017-05-22,260,5315,5575
11,2017-05-23,250,5660,5910
11,2017-05-24,281,5573,5854
11,2017-05-25,64,3377,3441
11,2017-05-27,61,3217,3278
11,2017-05-28,62,2940,3002
11,2017-05-29,222,5358,5580
11,2017-05-30,305,5366,5671
11,2017-05-31,292,5494,5786
11,2017-06-01,256,5596,5852
11,2017-06-03,60,3162,3222
11,2017-06-04,58,2798,2856
11,2017-06-05,54,2914,2968
11,2017-06-06,158,5230,5388
11,2017-06-07,314,5281,5595
11,2017-06-08,293,5321,5614
11,2017-06-10,77,3243,3320
11,2017-06-11,55,3083,3138
11,2017-06-12,284,5056,5340
11,2017-06-13,253,5288,5541
11,2017-06-14,282,5165,5447
11,2017-06-15,231,5096,5327
11,2017-06-17,112,3389,3501
11,2017-06-18,70,3332,3402
11,2017-06-19,291,5064,5355
11,2017-06-20,298,5112,5410
11,2017-06-21,266,5157,5423
11,2017-06-22,257,5146,5403
11,2017-06-24,77,2706,2783
11,2017-06-25,50,2321,2371
11,2017-06-26,227,4814,5041
11,2017-06-27,168,5238,5406
11,2017-06-28,208,4980,5188
11,2017-06-29,200,5000,5200
11,2017-07-01,NA,758,NA
11,2017-07-02,33,2128,2161
11,2017-07-03,223,4943,5166
11,2017-07-04,252,5199,5451
11,2017-07-05,273,5268,5541
11,2017-07-06,268,5182,5450
11,2017-07-08,106,3088,3194
11,2017-07-09,80,2520,2600
11,2017-07-10,228,4686,4914
11,2017-07-11,174,4964,5138
11,2017-07-12,174,4948,5122
11,2017-07-13,216,5104,5320
11,2017-07-15,71,2919,2990
11,2017-07-16,74,2766,2840
11,2017-07-17,225,4579,4804
11,2017-07-18,282,4660,4942
11,2017-07-19,253,4714,4967
11,2017-07-20,214,4594,4808
11,2017-07-21,250,4861,5111
11,2017-07-22,138,2890,3028
11,2017-07-23,52,2436,2488
11,2017-07-24,178,4430,4608
11,2017-07-25,184,4376,4560
11,2017-07-26,226,4636,4862
11,2017-07-27,142,4458,4600
11,2017-07-28,164,4462,4626
11,2017-07-29,76,2774,2850
11,2017-07-30,70,2381,2451
11,2017-07-31,222,4432,4654
11,2017-08-01,126,4230,4356
11,2017-08-02,194,4565,4759
11,2017-08-03,179,4436,4615
11,2017-08-04,181,4318,4499
11,2017-08-05,82,2572,2654
11,2017-08-06,125,2859,2984
11,2017-08-07,197,4196,4393
11,2017-08-08,188,4154,4342
11,2017-08-09,169,4300,4469
11,2017-08-10,171,4007,4178
11,2017-08-11,162,4006,4168
11,2017-08-12,82,2246,2328
11,2017-08-13,53,2568,2621
11,2017-08-14,159,3996,4155
11,2017-08-15,62,2462,2524
11,2017-08-16,196,4397,4593
11,2017-08-18,96,4366,4462
11,2017-08-19,88,2818,2906
11,2017-08-20,53,2597,2650
11,2017-08-21,252,4577,4829
11,2017-08-22,253,4909,5162
11,2017-08-23,244,4969,5213
11,2017-08-25,202,4788,4990
11,2017-08-26,79,2701,2780
11,2017-08-27,49,2390,2439
11,2017-08-28,247,4760,5007
11,2017-08-29,268,5600,5868
11,2017-08-30,264,5186,5450
11,2017-09-01,299,5074,5373
11,2017-09-02,82,2618,2700
11,2017-09-03,71,2571,2642
11,2017-09-04,285,4809,5094
11,2017-09-05,315,4997,5312
11,2017-09-06,302,5336,5638
11,2017-09-08,296,5020,5316
11,2017-09-09,58,2976,3034
11,2017-09-10,62,2686,2748
11,2017-09-11,282,5100,5382
11,2017-09-12,224,5360,5584
11,2017-09-13,168,5336,5504
11,2017-09-15,222,5294,5516
11,2017-09-16,123,3171,3294
11,2017-09-17,57,2785,2842
11,2017-09-18,305,4880,5185
11,2017-09-19,308,4981,5289
11,2017-09-20,393,4996,5389
11,2017-09-22,314,5173,5487
11,2017-09-23,114,3199,3313
11,2017-09-24,85,3314,3399
11,2017-09-25,300,5079,5379
11,2017-09-26,340,5204,5544
11,2017-09-27,384,5355,5739
11,2017-09-28,313,5184,5497
11,2017-09-29,322,5383,5705
11,2017-09-30,98,3092,3190
11,2017-10-01,62,2738,2800
11,2017-10-02,252,4740,4992
11,2017-10-03,184,5292,5476
11,2017-10-04,278,4991,5269
11,2017-10-06,232,4991,5223
11,2017-10-07,105,2794,2899
11,2017-10-08,40,2460,2500
11,2017-10-09,240,4756,4996
11,2017-10-10,262,4802,5064
11,2017-10-11,299,4873,5172
11,2017-10-12,318,4931,5249
11,2017-10-13,280,4826,5106
11,2017-10-14,110,3196,3306
11,2017-10-15,104,3477,3581
11,2017-10-16,307,5209,5516
11,2017-10-17,320,5290,5610
11,2017-10-18,367,5474,5841
11,2017-10-20,230,5606,5836
11,2017-10-21,107,3137,3244
11,2017-10-22,40,2246,2286
11,2017-10-23,349,4940,5289
11,2017-10-24,269,5157,5426
11,2017-10-25,387,6459,6846
11,2017-10-26,360,5290,5650
11,2017-10-27,318,5684,6002
11,2017-10-28,96,3049,3145
11,2017-10-29,45,2384,2429
11,2017-10-30,237,5095,5332
11,2017-10-31,230,5212,5442
11,2017-11-01,60,2503,2563
11,2017-11-03,291,5115,5406
11,2017-11-04,81,2938,3019
11,2017-11-05,120,2396,2516
11,2017-11-06,324,5399,5723
11,2017-11-07,389,5311,5700
11,2017-11-08,213,5513,5726
11,2017-11-09,324,5549,5873
11,2017-11-10,170,5552,5722
11,2017-11-11,40,2840,2880
11,2017-11-12,22,2149,2171
11,2017-11-13,312,5172,5484
11,2017-11-14,354,5446,5800
11,2017-11-15,384,5206,5590
11,2017-11-16,367,5295,5662
11,2017-11-17,300,5452,5752
11,2017-11-18,82,2806,2888
11,2017-11-19,54,2412,2466
11,2017-11-20,210,5456,5666
11,2017-11-21,286,5285,5571
11,2017-11-22,406,5335,5741
11,2017-11-24,140,5634,5774
11,2017-11-25,82,2862,2944
11,2017-11-26,46,2219,2265
11,2017-11-27,448,5604,6052
11,2017-11-28,276,5704,5980
11,2017-11-29,250,5542,5792
11,2017-11-30,287,5399,5686
11,2017-12-01,212,5352,5564
11,2017-12-02,94,2817,2911
11,2017-12-03,22,1986,2008
11,2017-12-04,248,5291,5539
11,2017-12-05,318,5409,5727
11,2017-12-06,313,5285,5598
11,2017-12-08,242,5302,5544
11,2017-12-09,87,2856,2943
11,2017-12-10,22,1566,1588
11,2017-12-11,158,5396,5554
11,2017-12-12,316,5542,5858
11,2017-12-13,100,4950,5050
11,2017-12-14,160,5650,5810
11,2017-12-15,126,5238,5364
11,2017-12-16,56,2855,2911
11,2017-12-17,32,2162,2194
11,2017-12-18,110,4672,4782
11,2017-12-19,188,4892,5080
11,2017-12-20,121,4914,5035
11,2017-12-21,132,4811,4943
11,2017-12-22,112,4481,4593
11,2017-12-23,73,2475,2548
11,2017-12-24,19,1481,1500
11,2017-12-25,12,1310,1322
11,2017-12-26,34,1464,1498
11,2017-12-27,68,2970,3038
11,2017-12-28,82,3223,3305
11,2017-12-29,66,2694,2760
11,2017-12-30,50,2234,2284
11,2017-12-31,56,1718,1774
12,2017-01-01,131,3648,3779
12,2017-01-02,215,7578,7793
12,2017-01-03,383,9250,9633
12,2017-01-05,425,9402,9827
12,2017-01-06,661,9847,10508
12,2017-01-07,341,8085,8426
12,2017-01-08,80,4396,4476
12,2017-01-09,451,9513,9964
12,2017-01-10,506,9680,10186
12,2017-01-11,296,10336,10632
12,2017-01-12,476,11034,11510
12,2017-01-13,543,9788,10331
12,2017-01-14,320,8669,8989
12,2017-01-15,223,5494,5717
12,2017-01-17,699,9198,9897
12,2017-01-18,687,9475,10162
12,2017-01-19,790,9610,10400
12,2017-01-20,801,10140,10941
12,2017-01-21,535,9536,10071
12,2017-01-22,360,6135,6495
12,2017-01-24,656,9178,9834
12,2017-01-25,788,9524,10312
12,2017-01-26,836,9586,10422
12,2017-01-27,749,10546,11295
12,2017-01-28,670,10428,11098
12,2017-01-29,214,6578,6792
12,2017-01-31,551,10380,10931
12,2017-02-01,594,10663,11257
12,2017-02-02,553,11051,11604
12,2017-02-03,660,12058,12718
12,2017-02-04,174,10402,10576
12,2017-02-05,124,6488,6612
12,2017-02-07,341,10393,10734
12,2017-02-08,555,10278,10833
12,2017-02-09,710,10565,11275
12,2017-02-10,773,10740,11513
12,2017-02-11,232,9908,10140
12,2017-02-12,159,6073,6232
12,2017-02-14,647,10336,10983
12,2017-02-15,654,10533,11187
12,2017-02-16,409,10767,11176
12,2017-02-17,504,10894,11398
12,2017-02-18,417,9969,10386
12,2017-02-19,322,6924,7246
12,2017-02-21,522,10828,11350
12,2017-02-22,346,10238,10584
12,2017-02-23,724,10860,11584
12,2017-02-24,714,11780,12494
12,2017-02-25,421,9931,10352
12,2017-02-26,321,6523,6844
12,2017-02-28,546,11166,11712
12,2017-03-01,438,11358,11796
12,2017-03-02,759,11667,12426
12,2017-03-03,726,11870,12596
12,2017-03-04,476,10228,10704
12,2017-03-05,202,6610,6812
12,2017-03-07,560,11342,11902
12,2017-03-08,306,10864,11170
12,2017-03-09,566,11550,12116
12,2017-03-10,689,11795,12484
12,2017-03-11,474,10951,11425
12,2017-03-12,350,8027,8377
12,2017-03-14,689,10541,11230
12,2017-03-15,661,10684,11345
12,2017-03-16,759,11693,12452
12,2017-03-17,735,11370,12105
12,2017-03-18,261,9919,10180
12,2017-03-19,199,6321,6520
12,2017-03-21,516,10832,11348
12,2017-03-22,704,10434,11138
12,2017-03-23,656,11022,11678
12,2017-03-24,741,11566,12307
12,2017-03-25,482,10894,11376
12,2017-03-28,488,11430,11918
12,2017-03-29,731,11676,12407
12,2017-03-30,690,12314,13004
12,2017-03-31,731,12639,13370
12,2017-04-01,555,11438,11993
12,2017-04-02,374,9242,9616
12,2017-04-04,723,11746,12469
12,2017-04-05,722,12027,12749
12,2017-04-06,808,12419,13227
12,2017-04-07,757,12562,13319
12,2017-04-08,512,11393,11905
12,2017-04-09,395,9627,10022
12,2017-04-11,644,11550,12194
12,2017-04-12,720,11481,12201
12,2017-04-13,730,12075,12805
12,2017-04-14,565,10777,11342
12,2017-04-15,500,10170,10670
12,2017-04-16,247,6020,6267
12,2017-04-18,680,11157,11837
12,2017-04-19,710,10913,11623
12,2017-04-20,717,11320,12037
12,2017-04-21,749,11440,12189
12,2017-04-22,483,10146,10629
12,2017-04-23,335,7489,7824
12,2017-04-25,727,10950,11677
12,2017-04-26,798,11018,11816
12,2017-04-27,480,11752,12232
12,2017-04-29,570,11521,12091
12,2017-04-30,415,9226,9641
12,2017-05-02,819,12312,13131
12,2017-05-03,880,12208,13088
12,2017-05-04,677,11903,12580
12,2017-05-05,814,12343,13157
12,2017-05-06,594,11052,11646
12,2017-05-07,241,7180,7421
12,2017-05-09,750,11338,12088
12,2017-05-10,703,11385,12088
12,2017-05-11,984,11622,12606
12,2017-05-12,940,12026,12966
12,2017-05-13,620,10238,10858
12,2017-05-14,306,7859,8165
12,2017-05-16,704,11244,11948
12,2017-05-17,678,11385,12063
12,2017-05-18,916,11550,12466
12,2017-05-19,432,11792,12224
12,2017-05-20,520,10590,11110
12,2017-05-21,376,8774,9150
12,2017-05-22,623,11552,12175
12,2017-05-24,750,12446,13196
12,2017-05-25,405,9858,10263
12,2017-05-26,579,12743,13322
12,2017-05-27,499,11766,12265
12,2017-05-28,319,8766,9085
12,2017-05-29,680,13985,14665
12,2017-05-31,873,15712,16585
12,2017-06-01,822,16375,17197
12,2017-06-02,821,16242,17063
12,2017-06-03,708,13874,14582
12,2017-06-04,592,10830,11422
12,2017-06-05,536,12017,12553
12,2017-06-07,1094,15394,16488
12,2017-06-08,862,15547,16409
12,2017-06-09,880,15878,16758
12,2017-06-10,633,14278,14911
12,2017-06-11,486,11736,12222
12,2017-06-12,796,15222,16018
12,2017-06-14,830,15554,16384
12,2017-06-15,978,15220,16198
12,2017-06-16,928,16222,17150
12,2017-06-17,634,14572,15206
12,2017-06-18,460,11542,12002
12,2017-06-19,737,14828,15565
12,2017-06-21,747,14757,15504
12,2017-06-22,758,15025,15783
12,2017-06-23,578,13669,14247
12,2017-06-24,571,13025,13596
12,2017-06-25,466,10491,10957
12,2017-06-26,490,11196,11686
12,2017-07-01,182,9220,9402
12,2017-07-02,327,8338,8665
12,2017-07-03,814,11476,12290
12,2017-07-07,910,15860,16770
12,2017-07-08,603,14076,14679
12,2017-07-09,404,10331,10735
12,2017-07-10,814,13912,14726
12,2017-07-12,652,14088,14740
12,2017-07-13,681,14465,15146
12,2017-07-14,592,15798,16390
12,2017-07-15,564,12911,13475
12,2017-07-16,414,10494,10908
12,2017-07-17,642,13370,14012
12,2017-07-19,744,13312,14056
12,2017-07-20,932,14332,15264
12,2017-07-21,779,14672,15451
12,2017-07-22,684,13670,14354
12,2017-07-23,445,9913,10358
12,2017-07-24,754,13504,14258
12,2017-07-25,602,13337,13939
12,2017-07-26,763,13603,14366
12,2017-07-27,630,14612,15242
12,2017-07-28,776,14706,15482
12,2017-07-29,534,13687,14221
12,2017-07-30,404,10449,10853
12,2017-07-31,900,13674,14574
12,2017-08-02,700,14087,14787
12,2017-08-03,880,14488,15368
12,2017-08-04,697,14808,15505
12,2017-08-05,538,12981,13519
12,2017-08-06,480,11840,12320
12,2017-08-07,613,13795,14408
12,2017-08-08,838,13526,14364
12,2017-08-09,681,13283,13964
12,2017-08-10,648,13243,13891
12,2017-08-11,796,13968,14764
12,2017-08-12,343,12093,12436
12,2017-08-13,377,10194,10571
12,2017-08-14,549,13762,14311
12,2017-08-15,380,9884,10264
12,2017-08-16,588,13266,13854
12,2017-08-18,546,13842,14388
12,2017-08-19,439,12707,13146
12,2017-08-20,401,10850,11251
12,2017-08-21,622,13046,13668
12,2017-08-22,668,13732,14400
12,2017-08-23,596,13979,14575
12,2017-08-25,516,13906,14422
12,2017-08-26,473,13325,13798
12,2017-08-27,408,10549,10957
12,2017-08-28,653,13921,14574
12,2017-08-29,677,14665,15342
12,2017-08-30,726,14320,15046
12,2017-09-01,789,15098,15887
12,2017-09-02,555,13240,13795
12,2017-09-03,445,10975,11420
12,2017-09-04,664,13419,14083
12,2017-09-05,778,14209,14987
12,2017-09-06,749,14541,15290
12,2017-09-08,837,15039,15876
12,2017-09-09,354,13648,14002
12,2017-09-10,426,10126,10552
12,2017-09-11,1000,14242,15242
12,2017-09-12,702,14736,15438
12,2017-09-13,438,14256,14694
12,2017-09-15,838,16474,17312
12,2017-09-16,588,13878,14466
12,2017-09-17,412,10290,10702
12,2017-09-18,818,13004,13822
12,2017-09-19,733,12187,12920
12,2017-09-20,722,12120,12842
12,2017-09-22,631,13063,13694
12,2017-09-23,537,12202,12739
12,2017-09-24,423,10917,11340
12,2017-09-25,646,11589,12235
12,2017-09-26,694,11820,12514
12,2017-09-27,712,12041,12753
12,2017-09-28,676,12345,13021
12,2017-09-29,675,13317,13992
12,2017-09-30,308,12674,12982
12,2017-10-01,346,9395,9741
12,2017-10-02,525,12179,12704
12,2017-10-03,756,12246,13002
12,2017-10-04,713,12224,12937
12,2017-10-06,671,12494,13165
12,2017-10-07,519,11449,11968
12,2017-10-08,289,7963,8252
12,2017-10-09,783,12388,13171
12,2017-10-10,992,13008,14000
12,2017-10-11,851,13518,14369
12,2017-10-12,833,14490,15323
12,2017-10-13,979,15402,16381
12,2017-10-14,587,14413,15000
12,2017-10-15,358,10270,10628
12,2017-10-16,818,14271,15089
12,2017-10-17,804,13459,14263
12,2017-10-18,818,13276,14094
12,2017-10-20,1142,14684,15826
12,2017-10-21,660,14068,14728
12,2017-10-22,202,7838,8040
12,2017-10-23,674,12885,13559
12,2017-10-24,467,13006,13473
12,2017-10-25,671,13205,13876
12,2017-10-26,860,13802,14662
12,2017-10-27,812,15017,15829
12,2017-10-28,571,13473,14044
12,2017-10-29,245,8549,8794
12,2017-10-30,864,14776,15640
12,2017-10-31,812,13795,14607
12,2017-11-01,405,8769,9174
12,2017-11-03,892,15017,15909
12,2017-11-04,684,12838,13522
12,2017-11-05,274,7780,8054
12,2017-11-06,866,13571,14437
12,2017-11-07,945,13378,14323
12,2017-11-08,450,13241,13691
12,2017-11-09,608,13280,13888
12,2017-11-10,604,14178,14782
12,2017-11-11,126,12934,13060
12,2017-11-13,882,13404,14286
12,2017-11-14,973,13759,14732
12,2017-11-15,860,13054,13914
12,2017-11-16,920,13450,14370
12,2017-11-17,744,14123,14867
12,2017-11-18,652,12924,13576
12,2017-11-19,396,8328,8724
12,2017-11-20,898,12752,13650
12,2017-11-21,596,12492,13088
12,2017-11-22,684,12322,13006
12,2017-11-24,512,12586,13098
12,2017-11-25,283,11185,11468
12,2017-11-26,316,7298,7614
12,2017-11-27,380,11880,12260
12,2017-11-28,662,12808,13470
12,2017-11-30,652,13302,13954
12,2017-12-01,467,12023,12490
12,2017-12-02,433,11879,12312
12,2017-12-03,159,6411,6570
12,2017-12-04,428,11474,11902
12,2017-12-05,610,12497,13107
12,2017-12-06,618,12300,12918
12,2017-12-08,622,12704,13326
12,2017-12-09,366,11373,11739
12,2017-12-10,112,4996,5108
12,2017-12-11,500,12058,12558
12,2017-12-12,639,11384,12023
12,2017-12-13,378,10988,11366
12,2017-12-14,560,12604,13164
12,2017-12-15,408,14230,14638
12,2017-12-16,339,11844,12183
12,2017-12-17,247,7309,7556
12,2017-12-18,256,11304,11560
12,2017-12-19,376,11585,11961
12,2017-12-20,283,11515,11798
12,2017-12-21,282,11694,11976
12,2017-12-22,405,12323,12728
12,2017-12-23,294,10709,11003
12,2017-12-24,86,5425,5511
12,2017-12-25,117,3960,4077
12,2017-12-26,98,5808,5906
12,2017-12-27,198,10862,11060
12,2017-12-28,434,11442,11876
12,2017-12-29,378,10546,10924
12,2017-12-30,118,10654,10772
12,2017-12-31,228,6526,6754
15,2017-01-01,8,3601,3609
15,2017-01-02,15,7271,7286
15,2017-01-03,39,9363,9402
15,2017-01-04,23,9400,9423
15,2017-01-06,58,10490,10548
15,2017-01-07,26,7304,7330
15,2017-01-08,16,6403,6419
15,2017-01-09,36,10765,10801
15,2017-01-10,39,11173,11212
15,2017-01-11,17,10710,10727
15,2017-01-12,65,11511,11576
15,2017-01-14,21,7591,7612
15,2017-01-15,11,6503,6514
15,2017-01-16,52,9956,10008
15,2017-01-17,91,10619,10710
15,2017-01-18,113,10450,10563
15,2017-01-19,130,10907,11037
15,2017-01-21,44,8628,8672
15,2017-01-22,27,7224,7251
15,2017-01-23,48,10767,10815
15,2017-01-24,60,10662,10722
15,2017-01-25,62,11011,11073
15,2017-01-26,69,10747,10816
15,2017-01-28,22,8894,8916
15,2017-01-29,12,7440,7452
15,2017-01-30,38,9724,9762
15,2017-01-31,40,11683,11723
15,2017-02-01,39,11718,11757
15,2017-02-02,55,12296,12351
15,2017-02-04,8,9326,9334
15,2017-02-05,10,7762,7772
15,2017-02-06,77,11294,11371
15,2017-02-07,48,11674,11722
15,2017-02-08,45,11933,11978
15,2017-02-09,79,12297,12376
15,2017-02-11,14,8992,9006
15,2017-02-12,12,7928,7940
15,2017-02-13,46,10637,10683
15,2017-02-14,56,11105,11161
15,2017-02-15,63,11582,11645
15,2017-02-16,46,11942,11988
15,2017-02-18,21,8768,8789
15,2017-02-19,18,7705,7723
15,2017-02-20,64,11744,11808
15,2017-02-21,24,11153,11177
15,2017-02-22,10,12678,12688
15,2017-02-23,48,10857,10905
15,2017-02-25,24,9241,9265
15,2017-02-26,12,8181,8193
15,2017-02-27,38,10680,10718
15,2017-02-28,32,10962,10994
15,2017-03-01,53,12646,12699
15,2017-03-02,61,12694,12755
15,2017-03-04,23,9407,9430
15,2017-03-05,98,8124,8222
15,2017-03-06,49,12000,12049
15,2017-03-07,44,12575,12619
15,2017-03-08,40,12020,12060
15,2017-03-09,30,12369,12399
15,2017-03-11,21,9574,9595
15,2017-03-12,23,8887,8910
15,2017-03-13,54,11618,11672
15,2017-03-14,50,11613,11663
15,2017-03-15,56,11710,11766
15,2017-03-16,63,12056,12119
15,2017-03-18,12,9018,9030
15,2017-03-19,14,8005,8019
15,2017-03-20,39,11187,11226
15,2017-03-21,44,11757,11801
15,2017-03-24,95,13017,13112
15,2017-03-25,33,9932,9965
15,2017-03-27,123,11756,11879
15,2017-03-28,136,12440,12576
15,2017-03-29,98,12669,12767
15,2017-03-30,105,13000,13105
15,2017-03-31,98,14051,14149
15,2017-04-01,47,10751,10798
15,2017-04-02,17,9299,9316
15,2017-04-03,103,12286,12389
15,2017-04-04,94,12858,12952
15,2017-04-05,117,13327,13444
15,2017-04-06,99,13235,13334
15,2017-04-07,134,14256,14390
15,2017-04-08,57,10256,10313
15,2017-04-09,15,8848,8863
15,2017-04-10,87,11820,11907
15,2017-04-11,105,12394,12499
15,2017-04-12,73,12306,12379
15,2017-04-13,99,12583,12682
15,2017-04-14,84,13318,13402
15,2017-04-15,29,8869,8898
15,2017-04-16,8,6988,6996
15,2017-04-17,13,6736,6749
15,2017-04-18,99,11269,11368
15,2017-04-19,106,10806,10912
15,2017-04-20,100,12807,12907
15,2017-04-21,109,12025,12134
15,2017-04-22,40,9257,9297
15,2017-04-23,16,8230,8246
15,2017-04-24,115,12383,12498
15,2017-04-25,121,13397,13518
15,2017-04-26,108,12893,13001
15,2017-04-27,88,13490,13578
15,2017-04-28,146,15434,15580
15,2017-04-29,32,10578,10610
15,2017-04-30,10,9223,9233
15,2017-05-01,8,7401,7409
15,2017-05-02,128,13430,13558
15,2017-05-03,173,13675,13848
15,2017-05-04,132,14084,14216
15,2017-05-05,132,14655,14787
15,2017-05-06,68,10191,10259
15,2017-05-07,6,8804,8810
15,2017-05-08,60,12907,12967
15,2017-05-09,136,12377,12513
15,2017-05-10,100,12655,12755
15,2017-05-11,99,13698,13797
15,2017-05-12,102,13741,13843
15,2017-05-13,47,10349,10396
15,2017-05-14,9,8826,8835
15,2017-05-15,115,12438,12553
15,2017-05-16,118,12846,12964
15,2017-05-17,121,12915,13036
15,2017-05-18,119,13175,13294
15,2017-05-19,96,13546,13642
15,2017-05-20,41,9729,9770
15,2017-05-21,15,8921,8936
15,2017-05-22,81,12349,12430
15,2017-05-23,101,12658,12759
15,2017-05-24,93,13523,13616
15,2017-05-25,28,8482,8510
15,2017-05-26,68,10997,11065
15,2017-05-27,27,9611,9638
15,2017-05-28,18,8646,8664
15,2017-05-29,89,12506,12595
15,2017-05-30,110,13337,13447
15,2017-05-31,165,13580,13745
15,2017-06-01,164,14286,14450
15,2017-06-02,148,15033,15181
15,2017-06-03,149,10379,10528
15,2017-06-04,18,8651,8669
15,2017-06-05,17,8082,8099
15,2017-06-06,255,12874,13129
15,2017-06-07,246,13726,13972
15,2017-06-08,263,13086,13349
15,2017-06-09,239,13939,14178
15,2017-06-10,152,10171,10323
15,2017-06-11,14,8764,8778
15,2017-06-12,112,12497,12609
15,2017-06-13,130,12676,12806
15,2017-06-14,138,12813,12951
15,2017-06-15,287,14769,15056
15,2017-06-16,146,14170,14316
15,2017-06-17,43,10040,10083
15,2017-06-18,18,9146,9164
15,2017-06-19,164,12499,12663
15,2017-06-20,136,12660,12796
15,2017-06-21,109,12484,12593
15,2017-06-22,86,12937,13023
15,2017-06-23,43,8965,9008
15,2017-06-24,28,9368,9396
15,2017-06-25,9,8561,8570
15,2017-06-26,110,12609,12719
15,2017-06-27,128,12774,12902
15,2017-06-28,107,12778,12885
15,2017-06-29,122,13866,13988
15,2017-06-30,144,15002,15146
15,2017-07-01,36,10148,10184
15,2017-07-02,14,9282,9296
15,2017-07-03,105,12836,12941
15,2017-07-04,109,12829,12938
15,2017-07-05,117,13546,13663
15,2017-07-06,108,14474,14582
15,2017-07-07,98,14777,14875
15,2017-07-08,28,10230,10258
15,2017-07-09,16,8488,8504
15,2017-07-10,105,11507,11612
15,2017-07-11,84,12963,13047
15,2017-07-12,77,12640,12717
15,2017-07-13,109,13116,13225
15,2017-07-14,73,14707,14780
15,2017-07-15,29,9389,9418
15,2017-07-16,10,8431,8441
15,2017-07-17,86,10917,11003
15,2017-07-18,108,11975,12083
15,2017-07-19,82,12093,12175
15,2017-07-20,84,12473,12557
15,2017-07-21,92,13401,13493
15,2017-07-22,29,9235,9264
15,2017-07-23,34,8385,8419
15,2017-07-24,90,11378,11468
15,2017-07-25,90,11440,11530
15,2017-07-26,97,11824,11921
15,2017-07-27,61,12122,12183
15,2017-07-28,60,12932,12992
15,2017-07-29,33,9426,9459
15,2017-07-30,15,8393,8408
15,2017-07-31,53,10054,10107
15,2017-08-01,71,11269,11340
15,2017-08-02,50,11079,11129
15,2017-08-03,35,11065,11100
15,2017-08-04,73,12415,12488
15,2017-08-05,78,9164,9242
15,2017-08-06,23,8148,8171
15,2017-08-07,51,9438,9489
15,2017-08-08,54,10002,10056
15,2017-08-09,49,9805,9854
15,2017-08-10,61,10216,10277
15,2017-08-11,43,10759,10802
15,2017-08-12,23,8282,8305
15,2017-08-13,15,7498,7513
15,2017-08-14,22,8663,8685
15,2017-08-15,18,6435,6453
15,2017-08-16,36,9528,9564
15,2017-08-17,42,9724,9766
15,2017-08-18,37,10328,10365
15,2017-08-19,20,8426,8446
15,2017-08-20,18,7590,7608
15,2017-08-21,37,10152,10189
15,2017-08-22,49,10677,10726
15,2017-08-23,60,10452,10512
15,2017-08-24,47,11166,11213
15,2017-08-25,65,11103,11168
15,2017-08-26,21,8822,8843
15,2017-08-27,18,8035,8053
15,2017-08-28,82,11770,11852
15,2017-08-29,100,12582,12682
15,2017-08-30,76,12251,12327
15,2017-08-31,93,13412,13505
15,2017-09-01,95,13040,13135
15,2017-09-02,46,9717,9763
15,2017-09-03,15,8578,8593
15,2017-09-04,83,10901,10984
15,2017-09-05,108,12600,12708
15,2017-09-06,84,12874,12958
15,2017-09-07,73,13067,13140
15,2017-09-08,112,15441,15553
15,2017-09-09,44,11073,11117
15,2017-09-10,16,9173,9189
15,2017-09-11,87,12158,12245
15,2017-09-12,74,12190,12264
15,2017-09-13,67,11819,11886
15,2017-09-14,73,12673,12746
15,2017-09-15,88,13519,13607
15,2017-09-16,34,9771,9805
15,2017-09-17,13,8541,8554
15,2017-09-18,94,11749,11843
15,2017-09-19,95,12169,12264
15,2017-09-20,75,12052,12127
15,2017-09-21,95,12941,13036
15,2017-09-22,128,13216,13344
15,2017-09-23,42,9908,9950
15,2017-09-24,20,8825,8845
15,2017-09-25,83,12242,12325
15,2017-09-26,104,12579,12683
15,2017-09-27,99,12840,12939
15,2017-09-28,102,13186,13288
15,2017-09-29,111,14267,14378
15,2017-09-30,138,13421,13559
15,2017-10-01,30,10564,10594
15,2017-10-02,88,12740,12828
15,2017-10-03,134,13152,13286
15,2017-10-04,87,12584,12671
15,2017-10-05,103,13311,13414
15,2017-10-06,132,14206,14338
15,2017-10-07,37,10500,10537
15,2017-10-08,8,9160,9168
15,2017-10-09,105,12349,12454
15,2017-10-10,115,12996,13111
15,2017-10-11,113,12771,12884
15,2017-10-12,97,12789,12886
15,2017-10-13,119,14036,14155
15,2017-10-14,74,12607,12681
15,2017-10-15,27,10806,10833
15,2017-10-16,136,13171,13307
15,2017-10-17,123,12703,12826
15,2017-10-18,181,13814,13995
15,2017-10-19,142,12835,12977
15,2017-10-20,104,13722,13826
15,2017-10-21,33,9538,9571
15,2017-10-22,11,8354,8365
15,2017-10-23,127,12220,12347
15,2017-10-24,111,12187,12298
15,2017-10-25,113,12517,12630
15,2017-10-26,96,12569,12665
15,2017-10-27,121,14392,14513
15,2017-10-28,54,10171,10225
15,2017-10-29,10,8819,8829
15,2017-10-30,125,11890,12015
15,2017-11-01,21,8540,8561
15,2017-11-02,77,12335,12412
15,2017-11-03,121,13451,13572
15,2017-11-04,19,9903,9922
15,2017-11-05,11,8342,8353
15,2017-11-06,127,12870,12997
15,2017-11-07,110,13406,13516
15,2017-11-08,82,12735,12817
15,2017-11-09,93,13099,13192
15,2017-11-10,83,13377,13460
15,2017-11-11,10,10107,10117
15,2017-11-12,8,8340,8348
15,2017-11-13,96,12082,12178
15,2017-11-14,119,12547,12666
15,2017-11-15,103,12805,12908
15,2017-11-16,91,12633,12724
15,2017-11-17,93,13137,13230
15,2017-11-18,38,9617,9655
15,2017-11-19,20,8830,8850
15,2017-11-20,81,11821,11902
15,2017-11-21,125,12247,12372
15,2017-11-22,92,12755,12847
15,2017-11-23,88,12727,12815
15,2017-11-24,94,13289,13383
15,2017-11-25,30,9275,9305
15,2017-11-26,17,8880,8897
15,2017-11-27,62,11801,11863
15,2017-11-28,92,13265,13357
15,2017-11-29,95,12975,13070
15,2017-11-30,71,13010,13081
15,2017-12-01,78,12636,12714
15,2017-12-02,28,9964,9992
15,2017-12-03,11,7532,7543
15,2017-12-04,79,11850,11929
15,2017-12-05,109,13195,13304
15,2017-12-06,105,13118,13223
15,2017-12-07,86,13833,13919
15,2017-12-08,106,13256,13362
15,2017-12-09,27,9418,9445
15,2017-12-10,17,5370,5387
15,2017-12-11,70,13040,13110
15,2017-12-12,88,12751,12839
15,2017-12-13,87,11765,11852
15,2017-12-14,76,12831,12907
15,2017-12-15,83,13768,13851
15,2017-12-16,24,9653,9677
15,2017-12-17,24,8204,8228
15,2017-12-18,57,10913,10970
15,2017-12-19,53,11646,11699
15,2017-12-20,58,11760,11818
15,2017-12-21,53,11942,11995
15,2017-12-22,44,13433,13477
15,2017-12-23,20,9799,9819
15,2017-12-24,8,6833,6841
15,2017-12-25,8,3773,3781
15,2017-12-26,19,6335,6354
15,2017-12-27,23,9530,9553
15,2017-12-28,30,9784,9814
15,2017-12-29,29,9730,9759
15,2017-12-30,10,9468,9478
15,2017-12-31,6,7752,7758
16,2017-01-01,7,6781,6788
16,2017-01-02,82,11767,11849
16,2017-01-03,103,13803,13906
16,2017-01-04,91,13557,13648
16,2017-01-05,106,14589,14695
16,2017-01-07,80,12395,12475
16,2017-01-08,8,8998,9006
16,2017-01-09,98,15060,15158
16,2017-01-10,90,15048,15138
16,2017-01-11,81,15237,15318
16,2017-01-12,122,16464,16586
16,2017-01-14,80,13014,13094
16,2017-01-15,6,9015,9021
16,2017-01-16,105,14805,14910
16,2017-01-17,103,15064,15167
16,2017-01-18,103,14951,15054
16,2017-01-19,103,15022,15125
16,2017-01-21,83,14441,14524
16,2017-01-22,7,10199,10206
16,2017-01-23,96,14773,14869
16,2017-01-24,73,14602,14675
16,2017-01-25,94,15120,15214
16,2017-01-26,103,15097,15200
16,2017-01-28,88,17780,17868
16,2017-01-29,16,12423,12439
16,2017-01-30,114,16624,16738
16,2017-01-31,80,15433,15513
16,2017-02-01,91,15686,15777
16,2017-02-02,82,15861,15943
16,2017-02-04,74,13958,14032
16,2017-02-05,24,10049,10073
16,2017-02-06,87,15117,15204
16,2017-02-07,80,15437,15517
16,2017-02-08,82,15295,15377
16,2017-02-09,96,15621,15717
16,2017-02-11,70,14416,14486
16,2017-02-12,7,10283,10290
16,2017-02-13,97,14827,14924
16,2017-02-14,93,15753,15846
16,2017-02-15,94,15045,15139
16,2017-02-16,86,14484,14570
16,2017-02-18,68,14507,14575
16,2017-02-19,15,10661,10676
16,2017-02-20,82,13929,14011
16,2017-02-21,63,13791,13854
16,2017-02-22,70,14102,14172
16,2017-02-23,92,14335,14427
16,2017-02-25,77,14783,14860
16,2017-02-26,26,10652,10678
16,2017-02-27,NA,13,NA
16,2017-02-28,50,6838,6888
16,2017-03-01,81,15036,15117
16,2017-03-02,89,15318,15407
16,2017-03-03,97,16317,16414
16,2017-03-04,69,15516,15585
16,2017-03-06,83,14511,14594
16,2017-03-07,75,14970,15045
16,2017-03-08,67,14741,14808
16,2017-03-09,66,14965,15031
16,2017-03-10,83,16434,16517
16,2017-03-11,66,15964,16030
16,2017-03-13,10,1117,1127
16,2017-03-15,NA,10,NA
16,2017-03-16,44,6456,6500
16,2017-03-17,94,15789,15883
16,2017-03-18,42,13847,13889
16,2017-03-19,16,10115,10131
16,2017-03-21,91,14156,14247
16,2017-03-22,76,14298,14374
16,2017-03-23,98,14928,15026
16,2017-03-24,88,15897,15985
16,2017-03-25,72,16156,16228
16,2017-03-28,99,15097,15196
16,2017-03-29,87,15265,15352
16,2017-03-30,96,14327,14423
16,2017-03-31,126,16645,16771
16,2017-04-01,70,15482,15552
16,2017-04-02,20,12140,12160
16,2017-04-04,104,15419,15523
16,2017-04-05,107,15812,15919
16,2017-04-06,122,15480,15602
16,2017-04-07,111,16762,16873
16,2017-04-08,77,16276,16353
16,2017-04-09,15,11947,11962
16,2017-04-11,87,15245,15332
16,2017-04-12,84,15134,15218
16,2017-04-13,86,15352,15438
16,2017-04-14,86,16157,16243
16,2017-04-15,62,14190,14252
16,2017-04-16,16,9978,9994
16,2017-04-18,85,14519,14604
16,2017-04-19,87,14063,14150
16,2017-04-20,82,14474,14556
16,2017-04-21,87,15291,15378
16,2017-04-22,70,14152,14222
16,2017-04-23,20,11599,11619
16,2017-04-25,86,14825,14911
16,2017-04-26,85,15042,15127
16,2017-04-27,99,14979,15078
16,2017-04-28,103,16524,16627
16,2017-04-29,64,15738,15802
16,2017-04-30,22,11499,11521
16,2017-05-02,96,14774,14870
16,2017-05-03,112,15668,15780
16,2017-05-04,108,15105,15213
16,2017-05-05,96,16873,16969
16,2017-05-06,66,17603,17669
16,2017-05-07,19,13125,13144
16,2017-05-09,95,15258,15353
16,2017-05-10,95,15201,15296
16,2017-05-11,86,15054,15140
16,2017-05-12,90,15670,15760
16,2017-05-13,61,15439,15500
16,2017-05-14,13,11328,11341
16,2017-05-15,96,14381,14477
16,2017-05-17,131,15060,15191
16,2017-05-18,96,14816,14912
16,2017-05-19,95,15380,15475
16,2017-05-20,82,15210,15292
16,2017-05-21,16,10975,10991
16,2017-05-22,101,14376,14477
16,2017-05-24,113,15764,15877
16,2017-05-25,8,11305,11313
16,2017-05-26,78,15649,15727
16,2017-05-27,66,14862,14928
16,2017-05-28,13,11836,11849
16,2017-05-29,86,14415,14501
16,2017-05-31,79,15638,15717
16,2017-06-01,73,14489,14562
16,2017-06-02,94,15970,16064
16,2017-06-03,97,16406,16503
16,2017-06-04,2,10764,10766
16,2017-06-05,14,11446,11460
16,2017-06-07,98,14936,15034
16,2017-06-08,91,14970,15061
16,2017-06-09,95,15574,15669
16,2017-06-10,81,15616,15697
16,2017-06-11,11,11610,11621
16,2017-06-12,90,14262,14352
16,2017-06-14,97,14771,14868
16,2017-06-15,118,15544,15662
16,2017-06-16,95,15745,15840
16,2017-06-17,81,15070,15151
16,2017-06-18,16,11467,11483
16,2017-06-19,93,14212,14305
16,2017-06-21,89,14725,14814
16,2017-06-22,86,15773,15859
16,2017-06-23,33,12542,12575
16,2017-06-24,83,14706,14789
16,2017-06-25,20,11200,11220
16,2017-06-26,95,14239,14334
16,2017-06-28,106,15234,15340
16,2017-06-29,108,15740,15848
16,2017-06-30,95,16355,16450
16,2017-07-01,70,15090,15160
16,2017-07-02,15,11305,11320
16,2017-07-03,61,9523,9584
16,2017-07-05,92,15778,15870
16,2017-07-06,114,16366,16480
16,2017-07-07,84,16532,16616
16,2017-07-08,68,15550,15618
16,2017-07-09,4,11116,11120
16,2017-07-10,104,15568,15672
16,2017-07-12,73,14756,14829
16,2017-07-13,95,15605,15700
16,2017-07-14,114,17306,17420
16,2017-07-15,78,14697,14775
16,2017-07-16,15,11052,11067
16,2017-07-17,78,14002,14080
16,2017-07-19,104,13990,14094
16,2017-07-20,104,14956,15060
16,2017-07-21,107,15803,15910
16,2017-07-22,69,14176,14245
16,2017-07-23,13,10592,10605
16,2017-07-24,100,13534,13634
16,2017-07-25,82,13867,13949
16,2017-07-26,84,14239,14323
16,2017-07-27,81,14438,14519
16,2017-07-28,86,15164,15250
16,2017-07-29,66,13267,13333
16,2017-07-30,36,9772,9808
16,2017-07-31,148,13472,13620
16,2017-08-01,108,13350,13458
16,2017-08-02,82,13079,13161
16,2017-08-03,92,13437,13529
16,2017-08-04,107,13908,14015
16,2017-08-05,82,12422,12504
16,2017-08-06,33,9464,9497
16,2017-08-07,83,12224,12307
16,2017-08-08,63,11999,12062
16,2017-08-09,77,11790,11867
16,2017-08-10,100,12237,12337
16,2017-08-11,104,12730,12834
16,2017-08-12,73,10945,11018
16,2017-08-13,12,8999,9011
16,2017-08-14,95,11726,11821
16,2017-08-15,22,8235,8257
16,2017-08-16,83,12350,12433
16,2017-08-18,85,12709,12794
16,2017-08-19,71,11604,11675
16,2017-08-20,15,9547,9562
16,2017-08-21,82,12449,12531
16,2017-08-22,67,13109,13176
16,2017-08-23,76,13105,13181
16,2017-08-25,89,14014,14103
16,2017-08-26,66,13310,13376
16,2017-08-27,13,10640,10653
16,2017-08-28,83,13552,13635
16,2017-08-29,75,14245,14320
16,2017-08-30,74,14169,14243
16,2017-09-01,104,15672,15776
16,2017-09-02,65,13878,13943
16,2017-09-03,18,10906,10924
16,2017-09-04,84,14028,14112
16,2017-09-05,88,15240,15328
16,2017-09-06,106,14732,14838
16,2017-09-08,115,16530,16645
16,2017-09-09,89,15503,15592
16,2017-09-10,22,11513,11535
16,2017-09-11,92,15094,15186
16,2017-09-12,85,15176,15261
16,2017-09-13,112,14373,14485
16,2017-09-15,88,15755,15843
16,2017-09-16,64,14722,14786
16,2017-09-17,12,10773,10785
16,2017-09-18,92,14658,14750
16,2017-09-19,89,15121,15210
16,2017-09-20,97,15167,15264
16,2017-09-22,97,16232,16329
16,2017-09-23,71,15093,15164
16,2017-09-24,18,11351,11369
16,2017-09-25,86,15188,15274
16,2017-09-26,99,15627,15726
16,2017-09-27,94,15701,15795
16,2017-09-28,97,16025,16122
16,2017-09-29,102,17184,17286
16,2017-09-30,82,17070,17152
16,2017-10-01,24,12370,12394
16,2017-10-02,72,15507,15579
16,2017-10-03,108,16164,16272
16,2017-10-04,96,15681,15777
16,2017-10-06,89,16468,16557
16,2017-10-07,74,15481,15555
16,2017-10-08,16,10815,10831
16,2017-10-09,90,14910,15000
16,2017-10-10,93,15447,15540
16,2017-10-11,86,15630,15716
16,2017-10-12,91,15495,15586
16,2017-10-13,99,16368,16467
16,2017-10-14,78,16766,16844
16,2017-10-15,14,12748,12762
16,2017-10-16,115,15162,15277
16,2017-10-17,92,15612,15704
16,2017-10-18,89,15711,15800
16,2017-10-20,76,16282,16358
16,2017-10-21,66,13960,14026
16,2017-10-22,9,10870,10879
16,2017-10-23,73,14569,14642
16,2017-10-24,83,14912,14995
16,2017-10-25,86,15835,15921
16,2017-10-26,88,15776,15864
16,2017-10-27,94,17288,17382
16,2017-10-28,65,15464,15529
16,2017-10-29,12,11097,11109
16,2017-10-30,92,15715,15807
16,2017-10-31,97,16529,16626
16,2017-11-01,15,11531,11546
16,2017-11-03,100,16223,16323
16,2017-11-04,74,15284,15358
16,2017-11-05,16,10923,10939
16,2017-11-06,88,14667,14755
16,2017-11-07,91,15779,15870
16,2017-11-08,60,15559,15619
16,2017-11-09,90,15577,15667
16,2017-11-10,84,16588,16672
16,2017-11-11,45,14951,14996
16,2017-11-12,8,10150,10158
16,2017-11-13,92,15142,15234
16,2017-11-14,96,15348,15444
16,2017-11-15,100,15320,15420
16,2017-11-16,93,15623,15716
16,2017-11-17,91,16135,16226
16,2017-11-18,65,14733,14798
16,2017-11-19,13,11531,11544
16,2017-11-20,77,15253,15330
16,2017-11-21,80,15121,15201
16,2017-11-22,91,15361,15452
16,2017-11-24,145,16367,16512
16,2017-11-25,61,14294,14355
16,2017-11-26,16,10737,10753
16,2017-11-27,58,14636,14694
16,2017-11-28,104,15541,15645
16,2017-11-29,83,15783,15866
16,2017-11-30,91,15343,15434
16,2017-12-01,134,15475,15609
16,2017-12-02,71,14475,14546
16,2017-12-03,9,9648,9657
16,2017-12-04,77,14411,14488
16,2017-12-05,117,15578,15695
16,2017-12-06,94,15701,15795
16,2017-12-08,88,15906,15994
16,2017-12-09,71,14301,14372
16,2017-12-10,39,8112,8151
16,2017-12-11,82,16168,16250
16,2017-12-12,97,15246,15343
16,2017-12-13,78,14866,14944
16,2017-12-14,82,15787,15869
16,2017-12-15,80,17480,17560
16,2017-12-16,65,14341,14406
16,2017-12-17,9,10466,10475
16,2017-12-18,79,13842,13921
16,2017-12-19,82,15131,15213
16,2017-12-20,96,15017,15113
16,2017-12-21,88,15136,15224
16,2017-12-22,93,16461,16554
16,2017-12-23,58,13728,13786
16,2017-12-24,6,9542,9548
16,2017-12-25,16,6880,6896
16,2017-12-26,8,8530,8538
16,2017-12-27,86,12522,12608
16,2017-12-28,152,13065,13217
16,2017-12-29,69,12733,12802
16,2017-12-30,66,12894,12960
16,2017-12-31,8,10020,10028
18,2017-01-01,40,4639,4679
18,2017-01-02,244,8695,8939
18,2017-01-03,443,10388,10831
18,2017-01-05,551,10328,10879
18,2017-01-06,366,9454,9820
18,2017-01-07,316,9433,9749
18,2017-01-08,104,6236,6340
18,2017-01-09,493,10743,11236
18,2017-01-10,116,10564,10680
18,2017-01-11,932,11434,12366
18,2017-01-12,152,10066,10218
18,2017-01-13,102,10258,10360
18,2017-01-14,331,9259,9590
18,2017-01-15,67,6160,6227
18,2017-01-17,1256,10586,11842
18,2017-01-18,894,9506,10400
18,2017-01-19,877,10939,11816
18,2017-01-20,790,12279,13069
18,2017-01-21,498,11877,12375
18,2017-01-22,109,6691,6800
18,2017-01-25,880,10949,11829
18,2017-01-26,791,11005,11796
18,2017-01-27,732,12438,13170
18,2017-01-28,680,12366,13046
18,2017-01-29,75,6615,6690
18,2017-01-31,238,10300,10538
18,2017-02-01,328,10296,10624
18,2017-02-03,200,11500,11700
18,2017-02-05,126,7060,7186
18,2017-02-07,1142,11630,12772
18,2017-02-08,739,10244,10983
18,2017-02-09,765,10460,11225
18,2017-02-10,866,12508,13374
18,2017-02-11,336,9686,10022
18,2017-02-12,87,6960,7047
18,2017-02-14,897,11483,12380
18,2017-02-15,907,11606,12513
18,2017-02-16,1128,11410,12538
18,2017-02-17,614,13024,13638
18,2017-02-18,443,11662,12105
18,2017-02-19,102,7353,7455
18,2017-02-21,136,10258,10394
18,2017-02-22,110,10500,10610
18,2017-02-23,218,9930,10148
18,2017-02-25,477,11606,12083
18,2017-02-26,83,7362,7445
18,2017-02-28,200,9736,9936
18,2017-03-01,174,10116,10290
18,2017-03-02,742,11831,12573
18,2017-03-03,294,12350,12644
18,2017-03-04,120,11790,11910
18,2017-03-05,24,5972,5996
18,2017-03-07,1096,11546,12642
18,2017-03-08,124,9518,9642
18,2017-03-09,138,10972,11110
18,2017-03-10,671,13233,13904
18,2017-03-11,493,12304,12797
18,2017-03-12,106,8271,8377
18,2017-03-14,1260,11638,12898
18,2017-03-15,837,10984,11821
18,2017-03-16,854,11504,12358
18,2017-03-17,803,12679,13482
18,2017-03-18,302,11736,12038
18,2017-03-19,82,6911,6993
18,2017-03-21,709,10699,11408
18,2017-03-22,804,11545,12349
18,2017-03-23,845,12110,12955
18,2017-03-24,1212,14152,15364
18,2017-03-25,455,12739,13194
18,2017-03-28,1232,12008,13240
18,2017-03-29,854,12111,12965
18,2017-03-30,769,11827,12596
18,2017-03-31,722,13907,14629
18,2017-04-01,684,12928,13612
18,2017-04-02,112,8599,8711
18,2017-04-04,784,11888,12672
18,2017-04-05,852,11461,12313
18,2017-04-06,762,11443,12205
18,2017-04-07,778,13948,14726
18,2017-04-08,474,13627,14101
18,2017-04-09,106,8548,8654
18,2017-04-11,1310,12358,13668
18,2017-04-12,1344,12456,13800
18,2017-04-13,710,11635,12345
18,2017-04-14,679,13885,14564
18,2017-04-15,654,12848,13502
18,2017-04-16,64,6790,6854
18,2017-04-18,968,12170,13138
18,2017-04-19,830,11730,12560
18,2017-04-20,832,11582,12414
18,2017-04-21,687,12641,13328
18,2017-04-22,520,11899,12419
18,2017-04-23,102,8124,8226
18,2017-04-25,718,11949,12667
18,2017-04-26,818,11954,12772
18,2017-04-27,785,12530,13315
18,2017-04-28,1106,14770,15876
18,2017-04-29,516,13252,13768
18,2017-04-30,68,8594,8662
18,2017-05-02,1246,12584,13830
18,2017-05-03,1158,13084,14242
18,2017-05-04,1328,12710,14038
18,2017-05-05,795,13854,14649
18,2017-05-06,519,11895,12414
18,2017-05-07,77,7929,8006
18,2017-05-09,719,10536,11255
18,2017-05-10,250,10912,11162
18,2017-05-12,647,13882,14529
18,2017-05-13,830,13262,14092
18,2017-05-14,79,7887,7966
18,2017-05-16,694,11960,12654
18,2017-05-17,841,12484,13325
18,2017-05-18,716,12011,12727
18,2017-05-19,586,13433,14019
18,2017-05-20,499,12406,12905
18,2017-05-21,106,8352,8458
18,2017-05-23,766,12272,13038
18,2017-05-24,777,13693,14470
18,2017-05-25,232,9968,10200
18,2017-05-26,655,13287,13942
18,2017-05-27,443,12018,12461
18,2017-05-28,95,8913,9008
18,2017-05-30,832,12341,13173
18,2017-05-31,780,12658,13438
18,2017-06-01,813,12883,13696
18,2017-06-02,1090,14000,15090
18,2017-06-03,459,12416,12875
18,2017-06-04,73,7806,7879
18,2017-06-06,172,10970,11142
18,2017-06-07,222,11172,11394
18,2017-06-08,1458,12448,13906
18,2017-06-09,645,13079,13724
18,2017-06-10,474,11952,12426
18,2017-06-11,104,8520,8624
18,2017-06-13,744,12005,12749
18,2017-06-14,820,11740,12560
18,2017-06-15,803,12218,13021
18,2017-06-16,738,13313,14051
18,2017-06-17,452,12073,12525
18,2017-06-18,114,8464,8578
18,2017-06-20,602,11066,11668
18,2017-06-21,797,12877,13674
18,2017-06-22,729,11712,12441
18,2017-06-23,684,13056,13740
18,2017-06-24,479,11527,12006
18,2017-06-25,95,7835,7930
18,2017-06-27,1170,11966,13136
18,2017-06-28,1198,12098,13296
18,2017-06-29,738,12657,13395
18,2017-06-30,260,13632,13892
18,2017-07-01,64,12032,12096
18,2017-07-02,86,8631,8717
18,2017-07-04,728,11449,12177
18,2017-07-05,762,12468,13230
18,2017-07-07,591,14899,15490
18,2017-07-08,442,12820,13262
18,2017-07-11,162,11310,11472
18,2017-07-13,677,13099,13776
18,2017-07-14,772,13380,14152
18,2017-07-15,406,12456,12862
18,2017-07-16,82,8217,8299
18,2017-07-18,719,11060,11779
18,2017-07-19,755,11522,12277
18,2017-07-20,650,12323,12973
18,2017-07-21,593,13122,13715
18,2017-07-22,386,11982,12368
18,2017-07-23,91,7741,7832
18,2017-07-24,892,11868,12760
18,2017-07-25,1168,11138,12306
18,2017-07-26,780,12053,12833
18,2017-07-27,188,10896,11084
18,2017-07-28,696,11710,12406
18,2017-07-29,341,11359,11700
18,2017-07-30,111,7685,7796
18,2017-07-31,1006,11212,12218
18,2017-08-01,944,11582,12526
18,2017-08-02,678,10913,11591
18,2017-08-03,350,11242,11592
18,2017-08-04,526,11932,12458
18,2017-08-05,285,10734,11019
18,2017-08-06,91,7740,7831
18,2017-08-07,662,10457,11119
18,2017-08-08,1006,10758,11764
18,2017-08-09,599,10092,10691
18,2017-08-10,656,7304,7960
18,2017-08-11,457,10883,11340
18,2017-08-12,217,10066,10283
18,2017-08-13,85,7009,7094
18,2017-08-14,409,10767,11176
18,2017-08-16,515,10327,10842
18,2017-08-18,120,10708,10828
18,2017-08-19,269,10459,10728
18,2017-08-20,90,7311,7401
18,2017-08-21,508,10732,11240
18,2017-08-22,585,10427,11012
18,2017-08-23,624,11134,11758
18,2017-08-25,912,12910,13822
18,2017-08-26,261,11132,11393
18,2017-08-27,85,7687,7772
18,2017-08-28,615,11351,11966
18,2017-08-29,574,11761,12335
18,2017-08-30,206,10668,10874
18,2017-09-01,565,12755,13320
18,2017-09-02,706,12030,12736
18,2017-09-03,92,7827,7919
18,2017-09-04,649,10806,11455
18,2017-09-05,1290,11958,13248
18,2017-09-06,696,11346,12042
18,2017-09-08,198,12490,12688
18,2017-09-09,90,10960,11050
18,2017-09-10,95,7730,7825
18,2017-09-11,136,10212,10348
18,2017-09-12,639,10787,11426
18,2017-09-13,80,8000,8080
18,2017-09-15,1016,14264,15280
18,2017-09-16,178,11578,11756
18,2017-09-17,124,7556,7680
18,2017-09-18,756,11560,12316
18,2017-09-19,1336,12224,13560
18,2017-09-20,767,9884,10651
18,2017-09-22,1318,14010,15328
18,2017-09-23,538,11875,12413
18,2017-09-24,108,8458,8566
18,2017-09-25,740,11679,12419
18,2017-09-26,883,11561,12444
18,2017-09-27,787,11053,11840
18,2017-09-28,814,13393,14207
18,2017-09-29,727,14285,15012
18,2017-09-30,744,13166,13910
18,2017-10-01,128,9282,9410
18,2017-10-02,554,11110,11664
18,2017-10-03,1148,12330,13478
18,2017-10-04,800,10535,11335
18,2017-10-06,1140,13160,14300
18,2017-10-07,412,12148,12560
18,2017-10-08,89,7998,8087
18,2017-10-09,727,11215,11942
18,2017-10-10,749,11787,12536
18,2017-10-11,794,11914,12708
18,2017-10-12,740,11896,12636
18,2017-10-13,714,13376,14090
18,2017-10-14,473,12739,13212
18,2017-10-15,91,8236,8327
18,2017-10-16,667,12083,12750
18,2017-10-17,857,11681,12538
18,2017-10-18,1478,13102,14580
18,2017-10-20,132,12238,12370
18,2017-10-21,88,11402,11490
18,2017-10-22,28,6488,6516
18,2017-10-23,554,11182,11736
18,2017-10-24,504,11170,11674
18,2017-10-25,670,11524,12194
18,2017-10-26,694,12603,13297
18,2017-10-27,668,13738,14406
18,2017-10-28,483,12927,13410
18,2017-10-29,78,7865,7943
18,2017-10-30,730,12491,13221
18,2017-10-31,754,11647,12401
18,2017-11-01,257,9168,9425
18,2017-11-03,240,11788,12028
18,2017-11-04,508,11812,12320
18,2017-11-05,91,7633,7724
18,2017-11-06,712,10994,11706
18,2017-11-07,799,11776,12575
18,2017-11-08,1058,13046,14104
18,2017-11-09,290,11916,12206
18,2017-11-11,40,10094,10134
18,2017-11-12,162,7282,7444
18,2017-11-13,1206,11684,12890
18,2017-11-14,706,11212,11918
18,2017-11-15,886,11300,12186
18,2017-11-16,779,11980,12759
18,2017-11-17,728,12681,13409
18,2017-11-18,164,10960,11124
18,2017-11-19,28,7220,7248
18,2017-11-20,166,10174,10340
18,2017-11-21,538,11416,11954
18,2017-11-22,795,10913,11708
18,2017-11-24,158,12612,12770
18,2017-11-25,391,12043,12434
18,2017-11-26,80,7949,8029
18,2017-11-27,64,7968,8032
18,2017-11-28,240,11396,11636
18,2017-11-29,692,10682,11374
18,2017-11-30,716,10996,11712
18,2017-12-01,400,13102,13502
18,2017-12-02,454,12318,12772
18,2017-12-03,61,7239,7300
18,2017-12-04,565,11694,12259
18,2017-12-05,707,11576,12283
18,2017-12-06,780,12112,12892
18,2017-12-08,152,12102,12254
18,2017-12-09,378,11704,12082
18,2017-12-12,646,11744,12390
18,2017-12-13,110,5184,5294
18,2017-12-14,154,9240,9394
18,2017-12-16,467,12251,12718
18,2017-12-17,82,7754,7836
18,2017-12-18,130,10340,10470
18,2017-12-19,671,11883,12554
18,2017-12-20,552,12193,12745
18,2017-12-21,440,12505,12945
18,2017-12-22,351,14126,14477
18,2017-12-23,218,12759,12977
18,2017-12-24,24,7897,7921
18,2017-12-25,38,5141,5179
18,2017-12-26,32,8846,8878
18,2017-12-27,38,9572,9610
18,2017-12-28,298,11301,11599
18,2017-12-29,60,6910,6970
18,2017-12-30,26,10156,10182
18,2017-12-31,14,7034,7048
20,2017-01-01,8,2223,2231
20,2017-01-02,60,5409,5469
20,2017-01-03,87,7138,7225
20,2017-01-04,60,6888,6948
20,2017-01-05,98,7288,7386
20,2017-01-06,107,7667,7774
20,2017-01-07,39,4217,4256
20,2017-01-08,21,3108,3129
20,2017-01-09,115,8731,8846
20,2017-01-10,131,9282,9413
20,2017-01-11,96,8837,8933
20,2017-01-12,104,9256,9360
20,2017-01-13,126,8741,8867
20,2017-01-14,37,4628,4665
20,2017-01-15,21,3462,3483
20,2017-01-16,104,8804,8908
20,2017-01-17,138,9333,9471
20,2017-01-18,143,8773,8916
20,2017-01-19,135,9287,9422
20,2017-01-20,130,10714,10844
20,2017-01-21,31,5519,5550
20,2017-01-22,17,3515,3532
20,2017-01-23,147,8743,8890
20,2017-01-24,122,8897,9019
20,2017-01-25,88,8308,8396
20,2017-01-26,197,10533,10730
20,2017-01-27,154,10532,10686
20,2017-01-28,50,5558,5608
20,2017-01-29,15,3768,3783
20,2017-01-30,115,9817,9932
20,2017-01-31,152,10440,10592
20,2017-02-01,190,9828,10018
20,2017-02-02,225,10214,10439
20,2017-02-03,158,10723,10881
20,2017-02-04,48,5958,6006
20,2017-02-05,23,3844,3867
20,2017-02-06,214,9580,9794
20,2017-02-07,166,9902,10068
20,2017-02-08,183,9565,9748
20,2017-02-09,238,10184,10422
20,2017-02-10,199,10204,10403
20,2017-02-11,50,5757,5807
20,2017-02-12,10,3850,3860
20,2017-02-13,255,9727,9982
20,2017-02-14,201,10353,10554
20,2017-02-15,187,9624,9811
20,2017-02-16,167,9928,10095
20,2017-02-17,145,10554,10699
20,2017-02-18,50,5829,5879
20,2017-02-19,24,3954,3978
20,2017-02-20,118,9172,9290
20,2017-02-21,140,9533,9673
20,2017-02-22,149,9449,9598
20,2017-02-23,175,9888,10063
20,2017-02-24,148,10368,10516
20,2017-02-25,47,5692,5739
20,2017-02-26,21,3910,3931
20,2017-02-27,150,8769,8919
20,2017-02-28,135,9260,9395
20,2017-03-01,146,9322,9468
20,2017-03-02,190,9464,9654
20,2017-03-03,172,9650,9822
20,2017-03-04,60,5643,5703
20,2017-03-05,22,3846,3868
20,2017-03-06,173,9428,9601
20,2017-03-07,205,10422,10627
20,2017-03-08,156,9940,10096
20,2017-03-09,167,10274,10441
20,2017-03-10,165,10803,10968
20,2017-03-11,53,6408,6461
20,2017-03-12,18,4272,4290
20,2017-03-13,204,9780,9984
20,2017-03-14,189,10329,10518
20,2017-03-15,191,9891,10082
20,2017-03-16,219,10330,10549
20,2017-03-17,176,10698,10874
20,2017-03-18,38,5968,6006
20,2017-03-19,7,3951,3958
20,2017-03-20,151,9425,9576
20,2017-03-21,184,9911,10095
20,2017-03-22,204,9618,9822
20,2017-03-23,204,10411,10615
20,2017-03-24,203,10611,10814
20,2017-03-25,54,6197,6251
20,2017-03-27,177,9888,10065
20,2017-03-28,198,10226,10424
20,2017-03-29,218,10164,10382
20,2017-03-30,216,11796,12012
20,2017-03-31,199,11183,11382
20,2017-04-01,70,6238,6308
20,2017-04-02,19,4820,4839
20,2017-04-03,199,9133,9332
20,2017-04-04,198,9702,9900
20,2017-04-05,220,9495,9715
20,2017-04-06,211,10032,10243
20,2017-04-07,236,10073,10309
20,2017-04-08,73,6076,6149
20,2017-04-09,29,4368,4397
20,2017-04-10,164,8487,8651
20,2017-04-11,211,9090,9301
20,2017-04-12,193,8871,9064
20,2017-04-13,222,9382,9604
20,2017-04-14,263,10771,11034
20,2017-04-15,58,5617,5675
20,2017-04-16,13,3678,3691
20,2017-04-17,22,3564,3586
20,2017-04-18,180,10070,10250
20,2017-04-19,186,9433,9619
20,2017-04-20,233,9769,10002
20,2017-04-21,223,10756,10979
20,2017-04-22,81,6166,6247
20,2017-04-23,35,4361,4396
20,2017-04-24,175,9514,9689
20,2017-04-25,212,9849,10061
20,2017-04-26,199,10081,10280
20,2017-04-27,246,10487,10733
20,2017-04-28,244,11020,11264
20,2017-04-29,82,6376,6458
20,2017-04-30,19,4397,4416
20,2017-05-01,23,3976,3999
20,2017-05-02,201,9337,9538
20,2017-05-03,210,9064,9274
20,2017-05-04,188,9285,9473
20,2017-05-05,222,9921,10143
20,2017-05-06,50,5876,5926
20,2017-05-07,16,4189,4205
20,2017-05-08,198,9478,9676
20,2017-05-09,268,10321,10589
20,2017-05-10,166,9547,9713
20,2017-05-11,222,9850,10072
20,2017-05-12,158,10287,10445
20,2017-05-13,66,6447,6513
20,2017-05-14,27,4222,4249
20,2017-05-15,178,8815,8993
20,2017-05-16,275,9418,9693
20,2017-05-17,188,9352,9540
20,2017-05-18,220,9656,9876
20,2017-05-19,208,10258,10466
20,2017-05-20,130,6301,6431
20,2017-05-21,30,4541,4571
20,2017-05-22,204,9051,9255
20,2017-05-23,219,9881,10100
20,2017-05-24,270,10109,10379
20,2017-05-25,34,4873,4907
20,2017-05-26,148,8473,8621
20,2017-05-27,59,5697,5756
20,2017-05-28,33,4419,4452
20,2017-05-29,198,9070,9268
20,2017-05-30,227,9462,9689
20,2017-05-31,231,9556,9787
20,2017-06-01,235,10183,10418
20,2017-06-02,200,10340,10540
20,2017-06-03,46,6205,6251
20,2017-06-04,17,4170,4187
20,2017-06-05,32,3892,3924
20,2017-06-06,140,9796,9936
20,2017-06-07,230,9669,9899
20,2017-06-08,228,10335,10563
20,2017-06-09,172,10597,10769
20,2017-06-10,51,6434,6485
20,2017-06-11,22,4299,4321
20,2017-06-12,195,9224,9419
20,2017-06-13,204,9627,9831
20,2017-06-14,174,9388,9562
20,2017-06-15,276,10970,11246
20,2017-06-16,219,10467,10686
20,2017-06-17,63,6149,6212
20,2017-06-18,40,4364,4404
20,2017-06-19,197,9210,9407
20,2017-06-20,237,9813,10050
20,2017-06-21,218,9411,9629
20,2017-06-22,186,10193,10379
20,2017-06-23,69,6404,6473
20,2017-06-24,51,5633,5684
20,2017-06-25,19,4247,4266
20,2017-06-26,184,9114,9298
20,2017-06-27,189,9658,9847
20,2017-06-28,208,10248,10456
20,2017-06-29,219,10377,10596
20,2017-06-30,211,10602,10813
20,2017-07-01,54,6125,6179
20,2017-07-02,25,4351,4376
20,2017-07-03,156,9523,9679
20,2017-07-04,189,9226,9415
20,2017-07-05,216,9072,9288
20,2017-07-06,177,9459,9636
20,2017-07-07,184,9932,10116
20,2017-07-08,71,6199,6270
20,2017-07-09,32,4688,4720
20,2017-07-10,210,9365,9575
20,2017-07-11,204,9364,9568
20,2017-07-12,151,9002,9153
20,2017-07-13,256,9631,9887
20,2017-07-14,396,12244,12640
20,2017-07-15,67,5933,6000
20,2017-07-16,41,4331,4372
20,2017-07-17,206,9004,9210
20,2017-07-18,212,9170,9382
20,2017-07-19,185,9169,9354
20,2017-07-20,256,10780,11036
20,2017-07-21,180,10492,10672
20,2017-07-22,89,5764,5853
20,2017-07-23,40,4244,4284
20,2017-07-24,144,8992,9136
20,2017-07-25,219,9331,9550
20,2017-07-26,251,9031,9282
20,2017-07-27,202,9746,9948
20,2017-07-28,117,9405,9522
20,2017-07-29,61,5368,5429
20,2017-07-30,43,3891,3934
20,2017-07-31,161,7901,8062
20,2017-08-01,114,7962,8076
20,2017-08-02,112,7641,7753
20,2017-08-03,121,8124,8245
20,2017-08-04,119,8327,8446
20,2017-08-05,48,5482,5530
20,2017-08-06,46,4809,4855
20,2017-08-07,141,7284,7425
20,2017-08-08,107,7581,7688
20,2017-08-09,118,7324,7442
20,2017-08-10,120,7976,8096
20,2017-08-11,140,8147,8287
20,2017-08-12,42,4782,4824
20,2017-08-13,27,3324,3351
20,2017-08-14,84,6268,6352
20,2017-08-15,26,3230,3256
20,2017-08-16,127,7751,7878
20,2017-08-17,161,8293,8454
20,2017-08-18,109,8529,8638
20,2017-08-19,51,5088,5139
20,2017-08-20,40,3585,3625
20,2017-08-21,133,7994,8127
20,2017-08-22,164,8367,8531
20,2017-08-23,138,7950,8088
20,2017-08-24,201,8600,8801
20,2017-08-25,145,8813,8958
20,2017-08-26,57,5161,5218
20,2017-08-27,22,3704,3726
20,2017-08-28,156,8356,8512
20,2017-08-29,195,8703,8898
20,2017-08-30,218,9400,9618
20,2017-08-31,217,9318,9535
20,2017-09-01,233,9462,9695
20,2017-09-02,72,5411,5483
20,2017-09-03,29,4483,4512
20,2017-09-04,222,8867,9089
20,2017-09-05,175,9089,9264
20,2017-09-06,181,9000,9181
20,2017-09-07,218,9343,9561
20,2017-09-08,186,9502,9688
20,2017-09-09,58,5546,5604
20,2017-09-10,20,3933,3953
20,2017-09-11,150,9049,9199
20,2017-09-12,192,9339,9531
20,2017-09-13,163,9452,9615
20,2017-09-14,194,9794,9988
20,2017-09-15,201,9996,10197
20,2017-09-16,52,5777,5829
20,2017-09-17,35,4101,4136
20,2017-09-18,161,9072,9233
20,2017-09-19,246,9213,9459
20,2017-09-20,167,9101,9268
20,2017-09-21,231,9542,9773
20,2017-09-22,212,9934,10146
20,2017-09-23,82,5920,6002
20,2017-09-24,34,4295,4329
20,2017-09-25,187,8946,9133
20,2017-09-26,244,9292,9536
20,2017-09-27,202,9008,9210
20,2017-09-28,239,9498,9737
20,2017-09-29,181,9832,10013
20,2017-09-30,46,6004,6050
20,2017-10-01,24,4199,4223
20,2017-10-02,125,8752,8877
20,2017-10-03,264,9818,10082
20,2017-10-04,176,8630,8806
20,2017-10-05,257,9020,9277
20,2017-10-06,177,9493,9670
20,2017-10-07,52,5442,5494
20,2017-10-08,18,3901,3919
20,2017-10-09,193,8460,8653
20,2017-10-10,165,9157,9322
20,2017-10-11,230,8739,8969
20,2017-10-12,186,9006,9192
20,2017-10-13,224,9941,10165
20,2017-10-14,94,6395,6489
20,2017-10-15,27,4199,4226
20,2017-10-16,185,8303,8488
20,2017-10-17,196,8956,9152
20,2017-10-18,241,8460,8701
20,2017-10-19,249,9033,9282
20,2017-10-20,139,9265,9404
20,2017-10-21,40,5471,5511
20,2017-10-22,20,3814,3834
20,2017-10-23,147,8153,8300
20,2017-10-24,160,8816,8976
20,2017-10-25,195,8644,8839
20,2017-10-26,207,9323,9530
20,2017-10-27,149,9659,9808
20,2017-10-28,71,5848,5919
20,2017-10-29,25,3993,4018
20,2017-10-30,205,8324,8529
20,2017-11-01,30,3689,3719
20,2017-11-02,174,8474,8648
20,2017-11-03,181,9182,9363
20,2017-11-04,63,5985,6048
20,2017-11-05,23,3845,3868
20,2017-11-06,150,8620,8770
20,2017-11-07,231,9228,9459
20,2017-11-08,188,9058,9246
20,2017-11-09,195,9397,9592
20,2017-11-10,197,9653,9850
20,2017-11-11,50,6578,6628
20,2017-11-12,20,3493,3513
20,2017-11-13,167,8860,9027
20,2017-11-14,177,8806,8983
20,2017-11-15,168,8867,9035
20,2017-11-16,225,9267,9492
20,2017-11-17,142,9666,9808
20,2017-11-18,63,5889,5952
20,2017-11-19,18,3690,3708
20,2017-11-20,189,8699,8888
20,2017-11-21,168,8675,8843
20,2017-11-22,176,8864,9040
20,2017-11-23,182,9121,9303
20,2017-11-24,131,9924,10055
20,2017-11-25,40,5938,5978
20,2017-11-26,34,3621,3655
20,2017-11-27,134,8767,8901
20,2017-11-28,187,9054,9241
20,2017-11-29,178,8997,9175
20,2017-11-30,186,9479,9665
20,2017-12-01,209,10059,10268
20,2017-12-02,40,5616,5656
20,2017-12-03,27,3336,3363
20,2017-12-04,203,8595,8798
20,2017-12-05,197,8876,9073
20,2017-12-06,170,9055,9225
20,2017-12-07,175,9040,9215
20,2017-12-08,168,9049,9217
20,2017-12-09,43,5213,5256
20,2017-12-10,18,2761,2779
20,2017-12-11,159,8736,8895
20,2017-12-12,158,8877,9035
20,2017-12-13,164,7873,8037
20,2017-12-14,180,9287,9467
20,2017-12-15,152,9775,9927
20,2017-12-16,35,5554,5589
20,2017-12-17,18,3678,3696
20,2017-12-18,123,8103,8226
20,2017-12-19,135,9681,9816
20,2017-12-20,93,9074,9167
20,2017-12-21,129,9580,9709
20,2017-12-22,95,9445,9540
20,2017-12-23,50,5746,5796
20,2017-12-24,17,3314,3331
20,2017-12-25,9,2365,2374
20,2017-12-26,27,3790,3817
20,2017-12-27,74,6348,6422
20,2017-12-28,80,6372,6452
20,2017-12-29,58,4885,4943
20,2017-12-30,26,4863,4889
20,2017-12-31,8,3255,3263
21,2017-02-01,714,9683,10397
21,2017-02-02,712,9863,10575
21,2017-02-03,681,10137,10818
21,2017-02-04,268,6754,7022
21,2017-02-05,52,3846,3898
21,2017-02-06,710,9414,10124
21,2017-02-07,643,9916,10559
21,2017-02-08,641,9641,10282
21,2017-02-09,702,9991,10693
21,2017-02-10,703,10236,10939
21,2017-02-11,276,6386,6662
21,2017-02-12,61,3768,3829
21,2017-02-13,686,9497,10183
21,2017-02-14,711,9924,10635
21,2017-02-15,663,9752,10415
21,2017-02-16,670,9877,10547
21,2017-02-17,643,10203,10846
21,2017-02-18,294,6303,6597
21,2017-02-19,55,3636,3691
21,2017-02-20,628,8809,9437
21,2017-02-21,568,8942,9510
21,2017-02-22,563,8625,9188
21,2017-02-23,641,9383,10024
21,2017-02-24,658,9556,10214
21,2017-02-25,320,6260,6580
21,2017-02-26,63,3875,3938
21,2017-02-27,628,8933,9561
21,2017-02-28,693,9764,10457
21,2017-03-01,644,9805,10449
21,2017-03-02,671,9916,10587
21,2017-03-03,668,10277,10945
21,2017-03-04,293,7142,7435
21,2017-03-05,68,4075,4143
21,2017-03-06,614,9591,10205
21,2017-03-07,662,10016,10678
21,2017-03-08,654,9867,10521
21,2017-03-09,646,10021,10667
21,2017-03-10,709,10538,11247
21,2017-03-11,306,6928,7234
21,2017-03-12,49,4269,4318
21,2017-03-13,682,9706,10388
21,2017-03-14,701,9948,10649
21,2017-03-15,741,9792,10533
21,2017-03-16,729,10171,10900
21,2017-03-17,695,10432,11127
21,2017-03-18,222,6692,6914
21,2017-03-19,69,3976,4045
21,2017-03-20,705,9663,10368
21,2017-03-21,705,10040,10745
21,2017-03-22,724,9758,10482
21,2017-03-23,784,10324,11108
21,2017-03-24,731,10312,11043
21,2017-03-25,371,7197,7568
21,2017-03-27,845,9654,10499
21,2017-03-28,765,10263,11028
21,2017-03-29,791,10035,10826
21,2017-03-30,768,10981,11749
21,2017-03-31,764,10703,11467
21,2017-04-01,330,7687,8017
21,2017-04-02,55,5072,5127
21,2017-04-03,728,9386,10114
21,2017-04-04,761,10121,10882
21,2017-04-05,689,9869,10558
21,2017-04-06,756,9891,10647
21,2017-04-07,716,10286,11002
21,2017-04-08,342,6864,7206
21,2017-04-09,52,4485,4537
21,2017-04-10,736,9355,10091
21,2017-04-11,742,9880,10622
21,2017-04-12,779,9205,9984
21,2017-04-13,764,9967,10731
21,2017-04-14,726,10559,11285
21,2017-04-15,311,6513,6824
21,2017-04-16,60,3234,3294
21,2017-04-17,56,3329,3385
21,2017-04-18,701,9636,10337
21,2017-04-19,664,9519,10183
21,2017-04-20,742,9436,10178
21,2017-04-21,660,10086,10746
21,2017-04-22,319,6651,6970
21,2017-04-23,60,4317,4377
21,2017-04-24,798,9919,10717
21,2017-04-25,699,10103,10802
21,2017-04-26,718,10166,10884
21,2017-04-27,757,10305,11062
21,2017-04-28,713,10697,11410
21,2017-04-29,350,7153,7503
21,2017-04-30,48,4731,4779
21,2017-05-01,66,3290,3356
21,2017-05-02,784,9992,10776
21,2017-05-03,661,9625,10286
21,2017-05-04,704,10371,11075
21,2017-05-05,729,10988,11717
21,2017-05-06,366,7087,7453
21,2017-05-07,71,4419,4490
21,2017-05-08,779,10410,11189
21,2017-05-09,756,10562,11318
21,2017-05-10,809,10168,10977
21,2017-05-11,809,10683,11492
21,2017-05-12,771,10891,11662
21,2017-05-13,376,7720,8096
21,2017-05-14,89,4545,4634
21,2017-05-15,744,10479,11223
21,2017-05-16,779,10789,11568
21,2017-05-17,750,10402,11152
21,2017-05-18,790,10959,11749
21,2017-05-19,739,11023,11762
21,2017-05-20,372,7248,7620
21,2017-05-21,108,5344,5452
21,2017-05-22,783,10358,11141
21,2017-05-23,821,10834,11655
21,2017-05-24,780,11412,12192
21,2017-05-25,86,4236,4322
21,2017-05-26,648,9198,9846
21,2017-05-27,344,6932,7276
21,2017-05-28,71,4450,4521
21,2017-05-29,766,10286,11052
21,2017-05-30,794,10918,11712
21,2017-05-31,750,10747,11497
21,2017-06-01,784,11288,12072
21,2017-06-02,744,11596,12340
21,2017-06-03,344,7124,7468
21,2017-06-04,61,4140,4201
21,2017-06-05,76,3412,3488
21,2017-06-06,721,10585,11306
21,2017-06-07,770,10250,11020
21,2017-06-08,750,10574,11324
21,2017-06-09,720,10520,11240
21,2017-06-10,363,7280,7643
21,2017-06-11,91,4884,4975
21,2017-06-12,767,9983,10750
21,2017-06-13,829,10699,11528
21,2017-06-14,757,10634,11391
21,2017-06-15,840,11626,12466
21,2017-06-16,721,11641,12362
21,2017-06-17,410,7487,7897
21,2017-06-18,132,4915,5047
21,2017-06-19,762,10390,11152
21,2017-06-20,768,10922,11690
21,2017-06-21,766,10888,11654
21,2017-06-22,784,10776,11560
21,2017-06-23,152,4088,4240
21,2017-06-24,348,6805,7153
21,2017-06-25,77,4497,4574
21,2017-06-26,722,10397,11119
21,2017-06-27,733,10767,11500
21,2017-06-28,795,11011,11806
21,2017-06-29,822,11010,11832
21,2017-06-30,752,11389,12141
21,2017-07-01,405,7495,7900
21,2017-07-02,125,4976,5101
21,2017-07-03,698,9744,10442
21,2017-07-04,799,10598,11397
21,2017-07-05,755,10516,11271
21,2017-07-06,789,11019,11808
21,2017-07-07,794,11423,12217
21,2017-07-08,412,7093,7505
21,2017-07-09,168,5085,5253
21,2017-07-10,730,10578,11308
21,2017-07-11,750,11030,11780
21,2017-07-12,700,10928,11628
21,2017-07-13,767,10915,11682
21,2017-07-14,757,12671,13428
21,2017-07-15,354,6666,7020
21,2017-07-16,69,4226,4295
21,2017-07-17,673,9782,10455
21,2017-07-18,778,10301,11079
21,2017-07-19,728,9907,10635
21,2017-07-20,682,10618,11300
21,2017-07-21,784,12635,13419
21,2017-07-22,334,6417,6751
21,2017-07-23,80,4107,4187
21,2017-07-24,668,9982,10650
21,2017-07-25,732,10007,10739
21,2017-07-26,769,10039,10808
21,2017-07-27,633,9986,10619
21,2017-07-28,594,10010,10604
21,2017-07-29,322,6167,6489
21,2017-07-30,81,4104,4185
21,2017-07-31,551,8663,9214
21,2017-08-01,526,9136,9662
21,2017-08-02,550,8588,9138
21,2017-08-03,559,8862,9421
21,2017-08-04,554,9107,9661
21,2017-08-05,297,6421,6718
21,2017-08-06,81,4886,4967
21,2017-08-07,558,8693,9251
21,2017-08-08,516,8719,9235
21,2017-08-09,542,8358,8900
21,2017-08-10,567,8834,9401
21,2017-08-11,575,9018,9593
21,2017-08-12,293,5398,5691
21,2017-08-13,65,3560,3625
21,2017-08-14,487,7023,7510
21,2017-08-15,76,2933,3009
21,2017-08-16,512,8428,8940
21,2017-08-17,549,8626,9175
21,2017-08-18,478,8647,9125
21,2017-08-19,291,5809,6100
21,2017-08-20,75,3671,3746
21,2017-08-21,639,8562,9201
21,2017-08-22,581,8701,9282
21,2017-08-23,605,8573,9178
21,2017-08-24,627,8989,9616
21,2017-08-25,585,9237,9822
21,2017-08-26,302,5675,5977
21,2017-08-27,69,3678,3747
21,2017-08-28,648,8864,9512
21,2017-08-29,661,9160,9821
21,2017-08-30,846,10940,11786
21,2017-08-31,611,9710,10321
21,2017-09-01,630,9850,10480
21,2017-09-02,333,6600,6933
21,2017-09-03,72,4632,4704
21,2017-09-04,686,9244,9930
21,2017-09-05,712,9505,10217
21,2017-09-06,683,9442,10125
21,2017-09-07,705,9573,10278
21,2017-09-08,718,9766,10484
21,2017-09-09,309,6260,6569
21,2017-09-10,57,4193,4250
21,2017-09-11,683,9950,10633
21,2017-09-12,689,10155,10844
21,2017-09-13,703,10811,11514
21,2017-09-14,682,11070,11752
21,2017-09-15,748,10500,11248
21,2017-09-16,313,6950,7263
21,2017-09-17,61,4260,4321
21,2017-09-18,725,9666,10391
21,2017-09-19,624,9839,10463
21,2017-09-20,622,9731,10353
21,2017-09-21,588,10534,11122
21,2017-09-22,623,10508,11131
21,2017-09-23,265,6866,7131
21,2017-09-24,62,4565,4627
21,2017-09-25,726,10265,10991
21,2017-09-26,722,10597,11319
21,2017-09-27,729,10425,11154
21,2017-09-28,681,10633,11314
21,2017-09-29,671,11094,11765
21,2017-09-30,248,6663,6911
21,2017-10-01,58,4678,4736
21,2017-10-02,642,9995,10637
21,2017-10-03,741,10972,11713
21,2017-10-04,715,10310,11025
21,2017-10-05,717,9858,10575
21,2017-10-06,631,10823,11454
21,2017-10-07,295,7122,7417
21,2017-10-08,65,4538,4603
21,2017-10-09,738,9826,10564
21,2017-10-10,677,10293,10970
21,2017-10-11,698,10553,11251
21,2017-10-12,705,10707,11412
21,2017-10-13,736,10502,11238
21,2017-10-14,448,10509,10957
21,2017-10-15,56,4532,4588
21,2017-10-16,717,9864,10581
21,2017-10-17,709,10180,10889
21,2017-10-18,694,10236,10930
21,2017-10-19,773,10569,11342
21,2017-10-20,756,11003,11759
21,2017-10-21,286,7125,7411
21,2017-10-22,49,4491,4540
21,2017-10-23,744,9815,10559
21,2017-10-24,728,10512,11240
21,2017-10-25,757,10164,10921
21,2017-10-26,808,10713,11521
21,2017-10-27,760,10873,11633
21,2017-10-28,323,7002,7325
21,2017-10-29,70,3979,4049
21,2017-10-30,697,9732,10429
21,2017-11-01,64,3689,3753
21,2017-11-02,629,9246,9875
21,2017-11-03,629,9494,10123
21,2017-11-04,342,6422,6764
21,2017-11-05,56,3982,4038
21,2017-11-06,751,9798,10549
21,2017-11-07,735,10207,10942
21,2017-11-08,639,9421,10060
21,2017-11-09,732,10651,11383
21,2017-11-10,726,10325,11051
21,2017-11-11,252,7604,7856
21,2017-11-12,47,3658,3705
21,2017-11-13,700,10085,10785
21,2017-11-14,699,10317,11016
21,2017-11-15,684,10271,10955
21,2017-11-16,758,10840,11598
21,2017-11-17,751,10942,11693
21,2017-11-18,306,6958,7264
21,2017-11-19,55,4097,4152
21,2017-11-20,698,9636,10334
21,2017-11-21,621,10032,10653
21,2017-11-22,717,10055,10772
21,2017-11-23,677,10298,10975
21,2017-11-24,632,10152,10784
21,2017-11-25,267,7305,7572
21,2017-11-26,51,4324,4375
21,2017-11-27,650,9342,9992
21,2017-11-28,696,10139,10835
21,2017-11-29,684,10016,10700
21,2017-11-30,739,10810,11549
21,2017-12-01,717,10607,11324
21,2017-12-02,313,7053,7366
21,2017-12-03,47,3960,4007
21,2017-12-04,717,9951,10668
21,2017-12-05,723,10370,11093
21,2017-12-06,748,10046,10794
21,2017-12-07,803,10216,11019
21,2017-12-08,671,10088,10759
21,2017-12-09,296,6865,7161
21,2017-12-10,66,3158,3224
21,2017-12-11,673,9482,10155
21,2017-12-12,735,10179,10914
21,2017-12-13,680,9073,9753
21,2017-12-14,703,10526,11229
21,2017-12-15,591,10475,11066
21,2017-12-16,251,6701,6952
21,2017-12-17,46,4099,4145
21,2017-12-18,520,9142,9662
21,2017-12-19,519,9565,10084
21,2017-12-20,522,9505,10027
21,2017-12-21,487,9905,10392
21,2017-12-22,451,9735,10186
21,2017-12-23,242,6917,7159
21,2017-12-24,46,4262,4308
21,2017-12-25,27,2413,2440
21,2017-12-26,42,2754,2796
21,2017-12-27,400,7149,7549
21,2017-12-28,410,7204,7614
21,2017-12-29,397,6967,7364
21,2017-12-30,222,6012,6234
21,2017-12-31,42,3865,3907
24,2017-04-21,271,8540,8811
24,2017-04-22,183,6777,6960
24,2017-04-23,62,5148,5210
24,2017-04-24,335,7777,8112
24,2017-04-25,324,8218,8542
24,2017-04-26,325,8262,8587
24,2017-04-27,376,8673,9049
24,2017-04-28,374,8988,9362
24,2017-04-29,226,7416,7642
24,2017-04-30,65,5134,5199
24,2017-05-01,69,4616,4685
24,2017-05-02,366,8676,9042
24,2017-05-03,344,8162,8506
24,2017-05-04,323,8527,8850
24,2017-05-05,354,8991,9345
24,2017-05-06,214,7203,7417
24,2017-05-07,56,5053,5109
24,2017-05-08,264,7919,8183
24,2017-05-09,289,8426,8715
24,2017-05-10,282,8024,8306
24,2017-05-11,259,8437,8696
24,2017-05-12,307,9005,9312
24,2017-05-13,218,7182,7400
24,2017-05-14,57,5012,5069
24,2017-05-15,301,8032,8333
24,2017-05-16,298,8445,8743
24,2017-05-17,304,8221,8525
24,2017-05-18,317,8123,8440
24,2017-05-19,309,8853,9162
24,2017-05-20,193,6989,7182
24,2017-05-21,63,5139,5202
24,2017-05-22,282,8091,8373
24,2017-05-23,288,8331,8619
24,2017-05-24,296,8762,9058
24,2017-05-25,60,5579,5639
24,2017-05-26,276,8755,9031
24,2017-05-27,180,6931,7111
24,2017-05-28,56,5529,5585
24,2017-05-29,321,8076,8397
24,2017-05-30,303,8621,8924
24,2017-05-31,291,8517,8808
24,2017-06-01,309,8572,8881
24,2017-06-02,298,8764,9062
24,2017-06-03,201,6911,7112
24,2017-06-04,58,4833,4891
24,2017-06-05,64,5097,5161
24,2017-06-06,301,8248,8549
24,2017-06-07,300,7536,7836
24,2017-06-08,295,8175,8470
24,2017-06-09,310,8555,8865
24,2017-06-10,210,7026,7236
24,2017-06-11,56,5475,5531
24,2017-06-12,295,7780,8075
24,2017-06-13,273,8350,8623
24,2017-06-14,281,8129,8410
24,2017-06-15,312,8290,8602
24,2017-06-16,279,8788,9067
24,2017-06-17,203,6948,7151
24,2017-06-18,69,5230,5299
24,2017-06-19,293,7865,8158
24,2017-06-20,296,8261,8557
24,2017-06-21,283,8409,8692
24,2017-06-22,306,8677,8983
24,2017-06-23,95,7187,7282
24,2017-06-24,211,6509,6720
24,2017-06-25,58,4829,4887
24,2017-06-26,296,8058,8354
24,2017-06-27,296,8166,8462
24,2017-06-28,285,8349,8634
24,2017-06-29,299,8893,9192
24,2017-06-30,313,8754,9067
24,2017-07-01,179,6921,7100
24,2017-07-02,60,4974,5034
24,2017-07-03,183,7521,7704
24,2017-07-04,261,7881,8142
24,2017-07-05,281,7983,8264
24,2017-07-06,273,7995,8268
24,2017-07-07,267,8303,8570
24,2017-07-08,200,7252,7452
24,2017-07-09,67,5109,5176
24,2017-07-10,304,7562,7866
24,2017-07-11,264,7819,8083
24,2017-07-12,251,7607,7858
24,2017-07-13,285,7999,8284
24,2017-07-14,265,8073,8338
24,2017-07-15,216,6689,6905
24,2017-07-16,59,4813,4872
24,2017-07-17,246,7327,7573
24,2017-07-18,226,7533,7759
24,2017-07-19,241,7221,7462
24,2017-07-20,248,7482,7730
24,2017-07-21,265,8182,8447
24,2017-07-22,233,6366,6599
24,2017-07-23,61,4838,4899
24,2017-07-24,277,7098,7375
24,2017-07-25,347,7399,7746
24,2017-07-26,388,7542,7930
24,2017-07-27,247,7711,7958
24,2017-07-28,267,7867,8134
24,2017-07-29,194,5789,5983
24,2017-07-30,59,4259,4318
24,2017-07-31,257,6645,6902
24,2017-08-01,246,6892,7138
24,2017-08-02,226,6684,6910
24,2017-08-03,245,6665,6910
24,2017-08-04,223,6901,7124
24,2017-08-05,192,5430,5622
24,2017-08-06,64,4336,4400
24,2017-08-07,237,6123,6360
24,2017-08-08,240,6282,6522
24,2017-08-09,229,6106,6335
24,2017-08-10,225,6265,6490
24,2017-08-11,219,6485,6704
24,2017-08-12,165,4965,5130
24,2017-08-13,55,3826,3881
24,2017-08-14,220,5909,6129
24,2017-08-15,56,3757,3813
24,2017-08-16,221,6147,6368
24,2017-08-17,213,6250,6463
24,2017-08-18,214,6422,6636
24,2017-08-19,173,5291,5464
24,2017-08-20,59,4128,4187
24,2017-08-21,231,6513,6744
24,2017-08-22,217,6983,7200
24,2017-08-23,235,6932,7167
24,2017-08-24,242,7146,7388
24,2017-08-25,259,7485,7744
24,2017-08-26,194,5985,6179
24,2017-08-27,58,4398,4456
24,2017-08-28,254,7282,7536
24,2017-08-29,228,8137,8365
24,2017-08-30,235,7420,7655
24,2017-08-31,329,8330,8659
24,2017-09-01,282,7894,8176
24,2017-09-02,229,6104,6333
24,2017-09-03,61,4625,4686
24,2017-09-04,321,7196,7517
24,2017-09-05,297,7592,7889
24,2017-09-06,299,7420,7719
24,2017-09-07,295,7577,7872
24,2017-09-08,256,7983,8239
24,2017-09-09,163,6169,6332
24,2017-09-10,65,4667,4732
24,2017-09-11,269,7477,7746
24,2017-09-12,252,7422,7674
24,2017-09-13,240,7049,7289
24,2017-09-14,255,8047,8302
24,2017-09-15,274,8629,8903
24,2017-09-16,193,6872,7065
24,2017-09-17,52,4722,4774
24,2017-09-18,283,7994,8277
24,2017-09-19,323,8332,8655
24,2017-09-20,275,7934,8209
24,2017-09-21,329,8276,8605
24,2017-09-22,306,8808,9114
24,2017-09-23,231,7183,7414
24,2017-09-24,69,5323,5392
24,2017-09-25,316,8211,8527
24,2017-09-26,297,8102,8399
24,2017-09-27,318,8162,8480
24,2017-09-28,291,8541,8832
24,2017-09-29,297,9138,9435
24,2017-09-30,188,7217,7405
24,2017-10-01,56,5097,5153
24,2017-10-02,243,8198,8441
24,2017-10-03,299,8244,8543
24,2017-10-04,333,7948,8281
24,2017-10-05,280,8172,8452
24,2017-10-06,337,9088,9425
24,2017-10-07,231,7149,7380
24,2017-10-08,67,5081,5148
24,2017-10-09,284,8246,8530
24,2017-10-10,286,8437,8723
24,2017-10-11,320,8082,8402
24,2017-10-12,284,8524,8808
24,2017-10-13,278,8843,9121
24,2017-10-14,190,7321,7511
24,2017-10-15,57,4982,5039
24,2017-10-16,283,8338,8621
24,2017-10-17,386,8311,8697
24,2017-10-18,402,8187,8589
24,2017-10-19,286,8704,8990
24,2017-10-20,291,8531,8822
24,2017-10-21,189,6921,7110
24,2017-10-22,53,4641,4694
24,2017-10-23,238,7860,8098
24,2017-10-24,203,8169,8372
24,2017-10-25,296,8287,8583
24,2017-10-26,298,8448,8746
24,2017-10-27,292,8618,8910
24,2017-10-28,196,7648,7844
24,2017-10-29,57,4849,4906
24,2017-10-30,353,8086,8439
24,2017-11-01,68,5256,5324
24,2017-11-02,292,7536,7828
24,2017-11-03,317,7731,8048
24,2017-11-04,212,6635,6847
24,2017-11-05,69,4550,4619
24,2017-11-06,373,7796,8169
24,2017-11-07,364,8111,8475
24,2017-11-08,269,7585,7854
24,2017-11-09,321,8368,8689
24,2017-11-10,319,8758,9077
24,2017-11-11,202,6911,7113
24,2017-11-12,71,4578,4649
24,2017-11-13,365,7824,8189
24,2017-11-14,332,8076,8408
24,2017-11-15,369,7687,8056
24,2017-11-16,359,8053,8412
24,2017-11-17,359,8278,8637
24,2017-11-18,228,6830,7058
24,2017-11-19,60,4741,4801
24,2017-11-20,311,7547,7858
24,2017-11-21,312,7963,8275
24,2017-11-22,328,7529,7857
24,2017-11-23,368,7279,7647
24,2017-11-24,289,8767,9056
24,2017-11-25,203,6916,7119
24,2017-11-26,64,4842,4906
24,2017-11-27,310,7882,8192
24,2017-11-28,352,8583,8935
24,2017-11-29,318,8179,8497
24,2017-11-30,357,8026,8383
24,2017-12-01,367,8821,9188
24,2017-12-02,229,7039,7268
24,2017-12-03,67,4425,4492
24,2017-12-04,401,7871,8272
24,2017-12-05,330,8106,8436
24,2017-12-06,392,7828,8220
24,2017-12-07,342,8195,8537
24,2017-12-08,347,8570,8917
24,2017-12-09,216,6773,6989
24,2017-12-10,71,3795,3866
24,2017-12-11,327,8061,8388
24,2017-12-12,354,8166,8520
24,2017-12-13,228,5466,5694
24,2017-12-14,352,7921,8273
24,2017-12-15,356,8421,8777
24,2017-12-16,197,6834,7031
24,2017-12-17,61,4531,4592
24,2017-12-18,232,6852,7084
24,2017-12-19,250,8035,8285
24,2017-12-20,277,8067,8344
24,2017-12-21,258,8352,8610
24,2017-12-22,256,8880,9136
24,2017-12-23,186,6958,7144
24,2017-12-24,44,4719,4763
24,2017-12-25,34,3328,3362
24,2017-12-26,44,4836,4880
24,2017-12-27,216,6365,6581
24,2017-12-28,261,6625,6886
24,2017-12-29,193,4769,4962
24,2017-12-30,170,5908,6078
24,2017-12-31,52,4511,4563
25,2017-03-24,323,15323,15646
25,2017-03-25,141,11928,12069
25,2017-03-27,320,14060,14380
25,2017-03-28,320,14810,15130
25,2017-03-29,300,14819,15119
25,2017-03-30,347,15127,15474
25,2017-03-31,326,15897,16223
25,2017-04-01,149,11779,11928
25,2017-04-02,36,7743,7779
25,2017-04-03,296,13177,13473
25,2017-04-04,335,14217,14552
25,2017-04-05,340,13995,14335
25,2017-04-06,364,13978,14342
25,2017-04-07,330,15157,15487
25,2017-04-08,154,11904,12058
25,2017-04-09,40,8095,8135
25,2017-04-10,300,13209,13509
25,2017-04-11,323,13629,13952
25,2017-04-12,330,13442,13772
25,2017-04-13,330,13650,13980
25,2017-04-14,311,14751,15062
25,2017-04-15,148,11077,11225
25,2017-04-16,23,6403,6426
25,2017-04-17,26,6021,6047
25,2017-04-18,288,14265,14553
25,2017-04-19,335,14183,14518
25,2017-04-20,343,14414,14757
25,2017-04-21,344,15220,15564
25,2017-04-22,172,11555,11727
25,2017-04-23,32,7866,7898
25,2017-04-24,306,13927,14233
25,2017-04-25,302,14764,15066
25,2017-04-26,306,14564,14870
25,2017-04-27,285,15115,15400
25,2017-04-28,326,15891,16217
25,2017-04-29,194,12292,12486
25,2017-04-30,40,8044,8084
25,2017-05-01,32,6578,6610
25,2017-05-02,300,15042,15342
25,2017-05-03,236,14133,14369
25,2017-05-04,256,14773,15029
25,2017-05-05,284,15660,15944
25,2017-05-06,141,11728,11869
25,2017-05-07,42,7637,7679
25,2017-05-08,290,14034,14324
25,2017-05-09,246,14729,14975
25,2017-05-10,298,14608,14906
25,2017-05-11,312,14623,14935
25,2017-05-12,298,16029,16327
25,2017-05-13,158,11926,12084
25,2017-05-14,47,8019,8066
25,2017-05-15,287,14232,14519
25,2017-05-16,300,14584,14884
25,2017-05-17,255,14515,14770
25,2017-05-18,273,14523,14796
25,2017-05-19,247,15202,15449
25,2017-05-20,181,11643,11824
25,2017-05-21,33,8171,8204
25,2017-05-22,271,14079,14350
25,2017-05-23,293,14659,14952
25,2017-05-24,314,15560,15874
25,2017-05-25,56,7598,7654
25,2017-05-26,236,14724,14960
25,2017-05-27,116,11214,11330
25,2017-05-28,33,7792,7825
25,2017-05-29,246,14200,14446
25,2017-05-30,247,14362,14609
25,2017-05-31,286,14645,14931
25,2017-06-01,294,14963,15257
25,2017-06-02,265,15276,15541
25,2017-06-03,119,11992,12111
25,2017-06-04,47,7852,7899
25,2017-06-05,38,6665,6703
25,2017-06-06,254,12935,13189
25,2017-06-07,307,14028,14335
25,2017-06-08,326,14589,14915
25,2017-06-09,294,15079,15373
25,2017-06-10,118,11417,11535
25,2017-06-11,37,7723,7760
25,2017-06-12,283,14234,14517
25,2017-06-13,296,14466,14762
25,2017-06-14,299,14243,14542
25,2017-06-15,326,14921,15247
25,2017-06-16,331,16438,16769
25,2017-06-17,188,11935,12123
25,2017-06-18,47,7380,7427
25,2017-06-19,260,13754,14014
25,2017-06-20,332,14912,15244
25,2017-06-21,331,14594,14925
25,2017-06-22,350,15407,15757
25,2017-06-23,102,11589,11691
25,2017-06-24,161,11410,11571
25,2017-06-25,49,7731,7780
25,2017-06-26,294,13562,13856
25,2017-06-27,240,13304,13544
25,2017-06-28,256,13019,13275
25,2017-06-29,329,14428,14757
25,2017-06-30,332,15169,15501
25,2017-07-01,114,11346,11460
25,2017-07-02,47,7935,7982
25,2017-07-03,253,12913,13166
25,2017-07-04,277,13809,14086
25,2017-07-05,406,13578,13984
25,2017-07-06,327,14144,14471
25,2017-07-07,266,14812,15078
25,2017-07-08,155,11565,11720
25,2017-07-09,64,7844,7908
25,2017-07-10,262,13054,13316
25,2017-07-11,271,13344,13615
25,2017-07-12,258,13165,13423
25,2017-07-13,292,13818,14110
25,2017-07-14,371,14490,14861
25,2017-07-15,147,10777,10924
25,2017-07-16,44,7102,7146
25,2017-07-17,237,12525,12762
25,2017-07-18,292,13131,13423
25,2017-07-19,268,13031,13299
25,2017-07-20,273,13567,13840
25,2017-07-21,256,14085,14341
25,2017-07-22,149,10380,10529
25,2017-07-23,29,6886,6915
25,2017-07-24,245,12131,12376
25,2017-07-25,303,13245,13548
25,2017-07-26,328,13152,13480
25,2017-07-27,260,13300,13560
25,2017-07-28,235,13720,13955
25,2017-07-29,93,9732,9825
25,2017-07-30,30,6551,6581
25,2017-07-31,168,11279,11447
25,2017-08-01,170,10851,11021
25,2017-08-02,196,11548,11744
25,2017-08-03,208,11608,11816
25,2017-08-04,184,12271,12455
25,2017-08-05,94,8788,8882
25,2017-08-06,38,6311,6349
25,2017-08-07,170,10742,10912
25,2017-08-08,170,11062,11232
25,2017-08-09,220,10934,11154
25,2017-08-10,215,11200,11415
25,2017-08-11,179,11686,11865
25,2017-08-12,88,8353,8441
25,2017-08-13,38,5986,6024
25,2017-08-14,125,9806,9931
25,2017-08-15,26,5213,5239
25,2017-08-16,173,11241,11414
25,2017-08-17,195,11487,11682
25,2017-08-18,164,11390,11554
25,2017-08-19,93,8927,9020
25,2017-08-20,28,6436,6464
25,2017-08-21,193,11617,11810
25,2017-08-22,252,12256,12508
25,2017-08-23,232,12037,12269
25,2017-08-24,259,12564,12823
25,2017-08-25,213,12998,13211
25,2017-08-26,96,9713,9809
25,2017-08-27,26,6720,6746
25,2017-08-28,239,12417,12656
25,2017-08-29,251,13195,13446
25,2017-08-30,282,13606,13888
25,2017-08-31,247,13964,14211
25,2017-09-01,267,14170,14437
25,2017-09-02,133,10142,10275
25,2017-09-03,46,7227,7273
25,2017-09-04,260,13008,13268
25,2017-09-05,298,13730,14028
25,2017-09-06,276,13629,13905
25,2017-09-07,344,13699,14043
25,2017-09-08,310,14687,14997
25,2017-09-09,124,10239,10363
25,2017-09-10,43,7365,7408
25,2017-09-11,252,13155,13407
25,2017-09-12,323,13769,14092
25,2017-09-13,201,10527,10728
25,2017-09-14,300,14382,14682
25,2017-09-15,319,14772,15091
25,2017-09-16,146,11417,11563
25,2017-09-17,42,7512,7554
25,2017-09-18,299,14081,14380
25,2017-09-19,315,14373,14688
25,2017-09-20,282,14233,14515
25,2017-09-21,316,14485,14801
25,2017-09-22,309,15266,15575
25,2017-09-23,173,11515,11688
25,2017-09-24,29,7933,7962
25,2017-09-25,316,14138,14454
25,2017-09-26,303,14693,14996
25,2017-09-27,298,14198,14496
25,2017-09-28,328,14574,14902
25,2017-09-29,322,15712,16034
25,2017-09-30,171,11339,11510
25,2017-10-01,43,7801,7844
25,2017-10-02,269,14249,14518
25,2017-10-03,296,14637,14933
25,2017-10-04,352,14829,15181
25,2017-10-05,321,14746,15067
25,2017-10-06,286,15126,15412
25,2017-10-07,149,11605,11754
25,2017-10-08,21,7778,7799
25,2017-10-09,290,14090,14380
25,2017-10-10,319,14648,14967
25,2017-10-11,306,14425,14731
25,2017-10-12,308,14780,15088
25,2017-10-13,349,16031,16380
25,2017-10-14,130,11626,11756
25,2017-10-15,50,7938,7988
25,2017-10-16,293,13922,14215
25,2017-10-17,319,14536,14855
25,2017-10-18,294,14554,14848
25,2017-10-19,322,14664,14986
25,2017-10-20,270,15065,15335
25,2017-10-21,154,11555,11709
25,2017-10-22,24,7227,7251
25,2017-10-23,264,14003,14267
25,2017-10-24,245,14498,14743
25,2017-10-25,292,14473,14765
25,2017-10-26,297,14770,15067
25,2017-10-27,281,16313,16594
25,2017-10-28,139,11857,11996
25,2017-10-29,29,7318,7347
25,2017-10-30,276,13648,13924
25,2017-11-01,52,7054,7106
25,2017-11-02,309,13436,13745
25,2017-11-03,349,14232,14581
25,2017-11-04,134,11540,11674
25,2017-11-05,38,7178,7216
25,2017-11-06,284,14174,14458
25,2017-11-07,347,14941,15288
25,2017-11-08,213,13595,13808
25,2017-11-09,349,14814,15163
25,2017-11-10,245,14609,14854
25,2017-11-11,89,11167,11256
25,2017-11-12,31,6448,6479
25,2017-11-13,303,14122,14425
25,2017-11-14,288,14585,14873
25,2017-11-15,360,14455,14815
25,2017-11-16,368,15000,15368
25,2017-11-17,321,15542,15863
25,2017-11-18,171,11758,11929
25,2017-11-19,48,7523,7571
25,2017-11-20,276,13881,14157
25,2017-11-21,236,14390,14626
25,2017-11-22,286,14448,14734
25,2017-11-23,359,15282,15641
25,2017-11-24,260,15134,15394
25,2017-11-25,126,12045,12171
25,2017-11-26,30,7688,7718
25,2017-11-27,266,13020,13286
25,2017-11-28,298,14751,15049
25,2017-11-29,299,14271,14570
25,2017-11-30,301,14773,15074
25,2017-12-01,328,15405,15733
25,2017-12-02,148,11515,11663
25,2017-12-03,33,6857,6890
25,2017-12-04,302,13848,14150
25,2017-12-05,277,14429,14706
25,2017-12-06,309,14303,14612
25,2017-12-07,294,14264,14558
25,2017-12-08,274,14729,15003
25,2017-12-09,143,10643,10786
25,2017-12-10,40,5449,5489
25,2017-12-11,201,12849,13050
25,2017-12-12,309,14767,15076
25,2017-12-13,246,12639,12885
25,2017-12-14,290,15011,15301
25,2017-12-15,244,14902,15146
25,2017-12-16,106,11789,11895
25,2017-12-17,48,7623,7671
25,2017-12-18,201,13674,13875
25,2017-12-19,265,13935,14200
25,2017-12-20,230,14052,14282
25,2017-12-21,218,13859,14077
25,2017-12-22,186,14659,14845
25,2017-12-23,90,10848,10938
25,2017-12-24,22,6757,6779
25,2017-12-25,20,4365,4385
25,2017-12-26,35,6517,6552
25,2017-12-27,110,10483,10593
25,2017-12-28,167,11197,11364
25,2017-12-29,129,9801,9930
25,2017-12-30,54,9846,9900
25,2017-12-31,18,6399,6417
26,2017-03-24,2000,30434,32434
26,2017-03-27,2043,27794,29837
26,2017-03-28,2027,28778,30805
26,2017-03-29,2092,29088,31180
26,2017-03-30,2111,29061,31172
26,2017-03-31,2015,31036,33051
26,2017-04-02,194,18451,18645
26,2017-04-03,1914,24397,26311
26,2017-04-04,2045,22736,24781
26,2017-04-05,2103,22768,24871
26,2017-04-06,2091,22885,24976
26,2017-04-07,2125,24017,26142
26,2017-04-09,19,977,996
26,2017-04-25,1386,18429,19815
26,2017-04-27,2265,28894,31159
26,2017-04-28,2062,30393,32455
26,2017-04-29,763,28040,28803
26,2017-04-30,182,18784,18966
26,2017-05-01,204,15336,15540
26,2017-05-02,2172,28874,31046
26,2017-05-04,2160,29030,31190
26,2017-05-05,2164,30646,32810
26,2017-05-06,754,28103,28857
26,2017-05-07,181,18259,18440
26,2017-05-08,1926,28127,30053
26,2017-05-09,2281,28575,30856
26,2017-05-11,2351,28688,31039
26,2017-05-12,2262,30602,32864
26,2017-05-13,642,29744,30386
26,2017-05-14,194,18007,18201
26,2017-05-15,2014,27918,29932
26,2017-05-16,2019,28256,30275
26,2017-05-18,2149,28963,31112
26,2017-05-19,1922,30152,32074
26,2017-05-20,780,27837,28617
26,2017-05-21,225,19071,19296
26,2017-05-22,2074,27536,29610
26,2017-05-23,2207,29014,31221
26,2017-05-25,311,20706,21017
26,2017-05-26,1736,30066,31802
26,2017-05-27,654,27139,27793
26,2017-05-28,191,18024,18215
26,2017-05-29,2019,28279,30298
26,2017-05-30,2102,28762,30864
26,2017-06-01,2088,29589,31677
26,2017-06-02,2063,30944,33007
26,2017-06-03,859,27218,28077
26,2017-06-04,197,17519,17716
26,2017-06-05,231,18181,18412
26,2017-06-06,1892,26899,28791
26,2017-06-08,2036,28285,30321
26,2017-06-09,1922,29284,31206
26,2017-06-10,821,26818,27639
26,2017-06-11,194,18525,18719
26,2017-06-12,2087,28537,30624
26,2017-06-13,1969,25365,27334
26,2017-06-15,2059,29424,31483
26,2017-06-16,2156,31324,33480
26,2017-06-17,1022,28074,29096
26,2017-06-18,273,19367,19640
26,2017-06-19,2109,28051,30160
26,2017-06-20,2191,29032,31223
26,2017-06-22,2134,27462,29596
26,2017-06-23,1065,25635,26700
26,2017-06-24,760,27187,27947
26,2017-06-25,186,18807,18993
26,2017-06-26,2166,28067,30233
26,2017-06-27,2087,28364,30451
26,2017-06-29,1994,30328,32322
26,2017-06-30,2039,31243,33282
26,2017-07-01,609,27469,28078
26,2017-07-02,209,19193,19402
26,2017-07-03,1898,27739,29637
26,2017-07-04,2038,29815,31853
26,2017-07-06,2128,28839,30967
26,2017-07-07,1977,30224,32201
26,2017-07-08,742,28227,28969
26,2017-07-09,210,18806,19016
26,2017-07-10,2034,29690,31724
26,2017-07-11,1816,27747,29563
26,2017-07-13,2116,29429,31545
26,2017-07-14,2039,30607,32646
26,2017-07-15,665,25614,26279
26,2017-07-16,211,16310,16521
26,2017-07-17,1891,26983,28874
26,2017-07-18,1883,27749,29632
26,2017-07-20,2020,28293,30313
26,2017-07-21,1891,29899,31790
26,2017-07-22,782,26035,26817
26,2017-07-23,196,15740,15936
26,2017-07-24,1757,26383,28140
26,2017-07-25,2098,27423,29521
26,2017-07-26,2024,27876,29900
26,2017-07-27,1854,27634,29488
26,2017-07-28,1838,28718,30556
26,2017-07-29,579,23323,23902
26,2017-07-30,177,15355,15532
26,2017-07-31,1758,25028,26786
26,2017-08-01,1657,25040,26697
26,2017-08-02,1772,25498,27270
26,2017-08-03,1611,25286,26897
26,2017-08-04,1749,26201,27950
26,2017-08-05,503,21228,21731
26,2017-08-06,163,14967,15130
26,2017-08-07,1557,23784,25341
26,2017-08-08,1490,24103,25593
26,2017-08-09,1635,24251,25886
26,2017-08-10,1577,24385,25962
26,2017-08-11,1546,25127,26673
26,2017-08-12,440,20011,20451
26,2017-08-13,145,14107,14252
26,2017-08-14,1207,22655,23862
26,2017-08-15,294,13538,13832
26,2017-08-16,1495,24227,25722
26,2017-08-18,1361,24399,25760
26,2017-08-19,468,20822,21290
26,2017-08-20,181,15109,15290
26,2017-08-21,1593,25175,26768
26,2017-08-22,1625,26012,27637
26,2017-08-23,1784,26381,28165
26,2017-08-25,1703,27220,28923
26,2017-08-26,520,22455,22975
26,2017-08-27,160,15470,15630
26,2017-08-28,1868,26869,28737
26,2017-08-29,2042,28742,30784
26,2017-08-30,2052,27888,29940
26,2017-09-01,1994,28599,30593
26,2017-09-02,697,23594,24291
26,2017-09-03,210,16660,16870
26,2017-09-04,2014,26616,28630
26,2017-09-05,2035,27679,29714
26,2017-09-06,2143,27234,29377
26,2017-09-08,2167,28913,31080
26,2017-09-09,563,26074,26637
26,2017-09-10,209,18335,18544
26,2017-09-11,1804,26987,28791
26,2017-09-12,1956,27372,29328
26,2017-09-13,1700,26050,27750
26,2017-09-15,1908,29477,31385
26,2017-09-16,698,27505,28203
26,2017-09-17,174,17653,17827
26,2017-09-18,2034,28450,30484
26,2017-09-19,2104,28836,30940
26,2017-09-20,2087,28485,30572
26,2017-09-22,2140,30492,32632
26,2017-09-23,868,28598,29466
26,2017-09-24,235,19036,19271
26,2017-09-25,1994,28500,30494
26,2017-09-26,2177,28973,31150
26,2017-09-27,2103,29112,31215
26,2017-09-28,2123,29153,31276
26,2017-09-29,2005,30643,32648
26,2017-09-30,532,26200,26732
26,2017-10-01,239,18435,18674
26,2017-10-02,1797,28360,30157
26,2017-10-03,1991,29535,31526
26,2017-10-04,2116,28760,30876
26,2017-10-06,1872,30801,32673
26,2017-10-07,786,28089,28875
26,2017-10-08,178,18486,18664
26,2017-10-09,2067,28718,30785
26,2017-10-10,1925,29487,31412
26,2017-10-11,1971,29310,31281
26,2017-10-12,2043,29647,31690
26,2017-10-13,2212,31034,33246
26,2017-10-14,712,28442,29154
26,2017-10-15,215,19078,19293
26,2017-10-16,2112,29019,31131
26,2017-10-17,2177,29718,31895
26,2017-10-18,2172,29473,31645
26,2017-10-20,1979,30922,32901
26,2017-10-21,605,27939,28544
26,2017-10-22,112,18304,18416
26,2017-10-23,1858,28056,29914
26,2017-10-24,1760,28354,30114
26,2017-10-25,1974,28584,30558
26,2017-10-26,2141,29670,31811
26,2017-10-27,2078,30839,32917
26,2017-10-28,826,29766,30592
26,2017-10-29,211,17955,18166
26,2017-10-30,2030,28206,30236
26,2017-10-31,1980,29512,31492
26,2017-11-01,348,19783,20131
26,2017-11-03,2086,31888,33974
26,2017-11-04,724,26520,27244
26,2017-11-05,155,17296,17451
26,2017-11-06,2088,27641,29729
26,2017-11-07,2139,28376,30515
26,2017-11-08,1569,27205,28774
26,2017-11-09,1960,28170,30130
26,2017-11-10,1612,28866,30478
26,2017-11-11,477,26922,27399
26,2017-11-12,306,16871,17177
26,2017-11-13,1937,27910,29847
26,2017-11-14,2089,28511,30600
26,2017-11-15,2125,28398,30523
26,2017-11-16,2033,29366,31399
26,2017-11-17,2010,30436,32446
26,2017-11-18,763,28095,28858
26,2017-11-19,210,18546,18756
26,2017-11-20,1841,27033,28874
26,2017-11-21,1821,28007,29828
26,2017-11-22,2087,28408,30495
26,2017-11-24,1536,30771,32307
26,2017-11-25,661,28407,29068
26,2017-11-26,227,20501,20728
26,2017-11-27,1464,25598,27062
26,2017-11-28,1808,29055,30863
26,2017-11-29,1832,28393,30225
26,2017-11-30,1930,28903,30833
26,2017-12-01,1842,28889,30731
26,2017-12-02,696,27790,28486
26,2017-12-03,183,18276,18459
26,2017-12-04,1914,26999,28913
26,2017-12-05,1923,28825,30748
26,2017-12-06,1993,28825,30818
26,2017-12-08,1834,29665,31499
26,2017-12-09,636,27484,28120
26,2017-12-10,131,15559,15690
26,2017-12-11,1754,29404,31158
26,2017-12-12,1830,29128,30958
26,2017-12-13,1667,25515,27182
26,2017-12-14,1808,29551,31359
26,2017-12-15,1580,30787,32367
26,2017-12-16,565,27896,28461
26,2017-12-17,174,19788,19962
26,2017-12-18,1443,27383,28826
26,2017-12-19,1572,28760,30332
26,2017-12-20,1512,28678,30190
26,2017-12-21,1368,29710,31078
26,2017-12-22,1166,30680,31846
26,2017-12-23,407,25641,26048
26,2017-12-24,97,17259,17356
26,2017-12-25,80,12604,12684
26,2017-12-26,185,17151,17336
26,2017-12-27,817,24721,25538
26,2017-12-28,1001,25411,26412
26,2017-12-29,761,24220,24981
26,2017-12-30,269,23106,23375
26,2017-12-31,139,16471,16610
27,2017-01-01,6,667,673
27,2017-01-03,20,1510,1530
27,2017-01-04,20,1402,1422
27,2017-01-05,10,1572,1582
27,2017-01-06,21,1572,1593
27,2017-01-07,8,1299,1307
27,2017-01-08,5,1253,1258
27,2017-01-10,28,1520,1548
27,2017-01-11,37,1680,1717
27,2017-01-12,39,1787,1826
27,2017-01-13,24,1536,1560
27,2017-01-14,13,1272,1285
27,2017-01-15,5,1359,1364
27,2017-01-17,26,1741,1767
27,2017-01-18,44,1774,1818
27,2017-01-19,42,1780,1822
27,2017-01-20,42,1862,1904
27,2017-01-21,5,1541,1546
27,2017-01-22,8,1403,1411
27,2017-01-24,23,1689,1712
27,2017-01-25,46,1719,1765
27,2017-01-26,43,1916,1959
27,2017-01-27,38,1895,1933
27,2017-01-28,10,1494,1504
27,2017-01-29,2,1316,1318
27,2017-01-31,29,1750,1779
27,2017-02-01,35,1828,1863
27,2017-02-02,44,1870,1914
27,2017-02-03,41,1976,2017
27,2017-02-04,12,1585,1597
27,2017-02-05,6,1294,1300
27,2017-02-07,40,1813,1853
27,2017-02-08,43,1750,1793
27,2017-02-09,42,1768,1810
27,2017-02-10,39,1971,2010
27,2017-02-11,20,1501,1521
27,2017-02-12,4,1355,1359
27,2017-02-14,48,1932,1980
27,2017-02-15,69,1846,1915
27,2017-02-16,51,1848,1899
27,2017-02-17,44,1998,2042
27,2017-02-18,10,1620,1630
27,2017-02-19,5,1631,1636
27,2017-02-21,32,1796,1828
27,2017-02-22,40,1865,1905
27,2017-02-23,42,1914,1956
27,2017-02-24,44,1908,1952
27,2017-02-25,10,1538,1548
27,2017-02-26,15,1380,1395
27,2017-02-28,20,1779,1799
27,2017-03-01,50,1800,1850
27,2017-03-02,64,1875,1939
27,2017-03-03,51,2165,2216
27,2017-03-04,8,1742,1750
27,2017-03-05,2,1436,1438
27,2017-03-07,68,1779,1847
27,2017-03-08,42,1827,1869
27,2017-03-09,46,1896,1942
27,2017-03-10,43,2117,2160
27,2017-03-11,15,1939,1954
27,2017-03-12,5,1791,1796
27,2017-03-14,39,1958,1997
27,2017-03-15,37,1910,1947
27,2017-03-16,47,2047,2094
27,2017-03-17,53,2051,2104
27,2017-03-18,7,1810,1817
27,2017-03-19,17,1624,1641
27,2017-03-21,63,1851,1914
27,2017-03-22,47,1821,1868
27,2017-03-23,61,2031,2092
27,2017-03-24,58,2179,2237
27,2017-03-25,20,1920,1940
27,2017-03-28,61,2123,2184
27,2017-03-29,63,2052,2115
27,2017-03-30,58,2156,2214
27,2017-03-31,54,2426,2480
27,2017-04-01,29,1952,1981
27,2017-04-02,4,2160,2164
27,2017-04-04,64,2010,2074
27,2017-04-05,52,2052,2104
27,2017-04-06,69,2103,2172
27,2017-04-07,64,2367,2431
27,2017-04-08,13,2292,2305
27,2017-04-09,11,2788,2799
27,2017-04-11,59,2172,2231
27,2017-04-12,57,2206,2263
27,2017-04-13,62,2356,2418
27,2017-04-14,32,2758,2790
27,2017-04-15,24,2118,2142
27,2017-04-16,9,1745,1754
27,2017-04-18,54,2050,2104
27,2017-04-19,74,2106,2180
27,2017-04-20,61,2195,2256
27,2017-04-21,60,2266,2326
27,2017-04-22,20,2047,2067
27,2017-04-23,10,2025,2035
27,2017-04-25,56,1989,2045
27,2017-04-26,56,2187,2243
27,2017-04-27,75,2452,2527
27,2017-04-28,66,2542,2608
27,2017-04-29,15,2577,2592
27,2017-04-30,13,2864,2877
27,2017-05-02,51,2208,2259
27,2017-05-03,50,2164,2214
27,2017-05-04,84,2194,2278
27,2017-05-05,53,2397,2450
27,2017-05-06,26,2378,2404
27,2017-05-07,14,1823,1837
27,2017-05-09,57,2178,2235
27,2017-05-10,68,2236,2304
27,2017-05-11,63,2202,2265
27,2017-05-12,53,2388,2441
27,2017-05-13,28,2062,2090
27,2017-05-14,33,2085,2118
27,2017-05-16,67,2249,2316
27,2017-05-17,70,2252,2322
27,2017-05-18,66,2174,2240
27,2017-05-19,61,2243,2304
27,2017-05-20,20,2296,2316
27,2017-05-21,25,2501,2526
27,2017-05-23,62,2291,2353
27,2017-05-24,96,2530,2626
27,2017-05-25,28,3058,3086
27,2017-05-26,36,3476,3512
27,2017-05-27,28,3333,3361
27,2017-05-28,17,2640,2657
27,2017-05-30,56,2243,2299
27,2017-05-31,74,2403,2477
27,2017-06-01,70,2402,2472
27,2017-06-02,58,2719,2777
27,2017-06-03,24,2723,2747
27,2017-06-04,15,3037,3052
27,2017-06-06,78,2220,2298
27,2017-06-07,84,2229,2313
27,2017-06-08,73,2338,2411
27,2017-06-09,78,2510,2588
27,2017-06-10,23,2763,2786
27,2017-06-11,16,2680,2696
27,2017-06-13,71,2325,2396
27,2017-06-14,69,2439,2508
27,2017-06-15,33,2638,2671
27,2017-06-16,58,2829,2887
27,2017-06-18,22,2365,2387
27,2017-06-20,65,2215,2280
27,2017-06-21,66,2331,2397
27,2017-06-22,96,2374,2470
27,2017-06-23,20,2508,2528
27,2017-06-24,30,2671,2701
27,2017-06-25,22,2289,2311
27,2017-06-27,64,2234,2298
27,2017-06-28,56,2272,2328
27,2017-06-29,80,2246,2326
27,2017-06-30,57,2578,2635
27,2017-07-01,22,2108,2130
27,2017-07-02,24,2700,2724
27,2017-07-04,58,2245,2303
27,2017-07-05,55,2357,2412
27,2017-07-06,68,2398,2466
27,2017-07-07,51,2639,2690
27,2017-07-08,32,2486,2518
27,2017-07-09,16,2329,2345
27,2017-07-11,64,2208,2272
27,2017-07-12,56,2237,2293
27,2017-07-13,58,2426,2484
27,2017-07-14,54,2563,2617
27,2017-07-15,22,2625,2647
27,2017-07-16,17,2290,2307
27,2017-07-18,59,2444,2503
27,2017-07-19,69,2360,2429
27,2017-07-20,70,2548,2618
27,2017-07-21,50,2891,2941
27,2017-07-22,32,2563,2595
27,2017-07-23,16,2523,2539
27,2017-07-24,54,2337,2391
27,2017-07-25,64,2388,2452
27,2017-07-26,64,2502,2566
27,2017-07-27,48,2558,2606
27,2017-07-28,63,2767,2830
27,2017-07-29,34,2838,2872
27,2017-07-30,29,2840,2869
27,2017-07-31,90,2298,2388
27,2017-08-01,46,2338,2384
27,2017-08-02,37,2569,2606
27,2017-08-03,32,2652,2684
27,2017-08-04,50,2690,2740
27,2017-08-05,21,2557,2578
27,2017-08-06,25,2968,2993
27,2017-08-07,54,2414,2468
27,2017-08-08,47,2187,2234
27,2017-08-09,46,2353,2399
27,2017-08-10,32,2346,2378
27,2017-08-11,42,2452,2494
27,2017-08-12,17,2295,2312
27,2017-08-13,11,2623,2634
27,2017-08-14,47,2498,2545
27,2017-08-15,42,2088,2130
27,2017-08-16,44,2403,2447
27,2017-08-18,50,2496,2546
27,2017-08-19,30,2179,2209
27,2017-08-20,18,2303,2321
27,2017-08-21,58,2225,2283
27,2017-08-22,63,2435,2498
27,2017-08-23,61,2578,2639
27,2017-08-25,51,2570,2621
27,2017-08-26,30,2572,2602
27,2017-08-27,15,2508,2523
27,2017-08-28,56,2290,2346
27,2017-08-29,53,2382,2435
27,2017-08-30,76,2264,2340
27,2017-09-01,54,2416,2470
27,2017-09-02,24,2341,2365
27,2017-09-03,10,2622,2632
27,2017-09-04,63,2189,2252
27,2017-09-05,58,2252,2310
27,2017-09-06,66,2110,2176
27,2017-09-08,86,2294,2380
27,2017-09-09,16,2100,2116
27,2017-09-10,13,2144,2157
27,2017-09-11,59,1991,2050
27,2017-09-12,51,2080,2131
27,2017-09-13,47,2049,2096
27,2017-09-15,61,2454,2515
27,2017-09-16,36,2376,2412
27,2017-09-17,24,2260,2284
27,2017-09-18,51,2046,2097
27,2017-09-19,58,2070,2128
27,2017-09-20,60,2055,2115
27,2017-09-22,50,2535,2585
27,2017-09-23,23,2463,2486
27,2017-09-24,15,2421,2436
27,2017-09-25,53,2063,2116
27,2017-09-26,57,2115,2172
27,2017-09-27,59,2104,2163
27,2017-09-28,57,2215,2272
27,2017-09-29,74,2408,2482
27,2017-09-30,36,2068,2104
27,2017-10-01,7,2159,2166
27,2017-10-02,56,2040,2096
27,2017-10-03,18,2294,2312
27,2017-10-04,46,2056,2102
27,2017-10-06,96,2275,2371
27,2017-10-07,23,2079,2102
27,2017-10-08,15,1680,1695
27,2017-10-09,76,1968,2044
27,2017-10-10,75,1923,1998
27,2017-10-11,110,2034,2144
27,2017-10-12,83,2096,2179
27,2017-10-13,63,2250,2313
27,2017-10-14,26,2369,2395
27,2017-10-15,16,3233,3249
27,2017-10-16,87,2238,2325
27,2017-10-17,83,2163,2246
27,2017-10-18,87,2161,2248
27,2017-10-19,71,2209,2280
27,2017-10-20,83,2363,2446
27,2017-10-21,19,2006,2025
27,2017-10-22,9,1628,1637
27,2017-10-23,98,2041,2139
27,2017-10-24,74,2066,2140
27,2017-10-25,101,2096,2197
27,2017-10-26,63,2156,2219
27,2017-10-27,82,2487,2569
27,2017-10-28,40,2043,2083
27,2017-10-29,10,1732,1742
27,2017-10-30,71,2227,2298
27,2017-11-01,14,1715,1729
27,2017-11-02,72,2118,2190
27,2017-11-03,75,2309,2384
27,2017-11-04,23,1920,1943
27,2017-11-05,21,1622,1643
27,2017-11-06,75,1991,2066
27,2017-11-07,73,2041,2114
27,2017-11-08,64,1977,2041
27,2017-11-09,85,2122,2207
27,2017-11-10,73,2240,2313
27,2017-11-11,22,1853,1875
27,2017-11-12,6,1510,1516
27,2017-11-13,54,1964,2018
27,2017-11-14,62,2092,2154
27,2017-11-15,89,2033,2122
27,2017-11-16,95,2127,2222
27,2017-11-17,103,2193,2296
27,2017-11-18,20,1741,1761
27,2017-11-19,13,1607,1620
27,2017-11-20,80,1898,1978
27,2017-11-21,59,2037,2096
27,2017-11-22,72,1973,2045
27,2017-11-23,74,2056,2130
27,2017-11-24,62,2134,2196
27,2017-11-25,26,1683,1709
27,2017-11-26,16,1523,1539
27,2017-11-27,66,1966,2032
27,2017-11-28,54,2061,2115
27,2017-11-29,69,1925,1994
27,2017-11-30,101,2065,2166
27,2017-12-02,19,1772,1791
27,2017-12-03,22,1300,1322
27,2017-12-04,83,2221,2304
27,2017-12-05,65,1972,2037
27,2017-12-06,59,2055,2114
27,2017-12-07,89,2093,2182
27,2017-12-08,91,2160,2251
27,2017-12-09,25,1637,1662
27,2017-12-10,11,1047,1058
27,2017-12-11,51,2018,2069
27,2017-12-12,87,1952,2039
27,2017-12-13,53,1791,1844
27,2017-12-14,62,2022,2084
27,2017-12-15,85,2029,2114
27,2017-12-16,18,1711,1729
27,2017-12-17,8,1348,1356
27,2017-12-18,39,1697,1736
27,2017-12-19,44,1931,1975
27,2017-12-20,41,2009,2050
27,2017-12-21,34,1984,2018
27,2017-12-22,36,2006,2042
27,2017-12-23,28,1700,1728
27,2017-12-24,2,1063,1065
27,2017-12-25,3,699,702
27,2017-12-26,10,1220,1230
27,2017-12-27,30,1595,1625
27,2017-12-28,24,1701,1725
27,2017-12-29,24,1523,1547
27,2017-12-30,16,1683,1699
27,2017-12-31,7,1327,1334
29,2017-01-01,17,5652,5669
29,2017-01-03,223,13413,13636
29,2017-01-04,241,13540,13781
29,2017-01-05,227,13888,14115
29,2017-01-06,235,14696,14931
29,2017-01-07,94,10071,10165
29,2017-01-08,15,7189,7204
29,2017-01-09,232,14906,15138
29,2017-01-10,291,14945,15236
29,2017-01-11,303,15340,15643
29,2017-01-12,348,15390,15738
29,2017-01-13,341,15709,16050
29,2017-01-14,113,11705,11818
29,2017-01-15,35,9152,9187
29,2017-01-17,381,15607,15988
29,2017-01-18,360,15641,16001
29,2017-01-19,364,15858,16222
29,2017-01-20,350,16108,16458
29,2017-01-21,108,13166,13274
29,2017-01-22,35,8857,8892
29,2017-01-24,354,15345,15699
29,2017-01-25,325,15613,15938
29,2017-01-26,348,16029,16377
29,2017-01-27,340,16508,16848
29,2017-01-28,101,12124,12225
29,2017-01-29,16,8582,8598
29,2017-01-31,362,15869,16231
29,2017-02-01,345,16099,16444
29,2017-02-02,356,16159,16515
29,2017-02-03,323,16286,16609
29,2017-02-04,74,12600,12674
29,2017-02-05,35,9114,9149
29,2017-02-07,347,15290,15637
29,2017-02-08,301,15319,15620
29,2017-02-09,338,15469,15807
29,2017-02-10,325,16096,16421
29,2017-02-11,94,11717,11811
29,2017-02-12,46,8965,9011
29,2017-02-14,378,15589,15967
29,2017-02-15,376,15719,16095
29,2017-02-16,344,15256,15600
29,2017-02-17,299,16052,16351
29,2017-02-18,109,12095,12204
29,2017-02-19,41,8848,8889
29,2017-02-21,314,15468,15782
29,2017-02-22,308,15128,15436
29,2017-02-23,332,14560,14892
29,2017-02-24,268,14770,15038
29,2017-02-25,107,11485,11592
29,2017-02-26,32,8514,8546
29,2017-02-28,268,14374,14642
29,2017-03-01,322,15364,15686
29,2017-03-02,428,15864,16292
29,2017-03-03,325,16612,16937
29,2017-03-04,134,12508,12642
29,2017-03-05,10,9072,9082
29,2017-03-07,333,15479,15812
29,2017-03-08,334,15138,15472
29,2017-03-09,318,15765,16083
29,2017-03-10,325,16604,16929
29,2017-03-11,103,13171,13274
29,2017-03-12,59,10904,10963
29,2017-03-14,347,15905,16252
29,2017-03-15,347,16125,16472
29,2017-03-16,367,16468,16835
29,2017-03-17,353,16449,16802
29,2017-03-18,77,12363,12440
29,2017-03-19,41,10163,10204
29,2017-03-21,302,15246,15548
29,2017-03-22,414,15798,16212
29,2017-03-23,417,16140,16557
29,2017-03-24,363,16504,16867
29,2017-03-25,104,13880,13984
29,2017-03-28,421,16269,16690
29,2017-03-29,379,16685,17064
29,2017-03-30,357,16912,17269
29,2017-03-31,390,17457,17847
29,2017-04-01,121,13668,13789
29,2017-04-02,67,11727,11794
29,2017-04-04,424,16772,17196
29,2017-04-05,431,16635,17066
29,2017-04-06,394,16793,17187
29,2017-04-07,385,17750,18135
29,2017-04-08,132,13381,13513
29,2017-04-09,81,11770,11851
29,2017-04-11,431,17447,17878
29,2017-04-12,518,17776,18294
29,2017-04-13,467,18064,18531
29,2017-04-14,225,16688,16913
29,2017-04-15,114,12085,12199
29,2017-04-16,46,8390,8436
29,2017-04-18,421,15475,15896
29,2017-04-19,354,15602,15956
29,2017-04-20,418,15967,16385
29,2017-04-21,347,16344,16691
29,2017-04-22,138,12137,12275
29,2017-04-23,57,10130,10187
29,2017-04-25,416,16325,16741
29,2017-04-26,464,16387,16851
29,2017-04-27,399,16662,17061
29,2017-04-28,420,17923,18343
29,2017-04-29,150,13807,13957
29,2017-04-30,84,11710,11794
29,2017-05-02,428,16333,16761
29,2017-05-03,464,15964,16428
29,2017-05-04,450,16565,17015
29,2017-05-05,394,17150,17544
29,2017-05-06,142,13064,13206
29,2017-05-07,53,10117,10170
29,2017-05-09,410,16498,16908
29,2017-05-10,413,16798,17211
29,2017-05-11,419,16630,17049
29,2017-05-12,448,16770,17218
29,2017-05-13,146,12954,13100
29,2017-05-14,46,10938,10984
29,2017-05-16,418,16739,17157
29,2017-05-17,477,16879,17356
29,2017-05-18,446,16380,16826
29,2017-05-19,346,16032,16378
29,2017-05-20,137,13266,13403
29,2017-05-21,72,11079,11151
29,2017-05-23,470,16944,17414
29,2017-05-24,398,17663,18061
29,2017-05-25,98,11114,11212
29,2017-05-26,330,15646,15976
29,2017-05-27,133,13403,13536
29,2017-05-28,85,11268,11353
29,2017-05-30,496,16962,17458
29,2017-05-31,468,17098,17566
29,2017-06-01,448,17438,17886
29,2017-06-02,424,17513,17937
29,2017-06-03,151,13135,13286
29,2017-06-04,129,10456,10585
29,2017-06-06,406,15960,16366
29,2017-06-07,454,16484,16938
29,2017-06-08,421,17089,17510
29,2017-06-09,394,17234,17628
29,2017-06-10,170,13243,13413
29,2017-06-11,100,11518,11618
29,2017-06-13,485,17099,17584
29,2017-06-14,451,17465,17916
29,2017-06-15,226,17485,17711
29,2017-06-16,398,17620,18018
29,2017-06-17,167,13373,13540
29,2017-06-18,114,12302,12416
29,2017-06-20,413,16646,17059
29,2017-06-21,421,17006,17427
29,2017-06-22,393,16849,17242
29,2017-06-23,194,13374,13568
29,2017-06-24,149,12530,12679
29,2017-06-25,89,10300,10389
29,2017-06-27,428,16554,16982
29,2017-06-28,454,16890,17344
29,2017-06-29,398,17026,17424
29,2017-06-30,440,17918,18358
29,2017-07-01,146,13956,14102
29,2017-07-02,58,10699,10757
29,2017-07-04,399,17080,17479
29,2017-07-05,465,17104,17569
29,2017-07-06,482,16738,17220
29,2017-07-07,470,17294,17764
29,2017-07-08,161,13745,13906
29,2017-07-09,94,10652,10746
29,2017-07-11,440,16474,16914
29,2017-07-12,383,16676,17059
29,2017-07-13,399,17163,17562
29,2017-07-14,482,16966,17448
29,2017-07-15,138,13466,13604
29,2017-07-16,94,11204,11298
29,2017-07-18,451,16699,17150
29,2017-07-19,427,16517,16944
29,2017-07-20,454,16558,17012
29,2017-07-21,407,17695,18102
29,2017-07-22,183,13341,13524
29,2017-07-23,77,10831,10908
29,2017-07-24,364,14736,15100
29,2017-07-25,395,15797,16192
29,2017-07-26,399,16126,16525
29,2017-07-27,370,15566,15936
29,2017-07-28,347,16775,17122
29,2017-07-29,146,13023,13169
29,2017-07-30,81,10803,10884
29,2017-07-31,340,14750,15090
29,2017-08-01,280,14768,15048
29,2017-08-02,315,16008,16323
29,2017-08-03,366,15890,16256
29,2017-08-04,323,16253,16576
29,2017-08-05,167,12475,12642
29,2017-08-06,124,11271,11395
29,2017-08-07,329,15389,15718
29,2017-08-08,290,15066,15356
29,2017-08-09,375,15822,16197
29,2017-08-10,305,15417,15722
29,2017-08-11,353,15570,15923
29,2017-08-12,120,11591,11711
29,2017-08-13,85,10928,11013
29,2017-08-14,313,14739,15052
29,2017-08-15,138,11360,11498
29,2017-08-16,311,16362,16673
29,2017-08-18,292,15852,16144
29,2017-08-19,149,12688,12837
29,2017-08-20,73,11430,11503
29,2017-08-21,379,16421,16800
29,2017-08-22,377,16926,17303
29,2017-08-23,391,17077,17468
29,2017-08-25,408,17204,17612
29,2017-08-26,176,12870,13046
29,2017-08-27,99,11172,11271
29,2017-08-28,434,16573,17007
29,2017-08-29,487,16890,17377
29,2017-08-30,482,17123,17605
29,2017-09-01,494,17922,18416
29,2017-09-02,182,12936,13118
29,2017-09-03,109,11155,11264
29,2017-09-04,430,16727,17157
29,2017-09-05,487,17585,18072
29,2017-09-06,458,17611,18069
29,2017-09-08,457,17799,18256
29,2017-09-09,184,13470,13654
29,2017-09-10,111,10962,11073
29,2017-09-11,488,17400,17888
29,2017-09-12,492,17518,18010
29,2017-09-13,400,17392,17792
29,2017-09-15,409,17719,18128
29,2017-09-16,128,14068,14196
29,2017-09-17,89,11122,11211
29,2017-09-18,426,16619,17045
29,2017-09-19,472,17512,17984
29,2017-09-20,419,16888,17307
29,2017-09-22,480,17703,18183
29,2017-09-23,207,14349,14556
29,2017-09-24,93,12159,12252
29,2017-09-25,446,16886,17332
29,2017-09-26,449,17291,17740
29,2017-09-27,483,17654,18137
29,2017-09-28,412,17986,18398
29,2017-09-29,395,19093,19488
29,2017-09-30,174,16166,16340
29,2017-10-01,80,12093,12173
29,2017-10-02,344,17275,17619
29,2017-10-03,212,19172,19384
29,2017-10-04,434,17444,17878
29,2017-10-06,487,17740,18227
29,2017-10-07,154,14271,14425
29,2017-10-08,62,11207,11269
29,2017-10-09,378,16520,16898
29,2017-10-10,398,17178,17576
29,2017-10-11,412,17217,17629
29,2017-10-12,429,17398,17827
29,2017-10-13,445,17728,18173
29,2017-10-14,168,14876,15044
29,2017-10-15,103,12980,13083
29,2017-10-16,425,17050,17475
29,2017-10-17,469,17342,17811
29,2017-10-18,452,17068,17520
29,2017-10-20,400,17062,17462
29,2017-10-21,103,11939,12042
29,2017-10-22,93,8859,8952
29,2017-10-23,399,15971,16370
29,2017-10-24,415,16474,16889
29,2017-10-25,505,16501,17006
29,2017-10-26,429,16912,17341
29,2017-10-27,389,17710,18099
29,2017-10-28,146,13381,13527
29,2017-10-29,57,10151,10208
29,2017-10-30,347,16574,16921
29,2017-10-31,213,17248,17461
29,2017-11-01,44,9756,9800
29,2017-11-03,385,16563,16948
29,2017-11-04,114,12296,12410
29,2017-11-05,30,10032,10062
29,2017-11-06,416,15761,16177
29,2017-11-07,445,15952,16397
29,2017-11-08,358,16073,16431
29,2017-11-09,402,16426,16828
29,2017-11-10,398,16534,16932
29,2017-11-11,134,12474,12608
29,2017-11-12,6,9132,9138
29,2017-11-13,360,15688,16048
29,2017-11-14,388,16239,16627
29,2017-11-15,384,16328,16712
29,2017-11-16,396,16176,16572
29,2017-11-17,390,16522,16912
29,2017-11-18,131,12754,12885
29,2017-11-19,40,9946,9986
29,2017-11-20,403,15562,15965
29,2017-11-21,423,16099,16522
29,2017-11-22,450,16377,16827
29,2017-11-24,422,16384,16806
29,2017-11-25,115,12827,12942
29,2017-11-26,44,9886,9930
29,2017-11-27,454,15866,16320
29,2017-11-28,452,15986,16438
29,2017-11-29,409,16572,16981
29,2017-11-30,424,16993,17417
29,2017-12-01,380,16825,17205
29,2017-12-02,117,13229,13346
29,2017-12-03,38,9199,9237
29,2017-12-04,403,15949,16352
29,2017-12-05,448,16788,17236
29,2017-12-06,446,16816,17262
29,2017-12-08,508,16044,16552
29,2017-12-09,124,13068,13192
29,2017-12-10,14,7318,7332
29,2017-12-11,384,14598,14982
29,2017-12-12,418,17215,17633
29,2017-12-13,474,16096,16570
29,2017-12-14,452,17112,17564
29,2017-12-15,328,17278,17606
29,2017-12-16,125,13746,13871
29,2017-12-17,37,10041,10078
29,2017-12-18,267,15905,16172
29,2017-12-19,337,17061,17398
29,2017-12-20,357,16845,17202
29,2017-12-21,277,16828,17105
29,2017-12-22,268,16704,16972
29,2017-12-23,105,11663,11768
29,2017-12-24,24,7422,7446
29,2017-12-25,16,6209,6225
29,2017-12-26,16,7520,7536
29,2017-12-27,173,12699,12872
29,2017-12-28,162,13571,13733
29,2017-12-29,158,12644,12802
29,2017-12-30,60,11096,11156
29,2017-12-31,14,8344,8358
30,2017-01-01,12,3704,3716
30,2017-01-03,209,8530,8739
30,2017-01-04,220,10386,10606
30,2017-01-05,240,9110,9350
30,2017-01-06,259,9691,9950
30,2017-01-07,55,5763,5818
30,2017-01-08,20,4239,4259
30,2017-01-10,388,10430,10818
30,2017-01-11,327,10276,10603
30,2017-01-12,323,10766,11089
30,2017-01-13,478,11762,12240
30,2017-01-14,101,6951,7052
30,2017-01-15,43,4888,4931
30,2017-01-17,374,11170,11544
30,2017-01-18,360,11077,11437
30,2017-01-19,361,11704,12065
30,2017-01-20,411,12139,12550
30,2017-01-21,76,7400,7476
30,2017-01-22,23,5108,5131
30,2017-01-24,341,11132,11473
30,2017-01-25,428,11009,11437
30,2017-01-26,371,11473,11844
30,2017-01-27,384,12057,12441
30,2017-01-28,78,7449,7527
30,2017-01-29,23,5329,5352
30,2017-01-31,388,11395,11783
30,2017-02-01,373,11261,11634
30,2017-02-02,331,11937,12268
30,2017-02-03,354,12219,12573
30,2017-02-04,68,7065,7133
30,2017-02-05,17,5188,5205
30,2017-02-07,279,11709,11988
30,2017-02-08,443,11413,11856
30,2017-02-09,422,12372,12794
30,2017-02-10,412,12070,12482
30,2017-02-11,59,7195,7254
30,2017-02-12,17,5177,5194
30,2017-02-14,637,13217,13854
30,2017-02-15,807,12861,13668
30,2017-02-16,474,12472,12946
30,2017-02-17,412,13812,14224
30,2017-02-18,74,7462,7536
30,2017-02-19,30,5499,5529
30,2017-02-21,366,11219,11585
30,2017-02-22,341,11043,11384
30,2017-02-23,420,12574,12994
30,2017-02-24,420,13478,13898
30,2017-02-25,79,7260,7339
30,2017-02-26,22,5703,5725
30,2017-02-28,402,11969,12371
30,2017-03-01,271,11827,12098
30,2017-03-02,423,12486,12909
30,2017-03-03,421,13176,13597
30,2017-03-04,103,8794,8897
30,2017-03-05,36,6308,6344
30,2017-03-07,440,13718,14158
30,2017-03-08,386,12056,12442
30,2017-03-09,365,12428,12793
30,2017-03-10,484,13358,13842
30,2017-03-11,120,8341,8461
30,2017-03-12,82,6456,6538
30,2017-03-14,347,15905,16252
30,2017-03-15,347,16125,16472
30,2017-03-16,367,16468,16835
30,2017-03-17,353,16449,16802
30,2017-03-18,77,12363,12440
30,2017-03-19,41,10163,10204
30,2017-03-21,302,15246,15548
30,2017-03-22,414,15798,16212
30,2017-03-23,417,16140,16557
30,2017-03-24,363,16504,16867
30,2017-03-25,104,13880,13984
30,2017-03-28,414,12619,13033
30,2017-03-29,466,12159,12625
30,2017-03-30,442,12993,13435
30,2017-03-31,441,13707,14148
30,2017-04-01,100,9031,9131
30,2017-04-02,63,7261,7324
30,2017-04-04,454,13110,13564
30,2017-04-05,424,12715,13139
30,2017-04-06,487,13042,13529
30,2017-04-07,486,14101,14587
30,2017-04-08,172,8942,9114
30,2017-04-09,33,8257,8290
30,2017-04-11,428,13527,13955
30,2017-04-12,413,13046,13459
30,2017-04-13,435,13051,13486
30,2017-04-14,411,13271,13682
30,2017-04-15,112,9144,9256
30,2017-04-16,20,5466,5486
30,2017-04-18,428,13620,14048
30,2017-04-19,408,11728,12136
30,2017-04-20,446,12535,12981
30,2017-04-21,475,13046,13521
30,2017-04-22,220,8867,9087
30,2017-04-23,54,6865,6919
30,2017-04-25,510,12504,13014
30,2017-04-26,578,12164,12742
30,2017-04-27,433,13101,13534
30,2017-04-28,584,15102,15686
30,2017-04-29,137,9056,9193
30,2017-04-30,28,7845,7873
30,2017-05-02,548,12548,13096
30,2017-05-03,546,14576,15122
30,2017-05-04,456,13198,13654
30,2017-05-05,556,13353,13909
30,2017-05-06,167,8604,8771
30,2017-05-07,70,6378,6448
30,2017-05-09,452,12337,12789
30,2017-05-10,435,12806,13241
30,2017-05-11,497,12925,13422
30,2017-05-12,408,13221,13629
30,2017-05-13,92,10466,10558
30,2017-05-14,47,6820,6867
30,2017-05-16,452,13246,13698
30,2017-05-17,439,12784,13223
30,2017-05-18,400,12592,12992
30,2017-05-19,448,14238,14686
30,2017-05-20,196,10305,10501
30,2017-05-21,120,8205,8325
30,2017-05-23,472,12991,13463
30,2017-05-24,472,13609,14081
30,2017-05-25,138,7583,7721
30,2017-05-26,336,11405,11741
30,2017-05-27,120,8883,9003
30,2017-05-28,102,7262,7364
30,2017-05-30,438,12650,13088
30,2017-05-31,443,12759,13202
30,2017-06-01,473,13421,13894
30,2017-06-02,488,14654,15142
30,2017-06-03,88,9504,9592
30,2017-06-04,26,6826,6852
30,2017-06-06,328,13664,13992
30,2017-06-08,621,13488,14109
30,2017-06-09,484,14270,14754
30,2017-06-10,116,9063,9179
30,2017-06-11,69,7882,7951
30,2017-06-13,482,12910,13392
30,2017-06-14,450,13140,13590
30,2017-06-15,478,15446,15924
30,2017-06-16,487,14460,14947
30,2017-06-17,237,11640,11877
30,2017-06-18,174,9948,10122
30,2017-06-20,425,13162,13587
30,2017-06-21,410,12603,13013
30,2017-06-22,396,13307,13703
30,2017-06-23,65,6960,7025
30,2017-06-24,175,7999,8174
30,2017-06-25,47,6524,6571
30,2017-06-27,438,14580,15018
30,2017-06-28,472,14344,14816
30,2017-06-29,386,13220,13606
30,2017-06-30,480,13938,14418
30,2017-07-01,115,8970,9085
30,2017-07-02,38,7477,7515
30,2017-07-04,414,13080,13494
30,2017-07-05,389,13145,13534
30,2017-07-06,452,15112,15564
30,2017-07-07,466,14732,15198
30,2017-07-08,151,9877,10028
30,2017-07-09,84,8574,8658
30,2017-07-11,424,14054,14478
30,2017-07-12,342,13446,13788
30,2017-07-13,469,12956,13425
30,2017-07-14,372,14498,14870
30,2017-07-15,98,8806,8904
30,2017-07-16,46,6914,6960
30,2017-07-18,456,12428,12884
30,2017-07-19,459,12228,12687
30,2017-07-20,391,12700,13091
30,2017-07-21,451,14077,14528
30,2017-07-22,141,8211,8352
30,2017-07-23,52,6382,6434
30,2017-07-24,286,12322,12608
30,2017-07-25,358,13088,13446
30,2017-07-26,463,12147,12610
30,2017-07-27,344,12734,13078
30,2017-07-28,350,12289,12639
30,2017-07-29,58,6960,7018
30,2017-07-30,35,5365,5400
30,2017-07-31,292,10156,10448
30,2017-08-01,246,10494,10740
30,2017-08-02,253,9268,9521
30,2017-08-03,258,9549,9807
30,2017-08-04,272,10376,10648
30,2017-08-05,83,6214,6297
30,2017-08-06,56,5469,5525
30,2017-08-07,244,8685,8929
30,2017-08-08,226,8151,8377
30,2017-08-09,248,9840,10088
30,2017-08-10,236,9682,9918
30,2017-08-11,190,9692,9882
30,2017-08-12,55,5423,5478
30,2017-08-13,23,4732,4755
30,2017-08-14,206,7188,7394
30,2017-08-15,41,4488,4529
30,2017-08-16,229,8254,8483
30,2017-08-18,224,9820,10044
30,2017-08-19,58,6892,6950
30,2017-08-20,28,5092,5120
30,2017-08-21,251,8940,9191
30,2017-08-22,263,9974,10237
30,2017-08-23,252,9460,9712
30,2017-08-25,394,11168,11562
30,2017-08-26,92,7504,7596
30,2017-08-27,17,5195,5212
30,2017-08-28,308,10271,10579
30,2017-08-29,332,10753,11085
30,2017-08-30,316,10198,10514
30,2017-09-01,447,11189,11636
30,2017-09-02,86,7156,7242
30,2017-09-03,51,5167,5218
30,2017-09-04,308,9710,10018
30,2017-09-05,339,10706,11045
30,2017-09-06,329,10733,11062
30,2017-09-08,329,11478,11807
30,2017-09-09,121,6298,6419
30,2017-09-10,64,5432,5496
30,2017-09-11,329,10698,11027
30,2017-09-12,362,11698,12060
30,2017-09-13,246,11292,11538
30,2017-09-15,414,12628,13042
30,2017-09-16,329,8300,8629
30,2017-09-17,52,5712,5764
30,2017-09-18,377,10908,11285
30,2017-09-19,341,10847,11188
30,2017-09-20,348,10728,11076
30,2017-09-22,414,11726,12140
30,2017-09-23,96,7673,7769
30,2017-09-24,73,6141,6214
30,2017-09-25,367,11217,11584
30,2017-09-26,400,11356,11756
30,2017-09-27,408,11012,11420
30,2017-09-28,467,11384,11851
30,2017-09-29,422,12761,13183
30,2017-09-30,474,18870,19344
30,2017-10-01,121,11478,11599
30,2017-10-02,366,11190,11556
30,2017-10-03,320,12842,13162
30,2017-10-04,401,10835,11236
30,2017-10-06,390,12102,12492
30,2017-10-07,155,9577,9732
30,2017-10-08,39,5963,6002
30,2017-10-09,355,10926,11281
30,2017-10-10,414,11240,11654
30,2017-10-11,444,11072,11516
30,2017-10-12,361,11298,11659
30,2017-10-13,457,11688,12145
30,2017-10-14,127,7170,7297
30,2017-10-15,32,5781,5813
30,2017-10-16,463,11697,12160
30,2017-10-17,432,11148,11580
30,2017-10-18,481,11758,12239
30,2017-10-20,441,11767,12208
30,2017-10-21,152,7518,7670
30,2017-10-22,26,5348,5374
30,2017-10-23,399,10731,11130
30,2017-10-24,307,10935,11242
30,2017-10-25,349,10697,11046
30,2017-10-26,373,10960,11333
30,2017-10-27,397,11905,12302
30,2017-10-28,101,7187,7288
30,2017-10-29,51,5120,5171
30,2017-10-30,405,11121,11526
30,2017-10-31,403,10620,11023
30,2017-11-01,36,5366,5402
30,2017-11-03,409,10848,11257
30,2017-11-04,89,7157,7246
30,2017-11-05,22,5770,5792
30,2017-11-06,472,12780,13252
30,2017-11-07,435,11129,11564
30,2017-11-08,356,10877,11233
30,2017-11-09,383,11276,11659
30,2017-11-10,374,12704,13078
30,2017-11-11,66,7259,7325
30,2017-11-12,18,5200,5218
30,2017-11-13,390,10724,11114
30,2017-11-14,393,10975,11368
30,2017-11-15,363,10678,11041
30,2017-11-16,352,10942,11294
30,2017-11-17,341,11241,11582
30,2017-11-18,77,7075,7152
30,2017-11-19,26,5192,5218
30,2017-11-20,389,10760,11149
30,2017-11-21,327,11190,11517
30,2017-11-22,329,10834,11163
30,2017-11-24,394,12504,12898
30,2017-11-25,68,8216,8284
30,2017-11-26,18,5054,5072
30,2017-11-27,334,10558,10892
30,2017-11-28,386,12306,12692
30,2017-11-29,342,10642,10984
30,2017-11-30,365,11205,11570
30,2017-12-01,350,10952,11302
30,2017-12-02,64,6968,7032
30,2017-12-03,16,4510,4526
30,2017-12-04,311,10553,10864
30,2017-12-05,362,11478,11840
30,2017-12-06,337,10795,11132
30,2017-12-08,388,13248,13636
30,2017-12-09,66,6788,6854
30,2017-12-10,18,4130,4148
30,2017-12-11,240,10558,10798
30,2017-12-12,366,10893,11259
30,2017-12-13,322,11004,11326
30,2017-12-14,313,10877,11190
30,2017-12-15,282,11257,11539
30,2017-12-16,85,6821,6906
30,2017-12-17,19,4622,4641
30,2017-12-18,188,8856,9044
30,2017-12-19,218,10790,11008
30,2017-12-20,195,9360,9555
30,2017-12-21,243,9689,9932
30,2017-12-22,238,10453,10691
30,2017-12-23,70,6060,6130
30,2017-12-24,16,4195,4211
30,2017-12-25,12,3454,3466
30,2017-12-26,21,3575,3596
30,2017-12-27,143,6624,6767
30,2017-12-28,180,6932,7112
30,2017-12-29,168,7580,7748
30,2017-12-30,38,6504,6542
30,2017-12-31,15,4243,4258
291,2017-01-01,45,488,533
291,2017-01-02,136,2535,2671
291,2017-01-03,147,2705,2852
291,2017-01-05,140,2681,2821
291,2017-01-06,140,2671,2811
291,2017-01-07,89,1821,1910
291,2017-01-08,46,1068,1114
291,2017-01-09,154,3364,3518
291,2017-01-10,148,3274,3422
291,2017-01-11,138,3339,3477
291,2017-01-12,150,3350,3500
291,2017-01-13,130,3218,3348
291,2017-01-14,97,2042,2139
291,2017-01-15,60,926,986
291,2017-01-17,143,3366,3509
291,2017-01-18,142,3389,3531
291,2017-01-19,142,3446,3588
291,2017-01-20,153,3646,3799
291,2017-01-21,88,2447,2535
291,2017-01-22,52,1016,1068
291,2017-01-24,164,3516,3680
291,2017-01-25,138,3628,3766
291,2017-01-26,185,3846,4031
291,2017-01-27,208,4747,4955
291,2017-01-28,79,2331,2410
291,2017-01-29,82,2210,2292
291,2017-01-31,157,3511,3668
291,2017-02-01,143,3266,3409
291,2017-02-02,147,3350,3497
291,2017-02-03,148,3520,3668
291,2017-02-04,82,2134,2216
291,2017-02-05,46,1029,1075
291,2017-02-07,155,3497,3652
291,2017-02-08,144,3230,3374
291,2017-02-09,136,3417,3553
291,2017-02-10,150,3406,3556
291,2017-02-11,83,2204,2287
291,2017-02-12,48,1375,1423
291,2017-02-14,138,3510,3648
291,2017-02-15,147,3079,3226
291,2017-02-16,132,3179,3311
291,2017-02-17,150,3340,3490
291,2017-02-18,85,2117,2202
291,2017-02-19,48,1046,1094
291,2017-02-21,144,2840,2984
291,2017-02-22,138,2814,2952
291,2017-02-23,146,2844,2990
291,2017-02-24,137,2900,3037
291,2017-02-25,85,2128,2213
291,2017-02-26,46,1024,1070
291,2017-02-28,132,3242,3374
291,2017-03-01,110,3456,3566
291,2017-03-02,138,3400,3538
291,2017-03-03,140,3329,3469
291,2017-03-04,82,2122,2204
291,2017-03-05,42,990,1032
291,2017-03-07,136,3382,3518
291,2017-03-08,132,3164,3296
291,2017-03-09,138,3654,3792
291,2017-03-10,153,4318,4471
291,2017-03-11,92,2070,2162
291,2017-03-12,45,1184,1229
291,2017-03-14,162,3893,4055
291,2017-03-15,154,3656,3810
291,2017-03-16,155,3800,3955
291,2017-03-17,159,3773,3932
291,2017-03-18,89,2688,2777
291,2017-03-19,52,1262,1314
291,2017-03-21,155,3944,4099
291,2017-03-22,143,3751,3894
291,2017-03-23,180,4178,4358
291,2017-03-24,155,3752,3907
291,2017-03-25,103,2890,2993
291,2017-03-28,158,4066,4224
291,2017-03-29,154,3623,3777
291,2017-03-30,148,4024,4172
291,2017-03-31,152,3991,4143
291,2017-04-01,106,3292,3398
291,2017-04-02,50,1780,1830
291,2017-04-04,149,4026,4175
291,2017-04-05,139,4296,4435
291,2017-04-06,160,3775,3935
291,2017-04-07,148,3540,3688
291,2017-04-08,83,2093,2176
291,2017-04-09,46,1217,1263
291,2017-04-11,168,3325,3493
291,2017-04-12,162,3495,3657
291,2017-04-13,160,3296,3456
291,2017-04-14,159,3071,3230
291,2017-04-15,92,2233,2325
291,2017-04-16,46,896,942
291,2017-04-18,146,3624,3770
291,2017-04-19,168,3060,3228
291,2017-04-20,177,3215,3392
291,2017-04-21,170,3246,3416
291,2017-04-22,99,2507,2606
291,2017-04-23,45,1157,1202
291,2017-04-25,189,4389,4578
291,2017-04-26,178,3781,3959
291,2017-04-27,161,3818,3979
291,2017-04-28,158,3863,4021
291,2017-04-29,93,2189,2282
291,2017-04-30,45,1249,1294
291,2017-05-02,173,3649,3822
291,2017-05-03,158,3305,3463
291,2017-05-04,157,3919,4076
291,2017-05-05,162,4769,4931
291,2017-05-06,104,4942,5046
291,2017-05-07,51,2554,2605
291,2017-05-09,150,3560,3710
291,2017-05-10,164,3438,3602
291,2017-05-11,173,3254,3427
291,2017-05-12,240,3542,3782
291,2017-05-13,96,3004,3100
291,2017-05-14,59,1310,1369
291,2017-05-16,240,3383,3623
291,2017-05-17,221,3235,3456
291,2017-05-18,188,3334,3522
291,2017-05-19,152,3494,3646
291,2017-05-20,88,2080,2168
291,2017-05-21,48,1456,1504
291,2017-05-23,147,3242,3389
291,2017-05-24,143,3481,3624
291,2017-05-25,47,975,1022
291,2017-05-26,140,3050,3190
291,2017-05-27,89,2326,2415
291,2017-05-28,39,1414,1453
291,2017-05-30,178,3438,3616
291,2017-05-31,164,3187,3351
291,2017-06-01,179,3301,3480
291,2017-06-02,200,3464,3664
291,2017-06-03,97,2152,2249
291,2017-06-04,47,1032,1079
291,2017-06-06,198,3130,3328
291,2017-06-07,156,2948,3104
291,2017-06-08,139,2869,3008
291,2017-06-09,154,3114,3268
291,2017-06-10,90,2284,2374
291,2017-06-11,47,1198,1245
291,2017-06-13,189,3400,3589
291,2017-06-14,237,3198,3435
291,2017-06-15,198,3472,3670
291,2017-06-16,136,3383,3519
291,2017-06-17,88,2135,2223
291,2017-06-18,49,1063,1112
291,2017-06-20,116,3574,3690
291,2017-06-21,142,3187,3329
291,2017-06-22,141,3141,3282
291,2017-06-23,48,850,898
291,2017-06-24,87,2124,2211
291,2017-06-25,48,1013,1061
291,2017-06-27,138,3440,3578
291,2017-06-28,120,3272,3392
291,2017-06-29,134,3370,3504
291,2017-06-30,126,3371,3497
291,2017-07-01,88,2772,2860
291,2017-07-02,51,1765,1816
291,2017-07-04,127,3464,3591
291,2017-07-05,126,3356,3482
291,2017-07-06,146,3336,3482
291,2017-07-07,125,3694,3819
291,2017-07-08,95,2641,2736
291,2017-07-09,50,1034,1084
291,2017-07-11,130,3668,3798
291,2017-07-12,116,3508,3624
291,2017-07-13,131,3306,3437
291,2017-07-14,119,3549,3668
291,2017-07-15,92,2680,2772
291,2017-07-16,45,1218,1263
291,2017-07-18,117,3001,3118
291,2017-07-19,119,2968,3087
291,2017-07-20,116,2932,3048
291,2017-07-21,103,3031,3134
291,2017-07-22,92,2362,2454
291,2017-07-23,47,1088,1135
291,2017-07-24,159,2937,3096
291,2017-07-25,123,3162,3285
291,2017-07-26,115,2843,2958
291,2017-07-27,114,2716,2830
291,2017-07-28,111,2880,2991
291,2017-07-29,82,1747,1829
291,2017-07-30,48,866,914
291,2017-07-31,112,2316,2428
291,2017-08-01,104,2458,2562
291,2017-08-02,104,2330,2434
291,2017-08-03,106,2368,2474
291,2017-08-04,93,2317,2410
291,2017-08-05,87,1591,1678
291,2017-08-06,48,837,885
291,2017-08-07,115,2237,2352
291,2017-08-08,137,2394,2531
291,2017-08-09,106,2152,2258
291,2017-08-10,116,2235,2351
291,2017-08-11,112,2162,2274
291,2017-08-12,84,1546,1630
291,2017-08-13,50,810,860
291,2017-08-14,105,1999,2104
291,2017-08-15,99,815,914
291,2017-08-16,110,2235,2345
291,2017-08-18,104,2320,2424
291,2017-08-19,93,1556,1649
291,2017-08-20,53,797,850
291,2017-08-21,103,2454,2557
291,2017-08-22,105,2360,2465
291,2017-08-23,108,2245,2353
291,2017-08-25,105,2401,2506
291,2017-08-26,100,1937,2037
291,2017-08-27,50,948,998
291,2017-08-28,106,2493,2599
291,2017-08-29,125,2640,2765
291,2017-08-30,112,2360,2472
291,2017-09-01,112,2773,2885
291,2017-09-02,107,2275,2382
291,2017-09-03,49,953,1002
291,2017-09-04,146,3361,3507
291,2017-09-05,138,2856,2994
291,2017-09-06,117,2721,2838
291,2017-09-08,140,2894,3034
291,2017-09-09,88,1896,1984
291,2017-09-10,47,962,1009
291,2017-09-11,106,3006,3112
291,2017-09-12,118,3100,3218
291,2017-09-13,122,3168,3290
291,2017-09-15,128,3492,3620
291,2017-09-16,86,2092,2178
291,2017-09-17,53,1269,1322
291,2017-09-18,135,3419,3554
291,2017-09-19,118,3435,3553
291,2017-09-20,129,3205,3334
291,2017-09-22,117,3352,3469
291,2017-09-23,91,2410,2501
291,2017-09-24,46,1126,1172
291,2017-09-25,132,3345,3477
291,2017-09-26,118,3465,3583
291,2017-09-27,116,3464,3580
291,2017-09-28,112,3773,3885
291,2017-09-29,113,3504,3617
291,2017-09-30,80,2480,2560
291,2017-10-01,48,1213,1261
291,2017-10-02,124,3682,3806
291,2017-10-03,122,3486,3608
291,2017-10-06,115,3639,3754
291,2017-10-07,90,2379,2469
291,2017-10-08,52,1398,1450
291,2017-10-09,112,3413,3525
291,2017-10-10,110,3666,3776
291,2017-10-11,123,3313,3436
291,2017-10-12,142,3353,3495
291,2017-10-13,115,3632,3747
291,2017-10-14,117,3575,3692
291,2017-10-15,55,1273,1328
291,2017-10-16,110,3551,3661
291,2017-10-17,122,3606,3728
291,2017-10-18,98,3359,3457
291,2017-10-20,118,3562,3680
291,2017-10-21,84,2254,2338
291,2017-10-22,50,1502,1552
291,2017-10-23,115,3191,3306
291,2017-10-24,104,3400,3504
291,2017-10-25,113,3964,4077
291,2017-10-26,115,3641,3756
291,2017-10-27,112,3810,3922
291,2017-10-28,99,2717,2816
291,2017-10-29,51,1325,1376
291,2017-10-30,123,3109,3232
291,2017-10-31,116,3270,3386
291,2017-11-01,58,1479,1537
291,2017-11-03,111,2933,3044
291,2017-11-04,82,2160,2242
291,2017-11-05,62,1200,1262
291,2017-11-06,119,3383,3502
291,2017-11-07,128,3965,4093
291,2017-11-08,125,3380,3505
291,2017-11-09,132,3558,3690
291,2017-11-10,142,3798,3940
291,2017-11-11,82,2472,2554
291,2017-11-12,78,1650,1728
291,2017-11-13,145,3381,3526
291,2017-11-14,129,3653,3782
291,2017-11-15,148,3356,3504
291,2017-11-16,147,3485,3632
291,2017-11-17,169,3615,3784
291,2017-11-18,98,2286,2384
291,2017-11-19,50,1464,1514
291,2017-11-20,166,3672,3838
291,2017-11-21,186,3454,3640
291,2017-11-22,189,3523,3712
291,2017-11-24,184,4222,4406
291,2017-11-25,90,2406,2496
291,2017-11-26,44,1118,1162
291,2017-11-27,142,3472,3614
291,2017-11-28,150,3598,3748
291,2017-11-29,132,3456,3588
291,2017-11-30,138,3443,3581
291,2017-12-01,123,3389,3512
291,2017-12-02,95,2250,2345
291,2017-12-03,49,1263,1312
291,2017-12-04,118,3290,3408
291,2017-12-05,124,3695,3819
291,2017-12-06,118,3315,3433
291,2017-12-08,140,3418,3558
291,2017-12-09,104,2176,2280
291,2017-12-10,56,1222,1278
291,2017-12-11,128,3486,3614
291,2017-12-12,196,3506,3702
291,2017-12-13,122,3344,3466
291,2017-12-14,144,3562,3706
291,2017-12-15,142,3624,3766
291,2017-12-16,95,2297,2392
291,2017-12-17,57,1546,1603
291,2017-12-18,117,3069,3186
291,2017-12-19,114,3162,3276
291,2017-12-20,111,3094,3205
291,2017-12-21,109,3398,3507
291,2017-12-22,118,3259,3377
291,2017-12-23,91,2719,2810
291,2017-12-24,40,1624,1664
291,2017-12-25,33,439,472
291,2017-12-26,42,782,824
291,2017-12-27,86,2622,2708
291,2017-12-28,111,2627,2738
291,2017-12-29,102,2420,2522
291,2017-12-30,82,2072,2154
291,2017-12-31,54,1190,1244
345,2017-01-01,17,4756,4773
345,2017-01-02,162,6917,7079
345,2017-01-03,193,8272,8465
345,2017-01-04,193,8537,8730
345,2017-01-05,174,8770,8944
345,2017-01-07,93,6823,6916
345,2017-01-08,23,5227,5250
345,2017-01-09,251,9626,9877
345,2017-01-10,294,10323,10617
345,2017-01-11,258,9935,10193
345,2017-01-12,322,10377,10699
345,2017-01-14,111,8397,8508
345,2017-01-15,42,6110,6152
345,2017-01-16,353,10368,10721
345,2017-01-17,304,10712,11016
345,2017-01-18,334,10652,10986
345,2017-01-19,356,11179,11535
345,2017-01-21,118,8894,9012
345,2017-01-22,25,6200,6225
345,2017-01-23,334,10565,10899
345,2017-01-24,335,10485,10820
345,2017-01-25,345,10857,11202
345,2017-01-26,303,10960,11263
345,2017-01-28,108,8514,8622
345,2017-01-29,25,6402,6427
345,2017-01-30,436,12694,13130
345,2017-01-31,317,11083,11400
345,2017-02-01,329,10874,11203
345,2017-02-02,335,11330,11665
345,2017-02-04,146,9092,9238
345,2017-02-05,42,6496,6538
345,2017-02-06,339,10559,10898
345,2017-02-07,386,11106,11492
345,2017-02-08,413,10928,11341
345,2017-02-09,397,11341,11738
345,2017-02-11,114,9270,9384
345,2017-02-12,37,6797,6834
345,2017-02-13,334,10555,10889
345,2017-02-14,441,11846,12287
345,2017-02-15,518,11821,12339
345,2017-02-16,373,11415,11788
345,2017-02-18,112,8092,8204
345,2017-02-19,39,5984,6023
345,2017-02-20,276,9789,10065
345,2017-02-21,297,10440,10737
345,2017-02-22,291,10404,10695
345,2017-02-23,294,10224,10518
345,2017-02-24,440,11574,12014
345,2017-02-26,41,6348,6389
345,2017-02-27,352,10322,10674
345,2017-02-28,359,10858,11217
345,2017-03-01,381,11230,11611
345,2017-03-02,336,11218,11554
345,2017-03-03,386,11963,12349
345,2017-03-05,38,6448,6486
345,2017-03-06,390,10922,11312
345,2017-03-07,371,11201,11572
345,2017-03-08,397,10793,11190
345,2017-03-09,362,11734,12096
345,2017-03-10,375,12252,12627
345,2017-03-12,51,7350,7401
345,2017-03-13,270,9354,9624
345,2017-03-14,390,11053,11443
345,2017-03-15,411,10840,11251
345,2017-03-16,407,10836,11243
345,2017-03-17,474,11371,11845
345,2017-03-19,37,6069,6106
345,2017-03-20,396,10239,10635
345,2017-03-21,350,9928,10278
345,2017-03-22,451,9975,10426
345,2017-03-23,389,10184,10573
345,2017-03-24,375,11088,11463
345,2017-03-27,384,10055,10439
345,2017-03-28,379,10676,11055
345,2017-03-29,441,10567,11008
345,2017-03-30,440,10862,11302
345,2017-03-31,433,11714,12147
345,2017-04-02,64,7992,8056
345,2017-04-03,382,10605,10987
345,2017-04-04,398,11266,11664
345,2017-04-05,381,10779,11160
345,2017-04-06,393,10887,11280
345,2017-04-07,402,11411,11813
345,2017-04-09,52,8372,8424
345,2017-04-10,317,10404,10721
345,2017-04-11,277,10008,10285
345,2017-04-12,294,10897,11191
345,2017-04-13,291,10680,10971
345,2017-04-14,314,10717,11031
345,2017-04-16,23,5827,5850
345,2017-04-17,36,5393,5429
345,2017-04-18,321,9672,9993
345,2017-04-19,286,9643,9929
345,2017-04-20,349,10999,11348
345,2017-04-21,281,10836,11117
345,2017-04-23,49,7316,7365
345,2017-04-24,368,10409,10777
345,2017-04-25,338,10847,11185
345,2017-04-26,349,10493,10842
345,2017-04-27,338,10730,11068
345,2017-04-28,407,11713,12120
345,2017-04-30,43,7683,7726
345,2017-05-01,30,5746,5776
345,2017-05-02,242,10042,10284
345,2017-05-03,534,12282,12816
345,2017-05-04,406,11487,11893
345,2017-05-05,399,11187,11586
345,2017-05-07,39,6402,6441
345,2017-05-08,367,10308,10675
345,2017-05-09,365,10453,10818
345,2017-05-10,388,11017,11405
345,2017-05-11,376,10926,11302
345,2017-05-12,357,11310,11667
345,2017-05-14,60,6830,6890
345,2017-05-15,250,9434,9684
345,2017-05-16,252,10236,10488
345,2017-05-17,238,9356,9594
345,2017-05-18,321,10885,11206
345,2017-05-19,359,11643,12002
345,2017-05-21,62,7411,7473
345,2017-05-22,416,10559,10975
345,2017-05-23,395,11156,11551
345,2017-05-24,412,12085,12497
345,2017-05-25,73,7606,7679
345,2017-05-26,288,10307,10595
345,2017-05-28,66,6833,6899
345,2017-05-29,230,9668,9898
345,2017-05-30,202,9582,9784
345,2017-05-31,206,10192,10398
345,2017-06-01,256,10494,10750
345,2017-06-02,584,12924,13508
345,2017-06-04,51,6286,6337
345,2017-06-05,45,6565,6610
345,2017-06-06,312,10383,10695
345,2017-06-07,268,11094,11362
345,2017-06-08,395,11485,11880
345,2017-06-09,309,11045,11354
345,2017-06-11,40,4949,4989
345,2017-06-12,284,10806,11090
345,2017-06-13,374,11775,12149
345,2017-06-14,381,11338,11719
345,2017-06-15,284,11342,11626
345,2017-06-16,515,12054,12569
345,2017-06-18,118,6787,6905
345,2017-06-19,391,10453,10844
345,2017-06-20,390,10997,11387
345,2017-06-21,381,11123,11504
345,2017-06-22,353,10950,11303
345,2017-06-23,58,6196,6254
345,2017-06-25,56,6816,6872
345,2017-06-26,436,11383,11819
345,2017-06-27,500,12154,12654
345,2017-06-28,482,12162,12644
345,2017-06-29,346,11908,12254
345,2017-06-30,393,12585,12978
345,2017-07-02,52,6939,6991
345,2017-07-03,357,11361,11718
345,2017-07-04,328,11676,12004
345,2017-07-05,412,12105,12517
345,2017-07-06,400,12964,13364
345,2017-07-07,407,13345,13752
345,2017-07-09,322,8834,9156
345,2017-07-10,474,11219,11693
345,2017-07-11,455,13018,13473
345,2017-07-12,385,12057,12442
345,2017-07-13,345,12112,12457
345,2017-07-14,430,13000,13430
345,2017-07-16,91,7247,7338
345,2017-07-17,305,11141,11446
345,2017-07-18,366,12034,12400
345,2017-07-19,347,11574,11921
345,2017-07-20,329,11605,11934
345,2017-07-21,333,11969,12302
345,2017-07-22,156,8711,8867
345,2017-07-23,51,6633,6684
345,2017-07-24,310,10569,10879
345,2017-07-25,288,10868,11156
345,2017-07-26,324,11043,11367
345,2017-07-27,252,10968,11220
345,2017-08-01,206,9370,9576
345,2017-08-02,202,9340,9542
345,2017-08-03,239,9264,9503
345,2017-08-04,252,10175,10427
345,2017-08-05,117,6638,6755
345,2017-08-06,45,5676,5721
345,2017-08-07,211,8268,8479
345,2017-08-08,201,8208,8409
345,2017-08-09,197,8505,8702
345,2017-08-10,231,8366,8597
345,2017-08-11,196,9003,9199
345,2017-08-12,127,5948,6075
345,2017-08-13,55,5274,5329
345,2017-08-14,190,7669,7859
345,2017-08-15,29,4827,4856
345,2017-08-16,193,8135,8328
345,2017-08-17,203,8212,8415
345,2017-08-18,193,8521,8714
345,2017-08-19,117,6403,6520
345,2017-08-20,30,5449,5479
345,2017-08-21,220,8650,8870
345,2017-08-22,226,8888,9114
345,2017-08-23,220,9065,9285
345,2017-08-24,247,9151,9398
345,2017-08-25,241,9355,9596
345,2017-08-26,122,7003,7125
345,2017-08-27,42,6138,6180
345,2017-08-28,253,9521,9774
345,2017-08-29,234,9893,10127
345,2017-08-30,272,9900,10172
345,2017-08-31,246,10273,10519
345,2017-09-01,263,10064,10327
345,2017-09-02,151,7276,7427
345,2017-09-03,47,6259,6306
345,2017-09-04,245,9201,9446
345,2017-09-05,262,9900,10162
345,2017-09-06,278,10085,10363
345,2017-09-07,340,10664,11004
345,2017-09-08,277,10557,10834
345,2017-09-09,124,7617,7741
345,2017-09-10,27,6531,6558
345,2017-09-11,309,10901,11210
345,2017-09-12,233,10354,10587
345,2017-09-13,253,10791,11044
345,2017-09-14,268,10841,11109
345,2017-09-15,330,11249,11579
345,2017-09-16,132,8052,8184
345,2017-09-17,31,6528,6559
345,2017-09-18,387,11055,11442
345,2017-09-19,323,11114,11437
345,2017-09-20,373,11342,11715
345,2017-09-21,358,12007,12365
345,2017-09-22,363,11460,11823
345,2017-09-23,244,8821,9065
345,2017-09-24,44,6976,7020
345,2017-09-25,316,10935,11251
345,2017-09-26,276,11225,11501
345,2017-09-27,316,11153,11469
345,2017-09-28,278,11006,11284
345,2017-09-29,350,12191,12541
345,2017-09-30,307,11541,11848
345,2017-10-01,88,8669,8757
345,2017-10-02,377,10940,11317
345,2017-10-03,286,11280,11566
345,2017-10-04,331,11286,11617
345,2017-10-05,339,11740,12079
345,2017-10-06,432,12148,12580
345,2017-10-07,118,8842,8960
345,2017-10-08,22,6926,6948
345,2017-10-09,337,10806,11143
345,2017-10-10,387,11492,11879
345,2017-10-11,350,11403,11753
345,2017-10-12,404,11468,11872
345,2017-10-13,420,12340,12760
345,2017-10-14,483,12147,12630
345,2017-10-15,98,9503,9601
345,2017-10-16,405,11795,12200
345,2017-10-17,336,11314,11650
345,2017-10-18,446,12716,13162
345,2017-10-19,342,11758,12100
345,2017-10-20,371,12132,12503
345,2017-10-21,133,8848,8981
345,2017-10-22,35,6711,6746
345,2017-10-23,357,11109,11466
345,2017-10-24,351,11452,11803
345,2017-10-25,348,11542,11890
345,2017-10-26,325,11375,11700
345,2017-10-27,370,12012,12382
345,2017-10-28,159,8834,8993
345,2017-10-29,26,6418,6444
345,2017-10-30,332,11049,11381
345,2017-11-01,32,6775,6807
345,2017-11-02,303,10569,10872
345,2017-11-03,323,10915,11238
345,2017-11-04,115,8099,8214
345,2017-11-05,23,5866,5889
345,2017-11-06,465,11931,12396
345,2017-11-07,407,11993,12400
345,2017-11-08,402,11689,12091
345,2017-11-09,353,11618,11971
345,2017-11-10,323,12197,12520
345,2017-11-11,115,8531,8646
345,2017-11-12,30,5872,5902
345,2017-11-13,374,11030,11404
345,2017-11-14,387,11568,11955
345,2017-11-15,363,11462,11825
345,2017-11-16,363,11567,11930
345,2017-11-17,349,11955,12304
345,2017-11-18,114,8924,9038
345,2017-11-19,38,6459,6497
345,2017-11-20,335,11189,11524
345,2017-11-21,318,11928,12246
345,2017-11-22,393,11900,12293
345,2017-11-23,411,11894,12305
345,2017-11-24,376,12424,12800
345,2017-11-25,127,8937,9064
345,2017-11-26,31,6577,6608
345,2017-11-27,311,11323,11634
345,2017-11-28,333,11817,12150
345,2017-11-29,407,11703,12110
345,2017-11-30,369,11893,12262
345,2017-12-01,362,12313,12675
345,2017-12-02,122,8625,8747
345,2017-12-03,28,5829,5857
345,2017-12-04,337,11389,11726
345,2017-12-05,336,13084,13420
345,2017-12-06,409,13099,13508
345,2017-12-07,440,13301,13741
345,2017-12-08,379,13063,13442
345,2017-12-09,147,9167,9314
345,2017-12-10,44,5457,5501
345,2017-12-11,374,11877,12251
345,2017-12-12,368,12110,12478
345,2017-12-13,338,11301,11639
345,2017-12-14,355,12443,12798
345,2017-12-15,338,12407,12745
345,2017-12-16,108,8415,8523
345,2017-12-17,29,5919,5948
345,2017-12-18,225,10369,10594
345,2017-12-19,234,10785,11019
345,2017-12-20,222,10855,11077
345,2017-12-21,245,10888,11133
345,2017-12-22,239,11373,11612
345,2017-12-23,114,7848,7962
345,2017-12-24,26,5742,5768
345,2017-12-25,19,4878,4897
345,2017-12-26,21,4805,4826
345,2017-12-27,184,8216,8400
345,2017-12-28,163,8345,8508
345,2017-12-29,173,8396,8569
345,2017-12-30,119,7720,7839
345,2017-12-31,27,5453,5480
390,2017-01-01,4,561,565
390,2017-01-02,125,2303,2428
390,2017-01-03,137,3009,3146
390,2017-01-04,113,2634,2747
390,2017-01-05,110,2361,2471
390,2017-01-07,49,945,994
390,2017-01-08,10,1887,1897
390,2017-01-09,156,4377,4533
390,2017-01-10,156,4550,4706
390,2017-01-11,70,1765,1835
390,2017-01-12,94,2207,2301
390,2017-01-13,176,4468,4644
390,2017-01-14,137,3393,3530
390,2017-01-15,19,2701,2720
390,2017-01-17,252,6957,7209
390,2017-01-18,252,6944,7196
390,2017-01-19,261,7092,7353
390,2017-01-20,259,7130,7389
390,2017-01-21,183,3710,3893
390,2017-01-22,28,2540,2568
390,2017-01-24,236,6651,6887
390,2017-01-25,258,6666,6924
390,2017-01-26,260,7003,7263
390,2017-01-27,263,6972,7235
390,2017-01-28,183,3457,3640
390,2017-01-29,19,2584,2603
390,2017-01-31,255,7122,7377
390,2017-02-01,258,7048,7306
390,2017-02-02,265,7220,7485
390,2017-02-03,249,7147,7396
390,2017-02-04,183,3858,4041
390,2017-02-05,21,2756,2777
390,2017-02-07,232,7461,7693
390,2017-02-08,247,7078,7325
390,2017-02-09,264,7549,7813
390,2017-02-10,279,7253,7532
390,2017-02-11,163,3745,3908
390,2017-02-12,18,2777,2795
390,2017-02-14,260,7302,7562
390,2017-02-15,279,7447,7726
390,2017-02-16,292,6820,7112
390,2017-02-17,274,6612,6886
390,2017-02-18,220,4677,4897
390,2017-02-19,34,3421,3455
390,2017-02-21,340,6338,6678
390,2017-02-22,294,8731,9025
390,2017-02-23,354,6534,6888
390,2017-02-24,332,5948,6280
390,2017-02-25,171,3295,3466
390,2017-02-26,21,2769,2790
390,2017-02-28,294,6516,6810
390,2017-03-01,281,7238,7519
390,2017-03-02,289,6909,7198
390,2017-03-03,283,7140,7423
390,2017-03-04,199,4391,4590
390,2017-03-05,16,2586,2602
390,2017-03-07,306,7102,7408
390,2017-03-08,289,7460,7749
390,2017-03-09,280,7374,7654
390,2017-03-10,292,7916,8208
390,2017-03-11,181,4449,4630
390,2017-03-12,26,3244,3270
390,2017-03-14,271,7530,7801
390,2017-03-15,290,7339,7629
390,2017-03-16,299,7729,8028
390,2017-03-17,297,7476,7773
390,2017-03-18,169,3826,3995
390,2017-03-19,22,2918,2940
390,2017-03-21,312,6882,7194
390,2017-03-22,255,7220,7475
390,2017-03-23,287,7581,7868
390,2017-03-24,291,7409,7700
390,2017-03-25,187,4811,4998
390,2017-03-28,306,7558,7864
390,2017-03-29,293,7503,7796
390,2017-03-30,289,7777,8066
390,2017-03-31,296,7718,8014
390,2017-04-01,194,4278,4472
390,2017-04-02,23,3785,3808
390,2017-04-04,292,7556,7848
390,2017-04-05,275,7644,7919
390,2017-04-06,275,7630,7905
390,2017-04-07,274,7829,8103
390,2017-04-08,186,4077,4263
390,2017-04-09,15,3259,3274
390,2017-04-11,371,9315,9686
390,2017-04-12,253,7236,7489
390,2017-04-13,301,8835,9136
390,2017-04-14,247,5465,5712
390,2017-04-15,182,2908,3090
390,2017-04-16,18,2455,2473
390,2017-04-18,274,5795,6069
390,2017-04-19,265,5875,6140
390,2017-04-20,248,6193,6441
390,2017-04-21,232,6431,6663
390,2017-04-22,187,3945,4132
390,2017-04-23,32,3806,3838
390,2017-04-25,262,7526,7788
390,2017-04-26,279,7444,7723
390,2017-04-27,278,7950,8228
390,2017-04-28,294,7392,7686
390,2017-04-29,209,4482,4691
390,2017-04-30,30,3702,3732
390,2017-05-02,290,7619,7909
390,2017-05-03,284,7168,7452
390,2017-05-04,265,8015,8280
390,2017-05-05,265,8044,8309
390,2017-05-06,191,4703,4894
390,2017-05-07,26,3904,3930
390,2017-05-09,279,7975,8254
390,2017-05-10,310,8027,8337
390,2017-05-11,310,8216,8526
390,2017-05-12,320,7458,7778
390,2017-05-13,202,4772,4974
390,2017-05-14,36,3588,3624
390,2017-05-16,300,8089,8389
390,2017-05-17,286,8021,8307
390,2017-05-18,296,7480,7776
390,2017-05-19,304,7110,7414
390,2017-05-20,204,4803,5007
390,2017-05-21,23,3691,3714
390,2017-05-23,281,7555,7836
390,2017-05-24,287,7943,8230
390,2017-05-25,19,3523,3542
390,2017-05-26,241,6088,6329
390,2017-05-27,191,4233,4424
390,2017-05-28,34,3366,3400
390,2017-05-29,269,7496,7765
390,2017-05-31,252,7799,8051
390,2017-06-01,262,7819,8081
390,2017-06-02,294,7106,7400
390,2017-06-03,186,3380,3566
390,2017-06-04,34,2902,2936
390,2017-06-05,29,2765,2794
390,2017-06-07,256,5734,5990
390,2017-06-08,261,6588,6849
390,2017-06-09,274,6068,6342
390,2017-06-10,201,3841,4042
390,2017-06-11,20,3214,3234
390,2017-06-12,272,7467,7739
390,2017-06-17,260,5477,5737
390,2017-06-18,60,4300,4360
390,2017-06-19,361,7450,7811
390,2017-06-20,157,5006,5163
390,2017-06-21,351,7634,7985
390,2017-06-22,380,8196,8576
390,2017-06-23,43,3271,3314
390,2017-06-24,187,3713,3900
390,2017-06-25,40,3078,3118
390,2017-06-26,329,7475,7804
390,2017-06-27,341,7697,8038
390,2017-06-28,334,7486,7820
390,2017-06-29,354,7990,8344
390,2017-06-30,386,8047,8433
390,2017-07-01,223,4345,4568
390,2017-07-02,42,3593,3635
390,2017-07-03,308,6765,7073
390,2017-07-04,340,7639,7979
390,2017-07-05,374,7829,8203
390,2017-07-06,335,7606,7941
390,2017-07-07,300,7793,8093
390,2017-07-08,190,4469,4659
390,2017-07-09,36,3065,3101
390,2017-07-10,296,7105,7401
390,2017-07-11,333,7740,8073
390,2017-07-12,309,7275,7584
390,2017-07-13,296,7784,8080
390,2017-07-14,311,7267,7578
390,2017-07-15,203,3997,4200
390,2017-07-16,47,2988,3035
390,2017-07-17,313,6496,6809
390,2017-07-18,302,6926,7228
390,2017-07-19,329,6648,6977
390,2017-07-20,350,6878,7228
390,2017-07-21,406,7111,7517
390,2017-07-22,244,3787,4031
390,2017-07-23,48,2821,2869
390,2017-07-24,340,6006,6346
390,2017-07-25,358,6147,6505
390,2017-07-26,315,6410,6725
390,2017-07-27,287,6248,6535
390,2017-07-28,245,6022,6267
390,2017-07-29,189,3763,3952
390,2017-07-30,35,2731,2766
390,2017-07-31,255,5134,5389
390,2017-08-01,239,5397,5636
390,2017-08-02,250,5536,5786
390,2017-08-03,252,5705,5957
390,2017-08-04,260,5641,5901
390,2017-08-05,203,3161,3364
390,2017-08-06,23,2892,2915
390,2017-08-12,176,2524,2700
390,2017-08-13,54,2220,2274
390,2017-08-14,244,3859,4103
390,2017-08-15,24,1990,2014
390,2017-08-16,302,6918,7220
390,2017-08-17,308,7263,7571
390,2017-08-18,223,4706,4929
390,2017-08-19,178,2658,2836
390,2017-08-20,24,2450,2474
390,2017-08-21,250,4832,5082
390,2017-08-22,310,5439,5749
390,2017-08-23,144,5061,5205
390,2017-08-24,152,5007,5159
390,2017-08-25,183,4917,5100
390,2017-08-26,200,3651,3851
390,2017-08-27,34,3377,3411
390,2017-08-28,271,5954,6225
390,2017-08-29,316,6425,6741
390,2017-08-30,321,6274,6595
390,2017-08-31,325,6318,6643
390,2017-09-01,318,6231,6549
390,2017-09-02,96,3292,3388
390,2017-09-03,38,3610,3648
390,2017-09-04,302,6052,6354
390,2017-09-05,316,6627,6943
390,2017-09-06,339,6512,6851
390,2017-09-07,310,6803,7113
390,2017-09-08,301,6965,7266
390,2017-09-09,224,3922,4146
390,2017-09-10,40,3785,3825
390,2017-09-11,290,7222,7512
390,2017-09-12,344,7090,7434
390,2017-09-13,321,6691,7012
390,2017-09-14,307,7048,7355
390,2017-09-15,349,7117,7466
390,2017-09-16,198,3770,3968
390,2017-09-17,26,3152,3178
390,2017-09-18,365,7157,7522
390,2017-09-19,364,7590,7954
390,2017-09-20,325,7369,7694
390,2017-09-21,330,7670,8000
390,2017-09-22,335,7418,7753
390,2017-09-23,218,4434,4652
390,2017-09-24,38,3652,3690
390,2017-09-25,366,7347,7713
390,2017-09-26,346,7716,8062
390,2017-09-27,348,7348,7696
390,2017-09-28,368,7735,8103
390,2017-09-29,336,7858,8194
390,2017-09-30,233,4530,4763
390,2017-10-01,26,3783,3809
390,2017-10-02,356,7363,7719
390,2017-10-03,333,7787,8120
390,2017-10-04,326,7326,7652
390,2017-10-05,335,7836,8171
390,2017-10-06,348,7720,8068
390,2017-10-07,300,4886,5186
390,2017-10-08,24,3172,3196
390,2017-10-09,307,7218,7525
390,2017-10-10,364,7858,8222
390,2017-10-11,363,7458,7821
390,2017-10-12,399,7685,8084
390,2017-10-13,377,7534,7911
390,2017-10-14,197,4544,4741
390,2017-10-15,27,3476,3503
390,2017-10-16,295,7606,7901
390,2017-10-17,324,7569,7893
390,2017-10-18,310,7506,7816
390,2017-10-19,336,7634,7970
390,2017-10-20,306,7673,7979
390,2017-10-21,200,4189,4389
390,2017-10-22,28,3106,3134
390,2017-10-23,319,7334,7653
390,2017-10-24,307,7618,7925
390,2017-10-25,311,7467,7778
390,2017-10-26,348,7626,7974
390,2017-10-27,340,7571,7911
390,2017-10-28,206,3767,3973
390,2017-10-29,27,2654,2681
390,2017-10-30,330,5768,6098
390,2017-11-01,19,3074,3093
390,2017-11-02,416,5750,6166
390,2017-11-03,321,5741,6062
390,2017-11-04,312,3535,3847
390,2017-11-05,25,2760,2785
390,2017-11-06,321,7057,7378
390,2017-11-07,343,7662,8005
390,2017-11-08,320,7463,7783
390,2017-11-09,327,7811,8138
390,2017-11-10,354,7701,8055
390,2017-11-11,195,4458,4653
390,2017-11-12,18,2974,2992
390,2017-11-13,346,7082,7428
390,2017-11-14,325,7530,7855
390,2017-11-15,363,7224,7587
390,2017-11-16,333,7525,7858
390,2017-11-17,338,7528,7866
390,2017-11-18,217,4205,4422
390,2017-11-19,22,3017,3039
390,2017-11-20,312,7160,7472
390,2017-11-21,311,7456,7767
390,2017-11-22,361,7408,7769
390,2017-11-23,312,7709,8021
390,2017-11-24,335,7822,8157
390,2017-11-25,237,4538,4775
390,2017-11-26,29,3416,3445
390,2017-11-27,305,7278,7583
390,2017-11-28,318,7790,8108
390,2017-11-29,314,7175,7489
390,2017-11-30,300,7542,7842
390,2017-12-01,323,7398,7721
390,2017-12-02,196,4232,4428
390,2017-12-03,38,2966,3004
390,2017-12-04,329,7281,7610
390,2017-12-05,314,7736,8050
390,2017-12-06,319,7300,7619
390,2017-12-07,336,8072,8408
390,2017-12-08,349,7457,7806
390,2017-12-09,191,4018,4209
390,2017-12-16,193,4120,4313
390,2017-12-17,30,3146,3176
390,2017-12-18,246,5839,6085
390,2017-12-19,260,6871,7131
390,2017-12-20,257,6188,6445
390,2017-12-26,19,2006,2025
390,2017-12-27,198,3867,4065
390,2017-12-28,217,4060,4277
390,2017-12-29,208,3631,3839
390,2017-12-30,172,2721,2893
390,2017-12-31,20,2148,2168
394,2017-01-01,178,8150,8328
394,2017-01-02,452,11227,11679
394,2017-01-03,478,13532,14010
394,2017-01-04,464,13564,14028
394,2017-01-06,514,14737,15251
394,2017-01-07,372,12077,12449
394,2017-01-08,174,9987,10161
394,2017-01-09,546,15674,16220
394,2017-01-10,588,16163,16751
394,2017-01-11,530,16461,16991
394,2017-01-12,602,17000,17602
394,2017-01-14,377,14097,14474
394,2017-01-15,181,10596,10777
394,2017-01-16,590,16065,16655
394,2017-01-17,601,16631,17232
394,2017-01-18,575,16294,16869
394,2017-01-19,575,17142,17717
394,2017-01-21,377,14907,15284
394,2017-01-22,190,10531,10721
394,2017-01-23,599,16047,16646
394,2017-01-24,613,16480,17093
394,2017-01-25,621,16572,17193
394,2017-01-26,626,16979,17605
394,2017-01-28,402,15010,15412
394,2017-01-29,176,10979,11155
394,2017-01-30,598,16734,17332
394,2017-01-31,641,17222,17863
394,2017-02-01,585,16856,17441
394,2017-02-02,616,17165,17781
394,2017-02-04,378,14154,14532
394,2017-02-05,183,11172,11355
394,2017-02-06,626,16239,16865
394,2017-02-07,553,17036,17589
394,2017-02-08,652,16790,17442
394,2017-02-09,664,17246,17910
394,2017-02-11,363,14615,14978
394,2017-02-12,177,10899,11076
394,2017-02-13,660,16298,16958
394,2017-02-14,605,17111,17716
394,2017-02-15,618,16981,17599
394,2017-02-16,565,17272,17837
394,2017-02-18,380,13836,14216
394,2017-02-19,190,10638,10828
394,2017-02-20,480,14789,15269
394,2017-02-21,542,15301,15843
394,2017-02-22,511,15843,16354
394,2017-02-23,532,15298,15830
394,2017-02-25,388,13145,13533
394,2017-02-26,182,10430,10612
394,2017-02-27,608,16172,16780
394,2017-02-28,632,17574,18206
394,2017-03-01,654,17494,18148
394,2017-03-02,654,17330,17984
394,2017-03-04,417,15100,15517
394,2017-03-05,182,10994,11176
394,2017-03-06,652,16597,17249
394,2017-03-07,606,17248,17854
394,2017-03-08,605,17285,17890
394,2017-03-09,583,17065,17648
394,2017-03-11,379,15592,15971
394,2017-03-12,185,11715,11900
394,2017-03-13,646,16727,17373
394,2017-03-14,610,17332,17942
394,2017-03-15,610,17181,17791
394,2017-03-16,616,17612,18228
394,2017-03-18,366,15132,15498
394,2017-03-19,176,11351,11527
394,2017-03-20,659,16434,17093
394,2017-03-21,605,16737,17342
394,2017-03-22,616,16715,17331
394,2017-03-23,644,17267,17911
394,2017-03-25,503,15526,16029
394,2017-03-27,550,16498,17048
394,2017-03-28,639,17000,17639
394,2017-03-29,595,17022,17617
394,2017-03-30,615,17791,18406
394,2017-04-01,505,15603,16108
394,2017-04-02,275,12744,13019
394,2017-04-03,633,16298,16931
394,2017-04-04,614,16828,17442
394,2017-04-05,623,17186,17809
394,2017-04-06,628,17753,18381
394,2017-04-08,520,14396,14916
394,2017-04-09,283,11264,11547
394,2017-04-10,552,14827,15379
394,2017-04-11,529,16189,16718
394,2017-04-12,570,15452,16022
394,2017-04-13,540,15227,15767
394,2017-04-15,480,12015,12495
394,2017-04-16,268,9330,9598
394,2017-04-17,263,8356,8619
394,2017-04-18,542,15005,15547
394,2017-04-19,544,14499,15043
394,2017-04-20,550,14958,15508
394,2017-04-22,500,13987,14487
394,2017-04-23,286,11581,11867
394,2017-04-24,502,16194,16696
394,2017-04-25,637,16958,17595
394,2017-04-26,612,16947,17559
394,2017-04-27,616,17525,18141
394,2017-04-29,394,14891,15285
394,2017-04-30,197,11423,11620
394,2017-05-01,191,8822,9013
394,2017-05-02,641,16959,17600
394,2017-05-03,626,16542,17168
394,2017-05-04,623,17365,17988
394,2017-05-06,370,15215,15585
394,2017-05-07,185,12027,12212
394,2017-05-08,647,16542,17189
394,2017-05-09,646,17488,18134
394,2017-05-10,645,17239,17884
394,2017-05-11,599,16924,17523
394,2017-05-13,398,15182,15580
394,2017-05-14,168,11250,11418
394,2017-05-15,597,16579,17176
394,2017-05-16,634,17618,18252
394,2017-05-17,621,17448,18069
394,2017-05-18,594,17767,18361
394,2017-05-20,492,15566,16058
394,2017-05-21,310,12180,12490
394,2017-05-22,595,16452,17047
394,2017-05-23,621,17479,18100
394,2017-05-24,606,17681,18287
394,2017-05-25,163,9820,9983
394,2017-05-27,455,12565,13020
394,2017-05-28,278,11357,11635
394,2017-05-29,658,16750,17408
394,2017-05-30,622,17338,17960
394,2017-05-31,569,16918,17487
394,2017-06-01,576,17253,17829
394,2017-06-03,374,14192,14566
394,2017-06-04,208,11957,12165
394,2017-06-05,169,8812,8981
394,2017-06-06,548,15252,15800
394,2017-06-07,574,15726,16300
394,2017-06-08,556,15987,16543
394,2017-06-10,479,14153,14632
394,2017-06-11,277,11756,12033
394,2017-06-12,614,16382,16996
394,2017-06-13,597,17220,17817
394,2017-06-14,569,16827,17396
394,2017-06-15,587,17411,17998
394,2017-06-17,508,15936,16444
394,2017-06-18,284,12596,12880
394,2017-06-19,585,16468,17053
394,2017-06-20,576,17315,17891
394,2017-06-21,548,17281,17829
394,2017-06-22,583,17161,17744
394,2017-06-24,364,13172,13536
394,2017-06-25,176,10280,10456
394,2017-06-26,612,16327,16939
394,2017-06-27,548,16944,17492
394,2017-06-28,622,17416,18038
394,2017-06-29,664,17868,18532
394,2017-07-01,376,14882,15258
394,2017-07-02,195,12415,12610
394,2017-07-03,600,15920,16520
394,2017-07-04,596,16911,17507
394,2017-07-05,556,17360,17916
394,2017-07-06,676,17586,18262
394,2017-07-08,474,14689,15163
394,2017-07-09,406,11118,11524
394,2017-07-10,628,16208,16836
394,2017-07-11,614,16738,17352
394,2017-07-12,540,17108,17648
394,2017-07-13,553,17161,17714
394,2017-07-15,358,13808,14166
394,2017-07-16,173,11109,11282
394,2017-07-17,515,15358,15873
394,2017-07-18,484,16106,16590
394,2017-07-19,504,15880,16384
394,2017-07-20,560,15664,16224
394,2017-07-21,491,16278,16769
394,2017-07-22,364,12671,13035
394,2017-07-23,174,10290,10464
394,2017-07-24,573,14341,14914
394,2017-07-25,511,15191,15702
394,2017-07-26,537,15489,16026
394,2017-07-27,560,15096,15656
394,2017-07-28,491,15003,15494
394,2017-07-29,367,11690,12057
394,2017-07-30,170,9294,9464
394,2017-07-31,510,13352,13862
394,2017-08-01,524,13646,14170
394,2017-08-02,474,13900,14374
394,2017-08-03,501,13858,14359
394,2017-08-04,477,13721,14198
394,2017-08-05,348,10719,11067
394,2017-08-06,166,8946,9112
394,2017-08-07,472,12439,12911
394,2017-08-08,506,12844,13350
394,2017-08-09,491,13052,13543
394,2017-08-10,488,13205,13693
394,2017-08-11,472,12950,13422
394,2017-08-12,358,9464,9822
394,2017-08-13,164,7505,7669
394,2017-08-14,455,11161,11616
394,2017-08-15,165,6914,7079
394,2017-08-16,472,12946,13418
394,2017-08-18,488,12950,13438
394,2017-08-19,367,10213,10580
394,2017-08-20,161,8127,8288
394,2017-08-21,498,12814,13312
394,2017-08-22,503,13403,13906
394,2017-08-23,503,13479,13982
394,2017-08-25,542,13914,14456
394,2017-08-26,438,11662,12100
394,2017-08-27,250,9593,9843
394,2017-08-28,588,14281,14869
394,2017-08-29,609,15351,15960
394,2017-08-30,671,15898,16569
394,2017-09-01,617,15565,16182
394,2017-09-02,526,12426,12952
394,2017-09-03,278,10596,10874
394,2017-09-04,595,14147,14742
394,2017-09-05,589,15549,16138
394,2017-09-06,657,16690,17347
394,2017-09-08,638,16372,17010
394,2017-09-09,502,13154,13656
394,2017-09-10,260,11025,11285
394,2017-09-11,642,16188,16830
394,2017-09-12,752,17014,17766
394,2017-09-13,790,17254,18044
394,2017-09-15,627,17220,17847
394,2017-09-16,480,13630,14110
394,2017-09-17,242,10362,10604
394,2017-09-18,536,16144,16680
394,2017-09-19,593,16328,16921
394,2017-09-20,582,16257,16839
394,2017-09-22,586,16757,17343
394,2017-09-23,378,14529,14907
394,2017-09-24,177,11913,12090
394,2017-09-25,619,16408,17027
394,2017-09-26,649,17170,17819
394,2017-09-27,598,16982,17580
394,2017-09-28,580,17751,18331
394,2017-09-29,613,17413,18026
394,2017-09-30,476,15042,15518
394,2017-10-01,267,12933,13200
394,2017-10-02,566,15939,16505
394,2017-10-03,607,16849,17456
394,2017-10-04,565,16544,17109
394,2017-10-06,551,17303,17854
394,2017-10-07,464,15919,16383
394,2017-10-08,244,11743,11987
394,2017-10-09,560,15908,16468
394,2017-10-10,565,16627,17192
394,2017-10-11,550,16500,17050
394,2017-10-12,543,17026,17569
394,2017-10-13,565,17248,17813
394,2017-10-14,445,15334,15779
394,2017-10-15,259,12132,12391
394,2017-10-16,539,16099,16638
394,2017-10-17,585,16830,17415
394,2017-10-18,547,16275,16822
394,2017-10-20,638,17380,18018
394,2017-10-21,420,15492,15912
394,2017-10-22,248,10828,11076
394,2017-10-23,526,16119,16645
394,2017-10-24,512,16835,17347
394,2017-10-25,548,16943,17491
394,2017-10-26,581,17704,18285
394,2017-10-27,519,17425,17944
394,2017-10-28,384,14674,15058
394,2017-10-29,165,10707,10872
394,2017-10-30,518,15627,16145
394,2017-10-31,517,17053,17570
394,2017-11-01,180,10904,11084
394,2017-11-03,523,16163,16686
394,2017-11-04,386,13608,13994
394,2017-11-05,175,10419,10594
394,2017-11-06,629,15899,16528
394,2017-11-07,601,16152,16753
394,2017-11-08,516,16395,16911
394,2017-11-09,626,17140,17766
394,2017-11-10,656,17816,18472
394,2017-11-11,347,15097,15444
394,2017-11-12,173,11261,11434
394,2017-11-13,625,16120,16745
394,2017-11-14,573,16902,17475
394,2017-11-15,585,16406,16991
394,2017-11-16,651,17030,17681
394,2017-11-17,573,17329,17902
394,2017-11-18,397,15678,16075
394,2017-11-19,192,11526,11718
394,2017-11-20,636,15990,16626
394,2017-11-21,557,16480,17037
394,2017-11-22,589,16377,16966
394,2017-11-24,636,17776,18412
394,2017-11-25,376,15130,15506
394,2017-11-26,186,11613,11799
394,2017-11-27,619,15749,16368
394,2017-11-28,630,17270,17900
394,2017-11-29,603,16471,17074
394,2017-11-30,620,17574,18194
394,2017-12-01,556,17415,17971
394,2017-12-02,397,14965,15362
394,2017-12-03,173,10807,10980
394,2017-12-04,542,16091,16633
394,2017-12-05,607,16617,17224
394,2017-12-06,583,16501,17084
394,2017-12-08,672,18522,19194
394,2017-12-09,385,15189,15574
394,2017-12-10,174,9666,9840
394,2017-12-11,604,16158,16762
394,2017-12-12,617,16635,17252
394,2017-12-13,610,17254,17864
394,2017-12-14,626,17830,18456
394,2017-12-15,592,17990,18582
394,2017-12-16,400,14348,14748
394,2017-12-17,180,10765,10945
394,2017-12-18,462,15377,15839
394,2017-12-19,530,16441,16971
394,2017-12-20,483,15673,16156
394,2017-12-21,503,15800,16303
394,2017-12-22,500,15416,15916
394,2017-12-23,371,12334,12705
394,2017-12-24,130,8739,8869
394,2017-12-25,138,6654,6792
394,2017-12-26,160,6918,7078
394,2017-12-27,454,12244,12698
394,2017-12-28,479,12308,12787
394,2017-12-29,478,13588,14066
394,2017-12-30,358,11178,11536
394,2017-12-31,178,8926,9104
400,2017-01-02,662,10981,11643
400,2017-01-03,690,12908,13598
400,2017-01-04,696,13532,14228
400,2017-01-05,710,13993,14703
400,2017-01-06,823,14721,15544
400,2017-01-07,492,9070,9562
400,2017-01-09,831,16146,16977
400,2017-01-10,809,16237,17046
400,2017-01-11,751,16721,17472
400,2017-01-12,972,20550,21522
400,2017-01-13,964,18392,19356
400,2017-01-14,452,10539,10991
400,2017-01-16,898,16312,17210
400,2017-01-17,980,17002,17982
400,2017-01-18,950,17381,18331
400,2017-01-19,935,17445,18380
400,2017-01-20,911,17558,18469
400,2017-01-21,518,11256,11774
400,2017-01-23,901,16323,17224
400,2017-01-24,923,17247,18170
400,2017-01-25,949,17214,18163
400,2017-01-26,960,17764,18724
400,2017-01-27,1008,17168,18176
400,2017-01-28,555,11929,12484
400,2017-01-30,865,16711,17576
400,2017-01-31,1063,17265,18328
400,2017-02-01,992,17235,18227
400,2017-02-02,944,17622,18566
400,2017-02-03,883,17915,18798
400,2017-02-04,438,11092,11530
400,2017-02-06,955,16840,17795
400,2017-02-07,942,18322,19264
400,2017-02-08,993,17613,18606
400,2017-02-09,1029,18441,19470
400,2017-02-10,1087,17898,18985
400,2017-02-11,498,11652,12150
400,2017-02-13,972,16805,17777
400,2017-02-14,1003,18572,19575
400,2017-02-15,1035,17881,18916
400,2017-02-16,904,17733,18637
400,2017-02-17,1017,17523,18540
400,2017-02-18,502,10825,11327
400,2017-02-20,907,14387,15294
400,2017-02-21,1024,17902,18926
400,2017-02-22,895,15307,16202
400,2017-02-23,972,14302,15274
400,2017-02-24,1138,17826,18964
400,2017-02-25,540,10614,11154
400,2017-02-27,1216,19372,20588
400,2017-02-28,1206,21274,22480
400,2017-03-01,1166,21340,22506
400,2017-03-02,967,18156,19123
400,2017-03-03,1028,18266,19294
400,2017-03-04,534,12200,12734
400,2017-03-06,951,16876,17827
400,2017-03-07,911,17938,18849
400,2017-03-08,882,17802,18684
400,2017-03-09,997,19050,20047
400,2017-03-10,1378,19440,20818
400,2017-03-11,577,12608,13185
400,2017-03-13,1024,17299,18323
400,2017-03-14,1080,17680,18760
400,2017-03-15,1117,18044,19161
400,2017-03-16,1102,18491,19593
400,2017-03-17,1158,18794,19952
400,2017-03-18,595,11875,12470
400,2017-03-20,1037,16611,17648
400,2017-03-21,1015,17579,18594
400,2017-03-22,1080,17608,18688
400,2017-03-23,1134,18196,19330
400,2017-03-24,1198,18205,19403
400,2017-03-25,755,16426,17181
400,2017-03-28,1034,17912,18946
400,2017-03-29,1247,18625,19872
400,2017-03-30,1044,18808,19852
400,2017-03-31,1130,18496,19626
400,2017-04-01,576,12556,13132
400,2017-04-02,300,11138,11438
400,2017-04-04,1091,18303,19394
400,2017-04-05,1089,18176,19265
400,2017-04-06,1064,18467,19531
400,2017-04-07,1118,18885,20003
400,2017-04-08,608,12484,13092
400,2017-04-09,296,9247,9543
400,2017-04-11,1321,17624,18945
400,2017-04-12,1091,16429,17520
400,2017-04-13,1094,16316,17410
400,2017-04-14,1050,15610,16660
400,2017-04-15,550,9956,10506
400,2017-04-16,293,7871,8164
400,2017-04-18,1228,16654,17882
400,2017-04-19,1275,16726,18001
400,2017-04-20,1032,15962,16994
400,2017-04-21,1120,16629,17749
400,2017-04-22,793,13522,14315
400,2017-04-23,223,2978,3201
400,2017-04-24,1023,16718,17741
400,2017-04-26,1186,18154,19340
400,2017-04-27,1094,19171,20265
400,2017-04-28,1166,18820,19986
400,2017-04-29,646,13842,14488
400,2017-04-30,269,10250,10519
400,2017-05-01,238,8107,8345
400,2017-05-03,1270,20910,22180
400,2017-05-04,1056,18537,19593
400,2017-05-05,1161,18803,19964
400,2017-05-06,562,12537,13099
400,2017-05-07,244,9391,9635
400,2017-05-08,1127,17234,18361
400,2017-05-10,1159,18566,19725
400,2017-05-11,1164,18435,19599
400,2017-05-12,1096,18575,19671
400,2017-05-13,726,15518,16244
400,2017-05-14,282,11626,11908
400,2017-05-15,1070,17412,18482
400,2017-05-17,1105,18274,19379
400,2017-05-18,1033,18361,19394
400,2017-05-19,1134,22162,23296
400,2017-05-20,830,15036,15866
400,2017-05-21,425,11843,12268
400,2017-05-22,1034,17358,18392
400,2017-05-24,1120,18554,19674
400,2017-05-25,268,9157,9425
400,2017-05-26,849,16047,16896
400,2017-05-27,719,11946,12665
400,2017-05-28,280,9574,9854
400,2017-05-29,1354,20252,21606
400,2017-05-30,1348,20986,22334
400,2017-06-01,1052,18405,19457
400,2017-06-02,1370,22230,23600
400,2017-06-03,632,13196,13828
400,2017-06-04,278,9980,10258
400,2017-06-05,245,8336,8581
400,2017-06-06,1148,18516,19664
400,2017-06-07,1276,19118,20394
400,2017-06-08,981,16770,17751
400,2017-06-10,619,12453,13072
400,2017-06-11,325,10302,10627
400,2017-06-12,1109,18109,19218
400,2017-06-13,1115,18542,19657
400,2017-06-14,1067,18589,19656
400,2017-06-15,1002,19342,20344
400,2017-06-17,1005,18115,19120
400,2017-06-18,505,13038,13543
400,2017-06-19,984,17473,18457
400,2017-06-20,1040,19125,20165
400,2017-06-21,1024,18912,19936
400,2017-06-22,1060,19411,20471
400,2017-06-24,564,10693,11257
400,2017-06-25,270,9117,9387
400,2017-06-26,1101,18124,19225
400,2017-06-27,1017,17729,18746
400,2017-06-28,1350,21558,22908
400,2017-06-29,1342,22010,23352
400,2017-06-30,1192,19080,20272
400,2017-07-02,912,18227,19139
400,2017-07-03,1382,20904,22286
400,2017-07-04,1073,18396,19469
400,2017-07-05,1112,18510,19622
400,2017-07-06,1556,22048,23604
400,2017-07-07,1119,18476,19595
400,2017-07-08,614,12927,13541
400,2017-07-09,304,10716,11020
400,2017-07-10,1300,20632,21932
400,2017-07-11,1304,21768,23072
400,2017-07-12,1043,17905,18948
400,2017-07-13,1091,18196,19287
400,2017-07-14,1037,18561,19598
400,2017-07-15,563,12070,12633
400,2017-07-16,276,9406,9682
400,2017-08-26,586,11278,11864
400,2017-08-27,287,8118,8405
400,2017-08-28,966,15196,16162
400,2017-08-29,1127,16698,17825
400,2017-08-30,1109,16666,17775
400,2017-08-31,1227,18248,19475
400,2017-09-01,1281,16930,18211
400,2017-09-03,280,9149,9429
400,2017-09-04,845,14434,15279
400,2017-09-05,987,16475,17462
400,2017-09-06,1063,17053,18116
400,2017-09-07,1199,17319,18518
400,2017-09-08,1043,16724,17767
400,2017-09-10,305,8995,9300
400,2017-09-11,909,16786,17695
400,2017-09-12,1284,20740,22024
400,2017-09-13,1152,20612,21764
400,2017-09-14,1254,21242,22496
400,2017-09-15,1055,18310,19365
400,2017-09-17,235,8200,8435
400,2017-09-18,652,13832,14484
400,2017-09-19,1018,17716,18734
400,2017-09-20,1105,17188,18293
400,2017-09-21,1042,17997,19039
400,2017-09-22,1061,18224,19285
400,2017-09-23,580,12161,12741
400,2017-09-25,1038,17490,18528
400,2017-09-26,1024,17663,18687
400,2017-09-27,1044,18102,19146
400,2017-09-28,1039,17961,19000
400,2017-09-29,1068,18434,19502
400,2017-09-30,700,14082,14782
400,2017-10-01,337,10777,11114
400,2017-10-02,968,17191,18159
400,2017-10-03,1338,22428,23766
400,2017-10-04,1044,17970,19014
400,2017-10-05,942,18429,19371
400,2017-10-09,1016,17166,18182
400,2017-10-10,992,18124,19116
400,2017-10-11,1021,17893,18914
400,2017-10-12,989,18141,19130
400,2017-10-13,1031,18213,19244
400,2017-10-14,596,12838,13434
400,2017-10-15,319,10042,10361
400,2017-10-16,989,17383,18372
400,2017-10-17,1011,17568,18579
400,2017-10-18,1175,17457,18632
400,2017-10-19,986,17916,18902
400,2017-10-20,1184,20966,22150
400,2017-10-21,566,12704,13270
400,2017-10-22,284,9690,9974
400,2017-10-24,854,17905,18759
400,2017-10-25,955,17898,18853
400,2017-10-26,962,18433,19395
400,2017-10-27,958,18402,19360
400,2017-10-28,547,11777,12324
400,2017-10-29,271,8705,8976
400,2017-10-31,1015,18277,19292
400,2017-11-01,233,8920,9153
400,2017-11-02,1140,16421,17561
400,2017-11-03,1058,16802,17860
400,2017-11-04,619,13170,13789
400,2017-11-05,217,8248,8465
400,2017-11-07,941,17556,18497
400,2017-11-08,875,17719,18594
400,2017-11-09,995,17714,18709
400,2017-11-10,953,18087,19040
400,2017-11-11,480,12566,13046
400,2017-11-12,250,8674,8924
400,2017-11-13,1007,16999,18006
400,2017-11-14,1016,17660,18676
400,2017-11-15,995,17636,18631
400,2017-11-16,983,17885,18868
400,2017-11-17,977,18161,19138
400,2017-11-18,511,12972,13483
400,2017-11-19,236,8860,9096
400,2017-11-20,1228,19608,20836
400,2017-11-21,966,17279,18245
400,2017-11-22,1067,17742,18809
400,2017-11-23,1001,18591,19592
400,2017-11-24,1190,21528,22718
400,2017-11-25,479,12621,13100
400,2017-11-26,237,9712,9949
400,2017-11-28,945,17987,18932
400,2017-11-29,963,17890,18853
400,2017-11-30,991,18032,19023
400,2017-12-01,972,18096,19068
400,2017-12-02,549,12409,12958
400,2017-12-03,231,8836,9067
400,2017-12-04,963,16967,17930
400,2017-12-05,1012,17957,18969
400,2017-12-06,1067,17662,18729
400,2017-12-07,1198,21588,22786
400,2017-12-08,1276,22158,23434
400,2017-12-09,534,12345,12879
400,2017-12-10,282,8138,8420
400,2017-12-20,778,16477,17255
400,2017-12-21,738,16618,17356
400,2017-12-22,796,15995,16791
400,2017-12-23,480,10699,11179
400,2017-12-24,234,7644,7878
400,2017-12-25,175,5500,5675
400,2017-12-26,208,6426,6634
400,2017-12-27,701,12196,12897
400,2017-12-28,804,14054,14858
400,2017-12-29,820,14012,14832
400,2017-12-30,494,10452,10946
400,2017-12-31,220,8060,8280
401,2017-01-01,126,4747,4873
401,2017-01-02,329,7435,7764
401,2017-01-03,352,8680,9032
401,2017-01-04,370,8773,9143
401,2017-01-05,353,9058,9411
401,2017-01-07,255,7299,7554
401,2017-01-08,108,5730,5838
401,2017-01-09,482,10198,10680
401,2017-01-10,454,10794,11248
401,2017-01-11,397,10991,11388
401,2017-01-12,488,11108,11596
401,2017-01-14,253,8725,8978
401,2017-01-15,122,6340,6462
401,2017-01-16,453,10884,11337
401,2017-01-17,433,11282,11715
401,2017-01-18,442,11222,11664
401,2017-01-19,433,11768,12201
401,2017-01-21,264,9502,9766
401,2017-01-22,120,6517,6637
401,2017-01-23,477,10966,11443
401,2017-01-24,415,11284,11699
401,2017-01-25,480,11175,11655
401,2017-01-26,431,11600,12031
401,2017-01-28,283,9451,9734
401,2017-01-29,128,6860,6988
401,2017-01-30,512,11124,11636
401,2017-01-31,427,11578,12005
401,2017-02-01,467,11523,11990
401,2017-02-02,442,11891,12333
401,2017-02-04,292,8800,9092
401,2017-02-05,137,7043,7180
401,2017-02-06,432,11130,11562
401,2017-02-07,422,11807,12229
401,2017-02-08,476,11423,11899
401,2017-02-09,439,12017,12456
401,2017-02-11,268,9431,9699
401,2017-02-12,117,6747,6864
401,2017-02-13,455,11378,11833
401,2017-02-14,434,12404,12838
401,2017-02-15,468,10862,11330
401,2017-02-16,478,10585,11063
401,2017-02-18,252,8477,8729
401,2017-02-19,105,6316,6421
401,2017-02-20,377,9265,9642
401,2017-02-21,434,9996,10430
401,2017-02-22,410,9566,9976
401,2017-02-23,476,9866,10342
401,2017-02-25,282,8430,8712
401,2017-02-26,113,6472,6585
401,2017-02-27,534,10460,10994
401,2017-02-28,504,11606,12110
401,2017-03-01,524,11676,12200
401,2017-03-02,474,11407,11881
401,2017-03-04,290,9486,9776
401,2017-03-05,130,6604,6734
401,2017-03-06,500,11337,11837
401,2017-03-07,489,11210,11699
401,2017-03-08,516,12814,13330
401,2017-03-09,546,11940,12486
401,2017-03-11,265,9688,9953
401,2017-03-12,126,7390,7516
401,2017-03-13,484,10724,11208
401,2017-03-14,446,11254,11700
401,2017-03-15,477,11028,11505
401,2017-03-16,478,11448,11926
401,2017-03-18,250,9257,9507
401,2017-03-19,122,6823,6945
401,2017-03-20,352,9352,9704
401,2017-03-21,544,11094,11638
401,2017-03-22,459,10822,11281
401,2017-03-23,447,11225,11672
401,2017-03-25,276,10231,10507
401,2017-03-27,480,10467,10947
401,2017-03-28,480,11024,11504
401,2017-03-29,465,11064,11529
401,2017-03-30,459,11531,11990
401,2017-04-01,287,9741,10028
401,2017-04-02,116,7643,7759
401,2017-04-03,317,11969,12286
401,2017-04-04,309,12417,12726
401,2017-04-05,353,12382,12735
401,2017-04-06,354,12525,12879
401,2017-04-08,163,9927,10090
401,2017-04-09,48,7728,7776
401,2017-04-10,276,10593,10869
401,2017-04-11,313,11511,11824
401,2017-04-12,261,11055,11316
401,2017-04-13,287,10872,11159
401,2017-04-15,131,8748,8879
401,2017-04-16,36,6352,6388
401,2017-04-17,48,5367,5415
401,2017-04-18,263,10563,10826
401,2017-04-19,260,10442,10702
401,2017-04-20,265,10617,10882
401,2017-04-22,162,9502,9664
401,2017-04-23,50,7581,7631
401,2017-04-24,315,11721,12036
401,2017-04-25,316,12468,12784
401,2017-04-26,325,12201,12526
401,2017-04-27,308,12627,12935
401,2017-04-29,149,10260,10409
401,2017-04-30,58,7904,7962
401,2017-05-01,43,5674,5717
401,2017-05-02,324,12420,12744
401,2017-05-03,416,12468,12884
401,2017-05-04,307,12466,12773
401,2017-05-06,152,10679,10831
401,2017-05-07,50,7810,7860
401,2017-05-08,352,12344,12696
401,2017-05-09,364,13313,13677
401,2017-05-10,372,13555,13927
401,2017-05-11,389,13776,14165
401,2017-05-13,312,9824,10136
401,2017-05-14,128,7170,7298
401,2017-05-15,476,11948,12424
401,2017-05-16,535,13388,13923
401,2017-05-17,561,13106,13667
401,2017-05-18,622,13070,13692
401,2017-05-20,290,10792,11082
401,2017-05-21,132,7826,7958
401,2017-05-22,459,12457,12916
401,2017-05-23,481,13851,14332
401,2017-05-24,502,13185,13687
401,2017-05-25,143,6713,6856
401,2017-05-27,256,9710,9966
401,2017-05-28,124,7261,7385
401,2017-05-29,592,12274,12866
401,2017-05-30,480,13170,13650
401,2017-05-31,479,12672,13151
401,2017-06-01,473,12296,12769
401,2017-06-03,264,9506,9770
401,2017-06-04,122,7108,7230
401,2017-06-05,110,5841,5951
401,2017-06-06,464,10358,10822
401,2017-06-07,488,10364,10852
401,2017-06-08,423,10775,11198
401,2017-06-10,262,9742,10004
401,2017-06-11,117,8513,8630
401,2017-06-12,476,11670,12146
401,2017-06-13,467,12543,13010
401,2017-06-14,437,12188,12625
401,2017-06-15,454,12362,12816
401,2017-06-17,297,10521,10818
401,2017-06-18,129,8167,8296
401,2017-06-19,445,11435,11880
401,2017-06-20,452,12483,12935
401,2017-06-21,478,12187,12665
401,2017-06-22,424,12764,13188
401,2017-06-24,254,8944,9198
401,2017-06-25,132,7279,7411
401,2017-06-26,451,12076,12527
401,2017-06-27,415,12017,12432
401,2017-06-28,494,11824,12318
401,2017-06-29,532,12552,13084
401,2017-07-01,292,10236,10528
401,2017-07-02,147,8582,8729
401,2017-07-03,560,11494,12054
401,2017-07-04,457,12697,13154
401,2017-07-05,446,12508,12954
401,2017-07-06,560,12592,13152
401,2017-07-08,271,9998,10269
401,2017-07-09,142,7092,7234
401,2017-07-10,566,11322,11888
401,2017-07-11,506,12374,12880
401,2017-07-12,478,11980,12458
401,2017-07-13,418,12329,12747
401,2017-07-15,266,9512,9778
401,2017-07-16,132,7883,8015
401,2017-07-17,386,10902,11288
401,2017-07-18,402,11320,11722
401,2017-07-19,425,11063,11488
401,2017-07-20,488,11066,11554
401,2017-07-21,375,11418,11793
401,2017-07-22,283,8995,9278
401,2017-07-23,136,6666,6802
401,2017-07-24,436,9942,10378
401,2017-07-25,388,10877,11265
401,2017-07-26,415,10946,11361
401,2017-07-27,456,10252,10708
401,2017-07-28,360,10505,10865
401,2017-07-29,281,8121,8402
401,2017-07-30,114,6419,6533
401,2017-07-31,402,8944,9346
401,2017-08-01,384,8944,9328
401,2017-08-02,366,9488,9854
401,2017-08-03,366,9520,9886
401,2017-08-04,364,9346,9710
401,2017-08-05,251,7396,7647
401,2017-08-06,117,5940,6057
401,2017-08-07,352,8225,8577
401,2017-08-08,386,8446,8832
401,2017-08-09,345,8743,9088
401,2017-08-10,370,8637,9007
401,2017-08-11,367,8501,8868
401,2017-08-12,276,6925,7201
401,2017-08-13,105,5398,5503
401,2017-08-14,328,7775,8103
401,2017-08-15,152,4539,4691
401,2017-08-16,382,8625,9007
401,2017-08-18,398,8170,8568
401,2017-08-19,262,7098,7360
401,2017-08-20,120,5482,5602
401,2017-08-21,354,9006,9360
401,2017-08-22,392,9533,9925
401,2017-08-23,390,9686,10076
401,2017-08-25,436,9622,10058
401,2017-08-26,350,8301,8651
401,2017-08-27,172,6471,6643
401,2017-08-28,470,9976,10446
401,2017-08-29,495,11560,12055
401,2017-08-30,533,11791,12324
401,2017-09-01,467,10807,11274
401,2017-09-02,331,8542,8873
401,2017-09-03,185,7045,7230
401,2017-09-04,445,10141,10586
401,2017-09-05,460,10772,11232
401,2017-09-06,485,11446,11931
401,2017-09-08,604,11454,12058
401,2017-09-09,370,8992,9362
401,2017-09-10,196,7069,7265
401,2017-09-11,570,11276,11846
401,2017-09-12,652,13090,13742
401,2017-09-13,714,13252,13966
401,2017-09-15,712,12774,13486
401,2017-09-16,374,9078,9452
401,2017-09-17,202,7102,7304
401,2017-09-18,427,11514,11941
401,2017-09-19,454,11976,12430
401,2017-09-20,458,11949,12407
401,2017-09-22,461,12053,12514
401,2017-09-23,261,10078,10339
401,2017-09-24,113,7930,8043
401,2017-09-25,467,12220,12687
401,2017-09-26,506,13375,13881
401,2017-09-27,482,13413,13895
401,2017-09-28,516,13558,14074
401,2017-09-29,482,13076,13558
401,2017-09-30,376,9958,10334
401,2017-10-01,162,7258,7420
401,2017-10-02,550,11596,12146
401,2017-10-03,502,12270,12772
401,2017-10-04,408,12060,12468
401,2017-10-06,452,13035,13487
401,2017-10-07,354,11036,11390
401,2017-10-08,170,7495,7665
401,2017-10-09,453,10882,11335
401,2017-10-10,480,11596,12076
401,2017-10-11,467,11517,11984
401,2017-10-12,443,11665,12108
401,2017-10-13,447,11649,12096
401,2017-10-14,322,10308,10630
401,2017-10-15,165,7885,8050
401,2017-10-16,452,11189,11641
401,2017-10-17,448,12274,12722
401,2017-10-18,454,12070,12524
401,2017-10-20,534,12542,13076
401,2017-10-21,384,10010,10394
401,2017-10-22,200,7016,7216
401,2017-10-23,467,11816,12283
401,2017-10-24,443,12353,12796
401,2017-10-25,484,12831,13315
401,2017-10-26,504,12863,13367
401,2017-10-27,469,12786,13255
401,2017-10-28,255,9467,9722
401,2017-10-29,112,7001,7113
401,2017-10-30,430,10985,11415
401,2017-10-31,414,11870,12284
401,2017-11-01,126,6944,7070
401,2017-11-03,441,11168,11609
401,2017-11-04,293,9068,9361
401,2017-11-05,135,6581,6716
401,2017-11-06,456,11101,11557
401,2017-11-07,496,12511,13007
401,2017-11-08,430,11874,12304
401,2017-11-09,456,12252,12708
401,2017-11-10,546,12036,12582
401,2017-11-11,270,9804,10074
401,2017-11-12,127,6853,6980
401,2017-11-13,455,11621,12076
401,2017-11-14,452,12121,12573
401,2017-11-15,466,11891,12357
401,2017-11-16,470,12180,12650
401,2017-11-17,446,12505,12951
401,2017-11-18,282,10322,10604
401,2017-11-19,120,7166,7286
401,2017-11-20,536,11384,11920
401,2017-11-21,428,11720,12148
401,2017-11-22,455,12039,12494
401,2017-11-24,508,12358,12866
401,2017-11-25,259,9969,10228
401,2017-11-26,132,7532,7664
401,2017-11-27,506,11452,11958
401,2017-11-28,502,12692,13194
401,2017-11-29,504,12164,12668
401,2017-11-30,455,12379,12834
401,2017-12-01,377,10152,10529
401,2017-12-02,251,9278,9529
401,2017-12-03,117,6635,6752
401,2017-12-04,431,11539,11970
401,2017-12-05,465,12034,12499
401,2017-12-06,434,11582,12016
401,2017-12-08,528,12372,12900
401,2017-12-09,256,9846,10102
401,2017-12-10,126,5036,5162
401,2017-12-11,476,11236,11712
401,2017-12-12,428,12119,12547
401,2017-12-13,478,11026,11504
401,2017-12-14,506,12404,12910
401,2017-12-15,500,12056,12556
401,2017-12-16,270,9460,9730
401,2017-12-17,117,6381,6498
401,2017-12-18,366,10165,10531
401,2017-12-19,454,10784,11238
401,2017-12-20,379,10468,10847
401,2017-12-21,377,10645,11022
401,2017-12-22,354,10765,11119
401,2017-12-23,262,8358,8620
401,2017-12-24,89,6240,6329
401,2017-12-25,100,4822,4922
401,2017-12-26,116,4598,4714
401,2017-12-27,340,8376,8716
401,2017-12-28,326,8836,9162
401,2017-12-29,360,7828,8188
401,2017-12-30,260,7372,7632
401,2017-12-31,122,6076,6198
403,2017-01-01,48,4920,4968
403,2017-01-02,149,8212,8361
403,2017-01-03,186,9987,10173
403,2017-01-04,180,9936,10116
403,2017-01-06,187,10685,10872
403,2017-01-07,124,6778,6902
403,2017-01-08,51,5540,5591
403,2017-01-09,215,12312,12527
403,2017-01-10,233,12578,12811
403,2017-01-11,211,13361,13572
403,2017-01-12,252,13584,13836
403,2017-01-14,120,8272,8392
403,2017-01-15,53,6466,6519
403,2017-01-16,290,12547,12837
403,2017-01-17,273,13696,13969
403,2017-01-18,260,13759,14019
403,2017-01-19,299,13725,14024
403,2017-01-21,155,9308,9463
403,2017-01-22,54,6548,6602
403,2017-01-23,266,13038,13304
403,2017-01-24,293,13442,13735
403,2017-01-25,294,13726,14020
403,2017-01-26,265,13802,14067
403,2017-01-28,136,9055,9191
403,2017-01-29,52,6583,6635
403,2017-01-30,292,14562,14854
403,2017-01-31,295,13940,14235
403,2017-02-01,299,13956,14255
403,2017-02-02,271,14326,14597
403,2017-02-04,166,9990,10156
403,2017-02-05,50,7060,7110
403,2017-02-06,247,13354,13601
403,2017-02-07,260,14392,14652
403,2017-02-08,321,14016,14337
403,2017-02-09,303,14556,14859
403,2017-02-11,122,9252,9374
403,2017-02-12,43,6834,6877
403,2017-02-13,308,13423,13731
403,2017-02-14,302,14433,14735
403,2017-02-15,323,14705,15028
403,2017-02-16,344,16526,16870
403,2017-02-18,139,8374,8513
403,2017-02-19,47,6502,6549
403,2017-02-20,210,11598,11808
403,2017-02-21,223,11965,12188
403,2017-02-22,238,11950,12188
403,2017-02-23,267,11921,12188
403,2017-02-25,140,8142,8282
403,2017-02-26,51,6726,6777
403,2017-02-27,301,13034,13335
403,2017-02-28,295,14213,14508
403,2017-03-01,283,14411,14694
403,2017-03-02,313,14824,15137
403,2017-03-04,124,10016,10140
403,2017-03-05,55,6494,6549
403,2017-03-06,270,14306,14576
403,2017-03-07,293,14520,14813
403,2017-03-08,263,14244,14507
403,2017-03-09,322,14544,14866
403,2017-03-11,123,10089,10212
403,2017-03-12,67,7721,7788
403,2017-03-13,303,12107,12410
403,2017-03-14,292,14377,14669
403,2017-03-15,317,14666,14983
403,2017-03-16,337,15074,15411
403,2017-03-18,137,9730,9867
403,2017-03-19,57,7318,7375
403,2017-03-20,393,13574,13967
403,2017-03-21,318,15900,16218
403,2017-03-22,318,14759,15077
403,2017-03-23,348,15347,15695
403,2017-03-25,193,10693,10886
403,2017-03-27,305,14177,14482
403,2017-03-28,317,15313,15630
403,2017-03-29,304,15415,15719
403,2017-03-30,333,15464,15797
403,2017-04-01,144,10039,10183
403,2017-04-02,69,8835,8904
403,2017-04-03,346,14492,14838
403,2017-04-04,345,14975,15320
403,2017-04-05,360,15114,15474
403,2017-04-06,323,15082,15405
403,2017-04-08,173,10111,10284
403,2017-04-09,63,8303,8366
403,2017-04-10,264,12701,12965
403,2017-04-11,383,14405,14788
403,2017-04-12,304,13246,13550
403,2017-04-13,293,13107,13400
403,2017-04-15,150,8308,8458
403,2017-04-16,68,6599,6667
403,2017-04-17,66,6468,6534
403,2017-04-18,292,12693,12985
403,2017-04-19,331,13122,13453
403,2017-04-20,312,13248,13560
403,2017-04-22,171,10845,11016
403,2017-04-23,84,9333,9417
403,2017-04-24,333,14297,14630
403,2017-04-25,352,15209,15561
403,2017-04-26,361,15081,15442
403,2017-04-27,383,15604,15987
403,2017-04-29,156,10716,10872
403,2017-04-30,76,8731,8807
403,2017-05-01,67,6309,6376
403,2017-05-02,342,15020,15362
403,2017-05-03,396,15175,15571
403,2017-05-04,338,15391,15729
403,2017-05-06,159,10517,10676
403,2017-05-07,58,8299,8357
403,2017-05-08,395,14513,14908
403,2017-05-09,418,15384,15802
403,2017-05-10,445,16030,16475
403,2017-05-11,428,16697,17125
403,2017-05-13,230,14258,14488
403,2017-05-14,80,10224,10304
403,2017-05-15,365,14539,14904
403,2017-05-16,411,15262,15673
403,2017-05-17,409,15559,15968
403,2017-05-18,376,15809,16185
403,2017-05-20,179,11939,12118
403,2017-05-21,98,9168,9266
403,2017-05-22,329,15035,15364
403,2017-05-23,429,15853,16282
403,2017-05-24,340,16124,16464
403,2017-05-25,67,8142,8209
403,2017-05-27,264,11583,11847
403,2017-05-28,83,8940,9023
403,2017-05-29,376,16422,16798
403,2017-05-30,370,15107,15477
403,2017-05-31,327,15374,15701
403,2017-06-01,350,15858,16208
403,2017-06-03,208,10776,10984
403,2017-06-04,100,8742,8842
403,2017-06-05,65,7105,7170
403,2017-06-06,336,13169,13505
403,2017-06-07,297,13469,13766
403,2017-06-08,297,14115,14412
403,2017-06-10,151,10393,10544
403,2017-06-11,77,9802,9879
403,2017-06-12,325,14883,15208
403,2017-06-13,354,15445,15799
403,2017-06-14,345,15623,15968
403,2017-06-15,295,16403,16698
403,2017-06-17,193,12431,12624
403,2017-06-18,86,10068,10154
403,2017-06-19,330,14904,15234
403,2017-06-20,385,15962,16347
403,2017-06-21,375,15745,16120
403,2017-06-22,370,15824,16194
403,2017-06-24,153,9173,9326
403,2017-06-25,58,7420,7478
403,2017-06-26,353,15087,15440
403,2017-06-27,412,16848,17260
403,2017-06-28,384,16974,17358
403,2017-06-29,345,15488,15833
403,2017-07-01,174,11371,11545
403,2017-07-02,79,9326,9405
403,2017-07-03,414,15736,16150
403,2017-07-04,366,15803,16169
403,2017-07-05,355,15801,16156
403,2017-07-06,448,17374,17822
403,2017-07-08,181,11214,11395
403,2017-07-09,110,8710,8820
403,2017-07-10,382,15998,16380
403,2017-07-11,344,15274,15618
403,2017-07-12,276,15170,15446
403,2017-07-13,295,15848,16143
403,2017-07-15,143,10394,10537
403,2017-07-16,62,8299,8361
403,2017-07-17,273,14112,14385
403,2017-07-18,323,14986,15309
403,2017-07-19,339,14752,15091
403,2017-07-20,390,16350,16740
403,2017-07-21,327,15199,15526
403,2017-07-22,188,9800,9988
403,2017-07-23,54,7845,7899
403,2017-07-24,320,14186,14506
403,2017-07-25,290,13674,13964
403,2017-07-26,310,14247,14557
403,2017-07-27,290,14558,14848
403,2017-07-28,239,13551,13790
403,2017-07-29,119,9011,9130
403,2017-07-30,68,7433,7501
403,2017-07-31,294,12518,12812
403,2017-08-01,236,13058,13294
403,2017-08-02,226,12755,12981
403,2017-08-03,247,12497,12744
403,2017-08-04,206,12596,12802
403,2017-08-05,123,7935,8058
403,2017-08-06,56,7203,7259
403,2017-08-07,216,11368,11584
403,2017-08-08,233,11656,11889
403,2017-08-09,226,12179,12405
403,2017-08-10,229,12157,12386
403,2017-08-11,199,11592,11791
403,2017-08-12,123,7243,7366
403,2017-08-13,66,6627,6693
403,2017-08-14,167,9772,9939
403,2017-08-15,58,6374,6432
403,2017-08-16,230,11795,12025
403,2017-08-18,248,12384,12632
403,2017-08-19,115,7716,7831
403,2017-08-20,55,6598,6653
403,2017-08-21,252,11555,11807
403,2017-08-22,277,12947,13224
403,2017-08-23,267,13528,13795
403,2017-08-25,306,14270,14576
403,2017-08-26,170,10228,10398
403,2017-08-27,64,8183,8247
403,2017-08-28,285,13006,13291
403,2017-08-29,384,15015,15399
403,2017-08-30,376,14437,14813
403,2017-09-01,334,14302,14636
403,2017-09-02,191,9495,9686
403,2017-09-03,71,9290,9361
403,2017-09-04,278,14024,14302
403,2017-09-05,301,14905,15206
403,2017-09-06,353,15339,15692
403,2017-09-08,307,15018,15325
403,2017-09-09,221,9561,9782
403,2017-09-10,80,8914,8994
403,2017-09-11,301,15220,15521
403,2017-09-12,380,14957,15337
403,2017-09-13,402,13826,14228
403,2017-09-15,416,14553,14969
403,2017-09-16,284,10468,10752
403,2017-09-17,116,7542,7658
403,2017-09-18,285,14233,14518
403,2017-09-19,324,14992,15316
403,2017-09-20,327,14659,14986
403,2017-09-22,308,15074,15382
403,2017-09-23,150,10544,10694
403,2017-09-24,52,8231,8283
403,2017-09-25,338,14878,15216
403,2017-09-26,359,15804,16163
403,2017-09-27,363,15538,15901
403,2017-09-28,357,15200,15557
403,2017-09-29,312,15772,16084
403,2017-09-30,226,12626,12852
403,2017-10-01,68,9513,9581
403,2017-10-02,316,14390,14706
403,2017-10-03,312,17148,17460
403,2017-10-04,310,14839,15149
403,2017-10-06,290,15694,15984
403,2017-10-07,295,13505,13800
403,2017-10-08,49,8132,8181
403,2017-10-09,326,14298,14624
403,2017-10-10,357,15145,15502
403,2017-10-11,326,15032,15358
403,2017-10-12,304,15553,15857
403,2017-10-13,292,15456,15748
403,2017-10-14,195,11429,11624
403,2017-10-15,65,9221,9286
403,2017-10-16,294,14930,15224
403,2017-10-17,313,15436,15749
403,2017-10-18,284,15215,15499
403,2017-10-20,291,15779,16070
403,2017-10-21,134,10536,10670
403,2017-10-22,52,7650,7702
403,2017-10-23,272,14876,15148
403,2017-10-24,271,15263,15534
403,2017-10-25,306,15477,15783
403,2017-10-26,310,15943,16253
403,2017-10-27,290,15698,15988
403,2017-10-28,147,10047,10194
403,2017-10-29,48,7236,7284
403,2017-10-30,305,13173,13478
403,2017-10-31,247,14162,14409
403,2017-11-01,50,7942,7992
403,2017-11-03,271,14081,14352
403,2017-11-04,194,10079,10273
403,2017-11-05,49,7241,7290
403,2017-11-06,309,14552,14861
403,2017-11-07,354,15286,15640
403,2017-11-08,283,15062,15345
403,2017-11-09,327,16167,16494
403,2017-11-10,267,15227,15494
403,2017-11-11,150,10337,10487
403,2017-11-12,62,8072,8134
403,2017-11-13,327,14471,14798
403,2017-11-14,312,15222,15534
403,2017-11-15,325,14931,15256
403,2017-11-16,338,15360,15698
403,2017-11-17,312,15553,15865
403,2017-11-18,163,10768,10931
403,2017-11-19,66,7672,7738
403,2017-11-20,283,14654,14937
403,2017-11-21,279,14953,15232
403,2017-11-22,321,15093,15414
403,2017-11-24,310,17162,17472
403,2017-11-25,152,10823,10975
403,2017-11-26,59,7850,7909
403,2017-11-27,270,14619,14889
403,2017-11-28,328,16035,16363
403,2017-11-29,305,15227,15532
403,2017-11-30,274,15603,15877
403,2017-12-01,281,15450,15731
403,2017-12-02,159,10793,10952
403,2017-12-03,54,7835,7889
403,2017-12-04,262,14390,14652
403,2017-12-05,313,15239,15552
403,2017-12-06,288,15168,15456
403,2017-12-08,333,15641,15974
403,2017-12-09,158,11034,11192
403,2017-12-10,76,5980,6056
403,2017-12-11,284,16028,16312
403,2017-12-12,280,15383,15663
403,2017-12-13,331,14407,14738
403,2017-12-14,294,15735,16029
403,2017-12-15,265,15616,15881
403,2017-12-16,159,10260,10419
403,2017-12-17,71,7578,7649
403,2017-12-18,211,12169,12380
403,2017-12-19,231,13801,14032
403,2017-12-20,195,13021,13216
403,2017-12-21,183,13091,13274
403,2017-12-22,167,12598,12765
403,2017-12-23,111,8240,8351
403,2017-12-24,38,5755,5793
403,2017-12-25,38,5047,5085
403,2017-12-26,56,5024,5080
403,2017-12-27,153,9681,9834
403,2017-12-28,158,10063,10221
403,2017-12-29,131,9277,9408
403,2017-12-30,133,7477,7610
403,2017-12-31,51,5680,5731
405,2017-01-01,42,3539,3581
405,2017-01-02,297,5488,5785
405,2017-01-03,332,6808,7140
405,2017-01-04,333,6904,7237
405,2017-01-06,343,7531,7874
405,2017-01-07,276,4798,5074
405,2017-01-08,45,4105,4150
405,2017-01-09,387,9164,9551
405,2017-01-10,424,9571,9995
405,2017-01-11,384,9764,10148
405,2017-01-12,428,10161,10589
405,2017-01-14,279,6287,6566
405,2017-01-15,54,5005,5059
405,2017-01-16,406,9653,10059
405,2017-01-17,425,10320,10745
405,2017-01-18,437,10240,10677
405,2017-01-19,446,10644,11090
405,2017-01-21,281,6830,7111
405,2017-01-22,58,4914,4972
405,2017-01-23,578,9343,9921
405,2017-01-24,427,9832,10259
405,2017-01-25,470,10204,10674
405,2017-01-26,435,10433,10868
405,2017-01-28,306,6241,6547
405,2017-01-29,43,5069,5112
405,2017-01-30,496,10426,10922
405,2017-01-31,500,10754,11254
405,2017-02-01,507,10375,10882
405,2017-02-02,468,10399,10867
405,2017-02-04,308,7017,7325
405,2017-02-05,58,5215,5273
405,2017-02-06,468,10127,10595
405,2017-02-07,498,10949,11447
405,2017-02-08,501,10522,11023
405,2017-02-09,521,11138,11659
405,2017-02-11,286,6994,7280
405,2017-02-12,47,5552,5599
405,2017-02-13,485,10258,10743
405,2017-02-14,504,10752,11256
405,2017-02-15,493,10844,11337
405,2017-02-16,517,10960,11477
405,2017-02-18,294,6287,6581
405,2017-02-19,47,4671,4718
405,2017-02-20,423,8263,8686
405,2017-02-21,410,8658,9068
405,2017-02-22,476,9027,9503
405,2017-02-23,541,8499,9040
405,2017-02-25,277,5867,6144
405,2017-02-26,54,5014,5068
405,2017-02-27,484,10158,10642
405,2017-02-28,482,10176,10658
405,2017-03-01,431,10726,11157
405,2017-03-02,489,11141,11630
405,2017-03-04,322,7300,7622
405,2017-03-05,69,5435,5504
405,2017-03-06,612,11250,11862
405,2017-03-07,664,12314,12978
405,2017-03-08,516,11205,11721
405,2017-03-09,517,11807,12324
405,2017-03-11,304,7764,8068
405,2017-03-12,72,6125,6197
405,2017-03-13,520,11084,11604
405,2017-03-15,549,11176,11725
405,2017-03-16,534,12113,12647
405,2017-03-18,290,7243,7533
405,2017-03-19,44,5603,5647
405,2017-03-20,546,10770,11316
405,2017-03-21,582,11576,12158
405,2017-03-22,518,10880,11398
405,2017-03-23,549,11424,11973
405,2017-03-25,356,8223,8579
405,2017-03-27,521,10792,11313
405,2017-03-28,559,11329,11888
405,2017-03-29,561,11348,11909
405,2017-03-30,606,12014,12620
405,2017-04-01,361,8170,8531
405,2017-04-02,79,6877,6956
405,2017-04-03,563,11100,11663
405,2017-04-04,557,11638,12195
405,2017-04-05,589,11435,12024
405,2017-04-06,562,11665,12227
405,2017-04-08,346,7364,7710
405,2017-04-09,70,6210,6280
405,2017-04-10,462,9116,9578
405,2017-04-11,434,9400,9834
405,2017-04-12,508,9957,10465
405,2017-04-13,559,10237,10796
405,2017-04-15,315,5655,5970
405,2017-04-16,63,5043,5106
405,2017-04-17,52,4992,5044
405,2017-04-18,556,9507,10063
405,2017-04-19,512,9509,10021
405,2017-04-20,514,9728,10242
405,2017-04-22,348,7313,7661
405,2017-04-23,68,6289,6357
405,2017-04-24,584,10968,11552
405,2017-04-25,520,11543,12063
405,2017-04-26,605,11266,11871
405,2017-04-27,570,12017,12587
405,2017-04-29,371,7933,8304
405,2017-04-30,78,6341,6419
405,2017-05-01,78,5013,5091
405,2017-05-02,592,11379,11971
405,2017-05-03,544,11672,12216
405,2017-05-04,509,11951,12460
405,2017-05-06,333,7981,8314
405,2017-05-07,60,6335,6395
405,2017-05-08,587,10957,11544
405,2017-05-09,592,12178,12770
405,2017-05-10,580,12079,12659
405,2017-05-11,500,12057,12557
405,2017-05-13,406,8863,9269
405,2017-05-14,107,6629,6736
405,2017-05-15,520,10602,11122
405,2017-05-16,547,12035,12582
405,2017-05-17,612,11904,12516
405,2017-05-18,586,11958,12544
405,2017-05-20,329,8745,9074
405,2017-05-21,83,7025,7108
405,2017-05-22,552,10839,11391
405,2017-05-23,571,11483,12054
405,2017-05-24,588,12173,12761
405,2017-05-25,84,7451,7535
405,2017-05-27,336,7582,7918
405,2017-05-28,100,6262,6362
405,2017-05-29,549,11278,11827
405,2017-05-30,571,11754,12325
405,2017-05-31,581,11603,12184
405,2017-06-01,527,11430,11957
405,2017-06-03,308,7042,7350
405,2017-06-04,76,6350,6426
405,2017-06-05,59,5064,5123
405,2017-06-06,462,9600,10062
405,2017-06-07,482,9725,10207
405,2017-06-08,523,10161,10684
405,2017-06-10,336,7322,7658
405,2017-06-11,67,6897,6964
405,2017-06-12,526,11169,11695
405,2017-06-13,596,11625,12221
405,2017-06-14,532,11589,12121
405,2017-06-15,589,12009,12598
405,2017-06-17,359,9026,9385
405,2017-06-18,90,7289,7379
405,2017-06-19,602,12036,12638
405,2017-06-20,583,12312,12895
405,2017-06-21,527,11985,12512
405,2017-06-22,636,12162,12798
405,2017-06-24,323,6783,7106
405,2017-06-25,93,5669,5762
405,2017-06-26,572,10997,11569
405,2017-06-27,562,11902,12464
405,2017-06-28,566,11772,12338
405,2017-06-29,545,11818,12363
405,2017-07-01,320,7986,8306
405,2017-07-02,87,7048,7135
405,2017-07-03,492,11470,11962
405,2017-07-04,586,11696,12282
405,2017-07-05,569,11541,12110
405,2017-07-06,538,11495,12033
405,2017-07-08,346,7983,8329
405,2017-07-09,100,6580,6680
405,2017-07-10,580,11286,11866
405,2017-07-11,507,11829,12336
405,2017-07-12,519,11218,11737
405,2017-07-13,535,11879,12414
405,2017-07-15,349,7457,7806
405,2017-07-16,107,5236,5343
405,2017-07-17,630,10042,10672
405,2017-07-18,589,10434,11023
405,2017-07-19,612,10349,10961
405,2017-07-20,674,10940,11614
405,2017-07-21,606,10909,11515
405,2017-07-22,361,6974,7335
405,2017-07-23,111,5427,5538
405,2017-07-24,588,9492,10080
405,2017-07-25,553,9861,10414
405,2017-07-26,591,10018,10609
405,2017-07-27,452,10246,10698
405,2017-07-28,453,9492,9945
405,2017-07-29,304,6386,6690
405,2017-07-30,74,5284,5358
405,2017-07-31,404,8378,8782
405,2017-08-01,398,8540,8938
405,2017-08-02,401,9045,9446
405,2017-08-03,408,8998,9406
405,2017-08-04,414,8785,9199
405,2017-08-05,312,5980,6292
405,2017-08-06,78,5676,5754
405,2017-08-07,424,8037,8461
405,2017-08-08,389,7706,8095
405,2017-08-09,399,8253,8652
405,2017-08-10,393,7995,8388
405,2017-08-11,355,7815,8170
405,2017-08-12,298,4886,5184
405,2017-08-13,72,4483,4555
405,2017-08-14,369,6414,6783
405,2017-08-15,51,3905,3956
405,2017-08-16,411,8346,8757
405,2017-08-18,404,7422,7826
405,2017-08-19,284,5175,5459
405,2017-08-20,65,4666,4731
405,2017-08-21,437,8091,8528
405,2017-08-22,457,8930,9387
405,2017-08-23,294,7138,7432
405,2017-08-25,352,7790,8142
405,2017-08-26,290,6207,6497
405,2017-08-27,84,5544,5628
405,2017-08-28,465,9089,9554
405,2017-08-29,513,9881,10394
405,2017-08-30,480,9877,10357
405,2017-09-01,478,9695,10173
405,2017-09-02,270,6154,6424
405,2017-09-03,81,6017,6098
405,2017-09-04,468,9060,9528
405,2017-09-05,476,9735,10211
405,2017-09-06,479,9976,10455
405,2017-09-08,554,9966,10520
405,2017-09-09,402,7623,8025
405,2017-09-10,88,6704,6792
405,2017-09-11,510,9674,10184
405,2017-09-12,593,10633,11226
405,2017-09-13,569,10505,11074
405,2017-09-15,572,10898,11470
405,2017-09-16,342,7222,7564
405,2017-09-17,70,5894,5964
405,2017-09-18,571,10553,11124
405,2017-09-19,630,11106,11736
405,2017-09-20,555,10964,11519
405,2017-09-22,542,11144,11686
405,2017-09-23,334,7670,8004
405,2017-09-24,86,6991,7077
405,2017-09-25,585,10720,11305
405,2017-09-27,596,10993,11589
405,2017-09-29,562,11560,12122
405,2017-09-30,366,7956,8322
405,2017-10-01,95,7188,7283
405,2017-10-02,537,10368,10905
405,2017-10-03,574,11551,12125
405,2017-10-04,570,10670,11240
405,2017-10-05,535,11108,11643
405,2017-10-06,529,10966,11495
405,2017-10-07,365,9273,9638
405,2017-10-08,64,6020,6084
405,2017-10-09,527,10430,10957
405,2017-10-10,563,11251,11814
405,2017-10-11,562,10918,11480
405,2017-10-13,584,11079,11663
405,2017-10-14,306,7581,7887
405,2017-10-15,75,6353,6428
405,2017-10-16,542,10834,11376
405,2017-10-17,654,11215,11869
405,2017-10-18,592,10653,11245
405,2017-10-19,562,11246,11808
405,2017-10-20,600,11093,11693
405,2017-10-21,326,7396,7722
405,2017-10-22,70,5719,5789
405,2017-10-23,578,10253,10831
405,2017-10-24,601,10770,11371
405,2017-10-25,571,10910,11481
405,2017-11-01,37,5830,5867
405,2017-11-02,430,9584,10014
405,2017-11-03,436,9665,10101
405,2017-11-04,309,6862,7171
405,2017-11-05,46,5092,5138
405,2017-11-06,458,10026,10484
405,2017-11-07,472,10873,11345
405,2017-11-08,402,10686,11088
405,2017-11-09,501,11199,11700
405,2017-11-10,497,10999,11496
405,2017-11-11,267,7495,7762
405,2017-11-12,47,5234,5281
405,2017-11-13,546,10567,11113
405,2017-11-14,497,10814,11311
405,2017-11-15,474,10437,10911
405,2017-11-16,490,10720,11210
405,2017-11-17,555,11033,11588
405,2017-11-18,300,7678,7978
405,2017-11-19,58,5639,5697
405,2017-11-20,529,10215,10744
405,2017-11-21,485,10882,11367
405,2017-11-22,511,11007,11518
405,2017-11-23,491,11185,11676
405,2017-11-24,482,11385,11867
405,2017-11-25,299,7799,8098
405,2017-11-26,52,5985,6037
405,2017-11-27,433,10377,10810
405,2017-11-28,471,11031,11502
405,2017-11-29,481,10587,11068
405,2017-11-30,471,10971,11442
405,2017-12-01,446,10748,11194
405,2017-12-02,295,7199,7494
405,2017-12-03,58,5088,5146
405,2017-12-04,453,10549,11002
405,2017-12-05,449,10684,11133
405,2017-12-06,504,10602,11106
405,2017-12-07,488,11267,11755
405,2017-12-08,455,10665,11120
405,2017-12-09,268,6861,7129
405,2017-12-10,42,3514,3556
405,2017-12-11,455,10354,10809
405,2017-12-12,481,10915,11396
405,2017-12-13,462,10119,10581
405,2017-12-14,498,11245,11743
405,2017-12-15,425,10843,11268
405,2017-12-16,258,6781,7039
405,2017-12-17,45,5071,5116
405,2017-12-18,354,8320,8674
405,2017-12-19,370,9882,10252
405,2017-12-20,344,9208,9552
405,2017-12-21,334,9315,9649
405,2017-12-22,312,8534,8846
405,2017-12-23,273,5634,5907
405,2017-12-24,42,4222,4264
405,2017-12-25,31,4018,4049
405,2017-12-26,45,3724,3769
405,2017-12-27,283,6617,6900
405,2017-12-28,327,6712,7039
405,2017-12-29,264,5504,5768
405,2017-12-30,243,4875,5118
405,2017-12-31,30,3993,4023
406,2017-01-01,17,2695,2712
406,2017-01-02,28,4083,4111
406,2017-01-03,54,5025,5079
406,2017-01-04,17,741,758
406,2017-01-05,49,5292,5341
406,2017-01-06,99,7665,7764
406,2017-01-08,15,3655,3670
406,2017-01-09,135,8543,8678
406,2017-01-10,125,8568,8693
406,2017-01-11,128,8598,8726
406,2017-01-12,NA,60,NA
406,2017-01-13,89,6190,6279
406,2017-01-14,36,4803,4839
406,2017-01-15,14,3874,3888
406,2017-01-17,166,9920,10086
406,2017-01-18,169,9987,10156
406,2017-01-19,158,10022,10180
406,2017-01-20,165,10082,10247
406,2017-01-21,52,6808,6860
406,2017-01-22,16,4424,4440
406,2017-01-24,142,9359,9501
406,2017-01-25,165,9761,9926
406,2017-01-26,144,10231,10375
406,2017-01-27,184,10330,10514
406,2017-01-28,58,6239,6297
406,2017-01-29,14,3911,3925
406,2017-01-31,150,9998,10148
406,2017-02-01,180,9913,10093
406,2017-02-02,125,8834,8959
406,2017-02-03,145,8915,9060
406,2017-02-04,48,6153,6201
406,2017-02-05,14,4009,4023
406,2017-02-07,156,10126,10282
406,2017-02-08,175,10108,10283
406,2017-02-09,181,10638,10819
406,2017-02-10,180,10304,10484
406,2017-02-11,47,6616,6663
406,2017-02-12,18,4284,4302
406,2017-02-14,178,10428,10606
406,2017-02-15,186,10179,10365
406,2017-02-16,162,9509,9671
406,2017-02-17,178,9832,10010
406,2017-02-18,53,6046,6099
406,2017-02-19,15,3745,3760
406,2017-02-21,136,8241,8377
406,2017-02-22,138,8836,8974
406,2017-02-23,149,8354,8503
406,2017-02-24,182,8882,9064
406,2017-02-25,47,5894,5941
406,2017-02-26,29,4332,4361
406,2017-02-28,166,9455,9621
406,2017-03-01,197,9454,9651
406,2017-03-02,148,11122,11270
406,2017-03-03,182,10769,10951
406,2017-03-04,49,6636,6685
406,2017-03-05,13,4294,4307
406,2017-03-07,186,10689,10875
406,2017-03-08,155,9882,10037
406,2017-03-09,154,10198,10352
406,2017-03-10,204,11228,11432
406,2017-03-11,61,7235,7296
406,2017-03-12,20,4850,4870
406,2017-03-14,189,10622,10811
406,2017-03-15,197,10324,10521
406,2017-03-16,194,11071,11265
406,2017-03-17,203,10832,11035
406,2017-03-18,51,7161,7212
406,2017-03-19,54,4420,4474
406,2017-03-21,220,10209,10429
406,2017-03-22,199,10352,10551
406,2017-03-23,166,10586,10752
406,2017-03-24,206,10741,10947
406,2017-03-25,77,7411,7488
406,2017-03-28,184,11252,11436
406,2017-03-29,188,10782,10970
406,2017-03-30,191,10974,11165
406,2017-03-31,222,10952,11174
406,2017-04-01,59,7559,7618
406,2017-04-02,15,5611,5626
406,2017-04-04,190,10817,11007
406,2017-04-05,210,10971,11181
406,2017-04-06,217,11069,11286
406,2017-04-07,224,11229,11453
406,2017-04-08,85,6961,7046
406,2017-04-09,20,4992,5012
406,2017-04-11,187,10145,10332
406,2017-04-12,185,9743,9928
406,2017-04-13,165,9753,9918
406,2017-04-14,183,9633,9816
406,2017-04-15,56,5802,5858
406,2017-04-16,18,3908,3926
406,2017-04-18,199,9579,9778
406,2017-04-19,185,9811,9996
406,2017-04-20,187,9660,9847
406,2017-04-21,189,9931,10120
406,2017-04-22,69,7626,7695
406,2017-04-23,16,5043,5059
406,2017-04-25,199,10891,11090
406,2017-04-26,185,10709,10894
406,2017-04-27,191,11187,11378
406,2017-04-28,215,11167,11382
406,2017-04-29,73,7634,7707
406,2017-04-30,26,5039,5065
406,2017-05-02,187,10743,10930
406,2017-05-03,200,9537,9737
406,2017-05-04,185,10843,11028
406,2017-05-05,197,11211,11408
406,2017-05-06,68,6873,6941
406,2017-05-07,22,4355,4377
406,2017-05-09,250,11257,11507
406,2017-05-10,263,10731,10994
406,2017-05-11,242,11005,11247
406,2017-05-12,234,10775,11009
406,2017-05-13,81,8375,8456
406,2017-05-14,31,5086,5117
406,2017-05-16,228,10828,11056
406,2017-05-17,227,10699,10926
406,2017-05-18,221,10782,11003
406,2017-05-19,227,10208,10435
406,2017-05-20,92,8041,8133
406,2017-05-21,18,5420,5438
406,2017-05-23,226,10832,11058
406,2017-05-24,224,11284,11508
406,2017-05-25,42,4837,4879
406,2017-05-26,150,9216,9366
406,2017-05-27,61,6822,6883
406,2017-05-28,46,4694,4740
406,2017-05-30,233,10662,10895
406,2017-05-31,207,10587,10794
406,2017-06-01,208,11112,11320
406,2017-06-02,238,10689,10927
406,2017-06-03,68,6570,6638
406,2017-06-04,24,4293,4317
406,2017-06-06,236,8839,9075
406,2017-06-07,228,9351,9579
406,2017-06-08,182,9523,9705
406,2017-06-09,200,9604,9804
406,2017-06-10,56,6627,6683
406,2017-06-11,21,5460,5481
406,2017-06-16,452,11233,11685
406,2017-06-17,157,8413,8570
406,2017-06-18,73,5693,5766
406,2017-06-19,545,10455,11000
406,2017-06-20,555,11181,11736
406,2017-06-21,528,11144,11672
406,2017-06-22,554,11078,11632
406,2017-06-23,80,4625,4705
406,2017-06-24,152,6769,6921
406,2017-06-25,67,5599,5666
406,2017-06-26,573,10804,11377
406,2017-06-27,511,11543,12054
406,2017-06-28,522,11382,11904
406,2017-06-29,576,11425,12001
406,2017-06-30,564,11891,12455
406,2017-07-01,181,8774,8955
406,2017-07-02,87,7010,7097
406,2017-07-03,455,10378,10833
406,2017-07-04,546,11687,12233
406,2017-07-05,480,11294,11774
406,2017-07-06,542,11062,11604
406,2017-07-07,514,11334,11848
406,2017-07-08,154,8300,8454
406,2017-07-09,81,6235,6316
406,2017-07-10,481,11437,11918
406,2017-07-11,515,11719,12234
406,2017-07-12,483,11170,11653
406,2017-07-13,470,11232,11702
406,2017-07-14,538,11491,12029
406,2017-07-15,156,7989,8145
406,2017-07-17,633,9986,10619
406,2017-07-18,716,10624,11340
406,2017-07-19,787,10365,11152
406,2017-07-20,621,10533,11154
406,2017-07-21,641,10673,11314
406,2017-07-22,171,7317,7488
406,2017-07-23,82,4696,4778
406,2017-07-24,596,9738,10334
406,2017-07-25,571,9957,10528
406,2017-07-26,585,10115,10700
406,2017-07-27,464,10009,10473
406,2017-07-28,292,9383,9675
406,2017-07-29,132,6303,6435
406,2017-07-30,83,4452,4535
406,2017-07-31,303,7982,8285
406,2017-08-01,264,8221,8485
406,2017-08-02,303,8683,8986
406,2017-08-03,341,8593,8934
406,2017-08-04,315,8381,8696
406,2017-08-05,114,5800,5914
406,2017-08-06,61,4609,4670
406,2017-08-07,272,7646,7918
406,2017-08-08,260,7842,8102
406,2017-08-09,271,8060,8331
406,2017-08-10,301,7866,8167
406,2017-08-11,275,7676,7951
406,2017-08-12,108,5373,5481
406,2017-08-13,42,4023,4065
406,2017-08-14,212,6396,6608
406,2017-08-15,50,3063,3113
406,2017-08-16,279,7789,8068
406,2017-08-17,287,7944,8231
406,2017-08-18,250,7858,8108
406,2017-08-19,124,5583,5707
406,2017-08-20,47,4179,4226
406,2017-08-21,416,8153,8569
406,2017-08-22,402,8797,9199
406,2017-08-23,400,8853,9253
406,2017-08-24,416,9359,9775
406,2017-08-25,419,8654,9073
406,2017-08-26,106,6066,6172
406,2017-08-27,59,4318,4377
406,2017-08-28,505,9212,9717
406,2017-08-29,574,9576,10150
406,2017-08-30,543,9803,10346
406,2017-08-31,509,10503,11012
406,2017-09-01,503,10086,10589
406,2017-09-02,156,7315,7471
406,2017-09-03,44,5683,5727
406,2017-09-04,454,9528,9982
406,2017-09-05,473,9566,10039
406,2017-09-06,424,9780,10204
406,2017-09-07,470,10071,10541
406,2017-09-08,455,9993,10448
406,2017-09-09,152,7362,7514
406,2017-09-10,49,5394,5443
406,2017-09-11,446,10281,10727
406,2017-09-12,467,10643,11110
406,2017-09-13,416,10619,11035
406,2017-09-14,451,11144,11595
406,2017-09-15,555,10954,11509
406,2017-09-16,137,7259,7396
406,2017-09-17,60,5076,5136
406,2017-09-18,584,10431,11015
406,2017-09-19,599,10926,11525
406,2017-09-20,603,10897,11500
406,2017-09-21,538,11045,11583
406,2017-09-22,534,11222,11756
406,2017-09-23,130,7876,8006
406,2017-09-24,49,5385,5434
406,2017-09-25,549,10575,11124
406,2017-09-26,539,11121,11660
406,2017-09-27,542,11162,11704
406,2017-09-28,526,11496,12022
406,2017-09-29,520,11377,11897
406,2017-09-30,170,8542,8712
406,2017-10-01,86,6330,6416
406,2017-10-02,471,10539,11010
406,2017-10-03,502,11252,11754
406,2017-10-04,534,10802,11336
406,2017-10-05,457,11091,11548
406,2017-10-06,567,11355,11922
406,2017-10-07,224,9795,10019
406,2017-10-08,57,5097,5154
406,2017-10-09,506,10619,11125
406,2017-10-10,531,11512,12043
406,2017-10-11,573,10902,11475
406,2017-10-12,518,11301,11819
406,2017-10-13,541,10992,11533
406,2017-10-14,173,7393,7566
406,2017-10-15,65,6113,6178
406,2017-10-16,586,10741,11327
406,2017-10-17,550,11118,11668
406,2017-10-18,580,10990,11570
406,2017-10-19,565,11120,11685
406,2017-10-20,608,11935,12543
406,2017-10-21,174,7805,7979
406,2017-10-22,45,5578,5623
406,2017-10-23,487,9543,10030
406,2017-10-24,565,11216,11781
406,2017-10-25,507,10659,11166
406,2017-10-26,564,10637,11201
406,2017-10-27,601,10833,11434
406,2017-10-28,189,7419,7608
406,2017-10-29,54,4716,4770
406,2017-10-30,517,9819,10336
406,2017-11-01,44,4909,4953
406,2017-11-02,496,9939,10435
406,2017-11-03,459,9918,10377
406,2017-11-04,162,7300,7462
406,2017-11-05,41,4289,4330
406,2017-11-06,529,10376,10905
406,2017-11-07,516,11059,11575
406,2017-11-08,475,11019,11494
406,2017-11-09,562,11276,11838
406,2017-11-10,505,11226,11731
406,2017-11-11,116,7640,7756
406,2017-11-12,35,4053,4088
406,2017-11-13,497,10511,11008
406,2017-11-14,512,11243,11755
406,2017-11-15,545,10906,11451
406,2017-11-16,522,10884,11406
406,2017-11-17,610,11493,12103
406,2017-11-18,160,7460,7620
406,2017-11-19,37,4767,4804
406,2017-11-20,482,10396,10878
406,2017-11-21,474,10858,11332
406,2017-11-22,551,10827,11378
406,2017-11-23,499,11090,11589
406,2017-11-24,508,11390,11898
406,2017-11-25,141,7927,8068
406,2017-11-26,39,4997,5036
406,2017-11-27,469,10357,10826
406,2017-11-28,497,11225,11722
406,2017-11-29,484,10711,11195
406,2017-11-30,585,10894,11479
406,2017-12-01,582,10920,11502
406,2017-12-02,120,6802,6922
406,2017-12-03,44,4590,4634
406,2017-12-04,576,10314,10890
406,2017-12-05,536,11002,11538
406,2017-12-06,608,10558,11166
406,2017-12-07,596,10896,11492
406,2017-12-08,497,10500,10997
406,2017-12-09,139,6844,6983
406,2017-12-15,327,10674,11001
406,2017-12-19,337,9540,9877
406,2017-12-20,278,9220,9498
406,2017-12-26,18,3169,3187
406,2017-12-27,181,7013,7194
406,2017-12-28,196,6915,7111
407,2017-01-01,146,3036,3182
407,2017-01-02,450,10489,10939
407,2017-01-03,571,12173,12744
407,2017-01-04,525,12183,12708
407,2017-01-05,558,12046,12604
407,2017-01-06,568,13301,13869
407,2017-01-07,326,10458,10784
407,2017-01-08,129,6940,7069
407,2017-01-09,621,13127,13748
407,2017-01-10,661,13593,14254
407,2017-01-11,590,13901,14491
407,2017-01-12,654,14191,14845
407,2017-01-13,670,14047,14717
407,2017-01-14,345,11845,12190
407,2017-01-15,148,4317,4465
407,2017-01-16,678,13253,13931
407,2017-01-17,749,13932,14681
407,2017-01-18,707,14384,15091
407,2017-01-19,728,14833,15561
407,2017-01-20,721,15719,16440
407,2017-01-21,359,12904,13263
407,2017-01-22,149,4109,4258
407,2017-01-23,753,13392,14145
407,2017-01-24,755,13383,14138
407,2017-01-25,635,12667,13302
407,2017-01-26,727,14187,14914
407,2017-01-27,693,15160,15853
407,2017-01-28,343,11869,12212
407,2017-01-29,140,4517,4657
407,2017-01-30,729,14035,14764
407,2017-01-31,738,14212,14950
407,2017-02-01,739,14217,14956
407,2017-02-02,726,14648,15374
407,2017-02-03,689,15324,16013
407,2017-02-04,323,12461,12784
407,2017-02-05,133,4434,4567
407,2017-02-06,698,14126,14824
407,2017-02-07,786,14288,15074
407,2017-02-08,749,14258,15007
407,2017-02-09,819,14525,15344
407,2017-02-10,750,15279,16029
407,2017-02-11,334,11961,12295
407,2017-02-12,145,4070,4215
407,2017-02-13,782,14566,15348
407,2017-02-14,832,15440,16272
407,2017-02-15,807,13924,14731
407,2017-02-16,772,14539,15311
407,2017-02-17,716,15365,16081
407,2017-02-18,351,11194,11545
407,2017-02-19,123,3911,4034
407,2017-02-20,673,12496,13169
407,2017-02-21,715,13093,13808
407,2017-02-22,641,12936,13577
407,2017-02-23,664,12695,13359
407,2017-02-24,702,14199,14901
407,2017-02-25,334,11420,11754
407,2017-02-26,136,4100,4236
407,2017-02-27,725,13842,14567
407,2017-02-28,741,14464,15205
407,2017-03-01,738,14588,15326
407,2017-03-02,769,14492,15261
407,2017-03-03,775,15527,16302
407,2017-03-04,391,13437,13828
407,2017-03-05,359,4620,4979
407,2017-03-06,767,14317,15084
407,2017-03-07,808,14363,15171
407,2017-03-08,734,14719,15453
407,2017-03-09,727,14838,15565
407,2017-03-10,782,15681,16463
407,2017-03-11,357,12430,12787
407,2017-03-12,376,4763,5139
407,2017-03-13,765,13843,14608
407,2017-03-14,891,14128,15019
407,2017-03-15,861,14080,14941
407,2017-03-16,910,14453,15363
407,2017-03-17,914,15741,16655
407,2017-03-18,379,12758,13137
407,2017-03-19,144,4639,4783
407,2017-03-20,930,14185,15115
407,2017-03-21,900,14528,15428
407,2017-03-22,869,14493,15362
407,2017-03-23,822,14722,15544
407,2017-03-24,769,15890,16659
407,2017-03-25,410,13966,14376
407,2017-03-27,753,14068,14821
407,2017-03-28,730,14252,14982
407,2017-03-29,743,14771,15514
407,2017-03-30,751,15305,16056
407,2017-03-31,745,16536,17281
407,2017-04-01,383,14049,14432
407,2017-04-02,135,7465,7600
407,2017-04-03,778,14053,14831
407,2017-04-04,789,14707,15496
407,2017-04-05,725,14960,15685
407,2017-04-06,780,15511,16291
407,2017-04-07,759,16259,17018
407,2017-04-08,450,11988,12438
407,2017-04-09,173,4737,4910
407,2017-04-10,724,13324,14048
407,2017-04-11,764,14011,14775
407,2017-04-12,755,13759,14514
407,2017-04-13,778,14053,14831
407,2017-04-14,700,14632,15332
407,2017-04-15,369,11178,11547
407,2017-04-16,145,3775,3920
407,2017-04-17,162,3646,3808
407,2017-04-18,723,13960,14683
407,2017-04-19,795,13584,14379
407,2017-04-20,739,13486,14225
407,2017-04-21,768,14535,15303
407,2017-04-22,419,12095,12514
407,2017-04-23,168,4842,5010
407,2017-04-24,788,14676,15464
407,2017-04-25,818,15118,15936
407,2017-04-26,777,15258,16035
407,2017-04-27,827,15899,16726
407,2017-04-28,787,16858,17645
407,2017-04-29,400,14179,14579
407,2017-04-30,158,4823,4981
407,2017-05-01,151,3668,3819
407,2017-05-02,874,15557,16431
407,2017-05-03,848,15302,16150
407,2017-05-04,852,15924,16776
407,2017-05-05,839,16288,17127
407,2017-05-06,411,13252,13663
407,2017-05-07,151,5061,5212
407,2017-05-08,783,14593,15376
407,2017-05-09,850,15139,15989
407,2017-05-10,830,15152,15982
407,2017-05-11,836,15404,16240
407,2017-05-12,844,16673,17517
407,2017-05-13,446,15141,15587
407,2017-05-14,143,4889,5032
407,2017-05-15,812,14570,15382
407,2017-05-16,883,15459,16342
407,2017-05-17,816,14802,15618
407,2017-05-18,836,16732,17568
407,2017-05-19,785,16629,17414
407,2017-05-20,451,13253,13704
407,2017-05-21,154,5433,5587
407,2017-05-22,828,14336,15164
407,2017-05-23,814,14814,15628
407,2017-05-24,754,16151,16905
407,2017-05-25,150,4454,4604
407,2017-05-26,681,14336,15017
407,2017-05-27,437,11315,11752
407,2017-05-28,196,4671,4867
407,2017-05-29,768,14661,15429
407,2017-05-30,817,14718,15535
407,2017-05-31,774,15129,15903
407,2017-06-01,808,15595,16403
407,2017-06-02,829,16523,17352
407,2017-06-03,363,12564,12927
407,2017-06-04,148,4441,4589
407,2017-06-05,146,3657,3803
407,2017-06-06,719,14639,15358
407,2017-06-07,779,14377,15156
407,2017-06-08,742,13984,14726
407,2017-06-09,740,15946,16686
407,2017-06-10,403,12914,13317
407,2017-06-11,159,6498,6657
407,2017-06-12,787,14593,15380
407,2017-06-13,784,14954,15738
407,2017-06-14,802,14838,15640
407,2017-06-15,756,15546,16302
407,2017-06-16,791,16886,17677
407,2017-06-17,414,13933,14347
407,2017-06-18,174,5306,5480
407,2017-06-19,826,14470,15296
407,2017-06-20,871,15291,16162
407,2017-06-21,789,15572,16361
407,2017-06-22,837,16314,17151
407,2017-06-23,219,4274,4493
407,2017-06-24,427,13338,13765
407,2017-06-25,166,7591,7757
407,2017-06-26,771,14850,15621
407,2017-06-27,775,15751,16526
407,2017-06-28,767,15861,16628
407,2017-06-29,795,16118,16913
407,2017-06-30,847,16789,17636
407,2017-07-01,399,14132,14531
407,2017-07-02,151,5444,5595
407,2017-07-03,703,13141,13844
407,2017-07-04,837,15330,16167
407,2017-07-05,835,15140,15975
407,2017-07-06,923,15709,16632
407,2017-07-07,834,17215,18049
407,2017-07-08,439,12582,13021
407,2017-07-09,181,4818,4999
407,2017-07-10,868,15052,15920
407,2017-07-11,845,15019,15864
407,2017-07-12,837,14947,15784
407,2017-07-13,912,15165,16077
407,2017-07-14,858,16382,17240
407,2017-07-15,421,13213,13634
407,2017-07-16,150,6290,6440
407,2017-07-17,801,14242,15043
407,2017-07-18,821,14306,15127
407,2017-07-19,871,14023,14894
407,2017-07-20,871,14690,15561
407,2017-07-21,900,15710,16610
407,2017-07-22,463,12003,12466
407,2017-07-23,176,5249,5425
407,2017-07-24,929,13819,14748
407,2017-07-25,894,14196,15090
407,2017-07-26,911,13733,14644
407,2017-07-27,853,14371,15224
407,2017-07-28,671,14180,14851
407,2017-07-29,401,10423,10824
407,2017-07-30,164,4056,4220
407,2017-07-31,617,12087,12704
407,2017-08-01,680,12570,13250
407,2017-08-02,637,11846,12483
407,2017-08-03,621,12316,12937
407,2017-08-04,620,12665,13285
407,2017-08-05,389,9606,9995
407,2017-08-06,139,3966,4105
407,2017-08-07,628,11413,12041
407,2017-08-08,671,11884,12555
407,2017-08-09,625,11570,12195
407,2017-08-10,653,12085,12738
407,2017-08-11,684,12223,12907
407,2017-08-12,387,9705,10092
407,2017-08-13,159,3408,3567
407,2017-08-14,571,10702,11273
407,2017-08-15,172,2894,3066
407,2017-08-16,626,11586,12212
407,2017-08-17,632,11724,12356
407,2017-08-18,619,12370,12989
407,2017-08-19,379,9925,10304
407,2017-08-20,161,3655,3816
407,2017-08-21,738,11878,12616
407,2017-08-22,805,12166,12971
407,2017-08-23,786,12366,13152
407,2017-08-24,809,12820,13629
407,2017-08-25,780,13293,14073
407,2017-08-26,407,11268,11675
407,2017-08-27,172,5561,5733
407,2017-08-28,773,12877,13650
407,2017-08-29,787,12856,13643
407,2017-08-30,730,13034,13764
407,2017-08-31,757,15514,16271
407,2017-09-01,702,15790,16492
407,2017-09-02,465,12718,13183
407,2017-09-03,179,9532,9711
407,2017-09-04,712,14291,15003
407,2017-09-05,801,13541,14342
407,2017-09-06,825,13573,14398
407,2017-09-07,873,13956,14829
407,2017-09-08,859,14834,15693
407,2017-09-09,474,12467,12941
407,2017-09-10,215,5500,5715
407,2017-09-11,805,14655,15460
407,2017-09-12,873,14616,15489
407,2017-09-13,737,14828,15565
407,2017-09-14,752,14931,15683
407,2017-09-15,778,15779,16557
407,2017-09-16,468,12848,13316
407,2017-09-17,141,4863,5004
407,2017-09-18,779,14729,15508
407,2017-09-19,838,14963,15801
407,2017-09-20,763,14489,15252
407,2017-09-21,860,15242,16102
407,2017-09-22,811,15931,16742
407,2017-09-23,415,12101,12516
407,2017-09-24,165,4949,5114
407,2017-09-25,840,14389,15229
407,2017-09-26,817,14799,15616
407,2017-09-27,803,14806,15609
407,2017-09-28,867,15400,16267
407,2017-09-29,824,16555,17379
407,2017-09-30,434,15736,16170
407,2017-10-01,146,5091,5237
407,2017-10-02,786,14359,15145
407,2017-10-03,762,14758,15520
407,2017-10-04,851,14553,15404
407,2017-10-05,889,15076,15965
407,2017-10-06,811,16203,17014
407,2017-10-07,438,14293,14731
407,2017-10-08,154,4653,4807
407,2017-10-09,774,14180,14954
407,2017-10-10,832,14912,15744
407,2017-10-11,819,14689,15508
407,2017-10-12,870,15622,16492
407,2017-10-13,873,16244,17117
407,2017-10-14,466,13502,13968
407,2017-10-15,179,5190,5369
407,2017-10-16,840,14056,14896
407,2017-10-17,837,14833,15670
407,2017-10-18,822,14860,15682
407,2017-10-19,786,14745,15531
407,2017-10-20,742,16844,17586
407,2017-10-21,440,13653,14093
407,2017-10-22,164,8354,8518
407,2017-10-23,803,14214,15017
407,2017-10-24,824,14905,15729
407,2017-10-25,794,14888,15682
407,2017-10-26,820,14658,15478
407,2017-10-27,777,15975,16752
407,2017-10-28,435,12615,13050
407,2017-10-29,151,4165,4316
407,2017-10-30,736,14339,15075
407,2017-11-01,151,4359,4510
407,2017-11-02,776,13577,14353
407,2017-11-03,758,14171,14929
407,2017-11-04,422,11667,12089
407,2017-11-05,141,4156,4297
407,2017-11-06,786,14250,15036
407,2017-11-07,834,14919,15753
407,2017-11-08,802,15159,15961
407,2017-11-09,875,15877,16752
407,2017-11-10,820,17017,17837
407,2017-11-11,411,15036,15447
407,2017-11-12,148,4156,4304
407,2017-11-13,809,14751,15560
407,2017-11-14,845,15516,16361
407,2017-11-15,819,15019,15838
407,2017-11-16,853,15260,16113
407,2017-11-17,819,16642,17461
407,2017-11-18,422,13582,14004
407,2017-11-19,161,4830,4991
407,2017-11-20,813,14338,15151
407,2017-11-21,823,14546,15369
407,2017-11-22,753,14360,15113
407,2017-11-23,779,14408,15187
407,2017-11-24,775,18909,19684
407,2017-11-25,412,13743,14155
407,2017-11-26,141,5329,5470
407,2017-11-27,749,14252,15001
407,2017-11-28,822,14884,15706
407,2017-11-29,768,14512,15280
407,2017-11-30,803,15183,15986
407,2017-12-01,806,16503,17309
407,2017-12-02,417,12661,13078
407,2017-12-03,143,7512,7655
407,2017-12-04,779,14815,15594
407,2017-12-05,815,15542,16357
407,2017-12-06,769,15170,15939
407,2017-12-07,828,15618,16446
407,2017-12-08,820,16356,17176
407,2017-12-09,426,13167,13593
407,2017-12-10,153,5647,5800
407,2017-12-11,702,15093,15795
407,2017-12-12,834,15401,16235
407,2017-12-13,603,11009,11612
407,2017-12-14,813,16740,17553
407,2017-12-15,713,16888,17601
407,2017-12-16,404,13640,14044
407,2017-12-17,153,8328,8481
407,2017-12-18,649,14715,15364
407,2017-12-19,657,15726,16383
407,2017-12-20,623,15179,15802
407,2017-12-21,645,16087,16732
407,2017-12-22,609,15180,15789
407,2017-12-23,394,13018,13412
407,2017-12-24,112,7656,7768
407,2017-12-25,112,2953,3065
407,2017-12-26,143,3035,3178
407,2017-12-27,547,13310,13857
407,2017-12-28,573,12982,13555
407,2017-12-29,467,9596,10063
407,2017-12-30,344,12910,13254
407,2017-12-31,133,7488,7621
413,2017-01-01,126,4182,4308
413,2017-01-02,506,11025,11531
413,2017-01-03,544,13049,13593
413,2017-01-04,534,12863,13397
413,2017-01-05,508,12561,13069
413,2017-01-06,589,14464,15053
413,2017-01-07,383,11267,11650
413,2017-01-08,99,7629,7728
413,2017-01-09,665,14147,14812
413,2017-01-10,641,15484,16125
413,2017-01-11,596,15142,15738
413,2017-01-12,666,15878,16544
413,2017-01-13,726,15476,16202
413,2017-01-14,349,12934,13283
413,2017-01-15,105,6101,6206
413,2017-01-16,677,14433,15110
413,2017-01-17,737,15815,16552
413,2017-01-18,720,15344,16064
413,2017-01-19,736,16029,16765
413,2017-01-20,705,17117,17822
413,2017-01-21,382,14088,14470
413,2017-01-22,92,5726,5818
413,2017-01-23,690,14996,15686
413,2017-01-24,690,15357,16047
413,2017-01-25,630,14792,15422
413,2017-01-26,720,16739,17459
413,2017-01-27,745,17148,17893
413,2017-01-28,379,13537,13916
413,2017-01-29,84,6049,6133
413,2017-01-30,661,15707,16368
413,2017-01-31,688,16025,16713
413,2017-02-01,682,15511,16193
413,2017-02-02,652,15989,16641
413,2017-02-03,672,16881,17553
413,2017-02-04,328,14342,14670
413,2017-02-05,91,5976,6067
413,2017-02-06,651,15031,15682
413,2017-02-07,655,15952,16607
413,2017-02-08,697,15704,16401
413,2017-02-09,751,16172,16923
413,2017-02-10,735,17079,17814
413,2017-02-11,370,14038,14408
413,2017-02-12,93,6175,6268
413,2017-02-13,707,15799,16506
413,2017-02-14,735,16994,17729
413,2017-02-15,711,16006,16717
413,2017-02-17,645,16292,16937
413,2017-02-18,363,12242,12605
413,2017-02-19,87,5392,5479
413,2017-02-20,563,11976,12539
413,2017-02-21,599,12801,13400
413,2017-02-22,632,13228,13860
413,2017-02-23,622,13501,14123
413,2017-02-24,615,15129,15744
413,2017-02-25,391,12094,12485
413,2017-02-26,93,5750,5843
413,2017-02-27,648,14620,15268
413,2017-02-28,685,16456,17141
413,2017-03-01,658,15839,16497
413,2017-03-02,683,16220,16903
413,2017-03-03,695,17937,18632
413,2017-03-04,377,15163,15540
413,2017-03-05,98,6591,6689
413,2017-03-06,625,14904,15529
413,2017-03-07,653,15569,16222
413,2017-03-08,675,16261,16936
413,2017-03-09,675,16540,17215
413,2017-03-28,698,16296,16994
413,2017-03-29,752,16331,17083
413,2017-03-30,713,17377,18090
413,2017-03-31,730,17928,18658
413,2017-04-01,383,16259,16642
413,2017-04-02,106,9894,10000
413,2017-04-03,736,15674,16410
413,2017-04-04,737,16929,17666
413,2017-04-05,738,16415,17153
413,2017-04-06,771,17016,17787
413,2017-04-07,731,17361,18092
413,2017-04-08,414,13360,13774
413,2017-04-09,103,6358,6461
413,2017-04-10,595,14150,14745
413,2017-04-11,682,15775,16457
413,2017-04-12,684,14638,15322
413,2017-04-13,694,15124,15818
413,2017-04-14,649,15564,16213
413,2017-04-15,379,11880,12259
413,2017-04-16,96,4902,4998
413,2017-04-17,76,4990,5066
413,2017-04-18,678,14235,14913
413,2017-04-19,682,13838,14520
413,2017-04-20,666,14327,14993
413,2017-04-21,678,15174,15852
413,2017-04-22,489,12869,13358
413,2017-04-23,115,6427,6542
413,2017-04-24,707,15386,16093
413,2017-04-25,712,16720,17432
413,2017-04-26,735,16579,17314
413,2017-04-27,759,17385,18144
413,2017-04-28,734,18082,18816
413,2017-04-29,390,14848,15238
413,2017-04-30,109,6724,6833
413,2017-05-01,93,5380,5473
413,2017-05-02,747,16782,17529
413,2017-05-03,707,16616,17323
413,2017-05-04,724,16996,17720
413,2017-05-05,744,17580,18324
413,2017-05-06,418,14335,14753
413,2017-05-07,92,6727,6819
413,2017-05-08,728,15771,16499
413,2017-05-09,719,16403,17122
413,2017-05-10,729,16143,16872
413,2017-05-11,694,16637,17331
413,2017-05-12,702,17721,18423
413,2017-05-13,368,16355,16723
413,2017-05-14,112,7454,7566
413,2017-05-15,680,15399,16079
413,2017-05-16,714,16459,17173
413,2017-05-17,692,15933,16625
413,2017-05-18,739,17270,18009
413,2017-05-19,712,17944,18656
413,2017-05-20,443,14386,14829
413,2017-05-21,134,7142,7276
413,2017-05-22,645,14730,15375
413,2017-05-23,717,16103,16820
413,2017-05-24,662,16475,17137
413,2017-05-25,109,6207,6316
413,2017-05-26,630,16695,17325
413,2017-05-27,371,13463,13834
413,2017-05-28,105,6408,6513
413,2017-05-29,673,15456,16129
413,2017-05-30,690,17091,17781
413,2017-05-31,721,16600,17321
413,2017-06-01,713,17442,18155
413,2017-06-02,736,17579,18315
413,2017-06-03,385,13675,14060
413,2017-06-04,98,6080,6178
413,2017-06-05,103,5524,5627
413,2017-06-06,732,15485,16217
413,2017-06-07,769,14474,15243
413,2017-06-08,729,15099,15828
413,2017-06-09,679,16489,17168
413,2017-06-10,383,13689,14072
413,2017-06-11,98,6917,7015
413,2017-06-12,742,15448,16190
413,2017-06-13,706,16236,16942
413,2017-06-14,715,15393,16108
413,2017-06-15,782,17139,17921
413,2017-06-16,761,18050,18811
413,2017-06-17,438,15460,15898
413,2017-06-18,152,7964,8116
413,2017-06-19,683,16239,16922
413,2017-06-20,722,17378,18100
413,2017-06-21,674,17044,17718
413,2017-06-22,714,17182,17896
413,2017-06-23,227,6704,6931
413,2017-06-24,412,14253,14665
413,2017-06-25,125,9919,10044
413,2017-06-26,737,16112,16849
413,2017-06-27,729,16988,17717
413,2017-06-28,732,16928,17660
413,2017-06-29,742,17169,17911
413,2017-06-30,750,17698,18448
413,2017-07-01,420,14842,15262
413,2017-07-02,161,7253,7414
413,2017-07-03,633,14627,15260
413,2017-07-04,730,16584,17314
413,2017-07-05,734,16310,17044
413,2017-07-06,711,16603,17314
413,2017-07-07,737,17749,18486
413,2017-07-08,450,13689,14139
413,2017-07-09,184,6897,7081
413,2017-07-10,666,15568,16234
413,2017-07-11,673,16237,16910
413,2017-07-12,637,16275,16912
413,2017-07-13,666,16528,17194
413,2017-07-14,702,16930,17632
413,2017-07-15,395,12856,13251
413,2017-07-16,134,6780,6914
413,2017-07-17,615,14343,14958
413,2017-07-18,679,15463,16142
413,2017-07-19,698,15160,15858
413,2017-07-20,699,15376,16075
413,2017-07-21,673,17090,17763
413,2017-07-22,427,12144,12571
413,2017-07-23,125,5666,5791
413,2017-07-24,579,14186,14765
413,2017-07-25,695,14672,15367
413,2017-07-26,664,14799,15463
413,2017-07-27,608,14409,15017
413,2017-07-28,595,14973,15568
413,2017-07-29,210,5568,5778
413,2017-07-30,23,1727,1750
413,2017-07-31,602,12620,13222
413,2017-08-01,551,13408,13959
413,2017-08-02,597,12903,13500
413,2017-08-03,570,13071,13641
413,2017-08-04,624,13882,14506
413,2017-08-05,381,11708,12089
413,2017-08-06,114,5705,5819
413,2017-08-07,607,12601,13208
413,2017-08-08,577,12892,13469
413,2017-08-09,614,12482,13096
413,2017-08-10,651,13338,13989
413,2017-08-11,672,13863,14535
413,2017-08-12,395,10739,11134
413,2017-08-13,116,4745,4861
413,2017-08-14,522,11488,12010
413,2017-08-15,105,4457,4562
413,2017-08-16,574,12937,13511
413,2017-08-17,604,13077,13681
413,2017-08-18,554,13663,14217
413,2017-08-19,362,10824,11186
413,2017-08-20,107,5068,5175
413,2017-08-21,639,12147,12786
413,2017-08-22,589,12452,13041
413,2017-08-23,661,13292,13953
413,2017-08-24,704,14285,14989
413,2017-08-25,673,14268,14941
413,2017-08-26,376,10952,11328
413,2017-08-27,144,5443,5587
413,2017-08-28,588,12963,13551
413,2017-08-29,611,13474,14085
413,2017-08-30,635,13887,14522
413,2017-08-31,653,15600,16253
413,2017-09-01,645,15764,16409
413,2017-09-02,540,13200,13740
413,2017-09-03,157,9922,10079
413,2017-09-04,630,15916,16546
413,2017-09-05,647,15803,16450
413,2017-09-06,630,15934,16564
413,2017-09-07,686,16035,16721
413,2017-09-08,734,17366,18100
413,2017-09-09,366,13959,14325
413,2017-09-10,144,7198,7342
413,2017-09-11,652,16549,17201
413,2017-09-12,692,17206,17898
413,2017-09-13,622,16008,16630
413,2017-09-14,643,16355,16998
413,2017-09-15,714,17657,18371
413,2017-09-16,384,13317,13701
413,2017-09-17,99,6679,6778
413,2017-09-18,706,15443,16149
413,2017-09-19,763,16059,16822
413,2017-09-20,734,16221,16955
413,2017-09-21,734,16607,17341
413,2017-09-22,730,17177,17907
413,2017-09-23,424,14133,14557
413,2017-09-24,103,6778,6881
413,2017-09-25,699,15517,16216
413,2017-09-26,727,16327,17054
413,2017-09-27,771,16320,17091
413,2017-09-28,792,16740,17532
413,2017-09-29,747,17545,18292
413,2017-09-30,319,15697,16016
413,2017-10-01,97,7481,7578
413,2017-10-02,674,15695,16369
413,2017-10-03,632,16567,17199
413,2017-10-04,762,16146,16908
413,2017-10-05,694,15656,16350
413,2017-10-06,695,17588,18283
413,2017-10-07,385,15384,15769
413,2017-10-08,96,7303,7399
413,2017-10-09,752,15220,15972
413,2017-10-10,775,16634,17409
413,2017-10-11,727,15936,16663
413,2017-10-12,717,16251,16968
413,2017-10-13,738,17211,17949
413,2017-10-14,379,14589,14968
413,2017-10-15,98,7490,7588
413,2017-10-16,729,15273,16002
413,2017-10-17,707,16213,16920
413,2017-10-18,729,15905,16634
413,2017-10-19,736,16426,17162
413,2017-10-20,718,19008,19726
413,2017-10-21,366,15520,15886
413,2017-10-22,77,9423,9500
413,2017-10-23,698,15267,15965
413,2017-10-24,671,16421,17092
413,2017-10-25,712,16261,16973
413,2017-10-26,711,16938,17649
413,2017-10-27,697,17727,18424
413,2017-10-28,398,13970,14368
413,2017-10-29,86,6000,6086
413,2017-10-30,675,15811,16486
413,2017-11-01,79,6253,6332
413,2017-11-02,638,14504,15142
413,2017-11-03,643,15211,15854
413,2017-11-04,402,12583,12985
413,2017-11-05,75,6037,6112
413,2017-11-06,678,15419,16097
413,2017-11-07,723,16816,17539
413,2017-11-08,600,14750,15350
413,2017-11-09,749,17027,17776
413,2017-11-10,669,16804,17473
413,2017-11-11,332,16302,16634
413,2017-11-12,72,6372,6444
413,2017-11-13,720,15966,16686
413,2017-11-14,776,16676,17452
413,2017-11-15,793,16134,16927
413,2017-11-16,762,17016,17778
413,2017-11-17,777,17673,18450
413,2017-11-18,398,14627,15025
413,2017-11-19,86,6566,6652
413,2017-11-20,689,15409,16098
413,2017-11-21,722,16106,16828
413,2017-11-22,741,15892,16633
413,2017-11-23,727,16456,17183
413,2017-11-24,638,17626,18264
413,2017-11-25,357,15478,15835
413,2017-11-26,95,7088,7183
413,2017-11-27,659,15294,15953
413,2017-11-28,700,16593,17293
413,2017-11-29,714,15963,16677
413,2017-11-30,699,16952,17651
413,2017-12-01,754,17953,18707
413,2017-12-02,422,14586,15008
413,2017-12-03,101,8721,8822
413,2017-12-04,700,15998,16698
413,2017-12-05,717,17038,17755
413,2017-12-06,750,16407,17157
413,2017-12-07,766,16714,17480
413,2017-12-08,699,17510,18209
413,2017-12-09,413,14568,14981
413,2017-12-10,105,7089,7194
413,2017-12-11,588,15779,16367
413,2017-12-12,739,16820,17559
413,2017-12-13,640,14803,15443
413,2017-12-14,691,18196,18887
413,2017-12-15,607,17398,18005
413,2017-12-16,379,14674,15053
413,2017-12-17,87,9466,9553
413,2017-12-18,569,15459,16028
413,2017-12-19,590,16716,17306
413,2017-12-20,580,16222,16802
413,2017-12-21,592,17180,17772
413,2017-12-22,575,17366,17941
413,2017-12-23,359,13805,14164
413,2017-12-24,98,8672,8770
413,2017-12-25,79,4180,4259
413,2017-12-26,104,4872,4976
413,2017-12-27,543,13970,14513
413,2017-12-28,571,13353,13924
413,2017-12-29,523,13093,13616
413,2017-12-30,331,12509,12840
413,2017-12-31,84,7746,7830
414,2017-01-01,58,2529,2587
414,2017-01-02,311,4784,5095
414,2017-01-03,379,5390,5769
414,2017-01-04,390,5568,5958
414,2017-01-06,398,5784,6182
414,2017-01-07,204,4077,4281
414,2017-01-08,54,3073,3127
414,2017-01-09,542,6400,6942
414,2017-01-10,488,6637,7125
414,2017-01-11,509,6733,7242
414,2017-01-12,534,6949,7483
414,2017-01-14,219,4846,5065
414,2017-01-15,52,3381,3433
414,2017-01-17,567,7096,7663
414,2017-01-18,605,6980,7585
414,2017-01-19,566,7150,7716
414,2017-01-20,576,7169,7745
414,2017-01-21,240,5348,5588
414,2017-01-22,59,3410,3469
414,2017-01-24,494,6614,7108
414,2017-01-25,600,6865,7465
414,2017-01-26,603,7142,7745
414,2017-01-27,640,7104,7744
414,2017-01-28,236,4747,4983
414,2017-01-29,51,3206,3257
414,2017-01-31,654,7364,8018
414,2017-02-01,665,7579,8244
414,2017-02-02,550,7052,7602
414,2017-02-03,633,7568,8201
414,2017-02-04,222,5104,5326
414,2017-02-05,75,3616,3691
414,2017-02-07,662,7676,8338
414,2017-02-08,709,7551,8260
414,2017-02-09,734,7660,8394
414,2017-02-10,736,7641,8377
414,2017-02-11,250,5386,5636
414,2017-02-12,64,3527,3591
414,2017-02-14,676,7827,8503
414,2017-02-15,660,7593,8253
414,2017-02-16,633,7418,8051
414,2017-02-17,655,7551,8206
414,2017-02-18,234,4892,5126
414,2017-02-19,51,3140,3191
414,2017-02-21,556,6692,7248
414,2017-02-22,526,6690,7216
414,2017-02-23,634,6728,7362
414,2017-02-24,640,6723,7363
414,2017-02-25,241,4738,4979
414,2017-02-26,78,3563,3641
414,2017-02-28,677,7556,8233
414,2017-03-01,664,7500,8164
414,2017-03-02,734,7846,8580
414,2017-03-03,684,7844,8528
414,2017-03-04,268,5391,5659
414,2017-03-05,98,4137,4235
414,2017-03-07,667,7881,8548
414,2017-03-08,625,7912,8537
414,2017-03-09,613,8138,8751
414,2017-03-10,736,8156,8892
414,2017-03-11,282,5835,6117
414,2017-03-12,80,4296,4376
414,2017-03-14,807,8083,8890
414,2017-03-15,794,7730,8524
414,2017-03-16,806,7982,8788
414,2017-03-17,666,7636,8302
414,2017-03-18,248,5865,6113
414,2017-03-19,108,3908,4016
414,2017-03-21,774,8002,8776
414,2017-03-22,743,7568,8311
414,2017-03-23,678,8118,8796
414,2017-03-24,718,7855,8573
414,2017-03-25,321,5739,6060
414,2017-03-28,720,8005,8725
414,2017-03-29,795,7732,8527
414,2017-03-30,769,7946,8715
414,2017-03-31,821,8252,9073
414,2017-04-01,305,6115,6420
414,2017-04-02,69,4259,4328
414,2017-04-04,822,7985,8807
414,2017-04-05,806,7997,8803
414,2017-04-06,827,7957,8784
414,2017-04-07,793,8302,9095
414,2017-04-08,380,5437,5817
414,2017-04-09,77,4340,4417
414,2017-04-11,736,7647,8383
414,2017-04-12,669,7199,7868
414,2017-04-13,705,7280,7985
414,2017-04-14,672,7501,8173
414,2017-04-15,273,4801,5074
414,2017-04-16,68,3475,3543
414,2017-04-18,729,7019,7748
414,2017-04-19,739,7019,7758
414,2017-04-20,704,7218,7922
414,2017-04-21,732,7498,8230
414,2017-04-22,326,5662,5988
414,2017-04-23,91,3977,4068
414,2017-04-25,761,8083,8844
414,2017-04-26,775,7788,8563
414,2017-04-27,747,7989,8736
414,2017-04-28,787,8137,8924
414,2017-04-29,315,6363,6678
414,2017-04-30,71,4427,4498
414,2017-05-02,666,7920,8586
414,2017-05-03,642,7798,8440
414,2017-05-04,723,8068,8791
414,2017-05-05,712,8196,8908
414,2017-05-06,355,6190,6545
414,2017-05-07,89,4120,4209
414,2017-05-09,821,8024,8845
414,2017-05-10,764,8139,8903
414,2017-05-11,751,8056,8807
414,2017-05-12,773,8135,8908
414,2017-05-13,288,6398,6686
414,2017-05-14,78,4262,4340
414,2017-05-16,870,8050,8920
414,2017-05-17,766,7898,8664
414,2017-05-18,836,7900,8736
414,2017-05-19,734,8104,8838
414,2017-05-20,342,6181,6523
414,2017-05-21,89,4224,4313
414,2017-05-23,788,8208,8996
414,2017-05-24,760,8458,9218
414,2017-05-25,112,4518,4630
414,2017-05-26,574,7280,7854
414,2017-05-27,260,5651,5911
414,2017-05-28,116,3915,4031
414,2017-05-30,748,8127,8875
414,2017-05-31,729,8343,9072
414,2017-06-01,768,8578,9346
414,2017-06-02,688,8088,8776
414,2017-06-03,317,5558,5875
414,2017-06-04,63,3423,3486
414,2017-06-06,732,7030,7762
414,2017-06-07,676,7125,7801
414,2017-06-08,656,7193,7849
414,2017-06-09,732,7184,7916
414,2017-06-10,307,5754,6061
414,2017-06-11,92,4657,4749
414,2017-06-13,809,8217,9026
414,2017-06-14,860,8108,8968
414,2017-06-15,698,6753,7451
414,2017-06-16,663,6586,7249
414,2017-06-17,247,5041,5288
414,2017-06-18,85,4409,4494
414,2017-06-20,793,8618,9411
414,2017-06-21,834,8265,9099
414,2017-06-22,832,8092,8924
414,2017-06-23,128,3745,3873
414,2017-06-24,277,5026,5303
414,2017-06-25,80,3829,3909
414,2017-06-27,656,8028,8684
414,2017-06-28,638,7862,8500
414,2017-06-29,761,8021,8782
414,2017-06-30,812,8390,9202
414,2017-07-01,323,6452,6775
414,2017-07-02,108,5094,5202
414,2017-07-04,720,8044,8764
414,2017-07-05,606,7914,8520
414,2017-07-06,696,7776,8472
414,2017-07-07,674,8278,8952
414,2017-07-08,299,6262,6561
414,2017-07-09,102,4774,4876
414,2017-07-11,714,8009,8723
414,2017-07-12,652,7750,8402
414,2017-07-13,700,8109,8809
414,2017-07-14,651,8040,8691
414,2017-07-15,288,5680,5968
414,2017-07-16,82,3798,3880
414,2017-07-18,766,7603,8369
414,2017-07-19,785,7519,8304
414,2017-07-20,703,7372,8075
414,2017-07-21,713,7687,8400
414,2017-07-22,321,5441,5762
414,2017-07-23,125,3572,3697
414,2017-07-24,659,7037,7696
414,2017-07-25,685,7346,8031
414,2017-07-26,707,7235,7942
414,2017-07-27,610,6850,7460
414,2017-07-28,438,6757,7195
414,2017-07-29,238,4885,5123
414,2017-07-30,99,3441,3540
414,2017-07-31,394,6020,6414
414,2017-08-01,396,6146,6542
414,2017-08-02,443,6158,6601
414,2017-08-03,450,6325,6775
414,2017-08-04,499,6193,6692
414,2017-08-05,235,4828,5063
414,2017-08-06,116,3871,3987
414,2017-08-07,444,5915,6359
414,2017-08-08,468,5903,6371
414,2017-08-09,451,6019,6470
414,2017-08-10,402,5878,6280
414,2017-08-11,452,5803,6255
414,2017-08-12,211,4158,4369
414,2017-08-13,68,3256,3324
414,2017-08-14,378,5167,5545
414,2017-08-15,66,2590,2656
414,2017-08-16,415,5902,6317
414,2017-08-18,385,5852,6237
414,2017-08-19,234,4542,4776
414,2017-08-20,67,3249,3316
414,2017-08-21,510,6080,6590
414,2017-08-22,534,6570,7104
414,2017-08-23,708,7178,7886
414,2017-08-25,550,6638,7188
414,2017-08-26,232,4603,4835
414,2017-08-27,74,3371,3445
414,2017-08-28,679,6581,7260
414,2017-08-29,728,6866,7594
414,2017-08-30,658,6760,7418
414,2017-09-01,635,7043,7678
414,2017-09-02,340,5458,5798
414,2017-09-03,81,4100,4181
414,2017-09-04,592,6580,7172
414,2017-09-05,674,6991,7665
414,2017-09-06,621,6799,7420
414,2017-09-08,698,7025,7723
414,2017-09-09,277,5062,5339
414,2017-09-10,77,3638,3715
414,2017-09-11,604,7090,7694
414,2017-09-13,558,7547,8105
414,2017-09-15,600,7940,8540
414,2017-09-16,244,5892,6136
414,2017-09-17,72,4315,4387
414,2017-09-18,758,7994,8752
414,2017-09-19,719,8115,8834
414,2017-09-20,725,8051,8776
414,2017-09-22,722,8243,8965
414,2017-09-23,362,6353,6715
414,2017-09-24,92,4769,4861
414,2017-09-25,718,8060,8778
414,2017-09-26,724,8364,9088
414,2017-09-27,777,8138,8915
414,2017-09-28,729,8228,8957
414,2017-09-29,674,8533,9207
414,2017-09-30,284,6224,6508
414,2017-10-01,82,5055,5137
414,2017-10-02,661,7750,8411
414,2017-10-03,692,8279,8971
414,2017-10-04,710,8093,8803
414,2017-10-06,690,8599,9289
414,2017-10-07,325,6489,6814
414,2017-10-08,70,4553,4623
414,2017-10-09,695,7918,8613
414,2017-10-10,720,8293,9013
414,2017-10-11,775,8023,8798
414,2017-10-12,722,8390,9112
414,2017-10-13,801,8347,9148
414,2017-10-14,322,6192,6514
414,2017-10-15,91,4820,4911
414,2017-10-16,823,8109,8932
414,2017-10-17,802,8534,9336
414,2017-10-18,773,8288,9061
414,2017-10-20,746,8572,9318
414,2017-10-21,289,6070,6359
414,2017-10-22,53,4183,4236
414,2017-10-23,653,7723,8376
414,2017-10-24,739,8164,8903
414,2017-10-25,651,7871,8522
414,2017-10-26,702,8166,8868
414,2017-10-27,745,8291,9036
414,2017-10-28,276,5907,6183
414,2017-10-29,72,3901,3973
414,2017-10-30,633,7413,8046
414,2017-10-31,677,7645,8322
414,2017-11-01,92,3945,4037
414,2017-11-03,606,7394,8000
414,2017-11-04,360,5437,5797
414,2017-11-05,60,3619,3679
414,2017-11-06,690,7547,8237
414,2017-11-07,689,8101,8790
414,2017-11-08,656,8021,8677
414,2017-11-09,738,8094,8832
414,2017-11-10,642,8326,8968
414,2017-11-11,228,6031,6259
414,2017-11-12,66,3666,3732
414,2017-11-13,642,7404,8046
414,2017-11-14,678,7732,8410
414,2017-11-15,752,7811,8563
414,2017-11-16,667,7871,8538
414,2017-11-17,712,8217,8929
414,2017-11-18,281,5873,6154
414,2017-11-19,60,3891,3951
414,2017-11-20,655,7552,8207
414,2017-11-21,568,7570,8138
414,2017-11-22,710,7796,8506
414,2017-11-24,596,8313,8909
414,2017-11-25,248,6145,6393
414,2017-11-26,62,4320,4382
414,2017-11-27,591,7607,8198
414,2017-11-28,681,8052,8733
414,2017-11-29,683,7821,8504
414,2017-11-30,718,7893,8611
414,2017-12-01,679,8333,9012
414,2017-12-02,267,5903,6170
414,2017-12-03,63,3550,3613
414,2017-12-04,639,7568,8207
414,2017-12-05,701,7907,8608
414,2017-12-06,664,7559,8223
414,2017-12-09,259,5475,5734
414,2017-12-10,58,3006,3064
414,2017-12-11,576,7180,7756
414,2017-12-12,602,7382,7984
414,2017-12-13,596,7022,7618
414,2017-12-14,696,8194,8890
414,2017-12-15,472,7346,7818
414,2017-12-16,235,5275,5510
414,2017-12-17,47,3581,3628
414,2017-12-18,434,6523,6957
414,2017-12-19,491,6798,7289
414,2017-12-20,438,6775,7213
414,2017-12-21,434,6488,6922
414,2017-12-22,409,6454,6863
414,2017-12-23,248,4481,4729
414,2017-12-24,51,3125,3176
414,2017-12-25,32,2987,3019
414,2017-12-26,54,2722,2776
414,2017-12-27,319,5246,5565
414,2017-12-28,353,5063,5416
414,2017-12-29,327,4629,4956
414,2017-12-30,200,4194,4394
414,2017-12-31,62,2884,2946
415,2017-01-01,9,3917,3926
415,2017-01-02,98,7451,7549
415,2017-01-03,130,8746,8876
415,2017-01-04,159,8901,9060
415,2017-01-06,169,9757,9926
415,2017-01-07,60,6733,6793
415,2017-01-08,10,5321,5331
415,2017-01-09,191,11398,11589
415,2017-01-10,148,12027,12175
415,2017-01-11,144,12085,12229
415,2017-01-12,211,12534,12745
415,2017-01-14,83,9160,9243
415,2017-01-15,15,5928,5943
415,2017-01-16,250,11727,11977
415,2017-01-17,261,12425,12686
415,2017-01-18,252,12350,12602
415,2017-01-19,277,14239,14516
415,2017-01-21,98,9946,10044
415,2017-01-22,23,6130,6153
415,2017-01-23,277,12081,12358
415,2017-01-24,250,12445,12695
415,2017-01-25,278,12312,12590
415,2017-01-26,275,13026,13301
415,2017-01-28,73,9451,9524
415,2017-01-29,23,6209,6232
415,2017-01-30,256,12101,12357
415,2017-01-31,265,12926,13191
415,2017-02-01,238,12772,13010
415,2017-02-02,257,13540,13797
415,2017-02-04,75,9952,10027
415,2017-02-05,14,6364,6378
415,2017-02-06,282,12196,12478
415,2017-02-07,200,13319,13519
415,2017-02-08,280,12648,12928
415,2017-02-09,286,13410,13696
415,2017-02-11,48,9655,9703
415,2017-02-12,12,6218,6230
415,2017-02-13,288,12446,12734
415,2017-02-14,332,13347,13679
415,2017-02-15,294,12676,12970
415,2017-02-16,284,13208,13492
415,2017-02-18,70,8717,8787
415,2017-02-19,29,5415,5444
415,2017-02-20,207,9871,10078
415,2017-02-21,244,10528,10772
415,2017-02-22,215,9734,9949
415,2017-02-23,298,10124,10422
415,2017-02-25,78,8030,8108
415,2017-02-26,17,5792,5809
415,2017-02-27,308,11678,11986
415,2017-02-28,310,13100,13410
415,2017-03-01,304,13024,13328
415,2017-03-02,299,13102,13401
415,2017-03-04,52,9622,9674
415,2017-03-05,18,5948,5966
415,2017-03-06,318,12258,12576
415,2017-03-07,254,13208,13462
415,2017-03-08,252,12844,13096
415,2017-03-09,300,13484,13784
415,2017-03-11,74,9928,10002
415,2017-03-12,24,6656,6680
415,2017-03-13,336,13601,13937
415,2017-03-14,305,15289,15594
415,2017-03-15,339,15102,15441
415,2017-03-16,329,15718,16047
415,2017-03-18,73,11225,11298
415,2017-03-19,23,7230,7253
415,2017-03-20,368,14259,14627
415,2017-03-21,332,16196,16528
415,2017-03-22,298,14767,15065
415,2017-03-23,290,15099,15389
415,2017-03-25,105,11859,11964
415,2017-03-27,334,14668,15002
415,2017-03-28,349,15478,15827
415,2017-03-29,323,15824,16147
415,2017-03-30,306,15903,16209
415,2017-04-01,104,10835,10939
415,2017-04-02,42,7269,7311
415,2017-04-03,342,13077,13419
415,2017-04-04,300,13634,13934
415,2017-04-05,324,13554,13878
415,2017-04-06,400,13407,13807
415,2017-04-08,98,9396,9494
415,2017-04-09,19,6287,6306
415,2017-04-10,251,10866,11117
415,2017-04-11,279,11745,12024
415,2017-04-12,287,11363,11650
415,2017-04-13,288,11120,11408
415,2017-04-15,67,7478,7545
415,2017-04-16,4,5028,5032
415,2017-04-17,10,4480,4490
415,2017-04-18,245,10929,11174
415,2017-04-19,304,11106,11410
415,2017-04-20,253,11094,11347
415,2017-04-22,160,12490,12650
415,2017-04-23,41,8986,9027
415,2017-04-24,452,17199,17651
415,2017-04-25,491,18439,18930
415,2017-04-26,451,18003,18454
415,2017-04-27,467,18497,18964
415,2017-04-29,106,10098,10204
415,2017-04-30,26,6476,6502
415,2017-05-01,22,5136,5158
415,2017-05-02,337,13238,13575
415,2017-05-03,334,13292,13626
415,2017-05-04,338,13298,13636
415,2017-05-06,109,10308,10417
415,2017-05-07,25,6625,6650
415,2017-05-08,312,12412,12724
415,2017-05-09,320,13658,13978
415,2017-05-10,287,13543,13830
415,2017-05-11,323,14069,14392
415,2017-05-13,92,10168,10260
415,2017-05-14,22,6342,6364
415,2017-05-15,348,12699,13047
415,2017-05-16,313,14050,14363
415,2017-05-17,305,13616,13921
415,2017-05-18,346,13872,14218
415,2017-05-20,147,10314,10461
415,2017-05-21,27,6642,6669
415,2017-05-22,283,12617,12900
415,2017-05-23,311,13654,13965
415,2017-05-24,276,13762,14038
415,2017-05-25,24,6085,6109
415,2017-05-27,92,9685,9777
415,2017-05-28,27,6377,6404
415,2017-05-29,247,12779,13026
415,2017-05-30,352,14066,14418
415,2017-05-31,329,13493,13822
415,2017-06-01,321,15342,15663
415,2017-06-03,94,9734,9828
415,2017-06-04,10,6066,6076
415,2017-06-05,27,5102,5129
415,2017-06-06,276,11686,11962
415,2017-06-07,336,11508,11844
415,2017-06-08,296,11861,12157
415,2017-06-10,119,9322,9441
415,2017-06-11,2,382,384
415,2017-06-29,475,8779,9254
415,2017-07-01,267,9847,10114
415,2017-07-02,113,7088,7201
415,2017-07-03,796,11742,12538
415,2017-07-04,877,12860,13737
415,2017-07-05,903,12998,13901
415,2017-07-06,878,13780,14658
415,2017-07-08,313,9603,9916
415,2017-07-09,78,6498,6576
415,2017-07-10,812,12428,13240
415,2017-07-11,750,13820,14570
415,2017-07-12,797,12498,13295
415,2017-07-13,903,12873,13776
415,2017-07-15,401,8912,9313
415,2017-07-16,144,6634,6778
415,2017-07-17,714,10871,11585
415,2017-07-18,764,11288,12052
415,2017-07-19,776,11286,12062
415,2017-07-20,792,12088,12880
415,2017-07-21,817,11610,12427
415,2017-07-22,317,8147,8464
415,2017-07-23,143,5428,5571
415,2017-07-24,754,10448,11202
415,2017-07-25,882,10810,11692
415,2017-07-26,844,10710,11554
415,2017-07-27,568,11022,11590
415,2017-07-28,573,10304,10877
415,2017-07-29,224,7480,7704
415,2017-07-30,88,5286,5374
415,2017-07-31,474,9318,9792
415,2017-08-01,352,9740,10092
415,2017-08-02,514,9485,9999
415,2017-08-03,519,9559,10078
415,2017-08-04,507,9387,9894
415,2017-08-05,170,6902,7072
415,2017-08-06,91,5101,5192
415,2017-08-07,475,8254,8729
415,2017-08-08,417,8849,9266
415,2017-08-09,430,9025,9455
415,2017-08-10,404,9088,9492
415,2017-08-11,475,8557,9032
415,2017-08-12,155,6005,6160
415,2017-08-13,64,4451,4515
415,2017-08-14,328,7223,7551
415,2017-08-15,48,3820,3868
415,2017-08-16,477,8531,9008
415,2017-08-18,312,8874,9186
415,2017-08-19,172,6547,6719
415,2017-08-20,71,4820,4891
415,2017-08-21,557,8657,9214
415,2017-08-22,587,9752,10339
415,2017-08-23,614,9389,10003
415,2017-08-25,560,10092,10652
415,2017-08-26,215,7105,7320
415,2017-08-27,105,5060,5165
415,2017-08-28,730,9559,10289
415,2017-08-29,829,10096,10925
415,2017-08-30,799,10023,10822
415,2017-09-01,798,10369,11167
415,2017-09-02,252,8036,8288
415,2017-09-03,122,6041,6163
415,2017-09-04,821,9929,10750
415,2017-09-05,874,10818,11692
415,2017-09-06,914,10420,11334
415,2017-09-08,852,11418,12270
415,2017-09-09,216,8938,9154
415,2017-09-10,95,5974,6069
415,2017-09-11,674,11942,12616
415,2017-09-12,878,12958,13836
415,2017-09-13,834,12886,13720
415,2017-09-15,872,12424,13296
415,2017-09-16,262,9336,9598
415,2017-09-17,122,6289,6411
415,2017-09-18,856,12158,13014
415,2017-09-19,909,12262,13171
415,2017-09-20,925,12067,12992
415,2017-09-22,1005,12463,13468
415,2017-09-23,407,10239,10646
415,2017-09-24,158,7417,7575
415,2017-09-25,890,11720,12610
415,2017-09-26,945,12629,13574
415,2017-09-27,1025,12553,13578
415,2017-09-28,1036,13163,14199
415,2017-09-29,993,12991,13984
415,2017-09-30,210,10108,10318
415,2017-10-01,130,7984,8114
415,2017-10-02,685,12173,12858
415,2017-10-03,864,13332,14196
415,2017-10-04,953,12490,13443
415,2017-10-06,1057,12691,13748
415,2017-10-07,416,11148,11564
415,2017-10-08,138,6789,6927
415,2017-10-09,863,11801,12664
415,2017-10-10,910,12436,13346
415,2017-10-11,834,12011,12845
415,2017-10-12,851,12486,13337
415,2017-10-13,853,12273,13126
415,2017-10-14,353,10441,10794
415,2017-10-15,143,6932,7075
415,2017-10-16,822,11683,12505
415,2017-10-17,933,12930,13863
415,2017-10-18,924,12424,13348
415,2017-10-20,862,13852,14714
415,2017-10-21,282,10649,10931
415,2017-10-22,155,6667,6822
415,2017-10-23,832,12253,13085
415,2017-10-24,638,12867,13505
415,2017-10-25,876,12793,13669
415,2017-10-26,1047,13130,14177
415,2017-10-27,982,12677,13659
415,2017-10-28,327,9250,9577
415,2017-10-29,94,6131,6225
415,2017-10-30,787,10855,11642
415,2017-10-31,896,11585,12481
415,2017-11-01,102,6112,6214
415,2017-11-03,890,11526,12416
415,2017-11-04,304,9038,9342
415,2017-11-05,80,5500,5580
415,2017-11-06,865,11613,12478
415,2017-11-07,1016,12742,13758
415,2017-11-08,587,12706,13293
415,2017-11-09,961,12881,13842
415,2017-11-10,741,12813,13554
415,2017-11-11,212,10601,10813
415,2017-11-12,86,6264,6350
415,2017-11-13,880,12088,12968
415,2017-11-14,918,12865,13783
415,2017-11-15,1004,12056,13060
415,2017-11-16,952,12972,13924
415,2017-11-17,895,13199,14094
415,2017-11-18,364,10457,10821
415,2017-11-19,174,7057,7231
415,2017-11-20,852,11743,12595
415,2017-11-21,802,12553,13355
415,2017-11-22,921,12668,13589
415,2017-11-24,775,12951,13726
415,2017-11-25,259,10066,10325
415,2017-11-26,107,6388,6495
415,2017-11-27,718,11963,12681
415,2017-11-28,903,12889,13792
415,2017-11-29,866,12386,13252
415,2017-11-30,850,13556,14406
415,2017-12-01,843,12366,13209
415,2017-12-02,351,9606,9957
415,2017-12-03,96,5664,5760
415,2017-12-04,767,11862,12629
415,2017-12-05,797,12561,13358
415,2017-12-06,852,12246,13098
415,2017-12-08,866,12446,13312
415,2017-12-09,300,9131,9431
415,2017-12-10,132,3830,3962
415,2017-12-11,620,12332,12952
415,2017-12-12,840,13514,14354
415,2017-12-13,566,9506,10072
415,2017-12-14,772,13256,14028
415,2017-12-15,606,12413,13019
415,2017-12-16,217,9035,9252
415,2017-12-17,102,6010,6112
415,2017-12-18,451,10116,10567
415,2017-12-19,534,11802,12336
415,2017-12-20,567,10787,11354
415,2017-12-21,541,10878,11419
415,2017-12-22,435,10658,11093
415,2017-12-23,195,7477,7672
415,2017-12-24,70,4946,5016
415,2017-12-25,58,3977,4035
415,2017-12-26,143,3904,4047
415,2017-12-27,231,7897,8128
415,2017-12-28,325,8194,8519
415,2017-12-29,214,5416,5630
415,2017-12-30,164,6750,6914
415,2017-12-31,28,4924,4952
416,2017-01-01,10,5787,5797
416,2017-01-02,146,11026,11172
416,2017-01-04,197,13429,13626
416,2017-01-05,225,13716,13941
416,2017-01-06,228,14958,15186
416,2017-01-07,73,10076,10149
416,2017-01-08,15,7714,7729
416,2017-01-09,277,17133,17410
416,2017-01-10,270,18016,18286
416,2017-01-11,274,18020,18294
416,2017-01-12,376,18852,19228
416,2017-01-13,457,19140,19597
416,2017-01-14,103,12958,13061
416,2017-01-15,26,8510,8536
416,2017-01-17,400,19337,19737
416,2017-01-18,456,18624,19080
416,2017-01-19,419,19978,20397
416,2017-01-20,431,20156,20587
416,2017-01-21,104,14120,14224
416,2017-01-22,43,8510,8553
416,2017-01-24,383,18975,19358
416,2017-01-25,445,18863,19308
416,2017-01-26,467,20160,20627
416,2017-01-27,472,19911,20383
416,2017-01-28,129,13424,13553
416,2017-01-29,27,8831,8858
416,2017-01-31,533,19722,20255
416,2017-02-01,520,19800,20320
416,2017-02-02,537,20165,20702
416,2017-02-03,476,20926,21402
416,2017-02-04,124,14340,14464
416,2017-02-05,30,9022,9052
416,2017-02-07,457,20491,20948
416,2017-02-08,514,19696,20210
416,2017-02-09,571,20904,21475
416,2017-02-10,553,20550,21103
416,2017-02-11,88,14062,14150
416,2017-02-12,26,9158,9184
416,2017-02-14,598,20577,21175
416,2017-02-15,538,19691,20229
416,2017-02-16,652,19956,20608
416,2017-02-17,485,20166,20651
416,2017-02-18,122,12887,13009
416,2017-02-19,27,8069,8096
416,2017-02-21,455,17312,17767
416,2017-02-22,368,17427,17795
416,2017-02-23,501,17242,17743
416,2017-02-24,429,18050,18479
416,2017-02-25,112,12135,12247
416,2017-02-26,21,8364,8385
416,2017-02-28,532,19208,19740
416,2017-03-01,473,19577,20050
416,2017-03-02,562,20447,21009
416,2017-03-03,501,21102,21603
416,2017-03-04,142,14134,14276
416,2017-03-05,32,9088,9120
416,2017-03-07,568,20807,21375
416,2017-03-08,551,20483,21034
416,2017-03-09,559,21118,21677
416,2017-03-10,601,21635,22236
416,2017-03-11,130,14816,14946
416,2017-03-12,35,10049,10084
416,2017-03-14,576,20143,20719
416,2017-03-15,662,20001,20663
416,2017-03-16,605,21676,22281
416,2017-03-17,726,21127,21853
416,2017-03-18,108,14459,14567
416,2017-03-19,31,9142,9173
416,2017-03-21,605,20570,21175
416,2017-03-22,589,20001,20590
416,2017-03-23,604,21135,21739
416,2017-03-24,649,21320,21969
416,2017-03-25,185,15526,15711
416,2017-03-28,685,20746,21431
416,2017-03-29,590,20980,21570
416,2017-03-30,674,21581,22255
416,2017-03-31,662,21903,22565
416,2017-04-01,152,15743,15895
416,2017-04-02,37,10612,10649
416,2017-04-04,668,20981,21649
416,2017-04-05,686,20684,21370
416,2017-04-06,713,21172,21885
416,2017-04-07,653,21753,22406
416,2017-04-08,181,14310,14491
416,2017-04-09,39,9461,9500
416,2017-04-11,478,14684,15162
416,2017-04-12,512,17079,17591
416,2017-04-13,455,13772,14227
416,2017-04-14,570,17753,18323
416,2017-04-15,127,11578,11705
416,2017-04-16,26,7574,7600
416,2017-04-18,541,18271,18812
416,2017-04-19,592,18521,19113
416,2017-04-20,540,18485,19025
416,2017-04-21,523,18873,19396
416,2017-04-22,179,14013,14192
416,2017-04-23,46,9337,9383
416,2017-04-25,545,21611,22156
416,2017-04-26,578,20829,21407
416,2017-04-27,631,21954,22585
416,2017-04-28,696,21873,22569
416,2017-04-29,173,15404,15577
416,2017-04-30,37,9967,10004
416,2017-05-02,653,21093,21746
416,2017-05-03,818,20768,21586
416,2017-05-04,627,21691,22318
416,2017-05-05,608,21976,22584
416,2017-05-06,185,15181,15366
416,2017-05-07,36,9705,9741
416,2017-05-09,630,21849,22479
416,2017-05-10,658,21409,22067
416,2017-05-11,567,22274,22841
416,2017-05-12,768,21608,22376
416,2017-05-13,222,16156,16378
416,2017-05-14,76,9571,9647
416,2017-05-16,648,22020,22668
416,2017-05-17,659,21592,22251
416,2017-05-18,666,22473,23139
416,2017-05-19,684,22028,22712
416,2017-05-20,281,16097,16378
416,2017-05-21,47,10218,10265
416,2017-05-23,737,21528,22265
416,2017-05-24,667,21737,22404
416,2017-05-25,60,10386,10446
416,2017-05-26,351,17930,18281
416,2017-05-27,178,14781,14959
416,2017-05-28,71,9813,9884
416,2017-05-30,656,21628,22284
416,2017-05-31,714,21431,22145
416,2017-06-01,638,22325,22963
416,2017-06-02,682,20468,21150
416,2017-06-03,236,14149,14385
416,2017-06-04,49,9009,9058
416,2017-06-06,581,18846,19427
416,2017-06-07,576,18744,19320
416,2017-06-08,583,19735,20318
416,2017-06-09,629,19927,20556
416,2017-06-10,227,14410,14637
416,2017-06-11,60,10660,10720
416,2017-06-13,598,21346,21944
416,2017-06-14,570,21197,21767
416,2017-06-15,651,21858,22509
416,2017-06-16,716,22703,23419
416,2017-06-17,225,15710,15935
416,2017-06-18,67,10602,10669
416,2017-06-20,591,22756,23347
416,2017-06-21,601,21899,22500
416,2017-06-22,652,21345,21997
416,2017-06-23,75,9481,9556
416,2017-06-24,143,13829,13972
416,2017-06-25,57,10363,10420
416,2017-06-27,678,20912,21590
416,2017-06-28,572,20678,21250
416,2017-06-29,637,22116,22753
416,2017-06-30,648,21688,22336
416,2017-07-01,149,15429,15578
416,2017-07-02,68,11207,11275
416,2017-07-04,611,21265,21876
416,2017-07-05,766,20078,20844
416,2017-07-06,780,21504,22284
416,2017-07-07,802,21390,22192
416,2017-07-08,148,15074,15222
416,2017-07-09,60,10124,10184
416,2017-07-11,505,21250,21755
416,2017-07-12,499,20408,20907
416,2017-07-13,580,21438,22018
416,2017-07-14,598,21281,21879
416,2017-07-15,193,14346,14539
416,2017-07-16,51,9353,9404
416,2017-07-18,516,19137,19653
416,2017-07-19,602,18797,19399
416,2017-07-20,645,19800,20445
416,2017-07-21,593,19810,20403
416,2017-07-22,172,13231,13403
416,2017-07-23,61,8361,8422
416,2017-07-24,586,17332,17918
416,2017-07-25,548,18452,19000
416,2017-07-26,610,18644,19254
416,2017-07-27,397,17650,18047
416,2017-07-28,365,17543,17908
416,2017-07-29,106,11666,11772
416,2017-07-30,41,7822,7863
416,2017-07-31,282,14810,15092
416,2017-08-01,262,15266,15528
416,2017-08-02,315,15707,16022
416,2017-08-03,287,16075,16362
416,2017-08-04,298,15588,15886
416,2017-08-05,95,10775,10870
416,2017-08-06,46,7838,7884
416,2017-08-07,268,13522,13790
416,2017-08-08,252,14006,14258
416,2017-08-09,265,14551,14816
416,2017-08-10,324,14388,14712
416,2017-08-11,243,14373,14616
416,2017-08-12,69,9456,9525
416,2017-08-13,31,6678,6709
416,2017-08-14,186,11391,11577
416,2017-08-15,26,6072,6098
416,2017-08-16,209,10658,10867
416,2017-08-18,235,13900,14135
416,2017-08-19,82,10067,10149
416,2017-08-20,36,7191,7227
416,2017-08-21,370,15092,15462
416,2017-08-22,409,16733,17142
416,2017-08-23,377,15923,16300
416,2017-08-25,482,15586,16068
416,2017-08-26,120,11153,11273
416,2017-08-27,41,7852,7893
416,2017-08-28,456,16969,17425
416,2017-08-29,567,18095,18662
416,2017-08-30,510,18137,18647
416,2017-09-01,676,17768,18444
416,2017-09-02,234,12834,13068
416,2017-09-03,33,9394,9427
416,2017-09-04,732,18152,18884
416,2017-09-05,539,18335,18874
416,2017-09-06,576,18668,19244
416,2017-09-08,642,19478,20120
416,2017-09-09,173,13686,13859
416,2017-09-10,53,9419,9472
416,2017-09-11,565,19452,20017
416,2017-09-12,628,20485,21113
416,2017-09-13,596,19776,20372
416,2017-09-15,607,21106,21713
416,2017-09-16,210,14054,14264
416,2017-09-17,47,9524,9571
416,2017-09-18,590,19892,20482
416,2017-09-19,589,20789,21378
416,2017-09-20,624,20215,20839
416,2017-09-22,669,21314,21983
416,2017-09-23,169,16261,16430
416,2017-09-24,47,11821,11868
416,2017-09-25,592,19994,20586
416,2017-09-26,606,20929,21535
416,2017-09-27,633,20852,21485
416,2017-09-28,704,22231,22935
416,2017-09-29,630,21954,22584
416,2017-09-30,182,16072,16254
416,2017-10-01,56,11835,11891
416,2017-10-02,461,19856,20317
416,2017-10-03,565,21320,21885
416,2017-10-04,576,20230,20806
416,2017-10-06,604,21620,22224
416,2017-10-07,270,18169,18439
416,2017-10-08,46,10098,10144
416,2017-10-09,524,19947,20471
416,2017-10-10,538,21232,21770
416,2017-10-11,532,20662,21194
416,2017-10-12,562,21455,22017
416,2017-10-13,525,21241,21766
416,2017-10-14,163,15431,15594
416,2017-10-15,39,10338,10377
416,2017-10-16,514,19960,20474
416,2017-10-17,520,21453,21973
416,2017-10-18,585,20486,21071
416,2017-10-20,563,22022,22585
416,2017-10-21,174,15918,16092
416,2017-10-22,31,9925,9956
416,2017-10-23,502,19964,20466
416,2017-10-24,461,20827,21288
416,2017-10-25,554,21205,21759
416,2017-10-26,593,21879,22472
416,2017-10-27,563,21658,22221
416,2017-10-28,129,14799,14928
416,2017-10-29,31,9449,9480
416,2017-10-30,568,18996,19564
416,2017-10-31,557,20079,20636
416,2017-11-01,26,9641,9667
416,2017-11-03,666,18973,19639
416,2017-11-04,223,14287,14510
416,2017-11-05,33,8474,8507
416,2017-11-06,575,19854,20429
416,2017-11-07,656,21624,22280
416,2017-11-08,511,20558,21069
416,2017-11-09,548,21928,22476
416,2017-11-10,522,21662,22184
416,2017-11-11,102,15491,15593
416,2017-11-12,26,9236,9262
416,2017-11-13,561,20453,21014
416,2017-11-14,523,21329,21852
416,2017-11-15,594,20996,21590
416,2017-11-16,652,21564,22216
416,2017-11-17,647,22081,22728
416,2017-11-18,146,15475,15621
416,2017-11-19,46,9992,10038
416,2017-11-20,548,19947,20495
416,2017-11-21,524,21073,21597
416,2017-11-22,657,20861,21518
416,2017-11-24,646,21656,22302
416,2017-11-25,144,15402,15546
416,2017-11-26,32,9429,9461
416,2017-11-27,467,19792,20259
416,2017-11-28,672,20380,21052
416,2017-11-29,507,20816,21323
416,2017-11-30,535,21016,21551
416,2017-12-01,521,20404,20925
416,2017-12-02,162,14570,14732
416,2017-12-03,32,8895,8927
416,2017-12-04,477,19685,20162
416,2017-12-05,498,20892,21390
416,2017-12-06,592,20585,21177
416,2017-12-08,493,20568,21061
416,2017-12-09,121,13940,14061
416,2017-12-10,58,6814,6872
416,2017-12-11,538,18938,19476
416,2017-12-12,517,21205,21722
416,2017-12-13,542,17912,18454
416,2017-12-14,487,20938,21425
416,2017-12-15,528,20144,20672
416,2017-12-16,88,13810,13898
416,2017-12-17,35,9183,9218
416,2017-12-18,226,16860,17086
416,2017-12-19,321,19233,19554
416,2017-12-20,289,17962,18251
416,2017-12-21,266,18399,18665
416,2017-12-22,217,17603,17820
416,2017-12-23,93,11351,11444
416,2017-12-24,13,7572,7585
416,2017-12-25,4,6316,6320
416,2017-12-26,31,6067,6098
416,2017-12-27,153,12831,12984
416,2017-12-28,165,12911,13076
416,2017-12-29,170,10071,10241
416,2017-12-30,81,10132,10213
416,2017-12-31,9,7139,7148
417,2017-01-01,11,1465,1476
417,2017-01-02,56,2774,2830
417,2017-01-03,87,3130,3217
417,2017-01-04,84,3382,3466
417,2017-01-06,78,3442,3520
417,2017-01-07,39,2272,2311
417,2017-01-08,14,1675,1689
417,2017-01-09,108,3931,4039
417,2017-01-10,112,4065,4177
417,2017-01-11,109,4299,4408
417,2017-01-12,172,4518,4690
417,2017-01-14,46,2734,2780
417,2017-01-15,14,2114,2128
417,2017-01-16,120,4084,4204
417,2017-01-17,127,4465,4592
417,2017-01-18,128,4447,4575
417,2017-01-19,126,4459,4585
417,2017-01-21,39,3190,3229
417,2017-01-22,16,2290,2306
417,2017-01-23,137,4294,4431
417,2017-01-24,115,4303,4418
417,2017-01-25,133,4299,4432
417,2017-01-26,112,4455,4567
417,2017-01-28,42,2883,2925
417,2017-01-29,11,1959,1970
417,2017-01-30,190,4544,4734
417,2017-01-31,129,4513,4642
417,2017-02-01,133,4664,4797
417,2017-02-02,110,4358,4468
417,2017-02-04,62,3210,3272
417,2017-02-05,14,2185,2199
417,2017-02-06,135,4443,4578
417,2017-02-07,135,4882,5017
417,2017-02-08,127,4725,4852
417,2017-02-09,148,4905,5053
417,2017-02-11,44,3156,3200
417,2017-02-12,14,2223,2237
417,2017-02-13,140,4483,4623
417,2017-02-14,140,4980,5120
417,2017-02-15,154,4796,4950
417,2017-02-16,182,4808,4990
417,2017-02-18,41,2826,2867
417,2017-02-19,14,1892,1906
417,2017-02-20,110,4022,4132
417,2017-02-21,136,4290,4426
417,2017-02-22,116,4236,4352
417,2017-02-23,147,4242,4389
417,2017-02-25,36,2788,2824
417,2017-02-26,36,2288,2324
417,2017-02-27,332,4188,4520
417,2017-02-28,216,4800,5016
417,2017-03-01,224,4888,5112
417,2017-03-02,111,4782,4893
417,2017-03-04,71,3142,3213
417,2017-03-05,8,2644,2652
417,2017-03-06,167,4748,4915
417,2017-03-07,188,5100,5288
417,2017-03-08,156,4915,5071
417,2017-03-09,160,5150,5310
417,2017-03-11,55,3372,3427
417,2017-03-12,15,2418,2433
417,2017-03-13,156,4881,5037
417,2017-03-14,143,5135,5278
417,2017-03-15,165,4840,5005
417,2017-03-16,158,5076,5234
417,2017-03-18,42,3418,3460
417,2017-03-19,45,2376,2421
417,2017-03-21,230,4988,5218
417,2017-03-22,166,4821,4987
417,2017-03-23,132,4828,4960
417,2017-03-25,44,3467,3511
417,2017-03-27,147,4707,4854
417,2017-03-28,148,4978,5126
417,2017-03-29,150,5001,5151
417,2017-03-30,158,5019,5177
417,2017-04-01,53,3555,3608
417,2017-04-02,13,2637,2650
417,2017-04-03,146,4844,4990
417,2017-04-04,171,5000,5171
417,2017-04-05,166,5207,5373
417,2017-04-06,172,5139,5311
417,2017-04-08,68,3389,3457
417,2017-04-09,13,2768,2781
417,2017-04-10,158,4669,4827
417,2017-04-11,192,4840,5032
417,2017-04-12,147,4733,4880
417,2017-04-13,143,4760,4903
417,2017-04-15,48,2845,2893
417,2017-04-16,20,2105,2125
417,2017-04-17,28,2356,2384
417,2017-04-18,169,4551,4720
417,2017-04-19,146,4706,4852
417,2017-04-20,155,4729,4884
417,2017-04-29,54,3900,3954
417,2017-04-30,14,2847,2861
417,2017-05-01,19,1975,1994
417,2017-05-02,166,5126,5292
417,2017-05-03,192,5202,5394
417,2017-05-04,167,5173,5340
417,2017-05-06,55,3609,3664
417,2017-05-07,13,2445,2458
417,2017-05-08,136,4853,4989
417,2017-05-09,192,5221,5413
417,2017-05-10,198,5091,5289
417,2017-05-11,166,5142,5308
417,2017-05-13,72,3640,3712
417,2017-05-14,22,2656,2678
417,2017-05-15,379,4849,5228
417,2017-05-16,400,5104,5504
417,2017-05-17,378,4910,5288
417,2017-05-18,244,5230,5474
417,2017-05-20,57,3599,3656
417,2017-05-21,15,2744,2759
417,2017-05-22,227,4829,5056
417,2017-05-23,217,5243,5460
417,2017-05-24,180,5432,5612
417,2017-05-25,31,2704,2735
417,2017-05-27,61,3353,3414
417,2017-05-28,26,2444,2470
417,2017-05-29,162,4797,4959
417,2017-05-30,169,5142,5311
417,2017-05-31,162,5193,5355
417,2017-06-01,164,5620,5784
417,2017-06-03,57,3472,3529
417,2017-06-04,17,2157,2174
417,2017-06-05,9,2152,2161
417,2017-06-06,204,4618,4822
417,2017-06-07,184,4582,4766
417,2017-06-08,134,4599,4733
417,2017-06-10,45,3540,3585
417,2017-06-11,16,2913,2929
417,2017-06-12,172,4920,5092
417,2017-06-13,187,5305,5492
417,2017-06-14,166,5294,5460
417,2017-06-15,117,3224,3341
417,2017-06-17,25,1862,1887
417,2017-06-18,15,2391,2406
417,2017-06-19,216,5150,5366
417,2017-06-20,180,5337,5517
417,2017-06-21,159,5153,5312
417,2017-06-22,175,5055,5230
417,2017-06-24,64,3040,3104
417,2017-06-25,27,2445,2472
417,2017-06-26,150,4971,5121
417,2017-06-27,146,5217,5363
417,2017-06-28,210,5106,5316
417,2017-07-01,103,4086,4189
417,2017-07-02,32,3282,3314
417,2017-07-03,133,4313,4446
417,2017-07-04,161,5110,5271
417,2017-07-05,155,5183,5338
417,2017-07-06,230,8162,8392
417,2017-07-08,55,3802,3857
417,2017-07-09,18,3314,3332
417,2017-07-10,192,5164,5356
417,2017-07-11,150,5242,5392
417,2017-07-12,194,4918,5112
417,2017-07-13,148,5086,5234
417,2017-07-15,45,3638,3683
417,2017-07-16,7,1777,1784
417,2017-07-17,161,4838,4999
417,2017-07-18,143,5101,5244
417,2017-07-19,141,5090,5231
417,2017-07-20,152,5102,5254
417,2017-07-21,132,5051,5183
417,2017-07-22,62,3465,3527
417,2017-07-23,43,2414,2457
417,2017-07-24,174,4738,4912
417,2017-07-25,131,4929,5060
417,2017-07-26,145,4747,4892
417,2017-07-27,178,4646,4824
417,2017-07-28,87,4109,4196
417,2017-07-29,33,3032,3065
417,2017-07-30,21,2305,2326
417,2017-07-31,127,3766,3893
417,2017-08-01,102,3774,3876
417,2017-08-02,112,3774,3886
417,2017-08-03,103,3847,3950
417,2017-08-04,130,3876,4006
417,2017-08-05,36,2767,2803
417,2017-08-06,27,2464,2491
417,2017-08-07,159,3564,3723
417,2017-08-08,91,3636,3727
417,2017-08-09,90,3680,3770
417,2017-08-10,130,3642,3772
417,2017-08-11,85,3702,3787
417,2017-08-12,50,2528,2578
417,2017-08-13,14,2147,2161
417,2017-08-14,84,3100,3184
417,2017-08-15,20,1664,1684
417,2017-08-16,81,3567,3648
417,2017-08-18,100,3650,3750
417,2017-08-19,42,2722,2764
417,2017-08-20,15,2178,2193
417,2017-08-21,118,3925,4043
417,2017-08-22,134,4274,4408
417,2017-08-23,116,5294,5410
417,2017-08-25,150,4652,4802
417,2017-08-26,35,2778,2813
417,2017-08-27,14,2103,2117
417,2017-08-28,155,4191,4346
417,2017-08-29,143,4347,4490
417,2017-08-30,137,4372,4509
417,2017-09-01,149,4386,4535
417,2017-09-02,47,3974,4021
417,2017-09-03,15,2327,2342
417,2017-09-04,122,4231,4353
417,2017-09-05,140,4445,4585
417,2017-09-06,125,4364,4489
417,2017-09-08,184,4498,4682
417,2017-09-09,46,2988,3034
417,2017-09-10,8,2335,2343
417,2017-09-11,140,4486,4626
417,2017-09-12,164,5002,5166
417,2017-09-13,168,4956,5124
417,2017-09-15,159,5136,5295
417,2017-09-16,38,3298,3336
417,2017-09-17,23,2577,2600
417,2017-09-18,146,4972,5118
417,2017-09-19,150,5121,5271
417,2017-09-20,153,5036,5189
417,2017-09-22,191,5095,5286
417,2017-09-23,52,3615,3667
417,2017-09-24,28,2769,2797
417,2017-09-25,154,4902,5056
417,2017-09-26,167,5011,5178
417,2017-09-27,165,4977,5142
417,2017-09-28,177,5025,5202
417,2017-09-29,146,5158,5304
417,2017-09-30,58,3574,3632
417,2017-10-01,18,2965,2983
417,2017-10-02,234,4792,5026
417,2017-10-03,232,5050,5282
417,2017-10-04,168,4997,5165
417,2017-10-06,224,5366,5590
417,2017-10-07,78,3906,3984
417,2017-10-08,20,2637,2657
417,2017-10-09,168,4863,5031
417,2017-10-10,160,5195,5355
417,2017-10-11,186,4921,5107
417,2017-10-12,161,5144,5305
417,2017-10-13,136,5073,5209
417,2017-10-14,69,3558,3627
417,2017-10-15,20,3049,3069
417,2017-10-16,167,4991,5158
417,2017-10-17,194,5152,5346
417,2017-10-18,195,5140,5335
417,2017-10-20,232,5562,5794
417,2017-10-21,60,3617,3677
417,2017-10-22,45,2521,2566
417,2017-10-23,144,4524,4668
417,2017-10-24,162,5101,5263
417,2017-10-25,144,4760,4904
417,2017-10-26,156,4965,5121
417,2017-10-27,167,5206,5373
417,2017-10-28,51,3587,3638
417,2017-10-29,22,2392,2414
417,2017-10-30,143,4765,4908
417,2017-10-31,175,4949,5124
417,2017-11-01,17,2329,2346
417,2017-11-03,121,4569,4690
417,2017-11-04,74,3410,3484
417,2017-11-05,21,2246,2267
417,2017-11-06,148,4629,4777
417,2017-11-07,158,4983,5141
417,2017-11-08,176,4956,5132
417,2017-11-09,148,5242,5390
417,2017-11-10,174,5434,5608
417,2017-11-11,71,3632,3703
417,2017-11-12,16,2161,2177
417,2017-11-13,155,4738,4893
417,2017-11-14,142,5088,5230
417,2017-11-15,136,4857,4993
417,2017-11-16,135,4942,5077
417,2017-11-17,165,5214,5379
417,2017-11-18,55,3336,3391
417,2017-11-19,21,2439,2460
417,2017-11-20,214,4818,5032
417,2017-11-21,151,5011,5162
417,2017-11-22,163,4849,5012
417,2017-11-24,186,5354,5540
417,2017-11-25,47,3916,3963
417,2017-11-26,17,2718,2735
417,2017-11-27,180,4864,5044
417,2017-11-28,190,5228,5418
417,2017-11-29,137,4845,4982
417,2017-11-30,131,4991,5122
417,2017-12-01,137,5074,5211
417,2017-12-02,43,3162,3205
417,2017-12-03,12,2070,2082
417,2017-12-04,121,4661,4782
417,2017-12-05,127,5018,5145
417,2017-12-06,128,4805,4933
417,2017-12-08,134,4810,4944
417,2017-12-09,37,3189,3226
417,2017-12-10,12,1554,1566
417,2017-12-11,160,4721,4881
417,2017-12-12,144,4918,5062
417,2017-12-13,204,4596,4800
417,2017-12-14,204,4962,5166
417,2017-12-15,150,4786,4936
417,2017-12-16,49,3078,3127
417,2017-12-17,12,2121,2133
417,2017-12-18,114,3751,3865
417,2017-12-19,119,4122,4241
417,2017-12-20,104,4002,4106
417,2017-12-21,95,3915,4010
417,2017-12-22,85,3711,3796
417,2017-12-23,48,2473,2521
417,2017-12-24,12,1619,1631
417,2017-12-25,6,1801,1807
417,2017-12-26,12,1760,1772
417,2017-12-27,80,3042,3122
417,2017-12-28,77,2909,2986
417,2017-12-29,78,2768,2846
417,2017-12-30,36,2374,2410
417,2017-12-31,10,1650,1660
419,2017-01-01,6,1606,1612
419,2017-01-02,40,3846,3886
419,2017-01-03,56,4624,4680
419,2017-01-04,58,4807,4865
419,2017-01-05,56,4617,4673
419,2017-01-07,43,3061,3104
419,2017-01-08,12,2675,2687
419,2017-01-09,85,5911,5996
419,2017-01-10,88,6076,6164
419,2017-01-11,81,6329,6410
419,2017-01-12,72,6324,6396
419,2017-01-14,40,3909,3949
419,2017-01-15,16,2574,2590
419,2017-01-16,56,6265,6321
419,2017-01-17,66,6614,6680
419,2017-01-18,64,6716,6780
419,2017-01-19,78,6775,6853
419,2017-01-21,43,4389,4432
419,2017-01-22,11,2656,2667
419,2017-01-23,62,6364,6426
419,2017-01-24,56,6428,6484
419,2017-01-25,65,6627,6692
419,2017-01-26,83,6944,7027
419,2017-01-28,26,4286,4312
419,2017-01-29,10,2751,2761
419,2017-01-30,54,6388,6442
419,2017-01-31,66,6941,7007
419,2017-02-01,79,6794,6873
419,2017-02-02,121,6305,6426
419,2017-02-04,36,4418,4454
419,2017-02-05,8,2636,2644
419,2017-02-06,91,6580,6671
419,2017-02-07,51,7262,7313
419,2017-02-08,88,6994,7082
419,2017-02-09,94,7227,7321
419,2017-02-11,38,4646,4684
419,2017-02-12,14,2807,2821
419,2017-02-13,55,6965,7020
419,2017-02-14,86,6936,7022
419,2017-02-15,76,6858,6934
419,2017-02-16,72,6937,7009
419,2017-02-18,45,4118,4163
419,2017-02-19,8,2377,2385
419,2017-02-20,44,5734,5778
419,2017-02-21,64,5750,5814
419,2017-02-22,62,6207,6269
419,2017-02-23,44,5550,5594
419,2017-02-25,58,3977,4035
419,2017-02-26,14,2713,2727
419,2017-02-27,50,6012,6062
419,2017-02-28,109,6906,7015
419,2017-03-01,60,7013,7073
419,2017-03-02,95,7137,7232
419,2017-03-04,53,4931,4984
419,2017-03-05,23,2825,2848
419,2017-03-06,84,7156,7240
419,2017-03-07,49,7718,7767
419,2017-03-08,100,7472,7572
419,2017-03-09,93,7772,7865
419,2017-03-11,26,4988,5014
419,2017-03-12,16,3221,3237
419,2017-03-13,84,6857,6941
419,2017-03-14,102,7150,7252
419,2017-03-15,116,7160,7276
419,2017-03-16,111,7705,7816
419,2017-03-18,41,5052,5093
419,2017-03-19,18,2826,2844
419,2017-03-20,110,7315,7425
419,2017-03-21,105,7479,7584
419,2017-03-22,128,7240,7368
419,2017-03-23,125,7348,7473
419,2017-03-24,127,7355,7482
419,2017-03-27,91,6914,7005
419,2017-03-28,67,7313,7380
419,2017-03-29,143,7512,7655
419,2017-03-30,97,7721,7818
419,2017-03-31,94,7679,7773
419,2017-04-02,18,3988,4006
419,2017-04-03,138,7140,7278
419,2017-04-04,73,7594,7667
419,2017-04-05,140,7446,7586
419,2017-04-06,128,7553,7681
419,2017-04-07,146,7902,8048
419,2017-04-09,28,3280,3308
419,2017-04-10,196,6235,6431
419,2017-04-11,144,6885,7029
419,2017-04-12,55,6654,6709
419,2017-04-13,83,6656,6739
419,2017-04-14,101,6477,6578
419,2017-04-16,15,2436,2451
419,2017-04-17,11,2319,2330
419,2017-04-18,85,6539,6624
419,2017-04-19,104,6663,6767
419,2017-04-20,199,6505,6704
419,2017-04-21,56,6813,6869
419,2017-04-23,18,3385,3403
419,2017-04-24,92,7167,7259
419,2017-04-25,88,7570,7658
419,2017-04-26,125,7493,7618
419,2017-04-27,117,7770,7887
419,2017-04-28,84,7901,7985
419,2017-04-30,12,3460,3472
419,2017-05-01,15,2683,2698
419,2017-05-02,98,7524,7622
419,2017-05-03,62,7518,7580
419,2017-05-04,98,7744,7842
419,2017-05-05,88,7752,7840
419,2017-05-07,8,2976,2984
419,2017-05-08,76,7196,7272
419,2017-05-09,93,8082,8175
419,2017-05-10,101,7865,7966
419,2017-05-11,128,7860,7988
419,2017-05-12,80,7654,7734
419,2017-05-14,14,3412,3426
419,2017-05-15,103,7416,7519
419,2017-05-16,102,8003,8105
419,2017-05-17,144,7846,7990
419,2017-05-18,136,7892,8028
419,2017-05-19,100,7424,7524
419,2017-05-21,23,3800,3823
419,2017-05-22,149,7208,7357
419,2017-05-23,80,7894,7974
419,2017-05-24,140,8005,8145
419,2017-05-25,18,3404,3422
419,2017-05-26,71,6664,6735
419,2017-05-28,14,3237,3251
419,2017-05-29,71,7413,7484
419,2017-05-30,120,7660,7780
419,2017-05-31,97,7533,7630
419,2017-06-01,108,8431,8539
419,2017-06-02,83,7766,7849
419,2017-06-04,16,3408,3424
419,2017-06-05,18,2719,2737
419,2017-06-06,70,6398,6468
419,2017-06-07,107,6604,6711
419,2017-06-08,146,6707,6853
419,2017-06-09,98,6795,6893
419,2017-06-11,15,3821,3836
419,2017-06-12,98,7348,7446
419,2017-06-13,96,7537,7633
419,2017-06-14,97,7594,7691
419,2017-06-15,255,9090,9345
419,2017-06-16,294,9932,10226
419,2017-06-18,38,4104,4142
419,2017-06-19,98,6562,6660
419,2017-06-20,106,7356,7462
419,2017-06-21,133,7302,7435
419,2017-06-22,88,7362,7450
419,2017-06-23,12,2857,2869
419,2017-06-24,31,4591,4622
419,2017-06-26,63,7377,7440
419,2017-06-27,85,7748,7833
419,2017-06-28,64,7524,7588
419,2017-06-29,96,7719,7815
419,2017-06-30,86,7632,7718
419,2017-07-01,53,5522,5575
419,2017-07-03,115,7489,7604
419,2017-07-04,124,7882,8006
419,2017-07-05,92,7558,7650
419,2017-07-06,46,4436,4482
419,2017-07-07,72,4663,4735
419,2017-07-08,71,5069,5140
419,2017-07-10,78,7844,7922
419,2017-07-11,60,7954,8014
419,2017-07-12,46,7720,7766
419,2017-08-10,87,5129,5216
419,2017-08-11,79,4853,4932
419,2017-08-12,31,3358,3389
419,2017-08-13,13,2246,2259
419,2017-08-14,58,4007,4065
419,2017-08-15,2,1684,1686
419,2017-08-16,69,5131,5200
419,2017-08-18,38,4946,4984
419,2017-08-19,42,3446,3488
419,2017-08-20,15,2453,2468
419,2017-08-21,51,5318,5369
419,2017-08-22,47,5748,5795
419,2017-08-23,78,7139,7217
419,2017-08-25,74,6430,6504
419,2017-08-26,54,4013,4067
419,2017-08-27,19,2851,2870
419,2017-08-28,101,6286,6387
419,2017-08-29,74,6677,6751
419,2017-08-30,86,6750,6836
419,2017-09-01,95,6871,6966
419,2017-09-02,82,5792,5874
419,2017-09-03,24,4007,4031
419,2017-09-04,60,6569,6629
419,2017-09-05,85,6486,6571
419,2017-09-06,69,6666,6735
419,2017-09-08,59,6686,6745
419,2017-09-09,90,4867,4957
419,2017-09-10,9,3561,3570
419,2017-09-11,68,6710,6778
419,2017-09-12,170,6958,7128
419,2017-09-13,129,7287,7416
419,2017-09-16,32,4362,4394
419,2017-09-17,12,3150,3162
419,2017-09-18,58,6867,6925
419,2017-09-19,102,7182,7284
419,2017-09-20,81,7294,7375
419,2017-09-21,77,7444,7521
419,2017-09-23,46,5013,5059
419,2017-09-24,27,3513,3540
419,2017-09-25,114,6991,7105
419,2017-09-26,75,7436,7511
419,2017-09-27,222,7322,7544
419,2017-09-28,162,7771,7933
419,2017-09-29,100,7649,7749
419,2017-09-30,30,5202,5232
419,2017-10-01,23,4022,4045
419,2017-10-02,156,6984,7140
419,2017-10-03,148,7614,7762
419,2017-10-04,74,7202,7276
419,2017-10-05,85,7386,7471
419,2017-10-07,81,6584,6665
419,2017-10-08,13,2992,3005
419,2017-10-09,102,7033,7135
419,2017-10-10,71,7711,7782
419,2017-10-11,72,7367,7439
419,2017-10-12,81,7485,7566
419,2017-10-13,95,7244,7339
419,2017-10-14,40,4875,4915
419,2017-10-15,31,3826,3857
419,2017-10-16,80,7247,7327
419,2017-10-17,81,7373,7454
419,2017-10-18,78,7224,7302
419,2017-10-19,85,7368,7453
419,2017-10-21,54,5107,5161
419,2017-10-22,25,3713,3738
419,2017-10-23,103,6470,6573
419,2017-10-24,75,7521,7596
419,2017-10-25,88,7421,7509
419,2017-10-26,98,7239,7337
419,2017-10-27,109,7222,7331
419,2017-10-28,30,4693,4723
419,2017-10-29,17,2771,2788
419,2017-10-30,79,6086,6165
419,2017-10-31,83,6495,6578
419,2017-11-01,15,3074,3089
419,2017-11-02,78,6281,6359
419,2017-11-04,59,4677,4736
419,2017-11-05,11,2575,2586
419,2017-11-06,96,7001,7097
419,2017-11-07,134,7400,7534
419,2017-11-08,83,7409,7492
419,2017-11-09,112,7592,7704
419,2017-11-10,69,7333,7402
419,2017-11-11,29,4959,4988
419,2017-11-12,27,2467,2494
419,2017-11-13,91,7041,7132
419,2017-11-14,84,7480,7564
419,2017-11-15,73,7380,7453
419,2017-11-16,120,7233,7353
419,2017-11-17,76,7700,7776
419,2017-11-18,53,4944,4997
419,2017-11-19,11,2821,2832
419,2017-11-20,66,6756,6822
419,2017-11-21,73,7184,7257
419,2017-11-22,164,7219,7383
419,2017-11-23,70,7190,7260
419,2017-11-25,35,4959,4994
419,2017-11-26,24,2826,2850
419,2017-11-27,99,6946,7045
419,2017-11-28,108,7467,7575
419,2017-11-29,111,7068,7179
419,2017-11-30,117,7341,7458
419,2017-12-01,106,7087,7193
419,2017-12-02,38,4344,4382
419,2017-12-03,13,2933,2946
419,2017-12-04,88,6739,6827
419,2017-12-05,90,7191,7281
419,2017-12-06,119,7051,7170
419,2017-12-07,115,7444,7559
419,2017-12-08,83,6887,6970
419,2017-12-10,18,1866,1884
419,2017-12-11,124,6986,7110
419,2017-12-12,100,7403,7503
419,2017-12-13,87,6948,7035
419,2017-12-14,149,7201,7350
419,2017-12-15,77,6943,7020
419,2017-12-24,9,2280,2289
419,2017-12-25,12,2050,2062
419,2017-12-26,20,1760,1780
419,2017-12-27,54,4552,4606
419,2017-12-28,51,4589,4640
419,2017-12-29,54,3778,3832
419,2017-12-30,67,3654,3721
419,2017-12-31,30,2168,2198
420,2017-01-01,25,2909,2934
420,2017-01-02,102,10718,10820
420,2017-01-03,155,12654,12809
420,2017-01-04,134,12800,12934
420,2017-01-05,161,12716,12877
420,2017-01-06,182,13956,14138
420,2017-01-07,80,10387,10467
420,2017-01-08,31,6740,6771
420,2017-01-09,273,15136,15409
420,2017-01-10,283,15701,15984
420,2017-01-11,257,15549,15806
420,2017-01-12,298,16352,16650
420,2017-01-13,321,15845,16166
420,2017-01-14,62,12245,12307
420,2017-01-15,37,5468,5505
420,2017-01-20,300,17176,17476
420,2017-01-21,71,12951,13022
420,2017-01-22,20,5386,5406
420,2017-01-23,326,15780,16106
420,2017-01-24,301,16085,16386
420,2017-01-27,302,16972,17274
420,2017-01-28,88,12920,13008
420,2017-01-29,24,6172,6196
420,2017-01-30,360,16684,17044
420,2017-01-31,283,16826,17109
420,2017-02-01,331,16300,16631
420,2017-02-02,361,16407,16768
420,2017-02-03,371,17332,17703
420,2017-02-04,96,13506,13602
420,2017-02-05,32,6178,6210
420,2017-02-06,325,16023,16348
420,2017-02-07,333,16613,16946
420,2017-02-08,344,16005,16349
420,2017-02-09,393,16434,16827
420,2017-02-10,337,17302,17639
420,2017-02-11,97,13268,13365
420,2017-02-12,14,5661,5675
420,2017-02-13,308,16425,16733
420,2017-02-14,378,17105,17483
420,2017-02-15,333,16305,16638
420,2017-02-16,359,16594,16953
420,2017-02-17,325,17081,17406
420,2017-02-18,100,10651,10751
420,2017-02-19,14,4629,4643
420,2017-02-20,274,13233,13507
420,2017-02-21,266,13762,14028
420,2017-02-22,276,13606,13882
420,2017-02-23,284,13727,14011
420,2017-02-24,246,14947,15193
420,2017-02-25,112,10966,11078
420,2017-02-26,16,5541,5557
420,2017-02-27,337,15698,16035
420,2017-02-28,356,16716,17072
420,2017-03-01,333,16314,16647
420,2017-03-02,330,16605,16935
420,2017-03-03,353,18044,18397
420,2017-03-04,120,14525,14645
420,2017-03-05,28,5695,5723
420,2017-03-06,356,16086,16442
420,2017-03-07,400,17289,17689
420,2017-03-08,343,16521,16864
420,2017-03-09,344,17126,17470
420,2017-03-10,355,17705,18060
420,2017-03-11,79,12782,12861
420,2017-03-12,17,6114,6131
420,2017-03-13,361,16210,16571
420,2017-03-14,361,17113,17474
420,2017-03-15,386,16924,17310
420,2017-03-16,406,17174,17580
420,2017-03-17,440,17436,17876
420,2017-03-18,111,13246,13357
420,2017-03-19,25,5914,5939
420,2017-03-20,549,18513,19062
420,2017-03-21,601,19743,20344
420,2017-03-22,342,16426,16768
420,2017-03-23,394,16948,17342
420,2017-03-24,370,17698,18068
420,2017-03-25,142,13521,13663
420,2017-03-27,366,16535,16901
420,2017-03-28,373,17100,17473
420,2017-03-29,348,16811,17159
420,2017-03-30,400,17787,18187
420,2017-03-31,363,18283,18646
420,2017-04-01,128,14049,14177
420,2017-04-02,34,7936,7970
420,2017-04-03,366,16983,17349
420,2017-04-04,402,17701,18103
420,2017-04-05,381,17483,17864
420,2017-04-06,386,17870,18256
420,2017-04-07,395,18056,18451
420,2017-04-08,142,12445,12587
420,2017-04-09,24,5322,5346
420,2017-04-10,321,15163,15484
420,2017-04-11,370,15551,15921
420,2017-04-12,332,15297,15629
420,2017-04-13,305,15058,15363
420,2017-04-14,305,15407,15712
420,2017-04-15,103,10360,10463
420,2017-04-16,15,4033,4048
420,2017-04-17,26,4087,4113
420,2017-04-18,300,14197,14497
420,2017-04-19,310,14279,14589
420,2017-04-20,329,14669,14998
420,2017-04-21,325,15185,15510
420,2017-04-22,198,11758,11956
420,2017-04-23,25,5491,5516
420,2017-04-24,419,16429,16848
420,2017-04-25,401,17465,17866
420,2017-04-26,398,16999,17397
420,2017-04-27,398,17867,18265
420,2017-04-28,406,18714,19120
420,2017-04-29,121,13222,13343
420,2017-04-30,32,5592,5624
420,2017-05-01,34,4671,4705
420,2017-05-02,407,17870,18277
420,2017-05-03,380,17220,17600
420,2017-05-04,378,18036,18414
420,2017-05-05,372,18112,18484
420,2017-05-06,111,13244,13355
420,2017-05-07,27,6252,6279
420,2017-05-08,345,17086,17431
420,2017-05-09,395,16936,17331
420,2017-05-10,366,16835,17201
420,2017-05-11,408,17118,17526
420,2017-05-12,340,18386,18726
420,2017-05-13,162,14632,14794
420,2017-05-14,39,6055,6094
420,2017-05-15,407,16658,17065
420,2017-05-16,427,17275,17702
420,2017-05-17,430,16895,17325
420,2017-05-18,463,17839,18302
420,2017-05-19,391,17668,18059
420,2017-05-20,151,12944,13095
420,2017-05-21,36,6120,6156
420,2017-05-22,365,16079,16444
420,2017-05-23,347,16927,17274
420,2017-05-24,367,17830,18197
420,2017-05-25,21,5174,5195
420,2017-05-26,265,16117,16382
420,2017-05-27,103,12296,12399
420,2017-05-28,29,6411,6440
420,2017-05-29,408,17107,17515
420,2017-05-30,402,17499,17901
420,2017-05-31,353,16689,17042
420,2017-06-01,414,17371,17785
420,2017-06-02,445,17103,17548
420,2017-06-03,152,12189,12341
420,2017-06-04,22,5315,5337
420,2017-06-05,25,4887,4912
420,2017-06-06,362,15381,15743
420,2017-06-07,432,15312,15744
420,2017-06-08,369,15635,16004
420,2017-06-09,380,16553,16933
420,2017-06-10,152,12194,12346
420,2017-06-11,38,5921,5959
420,2017-06-12,417,16444,16861
420,2017-06-13,382,16886,17268
420,2017-06-14,394,16748,17142
420,2017-06-15,406,17667,18073
420,2017-06-16,432,17724,18156
420,2017-06-17,137,12437,12574
420,2017-06-18,45,5884,5929
420,2017-06-19,351,16283,16634
420,2017-06-20,420,17871,18291
420,2017-06-21,331,16986,17317
420,2017-06-22,377,17811,18188
420,2017-06-23,38,4830,4868
420,2017-06-24,105,12315,12420
420,2017-06-25,28,7529,7557
420,2017-06-26,391,16535,16926
420,2017-06-27,436,17211,17647
420,2017-06-28,458,17290,17748
420,2017-06-29,370,17391,17761
420,2017-06-30,421,17783,18204
420,2017-07-01,127,13063,13190
420,2017-07-02,44,5855,5899
420,2017-07-03,398,15361,15759
420,2017-07-04,460,17232,17692
420,2017-07-05,354,16717,17071
420,2017-07-06,372,16672,17044
420,2017-07-07,395,17971,18366
420,2017-07-08,141,12412,12553
420,2017-07-09,82,5746,5828
420,2017-07-10,326,16202,16528
420,2017-07-11,394,16692,17086
420,2017-07-12,320,16373,16693
420,2017-07-13,360,16731,17091
420,2017-07-14,337,17163,17500
420,2017-07-15,182,11531,11713
420,2017-07-16,46,5388,5434
420,2017-07-17,325,15120,15445
420,2017-07-18,358,16154,16512
420,2017-07-19,380,15947,16327
420,2017-07-20,348,15779,16127
420,2017-07-21,341,16504,16845
420,2017-07-22,154,10820,10974
420,2017-07-23,63,4993,5056
420,2017-07-24,301,14637,14938
420,2017-07-25,286,14690,14976
420,2017-07-26,570,14745,15315
420,2017-07-27,368,14380,14748
420,2017-07-28,238,13934,14172
420,2017-07-29,103,9303,9406
420,2017-07-30,50,4353,4403
420,2017-07-31,226,12651,12877
420,2017-08-01,230,12959,13189
420,2017-08-02,197,12516,12713
420,2017-08-03,222,12785,13007
420,2017-08-04,254,13314,13568
420,2017-08-05,105,9458,9563
420,2017-08-06,35,4573,4608
420,2017-08-07,251,12329,12580
420,2017-08-08,239,12206,12445
420,2017-08-09,218,11944,12162
420,2017-08-10,265,12529,12794
420,2017-08-11,261,12675,12936
420,2017-08-12,111,8647,8758
420,2017-08-13,23,3666,3689
420,2017-08-14,193,10475,10668
420,2017-08-15,29,3601,3630
420,2017-08-16,226,12298,12524
420,2017-08-17,234,12099,12333
420,2017-08-18,188,12172,12360
420,2017-08-19,87,8775,8862
420,2017-08-20,25,4281,4306
420,2017-08-21,328,10924,11252
420,2017-08-22,194,11048,11242
420,2017-08-23,245,10909,11154
420,2017-08-24,199,11763,11962
420,2017-08-25,278,12924,13202
420,2017-08-26,105,9231,9336
420,2017-08-27,33,4508,4541
420,2017-08-28,267,13266,13533
420,2017-08-29,322,13860,14182
420,2017-08-30,291,13556,13847
420,2017-08-31,263,14797,15060
420,2017-09-01,272,14698,14970
420,2017-09-02,100,10510,10610
420,2017-09-03,27,7500,7527
420,2017-09-06,338,14429,14767
420,2017-09-07,374,14883,15257
420,2017-09-08,341,15711,16052
420,2017-09-09,116,11832,11948
420,2017-09-10,29,5489,5518
420,2017-09-11,335,15419,15754
420,2017-09-12,355,16162,16517
420,2017-09-13,323,15970,16293
420,2017-09-14,353,16572,16925
420,2017-09-15,330,17313,17643
420,2017-09-16,150,12561,12711
420,2017-09-17,31,6009,6040
420,2017-09-18,342,16011,16353
420,2017-09-19,384,16189,16573
420,2017-09-20,349,15941,16290
420,2017-09-21,393,16628,17021
420,2017-09-22,357,16908,17265
420,2017-09-23,102,12829,12931
420,2017-09-24,30,5592,5622
420,2017-09-25,355,15834,16189
420,2017-09-26,376,16176,16552
420,2017-09-27,320,16495,16815
420,2017-09-28,364,16620,16984
420,2017-09-29,376,17217,17593
420,2017-09-30,151,14969,15120
420,2017-10-01,42,6073,6115
420,2017-10-02,313,16305,16618
420,2017-10-03,353,16564,16917
420,2017-10-04,340,16167,16507
420,2017-10-05,376,16929,17305
420,2017-10-06,353,17394,17747
420,2017-10-07,136,13101,13237
420,2017-10-08,27,5800,5827
420,2017-10-09,372,15706,16078
420,2017-10-10,424,16530,16954
420,2017-10-11,352,15871,16223
420,2017-10-12,429,16750,17179
420,2017-10-13,380,17109,17489
420,2017-10-14,213,13886,14099
420,2017-10-15,58,6016,6074
420,2017-10-16,348,15883,16231
420,2017-10-17,386,16555,16941
420,2017-10-18,354,15946,16300
420,2017-10-19,393,16844,17237
420,2017-10-20,389,18066,18455
420,2017-10-21,130,13948,14078
420,2017-10-22,35,8098,8133
420,2017-10-23,324,16190,16514
420,2017-10-24,390,16856,17246
420,2017-10-25,340,16101,16441
420,2017-10-26,353,16604,16957
420,2017-10-27,355,17172,17527
420,2017-10-28,90,12517,12607
420,2017-10-29,19,5429,5448
420,2017-10-30,322,15539,15861
420,2017-11-01,27,5276,5303
420,2017-11-02,303,14546,14849
420,2017-11-03,295,15132,15427
420,2017-11-04,106,11306,11412
420,2017-11-05,23,5269,5292
420,2017-11-06,356,16135,16491
420,2017-11-07,415,16742,17157
420,2017-11-08,347,16284,16631
420,2017-11-09,394,16863,17257
420,2017-11-10,347,17640,17987
420,2017-11-11,96,15127,15223
420,2017-11-12,20,5834,5854
420,2017-11-13,359,16173,16532
420,2017-11-14,424,17214,17638
420,2017-11-15,384,16134,16518
420,2017-11-16,376,16636,17012
420,2017-11-17,354,17214,17568
420,2017-11-18,122,13305,13427
420,2017-11-19,46,5855,5901
420,2017-11-20,361,15869,16230
420,2017-11-21,412,16647,17059
420,2017-11-22,351,16210,16561
420,2017-11-23,389,16498,16887
420,2017-11-24,366,18880,19246
420,2017-11-25,125,14192,14317
420,2017-11-26,48,5917,5965
420,2017-11-27,324,16071,16395
420,2017-11-28,326,16427,16753
420,2017-11-29,370,16104,16474
420,2017-11-30,379,16674,17053
420,2017-12-01,360,17019,17379
420,2017-12-02,145,13034,13179
420,2017-12-03,52,7676,7728
420,2017-12-04,319,16184,16503
420,2017-12-05,357,17138,17495
420,2017-12-06,347,16373,16720
420,2017-12-07,452,17013,17465
420,2017-12-08,409,16850,17259
420,2017-12-09,215,13386,13601
420,2017-12-10,63,5598,5661
420,2017-12-11,336,16289,16625
420,2017-12-12,351,16970,17321
420,2017-12-13,380,15374,15754
420,2017-12-15,333,17223,17556
420,2017-12-16,98,12562,12660
420,2017-12-17,44,7695,7739
420,2017-12-22,193,16188,16381
420,2017-12-23,104,11539,11643
420,2017-12-24,40,6587,6627
420,2017-12-25,18,3072,3090
420,2017-12-26,15,3836,3851
420,2017-12-27,149,12354,12503
420,2017-12-28,174,11907,12081
420,2017-12-29,198,11897,12095
420,2017-12-30,73,10777,10850
420,2017-12-31,36,6516,6552
421,2017-01-01,4,807,811
421,2017-01-02,12,2508,2520
421,2017-01-04,15,2989,3004
421,2017-01-05,28,2699,2727
421,2017-01-06,28,3129,3157
421,2017-01-07,8,2089,2097
421,2017-01-08,3,1686,1689
421,2017-01-09,40,3633,3673
421,2017-01-10,44,3727,3771
421,2017-01-11,30,3821,3851
421,2017-01-12,32,4084,4116
421,2017-01-13,34,3650,3684
421,2017-01-14,13,2614,2627
421,2017-01-15,3,1187,1190
421,2017-01-17,55,4056,4111
421,2017-01-18,42,4095,4137
421,2017-01-19,50,4127,4177
421,2017-01-20,50,4419,4469
421,2017-01-21,14,2963,2977
421,2017-01-22,7,1291,1298
421,2017-01-24,38,3956,3994
421,2017-01-25,42,4132,4174
421,2017-01-26,38,4495,4533
421,2017-01-27,55,4329,4384
421,2017-01-28,15,2698,2713
421,2017-01-29,7,1343,1350
421,2017-01-31,51,4245,4296
421,2017-02-01,46,4056,4102
421,2017-02-02,39,4019,4058
421,2017-02-03,39,4250,4289
421,2017-02-04,12,2988,3000
421,2017-02-05,4,1238,1242
421,2017-02-07,38,4417,4455
421,2017-02-08,43,4329,4372
421,2017-02-09,62,4272,4334
421,2017-02-10,48,4415,4463
421,2017-02-11,11,3207,3218
421,2017-02-12,9,1271,1280
421,2017-02-14,58,4388,4446
421,2017-02-15,57,4238,4295
421,2017-02-16,72,4344,4416
421,2017-02-17,55,4393,4448
421,2017-02-18,14,2603,2617
421,2017-02-19,11,1084,1095
421,2017-02-21,29,3357,3386
421,2017-02-22,36,3426,3462
421,2017-02-23,28,3220,3248
421,2017-02-24,23,3514,3537
421,2017-02-25,11,2495,2506
421,2017-02-26,5,1204,1209
421,2017-02-28,32,4266,4298
421,2017-03-01,43,4163,4206
421,2017-03-02,55,4382,4437
421,2017-03-03,53,4782,4835
421,2017-03-04,19,3462,3481
421,2017-03-05,8,1532,1540
421,2017-03-07,42,4676,4718
421,2017-03-08,53,4421,4474
421,2017-03-09,60,4557,4617
421,2017-03-10,49,4752,4801
421,2017-03-11,18,3212,3230
421,2017-03-12,6,1644,1650
421,2017-03-14,67,4421,4488
421,2017-03-15,63,4409,4472
421,2017-03-16,64,4492,4556
421,2017-03-17,55,4549,4604
421,2017-03-18,12,3455,3467
421,2017-03-19,16,1385,1401
421,2017-03-21,50,4630,4680
421,2017-03-22,80,4309,4389
421,2017-03-23,58,4456,4514
421,2017-03-24,64,4598,4662
421,2017-03-25,29,3153,3182
421,2017-03-28,72,4430,4502
421,2017-03-29,68,4547,4615
421,2017-03-30,64,4838,4902
421,2017-03-31,62,4839,4901
421,2017-04-01,26,3649,3675
421,2017-04-02,12,2505,2517
421,2017-04-04,54,4739,4793
421,2017-04-05,67,4591,4658
421,2017-04-06,73,4605,4678
421,2017-04-07,58,4756,4814
421,2017-04-08,17,3050,3067
421,2017-04-09,5,1684,1689
421,2017-04-11,123,5230,5353
421,2017-04-12,60,4183,4243
421,2017-04-13,110,4891,5001
421,2017-04-14,49,4201,4250
421,2017-04-15,21,2602,2623
421,2017-04-16,11,1190,1201
421,2017-04-18,37,3668,3705
421,2017-04-19,56,3712,3768
421,2017-04-20,62,3844,3906
421,2017-04-21,42,4085,4127
421,2017-04-22,19,3073,3092
421,2017-04-23,5,1539,1544
421,2017-04-25,89,4552,4641
421,2017-04-26,71,4628,4699
421,2017-04-27,78,4822,4900
421,2017-04-28,73,5099,5172
421,2017-04-29,14,3451,3465
421,2017-04-30,7,1735,1742
421,2017-05-02,68,4576,4644
421,2017-05-03,66,4660,4726
421,2017-05-04,58,4732,4790
421,2017-05-05,63,4919,4982
421,2017-05-06,18,3105,3123
421,2017-05-07,6,1396,1402
421,2017-05-09,64,4701,4765
421,2017-05-10,66,4586,4652
421,2017-05-11,69,4753,4822
421,2017-05-12,54,4826,4880
421,2017-05-13,14,3764,3778
421,2017-05-14,8,1772,1780
421,2017-05-16,58,4795,4853
421,2017-05-17,73,4745,4818
421,2017-05-18,60,4978,5038
421,2017-05-19,58,4880,4938
421,2017-05-20,21,3353,3374
421,2017-05-21,18,1975,1993
421,2017-05-23,66,4634,4700
421,2017-05-24,63,4882,4945
421,2017-05-25,18,1940,1958
421,2017-05-26,46,4313,4359
421,2017-05-27,22,3195,3217
421,2017-05-28,9,1699,1708
421,2017-05-30,63,4796,4859
421,2017-05-31,56,4755,4811
421,2017-06-01,88,5094,5182
421,2017-06-02,90,5366,5456
421,2017-06-03,23,3255,3278
421,2017-06-04,4,1452,1456
421,2017-06-06,36,3966,4002
421,2017-06-07,59,4129,4188
421,2017-06-08,39,4187,4226
421,2017-06-09,65,4354,4419
421,2017-06-10,17,3062,3079
421,2017-06-11,6,2138,2144
421,2017-06-13,70,4648,4718
421,2017-06-14,69,4826,4895
421,2017-06-15,118,5322,5440
421,2017-06-16,111,5695,5806
421,2017-06-17,36,4153,4189
421,2017-06-18,15,2134,2149
421,2017-06-20,35,3119,3154
421,2017-06-21,36,3229,3265
421,2017-06-22,58,4896,4954
421,2017-06-23,10,1517,1527
421,2017-06-24,26,3262,3288
421,2017-06-25,8,2464,2472
421,2017-06-27,76,4577,4653
421,2017-06-28,50,4652,4702
421,2017-06-29,65,4609,4674
421,2017-06-30,60,4902,4962
421,2017-07-01,26,3459,3485
421,2017-07-02,15,1869,1884
421,2017-07-04,63,4780,4843
421,2017-07-05,69,4888,4957
421,2017-07-06,74,3922,3996
421,2017-07-07,60,4430,4490
421,2017-07-08,39,3398,3437
421,2017-07-09,4,1674,1678
421,2017-07-11,62,4532,4594
421,2017-07-12,42,4642,4684
421,2017-07-13,60,4483,4543
421,2017-07-14,62,4526,4588
421,2017-07-15,22,3073,3095
421,2017-07-16,41,4333,4374
421,2017-07-18,51,4182,4233
421,2017-07-19,52,4066,4118
421,2017-07-20,62,4178,4240
421,2017-07-21,63,4385,4448
421,2017-07-22,37,2985,3022
421,2017-07-23,6,1368,1374
421,2017-07-24,46,3734,3780
421,2017-07-25,50,3801,3851
421,2017-07-26,46,3955,4001
421,2017-07-27,58,3844,3902
421,2017-07-28,40,3726,3766
421,2017-07-29,25,2722,2747
421,2017-07-30,14,1389,1403
421,2017-07-31,42,3186,3228
421,2017-08-01,26,3072,3098
421,2017-08-02,25,3241,3266
421,2017-08-03,40,3231,3271
421,2017-08-04,28,3314,3342
421,2017-08-05,8,2441,2449
421,2017-08-06,10,1533,1543
421,2017-08-07,27,2944,2971
421,2017-08-08,51,3189,3240
421,2017-08-09,29,3017,3046
421,2017-08-10,28,2982,3010
421,2017-08-11,26,3075,3101
421,2017-08-12,13,2258,2271
421,2017-08-13,13,1199,1212
421,2017-08-14,23,2530,2553
421,2017-08-15,18,941,959
421,2017-08-16,55,3828,3883
421,2017-08-18,22,3140,3162
421,2017-08-19,18,2359,2377
421,2017-08-20,10,1269,1279
421,2017-08-21,36,2958,2994
421,2017-08-22,33,3170,3203
421,2017-08-23,35,3097,3132
421,2017-08-25,40,3134,3174
421,2017-08-26,12,2402,2414
421,2017-08-27,13,1297,1310
421,2017-08-28,40,3422,3462
421,2017-08-29,37,3523,3560
421,2017-08-30,59,3567,3626
421,2017-09-01,48,4074,4122
421,2017-09-02,30,3000,3030
421,2017-09-03,4,2396,2400
421,2017-09-04,41,3757,3798
421,2017-09-05,51,3754,3805
421,2017-09-06,39,3741,3780
421,2017-09-08,52,3966,4018
421,2017-09-09,10,2782,2792
421,2017-09-10,6,1449,1455
421,2017-09-11,38,4068,4106
421,2017-09-12,74,4227,4301
421,2017-09-13,24,4336,4360
421,2017-09-15,73,4667,4740
421,2017-09-16,20,3038,3058
421,2017-09-17,7,1646,1653
421,2017-09-18,50,4330,4380
421,2017-09-19,68,4536,4604
421,2017-09-20,60,4565,4625
421,2017-09-22,61,4937,4998
421,2017-09-23,52,3238,3290
421,2017-09-24,12,1937,1949
421,2017-09-25,47,4364,4411
421,2017-09-26,52,4600,4652
421,2017-09-27,61,4655,4716
421,2017-09-28,56,4704,4760
421,2017-09-29,61,4887,4948
421,2017-09-30,14,3698,3712
421,2017-10-01,9,1907,1916
421,2017-10-02,34,4465,4499
421,2017-10-03,54,4742,4796
421,2017-10-04,64,4572,4636
421,2017-10-20,82,5401,5483
421,2017-10-21,29,3584,3613
421,2017-10-22,14,2380,2394
421,2017-10-23,48,4161,4209
421,2017-10-24,52,4714,4766
421,2017-10-25,49,4540,4589
421,2017-10-26,70,4586,4656
421,2017-10-27,61,4680,4741
421,2017-10-28,24,3102,3126
421,2017-10-29,15,1335,1350
421,2017-10-30,48,3721,3769
421,2017-10-31,32,3839,3871
421,2017-11-01,8,1468,1476
421,2017-11-03,55,4136,4191
421,2017-11-04,28,2905,2933
421,2017-11-05,10,1201,1211
421,2017-11-06,68,4283,4351
421,2017-11-07,77,4679,4756
421,2017-11-08,40,4668,4708
421,2017-11-09,56,4767,4823
421,2017-11-10,55,4815,4870
421,2017-11-11,19,3627,3646
421,2017-11-12,23,1247,1270
421,2017-11-13,64,4394,4458
421,2017-11-14,78,4701,4779
421,2017-11-15,64,4599,4663
421,2017-11-16,57,4671,4728
421,2017-11-17,67,4977,5044
421,2017-11-18,14,3258,3272
421,2017-11-19,9,1425,1434
421,2017-11-20,58,4390,4448
421,2017-11-21,54,4503,4557
421,2017-11-22,58,4519,4577
421,2017-11-24,38,5264,5302
421,2017-11-25,10,3328,3338
421,2017-11-26,8,1480,1488
421,2017-11-27,42,4362,4404
421,2017-11-28,51,4712,4763
421,2017-11-29,43,4518,4561
421,2017-11-30,61,4737,4798
421,2017-12-01,43,4673,4716
421,2017-12-02,12,2896,2908
421,2017-12-03,15,2010,2025
421,2017-12-04,42,4257,4299
421,2017-12-05,53,4700,4753
421,2017-12-06,47,4552,4599
421,2017-12-08,50,4547,4597
421,2017-12-09,15,3014,3029
421,2017-12-10,22,1154,1176
421,2017-12-11,46,4682,4728
421,2017-12-12,55,4721,4776
421,2017-12-13,52,4408,4460
421,2017-12-14,34,4742,4776
421,2017-12-15,34,4626,4660
421,2017-12-16,10,3118,3128
421,2017-12-17,8,2213,2221
421,2017-12-18,37,3918,3955
421,2017-12-19,32,4279,4311
421,2017-12-20,28,4161,4189
421,2017-12-21,26,4225,4251
421,2017-12-22,24,4253,4277
421,2017-12-23,14,2828,2842
421,2017-12-24,8,1718,1726
421,2017-12-25,6,1053,1059
421,2017-12-26,36,909,945
421,2017-12-27,33,3159,3192
421,2017-12-28,17,3000,3017
421,2017-12-29,40,2600,2640
421,2017-12-30,12,2616,2628
421,2017-12-31,5,1612,1617
422,2017-01-01,3,1557,1560
422,2017-01-02,27,2725,2752
422,2017-01-03,41,3407,3448
422,2017-01-04,25,3582,3607
422,2017-01-06,56,3811,3867
422,2017-01-07,27,2245,2272
422,2017-01-08,10,1804,1814
422,2017-01-09,66,4526,4592
422,2017-01-10,48,4712,4760
422,2017-01-11,36,4558,4594
422,2017-01-12,63,4906,4969
422,2017-01-14,22,2893,2915
422,2017-01-15,16,2239,2255
422,2017-01-16,88,4707,4795
422,2017-01-17,96,4990,5086
422,2017-01-18,109,5020,5129
422,2017-01-19,108,5090,5198
422,2017-01-21,34,3001,3035
422,2017-01-22,31,2052,2083
422,2017-01-23,112,4789,4901
422,2017-01-24,92,4941,5033
422,2017-01-25,114,4886,5000
422,2017-01-26,120,5055,5175
422,2017-01-28,20,3030,3050
422,2017-01-29,11,1999,2010
422,2017-01-30,60,5297,5357
422,2017-01-31,103,5151,5254
422,2017-02-01,84,5092,5176
422,2017-02-02,83,5297,5380
422,2017-02-04,24,3318,3342
422,2017-02-05,13,2191,2204
422,2017-02-06,97,4987,5084
422,2017-02-07,86,5950,6036
422,2017-02-08,117,5165,5282
422,2017-02-09,152,5600,5752
422,2017-02-11,22,3154,3176
422,2017-02-12,6,2189,2195
422,2017-02-13,105,5108,5213
422,2017-02-14,129,5606,5735
422,2017-02-15,130,5373,5503
422,2017-02-16,104,5424,5528
422,2017-02-18,18,2986,3004
422,2017-02-19,15,2128,2143
422,2017-02-20,80,4416,4496
422,2017-02-21,82,4533,4615
422,2017-02-22,77,5096,5173
422,2017-02-23,90,4407,4497
422,2017-02-25,30,2941,2971
422,2017-02-26,17,2194,2211
422,2017-02-27,106,4863,4969
422,2017-02-28,90,5425,5515
422,2017-03-01,62,5335,5397
422,2017-03-02,120,5498,5618
422,2017-03-04,41,3804,3845
422,2017-03-05,9,2354,2363
422,2017-03-06,119,5253,5372
422,2017-03-07,106,5645,5751
422,2017-03-08,56,5490,5546
422,2017-03-09,86,5949,6035
422,2017-03-11,46,3674,3720
422,2017-03-12,17,2637,2654
422,2017-03-13,184,5357,5541
422,2017-03-14,147,5520,5667
422,2017-03-15,176,5441,5617
422,2017-03-16,193,5676,5869
422,2017-03-18,22,3441,3463
422,2017-03-19,27,2230,2257
422,2017-03-20,134,5154,5288
422,2017-03-21,95,5515,5610
422,2017-03-22,164,5346,5510
422,2017-03-23,131,5417,5548
422,2017-03-25,46,4188,4234
422,2017-03-27,121,5452,5573
422,2017-03-28,121,5761,5882
422,2017-03-29,161,5802,5963
422,2017-03-30,144,5846,5990
422,2017-04-01,16,3594,3610
422,2017-04-02,20,2805,2825
422,2017-04-03,146,5672,5818
422,2017-04-04,117,5949,6066
422,2017-04-05,136,5795,5931
422,2017-04-06,151,5952,6103
422,2017-04-08,29,3484,3513
422,2017-04-09,19,2738,2757
422,2017-04-10,123,5115,5238
422,2017-04-11,172,6363,6535
422,2017-04-12,116,5191,5307
422,2017-04-13,145,4923,5068
422,2017-04-15,43,2814,2857
422,2017-04-16,14,2151,2165
422,2017-04-17,11,1844,1855
422,2017-04-18,166,5309,5475
422,2017-04-19,156,5186,5342
422,2017-04-20,121,5090,5211
422,2017-04-22,66,4165,4231
422,2017-04-23,45,3176,3221
422,2017-04-24,123,5681,5804
422,2017-04-25,169,5967,6136
422,2017-04-26,159,5625,5784
422,2017-04-27,152,6164,6316
422,2017-04-29,36,3998,4034
422,2017-04-30,36,2949,2985
422,2017-05-01,20,2266,2286
422,2017-05-02,142,5871,6013
422,2017-05-03,126,5550,5676
422,2017-05-04,147,5930,6077
422,2017-05-06,48,3612,3660
422,2017-05-07,16,2609,2625
422,2017-05-08,132,5542,5674
422,2017-05-09,131,5897,6028
422,2017-05-10,120,6156,6276
422,2017-05-11,151,5906,6057
422,2017-05-13,59,4305,4364
422,2017-05-14,38,3088,3126
422,2017-05-15,193,5791,5984
422,2017-05-16,164,6095,6259
422,2017-05-17,143,5907,6050
422,2017-05-18,178,5899,6077
422,2017-05-20,79,6080,6159
422,2017-05-21,33,3507,3540
422,2017-05-22,120,5331,5451
422,2017-05-23,139,6241,6380
422,2017-05-24,147,6504,6651
422,2017-05-25,23,2699,2722
422,2017-05-27,34,3929,3963
422,2017-05-28,16,2939,2955
422,2017-05-29,87,5709,5796
422,2017-05-30,137,6054,6191
422,2017-05-31,118,6047,6165
422,2017-06-01,137,6215,6352
422,2017-06-03,22,3332,3354
422,2017-06-04,11,2445,2456
422,2017-06-05,42,2683,2725
422,2017-06-06,84,5229,5313
422,2017-06-07,154,5611,5765
422,2017-06-08,107,5411,5518
422,2017-06-10,47,3717,3764
422,2017-06-11,20,3088,3108
422,2017-06-12,116,5823,5939
422,2017-06-13,132,6151,6283
422,2017-06-14,111,6147,6258
422,2017-06-15,139,6329,6468
422,2017-06-17,244,8786,9030
422,2017-06-18,95,5609,5704
422,2017-06-19,121,5987,6108
422,2017-06-20,119,6695,6814
422,2017-06-21,119,6208,6327
422,2017-06-22,109,6435,6544
422,2017-06-24,48,3237,3285
422,2017-06-25,14,2506,2520
422,2017-06-26,127,6443,6570
422,2017-06-27,112,6122,6234
422,2017-06-28,104,6058,6162
422,2017-06-29,111,6226,6337
422,2017-07-01,46,5605,5651
422,2017-07-02,69,5404,5473
422,2017-07-03,124,6139,6263
422,2017-07-04,131,6336,6467
422,2017-07-05,119,6242,6361
422,2017-07-06,126,5616,5742
422,2017-07-08,59,3796,3855
422,2017-07-09,35,2961,2996
422,2017-07-10,117,5699,5816
422,2017-07-11,103,6058,6161
422,2017-07-12,93,6029,6122
422,2017-07-13,137,6255,6392
422,2017-07-15,37,3896,3933
422,2017-07-16,16,2743,2759
422,2017-07-17,119,5718,5837
422,2017-07-18,128,6257,6385
422,2017-07-19,117,5792,5909
422,2017-07-20,155,5724,5879
422,2017-07-21,126,6179,6305
422,2017-07-22,58,3361,3419
422,2017-07-23,39,2536,2575
422,2017-07-24,99,4910,5009
422,2017-07-25,116,5252,5368
422,2017-07-26,143,5852,5995
422,2017-07-27,74,5139,5213
422,2017-07-28,69,5290,5359
422,2017-07-29,24,2981,3005
422,2017-07-30,28,2362,2390
422,2017-07-31,104,3970,4074
422,2017-08-01,54,4816,4870
422,2017-08-02,64,4973,5037
422,2017-08-03,85,5120,5205
422,2017-08-04,108,4956,5064
422,2017-08-05,41,2846,2887
422,2017-08-06,23,2633,2656
422,2017-08-07,64,4164,4228
422,2017-08-08,47,4096,4143
422,2017-08-09,58,4317,4375
422,2017-08-10,76,4386,4462
422,2017-08-11,96,4253,4349
422,2017-08-12,28,2375,2403
422,2017-08-13,12,2057,2069
422,2017-08-14,79,3323,3402
422,2017-08-15,16,2028,2044
422,2017-08-16,93,4396,4489
422,2017-08-18,29,4443,4472
422,2017-08-19,23,2567,2590
422,2017-08-20,10,2239,2249
422,2017-08-21,81,4350,4431
422,2017-08-22,112,5381,5493
422,2017-08-23,77,4601,4678
422,2017-08-25,108,4378,4486
422,2017-08-26,13,2729,2742
422,2017-08-27,19,2145,2164
422,2017-08-28,99,5041,5140
422,2017-08-29,94,5498,5592
422,2017-08-30,115,5221,5336
422,2017-09-01,141,5904,6045
422,2017-09-02,28,2771,2799
422,2017-09-03,16,2233,2249
422,2017-09-04,101,5011,5112
422,2017-09-05,122,5395,5517
422,2017-09-06,122,5344,5466
422,2017-09-08,141,5601,5742
422,2017-09-09,19,2793,2812
422,2017-09-10,28,2612,2640
422,2017-09-11,91,5574,5665
422,2017-09-12,113,5679,5792
422,2017-09-13,67,5659,5726
422,2017-09-15,115,5967,6082
422,2017-09-16,36,3374,3410
422,2017-09-17,35,3226,3261
422,2017-09-18,128,6223,6351
422,2017-09-19,124,5688,5812
422,2017-09-20,131,5799,5930
422,2017-09-22,130,6015,6145
422,2017-09-23,21,3676,3697
422,2017-09-24,28,2841,2869
422,2017-09-25,116,5736,5852
422,2017-09-26,157,6139,6296
422,2017-09-27,122,5850,5972
422,2017-09-28,133,5973,6106
422,2017-09-29,126,6407,6533
422,2017-09-30,98,7378,7476
422,2017-10-01,57,5041,5098
422,2017-10-02,88,5725,5813
422,2017-10-03,120,6314,6434
422,2017-10-04,133,5744,5877
422,2017-10-06,133,6578,6711
422,2017-10-07,139,8933,9072
422,2017-10-08,28,2855,2883
422,2017-10-09,115,5680,5795
422,2017-10-10,170,6200,6370
422,2017-10-11,257,5894,6151
422,2017-10-12,186,5953,6139
422,2017-10-13,159,5869,6028
422,2017-10-14,27,4000,4027
422,2017-10-15,22,3059,3081
422,2017-10-16,120,6404,6524
422,2017-10-17,138,6113,6251
422,2017-10-18,136,6422,6558
422,2017-10-20,121,6310,6431
422,2017-10-21,12,3666,3678
422,2017-10-22,5,2450,2455
422,2017-10-23,102,5788,5890
422,2017-10-24,37,3488,3525
422,2017-10-25,39,3199,3238
422,2017-10-26,62,3192,3254
422,2017-10-27,47,3780,3827
422,2017-10-28,39,3166,3205
422,2017-10-29,14,2314,2328
422,2017-10-30,102,5316,5418
422,2017-10-31,103,5516,5619
422,2017-11-01,17,2490,2507
422,2017-11-03,140,5502,5642
422,2017-11-04,40,3899,3939
422,2017-11-05,16,2326,2342
422,2017-11-06,98,5933,6031
422,2017-11-07,138,6272,6410
422,2017-11-08,48,5928,5976
422,2017-11-09,116,5891,6007
422,2017-11-10,60,6085,6145
422,2017-11-11,14,3562,3576
422,2017-11-12,10,2220,2230
422,2017-11-13,117,5416,5533
422,2017-11-14,129,5758,5887
422,2017-11-15,137,5594,5731
422,2017-11-16,134,5638,5772
422,2017-11-17,125,6220,6345
422,2017-11-18,48,3515,3563
422,2017-11-19,10,2534,2544
422,2017-11-20,94,5698,5792
422,2017-11-21,71,5881,5952
422,2017-11-22,136,5741,5877
422,2017-11-24,83,6162,6245
422,2017-11-25,26,3548,3574
422,2017-11-26,16,2560,2576
422,2017-11-27,58,5756,5814
422,2017-11-28,98,6133,6231
422,2017-11-29,88,5649,5737
422,2017-11-30,102,6012,6114
422,2017-12-01,83,5509,5592
422,2017-12-02,36,3195,3231
422,2017-12-03,12,2089,2101
422,2017-12-04,83,5563,5646
422,2017-12-05,121,6170,6291
422,2017-12-06,135,5635,5770
422,2017-12-08,94,6094,6188
422,2017-12-09,38,3233,3271
422,2017-12-10,8,1648,1656
422,2017-12-11,58,4788,4846
422,2017-12-12,92,5748,5840
422,2017-12-13,43,5177,5220
422,2017-12-14,63,5727,5790
422,2017-12-15,38,5577,5615
422,2017-12-16,23,2982,3005
422,2017-12-17,7,2144,2151
422,2017-12-18,43,4448,4491
422,2017-12-19,82,6181,6263
422,2017-12-20,42,4743,4785
422,2017-12-21,52,4511,4563
422,2017-12-22,63,4491,4554
422,2017-12-23,26,2615,2641
422,2017-12-24,9,1889,1898
422,2017-12-25,8,1694,1702
422,2017-12-26,4,1591,1595
422,2017-12-27,18,3106,3124
422,2017-12-28,36,3178,3214
422,2017-12-29,23,2855,2878
422,2017-12-30,15,2461,2476
422,2017-12-31,11,1932,1943
423,2017-01-01,8,868,876
423,2017-01-02,85,2353,2438
423,2017-01-03,91,3057,3148
423,2017-01-04,115,3171,3286
423,2017-01-05,115,3347,3462
423,2017-01-06,124,3331,3455
423,2017-01-07,35,1561,1596
423,2017-01-08,7,1028,1035
423,2017-01-09,155,4289,4444
423,2017-01-10,152,4440,4592
423,2017-01-11,167,4413,4580
423,2017-01-12,181,4609,4790
423,2017-01-13,285,5610,5895
423,2017-01-14,35,1771,1806
423,2017-01-15,8,1173,1181
423,2017-01-16,203,4421,4624
423,2017-01-17,210,4515,4725
423,2017-01-18,231,4611,4842
423,2017-01-19,215,4645,4860
423,2017-01-20,212,4562,4774
423,2017-01-21,33,1884,1917
423,2017-01-22,24,1201,1225
423,2017-01-23,207,4492,4699
423,2017-01-24,195,4443,4638
423,2017-01-25,2,7,9
423,2017-01-26,185,4618,4803
423,2017-01-27,200,4577,4777
423,2017-01-28,42,1914,1956
423,2017-01-29,7,1361,1368
423,2017-01-30,242,4871,5113
423,2017-01-31,260,4773,5033
423,2017-02-01,238,4791,5029
423,2017-02-02,259,4939,5198
423,2017-02-03,278,5258,5536
423,2017-02-04,41,2087,2128
423,2017-02-05,9,1299,1308
423,2017-02-06,249,4639,4888
423,2017-02-07,315,5137,5452
423,2017-02-08,316,4963,5279
423,2017-02-09,328,5180,5508
423,2017-02-10,293,4858,5151
423,2017-02-11,50,2029,2079
423,2017-02-12,7,1262,1269
423,2017-02-13,285,4669,4954
423,2017-02-14,333,5044,5377
423,2017-02-15,329,4937,5266
423,2017-02-16,362,4906,5268
423,2017-02-17,307,4835,5142
423,2017-02-18,42,1792,1834
423,2017-02-19,5,1195,1200
423,2017-02-20,287,3966,4253
423,2017-02-21,305,4051,4356
423,2017-02-22,329,2783,3112
423,2017-02-23,327,4048,4375
423,2017-02-24,282,4062,4344
423,2017-02-25,52,1786,1838
423,2017-02-26,7,1304,1311
423,2017-02-27,287,4372,4659
423,2017-02-28,336,4944,5280
423,2017-03-01,310,4959,5269
423,2017-03-02,308,5054,5362
423,2017-03-03,306,4937,5243
423,2017-03-04,65,2199,2264
423,2017-03-05,11,1227,1238
423,2017-03-06,314,4890,5204
423,2017-03-07,295,5224,5519
423,2017-03-08,328,4986,5314
423,2017-03-09,289,5223,5512
423,2017-03-10,353,5744,6097
423,2017-03-11,51,2357,2408
423,2017-03-12,14,1662,1676
423,2017-03-13,277,4920,5197
423,2017-03-14,351,5064,5415
423,2017-03-15,297,5026,5323
423,2017-03-16,338,5155,5493
423,2017-03-17,349,4999,5348
423,2017-03-18,56,2172,2228
423,2017-03-19,8,1283,1291
423,2017-03-20,312,4817,5129
423,2017-03-21,348,5006,5354
423,2017-03-22,358,4883,5241
423,2017-03-23,335,5138,5473
423,2017-03-24,318,4906,5224
423,2017-03-25,72,2491,2563
423,2017-03-27,330,4814,5144
423,2017-03-28,335,4994,5329
423,2017-03-29,363,5314,5677
423,2017-03-30,376,5357,5733
423,2017-03-31,408,5520,5928
423,2017-04-01,63,2423,2486
423,2017-04-02,14,1490,1504
423,2017-04-03,342,5109,5451
423,2017-04-04,348,5368,5716
423,2017-04-06,373,5407,5780
423,2017-04-07,356,5384,5740
423,2017-04-08,95,2344,2439
423,2017-04-09,7,1498,1505
423,2017-04-10,290,4360,4650
423,2017-04-11,463,5061,5524
423,2017-04-12,330,4426,4756
423,2017-04-13,334,4404,4738
423,2017-04-14,294,4030,4324
423,2017-04-15,48,1773,1821
423,2017-04-16,7,1144,1151
423,2017-04-17,13,1001,1014
423,2017-04-18,338,4542,4880
423,2017-04-19,339,4436,4775
423,2017-04-20,330,4451,4781
423,2017-04-21,360,4356,4716
423,2017-04-22,125,2502,2627
423,2017-04-23,14,1723,1737
423,2017-04-24,332,5131,5463
423,2017-04-25,365,5375,5740
423,2017-04-26,340,5184,5524
423,2017-04-27,374,5463,5837
423,2017-04-28,382,5392,5774
423,2017-04-29,83,2545,2628
423,2017-04-30,13,1624,1637
423,2017-05-01,12,1095,1107
423,2017-05-02,412,5239,5651
423,2017-05-03,423,5553,5976
423,2017-05-04,393,5517,5910
423,2017-05-05,422,5293,5715
423,2017-05-06,57,2506,2563
423,2017-05-07,10,1394,1404
423,2017-05-08,367,4974,5341
423,2017-05-09,346,5171,5517
423,2017-05-10,363,5405,5768
423,2017-05-11,415,5352,5767
423,2017-05-12,347,5456,5803
423,2017-05-13,76,2821,2897
423,2017-05-14,21,1646,1667
423,2017-05-15,393,5050,5443
423,2017-05-16,403,5423,5826
423,2017-05-17,427,5333,5760
423,2017-05-18,450,5254,5704
423,2017-05-19,404,5566,5970
423,2017-05-20,211,3768,3979
423,2017-05-21,23,2895,2918
423,2017-05-22,391,5228,5619
423,2017-05-23,396,5386,5782
423,2017-05-24,452,5510,5962
423,2017-05-25,17,1352,1369
423,2017-05-26,221,3921,4142
423,2017-05-27,45,2187,2232
423,2017-05-28,17,1486,1503
423,2017-05-29,323,5100,5423
423,2017-05-30,339,5373,5712
423,2017-05-31,313,5435,5748
423,2017-06-01,360,5480,5840
423,2017-06-02,383,5444,5827
423,2017-06-03,48,2090,2138
423,2017-06-04,7,1287,1294
423,2017-06-05,31,1291,1322
423,2017-06-06,401,4453,4854
423,2017-06-07,309,4684,4993
423,2017-06-08,367,4672,5039
423,2017-06-09,351,4690,5041
423,2017-06-10,59,2081,2140
423,2017-06-11,19,1556,1575
423,2017-06-12,362,5287,5649
423,2017-06-13,375,5346,5721
423,2017-06-14,343,5391,5734
423,2017-06-15,331,5572,5903
423,2017-06-16,360,5644,6004
423,2017-06-17,231,5261,5492
423,2017-06-18,71,3590,3661
423,2017-06-19,289,5057,5346
423,2017-06-20,423,5472,5895
423,2017-06-21,433,5369,5802
423,2017-06-22,384,5276,5660
423,2017-06-23,29,1201,1230
423,2017-06-24,67,2145,2212
423,2017-06-25,15,1306,1321
423,2017-06-26,420,5626,6046
423,2017-06-27,352,5224,5576
423,2017-06-28,388,4858,5246
423,2017-06-29,326,5391,5717
423,2017-06-30,340,5484,5824
423,2017-07-01,58,2637,2695
423,2017-07-02,23,2002,2025
423,2017-07-03,326,5132,5458
423,2017-07-04,351,5128,5479
423,2017-07-05,372,5368,5740
423,2017-07-06,430,4984,5414
423,2017-07-07,401,5397,5798
423,2017-07-08,66,2286,2352
423,2017-07-09,43,1495,1538
423,2017-07-10,338,4875,5213
423,2017-07-11,342,5211,5553
423,2017-07-12,325,5082,5407
423,2017-07-13,366,5148,5514
423,2017-07-14,350,5661,6011
423,2017-07-15,97,2470,2567
423,2017-07-16,18,1991,2009
423,2017-07-17,384,4634,5018
423,2017-07-18,417,4535,4952
423,2017-07-19,378,4419,4797
423,2017-07-20,372,4374,4746
423,2017-07-21,463,4915,5378
423,2017-07-22,134,2042,2176
423,2017-07-23,34,1276,1310
423,2017-07-24,322,4265,4587
423,2017-07-25,376,4350,4726
423,2017-07-26,334,4968,5302
423,2017-07-27,232,4278,4510
423,2017-07-28,197,4236,4433
423,2017-07-29,37,1853,1890
423,2017-07-30,19,1329,1348
423,2017-07-31,171,3595,3766
423,2017-08-02,197,3921,4118
423,2017-08-03,179,3946,4125
423,2017-08-04,179,3788,3967
423,2017-08-05,34,1687,1721
423,2017-08-06,26,1265,1291
423,2017-08-07,147,3320,3467
423,2017-08-08,135,3297,3432
423,2017-08-09,134,3503,3637
423,2017-08-10,149,3382,3531
423,2017-08-11,144,3480,3624
423,2017-08-12,25,1502,1527
423,2017-08-13,7,1070,1077
423,2017-08-14,110,2535,2645
423,2017-08-15,11,980,991
423,2017-08-16,156,3441,3597
423,2017-08-17,199,3725,3924
423,2017-08-18,144,3389,3533
423,2017-08-19,32,1514,1546
423,2017-08-20,13,1164,1177
423,2017-08-21,197,3571,3768
423,2017-08-22,274,4096,4370
423,2017-08-23,240,3780,4020
423,2017-08-24,263,3709,3972
423,2017-08-25,265,3777,4042
423,2017-08-26,39,1723,1762
423,2017-08-27,8,1209,1217
423,2017-08-28,328,3978,4306
423,2017-08-29,345,4371,4716
423,2017-08-30,362,4142,4504
423,2017-08-31,267,4330,4597
423,2017-09-01,250,3544,3794
423,2017-09-02,62,1598,1660
423,2017-09-03,14,1159,1173
423,2017-09-04,374,4033,4407
423,2017-09-05,347,4087,4434
423,2017-09-06,380,4008,4388
423,2017-09-07,335,3895,4230
423,2017-09-08,325,4093,4418
423,2017-09-09,69,1617,1686
423,2017-09-10,25,1238,1263
423,2017-09-11,413,4113,4526
423,2017-09-12,408,4338,4746
423,2017-09-13,357,4532,4889
423,2017-09-14,326,4681,5007
423,2017-09-15,461,4783,5244
423,2017-09-16,72,2116,2188
423,2017-09-17,12,747,759
423,2017-09-18,477,5029,5506
423,2017-09-19,412,4965,5377
423,2017-09-20,387,4906,5293
423,2017-09-21,494,4987,5481
423,2017-09-22,526,5001,5527
423,2017-09-23,145,2134,2279
423,2017-09-24,22,1453,1475
423,2017-09-25,526,4909,5435
423,2017-09-26,479,5081,5560
423,2017-09-27,456,5030,5486
423,2017-09-28,407,5064,5471
423,2017-09-29,529,5217,5746
423,2017-09-30,152,3050,3202
423,2017-10-01,37,2132,2169
423,2017-10-02,467,5008,5475
423,2017-10-03,549,5290,5839
423,2017-10-04,486,5006,5492
423,2017-10-05,508,5129,5637
423,2017-10-06,475,5529,6004
423,2017-10-07,267,4025,4292
423,2017-10-08,12,1590,1602
423,2017-10-09,469,5015,5484
423,2017-10-10,613,5098,5711
423,2017-10-11,503,5183,5686
423,2017-10-12,459,5247,5706
423,2017-10-13,413,5250,5663
423,2017-10-14,64,2485,2549
423,2017-10-15,20,1586,1606
423,2017-10-16,499,5629,6128
423,2017-10-17,429,5413,5842
423,2017-10-18,505,5763,6268
423,2017-10-19,469,5451,5920
423,2017-10-20,467,5470,5937
423,2017-10-21,96,2364,2460
423,2017-10-22,11,1508,1519
423,2017-10-23,442,5212,5654
423,2017-10-24,465,7328,7793
423,2017-10-25,488,7145,7633
423,2017-10-26,473,7300,7773
423,2017-10-27,486,7171,7657
423,2017-10-28,64,2375,2439
423,2017-10-29,10,1354,1364
423,2017-10-30,398,5106,5504
423,2017-11-01,10,1396,1406
423,2017-11-02,351,4647,4998
423,2017-11-03,398,4928,5326
423,2017-11-04,67,2399,2466
423,2017-11-05,6,1265,1271
423,2017-11-06,403,5517,5920
423,2017-11-07,444,6333,6777
423,2017-11-08,353,5679,6032
423,2017-11-09,368,5712,6080
423,2017-11-10,360,5682,6042
423,2017-11-11,54,2226,2280
423,2017-11-12,6,1279,1285
423,2017-11-13,391,5352,5743
423,2017-11-14,381,5658,6039
423,2017-11-15,402,5366,5768
423,2017-11-16,323,5277,5600
423,2017-11-17,326,5470,5796
423,2017-11-18,94,2351,2445
423,2017-11-19,6,1434,1440
423,2017-11-20,455,5392,5847
423,2017-11-21,440,5565,6005
423,2017-11-22,404,5659,6063
423,2017-11-23,460,5485,5945
423,2017-11-24,383,5598,5981
423,2017-11-25,48,2144,2192
423,2017-11-26,10,1408,1418
423,2017-11-27,433,5166,5599
423,2017-11-28,421,5648,6069
423,2017-11-29,359,5181,5540
423,2017-11-30,383,5455,5838
423,2017-12-01,370,5180,5550
424,2017-01-01,NA,1000,NA
424,2017-01-02,8,2768,2776
424,2017-01-03,6,3726,3732
424,2017-01-04,2,3905,3907
424,2017-01-05,6,3931,3937
424,2017-01-07,3,1987,1990
424,2017-01-08,2,1303,1305
424,2017-01-09,28,5289,5317
424,2017-01-10,19,5464,5483
424,2017-01-11,35,5402,5437
424,2017-01-12,26,5662,5688
424,2017-01-14,NA,2515,NA
424,2017-01-15,3,1619,1622
424,2017-01-16,30,5419,5449
424,2017-01-17,25,5827,5852
424,2017-01-18,48,5534,5582
424,2017-01-19,20,5962,5982
424,2017-01-21,3,2780,2783
424,2017-01-22,NA,1632,NA
424,2017-01-23,39,5521,5560
424,2017-01-24,16,5919,5935
424,2017-01-25,35,5669,5704
424,2017-01-26,22,5927,5949
424,2017-01-28,7,2629,2636
424,2017-01-29,NA,1910,NA
424,2017-01-30,38,5949,5987
424,2017-01-31,27,6229,6256
424,2017-02-01,34,5979,6013
424,2017-02-02,25,6218,6243
424,2017-02-04,4,2538,2542
424,2017-02-05,2,1646,1648
424,2017-02-06,31,5941,5972
424,2017-02-07,20,6512,6532
424,2017-02-08,38,6314,6352
424,2017-02-09,27,6531,6558
424,2017-02-10,60,6458,6518
424,2017-02-12,2,1811,1813
424,2017-02-13,31,5763,5794
424,2017-02-14,28,6273,6301
424,2017-02-15,47,6274,6321
424,2017-02-16,28,6282,6310
424,2017-02-17,33,6367,6400
424,2017-02-19,3,1380,1383
424,2017-02-20,25,4805,4830
424,2017-02-21,20,5098,5118
424,2017-02-22,9,5213,5222
424,2017-02-23,16,4950,4966
424,2017-02-24,16,4528,4544
424,2017-02-26,6,1440,1446
424,2017-02-27,38,5856,5894
424,2017-02-28,33,6385,6418
424,2017-03-01,36,6230,6266
424,2017-03-02,27,6477,6504
424,2017-03-03,46,6845,6891
424,2017-03-05,3,1745,1748
424,2017-03-06,37,6130,6167
424,2017-03-07,34,6606,6640
424,2017-03-08,43,6288,6331
424,2017-03-09,22,6387,6409
424,2017-03-10,46,6536,6582
424,2017-03-12,NA,1846,NA
424,2017-03-13,50,6291,6341
424,2017-03-14,25,6648,6673
424,2017-03-15,45,6276,6321
424,2017-03-16,39,6637,6676
424,2017-03-17,61,6972,7033
424,2017-03-19,NA,1821,NA
424,2017-03-20,36,6256,6292
424,2017-03-21,29,6630,6659
424,2017-03-22,51,6398,6449
424,2017-03-23,30,6597,6627
424,2017-03-24,57,6564,6621
424,2017-03-27,33,6438,6471
424,2017-03-28,28,6686,6714
424,2017-03-29,48,6598,6646
424,2017-03-30,31,6797,6828
424,2017-04-04,38,6981,7019
424,2017-04-05,58,6973,7031
424,2017-04-06,45,6951,6996
424,2017-04-07,70,7089,7159
424,2017-04-08,9,2494,2503
424,2017-04-09,6,1818,1824
424,2017-04-10,37,5401,5438
424,2017-04-11,33,5680,5713
424,2017-04-12,47,5491,5538
424,2017-04-13,47,5291,5338
424,2017-04-14,44,4516,4560
424,2017-04-15,16,2255,2271
424,2017-04-16,3,1517,1520
424,2017-04-17,6,1415,1421
424,2017-04-18,28,5363,5391
424,2017-04-19,22,5037,5059
424,2017-04-20,45,5565,5610
424,2017-04-21,37,5388,5425
424,2017-04-22,23,2287,2310
424,2017-04-23,7,1759,1766
424,2017-04-24,48,6473,6521
424,2017-04-25,56,7031,7087
424,2017-04-26,58,6715,6773
424,2017-04-27,47,7001,7048
424,2017-04-28,66,7309,7375
424,2017-04-29,14,2855,2869
424,2017-04-30,4,2220,2224
424,2017-05-01,5,1660,1665
424,2017-05-02,63,7019,7082
424,2017-05-03,72,7192,7264
424,2017-05-04,57,7030,7087
424,2017-05-05,67,7150,7217
424,2017-05-06,9,2751,2760
424,2017-05-07,8,2010,2018
424,2017-05-08,50,6424,6474
424,2017-05-09,45,7087,7132
424,2017-05-10,90,6951,7041
424,2017-05-11,56,7180,7236
424,2017-05-12,92,7106,7198
424,2017-05-13,8,3101,3109
424,2017-05-14,11,2025,2036
424,2017-05-15,67,6865,6932
424,2017-05-16,64,7209,7273
424,2017-05-17,114,6805,6919
424,2017-05-18,71,7002,7073
424,2017-05-19,59,7334,7393
424,2017-05-20,26,3569,3595
424,2017-05-21,8,2392,2400
424,2017-05-22,124,6873,6997
424,2017-05-23,252,7014,7266
424,2017-05-24,278,6956,7234
424,2017-05-25,2,1849,1851
424,2017-05-26,43,4947,4990
424,2017-05-27,20,2922,2942
424,2017-05-28,4,1805,1809
424,2017-05-29,120,6606,6726
424,2017-05-30,70,6917,6987
424,2017-05-31,90,6803,6893
424,2017-06-01,69,7085,7154
424,2017-06-02,99,7153,7252
424,2017-06-03,12,2304,2316
424,2017-06-04,12,1639,1651
424,2017-06-05,8,1536,1544
424,2017-06-06,65,5583,5648
424,2017-06-07,59,6056,6115
424,2017-06-08,77,5906,5983
424,2017-06-09,68,5796,5864
424,2017-06-10,38,2272,2310
424,2017-06-11,6,1780,1786
424,2017-06-12,95,6761,6856
424,2017-06-13,109,6930,7039
424,2017-06-14,102,6871,6973
424,2017-06-15,94,7207,7301
424,2017-06-16,119,7304,7423
424,2017-06-17,20,2537,2557
424,2017-06-18,2,1388,1390
424,2017-06-19,74,6587,6661
424,2017-06-20,83,6989,7072
424,2017-06-21,77,6515,6592
424,2017-06-22,76,6462,6538
424,2017-06-23,4,1838,1842
424,2017-06-24,16,2364,2380
424,2017-06-25,6,1630,1636
424,2017-06-26,90,6361,6451
424,2017-06-27,86,5696,5782
424,2017-06-29,83,6804,6887
424,2017-06-30,80,7124,7204
424,2017-07-01,15,2954,2969
424,2017-07-02,7,2051,2058
424,2017-07-03,102,6058,6160
424,2017-07-04,49,6274,6323
424,2017-07-05,74,6863,6937
424,2017-07-06,83,7492,7575
424,2017-07-07,65,4446,4511
424,2017-07-08,21,2973,2994
424,2017-07-09,11,1882,1893
424,2017-07-10,59,6319,6378
424,2017-07-11,70,6592,6662
424,2017-07-12,44,6444,6488
424,2017-07-13,56,6468,6524
424,2017-07-14,39,2458,2497
424,2017-07-15,4,767,771
424,2017-07-16,4,726,730
424,2017-07-17,18,2740,2758
424,2017-07-18,92,5347,5439
424,2017-07-19,107,5235,5342
424,2017-07-20,55,5550,5605
424,2017-07-21,84,5922,6006
424,2017-07-22,15,2105,2120
424,2017-07-23,13,1606,1619
424,2017-07-24,43,5233,5276
424,2017-07-25,44,5283,5327
424,2017-07-26,41,5213,5254
424,2017-07-27,40,5180,5220
424,2017-07-28,19,4980,4999
424,2017-07-29,17,2200,2217
424,2017-07-30,13,1721,1734
424,2017-07-31,31,4355,4386
424,2017-08-01,18,4168,4186
424,2017-08-02,20,4297,4317
424,2017-08-03,26,4440,4466
424,2017-08-04,36,4595,4631
424,2017-08-05,11,1728,1739
424,2017-08-06,3,1550,1553
424,2017-08-07,28,3976,4004
424,2017-08-08,23,3959,3982
424,2017-08-09,28,3914,3942
424,2017-08-10,40,3939,3979
424,2017-08-11,40,3891,3931
424,2017-08-12,10,1577,1587
424,2017-08-13,5,1349,1354
424,2017-08-14,21,2922,2943
424,2017-08-15,NA,1231,NA
424,2017-08-16,13,3861,3874
424,2017-08-17,22,4030,4052
424,2017-08-18,24,4132,4156
424,2017-08-19,7,1627,1634
424,2017-08-20,4,1279,1283
424,2017-08-21,16,4313,4329
424,2017-08-22,31,4641,4672
424,2017-08-23,25,4591,4616
424,2017-08-24,55,5371,5426
424,2017-08-25,35,4923,4958
424,2017-08-26,9,1834,1843
424,2017-08-27,7,1526,1533
424,2017-08-28,40,4984,5024
424,2017-08-29,23,5248,5271
424,2017-08-30,21,5134,5155
424,2017-08-31,33,5145,5178
424,2017-09-01,46,5305,5351
424,2017-09-02,10,2051,2061
424,2017-09-03,8,1653,1661
424,2017-09-04,48,5001,5049
424,2017-09-05,41,5640,5681
424,2017-09-06,31,5527,5558
424,2017-09-07,39,5722,5761
424,2017-09-08,53,5798,5851
424,2017-09-09,14,2303,2317
424,2017-09-10,6,1677,1683
424,2017-09-11,60,6096,6156
424,2017-09-12,26,6017,6043
424,2017-09-13,51,6279,6330
424,2017-09-14,32,6033,6065
424,2017-09-15,55,6688,6743
424,2017-09-16,30,3051,3081
424,2017-09-17,5,1812,1817
424,2017-09-18,47,6636,6683
424,2017-09-19,50,6815,6865
424,2017-09-20,59,6301,6360
424,2017-09-21,55,6641,6696
424,2017-09-22,81,6523,6604
424,2017-09-23,25,2717,2742
424,2017-09-24,4,1933,1937
424,2017-09-25,49,6507,6556
424,2017-09-26,65,6865,6930
424,2017-09-27,92,6394,6486
424,2017-09-28,42,6806,6848
424,2017-09-29,62,6967,7029
424,2017-09-30,37,3994,4031
424,2017-10-01,19,2797,2816
424,2017-10-02,38,6631,6669
424,2017-10-03,52,6902,6954
424,2017-10-04,56,6475,6531
424,2017-10-05,51,6781,6832
424,2017-10-06,61,6801,6862
424,2017-10-07,10,3058,3068
424,2017-10-08,3,2367,2370
424,2017-10-09,54,6525,6579
424,2017-10-10,47,7020,7067
424,2017-10-11,74,6694,6768
424,2017-10-12,52,6722,6774
424,2017-10-13,61,6564,6625
424,2017-10-14,7,3391,3398
424,2017-10-15,3,2136,2139
424,2017-10-16,66,6696,6762
424,2017-10-17,65,6919,6984
424,2017-10-18,65,7055,7120
424,2017-10-19,55,6934,6989
424,2017-10-20,58,6636,6694
424,2017-10-21,13,2777,2790
424,2017-10-22,4,2100,2104
424,2017-10-23,47,6373,6420
424,2017-10-24,37,6841,6878
424,2017-10-25,50,6377,6427
424,2017-10-26,44,6484,6528
424,2017-10-27,69,6627,6696
424,2017-10-28,22,3010,3032
424,2017-10-29,17,2216,2233
424,2017-10-30,44,5348,5392
424,2017-11-01,4,1743,1747
424,2017-11-02,44,5438,5482
424,2017-11-03,49,5414,5463
424,2017-11-04,8,2109,2117
424,2017-11-05,2,1671,1673
424,2017-11-06,45,6813,6858
424,2017-11-07,52,6971,7023
424,2017-11-08,60,7030,7090
424,2017-11-09,55,7122,7177
424,2017-11-10,65,6978,7043
424,2017-11-11,2,3072,3074
424,2017-11-12,10,1695,1705
424,2017-11-13,51,6709,6760
424,2017-11-14,39,7014,7053
424,2017-11-15,47,6520,6567
424,2017-11-16,33,6917,6950
424,2017-11-17,50,6544,6594
424,2017-11-18,10,2891,2901
424,2017-11-19,5,2116,2121
424,2017-11-20,66,6538,6604
424,2017-11-21,43,6939,6982
424,2017-11-22,62,6363,6425
424,2017-11-23,61,6945,7006
424,2017-11-24,47,6776,6823
424,2017-11-25,10,2857,2867
424,2017-11-26,5,1760,1765
424,2017-11-27,46,6586,6632
424,2017-11-28,49,6791,6840
424,2017-11-29,60,6602,6662
424,2017-11-30,37,6596,6633
424,2017-12-01,59,6279,6338
424,2017-12-02,7,2795,2802
424,2017-12-03,3,1677,1680
424,2017-12-04,50,6356,6406
424,2017-12-05,34,7282,7316
424,2017-12-06,27,6080,6107
424,2017-12-07,29,7306,7335
424,2017-12-08,45,6772,6817
424,2017-12-09,16,2671,2687
424,2017-12-10,4,1273,1277
424,2017-12-11,48,6750,6798
424,2017-12-12,30,6803,6833
424,2017-12-13,30,4404,4434
424,2017-12-14,36,7023,7059
424,2017-12-15,41,6502,6543
424,2017-12-16,5,2305,2310
424,2017-12-17,4,1671,1675
424,2017-12-18,21,4717,4738
424,2017-12-19,18,5236,5254
424,2017-12-20,10,4948,4958
424,2017-12-21,13,4820,4833
424,2017-12-22,10,4641,4651
424,2017-12-23,9,1916,1925
424,2017-12-24,4,1403,1407
424,2017-12-25,3,1239,1242
424,2017-12-26,NA,1238,NA
424,2017-12-27,19,2666,2685
424,2017-12-28,33,3060,3093
424,2017-12-29,12,2272,2284
424,2017-12-30,7,1819,1826
424,2017-12-31,NA,1326,NA
425,2017-01-01,19,3074,3093
425,2017-01-02,92,6778,6870
425,2017-01-03,120,8316,8436
425,2017-01-04,96,8305,8401
425,2017-01-06,124,9175,9299
425,2017-01-07,92,6533,6625
425,2017-01-08,21,4470,4491
425,2017-01-09,153,9496,9649
425,2017-01-10,137,10370,10507
425,2017-01-11,136,9862,9998
425,2017-01-12,133,10565,10698
425,2017-01-13,110,9657,9767
425,2017-01-14,86,7464,7550
425,2017-01-15,19,4632,4651
425,2017-01-16,165,10136,10301
425,2017-01-18,147,10650,10797
425,2017-01-19,152,10890,11042
425,2017-01-20,166,11091,11257
425,2017-01-21,85,7899,7984
425,2017-01-22,31,4639,4670
425,2017-01-23,149,9982,10131
425,2017-01-25,161,10306,10467
425,2017-01-26,164,10759,10923
425,2017-01-27,174,10790,10964
425,2017-01-28,100,7221,7321
425,2017-01-29,24,4757,4781
425,2017-01-30,157,9791,9948
425,2017-02-01,156,10385,10541
425,2017-02-02,157,10564,10721
425,2017-02-03,162,11625,11787
425,2017-02-04,81,7700,7781
425,2017-02-05,22,4800,4822
425,2017-02-06,165,9921,10086
425,2017-02-08,140,10162,10302
425,2017-02-09,150,10897,11047
425,2017-02-10,142,10816,10958
425,2017-02-11,91,7224,7315
425,2017-02-12,21,4626,4647
425,2017-02-13,170,9835,10005
425,2017-02-15,186,10762,10948
425,2017-02-16,226,10282,10508
425,2017-02-17,174,10837,11011
425,2017-02-18,96,6759,6855
425,2017-02-19,28,4173,4201
425,2017-02-20,133,8423,8556
425,2017-02-22,132,9104,9236
425,2017-02-23,136,8841,8977
425,2017-02-24,156,9590,9746
425,2017-02-25,88,6641,6729
425,2017-02-26,17,4591,4608
425,2017-02-27,82,9720,9802
425,2017-03-01,152,10387,10539
425,2017-03-02,160,11061,11221
425,2017-03-03,177,11437,11614
425,2017-03-04,85,8359,8444
425,2017-03-05,24,5029,5053
425,2017-03-06,157,10015,10172
425,2017-03-08,145,10152,10297
425,2017-03-09,132,10987,11119
425,2017-03-10,174,11355,11529
425,2017-03-11,100,8108,8208
425,2017-03-12,29,5200,5229
425,2017-03-13,183,10251,10434
425,2017-03-15,170,10606,10776
425,2017-03-16,174,11120,11294
425,2017-03-17,180,11324,11504
425,2017-03-18,88,7720,7808
425,2017-03-19,29,4935,4964
425,2017-03-20,187,10206,10393
425,2017-03-22,166,10385,10551
425,2017-03-23,165,10979,11144
425,2017-03-24,185,11136,11321
425,2017-03-25,102,8524,8626
425,2017-03-27,191,10195,10386
425,2017-03-29,170,10576,10746
425,2017-03-30,214,11184,11398
425,2017-03-31,78,3548,3626
425,2017-04-01,240,8065,8305
425,2017-04-02,45,5683,5728
425,2017-04-03,431,10230,10661
425,2017-04-04,407,10894,11301
425,2017-04-05,451,11013,11464
425,2017-04-06,412,10966,11378
425,2017-04-07,485,11872,12357
425,2017-04-08,228,7539,7767
425,2017-04-09,44,5028,5072
425,2017-04-10,353,9201,9554
425,2017-04-11,473,10818,11291
425,2017-04-12,431,9796,10227
425,2017-04-13,438,9839,10277
425,2017-04-14,385,9241,9626
425,2017-04-15,176,6172,6348
425,2017-04-16,45,3987,4032
425,2017-04-17,43,3662,3705
425,2017-04-18,434,9198,9632
425,2017-04-19,415,9281,9696
425,2017-04-20,412,9788,10200
425,2017-04-21,378,10343,10721
425,2017-04-22,245,7398,7643
425,2017-04-23,60,5188,5248
425,2017-04-24,413,10228,10641
425,2017-04-25,441,11057,11498
425,2017-04-26,448,10560,11008
425,2017-04-27,457,11171,11628
425,2017-04-28,420,11126,11546
425,2017-04-29,227,8296,8523
425,2017-04-30,58,5349,5407
425,2017-05-01,54,4166,4220
425,2017-05-02,427,11172,11599
425,2017-05-03,413,11000,11413
425,2017-05-04,431,10810,11241
425,2017-05-05,472,11485,11957
425,2017-05-06,212,8411,8623
425,2017-05-07,51,5452,5503
425,2017-05-08,472,10297,10769
425,2017-05-09,413,11512,11925
425,2017-05-10,477,11154,11631
425,2017-05-11,439,11546,11985
425,2017-05-12,481,11460,11941
425,2017-05-13,233,8009,8242
425,2017-05-14,48,5066,5114
425,2017-05-15,470,10598,11068
425,2017-05-16,465,11382,11847
425,2017-05-17,489,11196,11685
425,2017-05-18,465,11357,11822
425,2017-05-19,434,11448,11882
425,2017-05-20,278,8354,8632
425,2017-05-21,45,5108,5153
425,2017-05-22,506,10625,11131
425,2017-05-23,480,11362,11842
425,2017-05-24,440,11826,12266
425,2017-05-25,59,4674,4733
425,2017-05-26,301,9819,10120
425,2017-05-27,177,7428,7605
425,2017-05-28,62,4937,4999
425,2017-05-29,453,10817,11270
425,2017-05-30,414,11363,11777
425,2017-05-31,466,11155,11621
425,2017-06-01,473,11492,11965
425,2017-06-02,486,11943,12429
425,2017-06-03,252,7380,7632
425,2017-06-04,55,4854,4909
425,2017-06-05,51,4075,4126
425,2017-06-06,441,9995,10436
425,2017-06-07,435,10106,10541
425,2017-06-08,492,10390,10882
425,2017-06-09,427,10603,11030
425,2017-06-10,227,7688,7915
425,2017-06-11,48,5310,5358
425,2017-06-12,460,10670,11130
425,2017-06-13,461,11596,12057
425,2017-06-14,451,11247,11698
425,2017-06-15,407,11719,12126
425,2017-06-16,447,12278,12725
425,2017-06-17,264,8691,8955
425,2017-06-18,85,6050,6135
425,2017-06-19,505,10610,11115
425,2017-06-20,441,11404,11845
425,2017-06-21,470,10941,11411
425,2017-06-22,479,11436,11915
425,2017-06-23,74,5050,5124
425,2017-06-24,221,7464,7685
425,2017-06-25,49,5566,5615
425,2017-06-26,480,10510,10990
425,2017-06-27,453,11483,11936
425,2017-06-28,436,11922,12358
425,2017-06-29,477,11534,12011
425,2017-06-30,542,11827,12369
425,2017-07-01,227,8242,8469
425,2017-07-02,65,5693,5758
425,2017-07-03,494,10742,11236
425,2017-07-04,551,11399,11950
425,2017-07-05,549,11378,11927
425,2017-07-06,481,11723,12204
425,2017-07-07,435,11653,12088
425,2017-07-08,283,8257,8540
425,2017-07-09,60,5406,5466
425,2017-07-10,445,10499,10944
425,2017-07-11,534,11593,12127
425,2017-07-12,431,11159,11590
425,2017-07-13,565,11363,11928
425,2017-07-14,409,11378,11787
425,2017-07-15,248,7616,7864
425,2017-07-16,62,5047,5109
425,2017-07-17,400,10297,10697
425,2017-07-18,462,10748,11210
425,2017-07-19,394,10756,11150
425,2017-07-20,395,10655,11050
425,2017-07-21,500,11319,11819
425,2017-07-22,284,6960,7244
425,2017-07-23,69,4787,4856
425,2017-07-24,418,9355,9773
425,2017-07-25,333,10274,10607
425,2017-07-26,362,10144,10506
425,2017-07-27,335,10097,10432
425,2017-07-28,275,9996,10271
425,2017-07-29,152,6564,6716
425,2017-07-30,64,4486,4550
425,2017-07-31,275,8584,8859
425,2017-08-01,272,8902,9174
425,2017-08-02,282,8928,9210
425,2017-08-03,282,9065,9347
425,2017-08-04,287,9341,9628
425,2017-08-05,161,6366,6527
425,2017-08-06,53,4421,4474
425,2017-08-07,295,7875,8170
425,2017-08-08,272,8277,8549
425,2017-08-09,316,8386,8702
425,2017-08-10,288,8213,8501
425,2017-08-11,289,8739,9028
425,2017-08-12,180,5749,5929
425,2017-08-13,51,4036,4087
425,2017-08-14,275,7379,7654
425,2017-08-15,54,3870,3924
425,2017-08-16,276,8639,8915
425,2017-08-17,304,8733,9037
425,2017-08-18,292,8470,8762
425,2017-08-19,168,6164,6332
425,2017-08-20,39,4721,4760
425,2017-08-21,406,8856,9262
425,2017-08-22,453,9639,10092
425,2017-08-23,397,9568,9965
425,2017-08-24,466,9362,9828
425,2017-08-25,438,9609,10047
425,2017-08-26,300,6499,6799
425,2017-08-27,145,4613,4758
425,2017-08-28,570,9198,9768
425,2017-08-29,521,10074,10595
425,2017-08-30,572,9653,10225
425,2017-08-31,595,10410,11005
425,2017-09-01,537,10179,10716
425,2017-09-02,306,6378,6684
425,2017-09-03,158,4781,4939
425,2017-09-04,508,9104,9612
425,2017-09-05,569,10116,10685
425,2017-09-06,531,9974,10505
425,2017-09-07,574,10314,10888
425,2017-09-08,573,10499,11072
425,2017-09-09,278,7191,7469
425,2017-09-10,178,5029,5207
425,2017-09-11,530,9108,9638
425,2017-09-12,453,9261,9714
425,2017-09-13,396,9756,10152
425,2017-09-14,413,10667,11080
425,2017-09-15,447,11021,11468
425,2017-09-16,185,7596,7781
425,2017-09-17,56,5007,5063
425,2017-09-18,435,10660,11095
425,2017-09-19,466,11426,11892
425,2017-09-20,502,10912,11414
425,2017-09-21,428,11283,11711
425,2017-09-22,456,11660,12116
425,2017-09-23,211,8195,8406
425,2017-09-24,55,5572,5627
425,2017-09-25,487,10693,11180
425,2017-09-26,531,11517,12048
425,2017-09-27,467,11148,11615
425,2017-09-28,450,11679,12129
425,2017-09-29,442,11977,12419
425,2017-09-30,216,8410,8626
425,2017-10-01,58,5603,5661
425,2017-10-02,461,10699,11160
425,2017-10-03,414,11533,11947
425,2017-10-04,431,11299,11730
425,2017-10-05,394,11567,11961
425,2017-10-06,467,11922,12389
425,2017-10-07,221,8823,9044
425,2017-10-08,55,5503,5558
425,2017-10-09,409,10868,11277
425,2017-10-10,407,11764,12171
425,2017-10-11,475,11428,11903
425,2017-10-12,415,11707,12122
425,2017-10-13,411,12029,12440
425,2017-10-14,239,8295,8534
426,2017-01-01,378,NA,NA
426,2017-01-20,288,6706,6994
426,2017-01-21,185,3453,3638
426,2017-01-22,114,3064,3178
426,2017-01-23,281,6360,6641
426,2017-01-24,288,6617,6905
426,2017-01-27,302,6861,7163
426,2017-01-28,164,3706,3870
426,2017-01-29,111,3014,3125
426,2017-01-30,268,5842,6110
426,2017-01-31,289,6808,7097
426,2017-02-01,311,6613,6924
426,2017-02-02,286,6747,7033
426,2017-02-03,277,5876,6153
426,2017-02-04,171,2566,2737
426,2017-02-05,117,2984,3101
426,2017-02-06,297,5587,5884
426,2017-02-07,319,5420,5739
426,2017-02-08,359,6638,6997
426,2017-02-09,382,7115,7497
426,2017-02-10,339,7048,7387
426,2017-02-11,185,3910,4095
426,2017-02-12,124,3044,3168
426,2017-02-13,296,6706,7002
426,2017-02-14,374,7174,7548
426,2017-02-15,305,6772,7077
426,2017-02-16,330,6444,6774
426,2017-02-17,325,6801,7126
426,2017-02-18,178,3516,3694
426,2017-02-19,120,2726,2846
426,2017-02-20,295,5255,5550
426,2017-02-21,294,5339,5633
426,2017-02-22,335,5703,6038
426,2017-02-23,378,6045,6423
426,2017-02-24,432,6006,6438
426,2017-02-25,169,3355,3524
426,2017-02-26,117,3144,3261
426,2017-02-27,324,6187,6511
426,2017-02-28,302,6021,6323
426,2017-03-01,303,5935,6238
426,2017-03-02,326,7102,7428
426,2017-03-03,324,7302,7626
426,2017-03-04,172,3634,3806
426,2017-03-05,124,2825,2949
426,2017-03-06,336,6508,6844
426,2017-03-07,357,6528,6885
426,2017-03-08,307,6079,6386
426,2017-03-09,269,6467,6736
426,2017-03-10,309,7119,7428
426,2017-03-11,168,4134,4302
426,2017-03-12,117,3286,3403
426,2017-03-13,351,7284,7635
426,2017-03-14,326,6660,6986
426,2017-03-15,308,6692,7000
426,2017-03-16,313,7311,7624
426,2017-03-17,316,7019,7335
426,2017-03-18,165,3991,4156
426,2017-03-19,116,3286,3402
426,2017-03-20,312,6935,7247
426,2017-03-21,331,6172,6503
426,2017-03-22,314,7068,7382
426,2017-03-23,329,7352,7681
426,2017-03-24,326,7050,7376
426,2017-03-25,173,4440,4613
426,2017-03-27,323,6912,7235
426,2017-03-28,309,6792,7101
426,2017-03-29,311,6750,7061
426,2017-03-30,313,6819,7132
426,2017-03-31,304,7182,7486
426,2017-04-01,186,4415,4601
426,2017-04-02,115,3981,4096
426,2017-04-03,308,6877,7185
426,2017-04-04,331,7058,7389
426,2017-04-05,351,7228,7579
426,2017-04-06,381,7245,7626
426,2017-04-07,334,7249,7583
426,2017-04-08,173,3879,4052
426,2017-04-09,118,3147,3265
426,2017-04-10,303,5916,6219
426,2017-04-11,345,6584,6929
426,2017-04-12,307,5845,6152
426,2017-04-13,331,6043,6374
426,2017-04-14,299,5430,5729
426,2017-04-15,164,3177,3341
426,2017-04-16,106,2473,2579
426,2017-04-17,99,2367,2466
426,2017-04-18,277,5757,6034
426,2017-04-19,330,6017,6347
426,2017-04-20,335,6370,6705
426,2017-04-21,310,6402,6712
426,2017-04-22,181,4149,4330
426,2017-04-23,117,3556,3673
426,2017-04-24,285,6590,6875
426,2017-04-25,319,6973,7292
426,2017-04-26,337,7176,7513
426,2017-04-27,331,7241,7572
426,2017-04-28,310,7282,7592
426,2017-04-29,173,4095,4268
426,2017-04-30,116,3392,3508
426,2017-05-01,119,2891,3010
426,2017-05-02,320,7023,7343
426,2017-05-03,299,6275,6574
426,2017-05-04,338,7215,7553
426,2017-05-05,339,7089,7428
426,2017-05-06,171,3798,3969
426,2017-05-07,119,3309,3428
426,2017-05-08,324,6922,7246
426,2017-05-09,340,7110,7450
426,2017-05-10,324,7113,7437
426,2017-05-11,340,7212,7552
426,2017-05-12,337,7156,7493
426,2017-05-13,180,4330,4510
426,2017-05-14,120,3132,3252
426,2017-05-15,303,6542,6845
426,2017-05-16,311,6981,7292
426,2017-05-17,337,7413,7750
426,2017-05-18,337,7284,7621
426,2017-05-19,313,7005,7318
426,2017-05-20,196,4722,4918
426,2017-05-21,124,3445,3569
426,2017-05-22,324,6702,7026
426,2017-05-23,333,6892,7225
426,2017-05-24,318,6963,7281
426,2017-05-25,118,3304,3422
426,2017-05-26,281,5636,5917
426,2017-05-27,168,4701,4869
426,2017-05-28,125,3340,3465
426,2017-05-29,297,6614,6911
426,2017-05-30,352,7321,7673
426,2017-05-31,344,6700,7044
426,2017-06-01,347,7260,7607
426,2017-06-02,354,7501,7855
426,2017-06-03,184,4121,4305
426,2017-06-04,123,3075,3198
426,2017-06-05,121,3098,3219
426,2017-06-06,337,6295,6632
426,2017-06-07,341,6840,7181
426,2017-06-08,322,6828,7150
426,2017-06-09,303,6444,6747
426,2017-06-10,170,3549,3719
426,2017-06-11,118,3011,3129
426,2017-06-12,327,6758,7085
426,2017-06-13,352,6924,7276
426,2017-06-14,343,7190,7533
426,2017-06-15,308,7118,7426
426,2017-06-16,319,7324,7643
426,2017-06-17,198,4181,4379
426,2017-06-18,118,3215,3333
426,2017-06-19,327,6489,6816
426,2017-06-20,320,6717,7037
426,2017-06-21,313,6247,6560
426,2017-06-22,332,6655,6987
426,2017-06-23,120,2874,2994
426,2017-06-24,177,3623,3800
426,2017-06-25,122,3325,3447
426,2017-06-26,347,6782,7129
426,2017-06-27,328,6595,6923
426,2017-06-28,390,7242,7632
426,2017-06-29,375,7177,7552
426,2017-06-30,362,7261,7623
426,2017-07-01,172,4460,4632
426,2017-07-02,124,3779,3903
426,2017-07-03,380,6923,7303
426,2017-07-04,429,6892,7321
426,2017-07-05,432,7277,7709
426,2017-07-06,451,6861,7312
426,2017-07-07,383,6617,7000
426,2017-07-08,193,4401,4594
426,2017-07-09,126,3423,3549
426,2017-07-10,333,6323,6656
426,2017-07-11,366,6575,6941
426,2017-07-12,317,6803,7120
426,2017-07-13,356,6914,7270
426,2017-07-14,409,7029,7438
426,2017-07-15,219,3847,4066
426,2017-07-16,122,3268,3390
426,2017-07-17,380,6519,6899
426,2017-07-18,403,6592,6995
426,2017-07-19,359,6721,7080
426,2017-07-20,345,6729,7074
426,2017-07-21,339,6120,6459
426,2017-07-22,189,3567,3756
426,2017-07-23,125,3289,3414
426,2017-07-24,326,5285,5611
426,2017-07-25,324,5693,6017
426,2017-07-26,320,6516,6836
426,2017-07-27,296,6016,6312
426,2017-07-28,263,6207,6470
426,2017-07-29,175,3444,3619
426,2017-07-30,131,3590,3721
426,2017-07-31,252,4949,5201
426,2017-08-01,262,4536,4798
426,2017-08-02,252,5231,5483
426,2017-08-03,255,5263,5518
426,2017-08-04,258,5449,5707
426,2017-08-05,162,3030,3192
426,2017-08-06,123,2675,2798
426,2017-08-07,253,4828,5081
426,2017-08-08,252,4506,4758
426,2017-08-09,248,4508,4756
426,2017-08-10,310,5126,5436
426,2017-08-11,314,5118,5432
426,2017-08-12,244,3159,3403
426,2017-08-13,123,2489,2612
426,2017-08-14,266,4193,4459
426,2017-08-15,113,2182,2295
426,2017-08-16,262,4621,4883
426,2017-08-17,254,4584,4838
426,2017-08-18,257,4127,4384
426,2017-08-19,180,3045,3225
426,2017-08-20,121,2838,2959
426,2017-08-21,318,5270,5588
426,2017-08-22,290,5112,5402
426,2017-08-23,300,5285,5585
426,2017-08-24,322,5743,6065
426,2017-08-25,317,5592,5909
426,2017-08-26,171,2883,3054
426,2017-08-27,118,2401,2519
426,2017-08-28,310,5116,5426
426,2017-08-29,360,5451,5811
426,2017-08-30,378,5904,6282
426,2017-08-31,346,6267,6613
426,2017-09-01,341,6199,6540
426,2017-09-02,171,3122,3293
426,2017-09-03,112,2900,3012
426,2017-09-04,406,5924,6330
426,2017-09-05,455,5993,6448
426,2017-09-06,449,6632,7081
426,2017-09-07,442,6630,7072
426,2017-09-08,435,6453,6888
426,2017-09-09,175,3589,3764
426,2017-09-10,130,3372,3502
426,2017-09-11,327,6307,6634
426,2017-09-12,327,6247,6574
426,2017-09-13,318,6248,6566
426,2017-09-14,318,6983,7301
426,2017-09-15,381,6861,7242
426,2017-09-16,180,3858,4038
426,2017-09-17,129,3545,3674
426,2017-09-18,326,7014,7340
426,2017-09-19,344,7111,7455
426,2017-09-20,359,7298,7657
426,2017-09-21,357,7238,7595
426,2017-09-22,340,7131,7471
426,2017-09-23,186,4226,4412
426,2017-09-24,120,3517,3637
426,2017-09-25,332,6911,7243
426,2017-09-26,371,7019,7390
426,2017-09-27,341,6845,7186
426,2017-09-28,376,7584,7960
426,2017-09-29,344,7220,7564
426,2017-09-30,104,2789,2893
426,2017-10-01,50,2751,2801
426,2017-10-02,319,6642,6961
426,2017-10-03,327,7197,7524
426,2017-10-04,355,6597,6952
426,2017-10-05,382,6866,7248
426,2017-10-06,355,7136,7491
426,2017-10-07,189,4815,5004
426,2017-10-08,119,3575,3694
426,2017-10-09,346,6319,6665
426,2017-10-10,371,6838,7209
426,2017-10-11,391,6979,7370
426,2017-10-12,359,7103,7462
426,2017-10-13,365,7183,7548
426,2017-10-14,185,4442,4627
426,2017-10-15,118,3926,4044
426,2017-10-16,339,7159,7498
426,2017-10-17,310,7332,7642
426,2017-10-18,338,7155,7493
426,2017-10-19,342,7110,7452
426,2017-10-20,291,7161,7452
426,2017-10-21,176,4550,4726
426,2017-10-22,128,3385,3513
426,2017-10-23,337,6841,7178
426,2017-10-24,347,6754,7101
426,2017-10-25,351,6776,7127
426,2017-10-26,341,7072,7413
426,2017-10-27,343,7140,7483
426,2017-10-28,198,4082,4280
426,2017-10-29,127,3066,3193
426,2017-10-30,312,6576,6888
426,2017-11-01,119,3048,3167
426,2017-11-02,344,5836,6180
426,2017-11-03,334,6281,6615
426,2017-11-04,183,3705,3888
426,2017-11-05,120,3304,3424
426,2017-11-06,328,6445,6773
426,2017-11-07,322,6455,6777
426,2017-11-08,325,6305,6630
426,2017-11-09,327,7211,7538
426,2017-11-10,317,6860,7177
426,2017-11-11,168,3783,3951
426,2017-11-12,116,2930,3046
426,2017-11-13,319,6873,7192
426,2017-11-14,334,6915,7249
426,2017-11-15,364,6769,7133
426,2017-11-16,334,7035,7369
426,2017-11-17,316,6684,7000
426,2017-11-18,174,4409,4583
426,2017-11-19,119,3775,3894
426,2017-11-20,364,6609,6973
426,2017-11-21,339,6828,7167
426,2017-11-22,363,7184,7547
426,2017-11-23,351,7086,7437
426,2017-11-24,331,6674,7005
426,2017-11-25,167,4124,4291
426,2017-11-26,127,3789,3916
426,2017-11-27,331,6242,6573
426,2017-11-28,332,7231,7563
426,2017-11-29,348,7167,7515
426,2017-11-30,353,7251,7604
426,2017-12-01,348,7136,7484
426,2017-12-02,171,4027,4198
426,2017-12-03,125,3161,3286
426,2017-12-04,317,6799,7116
426,2017-12-05,333,6948,7281
426,2017-12-06,288,6973,7261
426,2017-12-07,304,6726,7030
426,2017-12-08,299,6401,6700
426,2017-12-09,180,4255,4435
426,2017-12-10,133,2378,2511
426,2017-12-11,275,5282,5557
426,2017-12-12,341,6771,7112
426,2017-12-13,331,5944,6275
426,2017-12-14,331,6917,7248
426,2017-12-15,302,6231,6533
426,2017-12-16,174,4036,4210
426,2017-12-17,122,3247,3369
426,2017-12-18,303,5577,5880
426,2017-12-19,273,5924,6197
426,2017-12-20,292,6162,6454
426,2017-12-21,274,5711,5985
426,2017-12-22,252,5849,6101
426,2017-12-23,167,3505,3672
426,2017-12-24,93,2581,2674
426,2017-12-25,108,2319,2427
426,2017-12-26,108,2329,2437
426,2017-12-27,251,3992,4243
426,2017-12-28,282,4432,4714
426,2017-12-29,253,4117,4370
426,2017-12-30,155,2689,2844
426,2017-12-31,118,2386,2504
427,2017-01-01,3,1315,1318
427,2017-01-02,15,2007,2022
427,2017-01-03,34,2549,2583
427,2017-01-05,28,2582,2610
427,2017-01-06,51,2712,2763
427,2017-01-07,9,1624,1633
427,2017-01-08,6,1479,1485
427,2017-01-09,29,3288,3317
427,2017-01-10,40,3434,3474
427,2017-01-11,32,3472,3504
427,2017-01-12,52,3876,3928
427,2017-01-13,64,3618,3682
427,2017-01-14,12,2051,2063
427,2017-01-15,10,1662,1672
427,2017-01-16,146,3782,3928
427,2017-01-18,244,4388,4632
427,2017-01-19,186,4476,4662
427,2017-01-20,204,4224,4428
427,2017-01-21,45,2360,2405
427,2017-01-22,2,1842,1844
427,2017-01-23,172,3806,3978
427,2017-01-25,231,3631,3862
427,2017-01-26,172,4013,4185
427,2017-01-27,242,3979,4221
427,2017-01-28,40,2015,2055
427,2017-01-29,14,1794,1808
427,2017-01-30,170,3884,4054
427,2017-02-01,155,4123,4278
427,2017-02-02,180,4119,4299
427,2017-02-03,181,5499,5680
427,2017-02-04,28,2426,2454
427,2017-02-05,8,1950,1958
427,2017-02-06,160,3815,3975
427,2017-02-08,190,4073,4263
427,2017-02-09,214,4476,4690
427,2017-02-10,257,4227,4484
427,2017-02-11,41,2228,2269
427,2017-02-12,4,2006,2010
427,2017-02-13,214,3971,4185
427,2017-02-15,292,4378,4670
427,2017-02-16,350,4342,4692
427,2017-02-17,275,4289,4564
427,2017-02-18,34,2289,2323
427,2017-02-19,6,1924,1930
427,2017-02-20,309,3354,3663
427,2017-02-22,236,3474,3710
427,2017-02-23,264,3475,3739
427,2017-02-24,233,3697,3930
427,2017-02-25,34,2016,2050
427,2017-02-26,4,1927,1931
427,2017-02-27,214,3489,3703
427,2017-03-01,215,4102,4317
427,2017-03-02,260,4334,4594
427,2017-03-03,316,4442,4758
427,2017-03-04,40,2723,2763
427,2017-03-05,49,2150,2199
427,2017-03-06,267,3991,4258
427,2017-03-08,304,4272,4576
427,2017-03-09,235,4965,5200
427,2017-03-10,230,4453,4683
427,2017-03-11,46,2706,2752
427,2017-03-12,6,2354,2360
427,2017-03-13,270,4245,4515
427,2017-03-15,285,4388,4673
427,2017-03-16,378,4609,4987
427,2017-03-17,284,4315,4599
427,2017-03-18,35,2493,2528
427,2017-03-19,2,1983,1985
427,2017-03-20,254,4205,4459
427,2017-03-22,250,4281,4531
427,2017-03-23,227,4929,5156
427,2017-03-24,233,4402,4635
427,2017-03-25,65,2855,2920
427,2017-03-27,255,4057,4312
427,2017-03-29,206,4449,4655
427,2017-03-30,198,4635,4833
427,2017-03-31,214,4636,4850
427,2017-04-01,53,2603,2656
427,2017-04-02,12,2328,2340
427,2017-04-03,171,4237,4408
427,2017-04-05,279,4480,4759
427,2017-04-06,250,4420,4670
427,2017-04-07,208,4967,5175
427,2017-04-08,78,2839,2917
427,2017-04-09,18,2592,2610
427,2017-04-10,170,3723,3893
427,2017-04-12,255,3945,4200
427,2017-04-13,236,3894,4130
427,2017-04-14,227,3659,3886
427,2017-04-15,10,2044,2054
427,2017-04-16,3,1734,1737
427,2017-04-17,11,1517,1528
427,2017-04-20,150,3903,4053
427,2017-04-21,157,3944,4101
427,2017-04-22,60,2807,2867
427,2017-04-23,8,2539,2547
427,2017-04-24,116,4085,4201
427,2017-04-26,268,4557,4825
427,2017-04-27,288,4868,5156
427,2017-04-28,250,4608,4858
427,2017-04-29,65,3040,3105
427,2017-04-30,9,2590,2599
427,2017-05-01,5,1865,1870
427,2017-05-03,256,4754,5010
427,2017-05-04,230,4629,4859
427,2017-05-05,247,4562,4809
427,2017-05-06,65,2749,2814
427,2017-05-07,7,2366,2373
427,2017-05-08,203,4156,4359
427,2017-05-10,220,4892,5112
427,2017-05-11,175,5179,5354
427,2017-05-12,314,4800,5114
427,2017-05-13,95,3221,3316
427,2017-05-14,8,2430,2438
427,2017-05-15,235,4564,4799
427,2017-05-17,256,5129,5385
427,2017-05-18,232,4865,5097
427,2017-05-19,284,5378,5662
427,2017-05-20,148,3228,3376
427,2017-05-21,9,2397,2406
427,2017-05-22,239,4533,4772
427,2017-05-24,233,5030,5263
427,2017-05-25,11,2349,2360
427,2017-05-26,145,3989,4134
427,2017-05-27,55,4449,4504
427,2017-05-28,17,2704,2721
427,2017-05-29,223,4600,4823
427,2017-05-31,259,4895,5154
427,2017-06-01,167,5050,5217
427,2017-06-02,209,4748,4957
427,2017-06-03,40,2644,2684
427,2017-06-04,6,2194,2200
427,2017-06-05,9,2073,2082
427,2017-06-07,146,3785,3931
427,2017-06-08,144,3941,4085
427,2017-06-09,186,3920,4106
427,2017-06-10,57,2924,2981
427,2017-06-11,10,2853,2863
427,2017-06-12,303,4503,4806
427,2017-06-14,266,4964,5230
427,2017-06-15,167,4975,5142
427,2017-06-16,180,4982,5162
427,2017-06-17,39,3252,3291
427,2017-06-18,18,2931,2949
427,2017-06-19,150,4719,4869
427,2017-06-21,212,4959,5171
427,2017-06-22,174,4958,5132
427,2017-06-23,8,2051,2059
427,2017-06-24,41,2671,2712
427,2017-06-25,3,2210,2213
427,2017-06-26,161,5138,5299
427,2017-06-28,224,5018,5242
427,2017-06-29,238,4866,5104
427,2017-06-30,135,4767,4902
427,2017-07-01,64,2989,3053
427,2017-07-02,6,2747,2753
427,2017-07-03,156,4502,4658
427,2017-07-05,216,5099,5315
427,2017-07-06,240,5078,5318
427,2017-07-07,268,5026,5294
427,2017-07-08,75,2934,3009
427,2017-07-09,10,2466,2476
427,2017-07-10,176,4322,4498
427,2017-07-12,135,4678,4813
427,2017-07-13,181,4773,4954
427,2017-07-14,180,4469,4649
427,2017-07-15,65,2840,2905
427,2017-07-16,14,2524,2538
427,2017-07-17,175,4141,4316
427,2017-07-19,208,4489,4697
427,2017-07-20,204,4380,4584
427,2017-07-21,258,4394,4652
427,2017-07-22,60,2641,2701
427,2017-07-23,18,2271,2289
427,2017-07-24,227,3842,4069
427,2017-07-25,166,3831,3997
427,2017-07-26,134,4129,4263
427,2017-07-27,116,3972,4088
427,2017-07-28,47,3921,3968
427,2017-07-29,25,2384,2409
427,2017-07-30,19,2237,2256
427,2017-07-31,46,3232,3278
427,2017-08-01,36,3154,3190
427,2017-08-02,37,3531,3568
427,2017-08-03,59,3615,3674
427,2017-08-04,58,3533,3591
427,2017-08-05,15,2153,2168
427,2017-08-06,12,2195,2207
427,2017-08-07,52,3101,3153
427,2017-08-08,51,2949,3000
427,2017-08-09,44,3216,3260
427,2017-08-10,71,3196,3267
427,2017-08-11,65,3219,3284
427,2017-08-12,20,2068,2088
427,2017-08-13,6,1999,2005
427,2017-08-14,34,2622,2656
427,2017-08-15,20,1745,1765
427,2017-08-16,52,3178,3230
427,2017-08-18,34,2992,3026
427,2017-08-19,15,2160,2175
427,2017-08-20,9,2094,2103
427,2017-08-21,75,3359,3434
427,2017-08-22,103,3809,3912
427,2017-08-23,128,4098,4226
427,2017-08-25,222,3726,3948
427,2017-08-26,24,2240,2264
427,2017-08-27,4,2192,2196
427,2017-08-28,82,3623,3705
427,2017-08-29,221,4215,4436
427,2017-08-30,247,4053,4300
427,2017-09-01,174,4184,4358
427,2017-09-02,60,2394,2454
427,2017-09-03,8,2262,2270
427,2017-09-04,92,250,342
427,2017-09-05,24,81,105
427,2017-09-06,35,186,221
427,2017-09-08,33,1485,1518
427,2017-09-09,50,2228,2278
427,2017-09-10,7,2239,2246
427,2017-09-11,105,3554,3659
427,2017-09-12,150,3967,4117
427,2017-09-13,164,4570,4734
427,2017-09-15,197,4262,4459
427,2017-09-16,60,2458,2518
427,2017-09-17,4,2228,2232
427,2017-09-18,100,3967,4067
427,2017-09-19,126,4095,4221
427,2017-09-20,190,4282,4472
427,2017-09-22,152,4364,4516
427,2017-09-23,70,2788,2858
427,2017-09-24,13,2558,2571
427,2017-09-25,163,4169,4332
427,2017-09-26,188,4516,4704
427,2017-09-27,244,4633,4877
427,2017-09-28,142,4673,4815
427,2017-09-29,194,4606,4800
427,2017-09-30,70,3260,3330
427,2017-10-01,6,2657,2663
427,2017-10-02,128,4076,4204
427,2017-10-03,184,4966,5150
427,2017-10-04,210,4274,4484
427,2017-10-06,191,4456,4647
427,2017-10-07,68,3604,3672
427,2017-10-08,2,2351,2353
427,2017-10-09,137,4177,4314
427,2017-10-10,141,4472,4613
427,2017-10-11,123,4437,4560
427,2017-10-12,125,4482,4607
427,2017-10-13,213,4429,4642
427,2017-10-14,35,2941,2976
427,2017-10-15,10,3177,3187
427,2017-10-16,117,4328,4445
427,2017-10-17,107,4522,4629
427,2017-10-18,142,4660,4802
427,2017-10-20,224,4898,5122
427,2017-10-21,62,2761,2823
427,2017-10-22,7,1912,1919
427,2017-10-23,114,4225,4339
427,2017-10-24,103,4863,4966
427,2017-10-25,152,4682,4834
427,2017-10-26,148,4631,4779
427,2017-10-27,137,4769,4906
427,2017-10-28,74,2532,2606
427,2017-10-29,4,2009,2013
427,2017-10-30,150,3828,3978
427,2017-10-31,152,4051,4203
427,2017-11-01,6,2083,2089
427,2017-11-03,169,3880,4049
427,2017-11-04,52,2456,2508
427,2017-11-05,6,2075,2081
427,2017-11-06,123,4189,4312
427,2017-11-07,167,5932,6099
427,2017-11-08,86,4550,4636
427,2017-11-09,80,4569,4649
427,2017-11-10,86,4507,4593
427,2017-11-11,35,2436,2471
427,2017-11-12,6,1806,1812
427,2017-11-13,161,4150,4311
427,2017-11-14,100,4442,4542
427,2017-11-15,188,4318,4506
427,2017-11-16,186,4316,4502
427,2017-11-17,158,5441,5599
427,2017-11-18,33,2694,2727
427,2017-11-19,2,2194,2196
427,2017-11-20,157,4105,4262
427,2017-11-21,147,4536,4683
427,2017-11-22,190,4489,4679
427,2017-11-24,160,4788,4948
427,2017-11-25,14,2570,2584
427,2017-11-26,12,2297,2309
427,2017-11-27,80,4006,4086
427,2017-11-28,126,5092,5218
427,2017-11-29,134,4591,4725
427,2017-11-30,101,4407,4508
427,2017-12-01,125,4175,4300
427,2017-12-02,22,2241,2263
427,2017-12-03,5,1567,1572
427,2017-12-04,77,4124,4201
427,2017-12-05,99,4443,4542
427,2017-12-06,90,4206,4296
427,2017-12-08,86,4296,4382
427,2017-12-09,24,2228,2252
427,2017-12-10,23,1113,1136
427,2017-12-11,86,4038,4124
427,2017-12-12,129,4322,4451
427,2017-12-13,154,4046,4200
427,2017-12-14,160,4464,4624
427,2017-12-15,94,4183,4277
427,2017-12-16,11,2378,2389
427,2017-12-17,2,1691,1693
427,2017-12-18,42,3029,3071
427,2017-12-19,26,3675,3701
427,2017-12-20,31,3356,3387
427,2017-12-21,33,3317,3350
427,2017-12-22,21,3210,3231
427,2017-12-23,6,1933,1939
427,2017-12-24,NA,1358,NA
427,2017-12-25,2,1375,1377
427,2017-12-26,13,1275,1288
427,2017-12-27,6,2358,2364
427,2017-12-28,18,2382,2400
427,2017-12-29,46,2232,2278
427,2017-12-30,18,1860,1878
427,2017-12-31,16,1436,1452
432,2017-01-01,28,2658,2686
432,2017-01-02,159,5161,5320
432,2017-01-03,183,6057,6240
432,2017-01-04,182,6418,6600
432,2017-01-05,28,2582,2610
432,2017-01-06,51,2712,2763
432,2017-01-07,9,1624,1633
432,2017-01-08,6,1479,1485
432,2017-01-09,29,3288,3317
432,2017-01-10,40,3434,3474
432,2017-01-11,32,3472,3504
432,2017-01-12,52,3876,3928
432,2017-01-13,64,3618,3682
432,2017-01-14,12,2051,2063
432,2017-01-15,10,1662,1672
432,2017-01-16,146,3782,3928
432,2017-01-18,244,4388,4632
432,2017-01-19,186,4476,4662
432,2017-01-20,204,4224,4428
432,2017-01-21,45,2360,2405
432,2017-01-22,2,1842,1844
432,2017-01-23,172,3806,3978
432,2017-01-25,215,7257,7472
432,2017-01-26,231,7457,7688
432,2017-01-27,241,7853,8094
432,2017-01-28,159,5683,5842
432,2017-01-29,28,3719,3747
432,2017-01-30,190,7874,8064
432,2017-02-01,201,7370,7571
432,2017-02-02,207,7783,7990
432,2017-02-03,158,8930,9088
432,2017-02-04,128,6346,6474
432,2017-02-05,29,3684,3713
432,2017-02-06,215,7222,7437
432,2017-02-08,209,7236,7445
432,2017-02-09,216,7594,7810
432,2017-02-10,227,7766,7993
432,2017-02-11,153,5992,6145
432,2017-02-12,33,3852,3885
432,2017-02-13,229,7092,7321
432,2017-02-15,222,7452,7674
432,2017-02-16,228,8480,8708
432,2017-02-17,216,8868,9084
432,2017-02-18,172,5386,5558
432,2017-02-19,27,3517,3544
432,2017-02-20,195,6244,6439
432,2017-02-22,172,7302,7474
432,2017-02-23,206,7296,7502
432,2017-02-24,196,7800,7996
432,2017-02-25,161,5282,5443
432,2017-02-26,24,3829,3853
432,2017-02-27,226,7874,8100
432,2017-03-01,218,8178,8396
432,2017-03-02,252,7858,8110
432,2017-03-03,233,7983,8216
432,2017-03-04,152,6446,6598
432,2017-03-05,34,4296,4330
432,2017-03-06,212,7830,8042
432,2017-03-08,230,8112,8342
432,2017-03-09,206,8566,8772
432,2017-03-10,257,8171,8428
432,2017-03-11,169,6224,6393
432,2017-03-12,36,4338,4374
432,2017-03-13,267,7333,7600
432,2017-03-15,286,7755,8041
432,2017-03-16,291,7986,8277
432,2017-03-17,291,8136,8427
432,2017-03-18,164,6526,6690
432,2017-03-19,32,3912,3944
432,2017-03-20,268,7310,7578
432,2017-03-22,268,7600,7868
432,2017-03-23,272,7944,8216
432,2017-03-24,263,8134,8397
432,2017-03-25,166,6437,6603
432,2017-03-27,235,7472,7707
432,2017-03-29,260,7841,8101
432,2017-03-30,228,8337,8565
432,2017-03-31,224,8388,8612
432,2017-04-01,174,6610,6784
432,2017-04-02,36,4524,4560
432,2017-04-03,199,7774,7973
432,2017-04-05,258,8055,8313
432,2017-04-06,270,8120,8390
432,2017-04-07,271,8431,8702
432,2017-04-08,172,6220,6392
432,2017-04-09,42,4401,4443
432,2017-04-10,253,7411,7664
432,2017-04-12,238,7149,7387
432,2017-04-13,235,7214,7449
432,2017-04-14,207,7518,7725
432,2017-04-15,148,5696,5844
432,2017-04-16,40,3468,3508
432,2017-04-17,26,3090,3116
432,2017-04-19,226,7136,7362
432,2017-04-20,222,7153,7375
432,2017-04-21,247,7959,8206
432,2017-04-22,167,5626,5793
432,2017-04-23,31,4017,4048
432,2017-04-24,241,8138,8379
432,2017-04-26,260,7747,8007
432,2017-04-27,270,8053,8323
432,2017-04-28,266,8988,9254
432,2017-04-29,181,6643,6824
432,2017-04-30,27,4972,4999
432,2017-05-01,37,3174,3211
432,2017-05-03,228,7760,7988
432,2017-05-04,264,8054,8318
432,2017-05-05,251,8334,8585
432,2017-05-06,154,6370,6524
432,2017-05-07,25,4186,4211
432,2017-05-08,244,7460,7704
432,2017-05-10,259,8625,8884
432,2017-05-11,242,8176,8418
432,2017-05-12,257,8217,8474
432,2017-05-13,182,6816,6998
432,2017-05-14,40,4400,4440
432,2017-05-15,269,7768,8037
432,2017-05-17,237,7752,7989
432,2017-05-18,286,8944,9230
432,2017-05-19,224,8894,9118
432,2017-05-20,185,6266,6451
432,2017-05-21,40,4360,4400
432,2017-05-22,233,7523,7756
432,2017-05-24,257,8436,8693
432,2017-05-25,33,3665,3698
432,2017-05-26,234,7639,7873
432,2017-05-27,154,6015,6169
432,2017-05-28,37,4443,4480
432,2017-05-29,250,7593,7843
432,2017-05-31,244,7976,8220
432,2017-06-01,245,8163,8408
432,2017-06-02,234,9234,9468
432,2017-06-03,171,6062,6233
432,2017-06-04,40,4030,4070
432,2017-06-05,31,3189,3220
432,2017-06-07,182,7858,8040
432,2017-06-08,213,7455,7668
432,2017-06-09,206,8262,8468
432,2017-06-10,166,6227,6393
432,2017-06-11,34,4422,4456
432,2017-06-12,227,7608,7835
432,2017-06-14,237,7943,8180
432,2017-06-15,228,8316,8544
432,2017-06-16,245,8489,8734
432,2017-06-17,170,6494,6664
432,2017-06-18,28,4431,4459
432,2017-06-19,235,7715,7950
432,2017-06-21,250,8134,8384
432,2017-06-22,231,8522,8753
432,2017-06-23,32,2783,2815
432,2017-06-24,170,5453,5623
432,2017-06-25,42,3906,3948
432,2017-06-26,229,7680,7909
432,2017-06-28,244,8722,8966
432,2017-06-29,218,9012,9230
432,2017-06-30,220,9282,9502
432,2017-07-01,132,6700,6832
432,2017-07-02,30,4135,4165
432,2017-07-03,240,8116,8356
432,2017-07-05,254,8079,8333
432,2017-07-06,226,9138,9364
432,2017-07-07,280,9554,9834
432,2017-07-08,169,6577,6746
432,2017-07-09,34,4288,4322
432,2017-07-10,276,8270,8546
432,2017-07-12,182,8544,8726
432,2017-07-13,239,7838,8077
432,2017-07-14,245,8203,8448
432,2017-07-15,174,5954,6128
432,2017-07-16,32,3908,3940
432,2017-07-17,200,7186,7386
432,2017-07-19,199,7288,7487
432,2017-07-20,216,8060,8276
432,2017-07-21,224,7653,7877
432,2017-07-22,140,5782,5922
432,2017-07-23,41,3611,3652
432,2017-07-24,172,7366,7538
432,2017-07-25,188,7762,7950
432,2017-07-26,232,7178,7410
432,2017-07-27,200,7856,8056
432,2017-07-28,206,6961,7167
432,2017-07-29,163,4973,5136
432,2017-07-30,32,3494,3526
432,2017-07-31,158,6870,7028
432,2017-08-01,156,6848,7004
432,2017-08-02,164,6279,6443
432,2017-08-03,183,6507,6690
432,2017-08-04,195,6438,6633
432,2017-08-05,153,4542,4695
432,2017-08-06,32,3251,3283
432,2017-08-07,198,5976,6174
432,2017-08-08,174,6129,6303
432,2017-08-09,172,6494,6666
432,2017-08-10,170,6550,6720
432,2017-08-11,204,6152,6356
432,2017-08-12,217,4189,4406
432,2017-08-13,41,2983,3024
432,2017-08-14,174,5537,5711
432,2017-08-15,50,2901,2951
432,2017-08-16,169,6118,6287
432,2017-08-18,154,6332,6486
432,2017-08-19,146,4738,4884
432,2017-08-20,39,3120,3159
432,2017-08-21,198,6098,6296
432,2017-08-22,204,6590,6794
432,2017-08-23,196,6645,6841
432,2017-08-25,200,7162,7362
432,2017-08-26,162,4701,4863
432,2017-08-27,33,3366,3399
432,2017-08-28,212,6380,6592
432,2017-08-29,214,6826,7040
432,2017-08-30,216,6606,6822
432,2017-09-01,240,7790,8030
432,2017-09-02,160,4956,5116
432,2017-09-03,36,3782,3818
432,2017-09-04,224,6438,6662
432,2017-09-05,206,6892,7098
432,2017-09-06,221,6899,7120
432,2017-09-08,217,7209,7426
432,2017-09-09,148,5652,5800
432,2017-09-10,45,3855,3900
432,2017-09-11,194,7918,8112
432,2017-09-12,214,8160,8374
432,2017-09-13,220,8244,8464
432,2017-09-15,246,8522,8768
432,2017-09-16,162,6190,6352
432,2017-09-17,32,3870,3902
432,2017-09-18,215,7312,7527
432,2017-09-19,246,7469,7715
432,2017-09-20,225,7395,7620
432,2017-09-22,260,7869,8129
432,2017-09-23,179,5965,6144
432,2017-09-24,33,4140,4173
432,2017-09-25,223,7236,7459
432,2017-09-26,258,7679,7937
432,2017-09-27,227,7628,7855
432,2017-09-28,247,7971,8218
432,2017-09-29,246,7957,8203
432,2017-09-30,132,6930,7062
432,2017-10-01,31,4462,4493
432,2017-10-02,206,8194,8400
432,2017-10-03,234,8560,8794
432,2017-10-04,245,7533,7778
432,2017-10-06,242,8852,9094
432,2017-10-07,173,6042,6215
432,2017-10-08,40,4450,4490
432,2017-10-09,237,7400,7637
432,2017-10-10,232,7772,8004
432,2017-10-11,266,7741,8007
432,2017-10-12,260,7693,7953
432,2017-10-13,271,8128,8399
432,2017-10-14,168,6410,6578
432,2017-10-15,28,4471,4499
432,2017-10-16,215,7624,7839
432,2017-10-17,239,7738,7977
432,2017-10-18,241,8016,8257
432,2017-10-20,224,9162,9386
432,2017-10-21,146,6850,6996
432,2017-10-22,30,4392,4422
432,2017-10-23,208,7189,7397
432,2017-10-24,200,7739,7939
432,2017-10-25,226,7738,7964
432,2017-10-26,232,7828,8060
432,2017-10-27,234,8052,8286
432,2017-10-28,194,6130,6324
432,2017-10-29,28,3812,3840
432,2017-10-30,243,6923,7166
432,2017-10-31,227,7900,8127
432,2017-11-01,29,4014,4043
432,2017-11-03,242,7206,7448
432,2017-11-04,168,5834,6002
432,2017-11-05,34,3794,3828
432,2017-11-06,224,7213,7437
432,2017-11-07,232,7993,8225
432,2017-11-08,208,8268,8476
432,2017-11-09,225,7628,7853
432,2017-11-10,236,8798,9034
432,2017-11-11,128,6652,6780
432,2017-11-12,65,4136,4201
432,2017-11-13,226,7120,7346
432,2017-11-14,224,7756,7980
432,2017-11-15,248,7609,7857
432,2017-11-16,217,7893,8110
432,2017-11-17,198,8236,8434
432,2017-11-18,148,6700,6848
432,2017-11-19,26,4194,4220
432,2017-11-20,226,8166,8392
432,2017-11-21,218,8612,8830
432,2017-11-22,256,7498,7754
432,2017-11-24,212,9358,9570
432,2017-11-25,122,6986,7108
432,2017-11-26,33,4084,4117
432,2017-11-27,218,8178,8396
432,2017-11-28,214,9622,9836
432,2017-11-29,196,8474,8670
432,2017-11-30,204,8788,8992
432,2017-12-01,198,7936,8134
432,2017-12-02,159,6188,6347
432,2017-12-03,32,3921,3953
432,2017-12-04,214,7274,7488
432,2017-12-05,195,7949,8144
432,2017-12-06,226,7669,7895
432,2017-12-08,256,8868,9124
432,2017-12-09,173,6080,6253
432,2017-12-10,30,3326,3356
432,2017-12-11,162,8438,8600
432,2017-12-12,239,7957,8196
432,2017-12-13,234,8082,8316
432,2017-12-14,256,8940,9196
432,2017-12-15,236,9084,9320
432,2017-12-16,154,6029,6183
432,2017-12-17,31,3981,4012
432,2017-12-18,179,7009,7188
432,2017-12-19,194,8440,8634
432,2017-12-20,175,7235,7410
432,2017-12-21,160,8198,8358
432,2017-12-22,192,7496,7688
432,2017-12-23,145,5807,5952
432,2017-12-24,25,4030,4055
432,2017-12-25,22,2734,2756
432,2017-12-26,32,3014,3046
432,2017-12-27,132,6184,6316
432,2017-12-28,178,5751,5929
432,2017-12-29,170,5996,6166
432,2017-12-30,142,5494,5636
432,2017-12-31,20,3968,3988
433,2017-01-01,48,4689,4737
433,2017-01-02,309,7648,7957
433,2017-01-03,381,9159,9540
433,2017-01-05,406,9727,10133
433,2017-01-06,448,10112,10560
433,2017-01-07,135,6566,6701
433,2017-01-08,56,5178,5234
433,2017-01-09,426,10068,10494
433,2017-01-10,437,10182,10619
433,2017-01-11,392,10266,10658
433,2017-01-12,516,10998,11514
433,2017-01-13,431,10506,10937
433,2017-01-14,121,8252,8373
433,2017-01-15,74,6308,6382
433,2017-01-16,570,10529,11099
433,2017-01-18,616,11127,11743
433,2017-01-19,592,11467,12059
433,2017-01-20,576,11634,12210
433,2017-01-21,195,8866,9061
433,2017-01-22,77,6336,6413
433,2017-01-23,505,10667,11172
433,2017-01-25,569,11189,11758
433,2017-01-26,590,11591,12181
433,2017-01-27,550,11731,12281
433,2017-01-28,159,8395,8554
433,2017-01-29,54,5929,5983
433,2017-01-30,478,10336,10814
433,2017-02-01,556,11252,11808
433,2017-02-02,571,11266,11837
433,2017-02-03,594,11703,12297
433,2017-02-04,135,7575,7710
433,2017-02-05,45,6038,6083
433,2017-02-06,604,10698,11302
433,2017-02-08,564,10802,11366
433,2017-02-09,641,11044,11685
433,2017-02-10,724,11434,12158
433,2017-02-11,142,8359,8501
433,2017-02-12,72,6169,6241
433,2017-02-13,651,10701,11352
433,2017-02-15,684,11251,11935
433,2017-02-16,684,11198,11882
433,2017-02-17,649,11054,11703
433,2017-02-18,169,7986,8155
433,2017-02-19,65,6216,6281
433,2017-02-20,614,9483,10097
433,2017-02-22,640,9784,10424
433,2017-02-23,666,9990,10656
433,2017-02-24,706,10136,10842
433,2017-02-25,163,7930,8093
433,2017-02-26,80,6441,6521
433,2017-02-27,558,10018,10576
433,2017-03-01,627,10361,10988
433,2017-03-02,681,11640,12321
433,2017-03-03,733,11912,12645
433,2017-03-04,174,9152,9326
433,2017-03-05,66,5990,6056
433,2017-03-06,673,10691,11364
433,2017-03-08,597,10464,11061
433,2017-03-09,706,11586,12292
433,2017-03-10,805,12073,12878
433,2017-03-11,212,9891,10103
433,2017-03-12,102,7648,7750
433,2017-03-13,708,11119,11827
433,2017-03-15,760,11719,12479
433,2017-03-16,765,12060,12825
433,2017-03-17,778,11993,12771
433,2017-03-18,145,8883,9028
433,2017-03-19,72,6690,6762
433,2017-03-20,679,10933,11612
433,2017-03-22,680,11497,12177
433,2017-03-23,725,12229,12954
433,2017-03-24,823,11798,12621
433,2017-03-25,232,10290,10522
433,2017-03-27,743,11210,11953
433,2017-03-29,805,11690,12495
433,2017-03-30,721,12226,12947
433,2017-03-31,756,12269,13025
433,2017-04-01,209,9687,9896
433,2017-04-02,130,8764,8894
433,2017-04-03,695,11361,12056
433,2017-04-05,845,11835,12680
433,2017-04-06,748,12008,12756
433,2017-04-07,822,12161,12983
433,2017-04-08,235,9880,10115
433,2017-04-09,102,8337,8439
433,2017-04-10,707,10874,11581
433,2017-04-12,792,11349,12141
433,2017-04-13,825,11043,11868
433,2017-04-14,615,11166,11781
433,2017-04-15,229,7742,7971
433,2017-04-16,104,6227,6331
433,2017-04-17,98,6088,6186
433,2017-04-19,660,10831,11491
433,2017-04-20,669,11241,11910
433,2017-04-21,729,11178,11907
433,2017-04-22,237,8376,8613
433,2017-04-23,105,7218,7323
433,2017-04-24,703,11173,11876
433,2017-04-26,746,11756,12502
433,2017-04-27,763,12024,12787
433,2017-04-28,747,12149,12896
433,2017-04-29,227,10114,10341
433,2017-04-30,99,8811,8910
433,2017-05-01,109,6546,6655
433,2017-05-03,674,11318,11992
433,2017-05-04,701,11827,12528
433,2017-05-05,781,12306,13087
433,2017-05-06,244,9317,9561
433,2017-05-07,99,7553,7652
433,2017-05-08,740,11003,11743
433,2017-05-10,816,11853,12669
433,2017-05-11,785,12052,12837
433,2017-05-12,745,11910,12655
433,2017-05-13,221,9692,9913
433,2017-05-14,88,8110,8198
433,2017-05-15,801,11506,12307
433,2017-05-17,781,12224,13005
433,2017-05-18,782,12205,12987
433,2017-05-19,744,12134,12878
433,2017-05-20,283,9517,9800
433,2017-05-21,102,8447,8549
433,2017-05-22,704,11423,12127
433,2017-05-24,771,12210,12981
433,2017-05-25,112,8328,8440
433,2017-05-26,511,11166,11677
433,2017-05-27,231,9579,9810
433,2017-05-28,128,8182,8310
433,2017-05-29,717,11384,12101
433,2017-05-31,721,11939,12660
433,2017-06-01,780,12277,13057
433,2017-06-02,806,12192,12998
433,2017-06-03,266,9098,9364
433,2017-06-04,100,7408,7508
433,2017-06-05,85,7192,7277
433,2017-06-07,748,11478,12226
433,2017-06-08,774,11503,12277
433,2017-06-09,776,11656,12432
433,2017-06-10,234,9334,9568
433,2017-06-11,91,8291,8382
433,2017-06-12,762,11509,12271
433,2017-06-14,740,12445,13185
433,2017-06-15,648,12455,13103
433,2017-06-16,868,12937,13805
433,2017-06-17,273,11542,11815
433,2017-06-18,175,9292,9467
433,2017-06-19,802,11763,12565
433,2017-06-21,758,12355,13113
433,2017-06-22,787,12130,12917
433,2017-06-23,170,7818,7988
433,2017-06-24,208,8922,9130
433,2017-06-25,107,7560,7667
433,2017-06-26,794,12150,12944
433,2017-06-28,800,11898,12698
433,2017-06-29,750,12192,12942
433,2017-06-30,822,12375,13197
433,2017-07-01,178,9940,10118
433,2017-07-02,102,8206,8308
433,2017-07-03,720,11076,11796
433,2017-07-05,811,12161,12972
433,2017-07-06,850,12356,13206
433,2017-07-07,800,13344,14144
433,2017-07-08,330,10189,10519
433,2017-07-09,134,8264,8398
433,2017-07-10,756,11314,12070
433,2017-07-12,760,11682,12442
433,2017-07-13,803,12288,13091
433,2017-07-14,764,13328,14092
433,2017-07-15,267,9972,10239
433,2017-07-16,121,8531,8652
433,2017-07-17,725,12208,12933
433,2017-07-19,750,11858,12608
433,2017-07-20,844,11276,12120
433,2017-07-21,843,11926,12769
433,2017-07-22,214,8853,9067
433,2017-07-23,95,7277,7372
433,2017-07-24,790,10518,11308
433,2017-07-25,777,11016,11793
433,2017-07-26,793,11441,12234
433,2017-07-27,758,11114,11872
433,2017-07-28,619,11207,11826
433,2017-07-29,189,8285,8474
433,2017-07-30,106,7018,7124
433,2017-07-31,542,10160,10702
433,2017-08-01,522,10434,10956
433,2017-08-02,503,10440,10943
433,2017-08-03,522,10467,10989
433,2017-08-04,511,10371,10882
433,2017-08-05,188,7500,7688
433,2017-08-06,92,7512,7604
433,2017-08-07,479,9991,10470
433,2017-08-08,490,9382,9872
433,2017-08-09,495,9984,10479
433,2017-08-10,478,9670,10148
433,2017-08-11,554,10211,10765
433,2017-08-12,222,6999,7221
433,2017-08-13,106,6738,6844
433,2017-08-14,448,8612,9060
433,2017-08-15,90,6677,6767
433,2017-08-16,484,9737,10221
433,2017-08-18,496,9894,10390
433,2017-08-19,142,7214,7356
433,2017-08-20,71,6648,6719
433,2017-08-21,566,10074,10640
433,2017-08-22,595,10661,11256
433,2017-08-23,683,11166,11849
433,2017-08-25,726,10986,11712
433,2017-08-26,254,7210,7464
433,2017-08-27,209,6456,6665
433,2017-08-28,845,10583,11428
433,2017-08-29,859,11366,12225
433,2017-08-30,919,11318,12237
433,2017-09-01,889,11586,12475
433,2017-09-02,216,8370,8586
433,2017-09-03,115,8063,8178
433,2017-09-04,829,10612,11441
433,2017-09-05,938,11411,12349
433,2017-09-06,870,11553,12423
433,2017-09-08,871,11461,12332
433,2017-09-09,224,8092,8316
433,2017-09-10,114,7347,7461
433,2017-09-11,804,11190,11994
433,2017-09-12,926,11512,12438
433,2017-09-13,884,11168,12052
433,2017-09-15,820,11776,12596
433,2017-09-16,278,9366,9644
433,2017-09-17,134,7562,7696
433,2017-09-18,772,11248,12020
433,2017-09-19,825,11538,12363
433,2017-09-20,793,11507,12300
433,2017-09-22,813,11895,12708
433,2017-09-23,273,10141,10414
433,2017-09-24,127,8788,8915
433,2017-09-25,759,10917,11676
433,2017-09-26,712,11639,12351
433,2017-09-27,729,11913,12642
433,2017-09-28,722,12052,12774
433,2017-09-29,753,12156,12909
433,2017-09-30,298,10324,10622
433,2017-10-01,138,9365,9503
433,2017-10-02,713,10703,11416
433,2017-10-03,680,11790,12470
433,2017-10-04,768,11409,12177
433,2017-10-06,682,11639,12321
433,2017-10-07,313,8890,9203
433,2017-10-08,107,7586,7693
433,2017-10-09,702,11001,11703
433,2017-10-10,710,11228,11938
433,2017-10-11,761,11479,12240
433,2017-10-12,719,11901,12620
433,2017-10-13,806,11982,12788
433,2017-10-14,277,10567,10844
433,2017-10-15,117,9655,9772
433,2017-10-16,720,11421,12141
433,2017-10-17,705,11736,12441
433,2017-10-18,754,12010,12764
433,2017-10-20,798,12056,12854
433,2017-10-21,222,9461,9683
433,2017-10-22,72,7236,7308
433,2017-10-23,685,10781,11466
433,2017-10-24,666,10817,11483
433,2017-10-25,662,11483,12145
433,2017-10-26,719,11606,12325
433,2017-10-27,680,11662,12342
433,2017-10-28,249,9066,9315
433,2017-10-29,117,6776,6893
433,2017-10-30,715,10317,11032
433,2017-10-31,572,11330,11902
433,2017-11-01,80,7279,7359
433,2017-11-03,765,10938,11703
433,2017-11-04,198,8584,8782
433,2017-11-05,106,6494,6600
433,2017-11-06,694,10698,11392
433,2017-11-07,684,10476,11160
433,2017-11-08,557,9883,10440
433,2017-11-09,714,11630,12344
433,2017-11-10,680,11382,12062
433,2017-11-11,171,8082,8253
433,2017-11-12,80,6360,6440
433,2017-11-13,627,10750,11377
433,2017-11-14,702,11059,11761
433,2017-11-15,746,11315,12061
433,2017-11-16,681,11870,12551
433,2017-11-17,669,11449,12118
433,2017-11-18,167,9352,9519
433,2017-11-19,56,7380,7436
433,2017-11-20,688,10257,10945
433,2017-11-21,593,11001,11594
433,2017-11-22,717,11298,12015
433,2017-11-24,645,11169,11814
433,2017-11-25,154,9460,9614
433,2017-11-26,87,7079,7166
433,2017-11-27,590,9041,9631
433,2017-11-28,663,10684,11347
433,2017-11-29,680,10994,11674
433,2017-11-30,656,11045,11701
433,2017-12-01,670,10728,11398
433,2017-12-02,184,8624,8808
433,2017-12-03,73,6199,6272
433,2017-12-04,583,10452,11035
433,2017-12-05,621,11057,11678
433,2017-12-06,707,11051,11758
433,2017-12-08,750,11224,11974
433,2017-12-09,190,8938,9128
433,2017-12-10,132,5012,5144
433,2017-12-11,712,10204,10916
433,2017-12-12,704,11196,11900
433,2017-12-13,673,9326,9999
433,2017-12-14,678,11636,12314
433,2017-12-15,539,10344,10883
433,2017-12-16,152,8514,8666
433,2017-12-17,75,6372,6447
433,2017-12-18,427,9502,9929
433,2017-12-19,500,10742,11242
433,2017-12-20,459,10334,10793
433,2017-12-21,423,10448,10871
433,2017-12-22,444,10639,11083
433,2017-12-23,160,7368,7528
433,2017-12-24,60,5291,5351
433,2017-12-25,32,4825,4857
433,2017-12-26,38,4914,4952
433,2017-12-27,367,8027,8394
433,2017-12-28,408,8661,9069
433,2017-12-29,424,8162,8586
433,2017-12-30,164,6748,6912
433,2017-12-31,68,5420,5488
445,2017-01-01,153,5140,5293
445,2017-01-02,652,7175,7827
445,2017-01-03,662,8258,8920
445,2017-01-04,674,8460,9134
445,2017-01-05,662,8474,9136
445,2017-01-06,720,9503,10223
445,2017-01-07,506,7045,7551
445,2017-01-08,145,5624,5769
445,2017-01-09,785,9605,10390
445,2017-01-10,742,10030,10772
445,2017-01-11,727,10080,10807
445,2017-01-12,767,10388,11155
445,2017-01-13,798,11196,11994
445,2017-01-14,511,8150,8661
445,2017-01-15,157,6159,6316
445,2017-01-16,853,9940,10793
445,2017-01-17,863,10385,11248
445,2017-01-18,819,10356,11175
445,2017-01-19,841,10401,11242
445,2017-01-20,849,10993,11842
445,2017-01-21,520,9006,9526
445,2017-01-22,152,6463,6615
445,2017-01-23,870,10161,11031
445,2017-01-24,845,10299,11144
445,2017-01-25,772,8939,9711
445,2017-01-26,894,10589,11483
445,2017-01-27,993,10886,11879
445,2017-01-28,590,8747,9337
445,2017-01-29,152,6525,6677
445,2017-01-30,814,9475,10289
445,2017-01-31,969,9974,10943
445,2017-02-01,1000,10242,11242
445,2017-02-02,987,10599,11586
445,2017-02-03,896,10490,11386
445,2017-02-04,505,8400,8905
445,2017-02-05,156,6594,6750
445,2017-02-06,1001,9862,10863
445,2017-02-07,889,10166,11055
445,2017-02-08,998,10163,11161
445,2017-02-09,1048,10260,11308
445,2017-02-10,1050,10348,11398
445,2017-02-11,541,8392,8933
445,2017-02-12,158,6378,6536
445,2017-02-13,1089,9914,11003
445,2017-02-14,1068,10263,11331
445,2017-02-15,1127,10380,11507
445,2017-02-16,956,10379,11335
445,2017-02-17,935,10359,11294
445,2017-02-18,540,8280,8820
445,2017-02-19,163,6233,6396
445,2017-02-20,946,8525,9471
445,2017-02-21,906,9181,10087
445,2017-02-22,900,8934,9834
445,2017-02-23,953,9170,10123
445,2017-02-24,924,9558,10482
445,2017-02-25,585,7990,8575
445,2017-02-26,165,6208,6373
445,2017-02-27,974,9679,10653
445,2017-02-28,980,10353,11333
445,2017-03-01,887,9659,10546
445,2017-03-02,1078,10705,11783
445,2017-03-03,1040,10897,11937
445,2017-03-04,598,9710,10308
445,2017-03-05,142,6323,6465
445,2017-03-06,965,9804,10769
445,2017-03-07,928,10264,11192
445,2017-03-08,946,10245,11191
445,2017-03-09,952,10743,11695
445,2017-03-10,1059,11342,12401
445,2017-03-11,611,9540,10151
445,2017-03-12,154,7799,7953
445,2017-03-13,1071,10046,11117
445,2017-03-14,1060,10682,11742
445,2017-03-15,1119,10452,11571
445,2017-03-16,1094,10838,11932
445,2017-03-17,1096,11082,12178
445,2017-03-18,575,8983,9558
445,2017-03-19,161,6800,6961
445,2017-03-20,1028,10022,11050
445,2017-03-21,962,10468,11430
445,2017-03-22,1135,10289,11424
445,2017-03-23,1105,10846,11951
445,2017-03-24,1039,11010,12049
445,2017-03-25,628,10239,10867
445,2017-03-27,1075,10338,11413
445,2017-03-28,1044,11477,12521
445,2017-03-29,1102,10826,11928
445,2017-03-30,1064,11112,12176
445,2017-03-31,1047,11351,12398
445,2017-04-01,604,9761,10365
445,2017-04-02,174,8381,8555
445,2017-04-03,1082,10881,11963
445,2017-04-04,972,10806,11778
445,2017-04-05,945,10487,11432
445,2017-04-06,987,10610,11597
445,2017-04-07,977,11336,12313
445,2017-04-08,609,9995,10604
445,2017-04-09,169,7597,7766
445,2017-04-10,997,9902,10899
445,2017-04-11,1062,10896,11958
445,2017-04-12,1118,10763,11881
445,2017-04-13,1058,10787,11845
445,2017-04-14,1038,11158,12196
445,2017-04-15,583,7687,8270
445,2017-04-16,191,6122,6313
445,2017-04-17,165,5668,5833
445,2017-04-18,1074,9964,11038
445,2017-04-19,1115,10397,11512
445,2017-04-20,1069,10499,11568
445,2017-04-21,1069,11008,12077
445,2017-04-22,623,8544,9167
445,2017-04-23,188,7487,7675
445,2017-04-24,1144,10643,11787
445,2017-04-25,1122,11296,12418
445,2017-04-26,1182,10898,12080
445,2017-04-27,1132,10779,11911
445,2017-04-28,1137,11404,12541
445,2017-04-29,639,9684,10323
445,2017-04-30,192,7698,7890
445,2017-05-01,176,6008,6184
445,2017-05-02,1083,10679,11762
445,2017-05-03,1078,10398,11476
445,2017-05-04,1133,10996,12129
445,2017-05-05,1095,11337,12432
445,2017-05-06,631,9002,9633
445,2017-05-07,171,7084,7255
445,2017-05-08,1126,9949,11075
445,2017-05-09,1126,10914,12040
445,2017-05-10,1111,10930,12041
445,2017-05-11,1101,10907,12008
445,2017-05-12,1100,11519,12619
445,2017-05-13,644,9837,10481
445,2017-05-14,178,7638,7816
445,2017-05-15,1124,10155,11279
445,2017-05-16,1179,11239,12418
445,2017-05-17,1191,11168,12359
445,2017-05-18,1109,10634,11743
445,2017-05-19,986,10320,11306
445,2017-05-20,724,10676,11400
445,2017-05-21,191,7950,8141
445,2017-05-22,1056,10215,11271
445,2017-05-23,1139,11023,12162
445,2017-05-24,1066,11067,12133
445,2017-05-25,187,7172,7359
445,2017-05-26,891,10514,11405
445,2017-05-27,562,8694,9256
445,2017-05-28,177,7235,7412
445,2017-05-29,1053,10540,11593
445,2017-05-30,1031,11048,12079
445,2017-05-31,1040,11179,12219
445,2017-06-01,1035,11041,12076
445,2017-06-02,963,10700,11663
445,2017-06-03,613,8306,8919
445,2017-06-04,175,6695,6870
445,2017-06-05,201,6590,6791
445,2017-06-06,988,9527,10515
445,2017-06-07,902,8496,9398
445,2017-06-08,1081,10271,11352
445,2017-06-09,1043,10506,11549
445,2017-06-10,623,9245,9868
445,2017-06-11,168,7793,7961
445,2017-06-12,1047,10658,11705
445,2017-06-13,1114,11256,12370
445,2017-06-14,1106,11216,12322
445,2017-06-15,986,10945,11931
445,2017-06-16,999,11039,12038
445,2017-06-17,717,11971,12688
445,2017-06-18,241,9029,9270
445,2017-06-19,1077,10627,11704
445,2017-06-20,1112,10997,12109
445,2017-06-21,1119,10930,12049
445,2017-06-22,1115,11571,12686
445,2017-06-23,209,6671,6880
445,2017-06-24,619,8425,9044
445,2017-06-25,179,6575,6754
445,2017-06-26,1110,9860,10970
445,2017-06-27,1041,10675,11716
445,2017-06-28,1046,10525,11571
445,2017-06-29,1048,11201,12249
445,2017-06-30,1058,10770,11828
445,2017-07-01,625,9932,10557
445,2017-07-02,196,7896,8092
445,2017-07-03,1059,10484,11543
445,2017-07-04,1140,10622,11762
445,2017-07-05,1105,11252,12357
445,2017-07-06,1055,10927,11982
445,2017-07-07,1068,11068,12136
445,2017-07-08,660,9667,10327
445,2017-07-09,215,7433,7648
445,2017-07-10,1043,10637,11680
445,2017-07-11,1013,11529,12542
445,2017-07-12,937,11134,12071
445,2017-07-13,1019,11523,12542
445,2017-07-14,986,11253,12239
445,2017-07-15,651,8990,9641
445,2017-07-16,169,7087,7256
445,2017-07-17,1025,10878,11903
445,2017-07-18,1016,11049,12065
445,2017-07-19,1076,11097,12173
445,2017-07-20,978,10935,11913
445,2017-07-21,964,10487,11451
445,2017-07-22,655,8686,9341
445,2017-07-23,172,6747,6919
445,2017-07-24,972,10165,11137
445,2017-07-25,1029,10589,11618
445,2017-07-26,977,10377,11354
445,2017-07-27,981,9991,10972
445,2017-07-28,897,10520,11417
445,2017-07-29,604,7838,8442
445,2017-07-30,164,6231,6395
445,2017-07-31,854,8758,9612
445,2017-08-01,773,9366,10139
445,2017-08-02,901,9292,10193
445,2017-08-03,882,9152,10034
445,2017-08-04,855,9406,10261
445,2017-08-05,599,6977,7576
445,2017-08-06,187,6177,6364
445,2017-08-07,862,8206,9068
445,2017-08-08,837,8240,9077
445,2017-08-09,843,8409,9252
445,2017-08-10,856,8554,9410
445,2017-08-11,842,8714,9556
445,2017-08-12,605,6357,6962
445,2017-08-13,170,5416,5586
445,2017-08-14,781,7151,7932
445,2017-08-15,180,4842,5022
445,2017-08-16,853,8433,9286
445,2017-08-17,830,8759,9589
445,2017-08-18,794,8564,9358
445,2017-08-19,600,6614,7214
445,2017-08-20,173,5472,5645
445,2017-08-21,952,8306,9258
445,2017-08-22,929,9488,10417
445,2017-08-23,945,9407,10352
445,2017-08-24,937,9622,10559
445,2017-08-25,928,9487,10415
445,2017-08-26,668,7630,8298
445,2017-08-27,213,6306,6519
445,2017-08-28,1021,9637,10658
445,2017-08-29,1027,10068,11095
445,2017-08-30,1089,10103,11192
445,2017-08-31,985,9833,10818
445,2017-09-01,1040,10071,11111
445,2017-09-02,670,7584,8254
445,2017-09-03,208,6577,6785
445,2017-09-04,1032,9007,10039
445,2017-09-05,1062,10463,11525
445,2017-09-06,1033,10006,11039
445,2017-09-07,1115,10099,11214
445,2017-09-08,1086,10166,11252
445,2017-09-09,670,7672,8342
445,2017-09-10,240,6660,6900
445,2017-09-11,1004,10396,11400
445,2017-09-12,1039,10580,11619
445,2017-09-13,872,10004,10876
445,2017-09-14,869,10100,10969
445,2017-09-15,958,10682,11640
445,2017-09-16,611,8454,9065
445,2017-09-17,177,6288,6465
445,2017-09-18,1121,10730,11851
445,2017-09-19,1139,10779,11918
445,2017-09-20,1097,10621,11718
445,2017-09-21,1057,10497,11554
445,2017-09-22,1066,10940,12006
445,2017-09-23,666,9207,9873
445,2017-09-24,164,7367,7531
445,2017-09-25,1042,10092,11134
445,2017-09-26,1155,10830,11985
445,2017-09-27,1059,10517,11576
445,2017-09-28,1018,10479,11497
445,2017-09-29,1083,11297,12380
445,2017-09-30,679,11959,12638
445,2017-10-01,231,10780,11011
445,2017-10-02,1059,10363,11422
445,2017-10-03,1019,10779,11798
445,2017-10-04,1130,10542,11672
445,2017-10-05,973,9605,10578
445,2017-10-06,1022,11172,12194
445,2017-10-07,682,10738,11420
445,2017-10-08,166,7465,7631
445,2017-10-09,1133,10139,11272
445,2017-10-10,1090,11001,12091
445,2017-10-11,1058,10103,11161
445,2017-10-12,1128,10725,11853
445,2017-10-13,1056,10350,11406
445,2017-10-14,690,9800,10490
445,2017-10-15,185,7609,7794
445,2017-10-16,1052,10391,11443
445,2017-10-17,1086,10936,12022
445,2017-10-18,1178,11266,12444
445,2017-10-19,1141,10828,11969
445,2017-10-20,1035,11057,12092
445,2017-10-21,631,9015,9646
445,2017-10-22,152,6752,6904
445,2017-10-23,957,9762,10719
445,2017-10-24,949,10752,11701
445,2017-10-25,952,9632,10584
445,2017-10-26,1088,10667,11755
445,2017-10-27,998,10945,11943
445,2017-10-28,631,8769,9400
445,2017-10-29,148,6108,6256
445,2017-10-30,1028,9806,10834
445,2017-11-01,156,6959,7115
445,2017-11-02,1028,9654,10682
445,2017-11-03,1049,9999,11048
445,2017-11-04,658,8100,8758
445,2017-11-05,152,6189,6341
445,2017-11-06,1138,9902,11040
445,2017-11-07,1102,10402,11504
445,2017-11-08,972,10241,11213
445,2017-11-09,1083,10959,12042
445,2017-11-10,930,10329,11259
445,2017-11-11,558,8467,9025
445,2017-11-12,142,5922,6064
445,2017-11-13,1049,9877,10926
445,2017-11-14,1142,10457,11599
445,2017-11-15,1144,10320,11464
445,2017-11-16,1076,10745,11821
445,2017-11-17,1051,10957,12008
445,2017-11-18,674,8914,9588
445,2017-11-19,162,6717,6879
445,2017-11-20,1069,9445,10514
445,2017-11-21,1011,10056,11067
445,2017-11-22,1095,9711,10806
445,2017-11-23,1086,10921,12007
445,2017-11-24,931,10096,11027
445,2017-11-25,644,8903,9547
445,2017-11-26,170,6819,6989
445,2017-11-27,956,9100,10056
445,2017-11-28,1051,10630,11681
445,2017-11-29,1102,10253,11355
445,2017-11-30,1033,10633,11666
445,2017-12-01,989,10699,11688
445,2017-12-02,653,8957,9610
445,2017-12-03,174,6353,6527
445,2017-12-04,980,9492,10472
445,2017-12-05,994,10635,11629
445,2017-12-06,1062,9849,10911
445,2017-12-07,1054,10389,11443
445,2017-12-08,890,10006,10896
445,2017-12-09,621,9092,9713
445,2017-12-10,152,5555,5707
445,2017-12-11,851,9177,10028
445,2017-12-12,1030,10260,11290
445,2017-12-13,897,9454,10351
445,2017-12-14,981,10879,11860
445,2017-12-15,821,10311,11132
445,2017-12-16,612,8905,9517
445,2017-12-17,170,6498,6668
445,2017-12-18,801,8958,9759
445,2017-12-19,871,9798,10669
445,2017-12-20,794,9769,10563
445,2017-12-21,815,9948,10763
445,2017-12-22,777,10220,10997
445,2017-12-23,599,7695,8294
445,2017-12-24,133,5712,5845
445,2017-12-25,142,4940,5082
445,2017-12-26,149,4754,4903
445,2017-12-27,699,7686,8385
445,2017-12-28,790,8066,8856
445,2017-12-29,674,7401,8075
445,2017-12-30,564,6807,7371
445,2017-12-31,152,5491,5643
446,2017-01-01,87,3151,3238
446,2017-01-02,456,6010,6466
446,2017-01-03,461,7372,7833
446,2017-01-06,477,8573,9050
446,2017-01-07,254,5244,5498
446,2017-01-08,93,3803,3896
446,2017-01-09,554,8398,8952
446,2017-01-10,545,8566,9111
446,2017-01-11,538,8340,8878
446,2017-01-12,548,8718,9266
446,2017-01-14,264,6236,6500
446,2017-01-15,97,4186,4283
446,2017-01-16,634,8597,9231
446,2017-01-17,666,9065,9731
446,2017-01-18,653,8592,9245
446,2017-01-19,654,9183,9837
446,2017-01-20,648,9738,10386
446,2017-01-21,251,6448,6699
446,2017-01-22,92,4220,4312
446,2017-01-23,720,8936,9656
446,2017-01-24,711,9076,9787
446,2017-01-25,747,9068,9815
446,2017-01-26,731,9444,10175
446,2017-01-27,742,9918,10660
446,2017-01-28,371,6589,6960
446,2017-01-29,99,4554,4653
446,2017-01-30,726,9371,10097
446,2017-01-31,832,9100,9932
446,2017-02-01,786,9276,10062
446,2017-02-02,816,9618,10434
446,2017-02-03,857,10159,11016
446,2017-02-04,340,6455,6795
446,2017-02-05,115,4689,4804
446,2017-02-06,796,9100,9896
446,2017-02-07,781,9723,10504
446,2017-02-08,793,9344,10137
446,2017-02-09,784,9541,10325
446,2017-02-10,821,9701,10522
446,2017-02-11,361,6385,6746
446,2017-02-12,101,4334,4435
446,2017-02-13,787,9026,9813
446,2017-02-14,823,9703,10526
446,2017-02-15,838,9293,10131
446,2017-02-16,825,9786,10611
446,2017-02-17,775,9978,10753
446,2017-02-18,351,6507,6858
446,2017-02-19,105,4503,4608
446,2017-02-20,760,8992,9752
446,2017-02-21,736,9050,9786
446,2017-02-22,758,8972,9730
446,2017-02-23,760,9273,10033
446,2017-02-24,803,9676,10479
446,2017-02-25,375,6396,6771
446,2017-02-26,110,4562,4672
446,2017-02-27,793,8737,9530
446,2017-02-28,801,9532,10333
446,2017-03-01,783,9400,10183
446,2017-03-02,867,10004,10871
446,2017-03-03,862,10255,11117
446,2017-03-04,417,7788,8205
446,2017-03-05,106,4438,4544
446,2017-03-06,871,9441,10312
446,2017-03-07,833,9576,10409
446,2017-03-08,837,9059,9896
446,2017-03-09,863,10018,10881
446,2017-03-10,871,10789,11660
446,2017-03-11,370,7286,7656
446,2017-03-12,107,5211,5318
446,2017-03-13,867,9164,10031
446,2017-03-14,864,8978,9842
446,2017-03-15,905,9335,10240
446,2017-03-16,882,9884,10766
446,2017-03-17,895,10014,10909
446,2017-03-18,382,7359,7741
446,2017-03-19,116,5214,5330
446,2017-03-20,849,9033,9882
446,2017-03-21,880,9553,10433
446,2017-03-22,874,9359,10233
446,2017-03-23,862,9648,10510
446,2017-03-24,845,10343,11188
446,2017-03-25,393,7694,8087
446,2017-03-27,749,9318,10067
446,2017-03-28,773,9760,10533
446,2017-03-29,805,9340,10145
446,2017-03-30,798,10085,10883
446,2017-03-31,784,10447,11231
446,2017-04-01,310,7342,7652
446,2017-04-02,112,5495,5607
446,2017-04-03,757,9690,10447
446,2017-04-04,782,9895,10677
446,2017-04-05,821,9937,10758
446,2017-04-06,752,10211,10963
446,2017-04-07,770,10282,11052
446,2017-04-08,341,7670,8011
446,2017-04-09,106,5668,5774
446,2017-04-10,754,9539,10293
446,2017-04-11,811,10002,10813
446,2017-04-12,728,9745,10473
446,2017-04-13,731,9658,10389
446,2017-04-14,721,9744,10465
446,2017-04-15,339,6342,6681
446,2017-04-16,108,4136,4244
446,2017-04-17,108,3598,3706
446,2017-04-18,766,9200,9966
446,2017-04-19,729,8954,9683
446,2017-04-20,741,9636,10377
446,2017-04-21,651,9755,10406
446,2017-04-22,357,6856,7213
446,2017-04-23,109,5029,5138
446,2017-04-24,745,9331,10076
446,2017-04-25,768,9764,10532
446,2017-04-26,766,9408,10174
446,2017-04-27,777,10099,10876
446,2017-04-28,801,11260,12061
446,2017-04-29,334,7589,7923
446,2017-04-30,115,5815,5930
446,2017-05-01,100,3839,3939
446,2017-05-02,775,9901,10676
446,2017-05-03,780,9999,10779
446,2017-05-04,833,9879,10712
446,2017-05-05,838,10322,11160
446,2017-05-06,314,6906,7220
446,2017-05-07,103,4755,4858
446,2017-05-08,785,9505,10290
446,2017-05-09,811,9685,10496
446,2017-05-10,809,9749,10558
446,2017-05-11,824,9809,10633
446,2017-05-12,778,10242,11020
446,2017-05-13,361,7625,7986
446,2017-05-14,136,5119,5255
446,2017-05-15,813,9525,10338
446,2017-05-16,793,10163,10956
446,2017-05-17,864,9933,10797
446,2017-05-18,848,9689,10537
446,2017-05-19,777,10288,11065
446,2017-05-20,398,8295,8693
446,2017-05-21,117,5910,6027
446,2017-05-22,786,9607,10393
446,2017-05-23,755,9757,10512
446,2017-05-24,906,10092,10998
446,2017-05-25,225,4967,5192
446,2017-05-26,695,8580,9275
446,2017-05-27,298,6858,7156
446,2017-05-28,126,5088,5214
446,2017-05-29,726,9457,10183
446,2017-05-30,744,9745,10489
446,2017-05-31,787,9897,10684
446,2017-06-01,815,10278,11093
446,2017-06-02,750,10411,11161
446,2017-06-03,295,6530,6825
446,2017-06-04,105,4668,4773
446,2017-06-05,157,4940,5097
446,2017-06-06,717,9018,9735
446,2017-06-07,702,9505,10207
446,2017-06-08,766,9861,10627
446,2017-06-09,710,10072,10782
446,2017-06-10,287,6792,7079
446,2017-06-11,109,5264,5373
446,2017-06-12,776,9532,10308
446,2017-06-13,778,9888,10666
446,2017-06-14,759,10067,10826
446,2017-06-15,698,10352,11050
446,2017-06-16,752,10631,11383
446,2017-06-17,445,9555,10000
446,2017-06-18,198,7261,7459
446,2017-06-19,765,9593,10358
446,2017-06-20,828,10038,10866
446,2017-06-21,834,9657,10491
446,2017-06-22,787,10025,10812
446,2017-06-23,122,4725,4847
446,2017-06-24,270,6404,6674
446,2017-06-25,114,4663,4777
446,2017-06-26,828,9826,10654
446,2017-06-27,780,10104,10884
446,2017-06-28,798,9823,10621
446,2017-06-29,726,10304,11030
446,2017-06-30,758,10394,11152
446,2017-07-01,310,7875,8185
446,2017-07-02,147,5987,6134
446,2017-07-03,869,9799,10668
446,2017-07-04,838,9704,10542
446,2017-07-05,810,9996,10806
446,2017-07-06,824,10147,10971
446,2017-07-07,802,10549,11351
446,2017-07-08,356,7259,7615
446,2017-07-09,169,5068,5237
446,2017-07-10,766,9326,10092
446,2017-07-11,701,10054,10755
446,2017-07-12,725,9759,10484
446,2017-07-13,737,9599,10336
446,2017-07-14,683,10823,11506
446,2017-07-15,334,7066,7400
446,2017-07-16,125,5007,5132
446,2017-07-17,752,9261,10013
446,2017-07-18,788,9492,10280
446,2017-07-19,822,9414,10236
446,2017-07-20,767,9822,10589
446,2017-07-21,802,10573,11375
446,2017-07-22,391,6735,7126
446,2017-07-23,126,5011,5137
446,2017-07-24,732,9362,10094
446,2017-07-25,738,9452,10190
446,2017-07-26,717,9569,10286
446,2017-07-27,678,9352,10030
446,2017-07-28,606,9561,10167
446,2017-07-29,273,6226,6499
446,2017-07-30,111,4397,4508
446,2017-07-31,526,7933,8459
446,2017-08-01,542,8348,8890
446,2017-08-02,549,8005,8554
446,2017-08-03,542,8232,8774
446,2017-08-04,557,8840,9397
446,2017-08-05,257,5509,5766
446,2017-08-06,183,4735,4918
446,2017-08-07,508,7561,8069
446,2017-08-08,502,7470,7972
446,2017-08-09,542,7545,8087
446,2017-08-10,488,7706,8194
446,2017-08-11,518,7990,8508
446,2017-08-12,250,5054,5304
446,2017-08-13,98,3953,4051
446,2017-08-14,466,6291,6757
446,2017-08-15,105,3378,3483
446,2017-08-16,517,7442,7959
446,2017-08-17,536,8269,8805
446,2017-08-18,527,8479,9006
446,2017-08-19,271,5375,5646
446,2017-08-20,108,4017,4125
446,2017-08-21,558,7846,8404
446,2017-08-22,624,8605,9229
446,2017-08-23,691,8398,9089
446,2017-08-24,667,8645,9312
446,2017-08-25,742,8805,9547
446,2017-08-26,296,5869,6165
446,2017-08-27,123,4532,4655
446,2017-08-28,691,8751,9442
446,2017-08-29,749,9312,10061
446,2017-08-30,815,9339,10154
446,2017-08-31,884,9969,10853
446,2017-09-01,877,9804,10681
446,2017-09-02,415,5995,6410
446,2017-09-03,134,4811,4945
446,2017-09-04,842,8852,9694
446,2017-09-05,836,9705,10541
446,2017-09-06,804,9704,10508
446,2017-09-07,824,9829,10653
446,2017-09-08,860,10425,11285
446,2017-09-09,422,6182,6604
446,2017-09-10,195,5210,5405
446,2017-09-11,899,9871,10770
446,2017-09-12,914,10131,11045
446,2017-09-13,801,9502,10303
446,2017-09-14,716,9870,10586
446,2017-09-15,808,10222,11030
446,2017-09-16,307,6632,6939
446,2017-09-17,127,4644,4771
446,2017-09-18,861,9647,10508
446,2017-09-19,826,9086,9912
446,2017-09-20,807,9088,9895
446,2017-09-21,851,9470,10321
446,2017-09-22,810,9835,10645
446,2017-09-23,335,6722,7057
446,2017-09-24,146,5098,5244
446,2017-09-25,950,9342,10292
446,2017-09-26,904,9545,10449
446,2017-09-27,936,9166,10102
446,2017-09-28,956,9604,10560
446,2017-09-29,987,10936,11923
446,2017-09-30,678,15797,16475
446,2017-10-01,259,12300,12559
446,2017-10-02,890,9485,10375
446,2017-10-03,981,9514,10495
446,2017-10-04,879,9101,9980
446,2017-10-05,896,8516,9412
446,2017-10-06,900,10074,10974
446,2017-10-07,494,8946,9440
446,2017-10-08,97,4904,5001
446,2017-10-09,882,9003,9885
446,2017-10-10,1091,10100,11191
446,2017-10-11,1107,9977,11084
446,2017-10-12,1037,9816,10853
446,2017-10-13,904,9872,10776
446,2017-10-14,325,7308,7633
446,2017-10-15,131,5398,5529
446,2017-10-16,1009,9879,10888
446,2017-10-17,945,9563,10508
446,2017-10-18,1014,9862,10876
446,2017-10-19,885,9540,10425
446,2017-10-20,928,9774,10702
446,2017-10-21,329,6711,7040
446,2017-10-22,109,4434,4543
446,2017-10-23,851,9019,9870
446,2017-10-24,846,9975,10821
446,2017-10-25,911,8933,9844
446,2017-10-26,858,9284,10142
446,2017-10-27,812,9855,10667
446,2017-10-28,357,6526,6883
446,2017-10-29,91,4631,4722
446,2017-10-30,872,9440,10312
446,2017-11-01,96,4484,4580
446,2017-11-02,921,9211,10132
446,2017-11-03,892,9586,10478
446,2017-11-04,341,6545,6886
446,2017-11-05,96,4411,4507
446,2017-11-06,919,9801,10720
446,2017-11-07,922,9383,10305
446,2017-11-08,858,9236,10094
446,2017-11-09,873,9829,10702
446,2017-11-10,823,9724,10547
446,2017-11-11,254,6736,6990
446,2017-11-12,116,4178,4294
446,2017-11-13,769,8958,9727
446,2017-11-14,854,9314,10168
446,2017-11-15,811,9009,9820
446,2017-11-16,804,9293,10097
446,2017-11-17,767,9531,10298
446,2017-11-18,313,6575,6888
446,2017-11-19,92,4468,4560
446,2017-11-20,867,8862,9729
446,2017-11-21,787,9380,10167
446,2017-11-22,875,8929,9804
446,2017-11-23,826,9553,10379
446,2017-11-24,856,9708,10564
446,2017-11-25,277,6610,6887
446,2017-11-26,95,4545,4640
446,2017-11-27,909,8795,9704
446,2017-11-28,898,9303,10201
446,2017-11-29,784,8988,9772
446,2017-11-30,816,9252,10068
446,2017-12-01,852,9362,10214
446,2017-12-02,309,6482,6791
446,2017-12-03,101,4183,4284
446,2017-12-04,826,8665,9491
446,2017-12-05,822,9530,10352
446,2017-12-06,835,9062,9897
446,2017-12-07,832,9671,10503
446,2017-12-08,816,10068,10884
446,2017-12-09,289,6684,6973
446,2017-12-10,98,3373,3471
446,2017-12-11,715,8847,9562
446,2017-12-12,779,9162,9941
446,2017-12-13,718,8791,9509
446,2017-12-14,725,9049,9774
446,2017-12-15,685,9699,10384
446,2017-12-16,284,6246,6530
446,2017-12-17,106,4285,4391
446,2017-12-18,530,7971,8501
446,2017-12-19,631,9060,9691
446,2017-12-27,472,6292,6764
446,2017-12-28,493,6568,7061
446,2017-12-29,423,5900,6323
446,2017-12-30,245,5408,5653
446,2017-12-31,87,3788,3875
448,2017-01-01,52,3205,3257
448,2017-01-02,221,4738,4959
448,2017-01-03,287,5362,5649
448,2017-01-04,239,5173,5412
448,2017-01-05,279,5865,6144
448,2017-01-06,317,6055,6372
448,2017-01-07,206,4633,4839
448,2017-01-08,53,3556,3609
448,2017-01-09,344,6271,6615
448,2017-01-10,328,6467,6795
448,2017-01-11,306,6239,6545
448,2017-01-12,321,6581,6902
448,2017-01-13,298,5825,6123
448,2017-01-14,196,5085,5281
448,2017-01-15,72,4098,4170
448,2017-01-16,369,6599,6968
448,2017-01-17,404,6715,7119
448,2017-01-18,407,6685,7092
448,2017-01-19,365,6894,7259
448,2017-01-20,389,6957,7346
448,2017-01-21,214,5459,5673
448,2017-01-22,53,4113,4166
448,2017-01-23,408,6627,7035
448,2017-01-24,367,6715,7082
448,2017-01-26,398,6899,7297
448,2017-01-27,419,7248,7667
448,2017-01-28,183,5393,5576
448,2017-01-29,54,3803,3857
448,2017-01-30,343,6503,6846
448,2017-01-31,382,6803,7185
448,2017-02-01,409,6912,7321
448,2017-02-02,407,6926,7333
448,2017-02-03,390,7039,7429
448,2017-02-04,193,5432,5625
448,2017-02-05,32,3999,4031
448,2017-02-06,392,6688,7080
448,2017-02-07,375,6949,7324
448,2017-02-08,369,6865,7234
448,2017-02-09,410,7125,7535
448,2017-02-10,449,7222,7671
448,2017-02-11,245,5613,5858
448,2017-02-12,59,4318,4377
448,2017-02-13,448,6720,7168
448,2017-02-14,402,7239,7641
448,2017-02-15,432,6948,7380
448,2017-02-16,396,6885,7281
448,2017-02-17,484,7098,7582
448,2017-02-18,234,5425,5659
448,2017-02-19,49,4098,4147
448,2017-02-20,355,6045,6400
448,2017-02-21,327,6207,6534
448,2017-02-22,349,6307,6656
448,2017-02-23,393,6291,6684
448,2017-02-24,425,6603,7028
448,2017-02-25,256,5842,6098
448,2017-02-26,87,4818,4905
448,2017-02-27,372,5968,6340
448,2017-02-28,406,6730,7136
448,2017-03-01,408,6843,7251
448,2017-03-02,438,7187,7625
448,2017-03-03,471,7565,8036
448,2017-03-04,207,5749,5956
448,2017-03-05,38,4029,4067
448,2017-03-06,446,6708,7154
448,2017-03-07,434,7129,7563
448,2017-03-08,426,6861,7287
448,2017-03-09,408,7136,7544
448,2017-03-10,544,7434,7978
448,2017-03-11,265,6322,6587
448,2017-03-12,61,5014,5075
448,2017-03-13,514,7004,7518
448,2017-03-14,502,7407,7909
448,2017-03-15,569,7173,7742
448,2017-03-16,604,7475,8079
448,2017-03-17,589,7502,8091
448,2017-03-18,202,5820,6022
448,2017-03-19,80,4443,4523
448,2017-03-20,484,6684,7168
448,2017-03-21,492,7303,7795
448,2017-03-22,557,7076,7633
448,2017-03-23,496,7500,7996
448,2017-03-24,583,7534,8117
448,2017-03-25,291,6526,6817
448,2017-03-27,577,7175,7752
448,2017-03-28,510,7442,7952
448,2017-03-29,587,7316,7903
448,2017-03-30,552,7722,8274
448,2017-03-31,560,7728,8288
448,2017-04-01,257,6189,6446
448,2017-04-02,75,5534,5609
448,2017-04-03,561,7248,7809
448,2017-04-04,568,7592,8160
448,2017-04-05,612,7447,8059
448,2017-04-06,611,7715,8326
448,2017-04-07,629,8173,8802
448,2017-04-08,328,6612,6940
448,2017-04-09,80,6620,6700
448,2017-04-10,584,6900,7484
448,2017-04-11,546,7138,7684
448,2017-04-12,488,7039,7527
448,2017-04-13,527,7382,7909
448,2017-04-14,546,7970,8516
448,2017-04-15,280,6038,6318
448,2017-04-16,61,5200,5261
448,2017-04-17,103,4025,4128
448,2017-04-18,550,6735,7285
448,2017-04-19,530,6767,7297
448,2017-04-20,498,6929,7427
448,2017-04-21,567,7265,7832
448,2017-04-22,299,6174,6473
448,2017-04-23,66,5203,5269
448,2017-04-24,563,7319,7882
448,2017-04-25,516,7609,8125
448,2017-04-26,586,7525,8111
448,2017-04-27,523,8090,8613
448,2017-04-28,602,8053,8655
448,2017-04-29,287,7176,7463
448,2017-04-30,88,7223,7311
448,2017-05-01,102,4344,4446
448,2017-05-02,514,7712,8226
448,2017-05-03,468,7492,7960
448,2017-05-04,591,7592,8183
448,2017-05-05,594,7948,8542
448,2017-05-06,278,7297,7575
448,2017-05-07,68,5106,5174
448,2017-05-08,537,7266,7803
448,2017-05-09,551,7820,8371
448,2017-05-10,676,7659,8335
448,2017-05-11,521,7686,8207
448,2017-05-12,589,7918,8507
448,2017-05-13,267,6619,6886
448,2017-05-14,77,4968,5045
448,2017-05-15,563,7242,7805
448,2017-05-16,544,8076,8620
448,2017-05-17,546,7787,8333
448,2017-05-18,539,7848,8387
448,2017-05-19,461,7880,8341
448,2017-05-20,262,6687,6949
448,2017-05-21,89,6022,6111
448,2017-05-22,475,7512,7987
448,2017-05-23,524,7618,8142
448,2017-05-24,619,8273,8892
448,2017-05-25,94,6272,6366
448,2017-05-26,439,8894,9333
448,2017-05-27,292,8203,8495
448,2017-05-28,90,6370,6460
448,2017-05-29,495,7657,8152
448,2017-05-30,475,7817,8292
448,2017-05-31,521,7980,8501
448,2017-06-01,561,8247,8808
448,2017-06-02,550,8485,9035
448,2017-06-03,303,7152,7455
448,2017-06-04,81,6672,6753
448,2017-06-05,136,6162,6298
448,2017-06-06,444,6799,7243
448,2017-06-07,506,7066,7572
448,2017-06-08,507,7407,7914
448,2017-06-09,493,7458,7951
448,2017-06-10,296,7223,7519
448,2017-06-11,66,6951,7017
448,2017-06-12,530,7484,8014
448,2017-06-13,501,7962,8463
448,2017-06-14,552,7832,8384
448,2017-06-15,541,8069,8610
448,2017-06-16,541,8396,8937
448,2017-06-17,265,7241,7506
448,2017-06-18,115,6589,6704
448,2017-06-19,509,7509,8018
448,2017-06-20,513,7835,8348
448,2017-06-21,465,7654,8119
448,2017-06-22,578,8049,8627
448,2017-06-23,95,5235,5330
448,2017-06-24,281,6939,7220
448,2017-06-25,116,5477,5593
448,2017-06-26,601,7737,8338
448,2017-06-27,505,7800,8305
448,2017-06-28,553,7432,7985
448,2017-06-29,631,7852,8483
448,2017-06-30,516,8046,8562
448,2017-07-01,200,6393,6593
448,2017-07-02,68,5681,5749
448,2017-07-03,474,7427,7901
448,2017-07-04,504,7990,8494
448,2017-07-05,470,7876,8346
448,2017-07-06,615,8124,8739
448,2017-07-07,567,8348,8915
448,2017-07-08,301,7873,8174
448,2017-07-09,83,6025,6108
448,2017-07-10,463,7265,7728
448,2017-07-11,554,7966,8520
448,2017-07-12,473,7669,8142
448,2017-07-13,535,8405,8940
448,2017-07-14,525,8368,8893
448,2017-07-15,264,7561,7825
448,2017-07-16,105,6728,6833
448,2017-07-17,460,7785,8245
448,2017-07-18,517,8169,8686
448,2017-07-19,582,7985,8567
448,2017-07-20,529,8146,8675
448,2017-07-21,528,8375,8903
448,2017-07-22,326,7760,8086
448,2017-07-23,86,6074,6160
448,2017-07-24,478,7354,7832
448,2017-07-25,559,8305,8864
448,2017-07-26,448,8221,8669
448,2017-07-27,456,7940,8396
448,2017-07-28,391,7671,8062
448,2017-07-29,275,7296,7571
448,2017-07-30,129,6788,6917
448,2017-07-31,428,7407,7835
448,2017-08-01,369,7092,7461
448,2017-08-02,389,7969,8358
448,2017-08-03,381,7798,8179
448,2017-08-04,396,7918,8314
448,2017-08-05,258,6758,7016
448,2017-08-06,127,7119,7246
448,2017-08-07,395,6864,7259
448,2017-08-08,362,6572,6934
448,2017-08-09,357,6953,7310
448,2017-08-10,329,6628,6957
448,2017-08-11,361,6626,6987
448,2017-08-12,213,5564,5777
448,2017-08-13,119,5993,6112
448,2017-08-14,359,6864,7223
448,2017-08-15,103,4640,4743
448,2017-08-16,349,6920,7269
448,2017-08-17,352,6616,6968
448,2017-08-18,345,6481,6826
448,2017-08-19,232,5644,5876
448,2017-08-20,88,5213,5301
448,2017-08-21,436,6780,7216
448,2017-08-22,493,7122,7615
448,2017-08-23,461,7397,7858
448,2017-08-24,480,7460,7940
448,2017-08-25,463,7173,7636
448,2017-08-26,222,6618,6840
448,2017-08-27,84,5881,5965
448,2017-08-28,476,6753,7229
448,2017-08-29,478,7403,7881
448,2017-08-30,438,6886,7324
448,2017-08-31,442,6914,7356
448,2017-09-01,443,7095,7538
448,2017-09-02,258,5811,6069
448,2017-09-03,117,5305,5422
448,2017-09-04,422,6590,7012
448,2017-09-05,428,6903,7331
448,2017-09-06,463,6714,7177
448,2017-09-07,447,6933,7380
448,2017-09-08,454,6888,7342
448,2017-09-09,225,5811,6036
448,2017-09-10,81,5190,5271
448,2017-09-11,415,6994,7409
448,2017-09-12,512,7043,7555
448,2017-09-13,415,7042,7457
448,2017-09-14,461,7295,7756
448,2017-09-15,469,7946,8415
448,2017-09-16,273,6868,7141
448,2017-09-17,88,5518,5606
448,2017-09-18,610,7144,7754
448,2017-09-19,521,7386,7907
448,2017-09-20,520,7140,7660
448,2017-09-21,529,7789,8318
448,2017-09-22,527,7723,8250
448,2017-09-23,333,7186,7519
448,2017-09-24,160,6693,6853
448,2017-09-25,545,7159,7704
448,2017-09-26,541,7504,8045
448,2017-09-27,514,7533,8047
448,2017-09-28,565,7559,8124
448,2017-09-29,541,7881,8422
448,2017-09-30,275,6368,6643
448,2017-10-01,61,5571,5632
448,2017-10-02,484,7012,7496
448,2017-10-03,460,7574,8034
448,2017-10-04,534,7175,7709
448,2017-10-05,521,7424,7945
448,2017-10-06,566,7565,8131
448,2017-10-07,268,6519,6787
448,2017-10-08,68,4862,4930
448,2017-10-09,537,6877,7414
448,2017-10-10,571,7259,7830
448,2017-10-11,556,7195,7751
448,2017-10-12,561,7324,7885
448,2017-10-13,673,7715,8388
448,2017-10-14,350,6744,7094
448,2017-10-15,208,11435,11643
448,2017-10-16,575,7304,7879
448,2017-10-17,588,7494,8082
448,2017-10-18,557,7448,8005
448,2017-10-19,563,7757,8320
448,2017-10-20,510,7797,8307
448,2017-10-21,274,5986,6260
448,2017-10-22,51,4616,4667
448,2017-10-23,528,7016,7544
448,2017-10-24,471,7372,7843
448,2017-10-25,530,7384,7914
448,2017-10-26,521,7587,8108
448,2017-10-27,529,8168,8697
448,2017-10-28,308,6384,6692
448,2017-10-29,63,4561,4624
448,2017-10-30,468,7124,7592
448,2017-11-01,62,4657,4719
448,2017-11-02,490,7334,7824
448,2017-11-03,545,7173,7718
448,2017-11-04,271,5772,6043
448,2017-11-05,67,4189,4256
448,2017-11-06,590,6958,7548
448,2017-11-07,577,7337,7914
448,2017-11-08,512,7116,7628
448,2017-11-09,532,7236,7768
448,2017-11-10,460,7558,8018
448,2017-11-11,205,5917,6122
448,2017-11-12,70,3859,3929
448,2017-11-13,513,6948,7461
448,2017-11-14,507,7189,7696
448,2017-11-15,501,7278,7779
448,2017-11-16,505,7280,7785
448,2017-11-17,544,7568,8112
448,2017-11-18,232,5821,6053
448,2017-11-19,73,4339,4412
448,2017-11-20,467,6795,7262
448,2017-11-21,460,7201,7661
448,2017-11-22,492,7056,7548
448,2017-11-23,460,7200,7660
448,2017-11-24,480,7742,8222
448,2017-11-25,261,5910,6171
448,2017-11-26,74,4323,4397
448,2017-11-27,451,6700,7151
448,2017-11-28,494,7227,7721
448,2017-11-29,508,7101,7609
448,2017-11-30,460,7165,7625
448,2017-12-01,457,7437,7894
448,2017-12-02,231,6030,6261
448,2017-12-03,67,4179,4246
448,2017-12-04,398,6925,7323
448,2017-12-05,506,7338,7844
448,2017-12-06,442,6944,7386
448,2017-12-07,467,7462,7929
448,2017-12-08,470,7267,7737
448,2017-12-09,238,5840,6078
448,2017-12-10,62,3550,3612
448,2017-12-11,382,6996,7378
448,2017-12-12,476,7382,7858
448,2017-12-13,375,6632,7007
448,2017-12-14,474,7160,7634
448,2017-12-15,409,7373,7782
448,2017-12-16,204,5426,5630
448,2017-12-17,72,3990,4062
448,2017-12-19,341,6223,6564
448,2017-12-20,297,6364,6661
448,2017-12-21,308,6193,6501
448,2017-12-22,307,6519,6826
448,2017-12-23,211,5105,5316
448,2017-12-24,44,3834,3878
448,2017-12-25,48,3480,3528
448,2017-12-26,42,3402,3444
448,2017-12-27,259,5164,5423
448,2017-12-28,317,5312,5629
448,2017-12-29,241,3821,4062
448,2017-12-30,172,4877,5049
448,2017-12-31,54,3673,3727
449,2017-01-01,92,5787,5879
449,2017-01-02,382,8879,9261
449,2017-01-03,492,10209,10701
449,2017-01-04,458,10271,10729
449,2017-01-05,513,10962,11475
449,2017-01-06,486,11427,11913
449,2017-01-07,339,8586,8925
449,2017-01-08,106,6465,6571
449,2017-01-09,616,11742,12358
449,2017-01-10,594,12145,12739
449,2017-01-11,639,12189,12828
449,2017-01-12,611,12527,13138
449,2017-01-13,612,12396,13008
449,2017-01-14,316,9745,10061
449,2017-01-15,110,7432,7542
449,2017-01-16,739,12376,13115
449,2017-01-17,648,12942,13590
449,2017-01-18,690,12557,13247
449,2017-01-19,637,13131,13768
449,2017-01-20,704,13331,14035
449,2017-01-21,341,10341,10682
449,2017-01-22,103,7926,8029
449,2017-01-23,699,12613,13312
449,2017-01-24,641,12847,13488
449,2017-01-25,606,11374,11980
449,2017-01-26,704,13257,13961
449,2017-01-27,777,13586,14363
449,2017-01-28,323,10452,10775
449,2017-01-29,90,7589,7679
449,2017-01-30,738,12346,13084
449,2017-01-31,748,13033,13781
449,2017-02-01,906,12821,13727
449,2017-02-02,887,13143,14030
449,2017-02-03,843,13532,14375
449,2017-02-04,328,10578,10906
449,2017-02-05,84,7683,7767
449,2017-02-06,784,12805,13589
449,2017-02-07,847,13017,13864
449,2017-02-08,838,12678,13516
449,2017-02-09,889,13245,14134
449,2017-02-10,922,13742,14664
449,2017-02-11,400,10368,10768
449,2017-02-12,106,8002,8108
449,2017-02-13,962,12559,13521
449,2017-02-14,883,13494,14377
449,2017-02-15,840,13154,13994
449,2017-02-16,759,13108,13867
449,2017-02-17,905,13434,14339
449,2017-02-18,358,10427,10785
449,2017-02-19,115,8018,8133
449,2017-02-20,714,11642,12356
449,2017-02-21,668,12009,12677
449,2017-02-22,704,12047,12751
449,2017-02-23,742,11963,12705
449,2017-02-24,728,12687,13415
449,2017-02-25,468,11227,11695
449,2017-02-26,309,8190,8499
449,2017-02-27,776,11136,11912
449,2017-02-28,756,12774,13530
449,2017-03-01,833,12926,13759
449,2017-03-02,841,13622,14463
449,2017-03-03,838,14064,14902
449,2017-03-04,325,10943,11268
449,2017-03-05,87,7680,7767
449,2017-03-06,914,12535,13449
449,2017-03-07,818,13229,14047
449,2017-03-08,785,12811,13596
449,2017-03-09,804,13358,14162
449,2017-03-10,924,14067,14991
449,2017-03-11,371,11693,12064
449,2017-03-12,108,9213,9321
449,2017-03-13,960,13261,14221
449,2017-03-14,844,13709,14553
449,2017-03-15,915,13484,14399
449,2017-03-16,922,14063,14985
449,2017-03-17,1014,14021,15035
449,2017-03-18,377,11076,11453
449,2017-03-19,132,8604,8736
449,2017-03-20,834,12711,13545
449,2017-03-21,812,13517,14329
449,2017-03-22,908,13124,14032
449,2017-03-23,856,13764,14620
449,2017-03-24,951,14201,15152
449,2017-03-25,399,12127,12526
449,2017-03-27,890,13497,14387
449,2017-03-28,936,13990,14926
449,2017-03-29,932,13724,14656
449,2017-03-30,860,14560,15420
449,2017-03-31,986,14734,15720
449,2017-04-01,539,11765,12304
449,2017-04-02,112,10016,10128
449,2017-04-03,877,13855,14732
449,2017-04-04,945,14306,15251
449,2017-04-05,991,14094,15085
449,2017-04-06,981,14467,15448
449,2017-04-07,1046,15064,16110
449,2017-04-08,450,12518,12968
449,2017-04-09,128,11412,11540
449,2017-04-10,879,12897,13776
449,2017-04-11,875,13281,14156
449,2017-04-12,843,13227,14070
449,2017-04-13,860,13526,14386
449,2017-04-14,822,14453,15275
449,2017-04-15,427,11339,11766
449,2017-04-16,115,8978,9093
449,2017-04-17,178,7547,7725
449,2017-04-18,937,12639,13576
449,2017-04-19,880,12701,13581
449,2017-04-20,873,12889,13762
449,2017-04-21,892,13573,14465
449,2017-04-22,544,11704,12248
449,2017-04-23,130,9760,9890
449,2017-04-24,966,13629,14595
449,2017-04-25,871,14103,14974
449,2017-04-26,1017,13965,14982
449,2017-04-27,927,14853,15780
449,2017-04-28,1023,15342,16365
449,2017-04-29,496,13217,13713
449,2017-04-30,145,11671,11816
449,2017-05-01,172,8080,8252
449,2017-05-02,900,14240,15140
449,2017-05-03,854,13979,14833
449,2017-05-04,893,14183,15076
449,2017-05-05,1055,14894,15949
449,2017-05-06,461,12815,13276
449,2017-05-07,150,9407,9557
449,2017-05-08,865,13597,14462
449,2017-05-09,916,14486,15402
449,2017-05-10,1267,13879,15146
449,2017-05-11,901,14212,15113
449,2017-05-12,936,14801,15737
449,2017-05-13,428,12353,12781
449,2017-05-14,146,9213,9359
449,2017-05-15,925,13657,14582
449,2017-05-16,1016,14573,15589
449,2017-05-17,992,14180,15172
449,2017-05-18,979,14269,15248
449,2017-05-19,927,14516,15443
449,2017-05-20,470,12363,12833
449,2017-05-21,135,10460,10595
449,2017-05-22,882,13815,14697
449,2017-05-23,869,14325,15194
449,2017-05-24,1175,15410,16585
449,2017-05-25,208,10772,10980
449,2017-05-26,681,16140,16821
449,2017-05-27,381,14083,14464
449,2017-05-28,216,11085,11301
449,2017-05-29,899,14050,14949
449,2017-05-30,937,14420,15357
449,2017-05-31,939,14393,15332
449,2017-06-01,962,14883,15845
449,2017-06-02,954,15971,16925
449,2017-06-03,423,12937,13360
449,2017-06-04,153,11147,11300
449,2017-06-05,237,10251,10488
449,2017-06-06,824,13398,14222
449,2017-06-07,915,13322,14237
449,2017-06-08,892,13557,14449
449,2017-06-09,848,14330,15178
449,2017-06-10,470,13220,13690
449,2017-06-11,146,12426,12572
449,2017-06-12,931,14123,15054
449,2017-06-13,871,14560,15431
449,2017-06-14,912,14685,15597
449,2017-06-15,819,14762,15581
449,2017-06-16,908,15374,16282
449,2017-06-17,461,13235,13696
449,2017-06-18,202,10879,11081
449,2017-06-19,909,14038,14947
449,2017-06-20,875,14374,15249
449,2017-06-21,897,14233,15130
449,2017-06-22,968,14865,15833
449,2017-06-23,203,9413,9616
449,2017-06-24,405,12299,12704
449,2017-06-25,198,9591,9789
449,2017-06-26,935,14061,14996
449,2017-06-27,980,14548,15528
449,2017-06-28,1056,14428,15484
449,2017-06-29,997,14446,15443
449,2017-06-30,1012,15214,16226
449,2017-07-01,403,12556,12959
449,2017-07-02,134,10274,10408
449,2017-07-03,901,13992,14893
449,2017-07-04,817,14899,15716
449,2017-07-05,882,14652,15534
449,2017-07-06,910,15060,15970
449,2017-07-07,930,15691,16621
449,2017-07-08,445,13648,14093
449,2017-07-09,159,10939,11098
449,2017-07-10,859,14012,14871
449,2017-07-11,970,14911,15881
449,2017-07-12,881,14543,15424
449,2017-07-13,855,15285,16140
449,2017-07-14,879,15463,16342
449,2017-07-15,430,13623,14053
449,2017-07-16,199,11310,11509
449,2017-07-17,820,14555,15375
449,2017-07-18,786,14783,15569
449,2017-07-19,871,14601,15472
449,2017-07-20,914,14978,15892
449,2017-07-21,857,15565,16422
449,2017-07-22,468,13952,14420
449,2017-07-23,190,11094,11284
449,2017-07-24,813,13999,14812
449,2017-07-25,864,14850,15714
449,2017-07-26,872,14852,15724
449,2017-07-27,815,14623,15438
449,2017-07-28,651,14339,14990
449,2017-07-29,415,12489,12904
449,2017-07-30,203,10718,10921
449,2017-07-31,665,13126,13791
449,2017-08-01,590,12741,13331
449,2017-08-02,619,13753,14372
449,2017-08-03,609,13506,14115
449,2017-08-04,622,13608,14230
449,2017-08-05,400,11547,11947
449,2017-08-06,208,10869,11077
449,2017-08-07,670,12274,12944
449,2017-08-08,646,12018,12664
449,2017-08-09,603,12296,12899
449,2017-08-10,575,12009,12584
449,2017-08-11,673,12308,12981
449,2017-08-12,376,10397,10773
449,2017-08-13,176,9923,10099
449,2017-08-14,567,11924,12491
449,2017-08-15,205,7928,8133
449,2017-08-16,632,12433,13065
449,2017-08-17,641,12060,12701
449,2017-08-18,624,11717,12341
449,2017-08-19,382,9988,10370
449,2017-08-20,186,9006,9192
449,2017-08-21,720,12233,12953
449,2017-08-22,782,12878,13660
449,2017-08-23,819,12958,13777
449,2017-08-24,807,13217,14024
449,2017-08-25,785,13142,13927
449,2017-08-26,449,11782,12231
449,2017-08-27,157,9789,9946
449,2017-08-28,819,12367,13186
449,2017-08-29,763,13207,13970
449,2017-08-30,829,12602,13431
449,2017-08-31,847,12582,13429
449,2017-09-01,755,13159,13914
449,2017-09-02,401,10485,10886
449,2017-09-03,149,9420,9569
449,2017-09-04,792,12310,13102
449,2017-09-05,788,12555,13343
449,2017-09-06,825,12549,13374
449,2017-09-07,772,12984,13756
449,2017-09-08,841,12906,13747
449,2017-09-09,407,10770,11177
449,2017-09-10,148,9074,9222
449,2017-09-11,910,12894,13804
449,2017-09-12,952,13243,14195
449,2017-09-13,855,13706,14561
449,2017-09-14,801,14129,14930
449,2017-09-15,897,15180,16077
449,2017-09-16,415,12076,12491
449,2017-09-17,170,9831,10001
449,2017-09-18,935,13383,14318
449,2017-09-19,987,13870,14857
449,2017-09-20,864,13615,14479
449,2017-09-21,907,14460,15367
449,2017-09-22,959,14838,15797
449,2017-09-23,458,12942,13400
449,2017-09-24,195,11375,11570
449,2017-09-25,901,13721,14622
449,2017-09-26,900,13980,14880
449,2017-09-27,876,13987,14863
449,2017-09-28,952,14087,15039
449,2017-09-29,912,14879,15791
449,2017-09-30,473,11888,12361
449,2017-10-01,118,9836,9954
449,2017-10-02,961,13180,14141
449,2017-10-03,765,14239,15004
449,2017-10-04,943,13507,14450
449,2017-10-05,1051,13764,14815
449,2017-10-06,1000,14389,15389
449,2017-10-07,398,12101,12499
449,2017-10-08,121,9392,9513
449,2017-10-09,972,12953,13925
449,2017-10-10,1052,13550,14602
449,2017-10-11,970,13663,14633
449,2017-10-12,972,13822,14794
449,2017-10-13,1106,14560,15666
449,2017-10-14,448,12438,12886
449,2017-10-15,259,15402,15661
449,2017-10-16,974,13570,14544
449,2017-10-17,952,14180,15132
449,2017-10-18,1158,13690,14848
449,2017-10-19,1029,14117,15146
449,2017-10-20,929,14631,15560
449,2017-10-21,436,11541,11977
449,2017-10-22,112,8670,8782
449,2017-10-23,914,13327,14241
449,2017-10-24,945,13803,14748
449,2017-10-25,930,13733,14663
449,2017-10-26,899,14090,14989
449,2017-10-27,956,14997,15953
449,2017-10-28,443,11874,12317
449,2017-10-29,108,8793,8901
449,2017-10-30,815,13345,14160
449,2017-11-01,115,8996,9111
449,2017-11-02,852,13545,14397
449,2017-11-03,892,13705,14597
449,2017-11-04,417,11066,11483
449,2017-11-05,131,8449,8580
449,2017-11-06,911,13215,14126
449,2017-11-07,935,13755,14690
449,2017-11-08,833,13527,14360
449,2017-11-09,863,13731,14594
449,2017-11-10,964,14071,15035
449,2017-11-11,470,11007,11477
449,2017-11-12,171,7592,7763
449,2017-11-13,960,13094,14054
449,2017-11-14,845,13814,14659
449,2017-11-15,863,13687,14550
449,2017-11-16,905,13798,14703
449,2017-11-17,931,14331,15262
449,2017-11-18,383,11140,11523
449,2017-11-19,119,8422,8541
449,2017-11-20,855,12826,13681
449,2017-11-21,838,13489,14327
449,2017-11-22,898,13083,13981
449,2017-11-23,788,13363,14151
449,2017-11-24,837,14563,15400
449,2017-11-25,360,11133,11493
449,2017-11-26,142,9127,9269
449,2017-11-27,849,12759,13608
449,2017-11-28,811,13657,14468
449,2017-11-29,873,13301,14174
449,2017-11-30,845,13430,14275
449,2017-12-01,830,14393,15223
449,2017-12-02,379,11193,11572
449,2017-12-03,111,7904,8015
449,2017-12-04,805,13043,13848
449,2017-12-05,930,13702,14632
449,2017-12-06,927,13013,13940
449,2017-12-07,889,13711,14600
449,2017-12-08,871,13970,14841
449,2017-12-09,373,11012,11385
449,2017-12-10,123,6604,6727
449,2017-12-11,790,13190,13980
449,2017-12-12,890,13905,14795
449,2017-12-13,844,13165,14009
449,2017-12-14,841,13827,14668
449,2017-12-15,772,14148,14920
449,2017-12-16,383,10439,10822
449,2017-12-17,124,7819,7943
449,2017-12-18,555,11709,12264
449,2017-12-19,603,12331,12934
449,2017-12-20,559,12293,12852
449,2017-12-21,533,11977,12510
449,2017-12-22,497,12455,12952
449,2017-12-23,321,10196,10517
449,2017-12-24,79,7592,7671
449,2017-12-25,75,6621,6696
449,2017-12-26,100,6367,6467
449,2017-12-27,452,10081,10533
449,2017-12-28,494,10395,10889
449,2017-12-29,462,10368,10830
449,2017-12-30,286,9324,9610
449,2017-12-31,82,6909,6991
450,2017-02-11,217,4623,4840
450,2017-02-12,98,3771,3869
450,2017-02-13,681,6051,6732
450,2017-02-14,440,7428,7868
450,2017-02-15,624,6091,6715
450,2017-02-16,516,5378,5894
450,2017-02-17,466,7420,7886
450,2017-02-18,195,5021,5216
450,2017-02-19,98,4058,4156
450,2017-02-20,479,5120,5599
450,2017-02-21,418,5101,5519
450,2017-02-22,466,5101,5567
450,2017-02-23,449,5063,5512
450,2017-02-24,509,5909,6418
450,2017-02-25,341,5640,5981
450,2017-02-26,225,4301,4526
450,2017-02-27,336,6150,6486
450,2017-02-28,472,5668,6140
450,2017-03-01,610,5122,5732
450,2017-03-02,647,6501,7148
450,2017-03-03,609,6644,7253
450,2017-03-04,222,4685,4907
450,2017-03-05,51,3342,3393
450,2017-03-06,558,5532,6090
450,2017-03-07,535,5949,6484
450,2017-03-08,474,4969,5443
450,2017-03-09,458,5686,6144
450,2017-03-10,484,7696,8180
450,2017-03-11,227,5391,5618
450,2017-03-12,104,4341,4445
450,2017-03-13,615,5969,6584
450,2017-03-14,570,6132,6702
450,2017-03-15,577,6014,6591
450,2017-03-16,631,6260,6891
450,2017-03-17,676,6475,7151
450,2017-03-18,183,4912,5095
450,2017-03-19,91,4051,4142
450,2017-03-20,536,5865,6401
450,2017-03-21,581,5912,6493
450,2017-03-22,667,6024,6691
450,2017-03-23,526,6089,6615
450,2017-03-24,651,6504,7155
450,2017-03-25,242,5452,5694
450,2017-03-27,554,5999,6553
450,2017-03-28,629,6138,6767
450,2017-03-29,634,6085,6719
450,2017-03-30,600,6513,7113
450,2017-03-31,608,6395,7003
450,2017-04-01,405,5339,5744
450,2017-04-02,97,4660,4757
450,2017-04-03,667,6477,7144
450,2017-04-04,535,6337,6872
450,2017-04-05,629,6346,6975
450,2017-04-06,865,6975,7840
450,2017-04-07,885,7227,8112
450,2017-04-08,326,5949,6275
450,2017-04-09,118,5136,5254
450,2017-04-10,603,5856,6459
450,2017-04-11,600,6096,6696
450,2017-04-12,598,5884,6482
450,2017-04-13,619,6059,6678
450,2017-04-14,572,6361,6933
450,2017-04-15,279,5609,5888
450,2017-04-16,108,4444,4552
450,2017-04-17,138,3789,3927
450,2017-04-18,693,5820,6513
450,2017-04-19,646,5976,6622
450,2017-04-20,616,5955,6571
450,2017-04-21,595,6212,6807
450,2017-04-22,384,5702,6086
450,2017-04-23,121,4938,5059
450,2017-04-24,660,6126,6786
450,2017-04-25,664,6587,7251
450,2017-04-26,747,6355,7102
450,2017-04-27,703,6859,7562
450,2017-04-28,789,7284,8073
450,2017-04-29,333,6159,6492
450,2017-04-30,132,4969,5101
450,2017-05-01,176,3996,4172
450,2017-05-02,658,6738,7396
450,2017-05-03,571,5832,6403
450,2017-05-04,590,6298,6888
450,2017-05-05,732,6845,7577
450,2017-05-06,309,5488,5797
450,2017-05-07,105,4344,4449
450,2017-05-08,656,6332,6988
450,2017-05-09,626,6510,7136
450,2017-05-10,698,6125,6823
450,2017-05-11,564,7766,8330
450,2017-05-12,582,6552,7134
450,2017-05-13,327,5599,5926
450,2017-05-14,91,4267,4358
450,2017-05-15,612,5856,6468
450,2017-05-16,652,5972,6624
450,2017-05-17,575,5922,6497
450,2017-05-18,640,6165,6805
450,2017-05-19,606,5925,6531
450,2017-05-20,339,5495,5834
450,2017-05-21,107,4587,4694
450,2017-05-22,590,5794,6384
450,2017-05-23,574,6166,6740
450,2017-05-24,741,6764,7505
450,2017-05-25,123,4749,4872
450,2017-05-26,435,6537,6972
450,2017-05-27,262,5502,5764
450,2017-05-28,196,4642,4838
450,2017-05-29,542,5480,6022
450,2017-05-30,626,5977,6603
450,2017-05-31,583,5862,6445
450,2017-06-01,617,6004,6621
450,2017-06-02,580,6357,6937
450,2017-06-03,245,5356,5601
450,2017-06-04,111,4745,4856
450,2017-06-05,151,4534,4685
450,2017-06-06,491,5994,6485
450,2017-06-07,624,5927,6551
450,2017-06-08,565,5724,6289
450,2017-06-09,496,6022,6518
450,2017-06-10,258,5549,5807
450,2017-06-11,103,5188,5291
450,2017-06-12,604,6069,6673
450,2017-06-13,572,6160,6732
450,2017-06-14,616,6219,6835
450,2017-06-15,517,6232,6749
450,2017-06-16,622,6750,7372
450,2017-06-17,317,5971,6288
450,2017-06-18,150,4495,4645
450,2017-06-19,553,5869,6422
450,2017-06-20,592,5807,6399
450,2017-06-21,634,5882,6516
450,2017-06-22,571,6243,6814
450,2017-06-23,179,4327,4506
450,2017-06-24,249,5571,5820
450,2017-06-25,153,4533,4686
450,2017-06-26,625,5943,6568
450,2017-06-27,610,6311,6921
450,2017-06-28,630,7772,8402
450,2017-06-29,726,6449,7175
450,2017-06-30,731,6717,7448
450,2017-07-01,249,5597,5846
450,2017-07-02,138,4990,5128
450,2017-07-03,648,6210,6858
450,2017-07-04,557,6476,7033
450,2017-07-05,587,6085,6672
450,2017-07-06,622,6393,7015
450,2017-07-07,605,6633,7238
450,2017-07-08,286,5726,6012
450,2017-07-09,118,4847,4965
450,2017-07-10,578,6192,6770
450,2017-07-11,577,6658,7235
450,2017-07-12,591,6351,6942
450,2017-07-13,625,6721,7346
450,2017-07-14,626,6729,7355
450,2017-07-15,330,6344,6674
450,2017-07-16,171,5166,5337
450,2017-07-17,611,6255,6866
450,2017-07-18,575,6142,6717
450,2017-07-19,640,6223,6863
450,2017-07-20,570,7940,8510
450,2017-07-21,658,6860,7518
450,2017-07-22,306,6090,6396
450,2017-07-23,175,5427,5602
450,2017-07-24,581,6246,6827
450,2017-07-25,632,6500,7132
450,2017-07-26,622,6526,7148
450,2017-07-27,554,6315,6869
450,2017-07-28,499,6479,6978
450,2017-07-29,293,5355,5648
450,2017-07-30,151,4653,4804
450,2017-07-31,439,5700,6139
450,2017-08-01,366,5405,5771
450,2017-08-02,406,5990,6396
450,2017-08-03,400,5943,6343
450,2017-08-04,403,5885,6288
450,2017-08-05,226,5229,5455
450,2017-08-06,133,4527,4660
450,2017-08-07,408,5266,5674
450,2017-08-08,435,5350,5785
450,2017-08-09,414,5475,5889
450,2017-08-10,403,5485,5888
450,2017-08-11,491,5688,6179
450,2017-08-12,234,4911,5145
450,2017-08-13,156,4703,4859
450,2017-08-14,375,5282,5657
450,2017-08-15,179,3786,3965
450,2017-08-16,437,5539,5976
450,2017-08-17,463,5519,5982
450,2017-08-18,365,5064,5429
450,2017-08-19,241,4519,4760
450,2017-08-20,150,4302,4452
450,2017-08-21,452,5459,5911
450,2017-08-22,502,5601,6103
450,2017-08-23,540,5473,6013
450,2017-08-24,559,5870,6429
450,2017-08-25,518,5623,6141
450,2017-08-26,275,4955,5230
450,2017-08-27,118,4263,4381
450,2017-08-28,528,5260,5788
450,2017-08-29,563,5480,6043
450,2017-08-30,641,5696,6337
450,2017-08-31,589,5680,6269
450,2017-09-01,610,5792,6402
450,2017-09-02,231,4738,4969
450,2017-09-03,180,4681,4861
450,2017-09-04,568,5501,6069
450,2017-09-05,561,5646,6207
450,2017-09-06,543,5768,6311
450,2017-09-07,573,6096,6669
450,2017-09-08,664,6087,6751
450,2017-09-09,223,4771,4994
450,2017-09-10,156,4425,4581
450,2017-09-11,570,5759,6329
450,2017-09-12,658,5885,6543
450,2017-09-13,534,5575,6109
450,2017-09-14,599,6398,6997
450,2017-09-15,710,7146,7856
450,2017-09-16,314,5313,5627
450,2017-09-17,139,4518,4657
450,2017-09-18,623,6335,6958
450,2017-09-19,691,6521,7212
450,2017-09-20,636,6342,6978
450,2017-09-21,594,6726,7320
450,2017-09-22,651,6921,7572
450,2017-09-23,311,5807,6118
450,2017-09-24,178,5113,5291
450,2017-09-25,606,6459,7065
450,2017-09-26,658,6410,7068
450,2017-09-27,647,6405,7052
450,2017-09-28,691,6476,7167
450,2017-09-29,711,6817,7528
450,2017-09-30,266,5211,5477
450,2017-10-01,135,4765,4900
450,2017-10-02,682,5971,6653
450,2017-10-03,593,6771,7364
450,2017-10-04,673,6443,7116
450,2017-10-05,739,6404,7143
450,2017-10-06,647,6732,7379
450,2017-10-07,274,6070,6344
450,2017-10-08,118,4671,4789
450,2017-10-09,650,6145,6795
450,2017-10-10,683,6338,7021
450,2017-10-11,678,6473,7151
450,2017-10-12,678,6479,7157
450,2017-10-13,646,6729,7375
450,2017-10-14,334,5677,6011
450,2017-10-15,133,5274,5407
450,2017-10-16,636,6123,6759
450,2017-10-17,672,6533,7205
450,2017-10-18,688,6297,6985
450,2017-10-19,593,6533,7126
450,2017-10-20,655,6814,7469
450,2017-10-21,283,5307,5590
450,2017-10-22,97,3986,4083
450,2017-10-23,637,6235,6872
450,2017-10-24,599,6177,6776
450,2017-10-25,596,6207,6803
450,2017-10-26,594,6697,7291
450,2017-10-27,646,6896,7542
450,2017-10-28,373,5749,6122
450,2017-10-29,102,4483,4585
450,2017-10-30,600,6328,6928
450,2017-11-01,134,4624,4758
450,2017-11-02,558,6521,7079
450,2017-11-03,638,6824,7462
450,2017-11-04,273,5187,5460
450,2017-11-05,145,4454,4599
450,2017-11-06,595,6165,6760
450,2017-11-07,701,6488,7189
450,2017-11-08,465,5793,6258
450,2017-11-09,590,6617,7207
450,2017-11-10,541,6052,6593
450,2017-11-11,152,4387,4539
450,2017-11-12,83,3486,3569
450,2017-11-13,646,6035,6681
450,2017-11-14,650,6720,7370
450,2017-11-15,637,6368,7005
450,2017-11-16,695,6659,7354
450,2017-11-17,648,6568,7216
450,2017-11-18,300,5539,5839
450,2017-11-19,106,4078,4184
450,2017-11-20,640,5801,6441
450,2017-11-21,516,6157,6673
450,2017-11-22,637,6052,6689
450,2017-11-23,534,5714,6248
450,2017-11-24,487,6086,6573
450,2017-11-25,204,5282,5486
450,2017-11-26,139,5020,5159
450,2017-11-27,519,4816,5335
450,2017-11-28,551,6251,6802
450,2017-11-29,474,7140,7614
450,2017-11-30,595,6278,6873
450,2017-12-01,564,6828,7392
450,2017-12-02,267,5332,5599
450,2017-12-03,112,3739,3851
450,2017-12-04,542,5846,6388
450,2017-12-05,658,6293,6951
450,2017-12-06,599,6151,6750
450,2017-12-07,621,5668,6289
450,2017-12-08,603,6442,7045
450,2017-12-09,241,5095,5336
450,2017-12-10,62,2362,2424
450,2017-12-11,464,5373,5837
450,2017-12-12,689,6480,7169
450,2017-12-13,505,5050,5555
450,2017-12-14,523,6074,6597
450,2017-12-15,453,5704,6157
450,2017-12-16,207,4864,5071
450,2017-12-17,90,3800,3890
450,2017-12-18,297,5008,5305
450,2017-12-19,391,5636,6027
450,2017-12-20,298,5189,5487
450,2017-12-21,313,5095,5408
450,2017-12-22,284,5530,5814
450,2017-12-23,151,5100,5251
450,2017-12-24,67,3900,3967
450,2017-12-25,71,3277,3348
450,2017-12-26,53,2957,3010
450,2017-12-27,288,4428,4716
450,2017-12-28,302,5177,5479
450,2017-12-29,238,4123,4361
450,2017-12-30,113,3869,3982
450,2017-12-31,50,3248,3298
452,2017-01-01,25,2118,2143
452,2017-01-02,149,3540,3689
452,2017-01-03,215,4364,4579
452,2017-01-04,221,4305,4526
452,2017-01-05,238,4714,4952
452,2017-01-06,235,4715,4950
452,2017-01-07,116,2910,3026
452,2017-01-08,27,2454,2481
452,2017-01-09,289,5724,6013
452,2017-01-10,267,5985,6252
452,2017-01-11,288,6001,6289
452,2017-01-12,278,6379,6657
452,2017-01-13,251,5688,5939
452,2017-01-14,107,3544,3651
452,2017-01-15,45,3145,3190
452,2017-01-16,386,6018,6404
452,2017-01-17,397,6296,6693
452,2017-01-18,391,6165,6556
452,2017-01-19,393,6513,6906
452,2017-01-20,395,6487,6882
452,2017-01-21,127,3980,4107
452,2017-01-22,30,3531,3561
452,2017-01-23,370,6106,6476
452,2017-01-26,369,6580,6949
452,2017-01-27,393,6613,7006
452,2017-01-28,114,3678,3792
452,2017-01-29,23,3158,3181
452,2017-01-30,377,6086,6463
452,2017-01-31,400,6333,6733
452,2017-02-01,426,6378,6804
452,2017-02-02,472,6617,7089
452,2017-02-03,475,6722,7197
452,2017-02-04,107,3813,3920
452,2017-02-05,29,3274,3303
452,2017-02-06,425,6390,6815
452,2017-02-07,446,6556,7002
452,2017-02-08,431,6359,6790
452,2017-02-09,476,6702,7178
452,2017-02-10,487,6762,7249
452,2017-02-11,117,4068,4185
452,2017-02-12,37,3034,3071
452,2017-02-13,438,6413,6851
452,2017-02-14,466,6754,7220
452,2017-02-15,453,6894,7347
452,2017-02-16,440,6712,7152
452,2017-02-17,454,6604,7058
452,2017-02-18,105,3980,4085
452,2017-02-19,44,3268,3312
452,2017-02-20,395,5391,5786
452,2017-02-21,379,5569,5948
452,2017-02-22,433,5675,6108
452,2017-02-23,393,5456,5849
452,2017-02-24,404,5828,6232
452,2017-02-25,116,3904,4020
452,2017-02-26,57,4492,4549
452,2017-02-27,262,5264,5526
452,2017-02-28,412,6326,6738
452,2017-03-01,419,6372,6791
452,2017-03-02,456,6613,7069
452,2017-03-03,453,6792,7245
452,2017-03-04,113,4177,4290
452,2017-03-05,31,3200,3231
452,2017-03-06,464,6174,6638
452,2017-03-07,481,6484,6965
452,2017-03-08,443,6592,7035
452,2017-03-09,541,6586,7127
452,2017-03-10,546,6872,7418
452,2017-03-11,127,4346,4473
452,2017-03-12,47,3604,3651
452,2017-03-13,481,6282,6763
452,2017-03-14,512,6818,7330
452,2017-03-15,567,6553,7120
452,2017-03-16,542,6717,7259
452,2017-03-17,527,6681,7208
452,2017-03-18,100,4057,4157
452,2017-03-19,36,3241,3277
452,2017-03-20,456,6289,6745
452,2017-03-21,457,6543,7000
452,2017-03-22,465,6586,7051
452,2017-03-23,522,6864,7386
452,2017-03-24,564,6797,7361
452,2017-03-25,161,4450,4611
452,2017-03-27,517,6360,6877
452,2017-03-28,597,6935,7532
452,2017-03-29,558,6813,7371
452,2017-03-30,573,7123,7696
452,2017-03-31,579,7368,7947
452,2017-04-01,132,4441,4573
452,2017-04-02,39,3662,3701
452,2017-04-03,578,6585,7163
452,2017-04-04,636,6946,7582
452,2017-04-05,650,6834,7484
452,2017-04-06,573,7118,7691
452,2017-04-07,637,6972,7609
452,2017-04-08,141,4551,4692
452,2017-04-09,40,4398,4438
452,2017-04-10,651,6007,6658
452,2017-04-11,661,6276,6937
452,2017-04-12,689,6439,7128
452,2017-04-13,704,6559,7263
452,2017-04-14,675,6756,7431
452,2017-04-15,153,4002,4155
452,2017-04-16,46,3419,3465
452,2017-04-17,64,3206,3270
452,2017-04-18,670,5873,6543
452,2017-04-19,681,5818,6499
452,2017-04-20,599,5981,6580
452,2017-04-21,612,6295,6907
452,2017-04-22,184,4312,4496
452,2017-04-23,50,3796,3846
452,2017-04-24,605,6657,7262
452,2017-04-25,578,6956,7534
452,2017-04-26,620,6904,7524
452,2017-04-27,646,7512,8158
452,2017-04-28,680,7518,8198
452,2017-04-29,195,4923,5118
452,2017-04-30,61,4460,4521
452,2017-05-01,85,3300,3385
452,2017-05-02,581,7197,7778
452,2017-05-03,613,7101,7714
452,2017-05-04,568,7176,7744
452,2017-05-05,622,7364,7986
452,2017-05-06,172,4615,4787
452,2017-05-07,57,3782,3839
452,2017-05-08,554,6560,7114
452,2017-05-09,596,7058,7654
452,2017-05-10,788,7013,7801
452,2017-05-11,758,7264,8022
452,2017-05-12,643,7146,7789
452,2017-05-13,144,4429,4573
452,2017-05-14,72,3805,3877
452,2017-05-15,484,6706,7190
452,2017-05-16,534,7278,7812
452,2017-05-17,491,7104,7595
452,2017-05-18,515,7220,7735
452,2017-05-19,453,7216,7669
452,2017-05-20,196,4392,4588
452,2017-05-21,67,4118,4185
452,2017-05-22,514,6704,7218
452,2017-05-23,455,7037,7492
452,2017-05-24,513,7696,8209
452,2017-05-25,143,4690,4833
452,2017-05-26,275,7138,7413
452,2017-05-27,162,5386,5548
452,2017-05-28,183,4572,4755
452,2017-05-29,464,6686,7150
452,2017-05-30,493,7006,7499
452,2017-05-31,524,7133,7657
452,2017-06-01,494,7524,8018
452,2017-06-02,517,7605,8122
452,2017-06-03,203,4782,4985
452,2017-06-04,72,4741,4813
452,2017-06-05,148,4445,4593
452,2017-06-06,464,5749,6213
452,2017-06-07,443,6143,6586
452,2017-06-08,458,6404,6862
452,2017-06-09,490,7196,7686
452,2017-06-10,183,6159,6342
452,2017-06-11,90,5437,5527
452,2017-06-12,509,7138,7647
452,2017-06-13,512,7413,7925
452,2017-06-14,499,7328,7827
452,2017-06-15,440,7674,8114
452,2017-06-16,472,7817,8289
452,2017-06-17,225,5070,5295
452,2017-06-18,98,4108,4206
452,2017-06-19,472,6885,7357
452,2017-06-20,448,7477,7925
452,2017-06-21,471,7634,8105
452,2017-06-22,516,7748,8264
452,2017-06-23,162,4159,4321
452,2017-06-24,188,4407,4595
452,2017-06-25,99,3889,3988
452,2017-06-26,453,6969,7422
452,2017-06-27,444,7226,7670
452,2017-06-28,488,7169,7657
452,2017-06-29,518,7303,7821
452,2017-06-30,482,7504,7986
452,2017-07-01,191,4721,4912
452,2017-07-02,72,3939,4011
452,2017-07-03,460,6855,7315
452,2017-07-04,414,7385,7799
452,2017-07-05,416,7448,7864
452,2017-07-06,464,7559,8023
452,2017-07-07,488,7737,8225
452,2017-07-08,215,5191,5406
452,2017-07-09,357,6260,6617
452,2017-07-10,438,7107,7545
452,2017-07-11,425,7587,8012
452,2017-07-12,569,7143,7712
452,2017-07-13,469,7882,8351
452,2017-07-14,557,7916,8473
452,2017-07-15,266,5441,5707
452,2017-07-16,142,4932,5074
452,2017-07-17,416,6938,7354
452,2017-07-18,442,7911,8353
452,2017-07-19,444,7194,7638
452,2017-07-20,452,7021,7473
452,2017-07-21,447,7515,7962
452,2017-07-22,234,5551,5785
452,2017-07-23,114,4486,4600
452,2017-07-24,497,6641,7138
452,2017-07-25,417,6853,7270
452,2017-07-26,438,7168,7606
452,2017-07-27,393,7213,7606
452,2017-07-28,400,6837,7237
452,2017-07-29,248,5090,5338
452,2017-07-30,133,4527,4660
452,2017-07-31,352,5945,6297
452,2017-08-01,316,6070,6386
452,2017-08-02,328,6492,6820
452,2017-08-03,359,6533,6892
452,2017-08-04,318,6334,6652
452,2017-08-05,229,4682,4911
452,2017-08-06,143,4544,4687
452,2017-08-07,330,5632,5962
452,2017-08-08,289,5739,6028
452,2017-08-09,335,5945,6280
452,2017-08-10,313,5892,6205
452,2017-08-11,369,5963,6332
452,2017-08-12,211,4278,4489
452,2017-08-13,93,4244,4337
452,2017-08-14,272,4919,5191
452,2017-08-15,131,3580,3711
452,2017-08-16,348,5832,6180
452,2017-08-17,371,5834,6205
452,2017-08-18,300,5758,6058
452,2017-08-19,191,4058,4249
452,2017-08-20,132,4010,4142
452,2017-08-21,391,5726,6117
452,2017-08-22,479,6332,6811
452,2017-08-23,440,6210,6650
452,2017-08-24,441,6323,6764
452,2017-08-25,401,6414,6815
452,2017-08-26,220,4535,4755
452,2017-08-27,87,3915,4002
452,2017-08-28,456,5812,6268
452,2017-08-29,491,6272,6763
452,2017-08-30,490,6027,6517
452,2017-08-31,492,6138,6630
452,2017-09-01,492,6378,6870
452,2017-09-02,181,4089,4270
452,2017-09-03,92,3943,4035
452,2017-09-04,461,5965,6426
452,2017-09-05,529,6166,6695
452,2017-09-06,503,6226,6729
452,2017-09-07,453,6328,6781
452,2017-09-08,469,6341,6810
452,2017-09-09,202,4219,4421
452,2017-09-10,89,3759,3848
452,2017-09-11,458,6262,6720
452,2017-09-12,489,6783,7272
452,2017-09-13,450,6626,7076
452,2017-09-14,488,6820,7308
452,2017-09-15,524,7255,7779
452,2017-09-16,154,4597,4751
452,2017-09-17,96,3968,4064
452,2017-09-18,458,6712,7170
452,2017-09-19,480,7291,7771
452,2017-09-20,439,7127,7566
452,2017-09-21,476,7526,8002
452,2017-09-22,489,7570,8059
452,2017-09-23,171,5235,5406
452,2017-09-24,92,4585,4677
452,2017-09-25,413,7077,7490
452,2017-09-26,484,7268,7752
452,2017-09-27,426,7378,7804
452,2017-09-28,437,7459,7896
452,2017-09-29,498,7851,8349
452,2017-09-30,153,4923,5076
452,2017-10-01,60,4191,4251
452,2017-10-02,453,6888,7341
452,2017-10-03,412,7530,7942
452,2017-10-04,460,7321,7781
452,2017-10-05,498,7287,7785
452,2017-10-06,464,7538,8002
452,2017-10-07,155,4596,4751
452,2017-10-08,51,4010,4061
452,2017-10-09,439,6654,7093
452,2017-10-10,558,7108,7666
452,2017-10-11,526,7256,7782
452,2017-10-12,489,7376,7865
452,2017-10-13,516,7941,8457
452,2017-10-14,185,4977,5162
452,2017-10-15,69,5586,5655
452,2017-10-16,512,7010,7522
452,2017-10-17,457,7424,7881
452,2017-10-18,520,7370,7890
452,2017-10-19,513,7193,7706
452,2017-10-20,489,7744,8233
452,2017-10-21,157,4652,4809
452,2017-10-22,54,3587,3641
452,2017-10-23,446,6580,7026
452,2017-10-24,433,7256,7689
452,2017-10-25,455,7163,7618
452,2017-10-26,463,7198,7661
452,2017-10-27,456,7569,8025
452,2017-10-28,170,4619,4789
452,2017-10-29,56,3918,3974
452,2017-10-30,484,6437,6921
452,2017-11-01,48,3815,3863
452,2017-11-02,456,6363,6819
452,2017-11-03,478,7359,7837
452,2017-11-04,182,5733,5915
452,2017-11-05,40,3709,3749
452,2017-11-06,497,6770,7267
452,2017-11-07,489,7376,7865
452,2017-11-08,471,7126,7597
452,2017-11-09,492,7272,7764
452,2017-11-10,464,7472,7936
452,2017-11-11,115,4205,4320
452,2017-11-12,36,3295,3331
452,2017-11-13,444,6777,7221
452,2017-11-14,511,7328,7839
452,2017-11-15,492,6987,7479
452,2017-11-16,499,7423,7922
452,2017-11-17,476,7605,8081
452,2017-11-18,119,4400,4519
452,2017-11-19,33,3482,3515
452,2017-11-20,455,6826,7281
452,2017-11-21,459,7173,7632
452,2017-11-22,445,7142,7587
452,2017-11-23,438,7103,7541
452,2017-11-24,423,7471,7894
452,2017-11-25,126,4366,4492
452,2017-11-26,34,3507,3541
452,2017-11-27,435,6624,7059
452,2017-11-28,437,7142,7579
452,2017-11-29,460,6851,7311
452,2017-11-30,427,7140,7567
452,2017-12-01,445,7209,7654
452,2017-12-02,108,4204,4312
452,2017-12-03,38,3143,3181
452,2017-12-04,434,6677,7111
452,2017-12-05,542,7239,7781
452,2017-12-06,484,6658,7142
452,2017-12-07,469,7342,7811
452,2017-12-08,464,7360,7824
452,2017-12-09,127,4257,4384
452,2017-12-10,35,2413,2448
452,2017-12-11,398,6706,7104
452,2017-12-12,438,7512,7950
452,2017-12-13,416,6573,6989
452,2017-12-14,477,7142,7619
452,2017-12-15,346,7113,7459
452,2017-12-16,111,4050,4161
452,2017-12-17,37,3401,3438
452,2017-12-18,238,5401,5639
452,2017-12-19,300,5851,6151
452,2017-12-20,322,5693,6015
452,2017-12-21,300,5712,6012
452,2017-12-22,218,5557,5775
452,2017-12-23,103,3558,3661
452,2017-12-24,18,2574,2592
452,2017-12-25,19,2743,2762
452,2017-12-26,42,2662,2704
452,2017-12-27,174,4258,4432
452,2017-12-28,208,4542,4750
452,2017-12-29,177,4087,4264
452,2017-12-30,89,3440,3529
452,2017-12-31,26,2433,2459
453,2017-01-01,56,4732,4788
453,2017-01-02,417,7924,8341
453,2017-01-03,585,9667,10252
453,2017-01-05,590,9536,10126
453,2017-01-06,664,10915,11579
453,2017-01-07,237,6842,7079
453,2017-01-08,65,5371,5436
453,2017-01-09,876,11914,12790
453,2017-01-10,940,12210,13150
453,2017-01-11,926,12592,13518
453,2017-01-12,960,13278,14238
453,2017-01-13,680,10051,10731
453,2017-01-14,236,7691,7927
453,2017-01-15,105,7514,7619
453,2017-01-16,840,12087,12927
453,2017-01-18,1056,13084,14140
453,2017-01-19,994,13595,14589
453,2017-01-20,1033,13543,14576
453,2017-01-21,317,9760,10077
453,2017-01-22,133,8932,9065
453,2017-01-23,939,12588,13527
453,2017-01-25,1040,13114,14154
453,2017-01-26,965,13981,14946
453,2017-01-27,969,13881,14850
453,2017-01-28,308,8244,8552
453,2017-01-29,110,6342,6452
453,2017-01-30,874,10672,11546
453,2017-02-01,1008,12315,13323
453,2017-02-02,1065,13323,14388
453,2017-02-03,1003,12973,13976
453,2017-02-04,233,6893,7126
453,2017-02-05,88,6238,6326
453,2017-02-06,1051,12765,13816
453,2017-02-08,1111,13110,14221
453,2017-02-09,1204,13829,15033
453,2017-02-10,1143,14069,15212
453,2017-02-11,269,8328,8597
453,2017-02-12,87,6721,6808
453,2017-02-13,1160,13389,14549
453,2017-02-15,1231,13811,15042
453,2017-02-16,1320,14086,15406
453,2017-02-17,1074,13095,14169
453,2017-02-18,280,8807,9087
453,2017-02-19,118,6855,6973
453,2017-02-20,1068,11121,12189
453,2017-02-22,980,11977,12957
453,2017-02-23,1290,11982,13272
453,2017-02-24,1202,12818,14020
453,2017-02-25,280,8642,8922
453,2017-02-26,160,9477,9637
453,2017-02-27,886,10886,11772
453,2017-03-01,999,11431,12430
453,2017-03-02,1122,14264,15386
453,2017-03-03,1178,14256,15434
453,2017-03-04,368,9382,9750
453,2017-03-05,110,7584,7694
453,2017-03-06,1326,13612,14938
453,2017-03-08,1340,14112,15452
453,2017-03-09,1035,12733,13768
453,2017-03-10,1229,14421,15650
453,2017-03-11,340,9868,10208
453,2017-03-12,113,7939,8052
453,2017-03-13,1245,13336,14581
453,2017-03-15,1345,14193,15538
453,2017-03-16,1354,14405,15759
453,2017-03-17,1324,15098,16422
453,2017-03-18,302,9130,9432
453,2017-03-19,144,7575,7719
453,2017-03-20,1232,13826,15058
453,2017-03-22,1317,14413,15730
453,2017-03-23,1250,14782,16032
453,2017-03-24,1302,14985,16287
453,2017-03-25,370,10495,10865
453,2017-03-27,1207,13785,14992
453,2017-03-29,1292,14555,15847
453,2017-03-30,1309,15064,16373
453,2017-03-31,1362,15198,16560
453,2017-04-01,337,10245,10582
453,2017-04-02,138,8934,9072
453,2017-04-03,1185,14128,15313
453,2017-04-05,1371,14991,16362
453,2017-04-06,1339,15451,16790
453,2017-04-07,1310,15147,16457
453,2017-04-08,389,10362,10751
453,2017-04-09,155,8696,8851
453,2017-04-10,1276,13226,14502
453,2017-04-12,1340,14106,15446
453,2017-04-13,1247,14332,15579
453,2017-04-14,1195,14518,15713
453,2017-04-15,340,8927,9267
453,2017-04-16,100,7195,7295
453,2017-04-17,119,6460,6579
453,2017-04-19,1292,13631,14923
453,2017-04-20,1319,13735,15054
453,2017-04-21,1340,14404,15744
453,2017-04-22,373,9910,10283
453,2017-04-23,156,8537,8693
453,2017-04-24,1264,14283,15547
453,2017-04-26,1322,14689,16011
453,2017-04-27,1345,15699,17044
453,2017-04-28,1276,15819,17095
453,2017-04-29,444,11146,11590
453,2017-04-30,147,9075,9222
453,2017-05-01,198,7084,7282
453,2017-05-03,1198,12882,14080
453,2017-05-04,1334,13899,15233
453,2017-05-05,1379,15524,16903
453,2017-05-06,444,10258,10702
453,2017-05-07,165,7920,8085
453,2017-05-08,1237,13901,15138
453,2017-05-10,1341,14573,15914
453,2017-05-11,1333,15036,16369
453,2017-05-12,1325,15199,16524
453,2017-05-13,411,10330,10741
453,2017-05-14,244,9090,9334
453,2017-05-15,1327,13619,14946
453,2017-05-17,1391,14677,16068
453,2017-05-18,1290,14418,15708
453,2017-05-19,1470,15904,17374
453,2017-05-20,523,10392,10915
453,2017-05-21,188,8894,9082
453,2017-05-22,1277,13649,14926
453,2017-05-24,1372,15789,17161
453,2017-05-25,277,8843,9120
453,2017-05-26,917,13484,14401
453,2017-05-27,358,10235,10593
453,2017-05-28,200,9094,9294
453,2017-05-29,1239,13373,14612
453,2017-05-31,1223,14374,15597
453,2017-06-01,1387,15054,16441
453,2017-06-02,1662,16074,17736
453,2017-06-03,507,11270,11777
453,2017-06-04,267,8880,9147
453,2017-06-05,334,8207,8541
453,2017-06-07,1678,14068,15746
453,2017-06-08,1463,13589,15052
453,2017-06-09,1263,12997,14260
453,2017-06-10,384,11250,11634
453,2017-06-11,172,9537,9709
453,2017-06-12,1439,14258,15697
453,2017-06-14,1339,14902,16241
453,2017-06-15,1452,15004,16456
453,2017-06-16,1395,15461,16856
453,2017-06-17,518,11172,11690
453,2017-06-18,204,9164,9368
453,2017-06-19,1305,13672,14977
453,2017-06-21,1423,15360,16783
453,2017-06-22,1405,15337,16742
453,2017-06-23,405,8538,8943
453,2017-06-24,384,9526,9910
453,2017-06-25,205,8421,8626
453,2017-06-26,1350,14092,15442
453,2017-06-28,1339,13396,14735
453,2017-06-29,1804,15748,17552
453,2017-06-30,1750,16154,17904
453,2017-07-01,372,9818,10190
453,2017-07-02,213,9915,10128
453,2017-07-03,1348,13408,14756
453,2017-07-05,1355,14420,15775
453,2017-07-06,1508,15808,17316
453,2017-07-07,1716,15694,17410
453,2017-07-08,460,11140,11600
453,2017-07-09,490,11404,11894
453,2017-07-10,1382,15006,16388
453,2017-07-12,1187,13437,14624
453,2017-07-13,1335,15271,16606
453,2017-07-14,1352,15543,16895
453,2017-07-15,542,11608,12150
453,2017-07-16,311,9406,9717
453,2017-07-17,1258,13839,15097
453,2017-07-19,1306,14111,15417
453,2017-07-20,1516,15228,16744
453,2017-07-21,1263,14678,15941
453,2017-07-22,476,10641,11117
453,2017-07-23,233,8657,8890
453,2017-07-24,1118,12713,13831
453,2017-07-25,1326,13766,15092
453,2017-07-26,1286,14216,15502
453,2017-07-27,1296,14912,16208
453,2017-07-28,1166,13922,15088
453,2017-07-29,371,9822,10193
453,2017-07-30,225,8630,8855
453,2017-07-31,998,12152,13150
453,2017-08-02,853,12000,12853
453,2017-08-03,858,11973,12831
453,2017-08-04,802,12349,13151
453,2017-08-05,341,9384,9725
453,2017-08-06,240,8847,9087
453,2017-08-07,797,10887,11684
453,2017-08-09,831,11502,12333
453,2017-08-11,849,11752,12601
453,2017-08-12,280,8291,8571
453,2017-08-13,154,7773,7927
453,2017-08-14,653,9812,10465
453,2017-08-15,243,6217,6460
453,2017-08-16,883,11901,12784
453,2017-08-18,833,10025,10858
453,2017-08-19,299,8967,9266
453,2017-08-20,188,8173,8361
453,2017-08-21,1102,12110,13212
453,2017-08-22,1180,12752,13932
453,2017-08-23,1190,12702,13892
453,2017-08-25,1170,12935,14105
453,2017-08-26,374,9147,9521
453,2017-08-27,177,8075,8252
453,2017-08-28,1283,12455,13738
453,2017-08-29,1159,13039,14198
453,2017-08-30,1265,13344,14609
453,2017-09-01,1327,12581,13908
453,2017-09-02,350,9190,9540
453,2017-09-03,197,8314,8511
453,2017-09-04,1260,11960,13220
453,2017-09-05,1251,13298,14549
453,2017-09-06,1243,13182,14425
453,2017-09-08,1514,14360,15874
453,2017-09-09,450,9812,10262
453,2017-09-10,158,8206,8364
453,2017-09-11,1203,12534,13737
453,2017-09-12,1586,14720,16306
453,2017-09-13,1550,14864,16414
453,2017-09-15,1329,14680,16009
453,2017-09-16,480,10256,10736
453,2017-09-17,168,8248,8416
453,2017-09-18,1274,13862,15136
453,2017-09-19,1351,14679,16030
453,2017-09-20,1358,14733,16091
453,2017-09-22,1277,15124,16401
453,2017-09-23,420,10604,11024
453,2017-09-24,176,8758,8934
453,2017-09-25,1227,13914,15141
453,2017-09-26,1326,14938,16264
453,2017-09-27,1258,14756,16014
453,2017-09-28,1331,14677,16008
453,2017-09-29,1282,15183,16465
453,2017-09-30,396,10596,10992
453,2017-10-01,138,8738,8876
453,2017-10-02,1113,13209,14322
453,2017-10-03,1239,14586,15825
453,2017-10-04,1344,14403,15747
453,2017-10-06,1161,14572,15733
453,2017-10-07,352,10097,10449
453,2017-10-08,152,7948,8100
453,2017-10-09,1260,13733,14993
453,2017-10-10,1127,13893,15020
453,2017-10-11,1359,14504,15863
453,2017-10-12,1204,14930,16134
453,2017-10-13,1220,14845,16065
453,2017-10-14,410,10388,10798
453,2017-10-15,181,9808,9989
453,2017-10-16,1286,13808,15094
453,2017-10-17,1390,14722,16112
453,2017-10-18,1403,14437,15840
453,2017-10-20,1604,16012,17616
453,2017-10-21,349,9685,10034
453,2017-10-22,129,7399,7528
453,2017-10-23,1314,13974,15288
453,2017-10-24,1210,13575,14785
453,2017-10-25,1320,14162,15482
453,2017-10-26,1470,14612,16082
453,2017-10-27,1350,14726,16076
453,2017-10-28,489,10615,11104
453,2017-10-29,232,7939,8171
453,2017-10-30,1510,14009,15519
453,2017-10-31,1614,15200,16814
453,2017-11-01,321,8181,8502
453,2017-11-03,1576,15559,17135
453,2017-11-04,485,9982,10467
453,2017-11-05,273,7964,8237
453,2017-11-06,1417,13853,15270
453,2017-11-07,1439,14754,16193
453,2017-11-08,1171,12825,13996
453,2017-11-09,1329,15034,16363
453,2017-11-10,1224,12853,14077
453,2017-11-11,298,7526,7824
453,2017-11-12,125,5829,5954
453,2017-11-13,1268,13700,14968
453,2017-11-14,1412,14735,16147
453,2017-11-15,1327,14590,15917
453,2017-11-16,1425,14980,16405
453,2017-11-17,1343,14967,16310
453,2017-11-18,334,9596,9930
453,2017-11-19,109,7674,7783
453,2017-11-20,1272,12280,13552
453,2017-11-21,1212,13360,14572
453,2017-11-22,1385,14492,15877
453,2017-11-24,1454,15858,17312
453,2017-11-25,308,9867,10175
453,2017-11-26,126,7569,7695
453,2017-11-27,1108,11228,12336
453,2017-11-28,1280,14043,15323
453,2017-11-29,1220,13182,14402
453,2017-11-30,1148,13923,15071
453,2017-12-01,1175,14220,15395
453,2017-12-02,316,9600,9916
453,2017-12-03,92,6447,6539
453,2017-12-04,1194,13003,14197
453,2017-12-05,1307,14320,15627
453,2017-12-06,1394,13896,15290
453,2017-12-08,1218,13367,14585
453,2017-12-09,303,9312,9615
453,2017-12-10,166,5640,5806
453,2017-12-11,1386,14048,15434
453,2017-12-12,1186,14341,15527
453,2017-12-13,1512,13714,15226
453,2017-12-14,1396,14768,16164
453,2017-12-15,914,10924,11838
453,2017-12-16,283,8583,8866
453,2017-12-17,112,7094,7206
453,2017-12-18,787,9907,10694
453,2017-12-19,1080,12782,13862
453,2017-12-20,848,10694,11542
453,2017-12-21,787,10624,11411
453,2017-12-22,718,11296,12014
453,2017-12-23,257,8028,8285
453,2017-12-24,52,5317,5369
453,2017-12-25,70,5749,5819
453,2017-12-26,116,6414,6530
453,2017-12-27,584,9888,10472
453,2017-12-28,531,9552,10083
453,2017-12-29,469,8126,8595
453,2017-12-30,224,6507,6731
453,2017-12-31,74,5045,5119
454,2017-01-01,19,5281,5300
454,2017-01-02,161,8224,8385
454,2017-01-03,253,9943,10196
454,2017-01-05,263,9956,10219
454,2017-01-06,310,10810,11120
454,2017-01-07,83,6978,7061
454,2017-01-08,15,5987,6002
454,2017-01-09,340,11376,11716
454,2017-01-10,347,11506,11853
454,2017-01-11,335,11773,12108
454,2017-01-12,436,13566,14002
454,2017-01-13,260,9741,10001
454,2017-01-14,70,8084,8154
454,2017-01-15,33,8265,8298
454,2017-01-16,378,11816,12194
454,2017-01-18,471,12777,13248
454,2017-01-19,456,13190,13646
454,2017-01-20,466,13148,13614
454,2017-01-21,135,9941,10076
454,2017-01-22,31,9683,9714
454,2017-01-23,428,12142,12570
454,2017-01-25,449,12759,13208
454,2017-01-26,414,13421,13835
454,2017-01-27,428,13648,14076
454,2017-01-28,91,8843,8934
454,2017-01-29,44,8042,8086
454,2017-01-30,534,13678,14212
454,2017-02-01,421,13189,13610
454,2017-02-02,554,14910,15464
454,2017-02-03,454,13515,13969
454,2017-02-04,144,9690,9834
454,2017-02-05,33,7284,7317
454,2017-02-06,491,12872,13363
454,2017-02-08,487,13068,13555
454,2017-02-09,543,13905,14448
454,2017-02-10,516,14044,14560
454,2017-02-11,79,8957,9036
454,2017-02-12,27,7498,7525
454,2017-02-13,537,13099,13636
454,2017-02-15,556,13832,14388
454,2017-02-16,580,14942,15522
454,2017-02-17,450,13705,14155
454,2017-02-18,108,9222,9330
454,2017-02-19,37,7508,7545
454,2017-02-20,462,11908,12370
454,2017-02-22,464,12685,13149
454,2017-02-23,576,13078,13654
454,2017-02-24,463,13012,13475
454,2017-02-25,122,8996,9118
454,2017-02-26,58,8748,8806
454,2017-02-27,464,11350,11814
454,2017-03-01,486,12629,13115
454,2017-03-02,531,14435,14966
454,2017-03-03,474,14227,14701
454,2017-03-04,146,10016,10162
454,2017-03-05,54,8192,8246
454,2017-03-06,672,14258,14930
454,2017-03-08,578,14740,15318
454,2017-03-09,465,13993,14458
454,2017-03-10,524,14820,15344
454,2017-03-11,139,10225,10364
454,2017-03-12,36,8727,8763
454,2017-03-13,545,13395,13940
454,2017-03-15,590,14203,14793
454,2017-03-16,605,14587,15192
454,2017-03-17,550,14884,15434
454,2017-03-18,117,9819,9936
454,2017-03-19,42,8148,8190
454,2017-03-20,607,13490,14097
454,2017-03-22,582,14304,14886
454,2017-03-23,559,14774,15333
454,2017-03-24,571,14942,15513
454,2017-03-25,144,10649,10793
454,2017-03-27,588,13633,14221
454,2017-03-29,579,14532,15111
454,2017-03-30,593,15214,15807
454,2017-03-31,591,15428,16019
454,2017-04-01,114,10679,10793
454,2017-04-02,40,9526,9566
454,2017-04-03,544,14215,14759
454,2017-04-05,595,15004,15599
454,2017-04-06,606,15484,16090
454,2017-04-07,552,15309,15861
454,2017-04-08,146,10854,11000
454,2017-04-09,43,9568,9611
454,2017-04-10,556,13628,14184
454,2017-04-12,587,14373,14960
454,2017-04-13,552,14361,14913
454,2017-04-14,479,14670,15149
454,2017-04-15,124,9213,9337
454,2017-04-16,28,7896,7924
454,2017-04-17,34,7419,7453
454,2017-04-19,561,13882,14443
454,2017-04-20,593,14015,14608
454,2017-04-21,574,14484,15058
454,2017-04-22,156,10118,10274
454,2017-04-23,39,9014,9053
454,2017-04-24,553,14312,14865
454,2017-04-26,583,14649,15232
454,2017-04-27,604,15728,16332
454,2017-04-28,547,15730,16277
454,2017-04-29,169,11603,11772
454,2017-04-30,46,10181,10227
454,2017-05-01,82,7778,7860
454,2017-05-03,541,14097,14638
454,2017-05-04,574,14924,15498
454,2017-05-05,555,15727,16282
454,2017-05-06,146,10728,10874
454,2017-05-07,45,8785,8830
454,2017-05-08,543,14001,14544
454,2017-05-10,584,14948,15532
454,2017-05-11,575,15183,15758
454,2017-05-12,536,15439,15975
454,2017-05-13,178,10917,11095
454,2017-05-14,64,9214,9278
454,2017-05-15,581,14081,14662
454,2017-05-18,592,14842,15434
454,2017-05-19,614,16816,17430
454,2017-05-20,166,10916,11082
454,2017-05-21,50,9785,9835
454,2017-05-22,583,13993,14576
454,2017-05-23,587,14928,15515
454,2017-05-25,74,10274,10348
454,2017-05-26,402,14250,14652
454,2017-05-27,149,11200,11349
454,2017-05-28,77,10454,10531
454,2017-05-29,560,14168,14728
454,2017-05-30,647,14965,15612
454,2017-06-01,590,15859,16449
454,2017-06-02,604,18154,18758
454,2017-06-03,153,12213,12366
454,2017-06-04,74,10340,10414
454,2017-06-05,86,9606,9692
454,2017-06-06,632,13455,14087
454,2017-06-08,567,14415,14982
454,2017-06-09,515,14842,15357
454,2017-06-10,132,11985,12117
454,2017-06-11,56,10725,10781
454,2017-06-12,614,14898,15512
454,2017-06-13,609,15309,15918
454,2017-06-15,673,15481,16154
454,2017-06-16,619,15931,16550
454,2017-06-17,192,11938,12130
454,2017-06-18,50,10379,10429
454,2017-06-19,588,14168,14756
454,2017-06-20,621,15249,15870
454,2017-06-22,599,15750,16349
454,2017-06-23,198,9550,9748
454,2017-06-24,140,10283,10423
454,2017-06-25,59,9440,9499
454,2017-06-26,656,14691,15347
454,2017-06-27,708,16248,16956
454,2017-06-29,642,16750,17392
454,2017-06-30,600,16014,16614
454,2017-07-01,144,11104,11248
454,2017-07-02,45,10568,10613
454,2017-07-03,576,14054,14630
454,2017-07-04,570,15138,15708
454,2017-07-06,676,16360,17036
454,2017-07-07,594,16978,17572
454,2017-07-08,172,12031,12203
454,2017-07-09,78,12634,12712
454,2017-07-10,674,15502,16176
454,2017-07-11,660,16434,17094
454,2017-07-13,601,15583,16184
454,2017-07-14,533,16309,16842
454,2017-07-15,168,12678,12846
454,2017-07-16,59,10904,10963
454,2017-07-17,536,14698,15234
454,2017-07-18,518,15067,15585
454,2017-07-27,518,15966,16484
454,2017-07-28,426,14414,14840
454,2017-07-29,116,10870,10986
454,2017-07-30,53,10004,10057
454,2017-07-31,466,13448,13914
454,2017-08-01,418,13410,13828
454,2017-08-02,403,12934,13337
454,2017-08-03,382,12876,13258
454,2017-08-04,357,13295,13652
454,2017-08-05,119,10572,10691
454,2017-08-06,68,10230,10298
454,2017-08-07,356,11932,12288
454,2017-08-08,374,12838,13212
454,2017-08-09,394,12424,12818
454,2017-08-10,406,13116,13522
454,2017-08-11,380,12895,13275
454,2017-08-12,95,9646,9741
454,2017-08-13,40,9163,9203
454,2017-08-14,317,11064,11381
454,2017-08-15,138,8034,8172
454,2017-08-16,405,12685,13090
454,2017-08-18,378,12074,12452
454,2017-08-19,119,10081,10200
454,2017-08-20,49,9627,9676
454,2017-08-21,494,12912,13406
454,2017-08-22,565,13680,14245
454,2017-08-23,563,13782,14345
454,2017-08-25,512,14924,15436
454,2017-08-26,144,10744,10888
454,2017-08-27,52,9384,9436
454,2017-08-28,588,13582,14170
454,2017-08-29,544,14153,14697
454,2017-08-30,604,14131,14735
454,2017-09-01,578,15426,16004
454,2017-09-02,139,9991,10130
454,2017-09-03,38,9529,9567
454,2017-09-04,515,13356,13871
454,2017-09-05,569,14074,14643
454,2017-09-06,557,14014,14571
454,2017-09-08,498,15894,16392
454,2017-09-09,138,10312,10450
454,2017-09-10,43,9265,9308
454,2017-09-11,686,15332,16018
454,2017-09-12,698,15916,16614
454,2017-09-13,606,15906,16512
454,2017-09-15,582,16726,17308
454,2017-09-16,112,10872,10984
454,2017-09-17,35,9449,9484
454,2017-09-18,576,14232,14808
454,2017-09-19,602,15086,15688
454,2017-09-20,621,14916,15537
454,2017-09-22,573,15544,16117
454,2017-09-23,153,11248,11401
454,2017-09-24,48,9936,9984
454,2017-09-25,528,14288,14816
454,2017-09-26,577,15326,15903
454,2017-09-27,624,15177,15801
454,2017-09-28,577,15269,15846
454,2017-09-29,545,15556,16101
454,2017-09-30,154,11464,11618
454,2017-10-01,43,9762,9805
454,2017-10-02,486,13935,14421
454,2017-10-03,696,16134,16830
454,2017-10-04,602,14428,15030
454,2017-10-06,535,15046,15581
454,2017-10-07,145,10555,10700
454,2017-10-08,43,8887,8930
454,2017-10-09,587,13818,14405
454,2017-10-10,587,14521,15108
454,2017-10-11,624,14522,15146
454,2017-10-12,566,15097,15663
454,2017-10-13,541,15394,15935
454,2017-10-14,146,11339,11485
454,2017-10-15,48,10425,10473
454,2017-10-16,566,14212,14778
454,2017-10-17,619,14801,15420
454,2017-10-18,701,14729,15430
454,2017-10-20,658,16484,17142
454,2017-10-21,130,10441,10571
454,2017-10-22,37,8242,8279
454,2017-10-23,593,13880,14473
454,2017-10-24,533,14347,14880
454,2017-10-25,561,14684,15245
454,2017-10-26,639,14928,15567
454,2017-10-27,544,15258,15802
454,2017-10-28,165,10991,11156
454,2017-10-29,80,9295,9375
454,2017-10-30,627,14494,15121
454,2017-10-31,696,15502,16198
454,2017-11-01,126,9081,9207
454,2017-11-03,580,15126,15706
454,2017-11-04,191,9834,10025
454,2017-11-05,87,8971,9058
454,2017-11-06,442,14933,15375
454,2017-11-07,607,14508,15115
454,2017-11-08,532,13800,14332
454,2017-11-09,598,14918,15516
454,2017-11-10,488,14204,14692
454,2017-11-11,119,9021,9140
454,2017-11-12,48,7108,7156
454,2017-11-13,558,13756,14314
454,2017-11-14,610,14534,15144
454,2017-11-15,544,14259,14803
454,2017-11-16,613,14852,15465
454,2017-11-17,548,14826,15374
454,2017-11-18,142,10004,10146
454,2017-11-19,31,8337,8368
454,2017-11-20,542,13515,14057
454,2017-11-21,557,14064,14621
454,2017-11-22,565,14254,14819
454,2017-11-24,580,16224,16804
454,2017-11-25,133,10259,10392
454,2017-11-26,35,8327,8362
454,2017-11-27,594,15134,15728
454,2017-11-28,660,15608,16268
454,2017-11-29,527,13878,14405
454,2017-11-30,495,14076,14571
454,2017-12-01,531,14291,14822
454,2017-12-02,111,9774,9885
454,2017-12-03,31,7227,7258
454,2017-12-04,511,13518,14029
454,2017-12-05,529,14495,15024
454,2017-12-06,569,14035,14604
454,2017-12-08,483,13703,14186
454,2017-12-09,111,9844,9955
454,2017-12-10,18,6318,6336
454,2017-12-11,590,14344,14934
454,2017-12-12,485,14230,14715
454,2017-12-13,622,14262,14884
454,2017-12-14,576,15288,15864
454,2017-12-15,534,14638,15172
454,2017-12-16,115,9341,9456
454,2017-12-17,37,8064,8101
454,2017-12-18,342,11313,11655
454,2017-12-19,415,12361,12776
454,2017-12-20,400,12016,12416
454,2017-12-21,394,11879,12273
454,2017-12-22,300,11776,12076
454,2017-12-23,103,8381,8484
454,2017-12-24,21,5771,5792
454,2017-12-25,23,6352,6375
454,2017-12-26,54,7136,7190
454,2017-12-27,268,10534,10802
454,2017-12-28,227,9720,9947
454,2017-12-29,159,8683,8842
454,2017-12-30,92,7672,7764
454,2017-12-31,38,5605,5643
459,2017-01-01,13,1400,1413
459,2017-01-02,91,2681,2772
459,2017-01-04,84,3113,3197
459,2017-01-05,103,3308,3411
459,2017-01-06,113,3405,3518
459,2017-01-07,76,2051,2127
459,2017-01-08,13,1524,1537
459,2017-01-09,172,3834,4006
459,2017-01-10,137,3881,4018
459,2017-01-11,146,3880,4026
459,2017-01-12,136,4123,4259
459,2017-01-13,165,3764,3929
459,2017-01-14,73,2424,2497
459,2017-01-15,15,1812,1827
459,2017-01-16,183,4024,4207
459,2017-01-18,177,4081,4258
459,2017-01-19,187,4154,4341
459,2017-01-20,195,4123,4318
459,2017-01-21,96,2675,2771
459,2017-01-22,21,1846,1867
459,2017-01-23,187,3931,4118
459,2017-01-25,183,3979,4162
459,2017-01-26,172,4127,4299
459,2017-01-27,189,4037,4226
459,2017-01-28,84,2457,2541
459,2017-01-29,22,1772,1794
459,2017-01-30,150,3927,4077
459,2017-02-01,178,4185,4363
459,2017-02-02,164,4347,4511
459,2017-02-03,156,4328,4484
459,2017-02-04,69,2586,2655
459,2017-02-05,18,1715,1733
459,2017-02-06,157,4146,4303
459,2017-02-08,170,4247,4417
459,2017-02-09,181,4346,4527
459,2017-02-10,191,4400,4591
459,2017-02-11,78,2689,2767
459,2017-02-12,20,1958,1978
459,2017-02-13,193,4163,4356
459,2017-02-15,108,4456,4564
459,2017-02-16,74,4468,4542
459,2017-02-17,64,4460,4524
459,2017-02-18,80,2403,2483
459,2017-02-19,21,1746,1767
459,2017-02-20,97,3401,3498
459,2017-02-22,80,3269,3349
459,2017-02-23,100,3335,3435
459,2017-02-24,107,3210,3317
459,2017-02-25,89,2203,2292
459,2017-02-26,21,1776,1797
459,2017-02-27,159,3720,3879
459,2017-03-01,146,4014,4160
459,2017-03-02,166,4126,4292
459,2017-03-03,182,4220,4402
459,2017-03-04,75,2730,2805
459,2017-03-05,16,1798,1814
459,2017-03-06,155,4104,4259
459,2017-03-08,167,4140,4307
459,2017-03-09,141,4098,4239
459,2017-03-10,199,4451,4650
459,2017-03-11,90,3077,3167
459,2017-03-12,27,2323,2350
459,2017-03-13,197,4301,4498
459,2017-03-15,187,4527,4714
459,2017-03-16,180,4577,4757
459,2017-03-17,187,4411,4598
459,2017-03-18,69,2848,2917
459,2017-03-19,17,1987,2004
459,2017-03-20,188,4198,4386
459,2017-03-22,188,4261,4449
459,2017-03-23,201,4656,4857
459,2017-03-24,222,4557,4779
459,2017-03-25,92,3076,3168
459,2017-03-27,187,4388,4575
459,2017-03-29,194,4653,4847
459,2017-03-30,195,4907,5102
459,2017-03-31,193,4697,4890
459,2017-04-01,78,2937,3015
459,2017-04-02,17,2611,2628
459,2017-04-03,185,4367,4552
459,2017-04-05,206,4540,4746
459,2017-04-06,189,4515,4704
459,2017-04-07,199,4580,4779
459,2017-04-08,92,2878,2970
459,2017-04-09,22,2282,2304
459,2017-04-10,114,3921,4035
459,2017-04-12,140,3947,4087
459,2017-04-13,143,3966,4109
459,2017-04-14,126,3817,3943
459,2017-04-15,89,2405,2494
459,2017-04-16,18,1892,1910
459,2017-04-17,28,1694,1722
459,2017-04-19,119,3696,3815
459,2017-04-20,122,3639,3761
459,2017-04-21,139,3783,3922
459,2017-04-22,82,2660,2742
459,2017-04-23,16,2226,2242
459,2017-04-24,198,4258,4456
459,2017-04-26,194,4320,4514
459,2017-04-27,197,4510,4707
459,2017-04-28,183,4464,4647
459,2017-04-29,94,3003,3097
459,2017-04-30,18,2530,2548
459,2017-05-01,16,1777,1793
459,2017-05-03,302,4294,4596
459,2017-05-04,185,4474,4659
459,2017-05-05,208,4586,4794
459,2017-05-06,81,2979,3060
459,2017-05-07,22,2256,2278
459,2017-05-08,199,4128,4327
459,2017-05-10,183,4499,4682
459,2017-05-11,179,4556,4735
459,2017-05-12,302,4458,4760
459,2017-05-13,85,2927,3012
459,2017-05-14,20,2340,2360
459,2017-05-15,191,4492,4683
459,2017-05-17,193,4673,4866
459,2017-05-18,272,4596,4868
459,2017-05-19,163,4398,4561
459,2017-05-20,111,3510,3621
459,2017-05-21,19,2882,2901
459,2017-05-22,183,4549,4732
459,2017-05-24,180,4608,4788
459,2017-05-25,28,2337,2365
459,2017-05-26,195,4023,4218
459,2017-05-27,76,2950,3026
459,2017-05-28,21,2249,2270
459,2017-05-29,171,4517,4688
459,2017-05-31,194,4742,4936
459,2017-06-01,169,4757,4926
459,2017-06-02,167,4547,4714
459,2017-06-03,82,2798,2880
459,2017-06-04,19,2155,2174
459,2017-06-05,13,2024,2037
459,2017-06-07,125,3960,4085
459,2017-06-08,139,4098,4237
459,2017-06-09,130,4007,4137
459,2017-06-10,85,2801,2886
459,2017-06-11,18,2290,2308
459,2017-06-12,194,4411,4605
459,2017-06-14,187,4539,4726
459,2017-06-15,198,4513,4711
459,2017-06-16,206,4484,4690
459,2017-06-17,83,3259,3342
459,2017-06-18,30,1937,1967
459,2017-06-19,180,4416,4596
459,2017-06-21,183,4525,4708
459,2017-06-22,179,4471,4650
459,2017-06-23,32,2031,2063
459,2017-06-24,80,2710,2790
459,2017-06-25,19,2013,2032
459,2017-06-26,198,4568,4766
459,2017-06-28,188,4280,4468
459,2017-06-29,181,4395,4576
459,2017-06-30,201,4390,4591
459,2017-07-01,82,2709,2791
459,2017-07-02,24,2173,2197
459,2017-07-03,179,4111,4290
459,2017-07-05,203,4540,4743
459,2017-07-06,276,4532,4808
459,2017-07-07,179,4761,4940
459,2017-07-08,88,3280,3368
459,2017-07-09,29,2368,2397
459,2017-07-10,183,4188,4371
459,2017-07-12,149,4245,4394
459,2017-07-13,155,4310,4465
459,2017-07-14,170,4209,4379
459,2017-07-15,97,3005,3102
459,2017-07-16,26,2479,2505
459,2017-07-17,117,3956,4073
459,2017-07-19,120,4059,4179
459,2017-07-20,115,3896,4011
459,2017-07-21,115,4069,4184
459,2017-07-22,97,2534,2631
459,2017-07-23,20,1860,1880
459,2017-07-24,92,3457,3549
459,2017-07-25,111,3689,3800
459,2017-07-26,120,3899,4019
459,2017-07-27,118,3747,3865
459,2017-07-28,123,3700,3823
459,2017-07-29,83,2636,2719
459,2017-07-30,24,1975,1999
459,2017-07-31,128,3574,3702
459,2017-08-01,132,3346,3478
459,2017-08-02,114,3696,3810
459,2017-08-03,116,3705,3821
459,2017-08-04,108,3605,3713
459,2017-08-05,83,2289,2372
459,2017-08-06,21,2069,2090
459,2017-08-07,121,3490,3611
459,2017-08-08,119,3366,3485
459,2017-08-09,133,3595,3728
459,2017-08-10,109,3262,3371
459,2017-08-11,135,3393,3528
459,2017-08-12,136,2154,2290
459,2017-08-13,44,1842,1886
459,2017-08-14,115,2973,3088
459,2017-08-15,33,2073,2106
459,2017-08-16,92,3470,3562
459,2017-08-18,94,3305,3399
459,2017-08-19,80,2162,2242
459,2017-08-20,16,1986,2002
459,2017-08-21,114,3517,3631
459,2017-08-22,102,3706,3808
459,2017-08-23,94,3801,3895
459,2017-08-25,127,3643,3770
459,2017-08-26,77,2425,2502
459,2017-08-27,27,2040,2067
459,2017-08-28,116,3676,3792
459,2017-08-29,135,4237,4372
459,2017-08-30,133,4001,4134
459,2017-09-01,131,3875,4006
459,2017-09-02,86,2454,2540
459,2017-09-03,27,2245,2272
459,2017-09-04,130,3880,4010
459,2017-09-05,137,3991,4128
459,2017-09-06,137,4075,4212
459,2017-09-08,143,3879,4022
459,2017-09-09,82,2402,2484
459,2017-09-10,42,2252,2294
459,2017-09-11,118,3927,4045
459,2017-09-12,121,4186,4307
459,2017-09-13,105,3874,3979
459,2017-09-15,168,4303,4471
459,2017-09-16,98,2915,3013
459,2017-09-17,17,2395,2412
459,2017-09-18,184,4360,4544
459,2017-09-19,182,4406,4588
459,2017-09-20,195,4398,4593
459,2017-09-22,183,4413,4596
459,2017-09-23,84,2969,3053
459,2017-09-24,20,2479,2499
459,2017-09-25,180,4204,4384
459,2017-09-26,184,4481,4665
459,2017-09-27,199,4468,4667
459,2017-09-28,186,4464,4650
459,2017-09-29,181,4518,4699
459,2017-09-30,83,2828,2911
459,2017-10-01,13,2400,2413
459,2017-10-02,177,4118,4295
459,2017-10-03,169,4497,4666
459,2017-10-04,189,4326,4515
459,2017-10-06,190,4493,4683
459,2017-10-07,88,3031,3119
459,2017-10-08,18,2694,2712
459,2017-10-09,162,4205,4367
459,2017-10-10,160,4381,4541
459,2017-10-11,197,4386,4583
459,2017-10-12,169,4522,4691
459,2017-10-13,176,4487,4663
459,2017-10-14,87,3490,3577
459,2017-10-15,19,2509,2528
459,2017-10-16,169,4649,4818
459,2017-10-17,174,4535,4709
459,2017-10-18,186,4670,4856
459,2017-10-20,154,4333,4487
459,2017-10-21,75,2930,3005
459,2017-10-22,17,2064,2081
459,2017-10-23,176,4481,4657
459,2017-10-24,146,4715,4861
459,2017-10-25,189,4526,4715
459,2017-10-26,156,4710,4866
459,2017-10-27,199,4733,4932
459,2017-10-28,89,2996,3085
459,2017-10-29,18,1932,1950
459,2017-10-30,103,3992,4095
459,2017-10-31,113,4298,4411
459,2017-11-01,18,2299,2317
459,2017-11-03,135,4038,4173
459,2017-11-04,90,2545,2635
459,2017-11-05,12,1844,1856
459,2017-11-06,169,4640,4809
459,2017-11-07,187,4939,5126
459,2017-11-08,142,4379,4521
459,2017-11-09,155,4520,4675
459,2017-11-10,164,4408,4572
459,2017-11-11,62,2700,2762
459,2017-11-12,22,1790,1812
459,2017-11-13,189,4292,4481
459,2017-11-14,180,4650,4830
459,2017-11-15,199,4548,4747
459,2017-11-16,193,4679,4872
459,2017-11-17,170,4891,5061
459,2017-11-18,100,3372,3472
459,2017-11-19,20,2433,2453
459,2017-11-20,172,4304,4476
459,2017-11-21,144,4445,4589
459,2017-11-22,191,4449,4640
459,2017-11-24,156,4368,4524
459,2017-11-25,72,2773,2845
459,2017-11-26,19,2030,2049
459,2017-11-27,173,4152,4325
459,2017-11-28,158,4518,4676
459,2017-11-29,173,4277,4450
459,2017-11-30,160,4284,4444
459,2017-12-01,165,4223,4388
459,2017-12-02,82,2803,2885
459,2017-12-03,10,1912,1922
459,2017-12-04,181,4185,4366
459,2017-12-05,161,4332,4493
459,2017-12-06,137,4256,4393
459,2017-12-08,188,4226,4414
459,2017-12-09,80,2847,2927
459,2017-12-10,23,1651,1674
459,2017-12-11,248,4196,4444
459,2017-12-12,172,4301,4473
459,2017-12-13,156,4042,4198
459,2017-12-14,145,4363,4508
459,2017-12-15,159,4126,4285
459,2017-12-16,80,2586,2666
459,2017-12-17,20,1811,1831
459,2017-12-18,85,3541,3626
459,2017-12-19,100,3608,3708
459,2017-12-20,97,3665,3762
459,2017-12-21,101,3625,3726
459,2017-12-22,113,3519,3632
459,2017-12-23,85,2393,2478
459,2017-12-24,18,1758,1776
459,2017-12-25,19,1564,1583
459,2017-12-26,19,1414,1433
459,2017-12-27,98,2706,2804
459,2017-12-28,114,2856,2970
459,2017-12-29,87,2631,2718
459,2017-12-30,68,2150,2218
459,2017-12-31,15,1715,1730
460,2017-01-01,23,900,923
460,2017-01-02,92,2326,2418
460,2017-01-03,121,2856,2977
460,2017-01-05,128,2983,3111
460,2017-01-06,136,3102,3238
460,2017-01-07,58,1403,1461
460,2017-01-08,23,1058,1081
460,2017-01-09,178,3591,3769
460,2017-01-10,204,3700,3904
460,2017-01-11,152,3983,4135
460,2017-01-12,202,4020,4222
460,2017-01-13,152,3562,3714
460,2017-01-14,55,1654,1709
460,2017-01-15,30,1240,1270
460,2017-01-16,199,3502,3701
460,2017-01-18,248,3890,4138
460,2017-01-19,226,4107,4333
460,2017-01-20,222,4067,4289
460,2017-01-21,60,1903,1963
460,2017-01-22,31,1351,1382
460,2017-01-23,221,3782,4003
460,2017-01-25,206,3891,4097
460,2017-01-26,236,4088,4324
460,2017-01-27,212,3856,4068
460,2017-01-28,68,1710,1778
460,2017-01-29,24,1305,1329
460,2017-01-30,190,3946,4136
460,2017-02-01,253,4140,4393
460,2017-02-02,250,4349,4599
460,2017-02-03,240,4453,4693
460,2017-02-04,72,1848,1920
460,2017-02-05,32,1294,1326
460,2017-02-06,257,4805,5062
460,2017-02-08,345,5306,5651
460,2017-02-09,336,5400,5736
460,2017-02-10,323,5190,5513
460,2017-02-11,78,1999,2077
460,2017-02-12,24,1467,1491
460,2017-02-13,310,4710,5020
460,2017-02-15,330,5201,5531
460,2017-02-16,303,5265,5568
460,2017-02-17,285,5215,5500
460,2017-02-18,68,2144,2212
460,2017-02-19,26,1522,1548
460,2017-02-20,248,4470,4718
460,2017-02-22,230,4702,4932
460,2017-02-23,288,4464,4752
460,2017-02-24,275,4569,4844
460,2017-02-25,88,2184,2272
460,2017-02-26,32,1672,1704
460,2017-02-27,214,4406,4620
460,2017-03-01,240,5015,5255
460,2017-03-02,299,5508,5807
460,2017-03-03,383,5418,5801
460,2017-03-04,148,2333,2481
460,2017-03-05,48,1613,1661
460,2017-03-06,261,5316,5577
460,2017-03-08,266,5214,5480
460,2017-03-09,254,5640,5894
460,2017-03-10,342,5689,6031
460,2017-03-11,83,2491,2574
460,2017-03-12,48,1969,2017
460,2017-03-13,309,5242,5551
460,2017-03-15,341,5345,5686
460,2017-03-16,358,5773,6131
460,2017-03-17,361,5715,6076
460,2017-03-18,79,2352,2431
460,2017-03-19,31,1734,1765
460,2017-03-20,337,5396,5733
460,2017-03-22,325,5399,5724
460,2017-03-23,347,5558,5905
460,2017-03-24,338,5437,5775
460,2017-03-25,116,2670,2786
460,2017-03-27,345,5371,5716
460,2017-03-29,326,5338,5664
460,2017-03-30,381,5798,6179
460,2017-03-31,376,5544,5920
460,2017-04-01,122,2496,2618
460,2017-04-02,70,2239,2309
460,2017-04-03,341,5564,5905
460,2017-04-05,379,5576,5955
460,2017-04-06,362,5603,5965
460,2017-04-07,345,5963,6308
460,2017-04-08,130,2690,2820
460,2017-04-09,64,2299,2363
460,2017-04-10,296,4812,5108
460,2017-04-12,340,4738,5078
460,2017-04-13,338,4897,5235
460,2017-04-14,280,4138,4418
460,2017-04-15,77,2143,2220
460,2017-04-16,41,1625,1666
460,2017-04-17,53,1534,1587
460,2017-04-19,292,4278,4570
460,2017-04-20,269,4551,4820
460,2017-04-21,284,4524,4808
460,2017-04-22,125,2350,2475
460,2017-04-23,54,2008,2062
460,2017-04-24,325,5231,5556
460,2017-04-26,339,5257,5596
460,2017-04-27,336,5474,5810
460,2017-04-28,330,5271,5601
460,2017-04-29,109,2627,2736
460,2017-04-30,77,2326,2403
460,2017-05-01,44,1709,1753
460,2017-05-03,316,5308,5624
460,2017-05-04,348,5430,5778
460,2017-05-05,392,5513,5905
460,2017-05-06,95,2560,2655
460,2017-05-07,42,1971,2013
460,2017-05-08,295,4976,5271
460,2017-05-10,353,5439,5792
460,2017-05-11,314,5492,5806
460,2017-05-12,300,5374,5674
460,2017-05-13,132,2696,2828
460,2017-05-14,57,2012,2069
460,2017-05-15,316,5298,5614
460,2017-05-17,362,5540,5902
460,2017-05-18,292,5344,5636
460,2017-05-19,294,5384,5678
460,2017-05-20,154,2680,2834
460,2017-05-21,59,2147,2206
460,2017-05-22,335,5183,5518
460,2017-05-24,308,5422,5730
460,2017-05-25,77,2443,2520
460,2017-05-26,229,4053,4282
460,2017-05-27,132,2701,2833
460,2017-05-28,116,1992,2108
460,2017-05-29,316,5173,5489
460,2017-05-31,314,5247,5561
460,2017-06-01,334,5525,5859
460,2017-06-02,326,5413,5739
460,2017-06-03,119,2399,2518
460,2017-06-04,51,1945,1996
460,2017-06-05,64,1889,1953
460,2017-06-07,326,4992,5318
460,2017-06-08,315,5152,5467
460,2017-06-09,284,5008,5292
460,2017-06-10,129,2612,2741
460,2017-06-11,49,2241,2290
460,2017-06-12,338,5162,5500
460,2017-07-19,87,4959,5046
460,2017-07-20,46,4844,4890
460,2017-07-21,71,5114,5185
460,2017-07-22,60,2602,2662
460,2017-07-23,13,2049,2062
460,2017-07-24,49,4670,4719
460,2017-07-25,47,4758,4805
460,2017-07-26,63,4805,4868
460,2017-07-27,38,4486,4524
460,2017-07-28,36,4462,4498
460,2017-07-29,25,2317,2342
460,2017-07-30,25,1868,1893
460,2017-07-31,83,4121,4204
460,2017-08-02,44,3861,3905
460,2017-08-03,65,4036,4101
460,2017-08-04,40,4061,4101
460,2017-08-05,32,2220,2252
460,2017-08-06,23,1835,1858
460,2017-08-07,50,3647,3697
460,2017-08-08,40,3487,3527
460,2017-08-09,39,3637,3676
460,2017-08-10,27,3486,3513
460,2017-08-11,44,3790,3834
460,2017-08-12,35,2007,2042
460,2017-08-13,21,1847,1868
460,2017-08-14,36,3158,3194
460,2017-08-15,12,1753,1765
460,2017-08-16,44,3597,3641
460,2017-08-17,42,3774,3816
460,2017-08-18,32,3662,3694
460,2017-08-19,18,2175,2193
460,2017-08-20,4,1770,1774
460,2017-08-21,45,4001,4046
460,2017-08-22,46,4272,4318
460,2017-08-23,38,4407,4445
460,2017-08-24,56,4378,4434
460,2017-08-25,52,4387,4439
460,2017-08-26,31,3561,3592
460,2017-08-27,11,2830,2841
460,2017-08-28,71,4224,4295
460,2017-08-29,107,4129,4236
460,2017-08-30,90,4288,4378
460,2017-08-31,89,4664,4753
460,2017-09-01,48,4553,4601
460,2017-09-02,27,2141,2168
460,2017-09-03,19,1866,1885
460,2017-09-04,119,4471,4590
460,2017-09-05,101,4868,4969
460,2017-09-06,84,4634,4718
460,2017-09-07,116,4737,4853
460,2017-09-08,116,4903,5019
460,2017-09-09,35,2128,2163
460,2017-09-10,14,1936,1950
460,2017-09-11,62,4823,4885
460,2017-09-12,56,4874,4930
460,2017-09-13,63,4698,4761
460,2017-09-14,48,5098,5146
460,2017-09-15,81,5185,5266
460,2017-09-16,28,2483,2511
460,2017-09-17,12,2006,2018
460,2017-09-18,92,5084,5176
460,2017-09-19,92,5301,5393
460,2017-09-20,86,5244,5330
460,2017-09-21,116,5379,5495
460,2017-09-22,107,5301,5408
460,2017-09-23,50,2765,2815
460,2017-09-24,28,2629,2657
460,2017-09-25,100,5160,5260
460,2017-09-26,70,5323,5393
460,2017-09-27,84,5255,5339
460,2017-09-28,82,5552,5634
460,2017-09-29,64,5634,5698
460,2017-09-30,23,2823,2846
460,2017-10-01,16,2193,2209
460,2017-10-02,61,4812,4873
460,2017-10-03,69,5173,5242
460,2017-10-04,86,5310,5396
460,2017-10-05,150,5413,5563
460,2017-10-06,105,5508,5613
460,2017-10-07,46,2830,2876
460,2017-10-08,11,2009,2020
460,2017-10-09,78,5091,5169
460,2017-10-10,114,5271,5385
460,2017-10-11,108,5367,5475
460,2017-10-12,85,5443,5528
460,2017-10-13,111,5572,5683
460,2017-10-14,33,2738,2771
460,2017-10-15,22,2372,2394
460,2017-10-16,137,5568,5705
460,2017-10-17,115,5846,5961
460,2017-10-18,102,5844,5946
460,2017-10-19,92,5705,5797
460,2017-10-20,47,5740,5787
460,2017-10-21,22,2703,2725
460,2017-10-22,5,1753,1758
460,2017-10-23,59,5232,5291
460,2017-10-24,46,5356,5402
460,2017-10-25,57,5414,5471
460,2017-10-26,60,5671,5731
460,2017-10-27,77,5797,5874
460,2017-10-28,36,2585,2621
460,2017-10-29,6,1822,1828
460,2017-10-30,65,5087,5152
460,2017-11-01,6,2064,2070
460,2017-11-02,64,4871,4935
460,2017-11-03,63,5020,5083
460,2017-11-04,40,2574,2614
460,2017-11-05,21,1879,1900
460,2017-11-06,71,5553,5624
460,2017-11-07,75,5748,5823
460,2017-11-08,57,5694,5751
460,2017-11-09,63,5863,5926
460,2017-11-10,57,5546,5603
460,2017-11-11,11,2466,2477
460,2017-11-12,6,1693,1699
460,2017-11-13,56,5316,5372
460,2017-11-14,77,5560,5637
460,2017-11-15,82,5438,5520
460,2017-11-16,77,5451,5528
460,2017-11-17,61,5575,5636
460,2017-11-18,21,2661,2682
460,2017-11-19,7,1848,1855
460,2017-11-20,67,5217,5284
460,2017-11-21,59,5582,5641
460,2017-11-22,64,5605,5669
460,2017-11-23,64,5638,5702
460,2017-11-24,64,5430,5494
460,2017-11-25,22,2502,2524
460,2017-11-26,4,1645,1649
460,2017-11-27,39,4967,5006
460,2017-11-28,55,5057,5112
460,2017-11-29,62,4763,4825
460,2017-11-30,47,5043,5090
460,2017-12-01,63,4575,4638
460,2017-12-02,28,2273,2301
460,2017-12-03,6,1614,1620
460,2017-12-04,61,4718,4779
460,2017-12-05,63,5284,5347
460,2017-12-06,78,5153,5231
460,2017-12-07,84,5209,5293
460,2017-12-08,63,4876,4939
460,2017-12-09,22,2505,2527
460,2017-12-10,8,1155,1163
460,2017-12-11,56,4898,4954
460,2017-12-12,52,4988,5040
460,2017-12-13,62,4461,4523
460,2017-12-14,62,5142,5204
460,2017-12-15,60,4826,4886
460,2017-12-16,15,2283,2298
460,2017-12-17,6,1586,1592
460,2017-12-18,31,3670,3701
460,2017-12-19,43,4210,4253
460,2017-12-20,43,3986,4029
460,2017-12-21,30,3881,3911
460,2017-12-22,29,3819,3848
460,2017-12-23,10,1952,1962
460,2017-12-24,2,1300,1302
460,2017-12-25,7,1198,1205
460,2017-12-26,3,1174,1177
460,2017-12-27,30,2622,2652
460,2017-12-28,22,2743,2765
460,2017-12-29,25,2280,2305
460,2017-12-30,4,1723,1727
460,2017-12-31,3,1327,1330
463,2017-01-01,51,3417,3468
463,2017-01-02,228,5685,5913
463,2017-01-03,247,5623,5870
463,2017-01-04,248,4947,5195
463,2017-01-06,265,6094,6359
463,2017-01-07,212,4933,5145
463,2017-01-08,61,3614,3675
463,2017-01-09,315,7367,7682
463,2017-01-10,319,7438,7757
463,2017-01-11,307,7705,8012
463,2017-01-12,312,7849,8161
463,2017-01-13,352,8279,8631
463,2017-01-14,191,5703,5894
463,2017-01-15,59,4349,4408
463,2017-01-16,342,7984,8326
463,2017-01-18,384,8508,8892
463,2017-01-19,353,8483,8836
463,2017-01-20,382,9016,9398
463,2017-01-21,213,6524,6737
463,2017-01-22,59,5066,5125
463,2017-01-23,387,8176,8563
463,2017-01-25,379,8503,8882
463,2017-01-26,369,8590,8959
463,2017-01-27,373,8867,9240
463,2017-01-28,224,6258,6482
463,2017-01-29,58,4761,4819
463,2017-01-30,329,8004,8333
463,2017-02-01,387,8722,9109
463,2017-02-02,364,8844,9208
463,2017-02-03,374,9154,9528
463,2017-02-04,206,6071,6277
463,2017-02-05,52,4834,4886
463,2017-02-06,382,8561,8943
463,2017-02-08,368,8852,9220
463,2017-02-09,344,8963,9307
463,2017-02-10,417,9522,9939
463,2017-02-11,201,6440,6641
463,2017-02-12,63,5294,5357
463,2017-02-13,425,8647,9072
463,2017-02-15,393,8982,9375
463,2017-02-16,390,8819,9209
463,2017-02-17,410,9270,9680
463,2017-02-18,227,6545,6772
463,2017-02-19,68,5660,5728
463,2017-02-20,349,7680,8029
463,2017-02-22,334,8061,8395
463,2017-02-23,302,8240,8542
463,2017-02-24,316,9468,9784
463,2017-02-25,227,6450,6677
463,2017-02-26,75,5789,5864
463,2017-02-27,346,8714,9060
463,2017-03-01,437,9725,10162
463,2017-03-02,388,10278,10666
463,2017-03-03,417,10725,11142
463,2017-03-04,239,7548,7787
463,2017-03-05,67,5469,5536
463,2017-03-06,388,9506,9894
463,2017-03-08,403,9787,10190
463,2017-03-09,370,10271,10641
463,2017-03-10,424,11049,11473
463,2017-03-11,209,8240,8449
463,2017-03-12,75,7470,7545
463,2017-03-13,439,10480,10919
463,2017-03-15,472,10275,10747
463,2017-03-16,450,11128,11578
463,2017-03-17,508,10979,11487
463,2017-03-18,234,7384,7618
463,2017-03-19,66,5700,5766
463,2017-03-20,559,9694,10253
463,2017-03-22,459,9898,10357
463,2017-03-23,472,10540,11012
463,2017-03-24,531,10677,11208
463,2017-03-25,262,8544,8806
463,2017-03-27,523,10358,10881
463,2017-03-29,481,11040,11521
463,2017-03-30,457,11464,11921
463,2017-03-31,467,11626,12093
463,2017-04-01,244,7945,8189
463,2017-04-02,71,7661,7732
463,2017-04-03,450,10523,10973
463,2017-04-05,529,10883,11412
463,2017-04-06,519,10898,11417
463,2017-04-07,481,11140,11621
463,2017-04-08,236,7871,8107
463,2017-04-09,74,8840,8914
463,2017-04-10,453,9571,10024
463,2017-04-12,454,10000,10454
463,2017-04-13,478,10064,10542
463,2017-04-14,447,10297,10744
463,2017-04-15,225,7118,7343
463,2017-04-16,70,5496,5566
463,2017-04-17,94,5095,5189
463,2017-04-19,520,9268,9788
463,2017-04-20,512,9796,10308
463,2017-04-21,498,9885,10383
463,2017-04-22,246,7571,7817
463,2017-04-23,67,6717,6784
463,2017-04-24,474,10001,10475
463,2017-04-26,534,10401,10935
463,2017-04-27,525,10839,11364
463,2017-04-28,530,11076,11606
463,2017-04-29,257,7946,8203
463,2017-04-30,76,7903,7979
463,2017-05-01,79,5630,5709
463,2017-05-03,456,9530,9986
463,2017-05-04,491,9791,10282
463,2017-05-05,519,10174,10693
463,2017-05-06,252,7131,7383
463,2017-05-07,74,5683,5757
463,2017-05-08,477,9153,9630
463,2017-05-10,521,9724,10245
463,2017-05-11,514,9684,10198
463,2017-05-12,526,9969,10495
463,2017-05-13,260,7623,7883
463,2017-05-14,75,6647,6722
463,2017-05-15,458,9196,9654
463,2017-05-17,516,9847,10363
463,2017-05-18,368,9964,10332
463,2017-05-19,480,9867,10347
463,2017-05-20,214,8023,8237
463,2017-05-21,64,6788,6852
463,2017-05-22,438,9461,9899
463,2017-05-24,513,10369,10882
463,2017-05-25,82,8485,8567
463,2017-05-26,426,9438,9864
463,2017-05-27,231,7867,8098
463,2017-05-28,119,7710,7829
463,2017-05-29,454,9816,10270
463,2017-05-31,468,9973,10441
463,2017-06-01,489,10232,10721
463,2017-06-02,506,10166,10672
463,2017-06-03,264,7235,7499
463,2017-06-04,52,6288,6340
463,2017-06-05,102,6872,6974
463,2017-06-07,400,9362,9762
463,2017-06-08,507,9526,10033
463,2017-06-09,424,9676,10100
463,2017-06-10,229,7361,7590
463,2017-06-11,72,7652,7724
463,2017-06-12,495,9717,10212
463,2017-06-14,485,9879,10364
463,2017-06-15,421,10167,10588
463,2017-06-16,500,11236,11736
463,2017-06-17,253,8725,8978
463,2017-06-18,216,8929,9145
463,2017-06-19,511,9710,10221
463,2017-06-21,532,11254,11786
463,2017-06-22,506,10783,11289
463,2017-06-23,90,5960,6050
463,2017-06-24,210,6965,7175
463,2017-06-25,70,6214,6284
463,2017-06-26,557,9641,10198
463,2017-06-28,521,9570,10091
463,2017-06-29,432,10488,10920
463,2017-06-30,539,10599,11138
463,2017-07-01,243,7360,7603
463,2017-07-02,76,6650,6726
463,2017-07-03,501,9677,10178
463,2017-07-05,516,10091,10607
463,2017-07-06,406,10332,10738
463,2017-07-07,448,10650,11098
463,2017-07-08,234,8288,8522
463,2017-07-09,82,6458,6540
463,2017-07-10,472,8944,9416
463,2017-07-12,398,9980,10378
463,2017-07-13,469,10025,10494
463,2017-07-14,508,10213,10721
463,2017-07-15,232,7597,7829
463,2017-07-16,74,6637,6711
463,2017-07-17,442,8853,9295
463,2017-07-19,443,9280,9723
463,2017-07-20,485,9331,9816
463,2017-07-21,474,9725,10199
463,2017-07-22,216,7198,7414
463,2017-07-23,70,6228,6298
463,2017-07-24,328,8690,9018
463,2017-07-26,475,9143,9618
463,2017-07-27,352,9098,9450
463,2017-07-28,382,9073,9455
463,2017-07-29,235,6814,7049
463,2017-07-30,64,6758,6822
463,2017-07-31,316,8942,9258
463,2017-08-02,341,8181,8522
463,2017-08-03,350,8133,8483
463,2017-08-04,346,8202,8548
463,2017-08-05,231,6189,6420
463,2017-08-06,84,6568,6652
463,2017-08-07,325,7680,8005
463,2017-08-08,319,7146,7465
463,2017-08-09,282,7692,7974
463,2017-08-10,323,7406,7729
463,2017-08-11,347,7687,8034
463,2017-08-12,221,5752,5973
463,2017-08-13,82,6338,6420
463,2017-08-14,308,7483,7791
463,2017-08-15,79,5641,5720
463,2017-08-16,317,7755,8072
463,2017-08-18,318,7798,8116
463,2017-08-19,224,6131,6355
463,2017-08-20,77,5863,5940
463,2017-08-21,368,7978,8346
463,2017-08-22,327,8652,8979
463,2017-08-23,362,8860,9222
463,2017-08-25,356,8732,9088
463,2017-08-26,230,6612,6842
463,2017-08-27,75,6402,6477
463,2017-08-28,391,8573,8964
463,2017-08-29,427,9215,9642
463,2017-08-30,473,8638,9111
463,2017-09-01,454,8823,9277
463,2017-09-02,214,6241,6455
463,2017-09-03,85,6048,6133
463,2017-09-04,413,8335,8748
463,2017-09-05,448,8798,9246
463,2017-09-06,549,8968,9517
463,2017-09-08,515,9094,9609
463,2017-09-09,200,6334,6534
463,2017-09-10,85,5983,6068
463,2017-09-11,473,8488,8961
463,2017-09-12,424,9172,9596
463,2017-09-13,372,9192,9564
463,2017-09-15,513,9510,10023
463,2017-09-16,300,7724,8024
463,2017-09-17,78,6252,6330
463,2017-09-18,511,10207,10718
463,2017-09-19,546,10519,11065
463,2017-09-20,521,9277,9798
463,2017-09-22,526,9973,10499
463,2017-09-23,242,7941,8183
463,2017-09-24,87,7943,8030
463,2017-09-25,487,9313,9800
463,2017-09-26,471,9670,10141
463,2017-09-27,515,9556,10071
463,2017-09-28,442,9879,10321
463,2017-09-29,535,10534,11069
463,2017-09-30,224,7502,7726
463,2017-10-01,87,6742,6829
463,2017-10-02,471,9096,9567
463,2017-10-03,430,9850,10280
463,2017-10-04,504,9535,10039
463,2017-10-06,496,10035,10531
463,2017-10-07,296,7935,8231
463,2017-10-08,75,6262,6337
463,2017-10-09,526,9357,9883
463,2017-10-10,539,9821,10360
463,2017-10-11,535,9937,10472
463,2017-10-12,540,9807,10347
463,2017-10-13,551,10204,10755
463,2017-10-14,267,7444,7711
463,2017-10-15,82,7656,7738
463,2017-10-16,606,10102,10708
463,2017-10-17,598,10461,11059
463,2017-10-18,602,10914,11516
463,2017-10-20,668,11281,11949
463,2017-10-21,318,7740,8058
463,2017-10-22,80,5317,5397
463,2017-10-23,581,9440,10021
463,2017-10-24,527,9887,10414
463,2017-10-25,591,9935,10526
463,2017-10-26,558,10085,10643
463,2017-10-27,579,10494,11073
463,2017-10-28,262,7436,7698
463,2017-10-29,67,5834,5901
463,2017-10-30,504,9172,9676
463,2017-10-31,430,10400,10830
463,2017-11-01,74,6214,6288
463,2017-11-03,524,10271,10795
463,2017-11-04,262,7290,7552
463,2017-11-05,72,5294,5366
463,2017-11-06,531,9710,10241
463,2017-11-07,571,10079,10650
463,2017-11-08,566,9685,10251
463,2017-11-09,619,10312,10931
463,2017-11-10,562,10436,10998
463,2017-11-11,234,7642,7876
463,2017-11-12,91,5404,5495
463,2017-11-13,564,9606,10170
463,2017-11-14,551,9812,10363
463,2017-11-15,591,9669,10260
463,2017-11-16,526,9951,10477
463,2017-11-17,561,10290,10851
463,2017-11-18,273,7403,7676
463,2017-11-19,81,5715,5796
463,2017-11-20,550,9156,9706
463,2017-11-21,549,9553,10102
463,2017-11-22,551,9714,10265
463,2017-11-24,537,9946,10483
463,2017-11-25,253,7073,7326
463,2017-11-26,76,5376,5452
463,2017-11-27,479,9060,9539
463,2017-11-28,505,9724,10229
463,2017-11-29,480,9693,10173
463,2017-11-30,514,9764,10278
463,2017-12-01,482,9899,10381
463,2017-12-02,261,7293,7554
463,2017-12-03,69,4944,5013
463,2017-12-04,500,9136,9636
463,2017-12-05,520,9802,10322
463,2017-12-06,521,9652,10173
463,2017-12-08,392,10286,10678
463,2017-12-09,239,6812,7051
463,2017-12-10,64,4146,4210
463,2017-12-11,444,8727,9171
463,2017-12-12,533,9735,10268
463,2017-12-13,356,9500,9856
463,2017-12-14,402,9952,10354
463,2017-12-15,454,9734,10188
463,2017-12-16,215,6788,7003
463,2017-12-17,72,4988,5060
463,2017-12-18,320,7807,8127
463,2017-12-19,378,8520,8898
463,2017-12-20,391,8581,8972
463,2017-12-21,309,8528,8837
463,2017-12-22,301,8958,9259
463,2017-12-23,222,6237,6459
463,2017-12-24,64,4604,4668
463,2017-12-25,49,4039,4088
463,2017-12-26,57,4152,4209
463,2017-12-27,264,6349,6613
463,2017-12-28,281,6949,7230
463,2017-12-29,267,5774,6041
463,2017-12-30,191,5737,5928
463,2017-12-31,58,4480,4538
464,2017-01-01,3,2012,2015
464,2017-01-02,28,3936,3964
464,2017-01-03,37,5425,5462
464,2017-01-05,38,5735,5773
464,2017-01-06,50,5885,5935
464,2017-01-07,18,3709,3727
464,2017-01-08,10,2083,2093
464,2017-01-09,88,5459,5547
464,2017-01-10,71,5394,5465
464,2017-01-11,71,5488,5559
464,2017-01-12,92,5784,5876
464,2017-01-13,76,5901,5977
464,2017-01-14,12,3480,3492
464,2017-01-15,12,3071,3083
464,2017-01-16,97,5675,5772
464,2017-01-18,92,5770,5862
464,2017-01-19,90,5868,5958
464,2017-01-20,97,6063,6160
464,2017-01-21,12,4015,4027
464,2017-01-22,7,3710,3717
464,2017-01-23,96,5763,5859
464,2017-01-25,77,5603,5680
464,2017-01-26,70,5899,5969
464,2017-01-27,85,6237,6322
464,2017-01-28,13,3806,3819
464,2017-01-29,7,3108,3115
464,2017-01-30,112,5644,5756
464,2017-02-01,103,6153,6256
464,2017-02-02,78,6373,6451
464,2017-02-03,99,6477,6576
464,2017-02-04,24,3819,3843
464,2017-02-05,18,3048,3066
464,2017-02-06,93,6167,6260
464,2017-02-08,92,5991,6083
464,2017-02-09,90,6463,6553
464,2017-02-10,104,6679,6783
464,2017-02-11,10,3923,3933
464,2017-02-12,12,3415,3427
464,2017-02-13,104,6248,6352
464,2017-03-08,108,6727,6835
464,2017-03-09,135,7056,7191
464,2017-03-10,107,8105,8212
464,2017-03-11,15,5799,5814
464,2017-03-12,14,6668,6682
464,2017-03-13,105,7057,7162
464,2017-03-15,104,7027,7131
464,2017-03-16,120,8148,8268
464,2017-03-17,123,7336,7459
464,2017-03-18,21,4290,4311
464,2017-03-19,10,3542,3552
464,2017-03-20,131,6824,6955
464,2017-03-22,100,6830,6930
464,2017-03-23,116,7410,7526
464,2017-03-24,103,7593,7696
464,2017-03-25,23,5990,6013
464,2017-03-27,110,7673,7783
464,2017-03-29,89,8182,8271
464,2017-03-30,106,8562,8668
464,2017-03-31,83,8910,8993
464,2017-04-01,24,5515,5539
464,2017-04-02,14,7506,7520
464,2017-04-03,107,8101,8208
464,2017-04-05,102,8082,8184
464,2017-04-06,93,7890,7983
464,2017-04-07,121,8396,8517
464,2017-04-08,20,5973,5993
464,2017-04-09,17,9384,9401
464,2017-04-10,100,7480,7580
464,2017-04-12,107,7606,7713
464,2017-04-13,94,7629,7723
464,2017-04-14,59,8329,8388
464,2017-04-15,20,4875,4895
464,2017-04-16,7,3851,3858
464,2017-04-17,40,3563,3603
464,2017-04-19,83,6742,6825
464,2017-04-20,104,7404,7508
464,2017-04-21,99,7702,7801
464,2017-04-22,22,5141,5163
464,2017-04-23,12,5803,5815
464,2017-04-24,109,7855,7964
464,2017-04-26,103,7823,7926
464,2017-04-27,109,8062,8171
464,2017-04-28,123,8363,8486
464,2017-04-29,35,6262,6297
464,2017-04-30,20,8751,8771
464,2017-05-01,16,5280,5296
464,2017-05-03,109,8094,8203
464,2017-05-04,104,7704,7808
464,2017-05-05,123,8099,8222
464,2017-05-06,27,5341,5368
464,2017-05-07,11,4257,4268
464,2017-05-08,105,7193,7298
464,2017-05-10,93,7732,7825
464,2017-05-11,100,7538,7638
464,2017-05-12,97,7618,7715
464,2017-05-13,34,5392,5426
464,2017-05-14,15,5771,5786
464,2017-05-15,86,7395,7481
464,2017-05-17,100,8147,8247
464,2017-05-18,108,7202,7310
464,2017-05-19,98,7136,7234
464,2017-05-20,24,5490,5514
464,2017-05-21,15,7325,7340
464,2017-05-22,93,7316,7409
464,2017-05-24,95,7866,7961
464,2017-05-25,21,9634,9655
464,2017-05-26,62,7476,7538
464,2017-05-27,19,8070,8089
464,2017-05-28,13,9648,9661
464,2017-05-29,100,7712,7812
464,2017-05-31,86,7456,7542
464,2017-06-01,105,8078,8183
464,2017-06-02,97,7847,7944
464,2017-06-03,22,5794,5816
464,2017-06-04,12,6260,6272
464,2017-06-05,12,7822,7834
464,2017-06-07,72,7074,7146
464,2017-06-08,96,7809,7905
464,2017-06-09,96,7208,7304
464,2017-06-10,22,6525,6547
464,2017-06-11,15,8836,8851
464,2017-06-12,90,7124,7214
464,2017-06-14,90,7985,8075
464,2017-06-15,125,8889,9014
464,2017-06-16,91,8305,8396
464,2017-06-17,14,6741,6755
464,2017-06-18,4,3834,3838
464,2017-06-19,105,7897,8002
464,2017-06-21,72,4512,4584
464,2017-06-22,90,7705,7795
464,2017-06-23,17,6450,6467
464,2017-06-24,17,6551,6568
464,2017-06-25,16,6839,6855
464,2017-06-26,92,7313,7405
464,2017-06-28,134,6310,6444
464,2017-06-29,130,6826,6956
464,2017-06-30,124,7378,7502
464,2017-07-01,38,5346,5384
464,2017-07-02,17,5854,5871
464,2017-07-03,120,6476,6596
464,2017-07-05,95,8251,8346
464,2017-07-06,134,8098,8232
464,2017-07-07,94,8140,8234
464,2017-07-08,35,7333,7368
464,2017-07-09,15,6704,6719
464,2017-07-10,119,6494,6613
464,2017-07-12,98,6572,6670
464,2017-07-13,101,7477,7578
464,2017-07-14,76,7877,7953
464,2017-07-15,21,5715,5736
464,2017-07-16,12,6616,6628
464,2017-07-17,92,6993,7085
464,2017-07-19,100,7429,7529
464,2017-07-20,89,6622,6711
464,2017-07-21,96,7746,7842
464,2017-07-22,41,5941,5982
464,2017-07-23,10,6095,6105
464,2017-07-24,120,6118,6238
464,2017-07-25,78,6400,6478
464,2017-07-26,83,6708,6791
464,2017-07-27,104,6516,6620
464,2017-07-28,75,6864,6939
464,2017-07-29,16,5869,5885
464,2017-07-30,15,6297,6312
464,2017-07-31,86,6446,6532
464,2017-08-01,74,5792,5866
464,2017-08-02,67,6618,6685
464,2017-08-03,60,6271,6331
464,2017-08-04,72,6602,6674
464,2017-08-05,22,5127,5149
464,2017-08-06,14,7965,7979
464,2017-08-07,63,6873,6936
464,2017-08-08,58,5353,5411
464,2017-08-09,72,5944,6016
464,2017-08-10,56,5548,5604
464,2017-08-11,70,5848,5918
464,2017-08-12,22,4305,4327
464,2017-08-13,10,6768,6778
464,2017-08-14,34,6383,6417
464,2017-08-15,26,6916,6942
464,2017-08-16,47,5798,5845
464,2017-08-18,68,5624,5692
464,2017-08-19,14,4722,4736
464,2017-08-20,10,5767,5777
464,2017-08-21,53,5679,5732
464,2017-08-22,73,6789,6862
464,2017-08-23,56,7674,7730
464,2017-08-25,74,6852,6926
464,2017-08-26,14,5335,5349
464,2017-08-27,10,5741,5751
464,2017-08-28,72,6868,6940
464,2017-08-29,71,7917,7988
464,2017-08-30,89,6494,6583
464,2017-09-01,88,6900,6988
464,2017-09-02,23,4713,4736
464,2017-09-03,18,6207,6225
464,2017-09-04,74,5847,5921
464,2017-09-05,84,6525,6609
464,2017-09-06,68,6515,6583
464,2017-09-08,73,6903,6976
464,2017-09-09,24,4430,4454
464,2017-09-10,11,5033,5044
464,2017-09-11,83,6372,6455
464,2017-09-12,103,6568,6671
464,2017-09-13,98,6062,6160
464,2017-09-15,84,7306,7390
464,2017-09-16,38,5368,5406
464,2017-09-17,20,4784,4804
464,2017-09-18,100,6548,6648
464,2017-09-19,102,6455,6557
464,2017-09-20,90,6639,6729
464,2017-09-22,93,7424,7517
464,2017-09-23,31,6115,6146
464,2017-09-24,17,7171,7188
464,2017-09-25,94,6742,6836
464,2017-09-26,76,6832,6908
464,2017-09-27,84,7115,7199
464,2017-09-28,97,7020,7117
464,2017-09-29,93,7632,7725
464,2017-09-30,36,5798,5834
464,2017-10-01,19,5666,5685
464,2017-10-02,90,6508,6598
464,2017-10-03,68,7596,7664
464,2017-10-04,100,6851,6951
464,2017-10-06,106,7003,7109
464,2017-10-07,22,5037,5059
464,2017-10-08,10,4477,4487
464,2017-10-09,130,6959,7089
464,2017-10-10,36,846,882
464,2017-10-11,26,2380,2406
464,2017-10-12,80,6541,6621
464,2017-10-13,68,6917,6985
464,2017-10-14,38,6345,6383
464,2017-10-15,36,8785,8821
464,2017-10-16,101,7630,7731
464,2017-10-17,110,7750,7860
464,2017-10-18,100,7761,7861
464,2017-10-20,186,7548,7734
464,2017-10-21,70,5486,5556
464,2017-10-22,16,3502,3518
464,2017-10-23,122,6982,7104
464,2017-10-24,96,6967,7063
464,2017-10-25,95,7132,7227
464,2017-10-26,100,7385,7485
464,2017-10-27,106,7791,7897
464,2017-10-28,20,5090,5110
464,2017-10-29,20,4265,4285
464,2017-10-30,84,7381,7465
464,2017-10-31,41,8516,8557
464,2017-11-01,12,5312,5324
464,2017-11-03,93,7370,7463
464,2017-11-04,26,5087,5113
464,2017-11-05,20,3702,3722
464,2017-11-06,116,6948,7064
464,2017-11-07,111,6950,7061
464,2017-11-08,96,6769,6865
464,2017-11-09,139,7256,7395
464,2017-11-10,122,6900,7022
464,2017-11-11,23,4284,4307
464,2017-11-12,14,3436,3450
464,2017-11-13,101,6741,6842
464,2017-11-14,121,6996,7117
464,2017-11-15,95,6825,6920
464,2017-11-16,93,7220,7313
464,2017-11-17,103,7215,7318
464,2017-11-18,26,4684,4710
464,2017-11-19,13,4332,4345
464,2017-11-20,116,6352,6468
464,2017-11-21,82,6032,6114
464,2017-11-22,74,6259,6333
464,2017-11-24,97,6347,6444
464,2017-11-25,12,4148,4160
464,2017-11-26,7,3348,3355
464,2017-11-27,92,5970,6062
464,2017-11-28,96,6170,6266
464,2017-11-29,79,6034,6113
464,2017-11-30,89,6425,6514
464,2017-12-01,81,6208,6289
464,2017-12-02,16,4292,4308
464,2017-12-03,20,2767,2787
464,2017-12-04,86,6016,6102
464,2017-12-05,87,6475,6562
464,2017-12-06,89,6464,6553
464,2017-12-08,100,6448,6548
464,2017-12-09,15,4094,4109
464,2017-12-10,16,2314,2330
464,2017-12-11,144,5748,5892
464,2017-12-12,80,6101,6181
464,2017-12-13,104,5772,5876
464,2017-12-14,114,5982,6096
464,2017-12-15,95,6366,6461
464,2017-12-16,19,4145,4164
464,2017-12-17,22,3121,3143
464,2017-12-18,54,5422,5476
464,2017-12-19,63,5909,5972
464,2017-12-20,56,5686,5742
464,2017-12-21,40,5604,5644
464,2017-12-22,37,5865,5902
464,2017-12-23,5,3884,3889
464,2017-12-24,16,2355,2371
464,2017-12-25,2,1916,1918
464,2017-12-26,2,2318,2320
464,2017-12-27,40,4268,4308
464,2017-12-28,22,4770,4792
464,2017-12-29,32,4465,4497
464,2017-12-30,32,3853,3885
464,2017-12-31,11,2833,2844
465,2017-01-01,14,1525,1539
465,2017-01-02,121,2444,2565
465,2017-01-03,164,2995,3159
465,2017-01-05,148,3173,3321
465,2017-01-06,174,3423,3597
465,2017-01-07,68,3216,3284
465,2017-01-08,20,2139,2159
465,2017-01-09,191,3098,3289
465,2017-01-10,182,2796,2978
465,2017-01-11,223,3257,3480
465,2017-01-12,204,3334,3538
465,2017-01-13,241,3410,3651
465,2017-01-14,66,2777,2843
465,2017-01-15,19,2785,2804
465,2017-01-16,217,3093,3310
465,2017-01-18,240,3400,3640
465,2017-01-19,244,3382,3626
465,2017-01-20,239,3792,4031
465,2017-01-21,60,3033,3093
465,2017-01-22,21,3016,3037
465,2017-01-23,234,3211,3445
465,2017-01-25,227,3431,3658
465,2017-01-26,230,3411,3641
465,2017-01-27,240,3625,3865
465,2017-01-28,60,3376,3436
465,2017-01-29,22,3026,3048
465,2017-01-30,199,3350,3549
465,2017-02-01,235,3833,4068
465,2017-02-02,215,3953,4168
465,2017-02-03,213,3889,4102
465,2017-02-04,63,3026,3089
465,2017-02-05,30,3235,3265
465,2017-02-06,209,3474,3683
465,2017-02-08,221,3613,3834
465,2017-02-09,197,3558,3755
465,2017-02-10,207,3787,3994
465,2017-02-11,74,2736,2810
465,2017-02-12,18,2932,2950
465,2017-02-13,246,3477,3723
465,2017-02-15,237,3876,4113
465,2017-02-16,213,3545,3758
465,2017-02-17,236,3897,4133
465,2017-02-18,73,3010,3083
465,2017-02-19,17,3294,3311
465,2017-02-20,196,3161,3357
465,2017-02-22,209,3235,3444
465,2017-02-23,213,3229,3442
465,2017-02-24,218,3558,3776
465,2017-02-25,75,2915,2990
465,2017-02-26,21,3095,3116
465,2017-03-01,214,4019,4233
465,2017-03-02,262,4204,4466
465,2017-03-03,230,4299,4529
465,2017-03-04,68,3532,3600
465,2017-03-05,22,3064,3086
465,2017-03-06,253,3481,3734
465,2017-03-08,207,3660,3867
465,2017-03-09,293,3735,4028
465,2017-03-10,282,4293,4575
465,2017-03-11,83,3510,3593
465,2017-03-12,19,3883,3902
465,2017-03-13,240,3529,3769
465,2017-03-15,241,3863,4104
465,2017-03-16,251,4130,4381
465,2017-03-17,270,4130,4400
465,2017-03-18,79,3072,3151
465,2017-03-19,24,3060,3084
465,2017-03-20,232,3521,3753
465,2017-03-22,266,3594,3860
465,2017-03-23,241,3972,4213
465,2017-03-24,238,3979,4217
465,2017-03-25,85,3487,3572
465,2017-03-27,262,3812,4074
465,2017-03-29,243,4196,4439
465,2017-03-30,289,4473,4762
465,2017-03-31,223,4789,5012
465,2017-04-01,87,3748,3835
465,2017-04-02,27,4486,4513
465,2017-04-03,259,3854,4113
465,2017-04-05,245,4277,4522
465,2017-04-06,233,4103,4336
465,2017-04-07,239,4468,4707
465,2017-04-08,76,3518,3594
465,2017-04-09,27,4631,4658
465,2017-04-10,207,3882,4089
465,2017-04-12,205,3970,4175
465,2017-04-13,179,4210,4389
465,2017-04-14,122,4903,5025
465,2017-04-15,80,2814,2894
465,2017-04-16,21,2415,2436
465,2017-04-17,16,2636,2652
465,2017-04-19,201,3676,3877
465,2017-04-20,209,3900,4109
465,2017-04-21,192,4152,4344
465,2017-04-22,76,3333,3409
465,2017-04-23,24,3382,3406
465,2017-04-24,221,3816,4037
465,2017-04-26,242,3774,4016
465,2017-04-27,240,4138,4378
465,2017-04-28,238,4726,4964
465,2017-04-29,106,3780,3886
465,2017-04-30,27,4578,4605
465,2017-05-01,25,4374,4399
465,2017-05-03,252,4122,4374
465,2017-05-04,234,4170,4404
465,2017-05-05,252,4445,4697
465,2017-05-06,81,3433,3514
465,2017-05-07,25,3058,3083
465,2017-05-08,237,3676,3913
465,2017-05-10,243,4108,4351
465,2017-05-11,229,3980,4209
465,2017-05-12,252,4249,4501
465,2017-05-13,77,3340,3417
465,2017-05-14,27,3419,3446
465,2017-05-15,253,3826,4079
465,2017-05-17,286,4278,4564
465,2017-05-18,218,3852,4070
465,2017-05-19,256,3794,4050
465,2017-05-20,91,3134,3225
465,2017-05-21,28,3838,3866
465,2017-05-22,248,3982,4230
465,2017-05-24,229,4414,4643
465,2017-05-25,37,4776,4813
465,2017-05-26,221,5246,5467
465,2017-05-27,86,4609,4695
465,2017-05-28,31,5538,5569
465,2017-05-29,216,4348,4564
465,2017-05-31,267,4545,4812
465,2017-06-01,247,4788,5035
465,2017-06-02,251,4523,4774
465,2017-06-03,95,3694,3789
465,2017-06-04,26,3814,3840
465,2017-06-05,29,4436,4465
465,2017-06-07,218,3816,4034
465,2017-06-08,241,4314,4555
465,2017-06-09,234,3984,4218
465,2017-06-10,67,3735,3802
465,2017-06-11,32,4811,4843
465,2017-06-12,221,3914,4135
465,2017-06-14,243,4496,4739
465,2017-06-15,139,4881,5020
465,2017-06-16,215,4564,4779
465,2017-06-17,89,3642,3731
465,2017-06-18,39,6827,6866
465,2017-06-19,239,4015,4254
465,2017-06-21,313,7817,8130
465,2017-06-22,251,4304,4555
465,2017-06-23,94,3666,3760
465,2017-06-24,74,4045,4119
465,2017-06-25,24,4121,4145
465,2017-06-26,252,3930,4182
465,2017-06-28,283,3900,4183
465,2017-06-29,254,4024,4278
465,2017-06-30,239,4615,4854
465,2017-07-01,69,3739,3808
465,2017-07-02,27,3980,4007
465,2017-07-03,224,4094,4318
465,2017-07-05,284,4702,4986
465,2017-07-06,278,4478,4756
465,2017-07-07,228,4532,4760
465,2017-07-08,91,4358,4449
465,2017-07-09,37,3989,4026
465,2017-07-10,214,3652,3866
465,2017-07-12,210,3854,4064
465,2017-07-13,233,4177,4410
465,2017-07-14,225,4415,4640
465,2017-07-15,77,3475,3552
465,2017-07-16,27,3446,3473
465,2017-07-17,190,3872,4062
465,2017-07-19,250,4261,4511
465,2017-07-20,221,3946,4167
465,2017-07-21,198,4315,4513
465,2017-07-22,72,3428,3500
465,2017-07-23,35,3370,3405
465,2017-07-24,176,3498,3674
465,2017-07-25,218,3630,3848
465,2017-07-26,215,3943,4158
465,2017-07-27,246,3741,3987
465,2017-07-28,201,4330,4531
465,2017-07-29,63,3360,3423
465,2017-07-30,33,3806,3839
465,2017-07-31,188,3584,3772
465,2017-08-01,196,3246,3442
465,2017-08-02,188,3789,3977
465,2017-08-03,192,3744,3936
465,2017-08-04,218,3701,3919
465,2017-08-05,63,3251,3314
465,2017-08-06,32,4444,4476
465,2017-08-07,166,3820,3986
465,2017-08-08,195,3236,3431
465,2017-08-09,218,3416,3634
465,2017-08-10,207,3238,3445
465,2017-08-11,193,3354,3547
465,2017-08-12,76,2604,2680
465,2017-08-13,21,3453,3474
465,2017-08-14,163,3507,3670
465,2017-08-15,42,3088,3130
465,2017-08-16,199,3403,3602
465,2017-08-18,182,3110,3292
465,2017-08-19,60,2794,2854
465,2017-08-20,28,3192,3220
465,2017-08-21,169,3416,3585
465,2017-08-22,181,3697,3878
465,2017-08-23,218,4108,4326
465,2017-08-25,196,3820,4016
465,2017-08-26,81,3155,3236
465,2017-08-27,23,3402,3425
465,2017-08-28,196,3750,3946
465,2017-08-29,220,4484,4704
465,2017-08-30,236,3822,4058
465,2017-09-01,208,4104,4312
465,2017-09-02,71,3279,3350
465,2017-09-03,22,3834,3856
465,2017-09-04,215,3522,3737
465,2017-09-05,234,3833,4067
465,2017-09-06,198,3740,3938
465,2017-09-08,214,4151,4365
465,2017-09-09,101,3246,3347
465,2017-09-10,33,3558,3591
465,2017-09-11,207,3684,3891
465,2017-09-12,227,3878,4105
465,2017-09-13,200,3479,3679
465,2017-09-15,233,4294,4527
465,2017-09-16,88,3374,3462
465,2017-09-17,26,3534,3560
465,2017-09-18,224,3686,3910
465,2017-09-19,231,3864,4095
465,2017-09-20,225,4086,4311
465,2017-09-22,246,4353,4599
465,2017-09-23,93,3598,3691
465,2017-09-24,33,4109,4142
465,2017-09-25,228,3822,4050
465,2017-09-26,228,3974,4202
465,2017-09-27,211,4033,4244
465,2017-09-28,233,4119,4352
465,2017-09-29,253,4790,5043
465,2017-09-30,80,3736,3816
465,2017-10-01,35,3897,3932
465,2017-10-02,201,3756,3957
465,2017-10-03,152,4914,5066
465,2017-10-04,247,4133,4380
465,2017-10-06,260,4366,4626
465,2017-10-07,58,3326,3384
465,2017-10-08,20,3521,3541
465,2017-10-09,191,3473,3664
465,2017-10-10,344,8491,8835
465,2017-10-11,376,6852,7228
465,2017-10-12,172,3710,3882
465,2017-10-13,231,4080,4311
465,2017-10-14,84,3673,3757
465,2017-10-15,89,5435,5524
465,2017-10-16,194,3730,3924
465,2017-10-17,222,3896,4118
465,2017-10-18,230,4062,4292
465,2017-10-20,220,4120,4340
465,2017-10-21,141,3554,3695
465,2017-10-22,28,2700,2728
465,2017-10-23,230,3353,3583
465,2017-10-24,179,3381,3560
465,2017-10-25,241,3823,4064
465,2017-10-26,250,3615,3865
465,2017-10-27,232,4150,4382
465,2017-10-28,78,3369,3447
465,2017-10-29,25,3231,3256
465,2017-10-30,187,3850,4037
465,2017-10-31,110,4983,5093
465,2017-11-01,35,3480,3515
465,2017-11-03,216,4081,4297
465,2017-11-04,91,3201,3292
465,2017-11-05,24,3056,3080
465,2017-11-06,188,3474,3662
465,2017-11-07,197,3674,3871
465,2017-11-08,202,3597,3799
465,2017-11-09,215,3861,4076
465,2017-11-10,222,3890,4112
465,2017-11-11,55,3052,3107
465,2017-11-12,24,2976,3000
465,2017-11-13,205,3257,3462
465,2017-11-14,229,3684,3913
465,2017-11-15,210,3661,3871
465,2017-11-16,237,3782,4019
465,2017-11-17,211,3853,4064
465,2017-11-18,88,3330,3418
465,2017-11-19,18,3185,3203
465,2017-11-20,202,3373,3575
465,2017-11-21,205,3423,3628
465,2017-11-22,237,3551,3788
465,2017-12-08,217,3874,4091
465,2017-12-09,69,3204,3273
465,2017-12-10,44,1960,2004
465,2017-12-11,246,3298,3544
465,2017-12-12,201,3743,3944
465,2017-12-13,214,3214,3428
465,2017-12-14,238,3583,3821
465,2017-12-15,207,4032,4239
465,2017-12-16,96,3195,3291
465,2017-12-17,25,2825,2850
465,2017-12-18,129,2883,3012
465,2017-12-19,181,3693,3874
465,2017-12-20,193,3410,3603
465,2017-12-21,166,3578,3744
465,2017-12-22,152,3752,3904
465,2017-12-23,61,2869,2930
465,2017-12-24,17,1927,1944
465,2017-12-25,11,1480,1491
465,2017-12-26,18,1854,1872
465,2017-12-27,112,2951,3063
465,2017-12-28,116,3322,3438
465,2017-12-29,115,2984,3099
465,2017-12-30,54,2892,2946
465,2017-12-31,19,2298,2317
469,2017-04-21,1420,19010,20430
469,2017-04-22,579,11987,12566
469,2017-04-23,172,9129,9301
469,2017-04-24,1517,18310,19827
469,2017-04-25,1552,19496,21048
469,2017-04-26,1474,19303,20777
469,2017-04-27,1476,19700,21176
469,2017-04-28,1435,19617,21052
469,2017-04-29,654,12427,13081
469,2017-04-30,144,8682,8826
469,2017-05-01,224,7390,7614
469,2017-05-02,1414,19115,20529
469,2017-05-03,1563,18965,20528
469,2017-05-04,1471,19413,20884
469,2017-05-05,1499,19571,21070
469,2017-05-06,627,12368,12995
469,2017-05-07,164,8747,8911
469,2017-05-08,1383,17654,19037
469,2017-05-09,1499,19221,20720
469,2017-05-10,1622,17805,19427
469,2017-05-11,1514,19536,21050
469,2017-05-12,1487,18514,20001
469,2017-05-13,637,12845,13482
469,2017-05-14,203,8616,8819
469,2017-05-15,1564,18212,19776
469,2017-05-16,1603,18677,20280
469,2017-05-17,1641,18952,20593
469,2017-05-18,1622,19081,20703
469,2017-05-19,1548,18956,20504
469,2017-05-20,767,12757,13524
469,2017-05-21,210,9497,9707
469,2017-05-22,1629,18275,19904
469,2017-05-23,1858,18175,20033
469,2017-05-24,1736,19175,20911
469,2017-05-25,302,8843,9145
469,2017-05-26,1238,16453,17691
469,2017-05-27,589,11867,12456
469,2017-05-28,204,8903,9107
469,2017-05-29,1648,17677,19325
469,2017-05-30,1532,18647,20179
469,2017-05-31,1646,18973,20619
469,2017-06-01,1589,18458,20047
469,2017-06-02,1539,18768,20307
469,2017-06-03,659,11712,12371
469,2017-06-04,151,8128,8279
469,2017-06-05,251,7100,7351
469,2017-06-06,1467,17470,18937
469,2017-06-07,1633,17852,19485
469,2017-06-08,1540,18228,19768
469,2017-06-09,1417,18182,19599
469,2017-06-10,680,13160,13840
469,2017-06-11,181,9933,10114
469,2017-06-12,1547,18373,19920
469,2017-06-13,1514,18765,20279
469,2017-06-14,1582,18781,20363
469,2017-06-15,1575,18134,19709
469,2017-06-16,1501,19805,21306
469,2017-06-17,701,12523,13224
469,2017-06-18,218,9001,9219
469,2017-06-19,1548,18357,19905
469,2017-06-20,1587,18407,19994
469,2017-06-21,1716,18479,20195
469,2017-06-22,1609,18866,20475
469,2017-06-23,438,8841,9279
469,2017-06-24,576,11008,11584
469,2017-06-25,251,8262,8513
469,2017-06-26,1606,18042,19648
469,2017-06-27,1487,18986,20473
469,2017-06-28,1468,18124,19592
469,2017-06-29,1609,19139,20748
469,2017-06-30,1531,19482,21013
469,2017-07-01,656,12526,13182
469,2017-07-02,220,9052,9272
469,2017-07-03,1546,17731,19277
469,2017-07-04,1549,18880,20429
469,2017-07-05,1550,18722,20272
469,2017-07-06,1552,18284,19836
469,2017-07-07,1502,19090,20592
469,2017-07-08,762,13207,13969
469,2017-07-09,275,9119,9394
469,2017-07-10,1545,17644,19189
469,2017-07-11,1495,17590,19085
469,2017-07-12,1552,17998,19550
469,2017-07-13,1549,18959,20508
469,2017-07-14,1395,19466,20861
469,2017-07-15,740,12015,12755
469,2017-07-16,210,8593,8803
469,2017-07-17,1425,17185,18610
469,2017-07-18,1478,17789,19267
469,2017-07-19,1585,17290,18875
469,2017-07-20,1378,17849,19227
469,2017-07-21,1357,18496,19853
469,2017-07-22,675,11317,11992
469,2017-07-23,261,8355,8616
469,2017-07-24,1381,16460,17841
469,2017-07-25,1469,17225,18694
469,2017-07-26,1476,17402,18878
469,2017-07-27,1263,17101,18364
469,2017-07-28,1160,16945,18105
469,2017-07-29,514,10600,11114
469,2017-07-30,228,7919,8147
469,2017-07-31,1132,14591,15723
469,2017-08-01,1039,14811,15850
469,2017-08-02,1134,14833,15967
469,2017-08-03,1084,15130,16214
469,2017-08-04,1155,15109,16264
469,2017-08-05,444,10300,10744
469,2017-08-06,238,9180,9418
469,2017-08-07,1075,13746,14821
469,2017-08-08,1067,14090,15157
469,2017-08-09,1045,14069,15114
469,2017-08-10,1036,14188,15224
469,2017-08-11,1136,14242,15378
469,2017-08-12,476,8636,9112
469,2017-08-13,184,6844,7028
469,2017-08-14,923,11735,12658
469,2017-08-15,262,6505,6767
469,2017-08-16,1041,13912,14953
469,2017-08-17,1087,13772,14859
469,2017-08-18,915,14348,15263
469,2017-08-19,455,9478,9933
469,2017-08-20,211,7179,7390
469,2017-08-21,1116,14645,15761
469,2017-08-22,1229,15280,16509
469,2017-08-23,1296,15106,16402
469,2017-08-24,1181,15666,16847
469,2017-08-25,1107,15749,16856
469,2017-08-26,478,9488,9966
469,2017-08-27,186,7057,7243
469,2017-08-28,1256,15655,16911
469,2017-08-29,1294,16238,17532
469,2017-08-30,1498,17189,18687
469,2017-08-31,1365,16811,18176
469,2017-09-01,1251,16982,18233
469,2017-09-02,528,10731,11259
469,2017-09-03,229,8399,8628
469,2017-09-04,1285,16053,17338
469,2017-09-05,1413,16473,17886
469,2017-09-06,1366,16427,17793
469,2017-09-07,1464,17148,18612
469,2017-09-08,1381,17117,18498
469,2017-09-09,542,10419,10961
469,2017-09-10,163,8337,8500
469,2017-09-11,1393,16746,18139
469,2017-09-12,1433,17289,18722
469,2017-09-13,1395,15314,16709
469,2017-09-14,1398,16145,17543
469,2017-09-15,1374,18085,19459
469,2017-09-16,589,11408,11997
469,2017-09-17,169,8000,8169
469,2017-09-18,1439,17010,18449
469,2017-09-19,1580,17543,19123
469,2017-09-20,1598,17207,18805
469,2017-09-21,1576,18395,19971
469,2017-09-22,1552,18339,19891
469,2017-09-23,682,11868,12550
469,2017-09-24,193,8934,9127
469,2017-09-25,1408,17337,18745
469,2017-09-26,1501,18371,19872
469,2017-09-27,1671,18502,20173
469,2017-09-28,1522,19310,20832
469,2017-09-29,1458,19266,20724
469,2017-09-30,612,12076,12688
469,2017-10-01,168,8792,8960
469,2017-10-02,1405,17649,19054
469,2017-10-03,1354,17762,19116
469,2017-10-04,1560,18001,19561
469,2017-10-05,1552,18489,20041
469,2017-10-06,1448,18997,20445
469,2017-10-07,560,11991,12551
469,2017-10-08,166,8577,8743
469,2017-10-09,1589,17882,19471
469,2017-10-10,1546,18795,20341
469,2017-10-11,1592,18224,19816
469,2017-10-12,1474,19038,20512
469,2017-10-13,1548,19695,21243
469,2017-10-15,154,8481,8635
469,2017-10-16,1527,17621,19148
469,2017-10-17,1541,18825,20366
469,2017-10-18,1462,18422,19884
469,2017-10-19,1446,18964,20410
469,2017-10-20,1395,19062,20457
469,2017-10-21,580,12263,12843
469,2017-10-22,176,8165,8341
469,2017-10-23,1432,17645,19077
469,2017-10-24,1427,18070,19497
469,2017-10-25,1446,18203,19649
469,2017-10-26,1438,18378,19816
469,2017-10-27,1383,18322,19705
469,2017-10-28,605,11910,12515
469,2017-10-29,180,8135,8315
469,2017-10-30,1309,16721,18030
469,2017-11-01,252,8396,8648
469,2017-11-02,1455,17343,18798
469,2017-11-03,1331,17705,19036
469,2017-11-04,715,11602,12317
469,2017-11-05,142,7917,8059
469,2017-11-06,1521,17617,19138
469,2017-11-07,1503,17980,19483
469,2017-11-08,1512,17740,19252
469,2017-11-09,1496,18558,20054
469,2017-11-10,1402,18694,20096
469,2017-11-11,469,12042,12511
469,2017-11-12,144,7605,7749
469,2017-11-13,1392,17596,18988
469,2017-11-14,1576,18260,19836
469,2017-11-15,1575,18138,19713
469,2017-11-16,1524,18722,20246
469,2017-11-17,1514,18916,20430
469,2017-11-18,540,12092,12632
469,2017-11-19,173,8161,8334
469,2017-11-20,1390,17276,18666
469,2017-11-21,1476,18104,19580
469,2017-11-22,1623,18095,19718
469,2017-11-23,1526,18308,19834
469,2017-11-24,1455,19121,20576
469,2017-11-25,542,12107,12649
469,2017-11-26,164,8169,8333
469,2017-11-27,1439,17329,18768
469,2017-11-28,1475,18256,19731
469,2017-11-29,1602,17591,19193
469,2017-11-30,1454,18472,19926
469,2017-12-01,1413,18627,20040
469,2017-12-02,493,11899,12392
469,2017-12-03,149,7538,7687
469,2017-12-04,1465,17140,18605
469,2017-12-05,1477,18244,19721
469,2017-12-06,1604,17703,19307
469,2017-12-07,1421,18430,19851
469,2017-12-08,1362,18254,19616
469,2017-12-09,502,11871,12373
469,2017-12-10,106,6173,6279
469,2017-12-11,1289,17169,18458
469,2017-12-12,1443,18005,19448
469,2017-12-13,1359,16552,17911
469,2017-12-14,1419,18704,20123
469,2017-12-15,1209,18384,19593
469,2017-12-16,503,11644,12147
469,2017-12-17,149,7589,7738
469,2017-12-18,1088,15708,16796
469,2017-12-19,1132,16825,17957
469,2017-12-20,1033,16575,17608
469,2017-12-21,972,17123,18095
469,2017-12-22,956,16828,17784
469,2017-12-23,379,10564,10943
469,2017-12-24,89,7164,7253
469,2017-12-25,44,6449,6493
469,2017-12-26,135,6286,6421
469,2017-12-27,792,12016,12808
469,2017-12-28,773,12571,13344
469,2017-12-29,704,11544,12248
469,2017-12-30,293,9552,9845
469,2017-12-31,91,6815,6906
470,2017-04-21,716,10161,10877
470,2017-04-22,322,6553,6875
470,2017-04-23,64,4895,4959
470,2017-04-24,841,10390,11231
470,2017-04-25,766,10681,11447
470,2017-04-26,708,10417,11125
470,2017-04-27,729,11223,11952
470,2017-04-28,716,10949,11665
470,2017-04-29,308,6344,6652
470,2017-04-30,71,4895,4966
470,2017-05-01,58,3953,4011
470,2017-05-02,778,11045,11823
470,2017-05-03,754,11760,12514
470,2017-05-04,763,11904,12667
470,2017-05-05,750,11501,12251
470,2017-05-06,276,6763,7039
470,2017-05-07,63,4578,4641
470,2017-05-08,669,10324,10993
470,2017-05-09,717,11352,12069
470,2017-05-10,811,11229,12040
470,2017-05-11,768,11326,12094
470,2017-05-12,743,11519,12262
470,2017-05-13,318,7766,8084
470,2017-05-14,107,5162,5269
470,2017-05-15,750,11237,11987
470,2017-05-16,829,12206,13035
470,2017-05-17,759,11505,12264
470,2017-05-18,764,11828,12592
470,2017-05-19,751,11478,12229
470,2017-05-20,324,7004,7328
470,2017-05-21,88,5564,5652
470,2017-05-22,770,10822,11592
470,2017-05-23,871,11338,12209
470,2017-05-24,843,12015,12858
470,2017-05-25,92,5181,5273
470,2017-05-26,494,8961,9455
470,2017-05-27,207,6441,6648
470,2017-05-28,92,4945,5037
470,2017-05-29,694,10853,11547
470,2017-05-30,689,11465,12154
470,2017-05-31,742,11116,11858
470,2017-06-01,759,12033,12792
470,2017-06-02,765,11792,12557
470,2017-06-03,261,6201,6462
470,2017-06-04,58,4312,4370
470,2017-06-05,75,3838,3913
470,2017-06-06,742,9530,10272
470,2017-06-07,788,9961,10749
470,2017-06-08,758,10230,10988
470,2017-06-09,789,10312,11101
470,2017-06-10,320,7344,7664
470,2017-06-11,87,5548,5635
470,2017-06-12,795,10883,11678
470,2017-06-13,767,11539,12306
470,2017-06-14,813,11494,12307
470,2017-06-15,806,12032,12838
470,2017-06-16,749,12094,12843
470,2017-06-17,313,7495,7808
470,2017-06-18,112,5420,5532
470,2017-06-19,737,10889,11626
470,2017-06-20,773,11860,12633
470,2017-06-21,736,11272,12008
470,2017-06-22,824,11812,12636
470,2017-06-23,157,4554,4711
470,2017-06-24,244,6215,6459
470,2017-06-25,76,4509,4585
470,2017-06-26,786,10857,11643
470,2017-06-27,756,11538,12294
470,2017-06-28,712,10630,11342
470,2017-06-29,744,11220,11964
470,2017-06-30,792,11816,12608
470,2017-07-01,256,7001,7257
470,2017-07-02,95,5226,5321
470,2017-07-03,653,10601,11254
470,2017-07-04,726,11343,12069
470,2017-07-05,704,11136,11840
470,2017-07-06,780,10958,11738
470,2017-07-07,800,11754,12554
470,2017-07-08,342,7045,7387
470,2017-07-09,94,5262,5356
470,2017-07-10,761,10901,11662
470,2017-07-11,724,11870,12594
470,2017-07-12,733,11082,11815
470,2017-07-13,715,11579,12294
470,2017-07-14,671,11648,12319
470,2017-07-15,255,6561,6816
470,2017-07-16,59,4720,4779
470,2017-07-17,694,9595,10289
470,2017-07-18,778,10377,11155
470,2017-07-19,794,10219,11013
470,2017-07-20,696,10406,11102
470,2017-07-21,763,11446,12209
470,2017-07-22,284,6072,6356
470,2017-07-23,126,4375,4501
470,2017-07-24,649,9198,9847
470,2017-07-25,654,9257,9911
470,2017-07-26,624,9363,9987
470,2017-07-27,562,8968,9530
470,2017-07-28,430,8698,9128
470,2017-07-29,163,5156,5319
470,2017-07-30,101,3916,4017
470,2017-07-31,402,6878,7280
470,2017-08-01,365,7137,7502
470,2017-08-02,380,7009,7389
470,2017-08-03,381,7232,7613
470,2017-08-04,390,7252,7642
470,2017-08-05,148,4982,5130
470,2017-08-06,64,4350,4414
470,2017-08-07,441,6724,7165
470,2017-08-08,380,6531,6911
470,2017-08-09,384,6499,6883
470,2017-08-10,396,6974,7370
470,2017-08-11,389,7039,7428
470,2017-08-12,129,4216,4345
470,2017-08-13,46,3376,3422
470,2017-08-14,307,5299,5606
470,2017-08-15,61,2957,3018
470,2017-08-16,358,6446,6804
470,2017-08-17,399,6500,6899
470,2017-08-18,335,6866,7201
470,2017-08-19,151,4482,4633
470,2017-08-20,58,3549,3607
470,2017-08-21,416,6895,7311
470,2017-08-22,446,7375,7821
470,2017-08-23,433,7327,7760
470,2017-08-24,492,7427,7919
470,2017-08-25,416,7683,8099
470,2017-08-26,136,4654,4790
470,2017-08-27,65,3529,3594
470,2017-08-28,491,7668,8159
470,2017-08-29,580,7945,8525
470,2017-08-30,615,8334,8949
470,2017-08-31,633,8190,8823
470,2017-09-01,570,8238,8808
470,2017-09-02,195,5020,5215
470,2017-09-03,74,4257,4331
470,2017-09-04,594,7745,8339
470,2017-09-05,594,8075,8669
470,2017-09-06,588,8093,8681
470,2017-09-07,662,8298,8960
470,2017-09-08,608,8727,9335
470,2017-09-09,185,5240,5425
470,2017-09-10,63,3891,3954
470,2017-09-11,613,8833,9446
470,2017-09-12,654,9308,9962
470,2017-09-13,682,8825,9507
470,2017-09-14,685,9276,9961
470,2017-09-15,613,9652,10265
470,2017-09-16,179,5709,5888
470,2017-09-17,40,3910,3950
470,2017-09-18,676,9114,9790
470,2017-09-19,716,9383,10099
470,2017-09-21,722,10163,10885
470,2017-09-22,689,10000,10689
470,2017-09-23,252,5862,6114
470,2017-09-24,89,4523,4612
470,2017-09-25,723,9236,9959
470,2017-09-26,659,10065,10724
470,2017-09-27,622,9815,10437
470,2017-09-28,657,10153,10810
470,2017-09-29,589,10479,11068
470,2017-09-30,212,6618,6830
470,2017-10-01,58,4882,4940
470,2017-10-02,609,9538,10147
470,2017-10-03,557,9897,10454
470,2017-10-04,659,9279,9938
470,2017-10-05,702,10143,10845
470,2017-10-06,671,10417,11088
470,2017-10-07,258,6311,6569
470,2017-10-08,49,4802,4851
470,2017-10-09,633,9301,9934
470,2017-10-10,613,10140,10753
470,2017-10-11,620,9710,10330
470,2017-10-12,622,10164,10786
470,2017-10-13,570,10119,10689
470,2017-10-14,156,4634,4790
470,2017-10-15,60,4306,4366
470,2017-10-16,726,9577,10303
470,2017-10-17,676,10299,10975
470,2017-10-18,619,9735,10354
470,2017-10-19,639,10311,10950
470,2017-10-20,604,10179,10783
470,2017-10-21,197,6164,6361
470,2017-10-22,32,3969,4001
470,2017-10-23,594,9468,10062
470,2017-10-24,614,10025,10639
470,2017-10-25,599,9727,10326
470,2017-10-26,621,10042,10663
470,2017-10-27,650,10345,10995
470,2017-10-28,208,5982,6190
470,2017-10-29,66,4077,4143
470,2017-10-30,577,8567,9144
470,2017-11-01,59,4254,4313
470,2017-11-02,578,8841,9419
470,2017-11-03,609,9148,9757
470,2017-11-04,311,5934,6245
470,2017-11-05,44,3959,4003
470,2017-11-06,617,9781,10398
470,2017-11-07,712,10255,10967
470,2017-11-08,659,10080,10739
470,2017-11-09,661,10196,10857
470,2017-11-10,639,10745,11384
470,2017-11-11,146,6115,6261
470,2017-11-12,45,3865,3910
470,2017-11-13,594,9383,9977
470,2017-11-14,719,10225,10944
470,2017-11-15,636,9738,10374
470,2017-11-16,644,10239,10883
470,2017-11-17,618,10318,10936
470,2017-11-18,166,5842,6008
470,2017-11-19,47,4076,4123
470,2017-11-20,645,9468,10113
470,2017-11-21,646,10075,10721
470,2017-11-22,597,9622,10219
470,2017-11-23,615,10039,10654
470,2017-11-24,591,10895,11486
470,2017-11-25,202,6145,6347
470,2017-11-26,59,4144,4203
470,2017-11-27,567,9568,10135
470,2017-11-28,601,10076,10677
470,2017-11-29,706,9495,10201
470,2017-11-30,606,10016,10622
470,2017-12-01,572,10131,10703
470,2017-12-02,176,5835,6011
470,2017-12-03,56,3615,3671
470,2017-12-04,668,9393,10061
470,2017-12-05,653,10207,10860
470,2017-12-06,661,9475,10136
470,2017-12-07,674,10615,11289
470,2017-12-08,649,10108,10757
470,2017-12-09,168,5732,5900
470,2017-12-10,42,3284,3326
470,2017-12-11,617,9498,10115
470,2017-12-12,662,9714,10376
470,2017-12-13,577,8428,9005
470,2017-12-14,634,9354,9988
470,2017-12-15,515,9845,10360
470,2017-12-16,149,5437,5586
470,2017-12-17,40,3512,3552
470,2017-12-18,413,7670,8083
470,2017-12-19,424,8365,8789
470,2017-12-20,377,7728,8105
470,2017-12-21,344,8189,8533
470,2017-12-22,366,7731,8097
470,2017-12-23,106,4874,4980
470,2017-12-24,24,3503,3527
470,2017-12-25,11,3150,3161
470,2017-12-26,26,2931,2957
470,2017-12-27,245,5714,5959
470,2017-12-28,251,5673,5924
470,2017-12-29,258,5405,5663
470,2017-12-30,82,4521,4603
470,2017-12-31,24,3354,3378
473,2017-01-01,22,3599,3621
473,2017-01-02,247,7135,7382
473,2017-01-03,297,8683,8980
473,2017-01-04,338,8977,9315
473,2017-01-06,346,9575,9921
473,2017-01-07,69,5909,5978
473,2017-01-08,20,4255,4275
473,2017-01-09,356,9518,9874
473,2017-01-10,320,9701,10021
473,2017-01-11,347,9829,10176
473,2017-01-12,394,9422,9816
473,2017-01-14,77,6853,6930
473,2017-01-15,19,5010,5029
473,2017-01-16,390,9976,10366
473,2017-01-17,469,10303,10772
473,2017-01-18,470,10177,10647
473,2017-01-19,452,10532,10984
473,2017-01-21,96,7207,7303
473,2017-01-22,23,5267,5290
473,2017-01-23,395,9958,10353
473,2017-01-24,374,10095,10469
473,2017-01-25,440,10066,10506
473,2017-01-26,404,10587,10991
473,2017-01-28,72,6836,6908
473,2017-01-29,16,4576,4592
473,2017-01-30,402,9294,9696
473,2017-01-31,423,10316,10739
473,2017-02-01,443,10271,10714
473,2017-02-02,421,10589,11010
473,2017-02-04,86,6746,6832
473,2017-02-05,21,4943,4964
473,2017-02-06,439,9682,10121
473,2017-02-07,397,9483,9880
473,2017-02-08,441,9054,9495
473,2017-02-09,437,9638,10075
473,2017-02-11,88,6714,6802
473,2017-02-12,15,5111,5126
473,2017-02-13,472,9394,9866
473,2017-02-14,477,10230,10707
473,2017-02-15,503,9812,10315
473,2017-02-16,481,9781,10262
473,2017-02-18,93,6907,7000
473,2017-02-19,23,5518,5541
473,2017-02-20,402,8583,8985
473,2017-02-21,466,7992,8458
473,2017-02-22,476,7864,8340
473,2017-02-23,460,8046,8506
473,2017-02-25,106,6836,6942
473,2017-02-26,35,5666,5701
473,2017-02-27,434,7724,8158
473,2017-02-28,496,8402,8898
473,2017-03-01,510,9000,9510
473,2017-03-02,488,10122,10610
473,2017-03-04,106,7084,7190
473,2017-03-05,22,4776,4798
473,2017-03-06,520,8542,9062
473,2017-03-07,472,9082,9554
473,2017-03-08,546,8740,9286
473,2017-03-09,492,9502,9994
473,2017-03-11,129,7756,7885
473,2017-03-12,33,6637,6670
473,2017-03-13,484,9753,10237
473,2017-03-14,585,10465,11050
473,2017-03-15,614,10110,10724
473,2017-03-16,524,10571,11095
473,2017-03-18,108,7420,7528
473,2017-03-19,23,5355,5378
473,2017-03-20,517,9695,10212
473,2017-03-21,524,9028,9552
473,2017-03-22,468,9934,10402
473,2017-03-23,468,10210,10678
473,2017-03-25,132,8563,8695
473,2017-03-27,496,9886,10382
473,2017-03-28,523,10297,10820
473,2017-03-29,569,10014,10583
473,2017-03-30,514,10742,11256
473,2017-04-01,112,7970,8082
473,2017-04-02,38,6941,6979
473,2017-04-03,509,10035,10544
473,2017-04-04,515,10455,10970
473,2017-04-05,590,10200,10790
473,2017-04-06,523,10480,11003
473,2017-04-08,97,8834,8931
473,2017-04-09,51,8113,8164
473,2017-04-10,535,9670,10205
473,2017-04-11,529,10045,10574
473,2017-04-12,533,10294,10827
473,2017-04-13,545,10089,10634
473,2017-04-15,105,7119,7224
473,2017-04-16,43,5341,5384
473,2017-04-17,36,4384,4420
473,2017-04-18,496,9409,9905
473,2017-04-19,494,9345,9839
473,2017-04-20,506,9799,10305
473,2017-04-22,133,7553,7686
473,2017-04-23,44,6210,6254
473,2017-04-24,506,9953,10459
473,2017-04-25,515,10072,10587
473,2017-04-26,522,10014,10536
473,2017-04-27,527,10504,11031
473,2017-04-29,118,8137,8255
473,2017-04-30,52,7923,7975
473,2017-05-01,52,5583,5635
473,2017-05-02,512,10043,10555
473,2017-05-03,515,9601,10116
473,2017-05-04,516,10322,10838
473,2017-05-06,130,7753,7883
473,2017-05-07,42,5770,5812
473,2017-05-08,533,9810,10343
473,2017-05-09,559,10330,10889
473,2017-05-10,588,10337,10925
473,2017-05-11,580,10716,11296
473,2017-05-13,150,7748,7898
473,2017-05-14,57,6547,6604
473,2017-05-15,557,10423,10980
473,2017-05-16,578,10784,11362
473,2017-05-17,580,10833,11413
473,2017-05-18,660,9552,10212
473,2017-05-20,156,7668,7824
473,2017-05-21,54,7069,7123
473,2017-05-22,525,10221,10746
473,2017-05-23,558,10694,11252
473,2017-05-24,577,11028,11605
473,2017-05-25,73,7548,7621
473,2017-05-27,124,8555,8679
473,2017-05-28,54,6906,6960
473,2017-05-29,618,9134,9752
473,2017-05-30,529,10180,10709
473,2017-05-31,548,10515,11063
473,2017-06-01,556,10700,11256
473,2017-06-03,134,7312,7446
473,2017-06-04,30,5744,5774
473,2017-06-05,36,6455,6491
473,2017-06-06,486,8674,9160
473,2017-06-07,576,8800,9376
473,2017-06-08,523,10552,11075
473,2017-06-10,135,8335,8470
473,2017-06-11,48,7418,7466
473,2017-06-12,540,10142,10682
473,2017-06-13,571,10626,11197
473,2017-06-14,580,10910,11490
473,2017-06-15,396,10942,11338
473,2017-06-17,151,9564,9715
473,2017-06-18,57,8469,8526
473,2017-06-19,549,10546,11095
473,2017-06-20,569,10902,11471
473,2017-06-21,548,10985,11533
473,2017-06-22,559,10868,11427
473,2017-06-24,121,7615,7736
473,2017-06-25,46,6417,6463
473,2017-06-26,583,10576,11159
473,2017-06-27,628,9418,10046
473,2017-06-28,632,9622,10254
473,2017-06-29,620,9674,10294
473,2017-07-01,86,7706,7792
473,2017-07-02,46,6688,6734
473,2017-07-03,606,9044,9650
473,2017-07-04,610,10706,11316
473,2017-07-05,611,10828,11439
473,2017-07-06,642,9854,10496
473,2017-07-08,177,8617,8794
473,2017-07-09,78,6456,6534
473,2017-07-10,598,9048,9646
473,2017-07-11,588,9172,9760
473,2017-07-12,692,9378,10070
473,2017-07-13,613,10943,11556
473,2017-07-15,165,7961,8126
473,2017-07-16,55,6772,6827
473,2017-07-17,564,9973,10537
473,2017-07-18,592,10215,10807
473,2017-07-19,560,10198,10758
473,2017-07-20,642,9148,9790
473,2017-07-21,657,10550,11207
473,2017-07-22,142,7456,7598
473,2017-07-23,52,6599,6651
473,2017-07-24,632,8484,9116
473,2017-07-25,590,9408,9998
473,2017-07-26,610,10023,10633
473,2017-07-27,598,8914,9512
473,2017-07-28,439,10056,10495
473,2017-07-29,130,7700,7830
473,2017-07-30,52,6533,6585
473,2017-07-31,414,8664,9078
473,2017-08-01,374,8672,9046
473,2017-08-02,375,9288,9663
473,2017-08-03,363,9331,9694
473,2017-08-04,412,9571,9983
473,2017-08-05,114,6902,7016
473,2017-08-06,34,6829,6863
473,2017-08-07,369,9045,9414
473,2017-08-08,366,8628,8994
473,2017-08-09,422,8212,8634
473,2017-08-10,347,8737,9084
473,2017-08-11,410,8064,8474
473,2017-08-12,109,6590,6699
473,2017-08-13,44,6708,6752
473,2017-08-14,327,8455,8782
473,2017-08-15,52,5886,5938
473,2017-08-16,392,9121,9513
473,2017-08-18,362,8450,8812
473,2017-08-19,80,6238,6318
473,2017-08-20,34,5996,6030
473,2017-08-21,468,9283,9751
473,2017-08-22,481,9869,10350
473,2017-08-23,530,10249,10779
473,2017-08-25,598,9084,9682
473,2017-08-26,101,6680,6781
473,2017-08-27,38,5551,5589
473,2017-08-28,578,12426,13004
473,2017-08-29,598,14144,14742
473,2017-08-30,670,14066,14736
473,2017-09-01,704,13302,14006
473,2017-09-02,142,7484,7626
473,2017-09-03,74,6898,6972
473,2017-09-04,547,10151,10698
473,2017-09-05,589,10651,11240
473,2017-09-06,570,10707,11277
473,2017-09-08,550,11032,11582
473,2017-09-09,112,6632,6744
473,2017-09-10,60,6293,6353
473,2017-09-11,590,9528,10118
473,2017-09-12,706,9154,9860
473,2017-09-13,586,9134,9720
473,2017-09-15,526,9842,10368
473,2017-09-16,174,8726,8900
473,2017-09-17,52,6574,6626
473,2017-09-18,497,10281,10778
473,2017-09-19,516,10451,10967
473,2017-09-20,529,10390,10919
473,2017-09-22,246,4353,4599
473,2017-09-23,93,3598,3691
473,2017-09-24,33,4109,4142
473,2017-09-25,228,3822,4050
473,2017-09-26,228,3974,4202
473,2017-09-27,211,4033,4244
473,2017-09-28,233,4119,4352
473,2017-09-29,253,4790,5043
473,2017-09-30,80,3736,3816
473,2017-10-01,35,3897,3932
473,2017-10-02,201,3756,3957
473,2017-10-03,152,4914,5066
473,2017-10-04,247,4133,4380
473,2017-10-06,517,10657,11174
473,2017-10-07,156,8270,8426
473,2017-10-08,48,6285,6333
473,2017-10-09,481,9811,10292
473,2017-10-10,502,10113,10615
473,2017-10-11,563,10248,10811
473,2017-10-12,527,10727,11254
473,2017-10-13,584,11217,11801
473,2017-10-14,172,9442,9614
473,2017-10-15,45,8748,8793
473,2017-10-16,560,10607,11167
473,2017-10-17,530,10667,11197
473,2017-10-18,581,10913,11494
473,2017-10-20,606,10360,10966
473,2017-10-21,374,8716,9090
473,2017-10-22,24,5600,5624
473,2017-10-23,498,9988,10486
473,2017-10-24,471,10280,10751
473,2017-10-25,529,10482,11011
473,2017-10-26,507,10521,11028
473,2017-10-27,514,10871,11385
473,2017-10-28,108,7585,7693
473,2017-10-29,34,5519,5553
473,2017-10-30,540,10115,10655
473,2017-10-31,355,10735,11090
473,2017-11-01,57,6107,6164
473,2017-11-03,533,11027,11560
473,2017-11-04,95,7552,7647
473,2017-11-05,60,5361,5421
473,2017-11-06,523,10035,10558
473,2017-11-07,549,10101,10650
473,2017-11-08,536,10047,10583
473,2017-11-09,519,10434,10953
473,2017-11-10,580,9628,10208
473,2017-11-11,118,7198,7316
473,2017-11-12,20,4592,4612
473,2017-11-13,471,9822,10293
473,2017-11-14,491,10110,10601
473,2017-11-15,532,10082,10614
473,2017-11-16,465,10483,10948
473,2017-11-17,498,10303,10801
473,2017-11-18,102,7508,7610
473,2017-11-19,18,5202,5220
473,2017-11-20,528,8748,9276
473,2017-11-21,478,9942,10420
473,2017-11-22,507,9978,10485
473,2017-11-24,550,9356,9906
473,2017-11-25,108,6946,7054
473,2017-11-26,35,5521,5556
473,2017-11-27,540,8576,9116
473,2017-11-28,530,9386,9916
473,2017-11-29,537,10379,10916
473,2017-11-30,515,10438,10953
473,2017-12-01,493,10292,10785
473,2017-12-02,101,7140,7241
473,2017-12-03,31,4989,5020
473,2017-12-04,446,9620,10066
473,2017-12-05,469,10130,10599
473,2017-12-06,514,10071,10585
473,2017-12-08,586,9496,10082
473,2017-12-09,83,7048,7131
473,2017-12-10,30,3670,3700
473,2017-12-11,572,8898,9470
473,2017-12-12,526,10307,10833
473,2017-12-13,574,9080,9654
473,2017-12-14,488,9748,10236
473,2017-12-15,476,9612,10088
473,2017-12-16,83,7090,7173
473,2017-12-17,38,5082,5120
473,2017-12-18,293,9285,9578
473,2017-12-19,376,10031,10407
473,2017-12-20,350,9443,9793
473,2017-12-21,329,9632,9961
473,2017-12-22,296,9852,10148
473,2017-12-23,86,6533,6619
473,2017-12-24,25,4447,4472
473,2017-12-25,15,3522,3537
473,2017-12-26,20,3694,3714
473,2017-12-27,296,7457,7753
473,2017-12-28,287,7732,8019
473,2017-12-29,294,6806,7100
473,2017-12-30,72,5868,5940
473,2017-12-31,28,4208,4236
474,2017-01-01,10,2053,2063
474,2017-01-02,49,2664,2713
474,2017-01-03,42,3190,3232
474,2017-01-04,48,3278,3326
474,2017-01-05,45,3432,3477
474,2017-01-07,26,2766,2792
474,2017-01-08,10,2162,2172
474,2017-01-09,60,3659,3719
474,2017-01-10,55,3901,3956
474,2017-01-11,56,3927,3983
474,2017-01-12,90,4164,4254
474,2017-01-14,27,2833,2860
474,2017-01-15,14,2631,2645
474,2017-01-16,93,3974,4067
474,2017-01-17,85,4338,4423
474,2017-01-18,76,4363,4439
474,2017-01-19,78,4468,4546
474,2017-01-21,32,3425,3457
474,2017-01-22,12,3131,3143
474,2017-01-23,77,4141,4218
474,2017-01-24,72,4210,4282
474,2017-01-25,74,4254,4328
474,2017-01-26,70,4291,4361
474,2017-01-28,31,3271,3302
474,2017-01-29,13,2674,2687
474,2017-01-30,100,4222,4322
474,2017-01-31,67,4555,4622
474,2017-02-01,96,4285,4381
474,2017-02-02,82,4494,4576
474,2017-02-04,27,3189,3216
474,2017-02-05,15,2809,2824
474,2017-02-06,75,4823,4898
474,2017-02-07,98,5581,5679
474,2017-02-08,107,5908,6015
474,2017-02-09,131,5933,6064
474,2017-02-11,41,4239,4280
474,2017-02-12,13,3903,3916
474,2017-02-13,144,6311,6455
474,2017-02-14,145,6977,7122
474,2017-02-15,131,6920,7051
474,2017-02-16,139,6374,6513
474,2017-02-18,47,4889,4936
474,2017-02-19,10,4448,4458
474,2017-02-20,106,6282,6388
474,2017-02-21,131,6634,6765
474,2017-02-22,118,6668,6786
474,2017-02-23,126,6389,6515
474,2017-02-25,50,4979,5029
474,2017-02-26,13,4919,4932
474,2017-02-27,166,5664,5830
474,2017-02-28,184,6644,6828
474,2017-03-01,132,6826,6958
474,2017-03-02,170,7217,7387
474,2017-03-04,57,5013,5070
474,2017-03-05,16,3813,3829
474,2017-03-06,116,6177,6293
474,2017-03-07,148,6329,6477
474,2017-03-08,146,6264,6410
474,2017-03-09,161,6263,6424
474,2017-03-11,50,5588,5638
474,2017-03-12,15,5634,5649
474,2017-03-13,150,6280,6430
474,2017-03-14,144,6595,6739
474,2017-03-15,172,6492,6664
474,2017-03-16,188,7002,7190
474,2017-03-18,47,4736,4783
474,2017-03-19,10,4183,4193
474,2017-03-20,161,6080,6241
474,2017-03-21,171,6101,6272
474,2017-03-22,141,6289,6430
474,2017-03-23,166,6793,6959
474,2017-03-25,71,5820,5891
474,2017-03-27,127,6509,6636
474,2017-03-28,160,6928,7088
474,2017-03-29,147,6640,6787
474,2017-03-30,151,6912,7063
474,2017-04-01,60,5166,5226
474,2017-04-02,11,5643,5654
474,2017-04-03,162,6294,6456
474,2017-04-04,164,6388,6552
474,2017-04-05,175,6420,6595
474,2017-04-06,157,6494,6651
474,2017-04-08,47,5526,5573
474,2017-04-09,19,6731,6750
474,2017-04-10,137,5943,6080
474,2017-04-11,130,5852,5982
474,2017-04-12,110,5650,5760
474,2017-04-13,114,5615,5729
474,2017-04-15,37,4573,4610
474,2017-04-16,8,4160,4168
474,2017-04-17,14,3697,3711
474,2017-04-18,137,5817,5954
474,2017-04-19,155,6112,6267
474,2017-04-20,151,6350,6501
474,2017-04-22,65,5189,5254
474,2017-04-23,10,5146,5156
474,2017-04-24,149,6440,6589
474,2017-04-25,154,6252,6406
474,2017-04-26,151,6337,6488
474,2017-04-27,161,6359,6520
474,2017-04-29,64,5558,5622
474,2017-04-30,13,6737,6750
474,2017-05-01,32,4395,4427
474,2017-05-02,143,6259,6402
474,2017-05-03,151,5975,6126
474,2017-05-04,129,6334,6463
474,2017-05-06,53,4926,4979
474,2017-05-07,9,4064,4073
474,2017-05-08,127,5403,5530
474,2017-05-09,116,5941,6057
474,2017-05-10,89,5883,5972
474,2017-05-11,95,5430,5525
474,2017-05-13,45,4660,4705
474,2017-05-14,17,4416,4433
474,2017-05-15,92,5130,5222
474,2017-05-16,84,5582,5666
474,2017-05-17,81,5744,5825
474,2017-05-18,102,5154,5256
474,2017-05-20,56,4512,4568
474,2017-05-21,21,4997,5018
474,2017-05-22,105,5000,5105
474,2017-05-23,82,5437,5519
474,2017-05-24,82,5742,5824
474,2017-05-25,17,6049,6066
474,2017-05-27,42,4956,4998
474,2017-05-28,24,5018,5042
474,2017-05-29,148,4910,5058
474,2017-05-30,105,5172,5277
474,2017-05-31,94,5253,5347
474,2017-06-01,87,5375,5462
474,2017-06-03,25,4204,4229
474,2017-06-04,16,4992,5008
474,2017-06-05,17,5219,5236
474,2017-06-06,98,4520,4618
474,2017-06-07,108,4618,4726
474,2017-06-08,96,5124,5220
474,2017-06-10,37,4443,4480
474,2017-06-11,13,4775,4788
474,2017-06-12,92,4880,4972
474,2017-06-13,96,5160,5256
474,2017-06-14,96,5314,5410
474,2017-06-15,86,5604,5690
474,2017-06-17,23,4965,4988
474,2017-06-19,88,4811,4899
474,2017-06-20,70,5027,5097
474,2017-06-21,91,4936,5027
474,2017-06-22,98,4865,4963
474,2017-06-24,32,4074,4106
474,2017-06-25,14,4183,4197
474,2017-06-26,110,4821,4931
474,2017-06-27,111,4718,4829
474,2017-06-28,130,4872,5002
474,2017-06-29,142,5308,5450
474,2017-07-01,54,4748,4802
474,2017-07-02,46,4763,4809
474,2017-07-03,101,4634,4735
474,2017-07-04,75,5176,5251
474,2017-07-05,73,5089,5162
474,2017-07-06,116,5164,5280
474,2017-07-08,38,4830,4868
474,2017-07-09,30,4523,4553
474,2017-07-10,120,4096,4216
474,2017-07-11,134,4594,4728
474,2017-07-12,91,4357,4448
474,2017-07-13,84,5020,5104
474,2017-07-15,35,4174,4209
474,2017-07-16,20,5230,5250
474,2017-07-17,82,4455,4537
474,2017-07-18,82,4615,4697
474,2017-07-19,76,4309,4385
474,2017-07-20,120,4474,4594
474,2017-07-21,121,4932,5053
474,2017-07-22,84,4552,4636
474,2017-07-23,17,4204,4221
474,2017-07-24,75,3930,4005
474,2017-07-25,70,4129,4199
474,2017-07-26,86,4436,4522
474,2017-07-27,106,4038,4144
474,2017-07-28,72,4395,4467
474,2017-07-29,36,3886,3922
474,2017-07-30,20,4113,4133
474,2017-07-31,75,3983,4058
474,2017-08-01,68,3596,3664
474,2017-08-02,70,3957,4027
474,2017-08-03,65,3951,4016
474,2017-08-04,68,4229,4297
474,2017-08-05,33,3492,3525
474,2017-08-06,13,4598,4611
474,2017-08-07,57,3751,3808
474,2017-08-08,68,3256,3324
474,2017-08-09,54,3665,3719
474,2017-08-10,67,3453,3520
474,2017-08-11,89,3862,3951
474,2017-08-12,48,3333,3381
474,2017-08-13,17,4748,4765
474,2017-08-14,53,3819,3872
474,2017-08-15,11,4363,4374
474,2017-08-16,67,3687,3754
474,2017-08-18,71,3569,3640
474,2017-08-19,50,3218,3268
474,2017-08-20,26,4130,4156
474,2017-08-21,62,3648,3710
474,2017-08-22,69,4102,4171
474,2017-08-23,52,4338,4390
474,2017-08-25,106,4154,4260
474,2017-08-26,30,3565,3595
474,2017-08-27,13,3859,3872
474,2017-08-28,74,3853,3927
474,2017-08-29,72,4404,4476
474,2017-08-30,87,4022,4109
474,2017-09-01,74,3980,4054
474,2017-09-02,29,3165,3194
474,2017-09-03,14,3738,3752
474,2017-09-04,87,3670,3757
474,2017-09-05,62,4003,4065
474,2017-09-06,67,3888,3955
474,2017-09-08,81,3992,4073
474,2017-09-09,50,3238,3288
474,2017-09-10,19,3473,3492
474,2017-09-11,84,3714,3798
474,2017-09-12,92,4064,4156
474,2017-09-13,86,3706,3792
474,2017-09-15,116,4476,4592
474,2017-09-16,58,3692,3750
474,2017-09-17,19,3960,3979
474,2017-09-18,83,4026,4109
474,2017-09-19,72,3917,3989
474,2017-09-20,79,4129,4208
474,2017-09-22,108,4497,4605
474,2017-09-23,29,4338,4367
474,2017-09-24,10,2910,2920
474,2017-09-25,77,3932,4009
474,2017-09-26,92,4145,4237
474,2017-09-27,62,4253,4315
474,2017-09-29,85,4622,4707
474,2017-09-30,38,3718,3756
474,2017-10-01,28,3991,4019
474,2017-10-02,76,3655,3731
474,2017-10-03,57,4549,4606
474,2017-10-04,89,4044,4133
474,2017-10-05,76,3924,4000
474,2017-10-06,75,4261,4336
474,2017-10-07,49,3870,3919
474,2017-10-08,24,3126,3150
474,2017-10-09,70,3866,3936
474,2017-10-10,73,4182,4255
474,2017-10-11,66,3970,4036
474,2017-10-13,67,4145,4212
474,2017-10-14,35,4127,4162
474,2017-10-15,13,5071,5084
474,2017-10-16,87,4206,4293
474,2017-10-17,85,4239,4324
474,2017-10-18,91,4427,4518
474,2017-10-19,84,4280,4364
474,2017-10-20,84,3997,4081
474,2017-10-21,36,3331,3367
474,2017-10-22,19,2865,2884
474,2017-10-23,87,3558,3645
474,2017-10-24,82,3971,4053
474,2017-10-25,89,4160,4249
474,2017-10-27,89,4646,4735
474,2017-10-28,30,3449,3479
474,2017-10-29,16,3142,3158
474,2017-10-30,78,4018,4096
474,2017-10-31,59,4742,4801
474,2017-11-01,13,3298,3311
474,2017-11-03,69,4152,4221
474,2017-11-04,39,3357,3396
474,2017-11-05,30,2800,2830
474,2017-11-06,91,3801,3892
474,2017-11-07,88,4108,4196
474,2017-11-08,71,3737,3808
474,2017-11-10,90,3949,4039
474,2017-11-11,25,2811,2836
474,2017-11-12,20,2486,2506
474,2017-11-13,93,3503,3596
474,2017-11-14,106,3914,4020
474,2017-11-15,78,3874,3952
474,2017-11-16,97,3841,3938
474,2017-11-17,100,4100,4200
474,2017-11-18,34,3127,3161
474,2017-11-20,85,3754,3839
474,2017-11-21,71,3682,3753
474,2017-11-22,72,3790,3862
474,2017-11-24,106,3898,4004
474,2017-11-25,34,2877,2911
474,2017-11-26,11,2372,2383
474,2017-11-27,80,3382,3462
474,2017-11-28,79,3721,3800
474,2017-11-29,78,3692,3770
474,2017-11-30,67,3777,3844
474,2017-12-01,83,3759,3842
474,2017-12-02,31,2796,2827
474,2017-12-03,15,2211,2226
474,2017-12-04,78,3448,3526
474,2017-12-05,68,3743,3811
474,2017-12-06,81,3612,3693
474,2017-12-08,96,3851,3947
474,2017-12-09,37,2836,2873
474,2017-12-10,15,1781,1796
474,2017-12-11,82,3212,3294
474,2017-12-12,59,3613,3672
474,2017-12-13,138,3799,3937
474,2017-12-14,124,3830,3954
474,2017-12-15,68,3844,3912
474,2017-12-16,30,3047,3077
474,2017-12-17,8,2348,2356
474,2017-12-18,54,3149,3203
474,2017-12-19,59,3439,3498
474,2017-12-20,62,3320,3382
474,2017-12-21,56,3355,3411
474,2017-12-22,50,3331,3381
474,2017-12-23,32,2494,2526
474,2017-12-24,22,1832,1854
474,2017-12-25,12,1929,1941
474,2017-12-26,13,1924,1937
474,2017-12-27,37,2564,2601
474,2017-12-28,39,2935,2974
474,2017-12-29,52,2675,2727
474,2017-12-30,22,2528,2550
474,2017-12-31,12,1950,1962
479,2017-01-01,38,3239,3277
479,2017-01-02,326,5957,6283
479,2017-01-03,403,7004,7407
479,2017-01-04,424,7137,7561
479,2017-01-06,394,7688,8082
479,2017-01-07,131,4924,5055
479,2017-01-08,41,3691,3732
479,2017-01-09,478,7950,8428
479,2017-01-10,509,8128,8637
479,2017-01-11,478,8318,8796
479,2017-01-12,498,8506,9004
479,2017-01-14,140,5756,5896
479,2017-01-15,146,4178,4324
479,2017-01-16,595,8577,9172
479,2017-01-17,665,8516,9181
479,2017-01-18,702,8602,9304
479,2017-01-19,636,8845,9481
479,2017-01-21,164,5990,6154
479,2017-01-22,43,4463,4506
479,2017-01-23,602,8282,8884
479,2017-01-24,575,8337,8912
479,2017-01-25,582,8357,8939
479,2017-01-26,587,8698,9285
479,2017-01-28,146,5716,5862
479,2017-01-29,52,4111,4163
479,2017-01-30,474,8440,8914
479,2017-01-31,608,8522,9130
479,2017-02-01,616,8648,9264
479,2017-02-02,592,8826,9418
479,2017-02-04,130,5882,6012
479,2017-02-05,50,4308,4358
479,2017-02-06,671,7378,8049
479,2017-02-07,623,7004,7627
479,2017-02-08,615,6457,7072
479,2017-02-09,622,6968,7590
479,2017-02-11,166,5556,5722
479,2017-02-12,43,4171,4214
479,2017-02-13,616,7328,7944
479,2017-02-14,660,7800,8460
479,2017-02-15,684,7347,8031
479,2017-02-16,663,7396,8059
479,2017-02-18,149,5520,5669
479,2017-02-19,49,4463,4512
479,2017-02-20,583,6440,7023
479,2017-02-21,662,6668,7330
479,2017-02-22,664,6684,7348
479,2017-02-23,665,6731,7396
479,2017-02-25,169,5588,5757
479,2017-02-26,65,4679,4744
479,2017-02-27,534,6820,7354
479,2017-02-28,604,7526,8130
479,2017-03-01,698,7934,8632
479,2017-03-02,638,7874,8512
479,2017-03-04,166,6038,6204
479,2017-03-05,46,4366,4412
479,2017-03-06,650,7224,7874
479,2017-03-07,668,7692,8360
479,2017-03-08,644,7714,8358
479,2017-03-09,634,7818,8452
479,2017-03-11,184,6296,6480
479,2017-03-12,57,5457,5514
479,2017-03-13,682,7376,8058
479,2017-03-14,762,7883,8645
479,2017-03-15,784,7515,8299
479,2017-03-16,765,7785,8550
479,2017-03-18,184,5771,5955
479,2017-03-19,54,4414,4468
479,2017-03-20,767,7066,7833
479,2017-03-21,747,7257,8004
479,2017-03-22,741,7263,8004
479,2017-03-23,724,7664,8388
479,2017-03-25,659,6374,7033
479,2017-03-27,716,7438,8154
479,2017-03-28,934,7517,8451
479,2017-03-29,794,7557,8351
479,2017-03-30,1125,7688,8813
479,2017-04-01,645,5830,6475
479,2017-04-02,74,5737,5811
479,2017-04-03,694,7456,8150
479,2017-04-04,738,7687,8425
479,2017-04-05,792,7760,8552
479,2017-04-06,769,7992,8761
479,2017-04-08,556,6520,7076
479,2017-04-09,101,6538,6639
479,2017-04-10,719,7187,7906
479,2017-04-11,701,7501,8202
479,2017-04-12,754,7674,8428
479,2017-04-13,746,7437,8183
479,2017-04-15,215,5260,5475
479,2017-04-16,76,4418,4494
479,2017-04-17,114,4083,4197
479,2017-04-18,624,7244,7868
479,2017-04-19,672,7263,7935
479,2017-04-20,698,7542,8240
479,2017-04-22,208,5576,5784
479,2017-04-23,70,4855,4925
479,2017-04-24,662,7712,8374
479,2017-04-25,726,7748,8474
479,2017-04-26,775,7730,8505
479,2017-04-27,747,7954,8701
479,2017-04-29,218,6597,6815
479,2017-04-30,102,6921,7023
479,2017-05-01,105,4659,4764
479,2017-05-02,744,7592,8336
479,2017-05-03,674,7754,8428
479,2017-05-04,726,7756,8482
479,2017-05-06,253,6319,6572
479,2017-05-07,88,4769,4857
479,2017-05-08,758,7408,8166
479,2017-05-09,796,7918,8714
479,2017-05-10,826,8161,8987
479,2017-05-11,790,8232,9022
479,2017-05-13,204,6396,6600
479,2017-05-14,69,5263,5332
479,2017-05-15,813,7775,8588
479,2017-05-16,833,8274,9107
479,2017-05-17,888,8286,9174
479,2017-05-18,856,8390,9246
479,2017-05-20,238,6174,6412
479,2017-05-21,73,5889,5962
479,2017-05-22,772,8008,8780
479,2017-05-23,871,7961,8832
479,2017-05-24,866,8212,9078
479,2017-05-25,97,6124,6221
479,2017-05-27,223,6588,6811
479,2017-05-28,94,6076,6170
479,2017-05-29,802,7986,8788
479,2017-05-30,823,7755,8578
479,2017-05-31,765,7962,8727
479,2017-06-01,788,8350,9138
479,2017-06-03,230,5954,6184
479,2017-06-04,61,5094,5155
479,2017-06-05,65,5269,5334
479,2017-06-06,712,7632,8344
479,2017-06-07,778,7586,8364
479,2017-06-08,752,7924,8676
479,2017-06-10,223,6341,6564
479,2017-06-11,72,5924,5996
479,2017-06-12,739,7744,8483
479,2017-06-13,789,8058,8847
479,2017-06-14,804,8252,9056
479,2017-06-15,674,8336,9010
479,2017-06-17,251,7756,8007
479,2017-06-18,128,7016,7144
479,2017-06-19,756,8341,9097
479,2017-06-20,815,8615,9430
479,2017-06-21,794,8592,9386
479,2017-06-22,789,8532,9321
479,2017-06-24,192,5903,6095
479,2017-06-25,89,5165,5254
479,2017-06-26,793,8291,9084
479,2017-06-27,792,8270,9062
479,2017-06-28,822,8556,9378
479,2017-06-29,734,8504,9238
479,2017-07-01,196,7130,7326
479,2017-07-02,195,6238,6433
479,2017-07-03,854,8146,9000
479,2017-07-04,768,8111,8879
479,2017-07-05,823,8209,9032
479,2017-07-06,810,8784,9594
479,2017-07-08,230,6739,6969
479,2017-07-09,68,5590,5658
479,2017-07-10,782,7962,8744
479,2017-07-11,780,8352,9132
479,2017-07-12,812,8366,9178
479,2017-07-13,815,8505,9320
479,2017-07-15,265,6310,6575
479,2017-07-16,88,5684,5772
479,2017-07-17,783,7905,8688
479,2017-07-18,813,8018,8831
479,2017-07-19,800,8058,8858
479,2017-07-20,750,7392,8142
479,2017-07-21,837,8127,8964
479,2017-07-22,280,6131,6411
479,2017-07-23,83,5181,5264
479,2017-07-24,730,7672,8402
479,2017-07-25,743,7527,8270
479,2017-07-26,824,7884,8708
479,2017-07-27,811,7867,8678
479,2017-07-28,633,7923,8556
479,2017-07-29,165,5906,6071
479,2017-07-30,95,5377,5472
479,2017-07-31,511,7716,8227
479,2017-08-01,482,7196,7678
479,2017-08-02,496,7480,7976
479,2017-08-03,531,7426,7957
479,2017-08-04,538,7440,7978
479,2017-08-05,169,5311,5480
479,2017-08-06,76,5583,5659
479,2017-08-07,465,7290,7755
479,2017-08-08,518,6799,7317
479,2017-08-09,498,7168,7666
479,2017-08-10,412,7015,7427
479,2017-08-11,538,7710,8248
479,2017-08-12,198,5252,5450
479,2017-08-13,93,5475,5568
479,2017-08-14,443,6623,7066
479,2017-08-15,121,5103,5224
479,2017-08-16,505,7222,7727
479,2017-08-18,442,7694,8136
479,2017-08-19,170,5027,5197
479,2017-08-20,64,4812,4876
479,2017-08-21,616,7306,7922
479,2017-08-22,627,7888,8515
479,2017-08-23,704,8108,8812
479,2017-08-25,740,7835,8575
479,2017-08-26,162,4388,4550
479,2017-08-27,54,3900,3954
479,2017-08-28,799,7782,8581
479,2017-08-29,774,8374,9148
479,2017-08-30,774,8093,8867
479,2017-09-01,835,7989,8824
479,2017-09-02,193,5636,5829
479,2017-09-03,82,5576,5658
479,2017-09-04,742,7259,8001
479,2017-09-05,804,7782,8586
479,2017-09-06,768,7749,8517
479,2017-09-08,780,7830,8610
479,2017-09-09,190,5858,6048
479,2017-09-10,100,5098,5198
479,2017-09-11,734,7804,8538
479,2017-09-12,816,8064,8880
479,2017-09-13,734,8038,8772
479,2017-09-15,712,8650,9362
479,2017-09-16,316,6565,6881
479,2017-09-17,91,5195,5286
479,2017-09-18,712,7810,8522
479,2017-09-19,738,7957,8695
479,2017-09-20,740,7978,8718
479,2017-09-22,822,8332,9154
479,2017-09-23,244,6930,7174
479,2017-09-24,122,6641,6763
479,2017-09-25,762,7716,8478
479,2017-09-26,683,8006,8689
479,2017-09-27,776,8177,8953
479,2017-09-29,703,8773,9476
479,2017-09-30,395,7595,7990
479,2017-10-01,142,6925,7067
479,2017-10-02,682,7548,8230
479,2017-10-03,605,7950,8555
479,2017-10-04,674,7825,8499
479,2017-10-05,711,7867,8578
479,2017-10-06,748,8256,9004
479,2017-10-07,295,6418,6713
479,2017-10-08,79,5123,5202
479,2017-10-09,668,7616,8284
479,2017-10-10,747,7707,8454
479,2017-10-11,777,7734,8511
479,2017-10-13,774,8310,9084
479,2017-10-14,252,7727,7979
479,2017-10-15,98,7124,7222
479,2017-10-16,794,7985,8779
479,2017-10-17,750,8178,8928
479,2017-10-18,778,8139,8917
479,2017-10-19,686,8099,8785
479,2017-10-20,808,8164,8972
479,2017-10-21,281,6616,6897
479,2017-10-22,136,4790,4926
479,2017-10-23,656,7530,8186
479,2017-10-24,660,7743,8403
479,2017-10-25,729,7918,8647
479,2017-10-27,739,7922,8661
479,2017-10-28,247,5914,6161
479,2017-10-29,110,4514,4624
479,2017-10-30,713,7464,8177
479,2017-10-31,535,7961,8496
479,2017-11-01,64,4999,5063
479,2017-11-03,738,7739,8477
479,2017-11-04,262,5839,6101
479,2017-11-05,130,4504,4634
479,2017-11-06,694,7454,8148
479,2017-11-07,657,7342,7999
479,2017-11-08,731,7527,8258
479,2017-11-10,664,8154,8818
479,2017-11-11,186,5960,6146
479,2017-11-12,52,4332,4384
479,2017-11-13,661,7432,8093
479,2017-11-14,660,7674,8334
479,2017-11-15,721,7735,8456
479,2017-11-16,693,7981,8674
479,2017-11-17,716,8142,8858
479,2017-11-18,161,5983,6144
479,2017-11-19,51,4771,4822
479,2017-11-20,733,7324,8057
479,2017-11-21,672,7964,8636
479,2017-11-22,731,7518,8249
479,2017-11-24,724,8620,9344
479,2017-11-25,174,6087,6261
479,2017-11-26,84,4680,4764
479,2017-11-27,646,8110,8756
479,2017-11-28,660,8274,8934
479,2017-11-29,741,8106,8847
479,2017-11-30,713,8107,8820
479,2017-12-01,694,8156,8850
479,2017-12-02,182,5940,6122
479,2017-12-03,65,4216,4281
479,2017-12-04,638,7571,8209
479,2017-12-05,652,7820,8472
479,2017-12-06,687,7805,8492
479,2017-12-08,796,8640,9436
479,2017-12-09,172,5815,5987
479,2017-12-10,52,3582,3634
479,2017-12-11,634,7986,8620
479,2017-12-12,726,8352,9078
479,2017-12-14,620,8664,9284
479,2017-12-16,146,5830,5976
479,2017-12-17,58,4359,4417
479,2017-12-18,446,7454,7900
479,2017-12-19,536,7935,8471
479,2017-12-20,500,7667,8167
479,2017-12-21,471,7768,8239
479,2017-12-22,435,7645,8080
479,2017-12-23,145,4993,5138
479,2017-12-24,41,3492,3533
479,2017-12-25,26,3149,3175
479,2017-12-26,42,3328,3370
479,2017-12-27,358,6064,6422
479,2017-12-28,393,6179,6572
479,2017-12-29,378,6562,6940
479,2017-12-30,158,5034,5192
479,2017-12-31,44,3564,3608
481,2017-01-01,43,2017,2060
481,2017-01-02,145,3634,3779
481,2017-01-03,145,4346,4491
481,2017-01-04,179,4294,4473
481,2017-01-06,157,4653,4810
481,2017-01-07,104,2840,2944
481,2017-01-08,49,2266,2315
481,2017-01-09,204,4990,5194
481,2017-01-10,169,5047,5216
481,2017-01-11,187,5234,5421
481,2017-01-12,228,5456,5684
481,2017-01-14,96,3579,3675
481,2017-01-15,47,2717,2764
481,2017-01-16,221,5129,5350
481,2017-01-17,227,5360,5587
481,2017-01-18,229,5341,5570
481,2017-01-19,222,5505,5727
481,2017-01-21,136,3841,3977
481,2017-01-22,53,2843,2896
481,2017-01-23,191,5193,5384
481,2017-01-24,205,5379,5584
481,2017-01-25,223,5314,5537
481,2017-01-26,215,5461,5676
481,2017-01-28,132,3637,3769
481,2017-01-29,57,2670,2727
481,2017-01-30,226,5450,5676
481,2017-01-31,213,5904,6117
481,2017-02-01,220,5678,5898
481,2017-02-02,214,5844,6058
481,2017-02-04,118,3880,3998
481,2017-02-05,42,2799,2841
481,2017-02-06,243,5884,6127
481,2017-02-07,239,6889,7128
481,2017-02-08,238,6647,6885
481,2017-02-09,260,6503,6763
481,2017-02-11,97,4011,4108
481,2017-02-12,66,2972,3038
481,2017-02-13,228,6145,6373
481,2017-02-14,277,6595,6872
481,2017-02-15,299,6581,6880
481,2017-02-16,272,6600,6872
481,2017-02-18,127,3840,3967
481,2017-02-19,54,2776,2830
481,2017-02-20,254,5469,5723
481,2017-02-21,216,5776,5992
481,2017-02-22,236,5508,5744
481,2017-02-23,261,5564,5825
481,2017-02-25,110,3638,3748
481,2017-02-26,60,2874,2934
481,2017-02-27,250,5718,5968
481,2017-02-28,258,6182,6440
481,2017-03-01,286,6268,6554
481,2017-03-02,264,6572,6836
481,2017-03-04,170,4316,4486
481,2017-03-05,56,3062,3118
481,2017-03-06,288,6304,6592
481,2017-03-07,272,6644,6916
481,2017-03-08,278,6408,6686
481,2017-03-09,294,6370,6664
481,2017-03-11,125,4804,4929
481,2017-03-12,70,3506,3576
481,2017-03-13,267,6486,6753
481,2017-03-14,290,6696,6986
481,2017-03-15,293,6850,7143
481,2017-03-16,277,6913,7190
481,2017-03-18,126,4460,4586
481,2017-03-19,62,3138,3200
481,2017-03-20,275,6430,6705
481,2017-03-21,293,6652,6945
481,2017-03-22,261,6686,6947
481,2017-03-23,297,6961,7258
481,2017-03-25,148,4624,4772
481,2017-03-27,259,6569,6828
481,2017-03-28,246,6791,7037
481,2017-03-29,280,6784,7064
481,2017-03-30,251,6976,7227
481,2017-04-01,147,4642,4789
481,2017-04-02,78,3931,4009
481,2017-04-03,238,6525,6763
481,2017-04-04,291,6938,7229
481,2017-04-05,287,6768,7055
481,2017-04-06,254,6685,6939
481,2017-04-08,133,4562,4695
481,2017-04-09,55,3595,3650
481,2017-04-10,217,6066,6283
481,2017-04-11,210,6018,6228
481,2017-04-12,269,5988,6257
481,2017-04-13,270,5944,6214
481,2017-04-15,144,3752,3896
481,2017-04-16,64,2880,2944
481,2017-04-17,62,2696,2758
481,2017-04-18,227,5594,5821
481,2017-04-19,224,5575,5799
481,2017-04-20,225,5708,5933
481,2017-04-22,168,4091,4259
481,2017-04-23,69,3393,3462
481,2017-04-24,244,6258,6502
481,2017-04-25,247,6400,6647
481,2017-04-26,243,6395,6638
481,2017-04-27,275,6637,6912
481,2017-04-29,163,4593,4756
481,2017-04-30,61,3857,3918
481,2017-05-01,61,2789,2850
481,2017-05-02,250,6525,6775
481,2017-05-03,306,6098,6404
481,2017-05-04,251,6644,6895
481,2017-05-06,142,4564,4706
481,2017-05-07,73,3563,3636
481,2017-05-08,275,6002,6277
481,2017-05-09,277,6615,6892
481,2017-05-10,272,6505,6777
481,2017-05-11,278,6407,6685
481,2017-05-13,148,4523,4671
481,2017-05-14,66,3604,3670
481,2017-05-15,245,6351,6596
481,2017-05-16,256,6811,7067
481,2017-05-17,281,6708,6989
481,2017-05-18,290,6728,7018
481,2017-05-20,159,4717,4876
481,2017-05-21,71,4029,4100
481,2017-05-22,251,6249,6500
481,2017-05-23,242,6497,6739
481,2017-05-24,239,6541,6780
481,2017-05-25,63,3407,3470
481,2017-05-27,141,4372,4513
481,2017-05-28,93,3483,3576
481,2017-05-29,252,6282,6534
481,2017-05-30,270,6474,6744
481,2017-05-31,264,6671,6935
481,2017-06-01,307,6544,6851
481,2017-06-03,138,4192,4330
481,2017-06-04,72,3352,3424
481,2017-06-05,60,3101,3161
481,2017-06-06,264,5354,5618
481,2017-06-07,266,5929,6195
481,2017-06-08,242,6188,6430
481,2017-06-10,153,4335,4488
481,2017-06-11,60,3611,3671
481,2017-06-12,282,6302,6584
481,2017-06-13,302,6670,6972
481,2017-06-14,249,6721,6970
481,2017-06-15,278,6651,6929
481,2017-06-17,160,4732,4892
481,2017-06-18,111,3629,3740
481,2017-06-19,264,6203,6467
481,2017-06-20,273,6466,6739
481,2017-06-21,264,6319,6583
481,2017-06-22,311,6202,6513
481,2017-06-24,127,4194,4321
481,2017-06-25,66,3237,3303
481,2017-06-26,267,6401,6668
481,2017-06-27,266,5721,5987
481,2017-06-28,198,4566,4764
481,2017-06-29,336,6114,6450
481,2017-07-01,148,4216,4364
481,2017-07-02,70,3270,3340
481,2017-07-03,338,5920,6258
481,2017-07-04,380,6839,7219
481,2017-07-05,359,6694,7053
481,2017-07-06,334,6496,6830
481,2017-07-08,201,4897,5098
481,2017-07-09,118,3420,3538
481,2017-07-10,370,5916,6286
481,2017-07-11,314,6116,6430
481,2017-07-12,300,6252,6552
481,2017-07-13,285,6420,6705
481,2017-07-15,146,4099,4245
481,2017-07-16,73,3458,3531
481,2017-07-17,243,5778,6021
481,2017-07-18,250,5949,6199
481,2017-07-19,256,5972,6228
481,2017-07-20,366,6627,6993
481,2017-07-21,249,5997,6246
481,2017-07-22,148,3926,4074
481,2017-07-23,61,3090,3151
481,2017-07-24,254,5235,5489
481,2017-07-25,236,5553,5789
481,2017-07-26,218,5715,5933
481,2017-07-27,270,5194,5464
481,2017-07-28,225,5327,5552
481,2017-07-29,116,3738,3854
481,2017-07-30,73,2857,2930
481,2017-07-31,196,4954,5150
481,2017-08-01,228,4772,5000
481,2017-08-02,203,5054,5257
481,2017-08-03,209,5061,5270
481,2017-08-04,196,4850,5046
481,2017-08-05,132,3327,3459
481,2017-08-06,58,2989,3047
481,2017-08-07,198,4711,4909
481,2017-08-08,207,4604,4811
481,2017-08-09,199,4808,5007
481,2017-08-10,197,4535,4732
481,2017-08-11,229,4789,5018
481,2017-08-12,193,3184,3377
481,2017-08-13,80,2710,2790
481,2017-08-14,182,3890,4072
481,2017-08-15,59,3011,3070
481,2017-08-16,187,4731,4918
481,2017-08-18,206,4474,4680
481,2017-08-19,112,3240,3352
481,2017-08-20,52,2722,2774
481,2017-08-21,206,4818,5024
481,2017-08-22,212,5092,5304
481,2017-08-23,217,5286,5503
481,2017-08-25,224,4926,5150
481,2017-08-26,249,7836,8085
481,2017-08-27,154,6136,6290
481,2017-08-28,322,5295,5617
481,2017-08-29,364,5794,6158
481,2017-08-30,322,5544,5866
481,2017-09-01,268,5511,5779
481,2017-09-02,147,3845,3992
481,2017-09-03,77,3585,3662
481,2017-09-04,318,5539,5857
481,2017-09-05,346,5909,6255
481,2017-09-06,341,5911,6252
481,2017-09-08,319,5777,6096
481,2017-09-09,168,3766,3934
481,2017-09-10,98,3419,3517
481,2017-09-11,357,5674,6031
481,2017-09-12,410,6008,6418
481,2017-09-13,376,5640,6016
481,2017-09-15,394,5982,6376
481,2017-09-16,186,4324,4510
481,2017-09-17,106,3451,3557
481,2017-09-18,311,5973,6284
481,2017-09-19,379,6175,6554
481,2017-09-20,323,6108,6431
481,2017-09-22,331,6201,6532
481,2017-09-23,160,4597,4757
481,2017-09-24,82,3483,3565
481,2017-09-25,323,5711,6034
481,2017-09-26,279,6066,6345
481,2017-09-27,260,6100,6360
481,2017-09-29,293,6205,6498
481,2017-09-30,168,4322,4490
481,2017-10-01,64,3581,3645
481,2017-10-02,440,5678,6118
481,2017-10-03,364,6006,6370
481,2017-10-04,395,5874,6269
481,2017-10-05,282,6028,6310
481,2017-10-06,313,6134,6447
481,2017-10-07,148,4156,4304
481,2017-10-08,61,3677,3738
481,2017-10-09,283,5720,6003
481,2017-10-10,263,6004,6267
481,2017-10-11,260,5988,6248
481,2017-10-13,295,6325,6620
481,2017-10-14,132,4476,4608
481,2017-10-15,75,3877,3952
481,2017-10-16,243,6168,6411
481,2017-10-17,270,6321,6591
481,2017-10-18,297,6398,6695
481,2017-10-19,296,6169,6465
481,2017-10-20,300,5888,6188
481,2017-10-21,145,4572,4717
481,2017-10-22,68,3406,3474
481,2017-10-23,311,5884,6195
481,2017-10-24,285,6125,6410
481,2017-10-25,264,6074,6338
481,2017-10-27,251,6199,6450
481,2017-10-28,148,4355,4503
481,2017-10-29,69,3070,3139
481,2017-10-30,221,5354,5575
481,2017-10-31,254,5989,6243
481,2017-11-01,46,3367,3413
481,2017-11-03,228,5522,5750
481,2017-11-04,166,3732,3898
481,2017-11-05,54,2978,3032
481,2017-11-06,254,5814,6068
481,2017-11-07,320,5987,6307
481,2017-11-08,264,6028,6292
481,2017-11-10,288,5832,6120
481,2017-11-11,162,4110,4272
481,2017-11-12,60,2742,2802
481,2017-11-13,244,5876,6120
481,2017-11-14,272,6059,6331
481,2017-11-15,296,6077,6373
481,2017-11-16,269,6284,6553
481,2017-11-17,284,6080,6364
481,2017-11-18,137,4740,4877
481,2017-11-19,50,3374,3424
481,2017-11-20,278,5792,6070
481,2017-11-21,244,6008,6252
481,2017-11-22,281,5930,6211
481,2017-11-24,286,6068,6354
481,2017-11-25,124,4156,4280
481,2017-11-26,62,3130,3192
481,2017-11-27,276,5438,5714
481,2017-11-28,278,5786,6064
481,2017-11-29,270,5336,5606
481,2017-11-30,280,5672,5952
481,2017-12-01,235,5287,5522
481,2017-12-02,134,3997,4131
481,2017-12-03,47,2853,2900
481,2017-12-04,244,5311,5555
481,2017-12-05,244,5673,5917
481,2017-12-06,262,5550,5812
481,2017-12-08,262,5480,5742
481,2017-12-09,148,4242,4390
481,2017-12-10,82,2178,2260
481,2017-12-11,262,5414,5676
481,2017-12-12,264,5601,5865
481,2017-12-13,226,4900,5126
481,2017-12-14,298,5778,6076
481,2017-12-15,254,5430,5684
481,2017-12-16,118,3806,3924
481,2017-12-17,49,2759,2808
481,2017-12-18,178,4544,4722
481,2017-12-19,210,4678,4888
481,2017-12-20,212,4859,5071
481,2017-12-21,204,4843,5047
481,2017-12-22,207,4912,5119
481,2017-12-23,110,3482,3592
481,2017-12-24,49,2600,2649
481,2017-12-25,31,2170,2201
481,2017-12-26,56,2184,2240
481,2017-12-27,202,3912,4114
481,2017-12-28,178,3984,4162
481,2017-12-29,140,3328,3468
481,2017-12-30,106,3164,3270
481,2017-12-31,48,2568,2616
483,2017-01-01,60,2362,2422
483,2017-01-02,258,4632,4890
483,2017-01-03,298,5870,6168
483,2017-01-05,351,6116,6467
483,2017-01-06,348,6194,6542
483,2017-01-07,188,3506,3694
483,2017-01-08,54,2593,2647
483,2017-01-09,344,6794,7138
483,2017-01-10,355,7005,7360
483,2017-01-11,270,6216,6486
483,2017-01-12,308,6262,6570
483,2017-01-13,435,7442,7877
483,2017-01-14,207,4146,4353
483,2017-01-15,59,2952,3011
483,2017-01-16,472,7260,7732
483,2017-01-17,499,7531,8030
483,2017-01-19,531,7445,7976
483,2017-01-20,499,7833,8332
483,2017-01-21,198,4514,4712
483,2017-01-22,60,3221,3281
483,2017-01-23,498,7303,7801
483,2017-01-24,370,6534,6904
483,2017-01-26,538,7427,7965
483,2017-01-27,517,7618,8135
483,2017-01-28,176,3240,3416
483,2017-01-29,65,3149,3214
483,2017-01-30,515,7375,7890
483,2017-01-31,536,7675,8211
483,2017-02-02,561,7800,8361
483,2017-02-03,612,7847,8459
483,2017-02-04,195,4143,4338
483,2017-02-05,57,3112,3169
483,2017-02-06,564,7562,8126
483,2017-02-07,508,7720,8228
483,2017-02-09,617,7836,8453
483,2017-02-10,670,7840,8510
483,2017-02-11,221,4201,4422
483,2017-02-12,58,3261,3319
483,2017-02-13,599,7260,7859
483,2017-02-14,675,7814,8489
483,2017-02-16,514,7154,7668
483,2017-02-17,398,6510,6908
483,2017-02-18,180,3448,3628
483,2017-02-19,82,3734,3816
483,2017-02-20,609,6792,7401
483,2017-02-21,570,7159,7729
483,2017-02-23,466,6256,6722
483,2017-02-24,458,6208,6666
483,2017-02-25,250,4399,4649
483,2017-02-26,61,3482,3543
483,2017-02-27,464,6192,6656
483,2017-02-28,534,7024,7558
483,2017-03-02,660,8152,8812
483,2017-03-03,689,8117,8806
483,2017-03-04,260,4786,5046
483,2017-03-05,99,3141,3240
483,2017-03-06,727,7812,8539
483,2017-03-07,494,7194,7688
483,2017-03-09,698,8830,9528
483,2017-03-10,788,9652,10440
483,2017-03-11,281,4956,5237
483,2017-03-12,78,4126,4204
483,2017-03-13,834,8592,9426
483,2017-03-16,720,8277,8997
483,2017-03-17,806,8665,9471
483,2017-03-18,235,5940,6175
483,2017-03-19,58,4123,4181
483,2017-03-20,744,8046,8790
483,2017-03-21,560,7762,8322
483,2017-03-23,766,8042,8808
483,2017-03-24,726,8026,8752
483,2017-03-25,291,5177,5468
483,2017-03-27,681,7723,8404
483,2017-03-28,739,8220,8959
483,2017-03-30,733,8358,9091
483,2017-03-31,767,8254,9021
483,2017-04-01,260,5039,5299
483,2017-04-02,70,4329,4399
483,2017-04-03,703,8211,8914
483,2017-04-04,657,8541,9198
483,2017-04-06,500,7342,7842
483,2017-04-07,744,9019,9763
483,2017-04-08,454,7862,8316
483,2017-04-09,118,5500,5618
483,2017-04-10,578,7567,8145
483,2017-04-11,682,7724,8406
483,2017-04-13,611,7742,8353
483,2017-04-14,549,7242,7791
483,2017-04-15,182,3330,3512
483,2017-04-16,66,3259,3325
483,2017-04-17,52,2458,2510
483,2017-04-18,424,6146,6570
483,2017-04-20,528,7732,8260
483,2017-04-21,546,7727,8273
483,2017-04-22,291,4701,4992
483,2017-04-23,81,3893,3974
483,2017-04-24,570,7832,8402
483,2017-04-25,460,7624,8084
483,2017-04-27,692,8392,9084
483,2017-04-28,811,8455,9266
483,2017-04-29,269,5518,5787
483,2017-04-30,94,4699,4793
483,2017-05-01,71,3285,3356
483,2017-05-02,627,8479,9106
483,2017-05-04,675,8258,8933
483,2017-05-05,702,8446,9148
483,2017-05-06,268,4925,5193
483,2017-05-07,80,3664,3744
483,2017-05-08,670,7719,8389
483,2017-05-09,656,8140,8796
483,2017-05-11,560,7986,8546
483,2017-05-12,516,7402,7918
483,2017-05-13,236,4256,4492
483,2017-05-14,99,4176,4275
483,2017-05-15,591,8167,8758
483,2017-05-16,590,8618,9208
483,2017-05-17,630,8337,8967
483,2017-05-19,396,8028,8424
483,2017-05-20,251,4653,4904
483,2017-05-21,81,4194,4275
483,2017-05-22,551,7826,8377
483,2017-05-23,603,8297,8900
483,2017-05-24,637,8569,9206
483,2017-05-26,486,6664,7150
483,2017-05-27,237,5090,5327
483,2017-05-28,88,3794,3882
483,2017-05-29,576,7919,8495
483,2017-05-30,607,8256,8863
483,2017-05-31,667,8498,9165
483,2017-06-02,536,7420,7956
483,2017-06-03,269,4795,5064
483,2017-06-04,58,3082,3140
483,2017-06-05,99,4312,4411
483,2017-06-06,376,7002,7378
483,2017-06-07,602,7722,8324
483,2017-06-09,440,6640,7080
483,2017-06-10,266,5005,5271
483,2017-06-11,87,4512,4599
483,2017-06-12,687,8178,8865
483,2017-06-13,510,7588,8098
483,2017-06-14,597,8356,8953
483,2017-06-16,786,10114,10900
483,2017-06-17,303,5563,5866
483,2017-06-18,139,5141,5280
483,2017-06-19,804,8718,9522
483,2017-06-20,602,8231,8833
483,2017-06-21,734,8798,9532
483,2017-06-23,127,4366,4493
483,2017-06-24,219,4435,4654
483,2017-06-25,92,3627,3719
483,2017-06-26,608,7881,8489
483,2017-06-27,448,7298,7746
483,2017-06-28,448,7270,7718
483,2017-06-30,470,7304,7774
483,2017-07-01,174,3984,4158
483,2017-07-02,88,4234,4322
483,2017-07-03,482,7076,7558
483,2017-07-04,507,7598,8105
483,2017-07-05,648,8547,9195
483,2017-07-07,526,7292,7818
483,2017-07-08,318,5639,5957
483,2017-07-09,70,3210,3280
483,2017-07-10,488,6382,6870
483,2017-07-12,452,6824,7276
483,2017-07-14,466,6770,7236
483,2017-07-15,242,5068,5310
483,2017-07-16,109,4150,4259
483,2017-07-17,648,7507,8155
483,2017-07-18,693,7697,8390
483,2017-07-19,635,7342,7977
483,2017-07-21,594,7847,8441
483,2017-07-22,240,3852,4092
483,2017-07-23,107,4005,4112
483,2017-07-24,328,5752,6080
483,2017-07-25,394,6120,6514
483,2017-07-26,541,6964,7505
483,2017-07-27,308,5734,6042
483,2017-07-28,412,7164,7576
483,2017-07-29,221,4345,4566
483,2017-07-30,81,3692,3773
483,2017-07-31,250,4872,5122
483,2017-08-01,216,4848,5064
483,2017-08-02,366,5922,6288
483,2017-08-03,332,5611,5943
483,2017-08-04,361,6194,6555
483,2017-08-05,223,3893,4116
483,2017-08-06,93,3785,3878
483,2017-08-07,339,5456,5795
483,2017-08-08,306,5257,5563
483,2017-08-09,380,5308,5688
483,2017-08-10,347,5201,5548
483,2017-08-11,228,4358,4586
483,2017-08-12,216,3509,3725
483,2017-08-13,77,3538,3615
483,2017-08-14,334,4662,4996
483,2017-08-15,60,2480,2540
483,2017-08-16,368,5097,5465
483,2017-08-17,361,5593,5954
483,2017-08-19,188,2960,3148
483,2017-08-20,74,3346,3420
483,2017-08-21,405,5685,6090
483,2017-08-22,445,6143,6588
483,2017-08-23,419,6257,6676
483,2017-08-24,460,6233,6693
483,2017-08-26,170,3612,3782
483,2017-08-27,109,3884,3993
483,2017-08-28,620,6374,6994
483,2017-08-29,646,6617,7263
483,2017-08-30,404,5616,6020
483,2017-08-31,448,6028,6476
483,2017-09-02,186,3160,3346
483,2017-09-03,98,3320,3418
483,2017-09-05,584,6764,7348
483,2017-09-06,530,6556,7086
483,2017-09-07,601,6829,7430
483,2017-09-09,222,2962,3184
483,2017-09-10,97,3389,3486
483,2017-09-11,559,6975,7534
483,2017-09-12,488,6756,7244
483,2017-09-13,468,6578,7046
483,2017-09-14,446,6666,7112
483,2017-09-16,664,6667,7331
483,2017-09-17,117,4198,4315
483,2017-09-18,607,7343,7950
483,2017-09-19,661,7147,7808
483,2017-09-20,666,6613,7279
483,2017-09-21,644,7257,7901
483,2017-09-22,633,7093,7726
483,2017-09-23,238,4621,4859
483,2017-09-24,74,3929,4003
483,2017-09-25,554,6414,6968
483,2017-09-26,750,7976,8726
483,2017-09-27,825,7258,8083
483,2017-09-28,627,7469,8096
483,2017-09-30,242,4488,4730
483,2017-10-01,101,4603,4704
483,2017-10-02,540,6488,7028
483,2017-10-03,548,6898,7446
483,2017-10-04,706,7534,8240
483,2017-10-05,648,7185,7833
483,2017-10-06,673,7691,8364
483,2017-10-07,265,5040,5305
483,2017-10-08,91,3675,3766
483,2017-10-09,400,5566,5966
483,2017-10-10,711,7346,8057
483,2017-10-11,726,7104,7830
483,2017-10-12,751,7333,8084
483,2017-10-14,247,5197,5444
483,2017-10-15,102,4793,4895
483,2017-10-16,854,7734,8588
483,2017-10-17,790,7990,8780
483,2017-10-18,820,7836,8656
483,2017-10-19,746,8063,8809
483,2017-10-21,346,4996,5342
483,2017-10-22,50,2710,2760
483,2017-10-23,542,6208,6750
483,2017-10-24,587,7360,7947
483,2017-10-25,560,6963,7523
483,2017-10-26,498,6758,7256
483,2017-10-28,274,4640,4914
483,2017-10-29,87,3393,3480
483,2017-10-30,687,7367,8054
483,2017-10-31,620,7488,8108
483,2017-11-01,78,3541,3619
483,2017-11-02,650,6645,7295
483,2017-11-04,261,4332,4593
483,2017-11-05,54,2562,2616
483,2017-11-06,464,6596,7060
483,2017-11-07,672,7596,8268
483,2017-11-08,627,7004,7631
483,2017-11-09,548,7473,8021
483,2017-11-11,185,4289,4474
483,2017-11-12,46,2380,2426
483,2017-11-13,511,6620,7131
483,2017-11-14,480,6938,7418
483,2017-11-15,574,6628,7202
483,2017-11-16,460,6780,7240
483,2017-11-17,543,7320,7863
483,2017-11-18,242,4318,4560
483,2017-11-19,67,3331,3398
483,2017-11-20,474,6372,6846
483,2017-11-22,629,6981,7610
483,2017-11-23,510,6768,7278
483,2017-11-25,240,4227,4467
483,2017-11-26,63,3033,3096
483,2017-11-27,492,6128,6620
483,2017-11-29,569,6915,7484
483,2017-11-30,434,6424,6858
483,2017-12-01,686,7110,7796
483,2017-12-02,249,4318,4567
483,2017-12-03,59,2762,2821
483,2017-12-04,520,6530,7050
483,2017-12-05,752,7902,8654
483,2017-12-06,587,6870,7457
483,2017-12-07,611,7358,7969
483,2017-12-09,217,4155,4372
483,2017-12-10,82,2022,2104
483,2017-12-11,446,5129,5575
483,2017-12-12,514,6982,7496
483,2017-12-13,370,5954,6324
483,2017-12-14,382,6534,6916
483,2017-12-15,461,7268,7729
483,2017-12-16,188,4166,4354
483,2017-12-17,65,2919,2984
483,2017-12-18,328,6200,6528
483,2017-12-19,244,5842,6086
483,2017-12-20,325,6353,6678
483,2017-12-21,319,6280,6599
483,2017-12-22,324,6384,6708
483,2017-12-23,201,3883,4084
483,2017-12-24,44,2517,2561
483,2017-12-25,43,2312,2355
483,2017-12-26,38,1878,1916
483,2017-12-27,303,4272,4575
483,2017-12-28,284,4627,4911
483,2017-12-29,194,3444,3638
483,2017-12-30,150,2756,2906
483,2017-12-31,51,2523,2574
484,2017-01-01,13,1589,1602
484,2017-01-02,133,2760,2893
484,2017-01-03,138,3493,3631
484,2017-01-04,185,3492,3677
484,2017-01-06,161,3716,3877
484,2017-01-07,90,2247,2337
484,2017-01-08,17,1746,1763
484,2017-01-09,188,4081,4269
484,2017-01-10,196,3756,3952
484,2017-01-11,216,4275,4491
484,2017-01-12,212,3838,4050
484,2017-01-14,109,2855,2964
484,2017-01-15,38,2204,2242
484,2017-01-16,298,4467,4765
484,2017-01-17,264,4368,4632
484,2017-01-18,275,4383,4658
484,2017-01-19,310,4644,4954
484,2017-01-21,82,3072,3154
484,2017-01-22,21,2176,2197
484,2017-01-23,252,4488,4740
484,2017-01-24,343,4402,4745
484,2017-01-25,374,4259,4633
484,2017-01-26,271,4709,4980
484,2017-01-28,86,2600,2686
484,2017-01-29,20,2301,2321
484,2017-01-30,214,3944,4158
484,2017-01-31,290,4726,5016
484,2017-02-01,255,4736,4991
484,2017-02-02,364,4736,5100
484,2017-02-04,72,2778,2850
484,2017-02-05,16,1946,1962
484,2017-02-06,358,4537,4895
484,2017-02-07,240,4234,4474
484,2017-02-08,385,4801,5186
484,2017-02-09,349,5179,5528
484,2017-02-11,94,2560,2654
484,2017-02-12,17,2373,2390
484,2017-02-13,266,4170,4436
484,2017-02-15,920,5819,6739
484,2017-02-16,510,4933,5443
484,2017-02-18,97,3251,3348
484,2017-02-19,25,2773,2798
484,2017-02-20,251,4197,4448
484,2017-02-21,316,4364,4680
484,2017-02-22,401,4320,4721
484,2017-02-23,360,4724,5084
484,2017-02-25,109,3105,3214
484,2017-02-26,19,2629,2648
484,2017-02-28,294,4244,4538
484,2017-03-01,373,4675,5048
484,2017-03-02,360,4963,5323
484,2017-03-04,100,3168,3268
484,2017-03-05,36,2144,2180
484,2017-03-06,394,4741,5135
484,2017-03-07,400,4987,5387
484,2017-03-08,316,4562,4878
484,2017-03-09,330,4622,4952
484,2017-03-11,161,3880,4041
484,2017-03-12,48,3438,3486
484,2017-03-13,444,5046,5490
484,2017-03-14,348,5412,5760
484,2017-03-15,368,5122,5490
484,2017-03-16,409,5588,5997
484,2017-03-18,209,4132,4341
484,2017-03-19,68,3141,3209
484,2017-03-20,497,5068,5565
484,2017-03-21,546,5572,6118
484,2017-03-22,564,4708,5272
484,2017-03-23,427,5278,5705
484,2017-03-25,131,4218,4349
484,2017-03-27,449,5018,5467
484,2017-03-28,580,5850,6430
484,2017-03-29,634,5646,6280
484,2017-03-30,449,5590,6039
484,2017-04-01,109,4167,4276
484,2017-04-02,49,4015,4064
484,2017-04-03,489,5377,5866
484,2017-04-04,444,5856,6300
484,2017-04-05,521,5345,5866
484,2017-04-06,438,5230,5668
484,2017-04-08,265,8261,8526
484,2017-04-09,62,6367,6429
484,2017-04-10,493,5967,6460
484,2017-04-11,478,5898,6376
484,2017-04-12,415,6182,6597
484,2017-04-13,433,5793,6226
484,2017-04-15,98,3632,3730
484,2017-04-16,38,3186,3224
484,2017-04-17,27,2226,2253
484,2017-04-18,311,4948,5259
484,2017-04-19,353,4921,5274
484,2017-04-20,335,5701,6036
484,2017-04-22,166,3967,4133
484,2017-04-23,26,3445,3471
484,2017-04-24,400,4877,5277
484,2017-04-25,504,5580,6084
484,2017-04-27,381,5227,5608
484,2017-04-29,149,4165,4314
484,2017-04-30,35,4488,4523
484,2017-05-01,23,2791,2814
484,2017-05-02,419,5163,5582
484,2017-05-03,368,5127,5495
484,2017-05-04,447,5309,5756
484,2017-05-06,131,3839,3970
484,2017-05-07,70,2822,2892
484,2017-05-08,399,4965,5364
484,2017-05-09,500,5704,6204
484,2017-05-10,351,5615,5966
484,2017-05-11,355,5521,5876
484,2017-05-13,156,4258,4414
484,2017-05-14,42,3676,3718
484,2017-05-15,426,5266,5692
484,2017-05-16,404,5727,6131
484,2017-05-17,427,5586,6013
484,2017-05-18,390,5193,5583
484,2017-05-20,8,129,137
484,2017-05-21,11,98,109
484,2017-05-22,293,5161,5454
484,2017-05-23,330,5585,5915
484,2017-05-24,397,5893,6290
484,2017-05-25,64,4353,4417
484,2017-05-27,111,4569,4680
484,2017-05-28,48,3645,3693
484,2017-05-29,371,4924,5295
484,2017-05-30,334,5261,5595
484,2017-05-31,349,5515,5864
484,2017-06-01,422,5620,6042
484,2017-06-03,126,3706,3832
484,2017-06-04,28,3115,3143
484,2017-06-05,43,3761,3804
484,2017-06-10,152,4727,4879
484,2017-06-11,82,4689,4771
484,2017-06-12,556,5034,5590
484,2017-06-13,437,5518,5955
484,2017-06-14,499,5493,5992
484,2017-06-15,377,6024,6401
484,2017-06-17,188,5369,5557
484,2017-06-18,167,5484,5651
484,2017-06-19,517,5265,5782
484,2017-06-20,427,5231,5658
484,2017-06-21,540,5120,5660
484,2017-06-22,496,5340,5836
484,2017-06-24,115,3599,3714
484,2017-06-25,45,2959,3004
484,2017-06-26,396,5146,5542
484,2017-06-27,238,4790,5028
484,2017-06-28,370,4526,4896
484,2017-06-29,434,4728,5162
484,2017-07-01,110,3280,3390
484,2017-07-02,39,3254,3293
484,2017-07-03,349,5110,5459
484,2017-07-04,353,5597,5950
484,2017-07-05,379,5666,6045
484,2017-07-08,145,5036,5181
484,2017-07-13,316,5254,5570
484,2017-07-15,131,4170,4301
484,2017-07-16,36,3452,3488
484,2017-07-17,308,4901,5209
484,2017-07-18,398,5412,5810
484,2017-07-19,408,5181,5589
484,2017-07-20,379,4903,5282
484,2017-07-21,391,5568,5959
484,2017-07-22,139,3914,4053
484,2017-07-23,63,3289,3352
484,2017-07-24,248,4411,4659
484,2017-07-25,267,4517,4784
484,2017-07-26,258,5090,5348
484,2017-07-27,243,4533,4776
484,2017-07-28,232,5188,5420
484,2017-07-29,107,3512,3619
484,2017-07-30,30,2835,2865
484,2017-07-31,208,4116,4324
484,2017-08-02,217,3853,4070
484,2017-08-03,181,3617,3798
484,2017-08-04,208,3996,4204
484,2017-08-05,104,2695,2799
484,2017-08-06,50,2969,3019
484,2017-08-07,163,3515,3678
484,2017-08-08,138,2822,2960
484,2017-08-09,195,3406,3601
484,2017-08-10,155,3164,3319
484,2017-08-11,175,3228,3403
484,2017-08-12,115,2422,2537
484,2017-08-13,36,2702,2738
484,2017-08-14,163,3214,3377
484,2017-08-15,70,2422,2492
484,2017-08-16,185,3280,3465
484,2017-08-18,196,3322,3518
484,2017-08-19,99,2649,2748
484,2017-08-20,45,2601,2646
484,2017-08-21,181,3303,3484
484,2017-08-22,250,3842,4092
484,2017-08-23,234,3899,4133
484,2017-08-25,200,3952,4152
484,2017-08-27,31,2688,2719
484,2017-08-28,230,3783,4013
484,2017-08-29,261,4061,4322
484,2017-08-30,248,4052,4300
484,2017-09-01,390,3824,4214
484,2017-09-02,119,2754,2873
484,2017-09-03,39,2487,2526
484,2017-09-04,370,3568,3938
484,2017-09-05,263,3887,4150
484,2017-09-06,304,3841,4145
484,2017-09-08,282,4143,4425
484,2017-09-09,118,2848,2966
484,2017-09-10,33,2542,2575
484,2017-09-11,298,4538,4836
484,2017-09-12,327,4415,4742
484,2017-09-13,308,4154,4462
484,2017-09-15,254,4026,4280
484,2017-09-16,122,3336,3458
484,2017-09-17,34,2592,2626
484,2017-09-18,405,4285,4690
484,2017-09-19,372,4383,4755
484,2017-09-20,344,4291,4635
484,2017-09-22,298,4086,4384
484,2017-09-23,153,3631,3784
484,2017-09-24,37,3200,3237
484,2017-09-25,369,4194,4563
484,2017-09-26,300,4936,5236
484,2017-09-27,316,4842,5158
484,2017-09-29,284,5005,5289
484,2017-09-30,312,5362,5674
484,2017-10-01,50,4423,4473
484,2017-10-02,308,3958,4266
484,2017-10-03,367,4404,4771
484,2017-10-04,522,4530,5052
484,2017-10-05,319,4419,4738
484,2017-10-06,326,4485,4811
484,2017-10-07,128,3786,3914
484,2017-10-08,24,2811,2835
484,2017-10-09,368,4118,4486
484,2017-10-11,369,4342,4711
484,2017-10-13,374,4868,5242
484,2017-10-14,177,5625,5802
484,2017-10-15,44,4847,4891
484,2017-10-16,374,4790,5164
484,2017-10-17,310,4763,5073
484,2017-10-18,327,5326,5653
484,2017-10-19,443,4621,5064
484,2017-10-20,444,5564,6008
484,2017-10-21,175,3995,4170
484,2017-10-22,6,2530,2536
484,2017-10-23,482,4498,4980
484,2017-10-24,267,4536,4803
484,2017-10-25,345,4562,4907
484,2017-10-27,333,4853,5186
484,2017-10-28,121,3577,3698
484,2017-10-29,25,2601,2626
484,2017-10-30,413,5428,5841
484,2017-10-31,496,5006,5502
484,2017-11-01,41,2726,2767
484,2017-11-03,314,4119,4433
484,2017-11-04,145,3090,3235
484,2017-11-05,20,2063,2083
484,2017-11-06,340,4272,4612
484,2017-11-07,415,4592,5007
484,2017-11-08,361,4455,4816
484,2017-11-10,290,4513,4803
484,2017-11-11,93,3126,3219
484,2017-11-13,360,3910,4270
484,2017-11-14,456,4157,4613
484,2017-11-15,349,4275,4624
484,2017-11-16,365,4305,4670
484,2017-11-17,295,4275,4570
484,2017-11-18,104,3089,3193
484,2017-11-19,22,2191,2213
484,2017-11-20,371,4035,4406
484,2017-11-21,316,4048,4364
484,2017-11-22,321,4315,4636
484,2017-11-24,252,4042,4294
484,2017-11-25,95,3014,3109
484,2017-11-26,25,2071,2096
484,2017-11-27,300,3834,4134
484,2017-11-29,291,4249,4540
484,2017-11-30,282,4433,4715
484,2017-12-01,309,4139,4448
484,2017-12-02,147,2891,3038
484,2017-12-03,18,1881,1899
484,2017-12-04,321,3955,4276
484,2017-12-05,322,4393,4715
484,2017-12-06,357,4117,4474
484,2017-12-08,339,4590,4929
484,2017-12-09,95,2661,2756
484,2017-12-10,44,1170,1214
484,2017-12-11,242,3784,4026
484,2017-12-12,321,4454,4775
484,2017-12-13,248,3780,4028
484,2017-12-14,252,3868,4120
484,2017-12-15,250,4164,4414
484,2017-12-16,110,2814,2924
484,2017-12-17,12,1865,1877
484,2017-12-18,172,3363,3535
484,2017-12-19,180,3574,3754
484,2017-12-20,158,3524,3682
484,2017-12-21,193,3666,3859
484,2017-12-22,184,3621,3805
484,2017-12-23,96,2771,2867
484,2017-12-24,25,1820,1845
484,2017-12-25,5,1768,1773
484,2017-12-26,41,1461,1502
484,2017-12-27,124,2328,2452
484,2017-12-28,125,2764,2889
484,2017-12-30,110,2094,2204
484,2017-12-31,13,1708,1721
485,2017-03-24,252,6269,6521
485,2017-03-25,159,5232,5391
485,2017-03-27,273,5873,6146
485,2017-03-28,376,6252,6628
485,2017-03-29,357,6208,6565
485,2017-03-30,356,6474,6830
485,2017-03-31,363,6783,7146
485,2017-04-01,241,5861,6102
485,2017-04-02,77,4449,4526
485,2017-04-03,385,5855,6240
485,2017-04-04,376,6192,6568
485,2017-04-05,362,6225,6587
485,2017-04-06,398,6416,6814
485,2017-04-07,376,6719,7095
485,2017-04-08,228,5873,6101
485,2017-04-09,79,4842,4921
485,2017-04-10,327,5785,6112
485,2017-04-11,352,6115,6467
485,2017-04-12,301,5446,5747
485,2017-04-13,358,5511,5869
485,2017-04-14,325,5751,6076
485,2017-04-15,212,4910,5122
485,2017-04-16,70,3478,3548
485,2017-04-17,72,3062,3134
485,2017-04-18,334,5411,5745
485,2017-04-19,351,5334,5685
485,2017-04-20,259,5930,6189
485,2017-04-21,251,6011,6262
485,2017-04-22,171,5444,5615
485,2017-04-23,64,4120,4184
485,2017-04-24,240,6332,6572
485,2017-04-25,288,6770,7058
485,2017-04-26,230,6196,6426
485,2017-04-27,299,6426,6725
485,2017-04-28,266,6671,6937
485,2017-04-29,194,6054,6248
485,2017-04-30,80,4706,4786
485,2017-05-01,74,3388,3462
485,2017-05-02,389,6208,6597
485,2017-05-03,236,6090,6326
485,2017-05-04,261,6559,6820
485,2017-05-05,218,6660,6878
485,2017-05-06,190,5434,5624
485,2017-05-07,73,4262,4335
485,2017-05-08,245,5941,6186
485,2017-05-09,317,6306,6623
485,2017-05-10,307,6131,6438
485,2017-05-11,273,6438,6711
485,2017-05-12,278,6557,6835
485,2017-05-13,227,6031,6258
485,2017-05-14,74,4666,4740
485,2017-05-15,236,5841,6077
485,2017-05-16,239,6648,6887
485,2017-05-17,331,6172,6503
485,2017-10-22,83,2044,2127
485,2017-10-23,436,4501,4937
485,2017-10-24,445,4884,5329
485,2017-10-25,396,4908,5304
485,2017-10-26,510,5716,6226
485,2017-10-27,552,6326,6878
485,2017-10-28,369,5634,6003
485,2017-10-29,150,3790,3940
485,2017-10-30,668,6651,7319
485,2017-11-01,228,4520,4748
485,2017-11-02,536,5351,5887
485,2017-11-03,497,5442,5939
485,2017-11-04,396,4973,5369
485,2017-11-05,101,2930,3031
485,2017-11-06,524,5243,5767
485,2017-11-07,628,6037,6665
485,2017-11-08,431,4350,4781
485,2017-11-09,646,6515,7161
485,2017-11-10,286,3601,3887
485,2017-11-11,108,1967,2075
485,2017-11-12,89,2571,2660
485,2017-11-13,516,5468,5984
485,2017-11-14,584,6054,6638
485,2017-11-15,467,5585,6052
485,2017-11-16,820,6683,7503
485,2017-11-17,534,6089,6623
485,2017-11-18,410,5574,5984
485,2017-11-19,196,3706,3902
485,2017-11-20,463,4716,5179
485,2017-11-21,351,4584,4935
485,2017-11-22,602,5985,6587
485,2017-11-23,525,5406,5931
485,2017-11-24,273,3597,3870
485,2017-11-25,251,4110,4361
485,2017-11-26,184,4085,4269
485,2017-11-27,313,2890,3203
485,2017-11-28,468,5119,5587
485,2017-11-29,580,5983,6563
485,2017-11-30,640,7263,7903
485,2017-12-01,605,7386,7991
485,2017-12-02,665,7015,7680
485,2017-12-03,378,4480,4858
485,2017-12-04,714,7092,7806
485,2017-12-05,864,7972,8836
485,2017-12-06,910,7891,8801
485,2017-12-07,812,6761,7573
485,2017-12-08,673,8022,8695
485,2017-12-09,704,8115,8819
485,2017-12-10,199,3288,3487
485,2017-12-11,357,5160,5517
485,2017-12-12,827,7820,8647
485,2017-12-13,379,3305,3684
485,2017-12-14,467,5732,6199
485,2017-12-15,277,4539,4816
485,2017-12-16,488,7215,7703
485,2017-12-17,666,6052,6718
485,2017-12-18,372,5504,5876
485,2017-12-19,454,6814,7268
485,2017-12-20,322,5441,5763
485,2017-12-21,429,6703,7132
485,2017-12-22,595,7922,8517
485,2017-12-23,563,8295,8858
485,2017-12-24,275,6043,6318
485,2017-12-25,353,4479,4832
485,2017-12-26,180,3181,3361
485,2017-12-27,290,4938,5228
485,2017-12-28,765,6733,7498
485,2017-12-29,471,3471,3942
485,2017-12-30,212,4409,4621
485,2017-12-31,306,5411,5717
487,2017-01-01,81,4143,4224
487,2017-01-02,253,5453,5706
487,2017-01-03,308,6443,6751
487,2017-01-04,277,6517,6794
487,2017-01-06,291,6924,7215
487,2017-01-07,196,4853,5049
487,2017-01-08,106,4087,4193
487,2017-01-09,335,7806,8141
487,2017-01-10,369,8166,8535
487,2017-01-11,375,8064,8439
487,2017-01-12,404,8329,8733
487,2017-01-14,210,5833,6043
487,2017-01-15,52,4456,4508
487,2017-01-16,194,7856,8050
487,2017-01-17,211,8351,8562
487,2017-01-18,193,8417,8610
487,2017-01-19,198,8462,8660
487,2017-01-21,143,6694,6837
487,2017-01-22,62,4975,5037
487,2017-01-23,203,8285,8488
487,2017-01-24,187,8375,8562
487,2017-01-25,179,8377,8556
487,2017-01-26,204,8742,8946
487,2017-01-28,162,6850,7012
487,2017-01-29,76,5222,5298
487,2017-01-30,174,8402,8576
487,2017-01-31,189,8944,9133
487,2017-02-01,193,8500,8693
487,2017-02-02,241,8930,9171
487,2017-02-04,130,7504,7634
487,2017-02-05,48,5204,5252
487,2017-02-06,226,8774,9000
487,2017-02-07,220,8940,9160
487,2017-02-08,196,8799,8995
487,2017-02-09,226,9221,9447
487,2017-02-11,123,6493,6616
487,2017-02-12,59,5209,5268
487,2017-02-13,222,8499,8721
487,2017-02-14,223,9393,9616
487,2017-02-15,256,8789,9045
487,2017-02-16,240,9204,9444
487,2017-02-18,135,6633,6768
487,2017-02-19,62,5489,5551
487,2017-02-20,192,7688,7880
487,2017-02-21,203,8310,8513
487,2017-02-22,200,7873,8073
487,2017-02-23,194,8230,8424
487,2017-02-25,142,6698,6840
487,2017-02-26,62,5383,5445
487,2017-02-27,202,8524,8726
487,2017-02-28,224,8967,9191
487,2017-03-01,268,8660,8928
487,2017-03-02,262,9483,9745
487,2017-03-04,142,7081,7223
487,2017-03-05,86,5143,5229
487,2017-03-06,290,8918,9208
487,2017-03-07,232,9348,9580
487,2017-03-08,252,8965,9217
487,2017-03-09,250,9360,9610
487,2017-03-11,146,7914,8060
487,2017-03-12,69,6410,6479
487,2017-03-13,279,9229,9508
487,2017-03-14,236,9552,9788
487,2017-03-15,246,9295,9541
487,2017-03-16,289,9904,10193
487,2017-03-18,134,7207,7341
487,2017-03-19,64,5467,5531
487,2017-03-20,287,9245,9532
487,2017-03-21,245,9487,9732
487,2017-03-22,244,9293,9537
487,2017-03-23,270,9793,10063
487,2017-03-25,151,7904,8055
487,2017-03-27,291,9301,9592
487,2017-03-28,265,9760,10025
487,2017-03-29,280,9559,9839
487,2017-03-30,263,9916,10179
487,2017-04-01,157,7960,8117
487,2017-04-02,61,6097,6158
487,2017-04-03,293,9511,9804
487,2017-04-04,235,9704,9939
487,2017-04-05,234,9831,10065
487,2017-04-06,239,9797,10036
487,2017-04-08,204,7453,7657
487,2017-04-09,68,6173,6241
487,2017-04-10,235,8487,8722
487,2017-04-11,336,8772,9108
487,2017-04-12,212,4342,4554
487,2017-04-13,245,3832,4077
487,2017-04-15,326,3017,3343
487,2017-04-16,158,2988,3146
487,2017-04-17,252,3710,3962
487,2017-04-18,256,7280,7536
487,2017-04-19,212,7814,8026
487,2017-04-20,296,8007,8303
487,2017-04-22,315,6730,7045
487,2017-04-23,178,5824,6002
487,2017-04-24,230,9223,9453
487,2017-04-25,241,9431,9672
487,2017-04-26,240,9374,9614
487,2017-04-27,280,9601,9881
487,2017-04-29,204,7482,7686
487,2017-04-30,66,6251,6317
487,2017-05-01,70,5091,5161
487,2017-05-02,256,9334,9590
487,2017-05-03,258,9280,9538
487,2017-05-04,262,9529,9791
487,2017-05-06,153,7267,7420
487,2017-05-07,74,5864,5938
487,2017-05-08,260,8901,9161
487,2017-05-09,260,9653,9913
487,2017-05-10,257,9171,9428
487,2017-05-11,263,9406,9669
487,2017-05-27,308,7242,7550
487,2017-05-28,61,5670,5731
487,2017-05-29,239,9366,9605
487,2017-05-30,239,9568,9807
487,2017-05-31,217,9562,9779
487,2017-06-01,223,9850,10073
487,2017-06-03,378,7632,8010
487,2017-06-04,288,5608,5896
487,2017-06-05,268,5409,5677
487,2017-06-06,302,7980,8282
487,2017-06-07,305,8821,9126
487,2017-06-08,286,8853,9139
487,2017-06-10,230,7585,7815
487,2017-06-11,159,6172,6331
487,2017-06-12,300,9236,9536
487,2017-06-13,302,9718,10020
487,2017-06-14,318,9462,9780
487,2017-06-15,304,8838,9142
487,2017-06-17,251,7598,7849
487,2017-06-18,66,5981,6047
487,2017-06-19,462,9187,9649
487,2017-06-20,423,9424,9847
487,2017-06-21,338,9073,9411
487,2017-06-22,221,9487,9708
487,2017-06-24,142,6975,7117
487,2017-06-25,66,5667,5733
487,2017-06-26,226,8959,9185
487,2017-06-27,202,9006,9208
487,2017-06-28,228,8940,9168
487,2017-06-29,206,9440,9646
487,2017-07-01,245,7082,7327
487,2017-07-02,175,6229,6404
487,2017-07-03,227,6647,6874
487,2017-07-04,293,9500,9793
487,2017-07-05,295,9560,9855
487,2017-07-06,524,9670,10194
487,2017-07-08,406,7483,7889
487,2017-07-09,308,5682,5990
487,2017-07-10,488,9178,9666
487,2017-07-11,178,9404,9582
487,2017-07-12,238,9378,9616
487,2017-07-13,329,9875,10204
487,2017-07-15,427,7763,8190
487,2017-07-16,61,5634,5695
487,2017-07-17,198,8610,8808
487,2017-07-18,234,7974,8208
487,2017-07-19,269,8516,8785
487,2017-07-20,252,8542,8794
487,2017-07-21,288,8602,8890
487,2017-07-22,278,6626,6904
487,2017-07-23,197,5119,5316
487,2017-07-24,262,7918,8180
487,2017-07-25,268,8382,8650
487,2017-07-26,209,8501,8710
487,2017-07-27,262,7862,8124
487,2017-07-28,307,7698,8005
487,2017-07-29,212,5807,6019
487,2017-07-30,145,4766,4911
487,2017-07-31,268,6782,7050
487,2017-08-01,270,6702,6972
487,2017-08-02,278,6905,7183
487,2017-08-03,250,6768,7018
487,2017-08-04,284,6677,6961
487,2017-08-05,137,4630,4767
487,2017-08-06,58,3898,3956
487,2017-08-07,169,5967,6136
487,2017-08-08,153,6007,6160
487,2017-08-09,170,6193,6363
487,2017-08-10,227,6231,6458
487,2017-08-11,158,6268,6426
487,2017-08-12,136,4220,4356
487,2017-08-13,56,3854,3910
487,2017-08-14,234,5452,5686
487,2017-08-15,83,3450,3533
487,2017-08-16,228,6075,6303
487,2017-08-18,278,6096,6374
487,2017-08-19,138,5176,5314
487,2017-08-20,62,4330,4392
487,2017-08-21,216,6495,6711
487,2017-08-22,223,7013,7236
487,2017-08-23,212,7097,7309
487,2017-08-25,224,7208,7432
487,2017-08-26,142,5704,5846
487,2017-08-27,69,4827,4896
487,2017-08-28,157,7537,7694
487,2017-08-29,169,7873,8042
487,2017-08-30,172,7700,7872
487,2017-09-01,210,8045,8255
487,2017-09-02,154,6328,6482
487,2017-09-03,63,4908,4971
487,2017-09-04,194,7688,7882
487,2017-09-05,186,8318,8504
487,2017-09-06,178,7976,8154
487,2017-09-08,162,8142,8304
487,2017-09-09,34,9440,9474
487,2017-09-10,62,6987,7049
487,2017-09-11,220,10537,10757
487,2017-09-12,254,11340,11594
487,2017-09-13,194,9100,9294
487,2017-09-15,242,9460,9702
487,2017-09-16,260,7278,7538
487,2017-09-17,60,5461,5521
487,2017-09-18,272,8779,9051
487,2017-09-19,372,9333,9705
487,2017-09-20,460,8843,9303
487,2017-09-22,408,9363,9771
487,2017-09-23,386,7629,8015
487,2017-09-24,298,5683,5981
487,2017-09-25,467,9016,9483
487,2017-09-26,491,9309,9800
487,2017-09-27,485,9225,9710
487,2017-09-29,444,9749,10193
487,2017-09-30,378,9072,9450
487,2017-10-01,73,6607,6680
487,2017-10-02,337,8998,9335
487,2017-10-03,200,9554,9754
487,2017-10-04,349,9110,9459
487,2017-10-05,344,9290,9634
487,2017-10-06,308,9664,9972
487,2017-10-07,267,7503,7770
487,2017-10-08,70,5946,6016
487,2017-10-09,350,8926,9276
487,2017-10-10,211,9409,9620
487,2017-10-11,368,9284,9652
487,2017-10-13,340,10420,10760
487,2017-10-14,179,11993,12172
487,2017-10-15,79,8213,8292
487,2017-10-16,385,9269,9654
487,2017-10-17,234,9399,9633
487,2017-10-18,339,9364,9703
487,2017-10-19,356,9482,9838
487,2017-10-20,350,9494,9844
487,2017-10-21,161,7088,7249
487,2017-10-22,52,5498,5550
487,2017-10-23,354,8908,9262
487,2017-10-24,326,9239,9565
487,2017-10-25,283,9086,9369
487,2017-10-27,321,9845,10166
487,2017-10-28,170,7881,8051
487,2017-10-29,76,5986,6062
487,2017-10-30,308,8744,9052
487,2017-10-31,348,9639,9987
487,2017-11-01,73,6160,6233
487,2017-11-03,305,8977,9282
487,2017-11-04,166,7027,7193
487,2017-11-05,54,5298,5352
487,2017-11-06,271,9233,9504
487,2017-11-07,341,10033,10374
487,2017-11-08,326,9168,9494
487,2017-11-10,336,9692,10028
487,2017-11-11,250,6909,7159
487,2017-11-12,40,5204,5244
487,2017-11-13,321,8866,9187
487,2017-11-14,300,9639,9939
487,2017-11-15,324,9351,9675
487,2017-11-16,241,9454,9695
487,2017-11-17,325,9833,10158
487,2017-11-18,157,7455,7612
487,2017-11-19,58,5930,5988
487,2017-11-20,271,8940,9211
487,2017-11-21,267,9315,9582
487,2017-11-22,228,9320,9548
487,2017-11-24,260,9404,9664
487,2017-11-25,142,7514,7656
487,2017-11-26,65,5598,5663
487,2017-11-27,307,8702,9009
487,2017-11-28,352,9402,9754
487,2017-11-29,222,9167,9389
487,2017-11-30,352,9246,9598
487,2017-12-01,286,9132,9418
487,2017-12-02,151,7142,7293
487,2017-12-03,63,5267,5330
487,2017-12-04,328,8736,9064
487,2017-12-05,297,9043,9340
487,2017-12-06,315,8830,9145
487,2017-12-07,336,9203,9539
487,2017-12-08,328,8762,9090
487,2017-12-09,143,6806,6949
487,2017-12-10,56,4176,4232
487,2017-12-11,350,8186,8536
487,2017-12-12,239,9313,9552
487,2017-12-13,188,7932,8120
487,2017-12-14,314,9295,9609
487,2017-12-15,260,9332,9592
487,2017-12-16,143,6667,6810
487,2017-12-17,61,5303,5364
487,2017-12-18,231,7399,7630
487,2017-12-19,256,7901,8157
487,2017-12-20,242,7688,7930
487,2017-12-21,220,7903,8123
487,2017-12-22,269,8098,8367
487,2017-12-23,148,6500,6648
487,2017-12-24,55,5393,5448
487,2017-12-25,46,4419,4465
487,2017-12-26,66,4041,4107
487,2017-12-27,157,6205,6362
487,2017-12-29,128,5759,5887
487,2017-12-30,122,5710,5832
487,2017-12-31,63,5108,5171
488,2017-01-01,46,2310,2356
488,2017-01-02,152,3200,3352
488,2017-01-03,179,3789,3968
488,2017-01-04,172,3822,3994
488,2017-01-06,187,4114,4301
488,2017-01-07,129,2805,2934
488,2017-01-08,52,2381,2433
488,2017-01-09,190,4637,4827
488,2017-01-10,199,4766,4965
488,2017-01-11,196,4740,4936
488,2017-01-12,174,4798,4972
488,2017-01-14,137,3330,3467
488,2017-01-15,57,2594,2651
488,2017-01-16,196,4551,4747
488,2017-01-17,206,4867,5073
488,2017-01-18,210,4784,4994
488,2017-01-19,196,4786,4982
488,2017-01-21,187,3902,4089
488,2017-01-22,54,2800,2854
488,2017-01-23,190,4805,4995
488,2017-01-24,185,4723,4908
488,2017-01-25,182,4719,4901
488,2017-01-26,207,4794,5001
488,2017-01-28,200,3665,3865
488,2017-01-29,51,2920,2971
488,2017-01-30,190,4646,4836
488,2017-01-31,184,5038,5222
488,2017-02-01,194,4887,5081
488,2017-02-02,267,5192,5459
488,2017-02-04,138,3716,3854
488,2017-02-05,47,2909,2956
488,2017-02-06,240,4919,5159
488,2017-02-07,208,5055,5263
488,2017-02-08,220,5003,5223
488,2017-02-09,237,5179,5416
488,2017-02-11,136,3563,3699
488,2017-02-12,51,2955,3006
488,2017-02-13,235,4813,5048
488,2017-02-14,231,5166,5397
488,2017-02-15,267,4987,5254
488,2017-02-16,255,5187,5442
488,2017-02-18,139,3565,3704
488,2017-02-19,52,3144,3196
488,2017-02-20,209,4308,4517
488,2017-02-21,220,4800,5020
488,2017-02-22,209,4555,4764
488,2017-02-23,273,4515,4788
488,2017-02-25,146,3615,3761
488,2017-02-26,51,2977,3028
488,2017-02-27,232,4616,4848
488,2017-02-28,222,4988,5210
488,2017-03-01,262,4782,5044
488,2017-03-02,282,5453,5735
488,2017-03-04,156,3955,4111
488,2017-03-05,54,3050,3104
488,2017-03-06,296,5297,5593
488,2017-03-07,246,5401,5647
488,2017-03-08,273,5332,5605
488,2017-03-09,248,5375,5623
488,2017-03-11,161,4376,4537
488,2017-03-12,69,4571,4640
488,2017-03-13,296,5407,5703
488,2017-03-14,246,5607,5853
488,2017-03-15,289,5469,5758
488,2017-03-16,295,5678,5973
488,2017-03-18,125,4046,4171
488,2017-03-19,53,3040,3093
488,2017-03-20,304,5215,5519
488,2017-03-21,235,5489,5724
488,2017-03-22,246,5308,5554
488,2017-03-23,264,5750,6014
488,2017-03-25,179,4288,4467
488,2017-03-27,323,5359,5682
488,2017-03-28,294,5623,5917
488,2017-03-29,313,5621,5934
488,2017-03-30,287,5785,6072
488,2017-04-01,160,4382,4542
488,2017-04-02,52,3513,3565
488,2017-04-03,304,5390,5694
488,2017-04-04,209,5664,5873
488,2017-04-05,295,5701,5996
488,2017-04-06,254,5598,5852
488,2017-04-08,204,4204,4408
488,2017-04-09,51,3452,3503
488,2017-04-10,284,4775,5059
488,2017-04-11,370,4823,5193
488,2017-04-12,303,2887,3190
488,2017-04-13,360,2792,3152
488,2017-04-15,366,2174,2540
488,2017-04-16,193,1756,1949
488,2017-04-17,246,2189,2435
488,2017-04-18,278,4211,4489
488,2017-04-19,270,4454,4724
488,2017-04-20,341,4617,4958
488,2017-04-22,329,3757,4086
488,2017-04-23,177,3316,3493
488,2017-04-24,279,5225,5504
488,2017-04-25,284,5166,5450
488,2017-04-26,298,5298,5596
488,2017-04-27,294,5449,5743
488,2017-04-29,211,4090,4301
488,2017-04-30,57,3480,3537
488,2017-05-01,53,2835,2888
488,2017-05-02,291,5327,5618
488,2017-05-03,280,5416,5696
488,2017-05-04,283,5375,5658
488,2017-05-06,136,4017,4153
488,2017-05-07,53,3255,3308
488,2017-05-08,289,5038,5327
488,2017-05-09,286,5470,5756
488,2017-05-10,308,5235,5543
488,2017-05-11,297,5307,5604
488,2017-05-13,260,4196,4456
488,2017-05-14,187,3290,3477
488,2017-05-15,330,5191,5521
488,2017-05-16,319,5435,5754
488,2017-05-17,274,5517,5791
488,2017-05-18,308,5318,5626
488,2017-05-20,162,4067,4229
488,2017-05-21,62,4047,4109
488,2017-05-22,315,5275,5590
488,2017-05-23,303,5427,5730
488,2017-05-24,334,5577,5911
488,2017-05-25,68,3135,3203
488,2017-05-27,314,3918,4232
488,2017-05-28,53,3186,3239
488,2017-05-29,352,5020,5372
488,2017-05-30,277,5356,5633
488,2017-05-31,272,5380,5652
488,2017-06-01,304,5490,5794
488,2017-06-03,384,4109,4493
488,2017-06-04,280,3010,3290
488,2017-06-05,274,2942,3216
488,2017-06-06,316,5266,5582
488,2017-06-07,328,4886,5214
488,2017-06-08,332,4928,5260
488,2017-06-10,238,4058,4296
488,2017-06-11,172,3475,3647
488,2017-06-12,355,5268,5623
488,2017-06-13,335,5549,5884
488,2017-06-14,375,5492,5867
488,2017-06-15,314,4758,5072
488,2017-06-17,265,3825,4090
488,2017-06-18,54,3187,3241
488,2017-06-19,506,5153,5659
488,2017-06-20,492,5282,5774
488,2017-06-21,395,5197,5592
488,2017-06-22,258,5338,5596
488,2017-06-24,153,3754,3907
488,2017-06-25,52,3135,3187
488,2017-06-26,260,5067,5327
488,2017-06-27,286,5106,5392
488,2017-06-28,316,5104,5420
488,2017-06-29,312,5168,5480
488,2017-07-01,248,3808,4056
488,2017-07-02,186,4882,5068
488,2017-07-03,291,4151,4442
488,2017-07-04,341,5350,5691
488,2017-07-05,350,5445,5795
488,2017-07-06,586,5508,6094
488,2017-07-08,432,3638,4070
488,2017-07-09,292,3080,3372
488,2017-07-10,550,5230,5780
488,2017-07-11,228,5209,5437
488,2017-07-12,274,5218,5492
488,2017-07-13,372,5427,5799
488,2017-07-15,466,4074,4540
488,2017-07-16,53,3157,3210
488,2017-07-17,258,4850,5108
488,2017-07-18,302,4560,4862
488,2017-07-19,304,4745,5049
488,2017-07-20,300,4908,5208
488,2017-07-21,333,4848,5181
488,2017-07-22,279,3342,3621
488,2017-07-23,188,2800,2988
488,2017-07-24,312,4266,4578
488,2017-07-25,305,4575,4880
488,2017-07-26,255,4779,5034
488,2017-07-27,320,4414,4734
488,2017-07-28,326,4314,4640
488,2017-07-29,228,3148,3376
488,2017-07-30,134,2525,2659
488,2017-07-31,309,3757,4066
488,2017-08-01,278,3768,4046
488,2017-08-02,323,3993,4316
488,2017-08-03,315,3800,4115
488,2017-08-04,343,3874,4217
488,2017-08-05,142,2384,2526
488,2017-08-06,45,2281,2326
488,2017-08-07,204,3480,3684
488,2017-08-08,198,3443,3641
488,2017-08-09,211,3550,3761
488,2017-08-10,261,3525,3786
488,2017-08-11,196,3614,3810
488,2017-08-12,136,2877,3013
488,2017-08-13,50,2220,2270
488,2017-08-14,269,3120,3389
488,2017-08-15,52,2059,2111
488,2017-08-16,276,3382,3658
488,2017-08-18,312,3422,3734
488,2017-08-19,141,2677,2818
488,2017-08-20,53,2422,2475
488,2017-08-21,250,3752,4002
488,2017-08-22,217,4081,4298
488,2017-08-23,244,3989,4233
488,2017-08-25,238,4016,4254
488,2017-08-26,141,2957,3098
488,2017-08-27,61,2686,2747
488,2017-08-28,190,4327,4517
488,2017-08-29,179,4464,4643
488,2017-08-30,245,4509,4754
488,2017-09-01,272,4658,4930
488,2017-09-02,195,3345,3540
488,2017-09-03,60,2677,2737
488,2017-09-04,277,4296,4573
488,2017-09-05,253,4665,4918
488,2017-09-06,227,4406,4633
488,2017-09-08,241,4566,4807
488,2017-09-09,158,3794,3952
488,2017-09-10,65,3838,3903
488,2017-09-11,272,4914,5186
488,2017-09-12,360,4952,5312
488,2017-09-13,330,4526,4856
488,2017-09-15,286,5070,5356
488,2017-09-16,260,3778,4038
488,2017-09-17,53,3023,3076
488,2017-09-18,289,4968,5257
488,2017-09-19,372,5229,5601
488,2017-09-20,511,5196,5707
488,2017-09-22,449,5515,5964
488,2017-09-23,403,4084,4487
488,2017-09-24,326,3170,3496
488,2017-09-25,531,5232,5763
488,2017-09-26,548,5467,6015
488,2017-09-27,530,5308,5838
488,2017-09-29,513,5724,6237
488,2017-09-30,375,4448,4823
488,2017-10-01,58,3563,3621
488,2017-10-02,345,5231,5576
488,2017-10-03,236,5531,5767
488,2017-10-04,418,5301,5719
488,2017-10-05,394,5356,5750
488,2017-10-06,344,5473,5817
488,2017-10-07,299,4034,4333
488,2017-10-08,56,3399,3455
488,2017-10-09,373,5228,5601
488,2017-10-10,237,5422,5659
488,2017-10-11,414,5468,5882
488,2017-10-13,379,5717,6096
488,2017-10-14,163,4856,5019
488,2017-10-15,87,5923,6010
488,2017-10-16,440,5356,5796
488,2017-10-17,281,5459,5740
488,2017-10-18,439,5511,5950
488,2017-10-19,431,5546,5977
488,2017-10-20,404,5524,5928
488,2017-10-21,186,3822,4008
488,2017-10-22,71,3088,3159
488,2017-10-23,440,5023,5463
488,2017-10-24,398,5172,5570
488,2017-10-25,346,5263,5609
488,2017-10-27,388,5582,5970
488,2017-10-28,182,4333,4515
488,2017-10-29,63,3511,3574
488,2017-10-30,393,4950,5343
488,2017-10-31,386,5371,5757
488,2017-11-01,60,3435,3495
488,2017-11-03,366,5164,5530
488,2017-11-04,167,3921,4088
488,2017-11-05,57,2925,2982
488,2017-11-06,335,5362,5697
488,2017-11-07,412,5793,6205
488,2017-11-08,387,5457,5844
488,2017-11-10,368,5699,6067
488,2017-11-11,229,3601,3830
488,2017-11-12,48,2823,2871
488,2017-11-13,374,5173,5547
488,2017-11-14,350,5617,5967
488,2017-11-15,394,5386,5780
488,2017-11-16,285,5480,5765
488,2017-11-17,388,5796,6184
488,2017-11-18,173,4052,4225
488,2017-11-19,51,3299,3350
488,2017-11-20,338,5100,5438
488,2017-11-21,342,5274,5616
488,2017-11-22,288,5476,5764
488,2017-11-24,332,5474,5806
488,2017-11-25,156,4071,4227
488,2017-11-26,53,3277,3330
488,2017-11-27,342,5002,5344
488,2017-11-28,414,5364,5778
488,2017-11-29,275,5510,5785
488,2017-11-30,369,5518,5887
488,2017-12-01,275,5388,5663
488,2017-12-02,170,3840,4010
488,2017-12-03,48,3059,3107
488,2017-12-04,357,5097,5454
488,2017-12-05,340,5357,5697
488,2017-12-06,330,5095,5425
488,2017-12-07,372,5106,5478
488,2017-12-08,324,5182,5506
488,2017-12-09,141,3710,3851
488,2017-12-10,54,2450,2504
488,2017-12-11,362,4996,5358
488,2017-12-12,262,5403,5665
488,2017-12-13,268,4476,4744
488,2017-12-14,324,5122,5446
488,2017-12-15,294,5158,5452
488,2017-12-16,148,3633,3781
488,2017-12-17,51,3091,3142
488,2017-12-18,244,4333,4577
488,2017-12-19,288,4559,4847
488,2017-12-20,272,4387,4659
488,2017-12-21,248,4510,4758
488,2017-12-22,280,4594,4874
488,2017-12-23,149,3546,3695
488,2017-12-24,43,3107,3150
488,2017-12-25,36,2580,2616
488,2017-12-26,52,2386,2438
488,2017-12-27,183,3463,3646
488,2017-12-29,160,3386,3546
488,2017-12-30,133,3076,3209
488,2017-12-31,61,2880,2941
490,2017-01-01,8,1239,1247
490,2017-01-02,38,2439,2477
490,2017-01-03,54,2939,2993
490,2017-01-04,58,2962,3020
490,2017-01-06,70,3407,3477
490,2017-01-07,32,1967,1999
490,2017-01-08,20,1579,1599
490,2017-01-09,76,4735,4811
490,2017-01-10,102,4878,4980
490,2017-01-11,80,4823,4903
490,2017-01-12,131,5289,5420
490,2017-01-14,25,2177,2202
490,2017-01-15,12,1786,1798
490,2017-01-16,79,4708,4787
490,2017-01-17,97,4928,5025
490,2017-01-18,116,4984,5100
490,2017-01-19,100,5088,5188
490,2017-01-21,38,2674,2712
490,2017-01-22,6,1824,1830
490,2017-01-23,83,4893,4976
490,2017-01-24,107,5015,5122
490,2017-01-25,115,5025,5140
490,2017-01-26,117,5216,5333
490,2017-01-28,20,2596,2616
490,2017-01-29,23,1937,1960
490,2017-01-30,112,6068,6180
490,2017-01-31,132,5194,5326
490,2017-02-01,85,5083,5168
490,2017-02-02,149,5316,5465
490,2017-02-04,28,2674,2702
490,2017-02-05,15,1951,1966
490,2017-02-06,96,5075,5171
490,2017-02-07,115,5406,5521
490,2017-02-08,126,5161,5287
490,2017-02-09,127,5497,5624
490,2017-02-11,29,2427,2456
490,2017-02-12,15,2096,2111
490,2017-02-13,130,5134,5264
490,2017-02-14,117,5568,5685
490,2017-02-15,108,5289,5397
490,2017-02-16,138,6532,6670
490,2017-02-18,33,2613,2646
490,2017-02-19,13,2038,2051
490,2017-02-20,110,5050,5160
490,2017-02-21,101,5258,5359
490,2017-02-22,111,5001,5112
490,2017-02-25,32,2575,2607
490,2017-02-26,14,2021,2035
490,2017-02-27,82,4672,4754
490,2017-02-28,131,4095,4226
490,2017-03-01,85,4284,4369
490,2017-03-02,88,4508,4596
490,2017-03-04,44,2654,2698
490,2017-03-05,16,2106,2122
490,2017-03-06,118,5280,5398
490,2017-03-07,136,6726,6862
490,2017-03-08,119,5395,5514
490,2017-03-09,92,5787,5879
490,2017-03-11,49,2939,2988
490,2017-03-12,13,2307,2320
490,2017-03-13,130,5300,5430
490,2017-03-14,130,5641,5771
490,2017-03-15,133,5215,5348
490,2017-03-16,152,5562,5714
490,2017-03-18,38,2807,2845
490,2017-03-19,13,2108,2121
490,2017-03-20,118,5111,5229
490,2017-03-21,170,5611,5781
490,2017-03-22,131,5243,5374
490,2017-03-23,144,5867,6011
490,2017-03-25,35,3030,3065
490,2017-03-27,123,5318,5441
490,2017-03-28,214,6822,7036
490,2017-03-29,157,5529,5686
490,2017-03-30,179,6278,6457
490,2017-04-01,77,2914,2991
490,2017-04-02,16,2441,2457
490,2017-04-03,110,4519,4629
490,2017-04-04,151,4804,4955
490,2017-04-05,134,4594,4728
490,2017-04-06,122,5166,5288
490,2017-04-08,46,2941,2987
490,2017-04-09,23,2350,2373
490,2017-04-10,159,4310,4469
490,2017-04-11,140,4433,4573
490,2017-04-12,119,4225,4344
490,2017-04-13,152,4559,4711
490,2017-04-15,47,2746,2793
490,2017-04-16,16,2006,2022
490,2017-04-17,25,2142,2167
490,2017-04-18,108,6494,6602
490,2017-04-19,142,5215,5357
490,2017-04-20,161,5653,5814
490,2017-04-22,39,3041,3080
490,2017-04-23,23,2324,2347
490,2017-04-24,143,5677,5820
490,2017-04-25,146,5824,5970
490,2017-04-26,140,5754,5894
490,2017-04-27,193,6688,6881
490,2017-04-29,81,3319,3400
490,2017-04-30,41,2494,2535
490,2017-05-01,25,2089,2114
490,2017-05-02,136,5930,6066
490,2017-05-03,120,7172,7292
490,2017-05-04,174,7788,7962
490,2017-05-06,41,3081,3122
490,2017-05-07,28,2571,2599
490,2017-05-08,127,5636,5763
490,2017-05-09,148,6257,6405
490,2017-05-10,162,6006,6168
490,2017-05-11,156,6370,6526
490,2017-05-13,62,3188,3250
490,2017-05-14,36,2428,2464
490,2017-05-15,137,5878,6015
490,2017-05-16,149,6456,6605
490,2017-05-17,166,6095,6261
490,2017-05-18,169,6472,6641
490,2017-05-20,64,3269,3333
490,2017-05-21,18,2796,2814
490,2017-05-22,147,5833,5980
490,2017-05-23,134,6258,6392
490,2017-05-24,171,6508,6679
490,2017-05-25,43,3208,3251
490,2017-05-27,63,3187,3250
490,2017-05-28,31,2691,2722
490,2017-05-29,146,6089,6235
490,2017-05-30,166,7484,7650
490,2017-05-31,153,6114,6267
490,2017-06-01,151,6810,6961
490,2017-06-03,65,3218,3283
490,2017-06-04,19,2499,2518
490,2017-06-05,36,2426,2462
490,2017-06-06,134,7068,7202
490,2017-06-07,162,6742,6904
490,2017-06-08,177,6145,6322
490,2017-06-10,51,3267,3318
490,2017-06-11,32,2557,2589
490,2017-06-12,175,5995,6170
490,2017-06-13,155,6371,6526
490,2017-06-14,157,6310,6467
490,2017-06-15,189,6829,7018
490,2017-06-17,96,3303,3399
490,2017-06-18,24,2665,2689
490,2017-06-19,158,6017,6175
490,2017-06-20,165,6393,6558
490,2017-06-21,157,6032,6189
490,2017-06-22,207,6769,6976
490,2017-06-24,58,3055,3113
490,2017-06-25,32,2615,2647
490,2017-06-26,147,5859,6006
490,2017-06-27,154,7582,7736
490,2017-06-28,128,7230,7358
490,2017-06-29,156,7760,7916
490,2017-07-01,53,3142,3195
490,2017-07-02,25,2420,2445
490,2017-07-03,110,5481,5591
490,2017-07-04,137,5433,5570
490,2017-07-05,135,5300,5435
490,2017-07-06,202,6200,6402
490,2017-07-08,61,3226,3287
490,2017-07-09,35,2431,2466
490,2017-07-10,30,2360,2390
490,2017-07-11,124,4870,4994
490,2017-07-12,127,5072,5199
490,2017-07-13,167,5591,5758
490,2017-07-15,66,2940,3006
490,2017-07-16,45,2417,2462
490,2017-07-17,105,4938,5043
490,2017-07-18,129,4979,5108
490,2017-07-19,105,4979,5084
490,2017-07-20,144,6334,6478
490,2017-07-21,155,5303,5458
490,2017-07-22,88,3028,3116
490,2017-07-23,29,2111,2140
490,2017-07-24,144,5608,5752
490,2017-07-25,174,4862,5036
490,2017-07-26,130,4765,4895
490,2017-07-27,132,5484,5616
490,2017-07-28,108,4992,5100
490,2017-07-29,62,2946,3008
490,2017-07-30,40,2229,2269
490,2017-07-31,90,4466,4556
490,2017-08-01,74,4632,4706
490,2017-08-02,75,4094,4169
490,2017-08-03,95,4314,4409
490,2017-08-04,75,4302,4377
490,2017-08-05,49,2750,2799
490,2017-08-06,22,2454,2476
490,2017-08-07,71,3916,3987
490,2017-08-08,74,3763,3837
490,2017-08-09,85,3883,3968
490,2017-08-10,115,4075,4190
490,2017-08-11,91,4229,4320
490,2017-08-12,48,2470,2518
490,2017-08-13,35,2165,2200
490,2017-08-14,63,2886,2949
490,2017-08-15,66,2045,2111
490,2017-08-16,80,3722,3802
490,2017-08-18,78,4145,4223
490,2017-08-19,44,2607,2651
490,2017-08-20,19,2235,2254
490,2017-08-21,101,4073,4174
490,2017-08-22,125,4269,4394
490,2017-08-23,147,4213,4360
490,2017-08-25,148,4462,4610
490,2017-08-26,48,2634,2682
490,2017-08-27,19,2132,2151
490,2017-08-28,132,4462,4594
490,2017-08-29,127,4626,4753
490,2017-08-30,116,5226,5342
490,2017-09-01,142,5410,5552
490,2017-09-02,54,2705,2759
490,2017-09-03,31,2440,2471
490,2017-09-04,164,5179,5343
490,2017-09-05,134,5418,5552
490,2017-09-06,133,5404,5537
490,2017-09-08,133,5350,5483
490,2017-09-09,42,2922,2964
490,2017-09-10,23,2267,2290
490,2017-09-11,134,5551,5685
490,2017-09-12,134,6558,6692
490,2017-09-13,132,6436,6568
490,2017-09-15,96,6640,6736
490,2017-09-16,62,3064,3126
490,2017-09-17,16,2306,2322
490,2017-09-18,98,5684,5782
490,2017-09-19,144,5839,5983
490,2017-09-20,124,5667,5791
490,2017-09-21,143,6221,6364
490,2017-09-22,124,6204,6328
490,2017-09-23,57,3164,3221
490,2017-09-24,34,2573,2607
490,2017-09-25,118,5739,5857
490,2017-09-26,132,6130,6262
490,2017-09-27,124,5480,5604
490,2017-09-28,179,6340,6519
490,2017-09-29,137,6467,6604
490,2017-09-30,48,3134,3182
490,2017-10-01,14,2550,2564
490,2017-10-02,113,6180,6293
490,2017-10-03,156,7678,7834
490,2017-10-04,153,5990,6143
490,2017-10-05,142,6571,6713
490,2017-10-06,150,6258,6408
490,2017-10-07,43,3174,3217
490,2017-10-08,20,2424,2444
490,2017-10-09,107,6059,6166
490,2017-10-10,142,6450,6592
490,2017-10-11,138,6113,6251
490,2017-10-13,172,7043,7215
490,2017-10-14,64,3204,3268
490,2017-10-15,27,2716,2743
490,2017-10-16,138,6038,6176
490,2017-10-17,174,6519,6693
490,2017-10-18,150,6072,6222
490,2017-10-19,187,6585,6772
490,2017-10-20,135,6358,6493
490,2017-10-21,33,2989,3022
490,2017-10-22,21,2351,2372
490,2017-10-23,117,5985,6102
490,2017-10-24,91,6433,6524
490,2017-10-25,108,5946,6054
490,2017-10-27,152,6307,6459
490,2017-10-28,43,3055,3098
490,2017-10-29,16,2204,2220
490,2017-10-30,110,4478,4588
490,2017-10-31,93,4547,4640
490,2017-11-01,27,2350,2377
490,2017-11-03,80,4157,4237
490,2017-11-04,61,2859,2920
490,2017-11-05,15,2341,2356
490,2017-11-06,108,5966,6074
490,2017-11-07,118,6372,6490
490,2017-11-08,123,6078,6201
490,2017-11-10,128,6407,6535
490,2017-11-11,22,2767,2789
490,2017-11-12,6,2234,2240
490,2017-11-13,143,5791,5934
490,2017-11-14,133,6087,6220
490,2017-11-15,121,5791,5912
490,2017-11-16,137,6228,6365
490,2017-11-17,122,6265,6387
490,2017-11-18,45,3003,3048
490,2017-11-19,14,2251,2265
490,2017-11-20,122,5780,5902
490,2017-11-21,97,6045,6142
490,2017-11-22,125,5901,6026
490,2017-11-24,133,6689,6822
490,2017-11-25,38,3016,3054
490,2017-11-26,9,2224,2233
490,2017-11-27,139,5692,5831
490,2017-11-28,102,7328,7430
490,2017-11-29,96,5509,5605
490,2017-11-30,114,6149,6263
490,2017-12-01,130,6545,6675
490,2017-12-02,42,2883,2925
490,2017-12-03,15,1915,1930
490,2017-12-04,93,5806,5899
490,2017-12-05,103,6110,6213
490,2017-12-06,133,5828,5961
490,2017-12-07,124,7352,7476
490,2017-12-08,146,6047,6193
490,2017-12-09,40,2793,2833
490,2017-12-10,24,1468,1492
490,2017-12-11,98,6980,7078
490,2017-12-12,85,5852,5937
490,2017-12-13,86,5558,5644
490,2017-12-14,118,6944,7062
490,2017-12-15,113,5636,5749
490,2017-12-16,27,2955,2982
490,2017-12-17,14,2102,2116
490,2017-12-18,84,4911,4995
490,2017-12-19,94,5664,5758
490,2017-12-20,79,4830,4909
490,2017-12-21,89,5156,5245
490,2017-12-22,91,4857,4948
490,2017-12-23,26,2693,2719
490,2017-12-24,8,1769,1777
490,2017-12-25,10,1372,1382
490,2017-12-26,22,1994,2016
490,2017-12-27,42,3002,3044
490,2017-12-29,64,2561,2625
490,2017-12-30,64,2549,2613
490,2017-12-31,19,1836,1855
492,2017-01-01,30,1777,1807
492,2017-01-02,154,2656,2810
492,2017-01-03,193,3226,3419
492,2017-01-04,177,3159,3336
492,2017-01-05,203,3225,3428
492,2017-01-06,190,3506,3696
492,2017-01-07,124,2630,2754
492,2017-01-08,31,2028,2059
492,2017-01-09,207,3573,3780
492,2017-01-10,216,3733,3949
492,2017-01-11,204,3855,4059
492,2017-01-12,232,4108,4340
492,2017-01-13,203,3757,3960
492,2017-01-14,143,2927,3070
492,2017-01-15,51,2439,2490
492,2017-01-16,290,3910,4200
492,2017-01-17,304,4162,4466
492,2017-01-18,357,4113,4470
492,2017-01-19,400,4316,4716
492,2017-01-20,399,4369,4768
492,2017-01-21,166,3409,3575
492,2017-01-22,32,2608,2640
492,2017-01-23,410,4012,4422
492,2017-01-24,338,4162,4500
492,2017-01-25,307,2971,3278
492,2017-01-26,325,4419,4744
492,2017-01-27,318,4384,4702
492,2017-01-28,144,3222,3366
492,2017-01-29,37,2580,2617
492,2017-01-30,327,4105,4432
492,2017-01-31,427,4256,4683
492,2017-02-01,330,4239,4569
492,2017-02-02,393,4421,4814
492,2017-02-03,394,4552,4946
492,2017-02-04,126,3390,3516
492,2017-02-05,30,2530,2560
492,2017-02-06,374,4181,4555
492,2017-02-07,383,4468,4851
492,2017-02-08,377,4384,4761
492,2017-02-09,368,4501,4869
492,2017-02-10,396,4598,4994
492,2017-02-11,159,3310,3469
492,2017-02-12,46,2752,2798
492,2017-02-13,380,4257,4637
492,2017-02-14,384,4535,4919
492,2017-02-15,395,4543,4938
492,2017-02-16,363,4515,4878
492,2017-02-17,394,4601,4995
492,2017-02-18,160,3377,3537
492,2017-02-19,39,2768,2807
492,2017-02-20,375,3438,3813
492,2017-02-21,375,3492,3867
492,2017-02-22,418,3452,3870
492,2017-02-23,401,3312,3713
492,2017-02-24,373,3720,4093
492,2017-02-25,153,3280,3433
492,2017-02-26,44,2940,2984
492,2017-02-27,257,3762,4019
492,2017-02-28,373,4128,4501
492,2017-03-01,354,4342,4696
492,2017-03-02,379,4690,5069
492,2017-03-03,382,4650,5032
492,2017-03-04,149,3622,3771
492,2017-03-05,34,2599,2633
492,2017-03-06,399,4270,4669
492,2017-03-07,407,4502,4909
492,2017-03-08,384,4464,4848
492,2017-03-09,395,4655,5050
492,2017-03-10,384,4669,5053
492,2017-03-11,179,3884,4063
492,2017-03-12,44,3498,3542
492,2017-03-13,400,4164,4564
492,2017-03-14,366,4577,4943
492,2017-03-15,392,4376,4768
492,2017-03-16,397,4770,5167
492,2017-03-17,381,4510,4891
492,2017-03-18,142,3594,3736
492,2017-03-19,31,2689,2720
492,2017-03-20,377,4193,4570
492,2017-03-21,403,4320,4723
492,2017-03-22,374,4479,4853
492,2017-03-23,418,4597,5015
492,2017-03-24,434,4750,5184
492,2017-03-25,192,4231,4423
492,2017-03-27,399,5007,5406
492,2017-03-28,472,5497,5969
492,2017-03-29,419,5386,5805
492,2017-03-30,445,5359,5804
492,2017-03-31,360,5002,5362
492,2017-04-01,204,3970,4174
492,2017-04-02,42,3639,3681
492,2017-04-03,352,4557,4909
492,2017-04-04,418,4879,5297
492,2017-04-05,399,4990,5389
492,2017-04-06,377,5013,5390
492,2017-04-07,339,5225,5564
492,2017-04-08,169,4512,4681
492,2017-04-09,50,4205,4255
492,2017-04-10,409,4401,4810
492,2017-04-11,392,4727,5119
492,2017-04-12,385,4715,5100
492,2017-04-13,371,4822,5193
492,2017-04-14,375,4809,5184
492,2017-04-15,150,3655,3805
492,2017-04-16,46,2978,3024
492,2017-04-17,81,2622,2703
492,2017-04-18,349,4085,4434
492,2017-04-19,372,4083,4455
492,2017-04-20,378,4186,4564
492,2017-04-21,379,4408,4787
492,2017-04-22,196,3681,3877
492,2017-04-23,42,3531,3573
492,2017-04-24,371,4297,4668
492,2017-04-25,360,4731,5091
492,2017-04-26,434,4774,5208
492,2017-04-27,431,5057,5488
492,2017-04-28,477,5115,5592
492,2017-04-29,192,4491,4683
492,2017-04-30,58,4923,4981
492,2017-05-01,68,2697,2765
492,2017-05-02,405,4693,5098
492,2017-05-03,429,4853,5282
492,2017-05-04,426,4991,5417
492,2017-05-05,420,5095,5515
492,2017-05-06,183,4329,4512
492,2017-05-07,41,3136,3177
492,2017-05-08,397,4407,4804
492,2017-05-09,448,4841,5289
492,2017-05-10,444,4852,5296
492,2017-05-11,422,5063,5485
492,2017-05-12,360,4971,5331
492,2017-05-13,166,4304,4470
492,2017-05-14,55,3622,3677
492,2017-05-15,378,4748,5126
492,2017-05-16,408,5164,5572
492,2017-05-17,412,5189,5601
492,2017-05-18,396,5067,5463
492,2017-05-19,364,5192,5556
492,2017-05-20,197,4211,4408
492,2017-05-21,68,4085,4153
492,2017-05-22,404,4862,5266
492,2017-05-23,409,5097,5506
492,2017-05-24,492,5420,5912
492,2017-05-25,91,4487,4578
492,2017-05-26,312,5470,5782
492,2017-05-27,215,4983,5198
492,2017-05-28,123,4196,4319
492,2017-05-29,431,4868,5299
492,2017-05-30,448,4847,5295
492,2017-05-31,411,5227,5638
492,2017-06-01,407,5286,5693
492,2017-06-02,451,5241,5692
492,2017-06-03,200,4317,4517
492,2017-06-04,51,3828,3879
492,2017-06-05,109,4449,4558
492,2017-06-06,391,4728,5119
492,2017-06-07,471,4615,5086
492,2017-06-08,463,4845,5308
492,2017-06-09,378,4768,5146
492,2017-06-10,197,4531,4728
492,2017-06-11,39,4235,4274
492,2017-06-12,426,4777,5203
492,2017-06-13,444,5098,5542
492,2017-06-14,415,5424,5839
492,2017-06-15,419,5337,5756
492,2017-06-16,375,5588,5963
492,2017-06-17,241,4731,4972
492,2017-06-18,125,4229,4354
492,2017-06-19,339,4745,5084
492,2017-06-20,400,5237,5637
492,2017-06-21,390,5163,5553
492,2017-06-22,393,5325,5718
492,2017-06-23,82,3603,3685
492,2017-06-24,185,4210,4395
492,2017-06-25,99,3612,3711
492,2017-06-26,413,4897,5310
492,2017-06-27,416,5127,5543
492,2017-06-28,409,4970,5379
492,2017-06-29,409,5342,5751
492,2017-06-30,482,5444,5926
492,2017-07-01,169,4280,4449
492,2017-07-02,64,3763,3827
492,2017-07-03,444,4883,5327
492,2017-07-04,487,5149,5636
492,2017-07-05,482,4853,5335
492,2017-07-06,442,5117,5559
492,2017-07-07,398,5458,5856
492,2017-07-08,180,4800,4980
492,2017-07-09,67,3931,3998
492,2017-07-10,406,4676,5082
492,2017-07-11,417,5246,5663
492,2017-07-12,393,5126,5519
492,2017-07-13,426,5378,5804
492,2017-07-14,363,5430,5793
492,2017-07-15,224,4601,4825
492,2017-07-16,74,3942,4016
492,2017-07-17,422,4878,5300
492,2017-07-18,490,5269,5759
492,2017-07-19,423,5213,5636
492,2017-07-20,355,5186,5541
492,2017-07-21,403,5399,5802
492,2017-07-22,234,4705,4939
492,2017-07-23,71,3818,3889
492,2017-07-24,356,4698,5054
492,2017-07-25,519,4910,5429
492,2017-07-26,429,5045,5474
492,2017-07-27,332,4922,5254
492,2017-07-28,293,4876,5169
492,2017-07-29,185,4270,4455
492,2017-07-30,85,3725,3810
492,2017-07-31,288,4258,4546
492,2017-08-01,242,4262,4504
492,2017-08-02,233,4618,4851
492,2017-08-03,268,4592,4860
492,2017-08-04,249,4474,4723
492,2017-08-05,193,3841,4034
492,2017-08-06,83,3940,4023
492,2017-08-07,268,4183,4451
492,2017-08-08,240,4115,4355
492,2017-08-09,256,4487,4743
492,2017-08-10,261,4249,4510
492,2017-08-11,245,4329,4574
492,2017-08-12,170,3521,3691
492,2017-08-13,62,3745,3807
492,2017-08-14,268,4176,4444
492,2017-08-15,91,3145,3236
492,2017-08-16,290,4460,4750
492,2017-08-17,272,4384,4656
492,2017-08-18,221,4380,4601
492,2017-08-19,182,3589,3771
492,2017-08-20,70,3348,3418
492,2017-08-21,334,4144,4478
492,2017-08-22,347,4668,5015
492,2017-08-23,386,4773,5159
492,2017-08-24,391,4780,5171
492,2017-08-25,377,4382,4759
492,2017-08-26,160,3915,4075
492,2017-08-27,67,3631,3698
492,2017-08-28,373,4495,4868
492,2017-08-29,358,5017,5375
492,2017-08-30,422,4783,5205
492,2017-08-31,391,4760,5151
492,2017-09-01,379,4676,5055
492,2017-09-02,203,3724,3927
492,2017-09-03,63,3683,3746
492,2017-09-04,402,4234,4636
492,2017-09-05,345,4544,4889
492,2017-09-06,394,4656,5050
492,2017-09-07,395,4919,5314
492,2017-09-08,365,4732,5097
492,2017-09-09,186,3938,4124
492,2017-09-10,66,3616,3682
492,2017-09-11,369,4468,4837
492,2017-09-12,396,4834,5230
492,2017-09-13,346,4789,5135
492,2017-09-14,403,4966,5369
492,2017-09-15,395,5000,5395
492,2017-09-16,182,4080,4262
492,2017-09-17,59,3563,3622
492,2017-09-18,390,4897,5287
492,2017-09-19,364,4865,5229
492,2017-09-20,458,5021,5479
492,2017-09-21,401,5101,5502
492,2017-09-22,417,5272,5689
492,2017-09-23,234,4441,4675
492,2017-09-24,73,4077,4150
492,2017-09-25,403,5029,5432
492,2017-09-26,437,5117,5554
492,2017-09-27,393,5180,5573
492,2017-09-28,435,5090,5525
492,2017-09-29,423,5235,5658
492,2017-09-30,170,4125,4295
492,2017-10-01,52,3629,3681
492,2017-10-02,360,4517,4877
492,2017-10-03,336,4740,5076
492,2017-10-04,363,4731,5094
492,2017-10-05,318,4772,5090
492,2017-10-06,345,4906,5251
492,2017-10-07,174,3927,4101
492,2017-10-08,28,3239,3267
492,2017-10-09,329,4554,4883
492,2017-10-10,374,4756,5130
492,2017-10-11,401,4792,5193
492,2017-10-12,424,4950,5374
492,2017-10-13,352,5162,5514
492,2017-10-14,199,4610,4809
492,2017-10-15,73,4868,4941
492,2017-10-16,373,4882,5255
492,2017-10-17,371,5020,5391
492,2017-10-18,436,5090,5526
492,2017-10-19,414,5190,5604
492,2017-10-20,345,5247,5592
492,2017-10-21,171,3998,4169
492,2017-10-22,43,2922,2965
492,2017-10-23,322,4586,4908
492,2017-10-24,365,4989,5354
492,2017-10-25,444,4977,5421
492,2017-10-26,417,5104,5521
492,2017-10-27,391,5248,5639
492,2017-10-28,175,3842,4017
492,2017-10-29,48,3024,3072
492,2017-10-30,368,4652,5020
492,2017-11-01,41,3422,3463
492,2017-11-02,365,4976,5341
492,2017-11-03,444,4714,5158
492,2017-11-04,177,3923,4100
492,2017-11-05,35,3034,3069
492,2017-11-06,341,4488,4829
492,2017-11-07,383,4922,5305
492,2017-11-08,383,4748,5131
492,2017-11-09,408,4932,5340
492,2017-11-10,359,4970,5329
492,2017-11-11,152,3617,3769
492,2017-11-12,29,2613,2642
492,2017-11-13,348,4413,4761
492,2017-11-14,409,4251,4660
492,2017-11-15,371,4278,4649
492,2017-11-16,329,4189,4518
492,2017-11-17,354,4243,4597
492,2017-11-18,173,3557,3730
492,2017-11-19,45,2696,2741
492,2017-11-20,303,4005,4308
492,2017-11-21,371,4097,4468
492,2017-11-22,386,4334,4720
492,2017-11-23,358,4285,4643
492,2017-11-24,370,4586,4956
492,2017-11-25,160,3723,3883
492,2017-11-26,47,2749,2796
492,2017-11-27,371,4456,4827
492,2017-11-28,369,4740,5109
492,2017-11-29,358,4721,5079
492,2017-11-30,339,4695,5034
492,2017-12-01,338,4741,5079
492,2017-12-02,160,3598,3758
492,2017-12-03,42,2546,2588
492,2017-12-04,386,4435,4821
492,2017-12-05,349,4657,5006
492,2017-12-06,338,4709,5047
492,2017-12-07,349,4792,5141
492,2017-12-08,312,4424,4736
492,2017-12-09,151,3690,3841
492,2017-12-10,30,1988,2018
492,2017-12-11,300,4392,4692
492,2017-12-12,346,4691,5037
492,2017-12-13,321,4368,4689
492,2017-12-14,338,4801,5139
492,2017-12-15,301,4757,5058
492,2017-12-16,148,3393,3541
492,2017-12-17,38,2478,2516
492,2017-12-18,201,3864,4065
492,2017-12-19,224,4184,4408
492,2017-12-20,256,4193,4449
492,2017-12-21,224,4054,4278
492,2017-12-22,191,4021,4212
492,2017-12-23,121,2893,3014
492,2017-12-24,27,2135,2162
492,2017-12-25,28,2210,2238
492,2017-12-26,34,2215,2249
492,2017-12-27,192,3348,3540
492,2017-12-28,165,3512,3677
492,2017-12-29,169,3296,3465
492,2017-12-30,124,2954,3078
492,2017-12-31,42,1995,2037
493,2017-01-01,19,2425,2444
493,2017-01-02,169,4358,4527
493,2017-01-03,181,5279,5460
493,2017-01-04,210,5360,5570
493,2017-01-06,191,5646,5837
493,2017-01-07,136,3763,3899
493,2017-01-08,32,3020,3052
493,2017-01-09,258,6301,6559
493,2017-01-10,225,6135,6360
493,2017-01-11,242,6326,6568
493,2017-01-12,247,6435,6682
493,2017-01-14,137,4296,4433
493,2017-01-15,31,3178,3209
493,2017-01-16,259,6299,6558
493,2017-01-17,300,6508,6808
493,2017-01-18,307,6630,6937
493,2017-01-19,286,6610,6896
493,2017-01-21,143,4750,4893
493,2017-01-22,34,3404,3438
493,2017-01-23,323,6571,6894
493,2017-01-24,234,5699,5933
493,2017-01-25,249,6263,6512
493,2017-01-26,279,6588,6867
493,2017-01-28,141,4467,4608
493,2017-01-29,34,3454,3488
493,2017-01-30,250,6657,6907
493,2017-01-31,313,6750,7063
493,2017-02-01,301,6627,6928
493,2017-02-02,259,7102,7361
493,2017-02-04,123,4779,4902
493,2017-02-05,31,3246,3277
493,2017-02-06,274,6533,6807
493,2017-02-07,253,6562,6815
493,2017-02-08,279,6375,6654
493,2017-02-09,289,6675,6964
493,2017-02-11,139,4527,4666
493,2017-02-12,33,3317,3350
493,2017-02-13,314,6478,6792
493,2017-02-14,209,5231,5440
493,2017-02-15,312,6669,6981
493,2017-02-16,225,5650,5875
493,2017-02-18,159,4509,4668
493,2017-02-19,31,3186,3217
493,2017-02-20,256,5965,6221
493,2017-02-21,257,6216,6473
493,2017-02-22,299,6088,6387
493,2017-02-23,288,6044,6332
493,2017-02-25,154,4598,4752
493,2017-02-26,42,3535,3577
493,2017-02-27,310,5676,5986
493,2017-02-28,272,6370,6642
493,2017-03-01,278,6497,6775
493,2017-03-02,320,6775,7095
493,2017-03-04,163,4601,4764
493,2017-03-05,32,3250,3282
493,2017-03-06,314,6438,6752
493,2017-03-07,300,6690,6990
493,2017-03-08,320,6608,6928
493,2017-03-09,285,6606,6891
493,2017-03-11,163,5058,5221
493,2017-03-12,39,3707,3746
493,2017-03-13,351,6683,7034
493,2017-03-14,338,6849,7187
493,2017-03-15,348,6717,7065
493,2017-03-16,329,7140,7469
493,2017-03-18,144,5019,5163
493,2017-03-19,37,3604,3641
493,2017-03-20,317,6506,6823
493,2017-03-21,327,6713,7040
493,2017-03-22,299,6423,6722
493,2017-03-23,250,6615,6865
493,2017-03-25,192,5317,5509
493,2017-03-27,352,6872,7224
493,2017-03-28,338,6934,7272
493,2017-03-29,341,6573,6914
493,2017-03-30,334,7029,7363
493,2017-04-01,159,5320,5479
493,2017-04-02,33,4313,4346
493,2017-04-03,325,6812,7137
493,2017-04-04,356,7060,7416
493,2017-04-05,381,7354,7735
493,2017-04-06,375,7019,7394
493,2017-04-08,166,5103,5269
493,2017-04-09,35,3949,3984
493,2017-04-10,293,5849,6142
493,2017-04-11,344,6747,7091
493,2017-04-12,387,6649,7036
493,2017-04-13,320,6615,6935
493,2017-04-15,162,4364,4526
493,2017-04-16,29,3256,3285
493,2017-04-17,30,2879,2909
493,2017-04-18,280,6363,6643
493,2017-04-19,302,6567,6869
493,2017-04-20,306,6662,6968
493,2017-04-22,169,4971,5140
493,2017-04-23,36,3940,3976
493,2017-04-24,369,7012,7381
493,2017-04-25,280,7589,7869
493,2017-04-26,361,6991,7352
493,2017-04-27,371,7455,7826
493,2017-04-29,170,5397,5567
493,2017-04-30,42,4339,4381
493,2017-05-01,35,3072,3107
493,2017-05-02,300,7151,7451
493,2017-05-03,280,6983,7263
493,2017-05-04,345,7150,7495
493,2017-05-06,175,5322,5497
493,2017-05-07,35,3566,3601
493,2017-05-08,348,6852,7200
493,2017-05-09,357,7150,7507
493,2017-05-10,420,7277,7697
493,2017-05-11,358,7173,7531
493,2017-05-13,169,5394,5563
493,2017-05-14,44,3716,3760
493,2017-05-15,329,7007,7336
493,2017-05-16,340,7249,7589
493,2017-05-17,401,7368,7769
493,2017-05-18,460,7480,7940
493,2017-05-20,200,5544,5744
493,2017-05-21,42,3929,3971
493,2017-05-22,388,7425,7813
493,2017-05-23,287,7081,7368
493,2017-05-24,343,6895,7238
493,2017-05-25,64,4037,4101
493,2017-05-27,164,5267,5431
493,2017-05-28,45,3836,3881
493,2017-05-29,380,7050,7430
493,2017-05-30,356,7400,7756
493,2017-05-31,375,7438,7813
493,2017-06-01,288,6527,6815
493,2017-06-03,166,5098,5264
493,2017-06-04,45,3830,3875
493,2017-06-05,34,3249,3283
493,2017-06-06,408,6466,6874
493,2017-06-07,338,6908,7246
493,2017-06-08,281,7328,7609
493,2017-06-10,154,5590,5744
493,2017-06-11,54,4900,4954
493,2017-06-12,350,7084,7434
493,2017-06-13,354,7313,7667
493,2017-06-14,353,7281,7634
493,2017-06-15,289,8021,8310
493,2017-06-17,165,5290,5455
493,2017-06-18,39,4197,4236
493,2017-06-19,358,7053,7411
493,2017-06-20,307,7257,7564
493,2017-06-21,381,7210,7591
493,2017-06-22,347,7371,7718
493,2017-06-24,148,4763,4911
493,2017-06-25,40,3708,3748
493,2017-06-26,339,7064,7403
493,2017-06-27,273,7156,7429
493,2017-06-28,341,7310,7651
493,2017-06-29,364,7433,7797
493,2017-07-01,182,5565,5747
493,2017-07-02,49,4119,4168
493,2017-07-03,367,7042,7409
493,2017-07-04,293,6777,7070
493,2017-07-05,269,6968,7237
493,2017-07-06,418,7156,7574
493,2017-07-08,154,5358,5512
493,2017-07-09,58,4046,4104
493,2017-07-10,346,6672,7018
493,2017-07-11,430,7038,7468
493,2017-07-12,368,6954,7322
493,2017-07-13,317,7237,7554
493,2017-07-15,153,5216,5369
493,2017-07-16,40,4033,4073
493,2017-07-17,235,5922,6157
493,2017-07-18,364,7159,7523
493,2017-07-19,349,6939,7288
493,2017-07-20,462,7244,7706
493,2017-07-21,249,7177,7426
493,2017-07-22,169,5476,5645
493,2017-07-23,44,3590,3634
493,2017-07-24,252,6149,6401
493,2017-07-25,254,6650,6904
493,2017-07-26,288,6855,7143
493,2017-07-27,330,7084,7414
493,2017-07-28,222,6232,6454
493,2017-07-29,156,4655,4811
493,2017-07-30,52,3409,3461
493,2017-07-31,264,5354,5618
493,2017-08-01,188,5379,5567
493,2017-08-02,217,5615,5832
493,2017-08-03,197,5414,5611
493,2017-08-04,190,5531,5721
493,2017-08-05,196,4096,4292
493,2017-08-06,50,3685,3735
493,2017-08-07,238,5355,5593
493,2017-08-08,196,5328,5524
493,2017-08-09,222,5523,5745
493,2017-08-10,250,5376,5626
493,2017-08-11,199,5262,5461
493,2017-08-12,144,3752,3896
493,2017-08-13,31,3007,3038
493,2017-08-14,202,4684,4886
493,2017-08-15,36,2700,2736
493,2017-08-16,217,5474,5691
493,2017-08-18,214,5384,5598
493,2017-08-19,145,4043,4188
493,2017-08-20,44,3379,3423
493,2017-08-21,228,5659,5887
493,2017-08-22,294,6422,6716
493,2017-08-23,289,6532,6821
493,2017-08-25,271,6383,6654
493,2017-08-26,156,4679,4835
493,2017-08-27,31,3769,3800
493,2017-08-28,316,6265,6581
493,2017-08-29,314,6703,7017
493,2017-08-30,320,6638,6958
493,2017-09-01,297,6429,6726
493,2017-09-02,145,4627,4772
493,2017-09-03,33,3665,3698
493,2017-09-04,287,6195,6482
493,2017-09-05,285,6660,6945
493,2017-09-06,298,6703,7001
493,2017-09-08,318,6904,7222
493,2017-09-09,161,4817,4978
493,2017-09-10,31,3692,3723
493,2017-09-11,301,6607,6908
493,2017-09-12,317,6871,7188
493,2017-09-13,263,6847,7110
493,2017-09-15,275,7460,7735
493,2017-09-16,170,5044,5214
493,2017-09-17,55,4210,4265
493,2017-09-18,296,7118,7414
493,2017-09-19,335,7222,7557
493,2017-09-20,378,7342,7720
493,2017-09-22,353,6818,7171
493,2017-09-23,250,5496,5746
493,2017-09-24,50,4347,4397
493,2017-09-25,359,7178,7537
493,2017-09-26,375,7388,7763
493,2017-09-27,336,7314,7650
493,2017-09-29,337,7998,8335
493,2017-09-30,184,5132,5316
493,2017-10-01,33,4435,4468
493,2017-10-02,343,7088,7431
493,2017-10-03,324,7121,7445
493,2017-10-04,342,7341,7683
493,2017-10-05,314,7480,7794
493,2017-10-06,337,7625,7962
493,2017-10-07,159,5300,5459
493,2017-10-08,34,3865,3899
493,2017-10-09,289,7137,7426
493,2017-10-10,274,7022,7296
493,2017-10-11,260,7344,7604
493,2017-10-13,331,7819,8150
493,2017-10-14,184,5531,5715
493,2017-10-15,60,4303,4363
493,2017-10-16,316,7052,7368
493,2017-10-17,322,6949,7271
493,2017-10-18,349,7808,8157
493,2017-10-19,316,7494,7810
493,2017-10-20,311,7792,8103
493,2017-10-21,161,5198,5359
493,2017-10-22,35,3662,3697
493,2017-10-23,330,6922,7252
493,2017-10-24,313,7507,7820
493,2017-10-25,320,7435,7755
493,2017-10-27,299,7614,7913
493,2017-10-28,190,5491,5681
493,2017-10-29,33,3633,3666
493,2017-10-30,289,6925,7214
493,2017-10-31,315,6857,7172
493,2017-11-01,36,3661,3697
493,2017-11-03,299,7005,7304
493,2017-11-04,204,4851,5055
493,2017-11-05,30,3533,3563
493,2017-11-06,345,7271,7616
493,2017-11-07,336,7636,7972
493,2017-11-08,268,7336,7604
493,2017-11-10,303,7621,7924
493,2017-11-11,134,5027,5161
493,2017-11-12,27,3275,3302
493,2017-11-13,317,7060,7377
493,2017-11-14,286,7339,7625
493,2017-11-15,356,7453,7809
493,2017-11-16,302,7479,7781
493,2017-11-17,333,7620,7953
493,2017-11-18,170,5415,5585
493,2017-11-19,29,3689,3718
493,2017-11-20,366,7216,7582
493,2017-11-21,328,7374,7702
493,2017-11-22,353,7337,7690
493,2017-11-24,348,7396,7744
493,2017-11-25,156,5071,5227
493,2017-11-26,34,3624,3658
493,2017-11-27,358,6905,7263
493,2017-11-28,324,7112,7436
493,2017-11-29,356,7064,7420
493,2017-11-30,315,7278,7593
493,2017-12-01,303,7455,7758
493,2017-12-02,180,5474,5654
493,2017-12-03,28,3404,3432
493,2017-12-04,305,6849,7154
493,2017-12-05,333,7298,7631
493,2017-12-06,300,7107,7407
493,2017-12-07,346,7218,7564
493,2017-12-08,299,7313,7612
493,2017-12-09,174,4956,5130
493,2017-12-10,36,2766,2802
493,2017-12-11,273,6964,7237
493,2017-12-12,310,7275,7585
493,2017-12-13,326,6541,6867
493,2017-12-14,327,7209,7536
493,2017-12-15,299,7138,7437
493,2017-12-16,149,4840,4989
493,2017-12-17,31,3371,3402
493,2017-12-18,211,5886,6097
493,2017-12-19,234,6407,6641
493,2017-12-20,222,6346,6568
493,2017-12-21,206,6251,6457
493,2017-12-22,208,6096,6304
493,2017-12-23,148,4249,4397
493,2017-12-24,26,3078,3104
493,2017-12-25,20,2796,2816
493,2017-12-26,17,2616,2633
493,2017-12-27,166,4895,5061
493,2017-12-29,169,4387,4556
493,2017-12-30,137,3900,4037
493,2017-12-31,22,2956,2978
495,2017-01-02,99,5852,5951
495,2017-01-03,118,6928,7046
495,2017-01-04,126,7036,7162
495,2017-01-05,105,7294,7399
495,2017-01-07,93,5087,5180
495,2017-01-08,6,3864,3870
495,2017-01-09,167,8666,8833
495,2017-01-10,168,9185,9353
495,2017-01-11,172,8957,9129
495,2017-01-12,190,9580,9770
495,2017-01-13,131,8428,8559
495,2017-01-14,82,6328,6410
495,2017-01-15,10,4230,4240
495,2017-01-16,193,9181,9374
495,2017-01-17,183,9574,9757
495,2017-01-19,196,9702,9898
495,2017-01-20,201,10230,10431
495,2017-01-21,106,6626,6732
495,2017-01-22,17,4473,4490
495,2017-01-24,192,9463,9655
495,2017-01-25,222,9288,9510
495,2017-01-26,201,9812,10013
495,2017-01-27,216,10009,10225
495,2017-01-29,15,4237,4252
495,2017-01-30,222,9968,10190
495,2017-01-31,199,9874,10073
495,2017-02-01,211,9591,9802
495,2017-02-03,208,10335,10543
495,2017-02-04,72,6730,6802
495,2017-02-05,14,4779,4793
495,2017-02-06,237,9618,9855
495,2017-02-08,252,9672,9924
495,2017-02-09,226,10437,10663
495,2017-02-10,238,10754,10992
495,2017-02-11,84,6620,6704
495,2017-02-13,221,9817,10038
495,2017-02-14,240,10547,10787
495,2017-02-15,235,9997,10232
495,2017-02-16,272,10580,10852
495,2017-02-18,88,6356,6444
495,2017-02-19,6,4629,4635
495,2017-02-20,178,8905,9083
495,2017-02-21,186,9500,9686
495,2017-02-23,185,9422,9607
495,2017-02-24,190,9784,9974
495,2017-02-25,98,6333,6431
495,2017-02-26,31,4396,4427
495,2017-02-28,212,9908,10120
495,2017-03-01,214,9810,10024
495,2017-03-02,192,9912,10104
495,2017-03-03,242,10728,10970
495,2017-03-05,12,4782,4794
495,2017-03-06,220,10169,10389
495,2017-03-07,226,10772,10998
495,2017-03-08,218,10488,10706
495,2017-03-10,248,11302,11550
495,2017-03-11,88,7372,7460
495,2017-03-12,16,5359,5375
495,2017-03-13,257,10277,10534
495,2017-03-15,263,10326,10589
495,2017-03-16,285,11082,11367
495,2017-03-17,291,11081,11372
495,2017-03-18,88,7166,7254
495,2017-03-20,253,10005,10258
495,2017-03-21,247,10890,11137
495,2017-03-22,264,10309,10573
495,2017-03-23,285,10906,11191
495,2017-03-25,107,7447,7554
495,2017-03-27,261,10453,10714
495,2017-03-28,283,10939,11222
495,2017-03-30,252,11271,11523
495,2017-03-31,291,11403,11694
495,2017-04-01,100,7485,7585
495,2017-04-02,5,5493,5498
495,2017-04-04,226,10964,11190
495,2017-04-05,256,10387,10643
495,2017-04-06,287,10711,10998
495,2017-04-07,246,11286,11532
495,2017-04-09,9,5355,5364
495,2017-04-10,253,9459,9712
495,2017-04-11,243,9841,10084
495,2017-04-12,277,9587,9864
495,2017-04-14,181,9815,9996
495,2017-04-15,97,6194,6291
495,2017-04-16,6,4375,4381
495,2017-04-17,14,3931,3945
495,2017-04-19,254,9615,9869
495,2017-04-20,249,9837,10086
495,2017-04-21,223,10426,10649
495,2017-04-22,116,6615,6731
495,2017-04-24,266,10656,10922
495,2017-04-25,256,11005,11261
495,2017-04-26,303,10597,10900
495,2017-04-27,267,11210,11477
495,2017-04-29,104,7219,7323
495,2017-04-30,18,5413,5431
495,2017-05-01,21,4077,4098
495,2017-05-02,261,11199,11460
495,2017-05-04,302,11284,11586
495,2017-05-05,291,11667,11958
495,2017-05-06,92,7328,7420
495,2017-05-07,10,4999,5009
495,2017-05-09,256,11087,11343
495,2017-05-10,278,10739,11017
495,2017-05-11,273,11297,11570
495,2017-05-12,249,11530,11779
495,2017-05-14,15,5473,5488
495,2017-05-15,283,10445,10728
495,2017-05-16,302,11348,11650
495,2017-05-17,326,10688,11014
495,2017-05-19,280,11356,11636
495,2017-05-20,107,7428,7535
495,2017-05-21,13,5285,5298
495,2017-05-22,257,10527,10784
495,2017-05-24,311,11752,12063
495,2017-05-25,21,5531,5552
495,2017-05-26,257,9211,9468
495,2017-05-27,147,6899,7046
495,2017-05-29,280,10843,11123
495,2017-05-30,285,11259,11544
495,2017-05-31,316,10856,11172
495,2017-06-01,282,11633,11915
495,2017-06-03,99,7080,7179
495,2017-06-04,19,6140,6159
495,2017-06-05,9,4410,4419
495,2017-06-08,246,10027,10273
495,2017-06-09,267,10400,10667
495,2017-06-10,110,7481,7591
495,2017-06-11,13,5858,5871
495,2017-08-01,234,8497,8731
495,2017-08-02,259,8554,8813
495,2017-08-03,258,8649,8907
495,2017-08-04,272,8832,9104
495,2017-08-05,119,5968,6087
495,2017-08-06,55,4871,4926
495,2017-08-07,266,8011,8277
495,2017-08-08,233,8059,8292
495,2017-08-09,271,8030,8301
495,2017-08-10,256,8093,8349
495,2017-08-11,263,8206,8469
495,2017-08-12,117,5476,5593
495,2017-08-13,57,4252,4309
495,2017-08-14,201,6635,6836
495,2017-08-15,55,4106,4161
495,2017-08-16,251,7973,8224
495,2017-08-17,251,7893,8144
495,2017-08-18,245,8170,8415
495,2017-08-19,113,5720,5833
495,2017-08-20,38,4454,4492
495,2017-08-21,393,8067,8460
495,2017-08-22,436,8918,9354
495,2017-08-23,419,8953,9372
495,2017-08-24,438,9283,9721
495,2017-08-25,470,9314,9784
495,2017-08-26,166,6346,6512
495,2017-08-27,60,4693,4753
495,2017-08-28,503,8738,9241
495,2017-08-29,661,9132,9793
495,2017-08-30,677,9220,9897
495,2017-08-31,669,9292,9961
495,2017-09-01,634,9133,9767
495,2017-09-02,153,6321,6474
495,2017-09-03,36,4574,4610
495,2017-09-04,612,8982,9594
495,2017-09-05,549,9790,10339
495,2017-09-06,611,9548,10159
495,2017-09-07,705,9554,10259
495,2017-09-08,655,9888,10543
495,2017-09-09,137,6871,7008
495,2017-09-10,50,5225,5275
495,2017-09-11,552,9705,10257
495,2017-09-12,552,10359,10911
495,2017-09-13,578,10115,10693
495,2017-09-14,596,10618,11214
495,2017-09-15,617,11075,11692
495,2017-09-16,182,7045,7227
495,2017-09-17,49,5382,5431
495,2017-09-18,642,10254,10896
495,2017-09-19,703,10836,11539
495,2017-09-20,766,10346,11112
495,2017-09-21,679,10991,11670
495,2017-09-22,626,11738,12364
495,2017-09-23,250,7267,7517
495,2017-09-24,123,5649,5772
495,2017-09-25,585,10529,11114
495,2017-09-26,568,10913,11481
495,2017-09-27,643,10372,11015
495,2017-09-28,680,10977,11657
495,2017-09-29,556,11402,11958
495,2017-09-30,186,7524,7710
495,2017-10-01,39,5755,5794
495,2017-10-02,575,10374,10949
495,2017-10-03,588,10985,11573
495,2017-10-04,624,10298,10922
495,2017-10-05,529,11142,11671
495,2017-10-06,639,11381,12020
495,2017-10-07,181,7429,7610
495,2017-10-08,30,5049,5079
495,2017-10-09,555,10362,10917
495,2017-10-10,609,10971,11580
495,2017-10-11,557,10522,11079
495,2017-10-12,564,11215,11779
495,2017-10-13,526,11295,11821
495,2017-10-14,232,7675,7907
495,2017-10-15,33,5682,5715
495,2017-10-16,576,10522,11098
495,2017-10-17,589,11311,11900
495,2017-10-18,695,10547,11242
495,2017-10-19,663,11265,11928
495,2017-10-20,601,11346,11947
495,2017-10-21,155,7419,7574
495,2017-10-22,31,5070,5101
495,2017-10-23,655,10545,11200
495,2017-10-24,565,11188,11753
495,2017-10-25,606,10543,11149
495,2017-10-26,561,11233,11794
495,2017-10-27,632,11771,12403
495,2017-10-28,170,7337,7507
495,2017-10-29,19,5321,5340
495,2017-10-30,596,9736,10332
495,2017-11-01,42,5035,5077
495,2017-11-02,577,9438,10015
495,2017-11-03,574,9632,10206
495,2017-11-04,136,6820,6956
495,2017-11-05,35,4873,4908
495,2017-11-06,541,10285,10826
495,2017-11-07,579,10859,11438
495,2017-11-08,528,10563,11091
495,2017-11-09,538,11076,11614
495,2017-11-10,535,11243,11778
495,2017-11-11,127,7201,7328
495,2017-11-12,23,4617,4640
495,2017-11-13,493,10176,10669
495,2017-11-14,493,10699,11192
495,2017-11-15,576,10554,11130
495,2017-11-16,628,11063,11691
495,2017-11-17,555,11484,12039
495,2017-11-18,151,7472,7623
495,2017-11-19,36,5253,5289
495,2017-11-20,572,10437,11009
495,2017-11-21,589,10786,11375
495,2017-11-22,545,10711,11256
495,2017-11-23,574,11321,11895
495,2017-11-24,512,11505,12017
495,2017-11-25,176,7459,7635
495,2017-11-26,28,5132,5160
495,2017-11-27,505,10458,10963
495,2017-11-28,490,11022,11512
495,2017-11-29,474,10325,10799
495,2017-11-30,514,11033,11547
495,2017-12-01,485,10985,11470
495,2017-12-02,151,7315,7466
495,2017-12-03,28,4604,4632
495,2017-12-04,576,10181,10757
495,2017-12-05,606,10979,11585
495,2017-12-06,576,10380,10956
495,2017-12-07,541,10971,11512
495,2017-12-08,313,10009,10322
495,2017-12-09,157,7059,7216
495,2017-12-10,16,3551,3567
495,2017-12-11,472,10295,10767
495,2017-12-12,563,10766,11329
495,2017-12-13,443,9885,10328
495,2017-12-14,460,11183,11643
495,2017-12-15,359,10727,11086
495,2017-12-16,103,6760,6863
495,2017-12-17,30,4551,4581
495,2017-12-18,258,8789,9047
495,2017-12-19,263,9563,9826
495,2017-12-20,245,9335,9580
495,2017-12-21,255,9205,9460
495,2017-12-22,221,9263,9484
495,2017-12-23,113,6171,6284
495,2017-12-24,9,4220,4229
495,2017-12-25,15,4096,4111
495,2017-12-26,27,3753,3780
495,2017-12-27,182,6998,7180
495,2017-12-28,168,7015,7183
495,2017-12-29,177,6671,6848
495,2017-12-30,92,5916,6008
495,2017-12-31,23,4278,4301
498,2017-01-01,9,3699,3708
498,2017-01-02,132,6745,6877
498,2017-01-03,239,7887,8126
498,2017-01-04,238,7736,7974
498,2017-01-06,272,8625,8897
498,2017-01-07,65,6589,6654
498,2017-01-08,24,4367,4391
498,2017-01-09,301,8696,8997
498,2017-01-10,302,9391,9693
498,2017-01-11,280,8978,9258
498,2017-01-12,285,9184,9469
498,2017-01-14,74,7441,7515
498,2017-01-15,25,4489,4514
498,2017-01-16,314,9107,9421
498,2017-01-17,363,9225,9588
498,2017-01-18,364,9198,9562
498,2017-01-19,357,9454,9811
498,2017-01-21,113,8541,8654
498,2017-01-22,18,4621,4639
498,2017-01-23,382,8966,9348
498,2017-01-24,334,8996,9330
498,2017-01-25,398,9357,9755
498,2017-01-26,371,9147,9518
498,2017-01-28,127,8260,8387
498,2017-01-29,25,5215,5240
498,2017-01-30,304,9169,9473
498,2017-01-31,369,9521,9890
498,2017-02-01,335,9431,9766
498,2017-02-02,302,9540,9842
498,2017-02-04,67,8161,8228
498,2017-02-05,13,5084,5097
498,2017-02-06,347,9355,9702
498,2017-02-07,318,9351,9669
498,2017-02-08,287,9224,9511
498,2017-02-09,346,9359,9705
498,2017-02-11,90,8086,8176
498,2017-02-12,17,5051,5068
498,2017-02-13,313,9666,9979
498,2017-02-14,374,10080,10454
498,2017-02-15,337,9394,9731
498,2017-02-16,327,9261,9588
498,2017-02-18,115,7989,8104
498,2017-02-19,17,4919,4936
498,2017-02-20,275,8649,8924
498,2017-02-21,279,8751,9030
498,2017-02-22,310,8847,9157
498,2017-02-23,344,8734,9078
498,2017-02-25,115,8292,8407
498,2017-02-26,29,5027,5056
498,2017-02-27,326,9134,9460
498,2017-02-28,330,9409,9739
498,2017-03-01,328,8932,9260
498,2017-03-02,325,9661,9986
498,2017-03-04,92,8081,8173
498,2017-03-05,18,4876,4894
498,2017-03-06,308,9273,9581
498,2017-03-07,360,9574,9934
498,2017-03-08,379,9290,9669
498,2017-03-09,285,9443,9728
498,2017-03-11,118,8699,8817
498,2017-03-12,19,5768,5787
498,2017-03-13,313,9591,9904
498,2017-03-14,388,9848,10236
498,2017-03-15,350,9412,9762
498,2017-03-16,382,9824,10206
498,2017-03-18,97,8137,8234
498,2017-03-19,23,4828,4851
498,2017-03-20,339,9230,9569
498,2017-03-21,351,9485,9836
498,2017-03-22,370,9391,9761
498,2017-03-23,401,9633,10034
498,2017-03-25,130,8935,9065
498,2017-03-27,355,9404,9759
498,2017-03-28,382,9795,10177
498,2017-03-29,338,9773,10111
498,2017-03-30,372,10001,10373
498,2017-04-01,109,8766,8875
498,2017-04-02,22,5969,5991
498,2017-04-03,324,9695,10019
498,2017-04-04,343,10113,10456
498,2017-04-05,366,9796,10162
498,2017-04-06,355,10054,10409
498,2017-04-08,99,8783,8882
498,2017-04-09,22,5682,5704
498,2017-04-10,303,9084,9387
498,2017-04-11,358,9827,10185
498,2017-04-12,353,9585,9938
498,2017-04-13,340,9659,9999
498,2017-04-15,90,8178,8268
498,2017-04-16,19,4530,4549
498,2017-04-17,10,4174,4184
498,2017-04-18,366,9472,9838
498,2017-04-19,392,9408,9800
498,2017-04-20,426,9406,9832
498,2017-04-22,95,8172,8267
498,2017-04-23,35,5288,5323
498,2017-04-24,383,9740,10123
498,2017-04-25,390,9791,10181
498,2017-04-26,418,9718,10136
498,2017-04-27,339,9935,10274
498,2017-04-29,112,8726,8838
498,2017-04-30,20,5624,5644
498,2017-05-01,27,4880,4907
498,2017-05-02,377,9805,10182
498,2017-05-03,430,9688,10118
498,2017-05-04,472,9892,10364
498,2017-05-06,126,8536,8662
498,2017-05-07,24,5432,5456
498,2017-05-08,340,9349,9689
498,2017-05-09,538,9719,10257
498,2017-05-10,556,9813,10369
498,2017-05-11,504,9310,9814
498,2017-05-13,252,7916,8168
498,2017-05-14,50,5626,5676
498,2017-05-15,408,9620,10028
498,2017-05-16,440,9839,10279
498,2017-05-17,469,9620,10089
498,2017-05-18,411,9694,10105
498,2017-05-20,136,8445,8581
498,2017-05-21,33,6017,6050
498,2017-05-22,428,9510,9938
498,2017-05-23,452,9889,10341
498,2017-05-24,437,10575,11012
498,2017-05-25,37,5770,5807
498,2017-05-27,88,8003,8091
498,2017-05-28,24,5652,5676
498,2017-05-29,449,9710,10159
498,2017-05-30,413,9573,9986
498,2017-05-31,425,9906,10331
498,2017-06-01,446,9584,10030
498,2017-06-03,108,8373,8481
498,2017-06-04,45,5592,5637
498,2017-06-05,20,4939,4959
498,2017-06-06,350,9187,9537
498,2017-06-07,387,9115,9502
498,2017-06-08,328,9319,9647
498,2017-06-10,144,8843,8987
498,2017-06-11,49,6308,6357
498,2017-06-12,427,9502,9929
498,2017-06-13,386,9685,10071
498,2017-06-14,505,9915,10420
498,2017-06-15,422,9781,10203
498,2017-06-17,149,8674,8823
498,2017-06-18,30,6326,6356
498,2017-06-19,349,9482,9831
498,2017-06-20,377,9822,10199
498,2017-06-21,386,9754,10140
498,2017-06-22,388,10074,10462
498,2017-06-24,116,8182,8298
498,2017-06-25,37,5830,5867
498,2017-06-26,443,9613,10056
498,2017-06-27,556,9750,10306
498,2017-06-28,510,9506,10016
498,2017-06-29,435,9948,10383
498,2017-07-01,116,7629,7745
498,2017-07-02,30,5736,5766
498,2017-07-03,387,8980,9367
498,2017-07-04,438,9659,10097
498,2017-07-05,407,9703,10110
498,2017-07-06,570,9902,10472
498,2017-07-08,368,9367,9735
498,2017-07-09,42,6147,6189
498,2017-07-10,452,9332,9784
498,2017-07-11,422,9355,9777
498,2017-07-12,514,9778,10292
498,2017-07-13,434,9954,10388
498,2017-07-15,131,8864,8995
498,2017-07-16,46,5962,6008
498,2017-07-17,381,9412,9793
498,2017-07-18,370,9458,9828
498,2017-07-19,364,9100,9464
498,2017-07-20,339,9332,9671
498,2017-07-21,384,9609,9993
498,2017-07-22,151,8866,9017
498,2017-07-23,36,5567,5603
498,2017-07-24,546,8606,9152
498,2017-07-25,520,8826,9346
498,2017-07-26,456,9281,9737
498,2017-07-27,412,8944,9356
498,2017-07-28,350,8995,9345
498,2017-07-29,91,6821,6912
498,2017-07-30,17,4522,4539
498,2017-07-31,356,7486,7842
498,2017-08-01,320,7508,7828
498,2017-08-02,327,7789,8116
498,2017-08-03,270,7618,7888
498,2017-08-04,319,7925,8244
498,2017-08-05,99,6057,6156
498,2017-08-06,30,4432,4462
498,2017-08-07,296,7158,7454
498,2017-08-08,243,7201,7444
498,2017-08-09,247,7259,7506
498,2017-08-10,262,7462,7724
498,2017-08-11,252,7373,7625
498,2017-08-12,94,5524,5618
498,2017-08-13,20,4193,4213
498,2017-08-14,235,7092,7327
498,2017-08-15,24,3418,3442
498,2017-08-16,275,7451,7726
498,2017-08-18,318,7596,7914
498,2017-08-19,77,6116,6193
498,2017-08-20,17,4342,4359
498,2017-08-21,284,7821,8105
498,2017-08-22,310,8178,8488
498,2017-08-23,337,8224,8561
498,2017-08-25,396,8554,8950
498,2017-08-26,116,7306,7422
498,2017-08-27,47,5273,5320
498,2017-08-28,494,8528,9022
498,2017-08-29,379,8934,9313
498,2017-08-30,398,8957,9355
498,2017-09-01,392,9331,9723
498,2017-09-02,166,7714,7880
498,2017-09-03,39,5487,5526
498,2017-09-04,357,8676,9033
498,2017-09-05,380,8905,9285
498,2017-09-06,393,8936,9329
498,2017-09-08,415,9277,9692
498,2017-09-09,115,7404,7519
498,2017-09-10,32,5558,5590
498,2017-09-11,433,9172,9605
498,2017-09-12,534,9382,9916
498,2017-09-13,372,9021,9393
498,2017-09-15,385,10206,10591
498,2017-09-16,111,8973,9084
498,2017-09-17,40,5488,5528
498,2017-09-18,386,9660,10046
498,2017-09-19,377,9772,10149
498,2017-09-20,371,9877,10248
498,2017-09-22,452,10296,10748
498,2017-09-23,160,9002,9162
498,2017-09-24,55,6518,6573
498,2017-09-25,381,9468,9849
498,2017-09-26,417,9797,10214
498,2017-09-27,402,9548,9950
498,2017-09-29,381,10112,10493
498,2017-09-30,132,8104,8236
498,2017-10-01,37,6341,6378
498,2017-10-02,356,9318,9674
498,2017-10-03,432,9734,10166
498,2017-10-04,397,9541,9938
498,2017-10-05,502,9222,9724
498,2017-10-06,494,9662,10156
498,2017-10-07,118,8031,8149
498,2017-10-08,29,5765,5794
498,2017-10-09,360,9277,9637
498,2017-10-10,366,9538,9904
498,2017-10-11,398,9577,9975
498,2017-10-13,425,10145,10570
498,2017-10-14,109,8714,8823
498,2017-10-15,24,6268,6292
498,2017-10-16,470,9619,10089
498,2017-10-17,479,9560,10039
498,2017-10-18,470,9367,9837
498,2017-10-19,390,9412,9802
498,2017-10-20,424,9829,10253
498,2017-10-21,96,7928,8024
498,2017-10-22,35,5039,5074
498,2017-10-23,350,8979,9329
498,2017-10-24,366,9454,9820
498,2017-10-25,404,11828,12232
498,2017-10-27,286,10284,10570
498,2017-10-28,104,8492,8596
498,2017-10-29,30,5094,5124
498,2017-10-30,356,9720,10076
498,2017-10-31,344,10301,10645
498,2017-11-01,38,5612,5650
498,2017-11-03,352,9722,10074
498,2017-11-04,108,8127,8235
498,2017-11-05,18,4942,4960
498,2017-11-06,357,9155,9512
498,2017-11-07,357,9463,9820
498,2017-11-08,340,9126,9466
498,2017-11-10,307,9629,9936
498,2017-11-11,72,8072,8144
498,2017-11-12,34,4776,4810
498,2017-11-13,328,9229,9557
498,2017-11-14,373,9350,9723
498,2017-11-15,380,9140,9520
498,2017-11-16,344,9699,10043
498,2017-11-17,396,9875,10271
498,2017-11-18,105,8074,8179
498,2017-11-19,28,5278,5306
498,2017-11-20,325,9022,9347
498,2017-11-21,337,9706,10043
498,2017-11-22,376,9407,9783
498,2017-11-24,347,9677,10024
498,2017-11-25,89,8049,8138
498,2017-11-26,23,5942,5965
498,2017-11-27,286,8562,8848
498,2017-11-28,326,9435,9761
498,2017-11-29,345,9155,9500
498,2017-11-30,354,9348,9702
498,2017-12-01,395,9793,10188
498,2017-12-02,113,8047,8160
498,2017-12-03,36,5495,5531
498,2017-12-04,313,9184,9497
498,2017-12-05,361,9195,9556
498,2017-12-06,369,8975,9344
498,2017-12-07,382,9047,9429
498,2017-12-08,362,9448,9810
498,2017-12-09,97,7890,7987
498,2017-12-10,28,4423,4451
498,2017-12-11,344,8787,9131
498,2017-12-12,382,9305,9687
498,2017-12-13,287,7637,7924
498,2017-12-22,201,9232,9433
498,2017-12-23,82,7807,7889
498,2017-12-24,17,5141,5158
498,2017-12-25,6,3710,3716
498,2017-12-26,14,4092,4106
498,2017-12-27,138,7230,7368
498,2017-12-29,143,6260,6403
498,2017-12-30,56,6853,6909
498,2017-12-31,14,4979,4993
520,2017-01-01,83,3175,3258
520,2017-01-02,175,5340,5515
520,2017-01-03,201,6345,6546
520,2017-01-04,153,6502,6655
520,2017-01-05,178,6613,6791
520,2017-01-06,189,7173,7362
520,2017-01-08,30,3692,3722
520,2017-01-09,256,7520,7776
520,2017-01-10,276,7758,8034
520,2017-01-11,219,7799,8018
520,2017-01-15,46,4378,4424
520,2017-01-16,216,7722,7938
520,2017-01-17,292,7892,8184
520,2017-01-18,281,7976,8257
520,2017-01-19,200,8142,8342
520,2017-01-20,240,8684,8924
520,2017-01-22,64,4524,4588
520,2017-01-23,258,7785,8043
520,2017-01-24,245,8023,8268
520,2017-01-25,280,8266,8546
520,2017-01-26,256,8268,8524
520,2017-01-27,285,8741,9026
520,2017-01-29,42,5030,5072
520,2017-01-30,266,7846,8112
520,2017-01-31,240,8408,8648
520,2017-02-01,281,8194,8475
520,2017-02-02,277,8205,8482
520,2017-02-03,270,8828,9098
520,2017-02-05,24,4924,4948
520,2017-02-06,252,8018,8270
520,2017-02-07,244,8098,8342
520,2017-02-08,270,8078,8348
520,2017-02-09,261,8383,8644
520,2017-02-10,338,8643,8981
520,2017-02-12,37,4344,4381
520,2017-02-13,255,8203,8458
520,2017-02-14,272,8635,8907
520,2017-02-15,295,8212,8507
520,2017-02-16,332,7958,8290
520,2017-02-17,258,8418,8676
520,2017-02-19,41,4486,4527
520,2017-02-20,202,7164,7366
520,2017-02-21,234,7524,7758
520,2017-02-22,286,7478,7764
520,2017-02-23,288,7402,7690
520,2017-02-24,358,7786,8144
520,2017-02-26,45,4583,4628
520,2017-02-27,302,7840,8142
520,2017-02-28,242,8086,8328
520,2017-03-01,296,8218,8514
520,2017-03-02,216,8596,8812
520,2017-03-03,260,8846,9106
520,2017-03-05,30,4704,4734
520,2017-03-06,310,9326,9636
520,2017-03-07,338,9530,9868
520,2017-03-08,288,9176,9464
520,2017-03-09,338,9362,9700
520,2017-03-10,299,9517,9816
520,2017-03-12,42,5276,5318
520,2017-03-13,288,8418,8706
520,2017-03-14,281,8655,8936
520,2017-03-15,289,8551,8840
520,2017-03-16,376,10209,10585
520,2017-03-17,404,9537,9941
520,2017-03-19,47,4811,4858
520,2017-03-20,320,8002,8322
520,2017-03-21,276,9106,9382
520,2017-03-22,334,8346,8680
520,2017-03-23,266,8629,8895
520,2017-03-24,305,9135,9440
520,2017-03-27,286,8549,8835
520,2017-03-28,287,8694,8981
520,2017-03-29,240,8648,8888
520,2017-03-30,325,8901,9226
520,2017-03-31,252,8988,9240
520,2017-04-02,65,5596,5661
520,2017-04-03,234,8564,8798
520,2017-04-04,310,8893,9203
520,2017-04-05,312,8948,9260
520,2017-04-06,279,8771,9050
520,2017-04-07,353,9460,9813
520,2017-04-09,56,5819,5875
520,2017-04-10,271,7653,7924
520,2017-04-11,299,7954,8253
520,2017-04-12,275,7984,8259
520,2017-04-13,242,8122,8364
520,2017-04-14,225,8580,8805
520,2017-04-16,34,4232,4266
520,2017-04-17,45,3641,3686
520,2017-04-18,268,8493,8761
520,2017-04-19,328,9259,9587
520,2017-04-20,277,8329,8606
520,2017-04-21,276,8196,8472
520,2017-04-23,49,5171,5220
520,2017-04-24,282,8554,8836
520,2017-04-25,273,8770,9043
520,2017-04-26,274,8557,8831
520,2017-04-27,304,8749,9053
520,2017-04-28,266,8986,9252
520,2017-04-30,108,6017,6125
520,2017-05-01,34,4084,4118
520,2017-05-02,292,8658,8950
520,2017-05-03,276,8730,9006
520,2017-05-04,274,8785,9059
520,2017-05-05,334,9147,9481
520,2017-05-07,41,4864,4905
520,2017-05-08,272,8194,8466
520,2017-05-09,271,9050,9321
520,2017-05-10,368,10392,10760
520,2017-05-11,286,9704,9990
520,2017-05-14,138,5158,5296
520,2017-05-15,267,8613,8880
520,2017-05-16,288,9184,9472
520,2017-05-17,299,9125,9424
520,2017-05-18,368,8856,9224
520,2017-05-19,264,8954,9218
520,2017-05-21,45,5430,5475
520,2017-05-22,230,8750,8980
520,2017-05-23,226,9152,9378
520,2017-05-24,309,9682,9991
520,2017-05-25,42,5023,5065
520,2017-05-26,275,8900,9175
520,2017-05-28,50,5373,5423
520,2017-05-30,306,9022,9328
520,2017-05-31,347,8986,9333
520,2017-06-01,275,9030,9305
520,2017-06-02,290,9360,9650
520,2017-06-04,33,5285,5318
520,2017-06-05,41,4563,4604
520,2017-06-06,262,7742,8004
520,2017-06-07,276,7772,8048
520,2017-06-08,322,11388,11710
520,2017-06-09,278,8741,9019
520,2017-06-11,60,6491,6551
520,2017-06-12,272,8647,8919
520,2017-06-13,319,9129,9448
520,2017-06-14,406,8935,9341
520,2017-06-15,346,9211,9557
520,2017-06-16,322,9575,9897
520,2017-06-18,132,5846,5978
520,2017-06-19,246,8912,9158
520,2017-06-20,281,9207,9488
520,2017-06-21,358,9339,9697
520,2017-06-22,259,9826,10085
520,2017-06-23,84,4565,4649
520,2017-06-25,46,5968,6014
520,2017-06-26,343,8807,9150
520,2017-06-27,310,8696,9006
520,2017-06-28,270,8374,8644
520,2017-06-29,352,8632,8984
520,2017-06-30,318,9066,9384
520,2017-07-02,43,5002,5045
520,2017-07-03,277,8497,8774
520,2017-07-04,281,9058,9339
520,2017-07-05,309,8950,9259
520,2017-07-06,337,9007,9344
520,2017-07-07,317,9360,9677
520,2017-07-09,52,5216,5268
520,2017-07-10,284,8700,8984
520,2017-07-11,326,9002,9328
520,2017-07-12,298,8400,8698
520,2017-07-13,330,8774,9104
520,2017-07-14,294,9145,9439
520,2017-07-16,87,5533,5620
520,2017-07-17,250,8394,8644
520,2017-07-18,315,9547,9862
520,2017-07-19,255,8582,8837
520,2017-07-20,300,8116,8416
520,2017-07-21,323,8724,9047
520,2017-07-22,203,7098,7301
520,2017-07-23,75,4960,5035
520,2017-07-24,226,7760,7986
520,2017-07-25,243,8114,8357
520,2017-07-26,266,8130,8396
520,2017-07-27,282,7762,8044
520,2017-07-28,252,7892,8144
520,2017-07-29,166,6561,6727
520,2017-07-30,52,4483,4535
520,2017-07-31,268,6814,7082
520,2017-08-01,204,6766,6970
520,2017-08-02,224,7096,7320
520,2017-08-03,219,7068,7287
520,2017-08-04,233,7262,7495
520,2017-08-05,130,5543,5673
520,2017-08-06,166,4144,4310
520,2017-08-07,204,6444,6648
520,2017-08-08,286,6528,6814
520,2017-08-09,206,6562,6768
520,2017-08-10,226,6298,6524
520,2017-08-11,225,6517,6742
520,2017-08-12,155,5031,5186
520,2017-08-13,61,3914,3975
520,2017-08-14,217,6154,6371
520,2017-08-15,46,3204,3250
520,2017-08-16,208,6517,6725
520,2017-08-18,208,6430,6638
520,2017-08-19,156,5299,5455
520,2017-08-20,47,4084,4131
520,2017-08-21,209,6737,6946
520,2017-08-22,228,7041,7269
520,2017-08-23,226,7278,7504
520,2017-08-25,318,7108,7426
520,2017-08-26,211,5691,5902
520,2017-08-27,66,4230,4296
520,2017-08-28,495,9722,10217
520,2017-08-29,387,8752,9139
520,2017-08-30,394,8480,8874
520,2017-09-01,342,8370,8712
520,2017-09-02,296,6169,6465
520,2017-09-03,150,4640,4790
520,2017-09-04,368,7444,7812
520,2017-09-05,411,7953,8364
520,2017-09-06,278,7772,8050
520,2017-09-08,466,8104,8570
520,2017-09-09,296,6742,7038
520,2017-09-10,298,12517,12815
520,2017-09-11,438,7896,8334
520,2017-09-12,418,8352,8770
520,2017-09-13,386,7958,8344
520,2017-09-15,422,8848,9270
520,2017-09-16,314,6978,7292
520,2017-09-17,122,5272,5394
520,2017-09-18,236,8178,8414
520,2017-09-19,206,8520,8726
520,2017-09-20,278,8655,8933
520,2017-09-22,320,9113,9433
520,2017-09-23,226,7620,7846
520,2017-09-24,76,5879,5955
520,2017-09-25,337,8604,8941
520,2017-09-26,309,8876,9185
520,2017-09-27,452,8955,9407
520,2017-09-29,395,9346,9741
520,2017-09-30,275,7627,7902
520,2017-10-01,205,6123,6328
520,2017-10-02,315,9240,9555
520,2017-10-03,325,8931,9256
520,2017-10-04,337,8412,8749
520,2017-10-05,271,8676,8947
520,2017-10-06,295,9109,9404
520,2017-10-07,244,7145,7389
520,2017-10-08,120,5319,5439
520,2017-10-09,315,8683,8998
520,2017-10-10,322,10485,10807
520,2017-10-11,308,8951,9259
520,2017-10-13,270,8950,9220
520,2017-10-14,245,7584,7829
520,2017-10-15,126,5615,5741
520,2017-10-16,294,8414,8708
520,2017-10-17,316,8849,9165
520,2017-10-18,286,8695,8981
520,2017-10-19,210,8842,9052
520,2017-10-20,332,8944,9276
520,2017-10-21,288,7192,7480
520,2017-10-22,122,4692,4814
520,2017-10-23,263,8323,8586
520,2017-10-24,271,8707,8978
520,2017-10-25,316,8880,9196
520,2017-10-27,258,9254,9512
520,2017-10-28,150,7189,7339
520,2017-10-29,34,4960,4994
520,2017-10-30,308,8092,8400
520,2017-10-31,260,8913,9173
520,2017-11-01,60,4683,4743
520,2017-11-03,256,8164,8420
520,2017-11-04,164,6528,6692
520,2017-11-05,39,4632,4671
520,2017-11-06,273,8274,8547
520,2017-11-07,276,8416,8692
520,2017-11-08,268,8492,8760
520,2017-11-10,324,8840,9164
520,2017-11-11,160,7276,7436
520,2017-11-12,42,4602,4644
520,2017-11-13,305,8131,8436
520,2017-11-14,244,8684,8928
520,2017-11-16,275,8622,8897
520,2017-11-17,312,8947,9259
520,2017-11-19,160,4500,4660
520,2017-11-20,380,8012,8392
520,2017-11-21,253,8526,8779
520,2017-11-22,287,8373,8660
520,2017-11-24,342,8832,9174
520,2017-11-25,143,6888,7031
520,2017-11-26,49,4875,4924
520,2017-11-27,304,8040,8344
520,2017-11-28,306,8440,8746
520,2017-11-29,372,8296,8668
520,2017-11-30,270,8601,8871
520,2017-12-01,274,8868,9142
520,2017-12-02,166,7467,7633
520,2017-12-03,29,4745,4774
520,2017-12-05,264,8519,8783
520,2017-12-06,274,8155,8429
520,2017-12-07,278,8482,8760
520,2017-12-08,220,8842,9062
520,2017-12-09,304,6566,6870
520,2017-12-10,36,3616,3652
520,2017-12-11,264,8000,8264
520,2017-12-12,256,8416,8672
520,2017-12-13,268,8100,8368
520,2017-12-14,338,8904,9242
520,2017-12-15,304,8894,9198
520,2017-12-16,155,6685,6840
520,2017-12-17,34,4592,4626
520,2017-12-18,220,7424,7644
520,2017-12-19,252,7684,7936
520,2017-12-20,197,7718,7915
520,2017-12-21,219,7889,8108
520,2017-12-22,210,8111,8321
520,2017-12-23,129,6558,6687
520,2017-12-24,29,4560,4589
520,2017-12-25,27,3386,3413
520,2017-12-26,32,3052,3084
520,2017-12-27,172,6232,6404
520,2017-12-29,198,5920,6118
520,2017-12-30,116,5874,5990
520,2017-12-31,36,4564,4600
525,2017-01-01,7,1526,1533
525,2017-01-02,67,2505,2572
525,2017-01-03,76,2724,2800
525,2017-01-04,87,2886,2973
525,2017-01-06,86,3069,3155
525,2017-01-07,64,2376,2440
525,2017-01-08,7,1732,1739
525,2017-01-09,114,3247,3361
525,2017-01-10,114,3333,3447
525,2017-01-11,114,3214,3328
525,2017-01-12,145,3574,3719
525,2017-01-14,66,3054,3120
525,2017-01-15,9,2051,2060
525,2017-01-16,145,3510,3655
525,2017-01-17,158,3753,3911
525,2017-01-18,142,3656,3798
525,2017-01-19,143,3723,3866
525,2017-01-21,69,3096,3165
525,2017-01-22,6,2164,2170
525,2017-01-23,125,3525,3650
525,2017-01-24,136,3727,3863
525,2017-01-25,136,3609,3745
525,2017-01-26,149,3750,3899
525,2017-01-28,56,3220,3276
525,2017-01-29,7,2256,2263
525,2017-01-30,163,3633,3796
525,2017-01-31,167,3767,3934
525,2017-02-01,163,3633,3796
525,2017-02-02,154,3649,3803
525,2017-02-04,58,3136,3194
525,2017-02-05,6,2248,2254
525,2017-02-06,127,3550,3677
525,2017-02-07,147,3845,3992
525,2017-02-08,149,3669,3818
525,2017-02-09,185,3732,3917
525,2017-02-11,79,3249,3328
525,2017-02-12,12,2254,2266
525,2017-02-13,180,3584,3764
525,2017-02-14,192,3848,4040
525,2017-02-15,148,3733,3881
525,2017-02-16,176,3668,3844
525,2017-02-18,76,3123,3199
525,2017-02-19,7,2390,2397
525,2017-02-20,130,3245,3375
525,2017-02-21,150,3368,3518
525,2017-02-22,122,3348,3470
525,2017-02-23,138,3342,3480
525,2017-02-25,64,3052,3116
525,2017-02-26,10,2218,2228
525,2017-02-27,104,3248,3352
525,2017-02-28,134,3566,3700
525,2017-03-01,173,3630,3803
525,2017-03-02,158,3838,3996
525,2017-03-04,66,3316,3382
525,2017-03-05,8,2302,2310
525,2017-03-06,163,3681,3844
525,2017-03-07,172,3741,3913
525,2017-03-08,164,3764,3928
525,2017-03-09,169,3896,4065
525,2017-03-10,179,4083,4262
525,2017-03-12,13,2720,2733
525,2017-03-13,167,3707,3874
525,2017-03-14,170,3921,4091
525,2017-03-15,193,3746,3939
525,2017-03-16,216,3964,4180
525,2017-03-17,89,1239,1328
525,2017-03-18,60,3452,3512
525,2017-03-19,19,2351,2370
525,2017-03-20,255,3502,3757
525,2017-03-21,232,3801,4033
525,2017-03-22,224,3550,3774
525,2017-03-23,190,3756,3946
525,2017-03-24,219,3956,4175
525,2017-03-25,105,3613,3718
525,2017-03-27,179,3645,3824
525,2017-03-28,215,3876,4091
525,2017-03-29,192,3781,3973
525,2017-03-30,182,3975,4157
525,2017-03-31,216,4118,4334
525,2017-04-01,81,3649,3730
525,2017-04-02,16,2998,3014
525,2017-04-03,222,3683,3905
525,2017-04-04,196,3951,4147
525,2017-04-05,197,3870,4067
525,2017-04-06,192,3975,4167
525,2017-04-07,242,4225,4467
525,2017-04-08,114,3610,3724
525,2017-04-09,22,2917,2939
525,2017-04-10,176,3649,3825
525,2017-04-11,214,3779,3993
525,2017-04-12,192,3778,3970
525,2017-04-13,189,3964,4153
525,2017-04-14,177,4256,4433
525,2017-04-15,81,3315,3396
525,2017-04-16,19,2202,2221
525,2017-04-17,25,2202,2227
525,2017-04-18,186,3633,3819
525,2017-04-19,187,3568,3755
525,2017-04-20,206,3671,3877
525,2017-04-21,211,3873,4084
525,2017-04-22,121,3260,3381
525,2017-04-23,24,2691,2715
525,2017-04-24,212,3771,3983
525,2017-04-25,232,4125,4357
525,2017-04-26,215,4003,4218
525,2017-04-27,207,4165,4372
525,2017-04-28,242,4387,4629
525,2017-04-29,144,3873,4017
525,2017-04-30,22,3445,3467
525,2017-05-01,26,2066,2092
525,2017-05-02,226,4136,4362
525,2017-05-03,201,3983,4184
525,2017-05-04,224,4046,4270
525,2017-05-05,236,4489,4725
525,2017-05-06,118,3790,3908
525,2017-05-07,21,2495,2516
525,2017-05-08,235,3781,4016
525,2017-05-09,257,3933,4190
525,2017-05-10,175,3907,4082
525,2017-05-11,187,3925,4112
525,2017-05-12,202,4231,4433
525,2017-05-13,98,3697,3795
525,2017-05-14,9,2692,2701
525,2017-05-15,207,3701,3908
525,2017-05-16,212,4080,4292
525,2017-05-17,200,4141,4341
525,2017-05-18,178,3911,4089
525,2017-05-19,137,4183,4320
525,2017-05-20,105,3811,3916
525,2017-05-21,25,2745,2770
525,2017-05-22,184,3950,4134
525,2017-05-23,228,4253,4481
525,2017-05-24,262,4458,4720
525,2017-05-25,40,2873,2913
525,2017-05-26,175,4569,4744
525,2017-05-27,99,3962,4061
525,2017-05-28,38,2793,2831
525,2017-05-29,152,3907,4059
525,2017-05-30,215,4118,4333
525,2017-05-31,204,4204,4408
525,2017-06-01,216,4315,4531
525,2017-06-02,260,4300,4560
525,2017-06-03,118,3792,3910
525,2017-06-04,26,2912,2938
525,2017-06-05,68,2645,2713
525,2017-06-06,197,3848,4045
525,2017-06-07,218,3873,4091
525,2017-06-08,171,3932,4103
525,2017-06-09,169,3923,4092
525,2017-06-10,91,3635,3726
525,2017-06-11,14,2256,2270
525,2017-06-12,174,3864,4038
525,2017-06-13,184,4105,4289
525,2017-06-14,213,4076,4289
525,2017-06-15,169,4154,4323
525,2017-06-16,215,4438,4653
525,2017-06-17,143,4025,4168
525,2017-06-18,40,2807,2847
525,2017-06-19,197,3905,4102
525,2017-06-20,223,4144,4367
525,2017-06-21,216,4150,4366
525,2017-06-22,230,4291,4521
525,2017-06-23,37,2416,2453
525,2017-06-24,97,3651,3748
525,2017-06-25,29,2786,2815
525,2017-06-26,218,4156,4374
525,2017-06-27,186,4348,4534
525,2017-06-29,224,4179,4403
525,2017-06-30,215,4300,4515
525,2017-07-01,76,3895,3971
525,2017-07-02,29,2566,2595
525,2017-07-03,201,3925,4126
525,2017-07-04,197,4215,4412
525,2017-07-05,196,4330,4526
525,2017-07-06,214,4296,4510
525,2017-07-07,203,4504,4707
525,2017-07-08,124,4111,4235
525,2017-07-09,38,3070,3108
525,2017-07-10,174,4082,4256
525,2017-07-11,181,4167,4348
525,2017-07-12,168,4139,4307
525,2017-07-13,182,4235,4417
525,2017-07-14,230,4442,4672
525,2017-07-15,104,3998,4102
525,2017-07-16,43,2900,2943
525,2017-07-17,209,4141,4350
525,2017-07-18,206,4061,4267
525,2017-07-19,214,4139,4353
525,2017-07-20,180,3978,4158
525,2017-07-21,189,4409,4598
525,2017-07-22,130,4023,4153
525,2017-07-23,50,2805,2855
525,2017-07-24,191,4221,4412
525,2017-07-25,220,3985,4205
525,2017-07-26,204,4338,4542
525,2017-07-27,199,4150,4349
525,2017-07-28,166,4041,4207
525,2017-07-29,89,3588,3677
525,2017-07-30,49,2420,2469
525,2017-07-31,160,3768,3928
525,2017-08-01,137,3656,3793
525,2017-08-02,151,3483,3634
525,2017-08-03,137,3656,3793
525,2017-08-04,141,3530,3671
525,2017-08-05,112,3167,3279
525,2017-08-06,25,2652,2677
525,2017-08-07,171,3363,3534
525,2017-08-08,135,3505,3640
525,2017-08-09,158,3354,3512
525,2017-08-10,149,3449,3598
525,2017-08-11,146,3353,3499
525,2017-08-12,84,2988,3072
525,2017-08-13,60,2313,2373
525,2017-08-14,115,3313,3428
525,2017-08-15,34,2022,2056
525,2017-08-16,135,3497,3632
525,2017-08-17,138,3186,3324
525,2017-08-18,119,3502,3621
525,2017-08-19,92,3003,3095
525,2017-08-20,16,2186,2202
525,2017-08-21,142,3472,3614
525,2017-08-22,142,3574,3716
525,2017-08-23,157,3560,3717
525,2017-08-24,200,3547,3747
525,2017-08-25,189,3353,3542
525,2017-08-26,100,2864,2964
525,2017-08-27,18,1897,1915
525,2017-08-28,202,3483,3685
525,2017-08-29,202,3585,3787
525,2017-08-30,212,3554,3766
525,2017-08-31,224,3711,3935
525,2017-09-01,212,3623,3835
525,2017-09-02,90,3038,3128
525,2017-09-03,23,2543,2566
525,2017-09-04,183,3356,3539
525,2017-09-05,182,3519,3701
525,2017-09-06,178,3729,3907
525,2017-09-07,248,3649,3897
525,2017-09-08,229,3749,3978
525,2017-09-09,90,3225,3315
525,2017-09-10,21,2511,2532
525,2017-09-11,166,3540,3706
525,2017-09-12,201,3670,3871
525,2017-09-13,180,3727,3907
525,2017-09-14,169,3798,3967
525,2017-09-15,198,3993,4191
525,2017-09-16,100,3527,3627
525,2017-09-17,20,2662,2682
525,2017-09-18,203,3836,4039
525,2017-09-19,212,3910,4122
525,2017-09-20,200,3871,4071
525,2017-09-21,195,3950,4145
525,2017-09-22,210,4229,4439
525,2017-09-23,86,3655,3741
525,2017-09-24,21,2398,2419
525,2017-09-25,202,3850,4052
525,2017-09-26,188,4015,4203
525,2017-09-27,210,3938,4148
525,2017-09-28,209,3856,4065
525,2017-09-29,180,4139,4319
525,2017-10-01,15,2766,2781
525,2017-10-02,204,3608,3812
525,2017-10-03,216,3881,4097
525,2017-10-04,250,3733,3983
525,2017-10-05,221,3875,4096
525,2017-10-06,231,4063,4294
525,2017-10-07,89,3521,3610
525,2017-10-08,18,2643,2661
525,2017-10-09,176,3659,3835
525,2017-10-10,255,3809,4064
525,2017-10-11,231,3793,4024
525,2017-10-12,200,3820,4020
525,2017-10-13,188,4047,4235
525,2017-10-14,106,3870,3976
525,2017-10-15,21,2883,2904
525,2017-10-16,286,3754,4040
525,2017-10-17,217,3946,4163
525,2017-10-18,250,4079,4329
525,2017-10-19,212,4085,4297
525,2017-10-20,228,4248,4476
525,2017-10-21,98,3458,3556
525,2017-10-22,16,2436,2452
525,2017-10-23,222,3646,3868
525,2017-10-24,227,3877,4104
525,2017-10-25,278,3703,3981
525,2017-10-26,215,3904,4119
525,2017-10-27,252,4232,4484
525,2017-10-28,118,3542,3660
525,2017-10-29,11,2269,2280
525,2017-10-30,274,3611,3885
525,2017-11-01,12,2360,2372
525,2017-11-02,230,3721,3951
525,2017-11-03,244,3807,4051
525,2017-11-04,99,3344,3443
525,2017-11-05,13,2474,2487
525,2017-11-06,211,3479,3690
525,2017-11-07,212,3915,4127
525,2017-11-08,182,3738,3920
525,2017-11-09,270,3960,4230
525,2017-11-10,182,4102,4284
525,2017-11-11,89,3460,3549
525,2017-11-12,4,2226,2230
525,2017-11-13,203,3659,3862
525,2017-11-14,206,3895,4101
525,2017-11-15,231,3729,3960
525,2017-11-16,178,3796,3974
525,2017-11-17,213,3985,4198
525,2017-11-18,82,3477,3559
525,2017-11-19,12,2272,2284
525,2017-11-20,193,3506,3699
525,2017-11-21,175,3608,3783
525,2017-11-22,208,3760,3968
525,2017-11-23,200,3836,4036
525,2017-11-24,181,3859,4040
525,2017-11-25,69,3433,3502
525,2017-11-26,20,2351,2371
525,2017-11-27,192,3599,3791
525,2017-11-28,209,3820,4029
525,2017-11-29,222,3619,3841
525,2017-11-30,188,3546,3734
525,2017-12-01,158,3771,3929
525,2017-12-02,76,3343,3419
525,2017-12-03,16,2008,2024
525,2017-12-04,206,3551,3757
525,2017-12-05,246,3844,4090
525,2017-12-06,222,3656,3878
525,2017-12-07,212,3747,3959
525,2017-12-08,186,3812,3998
525,2017-12-09,67,3407,3474
525,2017-12-10,11,1645,1656
525,2017-12-11,191,3631,3822
525,2017-12-12,196,3689,3885
525,2017-12-13,154,2685,2839
525,2017-12-14,194,3796,3990
525,2017-12-15,171,3745,3916
525,2017-12-16,62,3126,3188
525,2017-12-17,14,2068,2082
525,2017-12-18,105,3118,3223
525,2017-12-19,144,3366,3510
525,2017-12-20,111,3551,3662
525,2017-12-21,106,3412,3518
525,2017-12-22,86,3668,3754
525,2017-12-23,55,2991,3046
525,2017-12-24,5,2049,2054
525,2017-12-25,5,1752,1757
525,2017-12-26,6,1516,1522
525,2017-12-27,104,2853,2957
525,2017-12-28,98,2828,2926
525,2017-12-29,89,2711,2800
525,2017-12-30,53,2864,2917
525,2017-12-31,4,1963,1967
602,2017-01-01,23,2561,2584
602,2017-01-02,251,6322,6573
602,2017-01-03,366,7101,7467
602,2017-01-04,480,6876,7356
602,2017-01-06,447,7890,8337
602,2017-01-07,184,4799,4983
602,2017-01-08,34,5115,5149
602,2017-01-09,459,7832,8291
602,2017-01-10,450,7807,8257
602,2017-01-11,674,7786,8460
602,2017-01-12,526,8252,8778
602,2017-01-14,187,4840,5027
602,2017-01-15,44,5302,5346
602,2017-01-16,506,7977,8483
602,2017-01-17,529,8315,8844
602,2017-01-18,602,8076,8678
602,2017-01-19,534,8463,8997
602,2017-01-21,213,6343,6556
602,2017-01-22,62,6399,6461
602,2017-01-23,540,8100,8640
602,2017-01-24,490,8072,8562
602,2017-01-25,622,8152,8774
602,2017-01-26,544,8745,9289
602,2017-01-28,179,5823,6002
602,2017-01-29,54,5802,5856
602,2017-01-30,490,8211,8701
602,2017-01-31,602,8581,9183
602,2017-02-01,605,8372,8977
602,2017-02-02,562,8700,9262
602,2017-02-04,207,5894,6101
602,2017-02-05,50,6218,6268
602,2017-02-06,581,8198,8779
602,2017-02-07,591,8274,8865
602,2017-02-08,639,8378,9017
602,2017-02-09,652,8584,9236
602,2017-02-11,180,5507,5687
602,2017-02-12,55,6099,6154
602,2017-02-13,654,8591,9245
602,2017-02-14,724,9102,9826
602,2017-02-15,802,8697,9499
602,2017-02-16,828,8858,9686
602,2017-02-18,224,6146,6370
602,2017-02-19,77,6469,6546
602,2017-02-20,588,8440,9028
602,2017-02-21,732,8742,9474
602,2017-02-22,625,8561,9186
602,2017-02-23,798,8296,9094
602,2017-02-25,211,5934,6145
602,2017-02-26,56,5491,5547
602,2017-02-27,644,6332,6976
602,2017-02-28,642,7264,7906
602,2017-03-01,856,8084,8940
602,2017-03-02,717,9047,9764
602,2017-03-04,274,6476,6750
602,2017-03-05,62,5690,5752
602,2017-03-06,790,8246,9036
602,2017-03-07,856,8652,9508
602,2017-03-08,492,7552,8044
602,2017-03-11,222,6546,6768
602,2017-03-12,61,7405,7466
602,2017-03-13,771,8669,9440
602,2017-03-14,861,8898,9759
602,2017-03-15,816,8521,9337
602,2017-03-16,771,9196,9967
602,2017-03-18,225,6375,6600
602,2017-03-19,53,6674,6727
602,2017-03-20,713,8421,9134
602,2017-03-21,799,9020,9819
602,2017-03-22,851,8506,9357
602,2017-03-23,787,9182,9969
602,2017-03-25,250,6763,7013
602,2017-03-27,769,8534,9303
602,2017-03-28,783,8825,9608
602,2017-03-29,804,8535,9339
602,2017-03-30,862,9256,10118
602,2017-04-01,217,6650,6867
602,2017-04-02,71,7491,7562
602,2017-04-03,741,8581,9322
602,2017-04-04,812,8829,9641
602,2017-04-05,836,8395,9231
602,2017-04-06,854,9156,10010
602,2017-04-08,260,7190,7450
602,2017-04-09,102,8221,8323
602,2017-04-10,747,8811,9558
602,2017-04-11,771,9119,9890
602,2017-04-12,832,9079,9911
602,2017-04-13,747,9600,10347
602,2017-04-15,245,7297,7542
602,2017-04-16,71,5776,5847
602,2017-04-17,110,8160,8270
602,2017-04-18,819,9544,10363
602,2017-04-19,834,9088,9922
602,2017-04-20,859,9450,10309
602,2017-04-22,261,6925,7186
602,2017-04-23,77,7326,7403
602,2017-04-24,833,8902,9735
602,2017-04-25,793,9172,9965
602,2017-04-26,823,8949,9772
602,2017-04-27,874,9766,10640
602,2017-04-29,302,8335,8637
602,2017-04-30,93,8742,8835
602,2017-05-01,151,7328,7479
602,2017-05-02,820,9367,10187
602,2017-05-03,950,9038,9988
602,2017-05-04,1022,9498,10520
602,2017-05-06,281,7416,7697
602,2017-05-07,110,7574,7684
602,2017-05-08,768,8944,9712
602,2017-05-09,796,8857,9653
602,2017-05-10,841,9067,9908
602,2017-05-11,813,9299,10112
602,2017-05-13,273,7186,7459
602,2017-05-14,94,8108,8202
602,2017-05-15,813,9088,9901
602,2017-05-16,841,9259,10100
602,2017-05-17,844,9139,9983
602,2017-05-18,938,9500,10438
602,2017-05-20,233,7184,7417
602,2017-05-21,99,7704,7803
602,2017-05-22,764,9204,9968
602,2017-05-23,765,9372,10137
602,2017-05-24,852,10766,11618
602,2017-05-25,170,9601,9771
602,2017-05-27,261,8931,9192
602,2017-05-28,286,12040,12326
602,2017-05-29,800,9630,10430
602,2017-05-30,815,9604,10419
602,2017-05-31,827,9278,10105
602,2017-06-01,810,9973,10783
602,2017-06-03,277,8496,8773
602,2017-06-04,110,9008,9118
602,2017-06-05,224,9634,9858
602,2017-06-06,244,3818,4062
602,2017-06-07,242,2732,2974
602,2017-06-08,106,1631,1737
602,2017-06-10,241,7108,7349
602,2017-06-11,96,8427,8523
602,2017-06-12,812,9389,10201
602,2017-06-13,930,9475,10405
602,2017-06-14,890,9517,10407
602,2017-06-15,1006,10164,11170
602,2017-06-17,346,9722,10068
602,2017-06-18,143,9220,9363
602,2017-06-19,826,9364,10190
602,2017-06-20,879,9627,10506
602,2017-06-21,828,9829,10657
602,2017-06-22,892,10265,11157
602,2017-06-24,290,7507,7797
602,2017-06-25,108,7635,7743
602,2017-06-26,716,9894,10610
602,2017-06-27,984,9618,10602
602,2017-06-28,799,9581,10380
602,2017-06-29,870,10024,10894
602,2017-07-01,277,7344,7621
602,2017-07-02,112,7893,8005
602,2017-07-03,710,9092,9802
602,2017-07-04,823,9693,10516
602,2017-07-05,801,9926,10727
602,2017-07-06,835,10401,11236
602,2017-07-08,309,8357,8666
602,2017-07-09,126,8756,8882
602,2017-07-10,924,9330,10254
602,2017-07-11,966,9268,10234
602,2017-07-12,922,9906,10828
602,2017-07-13,838,10429,11267
602,2017-07-15,292,8621,8913
602,2017-07-16,143,9154,9297
602,2017-07-17,687,9875,10562
602,2017-07-18,734,10173,10907
602,2017-07-19,811,9968,10779
602,2017-07-20,908,10552,11460
602,2017-07-21,628,11555,12183
602,2017-07-22,288,8745,9033
602,2017-07-23,103,9048,9151
602,2017-07-24,744,9770,10514
602,2017-07-25,720,9614,10334
602,2017-07-26,1075,9564,10639
602,2017-07-27,958,9899,10857
602,2017-07-28,948,10137,11085
602,2017-07-29,511,8014,8525
602,2017-07-30,299,8606,8905
602,2017-07-31,815,8753,9568
602,2017-08-01,767,8763,9530
602,2017-08-02,798,8361,9159
602,2017-08-03,856,8646,9502
602,2017-08-04,917,9936,10853
602,2017-08-05,515,7884,8399
602,2017-08-06,348,8777,9125
602,2017-08-07,833,8541,9374
602,2017-08-08,797,8511,9308
602,2017-08-09,847,8221,9068
602,2017-08-10,1042,9056,10098
602,2017-08-11,1014,9343,10357
602,2017-08-12,388,7645,8033
602,2017-08-13,249,8278,8527
602,2017-08-14,788,8282,9070
602,2017-08-15,407,6982,7389
602,2017-08-16,944,8492,9436
602,2017-08-17,985,8550,9535
602,2017-08-18,932,9661,10593
602,2017-08-19,493,7368,7861
602,2017-08-20,285,8669,8954
602,2017-08-21,1057,9074,10131
602,2017-08-22,1103,9308,10411
602,2017-08-23,1144,9494,10638
602,2017-08-24,1284,9864,11148
602,2017-08-25,1096,11095,12191
602,2017-08-26,604,8424,9028
602,2017-08-27,218,8301,8519
602,2017-08-28,1148,9507,10655
602,2017-08-29,1093,9503,10596
602,2017-08-30,1213,9321,10534
602,2017-08-31,1209,9727,10936
602,2017-09-01,1119,10455,11574
602,2017-09-02,427,7305,7732
602,2017-09-03,221,7820,8041
602,2017-09-04,978,9227,10205
602,2017-09-05,1104,9195,10299
602,2017-09-06,1159,8943,10102
602,2017-09-07,1168,9370,10538
602,2017-09-08,1019,10208,11227
602,2017-09-09,377,6860,7237
602,2017-09-10,190,7268,7458
602,2017-09-11,993,9126,10119
602,2017-09-12,1104,9249,10353
602,2017-09-13,1041,9142,10183
602,2017-09-14,1138,9774,10912
602,2017-09-15,1130,9944,11074
602,2017-09-16,242,6876,7118
602,2017-09-17,208,7174,7382
602,2017-09-18,1120,8867,9987
602,2017-09-19,1142,9010,10152
602,2017-09-20,1285,8943,10228
602,2017-09-21,1190,9484,10674
602,2017-09-22,1215,10236,11451
602,2017-09-23,457,7043,7500
602,2017-09-24,220,8065,8285
602,2017-09-25,1080,8951,10031
602,2017-09-26,1147,9025,10172
602,2017-09-27,1150,9035,10185
602,2017-09-28,1261,9602,10863
602,2017-09-29,1152,10194,11346
602,2017-09-30,454,7454,7908
602,2017-10-01,161,7657,7818
602,2017-10-02,998,8820,9818
602,2017-10-03,1162,9836,10998
602,2017-10-04,1172,8700,9872
602,2017-10-05,1020,9331,10351
602,2017-10-06,1092,10188,11280
602,2017-10-07,338,6767,7105
602,2017-10-08,111,7696,7807
602,2017-10-09,1067,8839,9906
602,2017-10-10,1041,9088,10129
602,2017-10-11,1186,8875,10061
602,2017-10-12,1023,9338,10361
602,2017-10-13,1070,10276,11346
602,2017-10-14,350,7345,7695
602,2017-10-15,163,8417,8580
602,2017-10-16,1145,9359,10504
602,2017-10-17,1237,9139,10376
602,2017-10-18,1155,8963,10118
602,2017-10-19,1166,9276,10442
602,2017-10-20,1143,10201,11344
602,2017-10-21,340,6766,7106
602,2017-10-22,115,7084,7199
602,2017-10-23,1127,8858,9985
602,2017-10-24,1011,9008,10019
602,2017-10-25,1207,8725,9932
602,2017-10-26,1179,9502,10681
602,2017-10-27,1148,10396,11544
602,2017-10-28,371,7053,7424
602,2017-11-23,925,8986,9911
602,2017-11-24,915,9592,10507
602,2017-11-25,241,6737,6978
602,2017-11-26,74,6362,6436
602,2017-11-27,852,8731,9583
602,2017-11-28,948,8859,9807
602,2017-11-29,812,7318,8130
602,2017-11-30,993,9193,10186
602,2017-12-01,978,9787,10765
602,2017-12-02,315,6531,6846
602,2017-12-03,99,5850,5949
602,2017-12-04,1076,8694,9770
602,2017-12-05,1055,9043,10098
602,2017-12-06,1055,8825,9880
602,2017-12-07,1096,9207,10303
602,2017-12-08,1058,9564,10622
602,2017-12-09,305,6249,6554
602,2017-12-10,96,4084,4180
604,2017-01-01,4,1749,1753
604,2017-01-03,86,4716,4802
604,2017-01-04,89,4833,4922
604,2017-01-05,105,4939,5044
604,2017-01-06,92,5231,5323
604,2017-01-07,46,3285,3331
604,2017-01-08,12,2930,2942
604,2017-01-10,114,5708,5822
604,2017-01-11,123,5833,5956
604,2017-01-12,148,6165,6313
604,2017-01-13,71,4666,4737
604,2017-01-14,29,3404,3433
604,2017-01-15,8,3032,3040
604,2017-01-17,133,6050,6183
604,2017-01-18,139,5866,6005
604,2017-01-19,124,6135,6259
604,2017-01-20,113,6240,6353
604,2017-01-21,26,4245,4271
604,2017-01-22,9,3546,3555
604,2017-01-24,118,5724,5842
604,2017-01-25,136,5941,6077
604,2017-01-26,125,6204,6329
604,2017-01-27,116,6544,6660
604,2017-01-28,25,4260,4285
604,2017-01-29,10,3446,3456
604,2017-01-31,128,6163,6291
604,2017-02-01,145,5808,5953
604,2017-02-02,110,6196,6306
604,2017-02-03,98,6296,6394
604,2017-02-04,25,4059,4084
604,2017-02-05,14,3389,3403
604,2017-02-07,118,5905,6023
604,2017-02-08,131,6009,6140
604,2017-02-09,155,6371,6526
604,2017-02-10,117,6320,6437
604,2017-02-11,33,4008,4041
604,2017-02-12,7,3383,3390
604,2017-02-14,101,6061,6162
604,2017-02-15,89,5875,5964
604,2017-02-16,76,5918,5994
604,2017-02-17,83,6042,6125
604,2017-02-18,22,3879,3901
604,2017-02-19,18,3321,3339
604,2017-02-21,124,5242,5366
604,2017-02-22,59,5434,5493
604,2017-02-23,128,5426,5554
604,2017-02-24,77,5654,5731
604,2017-02-25,44,3631,3675
604,2017-02-26,7,3055,3062
604,2017-02-28,134,5116,5250
604,2017-03-01,154,5416,5570
604,2017-03-02,103,6043,6146
604,2017-03-03,78,6012,6090
604,2017-03-04,30,4246,4276
604,2017-03-05,20,3094,3114
604,2017-03-07,84,5704,5788
604,2017-03-08,150,5558,5708
604,2017-03-09,148,5778,5926
604,2017-03-10,67,6347,6414
604,2017-03-11,27,4320,4347
604,2017-03-12,4,3758,3762
604,2017-03-14,74,5772,5846
604,2017-03-15,83,5654,5737
604,2017-03-16,99,6047,6146
604,2017-03-17,86,6153,6239
604,2017-03-18,31,4328,4359
604,2017-03-19,12,3474,3486
604,2017-03-21,118,5714,5832
604,2017-03-22,85,5520,5605
604,2017-03-23,76,6072,6148
604,2017-03-24,71,6270,6341
604,2017-03-25,22,4554,4576
604,2017-03-28,86,5841,5927
604,2017-03-29,91,5748,5839
604,2017-03-30,82,6219,6301
604,2017-03-31,86,6362,6448
604,2017-04-01,8,4292,4300
604,2017-04-02,11,3967,3978
604,2017-04-04,95,5892,5987
604,2017-04-05,104,5876,5980
604,2017-04-06,97,6011,6108
604,2017-04-07,80,6187,6267
604,2017-04-08,24,4305,4329
604,2017-04-09,4,4045,4049
604,2017-04-11,85,5656,5741
604,2017-04-12,82,5569,5651
604,2017-04-13,70,5856,5926
604,2017-04-14,69,5940,6009
604,2017-04-15,32,4328,4360
604,2017-04-16,16,3019,3035
604,2017-04-18,83,5682,5765
604,2017-04-19,79,5426,5505
604,2017-04-20,97,5652,5749
604,2017-04-21,87,5782,5869
604,2017-04-22,48,4039,4087
604,2017-04-23,6,3648,3654
604,2017-04-25,99,6162,6261
604,2017-04-26,87,5805,5892
604,2017-04-27,104,5983,6087
604,2017-04-28,68,6490,6558
604,2017-04-29,20,4842,4862
604,2017-04-30,13,4235,4248
604,2017-05-02,72,5964,6036
604,2017-05-03,164,5916,6080
604,2017-05-04,99,6122,6221
604,2017-05-05,92,6273,6365
604,2017-05-06,23,4447,4470
604,2017-05-07,4,3940,3944
604,2017-05-09,73,5912,5985
604,2017-05-10,80,6016,6096
604,2017-05-11,75,6008,6083
604,2017-05-12,72,6271,6343
604,2017-05-13,27,4529,4556
604,2017-05-14,16,4258,4274
604,2017-05-16,92,6014,6106
604,2017-05-17,84,5774,5858
604,2017-05-18,170,6100,6270
604,2017-05-19,130,6376,6506
604,2017-05-20,29,4352,4381
604,2017-05-21,18,3986,4004
604,2017-05-23,84,6021,6105
604,2017-05-24,78,6387,6465
604,2017-05-25,9,4006,4015
604,2017-05-26,52,5710,5762
604,2017-05-27,26,4862,4888
604,2017-05-28,36,4122,4158
604,2017-05-30,81,5962,6043
604,2017-05-31,97,6005,6102
604,2017-06-01,84,6216,6300
604,2017-06-02,75,6288,6363
604,2017-06-03,25,4614,4639
604,2017-06-04,6,4110,4116
604,2017-06-06,282,6056,6338
604,2017-06-07,326,6212,6538
604,2017-06-08,129,6315,6444
604,2017-06-09,204,6682,6886
604,2017-06-10,15,4664,4679
604,2017-06-11,18,4051,4069
604,2017-06-13,99,5851,5950
604,2017-06-14,83,5864,5947
604,2017-06-15,180,6022,6202
604,2017-06-16,67,6357,6424
604,2017-06-17,34,4787,4821
604,2017-06-18,3,4086,4089
604,2017-06-20,81,5988,6069
604,2017-06-21,97,6137,6234
604,2017-06-22,86,6617,6703
604,2017-06-23,34,3949,3983
604,2017-06-24,25,4551,4576
604,2017-06-25,18,3677,3695
604,2017-06-27,72,5821,5893
604,2017-06-28,148,5996,6144
604,2017-06-29,150,6206,6356
604,2017-06-30,84,6396,6480
604,2017-07-01,44,4558,4602
604,2017-07-02,10,3965,3975
604,2017-07-04,84,5985,6069
604,2017-07-05,80,6097,6177
604,2017-07-06,168,6272,6440
604,2017-07-07,142,6438,6580
604,2017-07-08,21,4411,4432
604,2017-07-09,8,4007,4015
604,2017-07-11,144,5910,6054
604,2017-07-12,140,6014,6154
604,2017-07-13,71,6103,6174
604,2017-07-14,72,6125,6197
604,2017-07-15,21,4400,4421
604,2017-07-16,3,3913,3916
604,2017-07-18,72,5718,5790
604,2017-07-19,75,5566,5641
604,2017-07-20,106,5834,5940
604,2017-07-21,55,5992,6047
604,2017-07-22,27,4378,4405
604,2017-07-23,18,3794,3812
604,2017-07-24,56,5444,5500
604,2017-07-25,70,5440,5510
604,2017-07-26,56,5560,5616
604,2017-07-27,106,5684,5790
604,2017-07-28,319,5542,5861
604,2017-07-29,162,4121,4283
604,2017-07-30,62,3433,3495
604,2017-07-31,348,4355,4703
604,2017-08-01,266,4647,4913
604,2017-08-02,281,4488,4769
604,2017-08-03,282,4334,4616
604,2017-08-04,305,4711,5016
604,2017-08-05,143,3817,3960
604,2017-08-06,96,3657,3753
604,2017-08-07,316,4178,4494
604,2017-08-08,311,4263,4574
604,2017-08-09,309,4283,4592
604,2017-08-10,280,4306,4586
604,2017-08-11,310,4418,4728
604,2017-08-12,148,3591,3739
604,2017-08-13,42,3476,3518
604,2017-08-14,271,4184,4455
604,2017-08-15,40,2982,3022
604,2017-08-16,313,4429,4742
604,2017-08-17,300,4659,4959
604,2017-08-18,292,4805,5097
604,2017-08-19,151,3806,3957
604,2017-08-20,51,3850,3901
604,2017-08-21,311,4910,5221
604,2017-08-22,406,5075,5481
604,2017-08-23,407,5189,5596
604,2017-08-24,384,5264,5648
604,2017-08-25,342,5515,5857
604,2017-08-26,170,4119,4289
604,2017-08-27,46,3546,3592
604,2017-08-28,330,5124,5454
604,2017-08-29,383,5386,5769
604,2017-08-30,368,5232,5600
604,2017-08-31,389,5758,6147
604,2017-09-01,373,5369,5742
604,2017-09-02,171,3880,4051
604,2017-09-03,102,3488,3590
604,2017-09-04,378,4830,5208
604,2017-09-05,389,5109,5498
604,2017-09-06,361,4924,5285
604,2017-09-07,408,5290,5698
604,2017-09-08,363,5477,5840
604,2017-09-09,146,3859,4005
604,2017-09-10,25,3490,3515
604,2017-09-11,334,5136,5470
604,2017-09-12,336,5112,5448
604,2017-09-13,327,5187,5514
604,2017-09-14,378,5440,5818
604,2017-09-15,349,5825,6174
604,2017-09-16,176,4198,4374
604,2017-09-17,41,3765,3806
604,2017-09-18,345,5287,5632
604,2017-09-19,382,5286,5668
604,2017-09-20,357,5289,5646
604,2017-09-21,389,5585,5974
604,2017-09-22,382,5748,6130
604,2017-09-23,182,4552,4734
604,2017-09-24,53,3997,4050
604,2017-09-25,390,5478,5868
604,2017-09-26,381,5635,6016
604,2017-09-27,420,5500,5920
604,2017-09-28,390,5814,6204
604,2017-09-29,379,5881,6260
604,2017-09-30,144,4210,4354
604,2017-10-01,63,3697,3760
604,2017-10-02,353,5403,5756
604,2017-10-03,377,5539,5916
604,2017-10-04,370,5420,5790
604,2017-10-05,371,5474,5845
604,2017-10-06,406,6024,6430
604,2017-10-07,209,4098,4307
604,2017-10-08,46,3889,3935
604,2017-10-09,369,5339,5708
604,2017-10-10,329,5566,5895
604,2017-10-11,364,5454,5818
604,2017-10-12,359,5620,5979
604,2017-10-13,371,5787,6158
604,2017-10-14,202,4158,4360
604,2017-10-15,89,3709,3798
604,2017-10-16,364,5312,5676
604,2017-10-17,343,5536,5879
604,2017-10-18,367,5288,5655
604,2017-10-19,363,5719,6082
604,2017-10-20,348,6043,6391
604,2017-10-21,148,3997,4145
604,2017-10-22,29,3402,3431
604,2017-10-23,352,5177,5529
604,2017-10-24,317,5608,5925
604,2017-10-25,369,5437,5806
604,2017-10-26,394,5548,5942
604,2017-10-27,361,5933,6294
604,2017-10-28,147,4100,4247
604,2017-10-29,36,3645,3681
604,2017-10-30,347,5126,5473
604,2017-11-01,30,3372,3402
604,2017-11-02,350,4728,5078
604,2017-11-03,376,5017,5393
604,2017-11-04,154,3820,3974
604,2017-11-05,25,3214,3239
604,2017-11-06,404,5362,5766
604,2017-11-07,400,5465,5865
604,2017-11-08,338,5301,5639
604,2017-11-09,362,5628,5990
604,2017-11-10,370,5573,5943
604,2017-11-11,119,4064,4183
604,2017-11-12,34,3209,3243
604,2017-11-13,350,5238,5588
604,2017-11-14,377,5349,5726
604,2017-11-15,401,5433,5834
604,2017-11-16,370,5618,5988
604,2017-11-17,356,5648,6004
604,2017-11-18,150,3959,4109
604,2017-11-19,24,3401,3425
604,2017-11-20,350,4964,5314
604,2017-11-21,389,5261,5650
604,2017-11-22,368,5108,5476
604,2017-11-23,368,5421,5789
604,2017-11-24,358,5734,6092
604,2017-11-25,118,4057,4175
604,2017-11-26,29,3164,3193
604,2017-11-27,352,5146,5498
604,2017-11-28,386,5458,5844
604,2017-11-29,397,5055,5452
604,2017-11-30,370,5632,6002
604,2017-12-01,349,5532,5881
604,2017-12-02,143,3890,4033
604,2017-12-03,15,3100,3115
604,2017-12-04,307,5213,5520
604,2017-12-05,361,5378,5739
604,2017-12-06,399,5112,5511
604,2017-12-07,354,5607,5961
604,2017-12-08,377,5457,5834
604,2017-12-09,146,3799,3945
604,2017-12-10,35,2271,2306
604,2017-12-11,288,5390,5678
604,2017-12-12,368,5218,5586
604,2017-12-13,416,4954,5370
604,2017-12-14,354,5380,5734
604,2017-12-15,275,5631,5906
604,2017-12-16,129,3738,3867
604,2017-12-17,22,3188,3210
604,2017-12-18,279,4973,5252
604,2017-12-19,326,5193,5519
604,2017-12-20,309,5242,5551
604,2017-12-21,296,5387,5683
604,2017-12-22,272,5539,5811
604,2017-12-23,110,4122,4232
604,2017-12-24,24,2978,3002
604,2017-12-25,3,1573,1576
604,2017-12-26,22,2547,2569
604,2017-12-27,234,3931,4165
604,2017-12-28,239,3845,4084
604,2017-12-29,205,3698,3903
604,2017-12-30,116,3694,3810
604,2017-12-31,23,2920,2943
605,2017-01-01,NA,766,NA
605,2017-01-02,6,1481,1487
605,2017-01-03,10,1954,1964
605,2017-01-05,30,2118,2148
605,2017-01-06,10,2475,2485
605,2017-01-07,2,1248,1250
605,2017-01-08,NA,873,NA
605,2017-01-09,30,2440,2470
605,2017-01-10,34,2250,2284
605,2017-01-11,20,2524,2544
605,2017-01-12,20,2415,2435
605,2017-01-13,12,2181,2193
605,2017-01-14,2,1445,1447
605,2017-01-15,2,1016,1018
605,2017-01-16,18,2783,2801
605,2017-01-17,26,2833,2859
605,2017-01-19,26,2995,3021
605,2017-01-20,17,3095,3112
605,2017-01-21,4,1830,1834
605,2017-01-22,NA,1509,NA
605,2017-01-23,15,2845,2860
605,2017-01-24,29,2791,2820
605,2017-01-26,27,2826,2853
605,2017-01-27,26,3002,3028
605,2017-01-28,NA,1588,NA
605,2017-01-29,2,1058,1060
605,2017-01-30,17,2410,2427
605,2017-01-31,25,2741,2766
605,2017-02-02,18,2690,2708
605,2017-02-03,16,2614,2630
605,2017-02-04,6,1201,1207
605,2017-02-05,NA,915,NA
605,2017-02-06,23,2698,2721
605,2017-02-07,48,2493,2541
605,2017-02-09,34,2928,2962
605,2017-02-10,18,3007,3025
605,2017-02-11,NA,1545,NA
605,2017-02-12,NA,1091,NA
605,2017-02-13,40,2995,3035
605,2017-02-14,22,3370,3392
605,2017-02-16,8,3038,3046
605,2017-02-17,13,3038,3051
605,2017-02-18,NA,1649,NA
605,2017-02-19,2,1292,1294
605,2017-02-20,16,2652,2668
605,2017-02-21,13,2842,2855
605,2017-02-23,18,2696,2714
605,2017-02-24,24,3464,3488
605,2017-02-25,2,1622,1624
605,2017-02-26,NA,1105,NA
605,2017-02-27,6,2229,2235
605,2017-02-28,22,2817,2839
605,2017-03-02,23,3157,3180
605,2017-03-03,30,3026,3056
605,2017-03-04,8,1548,1556
605,2017-03-05,4,998,1002
605,2017-03-06,26,2732,2758
605,2017-03-07,37,3132,3169
605,2017-03-09,22,3828,3850
605,2017-03-10,28,3256,3284
605,2017-03-11,2,2037,2039
605,2017-03-12,NA,1557,NA
605,2017-03-13,14,3142,3156
605,2017-03-14,13,3383,3396
605,2017-03-16,24,3328,3352
605,2017-03-17,14,3368,3382
605,2017-03-18,4,1734,1738
605,2017-03-19,NA,1248,NA
605,2017-03-20,11,3127,3138
605,2017-03-21,27,3100,3127
605,2017-03-23,24,3286,3310
605,2017-03-24,7,3380,3387
605,2017-03-25,12,1934,1946
605,2017-03-27,17,3148,3165
605,2017-03-28,20,3317,3337
605,2017-03-30,8,3386,3394
605,2017-03-31,15,3570,3585
605,2017-04-01,6,1767,1773
605,2017-04-02,4,1463,1467
605,2017-04-03,18,3144,3162
605,2017-04-04,30,3206,3236
605,2017-04-06,12,3328,3340
605,2017-04-07,26,3301,3327
605,2017-04-08,2,1820,1822
605,2017-04-09,NA,1617,NA
605,2017-04-10,26,3029,3055
605,2017-04-11,38,3134,3172
605,2017-04-13,34,3038,3072
605,2017-04-14,12,3006,3018
605,2017-04-15,2,1910,1912
605,2017-04-16,NA,1249,NA
605,2017-04-17,2,1656,1658
605,2017-04-18,16,3060,3076
605,2017-04-20,23,3192,3215
605,2017-04-21,12,3355,3367
605,2017-04-22,4,2565,2569
605,2017-04-23,2,1572,1574
605,2017-04-24,14,3242,3256
605,2017-04-25,40,3244,3284
605,2017-04-27,15,3268,3283
605,2017-04-28,6,3338,3344
605,2017-04-29,2,2123,2125
605,2017-04-30,NA,1702,NA
605,2017-05-01,NA,1295,NA
605,2017-05-02,24,3161,3185
605,2017-05-04,17,3301,3318
605,2017-05-05,32,3240,3272
605,2017-05-06,2,1849,1851
605,2017-05-07,2,1300,1302
605,2017-05-08,22,3039,3061
605,2017-05-09,16,3142,3158
605,2017-05-11,32,3207,3239
605,2017-05-12,34,3490,3524
605,2017-05-13,4,1959,1963
605,2017-05-14,NA,2004,NA
605,2017-05-15,28,3087,3115
605,2017-05-16,10,3261,3271
605,2017-05-18,15,2911,2926
605,2017-05-19,16,2793,2809
605,2017-05-20,2,1929,1931
605,2017-05-21,2,1553,1555
605,2017-05-22,17,3033,3050
605,2017-05-23,14,3259,3273
605,2017-05-25,2,1861,1863
605,2017-05-26,8,2611,2619
605,2017-05-27,NA,2155,NA
605,2017-05-28,2,1656,1658
605,2017-05-29,13,3058,3071
605,2017-05-30,34,3192,3226
605,2017-06-01,34,3241,3275
605,2017-06-02,12,3279,3291
605,2017-06-03,4,2058,2062
605,2017-06-04,NA,1532,NA
605,2017-06-05,2,1622,1624
605,2017-06-06,41,2468,2509
605,2017-06-08,44,2636,2680
605,2017-06-09,40,3580,3620
605,2017-06-10,NA,1759,NA
605,2017-06-11,2,1347,1349
605,2017-06-12,36,2973,3009
605,2017-06-13,15,3047,3062
605,2017-06-15,25,3204,3229
605,2017-06-16,17,3322,3339
605,2017-06-17,6,2242,2248
605,2017-06-18,4,1625,1629
605,2017-06-19,13,2962,2975
605,2017-06-20,36,3160,3196
605,2017-06-22,46,3138,3184
605,2017-06-23,12,1619,1631
605,2017-06-24,4,1664,1668
605,2017-06-25,NA,1283,NA
605,2017-06-26,15,3002,3017
605,2017-06-27,8,2833,2841
605,2017-06-29,32,4052,4084
605,2017-06-30,12,3150,3162
605,2017-07-01,NA,1504,NA
605,2017-07-02,NA,1325,NA
605,2017-07-03,12,2380,2392
605,2017-07-04,48,3123,3171
605,2017-07-06,15,3174,3189
605,2017-07-07,14,3224,3238
605,2017-07-08,2,1978,1980
605,2017-07-09,NA,2146,NA
605,2017-07-10,26,3972,3998
605,2017-07-11,36,4006,4042
605,2017-07-13,15,2981,2996
605,2017-07-14,24,4030,4054
605,2017-07-15,10,1775,1785
605,2017-07-16,NA,1540,NA
605,2017-07-17,14,2872,2886
605,2017-07-18,36,3037,3073
605,2017-07-20,19,2971,2990
605,2017-07-21,11,2953,2964
605,2017-07-22,4,1750,1754
605,2017-07-23,7,1459,1466
605,2017-07-24,38,3574,3612
605,2017-07-25,14,3704,3718
605,2017-07-27,383,3590,3973
605,2017-07-28,302,4223,4525
605,2017-07-29,73,3609,3682
605,2017-07-30,34,2126,2160
605,2017-07-31,289,2921,3210
605,2017-08-01,204,2940,3144
605,2017-08-02,261,2979,3240
605,2017-08-03,215,2810,3025
605,2017-08-04,248,2901,3149
605,2017-08-05,77,1855,1932
605,2017-08-06,44,1825,1869
605,2017-08-07,246,2769,3015
605,2017-08-08,225,2739,2964
605,2017-08-09,232,2962,3194
605,2017-08-10,226,2718,2944
605,2017-08-11,201,2875,3076
605,2017-08-12,68,2244,2312
605,2017-08-13,41,2089,2130
605,2017-08-14,221,2778,2999
605,2017-08-15,60,2012,2072
605,2017-08-16,265,3241,3506
605,2017-08-17,272,3159,3431
605,2017-08-18,260,3274,3534
605,2017-08-19,96,2116,2212
605,2017-08-20,38,1969,2007
605,2017-08-21,352,3353,3705
605,2017-08-22,387,3469,3856
605,2017-08-23,393,3660,4053
605,2017-08-24,435,3580,4015
605,2017-08-25,351,3631,3982
605,2017-08-26,106,2194,2300
605,2017-08-27,49,1863,1912
605,2017-08-28,424,3391,3815
605,2017-08-29,474,3513,3987
605,2017-08-30,582,3572,4154
605,2017-08-31,441,3522,3963
605,2017-09-01,399,3433,3832
605,2017-09-02,89,1988,2077
605,2017-09-03,38,1863,1901
605,2017-09-04,430,3275,3705
605,2017-09-05,498,3395,3893
605,2017-09-06,434,3407,3841
605,2017-09-07,435,3496,3931
605,2017-09-08,433,3479,3912
605,2017-09-09,93,2161,2254
605,2017-09-10,36,1846,1882
605,2017-09-11,411,3423,3834
605,2017-09-12,419,3508,3927
605,2017-09-13,423,3444,3867
605,2017-09-14,440,3614,4054
605,2017-09-15,417,3787,4204
605,2017-09-16,91,2415,2506
605,2017-09-17,40,2040,2080
605,2017-09-18,411,3646,4057
605,2017-09-19,481,3724,4205
605,2017-09-20,416,3695,4111
605,2017-09-21,452,3945,4397
605,2017-09-22,464,3999,4463
605,2017-09-23,125,2686,2811
605,2017-09-24,37,2056,2093
605,2017-09-25,493,3772,4265
605,2017-09-26,436,3777,4213
605,2017-09-27,523,3950,4473
605,2017-09-28,456,3864,4320
605,2017-09-29,499,3971,4470
605,2017-09-30,62,2492,2554
605,2017-10-01,24,2173,2197
605,2017-10-02,471,3629,4100
605,2017-10-03,475,3860,4335
605,2017-10-04,454,3760,4214
605,2017-10-05,426,3829,4255
605,2017-10-06,397,4023,4420
605,2017-10-07,63,2343,2406
605,2017-10-08,26,1885,1911
605,2017-10-09,404,3637,4041
605,2017-10-10,417,3646,4063
605,2017-10-11,456,3774,4230
605,2017-10-12,431,3765,4196
605,2017-10-13,467,3813,4280
605,2017-10-14,170,2524,2694
605,2017-10-15,49,2357,2406
605,2017-10-16,432,3782,4214
605,2017-10-17,436,3942,4378
605,2017-10-18,535,3730,4265
605,2017-10-19,496,3872,4368
605,2017-10-20,395,3957,4352
605,2017-10-21,84,2306,2390
605,2017-10-22,32,1816,1848
605,2017-10-23,365,3617,3982
605,2017-10-24,406,3727,4133
605,2017-10-25,431,3696,4127
605,2017-10-26,458,3724,4182
605,2017-10-27,424,3869,4293
605,2017-10-28,136,2223,2359
605,2017-10-29,87,1898,1985
605,2017-10-30,446,3336,3782
605,2017-11-01,37,1774,1811
605,2017-11-02,394,3142,3536
605,2017-11-03,431,3427,3858
605,2017-11-04,96,2037,2133
605,2017-11-05,51,1768,1819
605,2017-11-06,455,3531,3986
605,2017-11-07,452,3719,4171
605,2017-11-08,494,3635,4129
605,2017-11-09,506,3626,4132
605,2017-11-10,372,3807,4179
605,2017-11-11,57,2212,2269
605,2017-11-12,25,1521,1546
605,2017-11-13,356,3563,3919
605,2017-11-14,410,3632,4042
605,2017-11-15,399,3594,3993
605,2017-11-16,401,3714,4115
605,2017-11-17,356,3748,4104
605,2017-11-18,70,2428,2498
605,2017-11-19,17,1874,1891
605,2017-11-20,407,3541,3948
605,2017-11-21,378,3636,4014
605,2017-11-22,438,3725,4163
605,2017-11-23,383,3696,4079
605,2017-11-24,391,3898,4289
605,2017-11-25,75,2322,2397
605,2017-11-26,23,1596,1619
605,2017-11-27,334,3437,3771
605,2017-11-28,395,3583,3978
605,2017-11-29,397,3581,3978
605,2017-11-30,382,3669,4051
605,2017-12-01,376,3806,4182
605,2017-12-02,72,2198,2270
605,2017-12-03,20,1424,1444
605,2017-12-04,368,3542,3910
605,2017-12-05,344,3536,3880
605,2017-12-06,354,3432,3786
605,2017-12-07,412,3790,4202
605,2017-12-08,384,3684,4068
605,2017-12-09,76,2176,2252
605,2017-12-10,28,1396,1424
605,2017-12-11,330,3607,3937
605,2017-12-12,395,3594,3989
605,2017-12-13,301,3374,3675
605,2017-12-14,373,3736,4109
605,2017-12-15,229,2873,3102
605,2017-12-16,51,2199,2250
605,2017-12-17,18,1584,1602
605,2017-12-18,267,3309,3576
605,2017-12-19,304,3496,3800
605,2017-12-20,327,3404,3731
605,2017-12-21,264,3283,3547
605,2017-12-22,178,3208,3386
605,2017-12-23,53,1782,1835
605,2017-12-24,16,1274,1290
605,2017-12-25,9,1079,1088
605,2017-12-26,18,1315,1333
605,2017-12-27,109,2107,2216
605,2017-12-28,139,2162,2301
605,2017-12-29,102,1916,2018
605,2017-12-30,46,1590,1636
605,2017-12-31,13,1201,1214
610,2017-01-01,51,4517,4568
610,2017-01-02,506,7085,7591
610,2017-01-03,704,8425,9129
610,2017-01-04,699,7844,8543
610,2017-01-05,719,8769,9488
610,2017-01-06,768,9206,9974
610,2017-01-07,262,5910,6172
610,2017-01-08,62,5429,5491
610,2017-01-09,890,9803,10693
610,2017-01-10,918,9834,10752
610,2017-01-11,892,10542,11434
610,2017-01-12,945,10173,11118
610,2017-01-13,763,8333,9096
610,2017-01-14,271,6715,6986
610,2017-01-15,82,7153,7235
610,2017-01-16,1009,10075,11084
610,2017-01-17,1116,10844,11960
610,2017-01-18,1133,10827,11960
610,2017-01-19,1018,11290,12308
610,2017-01-20,1048,11248,12296
610,2017-01-21,343,8494,8837
610,2017-01-22,99,8726,8825
610,2017-01-23,993,10399,11392
610,2017-01-24,1064,10549,11613
610,2017-01-25,994,9633,10627
610,2017-01-26,985,11423,12408
610,2017-01-27,1077,11529,12606
610,2017-01-28,313,7650,7963
610,2017-01-29,83,6780,6863
610,2017-01-30,1002,10828,11830
610,2017-01-31,1235,11348,12583
610,2017-02-01,1264,11459,12723
610,2017-02-02,1271,11456,12727
610,2017-02-03,1229,11694,12923
610,2017-02-04,312,7911,8223
610,2017-02-05,81,6901,6982
610,2017-02-06,1218,10933,12151
610,2017-02-07,1286,11716,13002
610,2017-02-08,1239,11557,12796
610,2017-02-09,1371,11809,13180
610,2017-02-10,1288,11652,12940
610,2017-02-11,328,7998,8326
610,2017-02-12,88,6844,6932
610,2017-02-13,1303,11011,12314
610,2017-02-14,1370,11615,12985
610,2017-02-15,1381,11485,12866
610,2017-02-16,1332,11647,12979
610,2017-02-17,1253,11856,13109
610,2017-02-18,344,7602,7946
610,2017-02-19,107,6640,6747
610,2017-02-20,1262,10333,11595
610,2017-02-21,1169,10852,12021
610,2017-02-22,1291,10812,12103
610,2017-02-23,1254,10280,11534
610,2017-02-24,1258,10890,12148
610,2017-02-25,354,7632,7986
610,2017-02-26,132,6865,6997
610,2017-02-27,872,9102,9974
610,2017-02-28,989,6910,7899
610,2017-03-01,1246,11081,12327
610,2017-03-02,1372,12137,13509
610,2017-03-03,1362,11949,13311
610,2017-03-04,332,8167,8499
610,2017-03-05,102,6765,6867
610,2017-03-06,1324,10956,12280
610,2017-03-07,1374,11722,13096
610,2017-03-08,1320,11306,12626
610,2017-03-09,1412,11957,13369
610,2017-03-10,1534,12240,13774
610,2017-03-11,391,8518,8909
610,2017-03-12,110,7670,7780
610,2017-03-13,1551,11141,12692
610,2017-03-14,1637,11945,13582
610,2017-03-15,1874,11826,13700
610,2017-03-16,1692,12096,13788
610,2017-03-17,1655,12371,14026
610,2017-03-18,324,8353,8677
610,2017-03-19,134,7365,7499
610,2017-03-20,1524,11193,12717
610,2017-03-21,1509,11844,13353
610,2017-03-22,1569,11750,13319
610,2017-03-23,1466,12148,13614
610,2017-03-24,1537,12320,13857
610,2017-03-25,431,8719,9150
610,2017-03-27,1533,11293,12826
610,2017-03-28,1466,11874,13340
610,2017-03-29,1664,11918,13582
610,2017-03-30,1644,12519,14163
610,2017-03-31,1702,12788,14490
610,2017-04-01,424,8820,9244
610,2017-04-02,114,8352,8466
610,2017-04-03,1591,11618,13209
610,2017-04-04,1796,12131,13927
610,2017-04-05,1804,12000,13804
610,2017-04-06,1810,12540,14350
610,2017-04-07,1712,12563,14275
610,2017-04-08,441,8809,9250
610,2017-04-09,149,8271,8420
610,2017-04-10,1672,11006,12678
610,2017-04-11,1692,11554,13246
610,2017-04-12,1797,11561,13358
610,2017-04-13,1747,11772,13519
610,2017-04-14,1707,12014,13721
610,2017-04-15,381,7673,8054
610,2017-04-16,116,6900,7016
610,2017-04-17,216,6984,7200
610,2017-04-18,1816,11142,12958
610,2017-04-19,1838,11467,13305
610,2017-04-20,1772,11590,13362
610,2017-04-21,1765,12131,13896
610,2017-04-22,616,8429,9045
610,2017-04-23,161,7942,8103
610,2017-04-24,1660,11593,13253
610,2017-04-25,1714,12275,13989
610,2017-04-26,1689,12209,13898
610,2017-04-27,1789,12971,14760
610,2017-04-28,1702,13047,14749
610,2017-04-29,586,9489,10075
610,2017-04-30,156,8789,8945
610,2017-05-01,231,6963,7194
610,2017-05-02,1687,11956,13643
610,2017-05-03,1580,12236,13816
610,2017-05-04,1773,12592,14365
610,2017-05-05,1746,13060,14806
610,2017-05-06,529,8950,9479
610,2017-05-07,181,7748,7929
610,2017-05-08,1618,11452,13070
610,2017-05-09,1737,12118,13855
610,2017-05-10,1857,12177,14034
610,2017-05-11,1739,12440,14179
610,2017-05-12,1553,13000,14553
610,2017-05-13,447,9392,9839
610,2017-05-14,207,8371,8578
610,2017-05-15,1577,11588,13165
610,2017-05-16,1590,12438,14028
610,2017-05-17,1632,12377,14009
610,2017-05-18,1396,12672,14068
610,2017-05-19,1489,13104,14593
610,2017-05-20,597,9155,9752
610,2017-05-21,194,8483,8677
610,2017-05-22,1561,11648,13209
610,2017-05-23,1497,12364,13861
610,2017-05-24,1619,13388,15007
610,2017-05-25,364,8831,9195
610,2017-05-26,1051,11581,12632
610,2017-05-27,427,9283,9710
610,2017-05-28,379,9329,9708
610,2017-05-29,1440,11695,13135
610,2017-05-30,1706,12412,14118
610,2017-05-31,1465,12243,13708
610,2017-06-01,1739,12943,14682
610,2017-06-02,1746,13610,15356
610,2017-06-03,543,9915,10458
610,2017-06-04,269,9230,9499
610,2017-06-05,459,8477,8936
610,2017-06-06,1716,11363,13079
610,2017-06-07,1922,11946,13868
610,2017-06-08,1780,11956,13736
610,2017-06-09,1760,12618,14378
610,2017-06-10,473,9318,9791
610,2017-06-11,215,9338,9553
610,2017-06-12,1814,12242,14056
610,2017-06-13,1600,12763,14363
610,2017-06-14,1579,12610,14189
610,2017-06-15,1714,12851,14565
610,2017-06-16,1598,13291,14889
610,2017-06-17,600,10041,10641
610,2017-06-18,285,9174,9459
610,2017-06-19,1727,11606,13333
610,2017-06-20,1569,12718,14287
610,2017-06-21,1700,12530,14230
610,2017-06-22,1742,13047,14789
610,2017-06-23,437,8598,9035
610,2017-06-24,475,8407,8882
610,2017-06-25,252,8159,8411
610,2017-06-26,1789,12015,13804
610,2017-06-27,1678,12562,14240
610,2017-06-28,1573,12432,14005
610,2017-06-29,1664,12763,14427
610,2017-06-30,1688,13639,15327
610,2017-07-01,526,9775,10301
610,2017-07-02,325,9221,9546
610,2017-07-03,1744,11584,13328
610,2017-07-04,1672,12532,14204
610,2017-07-05,1594,12642,14236
610,2017-07-06,1625,12761,14386
610,2017-07-07,1649,13493,15142
610,2017-07-08,547,10500,11047
610,2017-07-09,267,9971,10238
610,2017-07-10,1366,11852,13218
610,2017-07-11,1543,12775,14318
610,2017-07-12,1435,12569,14004
610,2017-07-13,1608,13215,14823
610,2017-07-14,1633,14089,15722
610,2017-07-15,687,11540,12227
610,2017-07-16,386,9270,9656
610,2017-07-17,1496,12235,13731
610,2017-07-18,1494,12341,13835
610,2017-07-19,1623,12445,14068
610,2017-07-20,1518,12672,14190
610,2017-07-21,1516,13186,14702
610,2017-07-22,541,9747,10288
610,2017-07-23,262,8740,9002
610,2017-07-24,1462,11976,13438
610,2017-07-25,1448,11950,13398
610,2017-07-26,1493,12627,14120
610,2017-07-27,1293,12661,13954
610,2017-07-28,1124,12264,13388
610,2017-07-29,566,9164,9730
610,2017-07-30,314,8597,8911
610,2017-07-31,1007,10466,11473
610,2017-08-01,975,10594,11569
610,2017-08-02,1073,10774,11847
610,2017-08-03,1027,10637,11664
610,2017-08-04,1052,11219,12271
610,2017-08-05,531,8946,9477
610,2017-08-06,330,9269,9599
610,2017-08-07,986,10027,11013
610,2017-08-08,943,10300,11243
610,2017-08-09,1074,10360,11434
610,2017-08-10,1026,10542,11568
610,2017-08-11,1105,10929,12034
610,2017-08-12,448,8514,8962
610,2017-08-13,236,8193,8429
610,2017-08-14,890,9280,10170
610,2017-08-15,334,6674,7008
610,2017-08-16,1082,10556,11638
610,2017-08-17,1140,10913,12053
610,2017-08-18,1098,10805,11903
610,2017-08-19,506,8446,8952
610,2017-08-20,267,8654,8921
610,2017-08-21,1328,10925,12253
610,2017-08-22,1431,11439,12870
610,2017-08-23,1497,11565,13062
610,2017-08-24,1532,11986,13518
610,2017-08-25,1508,12250,13758
610,2017-08-26,520,8936,9456
610,2017-08-27,191,8571,8762
610,2017-08-28,1587,11531,13118
610,2017-08-29,1500,11869,13369
610,2017-08-30,1528,11980,13508
610,2017-08-31,1498,12056,13554
610,2017-09-01,1579,12239,13818
610,2017-09-02,494,8518,9012
610,2017-09-03,217,8550,8767
610,2017-09-04,1501,11359,12860
610,2017-09-05,1544,11756,13300
610,2017-09-06,1530,11685,13215
610,2017-09-07,1688,11928,13616
610,2017-09-08,1714,12974,14688
610,2017-09-09,463,8440,8903
610,2017-09-10,206,8224,8430
610,2017-09-11,1474,11767,13241
610,2017-09-12,1610,12477,14087
610,2017-09-13,1529,12244,13773
610,2017-09-14,1567,12526,14093
610,2017-09-15,1762,13015,14777
610,2017-09-16,408,9249,9657
610,2017-09-17,188,8218,8406
610,2017-09-18,1589,12009,13598
610,2017-09-19,1633,12570,14203
610,2017-09-20,1586,12459,14045
610,2017-09-21,1605,12729,14334
610,2017-09-22,1559,13128,14687
610,2017-09-23,548,9136,9684
610,2017-09-24,205,8646,8851
610,2017-09-25,1460,11975,13435
610,2017-09-26,1552,12883,14435
610,2017-09-27,1496,13063,14559
610,2017-09-28,1527,12954,14481
610,2017-09-29,1574,13212,14786
610,2017-09-30,435,9517,9952
610,2017-10-01,176,8552,8728
610,2017-10-02,1471,11808,13279
610,2017-10-03,1557,12711,14268
610,2017-10-04,1634,12068,13702
610,2017-10-05,1573,12389,13962
610,2017-10-06,1498,12848,14346
610,2017-10-07,460,8736,9196
610,2017-10-08,154,8291,8445
610,2017-10-09,1505,11664,13169
610,2017-10-10,1569,12316,13885
610,2017-10-11,1652,12154,13806
610,2017-10-12,1531,12623,14154
610,2017-10-13,1568,12884,14452
610,2017-10-14,549,9551,10100
610,2017-10-15,259,8976,9235
610,2017-10-16,1597,12017,13614
610,2017-10-17,1577,12384,13961
610,2017-10-18,1690,11618,13308
610,2017-10-19,1677,11902,13579
610,2017-10-20,1557,12735,14292
610,2017-10-21,477,9004,9481
610,2017-10-22,145,7949,8094
610,2017-10-23,1586,11606,13192
610,2017-10-24,1469,12173,13642
610,2017-10-25,1579,12114,13693
610,2017-10-26,1776,12355,14131
610,2017-10-27,1739,12788,14527
610,2017-10-28,523,9161,9684
610,2017-10-29,265,8546,8811
610,2017-10-30,1864,12045,13909
610,2017-11-01,325,7974,8299
610,2017-11-02,1917,12181,14098
610,2017-11-03,1811,12493,14304
610,2017-11-04,472,8366,8838
610,2017-11-05,247,8283,8530
610,2017-11-06,1824,11525,13349
610,2017-11-07,1748,11943,13691
610,2017-11-08,1783,11808,13591
610,2017-11-09,1525,12538,14063
610,2017-11-10,1591,12488,14079
610,2017-11-11,338,8629,8967
610,2017-11-12,109,6882,6991
610,2017-11-13,1682,11392,13074
610,2017-11-14,1679,11885,13564
610,2017-11-15,1698,11678,13376
610,2017-11-16,1759,12249,14008
610,2017-11-17,1699,12408,14107
610,2017-11-18,369,8283,8652
610,2017-11-19,114,7445,7559
610,2017-11-20,1642,11442,13084
610,2017-11-21,1596,12025,13621
610,2017-11-22,1643,11766,13409
610,2017-11-23,1617,12082,13699
610,2017-11-24,1459,12458,13917
610,2017-11-25,364,8669,9033
610,2017-11-26,100,7157,7257
610,2017-11-27,1401,11512,12913
610,2017-11-28,1641,11975,13616
610,2017-11-29,1481,11077,12558
610,2017-11-30,1500,11976,13476
610,2017-12-01,1446,12384,13830
610,2017-12-02,372,8273,8645
610,2017-12-03,87,6526,6613
610,2017-12-04,1576,11377,12953
610,2017-12-05,1642,12114,13756
610,2017-12-06,1694,11425,13119
610,2017-12-07,1440,12086,13526
610,2017-12-08,1475,11665,13140
610,2017-12-09,371,8649,9020
610,2017-12-10,89,5236,5325
610,2017-12-11,1366,11181,12547
610,2017-12-12,1309,12023,13332
610,2017-12-13,1181,8336,9517
610,2017-12-14,1385,11042,12427
610,2017-12-15,1080,9971,11051
610,2017-12-16,350,7944,8294
610,2017-12-17,104,7174,7278
610,2017-12-18,987,10047,11034
610,2017-12-19,1110,10629,11739
610,2017-12-20,1058,10661,11719
610,2017-12-21,969,10540,11509
610,2017-12-22,825,10032,10857
610,2017-12-23,284,6986,7270
610,2017-12-24,56,5092,5148
610,2017-12-25,44,5358,5402
610,2017-12-26,105,5834,5939
610,2017-12-27,631,8146,8777
610,2017-12-28,659,8030,8689
610,2017-12-29,501,7042,7543
610,2017-12-30,265,6860,7125
610,2017-12-31,62,4908,4970
708,2017-01-01,26,2009,2035
708,2017-01-02,145,2882,3027
708,2017-01-04,156,3310,3466
708,2017-01-05,156,3494,3650
708,2017-01-06,164,3598,3762
708,2017-01-07,89,2786,2875
708,2017-01-08,37,2260,2297
708,2017-01-09,182,3833,4015
708,2017-01-10,187,3860,4047
708,2017-01-11,213,3748,3961
708,2017-01-12,197,3971,4168
708,2017-01-13,148,3712,3860
708,2017-01-14,102,3250,3352
708,2017-01-15,28,2479,2507
708,2017-01-16,227,4143,4370
708,2017-01-17,267,4297,4564
708,2017-01-19,231,4183,4414
708,2017-01-20,233,4058,4291
708,2017-01-21,89,3473,3562
708,2017-01-22,31,2642,2673
708,2017-01-23,242,3949,4191
708,2017-01-24,228,4139,4367
708,2017-01-26,240,3844,4084
708,2017-01-27,199,3810,4009
708,2017-01-28,109,3519,3628
708,2017-01-29,28,2587,2615
708,2017-01-30,288,4144,4432
708,2017-01-31,244,4153,4397
708,2017-02-02,269,4147,4416
708,2017-02-03,307,4517,4824
708,2017-02-04,124,3562,3686
708,2017-02-05,42,2846,2888
708,2017-02-06,289,3963,4252
708,2017-02-07,280,4315,4595
708,2017-02-09,284,4293,4577
708,2017-02-10,266,4357,4623
708,2017-02-11,129,3671,3800
708,2017-02-12,30,2814,2844
708,2017-02-13,296,4085,4381
708,2017-02-14,292,4404,4696
708,2017-02-16,320,4254,4574
708,2017-02-17,266,4312,4578
708,2017-02-18,125,3408,3533
708,2017-02-19,33,2615,2648
708,2017-02-20,220,3613,3833
708,2017-02-21,226,3791,4017
708,2017-02-23,204,3698,3902
708,2017-02-24,212,3950,4162
708,2017-02-25,122,3497,3619
708,2017-02-26,56,2664,2720
708,2017-02-27,214,3640,3854
708,2017-02-28,239,3969,4208
708,2017-03-02,286,4298,4584
708,2017-03-03,365,4534,4899
708,2017-03-04,130,3594,3724
708,2017-03-05,37,2765,2802
708,2017-03-06,230,3976,4206
708,2017-03-07,307,4555,4862
708,2017-03-09,289,4454,4743
708,2017-03-10,309,4596,4905
708,2017-03-11,136,3897,4033
708,2017-03-12,37,3270,3307
708,2017-03-13,354,4288,4642
708,2017-03-14,363,4493,4856
708,2017-03-16,390,4631,5021
708,2017-03-17,400,4597,4997
708,2017-03-18,114,3942,4056
708,2017-03-19,44,2901,2945
708,2017-03-20,302,4182,4484
708,2017-03-21,315,4512,4827
708,2017-03-23,298,4489,4787
708,2017-03-24,354,4611,4965
708,2017-03-25,181,4074,4255
708,2017-03-27,386,4232,4618
708,2017-03-28,280,4340,4620
708,2017-03-30,417,4785,5202
708,2017-03-31,410,4992,5402
708,2017-04-01,136,4213,4349
708,2017-04-02,39,3155,3194
708,2017-04-03,329,4339,4668
708,2017-04-04,361,4704,5065
708,2017-04-06,345,4538,4883
708,2017-04-07,346,4579,4925
708,2017-04-08,131,3888,4019
708,2017-04-09,36,3368,3404
708,2017-04-10,293,4283,4576
708,2017-04-11,310,4226,4536
708,2017-04-13,368,4296,4664
708,2017-04-14,414,4332,4746
708,2017-04-15,164,3462,3626
708,2017-04-16,42,2645,2687
708,2017-04-17,28,2559,2587
708,2017-04-18,367,4154,4521
708,2017-04-19,353,4039,4392
708,2017-04-21,290,4559,4849
708,2017-04-22,129,3522,3651
708,2017-04-23,43,3375,3418
708,2017-04-24,334,4452,4786
708,2017-04-25,307,4467,4774
708,2017-04-26,335,4447,4782
708,2017-04-28,410,4722,5132
708,2017-04-29,165,4057,4222
708,2017-04-30,51,3423,3474
708,2017-05-01,40,2418,2458
708,2017-05-02,333,4439,4772
708,2017-05-03,322,4324,4646
708,2017-05-05,412,4919,5331
708,2017-05-06,153,4141,4294
708,2017-05-07,40,3057,3097
708,2017-05-08,346,4257,4603
708,2017-05-09,383,4494,4877
708,2017-05-10,359,4533,4892
708,2017-05-12,340,4791,5131
708,2017-05-13,165,4454,4619
708,2017-05-14,74,3192,3266
708,2017-05-15,421,4468,4889
708,2017-05-16,392,4822,5214
708,2017-05-17,170,1600,1770
708,2017-05-19,109,1589,1698
708,2017-05-20,183,3573,3756
708,2017-05-21,35,3017,3052
708,2017-05-22,376,4108,4484
708,2017-05-23,315,4173,4488
708,2017-05-24,392,4513,4905
708,2017-05-26,230,4423,4653
708,2017-05-27,144,3724,3868
708,2017-05-28,51,2890,2941
708,2017-05-29,355,4174,4529
708,2017-05-30,344,4584,4928
708,2017-05-31,308,4597,4905
708,2017-06-02,360,4922,5282
708,2017-06-03,146,3628,3774
708,2017-06-04,46,2970,3016
708,2017-06-05,44,2474,2518
708,2017-06-06,252,3866,4118
708,2017-06-07,332,3886,4218
708,2017-06-09,326,4208,4534
708,2017-06-10,180,3699,3879
708,2017-06-11,53,3347,3400
708,2017-06-12,397,4293,4690
708,2017-06-13,381,4496,4877
708,2017-06-14,332,4511,4843
708,2017-06-16,303,4593,4896
708,2017-06-17,140,3775,3915
708,2017-06-18,40,3040,3080
708,2017-06-19,292,4383,4675
708,2017-06-20,303,4376,4679
708,2017-06-21,326,4642,4968
708,2017-06-23,49,2643,2692
708,2017-06-24,156,3622,3778
708,2017-06-25,56,2870,2926
708,2017-06-26,347,4395,4742
708,2017-06-27,332,4376,4708
708,2017-06-28,346,4444,4790
708,2017-06-29,355,4535,4890
708,2017-07-01,152,3885,4037
708,2017-07-02,44,3101,3145
708,2017-07-03,309,4055,4364
708,2017-07-04,334,4667,5001
708,2017-07-05,375,4512,4887
708,2017-07-06,396,4560,4956
708,2017-07-08,146,3824,3970
708,2017-07-09,45,3412,3457
708,2017-07-10,338,4358,4696
708,2017-07-11,380,4653,5033
708,2017-07-12,299,4342,4641
708,2017-07-13,314,4627,4941
708,2017-07-15,176,3945,4121
708,2017-07-16,37,3174,3211
708,2017-07-17,296,4309,4605
708,2017-07-18,291,4301,4592
708,2017-07-19,367,4192,4559
708,2017-07-20,305,4392,4697
708,2017-07-21,294,4377,4671
708,2017-07-22,155,3686,3841
708,2017-07-23,56,2720,2776
708,2017-07-24,365,4045,4410
708,2017-07-25,346,4119,4465
708,2017-07-26,322,4225,4547
708,2017-07-27,317,4434,4751
708,2017-07-28,203,4187,4390
708,2017-07-29,113,3294,3407
708,2017-07-30,45,2813,2858
708,2017-07-31,242,3604,3846
708,2017-08-01,200,3556,3756
708,2017-08-02,213,3647,3860
708,2017-08-03,181,3589,3770
708,2017-08-04,202,3710,3912
708,2017-08-05,100,3064,3164
708,2017-08-06,47,2538,2585
708,2017-08-07,190,3480,3670
708,2017-08-08,199,3407,3606
708,2017-08-09,186,3513,3699
708,2017-08-18,190,3503,3693
708,2017-08-19,96,2829,2925
708,2017-08-20,42,2456,2498
708,2017-08-21,239,4130,4369
708,2017-08-22,271,4473,4744
708,2017-08-23,278,4362,4640
708,2017-08-25,256,4488,4744
708,2017-08-26,156,3297,3453
708,2017-08-27,44,3212,3256
708,2017-08-28,312,4441,4753
708,2017-08-29,268,4491,4759
708,2017-08-30,330,4422,4752
708,2017-09-01,318,4526,4844
708,2017-09-02,112,3530,3642
708,2017-09-03,48,2864,2912
708,2017-09-04,284,4379,4663
708,2017-09-05,327,4517,4844
708,2017-09-06,287,4438,4725
708,2017-09-08,274,4690,4964
708,2017-09-09,128,3591,3719
708,2017-09-10,34,2937,2971
708,2017-09-11,283,4644,4927
708,2017-09-12,289,4967,5256
708,2017-09-13,241,4835,5076
708,2017-09-15,327,5412,5739
708,2017-09-16,128,4370,4498
708,2017-09-17,60,3318,3378
708,2017-09-18,346,4705,5051
708,2017-09-19,306,4894,5200
708,2017-09-20,344,4802,5146
708,2017-09-21,389,5134,5523
708,2017-09-22,359,5262,5621
708,2017-09-23,280,4443,4723
708,2017-09-24,52,3829,3881
708,2017-09-25,451,4757,5208
708,2017-09-26,327,4968,5295
708,2017-09-27,319,4713,5032
708,2017-10-06,371,4986,5357
708,2017-10-07,168,3978,4146
708,2017-10-08,44,3217,3261
708,2017-10-09,418,4498,4916
708,2017-10-10,337,4732,5069
708,2017-10-11,435,4503,4938
708,2017-10-12,421,4631,5052
708,2017-10-13,429,5018,5447
708,2017-10-14,169,4113,4282
708,2017-10-15,100,3480,3580
708,2017-10-16,414,4524,4938
708,2017-10-17,431,4612,5043
708,2017-10-18,393,4614,5007
708,2017-10-19,420,4709,5129
708,2017-10-20,412,4994,5406
708,2017-10-21,171,3997,4168
708,2017-10-22,34,3029,3063
708,2017-10-23,439,4430,4869
708,2017-10-24,312,4731,5043
708,2017-10-25,382,4671,5053
708,2017-10-26,400,4830,5230
708,2017-10-27,360,5064,5424
708,2017-10-28,194,4125,4319
708,2017-10-29,41,3142,3183
708,2017-10-30,387,4450,4837
708,2017-11-01,43,3147,3190
708,2017-11-02,413,4504,4917
708,2017-11-03,390,4466,4856
708,2017-11-04,177,3698,3875
708,2017-11-05,38,2871,2909
708,2017-11-06,406,4459,4865
708,2017-11-07,378,4692,5070
708,2017-11-08,352,4586,4938
708,2017-11-09,404,4634,5038
708,2017-11-10,332,4860,5192
708,2017-11-11,134,3542,3676
708,2017-11-12,39,2649,2688
708,2017-11-13,356,4496,4852
708,2017-11-14,400,4620,5020
708,2017-11-15,354,4470,4824
708,2017-11-16,466,4708,5174
708,2017-11-17,442,4876,5318
708,2017-11-18,168,4037,4205
708,2017-11-19,45,3162,3207
708,2017-11-20,368,4461,4829
708,2017-11-21,404,4569,4973
708,2017-11-22,424,4556,4980
708,2017-11-23,380,4650,5030
708,2017-11-24,376,5021,5397
708,2017-11-25,123,4084,4207
708,2017-11-26,58,2950,3008
708,2017-11-27,339,4440,4779
708,2017-11-28,367,4679,5046
708,2017-11-29,371,4458,4829
708,2017-11-30,378,4651,5029
708,2017-12-01,338,4942,5280
708,2017-12-02,162,3862,4024
708,2017-12-03,45,2876,2921
708,2017-12-04,398,4389,4787
708,2017-12-05,353,4741,5094
708,2017-12-06,408,4393,4801
708,2017-12-07,385,4690,5075
708,2017-12-08,294,4190,4484
708,2017-12-09,124,4180,4304
708,2017-12-10,50,2577,2627
708,2017-12-11,426,4558,4984
708,2017-12-12,436,4684,5120
708,2017-12-13,292,2954,3246
708,2017-12-14,410,4806,5216
708,2017-12-15,358,4740,5098
708,2017-12-16,120,3654,3774
708,2017-12-17,38,2820,2858
708,2017-12-18,222,3957,4179
708,2017-12-19,226,4150,4376
708,2017-12-20,234,4073,4307
708,2017-12-21,202,4129,4331
708,2017-12-22,199,4209,4408
708,2017-12-23,145,3536,3681
708,2017-12-24,41,2672,2713
708,2017-12-25,22,2339,2361
708,2017-12-26,32,2399,2431
708,2017-12-27,161,3444,3605
708,2017-12-28,185,3540,3725
708,2017-12-29,119,2157,2276
708,2017-12-30,114,3096,3210
708,2017-12-31,34,2631,2665
710,2017-01-01,26,7565,7591
710,2017-01-02,303,13739,14042
710,2017-01-03,423,16303,16726
710,2017-01-04,438,16624,17062
710,2017-01-05,437,17051,17488
710,2017-01-07,156,12119,12275
710,2017-01-08,50,9462,9512
710,2017-01-09,619,19487,20106
710,2017-01-10,591,19715,20306
710,2017-01-11,636,20488,21124
710,2017-01-12,748,20614,21362
710,2017-01-14,156,14357,14513
710,2017-01-15,53,11661,11714
710,2017-01-16,739,20340,21079
710,2017-01-17,776,21674,22450
710,2017-01-18,836,21201,22037
710,2017-01-19,752,22008,22760
710,2017-01-21,205,16162,16367
710,2017-01-22,69,12809,12878
710,2017-01-23,713,20614,21327
710,2017-01-24,709,21325,22034
710,2017-01-25,782,21786,22568
710,2017-01-26,742,22184,22926
710,2017-01-28,176,15408,15584
710,2017-01-29,58,11578,11636
710,2017-01-30,765,21172,21937
710,2017-01-31,830,22320,23150
710,2017-02-01,786,22533,23319
710,2017-02-02,793,22512,23305
710,2017-02-04,189,15430,15619
710,2017-02-05,58,11446,11504
710,2017-02-06,784,21495,22279
710,2017-02-07,813,22441,23254
710,2017-02-08,845,21939,22784
710,2017-02-09,873,22652,23525
710,2017-02-11,171,15921,16092
710,2017-02-12,51,11296,11347
710,2017-02-13,864,21993,22857
710,2017-02-14,893,23462,24355
710,2017-02-15,885,22729,23614
710,2017-02-16,866,22445,23311
710,2017-02-18,177,15183,15360
710,2017-02-19,67,11197,11264
710,2017-02-20,828,19690,20518
710,2017-02-21,759,20650,21409
710,2017-02-22,802,20702,21504
710,2017-02-23,858,18630,19488
710,2017-02-25,211,15157,15368
710,2017-02-26,129,14182,14311
710,2017-02-27,764,18340,19104
710,2017-02-28,992,21202,22194
710,2017-03-01,825,22179,23004
710,2017-03-02,873,23157,24030
710,2017-03-04,226,15906,16132
710,2017-03-05,62,11884,11946
710,2017-03-06,1114,21768,22882
710,2017-03-07,896,22776,23672
710,2017-03-08,838,22402,23240
710,2017-03-09,812,23234,24046
710,2017-03-11,211,17142,17353
710,2017-03-12,53,12850,12903
710,2017-03-13,910,22430,23340
710,2017-03-14,951,23669,24620
710,2017-03-15,998,23409,24407
710,2017-03-16,978,24078,25056
710,2017-03-18,194,17254,17448
710,2017-03-19,87,12489,12576
710,2017-03-20,961,22844,23805
710,2017-03-21,1064,23624,24688
710,2017-03-22,1003,23446,24449
710,2017-03-23,997,24197,25194
710,2017-03-25,238,18086,18324
710,2017-03-27,999,22791,23790
710,2017-03-28,1182,23784,24966
710,2017-03-29,1010,23553,24563
710,2017-03-30,1018,24930,25948
710,2017-04-01,243,18811,19054
710,2017-04-02,90,14205,14295
710,2017-04-03,965,23259,24224
710,2017-04-04,1023,24619,25642
710,2017-04-05,1013,24743,25756
710,2017-04-06,980,25323,26303
710,2017-04-08,242,18115,18357
710,2017-04-09,83,15055,15138
710,2017-04-10,944,22079,23023
710,2017-04-11,895,22621,23516
710,2017-04-12,970,23000,23970
710,2017-04-13,942,23574,24516
710,2017-04-15,210,15900,16110
710,2017-04-16,58,11606,11664
710,2017-04-17,98,10481,10579
710,2017-04-18,974,21876,22850
710,2017-04-19,965,22609,23574
710,2017-04-20,1028,22422,23450
710,2017-04-22,279,17891,18170
710,2017-04-23,80,14363,14443
710,2017-04-24,1003,23327,24330
710,2017-04-25,1044,24742,25786
710,2017-04-26,960,24374,25334
710,2017-04-27,1044,25812,26856
710,2017-04-29,305,18924,19229
710,2017-04-30,81,14596,14677
710,2017-05-01,116,10743,10859
710,2017-05-02,1056,24512,25568
710,2017-05-03,940,23978,24918
710,2017-05-04,1055,24854,25909
710,2017-05-06,302,19050,19352
710,2017-05-07,89,13473,13562
710,2017-05-08,991,23226,24217
710,2017-05-09,1030,24589,25619
710,2017-05-10,1006,24128,25134
710,2017-05-11,1097,24744,25841
710,2017-05-13,287,18267,18554
710,2017-05-14,126,13512,13638
710,2017-05-15,1026,23194,24220
710,2017-05-16,1024,24938,25962
710,2017-05-17,1099,24765,25864
710,2017-05-18,1278,24586,25864
710,2017-05-20,362,18189,18551
710,2017-05-21,96,14160,14256
710,2017-05-22,1003,23434,24437
710,2017-05-23,1063,24617,25680
710,2017-05-24,1052,26872,27924
710,2017-05-25,167,13449,13616
710,2017-05-27,274,18039,18313
710,2017-05-28,102,14187,14289
710,2017-05-29,987,23341,24328
710,2017-05-30,1052,24762,25814
710,2017-05-31,901,21402,22303
710,2017-06-01,1045,25243,26288
710,2017-06-03,316,18738,19054
710,2017-06-04,112,13698,13810
710,2017-06-05,164,12724,12888
710,2017-06-06,1282,22696,23978
710,2017-06-07,1314,22932,24246
710,2017-06-08,1071,24005,25076
710,2017-06-10,307,19378,19685
710,2017-06-11,114,16392,16506
710,2017-06-12,1095,24873,25968
710,2017-06-13,1122,26119,27241
710,2017-06-14,1107,25913,27020
710,2017-06-15,1205,25980,27185
710,2017-06-17,360,19750,20110
710,2017-06-18,121,15049,15170
710,2017-06-19,1122,24455,25577
710,2017-06-20,1222,25761,26983
710,2017-06-21,1101,25614,26715
710,2017-06-22,1191,26676,27867
710,2017-06-24,282,17663,17945
710,2017-06-25,113,13944,14057
710,2017-06-26,1152,24803,25955
710,2017-06-27,1060,25737,26797
710,2017-06-28,1165,25363,26528
710,2017-06-29,1442,25728,27170
710,2017-07-01,318,19658,19976
710,2017-07-02,148,16519,16667
710,2017-07-03,1023,23951,24974
710,2017-07-04,1058,26214,27272
710,2017-07-05,1080,25864,26944
710,2017-07-06,1348,25528,26876
710,2017-07-08,306,20039,20345
710,2017-07-09,224,18024,18248
710,2017-07-10,1184,24490,25674
710,2017-07-11,1284,26050,27334
710,2017-07-12,1176,25136,26312
710,2017-07-13,1075,26603,27678
710,2017-07-15,315,20906,21221
710,2017-07-16,149,15553,15702
710,2017-07-17,977,24739,25716
710,2017-07-18,1016,25505,26521
710,2017-07-19,993,25055,26048
710,2017-07-20,1184,24714,25898
710,2017-07-21,969,25682,26651
710,2017-07-22,304,19456,19760
710,2017-07-23,132,14325,14457
710,2017-07-24,921,23518,24439
710,2017-07-25,993,24115,25108
710,2017-07-26,1070,26550,27620
710,2017-07-27,1134,24758,25892
710,2017-07-28,714,22979,23693
710,2017-07-29,273,17239,17512
710,2017-07-30,110,13819,13929
710,2017-07-31,731,19631,20362
710,2017-08-01,752,19694,20446
710,2017-08-02,676,20828,21504
710,2017-08-03,658,20391,21049
710,2017-08-04,608,20821,21429
710,2017-08-05,220,15643,15863
710,2017-08-06,139,13843,13982
710,2017-08-07,620,18648,19268
710,2017-08-08,624,18800,19424
710,2017-08-09,691,19343,20034
710,2017-08-10,668,19459,20127
710,2017-08-11,633,19616,20249
710,2017-08-12,184,14408,14592
710,2017-08-13,75,12660,12735
710,2017-08-14,522,16528,17050
710,2017-08-15,182,10039,10221
710,2017-08-16,706,19109,19815
710,2017-08-18,708,19603,20311
710,2017-08-19,218,15016,15234
710,2017-08-20,104,12735,12839
710,2017-08-21,896,20483,21379
710,2017-08-22,941,21378,22319
710,2017-08-23,954,22143,23097
710,2017-08-25,855,22065,22920
710,2017-08-26,309,16259,16568
710,2017-08-27,161,13258,13419
710,2017-08-28,1148,21438,22586
710,2017-08-29,937,22327,23264
710,2017-08-30,1093,22238,23331
710,2017-09-01,1057,22857,23914
710,2017-09-02,324,16512,16836
710,2017-09-03,147,13555,13702
710,2017-09-04,1054,21953,23007
710,2017-09-05,1133,22377,23510
710,2017-09-06,1097,22856,23953
710,2017-09-08,1172,22924,24096
710,2017-09-09,362,16148,16510
710,2017-09-10,148,12857,13005
710,2017-09-11,1298,23180,24478
710,2017-09-12,1308,23382,24690
710,2017-09-13,1308,23556,24864
710,2017-09-15,1071,25839,26910
710,2017-09-16,356,17686,18042
710,2017-09-17,184,13692,13876
710,2017-09-18,973,23895,24868
710,2017-09-19,1226,24724,25950
710,2017-09-20,1025,24701,25726
710,2017-09-21,1045,25533,26578
710,2017-09-22,955,26555,27510
710,2017-09-23,288,19593,19881
710,2017-09-24,88,15380,15468
710,2017-09-25,968,24291,25259
710,2017-09-26,982,25138,26120
710,2017-09-27,970,25120,26090
710,2017-09-29,798,26558,27356
710,2017-09-30,338,17964,18302
710,2017-10-01,140,14510,14650
710,2017-10-02,920,24112,25032
710,2017-10-03,1098,24816,25914
710,2017-10-04,985,24371,25356
710,2017-10-05,990,24677,25667
710,2017-10-06,912,25950,26862
710,2017-10-07,310,18473,18783
710,2017-10-08,149,13436,13585
710,2017-10-09,1024,23905,24929
710,2017-10-10,1040,24766,25806
710,2017-10-11,1073,24504,25577
710,2017-10-13,947,26179,27126
710,2017-10-14,299,19017,19316
710,2017-10-15,149,18301,18450
710,2017-10-16,1017,23854,24871
710,2017-10-17,1057,24739,25796
710,2017-10-18,1073,24516,25589
710,2017-10-19,1078,25363,26441
710,2017-10-20,1184,26060,27244
710,2017-10-21,292,18841,19133
710,2017-10-22,134,13743,13877
710,2017-10-23,1047,24123,25170
710,2017-10-24,977,24477,25454
710,2017-10-25,1021,24752,25773
710,2017-10-27,1004,25169,26173
710,2017-10-28,317,18653,18970
710,2017-10-29,108,13204,13312
710,2017-10-30,979,23342,24321
710,2017-10-31,1011,25174,26185
710,2017-11-01,168,12863,13031
710,2017-11-03,1011,24874,25885
710,2017-11-04,306,16780,17086
710,2017-11-05,101,12801,12902
710,2017-11-06,990,23834,24824
710,2017-11-07,1043,24381,25424
710,2017-11-08,884,24244,25128
710,2017-11-10,1082,25538,26620
710,2017-11-11,230,17439,17669
710,2017-11-12,71,11391,11462
710,2017-11-13,952,23834,24786
710,2017-11-14,1023,24657,25680
710,2017-11-15,1025,24572,25597
710,2017-11-16,1067,24957,26024
710,2017-11-17,952,25738,26690
710,2017-11-18,239,17989,18228
710,2017-11-19,79,12988,13067
710,2017-11-20,978,23369,24347
710,2017-11-21,1258,24462,25720
710,2017-11-22,1047,24445,25492
710,2017-11-24,1014,25866,26880
710,2017-11-25,251,18622,18873
710,2017-11-26,69,13294,13363
710,2017-11-27,1054,23342,24396
710,2017-11-28,1136,24530,25666
710,2017-11-29,910,24105,25015
710,2017-11-30,905,24666,25571
710,2017-12-01,888,25417,26305
710,2017-12-02,233,17628,17861
710,2017-12-03,65,11742,11807
710,2017-12-04,881,23703,24584
710,2017-12-05,1022,24875,25897
710,2017-12-06,1044,24241,25285
710,2017-12-07,1208,24990,26198
710,2017-12-08,911,24983,25894
710,2017-12-09,199,17297,17496
710,2017-12-10,68,8942,9010
710,2017-12-11,886,22812,23698
710,2017-12-12,862,24922,25784
710,2017-12-13,1150,22748,23898
710,2017-12-14,1092,24800,25892
710,2017-12-15,966,24488,25454
710,2017-12-16,207,16671,16878
710,2017-12-17,75,12829,12904
710,2017-12-18,669,20322,20991
710,2017-12-19,730,20876,21606
710,2017-12-20,685,21493,22178
710,2017-12-21,644,21223,21867
710,2017-12-22,557,20988,21545
710,2017-12-23,197,15101,15298
710,2017-12-24,37,9596,9633
710,2017-12-25,35,9571,9606
710,2017-12-26,64,9464,9528
710,2017-12-27,407,16578,16985
710,2017-12-29,198,5920,6118
710,2017-12-30,116,5874,5990
710,2017-12-31,36,4564,4600
711,2017-01-01,22,3250,3272
711,2017-01-02,176,4254,4430
711,2017-01-03,179,4998,5177
711,2017-01-04,180,4832,5012
711,2017-01-05,184,5022,5206
711,2017-01-07,152,4254,4406
711,2017-01-08,24,3631,3655
711,2017-01-09,220,5919,6139
711,2017-01-10,210,5907,6117
711,2017-01-11,221,6094,6315
711,2017-01-12,211,6402,6613
711,2017-01-14,166,5020,5186
711,2017-01-15,27,4201,4228
711,2017-01-16,232,6005,6237
711,2017-01-17,235,6372,6607
711,2017-01-18,228,6274,6502
711,2017-01-19,217,6347,6564
711,2017-01-21,170,5742,5912
711,2017-01-22,27,4532,4559
711,2017-01-23,245,6230,6475
711,2017-01-24,225,6137,6362
711,2017-01-25,215,6310,6525
711,2017-01-26,237,6593,6830
711,2017-01-28,168,5179,5347
711,2017-01-29,21,4284,4305
711,2017-01-30,238,5890,6128
711,2017-01-31,219,6648,6867
711,2017-02-01,235,6401,6636
711,2017-02-02,239,6687,6926
711,2017-02-04,164,5366,5530
711,2017-02-05,30,4046,4076
711,2017-02-06,239,6272,6511
711,2017-02-07,224,6747,6971
711,2017-02-08,247,6505,6752
711,2017-02-09,232,6616,6848
711,2017-02-11,175,5661,5836
711,2017-02-12,25,4338,4363
711,2017-02-13,225,6526,6751
711,2017-02-14,254,6676,6930
711,2017-02-15,238,6847,7085
711,2017-02-16,258,6474,6732
711,2017-02-18,177,5646,5823
711,2017-02-19,29,4691,4720
711,2017-02-20,205,5725,5930
711,2017-02-21,211,5850,6061
711,2017-02-22,207,5884,6091
711,2017-02-23,239,6267,6506
711,2017-02-25,171,5471,5642
711,2017-02-26,82,5707,5789
711,2017-02-27,261,5954,6215
711,2017-02-28,257,6988,7245
711,2017-03-01,233,6660,6893
711,2017-03-02,228,6840,7068
711,2017-03-04,206,5856,6062
711,2017-03-05,28,4617,4645
711,2017-03-06,257,6439,6696
711,2017-03-07,254,6861,7115
711,2017-03-08,231,6600,6831
711,2017-03-09,241,7020,7261
711,2017-03-11,168,6305,6473
711,2017-03-12,25,5177,5202
711,2017-03-13,281,6968,7249
711,2017-03-14,278,7480,7758
711,2017-03-15,305,7206,7511
711,2017-03-16,305,7737,8042
711,2017-03-18,180,6396,6576
711,2017-03-19,44,5183,5227
711,2017-03-20,293,7015,7308
711,2017-03-21,316,7202,7518
711,2017-03-22,282,7337,7619
711,2017-03-23,313,7587,7900
711,2017-03-25,214,6896,7110
711,2017-03-27,299,7209,7508
711,2017-03-28,289,7560,7849
711,2017-03-29,310,7984,8294
711,2017-03-30,310,7874,8184
711,2017-04-01,191,6789,6980
711,2017-04-02,29,5865,5894
711,2017-04-03,284,7130,7414
711,2017-04-04,303,7841,8144
711,2017-04-05,342,7895,8237
711,2017-04-06,328,7922,8250
711,2017-04-08,198,6748,6946
711,2017-04-09,39,5993,6032
711,2017-04-10,324,6490,6814
711,2017-04-11,282,7189,7471
711,2017-04-12,280,7035,7315
711,2017-04-13,312,7038,7350
711,2017-04-15,178,6129,6307
711,2017-04-16,38,4513,4551
711,2017-04-17,46,3982,4028
711,2017-04-18,325,6563,6888
711,2017-04-19,296,6925,7221
711,2017-04-20,293,6879,7172
711,2017-04-22,201,6530,6731
711,2017-04-23,32,5510,5542
711,2017-04-24,300,7157,7457
711,2017-04-25,299,7372,7671
711,2017-04-26,294,7953,8247
711,2017-04-27,332,7878,8210
711,2017-04-29,200,7328,7528
711,2017-04-30,41,5915,5956
711,2017-05-01,41,4269,4310
711,2017-05-02,305,7657,7962
711,2017-05-03,318,7338,7656
711,2017-05-04,356,7482,7838
711,2017-05-06,180,7053,7233
711,2017-05-07,33,5377,5410
711,2017-05-08,296,7113,7409
711,2017-05-09,306,7654,7960
711,2017-05-10,347,7804,8151
711,2017-05-11,327,7683,8010
711,2017-05-13,193,7214,7407
711,2017-05-14,42,5422,5464
711,2017-05-15,320,7279,7599
711,2017-05-16,349,7683,8032
711,2017-05-17,365,7887,8252
711,2017-05-18,342,7654,7996
711,2017-05-20,360,11502,11862
711,2017-05-21,37,6081,6118
711,2017-05-22,318,7516,7834
711,2017-05-23,333,7692,8025
711,2017-05-24,330,8725,9055
711,2017-05-25,75,6120,6195
711,2017-05-27,187,7271,7458
711,2017-05-28,61,5770,5831
711,2017-05-29,308,7596,7904
711,2017-05-30,312,7870,8182
711,2017-05-31,364,9755,10119
711,2017-06-01,283,7909,8192
711,2017-06-03,218,6935,7153
711,2017-06-04,40,5262,5302
711,2017-06-05,54,4939,4993
711,2017-06-06,298,6530,6828
711,2017-06-07,294,6974,7268
711,2017-06-08,290,7111,7401
711,2017-06-10,216,6741,6957
711,2017-06-11,35,6169,6204
711,2017-06-12,292,7274,7566
711,2017-06-13,305,7601,7906
711,2017-06-14,310,7661,7971
711,2017-06-15,312,7530,7842
711,2017-06-17,225,7408,7633
711,2017-06-18,43,5690,5733
711,2017-06-19,313,7386,7699
711,2017-06-20,321,7635,7956
711,2017-06-21,321,7876,8197
711,2017-06-22,296,7907,8203
711,2017-06-24,199,6558,6757
711,2017-06-25,44,5240,5284
711,2017-06-26,348,7416,7764
711,2017-06-27,374,7338,7712
711,2017-06-28,348,7206,7554
711,2017-06-29,334,7724,8058
711,2017-07-08,197,7538,7735
711,2017-07-09,49,5879,5928
711,2017-07-10,332,7202,7534
711,2017-07-11,356,7960,8316
711,2017-07-12,273,7581,7854
711,2017-07-13,313,7837,8150
711,2017-07-15,186,7052,7238
711,2017-07-16,38,5532,5570
711,2017-07-17,288,7309,7597
711,2017-07-18,336,7632,7968
711,2017-07-19,313,7567,7880
711,2017-07-20,306,7110,7416
711,2017-07-21,317,7880,8197
711,2017-07-22,231,6913,7144
711,2017-07-23,71,5483,5554
711,2017-07-24,319,6974,7293
711,2017-07-25,281,7150,7431
711,2017-07-26,291,7362,7653
711,2017-07-27,262,7146,7408
711,2017-07-28,204,6873,7077
711,2017-07-29,192,5557,5749
711,2017-07-30,57,4878,4935
711,2017-07-31,230,5384,5614
711,2017-08-01,200,5440,5640
711,2017-08-02,233,5886,6119
711,2017-08-03,207,5725,5932
711,2017-08-04,224,5864,6088
711,2017-08-05,184,4903,5087
711,2017-08-06,44,4607,4651
711,2017-08-07,238,5495,5733
711,2017-08-08,223,4971,5194
711,2017-08-09,224,5563,5787
711,2017-08-10,233,5358,5591
711,2017-08-11,202,5245,5447
711,2017-08-12,170,4181,4351
711,2017-08-13,37,4044,4081
711,2017-08-14,195,4963,5158
711,2017-08-15,38,3298,3336
711,2017-08-16,223,5391,5614
711,2017-08-18,207,5391,5598
711,2017-08-19,204,4314,4518
711,2017-08-20,44,4043,4087
711,2017-08-21,228,5634,5862
711,2017-08-22,237,6302,6539
711,2017-08-23,249,6344,6593
711,2017-08-25,228,5918,6146
711,2017-08-26,278,4946,5224
711,2017-08-27,125,4560,4685
711,2017-08-28,317,6103,6420
711,2017-08-29,309,6417,6726
711,2017-08-30,325,6250,6575
711,2017-09-01,352,6270,6622
711,2017-09-02,279,5228,5507
711,2017-09-03,111,4681,4792
711,2017-09-04,330,6086,6416
711,2017-09-05,331,6150,6481
711,2017-09-06,315,6344,6659
711,2017-09-08,346,6662,7008
711,2017-09-09,266,5622,5888
711,2017-09-10,114,4843,4957
711,2017-09-11,334,6343,6677
711,2017-09-12,322,6434,6756
711,2017-09-13,314,6572,6886
711,2017-09-15,356,7602,7958
711,2017-09-16,268,5712,5980
711,2017-09-17,114,4882,4996
711,2017-09-18,233,6842,7075
711,2017-09-19,284,6894,7178
711,2017-09-20,242,6889,7131
711,2017-09-21,263,7148,7411
711,2017-09-22,332,7447,7779
711,2017-09-23,204,6549,6753
711,2017-09-24,40,5450,5490
711,2017-09-25,271,6731,7002
711,2017-09-26,248,7122,7370
711,2017-09-27,266,7163,7429
711,2017-09-29,267,7551,7818
711,2017-09-30,268,5998,6266
711,2017-10-01,112,5342,5454
711,2017-10-02,256,6676,6932
711,2017-10-03,274,6836,7110
711,2017-10-04,257,6961,7218
711,2017-10-05,250,7080,7330
711,2017-10-06,304,7034,7338
711,2017-10-07,267,6495,6762
711,2017-10-08,101,5313,5414
711,2017-10-09,285,6578,6863
711,2017-10-10,273,6893,7166
711,2017-10-11,301,6932,7233
711,2017-10-13,268,7653,7921
711,2017-10-14,270,6641,6911
711,2017-10-15,119,5632,5751
711,2017-10-16,276,6900,7176
711,2017-10-17,256,6938,7194
711,2017-10-18,282,6934,7216
711,2017-10-19,258,7153,7411
711,2017-10-20,301,7434,7735
711,2017-10-21,275,6066,6341
711,2017-10-22,107,4673,4780
711,2017-10-23,292,6450,6742
711,2017-10-24,273,7112,7385
711,2017-10-25,255,7185,7440
711,2017-10-27,326,7800,8126
711,2017-10-28,184,6156,6340
711,2017-10-29,36,5171,5207
711,2017-10-30,254,5873,6127
711,2017-10-31,250,6160,6410
711,2017-11-01,35,4559,4594
711,2017-11-03,254,6705,6959
711,2017-11-04,187,5665,5852
711,2017-11-05,32,4530,4562
711,2017-11-06,293,6696,6989
711,2017-11-07,282,6842,7124
711,2017-11-08,294,6514,6808
711,2017-11-10,252,7265,7517
711,2017-11-11,178,5997,6175
711,2017-11-12,26,4268,4294
711,2017-11-13,255,6458,6713
711,2017-11-14,227,6877,7104
711,2017-11-15,240,6705,6945
711,2017-11-16,276,6885,7161
711,2017-11-17,263,7142,7405
711,2017-11-18,175,6018,6193
711,2017-11-19,25,4638,4663
711,2017-11-20,237,6252,6489
711,2017-11-21,253,6643,6896
711,2017-11-22,244,6696,6940
711,2017-11-24,251,7013,7264
711,2017-11-25,173,5886,6059
711,2017-11-26,31,4619,4650
711,2017-11-27,251,6328,6579
711,2017-11-28,282,6402,6684
711,2017-11-29,246,6712,6958
711,2017-11-30,228,6777,7005
711,2017-12-01,256,7053,7309
711,2017-12-02,166,5931,6097
711,2017-12-03,27,4123,4150
711,2017-12-04,245,6538,6783
711,2017-12-05,249,6794,7043
711,2017-12-06,254,6656,6910
711,2017-12-07,289,6834,7123
711,2017-12-08,260,6830,7090
711,2017-12-09,176,5762,5938
711,2017-12-10,32,3620,3652
711,2017-12-11,258,6242,6500
711,2017-12-12,221,6960,7181
711,2017-12-13,256,6294,6550
711,2017-12-14,263,7129,7392
711,2017-12-15,239,7094,7333
711,2017-12-16,169,5452,5621
711,2017-12-17,33,4421,4454
711,2017-12-18,187,5458,5645
711,2017-12-19,199,5878,6077
711,2017-12-20,205,5997,6202
711,2017-12-21,198,6020,6218
711,2017-12-22,186,6101,6287
711,2017-12-23,170,5253,5423
711,2017-12-24,23,4011,4034
711,2017-12-25,26,3374,3400
711,2017-12-26,25,3451,3476
711,2017-12-27,176,4926,5102
711,2017-12-29,148,4819,4967
711,2017-12-30,155,4631,4786
711,2017-12-31,29,3955,3984
712,2017-01-01,2,2544,2546
712,2017-01-02,131,3965,4096
712,2017-01-03,143,4609,4752
712,2017-01-04,148,4606,4754
712,2017-01-05,144,4592,4736
712,2017-01-07,89,3533,3622
712,2017-01-08,12,2836,2848
712,2017-01-09,197,5612,5809
712,2017-01-10,210,5654,5864
712,2017-01-11,198,5788,5986
712,2017-01-12,206,5886,6092
712,2017-01-14,92,4064,4156
712,2017-01-15,6,3067,3073
712,2017-01-16,192,5406,5598
712,2017-01-17,216,5704,5920
712,2017-01-18,186,5728,5914
712,2017-01-19,220,5823,6043
712,2017-01-21,102,4367,4469
712,2017-01-22,8,3350,3358
712,2017-01-23,220,5638,5858
712,2017-01-24,189,5437,5626
712,2017-01-25,232,5661,5893
712,2017-01-26,216,5821,6037
712,2017-01-28,105,4027,4132
712,2017-01-29,NA,3292,NA
712,2017-01-30,240,5822,6062
712,2017-01-31,208,6207,6415
712,2017-02-01,218,5982,6200
712,2017-02-02,224,6245,6469
712,2017-02-04,115,4739,4854
712,2017-02-05,3,3293,3296
712,2017-02-06,222,6164,6386
712,2017-02-07,201,6504,6705
712,2017-02-08,209,6294,6503
712,2017-02-09,206,6431,6637
712,2017-02-11,98,4388,4486
712,2017-02-12,8,3450,3458
712,2017-02-13,293,6026,6319
712,2017-02-14,206,6361,6567
712,2017-02-15,219,6225,6444
712,2017-02-16,198,6204,6402
712,2017-02-18,107,4429,4536
712,2017-02-19,4,3263,3267
712,2017-02-20,156,4745,4901
712,2017-02-21,122,5104,5226
712,2017-02-22,130,5179,5309
712,2017-02-23,176,4998,5174
712,2017-02-25,97,4394,4491
712,2017-02-26,9,3439,3448
712,2017-02-27,230,5858,6088
712,2017-02-28,192,6084,6276
712,2017-03-01,216,6030,6246
712,2017-03-02,227,6638,6865
712,2017-03-04,102,4754,4856
712,2017-03-05,8,3479,3487
712,2017-03-06,250,6070,6320
712,2017-03-07,236,6642,6878
712,2017-03-08,198,6274,6472
712,2017-03-09,185,6732,6917
712,2017-03-11,99,4783,4882
712,2017-03-12,14,3817,3831
712,2017-03-13,246,6577,6823
712,2017-03-14,209,6792,7001
712,2017-03-15,216,6289,6505
712,2017-03-16,200,6979,7179
712,2017-03-18,89,4686,4775
712,2017-03-19,9,3815,3824
712,2017-03-20,239,6403,6642
712,2017-03-21,218,6975,7193
712,2017-03-22,224,6613,6837
712,2017-03-23,230,6877,7107
712,2017-03-25,104,5210,5314
712,2017-03-27,258,6553,6811
712,2017-03-28,250,6786,7036
712,2017-03-29,243,6841,7084
712,2017-03-30,214,7040,7254
712,2017-04-01,106,5072,5178
712,2017-04-02,9,4315,4324
712,2017-04-03,243,6645,6888
712,2017-04-04,221,7010,7231
712,2017-04-05,256,6867,7123
712,2017-04-06,247,6920,7167
712,2017-04-08,96,5024,5120
712,2017-04-09,9,4070,4079
712,2017-04-10,183,5702,5885
712,2017-04-11,175,5998,6173
712,2017-04-12,150,5876,6026
712,2017-04-13,201,5954,6155
712,2017-04-15,108,4562,4670
712,2017-04-16,8,3450,3458
712,2017-04-17,2,3082,3084
712,2017-04-18,176,5732,5908
712,2017-04-19,164,5731,5895
712,2017-04-20,178,5680,5858
712,2017-04-22,104,4553,4657
712,2017-04-23,9,3635,3644
712,2017-04-24,247,6789,7036
712,2017-04-25,250,6881,7131
712,2017-04-26,257,6990,7247
712,2017-04-27,246,7125,7371
712,2017-04-29,103,5311,5414
712,2017-04-30,8,4105,4113
712,2017-05-01,11,3272,3283
712,2017-05-02,226,7081,7307
712,2017-05-03,234,6544,6778
712,2017-05-04,251,6918,7169
712,2017-05-06,109,4917,5026
712,2017-05-07,9,3735,3744
712,2017-05-08,243,6639,6882
712,2017-05-09,239,6977,7216
712,2017-05-10,255,7170,7425
712,2017-05-11,242,7040,7282
712,2017-05-13,108,5188,5296
712,2017-05-14,41,3717,3758
712,2017-05-15,231,6982,7213
712,2017-05-16,227,7293,7520
712,2017-05-17,227,7016,7243
712,2017-05-18,274,6758,7032
712,2017-05-20,116,5189,5305
712,2017-05-21,15,4140,4155
712,2017-05-22,237,6812,7049
712,2017-05-23,261,6955,7216
712,2017-05-24,242,7267,7509
712,2017-05-25,22,3949,3971
712,2017-05-27,94,4564,4658
712,2017-05-28,25,3898,3923
712,2017-05-29,226,5262,5488
712,2017-05-30,268,7277,7545
712,2017-05-31,248,7333,7581
712,2017-06-01,248,7370,7618
712,2017-06-03,147,4930,5077
712,2017-06-04,18,3870,3888
712,2017-06-05,12,3576,3588
712,2017-06-06,202,5578,5780
712,2017-06-07,208,5552,5760
712,2017-06-08,212,5992,6204
712,2017-06-10,154,5459,5613
712,2017-06-11,17,4398,4415
712,2017-06-12,257,6907,7164
712,2017-06-13,261,7072,7333
712,2017-06-14,247,7183,7430
712,2017-06-15,235,7198,7433
712,2017-06-17,160,5458,5618
712,2017-06-18,16,4134,4150
712,2017-06-19,191,4750,4941
712,2017-06-20,171,4883,5054
712,2017-06-21,196,5014,5210
712,2017-06-22,167,4891,5058
712,2017-06-24,161,4810,4971
712,2017-06-25,15,3908,3923
712,2017-06-26,239,6029,6268
712,2017-06-27,256,6070,6326
712,2017-06-28,236,6506,6742
712,2017-06-29,258,6564,6822
712,2017-07-02,39,4317,4356
712,2017-07-03,284,6934,7218
712,2017-07-04,217,5252,5469
712,2017-07-05,174,4123,4297
712,2017-07-06,234,5682,5916
712,2017-07-09,17,4163,4180
712,2017-07-10,254,6316,6570
712,2017-07-11,264,6624,6888
712,2017-07-12,221,6759,6980
712,2017-07-13,230,7089,7319
712,2017-07-16,8,4126,4134
712,2017-07-17,189,5394,5583
712,2017-07-18,134,3287,3421
712,2017-07-19,156,4808,4964
712,2017-07-20,230,6066,6296
712,2017-07-21,202,6225,6427
712,2017-07-22,172,4969,5141
712,2017-07-23,35,3902,3937
712,2017-07-24,228,6081,6309
712,2017-07-25,216,5672,5888
712,2017-07-26,181,6157,6338
712,2017-07-27,196,5914,6110
712,2017-07-28,177,6014,6191
712,2017-07-29,97,3695,3792
712,2017-07-30,12,3425,3437
712,2017-07-31,182,5608,5790
712,2017-08-01,162,5562,5724
712,2017-08-02,141,5454,5595
712,2017-08-03,193,5404,5597
712,2017-08-04,191,5182,5373
712,2017-08-05,142,4090,4232
712,2017-08-06,19,3289,3308
712,2017-08-07,143,3661,3804
712,2017-08-08,173,5147,5320
712,2017-08-09,165,5136,5301
712,2017-08-10,172,5159,5331
712,2017-08-11,178,5145,5323
712,2017-08-12,131,3796,3927
712,2017-08-13,6,2740,2746
712,2017-08-14,113,3228,3341
712,2017-08-15,8,3194,3202
712,2017-08-16,163,5175,5338
712,2017-08-18,172,5015,5187
712,2017-08-19,148,4068,4216
712,2017-08-20,13,3388,3401
712,2017-08-21,169,5122,5291
712,2017-08-22,108,3023,3131
712,2017-08-23,101,2847,2948
712,2017-08-25,180,5118,5298
712,2017-08-26,82,2192,2274
712,2017-08-27,5,2083,2088
712,2017-08-28,94,2601,2695
712,2017-08-29,89,2594,2683
712,2017-08-30,194,4967,5161
712,2017-09-01,174,5239,5413
712,2017-09-02,162,3963,4125
712,2017-09-03,10,3607,3617
712,2017-09-04,182,4948,5130
712,2017-09-05,189,5116,5305
712,2017-09-06,186,5024,5210
712,2017-09-08,208,5170,5378
712,2017-09-09,140,4304,4444
712,2017-09-10,4,3534,3538
712,2017-09-11,198,5102,5300
712,2017-09-12,198,5450,5648
712,2017-09-13,166,5434,5600
712,2017-09-15,211,6239,6450
712,2017-09-16,146,4748,4894
712,2017-09-17,23,3616,3639
712,2017-09-18,212,6050,6262
712,2017-09-19,246,6092,6338
712,2017-09-20,233,6385,6618
712,2017-09-21,217,6445,6662
712,2017-09-22,247,6324,6571
712,2017-09-23,123,3847,3970
712,2017-09-24,9,3234,3243
712,2017-09-25,208,5273,5481
712,2017-09-26,288,6467,6755
712,2017-09-27,211,5586,5797
712,2017-09-29,209,5709,5918
712,2017-09-30,138,4818,4956
712,2017-10-01,10,4256,4266
712,2017-10-02,237,6286,6523
712,2017-10-03,229,6618,6847
712,2017-10-04,230,6538,6768
712,2017-10-05,254,6606,6860
712,2017-10-06,254,5980,6234
712,2017-10-07,144,4914,5058
712,2017-10-08,13,4288,4301
712,2017-10-09,243,6061,6304
712,2017-10-10,260,6469,6729
712,2017-10-11,253,6321,6574
712,2017-10-13,296,6409,6705
712,2017-10-14,107,3692,3799
712,2017-10-15,7,2756,2763
712,2017-10-16,174,4197,4371
712,2017-10-17,212,5714,5926
712,2017-10-18,176,4960,5136
712,2017-10-19,204,5234,5438
712,2017-10-20,246,6034,6280
712,2017-10-21,136,4736,4872
712,2017-10-22,2,3674,3676
712,2017-10-23,245,6287,6532
712,2017-10-24,246,6608,6854
712,2017-10-25,191,6057,6248
712,2017-10-27,272,6813,7085
712,2017-10-28,150,4825,4975
712,2017-10-29,15,3905,3920
712,2017-10-30,205,5616,5821
712,2017-10-31,186,5725,5911
712,2017-11-01,4,3652,3656
712,2017-11-03,213,5607,5820
712,2017-11-04,156,4472,4628
712,2017-11-05,24,3447,3471
712,2017-11-06,259,6209,6468
712,2017-11-07,252,6480,6732
712,2017-11-08,240,6012,6252
712,2017-11-10,246,6080,6326
712,2017-11-11,152,4675,4827
712,2017-11-12,4,3466,3470
712,2017-11-13,255,6272,6527
712,2017-11-14,238,6337,6575
712,2017-11-15,229,6423,6652
712,2017-11-16,223,6255,6478
712,2017-11-17,275,6562,6837
712,2017-11-18,143,4858,5001
712,2017-11-19,4,3616,3620
712,2017-11-20,236,6135,6371
712,2017-11-21,245,6350,6595
712,2017-11-22,264,6372,6636
712,2017-11-24,270,6106,6376
712,2017-11-25,139,4802,4941
712,2017-11-26,10,3429,3439
712,2017-11-27,225,6145,6370
712,2017-11-28,228,5960,6188
712,2017-11-29,231,6208,6439
712,2017-11-30,226,6384,6610
712,2017-12-01,225,6348,6573
712,2017-12-02,144,4634,4778
712,2017-12-03,5,3420,3425
712,2017-12-04,226,5616,5842
712,2017-12-05,216,6405,6621
712,2017-12-06,204,6020,6224
712,2017-12-07,233,6493,6726
712,2017-12-08,246,6436,6682
712,2017-12-09,144,4529,4673
712,2017-12-10,12,3012,3024
712,2017-12-11,228,5726,5954
712,2017-12-12,213,6378,6591
712,2017-12-13,222,5486,5708
712,2017-12-14,222,6214,6436
712,2017-12-15,233,6028,6261
712,2017-12-16,149,4409,4558
712,2017-12-17,11,3857,3868
712,2017-12-18,160,4777,4937
712,2017-12-19,166,5223,5389
712,2017-12-20,154,5241,5395
712,2017-12-21,156,5403,5559
712,2017-12-22,151,5405,5556
712,2017-12-23,144,4241,4385
712,2017-12-24,4,3693,3697
712,2017-12-25,5,2968,2973
712,2017-12-26,6,2782,2788
712,2017-12-27,148,4505,4653
712,2017-12-29,162,4225,4387
712,2017-12-30,140,3709,3849
712,2017-12-31,5,3276,3281
715,2017-01-01,56,8176,8232
715,2017-01-02,380,14298,14678
715,2017-01-03,444,16210,16654
715,2017-01-04,486,18722,19208
715,2017-01-05,429,17342,17771
715,2017-01-06,431,18092,18523
715,2017-01-08,81,9784,9865
715,2017-01-09,607,18751,19358
715,2017-01-10,564,19087,19651
715,2017-01-11,544,19362,19906
715,2017-01-12,710,21906,22616
715,2017-01-13,460,17368,17828
715,2017-01-15,75,10941,11016
715,2017-01-16,682,19225,19907
715,2017-01-17,657,20010,20667
715,2017-01-18,647,19540,20187
715,2017-01-19,635,20470,21105
715,2017-01-20,633,20880,21513
715,2017-01-22,96,11529,11625
715,2017-01-23,636,19176,19812
715,2017-01-24,680,19581,20261
715,2017-01-25,665,19789,20454
715,2017-01-26,650,20248,20898
715,2017-01-27,645,20923,21568
715,2017-01-29,85,12166,12251
715,2017-01-30,796,21616,22412
715,2017-01-31,698,20302,21000
715,2017-02-01,691,19669,20360
715,2017-02-02,673,20165,20838
715,2017-02-03,684,21116,21800
715,2017-02-05,98,12738,12836
715,2017-02-06,664,19655,20319
715,2017-02-07,674,19878,20552
715,2017-02-08,695,19605,20300
715,2017-02-09,706,20338,21044
715,2017-02-10,735,21280,22015
715,2017-02-12,86,11634,11720
715,2017-02-13,739,19495,20234
715,2017-02-14,713,20857,21570
715,2017-02-15,694,19984,20678
715,2017-02-16,868,22066,22934
715,2017-02-17,910,22970,23880
715,2017-02-19,95,11320,11415
715,2017-02-20,610,17245,17855
715,2017-02-21,560,18031,18591
715,2017-02-22,566,18005,18571
715,2017-02-23,460,15440,15900
715,2017-02-24,587,19658,20245
715,2017-02-26,438,10684,11122
715,2017-02-27,536,15998,16534
715,2017-02-28,862,21882,22744
715,2017-03-01,708,19849,20557
715,2017-03-02,692,20665,21357
715,2017-03-03,762,21496,22258
715,2017-03-05,130,12888,13018
715,2017-03-06,896,21156,22052
715,2017-03-07,870,22564,23434
715,2017-03-08,870,21834,22704
715,2017-03-09,679,20193,20872
715,2017-03-10,744,21282,22026
715,2017-03-12,101,12857,12958
715,2017-03-13,753,19740,20493
715,2017-03-14,767,20701,21468
715,2017-03-15,785,20251,21036
715,2017-03-16,741,21077,21818
715,2017-03-17,811,21625,22436
715,2017-03-19,132,12409,12541
715,2017-03-20,796,19695,20491
715,2017-03-21,747,20425,21172
715,2017-03-22,809,19924,20733
715,2017-03-23,793,20754,21547
715,2017-03-24,819,21557,22376
715,2017-03-27,823,19932,20755
715,2017-03-28,875,20846,21721
715,2017-03-29,839,20500,21339
715,2017-03-30,796,21133,21929
715,2017-03-31,808,21964,22772
715,2017-04-01,449,19690,20139
715,2017-04-02,106,13397,13503
715,2017-04-03,762,20435,21197
715,2017-04-04,835,21427,22262
715,2017-04-05,783,21294,22077
715,2017-04-06,816,21531,22347
715,2017-04-07,790,22029,22819
715,2017-04-08,400,18983,19383
715,2017-04-10,669,19160,19829
715,2017-04-11,705,19435,20140
715,2017-04-12,714,19169,19883
715,2017-04-13,701,19708,20409
715,2017-04-14,676,20479,21155
715,2017-04-15,426,17388,17814
715,2017-04-17,134,9755,9889
715,2017-04-18,755,18511,19266
715,2017-04-19,688,18972,19660
715,2017-04-20,728,19282,20010
715,2017-04-21,703,19749,20452
715,2017-04-22,427,17554,17981
715,2017-04-24,834,19984,20818
715,2017-04-25,778,21163,21941
715,2017-04-26,1068,23124,24192
715,2017-04-27,808,21847,22655
715,2017-04-28,859,22436,23295
715,2017-04-29,443,19638,20081
715,2017-05-01,98,9899,9997
715,2017-05-02,805,21337,22142
715,2017-05-03,904,23010,23914
715,2017-05-05,896,21916,22812
715,2017-05-06,435,19480,19915
715,2017-05-08,785,20070,20855
715,2017-05-09,819,20951,21770
715,2017-05-10,829,20665,21494
715,2017-05-11,789,21224,22013
715,2017-05-12,779,22179,22958
715,2017-05-13,411,18721,19132
715,2017-05-15,841,19864,20705
715,2017-05-16,836,20369,21205
715,2017-05-17,837,20625,21462
715,2017-05-18,824,20966,21790
715,2017-05-19,775,21119,21894
715,2017-05-20,442,18605,19047
715,2017-05-22,783,20060,20843
715,2017-05-23,834,21294,22128
715,2017-05-24,856,23268,24124
715,2017-05-25,167,12708,12875
715,2017-05-26,667,22775,23442
715,2017-05-27,392,19346,19738
715,2017-05-29,859,20806,21665
715,2017-05-30,832,21130,21962
715,2017-05-31,837,20763,21600
715,2017-06-01,881,21588,22469
715,2017-06-02,902,22467,23369
715,2017-06-03,486,19107,19593
715,2017-06-05,120,11564,11684
715,2017-06-06,964,22108,23072
715,2017-06-07,793,19219,20012
715,2017-06-08,774,19568,20342
715,2017-06-09,741,19908,20649
715,2017-06-10,495,18856,19351
715,2017-06-12,823,19834,20657
715,2017-06-13,829,20550,21379
715,2017-06-14,872,20063,20935
715,2017-06-15,761,20660,21421
715,2017-06-16,831,21549,22380
715,2017-06-17,518,18609,19127
715,2017-06-19,887,19915,20802
715,2017-06-20,851,20955,21806
715,2017-06-21,895,20023,20918
715,2017-06-22,857,21301,22158
715,2017-06-23,131,11197,11328
715,2017-06-24,472,18107,18579
715,2017-06-26,898,20215,21113
715,2017-06-27,1012,23512,24524
715,2017-06-28,970,22692,23662
715,2017-06-29,1086,23098,24184
715,2017-06-30,833,21454,22287
715,2017-07-01,430,19156,19586
715,2017-07-03,856,19624,20480
715,2017-07-04,808,21295,22103
715,2017-07-05,918,20545,21463
715,2017-07-06,1068,23184,24252
715,2017-07-07,1070,24272,25342
715,2017-07-08,493,18577,19070
715,2017-07-10,870,22148,23018
715,2017-07-11,1046,23422,24468
715,2017-07-12,663,20503,21166
715,2017-07-13,729,21125,21854
715,2017-07-14,753,21623,22376
715,2017-07-15,462,19566,20028
715,2017-07-17,688,20715,21403
715,2017-07-18,712,21203,21915
715,2017-07-19,743,20135,20878
715,2017-07-20,826,22844,23670
715,2017-07-21,749,20825,21574
715,2017-07-22,464,18966,19430
715,2017-07-23,130,13209,13339
715,2017-07-24,780,22194,22974
715,2017-07-25,852,22166,23018
715,2017-07-26,702,19585,20287
715,2017-07-27,740,19862,20602
715,2017-07-28,606,19802,20408
715,2017-07-29,426,16400,16826
715,2017-07-30,133,12036,12169
715,2017-07-31,702,19934,20636
715,2017-08-01,672,20260,20932
715,2017-08-02,580,18074,18654
715,2017-08-03,593,18195,18788
715,2017-08-04,582,18302,18884
715,2017-08-05,413,15334,15747
715,2017-08-06,131,11494,11625
715,2017-08-07,578,16767,17345
715,2017-08-08,698,19750,20448
715,2017-08-09,577,16924,17501
715,2017-08-10,648,19202,19850
715,2017-08-11,577,17370,17947
715,2017-08-12,396,14258,14654
715,2017-08-13,105,11306,11411
715,2017-08-14,526,16152,16678
715,2017-08-15,118,9356,9474
715,2017-08-16,579,17234,17813
715,2017-08-18,545,17240,17785
715,2017-08-19,391,14421,14812
715,2017-08-20,141,10740,10881
715,2017-08-21,609,17361,17970
715,2017-08-22,679,17674,18353
715,2017-08-23,652,17672,18324
715,2017-08-25,714,19860,20574
715,2017-08-26,656,17720,18376
715,2017-08-27,266,11497,11763
715,2017-08-28,858,17419,18277
715,2017-08-29,808,17980,18788
715,2017-08-30,856,17757,18613
715,2017-09-01,954,20602,21556
715,2017-09-02,670,18038,18708
715,2017-09-03,256,11790,12046
715,2017-09-04,791,17922,18713
715,2017-09-05,862,18103,18965
715,2017-09-06,836,17914,18750
715,2017-09-08,815,18960,19775
715,2017-09-09,656,17846,18502
715,2017-09-10,243,11305,11548
715,2017-09-11,793,18944,19737
715,2017-09-12,954,21720,22674
715,2017-09-13,782,19200,19982
715,2017-09-15,854,21623,22477
715,2017-09-16,648,20094,20742
715,2017-09-17,274,13184,13458
715,2017-09-18,712,20082,20794
715,2017-09-19,833,20692,21525
715,2017-09-20,830,19854,20684
715,2017-09-21,798,20628,21426
715,2017-09-22,883,21844,22727
715,2017-09-23,513,19547,20060
715,2017-09-24,135,14693,14828
715,2017-09-25,783,19985,20768
715,2017-09-26,800,20102,20902
715,2017-09-27,815,19990,20805
715,2017-09-29,789,21316,22105
715,2017-09-30,640,21128,21768
715,2017-10-01,218,12992,13210
715,2017-10-02,930,21694,22624
715,2017-10-03,926,22908,23834
715,2017-10-04,782,19514,20296
715,2017-10-05,837,20131,20968
715,2017-10-06,1016,23284,24300
715,2017-10-07,551,18269,18820
715,2017-10-08,226,12516,12742
715,2017-10-09,831,19106,19937
715,2017-10-10,792,19917,20709
715,2017-10-11,816,19906,20722
715,2017-10-13,848,21025,21873
715,2017-10-14,551,18513,19064
715,2017-10-15,355,16526,16881
715,2017-10-16,815,19310,20125
715,2017-10-17,811,19771,20582
715,2017-10-18,824,19359,20183
715,2017-10-19,781,20078,20859
715,2017-10-20,964,23400,24364
715,2017-10-21,566,18163,18729
715,2017-10-22,205,12291,12496
715,2017-10-23,821,19330,20151
715,2017-10-24,817,20021,20838
715,2017-10-25,786,19749,20535
715,2017-10-27,811,21313,22124
715,2017-10-28,477,18342,18819
715,2017-10-29,83,12317,12400
715,2017-10-30,630,19379,20009
715,2017-10-31,711,20846,21557
715,2017-11-01,102,11357,11459
715,2017-11-03,711,18728,19439
715,2017-11-04,502,17042,17544
715,2017-11-05,97,11524,11621
715,2017-11-06,788,18936,19724
715,2017-11-07,822,19853,20675
715,2017-11-08,928,21624,22552
715,2017-11-10,777,20733,21510
715,2017-11-11,397,17923,18320
715,2017-11-12,92,11532,11624
715,2017-11-13,778,19165,19943
715,2017-11-14,778,19702,20480
715,2017-11-15,779,19380,20159
715,2017-11-16,817,19671,20488
715,2017-11-17,848,20842,21690
715,2017-11-18,414,17759,18173
715,2017-11-19,90,12005,12095
715,2017-11-20,766,19046,19812
715,2017-11-21,769,20137,20906
715,2017-11-22,801,19392,20193
715,2017-11-24,740,21143,21883
715,2017-11-25,407,18216,18623
715,2017-11-26,115,12674,12789
715,2017-11-27,424,15946,16370
715,2017-11-28,864,22116,22980
715,2017-11-29,782,19318,20100
715,2017-11-30,716,19768,20484
715,2017-12-01,721,21104,21825
715,2017-12-02,400,17700,18100
715,2017-12-03,78,11392,11470
715,2017-12-04,699,19370,20069
715,2017-12-05,813,20002,20815
715,2017-12-06,794,19494,20288
715,2017-12-07,738,19398,20136
715,2017-12-08,737,20253,20990
715,2017-12-09,383,17626,18009
715,2017-12-10,94,8312,8406
715,2017-12-11,866,21194,22060
715,2017-12-12,766,20187,20953
715,2017-12-13,568,15640,16208
715,2017-12-14,522,18060,18582
715,2017-12-15,832,23330,24162
715,2017-12-16,388,17128,17516
715,2017-12-17,97,12301,12398
715,2017-12-18,620,20728,21348
715,2017-12-19,560,18790,19350
715,2017-12-20,531,18800,19331
715,2017-12-21,523,19142,19665
715,2017-12-22,514,19992,20506
715,2017-12-23,370,17198,17568
715,2017-12-24,96,11517,11613
715,2017-12-25,64,8491,8555
715,2017-12-26,65,8801,8866
715,2017-12-27,493,16482,16975
715,2017-12-29,530,18708,19238
715,2017-12-30,321,15792,16113
715,2017-12-31,80,10440,10520
716,2017-01-02,328,10062,10390
716,2017-01-03,379,11182,11561
716,2017-01-04,330,11304,11634
716,2017-01-05,350,11890,12240
716,2017-01-06,386,12631,13017
716,2017-01-07,335,9627,9962
716,2017-01-09,500,13106,13606
716,2017-01-10,454,13486,13940
716,2017-01-11,445,13517,13962
716,2017-01-12,532,14496,15028
716,2017-01-13,532,14412,14944
716,2017-01-14,313,10967,11280
716,2017-01-16,556,13512,14068
716,2017-01-17,543,14150,14693
716,2017-01-18,555,13861,14416
716,2017-01-19,537,14478,15015
716,2017-01-20,548,14762,15310
716,2017-01-21,346,11906,12252
716,2017-01-23,524,13699,14223
716,2017-01-24,504,13941,14445
716,2017-01-25,532,13813,14345
716,2017-01-26,546,14269,14815
716,2017-01-27,541,14671,15212
716,2017-01-28,336,11674,12010
716,2017-01-30,570,14212,14782
716,2017-01-31,500,14491,14991
716,2017-02-01,532,13778,14310
716,2017-02-02,512,14455,14967
716,2017-02-03,634,15412,16046
716,2017-02-04,348,12618,12966
716,2017-02-06,488,13738,14226
716,2017-02-07,434,14068,14502
716,2017-02-08,509,13984,14493
716,2017-02-09,522,14528,15050
716,2017-02-10,558,14787,15345
716,2017-02-11,280,11949,12229
716,2017-02-13,537,13887,14424
716,2017-02-14,536,15074,15610
716,2017-02-15,556,14030,14586
716,2017-02-16,588,14874,15462
716,2017-02-17,500,14415,14915
716,2017-02-18,320,11594,11914
716,2017-02-20,510,12472,12982
716,2017-02-21,476,12880,13356
716,2017-02-22,407,12251,12658
716,2017-02-23,594,13924,14518
716,2017-02-24,438,13422,13860
716,2017-02-25,382,11620,12002
716,2017-02-27,528,13062,13590
716,2017-02-28,584,14732,15316
716,2017-03-01,588,14420,15008
716,2017-03-02,545,14755,15300
716,2017-03-03,562,14980,15542
716,2017-03-04,358,12386,12744
716,2017-03-06,588,14166,14754
716,2017-03-07,510,14545,15055
716,2017-03-08,604,14500,15104
716,2017-03-09,488,14550,15038
716,2017-03-10,543,15182,15725
716,2017-03-11,365,12843,13208
716,2017-03-13,534,14052,14586
716,2017-03-14,552,14408,14960
716,2017-03-15,578,14251,14829
716,2017-03-16,537,14818,15355
716,2017-03-17,552,15159,15711
716,2017-03-18,313,12287,12600
716,2017-03-20,583,13570,14153
716,2017-03-21,502,14332,14834
716,2017-03-22,603,13959,14562
716,2017-03-23,563,14791,15354
716,2017-03-24,592,15072,15664
716,2017-03-25,389,12841,13230
716,2017-03-28,660,15390,16050
716,2017-03-29,544,14676,15220
716,2017-03-30,619,15243,15862
716,2017-03-31,601,15666,16267
716,2017-04-01,342,13109,13451
716,2017-04-02,100,9752,9852
716,2017-04-04,573,15034,15607
716,2017-04-05,587,14533,15120
716,2017-04-06,577,15036,15613
716,2017-04-07,607,15412,16019
716,2017-04-08,380,13039,13419
716,2017-04-09,97,10530,10627
716,2017-04-11,469,13763,14232
716,2017-04-12,477,13458,13935
716,2017-04-13,506,14026,14532
716,2017-04-14,477,14697,15174
716,2017-04-15,376,11868,12244
716,2017-04-16,99,7848,7947
716,2017-04-18,475,13132,13607
716,2017-04-19,485,13117,13602
716,2017-04-20,489,13729,14218
716,2017-04-21,516,14582,15098
716,2017-04-22,369,12953,13322
716,2017-04-23,93,10863,10956
716,2017-04-25,619,14825,15444
716,2017-04-26,617,14530,15147
716,2017-04-27,597,15234,15831
716,2017-04-28,684,16482,17166
716,2017-04-29,378,13685,14063
716,2017-04-30,100,10139,10239
716,2017-05-02,571,15195,15766
716,2017-05-03,644,14828,15472
716,2017-05-04,537,14982,15519
716,2017-05-05,621,15647,16268
716,2017-05-06,353,13153,13506
716,2017-05-07,82,8983,9065
716,2017-05-09,574,15059,15633
716,2017-05-10,637,14661,15298
716,2017-05-11,615,15422,16037
716,2017-05-12,592,15617,16209
716,2017-05-13,384,13514,13898
716,2017-05-14,92,8996,9088
716,2017-05-16,585,14949,15534
716,2017-05-17,609,14481,15090
716,2017-05-18,680,15192,15872
716,2017-05-19,642,16340,16982
716,2017-05-20,399,13402,13801
716,2017-05-21,123,10193,10316
716,2017-05-23,608,15131,15739
716,2017-05-24,638,16850,17488
716,2017-05-25,125,10027,10152
716,2017-05-26,545,16194,16739
716,2017-05-27,353,13445,13798
716,2017-05-28,117,9416,9533
716,2017-05-30,644,15185,15829
716,2017-05-31,742,16501,17243
716,2017-06-01,642,15548,16190
716,2017-06-02,764,16696,17460
716,2017-06-03,490,13304,13794
716,2017-06-04,237,9435,9672
716,2017-06-06,652,13078,13730
716,2017-06-07,614,13028,13642
716,2017-06-08,518,12847,13365
716,2017-06-09,606,13876,14482
716,2017-06-10,386,12157,12543
716,2017-06-11,103,9989,10092
716,2017-06-13,603,13768,14371
716,2017-06-14,615,13646,14261
716,2017-06-15,601,14100,14701
716,2017-06-16,647,14539,15186
716,2017-06-17,417,12297,12714
716,2017-06-18,103,9618,9721
716,2017-06-20,642,13852,14494
716,2017-06-21,631,13621,14252
716,2017-06-22,611,14634,15245
716,2017-06-23,99,7817,7916
716,2017-06-24,403,12132,12535
716,2017-06-25,108,8539,8647
716,2017-06-27,694,14376,15070
716,2017-06-28,660,14280,14940
716,2017-06-29,732,14812,15544
716,2017-06-30,760,15346,16106
716,2017-07-01,422,13020,13442
716,2017-07-02,151,10073,10224
716,2017-07-04,606,13980,14586
716,2017-07-05,680,13865,14545
716,2017-07-06,720,14458,15178
716,2017-07-07,613,14683,15296
716,2017-07-08,423,12630,13053
716,2017-07-09,184,9918,10102
716,2017-07-11,684,14614,15298
716,2017-07-12,606,14176,14782
716,2017-07-13,534,14413,14947
716,2017-07-14,539,14271,14810
716,2017-07-15,398,12551,12949
716,2017-07-16,101,9643,9744
716,2017-07-18,548,13849,14397
716,2017-07-19,558,13235,13793
716,2017-07-20,614,13932,14546
716,2017-07-21,510,13635,14145
716,2017-07-22,470,12580,13050
716,2017-07-23,108,9017,9125
716,2017-07-24,560,13418,13978
716,2017-07-25,626,13512,14138
716,2017-07-26,483,12133,12616
716,2017-07-27,624,12892,13516
716,2017-07-28,435,13071,13506
716,2017-07-29,395,10511,10906
716,2017-07-30,98,8145,8243
716,2017-07-31,526,12016,12542
716,2017-08-01,510,12156,12666
716,2017-08-02,448,11881,12329
716,2017-08-03,471,12162,12633
716,2017-08-04,482,11979,12461
716,2017-08-05,390,9841,10231
716,2017-08-06,98,7885,7983
716,2017-08-07,436,11009,11445
716,2017-08-08,427,11350,11777
716,2017-08-09,439,11176,11615
716,2017-08-10,494,11682,12176
716,2017-08-11,421,11699,12120
716,2017-08-12,430,9556,9986
716,2017-08-13,95,7512,7607
716,2017-08-14,401,10993,11394
716,2017-08-15,84,6010,6094
716,2017-08-16,445,11650,12095
716,2017-08-18,520,11856,12376
716,2017-08-19,434,9852,10286
716,2017-08-20,95,7605,7700
716,2017-08-21,507,11511,12018
716,2017-08-22,498,11921,12419
716,2017-08-23,521,12236,12757
716,2017-08-25,596,12542,13138
716,2017-08-26,610,10890,11500
716,2017-08-27,285,7968,8253
716,2017-08-28,765,11858,12623
716,2017-08-29,741,12074,12815
716,2017-08-30,838,12446,13284
716,2017-09-01,828,13004,13832
716,2017-09-02,541,10218,10759
716,2017-09-03,258,7936,8194
716,2017-09-04,766,12092,12858
716,2017-09-05,746,12360,13106
716,2017-09-06,720,12058,12778
716,2017-09-08,842,13302,14144
716,2017-09-09,562,11072,11634
716,2017-09-10,258,8030,8288
716,2017-09-11,816,13214,14030
716,2017-09-12,794,13544,14338
716,2017-09-13,822,13602,14424
716,2017-09-15,818,15158,15976
716,2017-09-16,576,11968,12544
716,2017-09-17,241,8726,8967
716,2017-09-18,519,13425,13944
716,2017-09-19,678,14742,15420
716,2017-09-20,613,13475,14088
716,2017-09-21,617,13593,14210
716,2017-09-22,615,14490,15105
716,2017-09-23,423,12812,13235
716,2017-09-24,121,9599,9720
716,2017-09-25,617,13247,13864
716,2017-09-26,627,14003,14630
716,2017-09-27,602,13445,14047
716,2017-09-29,650,14356,15006
716,2017-09-30,540,12712,13252
716,2017-10-01,255,8892,9147
716,2017-10-02,577,13181,13758
716,2017-10-03,621,13678,14299
716,2017-10-04,611,13324,13935
716,2017-10-05,645,13976,14621
716,2017-10-06,606,14042,14648
716,2017-10-07,576,11887,12463
716,2017-10-08,267,8748,9015
716,2017-10-09,626,12781,13407
716,2017-10-10,587,13857,14444
716,2017-10-11,638,13250,13888
716,2017-10-13,592,14166,14758
716,2017-10-14,535,12615,13150
716,2017-10-15,352,9960,10312
716,2017-10-16,596,13252,13848
716,2017-10-17,588,13382,13970
716,2017-10-18,564,13250,13814
716,2017-10-19,609,13765,14374
716,2017-10-20,698,14594,15292
716,2017-10-21,584,12390,12974
716,2017-10-22,234,8636,8870
716,2017-10-23,632,13118,13750
716,2017-10-24,595,13640,14235
716,2017-10-25,645,13345,13990
716,2017-10-27,622,14484,15106
716,2017-10-28,498,12052,12550
716,2017-10-29,195,8562,8757
716,2017-10-30,658,13036,13694
716,2017-10-31,665,14136,14801
716,2017-11-01,209,7895,8104
716,2017-11-03,694,13629,14323
716,2017-11-04,590,11624,12214
716,2017-11-05,196,8190,8386
716,2017-11-06,554,12859,13413
716,2017-11-07,560,13591,14151
716,2017-11-08,650,13464,14114
716,2017-11-10,696,16208,16904
716,2017-11-11,444,13022,13466
716,2017-11-12,72,7493,7565
716,2017-11-13,568,12913,13481
716,2017-11-14,581,13337,13918
716,2017-11-15,595,13024,13619
716,2017-11-16,629,13358,13987
716,2017-11-17,576,14054,14630
716,2017-11-18,384,11699,12083
716,2017-11-19,81,8687,8768
716,2017-11-20,590,12818,13408
716,2017-11-21,558,13778,14336
716,2017-11-22,595,13435,14030
716,2017-11-24,662,14856,15518
716,2017-11-25,367,12081,12448
716,2017-11-26,85,8285,8370
716,2017-11-27,632,13148,13780
716,2017-11-28,532,13551,14083
716,2017-11-29,694,13680,14374
716,2017-11-30,570,13742,14312
716,2017-12-01,548,14238,14786
716,2017-12-02,376,11684,12060
716,2017-12-03,87,7711,7798
716,2017-12-04,617,12952,13569
716,2017-12-05,584,13520,14104
716,2017-12-06,614,12882,13496
716,2017-12-07,690,14286,14976
716,2017-12-08,608,13848,14456
716,2017-12-09,372,11686,12058
716,2017-12-10,94,6778,6872
716,2017-12-11,664,13634,14298
716,2017-12-12,559,13982,14541
716,2017-12-13,650,13308,13958
716,2017-12-14,646,14700,15346
716,2017-12-15,670,14452,15122
716,2017-12-16,338,11456,11794
716,2017-12-17,89,8124,8213
716,2017-12-18,476,12820,13296
716,2017-12-19,502,12964,13466
716,2017-12-20,426,12359,12785
716,2017-12-21,484,13704,14188
716,2017-12-22,443,13133,13576
716,2017-12-23,369,11374,11743
716,2017-12-24,82,8173,8255
716,2017-12-25,78,6387,6465
716,2017-12-26,80,6374,6454
716,2017-12-27,450,11338,11788
716,2017-12-29,456,11462,11918
716,2017-12-30,343,10598,10941
716,2017-12-31,82,7700,7782
724,2017-01-01,31,2618,2649
724,2017-01-02,191,3941,4132
724,2017-01-03,244,4491,4735
724,2017-01-04,244,4567,4811
724,2017-01-05,230,4633,4863
724,2017-01-06,247,4866,5113
724,2017-01-07,191,3703,3894
724,2017-01-08,42,3164,3206
724,2017-01-09,286,5603,5889
724,2017-01-10,276,5748,6024
724,2017-01-11,284,5620,5904
724,2017-01-12,314,5924,6238
724,2017-01-13,226,5521,5747
724,2017-01-14,188,4279,4467
724,2017-01-15,46,3563,3609
724,2017-01-16,355,5970,6325
724,2017-01-17,437,6238,6675
724,2017-01-18,469,6108,6577
724,2017-01-19,426,6268,6694
724,2017-01-20,421,6378,6799
724,2017-01-21,206,4991,5197
724,2017-01-22,44,3925,3969
724,2017-01-23,386,6061,6447
724,2017-01-24,402,6107,6509
724,2017-01-25,NA,31,NA
724,2017-01-26,476,6289,6765
724,2017-01-27,454,6484,6938
724,2017-01-28,199,4751,4950
724,2017-01-29,45,3839,3884
724,2017-01-30,422,6158,6580
724,2017-01-31,512,6490,7002
724,2017-02-01,482,6238,6720
724,2017-02-02,532,6478,7010
724,2017-02-03,547,6767,7314
724,2017-02-04,175,5114,5289
724,2017-02-05,40,3846,3886
724,2017-02-06,478,6350,6828
724,2017-02-07,534,6605,7139
724,2017-02-08,543,6681,7224
724,2017-02-09,527,6631,7158
724,2017-02-10,534,6765,7299
724,2017-02-11,211,5081,5292
724,2017-02-12,52,4252,4304
724,2017-02-13,506,6328,6834
724,2017-02-14,538,6647,7185
724,2017-02-15,518,6615,7133
724,2017-02-16,513,6696,7209
724,2017-02-17,516,6596,7112
724,2017-02-18,220,5071,5291
724,2017-02-19,45,4040,4085
724,2017-02-20,517,5533,6050
724,2017-02-21,515,5783,6298
724,2017-02-22,515,6066,6581
724,2017-02-23,501,5807,6308
724,2017-02-24,481,6295,6776
724,2017-02-25,229,4989,5218
724,2017-02-26,66,5095,5161
724,2017-02-27,306,5631,5937
724,2017-02-28,514,6359,6873
724,2017-03-01,625,6393,7018
724,2017-03-02,566,6739,7305
724,2017-03-03,508,6919,7427
724,2017-03-04,217,5276,5493
724,2017-03-05,41,4064,4105
724,2017-03-06,460,6499,6959
724,2017-03-07,513,6878,7391
724,2017-03-08,517,6652,7169
724,2017-03-09,517,6798,7315
724,2017-03-10,549,6972,7521
724,2017-03-11,223,5637,5860
724,2017-03-12,41,4506,4547
724,2017-03-13,483,6300,6783
724,2017-03-14,467,6685,7152
724,2017-03-15,526,6468,6994
724,2017-03-16,522,6551,7073
724,2017-03-17,535,6512,7047
724,2017-03-18,189,5156,5345
724,2017-03-19,37,4047,4084
724,2017-03-20,528,6166,6694
724,2017-03-21,502,6448,6950
724,2017-03-22,504,6331,6835
724,2017-03-23,480,6589,7069
724,2017-03-24,508,6807,7315
724,2017-03-25,269,5559,5828
724,2017-03-27,518,6313,6831
724,2017-03-28,515,6773,7288
724,2017-03-29,527,6583,7110
724,2017-03-30,468,6791,7259
724,2017-03-31,451,6842,7293
724,2017-04-01,219,5501,5720
724,2017-04-02,36,4816,4852
724,2017-04-03,423,6272,6695
724,2017-04-04,514,6651,7165
724,2017-04-05,460,6635,7095
724,2017-04-06,422,6875,7297
724,2017-04-07,430,6910,7340
724,2017-04-08,238,5378,5616
724,2017-04-09,65,5196,5261
724,2017-04-10,431,5936,6367
724,2017-04-11,467,6381,6848
724,2017-04-12,456,6294,6750
724,2017-04-13,432,6348,6780
724,2017-04-14,461,6601,7062
724,2017-04-15,204,5029,5233
724,2017-04-16,39,3987,4026
724,2017-04-17,42,3800,3842
724,2017-04-18,454,5950,6404
724,2017-04-19,492,5863,6355
724,2017-04-20,527,5996,6523
724,2017-04-21,479,6268,6747
724,2017-04-22,399,5342,5741
724,2017-04-23,59,4645,4704
724,2017-04-24,472,6374,6846
724,2017-04-25,480,6557,7037
724,2017-04-26,517,6889,7406
724,2017-04-27,588,6985,7573
724,2017-04-28,564,7167,7731
724,2017-04-29,284,5845,6129
724,2017-04-30,72,5326,5398
724,2017-05-01,62,3695,3757
724,2017-05-02,535,6834,7369
724,2017-05-03,550,6593,7143
724,2017-05-04,527,6652,7179
724,2017-05-05,601,7076,7677
724,2017-05-06,274,5814,6088
724,2017-05-07,69,4519,4588
724,2017-05-08,554,6296,6850
724,2017-05-09,605,6842,7447
724,2017-05-10,583,6761,7344
724,2017-05-11,530,6887,7417
724,2017-05-12,416,6879,7295
724,2017-05-13,270,5591,5861
724,2017-05-14,49,4693,4742
724,2017-05-15,438,6426,6864
724,2017-05-16,477,6921,7398
724,2017-05-17,517,6814,7331
724,2017-05-18,483,6723,7206
724,2017-05-19,428,6954,7382
724,2017-05-20,295,5845,6140
724,2017-05-21,63,4792,4855
724,2017-05-22,502,6687,7189
724,2017-05-23,547,6862,7409
724,2017-05-24,587,7278,7865
724,2017-05-25,116,4973,5089
724,2017-05-26,366,7202,7568
724,2017-05-27,243,6260,6503
724,2017-05-28,104,4793,4897
724,2017-05-29,447,6593,7040
724,2017-05-30,493,6689,7182
724,2017-05-31,511,7224,7735
724,2017-06-01,453,7057,7510
724,2017-06-02,481,7347,7828
724,2017-06-03,276,5622,5898
724,2017-06-04,55,4834,4889
724,2017-06-05,77,4464,4541
724,2017-06-06,460,5902,6362
724,2017-06-07,470,5944,6414
724,2017-06-08,517,6201,6718
724,2017-06-09,558,6487,7045
724,2017-06-10,264,5810,6074
724,2017-06-11,61,5316,5377
724,2017-06-12,573,6618,7191
724,2017-06-13,555,6881,7436
724,2017-06-14,576,6989,7565
724,2017-06-15,580,7001,7581
724,2017-06-16,550,7319,7869
724,2017-06-17,349,6029,6378
724,2017-06-18,75,4963,5038
724,2017-06-19,549,6590,7139
724,2017-06-20,547,7117,7664
724,2017-06-21,547,7074,7621
724,2017-06-22,462,7057,7519
724,2017-06-23,63,4125,4188
724,2017-06-24,224,5328,5552
724,2017-06-25,87,4122,4209
724,2017-06-26,588,6734,7322
724,2017-06-27,531,7085,7616
724,2017-06-28,582,7154,7736
724,2017-06-29,535,7147,7682
724,2017-06-30,649,7336,7985
724,2017-07-01,242,6050,6292
724,2017-07-02,75,5019,5094
724,2017-07-03,590,6588,7178
724,2017-07-04,632,6905,7537
724,2017-07-05,597,7042,7639
724,2017-07-06,580,7085,7665
724,2017-07-07,511,7304,7815
724,2017-07-08,290,5923,6213
724,2017-07-09,81,5086,5167
724,2017-07-10,554,6618,7172
724,2017-07-11,513,7258,7771
724,2017-07-12,527,6927,7454
724,2017-07-13,501,7267,7768
724,2017-07-14,577,7200,7777
724,2017-07-15,289,6044,6333
724,2017-07-16,81,5182,5263
724,2017-07-17,508,6715,7223
724,2017-07-18,565,6872,7437
724,2017-07-19,525,6660,7185
724,2017-07-20,482,6792,7274
724,2017-07-21,477,7205,7682
724,2017-07-22,282,6059,6341
724,2017-07-23,76,5099,5175
724,2017-07-24,391,6266,6657
724,2017-07-25,468,6579,7047
724,2017-07-26,431,6808,7239
724,2017-07-27,393,6827,7220
724,2017-07-28,316,6453,6769
724,2017-07-29,249,5520,5769
724,2017-07-30,79,4753,4832
724,2017-07-31,312,5738,6050
724,2017-08-01,290,5385,5675
724,2017-08-02,267,5775,6042
724,2017-08-03,292,5698,5990
724,2017-08-04,292,5731,6023
724,2017-08-05,253,4830,5083
724,2017-08-06,79,4367,4446
724,2017-08-07,298,5240,5538
724,2017-08-08,282,5104,5386
724,2017-08-09,290,5344,5634
724,2017-08-10,294,5098,5392
724,2017-08-11,317,5173,5490
724,2017-08-12,212,4090,4302
724,2017-08-13,83,4159,4242
724,2017-08-14,279,4834,5113
724,2017-08-15,86,3518,3604
724,2017-08-16,291,5209,5500
724,2017-08-17,331,5140,5471
724,2017-08-18,300,5168,5468
724,2017-08-19,222,4406,4628
724,2017-08-20,72,4007,4079
724,2017-08-21,336,5223,5559
724,2017-08-22,403,5705,6108
724,2017-08-23,483,5842,6325
724,2017-08-24,454,6009,6463
724,2017-08-25,460,5834,6294
724,2017-08-26,242,4772,5014
724,2017-08-27,80,4399,4479
724,2017-08-28,433,5889,6322
724,2017-08-29,446,6439,6885
724,2017-08-30,439,6222,6661
724,2017-08-31,474,6035,6509
724,2017-09-01,492,6163,6655
724,2017-09-02,262,4993,5255
724,2017-09-03,82,4971,5053
724,2017-09-04,477,5868,6345
724,2017-09-05,454,6014,6468
724,2017-09-06,445,6283,6728
724,2017-09-07,467,6521,6988
724,2017-09-08,452,6425,6877
724,2017-09-09,256,5410,5666
724,2017-09-10,61,4787,4848
724,2017-09-11,487,6394,6881
724,2017-09-12,412,6638,7050
724,2017-09-13,401,6419,6820
724,2017-09-14,486,6647,7133
724,2017-09-15,445,6919,7364
724,2017-09-16,242,5692,5934
724,2017-09-17,71,4857,4928
724,2017-09-18,456,6525,6981
724,2017-09-19,457,7001,7458
724,2017-09-20,555,6768,7323
724,2017-09-21,505,6822,7327
724,2017-09-22,538,7252,7790
724,2017-09-23,272,6049,6321
724,2017-09-24,96,5116,5212
724,2017-09-25,478,6941,7419
724,2017-09-26,550,7157,7707
724,2017-09-27,536,7016,7552
724,2017-09-28,478,6965,7443
724,2017-09-29,510,7218,7728
724,2017-09-30,235,5649,5884
724,2017-10-01,46,4990,5036
724,2017-10-02,464,6544,7008
724,2017-10-03,480,6890,7370
724,2017-10-04,484,6771,7255
724,2017-10-05,445,7004,7449
724,2017-10-06,461,7159,7620
724,2017-10-07,267,5537,5804
724,2017-10-08,41,4590,4631
724,2017-10-09,459,6338,6797
724,2017-10-10,506,6530,7036
724,2017-10-11,602,6731,7333
724,2017-10-12,551,6787,7338
724,2017-10-13,509,7185,7694
724,2017-10-14,287,6090,6377
724,2017-10-15,64,5823,5887
724,2017-10-16,563,6718,7281
724,2017-10-17,626,6921,7547
724,2017-10-18,611,7113,7724
724,2017-10-19,563,7091,7654
724,2017-10-20,513,7469,7982
724,2017-10-21,262,5664,5926
724,2017-10-22,56,4232,4288
724,2017-10-23,460,6569,7029
724,2017-10-24,497,6892,7389
724,2017-10-25,530,6905,7435
724,2017-10-26,530,7078,7608
724,2017-10-27,621,7461,8082
724,2017-10-28,261,5671,5932
724,2017-10-29,52,4622,4674
724,2017-10-30,505,6302,6807
724,2017-11-01,42,4539,4581
724,2017-11-02,568,6415,6983
724,2017-11-03,653,6255,6908
724,2017-11-04,231,5432,5663
724,2017-11-05,55,4381,4436
724,2017-11-06,567,6319,6886
724,2017-11-07,596,6811,7407
724,2017-11-08,559,6615,7174
724,2017-11-09,594,7010,7604
724,2017-11-10,534,7071,7605
724,2017-11-11,238,5280,5518
724,2017-11-12,36,3853,3889
724,2017-11-13,501,6595,7096
724,2017-11-14,503,6639,7142
724,2017-11-15,539,6731,7270
724,2017-11-16,504,6640,7144
724,2017-11-17,482,7211,7693
724,2017-11-18,246,5483,5729
724,2017-11-19,48,4232,4280
724,2017-11-20,426,6571,6997
724,2017-11-21,454,6763,7217
724,2017-11-22,528,6846,7374
724,2017-11-23,494,6784,7278
724,2017-11-24,460,6907,7367
724,2017-11-25,231,5402,5633
724,2017-11-26,46,4266,4312
724,2017-11-27,467,6421,6888
724,2017-11-28,453,6706,7159
724,2017-11-29,468,6741,7209
724,2017-11-30,475,6813,7288
724,2017-12-01,431,6923,7354
724,2017-12-02,211,5309,5520
724,2017-12-03,48,3764,3812
724,2017-12-04,511,6554,7065
724,2017-12-05,473,6640,7113
724,2017-12-06,473,6513,6986
724,2017-12-07,447,6716,7163
724,2017-12-08,407,6537,6944
724,2017-12-09,220,5196,5416
724,2017-12-10,47,2969,3016
724,2017-12-11,411,6382,6793
724,2017-12-12,408,6500,6908
724,2017-12-13,439,6336,6775
724,2017-12-14,452,6576,7028
724,2017-12-15,398,6620,7018
724,2017-12-16,206,4954,5160
724,2017-12-17,44,3716,3760
724,2017-12-18,282,5108,5390
724,2017-12-19,282,5306,5588
724,2017-12-20,298,5456,5754
724,2017-12-21,288,5451,5739
724,2017-12-22,257,5510,5767
724,2017-12-23,201,4396,4597
724,2017-12-24,32,3548,3580
724,2017-12-25,26,3039,3065
724,2017-12-26,34,2849,2883
724,2017-12-27,235,4529,4764
724,2017-12-28,230,4656,4886
724,2017-12-29,235,4297,4532
724,2017-12-30,176,4171,4347
724,2017-12-31,44,3359,3403
805,2017-01-01,24,1457,1481
805,2017-01-02,154,3706,3860
805,2017-01-03,173,4344,4517
805,2017-01-04,191,4320,4511
805,2017-01-05,186,4521,4707
805,2017-01-07,133,3500,3633
805,2017-01-08,36,2934,2970
805,2017-01-09,280,5498,5778
805,2017-01-10,276,5843,6119
805,2017-01-11,276,5678,5954
805,2017-01-12,274,5926,6200
805,2017-01-14,146,4060,4206
805,2017-01-15,37,2366,2403
805,2017-01-16,289,5621,5910
805,2017-01-17,312,5959,6271
805,2017-01-18,329,5823,6152
805,2017-01-19,311,5916,6227
805,2017-01-21,154,4288,4442
805,2017-01-22,31,2418,2449
805,2017-01-23,321,5646,5967
805,2017-01-24,294,5856,6150
805,2017-01-25,323,5798,6121
805,2017-01-26,308,6040,6348
805,2017-01-28,152,4165,4317
805,2017-01-29,41,2409,2450
805,2017-01-30,292,6136,6428
805,2017-01-31,309,6259,6568
805,2017-02-01,336,6071,6407
805,2017-02-02,303,6253,6556
805,2017-02-04,176,4380,4556
805,2017-02-05,31,2595,2626
805,2017-02-06,305,5897,6202
805,2017-02-07,338,6168,6506
805,2017-02-08,347,5624,5971
805,2017-02-09,396,6162,6558
805,2017-02-11,171,4529,4700
805,2017-02-12,41,2579,2620
805,2017-02-13,328,5651,5979
805,2017-02-14,343,6284,6627
805,2017-02-15,333,5811,6144
805,2017-02-16,334,5946,6280
805,2017-02-18,159,4230,4389
805,2017-02-19,45,3016,3061
805,2017-02-20,258,4865,5123
805,2017-02-21,334,4996,5330
805,2017-02-22,344,5114,5458
805,2017-02-23,298,4922,5220
805,2017-02-25,190,4094,4284
805,2017-02-26,44,2407,2451
805,2017-02-27,352,5526,5878
805,2017-02-28,366,5964,6330
805,2017-03-01,414,5836,6250
805,2017-03-02,402,6104,6506
805,2017-03-04,177,4426,4603
805,2017-03-05,38,2774,2812
805,2017-03-06,388,5710,6098
805,2017-03-07,432,6348,6780
805,2017-03-08,413,6074,6487
805,2017-03-09,408,6438,6846
805,2017-03-11,195,4810,5005
805,2017-03-12,34,2826,2860
805,2017-03-13,381,6083,6464
805,2017-03-14,413,6382,6795
805,2017-07-18,460,5668,6128
805,2017-07-19,414,5848,6262
805,2017-07-20,404,5754,6158
805,2017-07-21,382,6007,6389
805,2017-07-22,191,4366,4557
805,2017-07-23,51,2677,2728
805,2017-07-24,329,5179,5508
805,2017-07-25,338,5609,5947
805,2017-07-26,344,5491,5835
805,2017-07-27,349,5569,5918
805,2017-07-28,278,5444,5722
805,2017-07-29,183,4086,4269
805,2017-07-30,61,2609,2670
805,2017-07-31,272,4465,4737
805,2017-08-01,306,4782,5088
805,2017-08-02,260,4742,5002
805,2017-08-03,288,4756,5044
805,2017-08-04,327,4995,5322
805,2017-08-05,167,3726,3893
805,2017-08-06,92,2556,2648
805,2017-08-07,286,4383,4669
805,2017-08-08,257,4619,4876
805,2017-08-09,260,4592,4852
805,2017-08-10,290,4734,5024
805,2017-08-11,254,4853,5107
805,2017-08-12,154,3587,3741
805,2017-08-13,51,2309,2360
805,2017-08-14,232,4322,4554
805,2017-08-15,62,1784,1846
805,2017-08-16,291,4675,4966
805,2017-08-17,291,4645,4936
805,2017-08-18,267,4880,5147
805,2017-08-19,150,3660,3810
805,2017-08-20,47,2486,2533
805,2017-08-21,326,4746,5072
805,2017-08-22,359,5241,5600
805,2017-08-23,364,4796,5160
805,2017-08-24,346,4936,5282
805,2017-08-25,342,5232,5574
805,2017-08-26,214,3752,3966
805,2017-08-27,33,2561,2594
805,2017-08-28,379,5022,5401
805,2017-08-29,379,5309,5688
805,2017-08-30,445,5190,5635
805,2017-08-31,452,5302,5754
805,2017-09-01,423,5397,5820
805,2017-09-02,180,3941,4121
805,2017-09-03,40,2452,2492
805,2017-09-04,361,4951,5312
805,2017-09-05,455,5426,5881
805,2017-09-06,439,5276,5715
805,2017-09-07,469,5401,5870
805,2017-09-08,569,5830,6399
805,2017-09-09,192,4314,4506
805,2017-09-10,43,2844,2887
805,2017-09-11,451,5590,6041
805,2017-09-12,418,5964,6382
805,2017-09-13,408,5831,6239
805,2017-09-14,409,6097,6506
805,2017-09-15,435,7203,7638
805,2017-09-16,185,4553,4738
805,2017-09-17,54,2860,2914
805,2017-09-18,485,6165,6650
805,2017-09-19,504,6628,7132
805,2017-09-20,521,6159,6680
805,2017-09-21,485,6397,6882
805,2017-09-22,504,6745,7249
805,2017-09-23,234,5095,5329
805,2017-09-24,79,6122,6201
805,2017-09-25,526,6321,6847
805,2017-09-26,492,6492,6984
805,2017-09-27,584,6180,6764
805,2017-09-28,468,6401,6869
805,2017-09-29,460,6871,7331
805,2017-09-30,175,4709,4884
805,2017-10-01,44,3173,3217
805,2017-10-02,455,5992,6447
805,2017-10-03,693,6622,7315
805,2017-10-04,621,6416,7037
805,2017-10-05,446,6689,7135
805,2017-10-06,443,6790,7233
805,2017-10-07,280,4853,5133
805,2017-10-08,40,3107,3147
805,2017-10-09,422,5868,6290
805,2017-10-10,394,6598,6992
805,2017-10-11,545,6304,6849
805,2017-10-12,464,6820,7284
805,2017-10-13,446,6734,7180
805,2017-10-14,197,5013,5210
805,2017-10-15,83,3057,3140
805,2017-10-16,473,6220,6693
805,2017-10-17,469,6672,7141
805,2017-10-18,479,6164,6643
805,2017-10-19,611,6762,7373
805,2017-10-20,428,6693,7121
805,2017-10-21,162,5025,5187
805,2017-10-22,32,2751,2783
805,2017-10-23,486,5996,6482
805,2017-10-24,427,6744,7171
805,2017-10-25,472,6459,6931
805,2017-10-26,441,6805,7246
805,2017-10-27,446,6739,7185
805,2017-10-28,187,4974,5161
805,2017-10-29,39,3003,3042
805,2017-10-30,371,5600,5971
805,2017-11-01,60,2533,2593
805,2017-11-02,397,5480,5877
805,2017-11-03,481,5849,6330
805,2017-11-04,200,4255,4455
805,2017-11-05,39,2592,2631
805,2017-11-06,450,5897,6347
805,2017-11-07,485,6479,6964
805,2017-11-08,397,6121,6518
805,2017-11-09,420,6368,6788
805,2017-11-10,428,6488,6916
805,2017-11-11,149,4801,4950
805,2017-11-12,45,2545,2590
805,2017-11-13,425,6034,6459
805,2017-11-14,452,6436,6888
805,2017-11-15,454,6114,6568
805,2017-11-16,446,6447,6893
805,2017-11-17,428,6521,6949
805,2017-11-18,187,4933,5120
805,2017-11-19,41,2639,2680
805,2017-11-20,437,6066,6503
805,2017-11-21,395,6367,6762
805,2017-11-22,457,6388,6845
805,2017-11-23,460,6540,7000
805,2017-11-24,395,6892,7287
805,2017-11-25,174,4909,5083
805,2017-11-26,56,2840,2896
805,2017-11-27,377,6116,6493
805,2017-11-28,436,6657,7093
805,2017-11-29,431,6134,6565
805,2017-11-30,421,6570,6991
805,2017-12-01,412,6422,6834
805,2017-12-02,178,4840,5018
805,2017-12-03,52,2498,2550
805,2017-12-04,402,6159,6561
805,2017-12-05,424,6665,7089
805,2017-12-06,424,6092,6516
805,2017-12-07,444,6298,6742
805,2017-12-08,414,6475,6889
805,2017-12-09,171,4587,4758
805,2017-12-10,52,1937,1989
805,2017-12-11,335,6230,6565
805,2017-12-12,464,6612,7076
805,2017-12-13,504,5718,6222
805,2017-12-14,436,7270,7706
805,2017-12-15,339,6703,7042
805,2017-12-16,168,4554,4722
805,2017-12-17,45,2390,2435
805,2017-12-18,286,4864,5150
805,2017-12-19,282,5268,5550
805,2017-12-20,295,5129,5424
805,2017-12-21,274,5507,5781
805,2017-12-22,258,5698,5956
805,2017-12-23,172,4763,4935
805,2017-12-24,43,3030,3073
805,2017-12-25,21,1640,1661
805,2017-12-26,43,1823,1866
805,2017-12-27,204,4201,4405
805,2017-12-28,256,4395,4651
805,2017-12-29,209,4339,4548
805,2017-12-30,161,4501,4662
805,2017-12-31,35,2759,2794
807,2017-01-01,17,2030,2047
807,2017-01-02,125,3526,3651
807,2017-01-03,163,4191,4354
807,2017-01-04,146,4060,4206
807,2017-01-05,159,4268,4427
807,2017-01-07,140,3611,3751
807,2017-01-08,24,2933,2957
807,2017-01-09,221,4817,5038
807,2017-01-10,201,5151,5352
807,2017-01-11,186,5105,5291
807,2017-01-12,187,5445,5632
807,2017-01-14,136,4150,4286
807,2017-01-15,32,2812,2844
807,2017-01-16,240,5057,5297
807,2017-01-17,235,5460,5695
807,2017-01-18,233,5358,5591
807,2017-01-19,227,5436,5663
807,2017-01-21,141,4314,4455
807,2017-01-22,38,3043,3081
807,2017-01-23,288,5022,5310
807,2017-01-24,221,5222,5443
807,2017-01-25,238,5345,5583
807,2017-01-26,242,5511,5753
807,2017-01-28,140,4162,4302
807,2017-01-29,35,2917,2952
807,2017-01-30,264,5442,5706
807,2017-01-31,289,5663,5952
807,2017-02-01,259,5549,5808
807,2017-02-02,269,5682,5951
807,2017-02-04,142,4328,4470
807,2017-02-05,22,3099,3121
807,2017-02-06,248,5283,5531
807,2017-02-07,368,5746,6114
807,2017-02-08,394,5462,5856
807,2017-02-09,151,2001,2152
807,2017-02-10,275,4416,4691
807,2017-02-12,45,3126,3171
807,2017-02-13,318,5253,5571
807,2017-02-14,371,5733,6104
807,2017-02-15,334,5384,5718
807,2017-02-16,382,5560,5942
807,2017-02-17,366,5590,5956
807,2017-02-19,42,3171,3213
807,2017-02-20,281,4684,4965
807,2017-02-21,172,3099,3271
807,2017-02-22,166,3769,3935
807,2017-02-23,256,5002,5258
807,2017-02-24,295,5383,5678
807,2017-02-26,41,2950,2991
807,2017-02-27,267,5118,5385
807,2017-02-28,277,5460,5737
807,2017-03-01,268,5439,5707
807,2017-03-02,318,5721,6039
807,2017-03-03,312,6180,6492
807,2017-03-05,40,3260,3300
807,2017-03-06,300,5353,5653
807,2017-03-07,293,5847,6140
807,2017-03-08,262,5615,5877
807,2017-03-09,291,6049,6340
807,2017-03-10,329,6427,6756
807,2017-03-16,500,5987,6487
807,2017-03-17,510,6138,6648
807,2017-03-18,155,5141,5296
807,2017-03-19,45,3286,3331
807,2017-03-20,466,5345,5811
807,2017-03-21,425,5790,6215
807,2017-03-22,477,5356,5833
807,2017-03-23,500,5890,6390
807,2017-03-24,464,6127,6591
807,2017-03-25,247,4853,5100
807,2017-03-27,482,5369,5851
807,2017-03-28,480,6058,6538
807,2017-03-29,545,6072,6617
807,2017-03-30,573,6660,7233
807,2017-03-31,595,6667,7262
807,2017-04-01,319,4828,5147
807,2017-04-02,62,3697,3759
807,2017-04-03,551,5602,6153
807,2017-04-04,531,5974,6505
807,2017-04-05,538,5766,6304
807,2017-04-06,535,5845,6380
807,2017-04-07,518,6119,6637
807,2017-04-08,258,4953,5211
807,2017-04-09,50,3774,3824
807,2017-04-10,482,4976,5458
807,2017-04-11,463,5296,5759
807,2017-04-12,441,5245,5686
807,2017-04-13,513,5408,5921
807,2017-04-14,420,5675,6095
807,2017-04-15,196,4435,4631
807,2017-04-16,44,3160,3204
807,2017-04-17,50,3172,3222
807,2017-04-18,467,5197,5664
807,2017-04-19,469,4961,5430
807,2017-04-20,480,5527,6007
807,2017-04-21,464,5499,5963
807,2017-04-22,261,4492,4753
807,2017-04-23,50,3514,3564
807,2017-04-24,525,5481,6006
807,2017-04-25,503,5735,6238
807,2017-04-26,548,5606,6154
807,2017-04-27,506,6064,6570
807,2017-04-28,469,6241,6710
807,2017-04-29,259,5032,5291
807,2017-04-30,62,4345,4407
807,2017-05-01,65,2858,2923
807,2017-05-02,513,5868,6381
807,2017-05-03,475,5710,6185
807,2017-05-04,513,6047,6560
807,2017-05-05,508,6251,6759
807,2017-05-06,245,5244,5489
807,2017-05-07,57,3385,3442
807,2017-05-08,575,5473,6048
807,2017-05-09,467,5822,6289
807,2017-05-10,582,5744,6326
807,2017-05-11,540,5904,6444
807,2017-05-12,508,6255,6763
807,2017-05-13,237,4953,5190
807,2017-05-14,72,3671,3743
807,2017-05-15,551,5635,6186
807,2017-05-16,756,6172,6928
807,2017-05-17,481,5793,6274
807,2017-05-18,493,5973,6466
807,2017-05-19,466,6048,6514
807,2017-05-20,250,4961,5211
807,2017-05-21,63,3771,3834
807,2017-05-22,429,4496,4925
807,2017-05-23,349,4339,4688
807,2017-05-24,379,4864,5243
807,2017-05-25,124,5674,5798
807,2017-05-26,418,5889,6307
807,2017-05-27,258,4931,5189
807,2017-05-28,60,3730,3790
807,2017-05-29,466,5562,6028
807,2017-05-30,547,6054,6601
807,2017-05-31,620,5887,6507
807,2017-06-01,581,6085,6666
807,2017-06-02,567,6245,6812
807,2017-06-03,215,4781,4996
807,2017-06-04,33,3515,3548
807,2017-06-05,69,3124,3193
807,2017-06-06,489,5287,5776
807,2017-06-07,486,5165,5651
807,2017-06-08,478,5438,5916
807,2017-06-09,452,5554,6006
807,2017-06-10,211,4821,5032
807,2017-06-11,77,4268,4345
807,2017-06-12,513,5532,6045
807,2017-06-13,496,5958,6454
807,2017-06-14,542,5642,6184
807,2017-06-15,475,5984,6459
807,2017-06-16,512,6304,6816
807,2017-06-17,256,5095,5351
807,2017-06-18,71,3736,3807
807,2017-06-19,437,5827,6264
807,2017-06-20,511,6011,6522
807,2017-06-21,483,5973,6456
807,2017-06-22,520,6373,6893
807,2017-06-23,71,3117,3188
807,2017-06-24,197,4563,4760
807,2017-06-25,75,3342,3417
807,2017-06-26,475,5546,6021
807,2017-06-27,483,5990,6473
807,2017-06-28,444,5824,6268
807,2017-06-29,493,6122,6615
807,2017-06-30,452,6012,6464
807,2017-07-01,261,4919,5180
807,2017-07-02,50,3830,3880
807,2017-07-03,286,4776,5062
807,2017-07-04,575,6059,6634
807,2017-07-05,630,5950,6580
807,2017-07-06,586,6127,6713
807,2017-07-07,540,6637,7177
807,2017-07-08,278,5553,5831
807,2017-07-09,76,4126,4202
807,2017-07-10,472,5745,6217
807,2017-07-11,519,5991,6510
807,2017-07-12,416,5718,6134
807,2017-07-13,475,5987,6462
807,2017-07-14,496,6131,6627
807,2017-07-15,247,4618,4865
807,2017-07-16,48,3587,3635
807,2017-07-17,540,5348,5888
807,2017-07-18,515,5410,5925
807,2017-07-19,503,5468,5971
807,2017-07-20,518,5602,6120
807,2017-07-21,528,5714,6242
807,2017-07-22,252,4660,4912
807,2017-07-23,73,3314,3387
807,2017-07-24,417,5045,5462
807,2017-07-25,510,5466,5976
807,2017-07-26,426,5343,5769
807,2017-07-27,336,5397,5733
807,2017-07-28,308,5318,5626
807,2017-07-29,221,4357,4578
807,2017-07-30,77,3292,3369
807,2017-07-31,362,4370,4732
807,2017-08-01,228,4656,4884
807,2017-08-02,299,4633,4932
807,2017-08-03,320,4630,4950
807,2017-08-04,363,4968,5331
807,2017-08-05,231,3991,4222
807,2017-08-06,104,3560,3664
807,2017-08-07,308,4354,4662
807,2017-08-08,253,4406,4659
807,2017-08-09,266,4513,4779
807,2017-08-10,331,4591,4922
807,2017-08-11,302,4506,4808
807,2017-08-12,164,3658,3822
807,2017-08-13,54,2889,2943
807,2017-08-14,264,4320,4584
807,2017-08-15,101,2487,2588
807,2017-08-16,308,4437,4745
807,2017-08-17,303,4510,4813
807,2017-08-18,250,4457,4707
807,2017-08-19,175,3797,3972
807,2017-08-20,50,3038,3088
807,2017-08-21,335,4524,4859
807,2017-08-22,381,5082,5463
807,2017-08-23,396,4710,5106
807,2017-08-24,463,4867,5330
807,2017-08-25,364,4998,5362
807,2017-08-26,194,3949,4143
807,2017-08-27,50,3202,3252
807,2017-08-28,422,4837,5259
807,2017-08-29,411,5172,5583
807,2017-08-30,441,4963,5404
807,2017-08-31,475,5389,5864
807,2017-09-01,463,5121,5584
807,2017-09-02,215,3999,4214
807,2017-09-03,59,3184,3243
807,2017-09-04,458,4744,5202
807,2017-09-05,469,5186,5655
807,2017-09-06,496,4939,5435
807,2017-09-07,511,5302,5813
807,2017-09-08,543,5492,6035
807,2017-09-09,212,4601,4813
807,2017-09-10,63,3620,3683
807,2017-09-11,434,5272,5706
807,2017-09-12,478,5717,6195
807,2017-09-13,422,5476,5898
807,2017-09-14,451,5860,6311
807,2017-09-15,472,6338,6810
807,2017-09-16,269,4635,4904
807,2017-09-17,59,3506,3565
807,2017-09-18,520,5593,6113
807,2017-09-19,505,5977,6482
807,2017-09-20,514,5654,6168
807,2017-09-21,524,5992,6516
807,2017-09-22,550,5868,6418
807,2017-09-23,286,5474,5760
807,2017-09-24,122,5166,5288
807,2017-09-25,557,5787,6344
807,2017-09-26,558,5979,6537
807,2017-09-27,619,5708,6327
807,2017-09-28,572,6104,6676
807,2017-09-29,558,6204,6762
807,2017-09-30,234,5006,5240
807,2017-10-01,54,3957,4011
807,2017-10-02,431,5369,5800
807,2017-10-04,761,5641,6402
807,2017-10-05,501,6072,6573
807,2017-10-06,494,6093,6587
807,2017-10-07,363,5106,5469
807,2017-10-08,43,3474,3517
807,2017-10-09,512,5308,5820
807,2017-10-10,428,6113,6541
807,2017-10-11,583,5655,6238
807,2017-10-12,507,6189,6696
807,2017-10-13,537,6371,6908
807,2017-10-14,267,5109,5376
807,2017-10-15,90,3908,3998
807,2017-10-16,509,5788,6297
807,2017-10-17,537,6214,6751
807,2017-10-18,568,5732,6300
807,2017-10-19,690,6199,6889
807,2017-10-20,542,6122,6664
807,2017-10-21,235,5001,5236
807,2017-10-22,35,3295,3330
807,2017-10-23,474,5514,5988
807,2017-10-24,466,6050,6516
807,2017-10-25,531,5869,6400
807,2017-10-26,490,6219,6709
807,2017-10-27,559,6399,6958
807,2017-10-28,232,5001,5233
807,2017-10-29,54,3539,3593
807,2017-10-30,535,5370,5905
807,2017-11-01,39,3396,3435
807,2017-11-02,512,5455,5967
807,2017-11-03,532,5652,6184
807,2017-11-04,273,4640,4913
807,2017-11-05,43,3159,3202
807,2017-11-06,535,5454,5989
807,2017-11-07,603,6160,6763
807,2017-11-08,506,5615,6121
807,2017-11-09,531,5899,6430
807,2017-11-10,536,6073,6609
807,2017-11-11,216,4909,5125
807,2017-11-12,42,3214,3256
807,2017-11-13,489,5469,5958
807,2017-11-14,567,5988,6555
807,2017-11-15,526,5615,6141
807,2017-11-16,537,5906,6443
807,2017-11-17,465,6171,6636
807,2017-11-18,273,4949,5222
807,2017-11-19,45,3163,3208
807,2017-11-20,468,5461,5929
807,2017-11-21,437,5821,6258
807,2017-11-22,521,5838,6359
807,2017-11-23,526,6139,6665
807,2017-11-24,448,6613,7061
807,2017-11-25,244,5120,5364
807,2017-11-26,62,3479,3541
807,2017-11-27,441,5967,6408
807,2017-11-28,507,6449,6956
807,2017-11-29,493,5936,6429
807,2017-11-30,487,6294,6781
807,2017-12-01,518,6463,6981
807,2017-12-02,271,5009,5280
807,2017-12-03,61,3502,3563
807,2017-12-04,510,5913,6423
807,2017-12-05,519,6547,7066
807,2017-12-06,568,6079,6647
807,2017-12-07,509,6302,6811
807,2017-12-08,514,6328,6842
807,2017-12-09,221,4970,5191
807,2017-12-10,59,2664,2723
807,2017-12-11,457,6134,6591
807,2017-12-12,549,6514,7063
807,2017-12-13,258,4372,4630
807,2017-12-14,490,6734,7224
807,2017-12-15,398,6641,7039
807,2017-12-16,221,5003,5224
807,2017-12-17,59,3117,3176
807,2017-12-18,302,4891,5193
807,2017-12-19,297,5466,5763
807,2017-12-20,298,5436,5734
807,2017-12-21,280,5550,5830
807,2017-12-22,273,5855,6128
807,2017-12-23,199,4884,5083
807,2017-12-24,46,3402,3448
807,2017-12-25,27,2545,2572
807,2017-12-26,45,2609,2654
807,2017-12-27,201,4608,4809
807,2017-12-28,288,4707,4995
807,2017-12-29,181,3771,3952
807,2017-12-30,166,4579,4745
807,2017-12-31,27,3173,3200
809,2017-01-01,6,796,802
809,2017-01-02,59,1220,1279
809,2017-01-04,83,1461,1544
809,2017-01-05,68,1559,1627
809,2017-01-06,72,1570,1642
809,2017-01-07,37,1055,1092
809,2017-01-08,5,1061,1066
809,2017-01-09,91,1753,1844
809,2017-01-10,85,1897,1982
809,2017-01-11,82,1882,1964
809,2017-01-12,92,1900,1992
809,2017-01-13,112,2210,2322
809,2017-01-14,56,1228,1284
809,2017-01-15,7,1112,1119
809,2017-01-16,95,1836,1931
809,2017-01-17,104,1899,2003
809,2017-01-19,104,2054,2158
809,2017-01-20,107,2065,2172
809,2017-01-21,44,1435,1479
809,2017-01-22,6,1142,1148
809,2017-01-23,93,1787,1880
809,2017-01-24,91,1810,1901
809,2017-01-26,91,1978,2069
809,2017-01-27,92,2012,2104
809,2017-01-28,48,1257,1305
809,2017-01-29,19,1006,1025
809,2017-01-30,101,2092,2193
809,2017-01-31,116,1961,2077
809,2017-02-02,106,2039,2145
809,2017-02-03,103,2120,2223
809,2017-02-04,34,1383,1417
809,2017-02-05,12,1145,1157
809,2017-02-06,83,1947,2030
809,2017-02-07,101,1943,2044
809,2017-02-08,106,1984,2090
809,2017-02-10,116,2010,2126
809,2017-02-11,42,1360,1402
809,2017-02-12,6,1052,1058
809,2017-02-13,95,1846,1941
809,2017-02-14,109,2109,2218
809,2017-02-15,119,2030,2149
809,2017-02-17,124,2010,2134
809,2017-02-18,75,1303,1378
809,2017-02-19,7,997,1004
809,2017-02-20,114,1730,1844
809,2017-02-21,95,1800,1895
809,2017-02-22,99,1837,1936
809,2017-02-24,98,1812,1910
809,2017-02-25,49,1272,1321
809,2017-02-26,6,998,1004
809,2017-02-27,114,1702,1816
809,2017-02-28,98,1969,2067
809,2017-03-01,129,2029,2158
809,2017-03-03,99,2154,2253
809,2017-03-04,49,1507,1556
809,2017-03-05,15,1113,1128
809,2017-03-06,102,1862,1964
809,2017-03-07,124,2094,2218
809,2017-03-08,116,2080,2196
809,2017-03-16,145,2313,2458
809,2017-03-17,164,2200,2364
809,2017-03-18,48,1522,1570
809,2017-03-19,12,1122,1134
809,2017-03-20,149,1927,2076
809,2017-03-21,151,1895,2046
809,2017-03-22,146,2042,2188
809,2017-03-23,159,2080,2239
809,2017-03-24,187,2192,2379
809,2017-03-25,64,1542,1606
809,2017-03-27,174,2145,2319
809,2017-03-28,200,2226,2426
809,2017-03-29,189,2418,2607
809,2017-03-30,200,2704,2904
809,2017-03-31,282,2743,3025
809,2017-04-01,134,1616,1750
809,2017-04-02,19,1402,1421
809,2017-04-03,204,1983,2187
809,2017-04-04,165,2102,2267
809,2017-04-05,197,2094,2291
809,2017-04-06,157,2164,2321
809,2017-04-07,168,2182,2350
809,2017-04-08,84,1533,1617
809,2017-04-09,14,1449,1463
809,2017-04-10,164,1824,1988
809,2017-04-11,146,1981,2127
809,2017-04-12,176,1861,2037
809,2017-04-13,186,1974,2160
809,2017-04-14,146,1949,2095
809,2017-04-15,65,1252,1317
809,2017-04-16,14,1151,1165
809,2017-04-17,15,939,954
809,2017-04-18,155,1803,1958
809,2017-04-19,252,2469,2721
809,2017-04-20,157,1968,2125
809,2017-04-21,153,1935,2088
809,2017-04-22,88,1288,1376
809,2017-04-24,138,2034,2172
809,2017-04-25,150,2043,2193
809,2017-04-26,176,2072,2248
809,2017-04-27,156,2248,2404
809,2017-04-28,151,2350,2501
809,2017-04-29,100,1520,1620
809,2017-04-30,20,1362,1382
809,2017-05-01,25,988,1013
809,2017-05-02,123,2105,2228
809,2017-05-03,183,2197,2380
809,2017-05-04,173,2286,2459
809,2017-05-05,186,2313,2499
809,2017-05-06,81,1610,1691
809,2017-05-07,22,1178,1200
809,2017-05-08,192,2050,2242
809,2017-05-09,179,2156,2335
809,2017-05-10,203,2236,2439
809,2017-05-11,178,2149,2327
809,2017-05-12,165,2176,2341
809,2017-05-13,61,1608,1669
809,2017-05-14,18,1339,1357
809,2017-05-15,173,605,778
809,2017-05-16,98,351,449
809,2017-05-17,52,273,325
809,2017-05-18,25,111,136
809,2017-05-19,22,416,438
809,2017-05-20,65,1460,1525
809,2017-05-21,77,1411,1488
809,2017-05-22,288,2223,2511
809,2017-05-23,249,2530,2779
809,2017-05-24,264,2434,2698
809,2017-05-25,93,1725,1818
809,2017-05-26,182,2083,2265
809,2017-05-27,111,1646,1757
809,2017-05-28,19,1562,1581
809,2017-05-29,179,2201,2380
809,2017-05-30,194,2208,2402
809,2017-05-31,199,2314,2513
809,2017-06-01,271,2415,2686
809,2017-06-02,254,2640,2894
809,2017-06-03,88,1589,1677
809,2017-06-04,18,1639,1657
809,2017-06-05,51,1343,1394
809,2017-06-06,137,1919,2056
809,2017-06-07,176,2065,2241
809,2017-06-08,170,1968,2138
809,2017-06-09,179,1877,2056
809,2017-06-10,70,1618,1688
809,2017-06-11,28,1603,1631
809,2017-06-12,194,2162,2356
809,2017-06-13,182,2180,2362
809,2017-06-14,166,2246,2412
809,2017-06-15,174,2247,2421
809,2017-06-16,177,2325,2502
809,2017-06-17,63,1673,1736
809,2017-06-18,60,2539,2599
809,2017-06-19,156,2083,2239
809,2017-06-20,189,2348,2537
809,2017-06-21,167,2302,2469
809,2017-06-22,222,2332,2554
809,2017-06-23,19,1279,1298
809,2017-06-24,59,1561,1620
809,2017-06-25,20,1286,1306
809,2017-06-26,158,2142,2300
809,2017-06-27,192,2107,2299
809,2017-06-28,167,2135,2302
809,2017-06-29,154,2257,2411
809,2017-06-30,162,2171,2333
809,2017-07-01,77,1711,1788
809,2017-07-02,13,1312,1325
809,2017-07-03,131,1699,1830
809,2017-07-04,177,2157,2334
809,2017-07-05,185,2272,2457
809,2017-07-06,190,2382,2572
809,2017-07-07,166,2375,2541
809,2017-07-08,78,1728,1806
809,2017-07-09,32,1440,1472
809,2017-07-10,180,2139,2319
809,2017-07-11,145,2233,2378
809,2017-07-12,160,2363,2523
809,2017-07-13,172,2320,2492
809,2017-07-14,178,2245,2423
809,2017-07-15,104,1496,1600
809,2017-07-16,21,1323,1344
809,2017-07-17,153,2025,2178
809,2017-07-18,161,2039,2200
809,2017-07-19,181,2081,2262
809,2017-07-20,171,2108,2279
809,2017-07-21,216,2050,2266
809,2017-07-22,87,1660,1747
809,2017-07-23,26,1357,1383
809,2017-07-24,184,1871,2055
809,2017-07-25,153,1895,2048
809,2017-07-26,185,2067,2252
809,2017-07-27,116,1918,2034
809,2017-07-28,136,1907,2043
809,2017-07-29,69,1414,1483
809,2017-07-30,39,1340,1379
809,2017-07-31,155,1872,2027
809,2017-08-01,95,1683,1778
809,2017-08-02,105,1829,1934
809,2017-08-03,114,1830,1944
809,2017-08-04,111,1813,1924
809,2017-08-05,67,1375,1442
809,2017-08-06,43,1369,1412
809,2017-08-07,162,1745,1907
809,2017-08-08,111,1660,1771
809,2017-08-09,106,1754,1860
809,2017-08-10,138,1638,1776
809,2017-08-11,113,1653,1766
809,2017-08-12,49,1108,1157
809,2017-08-13,15,1296,1311
809,2017-08-14,112,1547,1659
809,2017-08-15,30,1171,1201
809,2017-08-16,103,1607,1710
809,2017-08-17,105,1572,1677
809,2017-08-18,89,1541,1630
809,2017-08-19,61,1292,1353
809,2017-08-20,16,1021,1037
809,2017-08-21,149,1590,1739
809,2017-08-22,164,1779,1943
809,2017-08-23,151,1906,2057
809,2017-08-24,152,1776,1928
809,2017-08-25,142,1854,1996
809,2017-08-26,67,1636,1703
809,2017-08-27,48,2251,2299
809,2017-08-28,153,1866,2019
809,2017-08-29,171,1977,2148
809,2017-08-30,152,1808,1960
809,2017-08-31,167,1965,2132
809,2017-09-01,149,1824,1973
809,2017-09-02,65,1298,1363
809,2017-09-03,13,1187,1200
809,2017-09-04,153,1763,1916
809,2017-09-05,174,1874,2048
809,2017-09-06,151,1866,2017
809,2017-09-07,155,1913,2068
809,2017-09-08,140,1948,2088
809,2017-09-09,69,1330,1399
809,2017-09-10,16,1280,1296
809,2017-09-11,130,1993,2123
809,2017-09-12,141,2158,2299
809,2017-09-13,146,2057,2203
809,2017-09-14,148,2177,2325
809,2017-09-15,167,2271,2438
809,2017-09-16,81,1522,1603
809,2017-09-17,20,1334,1354
809,2017-09-18,175,1947,2122
809,2017-09-19,188,2161,2349
809,2017-09-20,194,2251,2445
809,2017-09-21,156,2225,2381
809,2017-09-22,216,2324,2540
809,2017-09-23,125,1616,1741
809,2017-09-24,29,1931,1960
809,2017-09-25,181,2207,2388
809,2017-09-26,225,2256,2481
809,2017-09-27,180,2194,2374
809,2017-09-28,271,2363,2634
809,2017-09-29,133,2393,2526
809,2017-09-30,69,1613,1682
809,2017-10-01,17,1513,1530
809,2017-10-02,160,2119,2279
809,2017-10-03,204,2473,2677
809,2017-10-04,341,2253,2594
809,2017-10-05,193,2247,2440
809,2017-10-06,138,2303,2441
809,2017-10-07,153,1746,1899
809,2017-10-08,10,1311,1321
809,2017-10-09,165,2089,2254
809,2017-10-10,141,2199,2340
809,2017-10-11,183,2170,2353
809,2017-10-12,184,2297,2481
809,2017-10-13,181,2356,2537
809,2017-10-14,98,1719,1817
809,2017-10-15,21,1513,1534
809,2017-10-16,214,2134,2348
809,2017-10-17,230,2335,2565
809,2017-10-18,263,2216,2479
809,2017-10-19,227,2333,2560
809,2017-10-20,183,2280,2463
809,2017-10-21,73,1614,1687
809,2017-10-22,12,1240,1252
809,2017-10-23,187,2069,2256
809,2017-10-24,182,2214,2396
809,2017-10-25,194,2191,2385
809,2017-10-26,186,2274,2460
809,2017-10-27,181,2419,2600
809,2017-10-28,63,1557,1620
809,2017-10-29,22,1171,1193
809,2017-10-30,265,1891,2156
809,2017-11-01,13,1266,1279
809,2017-11-02,203,1906,2109
809,2017-11-03,225,2030,2255
809,2017-11-04,82,1355,1437
809,2017-11-05,19,1118,1137
809,2017-11-06,191,2078,2269
809,2017-11-07,221,2230,2451
809,2017-11-08,200,2078,2278
809,2017-11-09,184,2258,2442
809,2017-11-10,246,2333,2579
809,2017-11-11,62,1591,1653
809,2017-11-12,15,1378,1393
809,2017-11-13,162,2133,2295
809,2017-11-14,220,2112,2332
809,2017-11-15,174,2088,2262
809,2017-11-16,155,2198,2353
809,2017-11-17,169,2145,2314
809,2017-11-18,64,1524,1588
809,2017-11-19,19,1180,1199
809,2017-11-20,151,2072,2223
809,2017-11-21,146,2159,2305
809,2017-11-22,168,2143,2311
809,2017-11-23,144,2209,2353
809,2017-11-24,152,2198,2350
809,2017-11-25,51,1500,1551
809,2017-11-26,14,1176,1190
809,2017-11-27,186,2051,2237
809,2017-11-28,146,2253,2399
809,2017-11-29,144,2145,2289
809,2017-11-30,146,2142,2288
809,2017-12-01,167,2177,2344
809,2017-12-02,57,1448,1505
809,2017-12-03,8,1015,1023
809,2017-12-04,163,2100,2263
809,2017-12-05,163,2136,2299
809,2017-12-06,136,2116,2252
809,2017-12-07,148,2211,2359
809,2017-12-08,125,2037,2162
809,2017-12-09,68,1528,1596
809,2017-12-10,18,867,885
809,2017-12-11,127,1984,2111
809,2017-12-12,157,2105,2262
809,2017-12-13,90,1397,1487
809,2017-12-14,164,2206,2370
809,2017-12-15,141,2084,2225
809,2017-12-16,57,1433,1490
809,2017-12-17,15,1138,1153
809,2017-12-18,102,1555,1657
809,2017-12-19,117,1877,1994
809,2017-12-20,152,1807,1959
809,2017-12-21,115,1774,1889
809,2017-12-22,106,1837,1943
809,2017-12-23,50,1308,1358
809,2017-12-24,7,941,948
809,2017-12-25,7,1164,1171
809,2017-12-26,19,986,1005
809,2017-12-27,70,1436,1506
809,2017-12-28,113,1402,1515
809,2017-12-29,53,852,905
809,2017-12-30,49,1178,1227
809,2017-12-31,4,1128,1132
811,2017-01-01,22,1119,1141
811,2017-01-02,62,1989,2051
811,2017-01-03,73,2435,2508
811,2017-01-05,81,2608,2689
811,2017-01-06,107,2678,2785
811,2017-01-07,85,1700,1785
811,2017-01-08,28,1388,1416
811,2017-01-09,105,2852,2957
811,2017-01-10,95,3012,3107
811,2017-01-11,105,3013,3118
811,2017-01-12,108,3057,3165
811,2017-01-13,106,3403,3509
811,2017-01-14,65,2004,2069
811,2017-01-15,32,1496,1528
811,2017-01-16,132,3035,3167
811,2017-01-17,117,3128,3245
811,2017-01-19,119,3178,3297
811,2017-01-20,113,3367,3480
811,2017-01-21,70,2136,2206
811,2017-01-22,18,1651,1669
811,2017-01-23,136,3139,3275
811,2017-01-24,128,3138,3266
811,2017-01-26,123,3146,3269
811,2017-01-27,114,3385,3499
811,2017-01-28,69,2056,2125
811,2017-01-29,20,1676,1696
811,2017-01-30,116,3099,3215
811,2017-01-31,117,3194,3311
811,2017-02-02,115,3361,3476
811,2017-02-03,128,3411,3539
811,2017-02-04,80,2010,2090
811,2017-02-05,28,1606,1634
811,2017-02-06,123,3148,3271
811,2017-02-07,125,3223,3348
811,2017-02-09,125,3406,3531
811,2017-02-10,128,3441,3569
811,2017-02-11,65,1987,2052
811,2017-02-12,16,1648,1664
811,2017-02-13,121,3098,3219
811,2017-02-14,168,3405,3573
811,2017-02-16,178,3410,3588
811,2017-02-17,149,3426,3575
811,2017-02-18,69,1977,2046
811,2017-02-19,30,1649,1679
811,2017-02-20,122,2793,2915
811,2017-02-21,98,3103,3201
811,2017-02-23,110,3009,3119
811,2017-02-24,76,3048,3124
811,2017-02-25,81,2027,2108
811,2017-02-26,20,1623,1643
811,2017-02-27,80,2740,2820
811,2017-02-28,119,3126,3245
811,2017-03-02,82,3156,3238
811,2017-03-03,138,3506,3644
811,2017-03-04,74,2102,2176
811,2017-03-05,17,1581,1598
811,2017-03-06,130,3125,3255
811,2017-03-07,130,3206,3336
811,2017-03-09,113,3335,3448
811,2017-03-10,132,3527,3659
811,2017-03-11,100,2259,2359
811,2017-03-12,21,1808,1829
811,2017-03-13,145,3113,3258
811,2017-03-14,150,3306,3456
811,2017-03-16,151,3467,3618
811,2017-03-17,180,3529,3709
811,2017-03-18,69,2181,2250
811,2017-03-19,17,1702,1719
811,2017-03-20,134,3089,3223
811,2017-03-21,125,3283,3408
811,2017-03-23,153,3466,3619
811,2017-03-24,126,3573,3699
811,2017-03-25,73,2289,2362
811,2017-03-27,137,3207,3344
811,2017-03-28,138,3419,3557
811,2017-03-30,130,3555,3685
811,2017-03-31,125,3654,3779
811,2017-04-01,78,2228,2306
811,2017-04-02,19,1906,1925
811,2017-04-03,117,3237,3354
811,2017-04-04,122,3438,3560
811,2017-04-06,158,3419,3577
811,2017-04-07,129,3625,3754
811,2017-04-08,70,2175,2245
811,2017-04-09,14,1818,1832
811,2017-04-10,139,3065,3204
811,2017-04-11,112,3223,3335
811,2017-04-13,140,3200,3340
811,2017-04-14,145,3155,3300
811,2017-04-15,73,1960,2033
811,2017-04-16,32,1499,1531
811,2017-04-17,24,1436,1460
811,2017-04-18,101,3130,3231
811,2017-04-20,136,3191,3327
811,2017-04-21,151,3377,3528
811,2017-04-22,85,2214,2299
811,2017-04-23,16,1746,1762
811,2017-04-24,142,3236,3378
811,2017-04-25,126,3446,3572
811,2017-04-27,129,3561,3690
811,2017-04-28,139,3591,3730
811,2017-04-29,96,2290,2386
811,2017-04-30,25,1948,1973
811,2017-05-01,17,1699,1716
811,2017-05-02,137,3406,3543
811,2017-05-04,136,3503,3639
811,2017-05-05,137,3701,3838
811,2017-05-06,74,2277,2351
811,2017-05-07,17,1763,1780
811,2017-05-08,140,3300,3440
811,2017-05-09,172,3457,3629
811,2017-05-11,121,3390,3511
811,2017-05-12,202,3732,3934
811,2017-05-13,92,2334,2426
811,2017-05-14,23,1871,1894
811,2017-05-15,130,3289,3419
811,2017-05-16,157,3622,3779
811,2017-05-18,212,3664,3876
811,2017-05-19,149,3574,3723
811,2017-05-20,83,2364,2447
811,2017-05-21,22,1821,1843
811,2017-05-22,140,3397,3537
811,2017-05-23,133,3670,3803
811,2017-05-25,21,1987,2008
811,2017-05-26,140,2980,3120
811,2017-05-27,83,2189,2272
811,2017-05-28,26,1768,1794
811,2017-05-29,201,3368,3569
811,2017-05-30,156,3402,3558
811,2017-06-01,134,3567,3701
811,2017-06-02,202,3658,3860
811,2017-06-03,70,2167,2237
811,2017-06-04,21,2000,2021
811,2017-06-05,20,1562,1582
811,2017-06-06,148,3142,3290
811,2017-06-08,109,3311,3420
811,2017-06-09,162,3452,3614
811,2017-06-10,71,2489,2560
811,2017-06-11,17,2212,2229
811,2017-06-12,146,3405,3551
811,2017-06-13,128,3589,3717
811,2017-06-15,165,3456,3621
811,2017-06-16,124,3702,3826
811,2017-06-17,85,2416,2501
811,2017-06-18,23,2015,2038
811,2017-06-19,130,3275,3405
811,2017-06-20,140,3585,3725
811,2017-06-22,130,3469,3599
811,2017-06-23,33,1679,1712
811,2017-06-24,73,1922,1995
811,2017-06-25,18,1718,1736
811,2017-06-26,139,3200,3339
811,2017-06-27,122,3388,3510
811,2017-06-29,143,3498,3641
811,2017-06-30,143,3520,3663
811,2017-07-01,71,2450,2521
811,2017-07-02,18,2006,2024
811,2017-07-03,132,3278,3410
811,2017-07-04,122,3424,3546
811,2017-07-06,145,3548,3693
811,2017-07-07,126,3608,3734
811,2017-07-08,101,2515,2616
811,2017-07-09,50,1946,1996
811,2017-07-10,166,3950,4116
811,2017-07-11,114,3629,3743
811,2017-07-13,122,3540,3662
811,2017-07-14,147,3458,3605
811,2017-07-15,84,2224,2308
811,2017-07-16,27,1742,1769
811,2017-07-17,111,2973,3084
811,2017-07-18,150,3282,3432
811,2017-07-20,122,3295,3417
811,2017-07-21,122,3287,3409
811,2017-07-22,94,2348,2442
811,2017-07-23,41,1698,1739
811,2017-07-24,115,2950,3065
811,2017-07-25,122,3065,3187
811,2017-07-26,121,3035,3156
811,2017-07-27,140,3084,3224
811,2017-07-28,95,2996,3091
811,2017-07-29,65,1990,2055
811,2017-07-30,42,1660,1702
811,2017-07-31,142,2670,2812
811,2017-08-01,124,2660,2784
811,2017-08-02,102,2771,2873
811,2017-08-03,101,2652,2753
811,2017-08-04,91,2743,2834
811,2017-08-05,80,1974,2054
811,2017-08-06,38,1713,1751
811,2017-08-07,121,2571,2692
811,2017-08-08,132,2688,2820
811,2017-08-09,108,2741,2849
811,2017-08-10,127,2579,2706
811,2017-08-11,99,2666,2765
811,2017-08-12,63,1749,1812
811,2017-08-13,32,1556,1588
811,2017-08-14,78,2110,2188
811,2017-08-15,46,1742,1788
811,2017-08-16,101,2604,2705
811,2017-08-18,99,2577,2676
811,2017-08-19,69,1788,1857
811,2017-08-20,18,1532,1550
811,2017-08-21,106,2600,2706
811,2017-08-22,158,2887,3045
811,2017-08-23,121,2879,3000
811,2017-08-25,122,2859,2981
811,2017-08-26,98,1828,1926
811,2017-08-27,18,1520,1538
811,2017-08-28,112,2819,2931
811,2017-08-29,125,2986,3111
811,2017-08-30,142,2897,3039
811,2017-09-01,121,2856,2977
811,2017-09-02,102,1994,2096
811,2017-09-03,19,1698,1717
811,2017-09-04,110,2803,2913
811,2017-09-05,77,3018,3095
811,2017-09-06,119,2947,3066
811,2017-09-08,119,3269,3388
811,2017-09-09,61,2001,2062
811,2017-09-10,37,1838,1875
811,2017-09-11,110,3000,3110
811,2017-09-12,98,3201,3299
811,2017-09-13,81,3044,3125
811,2017-09-15,105,3297,3402
811,2017-09-16,75,2249,2324
811,2017-09-17,34,1760,1794
811,2017-09-18,136,3045,3181
811,2017-09-19,129,3327,3456
811,2017-09-20,127,3217,3344
811,2017-09-21,147,3320,3467
811,2017-09-22,124,3472,3596
811,2017-09-23,74,2210,2284
811,2017-09-24,69,2025,2094
811,2017-09-25,135,3179,3314
811,2017-09-26,216,3372,3588
811,2017-09-27,139,3269,3408
811,2017-09-29,144,3526,3670
811,2017-09-30,92,2334,2426
811,2017-10-01,20,1994,2014
811,2017-10-02,118,3149,3267
811,2017-10-03,114,3413,3527
811,2017-10-04,143,3261,3404
811,2017-10-05,153,3457,3610
811,2017-10-06,133,3619,3752
811,2017-10-07,132,2453,2585
811,2017-10-08,20,1866,1886
811,2017-10-09,123,3189,3312
811,2017-10-10,150,3492,3642
811,2017-10-11,136,3329,3465
811,2017-10-13,140,3694,3834
811,2017-10-14,81,2306,2387
811,2017-10-15,22,2006,2028
811,2017-10-16,121,3268,3389
811,2017-10-17,142,3630,3772
811,2017-10-18,160,3441,3601
811,2017-10-19,133,3460,3593
811,2017-10-20,153,3552,3705
811,2017-10-21,72,2292,2364
811,2017-10-22,17,1733,1750
811,2017-10-23,158,3318,3476
811,2017-10-24,135,3407,3542
811,2017-10-25,140,3288,3428
811,2017-10-27,140,3670,3810
811,2017-10-28,84,2367,2451
811,2017-10-29,16,1661,1677
811,2017-10-30,123,2978,3101
811,2017-10-31,138,3268,3406
811,2017-11-01,17,1755,1772
811,2017-11-03,141,3150,3291
811,2017-11-04,90,2083,2173
811,2017-11-05,19,1692,1711
811,2017-11-06,158,3179,3337
811,2017-11-07,150,3469,3619
811,2017-11-08,118,3251,3369
811,2017-11-10,140,3480,3620
811,2017-11-11,79,2169,2248
811,2017-11-12,31,1520,1551
811,2017-11-13,135,3209,3344
811,2017-11-14,124,3249,3373
811,2017-11-15,137,3311,3448
811,2017-11-16,116,3287,3403
811,2017-11-17,112,3645,3757
811,2017-11-18,79,2366,2445
811,2017-11-19,30,1612,1642
811,2017-11-20,124,3289,3413
811,2017-11-21,118,3605,3723
811,2017-11-22,118,3461,3579
811,2017-11-24,131,3484,3615
811,2017-11-25,68,2163,2231
811,2017-11-26,20,1594,1614
811,2017-11-27,120,3204,3324
811,2017-11-28,114,3353,3467
811,2017-11-29,116,3263,3379
811,2017-11-30,138,3364,3502
811,2017-12-01,116,3518,3634
811,2017-12-02,75,2250,2325
811,2017-12-03,16,1466,1482
811,2017-12-04,128,3261,3389
811,2017-12-05,123,3523,3646
811,2017-12-06,111,3302,3413
811,2017-12-07,117,3523,3640
811,2017-12-08,99,3377,3476
811,2017-12-09,63,2142,2205
811,2017-12-10,24,1255,1279
811,2017-12-11,126,3356,3482
811,2017-12-12,111,3514,3625
811,2017-12-13,109,3179,3288
811,2017-12-14,116,3410,3526
811,2017-12-15,116,3497,3613
811,2017-12-16,63,2197,2260
811,2017-12-17,17,1445,1462
811,2017-12-18,82,2658,2740
811,2017-12-19,104,2990,3094
811,2017-12-20,98,2860,2958
811,2017-12-21,97,2844,2941
811,2017-12-22,93,2798,2891
811,2017-12-23,64,1836,1900
811,2017-12-24,26,1427,1453
811,2017-12-25,20,1282,1302
811,2017-12-26,20,1520,1540
811,2017-12-27,72,1942,2014
811,2017-12-29,85,1966,2051
811,2017-12-30,58,1735,1793
811,2017-12-31,13,1379,1392
813,2017-01-01,30,1256,1286
813,2017-01-02,141,2282,2423
813,2017-01-03,222,2939,3161
813,2017-01-05,207,2951,3158
813,2017-01-06,216,3307,3523
813,2017-01-07,134,1970,2104
813,2017-01-08,27,1630,1657
813,2017-01-09,246,3578,3824
813,2017-01-10,251,3706,3957
813,2017-01-11,234,3667,3901
813,2017-01-12,265,3705,3970
813,2017-01-13,232,3725,3957
813,2017-01-14,106,2269,2375
813,2017-01-15,36,1614,1650
813,2017-01-16,290,3645,3935
813,2017-01-17,350,3809,4159
813,2017-01-19,367,3844,4211
813,2017-01-20,328,4028,4356
813,2017-01-21,124,2634,2758
813,2017-01-22,30,1814,1844
813,2017-01-23,336,3770,4106
813,2017-01-24,332,3804,4136
813,2017-01-26,324,3879,4203
813,2017-01-27,330,4123,4453
813,2017-01-28,122,2425,2547
813,2017-01-29,38,1732,1770
813,2017-01-30,282,3729,4011
813,2017-01-31,338,3903,4241
813,2017-02-02,341,4101,4442
813,2017-02-03,343,4064,4407
813,2017-02-04,142,2474,2616
813,2017-02-05,28,1751,1779
813,2017-02-06,330,3848,4178
813,2017-02-07,293,3804,4097
813,2017-02-09,374,4004,4378
813,2017-02-10,361,4114,4475
813,2017-02-11,140,2343,2483
813,2017-02-12,32,1849,1881
813,2017-02-13,345,3811,4156
813,2017-02-14,382,4058,4440
813,2017-02-16,347,3888,4235
813,2017-02-17,324,4011,4335
813,2017-02-18,157,2320,2477
813,2017-02-19,40,1972,2012
813,2017-02-20,324,3319,3643
813,2017-02-21,307,3543,3850
813,2017-02-23,285,3594,3879
813,2017-02-24,289,3699,3988
813,2017-02-25,161,2369,2530
813,2017-02-26,59,1886,1945
813,2017-02-27,271,3474,3745
813,2017-02-28,282,3693,3975
813,2017-03-02,374,3887,4261
813,2017-03-03,396,4170,4566
813,2017-03-04,170,2475,2645
813,2017-03-05,36,1666,1702
813,2017-03-06,315,3810,4125
813,2017-03-07,358,3967,4325
813,2017-03-09,334,4006,4340
813,2017-03-10,389,4433,4822
813,2017-03-11,188,2706,2894
813,2017-03-12,40,2061,2101
813,2017-03-13,393,3863,4256
813,2017-03-14,458,4041,4499
813,2017-03-16,428,4187,4615
813,2017-03-17,424,4226,4650
813,2017-03-18,160,2610,2770
813,2017-03-19,35,1900,1935
813,2017-03-20,334,3841,4175
813,2017-03-21,365,3989,4354
813,2017-03-23,393,4107,4500
813,2017-03-24,391,4337,4728
813,2017-03-25,170,2790,2960
813,2017-03-27,396,3951,4347
813,2017-03-28,430,4135,4565
813,2017-03-30,386,4342,4728
813,2017-03-31,404,4363,4767
813,2017-04-01,169,2675,2844
813,2017-04-02,42,2195,2237
813,2017-04-03,409,3901,4310
813,2017-04-04,484,4127,4611
813,2017-04-06,481,4123,4604
813,2017-04-07,499,4203,4702
813,2017-04-08,219,2687,2906
813,2017-04-09,43,2263,2306
813,2017-04-10,464,3472,3936
813,2017-04-11,486,3678,4164
813,2017-04-13,399,3731,4130
813,2017-04-14,434,3718,4152
813,2017-04-15,158,2316,2474
813,2017-04-16,37,1582,1619
813,2017-04-17,30,1526,1556
813,2017-04-18,441,3568,4009
813,2017-04-20,408,3784,4192
813,2017-04-21,490,3841,4331
813,2017-04-22,184,2542,2726
813,2017-04-23,35,2060,2095
813,2017-04-24,488,3947,4435
813,2017-04-25,545,4162,4707
813,2017-04-27,516,4455,4971
813,2017-04-28,463,4456,4919
813,2017-04-29,187,2690,2877
813,2017-04-30,45,2323,2368
813,2017-05-01,39,1917,1956
813,2017-05-02,419,4274,4693
813,2017-05-04,410,4376,4786
813,2017-05-05,457,4578,5035
813,2017-05-06,200,2919,3119
813,2017-05-07,40,2071,2111
813,2017-05-08,362,4107,4469
813,2017-05-09,439,4327,4766
813,2017-05-11,425,4195,4620
813,2017-05-12,447,4525,4972
813,2017-05-13,167,2916,3083
813,2017-05-14,55,2103,2158
813,2017-05-15,416,4129,4545
813,2017-05-16,526,4359,4885
813,2017-05-18,444,4488,4932
813,2017-05-20,210,2912,3122
813,2017-05-21,53,2228,2281
813,2017-05-22,464,4621,5085
813,2017-05-23,492,5155,5647
813,2017-05-25,79,2200,2279
813,2017-05-26,347,3851,4198
813,2017-05-27,216,2783,2999
813,2017-05-28,58,2110,2168
813,2017-05-29,423,4017,4440
813,2017-05-30,447,4188,4635
813,2017-06-01,477,4432,4909
813,2017-06-02,418,4298,4716
813,2017-06-03,182,2654,2836
813,2017-06-04,58,2533,2591
813,2017-06-05,53,1811,1864
813,2017-06-06,421,3909,4330
813,2017-06-08,439,4350,4789
813,2017-06-09,454,4192,4646
813,2017-06-10,197,3852,4049
813,2017-06-11,80,3469,3549
813,2017-06-12,460,4264,4724
813,2017-06-13,449,4331,4780
813,2017-06-15,424,4221,4645
813,2017-06-16,415,4699,5114
813,2017-06-17,192,2911,3103
813,2017-06-18,54,2182,2236
813,2017-06-19,397,3950,4347
813,2017-06-20,444,4333,4777
813,2017-06-22,407,4312,4719
813,2017-06-23,57,1887,1944
813,2017-06-24,165,2405,2570
813,2017-06-25,43,2036,2079
813,2017-06-26,387,4052,4439
813,2017-06-27,365,4114,4479
813,2017-06-29,397,4152,4549
813,2017-06-30,391,4429,4820
813,2017-07-01,177,2788,2965
813,2017-07-02,62,2475,2537
813,2017-07-03,377,3779,4156
813,2017-07-04,366,4183,4549
813,2017-07-06,386,4310,4696
813,2017-07-07,394,4515,4909
813,2017-07-08,194,3014,3208
813,2017-07-09,72,2382,2454
813,2017-07-10,392,4462,4854
813,2017-07-11,399,4092,4491
813,2017-07-13,397,4179,4576
813,2017-07-14,384,4285,4669
813,2017-07-15,181,2723,2904
813,2017-07-16,63,2248,2311
813,2017-07-17,327,3690,4017
813,2017-07-18,397,3906,4303
813,2017-07-20,346,3782,4128
813,2017-07-21,398,3964,4362
813,2017-07-22,203,2830,3033
813,2017-07-23,66,1995,2061
813,2017-07-24,276,3356,3632
813,2017-07-25,350,3765,4115
813,2017-07-26,369,3654,4023
813,2017-07-27,322,3722,4044
813,2017-07-28,269,3628,3897
813,2017-07-29,171,2403,2574
813,2017-07-30,55,1885,1940
813,2017-07-31,284,3098,3382
813,2017-08-01,286,3166,3452
813,2017-08-02,272,3294,3566
813,2017-08-03,264,3308,3572
813,2017-08-04,254,3167,3421
813,2017-08-05,150,2214,2364
813,2017-08-06,66,1989,2055
813,2017-08-07,285,3017,3302
813,2017-08-08,261,3184,3445
813,2017-08-09,262,3360,3622
813,2017-08-10,291,3038,3329
813,2017-08-11,243,3032,3275
813,2017-08-12,125,1939,2064
813,2017-08-13,46,1720,1766
813,2017-08-14,212,2500,2712
813,2017-08-15,78,1620,1698
813,2017-08-16,277,3025,3302
813,2017-08-18,213,2946,3159
813,2017-08-19,134,2113,2247
813,2017-08-20,42,1810,1852
813,2017-08-21,303,3140,3443
813,2017-08-22,418,3427,3845
813,2017-08-23,344,3501,3845
813,2017-08-25,305,3448,3753
813,2017-08-26,186,2434,2620
813,2017-08-27,41,1972,2013
813,2017-08-28,302,3349,3651
813,2017-08-29,380,3579,3959
813,2017-08-30,338,3613,3951
813,2017-09-01,341,3559,3900
813,2017-09-02,182,2242,2424
813,2017-09-03,50,1911,1961
813,2017-09-04,303,3312,3615
813,2017-09-05,344,3612,3956
813,2017-09-06,382,3572,3954
813,2017-09-08,419,3691,4110
813,2017-09-09,147,2288,2435
813,2017-09-10,73,1963,2036
813,2017-09-11,298,3409,3707
813,2017-09-12,329,3742,4071
813,2017-09-13,272,3434,3706
813,2017-09-15,354,4080,4434
813,2017-09-16,165,2645,2810
813,2017-09-17,45,1984,2029
813,2017-09-18,289,3767,4056
813,2017-09-19,327,3944,4271
813,2017-09-20,341,3899,4240
813,2017-09-21,400,3889,4289
813,2017-09-22,298,4195,4493
813,2017-09-23,112,2572,2684
813,2017-09-24,48,2507,2555
813,2017-09-25,258,3833,4091
813,2017-09-26,325,4078,4403
813,2017-09-27,278,3969,4247
813,2017-09-29,287,4371,4658
813,2017-09-30,120,2702,2822
813,2017-10-01,42,2309,2351
813,2017-10-02,291,3671,3962
813,2017-10-03,287,3945,4232
813,2017-10-04,392,3872,4264
813,2017-10-05,358,4041,4399
813,2017-10-06,321,4175,4496
813,2017-10-07,133,2640,2773
813,2017-10-08,38,2151,2189
813,2017-10-09,308,3750,4058
813,2017-10-10,295,3987,4282
813,2017-10-11,318,4008,4326
813,2017-10-13,292,4336,4628
813,2017-10-14,154,2744,2898
813,2017-10-15,42,2076,2118
813,2017-10-16,284,3795,4079
813,2017-10-17,355,4101,4456
813,2017-10-18,367,4013,4380
813,2017-10-19,323,4166,4489
813,2017-10-20,300,4132,4432
813,2017-10-21,122,2562,2684
813,2017-10-22,29,1784,1813
813,2017-10-23,339,3859,4198
813,2017-10-24,316,4017,4333
813,2017-10-25,299,4067,4366
813,2017-10-27,289,4330,4619
813,2017-10-28,141,2669,2810
813,2017-10-29,33,1723,1756
813,2017-10-30,275,3540,3815
813,2017-10-31,347,3956,4303
813,2017-11-01,40,1937,1977
813,2017-11-03,339,3629,3968
813,2017-11-04,119,2356,2475
813,2017-11-05,46,1820,1866
813,2017-11-06,307,3590,3897
813,2017-11-07,353,3753,4106
813,2017-11-08,239,3479,3718
813,2017-11-10,293,3665,3958
813,2017-11-11,121,2231,2352
813,2017-11-12,26,1455,1481
813,2017-11-13,263,3690,3953
813,2017-11-14,300,3689,3989
813,2017-11-15,293,3846,4139
816,2017-01-01,7,2194,2201
816,2017-01-02,75,3785,3860
816,2017-01-03,100,4619,4719
816,2017-01-05,85,4743,4828
816,2017-01-06,117,4937,5054
816,2017-01-07,76,3254,3330
816,2017-01-08,10,2810,2820
816,2017-01-09,132,5575,5707
816,2017-01-10,133,5782,5915
816,2017-01-11,112,5749,5861
816,2017-01-12,180,6210,6390
816,2017-01-13,118,5844,5962
816,2017-01-14,70,3874,3944
816,2017-01-15,13,2861,2874
816,2017-01-16,141,5874,6015
816,2017-01-17,158,6170,6328
816,2017-01-19,170,6199,6369
816,2017-01-20,154,6356,6510
816,2017-01-21,79,4256,4335
816,2017-01-22,11,2939,2950
816,2017-01-23,160,5826,5986
816,2017-01-24,148,5795,5943
816,2017-01-26,158,6187,6345
816,2017-01-27,159,6431,6590
816,2017-01-28,86,3846,3932
816,2017-01-29,12,2838,2850
816,2017-01-30,248,6302,6550
816,2017-01-31,178,6206,6384
816,2017-02-02,180,6437,6617
816,2017-02-03,197,6919,7116
816,2017-02-04,106,4290,4396
816,2017-02-05,18,2960,2978
816,2017-02-06,185,6084,6269
816,2017-02-07,184,6532,6716
816,2017-02-09,189,6742,6931
816,2017-02-10,188,6730,6918
816,2017-02-11,77,4343,4420
816,2017-02-12,13,2913,2926
816,2017-02-13,190,6040,6230
816,2017-02-14,189,6589,6778
816,2017-02-16,180,6512,6692
816,2017-02-17,184,6381,6565
816,2017-02-18,92,3934,4026
816,2017-02-19,16,3188,3204
816,2017-02-20,179,5357,5536
816,2017-02-21,144,5684,5828
816,2017-02-23,198,5628,5826
816,2017-02-24,182,5797,5979
816,2017-02-25,84,3838,3922
816,2017-02-26,12,2677,2689
816,2017-02-27,272,5950,6222
816,2017-02-28,224,6460,6684
816,2017-03-02,188,6449,6637
816,2017-03-03,190,6817,7007
816,2017-03-04,103,4342,4445
816,2017-03-05,14,3078,3092
816,2017-03-06,185,6139,6324
816,2017-03-07,167,6745,6912
816,2017-03-09,159,6700,6859
816,2017-03-10,200,7110,7310
816,2017-03-11,92,4628,4720
816,2017-03-12,13,3492,3505
816,2017-03-13,220,6249,6469
816,2017-03-14,221,6624,6845
816,2017-03-16,196,6924,7120
816,2017-03-17,209,6832,7041
816,2017-03-18,86,4566,4652
816,2017-03-19,20,3310,3330
816,2017-03-20,222,6183,6405
816,2017-03-21,167,6530,6697
816,2017-03-23,211,6800,7011
816,2017-03-24,202,7037,7239
816,2017-03-25,87,4843,4930
816,2017-03-27,175,6409,6584
816,2017-03-28,210,6855,7065
816,2017-03-30,193,7133,7326
816,2017-03-31,224,7311,7535
816,2017-04-01,102,4874,4976
816,2017-04-02,14,3896,3910
816,2017-04-03,230,6665,6895
816,2017-04-04,226,6981,7207
816,2017-04-06,205,6906,7111
816,2017-04-07,195,7044,7239
816,2017-04-08,93,4544,4637
816,2017-04-09,4,3693,3697
816,2017-04-10,237,5784,6021
816,2017-04-11,205,6145,6350
816,2017-04-13,226,6129,6355
816,2017-04-14,208,6068,6276
816,2017-04-15,92,3735,3827
816,2017-04-16,16,3143,3159
816,2017-04-17,10,3011,3021
816,2017-04-18,201,5949,6150
816,2017-04-20,209,6069,6278
816,2017-04-21,198,6202,6400
816,2017-04-22,108,4314,4422
816,2017-04-23,11,3481,3492
816,2017-04-24,219,6656,6875
816,2017-04-25,188,6681,6869
816,2017-04-27,203,6952,7155
816,2017-04-28,218,7197,7415
816,2017-04-29,113,4743,4856
816,2017-04-30,16,3984,4000
816,2017-05-01,16,2835,2851
816,2017-05-02,207,6588,6795
816,2017-05-04,208,7126,7334
816,2017-05-05,219,7203,7422
816,2017-05-06,83,4774,4857
816,2017-05-07,19,3383,3402
816,2017-05-08,240,6600,6840
816,2017-05-09,219,6896,7115
816,2017-05-11,222,6798,7020
816,2017-05-12,193,7013,7206
816,2017-05-13,91,4922,5013
816,2017-05-14,25,3945,3970
816,2017-05-15,211,6453,6664
816,2017-05-16,263,6855,7118
816,2017-05-18,338,7012,7350
816,2017-05-19,226,6764,6990
816,2017-05-20,109,4877,4986
816,2017-05-21,28,3810,3838
816,2017-05-22,212,6306,6518
816,2017-05-23,218,6580,6798
816,2017-05-25,21,5910,5931
816,2017-05-26,197,6181,6378
816,2017-05-27,83,4573,4656
816,2017-05-28,16,3960,3976
816,2017-05-29,245,6523,6768
816,2017-05-30,212,6842,7054
816,2017-06-01,234,6726,6960
816,2017-06-02,236,6890,7126
816,2017-06-03,83,4331,4414
816,2017-06-04,17,3758,3775
816,2017-06-05,18,3239,3257
816,2017-06-06,264,5894,6158
816,2017-06-08,210,5869,6079
816,2017-06-09,260,6300,6560
816,2017-06-10,86,4959,5045
816,2017-06-11,28,4513,4541
816,2017-06-12,227,6432,6659
816,2017-06-13,237,6782,7019
816,2017-06-15,196,6756,6952
816,2017-06-16,213,7238,7451
816,2017-06-17,83,4973,5056
816,2017-06-18,18,4060,4078
816,2017-06-19,195,6405,6600
816,2017-06-20,230,6958,7188
816,2017-06-22,246,6923,7169
816,2017-06-23,28,3228,3256
816,2017-06-24,79,4294,4373
816,2017-06-25,18,3504,3522
816,2017-06-26,217,6509,6726
816,2017-06-27,175,6533,6708
816,2017-06-29,312,7188,7500
816,2017-06-30,256,7178,7434
816,2017-07-01,97,4602,4699
816,2017-07-02,11,3691,3702
816,2017-07-03,119,5559,5678
816,2017-07-04,230,6831,7061
816,2017-07-06,203,6879,7082
816,2017-07-07,209,7235,7444
816,2017-07-08,104,5193,5297
816,2017-07-09,30,4224,4254
816,2017-07-10,272,6926,7198
816,2017-07-11,278,7238,7516
816,2017-07-13,238,7048,7286
816,2017-07-14,196,6937,7133
816,2017-07-15,88,4577,4665
816,2017-07-16,12,3686,3698
816,2017-07-17,185,6239,6424
816,2017-07-18,204,6241,6445
816,2017-07-20,260,6418,6678
816,2017-07-21,191,6429,6620
816,2017-07-22,115,4428,4543
816,2017-07-23,34,3369,3403
816,2017-07-24,207,5530,5737
816,2017-07-25,193,6212,6405
816,2017-07-26,194,6312,6506
816,2017-07-27,240,6176,6416
816,2017-07-28,134,5754,5888
816,2017-07-29,68,4100,4168
816,2017-07-30,24,3240,3264
816,2017-07-31,242,5224,5466
816,2017-08-01,178,5226,5404
816,2017-08-02,128,5443,5571
816,2017-08-03,144,5489,5633
816,2017-08-04,138,5426,5564
816,2017-08-05,90,3901,3991
816,2017-08-06,25,3613,3638
816,2017-08-07,134,4797,4931
816,2017-08-08,116,4921,5037
816,2017-08-09,127,4991,5118
816,2017-08-10,149,5086,5235
816,2017-08-11,149,4964,5113
816,2017-08-12,72,3354,3426
816,2017-08-13,14,3006,3020
816,2017-08-14,122,4350,4472
816,2017-08-15,44,2868,2912
816,2017-08-16,134,4918,5052
816,2017-08-18,150,4926,5076
816,2017-08-19,80,3556,3636
816,2017-08-20,9,3005,3014
816,2017-08-21,157,4959,5116
816,2017-08-22,195,5375,5570
816,2017-08-23,152,5183,5335
816,2017-08-25,214,5418,5632
816,2017-08-26,108,3938,4046
816,2017-08-27,30,3870,3900
816,2017-08-28,172,5448,5620
816,2017-08-29,193,5843,6036
816,2017-08-30,202,5776,5978
816,2017-09-01,341,3559,3900
816,2017-09-02,182,2242,2424
816,2017-09-03,50,1911,1961
816,2017-09-04,303,3312,3615
816,2017-09-05,344,3612,3956
816,2017-09-06,382,3572,3954
816,2017-09-08,419,3691,4110
816,2017-09-09,147,2288,2435
816,2017-09-10,73,1963,2036
816,2017-09-11,298,3409,3707
816,2017-09-12,329,3742,4071
816,2017-09-13,272,3434,3706
816,2017-09-15,163,6670,6833
816,2017-09-16,85,4383,4468
816,2017-09-17,10,3447,3457
816,2017-09-18,196,6183,6379
816,2017-09-19,189,6478,6667
816,2017-09-20,201,6476,6677
816,2017-09-21,244,6581,6825
816,2017-09-22,204,6808,7012
816,2017-09-23,84,4706,4790
816,2017-09-24,51,4877,4928
816,2017-09-25,220,6405,6625
816,2017-09-26,213,6594,6807
816,2017-09-27,214,6601,6815
816,2017-09-29,197,7013,7210
816,2017-09-30,112,4680,4792
816,2017-10-01,11,3794,3805
816,2017-10-02,215,6198,6413
816,2017-10-03,199,6665,6864
816,2017-10-04,209,6410,6619
816,2017-10-05,200,6682,6882
816,2017-10-06,200,6765,6965
816,2017-10-07,84,4887,4971
816,2017-10-08,9,3390,3399
816,2017-10-09,208,6155,6363
816,2017-10-10,206,6680,6886
816,2017-10-11,187,6619,6806
816,2017-10-13,219,7081,7300
816,2017-10-14,88,4913,5001
816,2017-10-15,22,3760,3782
816,2017-10-16,226,6639,6865
816,2017-10-17,192,7006,7198
816,2017-10-18,201,6486,6687
816,2017-10-19,218,6830,7048
816,2017-10-20,306,7202,7508
816,2017-10-21,85,4656,4741
816,2017-10-22,10,3252,3262
816,2017-10-23,205,6168,6373
816,2017-10-24,195,6682,6877
816,2017-10-25,215,6699,6914
816,2017-10-27,231,7133,7364
816,2017-10-28,91,4618,4709
816,2017-10-29,12,3354,3366
816,2017-10-30,210,5999,6209
816,2017-10-31,221,6406,6627
816,2017-11-01,27,3709,3736
816,2017-11-03,224,6195,6419
816,2017-11-04,150,4230,4380
816,2017-11-05,12,3114,3126
816,2017-11-06,201,6718,6919
816,2017-11-07,210,7331,7541
816,2017-11-08,184,6775,6959
816,2017-11-10,182,7321,7503
816,2017-11-11,89,4703,4792
816,2017-11-12,8,3144,3152
816,2017-11-13,204,6724,6928
816,2017-11-14,188,6892,7080
816,2017-11-15,187,6634,6821
816,2017-11-16,205,6825,7030
816,2017-11-17,207,6870,7077
816,2017-11-18,94,4613,4707
816,2017-11-19,13,3309,3322
816,2017-11-20,229,6421,6650
816,2017-11-21,175,6545,6720
816,2017-11-22,217,6589,6806
816,2017-11-24,270,7146,7416
816,2017-11-25,82,4529,4611
816,2017-11-26,13,3317,3330
816,2017-11-27,188,6345,6533
816,2017-11-28,191,6773,6964
816,2017-11-29,237,6572,6809
816,2017-11-30,199,6558,6757
816,2017-12-01,187,6695,6882
816,2017-12-02,88,4660,4748
816,2017-12-03,8,3220,3228
816,2017-12-04,186,6295,6481
816,2017-12-05,210,6745,6955
816,2017-12-06,197,6397,6594
816,2017-12-07,240,6876,7116
816,2017-12-08,174,6523,6697
816,2017-12-09,67,4478,4545
816,2017-12-10,20,2476,2496
816,2017-12-11,204,6104,6308
816,2017-12-12,194,6456,6650
816,2017-12-13,220,6408,6628
816,2017-12-14,248,7016,7264
816,2017-12-15,178,6459,6637
816,2017-12-16,62,4317,4379
816,2017-12-17,12,2966,2978
816,2017-12-18,120,5228,5348
816,2017-12-19,144,5705,5849
816,2017-12-20,117,5470,5587
816,2017-12-21,136,5361,5497
816,2017-12-22,121,5378,5499
816,2017-12-23,64,3743,3807
816,2017-12-24,10,2773,2783
816,2017-12-25,9,2899,2908
816,2017-12-26,18,2518,2536
816,2017-12-27,98,4164,4262
816,2017-12-29,96,4002,4098
816,2017-12-30,60,3364,3424
816,2017-12-31,10,2491,2501
818,2017-01-01,16,1450,1466
818,2017-01-02,125,2443,2568
818,2017-01-03,154,3073,3227
818,2017-01-04,150,2917,3067
818,2017-01-05,149,3048,3197
818,2017-01-07,111,2031,2142
818,2017-01-08,16,1735,1751
818,2017-01-09,193,3566,3759
818,2017-01-10,162,3684,3846
818,2017-01-11,157,3672,3829
818,2017-01-12,206,3928,4134
818,2017-01-14,112,2290,2402
818,2017-01-15,16,1780,1796
818,2017-01-16,222,3767,3989
818,2017-01-17,227,3925,4152
818,2017-01-18,252,3948,4200
818,2017-01-19,246,3952,4198
818,2017-01-21,119,2638,2757
818,2017-01-22,18,1784,1802
818,2017-01-23,254,3716,3970
818,2017-01-24,226,3691,3917
818,2017-01-25,236,3798,4034
818,2017-01-26,223,3993,4216
818,2017-01-28,122,2458,2580
818,2017-01-29,23,1855,1878
818,2017-01-30,266,3694,3960
818,2017-01-31,261,3955,4216
818,2017-02-01,261,4030,4291
818,2017-02-02,268,4044,4312
818,2017-02-04,108,2632,2740
818,2017-02-05,16,1891,1907
818,2017-02-06,246,3904,4150
818,2017-02-07,236,4182,4418
818,2017-02-08,264,4086,4350
818,2017-02-09,295,4220,4515
818,2017-02-11,121,2624,2745
818,2017-02-12,13,1921,1934
818,2017-02-13,244,3863,4107
818,2017-02-14,284,4090,4374
818,2017-02-15,252,4021,4273
818,2017-02-16,280,4032,4312
818,2017-02-18,134,2373,2507
818,2017-02-19,19,1936,1955
818,2017-02-20,222,3290,3512
818,2017-02-21,207,3700,3907
818,2017-02-22,225,3649,3874
818,2017-02-23,216,3563,3779
818,2017-02-25,119,2330,2449
818,2017-02-26,19,1753,1772
818,2017-02-27,278,3652,3930
818,2017-02-28,234,4045,4279
818,2017-03-01,237,4021,4258
818,2017-03-02,299,4187,4486
818,2017-03-04,121,2664,2785
818,2017-03-05,21,1927,1948
818,2017-03-06,239,4067,4306
818,2017-03-07,255,4457,4712
818,2017-03-08,248,4300,4548
818,2017-03-09,324,4270,4594
818,2017-03-11,145,2848,2993
818,2017-03-12,18,2277,2295
818,2017-03-13,263,4111,4374
818,2017-03-14,278,4303,4581
818,2017-03-15,270,4371,4641
818,2017-03-16,271,4450,4721
818,2017-03-18,126,2791,2917
818,2017-03-19,16,2072,2088
818,2017-03-20,300,4039,4339
818,2017-03-21,310,3996,4306
818,2017-03-22,318,4074,4392
818,2017-03-23,325,4275,4600
818,2017-03-25,149,3059,3208
818,2017-03-27,268,4247,4515
818,2017-03-28,290,4507,4797
818,2017-03-29,303,4444,4747
818,2017-03-30,271,4581,4852
818,2017-04-01,151,3098,3249
818,2017-04-02,36,2585,2621
818,2017-04-03,321,4406,4727
818,2017-04-04,305,4533,4838
818,2017-04-05,327,4529,4856
818,2017-04-06,314,4535,4849
818,2017-04-08,172,2830,3002
818,2017-04-09,6,2484,2490
818,2017-04-10,310,3785,4095
818,2017-04-11,282,4013,4295
818,2017-04-12,272,3907,4179
818,2017-04-13,277,3857,4134
818,2017-04-15,152,2390,2542
818,2017-04-16,19,2048,2067
818,2017-04-17,34,2060,2094
818,2017-04-18,239,3736,3975
818,2017-04-19,299,3712,4011
818,2017-04-20,282,3838,4120
818,2017-04-22,156,2700,2856
818,2017-04-23,19,2219,2238
818,2017-04-24,325,4292,4617
818,2017-04-25,290,4288,4578
818,2017-04-26,339,4438,4777
818,2017-04-27,283,4560,4843
818,2017-04-29,176,3112,3288
818,2017-04-30,35,2742,2777
818,2017-05-01,25,1823,1848
818,2017-05-02,297,4334,4631
818,2017-05-03,322,4242,4564
818,2017-05-04,272,4699,4971
818,2017-05-06,134,3113,3247
818,2017-05-07,30,2218,2248
818,2017-05-08,302,4221,4523
818,2017-05-09,290,4457,4747
818,2017-05-10,315,4541,4856
818,2017-05-11,300,4508,4808
818,2017-05-13,178,3214,3392
818,2017-05-14,24,3182,3206
818,2017-05-15,285,4494,4779
818,2017-05-16,352,4651,5003
818,2017-05-17,358,4478,4836
818,2017-05-18,332,4574,4906
818,2017-05-20,177,3320,3497
818,2017-05-21,34,2728,2762
818,2017-05-22,299,4261,4560
818,2017-05-23,305,4289,4594
818,2017-05-24,314,4718,5032
818,2017-05-25,38,4662,4700
818,2017-05-27,181,3193,3374
818,2017-05-28,35,2805,2840
818,2017-05-29,325,4449,4774
818,2017-05-30,272,4513,4785
818,2017-05-31,333,4747,5080
818,2017-06-01,298,4423,4721
818,2017-06-03,150,2883,3033
818,2017-06-04,27,2400,2427
818,2017-06-05,28,2267,2295
818,2017-06-06,476,4632,5108
818,2017-06-07,386,5221,5607
818,2017-06-08,396,5353,5749
818,2017-06-10,155,3284,3439
818,2017-06-11,25,3227,3252
818,2017-06-12,308,4334,4642
818,2017-06-13,301,4497,4798
818,2017-06-14,299,4676,4975
818,2017-06-15,324,4711,5035
818,2017-06-17,148,3386,3534
818,2017-06-18,34,2957,2991
818,2017-06-19,301,4526,4827
818,2017-06-20,294,4788,5082
818,2017-06-21,293,4698,4991
818,2017-06-22,289,4728,5017
818,2017-06-24,143,2859,3002
818,2017-06-25,30,2282,2312
818,2017-06-26,272,4487,4759
818,2017-06-27,302,4246,4548
818,2017-06-28,328,4352,4680
818,2017-06-29,319,4538,4857
818,2017-07-01,138,3132,3270
818,2017-07-02,22,2540,2562
818,2017-07-03,218,3220,3438
818,2017-07-04,306,4602,4908
818,2017-07-05,335,4713,5048
818,2017-07-06,338,4638,4976
818,2017-07-08,174,3439,3613
818,2017-07-09,34,2576,2610
818,2017-07-10,388,4210,4598
818,2017-07-11,276,4461,4737
818,2017-07-12,276,4494,4770
818,2017-07-13,290,4778,5068
818,2017-07-15,162,3121,3283
818,2017-07-16,34,2894,2928
818,2017-07-17,294,4136,4430
818,2017-07-18,279,4292,4571
818,2017-07-19,298,4312,4610
818,2017-07-20,324,3968,4292
818,2017-07-22,191,3012,3203
818,2017-07-23,45,2237,2282
818,2017-07-24,328,3592,3920
818,2017-07-25,277,4085,4362
818,2017-07-26,314,4175,4489
818,2017-07-27,326,3834,4160
818,2017-07-28,199,3861,4060
818,2017-07-29,135,2672,2807
818,2017-07-30,29,2205,2234
818,2017-07-31,218,3194,3412
818,2017-08-01,196,3240,3436
818,2017-08-02,170,3579,3749
818,2017-08-03,205,3794,3999
818,2017-08-04,178,3517,3695
818,2017-08-05,126,2621,2747
818,2017-08-06,31,2479,2510
818,2017-08-07,189,3254,3443
818,2017-08-08,196,3244,3440
818,2017-08-09,180,3372,3552
818,2017-08-10,185,3308,3493
818,2017-08-11,189,3209,3398
818,2017-08-12,117,2105,2222
818,2017-08-13,23,2009,2032
818,2017-08-14,180,2898,3078
818,2017-08-15,36,1754,1790
818,2017-08-16,179,3181,3360
818,2017-08-18,166,2972,3138
818,2017-08-19,122,2257,2379
818,2017-08-20,19,1921,1940
818,2017-08-21,205,3246,3451
818,2017-08-22,277,3628,3905
818,2017-08-23,234,3230,3464
818,2017-08-25,262,2826,3088
818,2017-08-26,136,2852,2988
818,2017-08-27,33,2534,2567
818,2017-08-28,244,3684,3928
818,2017-08-29,251,3966,4217
818,2017-08-30,255,3845,4100
818,2017-09-01,238,3935,4173
818,2017-09-02,154,2062,2216
818,2017-09-03,25,2291,2316
818,2017-09-04,239,3715,3954
818,2017-09-05,246,3976,4222
818,2017-09-06,271,3910,4181
818,2017-09-08,308,4083,4391
818,2017-09-09,166,2892,3058
818,2017-09-10,25,2509,2534
818,2017-09-11,250,4140,4390
818,2017-09-12,322,4032,4354
818,2017-09-13,314,3878,4192
818,2017-09-15,276,4325,4601
818,2017-09-16,176,2642,2818
818,2017-09-17,19,2284,2303
818,2017-09-18,311,4250,4561
818,2017-09-19,301,4326,4627
818,2017-09-20,294,4372,4666
818,2017-09-22,295,4413,4708
818,2017-09-23,160,3052,3212
818,2017-09-24,28,3121,3149
818,2017-09-25,305,4279,4584
818,2017-09-26,271,4377,4648
818,2017-09-27,287,4389,4676
818,2017-09-29,284,4626,4910
818,2017-09-30,172,3666,3838
818,2017-10-01,20,3321,3341
818,2017-10-02,278,4097,4375
818,2017-10-03,298,4282,4580
818,2017-10-04,295,4291,4586
818,2017-10-05,254,4453,4707
818,2017-10-06,328,4174,4502
818,2017-10-07,129,3166,3295
818,2017-10-08,15,2132,2147
818,2017-10-09,269,4165,4434
818,2017-10-10,251,4456,4707
818,2017-10-11,274,4455,4729
818,2017-10-13,307,4663,4970
818,2017-10-14,167,3057,3224
818,2017-10-15,31,2547,2578
818,2017-10-16,314,4379,4693
818,2017-10-17,262,4545,4807
818,2017-10-18,252,4387,4639
818,2017-10-19,304,4511,4815
818,2017-10-20,301,4457,4758
818,2017-10-21,134,3014,3148
818,2017-10-22,12,2168,2180
818,2017-10-23,271,4408,4679
818,2017-10-24,267,4433,4700
818,2017-10-25,270,4491,4761
818,2017-10-27,284,4614,4898
818,2017-10-28,146,2925,3071
818,2017-10-29,17,1980,1997
818,2017-10-30,278,4018,4296
818,2017-10-31,280,4059,4339
818,2017-11-01,32,2353,2385
818,2017-11-03,274,3945,4219
818,2017-11-04,190,2640,2830
818,2017-11-05,20,1859,1879
818,2017-11-06,270,4191,4461
818,2017-11-07,293,4574,4867
818,2017-11-08,304,4156,4460
818,2017-11-10,322,4288,4610
818,2017-11-11,118,2960,3078
818,2017-11-12,18,1960,1978
818,2017-11-13,270,4292,4562
818,2017-11-14,268,4337,4605
818,2017-11-15,254,4322,4576
818,2017-11-16,258,4429,4687
818,2017-11-17,285,4410,4695
818,2017-11-18,132,2823,2955
818,2017-11-19,27,2011,2038
818,2017-11-20,293,4223,4516
818,2017-11-21,241,4261,4502
818,2017-11-22,276,4418,4694
818,2017-11-24,220,4675,4895
818,2017-11-25,120,3018,3138
818,2017-11-26,21,2262,2283
818,2017-11-27,241,4154,4395
818,2017-11-28,300,4262,4562
818,2017-11-29,268,4285,4553
818,2017-11-30,229,4234,4463
818,2017-12-01,228,4480,4708
818,2017-12-02,138,2877,3015
818,2017-12-03,23,2176,2199
818,2017-12-04,229,4081,4310
818,2017-12-05,247,4391,4638
818,2017-12-06,244,4146,4390
818,2017-12-07,342,4350,4692
818,2017-12-08,261,4228,4489
818,2017-12-09,129,2798,2927
818,2017-12-10,24,1506,1530
818,2017-12-11,288,3912,4200
818,2017-12-12,254,4227,4481
818,2017-12-13,300,3828,4128
818,2017-12-14,336,4020,4356
818,2017-12-15,205,4167,4372
818,2017-12-16,109,2655,2764
818,2017-12-17,17,1931,1948
818,2017-12-18,152,3347,3499
818,2017-12-19,167,3778,3945
818,2017-12-20,153,3654,3807
818,2017-12-21,144,3623,3767
818,2017-12-22,162,3469,3631
818,2017-12-23,112,2324,2436
818,2017-12-24,20,1694,1714
818,2017-12-25,18,1794,1812
818,2017-12-26,28,1548,1576
818,2017-12-27,117,2657,2774
818,2017-12-29,162,2462,2624
818,2017-12-30,132,2090,2222
818,2017-12-31,14,1546,1560
820,2017-01-01,3,1287,1290
820,2017-01-02,33,2167,2200
820,2017-01-03,38,2688,2726
820,2017-01-04,42,2640,2682
820,2017-01-05,36,2827,2863
820,2017-01-07,12,1819,1831
820,2017-01-08,5,1518,1523
820,2017-01-09,63,3564,3627
820,2017-01-10,43,3471,3514
820,2017-01-11,50,3429,3479
820,2017-01-12,52,3590,3642
820,2017-01-14,32,1924,1956
820,2017-01-15,7,1653,1660
820,2017-01-16,79,3529,3608
820,2017-01-17,59,3639,3698
820,2017-01-18,68,3850,3918
820,2017-01-19,70,3848,3918
820,2017-01-21,24,2227,2251
820,2017-01-22,5,1840,1845
820,2017-01-23,73,3614,3687
820,2017-01-24,61,3492,3553
820,2017-01-25,60,3695,3755
820,2017-01-26,70,3763,3833
820,2017-01-28,14,2162,2176
820,2017-01-29,4,1719,1723
820,2017-01-30,60,3731,3791
820,2017-01-31,65,3859,3924
820,2017-02-01,76,3750,3826
820,2017-02-02,111,3987,4098
820,2017-02-04,18,2170,2188
820,2017-02-05,7,1756,1763
820,2017-02-06,69,3781,3850
820,2017-02-07,54,3937,3991
820,2017-02-08,61,3959,4020
820,2017-02-09,74,4062,4136
820,2017-02-11,18,2193,2211
820,2017-02-12,4,1799,1803
820,2017-02-13,93,3895,3988
820,2017-02-14,101,4041,4142
820,2017-02-15,97,4096,4193
820,2017-02-16,62,4350,4412
820,2017-02-18,23,2448,2471
820,2017-02-19,8,2019,2027
820,2017-02-20,73,3606,3679
820,2017-02-21,65,3750,3815
820,2017-02-22,60,3619,3679
820,2017-02-23,87,3741,3828
820,2017-02-25,17,2358,2375
820,2017-02-26,9,1901,1910
820,2017-02-27,68,3754,3822
820,2017-02-28,79,3758,3837
820,2017-03-01,59,3910,3969
820,2017-03-02,86,4124,4210
820,2017-03-04,31,2500,2531
820,2017-03-05,7,1846,1853
820,2017-03-06,64,3977,4041
820,2017-03-07,77,4126,4203
820,2017-03-08,55,3978,4033
820,2017-03-09,51,4358,4409
820,2017-03-11,59,2802,2861
820,2017-03-12,3,2361,2364
820,2017-03-13,121,4091,4212
820,2017-03-14,147,4341,4488
820,2017-03-15,123,4300,4423
820,2017-03-16,135,4509,4644
820,2017-03-18,35,2593,2628
820,2017-03-19,9,2061,2070
820,2017-03-20,90,4150,4240
820,2017-03-21,85,4315,4400
820,2017-03-22,103,4388,4491
820,2017-03-23,108,4633,4741
820,2017-03-25,29,3015,3044
820,2017-03-27,114,4260,4374
820,2017-03-28,112,4540,4652
820,2017-03-29,106,4178,4284
820,2017-03-30,87,4478,4565
820,2017-04-01,32,2752,2784
820,2017-04-02,9,2512,2521
820,2017-04-03,115,4169,4284
820,2017-04-04,82,4250,4332
820,2017-04-05,122,4137,4259
820,2017-04-06,84,4315,4399
820,2017-04-08,53,2902,2955
820,2017-04-09,2,3580,3582
820,2017-04-10,118,3857,3975
820,2017-04-11,78,4157,4235
820,2017-04-12,82,4125,4207
820,2017-04-13,74,4155,4229
820,2017-04-15,24,2466,2490
820,2017-04-16,4,2027,2031
820,2017-04-17,8,1794,1802
820,2017-04-18,97,4036,4133
820,2017-04-19,108,4144,4252
820,2017-04-20,103,4353,4456
820,2017-04-22,27,2713,2740
820,2017-04-23,7,2612,2619
820,2017-04-24,94,4349,4443
820,2017-04-25,87,4319,4406
820,2017-04-26,112,4221,4333
820,2017-04-27,116,4597,4713
820,2017-04-29,44,3181,3225
820,2017-04-30,7,2962,2969
820,2017-05-01,7,2130,2137
820,2017-05-02,124,4399,4523
820,2017-05-03,84,4540,4624
820,2017-05-04,64,4750,4814
820,2017-05-06,28,3077,3105
820,2017-05-07,9,2482,2491
820,2017-05-08,88,4278,4366
820,2017-05-09,113,4462,4575
820,2017-05-10,127,4499,4626
820,2017-05-11,97,4572,4669
820,2017-05-12,110,4534,4644
820,2017-05-14,20,2580,2600
820,2017-05-15,116,4461,4577
820,2017-05-16,82,4617,4699
820,2017-05-17,113,4681,4794
820,2017-05-18,76,4440,4516
820,2017-05-19,106,4446,4552
820,2017-05-21,9,2693,2702
820,2017-05-22,153,4557,4710
820,2017-05-23,123,4701,4824
820,2017-05-24,115,4666,4781
820,2017-05-25,20,4908,4928
820,2017-05-26,110,4629,4739
820,2017-05-28,15,4670,4685
820,2017-05-29,96,4957,5053
820,2017-05-30,91,4591,4682
820,2017-05-31,87,4706,4793
820,2017-06-01,95,5044,5139
820,2017-06-02,134,5316,5450
820,2017-06-04,4,3381,3385
820,2017-06-05,11,3117,3128
820,2017-06-06,44,4110,4154
820,2017-06-07,88,4168,4256
820,2017-06-08,94,4511,4605
820,2017-06-09,78,4410,4488
820,2017-06-11,37,4185,4222
820,2017-06-12,89,4360,4449
820,2017-06-13,90,4600,4690
820,2017-06-14,104,4855,4959
820,2017-06-15,118,4966,5084
820,2017-06-16,121,5016,5137
820,2017-06-18,11,4108,4119
820,2017-06-19,98,4977,5075
820,2017-06-20,79,5173,5252
820,2017-06-21,93,5273,5366
820,2017-06-22,102,5559,5661
820,2017-06-23,48,3055,3103
820,2017-06-25,4,2689,2693
820,2017-06-26,79,4746,4825
820,2017-06-27,112,4696,4808
820,2017-06-28,84,4436,4520
820,2017-06-29,108,4618,4726
820,2017-06-30,122,4872,4994
820,2017-07-02,9,2496,2505
820,2017-07-03,110,4942,5052
820,2017-07-04,93,4659,4752
820,2017-07-05,107,5117,5224
820,2017-07-06,108,5258,5366
820,2017-07-07,102,4947,5049
820,2017-07-09,8,3127,3135
820,2017-07-10,106,4546,4652
820,2017-07-11,102,4732,4834
820,2017-07-12,101,4494,4595
820,2017-07-13,87,4778,4865
820,2017-07-14,144,4846,4990
820,2017-07-16,9,2882,2891
820,2017-07-17,145,4233,4378
820,2017-07-18,88,4715,4803
820,2017-07-19,71,4679,4750
820,2017-07-20,98,4194,4292
820,2017-07-21,73,4885,4958
820,2017-07-22,85,3383,3468
820,2017-07-23,23,2619,2642
820,2017-07-24,99,4068,4167
820,2017-07-25,81,4118,4199
820,2017-07-26,97,4298,4395
820,2017-07-27,56,4184,4240
820,2017-07-28,72,4258,4330
820,2017-07-29,41,2961,3002
820,2017-07-30,41,2949,2990
820,2017-07-31,120,3668,3788
820,2017-08-01,80,3384,3464
820,2017-08-02,76,3701,3777
820,2017-08-03,76,3697,3773
820,2017-08-04,110,3826,3936
820,2017-08-05,66,2981,3047
820,2017-08-06,89,3044,3133
820,2017-08-07,173,4109,4282
820,2017-08-08,102,3554,3656
820,2017-08-09,95,3769,3864
820,2017-08-10,100,3877,3977
820,2017-08-11,92,3765,3857
820,2017-08-12,34,2340,2374
820,2017-08-13,8,3131,3139
820,2017-08-14,114,3757,3871
820,2017-08-15,24,2296,2320
820,2017-08-16,78,3870,3948
820,2017-08-18,64,3702,3766
820,2017-08-19,34,2606,2640
820,2017-08-20,8,2627,2635
820,2017-08-21,151,3989,4140
820,2017-08-22,121,4338,4459
820,2017-08-23,106,4872,4978
820,2017-08-25,120,4418,4538
820,2017-08-26,42,3338,3380
820,2017-08-27,14,3072,3086
820,2017-08-28,151,4430,4581
820,2017-08-29,121,5002,5123
820,2017-08-30,131,4345,4476
820,2017-09-01,74,3924,3998
820,2017-09-02,28,2794,2822
820,2017-09-03,6,2552,2558
820,2017-09-04,123,4025,4148
820,2017-09-05,101,4153,4254
820,2017-09-06,79,4016,4095
820,2017-09-08,100,4132,4232
820,2017-09-09,18,2592,2610
820,2017-09-10,3,2789,2792
820,2017-09-11,80,4090,4170
820,2017-09-12,58,4252,4310
820,2017-09-13,68,4028,4096
820,2017-09-15,116,4786,4902
820,2017-09-16,30,2752,2782
820,2017-09-17,7,2542,2549
820,2017-09-18,90,4380,4470
820,2017-09-19,92,4474,4566
820,2017-09-20,127,4536,4663
820,2017-09-21,126,4715,4841
820,2017-09-22,117,4721,4838
820,2017-09-23,56,3152,3208
820,2017-09-24,24,3122,3146
820,2017-09-25,114,4403,4517
820,2017-09-26,103,4369,4472
820,2017-09-27,100,4565,4665
820,2017-09-28,113,4736,4849
820,2017-10-06,286,4485,4771
820,2017-10-07,151,2994,3145
820,2017-10-08,30,2656,2686
820,2017-10-09,356,4209,4565
820,2017-10-10,373,4355,4728
820,2017-10-11,313,4250,4563
820,2017-10-12,390,4424,4814
820,2017-10-13,556,4592,5148
822,2017-01-01,NA,703,NA
822,2017-01-02,9,1032,1041
822,2017-01-03,13,1239,1252
822,2017-01-04,28,1234,1262
822,2017-01-05,23,1311,1334
822,2017-01-07,8,928,936
822,2017-01-08,4,873,877
822,2017-01-09,45,1503,1548
822,2017-01-10,34,1415,1449
822,2017-01-11,23,1487,1510
822,2017-01-12,30,1630,1660
822,2017-01-14,11,1145,1156
822,2017-01-15,8,1241,1249
822,2017-01-16,38,1525,1563
822,2017-01-17,30,1579,1609
822,2017-01-18,35,1654,1689
822,2017-01-19,27,1572,1599
822,2017-01-21,5,1154,1159
822,2017-01-22,7,1190,1197
822,2017-01-23,40,1548,1588
822,2017-01-24,32,1511,1543
822,2017-01-25,32,1628,1660
822,2017-01-26,36,1678,1714
822,2017-01-28,11,1133,1144
822,2017-01-29,13,1049,1062
822,2017-01-30,58,1690,1748
822,2017-01-31,59,1655,1714
822,2017-02-01,50,1678,1728
822,2017-02-02,69,1766,1835
822,2017-02-04,16,1182,1198
822,2017-02-05,10,1166,1176
822,2017-02-06,36,1663,1699
822,2017-02-07,57,1710,1767
822,2017-02-08,88,1748,1836
822,2017-02-09,79,1729,1808
822,2017-02-11,11,1204,1215
822,2017-02-12,11,1117,1128
822,2017-02-13,112,1776,1888
822,2017-02-14,129,1707,1836
822,2017-02-15,147,1784,1931
822,2017-02-16,170,1682,1852
822,2017-02-18,15,1203,1218
822,2017-02-19,14,1197,1211
822,2017-02-20,89,1510,1599
822,2017-02-21,104,1609,1713
822,2017-02-22,115,1600,1715
822,2017-02-23,110,1562,1672
822,2017-02-25,24,1110,1134
822,2017-02-26,9,1050,1059
822,2017-02-27,126,1524,1650
822,2017-02-28,81,1693,1774
822,2017-03-01,53,1782,1835
822,2017-03-02,73,1887,1960
822,2017-03-04,26,1195,1221
822,2017-03-05,10,1045,1055
822,2017-03-06,132,1638,1770
822,2017-03-07,136,1742,1878
822,2017-03-08,64,1716,1780
822,2017-03-09,79,1764,1843
822,2017-03-11,39,1348,1387
822,2017-03-12,15,1272,1287
822,2017-03-13,80,1564,1644
822,2017-03-14,112,1991,2103
822,2017-03-16,86,1870,1956
822,2017-03-17,67,1896,1963
822,2017-03-18,12,1365,1377
822,2017-03-19,7,1232,1239
822,2017-03-20,75,1600,1675
822,2017-03-21,78,1660,1738
822,2017-03-23,62,1825,1887
822,2017-03-24,64,1905,1969
822,2017-03-25,28,1518,1546
822,2017-03-27,52,1764,1816
822,2017-03-29,162,2006,2168
822,2017-03-30,186,2198,2384
822,2017-03-31,237,2217,2454
822,2017-04-01,52,1421,1473
822,2017-04-02,10,1372,1382
822,2017-04-03,156,1714,1870
822,2017-04-04,173,1647,1820
822,2017-04-05,167,1823,1990
822,2017-04-06,185,1805,1990
822,2017-04-07,166,1937,2103
822,2017-04-08,66,1366,1432
822,2017-04-09,13,1584,1597
822,2017-04-10,128,1620,1748
822,2017-04-11,158,1673,1831
822,2017-04-12,111,1685,1796
822,2017-04-13,172,1742,1914
822,2017-04-14,114,1672,1786
822,2017-04-15,34,1070,1104
822,2017-04-16,9,1143,1152
822,2017-04-17,17,1089,1106
822,2017-04-18,130,1581,1711
822,2017-04-19,110,1539,1649
822,2017-04-20,116,1699,1815
822,2017-04-21,124,1715,1839
822,2017-04-22,50,1304,1354
822,2017-04-23,8,1445,1453
822,2017-04-24,120,1640,1760
822,2017-04-25,118,1772,1890
822,2017-04-26,197,1753,1950
822,2017-04-27,216,1880,2096
822,2017-04-28,188,1943,2131
822,2017-04-29,28,1500,1528
822,2017-04-30,14,1572,1586
822,2017-05-01,16,1184,1200
822,2017-05-02,176,1717,1893
822,2017-05-03,157,1789,1946
822,2017-05-04,133,1847,1980
822,2017-05-05,120,1826,1946
822,2017-05-06,34,1390,1424
822,2017-05-07,24,1192,1216
822,2017-05-08,132,1691,1823
822,2017-05-09,143,1811,1954
822,2017-05-10,203,1796,1999
822,2017-05-11,195,1879,2074
822,2017-05-12,135,1976,2111
822,2017-05-13,47,1401,1448
822,2017-05-14,35,1397,1432
822,2017-05-15,144,1780,1924
822,2017-05-16,137,2010,2147
822,2017-05-17,224,2441,2665
822,2017-05-18,246,2452,2698
822,2017-05-19,240,2322,2562
822,2017-05-20,57,1454,1511
822,2017-05-21,9,1521,1530
822,2017-05-22,157,1580,1737
822,2017-05-23,138,1482,1620
822,2017-05-24,107,1864,1971
822,2017-05-25,25,4132,4157
822,2017-05-26,75,1862,1937
822,2017-05-27,33,1601,1634
822,2017-05-28,15,1637,1652
822,2017-05-29,85,1771,1856
822,2017-05-30,95,1953,2048
822,2017-05-31,126,2040,2166
822,2017-06-01,143,1875,2018
822,2017-06-02,142,2284,2426
822,2017-06-03,44,1382,1426
822,2017-06-04,13,1544,1557
822,2017-06-05,26,1631,1657
822,2017-06-06,121,1667,1788
822,2017-06-07,126,1712,1838
822,2017-06-08,129,1844,1973
822,2017-06-10,56,1555,1611
822,2017-06-11,18,1929,1947
822,2017-06-12,118,1761,1879
822,2017-06-13,99,1730,1829
822,2017-06-14,140,1778,1918
822,2017-06-15,93,1864,1957
822,2017-06-16,142,1994,2136
822,2017-06-17,67,1693,1760
822,2017-06-18,21,1537,1558
822,2017-06-19,104,1774,1878
822,2017-06-20,100,1893,1993
822,2017-06-21,130,1995,2125
822,2017-06-22,132,1905,2037
822,2017-06-23,28,1315,1343
822,2017-06-24,61,1326,1387
822,2017-06-25,21,1262,1283
822,2017-06-26,119,1829,1948
822,2017-06-27,91,1827,1918
822,2017-06-28,100,2018,2118
822,2017-06-29,141,1964,2105
822,2017-06-30,126,1928,2054
822,2017-07-01,39,1618,1657
822,2017-07-02,19,1664,1683
822,2017-07-03,70,1532,1602
822,2017-07-04,128,1890,2018
822,2017-07-05,103,2031,2134
822,2017-07-06,128,1963,2091
822,2017-07-07,142,2163,2305
822,2017-07-08,71,1812,1883
822,2017-07-09,26,1747,1773
822,2017-07-10,160,1819,1979
822,2017-07-11,112,1912,2024
822,2017-07-12,169,1859,2028
822,2017-07-13,148,1904,2052
822,2017-07-14,141,2100,2241
822,2017-07-15,48,1566,1614
822,2017-07-16,26,1538,1564
822,2017-07-17,153,1776,1929
822,2017-07-18,151,1841,1992
822,2017-07-19,162,1618,1780
822,2017-07-20,146,1684,1830
822,2017-07-21,122,1859,1981
822,2017-07-22,47,1391,1438
822,2017-07-23,17,1411,1428
822,2017-07-24,109,1650,1759
822,2017-07-25,120,1760,1880
822,2017-07-26,172,1685,1857
822,2017-07-27,127,1676,1803
822,2017-07-28,87,1676,1763
822,2017-07-29,33,1329,1362
822,2017-07-30,13,1517,1530
822,2017-07-31,82,1597,1679
822,2017-08-01,50,1454,1504
822,2017-08-02,76,1498,1574
822,2017-08-03,88,1461,1549
822,2017-08-04,80,1536,1616
822,2017-08-05,59,1246,1305
822,2017-08-06,26,1616,1642
822,2017-08-07,81,1458,1539
822,2017-08-08,62,1460,1522
822,2017-08-09,65,1505,1570
822,2017-08-10,90,1520,1610
822,2017-08-11,73,1403,1476
822,2017-08-12,29,1052,1081
822,2017-08-13,17,1326,1343
822,2017-08-14,80,1391,1471
822,2017-08-15,33,1096,1129
822,2017-08-16,85,1430,1515
822,2017-08-17,94,1414,1508
822,2017-08-18,58,1424,1482
822,2017-08-19,27,1210,1237
822,2017-08-20,13,1367,1380
822,2017-08-21,91,1573,1664
822,2017-08-22,101,1571,1672
822,2017-08-23,98,1517,1615
822,2017-08-24,127,1621,1748
822,2017-08-25,101,1504,1605
822,2017-08-26,76,1376,1452
822,2017-08-27,7,1216,1223
822,2017-08-28,114,1603,1717
822,2017-08-29,131,1758,1889
822,2017-08-30,120,1646,1766
822,2017-08-31,142,1775,1917
822,2017-09-01,137,1655,1792
822,2017-09-02,25,1152,1177
822,2017-09-03,14,1276,1290
822,2017-09-04,100,1545,1645
822,2017-09-05,135,1787,1922
822,2017-09-06,125,1655,1780
822,2017-09-07,147,1702,1849
822,2017-09-08,156,1793,1949
822,2017-09-09,60,1402,1462
822,2017-09-10,23,1464,1487
822,2017-09-11,108,1637,1745
822,2017-09-12,129,1827,1956
822,2017-09-13,120,1818,1938
822,2017-09-14,96,1890,1986
822,2017-09-15,118,1872,1990
822,2017-09-16,37,1292,1329
822,2017-09-17,6,1526,1532
822,2017-09-18,133,1814,1947
822,2017-09-19,119,1824,1943
822,2017-09-20,144,1815,1959
822,2017-09-21,149,1901,2050
822,2017-09-22,146,1817,1963
822,2017-09-23,136,1898,2034
822,2017-09-24,124,1836,1960
822,2017-09-25,150,1808,1958
822,2017-09-26,154,1789,1943
822,2017-09-27,185,1850,2035
822,2017-09-28,147,1999,2146
822,2017-09-29,139,2037,2176
822,2017-09-30,59,1504,1563
822,2017-10-01,9,1389,1398
822,2017-10-02,123,1660,1783
822,2017-10-03,124,1787,1911
822,2017-10-04,163,1836,1999
822,2017-10-05,140,1874,2014
822,2017-10-06,135,1898,2033
822,2017-10-07,62,1456,1518
822,2017-10-08,14,1443,1457
822,2017-10-09,126,1769,1895
822,2017-10-10,135,1772,1907
822,2017-10-11,130,1822,1952
822,2017-10-12,132,1883,2015
822,2017-10-13,135,2007,2142
822,2017-10-14,42,1561,1603
822,2017-10-15,29,1643,1672
822,2017-10-16,123,1800,1923
822,2017-10-17,122,1840,1962
822,2017-10-18,157,1905,2062
822,2017-10-19,150,1996,2146
822,2017-10-20,104,1846,1950
822,2017-10-21,51,1387,1438
822,2017-10-22,6,1238,1244
822,2017-10-23,101,1779,1880
822,2017-10-24,131,1751,1882
822,2017-10-25,132,1909,2041
822,2017-10-26,155,2005,2160
822,2017-10-27,145,2074,2219
822,2017-10-28,45,1401,1446
822,2017-10-29,12,1423,1435
822,2017-10-30,148,1794,1942
822,2017-11-01,11,1462,1473
822,2017-11-02,145,1802,1947
822,2017-11-03,170,1727,1897
822,2017-11-04,71,1385,1456
822,2017-11-05,19,1361,1380
822,2017-11-06,134,1670,1804
822,2017-11-07,145,1794,1939
822,2017-11-08,110,1755,1865
822,2017-11-09,136,1805,1941
822,2017-11-10,147,1847,1994
822,2017-11-11,36,1300,1336
822,2017-11-12,11,1225,1236
822,2017-11-13,146,1700,1846
822,2017-11-14,148,1883,2031
822,2017-11-15,120,1754,1874
822,2017-11-16,150,1796,1946
822,2017-11-17,135,1848,1983
822,2017-11-18,46,1355,1401
822,2017-11-19,11,1354,1365
822,2017-11-20,114,1731,1845
822,2017-11-21,107,1719,1826
822,2017-11-22,126,1771,1897
822,2017-11-23,135,1726,1861
822,2017-11-24,112,1907,2019
822,2017-11-25,42,1388,1430
822,2017-11-26,20,1199,1219
822,2017-11-27,102,1742,1844
822,2017-11-28,119,1767,1886
822,2017-11-29,127,1761,1888
822,2017-11-30,123,1625,1748
822,2017-12-01,118,1783,1901
822,2017-12-02,37,1381,1418
822,2017-12-03,11,1048,1059
822,2017-12-04,89,1657,1746
822,2017-12-05,119,1653,1772
822,2017-12-06,119,1741,1860
822,2017-12-07,141,1716,1857
822,2017-12-08,135,1759,1894
822,2017-12-09,37,1162,1199
822,2017-12-10,13,683,696
822,2017-12-11,103,1633,1736
822,2017-12-12,112,1632,1744
822,2017-12-13,90,1578,1668
822,2017-12-14,104,1622,1726
822,2017-12-15,77,1758,1835
822,2017-12-16,24,1225,1249
822,2017-12-17,15,1122,1137
822,2017-12-18,63,1382,1445
822,2017-12-19,64,1450,1514
822,2017-12-20,68,1559,1627
822,2017-12-21,59,1628,1687
822,2017-12-22,67,1481,1548
822,2017-12-23,17,1062,1079
822,2017-12-24,9,894,903
822,2017-12-25,4,885,889
822,2017-12-26,9,872,881
822,2017-12-27,38,1219,1257
822,2017-12-28,78,1134,1212
822,2017-12-29,40,712,752
822,2017-12-30,16,1018,1034
822,2017-12-31,4,837,841
902,2017-01-01,38,1982,2020
902,2017-01-02,226,3105,3331
902,2017-01-03,243,3587,3830
902,2017-01-04,230,3823,4053
902,2017-01-06,265,4364,4629
902,2017-01-07,182,2559,2741
902,2017-01-08,40,2182,2222
902,2017-01-09,272,4209,4481
902,2017-01-10,255,4222,4477
902,2017-01-11,259,4412,4671
902,2017-01-12,290,4533,4823
902,2017-01-13,246,3607,3853
902,2017-01-14,179,3028,3207
902,2017-01-15,55,2480,2535
902,2017-01-16,282,4044,4326
902,2017-01-17,271,4443,4714
902,2017-01-19,297,4510,4807
902,2017-01-20,293,4769,5062
902,2017-01-21,195,3765,3960
902,2017-01-22,57,3137,3194
902,2017-01-24,278,4427,4705
902,2017-01-25,282,4450,4732
902,2017-01-26,270,4573,4843
902,2017-01-27,297,4767,5064
902,2017-01-29,31,2667,2698
902,2017-01-30,246,4310,4556
902,2017-01-31,289,4545,4834
902,2017-02-01,293,4355,4648
902,2017-02-03,298,4655,4953
902,2017-02-04,173,3322,3495
902,2017-02-05,46,2866,2912
902,2017-02-06,288,4235,4523
902,2017-02-08,295,4395,4690
902,2017-02-09,291,4925,5216
902,2017-02-10,306,4878,5184
902,2017-02-11,200,3561,3761
902,2017-02-13,296,4520,4816
902,2017-02-14,325,4938,5263
902,2017-02-15,345,4681,5026
902,2017-02-16,293,4904,5197
902,2017-02-18,182,3492,3674
902,2017-02-19,43,2848,2891
902,2017-02-20,248,4100,4348
902,2017-02-21,243,4326,4569
902,2017-02-23,268,4165,4433
902,2017-02-24,302,4418,4720
902,2017-02-25,192,3492,3684
902,2017-02-26,56,2728,2784
902,2017-02-28,272,4463,4735
902,2017-03-01,319,4662,4981
902,2017-03-02,298,4917,5215
902,2017-03-03,296,4991,5287
902,2017-03-05,39,2618,2657
902,2017-03-06,314,4320,4634
902,2017-03-07,328,4594,4922
902,2017-03-08,267,4519,4786
902,2017-03-10,320,5052,5372
902,2017-03-11,205,4062,4267
902,2017-03-12,49,3393,3442
902,2017-03-13,302,4580,4882
902,2017-03-15,305,4803,5108
902,2017-03-16,309,5142,5451
902,2017-03-17,332,5125,5457
902,2017-03-18,188,3714,3902
902,2017-03-20,316,4418,4734
902,2017-03-21,324,4943,5267
902,2017-03-22,345,4886,5231
902,2017-03-23,312,5073,5385
902,2017-03-25,203,4223,4426
902,2017-03-27,374,4520,4894
902,2017-03-28,349,4890,5239
902,2017-03-30,320,5238,5558
902,2017-03-31,331,5379,5710
902,2017-04-01,191,3926,4117
902,2017-04-02,58,3284,3342
902,2017-04-04,321,4971,5292
902,2017-04-05,351,4809,5160
902,2017-04-06,356,5083,5439
902,2017-04-07,337,5305,5642
902,2017-04-09,62,4137,4199
902,2017-04-10,298,4487,4785
902,2017-04-11,288,5032,5320
902,2017-04-12,289,4975,5264
902,2017-04-14,272,5206,5478
902,2017-04-15,202,3432,3634
902,2017-04-16,58,3453,3511
902,2017-04-17,62,3476,3538
902,2017-05-04,341,5418,5759
902,2017-05-05,324,5201,5525
902,2017-05-06,213,4275,4488
902,2017-05-07,43,3223,3266
902,2017-05-09,309,5169,5478
902,2017-05-10,382,4987,5369
902,2017-05-11,342,5036,5378
902,2017-05-12,366,5682,6048
902,2017-05-14,80,3944,4024
902,2017-05-15,326,4896,5222
902,2017-05-16,333,5230,5563
902,2017-05-17,356,5037,5393
902,2017-05-19,330,4972,5302
902,2017-05-20,224,4200,4424
902,2017-05-21,55,4052,4107
902,2017-05-22,331,4672,5003
902,2017-05-24,328,5500,5828
902,2017-05-25,61,4559,4620
902,2017-05-26,310,5825,6135
902,2017-05-27,204,5324,5528
902,2017-05-29,322,4805,5127
902,2017-05-30,323,5150,5473
902,2017-05-31,373,4875,5248
902,2017-06-01,342,5326,5668
902,2017-06-03,247,4537,4784
902,2017-06-04,122,3966,4088
902,2017-06-05,137,3769,3906
902,2017-06-06,340,4666,5006
902,2017-06-08,323,5322,5645
902,2017-06-09,340,5034,5374
902,2017-06-10,218,4190,4408
902,2017-06-11,63,4114,4177
902,2017-06-13,335,5159,5494
902,2017-06-14,353,5137,5490
902,2017-06-15,420,5320,5740
902,2017-06-16,340,5617,5957
902,2017-06-18,68,4109,4177
902,2017-06-19,327,4809,5136
902,2017-06-20,349,5249,5598
902,2017-06-21,360,5208,5568
902,2017-06-23,63,3449,3512
902,2017-06-24,217,4216,4433
902,2017-06-25,67,3339,3406
902,2017-06-26,361,4822,5183
902,2017-06-28,326,4886,5212
902,2017-06-29,366,5146,5512
902,2017-06-30,348,5166,5514
902,2017-07-01,185,3860,4045
902,2017-07-08,215,4573,4788
902,2017-07-09,54,3937,3991
902,2017-07-10,338,4626,4964
902,2017-07-11,346,5085,5431
902,2017-07-13,235,1067,1302
902,2017-07-14,40,786,826
902,2017-07-15,213,4384,4597
902,2017-07-16,74,3820,3894
902,2017-07-18,314,5312,5626
902,2017-07-19,299,5407,5706
902,2017-07-20,340,5612,5952
902,2017-07-21,316,5925,6241
902,2017-07-26,396,5232,5628
902,2017-07-27,325,5189,5514
902,2017-07-28,322,5515,5837
902,2017-07-29,201,4681,4882
902,2017-07-30,87,3784,3871
902,2017-07-31,336,4436,4772
902,2017-08-01,312,4494,4806
902,2017-08-02,290,4739,5029
902,2017-08-03,295,4551,4846
902,2017-08-04,292,4748,5040
902,2017-08-05,228,3633,3861
902,2017-08-06,78,3795,3873
902,2017-08-07,280,4306,4586
902,2017-08-08,305,4394,4699
902,2017-08-09,308,4557,4865
902,2017-08-10,310,4298,4608
902,2017-08-11,302,4517,4819
902,2017-08-12,189,3734,3923
902,2017-08-13,75,3750,3825
902,2017-08-14,271,4415,4686
902,2017-08-15,73,3080,3153
902,2017-08-16,294,4826,5120
902,2017-08-17,290,4726,5016
902,2017-08-18,281,4586,4867
902,2017-08-19,219,3902,4121
902,2017-08-20,61,4165,4226
902,2017-08-21,325,4557,4882
902,2017-08-22,334,4861,5195
902,2017-08-23,320,5011,5331
902,2017-08-24,326,5040,5366
902,2017-08-25,355,4999,5354
902,2017-08-26,238,3928,4166
902,2017-08-27,70,3410,3480
902,2017-08-28,311,4506,4817
902,2017-08-29,395,5151,5546
902,2017-08-30,412,4688,5100
902,2017-08-31,386,4766,5152
902,2017-09-01,437,4886,5323
902,2017-09-02,212,3860,4072
902,2017-09-03,67,3712,3779
902,2017-09-04,427,4356,4783
902,2017-09-05,480,4813,5293
902,2017-09-06,457,4839,5296
902,2017-09-07,418,4687,5105
902,2017-09-08,426,4982,5408
902,2017-09-09,228,4263,4491
902,2017-09-10,58,1196,1254
902,2017-09-11,398,4504,4902
902,2017-09-12,435,4698,5133
902,2017-09-13,365,4607,4972
902,2017-09-14,388,4726,5114
902,2017-09-15,394,5098,5492
902,2017-09-16,222,4100,4322
902,2017-09-17,67,3312,3379
902,2017-09-18,438,4522,4960
902,2017-09-19,449,4674,5123
902,2017-09-20,424,4776,5200
902,2017-09-21,451,5052,5503
902,2017-09-22,451,5333,5784
902,2017-09-23,210,4494,4704
902,2017-09-24,59,3704,3763
902,2017-09-25,415,4504,4919
902,2017-09-26,411,4939,5350
902,2017-09-27,431,5069,5500
902,2017-09-28,384,4904,5288
902,2017-09-29,399,5540,5939
902,2017-09-30,201,4200,4401
902,2017-10-01,59,3801,3860
902,2017-10-02,400,4533,4933
902,2017-10-03,415,4733,5148
902,2017-10-04,459,4705,5164
902,2017-10-05,373,4830,5203
902,2017-10-06,391,5055,5446
902,2017-10-07,202,3816,4018
902,2017-10-08,50,3911,3961
902,2017-10-09,373,4511,4884
902,2017-10-10,357,4754,5111
902,2017-10-11,394,4578,4972
902,2017-10-12,374,4779,5153
902,2017-10-13,417,4941,5358
902,2017-10-14,238,4273,4511
902,2017-10-15,60,4432,4492
902,2017-10-16,378,4689,5067
902,2017-10-17,393,4846,5239
902,2017-10-18,413,4638,5051
902,2017-10-19,404,4733,5137
902,2017-10-20,402,5035,5437
902,2017-10-21,199,3938,4137
902,2017-10-22,62,3170,3232
902,2017-10-23,384,4358,4742
902,2017-10-24,344,4810,5154
902,2017-10-25,414,4652,5066
902,2017-10-26,396,4806,5202
902,2017-10-27,428,5214,5642
902,2017-10-28,311,4054,4365
902,2017-10-29,121,3550,3671
902,2017-10-30,482,4572,5054
902,2017-11-01,128,3187,3315
902,2017-11-02,494,4668,5162
902,2017-11-03,486,4862,5348
902,2017-11-04,288,3523,3811
902,2017-11-05,123,3277,3400
902,2017-11-06,389,4502,4891
902,2017-11-07,384,4726,5110
902,2017-11-08,388,4810,5198
902,2017-11-09,395,4753,5148
902,2017-11-10,319,5068,5387
902,2017-11-11,165,3857,4022
902,2017-11-12,39,2622,2661
902,2017-11-13,364,4480,4844
902,2017-11-14,428,4744,5172
902,2017-11-15,434,4624,5058
902,2017-11-16,381,4833,5214
902,2017-11-17,362,4858,5220
902,2017-11-18,215,3884,4099
902,2017-11-19,61,2888,2949
902,2017-11-20,364,4522,4886
902,2017-11-21,299,4721,5020
902,2017-11-23,397,4615,5012
902,2017-11-24,315,5059,5374
902,2017-11-25,193,3741,3934
902,2017-11-26,52,2957,3009
902,2017-11-27,308,4586,4894
902,2017-11-28,362,4714,5076
902,2017-11-29,418,4712,5130
902,2017-11-30,375,4931,5306
902,2017-12-01,375,4886,5261
902,2017-12-02,225,3696,3921
902,2017-12-03,53,2600,2653
902,2017-12-04,371,4444,4815
902,2017-12-05,374,4734,5108
902,2017-12-06,354,4431,4785
902,2017-12-07,389,4901,5290
902,2017-12-08,382,4712,5094
902,2017-12-09,213,3556,3769
902,2017-12-10,46,2821,2867
902,2017-12-11,277,4808,5085
902,2017-12-12,319,4683,5002
902,2017-12-13,304,4331,4635
902,2017-12-14,327,4742,5069
902,2017-12-15,290,4834,5124
902,2017-12-16,196,3618,3814
902,2017-12-17,61,2668,2729
902,2017-12-18,269,4002,4271
902,2017-12-19,322,4790,5112
902,2017-12-20,333,4462,4795
902,2017-12-21,304,4488,4792
902,2017-12-22,316,4551,4867
902,2017-12-23,184,3308,3492
902,2017-12-24,48,2462,2510
902,2017-12-25,38,2115,2153
902,2017-12-26,38,2323,2361
902,2017-12-27,185,3853,4038
902,2017-12-28,269,3649,3918
902,2017-12-29,208,3291,3499
902,2017-12-30,131,3301,3432
902,2017-12-31,44,2327,2371
905,2017-01-20,721,12892,13613
905,2017-01-21,323,10554,10877
905,2017-01-22,91,8532,8623
905,2017-01-23,725,11580,12305
905,2017-01-24,719,11804,12523
905,2017-01-27,702,12523,13225
905,2017-01-28,351,10505,10856
905,2017-01-29,99,8487,8586
905,2017-01-30,788,11240,12028
905,2017-01-31,821,12163,12984
905,2017-02-01,783,11562,12345
905,2017-02-02,806,11743,12549
905,2017-02-03,904,12229,13133
905,2017-02-04,349,10322,10671
905,2017-02-05,96,8525,8621
905,2017-02-06,827,11211,12038
905,2017-02-07,958,11366,12324
905,2017-02-08,957,11505,12462
905,2017-02-09,972,11807,12779
905,2017-02-10,896,12282,13178
905,2017-02-11,358,10626,10984
905,2017-02-12,89,8158,8247
905,2017-02-13,964,11510,12474
905,2017-02-14,950,12013,12963
905,2017-02-15,902,11577,12479
905,2017-02-16,881,11647,12528
905,2017-02-17,914,12121,13035
905,2017-02-18,372,9996,10368
905,2017-02-19,114,8042,8156
905,2017-02-20,885,10456,11341
905,2017-02-21,1000,11018,12018
905,2017-02-22,925,10991,11916
905,2017-02-23,973,10653,11626
905,2017-02-24,911,11318,12229
905,2017-02-25,347,10061,10408
905,2017-02-26,132,8144,8276
905,2017-02-27,713,10441,11154
905,2017-02-28,909,11494,12403
905,2017-03-01,934,11510,12444
905,2017-03-02,1043,11856,12899
905,2017-03-03,923,12083,13006
905,2017-03-04,374,10369,10743
905,2017-03-05,93,8312,8405
905,2017-03-06,925,11082,12007
905,2017-03-07,1007,11615,12622
905,2017-03-08,926,11771,12697
905,2017-03-09,924,11939,12863
905,2017-03-10,976,12117,13093
905,2017-03-11,389,11282,11671
905,2017-03-12,125,9360,9485
905,2017-03-13,985,11273,12258
905,2017-03-14,975,11693,12668
905,2017-03-15,1072,11369,12441
905,2017-03-18,363,10999,11362
905,2017-03-19,112,8759,8871
905,2017-03-20,1164,10822,11986
905,2017-03-21,1165,11721,12886
905,2017-03-22,1152,10822,11974
905,2017-03-23,1183,11763,12946
905,2017-03-24,1042,11957,12999
905,2017-03-25,458,11390,11848
905,2017-03-27,1012,11077,12089
905,2017-03-28,1089,11454,12543
905,2017-03-29,1129,11311,12440
905,2017-03-30,1165,11847,13012
905,2017-03-31,1138,12453,13591
905,2017-04-03,963,10955,11918
905,2017-04-04,1000,11502,12502
905,2017-04-05,1077,11655,12732
905,2017-04-06,1104,11861,12965
905,2017-04-07,1084,12124,13208
905,2017-04-08,445,11570,12015
905,2017-04-09,150,9863,10013
905,2017-04-10,949,11126,12075
905,2017-04-11,975,11398,12373
905,2017-04-12,1006,11354,12360
905,2017-04-13,1061,11600,12661
905,2017-04-14,1039,11952,12991
905,2017-04-15,461,9824,10285
905,2017-04-16,123,7971,8094
905,2017-04-17,133,7638,7771
905,2017-04-18,997,11230,12227
905,2017-04-19,1085,11440,12525
905,2017-04-20,984,11552,12536
905,2017-04-21,1065,12243,13308
905,2017-04-22,490,10630,11120
905,2017-04-23,169,9391,9560
905,2017-04-24,1042,11762,12804
905,2017-04-25,1040,11931,12971
905,2017-04-26,1047,11934,12981
905,2017-04-27,1169,12514,13683
905,2017-04-28,1072,12989,14061
905,2017-04-29,475,11530,12005
905,2017-04-30,117,10259,10376
905,2017-05-01,160,8077,8237
905,2017-05-02,1021,11917,12938
905,2017-05-03,951,11427,12378
905,2017-05-04,1101,11970,13071
905,2017-05-05,1228,12856,14084
905,2017-05-06,510,12020,12530
905,2017-05-07,321,10005,10326
905,2017-05-08,918,11218,12136
905,2017-05-09,980,11904,12884
905,2017-05-10,1000,11841,12841
905,2017-05-11,1061,11960,13021
905,2017-05-12,1023,12124,13147
905,2017-05-13,424,11188,11612
905,2017-05-14,126,9022,9148
905,2017-05-15,1105,11416,12521
905,2017-05-16,1075,12140,13215
905,2017-05-17,931,10846,11777
905,2017-05-18,835,10415,11250
905,2017-05-19,909,10959,11868
905,2017-05-20,491,10745,11236
905,2017-05-21,137,9912,10049
905,2017-05-22,989,11007,11996
905,2017-05-23,1041,11971,13012
905,2017-05-24,1137,13705,14842
905,2017-05-25,265,15851,16116
905,2017-05-26,738,13252,13990
905,2017-05-27,419,12147,12566
905,2017-05-28,233,11170,11403
905,2017-05-29,1016,11457,12473
905,2017-05-30,1083,12119,13202
905,2017-05-31,1028,11483,12511
905,2017-06-01,1033,12021,13054
905,2017-06-02,1036,13063,14099
905,2017-06-03,549,11419,11968
905,2017-06-04,174,9444,9618
905,2017-06-05,246,9347,9593
905,2017-06-06,1043,11208,12251
905,2017-06-07,1147,11041,12188
905,2017-06-08,1077,11457,12534
905,2017-06-09,1017,12117,13134
905,2017-06-10,472,10934,11406
905,2017-06-11,169,10731,10900
905,2017-06-12,1195,11122,12317
905,2017-06-13,1221,11644,12865
905,2017-06-14,1010,11817,12827
905,2017-06-15,1044,11765,12809
905,2017-06-16,1109,12698,13807
905,2017-06-17,499,11761,12260
905,2017-06-18,200,10299,10499
905,2017-06-19,988,11225,12213
905,2017-06-20,1092,11778,12870
905,2017-06-21,1056,11764,12820
905,2017-06-24,448,10687,11135
905,2017-06-25,201,9157,9358
905,2017-06-26,1153,11526,12679
905,2017-06-27,1053,12305,13358
905,2017-06-28,1082,12097,13179
905,2017-06-29,1180,12145,13325
905,2017-06-30,988,12572,13560
905,2017-07-01,498,11713,12211
905,2017-07-02,209,10020,10229
905,2017-07-03,969,11083,12052
905,2017-07-04,1151,12069,13220
905,2017-07-05,1123,12096,13219
905,2017-07-06,1120,12135,13255
905,2017-07-07,1203,12073,13276
905,2017-07-08,443,11603,12046
905,2017-07-09,161,10354,10515
905,2017-07-10,1054,11406,12460
905,2017-07-11,1099,11914,13013
905,2017-07-12,1018,11563,12581
905,2017-07-13,955,12366,13321
905,2017-07-14,1060,12968,14028
905,2017-07-15,472,12199,12671
905,2017-07-16,184,10479,10663
905,2017-07-17,945,11810,12755
905,2017-07-18,1053,12266,13319
905,2017-07-19,996,12018,13014
905,2017-07-20,1094,12290,13384
905,2017-07-21,906,12820,13726
905,2017-07-22,456,11461,11917
905,2017-07-23,195,9965,10160
905,2017-07-24,1067,11564,12631
905,2017-07-25,1031,11670,12701
905,2017-07-26,956,11769,12725
905,2017-07-27,916,12323,13239
905,2017-07-28,721,12151,12872
905,2017-07-29,392,10374,10766
905,2017-07-30,211,9559,9770
905,2017-07-31,682,10497,11179
905,2017-08-01,678,10629,11307
905,2017-08-02,670,11218,11888
905,2017-08-03,660,10844,11504
905,2017-08-04,678,11044,11722
905,2017-08-05,362,9437,9799
905,2017-08-06,177,9054,9231
905,2017-08-07,678,10459,11137
905,2017-08-08,655,10248,10903
905,2017-08-09,644,10300,10944
905,2017-08-10,687,10525,11212
905,2017-08-11,685,10617,11302
905,2017-08-12,381,8509,8890
905,2017-08-13,177,8103,8280
905,2017-08-14,563,9676,10239
905,2017-08-15,156,6935,7091
905,2017-08-16,693,10481,11174
905,2017-08-17,677,10245,10922
905,2017-08-18,684,10580,11264
905,2017-08-21,832,10487,11319
905,2017-08-22,838,11274,12112
905,2017-08-23,838,10758,11596
905,2017-08-24,851,10956,11807
905,2017-08-25,861,11510,12371
905,2017-08-26,374,9949,10323
905,2017-08-27,166,8749,8915
905,2017-08-28,960,11206,12166
905,2017-08-29,927,12110,13037
905,2017-08-30,972,11712,12684
905,2017-08-31,1033,12213,13246
905,2017-09-01,971,11808,12779
905,2017-09-02,374,9902,10276
905,2017-09-03,157,8595,8752
905,2017-09-04,1003,11816,12819
905,2017-09-05,967,11865,12832
905,2017-09-06,982,12070,13052
905,2017-09-07,1030,12096,13126
905,2017-09-08,967,12651,13618
905,2017-09-09,441,10224,10665
905,2017-09-10,155,8919,9074
905,2017-09-11,1020,12501,13521
905,2017-09-12,1049,12958,14007
905,2017-09-13,926,12612,13538
905,2017-09-14,1019,12691,13710
905,2017-09-15,995,13283,14278
905,2017-09-16,418,10946,11364
905,2017-09-17,194,9987,10181
905,2017-09-18,1073,12203,13276
905,2017-09-19,1060,12467,13527
905,2017-09-20,1106,12147,13253
905,2017-09-21,1083,12468,13551
905,2017-09-22,1049,13265,14314
905,2017-09-23,454,13844,14298
905,2017-09-24,248,10824,11072
905,2017-09-25,1085,12000,13085
905,2017-09-26,1012,12032,13044
905,2017-09-27,1061,12006,13067
905,2017-09-28,1032,12255,13287
905,2017-09-29,1096,12939,14035
905,2017-09-30,399,11332,11731
905,2017-10-01,176,9837,10013
905,2017-10-02,1027,11643,12670
905,2017-10-03,1117,12155,13272
905,2017-10-04,1090,11993,13083
905,2017-10-05,1091,12894,13985
905,2017-10-06,992,13576,14568
905,2017-10-07,391,11193,11584
905,2017-10-08,128,9817,9945
905,2017-10-09,1107,11718,12825
905,2017-10-10,1058,12683,13741
905,2017-10-11,1089,12625,13714
905,2017-10-12,1133,12981,14114
905,2017-10-13,1125,13740,14865
905,2017-10-14,412,11908,12320
905,2017-10-15,203,11196,11399
905,2017-10-16,1103,12291,13394
905,2017-10-17,1109,12601,13710
905,2017-10-18,1118,12495,13613
905,2017-10-19,1060,12855,13915
905,2017-10-20,1072,13384,14456
905,2017-10-21,435,11305,11740
905,2017-10-22,118,9319,9437
905,2017-10-23,1068,11881,12949
905,2017-10-24,1090,12714,13804
905,2017-10-25,1090,12143,13233
905,2017-10-26,1033,12855,13888
905,2017-10-27,1094,13281,14375
905,2017-10-28,502,11198,11700
905,2017-10-29,167,9999,10166
905,2017-10-30,1175,12193,13368
905,2017-11-01,173,9285,9458
905,2017-11-02,1118,12137,13255
905,2017-11-03,1063,12613,13676
905,2017-11-04,446,10562,11008
905,2017-11-05,139,8723,8862
905,2017-11-06,1041,11680,12721
905,2017-11-07,1122,12347,13469
905,2017-11-08,1048,12074,13122
905,2017-11-09,1030,12362,13392
905,2017-11-10,1042,12883,13925
905,2017-11-11,386,10919,11305
905,2017-11-12,99,8569,8668
905,2017-11-13,970,11737,12707
905,2017-11-14,1002,12234,13236
905,2017-11-15,963,11845,12808
905,2017-11-16,1100,12089,13189
905,2017-11-17,1138,12809,13947
905,2017-11-18,391,11180,11571
905,2017-11-19,118,10065,10183
905,2017-11-20,1043,11587,12630
905,2017-11-21,1046,11889,12935
905,2017-11-22,1018,12026,13044
905,2017-11-23,1014,12267,13281
905,2017-11-24,994,12913,13907
905,2017-11-25,338,11095,11433
905,2017-11-26,129,9071,9200
905,2017-11-27,946,11667,12613
905,2017-11-28,1002,12088,13090
905,2017-11-29,963,11952,12915
905,2017-11-30,946,12205,13151
905,2017-12-01,910,13166,14076
905,2017-12-02,345,10985,11330
905,2017-12-03,102,8525,8627
905,2017-12-04,996,11983,12979
905,2017-12-05,1058,12355,13413
905,2017-12-06,1007,11900,12907
905,2017-12-07,1059,12412,13471
905,2017-12-08,898,11192,12090
905,2017-12-09,359,11450,11809
905,2017-12-10,103,6710,6813
905,2017-12-11,965,11709,12674
905,2017-12-12,1014,12371,13385
905,2017-12-13,947,11909,12856
905,2017-12-14,999,12625,13624
905,2017-12-15,858,12911,13769
905,2017-12-16,353,10338,10691
905,2017-12-17,116,8913,9029
905,2017-12-18,698,11488,12186
905,2017-12-19,741,11486,12227
905,2017-12-20,733,11417,12150
905,2017-12-21,663,11352,12015
905,2017-12-22,610,11810,12420
905,2017-12-23,344,9323,9667
905,2017-12-24,90,6935,7025
905,2017-12-25,60,6618,6678
905,2017-12-26,91,7009,7100
905,2017-12-27,484,9973,10457
905,2017-12-28,547,10037,10584
905,2017-12-29,453,9538,9991
905,2017-12-30,301,9113,9414
905,2017-12-31,68,6584,6652
908,2017-01-01,39,7226,7265
908,2017-01-02,278,11076,11354
908,2017-01-04,320,13712,14032
908,2017-01-05,318,13839,14157
908,2017-01-06,305,14541,14846
908,2017-01-07,194,10861,11055
908,2017-01-09,386,15697,16083
908,2017-01-10,383,16457,16840
908,2017-01-11,483,15862,16345
908,2017-01-12,490,16574,17064
908,2017-01-14,274,13563,13837
908,2017-01-15,110,9288,9398
908,2017-01-16,496,16933,17429
908,2017-01-17,459,17530,17989
908,2017-01-19,538,17567,18105
908,2017-01-20,575,18030,18605
908,2017-01-21,235,14204,14439
908,2017-01-22,62,9486,9548
908,2017-01-24,442,16959,17401
908,2017-01-25,537,16930,17467
908,2017-01-26,525,17490,18015
908,2017-01-27,553,18025,18578
908,2017-01-29,92,9997,10089
908,2017-01-30,472,16154,16626
908,2017-01-31,615,17344,17959
908,2017-02-01,564,16937,17501
908,2017-02-03,478,18082,18560
908,2017-02-04,266,14373,14639
908,2017-02-05,62,9849,9911
908,2017-02-06,463,16782,17245
908,2017-02-08,579,17243,17822
908,2017-02-09,604,17344,17948
908,2017-02-10,688,17874,18562
908,2017-02-11,284,14100,14384
908,2017-02-13,580,16378,16958
908,2017-02-14,556,20328,20884
908,2017-02-15,719,20036,20755
908,2017-02-16,509,18950,19459
908,2017-02-18,242,13781,14023
908,2017-02-19,82,9568,9650
908,2017-02-20,364,15860,16224
908,2017-02-21,452,16480,16932
908,2017-02-23,544,15650,16194
908,2017-02-24,444,17819,18263
908,2017-02-25,208,13412,13620
908,2017-02-26,85,10292,10377
908,2017-02-28,636,17040,17676
908,2017-03-01,636,16946,17582
908,2017-03-02,646,17130,17776
908,2017-03-03,560,18814,19374
908,2017-03-05,50,10534,10584
908,2017-03-06,523,17291,17814
908,2017-03-07,483,17995,18478
908,2017-03-08,535,17060,17595
908,2017-03-10,448,19206,19654
908,2017-03-11,254,15064,15318
908,2017-03-12,109,12323,12432
908,2017-03-13,520,17200,17720
908,2017-03-15,460,17714,18174
908,2017-03-16,628,17712,18340
908,2017-03-17,629,18182,18811
908,2017-03-18,263,14854,15117
908,2017-03-20,601,16734,17335
908,2017-03-21,720,16456,17176
908,2017-03-22,621,16365,16986
908,2017-03-23,554,17312,17866
908,2017-03-25,332,15560,15892
908,2017-03-27,469,16784,17253
908,2017-03-28,710,17062,17772
908,2017-03-30,714,17679,18393
908,2017-03-31,727,18096,18823
908,2017-04-01,403,15548,15951
908,2017-04-02,134,12851,12985
908,2017-04-04,650,17988,18638
908,2017-04-05,618,17280,17898
908,2017-04-06,340,18012,18352
908,2017-04-07,501,18453,18954
908,2017-04-09,166,11600,11766
908,2017-04-10,494,15272,15766
908,2017-04-11,531,14915,15446
908,2017-04-12,537,15213,15750
908,2017-04-14,646,14699,15345
908,2017-04-15,312,10790,11102
908,2017-04-16,140,7834,7974
908,2017-04-17,147,6805,6952
908,2017-04-19,451,13680,14131
908,2017-04-20,509,14569,15078
908,2017-04-21,436,15389,15825
908,2017-04-22,314,11554,11868
908,2017-04-24,502,15740,16242
908,2017-04-25,602,15486,16088
908,2017-04-26,604,15612,16216
908,2017-04-27,544,16986,17530
908,2017-04-29,308,14955,15263
908,2017-04-30,104,12153,12257
908,2017-05-01,63,9150,9213
908,2017-05-02,511,17322,17833
908,2017-05-04,529,17837,18366
908,2017-05-05,511,17761,18272
908,2017-05-06,268,14294,14562
908,2017-05-07,98,10758,10856
908,2017-05-09,550,17097,17647
908,2017-05-10,556,17705,18261
908,2017-05-11,600,17694,18294
908,2017-05-12,561,17953,18514
908,2017-05-14,214,11132,11346
908,2017-05-15,486,17608,18094
908,2017-05-16,575,18134,18709
908,2017-05-17,356,17958,18314
908,2017-05-19,532,17570,18102
908,2017-05-20,312,13041,13353
908,2017-05-21,123,12029,12152
908,2017-05-22,591,16712,17303
908,2017-05-24,495,19085,19580
908,2017-05-25,119,11542,11661
908,2017-05-26,405,17507,17912
908,2017-05-27,227,13669,13896
908,2017-05-29,638,16816,17454
908,2017-05-30,640,17545,18185
908,2017-05-31,546,18305,18851
908,2017-06-01,576,18608,19184
908,2017-06-03,358,13617,13975
908,2017-06-04,136,9754,9890
908,2017-06-05,151,10056,10207
908,2017-06-06,642,15806,16448
908,2017-06-08,691,17974,18665
908,2017-06-09,664,17162,17826
908,2017-06-10,317,10550,10867
908,2017-06-11,168,9752,9920
908,2017-06-13,532,17461,17993
908,2017-06-14,592,17156,17748
908,2017-06-15,686,17434,18120
908,2017-06-16,620,17873,18493
908,2017-06-18,143,10303,10446
908,2017-06-19,507,15606,16113
908,2017-06-20,518,16868,17386
908,2017-06-21,551,16591,17142
908,2017-06-23,85,7600,7685
908,2017-06-24,182,11531,11713
908,2017-06-25,83,9613,9696
908,2017-06-26,484,15263,15747
908,2017-06-28,484,14636,15120
908,2017-06-29,514,15254,15768
908,2017-06-30,527,16059,16586
908,2017-07-01,198,12708,12906
908,2017-07-03,534,14422,14956
908,2017-07-04,530,15385,15915
908,2017-07-05,603,15435,16038
908,2017-07-06,624,16270,16894
908,2017-07-08,34,1883,1917
908,2017-07-09,188,5135,5323
908,2017-07-10,836,14567,15403
908,2017-07-11,688,16577,17265
908,2017-07-13,451,15701,16152
908,2017-07-14,526,16672,17198
908,2017-07-15,290,12178,12468
908,2017-07-16,109,9073,9182
908,2017-07-21,494,15817,16311
908,2017-07-22,241,11609,11850
908,2017-07-23,86,8322,8408
908,2017-07-24,455,13611,14066
908,2017-07-25,487,13891,14378
908,2017-07-26,438,14653,15091
908,2017-07-27,405,13894,14299
908,2017-07-28,378,13590,13968
908,2017-07-29,184,9312,9496
908,2017-07-30,56,6642,6698
908,2017-07-31,300,11139,11439
908,2017-08-01,304,11128,11432
908,2017-08-02,285,11418,11703
908,2017-08-03,298,11226,11524
908,2017-08-04,346,12171,12517
908,2017-08-05,227,8309,8536
908,2017-08-06,129,6709,6838
908,2017-08-07,308,10442,10750
908,2017-08-08,288,10337,10625
908,2017-08-09,279,10538,10817
908,2017-08-10,311,10538,10849
908,2017-08-11,290,10770,11060
908,2017-08-12,162,7289,7451
908,2017-08-13,60,5968,6028
908,2017-08-14,258,9551,9809
908,2017-08-15,56,5512,5568
908,2017-08-16,286,10197,10483
908,2017-08-17,302,10424,10726
908,2017-08-18,302,10585,10887
908,2017-08-19,159,7756,7915
908,2017-08-20,54,6394,6448
908,2017-08-21,280,9901,10181
908,2017-08-22,300,9735,10035
908,2017-08-23,271,9518,9789
908,2017-08-24,280,9357,9637
908,2017-08-25,238,9695,9933
908,2017-08-26,133,6934,7067
908,2017-08-27,54,5588,5642
908,2017-08-28,303,9837,10140
908,2017-08-29,317,10188,10505
908,2017-08-30,356,9872,10228
908,2017-08-31,379,10498,10877
908,2017-09-01,329,10449,10778
908,2017-09-02,176,7295,7471
908,2017-09-03,43,5561,5604
908,2017-09-04,341,9689,10030
908,2017-09-05,289,10188,10477
908,2017-09-06,324,10180,10504
908,2017-09-07,339,10833,11172
908,2017-09-08,332,10922,11254
908,2017-09-09,179,9554,9733
908,2017-09-10,41,6746,6787
908,2017-09-11,514,14126,14640
908,2017-09-12,416,13036,13452
908,2017-09-13,304,11539,11843
908,2017-09-14,345,11696,12041
908,2017-09-15,481,12785,13266
908,2017-09-16,196,9914,10110
908,2017-09-17,45,6919,6964
908,2017-09-18,506,13237,13743
908,2017-09-19,527,13141,13668
908,2017-09-20,508,12692,13200
908,2017-09-21,511,13692,14203
908,2017-09-22,547,13536,14083
908,2017-09-23,345,10683,11028
908,2017-09-24,60,7827,7887
908,2017-09-25,365,12058,12423
908,2017-09-26,359,11970,12329
908,2017-09-27,347,11658,12005
908,2017-09-28,326,11707,12033
908,2017-09-29,332,12804,13136
908,2017-09-30,201,13396,13597
908,2017-10-01,77,9653,9730
908,2017-10-02,488,12292,12780
908,2017-10-03,468,13023,13491
908,2017-10-04,537,12818,13355
908,2017-10-05,522,13541,14063
908,2017-10-06,617,14172,14789
908,2017-10-07,206,11537,11743
908,2017-10-08,49,7801,7850
908,2017-10-09,508,12533,13041
908,2017-10-10,532,13405,13937
908,2017-10-11,572,13178,13750
908,2017-10-12,602,13500,14102
908,2017-10-13,664,15266,15930
908,2017-10-14,736,18913,19649
908,2017-10-15,168,14090,14258
908,2017-10-16,621,14136,14757
908,2017-10-17,578,13643,14221
908,2017-10-18,609,14281,14890
908,2017-10-19,564,14049,14613
908,2017-10-20,557,14386,14943
908,2017-10-21,227,10810,11037
908,2017-10-22,49,7585,7634
908,2017-10-23,567,13339,13906
908,2017-10-24,587,13896,14483
908,2017-10-25,546,13769,14315
908,2017-10-26,553,14238,14791
908,2017-10-27,537,14687,15224
908,2017-10-28,256,11273,11529
908,2017-10-29,37,7404,7441
908,2017-10-30,543,13738,14281
908,2017-11-01,56,7908,7964
908,2017-11-02,543,12981,13524
908,2017-11-03,519,12982,13501
908,2017-11-04,174,9080,9254
908,2017-11-05,34,6226,6260
908,2017-11-06,631,13592,14223
908,2017-11-07,620,13923,14543
908,2017-11-08,586,13689,14275
908,2017-11-09,515,13686,14201
908,2017-11-10,508,13853,14361
908,2017-11-11,194,10427,10621
908,2017-11-12,39,6583,6622
908,2017-11-13,634,12816,13450
908,2017-11-14,608,13691,14299
908,2017-11-15,551,13200,13751
908,2017-11-16,547,13542,14089
908,2017-11-17,539,13944,14483
908,2017-11-18,233,10736,10969
908,2017-11-19,49,7237,7286
908,2017-11-20,564,12895,13459
908,2017-11-21,511,14054,14565
908,2017-11-22,585,15151,15736
908,2017-11-23,569,14469,15038
908,2017-11-24,516,15003,15519
908,2017-11-25,236,12164,12400
908,2017-11-26,41,7929,7970
908,2017-11-27,481,13768,14249
908,2017-11-28,513,14213,14726
908,2017-11-29,565,13967,14532
908,2017-11-30,555,14387,14942
908,2017-12-01,621,14635,15256
908,2017-12-02,255,11366,11621
908,2017-12-03,44,7228,7272
908,2017-12-04,671,13802,14473
908,2017-12-05,726,15484,16210
908,2017-12-06,776,14974,15750
908,2017-12-07,811,15121,15932
908,2017-12-08,573,15206,15779
908,2017-12-09,258,11482,11740
908,2017-12-10,54,6324,6378
908,2017-12-11,464,13473,13937
908,2017-12-12,663,14302,14965
908,2017-12-13,550,13687,14237
908,2017-12-14,589,14944,15533
908,2017-12-15,513,14772,15285
908,2017-12-16,220,10843,11063
908,2017-12-17,47,7200,7247
908,2017-12-18,434,12841,13275
908,2017-12-19,474,13481,13955
908,2017-12-20,429,13521,13950
908,2017-12-21,442,13860,14302
908,2017-12-22,409,14401,14810
908,2017-12-23,191,11213,11404
908,2017-12-24,40,7681,7721
908,2017-12-25,30,5510,5540
908,2017-12-26,40,5055,5095
908,2017-12-27,336,10867,11203
908,2017-12-28,383,11204,11587
908,2017-12-29,321,10247,10568
908,2017-12-30,181,10452,10633
908,2017-12-31,37,7176,7213
909,2017-01-01,20,6272,6292
909,2017-01-02,108,10200,10308
909,2017-01-04,159,12174,12333
909,2017-01-05,133,12337,12470
909,2017-01-06,130,12982,13112
909,2017-01-07,101,10077,10178
909,2017-01-09,164,13053,13217
909,2017-01-10,167,13709,13876
909,2017-01-11,161,13402,13563
909,2017-01-12,162,13326,13488
909,2017-01-14,146,11288,11434
909,2017-01-15,50,7774,7824
909,2017-01-16,288,12955,13243
909,2017-01-17,298,13743,14041
909,2017-01-19,250,14651,14901
909,2017-01-20,307,14629,14936
909,2017-01-21,147,11167,11314
909,2017-01-22,50,8194,8244
909,2017-01-24,236,13453,13689
909,2017-01-25,261,13736,13997
909,2017-01-26,223,14076,14299
909,2017-01-27,245,15091,15336
909,2017-01-29,44,8440,8484
909,2017-01-30,238,13854,14092
909,2017-01-31,303,14311,14614
909,2017-02-01,227,14034,14261
909,2017-02-03,255,14892,15147
909,2017-02-04,132,12030,12162
909,2017-02-05,34,8277,8311
909,2017-02-06,345,13905,14250
909,2017-02-08,296,13877,14173
909,2017-02-09,288,14080,14368
909,2017-02-10,264,14832,15096
909,2017-02-11,136,12003,12139
909,2017-02-13,269,13692,13961
909,2017-02-14,352,14558,14910
909,2017-02-15,338,15049,15387
909,2017-02-16,273,14296,14569
909,2017-02-18,154,11733,11887
909,2017-02-19,42,8617,8659
909,2017-02-20,243,12911,13154
909,2017-02-21,257,13245,13502
909,2017-02-23,310,13479,13789
909,2017-02-24,333,15194,15527
909,2017-02-25,132,11854,11986
909,2017-02-26,62,8783,8845
909,2017-02-28,229,14057,14286
909,2017-03-01,277,14325,14602
909,2017-03-02,296,14566,14862
909,2017-03-03,337,15515,15852
909,2017-03-05,39,8659,8698
909,2017-03-06,324,13716,14040
909,2017-03-07,352,13908,14260
909,2017-03-08,222,14324,14546
909,2017-03-10,319,15126,15445
909,2017-03-11,151,13338,13489
909,2017-03-12,96,11935,12031
909,2017-03-13,349,14251,14600
909,2017-03-15,373,14359,14732
909,2017-03-16,302,14830,15132
909,2017-03-17,416,15302,15718
909,2017-03-18,141,12819,12960
909,2017-03-20,339,13812,14151
909,2017-03-21,314,13977,14291
909,2017-03-22,279,14197,14476
909,2017-03-23,286,14823,15109
909,2017-03-25,192,13576,13768
909,2017-03-27,265,14545,14810
909,2017-03-28,305,14830,15135
909,2017-03-30,262,15250,15512
909,2017-03-31,289,16055,16344
909,2017-04-01,146,13189,13335
909,2017-04-02,41,10173,10214
909,2017-04-04,279,14696,14975
909,2017-04-05,268,14954,15222
909,2017-04-06,229,14519,14748
909,2017-04-07,224,15666,15890
909,2017-04-09,21,9643,9664
909,2017-04-10,188,13712,13900
909,2017-04-11,122,14311,14433
909,2017-04-12,217,14666,14883
909,2017-04-14,173,15716,15889
909,2017-04-15,56,12041,12097
909,2017-04-16,34,8389,8423
909,2017-04-17,42,7782,7824
909,2017-04-19,104,12825,12929
909,2017-04-20,121,13349,13470
909,2017-04-21,100,13750,13850
909,2017-04-22,51,11761,11812
909,2017-04-24,98,11562,11660
909,2017-04-25,118,12550,12668
909,2017-04-26,106,11519,11625
909,2017-04-27,140,13160,13300
909,2017-04-29,35,11248,11283
909,2017-04-30,7,9145,9152
909,2017-05-01,10,7068,7078
909,2017-05-02,109,14012,14121
909,2017-05-04,64,14282,14346
909,2017-05-05,72,14128,14200
909,2017-05-06,20,9126,9146
909,2017-05-07,16,7442,7458
909,2017-05-09,68,11932,12000
909,2017-05-10,66,9845,9911
909,2017-05-11,41,7791,7832
909,2017-05-12,37,7123,7160
909,2017-05-14,8,6963,6971
909,2017-05-15,51,9189,9240
909,2017-05-16,54,8229,8283
909,2017-05-17,39,7307,7346
909,2017-05-19,92,7362,7454
909,2017-05-20,32,7115,7147
909,2017-05-21,NA,6125,NA
909,2017-05-22,47,7337,7384
909,2017-09-22,82,9160,9242
909,2017-09-23,56,7232,7288
909,2017-09-24,38,5429,5467
909,2017-09-25,76,8413,8489
909,2017-10-02,93,9142,9235
909,2017-10-03,172,9964,10136
909,2017-10-04,200,11360,11560
909,2017-10-05,224,10741,10965
909,2017-10-06,391,11788,12179
909,2017-10-07,134,10682,10816
909,2017-10-08,88,8488,8576
909,2017-10-09,373,12391,12764
909,2017-10-10,337,13350,13687
909,2017-10-12,382,13308,13690
909,2017-10-13,256,14655,14911
909,2017-10-14,125,11257,11382
909,2017-10-15,37,9303,9340
909,2017-10-17,237,13903,14140
909,2017-10-18,216,13079,13295
909,2017-10-19,210,14019,14229
909,2017-10-20,190,13541,13731
909,2017-10-21,104,11831,11935
909,2017-10-22,26,7841,7867
909,2017-10-23,221,12554,12775
909,2017-10-24,146,13551,13697
909,2017-10-25,198,13954,14152
909,2017-10-26,171,14020,14191
909,2017-10-27,218,15432,15650
909,2017-10-28,109,12781,12890
909,2017-10-29,48,9208,9256
909,2017-10-30,231,13539,13770
909,2017-11-01,27,9133,9160
909,2017-11-02,250,13955,14205
909,2017-11-03,301,14521,14822
909,2017-11-04,126,11787,11913
909,2017-11-05,22,7882,7904
909,2017-11-06,221,13208,13429
909,2017-11-07,178,13466,13644
909,2017-11-08,128,11695,11823
909,2017-11-09,231,13927,14158
909,2017-11-11,57,11599,11656
909,2017-11-12,44,8360,8404
909,2017-11-13,559,13387,13946
909,2017-11-14,450,13458,13908
909,2017-11-15,518,13901,14419
909,2017-11-16,420,13497,13917
909,2017-11-17,445,14825,15270
909,2017-11-18,161,11949,12110
909,2017-11-19,74,8753,8827
909,2017-11-20,311,13069,13380
909,2017-11-21,370,13831,14201
909,2017-11-22,445,14270,14715
909,2017-11-23,375,14534,14909
909,2017-11-24,347,15011,15358
909,2017-11-26,56,9211,9267
909,2017-11-27,205,12198,12403
909,2017-11-28,260,14219,14479
909,2017-11-29,262,13658,13920
909,2017-11-30,226,14595,14821
909,2017-12-01,219,14806,15025
909,2017-12-02,121,12211,12332
909,2017-12-03,32,8740,8772
909,2017-12-04,229,13371,13600
909,2017-12-05,224,14392,14616
909,2017-12-06,271,14385,14656
909,2017-12-07,255,13798,14053
909,2017-12-08,246,14776,15022
909,2017-12-09,100,11971,12071
909,2017-12-10,35,7136,7171
909,2017-12-11,234,13392,13626
909,2017-12-12,216,14503,14719
909,2017-12-13,147,11408,11555
909,2017-12-14,193,14176,14369
909,2017-12-15,144,14680,14824
909,2017-12-16,112,11868,11980
909,2017-12-17,28,8759,8787
909,2017-12-18,171,12632,12803
909,2017-12-19,181,13371,13552
909,2017-12-20,175,13426,13601
909,2017-12-21,174,13957,14131
909,2017-12-22,188,14616,14804
909,2017-12-23,135,11809,11944
909,2017-12-24,34,9146,9180
909,2017-12-25,21,6605,6626
909,2017-12-26,25,6429,6454
909,2017-12-27,138,11127,11265
909,2017-12-28,144,11518,11662
909,2017-12-29,100,10089,10189
909,2017-12-31,56,8810,8866
923,2017-01-01,17,3019,3036
923,2017-01-04,223,5968,6191
923,2017-01-05,229,6324,6553
923,2017-01-06,210,6837,7047
923,2017-01-07,96,4321,4417
923,2017-01-09,264,6943,7207
923,2017-01-10,282,7188,7470
923,2017-01-11,267,7050,7317
923,2017-01-12,344,8008,8352
923,2017-01-14,84,4640,4724
923,2017-01-15,18,4857,4875
923,2017-01-16,268,7458,7726
923,2017-01-17,304,7917,8221
923,2017-01-19,321,8005,8326
923,2017-01-20,286,8285,8571
923,2017-01-21,108,5633,5741
923,2017-01-22,25,5386,5411
923,2017-01-24,293,7438,7731
923,2017-01-25,325,7936,8261
923,2017-01-26,277,8211,8488
923,2017-01-27,282,8444,8726
923,2017-01-29,24,5313,5337
923,2017-01-30,331,7506,7837
923,2017-01-31,383,8104,8487
923,2017-02-01,334,8087,8421
923,2017-02-03,352,8194,8546
923,2017-02-04,174,5548,5722
923,2017-02-05,34,5416,5450
923,2017-02-06,320,7940,8260
923,2017-02-08,379,8111,8490
923,2017-02-09,337,8325,8662
923,2017-02-10,338,8647,8985
923,2017-02-11,94,5342,5436
923,2017-02-13,328,8214,8542
923,2017-02-14,382,8631,9013
923,2017-02-15,393,8526,8919
923,2017-02-16,380,8192,8572
923,2017-02-18,103,5789,5892
923,2017-02-19,29,5801,5830
923,2017-02-20,294,7575,7869
923,2017-02-21,381,7598,7979
923,2017-02-23,367,7729,8096
923,2017-02-24,332,7986,8318
923,2017-02-25,92,5765,5857
923,2017-02-26,31,5307,5338
923,2017-02-28,498,7954,8452
923,2017-03-01,358,7625,7983
923,2017-03-02,331,8454,8785
923,2017-03-03,318,8735,9053
923,2017-03-05,38,5356,5394
923,2017-03-06,480,8116,8596
923,2017-03-07,336,8269,8605
923,2017-03-08,580,8592,9172
923,2017-03-10,356,9088,9444
923,2017-03-11,118,6806,6924
923,2017-03-12,34,6492,6526
923,2017-03-13,350,8486,8836
923,2017-03-15,383,8578,8961
923,2017-03-16,377,9029,9406
923,2017-03-17,361,9093,9454
923,2017-03-18,115,6075,6190
923,2017-03-20,368,8231,8599
923,2017-03-21,380,8591,8971
923,2017-03-22,373,8650,9023
923,2017-03-23,397,8898,9295
923,2017-03-25,136,6922,7058
923,2017-03-27,392,8490,8882
923,2017-03-28,420,8749,9169
923,2017-03-30,408,9406,9814
923,2017-03-31,414,9382,9796
923,2017-04-01,135,6715,6850
923,2017-04-02,33,6647,6680
923,2017-04-04,397,8845,9242
923,2017-04-05,418,8944,9362
923,2017-04-06,403,9197,9600
923,2017-04-07,401,9220,9621
923,2017-04-09,48,7370,7418
923,2017-04-10,356,8275,8631
923,2017-04-11,349,8488,8837
923,2017-04-12,353,8522,8875
923,2017-04-14,368,8886,9254
923,2017-04-15,128,6378,6506
923,2017-04-16,26,5517,5543
923,2017-04-17,35,5789,5824
923,2017-04-19,379,8422,8801
923,2017-04-20,444,8518,8962
923,2017-04-21,474,9176,9650
923,2017-04-22,153,6941,7094
923,2017-04-24,439,8892,9331
923,2017-04-25,404,9238,9642
923,2017-04-26,447,9420,9867
923,2017-04-27,486,9960,10446
923,2017-04-29,146,7354,7500
923,2017-04-30,46,7954,8000
923,2017-05-01,42,6757,6799
923,2017-05-02,404,9494,9898
923,2017-05-04,480,9984,10464
923,2017-05-05,474,10154,10628
923,2017-05-06,146,7418,7564
923,2017-05-07,44,6989,7033
923,2017-05-09,387,9489,9876
923,2017-05-10,411,9727,10138
923,2017-05-11,426,9842,10268
923,2017-05-12,494,10550,11044
923,2017-05-14,50,6654,6704
923,2017-05-15,406,9469,9875
923,2017-05-16,462,9974,10436
923,2017-05-17,453,9769,10222
923,2017-05-19,668,10172,10840
923,2017-05-20,185,7451,7636
923,2017-05-21,63,7171,7234
923,2017-05-22,434,9243,9677
923,2017-05-24,487,12530,13017
923,2017-05-25,167,17351,17518
923,2017-05-26,365,9911,10276
923,2017-05-27,149,8251,8400
923,2017-05-29,458,9530,9988
923,2017-05-30,451,10056,10507
923,2017-05-31,465,9505,9970
923,2017-06-01,418,10027,10445
923,2017-06-03,215,8179,8394
923,2017-06-04,76,7716,7792
923,2017-06-05,125,8372,8497
923,2017-06-06,610,9108,9718
923,2017-06-08,451,9259,9710
923,2017-06-09,582,10120,10702
923,2017-06-10,179,7389,7568
923,2017-06-11,61,7287,7348
923,2017-06-13,487,9660,10147
923,2017-06-14,455,9609,10064
923,2017-06-15,475,9820,10295
923,2017-06-16,460,9793,10253
923,2017-06-18,70,7313,7383
923,2017-06-19,435,8941,9376
923,2017-06-20,470,9596,10066
923,2017-06-21,494,9476,9970
923,2017-06-23,96,6611,6707
923,2017-06-24,177,6828,7005
923,2017-06-25,52,7016,7068
923,2017-06-26,468,9231,9699
923,2017-06-28,576,9566,10142
923,2017-06-29,496,9622,10118
923,2017-06-30,578,10108,10686
923,2017-07-01,146,7296,7442
923,2017-07-03,360,8837,9197
923,2017-07-04,486,9664,10150
923,2017-07-05,450,9775,10225
923,2017-07-06,574,9938,10512
923,2017-07-08,203,8176,8379
923,2017-07-09,76,7839,7915
923,2017-07-10,662,9568,10230
923,2017-07-11,628,9796,10424
923,2017-07-13,434,9812,10246
923,2017-07-14,467,10248,10715
923,2017-07-15,199,7890,8089
923,2017-07-16,72,7604,7676
923,2017-07-17,427,9203,9630
923,2017-07-19,399,9310,9709
923,2017-07-20,420,9874,10294
923,2017-07-21,327,10442,10769
923,2017-07-22,220,7911,8131
923,2017-07-23,112,8196,8308
923,2017-07-24,436,9290,9726
923,2017-07-25,366,9195,9561
923,2017-07-26,364,9342,9706
923,2017-07-27,390,9556,9946
923,2017-07-28,333,9361,9694
923,2017-07-29,182,7763,7945
923,2017-07-30,98,7595,7693
923,2017-07-31,368,8622,8990
923,2017-08-01,358,8596,8954
923,2017-08-02,298,8500,8798
923,2017-08-03,283,8469,8752
923,2017-08-04,310,8589,8899
923,2017-08-05,161,6965,7126
923,2017-08-06,74,7251,7325
923,2017-08-07,293,8191,8484
923,2017-08-08,245,7616,7861
923,2017-08-09,299,7818,8117
923,2017-08-10,358,7886,8244
923,2017-08-11,326,8014,8340
923,2017-08-12,143,6207,6350
923,2017-08-13,66,6680,6746
923,2017-08-14,269,7483,7752
923,2017-08-15,70,5632,5702
923,2017-08-16,278,7782,8060
923,2017-08-18,422,7998,8420
923,2017-08-19,192,6000,6192
923,2017-08-20,57,6578,6635
923,2017-08-21,294,7866,8160
923,2017-08-22,388,8195,8583
923,2017-08-23,328,8137,8465
923,2017-08-25,454,8710,9164
923,2017-08-26,202,6820,7022
923,2017-08-27,58,6542,6600
923,2017-08-28,357,8186,8543
923,2017-08-29,348,8447,8795
923,2017-08-30,373,8217,8590
923,2017-09-01,432,8480,8912
923,2017-09-02,166,5994,6160
923,2017-09-03,50,6171,6221
923,2017-09-04,377,8322,8699
923,2017-09-05,387,8681,9068
923,2017-09-06,380,8549,8929
923,2017-09-08,426,9300,9726
923,2017-09-09,198,6454,6652
923,2017-09-10,50,6799,6849
923,2017-09-11,502,8936,9438
923,2017-09-12,430,8715,9145
923,2017-09-13,378,8581,8959
923,2017-09-15,438,9852,10290
923,2017-09-16,172,6886,7058
923,2017-09-17,58,7018,7076
923,2017-09-18,424,8845,9269
923,2017-09-19,407,9107,9514
923,2017-09-20,434,9103,9537
923,2017-09-28,718,9212,9930
923,2017-09-29,753,9474,10227
923,2017-09-30,247,6549,6796
923,2017-10-01,94,6900,6994
923,2017-10-02,718,8537,9255
923,2017-10-03,824,8843,9667
923,2017-10-04,781,8796,9577
923,2017-10-05,684,8380,9064
923,2017-10-06,670,9221,9891
923,2017-10-07,252,6581,6833
923,2017-10-08,64,6767,6831
923,2017-10-09,734,8377,9111
923,2017-10-10,699,8550,9249
923,2017-10-11,827,8669,9496
923,2017-10-12,776,9068,9844
923,2017-10-13,810,9661,10471
923,2017-10-14,258,7244,7502
923,2017-10-15,117,7638,7755
923,2017-10-16,857,8657,9514
923,2017-10-17,894,8928,9822
923,2017-10-18,942,8993,9935
923,2017-10-19,966,9366,10332
923,2017-10-20,941,9483,10424
923,2017-10-21,258,6840,7098
923,2017-10-22,54,6340,6394
923,2017-10-23,825,8612,9437
923,2017-10-24,908,8858,9766
923,2017-10-25,924,9035,9959
923,2017-10-26,927,9170,10097
923,2017-10-27,918,9681,10599
923,2017-10-28,303,6769,7072
923,2017-10-29,93,6930,7023
923,2017-10-30,836,8426,9262
923,2017-11-01,139,6791,6930
923,2017-11-02,709,8291,9000
923,2017-11-03,693,8567,9260
923,2017-11-04,269,6499,6768
923,2017-11-05,96,6528,6624
923,2017-11-06,839,8315,9154
923,2017-11-07,1071,8537,9608
923,2017-11-08,918,8717,9635
923,2017-11-09,934,8898,9832
923,2017-11-10,867,8526,9393
923,2017-11-11,123,4831,4954
923,2017-11-12,34,5751,5785
923,2017-11-13,781,8246,9027
923,2017-11-14,815,8758,9573
923,2017-11-15,822,8320,9142
923,2017-11-16,822,8590,9412
923,2017-11-17,854,9074,9928
923,2017-11-18,230,6412,6642
923,2017-11-19,69,6406,6475
923,2017-11-20,736,8228,8964
923,2017-11-21,656,8305,8961
923,2017-11-22,713,8589,9302
923,2017-11-23,672,8524,9196
923,2017-11-24,628,8871,9499
923,2017-11-25,201,6293,6494
923,2017-11-26,61,6361,6422
923,2017-11-27,635,7819,8454
923,2017-11-28,674,8418,9092
923,2017-11-29,681,8372,9053
923,2017-11-30,606,8419,9025
923,2017-12-01,606,8685,9291
923,2017-12-02,209,6447,6656
923,2017-12-03,49,5226,5275
923,2017-12-04,646,8166,8812
923,2017-12-05,687,8403,9090
923,2017-12-06,639,8304,8943
923,2017-12-07,723,8354,9077
923,2017-12-08,592,7956,8548
923,2017-12-09,213,5903,6116
923,2017-12-10,60,3673,3733
923,2017-12-11,609,7827,8436
923,2017-12-12,719,8255,8974
923,2017-12-13,597,7577,8174
923,2017-12-14,650,8293,8943
923,2017-12-15,488,8383,8871
923,2017-12-16,192,6230,6422
923,2017-12-17,56,5670,5726
923,2017-12-18,441,7159,7600
923,2017-12-19,527,7720,8247
923,2017-12-20,534,7824,8358
923,2017-12-21,443,7859,8302
923,2017-12-22,421,7859,8280
923,2017-12-23,184,5532,5716
923,2017-12-24,43,4112,4155
923,2017-12-25,21,3615,3636
923,2017-12-26,52,4798,4850
923,2017-12-27,340,6120,6460
923,2017-12-28,409,6029,6438
923,2017-12-29,308,5084,5392
923,2017-12-30,172,5193,5365
923,2017-12-31,28,3980,4008
926,2017-01-01,130,8656,8786
926,2017-01-02,392,13967,14359
926,2017-01-03,469,16015,16484
926,2017-01-04,437,15911,16348
926,2017-01-06,505,17368,17873
926,2017-01-07,377,13074,13451
926,2017-01-08,124,10008,10132
926,2017-01-09,488,17934,18422
926,2017-01-10,525,18441,18966
926,2017-01-11,483,18402,18885
926,2017-01-12,466,19954,20420
926,2017-01-13,500,17939,18439
926,2017-01-14,389,15278,15667
926,2017-01-15,162,10533,10695
926,2017-01-16,528,18093,18621
926,2017-01-17,656,18891,19547
926,2017-01-19,568,18859,19427
926,2017-01-20,602,19574,20176
926,2017-01-21,437,16355,16792
926,2017-01-22,158,11327,11485
926,2017-01-24,553,18575,19128
926,2017-01-25,567,18808,19375
926,2017-01-26,661,19118,19779
926,2017-01-27,620,20040,20660
926,2017-01-29,162,12089,12251
926,2017-01-30,414,19434,19848
926,2017-01-31,559,19311,19870
926,2017-02-01,557,18756,19313
926,2017-02-03,498,21214,21712
926,2017-02-04,284,16520,16804
926,2017-02-05,140,11542,11682
926,2017-02-06,581,18446,19027
926,2017-02-08,585,18885,19470
926,2017-02-09,631,19448,20079
926,2017-02-10,622,19938,20560
926,2017-02-11,360,16051,16411
926,2017-02-13,560,18392,18952
926,2017-02-14,591,19268,19859
926,2017-02-15,585,18486,19071
926,2017-02-16,577,18597,19174
926,2017-02-18,417,15492,15909
926,2017-02-19,158,11651,11809
926,2017-02-20,470,16888,17358
926,2017-02-21,502,17608,18110
926,2017-02-23,527,17236,17763
926,2017-02-24,542,18038,18580
926,2017-02-25,429,15795,16224
926,2017-02-26,135,11864,11999
926,2017-02-28,490,20382,20872
926,2017-03-01,585,18525,19110
926,2017-03-02,619,19248,19867
926,2017-03-03,678,19535,20213
926,2017-03-05,76,12358,12434
926,2017-03-06,565,18587,19152
926,2017-03-07,555,18834,19389
926,2017-03-08,559,18653,19212
926,2017-03-10,619,20005,20624
926,2017-03-11,446,17646,18092
926,2017-03-12,205,13586,13791
926,2017-03-13,623,18615,19238
926,2017-03-15,627,18635,19262
926,2017-03-16,651,19378,20029
926,2017-03-17,656,19860,20516
926,2017-03-18,356,16402,16758
926,2017-03-20,614,18014,18628
926,2017-03-21,616,18808,19424
926,2017-03-22,602,18802,19404
926,2017-03-23,604,19263,19867
926,2017-03-25,455,17969,18424
926,2017-03-27,676,18509,19185
926,2017-03-28,638,19229,19867
926,2017-03-30,610,19603,20213
926,2017-03-31,648,19315,19963
926,2017-04-01,398,17062,17460
926,2017-04-02,193,13030,13223
926,2017-04-04,632,19429,20061
926,2017-04-05,649,19410,20059
926,2017-04-06,693,19486,20179
926,2017-04-07,613,20097,20710
926,2017-04-09,268,13632,13900
926,2017-04-10,868,15804,16672
926,2017-04-11,1049,17775,18824
926,2017-04-12,1173,15720,16893
926,2017-04-14,1240,17614,18854
926,2017-04-15,895,16510,17405
926,2017-04-16,417,11911,12328
926,2017-04-17,280,10016,10296
926,2017-04-19,859,16920,17779
926,2017-04-20,881,17437,18318
926,2017-04-21,950,18019,18969
926,2017-04-22,665,15478,16143
926,2017-04-24,563,18739,19302
926,2017-04-25,640,18757,19397
926,2017-04-26,626,18854,19480
926,2017-04-27,658,19351,20009
926,2017-04-29,471,17381,17852
926,2017-04-30,184,13386,13570
926,2017-05-01,157,10525,10682
926,2017-05-02,662,18591,19253
926,2017-05-04,630,18963,19593
926,2017-05-05,661,19636,20297
926,2017-05-06,427,17159,17586
926,2017-05-07,163,12545,12708
926,2017-05-09,618,19125,19743
926,2017-05-10,619,18735,19354
926,2017-05-11,640,18739,19379
926,2017-05-12,673,19703,20376
926,2017-05-14,235,12699,12934
926,2017-05-15,633,18527,19160
926,2017-05-16,644,19341,19985
926,2017-05-17,581,19269,19850
926,2017-05-19,502,21484,21986
926,2017-05-20,419,17321,17740
926,2017-05-21,206,13462,13668
926,2017-05-22,625,18738,19363
926,2017-05-24,747,20171,20918
926,2017-05-25,168,12068,12236
926,2017-05-26,623,19047,19670
926,2017-05-27,496,16886,17382
926,2017-05-29,602,19155,19757
926,2017-05-30,674,19682,20356
926,2017-05-31,622,19525,20147
926,2017-06-01,639,18960,19599
926,2017-06-03,530,17179,17709
926,2017-06-04,269,12417,12686
926,2017-06-05,221,11554,11775
926,2017-06-06,504,18080,18584
926,2017-06-08,663,18349,19012
926,2017-06-09,620,18388,19008
926,2017-06-10,522,16590,17112
926,2017-06-11,256,12931,13187
926,2017-06-13,644,18172,18816
926,2017-06-14,646,18585,19231
926,2017-06-15,631,18877,19508
926,2017-06-16,651,20031,20682
926,2017-06-18,169,13520,13689
926,2017-06-19,756,18532,19288
926,2017-06-20,681,19040,19721
926,2017-06-21,656,19055,19711
926,2017-06-23,171,11786,11957
926,2017-06-24,418,16888,17306
926,2017-06-25,202,13444,13646
926,2017-06-26,565,18472,19037
926,2017-06-28,512,19352,19864
926,2017-06-29,520,20092,20612
926,2017-06-30,619,18602,19221
926,2017-07-01,394,16328,16722
926,2017-07-03,542,15612,16154
926,2017-07-04,626,19054,19680
926,2017-07-05,675,19534,20209
926,2017-07-06,661,16769,17430
926,2017-07-08,619,18565,19184
926,2017-07-09,162,13634,13796
926,2017-07-10,741,18387,19128
926,2017-07-11,585,18423,19008
926,2017-07-13,625,19749,20374
926,2017-07-14,795,19804,20599
926,2017-07-15,703,17953,18656
926,2017-07-16,180,13408,13588
926,2017-07-18,593,18492,19085
926,2017-07-19,605,18511,19116
926,2017-07-20,648,19255,19903
926,2017-07-21,615,19370,19985
926,2017-07-22,521,15644,16165
926,2017-07-23,247,11318,11565
926,2017-07-24,554,17280,17834
926,2017-07-25,659,18545,19204
926,2017-07-26,588,18147,18735
926,2017-07-27,569,17828,18397
926,2017-07-28,641,18015,18656
926,2017-07-29,472,15015,15487
926,2017-07-30,226,11644,11870
926,2017-07-31,560,15983,16543
926,2017-08-01,432,16402,16834
926,2017-08-02,589,15714,16303
926,2017-08-03,582,16721,17303
926,2017-08-04,605,16032,16637
926,2017-08-05,397,12152,12549
926,2017-08-06,132,9674,9806
926,2017-08-07,485,14797,15282
926,2017-08-08,461,14710,15171
926,2017-08-09,501,14936,15437
926,2017-08-10,533,14945,15478
926,2017-08-11,490,14846,15336
926,2017-08-12,369,11478,11847
926,2017-08-13,134,9390,9524
926,2017-08-14,528,13887,14415
926,2017-08-15,114,7919,8033
926,2017-08-16,539,15100,15639
926,2017-08-18,508,14902,15410
926,2017-08-19,377,12623,13000
926,2017-08-20,171,10168,10339
926,2017-08-21,529,16294,16823
926,2017-08-22,558,16994,17552
926,2017-08-23,525,16211,16736
926,2017-08-25,540,17416,17956
926,2017-08-26,395,13770,14165
926,2017-08-27,169,11180,11349
926,2017-08-28,519,17239,17758
926,2017-08-29,538,17876,18414
926,2017-08-30,466,18530,18996
926,2017-09-01,596,17826,18422
926,2017-09-02,487,15508,15995
926,2017-09-03,196,12253,12449
926,2017-09-04,585,17042,17627
926,2017-09-05,581,17698,18279
926,2017-09-06,535,17520,18055
926,2017-09-08,610,18428,19038
926,2017-09-09,416,16201,16617
926,2017-09-10,192,12567,12759
926,2017-09-11,586,17126,17712
926,2017-09-12,607,18491,19098
926,2017-09-13,473,17943,18416
926,2017-09-15,533,19066,19599
926,2017-09-16,364,16900,17264
926,2017-09-17,150,12306,12456
926,2017-09-18,570,18213,18783
926,2017-09-19,635,18800,19435
926,2017-09-20,804,18060,18864
926,2017-09-21,686,18453,19139
926,2017-09-22,760,19200,19960
926,2017-09-23,626,17155,17781
926,2017-09-24,308,12927,13235
926,2017-09-25,773,18055,18828
926,2017-09-26,836,18475,19311
926,2017-09-27,843,18389,19232
926,2017-09-29,776,19413,20189
926,2017-09-30,452,17534,17986
926,2017-10-01,206,13600,13806
926,2017-10-02,596,17990,18586
926,2017-10-03,545,18831,19376
926,2017-10-04,695,18293,18988
926,2017-10-05,607,18543,19150
926,2017-10-06,656,19365,20021
926,2017-10-07,520,16863,17383
926,2017-10-08,184,12453,12637
926,2017-10-09,679,18546,19225
926,2017-10-10,574,18518,19092
926,2017-10-11,745,18743,19488
926,2017-10-13,687,19613,20300
926,2017-10-14,441,17993,18434
926,2017-10-15,178,14585,14763
926,2017-10-16,698,18301,18999
926,2017-10-17,563,18952,19515
926,2017-10-18,692,18646,19338
926,2017-10-19,714,18515,19229
926,2017-10-20,674,19228,19902
926,2017-10-21,383,16999,17382
926,2017-10-22,152,12281,12433
926,2017-10-23,612,17991,18603
926,2017-10-24,589,18523,19112
926,2017-10-25,641,18900,19541
926,2017-10-27,676,19927,20603
926,2017-10-28,442,17500,17942
926,2017-10-29,171,12686,12857
926,2017-10-30,618,17889,18507
926,2017-10-31,677,19113,19790
926,2017-11-01,182,12932,13114
926,2017-11-03,678,19023,19701
926,2017-11-04,429,16098,16527
926,2017-11-05,153,11519,11672
926,2017-11-06,605,18152,18757
926,2017-11-07,676,18363,19039
926,2017-11-08,516,17593,18109
926,2017-11-10,609,19158,19767
926,2017-11-11,378,16650,17028
926,2017-11-12,137,10813,10950
926,2017-11-13,623,17973,18596
926,2017-11-14,663,18452,19115
926,2017-11-15,638,18623,19261
926,2017-11-16,609,18546,19155
926,2017-11-17,640,19475,20115
926,2017-11-18,413,17186,17599
926,2017-11-19,205,14098,14303
926,2017-11-20,585,17682,18267
926,2017-11-21,546,18124,18670
926,2017-11-22,565,18744,19309
926,2017-11-24,470,20238,20708
926,2017-11-25,380,17306,17686
926,2017-11-26,177,12870,13047
926,2017-11-27,561,17586,18147
926,2017-11-28,568,19232,19800
926,2017-11-29,548,18443,18991
926,2017-11-30,663,18763,19426
926,2017-12-01,589,19151,19740
926,2017-12-02,427,15293,15720
926,2017-12-03,154,12174,12328
926,2017-12-04,576,17468,18044
926,2017-12-05,614,18662,19276
926,2017-12-06,631,18178,18809
926,2017-12-07,530,19022,19552
926,2017-12-08,606,19074,19680
926,2017-12-09,386,16507,16893
926,2017-12-10,80,10550,10630
926,2017-12-11,444,18342,18786
926,2017-12-12,553,19150,19703
926,2017-12-13,422,17824,18246
926,2017-12-14,458,18618,19076
926,2017-12-15,394,19244,19638
926,2017-12-16,375,16189,16564
926,2017-12-17,148,12105,12253
926,2017-12-18,442,16961,17403
926,2017-12-19,499,17952,18451
926,2017-12-20,449,17774,18223
926,2017-12-21,425,18228,18653
926,2017-12-22,542,18327,18869
926,2017-12-23,363,15557,15920
926,2017-12-24,140,11853,11993
926,2017-12-25,92,8464,8556
926,2017-12-26,66,9184,9250
926,2017-12-27,280,15244,15524
926,2017-12-29,290,14700,14990
926,2017-12-30,240,13910,14150
926,2017-12-31,189,11044,11233
927,2017-01-01,4,3369,3373
927,2017-01-02,139,5852,5991
927,2017-01-03,161,7351,7512
927,2017-01-04,158,7355,7513
927,2017-01-05,156,7754,7910
927,2017-01-06,199,8232,8431
927,2017-01-07,59,5255,5314
927,2017-01-08,11,4022,4033
927,2017-01-09,255,9610,9865
927,2017-01-10,221,10150,10371
927,2017-01-11,246,9966,10212
927,2017-01-12,272,10882,11154
927,2017-01-13,282,10436,10718
927,2017-01-14,54,6071,6125
927,2017-01-15,9,4370,4379
927,2017-01-16,366,10243,10609
927,2017-01-17,323,10888,11211
927,2017-01-18,354,10933,11287
927,2017-01-19,337,11380,11717
927,2017-01-20,359,11244,11603
927,2017-01-21,87,6553,6640
927,2017-01-22,18,4316,4334
927,2017-01-23,355,10628,10983
927,2017-01-24,359,10508,10867
927,2017-01-25,342,9029,9371
927,2017-01-26,354,11188,11542
927,2017-01-27,325,10851,11176
927,2017-01-28,91,6262,6353
927,2017-01-29,24,4526,4550
927,2017-01-30,397,11167,11564
927,2017-01-31,429,11271,11700
927,2017-02-01,445,11154,11599
927,2017-02-02,411,11570,11981
927,2017-02-03,451,11494,11945
927,2017-02-04,98,7088,7186
927,2017-02-05,17,4467,4484
927,2017-02-06,413,11181,11594
927,2017-02-07,403,11134,11537
927,2017-02-08,436,10905,11341
927,2017-02-09,423,11520,11943
927,2017-02-10,452,11556,12008
927,2017-02-11,76,6618,6694
927,2017-02-12,22,4780,4802
927,2017-02-13,433,11079,11512
927,2017-02-14,444,11722,12166
927,2017-02-15,462,11343,11805
927,2017-02-16,408,11357,11765
927,2017-02-17,531,11374,11905
927,2017-02-18,170,6140,6310
927,2017-02-19,22,4219,4241
927,2017-02-20,388,9206,9594
927,2017-02-21,468,10285,10753
927,2017-02-22,409,9552,9961
927,2017-02-23,388,9916,10304
927,2017-02-24,424,10660,11084
927,2017-02-25,119,6117,6236
927,2017-02-26,26,4546,4572
927,2017-02-27,472,10701,11173
927,2017-02-28,430,11236,11666
927,2017-03-01,502,11414,11916
927,2017-03-02,440,11603,12043
927,2017-03-03,462,11669,12131
927,2017-03-04,124,7286,7410
927,2017-03-05,33,4483,4516
927,2017-03-06,445,11028,11473
927,2017-03-07,501,12279,12780
927,2017-03-08,466,11491,11957
927,2017-03-09,393,11944,12337
927,2017-03-10,465,12494,12959
927,2017-03-11,127,7424,7551
927,2017-03-12,35,5241,5276
927,2017-03-13,499,11453,11952
927,2017-03-14,492,11651,12143
927,2017-03-15,456,11682,12138
927,2017-03-16,483,12283,12766
927,2017-03-17,521,12285,12806
927,2017-03-18,108,7008,7116
927,2017-03-19,67,3826,3893
927,2017-03-20,298,8679,8977
927,2017-03-21,455,10891,11346
927,2017-03-22,484,11150,11634
927,2017-03-23,486,12532,13018
927,2017-03-24,491,12111,12602
927,2017-03-25,184,7798,7982
927,2017-03-27,544,11387,11931
927,2017-03-28,606,12236,12842
927,2017-03-29,568,11693,12261
927,2017-03-30,503,12778,13281
927,2017-03-31,508,12515,13023
927,2017-04-01,161,8883,9044
927,2017-04-02,51,6365,6416
927,2017-04-03,503,11549,12052
927,2017-04-04,563,12407,12970
927,2017-04-05,554,11726,12280
927,2017-04-06,520,11318,11838
927,2017-04-07,550,11788,12338
927,2017-04-08,143,7112,7255
927,2017-04-09,42,5178,5220
927,2017-04-10,435,8266,8701
927,2017-04-11,487,8700,9187
927,2017-04-12,489,9645,10134
927,2017-04-13,413,9889,10302
927,2017-04-14,386,9896,10282
927,2017-04-15,96,5642,5738
927,2017-04-16,14,4132,4146
927,2017-04-17,17,3377,3394
927,2017-04-18,424,9310,9734
927,2017-04-19,465,8891,9356
927,2017-04-20,496,9792,10288
927,2017-04-21,549,9911,10460
927,2017-04-22,209,6768,6977
927,2017-04-23,46,5019,5065
927,2017-04-24,556,11117,11673
927,2017-04-25,524,12004,12528
927,2017-04-26,641,11733,12374
927,2017-04-27,627,12395,13022
927,2017-04-28,644,12161,12805
927,2017-04-29,161,7450,7611
927,2017-04-30,22,5387,5409
927,2017-05-01,18,4193,4211
927,2017-05-02,567,11797,12364
927,2017-05-03,550,11906,12456
927,2017-05-04,631,12569,13200
927,2017-05-05,546,12614,13160
927,2017-05-06,208,7338,7546
927,2017-05-07,16,5006,5022
927,2017-05-08,558,11111,11669
927,2017-05-09,604,12043,12647
927,2017-05-10,659,12088,12747
927,2017-05-11,544,12087,12631
927,2017-05-12,609,12228,12837
927,2017-05-13,247,8228,8475
927,2017-05-14,40,5455,5495
927,2017-05-15,582,10280,10862
927,2017-05-16,588,9959,10547
927,2017-05-17,614,11012,11626
927,2017-05-18,572,11743,12315
927,2017-05-19,542,11854,12396
927,2017-05-20,193,8179,8372
927,2017-05-21,60,6809,6869
927,2017-05-22,506,11322,11828
927,2017-05-23,584,11797,12381
927,2017-05-24,661,12919,13580
927,2017-05-25,52,5694,5746
927,2017-05-26,309,9473,9782
927,2017-05-27,93,7104,7197
927,2017-05-28,28,5928,5956
927,2017-05-29,476,11498,11974
927,2017-05-30,573,12382,12955
927,2017-05-31,570,12134,12704
927,2017-06-01,514,13495,14009
927,2017-06-02,621,12631,13252
927,2017-06-03,134,6681,6815
927,2017-06-04,21,4766,4787
927,2017-06-05,40,4509,4549
927,2017-06-06,528,10675,11203
927,2017-06-07,556,10567,11123
927,2017-06-08,560,10854,11414
927,2017-06-09,552,11034,11586
927,2017-06-10,202,7887,8089
927,2017-06-11,24,6525,6549
927,2017-06-12,678,11670,12348
927,2017-06-13,525,12125,12650
927,2017-06-14,525,12212,12737
927,2017-06-15,506,12690,13196
927,2017-06-16,552,12794,13346
927,2017-06-17,231,8193,8424
927,2017-06-18,39,6440,6479
927,2017-06-19,530,11464,11994
927,2017-06-20,599,12683,13282
927,2017-06-21,614,12246,12860
927,2017-06-22,608,12403,13011
927,2017-06-23,55,4730,4785
927,2017-06-24,132,6661,6793
927,2017-06-25,45,5158,5203
927,2017-06-26,529,11528,12057
927,2017-06-27,602,13802,14404
927,2017-06-28,620,13264,13884
927,2017-06-29,488,11989,12477
927,2017-06-30,537,12362,12899
927,2017-07-01,173,7321,7494
927,2017-07-02,36,5064,5100
927,2017-07-03,459,11544,12003
927,2017-07-04,528,12186,12714
927,2017-07-05,670,12129,12799
927,2017-07-06,656,12848,13504
927,2017-07-07,619,13197,13816
927,2017-07-08,138,8165,8303
927,2017-07-09,58,5746,5804
927,2017-07-10,661,11206,11867
927,2017-07-11,802,13760,14562
927,2017-07-12,602,11848,12450
927,2017-07-13,619,12945,13564
927,2017-07-14,684,12666,13350
927,2017-07-15,184,8244,8428
927,2017-07-16,44,5813,5857
927,2017-07-17,642,10937,11579
927,2017-07-18,624,11263,11887
927,2017-07-19,701,11045,11746
927,2017-07-20,629,11538,12167
927,2017-07-21,658,12626,13284
927,2017-07-22,240,7648,7888
927,2017-07-23,115,5592,5707
927,2017-07-24,466,10086,10552
927,2017-07-25,496,10331,10827
927,2017-07-26,554,10654,11208
927,2017-07-27,431,10448,10879
927,2017-07-28,260,9893,10153
927,2017-07-29,116,6133,6249
927,2017-07-30,48,4641,4689
927,2017-07-31,285,8290,8575
927,2017-08-01,203,8187,8390
927,2017-08-02,232,8476,8708
927,2017-08-03,248,8577,8825
927,2017-08-04,249,8592,8841
927,2017-08-05,130,5325,5455
927,2017-08-06,79,4877,4956
927,2017-08-07,290,7869,8159
927,2017-08-08,210,7480,7690
927,2017-08-09,245,7817,8062
927,2017-08-10,275,7942,8217
927,2017-08-11,286,7973,8259
927,2017-08-12,64,4697,4761
927,2017-08-13,24,4267,4291
927,2017-08-14,194,6223,6417
927,2017-08-15,18,3505,3523
927,2017-08-16,223,7207,7430
927,2017-08-17,211,7409,7620
927,2017-08-18,192,7704,7896
927,2017-08-19,63,5418,5481
927,2017-08-20,21,4553,4574
927,2017-08-21,280,7954,8234
927,2017-08-22,288,8932,9220
927,2017-08-23,281,8739,9020
927,2017-08-24,262,8627,8889
927,2017-08-25,267,8936,9203
927,2017-08-26,141,6221,6362
927,2017-08-27,28,5005,5033
927,2017-08-28,359,9212,9571
927,2017-08-29,421,9727,10148
927,2017-08-30,490,10918,11408
927,2017-08-31,453,10177,10630
927,2017-09-01,482,10316,10798
927,2017-09-02,192,6280,6472
927,2017-09-03,29,4882,4911
927,2017-09-04,422,9366,9788
927,2017-09-05,412,10175,10587
927,2017-09-06,486,10172,10658
927,2017-09-07,477,10359,10836
927,2017-09-08,544,10843,11387
927,2017-09-09,208,7520,7728
927,2017-09-10,38,4985,5023
927,2017-09-11,429,13261,13690
927,2017-09-12,518,12276,12794
927,2017-09-13,473,11712,12185
927,2017-09-14,440,11865,12305
927,2017-09-15,535,12316,12851
927,2017-09-16,117,6785,6902
927,2017-09-17,37,4716,4753
927,2017-09-18,493,11266,11759
927,2017-09-19,517,12162,12679
927,2017-09-20,457,11429,11886
927,2017-09-21,564,13182,13746
927,2017-09-22,539,12463,13002
927,2017-09-23,247,7595,7842
927,2017-09-24,133,5497,5630
927,2017-09-25,533,11987,12520
927,2017-09-26,600,12684,13284
927,2017-09-27,611,12689,13300
927,2017-09-28,561,12900,13461
927,2017-09-29,684,13281,13965
927,2017-09-30,233,9234,9467
927,2017-10-01,37,6237,6274
927,2017-10-02,511,11039,11550
927,2017-10-03,458,11947,12405
927,2017-10-04,555,11639,12194
927,2017-10-05,621,12463,13084
927,2017-10-06,561,12531,13092
927,2017-10-07,175,7488,7663
927,2017-10-08,70,5161,5231
927,2017-10-09,537,11373,11910
927,2017-10-10,502,12124,12626
927,2017-10-11,550,11853,12403
927,2017-10-12,575,12596,13171
927,2017-10-13,619,12304,12923
927,2017-10-14,287,8378,8665
927,2017-10-15,101,5951,6052
927,2017-10-16,718,11420,12138
927,2017-10-17,551,12136,12687
927,2017-10-18,498,12464,12962
927,2017-10-19,499,12541,13040
927,2017-10-20,519,12105,12624
927,2017-10-21,127,7199,7326
927,2017-10-22,15,4786,4801
927,2017-10-23,555,11748,12303
927,2017-10-24,467,12547,13014
927,2017-10-25,540,11768,12308
927,2017-10-26,494,12164,12658
927,2017-10-27,529,13469,13998
927,2017-10-28,133,7561,7694
927,2017-10-29,26,4664,4690
927,2017-10-30,547,10824,11371
927,2017-11-01,23,5228,5251
927,2017-11-02,425,10278,10703
927,2017-11-03,458,10191,10649
927,2017-11-04,150,6372,6522
927,2017-11-05,9,4357,4366
927,2017-11-06,473,11067,11540
927,2017-11-07,439,11790,12229
927,2017-11-08,535,12320,12855
927,2017-11-09,561,12004,12565
927,2017-11-10,528,12791,13319
927,2017-11-11,132,7081,7213
927,2017-11-12,21,4176,4197
927,2017-11-13,526,11055,11581
927,2017-11-14,453,11699,12152
927,2017-11-15,463,11291,11754
927,2017-11-16,480,11875,12355
927,2017-11-17,511,11953,12464
927,2017-11-18,155,6974,7129
927,2017-11-19,32,4709,4741
927,2017-11-20,558,11558,12116
927,2017-11-21,497,11208,11705
927,2017-11-22,537,11075,11612
927,2017-11-23,567,11666,12233
927,2017-11-24,549,12391,12940
927,2017-11-25,159,6980,7139
927,2017-11-26,22,4764,4786
927,2017-11-27,486,10979,11465
927,2017-11-28,486,12582,13068
927,2017-11-29,564,11438,12002
927,2017-11-30,479,10637,11116
927,2017-12-01,420,11031,11451
927,2017-12-02,117,6868,6985
927,2017-12-03,15,4371,4386
927,2017-12-04,524,10982,11506
927,2017-12-05,571,11682,12253
927,2017-12-06,562,11193,11755
927,2017-12-07,607,11998,12605
927,2017-12-08,512,12444,12956
927,2017-12-09,132,6574,6706
927,2017-12-10,14,3758,3772
927,2017-12-11,418,11080,11498
927,2017-12-12,440,11187,11627
927,2017-12-13,437,10626,11063
927,2017-12-14,570,12960,13530
927,2017-12-15,399,11638,12037
927,2017-12-16,71,6473,6544
927,2017-12-17,20,4298,4318
927,2017-12-18,243,8818,9061
927,2017-12-19,266,9781,10047
927,2017-12-20,269,9344,9613
927,2017-12-21,244,9710,9954
927,2017-12-22,214,9180,9394
927,2017-12-23,71,5759,5830
927,2017-12-24,13,4413,4426
927,2017-12-25,4,3809,3813
927,2017-12-26,15,3331,3346
927,2017-12-27,118,6700,6818
927,2017-12-28,116,6832,6948
927,2017-12-29,112,6528,6640
927,2017-12-30,45,5596,5641
927,2017-12-31,6,3772,3778
928,2017-01-01,43,4580,4623
928,2017-01-03,175,7656,7831
928,2017-01-04,182,7578,7760
928,2017-01-05,155,8046,8201
928,2017-01-06,173,8398,8571
928,2017-01-08,59,5316,5375
928,2017-01-09,193,9264,9457
928,2017-01-10,188,9471,9659
928,2017-01-11,178,9406,9584
928,2017-01-12,208,9826,10034
928,2017-01-14,168,7396,7564
928,2017-01-15,70,5312,5382
928,2017-01-16,196,9357,9553
928,2017-01-17,213,9684,9897
928,2017-01-19,207,9551,9758
928,2017-01-20,178,10310,10488
928,2017-01-21,172,8011,8183
928,2017-01-22,54,6051,6105
928,2017-01-24,195,9523,9718
928,2017-01-25,195,9510,9705
928,2017-01-26,226,9753,9979
928,2017-01-27,204,10185,10389
928,2017-01-29,72,5680,5752
928,2017-01-30,218,10188,10406
928,2017-01-31,172,9869,10041
928,2017-02-01,188,9988,10176
928,2017-02-03,206,10372,10578
928,2017-02-05,44,6323,6367
928,2017-02-06,213,9777,9990
928,2017-02-08,202,9866,10068
928,2017-02-09,198,10216,10414
928,2017-02-10,204,10541,10745
928,2017-02-11,157,7818,7975
928,2017-02-13,223,9704,9927
928,2017-02-14,207,10389,10596
928,2017-02-15,212,10012,10224
928,2017-02-16,204,10122,10326
928,2017-02-18,181,8094,8275
928,2017-02-19,68,6541,6609
928,2017-02-20,193,8817,9010
928,2017-02-21,178,9316,9494
928,2017-02-23,226,8966,9192
928,2017-02-24,186,9692,9878
928,2017-02-25,171,7953,8124
928,2017-02-26,60,6291,6351
928,2017-02-28,216,10254,10470
928,2017-03-01,200,10002,10202
928,2017-03-02,221,10286,10507
928,2017-03-03,210,10820,11030
928,2017-03-05,52,6622,6674
928,2017-03-06,220,10168,10388
928,2017-03-07,216,10336,10552
928,2017-03-08,204,10188,10392
928,2017-03-10,184,10947,11131
928,2017-03-11,159,9083,9242
928,2017-03-12,70,7233,7303
928,2017-03-13,211,10136,10347
928,2017-03-15,208,10557,10765
928,2017-03-16,246,10676,10922
928,2017-03-17,228,10868,11096
928,2017-03-18,153,8549,8702
928,2017-03-20,198,10170,10368
928,2017-03-21,204,10586,10790
928,2017-03-22,186,10087,10273
928,2017-03-23,224,10623,10847
928,2017-03-25,180,10931,11111
928,2017-03-27,210,10995,11205
928,2017-03-28,240,10755,10995
928,2017-03-30,210,10909,11119
928,2017-03-31,228,11774,12002
928,2017-04-01,181,10565,10746
928,2017-04-02,70,8802,8872
928,2017-04-04,207,10971,11178
928,2017-04-05,223,10973,11196
928,2017-04-06,202,11153,11355
928,2017-04-07,226,11097,11323
928,2017-04-09,73,7466,7539
928,2017-04-10,213,10076,10289
928,2017-04-11,205,10448,10653
928,2017-04-12,187,10342,10529
928,2017-04-14,199,10359,10558
928,2017-04-15,188,8948,9136
928,2017-04-16,64,6614,6678
928,2017-04-17,62,6464,6526
928,2017-04-19,196,9682,9878
928,2017-04-20,221,10064,10285
928,2017-04-21,187,10507,10694
928,2017-04-22,164,8583,8747
928,2017-04-24,229,10450,10679
928,2017-04-25,252,10994,11246
928,2017-04-26,209,10741,10950
928,2017-04-27,214,11089,11303
928,2017-04-29,173,9590,9763
928,2017-04-30,62,7845,7907
928,2017-05-01,61,6251,6312
928,2017-05-02,246,12123,12369
928,2017-05-04,224,11198,11422
928,2017-05-05,233,13038,13271
928,2017-05-06,180,10566,10746
928,2017-05-07,78,8280,8358
928,2017-05-09,224,11848,12072
928,2017-05-10,240,12178,12418
928,2017-05-11,266,12383,12649
928,2017-05-12,232,11814,12046
928,2017-05-14,64,7440,7504
928,2017-05-15,223,11060,11283
928,2017-05-16,278,12225,12503
928,2017-05-17,248,11294,11542
928,2017-05-19,240,11216,11456
928,2017-05-20,181,9222,9403
928,2017-05-21,74,7918,7992
928,2017-05-22,240,10807,11047
928,2017-05-24,240,11279,11519
928,2017-05-25,56,6957,7013
928,2017-05-26,201,10714,10915
928,2017-05-27,180,9130,9310
928,2017-05-29,218,10843,11061
928,2017-05-30,194,11164,11358
928,2017-05-31,224,11243,11467
928,2017-06-01,228,11719,11947
928,2017-06-03,267,9065,9332
928,2017-06-04,114,6954,7068
928,2017-06-05,128,6432,6560
928,2017-06-06,302,9704,10006
928,2017-06-08,323,10549,10872
928,2017-06-09,360,10390,10750
928,2017-06-10,264,10121,10385
928,2017-06-11,128,9092,9220
928,2017-06-13,232,11005,11237
928,2017-06-14,217,11879,12096
928,2017-06-15,234,11080,11314
928,2017-06-16,223,11528,11751
928,2017-06-18,62,8073,8135
928,2017-06-19,241,11225,11466
928,2017-06-20,232,11565,11797
928,2017-06-21,204,11419,11623
928,2017-06-23,62,6907,6969
928,2017-06-24,190,8790,8980
928,2017-06-25,71,7424,7495
928,2017-06-26,216,10420,10636
928,2017-06-28,196,10768,10964
928,2017-06-29,242,10912,11154
928,2017-06-30,220,11318,11538
928,2017-07-01,152,9168,9320
928,2017-07-03,212,10305,10517
928,2017-07-04,209,11033,11242
928,2017-07-05,226,11218,11444
928,2017-07-06,228,11828,12056
928,2017-07-08,418,9726,10144
928,2017-07-09,190,7714,7904
928,2017-07-10,226,10574,10800
928,2017-07-11,194,11304,11498
928,2017-07-13,212,12077,12289
928,2017-07-14,206,11784,11990
928,2017-07-15,221,11460,11681
928,2017-07-16,73,9270,9343
928,2017-07-18,220,10260,10480
928,2017-07-19,208,10181,10389
928,2017-07-20,186,10160,10346
928,2017-07-21,196,10556,10752
928,2017-07-22,198,10756,10954
928,2017-07-23,67,8723,8790
928,2017-07-24,202,9790,9992
928,2017-07-25,204,9814,10018
928,2017-07-26,220,9616,9836
928,2017-07-27,190,9438,9628
928,2017-07-28,190,8989,9179
928,2017-07-29,178,7040,7218
928,2017-07-30,72,5505,5577
928,2017-07-31,180,7606,7786
928,2017-08-01,170,7650,7820
928,2017-08-02,178,7856,8034
928,2017-08-03,192,7776,7968
928,2017-08-04,193,7451,7644
928,2017-08-05,148,5979,6127
928,2017-08-06,72,5380,5452
928,2017-08-07,179,7012,7191
928,2017-08-08,194,6760,6954
928,2017-08-09,187,7019,7206
928,2017-08-10,180,6869,7049
928,2017-08-11,201,6869,7070
928,2017-08-12,189,5386,5575
928,2017-08-13,59,4825,4884
928,2017-08-14,173,6434,6607
928,2017-08-15,60,4474,4534
928,2017-08-16,182,6924,7106
928,2017-08-18,180,7050,7230
928,2017-08-19,164,6002,6166
928,2017-08-20,57,5264,5321
928,2017-08-21,194,7764,7958
928,2017-08-22,234,8382,8616
928,2017-08-23,212,8565,8777
928,2017-08-25,184,8940,9124
928,2017-08-26,184,9160,9344
928,2017-08-27,69,7773,7842
928,2017-08-28,178,9070,9248
928,2017-08-29,199,9890,10089
928,2017-08-30,180,9342,9522
928,2017-09-01,206,9856,10062
928,2017-09-02,240,10572,10812
928,2017-09-03,97,8349,8446
928,2017-09-04,201,9296,9497
928,2017-09-05,201,9694,9895
928,2017-09-06,195,9799,9994
928,2017-09-08,206,10118,10324
928,2017-09-09,170,8472,8642
928,2017-09-10,65,7401,7466
928,2017-09-11,256,9946,10202
928,2017-09-12,222,10430,10652
928,2017-09-13,196,9824,10020
928,2017-09-15,212,11506,11718
928,2017-09-16,188,9410,9598
928,2017-09-17,78,7540,7618
928,2017-09-18,246,11528,11774
928,2017-09-19,246,11375,11621
928,2017-09-20,236,10915,11151
928,2017-09-21,236,11288,11524
928,2017-09-22,242,12606,12848
928,2017-09-23,228,13929,14157
928,2017-09-24,90,11546,11636
928,2017-09-25,235,11007,11242
928,2017-09-26,240,11245,11485
928,2017-09-27,224,11074,11298
928,2017-09-29,251,11717,11968
928,2017-09-30,204,9948,10152
928,2017-10-01,80,8461,8541
928,2017-10-02,246,11772,12018
928,2017-10-03,240,12264,12504
928,2017-10-04,252,10777,11029
928,2017-10-05,270,11986,12256
928,2017-10-06,274,11872,12146
928,2017-10-07,181,9111,9292
928,2017-10-08,68,8110,8178
928,2017-10-09,222,10591,10813
928,2017-10-10,238,11384,11622
928,2017-10-11,222,10871,11093
928,2017-10-13,687,19613,20300
928,2017-10-14,441,17993,18434
928,2017-10-15,178,14585,14763
928,2017-10-16,698,18301,18999
928,2017-10-17,563,18952,19515
928,2017-10-18,692,18646,19338
928,2017-10-19,714,18515,19229
928,2017-10-20,674,19228,19902
928,2017-10-21,383,16999,17382
928,2017-10-22,152,12281,12433
928,2017-10-23,612,17991,18603
928,2017-10-24,589,18523,19112
928,2017-10-25,641,18900,19541
928,2017-10-27,276,12336,12612
928,2017-10-28,278,10916,11194
928,2017-10-29,98,7842,7940
928,2017-10-30,337,10660,10997
928,2017-10-31,336,11285,11621
928,2017-11-01,123,7506,7629
928,2017-11-03,344,10606,10950
928,2017-11-04,303,9171,9474
928,2017-11-05,106,6764,6870
928,2017-11-06,277,10560,10837
928,2017-11-07,307,10919,11226
928,2017-11-08,224,11140,11364
928,2017-11-10,240,11496,11736
928,2017-11-11,198,10626,10824
928,2017-11-12,60,7824,7884
928,2017-11-13,298,10351,10649
928,2017-11-14,246,10504,10750
928,2017-11-15,275,10347,10622
928,2017-11-16,253,10840,11093
928,2017-11-17,241,10993,11234
928,2017-11-18,212,9782,9994
928,2017-11-19,72,6922,6994
928,2017-11-20,238,10102,10340
928,2017-11-21,220,10596,10816
928,2017-11-22,252,10220,10472
928,2017-11-24,244,11484,11728
928,2017-11-25,196,9840,10036
928,2017-11-26,69,7142,7211
928,2017-11-27,200,10008,10208
928,2017-11-28,250,10546,10796
928,2017-11-29,242,10310,10552
928,2017-11-30,262,10525,10787
928,2017-12-01,257,10474,10731
928,2017-12-02,195,9862,10057
928,2017-12-03,62,6796,6858
928,2017-12-04,241,9921,10162
928,2017-12-05,232,10042,10274
928,2017-12-06,227,9649,9876
928,2017-12-07,220,9894,10114
928,2017-12-08,220,10606,10826
928,2017-12-09,172,8772,8944
928,2017-12-11,210,9722,9932
928,2017-12-12,253,10276,10529
928,2017-12-13,132,8542,8674
928,2017-12-14,198,10276,10474
928,2017-12-15,234,10640,10874
928,2017-12-16,187,9229,9416
928,2017-12-17,64,6893,6957
928,2017-12-18,212,8574,8786
928,2017-12-19,190,8902,9092
928,2017-12-20,208,9133,9341
928,2017-12-21,218,8948,9166
928,2017-12-22,210,9474,9684
928,2017-12-23,171,8051,8222
928,2017-12-24,49,6335,6384
928,2017-12-25,42,5093,5135
928,2017-12-26,52,5172,5224
928,2017-12-27,196,7770,7966
928,2017-12-28,193,7764,7957
928,2017-12-29,182,7372,7554
928,2017-12-30,160,7296,7456
928,2017-12-31,62,6052,6114
939,2017-01-01,81,4119,4200
939,2017-01-02,504,7161,7665
939,2017-01-03,717,8374,9091
939,2017-01-04,741,8346,9087
939,2017-01-05,739,8628,9367
939,2017-01-06,790,9313,10103
939,2017-01-07,334,6041,6375
939,2017-01-08,105,5694,5799
939,2017-01-09,890,9655,10545
939,2017-01-10,936,9964,10900
939,2017-01-11,925,10111,11036
939,2017-01-12,1003,10915,11918
939,2017-01-13,750,7925,8675
939,2017-01-14,302,6662,6964
939,2017-01-15,115,7133,7248
939,2017-01-16,1022,10314,11336
939,2017-01-17,1096,10819,11915
939,2017-01-18,1142,11050,12192
939,2017-01-19,1048,11115,12163
939,2017-01-20,1092,11447,12539
939,2017-01-21,383,8637,9020
939,2017-01-22,131,8730,8861
939,2017-01-23,1007,10437,11444
939,2017-01-24,1040,10853,11893
939,2017-01-25,1139,10926,12065
939,2017-01-26,1031,11365,12396
939,2017-01-27,1057,11581,12638
939,2017-01-28,381,7652,8033
939,2017-01-29,112,6940,7052
939,2017-01-30,1047,10658,11705
939,2017-01-31,1258,11142,12400
939,2017-02-01,1297,11118,12415
939,2017-02-02,1237,11162,12399
939,2017-02-03,1196,11393,12589
939,2017-02-04,321,6908,7229
939,2017-02-05,109,6372,6481
939,2017-02-06,1205,10440,11645
939,2017-02-07,1272,11082,12354
939,2017-02-08,1295,10943,12238
939,2017-02-09,1367,11482,12849
939,2017-02-10,1346,11511,12857
939,2017-02-11,340,7612,7952
939,2017-02-12,123,7019,7142
939,2017-02-13,1346,10750,12096
939,2017-02-14,1412,11654,13066
939,2017-02-15,1444,11370,12814
939,2017-02-16,1402,11361,12763
939,2017-02-17,1377,11274,12651
939,2017-02-18,355,7631,7986
939,2017-02-19,144,6916,7060
939,2017-02-20,1549,10186,11735
939,2017-02-21,1415,10574,11989
939,2017-02-22,1490,10765,12255
939,2017-02-23,1484,10340,11824
939,2017-02-24,1376,10891,12267
939,2017-02-25,366,7641,8007
939,2017-02-26,156,6588,6744
939,2017-02-27,817,8761,9578
939,2017-02-28,1114,9489,10603
939,2017-03-01,1453,10904,12357
939,2017-03-02,1485,11737,13222
939,2017-03-03,1489,11774,13263
939,2017-03-04,413,7988,8401
939,2017-03-05,130,6719,6849
939,2017-03-06,1384,10708,12092
939,2017-03-07,1402,11161,12563
939,2017-03-08,1409,10793,12202
939,2017-03-09,1434,11575,13009
939,2017-03-10,1511,12189,13700
939,2017-03-11,438,8374,8812
939,2017-03-12,131,7929,8060
939,2017-03-13,1447,10948,12395
939,2017-03-14,1525,11546,13071
939,2017-03-15,1573,11659,13232
939,2017-03-16,1591,11884,13475
939,2017-03-17,1677,12103,13780
939,2017-03-18,352,8255,8607
939,2017-03-19,169,7570,7739
939,2017-03-20,1522,11000,12522
939,2017-03-21,1652,11687,13339
939,2017-03-22,1585,11592,13177
939,2017-03-23,1608,12082,13690
939,2017-03-24,1582,11928,13510
939,2017-03-25,457,8546,9003
939,2017-03-27,1646,10975,12621
939,2017-03-28,1692,11744,13436
939,2017-03-29,1702,11609,13311
939,2017-03-30,1689,12307,13996
939,2017-03-31,1718,12412,14130
939,2017-04-01,443,8508,8951
939,2017-04-02,149,8409,8558
939,2017-04-03,1430,10885,12315
939,2017-04-04,1602,11436,13038
939,2017-04-05,1681,11658,13339
939,2017-04-06,1538,11776,13314
939,2017-04-07,1526,12100,13626
939,2017-04-08,491,8577,9068
939,2017-04-09,175,8393,8568
939,2017-04-10,1469,10899,12368
939,2017-04-11,1539,11540,13079
939,2017-04-12,1536,11463,12999
939,2017-04-13,1544,11936,13480
939,2017-04-14,1437,11971,13408
939,2017-04-15,514,7631,8145
939,2017-04-16,149,6882,7031
939,2017-04-17,176,6981,7157
939,2017-04-18,1508,11211,12719
939,2017-04-19,1612,11422,13034
939,2017-04-20,1595,11662,13257
939,2017-04-21,1585,11916,13501
939,2017-04-22,530,8624,9154
939,2017-04-23,186,8056,8242
939,2017-04-24,1520,11616,13136
939,2017-04-25,1512,11818,13330
939,2017-04-26,1546,11942,13488
939,2017-04-27,1557,12592,14149
939,2017-04-28,1659,13059,14718
939,2017-04-29,619,9922,10541
939,2017-04-30,205,9058,9263
939,2017-05-01,300,7200,7500
939,2017-05-02,1584,12007,13591
939,2017-05-03,1499,11472,12971
939,2017-05-04,1706,11940,13646
939,2017-05-05,1753,12894,14647
939,2017-05-06,531,8955,9486
939,2017-05-07,193,7724,7917
939,2017-05-08,1608,11236,12844
939,2017-05-09,1630,12051,13681
939,2017-05-10,1632,12156,13788
939,2017-05-11,1519,12275,13794
939,2017-05-12,1440,12768,14208
939,2017-05-13,484,9226,9710
939,2017-05-14,192,8011,8203
939,2017-05-15,1649,11579,13228
939,2017-05-16,1595,11943,13538
939,2017-05-17,1630,12077,13707
939,2017-05-18,1523,12420,13943
939,2017-05-19,1521,12305,13826
939,2017-05-20,536,9040,9576
939,2017-05-21,195,8415,8610
939,2017-05-22,1557,11492,13049
939,2017-05-23,1503,11931,13434
939,2017-05-24,1688,12990,14678
939,2017-05-25,403,9116,9519
939,2017-05-26,970,11598,12568
939,2017-05-27,458,9754,10212
939,2017-05-28,354,9592,9946
939,2017-05-29,1352,11608,12960
939,2017-05-30,1522,12124,13646
939,2017-05-31,1482,12206,13688
939,2017-06-01,1652,12748,14400
939,2017-06-02,1646,13661,15307
939,2017-06-03,505,9702,10207
939,2017-06-04,217,9524,9741
939,2017-06-05,410,9001,9411
939,2017-06-06,1700,11433,13133
939,2017-06-07,1785,11746,13531
939,2017-06-08,1729,11746,13475
939,2017-06-09,1701,12569,14270
939,2017-06-10,485,9284,9769
939,2017-06-11,225,9283,9508
939,2017-06-12,1769,11912,13681
939,2017-06-13,1594,12155,13749
939,2017-06-14,1702,12361,14063
939,2017-06-15,1813,12500,14313
939,2017-06-16,1746,13279,15025
939,2017-06-17,602,10071,10673
939,2017-06-18,290,9102,9392
939,2017-06-19,1630,11508,13138
939,2017-06-20,1641,12415,14056
939,2017-06-21,1636,12241,13877
939,2017-06-22,1648,12550,14198
939,2017-06-23,472,7413,7885
939,2017-06-24,489,8506,8995
939,2017-06-25,268,8264,8532
939,2017-06-26,1800,11772,13572
939,2017-06-27,1687,11987,13674
939,2017-06-28,1590,12394,13984
939,2017-06-29,1664,12430,14094
939,2017-06-30,1714,13603,15317
939,2017-07-01,516,9550,10066
939,2017-07-02,283,9195,9478
939,2017-07-03,1598,10976,12574
939,2017-07-04,1540,11804,13344
939,2017-07-05,1568,12447,14015
939,2017-07-06,1584,12186,13770
939,2017-07-07,1599,13401,15000
939,2017-07-08,556,10257,10813
939,2017-07-09,306,9493,9799
939,2017-07-10,1488,12336,13824
939,2017-07-11,1536,12343,13879
939,2017-07-12,1494,12590,14084
939,2017-07-13,1575,12966,14541
939,2017-07-14,1551,13856,15407
939,2017-07-15,710,12809,13519
939,2017-07-16,392,9477,9869
939,2017-07-17,1520,12070,13590
939,2017-07-18,1447,12155,13602
939,2017-07-19,1644,12235,13879
939,2017-07-20,1626,12826,14452
939,2017-07-21,1518,12701,14219
939,2017-07-22,602,9828,10430
939,2017-07-23,326,9256,9582
939,2017-07-24,1514,11347,12861
939,2017-07-25,1455,11764,13219
939,2017-07-26,1538,12493,14031
939,2017-07-27,1255,12621,13876
939,2017-07-28,1156,12479,13635
939,2017-07-29,570,9886,10456
939,2017-07-30,377,9447,9824
939,2017-07-31,978,10216,11194
939,2017-08-01,946,10637,11583
939,2017-08-02,988,10828,11816
939,2017-08-03,1033,10789,11822
939,2017-08-04,992,11449,12441
939,2017-08-05,575,9172,9747
939,2017-08-06,384,9295,9679
939,2017-08-07,1000,9985,10985
939,2017-08-08,918,10048,10966
939,2017-08-09,996,10103,11099
939,2017-08-10,951,10364,11315
939,2017-08-11,1110,11005,12115
939,2017-08-12,494,8729,9223
939,2017-08-13,280,8593,8873
939,2017-08-14,891,9099,9990
939,2017-08-15,384,7216,7600
939,2017-08-16,1099,10740,11839
939,2017-08-17,1117,10562,11679
939,2017-08-18,1098,11011,12109
939,2017-08-19,542,8947,9489
939,2017-08-20,279,9319,9598
939,2017-08-21,1416,10945,12361
939,2017-08-22,1383,11372,12755
939,2017-08-23,1429,11507,12936
939,2017-08-24,1524,12204,13728
939,2017-08-25,1508,12422,13930
939,2017-08-26,504,9032,9536
939,2017-08-27,211,8798,9009
939,2017-08-28,1568,11601,13169
939,2017-08-29,1497,12096,13593
939,2017-08-30,1608,11909,13517
939,2017-08-31,1461,12097,13558
939,2017-09-01,1517,12233,13750
939,2017-09-02,459,8581,9040
939,2017-09-03,248,8933,9181
939,2017-09-04,1597,11303,12900
939,2017-09-05,1699,11855,13554
939,2017-09-06,1608,11759,13367
939,2017-09-07,1595,11518,13113
939,2017-09-08,1494,12696,14190
939,2017-09-09,435,8533,8968
939,2017-09-10,241,8569,8810
939,2017-09-11,1416,11169,12585
939,2017-09-12,1545,12195,13740
939,2017-09-13,1549,11762,13311
939,2017-09-14,1420,12520,13940
939,2017-09-15,1567,13007,14574
939,2017-09-16,477,9112,9589
939,2017-09-17,233,8532,8765
939,2017-09-18,1584,11544,13128
939,2017-09-19,1617,12155,13772
939,2017-09-20,1729,12194,13923
939,2017-09-21,1672,12682,14354
939,2017-09-22,1755,12984,14739
939,2017-09-23,588,9157,9745
939,2017-09-24,241,8772,9013
939,2017-09-25,1609,11751,13360
939,2017-09-26,1450,12672,14122
939,2017-09-27,1569,12843,14412
939,2017-09-28,1667,13183,14850
939,2017-09-29,1488,12632,14120
939,2017-09-30,438,9271,9709
939,2017-10-01,205,8984,9189
939,2017-10-02,1440,11604,13044
939,2017-10-03,1522,12627,14149
939,2017-10-04,1736,11888,13624
939,2017-10-05,1585,12253,13838
939,2017-10-06,1487,12651,14138
939,2017-10-07,479,8659,9138
939,2017-10-08,193,8558,8751
939,2017-10-09,1594,11316,12910
939,2017-10-10,1659,11852,13511
939,2017-10-11,1743,11208,12951
939,2017-10-12,1684,12097,13781
939,2017-10-13,1654,12338,13992
939,2017-10-14,576,9538,10114
939,2017-10-15,200,9695,9895
939,2017-10-16,1630,11864,13494
939,2017-10-17,1580,11451,13031
939,2017-10-18,1562,10195,11757
939,2017-10-19,1451,10027,11478
939,2017-10-20,1386,11527,12913
939,2017-10-21,426,8771,9197
939,2017-10-22,223,8114,8337
939,2017-10-23,1557,10972,12529
939,2017-10-24,1456,11318,12774
939,2017-10-25,1507,10971,12478
939,2017-10-26,1635,11920,13555
939,2017-10-27,1662,12562,14224
939,2017-10-28,580,8994,9574
939,2017-10-29,241,8617,8858
939,2017-10-30,1748,11393,13141
939,2017-11-01,313,7695,8008
939,2017-11-02,1599,11462,13061
939,2017-11-03,1674,12063,13737
939,2017-11-04,505,8328,8833
939,2017-11-05,235,8386,8621
939,2017-11-06,1567,11044,12611
939,2017-11-07,1622,11747,13369
939,2017-11-08,1503,11509,13012
939,2017-11-09,1510,11848,13358
939,2017-11-10,1423,12036,13459
939,2017-11-11,360,8315,8675
939,2017-11-12,121,6463,6584
939,2017-11-13,1364,10775,12139
939,2017-11-14,1678,11616,13294
939,2017-11-15,1671,11488,13159
939,2017-11-16,1659,11651,13310
939,2017-11-17,1595,12305,13900
939,2017-11-18,457,8011,8468
939,2017-11-19,150,7446,7596
939,2017-11-20,1510,11014,12524
939,2017-11-21,1514,11626,13140
939,2017-11-22,1534,11261,12795
939,2017-11-23,1577,11506,13083
939,2017-11-24,1401,12328,13729
939,2017-11-25,395,8576,8971
939,2017-11-26,150,7395,7545
939,2017-11-27,1423,11179,12602
939,2017-11-28,1530,11725,13255
939,2017-11-29,1543,11648,13191
939,2017-11-30,1533,11787,13320
939,2017-12-01,1434,12072,13506
939,2017-12-02,403,8339,8742
939,2017-12-03,134,6634,6768
939,2017-12-04,1561,11005,12566
939,2017-12-05,1677,11868,13545
939,2017-12-06,1805,11202,13007
939,2017-12-07,1547,11967,13514
939,2017-12-08,1640,11412,13052
939,2017-12-09,427,8073,8500
939,2017-12-10,110,5171,5281
939,2017-12-11,1396,10867,12263
939,2017-12-12,1458,11765,13223
939,2017-12-13,1393,11213,12606
939,2017-12-14,1368,11386,12754
939,2017-12-15,1173,10902,12075
939,2017-12-16,373,7917,8290
939,2017-12-17,139,7163,7302
939,2017-12-18,977,9742,10719
939,2017-12-19,1140,11092,12232
939,2017-12-20,1159,10912,12071
939,2017-12-21,1050,10811,11861
939,2017-12-22,894,9832,10726
939,2017-12-23,346,7368,7714
939,2017-12-24,89,5461,5550
939,2017-12-25,88,4756,4844
939,2017-12-26,136,5663,5799
939,2017-12-27,645,8020,8665
939,2017-12-28,650,8333,8983
939,2017-12-29,538,7752,8290
939,2017-12-30,283,7267,7550
939,2017-12-31,112,5278,5390
941,2017-01-01,8,714,722
941,2017-01-02,48,1585,1633
941,2017-01-04,90,2116,2206
941,2017-01-05,96,2148,2244
941,2017-01-06,78,2531,2609
941,2017-01-07,11,1277,1288
941,2017-01-09,119,2777,2896
941,2017-01-10,117,2700,2817
941,2017-01-11,134,2913,3047
941,2017-01-12,153,2798,2951
941,2017-01-14,20,1507,1527
941,2017-01-15,8,1084,1092
941,2017-01-16,143,2762,2905
941,2017-01-17,135,2798,2933
941,2017-01-19,148,2853,3001
941,2017-01-20,134,3051,3185
941,2017-01-21,29,1618,1647
941,2017-01-22,6,1248,1254
941,2017-01-24,136,2776,2912
941,2017-01-25,127,2961,3088
941,2017-01-26,141,2899,3040
941,2017-01-27,156,3093,3249
941,2017-01-29,4,1284,1288
941,2017-01-30,135,2850,2985
941,2017-01-31,145,2834,2979
941,2017-02-01,132,3014,3146
941,2017-02-03,120,3035,3155
941,2017-02-04,16,1548,1564
941,2017-02-05,10,1305,1315
941,2017-02-06,145,2914,3059
941,2017-02-08,153,2978,3131
941,2017-02-09,171,3070,3241
941,2017-02-10,162,3044,3206
941,2017-02-11,22,1690,1712
941,2017-02-13,154,2926,3080
941,2017-02-14,160,3153,3313
941,2017-02-15,150,3121,3271
941,2017-02-16,171,3081,3252
941,2017-02-18,23,1738,1761
941,2017-02-19,11,1429,1440
941,2017-02-20,152,2877,3029
941,2017-02-21,162,2830,2992
941,2017-02-23,158,2798,2956
941,2017-02-24,140,2932,3072
941,2017-02-25,24,1541,1565
941,2017-02-26,2,1258,1260
941,2017-02-28,153,2704,2857
941,2017-03-01,164,2962,3126
941,2017-03-02,169,2963,3132
941,2017-03-03,147,3093,3240
941,2017-03-05,15,1298,1313
941,2017-03-06,180,2928,3108
941,2017-03-07,164,2992,3156
941,2017-03-08,124,3076,3200
941,2017-03-10,156,3227,3383
941,2017-03-11,33,1898,1931
941,2017-03-12,9,1564,1573
941,2017-03-13,177,3141,3318
941,2017-03-15,185,3183,3368
941,2017-03-16,163,3191,3354
941,2017-03-17,167,3290,3457
941,2017-03-18,36,1828,1864
941,2017-03-20,167,2970,3137
941,2017-03-21,186,2998,3184
941,2017-03-22,170,3136,3306
941,2017-03-23,173,3184,3357
941,2017-03-25,35,2093,2128
941,2017-03-27,154,3151,3305
941,2017-03-28,150,3144,3294
941,2017-03-30,151,3295,3446
941,2017-03-31,164,3350,3514
941,2017-04-01,35,1786,1821
941,2017-04-02,13,1594,1607
941,2017-04-04,164,3173,3337
941,2017-04-05,159,3093,3252
941,2017-04-06,168,3151,3319
941,2017-04-07,155,3245,3400
941,2017-04-09,6,1708,1714
941,2017-04-10,132,2920,3052
941,2017-04-11,168,3023,3191
941,2017-04-12,151,3027,3178
941,2017-04-14,119,3067,3186
941,2017-04-15,48,1959,2007
941,2017-04-16,17,1290,1307
941,2017-04-17,8,1290,1298
941,2017-04-19,141,3070,3211
941,2017-04-20,153,3133,3286
941,2017-04-21,145,3228,3373
941,2017-04-22,27,2268,2295
941,2017-04-24,182,3223,3405
941,2017-04-25,176,3338,3514
941,2017-04-26,206,3360,3566
941,2017-04-27,183,3306,3489
941,2017-04-29,34,2446,2480
941,2017-04-30,17,2086,2103
941,2017-05-01,15,1552,1567
941,2017-05-02,215,3136,3351
941,2017-05-04,198,3463,3661
941,2017-05-05,189,3390,3579
941,2017-05-06,42,2286,2328
941,2017-05-07,17,1644,1661
941,2017-05-09,168,3273,3441
941,2017-05-10,181,3603,3784
941,2017-05-11,182,3457,3639
941,2017-05-12,193,3613,3806
941,2017-05-14,24,1578,1602
941,2017-05-15,167,3448,3615
941,2017-05-16,194,3469,3663
941,2017-05-17,194,3669,3863
941,2017-05-19,180,3318,3498
941,2017-05-20,45,2208,2253
941,2017-05-21,17,1897,1914
941,2017-05-22,211,3447,3658
941,2017-05-24,177,3600,3777
941,2017-05-25,24,2260,2284
941,2017-05-26,113,3058,3171
941,2017-05-27,21,2513,2534
941,2017-05-29,177,3485,3662
941,2017-05-30,181,3447,3628
941,2017-05-31,174,3478,3652
941,2017-06-01,234,3602,3836
941,2017-06-03,56,2528,2584
941,2017-06-04,20,2021,2041
941,2017-06-05,21,2062,2083
941,2017-06-06,184,3262,3446
941,2017-06-08,213,3743,3956
941,2017-06-09,170,3362,3532
941,2017-06-10,52,2304,2356
941,2017-06-11,20,1859,1879
941,2017-06-13,167,3488,3655
941,2017-06-14,194,3584,3778
941,2017-06-15,218,3476,3694
941,2017-06-16,178,3687,3865
941,2017-06-18,10,2006,2016
941,2017-06-19,189,3368,3557
941,2017-06-20,188,3395,3583
941,2017-06-21,179,3582,3761
941,2017-06-23,64,1808,1872
941,2017-06-24,24,1972,1996
941,2017-06-25,15,1603,1618
941,2017-06-26,172,3373,3545
941,2017-06-28,168,3310,3478
941,2017-06-29,172,3292,3464
941,2017-06-30,170,3430,3600
941,2017-07-01,36,2028,2064
941,2017-07-03,133,3011,3144
941,2017-07-04,191,3393,3584
941,2017-07-05,221,3463,3684
941,2017-07-06,188,3374,3562
941,2017-07-08,37,2353,2390
941,2017-07-09,10,1686,1696
941,2017-07-10,198,3142,3340
941,2017-07-11,204,3098,3302
941,2017-07-13,162,3423,3585
941,2017-07-14,134,3228,3362
941,2017-07-15,38,2356,2394
941,2017-07-16,18,1850,1868
941,2017-07-18,144,3367,3511
941,2017-07-19,153,3420,3573
941,2017-07-20,168,3250,3418
941,2017-07-21,117,3390,3507
941,2017-08-01,202,2439,2641
941,2017-08-02,210,2355,2565
941,2017-08-03,199,2329,2528
941,2017-08-04,206,2350,2556
941,2017-08-05,97,1631,1728
941,2017-08-06,55,1755,1810
941,2017-08-07,410,4436,4846
941,2017-08-08,383,4499,4882
941,2017-08-09,390,4407,4797
941,2017-08-10,384,4360,4744
941,2017-08-11,356,4566,4922
941,2017-08-12,202,4205,4407
941,2017-08-13,76,4081,4157
941,2017-08-14,364,4219,4583
941,2017-08-15,110,3984,4094
941,2017-08-16,372,4610,4982
941,2017-08-17,414,4791,5205
941,2017-08-18,391,4973,5364
941,2017-08-19,221,3872,4093
941,2017-08-20,93,4105,4198
941,2017-08-21,474,4632,5106
941,2017-08-22,494,4772,5266
941,2017-08-23,542,4895,5437
941,2017-08-24,559,4956,5515
941,2017-08-25,526,5133,5659
941,2017-08-26,304,6256,6560
941,2017-08-27,91,3932,4023
941,2017-08-28,557,4566,5123
941,2017-08-29,567,4742,5309
941,2017-08-30,502,4812,5314
941,2017-08-31,344,3343,3687
941,2017-09-01,378,2984,3362
941,2017-09-02,90,2104,2194
941,2017-09-03,29,2017,2046
941,2017-09-04,300,2969,3269
941,2017-09-05,290,3023,3313
941,2017-09-06,305,2978,3283
941,2017-09-07,329,3147,3476
941,2017-09-08,268,3169,3437
941,2017-09-09,89,1925,2014
941,2017-09-10,42,1517,1559
941,2017-09-11,314,2853,3167
941,2017-09-12,289,2890,3179
941,2017-09-13,305,2963,3268
941,2017-09-14,356,3127,3483
941,2017-09-15,325,3212,3537
941,2017-09-16,88,2016,2104
941,2017-09-17,33,1573,1606
941,2017-09-18,319,2973,3292
941,2017-09-19,365,2998,3363
941,2017-09-28,400,3081,3481
941,2017-09-29,337,3769,4106
941,2017-09-30,57,2166,2223
941,2017-10-01,29,2307,2336
941,2017-10-03,523,3157,3680
941,2017-10-04,464,3123,3587
941,2017-10-05,402,3230,3632
941,2017-10-06,401,3297,3698
941,2017-10-07,173,1834,2007
941,2017-10-08,52,1606,1658
941,2017-10-09,430,3060,3490
941,2017-10-10,308,2999,3307
941,2017-10-11,340,3146,3486
941,2017-10-12,323,3163,3486
941,2017-10-13,317,3306,3623
941,2017-10-14,103,1984,2087
941,2017-10-15,30,1766,1796
941,2017-10-16,333,3202,3535
941,2017-10-17,319,3371,3690
941,2017-10-18,354,3242,3596
941,2017-10-19,383,3235,3618
941,2017-10-20,313,3341,3654
941,2017-10-21,75,1903,1978
941,2017-10-22,22,1435,1457
941,2017-10-23,361,3010,3371
941,2017-10-24,300,3203,3503
941,2017-10-25,317,3103,3420
941,2017-10-26,346,3116,3462
941,2017-10-27,374,3183,3557
941,2017-10-28,108,1895,2003
941,2017-10-29,24,1524,1548
941,2017-10-30,336,2922,3258
941,2017-11-01,38,1458,1496
941,2017-11-02,280,2720,3000
941,2017-11-03,310,2877,3187
941,2017-11-04,74,1874,1948
941,2017-11-05,20,1429,1449
941,2017-11-06,359,2979,3338
941,2017-11-07,305,2980,3285
941,2017-11-08,315,3093,3408
941,2017-11-09,326,3036,3362
941,2017-11-10,289,3090,3379
941,2017-11-11,58,1788,1846
941,2017-11-12,29,1172,1201
941,2017-11-13,278,2859,3137
941,2017-11-14,328,2861,3189
941,2017-11-15,306,2980,3286
941,2017-11-16,330,3015,3345
941,2017-11-17,286,3137,3423
941,2017-11-18,97,1759,1856
941,2017-11-19,33,1369,1402
941,2017-11-20,321,2863,3184
941,2017-11-21,315,2911,3226
941,2017-11-22,334,3037,3371
941,2017-11-23,274,3105,3379
941,2017-11-24,274,3116,3390
941,2017-11-25,83,1804,1887
941,2017-11-26,27,1261,1288
941,2017-11-27,360,2992,3352
941,2017-11-28,361,2934,3295
941,2017-11-29,383,3040,3423
941,2017-11-30,353,3005,3358
941,2017-12-01,350,3073,3423
941,2017-12-02,95,1684,1779
941,2017-12-03,17,1161,1178
941,2017-12-04,380,2885,3265
941,2017-12-05,366,2930,3296
941,2017-12-06,312,3042,3354
941,2017-12-07,339,3127,3466
941,2017-12-08,319,2972,3291
941,2017-12-09,86,1573,1659
941,2017-12-10,36,1035,1071
941,2017-12-11,230,3057,3287
941,2017-12-12,350,2887,3237
941,2017-12-13,194,2308,2502
941,2017-12-14,307,3062,3369
941,2017-12-15,212,2822,3034
941,2017-12-16,51,1772,1823
941,2017-12-17,28,1277,1305
941,2017-12-18,264,2728,2992
941,2017-12-19,251,2916,3167
941,2017-12-20,262,2884,3146
941,2017-12-21,237,2855,3092
941,2017-12-22,157,2705,2862
941,2017-12-23,64,1589,1653
941,2017-12-24,13,1049,1062
941,2017-12-25,6,738,744
941,2017-12-26,18,1076,1094
941,2017-12-27,119,1926,2045
941,2017-12-28,146,1875,2021
941,2017-12-29,102,1603,1705
941,2017-12-30,61,1452,1513
941,2017-12-31,12,1028,1040
942,2017-01-01,8,1652,1660
942,2017-01-02,82,3276,3358
942,2017-01-03,147,3887,4034
942,2017-01-05,173,4027,4200
942,2017-01-06,139,4658,4797
942,2017-01-07,51,2601,2652
942,2017-01-08,8,2346,2354
942,2017-01-10,200,5203,5403
942,2017-01-11,228,5208,5436
942,2017-01-12,238,5380,5618
942,2017-01-13,164,4160,4324
942,2017-01-15,10,2348,2358
942,2017-01-16,247,5116,5363
942,2017-01-17,242,5463,5705
942,2017-01-18,261,5241,5502
942,2017-01-20,244,5732,5976
942,2017-01-21,52,3454,3506
942,2017-01-22,22,2882,2904
942,2017-01-23,272,5232,5504
942,2017-01-25,256,5260,5516
942,2017-01-26,243,5499,5742
942,2017-01-27,263,5756,6019
942,2017-01-28,48,3566,3614
942,2017-01-30,233,5139,5372
942,2017-01-31,263,5538,5801
942,2017-02-01,256,5399,5655
942,2017-02-02,248,5658,5906
942,2017-02-04,34,3326,3360
942,2017-02-05,6,2730,2736
942,2017-02-06,267,5371,5638
942,2017-02-07,254,5643,5897
942,2017-02-09,319,5806,6125
942,2017-02-10,305,5681,5986
942,2017-02-11,40,3460,3500
942,2017-02-12,15,2788,2803
942,2017-02-14,297,5883,6180
942,2017-02-15,263,5606,5869
942,2017-02-16,255,5660,5915
942,2017-02-17,267,5813,6080
942,2017-02-19,16,2778,2794
942,2017-02-20,225,4936,5161
942,2017-02-21,240,5155,5395
942,2017-02-22,226,5083,5309
942,2017-02-24,248,5208,5456
942,2017-02-25,64,3138,3202
942,2017-02-26,18,2534,2552
942,2017-02-27,294,3762,4056
942,2017-03-01,286,5370,5656
942,2017-03-02,327,5593,5920
942,2017-03-03,239,5669,5908
942,2017-03-06,266,4932,5198
942,2017-03-07,262,5680,5942
942,2017-03-08,296,5469,5765
942,2017-03-09,271,5705,5976
942,2017-03-11,69,3884,3953
942,2017-03-12,14,3295,3309
942,2017-03-13,321,5512,5833
942,2017-03-14,321,5922,6243
942,2017-03-16,291,5761,6052
942,2017-03-17,299,5897,6196
942,2017-03-18,56,3436,3492
942,2017-03-19,16,2904,2920
942,2017-03-21,241,5812,6053
942,2017-03-22,301,5554,5855
942,2017-03-23,279,5759,6038
942,2017-03-24,289,5926,6215
942,2017-03-27,282,5527,5809
942,2017-03-28,278,5903,6181
942,2017-03-29,279,5745,6024
942,2017-03-31,314,6226,6540
942,2017-04-01,69,3810,3879
942,2017-04-02,19,3258,3277
942,2017-04-03,306,5598,5904
942,2017-04-05,286,5611,5897
942,2017-04-06,316,5839,6155
942,2017-04-07,287,6042,6329
942,2017-04-08,70,3723,3793
942,2017-04-09,15,3545,3560
942,2017-04-11,275,5646,5921
942,2017-04-12,271,5423,5694
942,2017-04-13,273,5446,5719
942,2017-04-14,273,5496,5769
942,2017-04-16,13,2715,2728
942,2017-04-17,14,2854,2868
942,2017-04-18,256,5522,5778
942,2017-04-19,242,5418,5660
942,2017-04-21,296,5880,6176
942,2017-04-22,64,4592,4656
942,2017-04-23,25,3498,3523
942,2017-04-24,302,5635,5937
942,2017-04-26,320,5876,6196
942,2017-04-27,315,6116,6431
942,2017-04-28,288,6237,6525
942,2017-04-29,83,4225,4308
942,2017-05-01,18,3122,3140
942,2017-05-02,319,5928,6247
942,2017-05-03,254,6080,6334
942,2017-05-06,83,4069,4152
942,2017-05-07,19,3376,3395
942,2017-05-08,267,5623,5890
942,2017-05-09,293,6021,6314
942,2017-05-11,304,6060,6364
942,2017-05-12,327,6516,6843
942,2017-05-13,82,4236,4318
942,2017-05-14,17,3274,3291
942,2017-05-16,189,3248,3437
942,2017-05-17,196,3198,3394
942,2017-05-18,326,5652,5978
942,2017-05-19,290,5940,6230
942,2017-05-21,36,3474,3510
942,2017-05-22,319,5210,5529
942,2017-05-23,303,6403,6706
942,2017-05-24,282,6465,6747
942,2017-05-26,174,4798,4972
942,2017-05-27,80,3453,3533
942,2017-05-28,40,3684,3724
942,2017-05-29,237,4188,4425
942,2017-05-30,307,6347,6654
942,2017-06-01,360,6169,6529
942,2017-06-02,280,6724,7004
942,2017-06-03,198,4416,4614
942,2017-06-04,115,3627,3742
942,2017-06-06,290,5342,5632
942,2017-06-07,288,5432,5720
942,2017-06-08,301,6051,6352
942,2017-06-09,312,5961,6273
942,2017-06-11,21,3554,3575
942,2017-06-12,335,5865,6200
942,2017-06-13,324,6261,6585
942,2017-06-14,330,6008,6338
942,2017-06-16,279,6528,6807
942,2017-06-17,71,4704,4775
942,2017-06-18,23,3731,3754
942,2017-06-19,265,4427,4692
942,2017-06-21,280,4615,4895
942,2017-06-22,254,4925,5179
942,2017-06-23,89,3259,3348
942,2017-06-24,82,3655,3737
942,2017-06-26,303,5798,6101
942,2017-06-27,226,6384,6610
942,2017-06-28,248,6166,6414
942,2017-06-29,372,5720,6092
942,2017-07-01,80,3728,3808
942,2017-07-02,10,3490,3500
942,2017-07-03,205,5105,5310
942,2017-07-04,321,6279,6600
942,2017-07-06,350,5880,6230
942,2017-07-07,246,6434,6680
942,2017-07-08,72,4153,4225
942,2017-07-09,14,3366,3380
942,2017-07-11,315,6027,6342
942,2017-07-12,268,5831,6099
942,2017-07-13,289,5925,6214
942,2017-07-14,257,6154,6411
942,2017-07-16,25,3499,3524
942,2017-07-17,259,5670,5929
942,2017-07-18,265,6084,6349
942,2017-07-19,261,5987,6248
942,2017-07-21,205,6036,6241
942,2017-07-22,79,4083,4162
942,2017-07-23,24,3564,3588
942,2017-07-24,212,5377,5589
942,2017-10-10,617,5456,6073
942,2017-10-11,610,5561,6171
942,2017-10-12,583,5545,6128
942,2017-10-13,616,5674,6290
942,2017-10-14,190,3746,3936
942,2017-10-15,132,3586,3718
942,2017-10-16,592,5370,5962
942,2017-10-17,576,5775,6351
942,2017-10-18,692,5537,6229
942,2017-10-19,645,5919,6564
942,2017-10-20,595,5981,6576
942,2017-10-21,150,3746,3896
942,2017-10-22,39,2967,3006
942,2017-10-23,580,5239,5819
942,2017-10-24,623,5631,6254
942,2017-10-25,557,5629,6186
942,2017-10-26,556,5689,6245
942,2017-10-27,598,5929,6527
942,2017-10-28,194,3484,3678
942,2017-10-29,62,3148,3210
942,2017-10-30,501,5143,5644
942,2017-11-01,45,3021,3066
942,2017-11-02,489,4913,5402
942,2017-11-03,570,5212,5782
942,2017-11-04,179,3593,3772
942,2017-11-05,36,3050,3086
942,2017-11-06,628,5265,5893
942,2017-11-07,589,5425,6014
942,2017-11-08,623,5455,6078
942,2017-11-09,635,5544,6179
942,2017-11-10,501,5644,6145
942,2017-11-11,104,3527,3631
942,2017-11-12,39,2717,2756
942,2017-11-13,491,5164,5655
942,2017-11-14,543,5490,6033
942,2017-11-15,522,5311,5833
942,2017-11-16,530,5669,6199
942,2017-11-17,530,5571,6101
942,2017-11-18,139,3564,3703
942,2017-11-19,30,3004,3034
942,2017-11-20,573,5272,5845
942,2017-11-21,537,5436,5973
942,2017-11-22,578,5435,6013
942,2017-11-23,527,5512,6039
942,2017-11-24,548,5833,6381
942,2017-11-25,142,3640,3782
942,2017-11-26,31,2821,2852
942,2017-11-27,482,5188,5670
942,2017-11-28,545,5426,5971
942,2017-11-29,564,5207,5771
942,2017-11-30,561,5489,6050
942,2017-12-01,509,5523,6032
942,2017-12-02,143,3386,3529
942,2017-12-03,25,2336,2361
942,2017-12-04,520,5002,5522
942,2017-12-05,508,5396,5904
942,2017-12-06,488,5103,5591
942,2017-12-07,548,5493,6041
942,2017-12-08,487,5368,5855
942,2017-12-09,156,3320,3476
942,2017-12-10,34,2036,2070
942,2017-12-11,438,5231,5669
942,2017-12-12,520,5366,5886
942,2017-12-13,436,4788,5224
942,2017-12-14,518,5350,5868
942,2017-12-15,388,5445,5833
942,2017-12-16,134,3348,3482
942,2017-12-17,32,2821,2853
942,2017-12-18,332,4682,5014
942,2017-12-19,399,5199,5598
942,2017-12-20,427,5060,5487
942,2017-12-21,371,4881,5252
942,2017-12-22,267,4967,5234
942,2017-12-23,120,3070,3190
942,2017-12-24,25,2242,2267
942,2017-12-25,20,1787,1807
942,2017-12-26,27,2276,2303
942,2017-12-27,260,3486,3746
942,2017-12-28,254,3511,3765
942,2017-12-29,198,3097,3295
942,2017-12-30,117,2808,2925
942,2017-12-31,22,2193,2215
943,2017-01-01,20,2623,2643
943,2017-01-03,226,6349,6575
943,2017-01-04,256,6668,6924
943,2017-01-05,292,6687,6979
943,2017-01-06,283,7017,7300
943,2017-01-08,17,4246,4263
943,2017-01-09,325,7832,8157
943,2017-01-10,312,7873,8185
943,2017-01-11,282,8273,8555
943,2017-01-12,320,8143,8463
943,2017-01-14,155,5195,5350
943,2017-01-15,37,4333,4370
943,2017-01-16,354,7849,8203
943,2017-01-17,338,8137,8475
943,2017-01-19,331,8215,8546
943,2017-01-20,353,8434,8787
943,2017-01-21,137,6069,6206
943,2017-01-22,21,4767,4788
943,2017-01-24,340,7557,7897
943,2017-01-25,348,8146,8494
943,2017-01-26,334,8412,8746
943,2017-01-27,359,8621,8980
943,2017-01-29,29,4825,4854
943,2017-01-30,315,8123,8438
943,2017-01-31,366,8189,8555
943,2017-02-01,339,8160,8499
943,2017-02-03,374,8340,8714
943,2017-02-04,110,5998,6108
943,2017-02-05,16,4668,4684
943,2017-02-06,383,8235,8618
943,2017-02-08,390,8386,8776
943,2017-02-09,437,8242,8679
943,2017-02-10,379,8644,9023
943,2017-02-11,138,5911,6049
943,2017-02-13,406,8414,8820
943,2017-02-14,459,8916,9375
943,2017-02-15,465,8494,8959
943,2017-02-16,498,8978,9476
943,2017-02-18,144,5832,5976
943,2017-02-19,29,4705,4734
943,2017-02-20,313,7658,7971
943,2017-02-21,343,7583,7926
943,2017-02-23,442,7924,8366
943,2017-02-24,364,8570,8934
943,2017-02-25,144,5899,6043
943,2017-02-26,28,4980,5008
943,2017-02-28,420,8682,9102
943,2017-03-01,424,8688,9112
943,2017-03-02,423,8600,9023
943,2017-03-03,362,8595,8957
943,2017-03-05,22,4825,4847
943,2017-03-06,438,8606,9044
943,2017-03-07,484,8968,9452
943,2017-03-08,446,9126,9572
943,2017-03-10,432,9184,9616
943,2017-03-11,167,6797,6964
943,2017-03-12,36,5652,5688
943,2017-03-13,399,8569,8968
943,2017-03-15,425,8710,9135
943,2017-03-16,423,9040,9463
943,2017-03-17,436,9122,9558
943,2017-03-18,213,7349,7562
943,2017-03-20,480,8298,8778
943,2017-03-21,451,8595,9046
943,2017-03-22,401,8578,8979
943,2017-03-23,422,9279,9701
943,2017-03-25,156,6856,7012
943,2017-03-27,412,8567,8979
943,2017-03-28,448,8744,9192
943,2017-03-30,431,9194,9625
943,2017-03-31,401,9528,9929
943,2017-04-01,145,6835,6980
943,2017-04-02,25,5801,5826
943,2017-04-04,410,8740,9150
943,2017-04-05,445,8694,9139
943,2017-04-06,441,8701,9142
943,2017-04-07,425,8915,9340
943,2017-04-09,35,5999,6034
943,2017-04-10,358,7896,8254
943,2017-04-11,378,8151,8529
943,2017-04-12,370,8163,8533
943,2017-04-14,388,8427,8815
943,2017-04-15,179,6576,6755
943,2017-04-16,22,5078,5100
943,2017-04-17,34,4888,4922
943,2017-04-19,413,7912,8325
943,2017-04-20,434,8229,8663
943,2017-04-21,442,8265,8707
943,2017-04-22,195,6546,6741
943,2017-04-24,401,8530,8931
943,2017-04-25,439,8573,9012
943,2017-04-26,457,8612,9069
943,2017-04-27,471,9166,9637
943,2017-04-29,204,6753,6957
943,2017-04-30,25,6221,6246
943,2017-05-01,30,5040,5070
943,2017-05-02,503,8945,9448
943,2017-05-04,460,8882,9342
943,2017-05-05,472,9041,9513
943,2017-05-06,175,6706,6881
943,2017-05-07,20,5208,5228
943,2017-05-09,455,8776,9231
943,2017-05-10,447,9126,9573
943,2017-05-11,469,8901,9370
943,2017-05-12,469,9311,9780
943,2017-05-14,20,5854,5874
943,2017-05-15,455,8643,9098
943,2017-05-16,463,9127,9590
943,2017-05-17,487,9034,9521
943,2017-05-19,622,10030,10652
943,2017-05-20,258,7111,7369
943,2017-05-21,31,5890,5921
943,2017-05-22,517,8880,9397
943,2017-05-24,511,10398,10909
943,2017-05-25,81,13192,13273
943,2017-05-26,354,9480,9834
943,2017-05-27,229,7722,7951
943,2017-05-29,454,9269,9723
943,2017-05-30,368,8796,9164
943,2017-05-31,460,9153,9613
943,2017-06-01,489,9592,10081
943,2017-06-03,248,7703,7951
943,2017-06-04,82,6792,6874
943,2017-06-05,113,6569,6682
943,2017-06-06,468,8824,9292
943,2017-06-08,475,8272,8747
943,2017-06-09,500,9332,9832
943,2017-06-10,202,6913,7115
943,2017-06-11,24,6034,6058
943,2017-06-13,464,8620,9084
943,2017-06-14,462,9131,9593
943,2017-06-15,427,9215,9642
943,2017-06-16,460,9547,10007
943,2017-06-18,35,6202,6237
943,2017-06-19,465,8837,9302
943,2017-06-20,491,9079,9570
943,2017-06-21,483,9101,9584
943,2017-06-23,71,6105,6176
943,2017-06-24,207,6894,7101
943,2017-06-25,35,5751,5786
943,2017-06-26,489,8985,9474
943,2017-06-28,600,9902,10502
943,2017-06-29,640,9938,10578
943,2017-06-30,602,10150,10752
943,2017-07-01,204,7506,7710
943,2017-07-03,184,5660,5844
943,2017-07-04,511,9383,9894
943,2017-07-05,461,9461,9922
943,2017-07-06,626,10150,10776
943,2017-07-08,229,7619,7848
943,2017-07-09,47,6046,6093
943,2017-07-10,520,9424,9944
943,2017-07-11,598,9740,10338
943,2017-07-13,334,8618,8952
943,2017-07-14,482,9475,9957
943,2017-07-15,239,7038,7277
943,2017-07-16,38,5901,5939
943,2017-07-18,465,8699,9164
943,2017-07-19,432,8922,9354
943,2017-07-20,502,9150,9652
943,2017-07-21,369,8903,9272
943,2017-07-23,24,6514,6538
943,2017-07-24,433,8159,8592
943,2017-07-25,415,8380,8795
943,2017-07-26,370,8301,8671
943,2017-07-28,320,8243,8563
943,2017-07-29,179,6324,6503
943,2017-07-30,56,5411,5467
943,2017-07-31,324,7722,8046
943,2017-08-01,344,7856,8200
943,2017-08-02,301,7403,7704
943,2017-08-03,271,7504,7775
943,2017-08-04,316,7242,7558
943,2017-08-05,157,5836,5993
943,2017-08-06,48,5278,5326
943,2017-08-07,293,7048,7341
943,2017-08-08,268,6823,7091
943,2017-08-09,336,7118,7454
943,2017-08-10,274,7006,7280
943,2017-08-11,283,6800,7083
943,2017-08-12,160,5330,5490
943,2017-08-13,38,4930,4968
943,2017-08-14,221,6420,6641
943,2017-08-15,36,4486,4522
943,2017-08-16,261,6920,7181
943,2017-09-01,578,7597,8175
943,2017-09-02,240,5470,5710
943,2017-09-03,57,5175,5232
943,2017-09-04,598,7355,7953
943,2017-09-05,606,7837,8443
943,2017-09-06,601,7745,8346
943,2017-09-07,593,7888,8481
943,2017-09-08,578,7959,8537
943,2017-09-09,273,5937,6210
943,2017-09-10,48,5213,5261
943,2017-09-11,576,7614,8190
943,2017-09-12,517,7836,8353
943,2017-09-13,509,7904,8413
943,2017-09-14,548,8167,8715
943,2017-09-15,566,8177,8743
943,2017-09-16,248,6068,6316
943,2017-09-17,37,5466,5503
943,2017-09-18,557,8013,8570
943,2017-09-19,595,8004,8599
943,2017-09-22,627,9069,9696
943,2017-09-23,378,10218,10596
943,2017-09-24,96,6545,6641
943,2017-09-25,586,8270,8856
943,2017-09-26,620,8219,8839
943,2017-09-27,622,8199,8821
943,2017-09-28,622,8437,9059
943,2017-09-29,605,8798,9403
943,2017-09-30,195,6511,6706
943,2017-10-01,45,5650,5695
943,2017-10-02,503,8073,8576
943,2017-10-03,615,8211,8826
943,2017-10-04,563,7983,8546
943,2017-10-05,534,8300,8834
943,2017-10-06,573,8322,8895
943,2017-10-07,218,6155,6373
943,2017-10-08,38,5393,5431
943,2017-10-09,519,7818,8337
943,2017-10-10,567,8261,8828
943,2017-10-11,611,8242,8853
943,2017-10-12,552,8328,8880
943,2017-10-13,534,8661,9195
943,2017-10-14,207,6692,6899
943,2017-10-15,61,6126,6187
943,2017-10-16,554,8335,8889
943,2017-10-17,555,8532,9087
943,2017-10-18,560,8369,8929
943,2017-10-19,561,8498,9059
943,2017-10-20,561,8689,9250
943,2017-10-21,202,6434,6636
943,2017-10-22,34,5096,5130
943,2017-10-23,624,8073,8697
943,2017-10-24,558,8558,9116
943,2017-10-25,573,8757,9330
943,2017-10-26,585,8757,9342
943,2017-10-27,524,9132,9656
943,2017-10-28,243,6583,6826
943,2017-10-29,77,5544,5621
943,2017-10-30,626,8163,8789
943,2017-11-01,73,5602,5675
943,2017-11-02,577,7961,8538
943,2017-11-03,516,8209,8725
943,2017-11-04,217,6425,6642
943,2017-11-05,76,5181,5257
943,2017-11-06,566,8211,8777
943,2017-11-07,585,8362,8947
943,2017-11-08,639,8623,9262
943,2017-11-09,567,8601,9168
943,2017-11-10,645,8818,9463
943,2017-11-11,169,6287,6456
943,2017-11-12,33,5056,5089
943,2017-11-13,533,8241,8774
943,2017-11-14,595,8612,9207
943,2017-11-15,514,8186,8700
943,2017-11-16,520,8589,9109
943,2017-11-17,504,8775,9279
943,2017-11-18,204,6279,6483
943,2017-11-19,35,4935,4970
943,2017-11-20,546,8157,8703
943,2017-11-21,515,8185,8700
943,2017-11-22,552,8381,8933
943,2017-11-23,510,8516,9026
943,2017-11-24,536,8969,9505
943,2017-11-25,178,6246,6424
943,2017-11-26,41,5228,5269
943,2017-11-27,528,8074,8602
943,2017-11-28,568,8535,9103
943,2017-11-29,522,8284,8806
943,2017-11-30,493,8427,8920
943,2017-12-01,489,8680,9169
943,2017-12-02,221,6446,6667
943,2017-12-03,33,4803,4836
943,2017-12-04,497,8216,8713
943,2017-12-05,543,8816,9359
943,2017-12-06,549,8428,8977
943,2017-12-07,544,8482,9026
943,2017-12-08,543,8405,8948
943,2017-12-09,193,6160,6353
943,2017-12-10,51,3660,3711
943,2017-12-11,521,8400,8921
943,2017-12-12,569,8696,9265
943,2017-12-13,528,8234,8762
943,2017-12-14,568,9072,9640
943,2017-12-15,444,8708,9152
943,2017-12-16,195,6105,6300
943,2017-12-17,40,4575,4615
943,2017-12-18,384,7625,8009
943,2017-12-19,442,7787,8229
943,2017-12-20,403,7970,8373
943,2017-12-21,358,7972,8330
943,2017-12-22,339,8307,8646
943,2017-12-23,176,6121,6297
943,2017-12-24,30,4605,4635
943,2017-12-25,13,2823,2836
943,2017-12-26,40,4186,4226
943,2017-12-27,277,6306,6583
943,2017-12-28,311,6346,6657
943,2017-12-29,256,5936,6192
943,2017-12-30,142,5742,5884
943,2017-12-31,30,4589,4619
944,2017-01-01,4,954,958
944,2017-01-02,84,1869,1953
944,2017-01-03,121,2254,2375
944,2017-01-05,142,2357,2499
944,2017-01-06,119,2632,2751
944,2017-01-07,39,1684,1723
944,2017-01-08,13,1517,1530
944,2017-01-10,203,2861,3064
944,2017-01-11,187,2831,3018
944,2017-01-12,243,3055,3298
944,2017-01-13,92,2348,2440
944,2017-01-15,11,1579,1590
944,2017-01-16,214,2874,3088
944,2017-01-17,245,3019,3264
944,2017-01-18,208,3010,3218
944,2017-01-20,187,3141,3328
944,2017-01-21,46,2135,2181
944,2017-01-22,15,1803,1818
944,2017-01-23,208,2819,3027
944,2017-01-25,214,2932,3146
944,2017-01-26,216,3090,3306
944,2017-01-27,206,3156,3362
944,2017-01-28,45,2198,2243
944,2017-01-30,201,2894,3095
944,2017-01-31,238,3143,3381
944,2017-02-01,233,3026,3259
944,2017-02-02,213,3106,3319
944,2017-02-04,56,2034,2090
944,2017-02-05,10,1732,1742
944,2017-02-06,205,2956,3161
944,2017-02-07,219,3096,3315
944,2017-02-09,268,3247,3515
944,2017-02-10,227,3220,3447
944,2017-02-11,46,2108,2154
944,2017-02-12,8,1749,1757
944,2017-02-14,140,2809,2949
944,2017-02-15,108,2757,2865
944,2017-02-16,99,2786,2885
944,2017-02-17,95,2894,2989
944,2017-02-19,8,1493,1501
944,2017-02-20,85,2330,2415
944,2017-02-21,89,2490,2579
944,2017-02-22,88,2527,2615
944,2017-02-24,78,2617,2695
944,2017-02-25,27,1514,1541
944,2017-02-26,4,1385,1389
944,2017-02-27,26,1954,1980
944,2017-03-01,56,2579,2635
944,2017-03-02,83,2919,3002
944,2017-03-03,74,2728,2802
944,2017-03-06,70,2603,2673
944,2017-03-07,63,2823,2886
944,2017-03-08,80,2681,2761
944,2017-03-09,53,2709,2762
944,2017-03-11,28,2034,2062
944,2017-03-12,8,1738,1746
944,2017-03-13,78,2577,2655
944,2017-03-14,72,2806,2878
944,2017-03-16,71,2884,2955
944,2017-03-17,92,2896,2988
944,2017-03-18,42,1881,1923
944,2017-03-19,4,1530,1534
944,2017-03-21,69,2817,2886
944,2017-03-22,84,2686,2770
944,2017-03-23,67,2820,2887
944,2017-03-24,71,2918,2989
944,2017-03-27,63,2659,2722
944,2017-03-28,69,2802,2871
944,2017-03-29,76,2830,2906
944,2017-03-31,72,3138,3210
944,2017-04-01,23,1973,1996
944,2017-04-02,10,1804,1814
944,2017-04-03,62,2735,2797
944,2017-04-05,73,2819,2892
944,2017-04-06,67,2877,2944
944,2017-04-07,81,3122,3203
944,2017-04-08,32,1944,1976
944,2017-04-10,55,2578,2633
944,2017-04-11,53,2788,2841
944,2017-04-12,47,2669,2716
944,2017-04-13,50,2759,2809
944,2017-04-15,23,1858,1881
944,2017-04-16,6,1375,1381
944,2017-04-17,14,1548,1562
944,2017-04-18,64,2734,2798
944,2017-04-20,51,2862,2913
944,2017-04-21,55,2985,3040
944,2017-04-22,35,2264,2299
944,2017-04-23,5,1816,1821
944,2017-04-25,70,2906,2976
944,2017-04-26,103,2938,3041
944,2017-04-27,96,3099,3195
944,2017-04-28,68,3182,3250
944,2017-04-30,7,2083,2090
944,2017-05-01,13,1559,1572
944,2017-05-02,68,2976,3044
944,2017-05-03,90,2844,2934
944,2017-05-05,85,3097,3182
944,2017-05-06,31,2175,2206
944,2017-05-07,4,1899,1903
944,2017-05-08,64,2832,2896
944,2017-05-10,76,2970,3046
944,2017-05-11,63,3038,3101
944,2017-05-12,66,3129,3195
944,2017-05-13,29,2274,2303
944,2017-05-15,79,2950,3029
944,2017-05-16,79,3067,3146
944,2017-05-17,92,2998,3090
944,2017-05-18,72,3049,3121
944,2017-05-20,31,2168,2199
944,2017-05-21,11,1856,1867
944,2017-05-22,74,2911,2985
944,2017-05-23,75,3121,3196
944,2017-05-25,15,2289,2304
944,2017-05-26,72,2793,2865
944,2017-05-27,53,2485,2538
944,2017-05-28,4,2210,2214
944,2017-05-30,63,3266,3329
944,2017-05-31,75,3091,3166
944,2017-06-01,92,3156,3248
944,2017-06-02,114,3254,3368
944,2017-06-04,55,1925,1980
944,2017-06-05,51,2003,2054
944,2017-06-06,84,2958,3042
944,2017-06-07,36,3058,3094
944,2017-06-09,102,3086,3188
944,2017-06-10,26,2361,2387
944,2017-06-11,12,1948,1960
944,2017-06-12,70,2877,2947
944,2017-06-14,85,3132,3217
944,2017-06-15,104,2982,3086
944,2017-06-16,79,3210,3289
944,2017-06-17,34,2491,2525
944,2017-06-19,76,3005,3081
944,2017-06-20,66,3028,3094
944,2017-06-21,68,3014,3082
944,2017-06-22,73,3095,3168
944,2017-06-24,30,2170,2200
944,2017-06-25,8,1745,1753
944,2017-06-26,74,2987,3061
944,2017-06-27,120,2956,3076
944,2017-06-29,72,3066,3138
944,2017-06-30,79,3296,3375
944,2017-07-01,31,2019,2050
944,2017-07-02,9,1934,1943
944,2017-07-04,76,3155,3231
944,2017-07-05,81,3110,3191
944,2017-07-06,83,3075,3158
944,2017-07-07,102,3186,3288
944,2017-07-09,12,1744,1756
944,2017-07-10,96,2784,2880
944,2017-07-11,69,2955,3024
944,2017-07-12,62,3033,3095
944,2017-07-14,100,2978,3078
944,2017-07-15,35,2236,2271
944,2017-07-16,4,1853,1857
944,2017-07-17,52,2807,2859
944,2017-07-19,72,2887,2959
944,2017-07-20,90,3006,3096
944,2017-07-21,46,3034,3080
944,2017-07-22,32,2099,2131
944,2017-07-27,99,2811,2910
944,2017-07-28,97,3012,3109
944,2017-07-29,55,2248,2303
944,2017-07-30,31,1692,1723
944,2017-07-31,169,2303,2472
944,2017-08-01,98,2235,2333
944,2017-08-02,89,2168,2257
944,2017-08-03,107,2160,2267
944,2017-08-04,96,2283,2379
944,2017-08-05,57,1644,1701
944,2017-08-06,74,1584,1658
944,2017-08-07,153,2086,2239
944,2017-08-08,105,2238,2343
944,2017-08-09,137,2251,2388
944,2017-08-10,92,2188,2280
944,2017-08-11,106,2307,2413
944,2017-08-12,42,1761,1803
944,2017-08-13,28,1790,1818
944,2017-08-14,127,2026,2153
944,2017-08-15,47,1597,1644
944,2017-08-16,98,2191,2289
944,2017-08-17,86,2272,2358
944,2017-08-18,67,2379,2446
944,2017-08-19,68,1855,1923
944,2017-08-20,17,2079,2096
944,2017-08-21,89,2408,2497
944,2017-08-22,140,2608,2748
944,2017-08-23,128,2554,2682
944,2017-08-24,160,2662,2822
944,2017-08-25,116,2801,2917
944,2017-08-26,63,1971,2034
944,2017-08-27,23,1726,1749
944,2017-08-28,108,2619,2727
944,2017-08-29,130,2751,2881
944,2017-08-30,114,2716,2830
944,2017-08-31,158,2689,2847
944,2017-09-01,140,2688,2828
944,2017-09-02,100,1818,1918
944,2017-09-03,79,1746,1825
944,2017-09-04,128,2455,2583
944,2017-09-05,111,2675,2786
944,2017-09-06,89,2613,2702
944,2017-09-07,110,2654,2764
944,2017-09-08,80,2868,2948
944,2017-09-09,48,1815,1863
944,2017-09-10,13,1608,1621
944,2017-09-11,108,2654,2762
944,2017-09-12,117,2720,2837
944,2017-09-13,102,2738,2840
944,2017-09-14,91,2872,2963
944,2017-09-15,128,2935,3063
944,2017-09-16,67,1990,2057
944,2017-09-17,28,1911,1939
944,2017-09-18,127,2667,2794
944,2017-09-19,154,2955,3109
944,2017-09-20,117,2735,2852
944,2017-09-21,136,2933,3069
944,2017-09-22,130,3097,3227
944,2017-09-23,79,2359,2438
944,2017-09-24,50,1842,1892
944,2017-09-25,156,2758,2914
944,2017-09-26,143,2910,3053
944,2017-09-27,138,2811,2949
944,2017-09-28,169,3003,3172
944,2017-09-29,128,3057,3185
944,2017-09-30,82,2339,2421
944,2017-10-01,49,1917,1966
944,2017-10-02,182,2703,2885
944,2017-10-03,247,2858,3105
944,2017-10-04,126,2790,2916
944,2017-10-05,95,2817,2912
944,2017-10-06,130,3040,3170
944,2017-10-07,92,2020,2112
944,2017-10-08,20,1824,1844
944,2017-10-09,106,2672,2778
944,2017-10-10,91,2938,3029
944,2017-10-11,131,2851,2982
944,2017-10-12,125,2870,2995
944,2017-10-13,133,2967,3100
944,2017-10-14,155,1998,2153
944,2017-10-15,61,1881,1942
944,2017-10-16,113,2784,2897
944,2017-10-17,142,2935,3077
944,2017-10-18,157,2825,2982
944,2017-10-19,136,3015,3151
944,2017-10-20,150,3075,3225
944,2017-10-21,64,2015,2079
944,2017-10-22,12,1598,1610
944,2017-10-23,158,2663,2821
944,2017-10-24,103,3019,3122
944,2017-10-25,128,2943,3071
944,2017-10-26,147,2979,3126
944,2017-10-27,145,3134,3279
944,2017-10-28,112,1971,2083
944,2017-10-29,71,1733,1804
944,2017-10-30,195,2677,2872
944,2017-11-01,25,1627,1652
944,2017-11-02,187,2559,2746
944,2017-11-03,198,2770,2968
944,2017-11-04,79,1943,2022
944,2017-11-05,29,1697,1726
944,2017-11-06,155,2681,2836
944,2017-11-07,162,2787,2949
944,2017-11-08,148,2777,2925
944,2017-11-09,155,2907,3062
944,2017-11-10,108,3000,3108
944,2017-11-11,31,2007,2038
944,2017-11-12,16,1507,1523
944,2017-11-13,119,2645,2764
944,2017-11-14,149,2808,2957
944,2017-11-15,130,2770,2900
944,2017-11-16,125,2890,3015
944,2017-11-17,118,2863,2981
944,2017-11-18,69,1953,2022
944,2017-11-19,16,1558,1574
944,2017-11-20,137,2664,2801
944,2017-11-21,137,2750,2887
944,2017-11-22,126,2775,2901
944,2017-11-23,126,2768,2894
944,2017-11-24,114,2946,3060
944,2017-11-25,60,2058,2118
944,2017-11-26,24,1566,1590
944,2017-11-27,110,2755,2865
944,2017-11-28,119,2853,2972
944,2017-11-29,146,2753,2899
944,2017-11-30,130,2988,3118
944,2017-12-01,157,2878,3035
944,2017-12-02,71,1918,1989
944,2017-12-03,20,1302,1322
944,2017-12-04,91,2615,2706
944,2017-12-05,117,2816,2933
944,2017-12-06,116,2621,2737
944,2017-12-07,113,2879,2992
944,2017-12-08,136,2905,3041
944,2017-12-09,78,1828,1906
944,2017-12-10,21,989,1010
944,2017-12-11,85,2745,2830
944,2017-12-12,102,2820,2922
944,2017-12-13,72,2256,2328
944,2017-12-14,66,2580,2646
944,2017-12-15,109,2844,2953
944,2017-12-16,56,1841,1897
944,2017-12-17,18,1539,1557
944,2017-12-18,106,2389,2495
944,2017-12-19,112,2605,2717
944,2017-12-20,84,2644,2728
944,2017-12-21,90,2632,2722
944,2017-12-22,67,2683,2750
944,2017-12-23,44,1785,1829
944,2017-12-24,8,1284,1292
944,2017-12-25,8,898,906
944,2017-12-26,12,1292,1304
944,2017-12-27,70,1911,1981
944,2017-12-28,95,1975,2070
944,2017-12-29,69,1674,1743
944,2017-12-30,46,1526,1572
944,2017-12-31,3,1175,1178
946,2017-01-01,22,2529,2551
946,2017-01-02,251,4892,5143
946,2017-01-04,403,5680,6083
946,2017-01-05,443,5890,6333
946,2017-01-06,441,6428,6869
946,2017-01-07,178,3844,4022
946,2017-01-09,517,6395,6912
946,2017-01-10,532,6397,6929
946,2017-01-11,552,6758,7310
946,2017-01-12,564,7312,7876
946,2017-01-14,161,4218,4379
946,2017-01-15,47,4853,4900
946,2017-01-16,568,6995,7563
946,2017-01-17,607,7270,7877
946,2017-01-19,577,7341,7918
946,2017-01-20,590,7766,8356
946,2017-01-21,202,5862,6064
946,2017-01-22,47,6226,6273
946,2017-01-24,555,7094,7649
946,2017-01-25,620,7165,7785
946,2017-01-26,570,7654,8224
946,2017-01-27,580,7916,8496
946,2017-01-29,54,4754,4808
946,2017-01-30,588,7276,7864
946,2017-01-31,672,7581,8253
946,2017-02-01,628,7751,8379
946,2017-02-03,638,8010,8648
946,2017-02-05,55,4840,4895
946,2017-02-06,649,7489,8138
946,2017-02-08,674,7835,8509
946,2017-02-09,692,8074,8766
946,2017-02-10,647,8182,8829
946,2017-02-11,185,4911,5096
946,2017-02-13,649,7468,8117
946,2017-02-14,704,8206,8910
946,2017-02-15,702,8130,8832
946,2017-02-16,752,8130,8882
946,2017-02-18,198,5022,5220
946,2017-02-19,59,5073,5132
946,2017-02-20,737,7505,8242
946,2017-02-21,712,7802,8514
946,2017-02-23,698,7320,8018
946,2017-02-24,674,7960,8634
946,2017-02-25,204,5342,5546
946,2017-02-26,82,4545,4627
946,2017-03-02,730,8362,9092
946,2017-03-03,698,8376,9074
946,2017-03-05,52,4730,4782
946,2017-03-06,738,7800,8538
946,2017-03-07,704,7972,8676
946,2017-03-08,744,7876,8620
946,2017-03-10,704,8822,9526
946,2017-03-11,223,5644,5867
946,2017-03-12,39,5602,5641
946,2017-03-13,701,7967,8668
946,2017-03-15,802,8226,9028
946,2017-03-16,755,8565,9320
946,2017-03-17,849,8811,9660
946,2017-03-18,206,5582,5788
946,2017-03-20,785,7880,8665
946,2017-03-21,832,8576,9408
946,2017-03-22,836,8196,9032
946,2017-03-23,828,8889,9717
946,2017-03-25,245,5785,6030
946,2017-03-27,769,8311,9080
946,2017-03-28,937,8657,9594
946,2017-03-30,843,8963,9806
946,2017-03-31,834,9257,10091
946,2017-04-01,243,5903,6146
946,2017-04-02,59,6121,6180
946,2017-04-04,761,8611,9372
946,2017-04-05,796,8390,9186
946,2017-04-06,813,8837,9650
946,2017-04-07,778,9052,9830
946,2017-04-09,90,6223,6313
946,2017-04-10,724,7998,8722
946,2017-04-11,768,8275,9043
946,2017-04-12,814,8398,9212
946,2017-04-14,696,9395,10091
946,2017-04-15,254,5660,5914
946,2017-04-16,62,4810,4872
946,2017-04-17,62,4678,4740
946,2017-04-19,734,8432,9166
946,2017-04-20,789,8719,9508
946,2017-04-21,778,8976,9754
946,2017-04-22,270,6118,6388
946,2017-04-24,805,8341,9146
946,2017-04-25,803,8653,9456
946,2017-04-26,752,8541,9293
946,2017-04-27,847,9354,10201
946,2017-04-29,302,7441,7743
946,2017-04-30,64,6736,6800
946,2017-05-01,142,5507,5649
946,2017-05-02,811,8632,9443
946,2017-05-04,882,8958,9840
946,2017-05-05,813,9539,10352
946,2017-05-06,258,6329,6587
946,2017-05-07,72,5903,5975
946,2017-05-09,777,8568,9345
946,2017-05-10,821,8922,9743
946,2017-05-11,791,8966,9757
946,2017-05-12,736,9188,9924
946,2017-05-13,266,6522,6788
946,2017-05-15,815,8536,9351
946,2017-05-16,877,9018,9895
946,2017-05-17,843,8871,9714
946,2017-05-18,808,9132,9940
946,2017-05-20,232,6314,6546
946,2017-05-21,78,6447,6525
946,2017-05-22,760,8583,9343
946,2017-05-23,767,8775,9542
946,2017-05-25,184,7385,7569
946,2017-05-26,586,8568,9154
946,2017-05-27,249,7309,7558
946,2017-05-28,115,8208,8323
946,2017-05-30,826,9010,9836
946,2017-05-31,771,8871,9642
946,2017-06-01,838,9464,10302
946,2017-06-02,836,11012,11848
946,2017-06-04,60,6780,6840
946,2017-06-05,157,7503,7660
946,2017-06-06,746,8332,9078
946,2017-06-07,746,8148,8894
946,2017-06-09,752,10006,10758
946,2017-06-10,233,6751,6984
946,2017-06-11,93,7107,7200
946,2017-06-12,800,9061,9861
946,2017-06-14,839,9226,10065
946,2017-06-15,1072,9582,10654
946,2017-06-16,841,10160,11001
946,2017-06-17,297,7267,7564
946,2017-06-19,822,8938,9760
946,2017-06-20,892,9210,10102
946,2017-06-21,822,9163,9985
946,2017-06-22,888,9667,10555
946,2017-06-24,251,6111,6362
946,2017-06-25,98,6346,6444
946,2017-06-26,812,9120,9932
946,2017-06-27,873,9138,10011
946,2017-06-29,836,9560,10396
946,2017-06-30,816,10102,10918
946,2017-07-01,270,6712,6982
946,2017-07-02,91,6752,6843
946,2017-07-04,777,9085,9862
946,2017-07-05,797,9431,10228
946,2017-07-06,852,9400,10252
946,2017-07-07,772,10230,11002
946,2017-07-09,121,7007,7128
946,2017-07-10,790,9174,9964
946,2017-07-11,780,9026,9806
946,2017-07-12,744,9038,9782
946,2017-07-14,808,11410,12218
946,2017-07-15,316,7806,8122
946,2017-07-16,136,7489,7625
946,2017-07-17,690,9212,9902
946,2017-07-19,874,9186,10060
946,2017-07-20,764,9716,10480
946,2017-07-21,748,10664,11412
946,2017-07-22,342,7626,7968
946,2017-07-26,1241,8597,9838
946,2017-07-27,1071,8852,9923
946,2017-07-28,962,8575,9537
946,2017-07-29,542,6860,7402
946,2017-07-30,350,7032,7382
946,2017-07-31,846,7142,7988
946,2017-08-01,811,7233,8044
946,2017-08-02,805,7142,7947
946,2017-08-03,894,7285,8179
946,2017-08-04,907,8154,9061
946,2017-08-05,567,6716,7283
946,2017-08-06,375,6917,7292
946,2017-08-07,890,7078,7968
946,2017-08-08,812,6893,7705
946,2017-08-09,854,6796,7650
946,2017-08-10,738,6824,7562
946,2017-08-11,994,7703,8697
946,2017-08-12,464,6219,6683
946,2017-08-13,267,6379,6646
946,2017-08-14,813,6690,7503
946,2017-08-15,344,4989,5333
946,2017-08-16,991,7160,8151
946,2017-08-17,1037,7083,8120
946,2017-08-18,820,7468,8288
946,2017-08-19,542,6100,6642
946,2017-08-20,273,6700,6973
946,2017-08-21,1237,7753,8990
946,2017-08-22,1223,8088,9311
946,2017-08-23,1255,8482,9737
946,2017-08-24,1363,8827,10190
946,2017-08-25,1379,9289,10668
946,2017-08-26,440,6406,6846
946,2017-08-27,201,6522,6723
946,2017-08-28,1333,8323,9656
946,2017-08-29,1290,8421,9711
946,2017-08-30,1425,8224,9649
946,2017-08-31,1272,8484,9756
946,2017-09-01,1239,9100,10339
946,2017-09-02,441,6179,6620
946,2017-09-03,238,6770,7008
946,2017-09-04,1273,8068,9341
946,2017-09-05,1351,8165,9516
946,2017-09-06,1384,8083,9467
946,2017-09-07,1306,8322,9628
946,2017-09-08,1330,9006,10336
946,2017-09-09,442,5770,6212
946,2017-09-10,195,6250,6445
946,2017-09-11,1226,8141,9367
946,2017-09-12,1340,8424,9764
946,2017-09-13,1356,8374,9730
946,2017-09-14,1272,8845,10117
946,2017-09-15,1369,9138,10507
946,2017-09-16,459,6157,6616
946,2017-09-17,212,6435,6647
946,2017-09-18,1273,8105,9378
946,2017-09-19,1336,8270,9606
946,2017-09-20,1402,8374,9776
946,2017-09-21,1464,8767,10231
946,2017-09-22,1493,9076,10569
946,2017-09-23,515,6268,6783
946,2017-09-24,231,6494,6725
946,2017-09-25,1258,8283,9541
946,2017-09-26,1272,8363,9635
946,2017-09-27,1344,9048,10392
946,2017-09-28,1396,9135,10531
946,2017-09-29,1329,9399,10728
946,2017-09-30,359,6730,7089
946,2017-10-01,143,6345,6488
946,2017-10-02,1155,8241,9396
946,2017-10-03,1348,8924,10272
946,2017-10-04,1381,8194,9575
946,2017-10-05,1295,8628,9923
946,2017-10-06,1282,9031,10313
946,2017-10-07,342,5893,6235
946,2017-10-08,144,6175,6319
946,2017-10-09,1325,8007,9332
946,2017-10-10,1327,8308,9635
946,2017-10-11,1404,8178,9582
946,2017-10-12,1353,8724,10077
946,2017-10-13,1285,9226,10511
946,2017-10-14,462,6629,7091
946,2017-10-15,144,6956,7100
946,2017-10-16,1370,8399,9769
946,2017-10-17,1397,8567,9964
946,2017-10-18,1365,8360,9725
946,2017-10-19,1417,8477,9894
946,2017-10-20,1387,9160,10547
946,2017-10-21,387,6086,6473
946,2017-10-22,112,5790,5902
946,2017-10-23,1302,8101,9403
946,2017-10-24,1304,8330,9634
946,2017-10-25,1450,8278,9728
946,2017-10-26,1434,8510,9944
946,2017-10-27,1267,9123,10390
946,2017-10-28,418,6085,6503
946,2017-10-29,158,6103,6261
946,2017-10-30,1276,8191,9467
946,2017-11-01,228,5685,5913
946,2017-11-02,1290,8380,9670
946,2017-11-03,1200,8620,9820
946,2017-11-04,316,5573,5889
946,2017-11-05,119,5627,5746
946,2017-11-06,1352,7899,9251
946,2017-11-07,1314,8305,9619
946,2017-11-08,1195,8214,9409
946,2017-11-09,1184,8510,9694
946,2017-11-10,1169,8995,10164
946,2017-11-11,315,5782,6097
946,2017-11-12,114,5085,5199
946,2017-11-13,1172,7922,9094
946,2017-11-14,1308,8144,9452
946,2017-11-15,1348,8044,9392
946,2017-11-16,1335,8448,9783
946,2017-11-17,1262,8637,9899
946,2017-11-18,324,5628,5952
946,2017-11-19,103,5370,5473
946,2017-11-20,1178,7842,9020
946,2017-11-21,1226,8161,9387
946,2017-11-22,1271,8012,9283
946,2017-11-23,1266,8271,9537
946,2017-11-24,1158,8692,9850
946,2017-11-25,324,5826,6150
946,2017-11-26,97,5169,5266
946,2017-11-27,1142,7904,9046
946,2017-11-28,1258,8210,9468
946,2017-11-29,1182,7911,9093
946,2017-11-30,1212,8284,9496
946,2017-12-01,1105,8430,9535
946,2017-12-02,313,5761,6074
946,2017-12-03,97,4698,4795
946,2017-12-04,1307,7594,8901
946,2017-12-05,1324,8307,9631
946,2017-12-06,1357,7827,9184
946,2017-12-07,1233,8334,9567
946,2017-12-08,1274,8189,9463
946,2017-12-09,310,5302,5612
946,2017-12-10,90,3453,3543
946,2017-12-11,1121,7627,8748
946,2017-12-12,1157,8145,9302
946,2017-12-13,1196,7695,8891
946,2017-12-14,1182,7662,8844
946,2017-12-15,997,8015,9012
946,2017-12-16,290,5613,5903
946,2017-12-17,92,5296,5388
946,2017-12-18,827,6850,7677
946,2017-12-19,890,7291,8181
946,2017-12-20,934,7217,8151
946,2017-12-21,841,7343,8184
946,2017-12-22,712,6999,7711
946,2017-12-23,275,5342,5617
946,2017-12-24,46,3815,3861
946,2017-12-25,45,2902,2947
946,2017-12-26,96,4261,4357
946,2017-12-27,507,5691,6198
946,2017-12-28,502,5658,6160
946,2017-12-29,431,5489,5920
946,2017-12-30,216,5100,5316
946,2017-12-31,55,3671,3726
947,2017-01-01,17,1130,1147
947,2017-01-02,192,4230,4422
947,2017-01-04,262,4470,4732
947,2017-01-05,291,4676,4967
947,2017-01-06,299,4885,5184
947,2017-01-07,120,3537,3657
947,2017-01-09,290,4373,4663
947,2017-01-10,283,4265,4548
947,2017-01-11,287,4651,4938
947,2017-01-12,305,4875,5180
947,2017-01-14,136,3331,3467
947,2017-01-15,25,4064,4089
947,2017-01-16,304,4380,4684
947,2017-01-17,332,4477,4809
947,2017-01-19,316,4691,5007
947,2017-01-20,343,5033,5376
947,2017-01-21,140,4885,5025
947,2017-01-22,32,5353,5385
947,2017-01-24,340,7557,7897
947,2017-01-25,348,8146,8494
947,2017-01-26,334,8412,8746
947,2017-01-27,359,8621,8980
947,2017-01-29,29,4825,4854
947,2017-01-30,315,8123,8438
947,2017-01-31,366,8189,8555
947,2017-02-01,339,8160,8499
947,2017-02-03,337,5067,5404
947,2017-02-04,186,4682,4868
947,2017-02-05,63,5794,5857
947,2017-02-06,345,4695,5040
947,2017-02-08,406,4462,4868
947,2017-02-09,365,4741,5106
947,2017-02-10,351,5160,5511
947,2017-02-11,146,4382,4528
947,2017-02-13,355,4711,5066
947,2017-02-14,388,5248,5636
947,2017-02-15,375,4926,5301
947,2017-02-16,349,4909,5258
947,2017-02-18,146,4939,5085
947,2017-02-19,33,5468,5501
947,2017-02-20,317,4590,4907
947,2017-02-21,319,4703,5022
947,2017-03-10,415,5469,5884
947,2017-03-11,151,4996,5147
947,2017-03-12,31,6023,6054
947,2017-03-13,389,4697,5086
947,2017-03-15,439,4761,5200
947,2017-03-16,422,5245,5667
947,2017-03-17,403,5209,5612
947,2017-03-18,70,4796,4866
947,2017-03-20,374,4567,4941
947,2017-03-21,320,4938,5258
947,2017-03-22,405,4857,5262
947,2017-03-23,420,5077,5497
947,2017-03-25,168,5217,5385
947,2017-03-27,385,4853,5238
947,2017-03-28,424,4971,5395
947,2017-03-30,464,5334,5798
947,2017-03-31,402,5826,6228
947,2017-04-01,140,5297,5437
947,2017-04-02,20,6284,6304
947,2017-04-04,421,5328,5749
947,2017-04-05,414,5290,5704
947,2017-04-06,434,5790,6224
947,2017-04-07,408,5642,6050
947,2017-04-09,45,6250,6295
947,2017-04-10,374,5337,5711
947,2017-04-11,486,5286,5772
947,2017-04-12,389,5482,5871
947,2017-04-14,370,6744,7114
947,2017-04-15,132,5858,5990
947,2017-04-16,21,4521,4542
947,2017-04-17,50,5736,5786
947,2017-04-19,403,5213,5616
947,2017-04-20,422,5417,5839
947,2017-04-21,423,5552,5975
947,2017-04-22,207,5023,5230
947,2017-04-24,413,4917,5330
947,2017-04-25,417,5357,5774
947,2017-04-26,416,5233,5649
947,2017-04-27,381,5586,5967
947,2017-04-29,175,5987,6162
947,2017-04-30,47,6536,6583
947,2017-05-01,59,6130,6189
947,2017-05-02,425,5172,5597
947,2017-05-04,482,5310,5792
947,2017-05-05,423,5879,6302
947,2017-05-06,144,5214,5358
947,2017-05-07,30,6346,6376
947,2017-05-09,393,5062,5455
947,2017-05-10,399,5413,5812
947,2017-05-11,382,5565,5947
947,2017-05-12,391,5960,6351
947,2017-05-14,38,5823,5861
947,2017-05-15,391,5395,5786
947,2017-05-16,428,5319,5747
947,2017-05-17,372,5474,5846
947,2017-05-19,296,5744,6040
947,2017-05-20,158,5425,5583
947,2017-05-21,38,6103,6141
947,2017-05-22,397,5314,5711
947,2017-05-24,390,6065,6455
947,2017-05-25,66,6828,6894
947,2017-05-26,317,6383,6700
947,2017-05-27,226,6107,6333
947,2017-05-29,384,5366,5750
947,2017-05-30,379,5581,5960
947,2017-05-31,387,5616,6003
947,2017-06-01,387,5864,6251
947,2017-06-03,168,6140,6308
947,2017-06-04,32,7087,7119
947,2017-06-05,50,6605,6655
947,2017-06-06,316,5308,5624
947,2017-06-08,284,5401,5685
947,2017-06-09,298,5869,6167
947,2017-06-10,145,5444,5589
947,2017-06-11,23,5708,5731
947,2017-06-13,405,5301,5706
947,2017-06-14,395,5399,5794
947,2017-06-15,472,5782,6254
947,2017-06-16,418,6696,7114
947,2017-06-18,42,5795,5837
947,2017-06-19,386,5376,5762
947,2017-06-20,404,5457,5861
947,2017-06-21,393,5570,5963
947,2017-06-23,80,4494,4574
947,2017-06-24,165,5631,5796
947,2017-06-25,37,5882,5919
947,2017-06-26,378,5418,5796
947,2017-06-28,456,5598,6054
947,2017-06-29,414,5640,6054
947,2017-06-30,410,6019,6429
947,2017-07-01,128,5715,5843
947,2017-07-03,233,4355,4588
947,2017-07-04,384,5733,6117
947,2017-07-05,387,5734,6121
947,2017-07-06,534,5712,6246
947,2017-07-08,132,5689,5821
947,2017-07-09,38,6266,6304
947,2017-07-10,486,5766,6252
947,2017-07-11,372,5571,5943
947,2017-07-13,387,5763,6150
947,2017-07-14,468,5830,6298
947,2017-07-15,173,5447,5620
947,2017-07-16,46,6465,6511
947,2017-07-18,367,5664,6031
947,2017-07-19,424,5554,5978
947,2017-07-20,470,6032,6502
947,2017-07-21,299,6952,7251
947,2017-07-26,457,5718,6175
947,2017-07-27,381,5999,6380
947,2017-07-28,382,5955,6337
947,2017-07-29,170,5248,5418
947,2017-07-30,45,5952,5997
947,2017-08-02,305,5053,5358
947,2017-08-03,337,5214,5551
947,2017-08-04,347,5530,5877
947,2017-08-05,159,5315,5474
947,2017-08-06,77,5706,5783
947,2017-08-07,365,4835,5200
947,2017-08-08,344,5174,5518
947,2017-08-09,355,4921,5276
947,2017-08-10,330,5560,5890
947,2017-08-11,350,5475,5825
947,2017-08-12,134,5273,5407
947,2017-08-13,49,5745,5794
947,2017-08-14,338,4894,5232
947,2017-08-15,82,5252,5334
947,2017-08-16,364,4910,5274
947,2017-08-17,380,5096,5476
947,2017-08-18,344,5513,5857
947,2017-08-19,177,4774,4951
947,2017-08-20,45,5585,5630
947,2017-08-21,433,5050,5483
947,2017-08-22,464,5301,5765
947,2017-08-23,519,5443,5962
947,2017-08-24,497,5602,6099
947,2017-08-25,465,5886,6351
947,2017-08-26,171,4889,5060
947,2017-08-27,47,5129,5176
947,2017-08-28,405,5165,5570
947,2017-08-29,440,5455,5895
947,2017-08-30,473,5534,6007
947,2017-09-02,189,5027,5216
947,2017-09-03,46,5642,5688
947,2017-09-04,436,5107,5543
947,2017-09-05,475,5183,5658
947,2017-09-06,502,5209,5711
947,2017-09-07,464,5262,5726
947,2017-09-08,422,5723,6145
947,2017-09-09,174,5521,5695
947,2017-09-10,54,5982,6036
947,2017-09-11,426,5081,5507
947,2017-09-12,455,5186,5641
947,2017-09-13,479,5251,5730
947,2017-09-14,499,5528,6027
947,2017-09-15,409,5125,5534
947,2017-09-16,39,2450,2489
947,2017-09-17,42,5567,5609
947,2017-09-18,442,5057,5499
947,2017-09-19,465,4957,5422
947,2017-09-20,530,5136,5666
947,2017-09-21,559,5272,5831
947,2017-09-22,542,5519,6061
947,2017-09-23,196,5052,5248
947,2017-09-24,70,5851,5921
947,2017-09-25,525,5245,5770
947,2017-09-26,559,5441,6000
947,2017-09-27,531,5330,5861
947,2017-09-28,580,5339,5919
947,2017-09-29,498,5744,6242
947,2017-10-01,54,6132,6186
947,2017-10-02,489,5137,5626
947,2017-10-03,556,5843,6399
947,2017-10-04,570,4965,5535
947,2017-10-05,528,5320,5848
947,2017-10-06,511,5775,6286
947,2017-10-07,182,4795,4977
947,2017-10-08,45,6172,6217
947,2017-10-09,486,4995,5481
947,2017-10-10,578,5006,5584
947,2017-10-11,553,5176,5729
947,2017-10-12,530,5400,5930
947,2017-10-13,535,5761,6296
947,2017-10-14,177,5367,5544
947,2017-10-15,97,6097,6194
947,2017-10-16,558,5181,5739
947,2017-10-17,539,5044,5583
947,2017-10-18,504,5338,5842
947,2017-10-19,546,5368,5914
947,2017-10-20,494,5814,6308
947,2017-10-21,170,4957,5127
947,2017-10-22,25,5828,5853
947,2017-10-23,460,5007,5467
947,2017-10-24,449,5039,5488
947,2017-10-25,523,5299,5822
947,2017-10-26,475,5362,5837
947,2017-10-27,507,5945,6452
947,2017-10-28,159,5162,5321
947,2017-10-29,36,6284,6320
947,2017-10-30,497,5650,6147
947,2017-11-01,49,5344,5393
947,2017-11-02,504,5644,6148
947,2017-11-03,494,5660,6154
947,2017-11-04,189,4780,4969
947,2017-11-05,32,5713,5745
947,2017-11-06,492,4944,5436
947,2017-11-07,470,5008,5478
947,2017-11-08,471,5269,5740
947,2017-11-09,492,5241,5733
947,2017-11-10,461,5652,6113
947,2017-11-11,149,5899,6048
947,2017-11-12,29,5353,5382
947,2017-11-13,429,5157,5586
947,2017-11-14,494,4813,5307
947,2017-11-15,470,5215,5685
947,2017-11-16,476,5368,5844
947,2017-11-17,492,5765,6257
947,2017-11-18,150,4874,5024
947,2017-11-19,33,5798,5831
947,2017-11-20,433,4726,5159
947,2017-11-21,451,4965,5416
947,2017-11-22,484,5097,5581
947,2017-11-23,459,5071,5530
947,2017-11-24,482,5787,6269
947,2017-11-25,159,4991,5150
947,2017-11-26,33,5364,5397
947,2017-11-27,415,5085,5500
947,2017-11-28,458,5344,5802
947,2017-11-29,366,4474,4840
947,2017-11-30,386,4608,4994
947,2017-12-01,556,6145,6701
947,2017-12-02,149,5502,5651
947,2017-12-03,28,5026,5054
947,2017-12-04,441,5312,5753
947,2017-12-05,481,5421,5902
947,2017-12-06,482,5599,6081
947,2017-12-07,485,5518,6003
947,2017-12-08,500,5737,6237
947,2017-12-09,157,4962,5119
947,2017-12-10,46,3359,3405
947,2017-12-11,422,5358,5780
947,2017-12-12,431,5123,5554
947,2017-12-13,308,3260,3568
947,2017-12-14,272,2930,3202
947,2017-12-15,439,5679,6118
947,2017-12-16,149,5472,5621
947,2017-12-17,24,5873,5897
947,2017-12-18,343,5319,5662
947,2017-12-19,410,6065,6475
947,2017-12-20,406,6231,6637
947,2017-12-21,389,6474,6863
947,2017-12-22,322,6952,7274
947,2017-12-23,154,6516,6670
947,2017-12-24,24,4519,4543
947,2017-12-25,13,1170,1183
947,2017-12-26,43,4800,4843
947,2017-12-27,306,5477,5783
947,2017-12-28,307,5251,5558
947,2017-12-29,229,5420,5649
947,2017-12-30,143,6423,6566
947,2017-12-31,23,4663,4686
1111,2017-01-02,133,2344,2477
1111,2017-01-03,141,2729,2870
1111,2017-01-04,119,2842,2961
1111,2017-01-05,155,3029,3184
1111,2017-01-07,104,2119,2223
1111,2017-01-08,48,1811,1859
1111,2017-01-09,196,2947,3143
1111,2017-01-10,198,3136,3334
1111,2017-01-11,179,3369,3548
1111,2017-01-12,188,3252,3440
1111,2017-01-13,192,3179,3371
1111,2017-01-14,102,2420,2522
1111,2017-01-15,47,2076,2123
1111,2017-01-16,197,3095,3292
1111,2017-01-17,193,3351,3544
1111,2017-01-19,199,3361,3560
1111,2017-01-20,199,3349,3548
1111,2017-01-21,110,2715,2825
1111,2017-01-22,44,2461,2505
1111,2017-01-24,195,3143,3338
1111,2017-01-25,190,3242,3432
1111,2017-01-26,181,3261,3442
1111,2017-01-27,201,3449,3650
1111,2017-01-29,46,2054,2100
1111,2017-01-30,200,3157,3357
1111,2017-01-31,191,3297,3488
1111,2017-02-01,224,3378,3602
1111,2017-02-03,204,3512,3716
1111,2017-02-04,106,2674,2780
1111,2017-02-05,50,2254,2304
1111,2017-02-06,222,3186,3408
1111,2017-02-08,225,3370,3595
1111,2017-02-09,212,3420,3632
1111,2017-02-10,208,3536,3744
1111,2017-02-11,102,2806,2908
1111,2017-02-13,217,3259,3476
1111,2017-02-14,237,3601,3838
1111,2017-02-15,212,3389,3601
1111,2017-02-16,216,3454,3670
1111,2017-02-18,111,2774,2885
1111,2017-02-19,46,2569,2615
1111,2017-02-20,182,3175,3357
1111,2017-02-21,200,3368,3568
1111,2017-02-23,210,3421,3631
1111,2017-02-24,199,3540,3739
1111,2017-02-25,113,2753,2866
1111,2017-02-26,102,2581,2683
1111,2017-02-28,220,4098,4318
1111,2017-03-01,194,3386,3580
1111,2017-03-02,206,3651,3857
1111,2017-03-03,211,3577,3788
1111,2017-03-05,49,2253,2302
1111,2017-03-06,230,3312,3542
1111,2017-03-07,233,3254,3487
1111,2017-03-08,243,3198,3441
1111,2017-03-10,259,3657,3916
1111,2017-03-11,107,3109,3216
1111,2017-03-12,50,3388,3438
1111,2017-03-13,220,3357,3577
1111,2017-03-15,229,3552,3781
1111,2017-03-16,256,3703,3959
1111,2017-03-17,237,3696,3933
1111,2017-03-18,112,2911,3023
1111,2017-03-20,276,3190,3466
1111,2017-03-21,215,3441,3656
1111,2017-03-22,248,3357,3605
1111,2017-03-23,231,3623,3854
1111,2017-03-25,115,3303,3418
1111,2017-03-27,222,3588,3810
1111,2017-03-28,249,3801,4050
1111,2017-03-30,247,3959,4206
1111,2017-03-31,237,4008,4245
1111,2017-04-01,120,3141,3261
1111,2017-04-02,49,3454,3503
1111,2017-04-04,228,3820,4048
1111,2017-04-05,237,3737,3974
1111,2017-04-06,219,3854,4073
1111,2017-04-07,245,4137,4382
1111,2017-04-09,54,4435,4489
1111,2017-04-10,204,3408,3612
1111,2017-04-11,222,3684,3906
1111,2017-04-12,225,3701,3926
1111,2017-04-14,164,4313,4477
1111,2017-04-15,117,3508,3625
1111,2017-04-16,49,3328,3377
1111,2017-04-17,55,2757,2812
1111,2017-04-19,279,3348,3627
1111,2017-04-20,253,3628,3881
1111,2017-04-21,216,3787,4003
1111,2017-04-22,112,3150,3262
1111,2017-04-24,256,3572,3828
1111,2017-04-25,266,3646,3912
1111,2017-04-26,288,3675,3963
1111,2017-04-28,324,4195,4519
1111,2017-04-29,212,3951,4163
1111,2017-04-30,76,4583,4659
1111,2017-05-01,69,2671,2740
1111,2017-05-02,341,3618,3959
1111,2017-05-03,297,3595,3892
1111,2017-05-04,315,3846,4161
1111,2017-05-05,336,3931,4267
1111,2017-05-06,197,3642,3839
1111,2017-05-07,74,3343,3417
1111,2017-05-08,411,3368,3779
1111,2017-05-09,364,3672,4036
1111,2017-05-10,419,3703,4122
1111,2017-05-11,371,3774,4145
1111,2017-05-12,337,3873,4210
1111,2017-05-13,140,3500,3640
1111,2017-05-14,75,3159,3234
1111,2017-05-15,310,3463,3773
1111,2017-05-16,402,3645,4047
1111,2017-05-17,365,3622,3987
1111,2017-05-18,411,3738,4149
1111,2017-05-19,291,3797,4088
1111,2017-05-20,172,3526,3698
1111,2017-05-21,69,3636,3705
1111,2017-05-22,302,3420,3722
1111,2017-05-23,354,3644,3998
1111,2017-05-24,450,3937,4387
1111,2017-05-25,98,4987,5085
1111,2017-05-26,320,5633,5953
1111,2017-05-27,176,4943,5119
1111,2017-05-28,117,4250,4367
1111,2017-05-29,320,3493,3813
1111,2017-05-30,350,3699,4049
1111,2017-05-31,349,3787,4136
1111,2017-06-01,365,3985,4350
1111,2017-06-02,372,4207,4579
1111,2017-06-03,165,4058,4223
1111,2017-06-04,86,4441,4527
1111,2017-06-05,130,4389,4519
1111,2017-06-06,361,4018,4379
1111,2017-06-07,337,3697,4034
1111,2017-06-08,329,3741,4070
1111,2017-06-09,314,3800,4114
1111,2017-06-10,178,4046,4224
1111,2017-06-11,74,4528,4602
1111,2017-06-12,352,3471,3823
1111,2017-06-13,381,3909,4290
1111,2017-06-14,347,3890,4237
1111,2017-06-15,287,4445,4732
1111,2017-06-16,390,4650,5040
1111,2017-06-17,251,4762,5013
1111,2017-06-18,151,4260,4411
1111,2017-06-19,337,3611,3948
1111,2017-06-20,359,3651,4010
1111,2017-06-21,372,3695,4067
1111,2017-06-22,386,3901,4287
1111,2017-06-23,90,3161,3251
1111,2017-06-24,175,3749,3924
1111,2017-06-25,91,3315,3406
1111,2017-06-26,375,3695,4070
1111,2017-06-27,353,3603,3956
1111,2017-06-28,311,3566,3877
1111,2017-06-29,348,3725,4073
1111,2017-06-30,368,4168,4536
1111,2017-07-01,156,3498,3654
1111,2017-07-02,77,3658,3735
1111,2017-07-03,414,3638,4052
1111,2017-07-04,450,3766,4216
1111,2017-07-05,461,3929,4390
1111,2017-07-06,538,4032,4570
1111,2017-07-07,466,4149,4615
1111,2017-07-08,311,4131,4442
1111,2017-07-09,90,3739,3829
1111,2017-07-10,453,3554,4007
1111,2017-07-11,500,3964,4464
1111,2017-07-12,362,3885,4247
1111,2017-07-13,336,4180,4516
1111,2017-07-14,337,3935,4272
1111,2017-07-15,178,3973,4151
1111,2017-07-16,81,3917,3998
1111,2017-07-17,347,3784,4131
1111,2017-07-18,322,4173,4495
1111,2017-07-19,318,3948,4266
1111,2017-07-20,314,4239,4553
1111,2017-07-21,320,4594,4914
1111,2017-07-22,228,4416,4644
1111,2017-07-23,81,4724,4805
1111,2017-07-24,393,3791,4184
1111,2017-07-25,429,4109,4538
1111,2017-07-26,404,4157,4561
1111,2017-07-27,392,4075,4467
1111,2017-07-28,250,4289,4539
1111,2017-07-29,158,4083,4241
1111,2017-07-30,80,4115,4195
1111,2017-07-31,247,3757,4004
1111,2017-08-01,208,3719,3927
1111,2017-08-02,246,4133,4379
1111,2017-08-03,248,4115,4363
1111,2017-08-04,255,4094,4349
1111,2017-08-05,150,4145,4295
1111,2017-08-06,79,4509,4588
1111,2017-08-07,232,3833,4065
1111,2017-08-08,252,3580,3832
1111,2017-08-09,236,3805,4041
1111,2017-08-10,243,3803,4046
1111,2017-08-11,250,3904,4154
1111,2017-08-12,153,3886,4039
1111,2017-08-13,74,4808,4882
1111,2017-08-14,232,4108,4340
1111,2017-08-15,87,3233,3320
1111,2017-08-16,241,3823,4064
1111,2017-08-17,275,3764,4039
1111,2017-08-18,240,3432,3672
1111,2017-08-19,144,3279,3423
1111,2017-08-20,80,3707,3787
1111,2017-08-21,406,3330,3736
1111,2017-08-22,431,3800,4231
1111,2017-08-23,394,3870,4264
1111,2017-08-24,396,4302,4698
1111,2017-08-25,284,3609,3893
1111,2017-08-26,167,3741,3908
1111,2017-08-27,71,3795,3866
1111,2017-08-28,274,3483,3757
1111,2017-08-29,324,3633,3957
1111,2017-08-30,332,3444,3776
1111,2017-08-31,347,3448,3795
1111,2017-09-01,297,3448,3745
1111,2017-09-02,143,3074,3217
1111,2017-09-03,57,3692,3749
1111,2017-09-04,283,3206,3489
1111,2017-09-05,312,3251,3563
1111,2017-09-06,537,3590,4127
1111,2017-09-07,604,3719,4323
1111,2017-09-08,639,3732,4371
1111,2017-09-09,236,3231,3467
1111,2017-09-10,85,3061,3146
1111,2017-09-11,622,3404,4026
1111,2017-09-12,617,3692,4309
1111,2017-09-13,572,3596,4168
1111,2017-09-14,595,3834,4429
1111,2017-09-15,628,3941,4569
1111,2017-09-16,215,3325,3540
1111,2017-09-17,62,3238,3300
1111,2017-09-18,644,3553,4197
1111,2017-09-19,731,3851,4582
1111,2017-09-20,650,3656,4306
1111,2017-09-21,716,3960,4676
1111,2017-09-22,676,4279,4955
1111,2017-09-23,260,3751,4011
1111,2017-09-24,65,3667,3732
1111,2017-09-25,665,3657,4322
1111,2017-09-26,624,4001,4625
1111,2017-09-27,723,4007,4730
1111,2017-09-28,635,4129,4764
1111,2017-09-29,649,4126,4775
1111,2017-09-30,188,3462,3650
1111,2017-10-01,73,3296,3369
1111,2017-10-02,566,3506,4072
1111,2017-10-03,312,4159,4471
1111,2017-10-04,688,3712,4400
1111,2017-10-05,619,3792,4411
1111,2017-10-06,536,4033,4569
1111,2017-10-07,256,3429,3685
1111,2017-10-08,69,3068,3137
1111,2017-10-09,557,3401,3958
1111,2017-10-10,553,3506,4059
1111,2017-10-11,602,3584,4186
1111,2017-10-12,598,3613,4211
1111,2017-10-13,588,3850,4438
1111,2017-10-14,199,3623,3822
1111,2017-10-15,61,4355,4416
1111,2017-10-16,551,3693,4244
1111,2017-10-17,611,3840,4451
1111,2017-10-18,621,3716,4337
1111,2017-10-19,684,3738,4422
1111,2017-10-20,673,3858,4531
1111,2017-10-21,282,3295,3577
1111,2017-10-22,71,2690,2761
1111,2017-10-23,627,3499,4126
1111,2017-10-24,649,3556,4205
1111,2017-10-25,570,3625,4195
1111,2017-10-26,609,3876,4485
1111,2017-10-27,515,3807,4322
1111,2017-10-28,172,3233,3405
1111,2017-10-29,66,3099,3165
1111,2017-10-30,329,3441,3770
1111,2017-11-01,80,2818,2898
1111,2017-11-02,289,3619,3908
1111,2017-11-03,329,3599,3928
1111,2017-11-04,165,3122,3287
1111,2017-11-05,50,2907,2957
1111,2017-11-06,359,3493,3852
1111,2017-11-07,380,3702,4082
1111,2017-11-08,355,3545,3900
1111,2017-11-09,310,3835,4145
1111,2017-11-10,245,3432,3677
1111,2017-11-11,145,3148,3293
1111,2017-11-12,45,2638,2683
1111,2017-11-13,373,3860,4233
1111,2017-11-14,363,4293,4656
1111,2017-11-15,399,4182,4581
1111,2017-11-16,427,4420,4847
1111,2017-11-17,347,4337,4684
1111,2017-11-18,148,3533,3681
1111,2017-11-19,63,3071,3134
1111,2017-11-20,340,3957,4297
1111,2017-11-21,398,4047,4445
1111,2017-11-22,339,4109,4448
1111,2017-11-23,336,4108,4444
1111,2017-11-24,327,4051,4378
1111,2017-11-25,138,3246,3384
1111,2017-11-26,47,2626,2673
1111,2017-11-27,314,3584,3898
1111,2017-11-28,349,3753,4102
1111,2017-11-29,337,3648,3985
1111,2017-11-30,346,3737,4083
1111,2017-12-01,304,4003,4307
1111,2017-12-02,166,2995,3161
1111,2017-12-03,51,2257,2308
1111,2017-12-04,371,3468,3839
1111,2017-12-05,393,3641,4034
1111,2017-12-06,345,3566,3911
1111,2017-12-07,340,3576,3916
1111,2017-12-08,324,3731,4055
1111,2017-12-09,167,3065,3232
1111,2017-12-10,45,1781,1826
1111,2017-12-11,294,3412,3706
1111,2017-12-12,337,3623,3960
1111,2017-12-13,336,3538,3874
1111,2017-12-14,310,3822,4132
1111,2017-12-15,302,3700,4002
1111,2017-12-16,130,3017,3147
1111,2017-12-17,60,2658,2718
1111,2017-12-18,218,3164,3382
1111,2017-12-19,233,3378,3611
1111,2017-12-20,231,3330,3561
1111,2017-12-21,230,3271,3501
1111,2017-12-22,209,3224,3433
1111,2017-12-23,120,2666,2786
1111,2017-12-24,38,2122,2160
1111,2017-12-25,28,1814,1842
1111,2017-12-26,41,2077,2118
1111,2017-12-27,178,2645,2823
1111,2017-12-28,194,2869,3063
1111,2017-12-29,198,2729,2927
1111,2017-12-30,136,2468,2604
1111,2017-12-31,46,2194,2240
1113,2017-01-01,11,901,912
1113,2017-01-03,40,1590,1630
1113,2017-01-04,50,1520,1570
1113,2017-01-05,55,1595,1650
1113,2017-01-06,47,1698,1745
1113,2017-01-08,10,1087,1097
1113,2017-01-09,58,1906,1964
1113,2017-01-10,58,1907,1965
1113,2017-01-11,46,1950,1996
1113,2017-01-12,68,2037,2105
1113,2017-01-14,20,1373,1393
1113,2017-01-15,11,1144,1155
1113,2017-01-16,78,1990,2068
1113,2017-01-17,117,2166,2283
1113,2017-01-19,100,2094,2194
1113,2017-01-20,85,2214,2299
1113,2017-01-21,33,1578,1611
1113,2017-01-22,15,1352,1367
1113,2017-01-24,63,2116,2179
1113,2017-01-25,82,2056,2138
1113,2017-01-26,87,2235,2322
1113,2017-01-27,92,2226,2318
1113,2017-01-29,11,1391,1402
1113,2017-01-30,61,2091,2152
1113,2017-01-31,98,2178,2276
1113,2017-02-01,88,2185,2273
1113,2017-02-03,93,2345,2438
1113,2017-02-04,20,1538,1558
1113,2017-02-05,10,1248,1258
1113,2017-02-06,107,2226,2333
1113,2017-02-08,112,2247,2359
1113,2017-02-09,104,2298,2402
1113,2017-02-10,122,2312,2434
1113,2017-02-11,25,1652,1677
1113,2017-02-13,104,2179,2283
1113,2017-02-14,123,2246,2369
1113,2017-02-15,115,2200,2315
1113,2017-02-16,125,2278,2403
1113,2017-02-18,40,1690,1730
1113,2017-02-19,12,1505,1517
1113,2017-02-20,129,1953,2082
1113,2017-02-21,101,2031,2132
1113,2017-02-23,103,1806,1909
1113,2017-02-24,112,2018,2130
1113,2017-02-25,28,1506,1534
1113,2017-02-26,17,1609,1626
1113,2017-02-28,89,2163,2252
1113,2017-03-01,111,2229,2340
1113,2017-03-02,113,2366,2479
1113,2017-03-03,132,2435,2567
1113,2017-03-05,12,1292,1304
1113,2017-03-06,107,2231,2338
1113,2017-03-07,116,2356,2472
1113,2017-03-08,87,2294,2381
1113,2017-03-10,115,2462,2577
1113,2017-03-11,58,1992,2050
1113,2017-03-12,18,1817,1835
1113,2017-03-13,115,2312,2427
1113,2017-03-15,130,2473,2603
1113,2017-03-16,130,2553,2683
1113,2017-03-17,45,731,776
1113,2017-03-18,42,1874,1916
1113,2017-03-19,16,1563,1579
1113,2017-03-20,128,2266,2394
1113,2017-03-21,117,2492,2609
1113,2017-03-22,104,2359,2463
1113,2017-03-23,96,2395,2491
1113,2017-03-24,135,2565,2700
1113,2017-03-25,39,2205,2244
1113,2017-03-27,119,1856,1975
1113,2017-03-28,121,1816,1937
1113,2017-03-29,114,1737,1851
1113,2017-03-30,86,1985,2071
1113,2017-03-31,127,2536,2663
1113,2017-04-01,38,1943,1981
1113,2017-04-02,17,2028,2045
1113,2017-04-03,147,2403,2550
1113,2017-04-04,98,2637,2735
1113,2017-04-05,46,1715,1761
1113,2017-04-06,89,2581,2670
1113,2017-04-07,102,2554,2656
1113,2017-04-08,52,2223,2275
1113,2017-04-09,15,2353,2368
1113,2017-04-10,95,2260,2355
1113,2017-04-11,113,2474,2587
1113,2017-04-12,119,2350,2469
1113,2017-04-13,146,2537,2683
1113,2017-04-14,136,2548,2684
1113,2017-04-15,37,1907,1944
1113,2017-04-16,16,1883,1899
1113,2017-04-17,28,1500,1528
1113,2017-04-18,104,2388,2492
1113,2017-04-19,106,2579,2685
1113,2017-04-20,119,2468,2587
1113,2017-04-21,127,2626,2753
1113,2017-04-22,62,1986,2048
1113,2017-04-23,27,2393,2420
1113,2017-04-24,126,2660,2786
1113,2017-04-25,140,2689,2829
1113,2017-04-26,123,2757,2880
1113,2017-04-27,135,2786,2921
1113,2017-04-28,126,2945,3071
1113,2017-04-29,50,2509,2559
1113,2017-04-30,15,2861,2876
1113,2017-05-01,26,1542,1568
1113,2017-05-02,139,2749,2888
1113,2017-05-03,120,2575,2695
1113,2017-05-04,124,2725,2849
1113,2017-05-05,126,2797,2923
1113,2017-05-06,46,2262,2308
1113,2017-05-07,13,1778,1791
1113,2017-05-08,135,2541,2676
1113,2017-05-09,126,2797,2923
1113,2017-05-10,106,2727,2833
1113,2017-05-11,141,2754,2895
1113,2017-05-12,97,2701,2798
1113,2017-05-13,40,2426,2466
1113,2017-05-14,25,1984,2009
1113,2017-05-15,118,2669,2787
1113,2017-05-16,121,2725,2846
1113,2017-05-17,119,2806,2925
1113,2017-05-18,95,2591,2686
1113,2017-05-19,84,2619,2703
1113,2017-05-20,54,2306,2360
1113,2017-05-21,32,2252,2284
1113,2017-05-22,114,2618,2732
1113,2017-05-23,135,2744,2879
1113,2017-05-24,152,2923,3075
1113,2017-05-25,32,2790,2822
1113,2017-05-26,113,3375,3488
1113,2017-05-27,57,3130,3187
1113,2017-05-28,41,2665,2706
1113,2017-05-29,113,2557,2670
1113,2017-05-30,134,2716,2850
1113,2017-05-31,110,2765,2875
1113,2017-06-01,156,2927,3083
1113,2017-06-02,143,2940,3083
1113,2017-06-03,48,2342,2390
1113,2017-06-04,24,2866,2890
1113,2017-06-05,36,2304,2340
1113,2017-06-06,147,2624,2771
1113,2017-06-07,180,2539,2719
1113,2017-06-08,103,2702,2805
1113,2017-06-09,89,2554,2643
1113,2017-06-10,45,2604,2649
1113,2017-06-11,14,2371,2385
1113,2017-06-12,114,2608,2722
1113,2017-06-13,138,2752,2890
1113,2017-06-14,149,2826,2975
1113,2017-06-15,127,2798,2925
1113,2017-06-16,149,3137,3286
1113,2017-06-17,47,2476,2523
1113,2017-06-18,33,2294,2327
1113,2017-06-19,118,2597,2715
1113,2017-06-20,118,2855,2973
1113,2017-06-21,134,2895,3029
1113,2017-06-22,126,2718,2844
1113,2017-06-23,24,2046,2070
1113,2017-06-24,39,2377,2416
1113,2017-06-25,27,1898,1925
1113,2017-06-26,128,2681,2809
1113,2017-06-27,127,2632,2759
1113,2017-06-28,126,2573,2699
1113,2017-06-29,126,2770,2896
1113,2017-06-30,124,2896,3020
1113,2017-07-01,34,2199,2233
1113,2017-07-02,20,2224,2244
1113,2017-07-03,111,2595,2706
1113,2017-07-04,130,2966,3096
1113,2017-07-05,146,2857,3003
1113,2017-07-06,178,2724,2902
1113,2017-07-07,139,2866,3005
1113,2017-07-08,60,2888,2948
1113,2017-07-09,28,2184,2212
1113,2017-07-10,135,2582,2717
1113,2017-07-11,141,2713,2854
1113,2017-07-12,114,2594,2708
1113,2017-07-13,114,2999,3113
1113,2017-07-14,115,2855,2970
1113,2017-07-15,71,2770,2841
1113,2017-07-16,26,2238,2264
1113,2017-07-17,113,2869,2982
1113,2017-07-18,130,2917,3047
1113,2017-07-19,102,2917,3019
1113,2017-07-20,118,2762,2880
1113,2017-07-21,122,3082,3204
1113,2017-07-22,84,2698,2782
1113,2017-07-23,37,2465,2502
1113,2017-07-24,79,2545,2624
1113,2017-07-25,94,2728,2822
1113,2017-07-26,110,2953,3063
1113,2017-07-27,93,2732,2825
1113,2017-07-28,80,2795,2875
1113,2017-07-29,38,2403,2441
1113,2017-07-30,42,2334,2376
1113,2017-07-31,74,2386,2460
1113,2017-08-01,88,2280,2368
1113,2017-08-02,65,2711,2776
1113,2017-08-03,80,2563,2643
1113,2017-08-04,72,2769,2841
1113,2017-08-05,54,2362,2416
1113,2017-08-06,36,2599,2635
1113,2017-08-07,105,2505,2610
1113,2017-08-08,63,2237,2300
1113,2017-08-09,79,2757,2836
1113,2017-08-10,59,2249,2308
1113,2017-08-11,75,2488,2563
1113,2017-08-12,37,1993,2030
1113,2017-08-13,40,2571,2611
1113,2017-08-14,133,2432,2565
1113,2017-08-15,29,1963,1992
1113,2017-08-16,72,2534,2606
1113,2017-08-17,81,2396,2477
1113,2017-08-18,54,2160,2214
1113,2017-08-19,39,2072,2111
1113,2017-08-20,32,2090,2122
1113,2017-08-21,95,2482,2577
1113,2017-08-22,122,2763,2885
1113,2017-08-23,110,2784,2894
1113,2017-08-24,116,2758,2874
1113,2017-08-25,152,2501,2653
1113,2017-08-26,43,2339,2382
1113,2017-08-27,23,2117,2140
1113,2017-08-28,99,2443,2542
1113,2017-08-29,122,2674,2796
1113,2017-08-30,131,2491,2622
1113,2017-08-31,124,2441,2565
1113,2017-09-01,103,2331,2434
1113,2017-09-02,37,1883,1920
1113,2017-09-03,18,2078,2096
1113,2017-09-04,120,2265,2385
1113,2017-09-05,124,2378,2502
1113,2017-09-06,115,2390,2505
1113,2017-09-07,142,2437,2579
1113,2017-09-08,151,2445,2596
1113,2017-09-09,41,1939,1980
1113,2017-09-10,15,1793,1808
1113,2017-09-11,131,2279,2410
1113,2017-09-12,153,2535,2688
1113,2017-09-13,101,2385,2486
1113,2017-09-14,93,2515,2608
1113,2017-09-15,119,2573,2692
1113,2017-09-16,40,2180,2220
1113,2017-09-17,19,1895,1914
1113,2017-09-18,100,2340,2440
1113,2017-09-19,113,2463,2576
1113,2017-09-20,99,2595,2694
1113,2017-09-21,117,2726,2843
1113,2017-09-22,100,2724,2824
1113,2017-09-23,95,2284,2379
1113,2017-09-24,30,2209,2239
1113,2017-09-25,178,2495,2673
1113,2017-09-26,195,2571,2766
1113,2017-09-27,182,2583,2765
1113,2017-09-28,127,2529,2656
1113,2017-09-29,126,2660,2786
1113,2017-09-30,50,2106,2156
1113,2017-10-01,20,2017,2037
1113,2017-10-02,77,2360,2437
1113,2017-10-03,85,2603,2688
1113,2017-10-04,144,2490,2634
1113,2017-10-05,129,2373,2502
1113,2017-10-06,106,2533,2639
1113,2017-10-07,27,2066,2093
1113,2017-10-08,16,1722,1738
1113,2017-10-09,108,2318,2426
1113,2017-10-10,149,2453,2602
1113,2017-10-11,148,2530,2678
1113,2017-10-12,163,2461,2624
1113,2017-10-13,154,2698,2852
1113,2017-10-14,50,2359,2409
1113,2017-10-15,24,2552,2576
1113,2017-10-16,191,2471,2662
1113,2017-10-17,172,2666,2838
1113,2017-10-18,177,2531,2708
1113,2017-10-19,169,2577,2746
1113,2017-10-20,149,2572,2721
1113,2017-10-21,40,1888,1928
1113,2017-10-22,17,1524,1541
1113,2017-10-23,184,2425,2609
1113,2017-10-24,160,2490,2650
1113,2017-10-25,188,2544,2732
1113,2017-10-26,233,2630,2863
1113,2017-10-27,273,2647,2920
1113,2017-10-28,55,1988,2043
1113,2017-10-29,14,1836,1850
1113,2017-10-30,210,2291,2501
1113,2017-11-01,31,1725,1756
1113,2017-11-02,226,2495,2721
1113,2017-11-03,209,2503,2712
1113,2017-11-04,37,2155,2192
1113,2017-11-05,19,1926,1945
1113,2017-11-06,185,2243,2428
1113,2017-11-07,198,2454,2652
1113,2017-11-08,156,2417,2573
1113,2017-11-09,239,2447,2686
1113,2017-11-10,168,2641,2809
1113,2017-11-11,18,1724,1742
1113,2017-11-12,5,1429,1434
1113,2017-11-13,141,2174,2315
1113,2017-11-14,134,2316,2450
1113,2017-11-15,115,2308,2423
1113,2017-11-16,114,2259,2373
1113,2017-11-17,105,2357,2462
1113,2017-11-18,37,1843,1880
1113,2017-11-19,14,1457,1471
1113,2017-11-20,102,2143,2245
1113,2017-11-21,97,2248,2345
1113,2017-11-22,102,2260,2362
1113,2017-11-23,108,2418,2526
1113,2017-11-24,85,2354,2439
1113,2017-11-25,26,1733,1759
1113,2017-11-26,15,1349,1364
1113,2017-11-27,91,2217,2308
1113,2017-11-28,106,2336,2442
1113,2017-11-29,97,2289,2386
1113,2017-11-30,105,2288,2393
1113,2017-12-01,127,2194,2321
1113,2017-12-02,28,1602,1630
1113,2017-12-03,17,1176,1193
1113,2017-12-04,129,2144,2273
1113,2017-12-05,125,2471,2596
1113,2017-12-06,127,2264,2391
1113,2017-12-07,148,2348,2496
1113,2017-12-08,124,2258,2382
1113,2017-12-09,34,1743,1777
1113,2017-12-10,14,1012,1026
1113,2017-12-11,106,2155,2261
1113,2017-12-12,144,2383,2527
1113,2017-12-13,104,2074,2178
1113,2017-12-14,100,2370,2470
1113,2017-12-15,84,2296,2380
1113,2017-12-16,31,1646,1677
1113,2017-12-17,14,1272,1286
1113,2017-12-18,48,1753,1801
1113,2017-12-19,75,1860,1935
1113,2017-12-20,63,1987,2050
1113,2017-12-21,55,2006,2061
1113,2017-12-22,37,1898,1935
1113,2017-12-23,30,1403,1433
1113,2017-12-24,7,1110,1117
1113,2017-12-25,5,1132,1137
1113,2017-12-26,9,1008,1017
1113,2017-12-27,38,1502,1540
1113,2017-12-28,37,1576,1613
1113,2017-12-29,32,1288,1320
1113,2017-12-30,15,1295,1310
1113,2017-12-31,10,1038,1048
1114,2017-01-01,6,804,810
1114,2017-01-03,35,1823,1858
1114,2017-01-04,58,1864,1922
1114,2017-01-05,69,1905,1974
1114,2017-01-06,48,2027,2075
1114,2017-01-07,27,1137,1164
1114,2017-01-09,58,2309,2367
1114,2017-01-10,63,2488,2551
1114,2017-01-11,78,2592,2670
1114,2017-01-12,92,2520,2612
1114,2017-01-14,35,1413,1448
1114,2017-01-15,2,1138,1140
1114,2017-01-16,59,2456,2515
1114,2017-01-17,65,2551,2616
1114,2017-01-18,62,2480,2542
1114,2017-01-20,69,2685,2754
1114,2017-01-21,39,1529,1568
1114,2017-01-22,4,1223,1227
1114,2017-01-23,59,2512,2571
1114,2017-01-25,72,2532,2604
1114,2017-01-26,60,2650,2710
1114,2017-01-27,70,2763,2833
1114,2017-01-28,32,1424,1456
1114,2017-01-30,66,2462,2528
1114,2017-01-31,58,2618,2676
1114,2017-02-01,69,2667,2736
1114,2017-02-02,71,2773,2844
1114,2017-02-04,36,1506,1542
1114,2017-02-05,4,1164,1168
1114,2017-02-06,58,2613,2671
1114,2017-02-07,64,2704,2768
1114,2017-02-08,67,2716,2783
1114,2017-02-10,76,2777,2853
1114,2017-02-11,41,1571,1612
1114,2017-02-12,4,1215,1219
1114,2017-02-13,73,2676,2749
1114,2017-02-15,82,2833,2915
1114,2017-02-16,84,2674,2758
1114,2017-02-17,88,2668,2756
1114,2017-02-18,38,1613,1651
1114,2017-02-20,59,2451,2510
1114,2017-02-21,92,2358,2450
1114,2017-02-22,156,3214,3370
1114,2017-02-23,78,2656,2734
1114,2017-02-25,45,1401,1446
1114,2017-02-26,5,1370,1375
1114,2017-02-27,74,2060,2134
1114,2017-02-28,64,2380,2444
1114,2017-03-02,110,2696,2806
1114,2017-03-03,75,2837,2912
1114,2017-03-04,42,1654,1696
1114,2017-03-05,2,1146,1148
1114,2017-03-07,94,2694,2788
1114,2017-03-08,80,2630,2710
1114,2017-03-09,98,2798,2896
1114,2017-03-10,69,2802,2871
1114,2017-03-11,38,1845,1883
1114,2017-03-13,100,2731,2831
1114,2017-03-14,115,2816,2931
1114,2017-03-15,77,2732,2809
1114,2017-03-16,116,2877,2993
1114,2017-03-18,42,1670,1712
1114,2017-03-19,13,1319,1332
1114,2017-03-20,83,2709,2792
1114,2017-03-21,80,2756,2836
1114,2017-03-23,67,2834,2901
1114,2017-03-24,89,2881,2970
1114,2017-03-25,65,2061,2126
1114,2017-03-28,85,2938,3023
1114,2017-03-29,78,2891,2969
1114,2017-03-30,87,2947,3034
1114,2017-03-31,82,3195,3277
1114,2017-04-02,4,1692,1696
1114,2017-04-03,102,2793,2895
1114,2017-04-04,74,3198,3272
1114,2017-04-05,94,2892,2986
1114,2017-04-07,89,3043,3132
1114,2017-04-08,55,1918,1973
1114,2017-04-09,4,1967,1971
1114,2017-04-10,59,2523,2582
1114,2017-04-12,108,2693,2801
1114,2017-04-13,87,2677,2764
1114,2017-04-14,52,2908,2960
1114,2017-04-15,42,1706,1748
1114,2017-04-16,21,1561,1582
1114,2017-04-18,94,2521,2615
1114,2017-04-19,119,2649,2768
1114,2017-04-20,130,2734,2864
1114,2017-04-23,12,1717,1729
1114,2017-04-24,89,2698,2787
1114,2017-04-25,101,3006,3107
1114,2017-04-26,103,2904,3007
1114,2017-04-28,106,3044,3150
1114,2017-04-29,45,1958,2003
1114,2017-04-30,31,2003,2034
1114,2017-05-01,28,1212,1240
1114,2017-05-03,92,2854,2946
1114,2017-05-04,77,2991,3068
1114,2017-05-05,87,3112,3199
1114,2017-05-06,44,1890,1934
1114,2017-05-08,69,2720,2789
1114,2017-05-09,103,3052,3155
1114,2017-05-10,137,3091,3228
1114,2017-05-11,75,3113,3188
1114,2017-05-13,70,1992,2062
1114,2017-05-14,10,1912,1922
1114,2017-05-15,79,2841,2920
1114,2017-05-16,95,2984,3079
1114,2017-05-18,120,2908,3028
1114,2017-05-19,88,2918,3006
1114,2017-05-20,50,1878,1928
1114,2017-05-21,5,1724,1729
1114,2017-05-23,106,3029,3135
1114,2017-05-24,81,3203,3284
1114,2017-05-25,15,1930,1945
1114,2017-05-26,87,2791,2878
1114,2017-05-27,49,2303,2352
1114,2017-05-30,130,3006,3136
1114,2017-05-31,89,3030,3119
1114,2017-06-01,83,3088,3171
1114,2017-06-03,45,2206,2251
1114,2017-06-04,12,1910,1922
1114,2017-06-05,4,1935,1939
1114,2017-06-06,92,2648,2740
1114,2017-06-08,59,2812,2871
1114,2017-06-09,76,2686,2762
1114,2017-06-10,38,1827,1865
1114,2017-06-11,13,1846,1859
1114,2017-06-13,89,3127,3216
1114,2017-06-14,21,564,585
1114,2017-07-19,147,2806,2953
1114,2017-07-20,154,2907,3061
1114,2017-07-21,145,2865,3010
1114,2017-07-22,87,2124,2211
1114,2017-07-23,53,3164,3217
1114,2017-07-24,126,2328,2454
1114,2017-07-25,120,2714,2834
1114,2017-07-26,107,2694,2801
1114,2017-07-27,162,2750,2912
1114,2017-07-28,98,2695,2793
1114,2017-07-29,80,1855,1935
1114,2017-07-30,41,1795,1836
1114,2017-07-31,130,2516,2646
1114,2017-08-01,96,2466,2562
1114,2017-08-02,105,2669,2774
1114,2017-08-03,113,2643,2756
1114,2017-08-04,95,2673,2768
1114,2017-08-05,63,1913,1976
1114,2017-08-06,32,1990,2022
1114,2017-08-07,118,2345,2463
1114,2017-08-08,93,2378,2471
1114,2017-08-09,104,2584,2688
1114,2017-08-10,76,2290,2366
1114,2017-08-11,128,2629,2757
1114,2017-08-12,58,1960,2018
1114,2017-08-13,25,2127,2152
1114,2017-08-14,117,2342,2459
1114,2017-08-15,29,1554,1583
1114,2017-08-16,104,2523,2627
1114,2017-08-17,83,2495,2578
1114,2017-08-18,100,2499,2599
1114,2017-08-19,72,1621,1693
1114,2017-08-20,18,1676,1694
1114,2017-08-21,248,3662,3910
1114,2017-08-22,316,4097,4413
1114,2017-08-23,283,4217,4500
1114,2017-08-24,260,4072,4332
1114,2017-08-25,265,4045,4310
1114,2017-08-26,151,3110,3261
1114,2017-08-27,63,3101,3164
1114,2017-08-28,281,4012,4293
1114,2017-08-29,244,4295,4539
1114,2017-08-30,239,3696,3935
1114,2017-08-31,148,3089,3237
1114,2017-09-01,152,2932,3084
1114,2017-09-02,57,1809,1866
1114,2017-09-03,32,1610,1642
1114,2017-09-04,123,2723,2846
1114,2017-09-05,125,2785,2910
1114,2017-09-06,134,2705,2839
1114,2017-09-07,121,2675,2796
1114,2017-09-08,131,2651,2782
1114,2017-09-09,62,1704,1766
1114,2017-09-10,24,1551,1575
1114,2017-09-11,147,2813,2960
1114,2017-09-12,144,2699,2843
1114,2017-09-13,134,2753,2887
1114,2017-09-14,114,2498,2612
1114,2017-09-15,164,2881,3045
1114,2017-09-16,67,1992,2059
1114,2017-09-17,22,1608,1630
1114,2017-09-18,259,2832,3091
1114,2017-09-19,168,2930,3098
1114,2017-09-20,158,2882,3040
1114,2017-09-21,139,2880,3019
1114,2017-09-22,231,2957,3188
1114,2017-09-23,123,2006,2129
1114,2017-09-24,73,1760,1833
1114,2017-09-25,157,2684,2841
1114,2017-09-26,165,2907,3072
1114,2017-09-27,226,2806,3032
1114,2017-09-28,144,2838,2982
1114,2017-09-29,152,2916,3068
1114,2017-09-30,66,1654,1720
1114,2017-10-01,18,1688,1706
1114,2017-10-02,119,2585,2704
1114,2017-10-03,114,2930,3044
1114,2017-10-04,138,2749,2887
1114,2017-10-05,131,2698,2829
1114,2017-10-06,143,2776,2919
1114,2017-10-07,114,1920,2034
1114,2017-10-08,15,1489,1504
1114,2017-10-09,128,2604,2732
1114,2017-10-10,126,2669,2795
1114,2017-10-11,152,2595,2747
1114,2017-10-12,130,2641,2771
1114,2017-10-13,164,2675,2839
1114,2017-10-14,81,2158,2239
1114,2017-10-15,30,2027,2057
1114,2017-10-16,162,2514,2676
1114,2017-10-17,164,2753,2917
1114,2017-10-18,146,2653,2799
1114,2017-10-19,135,2749,2884
1114,2017-10-20,148,2686,2834
1114,2017-10-21,63,1683,1746
1114,2017-10-22,17,1303,1320
1114,2017-10-23,115,2434,2549
1114,2017-10-24,123,2511,2634
1114,2017-10-25,109,2531,2640
1114,2017-10-26,125,2657,2782
1114,2017-10-27,130,2698,2828
1114,2017-10-28,65,1716,1781
1114,2017-10-29,15,1390,1405
1114,2017-10-30,144,2466,2610
1114,2017-11-01,15,1395,1410
1114,2017-11-02,162,2413,2575
1114,2017-11-03,160,2521,2681
1114,2017-11-04,60,1658,1718
1114,2017-11-05,20,1354,1374
1114,2017-11-06,124,2453,2577
1114,2017-11-07,143,2563,2706
1114,2017-11-08,160,2597,2757
1114,2017-11-09,140,2577,2717
1114,2017-11-10,138,2600,2738
1114,2017-11-11,76,1508,1584
1114,2017-11-12,11,1158,1169
1114,2017-11-13,132,2487,2619
1114,2017-11-14,140,2738,2878
1114,2017-11-15,125,2689,2814
1114,2017-11-16,130,2779,2909
1114,2017-11-17,154,2631,2785
1114,2017-11-18,68,1572,1640
1114,2017-11-19,16,1215,1231
1114,2017-11-20,115,2533,2648
1114,2017-11-21,138,2666,2804
1114,2017-11-22,120,2613,2733
1114,2017-11-23,144,2556,2700
1114,2017-11-24,118,2680,2798
1114,2017-11-25,62,1542,1604
1114,2017-11-26,12,1192,1204
1114,2017-11-27,112,2500,2612
1114,2017-11-28,114,2676,2790
1114,2017-11-29,149,2563,2712
1114,2017-11-30,153,2541,2694
1114,2017-12-01,128,2546,2674
1114,2017-12-02,52,1575,1627
1114,2017-12-03,19,1162,1181
1114,2017-12-04,96,2389,2485
1114,2017-12-05,122,2676,2798
1114,2017-12-06,118,2532,2650
1114,2017-12-07,133,2513,2646
1114,2017-12-08,122,2518,2640
1114,2017-12-09,69,1510,1579
1114,2017-12-10,15,912,927
1114,2017-12-11,96,2515,2611
1114,2017-12-12,135,2624,2759
1114,2017-12-13,121,2505,2626
1114,2017-12-14,138,2740,2878
1114,2017-12-15,114,2504,2618
1114,2017-12-16,60,1738,1798
1114,2017-12-17,13,1369,1382
1114,2017-12-18,88,2012,2100
1114,2017-12-19,92,2367,2459
1114,2017-12-20,84,2268,2352
1114,2017-12-21,88,2227,2315
1114,2017-12-22,74,2200,2274
1114,2017-12-23,72,1467,1539
1114,2017-12-24,8,1077,1085
1114,2017-12-25,7,1003,1010
1114,2017-12-26,8,947,955
1114,2017-12-27,61,1482,1543
1114,2017-12-28,56,1649,1705
1114,2017-12-29,57,1484,1541
1114,2017-12-30,53,1333,1386
1114,2017-12-31,9,973,982
1117,2017-01-01,35,4767,4802
1117,2017-01-02,310,8276,8586
1117,2017-01-03,358,9829,10187
1117,2017-01-04,363,9498,9861
1117,2017-01-05,411,9945,10356
1117,2017-01-07,250,7129,7379
1117,2017-01-08,32,6029,6061
1117,2017-01-09,455,10832,11287
1117,2017-01-10,506,11185,11691
1117,2017-01-11,502,11367,11869
1117,2017-01-12,527,11781,12308
1117,2017-01-13,436,11092,11528
1117,2017-01-14,237,8349,8586
1117,2017-01-15,54,6570,6624
1117,2017-01-16,573,11300,11873
1117,2017-01-17,579,11928,12507
1117,2017-01-19,563,12191,12754
1117,2017-01-20,543,12310,12853
1117,2017-01-21,284,9328,9612
1117,2017-01-22,57,7573,7630
1117,2017-01-24,563,11645,12208
1117,2017-01-25,547,11708,12255
1117,2017-01-26,530,12153,12683
1117,2017-01-27,516,12838,13354
1117,2017-01-29,53,6976,7029
1117,2017-01-30,537,11494,12031
1117,2017-01-31,600,12288,12888
1117,2017-02-01,600,11889,12489
1117,2017-02-03,626,12780,13406
1117,2017-02-04,280,8986,9266
1117,2017-02-05,59,6911,6970
1117,2017-02-06,590,11663,12253
1117,2017-02-07,608,12206,12814
1117,2017-02-09,639,12597,13236
1117,2017-02-10,653,12690,13343
1117,2017-02-11,273,9172,9445
1117,2017-02-12,35,7535,7570
1117,2017-02-14,615,12640,13255
1117,2017-02-15,623,12455,13078
1117,2017-02-16,618,12433,13051
1117,2017-02-17,591,12758,13349
1117,2017-02-19,52,7939,7991
1117,2017-02-20,571,10840,11411
1117,2017-02-21,553,11544,12097
1117,2017-02-22,599,11675,12274
1117,2017-02-24,536,11743,12279
1117,2017-02-25,246,8845,9091
1117,2017-02-26,41,7670,7711
1117,2017-02-27,429,10446,10875
1117,2017-03-01,562,12299,12861
1117,2017-03-02,633,12804,13437
1117,2017-03-03,621,12774,13395
1117,2017-03-04,328,9524,9852
1117,2017-03-06,600,11739,12339
1117,2017-03-07,621,12257,12878
1117,2017-03-08,602,11886,12488
1117,2017-03-09,586,12609,13195
1117,2017-03-10,633,13300,13933
1117,2017-03-12,74,9962,10036
1117,2017-03-13,653,12253,12906
1117,2017-03-14,681,12502,13183
1117,2017-03-15,701,12755,13456
1117,2017-03-17,720,12967,13687
1117,2017-03-18,250,10003,10253
1117,2017-03-19,65,7732,7797
1117,2017-03-20,687,11945,12632
1117,2017-03-22,727,12760,13487
1117,2017-03-23,718,13332,14050
1117,2017-03-24,696,13362,14058
1117,2017-03-25,301,10702,11003
1117,2017-03-27,720,12434,13154
1117,2017-03-28,704,13171,13875
1117,2017-03-29,700,12946,13646
1117,2017-03-30,653,13237,13890
1117,2017-04-01,305,10896,11201
1117,2017-04-02,76,10308,10384
1117,2017-04-03,725,12939,13664
1117,2017-04-04,655,13896,14551
1117,2017-04-06,663,13915,14578
1117,2017-04-07,656,14111,14767
1117,2017-04-08,306,11813,12119
1117,2017-04-09,60,11971,12031
1117,2017-04-11,650,13358,14008
1117,2017-04-12,662,13493,14155
1117,2017-04-13,631,13666,14297
1117,2017-04-14,379,14398,14777
1117,2017-04-16,61,8682,8743
1117,2017-04-17,84,8158,8242
1117,2017-04-18,624,12528,13152
1117,2017-04-19,790,12345,13135
1117,2017-04-21,733,12879,13612
1117,2017-04-22,386,10580,10966
1117,2017-04-23,78,9727,9805
1117,2017-04-24,703,12963,13666
1117,2017-04-25,663,13256,13919
1117,2017-07-12,983,13905,14888
1117,2017-07-13,983,14550,15533
1117,2017-07-14,952,14564,15516
1117,2017-07-15,786,14665,15451
1117,2017-07-16,263,11540,11803
1117,2017-07-17,903,12330,13233
1117,2017-07-18,851,12507,13358
1117,2017-07-19,1020,13493,14513
1117,2017-07-20,927,13640,14567
1117,2017-07-21,1027,14147,15174
1117,2017-07-22,487,12390,12877
1117,2017-07-23,122,12001,12123
1117,2017-07-24,957,12769,13726
1117,2017-07-25,1062,13350,14412
1117,2017-07-26,964,13567,14531
1117,2017-07-27,967,13417,14384
1117,2017-07-28,814,13998,14812
1117,2017-07-29,350,11335,11685
1117,2017-07-30,189,10387,10576
1117,2017-07-31,852,12618,13470
1117,2017-08-01,572,12306,12878
1117,2017-08-02,751,13338,14089
1117,2017-08-03,783,13097,13880
1117,2017-08-04,787,13638,14425
1117,2017-08-05,369,11645,12014
1117,2017-08-06,194,11746,11940
1117,2017-08-07,828,12433,13261
1117,2017-08-08,828,12182,13010
1117,2017-08-09,742,12769,13511
1117,2017-08-10,782,12448,13230
1117,2017-08-11,788,14130,14918
1117,2017-08-12,426,12370,12796
1117,2017-08-13,170,12371,12541
1117,2017-08-14,755,12463,13218
1117,2017-08-15,191,8107,8298
1117,2017-08-16,806,12789,13595
1117,2017-08-17,789,12289,13078
1117,2017-08-18,722,12232,12954
1117,2017-08-19,330,9966,10296
1117,2017-08-20,129,9954,10083
1117,2017-08-21,961,11958,12919
1117,2017-08-22,985,13016,14001
1117,2017-08-23,970,13260,14230
1117,2017-08-24,1018,13414,14432
1117,2017-08-25,875,13333,14208
1117,2017-08-26,327,10975,11302
1117,2017-08-27,154,10545,10699
1117,2017-08-28,913,12682,13595
1117,2017-08-29,998,13234,14232
1117,2017-08-30,976,12944,13920
1117,2017-08-31,945,13010,13955
1117,2017-09-01,934,13231,14165
1117,2017-09-02,437,10247,10684
1117,2017-09-03,113,10535,10648
1117,2017-09-04,981,12025,13006
1117,2017-09-05,1018,12485,13503
1117,2017-09-06,968,12620,13588
1117,2017-09-07,853,12629,13482
1117,2017-09-08,822,12729,13551
1117,2017-09-09,359,10721,11080
1117,2017-09-10,103,9285,9388
1117,2017-09-11,785,12212,12997
1117,2017-09-12,730,12782,13512
1117,2017-09-13,628,12545,13173
1117,2017-09-14,666,13045,13711
1117,2017-09-15,732,13767,14499
1117,2017-09-16,301,10701,11002
1117,2017-09-17,45,9239,9284
1117,2017-09-18,694,12793,13487
1117,2017-09-19,749,13557,14306
1117,2017-09-20,802,13361,14163
1117,2017-09-21,732,13748,14480
1117,2017-09-22,706,14072,14778
1117,2017-09-23,352,11647,11999
1117,2017-09-24,76,10691,10767
1117,2017-09-25,717,13148,13865
1117,2017-09-26,720,13730,14450
1117,2017-09-27,707,13429,14136
1117,2017-09-28,687,13724,14411
1117,2017-09-29,701,14229,14930
1117,2017-09-30,337,10714,11051
1117,2017-10-01,53,9973,10026
1117,2017-10-02,658,12922,13580
1117,2017-10-03,475,14870,15345
1117,2017-10-04,741,13267,14008
1117,2017-10-05,701,13404,14105
1117,2017-10-06,641,14311,14952
1117,2017-10-07,318,11195,11513
1117,2017-10-08,46,9292,9338
1117,2017-10-09,641,12659,13300
1117,2017-10-10,660,13053,13713
1117,2017-10-11,717,13363,14080
1117,2017-10-12,717,13310,14027
1117,2017-10-13,719,13770,14489
1117,2017-10-14,303,12131,12434
1117,2017-10-15,49,11331,11380
1117,2017-10-16,658,13248,13906
1117,2017-10-17,641,13900,14541
1117,2017-10-18,719,13558,14277
1117,2017-10-19,714,13612,14326
1117,2017-10-20,669,13932,14601
1117,2017-10-21,353,11080,11433
1117,2017-10-22,70,8958,9028
1117,2017-10-23,717,12968,13685
1117,2017-10-24,738,13626,14364
1117,2017-10-25,721,13770,14491
1117,2017-10-26,766,13895,14661
1117,2017-10-27,660,14576,15236
1117,2017-10-28,318,11167,11485
1117,2017-10-29,53,9008,9061
1117,2017-10-30,778,13425,14203
1117,2017-11-01,94,9711,9805
1117,2017-11-02,881,13527,14408
1117,2017-11-03,804,13718,14522
1117,2017-11-04,343,10604,10947
1117,2017-11-05,47,8679,8726
1117,2017-11-06,752,12725,13477
1117,2017-11-07,797,13559,14356
1117,2017-11-08,755,13225,13980
1117,2017-11-09,834,13501,14335
1117,2017-11-10,696,13978,14674
1117,2017-11-11,247,9795,10042
1117,2017-11-12,42,7766,7808
1117,2017-11-13,791,12959,13750
1117,2017-11-14,835,13710,14545
1117,2017-11-15,935,13758,14693
1117,2017-11-16,925,13970,14895
1117,2017-11-17,849,13965,14814
1117,2017-11-18,363,10714,11077
1117,2017-11-19,39,8978,9017
1117,2017-11-20,893,13429,14322
1117,2017-11-21,907,14277,15184
1117,2017-11-22,894,14348,15242
1117,2017-11-23,877,14095,14972
1117,2017-11-24,773,14275,15048
1117,2017-11-25,323,10647,10970
1117,2017-11-26,63,8466,8529
1117,2017-11-27,805,12920,13725
1117,2017-11-28,847,13559,14406
1117,2017-11-29,836,13499,14335
1117,2017-11-30,796,13679,14475
1117,2017-12-01,780,13551,14331
1117,2017-12-02,338,10487,10825
1117,2017-12-03,64,7481,7545
1117,2017-12-04,798,13127,13925
1117,2017-12-05,873,13833,14706
1117,2017-12-06,873,13537,14410
1117,2017-12-07,872,13617,14489
1117,2017-12-08,823,13445,14268
1117,2017-12-09,340,10085,10425
1117,2017-12-10,60,6043,6103
1117,2017-12-11,656,12809,13465
1117,2017-12-12,810,13863,14673
1117,2017-12-13,729,12884,13613
1117,2017-12-14,762,14060,14822
1117,2017-12-15,667,13958,14625
1117,2017-12-16,343,10983,11326
1117,2017-12-17,103,8848,8951
1117,2017-12-18,467,11582,12049
1117,2017-12-19,616,12526,13142
1117,2017-12-20,566,12690,13256
1117,2017-12-21,545,13059,13604
1117,2017-12-22,499,13116,13615
1117,2017-12-23,284,10557,10841
1117,2017-12-24,47,7596,7643
1117,2017-12-25,38,5485,5523
1117,2017-12-26,54,6790,6844
1117,2017-12-27,441,10255,10696
1117,2017-12-28,413,10734,11147
1117,2017-12-29,429,9814,10243
1117,2017-12-30,249,9566,9815
1117,2017-12-31,34,7555,7589
1119,2017-01-02,89,2390,2479
1119,2017-01-03,102,2847,2949
1119,2017-01-04,116,2894,3010
1119,2017-01-05,95,3047,3142
1119,2017-01-07,64,2285,2349
1119,2017-01-08,21,1821,1842
1119,2017-01-09,139,3223,3362
1119,2017-01-10,120,3260,3380
1119,2017-01-11,137,3365,3502
1119,2017-01-12,123,3493,3616
1119,2017-01-13,137,3597,3734
1119,2017-01-14,65,2621,2686
1119,2017-01-15,26,1914,1940
1119,2017-01-16,149,3342,3491
1119,2017-01-17,157,3522,3679
1119,2017-01-19,155,3626,3781
1119,2017-01-20,140,3508,3648
1119,2017-01-21,69,2996,3065
1119,2017-01-22,24,2165,2189
1119,2017-01-24,135,3301,3436
1119,2017-01-25,159,3441,3600
1119,2017-01-26,142,3520,3662
1119,2017-01-27,143,3710,3853
1119,2017-01-28,64,2900,2964
1119,2017-01-30,167,3310,3477
1119,2017-01-31,185,3397,3582
1119,2017-02-01,222,3439,3661
1119,2017-02-02,196,3547,3743
1119,2017-02-04,59,2764,2823
1119,2017-02-05,24,2159,2183
1119,2017-02-06,177,3382,3559
1119,2017-02-07,210,3519,3729
1119,2017-02-09,169,3720,3889
1119,2017-02-10,226,3801,4027
1119,2017-02-11,82,2919,3001
1119,2017-02-12,27,2290,2317
1119,2017-02-14,174,3627,3801
1119,2017-02-15,172,3635,3807
1119,2017-02-16,210,3654,3864
1119,2017-02-17,186,3792,3978
1119,2017-02-19,33,2274,2307
1119,2017-02-20,148,3122,3270
1119,2017-02-21,144,3209,3353
1119,2017-02-22,112,2707,2819
1119,2017-02-24,158,3326,3484
1119,2017-02-25,70,2787,2857
1119,2017-02-26,27,2464,2491
1119,2017-02-27,148,2866,3014
1119,2017-03-01,143,3549,3692
1119,2017-03-02,156,3725,3881
1119,2017-03-03,181,3865,4046
1119,2017-03-04,75,3112,3187
1119,2017-03-06,160,3425,3585
1119,2017-03-07,205,3532,3737
1119,2017-03-08,154,3525,3679
1119,2017-03-09,158,3739,3897
1119,2017-03-11,66,3472,3538
1119,2017-03-12,28,3087,3115
1119,2017-03-13,164,3646,3810
1119,2017-03-14,175,3770,3945
1119,2017-03-16,221,3997,4218
1119,2017-03-17,244,4107,4351
1119,2017-03-18,67,3117,3184
1119,2017-03-19,23,2358,2381
1119,2017-03-21,256,3708,3964
1119,2017-03-22,192,3733,3925
1119,2017-03-23,174,3949,4123
1119,2017-03-24,211,4123,4334
1119,2017-03-27,179,3785,3964
1119,2017-03-28,196,3978,4174
1119,2017-03-29,188,3994,4182
1119,2017-03-31,180,4373,4553
1119,2017-04-01,83,3448,3531
1119,2017-04-02,33,3311,3344
1119,2017-04-03,156,3883,4039
1119,2017-04-05,170,3951,4121
1119,2017-04-06,157,4169,4326
1119,2017-04-07,228,4268,4496
1119,2017-04-08,61,3532,3593
1119,2017-04-10,152,3583,3735
1119,2017-04-11,160,4026,4186
1119,2017-04-12,141,3959,4100
1119,2017-04-13,162,4212,4374
1119,2017-04-15,100,3346,3446
1119,2017-04-16,29,2924,2953
1119,2017-04-17,42,2348,2390
1119,2017-04-18,162,3559,3721
1119,2017-04-19,166,3628,3794
1119,2017-04-21,169,4041,4210
1119,2017-04-22,75,3267,3342
1119,2017-04-23,35,3037,3072
1119,2017-04-24,167,3993,4160
1119,2017-04-26,192,4003,4195
1119,2017-04-28,272,4174,4446
1119,2017-04-29,147,3917,4064
1119,2017-04-30,75,4077,4152
1119,2017-05-01,51,2449,2500
1119,2017-05-02,304,4050,4354
1119,2017-05-03,236,3934,4170
1119,2017-05-04,266,4054,4320
1119,2017-05-05,292,4200,4492
1119,2017-05-06,157,3715,3872
1119,2017-05-07,41,2979,3020
1119,2017-05-08,357,3617,3974
1119,2017-05-09,312,4011,4323
1119,2017-05-10,367,3972,4339
1119,2017-05-11,282,4087,4369
1119,2017-05-12,335,4111,4446
1119,2017-05-13,134,3595,3729
1119,2017-05-14,68,3109,3177
1119,2017-05-15,256,3807,4063
1119,2017-05-16,300,4170,4470
1119,2017-05-17,281,4132,4413
1119,2017-05-18,295,4057,4352
1119,2017-05-19,230,3924,4154
1119,2017-05-20,114,3268,3382
1119,2017-05-21,52,3475,3527
1119,2017-05-22,274,3799,4073
1119,2017-05-23,244,4180,4424
1119,2017-05-24,293,4481,4774
1119,2017-05-25,72,3868,3940
1119,2017-05-26,221,4575,4796
1119,2017-05-27,132,4551,4683
1119,2017-05-28,117,3744,3861
1119,2017-05-29,262,3784,4046
1119,2017-05-30,259,3967,4226
1119,2017-05-31,279,4128,4407
1119,2017-06-01,291,4342,4633
1119,2017-06-02,313,4395,4708
1119,2017-06-03,126,4245,4371
1119,2017-06-04,67,3905,3972
1119,2017-06-05,78,3911,3989
1119,2017-06-06,249,4037,4286
1119,2017-06-07,260,3790,4050
1119,2017-06-08,261,4048,4309
1119,2017-06-09,246,3964,4210
1119,2017-06-10,112,3808,3920
1119,2017-06-11,50,3995,4045
1119,2017-06-12,265,3899,4164
1119,2017-06-13,327,4273,4600
1119,2017-06-14,394,4443,4837
1119,2017-06-15,254,4712,4966
1119,2017-06-16,328,4608,4936
1119,2017-06-17,183,4616,4799
1119,2017-06-18,133,3995,4128
1119,2017-06-19,282,4088,4370
1119,2017-06-20,255,4196,4451
1119,2017-06-21,286,4455,4741
1119,2017-06-22,318,4785,5103
1119,2017-06-23,94,3341,3435
1119,2017-06-24,147,4007,4154
1119,2017-06-25,67,3551,3618
1119,2017-06-26,333,4222,4555
1119,2017-06-27,303,4105,4408
1119,2017-06-28,288,3906,4194
1119,2017-06-29,298,4307,4605
1119,2017-06-30,289,4325,4614
1119,2017-07-01,141,4298,4439
1119,2017-07-02,46,3302,3348
1119,2017-07-03,283,4047,4330
1119,2017-07-04,284,4278,4562
1119,2017-07-05,344,4348,4692
1119,2017-07-06,292,4548,4840
1119,2017-07-07,302,4377,4679
1119,2017-07-08,124,3911,4035
1119,2017-07-09,42,3480,3522
1119,2017-07-10,236,3840,4076
1119,2017-07-11,279,4130,4409
1119,2017-07-12,262,4258,4520
1119,2017-07-13,253,4462,4715
1119,2017-07-14,270,4301,4571
1119,2017-07-15,140,4162,4302
1119,2017-07-16,70,3480,3550
1119,2017-07-17,274,3968,4242
1119,2017-07-18,249,4109,4358
1119,2017-07-19,260,4218,4478
1119,2017-07-20,241,4234,4475
1119,2017-07-21,254,4706,4960
1119,2017-07-22,140,4057,4197
1119,2017-07-23,64,3285,3349
1119,2017-07-24,222,3913,4135
1119,2017-07-25,238,4057,4295
1119,2017-07-26,248,4045,4293
1119,2017-07-27,249,4149,4398
1119,2017-07-28,220,4323,4543
1119,2017-07-29,125,3870,3995
1119,2017-07-30,90,3511,3601
1119,2017-07-31,217,4036,4253
1119,2017-08-01,245,4042,4287
1119,2017-08-02,198,4164,4362
1119,2017-08-03,247,4039,4286
1119,2017-08-04,238,4268,4506
1119,2017-08-05,114,3970,4084
1119,2017-08-06,81,4203,4284
1119,2017-08-07,196,3939,4135
1119,2017-08-08,185,3787,3972
1119,2017-08-09,189,3934,4123
1119,2017-08-10,200,3712,3912
1119,2017-08-11,217,4170,4387
1119,2017-08-12,134,3447,3581
1119,2017-08-13,58,4073,4131
1119,2017-08-14,172,3902,4074
1119,2017-08-15,87,2771,2858
1119,2017-08-16,195,3961,4156
1119,2017-08-17,220,3742,3962
1119,2017-08-18,213,3640,3853
1119,2017-08-19,98,3122,3220
1119,2017-08-20,64,3525,3589
1119,2017-08-21,162,2827,2989
1119,2017-08-22,164,3000,3164
1119,2017-08-23,169,2994,3163
1119,2017-08-24,145,3043,3188
1119,2017-08-25,155,3029,3184
1119,2017-08-26,87,2518,2605
1119,2017-08-27,42,2315,2357
1119,2017-08-28,173,2975,3148
1119,2017-08-29,218,3126,3344
1119,2017-08-30,217,3170,3387
1119,2017-08-31,296,3552,3848
1119,2017-09-01,225,3649,3874
1119,2017-09-02,137,3156,3293
1119,2017-09-03,94,3311,3405
1119,2017-09-04,233,3628,3861
1119,2017-09-05,301,3924,4225
1119,2017-09-06,410,4388,4798
1119,2017-09-07,347,4344,4691
1119,2017-09-08,387,4276,4663
1119,2017-09-09,134,3301,3435
1119,2017-09-10,65,2983,3048
1119,2017-09-11,276,3965,4241
1119,2017-09-12,329,4332,4661
1119,2017-09-13,277,4377,4654
1119,2017-09-14,305,4561,4866
1119,2017-09-15,324,4745,5069
1119,2017-09-16,148,3606,3754
1119,2017-09-17,49,3279,3328
1119,2017-09-18,324,4356,4680
1119,2017-09-19,339,4569,4908
1119,2017-09-20,366,4523,4889
1119,2017-09-21,370,4663,5033
1119,2017-09-22,360,4790,5150
1119,2017-09-23,136,4096,4232
1119,2017-09-24,60,3687,3747
1119,2017-09-25,342,4464,4806
1119,2017-09-26,460,4679,5139
1119,2017-09-27,358,4683,5041
1119,2017-09-28,316,4708,5024
1119,2017-09-29,347,4804,5151
1119,2017-09-30,122,3612,3734
1119,2017-10-01,64,3349,3413
1119,2017-10-02,292,4262,4554
1119,2017-10-03,241,5024,5265
1119,2017-10-04,318,4427,4745
1119,2017-10-05,299,4594,4893
1119,2017-10-06,300,4607,4907
1119,2017-10-07,133,3558,3691
1119,2017-10-08,51,3007,3058
1119,2017-10-09,293,4341,4634
1119,2017-10-10,281,4488,4769
1119,2017-10-11,299,4476,4775
1119,2017-10-12,290,4604,4894
1119,2017-10-13,279,4732,5011
1119,2017-10-14,109,3909,4018
1119,2017-10-15,36,3998,4034
1119,2017-10-16,290,4649,4939
1119,2017-10-17,279,4807,5086
1119,2017-10-18,320,4635,4955
1119,2017-10-19,299,4650,4949
1119,2017-10-20,287,4651,4938
1119,2017-10-21,135,3589,3724
1119,2017-10-22,48,2630,2678
1119,2017-10-23,307,4472,4779
1119,2017-10-24,299,4723,5022
1119,2017-10-25,325,4727,5052
1119,2017-10-26,320,4749,5069
1119,2017-10-27,271,4612,4883
1119,2017-10-28,89,3379,3468
1119,2017-10-29,47,2866,2913
1119,2017-10-30,209,3903,4112
1119,2017-11-01,48,2676,2724
1119,2017-11-02,215,3771,3986
1119,2017-11-03,282,3988,4270
1119,2017-11-04,115,3097,3212
1119,2017-11-05,33,2622,2655
1119,2017-11-06,299,3832,4131
1119,2017-11-07,241,3905,4146
1119,2017-11-08,232,4013,4245
1119,2017-11-09,269,4007,4276
1119,2017-11-10,267,4062,4329
1119,2017-11-11,72,3179,3251
1119,2017-11-12,29,2184,2213
1119,2017-11-13,325,3803,4128
1119,2017-11-14,307,4080,4387
1119,2017-11-15,310,3803,4113
1119,2017-11-16,340,4062,4402
1119,2017-11-17,325,3934,4259
1119,2017-11-18,91,3120,3211
1119,2017-11-19,33,2458,2491
1119,2017-11-20,266,3631,3897
1119,2017-11-21,325,3823,4148
1119,2017-11-22,308,3840,4148
1119,2017-11-23,259,3831,4090
1119,2017-11-24,262,3947,4209
1119,2017-11-25,92,3136,3228
1119,2017-11-26,28,2411,2439
1119,2017-11-27,243,3760,4003
1119,2017-11-28,306,3999,4305
1119,2017-11-29,232,3860,4092
1119,2017-11-30,284,3883,4167
1119,2017-12-01,254,4049,4303
1119,2017-12-02,92,3116,3208
1119,2017-12-03,33,2144,2177
1119,2017-12-04,206,3669,3875
1119,2017-12-05,281,3925,4206
1119,2017-12-06,232,3764,3996
1119,2017-12-07,236,3834,4070
1119,2017-12-08,248,4061,4309
1119,2017-12-09,94,2971,3065
1119,2017-12-10,36,1903,1939
1119,2017-12-11,220,3715,3935
1119,2017-12-12,261,3849,4110
1119,2017-12-13,266,3883,4149
1119,2017-12-14,243,3935,4178
1119,2017-12-15,235,3908,4143
1119,2017-12-16,80,3215,3295
1119,2017-12-17,37,2499,2536
1119,2017-12-18,151,3422,3573
1119,2017-12-19,173,3627,3800
1119,2017-12-20,170,3652,3822
1119,2017-12-21,165,3475,3640
1119,2017-12-22,147,3588,3735
1119,2017-12-23,74,2944,3018
1119,2017-12-24,24,2069,2093
1119,2017-12-25,24,1737,1761
1119,2017-12-26,28,1757,1785
1119,2017-12-27,102,2676,2778
1119,2017-12-28,138,2974,3112
1119,2017-12-29,139,3225,3364
1119,2017-12-30,61,2726,2787
1119,2017-12-31,33,2051,2084
1202,2017-01-01,30,2647,2677
1202,2017-01-02,110,4257,4367
1202,2017-01-03,108,5199,5307
1202,2017-01-04,115,5093,5208
1202,2017-01-06,128,5758,5886
1202,2017-01-07,92,4391,4483
1202,2017-01-08,38,3168,3206
1202,2017-01-09,159,6129,6288
1202,2017-01-10,149,6206,6355
1202,2017-01-11,154,6161,6315
1202,2017-01-12,254,6132,6386
1202,2017-01-13,165,6423,6588
1202,2017-01-14,80,5440,5520
1202,2017-01-15,34,3982,4016
1202,2017-01-16,168,6534,6702
1202,2017-01-17,170,6940,7110
1202,2017-01-18,203,6985,7188
1202,2017-01-20,180,7074,7254
1202,2017-01-21,89,5746,5835
1202,2017-01-22,36,3722,3758
1202,2017-01-23,192,6651,6843
1202,2017-01-24,153,6813,6966
1202,2017-01-26,191,7167,7358
1202,2017-01-27,185,7319,7504
1202,2017-01-28,95,5702,5797
1202,2017-01-29,34,4008,4042
1202,2017-01-30,278,6052,6330
1202,2017-02-01,171,6870,7041
1202,2017-02-02,160,7022,7182
1202,2017-02-03,177,7242,7419
1202,2017-02-04,90,4845,4935
1202,2017-02-05,34,3755,3789
1202,2017-02-07,170,6582,6752
1202,2017-02-08,164,6881,7045
1202,2017-02-09,176,7253,7429
1202,2017-02-10,190,7197,7387
1202,2017-02-11,90,5243,5333
1202,2017-02-13,192,6834,7026
1202,2017-02-14,182,7464,7646
1202,2017-02-15,182,7032,7214
1202,2017-02-16,268,6620,6888
1202,2017-02-17,198,7120,7318
1202,2017-02-19,43,3342,3385
1202,2017-02-20,154,5626,5780
1202,2017-02-21,169,5754,5923
1202,2017-02-22,159,5821,5980
1202,2017-02-23,208,5698,5906
1202,2017-02-25,95,4988,5083
1202,2017-02-26,39,3576,3615
1202,2017-02-27,278,6136,6414
1202,2017-02-28,294,6520,6814
1202,2017-03-01,193,6630,6823
1202,2017-03-03,181,7438,7619
1202,2017-03-04,109,5974,6083
1202,2017-03-05,44,3673,3717
1202,2017-03-06,202,6671,6873
1202,2017-03-07,174,7194,7368
1202,2017-03-09,186,6931,7117
1202,2017-03-10,198,7465,7663
1202,2017-03-11,92,6190,6282
1202,2017-03-12,39,4527,4566
1202,2017-03-13,167,6666,6833
1202,2017-03-15,192,7073,7265
1202,2017-03-16,170,7539,7709
1202,2017-03-17,197,7486,7683
1202,2017-03-18,89,5772,5861
1202,2017-03-19,39,4097,4136
1202,2017-03-21,195,7012,7207
1202,2017-03-22,194,7304,7498
1202,2017-03-23,191,7519,7710
1202,2017-03-24,191,7651,7842
1202,2017-03-25,104,6297,6401
1202,2017-03-27,202,7155,7357
1202,2017-03-28,188,7572,7760
1202,2017-03-29,204,7307,7511
1202,2017-03-30,194,7641,7835
1202,2017-03-31,192,7666,7858
1202,2017-04-02,38,4583,4621
1202,2017-04-03,272,7282,7554
1202,2017-04-04,261,7911,8172
1202,2017-04-05,276,7756,8032
1202,2017-04-06,284,8010,8294
1202,2017-04-08,170,5910,6080
1202,2017-04-09,67,4511,4578
1202,2017-04-10,251,7443,7694
1202,2017-04-11,268,7605,7873
1202,2017-04-12,277,7555,7832
1202,2017-04-14,229,6973,7202
1202,2017-04-15,186,4954,5140
1202,2017-04-16,77,3607,3684
1202,2017-04-17,77,3092,3169
1202,2017-04-18,270,6781,7051
1202,2017-04-20,277,6961,7238
1202,2017-04-21,257,7200,7457
1202,2017-04-22,188,5831,6019
1202,2017-04-23,82,4634,4716
1202,2017-04-24,130,7902,8032
1202,2017-04-26,291,7807,8098
1202,2017-04-27,286,8052,8338
1202,2017-04-28,297,7927,8224
1202,2017-04-29,168,6690,6858
1202,2017-04-30,67,4755,4822
1202,2017-05-02,267,7816,8083
1202,2017-05-03,283,7345,7628
1202,2017-05-04,288,7889,8177
1202,2017-05-05,288,7875,8163
1202,2017-05-06,159,6203,6362
1202,2017-05-08,265,7286,7551
1202,2017-05-09,291,7906,8197
1202,2017-05-10,294,7701,7995
1202,2017-05-12,414,6984,7398
1202,2017-05-14,102,4378,4480
1202,2017-05-15,240,6942,7182
1202,2017-05-16,249,7462,7711
1202,2017-05-17,240,7371,7611
1202,2017-05-18,249,7717,7966
1202,2017-05-20,110,5940,6050
1202,2017-05-21,37,4070,4107
1202,2017-05-22,192,6715,6907
1202,2017-05-23,189,7346,7535
1202,2017-05-24,202,7595,7797
1202,2017-05-26,180,6806,6986
1202,2017-05-27,99,5480,5579
1202,2017-05-28,45,4114,4159
1202,2017-05-29,192,6678,6870
1202,2017-05-30,210,7369,7579
1202,2017-06-01,192,7604,7796
1202,2017-06-02,202,7233,7435
1202,2017-06-03,103,5846,5949
1202,2017-06-04,41,3674,3715
1202,2017-06-05,45,3297,3342
1202,2017-06-07,272,6010,6282
1202,2017-06-08,181,6543,6724
1202,2017-06-09,170,6545,6715
1202,2017-06-10,101,5219,5320
1202,2017-06-11,39,4136,4175
1202,2017-06-13,212,7536,7748
1202,2017-06-14,190,7325,7515
1202,2017-06-15,171,7274,7445
1202,2017-06-16,190,7672,7862
1202,2017-06-17,104,6629,6733
1202,2017-06-19,188,6711,6899
1202,2017-06-20,210,7085,7295
1202,2017-06-21,206,6891,7097
1202,2017-06-22,205,7269,7474
1202,2017-06-23,61,3576,3637
1202,2017-06-25,38,4080,4118
1202,2017-06-26,215,6777,6992
1202,2017-06-27,197,6983,7180
1202,2017-06-28,290,6626,6916
1202,2017-06-29,330,7224,7554
1202,2017-07-01,98,5422,5520
1202,2017-07-02,37,3947,3984
1202,2017-07-03,207,6778,6985
1202,2017-07-04,204,7318,7522
1202,2017-07-05,202,7217,7419
1202,2017-07-07,199,7484,7683
1202,2017-07-08,101,5621,5722
1202,2017-07-09,60,3946,4006
1202,2017-07-10,334,6476,6810
1202,2017-07-11,200,7430,7630
1202,2017-07-13,216,7498,7714
1202,2017-07-14,276,6886,7162
1202,2017-07-15,105,5564,5669
1202,2017-07-16,40,3829,3869
1202,2017-07-17,189,6712,6901
1202,2017-07-19,178,6691,6869
1202,2017-07-20,268,6590,6858
1202,2017-07-21,185,6867,7052
1202,2017-07-22,164,4972,5136
1202,2017-07-23,44,3794,3838
1202,2017-07-25,175,6578,6753
1202,2017-07-26,197,6765,6962
1202,2017-07-27,244,6390,6634
1202,2017-07-28,142,6362,6504
1202,2017-07-29,85,4583,4668
1202,2017-07-30,42,3295,3337
1202,2017-07-31,212,5030,5242
1202,2017-08-01,204,5212,5416
1202,2017-08-02,133,5655,5788
1202,2017-08-03,151,5470,5621
1202,2017-08-04,155,5652,5807
1202,2017-08-05,82,3943,4025
1202,2017-08-06,41,3294,3335
1202,2017-08-07,145,5121,5266
1202,2017-08-08,142,5246,5388
1202,2017-08-09,138,5509,5647
1202,2017-08-10,137,5534,5671
1202,2017-08-11,149,5514,5663
1202,2017-08-12,86,3836,3922
1202,2017-08-13,45,2908,2953
1202,2017-08-14,126,4803,4929
1202,2017-08-15,43,2551,2594
1202,2017-08-16,142,5424,5566
1202,2017-08-18,198,5004,5202
1202,2017-08-19,90,3958,4048
1202,2017-08-20,28,2985,3013
1202,2017-08-21,160,5654,5814
1202,2017-08-22,187,5864,6051
1202,2017-08-23,171,5868,6039
1202,2017-08-25,246,5706,5952
1202,2017-08-26,166,4212,4378
1202,2017-08-27,42,3462,3504
1202,2017-08-28,195,6055,6250
1202,2017-08-29,204,6303,6507
1202,2017-08-30,203,6547,6750
1202,2017-09-01,207,6421,6628
1202,2017-09-02,111,4426,4537
1202,2017-09-03,39,3831,3870
1202,2017-09-04,238,8672,8910
1202,2017-09-05,260,9228,9488
1202,2017-09-06,281,9512,9793
1202,2017-09-08,232,9513,9745
1202,2017-09-09,190,6732,6922
1202,2017-09-10,47,4439,4486
1202,2017-09-11,318,7940,8258
1202,2017-09-12,272,6786,7058
1202,2017-09-13,246,6534,6780
1202,2017-09-15,260,7236,7496
1202,2017-09-16,212,5758,5970
1202,2017-09-17,55,3783,3838
1202,2017-09-18,205,7094,7299
1202,2017-09-19,216,7305,7521
1202,2017-09-20,233,7348,7581
1202,2017-09-21,209,7304,7513
1202,2017-09-22,204,7554,7758
1202,2017-09-23,97,6042,6139
1202,2017-09-24,49,4094,4143
1202,2017-09-25,227,7272,7499
1202,2017-09-26,216,7624,7840
1202,2017-09-27,189,7327,7516
1202,2017-09-29,202,7815,8017
1202,2017-09-30,150,5784,5934
1202,2017-10-01,47,4360,4407
1202,2017-10-02,249,6752,7001
1202,2017-10-03,229,7646,7875
1202,2017-10-04,263,7326,7589
1202,2017-10-05,231,7313,7544
1202,2017-10-06,226,7567,7793
1202,2017-10-07,111,5887,5998
1202,2017-10-08,48,4241,4289
1202,2017-10-09,212,6986,7198
1202,2017-10-10,236,7365,7601
1202,2017-10-11,229,7174,7403
1202,2017-10-13,238,7443,7681
1202,2017-10-14,103,6195,6298
1202,2017-10-15,48,4372,4420
1202,2017-10-16,261,6974,7235
1202,2017-10-17,221,7591,7812
1202,2017-10-18,222,7156,7378
1202,2017-10-19,249,7572,7821
1202,2017-10-20,354,7342,7696
1202,2017-10-21,111,5839,5950
1202,2017-10-22,66,3944,4010
1202,2017-10-23,219,6881,7100
1202,2017-10-24,228,7107,7335
1202,2017-10-25,252,7243,7495
1202,2017-10-27,228,7769,7997
1202,2017-10-28,123,5867,5990
1202,2017-10-29,45,3386,3431
1202,2017-10-30,187,6757,6944
1202,2017-10-31,191,7233,7424
1202,2017-11-01,49,3831,3880
1202,2017-11-03,197,6698,6895
1202,2017-11-04,104,5402,5506
1202,2017-11-05,46,3551,3597
1202,2017-11-06,223,6960,7183
1202,2017-11-07,210,7442,7652
1202,2017-11-08,191,6349,6540
1202,2017-11-10,185,6816,7001
1202,2017-11-11,86,5328,5414
1202,2017-11-12,38,3225,3263
1202,2017-11-13,227,6856,7083
1202,2017-11-14,223,7327,7550
1202,2017-11-15,225,7061,7286
1202,2017-11-16,204,7470,7674
1202,2017-11-17,224,7566,7790
1202,2017-11-18,104,6270,6374
1202,2017-11-19,44,3822,3866
1202,2017-11-20,300,6214,6514
1202,2017-11-21,218,7123,7341
1202,2017-11-22,217,7313,7530
1202,2017-11-24,330,6820,7150
1202,2017-11-25,97,6043,6140
1202,2017-11-26,54,3892,3946
1202,2017-11-27,207,6238,6445
1202,2017-11-28,215,7456,7671
1202,2017-11-29,225,6933,7158
1202,2017-11-30,203,7471,7674
1202,2017-12-01,195,7203,7398
1202,2017-12-02,101,6206,6307
1202,2017-12-03,43,3731,3774
1202,2017-12-04,173,6947,7120
1202,2017-12-05,324,9040,9364
1202,2017-12-06,205,7142,7347
1202,2017-12-07,304,6824,7128
1202,2017-12-08,214,7197,7411
1202,2017-12-09,96,5830,5926
1202,2017-12-10,68,2830,2898
1202,2017-12-11,177,6174,6351
1202,2017-12-12,219,7425,7644
1202,2017-12-13,294,6134,6428
1202,2017-12-14,284,6954,7238
1202,2017-12-15,177,6656,6833
1202,2017-12-16,78,5674,5752
1202,2017-12-17,38,3542,3580
1202,2017-12-18,128,5822,5950
1202,2017-12-19,144,6423,6567
1202,2017-12-20,134,6215,6349
1202,2017-12-21,113,6048,6161
1202,2017-12-22,127,6335,6462
1202,2017-12-23,75,4477,4552
1202,2017-12-24,31,3293,3324
1202,2017-12-25,41,2765,2806
1202,2017-12-26,51,2618,2669
1202,2017-12-27,104,4805,4909
1202,2017-12-28,115,5306,5421
1202,2017-12-29,120,4753,4873
1202,2017-12-30,114,3818,3932
1202,2017-12-31,43,2925,2968
1204,2017-01-01,41,6087,6128
1204,2017-01-02,213,9960,10173
1204,2017-01-03,309,12193,12502
1204,2017-01-04,267,11149,11416
1204,2017-01-06,385,13059,13444
1204,2017-01-07,173,9427,9600
1204,2017-01-08,51,7198,7249
1204,2017-01-09,372,14311,14683
1204,2017-01-10,379,14102,14481
1204,2017-01-11,341,13624,13965
1204,2017-01-12,449,14665,15114
1204,2017-01-13,314,11825,12139
1204,2017-01-14,172,11370,11542
1204,2017-01-15,71,8830,8901
1204,2017-01-16,488,15119,15607
1204,2017-01-17,531,15916,16447
1204,2017-01-18,593,15631,16224
1204,2017-01-20,525,16281,16806
1204,2017-01-21,200,12140,12340
1204,2017-01-22,90,8693,8783
1204,2017-01-23,520,15437,15957
1204,2017-01-24,507,15694,16201
1204,2017-01-26,571,16249,16820
1204,2017-01-27,537,16697,17234
1204,2017-01-28,199,11716,11915
1204,2017-01-29,58,8560,8618
1204,2017-01-30,552,15924,16476
1204,2017-02-01,491,15804,16295
1204,2017-02-02,513,16507,17020
1204,2017-02-03,500,15352,15852
1204,2017-02-04,288,12236,12524
1204,2017-02-05,90,9148,9238
1204,2017-02-07,478,15033,15511
1204,2017-02-08,560,15942,16502
1204,2017-02-09,598,16473,17071
1204,2017-02-10,614,16615,17229
1204,2017-02-11,192,10970,11162
1204,2017-02-13,583,15812,16395
1204,2017-02-14,611,16677,17288
1204,2017-02-15,596,16578,17174
1204,2017-02-16,553,15304,15857
1204,2017-02-17,542,16074,16616
1204,2017-02-19,88,8781,8869
1204,2017-02-20,463,13545,14008
1204,2017-02-21,500,13782,14282
1204,2017-02-22,488,13463,13951
1204,2017-02-23,370,12916,13286
1204,2017-02-25,205,10969,11174
1204,2017-02-26,81,8560,8641
1204,2017-02-27,276,13502,13778
1204,2017-02-28,514,14734,15248
1204,2017-03-01,484,14580,15064
1204,2017-03-03,615,17295,17910
1204,2017-03-04,253,12166,12419
1204,2017-03-05,61,7787,7848
1204,2017-03-06,492,14873,15365
1204,2017-03-07,538,16085,16623
1204,2017-03-09,517,15080,15597
1204,2017-03-10,640,16967,17607
1204,2017-03-11,234,13459,13693
1204,2017-03-12,94,11262,11356
1204,2017-03-13,577,15229,15806
1204,2017-03-15,668,16827,17495
1204,2017-03-16,610,17274,17884
1204,2017-03-17,643,16927,17570
1204,2017-03-18,172,11583,11755
1204,2017-03-19,88,9278,9366
1204,2017-03-21,521,15319,15840
1204,2017-03-22,685,16963,17648
1204,2017-03-23,667,17417,18084
1204,2017-03-24,635,17472,18107
1204,2017-03-25,283,13900,14183
1204,2017-03-27,624,16633,17257
1204,2017-03-28,677,17412,18089
1204,2017-03-29,661,17403,18064
1204,2017-03-30,643,17585,18228
1204,2017-03-31,613,17956,18569
1204,2017-04-02,100,11868,11968
1204,2017-04-03,612,16693,17305
1204,2017-04-04,729,17780,18509
1204,2017-04-05,685,17780,18465
1204,2017-04-06,684,17832,18516
1204,2017-04-08,294,13645,13939
1204,2017-04-09,80,12381,12461
1204,2017-04-10,625,16507,17132
1204,2017-04-11,689,17119,17808
1204,2017-04-12,656,16949,17605
1204,2017-04-14,439,16161,16600
1204,2017-04-15,270,11214,11484
1204,2017-04-16,83,9332,9415
1204,2017-04-17,90,7779,7869
1204,2017-04-18,643,15691,16334
1204,2017-04-20,738,16317,17055
1204,2017-04-21,724,16568,17292
1204,2017-04-22,300,12315,12615
1204,2017-04-23,115,11441,11556
1204,2017-04-24,683,16581,17264
1204,2017-04-26,743,17602,18345
1204,2017-04-27,788,18046,18834
1204,2017-04-28,688,18018,18706
1204,2017-04-29,284,13790,14074
1204,2017-04-30,125,12639,12764
1204,2017-05-02,638,17441,18079
1204,2017-05-03,577,16505,17082
1204,2017-05-04,684,17794,18478
1204,2017-05-05,731,18189,18920
1204,2017-05-06,283,13580,13863
1204,2017-05-08,624,16635,17259
1204,2017-05-09,723,17708,18431
1204,2017-05-10,778,17791,18569
1204,2017-05-11,708,17748,18456
1204,2017-05-12,896,17675,18571
1204,2017-05-14,116,11348,11464
1204,2017-05-15,636,16521,17157
1204,2017-05-16,739,17446,18185
1204,2017-05-17,708,17621,18329
1204,2017-05-18,696,17797,18493
1204,2017-05-20,295,13239,13534
1204,2017-05-21,80,11327,11407
1204,2017-05-22,621,16366,16987
1204,2017-05-23,722,17219,17941
1204,2017-05-24,693,17883,18576
1204,2017-05-26,539,15739,16278
1204,2017-05-27,269,12794,13063
1204,2017-05-28,99,11244,11343
1204,2017-05-29,645,16440,17085
1204,2017-05-30,660,17244,17904
1204,2017-06-01,740,17875,18615
1204,2017-06-02,670,17515,18185
1204,2017-06-03,496,13607,14103
1204,2017-06-04,101,10390,10491
1204,2017-06-05,114,10633,10747
1204,2017-06-07,688,15487,16175
1204,2017-06-08,717,16326,17043
1204,2017-06-09,701,16093,16794
1204,2017-06-10,313,12663,12976
1204,2017-06-11,111,11659,11770
1204,2017-06-13,733,17757,18490
1204,2017-06-14,897,18197,19094
1204,2017-06-15,555,17840,18395
1204,2017-06-16,755,18231,18986
1204,2017-06-17,311,14301,14612
1204,2017-06-19,680,16896,17576
1204,2017-06-20,778,17192,17970
1204,2017-06-21,805,17430,18235
1204,2017-06-22,758,17517,18275
1204,2017-06-23,244,9837,10081
1204,2017-06-25,108,10413,10521
1204,2017-06-26,794,16653,17447
1204,2017-06-27,1032,18238,19270
1204,2017-06-28,1030,18148,19178
1204,2017-06-29,770,17962,18732
1204,2017-07-01,233,12120,12353
1204,2017-07-02,104,10047,10151
1204,2017-07-03,684,16367,17051
1204,2017-07-04,745,17927,18672
1204,2017-07-05,890,17920,18810
1204,2017-07-07,819,18195,19014
1204,2017-07-08,275,14029,14304
1204,2017-07-09,160,10920,11080
1204,2017-07-10,729,16279,17008
1204,2017-07-11,702,17469,18171
1204,2017-07-13,758,18139,18897
1204,2017-07-14,685,18105,18790
1204,2017-07-15,442,16297,16739
1204,2017-07-16,140,11649,11789
1204,2017-07-17,710,16451,17161
1204,2017-07-19,722,16755,17477
1204,2017-07-20,662,16237,16899
1204,2017-07-21,714,17023,17737
1204,2017-07-22,263,12797,13060
1204,2017-07-23,99,11391,11490
1204,2017-07-25,697,16207,16904
1204,2017-07-26,715,16702,17417
1204,2017-07-27,569,15335,15904
1204,2017-07-28,558,16172,16730
1204,2017-07-29,206,11734,11940
1204,2017-07-30,122,9937,10059
1204,2017-07-31,708,14730,15438
1204,2017-08-01,686,14972,15658
1204,2017-08-02,552,15032,15584
1204,2017-08-03,563,14778,15341
1204,2017-08-04,564,15040,15604
1204,2017-08-05,222,11001,11223
1204,2017-08-06,108,10546,10654
1204,2017-08-07,499,13589,14088
1204,2017-08-08,530,13368,13898
1204,2017-08-09,499,14428,14927
1204,2017-08-10,524,14399,14923
1204,2017-08-11,518,14456,14974
1204,2017-08-12,184,10674,10858
1204,2017-08-13,95,9786,9881
1204,2017-08-14,485,12636,13121
1204,2017-08-15,135,7662,7797
1204,2017-08-16,558,14265,14823
1204,2017-08-18,444,12479,12923
1204,2017-08-19,172,9882,10054
1204,2017-08-20,99,8943,9042
1204,2017-08-21,590,14145,14735
1204,2017-08-22,656,15357,16013
1204,2017-08-23,665,15688,16353
1204,2017-08-25,629,15362,15991
1204,2017-08-26,268,12300,12568
1204,2017-08-27,101,10406,10507
1204,2017-08-28,645,15408,16053
1204,2017-08-29,726,16198,16924
1204,2017-08-30,724,16347,17071
1204,2017-09-01,697,16163,16860
1204,2017-09-02,314,11776,12090
1204,2017-09-03,106,11297,11403
1204,2017-09-04,684,14283,14967
1204,2017-09-05,715,15235,15950
1204,2017-09-06,692,15260,15952
1204,2017-09-08,578,15841,16419
1204,2017-09-09,223,11241,11464
1204,2017-09-10,88,10051,10139
1204,2017-09-11,508,14590,15098
1204,2017-09-12,554,15998,16552
1204,2017-09-13,475,13069,13544
1204,2017-09-15,585,16709,17294
1204,2017-09-16,270,12330,12600
1204,2017-09-17,78,9539,9617
1204,2017-09-18,556,16287,16843
1204,2017-09-19,615,16992,17607
1204,2017-09-20,674,17004,17678
1204,2017-09-21,588,17355,17943
1204,2017-09-22,562,17727,18289
1204,2017-09-23,250,13660,13910
1204,2017-09-24,93,11034,11127
1204,2017-09-25,601,16876,17477
1204,2017-09-26,620,17524,18144
1204,2017-09-27,599,17264,17863
1204,2017-09-29,588,18069,18657
1204,2017-09-30,270,13460,13730
1204,2017-10-01,85,10585,10670
1204,2017-10-02,529,15321,15850
1204,2017-10-03,483,16949,17432
1204,2017-10-04,663,17148,17811
1204,2017-10-05,584,16897,17481
1204,2017-10-06,534,17195,17729
1204,2017-10-07,278,12786,13064
1204,2017-10-08,73,10107,10180
1204,2017-10-09,527,16171,16698
1204,2017-10-10,607,17133,17740
1204,2017-10-11,599,17061,17660
1204,2017-10-13,607,17650,18257
1204,2017-10-14,232,14399,14631
1204,2017-10-15,82,12389,12471
1204,2017-10-16,602,16790,17392
1204,2017-10-17,615,17671,18286
1204,2017-10-18,633,17306,17939
1204,2017-10-19,656,17810,18466
1204,2017-10-20,544,16746,17290
1204,2017-10-21,231,12629,12860
1204,2017-10-22,85,8818,8903
1204,2017-10-23,561,16420,16981
1204,2017-10-24,535,16480,17015
1204,2017-10-25,657,16761,17418
1204,2017-10-27,542,17582,18124
1204,2017-10-28,251,13381,13632
1204,2017-10-29,81,9131,9212
1204,2017-10-30,619,16002,16621
1204,2017-10-31,468,17383,17851
1204,2017-11-01,101,10499,10600
1204,2017-11-03,660,16422,17082
1204,2017-11-04,260,12430,12690
1204,2017-11-05,75,9303,9378
1204,2017-11-06,615,16463,17078
1204,2017-11-07,662,17058,17720
1204,2017-11-08,516,15031,15547
1204,2017-11-10,494,15864,16358
1204,2017-11-11,162,10580,10742
1204,2017-11-12,92,9038,9130
1204,2017-11-13,636,16301,16937
1204,2017-11-14,658,16794,17452
1204,2017-11-15,703,17064,17767
1204,2017-11-16,703,17078,17781
1204,2017-11-17,592,16535,17127
1204,2017-11-18,248,13428,13676
1204,2017-11-19,78,9468,9546
1204,2017-11-20,571,15898,16469
1204,2017-11-21,519,15834,16353
1204,2017-11-22,680,16869,17549
1204,2017-11-24,550,15966,16516
1204,2017-11-25,225,12624,12849
1204,2017-11-26,88,9009,9097
1204,2017-11-27,561,14080,14641
1204,2017-11-28,579,16059,16638
1204,2017-11-29,585,16350,16935
1204,2017-11-30,533,16528,17061
1204,2017-12-01,524,16427,16951
1204,2017-12-02,254,12778,13032
1204,2017-12-03,76,8727,8803
1204,2017-12-04,484,15894,16378
1204,2017-12-05,578,17034,17612
1204,2017-12-06,667,16883,17550
1204,2017-12-07,636,16492,17128
1204,2017-12-08,557,15880,16437
1204,2017-12-09,228,12619,12847
1204,2017-12-10,74,6586,6660
1204,2017-12-11,610,16820,17430
1204,2017-12-12,587,16804,17391
1204,2017-12-13,518,13849,14367
1204,2017-12-14,529,16051,16580
1204,2017-12-15,450,15625,16075
1204,2017-12-16,218,12294,12512
1204,2017-12-17,83,8757,8840
1204,2017-12-18,361,13805,14166
1204,2017-12-19,455,15067,15522
1204,2017-12-20,418,14580,14998
1204,2017-12-21,367,14743,15110
1204,2017-12-22,356,14655,15011
1204,2017-12-23,159,10380,10539
1204,2017-12-24,53,7295,7348
1204,2017-12-25,58,6932,6990
1204,2017-12-26,57,6433,6490
1204,2017-12-27,275,10506,10781
1204,2017-12-28,286,12223,12509
1204,2017-12-29,263,11009,11272
1204,2017-12-30,139,8464,8603
1204,2017-12-31,67,6516,6583
1223,2017-01-01,35,2131,2166
1223,2017-01-02,130,2831,2961
1223,2017-01-03,133,3380,3513
1223,2017-01-04,159,3488,3647
1223,2017-01-05,137,3590,3727
1223,2017-01-07,100,2878,2978
1223,2017-01-08,40,2443,2483
1223,2017-01-09,209,3852,4061
1223,2017-01-10,202,4052,4254
1223,2017-01-11,222,4032,4254
1223,2017-01-12,218,4232,4450
1223,2017-01-13,230,4396,4626
1223,2017-01-14,107,3138,3245
1223,2017-01-15,36,2829,2865
1223,2017-01-16,248,4120,4368
1223,2017-01-17,219,4438,4657
1223,2017-01-18,213,4373,4586
1223,2017-01-20,246,4712,4958
1223,2017-01-21,116,3602,3718
1223,2017-01-22,48,3447,3495
1223,2017-01-23,227,4405,4632
1223,2017-01-24,226,4472,4698
1223,2017-01-26,214,4614,4828
1223,2017-01-27,233,4956,5189
1223,2017-01-28,108,3627,3735
1223,2017-01-29,48,2956,3004
1223,2017-01-30,240,4300,4540
1223,2017-02-01,238,4519,4757
1223,2017-02-02,232,4833,5065
1223,2017-02-03,247,4873,5120
1223,2017-02-04,110,3528,3638
1223,2017-02-05,42,3031,3073
1223,2017-02-07,241,5045,5286
1223,2017-02-08,245,5076,5321
1223,2017-02-09,254,5127,5381
1223,2017-02-10,288,5474,5762
1223,2017-02-11,120,3749,3869
1223,2017-02-13,298,5142,5440
1223,2017-02-14,263,5611,5874
1223,2017-02-15,270,5566,5836
1223,2017-02-16,278,5058,5336
1223,2017-02-17,273,5536,5809
1223,2017-02-19,45,3899,3944
1223,2017-02-20,197,4532,4729
1223,2017-02-21,239,5032,5271
1223,2017-02-22,278,4718,4996
1223,2017-02-23,228,4664,4892
1223,2017-02-25,116,3945,4061
1223,2017-02-26,48,4101,4149
1223,2017-02-27,240,4202,4442
1223,2017-02-28,292,4818,5110
1223,2017-03-01,322,5272,5594
1223,2017-03-03,329,5615,5944
1223,2017-03-04,164,4238,4402
1223,2017-03-05,40,3446,3486
1223,2017-03-06,291,5183,5474
1223,2017-03-07,290,5342,5632
1223,2017-03-09,360,5548,5908
1223,2017-03-10,308,5897,6205
1223,2017-03-11,131,4906,5037
1223,2017-03-12,52,5054,5106
1223,2017-03-13,299,5250,5549
1223,2017-03-15,315,5503,5818
1223,2017-03-16,331,5884,6215
1223,2017-03-17,329,5631,5960
1223,2017-03-18,133,4186,4319
1223,2017-03-19,35,3795,3830
1223,2017-03-21,334,5224,5558
1223,2017-03-22,311,5261,5572
1223,2017-03-23,346,5629,5975
1223,2017-03-24,322,5888,6210
1223,2017-03-25,166,5089,5255
1223,2017-03-27,288,5559,5847
1223,2017-03-28,343,5728,6071
1223,2017-03-29,300,5567,5867
1223,2017-03-30,312,6154,6466
1223,2017-03-31,300,6050,6350
1223,2017-04-02,52,5109,5161
1223,2017-04-03,315,5525,5840
1223,2017-04-04,376,5406,5782
1223,2017-04-05,332,5578,5910
1223,2017-04-06,325,5615,5940
1223,2017-04-08,127,4839,4966
1223,2017-04-09,55,5903,5958
1223,2017-04-10,241,4980,5221
1223,2017-04-11,104,2033,2137
1223,2017-04-12,81,1747,1828
1223,2017-04-14,79,1988,2067
1223,2017-04-15,110,3600,3710
1223,2017-04-16,44,3559,3603
1223,2017-04-17,46,3274,3320
1223,2017-04-18,270,4884,5154
1223,2017-04-20,268,5318,5586
1223,2017-04-21,251,5862,6113
1223,2017-04-22,148,4464,4612
1223,2017-04-23,46,4442,4488
1223,2017-04-24,306,5410,5716
1223,2017-04-26,286,5312,5598
1223,2017-04-27,308,5355,5663
1223,2017-04-28,318,5526,5844
1223,2017-04-29,154,4883,5037
1223,2017-04-30,55,5819,5874
1223,2017-05-02,286,5114,5400
1223,2017-05-03,305,5214,5519
1223,2017-05-04,261,5288,5549
1223,2017-05-05,281,5834,6115
1223,2017-05-06,137,4439,4576
1223,2017-05-08,296,4676,4972
1223,2017-05-09,278,5382,5660
1223,2017-05-10,268,5431,5699
1223,2017-05-11,256,5111,5367
1223,2017-05-12,264,5166,5430
1223,2017-05-14,56,4327,4383
1223,2017-05-15,241,4986,5227
1223,2017-05-16,263,5326,5589
1223,2017-05-17,269,5336,5605
1223,2017-05-18,266,4926,5192
1223,2017-05-20,133,4243,4376
1223,2017-05-21,54,4823,4877
1223,2017-05-22,266,4990,5256
1223,2017-05-23,262,5237,5499
1223,2017-05-24,259,5679,5938
1223,2017-05-26,314,5552,5866
1223,2017-05-27,144,4914,5058
1223,2017-05-28,65,4811,4876
1223,2017-05-29,312,4694,5006
1223,2017-05-30,294,5014,5308
1223,2017-06-01,261,5273,5534
1223,2017-06-02,290,5314,5604
1223,2017-06-03,148,4410,4558
1223,2017-06-04,60,4598,4658
1223,2017-06-05,63,5149,5212
1223,2017-06-07,268,4432,4700
1223,2017-06-08,223,4876,5099
1223,2017-06-09,262,4720,4982
1223,2017-06-10,125,4303,4428
1223,2017-06-11,51,4735,4786
1223,2017-06-13,275,5327,5602
1223,2017-06-14,264,5348,5612
1223,2017-06-15,216,5441,5657
1223,2017-06-16,265,5698,5963
1223,2017-06-17,121,4894,5015
1223,2017-06-19,286,4964,5250
1223,2017-06-20,272,5206,5478
1223,2017-06-21,283,4934,5217
1223,2017-06-22,276,5066,5342
1223,2017-06-23,73,3921,3994
1223,2017-06-25,44,4348,4392
1223,2017-06-26,307,4808,5115
1223,2017-06-27,280,4794,5074
1223,2017-06-28,274,4850,5124
1223,2017-06-29,298,4946,5244
1223,2017-07-01,146,5026,5172
1223,2017-07-02,63,4728,4791
1223,2017-07-03,266,4821,5087
1223,2017-07-04,237,5274,5511
1223,2017-07-05,252,5440,5692
1223,2017-07-07,250,5118,5368
1223,2017-07-08,149,4693,4842
1223,2017-07-09,62,4536,4598
1223,2017-07-10,274,4304,4578
1223,2017-07-11,308,4806,5114
1223,2017-07-13,210,5181,5391
1223,2017-07-14,260,5464,5724
1223,2017-07-15,186,4973,5159
1223,2017-07-16,103,5014,5117
1223,2017-07-17,242,4639,4881
1223,2017-07-19,240,4727,4967
1223,2017-07-20,258,4606,4864
1223,2017-07-21,251,5386,5637
1223,2017-07-22,138,4236,4374
1223,2017-07-23,58,4314,4372
1223,2017-07-25,206,4138,4344
1223,2017-07-26,215,4739,4954
1223,2017-07-27,234,4312,4546
1223,2017-07-28,176,4757,4933
1223,2017-07-29,121,4115,4236
1223,2017-07-30,54,4643,4697
1223,2017-07-31,186,4180,4366
1223,2017-08-01,180,4172,4352
1223,2017-08-02,194,4705,4899
1223,2017-08-03,177,4504,4681
1223,2017-08-04,204,4603,4807
1223,2017-08-05,129,3658,3787
1223,2017-08-06,61,4777,4838
1223,2017-08-07,178,4083,4261
1223,2017-08-08,186,3616,3802
1223,2017-08-09,182,4098,4280
1223,2017-08-10,204,3796,4000
1223,2017-08-11,211,4119,4330
1223,2017-08-12,148,3332,3480
1223,2017-08-13,65,4502,4567
1223,2017-08-14,166,4199,4365
1223,2017-08-15,62,4070,4132
1223,2017-08-16,197,4078,4275
1223,2017-08-18,182,4086,4268
1223,2017-08-19,116,3464,3580
1223,2017-08-20,50,4801,4851
1223,2017-08-21,183,3921,4104
1223,2017-08-22,214,4460,4674
1223,2017-08-23,196,4773,4969
1223,2017-08-25,188,4392,4580
1223,2017-08-26,140,3672,3812
1223,2017-08-27,64,3981,4045
1223,2017-08-28,200,4430,4630
1223,2017-08-29,234,5114,5348
1223,2017-08-30,249,4432,4681
1223,2017-09-01,282,4408,4690
1223,2017-09-02,146,3582,3728
1223,2017-09-03,53,3956,4009
1223,2017-09-04,238,3998,4236
1223,2017-09-05,203,4494,4697
1223,2017-09-06,233,4386,4619
1223,2017-09-08,259,4628,4887
1223,2017-09-09,148,3988,4136
1223,2017-09-10,77,3965,4042
1223,2017-09-11,264,4146,4410
1223,2017-09-12,248,4377,4625
1223,2017-09-13,228,4188,4416
1223,2017-09-15,258,4970,5228
1223,2017-09-16,136,4106,4242
1223,2017-09-17,46,4303,4349
1223,2017-09-18,260,4595,4855
1223,2017-09-19,265,4329,4594
1223,2017-09-20,318,4628,4946
1223,2017-09-21,291,4778,5069
1223,2017-09-22,302,5037,5339
1223,2017-09-23,154,4527,4681
1223,2017-09-24,38,3864,3902
1223,2017-09-25,268,4433,4701
1223,2017-09-26,270,4758,5028
1223,2017-09-27,240,4688,4928
1223,2017-09-29,269,5122,5391
1223,2017-09-30,140,3924,4064
1223,2017-10-01,50,4239,4289
1223,2017-10-02,253,4265,4518
1223,2017-10-03,204,4584,4788
1223,2017-10-04,255,4365,4620
1223,2017-10-05,260,4408,4668
1223,2017-10-06,258,4474,4732
1223,2017-10-07,144,4155,4299
1223,2017-10-08,52,3332,3384
1223,2017-10-09,216,4273,4489
1223,2017-10-10,259,4377,4636
1223,2017-10-11,227,4512,4739
1223,2017-10-13,237,4759,4996
1223,2017-10-14,125,4396,4521
1223,2017-10-15,49,4943,4992
1223,2017-10-16,268,4761,5029
1223,2017-10-17,253,4633,4886
1223,2017-10-18,298,4959,5257
1223,2017-10-19,243,4761,5004
1223,2017-10-20,278,4438,4716
1223,2017-10-21,124,3446,3570
1223,2017-10-22,42,3186,3228
1223,2017-10-23,236,4027,4263
1223,2017-10-24,244,4331,4575
1223,2017-10-25,273,5470,5743
1223,2017-11-10,288,4138,4426
1223,2017-11-11,120,3124,3244
1223,2017-11-12,41,2601,2642
1223,2017-11-13,245,3864,4109
1223,2017-11-14,276,4305,4581
1223,2017-11-15,270,4258,4528
1223,2017-11-16,261,4298,4559
1223,2017-11-17,257,4524,4781
1223,2017-11-18,129,3376,3505
1223,2017-11-19,48,3007,3055
1223,2017-11-20,250,3934,4184
1223,2017-11-21,276,3874,4150
1223,2017-11-22,235,4155,4390
1223,2017-11-24,226,4248,4474
1223,2017-11-25,124,3285,3409
1223,2017-11-26,38,2723,2761
1223,2017-11-27,256,3712,3968
1223,2017-11-28,268,4012,4280
1223,2017-11-29,215,4228,4443
1223,2017-11-30,219,4254,4473
1223,2017-12-01,220,4274,4494
1223,2017-12-02,114,3242,3356
1223,2017-12-03,34,2601,2635
1223,2017-12-04,222,3953,4175
1223,2017-12-05,215,4172,4387
1223,2017-12-06,226,4101,4327
1223,2017-12-07,226,4064,4290
1223,2017-12-08,250,4375,4625
1223,2017-12-09,136,3242,3378
1223,2017-12-10,38,2132,2170
1223,2017-12-11,218,3662,3880
1223,2017-12-12,220,4076,4296
1223,2017-12-13,268,4034,4302
1223,2017-12-14,214,4242,4456
1223,2017-12-15,220,4294,4514
1223,2017-12-16,122,3232,3354
1223,2017-12-17,41,2629,2670
1223,2017-12-18,162,3564,3726
1223,2017-12-19,179,3883,4062
1223,2017-12-20,187,3715,3902
1223,2017-12-21,149,3756,3905
1223,2017-12-22,143,3718,3861
1223,2017-12-23,116,2932,3048
1223,2017-12-24,48,2106,2154
1223,2017-12-25,28,2137,2165
1223,2017-12-26,30,1990,2020
1223,2017-12-27,106,2972,3078
1223,2017-12-28,122,2997,3119
1223,2017-12-29,146,3016,3162
1223,2017-12-30,120,2794,2914
1223,2017-12-31,48,2192,2240
1229,2017-01-01,35,2131,2166
1229,2017-01-02,130,2831,2961
1229,2017-01-03,133,3380,3513
1229,2017-01-04,159,3488,3647
1229,2017-01-05,137,3590,3727
1229,2017-01-06,82,2094,2176
1229,2017-01-07,45,1561,1606
1229,2017-01-08,5,1079,1084
1229,2017-01-09,129,2109,2238
1229,2017-01-10,138,2281,2419
1229,2017-01-11,127,2420,2547
1229,2017-01-12,173,2459,2632
1229,2017-01-13,129,2371,2500
1229,2017-01-14,51,1719,1770
1229,2017-01-15,3,1245,1248
1229,2017-01-16,168,2543,2711
1229,2017-01-17,179,2769,2948
1229,2017-01-18,188,2605,2793
1229,2017-01-20,167,2671,2838
1229,2017-01-21,59,2144,2203
1229,2017-01-22,13,1491,1504
1229,2017-01-23,167,2614,2781
1229,2017-01-24,168,2573,2741
1229,2017-01-26,177,2580,2757
1229,2017-01-27,149,2626,2775
1229,2017-01-28,51,1805,1856
1229,2017-01-29,7,1318,1325
1229,2017-01-30,162,2578,2740
1229,2017-02-01,202,2559,2761
1229,2017-02-02,180,2711,2891
1229,2017-02-03,223,2716,2939
1229,2017-02-04,50,1932,1982
1229,2017-02-05,8,1281,1289
1229,2017-02-07,173,2880,3053
1229,2017-02-08,190,2847,3037
1229,2017-02-09,204,2798,3002
1229,2017-02-10,170,2912,3082
1229,2017-02-11,54,1775,1829
1229,2017-02-13,205,2702,2907
1229,2017-02-14,198,2810,3008
1229,2017-02-15,217,2849,3066
1229,2017-02-16,202,2802,3004
1229,2017-02-17,195,2912,3107
1229,2017-02-19,17,1418,1435
1229,2017-02-20,192,2338,2530
1229,2017-02-21,248,2491,2739
1229,2017-02-22,200,2559,2759
1229,2017-02-23,234,2406,2640
1229,2017-02-25,68,1860,1928
1229,2017-02-26,10,1622,1632
1229,2017-02-27,124,2174,2298
1229,2017-02-28,173,2490,2663
1229,2017-03-01,231,2767,2998
1229,2017-03-03,165,3012,3177
1229,2017-03-04,72,2110,2182
1229,2017-03-05,10,1376,1386
1229,2017-03-06,226,2589,2815
1229,2017-03-07,216,2767,2983
1229,2017-03-09,234,2799,3033
1229,2017-03-10,178,2955,3133
1229,2017-03-11,67,2325,2392
1229,2017-03-12,8,1964,1972
1229,2017-03-13,257,2628,2885
1229,2017-03-15,187,2802,2989
1229,2017-03-16,205,2934,3139
1229,2017-03-17,183,2905,3088
1229,2017-03-18,66,2000,2066
1229,2017-03-19,7,1490,1497
1229,2017-03-21,194,2816,3010
1229,2017-03-22,202,2649,2851
1229,2017-03-23,189,2921,3110
1229,2017-03-24,186,2971,3157
1229,2017-03-25,78,2363,2441
1229,2017-03-27,209,2750,2959
1229,2017-03-28,233,2970,3203
1229,2017-03-29,237,2893,3130
1229,2017-03-30,224,3166,3390
1229,2017-03-31,194,3185,3379
1229,2017-04-02,8,1940,1948
1229,2017-04-03,204,2775,2979
1229,2017-04-04,198,2949,3147
1229,2017-04-05,238,2992,3230
1229,2017-04-06,198,2985,3183
1229,2017-04-08,76,2355,2431
1229,2017-04-09,13,2230,2243
1229,2017-04-10,180,2765,2945
1229,2017-04-11,218,2937,3155
1229,2017-04-12,181,2864,3045
1229,2017-04-14,220,2887,3107
1229,2017-04-15,106,1932,2038
1229,2017-04-16,21,1412,1433
1229,2017-04-17,6,1354,1360
1229,2017-04-18,197,2722,2919
1229,2017-04-20,232,2641,2873
1229,2017-04-21,133,2787,2920
1229,2017-04-22,61,2087,2148
1229,2017-04-23,12,1969,1981
1229,2017-04-24,202,2479,2681
1229,2017-04-26,186,2699,2885
1229,2017-04-27,185,2707,2892
1229,2017-04-28,230,2968,3198
1229,2017-04-29,76,2438,2514
1229,2017-04-30,19,2488,2507
1229,2017-05-02,203,2758,2961
1229,2017-05-03,224,2902,3126
1229,2017-05-04,183,2955,3138
1229,2017-05-05,194,3092,3286
1229,2017-05-06,67,2435,2502
1229,2017-05-08,200,2595,2795
1229,2017-05-09,214,2930,3144
1229,2017-05-10,187,2966,3153
1229,2017-05-11,181,3083,3264
1229,2017-05-12,172,3041,3213
1229,2017-05-14,16,2058,2074
1229,2017-05-15,188,2787,2975
1229,2017-05-16,205,3113,3318
1229,2017-05-17,246,3240,3486
1229,2017-05-18,167,3027,3194
1229,2017-05-20,64,2220,2284
1229,2017-05-21,24,2147,2171
1229,2017-05-22,224,2950,3174
1229,2017-05-23,219,3103,3322
1229,2017-05-24,261,3361,3622
1229,2017-05-26,197,3087,3284
1229,2017-05-27,82,2665,2747
1229,2017-05-28,42,2088,2130
1229,2017-05-29,184,2939,3123
1229,2017-05-30,178,2994,3172
1229,2017-06-02,308,3152,3460
1229,2017-06-03,110,2415,2525
1229,2017-06-04,20,2036,2056
1229,2017-06-05,26,2078,2104
1229,2017-06-08,198,2804,3002
1229,2017-06-09,156,2912,3068
1229,2017-06-10,85,2584,2669
1229,2017-06-11,24,2150,2174
1229,2017-06-14,226,3156,3382
1229,2017-06-15,165,3311,3476
1229,2017-06-16,240,3369,3609
1229,2017-06-17,116,2530,2646
1229,2017-06-19,232,2876,3108
1229,2017-06-20,236,3179,3415
1229,2017-06-21,196,3050,3246
1229,2017-06-22,206,3057,3263
1229,2017-06-23,41,1986,2027
1229,2017-06-24,73,2204,2277
1229,2017-06-26,185,2473,2658
1229,2017-06-27,191,3008,3199
1229,2017-06-28,226,2932,3158
1229,2017-06-29,190,2985,3175
1229,2017-06-30,193,3128,3321
1229,2017-07-02,20,1954,1974
1229,2017-07-03,161,2859,3020
1229,2017-07-04,249,3137,3386
1229,2017-07-05,237,3044,3281
1229,2017-07-06,214,3040,3254
1229,2017-07-08,67,2582,2649
1229,2017-07-09,14,1895,1909
1229,2017-07-10,232,2758,2990
1229,2017-07-11,200,3016,3216
1229,2017-07-12,216,3136,3352
1229,2017-07-14,198,3062,3260
1229,2017-07-15,89,2452,2541
1229,2017-07-16,25,2152,2177
1229,2017-07-17,191,2873,3064
1229,2017-07-18,199,2980,3179
1229,2017-07-20,210,2942,3152
1229,2017-07-21,196,3222,3418
1229,2017-07-22,123,2390,2513
1229,2017-07-23,25,1959,1984
1229,2017-07-24,158,2554,2712
1229,2017-07-26,177,2876,3053
1229,2017-07-27,172,2722,2894
1229,2017-07-28,141,3018,3159
1229,2017-07-29,64,2512,2576
1229,2017-07-30,27,1956,1983
1229,2017-07-31,142,2702,2844
1229,2017-08-01,146,2526,2672
1229,2017-08-02,147,2885,3032
1229,2017-08-03,117,2680,2797
1229,2017-08-04,151,2752,2903
1229,2017-08-05,76,2343,2419
1229,2017-08-06,38,2099,2137
1229,2017-08-07,144,2587,2731
1229,2017-08-08,131,2515,2646
1229,2017-08-09,146,2670,2816
1229,2017-08-10,142,2603,2745
1229,2017-08-11,123,2594,2717
1229,2017-08-12,65,2030,2095
1229,2017-08-13,14,2067,2081
1229,2017-08-14,150,2474,2624
1229,2017-08-15,16,1872,1888
1229,2017-08-16,145,2786,2931
1229,2017-08-18,138,2456,2594
1229,2017-08-19,72,2124,2196
1229,2017-08-20,19,1918,1937
1229,2017-08-21,145,2650,2795
1229,2017-08-22,187,2930,3117
1229,2017-08-23,193,3010,3203
1229,2017-08-25,186,2776,2962
1229,2017-08-26,84,2254,2338
1229,2017-08-27,16,2018,2034
1229,2017-08-28,198,2989,3187
1229,2017-08-29,180,3095,3275
1229,2017-08-30,183,2837,3020
1229,2017-09-01,187,3028,3215
1229,2017-09-02,78,2012,2090
1229,2017-09-03,18,1946,1964
1229,2017-09-04,215,2795,3010
1229,2017-09-05,285,2876,3161
1229,2017-09-06,229,2902,3131
1229,2017-09-08,199,3089,3288
1229,2017-09-09,78,2270,2348
1229,2017-09-10,24,1987,2011
1229,2017-09-11,204,2766,2970
1229,2017-09-12,182,3018,3200
1229,2017-09-13,204,3098,3302
1229,2017-09-15,192,3096,3288
1229,2017-09-16,64,2394,2458
1229,2017-09-17,10,1988,1998
1229,2017-09-18,202,2981,3183
1229,2017-09-19,244,3026,3270
1229,2017-09-20,214,3167,3381
1229,2017-09-21,215,3313,3528
1229,2017-09-22,187,3342,3529
1229,2017-09-23,133,2681,2814
1229,2017-09-24,25,2096,2121
1229,2017-09-25,268,3051,3319
1229,2017-09-26,212,3257,3469
1229,2017-09-27,200,3309,3509
1229,2017-09-29,212,3479,3691
1229,2017-09-30,58,2480,2538
1229,2017-10-01,19,2043,2062
1229,2017-10-02,190,2424,2614
1229,2017-10-03,158,2286,2444
1229,2017-10-04,165,2621,2786
1229,2017-10-05,165,2649,2814
1229,2017-10-06,142,2743,2885
1229,2017-10-07,57,2027,2084
1229,2017-10-08,18,1547,1565
1229,2017-10-09,156,2391,2547
1229,2017-10-10,164,2494,2658
1229,2017-10-11,222,2741,2963
1229,2017-10-13,202,3132,3334
1229,2017-10-14,70,2572,2642
1229,2017-10-15,16,2513,2529
1229,2017-10-16,221,3212,3433
1229,2017-10-17,213,3231,3444
1229,2017-10-18,251,3238,3489
1229,2017-10-19,217,3340,3557
1229,2017-10-20,225,3202,3427
1229,2017-10-21,90,2173,2263
1229,2017-10-22,8,1528,1536
1229,2017-10-23,165,2880,3045
1229,2017-10-24,200,3200,3400
1229,2017-10-25,211,3219,3430
1229,2017-10-27,196,3162,3358
1229,2017-10-28,69,2272,2341
1229,2017-10-29,15,1908,1923
1229,2017-10-30,138,2681,2819
1229,2017-10-31,130,2839,2969
1229,2017-11-01,12,1624,1636
1229,2017-11-03,160,3040,3200
1229,2017-11-04,69,2318,2387
1229,2017-11-05,12,1691,1703
1229,2017-11-06,231,2730,2961
1229,2017-11-07,218,3162,3380
1229,2017-11-08,209,3049,3258
1229,2017-11-10,180,3109,3289
1229,2017-11-11,56,2144,2200
1229,2017-11-12,18,1318,1336
1229,2017-11-13,182,2914,3096
1229,2017-11-14,215,2980,3195
1229,2017-11-15,199,3002,3201
1229,2017-11-16,193,3139,3332
1229,2017-11-17,175,3100,3275
1229,2017-11-18,63,2200,2263
1229,2017-11-19,7,1445,1452
1229,2017-11-20,188,2974,3162
1229,2017-11-21,207,3015,3222
1229,2017-11-22,203,3025,3228
1229,2017-11-24,206,3125,3331
1229,2017-11-25,52,2152,2204
1229,2017-11-26,13,1422,1435
1229,2017-11-27,201,2814,3015
1229,2017-11-28,212,2976,3188
1229,2017-11-29,199,3125,3324
1229,2017-11-30,180,3134,3314
1229,2017-12-01,195,3015,3210
1229,2017-12-02,56,2049,2105
1229,2017-12-03,9,1373,1382
1229,2017-12-04,204,2818,3022
1229,2017-12-05,207,2958,3165
1229,2017-12-06,200,2979,3179
1229,2017-12-07,180,3171,3351
1229,2017-12-08,158,2786,2944
1229,2017-12-09,52,2084,2136
1229,2017-12-10,26,1158,1184
1229,2017-12-11,154,2754,2908
1229,2017-12-12,195,2961,3156
1229,2017-12-13,146,2808,2954
1229,2017-12-14,182,3080,3262
1229,2017-12-15,163,2957,3120
1229,2017-12-16,79,2040,2119
1229,2017-12-17,10,1391,1401
1229,2017-12-18,133,2334,2467
1229,2017-12-19,130,2508,2638
1229,2017-12-20,134,2548,2682
1229,2017-12-21,122,2582,2704
1229,2017-12-22,106,2513,2619
1229,2017-12-23,50,1718,1768
1229,2017-12-24,6,1071,1077
1229,2017-12-25,2,1128,1130
1229,2017-12-26,15,1093,1108
1229,2017-12-27,107,1938,2045
1229,2017-12-28,114,1944,2058
1229,2017-12-29,72,1698,1770
1229,2017-12-30,50,1682,1732
1229,2017-12-31,12,1087,1099
1230,2017-01-01,31,1636,1667
1230,2017-01-02,263,3448,3711
1230,2017-01-03,297,4151,4448
1230,2017-01-04,307,4083,4390
1230,2017-01-06,338,4459,4797
1230,2017-01-07,236,2880,3116
1230,2017-01-08,61,2386,2447
1230,2017-01-09,344,4987,5331
1230,2017-01-10,340,5175,5515
1230,2017-01-11,341,5313,5654
1230,2017-01-12,360,6610,6970
1230,2017-01-13,347,5510,5857
1230,2017-01-14,216,3519,3735
1230,2017-01-15,46,2575,2621
1230,2017-01-16,398,5141,5539
1230,2017-01-17,368,6272,6640
1230,2017-01-18,393,5345,5738
1230,2017-01-20,393,5518,5911
1230,2017-01-21,225,3370,3595
1230,2017-01-22,71,2677,2748
1230,2017-01-23,414,5162,5576
1230,2017-01-24,376,5241,5617
1230,2017-01-26,445,5428,5873
1230,2017-01-27,356,6532,6888
1230,2017-01-28,237,3572,3809
1230,2017-01-29,53,2738,2791
1230,2017-01-30,344,6542,6886
1230,2017-02-01,441,5688,6129
1230,2017-02-02,439,5823,6262
1230,2017-02-03,429,6429,6858
1230,2017-02-04,212,4304,4516
1230,2017-02-05,42,2644,2686
1230,2017-02-07,418,6534,6952
1230,2017-02-08,435,5524,5959
1230,2017-02-09,412,6538,6950
1230,2017-02-10,450,5539,5989
1230,2017-02-11,210,3614,3824
1230,2017-02-13,400,6128,6528
1230,2017-02-14,412,6674,7086
1230,2017-02-15,471,5593,6064
1230,2017-02-16,362,6512,6874
1230,2017-02-17,459,5845,6304
1230,2017-02-19,55,2437,2492
1230,2017-02-20,373,4248,4621
1230,2017-02-21,371,4882,5253
1230,2017-02-22,344,4603,4947
1230,2017-02-23,427,4598,5025
1230,2017-02-25,238,3022,3260
1230,2017-02-26,57,2582,2639
1230,2017-02-27,372,5864,6236
1230,2017-02-28,366,6526,6892
1230,2017-03-01,420,6874,7294
1230,2017-03-03,434,6808,7242
1230,2017-03-04,216,4206,4422
1230,2017-03-05,42,3006,3048
1230,2017-03-06,422,6438,6860
1230,2017-03-07,441,5709,6150
1230,2017-03-09,328,7416,7744
1230,2017-03-10,442,5806,6248
1230,2017-03-11,253,3946,4199
1230,2017-03-12,72,3220,3292
1230,2017-03-13,452,5354,5806
1230,2017-03-15,476,5662,6138
1230,2017-03-16,450,6966,7416
1230,2017-03-17,528,5789,6317
1230,2017-03-18,250,3848,4098
1230,2017-03-19,65,2719,2784
1230,2017-03-21,396,6578,6974
1230,2017-03-22,410,6632,7042
1230,2017-03-23,404,6740,7144
1230,2017-03-24,477,5832,6309
1230,2017-03-25,259,4050,4309
1230,2017-03-27,470,5414,5884
1230,2017-03-28,471,5903,6374
1230,2017-03-29,469,6022,6491
1230,2017-03-30,475,6673,7148
1230,2017-03-31,500,6129,6629
1230,2017-04-02,85,3267,3352
1230,2017-04-03,494,5655,6149
1230,2017-04-04,450,5979,6429
1230,2017-04-05,452,5813,6265
1230,2017-04-06,497,6159,6656
1230,2017-04-08,250,3778,4028
1230,2017-04-09,68,3243,3311
1230,2017-04-10,373,4931,5304
1230,2017-04-11,493,5471,5964
1230,2017-04-12,412,4948,5360
1230,2017-04-14,399,4840,5239
1230,2017-04-15,266,2992,3258
1230,2017-04-16,51,2092,2143
1230,2017-04-17,60,1921,1981
1230,2017-04-18,396,3952,4348
1230,2017-04-20,475,5476,5951
1230,2017-04-21,462,5554,6016
1230,2017-04-22,268,3352,3620
1230,2017-04-23,61,2956,3017
1230,2017-04-24,441,5585,6026
1230,2017-04-26,537,5717,6254
1230,2017-04-27,514,5944,6458
1230,2017-04-28,503,6038,6541
1230,2017-04-29,242,3947,4189
1230,2017-04-30,61,3045,3106
1230,2017-05-02,472,5668,6140
1230,2017-05-03,430,6970,7400
1230,2017-05-04,459,5931,6390
1230,2017-05-05,511,5968,6479
1230,2017-05-06,261,3950,4211
1230,2017-05-08,467,5322,5789
1230,2017-05-09,462,5705,6167
1230,2017-05-10,471,5902,6373
1230,2017-05-11,494,6037,6531
1230,2017-05-12,489,5974,6463
1230,2017-05-14,46,3258,3304
1230,2017-05-15,489,5631,6120
1230,2017-05-16,470,5997,6467
1230,2017-05-17,501,6192,6693
1230,2017-05-18,467,6017,6484
1230,2017-05-20,288,4073,4361
1230,2017-05-21,55,3109,3164
1230,2017-05-22,480,5581,6061
1230,2017-05-23,490,6173,6663
1230,2017-05-24,508,5935,6443
1230,2017-05-26,385,5465,5850
1230,2017-05-27,248,4013,4261
1230,2017-05-28,54,3171,3225
1230,2017-05-29,496,6087,6583
1230,2017-05-30,462,6944,7406
1230,2017-06-01,430,6958,7388
1230,2017-06-02,452,6940,7392
1230,2017-06-03,270,3713,3983
1230,2017-06-04,55,2573,2628
1230,2017-06-05,46,2394,2440
1230,2017-06-07,465,5123,5588
1230,2017-06-08,441,5351,5792
1230,2017-06-09,366,6016,6382
1230,2017-06-10,329,3886,4215
1230,2017-06-11,65,3452,3517
1230,2017-06-13,513,5958,6471
1230,2017-06-14,541,6208,6749
1230,2017-06-15,551,6656,7207
1230,2017-06-16,562,5468,6030
1230,2017-06-17,322,4062,4384
1230,2017-06-19,508,5713,6221
1230,2017-06-20,527,6106,6633
1230,2017-06-21,514,6049,6563
1230,2017-06-22,476,6402,6878
1230,2017-06-23,70,2512,2582
1230,2017-06-25,62,2855,2917
1230,2017-06-26,426,6500,6926
1230,2017-06-27,444,6097,6541
1230,2017-06-28,430,7006,7436
1230,2017-06-29,390,6726,7116
1230,2017-07-01,292,4038,4330
1230,2017-07-02,67,3184,3251
1230,2017-07-03,434,6434,6868
1230,2017-07-04,486,6148,6634
1230,2017-07-05,490,6255,6745
1230,2017-07-07,418,6930,7348
1230,2017-07-08,262,4105,4367
1230,2017-07-09,60,3626,3686
1230,2017-07-10,376,6398,6774
1230,2017-07-11,390,6790,7180
1230,2017-07-13,398,6804,7202
1230,2017-07-14,455,6052,6507
1230,2017-07-15,311,3975,4286
1230,2017-07-16,66,2985,3051
1230,2017-07-17,439,5380,5819
1230,2017-07-19,434,5515,5949
1230,2017-07-20,392,5900,6292
1230,2017-07-21,461,5336,5797
1230,2017-07-22,259,3484,3743
1230,2017-07-23,62,2855,2917
1230,2017-07-25,402,5137,5539
1230,2017-07-26,418,5285,5703
1230,2017-07-27,348,6282,6630
1230,2017-07-28,381,4962,5343
1230,2017-07-29,244,3379,3623
1230,2017-07-30,85,2634,2719
1230,2017-07-31,334,5610,5944
1230,2017-08-01,272,5534,5806
1230,2017-08-02,343,5007,5350
1230,2017-08-03,353,5108,5461
1230,2017-08-04,358,4974,5332
1230,2017-08-05,231,3079,3310
1230,2017-08-06,66,2571,2637
1230,2017-08-07,332,4521,4853
1230,2017-08-08,359,4399,4758
1230,2017-08-09,364,4494,4858
1230,2017-08-10,343,4408,4751
1230,2017-08-11,338,4356,4694
1230,2017-08-12,235,2826,3061
1230,2017-08-13,62,2321,2383
1230,2017-08-14,307,3808,4115
1230,2017-08-15,51,2100,2151
1230,2017-08-16,332,4608,4940
1230,2017-08-18,292,4816,5108
1230,2017-08-19,232,2785,3017
1230,2017-08-20,48,2349,2397
1230,2017-08-21,331,4304,4635
1230,2017-08-22,370,5284,5654
1230,2017-08-23,316,5302,5618
1230,2017-08-25,320,5238,5558
1230,2017-08-26,255,3086,3341
1230,2017-08-27,63,2504,2567
1230,2017-08-28,370,4677,5047
1230,2017-08-29,451,5981,6432
1230,2017-08-30,398,4931,5329
1230,2017-09-01,428,5036,5464
1230,2017-09-02,248,3718,3966
1230,2017-09-03,75,3132,3207
1230,2017-09-04,390,4762,5152
1230,2017-09-05,434,5198,5632
1230,2017-09-06,445,5164,5609
1230,2017-09-08,436,5173,5609
1230,2017-09-09,230,3774,4004
1230,2017-09-10,79,2711,2790
1230,2017-09-11,344,5826,6170
1230,2017-09-12,386,5848,6234
1230,2017-09-13,338,6310,6648
1230,2017-09-15,398,6138,6536
1230,2017-09-16,252,3912,4164
1230,2017-09-17,44,2988,3032
1230,2017-09-18,461,5164,5625
1230,2017-09-19,442,5342,5784
1230,2017-09-20,439,5382,5821
1230,2017-09-21,424,5544,5968
1230,2017-09-22,449,5597,6046
1230,2017-09-23,248,3682,3930
1230,2017-09-24,77,2895,2972
1230,2017-09-25,426,5318,5744
1230,2017-09-26,439,5661,6100
1230,2017-09-27,434,5822,6256
1230,2017-09-29,432,5953,6385
1230,2017-09-30,220,4208,4428
1230,2017-10-01,40,2508,2548
1230,2017-10-02,416,5597,6013
1230,2017-10-03,362,6956,7318
1230,2017-10-04,448,5793,6241
1230,2017-10-05,447,5970,6417
1230,2017-10-06,432,7218,7650
1230,2017-10-07,263,4096,4359
1230,2017-10-08,70,3044,3114
1230,2017-10-09,461,5646,6107
1230,2017-10-10,491,6388,6879
1230,2017-10-11,452,5834,6286
1230,2017-10-13,451,6040,6491
1230,2017-10-14,260,4074,4334
1230,2017-10-15,57,3122,3179
1230,2017-10-16,472,6576,7048
1230,2017-10-17,450,5704,6154
1230,2017-10-18,464,6560,7024
1230,2017-10-19,420,5737,6157
1230,2017-10-20,386,6824,7210
1230,2017-10-21,251,3874,4125
1230,2017-10-22,52,3164,3216
1230,2017-10-23,408,5483,5891
1230,2017-10-24,444,6693,7137
1230,2017-10-25,446,6159,6605
1230,2017-10-27,405,6029,6434
1230,2017-10-28,257,3775,4032
1230,2017-10-29,76,3136,3212
1230,2017-10-30,397,4907,5304
1230,2017-10-31,419,5219,5638
1230,2017-11-01,48,2461,2509
1230,2017-11-03,404,4844,5248
1230,2017-11-04,256,3431,3687
1230,2017-11-05,36,2750,2786
1230,2017-11-06,429,5539,5968
1230,2017-11-07,456,7510,7966
1230,2017-11-08,396,5922,6318
1230,2017-11-10,388,6928,7316
1230,2017-11-11,236,4026,4262
1230,2017-11-12,46,3092,3138
1230,2017-11-13,429,5334,5763
1230,2017-11-14,406,5685,6091
1230,2017-11-15,484,5808,6292
1230,2017-11-16,455,5783,6238
1230,2017-11-17,445,6404,6849
1230,2017-11-18,261,3935,4196
1230,2017-11-19,72,2736,2808
1230,2017-11-20,402,6116,6518
1230,2017-11-21,401,5605,6006
1230,2017-11-22,448,5650,6098
1230,2017-11-24,370,6968,7338
1230,2017-11-25,248,3975,4223
1230,2017-11-26,72,2759,2831
1230,2017-11-27,386,6228,6614
1230,2017-11-28,402,7194,7596
1230,2017-11-29,412,6016,6428
1230,2017-11-30,454,5844,6298
1230,2017-12-01,420,5779,6199
1230,2017-12-02,252,3563,3815
1230,2017-12-03,60,2590,2650
1230,2017-12-04,439,5611,6050
1230,2017-12-05,390,6912,7302
1230,2017-12-06,414,6474,6888
1230,2017-12-07,448,6986,7434
1230,2017-12-08,430,6684,7114
1230,2017-12-09,230,3533,3763
1230,2017-12-10,70,2398,2468
1230,2017-12-11,348,6836,7184
1230,2017-12-12,446,5743,6189
1230,2017-12-13,386,6440,6826
1230,2017-12-14,394,6770,7164
1230,2017-12-15,378,6860,7238
1230,2017-12-16,228,3704,3932
1230,2017-12-17,57,2689,2746
1230,2017-12-18,299,4993,5292
1230,2017-12-19,373,5185,5558
1230,2017-12-20,311,4976,5287
1230,2017-12-21,326,4986,5312
1230,2017-12-22,313,4928,5241
1230,2017-12-23,240,3310,3550
1230,2017-12-24,67,2253,2320
1230,2017-12-25,35,1649,1684
1230,2017-12-26,26,2000,2026
1230,2017-12-27,316,3948,4264
1230,2017-12-28,310,3846,4156
1230,2017-12-29,254,4160,4414
1230,2017-12-30,198,3272,3470
1230,2017-12-31,60,2680,2740
1231,2017-01-01,15,1203,1218
1231,2017-01-02,101,2797,2898
1231,2017-01-03,105,3216,3321
1231,2017-01-04,114,3462,3576
1231,2017-01-06,110,3504,3614
1231,2017-01-07,90,2078,2168
1231,2017-01-08,20,1529,1549
1231,2017-01-09,143,4546,4689
1231,2017-01-10,144,4793,4937
1231,2017-01-11,119,4622,4741
1231,2017-01-12,166,5214,5380
1231,2017-01-13,158,4402,4560
1231,2017-01-14,92,2395,2487
1231,2017-01-15,19,1743,1762
1231,2017-01-16,148,4539,4687
1231,2017-01-17,149,4704,4853
1231,2017-01-18,136,4390,4526
1231,2017-01-20,155,4556,4711
1231,2017-01-21,91,2737,2828
1231,2017-01-22,21,1834,1855
1231,2017-01-23,142,4299,4441
1231,2017-01-24,130,4586,4716
1231,2017-01-26,145,4532,4677
1231,2017-01-27,151,4486,4637
1231,2017-01-28,83,2735,2818
1231,2017-01-29,24,1914,1938
1231,2017-01-30,176,5144,5320
1231,2017-02-01,129,4984,5113
1231,2017-02-02,143,4863,5006
1231,2017-02-03,147,5219,5366
1231,2017-02-04,71,2810,2881
1231,2017-02-05,16,2028,2044
1231,2017-02-07,138,5505,5643
1231,2017-02-08,145,4904,5049
1231,2017-02-09,156,4906,5062
1231,2017-02-10,156,4736,4892
1231,2017-02-11,79,2664,2743
1231,2017-02-13,155,4796,4951
1231,2017-02-14,167,5002,5169
1231,2017-02-15,176,4997,5173
1231,2017-02-16,169,5114,5283
1231,2017-02-17,177,4927,5104
1231,2017-02-19,16,1945,1961
1231,2017-02-20,136,4112,4248
1231,2017-02-21,190,4682,4872
1231,2017-02-22,148,4544,4692
1231,2017-02-23,122,4118,4240
1231,2017-02-25,85,2574,2659
1231,2017-02-26,19,2112,2131
1231,2017-02-27,154,4012,4166
1231,2017-02-28,128,4840,4968
1231,2017-03-01,156,5688,5844
1231,2017-03-03,174,5067,5241
1231,2017-03-04,82,2770,2852
1231,2017-03-05,22,2006,2028
1231,2017-03-06,161,4818,4979
1231,2017-03-07,176,5284,5460
1231,2017-03-09,140,6034,6174
1231,2017-03-10,185,5006,5191
1231,2017-03-11,87,3324,3411
1231,2017-03-12,25,2353,2378
1231,2017-03-13,220,4636,4856
1231,2017-03-15,165,5082,5247
1231,2017-03-16,162,5232,5394
1231,2017-03-17,190,5021,5211
1231,2017-03-18,82,2822,2904
1231,2017-03-19,24,2075,2099
1231,2017-03-21,176,5444,5620
1231,2017-03-22,164,4891,5055
1231,2017-03-23,192,5200,5392
1231,2017-03-24,182,4935,5117
1231,2017-03-25,105,3220,3325
1231,2017-03-27,166,4821,4987
1231,2017-03-28,156,5099,5255
1231,2017-03-29,165,4946,5111
1231,2017-03-30,192,5784,5976
1231,2017-03-31,161,5158,5319
1231,2017-04-02,26,2374,2400
1231,2017-04-03,179,5305,5484
1231,2017-04-04,200,5269,5469
1231,2017-04-05,169,5152,5321
1231,2017-04-06,200,5273,5473
1231,2017-04-08,100,3150,3250
1231,2017-04-09,20,2407,2427
1231,2017-04-10,150,4579,4729
1231,2017-04-11,183,4955,5138
1231,2017-04-12,131,4799,4930
1231,2017-04-14,119,4474,4593
1231,2017-04-15,86,2537,2623
1231,2017-04-16,14,1755,1769
1231,2017-04-17,10,1726,1736
1231,2017-04-18,176,4190,4366
1231,2017-04-20,166,4546,4712
1231,2017-04-21,179,4701,4880
1231,2017-04-22,97,2930,3027
1231,2017-04-23,28,2312,2340
1231,2017-04-24,191,5127,5318
1231,2017-04-26,174,5185,5359
1231,2017-04-27,182,5321,5503
1231,2017-04-28,176,5290,5466
1231,2017-04-29,98,3249,3347
1231,2017-04-30,23,2719,2742
1231,2017-05-02,191,5051,5242
1231,2017-05-03,190,5644,5834
1231,2017-05-04,210,5353,5563
1231,2017-05-05,190,5245,5435
1231,2017-05-06,91,3138,3229
1231,2017-05-08,197,4690,4887
1231,2017-05-09,170,5317,5487
1231,2017-05-10,184,5550,5734
1231,2017-05-11,159,5358,5517
1231,2017-05-12,174,5464,5638
1231,2017-05-14,24,2288,2312
1231,2017-05-15,169,5099,5268
1231,2017-05-16,198,5424,5622
1231,2017-05-17,228,5481,5709
1231,2017-05-18,184,5206,5390
1231,2017-05-20,108,3078,3186
1231,2017-05-21,24,2382,2406
1231,2017-05-22,195,5226,5421
1231,2017-05-23,194,5537,5731
1231,2017-05-24,176,5423,5599
1231,2017-05-26,154,4442,4596
1231,2017-05-27,104,3325,3429
1231,2017-05-28,30,2423,2453
1231,2017-05-29,207,5233,5440
1231,2017-05-30,184,5666,5850
1231,2017-06-01,173,5510,5683
1231,2017-06-02,178,5374,5552
1231,2017-06-03,107,2998,3105
1231,2017-06-04,12,1992,2004
1231,2017-06-05,22,2123,2145
1231,2017-06-07,132,4764,4896
1231,2017-06-08,156,4983,5139
1231,2017-06-09,164,4842,5006
1231,2017-06-10,87,3278,3365
1231,2017-06-11,20,2538,2558
1231,2017-06-13,162,5374,5536
1231,2017-06-14,178,5525,5703
1231,2017-06-15,126,5080,5206
1231,2017-06-16,168,5014,5182
1231,2017-06-17,108,3260,3368
1231,2017-06-19,159,5121,5280
1231,2017-06-20,156,5523,5679
1231,2017-06-21,215,5254,5469
1231,2017-06-22,207,5772,5979
1231,2017-06-23,45,2462,2507
1231,2017-06-25,24,2148,2172
1231,2017-06-26,235,5452,5687
1231,2017-06-27,188,6248,6436
1231,2017-06-28,186,6244,6430
1231,2017-06-29,164,5476,5640
1231,2017-07-01,94,3064,3158
1231,2017-07-02,19,2326,2345
1231,2017-07-03,157,5094,5251
1231,2017-07-04,196,5619,5815
1231,2017-07-05,186,5465,5651
1231,2017-07-07,160,5442,5602
1231,2017-07-08,126,3292,3418
1231,2017-07-09,24,2196,2220
1231,2017-07-10,176,4936,5112
1231,2017-07-11,176,5362,5538
1231,2017-07-13,146,5247,5393
1231,2017-07-14,160,5034,5194
1231,2017-07-15,85,3067,3152
1231,2017-07-16,28,2149,2177
1231,2017-07-17,163,4737,4900
1231,2017-07-19,156,5023,5179
1231,2017-07-20,162,4882,5044
1231,2017-07-21,163,4806,4969
1231,2017-07-22,116,2988,3104
1231,2017-07-23,29,2069,2098
1231,2017-07-25,216,4652,4868
1231,2017-07-26,146,4731,4877
1231,2017-07-27,142,4544,4686
1231,2017-07-28,123,4395,4518
1231,2017-07-29,88,2899,2987
1231,2017-07-30,34,2377,2411
1231,2017-07-31,134,5058,5192
1231,2017-08-01,120,4872,4992
1231,2017-08-02,121,4782,4903
1231,2017-08-03,129,4635,4764
1231,2017-08-04,166,4418,4584
1231,2017-08-05,103,2711,2814
1231,2017-08-06,35,2207,2242
1231,2017-08-07,151,4010,4161
1231,2017-08-08,137,3894,4031
1231,2017-08-09,148,4016,4164
1231,2017-08-10,131,3917,4048
1231,2017-08-11,107,3886,3993
1231,2017-08-12,103,2527,2630
1231,2017-08-13,20,2088,2108
1231,2017-08-14,109,3475,3584
1231,2017-08-15,26,2041,2067
1231,2017-08-16,131,4308,4439
1231,2017-08-18,136,3856,3992
1231,2017-08-19,118,2490,2608
1231,2017-08-20,22,2048,2070
1231,2017-08-21,160,4177,4337
1231,2017-08-22,149,4667,4816
1231,2017-08-23,174,5396,5570
1231,2017-08-25,132,4346,4478
1231,2017-08-26,156,2666,2822
1231,2017-08-27,63,2172,2235
1231,2017-08-28,194,4449,4643
1231,2017-08-29,253,6089,6342
1231,2017-08-30,194,4710,4904
1231,2017-09-01,224,4679,4903
1231,2017-09-02,160,2722,2882
1231,2017-09-03,59,2059,2118
1231,2017-09-04,204,4476,4680
1231,2017-09-05,202,4662,4864
1231,2017-09-06,206,4805,5011
1231,2017-09-08,196,4635,4831
1231,2017-09-09,154,2632,2786
1231,2017-09-10,64,2317,2381
1231,2017-09-11,166,4674,4840
1231,2017-09-12,174,4836,5010
1231,2017-09-13,138,5576,5714
1231,2017-09-15,180,4946,5126
1231,2017-09-16,96,2920,3016
1231,2017-09-17,17,2176,2193
1231,2017-09-18,204,4828,5032
1231,2017-09-19,198,5142,5340
1231,2017-09-20,186,5052,5238
1231,2017-09-21,177,5102,5279
1231,2017-09-22,193,5096,5289
1231,2017-09-23,206,3308,3514
1231,2017-09-24,20,2539,2559
1231,2017-09-25,195,4910,5105
1231,2017-09-26,169,5249,5418
1231,2017-09-27,263,5317,5580
1231,2017-09-29,170,5204,5374
1231,2017-09-30,128,3156,3284
1231,2017-10-01,16,2727,2743
1231,2017-10-02,210,4766,4976
1231,2017-10-03,150,4502,4652
1231,2017-10-04,158,4739,4897
1231,2017-10-05,144,4824,4968
1231,2017-10-06,163,4822,4985
1231,2017-10-07,40,3106,3146
1231,2017-10-08,45,2415,2460
1231,2017-10-09,125,4865,4990
1231,2017-10-10,151,5159,5310
1231,2017-10-11,196,4903,5099
1231,2017-10-13,197,4901,5098
1231,2017-10-14,120,3129,3249
1231,2017-10-15,28,2525,2553
1231,2017-10-16,201,6211,6412
1231,2017-10-17,167,5285,5452
1231,2017-10-18,188,6181,6369
1231,2017-10-19,172,5304,5476
1231,2017-10-20,208,5490,5698
1231,2017-10-21,111,2911,3022
1231,2017-10-22,24,1948,1972
1231,2017-10-23,182,4718,4900
1231,2017-10-24,176,6004,6180
1231,2017-10-25,168,5604,5772
1231,2017-10-27,172,5269,5441
1231,2017-10-28,101,3105,3206
1231,2017-10-29,26,2289,2315
1231,2017-10-30,148,4536,4684
1231,2017-10-31,112,4650,4762
1231,2017-11-01,13,1983,1996
1231,2017-11-03,165,4695,4860
1231,2017-11-04,104,2826,2930
1231,2017-11-05,16,2028,2044
1231,2017-11-06,160,4992,5152
1231,2017-11-07,196,6362,6558
1231,2017-11-08,174,6014,6188
1231,2017-11-10,160,5516,5676
1231,2017-11-11,78,2780,2858
1231,2017-11-12,12,1944,1956
1231,2017-11-13,150,4878,5028
1231,2017-11-14,159,5373,5532
1231,2017-11-15,169,5245,5414
1231,2017-11-16,162,5201,5363
1231,2017-11-17,180,5655,5835
1231,2017-11-18,92,2905,2997
1231,2017-11-19,18,2008,2026
1231,2017-11-20,190,5222,5412
1231,2017-11-21,162,5203,5365
1231,2017-11-22,180,5171,5351
1231,2017-11-24,180,5468,5648
1231,2017-11-25,80,2982,3062
1231,2017-11-26,20,1969,1989
1231,2017-11-27,176,5394,5570
1231,2017-11-28,152,6282,6434
1231,2017-11-29,170,6408,6578
1231,2017-11-30,158,5358,5516
1231,2017-12-01,165,5266,5431
1231,2017-12-02,74,2928,3002
1231,2017-12-03,16,1872,1888
1231,2017-12-04,159,5094,5253
1231,2017-12-05,148,5390,5538
1231,2017-12-06,139,5246,5385
1231,2017-12-07,184,5732,5916
1231,2017-12-08,158,5308,5466
1231,2017-12-09,82,2873,2955
1231,2017-12-10,48,1600,1648
1231,2017-12-11,158,5902,6060
1231,2017-12-12,164,5324,5488
1231,2017-12-13,208,5488,5696
1231,2017-12-14,154,5468,5622
1231,2017-12-15,144,5320,5464
1231,2017-12-16,79,2757,2836
1231,2017-12-17,14,1859,1873
1231,2017-12-18,120,4154,4274
1231,2017-12-19,128,4708,4836
1231,2017-12-20,90,4386,4476
1231,2017-12-21,108,4297,4405
1231,2017-12-22,99,4034,4133
1231,2017-12-23,69,2487,2556
1231,2017-12-24,12,1611,1623
1231,2017-12-25,13,1359,1372
1231,2017-12-26,18,1412,1430
1231,2017-12-27,125,3036,3161
1231,2017-12-28,98,3149,3247
1231,2017-12-29,92,2970,3062
1231,2017-12-30,74,2316,2390
1231,2017-12-31,18,1616,1634
1232,2017-01-01,66,4767,4833
1232,2017-01-02,459,11326,11785
1232,2017-01-03,635,12967,13602
1232,2017-01-04,601,13192,13793
1232,2017-01-06,602,14358,14960
1232,2017-01-07,310,9748,10058
1232,2017-01-08,91,7099,7190
1232,2017-01-09,677,14706,15383
1232,2017-01-10,663,15181,15844
1232,2017-01-11,600,15299,15899
1232,2017-01-12,843,15483,16326
1232,2017-01-13,801,15286,16087
1232,2017-01-14,348,11685,12033
1232,2017-01-15,120,8548,8668
1232,2017-01-16,896,15050,15946
1232,2017-01-17,920,16044,16964
1232,2017-01-18,835,15858,16693
1232,2017-01-20,887,16233,17120
1232,2017-01-21,387,12913,13300
1232,2017-01-22,113,8491,8604
1232,2017-01-23,777,14939,15716
1232,2017-01-24,794,15531,16325
1232,2017-01-26,822,15943,16765
1232,2017-01-27,844,16342,17186
1232,2017-01-28,368,11736,12104
1232,2017-01-29,108,8188,8296
1232,2017-01-30,753,14947,15700
1232,2017-02-01,818,15964,16782
1232,2017-02-02,889,15802,16691
1232,2017-02-03,696,15974,16670
1232,2017-02-04,374,11896,12270
1232,2017-02-05,108,8318,8426
1232,2017-02-07,822,15648,16470
1232,2017-02-08,782,15634,16416
1232,2017-02-09,900,15883,16783
1232,2017-02-10,874,16164,17038
1232,2017-02-11,441,11533,11974
1232,2017-02-13,819,15319,16138
1232,2017-02-14,943,16359,17302
1232,2017-02-15,917,15826,16743
1232,2017-02-16,890,15712,16602
1232,2017-02-17,856,16111,16967
1232,2017-02-19,105,8434,8539
1232,2017-02-20,777,13936,14713
1232,2017-02-21,900,15143,16043
1232,2017-02-22,897,14821,15718
1232,2017-02-23,1004,14485,15489
1232,2017-02-25,380,11489,11869
1232,2017-02-26,111,9126,9237
1232,2017-02-27,783,13961,14744
1232,2017-02-28,946,15169,16115
1232,2017-03-01,958,15876,16834
1232,2017-03-03,1036,16615,17651
1232,2017-03-04,396,11812,12208
1232,2017-03-05,212,8422,8634
1232,2017-03-06,897,15443,16340
1232,2017-03-07,919,15838,16757
1232,2017-03-09,897,15805,16702
1232,2017-03-10,896,16517,17413
1232,2017-03-11,428,13283,13711
1232,2017-03-12,150,10173,10323
1232,2017-03-13,893,15352,16245
1232,2017-03-15,1004,16429,17433
1232,2017-03-16,950,16373,17323
1232,2017-03-17,918,16414,17332
1232,2017-03-18,352,12046,12398
1232,2017-03-19,118,9194,9312
1232,2017-03-21,878,15643,16521
1232,2017-03-22,956,15790,16746
1232,2017-03-23,1064,16491,17555
1232,2017-03-24,1052,16796,17848
1232,2017-03-25,506,13655,14161
1232,2017-03-27,1055,15016,16071
1232,2017-03-28,1026,16034,17060
1232,2017-03-29,1071,16474,17545
1232,2017-03-30,1168,16863,18031
1232,2017-03-31,1074,17081,18155
1232,2017-04-02,136,10697,10833
1232,2017-04-03,1112,16115,17227
1232,2017-04-04,1150,16427,17577
1232,2017-04-05,1198,16536,17734
1232,2017-04-06,1137,16233,17370
1232,2017-04-08,491,12926,13417
1232,2017-04-09,151,10524,10675
1232,2017-04-10,960,14960,15920
1232,2017-04-11,1232,16091,17323
1232,2017-04-12,1284,16048,17332
1232,2017-04-14,806,17140,17946
1232,2017-04-15,404,11596,12000
1232,2017-04-16,93,7577,7670
1232,2017-04-17,252,7456,7708
1232,2017-04-18,1264,14898,16162
1232,2017-04-20,1063,15151,16214
1232,2017-04-21,1022,15877,16899
1232,2017-04-22,494,11769,12263
1232,2017-04-23,131,9490,9621
1232,2017-04-24,1032,15441,16473
1232,2017-04-26,1097,16139,17236
1232,2017-04-27,1038,16280,17318
1232,2017-04-28,1159,17219,18378
1232,2017-04-29,485,13006,13491
1232,2017-04-30,186,10887,11073
1232,2017-05-02,1166,15986,17152
1232,2017-05-03,1346,15456,16802
1232,2017-05-04,1225,16234,17459
1232,2017-05-05,1128,16939,18067
1232,2017-05-06,481,13236,13717
1232,2017-05-08,1113,15155,16268
1232,2017-05-09,1170,16050,17220
1232,2017-05-10,992,16282,17274
1232,2017-05-11,997,16375,17372
1232,2017-05-12,1048,16587,17635
1232,2017-05-14,142,9546,9688
1232,2017-05-15,951,15651,16602
1232,2017-05-16,1036,16151,17187
1232,2017-05-17,1140,16106,17246
1232,2017-05-18,874,16570,17444
1232,2017-05-20,445,12416,12861
1232,2017-05-21,188,10232,10420
1232,2017-05-22,934,15823,16757
1232,2017-05-23,1079,16765,17844
1232,2017-05-24,1113,17563,18676
1232,2017-05-26,869,15723,16592
1232,2017-05-27,473,13166,13639
1232,2017-05-28,223,10287,10510
1232,2017-05-29,1058,15904,16962
1232,2017-05-30,1008,17176,18184
1232,2017-06-01,1059,17389,18448
1232,2017-06-02,979,17295,18274
1232,2017-06-03,414,12930,13344
1232,2017-06-04,132,9696,9828
1232,2017-06-05,173,9284,9457
1232,2017-06-07,1098,15228,16326
1232,2017-06-08,1061,16056,17117
1232,2017-06-09,1202,16002,17204
1232,2017-06-10,466,13399,13865
1232,2017-06-11,167,10763,10930
1232,2017-06-13,1052,16918,17970
1232,2017-06-14,999,16970,17969
1232,2017-06-15,826,17935,18761
1232,2017-06-16,1013,17525,18538
1232,2017-06-17,469,12846,13315
1232,2017-06-19,987,16374,17361
1232,2017-06-20,998,17185,18183
1232,2017-06-21,1057,17120,18177
1232,2017-06-22,1139,17392,18531
1232,2017-06-23,286,10113,10399
1232,2017-06-25,168,9472,9640
1232,2017-06-26,932,16468,17400
1232,2017-06-27,864,17214,18078
1232,2017-06-28,864,17350,18214
1232,2017-06-29,1094,16902,17996
1232,2017-07-01,458,12168,12626
1232,2017-07-02,161,9909,10070
1232,2017-07-03,950,15586,16536
1232,2017-07-04,1047,16789,17836
1232,2017-07-05,1094,17021,18115
1232,2017-07-07,878,17724,18602
1232,2017-07-08,471,13580,14051
1232,2017-07-09,165,10241,10406
1232,2017-07-10,984,15512,16496
1232,2017-07-11,941,16509,17450
1232,2017-07-13,993,16560,17553
1232,2017-07-14,1076,16933,18009
1232,2017-07-15,482,12720,13202
1232,2017-07-16,160,9899,10059
1232,2017-07-17,955,15390,16345
1232,2017-07-19,1044,16307,17351
1232,2017-07-20,991,16191,17182
1232,2017-07-21,1009,16877,17886
1232,2017-07-22,528,12246,12774
1232,2017-07-23,166,9483,9649
1232,2017-07-25,885,15431,16316
1232,2017-07-26,897,15490,16387
1232,2017-07-27,965,15429,16394
1232,2017-07-28,819,15759,16578
1232,2017-07-29,777,15428,16205
1232,2017-07-30,396,13304,13700
1232,2017-07-31,1524,20944,22468
1232,2017-08-01,1530,20860,22390
1232,2017-08-02,1481,20033,21514
1232,2017-08-03,1412,20098,21510
1232,2017-08-04,1458,20137,21595
1232,2017-08-05,668,15022,15690
1232,2017-08-06,289,11405,11694
1232,2017-08-07,784,14663,15447
1232,2017-08-08,704,14038,14742
1232,2017-08-09,750,14271,15021
1232,2017-08-10,662,14363,15025
1232,2017-08-11,702,14111,14813
1232,2017-08-12,333,10309,10642
1232,2017-08-13,113,8568,8681
1232,2017-08-14,581,13233,13814
1232,2017-08-15,187,7943,8130
1232,2017-08-16,689,14859,15548
1232,2017-08-18,712,14091,14803
1232,2017-08-19,314,10588,10902
1232,2017-08-20,136,9326,9462
1232,2017-08-21,755,14652,15407
1232,2017-08-22,803,14955,15758
1232,2017-08-23,821,15256,16077
1232,2017-08-25,1000,14926,15926
1232,2017-08-26,488,11426,11914
1232,2017-08-27,212,9443,9655
1232,2017-08-28,880,14943,15823
1232,2017-08-29,971,15659,16630
1232,2017-08-30,932,15053,15985
1232,2017-09-01,962,15725,16687
1232,2017-09-02,477,11369,11846
1232,2017-09-03,206,9448,9654
1232,2017-09-04,1011,15042,16053
1232,2017-09-05,1007,15728,16735
1232,2017-09-06,977,15663,16640
1232,2017-09-08,1036,16636,17672
1232,2017-09-09,549,12708,13257
1232,2017-09-10,307,10938,11245
1232,2017-09-11,888,15417,16305
1232,2017-09-12,1118,15622,16740
1232,2017-09-13,1008,14892,15900
1232,2017-09-15,1132,16822,17954
1232,2017-09-16,506,12592,13098
1232,2017-09-17,164,9981,10145
1232,2017-09-18,928,15548,16476
1232,2017-09-19,967,16004,16971
1232,2017-09-20,962,16114,17076
1232,2017-09-21,1017,16467,17484
1232,2017-09-22,1027,16653,17680
1232,2017-09-23,584,13431,14015
1232,2017-09-24,185,10285,10470
1232,2017-09-25,1026,15446,16472
1232,2017-09-26,1110,16647,17757
1232,2017-09-27,1183,16195,17378
1232,2017-09-29,955,17588,18543
1232,2017-09-30,414,12964,13378
1232,2017-10-01,190,10543,10733
1232,2017-10-02,798,15291,16089
1232,2017-10-03,554,16102,16656
1232,2017-10-04,732,14762,15494
1232,2017-10-05,925,15051,15976
1232,2017-10-06,867,15745,16612
1232,2017-10-07,364,12525,12889
1232,2017-10-08,134,9404,9538
1232,2017-10-09,848,14452,15300
1232,2017-10-10,864,15255,16119
1232,2017-10-11,979,15619,16598
1232,2017-10-13,992,16393,17385
1232,2017-10-14,525,13834,14359
1232,2017-10-15,196,11178,11374
1232,2017-10-16,999,15769,16768
1232,2017-10-17,950,15919,16869
1232,2017-10-18,974,15903,16877
1232,2017-10-19,944,16023,16967
1232,2017-10-20,899,15860,16759
1232,2017-10-21,385,11638,12023
1232,2017-10-22,176,8657,8833
1232,2017-10-23,859,15057,15916
1232,2017-10-24,876,15961,16837
1232,2017-10-25,938,15635,16573
1232,2017-10-27,882,16511,17393
1232,2017-10-28,442,12968,13410
1232,2017-10-29,152,9158,9310
1232,2017-10-30,828,15119,15947
1232,2017-10-31,679,17179,17858
1232,2017-11-01,123,8047,8170
1232,2017-11-03,881,15510,16391
1232,2017-11-04,393,11515,11908
1232,2017-11-05,125,8768,8893
1232,2017-11-06,985,15460,16445
1232,2017-11-07,1012,16447,17459
1232,2017-11-08,879,15726,16605
1232,2017-11-10,884,15649,16533
1232,2017-11-11,404,11722,12126
1232,2017-11-12,76,8734,8810
1232,2017-11-13,903,14833,15736
1232,2017-11-14,946,15585,16531
1232,2017-11-15,972,15535,16507
1232,2017-11-16,932,15662,16594
1232,2017-11-17,943,15747,16690
1232,2017-11-18,435,12318,12753
1232,2017-11-19,110,9218,9328
1232,2017-11-20,880,14513,15393
1232,2017-11-21,930,15377,16307
1232,2017-11-22,1053,15397,16450
1232,2017-11-24,764,16278,17042
1232,2017-11-25,408,12558,12966
1232,2017-11-26,123,9045,9168
1232,2017-11-27,898,14703,15601
1232,2017-11-28,993,15476,16469
1232,2017-11-29,973,15651,16624
1232,2017-11-30,996,15925,16921
1232,2017-12-01,876,16130,17006
1232,2017-12-02,385,12491,12876
1232,2017-12-03,109,9119,9228
1232,2017-12-04,931,14949,15880
1232,2017-12-05,930,16131,17061
1232,2017-12-06,945,15891,16836
1232,2017-12-07,993,15740,16733
1232,2017-12-08,913,15872,16785
1232,2017-12-09,402,12756,13158
1232,2017-12-10,198,6662,6860
1232,2017-12-12,937,15973,16910
1232,2017-12-13,1025,14808,15833
1232,2017-12-14,940,16124,17064
1232,2017-12-15,806,16266,17072
1232,2017-12-16,379,12592,12971
1232,2017-12-17,101,8939,9040
1232,2017-12-18,534,14930,15464
1232,2017-12-19,720,15777,16497
1232,2017-12-20,662,16034,16696
1232,2017-12-21,642,16034,16676
1232,2017-12-22,585,16255,16840
1232,2017-12-23,352,12066,12418
1232,2017-12-24,92,8222,8314
1232,2017-12-25,46,5023,5069
1232,2017-12-26,80,5691,5771
1232,2017-12-27,477,11648,12125
1232,2017-12-28,451,12797,13248
1232,2017-12-29,439,11792,12231
1232,2017-12-30,316,10429,10745
1232,2017-12-31,74,8450,8524
1250,2017-01-01,21,1256,1277
1250,2017-01-02,88,1893,1981
1250,2017-01-03,95,2176,2271
1250,2017-01-04,93,2285,2378
1250,2017-01-05,109,2429,2538
1250,2017-01-07,66,1685,1751
1250,2017-01-08,24,1395,1419
1250,2017-01-09,125,2454,2579
1250,2017-01-10,110,2604,2714
1250,2017-01-11,121,2598,2719
1250,2017-01-12,125,2659,2784
1250,2017-01-13,94,2932,3026
1250,2017-01-14,67,1978,2045
1250,2017-01-15,25,1604,1629
1250,2017-01-16,155,2600,2755
1250,2017-01-17,140,2678,2818
1250,2017-01-18,141,2627,2768
1250,2017-01-20,144,2714,2858
1250,2017-01-21,67,2149,2216
1250,2017-01-22,31,1701,1732
1250,2017-01-23,119,2697,2816
1250,2017-01-24,147,2634,2781
1250,2017-01-26,133,2729,2862
1250,2017-01-27,149,2847,2996
1250,2017-01-28,67,2199,2266
1250,2017-01-29,30,1655,1685
1250,2017-01-30,194,2654,2848
1250,2017-02-01,204,2741,2945
1250,2017-02-02,179,2793,2972
1250,2017-02-03,147,2814,2961
1250,2017-02-04,53,1988,2041
1250,2017-02-05,34,1764,1798
1250,2017-02-07,173,2676,2849
1250,2017-02-08,183,2636,2819
1250,2017-02-09,181,2755,2936
1250,2017-02-10,173,2913,3086
1250,2017-02-11,86,2008,2094
1250,2017-02-13,168,2742,2910
1250,2017-02-14,165,3010,3175
1250,2017-02-15,170,3075,3245
1250,2017-02-16,156,2918,3074
1250,2017-02-17,179,3105,3284
1250,2017-02-19,30,2017,2047
1250,2017-02-20,126,2511,2637
1250,2017-02-21,133,2708,2841
1250,2017-02-22,71,1701,1772
1250,2017-02-23,140,2246,2386
1250,2017-02-25,61,2341,2402
1250,2017-02-26,30,1957,1987
1250,2017-02-28,102,2640,2742
1250,2017-03-01,144,2695,2839
1250,2017-03-03,195,3091,3286
1250,2017-03-04,74,2279,2353
1250,2017-03-05,49,1720,1769
1250,2017-03-06,184,2732,2916
1250,2017-03-07,206,2898,3104
1250,2017-03-09,161,2722,2883
1250,2017-03-10,182,3143,3325
1250,2017-03-11,69,2628,2697
1250,2017-03-12,40,2615,2655
1250,2017-03-13,155,2744,2899
1250,2017-03-15,201,2941,3142
1250,2017-03-16,200,3025,3225
1250,2017-03-17,209,3024,3233
1250,2017-03-18,70,2283,2353
1250,2017-03-19,31,1827,1858
1250,2017-03-21,208,2800,3008
1250,2017-03-22,186,2776,2962
1250,2017-03-23,151,2797,2948
1250,2017-03-24,158,2993,3151
1250,2017-03-25,80,2841,2921
1250,2017-03-27,172,2819,2991
1250,2017-03-28,178,2850,3028
1250,2017-03-29,171,2884,3055
1250,2017-03-30,154,2956,3110
1250,2017-03-31,167,3095,3262
1250,2017-04-02,45,2512,2557
1250,2017-04-03,160,2863,3023
1250,2017-04-04,159,2946,3105
1250,2017-04-05,166,2930,3096
1250,2017-04-06,158,2869,3027
1250,2017-04-08,73,2595,2668
1250,2017-04-09,36,3317,3353
1250,2017-04-10,173,2835,3008
1250,2017-04-11,147,2816,2963
1250,2017-04-12,155,2910,3065
1250,2017-04-14,142,3321,3463
1250,2017-04-15,77,2349,2426
1250,2017-04-16,45,1982,2027
1250,2017-04-17,44,1750,1794
1250,2017-04-18,143,2720,2863
1250,2017-04-20,159,2915,3074
1250,2017-04-21,168,2988,3156
1250,2017-04-22,79,2265,2344
1250,2017-04-23,41,2275,2316
1250,2017-04-24,161,2963,3124
1250,2017-04-26,181,2887,3068
1250,2017-04-27,203,3017,3220
1250,2017-04-28,256,2962,3218
1250,2017-04-29,98,2665,2763
1250,2017-04-30,47,3261,3308
1250,2017-05-02,190,2968,3158
1250,2017-05-03,218,2758,2976
1250,2017-05-04,208,2850,3058
1250,2017-05-05,186,3098,3284
1250,2017-05-06,89,2497,2586
1250,2017-05-08,229,2820,3049
1250,2017-05-09,197,2929,3126
1250,2017-05-10,187,3131,3318
1250,2017-05-11,188,3003,3191
1250,2017-05-12,219,3052,3271
1250,2017-05-14,46,2346,2392
1250,2017-05-15,176,2867,3043
1250,2017-05-16,182,3094,3276
1250,2017-05-17,160,3173,3333
1250,2017-05-18,210,2955,3165
1250,2017-05-20,79,2263,2342
1250,2017-05-21,39,2652,2691
1250,2017-05-22,154,2971,3125
1250,2017-05-23,156,3074,3230
1250,2017-05-24,195,3302,3497
1250,2017-05-26,171,3377,3548
1250,2017-05-27,83,3524,3607
1250,2017-05-28,47,2759,2806
1250,2017-05-30,211,2925,3136
1250,2017-06-01,190,3145,3335
1250,2017-06-02,228,3282,3510
1250,2017-06-03,98,2898,2996
1250,2017-06-04,54,2950,3004
1250,2017-06-05,57,3351,3408
1250,2017-06-07,200,2848,3048
1250,2017-06-08,180,2994,3174
1250,2017-06-09,198,3222,3420
1250,2017-06-10,97,2837,2934
1250,2017-06-11,44,3151,3195
1250,2017-06-13,228,3170,3398
1250,2017-06-14,314,3280,3594
1250,2017-06-15,179,3473,3652
1250,2017-06-16,206,3772,3978
1250,2017-06-17,114,2873,2987
1250,2017-06-19,195,2928,3123
1250,2017-06-20,172,3112,3284
1250,2017-06-21,193,3042,3235
1250,2017-06-22,212,3150,3362
1250,2017-06-23,75,2666,2741
1250,2017-06-25,51,2730,2781
1250,2017-06-26,211,3328,3539
1250,2017-06-27,238,3270,3508
1250,2017-06-28,250,3286,3536
1250,2017-06-29,228,3386,3614
1250,2017-07-01,72,2660,2732
1250,2017-07-02,40,2587,2627
1250,2017-07-03,188,3189,3377
1250,2017-07-04,168,3562,3730
1250,2017-07-05,252,3712,3964
1250,2017-07-07,216,3514,3730
1250,2017-07-08,91,3105,3196
1250,2017-07-09,58,2776,2834
1250,2017-07-10,200,3196,3396
1250,2017-07-11,202,3246,3448
1250,2017-07-13,198,3647,3845
1250,2017-07-14,228,3634,3862
1250,2017-07-15,115,3221,3336
1250,2017-07-16,43,2819,2862
1250,2017-07-17,186,3298,3484
1250,2017-07-19,156,3429,3585
1250,2017-07-20,176,3471,3647
1250,2017-07-21,202,3776,3978
1250,2017-07-22,109,3161,3270
1250,2017-07-23,50,2204,2254
1250,2017-07-25,187,3235,3422
1250,2017-07-26,170,3258,3428
1250,2017-07-27,200,3224,3424
1250,2017-07-28,133,3359,3492
1250,2017-07-29,84,2916,3000
1250,2017-07-30,45,2730,2775
1250,2017-07-31,158,2992,3150
1250,2017-08-01,146,2838,2984
1250,2017-08-02,134,3086,3220
1250,2017-08-03,154,2973,3127
1250,2017-08-04,138,3235,3373
1250,2017-08-05,86,2798,2884
1250,2017-08-06,62,3177,3239
1250,2017-08-07,139,3108,3247
1250,2017-08-08,125,2896,3021
1250,2017-08-09,134,3051,3185
1250,2017-08-10,134,3060,3194
1250,2017-08-11,154,3346,3500
1250,2017-08-12,106,2453,2559
1250,2017-08-13,40,3219,3259
1250,2017-08-14,118,2984,3102
1250,2017-08-15,52,2328,2380
1250,2017-08-16,141,3142,3283
1250,2017-08-18,126,2842,2968
1250,2017-08-19,64,2376,2440
1250,2017-08-20,40,2730,2770
1250,2017-08-21,97,1638,1735
1250,2017-08-22,100,1383,1483
1250,2017-08-23,81,1457,1538
1250,2017-08-25,142,1924,2066
1250,2017-08-26,80,1912,1992
1250,2017-08-27,34,1426,1460
1250,2017-08-28,102,1596,1698
1250,2017-08-29,125,1680,1805
1250,2017-08-30,127,2018,2145
1250,2017-09-01,159,2902,3061
1250,2017-09-02,96,2352,2448
1250,2017-09-03,41,2507,2548
1250,2017-09-04,139,3195,3334
1250,2017-09-05,169,3330,3499
1250,2017-09-06,238,3323,3561
1250,2017-09-08,228,3335,3563
1250,2017-09-09,98,3040,3138
1250,2017-09-10,48,2502,2550
1250,2017-09-11,149,3120,3269
1250,2017-09-12,168,3552,3720
1250,2017-09-13,189,3133,3322
1250,2017-09-15,212,3762,3974
1250,2017-09-16,110,3084,3194
1250,2017-09-17,45,2774,2819
1250,2017-09-18,184,3319,3503
1250,2017-09-19,198,3550,3748
1250,2017-09-20,247,3418,3665
1250,2017-09-21,224,3542,3766
1250,2017-09-22,231,3673,3904
1250,2017-09-23,95,3251,3346
1250,2017-09-24,45,3042,3087
1250,2017-09-25,222,3330,3552
1250,2017-09-26,219,3356,3575
1250,2017-09-27,219,3451,3670
1250,2017-09-29,210,3454,3664
1250,2017-09-30,100,3008,3108
1250,2017-10-01,50,2833,2883
1250,2017-10-02,191,3111,3302
1250,2017-10-03,186,3398,3584
1250,2017-10-04,191,3086,3277
1250,2017-10-05,227,3186,3413
1250,2017-10-06,185,3348,3533
1250,2017-10-07,87,2881,2968
1250,2017-10-08,48,2496,2544
1250,2017-10-09,211,2983,3194
1250,2017-10-10,201,3164,3365
1250,2017-10-11,192,3039,3231
1250,2017-10-13,197,3264,3461
1250,2017-10-14,107,3038,3145
1250,2017-10-15,53,3264,3317
1250,2017-10-16,224,3093,3317
1250,2017-10-17,197,3277,3474
1250,2017-10-18,221,3149,3370
1250,2017-10-19,206,3043,3249
1250,2017-10-20,220,3266,3486
1250,2017-10-21,92,2904,2996
1250,2017-10-22,44,2400,2444
1250,2017-10-23,206,2812,3018
1250,2017-10-24,194,2916,3110
1250,2017-10-25,214,2896,3110
1250,2017-10-27,174,3205,3379
1250,2017-10-28,58,2491,2549
1250,2017-10-29,55,2178,2233
1250,2017-10-30,155,2974,3129
1250,2017-10-31,139,3318,3457
1250,2017-11-01,42,2181,2223
1250,2017-11-03,170,3098,3268
1250,2017-11-04,66,2283,2349
1250,2017-11-05,48,1914,1962
1250,2017-11-06,202,2837,3039
1250,2017-11-07,177,2857,3034
1250,2017-11-08,212,2860,3072
1250,2017-11-10,182,2961,3143
1250,2017-11-11,64,2468,2532
1250,2017-11-12,30,1680,1710
1250,2017-11-13,186,2884,3070
1250,2017-11-14,174,3115,3289
1250,2017-11-15,175,2934,3109
1250,2017-11-16,194,3268,3462
1250,2017-11-17,191,3077,3268
1250,2017-11-18,75,2405,2480
1250,2017-11-19,28,2034,2062
1250,2017-11-20,195,2786,2981
1250,2017-11-21,164,2819,2983
1250,2017-11-22,173,2882,3055
1250,2017-11-24,182,2984,3166
1250,2017-11-25,78,2418,2496
1250,2017-11-26,34,1849,1883
1250,2017-11-27,145,2689,2834
1250,2017-11-28,216,2872,3088
1250,2017-11-29,179,2981,3160
1250,2017-11-30,213,2975,3188
1250,2017-12-01,154,3213,3367
1250,2017-12-02,68,2349,2417
1250,2017-12-03,29,1690,1719
1250,2017-12-04,134,2776,2910
1250,2017-12-05,185,2843,3028
1250,2017-12-06,175,2919,3094
1250,2017-12-07,163,2948,3111
1250,2017-12-08,206,3486,3692
1250,2017-12-09,87,2552,2639
1250,2017-12-10,70,1752,1822
1250,2017-12-11,154,2736,2890
1250,2017-12-12,151,3033,3184
1250,2017-12-13,112,2884,2996
1250,2017-12-14,228,3076,3304
1250,2017-12-15,159,2984,3143
1250,2017-12-16,64,2299,2363
1250,2017-12-17,33,1810,1843
1250,2017-12-18,99,2404,2503
1250,2017-12-19,119,2790,2909
1250,2017-12-20,133,2876,3009
1250,2017-12-21,123,2844,2967
1250,2017-12-22,102,2957,3059
1250,2017-12-23,57,2006,2063
1250,2017-12-24,30,1486,1516
1250,2017-12-25,23,1375,1398
1250,2017-12-26,34,1365,1399
1250,2017-12-27,74,2122,2196
1250,2017-12-28,96,2264,2360
1250,2017-12-29,52,1650,1702
1250,2017-12-30,72,1972,2044
1250,2017-12-31,29,1639,1668
1314,2017-01-01,18,1604,1622
1314,2017-01-02,100,2423,2523
1314,2017-01-03,133,3234,3367
1314,2017-01-04,123,3498,3621
1314,2017-01-06,127,3724,3851
1314,2017-01-07,68,2254,2322
1314,2017-01-08,15,1767,1782
1314,2017-01-09,155,3737,3892
1314,2017-01-10,122,3466,3588
1314,2017-01-11,104,2602,2706
1314,2017-01-12,142,3624,3766
1314,2017-01-13,169,4167,4336
1314,2017-01-14,81,2705,2786
1314,2017-01-15,21,2076,2097
1314,2017-01-16,161,3956,4117
1314,2017-01-17,191,4139,4330
1314,2017-01-18,207,4061,4268
1314,2017-01-20,205,4394,4599
1314,2017-01-21,85,3018,3103
1314,2017-01-22,20,2274,2294
1314,2017-01-23,182,3926,4108
1314,2017-01-24,182,4084,4266
1314,2017-01-26,213,4182,4395
1314,2017-01-27,184,4312,4496
1314,2017-01-28,96,2800,2896
1314,2017-01-29,12,2202,2214
1314,2017-01-30,186,3730,3916
1314,2017-02-01,229,4209,4438
1314,2017-02-02,158,4373,4531
1314,2017-02-03,214,4060,4274
1314,2017-02-04,82,2872,2954
1314,2017-02-05,18,2254,2272
1314,2017-02-07,207,4538,4745
1314,2017-02-08,187,4598,4785
1314,2017-02-09,175,4688,4863
1314,2017-02-10,181,4614,4795
1314,2017-02-11,133,2819,2952
1314,2017-02-13,183,4312,4495
1314,2017-02-14,189,4636,4825
1314,2017-02-15,233,4662,4895
1314,2017-02-16,180,4154,4334
1314,2017-02-17,200,4596,4796
1314,2017-02-19,27,2430,2457
1314,2017-02-20,170,3635,3805
1314,2017-02-21,159,3839,3998
1314,2017-02-22,190,3770,3960
1314,2017-02-23,180,4030,4210
1314,2017-02-25,82,2843,2925
1314,2017-02-26,30,2514,2544
1314,2017-02-27,226,3720,3946
1314,2017-02-28,192,3922,4114
1314,2017-03-01,154,4000,4154
1314,2017-03-03,224,4813,5037
1314,2017-03-04,88,3320,3408
1314,2017-03-05,18,2344,2362
1314,2017-03-06,196,3892,4088
1314,2017-03-07,188,4621,4809
1314,2017-03-09,172,4318,4490
1314,2017-03-10,215,5066,5281
1314,2017-03-11,134,3473,3607
1314,2017-03-12,32,2990,3022
1314,2017-03-13,255,4575,4830
1314,2017-03-15,243,4880,5123
1314,2017-03-16,234,5208,5442
1314,2017-03-17,230,5271,5501
1314,2017-03-18,89,3235,3324
1314,2017-03-19,18,2432,2450
1314,2017-03-21,251,4835,5086
1314,2017-03-22,236,4252,4488
1314,2017-03-23,214,4992,5206
1314,2017-03-24,282,5021,5303
1314,2017-03-25,142,3746,3888
1314,2017-03-27,205,4629,4834
1314,2017-03-28,239,5063,5302
1314,2017-03-29,235,5071,5306
1314,2017-03-30,249,5396,5645
1314,2017-03-31,278,5254,5532
1314,2017-04-02,35,3219,3254
1314,2017-04-03,268,4827,5095
1314,2017-04-04,232,5169,5401
1314,2017-04-05,265,4960,5225
1314,2017-04-06,212,4915,5127
1314,2017-04-08,126,4033,4159
1314,2017-04-09,40,3684,3724
1314,2017-04-10,210,4314,4524
1314,2017-04-11,237,4582,4819
1314,2017-04-12,221,4631,4852
1314,2017-04-14,221,4403,4624
1314,2017-04-15,98,2996,3094
1314,2017-04-16,25,2472,2497
1314,2017-04-17,33,2049,2082
1314,2017-04-18,214,4108,4322
1314,2017-04-20,216,4273,4489
1314,2017-04-21,206,4344,4550
1314,2017-04-22,119,3421,3540
1314,2017-04-23,30,2878,2908
1314,2017-04-24,253,4783,5036
1314,2017-04-26,238,4735,4973
1314,2017-04-27,221,5014,5235
1314,2017-04-28,263,5017,5280
1314,2017-04-29,150,3729,3879
1314,2017-04-30,27,3369,3396
1314,2017-05-02,259,4930,5189
1314,2017-05-03,246,4386,4632
1314,2017-05-04,252,5086,5338
1314,2017-05-05,269,5350,5619
1314,2017-05-06,100,3760,3860
1314,2017-05-08,214,4569,4783
1314,2017-05-09,268,5564,5832
1314,2017-05-10,243,5239,5482
1314,2017-05-11,224,4690,4914
1314,2017-05-12,218,4648,4866
1314,2017-05-14,36,3023,3059
1314,2017-05-15,267,4922,5189
1314,2017-05-16,284,5387,5671
1314,2017-05-17,266,5265,5531
1314,2017-05-18,218,4548,4766
1314,2017-05-20,118,3596,3714
1314,2017-05-21,38,3251,3289
1314,2017-05-22,225,5061,5286
1314,2017-05-23,241,5357,5598
1314,2017-05-24,270,5465,5735
1314,2017-05-26,214,4518,4732
1314,2017-05-27,123,3616,3739
1314,2017-05-28,40,3174,3214
1314,2017-05-29,249,4881,5130
1314,2017-05-30,275,5237,5512
1314,2017-06-01,254,5649,5903
1314,2017-06-02,227,5524,5751
1314,2017-06-03,124,3363,3487
1314,2017-06-04,26,2653,2679
1314,2017-06-05,35,2875,2910
1314,2017-06-07,194,4426,4620
1314,2017-06-08,183,4655,4838
1314,2017-06-09,188,4338,4526
1314,2017-06-10,138,3681,3819
1314,2017-06-11,35,3250,3285
1314,2017-06-13,252,5267,5519
1314,2017-06-14,268,5245,5513
1314,2017-06-15,220,5444,5664
1314,2017-06-16,230,5564,5794
1314,2017-06-17,108,4066,4174
1314,2017-06-19,268,4877,5145
1314,2017-06-20,255,5034,5289
1314,2017-06-21,236,5073,5309
1314,2017-06-22,250,4925,5175
1314,2017-06-23,64,2602,2666
1314,2017-06-25,34,2758,2792
1314,2017-06-26,267,4801,5068
1314,2017-06-27,296,4424,4720
1314,2017-06-28,284,4550,4834
1314,2017-06-29,254,4564,4818
1314,2017-07-01,84,3534,3618
1314,2017-07-02,39,3158,3197
1314,2017-07-03,244,4558,4802
1314,2017-07-04,313,5341,5654
1314,2017-07-05,282,5343,5625
1314,2017-07-07,226,5180,5406
1314,2017-07-08,147,4049,4196
1314,2017-07-09,56,3270,3326
1314,2017-07-10,252,4286,4538
1314,2017-07-11,214,4448,4662
1314,2017-07-13,232,5192,5424
1314,2017-07-14,244,5353,5597
1314,2017-07-15,106,3533,3639
1314,2017-07-16,50,3138,3188
1314,2017-07-17,272,4873,5145
1314,2017-07-19,311,5032,5343
1314,2017-07-20,276,4216,4492
1314,2017-07-21,295,4673,4968
1314,2017-07-22,230,3392,3622
1314,2017-07-23,46,2873,2919
1314,2017-07-25,222,4089,4311
1314,2017-07-26,206,4418,4624
1314,2017-07-27,156,3904,4060
1314,2017-07-28,160,4324,4484
1314,2017-07-29,134,3179,3313
1314,2017-07-30,61,2710,2771
1314,2017-07-31,178,3398,3576
1314,2017-08-01,136,3242,3378
1314,2017-08-02,176,3742,3918
1314,2017-08-03,167,3648,3815
1314,2017-08-04,170,3801,3971
1314,2017-08-05,137,2692,2829
1314,2017-08-06,35,2810,2845
1314,2017-08-07,178,3537,3715
1314,2017-08-08,122,3096,3218
1314,2017-08-09,190,3493,3683
1314,2017-08-10,145,3398,3543
1314,2017-08-11,124,3420,3544
1314,2017-08-12,105,2620,2725
1314,2017-08-13,41,2867,2908
1314,2017-08-14,118,3177,3295
1314,2017-08-15,42,2622,2664
1314,2017-08-16,153,3461,3614
1314,2017-08-19,103,2545,2648
1314,2017-08-20,35,2470,2505
1314,2017-08-21,168,3536,3704
1314,2017-08-22,187,3852,4039
1314,2017-08-23,229,3891,4120
1314,2017-08-25,201,3706,3907
1314,2017-08-26,109,3013,3122
1314,2017-08-27,30,2577,2607
1314,2017-08-28,266,3918,4184
1314,2017-08-29,291,4303,4594
1314,2017-08-30,229,4106,4335
1314,2017-09-01,209,4382,4591
1314,2017-09-02,108,2786,2894
1314,2017-09-03,29,2615,2644
1314,2017-09-04,253,3971,4224
1314,2017-09-05,248,4207,4455
1314,2017-09-06,257,4315,4572
1314,2017-09-08,258,4302,4560
1314,2017-09-09,136,2788,2924
1314,2017-09-10,49,2676,2725
1314,2017-09-11,224,4340,4564
1314,2017-09-12,237,4362,4599
1314,2017-09-13,214,3866,4080
1314,2017-09-15,228,4798,5026
1314,2017-09-16,188,4534,4722
1314,2017-09-17,38,3562,3600
1314,2017-09-18,224,4742,4966
1314,2017-09-19,271,5079,5350
1314,2017-09-20,263,4985,5248
1314,2017-09-21,296,5118,5414
1314,2017-09-22,276,5188,5464
1314,2017-09-23,116,3602,3718
1314,2017-09-24,43,3063,3106
1314,2017-09-25,275,4742,5017
1314,2017-09-26,252,5070,5322
1314,2017-09-27,267,5087,5354
1314,2017-09-29,241,5144,5385
1314,2017-09-30,152,3929,4081
1314,2017-10-01,37,3241,3278
1314,2017-10-02,222,4511,4733
1314,2017-10-03,239,5060,5299
1314,2017-10-04,268,4983,5251
1314,2017-10-05,238,4893,5131
1314,2017-10-06,241,5102,5343
1314,2017-10-07,104,3918,4022
1314,2017-10-08,37,3097,3134
1314,2017-10-09,228,4736,4964
1314,2017-10-10,240,4406,4646
1314,2017-10-11,274,5003,5277
1314,2017-10-13,309,5515,5824
1314,2017-10-14,137,4006,4143
1314,2017-10-15,32,3743,3775
1314,2017-10-16,314,5097,5411
1314,2017-10-17,305,5440,5745
1314,2017-10-18,330,5911,6241
1314,2017-10-19,338,5718,6056
1314,2017-10-22,62,2489,2551
1314,2017-10-23,251,4873,5124
1314,2017-10-24,277,5211,5488
1314,2017-10-25,258,5234,5492
1314,2017-10-27,217,5402,5619
1314,2017-10-28,121,3441,3562
1314,2017-10-29,26,2476,2502
1314,2017-10-30,208,4813,5021
1314,2017-10-31,204,4852,5056
1314,2017-11-01,45,3051,3096
1314,2017-11-03,258,4753,5011
1314,2017-11-04,127,3323,3450
1314,2017-11-05,20,2384,2404
1314,2017-11-06,237,4903,5140
1314,2017-11-07,340,5351,5691
1314,2017-11-08,309,5016,5325
1314,2017-11-10,256,4658,4914
1314,2017-11-11,122,3244,3366
1314,2017-11-12,30,2134,2164
1314,2017-11-13,227,4739,4966
1314,2017-11-14,229,5107,5336
1314,2017-11-15,238,5069,5307
1314,2017-11-16,216,5258,5474
1314,2017-11-17,231,5041,5272
1314,2017-11-18,105,3258,3363
1314,2017-11-19,26,2448,2474
1314,2017-11-20,236,3994,4230
1314,2017-11-21,222,4252,4474
1314,2017-11-22,264,5061,5325
1314,2017-11-24,184,4404,4588
1314,2017-11-25,123,3165,3288
1314,2017-11-26,23,2311,2334
1314,2017-11-27,216,4010,4226
1314,2017-11-28,240,4392,4632
1314,2017-11-29,260,5073,5333
1314,2017-11-30,246,5008,5254
1314,2017-12-01,229,4845,5074
1314,2017-12-02,150,3077,3227
1314,2017-12-03,31,2124,2155
1314,2017-12-04,213,4494,4707
1314,2017-12-05,227,4920,5147
1314,2017-12-06,278,4677,4955
1314,2017-12-07,284,4454,4738
1314,2017-12-08,258,5057,5315
1314,2017-12-09,99,2909,3008
1314,2017-12-10,40,1648,1688
1314,2017-12-11,230,3964,4194
1314,2017-12-12,247,4854,5101
1314,2017-12-13,186,3914,4100
1314,2017-12-15,170,4222,4392
1314,2017-12-16,84,3019,3103
1314,2017-12-17,26,2096,2122
1314,2017-12-18,130,3356,3486
1314,2017-12-19,158,4474,4632
1314,2017-12-20,141,4394,4535
1314,2017-12-21,129,3843,3972
1314,2017-12-22,112,3786,3898
1314,2017-12-23,81,2923,3004
1314,2017-12-24,22,1934,1956
1314,2017-12-25,20,1870,1890
1314,2017-12-26,22,1732,1754
1314,2017-12-27,106,2632,2738
1314,2017-12-28,101,2956,3057
1314,2017-12-29,102,2698,2800
1314,2017-12-30,72,2336,2408
1314,2017-12-31,33,1798,1831
1407,2017-01-01,1478,23389,24867
1407,2017-01-02,3429,42359,45788
1407,2017-01-03,2104,51485,53589
1407,2017-01-04,4331,50514,54845
1407,2017-01-05,3380,57820,61200
1407,2017-01-06,4745,61100,65845
1407,2017-01-08,2271,30442,32713
1407,2017-01-09,3131,61933,65064
1407,2017-01-10,3581,59716,63297
1407,2017-01-11,3972,57065,61037
1407,2017-01-12,6355,58774,65129
1407,2017-01-13,2947,59065,62012
1407,2017-01-14,2349,45987,48336
1407,2017-01-15,350,31768,32118
1407,2017-01-16,4285,61092,65377
1407,2017-01-17,3550,63455,67005
1407,2017-01-20,7675,66262,73937
1407,2017-01-21,4952,54897,59849
1407,2017-01-22,3089,33720,36809
1407,2017-01-23,5843,62627,68470
1407,2017-01-24,3808,62782,66590
1407,2017-01-25,5424,64431,69855
1407,2017-01-26,3943,67659,71602
1407,2017-01-27,5063,69412,74475
1407,2017-01-28,2666,56071,58737
1407,2017-01-29,1312,38518,39830
1407,2017-01-30,3770,60043,63813
1407,2017-01-31,3904,68512,72416
1407,2017-02-01,4322,65009,69331
1407,2017-02-02,3702,67118,70820
1407,2017-02-03,3752,68118,71870
1407,2017-02-04,1975,50278,52253
1407,2017-02-05,2089,35131,37220
1407,2017-02-06,4658,63294,67952
1407,2017-02-07,4448,64186,68634
1407,2017-02-08,4855,64198,69053
1407,2017-02-09,4091,67514,71605
1407,2017-02-10,4337,67997,72334
1407,2017-02-11,1226,53539,54765
1407,2017-02-12,678,37721,38399
1407,2017-02-13,3733,66662,70395
1407,2017-02-14,6434,62758,69192
1407,2017-02-15,5165,65246,70411
1407,2017-02-16,4194,66686,70880
1407,2017-02-17,4377,67560,71937
1407,2017-02-18,1706,53892,55598
1407,2017-02-19,1661,34325,35986
1407,2017-02-20,3963,60524,64487
1407,2017-02-21,4905,63203,68108
1407,2017-02-22,5117,59973,65090
1407,2017-02-23,4620,62342,66962
1407,2017-02-25,1826,52828,54654
1407,2017-02-26,827,35617,36444
1407,2017-02-27,3921,63844,67765
1407,2017-02-28,5056,66069,71125
1407,2017-03-02,5053,68259,73312
1407,2017-03-03,3769,71857,75626
1407,2017-03-04,2459,55768,58227
1407,2017-03-05,2112,35403,37515
1407,2017-03-06,4822,64350,69172
1407,2017-03-07,4436,67826,72262
1407,2017-03-08,3825,66269,70094
1407,2017-03-09,5484,66238,71722
1407,2017-03-10,5609,68176,73785
1407,2017-03-11,1458,59098,60556
1407,2017-03-12,5119,35949,41068
1407,2017-03-13,6125,63670,69795
1407,2017-03-14,7521,61093,68614
1407,2017-03-15,5721,63811,69532
1407,2017-03-16,6734,65672,72406
1407,2017-03-17,6168,67238,73406
1407,2017-03-18,2423,55220,57643
1407,2017-03-19,1341,36774,38115
1407,2017-03-21,4201,67294,71495
1407,2017-03-22,6349,64778,71127
1407,2017-03-23,4656,69610,74266
1407,2017-03-24,4691,70983,75674
1407,2017-03-25,2413,58529,60942
1407,2017-03-27,11722,57248,68970
1407,2017-03-28,11822,61638,73460
1407,2017-03-29,6927,55312,62239
1407,2017-03-30,11207,58213,69420
1407,2017-03-31,7901,57368,65269
1407,2017-07-01,4168,54938,59106
1407,2017-07-02,2520,38720,41240
1407,2017-07-03,7442,60758,68200
1407,2017-07-04,7762,66727,74489
1407,2017-07-05,8567,66372,74939
1407,2017-07-07,8258,67411,75669
1407,2017-07-08,4369,59103,63472
1407,2017-07-09,2073,37891,39964
1407,2017-07-10,8059,64191,72250
1407,2017-07-11,8273,65276,73549
1407,2017-07-12,7854,65123,72977
1407,2017-07-13,8575,67878,76453
1407,2017-07-14,7876,70032,77908
1407,2017-07-15,4182,49704,53886
1407,2017-07-16,2628,33218,35846
1407,2017-07-17,7932,61816,69748
1407,2017-07-18,8212,63515,71727
1407,2017-07-19,7522,63668,71190
1407,2017-07-20,8423,63564,71987
1407,2017-07-21,7761,65310,73071
1407,2017-07-22,3951,46013,49964
1407,2017-07-23,2370,31756,34126
1407,2017-07-24,7758,59351,67109
1407,2017-07-25,7675,61993,69668
1407,2017-07-26,7123,63622,70745
1407,2017-07-27,6993,62891,69884
1407,2017-07-28,6111,61865,67976
1407,2017-07-29,2983,45828,48811
1407,2017-07-30,2114,32407,34521
1407,2017-07-31,4854,56190,61044
1407,2017-08-01,5013,56576,61589
1407,2017-08-02,5173,56392,61565
1407,2017-08-03,5826,56608,62434
1407,2017-08-04,5425,56241,61666
1407,2017-08-05,2720,39866,42586
1407,2017-08-06,2508,29289,31797
1407,2017-08-07,5609,51052,56661
1407,2017-08-08,5242,53053,58295
1407,2017-08-09,5231,53646,58877
1407,2017-08-10,5308,51726,57034
1407,2017-08-11,5103,51620,56723
1407,2017-08-12,3035,37170,40205
1407,2017-08-13,2108,26993,29101
1407,2017-08-14,4473,46562,51035
1407,2017-08-15,1527,25349,26876
1407,2017-08-16,4643,53670,58313
1407,2017-08-17,4780,53888,58668
1407,2017-08-18,4756,51684,56440
1407,2017-08-19,1755,39459,41214
1407,2017-08-20,1513,28546,30059
1407,2017-08-21,5253,55892,61145
1407,2017-08-22,5986,56713,62699
1407,2017-08-23,5960,56987,62947
1407,2017-08-24,6208,59739,65947
1407,2017-08-25,6447,59569,66016
1407,2017-08-26,3048,42652,45700
1407,2017-08-27,2385,31151,33536
1407,2017-08-28,7310,60289,67599
1407,2017-08-29,7152,59871,67023
1407,2017-08-30,7111,61642,68753
1407,2017-08-31,7252,61974,69226
1407,2017-09-01,7378,62914,70292
1407,2017-09-02,3793,47877,51670
1407,2017-09-03,2200,34286,36486
1407,2017-09-04,7133,60340,67473
1407,2017-09-05,7432,62485,69917
1407,2017-09-06,7223,61484,68707
1407,2017-09-07,7732,61954,69686
1407,2017-09-08,8357,63069,71426
1407,2017-09-09,3135,57370,60505
1407,2017-09-10,1957,44217,46174
1407,2017-09-11,7029,67108,74137
1407,2017-09-12,6746,63319,70065
1407,2017-09-13,6425,58195,64620
1407,2017-09-14,8624,60848,69472
1407,2017-09-15,7776,65099,72875
1407,2017-09-16,3447,53442,56889
1407,2017-09-17,1919,37766,39685
1407,2017-09-18,6991,62076,69067
1407,2017-09-19,7443,66032,73475
1407,2017-09-20,7894,61065,68959
1407,2017-09-21,7201,61352,68553
1407,2017-09-22,9493,65372,74865
1407,2017-09-23,6385,53628,60013
1407,2017-09-24,4474,36808,41282
1407,2017-09-25,9643,61179,70822
1407,2017-09-27,8303,63197,71500
1407,2017-09-28,9210,62983,72193
1407,2017-09-29,10319,63300,73619
1407,2017-09-30,4526,50673,55199
1407,2017-10-01,2319,41618,43937
1407,2017-10-02,6639,60618,67257
1407,2017-10-03,6949,66660,73609
1407,2017-10-04,7604,64471,72075
1407,2017-10-05,7724,61116,68840
1407,2017-10-06,8874,66743,75617
1407,2017-10-07,3807,52347,56154
1407,2017-10-08,1757,36531,38288
1407,2017-10-09,7397,64053,71450
1407,2017-10-10,7969,62193,70162
1407,2017-10-11,8470,60964,69434
1407,2017-10-12,7773,61670,69443
1407,2017-10-13,7985,64950,72935
1407,2017-10-14,6535,59781,66316
1407,2017-10-15,3475,44406,47881
1407,2017-10-16,6772,62077,68849
1407,2017-10-17,8160,64843,73003
1407,2017-10-18,8187,61369,69556
1407,2017-10-19,8296,57801,66097
1407,2017-10-20,8229,65427,73656
1407,2017-10-21,4652,53467,58119
1407,2017-10-22,3231,37988,41219
1407,2017-10-23,7958,63725,71683
1407,2017-10-24,6983,66223,73206
1407,2017-10-25,9628,64149,73777
1407,2017-10-26,8484,56982,65466
1407,2017-10-27,7331,70765,78096
1407,2017-10-28,4550,54814,59364
1407,2017-10-29,2647,37377,40024
1407,2017-10-30,8992,60212,69204
1407,2017-10-31,8881,66811,75692
1410,2017-01-01,3095,36365,39460
1410,2017-01-02,8727,55959,64686
1410,2017-01-03,10101,53410,63511
1410,2017-01-04,11009,48762,59771
1410,2017-01-05,9790,52460,62250
1410,2017-01-06,10757,60799,71556
1410,2017-01-07,6035,51856,57891
1410,2017-01-08,3954,38576,42530
1410,2017-01-09,10715,47851,58566
1410,2017-01-10,11610,46497,58107
1410,2017-01-11,12730,47753,60483
1410,2017-01-12,12093,50920,63013
1410,2017-01-13,9999,52386,62385
1410,2017-01-14,7381,45379,52760
1410,2017-01-15,3366,34207,37573
1410,2017-01-16,11318,54174,65492
1410,2017-01-17,11774,53719,65493
1410,2017-01-18,12828,53946,66774
1410,2017-01-19,12526,58355,70881
1410,2017-01-20,11679,58702,70381
1410,2017-01-21,7427,51833,59260
1410,2017-01-22,3146,36763,39909
1410,2017-01-23,11223,57314,68537
1410,2017-01-24,12276,52153,64429
1410,2017-01-25,12189,55046,67235
1410,2017-01-26,11349,59293,70642
1410,2017-01-27,11239,66927,78166
1410,2017-01-28,7152,56127,63279
1410,2017-01-29,4252,37834,42086
1410,2017-01-30,12052,48972,61024
1410,2017-01-31,13200,53420,66620
1410,2017-02-01,15220,51657,66877
1410,2017-02-02,13177,53858,67035
1410,2017-02-03,12892,56128,69020
1410,2017-02-04,10206,48218,58424
1410,2017-02-05,4183,36029,40212
1410,2017-02-06,11483,54007,65490
1410,2017-02-07,13654,50746,64400
1410,2017-02-08,13017,55372,68389
1410,2017-02-09,12210,58005,70215
1410,2017-02-10,12009,66794,78803
1410,2017-02-11,8717,50649,59366
1410,2017-02-12,3789,38825,42614
1410,2017-02-13,12363,55935,68298
1410,2017-02-14,13551,57957,71508
1410,2017-02-15,13972,56377,70349
1410,2017-02-16,14939,52318,67257
1410,2017-02-17,13055,55014,68069
1410,2017-02-18,8150,54658,62808
1410,2017-02-19,3432,40522,43954
1410,2017-02-20,15410,52012,67422
1410,2017-02-21,14070,43829,57899
1410,2017-02-22,15510,46910,62420
1410,2017-02-23,13996,53987,67983
1410,2017-02-24,12169,60579,72748
1410,2017-02-25,8517,70497,79014
1410,2017-02-26,4047,45778,49825
1410,2017-02-27,11479,57837,69316
1410,2017-02-28,13705,53668,67373
1410,2017-03-01,14285,52214,66499
1410,2017-03-02,12655,62223,74878
1410,2017-03-03,11827,71670,83497
1410,2017-03-04,7921,68084,76005
1410,2017-03-05,5039,45302,50341
1410,2017-03-06,11200,54537,65737
1410,2017-03-07,12411,56611,69022
1410,2017-03-08,13897,57362,71259
1410,2017-03-09,13752,53045,66797
1410,2017-03-10,12509,64508,77017
1410,2017-03-11,7564,61460,69024
1410,2017-03-12,3147,46198,49345
1410,2017-03-13,12382,61733,74115
1410,2017-03-14,13619,59606,73225
1410,2017-03-15,13838,60367,74205
1410,2017-03-16,13638,61942,75580
1410,2017-03-17,12460,69858,82318
1410,2017-03-18,8387,56187,64574
1410,2017-03-19,3644,40769,44413
1410,2017-03-20,11992,63194,75186
1410,2017-03-21,13159,57588,70747
1410,2017-03-22,14299,63894,78193
1410,2017-03-23,13541,65405,78946
1410,2017-03-24,12558,70271,82829
1410,2017-03-25,7614,59316,66930
1410,2017-03-27,12182,60199,72381
1410,2017-03-28,13356,59938,73294
1410,2017-03-29,14021,60440,74461
1410,2017-03-30,12831,61785,74616
1410,2017-03-31,12675,69791,82466
1410,2017-04-01,8191,69444,77635
1410,2017-04-02,3334,51939,55273
1410,2017-04-03,11834,63704,75538
1410,2017-04-04,12673,61755,74428
1410,2017-04-05,13546,63712,77258
1410,2017-04-06,13019,68219,81238
1410,2017-04-07,12539,70617,83156
1410,2017-04-08,9298,79962,89260
1410,2017-04-09,3846,56260,60106
1410,2017-04-10,12144,65337,77481
1410,2017-04-11,13036,64458,77494
1410,2017-04-12,13047,66824,79871
1410,2017-04-13,12317,71833,84150
1410,2017-04-14,9137,81716,90853
1410,2017-04-15,6514,63668,70182
1410,2017-04-16,2506,47532,50038
1410,2017-04-17,3517,53122,56639
1410,2017-04-18,10654,66603,77257
1410,2017-04-19,12570,65781,78351
1410,2017-04-20,12728,60028,72756
1410,2017-04-21,12719,71440,84159
1410,2017-04-22,9321,64175,73496
1410,2017-04-23,3869,50482,54351
1410,2017-04-24,11789,63605,75394
1410,2017-04-25,13061,63561,76622
1410,2017-04-26,13114,66005,79119
1410,2017-04-27,12668,67865,80533
1410,2017-04-28,11062,67904,78966
1410,2017-04-29,8224,64931,73155
1410,2017-04-30,3103,49691,52794
1410,2017-05-01,3670,45928,49598
1410,2017-05-02,11838,62754,74592
1410,2017-05-03,12824,58927,71751
1410,2017-05-04,13476,65166,78642
1410,2017-05-05,12602,74673,87275
1410,2017-05-06,9364,62186,71550
1410,2017-05-07,3734,46278,50012
1410,2017-05-08,8372,71820,80192
1410,2017-05-09,13488,64155,77643
1410,2017-05-10,13642,61756,75398
1410,2017-05-11,13008,64719,77727
1410,2017-05-12,11926,67432,79358
1410,2017-05-13,6872,46482,53354
1410,2017-05-14,2931,39986,42917
1410,2017-05-15,11990,58909,70899
1410,2017-05-16,12371,60586,72957
1410,2017-05-17,12868,61455,74323
1410,2017-06-16,11480,69586,81066
1410,2017-06-17,8107,59858,67965
1410,2017-06-18,4719,52810,57529
1410,2017-06-19,11021,63737,74758
1410,2017-06-20,11715,61589,73304
1410,2017-06-21,12335,64469,76804
1410,2017-06-22,12817,65713,78530
1410,2017-06-23,8190,54776,62966
1410,2017-06-24,8169,58606,66775
1410,2017-06-25,4532,54661,59193
1410,2017-06-26,11183,64227,75410
1410,2017-06-27,13443,62033,75476
1410,2017-06-28,13909,63508,77417
1410,2017-06-29,12991,68613,81604
1410,2017-06-30,12323,77824,90147
1410,2017-07-01,10291,66045,76336
1410,2017-07-02,5135,57392,62527
1410,2017-07-03,11874,68055,79929
1410,2017-07-04,11708,65818,77526
1410,2017-07-07,12686,77826,90512
1410,2017-07-08,9069,78739,87808
1410,2017-07-09,5546,65327,70873
1410,2017-07-10,12715,71157,83872
1410,2017-07-11,12954,60445,73399
1410,2017-07-12,14437,64875,79312
1410,2017-07-13,13369,75595,88964
1410,2017-07-14,10327,87644,97971
1410,2017-07-15,9746,82157,91903
1410,2017-07-16,6332,70748,77080
1410,2017-07-17,12487,72516,85003
1410,2017-07-18,12093,66226,78319
1410,2017-07-19,12816,70764,83580
1410,2017-07-20,13444,72713,86157
1410,2017-07-21,12970,78673,91643
1410,2017-07-22,9472,78712,88184
1410,2017-07-23,6665,69540,76205
1410,2017-07-24,14032,66734,80766
1410,2017-07-25,13344,67928,81272
1410,2017-07-26,13637,71179,84816
1410,2017-07-27,14065,74273,88338
1410,2017-07-28,12873,86304,99177
1410,2017-07-29,8425,77357,85782
1410,2017-07-30,6850,69559,76409
1410,2017-07-31,11928,76653,88581
1410,2017-08-01,13567,66307,79874
1410,2017-08-02,13146,72596,85742
1410,2017-08-03,13120,74625,87745
1410,2017-08-04,12304,78936,91240
1410,2017-08-05,8173,75263,83436
1410,2017-08-06,6360,65355,71715
1410,2017-08-07,12023,71560,83583
1410,2017-08-08,13781,69988,83769
1410,2017-08-09,13546,69833,83379
1410,2017-08-10,14294,73328,87622
1410,2017-08-11,13508,80880,94388
1410,2017-08-12,8148,73152,81300
1410,2017-08-13,5774,60434,66208
1410,2017-08-14,10695,67972,78667
1410,2017-08-15,5863,50076,55939
1410,2017-08-16,13153,69617,82770
1410,2017-08-17,12977,67267,80244
1410,2017-08-18,14521,72188,86709
1410,2017-08-19,8490,68420,76910
1410,2017-08-20,5346,58539,63885
1410,2017-08-21,12318,71224,83542
1410,2017-08-22,13408,65850,79258
1410,2017-08-23,13896,66694,80590
1410,2017-08-24,14298,72514,86812
1410,2017-08-25,14359,77708,92067
1410,2017-08-26,8841,70502,79343
1410,2017-08-27,5483,61595,67078
1410,2017-08-28,13633,70016,83649
1410,2017-08-29,13759,67470,81229
1410,2017-08-30,14482,69928,84410
1410,2017-08-31,14375,68508,82883
1410,2017-09-02,9497,68770,78267
1410,2017-09-03,5066,61332,66398
1410,2017-09-04,12607,67360,79967
1410,2017-09-05,13952,65780,79732
1410,2017-09-06,14294,64865,79159
1410,2017-09-07,13658,67480,81138
1410,2017-09-08,13154,74555,87709
1410,2017-09-09,9885,65279,75164
1410,2017-09-10,5112,57554,62666
1410,2017-09-11,12956,67776,80732
1410,2017-09-12,13889,64509,78398
1410,2017-09-13,13888,56981,70869
1410,2017-09-14,13288,63361,76649
1410,2017-09-15,12806,69751,82557
1410,2017-09-16,9182,63060,72242
1410,2017-09-17,4577,50984,55561
1410,2017-09-18,11363,60839,72202
1410,2017-09-20,14410,64075,78485
1410,2017-09-21,13962,65088,79050
1410,2017-09-22,13118,70318,83436
1410,2017-09-23,8835,61203,70038
1410,2017-09-24,4404,52765,57169
1410,2017-09-25,12860,62983,75843
1410,2017-09-26,14143,63937,78080
1410,2017-09-27,14909,63106,78015
1410,2017-09-28,14001,67511,81512
1410,2017-09-29,12903,66742,79645
1410,2017-10-02,12283,61714,73997
1410,2017-10-03,10432,61670,72102
1410,2017-10-04,13555,63542,77097
1410,2017-10-05,13783,62144,75927
1410,2017-10-06,12396,67421,79817
1410,2017-10-07,7636,49631,57267
1410,2017-10-08,3451,46284,49735
1410,2017-10-09,12229,63889,76118
1410,2017-10-10,13271,58214,71485
1410,2017-10-11,14222,59002,73224
1410,2017-10-12,13255,63102,76357
1410,2017-10-13,12747,68750,81497
1410,2017-10-14,8594,56025,64619
1410,2017-10-15,3795,49542,53337
1410,2017-10-16,11473,53876,65349
1410,2017-10-17,13464,60151,73615
1410,2017-10-18,11361,47086,58447
1410,2017-10-19,14002,62376,76378
1410,2017-10-20,12551,63633,76184
1410,2017-10-21,8695,57886,66581
1410,2017-10-22,4493,46522,51015
1410,2017-10-23,11933,56701,68634
1410,2017-10-24,13094,54969,68063
1410,2017-10-25,14063,57319,71382
1410,2017-10-26,13844,62740,76584
1410,2017-10-27,12622,65950,78572
1410,2017-10-28,8753,63165,71918
1410,2017-10-29,3968,48337,52305
1410,2017-10-30,12354,62417,74771
1410,2017-10-31,11605,65617,77222
1410,2017-11-01,4687,46600,51287
1410,2017-11-02,14139,64077,78216
1410,2017-11-03,13461,67897,81358
1410,2017-11-04,9348,58259,67607
1410,2017-11-05,4036,46949,50985
1410,2017-11-06,9939,49839,59778
1410,2017-11-07,12444,52253,64697
1410,2017-11-08,14924,47192,62116
1410,2017-11-09,13413,56960,70373
1410,2017-11-10,13451,59673,73124
1410,2017-11-11,8007,53128,61135
1410,2017-11-12,4905,39204,44109
1410,2017-11-13,12657,58665,71322
1410,2017-11-14,13850,56841,70691
1410,2017-11-15,14592,56259,70851
1410,2017-11-16,14014,57395,71409
1410,2017-11-17,13045,60447,73492
1410,2017-11-18,7709,51914,59623
1410,2017-11-19,3605,42398,46003
1410,2017-11-22,14371,55836,70207
1410,2017-11-23,13918,60165,74083
1410,2017-11-24,12601,56101,68702
1410,2017-11-25,8496,52405,60901
1410,2017-11-26,3671,42960,46631
1410,2017-11-27,13379,51849,65228
1410,2017-11-28,13223,52668,65891
1410,2017-11-29,14020,51324,65344
1410,2017-11-30,13566,53685,67251
1410,2017-12-01,13137,56418,69555
1410,2017-12-02,8708,52407,61115
1410,2017-12-03,4347,41464,45811
1410,2017-12-04,13409,50590,63999
1410,2017-12-05,14195,49429,63624
1410,2017-12-06,14508,51972,66480
1410,2017-12-07,11848,45440,57288
1410,2017-12-08,12463,55956,68419
1410,2017-12-09,7905,56281,64186
1410,2017-12-10,3916,34060,37976
1410,2017-12-11,12099,46391,58490
1410,2017-12-13,11997,42100,54097
1410,2017-12-14,13230,57967,71197
1410,2017-12-15,11838,57567,69405
1410,2017-12-16,8213,55101,63314
1410,2017-12-17,3611,45743,49354
1410,2017-12-18,10997,51066,62063
1410,2017-12-19,12490,54204,66694
1410,2017-12-20,12281,55413,67694
1410,2017-12-21,10796,60029,70825
1410,2017-12-22,8976,67947,76923
1410,2017-12-23,5100,65721,70821
1410,2017-12-24,2062,36003,38065
1410,2017-12-25,2087,32680,34767
1410,2017-12-26,3778,42834,46612
1410,2017-12-27,7966,56753,64719
1410,2017-12-28,7436,60715,68151
1410,2017-12-29,6879,55942,62821
1410,2017-12-30,5033,58168,63201
1410,2017-12-31,1993,36903,38896
1413,2017-01-01,1519,26115,27634
1413,2017-01-02,6295,52139,58434
1413,2017-01-03,10248,59656,69904
1413,2017-01-04,9320,62169,71489
1413,2017-01-05,9135,62884,72019
1413,2017-01-06,9540,63526,73066
1413,2017-01-07,3343,41911,45254
1413,2017-01-08,1988,32333,34321
1413,2017-01-09,10266,64372,74638
1413,2017-01-10,11003,65961,76964
1413,2017-01-12,11310,71537,82847
1413,2017-01-13,7702,53280,60982
1413,2017-01-14,5034,49179,54213
1413,2017-01-15,1923,36517,38440
1413,2017-01-16,11760,71429,83189
1413,2017-01-17,11566,73987,85553
1413,2017-01-18,13488,69834,83322
1413,2017-01-19,12411,72302,84713
1413,2017-01-20,11517,72905,84422
1413,2017-01-21,5170,49727,54897
1413,2017-01-22,2697,33077,35774
1413,2017-01-23,10319,71094,81413
1413,2017-01-24,11240,72137,83377
1413,2017-01-25,9610,76359,85969
1413,2017-01-26,9014,76550,85564
1413,2017-01-27,9417,78158,87575
1413,2017-01-28,4150,48233,52383
1413,2017-01-29,2666,34969,37635
1413,2017-01-30,11654,69588,81242
1413,2017-01-31,15444,70671,86115
1413,2017-02-01,13747,71827,85574
1413,2017-02-02,12538,75237,87775
1413,2017-02-03,12981,70443,83424
1413,2017-02-04,6127,48426,54553
1413,2017-02-05,2729,34326,37055
1413,2017-02-06,11873,71780,83653
1413,2017-02-07,11768,65834,77602
1413,2017-02-08,13435,70174,83609
1413,2017-02-09,10408,71865,82273
1413,2017-02-10,10306,76961,87267
1413,2017-02-11,6477,48511,54988
1413,2017-02-12,2390,35641,38031
1413,2017-02-13,12424,71537,83961
1413,2017-02-15,13165,71470,84635
1413,2017-02-16,14029,71129,85158
1413,2017-02-17,12380,70252,82632
1413,2017-02-18,5008,46650,51658
1413,2017-02-19,1708,33364,35072
1413,2017-02-20,14013,65639,79652
1413,2017-02-21,14396,66160,80556
1413,2017-02-22,13913,67979,81892
1413,2017-02-23,11996,69764,81760
1413,2017-02-24,10890,69523,80413
1413,2017-02-25,4515,49574,54089
1413,2017-02-26,1958,35889,37847
1413,2017-02-27,9206,71288,80494
1413,2017-02-28,11747,69829,81576
1413,2017-03-01,13591,70917,84508
1413,2017-03-02,11913,75865,87778
1413,2017-03-03,10348,77981,88329
1413,2017-03-04,4569,51552,56121
1413,2017-03-05,3080,37142,40222
1413,2017-03-06,11488,72099,83587
1413,2017-03-07,12567,70482,83049
1413,2017-03-08,13636,70326,83962
1413,2017-03-09,13288,68917,82205
1413,2017-03-10,12491,71475,83966
1413,2017-03-11,4704,52811,57515
1413,2017-03-12,2352,41299,43651
1413,2017-03-13,10843,72622,83465
1413,2017-03-14,12346,73533,85879
1413,2017-03-15,11474,74167,85641
1413,2017-03-16,13396,74443,87839
1413,2017-03-17,9937,78745,88682
1413,2017-03-18,6598,51615,58213
1413,2017-03-19,2311,36044,38355
1413,2017-03-20,9527,74340,83867
1413,2017-03-21,12348,75114,87462
1413,2017-03-22,11425,77230,88655
1413,2017-03-23,12211,78202,90413
1413,2017-03-24,10276,79407,89683
1413,2017-03-25,5241,50694,55935
1413,2017-03-27,12488,75075,87563
1413,2017-03-28,12312,78103,90415
1413,2017-03-29,11882,74577,86459
1413,2017-03-30,12157,78787,90944
1413,2017-03-31,11307,79369,90676
1413,2017-04-01,4658,57497,62155
1413,2017-04-02,2345,45573,47918
1413,2017-04-03,11260,74683,85943
1413,2017-04-04,11292,78341,89633
1413,2017-04-05,11657,79140,90797
1413,2017-04-06,11030,80149,91179
1413,2017-04-07,12647,74989,87636
1413,2017-04-08,6149,56059,62208
1413,2017-04-09,2637,44420,47057
1413,2017-04-10,10589,74218,84807
1413,2017-04-11,10447,62590,73037
1413,2017-04-12,12079,75388,87467
1413,2017-04-13,10974,74929,85903
1413,2017-04-14,9228,73334,82562
1413,2017-04-15,3882,48106,51988
1413,2017-04-16,1580,36640,38220
1413,2017-04-17,2621,35222,37843
1413,2017-04-18,9526,66680,76206
1413,2017-04-19,10399,68329,78728
1413,2017-04-20,12614,72342,84956
1413,2017-04-21,11587,74631,86218
1413,2017-04-22,4872,42376,47248
1413,2017-04-23,2653,41982,44635
1413,2017-04-24,11629,75854,87483
1413,2017-04-25,11164,77420,88584
1413,2017-04-26,11301,77988,89289
1413,2017-04-27,11511,78510,90021
1413,2017-04-28,10605,80282,90887
1413,2017-04-29,5366,54103,59469
1413,2017-04-30,2180,43861,46041
1413,2017-05-01,2503,36476,38979
1413,2017-05-02,11076,77214,88290
1413,2017-05-03,12665,72891,85556
1413,2017-05-04,11451,78718,90169
1413,2017-05-05,11070,79892,90962
1413,2017-05-06,6222,55138,61360
1413,2017-05-07,2562,40646,43208
1413,2017-05-08,8200,78551,86751
1413,2017-05-09,12474,77731,90205
1413,2017-05-10,12839,76183,89022
1413,2017-05-11,11251,77249,88500
1413,2017-05-12,12453,77211,89664
1413,2017-05-13,4873,40034,44907
1413,2017-05-14,2213,33305,35518
1413,2017-05-15,12643,74506,87149
1413,2017-05-16,12571,75865,88436
1413,2017-05-17,12235,75879,88114
1413,2017-05-18,11607,79779,91386
1413,2017-06-16,11422,77482,88904
1413,2017-06-17,5483,43840,49323
1413,2017-06-18,2795,37492,40287
1413,2017-06-19,12295,76266,88561
1413,2017-06-20,12422,72854,85276
1413,2017-06-21,12074,75710,87784
1413,2017-06-23,5373,45391,50764
1413,2017-06-24,5243,50632,55875
1413,2017-06-25,2458,43305,45763
1413,2017-06-26,12059,72504,84563
1413,2017-06-27,13205,74496,87701
1413,2017-06-28,13544,73357,86901
1413,2017-06-29,11703,77920,89623
1413,2017-06-30,10635,78076,88711
1413,2017-07-01,6743,38959,45702
1413,2017-07-02,1676,19984,21660
1413,2017-07-03,11154,72697,83851
1413,2017-07-04,11999,75335,87334
1413,2017-07-05,12700,75922,88622
1413,2017-07-06,11939,77746,89685
1413,2017-07-07,12534,78106,90640
1413,2017-07-08,5906,59493,65399
1413,2017-07-09,2621,46098,48719
1413,2017-07-10,12225,75560,87785
1413,2017-07-11,13022,74129,87151
1413,2017-07-12,13628,73871,87499
1413,2017-07-13,13264,77876,91140
1413,2017-07-14,10323,82097,92420
1413,2017-07-15,5831,61435,67266
1413,2017-07-16,2860,46465,49325
1413,2017-07-17,12266,76194,88460
1413,2017-07-18,12399,74577,86976
1413,2017-07-19,12008,75341,87349
1413,2017-07-20,11979,75157,87136
1413,2017-07-21,11135,75346,86481
1413,2017-07-22,5418,54632,60050
1413,2017-07-23,2715,43323,46038
1413,2017-07-24,12306,71369,83675
1413,2017-07-25,11882,74432,86314
1413,2017-07-26,11274,72413,83687
1413,2017-07-27,12149,73607,85756
1413,2017-07-28,9511,70694,80205
1413,2017-07-29,4478,50704,55182
1413,2017-07-30,3288,40983,44271
1413,2017-07-31,8664,68724,77388
1413,2017-08-01,10496,65837,76333
1413,2017-08-02,8391,64446,72837
1413,2017-08-03,7628,63704,71332
1413,2017-08-04,7964,68473,76437
1413,2017-08-05,3986,50492,54478
1413,2017-08-06,2796,41970,44766
1413,2017-08-07,8905,64764,73669
1413,2017-08-08,9641,66326,75967
1413,2017-08-09,8077,64026,72103
1413,2017-08-10,8516,62821,71337
1413,2017-08-11,8082,66243,74325
1413,2017-08-12,4677,46164,50841
1413,2017-08-13,2646,37386,40032
1413,2017-08-14,7129,57628,64757
1413,2017-08-15,2710,35243,37953
1413,2017-08-16,7893,63156,71049
1413,2017-08-17,7094,61003,68097
1413,2017-08-18,10198,63580,73778
1413,2017-08-19,4312,46677,50989
1413,2017-08-20,2398,39298,41696
1413,2017-08-21,8870,69198,78068
1413,2017-08-22,9667,64312,73979
1413,2017-08-23,10770,69236,80006
1413,2017-08-24,10001,70866,80867
1413,2017-08-25,10463,70863,81326
1413,2017-08-26,4847,49080,53927
1413,2017-08-27,2801,39534,42335
1413,2017-08-28,11422,70194,81616
1413,2017-08-29,10070,66047,76117
1413,2017-08-30,9602,69048,78650
1413,2017-08-31,10854,66395,77249
1413,2017-09-01,11000,70085,81085
1413,2017-09-02,5631,50892,56523
1413,2017-09-03,2780,44033,46813
1413,2017-09-04,10218,70601,80819
1413,2017-09-05,11265,73343,84608
1413,2017-09-06,11682,71914,83596
1413,2017-09-07,10336,69436,79772
1413,2017-09-08,10561,75292,85853
1413,2017-09-09,6679,51876,58555
1413,2017-09-10,2997,40035,43032
1413,2017-09-11,11919,74310,86229
1413,2017-09-12,13037,74937,87974
1413,2017-09-13,12900,74176,87076
1413,2017-09-14,13129,75023,88152
1413,2017-09-15,13132,76265,89397
1413,2017-09-16,6347,56879,63226
1413,2017-09-17,2702,43449,46151
1413,2017-09-18,10746,72107,82853
1413,2017-09-19,11664,76631,88295
1413,2017-09-20,12883,76856,89739
1413,2017-09-21,13026,77146,90172
1413,2017-09-22,12160,78374,90534
1413,2017-09-23,6057,58150,64207
1413,2017-09-24,3064,44272,47336
1413,2017-09-25,12787,72833,85620
1413,2017-09-26,12224,77344,89568
1413,2017-09-27,13432,75815,89247
1413,2017-09-28,11604,79052,90656
1413,2017-09-29,11779,77005,88784
1413,2017-09-30,8050,49771,57821
1413,2017-10-01,3118,42390,45508
1413,2017-10-02,11327,74728,86055
1413,2017-10-03,8851,74800,83651
1413,2017-10-04,11186,77405,88591
1413,2017-10-05,12348,76184,88532
1413,2017-10-06,11970,73226,85196
1413,2017-10-08,2514,39624,42138
1413,2017-10-09,10844,75823,86667
1413,2017-10-10,11849,73466,85315
1413,2017-10-11,11438,76164,87602
1413,2017-10-12,12036,78839,90875
1413,2017-10-13,11450,79112,90562
1413,2017-10-14,6505,55698,62203
1413,2017-10-15,2882,47486,50368
1413,2017-10-16,11992,70991,82983
1413,2017-10-17,12227,75543,87770
1413,2017-10-18,13590,71294,84884
1413,2017-10-19,13689,77479,91168
1413,2017-10-20,12967,76031,88998
1413,2017-10-21,6437,56190,62627
1413,2017-10-22,3325,42980,46305
1413,2017-10-23,12697,72247,84944
1413,2017-10-24,13770,72942,86712
1413,2017-10-25,12481,76329,88810
1413,2017-10-26,12672,77653,90325
1413,2017-10-27,13289,75310,88599
1413,2017-10-28,5192,57299,62491
1413,2017-10-29,2704,41269,43973
1413,2017-10-30,10985,70525,81510
1413,2017-10-31,8826,72510,81336
1413,2017-11-01,2559,39814,42373
1413,2017-11-02,9838,68199,78037
1413,2017-11-03,10076,66743,76819
1413,2017-11-04,4640,40231,44871
1413,2017-11-05,2327,37794,40121
1413,2017-11-06,11568,70848,82416
1413,2017-11-07,12589,69014,81603
1413,2017-11-08,13171,69259,82430
1413,2017-11-09,13011,74751,87762
1413,2017-11-10,13303,74733,88036
1413,2017-11-11,5385,54019,59404
1413,2017-11-12,2612,36675,39287
1413,2017-11-13,11620,74680,86300
1413,2017-11-14,12594,75302,87896
1413,2017-11-15,12498,77368,89866
1413,2017-11-16,12745,77593,90338
1413,2017-11-17,13451,73396,86847
1413,2017-11-18,6176,52361,58537
1413,2017-11-19,2463,41601,44064
1413,2017-11-20,13766,71761,85527
1413,2017-11-21,13334,73763,87097
1413,2017-11-22,16005,67673,83678
1413,2017-11-23,11665,75594,87259
1413,2017-11-24,12597,73906,86503
1413,2017-11-25,6500,53618,60118
1413,2017-11-26,2236,40213,42449
1413,2017-11-27,12337,72466,84803
1413,2017-11-28,12033,68918,80951
1413,2017-11-29,12874,73541,86415
1413,2017-11-30,12738,73672,86410
1413,2017-12-01,11592,72241,83833
1413,2017-12-02,7771,52197,59968
1413,2017-12-03,2509,38359,40868
1413,2017-12-04,13199,71514,84713
1413,2017-12-05,14378,70039,84417
1413,2017-12-06,13803,71584,85387
1413,2017-12-07,13904,71939,85843
1413,2017-12-08,12229,69981,82210
1413,2017-12-09,5368,55023,60391
1413,2017-12-10,1954,31542,33496
1413,2017-12-11,12563,66657,79220
1413,2017-12-12,11915,73742,85657
1413,2017-12-13,11843,67286,79129
1413,2017-12-14,13462,73853,87315
1413,2017-12-15,13032,74451,87483
1413,2017-12-16,5685,52718,58403
1413,2017-12-17,2697,38238,40935
1413,2017-12-18,10210,66045,76255
1413,2017-12-19,11834,58145,69979
1413,2017-12-20,12086,68975,81061
1413,2017-12-21,12763,68457,81220
1413,2017-12-22,10323,67458,77781
1413,2017-12-23,4103,43610,47713
1413,2017-12-24,2555,28770,31325
1413,2017-12-25,2237,26324,28561
1413,2017-12-26,2399,29346,31745
1413,2017-12-27,7035,53688,60723
1413,2017-12-28,6679,56027,62706
1413,2017-12-29,5393,53011,58404
1413,2017-12-30,3450,41776,45226
1413,2017-12-31,1926,28681,30607
1414,2017-01-01,9576,25278,34854
1414,2017-01-02,14924,47125,62049
1414,2017-01-03,18277,42750,61027
1414,2017-01-04,18403,40561,58964
1414,2017-01-05,15455,39339,54794
1414,2017-01-06,15069,45358,60427
1414,2017-01-07,9724,41364,51088
1414,2017-01-08,7207,29560,36767
1414,2017-01-09,14967,40022,54989
1414,2017-01-10,17972,33623,51595
1414,2017-01-12,17582,40415,57997
1414,2017-01-13,15495,40163,55658
1414,2017-01-14,11357,33167,44524
1414,2017-01-15,6745,23997,30742
1414,2017-01-16,16044,39714,55758
1414,2017-01-17,13956,41570,55526
1414,2017-01-18,15468,40064,55532
1414,2017-01-19,15217,41659,56876
1414,2017-01-20,14690,44083,58773
1414,2017-01-21,10220,36636,46856
1414,2017-01-22,6498,24649,31147
1414,2017-01-23,13494,41459,54953
1414,2017-01-24,17730,39367,57097
1414,2017-01-25,14570,42529,57099
1414,2017-01-26,14712,45792,60504
1414,2017-01-27,15137,49898,65035
1414,2017-01-28,10539,43370,53909
1414,2017-01-29,9283,28261,37544
1414,2017-01-30,17634,37888,55522
1414,2017-02-01,18927,41669,60596
1414,2017-02-02,16814,42087,58901
1414,2017-02-04,14295,37383,51678
1414,2017-02-05,9434,25785,35219
1414,2017-02-06,14716,39754,54470
1414,2017-02-07,17935,39716,57651
1414,2017-02-08,17980,37072,55052
1414,2017-02-09,14382,39152,53534
1414,2017-02-10,14113,48636,62749
1414,2017-02-11,14373,37826,52199
1414,2017-02-12,7927,27090,35017
1414,2017-02-14,13407,40065,53472
1414,2017-02-15,13018,38846,51864
1414,2017-02-16,17457,42155,59612
1414,2017-02-17,15403,36965,52368
1414,2017-02-18,11061,37282,48343
1414,2017-02-19,6369,26046,32415
1414,2017-02-20,18754,42794,61548
1414,2017-02-21,18493,38094,56587
1414,2017-02-22,17465,40409,57874
1414,2017-02-23,17883,40356,58239
1414,2017-02-24,15847,44604,60451
1414,2017-02-25,17181,48614,65795
1414,2017-02-26,7882,31435,39317
1414,2017-02-27,14094,40772,54866
1414,2017-03-01,19012,37976,56988
1414,2017-03-02,13537,39113,52650
1414,2017-03-03,13006,43569,56575
1414,2017-03-04,12215,48495,60710
1414,2017-03-05,10680,34196,44876
1414,2017-03-07,13908,40023,53931
1414,2017-03-08,17201,38209,55410
1414,2017-03-09,15525,40507,56032
1414,2017-03-10,13930,43487,57417
1414,2017-03-11,8941,44332,53273
1414,2017-03-12,5388,33636,39024
1414,2017-03-13,11897,42814,54711
1414,2017-03-14,13040,40037,53077
1414,2017-03-15,13084,41781,54865
1414,2017-03-16,13657,42617,56274
1414,2017-03-17,13233,50125,63358
1414,2017-03-18,12621,41499,54120
1414,2017-03-19,7902,29383,37285
1414,2017-03-20,14155,45317,59472
1414,2017-03-21,16337,40284,56621
1414,2017-03-22,14610,46588,61198
1414,2017-03-23,13905,45292,59197
1414,2017-03-24,13438,47678,61116
1414,2017-03-25,8858,42953,51811
1414,2017-03-28,12015,42041,54056
1414,2017-03-29,13129,45770,58899
1414,2017-03-30,13130,43730,56860
1414,2017-03-31,13103,49324,62427
1414,2017-04-01,11290,47444,58734
1414,2017-04-02,6528,37252,43780
1414,2017-04-03,12311,45148,57459
1414,2017-04-04,12317,45286,57603
1414,2017-04-05,12715,45497,58212
1414,2017-04-06,13173,47345,60518
1414,2017-04-07,14519,50534,65053
1414,2017-04-08,13466,64976,78442
1414,2017-04-09,7090,41862,48952
1414,2017-04-10,12180,47269,59449
1414,2017-04-11,12897,47092,59989
1414,2017-04-12,12596,49461,62057
1414,2017-04-13,13334,52143,65477
1414,2017-04-15,9152,46388,55540
1414,2017-04-16,5249,34437,39686
1414,2017-04-17,7773,37136,44909
1414,2017-04-18,11722,48035,59757
1414,2017-04-19,12466,46899,59365
1414,2017-04-20,12934,41959,54893
1414,2017-04-22,10705,45025,55730
1414,2017-04-23,6171,35932,42103
1414,2017-04-24,11791,45953,57744
1414,2017-04-25,11527,48087,59614
1414,2017-04-26,12029,52313,64342
1414,2017-04-27,12615,53787,66402
1414,2017-04-28,11692,54042,65734
1414,2017-04-29,8633,53150,61783
1414,2017-04-30,5470,39666,45136
1414,2017-05-01,5089,35248,40337
1414,2017-05-02,10849,51045,61894
1414,2017-05-03,12224,50078,62302
1414,2017-05-04,12783,50664,63447
1414,2017-05-05,12148,57317,69465
1414,2017-05-06,9559,50596,60155
1414,2017-05-07,5965,36406,42371
1414,2017-05-08,7233,62261,69494
1414,2017-05-09,12485,50745,63230
1414,2017-05-10,12997,46760,59757
1414,2017-05-11,12166,49443,61609
1414,2017-05-12,11944,56021,67965
1414,2017-05-13,8270,44602,52872
1414,2017-05-14,4704,35585,40289
1414,2017-05-15,11065,48893,59958
1414,2017-05-16,11613,49694,61307
1414,2017-06-16,11914,55621,67535
1414,2017-06-17,8928,49051,57979
1414,2017-06-18,6044,40070,46114
1414,2017-06-19,11763,48929,60692
1414,2017-06-20,11767,49901,61668
1414,2017-06-21,12158,51056,63214
1414,2017-06-22,12301,54512,66813
1414,2017-06-23,9728,43786,53514
1414,2017-06-24,8504,47371,55875
1414,2017-06-25,5984,42168,48152
1414,2017-06-26,11739,50313,62052
1414,2017-06-27,15785,45537,61322
1414,2017-06-28,16020,47907,63927
1414,2017-06-29,13189,54683,67872
1414,2017-06-30,14296,60789,75085
1414,2017-07-01,18351,50404,68755
1414,2017-07-02,9297,44068,53365
1414,2017-07-03,13196,53339,66535
1414,2017-07-04,12348,52438,64786
1414,2017-07-06,13123,54313,67436
1414,2017-07-07,14720,58362,73082
1414,2017-07-08,11385,59235,70620
1414,2017-07-09,9710,48597,58307
1414,2017-07-10,14782,50838,65620
1414,2017-07-11,15309,40612,55921
1414,2017-07-12,16077,47783,63860
1414,2017-07-13,15486,55623,71109
1414,2017-07-14,12247,72254,84501
1414,2017-07-15,13869,63051,76920
1414,2017-07-16,11594,52409,64003
1414,2017-07-17,13683,58120,71803
1414,2017-07-18,12389,55351,67740
1414,2017-07-19,13264,55789,69053
1414,2017-07-20,16109,55853,71962
1414,2017-07-21,14920,61673,76593
1414,2017-07-22,13187,61357,74544
1414,2017-07-23,10823,53768,64591
1414,2017-07-24,17018,51575,68593
1414,2017-07-25,16942,52368,69310
1414,2017-07-26,14934,57386,72320
1414,2017-07-27,19685,53684,73369
1414,2017-07-28,15366,72317,87683
1414,2017-07-29,11278,63901,75179
1414,2017-07-30,10193,54883,65076
1414,2017-07-31,13712,63554,77266
1414,2017-08-01,16741,51210,67951
1414,2017-08-02,13400,59010,72410
1414,2017-08-03,13576,62940,76516
1414,2017-08-05,10799,60563,71362
1414,2017-08-06,10183,50832,61015
1414,2017-08-07,12723,59962,72685
1414,2017-08-08,15898,57472,73370
1414,2017-08-09,12693,58649,71342
1414,2017-08-10,15968,60218,76186
1414,2017-08-11,17517,63270,80787
1414,2017-08-12,10692,60481,71173
1414,2017-08-13,9167,47301,56468
1414,2017-08-14,11428,56379,67807
1414,2017-08-15,7434,39418,46852
1414,2017-08-16,13863,58854,72717
1414,2017-08-17,13549,58676,72225
1414,2017-08-18,18927,57180,76107
1414,2017-08-19,11692,54675,66367
1414,2017-08-20,8004,47437,55441
1414,2017-08-21,11936,58104,70040
1414,2017-08-22,13159,55441,68600
1414,2017-08-23,13825,56744,70569
1414,2017-08-24,13931,58305,72236
1414,2017-08-25,15821,60284,76105
1414,2017-08-26,11500,54804,66304
1414,2017-08-27,9034,44824,53858
1414,2017-08-28,14382,51156,65538
1414,2017-08-29,13810,47290,61100
1414,2017-08-30,14012,53172,67184
1414,2017-09-02,10088,47559,57647
1414,2017-09-03,7733,40422,48155
1414,2017-09-04,11859,47007,58866
1414,2017-09-05,11015,45257,56272
1414,2017-09-06,11620,44800,56420
1414,2017-09-07,12108,44673,56781
1414,2017-09-08,11997,51303,63300
1414,2017-09-09,11753,45530,57283
1414,2017-09-10,6964,38132,45096
1414,2017-09-11,12163,42816,54979
1414,2017-09-12,13227,41017,54244
1414,2017-09-13,15963,36869,52832
1414,2017-09-14,15209,39636,54845
1414,2017-09-15,14958,46043,61001
1414,2017-09-16,11154,44308,55462
1414,2017-09-17,8598,35343,43941
1414,2017-09-18,12900,38437,51337
1414,2017-09-19,12118,36555,48673
1414,2017-09-20,12820,39911,52731
1414,2017-09-21,12415,39716,52131
1414,2017-09-22,12261,44322,56583
1414,2017-09-23,9152,40791,49943
1414,2017-09-24,6394,32830,39224
1414,2017-09-25,11287,38213,49500
1414,2017-09-26,11681,38421,50102
1414,2017-09-27,12158,38651,50809
1414,2017-09-28,11941,43798,55739
1414,2017-09-29,12530,45316,57846
1414,2017-09-30,10232,19611,29843
1414,2017-10-02,14357,40132,54489
1414,2017-10-03,11129,39388,50517
1414,2017-10-04,11349,40541,51890
1414,2017-10-05,14664,38246,52910
1414,2017-10-06,12922,43341,56263
1414,2017-10-07,8075,39131,47206
1414,2017-10-08,5711,32639,38350
1414,2017-10-09,11386,44444,55830
1414,2017-10-10,12712,39222,51934
1414,2017-10-11,12261,38827,51088
1414,2017-10-12,12642,42572,55214
1414,2017-10-13,12792,44244,57036
1414,2017-10-14,9593,38624,48217
1414,2017-10-15,5839,32379,38218
1414,2017-10-16,10562,35085,45647
1414,2017-10-17,11120,36973,48093
1414,2017-10-18,11130,31890,43020
1414,2017-10-19,12295,37344,49639
1414,2017-10-20,13022,42485,55507
1414,2017-10-21,13683,37808,51491
1414,2017-10-22,9707,31344,41051
1414,2017-10-23,14051,37099,51150
1414,2017-10-24,16023,35359,51382
1414,2017-10-25,13022,37468,50490
1414,2017-10-26,15247,38891,54138
1414,2017-10-27,11948,45603,57551
1414,2017-10-28,8861,42827,51688
1414,2017-10-31,11986,47406,59392
1414,2017-11-01,5267,31762,37029
1414,2017-11-02,12254,50218,62472
1414,2017-11-03,12342,51169,63511
1414,2017-11-04,8609,43532,52141
1414,2017-11-05,5725,36260,41985
1414,2017-11-06,10505,37696,48201
1414,2017-11-07,12306,40283,52589
1414,2017-11-08,14659,37202,51861
1414,2017-11-09,13156,40939,54095
1414,2017-11-10,14098,44114,58212
1414,2017-11-11,9560,42188,51748
1414,2017-11-12,6597,28713,35310
1414,2017-11-13,11365,43336,54701
1414,2017-11-14,12299,41315,53614
1414,2017-11-15,12972,42499,55471
1414,2017-11-16,13928,43511,57439
1414,2017-11-17,13988,47296,61284
1414,2017-11-18,8213,39907,48120
1414,2017-11-19,5822,28353,34175
1414,2017-11-20,12953,40338,53291
1414,2017-11-21,14020,37264,51284
1414,2017-11-22,13134,39864,52998
1414,2017-11-23,12962,41333,54295
1414,2017-11-24,13558,43256,56814
1414,2017-11-25,10462,36741,47203
1414,2017-11-26,5309,29566,34875
1414,2017-11-27,14655,37917,52572
1414,2017-11-28,12976,37243,50219
1414,2017-11-29,13606,34571,48177
1414,2017-11-30,15024,36552,51576
1414,2017-12-01,16309,39498,55807
1414,2017-12-02,10959,33645,44604
1414,2017-12-03,5750,31507,37257
1414,2017-12-04,16079,36579,52658
1414,2017-12-05,16574,36114,52688
1414,2017-12-06,16020,39916,55936
1414,2017-12-07,14676,31556,46232
1414,2017-12-08,15442,40394,55836
1414,2017-12-09,9032,40833,49865
1414,2017-12-10,6172,23962,30134
1414,2017-12-11,13337,31959,45296
1414,2017-12-13,14340,33230,47570
1414,2017-12-14,16820,36827,53647
1414,2017-12-15,16164,37843,54007
1414,2017-12-16,13080,36993,50073
1414,2017-12-17,7679,33542,41221
1414,2017-12-18,14507,38083,52590
1414,2017-12-19,14115,40481,54596
1414,2017-12-20,14866,44137,59003
1414,2017-12-21,17024,46587,63611
1414,2017-12-22,16322,51215,67537
1414,2017-12-23,12184,44303,56487
1414,2017-12-24,6681,23230,29911
1414,2017-12-25,5997,21652,27649
1414,2017-12-26,8183,30979,39162
1414,2017-12-27,12438,40683,53121
1414,2017-12-28,10627,44514,55141
1414,2017-12-29,13283,43445,56728
1414,2017-12-30,11401,45499,56900
1420,2017-01-01,1045,25133,26178
1420,2017-01-02,4316,40391,44707
1420,2017-01-03,5601,37848,43449
1420,2017-01-04,6356,35792,42148
1420,2017-01-05,6350,37952,44302
1420,2017-01-06,6060,41917,47977
1420,2017-01-07,3387,35935,39322
1420,2017-01-08,1899,25102,27001
1420,2017-01-09,6494,34348,40842
1420,2017-01-10,7468,32697,40165
1420,2017-01-11,8143,33297,41440
1420,2017-01-12,7690,35649,43339
1420,2017-01-13,6368,28726,35094
1420,2017-01-14,4276,28957,33233
1420,2017-01-15,1843,21769,23612
1420,2017-01-16,6975,35000,41975
1420,2017-01-17,8054,35926,43980
1420,2017-01-18,8283,36569,44852
1420,2017-01-19,7882,39906,47788
1420,2017-01-20,7200,40004,47204
1420,2017-01-21,4406,36088,40494
1420,2017-01-22,1753,22540,24293
1420,2017-01-23,7074,38189,45263
1420,2017-01-24,8402,35223,43625
1420,2017-01-25,8029,37601,45630
1420,2017-01-26,7376,39658,47034
1420,2017-01-27,7162,46359,53521
1420,2017-01-28,4499,37968,42467
1420,2017-01-29,2498,24295,26793
1420,2017-01-30,7873,34950,42823
1420,2017-01-31,8562,37829,46391
1420,2017-02-01,8767,37186,45953
1420,2017-02-02,8170,38679,46849
1420,2017-02-03,7668,41779,49447
1420,2017-02-04,6082,35440,41522
1420,2017-02-05,1871,22669,24540
1420,2017-02-06,7061,38280,45341
1420,2017-02-07,8197,36249,44446
1420,2017-02-08,8276,37956,46232
1420,2017-02-09,8034,40025,48059
1420,2017-02-10,7278,46205,53483
1420,2017-02-11,4643,35033,39676
1420,2017-02-12,1903,23378,25281
1420,2017-02-13,7481,40126,47607
1420,2017-02-14,8575,38102,46677
1420,2017-02-15,8737,38507,47244
1420,2017-02-16,8740,40179,48919
1420,2017-02-17,7729,46566,54295
1420,2017-02-18,4675,37017,41692
1420,2017-02-19,1699,25248,26947
1420,2017-02-20,7603,40168,47771
1420,2017-02-21,8571,37729,46300
1420,2017-02-22,8826,38752,47578
1420,2017-02-23,8285,41500,49785
1420,2017-02-24,7954,58773,66727
1420,2017-02-25,5285,52192,57477
1420,2017-02-26,2121,30499,32620
1420,2017-02-27,6934,36898,43832
1420,2017-02-28,8558,36117,44675
1420,2017-03-01,9329,36694,46023
1420,2017-03-02,8086,40745,48831
1420,2017-03-03,7259,48722,55981
1420,2017-03-04,4906,53100,58006
1420,2017-03-05,2974,30337,33311
1420,2017-03-06,7141,38434,45575
1420,2017-03-07,8297,36957,45254
1420,2017-03-08,8857,37851,46708
1420,2017-03-09,8942,39140,48082
1420,2017-03-10,7762,46124,53886
1420,2017-03-11,4670,40146,44816
1420,2017-03-12,1831,27364,29195
1420,2017-03-13,7606,40867,48473
1420,2017-03-14,8326,38703,47029
1420,2017-03-15,8861,40390,49251
1420,2017-03-16,8623,41823,50446
1420,2017-03-17,7405,48812,56217
1420,2017-03-18,4994,38986,43980
1420,2017-03-19,1966,25186,27152
1420,2017-03-20,7367,41746,49113
1420,2017-03-21,8432,38259,46691
1420,2017-03-22,8539,40896,49435
1420,2017-03-23,8393,42269,50662
1420,2017-03-24,7539,48930,56469
1420,2017-03-25,5089,37147,42236
1420,2017-03-27,9253,38331,47584
1420,2017-03-28,8866,39449,48315
1420,2017-03-29,9136,39053,48189
1420,2017-03-30,8407,38882,47289
1420,2017-03-31,8293,52018,60311
1420,2017-04-01,5139,49145,54284
1420,2017-04-02,3053,32003,35056
1420,2017-04-03,8555,41545,50100
1420,2017-04-04,9070,39174,48244
1420,2017-04-05,8993,40781,49774
1420,2017-04-06,9080,44196,53276
1420,2017-04-07,9107,49660,58767
1420,2017-04-08,6069,53489,59558
1420,2017-04-09,3914,34223,38137
1420,2017-04-10,9098,43553,52651
1420,2017-04-11,8894,42406,51300
1420,2017-04-12,8742,44606,53348
1420,2017-04-13,8513,48092,56605
1420,2017-04-14,7350,49406,56756
1420,2017-04-15,3807,41546,45353
1420,2017-04-16,1318,28059,29377
1420,2017-04-17,2495,36350,38845
1420,2017-04-18,7940,45622,53562
1420,2017-04-19,8705,43653,52358
1420,2017-04-20,10433,44053,54486
1420,2017-04-21,8825,50900,59725
1420,2017-04-22,5724,40941,46665
1420,2017-04-23,3006,29101,32107
1420,2017-04-24,8334,41189,49523
1420,2017-04-25,8297,43175,51472
1420,2017-04-26,8370,43497,51867
1420,2017-04-27,8165,42674,50839
1420,2017-04-28,7838,52044,59882
1420,2017-04-29,5984,42634,48618
1420,2017-04-30,2262,29198,31460
1420,2017-05-01,2746,29753,32499
1420,2017-05-02,8030,42194,50224
1420,2017-05-03,8990,38451,47441
1420,2017-05-04,8592,43968,52560
1420,2017-05-05,8018,51654,59672
1420,2017-05-06,5850,40218,46068
1420,2017-05-07,2100,27241,29341
1420,2017-05-08,5855,45535,51390
1420,2017-05-09,8739,40431,49170
1420,2017-05-10,9536,39932,49468
1420,2017-05-11,8586,44112,52698
1420,2017-05-12,7930,48357,56287
1420,2017-05-13,5403,33893,39296
1420,2017-05-14,2318,26045,28363
1420,2017-05-15,8217,41618,49835
1420,2017-05-17,8820,39385,48205
1420,2017-05-18,8295,43819,52114
1420,2017-06-16,8382,50742,59124
1420,2017-06-17,5007,38008,43015
1420,2017-06-18,2925,31571,34496
1420,2017-06-19,8122,43555,51677
1420,2017-06-21,9251,42215,51466
1420,2017-06-22,8874,44043,52917
1420,2017-06-23,6620,40902,47522
1420,2017-06-24,5616,38940,44556
1420,2017-06-25,2892,37497,40389
1420,2017-06-26,8425,45205,53630
1420,2017-06-27,9699,43254,52953
1420,2017-06-28,9744,44045,53789
1420,2017-06-29,9036,48968,58004
1420,2017-06-30,8374,57732,66106
1420,2017-07-01,6251,49650,55901
1420,2017-07-02,3238,40148,43386
1420,2017-07-03,8069,45627,53696
1420,2017-07-04,8868,43783,52651
1420,2017-07-05,9948,43765,53713
1420,2017-07-07,9107,57122,66229
1420,2017-07-08,6591,52138,58729
1420,2017-07-09,4305,41267,45572
1420,2017-07-10,7735,48670,56405
1420,2017-07-11,8631,44964,53595
1420,2017-07-12,8630,41866,50496
1420,2017-07-13,9371,50776,60147
1420,2017-07-14,6874,54314,61188
1420,2017-07-15,6263,57792,64055
1420,2017-07-17,8579,51452,60031
1420,2017-07-18,9007,46751,55758
1420,2017-07-19,9184,47895,57079
1420,2017-07-20,8932,53825,62757
1420,2017-07-21,7541,58276,65817
1420,2017-07-22,6362,57272,63634
1420,2017-07-23,4453,51043,55496
1420,2017-07-24,8562,51820,60382
1420,2017-07-25,8744,50287,59031
1420,2017-07-26,9164,50663,59827
1420,2017-07-27,9310,53877,63187
1420,2017-07-28,8076,65676,73752
1420,2017-07-29,5819,56507,62326
1420,2017-07-30,4796,50452,55248
1420,2017-07-31,7556,56241,63797
1420,2017-08-01,8135,48841,56976
1420,2017-08-02,8248,50388,58636
1420,2017-08-03,8050,52795,60845
1420,2017-08-04,7680,61686,69366
1420,2017-08-05,5102,53392,58494
1420,2017-08-06,4873,45252,50125
1420,2017-08-07,8688,49757,58445
1420,2017-08-08,8662,48597,57259
1420,2017-08-09,8454,48294,56748
1420,2017-08-10,8613,52476,61089
1420,2017-08-11,8125,62829,70954
1420,2017-08-12,4797,55237,60034
1420,2017-08-13,3978,42875,46853
1420,2017-08-14,7056,48090,55146
1420,2017-08-15,3864,35681,39545
1420,2017-08-16,8041,50312,58353
1420,2017-08-17,8293,49771,58064
1420,2017-08-18,8893,56349,65242
1420,2017-08-19,6050,50183,56233
1420,2017-08-20,3188,41531,44719
1420,2017-08-21,7416,50143,57559
1420,2017-08-22,8886,46084,54970
1420,2017-08-23,10382,45429,55811
1420,2017-08-24,9095,50150,59245
1420,2017-08-25,8863,56794,65657
1420,2017-08-26,5171,48915,54086
1420,2017-08-27,3062,41146,44208
1420,2017-08-28,8364,50387,58751
1420,2017-08-29,9459,46308,55767
1420,2017-08-30,8714,45858,54572
1420,2017-09-12,8926,43760,52686
1420,2017-09-13,9659,41158,50817
1420,2017-09-14,9373,45856,55229
1420,2017-09-15,8579,53182,61761
1420,2017-09-16,5670,44902,50572
1420,2017-09-17,2578,34519,37097
1420,2017-09-18,7709,46029,53738
1420,2017-09-19,8491,40900,49391
1420,2017-09-20,9163,42331,51494
1420,2017-09-21,9036,43611,52647
1420,2017-09-22,8519,49684,58203
1420,2017-09-23,5536,40245,45781
1420,2017-09-24,2687,33269,35956
1420,2017-09-25,8117,43162,51279
1420,2017-09-26,8913,41165,50078
1420,2017-09-27,9516,42531,52047
1420,2017-09-28,8871,45074,53945
1420,2017-09-29,7970,50126,58096
1420,2017-09-30,5409,36852,42261
1420,2017-10-01,2251,29734,31985
1420,2017-10-02,7863,41917,49780
1420,2017-10-03,6811,39208,46019
1420,2017-10-04,8419,40933,49352
1420,2017-10-05,8669,42996,51665
1420,2017-10-06,7465,48975,56440
1420,2017-10-07,4869,36590,41459
1420,2017-10-08,2027,28993,31020
1420,2017-10-09,7411,43955,51366
1420,2017-10-10,8242,41863,50105
1420,2017-10-11,8623,40337,48960
1420,2017-10-12,8291,43447,51738
1420,2017-10-13,7327,47438,54765
1420,2017-10-14,5184,36300,41484
1420,2017-10-15,2162,30145,32307
1420,2017-10-16,7352,42044,49396
1420,2017-10-17,8190,38719,46909
1420,2017-10-18,8746,40713,49459
1420,2017-10-19,8518,42950,51468
1420,2017-10-24,8293,39280,47573
1420,2017-10-25,8635,40382,49017
1420,2017-10-26,8352,44667,53019
1420,2017-10-27,7668,50150,57818
1420,2017-10-28,5121,42942,48063
1420,2017-10-29,2311,32990,35301
1420,2017-10-30,7658,44505,52163
1420,2017-10-31,8071,45340,53411
1420,2017-11-01,2958,27362,30320
1420,2017-11-02,8310,44806,53116
1420,2017-11-03,7535,48037,55572
1420,2017-11-04,4939,39629,44568
1420,2017-11-05,2112,32477,34589
1420,2017-11-06,7217,40402,47619
1420,2017-11-07,8116,37393,45509
1420,2017-11-08,9838,34051,43889
1420,2017-11-09,8543,41276,49819
1420,2017-11-10,7804,42649,50453
1420,2017-11-11,4610,29708,34318
1420,2017-11-12,3044,23316,26360
1420,2017-11-13,7429,41446,48875
1420,2017-11-14,8230,39148,47378
1420,2017-11-15,8682,39871,48553
1420,2017-11-16,8454,39532,47986
1420,2017-11-17,7762,43434,51196
1420,2017-11-18,4638,34455,39093
1420,2017-11-19,1854,25016,26870
1420,2017-11-20,7202,36554,43756
1420,2017-11-21,8261,36330,44591
1420,2017-11-22,8801,39205,48006
1420,2017-11-23,7994,40382,48376
1420,2017-11-24,7357,41807,49164
1420,2017-11-25,4973,34216,39189
1420,2017-11-26,1841,26314,28155
1420,2017-11-27,7763,36099,43862
1420,2017-11-28,7506,35726,43232
1420,2017-11-29,8788,37132,45920
1420,2017-11-30,8282,37937,46219
1420,2017-12-01,7454,39742,47196
1420,2017-12-02,5287,34848,40135
1420,2017-12-03,2288,25243,27531
1420,2017-12-04,7750,37544,45294
1420,2017-12-05,8718,36714,45432
1420,2017-12-06,9177,40145,49322
1420,2017-12-07,8331,36907,45238
1420,2017-12-08,8064,42837,50901
1420,2017-12-09,4873,35330,40203
1420,2017-12-10,2059,21339,23398
1420,2017-12-11,6607,35485,42092
1420,2017-12-12,8191,36946,45137
1420,2017-12-13,7892,30801,38693
1420,2017-12-14,8491,39073,47564
1420,2017-12-15,7893,40179,48072
1420,2017-12-16,5215,36689,41904
1420,2017-12-17,2252,29108,31360
1420,2017-12-18,6669,37194,43863
1420,2017-12-19,7561,37914,45475
1420,2017-12-20,7985,42281,50266
1420,2017-12-21,7242,44315,51557
1420,2017-12-22,5717,55669,61386
1420,2017-12-23,2959,45831,48790
1420,2017-12-24,941,20033,20974
1420,2017-12-25,936,18790,19726
1420,2017-12-26,2699,31966,34665
1420,2017-12-27,4904,41540,46444
1420,2017-12-28,4664,42659,47323
1420,2017-12-29,3789,39870,43659
1420,2017-12-30,2671,45038,47709
1420,2017-12-31,813,20297,21110
1429,2017-01-01,692,29797,30489
1429,2017-01-02,3731,60115,63846
1429,2017-01-03,4668,71022,75690
1429,2017-01-04,5044,71762,76806
1429,2017-01-05,5162,74259,79421
1429,2017-01-06,5199,77003,82202
1429,2017-01-07,2649,48141,50790
1429,2017-01-08,797,37297,38094
1429,2017-01-09,5359,79256,84615
1429,2017-01-10,5753,80689,86442
1429,2017-01-11,6201,83696,89897
1429,2017-01-12,6170,84846,91016
1429,2017-01-13,5439,71245,76684
1429,2017-01-14,3022,57497,60519
1429,2017-01-15,1022,42292,43314
1429,2017-01-16,6174,83969,90143
1429,2017-01-17,6467,87083,93550
1429,2017-01-18,6545,84958,91503
1429,2017-01-19,6224,86893,93117
1429,2017-01-20,6187,87608,93795
1429,2017-01-21,2859,57876,60735
1429,2017-01-22,1008,38848,39856
1429,2017-01-23,6070,83331,89401
1429,2017-01-24,6380,84938,91318
1429,2017-01-25,6633,87552,94185
1429,2017-01-26,6524,88404,94928
1429,2017-01-27,6335,89978,96313
1429,2017-01-28,3048,55545,58593
1429,2017-01-29,965,39722,40687
1429,2017-01-30,6006,82611,88617
1429,2017-01-31,6420,87483,93903
1429,2017-02-01,6733,86165,92898
1429,2017-02-02,6307,89535,95842
1429,2017-02-03,6082,85517,91599
1429,2017-02-04,2911,58893,61804
1429,2017-02-05,890,41387,42277
1429,2017-02-06,6106,86467,92573
1429,2017-02-07,6449,82744,89193
1429,2017-02-08,6856,86544,93400
1429,2017-02-09,6450,86725,93175
1429,2017-02-10,6747,91206,97953
1429,2017-02-11,2972,58272,61244
1429,2017-02-12,917,40736,41653
1429,2017-02-13,6516,85861,92377
1429,2017-02-14,6230,81609,87839
1429,2017-02-15,6999,87655,94654
1429,2017-02-16,6593,87867,94460
1429,2017-02-17,6632,87754,94386
1429,2017-02-18,3036,55463,58499
1429,2017-02-19,959,38571,39530
1429,2017-02-20,5835,74094,79929
1429,2017-02-21,6737,82118,88855
1429,2017-02-22,6849,82412,89261
1429,2017-02-23,6652,82553,89205
1429,2017-02-24,6435,82950,89385
1429,2017-02-25,2970,57705,60675
1429,2017-02-26,938,40821,41759
1429,2017-02-27,5756,81509,87265
1429,2017-02-28,6435,85536,91971
1429,2017-03-01,6889,88198,95087
1429,2017-03-02,6675,91266,97941
1429,2017-03-03,6527,93634,100161
1429,2017-03-04,3103,62377,65480
1429,2017-03-05,1062,44642,45704
1429,2017-03-06,6460,86995,93455
1429,2017-03-07,6707,87535,94242
1429,2017-03-08,7020,86913,93933
1429,2017-03-09,6643,86397,93040
1429,2017-03-10,6532,88868,95400
1429,2017-03-11,3053,62963,66016
1429,2017-03-12,1122,47202,48324
1429,2017-03-13,6428,87452,93880
1429,2017-03-14,6917,89951,96868
1429,2017-03-15,6934,86223,93157
1429,2017-03-16,6372,89505,95877
1429,2017-03-17,6763,94188,100951
1429,2017-03-18,3264,61920,65184
1429,2017-03-19,1021,42458,43479
1429,2017-03-20,6378,87300,93678
1429,2017-03-21,6641,89933,96574
1429,2017-03-22,7097,92607,99704
1429,2017-03-23,6816,93244,100060
1429,2017-03-24,6849,94683,101532
1429,2017-03-25,3359,68965,72324
1429,2017-03-27,6650,88562,95212
1429,2017-03-28,6901,92515,99416
1429,2017-03-29,7070,90294,97364
1429,2017-03-30,6586,93596,100182
1429,2017-03-31,6465,93816,100281
1429,2017-04-01,3256,66176,69432
1429,2017-04-02,1159,52474,53633
1429,2017-04-03,6549,87734,94283
1429,2017-04-04,6838,92676,99514
1429,2017-04-05,7118,93646,100764
1429,2017-04-06,6680,94707,101387
1429,2017-04-07,6685,90827,97512
1429,2017-04-08,3455,65093,68548
1429,2017-04-09,1103,49373,50476
1429,2017-04-10,6608,86258,92866
1429,2017-04-11,6420,75966,82386
1429,2017-04-12,7034,89064,96098
1429,2017-04-13,6625,87694,94319
1429,2017-04-14,4560,82261,86821
1429,2017-04-15,2772,53920,56692
1429,2017-04-16,751,41327,42078
1429,2017-04-17,967,39799,40766
1429,2017-04-18,6122,80208,86330
1429,2017-04-19,6976,82789,89765
1429,2017-04-22,4245,64097,68342
1429,2017-04-23,1269,48525,49794
1429,2017-04-24,6700,88893,95593
1429,2017-04-25,7184,92405,99589
1429,2017-04-26,7301,92964,100265
1429,2017-04-27,6888,92203,99091
1429,2017-04-28,6262,93786,100048
1429,2017-04-29,3327,64446,67773
1429,2017-04-30,996,49383,50379
1429,2017-05-01,1152,41120,42272
1429,2017-05-02,6551,90289,96840
1429,2017-05-03,6815,88176,94991
1429,2017-05-04,6877,93802,100679
1429,2017-05-05,6813,95489,102302
1429,2017-05-06,3659,65535,69194
1429,2017-05-07,1069,45853,46922
1429,2017-05-08,5460,89536,94996
1429,2017-05-09,7265,92315,99580
1429,2017-05-10,7302,90602,97904
1429,2017-05-11,6863,91617,98480
1429,2017-05-12,6394,86497,92891
1429,2017-05-13,3423,55121,58544
1429,2017-05-14,968,41770,42738
1429,2017-05-15,6771,87698,94469
1429,2017-05-16,7038,89359,96397
1429,2017-05-17,7388,90195,97583
1429,2017-05-18,6865,95000,101865
1429,2017-06-16,6696,90869,97565
1429,2017-06-17,3430,58208,61638
1429,2017-06-19,6783,87926,94709
1429,2017-06-20,7223,87661,94884
1429,2017-06-21,7282,89964,97246
1429,2017-06-22,7274,91855,99129
1429,2017-06-23,3482,50929,54411
1429,2017-06-24,3368,57490,60858
1429,2017-06-25,1098,46831,47929
1429,2017-06-26,6850,85570,92420
1429,2017-06-27,6753,90902,97655
1429,2017-06-28,6977,89342,96319
1429,2017-06-29,6816,93267,100083
1429,2017-06-30,6635,93829,100464
1429,2017-07-01,2906,57397,60303
1429,2017-07-02,1172,40642,41814
1429,2017-07-03,6614,86577,93191
1429,2017-07-04,6944,88503,95447
1429,2017-07-05,7304,89248,96552
1429,2017-07-06,7019,91296,98315
1429,2017-07-07,6892,91965,98857
1429,2017-07-08,3210,67309,70519
1429,2017-07-09,1123,51476,52599
1429,2017-07-10,6888,89623,96511
1429,2017-07-11,6979,88352,95331
1429,2017-07-12,7174,89327,96501
1429,2017-07-13,6981,93753,100734
1429,2017-07-14,5529,96540,102069
1429,2017-07-15,3421,70117,73538
1429,2017-07-16,1227,51741,52968
1429,2017-07-17,6737,88488,95225
1429,2017-07-18,7255,88669,95924
1429,2017-07-19,7279,89543,96822
1429,2017-07-20,7001,90652,97653
1429,2017-07-21,6714,90319,97033
1429,2017-07-22,2975,63861,66836
1429,2017-07-23,1117,49432,50549
1429,2017-07-24,6614,84987,91601
1429,2017-07-25,6805,88309,95114
1429,2017-07-26,6797,86909,93706
1429,2017-07-27,6478,86445,92923
1429,2017-07-28,5902,85532,91434
1429,2017-07-29,2527,58001,60528
1429,2017-07-30,1218,46323,47541
1429,2017-07-31,5490,78541,84031
1429,2017-08-01,5834,77564,83398
1429,2017-08-02,5770,76684,82454
1429,2017-08-03,5189,75160,80349
1429,2017-08-04,5345,79737,85082
1429,2017-08-05,2235,56320,58555
1429,2017-08-06,1049,46678,47727
1429,2017-08-07,5279,74176,79455
1429,2017-08-08,5382,76673,82055
1429,2017-08-09,5595,74882,80477
1429,2017-08-10,5260,78182,83442
1429,2017-08-11,5166,80919,86085
1429,2017-08-12,2199,52582,54781
1429,2017-08-13,1062,41008,42070
1429,2017-08-14,4787,65066,69853
1429,2017-08-15,1597,39403,41000
1429,2017-08-16,5867,76847,82714
1429,2017-08-17,5131,72734,77865
1429,2017-08-18,5355,76633,81988
1429,2017-08-19,2270,52792,55062
1429,2017-08-20,1008,43445,44453
1429,2017-08-21,5623,78612,84235
1429,2017-08-22,6128,78020,84148
1429,2017-08-23,6397,81480,87877
1429,2017-08-24,5969,82462,88431
1429,2017-08-25,5953,84148,90101
1429,2017-08-26,2568,56658,59226
1429,2017-08-27,1203,44616,45819
1429,2017-08-28,6572,82583,89155
1429,2017-08-29,6219,78106,84325
1429,2017-08-30,6474,80342,86816
1429,2017-08-31,5970,77142,83112
1429,2017-09-01,5859,81681,87540
1429,2017-09-02,3310,59027,62337
1429,2017-09-03,1139,49363,50502
1429,2017-09-04,6559,82590,89149
1429,2017-09-05,6962,87732,94694
1429,2017-09-06,7223,86586,93809
1429,2017-09-07,6389,84277,90666
1429,2017-09-08,6655,90420,97075
1429,2017-09-09,3221,60752,63973
1429,2017-09-10,1252,45555,46807
1429,2017-09-11,6685,87664,94349
1429,2017-09-12,6899,89062,95961
1429,2017-09-13,7085,88301,95386
1429,2017-09-14,7024,89938,96962
1429,2017-09-15,6711,91541,98252
1429,2017-09-16,3423,67474,70897
1429,2017-09-17,1145,48737,49882
1429,2017-09-18,6463,86562,93025
1429,2017-09-19,7004,91007,98011
1429,2017-09-20,6914,89578,96492
1429,2017-09-21,6532,92345,98877
1429,2017-09-22,6713,94186,100899
1429,2017-09-23,3357,66856,70213
1429,2017-09-24,1040,50195,51235
1429,2017-09-25,6467,88695,95162
1429,2017-09-26,6952,92517,99469
1429,2017-09-27,7142,91042,98184
1429,2017-09-28,6761,94147,100908
1429,2017-09-29,6454,95682,102136
1429,2017-09-30,3382,63356,66738
1429,2017-10-01,1089,49761,50850
1429,2017-10-02,6384,88225,94609
1429,2017-10-03,4539,89261,93800
1429,2017-10-04,6726,89135,95861
1429,2017-10-05,6629,90565,97194
1429,2017-10-06,6569,91812,98381
1429,2017-10-07,2478,39693,42171
1429,2017-10-08,991,45240,46231
1429,2017-10-09,6554,89122,95676
1429,2017-10-10,6824,89765,96589
1429,2017-10-11,6842,89861,96703
1429,2017-10-12,7087,94120,101207
1429,2017-10-13,6651,94965,101616
1429,2017-10-14,3211,66964,70175
1429,2017-10-15,1109,54811,55920
1429,2017-10-16,6662,88704,95366
1429,2017-10-17,6940,93843,100783
1429,2017-10-18,7271,91508,98779
1429,2017-10-19,6982,96316,103298
1429,2017-10-20,6824,94048,100872
1429,2017-10-21,3554,68090,71644
1429,2017-10-22,1148,50943,52091
1429,2017-10-23,6627,88700,95327
1429,2017-10-24,6885,90638,97523
1429,2017-10-25,7287,92582,99869
1429,2017-10-26,7147,94875,102022
1429,2017-10-27,6823,92998,99821
1429,2017-10-28,3349,67728,71077
1429,2017-10-29,1157,49131,50288
1429,2017-10-30,6397,84822,91219
1429,2017-10-31,4774,89048,93822
1429,2017-11-01,1324,46785,48109
1429,2017-11-02,6936,84636,91572
1429,2017-11-03,6660,85229,91889
1429,2017-11-04,3462,53565,57027
1429,2017-11-05,1174,45126,46300
1429,2017-11-06,6761,87904,94665
1429,2017-11-07,7007,83610,90617
1429,2017-11-08,7199,88483,95682
1429,2017-11-09,6993,93823,100816
1429,2017-11-10,6656,93751,100407
1429,2017-11-11,2507,66893,69400
1429,2017-11-12,1134,44064,45198
1429,2017-11-13,7081,90247,97328
1429,2017-11-14,7002,92016,99018
1429,2017-11-15,7351,93220,100571
1429,2017-11-16,7174,93642,100816
1429,2017-11-17,6492,91669,98161
1429,2017-11-18,3470,64915,68385
1429,2017-11-19,1149,49875,51024
1429,2017-11-20,6687,88875,95562
1429,2017-11-21,6954,90786,97740
1429,2017-11-22,7234,90935,98169
1429,2017-11-23,7102,93652,100754
1429,2017-11-24,6694,93372,100066
1429,2017-11-25,3359,68027,71386
1429,2017-11-26,1122,49911,51033
1429,2017-11-27,6581,87652,94233
1429,2017-11-28,6785,84710,91495
1429,2017-11-29,7295,90599,97894
1429,2017-11-30,7122,91303,98425
1429,2017-12-01,6793,90561,97354
1429,2017-12-02,3542,65061,68603
1429,2017-12-03,1107,46278,47385
1429,2017-12-04,6738,87628,94366
1429,2017-12-05,6940,90422,97362
1429,2017-12-06,7199,90794,97993
1429,2017-12-07,7158,91136,98294
1429,2017-12-08,6817,87663,94480
1429,2017-12-09,3572,65603,69175
1429,2017-12-10,1068,38864,39932
1429,2017-12-11,6291,86039,92330
1429,2017-12-12,6915,92069,98984
1429,2017-12-13,7362,84214,91576
1429,2017-12-14,7221,95653,102874
1429,2017-12-15,6756,94232,100988
1429,2017-12-16,3480,64816,68296
1429,2017-12-17,1319,46534,47853
1429,2017-12-18,6167,81347,87514
1429,2017-12-19,6368,79220,85588
1429,2017-12-20,6381,87700,94081
1429,2017-12-21,5821,88269,94090
1429,2017-12-22,4906,85423,90329
1429,2017-12-23,2200,54059,56259
1429,2017-12-24,856,35859,36715
1429,2017-12-25,738,33023,33761
1429,2017-12-26,917,35395,36312
1429,2017-12-27,4055,64475,68530
1429,2017-12-28,4057,66162,70219
1429,2017-12-29,3792,63254,67046
1429,2017-12-30,2067,50218,52285
1429,2017-12-31,776,35646,36422
1432,2017-01-01,611,8615,9226
1432,2017-01-02,2838,18367,21205
1432,2017-01-03,3771,20130,23901
1432,2017-01-04,4199,19829,24028
1432,2017-01-05,4315,20714,25029
1432,2017-01-06,4370,21333,25703
1432,2017-01-07,2228,13108,15336
1432,2017-01-08,712,9459,10171
1432,2017-01-09,4854,22094,26948
1432,2017-01-10,4628,22315,26943
1432,2017-01-11,5555,22744,28299
1432,2017-01-12,5420,23252,28672
1432,2017-01-13,4809,22028,26837
1432,2017-01-14,2649,13334,15983
1432,2017-01-15,996,10113,11109
1432,2017-01-16,5229,23076,28305
1432,2017-01-17,5845,23172,29017
1432,2017-01-18,5522,23439,28961
1432,2017-01-19,5745,23850,29595
1432,2017-01-20,5351,24250,29601
1432,2017-01-21,2634,15427,18061
1432,2017-01-22,953,10399,11352
1432,2017-01-23,5308,22859,28167
1432,2017-01-24,5402,23041,28443
1432,2017-01-25,5405,23901,29306
1432,2017-01-26,5633,24253,29886
1432,2017-01-27,5375,24736,30111
1432,2017-01-28,2616,14784,17400
1432,2017-01-29,971,10703,11674
1432,2017-01-30,5415,23452,28867
1432,2017-01-31,5860,24135,29995
1432,2017-02-01,6021,24158,30179
1432,2017-02-02,5943,24625,30568
1432,2017-02-03,5587,24743,30330
1432,2017-02-04,2535,15140,17675
1432,2017-02-05,913,10752,11665
1432,2017-02-06,5576,23724,29300
1432,2017-02-07,6054,23828,29882
1432,2017-02-08,6438,24189,30627
1432,2017-02-09,6004,24379,30383
1432,2017-02-10,5801,25298,31099
1432,2017-02-11,2551,14789,17340
1432,2017-02-12,1042,10864,11906
1432,2017-02-13,5615,24578,30193
1432,2017-02-14,5683,25097,30780
1432,2017-02-15,6500,24815,31315
1432,2017-02-16,6243,24759,31002
1432,2017-02-17,5848,26322,32170
1432,2017-02-18,2698,16548,19246
1432,2017-02-19,942,11597,12539
1432,2017-02-20,5686,24144,29830
1432,2017-02-21,6193,24468,30661
1432,2017-02-22,6082,25228,31310
1432,2017-02-23,6279,23596,29875
1432,2017-02-24,5699,24577,30276
1432,2017-02-25,2377,16647,19024
1432,2017-02-26,965,11343,12308
1432,2017-02-27,4426,18977,23403
1432,2017-02-28,5401,22138,27539
1432,2017-03-01,6335,24217,30552
1432,2017-03-02,6458,25159,31617
1432,2017-03-03,5991,26630,32621
1432,2017-03-04,2721,16901,19622
1432,2017-03-05,1054,11905,12959
1432,2017-03-06,5920,23925,29845
1432,2017-03-07,5968,24961,30929
1432,2017-03-08,6839,24375,31214
1432,2017-03-09,6306,25245,31551
1432,2017-03-10,6260,25890,32150
1432,2017-03-11,2628,17380,20008
1432,2017-03-12,1083,13112,14195
1432,2017-03-13,5917,24470,30387
1432,2017-03-14,6544,24609,31153
1432,2017-03-15,6770,23730,30500
1432,2017-03-16,6400,25676,32076
1432,2017-03-17,6273,25859,32132
1432,2017-03-18,2921,16697,19618
1432,2017-03-19,1099,12649,13748
1432,2017-03-20,6268,24526,30794
1432,2017-03-21,6865,24751,31616
1432,2017-03-22,7140,25131,32271
1432,2017-03-23,6830,25149,31979
1432,2017-03-24,6662,26124,32786
1432,2017-03-25,2937,19416,22353
1432,2017-03-27,6486,24721,31207
1432,2017-03-28,6934,24992,31926
1432,2017-03-29,7030,25375,32405
1432,2017-03-30,6593,26049,32642
1432,2017-03-31,6372,26739,33111
1432,2017-04-01,3083,18515,21598
1432,2017-04-02,1200,14854,16054
1432,2017-04-03,6295,25641,31936
1432,2017-04-04,6765,26165,32930
1432,2017-04-05,7136,26152,33288
1432,2017-04-06,6549,27260,33809
1432,2017-04-07,7327,29220,36547
1432,2017-04-08,3631,21494,25125
1432,2017-04-09,1462,15891,17353
1432,2017-04-10,6658,25959,32617
1432,2017-04-11,6944,26377,33321
1432,2017-04-12,7117,27129,34246
1432,2017-04-13,6676,28190,34866
1432,2017-04-14,2627,23576,26203
1432,2017-04-15,2436,17331,19767
1432,2017-04-16,861,12361,13222
1432,2017-04-17,1175,14780,15955
1432,2017-04-18,5741,25586,31327
1432,2017-04-19,6664,25417,32081
1432,2017-04-20,7043,26200,33243
1432,2017-04-21,6772,27232,34004
1432,2017-04-22,3986,19694,23680
1432,2017-04-23,1477,14512,15989
1432,2017-04-24,6674,25157,31831
1432,2017-04-26,7200,26146,33346
1432,2017-04-27,6756,27365,34121
1432,2017-04-28,6420,28451,34871
1432,2017-04-29,3393,20313,23706
1432,2017-04-30,1154,15335,16489
1432,2017-05-01,1379,13552,14931
1432,2017-05-02,6261,26304,32565
1432,2017-05-03,6651,25917,32568
1432,2017-05-04,6671,26875,33546
1432,2017-05-05,6562,27939,34501
1432,2017-05-06,3995,19383,23378
1432,2017-05-07,1363,15854,17217
1432,2017-05-08,5426,25680,31106
1432,2017-05-09,6917,26226,33143
1432,2017-05-10,7358,26100,33458
1432,2017-05-11,6738,26495,33233
1432,2017-05-12,6268,26875,33143
1432,2017-05-13,2922,16704,19626
1432,2017-05-14,1213,13273,14486
1432,2017-05-15,6023,26896,32919
1432,2017-05-16,6764,28399,35163
1432,2017-05-17,7188,27349,34537
1432,2017-05-18,6852,27602,34454
1432,2017-06-16,6571,26819,33390
1432,2017-06-17,3510,18892,22402
1432,2017-06-18,1634,15431,17065
1432,2017-06-19,6260,25436,31696
1432,2017-06-20,7010,25088,32098
1432,2017-06-21,7088,24960,32048
1432,2017-06-22,7025,25819,32844
1432,2017-06-23,4251,21389,25640
1432,2017-06-24,3389,16915,20304
1432,2017-06-25,1445,14687,16132
1432,2017-06-26,6505,25619,32124
1432,2017-06-27,6482,26371,32853
1432,2017-06-28,6972,26458,33430
1432,2017-06-29,7321,26493,33814
1432,2017-06-30,6348,29003,35351
1432,2017-07-01,2893,19708,22601
1432,2017-07-02,1495,15612,17107
1432,2017-07-03,6182,26421,32603
1432,2017-07-04,6125,25673,31798
1432,2017-07-05,6613,24066,30679
1432,2017-07-06,6256,26441,32697
1432,2017-07-07,6775,27974,34749
1432,2017-07-08,3267,19237,22504
1432,2017-07-09,1420,15028,16448
1432,2017-07-10,6311,25815,32126
1432,2017-07-11,6425,26149,32574
1432,2017-07-12,6971,25833,32804
1432,2017-07-13,6747,26956,33703
1432,2017-07-14,5820,30928,36748
1432,2017-07-15,3158,20833,23991
1432,2017-07-16,1568,17058,18626
1432,2017-07-17,6627,27434,34061
1432,2017-07-18,6683,26218,32901
1432,2017-07-19,6858,25366,32224
1432,2017-07-20,6767,27241,34008
1432,2017-07-21,6703,29878,36581
1432,2017-07-22,3122,21626,24748
1432,2017-07-23,1674,16873,18547
1432,2017-07-24,6289,25371,31660
1432,2017-07-25,6432,25432,31864
1432,2017-07-26,6210,26377,32587
1432,2017-07-27,6131,26196,32327
1432,2017-07-28,5835,28408,34243
1432,2017-11-22,6811,24639,31450
1432,2017-11-23,6166,25713,31879
1432,2017-11-24,6067,25602,31669
1432,2017-11-25,3046,17093,20139
1432,2017-11-26,1195,13453,14648
1432,2017-11-27,6274,24004,30278
1432,2017-11-28,6357,24527,30884
1432,2017-11-29,6221,25250,31471
1432,2017-11-30,6167,25370,31537
1432,2017-12-01,6157,25030,31187
1432,2017-12-02,3218,19771,22989
1432,2017-12-03,1183,12904,14087
1432,2017-12-04,5973,24774,30747
1432,2017-12-05,6608,25303,31911
1432,2017-12-06,6945,24953,31898
1432,2017-12-07,6657,25399,32056
1432,2017-12-08,6317,24609,30926
1432,2017-12-09,3228,18743,21971
1432,2017-12-10,1056,10420,11476
1432,2017-12-11,6020,24257,30277
1432,2017-12-12,6413,25043,31456
1432,2017-12-13,6711,24353,31064
1432,2017-12-14,6477,25063,31540
1432,2017-12-15,6731,25914,32645
1432,2017-12-16,3459,18910,22369
1432,2017-12-17,1265,14039,15304
1432,2017-12-18,5401,23543,28944
1432,2017-12-19,5749,25636,31385
1432,2017-12-20,5623,24732,30355
1432,2017-12-21,4734,25415,30149
1432,2017-12-22,3591,24306,27897
1432,2017-12-23,1529,15342,16871
1432,2017-12-24,692,7730,8422
1432,2017-12-25,720,7948,8668
1432,2017-12-26,750,10224,10974
1432,2017-12-27,2867,18109,20976
1432,2017-12-28,3013,18957,21970
1432,2017-12-29,2517,17681,20198
1432,2017-12-30,1595,14519,16114
1432,2017-12-31,606,7927,8533
1441,2017-01-01,144,21306,21450
1441,2017-01-02,1556,33486,35042
1441,2017-01-03,1887,39410,41297
1441,2017-01-04,2124,39988,42112
1441,2017-01-05,2225,42130,44355
1441,2017-01-06,1856,44579,46435
1441,2017-01-07,519,32785,33304
1441,2017-01-08,286,24357,24643
1441,2017-01-09,2771,43365,46136
1441,2017-01-10,2801,44526,47327
1441,2017-01-11,2990,44245,47235
1441,2017-01-12,3458,47799,51257
1441,2017-01-14,1099,36030,37129
1441,2017-01-15,369,25586,25955
1441,2017-01-16,3612,44253,47865
1441,2017-01-17,3093,46980,50073
1441,2017-01-18,2912,45671,48583
1441,2017-01-19,2834,46762,49596
1441,2017-01-20,2636,49443,52079
1441,2017-01-21,533,40977,41510
1441,2017-01-22,176,26724,26900
1441,2017-01-23,2899,46538,49437
1441,2017-01-24,3541,45653,49194
1441,2017-01-25,3011,47667,50678
1441,2017-01-26,2857,48554,51411
1441,2017-01-27,2768,50508,53276
1441,2017-01-28,985,41261,42246
1441,2017-01-29,566,29313,29879
1441,2017-01-30,3794,44981,48775
1441,2017-01-31,3986,47664,51650
1441,2017-02-01,3622,46750,50372
1441,2017-02-02,3215,47813,51028
1441,2017-02-03,3517,48978,52495
1441,2017-02-04,1181,39033,40214
1441,2017-02-05,389,27630,28019
1441,2017-02-06,3456,45616,49072
1441,2017-02-07,3741,46171,49912
1441,2017-02-08,3697,47341,51038
1441,2017-02-09,3209,48528,51737
1441,2017-02-10,2766,49988,52754
1441,2017-02-11,919,39893,40812
1441,2017-02-12,392,27521,27913
1441,2017-02-13,3112,46558,49670
1441,2017-02-14,2750,48060,50810
1441,2017-02-15,3180,47502,50682
1441,2017-02-16,3386,46133,49519
1441,2017-02-17,3755,48102,51857
1441,2017-02-18,908,38457,39365
1441,2017-02-19,192,27251,27443
1441,2017-02-20,3934,43781,47715
1441,2017-02-21,3615,44073,47688
1441,2017-02-22,3854,43965,47819
1441,2017-02-23,3443,45718,49161
1441,2017-02-24,3241,47509,50750
1441,2017-02-25,685,39745,40430
1441,2017-02-26,201,27692,27893
1441,2017-02-27,2988,45384,48372
1441,2017-02-28,3553,46178,49731
1441,2017-03-01,4032,45175,49207
1441,2017-03-02,3091,48058,51149
1441,2017-03-03,3008,50810,53818
1441,2017-03-04,866,40868,41734
1441,2017-03-05,392,27801,28193
1441,2017-03-06,3380,45950,49330
1441,2017-03-07,3814,46714,50528
1441,2017-03-08,3780,45852,49632
1441,2017-03-09,3221,47808,51029
1441,2017-03-10,3063,50626,53689
1441,2017-03-11,727,42563,43290
1441,2017-03-12,169,31148,31317
1441,2017-03-13,2901,46563,49464
1441,2017-03-14,2933,48337,51270
1441,2017-03-15,3314,48131,51445
1441,2017-03-16,3030,48776,51806
1441,2017-03-17,3074,50199,53273
1441,2017-03-18,1160,40639,41799
1441,2017-03-19,401,28389,28790
1441,2017-03-20,3147,46040,49187
1441,2017-03-21,3437,46515,49952
1441,2017-03-22,3176,47291,50467
1441,2017-03-23,3755,48883,52638
1441,2017-03-24,3228,48323,51551
1441,2017-03-25,587,32898,33485
1441,2017-03-27,2639,42452,45091
1441,2017-03-28,3493,48483,51976
1441,2017-03-29,3389,48072,51461
1441,2017-03-30,3288,50155,53443
1441,2017-04-08,876,41087,41963
1441,2017-04-09,225,30997,31222
1441,2017-04-10,3789,44333,48122
1441,2017-04-11,3979,45275,49254
1441,2017-04-12,3893,45597,49490
1441,2017-04-14,3337,46406,49743
1441,2017-04-15,867,37097,37964
1441,2017-04-16,158,26720,26878
1441,2017-04-17,200,24161,24361
1441,2017-04-18,3701,44937,48638
1441,2017-04-19,3839,45508,49347
1441,2017-04-20,3998,45976,49974
1441,2017-04-21,3834,47306,51140
1441,2017-04-22,1116,41403,42519
1441,2017-04-23,228,30343,30571
1441,2017-04-24,3518,46259,49777
1441,2017-04-25,3614,47420,51034
1441,2017-04-26,4028,47946,51974
1441,2017-04-27,3946,49265,53211
1441,2017-04-28,3702,50647,54349
1441,2017-04-29,1000,42964,43964
1441,2017-04-30,247,31612,31859
1441,2017-05-01,307,25120,25427
1441,2017-05-02,3846,46611,50457
1441,2017-05-03,3913,45432,49345
1441,2017-05-04,3758,47403,51161
1441,2017-05-05,3553,49136,52689
1441,2017-05-06,1142,41508,42650
1441,2017-05-07,357,29286,29643
1441,2017-05-08,3410,46283,49693
1441,2017-05-09,3679,47084,50763
1441,2017-05-10,3846,46943,50789
1441,2017-05-11,4193,48077,52270
1441,2017-05-12,3750,50051,53801
1441,2017-05-13,1008,43315,44323
1441,2017-05-14,252,30272,30524
1441,2017-05-15,3670,46112,49782
1441,2017-05-16,3355,39601,42956
1441,2017-05-17,3719,47456,51175
1441,2017-05-18,3428,47259,50687
1441,2017-06-16,3834,51856,55690
1441,2017-06-17,1150,42831,43981
1441,2017-06-18,314,31102,31416
1441,2017-06-19,3802,47440,51242
1441,2017-06-20,3637,48696,52333
1441,2017-06-21,3923,48620,52543
1441,2017-06-22,3990,51003,54993
1441,2017-06-23,918,31464,32382
1441,2017-06-24,711,37673,38384
1441,2017-06-25,233,29422,29655
1441,2017-06-26,3819,47741,51560
1441,2017-06-27,4205,48149,52354
1441,2017-06-28,3984,48443,52427
1441,2017-06-29,3811,50935,54746
1441,2017-06-30,3715,52786,56501
1441,2017-07-01,1342,42203,43545
1441,2017-07-02,255,30487,30742
1441,2017-07-03,3735,48156,51891
1441,2017-07-04,3815,50624,54439
1441,2017-07-05,3982,50542,54524
1441,2017-07-07,4158,51102,55260
1441,2017-07-08,965,44251,45216
1441,2017-07-09,287,30806,31093
1441,2017-07-10,3985,48680,52665
1441,2017-07-11,4504,48736,53240
1441,2017-07-12,3759,48459,52218
1441,2017-07-13,3847,49200,53047
1441,2017-07-18,3775,47216,50991
1441,2017-07-19,3900,47549,51449
1441,2017-07-20,3749,48962,52711
1441,2017-07-25,3602,46714,50316
1441,2017-07-26,3572,47434,51006
1441,2017-07-27,3694,47980,51674
1441,2017-07-28,2428,46757,49185
1441,2017-07-29,631,33225,33856
1441,2017-07-30,197,23867,24064
1441,2017-07-31,2204,40961,43165
1441,2017-08-01,2705,40054,42759
1441,2017-08-02,2274,41842,44116
1441,2017-08-03,2252,42088,44340
1441,2017-08-04,2099,41981,44080
1441,2017-08-05,527,29626,30153
1441,2017-08-06,264,22963,23227
1441,2017-08-07,2027,38771,40798
1441,2017-08-08,2319,38992,41311
1441,2017-08-09,2136,39718,41854
1441,2017-08-10,2079,40284,42363
1441,2017-08-11,2118,40200,42318
1441,2017-08-12,523,27875,28398
1441,2017-08-13,244,21958,22202
1441,2017-08-14,1613,35142,36755
1441,2017-08-15,296,20235,20531
1441,2017-08-16,2084,39616,41700
1441,2017-08-17,2054,40340,42394
1441,2017-08-18,2493,39995,42488
1441,2017-08-19,561,29810,30371
1441,2017-08-20,172,23425,23597
1441,2017-08-21,2821,42891,45712
1441,2017-08-22,2925,43488,46413
1441,2017-08-23,3100,44263,47363
1441,2017-08-24,3166,45451,48617
1441,2017-08-29,3248,46480,49728
1441,2017-08-30,3581,47217,50798
1441,2017-08-31,3764,47044,50808
1441,2017-10-01,263,31372,31635
1441,2017-10-02,3883,47979,51862
1441,2017-10-03,3497,50779,54276
1441,2017-10-04,3664,49894,53558
1441,2017-10-05,4198,50071,54269
1441,2017-10-06,4100,51722,55822
1441,2017-10-07,909,42863,43772
1441,2017-10-08,169,30192,30361
1441,2017-10-09,3740,48864,52604
1441,2017-10-10,3863,50563,54426
1441,2017-10-11,3866,46180,50046
1441,2017-10-12,3805,47354,51159
1441,2017-10-13,4110,51703,55813
1441,2017-10-14,1313,42114,43427
1441,2017-10-15,233,30618,30851
1441,2017-10-16,3646,49409,53055
1441,2017-10-17,3973,50679,54652
1441,2017-10-18,4032,49359,53391
1441,2017-10-19,3784,48631,52415
1441,2017-10-20,4161,52320,56481
1441,2017-10-21,1106,42964,44070
1441,2017-10-22,384,30261,30645
1441,2017-10-23,4096,48446,52542
1441,2017-10-24,4260,48391,52651
1441,2017-10-25,3717,49884,53601
1441,2017-10-26,3640,49420,53060
1441,2017-10-27,3700,53361,57061
1441,2017-10-28,840,44157,44997
1441,2017-10-29,245,29583,29828
1441,2017-10-30,3555,49749,53304
1441,2017-10-31,3263,52228,55491
1441,2017-11-01,282,31533,31815
1441,2017-11-02,3905,49766,53671
1441,2017-11-03,3914,51093,55007
1441,2017-11-04,954,41516,42470
1441,2017-11-05,252,28327,28579
1441,2017-11-11,1386,38413,39799
1441,2017-11-12,310,28316,28626
1441,2017-11-13,3983,48666,52649
1441,2017-11-14,3781,49978,53759
1441,2017-11-15,4106,50267,54373
1441,2017-11-16,4110,52018,56128
1441,2017-11-17,4390,53726,58116
1441,2017-11-18,966,46297,47263
1441,2017-11-19,374,33764,34138
1441,2017-11-20,4129,46833,50962
1441,2017-11-21,4505,49233,53738
1441,2017-11-22,4142,50318,54460
1441,2017-11-23,4083,52287,56370
1441,2017-11-24,4440,53025,57465
1441,2017-11-25,1187,45373,46560
1441,2017-11-26,221,33785,34006
1441,2017-11-27,4615,46613,51228
1441,2017-11-28,4060,49845,53905
1441,2017-11-29,3725,48642,52367
1441,2017-11-30,3899,49095,52994
1441,2017-12-01,4207,50792,54999
1441,2017-12-02,856,41497,42353
1441,2017-12-03,222,29855,30077
1441,2017-12-04,4076,47249,51325
1441,2017-12-05,4107,49911,54018
1441,2017-12-06,4008,47050,51058
1441,2017-12-19,2821,49232,52053
1441,2017-12-20,2940,48705,51645
1441,2017-12-21,2662,50085,52747
1441,2017-12-22,2262,50501,52763
1441,2017-12-23,555,38076,38631
1441,2017-12-24,152,26804,26956
1441,2017-12-25,111,22833,22944
1441,2017-12-26,200,24518,24718
1441,2017-12-27,1939,38998,40937
1441,2017-12-28,1491,41284,42775
1441,2017-12-29,1807,38656,40463
1441,2017-12-30,782,33696,34478
1441,2017-12-31,205,24875,25080
1448,2017-01-01,268,8666,8934
1448,2017-01-02,1528,16025,17553
1448,2017-01-03,2107,18144,20251
1448,2017-01-04,2396,17184,19580
1448,2017-01-05,2410,19002,21412
1448,2017-01-06,2308,19583,21891
1448,2017-01-07,1137,15063,16200
1448,2017-01-08,547,9245,9792
1448,2017-01-09,2764,18253,21017
1448,2017-01-10,3335,17509,20844
1448,2017-01-11,3543,18762,22305
1448,2017-01-12,3188,19327,22515
1448,2017-01-13,2788,19418,22206
1448,2017-01-14,1693,14495,16188
1448,2017-01-15,505,9223,9728
1448,2017-01-16,3120,18850,21970
1448,2017-01-17,3316,19065,22381
1448,2017-01-18,3538,19255,22793
1448,2017-01-19,3263,19748,23011
1448,2017-01-20,2976,20577,23553
1448,2017-01-21,1659,16219,17878
1448,2017-01-22,459,10323,10782
1448,2017-01-23,2996,19224,22220
1448,2017-01-24,3550,19039,22589
1448,2017-01-25,3506,19846,23352
1448,2017-01-26,3162,20153,23315
1448,2017-01-27,2923,20926,23849
1448,2017-01-28,1721,16252,17973
1448,2017-01-29,759,10302,11061
1448,2017-01-30,3741,19019,22760
1448,2017-01-31,3528,20137,23665
1448,2017-02-01,3517,20445,23962
1448,2017-02-02,3850,20095,23945
1448,2017-02-03,3325,21008,24333
1448,2017-02-04,1752,16727,18479
1448,2017-02-05,740,10423,11163
1448,2017-02-06,2825,20600,23425
1448,2017-02-07,3078,21154,24232
1448,2017-02-08,2846,21466,24312
1448,2017-02-09,3404,20938,24342
1448,2017-02-10,3248,21906,25154
1448,2017-02-11,2016,16528,18544
1448,2017-02-12,775,10664,11439
1448,2017-02-13,3138,20013,23151
1448,2017-02-14,3650,20331,23981
1448,2017-02-15,3707,20598,24305
1448,2017-02-16,3879,20657,24536
1448,2017-02-17,3437,22608,26045
1448,2017-02-18,1898,18387,20285
1448,2017-02-19,645,12129,12774
1448,2017-02-20,3760,19688,23448
1448,2017-02-21,4125,19857,23982
1448,2017-02-22,3414,20668,24082
1448,2017-02-23,2907,21299,24206
1448,2017-02-24,3411,22903,26314
1448,2017-02-25,2387,19793,22180
1448,2017-02-26,622,12138,12760
1448,2017-02-27,2600,18541,21141
1448,2017-02-28,3171,20111,23282
1448,2017-03-01,3624,21703,25327
1448,2017-03-02,3389,22079,25468
1448,2017-03-03,3377,22599,25976
1448,2017-03-04,2017,18547,20564
1448,2017-03-05,724,11630,12354
1448,2017-03-06,3067,21143,24210
1448,2017-03-07,3559,21426,24985
1448,2017-03-08,3708,20630,24338
1448,2017-03-09,2353,16069,18422
1448,2017-03-10,2812,22095,24907
1448,2017-03-11,1931,17865,19796
1448,2017-03-12,638,13595,14233
1448,2017-03-13,3317,20599,23916
1448,2017-03-14,3606,20309,23915
1448,2017-03-15,3498,21426,24924
1448,2017-03-16,2252,17006,19258
1448,2017-03-17,2774,21925,24699
1448,2017-03-18,2210,16444,18654
1448,2017-03-19,771,11063,11834
1448,2017-03-20,2849,20756,23605
1448,2017-03-21,3032,21326,24358
1448,2017-03-22,3391,21344,24735
1448,2017-03-23,3507,21596,25103
1448,2017-03-24,3277,22622,25899
1448,2017-03-25,1932,18257,20189
1448,2017-03-27,1944,15185,17129
1448,2017-03-28,2206,16081,18287
1448,2017-03-29,2276,15828,18104
1448,2017-03-30,2344,17068,19412
1448,2017-03-31,2257,18523,20780
1448,2017-04-01,2033,18791,20824
1448,2017-04-02,651,14438,15089
1448,2017-04-03,3384,21730,25114
1448,2017-04-04,3969,22041,26010
1448,2017-04-05,4085,22534,26619
1448,2017-04-06,3878,23039,26917
1448,2017-04-07,3363,23948,27311
1448,2017-04-08,2078,19038,21116
1448,2017-04-09,716,16413,17129
1448,2017-04-10,3592,21742,25334
1448,2017-04-11,3887,21935,25822
1448,2017-04-12,4007,22540,26547
1448,2017-04-13,3547,23387,26934
1448,2017-04-14,1349,21973,23322
1448,2017-04-15,1810,16959,18769
1448,2017-04-16,410,11666,12076
1448,2017-04-17,597,12892,13489
1448,2017-04-18,3030,21686,24716
1448,2017-04-19,3734,21544,25278
1448,2017-04-20,3908,21939,25847
1448,2017-04-21,3483,22577,26060
1448,2017-04-22,2251,18071,20322
1448,2017-04-23,664,13777,14441
1448,2017-04-24,3496,21314,24810
1448,2017-04-25,4091,21847,25938
1448,2017-04-26,4050,22023,26073
1448,2017-04-27,3772,22965,26737
1448,2017-04-28,3426,24336,27762
1448,2017-04-29,2382,19055,21437
1448,2017-04-30,685,14838,15523
1448,2017-05-01,811,12800,13611
1448,2017-05-02,3543,22621,26164
1448,2017-05-03,4218,22019,26237
1448,2017-05-04,4300,22114,26414
1448,2017-05-05,3782,23523,27305
1448,2017-05-06,2357,17863,20220
1448,2017-05-07,765,12155,12920
1448,2017-05-08,3916,21938,25854
1448,2017-05-09,4299,22033,26332
1448,2017-05-10,4063,20893,24956
1448,2017-05-11,4304,22289,26593
1448,2017-05-12,3730,22211,25941
1448,2017-05-13,2313,18002,20315
1448,2017-05-14,811,12856,13667
1448,2017-05-15,3775,21485,25260
1448,2017-05-16,4078,21419,25497
1448,2017-05-17,4399,21634,26033
1448,2017-05-18,4119,22589,26708
1448,2017-06-16,3646,23791,27437
1448,2017-06-17,2244,17697,19941
1448,2017-06-18,984,17390,18374
1448,2017-06-19,3771,22540,26311
1448,2017-06-20,3946,22818,26764
1448,2017-06-21,4311,22410,26721
1448,2017-06-22,4138,23129,27267
1448,2017-06-23,2564,22213,24777
1448,2017-06-24,2103,17481,19584
1448,2017-06-25,784,14270,15054
1448,2017-06-26,3661,22229,25890
1448,2017-06-27,3868,22023,25891
1448,2017-06-28,4147,21723,25870
1448,2017-06-29,3923,22680,26603
1448,2017-06-30,3687,24433,28120
1448,2017-07-01,1971,19469,21440
1448,2017-07-02,870,14690,15560
1448,2017-07-03,3663,21918,25581
1448,2017-07-04,4183,23009,27192
1448,2017-07-05,4355,22737,27092
1448,2017-07-06,3966,22902,26868
1448,2017-07-07,3644,24221,27865
1448,2017-07-08,1951,21060,23011
1448,2017-07-09,862,14859,15721
1448,2017-07-10,3768,21847,25615
1448,2017-07-11,4109,21576,25685
1448,2017-07-12,4391,21685,26076
1448,2017-07-13,3870,21138,25008
1448,2017-07-14,4125,24806,28931
1448,2017-07-15,1974,20266,22240
1448,2017-07-16,889,15562,16451
1448,2017-07-17,3604,22266,25870
1448,2017-07-18,3941,21963,25904
1448,2017-07-19,4060,22088,26148
1448,2017-07-20,3793,22738,26531
1448,2017-07-21,3393,24636,28029
1448,2017-07-22,1914,19745,21659
1448,2017-07-23,884,14993,15877
1448,2017-07-24,3487,21615,25102
1448,2017-07-25,3885,21253,25138
1448,2017-07-26,4100,21646,25746
1448,2017-07-27,3954,22210,26164
1448,2017-07-28,3416,23787,27203
1448,2017-07-29,1910,19774,21684
1448,2017-07-30,901,15602,16503
1448,2017-07-31,3262,21727,24989
1448,2017-08-01,3676,19924,23600
1448,2017-08-02,3595,19592,23187
1448,2017-08-03,3466,20999,24465
1448,2017-08-04,3180,22628,25808
1448,2017-08-05,1737,18630,20367
1448,2017-08-06,848,16071,16919
1448,2017-08-07,3053,20525,23578
1448,2017-08-08,3425,19449,22874
1448,2017-08-09,3493,19865,23358
1448,2017-08-10,3250,19618,22868
1448,2017-08-11,3176,21430,24606
1448,2017-08-12,1696,17542,19238
1448,2017-08-13,825,14345,15170
1448,2017-08-14,2818,19083,21901
1448,2017-08-15,1470,13801,15271
1448,2017-08-16,3439,20483,23922
1448,2017-08-17,3496,20798,24294
1448,2017-08-18,3282,21384,24666
1448,2017-08-19,1716,17740,19456
1448,2017-08-20,849,14796,15645
1448,2017-08-21,3374,21159,24533
1448,2017-08-22,3701,21529,25230
1448,2017-08-23,3769,21859,25628
1448,2017-08-24,3606,21970,25576
1448,2017-08-25,3483,23540,27023
1448,2017-08-26,1955,18717,20672
1448,2017-08-27,861,15154,16015
1448,2017-08-28,3533,22469,26002
1448,2017-08-29,3594,22744,26338
1448,2017-08-30,3859,22424,26283
1448,2017-08-31,2256,18181,20437
1448,2017-09-01,3211,23926,27137
1448,2017-09-02,2047,18676,20723
1448,2017-09-03,910,16093,17003
1448,2017-09-04,3570,21817,25387
1448,2017-09-05,4023,21669,25692
1448,2017-09-06,4289,22563,26852
1448,2017-09-07,4114,22972,27086
1448,2017-09-08,3716,23729,27445
1448,2017-09-09,2146,18271,20417
1448,2017-09-10,917,14405,15322
1448,2017-09-11,3655,21944,25599
1448,2017-09-12,4003,21865,25868
1448,2017-09-13,4239,21548,25787
1448,2017-09-14,4028,22330,26358
1448,2017-09-15,3611,23414,27025
1448,2017-09-16,2168,16440,18608
1448,2017-09-17,764,12487,13251
1448,2017-09-18,3691,22012,25703
1448,2017-09-19,4205,21724,25929
1448,2017-09-20,3884,21354,25238
1448,2017-09-21,3985,22616,26601
1448,2017-09-22,3699,23872,27571
1448,2017-09-23,2219,19165,21384
1448,2017-09-24,878,15779,16657
1448,2017-09-25,3632,22292,25924
1448,2017-09-26,4038,22240,26278
1448,2017-09-27,4200,22858,27058
1448,2017-09-28,3960,23352,27312
1448,2017-09-29,3566,24757,28323
1448,2017-09-30,1937,18125,20062
1448,2017-10-01,731,13591,14322
1448,2017-10-02,3705,22167,25872
1448,2017-10-03,1606,21483,23089
1448,2017-10-04,4403,22560,26963
1448,2017-10-05,4140,22289,26429
1448,2017-10-06,3628,23657,27285
1448,2017-10-07,2333,19197,21530
1448,2017-10-08,723,13780,14503
1448,2017-10-09,3343,20837,24180
1448,2017-10-10,3850,21176,25026
1448,2017-10-11,3958,20449,24407
1448,2017-10-12,3261,20676,23937
1448,2017-10-25,3818,19844,23662
1448,2017-10-26,3697,20666,24363
1448,2017-10-27,3192,23298,26490
1448,2017-10-28,2218,19069,21287
1448,2017-10-29,644,12686,13330
1448,2017-10-30,3039,22180,25219
1448,2017-10-31,1283,21198,22481
1448,2017-11-01,808,12738,13546
1448,2017-11-02,3780,23647,27427
1448,2017-11-03,3425,23352,26777
1448,2017-11-04,1941,17828,19769
1448,2017-11-05,564,12447,13011
1448,2017-11-06,2797,21564,24361
1448,2017-11-07,3237,22112,25349
1448,2017-11-08,3572,21251,24823
1448,2017-11-09,3238,22040,25278
1448,2017-11-10,3123,23729,26852
1448,2017-11-11,2203,18454,20657
1448,2017-11-12,592,11127,11719
1448,2017-11-13,3105,21377,24482
1448,2017-11-14,3123,21888,25011
1448,2017-11-15,3176,21733,24909
1448,2017-11-16,3218,22923,26141
1448,2017-11-17,3048,22961,26009
1448,2017-11-18,1897,17424,19321
1448,2017-11-19,557,11206,11763
1448,2017-11-20,3103,20985,24088
1448,2017-11-21,3419,21285,24704
1448,2017-11-22,3579,21314,24893
1448,2017-11-23,3224,22476,25700
1448,2017-11-24,3092,23214,26306
1448,2017-11-25,1671,17756,19427
1448,2017-11-26,494,12034,12528
1448,2017-11-27,2810,21616,24426
1448,2017-11-28,3328,22091,25419
1448,2017-11-29,3551,21778,25329
1448,2017-11-30,3594,22119,25713
1448,2017-12-01,3469,22956,26425
1448,2017-12-02,2051,18014,20065
1448,2017-12-03,579,10766,11345
1448,2017-12-04,3068,21658,24726
1448,2017-12-05,3472,22874,26346
1448,2017-12-06,3462,21609,25071
1448,2017-12-07,3294,22854,26148
1448,2017-12-08,3149,23300,26449
1448,2017-12-09,1625,18300,19925
1448,2017-12-10,566,10059,10625
1448,2017-12-11,3007,21743,24750
1448,2017-12-14,3484,21928,25412
1448,2017-12-15,3132,24196,27328
1448,2017-12-16,1930,19211,21141
1448,2017-12-17,659,12029,12688
1448,2017-12-18,3108,20802,23910
1448,2017-12-19,3306,22091,25397
1448,2017-12-20,3480,22050,25530
1448,2017-12-21,3089,23582,26671
1448,2017-12-22,2192,23151,25343
1448,2017-12-23,842,16535,17377
1448,2017-12-24,347,8826,9173
1448,2017-12-25,267,8149,8416
1448,2017-12-26,383,10606,10989
1448,2017-12-27,1592,17903,19495
1448,2017-12-28,1494,19146,20640
1448,2017-12-29,1485,17621,19106
1448,2017-12-30,1029,16000,17029
1448,2017-12-31,379,8424,8803
1487,2017-01-01,42,11982,12024
1487,2017-01-02,508,18691,19199
1487,2017-01-03,724,21490,22214
1487,2017-01-04,794,22486,23280
1487,2017-01-05,751,22791,23542
1487,2017-01-06,766,24115,24881
1487,2017-01-07,216,16542,16758
1487,2017-01-08,88,13727,13815
1487,2017-01-09,952,25478,26430
1487,2017-01-10,989,26001,26990
1487,2017-01-11,1016,27455,28471
1487,2017-01-12,1080,27702,28782
1487,2017-01-13,925,25452,26377
1487,2017-01-14,230,20033,20263
1487,2017-01-15,83,16954,17037
1487,2017-01-16,1191,27182,28373
1487,2017-01-17,1287,28716,30003
1487,2017-01-18,1244,28504,29748
1487,2017-01-19,1186,28814,30000
1487,2017-01-20,1091,30079,31170
1487,2017-01-21,269,21408,21677
1487,2017-01-22,107,17058,17165
1487,2017-01-23,1083,27864,28947
1487,2017-01-24,1097,27973,29070
1487,2017-01-25,1200,29059,30259
1487,2017-01-26,1230,29488,30718
1487,2017-01-27,1132,30062,31194
1487,2017-01-28,306,20163,20469
1487,2017-01-29,111,15980,16091
1487,2017-01-30,1241,27880,29121
1487,2017-01-31,1362,28956,30318
1487,2017-02-01,1311,28836,30147
1487,2017-02-02,1276,29488,30764
1487,2017-02-03,1221,29622,30843
1487,2017-02-04,277,20973,21250
1487,2017-02-05,99,16896,16995
1487,2017-02-06,1233,28557,29790
1487,2017-02-07,1300,28692,29992
1487,2017-02-08,1281,29118,30399
1487,2017-02-09,1166,29607,30773
1487,2017-02-10,1247,30914,32161
1487,2017-02-11,258,21393,21651
1487,2017-02-12,98,16853,16951
1487,2017-02-13,1224,28545,29769
1487,2017-02-14,1303,29856,31159
1487,2017-02-15,1282,29737,31019
1487,2017-02-16,1279,29826,31105
1487,2017-02-17,1291,30669,31960
1487,2017-02-18,262,20177,20439
1487,2017-02-19,97,15709,15806
1487,2017-02-20,1293,26358,27651
1487,2017-02-21,1236,27623,28859
1487,2017-02-22,1287,27490,28777
1487,2017-02-23,1267,27665,28932
1487,2017-02-24,1244,28387,29631
1487,2017-02-25,287,20283,20570
1487,2017-02-26,132,17059,17191
1487,2017-02-27,1075,26881,27956
1487,2017-02-28,1209,28816,30025
1487,2017-03-01,1369,29853,31222
1487,2017-03-02,1329,30663,31992
1487,2017-03-03,1297,31597,32894
1487,2017-03-04,288,22495,22783
1487,2017-03-05,118,17925,18043
1487,2017-03-10,1346,30693,32039
1487,2017-03-11,354,22191,22545
1487,2017-03-12,123,18772,18895
1487,2017-03-13,1306,29561,30867
1487,2017-03-14,1454,30984,32438
1487,2017-03-15,1374,29521,30895
1487,2017-03-16,1483,30216,31699
1487,2017-03-17,1403,31760,33163
1487,2017-03-18,330,21973,22303
1487,2017-03-19,161,17279,17440
1487,2017-03-21,1477,30587,32064
1487,2017-03-22,1570,30664,32234
1487,2017-03-23,1507,31791,33298
1487,2017-03-24,1488,32275,33763
1487,2017-03-25,373,24149,24522
1487,2017-03-27,1362,30141,31503
1487,2017-03-28,1437,31406,32843
1487,2017-03-29,1478,30841,32319
1487,2017-03-30,1499,31982,33481
1487,2017-03-31,1448,32554,34002
1487,2017-04-01,336,23709,24045
1487,2017-04-02,150,20242,20392
1487,2017-04-03,1346,30227,31573
1487,2017-04-04,1467,31285,32752
1487,2017-04-05,1418,31450,32868
1487,2017-04-06,1425,32116,33541
1487,2017-04-07,1388,32016,33404
1487,2017-04-08,382,21606,21988
1487,2017-04-09,167,18934,19101
1487,2017-04-10,1429,28581,30010
1487,2017-04-11,1393,28732,30125
1487,2017-04-12,1358,29789,31147
1487,2017-04-13,1396,29663,31059
1487,2017-04-14,1115,28621,29736
1487,2017-04-15,285,19244,19529
1487,2017-04-16,75,16790,16865
1487,2017-04-17,115,15213,15328
1487,2017-04-18,1334,28385,29719
1487,2017-04-19,1365,29327,30692
1487,2017-04-20,1403,30114,31517
1487,2017-04-21,1557,30804,32361
1487,2017-04-22,350,20370,20720
1487,2017-04-23,154,17877,18031
1487,2017-04-24,1419,30894,32313
1487,2017-04-25,1502,32303,33805
1487,2017-04-26,1461,31886,33347
1487,2017-04-27,1564,32799,34363
1487,2017-04-28,1488,33370,34858
1487,2017-04-29,397,22990,23387
1487,2017-04-30,139,19165,19304
1487,2017-05-01,176,15456,15632
1487,2017-05-02,1428,31544,32972
1487,2017-05-03,1399,31386,32785
1487,2017-05-04,1514,32190,33704
1487,2017-05-05,1547,33901,35448
1487,2017-05-06,460,24088,24548
1487,2017-05-07,269,18742,19011
1487,2017-05-08,1436,29550,30986
1487,2017-05-09,1475,30471,31946
1487,2017-05-10,1465,29407,30872
1487,2017-05-11,1508,29501,31009
1487,2017-05-12,1578,32484,34062
1487,2017-05-13,372,21918,22290
1487,2017-05-14,232,18457,18689
1487,2017-05-15,1524,29655,31179
1487,2017-05-16,1500,29577,31077
1487,2017-05-17,1488,29946,31434
1487,2017-05-18,1536,30517,32053
1487,2017-06-16,1635,33504,35139
1487,2017-06-17,552,22845,23397
1487,2017-06-18,309,19177,19486
1487,2017-06-19,1629,30026,31655
1487,2017-06-20,1718,31344,33062
1487,2017-06-21,1757,31503,33260
1487,2017-06-22,1747,32738,34485
1487,2017-06-23,394,18595,18989
1487,2017-06-24,395,19805,20200
1487,2017-06-25,261,18366,18627
1487,2017-06-26,1705,30272,31977
1487,2017-06-27,1608,32661,34269
1487,2017-06-28,1671,31796,33467
1487,2017-06-29,1564,32755,34319
1487,2017-06-30,1592,34529,36121
1487,2017-07-01,438,23790,24228
1487,2017-07-02,212,19868,20080
1487,2017-07-03,1721,31268,32989
1487,2017-07-04,1587,31386,32973
1487,2017-07-05,1538,31453,32991
1487,2017-07-06,2014,34644,36658
1487,2017-07-07,1854,34228,36082
1487,2017-07-08,557,24804,25361
1487,2017-07-09,513,22271,22784
1487,2017-07-10,1972,32374,34346
1487,2017-07-11,1888,34208,36096
1487,2017-07-12,2021,33024,35045
1487,2017-07-13,1598,33488,35086
1487,2017-07-14,1509,34339,35848
1487,2017-07-15,439,23373,23812
1487,2017-07-16,610,21498,22108
1487,2017-07-17,2058,32961,35019
1487,2017-07-18,2634,34941,37575
1487,2017-07-19,3469,39950,43419
1487,2017-07-20,2088,33509,35597
1487,2017-07-21,1689,32043,33732
1487,2017-07-22,847,23868,24715
1487,2017-07-23,206,18547,18753
1487,2017-07-24,1980,30980,32960
1487,2017-07-25,2832,35780,38612
1487,2017-07-26,2060,31684,33744
1487,2017-07-27,1524,30817,32341
1487,2017-07-28,1308,28635,29943
1487,2017-07-29,323,20075,20398
1487,2017-07-30,300,17671,17971
1487,2017-07-31,1036,25463,26499
1487,2017-08-01,1794,28766,30560
1487,2017-08-11,1103,24800,25903
1487,2017-08-12,521,17488,18009
1487,2017-08-13,184,15177,15361
1487,2017-08-14,930,20659,21589
1487,2017-08-15,411,15469,15880
1487,2017-08-16,1125,24467,25592
1487,2017-08-17,1111,23983,25094
1487,2017-08-18,1176,25429,26605
1487,2017-08-19,342,17974,18316
1487,2017-08-20,193,16313,16506
1487,2017-08-21,1275,26275,27550
1487,2017-08-22,1318,26795,28113
1487,2017-08-23,1404,28067,29471
1487,2017-08-24,1419,28786,30205
1487,2017-08-25,1456,29409,30865
1487,2017-08-26,605,20320,20925
1487,2017-08-27,940,20040,20980
1487,2017-08-28,2023,28413,30436
1487,2017-08-29,1928,27385,29313
1487,2017-08-30,1714,27352,29066
1487,2017-08-31,1716,28099,29815
1487,2017-09-01,1726,29128,30854
1487,2017-09-02,509,20359,20868
1487,2017-09-03,257,18102,18359
1487,2017-09-04,1848,28833,30681
1487,2017-09-05,1881,30790,32671
1487,2017-09-06,1843,29358,31201
1487,2017-09-07,1790,29065,30855
1487,2017-09-08,1800,31271,33071
1487,2017-09-09,604,20327,20931
1487,2017-09-10,433,17532,17965
1487,2017-09-11,1746,29675,31421
1487,2017-09-12,1716,30397,32113
1487,2017-09-13,1659,30031,31690
1487,2017-09-14,1648,30840,32488
1487,2017-09-15,1616,32432,34048
1487,2017-09-16,526,23047,23573
1487,2017-09-17,263,19104,19367
1487,2017-09-18,1501,31128,32629
1487,2017-09-19,1668,32359,34027
1487,2017-09-20,1584,31696,33280
1487,2017-09-21,1380,32974,34354
1487,2017-09-22,1482,33634,35116
1487,2017-09-23,499,24254,24753
1487,2017-09-24,248,20747,20995
1487,2017-09-25,1491,29882,31373
1487,2017-09-26,1406,30126,31532
1487,2017-09-27,1520,30790,32310
1487,2017-09-28,1394,30921,32315
1487,2017-09-29,1431,33010,34441
1487,2017-09-30,503,23194,23697
1487,2017-10-01,221,20671,20892
1487,2017-10-02,1490,30974,32464
1487,2017-10-03,1319,31707,33026
1487,2017-10-04,1523,32301,33824
1487,2017-10-05,1560,33037,34597
1487,2017-10-06,1535,33950,35485
1487,2017-10-07,402,20263,20665
1487,2017-10-08,217,18556,18773
1487,2017-10-09,1556,30979,32535
1487,2017-10-10,1508,32124,33632
1487,2017-10-11,1615,32149,33764
1487,2017-10-12,1637,33091,34728
1487,2017-10-13,1562,34075,35637
1487,2017-10-14,518,24339,24857
1487,2017-10-15,246,23233,23479
1487,2017-10-16,1597,31467,33064
1487,2017-10-17,1509,32731,34240
1487,2017-10-18,1585,32802,34387
1487,2017-10-19,1571,33613,35184
1487,2017-10-24,1602,32199,33801
1487,2017-10-25,1588,31755,33343
1487,2017-10-26,1683,32680,34363
1487,2017-10-27,1576,33737,35313
1487,2017-10-28,399,24060,24459
1487,2017-10-29,146,19250,19396
1487,2017-10-30,1670,30776,32446
1487,2017-10-31,1361,31329,32690
1487,2017-11-01,166,18235,18401
1487,2017-11-02,1502,30709,32211
1487,2017-11-03,1475,30672,32147
1487,2017-11-04,346,20900,21246
1487,2017-11-05,126,17749,17875
1487,2017-11-06,1527,31167,32694
1487,2017-11-07,1603,31056,32659
1487,2017-11-08,1523,31676,33199
1487,2017-11-09,1569,33154,34723
1487,2017-11-10,1496,33524,35020
1487,2017-11-11,301,24010,24311
1487,2017-11-12,111,17452,17563
1487,2017-11-13,1523,30713,32236
1487,2017-11-14,1541,31508,33049
1487,2017-11-15,1632,31988,33620
1487,2017-11-16,1523,32395,33918
1487,2017-11-17,1453,32486,33939
1487,2017-11-18,341,23945,24286
1487,2017-11-19,154,19837,19991
1487,2017-11-20,1554,31082,32636
1487,2017-11-21,1548,31712,33260
1487,2017-11-22,1459,31072,32531
1487,2017-11-23,1503,32723,34226
1487,2017-11-24,1425,33603,35028
1487,2017-11-25,356,24653,25009
1487,2017-11-26,104,19370,19474
1487,2017-11-27,1425,30692,32117
1487,2017-11-28,1468,31173,32641
1487,2017-11-29,1481,31344,32825
1487,2017-11-30,1368,31980,33348
1487,2017-12-01,1330,32527,33857
1487,2017-12-02,328,23568,23896
1487,2017-12-03,100,17253,17353
1487,2017-12-04,1469,30352,31821
1487,2017-12-05,1515,31729,33244
1487,2017-12-06,1495,31738,33233
1487,2017-12-07,1588,32477,34065
1487,2017-12-08,1450,32426,33876
1487,2017-12-09,349,23418,23767
1487,2017-12-10,95,14742,14837
1487,2017-12-11,1493,29726,31219
1487,2017-12-12,1415,31649,33064
1487,2017-12-13,1492,30474,31966
1487,2017-12-14,1412,33449,34861
1487,2017-12-15,1394,33499,34893
1487,2017-12-16,307,22899,23206
1487,2017-12-17,117,17913,18030
1487,2017-12-18,1153,27556,28709
1487,2017-12-19,1173,28801,29974
1487,2017-12-20,1100,28781,29881
1487,2017-12-21,1121,29099,30220
1487,2017-12-22,841,28055,28896
1487,2017-12-23,234,18786,19020
1487,2017-12-24,49,13771,13820
1487,2017-12-25,33,15057,15090
1487,2017-12-26,77,14291,14368
1487,2017-12-27,572,21769,22341
1487,2017-12-28,516,21732,22248
1487,2017-12-29,485,21752,22237
1487,2017-12-30,173,17609,17782
1487,2017-12-31,58,13297,13355
5053,2017-05-19,352,6860,7212
5053,2017-05-20,213,4862,5075
5053,2017-05-21,42,3823,3865
5053,2017-05-22,369,6069,6438
5053,2017-05-23,357,6477,6834
5053,2017-05-24,358,6702,7060
5053,2017-05-25,68,5730,5798
5053,2017-05-26,324,5996,6320
5053,2017-05-27,169,4579,4748
5053,2017-05-28,54,3724,3778
5053,2017-05-29,386,6323,6709
5053,2017-05-30,358,6600,6958
5053,2017-05-31,392,6679,7071
5053,2017-06-01,412,6300,6712
5053,2017-06-02,384,7192,7576
5053,2017-06-04,24,3496,3520
5053,2017-06-05,38,3002,3040
5053,2017-06-06,338,5714,6052
5053,2017-06-07,364,6082,6446
5053,2017-06-08,390,5774,6164
5053,2017-06-09,346,5998,6344
5053,2017-06-10,182,4615,4797
5053,2017-06-11,50,4072,4122
5053,2017-06-12,374,6204,6578
5053,2017-06-13,382,6467,6849
5053,2017-06-14,372,6619,6991
5053,2017-06-15,487,7484,7971
5053,2017-06-16,453,7617,8070
5053,2017-06-17,195,5215,5410
5053,2017-06-18,45,3885,3930
5053,2017-06-19,333,6270,6603
5053,2017-06-20,330,6567,6897
5053,2017-06-21,385,6477,6862
5053,2017-06-22,358,6625,6983
5053,2017-06-23,45,3145,3190
5053,2017-06-24,172,4071,4243
5053,2017-06-25,49,3390,3439
5053,2017-06-26,333,6321,6654
5053,2017-06-27,367,6246,6613
5053,2017-06-28,298,6788,7086
5053,2017-06-29,336,6794,7130
5053,2017-06-30,338,6732,7070
5053,2017-07-02,38,3585,3623
5053,2017-07-03,246,6598,6844
5053,2017-07-04,374,6480,6854
5053,2017-07-05,373,6578,6951
5053,2017-07-06,324,6804,7128
5053,2017-07-07,420,6968,7388
5053,2017-07-08,202,4964,5166
5053,2017-07-09,26,3908,3934
5053,2017-07-10,394,6542,6936
5053,2017-07-11,358,6772,7130
5053,2017-07-12,304,6708,7012
5053,2017-07-13,338,6653,6991
5053,2017-07-14,364,6532,6896
5053,2017-07-15,171,4506,4677
5053,2017-07-16,64,4401,4465
5053,2017-07-17,320,5829,6149
5053,2017-07-18,329,6039,6368
5053,2017-07-19,382,5943,6325
5053,2017-07-20,272,6202,6474
5053,2017-07-21,341,5983,6324
5053,2017-07-22,210,4229,4439
5053,2017-07-23,52,2915,2967
5053,2017-07-24,274,5674,5948
5053,2017-07-25,335,5543,5878
5053,2017-07-26,379,5738,6117
5053,2017-07-27,314,5776,6090
5053,2017-07-28,253,5476,5729
5053,2017-07-30,36,3033,3069
5053,2017-07-31,258,4933,5191
5053,2017-08-01,226,5274,5500
5053,2017-08-02,219,5357,5576
5053,2017-08-03,232,5634,5866
5053,2017-08-04,230,5315,5545
5053,2017-08-05,169,4173,4342
5053,2017-08-06,70,4017,4087
5053,2017-08-07,226,4841,5067
5053,2017-08-08,190,4924,5114
5053,2017-08-09,212,4914,5126
5053,2017-08-10,266,4786,5052
5053,2017-08-11,225,4657,4882
5053,2017-08-12,132,3284,3416
5053,2017-08-13,26,2737,2763
5053,2017-08-14,197,4148,4345
5053,2017-08-15,26,2428,2454
5053,2017-08-16,210,4587,4797
5053,2017-08-17,222,4738,4960
5053,2017-08-18,162,4614,4776
5053,2017-08-19,142,3252,3394
5053,2017-08-20,27,2653,2680
5053,2017-08-21,221,4747,4968
5053,2017-08-22,286,5162,5448
5053,2017-08-23,300,4572,4872
5053,2017-08-25,268,4884,5152
5053,2017-08-26,138,3836,3974
5053,2017-08-27,36,3260,3296
5053,2017-08-28,310,5209,5519
5053,2017-08-29,340,5581,5921
5053,2017-08-30,303,5455,5758
5053,2017-08-31,260,6178,6438
5053,2017-09-01,308,5684,5992
5053,2017-09-02,178,3520,3698
5053,2017-09-03,41,3550,3591
5053,2017-09-04,290,5221,5511
5053,2017-09-05,325,5492,5817
5053,2017-09-06,318,5552,5870
5053,2017-09-07,341,5684,6025
5053,2017-09-08,332,6000,6332
5053,2017-09-09,146,4016,4162
5053,2017-09-10,44,3510,3554
5053,2017-09-11,262,6116,6378
5053,2017-09-12,302,6258,6560
5053,2017-09-13,270,6246,6516
5053,2017-09-14,286,6384,6670
5053,2017-09-15,306,6486,6792
5053,2017-09-16,150,4348,4498
5053,2017-09-17,26,3346,3372
5053,2017-09-18,357,6170,6527
5053,2017-09-19,347,6322,6669
5053,2017-09-20,356,6374,6730
5053,2017-09-21,320,6626,6946
5053,2017-09-22,325,6497,6822
5053,2017-09-23,202,4737,4939
5053,2017-09-24,58,4510,4568
5053,2017-09-25,331,6323,6654
5053,2017-09-26,332,6585,6917
5053,2017-09-27,354,6428,6782
5053,2017-09-29,346,6849,7195
5053,2017-09-30,150,4704,4854
5053,2017-10-01,40,4035,4075
5053,2017-10-02,290,6548,6838
5053,2017-10-03,314,6904,7218
5053,2017-10-04,370,6370,6740
5053,2017-10-05,309,6533,6842
5053,2017-10-06,310,6950,7260
5053,2017-10-07,160,4792,4952
5053,2017-10-08,16,3370,3386
5053,2017-10-09,321,6205,6526
5053,2017-10-10,323,6436,6759
5053,2017-10-11,333,6422,6755
5053,2017-10-12,335,6550,6885
5053,2017-10-13,383,6654,7037
5053,2017-10-14,204,4745,4949
5053,2017-10-15,66,3737,3803
5053,2017-10-16,382,6461,6843
5053,2017-10-17,355,6653,7008
5053,2017-10-18,347,6350,6697
5053,2017-10-19,394,6621,7015
5053,2017-10-20,312,7172,7484
5053,2017-10-21,158,4566,4724
5053,2017-10-22,14,3290,3304
5053,2017-10-23,304,6179,6483
5053,2017-10-24,300,6746,7046
5053,2017-10-25,335,6519,6854
5053,2017-10-27,378,6554,6932
5053,2017-10-28,160,4277,4437
5053,2017-10-29,36,2881,2917
5053,2017-10-30,317,5723,6040
5053,2017-10-31,340,5791,6131
5053,2017-11-01,43,3379,3422
5053,2017-11-03,316,5694,6010
5053,2017-11-04,244,4006,4250
5053,2017-11-05,22,2644,2666
5053,2017-11-06,317,5913,6230
5053,2017-11-07,485,6406,6891
5053,2017-11-08,304,6221,6525
5053,2017-11-09,368,6304,6672
5053,2017-11-10,318,6868,7186
5053,2017-11-11,156,4598,4754
5053,2017-11-12,66,3102,3168
5053,2017-11-13,341,6023,6364
5053,2017-11-14,380,6171,6551
5053,2017-11-15,330,6176,6506
5053,2017-11-17,329,6292,6621
5053,2017-11-18,144,4302,4446
5053,2017-11-19,14,2968,2982
5053,2017-11-20,302,6154,6456
5053,2017-11-21,284,6530,6814
5053,2017-11-22,350,6210,6560
5053,2017-11-23,322,6654,6976
5053,2017-11-24,300,7090,7390
5053,2017-11-25,170,4361,4531
5053,2017-11-26,33,3304,3337
5053,2017-11-27,308,6210,6518
5053,2017-11-28,266,6674,6940
5053,2017-11-29,300,6452,6752
5053,2017-12-01,296,6514,6810
5053,2017-12-02,188,4422,4610
5053,2017-12-03,34,3207,3241
5053,2017-12-04,240,6336,6576
5053,2017-12-05,279,6196,6475
5053,2017-12-06,283,5957,6240
5053,2017-12-07,306,6636,6942
5053,2017-12-08,370,6662,7032
5053,2017-12-09,159,4306,4465
5053,2017-12-10,26,2298,2324
5053,2017-12-11,314,6324,6638
5053,2017-12-12,337,6110,6447
5053,2017-12-13,306,5988,6294
5053,2017-12-14,306,6574,6880
5053,2017-12-15,268,6536,6804
5053,2017-12-16,134,4044,4178
5053,2017-12-17,19,2991,3010
5053,2017-12-18,214,5234,5448
5053,2017-12-19,208,5668,5876
5053,2017-12-20,226,5388,5614
5053,2017-12-21,172,5396,5568
5053,2017-12-22,213,5072,5285
5053,2017-12-23,142,3604,3746
5053,2017-12-24,25,2551,2576
5053,2017-12-25,17,2510,2527
5053,2017-12-26,22,2176,2198
5053,2017-12-27,142,4132,4274
5053,2017-12-28,195,3959,4154
5053,2017-12-29,174,3632,3806
5053,2017-12-30,128,3184,3312
5053,2017-12-31,10,2352,2362
5055,2017-05-19,377,4636,5013
5055,2017-05-20,193,3400,3593
5055,2017-05-21,51,3174,3225
5055,2017-05-22,354,4432,4786
5055,2017-05-23,344,4637,4981
5055,2017-05-24,323,4996,5319
5055,2017-05-25,59,4561,4620
5055,2017-05-26,291,4666,4957
5055,2017-05-27,150,3716,3866
5055,2017-05-28,50,3096,3146
5055,2017-05-29,326,4665,4991
5055,2017-05-30,306,4886,5192
5055,2017-05-31,334,4801,5135
5055,2017-06-01,331,4502,4833
5055,2017-06-03,141,2891,3032
5055,2017-06-04,38,2626,2664
5055,2017-06-05,33,2163,2196
5055,2017-06-06,288,3798,4086
5055,2017-06-07,290,4066,4356
5055,2017-06-08,321,4212,4533
5055,2017-06-09,351,4132,4483
5055,2017-06-10,154,3262,3416
5055,2017-06-11,42,2994,3036
5055,2017-06-12,323,4640,4963
5055,2017-06-13,352,4820,5172
5055,2017-06-14,327,4916,5243
5055,2017-06-15,473,6502,6975
5055,2017-06-16,441,6924,7365
5055,2017-06-17,183,4710,4893
5055,2017-06-18,44,3149,3193
5055,2017-06-19,325,4619,4944
5055,2017-06-20,339,4915,5254
5055,2017-06-21,317,4809,5126
5055,2017-06-22,375,5320,5695
5055,2017-06-23,37,2283,2320
5055,2017-06-24,157,2888,3045
5055,2017-06-25,31,2434,2465
5055,2017-06-26,328,4550,4878
5055,2017-06-27,304,4370,4674
5055,2017-06-28,426,4488,4914
5055,2017-06-29,313,4757,5070
5055,2017-07-01,208,3105,3313
5055,2017-07-02,38,2521,2559
5055,2017-07-03,259,3883,4142
5055,2017-07-04,341,4679,5020
5055,2017-07-05,341,4787,5128
5055,2017-07-06,346,6112,6458
5055,2017-07-07,366,6074,6440
5055,2017-07-08,181,3469,3650
5055,2017-07-09,50,2677,2727
5055,2017-07-10,355,4555,4910
5055,2017-07-11,365,4736,5101
5055,2017-07-12,326,4483,4809
5055,2017-07-13,390,4897,5287
5055,2017-07-14,397,4803,5200
5055,2017-07-15,168,3190,3358
5055,2017-07-16,47,2775,2822
5055,2017-07-17,484,4109,4593
5055,2017-07-18,451,4383,4834
5055,2017-07-19,425,4249,4674
5055,2017-07-20,408,4351,4759
5055,2017-07-21,410,4501,4911
5055,2017-07-22,187,2868,3055
5055,2017-07-23,40,2178,2218
5055,2017-07-24,364,3660,4024
5055,2017-07-25,404,4024,4428
5055,2017-07-26,353,4145,4498
5055,2017-07-27,280,3984,4264
5055,2017-07-28,225,3889,4114
5055,2017-07-29,145,2844,2989
5055,2017-07-30,33,2332,2365
5055,2017-07-31,230,3362,3592
5055,2017-08-01,212,3388,3600
5055,2017-08-02,215,3779,3994
5055,2017-08-03,258,3909,4167
5055,2017-08-05,142,2860,3002
5055,2017-08-06,51,2860,2911
5055,2017-08-07,238,3464,3702
5055,2017-08-08,224,3317,3541
5055,2017-08-09,247,3387,3634
5055,2017-08-10,247,3489,3736
5055,2017-08-11,223,3323,3546
5055,2017-08-12,135,2046,2181
5055,2017-08-13,35,2006,2041
5055,2017-08-14,202,2756,2958
5055,2017-08-15,24,1702,1726
5055,2017-08-16,232,3197,3429
5055,2017-08-17,268,3269,3537
5055,2017-08-18,222,3023,3245
5055,2017-08-19,131,2149,2280
5055,2017-08-20,31,1918,1949
5055,2017-08-21,251,3305,3556
5055,2017-08-22,288,3684,3972
5055,2017-08-23,115,2007,2122
5055,2017-08-25,157,1898,2055
5055,2017-08-26,130,2610,2740
5055,2017-08-27,34,2370,2404
5055,2017-08-28,304,3568,3872
5055,2017-08-29,287,3948,4235
5055,2017-08-30,264,3939,4203
5055,2017-08-31,294,3956,4250
5055,2017-09-01,291,4041,4332
5055,2017-09-02,76,1332,1408
5055,2017-09-03,32,2484,2516
5055,2017-09-04,260,3628,3888
5055,2017-09-05,290,3948,4238
5055,2017-09-06,293,3915,4208
5055,2017-09-07,377,4113,4490
5055,2017-09-08,342,4113,4455
5055,2017-09-09,254,2852,3106
5055,2017-09-10,45,2605,2650
5055,2017-09-11,325,4155,4480
5055,2017-09-12,343,4370,4713
5055,2017-09-13,298,4008,4306
5055,2017-09-14,295,4274,4569
5055,2017-09-15,335,4311,4646
5055,2017-09-16,160,2982,3142
5055,2017-09-17,38,2385,2423
5055,2017-09-18,318,4462,4780
5055,2017-09-19,381,4593,4974
5055,2017-09-20,354,4590,4944
5055,2017-09-21,327,4718,5045
5055,2017-09-22,318,4690,5008
5055,2017-09-23,219,3239,3458
5055,2017-09-24,68,4098,4166
5055,2017-09-25,333,4530,4863
5055,2017-09-26,334,4684,5018
5055,2017-09-27,328,4547,4875
5055,2017-09-28,309,4587,4896
5055,2017-09-29,293,4837,5130
5055,2017-09-30,180,3056,3236
5055,2017-10-01,46,2966,3012
5055,2017-10-02,289,4262,4551
5055,2017-10-03,320,4674,4994
5055,2017-10-04,338,4488,4826
5055,2017-10-05,294,4596,4890
5055,2017-10-06,352,4474,4826
5055,2017-10-07,167,3206,3373
5055,2017-10-08,23,2309,2332
5055,2017-10-09,327,4296,4623
5055,2017-10-10,308,4643,4951
5055,2017-10-11,347,4639,4986
5055,2017-10-12,292,4647,4939
5055,2017-10-13,320,4728,5048
5055,2017-10-14,157,3214,3371
5055,2017-10-15,62,2602,2664
5055,2017-10-16,383,4543,4926
5055,2017-10-17,427,4995,5422
5055,2017-10-18,358,4498,4856
5055,2017-10-19,452,4771,5223
5055,2017-10-20,330,4782,5112
5055,2017-10-21,153,2945,3098
5055,2017-10-22,39,2269,2308
5055,2017-10-23,322,4352,4674
5055,2017-10-24,356,4452,4808
5055,2017-10-25,393,4585,4978
5055,2017-10-27,471,4661,5132
5055,2017-10-28,154,2824,2978
5055,2017-10-29,36,2052,2088
5055,2017-10-30,318,4046,4364
5055,2017-10-31,301,4022,4323
5055,2017-11-01,30,2462,2492
5055,2017-11-03,345,3861,4206
5055,2017-11-04,342,2730,3072
5055,2017-11-05,42,2062,2104
5055,2017-11-06,317,4486,4803
5055,2017-11-07,504,4683,5187
5055,2017-11-08,324,4320,4644
5055,2017-11-09,384,4597,4981
5055,2017-11-10,412,4604,5016
5055,2017-11-11,181,3147,3328
5055,2017-11-12,26,2142,2168
5055,2017-11-13,306,4304,4610
5055,2017-11-14,360,4486,4846
5055,2017-11-15,359,4383,4742
5055,2017-11-17,294,4513,4807
5055,2017-11-18,156,2988,3144
5055,2017-11-19,27,2266,2293
5055,2017-11-20,294,4246,4540
5055,2017-11-21,288,4490,4778
5055,2017-11-22,315,4470,4785
5055,2017-11-23,300,4864,5164
5055,2017-11-24,324,4912,5236
5055,2017-11-25,166,2920,3086
5055,2017-11-26,38,2411,2449
5055,2017-11-27,290,4328,4618
5055,2017-11-28,334,4920,5254
5055,2017-11-29,328,4334,4662
5055,2017-12-01,321,4654,4975
5055,2017-12-02,168,3054,3222
5055,2017-12-03,36,2279,2315
5055,2017-12-04,285,4389,4674
5055,2017-12-05,293,4643,4936
5055,2017-12-06,315,4327,4642
5055,2017-12-07,304,4806,5110
5055,2017-12-08,340,4560,4900
5055,2017-12-09,143,2828,2971
5055,2017-12-10,46,1486,1532
5055,2017-12-12,305,4476,4781
5055,2017-12-13,218,3548,3766
5055,2017-12-14,316,4510,4826
5055,2017-12-15,306,4373,4679
5055,2017-12-16,130,2697,2827
5055,2017-12-17,24,2089,2113
5055,2017-12-18,170,3730,3900
5055,2017-12-19,268,4079,4347
5055,2017-12-20,232,3728,3960
5055,2017-12-21,213,3742,3955
5055,2017-12-22,231,3461,3692
5055,2017-12-23,136,2420,2556
5055,2017-12-24,24,1772,1796
5055,2017-12-25,21,1732,1753
5055,2017-12-26,20,1492,1512
5055,2017-12-27,178,2640,2818
5055,2017-12-28,193,2616,2809
5055,2017-12-29,191,2191,2382
5055,2017-12-30,140,1972,2112
5055,2017-12-31,18,1554,1572
5073,2017-01-01,NA,480,NA
5073,2017-01-02,5,681,686
5073,2017-01-03,6,919,925
5073,2017-01-04,13,947,960
5073,2017-01-05,7,804,811
5073,2017-01-06,3,937,940
5073,2017-01-07,2,619,621
5073,2017-01-08,2,488,490
5073,2017-01-09,10,1133,1143
5073,2017-01-10,4,1239,1243
5073,2017-01-11,11,1196,1207
5073,2017-01-12,6,1239,1245
5073,2017-01-13,6,1219,1225
5073,2017-01-14,4,851,855
5073,2017-01-15,NA,705,NA
5073,2017-01-16,12,1166,1178
5073,2017-01-17,9,1261,1270
5073,2017-01-18,14,1276,1290
5073,2017-01-20,14,1299,1313
5073,2017-01-21,4,1037,1041
5073,2017-01-22,4,675,679
5073,2017-01-23,9,1171,1180
5073,2017-01-24,5,1145,1150
5073,2017-01-25,21,1341,1362
5073,2017-01-26,6,1351,1357
5073,2017-01-27,7,1377,1384
5073,2017-01-28,2,764,766
5073,2017-01-29,4,678,682
5073,2017-01-30,8,1170,1178
5073,2017-01-31,6,1282,1288
5073,2017-02-01,19,1288,1307
5073,2017-02-02,9,1347,1356
5073,2017-02-03,10,1317,1327
5073,2017-02-04,4,887,891
5073,2017-02-05,2,737,739
5073,2017-02-06,13,1348,1361
5073,2017-02-07,11,1375,1386
5073,2017-02-08,15,1357,1372
5073,2017-02-09,16,1374,1390
5073,2017-02-10,9,1319,1328
5073,2017-02-11,5,944,949
5073,2017-02-12,NA,774,NA
5073,2017-02-13,16,1359,1375
5073,2017-02-14,19,1460,1479
5073,2017-02-15,30,1523,1553
5073,2017-02-16,11,1513,1524
5073,2017-02-17,18,1434,1452
5073,2017-02-18,14,1026,1040
5073,2017-02-19,2,790,792
5073,2017-02-20,10,457,467
5073,2017-02-21,21,384,405
5073,2017-02-22,11,405,416
5073,2017-02-24,14,380,394
5073,2017-02-25,2,367,369
5073,2017-02-26,3,346,349
5073,2017-02-27,9,369,378
5073,2017-02-28,8,401,409
5073,2017-03-01,14,356,370
5073,2017-03-02,10,431,441
5073,2017-03-03,8,823,831
5073,2017-03-04,2,1175,1177
5073,2017-03-05,NA,769,NA
5073,2017-03-06,8,1609,1617
5073,2017-03-07,8,1675,1683
5073,2017-03-08,18,1557,1575
5073,2017-03-09,8,1614,1622
5073,2017-03-10,21,1711,1732
5073,2017-03-11,6,1304,1310
5073,2017-03-12,2,1021,1023
5073,2017-03-13,30,1527,1557
5073,2017-03-14,42,1638,1680
5073,2017-03-15,24,1536,1560
5073,2017-03-16,21,1765,1786
5073,2017-03-17,22,1576,1598
5073,2017-03-18,10,1139,1149
5073,2017-03-19,4,841,845
5073,2017-03-20,12,1631,1643
5073,2017-03-21,28,1561,1589
5073,2017-03-22,15,1502,1517
5073,2017-03-23,6,1657,1663
5073,2017-03-24,15,1665,1680
5073,2017-03-25,12,1344,1356
5073,2017-03-27,12,1618,1630
5073,2017-03-28,11,1684,1695
5073,2017-03-29,45,1652,1697
5073,2017-03-31,43,1706,1749
5073,2017-04-01,12,1134,1146
5073,2017-04-02,4,1168,1172
5073,2017-04-03,26,1691,1717
5073,2017-04-04,15,1880,1895
5073,2017-04-05,21,1861,1882
5073,2017-04-06,16,1800,1816
5073,2017-04-07,14,1758,1772
5073,2017-04-08,9,1376,1385
5073,2017-04-09,4,1149,1153
5073,2017-04-10,6,1433,1439
5073,2017-04-11,12,1637,1649
5073,2017-04-12,12,1566,1578
5073,2017-04-13,22,1505,1527
5073,2017-04-14,10,1580,1590
5073,2017-04-15,7,1091,1098
5073,2017-04-16,NA,781,NA
5073,2017-04-17,6,653,659
5073,2017-04-18,9,1548,1557
5073,2017-04-19,8,1517,1525
5073,2017-04-20,7,1584,1591
5073,2017-04-21,7,1569,1576
5073,2017-04-23,4,1156,1160
5073,2017-04-24,18,1702,1720
5073,2017-04-25,17,1777,1794
5073,2017-04-26,29,1733,1762
5073,2017-04-28,17,1719,1736
5073,2017-04-29,7,1358,1365
5073,2017-04-30,NA,1008,NA
5073,2017-05-01,2,728,730
5073,2017-05-02,9,1760,1769
5073,2017-05-03,20,1687,1707
5073,2017-05-04,21,1826,1847
5073,2017-05-05,11,1826,1837
5073,2017-05-06,11,1387,1398
5073,2017-05-07,4,983,987
5073,2017-05-08,17,1649,1666
5073,2017-05-09,16,1897,1913
5073,2017-05-10,18,1839,1857
5073,2017-05-11,12,1712,1724
5073,2017-05-12,12,1692,1704
5073,2017-05-13,4,1225,1229
5073,2017-05-14,3,980,983
5073,2017-05-15,35,1687,1722
5073,2017-05-16,18,1806,1824
5073,2017-05-17,69,1739,1808
5073,2017-05-18,19,1565,1584
5073,2017-05-19,37,1548,1585
5073,2017-05-20,11,1241,1252
5073,2017-05-21,4,1036,1040
5073,2017-05-22,18,1587,1605
5073,2017-05-23,24,1669,1693
5073,2017-05-24,42,1635,1677
5073,2017-05-26,49,1597,1646
5073,2017-05-27,5,1243,1248
5073,2017-05-28,NA,1007,NA
5073,2017-05-29,15,1115,1130
5073,2017-05-30,26,1064,1090
5073,2017-05-31,13,1331,1344
5073,2017-06-01,11,1576,1587
5073,2017-06-02,11,1542,1553
5073,2017-06-03,9,1239,1248
5073,2017-06-05,NA,968,NA
5073,2017-06-06,41,1259,1300
5073,2017-06-07,16,1278,1294
5073,2017-06-08,10,1348,1358
5073,2017-06-09,16,1230,1246
5073,2017-06-10,6,1215,1221
5073,2017-06-11,2,1123,1125
5073,2017-06-12,12,1517,1529
5073,2017-06-13,13,1731,1744
5073,2017-06-14,27,1685,1712
5073,2017-06-15,23,1610,1633
5073,2017-06-16,21,1651,1672
5073,2017-06-17,9,1296,1305
5073,2017-06-18,3,1105,1108
5073,2017-06-19,19,1582,1601
5073,2017-06-20,25,1674,1699
5073,2017-06-21,26,1747,1773
5073,2017-06-22,18,1621,1639
5073,2017-06-23,4,788,792
5073,2017-06-24,4,1139,1143
5073,2017-06-25,8,935,943
5073,2017-06-26,17,1528,1545
5073,2017-06-27,24,1495,1519
5073,2017-06-28,15,1494,1509
5073,2017-06-30,7,1494,1501
5073,2017-07-01,2,1077,1079
5073,2017-07-02,NA,888,NA
5073,2017-07-03,11,1430,1441
5073,2017-07-04,19,1630,1649
5073,2017-07-05,19,1686,1705
5073,2017-07-06,40,1554,1594
5073,2017-07-07,10,1564,1574
5073,2017-07-08,14,1221,1235
5073,2017-07-09,NA,870,NA
5073,2017-07-10,20,1453,1473
5073,2017-07-11,14,1637,1651
5073,2017-07-12,15,1450,1465
5073,2017-07-13,16,1548,1564
5073,2017-07-14,17,1446,1463
5073,2017-07-15,7,1100,1107
5073,2017-07-16,8,1024,1032
5073,2017-07-17,37,1475,1512
5073,2017-07-18,20,1329,1349
5073,2017-07-19,22,1481,1503
5073,2017-07-20,13,1293,1306
5073,2017-07-21,13,1429,1442
5073,2017-07-22,18,1110,1128
5073,2017-07-23,4,821,825
5073,2017-07-24,7,1168,1175
5073,2017-07-25,17,1276,1293
5073,2017-07-26,36,1418,1454
5073,2017-07-28,7,1313,1320
5073,2017-07-29,7,1015,1022
5073,2017-07-30,8,757,765
5073,2017-07-31,20,1126,1146
5073,2017-08-01,14,1016,1030
5073,2017-08-02,17,1187,1204
5073,2017-08-03,46,1144,1190
5073,2017-08-04,10,1111,1121
5073,2017-08-05,16,893,909
5073,2017-08-06,8,865,873
5073,2017-08-07,17,1099,1116
5073,2017-08-08,13,985,998
5073,2017-08-09,12,1101,1113
5073,2017-08-10,17,994,1011
5073,2017-08-11,3,962,965
5073,2017-08-12,7,702,709
5073,2017-08-13,NA,715,NA
5073,2017-08-14,39,1016,1055
5073,2017-08-15,6,588,594
5073,2017-08-16,16,1106,1122
5073,2017-08-17,16,1062,1078
5073,2017-08-18,14,954,968
5073,2017-08-19,11,857,868
5073,2017-08-20,2,758,760
5073,2017-08-21,7,1170,1177
5073,2017-08-22,8,1130,1138
5073,2017-08-23,11,1292,1303
5073,2017-08-25,12,1175,1187
5073,2017-08-26,10,1301,1311
5073,2017-08-27,5,1066,1071
5073,2017-08-28,16,1866,1882
5073,2017-08-29,24,1974,1998
5073,2017-08-30,24,1870,1894
5073,2017-08-31,15,1858,1873
5073,2017-09-01,40,1728,1768
5073,2017-09-02,12,1149,1161
5073,2017-09-03,2,1185,1187
5073,2017-09-04,7,1606,1613
5073,2017-09-05,23,1672,1695
5073,2017-09-06,25,1741,1766
5073,2017-09-07,44,1753,1797
5073,2017-09-08,15,1862,1877
5073,2017-09-09,12,1718,1730
5073,2017-09-10,12,1393,1405
5073,2017-09-11,12,1734,1746
5073,2017-09-12,20,1864,1884
5073,2017-09-13,24,1817,1841
5073,2017-09-14,24,1884,1908
5073,2017-09-15,22,2074,2096
5073,2017-09-16,6,1510,1516
5073,2017-09-17,8,1482,1490
5073,2017-09-18,18,1538,1556
5073,2017-09-19,18,1372,1390
5073,2017-09-20,20,1535,1555
5073,2017-09-21,30,1455,1485
5073,2017-09-22,18,1566,1584
5073,2017-09-23,13,1328,1341
5073,2017-09-24,4,1164,1168
5073,2017-09-25,16,1526,1542
5073,2017-09-26,13,1605,1618
5073,2017-09-27,26,1578,1604
5073,2017-09-28,8,1589,1597
5073,2017-09-29,11,1593,1604
5073,2017-09-30,2,1034,1036
5073,2017-10-01,NA,1169,NA
5073,2017-10-02,13,1391,1404
5073,2017-10-03,12,1603,1615
5073,2017-10-04,27,1528,1555
5073,2017-10-05,18,1416,1434
5073,2017-10-06,39,1351,1390
5073,2017-10-07,3,1117,1120
5073,2017-10-08,2,1000,1002
5073,2017-10-09,9,1518,1527
5073,2017-10-10,21,1594,1615
5073,2017-10-11,21,1553,1574
5073,2017-10-12,38,1623,1661
5073,2017-10-13,21,1613,1634
5073,2017-10-14,3,1302,1305
5073,2017-10-15,NA,1045,NA
5073,2017-10-16,25,1492,1517
5073,2017-10-17,20,1633,1653
5073,2017-10-18,21,1568,1589
5073,2017-10-19,20,1450,1470
5073,2017-10-20,15,1368,1383
5073,2017-10-21,6,1060,1066
5073,2017-10-22,2,808,810
5073,2017-10-23,11,1367,1378
5073,2017-10-24,16,1425,1441
5073,2017-10-25,28,1597,1625
5073,2017-10-27,40,1503,1543
5073,2017-10-28,3,1043,1046
5073,2017-10-29,3,755,758
5073,2017-10-30,6,1319,1325
5073,2017-10-31,37,1385,1422
5073,2017-11-01,4,855,859
5073,2017-11-03,10,1241,1251
5073,2017-11-04,10,1060,1070
5073,2017-11-05,4,771,775
5073,2017-11-06,15,1401,1416
5073,2017-11-07,20,1515,1535
5073,2017-11-08,14,1358,1372
5073,2017-11-10,16,1401,1417
5073,2017-11-11,5,942,947
5073,2017-11-12,2,661,663
5073,2017-11-13,16,1370,1386
5073,2017-11-14,9,1485,1494
5073,2017-11-15,14,1411,1425
5073,2017-11-16,22,1498,1520
5073,2017-11-17,12,1459,1471
5073,2017-11-18,10,1060,1070
5073,2017-11-19,2,867,869
5073,2017-11-20,12,1429,1441
5073,2017-11-21,13,1440,1453
5073,2017-11-22,21,1522,1543
5073,2017-11-24,14,1436,1450
5073,2017-11-25,3,1073,1076
5073,2017-11-26,5,890,895
5073,2017-11-27,6,1359,1365
5073,2017-11-28,14,1502,1516
5073,2017-11-29,16,1413,1429
5073,2017-11-30,12,1425,1437
5073,2017-12-01,19,1398,1417
5073,2017-12-02,4,992,996
5073,2017-12-03,NA,609,NA
5073,2017-12-04,16,1466,1482
5073,2017-12-05,17,1502,1519
5073,2017-12-06,20,1430,1450
5073,2017-12-07,15,1466,1481
5073,2017-12-08,14,1092,1106
5073,2017-12-09,7,954,961
5073,2017-12-10,2,534,536
5073,2017-12-11,14,1347,1361
5073,2017-12-12,14,1374,1388
5073,2017-12-13,14,1196,1210
5073,2017-12-14,8,1323,1331
5073,2017-12-15,8,1365,1373
5073,2017-12-16,4,962,966
5073,2017-12-17,NA,656,NA
5073,2017-12-18,5,964,969
5073,2017-12-19,8,1259,1267
5073,2017-12-20,12,1134,1146
5073,2017-12-21,8,1139,1147
5073,2017-12-22,9,1245,1254
5073,2017-12-23,4,933,937
5073,2017-12-24,NA,788,NA
5073,2017-12-25,2,612,614
5073,2017-12-26,NA,525,NA
5073,2017-12-27,12,964,976
5073,2017-12-28,6,936,942
5073,2017-12-29,3,710,713
5073,2017-12-30,2,772,774
5073,2017-12-31,NA,733,NA
5074,2017-01-01,8,760,768
5074,2017-01-02,6,1240,1246
5074,2017-01-03,3,1424,1427
5074,2017-01-04,10,1382,1392
5074,2017-01-05,9,1395,1404
5074,2017-01-06,9,1597,1606
5074,2017-01-07,16,1110,1126
5074,2017-01-08,6,863,869
5074,2017-01-09,8,1809,1817
5074,2017-01-10,3,2046,2049
5074,2017-01-11,7,2020,2027
5074,2017-01-12,9,2056,2065
5074,2017-01-13,18,2046,2064
5074,2017-01-14,11,1427,1438
5074,2017-01-15,10,1153,1163
5074,2017-01-16,10,1967,1977
5074,2017-01-17,10,2065,2075
5074,2017-01-18,8,2011,2019
5074,2017-01-20,19,2131,2150
5074,2017-01-21,22,1555,1577
5074,2017-01-22,5,1124,1129
5074,2017-01-23,25,1948,1973
5074,2017-01-24,19,2032,2051
5074,2017-01-25,10,2063,2073
5074,2017-01-26,14,2127,2141
5074,2017-01-27,19,2183,2202
5074,2017-01-28,13,1413,1426
5074,2017-01-29,10,1130,1140
5074,2017-01-30,12,1941,1953
5074,2017-01-31,22,1997,2019
5074,2017-02-01,19,2018,2037
5074,2017-02-02,11,2127,2138
5074,2017-02-03,30,1860,1890
5074,2017-02-04,22,1502,1524
5074,2017-02-05,6,1155,1161
5074,2017-02-06,18,2042,2060
5074,2017-02-07,12,2221,2233
5074,2017-02-08,12,2202,2214
5074,2017-02-09,19,2245,2264
5074,2017-02-10,13,2113,2126
5074,2017-02-11,14,1503,1517
5074,2017-02-12,12,1158,1170
5074,2017-02-13,13,2060,2073
5074,2017-02-14,12,2230,2242
5074,2017-02-15,26,2520,2546
5074,2017-02-16,16,2548,2564
5074,2017-02-17,18,2399,2417
5074,2017-02-18,13,1645,1658
5074,2017-02-19,8,1128,1136
5074,2017-02-20,7,1407,1414
5074,2017-02-21,11,1541,1552
5074,2017-02-22,13,1427,1440
5074,2017-02-24,8,1726,1734
5074,2017-02-25,9,1273,1282
5074,2017-02-26,6,1026,1032
5074,2017-02-27,30,1699,1729
5074,2017-02-28,21,1923,1944
5074,2017-03-01,9,1915,1924
5074,2017-03-02,15,2033,2048
5074,2017-03-03,30,2325,2355
5074,2017-03-04,21,1920,1941
5074,2017-03-05,11,1307,1318
5074,2017-03-06,22,2467,2489
5074,2017-03-07,16,2619,2635
5074,2017-03-08,14,2497,2511
5074,2017-03-09,28,2600,2628
5074,2017-03-10,18,2687,2705
5074,2017-03-11,44,2115,2159
5074,2017-03-12,7,1558,1565
5074,2017-03-13,17,2369,2386
5074,2017-03-14,25,2580,2605
5074,2017-03-15,27,2585,2612
5074,2017-03-16,20,2769,2789
5074,2017-03-17,106,2662,2768
5074,2017-03-18,14,1880,1894
5074,2017-03-19,6,1297,1303
5074,2017-03-20,23,2810,2833
5074,2017-03-21,16,2354,2370
5074,2017-03-22,26,2417,2443
5074,2017-03-23,20,2658,2678
5074,2017-03-24,29,2651,2680
5074,2017-03-25,21,2121,2142
5074,2017-03-27,21,2453,2474
5074,2017-03-28,23,2587,2610
5074,2017-03-29,20,2619,2639
5074,2017-03-31,27,2744,2771
5074,2017-04-01,14,2069,2083
5074,2017-04-02,7,1761,1768
5074,2017-04-03,22,3003,3025
5074,2017-04-04,20,3469,3489
5074,2017-04-05,25,3383,3408
5074,2017-04-06,19,3356,3375
5074,2017-04-07,24,3377,3401
5074,2017-04-08,24,2441,2465
5074,2017-04-09,8,1935,1943
5074,2017-04-10,19,2732,2751
5074,2017-04-11,26,3029,3055
5074,2017-04-12,20,3002,3022
5074,2017-04-13,15,2887,2902
5074,2017-04-14,18,3091,3109
5074,2017-04-15,16,2115,2131
5074,2017-04-16,20,1443,1463
5074,2017-04-17,6,1286,1292
5074,2017-04-18,11,2827,2838
5074,2017-04-19,19,2817,2836
5074,2017-04-20,15,2936,2951
5074,2017-04-21,19,2843,2862
5074,2017-04-22,16,2386,2402
5074,2017-04-23,9,1799,1808
5074,2017-04-24,28,3067,3095
5074,2017-04-25,18,3457,3475
5074,2017-04-26,39,3299,3338
5074,2017-04-28,33,3345,3378
5074,2017-04-29,40,2701,2741
5074,2017-04-30,7,1863,1870
5074,2017-05-01,10,1497,1507
5074,2017-05-02,25,3320,3345
5074,2017-05-03,24,3368,3392
5074,2017-05-04,17,3364,3381
5074,2017-05-05,19,3303,3322
5074,2017-05-06,21,2591,2612
5074,2017-05-07,9,2044,2053
5074,2017-05-08,18,3039,3057
5074,2017-05-09,22,3295,3317
5074,2017-05-10,58,3285,3343
5074,2017-05-11,52,3189,3241
5074,2017-05-12,60,3082,3142
5074,2017-05-13,41,2269,2310
5074,2017-05-14,21,1572,1593
5074,2017-05-15,48,2525,2573
5074,2017-05-16,24,2877,2901
5074,2017-05-17,66,2692,2758
5074,2017-05-18,14,2672,2686
5074,2017-05-19,70,2338,2408
5074,2017-05-20,31,2011,2042
5074,2017-05-21,10,1479,1489
5074,2017-05-22,27,2507,2534
5074,2017-05-23,23,2576,2599
5074,2017-05-24,20,2579,2599
5074,2017-05-26,21,2332,2353
5074,2017-05-27,84,2016,2100
5074,2017-05-28,10,1621,1631
5074,2017-05-29,56,290,346
5074,2017-05-30,44,275,319
5074,2017-05-31,10,1093,1103
5074,2017-06-01,18,2389,2407
5074,2017-06-03,16,1902,1918
5074,2017-06-04,6,1190,1196
5074,2017-06-05,2,1238,1240
5074,2017-06-06,52,1998,2050
5074,2017-06-07,27,2012,2039
5074,2017-06-08,18,2154,2172
5074,2017-06-09,82,2051,2133
5074,2017-06-10,10,1922,1932
5074,2017-06-11,8,1717,1725
5074,2017-06-12,16,2416,2432
5074,2017-06-13,36,2713,2749
5074,2017-06-14,20,2577,2597
5074,2017-06-15,28,2544,2572
5074,2017-06-16,24,2640,2664
5074,2017-06-17,18,2077,2095
5074,2017-06-18,6,1605,1611
5074,2017-06-19,16,2468,2484
5074,2017-06-20,34,2546,2580
5074,2017-06-21,37,2723,2760
5074,2017-06-22,15,2326,2341
5074,2017-06-23,3,1148,1151
5074,2017-06-24,14,1855,1869
5074,2017-06-25,18,1448,1466
5074,2017-06-26,77,2395,2472
5074,2017-06-27,18,2114,2132
5074,2017-06-28,16,2072,2088
5074,2017-06-30,18,2320,2338
5074,2017-07-01,5,1762,1767
5074,2017-07-02,7,1433,1440
5074,2017-07-03,32,2308,2340
5074,2017-07-04,30,2526,2556
5074,2017-07-05,21,2481,2502
5074,2017-07-06,36,2318,2354
5074,2017-07-07,20,2342,2362
5074,2017-07-08,10,2072,2082
5074,2017-07-09,10,1276,1286
5074,2017-07-10,20,2106,2126
5074,2017-07-11,21,2529,2550
5074,2017-07-12,10,2402,2412
5074,2017-07-13,17,2536,2553
5074,2017-07-14,4,2258,2262
5074,2017-07-15,11,1849,1860
5074,2017-07-16,8,1538,1546
5074,2017-07-17,16,2216,2232
5074,2017-07-18,14,2100,2114
5074,2017-07-19,17,2312,2329
5074,2017-07-20,12,2132,2144
5074,2017-07-21,16,2353,2369
5074,2017-07-22,16,1686,1702
5074,2017-07-23,9,1273,1282
5074,2017-07-24,8,1890,1898
5074,2017-07-25,4,2054,2058
5074,2017-07-26,10,2212,2222
5074,2017-07-28,68,2019,2087
5074,2017-07-29,35,1511,1546
5074,2017-07-30,30,1164,1194
5074,2017-07-31,40,1670,1710
5074,2017-08-01,14,1606,1620
5074,2017-08-02,14,1827,1841
5074,2017-08-03,12,1777,1789
5074,2017-08-04,11,1676,1687
5074,2017-08-05,17,1371,1388
5074,2017-08-06,15,1181,1196
5074,2017-08-07,22,1574,1596
5074,2017-08-08,13,1510,1523
5074,2017-08-09,12,1584,1596
5074,2017-08-10,10,1561,1571
5074,2017-08-11,10,1565,1575
5074,2017-08-12,7,1130,1137
5074,2017-08-13,6,1050,1056
5074,2017-08-14,12,1460,1472
5074,2017-08-15,14,816,830
5074,2017-08-16,25,1660,1685
5074,2017-08-17,15,1625,1640
5074,2017-08-18,29,1563,1592
5074,2017-08-19,9,1362,1371
5074,2017-08-20,4,1095,1099
5074,2017-08-21,6,1616,1622
5074,2017-08-22,20,1812,1832
5074,2017-08-23,10,1893,1903
5074,2017-08-25,19,1788,1807
5074,2017-08-26,17,1572,1589
5074,2017-08-27,5,1306,1311
5074,2017-08-28,16,2145,2161
5074,2017-08-29,79,2169,2248
5074,2017-08-30,47,2053,2100
5074,2017-08-31,23,2012,2035
5074,2017-09-01,18,1977,1995
5074,2017-09-02,14,1410,1424
5074,2017-09-03,5,1518,1523
5074,2017-09-04,39,1723,1762
5074,2017-09-05,34,1863,1897
5074,2017-09-06,33,1903,1936
5074,2017-09-07,26,1961,1987
5074,2017-09-08,19,1950,1969
5074,2017-09-09,17,2164,2181
5074,2017-09-10,9,1616,1625
5074,2017-09-11,16,1862,1878
5074,2017-09-12,10,2020,2030
5074,2017-09-13,23,1935,1958
5074,2017-09-14,24,2046,2070
5074,2017-09-15,25,2196,2221
5074,2017-09-16,34,1732,1766
5074,2017-09-17,9,1614,1623
5074,2017-09-18,13,1945,1958
5074,2017-09-19,32,2066,2098
5074,2017-09-20,28,2147,2175
5074,2017-09-21,53,2244,2297
5074,2017-09-22,31,2304,2335
5074,2017-09-23,10,2008,2018
5074,2017-09-24,8,1703,1711
5074,2017-09-25,20,2212,2232
5074,2017-09-26,25,2302,2327
5074,2017-09-27,81,2402,2483
5074,2017-09-28,35,2392,2427
5074,2017-09-29,104,2414,2518
5074,2017-09-30,18,1962,1980
5074,2017-10-01,58,1978,2036
5074,2017-10-02,10,2098,2108
5074,2017-10-03,24,2248,2272
5074,2017-10-04,15,2346,2361
5074,2017-10-05,20,2240,2260
5074,2017-10-06,27,2240,2267
5074,2017-10-07,12,1924,1936
5074,2017-10-08,8,1480,1488
5074,2017-10-09,19,2262,2281
5074,2017-10-10,14,2430,2444
5074,2017-10-11,19,2454,2473
5074,2017-10-12,129,2545,2674
5074,2017-10-13,23,2550,2573
5074,2017-10-14,28,1980,2008
5074,2017-10-15,6,1530,1536
5074,2017-10-16,73,2248,2321
5074,2017-10-17,25,2454,2479
5074,2017-10-18,31,2270,2301
5074,2017-10-19,22,2122,2144
5074,2017-10-20,23,2093,2116
5074,2017-10-21,16,1711,1727
5074,2017-10-22,6,1205,1211
5074,2017-10-23,20,2080,2100
5074,2017-10-24,15,2145,2160
5074,2017-10-25,26,2219,2245
5074,2017-10-27,25,2280,2305
5074,2017-10-28,20,1711,1731
5074,2017-10-29,9,1144,1153
5074,2017-10-30,65,2011,2076
5074,2017-10-31,22,2048,2070
5074,2017-11-01,2,1321,1323
5074,2017-11-03,13,1964,1977
5074,2017-11-04,10,1586,1596
5074,2017-11-05,14,1211,1225
5074,2017-11-06,25,2101,2126
5074,2017-11-07,20,2268,2288
5074,2017-11-08,16,1948,1964
5074,2017-11-10,15,2239,2254
5074,2017-11-11,12,1642,1654
5074,2017-11-12,6,1126,1132
5074,2017-11-13,28,1948,1976
5074,2017-11-14,17,2292,2309
5074,2017-11-15,21,2217,2238
5074,2017-11-16,18,2343,2361
5074,2017-11-17,20,2292,2312
5074,2017-11-18,14,1807,1821
5074,2017-11-19,6,1309,1315
5074,2017-11-20,20,2117,2137
5074,2017-11-21,22,2275,2297
5074,2017-11-22,38,2362,2400
5074,2017-11-24,20,2227,2247
5074,2017-11-25,8,1631,1639
5074,2017-11-26,10,1316,1326
5074,2017-11-27,14,2059,2073
5074,2017-11-28,27,2271,2298
5074,2017-11-29,16,2145,2161
5074,2017-11-30,18,2133,2151
5074,2017-12-01,23,2096,2119
5074,2017-12-02,12,1712,1724
5074,2017-12-03,8,1048,1056
5074,2017-12-04,11,2151,2162
5074,2017-12-05,23,2235,2258
5074,2017-12-06,20,2236,2256
5074,2017-12-07,17,2238,2255
5074,2017-12-08,26,1884,1910
5074,2017-12-09,11,1529,1540
5074,2017-12-10,19,754,773
5074,2017-12-11,22,1860,1882
5074,2017-12-12,13,2108,2121
5074,2017-12-13,6,1737,1743
5074,2017-12-14,21,2171,2192
5074,2017-12-15,6,2106,2112
5074,2017-12-16,15,1512,1527
5074,2017-12-17,6,1014,1020
5074,2017-12-18,10,1485,1495
5074,2017-12-19,12,1854,1866
5074,2017-12-20,10,1730,1740
5074,2017-12-21,13,1706,1719
5074,2017-12-22,12,1916,1928
5074,2017-12-23,15,1334,1349
5074,2017-12-24,12,1048,1060
5074,2017-12-25,4,900,904
5074,2017-12-26,3,786,789
5074,2017-12-27,4,1338,1342
5074,2017-12-28,6,1415,1421
5074,2017-12-29,7,869,876
5074,2017-12-30,14,1186,1200
5074,2017-12-31,14,1105,1119
5075,2017-01-01,100,1157,1257
5075,2017-01-02,180,1590,1770
5075,2017-01-03,192,1965,2157
5075,2017-01-04,181,1932,2113
5075,2017-01-05,185,2119,2304
5075,2017-01-06,184,2210,2394
5075,2017-01-07,150,1755,1905
5075,2017-01-08,93,1238,1331
5075,2017-01-09,237,2468,2705
5075,2017-01-10,220,2704,2924
5075,2017-01-11,232,2559,2791
5075,2017-01-12,224,2673,2897
5075,2017-01-13,238,2624,2862
5075,2017-01-14,149,2182,2331
5075,2017-01-15,91,1663,1754
5075,2017-01-16,250,2527,2777
5075,2017-01-17,260,2748,3008
5075,2017-01-18,239,2688,2927
5075,2017-01-20,268,2784,3052
5075,2017-01-21,154,2236,2390
5075,2017-01-22,91,1602,1693
5075,2017-01-23,256,2407,2663
5075,2017-01-24,255,2632,2887
5075,2017-01-25,253,2697,2950
5075,2017-01-26,234,2777,3011
5075,2017-01-27,257,2815,3072
5075,2017-01-28,151,2214,2365
5075,2017-01-29,93,1375,1468
5075,2017-01-30,254,2665,2919
5075,2017-01-31,255,2912,3167
5075,2017-02-01,252,2904,3156
5075,2017-02-02,241,3077,3318
5075,2017-02-03,243,3096,3339
5075,2017-02-04,156,2140,2296
5075,2017-02-05,90,1524,1614
5075,2017-02-06,256,2730,2986
5075,2017-02-07,245,2910,3155
5075,2017-02-08,253,2793,3046
5075,2017-02-09,235,2920,3155
5075,2017-02-10,261,3158,3419
5075,2017-02-11,155,2165,2320
5075,2017-02-12,91,1597,1688
5075,2017-02-13,249,2774,3023
5075,2017-02-14,240,3325,3565
5075,2017-02-15,242,3493,3735
5075,2017-02-16,231,3444,3675
5075,2017-02-17,273,3347,3620
5075,2017-02-18,160,2289,2449
5075,2017-02-19,87,1467,1554
5075,2017-02-20,204,2352,2556
5075,2017-02-21,211,2789,3000
5075,2017-02-22,190,2599,2789
5075,2017-02-24,190,2584,2774
5075,2017-02-25,149,2216,2365
5075,2017-02-26,92,1599,1691
5075,2017-02-27,249,2965,3214
5075,2017-02-28,231,3417,3648
5075,2017-03-01,234,3592,3826
5075,2017-03-02,230,3653,3883
5075,2017-03-03,256,3837,4093
5075,2017-03-04,155,2980,3135
5075,2017-03-05,92,1581,1673
5075,2017-03-06,235,3110,3345
5075,2017-03-07,244,3529,3773
5075,2017-03-08,239,3465,3704
5075,2017-03-09,242,3220,3462
5075,2017-03-10,251,3621,3872
5075,2017-03-11,195,3135,3330
5075,2017-03-12,102,1962,2064
5075,2017-03-13,237,3327,3564
5075,2017-03-14,238,3647,3885
5075,2017-03-15,243,3578,3821
5075,2017-03-16,236,3705,3941
5075,2017-03-17,344,3595,3939
5075,2017-03-18,165,2678,2843
5075,2017-03-19,87,1602,1689
5075,2017-03-20,235,3321,3556
5075,2017-03-21,256,3060,3316
5075,2017-03-22,234,3202,3436
5075,2017-03-23,239,3588,3827
5075,2017-03-24,249,3624,3873
5075,2017-03-25,165,3061,3226
5075,2017-03-27,231,3345,3576
5075,2017-03-28,256,3648,3904
5075,2017-03-29,258,3402,3660
5075,2017-03-31,268,3819,4087
5075,2017-04-01,157,2863,3020
5075,2017-04-02,95,2257,2352
5075,2017-04-03,35,2446,2481
5075,2017-04-04,23,1827,1850
5075,2017-04-05,25,1645,1670
5075,2017-04-06,27,1595,1622
5075,2017-04-07,30,1856,1886
5075,2017-04-08,10,1745,1755
5075,2017-04-09,6,1146,1152
5075,2017-04-10,24,1449,1473
5075,2017-04-11,46,1631,1677
5075,2017-04-12,40,1537,1577
5075,2017-04-13,32,1604,1636
5075,2017-04-14,96,1948,2044
5075,2017-04-15,9,1335,1344
5075,2017-04-16,12,533,545
5075,2017-04-17,10,446,456
5075,2017-04-18,29,1121,1150
5075,2017-04-19,20,1163,1183
5075,2017-04-20,17,1314,1331
5075,2017-04-21,31,1348,1379
5075,2017-04-22,9,1113,1122
5075,2017-04-23,5,744,749
5075,2017-04-24,18,1259,1277
5075,2017-04-25,28,1293,1321
5075,2017-04-26,42,1259,1301
5075,2017-04-28,31,1310,1341
5075,2017-04-29,12,1502,1514
5075,2017-04-30,3,944,947
5075,2017-05-01,NA,607,NA
5075,2017-05-02,35,1318,1353
5075,2017-05-03,32,1216,1248
5075,2017-05-04,22,1445,1467
5075,2017-05-05,18,1581,1599
5075,2017-05-06,12,1506,1518
5075,2017-05-07,2,579,581
5075,2017-05-08,20,1213,1233
5075,2017-05-09,34,1490,1524
5075,2017-05-10,35,1640,1675
5075,2017-05-11,45,1571,1616
5075,2017-05-12,108,1916,2024
5075,2017-05-13,172,2319,2491
5075,2017-05-14,115,1575,1690
5075,2017-05-15,234,2536,2770
5075,2017-05-16,241,2990,3231
5075,2017-05-17,266,2942,3208
5075,2017-05-18,251,2844,3095
5075,2017-05-19,308,2631,2939
5075,2017-05-20,169,2379,2548
5075,2017-05-21,104,1731,1835
5075,2017-05-22,250,2708,2958
5075,2017-05-23,260,3073,3333
5075,2017-05-24,268,2982,3250
5075,2017-05-26,237,2917,3154
5075,2017-05-27,149,2443,2592
5075,2017-05-28,96,1803,1899
5075,2017-05-29,320,3312,3632
5075,2017-05-30,319,3794,4113
5075,2017-05-31,290,3320,3610
5075,2017-06-01,279,2949,3228
5075,2017-06-02,338,3430,3768
5075,2017-06-03,180,2254,2434
5075,2017-06-04,93,1335,1428
5075,2017-06-05,87,1560,1647
5075,2017-06-06,235,1993,2228
5075,2017-06-07,221,2048,2269
5075,2017-06-08,224,2381,2605
5075,2017-06-09,228,2277,2505
5075,2017-06-10,154,2642,2796
5075,2017-06-11,92,2131,2223
5075,2017-06-12,259,2486,2745
5075,2017-06-13,257,2827,3084
5075,2017-06-14,268,2777,3045
5075,2017-06-15,263,2672,2935
5075,2017-06-16,238,2855,3093
5075,2017-06-17,200,2472,2672
5075,2017-06-18,93,1689,1782
5075,2017-06-19,250,2495,2745
5075,2017-06-20,260,2706,2966
5075,2017-06-21,278,2823,3101
5075,2017-06-22,252,2609,2861
5075,2017-06-23,104,1335,1439
5075,2017-06-24,164,2193,2357
5075,2017-06-25,106,1753,1859
5075,2017-06-26,288,2737,3025
5075,2017-06-27,535,2484,3019
5075,2017-06-28,266,2574,2840
5075,2017-06-30,282,2723,3005
5075,2017-07-01,152,2131,2283
5075,2017-07-02,100,1582,1682
5075,2017-07-03,297,2652,2949
5075,2017-07-04,259,2966,3225
5075,2017-07-05,274,2824,3098
5075,2017-07-06,304,2664,2968
5075,2017-07-07,262,2752,3014
5075,2017-07-08,159,2465,2624
5075,2017-07-09,98,1558,1656
5075,2017-07-10,256,2304,2560
5075,2017-07-11,253,2565,2818
5075,2017-07-12,235,2385,2620
5075,2017-07-13,223,2722,2945
5075,2017-07-14,262,2775,3037
5075,2017-07-15,171,2098,2269
5075,2017-07-16,96,1750,1846
5075,2017-07-17,224,2377,2601
5075,2017-07-18,224,2552,2776
5075,2017-07-19,215,2468,2683
5075,2017-07-20,200,2272,2472
5075,2017-07-21,209,2477,2686
5075,2017-07-22,159,2113,2272
5075,2017-07-23,109,1446,1555
5075,2017-07-24,218,1886,2104
5075,2017-07-25,225,2168,2393
5075,2017-07-26,202,2344,2546
5075,2017-07-28,201,2337,2538
5075,2017-07-29,171,2058,2229
5075,2017-07-30,92,1510,1602
5075,2017-07-31,188,1996,2184
5075,2017-08-01,184,1826,2010
5075,2017-08-02,190,2099,2289
5075,2017-08-03,192,2033,2225
5075,2017-08-04,279,2045,2324
5075,2017-08-05,153,1730,1883
5075,2017-08-06,98,1453,1551
5075,2017-08-07,198,2044,2242
5075,2017-08-08,197,1794,1991
5075,2017-08-09,181,1934,2115
5075,2017-08-10,195,1819,2014
5075,2017-08-11,214,1878,2092
5075,2017-08-12,161,1562,1723
5075,2017-08-13,92,1394,1486
5075,2017-08-14,167,2200,2367
5075,2017-08-15,84,964,1048
5075,2017-08-16,204,2119,2323
5075,2017-08-17,188,2026,2214
5075,2017-08-18,192,1922,2114
5075,2017-08-19,139,1895,2034
5075,2017-08-20,92,1467,1559
5075,2017-08-21,210,2009,2219
5075,2017-08-22,235,2343,2578
5075,2017-08-23,202,2271,2473
5075,2017-08-25,224,2192,2416
5075,2017-08-26,180,2278,2458
5075,2017-08-27,117,1895,2012
5075,2017-08-28,238,2621,2859
5075,2017-08-29,263,2709,2972
5075,2017-08-30,284,2589,2873
5075,2017-08-31,239,2704,2943
5075,2017-09-01,264,2622,2886
5075,2017-09-02,170,2040,2210
5075,2017-09-03,106,1872,1978
5075,2017-09-04,236,2315,2551
5075,2017-09-05,292,2770,3062
5075,2017-09-06,335,2803,3138
5075,2017-09-07,264,2765,3029
5075,2017-09-08,293,2888,3181
5075,2017-09-09,196,2824,3020
5075,2017-09-10,117,1984,2101
5075,2017-09-11,277,2695,2972
5075,2017-09-12,270,3092,3362
5075,2017-09-13,239,2850,3089
5075,2017-09-14,215,3685,3900
5075,2017-09-15,256,4266,4522
5075,2017-09-16,188,2540,2728
5075,2017-09-17,120,2282,2402
5075,2017-09-18,243,2450,2693
5075,2017-09-19,289,2585,2874
5075,2017-09-20,299,2690,2989
5075,2017-09-21,290,2726,3016
5075,2017-09-22,255,4072,4327
5075,2017-09-23,232,4857,5089
5075,2017-09-24,230,4288,4518
5075,2017-09-25,185,3670,3855
5075,2017-09-26,179,2369,2548
5075,2017-09-27,357,2621,2978
5075,2017-09-28,347,2739,3086
5075,2017-09-29,274,2128,2402
5075,2017-09-30,176,2104,2280
5075,2017-10-01,94,1904,1998
5075,2017-10-02,276,2302,2578
5075,2017-10-03,196,3028,3224
5075,2017-10-04,272,2397,2669
5075,2017-10-05,268,2663,2931
5075,2017-10-06,319,3037,3356
5075,2017-10-07,160,2291,2451
5075,2017-10-08,95,2040,2135
5075,2017-10-09,281,2385,2666
5075,2017-10-10,270,2603,2873
5075,2017-10-11,273,2558,2831
5075,2017-10-12,267,2817,3084
5075,2017-10-13,285,2828,3113
5075,2017-10-14,200,2326,2526
5075,2017-10-15,92,1669,1761
5075,2017-10-16,314,2439,2753
5075,2017-10-17,256,2660,2916
5075,2017-10-18,264,2588,2852
5075,2017-10-19,258,2862,3120
5075,2017-10-20,274,2688,2962
5075,2017-10-21,168,2133,2301
5075,2017-10-22,91,1444,1535
5075,2017-10-23,260,2389,2649
5075,2017-10-24,273,2648,2921
5075,2017-10-25,293,2589,2882
5075,2017-10-27,293,2804,3097
5075,2017-10-28,160,1944,2104
5075,2017-10-29,92,1492,1584
5075,2017-10-30,216,2149,2365
5075,2017-10-31,273,2367,2640
5075,2017-11-01,94,1626,1720
5075,2017-11-03,239,2115,2354
5075,2017-11-04,164,1899,2063
5075,2017-11-05,91,1397,1488
5075,2017-11-06,257,2188,2445
5075,2017-11-07,249,2480,2729
5075,2017-11-08,294,2290,2584
5075,2017-11-10,256,2394,2650
5075,2017-11-11,157,1858,2015
5075,2017-11-12,98,1114,1212
5075,2017-11-13,274,2135,2409
5075,2017-11-14,259,2468,2727
5075,2017-11-15,271,2291,2562
5075,2017-11-16,258,2370,2628
5075,2017-11-17,290,2579,2869
5075,2017-11-18,155,2191,2346
5075,2017-11-19,88,1381,1469
5075,2017-11-20,261,2383,2644
5075,2017-11-21,259,2640,2899
5075,2017-11-22,260,2705,2965
5075,2017-11-24,251,2709,2960
5075,2017-11-25,153,2298,2451
5075,2017-11-26,90,1882,1972
5075,2017-11-27,240,2673,2913
5075,2017-11-28,255,2846,3101
5075,2017-11-29,241,2707,2948
5075,2017-11-30,239,2871,3110
5075,2017-12-01,243,2965,3208
5075,2017-12-02,159,2599,2758
5075,2017-12-03,86,1458,1544
5075,2017-12-04,238,2672,2910
5075,2017-12-05,238,2906,3144
5075,2017-12-06,230,2578,2808
5075,2017-12-07,244,2918,3162
5075,2017-12-08,249,2914,3163
5075,2017-12-09,145,2218,2363
5075,2017-12-10,90,1210,1300
5075,2017-12-11,220,2582,2802
5075,2017-12-12,218,2894,3112
5075,2017-12-13,229,2520,2749
5075,2017-12-14,209,2714,2923
5075,2017-12-15,239,2776,3015
5075,2017-12-16,153,2047,2200
5075,2017-12-17,87,1173,1260
5075,2017-12-18,187,2020,2207
5075,2017-12-19,191,2206,2397
5075,2017-12-20,196,2239,2435
5075,2017-12-21,205,2227,2432
5075,2017-12-22,193,2413,2606
5075,2017-12-23,153,1902,2055
5075,2017-12-24,60,1416,1476
5075,2017-12-25,74,1176,1250
5075,2017-12-26,84,978,1062
5075,2017-12-27,174,1636,1810
5075,2017-12-28,176,1951,2127
5075,2017-12-29,175,1542,1717
5075,2017-12-30,148,1794,1942
5075,2017-12-31,89,1346,1435
5076,2017-01-01,51,2042,2093
5076,2017-01-02,125,3063,3188
5076,2017-01-03,135,3458,3593
5076,2017-01-04,136,3582,3718
5076,2017-01-05,136,3785,3921
5076,2017-01-06,136,4163,4299
5076,2017-01-07,101,3101,3202
5076,2017-01-08,46,2442,2488
5076,2017-01-09,169,3983,4152
5076,2017-01-10,173,4341,4514
5076,2017-01-11,151,4235,4386
5076,2017-01-12,176,4548,4724
5076,2017-01-13,167,4649,4816
5076,2017-01-14,94,3986,4080
5076,2017-01-15,50,2781,2831
5076,2017-01-16,190,4583,4773
5076,2017-01-17,207,4676,4883
5076,2017-01-18,193,4527,4720
5076,2017-01-20,186,4939,5125
5076,2017-01-21,112,3917,4029
5076,2017-01-22,52,2800,2852
5076,2017-01-23,210,4542,4752
5076,2017-01-24,217,4598,4815
5076,2017-01-25,197,4701,4898
5076,2017-01-26,211,4794,5005
5076,2017-01-27,214,4983,5197
5076,2017-01-28,110,3883,3993
5076,2017-01-29,48,2742,2790
5076,2017-01-30,174,4445,4619
5076,2017-01-31,206,4856,5062
5076,2017-02-01,195,4737,4932
5076,2017-02-02,189,4807,4996
5076,2017-02-03,194,5000,5194
5076,2017-02-04,89,3675,3764
5076,2017-02-05,51,2947,2998
5076,2017-02-06,194,4551,4745
5076,2017-02-07,183,4713,4896
5076,2017-02-08,203,4759,4962
5076,2017-02-09,202,4905,5107
5076,2017-02-10,212,5087,5299
5076,2017-02-11,106,3829,3935
5076,2017-02-12,51,2845,2896
5076,2017-02-13,182,4689,4871
5076,2017-02-14,207,5006,5213
5076,2017-02-15,242,6288,6530
5076,2017-02-16,195,6795,6990
5076,2017-02-17,213,6827,7040
5076,2017-02-18,99,4473,4572
5076,2017-02-19,48,2691,2739
5076,2017-02-20,157,4616,4773
5076,2017-02-21,175,5018,5193
5076,2017-02-22,178,4801,4979
5076,2017-02-24,206,5321,5527
5076,2017-02-25,97,3939,4036
5076,2017-02-26,51,2897,2948
5076,2017-02-27,223,5909,6132
5076,2017-02-28,207,6446,6653
5076,2017-03-01,199,6188,6387
5076,2017-03-02,245,6783,7028
5076,2017-03-03,234,7310,7544
5076,2017-03-04,106,5425,5531
5076,2017-03-05,45,3149,3194
5076,2017-03-06,222,6386,6608
5076,2017-03-07,231,6606,6837
5076,2017-03-08,220,6563,6783
5076,2017-03-09,200,6440,6640
5076,2017-03-10,237,7065,7302
5076,2017-03-11,116,5518,5634
5076,2017-03-12,50,3517,3567
5076,2017-03-13,255,7790,8045
5076,2017-03-14,250,8819,9069
5076,2017-03-15,281,8406,8687
5076,2017-03-16,272,8922,9194
5076,2017-03-17,259,8959,9218
5076,2017-03-18,88,6309,6397
5076,2017-03-19,48,4023,4071
5076,2017-03-20,285,8608,8893
5076,2017-03-21,273,8172,8445
5076,2017-03-22,264,8130,8394
5076,2017-03-23,244,8637,8881
5076,2017-03-24,238,8886,9124
5076,2017-03-25,114,6695,6809
5076,2017-03-27,250,8176,8426
5076,2017-03-28,239,8671,8910
5076,2017-03-29,248,8474,8722
5076,2017-03-31,259,8764,9023
5076,2017-04-01,128,5976,6104
5076,2017-04-02,55,3947,4002
5076,2017-04-03,273,6836,7109
5076,2017-04-04,260,7031,7291
5076,2017-04-05,290,7027,7317
5076,2017-04-06,305,6915,7220
5076,2017-04-07,286,7073,7359
5076,2017-04-08,128,4776,4904
5076,2017-04-09,46,3202,3248
5076,2017-04-10,206,5387,5593
5076,2017-04-11,229,6067,6296
5076,2017-04-12,194,5576,5770
5076,2017-04-13,202,5380,5582
5076,2017-04-14,181,5673,5854
5076,2017-04-15,109,3945,4054
5076,2017-04-16,51,2523,2574
5076,2017-04-17,52,2063,2115
5076,2017-04-18,204,5431,5635
5076,2017-04-19,234,5431,5665
5076,2017-04-20,228,5359,5587
5076,2017-04-21,198,5658,5856
5076,2017-04-22,119,4576,4695
5076,2017-04-23,45,3288,3333
5076,2017-04-24,227,6154,6381
5076,2017-04-25,255,6785,7040
5076,2017-04-26,278,6451,6729
5076,2017-04-28,224,6870,7094
5076,2017-04-29,122,5681,5803
5076,2017-04-30,49,3576,3625
5076,2017-05-01,46,2654,2700
5076,2017-05-02,285,6809,7094
5076,2017-05-03,302,6986,7288
5076,2017-05-04,270,6840,7110
5076,2017-05-05,264,6599,6863
5076,2017-05-06,124,4665,4789
5076,2017-05-07,46,3801,3847
5076,2017-05-08,261,5436,5697
5076,2017-05-09,235,5769,6004
5076,2017-05-10,238,5372,5610
5076,2017-05-11,245,5448,5693
5076,2017-05-12,194,5261,5455
5076,2017-05-13,96,4214,4310
5076,2017-05-14,48,2859,2907
5076,2017-05-15,248,4952,5200
5076,2017-05-16,228,5359,5587
5076,2017-05-17,232,5230,5462
5076,2017-05-18,216,5325,5541
5076,2017-05-19,208,4936,5144
5076,2017-05-20,159,4366,4525
5076,2017-05-21,54,3161,3215
5076,2017-05-22,201,4986,5187
5076,2017-05-23,188,4764,4952
5076,2017-05-24,212,5458,5670
5076,2017-05-26,163,4886,5049
5076,2017-05-27,121,3859,3980
5076,2017-05-28,38,3044,3082
5076,2017-05-29,186,4334,4520
5076,2017-05-30,203,4370,4573
5076,2017-05-31,210,4861,5071
5076,2017-06-01,206,6239,6445
5076,2017-06-02,220,5767,5987
5076,2017-06-03,117,4068,4185
5076,2017-06-04,47,2517,2564
5076,2017-06-05,43,2189,2232
5076,2017-06-06,152,3936,4088
5076,2017-06-07,186,3842,4028
5076,2017-06-08,173,4475,4648
5076,2017-06-09,172,4498,4670
5076,2017-06-10,97,3769,3866
5076,2017-06-11,42,3068,3110
5076,2017-06-12,174,4420,4594
5076,2017-06-13,176,5098,5274
5076,2017-06-14,156,4887,5043
5076,2017-06-15,200,4888,5088
5076,2017-06-16,184,5309,5493
5076,2017-06-17,109,4425,4534
5076,2017-06-18,44,3143,3187
5076,2017-06-19,185,4758,4943
5076,2017-06-20,188,5181,5369
5076,2017-06-21,184,4913,5097
5076,2017-06-22,188,4670,4858
5076,2017-06-23,74,2324,2398
5076,2017-06-24,101,4910,5011
5076,2017-06-25,51,2881,2932
5076,2017-06-26,186,4782,4968
5076,2017-06-27,188,4997,5185
5076,2017-06-28,178,4648,4826
5076,2017-06-30,201,5264,5465
5076,2017-07-01,107,3899,4006
5076,2017-07-02,52,3085,3137
5076,2017-07-03,190,4614,4804
5076,2017-07-04,198,4947,5145
5076,2017-07-05,203,5062,5265
5076,2017-07-06,202,4921,5123
5076,2017-07-07,130,3768,3898
5076,2017-07-08,99,3840,3939
5076,2017-07-09,51,2881,2932
5076,2017-07-10,182,4551,4733
5076,2017-07-11,186,4915,5101
5076,2017-07-12,138,4439,4577
5076,2017-07-13,167,5112,5279
5076,2017-07-14,199,4968,5167
5076,2017-07-15,105,3970,4075
5076,2017-07-16,47,2965,3012
5076,2017-07-17,157,4459,4616
5076,2017-07-18,152,4482,4634
5076,2017-07-19,161,4521,4682
5076,2017-07-20,182,4400,4582
5076,2017-07-21,168,4707,4875
5076,2017-07-22,109,3482,3591
5076,2017-07-23,55,2685,2740
5076,2017-07-24,172,4090,4262
5076,2017-07-25,162,4412,4574
5076,2017-07-26,166,4371,4537
5076,2017-07-28,175,4262,4437
5076,2017-07-29,100,3231,3331
5076,2017-07-30,49,2497,2546
5076,2017-07-31,160,3908,4068
5076,2017-08-01,158,3682,3840
5076,2017-08-02,135,3744,3879
5076,2017-08-03,149,3721,3870
5076,2017-08-04,136,3836,3972
5076,2017-08-05,95,2893,2988
5076,2017-08-06,55,2388,2443
5076,2017-08-07,154,3344,3498
5076,2017-08-08,133,3381,3514
5076,2017-08-09,146,3519,3665
5076,2017-08-10,149,3646,3795
5076,2017-08-11,147,3600,3747
5076,2017-08-12,96,2673,2769
5076,2017-08-13,50,2052,2102
5076,2017-08-14,134,3180,3314
5076,2017-08-15,50,1940,1990
5076,2017-08-16,159,3659,3818
5076,2017-08-17,166,3544,3710
5076,2017-08-18,137,3430,3567
5076,2017-08-19,94,3026,3120
5076,2017-08-20,51,2246,2297
5076,2017-08-21,171,3733,3904
5076,2017-08-22,153,3811,3964
5076,2017-08-23,154,3874,4028
5076,2017-08-25,163,3980,4143
5076,2017-08-26,128,3089,3217
5076,2017-08-27,63,2585,2648
5076,2017-08-28,191,4004,4195
5076,2017-08-29,199,4135,4334
5076,2017-08-30,217,4239,4456
5076,2017-08-31,189,4280,4469
5076,2017-09-01,191,4261,4452
5076,2017-09-02,146,3404,3550
5076,2017-09-03,56,2863,2919
5076,2017-09-04,196,3947,4143
5076,2017-09-05,209,4380,4589
5076,2017-09-06,187,4313,4500
5076,2017-09-07,248,4496,4744
5076,2017-09-08,218,4595,4813
5076,2017-09-09,122,3676,3798
5076,2017-09-10,65,3204,3269
5076,2017-09-11,213,4441,4654
5076,2017-09-12,238,4700,4938
5076,2017-09-13,188,4223,4411
5076,2017-09-14,208,4677,4885
5076,2017-09-15,209,5178,5387
5076,2017-09-16,117,3996,4113
5076,2017-09-17,54,3104,3158
5076,2017-09-18,209,4647,4856
5076,2017-09-19,232,4935,5167
5076,2017-09-20,245,4726,4971
5076,2017-09-21,230,4931,5161
5076,2017-09-22,203,5285,5488
5076,2017-09-23,107,4663,4770
5076,2017-09-24,51,4845,4896
5076,2017-09-25,203,4869,5072
5076,2017-09-26,227,4825,5052
5076,2017-09-27,225,4922,5147
5076,2017-09-28,225,5029,5254
5076,2017-09-29,278,5301,5579
5076,2017-09-30,102,4233,4335
5076,2017-10-01,69,5884,5953
5076,2017-10-02,187,4531,4718
5076,2017-10-03,227,4901,5128
5076,2017-10-04,219,4920,5139
5076,2017-10-05,215,4817,5032
5076,2017-10-06,247,5068,5315
5076,2017-10-07,111,4594,4705
5076,2017-10-08,57,3697,3754
5076,2017-10-09,219,5161,5380
5076,2017-10-10,223,5651,5874
5076,2017-10-11,245,5766,6011
5076,2017-10-12,240,5898,6138
5076,2017-10-13,217,5956,6173
5076,2017-10-14,109,4349,4458
5076,2017-10-15,54,3215,3269
5076,2017-10-16,227,4803,5030
5076,2017-10-17,212,4942,5154
5076,2017-10-18,215,4789,5004
5076,2017-10-19,205,5046,5251
5076,2017-10-20,181,4807,4988
5076,2017-10-21,100,4194,4294
5076,2017-10-22,47,3008,3055
5076,2017-10-23,192,4717,4909
5076,2017-10-24,190,4765,4955
5076,2017-10-25,225,4851,5076
5076,2017-10-27,195,5021,5216
5076,2017-10-28,104,3707,3811
5076,2017-10-29,53,2930,2983
5076,2017-10-30,188,4404,4592
5076,2017-10-31,169,4789,4958
5076,2017-11-01,50,2605,2655
5076,2017-11-03,185,4494,4679
5076,2017-11-04,103,3737,3840
5076,2017-11-05,52,2914,2966
5076,2017-11-06,207,4644,4851
5076,2017-11-07,216,4679,4895
5076,2017-11-08,191,4555,4746
5076,2017-11-10,189,4924,5113
5076,2017-11-11,98,3921,4019
5076,2017-11-12,54,2784,2838
5076,2017-11-13,207,4664,4871
5076,2017-11-14,217,4826,5043
5076,2017-11-15,257,4819,5076
5076,2017-11-16,231,4730,4961
5076,2017-11-17,227,5157,5384
5076,2017-11-18,110,4228,4338
5076,2017-11-19,56,2745,2801
5076,2017-11-20,196,4443,4639
5076,2017-11-21,208,4745,4953
5076,2017-11-22,224,4869,5093
5076,2017-11-24,187,4993,5180
5076,2017-11-25,101,4139,4240
5076,2017-11-26,52,3046,3098
5076,2017-11-27,169,4319,4488
5076,2017-11-28,196,4751,4947
5076,2017-11-29,205,4886,5091
5076,2017-11-30,222,4914,5136
5076,2017-12-01,195,5063,5258
5076,2017-12-02,113,4252,4365
5076,2017-12-03,50,2928,2978
5076,2017-12-04,211,4729,4940
5076,2017-12-05,218,4966,5184
5076,2017-12-06,215,4809,5024
5076,2017-12-07,219,4775,4994
5076,2017-12-08,231,5044,5275
5076,2017-12-09,115,4158,4273
5076,2017-12-10,51,2335,2386
5076,2017-12-11,176,4211,4387
5076,2017-12-12,224,4905,5129
5076,2017-12-13,146,3283,3429
5076,2017-12-14,192,4649,4841
5076,2017-12-15,195,4898,5093
5076,2017-12-16,101,3878,3979
5076,2017-12-17,51,2873,2924
5076,2017-12-18,126,3589,3715
5076,2017-12-19,182,4315,4497
5076,2017-12-20,164,4137,4301
5076,2017-12-21,187,4235,4422
5076,2017-12-22,152,4543,4695
5076,2017-12-23,101,3475,3576
5076,2017-12-24,42,2526,2568
5076,2017-12-25,52,1775,1827
5076,2017-12-26,48,1882,1930
5076,2017-12-27,118,3060,3178
5076,2017-12-28,135,3289,3424
5076,2017-12-29,95,2212,2307
5076,2017-12-30,88,3065,3153
5076,2017-12-31,53,2608,2661
5077,2017-01-01,9,1789,1798
5077,2017-01-02,14,3020,3034
5077,2017-01-03,25,3812,3837
5077,2017-01-04,63,3844,3907
5077,2017-01-05,21,3786,3807
5077,2017-01-06,27,3978,4005
5077,2017-01-07,6,2435,2441
5077,2017-01-08,3,2130,2133
5077,2017-01-09,28,4659,4687
5077,2017-01-10,33,4973,5006
5077,2017-01-11,31,5233,5264
5077,2017-01-12,36,5596,5632
5077,2017-01-13,28,4702,4730
5077,2017-01-14,16,3632,3648
5077,2017-01-15,10,2675,2685
5077,2017-01-16,27,5120,5147
5077,2017-01-17,37,5338,5375
5077,2017-01-18,66,5207,5273
5077,2017-01-20,53,5366,5419
5077,2017-01-21,14,3780,3794
5077,2017-01-22,8,2673,2681
5077,2017-01-23,35,4929,4964
5077,2017-01-24,38,5299,5337
5077,2017-01-25,39,5156,5195
5077,2017-01-26,43,5558,5601
5077,2017-01-27,40,5571,5611
5077,2017-01-28,12,3491,3503
5077,2017-01-29,4,2516,2520
5077,2017-01-30,28,5430,5458
5077,2017-01-31,58,5450,5508
5077,2017-02-01,52,5443,5495
5077,2017-02-02,45,5714,5759
5077,2017-02-03,86,6746,6832
5077,2017-02-04,10,3570,3580
5077,2017-02-05,6,2762,2768
5077,2017-02-06,50,5409,5459
5077,2017-02-07,56,6072,6128
5077,2017-02-08,56,5498,5554
5077,2017-02-09,64,5992,6056
5077,2017-02-10,53,5684,5737
5077,2017-02-11,14,3565,3579
5077,2017-02-12,3,2852,2855
5077,2017-02-13,52,5297,5349
5077,2017-02-14,52,5836,5888
5077,2017-02-15,52,5765,5817
5077,2017-02-16,46,6006,6052
5077,2017-02-17,54,5864,5918
5077,2017-02-18,21,3466,3487
5077,2017-02-19,2,2494,2496
5077,2017-02-20,40,4312,4352
5077,2017-02-21,34,4566,4600
5077,2017-02-22,34,4512,4546
5077,2017-02-24,44,4866,4910
5077,2017-02-25,23,3273,3296
5077,2017-02-26,8,2666,2674
5077,2017-02-27,20,4132,4152
5077,2017-02-28,34,4892,4926
5077,2017-03-01,28,5400,5428
5077,2017-03-02,52,5734,5786
5077,2017-03-03,49,5885,5934
5077,2017-03-04,12,3974,3986
5077,2017-03-05,10,3118,3128
5077,2017-03-06,118,6184,6302
5077,2017-03-07,126,6122,6248
5077,2017-03-08,136,5565,5701
5077,2017-03-09,34,6310,6344
5077,2017-03-10,53,5882,5935
5077,2017-03-11,18,4381,4399
5077,2017-03-12,9,3314,3323
5077,2017-03-13,44,5303,5347
5077,2017-03-14,48,5572,5620
5077,2017-03-15,52,5683,5735
5077,2017-03-16,37,5806,5843
5077,2017-03-17,72,5603,5675
5077,2017-03-18,39,3951,3990
5077,2017-03-19,7,2810,2817
5077,2017-03-20,74,5610,5684
5077,2017-03-21,34,6188,6222
5077,2017-03-22,47,5506,5553
5077,2017-03-23,27,5793,5820
5077,2017-03-24,64,5920,5984
5077,2017-03-25,21,4380,4401
5077,2017-03-27,49,5462,5511
5077,2017-03-28,48,5879,5927
5077,2017-03-29,62,5778,5840
5077,2017-03-31,64,5949,6013
5077,2017-04-01,19,4184,4203
5077,2017-04-02,7,3229,3236
5077,2017-04-03,48,5619,5667
5077,2017-04-04,42,5990,6032
5077,2017-04-05,51,5780,5831
5077,2017-04-06,51,5896,5947
5077,2017-04-07,77,6310,6387
5077,2017-04-08,20,4157,4177
5077,2017-04-09,10,3220,3230
5077,2017-04-10,46,5020,5066
5077,2017-04-11,61,5751,5812
5077,2017-04-12,53,5551,5604
5077,2017-04-13,76,5155,5231
5077,2017-04-14,50,4921,4971
5077,2017-04-15,17,3177,3194
5077,2017-04-16,2,2388,2390
5077,2017-04-17,8,2094,2102
5077,2017-04-18,99,4961,5060
5077,2017-04-19,42,5040,5082
5077,2017-04-20,68,5118,5186
5077,2017-04-21,66,4981,5047
5077,2017-04-22,22,3764,3786
5077,2017-04-23,15,3204,3219
5077,2017-04-24,44,5573,5617
5077,2017-04-25,64,5955,6019
5077,2017-04-26,104,5957,6061
5077,2017-04-28,76,5980,6056
5077,2017-04-29,17,4655,4672
5077,2017-04-30,3,3462,3465
5077,2017-05-01,13,2640,2653
5077,2017-05-02,53,5769,5822
5077,2017-05-03,54,6030,6084
5077,2017-05-04,72,6113,6185
5077,2017-05-05,78,6171,6249
5077,2017-05-06,27,4156,4183
5077,2017-05-07,7,3353,3360
5077,2017-05-08,77,5636,5713
5077,2017-05-09,59,6403,6462
5077,2017-05-10,62,6759,6821
5077,2017-05-11,98,7128,7226
5077,2017-05-12,78,6490,6568
5077,2017-05-13,28,4440,4468
5077,2017-05-14,10,3178,3188
5077,2017-05-15,58,5901,5959
5077,2017-05-16,73,6636,6709
5077,2017-05-17,73,6342,6415
5077,2017-05-18,68,7180,7248
5077,2017-05-19,46,6286,6332
5077,2017-05-20,21,4345,4366
5077,2017-05-21,18,3204,3222
5077,2017-05-22,55,6151,6206
5077,2017-05-23,77,6906,6983
5077,2017-05-24,60,6568,6628
5077,2017-05-26,31,5239,5270
5077,2017-05-27,25,4546,4571
5077,2017-05-28,7,3421,3428
5077,2017-05-29,31,5836,5867
5077,2017-05-30,48,6480,6528
5077,2017-05-31,59,6371,6430
5077,2017-06-01,60,6346,6406
5077,2017-06-02,80,5976,6056
5077,2017-06-03,26,3948,3974
5077,2017-06-04,8,2786,2794
5077,2017-06-05,7,2702,2709
5077,2017-06-06,42,5208,5250
5077,2017-06-07,52,5374,5426
5077,2017-06-08,46,5505,5551
5077,2017-06-09,68,5342,5410
5077,2017-06-10,26,4134,4160
5077,2017-06-11,14,3709,3723
5077,2017-06-12,72,5780,5852
5077,2017-06-13,67,6371,6438
5077,2017-06-14,56,6222,6278
5077,2017-06-15,52,6320,6372
5077,2017-06-16,62,6382,6444
5077,2017-06-17,32,4776,4808
5077,2017-06-18,12,3719,3731
5077,2017-06-19,58,5884,5942
5077,2017-06-20,70,6416,6486
5077,2017-06-21,72,6308,6380
5077,2017-06-22,59,6362,6421
5077,2017-06-23,7,2880,2887
5077,2017-06-24,21,4244,4265
5077,2017-06-25,14,3062,3076
5077,2017-06-26,58,6021,6079
5077,2017-06-27,74,6015,6089
5077,2017-06-28,58,6196,6254
5077,2017-06-30,69,6293,6362
5077,2017-07-01,12,4072,4084
5077,2017-07-02,7,3509,3516
5077,2017-07-03,58,6070,6128
5077,2017-07-04,59,6315,6374
5077,2017-07-05,64,6468,6532
5077,2017-07-06,76,6580,6656
5077,2017-07-07,66,6324,6390
5077,2017-07-08,33,4388,4421
5077,2017-07-09,18,3418,3436
5077,2017-07-10,56,5868,5924
5077,2017-07-11,50,6564,6614
5077,2017-07-12,56,6396,6452
5077,2017-07-13,54,6489,6543
5077,2017-07-14,62,6202,6264
5077,2017-07-15,46,4173,4219
5077,2017-07-16,11,3210,3221
5077,2017-07-17,47,5472,5519
5077,2017-07-18,61,5703,5764
5077,2017-07-19,56,5786,5842
5077,2017-07-20,46,5808,5854
5077,2017-07-21,58,5879,5937
5077,2017-07-22,22,3632,3654
5077,2017-07-23,8,3056,3064
5077,2017-07-24,28,4984,5012
5077,2017-07-25,54,5393,5447
5077,2017-07-26,53,5467,5520
5077,2017-07-28,45,5235,5280
5077,2017-07-29,18,3552,3570
5077,2017-07-30,9,2839,2848
5077,2017-07-31,38,4414,4452
5077,2017-08-01,48,4408,4456
5077,2017-08-02,28,4749,4777
5077,2017-08-03,38,4899,4937
5077,2017-08-04,43,4656,4699
5077,2017-08-05,11,3199,3210
5077,2017-08-06,9,2747,2756
5077,2017-08-07,38,4297,4335
5077,2017-08-08,42,4396,4438
5077,2017-08-09,32,4587,4619
5077,2017-08-10,41,4478,4519
5077,2017-08-11,49,4565,4614
5077,2017-08-12,48,3010,3058
5077,2017-08-13,9,2524,2533
5077,2017-08-14,22,3587,3609
5077,2017-08-15,NA,2402,NA
5077,2017-08-16,47,4528,4575
5077,2017-08-17,33,4592,4625
5077,2017-08-18,38,4166,4204
5077,2017-08-19,10,3225,3235
5077,2017-08-20,11,2650,2661
5077,2017-08-21,34,4675,4709
5077,2017-08-22,46,5009,5055
5077,2017-08-23,49,4982,5031
5077,2017-08-25,34,4842,4876
5077,2017-08-26,12,3152,3164
5077,2017-08-27,9,2791,2800
5077,2017-08-28,36,4858,4894
5077,2017-08-29,46,5593,5639
5077,2017-08-30,53,5515,5568
5077,2017-08-31,65,5598,5663
5077,2017-09-01,48,5328,5376
5077,2017-09-02,10,3224,3234
5077,2017-09-03,5,2776,2781
5077,2017-09-04,26,3429,3455
5077,2017-09-05,24,3503,3527
5077,2017-09-06,33,3762,3795
5077,2017-09-07,47,4009,4056
5077,2017-09-08,36,4382,4418
5077,2017-09-09,14,3352,3366
5077,2017-09-10,11,2866,2877
5077,2017-09-11,36,6050,6086
5077,2017-09-12,46,6196,6242
5077,2017-09-13,62,5918,5980
5077,2017-09-14,58,6088,6146
5077,2017-09-15,88,6175,6263
5077,2017-09-16,10,3878,3888
5077,2017-09-17,20,3106,3126
5077,2017-09-18,57,5688,5745
5077,2017-09-19,65,5888,5953
5077,2017-09-20,61,5866,5927
5077,2017-09-21,60,6252,6312
5077,2017-09-22,64,5959,6023
5077,2017-09-23,19,4428,4447
5077,2017-09-24,18,3698,3716
5077,2017-09-25,68,5968,6036
5077,2017-09-26,60,6602,6662
5077,2017-09-27,64,6471,6535
5077,2017-09-28,68,6537,6605
5077,2017-09-29,75,6362,6437
5077,2017-09-30,28,3918,3946
5077,2017-10-01,15,3779,3794
5077,2017-10-02,88,5627,5715
5077,2017-10-03,50,6252,6302
5077,2017-10-04,82,6069,6151
5077,2017-10-05,57,6269,6326
5077,2017-10-06,65,6176,6241
5077,2017-10-07,21,4800,4821
5077,2017-10-08,20,3504,3524
5077,2017-10-09,44,5583,5627
5077,2017-10-10,58,6063,6121
5077,2017-10-11,64,6057,6121
5077,2017-10-12,48,6190,6238
5077,2017-10-13,54,6118,6172
5077,2017-10-14,25,4740,4765
5077,2017-10-15,10,3657,3667
5077,2017-10-16,53,5806,5859
5077,2017-10-17,53,6329,6382
5077,2017-10-18,58,6148,6206
5077,2017-10-19,72,6442,6514
5077,2017-10-20,50,6580,6630
5077,2017-10-21,54,4504,4558
5077,2017-10-22,4,2882,2886
5077,2017-10-23,37,5735,5772
5077,2017-10-24,65,6252,6317
5077,2017-10-25,68,6145,6213
5077,2017-10-27,59,6270,6329
5077,2017-10-28,20,4058,4078
5077,2017-10-29,14,3064,3078
5077,2017-10-30,46,5231,5277
5077,2017-10-31,48,5471,5519
5077,2017-11-01,4,2998,3002
5077,2017-11-03,59,5616,5675
5077,2017-11-04,42,3817,3859
5077,2017-11-05,6,2862,2868
5077,2017-11-06,46,5663,5709
5077,2017-11-07,73,6481,6554
5077,2017-11-08,38,6244,6282
5077,2017-11-10,40,6512,6552
5077,2017-11-11,20,4170,4190
5077,2017-11-12,8,2946,2954
5077,2017-11-13,70,5720,5790
5077,2017-11-14,65,6196,6261
5077,2017-11-15,71,6059,6130
5077,2017-11-16,59,6075,6134
5077,2017-11-17,64,6600,6664
5077,2017-11-18,41,4781,4822
5077,2017-11-19,14,3590,3604
5077,2017-11-20,56,5810,5866
5077,2017-11-21,63,6118,6181
5077,2017-11-22,63,6093,6156
5077,2017-11-24,54,6336,6390
5077,2017-11-25,30,4209,4239
5077,2017-11-26,7,3026,3033
5077,2017-11-27,36,5804,5840
5077,2017-11-28,68,6648,6716
5077,2017-11-29,52,6218,6270
5077,2017-11-30,50,6416,6466
5077,2017-12-01,49,5681,5730
5077,2017-12-02,14,3871,3885
5077,2017-12-03,5,2329,2334
5077,2017-12-04,44,5444,5488
5077,2017-12-05,36,5837,5873
5077,2017-12-06,46,5831,5877
5077,2017-12-07,38,6412,6450
5077,2017-12-08,50,5682,5732
5077,2017-12-09,11,3569,3580
5077,2017-12-10,6,1456,1462
5077,2017-12-11,38,5924,5962
5077,2017-12-12,66,5770,5836
5077,2017-12-13,28,4872,4900
5077,2017-12-14,54,6176,6230
5077,2017-12-15,34,5926,5960
5077,2017-12-16,9,3718,3727
5077,2017-12-17,6,2401,2407
5077,2017-12-18,28,4355,4383
5077,2017-12-19,54,5382,5436
5077,2017-12-20,43,4902,4945
5077,2017-12-21,42,4994,5036
5077,2017-12-22,32,4746,4778
5077,2017-12-23,8,3057,3065
5077,2017-12-24,3,2083,2086
5077,2017-12-25,NA,2072,NA
5077,2017-12-26,2,1754,1756
5077,2017-12-27,16,3232,3248
5077,2017-12-28,13,3650,3663
5077,2017-12-29,10,2784,2794
5077,2017-12-30,NA,2706,NA
5077,2017-12-31,2,2196,2198
5079,2017-01-01,13,795,808
5079,2017-01-02,54,1180,1234
5079,2017-01-03,80,1337,1417
5079,2017-01-04,93,1370,1463
5079,2017-01-05,72,1455,1527
5079,2017-01-06,70,1540,1610
5079,2017-01-07,57,1165,1222
5079,2017-01-08,10,911,921
5079,2017-01-09,109,1861,1970
5079,2017-01-10,104,1786,1890
5079,2017-01-11,80,1816,1896
5079,2017-01-12,78,1843,1921
5079,2017-01-13,128,1983,2111
5079,2017-01-14,60,1447,1507
5079,2017-01-15,17,1095,1112
5079,2017-01-16,126,2043,2169
5079,2017-01-17,128,2106,2234
5079,2017-01-18,139,1973,2112
5079,2017-01-20,146,2209,2355
5079,2017-01-21,96,1716,1812
5079,2017-01-22,23,1236,1259
5079,2017-01-23,141,2043,2184
5079,2017-01-24,156,2127,2283
5079,2017-01-25,159,1995,2154
5079,2017-01-26,153,2185,2338
5079,2017-01-27,164,2107,2271
5079,2017-01-28,81,1554,1635
5079,2017-01-29,16,1081,1097
5079,2017-01-30,94,2096,2190
5079,2017-01-31,150,2123,2273
5079,2017-02-01,134,2111,2245
5079,2017-02-02,157,2084,2241
5079,2017-02-03,173,2445,2618
5079,2017-02-04,48,1488,1536
5079,2017-02-05,11,1326,1337
5079,2017-02-06,129,1972,2101
5079,2017-02-07,122,2391,2513
5079,2017-02-08,152,2120,2272
5079,2017-02-09,161,2150,2311
5079,2017-02-10,161,2196,2357
5079,2017-02-11,69,1448,1517
5079,2017-02-12,19,1050,1069
5079,2017-02-13,197,2155,2352
5079,2017-02-14,193,2226,2419
5079,2017-02-15,156,2258,2414
5079,2017-02-16,146,2141,2287
5079,2017-02-17,134,2190,2324
5079,2017-02-18,58,1331,1389
5079,2017-02-19,16,1000,1016
5079,2017-02-20,122,1545,1667
5079,2017-02-21,140,1625,1765
5079,2017-02-22,114,1661,1775
5079,2017-02-24,134,1718,1852
5079,2017-02-25,68,1455,1523
5079,2017-02-26,21,1073,1094
5079,2017-02-27,114,1698,1812
5079,2017-02-28,149,2160,2309
5079,2017-03-01,103,2168,2271
5079,2017-03-02,154,2038,2192
5079,2017-03-03,190,2168,2358
5079,2017-03-04,77,1579,1656
5079,2017-03-05,19,1143,1162
5079,2017-03-06,156,2308,2464
5079,2017-03-07,154,2132,2286
5079,2017-03-08,124,2188,2312
5079,2017-03-09,160,2390,2550
5079,2017-03-10,229,2260,2489
5079,2017-03-11,92,1788,1880
5079,2017-03-12,31,1329,1360
5079,2017-03-13,218,2091,2309
5079,2017-03-14,177,2425,2602
5079,2017-03-15,163,2146,2309
5079,2017-03-16,215,2376,2591
5079,2017-03-17,210,2220,2430
5079,2017-03-18,72,1614,1686
5079,2017-03-19,15,1228,1243
5079,2017-03-20,231,2608,2839
5079,2017-03-21,110,2022,2132
5079,2017-03-22,152,2157,2309
5079,2017-03-23,195,2270,2465
5079,2017-03-24,172,2297,2469
5079,2017-03-25,87,1757,1844
5079,2017-03-27,152,2095,2247
5079,2017-03-28,168,2376,2544
5079,2017-03-29,154,2390,2544
5079,2017-03-31,188,2336,2524
5079,2017-04-01,153,1845,1998
5079,2017-04-02,23,1347,1370
5079,2017-04-03,154,2106,2260
5079,2017-04-04,177,2352,2529
5079,2017-04-05,158,2184,2342
5079,2017-04-06,172,2274,2446
5079,2017-04-07,172,2342,2514
5079,2017-04-08,108,1726,1834
5079,2017-04-09,31,1300,1331
5079,2017-04-10,160,1688,1848
5079,2017-04-11,176,1991,2167
5079,2017-04-12,141,1857,1998
5079,2017-04-13,157,1797,1954
5079,2017-04-14,150,1998,2148
5079,2017-04-15,97,1395,1492
5079,2017-04-16,18,969,987
5079,2017-04-17,8,930,938
5079,2017-04-18,152,1829,1981
5079,2017-04-19,161,1795,1956
5079,2017-04-20,143,1857,2000
5079,2017-04-21,168,1991,2159
5079,2017-04-22,107,1635,1742
5079,2017-04-23,31,1313,1344
5079,2017-04-24,150,2237,2387
5079,2017-04-25,159,2247,2406
5079,2017-04-26,169,2185,2354
5079,2017-04-28,202,2205,2407
5079,2017-04-29,107,1782,1889
5079,2017-04-30,39,1481,1520
5079,2017-05-01,31,1116,1147
5079,2017-05-02,179,2289,2468
5079,2017-05-03,130,2074,2204
5079,2017-05-04,146,2277,2423
5079,2017-05-05,172,2317,2489
5079,2017-05-06,87,1881,1968
5079,2017-05-07,25,1304,1329
5079,2017-05-08,184,2210,2394
5079,2017-05-09,202,2470,2672
5079,2017-05-10,185,2740,2925
5079,2017-05-11,176,2859,3035
5079,2017-05-12,155,2339,2494
5079,2017-05-13,81,1891,1972
5079,2017-05-14,42,1366,1408
5079,2017-05-15,169,2278,2447
5079,2017-05-16,198,2818,3016
5079,2017-05-17,178,2595,2773
5079,2017-05-18,175,2685,2860
5079,2017-05-19,136,2300,2436
5079,2017-05-20,97,1821,1918
5079,2017-05-21,29,1443,1472
5079,2017-05-22,138,2480,2618
5079,2017-05-23,174,2824,2998
5079,2017-05-24,163,2386,2549
5079,2017-05-26,111,2098,2209
5079,2017-05-27,89,1830,1919
5079,2017-05-28,49,1297,1346
5079,2017-05-29,167,2074,2241
5079,2017-05-30,168,2228,2396
5079,2017-05-31,152,2226,2378
5079,2017-06-01,180,2364,2544
5079,2017-06-02,174,2258,2432
5079,2017-06-03,113,1631,1744
5079,2017-06-04,20,1177,1197
5079,2017-06-05,10,1141,1151
5079,2017-06-06,118,1778,1896
5079,2017-06-07,166,1806,1972
5079,2017-06-08,151,1902,2053
5079,2017-06-09,139,1980,2119
5079,2017-06-10,91,1774,1865
5079,2017-06-11,23,1432,1455
5079,2017-06-12,170,2184,2354
5079,2017-06-13,165,2447,2612
5079,2017-06-14,187,2372,2559
5079,2017-06-15,145,2393,2538
5079,2017-06-16,185,2498,2683
5079,2017-06-17,103,1810,1913
5079,2017-06-18,35,1543,1578
5079,2017-06-19,215,2420,2635
5079,2017-06-20,250,2515,2765
5079,2017-06-21,213,2243,2456
5079,2017-06-22,143,2275,2418
5079,2017-06-23,31,1246,1277
5079,2017-06-24,97,1649,1746
5079,2017-06-25,32,1266,1298
5079,2017-06-26,164,2178,2342
5079,2017-06-27,161,2291,2452
5079,2017-06-28,186,2224,2410
5079,2017-06-30,212,2320,2532
5079,2017-07-01,107,1760,1867
5079,2017-07-02,26,1346,1372
5079,2017-07-03,245,2133,2378
5079,2017-07-04,191,2373,2564
5079,2017-07-05,231,2378,2609
5079,2017-07-06,192,2208,2400
5079,2017-07-07,182,2443,2625
5079,2017-07-08,155,1855,2010
5079,2017-07-09,32,1278,1310
5079,2017-07-10,138,2080,2218
5079,2017-07-11,170,2336,2506
5079,2017-07-12,153,2170,2323
5079,2017-07-13,177,2267,2444
5079,2017-07-14,148,2212,2360
5079,2017-07-15,132,1769,1901
5079,2017-07-16,29,1308,1337
5079,2017-07-17,128,1874,2002
5079,2017-07-18,140,2011,2151
5079,2017-07-19,162,1987,2149
5079,2017-07-20,130,1972,2102
5079,2017-07-21,174,2109,2283
5079,2017-07-22,129,1569,1698
5079,2017-07-23,40,1280,1320
5079,2017-07-24,186,1756,1942
5079,2017-07-25,182,1799,1981
5079,2017-07-26,156,1852,2008
5079,2017-07-28,119,1744,1863
5079,2017-07-29,86,1477,1563
5079,2017-07-30,24,1202,1226
5079,2017-07-31,120,1564,1684
5079,2017-08-01,62,1602,1664
5079,2017-08-02,87,1770,1857
5079,2017-08-03,106,1638,1744
5079,2017-08-04,84,1711,1795
5079,2017-08-05,60,1373,1433
5079,2017-08-06,29,1298,1327
5079,2017-08-07,101,1572,1673
5079,2017-08-08,92,1422,1514
5079,2017-08-09,101,1620,1721
5079,2017-08-10,122,1539,1661
5079,2017-08-11,103,1482,1585
5079,2017-08-12,69,1111,1180
5079,2017-08-13,30,1101,1131
5079,2017-08-14,83,1432,1515
5079,2017-08-15,26,902,928
5079,2017-08-16,95,1646,1741
5079,2017-08-17,97,1619,1716
5079,2017-08-18,58,1542,1600
5079,2017-08-19,65,1309,1374
5079,2017-08-20,29,1148,1177
5079,2017-08-21,122,1643,1765
5079,2017-08-22,159,1802,1961
5079,2017-08-23,145,1823,1968
5079,2017-08-25,109,1682,1791
5079,2017-08-26,73,1357,1430
5079,2017-08-27,23,1153,1176
5079,2017-08-28,144,1749,1893
5079,2017-08-29,157,2099,2256
5079,2017-08-30,187,2021,2208
5079,2017-08-31,135,1948,2083
5079,2017-09-01,138,1798,1936
5079,2017-09-02,84,1351,1435
5079,2017-09-03,21,1056,1077
5079,2017-09-04,120,1660,1780
5079,2017-09-05,137,1714,1851
5079,2017-09-06,146,2257,2403
5079,2017-09-07,160,2445,2605
5079,2017-09-08,153,2016,2169
5079,2017-09-09,60,1338,1398
5079,2017-09-10,23,1147,1170
5079,2017-09-11,120,2095,2215
5079,2017-09-12,114,2164,2278
5079,2017-09-13,104,2174,2278
5079,2017-09-14,112,1990,2102
5079,2017-09-15,195,2202,2397
5079,2017-09-16,74,1486,1560
5079,2017-09-17,22,1309,1331
5079,2017-09-18,145,1915,2060
5079,2017-09-19,179,2056,2235
5079,2017-09-20,187,2184,2371
5079,2017-09-21,168,2205,2373
5079,2017-09-22,157,2222,2379
5079,2017-09-23,146,1727,1873
5079,2017-09-24,33,1389,1422
5079,2017-09-25,171,2410,2581
5079,2017-09-26,166,2730,2896
5079,2017-09-27,177,2491,2668
5079,2017-09-28,192,2794,2986
5079,2017-09-29,185,2533,2718
5079,2017-09-30,66,1718,1784
5079,2017-10-01,28,1547,1575
5079,2017-10-02,115,2227,2342
5079,2017-10-03,146,2467,2613
5079,2017-10-04,160,2304,2464
5079,2017-10-05,146,2344,2490
5079,2017-10-06,145,2406,2551
5079,2017-10-07,102,1666,1768
5079,2017-10-08,10,1628,1638
5079,2017-10-09,142,2088,2230
5079,2017-10-10,144,2268,2412
5079,2017-10-11,147,2215,2362
5079,2017-10-12,187,2362,2549
5079,2017-10-13,168,2187,2355
5079,2017-10-14,82,1814,1896
5079,2017-10-15,19,1365,1384
5079,2017-10-16,163,2248,2411
5079,2017-10-17,173,2401,2574
5079,2017-10-18,187,2144,2331
5079,2017-10-19,172,2373,2545
5079,2017-10-20,138,2352,2490
5079,2017-10-21,67,1745,1812
5079,2017-10-22,16,1174,1190
5079,2017-10-23,137,2242,2379
5079,2017-10-24,116,2328,2444
5079,2017-10-25,157,2567,2724
5079,2017-10-27,178,2402,2580
5079,2017-10-28,79,1571,1650
5079,2017-10-29,26,1035,1061
5079,2017-10-30,140,1843,1983
5079,2017-10-31,168,1956,2124
5079,2017-11-01,13,1233,1246
5079,2017-11-03,160,1852,2012
5079,2017-11-04,81,1534,1615
5079,2017-11-05,18,1157,1175
5079,2017-11-06,119,2281,2400
5079,2017-11-07,199,2683,2882
5079,2017-11-08,118,2372,2490
5079,2017-11-10,118,2346,2464
5079,2017-11-11,71,1451,1522
5079,2017-11-12,17,1080,1097
5079,2017-11-13,157,2286,2443
5079,2017-11-14,155,2586,2741
5079,2017-11-15,188,2315,2503
5079,2017-11-16,216,2470,2686
5079,2017-11-17,166,2685,2851
5079,2017-11-18,95,1711,1806
5079,2017-11-19,20,1199,1219
5079,2017-11-20,135,2286,2421
5079,2017-11-21,158,2463,2621
5079,2017-11-22,174,2363,2537
5079,2017-11-24,127,2212,2339
5079,2017-11-25,58,1624,1682
5079,2017-11-26,15,1080,1095
5079,2017-11-27,118,2251,2369
5079,2017-11-28,147,2476,2623
5079,2017-11-29,168,2164,2332
5079,2017-11-30,149,2267,2416
5079,2017-12-01,163,2228,2391
5079,2017-12-02,64,1558,1622
5079,2017-12-03,17,1022,1039
5079,2017-12-04,125,2227,2352
5079,2017-12-05,167,2344,2511
5079,2017-12-06,157,1979,2136
5079,2017-12-07,141,2398,2539
5079,2017-12-08,158,2160,2318
5079,2017-12-09,68,1473,1541
5079,2017-12-10,22,787,809
5079,2017-12-11,88,2282,2370
5079,2017-12-12,146,2320,2466
5079,2017-12-13,102,2012,2114
5079,2017-12-14,137,2325,2462
5079,2017-12-15,90,2121,2211
5079,2017-12-16,51,1303,1354
5079,2017-12-17,16,837,853
5079,2017-12-18,69,1496,1565
5079,2017-12-19,88,1686,1774
5079,2017-12-20,65,1584,1649
5079,2017-12-21,61,1709,1770
5079,2017-12-22,66,1558,1624
5079,2017-12-23,57,1129,1186
5079,2017-12-24,12,984,996
5079,2017-12-25,4,977,981
5079,2017-12-26,3,822,825
5079,2017-12-27,51,1225,1276
5079,2017-12-28,71,1482,1553
5079,2017-12-29,78,1333,1411
5079,2017-12-30,45,1180,1225
5079,2017-12-31,26,931,957
5081,2017-01-01,9,906,915
5081,2017-01-02,48,1479,1527
5081,2017-01-03,56,1866,1922
5081,2017-01-04,57,1988,2045
5081,2017-01-05,47,1757,1804
5081,2017-01-06,51,1878,1929
5081,2017-01-07,41,1069,1110
5081,2017-01-08,10,983,993
5081,2017-01-09,63,2598,2661
5081,2017-01-10,68,2506,2574
5081,2017-01-11,69,2822,2891
5081,2017-01-12,74,2738,2812
5081,2017-01-13,69,2457,2526
5081,2017-01-14,44,1417,1461
5081,2017-01-15,13,1190,1203
5081,2017-01-16,71,2938,3009
5081,2017-01-17,71,2809,2880
5081,2017-01-18,85,2695,2780
5081,2017-01-20,75,2825,2900
5081,2017-01-21,54,1603,1657
5081,2017-01-22,9,1168,1177
5081,2017-01-23,87,2568,2655
5081,2017-01-24,85,2764,2849
5081,2017-01-25,88,2695,2783
5081,2017-01-26,87,2824,2911
5081,2017-01-27,70,2811,2881
5081,2017-01-28,45,1427,1472
5081,2017-01-29,11,1147,1158
5081,2017-01-30,65,2864,2929
5081,2017-01-31,84,2860,2944
5081,2017-02-01,79,2982,3061
5081,2017-02-02,80,3053,3133
5081,2017-02-03,88,3378,3466
5081,2017-02-04,52,1645,1697
5081,2017-02-05,10,1254,1264
5081,2017-02-06,77,2958,3035
5081,2017-02-07,87,3337,3424
5081,2017-02-08,77,3141,3218
5081,2017-02-09,76,3125,3201
5081,2017-02-10,82,3031,3113
5081,2017-02-11,45,1629,1674
5081,2017-02-12,7,1324,1331
5081,2017-02-13,65,3037,3102
5081,2017-02-14,91,3152,3243
5081,2017-02-15,83,3251,3334
5081,2017-02-16,106,3076,3182
5081,2017-02-17,74,2988,3062
5081,2017-02-18,51,1648,1699
5081,2017-02-19,17,1214,1231
5081,2017-02-20,72,2162,2234
5081,2017-02-21,51,2074,2125
5081,2017-02-22,56,2177,2233
5081,2017-02-24,54,1856,1910
5081,2017-02-25,47,1502,1549
5081,2017-02-26,14,1413,1427
5081,2017-02-27,60,3114,3174
5081,2017-02-28,85,3064,3149
5081,2017-03-01,75,2979,3054
5081,2017-03-02,78,3219,3297
5081,2017-03-03,84,3051,3135
5081,2017-03-04,47,1795,1842
5081,2017-03-05,11,1284,1295
5081,2017-03-06,75,3395,3470
5081,2017-03-07,80,3264,3344
5081,2017-03-08,89,3264,3353
5081,2017-03-09,108,3510,3618
5081,2017-03-10,110,3293,3403
5081,2017-03-11,47,1976,2023
5081,2017-03-12,16,1668,1684
5081,2017-03-13,95,3411,3506
5081,2017-03-14,92,3275,3367
5081,2017-03-15,85,3197,3282
5081,2017-03-16,95,3318,3413
5081,2017-03-17,101,3060,3161
5081,2017-03-18,48,1672,1720
5081,2017-03-19,19,1372,1391
5081,2017-03-20,97,3905,4002
5081,2017-03-21,100,3109,3209
5081,2017-03-22,85,3088,3173
5081,2017-03-23,100,3228,3328
5081,2017-03-24,96,3108,3204
5081,2017-03-25,47,2031,2078
5081,2017-03-27,100,3052,3152
5081,2017-03-28,128,3233,3361
5081,2017-03-29,81,3197,3278
5081,2017-03-31,92,3322,3414
5081,2017-04-01,67,1985,2052
5081,2017-04-02,18,1711,1729
5081,2017-04-03,95,3151,3246
5081,2017-04-04,91,3365,3456
5081,2017-04-05,105,3333,3438
5081,2017-04-06,123,3189,3312
5081,2017-04-07,107,3230,3337
5081,2017-04-08,48,1905,1953
5081,2017-04-09,11,1711,1722
5081,2017-04-10,64,2641,2705
5081,2017-04-11,81,2896,2977
5081,2017-04-12,67,2845,2912
5081,2017-04-13,63,2550,2613
5081,2017-04-14,73,2508,2581
5081,2017-04-15,51,1549,1600
5081,2017-04-16,12,1228,1240
5081,2017-04-17,10,1138,1148
5081,2017-04-18,61,2364,2425
5081,2017-04-19,75,2507,2582
5081,2017-04-20,66,2578,2644
5081,2017-04-21,69,2605,2674
5081,2017-04-22,53,1838,1891
5081,2017-04-23,10,1615,1625
5081,2017-04-24,88,3296,3384
5081,2017-04-25,80,3240,3320
5081,2017-04-26,85,3287,3372
5081,2017-04-28,87,3154,3241
5081,2017-04-29,49,2053,2102
5081,2017-04-30,10,1907,1917
5081,2017-05-01,8,1222,1230
5081,2017-05-02,105,3005,3110
5081,2017-05-03,114,3207,3321
5081,2017-05-04,87,3196,3283
5081,2017-05-05,104,3141,3245
5081,2017-05-06,51,1931,1982
5081,2017-05-07,10,1616,1626
5081,2017-05-08,96,3129,3225
5081,2017-05-09,89,3461,3550
5081,2017-05-10,112,3882,3994
5081,2017-05-11,99,3951,4050
5081,2017-05-12,96,2856,2952
5081,2017-05-13,57,2103,2160
5081,2017-05-14,29,1608,1637
5081,2017-05-15,83,3390,3473
5081,2017-05-16,94,3815,3909
5081,2017-05-17,80,3712,3792
5081,2017-05-18,80,3824,3904
5081,2017-05-19,89,3261,3350
5081,2017-05-20,50,2212,2262
5081,2017-05-21,13,1893,1906
5081,2017-05-22,86,3481,3567
5081,2017-05-23,80,3890,3970
5081,2017-05-24,92,3366,3458
5081,2017-05-26,79,2792,2871
5081,2017-05-27,63,2213,2276
5081,2017-05-28,19,1742,1761
5081,2017-05-29,84,3134,3218
5081,2017-05-30,78,3171,3249
5081,2017-05-31,87,3481,3568
5081,2017-06-01,109,3369,3478
5081,2017-06-02,119,3285,3404
5081,2017-06-03,86,2032,2118
5081,2017-06-04,12,1511,1523
5081,2017-06-05,12,1438,1450
5081,2017-06-06,93,2505,2598
5081,2017-06-07,87,2608,2695
5081,2017-06-08,81,2727,2808
5081,2017-06-09,81,2601,2682
5081,2017-06-10,50,1938,1988
5081,2017-06-11,14,1815,1829
5081,2017-06-12,87,3142,3229
5081,2017-06-13,115,3466,3581
5081,2017-06-14,101,3602,3703
5081,2017-06-15,87,3748,3835
5081,2017-06-16,96,3593,3689
5081,2017-06-17,64,2637,2701
5081,2017-06-18,30,2415,2445
5081,2017-06-19,94,3449,3543
5081,2017-06-20,92,3692,3784
5081,2017-06-21,124,3419,3543
5081,2017-06-22,103,3305,3408
5081,2017-06-23,20,1696,1716
5081,2017-06-24,65,2047,2112
5081,2017-06-25,14,1601,1615
5081,2017-06-26,100,3469,3569
5081,2017-06-27,86,2656,2742
5081,2017-06-28,84,2630,2714
5081,2017-06-30,96,3265,3361
5081,2017-07-01,48,1767,1815
5081,2017-07-02,12,1481,1493
5081,2017-07-03,79,3054,3133
5081,2017-07-04,88,3505,3593
5081,2017-07-05,151,3492,3643
5081,2017-07-06,122,3010,3132
5081,2017-07-07,110,2814,2924
5081,2017-07-08,65,2238,2303
5081,2017-07-09,20,1686,1706
5081,2017-07-10,101,3031,3132
5081,2017-07-11,92,3303,3395
5081,2017-07-12,86,3123,3209
5081,2017-07-13,70,3284,3354
5081,2017-07-14,87,2914,3001
5081,2017-07-15,70,1899,1969
5081,2017-07-16,13,1664,1677
5081,2017-07-17,62,2807,2869
5081,2017-07-18,63,2924,2987
5081,2017-07-19,76,2989,3065
5081,2017-07-20,64,2700,2764
5081,2017-07-21,87,2882,2969
5081,2017-07-22,76,1814,1890
5081,2017-07-23,28,1520,1548
5081,2017-07-24,88,2254,2342
5081,2017-07-25,92,2581,2673
5081,2017-07-26,80,2728,2808
5081,2017-07-28,67,2608,2675
5081,2017-07-29,54,1893,1947
5081,2017-07-30,21,1564,1585
5081,2017-07-31,68,2158,2226
5081,2017-08-01,62,2074,2136
5081,2017-08-02,59,2551,2610
5081,2017-08-03,70,2431,2501
5081,2017-08-04,56,2338,2394
5081,2017-08-05,49,1644,1693
5081,2017-08-06,16,1670,1686
5081,2017-08-07,64,2248,2312
5081,2017-08-08,62,2182,2244
5081,2017-08-09,52,2265,2317
5081,2017-08-10,80,2142,2222
5081,2017-08-11,64,2120,2184
5081,2017-08-12,45,1263,1308
5081,2017-08-13,14,1412,1426
5081,2017-08-14,52,1878,1930
5081,2017-08-15,16,1092,1108
5081,2017-08-16,56,2094,2150
5081,2017-08-17,66,2156,2222
5081,2017-08-18,60,1936,1996
5081,2017-08-19,45,1408,1453
5081,2017-08-20,15,1415,1430
5081,2017-08-21,58,2163,2221
5081,2017-08-22,62,2427,2489
5081,2017-08-23,66,2456,2522
5081,2017-08-25,82,2451,2533
5081,2017-08-26,53,1716,1769
5081,2017-08-27,14,1558,1572
5081,2017-08-28,71,2400,2471
5081,2017-08-29,87,3113,3200
5081,2017-08-30,76,2799,2875
5081,2017-08-31,78,2920,2998
5081,2017-09-01,88,2526,2614
5081,2017-09-02,60,1530,1590
5081,2017-09-03,23,1608,1631
5081,2017-09-04,78,2217,2295
5081,2017-09-05,60,2443,2503
5081,2017-09-06,86,2625,2711
5081,2017-09-07,99,2927,3026
5081,2017-09-08,92,2550,2642
5081,2017-09-09,58,1773,1831
5081,2017-09-10,22,1612,1634
5081,2017-09-11,75,3215,3290
5081,2017-09-12,78,3077,3155
5081,2017-09-13,71,3027,3098
5081,2017-09-14,81,2876,2957
5081,2017-09-15,89,2976,3065
5081,2017-09-16,54,1662,1716
5081,2017-09-17,13,1475,1488
5081,2017-09-18,65,2808,2873
5081,2017-09-19,101,2926,3027
5081,2017-09-20,103,3003,3106
5081,2017-09-21,85,3083,3168
5081,2017-09-22,104,2967,3071
5081,2017-09-23,58,1983,2041
5081,2017-09-24,17,1756,1773
5081,2017-09-25,88,3333,3421
5081,2017-09-26,102,3649,3751
5081,2017-09-27,102,3392,3494
5081,2017-09-28,115,3456,3571
5081,2017-09-29,85,3310,3395
5081,2017-09-30,56,1750,1806
5081,2017-10-01,15,1844,1859
5081,2017-10-02,89,2985,3074
5081,2017-10-03,103,3292,3395
5081,2017-10-04,117,3206,3323
5081,2017-10-05,91,3105,3196
5081,2017-10-06,85,3140,3225
5081,2017-10-07,57,1970,2027
5081,2017-10-08,13,1538,1551
5081,2017-10-09,94,3063,3157
5081,2017-10-10,84,3037,3121
5081,2017-10-11,94,3118,3212
5081,2017-10-12,95,3237,3332
5081,2017-10-13,96,3158,3254
5081,2017-10-14,59,2102,2161
5081,2017-10-15,12,1853,1865
5081,2017-10-16,83,3068,3151
5081,2017-10-17,101,3340,3441
5081,2017-10-18,99,3141,3240
5081,2017-10-19,81,3299,3380
5081,2017-10-20,88,3210,3298
5081,2017-10-21,48,1852,1900
5081,2017-10-22,16,1312,1328
5081,2017-10-23,94,2974,3068
5081,2017-10-24,103,3160,3263
5081,2017-10-25,101,3472,3573
5081,2017-10-27,74,3194,3268
5081,2017-10-28,57,1778,1835
5081,2017-10-29,12,1284,1296
5081,2017-10-30,80,2505,2585
5081,2017-10-31,64,2485,2549
5081,2017-11-01,11,1636,1647
5081,2017-11-03,75,2615,2690
5081,2017-11-04,53,1662,1715
5081,2017-11-05,10,1233,1243
5081,2017-11-06,81,3035,3116
5081,2017-11-07,81,3566,3647
5081,2017-11-08,84,2490,2574
5081,2017-11-10,86,2524,2610
5081,2017-11-11,58,1759,1817
5081,2017-11-12,8,1312,1320
5081,2017-11-13,93,3076,3169
5081,2017-11-14,121,3452,3573
5081,2017-11-15,94,3350,3444
5081,2017-11-16,119,3336,3455
5081,2017-11-17,88,3801,3889
5081,2017-11-18,52,2007,2059
5081,2017-11-19,10,1550,1560
5081,2017-11-20,93,3247,3340
5081,2017-11-21,81,3446,3527
5081,2017-11-22,81,3502,3583
5081,2017-11-24,66,3199,3265
5081,2017-11-25,48,1808,1856
5081,2017-11-26,16,1600,1616
5081,2017-11-27,69,3013,3082
5081,2017-11-28,82,3451,3533
5081,2017-11-29,86,3237,3323
5081,2017-11-30,93,3242,3335
5081,2017-12-01,81,3082,3163
5081,2017-12-02,52,1660,1712
5081,2017-12-03,12,1185,1197
5081,2017-12-04,73,3082,3155
5081,2017-12-05,97,3237,3334
5081,2017-12-06,97,3050,3147
5081,2017-12-07,82,3257,3339
5081,2017-12-08,84,2180,2264
5081,2017-12-09,50,1662,1712
5081,2017-12-10,24,803,827
5081,2017-12-11,78,2306,2384
5081,2017-12-12,83,3218,3301
5081,2017-12-13,71,2874,2945
5081,2017-12-14,93,3021,3114
5081,2017-12-15,75,2891,2966
5081,2017-12-16,47,1620,1667
5081,2017-12-17,11,1166,1177
5081,2017-12-18,63,1933,1996
5081,2017-12-19,74,2316,2390
5081,2017-12-20,59,2332,2391
5081,2017-12-21,61,2249,2310
5081,2017-12-22,73,2189,2262
5081,2017-12-23,46,1451,1497
5081,2017-12-24,10,1063,1073
5081,2017-12-26,8,961,969
5081,2017-12-27,42,1631,1673
5081,2017-12-28,52,1741,1793
5081,2017-12-29,34,1423,1457
5081,2017-12-30,48,1291,1339
5081,2017-12-31,7,1047,1054
5083,2017-01-01,59,5531,5590
5083,2017-01-02,249,8000,8249
5083,2017-01-03,281,9331,9612
5083,2017-01-04,330,9778,10108
5083,2017-01-05,302,10161,10463
5083,2017-01-06,301,10458,10759
5083,2017-01-07,173,7524,7697
5083,2017-01-08,42,6123,6165
5083,2017-01-09,348,11185,11533
5083,2017-01-10,352,11794,12146
5083,2017-01-11,356,11805,12161
5083,2017-01-12,412,12317,12729
5083,2017-01-13,324,11680,12004
5083,2017-01-14,178,9329,9507
5083,2017-01-15,65,7137,7202
5083,2017-01-16,454,12287,12741
5083,2017-01-17,459,12626,13085
5083,2017-01-18,464,12277,12741
5083,2017-01-20,483,12797,13280
5083,2017-01-21,201,9997,10198
5083,2017-01-22,61,7425,7486
5083,2017-01-23,491,12214,12705
5083,2017-01-24,418,12695,13113
5083,2017-01-25,484,12427,12911
5083,2017-01-26,504,12856,13360
5083,2017-01-27,465,13102,13567
5083,2017-01-28,192,10180,10372
5083,2017-01-29,48,7344,7392
5083,2017-01-30,468,12254,12722
5083,2017-01-31,441,12898,13339
5083,2017-02-01,465,12907,13372
5083,2017-02-02,433,13181,13614
5083,2017-02-03,449,14178,14627
5083,2017-02-04,184,10216,10400
5083,2017-02-05,40,7673,7713
5083,2017-02-06,455,12367,12822
5083,2017-02-07,459,13385,13844
5083,2017-02-08,474,12903,13377
5083,2017-02-09,495,13053,13548
5083,2017-02-10,482,13479,13961
5083,2017-02-11,205,10018,10223
5083,2017-02-12,61,7180,7241
5083,2017-02-13,501,12512,13013
5083,2017-02-14,524,13415,13939
5083,2017-02-15,519,12875,13394
5083,2017-02-16,580,12586,13166
5083,2017-02-17,419,12899,13318
5083,2017-02-18,199,9320,9519
5083,2017-02-19,54,6794,6848
5083,2017-02-20,388,11416,11804
5083,2017-02-21,433,12285,12718
5083,2017-02-22,383,11874,12257
5083,2017-02-24,442,12566,13008
5083,2017-02-25,206,9795,10001
5083,2017-02-26,61,7626,7687
5083,2017-02-27,473,12228,12701
5083,2017-02-28,444,13824,14268
5083,2017-03-01,473,13709,14182
5083,2017-03-02,516,14104,14620
5083,2017-03-03,457,14362,14819
5083,2017-03-04,188,10565,10753
5083,2017-03-05,94,7575,7669
5083,2017-03-06,469,13267,13736
5083,2017-03-07,547,13228,13775
5083,2017-03-08,454,13835,14289
5083,2017-03-09,526,13317,13843
5083,2017-03-10,516,13333,13849
5083,2017-03-11,220,10973,11193
5083,2017-03-12,75,8387,8462
5083,2017-03-13,497,12836,13333
5083,2017-03-14,478,13427,13905
5083,2017-03-15,519,13024,13543
5083,2017-03-16,570,13307,13877
5083,2017-03-17,546,13406,13952
5083,2017-03-18,198,10457,10655
5083,2017-03-19,57,7819,7876
5083,2017-03-20,703,14158,14861
5083,2017-03-21,562,12950,13512
5083,2017-03-22,531,12965,13496
5083,2017-03-23,501,13425,13926
5083,2017-03-24,505,13358,13863
5083,2017-03-25,219,11351,11570
5083,2017-03-27,505,12648,13153
5083,2017-03-28,517,13306,13823
5083,2017-03-29,518,13179,13697
5083,2017-03-31,556,13718,14274
5083,2017-04-01,240,11024,11264
5083,2017-04-02,65,8659,8724
5083,2017-04-03,531,12990,13521
5083,2017-04-04,492,13495,13987
5083,2017-04-05,507,13558,14065
5083,2017-04-06,524,13606,14130
5083,2017-04-07,510,13593,14103
5083,2017-04-08,218,10207,10425
5083,2017-04-09,64,8344,8408
5083,2017-04-10,468,11533,12001
5083,2017-04-11,521,12224,12745
5083,2017-04-12,455,12313,12768
5083,2017-04-13,485,11776,12261
5083,2017-04-14,421,12193,12614
5083,2017-04-15,198,8976,9174
5083,2017-04-16,56,7208,7264
5083,2017-04-17,62,6158,6220
5083,2017-04-18,480,11512,11992
5083,2017-04-19,465,11603,12068
5083,2017-04-20,478,11715,12193
5083,2017-04-21,485,12154,12639
5083,2017-04-22,241,9880,10121
5083,2017-04-23,67,8105,8172
5083,2017-04-24,527,12792,13319
5083,2017-04-25,504,13388,13892
5083,2017-04-26,508,13126,13634
5083,2017-04-28,508,13452,13960
5083,2017-04-29,209,10814,11023
5083,2017-04-30,73,8596,8669
5083,2017-05-01,57,6390,6447
5083,2017-05-02,516,13270,13786
5083,2017-05-03,554,12782,13336
5083,2017-05-04,482,13315,13797
5083,2017-05-05,488,13602,14090
5083,2017-05-06,204,11214,11418
5083,2017-05-07,65,8110,8175
5083,2017-05-08,527,13203,13730
5083,2017-05-09,539,14049,14588
5083,2017-05-10,593,14538,15131
5083,2017-05-11,587,14914,15501
5083,2017-05-12,537,14044,14581
5083,2017-05-13,243,10993,11236
5083,2017-05-14,67,8555,8622
5083,2017-05-15,509,13438,13947
5083,2017-05-16,595,15455,16050
5083,2017-05-17,622,14560,15182
5083,2017-05-18,608,14768,15376
5083,2017-05-19,517,13965,14482
5083,2017-05-20,241,11109,11350
5083,2017-05-21,71,8364,8435
5083,2017-05-22,502,13659,14161
5083,2017-05-23,571,15093,15664
5083,2017-05-24,573,14312,14885
5083,2017-05-26,433,12366,12799
5083,2017-05-27,237,10495,10732
5083,2017-05-28,79,8042,8121
5083,2017-05-29,596,12964,13560
5083,2017-05-30,512,13808,14320
5083,2017-05-31,569,13668,14237
5083,2017-06-07,468,11685,12153
5083,2017-06-08,477,11951,12428
5083,2017-06-09,439,12284,12723
5083,2017-06-10,221,10091,10312
5083,2017-06-11,62,9067,9129
5083,2017-06-12,492,12755,13247
5083,2017-06-13,517,13974,14491
5083,2017-06-14,506,13346,13852
5083,2017-06-15,487,13563,14050
5083,2017-06-16,537,14286,14823
5083,2017-06-17,268,11046,11314
5083,2017-06-18,95,8720,8815
5083,2017-06-19,526,12964,13490
5083,2017-06-20,517,13954,14471
5083,2017-06-21,560,13596,14156
5083,2017-06-22,482,13407,13889
5083,2017-06-23,104,7019,7123
5083,2017-06-24,226,9894,10120
5083,2017-06-25,69,7764,7833
5083,2017-06-26,497,13237,13734
5083,2017-06-27,528,13322,13850
5083,2017-06-28,640,13082,13722
5083,2017-06-30,516,13714,14230
5083,2017-07-01,196,10663,10859
5083,2017-07-02,82,8788,8870
5083,2017-07-03,474,12694,13168
5083,2017-07-04,523,13740,14263
5083,2017-07-05,511,13548,14059
5083,2017-07-06,588,13526,14114
5083,2017-07-07,590,14038,14628
5083,2017-07-08,239,10834,11073
5083,2017-07-09,90,8110,8200
5083,2017-07-10,546,13074,13620
5083,2017-07-11,518,14042,14560
5083,2017-07-12,476,13627,14103
5083,2017-07-13,451,14101,14552
5083,2017-07-14,436,13647,14083
5083,2017-07-15,250,10483,10733
5083,2017-07-16,88,8751,8839
5083,2017-07-17,462,12488,12950
5083,2017-07-18,515,12952,13467
5083,2017-07-19,478,12632,13110
5083,2017-07-20,588,12788,13376
5083,2017-07-21,539,13089,13628
5083,2017-07-22,256,9941,10197
5083,2017-07-23,100,7401,7501
5083,2017-07-24,510,11542,12052
5083,2017-07-25,564,12262,12826
5083,2017-07-26,576,12477,13053
5083,2017-07-28,312,11392,11704
5083,2017-07-29,222,8787,9009
5083,2017-07-30,66,7200,7266
5083,2017-07-31,390,10266,10656
5083,2017-08-01,326,10476,10802
5083,2017-08-02,323,10777,11100
5083,2017-08-03,306,10567,10873
5083,2017-08-04,334,10402,10736
5083,2017-08-05,171,7897,8068
5083,2017-08-06,67,6892,6959
5083,2017-08-07,332,9480,9812
5083,2017-08-08,342,10204,10546
5083,2017-08-09,320,9669,9989
5083,2017-08-10,382,9908,10290
5083,2017-08-11,378,9832,10210
5083,2017-08-12,185,7159,7344
5083,2017-08-13,72,6106,6178
5083,2017-08-14,265,8572,8837
5083,2017-08-15,76,5550,5626
5083,2017-08-16,367,9483,9850
5083,2017-08-17,354,9659,10013
5083,2017-08-18,328,9930,10258
5083,2017-08-19,167,7655,7822
5083,2017-08-20,66,6387,6453
5083,2017-08-21,353,10065,10418
5083,2017-08-22,413,10931,11344
5083,2017-08-23,400,11028,11428
5083,2017-08-25,490,11312,11802
5083,2017-08-26,303,8683,8986
5083,2017-08-27,156,7027,7183
5083,2017-08-28,585,11191,11776
5083,2017-08-29,657,12503,13160
5083,2017-08-30,642,13215,13857
5083,2017-08-31,626,12264,12890
5083,2017-09-01,660,12066,12726
5083,2017-09-02,330,8888,9218
5083,2017-09-03,161,7247,7408
5083,2017-09-04,574,11196,11770
5083,2017-09-05,613,11945,12558
5083,2017-09-06,672,12915,13587
5083,2017-09-07,627,13639,14266
5083,2017-09-08,563,12841,13404
5083,2017-09-09,352,9454,9806
5083,2017-09-10,170,7462,7632
5083,2017-09-11,554,13204,13758
5083,2017-09-12,672,14284,14956
5083,2017-09-13,576,13653,14229
5083,2017-09-14,596,12866,13462
5083,2017-09-15,584,13520,14104
5083,2017-09-16,358,9958,10316
5083,2017-09-17,139,7757,7896
5083,2017-09-18,450,12385,12835
5083,2017-09-19,534,13160,13694
5083,2017-09-20,539,13057,13596
5083,2017-09-21,511,13320,13831
5083,2017-09-22,516,13494,14010
5083,2017-09-23,234,10937,11171
5083,2017-09-24,77,9040,9117
5083,2017-09-25,539,13628,14167
5083,2017-09-26,565,15017,15582
5083,2017-09-27,586,14966,15552
5083,2017-09-28,565,15448,16013
5083,2017-09-29,546,14438,14984
5083,2017-09-30,312,11258,11570
5083,2017-10-01,153,9203,9356
5083,2017-10-02,461,12883,13344
5083,2017-10-03,458,13364,13822
5083,2017-10-04,500,13570,14070
5083,2017-10-05,496,13542,14038
5083,2017-10-06,455,13847,14302
5083,2017-10-07,345,11279,11624
5083,2017-10-08,142,8650,8792
5083,2017-10-09,460,12563,13023
5083,2017-10-10,541,13527,14068
5083,2017-10-11,542,13245,13787
5083,2017-10-12,518,13805,14323
5083,2017-10-13,524,13656,14180
5083,2017-10-14,309,10952,11261
5083,2017-10-15,132,9065,9197
5083,2017-10-16,508,13011,13519
5083,2017-10-17,483,13810,14293
5083,2017-10-18,526,13600,14126
5083,2017-10-19,484,14040,14524
5083,2017-10-20,486,13916,14402
5083,2017-10-21,290,10857,11147
5083,2017-10-22,120,8194,8314
5083,2017-10-23,490,13316,13806
5083,2017-10-24,484,13694,14178
5083,2017-10-25,558,14328,14886
5083,2017-10-27,564,14249,14813
5083,2017-10-28,198,10205,10403
5083,2017-10-29,46,7700,7746
5083,2017-10-30,451,12158,12609
5083,2017-10-31,485,12979,13464
5083,2017-11-01,49,7949,7998
5083,2017-11-03,466,12469,12935
5083,2017-11-04,216,9390,9606
5083,2017-11-05,69,7363,7432
5083,2017-11-06,461,12664,13125
5083,2017-11-07,559,14099,14658
5083,2017-11-08,520,12928,13448
5083,2017-11-10,484,13038,13522
5083,2017-11-11,212,10906,11118
5083,2017-11-12,48,7518,7566
5083,2017-11-13,504,12286,12790
5083,2017-11-14,484,13773,14257
5083,2017-11-15,544,12592,13136
5083,2017-11-16,498,13590,14088
5083,2017-11-17,494,14048,14542
5083,2017-11-18,203,10975,11178
5083,2017-11-19,64,8210,8274
5083,2017-11-20,474,12677,13151
5083,2017-11-21,470,13437,13907
5083,2017-11-22,538,13499,14037
5083,2017-11-24,412,13653,14065
5083,2017-11-25,190,10683,10873
5083,2017-11-26,47,7871,7918
5083,2017-11-27,379,12560,12939
5083,2017-11-28,446,13160,13606
5083,2017-11-29,449,13345,13794
5083,2017-11-30,463,13585,14048
5083,2017-12-01,498,13118,13616
5083,2017-12-02,201,10698,10899
5083,2017-12-03,50,7410,7460
5083,2017-12-04,441,12809,13250
5083,2017-12-05,499,13401,13900
5083,2017-12-06,492,12790,13282
5083,2017-12-07,467,13569,14036
5083,2017-12-08,510,12842,13352
5083,2017-12-09,175,10571,10746
5083,2017-12-10,89,5529,5618
5083,2017-12-11,476,11778,12254
5083,2017-12-12,431,13315,13746
5083,2017-12-13,328,10210,10538
5083,2017-12-14,428,13609,14037
5083,2017-12-15,359,13256,13615
5083,2017-12-16,173,9733,9906
5083,2017-12-17,47,6624,6671
5083,2017-12-18,231,8412,8643
5083,2017-12-19,339,11554,11893
5083,2017-12-20,350,11248,11598
5083,2017-12-21,317,11493,11810
5083,2017-12-22,306,11279,11585
5083,2017-12-23,161,8261,8422
5083,2017-12-24,39,6324,6363
5083,2017-12-25,42,5967,6009
5083,2017-12-26,52,5372,5424
5083,2017-12-27,210,8912,9122
5083,2017-12-28,240,9429,9669
5083,2017-12-29,167,5921,6088
5083,2017-12-30,142,7996,8138
5083,2017-12-31,41,6225,6266
5084,2017-01-01,24,1485,1509
5084,2017-01-02,65,2654,2719
5084,2017-01-03,86,3094,3180
5084,2017-01-04,88,3261,3349
5084,2017-01-05,121,3215,3336
5084,2017-01-06,100,3366,3466
5084,2017-01-07,55,2311,2366
5084,2017-01-08,27,1962,1989
5084,2017-01-09,179,3765,3944
5084,2017-01-10,166,4092,4258
5084,2017-01-11,181,4172,4353
5084,2017-01-12,201,4379,4580
5084,2017-01-13,187,4413,4600
5084,2017-01-14,64,3100,3164
5084,2017-01-15,28,2165,2193
5084,2017-01-16,196,4090,4286
5084,2017-01-17,197,4542,4739
5084,2017-01-18,185,4342,4527
5084,2017-01-20,171,4475,4646
5084,2017-01-21,47,3355,3402
5084,2017-01-22,25,2242,2267
5084,2017-01-23,175,4164,4339
5084,2017-01-25,173,4295,4468
5084,2017-01-26,194,4458,4652
5084,2017-01-27,184,4653,4837
5084,2017-01-28,59,3304,3363
5084,2017-01-29,24,2289,2313
5084,2017-01-30,154,4244,4398
5084,2017-01-31,190,4490,4680
5084,2017-02-01,169,4190,4359
5084,2017-02-02,188,4546,4734
5084,2017-02-03,196,4627,4823
5084,2017-02-04,30,3406,3436
5084,2017-02-05,10,2257,2267
5084,2017-02-06,192,4107,4299
5084,2017-02-07,151,4689,4840
5084,2017-02-08,216,4393,4609
5084,2017-02-09,187,4473,4660
5084,2017-02-10,208,4442,4650
5084,2017-02-11,45,3508,3553
5084,2017-02-12,19,2297,2316
5084,2017-02-13,175,4253,4428
5084,2017-02-14,196,4772,4968
5084,2017-02-15,200,4293,4493
5084,2017-02-16,184,4183,4367
5084,2017-02-17,162,4338,4500
5084,2017-02-18,64,2958,3022
5084,2017-02-19,26,2176,2202
5084,2017-02-20,138,3345,3483
5084,2017-02-21,145,3511,3656
5084,2017-02-22,171,3795,3966
5084,2017-02-24,166,3762,3928
5084,2017-02-25,71,2871,2942
5084,2017-02-26,33,2216,2249
5084,2017-02-27,124,4264,4388
5084,2017-02-28,144,4556,4700
5084,2017-03-01,187,4303,4490
5084,2017-03-02,196,4512,4708
5084,2017-03-03,223,4567,4790
5084,2017-03-04,55,3389,3444
5084,2017-03-05,50,2694,2744
5084,2017-03-06,209,4729,4938
5084,2017-03-07,174,5015,5189
5084,2017-03-08,190,4822,5012
5084,2017-03-09,169,4941,5110
5084,2017-03-10,219,5089,5308
5084,2017-03-11,70,3694,3764
5084,2017-03-12,19,2619,2638
5084,2017-03-13,216,4405,4621
5084,2017-03-14,204,4707,4911
5084,2017-03-15,222,4435,4657
5084,2017-03-16,269,5378,5647
5084,2017-03-17,228,4888,5116
5084,2017-03-18,48,3652,3700
5084,2017-03-19,56,2276,2332
5084,2017-03-20,238,4583,4821
5084,2017-03-21,190,4732,4922
5084,2017-03-22,260,4510,4770
5084,2017-03-23,204,4682,4886
5084,2017-03-24,244,4547,4791
5084,2017-03-25,98,3634,3732
5084,2017-03-27,209,4432,4641
5084,2017-03-28,244,4774,5018
5084,2017-03-29,250,4692,4942
5084,2017-03-31,239,4914,5153
5084,2017-04-01,70,3715,3785
5084,2017-04-02,17,2768,2785
5084,2017-04-03,216,4547,4763
5084,2017-04-04,221,5001,5222
5084,2017-04-05,218,4797,5015
5084,2017-04-06,240,4816,5056
5084,2017-04-07,206,5016,5222
5084,2017-04-08,98,3431,3529
5084,2017-04-09,28,2759,2787
5084,2017-04-10,249,4157,4406
5084,2017-04-11,166,4245,4411
5084,2017-04-12,195,4258,4453
5084,2017-04-13,150,4084,4234
5084,2017-04-14,163,4346,4509
5084,2017-04-15,58,3027,3085
5084,2017-04-16,23,1942,1965
5084,2017-04-17,13,1998,2011
5084,2017-04-18,187,4241,4428
5084,2017-04-19,209,4258,4467
5084,2017-04-20,217,4186,4403
5084,2017-04-21,177,4051,4228
5084,2017-04-22,77,3350,3427
5084,2017-04-23,35,2622,2657
5084,2017-04-24,218,4539,4757
5084,2017-04-25,187,4880,5067
5084,2017-04-26,218,4643,4861
5084,2017-04-28,211,4940,5151
5084,2017-04-29,101,4111,4212
5084,2017-04-30,40,2848,2888
5084,2017-05-01,22,2038,2060
5084,2017-05-02,207,4925,5132
5084,2017-05-03,208,4860,5068
5084,2017-05-04,230,4774,5004
5084,2017-05-05,241,4923,5164
5084,2017-05-06,74,3531,3605
5084,2017-05-07,19,2485,2504
5084,2017-05-08,205,4480,4685
5084,2017-05-09,226,4989,5215
5084,2017-05-10,280,4846,5126
5084,2017-05-11,205,4749,4954
5084,2017-05-12,210,5016,5226
5084,2017-05-13,98,4052,4150
5084,2017-05-14,31,2685,2716
5084,2017-05-15,244,4551,4795
5084,2017-05-16,227,5004,5231
5084,2017-05-17,275,4632,4907
5084,2017-05-18,289,4649,4938
5084,2017-05-19,222,5010,5232
5084,2017-05-20,97,3913,4010
5084,2017-05-21,25,2830,2855
5084,2017-05-22,279,4568,4847
5084,2017-05-23,246,4883,5129
5084,2017-05-24,279,4977,5256
5084,2017-05-26,192,4492,4684
5084,2017-05-27,63,3772,3835
5084,2017-05-28,47,2562,2609
5084,2017-05-29,232,4555,4787
5084,2017-05-30,284,4860,5144
5084,2017-05-31,230,4667,4897
5084,2017-06-01,236,4978,5214
5084,2017-06-02,238,4958,5196
5084,2017-06-03,82,3365,3447
5084,2017-06-04,24,2472,2496
5084,2017-06-05,33,2069,2102
5084,2017-06-06,233,3934,4167
5084,2017-06-07,258,4245,4503
5084,2017-06-08,208,4449,4657
5084,2017-06-09,225,4394,4619
5084,2017-06-10,82,3364,3446
5084,2017-06-11,38,2596,2634
5084,2017-06-12,238,4417,4655
5084,2017-06-13,205,4716,4921
5084,2017-06-14,211,4681,4892
5084,2017-06-15,213,4491,4704
5084,2017-06-16,251,4843,5094
5084,2017-06-17,99,3998,4097
5084,2017-06-18,34,2620,2654
5084,2017-06-19,227,4333,4560
5084,2017-06-20,223,4619,4842
5084,2017-06-21,246,4760,5006
5084,2017-06-22,223,4763,4986
5084,2017-06-23,40,2206,2246
5084,2017-06-24,79,3293,3372
5084,2017-06-25,33,2887,2920
5084,2017-06-26,217,4437,4654
5084,2017-06-27,182,4913,5095
5084,2017-06-28,192,4682,4874
5084,2017-06-30,286,4892,5178
5084,2017-07-01,92,3752,3844
5084,2017-07-02,51,3076,3127
5084,2017-07-03,204,4344,4548
5084,2017-07-04,234,4937,5171
5084,2017-07-05,237,4779,5016
5084,2017-07-06,236,4769,5005
5084,2017-07-07,236,4917,5153
5084,2017-07-08,79,4024,4103
5084,2017-07-09,32,2748,2780
5084,2017-07-10,174,4676,4850
5084,2017-07-11,216,5197,5413
5084,2017-07-12,166,4770,4936
5084,2017-07-13,216,4625,4841
5084,2017-07-14,237,4746,4983
5084,2017-07-15,79,3677,3756
5084,2017-07-16,56,4085,4141
5084,2017-07-17,217,4023,4240
5084,2017-07-18,187,4308,4495
5084,2017-07-19,223,4235,4458
5084,2017-07-20,204,4238,4442
5084,2017-07-21,224,4466,4690
5084,2017-07-22,117,3295,3412
5084,2017-07-23,67,2368,2435
5084,2017-07-24,212,3815,4027
5084,2017-07-25,231,4005,4236
5084,2017-07-26,246,3923,4169
5084,2017-07-28,122,3875,3997
5084,2017-07-29,55,3045,3100
5084,2017-07-30,57,2153,2210
5084,2017-07-31,126,3436,3562
5084,2017-08-01,96,3486,3582
5084,2017-08-02,137,3599,3736
5084,2017-08-03,143,3537,3680
5084,2017-08-04,145,3522,3667
5084,2017-08-05,55,2821,2876
5084,2017-08-06,41,2315,2356
5084,2017-08-07,163,3278,3441
5084,2017-08-08,111,3358,3469
5084,2017-08-09,138,3483,3621
5084,2017-08-10,148,3279,3427
5084,2017-08-11,139,3171,3310
5084,2017-08-12,60,2518,2578
5084,2017-08-13,34,2072,2106
5084,2017-08-14,98,2846,2944
5084,2017-08-15,31,1630,1661
5084,2017-08-16,149,3327,3476
5084,2017-08-17,139,3325,3464
5084,2017-08-18,93,3247,3340
5084,2017-08-19,69,2588,2657
5084,2017-08-20,30,2051,2081
5084,2017-08-21,140,3252,3392
5084,2017-08-22,146,3595,3741
5084,2017-08-23,152,3556,3708
5084,2017-08-25,120,3524,3644
5084,2017-08-26,60,2711,2771
5084,2017-08-27,38,2200,2238
5084,2017-08-28,181,4172,4353
5084,2017-08-29,167,3935,4102
5084,2017-08-30,183,3815,3998
5084,2017-08-31,172,4032,4204
5084,2017-09-01,179,3838,4017
5084,2017-09-02,64,3081,3145
5084,2017-09-03,32,2522,2554
5084,2017-09-04,156,3556,3712
5084,2017-09-05,166,3900,4066
5084,2017-09-06,204,3922,4126
5084,2017-09-07,216,3728,3944
5084,2017-09-08,235,4685,4920
5084,2017-09-09,183,5830,6013
5084,2017-09-10,73,4446,4519
5084,2017-09-11,320,3896,4216
5084,2017-09-12,273,4204,4477
5084,2017-09-13,219,3998,4217
5084,2017-09-14,166,4179,4345
5084,2017-09-15,196,4632,4828
5084,2017-09-16,83,3346,3429
5084,2017-09-17,26,2510,2536
5084,2017-09-18,203,4246,4449
5084,2017-09-19,237,4565,4802
5084,2017-09-20,292,4358,4650
5084,2017-09-21,251,4495,4746
5084,2017-09-22,250,4645,4895
5084,2017-09-23,80,3608,3688
5084,2017-09-24,35,2914,2949
5084,2017-09-25,260,4438,4698
5084,2017-09-26,208,4544,4752
5084,2017-09-27,267,4567,4834
5084,2017-09-28,290,4657,4947
5084,2017-09-29,232,4637,4869
5084,2017-09-30,56,3734,3790
5084,2017-10-01,22,3156,3178
5084,2017-10-02,216,4370,4586
5084,2017-10-03,204,4741,4945
5084,2017-10-04,281,4542,4823
5084,2017-10-05,230,4677,4907
5084,2017-10-06,214,4576,4790
5084,2017-10-07,114,4386,4500
5084,2017-10-08,26,2563,2589
5084,2017-10-09,234,4596,4830
5084,2017-10-10,243,5294,5537
5084,2017-10-11,268,4614,4882
5084,2017-10-12,193,4702,4895
5084,2017-10-13,209,4607,4816
5084,2017-10-14,88,3713,3801
5084,2017-10-15,47,2724,2771
5084,2017-10-16,224,4388,4612
5084,2017-10-17,241,4685,4926
5084,2017-10-18,224,4697,4921
5084,2017-10-19,209,4728,4937
5084,2017-10-20,198,4946,5144
5084,2017-10-21,75,3594,3669
5084,2017-10-22,23,2554,2577
5084,2017-10-23,359,5255,5614
5084,2017-10-24,361,6224,6585
5084,2017-10-25,375,5850,6225
5084,2017-10-27,224,5050,5274
5084,2017-10-28,81,3444,3525
5084,2017-10-29,19,2271,2290
5084,2017-10-30,158,4088,4246
5084,2017-10-31,163,4471,4634
5084,2017-11-01,13,2510,2523
5084,2017-11-03,157,4120,4277
5084,2017-11-04,77,3316,3393
5084,2017-11-05,23,2224,2247
5084,2017-11-06,185,4254,4439
5084,2017-11-07,215,4607,4822
5084,2017-11-08,169,4477,4646
5084,2017-11-10,166,4546,4712
5084,2017-11-11,75,3714,3789
5084,2017-11-12,13,2156,2169
5084,2017-11-13,205,4347,4552
5084,2017-11-14,205,4768,4973
5084,2017-11-15,222,4566,4788
5084,2017-11-16,197,4540,4737
5084,2017-11-17,213,4743,4956
5084,2017-11-18,80,3816,3896
5084,2017-11-19,25,2360,2385
5084,2017-11-20,189,4290,4479
5084,2017-11-21,193,4795,4988
5084,2017-11-22,278,4480,4758
5084,2017-11-24,156,4918,5074
5084,2017-11-25,64,3957,4021
5084,2017-11-26,18,2556,2574
5084,2017-11-27,159,4218,4377
5084,2017-11-28,173,4842,5015
5084,2017-11-29,196,4404,4600
5084,2017-11-30,187,4657,4844
5084,2017-12-01,181,4698,4879
5084,2017-12-02,52,3591,3643
5084,2017-12-03,38,2362,2400
5084,2017-12-04,216,4526,4742
5084,2017-12-05,206,4685,4891
5084,2017-12-06,212,4208,4420
5084,2017-12-07,228,4992,5220
5084,2017-12-08,154,4257,4411
5084,2017-12-09,65,3263,3328
5084,2017-12-10,41,1726,1767
5084,2017-12-11,148,4356,4504
5084,2017-12-12,195,4780,4975
5084,2017-12-13,140,4388,4528
5084,2017-12-14,197,4792,4989
5084,2017-12-15,178,4546,4724
5084,2017-12-16,76,3209,3285
5084,2017-12-17,19,2266,2285
5084,2017-12-18,113,3520,3633
5084,2017-12-19,111,3992,4103
5084,2017-12-20,123,3837,3960
5084,2017-12-21,112,3756,3868
5084,2017-12-22,119,3802,3921
5084,2017-12-23,51,2817,2868
5084,2017-12-24,21,1934,1955
5084,2017-12-25,12,1674,1686
5084,2017-12-26,7,1397,1404
5084,2017-12-27,73,3131,3204
5084,2017-12-28,96,3100,3196
5084,2017-12-29,83,2982,3065
5084,2017-12-30,36,2780,2816
5084,2017-12-31,19,1877,1896
5085,2017-01-01,14,2945,2959
5085,2017-01-02,147,4838,4985
5085,2017-01-03,177,5424,5601
5085,2017-01-04,192,5146,5338
5085,2017-01-05,169,5971,6140
5085,2017-01-06,145,6219,6364
5085,2017-01-07,113,4510,4623
5085,2017-01-08,17,3356,3373
5085,2017-01-09,213,6556,6769
5085,2017-01-10,214,6979,7193
5085,2017-01-11,242,6840,7082
5085,2017-01-12,204,7037,7241
5085,2017-01-13,238,6606,6844
5085,2017-01-14,119,5747,5866
5085,2017-01-15,22,3925,3947
5085,2017-01-16,262,6906,7168
5085,2017-01-17,287,7462,7749
5085,2017-01-18,267,7173,7440
5085,2017-01-20,229,7828,8057
5085,2017-01-21,120,5806,5926
5085,2017-01-22,20,4001,4021
5085,2017-01-23,240,7099,7339
5085,2017-01-24,244,7360,7604
5085,2017-01-25,283,7466,7749
5085,2017-01-26,266,7543,7809
5085,2017-01-27,244,7918,8162
5085,2017-01-28,112,5795,5907
5085,2017-01-29,18,4328,4346
5085,2017-01-30,270,6726,6996
5085,2017-01-31,272,7449,7721
5085,2017-02-01,271,7356,7627
5085,2017-02-02,275,7601,7876
5085,2017-02-03,287,7963,8250
5085,2017-02-04,110,5376,5486
5085,2017-02-05,15,4380,4395
5085,2017-02-06,275,7138,7413
5085,2017-02-07,266,7466,7732
5085,2017-02-08,318,7345,7663
5085,2017-02-09,284,7545,7829
5085,2017-02-10,297,7883,8180
5085,2017-02-11,135,5893,6028
5085,2017-02-12,11,4000,4011
5085,2017-02-13,269,7362,7631
5085,2017-02-14,290,7819,8109
5085,2017-02-15,283,7492,7775
5085,2017-02-16,330,6936,7266
5085,2017-02-17,290,7620,7910
5085,2017-02-18,110,5488,5598
5085,2017-02-19,18,4188,4206
5085,2017-02-20,241,6274,6515
5085,2017-02-21,231,6547,6778
5085,2017-02-22,271,6728,6999
5085,2017-02-24,258,6548,6806
5085,2017-02-25,135,5563,5698
5085,2017-02-26,29,4071,4100
5085,2017-02-27,254,6362,6616
5085,2017-02-28,269,7688,7957
5085,2017-03-01,323,7483,7806
5085,2017-03-02,312,7352,7664
5085,2017-03-03,271,8235,8506
5085,2017-03-04,159,6218,6377
5085,2017-03-05,21,4313,4334
5085,2017-03-06,312,7867,8179
5085,2017-03-07,286,7046,7332
5085,2017-03-08,330,7612,7942
5085,2017-03-09,300,7006,7306
5085,2017-03-10,329,8241,8570
5085,2017-03-11,137,6260,6397
5085,2017-03-12,21,4689,4710
5085,2017-03-13,301,7371,7672
5085,2017-03-14,324,7792,8116
5085,2017-03-15,334,7445,7779
5085,2017-03-16,342,9021,9363
5085,2017-03-17,356,8241,8597
5085,2017-03-18,169,6263,6432
5085,2017-03-19,28,4520,4548
5085,2017-03-20,317,7145,7462
5085,2017-03-21,356,7282,7638
5085,2017-03-22,337,7610,7947
5085,2017-03-23,349,7785,8134
5085,2017-03-24,325,8050,8375
5085,2017-03-25,161,6561,6722
5085,2017-03-27,327,7366,7693
5085,2017-03-28,354,7366,7720
5085,2017-03-29,310,7775,8085
5085,2017-03-31,344,8580,8924
5085,2017-04-01,165,6558,6723
5085,2017-04-02,27,4711,4738
5085,2017-04-03,318,7484,7802
5085,2017-04-04,333,8020,8353
5085,2017-04-05,310,7848,8158
5085,2017-04-06,313,8131,8444
5085,2017-04-07,331,8280,8611
5085,2017-04-08,158,6129,6287
5085,2017-04-09,38,4795,4833
5085,2017-04-10,265,6903,7168
5085,2017-04-11,267,7032,7299
5085,2017-04-12,285,7127,7412
5085,2017-04-13,270,7196,7466
5085,2017-04-14,274,7685,7959
5085,2017-04-15,132,5474,5606
5085,2017-04-16,26,3950,3976
5085,2017-04-17,18,3108,3126
5085,2017-04-18,301,7801,8102
5085,2017-04-19,306,7562,7868
5085,2017-04-20,270,7152,7422
5085,2017-04-21,281,7398,7679
5085,2017-04-22,150,5730,5880
5085,2017-04-23,27,4450,4477
5085,2017-04-24,312,7406,7718
5085,2017-04-25,320,7963,8283
5085,2017-04-26,320,7703,8023
5085,2017-04-28,320,7508,7828
5085,2017-04-29,147,6384,6531
5085,2017-04-30,33,5133,5166
5085,2017-05-01,19,3518,3537
5085,2017-05-02,288,7755,8043
5085,2017-05-03,354,6914,7268
5085,2017-05-04,286,7809,8095
5085,2017-05-05,314,8239,8553
5085,2017-05-06,128,6380,6508
5085,2017-05-07,27,4517,4544
5085,2017-05-08,303,7258,7561
5085,2017-05-09,328,7874,8202
5085,2017-05-10,323,7672,7995
5085,2017-05-11,323,7863,8186
5085,2017-05-12,287,8048,8335
5085,2017-05-13,174,5822,5996
5085,2017-05-14,46,4635,4681
5085,2017-05-15,317,7370,7687
5085,2017-05-16,349,7936,8285
5085,2017-05-17,379,7697,8076
5085,2017-05-18,308,7006,7314
5085,2017-05-19,326,7112,7438
5085,2017-05-20,158,6222,6380
5085,2017-05-21,32,4748,4780
5085,2017-05-22,282,7429,7711
5085,2017-05-23,293,7788,8081
5085,2017-05-24,348,8444,8792
5085,2017-05-26,258,7542,7800
5085,2017-05-27,182,5872,6054
5085,2017-05-28,36,4541,4577
5085,2017-05-29,295,7489,7784
5085,2017-05-30,302,7010,7312
5085,2017-05-31,306,7444,7750
5085,2017-06-01,312,8156,8468
5085,2017-06-02,318,7320,7638
5085,2017-06-03,185,5959,6144
5085,2017-06-04,66,5259,5325
5085,2017-06-05,36,3866,3902
5085,2017-06-06,236,5924,6160
5085,2017-06-07,322,6896,7218
5085,2017-06-08,270,7121,7391
5085,2017-06-09,252,6728,6980
5085,2017-06-10,148,5657,5805
5085,2017-06-11,63,3760,3823
5085,2017-06-12,312,7468,7780
5085,2017-06-13,299,7873,8172
5085,2017-06-14,330,7539,7869
5085,2017-06-15,300,7705,8005
5085,2017-06-16,307,8122,8429
5085,2017-06-17,165,6439,6604
5085,2017-06-18,26,4668,4694
5085,2017-06-19,303,7309,7612
5085,2017-06-20,314,7824,8138
5085,2017-06-21,328,7581,7909
5085,2017-06-22,337,8788,9125
5085,2017-06-23,41,4451,4492
5085,2017-06-24,145,5774,5919
5085,2017-06-25,50,6671,6721
5085,2017-06-26,331,7416,7747
5085,2017-06-27,414,7836,8250
5085,2017-06-28,372,6816,7188
5085,2017-06-29,312,7232,7544
5085,2017-07-01,183,6297,6480
5085,2017-07-02,30,4476,4506
5085,2017-07-03,316,7418,7734
5085,2017-07-04,333,7962,8295
5085,2017-07-05,364,7855,8219
5085,2017-07-06,328,7268,7596
5085,2017-07-07,372,7336,7708
5085,2017-07-08,179,6491,6670
5085,2017-07-09,40,4685,4725
5085,2017-07-10,354,7082,7436
5085,2017-07-11,357,8069,8426
5085,2017-07-12,380,6896,7276
5085,2017-07-13,338,7899,8237
5085,2017-07-14,321,8347,8668
5085,2017-07-15,190,6283,6473
5085,2017-07-16,49,5317,5366
5085,2017-07-17,269,7217,7486
5085,2017-07-18,306,7552,7858
5085,2017-07-19,317,7188,7505
5085,2017-07-20,306,6632,6938
5085,2017-07-21,292,7586,7878
5085,2017-07-22,172,5767,5939
5085,2017-07-23,48,4268,4316
5085,2017-07-24,296,6002,6298
5085,2017-07-25,310,6288,6598
5085,2017-07-26,262,7079,7341
5085,2017-07-27,294,6242,6536
5085,2017-07-29,137,5207,5344
5085,2017-07-30,36,3940,3976
5085,2017-07-31,274,5310,5584
5085,2017-08-01,208,5560,5768
5085,2017-08-02,225,6286,6511
5085,2017-08-03,228,6147,6375
5085,2017-08-04,250,6374,6624
5085,2017-08-05,151,4660,4811
5085,2017-08-06,43,3962,4005
5085,2017-08-07,206,5883,6089
5085,2017-08-08,203,5828,6031
5085,2017-08-09,236,5897,6133
5085,2017-08-10,228,5857,6085
5085,2017-08-11,235,5881,6116
5085,2017-08-12,149,4696,4845
5085,2017-08-13,34,3526,3560
5085,2017-08-14,197,5276,5473
5085,2017-08-15,32,2917,2949
5085,2017-08-16,220,5764,5984
5085,2017-08-18,482,15314,15796
5085,2017-08-19,281,11674,11955
5085,2017-08-20,65,8976,9041
5085,2017-08-21,491,15698,16189
5085,2017-08-22,534,16894,17428
5085,2017-08-23,538,17186,17724
5085,2017-08-25,272,5912,6184
5085,2017-08-26,236,4540,4776
5085,2017-08-27,132,3519,3651
5085,2017-08-28,516,8005,8521
5085,2017-08-29,502,6480,6982
5085,2017-08-30,476,6579,7055
5085,2017-08-31,524,6903,7427
5085,2017-09-01,451,6845,7296
5085,2017-09-02,240,5103,5343
5085,2017-09-03,101,4069,4170
5085,2017-09-04,540,6444,6984
5085,2017-09-05,496,6820,7316
5085,2017-09-06,510,6867,7377
5085,2017-09-07,584,6838,7422
5085,2017-09-08,515,7910,8425
5085,2017-09-09,248,7220,7468
5085,2017-09-10,115,6056,6171
5085,2017-09-11,508,6320,6828
5085,2017-09-12,490,6362,6852
5085,2017-09-13,556,6474,7030
5085,2017-09-14,518,6530,7048
5085,2017-09-15,544,7230,7774
5085,2017-09-16,276,6100,6376
5085,2017-09-17,117,4659,4776
5085,2017-09-18,272,7247,7519
5085,2017-09-19,381,7662,8043
5085,2017-09-20,419,7521,7940
5085,2017-09-21,351,7905,8256
5085,2017-09-22,341,8443,8784
5085,2017-09-23,173,6315,6488
5085,2017-09-24,62,5025,5087
5085,2017-09-25,340,7677,8017
5085,2017-09-26,352,7894,8246
5085,2017-09-27,386,7778,8164
5085,2017-09-28,326,7898,8224
5085,2017-09-29,346,8301,8647
5085,2017-09-30,286,5886,6172
5085,2017-10-01,116,5198,5314
5085,2017-10-02,331,7495,7826
5085,2017-10-03,348,7332,7680
5085,2017-10-04,354,7581,7935
5085,2017-10-05,316,7158,7474
5085,2017-10-06,329,7962,8291
5085,2017-10-07,250,6150,6400
5085,2017-10-08,120,4394,4514
5085,2017-10-09,352,8283,8635
5085,2017-10-10,376,8267,8643
5085,2017-10-11,310,7748,8058
5085,2017-10-12,328,8184,8512
5085,2017-10-13,300,8238,8538
5085,2017-10-14,308,7983,8291
5085,2017-10-15,146,5061,5207
5085,2017-10-16,329,7627,7956
5085,2017-10-17,323,8070,8393
5085,2017-10-18,358,7951,8309
5085,2017-10-19,312,8151,8463
5085,2017-10-20,372,7436,7808
5085,2017-10-21,236,6261,6497
5085,2017-10-22,152,3940,4092
5085,2017-10-23,350,7924,8274
5085,2017-10-24,317,8100,8417
5085,2017-10-25,339,8030,8369
5085,2017-10-27,347,8543,8890
5085,2017-10-28,163,6131,6294
5085,2017-10-29,50,4592,4642
5085,2017-10-30,278,7878,8156
5085,2017-10-31,281,7965,8246
5085,2017-11-01,45,4278,4323
5085,2017-11-03,299,7566,7865
5085,2017-11-04,180,5758,5938
5085,2017-11-05,40,4008,4048
5085,2017-11-06,311,7511,7822
5085,2017-11-07,303,7819,8122
5085,2017-11-08,346,6834,7180
5085,2017-11-10,344,7416,7760
5085,2017-11-11,138,5896,6034
5085,2017-11-12,12,3944,3956
5085,2017-11-13,310,7309,7619
5085,2017-11-14,286,7684,7970
5085,2017-11-15,314,7565,7879
5085,2017-11-16,300,7658,7958
5085,2017-11-17,296,7900,8196
5085,2017-11-18,146,6026,6172
5085,2017-11-19,36,4293,4329
5085,2017-11-20,325,6964,7289
5085,2017-11-21,288,7300,7588
5085,2017-11-22,309,7247,7556
5085,2017-11-24,300,6946,7246
5085,2017-11-25,148,5270,5418
5085,2017-11-26,29,4291,4320
5085,2017-11-27,305,6723,7028
5085,2017-11-28,304,6556,6860
5085,2017-11-29,309,6871,7180
5085,2017-11-30,284,7129,7413
5085,2017-12-01,280,7464,7744
5085,2017-12-02,173,8949,9122
5085,2017-12-03,30,5792,5822
5085,2017-12-04,303,7053,7356
5085,2017-12-05,301,7394,7695
5085,2017-12-06,302,7072,7374
5085,2017-12-07,288,7304,7592
5085,2017-12-08,334,6630,6964
5085,2017-12-09,150,5990,6140
5085,2017-12-10,16,3080,3096
5085,2017-12-11,312,6318,6630
5085,2017-12-12,316,7411,7727
5085,2017-12-13,348,6094,6442
5085,2017-12-14,304,6810,7114
5085,2017-12-15,312,7594,7906
5085,2017-12-16,132,5783,5915
5085,2017-12-17,25,4022,4047
5085,2017-12-18,161,6324,6485
5085,2017-12-19,211,6643,6854
5085,2017-12-20,192,7089,7281
5085,2017-12-21,226,6892,7118
5085,2017-12-22,213,7614,7827
5085,2017-12-23,124,5448,5572
5085,2017-12-24,12,3796,3808
5085,2017-12-25,4,3082,3086
5085,2017-12-26,21,3076,3097
5085,2017-12-27,174,5492,5666
5085,2017-12-28,169,5813,5982
5085,2017-12-29,154,4910,5064
5085,2017-12-30,122,4488,4610
5085,2017-12-31,12,3949,3961
5086,2017-01-01,10,3949,3959
5086,2017-01-02,108,7302,7410
5086,2017-01-03,139,8497,8636
5086,2017-01-04,142,8665,8807
5086,2017-01-05,135,8862,8997
5086,2017-01-06,140,9194,9334
5086,2017-01-07,97,6530,6627
5086,2017-01-08,15,4982,4997
5086,2017-01-09,201,10336,10537
5086,2017-01-10,207,11063,11270
5086,2017-01-11,227,10707,10934
5086,2017-01-12,218,11198,11416
5086,2017-01-13,212,10482,10694
5086,2017-01-14,110,7963,8073
5086,2017-01-15,19,5461,5480
5086,2017-01-16,254,10946,11200
5086,2017-01-17,298,11467,11765
5086,2017-01-18,295,11271,11566
5086,2017-01-20,259,12047,12306
5086,2017-01-21,111,8375,8486
5086,2017-01-22,18,5610,5628
5086,2017-01-23,266,11011,11277
5086,2017-01-24,245,11420,11665
5086,2017-01-25,294,11108,11402
5086,2017-01-26,261,11757,12018
5086,2017-01-27,294,11983,12277
5086,2017-01-28,87,7723,7810
5086,2017-01-29,22,5360,5382
5086,2017-01-30,217,11415,11632
5086,2017-01-31,262,11837,12099
5086,2017-02-01,286,11412,11698
5086,2017-02-02,301,12089,12390
5086,2017-02-03,283,12293,12576
5086,2017-02-04,109,8370,8479
5086,2017-02-05,15,5906,5921
5086,2017-02-06,328,11452,11780
5086,2017-02-07,314,12124,12438
5086,2017-02-08,336,11498,11834
5086,2017-02-09,317,12339,12656
5086,2017-02-10,345,12656,13001
5086,2017-02-11,111,8250,8361
5086,2017-02-12,19,5668,5687
5086,2017-02-13,280,11653,11933
5086,2017-02-14,331,12453,12784
5086,2017-02-15,345,11795,12140
5086,2017-02-16,396,11994,12390
5086,2017-02-17,291,12635,12926
5086,2017-02-18,106,8002,8108
5086,2017-02-19,17,5709,5726
5086,2017-02-20,260,10433,10693
5086,2017-02-21,262,11280,11542
5086,2017-02-22,270,11025,11295
5086,2017-02-24,346,11604,11950
5086,2017-02-25,116,8053,8169
5086,2017-02-26,34,5717,5751
5086,2017-02-27,314,10478,10792
5086,2017-02-28,274,11720,11994
5086,2017-03-01,322,11696,12018
5086,2017-03-02,354,11970,12324
5086,2017-03-03,357,12747,13104
5086,2017-03-04,181,8984,9165
5086,2017-03-05,26,5964,5990
5086,2017-03-06,379,12321,12700
5086,2017-03-07,377,12891,13268
5086,2017-03-08,328,12146,12474
5086,2017-03-09,380,12710,13090
5086,2017-03-10,370,13387,13757
5086,2017-03-11,117,9136,9253
5086,2017-03-12,30,6639,6669
5086,2017-03-13,360,12196,12556
5086,2017-03-14,374,12736,13110
5086,2017-03-15,403,12150,12553
5086,2017-03-16,404,13222,13626
5086,2017-03-17,430,13065,13495
5086,2017-03-18,123,8944,9067
5086,2017-03-19,36,6579,6615
5086,2017-03-20,356,11868,12224
5086,2017-03-21,393,12869,13262
5086,2017-03-22,389,12147,12536
5086,2017-03-23,424,12838,13262
5086,2017-03-24,411,13031,13442
5086,2017-03-25,125,9355,9480
5086,2017-03-27,384,12329,12713
5086,2017-03-28,464,12430,12894
5086,2017-03-29,410,12403,12813
5086,2017-03-31,420,13592,14012
5086,2017-04-01,147,9402,9549
5086,2017-04-02,21,6879,6900
5086,2017-04-03,352,11936,12288
5086,2017-04-04,373,12931,13304
5086,2017-04-05,359,12401,12760
5086,2017-04-06,400,12750,13150
5086,2017-04-07,385,13255,13640
5086,2017-04-08,139,8748,8887
5086,2017-04-09,27,6602,6629
5086,2017-04-10,344,11361,11705
5086,2017-04-11,356,11638,11994
5086,2017-04-12,388,11534,11922
5086,2017-04-13,359,11560,11919
5086,2017-04-14,280,11652,11932
5086,2017-04-15,126,7868,7994
5086,2017-04-16,21,5525,5546
5086,2017-04-17,71,5015,5086
5086,2017-04-18,329,11778,12107
5086,2017-04-19,365,11501,11866
5086,2017-04-20,344,11807,12151
5086,2017-04-21,357,12319,12676
5086,2017-04-22,122,8399,8521
5086,2017-04-23,25,6310,6335
5086,2017-04-24,392,12580,12972
5086,2017-04-25,379,13120,13499
5086,2017-04-26,409,12522,12931
5086,2017-04-28,402,13466,13868
5086,2017-04-29,132,9117,9249
5086,2017-04-30,33,6774,6807
5086,2017-05-01,35,5102,5137
5086,2017-05-02,410,13059,13469
5086,2017-05-03,444,12660,13104
5086,2017-05-04,424,13286,13710
5086,2017-05-05,421,13826,14247
5086,2017-05-06,118,9345,9463
5086,2017-05-07,27,6374,6401
5086,2017-05-08,414,12482,12896
5086,2017-05-09,383,12995,13378
5086,2017-05-10,397,12688,13085
5086,2017-05-11,422,13211,13633
5086,2017-05-12,415,13576,13991
5086,2017-05-13,158,9358,9516
5086,2017-05-14,40,6792,6832
5086,2017-05-15,403,12426,12829
5086,2017-05-16,454,13462,13916
5086,2017-05-17,479,12727,13206
5086,2017-05-18,460,12602,13062
5086,2017-05-19,420,13148,13568
5086,2017-05-20,164,9194,9358
5086,2017-05-21,33,6627,6660
5086,2017-05-22,379,12438,12817
5086,2017-05-23,424,13282,13706
5086,2017-05-24,454,13878,14332
5086,2017-05-26,316,11245,11561
5086,2017-05-27,187,8838,9025
5086,2017-05-28,35,6255,6290
5086,2017-05-29,389,12843,13232
5086,2017-05-30,454,12906,13360
5086,2017-05-31,432,12806,13238
5086,2017-06-01,389,13878,14267
5086,2017-06-02,438,13830,14268
5086,2017-06-03,126,8852,8978
5086,2017-06-04,29,7689,7718
5086,2017-06-05,30,5484,5514
5086,2017-06-06,384,11586,11970
5086,2017-06-07,450,11460,11910
5086,2017-06-08,364,11873,12237
5086,2017-06-09,390,12298,12688
5086,2017-06-10,131,9238,9369
5086,2017-06-11,39,7099,7138
5086,2017-06-12,383,12394,12777
5086,2017-06-13,379,13338,13717
5086,2017-06-14,397,12895,13292
5086,2017-06-15,389,13503,13892
5086,2017-06-16,448,14393,14841
5086,2017-06-17,147,9954,10101
5086,2017-06-18,32,7103,7135
5086,2017-06-19,459,12602,13061
5086,2017-06-20,492,13534,14026
5086,2017-06-21,366,13228,13594
5086,2017-06-22,474,14140,14614
5086,2017-06-23,45,6346,6391
5086,2017-06-24,142,8498,8640
5086,2017-06-25,42,7743,7785
5086,2017-06-26,407,12677,13084
5086,2017-06-27,436,13335,13771
5086,2017-06-28,482,12456,12938
5086,2017-06-30,423,13637,14060
5086,2017-07-01,150,9596,9746
5086,2017-07-02,32,7021,7053
5086,2017-07-03,331,12252,12583
5086,2017-07-04,405,13042,13447
5086,2017-07-05,387,12684,13071
5086,2017-07-06,420,12640,13060
5086,2017-07-07,417,13295,13712
5086,2017-07-08,169,9663,9832
5086,2017-07-09,45,7094,7139
5086,2017-07-10,392,11822,12214
5086,2017-07-11,382,12936,13318
5086,2017-07-12,422,12284,12706
5086,2017-07-13,454,13108,13562
5086,2017-07-14,415,13618,14033
5086,2017-07-15,161,9281,9442
5086,2017-07-16,49,8016,8065
5086,2017-07-17,333,12022,12355
5086,2017-07-18,416,12509,12925
5086,2017-07-19,336,12017,12353
5086,2017-07-20,386,12170,12556
5086,2017-07-21,338,12755,13093
5086,2017-07-22,157,8444,8601
5086,2017-07-23,30,6202,6232
5086,2017-07-24,374,11104,11478
5086,2017-07-25,408,11602,12010
5086,2017-07-26,330,11946,12276
5086,2017-07-27,310,11786,12096
5086,2017-07-29,110,7954,8064
5086,2017-07-30,43,6012,6055
5086,2017-07-31,266,9596,9862
5086,2017-08-01,234,9866,10100
5086,2017-08-02,239,10212,10451
5086,2017-08-03,258,10293,10551
5086,2017-08-04,250,10650,10900
5086,2017-08-05,136,7471,7607
5086,2017-08-06,48,6085,6133
5086,2017-08-07,229,9687,9916
5086,2017-08-08,191,9705,9896
5086,2017-08-09,249,9564,9813
5086,2017-08-10,228,9496,9724
5086,2017-08-11,257,9733,9990
5086,2017-08-12,114,6690,6804
5086,2017-08-13,24,5269,5293
5086,2017-08-14,173,8187,8360
5086,2017-08-15,40,5028,5068
5086,2017-08-16,236,9565,9801
5086,2017-08-18,263,9672,9935
5086,2017-08-19,130,7168,7298
5086,2017-08-20,31,5439,5470
5086,2017-08-21,275,9803,10078
5086,2017-08-22,307,10658,10965
5086,2017-08-23,284,10761,11045
5086,2017-08-25,362,11360,11722
5086,2017-08-26,142,7510,7652
5086,2017-08-27,31,5806,5837
5086,2017-08-28,328,11016,11344
5086,2017-08-29,388,11018,11406
5086,2017-08-30,379,11127,11506
5086,2017-08-31,395,11213,11608
5086,2017-09-01,379,11080,11459
5086,2017-09-02,129,7771,7900
5086,2017-09-03,27,5695,5722
5086,2017-09-04,383,10888,11271
5086,2017-09-05,333,11306,11639
5086,2017-09-06,402,10992,11394
5086,2017-09-07,405,11549,11954
5086,2017-09-08,366,12222,12588
5086,2017-09-09,150,7872,8022
5086,2017-09-10,46,6734,6780
5086,2017-09-11,382,11244,11626
5086,2017-09-12,392,12156,12548
5086,2017-09-13,434,12062,12496
5086,2017-09-14,404,12678,13082
5086,2017-09-15,382,13256,13638
5086,2017-09-16,157,8765,8922
5086,2017-09-17,20,6522,6542
5086,2017-09-18,355,12255,12610
5086,2017-09-19,430,13138,13568
5086,2017-09-20,489,12553,13042
5086,2017-09-21,407,13294,13701
5086,2017-09-22,390,13986,14376
5086,2017-09-23,150,9111,9261
5086,2017-09-24,55,7097,7152
5086,2017-09-25,380,12588,12968
5086,2017-09-26,368,13142,13510
5086,2017-09-27,412,12695,13107
5086,2017-09-28,405,13300,13705
5086,2017-09-29,374,13567,13941
5086,2017-09-30,170,9064,9234
5086,2017-10-01,20,7268,7288
5086,2017-10-02,345,12626,12971
5086,2017-10-03,432,12932,13364
5086,2017-10-04,400,12529,12929
5086,2017-10-05,369,13404,13773
5086,2017-10-06,402,13670,14072
5086,2017-10-07,159,9156,9315
5086,2017-10-08,35,6381,6416
5086,2017-10-09,361,12686,13047
5086,2017-10-10,364,13194,13558
5086,2017-10-11,400,12605,13005
5086,2017-10-12,355,13552,13907
5086,2017-10-13,366,13434,13800
5086,2017-10-14,153,10853,11006
5086,2017-10-15,33,7124,7157
5086,2017-10-16,409,12622,13031
5086,2017-10-17,371,13579,13950
5086,2017-10-18,443,12737,13180
5086,2017-10-19,347,13520,13867
5086,2017-10-20,412,13296,13708
5086,2017-10-21,135,9223,9358
5086,2017-10-22,16,6400,6416
5086,2017-10-23,412,12922,13334
5086,2017-10-24,339,13611,13950
5086,2017-10-25,401,13085,13486
5086,2017-10-27,392,14181,14573
5086,2017-10-28,128,9212,9340
5086,2017-10-29,16,6517,6533
5086,2017-10-30,329,11982,12311
5086,2017-10-31,306,12238,12544
5086,2017-11-01,24,6319,6343
5086,2017-11-03,322,11926,12248
5086,2017-11-04,161,8573,8734
5086,2017-11-05,36,6295,6331
5086,2017-11-06,362,12350,12712
5086,2017-11-07,379,13032,13411
5086,2017-11-08,380,12544,12924
5086,2017-11-10,372,13216,13588
5086,2017-11-11,120,8948,9068
5086,2017-11-12,12,5992,6004
5086,2017-11-13,344,12243,12587
5086,2017-11-14,369,12859,13228
5086,2017-11-15,384,12791,13175
5086,2017-11-16,382,13197,13579
5086,2017-11-17,350,13638,13988
5086,2017-11-18,125,9242,9367
5086,2017-11-19,44,6423,6467
5086,2017-11-20,409,12518,12927
5086,2017-11-21,355,12890,13245
5086,2017-11-22,392,12718,13110
5086,2017-11-24,344,13758,14102
5086,2017-11-25,148,9232,9380
5086,2017-11-26,20,6414,6434
5086,2017-11-27,327,12585,12912
5086,2017-11-28,356,12850,13206
5086,2017-11-29,310,12243,12553
5086,2017-11-30,306,13103,13409
5086,2017-12-01,325,13111,13436
5086,2017-12-02,153,10942,11095
5086,2017-12-03,25,6780,6805
5086,2017-12-04,352,12319,12671
5086,2017-12-05,363,13064,13427
5086,2017-12-06,353,12462,12815
5086,2017-12-07,346,12999,13345
5086,2017-12-08,362,12898,13260
5086,2017-12-09,113,8782,8895
5086,2017-12-10,20,4856,4876
5086,2017-12-11,352,12278,12630
5086,2017-12-12,357,12961,13318
5086,2017-12-13,322,11842,12164
5086,2017-12-14,384,13110,13494
5086,2017-12-15,295,12839,13134
5086,2017-12-16,106,8396,8502
5086,2017-12-17,18,5817,5835
5086,2017-12-18,195,10515,10710
5086,2017-12-19,213,11404,11617
5086,2017-12-20,210,11099,11309
5086,2017-12-21,242,11027,11269
5086,2017-12-22,214,11043,11257
5086,2017-12-23,108,7725,7833
5086,2017-12-24,13,5446,5459
5086,2017-12-25,11,5093,5104
5086,2017-12-26,48,4750,4798
5086,2017-12-27,172,8358,8530
5086,2017-12-28,149,8678,8827
5086,2017-12-29,119,6169,6288
5086,2017-12-30,104,7402,7506
5086,2017-12-31,24,5496,5520
5088,2017-01-01,18,1126,1144
5088,2017-01-02,98,1921,2019
5088,2017-01-03,119,2238,2357
5088,2017-01-04,98,2277,2375
5088,2017-01-05,114,2292,2406
5088,2017-01-06,120,2415,2535
5088,2017-01-07,80,1894,1974
5088,2017-01-08,16,1410,1426
5088,2017-01-09,121,2554,2675
5088,2017-01-10,122,2635,2757
5088,2017-01-11,108,2730,2838
5088,2017-01-12,94,2802,2896
5088,2017-01-13,121,2697,2818
5088,2017-01-14,83,2093,2176
5088,2017-01-15,21,1649,1670
5088,2017-01-16,143,2697,2840
5088,2017-01-17,150,2881,3031
5088,2017-01-18,186,2769,2955
5088,2017-01-20,247,3016,3263
5088,2017-01-21,102,2304,2406
5088,2017-01-22,22,1714,1736
5088,2017-01-23,235,2800,3035
5088,2017-01-24,179,2904,3083
5088,2017-01-25,217,2976,3193
5088,2017-01-26,146,3100,3246
5088,2017-01-27,145,3054,3199
5088,2017-01-28,94,2194,2288
5088,2017-01-29,17,1787,1804
5088,2017-01-30,121,2850,2971
5088,2017-01-31,174,2922,3096
5088,2017-02-01,150,2903,3053
5088,2017-02-02,155,2987,3142
5088,2017-02-03,166,3076,3242
5088,2017-02-04,67,2291,2358
5088,2017-02-05,21,1711,1732
5088,2017-02-06,164,2951,3115
5088,2017-02-07,162,3026,3188
5088,2017-02-08,167,2984,3151
5088,2017-02-09,172,3169,3341
5088,2017-02-10,185,3122,3307
5088,2017-02-11,97,2367,2464
5088,2017-02-12,27,1963,1990
5088,2017-02-13,159,3014,3173
5088,2017-02-14,163,3240,3403
5088,2017-02-15,162,3180,3342
5088,2017-02-16,158,3070,3228
5088,2017-02-18,94,2422,2516
5088,2017-02-19,19,2024,2043
5088,2017-02-20,147,2300,2447
5088,2017-02-21,161,2242,2403
5088,2017-02-22,139,2223,2362
5088,2017-02-24,192,2608,2800
5088,2017-02-25,87,2378,2465
5088,2017-02-26,22,1997,2019
5088,2017-02-27,112,2712,2824
5088,2017-02-28,150,2549,2699
5088,2017-03-01,147,3030,3177
5088,2017-03-02,191,3251,3442
5088,2017-03-03,172,3332,3504
5088,2017-03-04,94,2626,2720
5088,2017-03-05,17,1750,1767
5088,2017-03-06,184,2925,3109
5088,2017-03-07,199,3098,3297
5088,2017-03-08,168,2969,3137
5088,2017-03-09,178,3233,3411
5088,2017-03-10,187,3317,3504
5088,2017-03-11,95,2850,2945
5088,2017-03-12,28,2494,2522
5088,2017-03-13,190,2901,3091
5088,2017-03-14,203,3172,3375
5088,2017-03-15,199,3151,3350
5088,2017-03-16,190,3626,3816
5088,2017-03-17,182,3277,3459
5088,2017-03-18,81,2621,2702
5088,2017-03-19,17,1919,1936
5088,2017-03-20,197,2997,3194
5088,2017-03-21,198,2998,3196
5088,2017-03-22,173,3113,3286
5088,2017-03-23,204,3249,3453
5088,2017-03-24,205,3305,3510
5088,2017-03-25,94,3179,3273
5088,2017-03-27,173,3223,3396
5088,2017-03-28,224,3525,3749
5088,2017-03-29,178,3511,3689
5088,2017-03-31,198,3597,3795
5088,2017-04-01,102,2859,2961
5088,2017-04-02,23,2870,2893
5088,2017-04-03,178,3335,3513
5088,2017-04-04,248,3552,3800
5088,2017-04-05,185,3473,3658
5088,2017-04-06,206,3460,3666
5088,2017-04-07,179,3913,4092
5088,2017-04-08,97,3330,3427
5088,2017-04-09,24,2982,3006
5088,2017-04-10,202,3089,3291
5088,2017-04-11,203,3309,3512
5088,2017-04-12,228,3399,3627
5088,2017-04-13,199,3461,3660
5088,2017-04-14,247,3758,4005
5088,2017-04-15,92,2500,2592
5088,2017-04-16,18,2132,2150
5088,2017-04-17,32,1716,1748
5088,2017-04-18,330,4130,4460
5088,2017-04-19,427,4423,4850
5088,2017-04-20,440,4484,4924
5088,2017-04-21,324,4245,4569
5088,2017-04-22,114,2854,2968
5088,2017-04-23,31,2792,2823
5088,2017-04-24,282,3819,4101
5088,2017-04-25,247,3915,4162
5088,2017-04-26,277,3972,4249
5088,2017-04-28,266,3681,3947
5088,2017-04-29,109,3431,3540
5088,2017-04-30,31,3455,3486
5088,2017-05-01,31,1985,2016
5088,2017-05-02,218,3510,3728
5088,2017-05-03,199,3611,3810
5088,2017-05-04,223,3722,3945
5088,2017-05-05,217,3802,4019
5088,2017-05-06,116,3327,3443
5088,2017-05-07,19,2345,2364
5088,2017-05-08,191,3345,3536
5088,2017-05-09,229,3675,3904
5088,2017-05-10,240,3601,3841
5088,2017-05-11,234,4041,4275
5088,2017-05-12,201,3641,3842
5088,2017-05-13,121,3341,3462
5088,2017-05-14,25,2850,2875
5088,2017-05-15,194,3481,3675
5088,2017-05-16,210,3853,4063
5088,2017-05-17,186,3840,4026
5088,2017-05-18,214,3654,3868
5088,2017-05-19,182,3766,3948
5088,2017-05-20,127,3206,3333
5088,2017-05-21,31,2924,2955
5088,2017-05-22,222,3574,3796
5088,2017-05-23,229,3834,4063
5088,2017-05-24,228,3943,4171
5088,2017-05-26,205,3919,4124
5088,2017-05-27,125,3589,3714
5088,2017-05-28,38,3052,3090
5088,2017-05-29,239,3656,3895
5088,2017-05-30,255,3652,3907
5088,2017-05-31,203,3935,4138
5088,2017-06-01,211,3978,4189
5088,2017-06-02,234,3891,4125
5088,2017-06-03,113,3069,3182
5088,2017-06-04,33,2624,2657
5088,2017-06-05,41,3142,3183
5088,2017-06-06,203,3415,3618
5088,2017-06-07,233,3362,3595
5088,2017-06-08,209,3625,3834
5088,2017-06-09,190,3505,3695
5088,2017-06-10,116,3251,3367
5088,2017-06-11,21,3160,3181
5088,2017-06-12,207,3498,3705
5088,2017-06-13,207,3816,4023
5088,2017-06-14,217,3911,4128
5088,2017-06-15,216,3794,4010
5088,2017-06-16,192,4042,4234
5088,2017-06-17,129,3492,3621
5088,2017-06-18,33,3151,3184
5088,2017-06-19,197,3436,3633
5088,2017-06-20,222,3919,4141
5088,2017-06-21,240,3800,4040
5088,2017-06-22,231,3887,4118
5088,2017-06-23,48,2541,2589
5088,2017-06-24,115,3152,3267
5088,2017-06-25,40,2784,2824
5088,2017-06-26,225,3577,3802
5088,2017-06-27,234,3704,3938
5088,2017-06-28,178,3526,3704
5088,2017-06-30,252,4042,4294
5088,2017-07-01,104,3132,3236
5088,2017-07-02,34,2642,2676
5088,2017-07-03,224,3560,3784
5088,2017-07-04,274,3997,4271
5088,2017-07-05,112,985,1097
5088,2017-07-06,218,3261,3479
5088,2017-07-07,226,4137,4363
5088,2017-07-08,116,3627,3743
5088,2017-07-09,37,2951,2988
5088,2017-07-10,206,3286,3492
5088,2017-07-11,219,3762,3981
5088,2017-07-12,162,3765,3927
5088,2017-07-13,225,3992,4217
5088,2017-07-14,202,4050,4252
5088,2017-07-15,117,3602,3719
5088,2017-07-16,32,2772,2804
5088,2017-07-17,218,3485,3703
5088,2017-07-18,280,3897,4177
5088,2017-07-19,230,3706,3936
5088,2017-07-20,205,3670,3875
5088,2017-07-21,212,3912,4124
5088,2017-07-22,132,3444,3576
5088,2017-07-23,41,2782,2823
5088,2017-07-24,190,3345,3535
5088,2017-07-25,276,3663,3939
5088,2017-07-26,227,3653,3880
5088,2017-07-28,160,3548,3708
5088,2017-07-29,103,3003,3106
5088,2017-07-30,51,2733,2784
5088,2017-07-31,142,3060,3202
5088,2017-08-01,144,2958,3102
5088,2017-08-02,149,3399,3548
5088,2017-08-03,148,3336,3484
5088,2017-08-04,148,3258,3406
5088,2017-08-05,117,2800,2917
5088,2017-08-06,44,2682,2726
5088,2017-08-07,155,3150,3305
5088,2017-08-08,156,3042,3198
5088,2017-08-09,162,3259,3421
5088,2017-08-10,164,3286,3450
5088,2017-08-11,138,3217,3355
5088,2017-08-12,97,2506,2603
5088,2017-08-13,29,2588,2617
5088,2017-08-14,135,3073,3208
5088,2017-08-15,42,2054,2096
5088,2017-08-16,149,3161,3310
5088,2017-08-17,162,3233,3395
5088,2017-08-18,140,3030,3170
5088,2017-08-19,105,2490,2595
5088,2017-08-20,28,2233,2261
5088,2017-08-21,164,2994,3158
5088,2017-08-22,189,3395,3584
5088,2017-08-23,191,3445,3636
5088,2017-08-25,175,3094,3269
5088,2017-08-26,100,2829,2929
5088,2017-08-27,31,2640,2671
5088,2017-08-28,168,3220,3388
5088,2017-08-29,184,3662,3846
5088,2017-08-30,195,3511,3706
5088,2017-08-31,195,3483,3678
5088,2017-09-01,204,3361,3565
5088,2017-09-02,124,2774,2898
5088,2017-09-03,33,2723,2756
5088,2017-09-04,185,3101,3286
5088,2017-09-05,204,3375,3579
5088,2017-09-06,202,3391,3593
5088,2017-09-07,228,3648,3876
5088,2017-09-08,201,3523,3724
5088,2017-09-09,102,2904,3006
5088,2017-09-10,37,2726,2763
5088,2017-09-11,175,3181,3356
5088,2017-09-12,205,3595,3800
5088,2017-09-13,157,3228,3385
5088,2017-09-14,218,3479,3697
5088,2017-09-15,207,3608,3815
5088,2017-09-16,113,3015,3128
5088,2017-09-17,26,2705,2731
5088,2017-09-18,224,3555,3779
5088,2017-09-19,220,3557,3777
5088,2017-09-20,227,3678,3905
5088,2017-09-21,214,3871,4085
5088,2017-09-22,218,4000,4218
5088,2017-09-23,128,3249,3377
5088,2017-09-24,33,3048,3081
5088,2017-09-25,223,3672,3895
5088,2017-09-26,215,3732,3947
5088,2017-09-27,219,3771,3990
5088,2017-09-28,240,3688,3928
5088,2017-09-29,243,3866,4109
5088,2017-09-30,94,2946,3040
5088,2017-10-01,28,2811,2839
5088,2017-10-02,192,3403,3595
5088,2017-10-03,191,3662,3853
5088,2017-10-04,201,3631,3832
5088,2017-10-05,181,3639,3820
5088,2017-10-06,200,3746,3946
5088,2017-10-07,108,3100,3208
5088,2017-10-08,18,2680,2698
5088,2017-10-09,191,3529,3720
5088,2017-10-10,217,3626,3843
5088,2017-10-11,229,3646,3875
5088,2017-10-12,215,3658,3873
5088,2017-10-13,202,3831,4033
5088,2017-10-14,112,3430,3542
5088,2017-10-15,33,3448,3481
5088,2017-10-16,182,3630,3812
5088,2017-10-17,213,3732,3945
5088,2017-10-18,227,3789,4016
5088,2017-10-19,209,3828,4037
5088,2017-10-20,191,3762,3953
5088,2017-10-21,104,3121,3225
5088,2017-10-22,30,2271,2301
5088,2017-10-23,171,3456,3627
5088,2017-10-24,202,3622,3824
5088,2017-10-25,269,3622,3891
5088,2017-10-27,242,3798,4040
5088,2017-10-28,93,2811,2904
5088,2017-10-29,31,2088,2119
5088,2017-10-30,200,3401,3601
5088,2017-10-31,186,3909,4095
5088,2017-11-01,22,2669,2691
5088,2017-11-03,261,3402,3663
5088,2017-11-04,105,2931,3036
5088,2017-11-05,19,2254,2273
5088,2017-11-06,170,3442,3612
5088,2017-11-07,207,3564,3771
5088,2017-11-08,184,3474,3658
5088,2017-11-10,214,3552,3766
5088,2017-11-11,78,2749,2827
5088,2017-11-12,18,1894,1912
5088,2017-11-13,185,3151,3336
5088,2017-11-14,201,2860,3061
5088,2017-11-15,184,2961,3145
5088,2017-11-16,184,2905,3089
5088,2017-11-17,167,2866,3033
5088,2017-11-18,113,2569,2682
5088,2017-11-19,17,1974,1991
5088,2017-11-20,157,2670,2827
5088,2017-11-21,187,2709,2896
5088,2017-11-22,183,2961,3144
5088,2017-11-24,164,3151,3315
5088,2017-11-25,91,2690,2781
5088,2017-11-26,20,1996,2016
5088,2017-11-27,152,3174,3326
5088,2017-11-28,184,3315,3499
5088,2017-11-29,172,3389,3561
5088,2017-11-30,179,3368,3547
5088,2017-12-01,162,3328,3490
5088,2017-12-02,106,2711,2817
5088,2017-12-03,18,1996,2014
5088,2017-12-04,191,3167,3358
5088,2017-12-05,197,3365,3562
5088,2017-12-06,189,3369,3558
5088,2017-12-07,171,3358,3529
5088,2017-12-08,186,3485,3671
5088,2017-12-09,103,2727,2830
5088,2017-12-10,18,1350,1368
5088,2017-12-11,148,3116,3264
5088,2017-12-12,188,3417,3605
5088,2017-12-13,145,2562,2707
5088,2017-12-14,172,3382,3554
5088,2017-12-15,140,2980,3120
5088,2017-12-16,85,2455,2540
5088,2017-12-17,26,1753,1779
5088,2017-12-18,72,2367,2439
5088,2017-12-19,129,3102,3231
5088,2017-12-20,133,3141,3274
5088,2017-12-21,127,3007,3134
5088,2017-12-22,112,3017,3129
5088,2017-12-23,83,2115,2198
5088,2017-12-24,15,1633,1648
5088,2017-12-25,15,1506,1521
5088,2017-12-26,14,1538,1552
5088,2017-12-27,97,2422,2519
5088,2017-12-28,111,2658,2769
5088,2017-12-29,90,2362,2452
5088,2017-12-30,75,2164,2239
5088,2017-12-31,26,1438,1464
5092,2017-01-01,41,11353,11394
5092,2017-01-02,659,17458,18117
5092,2017-01-03,902,20232,21134
5092,2017-01-04,1011,20954,21965
5092,2017-01-05,953,21689,22642
5092,2017-01-06,960,22579,23539
5092,2017-01-07,254,15736,15990
5092,2017-01-08,80,13044,13124
5092,2017-01-09,1157,24092,25249
5092,2017-01-10,1243,24818,26061
5092,2017-01-11,1274,25914,27188
5092,2017-01-12,1315,26184,27499
5092,2017-01-13,1183,24455,25638
5092,2017-01-14,293,18966,19259
5092,2017-01-15,101,16002,16103
5092,2017-01-16,1556,25951,27507
5092,2017-01-17,1611,27073,28684
5092,2017-01-18,1622,27150,28772
5092,2017-01-20,1467,28434,29901
5092,2017-01-21,300,20296,20596
5092,2017-01-22,111,16397,16508
5092,2017-01-23,1502,26275,27777
5092,2017-01-24,1443,26935,28378
5092,2017-01-25,1595,27627,29222
5092,2017-01-26,1663,27937,29600
5092,2017-01-27,1511,28046,29557
5092,2017-01-28,371,19226,19597
5092,2017-01-29,99,15196,15295
5092,2017-01-30,1682,26176,27858
5092,2017-01-31,1705,27730,29435
5092,2017-02-01,1617,27701,29318
5092,2017-02-02,1646,28299,29945
5092,2017-02-03,1621,29302,30923
5092,2017-02-04,330,19821,20151
5092,2017-02-05,101,15645,15746
5092,2017-02-06,1616,27225,28841
5092,2017-02-07,1781,28147,29928
5092,2017-02-08,1727,27956,29683
5092,2017-02-09,1529,28694,30223
5092,2017-02-10,1659,29597,31256
5092,2017-02-11,315,20095,20410
5092,2017-02-12,113,15890,16003
5092,2017-02-13,1690,27304,28994
5092,2017-02-14,1745,29063,30808
5092,2017-02-15,1728,28596,30324
5092,2017-02-16,1716,28133,29849
5092,2017-02-17,1666,28771,30437
5092,2017-02-18,328,18989,19317
5092,2017-02-19,92,15059,15151
5092,2017-02-20,1638,24702,26340
5092,2017-02-21,1633,26174,27807
5092,2017-02-22,1654,25449,27103
5092,2017-02-24,1653,26589,28242
5092,2017-02-25,327,18969,19296
5092,2017-02-26,144,16420,16564
5092,2017-02-27,1386,24921,26307
5092,2017-02-28,1623,27173,28796
5092,2017-03-01,1873,28063,29936
5092,2017-03-02,1746,29163,30909
5092,2017-03-03,1804,30122,31926
5092,2017-03-04,364,21356,21720
5092,2017-03-05,165,17159,17324
5092,2017-03-06,1778,25070,26848
5092,2017-03-07,1645,24718,26363
5092,2017-03-08,1742,25060,26802
5092,2017-03-09,1684,25448,27132
5092,2017-03-10,1955,27335,29290
5092,2017-03-11,441,20781,21222
5092,2017-03-12,120,17770,17890
5092,2017-03-13,1776,27855,29631
5092,2017-03-14,1883,29396,31279
5092,2017-03-15,1759,28345,30104
5092,2017-03-16,1798,27234,29032
5092,2017-03-17,1725,29476,31201
5092,2017-03-18,395,20604,20999
5092,2017-03-19,139,16548,16687
5092,2017-03-20,1852,27598,29450
5092,2017-03-21,1919,28729,30648
5092,2017-03-22,1940,29063,31003
5092,2017-03-23,1890,30086,31976
5092,2017-03-24,1898,30587,32485
5092,2017-03-25,412,22778,23190
5092,2017-03-27,1870,28606,30476
5092,2017-03-28,1930,30020,31950
5092,2017-03-29,1940,29430,31370
5092,2017-03-31,1953,31124,33077
5092,2017-04-01,560,22652,23212
5092,2017-04-02,152,18959,19111
5092,2017-04-03,1802,28660,30462
5092,2017-04-04,1940,29992,31932
5092,2017-04-05,1933,30068,32001
5092,2017-04-06,1867,30464,32331
5092,2017-04-07,1831,30429,32260
5092,2017-04-08,414,20976,21390
5092,2017-04-09,161,18610,18771
5092,2017-04-10,1866,26855,28721
5092,2017-04-11,1845,27397,29242
5092,2017-04-12,1895,27824,29719
5092,2017-04-13,1851,28019,29870
5092,2017-04-14,1553,27600,29153
5092,2017-04-15,355,18516,18871
5092,2017-04-16,72,16214,16286
5092,2017-04-17,112,14249,14361
5092,2017-04-18,1765,26176,27941
5092,2017-04-19,1811,25894,27705
5092,2017-04-20,1935,27414,29349
5092,2017-04-21,2079,29143,31222
5092,2017-04-22,427,20126,20553
5092,2017-04-23,139,17565,17704
5092,2017-04-24,1968,29629,31597
5092,2017-04-25,2117,30512,32629
5092,2017-04-26,2039,30291,32330
5092,2017-04-28,2007,31322,33329
5092,2017-04-29,443,22010,22453
5092,2017-04-30,140,18949,19089
5092,2017-05-01,164,14718,14882
5092,2017-05-02,1905,30017,31922
5092,2017-05-03,1981,29444,31425
5092,2017-05-04,2010,30784,32794
5092,2017-05-05,1966,31920,33886
5092,2017-05-06,494,23047,23541
5092,2017-05-07,243,18156,18399
5092,2017-05-08,1971,28973,30944
5092,2017-05-09,2007,29478,31485
5092,2017-05-10,1980,28662,30642
5092,2017-05-11,1976,29712,31688
5092,2017-05-12,2103,31134,33237
5092,2017-05-13,453,21674,22127
5092,2017-05-14,196,18115,18311
5092,2017-05-15,2015,29197,31212
5092,2017-05-16,2040,30607,32647
5092,2017-05-17,2019,29938,31957
5092,2017-05-18,2025,30418,32443
5092,2017-05-19,1891,30472,32363
5092,2017-05-20,657,21668,22325
5092,2017-05-21,157,18772,18929
5092,2017-05-22,1914,28827,30741
5092,2017-05-23,1910,29997,31907
5092,2017-05-24,2027,32505,34532
5092,2017-05-26,1321,26225,27546
5092,2017-05-27,406,21158,21564
5092,2017-05-28,187,18919,19106
5092,2017-05-29,1888,28921,30809
5092,2017-05-30,2013,30110,32123
5092,2017-05-31,1976,29666,31642
5092,2017-06-01,2030,31420,33450
5092,2017-06-02,2037,31329,33366
5092,2017-06-03,518,20752,21270
5092,2017-06-04,169,17592,17761
5092,2017-06-05,184,15632,15816
5092,2017-06-06,2001,26935,28936
5092,2017-06-07,1941,26401,28342
5092,2017-06-08,1938,26845,28783
5092,2017-06-09,1921,28299,30220
5092,2017-06-10,478,21102,21580
5092,2017-06-11,211,21765,21976
5092,2017-06-12,1902,29594,31496
5092,2017-06-13,2032,31243,33275
5092,2017-06-14,1987,30620,32607
5092,2017-06-15,1890,30507,32397
5092,2017-06-16,2066,31902,33968
5092,2017-06-17,573,22324,22897
5092,2017-06-18,238,19083,19321
5092,2017-06-19,1936,29237,31173
5092,2017-06-20,2100,31062,33162
5092,2017-06-21,2140,30578,32718
5092,2017-06-22,2157,31602,33759
5092,2017-06-23,385,17301,17686
5092,2017-06-24,420,19500,19920
5092,2017-06-25,227,17361,17588
5092,2017-06-26,2124,29519,31643
5092,2017-06-27,2067,30961,33028
5092,2017-06-28,2142,30204,32346
5092,2017-06-30,2058,32573,34631
5092,2017-07-01,492,22869,23361
5092,2017-07-02,176,19845,20021
5092,2017-07-03,2121,29381,31502
5092,2017-07-04,2101,30556,32657
5092,2017-07-05,1977,30391,32368
5092,2017-07-06,1916,31428,33344
5092,2017-07-07,1960,32035,33995
5092,2017-07-08,478,23309,23787
5092,2017-07-09,201,20251,20452
5092,2017-07-10,2025,28433,30458
5092,2017-07-11,1947,29011,30958
5092,2017-07-12,2099,30001,32100
5092,2017-07-13,1972,31999,33971
5092,2017-07-14,1912,32457,34369
5092,2017-07-15,482,22753,23235
5092,2017-07-16,240,20729,20969
5092,2017-07-17,1852,29325,31177
5092,2017-07-18,1988,30071,32059
5092,2017-07-19,1961,30013,31974
5092,2017-07-20,1894,29939,31833
5092,2017-07-21,1936,30314,32250
5092,2017-07-22,463,21385,21848
5092,2017-07-23,141,17695,17836
5092,2017-07-24,1943,27566,29509
5092,2017-07-25,1854,28757,30611
5092,2017-07-26,1934,29192,31126
5092,2017-07-28,1394,27105,28499
5092,2017-07-29,354,19446,19800
5092,2017-07-30,186,16969,17155
5092,2017-07-31,1191,23830,25021
5092,2017-08-01,1200,23881,25081
5092,2017-08-02,1154,24581,25735
5092,2017-08-03,1144,24502,25646
5092,2017-08-04,1115,25048,26163
5092,2017-08-05,311,17816,18127
5092,2017-08-06,161,17451,17612
5092,2017-08-07,1146,23047,24193
5092,2017-08-08,1088,22959,24047
5092,2017-08-09,1163,23315,24478
5092,2017-08-10,1120,23266,24386
5092,2017-08-11,1211,23205,24416
5092,2017-08-12,328,16210,16538
5092,2017-08-13,155,14804,14959
5092,2017-08-14,904,19694,20598
5092,2017-08-15,172,13429,13601
5092,2017-08-16,1155,22857,24012
5092,2017-08-17,1243,22940,24183
5092,2017-08-18,1286,23466,24752
5092,2017-08-19,329,17182,17511
5092,2017-08-20,150,15806,15956
5092,2017-08-21,1613,24973,26586
5092,2017-08-22,1604,26023,27627
5092,2017-08-23,1663,26927,28590
5092,2017-08-25,1632,28023,29655
5092,2017-08-26,456,19641,20097
5092,2017-08-27,364,18111,18475
5092,2017-08-28,2247,24551,26798
5092,2017-08-29,2216,26005,28221
5092,2017-08-30,2175,24721,26896
5092,2017-08-31,2109,24682,26791
5092,2017-09-01,2073,25792,27865
5092,2017-09-02,513,19121,19634
5092,2017-09-03,234,17274,17508
5092,2017-09-04,2091,26674,28765
5092,2017-09-05,2072,28614,30686
5092,2017-09-06,2144,28197,30341
5092,2017-09-07,2147,28692,30839
5092,2017-09-08,2214,27622,29836
5092,2017-09-09,364,9547,9911
5092,2017-09-10,216,8262,8478
5092,2017-09-11,2071,28330,30401
5092,2017-09-12,2117,29919,32036
5092,2017-09-13,2048,29184,31232
5092,2017-09-14,2191,29955,32146
5092,2017-09-15,2041,30740,32781
5092,2017-09-16,553,21452,22005
5092,2017-09-17,250,18149,18399
5092,2017-09-18,1914,29346,31260
5092,2017-09-19,2092,30445,32537
5092,2017-09-20,2080,30314,32394
5092,2017-09-21,1827,31274,33101
5092,2017-09-22,1859,32118,33977
5092,2017-09-23,500,23018,23518
5092,2017-09-24,181,19803,19984
5092,2017-09-25,1902,29683,31585
5092,2017-09-26,1913,30567,32480
5092,2017-09-27,1972,30529,32501
5092,2017-09-28,1856,31234,33090
5092,2017-09-29,1923,31778,33701
5092,2017-09-30,526,21831,22357
5092,2017-10-01,213,19248,19461
5092,2017-10-02,1913,29480,31393
5092,2017-10-03,1810,30553,32363
5092,2017-10-04,1987,30799,32786
5092,2017-10-05,2025,31406,33431
5092,2017-10-06,2008,32221,34229
5092,2017-10-07,479,20583,21062
5092,2017-10-08,212,17754,17966
5092,2017-10-09,1973,28581,30554
5092,2017-10-10,1975,28721,30696
5092,2017-10-11,1963,29996,31959
5092,2017-10-12,2002,31680,33682
5092,2017-10-13,1901,32192,34093
5092,2017-10-14,557,23218,23775
5092,2017-10-15,232,22500,22732
5092,2017-10-16,2000,29941,31941
5092,2017-10-17,1975,31682,33657
5092,2017-10-18,2025,31179,33204
5092,2017-10-19,1933,32164,34097
5092,2017-10-20,1950,32373,34323
5092,2017-10-21,541,22489,23030
5092,2017-10-22,215,18234,18449
5092,2017-10-23,2057,30954,33011
5092,2017-10-24,1946,30868,32814
5092,2017-10-25,2021,31041,33062
5092,2017-10-27,1982,32179,34161
5092,2017-10-28,472,22324,22796
5092,2017-10-29,135,17888,18023
5092,2017-10-30,1968,29098,31066
5092,2017-10-31,1786,29606,31392
5092,2017-11-01,164,17312,17476
5092,2017-11-03,1880,29186,31066
5092,2017-11-04,417,19791,20208
5092,2017-11-05,128,16735,16863
5092,2017-11-06,1926,29809,31735
5092,2017-11-07,2011,30506,32517
5092,2017-11-08,1977,29996,31973
5092,2017-11-09,1807,27196,29003
5092,2017-11-10,1917,31426,33343
5092,2017-11-11,365,22046,22411
5092,2017-11-12,100,16179,16279
5092,2017-11-13,1871,29661,31532
5092,2017-11-14,1918,30689,32607
5092,2017-11-15,2025,30745,32770
5092,2017-11-17,1846,31400,33246
5092,2017-11-18,377,22728,23105
5092,2017-11-19,141,18940,19081
5092,2017-11-20,1935,29711,31646
5092,2017-11-21,1985,30315,32300
5092,2017-11-22,1856,30155,32011
5092,2017-11-23,1878,31415,33293
5092,2017-11-24,1830,31508,33338
5092,2017-11-25,437,22502,22939
5092,2017-11-26,101,18090,18191
5092,2017-11-27,1788,29255,31043
5092,2017-11-28,1848,30479,32327
5092,2017-11-29,1885,29871,31756
5092,2017-12-01,1796,31067,32863
5092,2017-12-02,419,22109,22528
5092,2017-12-03,116,16013,16129
5092,2017-12-04,1851,29016,30867
5092,2017-12-05,1929,30606,32535
5092,2017-12-06,1838,29969,31807
5092,2017-12-07,1752,28627,30379
5092,2017-12-08,1849,30284,32133
5092,2017-12-09,399,21676,22075
5092,2017-12-10,105,13276,13381
5092,2017-12-11,1762,28148,29910
5092,2017-12-12,1769,30331,32100
5092,2017-12-13,1736,28038,29774
5092,2017-12-14,1763,30779,32542
5092,2017-12-15,1697,30575,32272
5092,2017-12-16,382,20959,21341
5092,2017-12-17,108,16056,16164
5092,2017-12-18,1359,25309,26668
5092,2017-12-19,1429,26869,28298
5092,2017-12-20,1318,26471,27789
5092,2017-12-21,1299,26714,28013
5092,2017-12-22,1020,25763,26783
5092,2017-12-23,275,17465,17740
5092,2017-12-24,48,12772,12820
5092,2017-12-25,41,14117,14158
5092,2017-12-26,76,13206,13282
5092,2017-12-27,727,19988,20715
5092,2017-12-28,640,20483,21123
5092,2017-12-29,614,20131,20745
5092,2017-12-30,238,16339,16577
5092,2017-12-31,56,12361,12417
5093,2017-01-01,40,3930,3970
5093,2017-01-02,178,5691,5869
5093,2017-01-03,193,6886,7079
5093,2017-01-04,193,7121,7314
5093,2017-01-05,220,7229,7449
5093,2017-01-06,209,7749,7958
5093,2017-01-07,120,5589,5709
5093,2017-01-08,34,4326,4360
5093,2017-01-09,238,8037,8275
5093,2017-01-10,246,8422,8668
5093,2017-01-11,235,8525,8760
5093,2017-01-12,340,8642,8982
5093,2017-01-13,282,9076,9358
5093,2017-01-14,127,7150,7277
5093,2017-01-15,36,5164,5200
5093,2017-01-16,267,8529,8796
5093,2017-01-17,282,8987,9269
5093,2017-01-18,286,8909,9195
5093,2017-01-20,316,9499,9815
5093,2017-01-21,151,7559,7710
5093,2017-01-22,41,5324,5365
5093,2017-01-23,381,8834,9215
5093,2017-01-24,282,8991,9273
5093,2017-01-25,400,9126,9526
5093,2017-01-26,749,9520,10269
5093,2017-01-27,421,9793,10214
5093,2017-01-28,150,7758,7908
5093,2017-01-29,34,5433,5467
5093,2017-01-30,266,8512,8778
5093,2017-01-31,360,9180,9540
5093,2017-02-01,404,9110,9514
5093,2017-02-02,281,9362,9643
5093,2017-02-03,371,9719,10090
5093,2017-02-04,130,7406,7536
5093,2017-02-05,25,6039,6064
5093,2017-02-06,351,8801,9152
5093,2017-02-07,525,8747,9272
5093,2017-02-08,826,9168,9994
5093,2017-02-09,855,9044,9899
5093,2017-02-10,642,9380,10022
5093,2017-02-11,136,7484,7620
5093,2017-02-12,31,5188,5219
5093,2017-02-13,312,8720,9032
5093,2017-02-14,298,9437,9735
5093,2017-02-15,353,9185,9538
5093,2017-02-16,318,8770,9088
5093,2017-02-17,331,9488,9819
5093,2017-02-18,140,7282,7422
5093,2017-02-19,35,5044,5079
5093,2017-02-20,439,8351,8790
5093,2017-02-21,280,9078,9358
5093,2017-02-22,342,9184,9526
5093,2017-02-24,283,9310,9593
5093,2017-02-25,150,7513,7663
5093,2017-02-26,33,5459,5492
5093,2017-02-27,316,9372,9688
5093,2017-02-28,280,9970,10250
5093,2017-03-01,493,9979,10472
5093,2017-03-02,352,10268,10620
5093,2017-03-03,360,10331,10691
5093,2017-03-04,229,7763,7992
5093,2017-03-05,38,5586,5624
5093,2017-03-06,388,10042,10430
5093,2017-03-07,366,10400,10766
5093,2017-03-08,494,9765,10259
5093,2017-03-09,674,9741,10415
5093,2017-03-10,1650,9614,11264
5093,2017-03-11,159,8401,8560
5093,2017-03-12,34,6194,6228
5093,2017-03-13,368,9283,9651
5093,2017-03-14,372,9565,9937
5093,2017-03-15,429,9326,9755
5093,2017-03-16,469,11042,11511
5093,2017-03-17,1199,9761,10960
5093,2017-03-18,160,7813,7973
5093,2017-03-19,34,5551,5585
5093,2017-03-20,600,8673,9273
5093,2017-03-21,348,9456,9804
5093,2017-03-22,348,9380,9728
5093,2017-03-23,355,9694,10049
5093,2017-03-24,313,9946,10259
5093,2017-03-25,148,8728,8876
5093,2017-03-27,314,9415,9729
5093,2017-03-28,470,9521,9991
5093,2017-03-29,337,9768,10105
5093,2017-03-31,355,10217,10572
5093,2017-04-01,162,8054,8216
5093,2017-04-02,37,6275,6312
5093,2017-04-03,317,9410,9727
5093,2017-04-04,378,9565,9943
5093,2017-04-05,382,9695,10077
5093,2017-04-06,376,9707,10083
5093,2017-04-07,432,9791,10223
5093,2017-04-08,161,7668,7829
5093,2017-04-09,40,6246,6286
5093,2017-04-10,369,8366,8735
5093,2017-04-11,309,8785,9094
5093,2017-04-12,401,8773,9174
5093,2017-04-13,348,8662,9010
5093,2017-04-14,324,8985,9309
5093,2017-04-15,140,6690,6830
5093,2017-04-16,40,4905,4945
5093,2017-04-17,35,4461,4496
5093,2017-04-18,502,8967,9469
5093,2017-04-19,362,10443,10805
5093,2017-04-20,321,9113,9434
5093,2017-04-21,397,8766,9163
5093,2017-04-22,162,7097,7259
5093,2017-04-23,44,5851,5895
5093,2017-04-24,366,9109,9475
5093,2017-04-25,314,9593,9907
5093,2017-04-26,307,9651,9958
5093,2017-04-28,364,10075,10439
5093,2017-04-29,182,8110,8292
5093,2017-04-30,51,6266,6317
5093,2017-05-01,33,4823,4856
5093,2017-05-02,366,9552,9918
5093,2017-05-03,306,9512,9818
5093,2017-05-04,298,9730,10028
5093,2017-05-05,316,10144,10460
5093,2017-05-06,160,8168,8328
5093,2017-05-07,38,5583,5621
5093,2017-05-08,348,8934,9282
5093,2017-05-09,323,9888,10211
5093,2017-05-10,383,11209,11592
5093,2017-05-11,315,9924,10239
5093,2017-05-12,304,9902,10206
5093,2017-05-13,148,8178,8326
5093,2017-05-14,43,5934,5977
5093,2017-05-15,297,9308,9605
5093,2017-05-16,312,9866,10178
5093,2017-05-17,381,9847,10228
5093,2017-05-18,387,9721,10108
5093,2017-05-19,290,9946,10236
5093,2017-05-20,179,8074,8253
5093,2017-05-21,50,5993,6043
5093,2017-05-22,434,9193,9627
5093,2017-05-23,435,9575,10010
5093,2017-05-24,367,10426,10793
5093,2017-05-26,255,9250,9505
5093,2017-05-27,150,7392,7542
5093,2017-05-28,43,5773,5816
5093,2017-05-29,392,9602,9994
5093,2017-05-30,287,10460,10747
5093,2017-05-31,307,10307,10614
5093,2017-06-01,296,10098,10394
5093,2017-06-02,354,10132,10486
5093,2017-06-03,160,7494,7654
5093,2017-06-04,38,5797,5835
5093,2017-06-05,31,5210,5241
5093,2017-06-06,320,8362,8682
5093,2017-06-07,304,8602,8906
5093,2017-06-08,354,10605,10959
5093,2017-06-09,326,9142,9468
5093,2017-06-10,143,7738,7881
5093,2017-06-11,51,6314,6365
5093,2017-06-12,311,9391,9702
5093,2017-06-13,305,9963,10268
5093,2017-06-14,314,9801,10115
5093,2017-06-15,354,9769,10123
5093,2017-06-16,390,10820,11210
5093,2017-06-17,153,8007,8160
5093,2017-06-18,48,6106,6154
5093,2017-06-19,326,9284,9610
5093,2017-06-20,307,9721,10028
5093,2017-06-21,334,10060,10394
5093,2017-06-22,286,9923,10209
5093,2017-06-23,52,5284,5336
5093,2017-06-24,154,7079,7233
5093,2017-06-25,33,6286,6319
5093,2017-06-26,333,9369,9702
5093,2017-06-27,270,9826,10096
5093,2017-06-28,308,9358,9666
5093,2017-06-30,311,10224,10535
5093,2017-07-01,142,7878,8020
5093,2017-07-02,43,5912,5955
5093,2017-07-03,304,9333,9637
5093,2017-07-04,337,9737,10074
5093,2017-07-05,325,10018,10343
5093,2017-07-06,365,9711,10076
5093,2017-07-07,339,9981,10320
5093,2017-07-08,157,8130,8287
5093,2017-07-09,50,5476,5526
5093,2017-07-10,326,9600,9926
5093,2017-07-11,346,12078,12424
5093,2017-07-12,312,9642,9954
5093,2017-07-13,311,9969,10280
5093,2017-07-14,292,10156,10448
5093,2017-07-15,174,7576,7750
5093,2017-07-16,49,6244,6293
5093,2017-07-17,274,9062,9336
5093,2017-07-18,274,9357,9631
5093,2017-07-19,331,8684,9015
5093,2017-07-20,320,9140,9460
5093,2017-07-21,309,9730,10039
5093,2017-07-22,183,7324,7507
5093,2017-07-23,50,5572,5622
5093,2017-07-24,280,8464,8744
5093,2017-07-25,316,9007,9323
5093,2017-07-26,276,9283,9559
5093,2017-07-28,242,8781,9023
5093,2017-07-29,160,6808,6968
5093,2017-07-30,39,5259,5298
5093,2017-07-31,237,7636,7873
5093,2017-08-01,224,7594,7818
5093,2017-08-02,225,7887,8112
5093,2017-08-03,217,7796,8013
5093,2017-08-04,253,7983,8236
5093,2017-08-05,124,5861,5985
5093,2017-08-06,44,4955,4999
5093,2017-08-07,229,7168,7397
5093,2017-08-08,246,7484,7730
5093,2017-08-09,224,7277,7501
5093,2017-08-10,237,7193,7430
5093,2017-08-11,234,7263,7497
5093,2017-08-12,143,5205,5348
5093,2017-08-13,42,4473,4515
5093,2017-08-14,188,6239,6427
5093,2017-08-15,143,4339,4482
5093,2017-08-16,765,7537,8302
5093,2017-08-17,731,7342,8073
5093,2017-08-18,220,7162,7382
5093,2017-08-19,125,5631,5756
5093,2017-08-20,48,4558,4606
5093,2017-08-21,212,7464,7676
5093,2017-08-22,291,7893,8184
5093,2017-08-23,747,8189,8936
5093,2017-08-25,266,8238,8504
5093,2017-08-26,231,6491,6722
5093,2017-08-27,142,5193,5335
5093,2017-08-28,444,10644,11088
5093,2017-08-29,350,9764,10114
5093,2017-08-30,418,9613,10031
5093,2017-08-31,912,9773,10685
5093,2017-09-01,602,9748,10350
5093,2017-09-02,248,6754,7002
5093,2017-09-03,122,5474,5596
5093,2017-09-04,383,8447,8830
5093,2017-09-05,364,8961,9325
5093,2017-09-06,341,8806,9147
5093,2017-09-07,360,8982,9342
5093,2017-09-08,442,9368,9810
5093,2017-09-09,262,6362,6624
5093,2017-09-10,361,13552,13913
5093,2017-09-11,383,9567,9950
5093,2017-09-12,377,9633,10010
5093,2017-09-13,364,9138,9502
5093,2017-09-14,428,9378,9806
5093,2017-09-15,438,10024,10462
5093,2017-09-16,272,7606,7878
5093,2017-09-17,105,6184,6289
5093,2017-09-18,268,9304,9572
5093,2017-09-19,311,9685,9996
5093,2017-09-20,289,9372,9661
5093,2017-09-21,293,9655,9948
5093,2017-09-22,282,10041,10323
5093,2017-09-23,251,8140,8391
5093,2017-09-24,48,6588,6636
5093,2017-09-25,383,9225,9608
5093,2017-09-26,301,9723,10024
5093,2017-09-27,299,9933,10232
5093,2017-09-28,278,9866,10144
5093,2017-09-29,315,10242,10557
5093,2017-09-30,252,8340,8592
5093,2017-10-01,123,6882,7005
5093,2017-10-02,312,9197,9509
5093,2017-10-03,277,9706,9983
5093,2017-10-04,308,9682,9990
5093,2017-10-05,272,9771,10043
5093,2017-10-06,288,10241,10529
5093,2017-10-07,236,7808,8044
5093,2017-10-08,111,6001,6112
5093,2017-10-09,319,9699,10018
5093,2017-10-10,327,11547,11874
5093,2017-10-11,330,10169,10499
5093,2017-10-12,261,9790,10051
5093,2017-10-13,315,10062,10377
5093,2017-10-14,226,8268,8494
5093,2017-10-15,121,6438,6559
5093,2017-10-16,297,9422,9719
5093,2017-10-17,291,9704,9995
5093,2017-10-18,307,9791,10098
5093,2017-10-19,304,9931,10235
5093,2017-10-20,304,10116,10420
5093,2017-10-21,244,7985,8229
5093,2017-10-22,127,5799,5926
5093,2017-10-23,265,9620,9885
5093,2017-10-24,286,9758,10044
5093,2017-10-25,290,10238,10528
5093,2017-10-27,317,10373,10690
5093,2017-10-28,146,7900,8046
5093,2017-10-29,35,5848,5883
5093,2017-10-30,303,8912,9215
5093,2017-10-31,277,9641,9918
5093,2017-11-01,35,5998,6033
5093,2017-11-03,250,9206,9456
5093,2017-11-04,151,7038,7189
5093,2017-11-05,48,5454,5502
5093,2017-11-06,322,9094,9416
5093,2017-11-07,338,9672,10010
5093,2017-11-08,280,9645,9925
5093,2017-11-09,300,9717,10017
5093,2017-11-10,326,10098,10424
5093,2017-11-11,132,8152,8284
5093,2017-11-12,44,5547,5591
5093,2017-11-13,331,9174,9505
5093,2017-11-14,329,9454,9783
5093,2017-11-15,325,9632,9957
5093,2017-11-17,376,9944,10320
5093,2017-11-18,149,8073,8222
5093,2017-11-19,35,5897,5932
5093,2017-11-20,346,8838,9184
5093,2017-11-21,366,9499,9865
5093,2017-11-22,362,9485,9847
5093,2017-11-23,332,9724,10056
5093,2017-11-24,336,9780,10116
5093,2017-11-25,137,7969,8106
5093,2017-11-26,35,5864,5899
5093,2017-11-27,305,9081,9386
5093,2017-11-28,352,9436,9788
5093,2017-11-29,351,9602,9953
5093,2017-12-01,288,9798,10086
5093,2017-12-02,154,7978,8132
5093,2017-12-03,34,5595,5629
5093,2017-12-04,278,9034,9312
5093,2017-12-05,306,9446,9752
5093,2017-12-06,322,9172,9494
5093,2017-12-07,346,9288,9634
5093,2017-12-08,276,9761,10037
5093,2017-12-09,258,8250,8508
5093,2017-12-10,36,4266,4302
5093,2017-12-11,330,10074,10404
5093,2017-12-12,329,9541,9870
5093,2017-12-13,300,9222,9522
5093,2017-12-14,344,10318,10662
5093,2017-12-15,302,9946,10248
5093,2017-12-16,127,7416,7543
5093,2017-12-17,29,5420,5449
5093,2017-12-18,216,8225,8441
5093,2017-12-19,236,8644,8880
5093,2017-12-20,220,8649,8869
5093,2017-12-21,222,8830,9052
5093,2017-12-22,218,9069,9287
5093,2017-12-23,127,6646,6773
5093,2017-12-24,34,4992,5026
5093,2017-12-25,39,4360,4399
5093,2017-12-26,32,3880,3912
5093,2017-12-27,194,6766,6960
5093,2017-12-28,191,6829,7020
5093,2017-12-29,194,6514,6708
5093,2017-12-30,118,5922,6040
5093,2017-12-31,42,4908,4950
5095,2017-01-01,66,4044,4110
5095,2017-01-02,253,7130,7383
5095,2017-01-03,368,8404,8772
5095,2017-01-04,372,7976,8348
5095,2017-01-05,394,8617,9011
5095,2017-01-06,447,8879,9326
5095,2017-01-07,186,6332,6518
5095,2017-01-08,58,4742,4800
5095,2017-01-09,457,9685,10142
5095,2017-01-10,524,9823,10347
5095,2017-01-11,478,9767,10245
5095,2017-01-12,652,10240,10892
5095,2017-01-13,405,9083,9488
5095,2017-01-14,205,7396,7601
5095,2017-01-15,109,5686,5795
5095,2017-01-16,630,10140,10770
5095,2017-01-17,644,10671,11315
5095,2017-01-18,676,10252,10928
5095,2017-01-20,648,10852,11500
5095,2017-01-21,230,7938,8168
5095,2017-01-22,105,5832,5937
5095,2017-01-23,637,10420,11057
5095,2017-01-24,646,10382,11028
5095,2017-01-25,640,10744,11384
5095,2017-01-26,635,10668,11303
5095,2017-01-27,645,11017,11662
5095,2017-01-28,250,7632,7882
5095,2017-01-29,118,5806,5924
5095,2017-01-30,590,10004,10594
5095,2017-01-31,647,10747,11394
5095,2017-02-01,652,10716,11368
5095,2017-02-02,694,10848,11542
5095,2017-02-03,715,10295,11010
5095,2017-02-04,282,7684,7966
5095,2017-02-05,102,5676,5778
5095,2017-02-06,734,10451,11185
5095,2017-02-07,715,10623,11338
5095,2017-02-08,752,10677,11429
5095,2017-02-09,804,10728,11532
5095,2017-02-10,747,11152,11899
5095,2017-02-11,276,7617,7893
5095,2017-02-12,69,5989,6058
5095,2017-02-13,746,10610,11356
5095,2017-02-14,728,11028,11756
5095,2017-02-15,729,11120,11849
5095,2017-02-16,688,10582,11270
5095,2017-02-17,681,10729,11410
5095,2017-02-18,278,7443,7721
5095,2017-02-19,102,6282,6384
5095,2017-02-20,592,9264,9856
5095,2017-02-21,665,9243,9908
5095,2017-02-22,614,9401,10015
5095,2017-02-24,664,10120,10784
5095,2017-02-25,237,7668,7905
5095,2017-02-26,100,5825,5925
5095,2017-02-27,519,9586,10105
5095,2017-02-28,650,10092,10742
5095,2017-03-01,649,10165,10814
5095,2017-03-02,788,10908,11696
5095,2017-03-03,826,11329,12155
5095,2017-03-04,316,8116,8432
5095,2017-03-05,102,5746,5848
5095,2017-03-06,649,10140,10789
5095,2017-03-07,765,10894,11659
5095,2017-03-08,749,10112,10861
5095,2017-03-09,645,9754,10399
5095,2017-03-10,713,11375,12088
5095,2017-03-11,300,9013,9313
5095,2017-03-12,169,7728,7897
5095,2017-03-13,762,10330,11092
5095,2017-03-14,799,10985,11784
5095,2017-03-15,863,11327,12190
5095,2017-03-16,769,11386,12155
5095,2017-03-17,814,11278,12092
5095,2017-03-18,219,7833,8052
5095,2017-03-19,104,6212,6316
5095,2017-03-20,718,10500,11218
5095,2017-03-21,676,10236,10912
5095,2017-03-22,853,11517,12370
5095,2017-03-23,832,11300,12132
5095,2017-03-24,871,11476,12347
5095,2017-03-25,357,9213,9570
5095,2017-03-27,851,11026,11877
5095,2017-03-28,918,11566,12484
5095,2017-03-29,866,11575,12441
5095,2017-03-31,769,12126,12895
5095,2017-04-01,313,9074,9387
5095,2017-04-02,174,8008,8182
5095,2017-04-03,782,11246,12028
5095,2017-04-04,974,11956,12930
5095,2017-04-05,903,12027,12930
5095,2017-04-06,878,11780,12658
5095,2017-04-07,844,12139,12983
5095,2017-04-08,370,9553,9923
5095,2017-04-09,148,8924,9072
5095,2017-04-10,794,10820,11614
5095,2017-04-11,818,11210,12028
5095,2017-04-12,811,11180,11991
5095,2017-04-13,769,10878,11647
5095,2017-04-14,573,11114,11687
5095,2017-04-15,287,8029,8316
5095,2017-04-16,119,6569,6688
5095,2017-04-17,103,5573,5676
5095,2017-04-18,816,10613,11429
5095,2017-04-19,868,10605,11473
5095,2017-04-20,874,10788,11662
5095,2017-04-21,856,10995,11851
5095,2017-04-22,349,8319,8668
5095,2017-04-23,158,8036,8194
5095,2017-04-24,824,11121,11945
5095,2017-04-25,874,11770,12644
5095,2017-04-26,873,11788,12661
5095,2017-04-28,808,12233,13041
5095,2017-04-29,358,9486,9844
5095,2017-04-30,187,9299,9486
5095,2017-05-01,142,5807,5949
5095,2017-05-02,817,11679,12496
5095,2017-05-03,806,11177,11983
5095,2017-05-04,869,11742,12611
5095,2017-05-05,918,12167,13085
5095,2017-05-06,362,9409,9771
5095,2017-05-07,150,6985,7135
5095,2017-05-08,791,11113,11904
5095,2017-05-09,886,11985,12871
5095,2017-05-10,907,11796,12703
5095,2017-05-11,881,11780,12661
5095,2017-05-12,756,11144,11900
5095,2017-05-13,728,10060,10788
5095,2017-05-14,206,7676,7882
5095,2017-05-15,778,11310,12088
5095,2017-05-16,878,11700,12578
5095,2017-05-17,875,11808,12683
5095,2017-05-18,841,11809,12650
5095,2017-05-19,800,11568,12368
5095,2017-05-20,400,9196,9596
5095,2017-05-21,172,8328,8500
5095,2017-05-22,818,11147,11965
5095,2017-05-23,913,11822,12735
5095,2017-05-24,932,12179,13111
5095,2017-05-26,632,10961,11593
5095,2017-05-27,331,9238,9569
5095,2017-05-28,169,8201,8370
5095,2017-05-29,873,11398,12271
5095,2017-05-30,897,11466,12363
5095,2017-05-31,885,11973,12858
5095,2017-06-01,949,11856,12805
5095,2017-06-02,908,11860,12768
5095,2017-06-03,692,9569,10261
5095,2017-06-04,212,7721,7933
5095,2017-06-05,206,8122,8328
5095,2017-06-06,1010,10495,11505
5095,2017-06-07,907,10547,11454
5095,2017-06-08,930,10938,11868
5095,2017-06-09,902,10935,11837
5095,2017-06-10,392,9094,9486
5095,2017-06-11,186,8402,8588
5095,2017-06-12,936,11681,12617
5095,2017-06-13,962,12088,13050
5095,2017-06-14,1179,12581,13760
5095,2017-06-15,763,12109,12872
5095,2017-06-16,980,12414,13394
5095,2017-06-17,445,9848,10293
5095,2017-06-18,260,8137,8397
5095,2017-06-19,912,11745,12657
5095,2017-06-20,946,11909,12855
5095,2017-06-21,997,11944,12941
5095,2017-06-22,954,11733,12687
5095,2017-06-23,285,7036,7321
5095,2017-06-24,390,8804,9194
5095,2017-06-25,171,7391,7562
5095,2017-06-26,966,11539,12505
5095,2017-06-27,1066,11698,12764
5095,2017-06-28,1020,11650,12670
5095,2017-06-30,1008,12381,13389
5095,2017-07-01,319,8560,8879
5095,2017-07-02,170,7292,7462
5095,2017-07-03,917,11173,12090
5095,2017-07-04,982,12263,13245
5095,2017-07-05,1146,12472,13618
5095,2017-07-06,1010,11916,12926
5095,2017-07-07,974,12104,13078
5095,2017-07-08,358,10300,10658
5095,2017-07-09,254,7528,7782
5095,2017-07-10,1005,11035,12040
5095,2017-07-11,911,11938,12849
5095,2017-07-12,820,11091,11911
5095,2017-07-13,923,12159,13082
5095,2017-07-14,864,12399,13263
5095,2017-07-15,805,12188,12993
5095,2017-07-16,335,8684,9019
5095,2017-07-17,889,11149,12038
5095,2017-07-18,935,11490,12425
5095,2017-07-19,931,11441,12372
5095,2017-07-20,874,10869,11743
5095,2017-07-21,934,11628,12562
5095,2017-07-22,348,9259,9607
5095,2017-07-23,166,8605,8771
5095,2017-07-24,774,9093,9867
5095,2017-07-25,946,10998,11944
5095,2017-07-26,913,11305,12218
5095,2017-07-28,717,11232,11949
5095,2017-07-29,311,8543,8854
5095,2017-07-30,199,7421,7620
5095,2017-07-31,705,10212,10917
5095,2017-08-02,729,10897,11626
5095,2017-08-03,702,10393,11095
5095,2017-08-04,684,10771,11455
5095,2017-08-05,305,8518,8823
5095,2017-08-06,181,8016,8197
5095,2017-08-07,628,9782,10410
5095,2017-08-08,718,9562,10280
5095,2017-08-09,651,10305,10956
5095,2017-08-10,644,10099,10743
5095,2017-08-11,651,10477,11128
5095,2017-08-12,284,8247,8531
5095,2017-08-13,170,7756,7926
5095,2017-08-14,608,9347,9955
5095,2017-08-15,164,5691,5855
5095,2017-08-16,676,10364,11040
5095,2017-08-17,650,9933,10583
5095,2017-08-18,558,9043,9601
5095,2017-08-19,225,7352,7577
5095,2017-08-20,171,6905,7076
5095,2017-08-21,703,9795,10498
5095,2017-08-22,726,10628,11354
5095,2017-08-23,809,10970,11779
5095,2017-08-25,771,10608,11379
5095,2017-08-26,293,8718,9011
5095,2017-08-27,160,7716,7876
5095,2017-08-28,766,10609,11375
5095,2017-08-29,855,11445,12300
5095,2017-08-30,864,10999,11863
5095,2017-08-31,792,10573,11365
5095,2017-09-01,811,11024,11835
5095,2017-09-02,353,7738,8091
5095,2017-09-03,201,8241,8442
5095,2017-09-04,773,9484,10257
5095,2017-09-05,823,9824,10647
5095,2017-09-06,798,9442,10240
5095,2017-09-07,782,9839,10621
5095,2017-09-08,715,9863,10578
5095,2017-09-09,329,7370,7699
5095,2017-09-10,162,6991,7153
5095,2017-09-11,640,9327,9967
5095,2017-09-12,723,10569,11292
5095,2017-09-13,635,8961,9596
5095,2017-09-14,737,10304,11041
5095,2017-09-15,742,11087,11829
5095,2017-09-16,320,8646,8966
5095,2017-09-17,112,6961,7073
5095,2017-09-18,732,11252,11984
5095,2017-09-19,804,11419,12223
5095,2017-09-20,836,11574,12410
5095,2017-09-21,765,11644,12409
5095,2017-09-22,829,12098,12927
5095,2017-09-23,371,9458,9829
5095,2017-09-24,154,8303,8457
5095,2017-09-25,776,11395,12171
5095,2017-09-26,757,11883,12640
5095,2017-09-27,765,11754,12519
5095,2017-09-28,787,11627,12414
5095,2017-09-29,818,11986,12804
5095,2017-09-30,278,7881,8159
5095,2017-10-01,142,7587,7729
5095,2017-10-02,631,10862,11493
5095,2017-10-03,583,11838,12421
5095,2017-10-04,771,11661,12432
5095,2017-10-05,652,11622,12274
5095,2017-10-06,699,12242,12941
5095,2017-10-07,321,9145,9466
5095,2017-10-08,108,7175,7283
5095,2017-10-09,662,11172,11834
5095,2017-10-10,723,11622,12345
5095,2017-10-11,767,11728,12495
5095,2017-10-12,724,11529,12253
5095,2017-10-13,777,11877,12654
5095,2017-10-14,352,9941,10293
5095,2017-10-15,166,9088,9254
5095,2017-10-16,694,11625,12319
5095,2017-10-17,826,12010,12836
5095,2017-10-18,739,11920,12659
5095,2017-10-19,746,11718,12464
5095,2017-10-20,836,11708,12544
5095,2017-10-21,318,8670,8988
5095,2017-10-22,126,6311,6437
5095,2017-10-23,708,11397,12105
5095,2017-10-24,713,11731,12444
5095,2017-10-25,830,11562,12392
5095,2017-10-27,729,12036,12765
5095,2017-10-28,314,9150,9464
5095,2017-10-29,122,6593,6715
5095,2017-10-30,802,10928,11730
5095,2017-10-31,624,12122,12746
5095,2017-11-01,173,7539,7712
5095,2017-11-03,882,11242,12124
5095,2017-11-04,368,8958,9326
5095,2017-11-05,128,6933,7061
5095,2017-11-06,738,11485,12223
5095,2017-11-07,804,11800,12604
5095,2017-11-08,681,10423,11104
5095,2017-11-09,800,11660,12460
5095,2017-11-10,641,11187,11828
5095,2017-11-11,210,7121,7331
5095,2017-11-12,142,5964,6106
5095,2017-11-13,821,11359,12180
5095,2017-11-14,864,11448,12312
5095,2017-11-15,884,11632,12516
5095,2017-11-17,779,11307,12086
5095,2017-11-18,357,8916,9273
5095,2017-11-19,108,6613,6721
5095,2017-11-20,768,11198,11966
5095,2017-11-21,702,10907,11609
5095,2017-11-22,885,11420,12305
5095,2017-11-23,880,11207,12087
5095,2017-11-24,774,11818,12592
5095,2017-11-25,280,8651,8931
5095,2017-11-26,117,6380,6497
5095,2017-11-27,720,10341,11061
5095,2017-11-28,788,11308,12096
5095,2017-11-29,739,11541,12280
5095,2017-12-02,309,8626,8935
5095,2017-12-03,103,5995,6098
5095,2017-12-04,714,11414,12128
5095,2017-12-05,633,9416,10049
5095,2017-12-06,817,11714,12531
5095,2017-12-07,722,11054,11776
5095,2017-12-08,750,11536,12286
5095,2017-12-09,314,8694,9008
5095,2017-12-10,136,4896,5032
5095,2017-12-12,786,11448,12234
5095,2017-12-13,664,10764,11428
5095,2017-12-15,660,11640,12300
5095,2017-12-16,320,8394,8714
5095,2017-12-17,104,6311,6415
5095,2017-12-18,409,9878,10287
5095,2017-12-19,560,10400,10960
5095,2017-12-20,505,10170,10675
5095,2017-12-21,492,10067,10559
5095,2017-12-22,463,10101,10564
5095,2017-12-23,222,7639,7861
5095,2017-12-24,74,5247,5321
5095,2017-12-25,70,4905,4975
5095,2017-12-26,84,4654,4738
5095,2017-12-27,358,8290,8648
5095,2017-12-28,354,8765,9119
5095,2017-12-29,364,8226,8590
5095,2017-12-30,218,6894,7112
5095,2017-12-31,64,4530,4594
5096,2017-01-01,10,1298,1308
5096,2017-01-02,55,2281,2336
5096,2017-01-03,58,2565,2623
5096,2017-01-04,61,2700,2761
5096,2017-01-05,53,2798,2851
5096,2017-01-06,59,2947,3006
5096,2017-01-07,50,2136,2186
5096,2017-01-08,12,1572,1584
5096,2017-01-09,90,3057,3147
5096,2017-01-10,83,2978,3061
5096,2017-01-11,85,3033,3118
5096,2017-01-12,91,3250,3341
5096,2017-01-13,86,2934,3020
5096,2017-01-14,55,2539,2594
5096,2017-01-15,12,1878,1890
5096,2017-01-17,90,3276,3366
5096,2017-01-18,91,3245,3336
5096,2017-01-19,89,3340,3429
5096,2017-01-20,95,3290,3385
5096,2017-01-21,62,2718,2780
5096,2017-01-22,13,1845,1858
5096,2017-01-23,105,3118,3223
5096,2017-01-24,98,3268,3366
5096,2017-01-25,80,3257,3337
5096,2017-01-26,73,3427,3500
5096,2017-01-27,87,3350,3437
5096,2017-01-28,57,2624,2681
5096,2017-01-29,9,1774,1783
5096,2017-01-30,93,3209,3302
5096,2017-01-31,103,3438,3541
5096,2017-02-01,96,3385,3481
5096,2017-02-02,98,3505,3603
5096,2017-02-03,114,3669,3783
5096,2017-02-04,62,2806,2868
5096,2017-02-05,13,1971,1984
5096,2017-02-06,104,3279,3383
5096,2017-02-08,105,3456,3561
5096,2017-02-09,107,3580,3687
5096,2017-02-10,105,3571,3676
5096,2017-02-11,55,2814,2869
5096,2017-02-12,13,1888,1901
5096,2017-02-13,111,3419,3530
5096,2017-02-15,95,3559,3654
5096,2017-02-16,99,3475,3574
5096,2017-02-17,111,3477,3588
5096,2017-02-18,61,2667,2728
5096,2017-02-19,11,1721,1732
5096,2017-02-20,94,3060,3154
5096,2017-02-21,88,3165,3253
5096,2017-02-22,76,3278,3354
5096,2017-02-23,71,3358,3429
5096,2017-02-24,108,3654,3762
5096,2017-02-25,67,2746,2813
5096,2017-02-26,15,1956,1971
5096,2017-02-27,104,3383,3487
5096,2017-03-01,122,3486,3608
5096,2017-03-02,105,3731,3836
5096,2017-03-03,107,3804,3911
5096,2017-03-04,60,2995,3055
5096,2017-03-05,13,1882,1895
5096,2017-03-06,102,3489,3591
5096,2017-03-07,109,3627,3736
5096,2017-03-08,114,3446,3560
5096,2017-03-09,83,3648,3731
5096,2017-03-10,101,3885,3986
5096,2017-03-11,61,3101,3162
5096,2017-03-12,10,2194,2204
5096,2017-03-13,87,3482,3569
5096,2017-03-14,86,3833,3919
5096,2017-03-15,110,3609,3719
5096,2017-03-16,94,3723,3817
5096,2017-03-17,103,3553,3656
5096,2017-03-18,63,3005,3068
5096,2017-03-19,9,1946,1955
5096,2017-03-20,113,3529,3642
5096,2017-03-21,127,3742,3869
5096,2017-03-22,94,3595,3689
5096,2017-03-23,88,3613,3701
5096,2017-03-24,104,3879,3983
5096,2017-03-25,90,3229,3319
5096,2017-03-27,96,3723,3819
5096,2017-03-29,106,3655,3761
5096,2017-03-30,91,3801,3892
5096,2017-03-31,88,3827,3915
5096,2017-04-01,67,3129,3196
5096,2017-04-02,13,2278,2291
5096,2017-04-03,101,3704,3805
5096,2017-04-04,105,3833,3938
5096,2017-04-05,102,3777,3879
5096,2017-04-06,82,3839,3921
5096,2017-04-07,108,3889,3997
5096,2017-04-08,66,3242,3308
5096,2017-04-09,14,2257,2271
5096,2017-04-10,94,3466,3560
5096,2017-04-11,90,3538,3628
5096,2017-04-12,104,3565,3669
5096,2017-04-13,88,3476,3564
5096,2017-04-14,93,3541,3634
5096,2017-04-15,58,2576,2634
5096,2017-04-16,10,1908,1918
5096,2017-04-17,8,1632,1640
5096,2017-04-18,120,3443,3563
5096,2017-04-19,113,3500,3613
5096,2017-04-20,113,3559,3672
5096,2017-04-21,120,3606,3726
5096,2017-04-22,168,2871,3039
5096,2017-04-23,13,2223,2236
5096,2017-04-24,131,3716,3847
5096,2017-04-26,95,3874,3969
5096,2017-04-27,111,3902,4013
5096,2017-04-28,114,3955,4069
5096,2017-04-29,76,3214,3290
5096,2017-04-30,14,2556,2570
5096,2017-05-01,14,1718,1732
5096,2017-05-02,113,3815,3928
5096,2017-05-03,119,3658,3777
5096,2017-05-04,124,3866,3990
5096,2017-05-05,120,3869,3989
5096,2017-05-06,75,3202,3277
5096,2017-05-07,9,2161,2170
5096,2017-05-08,99,3528,3627
5096,2017-05-09,95,3929,4024
5096,2017-05-10,96,3878,3974
5096,2017-05-11,135,4025,4160
5096,2017-05-12,156,3812,3968
5096,2017-05-13,93,3263,3356
5096,2017-05-14,21,2204,2225
5096,2017-05-15,103,3681,3784
5096,2017-05-16,140,3820,3960
5096,2017-05-17,152,3798,3950
5096,2017-05-18,99,3871,3970
5096,2017-05-19,123,3812,3935
5096,2017-05-20,63,3190,3253
5096,2017-05-21,24,2238,2262
5096,2017-05-22,117,3681,3798
5096,2017-05-23,168,3929,4097
5096,2017-05-25,21,2003,2024
5096,2017-05-26,107,3746,3853
5096,2017-05-27,99,3129,3228
5096,2017-05-28,15,2112,2127
5096,2017-05-29,138,3583,3721
5096,2017-05-30,114,3734,3848
5096,2017-05-31,121,3887,4008
5096,2017-06-01,120,4002,4122
5096,2017-06-02,120,3768,3888
5096,2017-06-03,90,2832,2922
5096,2017-06-04,13,2049,2062
5096,2017-06-05,8,1811,1819
5096,2017-06-06,96,3313,3409
5096,2017-06-07,108,3349,3457
5096,2017-06-08,86,3566,3652
5096,2017-06-09,134,3408,3542
5096,2017-06-10,54,3189,3243
5096,2017-06-11,17,2341,2358
5096,2017-06-12,90,3638,3728
5096,2017-06-13,131,3684,3815
5096,2017-06-14,114,3701,3815
5096,2017-06-15,144,3815,3959
5096,2017-06-16,119,3914,4033
5096,2017-06-17,137,4044,4181
5096,2017-06-18,80,3065,3145
5096,2017-06-19,119,3655,3774
5096,2017-06-20,125,3689,3814
5096,2017-06-21,116,3701,3817
5096,2017-06-22,105,3859,3964
5096,2017-06-23,19,1930,1949
5096,2017-06-24,65,2808,2873
5096,2017-06-25,14,2000,2014
5096,2017-06-26,125,3557,3682
5096,2017-06-27,114,3657,3771
5096,2017-06-28,142,3668,3810
5096,2017-06-29,121,3863,3984
5096,2017-06-30,118,3781,3899
5096,2017-07-01,70,3045,3115
5096,2017-07-02,13,2031,2044
5096,2017-07-03,109,3625,3734
5096,2017-07-04,145,3857,4002
5096,2017-07-06,122,4066,4188
5096,2017-07-07,140,3778,3918
5096,2017-07-08,72,3159,3231
5096,2017-07-09,28,2176,2204
5096,2017-07-10,138,3662,3800
5096,2017-07-11,115,3888,4003
5096,2017-07-12,104,3476,3580
5096,2017-07-13,96,3785,3881
5096,2017-07-14,128,3620,3748
5096,2017-07-15,67,2889,2956
5096,2017-07-16,18,2210,2228
5096,2017-07-17,99,3498,3597
5096,2017-07-18,108,3565,3673
5096,2017-07-19,105,3414,3519
5096,2017-07-20,122,3470,3592
5096,2017-07-21,94,3718,3812
5096,2017-07-22,76,2822,2898
5096,2017-07-23,16,1852,1868
5096,2017-07-24,91,3250,3341
5096,2017-07-25,80,3292,3372
5096,2017-07-27,88,3460,3548
5096,2017-07-28,66,3261,3327
5096,2017-07-29,64,2676,2740
5096,2017-07-30,24,1900,1924
5096,2017-07-31,70,2908,2978
5096,2017-08-01,70,2854,2924
5096,2017-08-02,73,2893,2966
5096,2017-08-03,67,3042,3109
5096,2017-08-04,145,2878,3023
5096,2017-08-05,70,2238,2308
5096,2017-08-06,15,1841,1856
5096,2017-08-07,73,2713,2786
5096,2017-08-08,82,2776,2858
5096,2017-08-09,78,2871,2949
5096,2017-08-10,66,2818,2884
5096,2017-08-11,90,2804,2894
5096,2017-08-12,54,2024,2078
5096,2017-08-13,12,1638,1650
5096,2017-08-14,61,2609,2670
5096,2017-08-15,14,1440,1454
5096,2017-08-16,63,2885,2948
5096,2017-08-17,74,2903,2977
5096,2017-08-18,54,2740,2794
5096,2017-08-19,55,2165,2220
5096,2017-08-20,17,1613,1630
5096,2017-08-21,73,2877,2950
5096,2017-08-22,75,3161,3236
5096,2017-08-23,97,3027,3124
5096,2017-08-25,96,3159,3255
5096,2017-08-26,72,2460,2532
5096,2017-08-27,25,1815,1840
5096,2017-08-28,62,3213,3275
5096,2017-08-29,105,3337,3442
5096,2017-08-30,83,3405,3488
5096,2017-08-31,90,3294,3384
5096,2017-09-01,71,3202,3273
5096,2017-09-02,82,2502,2584
5096,2017-09-03,9,1915,1924
5096,2017-09-04,78,3187,3265
5096,2017-09-05,93,3424,3517
5096,2017-09-06,88,3569,3657
5096,2017-09-07,92,3675,3767
5096,2017-09-08,82,3441,3523
5096,2017-09-09,70,2703,2773
5096,2017-09-10,12,2106,2118
5096,2017-09-11,102,3407,3509
5096,2017-09-12,91,3484,3575
5096,2017-09-13,91,3387,3478
5096,2017-09-14,96,3520,3616
5096,2017-09-15,95,3656,3751
5096,2017-09-16,74,3000,3074
5096,2017-09-17,13,2096,2109
5096,2017-09-18,103,3465,3568
5096,2017-09-19,89,3643,3732
5096,2017-09-20,120,3591,3711
5096,2017-09-21,106,3507,3613
5096,2017-09-22,105,3760,3865
5096,2017-09-23,89,3146,3235
5096,2017-09-24,81,2204,2285
5096,2017-09-25,94,3517,3611
5096,2017-09-26,93,3676,3769
5096,2017-09-27,90,3541,3631
5096,2017-09-28,81,3600,3681
5096,2017-09-29,92,3693,3785
5096,2017-09-30,60,3042,3102
5096,2017-10-01,12,2254,2266
5096,2017-10-02,118,3376,3494
5096,2017-10-03,116,3649,3765
5096,2017-10-04,106,3594,3700
5096,2017-10-05,92,3804,3896
5096,2017-10-06,125,3697,3822
5096,2017-10-07,53,2859,2912
5096,2017-10-08,9,2174,2183
5096,2017-10-09,96,3476,3572
5096,2017-10-10,116,3601,3717
5096,2017-10-11,120,3497,3617
5096,2017-10-12,91,3559,3650
5096,2017-10-13,99,3523,3622
5096,2017-10-14,66,3065,3131
5096,2017-10-15,25,2440,2465
5096,2017-10-16,114,3453,3567
5096,2017-10-17,170,3715,3885
5096,2017-10-18,80,3566,3646
5096,2017-10-19,118,3584,3702
5096,2017-10-20,104,3609,3713
5096,2017-10-21,75,2962,3037
5096,2017-10-22,22,1901,1923
5096,2017-10-23,92,3422,3514
5096,2017-10-24,93,3462,3555
5096,2017-10-25,94,3627,3721
5096,2017-10-27,92,3727,3819
5096,2017-10-28,55,2874,2929
5096,2017-10-29,10,1867,1877
5096,2017-10-30,82,3253,3335
5096,2017-10-31,85,3548,3633
5096,2017-11-01,10,1882,1892
5096,2017-11-03,103,3375,3478
5096,2017-11-04,59,2656,2715
5096,2017-11-05,10,1789,1799
5096,2017-11-06,96,3378,3474
5096,2017-11-07,108,3607,3715
5096,2017-11-08,126,3456,3582
5096,2017-11-09,98,3515,3613
5096,2017-11-10,90,3542,3632
5096,2017-11-11,59,2800,2859
5096,2017-11-12,12,1856,1868
5096,2017-11-13,83,3503,3586
5096,2017-11-14,99,3583,3682
5096,2017-11-15,97,3430,3527
5096,2017-11-17,89,3731,3820
5096,2017-11-18,64,3095,3159
5096,2017-11-19,14,1930,1944
5096,2017-11-20,95,3336,3431
5096,2017-11-21,90,3627,3717
5096,2017-11-22,118,3637,3755
5096,2017-11-23,111,3686,3797
5096,2017-11-24,107,3514,3621
5096,2017-11-25,60,2943,3003
5096,2017-11-26,6,1940,1946
5096,2017-11-27,104,3363,3467
5096,2017-11-28,84,3495,3579
5096,2017-11-29,93,3536,3629
5096,2017-12-01,100,3515,3615
5096,2017-12-02,53,2928,2981
5096,2017-12-03,9,1838,1847
5096,2017-12-04,83,3286,3369
5096,2017-12-05,95,3567,3662
5096,2017-12-06,96,3424,3520
5096,2017-12-07,82,3522,3604
5096,2017-12-08,94,3397,3491
5096,2017-12-09,64,2833,2897
5096,2017-12-10,22,1388,1410
5096,2017-12-11,98,3450,3548
5096,2017-12-12,81,3469,3550
5096,2017-12-13,72,3163,3235
5096,2017-12-14,99,3529,3628
5096,2017-12-15,71,3507,3578
5096,2017-12-16,55,2762,2817
5096,2017-12-17,5,1874,1879
5096,2017-12-18,60,2785,2845
5096,2017-12-19,67,3080,3147
5096,2017-12-20,61,2944,3005
5096,2017-12-21,57,3061,3118
5096,2017-12-22,66,3056,3122
5096,2017-12-23,51,2394,2445
5096,2017-12-24,9,1703,1712
5096,2017-12-25,7,1424,1431
5096,2017-12-26,14,1268,1282
5096,2017-12-27,48,2492,2540
5096,2017-12-28,62,2745,2807
5096,2017-12-29,52,2451,2503
5096,2017-12-30,49,2151,2200
5096,2017-12-31,13,1510,1523
5103,2017-01-01,48,3049,3097
5103,2017-01-02,217,4951,5168
5103,2017-01-03,225,6253,6478
5103,2017-01-04,239,6371,6610
5103,2017-01-05,263,6773,7036
5103,2017-01-06,243,6901,7144
5103,2017-01-07,157,4263,4420
5103,2017-01-08,51,3372,3423
5103,2017-01-09,263,7152,7415
5103,2017-01-10,264,7371,7635
5103,2017-01-11,260,7439,7699
5103,2017-01-12,244,6178,6422
5103,2017-01-13,236,6198,6434
5103,2017-01-14,156,4976,5132
5103,2017-01-15,57,3905,3962
5103,2017-01-16,292,7673,7965
5103,2017-01-17,321,7929,8250
5103,2017-01-18,311,7696,8007
5103,2017-01-20,309,8124,8433
5103,2017-01-21,157,5515,5672
5103,2017-01-22,52,4071,4123
5103,2017-01-23,304,7607,7911
5103,2017-01-24,300,7702,8002
5103,2017-01-25,322,7742,8064
5103,2017-01-26,308,7904,8212
5103,2017-01-27,312,7993,8305
5103,2017-01-28,157,5183,5340
5103,2017-01-29,63,4176,4239
5103,2017-01-30,267,7686,7953
5103,2017-01-31,291,7961,8252
5103,2017-02-01,304,8000,8304
5103,2017-02-02,291,8091,8382
5103,2017-02-03,290,8307,8597
5103,2017-02-04,190,5376,5566
5103,2017-02-05,56,4039,4095
5103,2017-02-06,321,7761,8082
5103,2017-02-07,248,8041,8289
5103,2017-02-08,320,8094,8414
5103,2017-02-09,335,8346,8681
5103,2017-02-10,358,8279,8637
5103,2017-02-11,155,5231,5386
5103,2017-02-12,57,4258,4315
5103,2017-02-13,335,7807,8142
5103,2017-02-14,367,8345,8712
5103,2017-02-15,419,8349,8768
5103,2017-02-16,365,8145,8510
5103,2017-02-17,324,7004,7328
5103,2017-02-18,165,5478,5643
5103,2017-02-19,60,4771,4831
5103,2017-02-20,318,6905,7223
5103,2017-02-21,293,7283,7576
5103,2017-02-22,315,7399,7714
5103,2017-02-23,238,5946,6184
5103,2017-02-24,382,7791,8173
5103,2017-02-25,180,5298,5478
5103,2017-02-26,61,4524,4585
5103,2017-02-27,302,6164,6466
5103,2017-02-28,384,7976,8360
5103,2017-03-01,280,6846,7126
5103,2017-03-02,332,8253,8585
5103,2017-03-03,327,8460,8787
5103,2017-03-04,148,4692,4840
5103,2017-03-05,44,3454,3498
5103,2017-03-06,338,8055,8393
5103,2017-03-07,286,6940,7226
5103,2017-03-08,282,6856,7138
5103,2017-03-09,262,7220,7482
5103,2017-03-10,347,8840,9187
5103,2017-03-11,184,6281,6465
5103,2017-03-12,73,5331,5404
5103,2017-03-13,358,8393,8751
5103,2017-03-14,529,10019,10548
5103,2017-03-15,362,8527,8889
5103,2017-03-16,397,8883,9280
5103,2017-03-17,414,9185,9599
5103,2017-03-18,168,6520,6688
5103,2017-03-19,93,4808,4901
5103,2017-03-20,430,8804,9234
5103,2017-03-21,322,7492,7814
5103,2017-03-22,349,8348,8697
5103,2017-03-23,391,8518,8909
5103,2017-03-24,398,8688,9086
5103,2017-03-25,191,6733,6924
5103,2017-03-27,359,8204,8563
5103,2017-03-28,357,8714,9071
5103,2017-03-29,356,8814,9170
5103,2017-03-31,375,9263,9638
5103,2017-04-01,186,6358,6544
5103,2017-04-02,60,5689,5749
5103,2017-04-03,361,8476,8837
5103,2017-04-04,375,8865,9240
5103,2017-04-05,400,8912,9312
5103,2017-04-06,362,8441,8803
5103,2017-04-07,415,9626,10041
5103,2017-04-08,297,10103,10400
5103,2017-04-09,76,7275,7351
5103,2017-04-10,318,8035,8353
5103,2017-04-11,355,8341,8696
5103,2017-04-12,346,8429,8775
5103,2017-04-13,365,8369,8734
5103,2017-04-14,292,8282,8574
5103,2017-04-15,150,4196,4346
5103,2017-04-16,60,4202,4262
5103,2017-04-17,44,3098,3142
5103,2017-04-18,322,7522,7844
5103,2017-04-19,300,7470,7770
5103,2017-04-20,298,7989,8287
5103,2017-04-21,308,8244,8552
5103,2017-04-22,221,6055,6276
5103,2017-04-23,60,5012,5072
5103,2017-04-24,323,8076,8399
5103,2017-04-25,332,8451,8783
5103,2017-04-26,352,8300,8652
5103,2017-04-28,371,8997,9368
5103,2017-04-29,203,6884,7087
5103,2017-04-30,69,6017,6086
5103,2017-05-01,51,4244,4295
5103,2017-05-02,328,8504,8832
5103,2017-05-03,349,8391,8740
5103,2017-05-04,339,8499,8838
5103,2017-05-05,359,8758,9117
5103,2017-05-06,191,6048,6239
5103,2017-05-07,56,4585,4641
5103,2017-05-08,322,7943,8265
5103,2017-05-09,338,8550,8888
5103,2017-05-10,308,8832,9140
5103,2017-05-11,325,8870,9195
5103,2017-05-12,325,8978,9303
5103,2017-05-13,162,5336,5498
5103,2017-05-14,67,5407,5474
5103,2017-05-15,323,8401,8724
5103,2017-05-16,299,8936,9235
5103,2017-05-17,283,8845,9128
5103,2017-05-18,363,8547,8910
5103,2017-05-19,226,7402,7628
5103,2017-05-20,166,5749,5915
5103,2017-05-21,68,5152,5220
5103,2017-05-22,321,8247,8568
5103,2017-05-23,348,8580,8928
5103,2017-05-24,374,8948,9322
5103,2017-05-26,352,7786,8138
5103,2017-05-27,121,4653,4774
5103,2017-05-28,28,2837,2865
5103,2017-05-29,100,4514,4614
5103,2017-05-30,175,7657,7832
5103,2017-05-31,55,4638,4693
5103,2017-06-01,87,5207,5294
5103,2017-06-02,94,6180,6274
5103,2017-06-03,70,4765,4835
5103,2017-06-04,34,3980,4014
5103,2017-06-05,17,4374,4391
5103,2017-06-06,154,6090,6244
5103,2017-06-07,212,6408,6620
5103,2017-06-08,91,6080,6171
5103,2017-06-09,140,6392,6532
5103,2017-06-10,32,3322,3354
5103,2017-06-11,10,3053,3063
5103,2017-06-12,193,7612,7805
5103,2017-06-13,66,5387,5453
5103,2017-06-14,62,3577,3639
5103,2017-06-15,72,5619,5691
5103,2017-06-16,154,7330,7484
5103,2017-06-17,28,4258,4286
5103,2017-06-18,35,2867,2902
5103,2017-06-19,58,3210,3268
5103,2017-06-20,52,3427,3479
5103,2017-06-21,54,3636,3690
5103,2017-06-23,64,4985,5049
5103,2017-06-24,151,5243,5394
5103,2017-06-25,40,4476,4516
5103,2017-06-26,108,4881,4989
5103,2017-06-27,140,5492,5632
5103,2017-06-28,208,6902,7110
5103,2017-06-30,173,8559,8732
5103,2017-07-01,128,4960,5088
5103,2017-07-02,29,5070,5099
5103,2017-07-03,124,7139,7263
5103,2017-07-04,73,3894,3967
5103,2017-07-05,43,2756,2799
5103,2017-07-07,90,4406,4496
5103,2017-07-08,55,3653,3708
5103,2017-07-09,46,3704,3750
5103,2017-07-10,206,6544,6750
5103,2017-07-11,236,6732,6968
5103,2017-07-12,200,6436,6636
5103,2017-07-14,250,8159,8409
5103,2017-07-15,156,5947,6103
5103,2017-07-16,68,5149,5217
5103,2017-07-17,131,3488,3619
5103,2017-07-18,159,3621,3780
5103,2017-07-19,131,3686,3817
5103,2017-07-20,223,7219,7442
5103,2017-07-21,134,5562,5696
5103,2017-07-22,172,4614,4786
5103,2017-07-23,96,4738,4834
5103,2017-07-24,196,5848,6044
5103,2017-07-25,225,7294,7519
5103,2017-07-26,192,6964,7156
5103,2017-07-28,214,7107,7321
5103,2017-07-29,84,3021,3105
5103,2017-07-30,58,4158,4216
5103,2017-07-31,156,4468,4624
5103,2017-08-01,180,4914,5094
5103,2017-08-02,126,4873,4999
5103,2017-08-03,164,5418,5582
5103,2017-08-04,162,6155,6317
5103,2017-08-05,145,4568,4713
5103,2017-08-06,42,3067,3109
5103,2017-08-07,107,2734,2841
5103,2017-08-08,152,5409,5561
5103,2017-08-09,192,4822,5014
5103,2017-08-10,194,4716,4910
5103,2017-08-11,182,4808,4990
5103,2017-08-12,114,3856,3970
5103,2017-08-13,34,2448,2482
5103,2017-08-14,96,2297,2393
5103,2017-08-15,46,3923,3969
5103,2017-08-16,166,5277,5443
5103,2017-08-17,157,5773,5930
5103,2017-08-18,178,4480,4658
5103,2017-08-19,148,3646,3794
5103,2017-08-20,53,4301,4354
5103,2017-08-21,226,6145,6371
5103,2017-08-22,104,2753,2857
5103,2017-08-23,106,2786,2892
5103,2017-08-25,148,4572,4720
5103,2017-08-26,84,2342,2426
5103,2017-08-27,31,3028,3059
5103,2017-08-28,100,2455,2555
5103,2017-08-29,87,2418,2505
5103,2017-08-30,186,5914,6100
5103,2017-08-31,255,6825,7080
5103,2017-09-01,234,7206,7440
5103,2017-09-02,136,4454,4590
5103,2017-09-03,54,4267,4321
5103,2017-09-04,382,6626,7008
5103,2017-09-05,190,6321,6511
5103,2017-09-06,229,7086,7315
5103,2017-09-07,246,7072,7318
5103,2017-09-08,226,7264,7490
5103,2017-09-09,156,3858,4014
5103,2017-09-10,45,4145,4190
5103,2017-09-11,207,8046,8253
5103,2017-09-12,254,8738,8992
5103,2017-09-13,202,7792,7994
5103,2017-09-14,218,7278,7496
5103,2017-09-15,221,7713,7934
5103,2017-09-16,343,7749,8092
5103,2017-09-17,67,5187,5254
5103,2017-09-18,194,7771,7965
5103,2017-09-19,253,8158,8411
5103,2017-09-20,222,7843,8065
5103,2017-09-21,206,6829,7035
5103,2017-09-22,184,5242,5426
5103,2017-09-23,125,4479,4604
5103,2017-09-24,41,2766,2807
5103,2017-09-25,200,4567,4767
5103,2017-09-26,311,8052,8363
5103,2017-09-27,343,6613,6956
5103,2017-09-28,273,7888,8161
5103,2017-09-29,212,4926,5138
5103,2017-09-30,176,5462,5638
5103,2017-10-01,60,5624,5684
5103,2017-10-02,212,6609,6821
5103,2017-10-03,275,7840,8115
5103,2017-10-04,289,7871,8160
5103,2017-10-05,215,6628,6843
5103,2017-10-06,269,7964,8233
5103,2017-10-07,149,6113,6262
5103,2017-10-08,57,4651,4708
5103,2017-10-09,272,7492,7764
5103,2017-10-10,220,7215,7435
5103,2017-10-11,269,7718,7987
5103,2017-10-12,221,7437,7658
5103,2017-10-13,293,8447,8740
5103,2017-10-14,95,4074,4169
5103,2017-10-15,39,3823,3862
5103,2017-10-16,198,4756,4954
5103,2017-10-17,221,5631,5852
5103,2017-10-18,256,6572,6828
5103,2017-10-19,269,6647,6916
5103,2017-10-20,430,9620,10050
5103,2017-10-21,275,6978,7253
5103,2017-10-22,40,3688,3728
5103,2017-10-23,299,7604,7903
5103,2017-10-24,286,8345,8631
5103,2017-10-25,320,8068,8388
5103,2017-10-27,296,7236,7532
5103,2017-10-28,184,5946,6130
5103,2017-10-29,46,3926,3972
5103,2017-10-30,351,8447,8798
5103,2017-10-31,298,8204,8502
5103,2017-11-01,61,4790,4851
5103,2017-11-03,307,7611,7918
5103,2017-11-04,189,5456,5645
5103,2017-11-05,34,3406,3440
5103,2017-11-06,366,7582,7948
5103,2017-11-07,359,8177,8536
5103,2017-11-08,316,6744,7060
5103,2017-11-09,328,8138,8466
5103,2017-11-10,294,7080,7374
5103,2017-11-11,178,5592,5770
5103,2017-11-12,40,3238,3278
5103,2017-11-13,341,7486,7827
5103,2017-11-14,335,7787,8122
5103,2017-11-15,334,7866,8200
5103,2017-11-17,337,7938,8275
5103,2017-11-18,187,5618,5805
5103,2017-11-19,40,3568,3608
5103,2017-11-20,294,6456,6750
5103,2017-11-21,260,6672,6932
5103,2017-11-22,344,8003,8347
5103,2017-11-23,274,6890,7164
5103,2017-11-24,240,6878,7118
5103,2017-11-25,164,5521,5685
5103,2017-11-26,55,3928,3983
5103,2017-11-27,288,6260,6548
5103,2017-11-28,276,6836,7112
5103,2017-11-29,311,7392,7703
5103,2017-12-01,336,7747,8083
5103,2017-12-02,160,5424,5584
5103,2017-12-03,43,3603,3646
5103,2017-12-04,324,7371,7695
5103,2017-12-05,312,7942,8254
5103,2017-12-06,337,7553,7890
5103,2017-12-07,274,6726,7000
5103,2017-12-08,250,6906,7156
5103,2017-12-09,160,5263,5423
5103,2017-12-10,54,2632,2686
5103,2017-12-11,254,6292,6546
5103,2017-12-12,329,7899,8228
5103,2017-12-13,236,6290,6526
5103,2017-12-14,268,6602,6870
5103,2017-12-15,250,6600,6850
5103,2017-12-16,149,5130,5279
5103,2017-12-17,51,3713,3764
5103,2017-12-18,224,6515,6739
5103,2017-12-19,190,5694,5884
5103,2017-12-20,235,6629,6864
5103,2017-12-21,251,6735,6986
5103,2017-12-22,252,6869,7121
5103,2017-12-23,163,4916,5079
5103,2017-12-24,37,3267,3304
5103,2017-12-25,36,3046,3082
5103,2017-12-26,42,2402,2444
5103,2017-12-27,204,5036,5240
5103,2017-12-28,232,5197,5429
5103,2017-12-29,154,3950,4104
5103,2017-12-30,146,3474,3620
5103,2017-12-31,56,3271,3327
5104,2017-01-01,13,1620,1633
5104,2017-01-02,112,2776,2888
5104,2017-01-03,105,3460,3565
5104,2017-01-04,132,3409,3541
5104,2017-01-05,124,3454,3578
5104,2017-01-06,113,3600,3713
5104,2017-01-07,80,2200,2280
5104,2017-01-08,14,1747,1761
5104,2017-01-09,150,3941,4091
5104,2017-01-10,142,4162,4304
5104,2017-01-11,154,4142,4296
5104,2017-01-12,142,3644,3786
5104,2017-01-13,173,4362,4535
5104,2017-01-14,81,2717,2798
5104,2017-01-15,28,2044,2072
5104,2017-01-16,203,4261,4464
5104,2017-01-17,143,4269,4412
5104,2017-01-18,149,4285,4434
5104,2017-01-20,140,4676,4816
5104,2017-01-21,55,3008,3063
5104,2017-01-22,13,2247,2260
5104,2017-01-23,138,4340,4478
5104,2017-01-24,155,4317,4472
5104,2017-01-25,160,4241,4401
5104,2017-01-26,179,4595,4774
5104,2017-01-27,175,4587,4762
5104,2017-01-28,85,2991,3076
5104,2017-01-29,22,2263,2285
5104,2017-01-30,116,4004,4120
5104,2017-01-31,158,4648,4806
5104,2017-02-01,157,4577,4734
5104,2017-02-02,180,4718,4898
5104,2017-02-03,186,4824,5010
5104,2017-02-04,60,2386,2446
5104,2017-02-05,18,1854,1872
5104,2017-02-06,192,4473,4665
5104,2017-02-07,154,4708,4862
5104,2017-02-08,300,4541,4841
5104,2017-02-09,226,5034,5260
5104,2017-02-10,202,4796,4998
5104,2017-02-11,90,2964,3054
5104,2017-02-12,16,2295,2311
5104,2017-02-13,213,4523,4736
5104,2017-02-14,488,6215,6703
5104,2017-02-15,618,5579,6197
5104,2017-02-16,287,4700,4987
5104,2017-02-17,245,4865,5110
5104,2017-02-18,73,3070,3143
5104,2017-02-19,17,2586,2603
5104,2017-02-20,184,4043,4227
5104,2017-02-21,222,4156,4378
5104,2017-02-22,244,4115,4359
5104,2017-02-23,276,4492,4768
5104,2017-02-24,190,5362,5552
5104,2017-02-25,70,3021,3091
5104,2017-02-26,17,2491,2508
5104,2017-02-27,186,3748,3934
5104,2017-02-28,206,3824,4030
5104,2017-03-01,186,4000,4186
5104,2017-03-02,177,4725,4902
5104,2017-03-03,145,5113,5258
5104,2017-03-04,77,3531,3608
5104,2017-03-05,16,1994,2010
5104,2017-03-06,184,4760,4944
5104,2017-03-07,204,5480,5684
5104,2017-03-08,248,5027,5275
5104,2017-03-09,214,5035,5249
5104,2017-03-10,222,5421,5643
5104,2017-03-11,93,3623,3716
5104,2017-03-12,45,3013,3058
5104,2017-03-13,242,4870,5112
5104,2017-03-14,250,5572,5822
5104,2017-03-15,199,4907,5106
5104,2017-03-16,230,5569,5799
5104,2017-03-17,263,5755,6018
5104,2017-03-18,164,3907,4071
5104,2017-03-19,66,2922,2988
5104,2017-03-20,246,5109,5355
5104,2017-03-21,242,5480,5722
5104,2017-03-22,235,4837,5072
5104,2017-03-23,266,5154,5420
5104,2017-03-24,193,5068,5261
5104,2017-03-25,93,3897,3990
5104,2017-03-27,203,4902,5105
5104,2017-03-28,217,5276,5493
5104,2017-03-29,226,5048,5274
5104,2017-03-31,216,5508,5724
5104,2017-04-01,84,3771,3855
5104,2017-04-02,28,3978,4006
5104,2017-04-03,233,5411,5644
5104,2017-04-04,216,5715,5931
5104,2017-04-05,221,5301,5522
5104,2017-04-06,256,5064,5320
5104,2017-04-07,269,6309,6578
5104,2017-04-08,217,8148,8365
5104,2017-04-09,30,6385,6415
5104,2017-04-10,201,5893,6094
5104,2017-04-11,203,5829,6032
5104,2017-04-12,215,5882,6097
5104,2017-04-13,213,5594,5807
5104,2017-04-14,201,6059,6260
5104,2017-04-15,92,3321,3413
5104,2017-04-16,26,2639,2665
5104,2017-04-17,27,2163,2190
5104,2017-04-18,169,4748,4917
5104,2017-04-19,150,4899,5049
5104,2017-04-20,184,5574,5758
5104,2017-04-21,195,5937,6132
5104,2017-04-22,91,3653,3744
5104,2017-04-23,24,3372,3396
5104,2017-04-24,185,4975,5160
5104,2017-04-25,180,5072,5252
5104,2017-04-26,194,4778,4972
5104,2017-04-28,164,5462,5626
5104,2017-04-29,79,3914,3993
5104,2017-04-30,16,4475,4491
5104,2017-05-01,24,2689,2713
5104,2017-05-02,176,5066,5242
5104,2017-05-03,182,4436,4618
5104,2017-05-04,189,5159,5348
5104,2017-05-05,236,5133,5369
5104,2017-05-06,104,3499,3603
5104,2017-05-07,59,2524,2583
5104,2017-05-08,158,4844,5002
5104,2017-05-09,181,4992,5173
5104,2017-05-10,201,5402,5603
5104,2017-05-11,209,5258,5467
5104,2017-05-12,185,5190,5375
5104,2017-05-13,74,3600,3674
5104,2017-05-14,20,3489,3509
5104,2017-05-15,199,5168,5367
5104,2017-05-16,226,5518,5744
5104,2017-05-17,234,5540,5774
5104,2017-05-18,239,5029,5268
5104,2017-05-19,198,4318,4516
5104,2017-05-20,71,2564,2635
5104,2017-05-21,46,2523,2569
5104,2017-05-22,187,5074,5261
5104,2017-05-23,243,5336,5579
5104,2017-05-24,234,5575,5809
5104,2017-05-26,146,5470,5616
5104,2017-05-27,76,4248,4324
5104,2017-05-28,20,3429,3449
5104,2017-05-29,241,4782,5023
5104,2017-05-30,196,5073,5269
5104,2017-05-31,217,5276,5493
5104,2017-06-01,216,5511,5727
5104,2017-06-02,276,4898,5174
5104,2017-06-03,89,3473,3562
5104,2017-06-04,24,3246,3270
5104,2017-06-05,23,3759,3782
5104,2017-06-07,224,4354,4578
5104,2017-06-08,246,5010,5256
5104,2017-06-09,198,4452,4650
5104,2017-06-10,99,4252,4351
5104,2017-06-11,51,4049,4100
5104,2017-06-12,260,4982,5242
5104,2017-06-13,212,5504,5716
5104,2017-06-14,221,5419,5640
5104,2017-06-15,164,5426,5590
5104,2017-06-16,215,6258,6473
5104,2017-06-17,110,4893,5003
5104,2017-06-18,71,4613,4684
5104,2017-06-19,290,5255,5545
5104,2017-06-20,203,5098,5301
5104,2017-06-21,246,5107,5353
5104,2017-06-22,298,4984,5282
5104,2017-06-23,62,2769,2831
5104,2017-06-24,84,3481,3565
5104,2017-06-25,27,2948,2975
5104,2017-06-26,255,5131,5386
5104,2017-06-27,156,4652,4808
5104,2017-06-28,174,4496,4670
5104,2017-06-30,198,5499,5697
5104,2017-07-01,78,3188,3266
5104,2017-07-02,18,3087,3105
5104,2017-07-03,220,5025,5245
5104,2017-07-04,200,5514,5714
5104,2017-07-05,275,5602,5877
5104,2017-07-06,218,5962,6180
5104,2017-07-07,227,5688,5915
5104,2017-07-08,114,4830,4944
5104,2017-07-09,36,3498,3534
5104,2017-07-10,256,4408,4664
5104,2017-07-11,264,5297,5561
5104,2017-07-13,235,5588,5823
5104,2017-07-14,238,5648,5886
5104,2017-07-15,108,4000,4108
5104,2017-07-16,32,3397,3429
5104,2017-07-17,197,4908,5105
5104,2017-07-18,254,5304,5558
5104,2017-07-19,262,4943,5205
5104,2017-07-20,212,4412,4624
5104,2017-07-21,254,5417,5671
5104,2017-07-22,120,3809,3929
5104,2017-07-23,55,3206,3261
5104,2017-07-24,186,4290,4476
5104,2017-07-25,156,4522,4678
5104,2017-07-26,153,4963,5116
5104,2017-07-28,150,5278,5428
5104,2017-07-29,79,4226,4305
5104,2017-07-30,24,3462,3486
5104,2017-07-31,188,4463,4651
5104,2017-08-02,148,4702,4850
5104,2017-08-03,156,4509,4665
5104,2017-08-04,156,4919,5075
5104,2017-08-05,88,3446,3534
5104,2017-08-06,24,3605,3629
5104,2017-08-07,124,4314,4438
5104,2017-08-08,116,3594,3710
5104,2017-08-09,149,4380,4529
5104,2017-08-10,123,4065,4188
5104,2017-08-11,166,3864,4030
5104,2017-08-12,101,3021,3122
5104,2017-08-13,24,3339,3363
5104,2017-08-14,131,4067,4198
5104,2017-08-15,45,2799,2844
5104,2017-08-16,144,4234,4378
5104,2017-08-17,136,4252,4388
5104,2017-08-18,194,4374,4568
5104,2017-08-19,66,3546,3612
5104,2017-08-20,24,3247,3271
5104,2017-08-21,143,4329,4472
5104,2017-08-22,163,4967,5130
5104,2017-08-23,157,5071,5228
5104,2017-08-26,82,3482,3564
5104,2017-08-27,21,3399,3420
5104,2017-08-28,146,4934,5080
5104,2017-08-29,185,5347,5532
5104,2017-08-30,158,4943,5101
5104,2017-08-31,197,5114,5311
5104,2017-09-01,190,5268,5458
5104,2017-09-02,84,3583,3667
5104,2017-09-03,27,3053,3080
5104,2017-09-04,238,4839,5077
5104,2017-09-05,180,5129,5309
5104,2017-09-06,200,5139,5339
5104,2017-09-07,172,5248,5420
5104,2017-09-08,180,5469,5649
5104,2017-09-09,70,3642,3712
5104,2017-09-10,18,3165,3183
5104,2017-09-11,216,5810,6026
5104,2017-09-12,158,5300,5458
5104,2017-09-13,168,5082,5250
5104,2017-09-15,225,6062,6287
5104,2017-09-16,100,4314,4414
5104,2017-09-17,28,3354,3382
5104,2017-09-18,305,5822,6127
5104,2017-09-19,274,5935,6209
5104,2017-09-20,284,5797,6081
5104,2017-09-21,298,5897,6195
5104,2017-09-22,303,5994,6297
5104,2017-09-23,152,4646,4798
5104,2017-09-24,44,3941,3985
5104,2017-09-25,285,5909,6194
5104,2017-09-26,180,6652,6832
5104,2017-09-27,182,6512,6694
5104,2017-09-28,178,6224,6402
5104,2017-09-29,187,6780,6967
5104,2017-09-30,212,7396,7608
5104,2017-10-01,63,5512,5575
5104,2017-10-02,262,5680,5942
5104,2017-10-03,231,6134,6365
5104,2017-10-04,255,6072,6327
5104,2017-10-05,182,6129,6311
5104,2017-10-06,208,6420,6628
5104,2017-10-07,90,4726,4816
5104,2017-10-08,21,3376,3397
5104,2017-10-09,204,5710,5914
5104,2017-10-10,200,6246,6446
5104,2017-10-11,184,6144,6328
5104,2017-10-12,177,6209,6386
5104,2017-10-13,203,6428,6631
5104,2017-10-14,133,6127,6260
5104,2017-10-15,23,5359,5382
5104,2017-10-16,190,6652,6842
5104,2017-10-17,210,6444,6654
5104,2017-10-18,197,7547,7744
5104,2017-10-19,182,6551,6733
5104,2017-10-20,267,7520,7787
5104,2017-10-21,181,4720,4901
5104,2017-10-22,29,2919,2948
5104,2017-10-23,189,6025,6214
5104,2017-10-24,161,6371,6532
5104,2017-10-25,194,6397,6591
5104,2017-10-27,204,6644,6848
5104,2017-10-28,92,4584,4676
5104,2017-10-29,25,3154,3179
5104,2017-10-30,272,7054,7326
5104,2017-10-31,237,6674,6911
5104,2017-11-01,30,3431,3461
5104,2017-11-03,212,5780,5992
5104,2017-11-04,104,4009,4113
5104,2017-11-05,34,2764,2798
5104,2017-11-06,246,6236,6482
5104,2017-11-07,244,6614,6858
5104,2017-11-08,195,6293,6488
5104,2017-11-09,238,6271,6509
5104,2017-11-10,206,6418,6624
5104,2017-11-11,127,4110,4237
5104,2017-11-13,214,5721,5935
5104,2017-11-14,231,6095,6326
5104,2017-11-15,241,6104,6345
5104,2017-11-17,215,5942,6157
5104,2017-11-18,93,3948,4041
5104,2017-11-19,21,2926,2947
5104,2017-11-20,210,5340,5550
5104,2017-11-21,213,5939,6152
5104,2017-11-22,216,6233,6449
5104,2017-11-23,190,5754,5944
5104,2017-11-24,194,6022,6216
5104,2017-11-25,93,3972,4065
5104,2017-11-26,15,2856,2871
5104,2017-11-27,176,5158,5334
5104,2017-11-28,210,5804,6014
5104,2017-11-29,232,6266,6498
5104,2017-12-01,188,6081,6269
5104,2017-12-02,94,3856,3950
5104,2017-12-03,13,2481,2494
5104,2017-12-04,214,5754,5968
5104,2017-12-05,195,6371,6566
5104,2017-12-06,184,5979,6163
5104,2017-12-07,230,6558,6788
5104,2017-12-08,216,6478,6694
5104,2017-12-09,84,3572,3656
5104,2017-12-10,34,1806,1840
5104,2017-12-11,166,4682,4848
5104,2017-12-12,226,6158,6384
5104,2017-12-13,184,5052,5236
5104,2017-12-14,204,5638,5842
5104,2017-12-15,186,5932,6118
5104,2017-12-16,83,3765,3848
5104,2017-12-17,9,2587,2596
5104,2017-12-18,119,4822,4941
5104,2017-12-19,124,5182,5306
5104,2017-12-20,113,4806,4919
5104,2017-12-21,134,5084,5218
5104,2017-12-22,135,5032,5167
5104,2017-12-23,79,3593,3672
5104,2017-12-24,16,2562,2578
5104,2017-12-25,6,2323,2329
5104,2017-12-26,14,1894,1908
5104,2017-12-27,112,3290,3402
5104,2017-12-28,102,3735,3837
5104,2017-12-29,114,3232,3346
5104,2017-12-30,86,2794,2880
5104,2017-12-31,15,2359,2374
5106,2017-09-07,817,9436,10253
5106,2017-09-08,625,9266,9891
5106,2017-09-09,235,6479,6714
5106,2017-09-10,56,5100,5156
5106,2017-09-11,731,9012,9743
5106,2017-09-12,735,9098,9833
5106,2017-09-13,930,8911,9841
5106,2017-09-14,744,9703,10447
5106,2017-09-15,699,9323,10022
5106,2017-09-16,239,6809,7048
5106,2017-09-17,96,5179,5275
5106,2017-09-18,655,8300,8955
5106,2017-09-19,666,8364,9030
5106,2017-09-20,663,8242,8905
5106,2017-09-21,705,8845,9550
5106,2017-09-22,687,8976,9663
5106,2017-09-23,235,7072,7307
5106,2017-09-24,53,5668,5721
5106,2017-09-25,766,9734,10500
5106,2017-09-26,914,11109,12023
5106,2017-09-27,874,10669,11543
5106,2017-09-28,745,10529,11274
5106,2017-09-29,897,11701,12598
5106,2017-09-30,847,11360,12207
5106,2017-10-01,325,10440,10765
5106,2017-10-02,640,9032,9672
5106,2017-10-03,584,9439,10023
5106,2017-10-04,757,9377,10134
5106,2017-10-05,776,9301,10077
5106,2017-10-06,668,9747,10415
5106,2017-10-07,222,6803,7025
5106,2017-10-08,32,4660,4692
5106,2017-10-09,607,8420,9027
5106,2017-10-10,750,9019,9769
5106,2017-10-11,769,8969,9738
5106,2017-10-12,696,9182,9878
5106,2017-10-13,721,9319,10040
5106,2017-10-14,624,8072,8696
5106,2017-10-15,107,6550,6657
5106,2017-10-16,695,9076,9771
5106,2017-10-17,719,9202,9921
5106,2017-10-18,747,9487,10234
5106,2017-10-19,817,9319,10136
5106,2017-10-20,746,9769,10515
5106,2017-10-21,237,6357,6594
5106,2017-10-22,52,4142,4194
5106,2017-10-23,715,8831,9546
5106,2017-10-24,724,9098,9822
5106,2017-10-25,725,9173,9898
5106,2017-10-27,719,9584,10303
5106,2017-10-28,226,6496,6722
5106,2017-10-29,44,4317,4361
5106,2017-10-30,806,9009,9815
5106,2017-10-31,668,8825,9493
5106,2017-11-01,80,4731,4811
5106,2017-11-03,659,8709,9368
5106,2017-11-04,238,7321,7559
5106,2017-11-05,40,4258,4298
5106,2017-11-06,696,9421,10117
5106,2017-11-07,790,9444,10234
5106,2017-11-08,605,8851,9456
5106,2017-11-09,709,9067,9776
5106,2017-11-10,677,9429,10106
5106,2017-11-11,146,6068,6214
5106,2017-11-12,33,3689,3722
5106,2017-11-13,670,8735,9405
5106,2017-11-14,812,9248,10060
5106,2017-11-15,831,9040,9871
5106,2017-11-17,749,9158,9907
5106,2017-11-18,210,6161,6371
5106,2017-11-19,62,4262,4324
5106,2017-11-20,934,8470,9404
5106,2017-11-21,980,8732,9712
5106,2017-11-22,1102,9625,10727
5106,2017-11-23,870,9289,10159
5106,2017-11-24,715,9385,10100
5106,2017-11-25,187,5878,6065
5106,2017-11-26,42,4105,4147
5106,2017-11-27,822,8020,8842
5106,2017-11-28,915,9001,9916
5106,2017-11-29,896,9152,10048
5106,2017-12-01,706,9640,10346
5106,2017-12-02,224,5866,6090
5106,2017-12-03,36,3513,3549
5106,2017-12-04,916,8786,9702
5106,2017-12-05,970,10124,11094
5106,2017-12-06,958,9898,10856
5106,2017-12-07,940,9898,10838
5106,2017-12-08,720,10820,11540
5106,2017-12-09,216,5836,6052
5106,2017-12-10,40,3432,3472
5106,2017-12-11,612,8816,9428
5106,2017-12-12,802,9500,10302
5106,2017-12-13,636,8698,9334
5106,2017-12-14,672,9362,10034
5106,2017-12-15,575,9551,10126
5106,2017-12-16,206,5849,6055
5106,2017-12-17,47,3929,3976
5106,2017-12-18,445,7867,8312
5106,2017-12-19,500,8382,8882
5106,2017-12-20,430,8085,8515
5106,2017-12-21,468,8340,8808
5106,2017-12-22,411,8380,8791
5106,2017-12-23,143,5354,5497
5106,2017-12-24,38,3335,3373
5106,2017-12-25,15,3304,3319
5106,2017-12-26,38,3210,3248
5106,2017-12-27,290,5950,6240
5106,2017-12-28,274,6307,6581
5106,2017-12-29,277,6128,6405
5106,2017-12-30,117,4691,4808
5106,2017-12-31,10,3159,3169
17563,2017-01-01,NA,2679,NA
17563,2017-01-02,36,7258,7294
17563,2017-01-03,39,9228,9267
17563,2017-01-04,40,9376,9416
17563,2017-01-05,61,10062,10123
17563,2017-01-06,59,10304,10363
17563,2017-01-07,15,6111,6126
17563,2017-01-08,2,4332,4334
17563,2017-01-09,63,10603,10666
17563,2017-01-10,66,11325,11391
17563,2017-01-11,55,11135,11190
17563,2017-01-12,73,11809,11882
17563,2017-01-13,59,11665,11724
17563,2017-01-14,8,6921,6929
17563,2017-01-15,4,4012,4016
17563,2017-01-16,78,11612,11690
17563,2017-01-17,104,11813,11917
17563,2017-01-18,89,11563,11652
17563,2017-01-19,87,12025,12112
17563,2017-01-20,78,12228,12306
17563,2017-01-21,32,7689,7721
17563,2017-01-22,2,4348,4350
17563,2017-01-23,66,11983,12049
17563,2017-01-24,78,12281,12359
17563,2017-01-25,64,12398,12462
17563,2017-01-26,72,12643,12715
17563,2017-01-27,71,11538,11609
17563,2017-01-28,2,37,39
17563,2017-01-29,4,439,443
17563,2017-01-30,87,11739,11826
17563,2017-01-31,96,12681,12777
17563,2017-02-01,90,12183,12273
17563,2017-02-02,111,12720,12831
17563,2017-02-03,74,12850,12924
17563,2017-02-04,16,7801,7817
17563,2017-02-05,2,4410,4412
17563,2017-02-06,74,12612,12686
17563,2017-02-07,102,12967,13069
17563,2017-02-08,97,12658,12755
17563,2017-02-09,97,13146,13243
17563,2017-02-10,126,13229,13355
17563,2017-02-11,25,7853,7878
17563,2017-02-12,8,4739,4747
17563,2017-02-13,113,12353,12466
17563,2017-02-14,99,12741,12840
17563,2017-02-15,90,12700,12790
17563,2017-02-16,116,13092,13208
17563,2017-02-17,124,13364,13488
17563,2017-02-18,23,7738,7761
17563,2017-02-19,5,4643,4648
17563,2017-02-20,81,12170,12251
17563,2017-02-21,92,12845,12937
17563,2017-02-22,137,12729,12866
17563,2017-02-23,129,13107,13236
17563,2017-02-24,116,13613,13729
17563,2017-02-25,14,8049,8063
17563,2017-02-26,6,4710,4716
17563,2017-02-27,117,13478,13595
17563,2017-02-28,123,14146,14269
17563,2017-03-01,132,14112,14244
17563,2017-03-02,134,14617,14751
17563,2017-03-03,117,14577,14694
17563,2017-03-04,20,8959,8979
17563,2017-03-05,5,5060,5065
17563,2017-03-06,88,13988,14076
17563,2017-03-07,115,14449,14564
17563,2017-03-08,114,14081,14195
17563,2017-03-09,135,14865,15000
17563,2017-03-10,116,12385,12501
17563,2017-03-11,13,8808,8821
17563,2017-03-12,2,5483,5485
17563,2017-03-13,127,14479,14606
17563,2017-03-14,106,13155,13261
17563,2017-03-15,155,13167,13322
17563,2017-03-16,161,13635,13796
17563,2017-03-17,140,13926,14066
17563,2017-03-18,26,8467,8493
17563,2017-03-19,6,4756,4762
17563,2017-03-20,102,13000,13102
17563,2017-03-21,115,13707,13822
17563,2017-03-22,134,13310,13444
17563,2017-03-23,115,12765,12880
17563,2017-03-24,137,13765,13902
17563,2017-03-25,29,8548,8577
17563,2017-03-27,103,13419,13522
17563,2017-03-28,129,13525,13654
17563,2017-03-29,127,13581,13708
17563,2017-03-30,154,14497,14651
17563,2017-03-31,146,14382,14528
17563,2017-04-01,46,9014,9060
17563,2017-04-02,2,5997,5999
17563,2017-04-03,108,13854,13962
17563,2017-04-04,143,14536,14679
17563,2017-04-05,126,14174,14300
17563,2017-04-06,135,14904,15039
17563,2017-04-07,145,14935,15080
17563,2017-04-08,31,9036,9067
17563,2017-04-09,2,5939,5941
17563,2017-04-10,97,13836,13933
17563,2017-04-11,124,14350,14474
17563,2017-04-12,114,14394,14508
17563,2017-04-13,144,14623,14767
17563,2017-04-14,127,13367,13494
17563,2017-04-15,24,8595,8619
17563,2017-04-16,3,4935,4938
17563,2017-04-17,12,4222,4234
17563,2017-04-18,125,13881,14006
17563,2017-04-19,119,13848,13967
17563,2017-04-20,133,14285,14418
17563,2017-04-21,125,14327,14452
17563,2017-04-22,39,8861,8900
17563,2017-04-23,4,5500,5504
17563,2017-04-24,136,14538,14674
17563,2017-04-25,231,14337,14568
17563,2017-04-26,130,14910,15040
17563,2017-04-27,127,15306,15433
17563,2017-04-28,128,16096,16224
17563,2017-04-29,25,9508,9533
17563,2017-04-30,4,5897,5901
17563,2017-05-01,9,4766,4775
17563,2017-05-02,144,15649,15793
17563,2017-05-03,125,15835,15960
17563,2017-05-04,151,15190,15341
17563,2017-05-05,119,13519,13638
17563,2017-05-06,3,72,75
17563,2017-05-07,NA,1349,NA
17563,2017-05-08,48,15040,15088
17563,2017-05-09,162,15620,15782
17563,2017-05-10,193,15651,15844
17563,2017-05-11,182,16220,16402
17563,2017-05-12,186,16461,16647
17563,2017-05-13,25,9475,9500
17563,2017-05-14,4,5702,5706
17563,2017-05-15,125,15552,15677
17563,2017-05-16,139,15090,15229
17563,2017-05-17,128,15581,15709
17563,2017-05-18,161,16404,16565
17563,2017-06-16,162,17102,17264
17563,2017-06-17,22,10028,10050
17563,2017-06-18,4,6118,6122
17563,2017-06-19,134,15901,16035
17563,2017-06-20,155,16664,16819
17563,2017-06-21,171,16194,16365
17563,2017-06-22,187,16548,16735
17563,2017-06-23,57,6702,6759
17563,2017-06-24,28,9184,9212
17563,2017-06-25,4,6010,6014
17563,2017-06-26,164,15759,15923
17563,2017-06-27,139,16493,16632
17563,2017-06-28,140,16507,16647
17563,2017-06-29,154,16908,17062
17563,2017-06-30,173,16819,16992
17563,2017-07-01,28,9692,9720
17563,2017-07-02,5,6370,6375
17563,2017-07-03,116,11734,11850
17563,2017-07-04,202,15739,15941
17563,2017-07-05,171,16075,16246
17563,2017-07-06,196,15979,16175
17563,2017-07-07,200,16383,16583
17563,2017-07-08,24,10112,10136
17563,2017-07-09,15,6044,6059
17563,2017-07-10,166,15592,15758
17563,2017-07-11,199,16067,16266
17563,2017-07-12,152,15629,15781
17563,2017-07-13,205,15807,16012
17563,2017-07-14,57,15947,16004
17563,2017-07-15,27,9251,9278
17563,2017-07-16,7,5666,5673
17563,2017-07-17,121,14634,14755
17563,2017-07-18,145,15209,15354
17563,2017-07-19,147,15029,15176
17563,2017-07-20,181,15276,15457
17563,2017-07-21,227,16263,16490
17563,2017-07-22,35,9026,9061
17563,2017-07-23,2,5546,5548
17563,2017-07-24,141,14793,14934
17563,2017-07-25,165,15877,16042
17563,2017-07-26,136,15331,15467
17563,2017-07-27,129,15775,15904
17563,2017-07-28,145,15060,15205
17563,2017-07-29,31,8383,8414
17563,2017-07-30,5,5272,5277
17563,2017-07-31,100,13441,13541
17563,2017-08-01,90,13687,13777
17563,2017-08-02,94,13679,13773
17563,2017-08-03,93,13571,13664
17563,2017-08-04,93,13927,14020
17563,2017-08-05,20,7700,7720
17563,2017-08-06,4,5137,5141
17563,2017-08-07,58,12607,12665
17563,2017-08-08,74,13084,13158
17563,2017-08-09,77,12990,13067
17563,2017-08-10,81,13162,13243
17563,2017-08-11,73,13232,13305
17563,2017-08-12,20,7289,7309
17563,2017-08-13,4,4603,4607
17563,2017-08-14,61,10337,10398
17563,2017-08-15,5,4464,4469
17563,2017-08-16,69,12734,12803
17563,2017-08-17,70,12941,13011
17563,2017-08-18,89,13571,13660
17563,2017-08-19,14,7928,7942
17563,2017-08-20,4,5178,5182
17563,2017-08-21,101,14913,15014
17563,2017-08-22,137,15146,15283
17563,2017-08-23,117,15350,15467
17563,2017-08-24,112,15616,15728
17563,2017-08-25,144,16193,16337
17563,2017-08-26,20,9280,9300
17563,2017-08-27,6,6295,6301
17563,2017-08-28,141,16237,16378
17563,2017-08-29,149,16849,16998
17563,2017-08-30,145,16935,17080
17563,2017-08-31,180,17401,17581
17563,2017-09-01,189,17272,17461
17563,2017-09-02,40,10699,10739
17563,2017-09-03,6,6870,6876
17563,2017-09-04,179,14566,14745
17563,2017-09-05,169,15811,15980
17563,2017-09-06,165,16159,16324
17563,2017-09-07,205,16861,17066
17563,2017-09-08,218,17615,17833
17563,2017-09-09,24,10075,10099
17563,2017-09-11,254,16933,17187
17563,2017-09-12,280,16684,16964
17563,2017-09-13,214,16132,16346
17563,2017-09-14,200,16620,16820
17563,2017-09-15,226,17047,17273
17563,2017-09-16,35,10328,10363
17563,2017-09-17,10,6081,6091
17563,2017-09-18,211,17158,17369
17563,2017-09-19,225,17411,17636
17563,2017-09-20,233,17201,17434
17563,2017-09-21,254,17012,17266
17563,2017-09-22,228,17452,17680
17563,2017-09-23,66,11167,11233
17563,2017-09-24,6,6746,6752
17563,2017-09-25,274,17346,17620
17563,2017-09-26,255,17312,17567
17563,2017-09-27,243,16942,17185
17563,2017-09-28,270,17538,17808
17563,2017-09-29,279,17869,18148
17563,2017-09-30,73,12014,12087
17563,2017-10-01,13,7259,7272
17563,2017-10-02,242,17405,17647
17563,2017-10-03,293,17654,17947
17563,2017-10-04,227,17868,18095
17563,2017-10-05,210,18260,18470
17563,2017-10-06,247,17995,18242
17563,2017-10-07,50,10939,10989
17563,2017-10-08,11,6678,6689
17563,2017-10-09,189,17580,17769
17563,2017-10-10,214,18020,18234
17563,2017-10-11,192,18017,18209
17563,2017-10-12,190,18000,18190
17563,2017-10-13,197,18288,18485
17563,2017-10-14,58,12274,12332
17563,2017-10-15,11,7141,7152
17563,2017-10-16,199,17341,17540
17563,2017-10-17,180,17632,17812
17563,2017-10-18,234,17438,17672
17563,2017-10-19,215,17707,17922
17563,2017-10-20,201,18045,18246
17563,2017-10-21,65,11482,11547
17563,2017-10-22,7,7276,7283
17563,2017-10-23,196,16512,16708
17563,2017-10-24,204,16899,17103
17563,2017-10-25,208,15799,16007
17563,2017-10-26,175,16056,16231
17563,2017-10-27,232,15831,16063
17563,2017-10-28,38,11251,11289
17563,2017-10-29,16,6523,6539
17563,2017-10-30,187,16401,16588
17563,2017-10-31,194,17016,17210
17563,2017-11-01,11,6689,6700
17563,2017-11-02,172,16381,16553
17563,2017-11-03,154,16671,16825
17563,2017-11-04,47,10301,10348
17563,2017-11-05,14,6607,6621
17563,2017-11-06,201,16863,17064
17563,2017-11-07,204,16885,17089
17563,2017-11-08,231,16462,16693
17563,2017-11-09,201,17147,17348
17563,2017-11-10,205,16880,17085
17563,2017-11-11,34,11352,11386
17563,2017-11-12,10,6570,6580
17563,2017-11-13,126,16334,16460
17563,2017-11-14,181,16856,17037
17563,2017-11-15,160,16617,16777
17563,2017-11-16,184,16796,16980
17563,2017-11-17,204,17076,17280
17563,2017-11-18,41,10807,10848
17563,2017-11-19,8,6067,6075
17563,2017-11-20,185,14587,14772
17563,2017-11-21,212,16557,16769
17563,2017-11-22,215,16728,16943
17563,2017-11-23,202,17268,17470
17563,2017-11-24,195,17360,17555
17563,2017-11-25,43,10691,10734
17563,2017-11-26,13,6983,6996
17563,2017-11-27,170,15838,16008
17563,2017-11-28,182,16590,16772
17563,2017-11-29,208,16118,16326
17563,2017-11-30,213,16808,17021
17563,2017-12-01,175,16899,17074
17563,2017-12-02,35,10620,10655
17563,2017-12-03,9,6913,6922
17563,2017-12-04,200,16467,16667
17563,2017-12-05,183,16940,17123
17563,2017-12-06,176,16763,16939
17563,2017-12-07,165,17248,17413
17563,2017-12-08,177,16926,17103
17563,2017-12-09,37,10793,10830
17563,2017-12-10,7,6171,6178
17563,2017-12-11,207,16545,16752
17563,2017-12-12,238,17039,17277
17563,2017-12-13,197,15680,15877
17563,2017-12-14,230,16637,16867
17563,2017-12-15,211,17398,17609
17563,2017-12-16,35,10847,10882
17563,2017-12-17,8,7427,7435
17563,2017-12-18,115,15926,16041
17563,2017-12-19,96,16482,16578
17563,2017-12-20,111,16298,16409
17563,2017-12-21,119,16530,16649
17563,2017-12-22,87,16228,16315
17563,2017-12-23,23,9924,9947
17563,2017-12-24,4,6483,6487
17563,2017-12-25,2,3448,3450
17563,2017-12-26,7,4314,4321
17563,2017-12-27,50,11670,11720
17563,2017-12-28,55,11982,12037
17563,2017-12-29,45,11448,11493
17563,2017-12-30,26,8925,8951
17563,2017-12-31,6,6193,6199
