"POSTE_ID","date","C","V","T"
2,2018-01-03,484,6508,6992
2,2018-01-06,163,5324,5487
2,2018-01-11,737,7951,8688
2,2018-01-12,711,8360,9071
2,2018-01-13,202,5278,5480
2,2018-01-14,74,6513,6587
2,2018-01-15,729,7650,8379
2,2018-01-16,722,7624,8346
2,2018-01-17,699,7156,7855
2,2018-01-18,657,7403,8060
2,2018-01-19,635,8087,8722
2,2018-01-20,130,4480,4610
2,2018-01-21,80,5670,5750
2,2018-01-22,680,7837,8517
2,2018-01-23,832,7761,8593
2,2018-01-24,756,7791,8547
2,2018-01-25,733,7948,8681
2,2018-01-26,642,8347,8989
2,2018-01-27,176,5484,5660
2,2018-01-28,44,6295,6339
2,2018-01-29,768,7723,8491
2,2018-01-30,852,8062,8914
2,2018-01-31,786,7925,8711
2,2018-02-01,730,8168,8898
2,2018-02-02,725,8058,8783
2,2018-02-03,183,5653,5836
2,2018-02-04,84,6047,6131
2,2018-02-05,699,7986,8685
2,2018-02-06,705,7632,8337
2,2018-02-07,752,7667,8419
2,2018-02-08,725,7699,8424
2,2018-02-09,597,7991,8588
2,2018-02-10,159,4797,4956
2,2018-02-11,87,4448,4535
2,2018-02-12,303,4780,5083
2,2018-02-13,526,6393,6919
2,2018-02-14,700,7490,8190
2,2018-02-15,592,7521,8113
2,2018-02-16,666,8293,8959
2,2018-02-17,179,5361,5540
2,2018-02-18,82,6598,6680
2,2018-02-19,751,7704,8455
2,2018-02-20,736,7974,8710
2,2018-02-21,705,7810,8515
2,2018-02-22,795,8156,8951
2,2018-02-23,682,8840,9522
2,2018-02-24,200,5520,5720
2,2018-02-25,58,6643,6701
2,2018-02-26,624,7854,8478
2,2018-02-27,705,8060,8765
2,2018-02-28,689,8098,8787
2,2018-03-01,722,8466,9188
2,2018-03-02,539,7435,7974
2,2018-03-03,173,5334,5507
2,2018-03-04,57,6826,6883
2,2018-03-05,661,8155,8816
2,2018-03-06,778,8029,8807
2,2018-03-07,786,7962,8748
2,2018-03-08,693,7958,8651
2,2018-03-09,701,8624,9325
2,2018-03-10,206,5910,6116
2,2018-03-11,81,6629,6710
2,2018-03-12,833,7724,8557
2,2018-03-13,855,7974,8829
2,2018-03-14,851,7917,8768
2,2018-03-15,927,8127,9054
2,2018-03-16,815,8607,9422
2,2018-03-17,205,5365,5570
2,2018-03-18,83,5954,6037
2,2018-03-19,824,7797,8621
2,2018-03-20,847,7842,8689
2,2018-03-21,886,7829,8715
2,2018-03-22,808,7934,8742
2,2018-03-23,818,8804,9622
2,2018-03-24,292,6199,6491
2,2018-03-26,815,8096,8911
2,2018-03-27,908,8122,9030
2,2018-03-28,898,8002,8900
2,2018-03-29,947,8983,9930
2,2018-03-30,866,10582,11448
2,2018-03-31,273,6546,6819
2,2018-04-01,71,5696,5767
2,2018-04-02,143,7079,7222
2,2018-04-03,743,8178,8921
2,2018-04-04,862,8076,8938
2,2018-04-05,889,8221,9110
2,2018-04-06,896,8963,9859
2,2018-04-07,290,6369,6659
2,2018-04-08,133,7329,7462
2,2018-04-09,890,7946,8836
2,2018-04-10,869,7986,8855
2,2018-04-11,862,8049,8911
2,2018-04-12,911,8176,9087
2,2018-04-13,822,8833,9655
2,2018-04-14,290,5979,6269
2,2018-04-15,136,7391,7527
2,2018-04-16,894,7949,8843
2,2018-04-17,960,8232,9192
2,2018-04-18,872,7968,8840
2,2018-04-19,936,8648,9584
2,2018-04-20,925,9237,10162
2,2018-04-21,295,6221,6516
2,2018-04-22,157,7543,7700
2,2018-04-23,969,8410,9379
2,2018-04-24,944,8265,9209
2,2018-04-25,939,8309,9248
2,2018-04-26,973,8746,9719
2,2018-04-27,1061,10022,11083
2,2018-04-28,376,7070,7446
2,2018-04-29,184,7934,8118
2,2018-04-30,677,8003,8680
2,2018-05-01,238,7318,7556
2,2018-05-02,995,8556,9551
2,2018-05-03,926,9047,9973
2,2018-05-04,991,9714,10705
2,2018-05-05,397,6981,7378
2,2018-05-06,185,7921,8106
2,2018-05-07,973,8600,9573
2,2018-05-08,992,8710,9702
2,2018-05-09,1083,9762,10845
2,2018-05-10,361,8233,8594
2,2018-05-11,764,8117,8881
2,2018-05-12,411,7434,7845
2,2018-05-13,408,8518,8926
2,2018-05-14,874,8327,9201
2,2018-05-15,954,8561,9515
2,2018-05-16,1066,8431,9497
2,2018-05-17,1089,8926,10015
2,2018-05-18,1093,10340,11433
2,2018-05-19,426,7360,7786
2,2018-05-20,160,7768,7928
2,2018-05-21,349,8730,9079
2,2018-05-22,943,9016,9959
2,2018-05-23,951,8382,9333
2,2018-05-24,982,8820,9802
2,2018-05-25,966,9822,10788
2,2018-05-26,364,6499,6863
2,2018-05-27,236,7463,7699
2,2018-05-28,941,8620,9561
2,2018-05-29,979,8444,9423
2,2018-05-30,1050,8595,9645
2,2018-05-31,1134,10642,11776
2,2018-06-01,891,10041,10932
2,2018-06-02,371,6936,7307
2,2018-06-03,182,7842,8024
2,2018-06-04,944,8531,9475
2,2018-06-05,982,8752,9734
2,2018-06-06,1071,8491,9562
2,2018-06-07,1047,9074,10121
2,2018-06-08,959,9540,10499
2,2018-06-09,328,6832,7160
2,2018-06-10,195,7952,8147
2,2018-06-11,909,8564,9473
2,2018-06-12,978,8768,9746
2,2018-06-13,980,8299,9279
2,2018-06-14,1028,8848,9876
2,2018-06-15,1065,10453,11518
2,2018-06-16,366,7663,8029
2,2018-06-17,250,8281,8531
2,2018-06-18,975,8359,9334
2,2018-06-19,923,8588,9511
2,2018-06-20,964,8537,9501
2,2018-06-21,1019,8968,9987
2,2018-06-22,1009,9484,10493
2,2018-06-23,327,5880,6207
2,2018-06-24,220,7605,7825
2,2018-06-25,977,8550,9527
2,2018-06-26,1027,8707,9734
2,2018-06-27,987,8424,9411
2,2018-06-28,1052,9156,10208
2,2018-06-29,1019,9919,10938
2,2018-06-30,353,7060,7413
2,2018-07-01,240,8439,8679
2,2018-07-02,957,8621,9578
2,2018-07-03,1033,8598,9631
2,2018-07-04,1049,8604,9653
2,2018-07-05,1036,8973,10009
2,2018-07-06,945,9269,10214
2,2018-07-07,373,6835,7208
2,2018-07-08,230,8530,8760
2,2018-07-09,932,8826,9758
2,2018-07-10,997,8602,9599
2,2018-07-11,1063,8381,9444
2,2018-07-12,1022,9021,10043
2,2018-07-13,1069,9667,10736
2,2018-07-14,407,7043,7450
2,2018-07-15,342,7989,8331
2,2018-07-16,956,8731,9687
2,2018-07-17,926,8900,9826
2,2018-07-18,902,8605,9507
2,2018-07-19,989,9071,10060
2,2018-07-20,1009,9944,10953
2,2018-07-21,459,7817,8276
2,2018-07-22,338,8298,8636
2,2018-07-23,915,8910,9825
2,2018-07-24,886,8590,9476
2,2018-07-25,848,8744,9592
2,2018-07-26,925,9118,10043
2,2018-07-27,829,9749,10578
2,2018-07-28,440,7610,8050
2,2018-07-29,276,8561,8837
2,2018-07-30,730,7920,8650
2,2018-07-31,689,7940,8629
2,2018-08-01,707,8281,8988
2,2018-08-02,726,8407,9133
2,2018-08-03,752,9686,10438
2,2018-08-04,452,7409,7861
2,2018-08-05,332,8615,8947
2,2018-08-06,329,4224,4553
2,2018-08-07,229,3883,4112
2,2018-08-08,182,3522,3704
2,2018-08-09,205,3755,3960
2,2018-08-10,256,4232,4488
2,2018-08-11,157,3895,4052
2,2018-08-12,100,4134,4234
2,2018-08-13,187,3829,4016
2,2018-08-14,208,3677,3885
2,2018-08-15,213,5494,5707
2,2018-08-16,213,4147,4360
2,2018-08-17,351,5250,5601
2,2018-08-18,229,5885,6114
2,2018-08-19,159,6722,6881
2,2018-08-20,493,6555,7048
2,2018-08-21,537,6932,7469
2,2018-08-22,464,6430,6894
2,2018-08-23,494,7129,7623
2,2018-08-24,403,7056,7459
2,2018-08-25,332,6683,7015
2,2018-08-26,200,7248,7448
2,2018-08-27,856,8391,9247
2,2018-08-28,980,8439,9419
2,2018-08-29,913,8552,9465
2,2018-08-30,960,8909,9869
2,2018-08-31,1008,9636,10644
2,2018-09-01,364,7126,7490
2,2018-09-02,253,8560,8813
2,2018-09-03,884,8472,9356
2,2018-09-04,983,8551,9534
2,2018-09-05,955,8430,9385
2,2018-09-06,984,8958,9942
2,2018-09-07,940,9722,10662
2,2018-09-08,326,6680,7006
2,2018-09-09,185,8171,8356
2,2018-09-10,894,8498,9392
2,2018-09-11,948,8587,9535
2,2018-09-12,996,8672,9668
2,2018-09-13,1132,8972,10104
2,2018-09-14,1052,9553,10605
2,2018-09-15,378,7132,7510
2,2018-09-16,221,7912,8133
2,2018-09-17,1002,8663,9665
2,2018-09-18,1050,8706,9756
2,2018-09-19,1089,8364,9453
2,2018-09-20,1120,9296,10416
2,2018-09-21,1050,9794,10844
2,2018-09-22,355,6628,6983
2,2018-09-23,152,7760,7912
2,2018-09-24,929,8436,9365
2,2018-09-25,993,8471,9464
2,2018-09-26,1034,8632,9666
2,2018-09-27,1034,9004,10038
2,2018-09-28,1012,9762,10774
2,2018-09-29,330,6732,7062
2,2018-09-30,226,8127,8353
2,2018-10-01,930,8394,9324
2,2018-10-02,1014,8567,9581
2,2018-10-03,1102,9764,10866
2,2018-10-04,955,8717,9672
2,2018-10-05,922,9263,10185
2,2018-10-06,305,6907,7212
2,2018-10-07,152,7829,7981
2,2018-10-08,904,8373,9277
2,2018-10-09,1013,8391,9404
2,2018-10-10,933,8317,9250
2,2018-10-11,988,8757,9745
2,2018-10-12,913,9296,10209
2,2018-10-13,261,6870,7131
2,2018-10-14,149,7682,7831
2,2018-10-15,964,8092,9056
2,2018-10-16,991,8433,9424
2,2018-10-17,1097,8295,9392
2,2018-10-18,1002,8815,9817
2,2018-10-19,921,9306,10227
2,2018-10-20,302,6481,6783
2,2018-10-21,160,7748,7908
2,2018-10-22,928,8467,9395
2,2018-10-23,972,8439,9411
2,2018-10-24,1002,8420,9422
2,2018-10-25,964,8549,9513
2,2018-10-26,1038,9531,10569
2,2018-10-27,272,6643,6915
2,2018-10-28,131,7987,8118
2,2018-10-29,961,8421,9382
2,2018-10-30,939,8477,9416
2,2018-11-01,233,7613,7846
2,2018-11-02,602,8216,8818
2,2018-11-03,222,6576,6798
2,2018-11-04,109,7851,7960
2,2018-11-05,932,8345,9277
2,2018-11-06,986,8634,9620
2,2018-11-07,1015,8193,9208
2,2018-11-08,1034,8633,9667
2,2018-11-09,885,9129,10014
2,2018-11-10,195,6395,6590
2,2018-11-11,100,7357,7457
2,2018-11-12,874,8245,9119
2,2018-11-13,947,8351,9298
2,2018-11-14,930,8234,9164
2,2018-11-15,929,8750,9679
2,2018-11-16,843,9182,10025
2,2018-11-17,218,6322,6540
2,2018-11-18,94,7873,7967
2,2018-11-19,889,8201,9090
2,2018-11-20,977,8231,9208
2,2018-11-21,972,8153,9125
2,2018-11-22,932,8581,9513
2,2018-11-23,918,9089,10007
2,2018-11-24,222,6374,6596
2,2018-11-25,80,7441,7521
2,2018-11-26,839,8202,9041
2,2018-11-27,977,8012,8989
2,2018-11-28,899,8144,9043
2,2018-11-29,929,8554,9483
2,2018-11-30,848,9226,10074
2,2018-12-01,271,6703,6974
2,2018-12-02,101,7881,7982
2,2018-12-03,835,8517,9352
2,2018-12-04,940,8612,9552
2,2018-12-05,940,8470,9410
2,2018-12-06,911,8665,9576
2,2018-12-07,1000,9463,10463
2,2018-12-08,218,6500,6718
2,2018-12-09,62,7538,7600
2,2018-12-10,877,8417,9294
2,2018-12-11,976,8494,9470
2,2018-12-12,1004,8231,9235
2,2018-12-13,992,8714,9706
2,2018-12-14,893,9188,10081
2,2018-12-15,291,6786,7077
2,2018-12-16,106,6308,6414
2,2018-12-17,805,8682,9487
2,2018-12-18,921,8917,9838
2,2018-12-19,813,8545,9358
2,2018-12-20,879,9310,10189
2,2018-12-21,626,9773,10399
2,2018-12-22,192,7370,7562
2,2018-12-23,82,7687,7769
2,2018-12-26,126,5142,5268
2,2018-12-27,374,7102,7476
2,2018-12-28,323,7462,7785
2,2018-12-29,165,6719,6884
2,2018-12-30,63,7851,7914
2,2018-12-31,175,5313,5488
7,2018-01-01,64,4192,4256
7,2018-01-02,260,10105,10365
7,2018-01-03,288,10046,10334
7,2018-01-05,344,11554,11898
7,2018-01-06,99,9978,10077
7,2018-01-07,45,8080,8125
7,2018-01-08,372,10761,11133
7,2018-01-09,476,10906,11382
7,2018-01-10,439,11332,11771
7,2018-01-12,460,11947,12407
7,2018-01-13,96,11217,11313
7,2018-01-14,57,9064,9121
7,2018-01-15,500,11188,11688
7,2018-01-16,454,11424,11878
7,2018-01-17,518,11424,11942
7,2018-01-18,446,11650,12096
7,2018-01-19,432,12204,12636
7,2018-01-20,84,10058,10142
7,2018-01-21,54,8317,8371
7,2018-01-22,426,11258,11684
7,2018-01-23,470,11274,11744
7,2018-01-24,428,11488,11916
7,2018-01-26,390,12090,12480
7,2018-01-27,99,12559,12658
7,2018-01-28,46,10439,10485
7,2018-01-29,382,12140,12522
7,2018-01-30,397,13315,13712
7,2018-01-31,389,13291,13680
7,2018-02-01,474,14346,14820
7,2018-02-02,339,4213,4552
7,2018-02-03,136,2743,2879
7,2018-02-04,49,1993,2042
7,2018-02-05,366,7887,8253
7,2018-02-06,328,7741,8069
7,2018-02-07,287,4068,4355
7,2018-02-08,284,4183,4467
7,2018-02-09,282,4022,4304
7,2018-02-10,137,2194,2331
7,2018-02-11,70,1526,1596
7,2018-02-12,268,2922,3190
7,2018-02-13,278,3462,3740
7,2018-02-14,257,3390,3647
7,2018-02-15,266,3182,3448
7,2018-02-16,260,3425,3685
7,2018-02-17,151,2142,2293
7,2018-02-18,25,1949,1974
7,2018-02-19,309,3872,4181
7,2018-02-20,307,4216,4523
7,2018-02-21,339,4294,4633
7,2018-02-23,428,13908,14336
7,2018-02-24,88,13099,13187
7,2018-02-25,44,11498,11542
7,2018-02-26,431,12298,12729
7,2018-02-27,419,12835,13254
7,2018-02-28,391,13814,14205
7,2018-03-01,417,13716,14133
7,2018-03-02,354,11190,11544
7,2018-03-03,60,11829,11889
7,2018-03-04,53,11387,11440
7,2018-03-05,412,12372,12784
7,2018-03-06,422,12350,12772
7,2018-03-07,392,12513,12905
7,2018-03-09,437,12966,13403
7,2018-03-10,64,8445,8509
7,2018-03-11,42,10101,10143
7,2018-03-12,444,10930,11374
7,2018-03-13,438,11282,11720
7,2018-03-14,434,11483,11917
7,2018-03-15,444,11435,11879
7,2018-03-16,452,12297,12749
7,2018-03-17,71,10331,10402
7,2018-03-18,38,8106,8144
7,2018-03-19,410,10834,11244
7,2018-03-20,402,11338,11740
7,2018-03-21,447,11762,12209
7,2018-03-30,192,12264,12456
7,2018-03-31,97,11333,11430
7,2018-04-01,26,7462,7488
7,2018-04-02,66,9440,9506
7,2018-04-03,378,11818,12196
7,2018-04-04,436,12370,12806
7,2018-04-05,456,12504,12960
7,2018-04-06,405,13112,13517
7,2018-04-07,128,11645,11773
7,2018-04-08,67,10584,10651
7,2018-04-09,391,11967,12358
7,2018-04-10,468,12241,12709
7,2018-04-11,407,12766,13173
7,2018-04-13,499,13582,14081
7,2018-04-14,114,12545,12659
7,2018-04-15,75,11062,11137
7,2018-04-16,450,12237,12687
7,2018-04-17,440,13055,13495
7,2018-04-18,447,13038,13485
7,2018-04-19,447,13337,13784
7,2018-04-20,448,13557,14005
7,2018-04-21,120,12813,12933
7,2018-04-22,70,11481,11551
7,2018-04-23,459,12272,12731
7,2018-04-24,491,12748,13239
7,2018-04-25,489,13094,13583
7,2018-04-27,473,13790,14263
7,2018-04-28,123,13563,13686
7,2018-04-29,50,11518,11568
7,2018-04-30,333,12597,12930
7,2018-05-01,69,9705,9774
7,2018-05-02,489,13441,13930
7,2018-05-03,487,13977,14464
7,2018-05-04,450,14995,15445
7,2018-05-05,110,12656,12766
7,2018-05-06,104,11791,11895
7,2018-05-07,454,13572,14026
7,2018-05-08,524,14039,14563
7,2018-05-09,424,14373,14797
7,2018-05-11,361,13571,13932
7,2018-05-12,106,12587,12693
7,2018-05-13,40,9748,9788
7,2018-05-14,496,14060,14556
7,2018-05-15,521,14095,14616
7,2018-05-16,550,14275,14825
7,2018-05-17,507,14884,15391
7,2018-05-18,473,15133,15606
7,2018-05-19,154,13018,13172
7,2018-05-20,42,10720,10762
7,2018-05-21,104,11390,11494
7,2018-05-22,500,14334,14834
7,2018-05-23,572,15646,16218
7,2018-05-25,474,15371,15845
7,2018-05-26,110,12213,12323
7,2018-05-27,70,10518,10588
7,2018-05-28,489,13889,14378
7,2018-05-29,447,15338,15785
7,2018-05-30,503,16362,16865
7,2018-05-31,240,16656,16896
7,2018-06-01,436,16368,16804
7,2018-06-02,92,12907,12999
7,2018-06-03,89,12154,12243
7,2018-06-04,544,15768,16312
7,2018-06-05,513,16168,16681
7,2018-06-06,551,16026,16577
7,2018-06-08,490,16578,17068
7,2018-06-09,130,14116,14246
7,2018-06-10,62,12100,12162
7,2018-06-11,462,15356,15818
7,2018-06-12,468,16340,16808
7,2018-06-13,507,15471,15978
7,2018-06-14,497,15694,16191
7,2018-06-15,520,16048,16568
7,2018-06-16,127,13102,13229
7,2018-06-17,80,10854,10934
7,2018-06-18,551,14217,14768
7,2018-06-19,453,14397,14850
7,2018-06-20,471,14640,15111
7,2018-06-22,447,15043,15490
7,2018-06-23,119,12965,13084
7,2018-06-24,83,11260,11343
7,2018-06-25,466,13842,14308
7,2018-06-26,475,14155,14630
7,2018-06-27,516,13426,13942
7,2018-06-28,487,14876,15363
7,2018-06-29,468,15890,16358
7,2018-06-30,133,12960,13093
7,2018-07-01,82,11888,11970
7,2018-07-02,478,14273,14751
7,2018-07-03,494,14239,14733
7,2018-07-04,554,15916,16470
7,2018-07-05,485,15119,15604
7,2018-07-07,163,12238,12401
7,2018-07-08,139,11304,11443
7,2018-07-09,549,14020,14569
7,2018-07-10,514,13436,13950
7,2018-07-11,483,13307,13790
7,2018-07-12,525,13482,14007
7,2018-07-13,507,13567,14074
7,2018-07-14,96,12224,12320
7,2018-07-15,88,9926,10014
7,2018-07-16,511,12495,13006
7,2018-07-17,528,12800,13328
7,2018-07-18,332,10856,11188
7,2018-07-19,331,10560,10891
7,2018-07-21,198,11725,11923
7,2018-07-22,148,10409,10557
7,2018-07-23,498,11915,12413
7,2018-07-24,464,11585,12049
7,2018-07-25,479,12198,12677
7,2018-07-26,490,12149,12639
7,2018-07-27,400,12727,13127
7,2018-07-28,104,11804,11908
7,2018-07-29,81,10910,10991
7,2018-07-30,360,11983,12343
7,2018-07-31,355,12780,13135
7,2018-08-01,416,13634,14050
7,2018-08-02,384,12732,13116
7,2018-08-04,89,11810,11899
7,2018-08-05,72,10581,10653
7,2018-08-06,392,11913,12305
7,2018-08-07,402,12062,12464
7,2018-08-08,366,13084,13450
7,2018-08-09,412,12732,13144
7,2018-08-10,438,13433,13871
7,2018-08-11,106,12238,12344
7,2018-08-12,82,10604,10686
7,2018-08-13,372,12330,12702
7,2018-08-14,424,12675,13099
7,2018-08-15,150,11002,11152
7,2018-08-16,370,13013,13383
7,2018-08-17,383,13059,13442
7,2018-08-18,174,11756,11930
7,2018-08-19,77,10753,10830
7,2018-08-20,441,12482,12923
7,2018-08-21,445,12384,12829
7,2018-08-22,528,12874,13402
7,2018-08-23,507,12765,13272
7,2018-08-24,530,13312,13842
7,2018-08-25,100,12064,12164
7,2018-08-26,76,10844,10920
7,2018-08-27,406,12352,12758
7,2018-08-28,462,12368,12830
7,2018-08-29,452,12706,13158
7,2018-08-30,387,11144,11531
7,2018-09-01,168,12615,12783
7,2018-09-02,74,10939,11013
7,2018-09-03,463,12801,13264
7,2018-09-04,474,12915,13389
7,2018-09-05,433,12975,13408
7,2018-09-06,468,13392,13860
7,2018-09-07,468,13641,14109
7,2018-09-08,118,12734,12852
7,2018-09-09,93,11025,11118
7,2018-09-10,262,9106,9368
7,2018-09-11,447,12821,13268
7,2018-09-12,412,13291,13703
7,2018-09-13,393,13292,13685
7,2018-09-15,137,12729,12866
7,2018-09-16,84,11495,11579
7,2018-09-17,369,12427,12796
7,2018-09-18,441,12424,12865
7,2018-09-19,447,12851,13298
7,2018-09-20,419,13080,13499
7,2018-09-21,442,13708,14150
7,2018-09-22,134,12329,12463
7,2018-09-23,58,9246,9304
7,2018-09-24,425,12132,12557
7,2018-09-25,390,12497,12887
7,2018-09-26,459,12880,13339
7,2018-09-27,469,13794,14263
7,2018-09-28,434,14115,14549
7,2018-09-30,70,11562,11632
7,2018-10-01,406,12726,13132
7,2018-10-02,401,12444,12845
7,2018-10-03,174,12043,12217
7,2018-10-04,498,12981,13479
7,2018-10-05,438,13435,13873
7,2018-10-06,145,12333,12478
7,2018-10-07,52,9492,9544
7,2018-10-08,468,12369,12837
7,2018-10-09,484,12535,13019
7,2018-10-10,453,12686,13139
7,2018-10-11,436,13032,13468
7,2018-10-12,441,13582,14023
7,2018-10-13,196,12707,12903
7,2018-10-15,395,12670,13065
7,2018-10-16,450,13025,13475
7,2018-10-17,428,13139,13567
7,2018-10-18,434,13431,13865
7,2018-10-19,452,13855,14307
7,2018-10-20,157,12583,12740
7,2018-10-21,55,11109,11164
7,2018-10-22,452,12566,13018
7,2018-10-23,461,12785,13246
7,2018-10-24,439,12974,13413
7,2018-10-25,487,13362,13849
7,2018-10-26,524,14204,14728
7,2018-10-27,118,12394,12512
7,2018-10-29,456,13530,13986
7,2018-10-30,442,14040,14482
7,2018-10-31,400,14598,14998
7,2018-11-01,45,9152,9197
7,2018-11-02,294,13428,13722
7,2018-11-03,112,12661,12773
7,2018-11-04,45,10219,10264
7,2018-11-05,368,12552,12920
7,2018-11-06,450,12801,13251
7,2018-11-07,398,12989,13387
7,2018-11-08,469,13181,13650
7,2018-11-09,433,13500,13933
7,2018-11-10,96,12209,12305
7,2018-11-11,24,10336,10360
7,2018-11-13,429,12901,13330
7,2018-11-14,445,13061,13506
7,2018-11-15,406,13278,13684
7,2018-11-16,411,13935,14346
7,2018-11-17,102,12826,12928
7,2018-11-18,52,10294,10346
7,2018-11-19,522,12862,13384
7,2018-11-20,439,12711,13150
7,2018-11-21,430,13403,13833
7,2018-11-22,454,13256,13710
7,2018-11-23,487,13908,14395
7,2018-11-24,54,13068,13122
7,2018-11-25,61,10041,10102
7,2018-11-26,433,12317,12750
7,2018-11-27,396,12879,13275
7,2018-11-28,421,13176,13597
7,2018-11-29,433,13523,13956
7,2018-11-30,455,14572,15027
7,2018-12-01,86,12613,12699
7,2018-12-02,43,10114,10157
7,2018-12-04,476,13664,14140
7,2018-12-05,467,13631,14098
7,2018-12-06,441,13785,14226
7,2018-12-07,494,14246,14740
7,2018-12-08,60,12476,12536
7,2018-12-09,16,9718,9734
7,2018-12-10,430,13028,13458
7,2018-12-11,467,13158,13625
7,2018-12-12,446,13223,13669
7,2018-12-13,471,13725,14196
7,2018-12-14,606,13939,14545
7,2018-12-15,124,13041,13165
7,2018-12-16,43,8320,8363
7,2018-12-17,449,13158,13607
7,2018-12-19,436,14104,14540
7,2018-12-20,379,14034,14413
7,2018-12-21,285,14134,14419
7,2018-12-22,42,11968,12010
7,2018-12-23,24,9694,9718
7,2018-12-24,148,7862,8010
7,2018-12-25,29,4870,4899
7,2018-12-26,26,6629,6655
7,2018-12-27,218,12054,12272
7,2018-12-28,233,12151,12384
7,2018-12-29,67,11093,11160
7,2018-12-30,49,9029,9078
7,2018-12-31,157,8225,8382
10,2018-01-01,28,4938,4966
10,2018-01-02,208,10315,10523
10,2018-01-05,234,12613,12847
10,2018-01-06,62,11190,11252
10,2018-01-07,39,10579,10618
10,2018-01-08,356,13558,13914
10,2018-01-09,335,12674,13009
10,2018-01-10,444,11890,12334
10,2018-01-12,378,12342,12720
10,2018-01-13,92,9905,9997
10,2018-01-14,30,8683,8713
10,2018-01-15,290,10558,10848
10,2018-01-16,376,11140,11516
10,2018-01-17,420,11442,11862
10,2018-01-19,350,12361,12711
10,2018-01-20,105,10847,10952
10,2018-01-21,40,9665,9705
10,2018-01-22,376,11728,12104
10,2018-01-23,323,11693,12016
10,2018-01-24,414,13141,13555
10,2018-01-26,298,12914,13212
10,2018-01-27,73,9867,9940
10,2018-01-28,14,7808,7822
10,2018-01-29,325,11553,11878
10,2018-01-30,390,11943,12333
10,2018-01-31,282,11602,11884
10,2018-02-01,348,12143,12491
10,2018-02-02,377,12324,12701
10,2018-02-03,97,10293,10390
10,2018-02-04,27,7610,7637
10,2018-02-05,351,11571,11922
10,2018-02-06,329,11063,11392
10,2018-02-07,338,12050,12388
10,2018-02-09,379,12201,12580
10,2018-02-10,75,9287,9362
10,2018-02-11,18,6589,6607
10,2018-02-12,246,9793,10039
10,2018-02-13,303,11098,11401
10,2018-02-14,396,11825,12221
10,2018-02-15,279,10849,11128
10,2018-02-16,358,12299,12657
10,2018-02-17,78,9303,9381
10,2018-02-18,21,8868,8889
10,2018-02-19,349,11235,11584
10,2018-02-20,347,11767,12114
10,2018-02-21,388,11896,12284
10,2018-02-23,419,12371,12790
10,2018-02-24,112,10176,10288
10,2018-02-25,32,8725,8757
10,2018-02-26,292,11598,11890
10,2018-02-27,299,11669,11968
10,2018-02-28,332,12143,12475
10,2018-03-01,296,12292,12588
10,2018-03-02,313,9752,10065
10,2018-03-03,92,9317,9409
10,2018-03-04,21,8372,8393
10,2018-03-05,367,12083,12450
10,2018-03-06,403,12206,12609
10,2018-03-07,403,12140,12543
10,2018-03-09,413,12709,13122
10,2018-03-10,94,10409,10503
10,2018-03-11,14,5535,5549
10,2018-03-12,418,11828,12246
10,2018-03-13,389,11950,12339
10,2018-03-14,471,12337,12808
10,2018-03-23,398,10649,11047
10,2018-03-24,92,10926,11018
10,2018-03-26,414,11449,11863
10,2018-03-27,403,12083,12486
10,2018-03-28,342,12300,12642
10,2018-03-31,90,11035,11125
10,2018-04-01,23,7452,7475
10,2018-04-02,46,9056,9102
10,2018-04-03,394,12156,12550
10,2018-04-04,336,11618,11954
10,2018-04-05,461,12285,12746
10,2018-04-06,440,13142,13582
10,2018-04-07,122,11367,11489
10,2018-04-08,37,10006,10043
10,2018-04-09,404,11939,12343
10,2018-04-10,467,12511,12978
10,2018-04-11,509,12680,13189
10,2018-04-13,513,13098,13611
10,2018-04-14,137,11374,11511
10,2018-04-15,44,10138,10182
10,2018-04-16,482,11882,12364
10,2018-04-17,483,12328,12811
10,2018-04-18,430,12395,12825
10,2018-04-19,445,12678,13123
10,2018-04-20,489,13447,13936
10,2018-04-21,128,11853,11981
10,2018-04-22,49,10507,10556
10,2018-04-23,426,11851,12277
10,2018-04-24,416,12269,12685
10,2018-04-25,506,12164,12670
10,2018-04-27,461,13674,14135
10,2018-04-28,189,11971,12160
10,2018-04-30,403,12000,12403
10,2018-05-01,47,9232,9279
10,2018-05-02,430,12414,12844
10,2018-05-03,417,12738,13155
10,2018-05-04,464,13467,13931
10,2018-05-05,135,11563,11698
10,2018-05-06,59,10894,10953
10,2018-05-07,423,12381,12804
10,2018-05-08,414,12895,13309
10,2018-05-09,407,13147,13554
10,2018-05-11,357,12426,12783
10,2018-05-12,119,11178,11297
10,2018-05-14,416,11528,11944
10,2018-05-15,382,12342,12724
10,2018-05-16,470,12435,12905
10,2018-05-17,416,12900,13316
10,2018-05-18,406,13535,13941
10,2018-05-19,182,11013,11195
10,2018-05-20,20,9590,9610
10,2018-05-21,82,10068,10150
10,2018-05-22,460,12132,12592
10,2018-05-23,514,11842,12356
10,2018-05-25,464,13388,13852
10,2018-05-26,163,11363,11526
10,2018-05-27,51,9702,9753
10,2018-05-28,418,12229,12647
10,2018-05-29,449,12614,13063
10,2018-05-30,586,13056,13642
10,2018-05-31,142,14318,14460
10,2018-06-01,506,12828,13334
10,2018-06-02,114,11186,11300
10,2018-06-03,61,10696,10757
10,2018-06-04,510,12104,12614
10,2018-06-05,488,12405,12893
10,2018-06-06,476,12155,12631
10,2018-06-08,440,12809,13249
10,2018-06-09,127,11387,11514
10,2018-06-10,22,10188,10210
10,2018-06-11,450,11134,11584
10,2018-06-12,486,11450,11936
10,2018-06-13,499,12163,12662
10,2018-06-14,522,12146,12668
10,2018-06-15,449,13009,13458
10,2018-06-16,114,11550,11664
10,2018-06-17,96,12384,12480
10,2018-06-18,449,11841,12290
10,2018-06-19,433,11898,12331
10,2018-06-20,454,12208,12662
10,2018-06-22,453,12768,13221
10,2018-06-23,122,10072,10194
10,2018-06-24,50,10245,10295
10,2018-06-25,401,11403,11804
10,2018-06-26,387,11943,12330
10,2018-06-27,423,12053,12476
10,2018-06-28,455,12643,13098
10,2018-06-29,487,13318,13805
10,2018-06-30,154,11745,11899
10,2018-07-01,76,12702,12778
10,2018-07-02,452,12345,12797
10,2018-07-03,507,12519,13026
10,2018-07-04,500,12328,12828
10,2018-07-06,522,12879,13401
10,2018-07-07,95,11386,11481
10,2018-07-08,50,10721,10771
10,2018-07-09,407,12292,12699
10,2018-07-10,528,12139,12667
10,2018-07-11,549,12429,12978
10,2018-07-12,457,12845,13302
10,2018-07-13,472,13304,13776
10,2018-07-14,147,11611,11758
10,2018-07-15,80,9627,9707
10,2018-07-16,559,12876,13435
10,2018-07-17,554,12777,13331
10,2018-07-18,537,13311,13848
10,2018-07-20,563,13482,14045
10,2018-07-21,143,11062,11205
10,2018-07-22,81,10684,10765
10,2018-07-23,549,12366,12915
10,2018-07-24,551,13159,13710
10,2018-07-25,497,12723,13220
10,2018-07-26,406,12569,12975
10,2018-07-27,402,13210,13612
10,2018-07-28,106,11322,11428
10,2018-07-29,46,10417,10463
10,2018-07-30,319,12242,12561
10,2018-07-31,332,12488,12820
10,2018-08-01,360,12454,12814
10,2018-08-03,362,12885,13247
10,2018-08-04,75,11088,11163
10,2018-08-05,36,10336,10372
10,2018-08-06,274,11674,11948
10,2018-08-07,360,11798,12158
10,2018-08-08,345,12171,12516
10,2018-08-09,406,11638,12044
10,2018-08-10,321,12807,13128
10,2018-08-11,92,11008,11100
10,2018-08-12,48,10345,10393
10,2018-08-13,268,11456,11724
10,2018-08-14,317,12231,12548
10,2018-08-15,92,10036,10128
10,2018-08-16,331,12567,12898
10,2018-08-17,341,13204,13545
10,2018-08-18,133,10948,11081
10,2018-08-19,86,10375,10461
10,2018-08-20,367,12029,12396
10,2018-08-21,485,12555,13040
10,2018-08-22,478,12489,12967
10,2018-08-23,494,12643,13137
10,2018-08-24,453,13061,13514
10,2018-08-25,99,10680,10779
10,2018-08-26,52,10278,10330
10,2018-08-27,402,11841,12243
10,2018-08-28,394,12770,13164
10,2018-08-31,500,13834,14334
10,2018-09-01,187,11897,12084
10,2018-09-02,46,10964,11010
10,2018-09-03,464,12295,12759
10,2018-09-04,391,13023,13414
10,2018-09-05,444,12825,13269
10,2018-09-06,446,13082,13528
10,2018-09-07,423,13249,13672
10,2018-09-08,123,11497,11620
10,2018-09-09,46,10837,10883
10,2018-09-10,396,12544,12940
10,2018-09-11,405,12903,13308
10,2018-09-12,382,13198,13580
10,2018-09-14,445,13532,13977
10,2018-09-15,116,11747,11863
10,2018-09-16,60,10815,10875
10,2018-09-17,406,12721,13127
10,2018-09-18,455,12976,13431
10,2018-09-19,423,13187,13610
10,2018-09-20,413,13210,13623
10,2018-09-21,456,13214,13670
10,2018-09-22,119,11164,11283
10,2018-09-23,72,8130,8202
10,2018-09-24,385,12374,12759
10,2018-09-25,374,12628,13002
10,2018-09-26,440,13073,13513
10,2018-09-28,428,13789,14217
10,2018-09-29,104,12164,12268
10,2018-09-30,54,13205,13259
10,2018-10-01,512,12494,13006
10,2018-10-02,388,12326,12714
10,2018-10-03,136,13860,13996
10,2018-10-04,453,13031,13484
10,2018-10-05,417,13472,13889
10,2018-10-06,106,11489,11595
10,2018-10-07,28,9782,9810
10,2018-10-08,411,12333,12744
10,2018-10-09,400,12533,12933
10,2018-10-10,439,12709,13148
10,2018-10-12,434,13073,13507
10,2018-10-13,106,11731,11837
10,2018-10-14,45,10672,10717
10,2018-10-15,415,12632,13047
10,2018-10-16,414,13205,13619
10,2018-10-17,464,12895,13359
10,2018-10-18,425,12676,13101
10,2018-10-19,471,12946,13417
10,2018-10-20,102,11300,11402
10,2018-10-21,46,10837,10883
10,2018-10-22,412,12298,12710
10,2018-10-23,380,12662,13042
10,2018-10-24,380,12392,12772
10,2018-10-26,404,13047,13451
10,2018-10-27,115,11073,11188
10,2018-10-28,31,9100,9131
10,2018-10-29,440,12080,12520
10,2018-10-31,409,13152,13561
10,2018-11-02,318,12396,12714
10,2018-11-03,103,11052,11155
10,2018-11-04,28,9986,10014
10,2018-11-05,372,12232,12604
10,2018-11-06,376,12677,13053
10,2018-11-07,376,12524,12900
10,2018-11-09,425,13106,13531
10,2018-11-10,127,10620,10747
10,2018-11-11,28,9450,9478
10,2018-11-12,436,12188,12624
10,2018-11-13,380,12373,12753
10,2018-11-14,367,12585,12952
10,2018-11-15,388,12666,13054
10,2018-11-16,378,13322,13700
10,2018-11-17,85,11014,11099
10,2018-11-18,17,9500,9517
10,2018-11-19,416,11960,12376
10,2018-11-20,400,12240,12640
10,2018-11-21,469,12285,12754
10,2018-11-23,452,13036,13488
10,2018-11-24,86,10837,10923
10,2018-11-25,38,9248,9286
10,2018-11-26,375,12040,12415
10,2018-11-27,373,12275,12648
10,2018-11-28,363,12636,12999
10,2018-11-30,408,13407,13815
10,2018-12-01,112,11218,11330
10,2018-12-02,46,9060,9106
10,2018-12-04,395,12562,12957
10,2018-12-05,403,12760,13163
10,2018-12-06,379,12732,13111
10,2018-12-07,340,11902,12242
10,2018-12-08,90,10652,10742
10,2018-12-09,36,8364,8400
10,2018-12-10,368,12002,12370
10,2018-12-11,390,12191,12581
10,2018-12-12,360,12398,12758
10,2018-12-14,404,13029,13433
10,2018-12-15,85,11032,11117
10,2018-12-16,16,6896,6912
10,2018-12-17,369,11884,12253
10,2018-12-18,427,12539,12966
10,2018-12-19,372,12335,12707
10,2018-12-20,350,12697,13047
10,2018-12-21,222,12762,12984
10,2018-12-22,52,9892,9944
10,2018-12-23,16,7990,8006
10,2018-12-24,104,8764,8868
10,2018-12-25,12,5126,5138
10,2018-12-26,21,6178,6199
10,2018-12-27,189,10456,10645
10,2018-12-28,174,10466,10640
10,2018-12-29,43,9239,9282
10,2018-12-30,23,7783,7806
10,2018-12-31,102,9151,9253
11,2018-01-01,16,1290,1306
11,2018-01-02,72,3742,3814
11,2018-01-03,54,3992,4046
11,2018-01-05,102,4453,4555
11,2018-01-06,26,2668,2694
11,2018-01-07,50,2365,2415
11,2018-01-08,280,5208,5488
11,2018-01-09,276,5042,5318
11,2018-01-10,230,5170,5400
11,2018-01-12,297,5052,5349
11,2018-01-13,91,2723,2814
11,2018-01-14,52,2371,2423
11,2018-01-15,138,5070,5208
11,2018-01-16,180,5270,5450
11,2018-01-17,198,5312,5510
11,2018-01-18,222,5048,5270
11,2018-01-19,249,5204,5453
11,2018-01-20,169,3107,3276
11,2018-01-21,29,2237,2266
11,2018-01-22,205,5072,5277
11,2018-01-23,329,4996,5325
11,2018-01-24,261,5426,5687
11,2018-01-26,205,5230,5435
11,2018-01-27,55,2706,2761
11,2018-01-28,21,2107,2128
11,2018-01-29,274,4994,5268
11,2018-01-30,296,5179,5475
11,2018-01-31,82,5118,5200
11,2018-02-01,256,5148,5404
11,2018-02-02,262,5179,5441
11,2018-02-03,69,2815,2884
11,2018-02-04,34,2009,2043
11,2018-02-05,291,5102,5393
11,2018-02-06,245,4972,5217
11,2018-02-07,305,5071,5376
11,2018-02-09,265,4661,4926
11,2018-02-10,60,2507,2567
11,2018-02-11,32,1744,1776
11,2018-02-12,124,3710,3834
11,2018-02-13,215,4211,4426
11,2018-02-14,279,4973,5252
11,2018-02-15,121,4719,4840
11,2018-02-16,195,4792,4987
11,2018-02-17,88,2508,2596
11,2018-02-18,54,2217,2271
11,2018-02-19,307,4697,5004
11,2018-02-20,345,4815,5160
11,2018-02-21,338,4968,5306
11,2018-02-23,332,4851,5183
11,2018-02-24,113,2896,3009
11,2018-02-25,67,2270,2337
11,2018-02-26,317,4747,5064
11,2018-02-27,287,4802,5089
11,2018-02-28,337,4891,5228
11,2018-03-01,341,4777,5118
11,2018-03-02,178,4196,4374
11,2018-03-03,42,2505,2547
11,2018-03-04,26,2121,2147
11,2018-03-05,297,4856,5153
11,2018-03-06,314,5114,5428
11,2018-03-07,277,5345,5622
11,2018-03-09,160,5176,5336
11,2018-03-10,42,2948,2990
11,2018-03-11,46,3156,3202
11,2018-03-12,188,5180,5368
11,2018-03-13,212,5116,5328
11,2018-03-14,345,5217,5562
11,2018-03-15,264,5241,5505
11,2018-03-16,200,5431,5631
11,2018-03-17,90,2715,2805
11,2018-03-18,53,1969,2022
11,2018-03-19,349,4828,5177
11,2018-03-20,364,5310,5674
11,2018-03-21,400,5589,5989
11,2018-03-22,273,5520,5793
11,2018-03-23,280,5266,5546
11,2018-03-24,109,3371,3480
11,2018-03-26,253,4876,5129
11,2018-03-27,281,5275,5556
11,2018-03-28,152,5128,5280
11,2018-03-31,57,2769,2826
11,2018-04-01,52,1960,2012
11,2018-04-02,51,2369,2420
11,2018-04-03,198,4772,4970
11,2018-04-04,168,5094,5262
11,2018-04-05,287,5107,5394
11,2018-04-06,264,5203,5467
11,2018-04-07,97,3284,3381
11,2018-04-08,61,3367,3428
11,2018-04-09,266,5346,5612
11,2018-04-10,317,5538,5855
11,2018-04-11,318,5673,5991
11,2018-04-13,546,7985,8531
11,2018-04-14,175,5519,5694
11,2018-04-15,115,4999,5114
11,2018-04-16,567,7808,8375
11,2018-04-17,583,7993,8576
11,2018-04-18,589,8013,8602
11,2018-04-19,529,8116,8645
11,2018-04-20,532,8413,8945
11,2018-04-21,184,5881,6065
11,2018-04-22,100,5312,5412
11,2018-04-23,481,7779,8260
11,2018-04-24,572,8068,8640
11,2018-04-25,582,7930,8512
11,2018-04-27,466,9346,9812
11,2018-04-28,210,5660,5870
11,2018-04-29,70,4696,4766
11,2018-04-30,256,6908,7164
11,2018-05-01,107,4555,4662
11,2018-05-02,557,8067,8624
11,2018-05-03,563,8118,8681
11,2018-05-04,543,8405,8948
11,2018-05-05,221,5992,6213
11,2018-05-06,141,5547,5688
11,2018-05-07,511,8131,8642
11,2018-05-08,549,8631,9180
11,2018-05-09,476,9432,9908
11,2018-05-11,336,7248,7584
11,2018-05-12,180,5432,5612
11,2018-05-13,100,4462,4562
11,2018-05-14,402,7884,8286
11,2018-05-15,540,8109,8649
11,2018-05-16,474,8387,8861
11,2018-05-17,530,8365,8895
11,2018-05-18,565,8380,8945
11,2018-05-19,185,5534,5719
11,2018-05-20,95,4607,4702
11,2018-05-21,105,5321,5426
11,2018-05-22,484,7945,8429
11,2018-05-23,446,7987,8433
11,2018-05-25,458,8453,8911
11,2018-05-26,162,5544,5706
11,2018-05-27,83,4594,4677
11,2018-05-28,535,7796,8331
11,2018-05-29,470,9238,9708
11,2018-05-30,432,9566,9998
11,2018-05-31,272,8948,9220
11,2018-06-01,298,8538,8836
11,2018-06-02,165,5618,5783
11,2018-06-03,112,5228,5340
11,2018-06-04,394,8884,9278
11,2018-06-05,555,8202,8757
11,2018-06-06,545,8148,8693
11,2018-06-08,517,8178,8695
11,2018-06-09,211,5525,5736
11,2018-06-10,158,4912,5070
11,2018-06-11,407,7614,8021
11,2018-06-12,361,8123,8484
11,2018-06-13,580,7788,8368
11,2018-06-14,516,8080,8596
11,2018-06-15,395,7585,7980
11,2018-06-16,145,4367,4512
11,2018-06-17,71,3568,3639
11,2018-06-18,427,6524,6951
11,2018-06-19,482,6663,7145
11,2018-06-20,451,6611,7062
11,2018-06-22,403,6396,6799
11,2018-06-23,94,3403,3497
11,2018-06-24,68,3480,3548
11,2018-06-25,374,6031,6405
11,2018-06-26,395,6350,6745
11,2018-06-27,416,6359,6775
11,2018-06-28,405,6217,6622
11,2018-06-29,362,6375,6737
11,2018-06-30,113,4047,4160
11,2018-07-01,61,4057,4118
11,2018-07-02,319,6217,6536
11,2018-07-03,363,6081,6444
11,2018-07-04,359,6174,6533
11,2018-07-06,315,6450,6765
11,2018-07-07,122,3722,3844
11,2018-07-08,64,3590,3654
11,2018-07-09,308,6029,6337
11,2018-07-10,333,5918,6251
11,2018-07-11,323,5972,6295
11,2018-07-12,252,5955,6207
11,2018-07-13,261,5966,6227
11,2018-07-14,86,3757,3843
11,2018-07-15,71,3436,3507
11,2018-07-16,271,5582,5853
11,2018-07-17,266,5644,5910
11,2018-07-18,276,5773,6049
11,2018-07-20,258,5712,5970
11,2018-07-21,101,3377,3478
11,2018-07-22,62,3301,3363
11,2018-07-23,245,5382,5627
11,2018-07-24,283,5476,5759
11,2018-07-25,270,5431,5701
11,2018-07-26,239,5342,5581
11,2018-07-27,206,5294,5500
11,2018-07-28,67,3245,3312
11,2018-07-29,46,3108,3154
11,2018-07-30,187,4937,5124
11,2018-07-31,193,5187,5380
11,2018-08-01,222,5119,5341
11,2018-08-02,202,5212,5414
11,2018-08-04,60,3232,3292
11,2018-08-05,37,2881,2918
11,2018-08-06,151,4936,5087
11,2018-08-07,229,5064,5293
11,2018-08-08,164,5178,5342
11,2018-08-09,188,5046,5234
11,2018-08-10,233,5221,5454
11,2018-08-11,82,3388,3470
11,2018-08-12,47,3203,3250
11,2018-08-13,160,4758,4918
11,2018-08-14,225,5098,5323
11,2018-08-15,86,3495,3581
11,2018-08-16,269,5152,5421
11,2018-08-17,308,5124,5432
11,2018-08-18,111,3422,3533
11,2018-08-19,48,3377,3425
11,2018-08-20,307,5953,6260
11,2018-08-21,290,6083,6373
11,2018-08-22,334,6213,6547
11,2018-08-23,288,5929,6217
11,2018-08-24,292,5932,6224
11,2018-08-25,120,3725,3845
11,2018-08-26,90,3463,3553
11,2018-08-27,319,5942,6261
11,2018-08-28,366,6398,6764
11,2018-08-29,314,6390,6704
11,2018-08-30,292,6122,6414
11,2018-09-01,134,3931,4065
11,2018-09-02,85,3570,3655
11,2018-09-03,295,5828,6123
11,2018-09-04,311,6006,6317
11,2018-09-05,326,6033,6359
11,2018-09-06,259,6071,6330
11,2018-09-07,316,5834,6150
11,2018-09-08,114,3704,3818
11,2018-09-09,68,3562,3630
11,2018-09-10,265,5612,5877
11,2018-09-11,275,5739,6014
11,2018-09-12,272,5984,6256
11,2018-09-13,292,5593,5885
11,2018-09-15,84,3479,3563
11,2018-09-16,81,3539,3620
11,2018-09-17,292,5537,5829
11,2018-09-18,291,5722,6013
11,2018-09-19,292,5745,6037
11,2018-09-20,291,5896,6187
11,2018-09-21,258,5876,6134
11,2018-09-22,90,3488,3578
11,2018-09-23,16,2118,2134
11,2018-09-24,376,5526,5902
11,2018-09-25,334,5593,5927
11,2018-09-26,337,5658,5995
11,2018-09-27,298,5797,6095
11,2018-09-29,108,3561,3669
11,2018-09-30,79,3714,3793
11,2018-10-01,307,5236,5543
11,2018-10-02,249,5264,5513
11,2018-10-03,196,5515,5711
11,2018-10-04,284,5472,5756
11,2018-10-05,237,5504,5741
11,2018-10-06,90,3517,3607
11,2018-10-07,62,2726,2788
11,2018-10-08,238,5335,5573
11,2018-10-09,272,5357,5629
11,2018-10-10,263,5644,5907
11,2018-10-11,281,5612,5893
11,2018-10-13,86,3726,3812
11,2018-10-14,69,3620,3689
11,2018-10-15,331,5663,5994
11,2018-10-16,316,5758,6074
11,2018-10-17,344,5680,6024
11,2018-10-18,328,5934,6262
11,2018-10-19,302,6010,6312
11,2018-10-20,114,3383,3497
11,2018-10-21,75,3510,3585
11,2018-10-22,335,5618,5953
11,2018-10-23,360,5619,5979
11,2018-10-24,361,5708,6069
11,2018-10-25,341,5962,6303
11,2018-10-27,98,3171,3269
11,2018-10-28,57,2376,2433
11,2018-10-29,292,5331,5623
11,2018-10-30,130,5700,5830
11,2018-10-31,321,5997,6318
11,2018-11-01,62,2340,2402
11,2018-11-03,83,2981,3064
11,2018-11-04,49,2620,2669
11,2018-11-05,299,5565,5864
11,2018-11-06,357,5714,6071
11,2018-11-07,276,5741,6017
11,2018-11-08,342,5579,5921
11,2018-11-10,34,2812,2846
11,2018-11-11,42,2506,2548
11,2018-11-12,184,5876,6060
11,2018-11-13,272,5932,6204
11,2018-11-14,306,5745,6051
11,2018-11-15,308,6024,6332
11,2018-11-16,314,5803,6117
11,2018-11-17,112,3176,3288
11,2018-11-18,86,2466,2552
11,2018-11-19,240,5828,6068
11,2018-11-20,364,5668,6032
11,2018-11-21,388,5858,6246
11,2018-11-22,350,5706,6056
11,2018-11-24,46,3082,3128
11,2018-11-25,48,2387,2435
11,2018-11-26,325,5299,5624
11,2018-11-27,350,5752,6102
11,2018-11-28,244,5758,6002
11,2018-11-29,294,5912,6206
11,2018-12-01,98,3328,3426
11,2018-12-02,10,2250,2260
11,2018-12-03,72,5348,5420
11,2018-12-04,331,5491,5822
11,2018-12-05,335,5650,5985
11,2018-12-06,260,5790,6050
11,2018-12-07,148,5514,5662
11,2018-12-08,50,2984,3034
11,2018-12-09,12,2198,2210
11,2018-12-10,327,5516,5843
11,2018-12-11,331,5815,6146
11,2018-12-12,336,5598,5934
11,2018-12-13,378,5816,6194
11,2018-12-15,130,3080,3210
11,2018-12-16,9,1814,1823
11,2018-12-17,181,5523,5704
11,2018-12-18,318,5880,6198
11,2018-12-19,248,5616,5864
11,2018-12-20,142,5680,5822
11,2018-12-21,144,5240,5384
11,2018-12-22,50,2704,2754
11,2018-12-23,16,1814,1830
11,2018-12-24,108,2362,2470
11,2018-12-25,30,1321,1351
11,2018-12-26,32,1532,1564
11,2018-12-27,95,2974,3069
11,2018-12-28,94,3177,3271
11,2018-12-29,52,2278,2330
11,2018-12-30,22,1875,1897
11,2018-12-31,56,2483,2539
12,2018-01-01,122,3970,4092
12,2018-01-02,468,10906,11374
12,2018-01-03,556,11414,11970
12,2018-01-05,348,11930,12278
12,2018-01-06,140,10428,10568
12,2018-01-07,182,7496,7678
12,2018-01-08,512,10300,10812
12,2018-01-09,662,10461,11123
12,2018-01-10,507,10926,11433
12,2018-01-12,659,11506,12165
12,2018-01-13,551,10222,10773
12,2018-01-14,351,7412,7763
12,2018-01-15,686,10830,11516
12,2018-01-16,490,11204,11694
12,2018-01-17,564,12316,12880
12,2018-01-18,762,12266,13028
12,2018-01-19,586,10088,10674
12,2018-01-20,108,3960,4068
12,2018-01-21,241,7438,7679
12,2018-01-22,374,11742,12116
12,2018-01-23,543,10593,11136
12,2018-01-24,492,10446,10938
12,2018-01-25,166,10074,10240
12,2018-01-27,284,10996,11280
12,2018-01-28,128,7490,7618
12,2018-01-29,437,11070,11507
12,2018-01-30,746,11588,12334
12,2018-01-31,258,11546,11804
12,2018-02-01,422,12576,12998
12,2018-02-02,463,12745,13208
12,2018-02-03,360,11855,12215
12,2018-02-04,216,7018,7234
12,2018-02-05,646,10680,11326
12,2018-02-06,286,9834,10120
12,2018-02-07,588,10757,11345
12,2018-02-08,713,11234,11947
12,2018-02-10,272,10224,10496
12,2018-02-11,160,6100,6260
12,2018-02-12,544,9904,10448
12,2018-02-13,603,10708,11311
12,2018-02-14,654,10637,11291
12,2018-02-15,322,10362,10684
12,2018-02-16,544,11501,12045
12,2018-02-17,245,10050,10295
12,2018-02-18,267,7322,7589
12,2018-02-19,675,10238,10913
12,2018-02-20,710,10002,10712
12,2018-02-21,612,10560,11172
12,2018-02-22,435,6348,6783
12,2018-02-24,124,2134,2258
12,2018-02-25,83,1510,1593
12,2018-02-26,192,2556,2748
12,2018-02-27,216,2517,2733
12,2018-02-28,714,8895,9609
12,2018-03-01,832,10900,11732
12,2018-03-02,352,8198,8550
12,2018-03-03,233,10063,10296
12,2018-03-04,234,7040,7274
12,2018-03-05,710,14149,14859
12,2018-03-06,760,13863,14623
12,2018-03-07,502,14896,15398
12,2018-03-09,330,15252,15582
12,2018-03-10,317,13556,13873
12,2018-03-11,298,10282,10580
12,2018-03-12,556,14648,15204
12,2018-03-13,760,14188,14948
12,2018-03-14,760,14083,14843
12,2018-03-15,608,14706,15314
12,2018-03-16,848,15364,16212
12,2018-03-17,591,12687,13278
12,2018-03-18,363,7818,8181
12,2018-03-19,849,12900,13749
12,2018-03-20,956,14048,15004
12,2018-03-21,896,14774,15670
12,2018-03-22,546,15332,15878
12,2018-03-23,781,15405,16186
12,2018-03-24,587,14305,14892
12,2018-03-26,815,13643,14458
12,2018-03-27,604,14410,15014
12,2018-03-28,520,15536,16056
12,2018-03-31,499,14826,15325
12,2018-04-01,286,8144,8430
12,2018-04-02,403,9815,10218
12,2018-04-03,1072,15182,16254
12,2018-04-04,558,15088,15646
12,2018-04-05,1076,15642,16718
12,2018-04-06,774,16104,16878
12,2018-04-07,595,15086,15681
12,2018-04-08,437,12118,12555
12,2018-04-09,727,14324,15051
12,2018-04-10,958,15424,16382
12,2018-04-11,684,14748,15432
12,2018-04-13,831,15467,16298
12,2018-04-14,592,14326,14918
12,2018-04-15,407,11611,12018
12,2018-04-16,725,14634,15359
12,2018-04-17,741,14915,15656
12,2018-04-18,705,15335,16040
12,2018-04-19,750,15952,16702
12,2018-04-20,740,16722,17462
12,2018-04-21,557,15303,15860
12,2018-04-22,432,12735,13167
12,2018-04-23,739,14817,15556
12,2018-04-24,809,14697,15506
12,2018-04-25,725,14581,15306
12,2018-04-27,885,16788,17673
12,2018-04-28,762,16020,16782
12,2018-04-29,496,14322,14818
12,2018-04-30,604,16042,16646
12,2018-05-01,507,10305,10812
12,2018-05-02,785,15646,16431
12,2018-05-03,767,15716,16483
12,2018-05-04,763,16545,17308
12,2018-05-05,589,15241,15830
12,2018-05-06,441,12759,13200
12,2018-05-07,628,15958,16586
12,2018-05-08,628,17207,17835
12,2018-05-09,749,16776,17525
12,2018-05-11,726,16633,17359
12,2018-05-12,531,14743,15274
12,2018-05-13,464,9788,10252
12,2018-05-14,463,15042,15505
12,2018-05-15,704,15263,15967
12,2018-05-16,711,15217,15928
12,2018-05-17,771,15828,16599
12,2018-05-18,813,16759,17572
12,2018-05-19,555,14733,15288
12,2018-05-20,530,11334,11864
12,2018-05-21,446,12550,12996
12,2018-05-22,642,15270,15912
12,2018-05-23,780,15724,16504
12,2018-05-25,652,15920,16572
12,2018-05-26,482,13513,13995
12,2018-05-27,300,9415,9715
12,2018-05-28,812,12982,13794
12,2018-05-29,611,12858,13469
12,2018-05-30,786,14362,15148
12,2018-05-31,515,13358,13873
12,2018-06-01,598,15132,15730
12,2018-06-02,475,13734,14209
12,2018-06-03,348,10554,10902
12,2018-06-04,569,12721,13290
12,2018-06-05,543,12663,13206
12,2018-06-06,613,13170,13783
12,2018-06-08,830,13848,14678
12,2018-06-09,478,13388,13866
12,2018-06-10,250,9446,9696
12,2018-06-11,428,12146,12574
12,2018-06-12,389,12107,12496
12,2018-06-13,622,12108,12730
12,2018-06-14,740,13028,13768
12,2018-06-15,545,13300,13845
12,2018-06-16,492,12047,12539
12,2018-06-17,371,9578,9949
12,2018-06-18,655,11780,12435
12,2018-06-19,646,11810,12456
12,2018-06-20,535,12370,12905
12,2018-06-22,738,12960,13698
12,2018-06-23,583,13510,14093
12,2018-06-24,370,10000,10370
12,2018-06-25,586,11538,12124
12,2018-06-26,541,12026,12567
12,2018-06-27,578,12041,12619
12,2018-06-28,637,12704,13341
12,2018-06-29,628,13801,14429
12,2018-06-30,402,12697,13099
12,2018-07-01,337,10611,10948
12,2018-07-02,580,12298,12878
12,2018-07-03,633,12535,13168
12,2018-07-04,622,12593,13215
12,2018-07-06,647,13036,13683
12,2018-07-07,456,12714,13170
12,2018-07-08,381,10330,10711
12,2018-07-09,611,11847,12458
12,2018-07-10,579,11613,12192
12,2018-07-11,591,11645,12236
12,2018-07-12,602,12253,12855
12,2018-07-13,614,12852,13466
12,2018-07-14,398,13225,13623
12,2018-07-15,432,8530,8962
12,2018-07-16,521,11707,12228
12,2018-07-17,534,11809,12343
12,2018-07-18,599,12199,12798
12,2018-07-20,591,12761,13352
12,2018-07-21,446,11812,12258
12,2018-07-22,329,9466,9795
12,2018-07-23,513,12040,12553
12,2018-07-24,587,11940,12527
12,2018-07-25,571,11323,11894
12,2018-07-26,503,11437,11940
12,2018-07-27,514,12324,12838
12,2018-07-28,395,11799,12194
12,2018-07-29,286,9409,9695
12,2018-07-30,493,11727,12220
12,2018-07-31,493,11920,12413
12,2018-08-01,502,12818,13320
12,2018-08-03,454,12639,13093
12,2018-08-04,322,11883,12205
12,2018-08-05,260,9427,9687
12,2018-08-06,468,11674,12142
12,2018-08-07,483,11437,11920
12,2018-08-08,648,12158,12806
12,2018-08-09,640,11794,12434
12,2018-08-10,556,12229,12785
12,2018-08-11,405,11580,11985
12,2018-08-12,323,9727,10050
12,2018-08-13,634,12312,12946
12,2018-08-14,516,11906,12422
12,2018-08-15,334,9987,10321
12,2018-08-16,473,12686,13159
12,2018-08-17,508,12842,13350
12,2018-08-18,415,11884,12299
12,2018-08-19,301,10170,10471
12,2018-08-20,545,11391,11936
12,2018-08-21,397,11539,11936
12,2018-08-22,484,11613,12097
12,2018-08-23,514,11404,11918
12,2018-08-24,607,12030,12637
12,2018-08-25,390,10757,11147
12,2018-08-26,312,8876,9188
12,2018-08-27,550,11530,12080
12,2018-08-28,498,11538,12036
12,2018-08-29,570,11820,12390
12,2018-08-31,659,12644,13303
12,2018-09-01,424,12151,12575
12,2018-09-02,308,9274,9582
12,2018-09-03,592,11422,12014
12,2018-09-04,535,10876,11411
12,2018-09-05,565,11845,12410
12,2018-09-06,537,12345,12882
12,2018-09-07,619,12134,12753
12,2018-09-08,446,12086,12532
12,2018-09-09,314,9687,10001
12,2018-09-10,562,11486,12048
12,2018-09-11,581,11668,12249
12,2018-09-12,551,11985,12536
12,2018-09-14,679,12294,12973
12,2018-09-15,478,12123,12601
12,2018-09-16,318,9467,9785
12,2018-09-17,561,11659,12220
12,2018-09-18,538,11348,11886
12,2018-09-19,540,11524,12064
12,2018-09-20,596,11872,12468
12,2018-09-21,868,12704,13572
12,2018-09-22,660,12172,12832
12,2018-09-23,94,7418,7512
12,2018-09-24,604,11171,11775
12,2018-09-25,625,11157,11782
12,2018-09-26,707,11576,12283
12,2018-09-28,696,13012,13708
12,2018-09-29,490,13009,13499
12,2018-09-30,403,9677,10080
12,2018-10-01,314,11090,11404
12,2018-10-02,878,12092,12970
12,2018-10-03,549,11773,12322
12,2018-10-04,621,12177,12798
12,2018-10-05,622,12533,13155
12,2018-10-06,478,12897,13375
12,2018-10-07,254,8199,8453
12,2018-10-08,587,10729,11316
12,2018-10-09,528,11236,11764
12,2018-10-10,545,11422,11967
12,2018-10-12,562,11931,12493
12,2018-10-13,459,13090,13549
12,2018-10-14,351,9899,10250
12,2018-10-15,525,11032,11557
12,2018-10-16,686,11707,12393
12,2018-10-17,577,11147,11724
12,2018-10-18,575,11549,12124
12,2018-10-19,620,11976,12596
12,2018-10-20,438,12792,13230
12,2018-10-21,270,9395,9665
12,2018-10-22,744,12224,12968
12,2018-10-23,687,11669,12356
12,2018-10-24,686,11228,11914
12,2018-10-26,704,12457,13161
12,2018-10-27,533,11529,12062
12,2018-10-28,310,7671,7981
12,2018-10-29,644,12037,12681
12,2018-10-30,280,12094,12374
12,2018-10-31,611,12495,13106
12,2018-11-02,378,13826,14204
12,2018-11-03,377,12332,12709
12,2018-11-04,272,8545,8817
12,2018-11-05,595,11455,12050
12,2018-11-06,585,11684,12269
12,2018-11-07,642,12462,13104
12,2018-11-09,621,12120,12741
12,2018-11-10,98,11686,11784
12,2018-11-11,288,7978,8266
12,2018-11-12,594,11836,12430
12,2018-11-13,778,11740,12518
12,2018-11-14,605,11458,12063
12,2018-11-15,707,11816,12523
12,2018-11-16,676,12452,13128
12,2018-11-17,439,10411,10850
12,2018-11-18,283,7833,8116
12,2018-11-19,598,11360,11958
12,2018-11-20,650,10867,11517
12,2018-11-21,643,10673,11316
12,2018-11-23,676,11813,12489
12,2018-11-24,228,11628,11856
12,2018-11-25,178,7125,7303
12,2018-11-26,545,11079,11624
12,2018-11-27,581,11053,11634
12,2018-11-28,276,11994,12270
12,2018-11-30,800,13622,14422
12,2018-12-01,418,12812,13230
12,2018-12-02,38,7640,7678
12,2018-12-03,250,11748,11998
12,2018-12-04,559,12057,12616
12,2018-12-05,966,13038,14004
12,2018-12-06,604,13296,13900
12,2018-12-07,622,12536,13158
12,2018-12-08,152,12110,12262
12,2018-12-10,539,11213,11752
12,2018-12-11,605,11347,11952
12,2018-12-12,563,10879,11442
12,2018-12-14,816,12006,12822
12,2018-12-15,675,12240,12915
12,2018-12-16,48,6014,6062
12,2018-12-17,490,12262,12752
12,2018-12-18,576,11709,12285
12,2018-12-19,550,12370,12920
12,2018-12-20,316,13154,13470
12,2018-12-21,272,13722,13994
12,2018-12-22,182,12266,12448
12,2018-12-23,38,7210,7248
12,2018-12-24,168,8468,8636
12,2018-12-25,131,3998,4129
12,2018-12-26,247,5488,5735
12,2018-12-27,463,10916,11379
12,2018-12-28,442,11726,12168
12,2018-12-29,278,10440,10718
12,2018-12-30,134,6569,6703
12,2018-12-31,184,9766,9950
15,2018-01-01,4,3886,3890
15,2018-01-02,38,10073,10111
15,2018-01-03,57,9902,9959
15,2018-01-04,33,10831,10864
15,2018-01-05,39,11940,11979
15,2018-01-06,18,9320,9338
15,2018-01-07,5,8467,8472
15,2018-01-08,88,12747,12835
15,2018-01-09,78,12773,12851
15,2018-01-10,74,13125,13199
15,2018-01-11,79,12698,12777
15,2018-01-12,84,13297,13381
15,2018-01-13,20,10521,10541
15,2018-01-14,21,9003,9024
15,2018-01-15,93,11919,12012
15,2018-01-16,88,12839,12927
15,2018-01-17,91,12287,12378
15,2018-01-18,89,12558,12647
15,2018-01-19,98,13691,13789
15,2018-01-20,26,9737,9763
15,2018-01-21,8,8719,8727
15,2018-01-22,124,11768,11892
15,2018-01-23,102,12351,12453
15,2018-01-24,71,12421,12492
15,2018-01-25,55,12940,12995
15,2018-01-26,86,14028,14114
15,2018-01-27,23,10114,10137
15,2018-01-28,6,9033,9039
15,2018-01-29,83,12540,12623
15,2018-01-30,115,13392,13507
15,2018-01-31,68,13368,13436
15,2018-02-01,88,13836,13924
15,2018-02-02,92,14176,14268
15,2018-02-03,34,11136,11170
15,2018-02-04,8,8967,8975
15,2018-02-05,119,12451,12570
15,2018-02-06,75,10884,10959
15,2018-02-07,64,12550,12614
15,2018-02-08,142,12905,13047
15,2018-02-09,188,13760,13948
15,2018-02-10,35,10046,10081
15,2018-02-11,19,7972,7991
15,2018-02-12,98,12412,12510
15,2018-02-13,93,13198,13291
15,2018-02-14,84,13509,13593
15,2018-02-15,88,12923,13011
15,2018-02-16,105,14810,14915
15,2018-02-17,14,9903,9917
15,2018-02-18,16,9307,9323
15,2018-02-19,115,12420,12535
15,2018-02-20,124,13087,13211
15,2018-02-21,68,13227,13295
15,2018-02-22,86,13445,13531
15,2018-02-23,103,14081,14184
15,2018-02-24,28,10606,10634
15,2018-02-25,9,8852,8861
15,2018-02-26,75,11547,11622
15,2018-02-27,140,12676,12816
15,2018-02-28,72,12669,12741
15,2018-03-01,85,12710,12795
15,2018-03-02,69,9650,9719
15,2018-03-03,31,9595,9626
15,2018-03-04,18,9401,9419
15,2018-03-05,96,13513,13609
15,2018-03-06,107,13882,13989
15,2018-03-07,85,13683,13768
15,2018-03-08,77,13132,13209
15,2018-03-09,73,13066,13139
15,2018-03-10,27,10769,10796
15,2018-03-11,10,9124,9134
15,2018-03-12,93,13138,13231
15,2018-03-13,71,12933,13004
15,2018-03-14,131,14725,14856
15,2018-03-15,81,13447,13528
15,2018-03-16,81,15156,15237
15,2018-03-17,34,10747,10781
15,2018-03-18,12,7472,7484
15,2018-03-19,87,12224,12311
15,2018-03-20,120,12857,12977
15,2018-03-21,90,13100,13190
15,2018-03-22,117,13501,13618
15,2018-03-23,92,14408,14500
15,2018-03-24,32,11205,11237
15,2018-03-26,86,12644,12730
15,2018-03-27,80,13723,13803
15,2018-03-28,102,13766,13868
15,2018-03-29,119,14959,15078
15,2018-03-30,98,16184,16282
15,2018-03-31,47,11034,11081
15,2018-04-01,5,8051,8056
15,2018-04-02,19,8263,8282
15,2018-04-03,102,14341,14443
15,2018-04-04,75,14084,14159
15,2018-04-05,101,14954,15055
15,2018-04-06,89,15826,15915
15,2018-04-07,50,11884,11934
15,2018-04-08,18,10645,10663
15,2018-04-09,113,14075,14188
15,2018-04-10,147,15902,16049
15,2018-04-11,107,14782,14889
15,2018-04-12,75,14880,14955
15,2018-04-13,121,15840,15961
15,2018-04-14,36,11338,11374
15,2018-04-15,13,9862,9875
15,2018-04-16,97,13877,13974
15,2018-04-17,119,14761,14880
15,2018-04-18,119,14905,15024
15,2018-04-19,103,16269,16372
15,2018-04-20,93,16068,16161
15,2018-04-21,39,11605,11644
15,2018-04-22,10,10073,10083
15,2018-04-23,88,13980,14068
15,2018-04-24,107,13968,14075
15,2018-04-25,105,14782,14887
15,2018-04-26,122,14579,14701
15,2018-04-27,133,15830,15963
15,2018-04-28,53,11067,11120
15,2018-04-29,31,9560,9591
15,2018-04-30,69,12023,12092
15,2018-05-01,12,8777,8789
15,2018-05-02,92,14239,14331
15,2018-05-03,106,14649,14755
15,2018-05-04,92,15639,15731
15,2018-05-05,74,11906,11980
15,2018-05-06,17,10492,10509
15,2018-05-07,88,14467,14555
15,2018-05-08,83,16286,16369
15,2018-05-09,97,15070,15167
15,2018-05-10,19,9181,9200
15,2018-05-11,82,12966,13048
15,2018-05-12,25,11272,11297
15,2018-05-13,16,9874,9890
15,2018-05-14,101,13985,14086
15,2018-05-15,101,14692,14793
15,2018-05-16,115,14185,14300
15,2018-05-17,110,15727,15837
15,2018-05-18,114,16092,16206
15,2018-05-19,42,11520,11562
15,2018-05-20,12,9692,9704
15,2018-05-21,23,8993,9016
15,2018-05-22,125,14069,14194
15,2018-05-23,122,14265,14387
15,2018-05-24,78,14830,14908
15,2018-05-25,117,15394,15511
15,2018-05-26,44,11297,11341
15,2018-05-27,10,10427,10437
15,2018-05-28,85,14116,14201
15,2018-05-29,80,15024,15104
15,2018-05-30,118,15222,15340
15,2018-05-31,223,17826,18049
15,2018-06-01,114,16797,16911
15,2018-06-02,30,12177,12207
15,2018-06-03,12,10659,10671
15,2018-06-04,111,14310,14421
15,2018-06-05,129,15159,15288
15,2018-06-06,119,14850,14969
15,2018-06-07,105,15432,15537
15,2018-06-08,124,15471,15595
15,2018-06-09,50,11826,11876
15,2018-06-10,24,10174,10198
15,2018-06-11,133,14060,14193
15,2018-06-12,122,14384,14506
15,2018-06-13,102,14797,14899
15,2018-06-14,116,15113,15229
15,2018-06-15,97,15891,15988
15,2018-06-16,26,11278,11304
15,2018-06-17,14,10512,10526
15,2018-06-18,131,14005,14136
15,2018-06-19,109,13613,13722
15,2018-06-20,101,14120,14221
15,2018-06-21,114,14556,14670
15,2018-06-22,113,15469,15582
15,2018-06-23,28,10856,10884
15,2018-06-24,21,9766,9787
15,2018-06-25,110,13237,13347
15,2018-06-26,119,14003,14122
15,2018-06-27,93,14633,14726
15,2018-06-28,98,15304,15402
15,2018-06-29,134,16203,16337
15,2018-06-30,42,11254,11296
15,2018-07-01,16,10892,10908
15,2018-07-02,113,14580,14693
15,2018-07-03,108,15091,15199
15,2018-07-04,113,15160,15273
15,2018-07-05,98,15849,15947
15,2018-07-06,108,15570,15678
15,2018-07-07,39,11477,11516
15,2018-07-08,16,10523,10539
15,2018-07-09,141,13733,13874
15,2018-07-10,92,13923,14015
15,2018-07-11,105,13876,13981
15,2018-07-12,98,14456,14554
15,2018-07-13,116,15406,15522
15,2018-07-14,42,11676,11718
15,2018-07-15,22,8958,8980
15,2018-07-16,135,13530,13665
15,2018-07-17,88,13442,13530
15,2018-07-18,82,10676,10758
15,2018-07-19,105,14390,14495
15,2018-07-20,119,15064,15183
15,2018-07-21,59,11099,11158
15,2018-07-22,20,9361,9381
15,2018-07-23,132,12928,13060
15,2018-07-24,122,13210,13332
15,2018-07-25,110,13384,13494
15,2018-07-26,114,14201,14315
15,2018-07-27,86,14096,14182
15,2018-07-28,39,10648,10687
15,2018-07-29,16,9546,9562
15,2018-07-30,81,12550,12631
15,2018-07-31,56,12970,13026
15,2018-08-01,59,13091,13150
15,2018-08-02,66,13462,13528
15,2018-08-03,51,13080,13131
15,2018-08-04,49,10194,10243
15,2018-08-05,15,9268,9283
15,2018-08-06,52,11659,11711
15,2018-08-07,51,11208,11259
15,2018-08-08,68,12159,12227
15,2018-08-09,52,11569,11621
15,2018-08-10,45,12714,12759
15,2018-08-11,31,9712,9743
15,2018-08-12,12,8642,8654
15,2018-08-13,45,10544,10589
15,2018-08-14,63,11257,11320
15,2018-08-15,21,8104,8125
15,2018-08-16,39,10975,11014
15,2018-08-17,57,11891,11948
15,2018-08-18,31,9166,9197
15,2018-08-19,17,8708,8725
15,2018-08-20,61,11833,11894
15,2018-08-21,68,11953,12021
15,2018-08-22,65,12233,12298
15,2018-08-23,73,12559,12632
15,2018-08-24,56,13741,13797
15,2018-08-25,47,10118,10165
15,2018-08-26,26,9249,9275
15,2018-08-27,87,13169,13256
15,2018-08-28,88,13769,13857
15,2018-08-29,93,13018,13111
15,2018-08-30,82,14972,15054
15,2018-08-31,114,15692,15806
15,2018-09-01,89,13806,13895
15,2018-09-02,13,10314,10327
15,2018-09-03,112,12967,13079
15,2018-09-04,106,14028,14134
15,2018-09-05,100,14339,14439
15,2018-09-06,115,14818,14933
15,2018-09-07,111,14802,14913
15,2018-09-08,45,11430,11475
15,2018-09-09,10,10183,10193
15,2018-09-10,128,13500,13628
15,2018-09-11,92,13744,13836
15,2018-09-12,134,13739,13873
15,2018-09-13,128,13659,13787
15,2018-09-14,128,14827,14955
15,2018-09-15,54,11227,11281
15,2018-09-16,18,9740,9758
15,2018-09-17,161,13112,13273
15,2018-09-18,154,13966,14120
15,2018-09-19,105,14044,14149
15,2018-09-20,79,14088,14167
15,2018-09-21,91,14585,14676
15,2018-09-22,55,10894,10949
15,2018-09-23,12,8966,8978
15,2018-09-24,127,13668,13795
15,2018-09-25,95,14253,14348
15,2018-09-26,107,14484,14591
15,2018-09-27,101,15140,15241
15,2018-09-28,106,15907,16013
15,2018-09-29,61,12135,12196
15,2018-09-30,31,11786,11817
15,2018-10-01,113,14391,14504
15,2018-10-02,117,14817,14934
15,2018-10-03,201,15734,15935
15,2018-10-04,126,15202,15328
15,2018-10-05,118,15710,15828
15,2018-10-06,36,12295,12331
15,2018-10-07,15,10735,10750
15,2018-10-08,103,13881,13984
15,2018-10-09,121,14241,14362
15,2018-10-10,113,14327,14440
15,2018-10-11,102,14650,14752
15,2018-10-12,128,15548,15676
15,2018-10-13,43,11870,11913
15,2018-10-14,25,10875,10900
15,2018-10-15,102,13824,13926
15,2018-10-16,106,14220,14326
15,2018-10-17,119,14102,14221
15,2018-10-18,112,14763,14875
15,2018-10-19,130,15975,16105
15,2018-10-20,71,11853,11924
15,2018-10-21,14,10539,10553
15,2018-10-22,96,13392,13488
15,2018-10-23,123,13588,13711
15,2018-10-24,117,13698,13815
15,2018-10-25,84,14330,14414
15,2018-10-26,111,15114,15225
15,2018-10-27,52,11517,11569
15,2018-10-28,23,10424,10447
15,2018-10-29,119,13973,14092
15,2018-10-30,94,14284,14378
15,2018-11-01,13,10015,10028
15,2018-11-02,43,13256,13299
15,2018-11-03,42,11573,11615
15,2018-11-04,16,10748,10764
15,2018-11-05,101,14663,14764
15,2018-11-06,122,14972,15094
15,2018-11-07,106,15315,15421
15,2018-11-08,91,14868,14959
15,2018-11-09,112,15951,16063
15,2018-11-10,55,13150,13205
15,2018-11-11,17,11445,11462
15,2018-11-12,106,13950,14056
15,2018-11-13,109,14664,14773
15,2018-11-14,103,14675,14778
15,2018-11-15,86,15114,15200
15,2018-11-16,138,16752,16890
15,2018-11-17,32,7466,7498
15,2018-11-18,13,10191,10204
15,2018-11-19,104,13643,13747
15,2018-11-20,130,14347,14477
15,2018-11-21,123,14215,14338
15,2018-11-22,111,14731,14842
15,2018-11-23,86,15656,15742
15,2018-11-24,22,10939,10961
15,2018-11-25,18,10727,10745
15,2018-11-26,127,13928,14055
15,2018-11-27,106,14110,14216
15,2018-11-28,118,14660,14778
15,2018-11-29,91,15469,15560
15,2018-11-30,119,16921,17040
15,2018-12-01,28,11172,11200
15,2018-12-02,7,10405,10412
15,2018-12-03,97,14253,14350
15,2018-12-04,119,15456,15575
15,2018-12-05,111,15753,15864
15,2018-12-06,89,16123,16212
15,2018-12-07,86,15836,15922
15,2018-12-08,26,10393,10419
15,2018-12-12,103,14005,14108
15,2018-12-13,114,15012,15126
15,2018-12-18,98,14345,14443
15,2018-12-19,79,14562,14641
15,2018-12-20,58,15497,15555
15,2018-12-21,65,16144,16209
15,2018-12-22,29,11311,11340
15,2018-12-23,5,9687,9692
15,2018-12-24,20,10286,10306
15,2018-12-25,6,4577,4583
15,2018-12-26,19,7205,7224
15,2018-12-27,37,11396,11433
15,2018-12-28,31,12200,12231
15,2018-12-29,30,10401,10431
15,2018-12-30,6,9393,9399
15,2018-12-31,25,10482,10507
16,2018-01-01,4,6342,6346
16,2018-01-02,70,12645,12715
16,2018-01-03,104,12793,12897
16,2018-01-05,78,14743,14821
16,2018-01-06,60,13527,13587
16,2018-01-07,20,9834,9854
16,2018-01-08,90,14445,14535
16,2018-01-09,98,14786,14884
16,2018-01-10,90,15592,15682
16,2018-01-12,95,15657,15752
16,2018-01-13,75,14285,14360
16,2018-01-14,13,10631,10644
16,2018-01-15,88,15062,15150
16,2018-01-16,79,15151,15230
16,2018-01-17,81,14283,14364
16,2018-01-18,72,14853,14925
16,2018-01-19,79,15937,16016
16,2018-01-20,40,13121,13161
16,2018-01-21,15,9893,9908
16,2018-01-22,90,15176,15266
16,2018-01-23,86,14733,14819
16,2018-01-24,79,14865,14944
16,2018-01-26,78,16096,16174
16,2018-01-27,72,14144,14216
16,2018-01-28,7,10300,10307
16,2018-01-29,81,14741,14822
16,2018-01-30,86,15310,15396
16,2018-01-31,62,15339,15401
16,2018-02-01,75,15354,15429
16,2018-02-02,77,16035,16112
16,2018-02-03,72,14628,14700
16,2018-02-04,11,9938,9949
16,2018-02-05,96,14405,14501
16,2018-02-06,64,13564,13628
16,2018-02-07,88,14747,14835
16,2018-02-09,93,15810,15903
16,2018-02-10,68,13650,13718
16,2018-02-11,10,9164,9174
16,2018-02-12,85,14628,14713
16,2018-02-13,92,15188,15280
16,2018-02-14,86,15652,15738
16,2018-02-15,75,14522,14597
16,2018-02-16,90,16034,16124
16,2018-02-17,64,13956,14020
16,2018-02-18,13,10918,10931
16,2018-02-19,111,14530,14641
16,2018-02-20,130,15035,15165
16,2018-02-21,87,15301,15388
16,2018-02-23,89,16377,16466
16,2018-02-24,75,14351,14426
16,2018-02-25,21,10099,10120
16,2018-02-26,94,14219,14313
16,2018-02-27,91,14581,14672
16,2018-02-28,108,14846,14954
16,2018-03-01,99,14786,14885
16,2018-03-02,88,13029,13117
16,2018-03-03,68,13844,13912
16,2018-03-04,12,10489,10501
16,2018-03-05,100,15207,15307
16,2018-03-06,96,15445,15541
16,2018-03-07,72,14662,14734
16,2018-03-09,106,16068,16174
16,2018-03-10,70,15406,15476
16,2018-03-11,21,10994,11015
16,2018-03-12,89,14888,14977
16,2018-03-13,77,15108,15185
16,2018-03-14,85,15963,16048
16,2018-03-15,113,14839,14952
16,2018-03-16,88,16687,16775
16,2018-03-17,70,14638,14708
16,2018-03-18,19,8980,8999
16,2018-03-19,99,14650,14749
16,2018-03-20,90,15214,15304
16,2018-03-21,100,15779,15879
16,2018-03-22,81,14773,14854
16,2018-03-23,93,16303,16396
16,2018-03-24,67,15550,15617
16,2018-03-26,103,15177,15280
16,2018-03-27,81,15116,15197
16,2018-03-28,93,15505,15598
16,2018-03-31,70,15495,15565
16,2018-04-01,9,10391,10400
16,2018-04-02,19,10406,10425
16,2018-04-03,110,16057,16167
16,2018-04-04,110,16586,16696
16,2018-04-05,94,15976,16070
16,2018-04-06,91,17178,17269
16,2018-04-07,68,16425,16493
16,2018-04-08,14,12019,12033
16,2018-04-09,83,15195,15278
16,2018-04-10,102,16406,16508
16,2018-04-11,101,15542,15643
16,2018-04-13,101,16600,16701
16,2018-04-14,68,15794,15862
16,2018-04-15,14,11581,11595
16,2018-04-16,90,15378,15468
16,2018-04-17,95,16055,16150
16,2018-04-18,95,16205,16300
16,2018-04-19,89,16025,16114
16,2018-04-20,96,17728,17824
16,2018-04-21,73,16125,16198
16,2018-04-22,18,12268,12286
16,2018-04-23,88,15769,15857
16,2018-04-24,98,16282,16380
16,2018-04-25,114,15873,15987
16,2018-04-26,91,16333,16424
16,2018-04-28,82,15724,15806
16,2018-04-29,2,10652,10654
16,2018-04-30,96,15440,15536
16,2018-05-01,14,10655,10669
16,2018-05-02,109,17065,17174
16,2018-05-03,92,16754,16846
16,2018-05-04,97,17879,17976
16,2018-05-05,82,16739,16821
16,2018-05-06,13,13049,13062
16,2018-05-07,89,16707,16796
16,2018-05-08,81,18103,18184
16,2018-05-09,99,17805,17904
16,2018-05-10,23,11365,11388
16,2018-05-12,68,15510,15578
16,2018-05-13,10,9822,9832
16,2018-05-14,110,16680,16790
16,2018-05-15,88,16672,16760
16,2018-05-16,87,16566,16653
16,2018-05-17,85,16737,16822
16,2018-05-18,111,18085,18196
16,2018-05-19,57,15612,15669
16,2018-05-20,6,11112,11118
16,2018-05-21,4,11724,11728
16,2018-05-22,86,16686,16772
16,2018-05-23,102,16768,16870
16,2018-05-24,89,16190,16279
16,2018-05-26,61,15790,15851
16,2018-05-27,12,12301,12313
16,2018-05-28,98,16998,17096
16,2018-05-29,134,16434,16568
16,2018-05-30,100,17964,18064
16,2018-05-31,108,18480,18588
16,2018-06-01,96,19300,19396
16,2018-06-02,75,16509,16584
16,2018-06-03,10,12629,12639
16,2018-06-04,106,16932,17038
16,2018-06-05,94,16925,17019
16,2018-06-06,96,17948,18044
16,2018-06-07,94,18168,18262
16,2018-06-09,88,16640,16728
16,2018-06-10,8,12168,12176
16,2018-06-11,86,16222,16308
16,2018-06-12,96,17340,17436
16,2018-06-13,101,16616,16717
16,2018-06-14,88,16655,16743
16,2018-06-15,93,17773,17866
16,2018-06-16,76,15591,15667
16,2018-06-17,10,11805,11815
16,2018-06-18,97,16530,16627
16,2018-06-19,100,16392,16492
16,2018-06-20,83,16035,16118
16,2018-06-21,94,17035,17129
16,2018-06-23,21,15392,15413
16,2018-06-24,15,11756,11771
16,2018-06-25,97,15906,16003
16,2018-06-26,91,16048,16139
16,2018-06-27,97,16303,16400
16,2018-06-28,93,17063,17156
16,2018-06-29,92,17988,18080
16,2018-06-30,69,16109,16178
16,2018-07-01,21,12686,12707
16,2018-07-02,70,14472,14542
16,2018-07-03,91,17228,17319
16,2018-07-04,102,16458,16560
16,2018-07-05,94,17444,17538
16,2018-07-07,79,16393,16472
16,2018-07-08,11,12250,12261
16,2018-07-09,87,15998,16085
16,2018-07-10,102,15955,16057
16,2018-07-11,98,16054,16152
16,2018-07-12,100,16286,16386
16,2018-07-13,91,17005,17096
16,2018-07-14,73,15464,15537
16,2018-07-15,8,10420,10428
16,2018-07-16,88,15137,15225
16,2018-07-17,89,15159,15248
16,2018-07-18,95,15281,15376
16,2018-07-19,81,15690,15771
16,2018-07-20,90,16432,16522
16,2018-07-21,69,14517,14586
16,2018-07-22,14,11223,11237
16,2018-07-23,86,15399,15485
16,2018-07-24,90,15006,15096
16,2018-07-25,95,15374,15469
16,2018-07-26,99,16184,16283
16,2018-07-28,83,13424,13507
16,2018-07-29,21,10212,10233
16,2018-07-30,91,14329,14420
16,2018-07-31,93,14605,14698
16,2018-08-01,110,14558,14668
16,2018-08-02,89,14400,14489
16,2018-08-03,87,14505,14592
16,2018-08-04,60,12094,12154
16,2018-08-05,9,9351,9360
16,2018-08-06,83,12965,13048
16,2018-08-07,96,13166,13262
16,2018-08-08,130,13196,13326
16,2018-08-09,100,13368,13468
16,2018-08-10,90,13562,13652
16,2018-08-11,72,12093,12165
16,2018-08-12,10,9141,9151
16,2018-08-13,98,12256,12354
16,2018-08-14,76,13200,13276
16,2018-08-15,5,8878,8883
16,2018-08-16,88,13026,13114
16,2018-08-17,86,13388,13474
16,2018-08-18,60,12044,12104
16,2018-08-19,9,9825,9834
16,2018-08-20,84,13871,13955
16,2018-08-21,80,14049,14129
16,2018-08-22,70,13666,13736
16,2018-08-23,89,14029,14118
16,2018-08-24,77,14644,14721
16,2018-08-25,67,12950,13017
16,2018-08-26,18,10373,10391
16,2018-08-27,73,14044,14117
16,2018-08-28,89,14494,14583
16,2018-08-29,88,14410,14498
16,2018-08-30,92,15032,15124
16,2018-09-01,65,14909,14974
16,2018-09-02,18,11068,11086
16,2018-09-03,84,14203,14287
16,2018-09-04,77,14676,14753
16,2018-09-05,90,14782,14872
16,2018-09-06,83,15307,15390
16,2018-09-07,87,15961,16048
16,2018-09-08,61,14216,14277
16,2018-09-09,14,11586,11600
16,2018-09-10,83,14682,14765
16,2018-09-11,79,15043,15122
16,2018-09-12,79,15052,15131
16,2018-09-13,88,15279,15367
16,2018-09-15,72,14965,15037
16,2018-09-16,19,11837,11856
16,2018-09-17,85,15010,15095
16,2018-09-18,85,15234,15319
16,2018-09-19,81,15461,15542
16,2018-09-21,85,16225,16310
16,2018-09-22,87,14662,14749
16,2018-09-23,11,9741,9752
16,2018-09-24,96,15232,15328
16,2018-09-25,96,15710,15806
16,2018-09-26,89,15547,15636
16,2018-09-27,82,16331,16413
18,2018-01-01,10,3478,3488
18,2018-01-02,62,9532,9594
18,2018-01-03,92,8902,8994
18,2018-01-05,74,11634,11708
18,2018-01-06,578,12358,12936
18,2018-01-07,95,7510,7605
18,2018-01-08,562,11119,11681
18,2018-01-09,721,11063,11784
18,2018-01-10,980,10560,11540
18,2018-01-12,659,12000,12659
18,2018-01-13,452,11695,12147
18,2018-01-14,90,7754,7844
18,2018-01-15,162,9134,9296
18,2018-01-17,178,10856,11034
18,2018-01-18,98,9762,9860
18,2018-01-19,278,11546,11824
18,2018-01-21,104,7756,7860
18,2018-01-22,904,11654,12558
18,2018-01-23,744,11957,12701
18,2018-01-24,508,10451,10959
18,2018-01-26,654,13456,14110
18,2018-01-27,422,11914,12336
18,2018-01-28,37,7434,7471
18,2018-01-29,562,12291,12853
18,2018-01-30,212,11258,11470
18,2018-01-31,50,8260,8310
18,2018-02-01,176,11232,11408
18,2018-02-02,517,12866,13383
18,2018-02-03,400,11963,12363
18,2018-02-04,102,7151,7253
18,2018-02-05,714,11346,12060
18,2018-02-06,1198,11126,12324
18,2018-02-07,182,8520,8702
18,2018-02-09,686,14527,15213
18,2018-02-10,323,11359,11682
18,2018-02-11,115,6689,6804
18,2018-02-12,771,11468,12239
18,2018-02-13,256,11076,11332
18,2018-02-14,314,10578,10892
18,2018-02-15,1006,11452,12458
18,2018-02-16,674,12325,12999
18,2018-02-17,365,14247,14612
18,2018-02-18,97,7958,8055
18,2018-02-19,718,11236,11954
18,2018-02-20,786,11215,12001
18,2018-02-21,837,10928,11765
18,2018-02-23,903,12545,13448
18,2018-02-24,542,11854,12396
18,2018-02-25,125,7476,7601
18,2018-02-26,829,11512,12341
18,2018-02-27,943,10516,11459
18,2018-02-28,896,10679,11575
18,2018-03-01,943,11454,12397
18,2018-03-02,1020,11462,12482
18,2018-03-03,708,11940,12648
18,2018-03-04,66,7581,7647
18,2018-03-05,684,11327,12011
18,2018-03-06,801,11327,12128
18,2018-03-07,806,9932,10738
18,2018-03-10,446,12465,12911
18,2018-03-11,84,8159,8243
18,2018-03-12,174,10528,10702
18,2018-03-13,140,9752,9892
18,2018-03-14,716,9457,10173
18,2018-03-15,1308,10620,11928
18,2018-03-16,618,13097,13715
18,2018-03-17,423,11537,11960
18,2018-03-18,115,7175,7290
18,2018-03-19,805,10416,11221
18,2018-03-20,909,10891,11800
18,2018-03-21,974,11868,12842
18,2018-03-22,664,11635,12299
18,2018-03-23,724,13222,13946
18,2018-03-24,518,12920,13438
18,2018-03-26,821,11054,11875
18,2018-03-27,547,10900,11447
18,2018-03-28,144,10010,10154
18,2018-03-31,120,11568,11688
18,2018-04-01,55,7296,7351
18,2018-04-02,132,8764,8896
18,2018-04-03,206,12258,12464
18,2018-04-04,112,10598,10710
18,2018-04-05,236,10556,10792
18,2018-04-06,1210,14446,15656
18,2018-04-07,512,13320,13832
18,2018-04-08,113,8262,8375
18,2018-04-09,706,11665,12371
18,2018-04-10,1220,12860,14080
18,2018-04-11,933,11777,12710
18,2018-04-13,679,13063,13742
18,2018-04-14,518,13117,13635
18,2018-04-15,84,8694,8778
18,2018-04-16,733,12088,12821
18,2018-04-17,258,10688,10946
18,2018-04-18,793,11882,12675
18,2018-04-19,713,12403,13116
18,2018-04-20,716,13322,14038
18,2018-04-21,485,13299,13784
18,2018-04-22,100,9351,9451
18,2018-04-24,834,12220,13054
18,2018-04-25,886,9340,10226
18,2018-04-27,368,13322,13690
18,2018-04-28,536,12796,13332
18,2018-04-29,112,8544,8656
18,2018-04-30,152,11280,11432
18,2018-05-01,255,8737,8992
18,2018-05-02,747,11874,12621
18,2018-05-03,811,12429,13240
18,2018-05-04,583,13967,14550
18,2018-05-05,597,13792,14389
18,2018-05-06,92,9542,9634
18,2018-05-07,686,12407,13093
18,2018-05-08,616,13083,13699
18,2018-05-09,745,13960,14705
18,2018-05-11,842,14551,15393
18,2018-05-12,597,11696,12293
18,2018-05-13,134,9202,9336
18,2018-05-14,1036,12854,13890
18,2018-05-15,769,12533,13302
18,2018-05-16,1494,12554,14048
18,2018-05-17,844,12305,13149
18,2018-05-18,741,14143,14884
18,2018-05-19,599,11669,12268
18,2018-05-20,98,8868,8966
18,2018-05-21,310,10486,10796
18,2018-05-22,1250,13118,14368
18,2018-05-23,1646,11440,13086
18,2018-05-25,786,13911,14697
18,2018-05-26,590,13417,14007
18,2018-05-27,91,9209,9300
18,2018-05-28,1230,13104,14334
18,2018-05-29,1264,13392,14656
18,2018-05-30,1500,13780,15280
18,2018-05-31,1546,13612,15158
18,2018-06-01,636,13357,13993
18,2018-06-02,533,13174,13707
18,2018-06-03,81,9181,9262
18,2018-06-04,1180,12772,13952
18,2018-06-05,816,12359,13175
18,2018-06-06,1886,12780,14666
18,2018-06-08,676,13673,14349
18,2018-06-09,770,12194,12964
18,2018-06-10,116,9178,9294
18,2018-06-11,850,10552,11402
18,2018-06-12,982,10782,11764
18,2018-06-13,785,11543,12328
18,2018-06-14,705,12001,12706
18,2018-06-15,672,13167,13839
18,2018-06-16,512,11601,12113
18,2018-06-17,93,8830,8923
18,2018-06-18,679,11736,12415
18,2018-06-19,724,12022,12746
18,2018-06-20,742,12041,12783
18,2018-06-22,734,13703,14437
18,2018-06-23,535,12523,13058
18,2018-06-24,105,9166,9271
18,2018-06-25,736,11855,12591
18,2018-06-26,781,12548,13329
18,2018-06-27,807,12244,13051
18,2018-06-28,800,12995,13795
18,2018-06-29,800,14397,15197
18,2018-06-30,476,13812,14288
18,2018-07-01,95,9906,10001
18,2018-07-02,712,12347,13059
18,2018-07-03,817,11959,12776
18,2018-07-04,1632,12396,14028
18,2018-07-06,709,13253,13962
18,2018-07-07,470,13444,13914
18,2018-07-08,135,9463,9598
18,2018-07-09,728,12185,12913
18,2018-07-10,766,11245,12011
18,2018-07-11,862,11446,12308
18,2018-07-12,915,12094,13009
18,2018-07-13,693,12584,13277
18,2018-07-14,282,11720,12002
18,2018-07-15,108,8626,8734
18,2018-07-16,868,11854,12722
18,2018-07-17,882,12216,13098
18,2018-07-18,866,10890,11756
18,2018-07-20,619,12482,13101
18,2018-07-21,399,12389,12788
18,2018-07-22,102,8324,8426
18,2018-07-23,717,11668,12385
18,2018-07-24,800,10966,11766
18,2018-07-25,386,10744,11130
18,2018-07-26,813,12556,13369
18,2018-07-27,625,12725,13350
18,2018-07-28,322,11688,12010
18,2018-07-29,105,8625,8730
18,2018-07-30,662,11324,11986
18,2018-07-31,236,9448,9684
18,2018-08-01,749,11539,12288
18,2018-08-03,1016,13164,14180
18,2018-08-04,340,10843,11183
18,2018-08-05,96,8237,8333
18,2018-08-06,609,10485,11094
18,2018-08-07,709,10906,11615
18,2018-08-10,653,11901,12554
18,2018-08-11,342,10947,11289
18,2018-08-12,106,7685,7791
18,2018-08-15,298,8261,8559
18,2018-08-16,529,10445,10974
18,2018-08-17,910,12498,13408
18,2018-08-18,348,10750,11098
18,2018-08-19,94,7688,7782
18,2018-08-21,703,10999,11702
18,2018-08-22,663,11182,11845
18,2018-08-23,612,11543,12155
18,2018-08-24,606,12177,12783
18,2018-08-25,406,11449,11855
18,2018-08-26,108,8071,8179
18,2018-08-27,172,10676,10848
18,2018-08-28,654,11322,11976
18,2018-08-29,954,11562,12516
18,2018-08-31,677,13362,14039
18,2018-09-01,448,13087,13535
18,2018-09-02,102,8605,8707
18,2018-09-03,681,11401,12082
18,2018-09-04,744,11777,12521
18,2018-09-07,738,13260,13998
18,2018-09-08,513,12479,12992
18,2018-09-09,93,8754,8847
18,2018-09-10,713,11661,12374
18,2018-09-11,720,10844,11564
18,2018-09-12,840,9953,10793
18,2018-09-14,736,13362,14098
18,2018-09-15,555,12899,13454
18,2018-09-16,106,9170,9276
18,2018-09-17,681,12009,12690
18,2018-09-18,799,11462,12261
18,2018-09-19,834,12148,12982
18,2018-09-20,272,10036,10308
18,2018-09-21,244,11796,12040
18,2018-09-22,228,10572,10800
18,2018-09-23,116,6668,6784
18,2018-09-24,759,11737,12496
18,2018-09-25,803,11516,12319
18,2018-09-26,823,10800,11623
18,2018-09-28,720,13136,13856
18,2018-09-29,519,13303,13822
18,2018-09-30,96,9342,9438
18,2018-10-01,806,12486,13292
18,2018-10-02,723,12077,12800
18,2018-10-03,813,8763,9576
18,2018-10-04,768,11972,12740
18,2018-10-05,786,13041,13827
18,2018-10-06,487,12543,13030
18,2018-10-07,131,8643,8774
18,2018-10-08,764,11390,12154
18,2018-10-09,795,11593,12388
18,2018-10-10,923,7980,8903
18,2018-10-12,753,13378,14131
18,2018-10-13,510,13474,13984
18,2018-10-14,103,9019,9122
18,2018-10-15,651,11366,12017
18,2018-10-16,1432,12120,13552
18,2018-10-17,865,10856,11721
18,2018-10-18,1424,11888,13312
18,2018-10-19,501,12097,12598
18,2018-10-20,485,12591,13076
18,2018-10-21,111,8733,8844
18,2018-10-22,1300,11680,12980
18,2018-10-23,224,9924,10148
18,2018-10-24,910,10164,11074
18,2018-10-26,833,13164,13997
18,2018-10-27,606,13320,13926
18,2018-10-28,146,8226,8372
18,2018-10-29,1224,13098,14322
18,2018-10-31,857,11896,12753
18,2018-11-02,616,11802,12418
18,2018-11-03,460,12987,13447
18,2018-11-04,112,8899,9011
18,2018-11-05,713,11037,11750
18,2018-11-06,829,11539,12368
18,2018-11-07,866,9567,10433
18,2018-11-09,814,13086,13900
18,2018-11-10,82,6168,6250
18,2018-11-11,133,8199,8332
18,2018-11-12,1004,12620,13624
18,2018-11-13,757,9814,10571
18,2018-11-14,915,9881,10796
18,2018-11-15,1634,12384,14018
18,2018-11-16,852,12740,13592
18,2018-11-17,608,11449,12057
18,2018-11-18,143,8838,8981
18,2018-11-19,988,10654,11642
18,2018-11-20,1724,13078,14802
18,2018-11-21,1852,10726,12578
18,2018-11-23,804,12875,13679
18,2018-11-24,800,11314,12114
18,2018-11-25,98,8202,8300
18,2018-11-26,747,10529,11276
18,2018-11-27,1298,10540,11838
18,2018-11-28,878,9541,10419
18,2018-11-30,757,11764,12521
18,2018-12-01,473,11537,12010
18,2018-12-02,4,7232,7236
18,2018-12-04,1220,11086,12306
18,2018-12-05,1838,11368,13206
18,2018-12-06,777,9412,10189
18,2018-12-07,116,10316,10432
18,2018-12-08,62,7598,7660
18,2018-12-10,667,10497,11164
18,2018-12-11,940,9149,10089
18,2018-12-12,895,10063,10958
18,2018-12-14,877,12311,13188
18,2018-12-15,539,11221,11760
18,2018-12-16,138,7598,7736
18,2018-12-17,596,10830,11426
18,2018-12-18,723,10535,11258
18,2018-12-19,517,10650,11167
18,2018-12-20,96,10360,10456
18,2018-12-21,76,10494,10570
18,2018-12-22,154,11084,11238
18,2018-12-23,6,7688,7694
18,2018-12-25,60,5261,5321
18,2018-12-26,174,9306,9480
18,2018-12-27,330,10595,10925
18,2018-12-28,301,10899,11200
18,2018-12-29,184,10478,10662
18,2018-12-30,39,7722,7761
18,2018-12-31,151,10415,10566
20,2018-01-01,6,2127,2133
20,2018-01-02,58,6329,6387
20,2018-01-03,99,7249,7348
20,2018-01-04,75,7734,7809
20,2018-01-05,85,8100,8185
20,2018-01-06,37,5059,5096
20,2018-01-07,16,3494,3510
20,2018-01-08,133,8558,8691
20,2018-01-09,160,8718,8878
20,2018-01-10,149,8582,8731
20,2018-01-11,149,8866,9015
20,2018-01-12,145,9170,9315
20,2018-01-13,50,5684,5734
20,2018-01-14,19,3612,3631
20,2018-01-15,138,8515,8653
20,2018-01-16,156,8717,8873
20,2018-01-17,136,8428,8564
20,2018-01-18,124,8778,8902
20,2018-01-19,165,9231,9396
20,2018-01-20,33,5049,5082
20,2018-01-21,16,3473,3489
20,2018-01-22,124,8329,8453
20,2018-01-23,159,8879,9038
20,2018-01-24,124,8635,8759
20,2018-01-25,163,8906,9069
20,2018-01-26,182,9512,9694
20,2018-01-27,45,5569,5614
20,2018-01-28,19,3712,3731
20,2018-01-29,134,8540,8674
20,2018-01-30,188,9480,9668
20,2018-01-31,142,8681,8823
20,2018-02-01,167,8946,9113
20,2018-02-02,132,9136,9268
20,2018-02-03,38,5523,5561
20,2018-02-04,10,3351,3361
20,2018-02-05,133,8461,8594
20,2018-02-06,135,7795,7930
20,2018-02-07,131,8455,8586
20,2018-02-08,159,9027,9186
20,2018-02-09,167,8978,9145
20,2018-02-10,34,5018,5052
20,2018-02-11,18,3067,3085
20,2018-02-12,111,7463,7574
20,2018-02-13,141,8124,8265
20,2018-02-14,136,8057,8193
20,2018-02-15,146,8482,8628
20,2018-02-16,115,8822,8937
20,2018-02-17,37,4985,5022
20,2018-02-18,21,3493,3514
20,2018-02-19,145,8284,8429
20,2018-02-20,152,8659,8811
20,2018-02-21,198,8697,8895
20,2018-02-22,221,9285,9506
20,2018-02-23,173,9582,9755
20,2018-02-24,40,5777,5817
20,2018-02-25,22,3770,3792
20,2018-02-26,140,8569,8709
20,2018-02-27,152,8999,9151
20,2018-02-28,167,8840,9007
20,2018-03-01,142,9006,9148
20,2018-03-02,132,8341,8473
20,2018-03-03,60,5313,5373
20,2018-03-04,16,3567,3583
20,2018-03-05,134,8329,8463
20,2018-03-06,173,8832,9005
20,2018-03-07,135,8654,8789
20,2018-03-08,150,9033,9183
20,2018-03-09,168,9275,9443
20,2018-03-10,36,5671,5707
20,2018-03-11,14,3738,3752
20,2018-03-12,165,8617,8782
20,2018-03-13,141,8799,8940
20,2018-03-14,168,8861,9029
20,2018-03-15,174,9045,9219
20,2018-03-16,166,9627,9793
20,2018-03-17,42,5297,5339
20,2018-03-18,19,3373,3392
20,2018-03-19,179,8510,8689
20,2018-03-20,179,8868,9047
20,2018-03-21,175,8727,8902
20,2018-03-22,180,9082,9262
20,2018-03-23,171,9647,9818
20,2018-03-24,55,5807,5862
20,2018-03-26,192,9731,9923
20,2018-03-27,202,9104,9306
20,2018-03-28,170,9133,9303
20,2018-03-29,189,9652,9841
20,2018-03-30,282,11475,11757
20,2018-03-31,66,5850,5916
20,2018-04-01,17,3608,3625
20,2018-04-02,30,3540,3570
20,2018-04-03,141,8541,8682
20,2018-04-04,147,8471,8618
20,2018-04-05,165,8618,8783
20,2018-04-06,197,8993,9190
20,2018-04-07,50,5242,5292
20,2018-04-08,35,4294,4329
20,2018-04-09,213,8665,8878
20,2018-04-10,174,7798,7972
20,2018-04-11,215,7804,8019
20,2018-04-12,218,8316,8534
20,2018-04-13,218,9100,9318
20,2018-04-14,103,5667,5770
20,2018-04-15,56,4114,4170
20,2018-04-16,186,9077,9263
20,2018-04-17,219,9188,9407
20,2018-04-18,188,8814,9002
20,2018-04-19,205,9224,9429
20,2018-04-20,176,9670,9846
20,2018-04-21,53,5996,6049
20,2018-04-22,23,4193,4216
20,2018-04-23,194,8647,8841
20,2018-04-24,210,9100,9310
20,2018-04-25,168,9059,9227
20,2018-04-26,197,9521,9718
20,2018-04-27,246,10318,10564
20,2018-04-28,83,5914,5997
20,2018-04-29,42,4154,4196
20,2018-04-30,108,8045,8153
20,2018-05-01,37,3986,4023
20,2018-05-02,200,9345,9545
20,2018-05-03,187,9953,10140
20,2018-05-04,205,10132,10337
20,2018-05-05,76,6093,6169
20,2018-05-06,28,4677,4705
20,2018-05-07,185,8747,8932
20,2018-05-08,235,9377,9612
20,2018-05-09,216,9957,10173
20,2018-05-10,45,4657,4702
20,2018-05-11,136,8554,8690
20,2018-05-12,55,6029,6084
20,2018-05-13,27,4170,4197
20,2018-05-14,152,8959,9111
20,2018-05-15,188,9403,9591
20,2018-05-16,179,9469,9648
20,2018-05-17,200,9880,10080
20,2018-05-18,224,9916,10140
20,2018-05-19,72,5772,5844
20,2018-05-20,30,3803,3833
20,2018-05-21,23,3821,3844
20,2018-05-22,213,9095,9308
20,2018-05-23,241,9378,9619
20,2018-05-24,193,9595,9788
20,2018-05-25,182,9982,10164
20,2018-05-26,150,9815,9965
20,2018-05-27,24,4595,4619
20,2018-05-28,150,8980,9130
20,2018-05-29,170,9213,9383
20,2018-05-30,178,9282,9460
20,2018-05-31,212,10593,10805
20,2018-06-01,176,9884,10060
20,2018-06-02,62,5885,5947
20,2018-06-03,23,4620,4643
20,2018-06-04,218,8732,8950
20,2018-06-05,166,9301,9467
20,2018-06-06,187,8963,9150
20,2018-06-07,181,9382,9563
20,2018-06-08,171,9878,10049
20,2018-06-09,51,5949,6000
20,2018-06-10,15,4062,4077
20,2018-06-11,191,8730,8921
20,2018-06-12,140,9277,9417
20,2018-06-13,140,9071,9211
20,2018-06-14,192,9559,9751
20,2018-06-15,180,9733,9913
20,2018-06-16,54,5891,5945
20,2018-06-17,20,4076,4096
20,2018-06-18,166,8637,8803
20,2018-06-19,189,9272,9461
20,2018-06-20,192,9044,9236
20,2018-06-21,187,9586,9773
20,2018-06-22,186,9654,9840
20,2018-06-23,56,5570,5626
20,2018-06-24,30,4267,4297
20,2018-06-25,185,8760,8945
20,2018-06-26,191,9297,9488
20,2018-06-27,232,9305,9537
20,2018-06-28,214,10081,10295
20,2018-06-29,212,10173,10385
20,2018-06-30,69,5868,5937
20,2018-07-01,34,4625,4659
20,2018-07-02,185,8920,9105
20,2018-07-03,224,9082,9306
20,2018-07-04,187,8810,8997
20,2018-07-05,179,9087,9266
20,2018-07-06,195,9383,9578
20,2018-07-07,71,5615,5686
20,2018-07-08,40,4214,4254
20,2018-07-09,165,8505,8670
20,2018-07-10,197,9543,9740
20,2018-07-11,152,9073,9225
20,2018-07-12,189,9470,9659
20,2018-07-13,209,9597,9806
20,2018-07-14,122,8175,8297
20,2018-07-15,25,3934,3959
20,2018-07-16,172,8834,9006
20,2018-07-17,209,9283,9492
20,2018-07-18,214,9027,9241
20,2018-07-19,191,9440,9631
20,2018-07-20,160,9736,9896
20,2018-07-21,54,5814,5868
20,2018-07-22,39,3827,3866
20,2018-07-23,156,8752,8908
20,2018-07-24,176,8947,9123
20,2018-07-25,165,8926,9091
20,2018-07-26,158,9392,9550
20,2018-07-27,117,9313,9430
20,2018-07-28,51,5508,5559
20,2018-07-29,31,3755,3786
20,2018-07-30,123,8174,8297
20,2018-07-31,131,8301,8432
20,2018-08-01,134,8434,8568
20,2018-08-02,116,8547,8663
20,2018-08-03,112,8663,8775
20,2018-08-04,45,5638,5683
20,2018-08-05,37,4623,4660
20,2018-08-06,122,7400,7522
20,2018-08-07,120,7516,7636
20,2018-08-08,143,7917,8060
20,2018-08-09,115,7966,8081
20,2018-08-10,106,8238,8344
20,2018-08-11,51,4803,4854
20,2018-08-12,21,3558,3579
20,2018-08-13,122,7320,7442
20,2018-08-14,119,7739,7858
20,2018-08-15,47,3424,3471
20,2018-08-16,114,7998,8112
20,2018-08-17,129,8507,8636
20,2018-08-18,58,5094,5152
20,2018-08-19,41,3894,3935
20,2018-08-20,147,8126,8273
20,2018-08-21,146,8371,8517
20,2018-08-22,148,8122,8270
20,2018-08-23,169,8232,8401
20,2018-08-24,144,8377,8521
20,2018-08-25,62,5264,5326
20,2018-08-26,31,3810,3841
20,2018-08-27,156,7818,7974
20,2018-08-28,169,8847,9016
20,2018-08-29,201,8678,8879
20,2018-08-30,198,8962,9160
20,2018-08-31,180,9782,9962
20,2018-09-01,83,6068,6151
20,2018-09-02,35,4297,4332
20,2018-09-03,168,8853,9021
20,2018-09-04,195,9316,9511
20,2018-09-05,177,8734,8911
20,2018-09-06,162,9670,9832
20,2018-09-07,223,10348,10571
20,2018-09-08,84,6185,6269
20,2018-09-09,87,4582,4669
20,2018-09-10,204,9480,9684
20,2018-09-11,283,9603,9886
20,2018-09-12,190,9690,9880
20,2018-09-13,203,10231,10434
20,2018-09-14,217,10639,10856
20,2018-09-15,177,10779,10956
20,2018-09-16,60,6028,6088
20,2018-09-17,296,12587,12883
20,2018-09-18,358,13232,13590
20,2018-09-19,328,13013,13341
20,2018-09-20,331,13550,13881
20,2018-09-21,384,14902,15286
20,2018-09-22,115,9275,9390
20,2018-09-23,58,5200,5258
20,2018-09-24,293,12639,12932
20,2018-09-25,324,13234,13558
20,2018-09-26,406,13416,13822
20,2018-09-27,448,14163,14611
20,2018-09-28,390,14747,15137
20,2018-09-29,137,9774,9911
20,2018-09-30,68,5961,6029
20,2018-10-01,339,12877,13216
20,2018-10-02,348,13505,13853
20,2018-10-03,448,13512,13960
20,2018-10-04,333,13765,14098
20,2018-10-05,362,14197,14559
20,2018-10-06,109,9094,9203
20,2018-10-07,35,5076,5111
20,2018-10-08,254,11562,11816
20,2018-10-09,287,12020,12307
20,2018-10-10,264,11845,12109
20,2018-10-11,324,12011,12335
20,2018-10-12,332,12751,13083
20,2018-10-13,86,8160,8246
20,2018-10-14,28,5227,5255
20,2018-10-15,323,11327,11650
20,2018-10-16,304,11636,11940
20,2018-10-17,263,11286,11549
20,2018-10-18,303,11832,12135
20,2018-10-19,308,12789,13097
20,2018-10-20,181,8083,8264
20,2018-10-21,27,5348,5375
20,2018-10-22,283,10683,10966
20,2018-10-23,291,11541,11832
20,2018-10-24,289,11067,11356
20,2018-10-25,318,11573,11891
20,2018-10-26,316,12249,12565
20,2018-10-27,116,7948,8064
20,2018-10-28,29,5066,5095
20,2018-10-29,645,12772,13417
20,2018-10-30,274,11012,11286
20,2018-11-01,61,4572,4633
20,2018-11-02,247,10400,10647
20,2018-11-03,69,7051,7120
20,2018-11-04,35,5233,5268
20,2018-11-05,276,11021,11297
20,2018-11-06,287,11279,11566
20,2018-11-07,283,12560,12843
20,2018-11-08,277,12798,13075
20,2018-11-09,296,12416,12712
20,2018-11-10,79,7829,7908
20,2018-11-11,15,4435,4450
20,2018-11-12,274,11069,11343
20,2018-11-13,286,11392,11678
20,2018-11-14,307,11253,11560
20,2018-11-15,291,11757,12048
20,2018-11-16,243,12022,12265
20,2018-11-17,86,7451,7537
20,2018-11-18,24,4767,4791
20,2018-11-19,259,10617,10876
20,2018-11-20,307,11342,11649
20,2018-11-21,315,10847,11162
20,2018-11-22,337,11641,11978
20,2018-11-23,296,13152,13448
20,2018-11-24,59,7731,7790
20,2018-11-25,27,4999,5026
20,2018-11-26,229,10689,10918
20,2018-11-27,286,11017,11303
20,2018-11-28,306,10899,11205
20,2018-11-29,264,11517,11781
20,2018-11-30,310,12322,12632
20,2018-12-01,74,7692,7766
20,2018-12-02,14,4423,4437
20,2018-12-03,226,10771,10997
20,2018-12-04,279,11239,11518
20,2018-12-05,290,10775,11065
20,2018-12-06,271,11551,11822
20,2018-12-07,257,11990,12247
20,2018-12-08,52,7674,7726
20,2018-12-09,22,4645,4667
20,2018-12-10,318,10798,11116
20,2018-12-11,304,11188,11492
20,2018-12-12,390,11439,11829
20,2018-12-13,242,11604,11846
20,2018-12-14,254,11456,11710
20,2018-12-15,67,6919,6986
20,2018-12-16,22,4022,4044
20,2018-12-17,162,9917,10079
20,2018-12-18,208,10594,10802
20,2018-12-19,235,10257,10492
20,2018-12-20,174,10786,10960
20,2018-12-21,131,10803,10934
20,2018-12-22,39,6664,6703
20,2018-12-23,14,4132,4146
20,2018-12-24,65,6334,6399
20,2018-12-25,28,2485,2513
20,2018-12-26,36,4132,4168
20,2018-12-27,79,7142,7221
20,2018-12-28,87,7254,7341
20,2018-12-29,36,5296,5332
20,2018-12-30,21,3650,3671
20,2018-12-31,37,5952,5989
21,2018-01-01,36,2105,2141
21,2018-01-02,430,7871,8301
21,2018-01-03,435,8118,8553
21,2018-01-04,459,8410,8869
21,2018-01-05,502,9673,10175
21,2018-01-06,218,6198,6416
21,2018-01-07,43,3718,3761
21,2018-01-08,640,9722,10362
21,2018-01-09,723,10196,10919
21,2018-01-10,693,9778,10471
21,2018-01-11,670,10180,10850
21,2018-01-12,722,10242,10964
21,2018-01-13,280,6741,7021
21,2018-01-14,49,3926,3975
21,2018-01-15,590,9184,9774
21,2018-01-16,576,10031,10607
21,2018-01-17,643,9670,10313
21,2018-01-18,595,9993,10588
21,2018-01-19,627,10446,11073
21,2018-01-20,246,6037,6283
21,2018-01-21,51,3690,3741
21,2018-01-22,597,8982,9579
21,2018-01-23,626,9866,10492
21,2018-01-24,570,9664,10234
21,2018-01-25,558,9256,9814
21,2018-01-26,601,10558,11159
21,2018-01-27,260,6840,7100
21,2018-01-28,35,3706,3741
21,2018-01-29,635,9893,10528
21,2018-01-30,666,10040,10706
21,2018-01-31,531,8811,9342
21,2018-02-01,648,10635,11283
21,2018-02-02,662,10233,10895
21,2018-02-03,265,6744,7009
21,2018-02-04,70,3680,3750
21,2018-02-05,699,9699,10398
21,2018-02-06,615,9294,9909
21,2018-02-07,674,9859,10533
21,2018-02-08,659,10717,11376
21,2018-02-09,676,10460,11136
21,2018-02-10,267,6178,6445
21,2018-02-11,52,3201,3253
21,2018-02-12,596,8448,9044
21,2018-02-13,656,9206,9862
21,2018-02-14,646,8992,9638
21,2018-02-15,616,8859,9475
21,2018-02-16,538,9875,10413
21,2018-02-17,282,6078,6360
21,2018-02-18,52,3795,3847
21,2018-02-19,699,9549,10248
21,2018-02-20,693,10066,10759
21,2018-02-21,719,10237,10956
21,2018-02-22,731,10495,11226
21,2018-02-23,695,10622,11317
21,2018-02-24,303,6971,7274
21,2018-02-25,49,4058,4107
21,2018-02-26,708,9904,10612
21,2018-02-27,709,10381,11090
21,2018-02-28,689,9914,10603
21,2018-03-01,724,10498,11222
21,2018-03-02,638,9785,10423
21,2018-03-03,273,6848,7121
21,2018-03-04,41,3924,3965
21,2018-03-05,655,9886,10541
21,2018-03-06,649,9952,10601
21,2018-03-07,619,9841,10460
21,2018-03-08,622,9916,10538
21,2018-03-09,600,10019,10619
21,2018-03-10,261,6799,7060
21,2018-03-11,47,4099,4146
21,2018-03-12,571,9813,10384
21,2018-03-13,630,10157,10787
21,2018-03-14,679,10472,11151
21,2018-03-15,665,10260,10925
21,2018-03-16,627,10822,11449
21,2018-03-17,315,6883,7198
21,2018-03-18,51,3821,3872
21,2018-03-19,668,9757,10425
21,2018-03-20,706,10088,10794
21,2018-03-21,749,10214,10963
21,2018-03-22,679,10315,10994
21,2018-03-23,721,10882,11603
21,2018-03-24,288,7287,7575
21,2018-03-26,666,10042,10708
21,2018-03-27,666,10445,11111
21,2018-03-28,615,9896,10511
21,2018-03-29,704,10883,11587
21,2018-03-30,738,11684,12422
21,2018-03-31,329,7383,7712
21,2018-04-01,73,3669,3742
21,2018-04-02,78,3679,3757
21,2018-04-03,654,9685,10339
21,2018-04-04,592,9104,9696
21,2018-04-05,712,9774,10486
21,2018-04-06,693,9959,10652
21,2018-04-07,304,6303,6607
21,2018-04-08,63,4097,4160
21,2018-04-09,766,9532,10298
21,2018-04-10,713,9765,10478
21,2018-04-11,694,9975,10669
21,2018-04-12,693,10148,10841
21,2018-04-13,700,10251,10951
21,2018-04-14,324,6764,7088
21,2018-04-15,63,4285,4348
21,2018-04-16,600,9958,10558
21,2018-04-17,698,10670,11368
21,2018-04-18,624,10316,10940
21,2018-04-19,665,11008,11673
21,2018-04-20,667,11033,11700
21,2018-04-21,389,7535,7924
21,2018-04-22,52,4556,4608
21,2018-04-23,674,10181,10855
21,2018-04-24,730,10690,11420
21,2018-04-25,675,10533,11208
21,2018-04-26,799,10784,11583
21,2018-04-27,826,11446,12272
21,2018-04-28,299,7028,7327
21,2018-04-29,47,4205,4252
21,2018-04-30,531,9098,9629
21,2018-05-01,62,3349,3411
21,2018-05-02,675,10717,11392
21,2018-05-03,679,10929,11608
21,2018-05-04,681,11272,11953
21,2018-05-05,354,7421,7775
21,2018-05-06,59,4474,4533
21,2018-05-07,663,10226,10889
21,2018-05-08,736,10630,11366
21,2018-05-09,665,10801,11466
21,2018-05-10,74,3958,4032
21,2018-05-11,537,9851,10388
21,2018-05-12,284,6849,7133
21,2018-05-13,48,4395,4443
21,2018-05-14,629,10266,10895
21,2018-05-15,650,10477,11127
21,2018-05-16,651,10465,11116
21,2018-05-17,666,10816,11482
21,2018-05-18,705,11426,12131
21,2018-05-19,320,6782,7102
21,2018-05-20,62,3761,3823
21,2018-05-21,44,3227,3271
21,2018-05-22,651,9785,10436
21,2018-05-23,669,9776,10445
21,2018-05-24,638,10030,10668
21,2018-05-25,687,10271,10958
21,2018-05-26,344,8320,8664
21,2018-05-27,64,4404,4468
21,2018-05-28,672,10646,11318
21,2018-05-29,693,10608,11301
21,2018-05-30,724,10477,11201
21,2018-06-01,676,11383,12059
21,2018-06-02,386,7721,8107
21,2018-06-03,61,4692,4753
21,2018-06-04,716,9988,10704
21,2018-06-05,770,11357,12127
21,2018-06-06,719,11008,11727
21,2018-06-07,725,10939,11664
21,2018-06-08,741,10975,11716
21,2018-06-09,326,7516,7842
21,2018-06-10,61,4846,4907
21,2018-06-11,740,9936,10676
21,2018-06-12,746,10346,11092
21,2018-06-13,784,10723,11507
21,2018-06-14,761,10792,11553
21,2018-06-15,727,11118,11845
21,2018-06-16,331,6946,7277
21,2018-06-17,62,4238,4300
21,2018-06-18,718,9808,10526
21,2018-06-19,744,10828,11572
21,2018-06-20,699,10960,11659
21,2018-06-21,707,10714,11421
21,2018-06-22,714,10971,11685
21,2018-06-23,97,3930,4027
21,2018-06-24,63,4630,4693
21,2018-06-25,715,10342,11057
21,2018-06-26,745,10559,11304
21,2018-06-27,754,10721,11475
21,2018-06-28,728,10830,11558
21,2018-06-29,691,11286,11977
21,2018-06-30,311,7586,7897
21,2018-07-01,66,5043,5109
21,2018-07-02,685,10383,11068
21,2018-07-03,704,10744,11448
21,2018-07-04,687,10310,10997
21,2018-07-05,646,10681,11327
21,2018-07-06,687,11100,11787
21,2018-07-07,310,7074,7384
21,2018-07-08,74,4826,4900
21,2018-07-09,726,9827,10553
21,2018-07-10,700,10798,11498
21,2018-07-11,713,10356,11069
21,2018-07-12,645,10848,11493
21,2018-07-13,710,11301,12011
21,2018-07-14,499,10636,11135
21,2018-07-15,96,4278,4374
21,2018-07-16,735,10764,11499
21,2018-07-17,884,12162,13046
21,2018-07-18,889,11462,12351
21,2018-07-19,919,11300,12219
21,2018-07-20,858,11512,12370
21,2018-07-21,344,7278,7622
21,2018-07-22,113,4135,4248
21,2018-07-23,807,10153,10960
21,2018-07-24,835,10735,11570
21,2018-07-25,757,10643,11400
21,2018-07-26,776,10824,11600
21,2018-07-27,613,11103,11716
21,2018-07-28,326,6292,6618
21,2018-07-29,100,4122,4222
21,2018-07-30,599,9413,10012
21,2018-07-31,597,9743,10340
21,2018-08-01,632,10418,11050
21,2018-08-02,588,9739,10327
21,2018-08-03,586,9854,10440
21,2018-08-04,293,6641,6934
21,2018-08-05,97,4665,4762
21,2018-08-06,586,8722,9308
21,2018-08-07,573,8540,9113
21,2018-08-08,600,9196,9796
21,2018-08-09,603,9075,9678
21,2018-08-10,621,9150,9771
21,2018-08-11,333,5731,6064
21,2018-08-12,113,3819,3932
21,2018-08-13,551,8378,8929
21,2018-08-14,607,8811,9418
21,2018-08-15,117,3073,3190
21,2018-08-16,580,8554,9134
21,2018-08-17,567,8719,9286
21,2018-08-18,370,5797,6167
21,2018-08-19,95,3906,4001
21,2018-08-20,668,8813,9481
21,2018-08-21,677,9159,9836
21,2018-08-22,632,8968,9600
21,2018-08-23,688,10081,10769
21,2018-08-24,696,9531,10227
21,2018-08-25,380,6008,6388
21,2018-08-26,101,3829,3930
21,2018-08-27,701,9293,9994
21,2018-08-28,833,9648,10481
21,2018-08-29,737,9445,10182
21,2018-08-30,724,9528,10252
21,2018-08-31,762,10039,10801
21,2018-09-01,386,6720,7106
21,2018-09-02,107,4574,4681
21,2018-09-03,708,9112,9820
21,2018-09-04,726,9920,10646
21,2018-09-05,750,9681,10431
21,2018-09-06,742,10594,11336
21,2018-09-07,805,10834,11639
21,2018-09-08,363,6357,6720
21,2018-09-09,105,4542,4647
21,2018-09-10,734,10389,11123
21,2018-09-11,810,10448,11258
21,2018-09-12,764,10338,11102
21,2018-09-13,787,10743,11530
21,2018-09-14,776,10941,11717
21,2018-09-15,438,9052,9490
21,2018-09-16,129,5444,5573
21,2018-09-17,802,10999,11801
21,2018-09-18,710,11306,12016
21,2018-09-19,758,11296,12054
21,2018-09-20,811,12017,12828
21,2018-09-21,783,12286,13069
21,2018-09-22,350,8659,9009
21,2018-09-23,93,4576,4669
21,2018-09-24,755,10710,11465
21,2018-09-25,832,11345,12177
21,2018-09-26,871,11356,12227
21,2018-09-27,863,11622,12485
21,2018-09-28,877,11976,12853
21,2018-09-29,420,8823,9243
21,2018-09-30,64,5256,5320
21,2018-10-01,841,11174,12015
21,2018-10-02,884,11542,12426
21,2018-10-03,1232,14451,15683
21,2018-10-04,918,11667,12585
21,2018-10-05,934,12018,12952
21,2018-10-06,371,8499,8870
21,2018-10-07,65,5104,5169
21,2018-10-08,887,10858,11745
21,2018-10-09,854,11479,12333
21,2018-10-10,863,11285,12148
21,2018-10-11,862,11641,12503
21,2018-10-12,883,11811,12694
21,2018-10-13,457,7955,8412
21,2018-10-14,56,4988,5044
21,2018-10-15,884,10729,11613
21,2018-10-16,936,11174,12110
21,2018-10-17,875,10930,11805
21,2018-10-18,937,11538,12475
21,2018-10-19,946,11862,12808
21,2018-10-20,381,8696,9077
21,2018-10-21,72,5255,5327
21,2018-10-22,886,10708,11594
21,2018-10-23,899,11243,12142
21,2018-10-24,785,10986,11771
21,2018-10-25,825,11508,12333
21,2018-10-26,812,12143,12955
21,2018-10-27,389,7939,8328
21,2018-10-28,63,4355,4418
21,2018-10-29,778,11388,12166
21,2018-10-30,731,11341,12072
21,2018-11-01,73,3867,3940
21,2018-11-02,552,10068,10620
21,2018-11-03,315,7131,7446
21,2018-11-04,57,4461,4518
21,2018-11-05,781,11164,11945
21,2018-11-06,792,11617,12409
21,2018-11-07,809,11218,12027
21,2018-11-08,766,11383,12149
21,2018-11-09,774,12097,12871
21,2018-11-10,338,8172,8510
21,2018-11-11,59,4268,4327
21,2018-11-12,748,10814,11562
21,2018-11-13,748,11363,12111
21,2018-11-14,766,11379,12145
21,2018-11-15,754,11943,12697
21,2018-11-16,824,11845,12669
21,2018-11-17,353,7881,8234
21,2018-11-18,62,4542,4604
21,2018-11-19,804,10814,11618
21,2018-11-20,854,11474,12328
21,2018-11-21,835,11124,11959
21,2018-11-22,856,11720,12576
21,2018-11-23,781,12746,13527
21,2018-11-24,305,8462,8767
21,2018-11-25,60,4503,4563
21,2018-11-26,780,10649,11429
21,2018-11-27,802,11385,12187
21,2018-11-28,793,11333,12126
21,2018-11-29,771,11629,12400
21,2018-11-30,790,11858,12648
21,2018-12-01,328,7897,8225
21,2018-12-02,42,4588,4630
21,2018-12-03,703,10898,11601
21,2018-12-04,766,11269,12035
21,2018-12-05,789,11340,12129
21,2018-12-06,759,11836,12595
21,2018-12-07,728,12070,12798
21,2018-12-08,318,8034,8352
21,2018-12-09,74,4825,4899
21,2018-12-10,803,10747,11550
21,2018-12-11,824,11420,12244
21,2018-12-12,804,11547,12351
21,2018-12-13,774,11847,12621
21,2018-12-14,820,11940,12760
21,2018-12-15,341,7562,7903
21,2018-12-16,80,4336,4416
21,2018-12-17,729,10656,11385
21,2018-12-18,773,11048,11821
21,2018-12-19,724,10976,11700
21,2018-12-20,703,11469,12172
21,2018-12-21,616,11473,12089
21,2018-12-22,264,7505,7769
21,2018-12-23,79,4854,4933
21,2018-12-24,406,7699,8105
21,2018-12-25,47,2502,2549
21,2018-12-26,90,2996,3086
21,2018-12-27,468,7804,8272
21,2018-12-28,478,7854,8332
21,2018-12-29,289,6245,6534
21,2018-12-30,69,3976,4045
21,2018-12-31,397,7065,7462
24,2018-01-01,52,3453,3505
24,2018-01-02,221,6556,6777
24,2018-01-03,268,7059,7327
24,2018-01-04,240,7489,7729
24,2018-01-05,283,8078,8361
24,2018-01-06,180,6377,6557
24,2018-01-07,55,4378,4433
24,2018-01-08,325,7771,8096
24,2018-01-09,382,8055,8437
24,2018-01-10,324,7852,8176
24,2018-01-11,323,8240,8563
24,2018-01-12,292,8452,8744
24,2018-01-13,241,6818,7059
24,2018-01-14,67,4816,4883
24,2018-01-15,309,7627,7936
24,2018-01-16,306,7750,8056
24,2018-01-17,312,7543,7855
24,2018-01-18,300,7922,8222
24,2018-01-19,283,8525,8808
24,2018-01-20,214,6106,6320
24,2018-01-21,56,4304,4360
24,2018-01-22,288,7651,7939
24,2018-01-23,299,7838,8137
24,2018-01-24,262,7612,7874
24,2018-01-25,246,8216,8462
24,2018-01-26,314,8701,9015
24,2018-01-27,201,6941,7142
24,2018-01-28,52,4419,4471
24,2018-01-29,289,7840,8129
24,2018-01-30,337,8191,8528
24,2018-01-31,305,7865,8170
24,2018-02-01,333,8096,8429
24,2018-02-02,313,8333,8646
24,2018-02-03,194,6586,6780
24,2018-02-04,56,4371,4427
24,2018-02-05,303,7667,7970
24,2018-02-06,268,7636,7904
24,2018-02-07,278,7322,7600
24,2018-02-08,309,7910,8219
24,2018-02-09,302,8312,8614
24,2018-02-10,214,6309,6523
24,2018-02-11,62,4124,4186
24,2018-02-12,328,7476,7804
24,2018-02-13,330,7620,7950
24,2018-02-14,303,7730,8033
24,2018-02-15,297,7360,7657
24,2018-02-16,288,7987,8275
24,2018-02-17,195,6244,6439
24,2018-02-18,54,4743,4797
24,2018-02-19,309,7610,7919
24,2018-02-20,318,7884,8202
24,2018-02-21,320,7650,7970
24,2018-02-22,308,7824,8132
24,2018-02-23,300,8360,8660
24,2018-02-24,199,6563,6762
24,2018-02-25,51,4411,4462
24,2018-02-26,301,7702,8003
24,2018-02-27,265,7717,7982
24,2018-02-28,315,7701,8016
24,2018-03-01,354,7999,8353
24,2018-03-02,339,7381,7720
24,2018-03-03,186,6177,6363
24,2018-03-04,51,4367,4418
24,2018-03-05,306,7003,7309
24,2018-03-06,318,7070,7388
24,2018-03-07,303,7275,7578
24,2018-03-08,332,7773,8105
24,2018-03-09,297,8270,8567
24,2018-03-10,198,6787,6985
24,2018-03-11,58,4604,4662
24,2018-03-12,278,7530,7808
24,2018-03-13,262,7851,8113
24,2018-03-14,297,7689,7986
24,2018-03-15,315,7039,7354
24,2018-03-16,301,8709,9010
24,2018-03-17,239,6513,6752
24,2018-03-18,64,4315,4379
24,2018-03-19,340,7551,7891
24,2018-03-20,308,7968,8276
24,2018-03-21,296,7929,8225
24,2018-03-22,284,8069,8353
24,2018-03-23,320,8747,9067
24,2018-03-24,226,7117,7343
24,2018-03-26,317,7851,8168
24,2018-03-27,318,8155,8473
24,2018-03-28,284,8160,8444
24,2018-03-29,357,8631,8988
24,2018-03-30,308,8651,8959
24,2018-03-31,193,7129,7322
24,2018-04-01,51,4420,4471
24,2018-04-02,55,4537,4592
24,2018-04-03,343,8729,9072
24,2018-04-04,285,7858,8143
24,2018-04-05,287,8143,8430
24,2018-04-06,255,8306,8561
24,2018-04-07,204,6919,7123
24,2018-04-08,59,4900,4959
24,2018-04-09,279,7940,8219
24,2018-04-10,260,7936,8196
24,2018-04-11,328,7919,8247
24,2018-04-12,305,8259,8564
24,2018-04-13,298,8704,9002
24,2018-04-14,215,7087,7302
24,2018-04-15,59,4950,5009
24,2018-04-16,301,8248,8549
24,2018-04-17,252,8386,8638
24,2018-04-18,284,8380,8664
24,2018-04-19,291,8815,9106
24,2018-04-20,320,8928,9248
24,2018-04-21,199,7350,7549
24,2018-04-22,63,5288,5351
24,2018-04-23,322,7885,8207
24,2018-04-24,313,8213,8526
24,2018-04-25,303,7745,8048
24,2018-04-26,316,8633,8949
24,2018-04-27,327,8979,9306
24,2018-04-28,241,7090,7331
24,2018-04-29,58,4934,4992
24,2018-04-30,254,8250,8504
24,2018-05-01,59,5076,5135
24,2018-05-02,322,8210,8532
24,2018-05-03,313,8399,8712
24,2018-05-04,305,8615,8920
24,2018-05-05,168,7185,7353
24,2018-05-06,52,5513,5565
24,2018-05-07,306,8204,8510
24,2018-05-08,289,8765,9054
24,2018-05-09,282,8629,8911
24,2018-05-10,69,5831,5900
24,2018-05-11,311,8760,9071
24,2018-05-12,208,6826,7034
24,2018-05-13,57,4814,4871
24,2018-05-14,304,8313,8617
24,2018-05-15,305,8186,8491
24,2018-05-16,270,7511,7781
24,2018-05-17,283,8210,8493
24,2018-05-18,255,8749,9004
24,2018-05-19,186,6742,6928
24,2018-05-20,72,5042,5114
24,2018-05-21,64,5054,5118
24,2018-05-22,280,8183,8463
24,2018-05-23,280,7320,7600
24,2018-05-24,264,8122,8386
24,2018-05-25,238,8743,8981
24,2018-05-26,199,7330,7529
24,2018-05-27,55,5149,5204
24,2018-05-28,276,8080,8356
24,2018-05-29,271,8560,8831
24,2018-05-30,284,8448,8732
24,2018-05-31,273,8129,8402
24,2018-06-01,290,8935,9225
24,2018-06-02,195,7366,7561
24,2018-06-03,58,5210,5268
24,2018-06-04,290,8190,8480
24,2018-06-05,271,8353,8624
24,2018-06-06,280,7697,7977
24,2018-06-07,299,7967,8266
24,2018-06-08,291,9072,9363
24,2018-06-09,186,7384,7570
24,2018-06-10,76,5659,5735
24,2018-06-11,275,7816,8091
24,2018-06-12,267,8134,8401
24,2018-06-13,304,8240,8544
24,2018-06-14,279,8587,8866
24,2018-06-15,276,9042,9318
24,2018-06-16,198,7039,7237
24,2018-06-17,59,5190,5249
24,2018-06-18,290,7850,8140
24,2018-06-19,279,8297,8576
24,2018-06-20,281,8179,8460
24,2018-06-21,266,8481,8747
24,2018-06-22,299,8767,9066
24,2018-06-23,89,7228,7317
24,2018-06-24,62,5116,5178
24,2018-06-25,292,7958,8250
24,2018-06-26,272,8670,8942
24,2018-06-27,254,8854,9108
24,2018-06-28,272,8902,9174
24,2018-06-29,301,8895,9196
24,2018-06-30,206,7517,7723
24,2018-07-01,56,5673,5729
24,2018-07-02,273,8245,8518
24,2018-07-03,287,8507,8794
24,2018-07-04,251,7556,7807
24,2018-07-05,259,8095,8354
24,2018-07-06,275,8596,8871
24,2018-07-07,180,7203,7383
24,2018-07-08,62,5578,5640
24,2018-07-09,262,7949,8211
24,2018-07-10,267,8131,8398
24,2018-07-11,292,7924,8216
24,2018-07-12,277,8410,8687
24,2018-07-13,255,8775,9030
24,2018-07-14,193,7039,7232
24,2018-07-15,67,5128,5195
24,2018-07-16,259,7407,7666
24,2018-07-17,244,7948,8192
24,2018-07-18,223,7325,7548
24,2018-07-19,264,7874,8138
24,2018-07-20,290,8295,8585
24,2018-07-21,226,6703,6929
24,2018-07-22,61,5114,5175
24,2018-07-23,252,7434,7686
24,2018-07-24,265,7671,7936
24,2018-07-25,266,7786,8052
24,2018-07-26,241,8557,8798
24,2018-07-27,236,8419,8655
24,2018-07-28,167,6266,6433
24,2018-07-29,67,4905,4972
24,2018-07-30,208,7048,7256
24,2018-07-31,213,7106,7319
24,2018-08-01,217,7167,7384
24,2018-08-02,213,7318,7531
24,2018-08-03,208,7461,7669
24,2018-08-04,159,5827,5986
24,2018-08-05,45,4495,4540
24,2018-08-06,174,6362,6536
24,2018-08-07,196,6655,6851
24,2018-08-08,223,6203,6426
24,2018-08-09,210,6361,6571
24,2018-08-10,235,6567,6802
24,2018-08-11,182,5298,5480
24,2018-08-12,37,4134,4171
24,2018-08-13,218,5614,5832
24,2018-08-14,216,6386,6602
24,2018-08-15,45,4016,4061
24,2018-08-16,235,6156,6391
24,2018-08-17,233,6677,6910
24,2018-08-18,177,5318,5495
24,2018-08-19,48,4336,4384
24,2018-08-20,228,6587,6815
24,2018-08-21,254,6659,6913
24,2018-08-22,288,6887,7175
24,2018-08-23,264,6936,7200
24,2018-08-24,256,7210,7466
24,2018-08-25,181,5860,6041
24,2018-08-26,43,4569,4612
24,2018-08-27,230,7120,7350
24,2018-08-28,277,7323,7600
24,2018-08-29,226,7374,7600
24,2018-08-30,256,7617,7873
24,2018-08-31,263,8070,8333
24,2018-09-01,217,6561,6778
24,2018-09-02,61,4798,4859
24,2018-09-03,248,7215,7463
24,2018-09-04,270,7911,8181
24,2018-09-05,278,7532,7810
24,2018-09-06,262,7927,8189
24,2018-09-07,260,8444,8704
24,2018-09-08,227,6696,6923
24,2018-09-09,43,4984,5027
24,2018-09-10,238,7684,7922
24,2018-09-11,245,7764,8009
24,2018-09-12,215,7471,7686
24,2018-09-13,252,8100,8352
24,2018-09-14,269,8630,8899
24,2018-09-15,211,6928,7139
24,2018-09-16,57,5084,5141
24,2018-09-17,291,8357,8648
24,2018-09-18,271,8448,8719
24,2018-09-19,265,8322,8587
24,2018-09-20,293,8412,8705
24,2018-09-21,281,8759,9040
24,2018-09-22,185,6901,7086
24,2018-09-23,45,4622,4667
24,2018-09-24,281,8146,8427
24,2018-09-25,266,8444,8710
24,2018-09-26,305,7958,8263
24,2018-09-27,290,8325,8615
24,2018-09-28,307,9091,9398
24,2018-09-29,210,7691,7901
24,2018-09-30,48,5497,5545
24,2018-10-01,287,8242,8529
24,2018-10-02,292,8444,8736
24,2018-10-03,265,7720,7985
24,2018-10-04,296,8591,8887
24,2018-10-05,296,8942,9238
24,2018-10-06,191,7397,7588
24,2018-10-07,60,4955,5015
24,2018-10-08,312,8175,8487
24,2018-10-09,284,8216,8500
24,2018-10-10,268,7406,7674
24,2018-10-11,271,8177,8448
24,2018-10-12,307,8984,9291
24,2018-10-13,205,7338,7543
24,2018-10-14,45,5325,5370
24,2018-10-15,276,8104,8380
24,2018-10-16,297,8135,8432
24,2018-10-17,296,7611,7907
24,2018-10-18,328,8142,8470
24,2018-10-19,311,8650,8961
24,2018-10-20,200,6879,7079
24,2018-10-21,50,4993,5043
24,2018-10-22,313,7682,7995
24,2018-10-23,300,7949,8249
24,2018-10-24,285,7567,7852
24,2018-10-25,277,8342,8619
24,2018-10-26,279,8848,9127
24,2018-10-27,212,7218,7430
24,2018-10-28,50,4712,4762
24,2018-10-29,244,8023,8267
24,2018-10-30,226,7610,7836
24,2018-11-01,47,5137,5184
24,2018-11-02,274,8003,8277
24,2018-11-03,220,6666,6886
24,2018-11-04,53,4668,4721
24,2018-11-05,325,7964,8289
24,2018-11-06,289,8181,8470
24,2018-11-07,277,7282,7559
24,2018-11-08,313,8280,8593
24,2018-11-09,297,8819,9116
24,2018-11-10,170,6529,6699
24,2018-11-11,43,4738,4781
24,2018-11-12,290,7834,8124
24,2018-11-13,294,7676,7970
24,2018-11-14,325,7579,7904
24,2018-11-15,323,7805,8128
24,2018-11-16,314,8443,8757
24,2018-11-17,234,6506,6740
24,2018-11-18,49,4843,4892
24,2018-11-19,342,7921,8263
24,2018-11-20,325,7925,8250
24,2018-11-21,325,7118,7443
24,2018-11-22,331,7603,7934
24,2018-11-23,314,8829,9143
24,2018-11-24,198,6420,6618
24,2018-11-25,52,4601,4653
24,2018-11-26,309,7651,7960
24,2018-11-27,310,7490,7800
24,2018-11-28,296,7283,7579
24,2018-11-29,295,7988,8283
24,2018-11-30,310,8417,8727
24,2018-12-01,196,7117,7313
24,2018-12-02,41,4547,4588
24,2018-12-03,253,8052,8305
24,2018-12-04,293,7817,8110
24,2018-12-05,309,7196,7505
24,2018-12-06,261,7697,7958
24,2018-12-07,291,8438,8729
24,2018-12-08,199,6252,6451
24,2018-12-09,36,4500,4536
24,2018-12-10,292,7923,8215
24,2018-12-11,272,7636,7908
24,2018-12-12,332,7673,8005
24,2018-12-13,321,7720,8041
24,2018-12-14,330,8579,8909
24,2018-12-15,198,7140,7338
24,2018-12-16,53,4355,4408
24,2018-12-17,278,7859,8137
24,2018-12-18,269,8041,8310
24,2018-12-19,272,8167,8439
24,2018-12-20,271,8687,8958
24,2018-12-21,286,9479,9765
24,2018-12-22,181,7104,7285
24,2018-12-23,45,5131,5176
24,2018-12-24,200,6863,7063
24,2018-12-25,34,3486,3520
24,2018-12-26,33,4666,4699
24,2018-12-27,248,6719,6967
24,2018-12-28,231,6662,6893
24,2018-12-29,188,5464,5652
24,2018-12-30,39,4093,4132
24,2018-12-31,208,6315,6523
25,2018-01-01,28,4415,4443
25,2018-01-02,149,10704,10853
25,2018-01-03,179,11638,11817
25,2018-01-04,163,11628,11791
25,2018-01-05,156,12857,13013
25,2018-01-06,84,9889,9973
25,2018-01-07,26,6727,6753
25,2018-01-08,261,13416,13677
25,2018-01-09,313,13565,13878
25,2018-01-10,237,13991,14228
25,2018-01-11,278,14335,14613
25,2018-01-12,290,14692,14982
25,2018-01-13,130,11067,11197
25,2018-01-14,24,7146,7170
25,2018-01-15,278,13385,13663
25,2018-01-16,246,13330,13576
25,2018-01-17,252,13809,14061
25,2018-01-18,259,13943,14202
25,2018-01-19,286,14551,14837
25,2018-01-20,71,9890,9961
25,2018-01-21,28,6653,6681
25,2018-01-22,227,13256,13483
25,2018-01-23,296,14139,14435
25,2018-01-24,219,12987,13206
25,2018-01-25,199,12657,12856
25,2018-01-26,259,14863,15122
25,2018-01-27,129,10961,11090
25,2018-01-28,26,6886,6912
25,2018-01-29,243,13773,14016
25,2018-01-30,285,14682,14967
25,2018-01-31,220,12825,13045
25,2018-02-01,273,14584,14857
25,2018-02-02,286,14883,15169
25,2018-02-03,91,11342,11433
25,2018-02-04,24,6667,6691
25,2018-02-05,307,13697,14004
25,2018-02-06,258,13095,13353
25,2018-02-07,244,14137,14381
25,2018-02-08,286,14867,15153
25,2018-02-09,313,14940,15253
25,2018-02-10,112,10586,10698
25,2018-02-11,24,6402,6426
25,2018-02-12,283,12774,13057
25,2018-02-13,299,13221,13520
25,2018-02-14,283,13662,13945
25,2018-02-15,215,12610,12825
25,2018-02-16,253,13875,14128
25,2018-02-17,121,10691,10812
25,2018-02-18,26,7080,7106
25,2018-02-19,284,13539,13823
25,2018-02-20,306,14191,14497
25,2018-02-21,313,14079,14392
25,2018-02-22,346,14600,14946
25,2018-02-23,344,14666,15010
25,2018-02-24,138,11118,11256
25,2018-02-25,36,6705,6741
25,2018-02-26,313,13866,14179
25,2018-02-27,334,14147,14481
25,2018-02-28,272,14253,14525
25,2018-03-01,321,14542,14863
25,2018-03-02,258,13324,13582
25,2018-03-03,98,10447,10545
25,2018-03-04,20,6521,6541
25,2018-03-05,245,13916,14161
25,2018-03-06,277,14162,14439
25,2018-03-07,280,14203,14483
25,2018-03-08,270,14522,14792
25,2018-03-09,244,14613,14857
25,2018-03-10,106,11594,11700
25,2018-03-11,28,7661,7689
25,2018-03-12,235,13794,14029
25,2018-03-13,266,14242,14508
25,2018-03-14,290,14550,14840
25,2018-03-15,296,14386,14682
25,2018-03-16,281,15162,15443
25,2018-03-17,138,11147,11285
25,2018-03-18,38,6835,6873
25,2018-03-19,284,13588,13872
25,2018-03-20,339,14579,14918
25,2018-03-21,285,14812,15097
25,2018-03-22,300,14262,14562
25,2018-03-23,328,15084,15412
25,2018-03-24,111,12179,12290
25,2018-03-26,272,14264,14536
25,2018-03-27,281,14298,14579
25,2018-03-28,265,14111,14376
25,2018-03-29,292,15207,15499
25,2018-03-30,302,15688,15990
25,2018-03-31,112,12027,12139
25,2018-04-01,29,6464,6493
25,2018-04-02,31,6143,6174
25,2018-04-03,298,14604,14902
25,2018-04-04,239,12946,13185
25,2018-04-05,308,13822,14130
25,2018-04-06,315,14533,14848
25,2018-04-07,126,11231,11357
25,2018-04-08,37,7547,7584
25,2018-04-09,294,13095,13389
25,2018-04-10,265,13464,13729
25,2018-04-11,292,13952,14244
25,2018-04-12,310,13544,13854
25,2018-04-13,304,14723,15027
25,2018-04-14,113,11706,11819
25,2018-04-15,33,7990,8023
25,2018-04-16,289,14416,14705
25,2018-04-17,299,14926,15225
25,2018-04-18,274,15025,15299
25,2018-04-19,301,15162,15463
25,2018-04-20,298,16066,16364
25,2018-04-21,154,12331,12485
25,2018-04-22,38,8262,8300
25,2018-04-23,243,14400,14643
25,2018-04-24,310,15242,15552
25,2018-04-25,296,14890,15186
25,2018-04-26,329,15315,15644
25,2018-04-27,302,16417,16719
25,2018-04-28,163,12513,12676
25,2018-04-29,28,8162,8190
25,2018-04-30,211,13651,13862
25,2018-05-01,45,6620,6665
25,2018-05-02,298,15212,15510
25,2018-05-03,321,14728,15049
25,2018-05-04,314,15747,16061
25,2018-05-05,161,12353,12514
25,2018-05-06,27,8029,8056
25,2018-05-07,265,14725,14990
25,2018-05-08,294,15240,15534
25,2018-05-09,283,15653,15936
25,2018-05-10,58,7100,7158
25,2018-05-11,245,15305,15550
25,2018-05-12,144,12085,12229
25,2018-05-13,38,7770,7808
25,2018-05-14,249,14283,14532
25,2018-05-15,311,14914,15225
25,2018-05-16,322,15287,15609
25,2018-05-17,310,15305,15615
25,2018-05-18,354,16293,16647
25,2018-05-19,164,11808,11972
25,2018-05-20,39,7358,7397
25,2018-05-21,58,6348,6406
25,2018-05-22,272,14196,14468
25,2018-05-23,299,14393,14692
25,2018-05-24,296,14441,14737
25,2018-05-25,279,15549,15828
25,2018-05-26,120,11713,11833
25,2018-05-27,45,7872,7917
25,2018-05-28,264,13999,14263
25,2018-05-29,286,14664,14950
25,2018-05-30,262,14902,15164
25,2018-05-31,281,15397,15678
25,2018-06-01,263,15588,15851
25,2018-06-02,182,12117,12299
25,2018-06-03,36,7842,7878
25,2018-06-04,272,13918,14190
25,2018-06-05,309,14549,14858
25,2018-06-06,276,15036,15312
25,2018-06-07,311,15343,15654
25,2018-06-08,282,16142,16424
25,2018-06-09,123,12437,12560
25,2018-06-10,46,7511,7557
25,2018-06-11,208,13335,13543
25,2018-06-12,261,14152,14413
25,2018-06-13,309,14777,15086
25,2018-06-14,298,13892,14190
25,2018-06-15,276,14968,15244
25,2018-06-16,165,11791,11956
25,2018-06-17,47,7911,7958
25,2018-06-18,316,13367,13683
25,2018-06-19,275,13927,14202
25,2018-06-20,273,13762,14035
25,2018-06-21,289,14041,14330
25,2018-06-22,375,15388,15763
25,2018-06-23,80,12006,12086
25,2018-06-24,40,6928,6968
25,2018-06-25,293,13872,14165
25,2018-06-26,276,14440,14716
25,2018-06-27,297,14568,14865
25,2018-06-28,301,14710,15011
25,2018-06-29,287,15256,15543
25,2018-06-30,147,12052,12199
25,2018-07-01,32,8492,8524
25,2018-07-02,233,13702,13935
25,2018-07-03,279,14266,14545
25,2018-07-04,260,14197,14457
25,2018-07-05,265,14342,14607
25,2018-07-06,282,14950,15232
25,2018-07-07,127,11406,11533
25,2018-07-08,26,8072,8098
25,2018-07-09,276,13731,14007
25,2018-07-10,316,14371,14687
25,2018-07-11,300,14210,14510
25,2018-07-12,309,14350,14659
25,2018-07-13,289,14853,15142
25,2018-07-14,168,11852,12020
25,2018-07-15,27,7920,7947
25,2018-07-16,251,13129,13380
25,2018-07-17,253,13790,14043
25,2018-07-18,294,13947,14241
25,2018-07-19,263,13886,14149
25,2018-07-20,284,14738,15022
25,2018-07-21,140,11066,11206
25,2018-07-22,18,7547,7565
25,2018-07-23,238,13578,13816
25,2018-07-24,266,13851,14117
25,2018-07-25,281,13645,13926
25,2018-07-26,273,14207,14480
25,2018-07-27,201,14515,14716
25,2018-07-28,103,10490,10593
25,2018-07-29,26,6820,6846
25,2018-07-30,163,12196,12359
25,2018-07-31,193,12844,13037
25,2018-08-01,191,12578,12769
25,2018-08-02,178,12504,12682
25,2018-08-03,174,12699,12873
25,2018-08-04,85,9150,9235
25,2018-08-05,30,6318,6348
25,2018-08-06,125,11147,11272
25,2018-08-07,157,11135,11292
25,2018-08-08,187,11361,11548
25,2018-08-09,181,11146,11327
25,2018-08-10,178,12194,12372
25,2018-08-11,99,8887,8986
25,2018-08-12,27,6103,6130
25,2018-08-13,149,10432,10581
25,2018-08-14,163,11550,11713
25,2018-08-15,40,5827,5867
25,2018-08-16,169,11503,11672
25,2018-08-17,187,12183,12370
25,2018-08-18,84,9001,9085
25,2018-08-19,34,6220,6254
25,2018-08-20,212,11749,11961
25,2018-08-21,224,12391,12615
25,2018-08-22,228,12270,12498
25,2018-08-23,213,12138,12351
25,2018-08-24,256,13341,13597
25,2018-08-25,95,10028,10123
25,2018-08-26,35,6833,6868
25,2018-08-27,217,12801,13018
25,2018-08-28,263,13196,13459
25,2018-08-29,272,12759,13031
25,2018-08-30,238,13220,13458
25,2018-08-31,303,14388,14691
25,2018-09-01,138,11147,11285
25,2018-09-02,29,7695,7724
25,2018-09-03,239,13096,13335
25,2018-09-04,293,13928,14221
25,2018-09-05,264,13693,13957
25,2018-09-06,314,14421,14735
25,2018-09-07,288,15002,15290
25,2018-09-08,185,11622,11807
25,2018-09-09,34,8329,8363
25,2018-09-10,296,13569,13865
25,2018-09-11,300,14006,14306
25,2018-09-12,332,14358,14690
25,2018-09-13,313,14490,14803
25,2018-09-14,303,15072,15375
25,2018-09-15,174,12282,12456
25,2018-09-16,61,8283,8344
25,2018-09-17,312,14551,14863
25,2018-09-18,316,14957,15273
25,2018-09-19,389,15201,15590
25,2018-09-20,374,15731,16105
25,2018-09-21,350,16064,16414
25,2018-09-22,162,12607,12769
25,2018-09-23,89,6971,7060
25,2018-09-24,306,14713,15019
25,2018-09-25,338,15042,15380
25,2018-09-26,364,14761,15125
25,2018-09-27,397,15292,15689
25,2018-09-28,377,16442,16819
25,2018-09-29,196,13417,13613
25,2018-09-30,61,8868,8929
25,2018-10-01,311,15139,15450
25,2018-10-02,373,14797,15170
25,2018-10-03,368,15870,16238
25,2018-10-04,405,16102,16507
25,2018-10-05,336,16676,17012
25,2018-10-06,167,13350,13517
25,2018-10-07,39,7950,7989
25,2018-10-08,329,14825,15154
25,2018-10-09,312,15379,15691
25,2018-10-10,349,15761,16110
25,2018-10-11,335,15587,15922
25,2018-10-12,353,16290,16643
25,2018-10-13,156,13116,13272
25,2018-10-14,41,8836,8877
25,2018-10-15,311,15018,15329
25,2018-10-16,337,15226,15563
25,2018-10-17,354,14963,15317
25,2018-10-18,377,15842,16219
25,2018-10-19,353,16195,16548
25,2018-10-20,166,12859,13025
25,2018-10-21,64,8571,8635
25,2018-10-22,341,14700,15041
25,2018-10-23,361,15339,15700
25,2018-10-24,345,15136,15481
25,2018-10-25,352,15571,15923
25,2018-10-26,357,16643,17000
25,2018-10-27,188,13273,13461
25,2018-10-28,54,8022,8076
25,2018-10-29,339,12678,13017
25,2018-10-30,184,10651,10835
25,2018-11-01,32,7081,7113
25,2018-11-02,206,14050,14256
25,2018-11-03,137,11727,11864
25,2018-11-04,34,7629,7663
25,2018-11-05,300,14418,14718
25,2018-11-06,312,14645,14957
25,2018-11-07,338,15184,15522
25,2018-11-08,361,15250,15611
25,2018-11-09,339,15851,16190
25,2018-11-10,103,11221,11324
25,2018-11-11,31,7431,7462
25,2018-11-12,265,14659,14924
25,2018-11-13,321,15057,15378
25,2018-11-14,349,15260,15609
25,2018-11-15,378,15543,15921
25,2018-11-16,346,16148,16494
25,2018-11-17,180,13973,14153
25,2018-11-18,53,8393,8446
25,2018-11-19,465,15224,15689
25,2018-11-20,362,15469,15831
25,2018-11-21,289,15800,16089
25,2018-11-22,378,15482,15860
25,2018-11-23,360,16806,17166
25,2018-11-24,113,13536,13649
25,2018-11-25,35,8136,8171
25,2018-11-26,343,14807,15150
25,2018-11-27,315,15245,15560
25,2018-11-28,259,14992,15251
25,2018-11-29,366,15797,16163
25,2018-11-30,325,16405,16730
25,2018-12-01,142,12783,12925
25,2018-12-02,37,7613,7650
25,2018-12-03,152,12930,13082
25,2018-12-04,324,15173,15497
25,2018-12-05,394,15847,16241
25,2018-12-06,293,15343,15636
25,2018-12-07,284,15771,16055
25,2018-12-08,117,12607,12724
25,2018-12-09,52,7974,8026
25,2018-12-10,316,15093,15409
25,2018-12-11,352,15483,15835
25,2018-12-12,342,15432,15774
25,2018-12-13,416,16273,16689
25,2018-12-14,412,16169,16581
25,2018-12-15,152,13346,13498
25,2018-12-16,38,7372,7410
25,2018-12-17,271,15020,15291
25,2018-12-18,369,15827,16196
25,2018-12-19,259,15441,15700
25,2018-12-20,282,15507,15789
25,2018-12-21,218,15568,15786
25,2018-12-22,99,12315,12414
25,2018-12-23,19,7573,7592
25,2018-12-24,104,11271,11375
25,2018-12-25,25,4826,4851
25,2018-12-26,43,7226,7269
25,2018-12-27,176,11896,12072
25,2018-12-28,163,12356,12519
25,2018-12-29,85,10224,10309
25,2018-12-30,28,6974,7002
25,2018-12-31,81,10903,10984
26,2018-01-01,191,11954,12145
26,2018-01-02,1036,25247,26283
26,2018-01-03,1064,23648,24712
26,2018-01-05,1318,28354,29672
26,2018-01-06,500,25245,25745
26,2018-01-07,179,17134,17313
26,2018-01-08,1852,27876,29728
26,2018-01-09,1866,27788,29654
26,2018-01-10,1892,28229,30121
26,2018-01-12,1960,30751,32711
26,2018-01-13,710,27267,27977
26,2018-01-14,186,17932,18118
26,2018-01-15,1708,26760,28468
26,2018-01-16,1643,27856,29499
26,2018-01-17,1858,27832,29690
26,2018-01-18,1876,27866,29742
26,2018-01-19,1861,29875,31736
26,2018-01-20,413,25317,25730
26,2018-01-21,150,16831,16981
26,2018-01-22,1712,27624,29336
26,2018-01-23,1956,28525,30481
26,2018-01-24,1734,28669,30403
26,2018-01-26,1794,30643,32437
26,2018-01-27,690,27456,28146
26,2018-01-28,102,17529,17631
26,2018-01-29,1832,27862,29694
26,2018-01-30,1992,29027,31019
26,2018-01-31,1531,27126,28657
26,2018-02-01,1749,28674,30423
26,2018-02-02,1761,30106,31867
26,2018-02-03,614,27189,27803
26,2018-02-04,173,16979,17152
26,2018-02-05,2095,27468,29563
26,2018-02-06,1708,23806,25514
26,2018-02-07,1767,28008,29775
26,2018-02-09,1860,29815,31675
26,2018-02-10,583,25031,25614
26,2018-02-11,126,15551,15677
26,2018-02-12,1826,27033,28859
26,2018-02-13,1887,27794,29681
26,2018-02-14,2094,28221,30315
26,2018-02-15,1723,26781,28504
26,2018-02-16,1863,28762,30625
26,2018-02-17,622,25898,26520
26,2018-02-18,214,17737,17951
26,2018-02-19,2058,27353,29411
26,2018-02-20,2025,28130,30155
26,2018-02-21,2005,28202,30207
26,2018-02-23,2043,30272,32315
26,2018-02-24,711,26935,27646
26,2018-02-25,219,16891,17110
26,2018-02-26,2086,27634,29720
26,2018-02-27,2224,28019,30243
26,2018-02-28,2106,28192,30298
26,2018-03-01,2042,28504,30546
26,2018-03-02,1797,27293,29090
26,2018-03-03,594,25589,26183
26,2018-03-04,140,16716,16856
26,2018-03-05,1902,28209,30111
26,2018-03-06,2021,28340,30361
26,2018-03-07,1903,28293,30196
26,2018-03-09,1688,29454,31142
26,2018-03-10,651,27216,27867
26,2018-03-11,334,21565,21899
26,2018-03-12,1771,27661,29432
26,2018-03-13,1884,28282,30166
26,2018-03-14,2096,28808,30904
26,2018-03-15,1845,28536,30381
26,2018-03-16,1847,30683,32530
26,2018-03-17,695,27357,28052
26,2018-03-18,221,17181,17402
26,2018-03-19,2067,27673,29740
26,2018-03-20,2236,27949,30185
26,2018-03-21,2147,29065,31212
26,2018-03-22,1902,28580,30482
26,2018-03-23,2016,30565,32581
26,2018-03-24,673,28897,29570
26,2018-03-26,2018,28664,30682
26,2018-03-27,1872,29001,30873
26,2018-03-28,1755,29221,30976
26,2018-03-31,720,27788,28508
26,2018-04-01,137,16744,16881
26,2018-04-02,187,16945,17132
26,2018-04-03,1485,22614,24099
26,2018-04-04,1746,27157,28903
26,2018-04-05,1919,28361,30280
26,2018-04-06,1974,29842,31816
26,2018-04-07,720,27194,27914
26,2018-04-08,168,18636,18804
26,2018-04-09,1941,27393,29334
26,2018-04-10,2037,27825,29862
26,2018-04-11,2007,28614,30621
26,2018-04-13,2028,29828,31856
26,2018-04-14,687,28201,28888
26,2018-04-15,208,19337,19545
26,2018-04-16,2003,28495,30498
26,2018-04-17,2186,29302,31488
26,2018-04-18,2118,29097,31215
26,2018-04-19,2108,29903,32011
26,2018-04-20,2044,31075,33119
26,2018-04-21,787,29136,29923
26,2018-04-22,214,19882,20096
26,2018-04-23,2026,28555,30581
26,2018-04-24,2141,29572,31713
26,2018-04-25,1918,29473,31391
26,2018-04-27,2178,32088,34266
26,2018-04-28,740,28823,29563
26,2018-04-29,160,18078,18238
26,2018-04-30,1481,28501,29982
26,2018-05-01,271,16822,17093
26,2018-05-02,2187,29304,31491
26,2018-05-03,2070,28520,30590
26,2018-05-04,2013,31959,33972
26,2018-05-05,776,29716,30492
26,2018-05-06,227,19969,20196
26,2018-05-07,2069,29245,31314
26,2018-05-08,2064,29824,31888
26,2018-05-09,2033,30838,32871
26,2018-05-11,1753,30890,32643
26,2018-05-12,790,28420,29210
26,2018-05-13,199,18421,18620
26,2018-05-14,2002,28315,30317
26,2018-05-15,2079,29632,31711
26,2018-05-16,2075,29255,31330
26,2018-05-17,2107,30139,32246
26,2018-05-18,2040,31595,33635
26,2018-05-19,827,27482,28309
26,2018-05-20,220,17677,17897
26,2018-05-21,234,18980,19214
26,2018-05-22,2016,28112,30128
26,2018-05-23,2154,30102,32256
26,2018-05-25,2015,30271,32286
26,2018-05-26,886,28099,28985
26,2018-05-27,193,19263,19456
26,2018-05-28,1938,27931,29869
26,2018-05-29,1923,28698,30621
26,2018-05-30,2110,30804,32914
26,2018-05-31,2077,30297,32374
26,2018-06-01,1979,30053,32032
26,2018-06-02,816,28702,29518
26,2018-06-03,199,19638,19837
26,2018-06-04,2047,28329,30376
26,2018-06-05,2131,28864,30995
26,2018-06-06,2314,30840,33154
26,2018-06-08,2124,31095,33219
26,2018-06-09,626,29708,30334
26,2018-06-10,186,19556,19742
26,2018-06-11,2024,28380,30404
26,2018-06-12,2178,30070,32248
26,2018-06-13,2245,28551,30796
26,2018-06-14,2088,29420,31508
26,2018-06-15,2037,30499,32536
26,2018-06-16,729,27706,28435
26,2018-06-17,187,18817,19004
26,2018-06-18,2182,28308,30490
26,2018-06-19,2126,29260,31386
26,2018-06-20,2047,29050,31097
26,2018-06-22,2072,31344,33416
26,2018-06-23,688,27695,28383
26,2018-06-24,240,19186,19426
26,2018-06-25,2112,28289,30401
26,2018-06-26,2075,28841,30916
26,2018-06-27,2140,29264,31404
26,2018-06-28,2042,29518,31560
26,2018-06-29,1925,31521,33446
26,2018-06-30,778,28866,29644
26,2018-07-01,244,21327,21571
26,2018-07-02,1979,28868,30847
26,2018-07-03,2110,29200,31310
26,2018-07-04,2022,29049,31071
26,2018-07-06,2051,30998,33049
26,2018-07-07,677,28370,29047
26,2018-07-08,225,20319,20544
26,2018-07-09,1954,28930,30884
26,2018-07-10,2120,28915,31035
26,2018-07-11,2161,28902,31063
26,2018-07-12,2025,30259,32284
26,2018-07-13,2043,30350,32393
26,2018-07-14,720,28212,28932
26,2018-07-15,217,18173,18390
26,2018-07-16,1953,28040,29993
26,2018-07-17,2047,28500,30547
26,2018-07-18,2099,28780,30879
26,2018-07-20,2013,29844,31857
26,2018-07-21,861,28651,29512
26,2018-07-22,230,18222,18452
26,2018-07-23,1896,28267,30163
26,2018-07-24,1969,28286,30255
26,2018-07-25,2024,28454,30478
26,2018-07-26,1882,29174,31056
26,2018-07-27,1745,29080,30825
26,2018-07-28,573,24584,25157
26,2018-07-29,167,16994,17161
26,2018-07-30,1715,26367,28082
26,2018-07-31,1713,26698,28411
26,2018-08-01,1741,26541,28282
26,2018-08-03,1600,27223,28823
26,2018-08-04,541,22160,22701
26,2018-08-05,167,15730,15897
26,2018-08-06,1484,24522,26006
26,2018-08-07,1561,24930,26491
26,2018-08-08,1537,24860,26397
26,2018-08-09,1578,24491,26069
26,2018-08-10,1548,26133,27681
26,2018-08-11,470,21544,22014
26,2018-08-12,182,14709,14891
26,2018-08-13,1311,22891,24202
26,2018-08-14,1538,24937,26475
26,2018-08-15,390,15208,15598
26,2018-08-16,1398,24917,26315
26,2018-08-17,1503,25750,27253
26,2018-08-18,487,21246,21733
26,2018-08-19,134,12210,12344
26,2018-08-20,1522,25581,27103
26,2018-08-21,1692,24948,26640
26,2018-08-22,1695,25061,26756
26,2018-08-23,1650,26501,28151
26,2018-08-24,1770,28075,29845
26,2018-08-25,571,23770,24341
26,2018-08-26,246,17199,17445
26,2018-08-27,1745,26891,28636
26,2018-08-28,1895,27441,29336
26,2018-08-29,1638,26591,28229
26,2018-08-31,1992,29566,31558
26,2018-09-01,854,26929,27783
26,2018-09-02,214,18705,18919
26,2018-09-03,1864,27393,29257
26,2018-09-04,1922,28260,30182
26,2018-09-05,2027,28384,30411
26,2018-09-06,2050,31274,33324
26,2018-09-07,1944,29832,31776
26,2018-09-08,794,28348,29142
26,2018-09-09,222,19414,19636
26,2018-09-10,2100,27633,29733
26,2018-09-11,2084,28646,30730
26,2018-09-12,2075,28932,31007
26,2018-09-14,2074,30416,32490
26,2018-09-15,877,28770,29647
26,2018-09-16,260,19892,20152
26,2018-09-17,2121,29412,31533
26,2018-09-18,2220,29584,31804
26,2018-09-19,2273,29314,31587
26,2018-09-20,2171,29965,32136
26,2018-09-21,2132,30516,32648
26,2018-09-22,886,29044,29930
26,2018-09-23,123,17121,17244
26,2018-09-24,2110,29111,31221
26,2018-09-25,2266,29279,31545
26,2018-09-26,2162,29785,31947
26,2018-09-28,2326,31743,34069
26,2018-09-29,942,30286,31228
26,2018-09-30,266,21519,21785
26,2018-10-01,2193,29030,31223
26,2018-10-02,2091,28857,30948
26,2018-10-03,2178,29524,31702
26,2018-10-04,2286,30332,32618
26,2018-10-05,2239,31488,33727
26,2018-10-06,984,30173,31157
26,2018-10-07,212,19573,19785
26,2018-10-08,2255,28900,31155
26,2018-10-09,2261,29672,31933
26,2018-10-10,2360,29456,31816
26,2018-10-12,2183,31386,33569
26,2018-10-13,859,29211,30070
26,2018-10-14,221,20656,20877
26,2018-10-15,2188,29156,31344
26,2018-10-16,2121,29757,31878
26,2018-10-17,2284,29406,31690
26,2018-10-18,2233,30762,32995
26,2018-10-19,2230,31517,33747
26,2018-10-20,848,29058,29906
26,2018-10-21,276,20869,21145
26,2018-10-22,2217,28932,31149
26,2018-10-23,2242,29275,31517
26,2018-10-24,2111,29064,31175
26,2018-10-26,2140,31360,33500
26,2018-10-27,815,29640,30455
26,2018-10-28,242,19054,19296
26,2018-10-29,2510,31584,34094
26,2018-10-30,2050,31008,33058
26,2018-10-31,2146,30349,32495
26,2018-11-02,1502,28905,30407
26,2018-11-03,800,26925,27725
26,2018-11-04,200,18995,19195
26,2018-11-05,2188,28961,31149
26,2018-11-06,2187,28941,31128
26,2018-11-07,2252,28982,31234
26,2018-11-09,2261,31098,33359
26,2018-11-10,545,26959,27504
26,2018-11-11,143,18887,19030
26,2018-11-12,2164,27327,29491
26,2018-11-13,2268,29108,31376
26,2018-11-14,2168,29287,31455
26,2018-11-15,2258,29802,32060
26,2018-11-16,2273,31186,33459
26,2018-11-17,851,27312,28163
26,2018-11-18,244,19642,19886
26,2018-11-19,2151,27633,29784
26,2018-11-20,2153,29032,31185
26,2018-11-21,2255,28716,30971
26,2018-11-23,2164,32127,34291
26,2018-11-24,617,28634,29251
26,2018-11-25,188,20022,20210
26,2018-11-26,2136,28647,30783
26,2018-11-27,2046,29331,31377
26,2018-11-28,1944,28711,30655
26,2018-11-30,2009,31837,33846
26,2018-12-01,649,28728,29377
26,2018-12-02,90,19627,19717
26,2018-12-03,1588,26409,27997
26,2018-12-04,2097,29798,31895
26,2018-12-05,2101,29728,31829
26,2018-12-06,1848,29998,31846
26,2018-12-07,1693,30668,32361
26,2018-12-08,538,27539,28077
26,2018-12-09,139,18841,18980
26,2018-12-10,2152,29066,31218
26,2018-12-11,2174,29709,31883
26,2018-12-12,2276,29843,32119
26,2018-12-14,2177,32148,34325
26,2018-12-15,803,30684,31487
26,2018-12-16,149,20065,20214
26,2018-12-17,1796,29324,31120
26,2018-12-18,2032,30608,32640
26,2018-12-19,1701,30422,32123
26,2018-12-20,1600,31371,32971
26,2018-12-21,1213,32005,33218
26,2018-12-22,408,27977,28385
26,2018-12-23,93,20412,20505
26,2018-12-24,767,24470,25237
26,2018-12-25,96,13169,13265
26,2018-12-26,259,17517,17776
26,2018-12-27,1003,24953,25956
26,2018-12-28,1042,26522,27564
26,2018-12-29,398,23014,23412
26,2018-12-30,128,18274,18402
26,2018-12-31,587,23409,23996
27,2018-01-01,4,791,795
27,2018-01-02,24,1691,1715
27,2018-01-03,40,1640,1680
27,2018-01-04,33,1725,1758
27,2018-01-05,27,1872,1899
27,2018-01-06,20,1552,1572
27,2018-01-07,6,1286,1292
27,2018-01-08,44,1817,1861
27,2018-01-09,44,1834,1878
27,2018-01-10,54,1849,1903
27,2018-01-11,52,1949,2001
27,2018-01-12,63,2024,2087
27,2018-01-13,23,1658,1681
27,2018-01-14,12,1705,1717
27,2018-01-15,45,1773,1818
27,2018-01-16,44,1909,1953
27,2018-01-17,50,1853,1903
27,2018-01-18,60,1808,1868
27,2018-01-19,57,1983,2040
27,2018-01-20,10,1336,1346
27,2018-01-21,3,1246,1249
27,2018-01-22,55,1857,1912
27,2018-01-23,51,1858,1909
27,2018-01-24,49,1887,1936
27,2018-01-25,52,1839,1891
27,2018-01-26,57,2003,2060
27,2018-01-27,19,1587,1606
27,2018-01-28,12,1376,1388
27,2018-01-29,56,1877,1933
27,2018-01-30,52,1844,1896
27,2018-01-31,50,1965,2015
27,2018-02-02,54,2028,2082
27,2018-02-03,16,1607,1623
27,2018-02-04,6,1371,1377
27,2018-02-05,52,1906,1958
27,2018-02-06,51,1618,1669
27,2018-02-07,55,1953,2008
27,2018-02-08,60,2099,2159
27,2018-02-09,65,1953,2018
27,2018-02-10,21,1549,1570
27,2018-02-11,19,1221,1240
27,2018-02-12,34,1386,1420
27,2018-02-13,36,1817,1853
27,2018-02-14,48,1952,2000
27,2018-02-15,42,1824,1866
27,2018-02-16,59,2043,2102
27,2018-02-17,18,1649,1667
27,2018-02-18,12,1528,1540
27,2018-02-19,53,1898,1951
27,2018-02-20,51,1842,1893
27,2018-02-21,52,1938,1990
27,2018-02-22,54,1943,1997
27,2018-02-23,53,2126,2179
27,2018-02-24,8,1675,1683
27,2018-02-25,6,1465,1471
27,2018-02-26,63,1905,1968
27,2018-02-27,35,1807,1842
27,2018-02-28,62,1878,1940
27,2018-03-01,40,1907,1947
27,2018-03-02,62,1569,1631
27,2018-03-03,14,1651,1665
27,2018-03-04,12,1359,1371
27,2018-03-05,44,1848,1892
27,2018-03-06,42,1966,2008
27,2018-03-07,52,1878,1930
27,2018-03-08,63,1811,1874
27,2018-03-09,43,2068,2111
27,2018-03-10,9,1727,1736
27,2018-03-11,15,1516,1531
27,2018-03-12,53,1796,1849
27,2018-03-13,65,1804,1869
27,2018-03-14,73,1970,2043
27,2018-03-15,55,1991,2046
27,2018-03-16,61,2176,2237
27,2018-03-17,25,1702,1727
27,2018-03-18,5,1412,1417
27,2018-03-19,60,1940,2000
27,2018-03-20,63,1988,2051
27,2018-03-21,61,2022,2083
27,2018-03-22,64,1952,2016
27,2018-03-23,64,2144,2208
27,2018-03-24,16,1897,1913
27,2018-03-26,60,1976,2036
27,2018-03-27,58,1933,1991
27,2018-03-29,53,2312,2365
27,2018-03-30,35,2352,2387
27,2018-03-31,17,2096,2113
27,2018-04-01,13,1645,1658
27,2018-04-02,13,1897,1910
27,2018-04-03,59,1965,2024
27,2018-04-04,60,2036,2096
27,2018-04-05,62,2156,2218
27,2018-04-06,58,2357,2415
27,2018-04-07,23,2205,2228
27,2018-04-08,24,2500,2524
27,2018-04-09,64,1994,2058
27,2018-04-10,79,2155,2234
27,2018-04-11,69,2091,2160
27,2018-04-12,84,2236,2320
27,2018-04-13,68,2286,2354
27,2018-04-14,24,2143,2167
27,2018-04-15,6,2053,2059
27,2018-04-16,63,2010,2073
27,2018-04-17,48,2113,2161
27,2018-04-18,62,2205,2267
27,2018-04-19,52,2273,2325
27,2018-04-20,78,2530,2608
27,2018-04-21,33,2455,2488
27,2018-04-22,17,2402,2419
27,2018-04-23,62,2175,2237
27,2018-04-24,64,2196,2260
27,2018-04-25,75,2114,2189
27,2018-04-26,70,2287,2357
27,2018-04-27,92,2525,2617
27,2018-04-28,35,2442,2477
27,2018-04-29,18,2084,2102
27,2018-04-30,40,2213,2253
27,2018-05-01,15,1977,1992
27,2018-05-02,75,2351,2426
27,2018-05-03,86,2320,2406
27,2018-05-04,85,2590,2675
27,2018-05-05,19,2540,2559
27,2018-05-06,26,2805,2831
27,2018-05-07,67,2299,2366
27,2018-05-08,74,2479,2553
27,2018-05-09,105,2585,2690
27,2018-05-10,19,2413,2432
27,2018-05-11,54,3453,3507
27,2018-05-12,40,3065,3105
27,2018-05-13,38,2060,2098
27,2018-05-14,71,2065,2136
27,2018-05-15,71,1879,1950
27,2018-05-16,90,2237,2327
27,2018-05-17,92,2380,2472
27,2018-05-18,86,2708,2794
27,2018-05-19,33,2753,2786
27,2018-05-20,22,3061,3083
27,2018-05-21,30,2870,2900
27,2018-05-22,74,2277,2351
27,2018-05-23,71,2356,2427
27,2018-05-24,90,2254,2344
27,2018-05-25,79,2749,2828
27,2018-05-26,32,2628,2660
27,2018-05-27,16,2308,2324
27,2018-05-28,113,2324,2437
27,2018-05-29,109,2306,2415
27,2018-05-30,91,2345,2436
27,2018-05-31,60,2628,2688
27,2018-06-01,84,2784,2868
27,2018-06-02,21,2882,2903
27,2018-06-03,16,2692,2708
27,2018-06-04,89,2290,2379
27,2018-06-05,76,2314,2390
27,2018-06-06,83,2218,2301
27,2018-06-07,71,2425,2496
27,2018-06-08,79,2928,3007
27,2018-06-09,40,2648,2688
27,2018-06-10,23,2371,2394
27,2018-06-11,87,2115,2202
27,2018-06-12,53,2199,2252
27,2018-06-13,68,2286,2354
27,2018-06-14,84,2335,2419
27,2018-06-15,92,2789,2881
27,2018-06-16,31,2481,2512
27,2018-06-17,18,2225,2243
27,2018-06-18,86,2229,2315
27,2018-06-19,93,2308,2401
27,2018-06-20,73,2376,2449
27,2018-06-21,94,2664,2758
27,2018-06-22,60,2593,2653
27,2018-06-23,31,2616,2647
27,2018-06-24,23,2201,2224
27,2018-06-25,80,2347,2427
27,2018-06-26,71,2350,2421
27,2018-06-27,97,2409,2506
27,2018-06-28,73,2465,2538
27,2018-06-29,77,2662,2739
27,2018-06-30,27,2656,2683
27,2018-07-01,25,3336,3361
27,2018-07-02,76,2273,2349
27,2018-07-03,64,2347,2411
27,2018-07-04,74,2222,2296
27,2018-07-05,74,2315,2389
27,2018-07-06,73,2577,2650
27,2018-07-07,25,2482,2507
27,2018-07-08,14,2677,2691
27,2018-07-09,71,2416,2487
27,2018-07-10,78,2364,2442
27,2018-07-11,60,2333,2393
27,2018-07-12,82,2645,2727
27,2018-07-13,83,2713,2796
27,2018-07-14,39,2559,2598
27,2018-07-15,23,2371,2394
27,2018-07-16,76,2418,2494
27,2018-07-17,67,2453,2520
27,2018-07-18,78,2551,2629
27,2018-07-19,98,2692,2790
27,2018-07-20,80,2746,2826
27,2018-07-21,24,2560,2584
27,2018-07-22,18,2596,2614
27,2018-07-23,75,2422,2497
27,2018-07-24,70,2709,2779
27,2018-07-25,74,2600,2674
27,2018-07-26,99,2663,2762
27,2018-07-27,66,2740,2806
27,2018-07-28,35,2789,2824
27,2018-07-29,23,2915,2938
27,2018-07-30,71,2519,2590
27,2018-07-31,60,2583,2643
27,2018-08-01,43,2655,2698
27,2018-08-02,60,2637,2697
27,2018-08-03,46,2812,2858
27,2018-08-04,28,2789,2817
27,2018-08-05,32,2819,2851
27,2018-08-06,62,2426,2488
27,2018-08-07,66,2388,2454
27,2018-08-08,53,2598,2651
27,2018-08-09,77,2501,2578
27,2018-08-10,51,2831,2882
27,2018-08-11,39,2669,2708
27,2018-08-12,21,2879,2900
27,2018-08-13,80,2463,2543
27,2018-08-14,55,2519,2574
27,2018-08-15,36,2408,2444
27,2018-08-16,78,2659,2737
27,2018-08-17,73,2607,2680
27,2018-08-18,30,2664,2694
27,2018-08-19,28,2323,2351
27,2018-08-20,87,2431,2518
27,2018-08-21,87,2535,2622
27,2018-08-22,73,2591,2664
27,2018-08-23,79,2557,2636
27,2018-08-24,90,2704,2794
27,2018-08-25,25,2481,2506
27,2018-08-26,21,2430,2451
27,2018-08-27,71,2198,2269
27,2018-08-28,76,2398,2474
27,2018-08-29,78,2356,2434
27,2018-08-30,73,2499,2572
27,2018-08-31,86,2809,2895
27,2018-09-01,24,2690,2714
27,2018-09-02,18,2890,2908
27,2018-09-03,110,2299,2409
27,2018-09-04,75,2397,2472
27,2018-09-05,76,2427,2503
27,2018-09-06,83,2481,2564
27,2018-09-07,72,2607,2679
27,2018-09-08,46,2933,2979
27,2018-09-09,32,2644,2676
27,2018-09-10,81,2282,2363
27,2018-09-11,98,2349,2447
27,2018-09-12,101,3131,3232
27,2018-09-13,168,4290,4458
27,2018-09-14,135,3052,3187
27,2018-09-15,32,2662,2694
27,2018-09-16,13,2677,2690
27,2018-09-17,121,2359,2480
27,2018-09-18,86,2440,2526
27,2018-09-19,77,2453,2530
27,2018-09-20,201,2490,2691
27,2018-09-21,132,2498,2630
27,2018-09-22,47,2725,2772
27,2018-09-23,34,1766,1800
27,2018-09-24,103,2075,2178
27,2018-09-25,100,2233,2333
27,2018-09-26,94,2218,2312
27,2018-09-27,115,2312,2427
27,2018-09-28,123,2563,2686
27,2018-09-29,32,2234,2266
27,2018-09-30,23,2385,2408
27,2018-10-02,95,2106,2201
27,2018-10-03,29,2479,2508
27,2018-10-04,87,2380,2467
27,2018-10-05,91,2527,2618
27,2018-10-06,29,2219,2248
27,2018-10-07,21,2407,2428
27,2018-10-08,70,2168,2238
27,2018-10-09,81,2166,2247
27,2018-10-10,58,2298,2356
27,2018-10-11,75,2337,2412
27,2018-10-12,87,2544,2631
27,2018-10-13,41,2457,2498
27,2018-10-14,16,2341,2357
27,2018-10-15,63,2132,2195
27,2018-10-16,72,2252,2324
27,2018-10-17,65,2219,2284
27,2018-10-18,95,2431,2526
27,2018-10-19,91,2462,2553
27,2018-10-20,47,2244,2291
27,2018-10-21,13,2237,2250
27,2018-10-22,83,2161,2244
27,2018-10-23,70,2252,2322
27,2018-10-24,69,2269,2338
27,2018-10-25,81,2349,2430
27,2018-10-26,89,2548,2637
27,2018-10-27,34,2091,2125
27,2018-10-28,15,1809,1824
27,2018-10-29,101,2125,2226
27,2018-10-30,84,2104,2188
27,2018-11-01,18,1581,1599
27,2018-11-02,63,2215,2278
27,2018-11-03,17,1988,2005
27,2018-11-04,11,1770,1781
27,2018-11-05,95,2085,2180
27,2018-11-06,73,2182,2255
27,2018-11-07,113,2079,2192
27,2018-11-08,89,2175,2264
27,2018-11-09,74,2368,2442
27,2018-11-10,17,1833,1850
27,2018-11-11,14,1651,1665
27,2018-11-12,69,1980,2049
27,2018-11-13,79,2068,2147
27,2018-11-14,58,1988,2046
27,2018-11-15,85,2164,2249
27,2018-11-16,75,2396,2471
27,2018-11-17,24,1957,1981
27,2018-11-18,13,1777,1790
27,2018-11-19,76,2038,2114
27,2018-11-20,69,1997,2066
27,2018-11-21,52,2166,2218
27,2018-11-22,68,2099,2167
27,2018-11-23,73,2328,2401
27,2018-11-24,23,1957,1980
27,2018-11-25,7,1549,1556
27,2018-11-26,74,2053,2127
27,2018-11-27,61,1995,2056
27,2018-11-28,54,2102,2156
27,2018-11-29,78,2261,2339
27,2018-11-30,66,2277,2343
27,2018-12-01,14,1824,1838
27,2018-12-02,33,1650,1683
27,2018-12-03,54,2091,2145
27,2018-12-04,68,2110,2178
27,2018-12-05,68,2140,2208
27,2018-12-06,59,2087,2146
27,2018-12-07,65,2214,2279
27,2018-12-08,18,1793,1811
27,2018-12-09,12,1685,1697
27,2018-12-10,79,1986,2065
27,2018-12-11,73,2001,2074
27,2018-12-12,79,2018,2097
27,2018-12-13,76,2111,2187
27,2018-12-14,72,2198,2270
27,2018-12-15,38,1761,1799
27,2018-12-16,11,1111,1122
27,2018-12-17,55,1915,1970
27,2018-12-18,80,1922,2002
27,2018-12-19,57,2138,2195
27,2018-12-20,50,2174,2224
27,2018-12-21,44,2288,2332
27,2018-12-22,15,1666,1681
27,2018-12-23,7,1293,1300
27,2018-12-24,42,1488,1530
27,2018-12-25,2,692,694
27,2018-12-26,15,1388,1403
27,2018-12-27,17,1774,1791
27,2018-12-28,30,1852,1882
27,2018-12-29,19,1642,1661
27,2018-12-30,11,1321,1332
27,2018-12-31,19,1570,1589
29,2018-01-01,6,5600,5606
29,2018-01-02,192,13802,13994
29,2018-01-03,178,13710,13888
29,2018-01-05,261,15552,15813
29,2018-01-06,122,12126,12248
29,2018-01-07,41,8800,8841
29,2018-01-08,390,16324,16714
29,2018-01-09,418,16711,17129
29,2018-01-10,394,16567,16961
29,2018-01-12,346,17193,17539
29,2018-01-13,111,13049,13160
29,2018-01-14,55,10343,10398
29,2018-01-15,398,15560,15958
29,2018-01-16,438,15464,15902
29,2018-01-17,410,16148,16558
29,2018-01-18,408,16072,16480
29,2018-01-19,434,17030,17464
29,2018-01-20,98,12444,12542
29,2018-01-21,41,9233,9274
29,2018-01-22,430,15832,16262
29,2018-01-23,387,16476,16863
29,2018-01-24,384,16491,16875
29,2018-01-26,360,16838,17198
29,2018-01-27,100,13020,13120
29,2018-01-28,26,9288,9314
29,2018-01-29,400,16215,16615
29,2018-01-30,458,16597,17055
29,2018-01-31,462,15830,16292
29,2018-02-01,470,16718,17188
29,2018-02-02,379,17223,17602
29,2018-02-03,117,13338,13455
29,2018-02-04,41,9147,9188
29,2018-02-05,403,16100,16503
29,2018-02-06,348,16025,16373
29,2018-02-07,436,16440,16876
29,2018-02-09,352,16307,16659
29,2018-02-10,102,11484,11586
29,2018-02-11,35,7534,7569
29,2018-02-12,207,13471,13678
29,2018-02-13,270,15416,15686
29,2018-02-14,397,16559,16956
29,2018-02-15,303,15808,16111
29,2018-02-16,365,17100,17465
29,2018-02-17,116,12214,12330
29,2018-02-18,49,9615,9664
29,2018-02-19,409,15985,16394
29,2018-02-20,418,16451,16869
29,2018-02-21,447,16307,16754
29,2018-02-23,384,17098,17482
29,2018-02-24,134,13379,13513
29,2018-02-25,52,9944,9996
29,2018-02-26,351,16223,16574
29,2018-02-27,371,16315,16686
29,2018-02-28,350,16793,17143
29,2018-03-01,376,16961,17337
29,2018-03-02,328,14169,14497
29,2018-03-03,71,11794,11865
29,2018-03-04,49,9292,9341
29,2018-03-05,403,16647,17050
29,2018-03-06,460,16768,17228
29,2018-03-07,462,15882,16344
29,2018-03-09,403,17278,17681
29,2018-03-10,126,13502,13628
29,2018-03-11,61,10658,10719
29,2018-03-12,485,16324,16809
29,2018-03-13,422,16521,16943
29,2018-03-14,459,16802,17261
29,2018-03-15,431,16780,17211
29,2018-03-16,415,17723,18138
29,2018-03-17,146,12933,13079
29,2018-03-18,32,9033,9065
29,2018-03-19,459,16394,16853
29,2018-03-20,437,16889,17326
29,2018-03-21,495,16957,17452
29,2018-03-22,436,16488,16924
29,2018-03-23,455,17617,18072
29,2018-03-24,141,13987,14128
29,2018-03-26,455,16272,16727
29,2018-03-27,479,16744,17223
29,2018-03-28,446,16712,17158
29,2018-03-31,120,12988,13108
29,2018-04-01,18,8592,8610
29,2018-04-02,61,10342,10403
29,2018-04-03,476,16556,17032
29,2018-04-04,406,15858,16264
29,2018-04-05,458,16742,17200
29,2018-04-06,435,17790,18225
29,2018-04-07,159,13482,13641
29,2018-04-08,87,11980,12067
29,2018-04-09,476,16862,17338
29,2018-04-10,472,17046,17518
29,2018-04-11,480,17932,18412
29,2018-04-13,396,16570,16966
29,2018-04-14,154,12500,12654
29,2018-04-15,68,10002,10070
29,2018-04-16,406,14911,15317
29,2018-04-17,433,15608,16041
29,2018-04-18,390,15445,15835
29,2018-04-19,404,15691,16095
29,2018-04-20,374,16317,16691
29,2018-04-21,131,12707,12838
29,2018-04-22,59,10428,10487
29,2018-04-23,367,14962,15329
29,2018-04-24,406,15486,15892
29,2018-04-25,452,15278,15730
29,2018-04-27,412,16377,16789
29,2018-04-28,144,12506,12650
29,2018-04-29,34,9178,9212
29,2018-04-30,258,14412,14670
29,2018-05-01,59,8248,8307
29,2018-05-02,355,16074,16429
29,2018-05-03,445,16089,16534
29,2018-05-04,374,17066,17440
29,2018-05-05,137,12360,12497
29,2018-05-06,95,10340,10435
29,2018-05-07,455,16008,16463
29,2018-05-08,390,16598,16988
29,2018-05-09,387,17167,17554
29,2018-05-11,250,14869,15119
29,2018-05-12,112,12292,12404
29,2018-05-13,30,8924,8954
29,2018-05-14,450,15368,15818
29,2018-05-15,376,16206,16582
29,2018-05-16,436,16046,16482
29,2018-05-17,391,16646,17037
29,2018-05-18,415,16480,16895
29,2018-05-19,123,12428,12551
29,2018-05-20,52,8738,8790
29,2018-05-21,88,9820,9908
29,2018-05-22,431,15857,16288
29,2018-05-23,463,16161,16624
29,2018-05-25,373,16246,16619
29,2018-05-26,127,12097,12224
29,2018-05-27,48,9290,9338
29,2018-05-28,390,15448,15838
29,2018-05-29,493,15772,16265
29,2018-05-30,498,16632,17130
29,2018-05-31,210,16382,16592
29,2018-06-01,376,15346,15722
29,2018-06-02,119,12381,12500
29,2018-06-03,80,10176,10256
29,2018-06-04,421,15682,16103
29,2018-06-05,419,15824,16243
29,2018-06-06,401,15870,16271
29,2018-06-08,355,16387,16742
29,2018-06-09,156,11910,12066
29,2018-06-10,60,9678,9738
29,2018-06-11,402,14706,15108
29,2018-06-12,320,15554,15874
29,2018-06-13,404,16211,16615
29,2018-06-14,421,15999,16420
29,2018-06-15,344,16991,17335
29,2018-06-16,128,13017,13145
29,2018-06-17,89,10839,10928
29,2018-06-18,362,16126,16488
29,2018-06-19,398,16873,17271
29,2018-06-20,388,17378,17766
29,2018-06-22,394,17610,18004
29,2018-06-23,103,13417,13520
29,2018-06-24,75,10787,10862
29,2018-06-25,388,16169,16557
29,2018-06-26,422,16831,17253
29,2018-06-27,441,16642,17083
29,2018-06-28,427,17390,17817
29,2018-06-29,435,18086,18521
29,2018-06-30,154,13627,13781
29,2018-07-01,84,11151,11235
29,2018-07-02,445,16567,17012
29,2018-07-03,478,17122,17600
29,2018-07-04,584,16702,17286
29,2018-07-06,370,16258,16628
29,2018-07-07,146,13434,13580
29,2018-07-08,85,11305,11390
29,2018-07-09,482,16433,16915
29,2018-07-10,457,16526,16983
29,2018-07-11,481,16404,16885
29,2018-07-12,455,16988,17443
29,2018-07-13,419,17310,17729
29,2018-07-14,168,13356,13524
29,2018-07-15,68,10920,10988
29,2018-07-16,427,15957,16384
29,2018-07-17,470,16267,16737
29,2018-07-18,489,17029,17518
29,2018-07-20,476,16871,17347
29,2018-07-21,149,12852,13001
29,2018-07-22,86,10964,11050
29,2018-07-23,434,15647,16081
29,2018-07-24,418,15959,16377
29,2018-07-25,440,15757,16197
29,2018-07-26,360,15876,16236
29,2018-07-27,372,16040,16412
29,2018-07-28,140,12400,12540
29,2018-07-29,49,10959,11008
29,2018-07-30,309,15894,16203
29,2018-07-31,335,16357,16692
29,2018-08-01,388,15782,16170
29,2018-08-31,494,18972,19466
29,2018-09-01,198,13769,13967
29,2018-09-02,76,11950,12026
29,2018-09-03,507,17147,17654
29,2018-09-04,487,17692,18179
29,2018-09-05,507,17566,18073
29,2018-09-06,542,17722,18264
29,2018-09-07,449,18278,18727
29,2018-09-08,188,13561,13749
29,2018-09-09,95,11509,11604
29,2018-09-10,467,17212,17679
29,2018-09-11,453,17334,17787
29,2018-09-12,449,17456,17905
29,2018-09-14,434,18031,18465
29,2018-09-15,162,13607,13769
29,2018-09-16,88,11879,11967
29,2018-09-17,441,16885,17326
29,2018-09-18,505,17295,17800
29,2018-09-19,437,17243,17680
29,2018-09-20,473,17358,17831
29,2018-09-21,490,17190,17680
29,2018-09-22,189,13757,13946
29,2018-09-23,20,10216,10236
29,2018-09-24,434,16762,17196
29,2018-09-25,504,17133,17637
29,2018-09-26,462,17591,18053
29,2018-09-28,442,18376,18818
29,2018-09-29,177,14096,14273
29,2018-09-30,84,12081,12165
29,2018-10-01,460,16434,16894
29,2018-10-02,465,16918,17383
29,2018-10-03,230,17195,17425
29,2018-10-04,484,17006,17490
29,2018-10-05,449,17480,17929
29,2018-10-06,159,13778,13937
29,2018-10-07,52,10567,10619
29,2018-10-08,450,16268,16718
29,2018-10-09,509,16882,17391
29,2018-10-10,505,16963,17468
29,2018-10-12,429,17896,18325
29,2018-10-13,187,14196,14383
29,2018-10-14,77,12089,12166
29,2018-10-15,469,17147,17616
29,2018-10-16,442,17556,17998
29,2018-10-17,485,17722,18207
29,2018-10-18,456,17446,17902
29,2018-10-19,469,18091,18560
29,2018-10-20,171,13728,13899
29,2018-10-21,58,11984,12042
29,2018-10-22,453,16772,17225
29,2018-10-23,458,17044,17502
29,2018-10-24,477,16924,17401
29,2018-10-26,446,17624,18070
29,2018-10-27,138,13502,13640
29,2018-10-28,54,11132,11186
29,2018-10-29,398,16570,16968
29,2018-10-30,410,16928,17338
29,2018-10-31,451,18720,19171
29,2018-11-02,318,16000,16318
29,2018-11-03,175,13369,13544
29,2018-11-04,58,10796,10854
29,2018-11-05,395,17129,17524
29,2018-11-06,455,17124,17579
29,2018-11-07,464,17116,17580
29,2018-11-09,476,17376,17852
29,2018-11-10,104,12732,12836
29,2018-11-11,22,10814,10836
29,2018-11-12,468,15612,16080
29,2018-11-13,469,17063,17532
29,2018-11-14,456,17134,17590
29,2018-11-15,428,17506,17934
29,2018-11-16,449,17871,18320
29,2018-11-17,151,13568,13719
29,2018-11-18,60,10810,10870
29,2018-11-19,444,16004,16448
29,2018-11-20,445,16874,17319
29,2018-11-21,483,17060,17543
29,2018-11-23,465,18152,18617
29,2018-11-24,106,13556,13662
29,2018-11-25,43,10283,10326
29,2018-11-26,408,16571,16979
29,2018-11-27,469,16837,17306
29,2018-11-28,414,16893,17307
29,2018-11-30,433,18131,18564
29,2018-12-01,122,13298,13420
29,2018-12-02,22,10154,10176
29,2018-12-03,388,15564,15952
29,2018-12-04,448,17168,17616
29,2018-12-05,462,16752,17214
29,2018-12-06,508,16894,17402
29,2018-12-07,428,17028,17456
29,2018-12-08,112,12994,13106
29,2018-12-09,14,9846,9860
29,2018-12-10,435,17073,17508
29,2018-12-11,439,17190,17629
29,2018-12-12,416,17455,17871
29,2018-12-14,416,17691,18107
29,2018-12-15,154,13958,14112
29,2018-12-16,25,8530,8555
29,2018-12-17,358,16677,17035
29,2018-12-18,453,17349,17802
29,2018-12-19,494,16636,17130
29,2018-12-20,398,16886,17284
29,2018-12-21,268,16834,17102
29,2018-12-22,100,12100,12200
29,2018-12-23,16,9006,9022
29,2018-12-24,96,10102,10198
29,2018-12-25,14,6205,6219
29,2018-12-26,30,7304,7334
29,2018-12-27,177,13114,13291
29,2018-12-28,191,13242,13433
29,2018-12-29,104,11020,11124
29,2018-12-30,30,8656,8686
29,2018-12-31,101,10379,10480
30,2018-01-01,84,3898,3982
30,2018-01-02,174,8944,9118
30,2018-01-03,194,8910,9104
30,2018-01-05,225,9251,9476
30,2018-01-06,71,5955,6026
30,2018-01-07,31,4424,4455
30,2018-01-08,326,10359,10685
30,2018-01-09,313,10388,10701
30,2018-01-10,329,10486,10815
30,2018-01-12,398,10729,11127
30,2018-01-13,107,6597,6704
30,2018-01-14,18,4900,4918
30,2018-01-15,325,9364,9689
30,2018-01-16,350,11398,11748
30,2018-01-17,384,11330,11714
30,2018-01-18,312,11896,12208
30,2018-01-19,357,10829,11186
30,2018-01-20,45,6197,6242
30,2018-01-21,17,4397,4414
30,2018-01-22,298,11218,11516
30,2018-01-23,313,10255,10568
30,2018-01-24,311,9905,10216
30,2018-01-26,297,11240,11537
30,2018-01-27,69,6513,6582
30,2018-01-28,12,4525,4537
30,2018-01-29,308,10021,10329
30,2018-01-30,319,10466,10785
30,2018-01-31,246,11458,11704
30,2018-02-01,311,10370,10681
30,2018-02-02,316,10771,11087
30,2018-02-03,62,6816,6878
30,2018-02-04,9,4450,4459
30,2018-02-05,363,10154,10517
30,2018-02-06,287,9355,9642
30,2018-02-07,313,9961,10274
30,2018-02-09,361,11424,11785
30,2018-02-10,86,6216,6302
30,2018-02-11,15,3996,4011
30,2018-02-12,331,9812,10143
30,2018-02-13,330,10434,10764
30,2018-02-14,361,10584,10945
30,2018-02-15,213,10356,10569
30,2018-02-16,315,11305,11620
30,2018-02-17,72,6549,6621
30,2018-02-18,24,5325,5349
30,2018-02-19,348,10020,10368
30,2018-02-20,409,10457,10866
30,2018-02-21,366,10357,10723
30,2018-02-23,340,11185,11525
30,2018-02-24,83,6981,7064
30,2018-02-25,16,4913,4929
30,2018-02-26,394,9689,10083
30,2018-02-27,398,10596,10994
30,2018-02-28,343,9695,10038
30,2018-03-01,326,9814,10140
30,2018-03-02,252,9029,9281
30,2018-03-03,50,6190,6240
30,2018-03-04,20,4882,4902
30,2018-03-05,313,10424,10737
30,2018-03-06,369,10940,11309
30,2018-03-07,270,10652,10922
30,2018-03-09,306,10445,10751
30,2018-03-10,57,6626,6683
30,2018-03-11,16,5189,5205
30,2018-03-12,272,10482,10754
30,2018-03-13,285,10594,10879
30,2018-03-14,369,10558,10927
30,2018-03-15,291,10593,10884
30,2018-03-16,317,11855,12172
30,2018-03-17,46,6511,6557
30,2018-03-18,26,4280,4306
30,2018-03-19,305,10400,10705
30,2018-03-20,363,10779,11142
30,2018-03-21,331,10747,11078
30,2018-03-22,386,12488,12874
30,2018-03-23,363,11582,11945
30,2018-03-24,70,7563,7633
30,2018-03-26,344,10460,10804
30,2018-03-27,306,11133,11439
30,2018-03-28,356,12126,12482
30,2018-03-31,74,7440,7514
30,2018-04-01,26,5268,5294
30,2018-04-02,42,4729,4771
30,2018-04-03,410,11547,11957
30,2018-04-04,361,10442,10803
30,2018-04-05,422,12924,13346
30,2018-04-06,427,11532,11959
30,2018-04-07,88,7461,7549
30,2018-04-08,22,5801,5823
30,2018-04-09,385,11313,11698
30,2018-04-10,371,11686,12057
30,2018-04-11,337,11557,11894
30,2018-04-13,422,12461,12883
30,2018-04-14,95,7675,7770
30,2018-04-15,44,5777,5821
30,2018-04-16,409,11483,11892
30,2018-04-17,367,12004,12371
30,2018-04-18,421,12151,12572
30,2018-04-19,389,12420,12809
30,2018-04-20,403,12970,13373
30,2018-04-21,152,8827,8979
30,2018-04-22,30,6596,6626
30,2018-04-23,367,11614,11981
30,2018-04-24,374,11819,12193
30,2018-04-25,404,12824,13228
30,2018-04-27,444,12493,12937
30,2018-04-28,136,7896,8032
30,2018-04-30,240,8798,9038
30,2018-05-01,40,5163,5203
30,2018-05-02,377,11158,11535
30,2018-05-03,435,11730,12165
30,2018-05-04,402,12660,13062
30,2018-05-05,108,8464,8572
30,2018-05-06,21,6587,6608
30,2018-05-07,359,11766,12125
30,2018-05-08,397,12854,13251
30,2018-05-09,389,12226,12615
30,2018-05-11,335,10282,10617
30,2018-05-12,75,7438,7513
30,2018-05-13,18,5740,5758
30,2018-05-14,322,12294,12616
30,2018-05-15,435,12040,12475
30,2018-05-16,398,12742,13140
30,2018-05-17,494,11915,12409
30,2018-05-18,415,13194,13609
30,2018-05-19,146,8077,8223
30,2018-05-20,98,5916,6014
30,2018-05-21,48,6976,7024
30,2018-05-22,342,12114,12456
30,2018-05-23,392,12834,13226
30,2018-05-25,320,12431,12751
30,2018-05-26,99,7907,8006
30,2018-05-27,32,5778,5810
30,2018-05-28,420,12842,13262
30,2018-05-29,345,11863,12208
30,2018-05-30,420,13280,13700
30,2018-05-31,418,13940,14358
30,2018-06-01,386,13790,14176
30,2018-06-02,109,7819,7928
30,2018-06-03,40,6347,6387
30,2018-06-04,368,12532,12900
30,2018-06-05,325,11840,12165
30,2018-06-06,334,11035,11369
30,2018-06-08,388,13346,13734
30,2018-06-09,92,10288,10380
30,2018-06-10,38,7266,7304
30,2018-06-11,316,11968,12284
30,2018-06-12,344,12346,12690
30,2018-06-13,399,11723,12122
30,2018-06-14,374,13146,13520
30,2018-06-15,314,12478,12792
30,2018-06-16,88,8140,8228
30,2018-06-17,40,6291,6331
30,2018-06-18,442,11208,11650
30,2018-06-19,367,11293,11660
30,2018-06-20,365,11383,11748
30,2018-06-22,404,12083,12487
30,2018-06-23,75,6435,6510
30,2018-06-24,40,5711,5751
30,2018-06-25,373,11175,11548
30,2018-06-26,386,11810,12196
30,2018-06-27,360,11409,11769
30,2018-06-28,389,12287,12676
30,2018-06-29,386,12862,13248
30,2018-06-30,113,7958,8071
30,2018-07-01,39,6742,6781
30,2018-07-02,440,11653,12093
30,2018-07-03,533,11790,12323
30,2018-07-04,406,12870,13276
30,2018-07-06,383,12452,12835
30,2018-07-07,77,7880,7957
30,2018-07-08,32,6178,6210
30,2018-07-09,409,11422,11831
30,2018-07-10,472,11118,11590
30,2018-07-11,448,11208,11656
30,2018-07-12,389,11495,11884
30,2018-07-13,389,12869,13258
30,2018-07-14,127,8172,8299
30,2018-07-15,58,5602,5660
30,2018-07-16,463,11220,11683
30,2018-07-17,427,11230,11657
30,2018-07-18,427,11520,11947
30,2018-07-20,409,12313,12722
30,2018-07-21,97,7518,7615
30,2018-07-22,35,6349,6384
30,2018-07-23,393,11244,11637
30,2018-07-24,372,11373,11745
30,2018-07-25,430,11383,11813
30,2018-07-26,468,12376,12844
30,2018-07-27,251,11260,11511
30,2018-07-28,58,6773,6831
30,2018-07-29,25,5530,5555
30,2018-07-30,239,10133,10372
30,2018-07-31,279,10105,10384
30,2018-08-01,244,10854,11098
30,2018-08-03,254,10168,10422
30,2018-08-04,69,6289,6358
30,2018-08-05,31,4898,4929
30,2018-08-06,230,8761,8991
30,2018-08-07,216,8525,8741
30,2018-08-08,230,9974,10204
30,2018-08-09,234,9858,10092
30,2018-08-10,257,9397,9654
30,2018-08-11,53,5946,5999
30,2018-08-12,19,4907,4926
30,2018-08-13,226,8792,9018
30,2018-08-14,267,8082,8349
30,2018-08-15,65,4996,5061
30,2018-08-16,272,8309,8581
30,2018-08-17,282,8332,8614
30,2018-08-18,104,5823,5927
30,2018-08-19,45,5437,5482
30,2018-08-20,313,8492,8805
30,2018-08-21,301,9265,9566
30,2018-08-22,322,9143,9465
30,2018-08-23,332,9516,9848
30,2018-08-24,376,9997,10373
30,2018-08-25,86,6182,6268
30,2018-08-26,30,5333,5363
30,2018-08-27,334,9367,9701
30,2018-08-28,373,9558,9931
30,2018-08-29,350,9992,10342
30,2018-08-31,347,10716,11063
30,2018-09-01,190,9448,9638
30,2018-09-02,47,5730,5777
30,2018-09-03,351,9559,9910
30,2018-09-04,365,9983,10348
30,2018-09-05,331,10230,10561
30,2018-09-06,376,11794,12170
30,2018-09-07,409,11300,11709
30,2018-09-08,95,7570,7665
30,2018-09-09,17,6032,6049
30,2018-09-10,363,10902,11265
30,2018-09-11,345,11141,11486
30,2018-09-12,376,11219,11595
30,2018-09-14,378,11570,11948
30,2018-09-15,126,9194,9320
30,2018-09-16,60,6821,6881
30,2018-09-17,367,11091,11458
30,2018-09-18,427,11616,12043
30,2018-09-19,457,11044,11501
30,2018-09-20,417,11911,12328
30,2018-09-21,378,13080,13458
30,2018-09-22,89,7608,7697
30,2018-09-23,10,5310,5320
30,2018-09-24,355,10896,11251
30,2018-09-25,355,11736,12091
30,2018-09-26,393,11144,11537
30,2018-09-28,384,12448,12832
30,2018-09-29,175,9758,9933
30,2018-09-30,101,9080,9181
30,2018-10-01,374,11171,11545
30,2018-10-02,451,11664,12115
30,2018-10-03,327,11382,11709
30,2018-10-04,372,11792,12164
30,2018-10-05,359,12370,12729
30,2018-10-06,97,8108,8205
30,2018-10-07,24,6666,6690
30,2018-10-08,357,10931,11288
30,2018-10-09,360,11659,12019
30,2018-10-10,374,11545,11919
30,2018-10-12,386,12371,12757
30,2018-10-13,89,8172,8261
30,2018-10-14,21,6056,6077
30,2018-10-15,340,11007,11347
30,2018-10-16,506,11515,12021
30,2018-10-17,535,10965,11500
30,2018-10-18,391,11891,12282
30,2018-10-19,449,12169,12618
30,2018-10-20,181,9332,9513
30,2018-10-21,37,6938,6975
30,2018-10-22,410,11011,11421
30,2018-10-23,373,11093,11466
30,2018-10-24,367,11074,11441
30,2018-10-26,397,11561,11958
30,2018-10-27,94,7668,7762
30,2018-10-28,20,4998,5018
30,2018-10-30,334,12476,12810
30,2018-10-31,324,11504,11828
30,2018-11-02,285,8786,9071
30,2018-11-03,77,6806,6883
30,2018-11-04,13,5302,5315
30,2018-11-05,367,11258,11625
30,2018-11-06,367,11885,12252
30,2018-11-07,397,11206,11603
30,2018-11-09,351,11998,12349
30,2018-11-10,54,6659,6713
30,2018-11-11,22,4743,4765
30,2018-11-12,349,11408,11757
30,2018-11-13,393,11651,12044
30,2018-11-14,416,11472,11888
30,2018-11-15,378,11619,11997
30,2018-11-16,394,12398,12792
30,2018-11-17,103,8213,8316
30,2018-11-18,21,5363,5384
30,2018-11-19,402,12550,12952
30,2018-11-20,472,11205,11677
30,2018-11-21,397,11226,11623
30,2018-11-23,421,12174,12595
30,2018-11-24,65,7189,7254
30,2018-11-25,32,4911,4943
30,2018-11-26,402,11197,11599
30,2018-11-27,413,11335,11748
30,2018-11-28,276,11045,11321
30,2018-11-30,374,12330,12704
30,2018-12-01,70,7675,7745
30,2018-12-02,15,4742,4757
30,2018-12-03,312,12082,12394
30,2018-12-04,341,11702,12043
30,2018-12-05,368,11287,11655
30,2018-12-06,320,11748,12068
30,2018-12-07,371,11140,11511
30,2018-12-08,75,6899,6974
30,2018-12-09,8,5328,5336
30,2018-12-10,390,11205,11595
30,2018-12-11,366,11698,12064
30,2018-12-12,387,11081,11468
30,2018-12-14,394,11772,12166
30,2018-12-15,131,7490,7621
30,2018-12-16,17,4340,4357
30,2018-12-17,313,11025,11338
30,2018-12-18,395,11920,12315
30,2018-12-19,337,11245,11582
30,2018-12-20,276,12063,12339
30,2018-12-21,272,12075,12347
30,2018-12-22,34,7724,7758
30,2018-12-23,30,4429,4459
30,2018-12-24,182,8070,8252
30,2018-12-25,11,3696,3707
30,2018-12-26,10,3655,3665
30,2018-12-27,192,6944,7136
30,2018-12-28,170,7091,7261
30,2018-12-29,33,5302,5335
30,2018-12-30,14,4061,4075
30,2018-12-31,163,6865,7028
291,2018-01-01,46,508,554
291,2018-01-02,112,2782,2894
291,2018-01-03,118,2930,3048
291,2018-01-05,110,3262,3372
291,2018-01-06,91,2169,2260
291,2018-01-07,56,1303,1359
291,2018-01-08,169,3230,3399
291,2018-01-09,159,3245,3404
291,2018-01-10,150,3128,3278
291,2018-01-12,164,3366,3530
291,2018-01-13,97,2406,2503
291,2018-01-14,58,1186,1244
291,2018-01-15,182,3410,3592
291,2018-01-16,182,3446,3628
291,2018-01-17,176,3336,3512
291,2018-01-18,144,3428,3572
291,2018-01-19,187,3664,3851
291,2018-01-20,88,2304,2392
291,2018-01-21,48,986,1034
291,2018-01-22,136,3122,3258
291,2018-01-23,128,3193,3321
291,2018-01-24,138,3170,3308
291,2018-01-26,141,3459,3600
291,2018-01-27,96,2289,2385
291,2018-01-28,52,1044,1096
291,2018-01-29,168,3328,3496
291,2018-01-30,195,3277,3472
291,2018-01-31,154,3858,4012
291,2018-02-01,188,3240,3428
291,2018-02-02,123,3342,3465
291,2018-02-03,96,2169,2265
291,2018-02-04,57,1079,1136
291,2018-02-05,174,3298,3472
291,2018-02-06,151,3780,3931
291,2018-02-07,144,3160,3304
291,2018-02-09,146,3220,3366
291,2018-02-10,90,2147,2237
291,2018-02-11,70,1000,1070
291,2018-02-12,127,2864,2991
291,2018-02-13,125,2893,3018
291,2018-02-14,121,3169,3290
291,2018-02-15,118,2788,2906
291,2018-02-16,124,2814,2938
291,2018-02-17,95,2374,2469
291,2018-02-18,61,1312,1373
291,2018-02-19,143,3268,3411
291,2018-02-20,134,3166,3300
291,2018-02-21,124,3127,3251
291,2018-02-23,284,6744,7028
291,2018-02-24,196,4610,4806
291,2018-02-25,100,1952,2052
291,2018-02-26,300,6768,7068
291,2018-02-27,252,6604,6856
291,2018-02-28,276,6612,6888
291,2018-03-02,132,3353,3485
291,2018-03-03,103,2380,2483
291,2018-03-04,56,1040,1096
291,2018-03-05,150,3206,3356
291,2018-03-06,182,2892,3074
291,2018-03-07,140,2954,3094
291,2018-03-09,130,3352,3482
291,2018-03-10,112,2598,2710
291,2018-03-11,44,1048,1092
291,2018-03-12,158,3394,3552
291,2018-03-13,166,3344,3510
291,2018-03-14,150,3142,3292
291,2018-03-15,150,3300,3450
291,2018-03-16,148,3522,3670
291,2018-03-17,105,2317,2422
291,2018-03-18,57,932,989
291,2018-03-19,152,3265,3417
291,2018-03-20,148,3423,3571
291,2018-03-21,151,3221,3372
291,2018-03-22,153,3195,3348
291,2018-03-23,169,3460,3629
291,2018-03-24,92,2134,2226
291,2018-03-26,171,3373,3544
291,2018-03-27,128,3382,3510
291,2018-03-28,198,3474,3672
291,2018-03-31,109,2192,2301
291,2018-04-01,46,868,914
291,2018-04-02,49,845,894
291,2018-04-03,200,2984,3184
291,2018-04-04,150,3070,3220
291,2018-04-05,166,2910,3076
291,2018-04-06,146,2941,3087
291,2018-04-07,96,1978,2074
291,2018-04-08,49,993,1042
291,2018-04-09,161,2877,3038
291,2018-04-10,212,3328,3540
291,2018-04-11,184,2973,3157
291,2018-04-13,220,3259,3479
291,2018-04-14,90,2119,2209
291,2018-04-15,54,1155,1209
291,2018-04-16,167,3124,3291
291,2018-04-17,221,3456,3677
291,2018-04-18,206,3295,3501
291,2018-04-19,245,3605,3850
291,2018-04-20,246,3702,3948
291,2018-04-21,156,2191,2347
291,2018-04-22,50,1002,1052
291,2018-04-23,183,3663,3846
291,2018-04-24,205,4305,4510
291,2018-04-25,160,4212,4372
291,2018-04-27,138,3788,3926
291,2018-04-28,92,2572,2664
291,2018-04-29,102,1344,1446
291,2018-04-30,140,4290,4430
291,2018-05-01,138,2979,3117
291,2018-05-02,186,4902,5088
291,2018-05-03,177,4171,4348
291,2018-05-04,183,4776,4959
291,2018-05-05,105,3235,3340
291,2018-05-06,51,1218,1269
291,2018-05-07,160,4022,4182
291,2018-05-08,158,4367,4525
291,2018-05-09,148,4300,4448
291,2018-05-11,119,3629,3748
291,2018-05-12,96,2575,2671
291,2018-05-13,58,1440,1498
291,2018-05-14,153,4166,4319
291,2018-05-15,129,4172,4301
291,2018-05-16,151,3975,4126
291,2018-05-17,151,4002,4153
291,2018-05-18,164,4614,4778
291,2018-05-19,103,2600,2703
291,2018-05-20,54,1226,1280
291,2018-05-21,62,966,1028
291,2018-05-22,150,3909,4059
291,2018-05-23,160,3638,3798
291,2018-05-25,215,3635,3850
291,2018-05-26,93,2241,2334
291,2018-05-27,48,1207,1255
291,2018-05-28,160,3998,4158
291,2018-05-29,138,4406,4544
291,2018-05-30,158,4236,4394
291,2018-05-31,146,4244,4390
291,2018-06-01,164,4372,4536
291,2018-06-02,103,2507,2610
291,2018-06-03,54,1511,1565
291,2018-06-04,182,4289,4471
291,2018-06-05,180,4099,4279
291,2018-06-06,148,4062,4210
291,2018-06-08,143,4294,4437
291,2018-06-09,94,2912,3006
291,2018-06-10,52,1298,1350
291,2018-06-11,140,5026,5166
291,2018-06-12,127,4113,4240
291,2018-06-13,160,4068,4228
291,2018-06-14,146,3899,4045
291,2018-06-15,147,4184,4331
291,2018-06-16,97,2638,2735
291,2018-06-17,56,1139,1195
291,2018-06-18,181,4606,4787
291,2018-06-19,161,4649,4810
291,2018-06-20,129,3831,3960
291,2018-06-22,147,3862,4009
291,2018-06-23,54,1241,1295
291,2018-06-24,53,1528,1581
291,2018-06-25,157,3951,4108
291,2018-06-26,133,3758,3891
291,2018-06-27,134,3739,3873
291,2018-06-28,136,3866,4002
291,2018-06-29,128,3794,3922
291,2018-06-30,80,3466,3546
291,2018-07-01,53,1546,1599
291,2018-07-02,147,4049,4196
291,2018-07-03,129,4058,4187
291,2018-07-04,143,4068,4211
291,2018-07-06,159,4015,4174
291,2018-07-07,107,2936,3043
291,2018-07-08,56,1866,1922
291,2018-07-09,147,4217,4364
291,2018-07-10,163,4126,4289
291,2018-07-12,171,4022,4193
291,2018-07-13,172,3647,3819
291,2018-07-14,88,2304,2392
291,2018-07-15,54,1038,1092
291,2018-07-16,137,3432,3569
291,2018-07-17,139,3424,3563
291,2018-07-18,141,3437,3578
291,2018-07-20,136,3372,3508
291,2018-07-21,97,2355,2452
291,2018-07-22,51,1188,1239
291,2018-07-23,154,3745,3899
291,2018-07-24,129,3411,3540
291,2018-07-25,121,3284,3405
291,2018-07-26,132,3770,3902
291,2018-07-27,128,3401,3529
291,2018-07-28,87,2083,2170
291,2018-07-29,49,1091,1140
291,2018-07-30,106,3216,3322
291,2018-07-31,107,3041,3148
291,2018-08-01,92,3102,3194
291,2018-08-02,112,2962,3074
291,2018-08-04,91,1929,2020
291,2018-08-05,42,978,1020
291,2018-08-06,99,2739,2838
291,2018-08-07,106,2656,2762
291,2018-08-08,100,2700,2800
291,2018-08-09,120,2684,2804
291,2018-08-10,134,2712,2846
291,2018-08-11,86,1896,1982
291,2018-08-12,42,1050,1092
291,2018-08-13,108,2664,2772
291,2018-08-14,116,2767,2883
291,2018-08-15,47,847,894
291,2018-08-16,109,2626,2735
291,2018-08-17,114,2549,2663
291,2018-08-18,89,1712,1801
291,2018-08-19,43,968,1011
291,2018-08-20,153,3292,3445
291,2018-08-21,118,2975,3093
291,2018-08-22,112,2999,3111
291,2018-08-23,121,2774,2895
291,2018-08-24,113,2942,3055
291,2018-08-25,84,1844,1928
291,2018-08-26,44,999,1043
291,2018-08-27,146,3120,3266
291,2018-08-29,166,2978,3144
291,2018-08-30,150,3114,3264
291,2018-09-01,89,1968,2057
291,2018-09-02,43,968,1011
291,2018-09-03,159,3149,3308
291,2018-09-04,120,3116,3236
291,2018-09-05,144,3247,3391
291,2018-09-06,156,3984,4140
291,2018-09-08,149,2401,2550
291,2018-09-09,43,1031,1074
291,2018-09-10,150,3497,3647
291,2018-09-11,138,3297,3435
291,2018-09-12,137,3423,3560
291,2018-09-13,159,3848,4007
291,2018-09-15,98,2457,2555
291,2018-09-16,43,1158,1201
291,2018-09-17,133,3898,4031
291,2018-09-18,148,3975,4123
291,2018-09-19,129,3753,3882
291,2018-09-20,134,3785,3919
291,2018-09-22,86,2532,2618
291,2018-09-23,42,1090,1132
291,2018-09-24,153,3914,4067
291,2018-09-25,169,4582,4751
291,2018-09-26,154,4055,4209
291,2018-09-27,161,4044,4205
291,2018-09-29,96,2638,2734
291,2018-09-30,43,1417,1460
291,2018-10-01,146,4196,4342
291,2018-10-02,134,4231,4365
291,2018-10-03,154,4150,4304
291,2018-10-04,169,4192,4361
291,2018-10-05,155,4570,4725
291,2018-10-06,151,4026,4177
291,2018-10-07,74,2196,2270
291,2018-10-08,182,5042,5224
291,2018-10-09,140,4422,4562
291,2018-10-10,130,4005,4135
291,2018-10-11,186,4697,4883
291,2018-10-13,99,2854,2953
291,2018-10-14,47,1410,1457
291,2018-10-15,143,4195,4338
291,2018-10-16,157,4519,4676
291,2018-10-17,167,4075,4242
291,2018-10-18,169,4673,4842
291,2018-10-19,147,4181,4328
291,2018-10-20,107,2851,2958
291,2018-10-21,47,1634,1681
291,2018-10-22,171,4039,4210
291,2018-10-23,164,4025,4189
291,2018-10-24,183,3933,4116
291,2018-10-25,197,4085,4282
291,2018-10-27,99,2727,2826
291,2018-10-28,47,1267,1314
291,2018-10-29,134,3845,3979
291,2018-10-30,116,4056,4172
291,2018-10-31,136,3828,3964
291,2018-11-01,42,1018,1060
291,2018-11-03,105,2476,2581
291,2018-11-04,48,1161,1209
291,2018-11-05,177,4904,5081
291,2018-11-06,182,5433,5615
291,2018-11-07,146,5528,5674
291,2018-11-08,159,4976,5135
291,2018-11-10,92,3402,3494
291,2018-11-11,52,1866,1918
291,2018-11-12,146,5216,5362
291,2018-11-13,159,4936,5095
291,2018-11-14,167,4702,4869
291,2018-11-15,171,4932,5103
291,2018-11-16,154,4956,5110
291,2018-11-17,104,3169,3273
291,2018-11-18,51,1381,1432
291,2018-11-19,146,4722,4868
291,2018-11-20,198,5466,5664
291,2018-11-21,158,4776,4934
291,2018-11-22,256,4909,5165
291,2018-11-23,245,6867,7112
291,2018-11-24,106,3968,4074
291,2018-11-25,43,1567,1610
291,2018-11-26,147,4749,4896
291,2018-11-27,149,4688,4837
291,2018-11-28,177,4535,4712
291,2018-11-29,147,4755,4902
291,2018-12-01,94,3004,3098
291,2018-12-02,46,1650,1696
291,2018-12-03,120,4552,4672
291,2018-12-04,200,4488,4688
291,2018-12-05,122,4470,4592
291,2018-12-06,110,4674,4784
291,2018-12-07,118,4728,4846
291,2018-12-08,90,3020,3110
291,2018-12-09,64,1672,1736
291,2018-12-10,207,4486,4693
291,2018-12-11,241,4500,4741
291,2018-12-12,238,4507,4745
291,2018-12-13,215,4366,4581
291,2018-12-15,151,3048,3199
291,2018-12-16,55,1644,1699
291,2018-12-17,146,4432,4578
291,2018-12-18,128,4996,5124
291,2018-12-19,136,5000,5136
291,2018-12-20,110,4966,5076
291,2018-12-21,110,5074,5184
291,2018-12-22,92,3146,3238
291,2018-12-23,42,2306,2348
291,2018-12-24,115,3204,3319
291,2018-12-25,34,496,530
291,2018-12-26,38,798,836
291,2018-12-27,115,3347,3462
291,2018-12-28,110,3153,3263
291,2018-12-29,98,2629,2727
291,2018-12-30,49,1711,1760
291,2018-12-31,103,2518,2621
345,2018-01-01,22,4773,4795
345,2018-01-02,223,8986,9209
345,2018-01-03,282,9696,9978
345,2018-01-04,217,10476,10693
345,2018-01-05,250,10461,10711
345,2018-01-06,106,7987,8093
345,2018-01-07,25,5822,5847
345,2018-01-08,278,11581,11859
345,2018-01-09,283,11516,11799
345,2018-01-10,319,11927,12246
345,2018-01-11,315,11429,11744
345,2018-01-12,324,11938,12262
345,2018-01-13,115,9119,9234
345,2018-01-14,35,6199,6234
345,2018-01-15,312,11272,11584
345,2018-01-16,329,12021,12350
345,2018-01-17,299,11591,11890
345,2018-01-18,295,11766,12061
345,2018-01-19,305,12013,12318
345,2018-01-20,104,8190,8294
345,2018-01-21,23,6141,6164
345,2018-01-22,304,11055,11359
345,2018-01-23,320,11476,11796
345,2018-01-24,340,11537,11877
345,2018-01-25,307,12405,12712
345,2018-01-26,339,12454,12793
345,2018-01-27,131,9115,9246
345,2018-01-28,26,6379,6405
345,2018-01-29,334,11394,11728
345,2018-01-30,323,11690,12013
345,2018-01-31,315,11545,11860
345,2018-02-01,342,11713,12055
345,2018-02-02,361,12252,12613
345,2018-02-03,141,9114,9255
345,2018-02-04,28,6289,6317
345,2018-02-05,322,11041,11363
345,2018-02-06,275,11074,11349
345,2018-02-07,306,11123,11429
345,2018-02-08,327,11683,12010
345,2018-02-09,369,12809,13178
345,2018-02-10,442,8336,8778
345,2018-02-11,173,5716,5889
345,2018-02-12,693,10888,11581
345,2018-02-13,737,11715,12452
345,2018-02-14,792,11891,12683
345,2018-02-15,782,11739,12521
345,2018-02-16,776,12294,13070
345,2018-02-17,430,8176,8606
345,2018-02-18,211,6847,7058
345,2018-02-19,347,11263,11610
345,2018-02-20,310,11812,12122
345,2018-02-21,370,11735,12105
345,2018-02-22,332,12042,12374
345,2018-02-23,369,12176,12545
345,2018-02-24,130,8882,9012
345,2018-02-25,25,6575,6600
345,2018-02-26,311,10909,11220
345,2018-02-27,368,11780,12148
345,2018-02-28,303,11102,11405
345,2018-03-01,311,11399,11710
345,2018-03-02,322,10308,10630
345,2018-03-03,128,8351,8479
345,2018-03-04,32,6544,6576
345,2018-03-05,330,11461,11791
345,2018-03-06,398,12361,12759
345,2018-03-07,370,11967,12337
345,2018-03-08,361,11799,12160
345,2018-03-09,352,12174,12526
345,2018-03-10,111,9122,9233
345,2018-03-11,31,6511,6542
345,2018-03-12,340,11961,12301
345,2018-03-13,333,11851,12184
345,2018-03-14,390,11937,12327
345,2018-03-15,422,12450,12872
345,2018-03-16,371,12487,12858
345,2018-03-17,139,8972,9111
345,2018-03-18,33,5941,5974
345,2018-03-19,341,11241,11582
345,2018-03-20,344,11636,11980
345,2018-03-21,366,11703,12069
345,2018-03-22,317,12096,12413
345,2018-03-23,370,12328,12698
345,2018-03-24,144,9848,9992
345,2018-03-26,335,11524,11859
345,2018-03-27,362,11943,12305
345,2018-03-28,388,11882,12270
345,2018-03-29,382,12809,13191
345,2018-03-30,336,12551,12887
345,2018-03-31,137,8850,8987
345,2018-04-01,26,5942,5968
345,2018-04-02,23,6079,6102
345,2018-04-03,337,11453,11790
345,2018-04-04,325,11496,11821
345,2018-04-05,308,11364,11672
345,2018-04-06,376,12098,12474
345,2018-04-07,179,10267,10446
345,2018-04-08,75,7789,7864
345,2018-04-09,398,12033,12431
345,2018-04-10,478,12591,13069
345,2018-04-11,402,12502,12904
345,2018-04-12,416,12034,12450
345,2018-04-13,306,11997,12303
345,2018-04-14,160,8856,9016
345,2018-04-15,31,6743,6774
345,2018-04-16,392,11350,11742
345,2018-04-17,384,11997,12381
345,2018-04-18,409,12192,12601
345,2018-04-19,484,12544,13028
345,2018-04-20,403,13266,13669
345,2018-04-21,562,11753,12315
345,2018-04-22,244,8512,8756
345,2018-04-23,371,11553,11924
345,2018-04-24,351,11917,12268
345,2018-04-25,422,11806,12228
345,2018-04-26,377,12426,12803
345,2018-04-27,389,12616,13005
345,2018-04-28,141,8676,8817
345,2018-04-29,81,6747,6828
345,2018-04-30,287,10447,10734
345,2018-05-01,32,6431,6463
345,2018-05-02,398,11763,12161
345,2018-05-03,354,12086,12440
345,2018-05-04,441,12974,13415
345,2018-05-05,174,10001,10175
345,2018-05-06,53,7800,7853
345,2018-05-07,377,11710,12087
345,2018-05-08,437,12837,13274
345,2018-05-09,432,12899,13331
345,2018-05-10,37,6970,7007
345,2018-05-11,273,11014,11287
345,2018-05-12,146,8851,8997
345,2018-05-13,54,6341,6395
345,2018-05-14,427,11868,12295
345,2018-05-15,398,12596,12994
345,2018-05-16,407,12153,12560
345,2018-05-17,391,13193,13584
345,2018-05-18,479,12810,13289
345,2018-05-19,162,8833,8995
345,2018-05-20,51,6125,6176
345,2018-05-21,28,6505,6533
345,2018-05-22,395,11761,12156
345,2018-05-23,508,12302,12810
345,2018-05-24,318,11654,11972
345,2018-05-25,352,12217,12569
345,2018-05-26,173,8702,8875
345,2018-05-27,40,6458,6498
345,2018-05-28,387,11939,12326
345,2018-05-29,345,12356,12701
345,2018-05-30,391,12029,12420
345,2018-05-31,373,13012,13385
345,2018-06-01,432,12657,13089
345,2018-06-02,132,8879,9011
345,2018-06-03,34,7208,7242
345,2018-06-04,396,11939,12335
345,2018-06-05,345,12400,12745
345,2018-06-06,359,12043,12402
345,2018-06-07,337,12672,13009
345,2018-06-08,371,12870,13241
345,2018-06-09,82,5949,6031
345,2018-06-10,20,3374,3394
345,2018-06-11,468,12674,13142
345,2018-06-12,426,12906,13332
345,2018-06-13,375,12007,12382
345,2018-06-14,502,13124,13626
345,2018-06-15,386,12151,12537
345,2018-06-16,135,9061,9196
345,2018-06-17,42,7050,7092
345,2018-06-18,394,12318,12712
345,2018-06-19,359,11996,12355
345,2018-06-20,392,11647,12039
345,2018-06-21,443,12830,13273
345,2018-06-22,472,12780,13252
345,2018-06-23,69,6830,6899
345,2018-06-24,44,6888,6932
345,2018-06-25,376,11496,11872
345,2018-06-26,398,12613,13011
345,2018-06-27,422,12480,12902
345,2018-06-28,390,12966,13356
345,2018-06-29,439,12903,13342
345,2018-06-30,179,9130,9309
345,2018-07-01,43,7012,7055
345,2018-07-02,393,11792,12185
345,2018-07-03,368,12350,12718
345,2018-07-04,384,11996,12380
345,2018-07-05,354,12526,12880
345,2018-07-06,371,12627,12998
345,2018-07-07,199,8941,9140
345,2018-07-08,42,7316,7358
345,2018-07-09,360,11745,12105
345,2018-07-10,387,12089,12476
345,2018-07-11,391,11623,12014
345,2018-07-12,390,12255,12645
345,2018-07-13,427,13288,13715
345,2018-07-14,502,9753,10255
345,2018-07-15,281,7048,7329
345,2018-07-16,775,12252,13027
345,2018-07-17,691,12268,12959
345,2018-07-18,700,12418,13118
345,2018-07-19,671,12648,13319
345,2018-07-20,658,12828,13486
345,2018-07-21,397,8916,9313
345,2018-07-22,201,7067,7268
345,2018-07-23,681,11957,12638
345,2018-07-24,637,12084,12721
345,2018-07-25,668,12462,13130
345,2018-07-26,644,12190,12834
345,2018-07-27,607,11645,12252
345,2018-07-28,372,7813,8185
345,2018-07-29,179,6307,6486
345,2018-07-30,603,10494,11097
345,2018-07-31,587,10915,11502
345,2018-08-01,559,10818,11377
345,2018-08-02,597,10704,11301
345,2018-08-03,549,10644,11193
345,2018-08-04,350,7457,7807
345,2018-08-05,166,5931,6097
345,2018-08-06,577,9677,10254
345,2018-08-07,597,9784,10381
345,2018-08-08,898,10070,10968
345,2018-08-09,606,9659,10265
345,2018-08-10,686,9922,10608
345,2018-08-11,424,6846,7270
345,2018-08-12,186,5873,6059
345,2018-08-13,631,8781,9412
345,2018-08-14,594,9352,9946
345,2018-08-15,168,5696,5864
345,2018-08-16,596,9138,9734
345,2018-08-17,619,9290,9909
345,2018-08-18,362,6883,7245
345,2018-08-19,187,6020,6207
345,2018-08-20,650,9813,10463
345,2018-08-21,637,10274,10911
345,2018-08-22,631,10340,10971
345,2018-08-23,723,10576,11299
345,2018-08-24,682,11352,12034
345,2018-08-25,133,7110,7243
345,2018-08-26,42,6221,6263
345,2018-08-27,334,10828,11162
345,2018-08-28,304,11026,11330
345,2018-08-29,392,10454,10846
345,2018-08-30,316,11150,11466
345,2018-08-31,377,12029,12406
345,2018-09-01,277,10681,10958
345,2018-09-02,33,6372,6405
345,2018-09-03,340,10959,11299
345,2018-09-04,348,10892,11240
345,2018-09-05,359,11218,11577
345,2018-09-06,361,11601,11962
345,2018-09-07,332,11300,11632
345,2018-09-08,223,7322,7545
345,2018-09-09,27,6354,6381
345,2018-09-10,329,11559,11888
345,2018-09-11,332,11643,11975
345,2018-09-12,316,11537,11853
345,2018-09-13,342,11622,11964
345,2018-09-14,350,12009,12359
345,2018-09-15,162,8708,8870
345,2018-09-16,44,6411,6455
345,2018-09-17,374,11389,11763
345,2018-09-18,376,11824,12200
345,2018-09-19,385,11706,12091
345,2018-09-20,348,12020,12368
345,2018-09-21,356,11982,12338
345,2018-09-22,161,8618,8779
345,2018-09-23,42,5828,5870
345,2018-09-24,371,11512,11883
345,2018-09-25,372,12059,12431
345,2018-09-26,370,11833,12203
345,2018-09-27,414,12530,12944
345,2018-09-28,409,12701,13110
345,2018-09-29,219,10276,10495
345,2018-09-30,129,9181,9310
345,2018-10-01,437,11967,12404
345,2018-10-02,403,12354,12757
345,2018-10-03,393,11875,12268
345,2018-10-04,380,12456,12836
345,2018-10-05,397,12198,12595
345,2018-10-06,160,9300,9460
345,2018-10-07,38,6855,6893
345,2018-10-08,385,11534,11919
345,2018-10-09,386,12277,12663
345,2018-10-10,372,11959,12331
345,2018-10-11,372,12339,12711
345,2018-10-12,400,12619,13019
345,2018-10-13,155,9243,9398
345,2018-10-14,31,7576,7607
345,2018-10-15,356,11638,11994
345,2018-10-16,369,11993,12362
345,2018-10-17,379,11745,12124
345,2018-10-18,393,12304,12697
345,2018-10-19,390,12686,13076
345,2018-10-20,257,10195,10452
345,2018-10-21,63,7460,7523
345,2018-10-22,409,11110,11519
345,2018-10-23,388,11855,12243
345,2018-10-24,371,11894,12265
345,2018-10-25,374,11940,12314
345,2018-10-26,430,12092,12522
345,2018-10-27,146,8726,8872
345,2018-10-28,38,6614,6652
345,2018-10-29,388,11608,11996
345,2018-10-30,341,11757,12098
345,2018-11-01,35,6560,6595
345,2018-11-02,247,9568,9815
345,2018-11-03,173,7966,8139
345,2018-11-04,33,6165,6198
345,2018-11-05,400,12418,12818
345,2018-11-06,408,12756,13164
345,2018-11-07,384,12073,12457
345,2018-11-08,370,11995,12365
345,2018-11-09,394,12764,13158
345,2018-11-10,287,10793,11080
345,2018-11-11,58,7453,7511
345,2018-11-12,390,11809,12199
345,2018-11-13,381,12380,12761
345,2018-11-14,387,11976,12363
345,2018-11-15,374,12244,12618
345,2018-11-16,442,12618,13060
345,2018-11-17,148,8859,9007
345,2018-11-18,26,6472,6498
345,2018-11-19,386,11636,12022
345,2018-11-20,349,11857,12206
345,2018-11-21,380,11617,11997
345,2018-11-22,382,12409,12791
345,2018-11-23,426,12373,12799
345,2018-11-24,205,10069,10274
345,2018-11-25,73,8682,8755
345,2018-11-26,391,11694,12085
345,2018-11-27,383,11949,12332
345,2018-11-28,405,11783,12188
345,2018-11-29,391,12057,12448
345,2018-11-30,390,12776,13166
345,2018-12-01,174,9075,9249
345,2018-12-02,27,6557,6584
345,2018-12-03,374,11768,12142
345,2018-12-04,389,12039,12428
345,2018-12-05,389,11992,12381
345,2018-12-06,375,12073,12448
345,2018-12-07,418,12069,12487
345,2018-12-08,177,8921,9098
345,2018-12-09,47,6702,6749
345,2018-12-10,408,10897,11305
345,2018-12-11,405,12066,12471
345,2018-12-12,411,11582,11993
345,2018-12-13,366,12378,12744
345,2018-12-14,389,12253,12642
345,2018-12-15,163,8992,9155
345,2018-12-16,25,5953,5978
345,2018-12-17,410,11598,12008
345,2018-12-18,426,12270,12696
345,2018-12-19,402,11979,12381
345,2018-12-20,411,12504,12915
345,2018-12-21,330,12660,12990
345,2018-12-22,151,8046,8197
345,2018-12-23,19,5937,5956
345,2018-12-24,172,8439,8611
345,2018-12-25,9,4915,4924
345,2018-12-26,20,4819,4839
345,2018-12-27,191,8075,8266
345,2018-12-28,213,8598,8811
345,2018-12-29,124,6729,6853
345,2018-12-30,24,5246,5270
345,2018-12-31,181,7816,7997
390,2018-01-03,245,5408,5653
390,2018-01-04,240,5885,6125
390,2018-01-09,293,7122,7415
390,2018-01-10,313,7089,7402
390,2018-01-11,279,7174,7453
390,2018-01-12,285,7167,7452
390,2018-01-13,180,3929,4109
390,2018-01-14,45,3042,3087
390,2018-01-15,276,6999,7275
390,2018-01-16,287,7248,7535
390,2018-01-17,309,7008,7317
390,2018-01-18,301,7365,7666
390,2018-01-19,304,7096,7400
390,2018-01-20,209,3531,3740
390,2018-01-21,22,2547,2569
390,2018-01-22,258,6881,7139
390,2018-01-23,306,7233,7539
390,2018-01-24,282,7106,7388
390,2018-01-25,268,7455,7723
390,2018-01-26,315,7286,7601
390,2018-01-27,180,3877,4057
390,2018-01-28,20,2753,2773
390,2018-01-29,296,7054,7350
390,2018-01-30,310,7197,7507
390,2018-01-31,295,7136,7431
390,2018-02-01,311,7418,7729
390,2018-02-02,325,7060,7385
390,2018-02-03,193,3916,4109
390,2018-02-04,34,2761,2795
390,2018-02-05,306,6867,7173
390,2018-02-06,304,6361,6665
390,2018-02-07,321,6547,6868
390,2018-02-08,297,7101,7398
390,2018-02-09,306,6745,7051
390,2018-02-10,184,2999,3183
390,2018-02-11,24,2312,2336
390,2018-02-17,200,2969,3169
390,2018-02-18,22,2575,2597
390,2018-02-19,277,6536,6813
390,2018-02-20,306,6972,7278
390,2018-02-21,313,7116,7429
390,2018-02-22,298,7186,7484
390,2018-02-23,291,7081,7372
390,2018-02-24,184,4187,4371
390,2018-02-25,27,2835,2862
390,2018-02-26,294,6799,7093
390,2018-02-27,292,7006,7298
390,2018-02-28,277,6946,7223
390,2018-03-01,286,7075,7361
390,2018-03-02,290,6310,6600
390,2018-03-03,172,3731,3903
390,2018-03-04,20,2943,2963
390,2018-03-05,319,7099,7418
390,2018-03-06,307,7337,7644
390,2018-03-07,294,7254,7548
390,2018-03-08,321,7317,7638
390,2018-03-09,290,7247,7537
390,2018-03-10,213,4163,4376
390,2018-03-11,10,3278,3288
390,2018-03-12,306,7163,7469
390,2018-03-13,284,7136,7420
390,2018-03-14,297,7110,7407
390,2018-03-15,300,7278,7578
390,2018-03-16,293,7266,7559
390,2018-03-17,207,3727,3934
390,2018-03-18,20,2490,2510
390,2018-03-19,290,6768,7058
390,2018-03-20,336,7232,7568
390,2018-03-21,313,7330,7643
390,2018-03-22,310,7196,7506
390,2018-03-23,315,7450,7765
390,2018-03-24,201,4188,4389
390,2018-03-26,294,6433,6727
390,2018-03-27,314,6952,7266
390,2018-03-28,287,6602,6889
390,2018-03-29,295,6642,6937
390,2018-03-30,301,6018,6319
390,2018-03-31,195,3309,3504
390,2018-04-01,29,2290,2319
390,2018-04-02,16,2563,2579
390,2018-04-03,245,4927,5172
390,2018-04-04,252,5013,5265
390,2018-04-05,253,5112,5365
390,2018-04-06,276,5146,5422
390,2018-04-07,188,3344,3532
390,2018-04-08,25,2718,2743
390,2018-04-09,294,5382,5676
390,2018-04-10,311,5886,6197
390,2018-04-11,299,5869,6168
390,2018-04-12,293,5933,6226
390,2018-04-13,287,5834,6121
390,2018-04-14,196,3483,3679
390,2018-04-15,22,2649,2671
390,2018-04-16,322,6533,6855
390,2018-04-17,332,7119,7451
390,2018-04-18,329,7041,7370
390,2018-04-19,320,7512,7832
390,2018-04-20,325,7000,7325
390,2018-04-21,226,4439,4665
390,2018-04-22,25,3538,3563
390,2018-04-23,294,7199,7493
390,2018-04-24,319,7822,8141
390,2018-04-25,329,7443,7772
390,2018-04-26,298,7877,8175
390,2018-04-27,330,8153,8483
390,2018-04-28,208,4540,4748
390,2018-04-29,54,3061,3115
390,2018-04-30,258,5792,6050
390,2018-05-01,24,3142,3166
390,2018-05-02,344,7486,7830
390,2018-05-03,316,8288,8604
390,2018-05-04,322,7999,8321
390,2018-05-05,189,4914,5103
390,2018-05-06,37,3530,3567
390,2018-05-07,316,7423,7739
390,2018-05-08,322,8165,8487
390,2018-05-09,318,7832,8150
390,2018-05-10,26,2940,2966
390,2018-05-11,266,5960,6226
390,2018-05-12,178,4063,4241
390,2018-05-13,36,2689,2725
390,2018-05-14,316,7216,7532
390,2018-05-15,338,7823,8161
390,2018-05-16,335,7537,7872
390,2018-05-17,336,8243,8579
390,2018-05-18,355,7884,8239
390,2018-05-19,214,3794,4008
390,2018-05-20,38,2692,2730
390,2018-05-21,26,2632,2658
390,2018-05-22,308,5997,6305
390,2018-05-23,334,6148,6482
390,2018-05-24,300,6295,6595
390,2018-05-25,325,6570,6895
390,2018-05-26,186,3799,3985
390,2018-05-27,33,2848,2881
390,2018-05-28,297,8134,8431
390,2018-05-29,343,7786,8129
390,2018-05-30,312,7881,8193
390,2018-05-31,339,8197,8536
390,2018-06-01,359,8437,8796
390,2018-06-02,188,4784,4972
390,2018-06-03,27,3517,3544
390,2018-06-04,354,7400,7754
390,2018-06-05,330,8308,8638
390,2018-06-06,344,7641,7985
390,2018-06-07,302,7818,8120
390,2018-06-08,321,7949,8270
390,2018-06-09,273,5221,5494
390,2018-06-10,36,3647,3683
390,2018-06-11,356,7964,8320
390,2018-06-12,344,7808,8152
390,2018-06-13,310,7744,8054
390,2018-06-14,320,7620,7940
390,2018-06-15,361,7731,8092
390,2018-06-16,225,4804,5029
390,2018-06-17,38,3379,3417
390,2018-06-18,314,7447,7761
390,2018-06-19,331,7526,7857
390,2018-06-20,339,8124,8463
390,2018-06-21,335,7950,8285
390,2018-06-22,344,8887,9231
390,2018-06-23,32,4050,4082
390,2018-06-24,26,3234,3260
390,2018-06-25,387,7404,7791
390,2018-06-26,350,8207,8557
390,2018-06-27,318,7764,8082
390,2018-06-28,347,8688,9035
390,2018-06-29,348,8131,8479
390,2018-06-30,186,4607,4793
390,2018-07-01,24,3766,3790
390,2018-07-02,312,7331,7643
390,2018-07-03,324,8002,8326
390,2018-07-04,318,7659,7977
390,2018-07-05,328,8121,8449
390,2018-07-06,338,7970,8308
390,2018-07-07,190,4572,4762
390,2018-07-08,28,3943,3971
390,2018-07-09,320,7657,7977
390,2018-07-10,348,8215,8563
390,2018-07-11,324,7586,7910
390,2018-07-12,303,7887,8190
390,2018-07-13,318,7599,7917
390,2018-07-14,194,3973,4167
390,2018-07-15,32,2892,2924
390,2018-07-16,282,7007,7289
390,2018-07-17,321,7382,7703
390,2018-07-18,332,7144,7476
390,2018-07-19,299,6999,7298
390,2018-07-20,337,7234,7571
390,2018-07-21,209,3936,4145
390,2018-07-22,36,2991,3027
390,2018-07-23,319,6517,6836
390,2018-07-24,276,6924,7200
390,2018-07-25,297,6807,7104
390,2018-07-26,286,6805,7091
390,2018-07-27,241,6418,6659
390,2018-07-28,200,3373,3573
390,2018-07-29,36,2753,2789
390,2018-07-30,256,5692,5948
390,2018-07-31,307,8291,8598
390,2018-08-01,289,8003,8292
390,2018-08-02,293,7917,8210
390,2018-08-03,291,7332,7623
390,2018-08-04,186,3284,3470
390,2018-08-05,25,2790,2815
390,2018-08-06,271,7084,7355
390,2018-08-07,261,6986,7247
390,2018-08-08,266,6838,7104
390,2018-08-09,244,5090,5334
390,2018-08-10,220,5328,5548
390,2018-08-11,174,3095,3269
390,2018-08-12,27,2418,2445
390,2018-08-13,221,4732,4953
390,2018-08-14,232,4987,5219
390,2018-08-15,27,2316,2343
390,2018-08-16,212,4928,5140
390,2018-08-17,235,5113,5348
390,2018-08-18,176,2820,2996
390,2018-08-19,20,2415,2435
390,2018-08-20,272,5129,5401
390,2018-08-21,249,5513,5762
390,2018-08-22,251,5500,5751
390,2018-08-23,321,5910,6231
390,2018-08-24,293,5828,6121
390,2018-08-25,233,3997,4230
390,2018-08-26,55,3513,3568
390,2018-08-27,284,5758,6042
390,2018-08-28,302,6228,6530
390,2018-08-29,288,6345,6633
390,2018-08-30,276,6492,6768
390,2018-08-31,305,6545,6850
390,2018-09-01,244,4845,5089
390,2018-09-02,32,3704,3736
390,2018-09-03,259,6161,6420
390,2018-09-04,290,6715,7005
390,2018-09-05,292,6748,7040
390,2018-09-06,287,7004,7291
390,2018-09-07,318,6795,7113
390,2018-09-08,238,4582,4820
390,2018-09-09,42,3943,3985
390,2018-09-10,292,7092,7384
390,2018-09-11,299,7868,8167
390,2018-09-12,294,7270,7564
390,2018-09-13,304,7183,7487
390,2018-09-14,296,7421,7717
390,2018-09-15,274,4348,4622
390,2018-09-16,41,3604,3645
390,2018-09-17,301,7328,7629
390,2018-09-18,345,8038,8383
390,2018-09-19,369,7762,8131
390,2018-09-20,345,8487,8832
390,2018-09-21,361,7768,8129
390,2018-09-22,203,4931,5134
390,2018-09-23,36,2784,2820
390,2018-09-24,297,7579,7876
390,2018-09-25,349,7897,8246
390,2018-09-26,322,7858,8180
390,2018-09-27,316,8018,8334
390,2018-09-28,331,7826,8157
390,2018-09-29,205,4673,4878
390,2018-09-30,33,3653,3686
390,2018-10-01,308,7755,8063
390,2018-10-02,317,7953,8270
390,2018-10-03,329,7901,8230
390,2018-10-04,313,8159,8472
390,2018-10-05,342,8010,8352
390,2018-10-06,190,4649,4839
390,2018-10-07,21,3412,3433
390,2018-10-08,299,7410,7709
390,2018-10-09,328,7972,8300
390,2018-10-10,298,7818,8116
390,2018-10-11,314,8173,8487
390,2018-10-12,316,7722,8038
390,2018-10-13,201,4848,5049
390,2018-10-14,30,3737,3767
390,2018-10-15,282,7535,7817
390,2018-10-16,333,8243,8576
390,2018-10-17,293,7859,8152
390,2018-10-18,314,7910,8224
390,2018-10-19,343,7747,8090
390,2018-10-20,206,4761,4967
390,2018-10-21,37,3696,3733
390,2018-10-22,348,7506,7854
390,2018-10-23,318,7804,8122
390,2018-10-24,337,7625,7962
390,2018-10-25,311,7925,8236
390,2018-10-26,325,7213,7538
390,2018-10-27,223,4171,4394
390,2018-10-28,32,3124,3156
390,2018-10-29,293,5925,6218
390,2018-10-30,269,5959,6228
390,2018-11-01,22,2784,2806
390,2018-11-02,248,4743,4991
390,2018-11-03,191,3495,3686
390,2018-11-04,31,2668,2699
390,2018-11-05,318,7292,7610
390,2018-11-06,312,7860,8172
390,2018-11-07,311,7899,8210
390,2018-11-08,337,7992,8329
390,2018-11-09,319,7680,7999
390,2018-11-10,208,4653,4861
390,2018-11-11,30,3285,3315
390,2018-11-12,318,7524,7842
390,2018-11-13,305,7835,8140
390,2018-11-14,349,7836,8185
390,2018-11-15,387,7987,8374
390,2018-11-16,315,7223,7538
390,2018-11-17,209,4909,5118
390,2018-11-18,21,3624,3645
390,2018-11-19,355,7328,7683
390,2018-11-20,367,7742,8109
390,2018-11-21,333,7548,7881
390,2018-11-22,338,7943,8281
390,2018-11-23,314,7747,8061
390,2018-11-24,207,4356,4563
390,2018-11-25,43,3457,3500
390,2018-11-26,431,7080,7511
390,2018-11-27,321,7771,8092
390,2018-11-28,369,7708,8077
390,2018-11-29,317,8083,8400
390,2018-11-30,319,7492,7811
390,2018-12-01,217,4429,4646
390,2018-12-02,19,3221,3240
390,2018-12-03,333,7322,7655
390,2018-12-04,321,7772,8093
390,2018-12-05,335,7907,8242
390,2018-12-06,339,7642,7981
390,2018-12-07,308,7731,8039
390,2018-12-08,193,4289,4482
390,2018-12-09,36,3074,3110
390,2018-12-10,318,7447,7765
390,2018-12-11,357,8059,8416
390,2018-12-12,348,7794,8142
390,2018-12-13,360,8431,8791
390,2018-12-14,348,8004,8352
390,2018-12-15,220,4832,5052
390,2018-12-16,35,3351,3386
390,2018-12-17,305,7471,7776
390,2018-12-18,362,8553,8915
390,2018-12-19,318,8234,8552
390,2018-12-20,315,8234,8549
390,2018-12-21,299,7473,7772
390,2018-12-22,193,3848,4041
390,2018-12-23,28,2708,2736
390,2018-12-24,188,3900,4088
390,2018-12-25,24,2033,2057
390,2018-12-26,23,2160,2183
390,2018-12-27,220,4061,4281
390,2018-12-28,229,4207,4436
390,2018-12-29,187,2700,2887
390,2018-12-30,17,2182,2199
390,2018-12-31,196,3375,3571
394,2018-01-01,174,7692,7866
394,2018-01-02,550,13590,14140
394,2018-01-03,566,14930,15496
394,2018-01-05,534,16012,16546
394,2018-01-06,331,13185,13516
394,2018-01-07,178,9666,9844
394,2018-01-08,573,15816,16389
394,2018-01-09,614,16513,17127
394,2018-01-10,550,16312,16862
394,2018-01-12,599,17283,17882
394,2018-01-13,365,14712,15077
394,2018-01-14,182,10802,10984
394,2018-01-15,642,16164,16806
394,2018-01-16,618,17304,17922
394,2018-01-17,618,16932,17550
394,2018-01-18,594,17352,17946
394,2018-01-19,632,17282,17914
394,2018-01-20,370,14472,14842
394,2018-01-21,192,10214,10406
394,2018-01-22,510,15718,16228
394,2018-01-23,556,16676,17232
394,2018-01-24,516,16366,16882
394,2018-01-26,581,17367,17948
394,2018-01-27,370,14685,15055
394,2018-01-28,175,11367,11542
394,2018-01-29,519,16099,16618
394,2018-01-30,586,16811,17397
394,2018-01-31,604,17302,17906
394,2018-02-01,558,17316,17874
394,2018-02-02,552,17332,17884
394,2018-02-03,385,14567,14952
394,2018-02-04,170,10854,11024
394,2018-02-05,601,16285,16886
394,2018-02-06,539,16565,17104
394,2018-02-07,579,16577,17156
394,2018-02-09,626,17090,17716
394,2018-02-10,371,12925,13296
394,2018-02-11,188,9152,9340
394,2018-02-12,534,13627,14161
394,2018-02-13,534,14860,15394
394,2018-02-14,557,15004,15561
394,2018-02-15,507,14924,15431
394,2018-02-16,521,15553,16074
394,2018-02-17,379,12769,13148
394,2018-02-18,186,10409,10595
394,2018-02-19,565,16078,16643
394,2018-02-20,599,16906,17505
394,2018-02-21,607,16771,17378
394,2018-02-23,611,17753,18364
394,2018-02-24,371,15291,15662
394,2018-02-25,201,11587,11788
394,2018-02-26,614,16464,17078
394,2018-02-27,635,17349,17984
394,2018-02-28,593,17162,17755
394,2018-03-01,607,17360,17967
394,2018-03-02,553,16506,17059
394,2018-03-03,411,14947,15358
394,2018-03-04,229,11381,11610
394,2018-03-05,606,16410,17016
394,2018-03-06,611,17271,17882
394,2018-03-07,578,16698,17276
394,2018-03-09,561,17460,18021
394,2018-03-10,440,14322,14762
394,2018-03-11,230,11148,11378
394,2018-03-12,604,16882,17486
394,2018-03-13,608,17060,17668
394,2018-03-14,646,17742,18388
394,2018-03-15,605,17254,17859
394,2018-03-16,570,17849,18419
394,2018-03-17,478,14880,15358
394,2018-03-18,262,11103,11365
394,2018-03-19,624,16093,16717
394,2018-03-20,608,17140,17748
394,2018-03-21,590,17035,17625
394,2018-03-22,560,16958,17518
394,2018-03-23,602,17769,18371
394,2018-03-24,369,14942,15311
394,2018-03-26,584,16267,16851
394,2018-03-27,572,17039,17611
394,2018-03-28,610,17250,17860
394,2018-03-31,386,13116,13502
394,2018-04-01,170,9162,9332
394,2018-04-02,175,8647,8822
394,2018-04-03,550,14990,15540
394,2018-04-04,530,15018,15548
394,2018-04-05,552,15014,15566
394,2018-04-06,536,15692,16228
394,2018-04-07,367,12966,13333
394,2018-04-08,186,10411,10597
394,2018-04-09,518,14938,15456
394,2018-04-10,552,16030,16582
394,2018-04-11,564,15900,16464
394,2018-04-13,562,16590,17152
394,2018-04-14,374,14344,14718
394,2018-04-15,193,11200,11393
394,2018-04-16,564,16717,17281
394,2018-04-17,593,17535,18128
394,2018-04-18,580,17646,18226
394,2018-04-19,594,18140,18734
394,2018-04-20,588,18361,18949
394,2018-04-21,368,16053,16421
394,2018-04-22,180,11923,12103
394,2018-04-23,540,17117,17657
394,2018-04-24,590,18114,18704
394,2018-04-25,609,17667,18276
394,2018-04-27,567,18449,19016
394,2018-04-28,502,15556,16058
394,2018-04-29,354,11360,11714
394,2018-04-30,594,16694,17288
394,2018-05-01,184,9898,10082
394,2018-05-02,554,17495,18049
394,2018-05-03,568,17594,18162
394,2018-05-04,547,18194,18741
394,2018-05-05,471,16007,16478
394,2018-05-06,260,12149,12409
394,2018-05-07,546,16800,17346
394,2018-05-08,554,17455,18009
394,2018-05-09,538,17930,18468
394,2018-05-11,507,16273,16780
394,2018-05-12,344,12738,13082
394,2018-05-13,166,10298,10464
394,2018-05-14,606,17220,17826
394,2018-05-15,567,17441,18008
394,2018-05-16,550,17324,17874
394,2018-05-17,549,17698,18247
394,2018-05-18,548,17855,18403
394,2018-05-19,479,14124,14603
394,2018-05-20,285,10914,11199
394,2018-05-21,172,8484,8656
394,2018-05-22,481,15235,15716
394,2018-05-23,262,8104,8366
394,2018-05-25,469,15780,16249
394,2018-05-26,349,13228,13577
394,2018-05-27,173,10956,11129
394,2018-05-28,642,17740,18382
394,2018-05-29,621,18578,19199
394,2018-05-30,666,19206,19872
394,2018-05-31,722,20038,20760
394,2018-06-01,676,18848,19524
394,2018-06-02,377,15290,15667
394,2018-06-03,176,12498,12674
394,2018-06-04,543,16951,17494
394,2018-06-05,526,17311,17837
394,2018-06-06,578,17133,17711
394,2018-06-08,575,18087,18662
394,2018-06-09,356,15554,15910
394,2018-06-10,180,12278,12458
394,2018-06-11,614,16708,17322
394,2018-06-12,543,17449,17992
394,2018-06-13,559,17457,18016
394,2018-06-14,570,17288,17858
394,2018-06-15,551,17566,18117
394,2018-06-16,365,15047,15412
394,2018-06-17,177,11391,11568
394,2018-06-18,550,16360,16910
394,2018-06-19,598,16851,17449
394,2018-06-20,555,17138,17693
394,2018-06-22,577,17022,17599
394,2018-06-23,246,10185,10431
394,2018-06-24,187,11503,11690
394,2018-06-25,519,16932,17451
394,2018-06-26,541,17755,18296
394,2018-06-27,542,17873,18415
394,2018-06-28,497,18738,19235
394,2018-06-29,554,18560,19114
394,2018-06-30,500,15355,15855
394,2018-07-01,296,12390,12686
394,2018-07-02,559,16921,17480
394,2018-07-03,544,18023,18567
394,2018-07-04,563,17758,18321
394,2018-07-06,534,18459,18993
394,2018-07-07,333,14914,15247
394,2018-07-08,169,11871,12040
394,2018-07-09,526,17161,17687
394,2018-07-10,545,17895,18440
394,2018-07-11,488,17679,18167
394,2018-07-12,489,18099,18588
394,2018-07-13,472,17688,18160
394,2018-07-14,350,13908,14258
394,2018-07-15,180,10961,11141
394,2018-07-16,455,15814,16269
394,2018-07-17,463,16693,17156
394,2018-07-18,480,16411,16891
394,2018-07-20,481,16494,16975
394,2018-07-21,337,13681,14018
394,2018-07-22,170,11376,11546
394,2018-07-23,472,15814,16286
394,2018-07-24,456,16421,16877
394,2018-07-25,472,15602,16074
394,2018-07-26,449,15664,16113
394,2018-07-27,461,15103,15564
394,2018-07-28,341,11967,12308
394,2018-07-29,171,9184,9355
394,2018-07-30,444,13825,14269
394,2018-07-31,452,14758,15210
394,2018-08-01,436,14973,15409
394,2018-08-03,433,14270,14703
394,2018-08-04,328,10662,10990
394,2018-08-05,159,8323,8482
394,2018-08-06,401,13049,13450
394,2018-08-07,474,13552,14026
394,2018-08-08,492,13564,14056
394,2018-08-09,508,13636,14144
394,2018-08-10,484,13469,13953
394,2018-08-11,332,9637,9969
394,2018-08-12,168,7418,7586
394,2018-08-13,496,12042,12538
394,2018-08-14,454,13139,13593
394,2018-08-15,156,7390,7546
394,2018-08-16,439,12504,12943
394,2018-08-17,460,12743,13203
394,2018-08-18,329,9956,10285
394,2018-08-19,163,8010,8173
394,2018-08-20,444,13004,13448
394,2018-08-21,514,13543,14057
394,2018-08-22,497,14063,14560
394,2018-08-23,477,14747,15224
394,2018-08-24,488,14965,15453
394,2018-08-25,510,12062,12572
394,2018-08-26,241,9649,9890
394,2018-08-27,678,14842,15520
394,2018-08-28,599,15548,16147
394,2018-08-29,638,15052,15690
394,2018-08-31,594,15799,16393
394,2018-09-01,445,13208,13653
394,2018-09-02,261,10317,10578
394,2018-09-03,560,14385,14945
394,2018-09-04,590,15961,16551
394,2018-09-05,577,15929,16506
394,2018-09-06,575,16107,16682
394,2018-09-07,596,16677,17273
394,2018-09-08,456,13430,13886
394,2018-09-09,261,10844,11105
394,2018-09-10,577,16162,16739
394,2018-09-11,571,17332,17903
394,2018-09-12,546,16760,17306
394,2018-09-14,589,17360,17949
394,2018-09-15,467,14579,15046
394,2018-09-16,262,11605,11867
394,2018-09-17,485,16882,17367
394,2018-09-18,499,17790,18289
394,2018-09-19,548,17916,18464
394,2018-09-20,552,18106,18658
394,2018-09-21,636,18938,19574
394,2018-09-22,363,15638,16001
394,2018-09-23,180,10922,11102
394,2018-09-24,564,17730,18294
394,2018-09-25,605,18508,19113
394,2018-09-26,605,18318,18923
394,2018-09-28,540,18470,19010
394,2018-09-29,442,16374,16816
394,2018-09-30,241,12780,13021
394,2018-10-01,544,17250,17794
394,2018-10-02,550,18131,18681
394,2018-10-03,594,18129,18723
394,2018-10-04,559,17938,18497
394,2018-10-05,552,18377,18929
394,2018-10-06,498,15642,16140
394,2018-10-07,300,12662,12962
394,2018-10-08,556,17117,17673
394,2018-10-09,564,17521,18085
394,2018-10-10,553,17620,18173
394,2018-10-12,552,18395,18947
394,2018-10-13,469,16164,16633
394,2018-10-14,271,12547,12818
394,2018-10-15,550,18081,18631
394,2018-10-16,702,19147,19849
394,2018-10-17,591,18725,19316
394,2018-10-18,621,19325,19946
394,2018-10-19,575,19267,19842
394,2018-10-20,371,16596,16967
394,2018-10-21,179,12478,12657
394,2018-10-22,524,17212,17736
394,2018-10-23,531,18382,18913
394,2018-10-24,530,18030,18560
394,2018-10-26,529,18470,18999
394,2018-10-27,355,15329,15684
394,2018-10-28,155,10609,10764
394,2018-10-29,510,15967,16477
394,2018-10-30,570,16866,17436
394,2018-10-31,501,17874,18375
394,2018-11-02,437,15595,16032
394,2018-11-03,357,13299,13656
394,2018-11-04,184,10648,10832
394,2018-11-05,528,17338,17866
394,2018-11-06,528,18122,18650
394,2018-11-07,556,18166,18722
394,2018-11-09,536,18281,18817
394,2018-11-10,368,17008,17376
394,2018-11-11,179,12010,12189
394,2018-11-12,612,18022,18634
394,2018-11-13,538,18030,18568
394,2018-11-14,556,18042,18598
394,2018-11-15,573,17866,18439
394,2018-11-16,519,18650,19169
394,2018-11-17,334,17188,17522
394,2018-11-18,192,13193,13385
394,2018-11-19,529,16839,17368
394,2018-11-20,575,17273,17848
394,2018-11-21,555,17258,17813
394,2018-11-22,569,17577,18146
394,2018-11-23,561,17941,18502
394,2018-11-24,392,15943,16335
394,2018-11-25,168,12007,12175
394,2018-11-26,555,16442,16997
394,2018-11-27,551,17266,17817
394,2018-11-28,513,16760,17273
394,2018-11-30,546,18091,18637
394,2018-12-01,351,16057,16408
394,2018-12-02,160,11276,11436
394,2018-12-03,588,16668,17256
394,2018-12-04,560,17366,17926
394,2018-12-05,624,18570,19194
394,2018-12-06,548,17582,18130
394,2018-12-07,618,18910,19528
394,2018-12-08,392,15774,16166
394,2018-12-09,178,11582,11760
394,2018-12-10,549,16489,17038
394,2018-12-11,558,17275,17833
394,2018-12-12,569,17192,17761
394,2018-12-14,521,17975,18496
394,2018-12-15,371,16241,16612
394,2018-12-16,167,11437,11604
394,2018-12-17,568,17630,18198
394,2018-12-18,584,17625,18209
394,2018-12-19,570,18264,18834
394,2018-12-20,602,18716,19318
394,2018-12-21,556,18380,18936
394,2018-12-22,358,13602,13960
394,2018-12-23,211,9879,10090
394,2018-12-24,422,12023,12445
394,2018-12-25,152,6914,7066
394,2018-12-26,161,7226,7387
394,2018-12-27,412,12697,13109
394,2018-12-28,447,12551,12998
394,2018-12-29,346,11003,11349
394,2018-12-30,170,8576,8746
394,2018-12-31,421,11992,12413
400,2018-01-01,224,6600,6824
400,2018-01-02,918,15694,16612
400,2018-01-03,842,17088,17930
400,2018-01-05,801,15985,16786
400,2018-01-06,445,11006,11451
400,2018-01-07,233,7897,8130
400,2018-01-08,963,16726,17689
400,2018-01-09,966,17168,18134
400,2018-01-10,934,17460,18394
400,2018-01-12,970,17690,18660
400,2018-01-13,501,11678,12179
400,2018-01-14,273,8985,9258
400,2018-01-15,1134,19950,21084
400,2018-01-16,1040,19976,21016
400,2018-01-17,1138,20256,21394
400,2018-01-18,1098,20518,21616
400,2018-01-19,985,18036,19021
400,2018-01-20,498,12424,12922
400,2018-01-21,224,8011,8235
400,2018-01-22,876,16510,17386
400,2018-01-23,987,17369,18356
400,2018-01-24,952,17419,18371
400,2018-01-26,968,17737,18705
400,2018-01-27,496,11958,12454
400,2018-01-28,221,8709,8930
400,2018-01-29,893,16953,17846
400,2018-01-30,935,17473,18408
400,2018-01-31,1088,20682,21770
400,2018-02-01,1176,20370,21546
400,2018-02-02,942,17649,18591
400,2018-02-03,513,11679,12192
400,2018-02-04,247,8622,8869
400,2018-02-05,1059,17942,19001
400,2018-02-06,817,16622,17439
400,2018-02-07,905,17697,18602
400,2018-02-09,959,18002,18961
400,2018-02-10,478,10176,10654
400,2018-02-11,222,6951,7173
400,2018-02-12,812,13773,14585
400,2018-02-13,892,15415,16307
400,2018-02-14,964,15539,16503
400,2018-02-15,777,14983,15760
400,2018-02-16,909,15562,16471
400,2018-02-17,518,10213,10731
400,2018-02-18,177,5131,5308
400,2018-02-19,988,16628,17616
400,2018-02-20,1026,17517,18543
400,2018-02-21,1127,17805,18932
400,2018-02-23,1037,17856,18893
400,2018-02-24,550,12274,12824
400,2018-02-25,274,8801,9075
400,2018-02-26,1021,16792,17813
400,2018-02-27,1022,17411,18433
400,2018-02-28,1055,17576,18631
400,2018-03-01,1026,17456,18482
400,2018-03-02,942,16437,17379
400,2018-03-03,531,11486,12017
400,2018-03-04,297,8793,9090
400,2018-03-05,975,17406,18381
400,2018-03-06,1128,17979,19107
400,2018-03-07,996,18633,19629
400,2018-03-09,995,17620,18615
400,2018-03-10,550,11863,12413
400,2018-03-11,299,9162,9461
400,2018-03-12,1039,17095,18134
400,2018-03-13,974,17616,18590
400,2018-03-14,1074,17764,18838
400,2018-03-15,1032,18314,19346
400,2018-03-16,1130,18346,19476
400,2018-03-17,568,11852,12420
400,2018-03-18,249,8579,8828
400,2018-03-19,1065,16954,18019
400,2018-03-20,814,14330,15144
400,2018-03-21,1067,18107,19174
400,2018-03-22,948,17992,18940
400,2018-03-23,1160,18818,19978
400,2018-03-24,558,12674,13232
400,2018-03-26,1053,16929,17982
400,2018-03-27,1062,18123,19185
400,2018-03-28,1214,21438,22652
400,2018-03-31,554,13052,13606
400,2018-04-01,246,8822,9068
400,2018-04-02,250,8297,8547
400,2018-04-03,1110,17626,18736
400,2018-04-04,1040,18346,19386
400,2018-04-05,964,15440,16404
400,2018-04-06,1018,15928,16946
400,2018-04-07,577,10899,11476
400,2018-04-08,256,8965,9221
400,2018-04-09,945,15567,16512
400,2018-04-10,916,16269,17185
400,2018-04-11,970,16375,17345
400,2018-04-13,1054,16867,17921
400,2018-04-14,545,11419,11964
400,2018-04-15,268,9417,9685
400,2018-04-16,995,17556,18551
400,2018-04-17,1039,18086,19125
400,2018-04-18,1037,18474,19511
400,2018-04-19,1020,19376,20396
400,2018-04-20,1121,18925,20046
400,2018-04-21,609,13168,13777
400,2018-04-22,312,10398,10710
400,2018-04-23,991,17807,18798
400,2018-04-24,1091,18753,19844
400,2018-04-25,848,15210,16058
400,2018-04-26,1060,18644,19704
400,2018-04-28,657,13405,14062
400,2018-04-29,300,10496,10796
400,2018-04-30,962,18566,19528
400,2018-05-01,255,8920,9175
400,2018-05-02,1028,18081,19109
400,2018-05-03,1133,18570,19703
400,2018-05-04,1100,19091,20191
400,2018-05-05,710,13098,13808
400,2018-05-06,332,10655,10987
400,2018-05-07,1116,17703,18819
400,2018-05-08,1131,18754,19885
400,2018-05-09,1046,19075,20121
400,2018-05-10,245,8623,8868
400,2018-05-12,762,12024,12786
400,2018-05-13,276,9708,9984
400,2018-05-14,1204,20692,21896
400,2018-05-15,1081,18958,20039
400,2018-05-16,780,15012,15792
400,2018-05-17,1028,18596,19624
400,2018-05-18,1138,19017,20155
400,2018-05-19,689,12117,12806
400,2018-05-20,362,9522,9884
400,2018-05-21,258,9686,9944
400,2018-05-22,974,16074,17048
400,2018-05-23,1232,19132,20364
400,2018-05-24,923,16379,17302
400,2018-05-26,603,11851,12454
400,2018-05-27,290,9202,9492
400,2018-05-28,1290,21290,22580
400,2018-05-29,1031,18148,19179
400,2018-05-30,1436,22016,23452
400,2018-05-31,1384,22938,24322
400,2018-06-01,1128,22342,23470
400,2018-06-02,652,13412,14064
400,2018-06-03,250,10613,10863
400,2018-06-04,1076,18041,19117
400,2018-06-05,1081,18350,19431
400,2018-06-06,1386,21490,22876
400,2018-06-07,1220,22212,23432
400,2018-06-08,1100,19208,20308
400,2018-06-10,412,12372,12784
400,2018-06-11,1246,22118,23364
400,2018-06-12,1007,18072,19079
400,2018-06-13,1074,18298,19372
400,2018-06-14,1056,18322,19378
400,2018-06-15,1081,18511,19592
400,2018-06-16,711,14690,15401
400,2018-06-17,277,9659,9936
400,2018-06-18,1064,17006,18070
400,2018-06-19,1023,18031,19054
400,2018-06-20,1119,18376,19495
400,2018-06-21,1113,18187,19300
400,2018-06-22,1208,19189,20397
400,2018-06-23,325,9497,9822
400,2018-06-25,1122,17632,18754
400,2018-06-26,999,18328,19327
400,2018-06-27,955,18139,19094
400,2018-06-28,1040,18154,19194
400,2018-06-29,1124,18145,19269
400,2018-06-30,609,12474,13083
400,2018-07-02,1008,16875,17883
400,2018-07-03,1062,17585,18647
400,2018-07-04,1111,17809,18920
400,2018-07-05,1288,21272,22560
400,2018-07-06,1162,18052,19214
400,2018-07-07,597,12976,13573
400,2018-07-09,1015,17422,18437
400,2018-07-10,1048,17810,18858
400,2018-07-11,1059,17647,18706
400,2018-07-12,1076,17761,18837
400,2018-07-13,1096,18148,19244
400,2018-07-14,542,11504,12046
400,2018-07-15,382,9396,9778
400,2018-07-16,1058,16963,18021
400,2018-07-17,1112,17175,18287
400,2018-07-18,1095,18343,19438
400,2018-07-19,1095,17607,18702
400,2018-07-20,1129,17192,18321
400,2018-07-21,674,12063,12737
400,2018-07-22,329,10501,10830
400,2018-07-24,1004,16776,17780
400,2018-07-25,1069,16568,17637
400,2018-07-26,942,16353,17295
400,2018-07-27,920,16345,17265
400,2018-07-28,497,10098,10595
400,2018-07-29,273,8227,8500
400,2018-07-30,844,14566,15410
400,2018-07-31,876,15405,16281
400,2018-08-02,882,15019,15901
400,2018-08-03,925,15112,16037
400,2018-08-04,504,9873,10377
400,2018-08-05,262,8093,8355
400,2018-08-06,837,13704,14541
400,2018-08-07,1012,16512,17524
400,2018-08-09,930,16496,17426
400,2018-08-10,892,14603,15495
400,2018-08-11,514,9731,10245
400,2018-08-12,276,7721,7997
400,2018-08-13,1000,14886,15886
400,2018-08-14,891,13487,14378
400,2018-08-15,234,7657,7891
400,2018-08-16,889,13500,14389
400,2018-08-17,853,13376,14229
400,2018-08-18,508,9107,9615
400,2018-08-19,248,7795,8043
400,2018-08-20,911,13813,14724
400,2018-08-21,914,14386,15300
400,2018-08-22,926,14496,15422
400,2018-08-23,956,14625,15581
400,2018-08-24,983,15293,16276
400,2018-08-25,722,12606,13328
400,2018-08-26,331,9948,10279
400,2018-08-27,1122,16864,17986
400,2018-08-28,1026,15345,16371
400,2018-08-29,1248,17686,18934
400,2018-08-31,1165,16757,17922
400,2018-09-01,864,14660,15524
400,2018-09-02,297,9731,10028
400,2018-09-03,969,13853,14822
400,2018-09-04,1061,15204,16265
400,2018-09-05,1038,15345,16383
400,2018-09-06,973,15587,16560
400,2018-09-07,1396,18930,20326
400,2018-09-08,777,12539,13316
400,2018-09-09,386,10150,10536
400,2018-09-10,1044,15906,16950
400,2018-09-11,1060,17195,18255
400,2018-09-12,1041,16776,17817
400,2018-09-13,1096,16487,17583
400,2018-09-14,1118,16262,17380
400,2018-09-15,689,13008,13697
400,2018-09-16,353,11235,11588
400,2018-09-18,987,17196,18183
400,2018-09-19,1108,17219,18327
400,2018-09-20,1128,17450,18578
400,2018-09-21,1302,19184,20486
400,2018-09-22,126,2844,2970
400,2018-09-23,92,3856,3948
400,2018-09-24,1075,15762,16837
400,2018-09-25,1051,16919,17970
400,2018-09-26,1157,17051,18208
400,2018-09-27,1124,16962,18086
400,2018-09-28,1114,17582,18696
400,2018-09-29,680,14610,15290
400,2018-09-30,351,10913,11264
400,2018-10-02,1002,16991,17993
400,2018-10-03,1065,17387,18452
400,2018-10-04,1143,18298,19441
400,2018-10-05,1344,18279,19623
400,2018-10-06,694,14278,14972
400,2018-10-07,386,10756,11142
400,2018-10-08,999,16434,17433
400,2018-10-09,996,17279,18275
400,2018-10-10,1206,18456,19662
400,2018-10-11,1332,18149,19481
400,2018-10-12,1092,17126,18218
400,2018-10-13,633,13122,13755
400,2018-10-14,289,10171,10460
400,2018-10-16,1200,17699,18899
400,2018-10-17,1052,17534,18586
400,2018-10-18,1154,18298,19452
400,2018-10-19,1212,18728,19940
400,2018-10-20,600,12920,13520
400,2018-10-21,282,9928,10210
400,2018-10-22,1082,16834,17916
400,2018-10-23,1096,16926,18022
400,2018-10-24,1049,17593,18642
400,2018-10-25,1027,17803,18830
400,2018-10-26,1085,17491,18576
400,2018-10-27,586,12270,12856
400,2018-10-28,276,8413,8689
400,2018-10-30,919,15625,16544
400,2018-10-31,989,16310,17299
400,2018-11-01,211,8422,8633
400,2018-11-02,783,13767,14550
400,2018-11-03,508,10634,11142
400,2018-11-04,250,8627,8877
400,2018-11-05,1051,16602,17653
400,2018-11-06,1282,20910,22192
400,2018-11-07,1358,20742,22100
400,2018-11-08,1069,17623,18692
400,2018-11-09,1046,17278,18324
400,2018-11-10,527,14127,14654
400,2018-11-11,256,9644,9900
400,2018-11-13,991,17178,18169
400,2018-11-14,1234,17851,19085
400,2018-11-15,1078,17107,18185
400,2018-11-16,1072,17272,18344
400,2018-11-17,543,10902,11445
400,2018-11-18,254,8197,8451
400,2018-11-19,1023,16193,17216
400,2018-11-20,1085,16560,17645
400,2018-11-21,1050,16693,17743
400,2018-11-22,1102,17627,18729
400,2018-11-23,1065,17748,18813
400,2018-11-24,527,13410,13937
400,2018-11-25,254,9873,10127
400,2018-11-26,1085,16224,17309
400,2018-11-27,1024,16830,17854
400,2018-11-28,918,17158,18076
400,2018-11-29,1068,17779,18847
400,2018-11-30,1070,17605,18675
400,2018-12-01,545,12772,13317
400,2018-12-02,238,9966,10204
400,2018-12-04,1202,20758,21960
400,2018-12-05,1088,17151,18239
400,2018-12-06,945,16978,17923
400,2018-12-07,1236,20700,21936
400,2018-12-08,524,13294,13818
400,2018-12-09,264,9992,10256
400,2018-12-10,1270,20726,21996
400,2018-12-11,1016,17937,18953
400,2018-12-12,1043,18076,19119
400,2018-12-13,1073,18227,19300
400,2018-12-14,1085,18093,19178
400,2018-12-15,576,12695,13271
400,2018-12-16,290,8666,8956
400,2018-12-18,866,14576,15442
400,2018-12-19,788,13870,14658
400,2018-12-20,838,14284,15122
400,2018-12-21,1018,20388,21406
400,2018-12-22,462,12872,13334
400,2018-12-23,223,8196,8419
400,2018-12-24,702,11236,11938
400,2018-12-25,182,5907,6089
400,2018-12-26,224,6373,6597
400,2018-12-27,779,11880,12659
400,2018-12-28,811,11933,12744
400,2018-12-29,464,8776,9240
400,2018-12-30,213,7211,7424
400,2018-12-31,738,10486,11224
401,2018-01-01,116,4300,4416
401,2018-01-02,438,9508,9946
401,2018-01-03,436,9920,10356
401,2018-01-05,410,11106,11516
401,2018-01-06,233,8648,8881
401,2018-01-07,119,6219,6338
401,2018-01-08,446,10959,11405
401,2018-01-09,430,11766,12196
401,2018-01-10,417,11484,11901
401,2018-01-12,441,11964,12405
401,2018-01-13,245,9426,9671
401,2018-01-14,114,6643,6757
401,2018-01-15,514,10756,11270
401,2018-01-16,460,11690,12150
401,2018-01-17,492,11656,12148
401,2018-01-18,480,11868,12348
401,2018-01-19,528,12282,12810
401,2018-01-20,272,8566,8838
401,2018-01-21,124,6348,6472
401,2018-01-22,402,11109,11511
401,2018-01-23,428,11718,12146
401,2018-01-24,429,11488,11917
401,2018-01-26,437,12022,12459
401,2018-01-27,264,9697,9961
401,2018-01-28,123,6960,7083
401,2018-01-29,426,11396,11822
401,2018-01-30,438,11986,12424
401,2018-01-31,480,11966,12446
401,2018-02-01,439,12259,12698
401,2018-02-02,434,12011,12445
401,2018-02-03,246,9595,9841
401,2018-02-04,115,6815,6930
401,2018-02-05,447,11265,11712
401,2018-02-06,407,11010,11417
401,2018-02-07,434,11531,11965
401,2018-02-09,423,11517,11940
401,2018-02-10,253,7909,8162
401,2018-02-11,117,5346,5463
401,2018-02-12,347,9283,9630
401,2018-02-13,369,10181,10550
401,2018-02-14,391,10531,10922
401,2018-02-15,385,9749,10134
401,2018-02-16,363,10718,11081
401,2018-02-17,259,8275,8534
401,2018-02-18,122,6510,6632
401,2018-02-19,413,10972,11385
401,2018-02-20,403,11479,11882
401,2018-02-21,420,11566,11986
401,2018-02-23,444,12053,12497
401,2018-02-24,253,9427,9680
401,2018-02-25,127,6970,7097
401,2018-02-26,425,10781,11206
401,2018-02-27,439,11486,11925
401,2018-02-28,442,11310,11752
401,2018-03-01,432,11566,11998
401,2018-03-02,406,10758,11164
401,2018-03-03,278,9382,9660
401,2018-03-04,164,6531,6695
401,2018-03-05,418,11126,11544
401,2018-03-06,438,11656,12094
401,2018-03-07,484,11402,11886
401,2018-03-08,478,11618,12096
401,2018-03-10,294,9610,9904
401,2018-03-11,150,6893,7043
401,2018-03-12,506,11218,11724
401,2018-03-13,448,11132,11580
401,2018-03-14,501,12595,13096
401,2018-03-15,457,12007,12464
401,2018-03-16,442,12062,12504
401,2018-03-17,317,9507,9824
401,2018-03-18,167,6417,6584
401,2018-03-19,465,11032,11497
401,2018-03-20,460,11401,11861
401,2018-03-21,458,11580,12038
401,2018-03-22,458,11423,11881
401,2018-03-23,445,11668,12113
401,2018-03-24,240,10194,10434
401,2018-03-26,453,11324,11777
401,2018-03-27,484,11604,12088
401,2018-03-28,492,11732,12224
401,2018-03-29,415,12306,12721
401,2018-03-31,278,8732,9010
401,2018-04-01,152,6359,6511
401,2018-04-02,117,5569,5686
401,2018-04-03,410,10220,10630
401,2018-04-04,424,10198,10622
401,2018-04-05,460,10496,10956
401,2018-04-06,397,10829,11226
401,2018-04-07,267,8503,8770
401,2018-04-08,120,6697,6817
401,2018-04-09,414,10241,10655
401,2018-04-10,490,10820,11310
401,2018-04-11,407,10766,11173
401,2018-04-12,392,10838,11230
401,2018-04-14,260,9280,9540
401,2018-04-15,115,6953,7068
401,2018-04-16,441,11588,12029
401,2018-04-17,462,12173,12635
401,2018-04-18,457,12935,13392
401,2018-04-19,463,13826,14289
401,2018-04-20,455,13088,13543
401,2018-04-21,262,10762,11024
401,2018-04-22,113,7615,7728
401,2018-04-23,488,12542,13030
401,2018-04-24,484,13311,13795
401,2018-04-25,684,14142,14826
401,2018-04-26,497,13770,14267
401,2018-04-28,304,9964,10268
401,2018-04-29,112,6474,6586
401,2018-04-30,458,10918,11376
401,2018-05-01,120,5891,6011
401,2018-05-02,448,12188,12636
401,2018-05-03,448,12192,12640
401,2018-05-04,433,12649,13082
401,2018-05-05,268,10296,10564
401,2018-05-06,108,7589,7697
401,2018-05-07,440,11872,12312
401,2018-05-08,432,12751,13183
401,2018-05-09,446,12949,13395
401,2018-05-10,124,6138,6262
401,2018-05-12,255,9664,9919
401,2018-05-13,120,6176,6296
401,2018-05-14,500,11816,12316
401,2018-05-15,449,12054,12503
401,2018-05-16,450,12245,12695
401,2018-05-17,448,12403,12851
401,2018-05-18,432,12382,12814
401,2018-05-19,270,9029,9299
401,2018-05-20,124,6322,6446
401,2018-05-21,118,5446,5564
401,2018-05-22,388,10592,10980
401,2018-05-23,462,10754,11216
401,2018-05-24,442,10494,10936
401,2018-05-26,259,8788,9047
401,2018-05-27,114,7169,7283
401,2018-05-28,520,11248,11768
401,2018-05-29,473,13360,13833
401,2018-05-30,582,13714,14296
401,2018-05-31,648,14518,15166
401,2018-06-01,536,12438,12974
401,2018-06-02,256,9902,10158
401,2018-06-03,111,7593,7704
401,2018-06-04,421,11515,11936
401,2018-06-05,446,11702,12148
401,2018-06-06,564,11526,12090
401,2018-06-07,506,12050,12556
401,2018-06-09,280,10142,10422
401,2018-06-10,126,7844,7970
401,2018-06-11,448,10764,11212
401,2018-06-12,407,11635,12042
401,2018-06-13,419,11640,12059
401,2018-06-14,498,11412,11910
401,2018-06-15,359,12008,12367
401,2018-06-16,257,9609,9866
401,2018-06-17,130,7163,7293
401,2018-06-18,421,11063,11484
401,2018-06-19,427,11691,12118
401,2018-06-20,433,11512,11945
401,2018-06-21,404,11887,12291
401,2018-06-23,151,6188,6339
401,2018-06-24,103,7498,7601
401,2018-06-25,440,10842,11282
401,2018-06-26,419,11642,12061
401,2018-06-27,409,11622,12031
401,2018-06-28,444,11993,12437
401,2018-06-29,425,12202,12627
401,2018-06-30,261,9778,10039
401,2018-07-01,123,8187,8310
401,2018-07-02,408,11182,11590
401,2018-07-03,400,11786,12186
401,2018-07-04,422,11499,11921
401,2018-07-05,474,11648,12122
401,2018-07-07,245,9525,9770
401,2018-07-08,117,7422,7539
401,2018-07-09,310,11356,11666
401,2018-07-10,389,11297,11686
401,2018-07-11,369,11456,11825
401,2018-07-12,380,11678,12058
401,2018-07-13,369,11616,11985
401,2018-07-14,222,8766,8988
401,2018-07-15,127,7362,7489
401,2018-07-16,363,10788,11151
401,2018-07-17,360,10817,11177
401,2018-07-18,369,11747,12116
401,2018-07-19,234,12203,12437
401,2018-07-21,231,8921,9152
401,2018-07-22,110,6785,6895
401,2018-07-23,348,10076,10424
401,2018-07-24,325,10466,10791
401,2018-07-25,337,10223,10560
401,2018-07-26,356,10335,10691
401,2018-07-27,340,10205,10545
401,2018-07-28,232,8055,8287
401,2018-07-29,108,6031,6139
401,2018-07-30,336,9334,9670
401,2018-07-31,343,9334,9677
401,2018-08-01,372,9280,9652
401,2018-08-02,328,9314,9642
401,2018-08-04,220,7187,7407
401,2018-08-05,114,5478,5592
401,2018-08-06,309,8356,8665
401,2018-08-07,382,8358,8740
401,2018-08-08,368,8230,8598
401,2018-08-09,384,8210,8594
401,2018-08-10,303,8977,9280
401,2018-08-11,224,6707,6931
401,2018-08-12,103,5220,5323
401,2018-08-13,380,8072,8452
401,2018-08-14,310,8794,9104
401,2018-08-15,105,4805,4910
401,2018-08-16,313,8340,8653
401,2018-08-17,311,8615,8926
401,2018-08-18,226,7189,7415
401,2018-08-19,116,5415,5531
401,2018-08-20,326,8508,8834
401,2018-08-21,332,9269,9601
401,2018-08-22,335,9052,9387
401,2018-08-23,377,9224,9601
401,2018-08-24,368,9553,9921
401,2018-08-25,396,7820,8216
401,2018-08-26,193,6330,6523
401,2018-08-27,504,9156,9660
401,2018-08-28,446,10426,10872
401,2018-08-29,538,9508,10046
401,2018-08-30,544,10026,10570
401,2018-09-01,341,8977,9318
401,2018-09-02,182,6305,6487
401,2018-09-03,420,9801,10221
401,2018-09-04,431,10120,10551
401,2018-09-05,536,10070,10606
401,2018-09-06,445,10429,10874
401,2018-09-07,425,10785,11210
401,2018-09-08,320,8994,9314
401,2018-09-09,190,7151,7341
401,2018-09-10,309,11658,11967
401,2018-09-11,412,11597,12009
401,2018-09-12,405,11646,12051
401,2018-09-13,418,11320,11738
401,2018-09-15,316,9815,10131
401,2018-09-16,164,7637,7801
401,2018-09-17,361,11401,11762
401,2018-09-18,389,12164,12553
401,2018-09-19,387,11980,12367
401,2018-09-20,376,11864,12240
401,2018-09-21,492,11682,12174
401,2018-09-22,246,10196,10442
401,2018-09-23,112,6288,6400
401,2018-09-24,395,12129,12524
401,2018-09-25,449,13379,13828
401,2018-09-26,449,13288,13737
401,2018-09-27,478,14093,14571
401,2018-09-29,304,10535,10839
401,2018-09-30,177,7840,8017
401,2018-10-01,407,11332,11739
401,2018-10-02,414,12793,13207
401,2018-10-03,472,12952,13424
401,2018-10-04,448,12115,12563
401,2018-10-05,403,11577,11980
401,2018-10-06,234,10061,10295
401,2018-10-07,131,6660,6791
401,2018-10-08,397,11076,11473
401,2018-10-09,403,11730,12133
401,2018-10-10,411,12796,13207
401,2018-10-11,465,13512,13977
401,2018-10-13,234,10203,10437
401,2018-10-14,119,8110,8229
401,2018-10-15,428,12383,12811
401,2018-10-16,560,14559,15119
401,2018-10-17,481,13473,13954
401,2018-10-18,480,13669,14149
401,2018-10-19,422,13197,13619
401,2018-10-20,231,10319,10550
401,2018-10-21,109,7590,7699
401,2018-10-22,409,11787,12196
401,2018-10-23,407,12325,12732
401,2018-10-24,394,12222,12616
401,2018-10-25,405,12574,12979
401,2018-10-27,236,9277,9513
401,2018-10-28,71,5977,6048
401,2018-10-29,382,10916,11298
401,2018-10-30,408,10604,11012
401,2018-10-31,347,11836,12183
401,2018-11-01,102,6048,6150
401,2018-11-03,238,8518,8756
401,2018-11-04,111,6317,6428
401,2018-11-05,388,11480,11868
401,2018-11-06,389,12071,12460
401,2018-11-07,412,12085,12497
401,2018-11-08,400,12406,12806
401,2018-11-10,240,9486,9726
401,2018-11-11,104,6654,6758
401,2018-11-12,498,11732,12230
401,2018-11-13,399,12129,12528
401,2018-11-14,412,12409,12821
401,2018-11-15,402,12281,12683
401,2018-11-16,390,12743,13133
401,2018-11-17,234,10614,10848
401,2018-11-18,113,7817,7930
401,2018-11-19,388,11352,11740
401,2018-11-20,394,12310,12704
401,2018-11-21,393,12113,12506
401,2018-11-22,413,12058,12471
401,2018-11-23,406,12135,12541
401,2018-11-24,270,9562,9832
401,2018-11-25,108,7508,7616
401,2018-11-26,426,11527,11953
401,2018-11-27,392,11851,12243
401,2018-11-28,418,12027,12445
401,2018-11-29,389,12175,12564
401,2018-12-01,262,9626,9888
401,2018-12-02,108,6466,6574
401,2018-12-03,432,10818,11250
401,2018-12-04,482,12274,12756
401,2018-12-05,494,12344,12838
401,2018-12-06,458,11994,12452
401,2018-12-07,442,12220,12662
401,2018-12-08,270,9176,9446
401,2018-12-09,122,6472,6594
401,2018-12-10,378,11382,11760
401,2018-12-11,398,12409,12807
401,2018-12-12,398,12091,12489
401,2018-12-13,392,12736,13128
401,2018-12-15,238,10065,10303
401,2018-12-16,92,6294,6386
401,2018-12-17,520,11822,12342
401,2018-12-18,410,12499,12909
401,2018-12-19,466,12264,12730
401,2018-12-20,488,12874,13362
401,2018-12-21,424,11984,12408
401,2018-12-22,250,8528,8778
401,2018-12-23,112,6174,6286
401,2018-12-24,302,8402,8704
401,2018-12-25,93,4709,4802
401,2018-12-26,104,4449,4553
401,2018-12-27,283,8345,8628
401,2018-12-28,303,8441,8744
401,2018-12-29,254,6920,7174
401,2018-12-30,97,5664,5761
401,2018-12-31,281,7703,7984
403,2018-01-01,81,5302,5383
403,2018-01-02,172,11352,11524
403,2018-01-03,218,11921,12139
403,2018-01-05,173,13118,13291
403,2018-01-06,105,8433,8538
403,2018-01-07,49,6592,6641
403,2018-01-08,245,13804,14049
403,2018-01-09,256,14214,14470
403,2018-01-10,220,14402,14622
403,2018-01-12,259,14433,14692
403,2018-01-13,143,9863,10006
403,2018-01-14,47,7451,7498
403,2018-01-15,265,13879,14144
403,2018-01-16,314,16262,16576
403,2018-01-17,250,14368,14618
403,2018-01-18,314,15834,16148
403,2018-01-19,258,14963,15221
403,2018-01-20,133,10251,10384
403,2018-01-21,48,6625,6673
403,2018-01-22,230,13489,13719
403,2018-01-23,267,14297,14564
403,2018-01-24,246,14081,14327
403,2018-01-26,437,12022,12459
403,2018-01-27,264,9697,9961
403,2018-01-28,123,6960,7083
403,2018-01-29,426,11396,11822
403,2018-01-30,438,11986,12424
403,2018-01-31,480,11966,12446
403,2018-02-01,439,12259,12698
403,2018-02-02,434,12011,12445
403,2018-02-03,246,9595,9841
403,2018-02-04,115,6815,6930
403,2018-02-05,447,11265,11712
403,2018-02-06,407,11010,11417
403,2018-02-07,434,11531,11965
403,2018-02-09,239,14437,14676
403,2018-02-10,123,8255,8378
403,2018-02-11,53,5603,5656
403,2018-02-12,172,10773,10945
403,2018-02-13,236,12401,12637
403,2018-02-14,251,13211,13462
403,2018-02-15,219,12394,12613
403,2018-02-16,210,13414,13624
403,2018-02-17,135,8801,8936
403,2018-02-18,55,7388,7443
403,2018-02-19,267,14249,14516
403,2018-02-20,298,15082,15380
403,2018-02-21,273,15553,15826
403,2018-02-23,305,15431,15736
403,2018-02-24,138,10226,10364
403,2018-02-25,50,7765,7815
403,2018-02-26,275,14489,14764
403,2018-02-27,305,14886,15191
403,2018-02-28,283,15246,15529
403,2018-03-01,314,15223,15537
403,2018-03-02,300,15386,15686
403,2018-03-03,130,9440,9570
403,2018-03-04,56,7226,7282
403,2018-03-05,275,14685,14960
403,2018-03-06,283,15238,15521
403,2018-03-07,274,15395,15669
403,2018-03-09,255,15261,15516
403,2018-03-10,144,10607,10751
403,2018-03-11,53,7645,7698
403,2018-03-12,269,14473,14742
403,2018-03-13,271,15673,15944
403,2018-03-14,276,15486,15762
403,2018-03-15,309,16057,16366
403,2018-03-16,270,15376,15646
403,2018-03-17,149,10231,10380
403,2018-03-18,55,7017,7072
403,2018-03-19,252,14162,14414
403,2018-03-20,298,15267,15565
403,2018-03-21,307,15426,15733
403,2018-03-22,283,15132,15415
403,2018-03-23,271,15737,16008
403,2018-03-24,146,10640,10786
403,2018-03-26,278,14246,14524
403,2018-03-27,295,15515,15810
403,2018-03-28,281,15708,15989
403,2018-03-31,150,9628,9778
403,2018-04-01,66,7199,7265
403,2018-04-02,51,7092,7143
403,2018-04-03,275,12614,12889
403,2018-04-04,290,14378,14668
403,2018-04-05,239,13107,13346
403,2018-04-06,265,13518,13783
403,2018-04-07,132,9366,9498
403,2018-04-08,51,7831,7882
403,2018-04-09,243,13209,13452
403,2018-04-10,263,14257,14520
403,2018-04-11,295,14503,14798
403,2018-04-13,244,14219,14463
403,2018-04-14,161,10145,10306
403,2018-04-15,72,8305,8377
403,2018-04-16,297,14677,14974
403,2018-04-17,331,15914,16245
403,2018-04-18,365,16392,16757
403,2018-04-19,325,17518,17843
403,2018-04-20,348,16677,17025
403,2018-04-21,172,11604,11776
403,2018-04-22,64,9506,9570
403,2018-04-23,302,16074,16376
403,2018-04-24,364,16781,17145
403,2018-04-25,352,16056,16408
403,2018-04-27,386,17020,17406
403,2018-04-28,264,13374,13638
403,2018-04-29,146,9722,9868
403,2018-04-30,222,14064,14286
403,2018-05-01,53,8096,8149
403,2018-05-02,323,16029,16352
403,2018-05-03,302,16706,17008
403,2018-05-04,301,16833,17134
403,2018-05-05,172,11921,12093
403,2018-05-06,64,9322,9386
403,2018-05-07,317,15530,15847
403,2018-05-08,321,16386,16707
403,2018-05-09,321,16729,17050
403,2018-05-11,239,14490,14729
403,2018-05-12,184,12534,12718
403,2018-05-13,72,8670,8742
403,2018-05-14,302,16080,16382
403,2018-05-15,273,16160,16433
403,2018-05-16,315,15819,16134
403,2018-05-17,305,16519,16824
403,2018-05-18,323,16149,16472
403,2018-05-19,164,10446,10610
403,2018-05-20,78,8432,8510
403,2018-05-21,66,7726,7792
403,2018-05-22,279,13642,13921
403,2018-05-23,302,15366,15668
403,2018-05-25,253,14444,14697
403,2018-05-26,143,9880,10023
403,2018-05-27,68,7475,7543
403,2018-05-28,326,16874,17200
403,2018-05-29,358,16943,17301
403,2018-05-30,392,18138,18530
403,2018-05-31,412,18532,18944
403,2018-06-01,424,18808,19232
403,2018-06-02,162,11036,11198
403,2018-06-03,88,9288,9376
403,2018-06-04,398,16838,17236
403,2018-06-05,294,16217,16511
403,2018-06-06,325,15958,16283
403,2018-06-08,305,16225,16530
403,2018-06-09,226,13630,13856
403,2018-06-10,81,9528,9609
403,2018-06-11,326,17350,17676
403,2018-06-12,329,15761,16090
403,2018-06-13,320,15741,16061
403,2018-06-14,276,15834,16110
403,2018-06-15,261,16098,16359
403,2018-06-16,169,11509,11678
403,2018-06-17,65,8675,8740
403,2018-06-18,288,15030,15318
403,2018-06-19,322,15933,16255
403,2018-06-20,349,16210,16559
403,2018-06-22,301,16483,16784
403,2018-06-23,82,9019,9101
403,2018-06-24,57,8085,8142
403,2018-06-25,306,15148,15454
403,2018-06-26,268,15949,16217
403,2018-06-27,319,15636,15955
403,2018-06-28,324,16433,16757
403,2018-06-29,317,16271,16588
403,2018-06-30,174,11518,11692
403,2018-07-01,79,9297,9376
403,2018-07-02,299,14652,14951
403,2018-07-03,325,15780,16105
403,2018-07-04,336,15469,15805
403,2018-07-06,307,16160,16467
403,2018-07-07,193,12319,12512
403,2018-07-08,82,10186,10268
403,2018-07-09,309,15578,15887
403,2018-07-10,353,16406,16759
403,2018-07-11,280,15886,16166
403,2018-07-12,305,16094,16399
403,2018-07-13,283,15758,16041
403,2018-07-14,193,10687,10880
403,2018-07-15,80,8642,8722
403,2018-07-16,268,14424,14692
403,2018-07-17,266,14883,15149
403,2018-07-18,275,15614,15889
403,2018-07-20,293,15450,15743
403,2018-07-21,158,10773,10931
403,2018-07-22,74,10184,10258
403,2018-07-23,274,14145,14419
403,2018-07-24,268,14693,14961
403,2018-07-25,283,14987,15270
403,2018-07-26,346,16098,16444
403,2018-07-27,242,14107,14349
403,2018-07-28,147,9489,9636
403,2018-07-29,66,7886,7952
403,2018-07-30,248,12591,12839
403,2018-07-31,224,13309,13533
403,2018-08-01,256,14164,14420
403,2018-08-03,204,13025,13229
403,2018-08-04,130,9042,9172
403,2018-08-05,59,7902,7961
403,2018-08-06,212,11935,12147
403,2018-08-07,274,13676,13950
403,2018-08-08,262,13926,14188
403,2018-08-09,239,12557,12796
403,2018-08-10,208,12425,12633
403,2018-08-11,138,8256,8394
403,2018-08-12,68,7527,7595
403,2018-08-13,216,12010,12226
403,2018-08-14,191,11924,12115
403,2018-08-15,66,7312,7378
403,2018-08-16,226,11979,12205
403,2018-08-17,280,12898,13178
403,2018-08-18,144,8286,8430
403,2018-08-19,59,7120,7179
403,2018-08-20,262,12314,12576
403,2018-08-21,264,13147,13411
403,2018-08-22,270,13262,13532
403,2018-08-23,231,13494,13725
403,2018-08-24,246,13722,13968
403,2018-08-25,204,11115,11319
403,2018-08-26,107,9580,9687
403,2018-08-27,245,12990,13235
403,2018-08-28,273,14042,14315
403,2018-08-29,383,13434,13817
403,2018-08-31,299,14849,15148
403,2018-09-01,242,12508,12750
403,2018-09-02,77,9622,9699
403,2018-09-03,232,13849,14081
403,2018-09-04,276,14371,14647
403,2018-09-05,249,15021,15270
403,2018-09-06,261,15010,15271
403,2018-09-07,271,14876,15147
403,2018-09-08,191,11737,11928
403,2018-09-09,74,9660,9734
403,2018-09-10,261,14884,15145
403,2018-09-11,317,16513,16830
403,2018-09-12,304,15985,16289
403,2018-09-14,304,15566,15870
403,2018-09-15,198,12172,12370
403,2018-09-16,80,10391,10471
403,2018-09-17,279,15211,15490
403,2018-09-18,320,16113,16433
403,2018-09-19,350,16040,16390
403,2018-09-20,346,16405,16751
403,2018-09-21,331,16347,16678
403,2018-09-22,166,11769,11935
403,2018-09-23,83,7443,7526
403,2018-09-24,308,15764,16072
403,2018-09-25,353,17063,17416
403,2018-09-26,412,16591,17003
403,2018-09-28,323,16248,16571
403,2018-09-29,167,12617,12784
403,2018-09-30,68,9994,10062
403,2018-10-01,321,14901,15222
403,2018-10-02,365,15878,16243
403,2018-10-03,337,15610,15947
403,2018-10-04,331,15510,15841
403,2018-10-05,324,15701,16025
403,2018-10-06,155,11759,11914
403,2018-10-07,104,9107,9211
403,2018-10-08,325,14647,14972
403,2018-10-09,334,15770,16104
403,2018-10-10,402,16405,16807
403,2018-10-12,328,15902,16230
403,2018-10-13,165,12166,12331
403,2018-10-14,81,9714,9795
403,2018-10-15,327,17694,18021
403,2018-10-16,508,18122,18630
403,2018-10-17,375,17472,17847
403,2018-10-18,365,17805,18170
403,2018-10-19,354,17800,18154
403,2018-10-20,176,12846,13022
403,2018-10-21,71,9998,10069
403,2018-10-22,310,16654,16964
403,2018-10-23,323,17173,17496
403,2018-10-24,309,17498,17807
403,2018-10-26,316,17334,17650
403,2018-10-27,150,11873,12023
403,2018-10-28,49,8247,8296
403,2018-10-29,302,15782,16084
403,2018-10-30,282,15962,16244
403,2018-10-31,243,15624,15867
403,2018-11-02,191,13215,13406
403,2018-11-03,137,10385,10522
403,2018-11-04,53,8527,8580
403,2018-11-05,286,16232,16518
403,2018-11-06,306,16642,16948
403,2018-11-07,306,16963,17269
403,2018-11-09,318,17429,17747
403,2018-11-10,164,12637,12801
403,2018-11-11,58,9280,9338
403,2018-11-12,388,16586,16974
403,2018-11-13,308,16614,16922
403,2018-11-14,335,17420,17755
403,2018-11-15,352,17599,17951
403,2018-11-16,311,17393,17704
403,2018-11-17,166,12770,12936
403,2018-11-18,81,9561,9642
403,2018-11-19,353,16680,17033
403,2018-11-20,315,16601,16916
403,2018-11-21,303,16665,16968
403,2018-11-22,340,17866,18206
403,2018-11-23,354,17901,18255
403,2018-11-24,164,12908,13072
403,2018-11-25,59,9353,9412
403,2018-11-26,325,16356,16681
403,2018-11-27,322,16850,17172
403,2018-11-28,301,16849,17150
403,2018-11-30,279,17462,17741
403,2018-12-01,141,13078,13219
403,2018-12-02,66,9310,9376
403,2018-12-03,330,16526,16856
403,2018-12-04,325,17135,17460
403,2018-12-05,320,18696,19016
403,2018-12-06,336,18256,18592
403,2018-12-07,260,17422,17682
403,2018-12-08,162,12276,12438
403,2018-12-09,56,9898,9954
403,2018-12-10,255,16834,17089
403,2018-12-11,376,18177,18553
403,2018-12-12,322,17583,17905
403,2018-12-14,342,17992,18334
403,2018-12-15,170,13179,13349
403,2018-12-16,49,8400,8449
403,2018-12-17,266,16119,16385
403,2018-12-18,326,18342,18668
403,2018-12-19,289,17097,17386
403,2018-12-20,268,17293,17561
403,2018-12-21,242,16638,16880
403,2018-12-22,151,10470,10621
403,2018-12-23,47,7851,7898
403,2018-12-24,154,9568,9722
403,2018-12-25,41,6128,6169
403,2018-12-26,46,6379,6425
403,2018-12-27,171,11206,11377
403,2018-12-28,158,11316,11474
403,2018-12-29,121,8836,8957
403,2018-12-30,47,6992,7039
403,2018-12-31,139,9157,9296
405,2018-01-01,31,3525,3556
405,2018-01-02,364,7650,8014
405,2018-01-03,324,8095,8419
405,2018-01-04,325,8897,9222
405,2018-01-05,378,9418,9796
405,2018-01-06,245,6045,6290
405,2018-01-07,46,4728,4774
405,2018-01-08,403,9912,10315
405,2018-01-09,402,10505,10907
405,2018-01-10,407,10286,10693
405,2018-01-11,426,10589,11015
405,2018-01-12,445,10532,10977
405,2018-01-13,271,6646,6917
405,2018-01-14,38,5082,5120
405,2018-01-15,454,10044,10498
405,2018-01-16,425,10691,11116
405,2018-01-17,412,9982,10394
405,2018-01-18,452,10478,10930
405,2018-01-19,429,10326,10755
405,2018-01-20,261,6437,6698
405,2018-01-21,38,4704,4742
405,2018-01-22,430,10403,10833
405,2018-01-23,495,10782,11277
405,2018-01-24,417,10905,11322
405,2018-01-25,428,11118,11546
405,2018-01-26,453,11005,11458
405,2018-01-27,282,6737,7019
405,2018-01-28,34,5040,5074
405,2018-01-29,479,10664,11143
405,2018-01-30,456,10509,10965
405,2018-01-31,414,10547,10961
405,2018-02-01,441,10787,11228
405,2018-02-02,448,10487,10935
405,2018-02-03,278,6779,7057
405,2018-02-04,45,4694,4739
405,2018-02-05,471,9769,10240
405,2018-02-06,423,8714,9137
405,2018-02-07,430,9781,10211
405,2018-02-08,416,10302,10718
405,2018-02-09,409,9786,10195
405,2018-02-10,274,5408,5682
405,2018-02-11,52,3747,3799
405,2018-02-12,384,7333,7717
405,2018-02-13,376,8580,8956
405,2018-02-14,389,8229,8618
405,2018-02-15,372,7704,8076
405,2018-02-16,399,8434,8833
405,2018-02-17,294,5411,5705
405,2018-02-18,42,4695,4737
405,2018-02-19,435,9730,10165
405,2018-02-20,430,10286,10716
405,2018-02-21,455,10754,11209
405,2018-02-22,550,10636,11186
405,2018-02-23,493,10756,11249
405,2018-02-24,279,7128,7407
405,2018-02-25,41,5105,5146
405,2018-02-26,464,10068,10532
405,2018-02-27,425,10182,10607
405,2018-02-28,422,10277,10699
405,2018-03-01,457,10494,10951
405,2018-03-02,467,8848,9315
405,2018-03-03,256,6521,6777
405,2018-03-04,34,5416,5450
405,2018-03-05,439,10292,10731
405,2018-03-06,473,10922,11395
405,2018-03-07,466,10744,11210
405,2018-03-08,466,11073,11539
405,2018-03-09,463,11009,11472
405,2018-03-10,264,7032,7296
405,2018-03-11,44,5624,5668
405,2018-03-12,504,10859,11363
405,2018-03-13,454,11045,11499
405,2018-03-14,474,10888,11362
405,2018-03-15,423,11268,11691
405,2018-03-16,473,11009,11482
405,2018-03-17,291,6678,6969
405,2018-03-18,40,4631,4671
405,2018-03-19,475,10292,10767
405,2018-03-20,459,11018,11477
405,2018-03-21,492,11150,11642
405,2018-03-22,537,10809,11346
405,2018-03-23,483,11285,11768
405,2018-03-24,329,7522,7851
405,2018-03-26,459,10509,10968
405,2018-03-27,443,10753,11196
405,2018-03-28,468,10881,11349
405,2018-03-29,449,11271,11720
405,2018-03-30,468,10710,11178
405,2018-03-31,279,6435,6714
405,2018-04-01,51,4988,5039
405,2018-04-02,39,5050,5089
405,2018-04-03,357,8529,8886
405,2018-04-04,340,8390,8730
405,2018-04-05,367,8654,9021
405,2018-04-06,376,8633,9009
405,2018-04-07,318,6164,6482
405,2018-04-08,37,5519,5556
405,2018-04-09,473,9172,9645
405,2018-04-10,467,10019,10486
405,2018-04-11,416,10068,10484
405,2018-04-12,436,10124,10560
405,2018-04-13,478,10159,10637
405,2018-04-14,284,6558,6842
405,2018-04-15,45,5480,5525
405,2018-04-16,467,10893,11360
405,2018-04-17,480,11357,11837
405,2018-04-18,500,11545,12045
405,2018-04-19,557,12288,12845
405,2018-04-20,440,11852,12292
405,2018-04-21,314,8076,8390
405,2018-04-22,57,6419,6476
405,2018-04-23,441,11096,11537
405,2018-04-24,512,11823,12335
405,2018-04-25,445,11449,11894
405,2018-04-26,479,11761,12240
405,2018-04-27,452,12144,12596
405,2018-04-28,285,7853,8138
405,2018-04-29,52,5684,5736
405,2018-04-30,419,9135,9554
405,2018-05-01,49,5615,5664
405,2018-05-02,476,11376,11852
405,2018-05-03,512,11959,12471
405,2018-05-04,499,12109,12608
405,2018-05-05,296,8297,8593
405,2018-05-06,62,6661,6723
405,2018-05-07,459,11244,11703
405,2018-05-08,462,11930,12392
405,2018-05-09,496,11735,12231
405,2018-05-10,44,5958,6002
405,2018-05-11,420,9686,10106
405,2018-05-12,307,7215,7522
405,2018-05-13,60,5122,5182
405,2018-05-14,477,10726,11203
405,2018-05-15,489,11419,11908
405,2018-05-16,490,11146,11636
405,2018-05-17,471,12244,12715
405,2018-05-18,526,11922,12448
405,2018-05-19,297,6959,7256
405,2018-05-20,64,5218,5282
405,2018-05-21,46,4856,4902
405,2018-05-22,475,9265,9740
405,2018-05-23,508,9307,9815
405,2018-05-24,463,9630,10093
405,2018-05-25,452,9964,10416
405,2018-05-26,270,6822,7092
405,2018-05-27,78,5290,5368
405,2018-05-28,449,11168,11617
405,2018-05-29,488,11551,12039
405,2018-05-30,497,11833,12330
405,2018-05-31,490,12150,12640
405,2018-06-01,460,12146,12606
405,2018-06-02,312,9149,9461
405,2018-06-03,78,7030,7108
405,2018-06-04,477,11181,11658
405,2018-06-05,455,11789,12244
405,2018-06-06,471,11370,11841
405,2018-06-07,479,11580,12059
405,2018-06-08,464,11763,12227
405,2018-06-09,293,9036,9329
405,2018-06-10,48,6804,6852
405,2018-06-11,492,11303,11795
405,2018-06-12,433,11164,11597
405,2018-06-13,460,11460,11920
405,2018-06-14,455,11435,11890
405,2018-06-15,515,11694,12209
405,2018-06-16,329,9522,9851
405,2018-06-17,68,6880,6948
405,2018-06-18,496,10457,10953
405,2018-06-19,471,10968,11439
405,2018-06-20,505,10783,11288
405,2018-06-21,491,11328,11819
405,2018-06-22,448,11342,11790
405,2018-06-23,59,5789,5848
405,2018-06-24,54,5908,5962
405,2018-06-25,467,10838,11305
405,2018-06-26,503,11822,12325
405,2018-06-27,498,11418,11916
405,2018-06-28,518,12681,13199
405,2018-06-29,481,11866,12347
405,2018-06-30,275,7641,7916
405,2018-07-01,53,6825,6878
405,2018-07-02,459,10709,11168
405,2018-07-03,500,11703,12203
405,2018-07-04,476,11254,11730
405,2018-07-05,486,11723,12209
405,2018-07-06,479,11874,12353
405,2018-07-07,286,8417,8703
405,2018-07-08,68,7057,7125
405,2018-07-09,514,11739,12253
405,2018-07-10,507,12668,13175
405,2018-07-11,507,12071,12578
405,2018-07-12,482,11514,11996
405,2018-07-13,503,11446,11949
405,2018-07-14,324,7594,7918
405,2018-07-15,83,4894,4977
405,2018-07-16,447,10416,10863
405,2018-07-17,507,11416,11923
405,2018-07-18,463,11185,11648
405,2018-07-19,443,10648,11091
405,2018-07-20,483,10291,10774
405,2018-07-21,305,6999,7304
405,2018-07-22,69,5531,5600
405,2018-07-23,440,9781,10221
405,2018-07-24,439,10620,11059
405,2018-07-25,457,10633,11090
405,2018-07-26,392,10360,10752
405,2018-07-27,355,10055,10410
405,2018-07-28,283,5893,6176
405,2018-07-29,51,4999,5050
405,2018-07-30,348,8562,8910
405,2018-07-31,386,9384,9770
405,2018-08-01,375,9527,9902
405,2018-08-02,374,9310,9684
405,2018-08-03,353,8903,9256
405,2018-08-04,266,5763,6029
405,2018-08-05,54,5041,5095
405,2018-08-06,355,8048,8403
405,2018-08-07,344,8358,8702
405,2018-08-08,379,8421,8800
405,2018-08-09,354,7918,8272
405,2018-08-10,324,8012,8336
405,2018-08-11,282,5294,5576
405,2018-08-12,60,4638,4698
405,2018-08-13,330,7221,7551
405,2018-08-14,341,7658,7999
405,2018-08-15,49,4322,4371
405,2018-08-16,341,7569,7910
405,2018-08-17,395,10038,10433
405,2018-08-18,271,5231,5502
405,2018-08-19,62,4694,4756
405,2018-08-20,360,8030,8390
405,2018-08-21,338,8619,8957
405,2018-08-22,359,8624,8983
405,2018-08-23,464,9120,9584
405,2018-08-24,440,8934,9374
405,2018-08-25,286,6886,7172
405,2018-08-26,73,6099,6172
405,2018-08-27,392,8597,8989
405,2018-08-28,430,9200,9630
405,2018-08-29,405,9256,9661
405,2018-08-30,402,9242,9644
405,2018-08-31,415,9808,10223
405,2018-09-01,310,7851,8161
405,2018-09-02,55,6149,6204
405,2018-09-03,415,9168,9583
405,2018-09-04,420,9835,10255
405,2018-09-05,431,9875,10306
405,2018-09-06,443,10415,10858
405,2018-09-07,442,9845,10287
405,2018-09-08,340,7361,7701
405,2018-09-09,79,6431,6510
405,2018-09-10,427,10336,10763
405,2018-09-11,448,10916,11364
405,2018-09-12,402,10808,11210
405,2018-09-13,416,10670,11086
405,2018-09-14,435,10940,11375
405,2018-09-15,313,8184,8497
405,2018-09-16,74,6828,6902
405,2018-09-17,454,11133,11587
405,2018-09-18,428,11912,12340
405,2018-09-19,441,11626,12067
405,2018-09-20,458,12121,12579
405,2018-09-21,477,11892,12369
405,2018-09-22,304,9202,9506
405,2018-09-23,62,5510,5572
405,2018-09-24,460,11323,11783
405,2018-09-25,516,11784,12300
405,2018-09-26,566,11464,12030
405,2018-09-27,487,12233,12720
405,2018-09-28,532,11710,12242
405,2018-09-29,316,8063,8379
405,2018-09-30,73,7003,7076
405,2018-10-01,518,11302,11820
405,2018-10-02,506,11524,12030
405,2018-10-03,475,12044,12519
405,2018-10-04,493,12291,12784
405,2018-10-05,477,12038,12515
405,2018-10-06,297,8092,8389
405,2018-10-07,57,6421,6478
405,2018-10-08,472,10793,11265
405,2018-10-09,483,11329,11812
405,2018-10-10,486,11461,11947
405,2018-10-11,503,11840,12343
405,2018-10-12,526,11448,11974
405,2018-10-13,291,8180,8471
405,2018-10-14,60,6621,6681
405,2018-10-15,539,11228,11767
405,2018-10-16,554,12281,12835
405,2018-10-17,586,11595,12181
405,2018-10-18,562,11971,12533
405,2018-10-19,556,11924,12480
405,2018-10-20,294,7685,7979
405,2018-10-21,39,6181,6220
405,2018-10-22,467,10753,11220
405,2018-10-23,490,11202,11692
405,2018-10-24,511,10992,11503
405,2018-10-25,522,11086,11608
405,2018-10-26,569,10644,11213
405,2018-10-27,307,7250,7557
405,2018-10-28,36,5704,5740
405,2018-10-29,479,8862,9341
405,2018-10-30,446,8376,8822
405,2018-11-01,32,5279,5311
405,2018-11-02,376,7759,8135
405,2018-11-03,292,5971,6263
405,2018-11-04,56,4895,4951
405,2018-11-05,493,10236,10729
405,2018-11-06,420,10934,11354
405,2018-11-07,448,10947,11395
405,2018-11-08,446,11595,12041
405,2018-11-09,477,11336,11813
405,2018-11-10,277,8526,8803
405,2018-11-11,52,6026,6078
405,2018-11-12,449,10497,10946
405,2018-11-13,478,11181,11659
405,2018-11-14,497,11168,11665
405,2018-11-15,541,11476,12017
405,2018-11-16,500,10780,11280
405,2018-11-17,288,9056,9344
405,2018-11-18,44,7015,7059
405,2018-11-19,503,10586,11089
405,2018-11-20,532,10974,11506
405,2018-11-21,508,10913,11421
405,2018-11-22,507,11411,11918
405,2018-11-23,497,11433,11930
405,2018-11-24,291,7594,7885
405,2018-11-25,47,5766,5813
405,2018-11-26,501,10508,11009
405,2018-11-27,489,10988,11477
405,2018-11-28,482,10754,11236
405,2018-11-29,568,11513,12081
405,2018-11-30,529,11373,11902
405,2018-12-01,283,7695,7978
405,2018-12-02,48,5451,5499
405,2018-12-03,486,10493,10979
405,2018-12-04,462,11321,11783
405,2018-12-05,495,11311,11806
405,2018-12-06,425,11018,11443
405,2018-12-07,430,11189,11619
405,2018-12-08,298,6985,7283
405,2018-12-09,44,5174,5218
405,2018-12-10,481,10581,11062
405,2018-12-11,485,11437,11922
405,2018-12-12,521,11103,11624
405,2018-12-13,580,11727,12307
405,2018-12-14,552,11284,11836
405,2018-12-15,327,7627,7954
405,2018-12-16,42,4647,4689
405,2018-12-17,513,10625,11138
405,2018-12-18,489,11882,12371
405,2018-12-19,427,11524,11951
405,2018-12-20,442,11581,12023
405,2018-12-21,375,10417,10792
405,2018-12-22,259,6732,6991
405,2018-12-23,46,4607,4653
405,2018-12-24,262,6241,6503
405,2018-12-25,39,3791,3830
405,2018-12-26,32,3720,3752
405,2018-12-27,315,6540,6855
405,2018-12-28,305,6578,6883
405,2018-12-29,265,4777,5042
405,2018-12-30,42,3832,3874
405,2018-12-31,283,5392,5675
406,2018-01-03,267,7891,8158
406,2018-01-04,300,9038,9338
406,2018-01-10,537,10353,10890
406,2018-01-11,500,10500,11000
406,2018-01-12,481,10547,11028
406,2018-01-13,164,6928,7092
406,2018-01-14,49,4409,4458
406,2018-01-15,512,9829,10341
406,2018-01-16,428,10630,11058
406,2018-01-17,454,10349,10803
406,2018-01-18,426,10146,10572
406,2018-01-19,477,10515,10992
406,2018-01-20,88,6431,6519
406,2018-01-21,30,3999,4029
406,2018-01-22,436,9748,10184
406,2018-01-23,474,10151,10625
406,2018-01-24,414,10124,10538
406,2018-01-25,433,10536,10969
406,2018-01-26,464,10528,10992
406,2018-01-27,113,7410,7523
406,2018-01-28,38,4418,4456
406,2018-01-29,452,10041,10493
406,2018-01-30,506,10413,10919
406,2018-01-31,527,10594,11121
406,2018-02-01,516,10906,11422
406,2018-02-02,530,10344,10874
406,2018-02-03,129,7037,7166
406,2018-02-04,37,3850,3887
406,2018-02-05,530,9712,10242
406,2018-02-06,373,9201,9574
406,2018-02-07,424,9821,10245
406,2018-02-08,470,9984,10454
406,2018-02-09,532,9947,10479
406,2018-02-10,87,5711,5798
406,2018-02-11,38,3496,3534
406,2018-02-12,335,7787,8122
406,2018-02-13,450,8682,9132
406,2018-02-14,520,8848,9368
406,2018-02-15,399,8368,8767
406,2018-02-16,523,8845,9368
406,2018-02-17,100,5934,6034
406,2018-02-18,30,3870,3900
406,2018-02-19,608,9822,10430
406,2018-02-20,658,10572,11230
406,2018-02-21,712,10722,11434
406,2018-02-22,736,10573,11309
406,2018-02-23,638,10647,11285
406,2018-02-24,136,7160,7296
406,2018-02-25,32,4709,4741
406,2018-02-26,620,9959,10579
406,2018-02-27,642,10098,10740
406,2018-02-28,599,10150,10749
406,2018-03-01,622,10191,10813
406,2018-03-02,623,9191,9814
406,2018-03-03,117,6675,6792
406,2018-03-04,53,4060,4113
406,2018-03-05,510,10173,10683
406,2018-03-06,610,10800,11410
406,2018-03-07,564,10802,11366
406,2018-03-08,555,10909,11464
406,2018-03-09,591,10966,11557
406,2018-03-10,111,7180,7291
406,2018-03-11,51,4565,4616
406,2018-03-12,514,10545,11059
406,2018-03-13,558,11065,11623
406,2018-03-14,549,11119,11668
406,2018-03-15,466,10867,11333
406,2018-03-16,457,11120,11577
406,2018-03-17,109,7246,7355
406,2018-03-18,45,4021,4066
406,2018-03-19,504,10224,10728
406,2018-03-20,516,10870,11386
406,2018-03-21,510,10986,11496
406,2018-03-22,538,10760,11298
406,2018-03-23,600,11081,11681
406,2018-03-24,159,7823,7982
406,2018-03-26,494,10329,10823
406,2018-03-27,508,10951,11459
406,2018-03-28,519,10883,11402
406,2018-03-29,510,11587,12097
406,2018-03-30,498,10944,11442
406,2018-03-31,143,6579,6722
406,2018-04-01,49,4187,4236
406,2018-04-02,46,4621,4667
406,2018-04-03,473,10360,10833
406,2018-04-04,516,10379,10895
406,2018-04-05,511,10324,10835
406,2018-04-06,533,9981,10514
406,2018-04-07,156,6611,6767
406,2018-04-08,45,5008,5053
406,2018-04-09,482,9602,10084
406,2018-04-10,528,10171,10699
406,2018-04-11,444,10180,10624
406,2018-04-12,516,10060,10576
406,2018-04-13,531,10229,10760
406,2018-04-14,146,6906,7052
406,2018-04-15,42,4833,4875
406,2018-04-16,338,9965,10303
406,2018-04-17,413,10612,11025
406,2018-04-18,548,11310,11858
406,2018-04-19,568,11569,12137
406,2018-04-20,545,11492,12037
406,2018-04-21,229,7911,8140
406,2018-04-22,63,5404,5467
406,2018-04-23,507,10572,11079
406,2018-04-24,516,11707,12223
406,2018-04-25,525,11424,11949
406,2018-04-26,557,11659,12216
406,2018-04-27,565,11931,12496
406,2018-04-28,146,7550,7696
406,2018-05-01,43,4157,4200
406,2018-05-02,271,9578,9849
406,2018-05-03,222,9469,9691
406,2018-05-04,240,10464,10704
406,2018-05-05,152,8133,8285
406,2018-05-06,58,5679,5737
406,2018-05-07,509,11124,11633
406,2018-05-08,548,11657,12205
406,2018-05-09,483,11880,12363
406,2018-05-10,59,4460,4519
406,2018-05-11,374,9905,10279
406,2018-05-12,164,7286,7450
406,2018-05-13,56,4390,4446
406,2018-05-14,508,10836,11344
406,2018-05-15,618,11581,12199
406,2018-05-16,570,10242,10812
406,2018-05-17,569,11948,12517
406,2018-05-18,594,11893,12487
406,2018-05-19,182,7201,7383
406,2018-05-20,46,4425,4471
406,2018-05-21,52,4130,4182
406,2018-05-22,485,9709,10194
406,2018-05-23,575,9672,10247
406,2018-05-24,462,10108,10570
406,2018-05-25,486,10501,10987
406,2018-05-26,189,6686,6875
406,2018-05-27,54,4497,4551
406,2018-05-28,542,10870,11412
406,2018-05-29,498,11610,12108
406,2018-05-30,562,11422,11984
406,2018-05-31,593,11896,12489
406,2018-06-01,575,12412,12987
406,2018-06-02,350,8899,9249
406,2018-06-03,79,6533,6612
406,2018-06-04,538,11233,11771
406,2018-06-05,549,11666,12215
406,2018-06-06,536,11265,11801
406,2018-06-07,558,11758,12316
406,2018-06-08,566,11653,12219
406,2018-06-09,207,8774,8981
406,2018-06-10,56,5944,6000
406,2018-06-11,615,11607,12222
406,2018-06-12,547,11511,12058
406,2018-06-13,636,11391,12027
406,2018-06-14,529,11520,12049
406,2018-06-15,496,11657,12153
406,2018-06-16,244,8616,8860
406,2018-06-17,69,6139,6208
406,2018-06-18,492,10398,10890
406,2018-06-19,522,10897,11419
406,2018-06-20,526,10756,11282
406,2018-06-21,528,11405,11933
406,2018-06-22,506,11019,11525
406,2018-06-23,72,4923,4995
406,2018-06-24,65,5680,5745
406,2018-06-25,501,10859,11360
406,2018-06-26,532,11595,12127
406,2018-06-27,604,11118,11722
406,2018-06-28,562,11836,12398
406,2018-06-29,549,11965,12514
406,2018-06-30,185,8837,9022
406,2018-07-01,86,6852,6938
406,2018-07-02,574,11094,11668
406,2018-07-03,584,11650,12234
406,2018-07-04,573,11467,12040
406,2018-07-05,532,11549,12081
406,2018-07-06,554,11722,12276
406,2018-07-07,200,8739,8939
406,2018-07-08,60,6062,6122
406,2018-07-09,698,10815,11513
406,2018-07-10,664,11237,11901
406,2018-07-11,649,10909,11558
406,2018-07-12,595,11503,12098
406,2018-07-13,676,11233,11909
406,2018-07-14,185,7687,7872
406,2018-07-16,662,10351,11013
406,2018-07-17,558,10655,11213
406,2018-07-18,626,11438,12064
406,2018-07-19,668,11031,11699
406,2018-07-20,674,10749,11423
406,2018-07-21,204,8288,8492
406,2018-07-22,51,5378,5429
406,2018-07-23,678,9901,10579
406,2018-07-24,632,10349,10981
406,2018-07-25,602,10381,10983
406,2018-07-26,443,10054,10497
406,2018-07-27,385,9466,9851
406,2018-07-28,146,6445,6591
406,2018-07-29,63,4643,4706
406,2018-07-30,272,8405,8677
406,2018-07-31,305,8390,8695
406,2018-08-01,293,8429,8722
406,2018-08-02,299,8330,8629
406,2018-08-03,297,8357,8654
406,2018-08-04,169,5952,6121
406,2018-08-05,53,4572,4625
406,2018-08-06,285,7561,7846
406,2018-08-07,294,7797,8091
406,2018-08-08,281,7729,8010
406,2018-08-09,276,7733,8009
406,2018-08-10,290,7967,8257
406,2018-08-11,168,5508,5676
406,2018-08-12,62,4269,4331
406,2018-08-13,269,7389,7658
406,2018-08-14,295,7619,7914
406,2018-08-15,35,3624,3659
406,2018-08-16,274,7566,7840
406,2018-08-17,246,7495,7741
406,2018-08-18,181,5609,5790
406,2018-08-19,47,4238,4285
406,2018-08-20,484,7804,8288
406,2018-08-21,483,8523,9006
406,2018-08-22,424,8423,8847
406,2018-08-23,469,8542,9011
406,2018-08-24,530,8525,9055
406,2018-08-25,212,7386,7598
406,2018-08-26,66,5240,5306
406,2018-08-27,587,8815,9402
406,2018-08-28,573,9617,10190
406,2018-08-29,663,9428,10091
406,2018-08-30,528,9821,10349
406,2018-08-31,637,9894,10531
406,2018-09-01,248,8302,8550
406,2018-09-02,45,5945,5990
406,2018-09-03,701,9535,10236
406,2018-09-04,635,9542,10177
406,2018-09-05,609,9669,10278
406,2018-09-06,584,9852,10436
406,2018-09-07,627,10095,10722
406,2018-09-08,189,7603,7792
406,2018-09-09,79,5611,5690
406,2018-09-10,593,10076,10669
406,2018-09-11,557,10368,10925
406,2018-09-12,509,10516,11025
406,2018-09-13,491,10649,11140
406,2018-09-14,535,10865,11400
406,2018-09-15,213,8318,8531
406,2018-09-16,48,6449,6497
406,2018-09-17,501,10482,10983
406,2018-09-18,535,10843,11378
406,2018-09-19,529,10849,11378
406,2018-09-20,647,11267,11914
406,2018-09-21,562,11183,11745
406,2018-09-22,176,8162,8338
406,2018-09-23,45,4355,4400
406,2018-09-24,626,10764,11390
406,2018-09-25,610,11005,11615
406,2018-09-26,704,11082,11786
406,2018-09-27,607,11789,12396
406,2018-09-28,718,11367,12085
406,2018-09-29,272,8497,8769
406,2018-09-30,68,6089,6157
406,2018-10-01,739,10993,11732
406,2018-10-02,634,11125,11759
406,2018-10-03,682,11206,11888
406,2018-10-04,692,11444,12136
406,2018-10-05,701,11575,12276
406,2018-10-06,205,8356,8561
406,2018-10-07,48,5663,5711
406,2018-10-08,581,10580,11161
406,2018-10-09,635,10951,11586
406,2018-10-10,611,11444,12055
406,2018-10-11,631,11534,12165
406,2018-10-12,666,11250,11916
406,2018-10-13,245,7923,8168
406,2018-10-14,44,5156,5200
406,2018-10-15,638,10898,11536
406,2018-10-16,707,11998,12705
406,2018-10-17,696,11525,12221
406,2018-10-18,705,11657,12362
406,2018-10-19,701,11917,12618
406,2018-10-20,172,7728,7900
406,2018-10-21,54,5758,5812
406,2018-10-22,594,10592,11186
406,2018-10-23,649,11024,11673
406,2018-10-24,578,11078,11656
406,2018-10-25,653,11260,11913
406,2018-10-26,600,10918,11518
406,2018-10-27,188,7410,7598
406,2018-10-28,26,4857,4883
406,2018-10-29,497,10028,10525
406,2018-11-01,38,4447,4485
406,2018-11-02,268,8643,8911
406,2018-11-03,130,6505,6635
406,2018-11-04,38,4317,4355
406,2018-11-05,529,10395,10924
406,2018-11-06,526,11169,11695
406,2018-11-07,566,11123,11689
406,2018-11-08,530,11203,11733
406,2018-11-09,565,11300,11865
406,2018-11-10,162,8518,8680
406,2018-11-11,30,4577,4607
406,2018-11-12,622,10519,11141
406,2018-11-13,632,11134,11766
406,2018-11-14,639,11439,12078
406,2018-11-15,603,11589,12192
406,2018-11-16,561,11084,11645
406,2018-11-17,146,8553,8699
406,2018-11-18,46,5413,5459
406,2018-11-19,518,10759,11277
406,2018-11-20,540,10847,11387
406,2018-11-21,500,10927,11427
406,2018-11-22,575,11395,11970
406,2018-11-23,552,11788,12340
406,2018-11-24,157,7745,7902
406,2018-11-25,28,4820,4848
406,2018-11-26,531,10672,11203
406,2018-11-27,538,11061,11599
406,2018-11-28,467,11033,11500
406,2018-11-29,548,11441,11989
406,2018-11-30,516,11065,11581
406,2018-12-01,157,7276,7433
406,2018-12-02,50,4903,4953
406,2018-12-03,446,11061,11507
406,2018-12-04,516,11618,12134
406,2018-12-05,543,11815,12358
406,2018-12-06,474,11341,11815
406,2018-12-07,471,11472,11943
406,2018-12-08,187,7089,7276
406,2018-12-09,45,4768,4813
406,2018-12-10,498,10895,11393
406,2018-12-11,567,11844,12411
406,2018-12-12,570,11035,11605
406,2018-12-13,567,11937,12504
406,2018-12-14,540,11235,11775
406,2018-12-15,155,7320,7475
406,2018-12-16,27,4226,4253
406,2018-12-17,511,10890,11401
406,2018-12-18,530,11748,12278
406,2018-12-19,499,11445,11944
406,2018-12-20,490,11350,11840
406,2018-12-28,175,7016,7191
407,2018-01-01,159,3076,3235
407,2018-01-02,618,12909,13527
407,2018-01-03,692,12980,13672
407,2018-01-04,623,13577,14200
407,2018-01-05,643,14581,15224
407,2018-01-06,363,12863,13226
407,2018-01-07,135,7315,7450
407,2018-01-08,760,14162,14922
407,2018-01-09,848,14446,15294
407,2018-01-10,810,14482,15292
407,2018-01-11,808,14611,15419
407,2018-01-12,856,15629,16485
407,2018-01-13,422,12797,13219
407,2018-01-14,148,4604,4752
407,2018-01-15,792,13687,14479
407,2018-01-16,878,14580,15458
407,2018-01-17,817,13922,14739
407,2018-01-18,815,14613,15428
407,2018-01-19,830,15553,16383
407,2018-01-20,397,12578,12975
407,2018-01-21,138,4211,4349
407,2018-01-22,781,13525,14306
407,2018-01-23,840,13883,14723
407,2018-01-24,789,13692,14481
407,2018-01-25,742,14744,15486
407,2018-01-26,778,15451,16229
407,2018-01-27,405,11988,12393
407,2018-01-28,156,4361,4517
407,2018-01-29,824,14231,15055
407,2018-01-30,811,14351,15162
407,2018-01-31,727,14472,15199
407,2018-02-01,794,14788,15582
407,2018-02-02,774,15331,16105
407,2018-02-03,409,12804,13213
407,2018-02-04,151,4284,4435
407,2018-02-05,802,13811,14613
407,2018-02-06,807,12044,12851
407,2018-02-07,734,13906,14640
407,2018-02-08,751,14488,15239
407,2018-02-09,772,14954,15726
407,2018-02-10,396,10768,11164
407,2018-02-11,156,3458,3614
407,2018-02-12,621,12463,13084
407,2018-02-13,742,13368,14110
407,2018-02-14,727,13862,14589
407,2018-02-15,714,12729,13443
407,2018-02-16,704,13915,14619
407,2018-02-17,393,10838,11231
407,2018-02-18,136,3950,4086
407,2018-02-19,770,13344,14114
407,2018-02-20,810,14444,15254
407,2018-02-21,806,14214,15020
407,2018-02-22,794,14394,15188
407,2018-02-23,804,15795,16599
407,2018-02-24,397,13240,13637
407,2018-02-25,152,4298,4450
407,2018-02-26,720,13876,14596
407,2018-02-27,786,14310,15096
407,2018-02-28,781,14296,15077
407,2018-03-01,779,14252,15031
407,2018-03-02,802,12932,13734
407,2018-03-03,404,12405,12809
407,2018-03-04,134,4298,4432
407,2018-03-05,767,14498,15265
407,2018-03-06,819,14455,15274
407,2018-03-07,780,14654,15434
407,2018-03-08,835,14663,15498
407,2018-03-09,759,15514,16273
407,2018-03-10,406,12927,13333
407,2018-03-11,141,4562,4703
407,2018-03-12,805,13935,14740
407,2018-03-13,832,14431,15263
407,2018-03-14,821,14156,14977
407,2018-03-15,767,14781,15548
407,2018-03-16,791,15760,16551
407,2018-03-17,421,12302,12723
407,2018-03-18,158,4035,4193
407,2018-03-19,825,14127,14952
407,2018-03-20,858,14817,15675
407,2018-03-21,853,14337,15190
407,2018-03-22,826,14491,15317
407,2018-03-23,789,16229,17018
407,2018-03-24,410,13514,13924
407,2018-03-26,815,14238,15053
407,2018-03-27,863,15019,15882
407,2018-03-28,797,15251,16048
407,2018-03-29,863,16047,16910
407,2018-03-30,794,16529,17323
407,2018-03-31,416,11936,12352
407,2018-04-01,149,3511,3660
407,2018-04-02,154,3682,3836
407,2018-04-03,829,13784,14613
407,2018-04-04,838,14235,15073
407,2018-04-05,842,13607,14449
407,2018-04-06,823,14288,15111
407,2018-04-07,477,9932,10409
407,2018-04-08,151,3971,4122
407,2018-04-09,771,13362,14133
407,2018-04-10,884,14400,15284
407,2018-04-11,841,13963,14804
407,2018-04-12,843,14288,15131
407,2018-04-13,860,15226,16086
407,2018-04-14,456,11781,12237
407,2018-04-15,165,4679,4844
407,2018-04-16,903,14064,14967
407,2018-04-17,899,15013,15912
407,2018-04-18,854,14660,15514
407,2018-04-19,830,15622,16452
407,2018-04-20,866,15783,16649
407,2018-04-21,448,12720,13168
407,2018-04-22,179,4972,5151
407,2018-04-23,834,14457,15291
407,2018-04-24,837,15144,15981
407,2018-04-25,770,15348,16118
407,2018-04-26,862,15445,16307
407,2018-04-27,893,16950,17843
407,2018-04-28,458,13238,13696
407,2018-04-29,150,4184,4334
407,2018-04-30,678,15192,15870
407,2018-05-01,157,3869,4026
407,2018-05-02,863,15367,16230
407,2018-05-03,906,15250,16156
407,2018-05-04,958,16200,17158
407,2018-05-05,536,12868,13404
407,2018-05-06,176,5107,5283
407,2018-05-07,901,14670,15571
407,2018-05-08,890,15619,16509
407,2018-05-09,874,16187,17061
407,2018-05-10,166,4221,4387
407,2018-05-11,772,15691,16463
407,2018-05-12,492,12224,12716
407,2018-05-13,181,4263,4444
407,2018-05-14,858,15244,16102
407,2018-05-15,839,15652,16491
407,2018-05-16,840,15085,15925
407,2018-05-17,884,15284,16168
407,2018-05-18,826,16062,16888
407,2018-05-19,436,11826,12262
407,2018-05-20,151,3959,4110
407,2018-05-21,136,3446,3582
407,2018-05-22,782,13799,14581
407,2018-05-23,814,13808,14622
407,2018-05-24,798,14196,14994
407,2018-05-25,788,14456,15244
407,2018-05-26,445,11042,11487
407,2018-05-27,146,4056,4202
407,2018-05-28,832,14160,14992
407,2018-05-29,832,14934,15766
407,2018-05-30,875,14954,15829
407,2018-05-31,767,16632,17399
407,2018-06-01,766,17190,17956
407,2018-06-02,434,12993,13427
407,2018-06-03,149,4711,4860
407,2018-06-04,763,14256,15019
407,2018-06-05,840,14805,15645
407,2018-06-06,833,14783,15616
407,2018-06-07,877,15497,16374
407,2018-06-08,842,16047,16889
407,2018-06-09,450,13541,13991
407,2018-06-10,155,6187,6342
407,2018-06-11,794,14615,15409
407,2018-06-12,838,15182,16020
407,2018-06-13,865,14853,15718
407,2018-06-14,846,15171,16017
407,2018-06-15,867,16048,16915
407,2018-06-16,439,12394,12833
407,2018-06-17,167,4551,4718
407,2018-06-18,803,14050,14853
407,2018-06-19,821,14791,15612
407,2018-06-20,834,14525,15359
407,2018-06-21,821,15629,16450
407,2018-06-22,874,15880,16754
407,2018-06-23,212,4672,4884
407,2018-06-24,157,8844,9001
407,2018-06-25,819,14449,15268
407,2018-06-26,864,14778,15642
407,2018-06-27,843,14627,15470
407,2018-06-28,866,15490,16356
407,2018-06-29,841,16246,17087
407,2018-06-30,454,12569,13023
407,2018-07-01,156,7540,7696
407,2018-07-02,803,14935,15738
407,2018-07-03,837,14980,15817
407,2018-07-04,813,15037,15850
407,2018-07-05,908,15696,16604
407,2018-07-06,843,15824,16667
407,2018-07-07,460,12363,12823
407,2018-07-08,161,4894,5055
407,2018-07-09,840,14876,15716
407,2018-07-10,822,15086,15908
407,2018-07-11,803,14907,15710
407,2018-07-12,803,15459,16262
407,2018-07-13,812,15712,16524
407,2018-07-14,450,12237,12687
407,2018-07-15,177,4232,4409
407,2018-07-16,786,13961,14747
407,2018-07-17,871,15084,15955
407,2018-07-18,880,15107,15987
407,2018-07-19,851,14728,15579
407,2018-07-20,857,15285,16142
407,2018-07-21,467,12327,12794
407,2018-07-22,159,4205,4364
407,2018-07-23,800,14230,15030
407,2018-07-24,803,13974,14777
407,2018-07-25,821,14468,15289
407,2018-07-26,809,14259,15068
407,2018-07-27,727,14293,15020
407,2018-07-28,397,10425,10822
407,2018-07-29,158,3748,3906
407,2018-07-30,725,12568,13293
407,2018-07-31,691,12678,13369
407,2018-08-01,706,12630,13336
407,2018-08-02,703,12556,13259
407,2018-08-03,685,12865,13550
407,2018-08-04,404,10004,10408
407,2018-08-05,144,3659,3803
407,2018-08-06,706,11552,12258
407,2018-08-07,730,11432,12162
407,2018-08-08,754,11124,11878
407,2018-08-09,683,11559,12242
407,2018-08-10,682,12281,12963
407,2018-08-11,394,8885,9279
407,2018-08-12,150,3467,3617
407,2018-08-13,679,11243,11922
407,2018-08-14,723,11627,12350
407,2018-08-15,167,3317,3484
407,2018-08-16,697,11434,12131
407,2018-08-17,657,12092,12749
407,2018-08-18,413,9054,9467
407,2018-08-19,152,3524,3676
407,2018-08-20,759,11981,12740
407,2018-08-21,777,12498,13275
407,2018-08-22,751,12321,13072
407,2018-08-23,744,12604,13348
407,2018-08-24,740,13591,14331
407,2018-08-25,444,11479,11923
407,2018-08-26,182,4629,4811
407,2018-08-27,745,13047,13792
407,2018-08-28,788,12999,13787
407,2018-08-29,835,13216,14051
407,2018-08-30,746,15391,16137
407,2018-08-31,758,15426,16184
407,2018-09-01,453,13230,13683
407,2018-09-02,194,8166,8360
407,2018-09-03,810,14125,14935
407,2018-09-04,844,13782,14626
407,2018-09-05,888,13982,14870
407,2018-09-06,916,14556,15472
407,2018-09-07,884,15016,15900
407,2018-09-08,477,11345,11822
407,2018-09-09,232,4966,5198
407,2018-09-10,818,14170,14988
407,2018-09-11,827,13794,14621
407,2018-09-12,824,13855,14679
407,2018-09-13,798,14464,15262
407,2018-09-14,793,15431,16224
407,2018-09-15,454,12409,12863
407,2018-09-16,180,5060,5240
407,2018-09-17,773,14881,15654
407,2018-09-18,868,14999,15867
407,2018-09-19,866,14440,15306
407,2018-09-20,910,15164,16074
407,2018-09-21,889,16016,16905
407,2018-09-22,446,13498,13944
407,2018-09-23,148,3990,4138
407,2018-09-24,844,14611,15455
407,2018-09-25,939,14996,15935
407,2018-09-26,859,15300,16159
407,2018-09-27,917,15128,16045
407,2018-09-28,897,16172,17069
407,2018-09-29,461,13895,14356
407,2018-09-30,161,4732,4893
407,2018-10-01,859,14591,15450
407,2018-10-02,849,14795,15644
407,2018-10-03,832,14961,15793
407,2018-10-04,868,15127,15995
407,2018-10-05,893,15879,16772
407,2018-10-06,459,13448,13907
407,2018-10-07,193,4808,5001
407,2018-10-08,763,14342,15105
407,2018-10-09,916,14550,15466
407,2018-10-10,858,14524,15382
407,2018-10-11,917,15183,16100
407,2018-10-12,805,15809,16614
407,2018-10-13,454,13234,13688
407,2018-10-14,154,4845,4999
407,2018-10-15,848,14246,15094
407,2018-10-16,860,14295,15155
407,2018-10-17,890,14282,15172
407,2018-10-18,835,14862,15697
407,2018-10-19,862,16186,17048
407,2018-10-20,428,12160,12588
407,2018-10-21,133,7329,7462
407,2018-10-22,824,13818,14642
407,2018-10-23,920,14394,15314
407,2018-10-24,915,14687,15602
407,2018-10-25,898,15097,15995
407,2018-10-26,807,15770,16577
407,2018-10-27,460,13932,14392
407,2018-10-28,155,4266,4421
407,2018-10-29,791,14371,15162
407,2018-10-30,841,14318,15159
407,2018-11-01,144,3910,4054
407,2018-11-02,675,13845,14520
407,2018-11-03,440,11164,11604
407,2018-11-04,142,4002,4144
407,2018-11-05,833,15199,16032
407,2018-11-06,908,15364,16272
407,2018-11-07,870,15465,16335
407,2018-11-08,856,15955,16811
407,2018-11-09,856,16725,17581
407,2018-11-10,418,15276,15694
407,2018-11-11,141,4575,4716
407,2018-11-12,799,14911,15710
407,2018-11-13,875,15228,16103
407,2018-11-14,803,15666,16469
407,2018-11-15,837,17989,18826
407,2018-11-16,844,18687,19531
407,2018-11-17,452,17007,17459
407,2018-11-18,143,4982,5125
407,2018-11-19,828,15660,16488
407,2018-11-20,837,15615,16452
407,2018-11-21,830,15769,16599
407,2018-11-22,842,15977,16819
407,2018-11-23,819,18957,19776
407,2018-11-24,406,16171,16577
407,2018-11-25,142,5686,5828
407,2018-11-26,761,14907,15668
407,2018-11-27,819,15159,15978
407,2018-11-28,757,15546,16303
407,2018-11-29,810,16060,16870
407,2018-11-30,776,17038,17814
407,2018-12-01,428,14170,14598
407,2018-12-02,150,9682,9832
407,2018-12-03,756,14734,15490
407,2018-12-04,747,16093,16840
407,2018-12-05,804,16360,17164
407,2018-12-06,802,16480,17282
407,2018-12-07,809,17104,17913
407,2018-12-08,422,14617,15039
407,2018-12-09,150,10572,10722
407,2018-12-10,786,15509,16295
407,2018-12-11,833,15616,16449
407,2018-12-12,832,15732,16564
407,2018-12-13,823,16171,16994
407,2018-12-14,827,17875,18702
407,2018-12-15,420,15311,15731
407,2018-12-16,151,8591,8742
407,2018-12-17,780,16414,17194
407,2018-12-18,794,17499,18293
407,2018-12-19,748,17422,18170
407,2018-12-20,746,18119,18865
407,2018-12-21,658,18241,18899
407,2018-12-22,436,15766,16202
407,2018-12-23,118,10984,11102
407,2018-12-24,566,12866,13432
407,2018-12-25,111,3278,3389
407,2018-12-26,139,3361,3500
407,2018-12-27,597,15558,16155
407,2018-12-28,591,14273,14864
407,2018-12-29,360,13076,13436
407,2018-12-30,120,8732,8852
407,2018-12-31,514,11550,12064
413,2018-01-01,80,4322,4402
413,2018-01-02,581,14079,14660
413,2018-01-03,586,14436,15022
413,2018-01-04,555,14569,15124
413,2018-01-05,600,16177,16777
413,2018-01-06,304,13144,13448
413,2018-01-07,73,8385,8458
413,2018-01-08,681,15117,15798
413,2018-01-09,737,15917,16654
413,2018-01-10,713,15486,16199
413,2018-01-11,648,15628,16276
413,2018-01-12,719,16929,17648
413,2018-01-13,371,14357,14728
413,2018-01-14,98,6616,6714
413,2018-01-15,667,14928,15595
413,2018-01-16,702,15852,16554
413,2018-01-17,738,15115,15853
413,2018-01-18,741,16236,16977
413,2018-01-19,787,17089,17876
413,2018-01-20,341,13460,13801
413,2018-01-21,92,6042,6134
413,2018-01-22,640,14697,15337
413,2018-01-23,772,16316,17088
413,2018-01-24,703,15934,16637
413,2018-01-25,644,15770,16414
413,2018-01-26,777,17649,18426
413,2018-01-27,384,14585,14969
413,2018-01-28,91,5960,6051
413,2018-01-29,727,15589,16316
413,2018-01-30,684,15960,16644
413,2018-01-31,672,15650,16322
413,2018-02-01,760,16479,17239
413,2018-02-02,758,16757,17515
413,2018-02-03,376,14853,15229
413,2018-02-04,105,5734,5839
413,2018-02-05,725,14911,15636
413,2018-02-06,739,14570,15309
413,2018-02-07,737,15592,16329
413,2018-02-08,793,16780,17573
413,2018-02-10,373,11917,12290
413,2018-02-11,79,4722,4801
413,2018-02-12,682,12336,13018
413,2018-02-13,749,13972,14721
413,2018-02-14,854,13771,14625
413,2018-02-15,712,12697,13409
413,2018-02-16,771,14659,15430
413,2018-02-17,395,11574,11969
413,2018-02-18,97,5762,5859
413,2018-02-19,873,14701,15574
413,2018-02-20,816,15728,16544
413,2018-02-21,812,15756,16568
413,2018-02-22,821,16477,17298
413,2018-02-23,819,17267,18086
413,2018-02-24,388,14402,14790
413,2018-02-25,82,6470,6552
413,2018-02-26,767,14970,15737
413,2018-02-27,853,15996,16849
413,2018-02-28,816,15745,16561
413,2018-03-01,784,16042,16826
413,2018-03-02,766,15626,16392
413,2018-03-03,388,14257,14645
413,2018-03-04,83,5742,5825
413,2018-03-05,791,16123,16914
413,2018-03-06,744,15931,16675
413,2018-03-07,706,16060,16766
413,2018-03-08,704,15867,16571
413,2018-03-09,680,17025,17705
413,2018-03-10,369,14353,14722
413,2018-03-11,89,6820,6909
413,2018-03-12,662,15310,15972
413,2018-03-13,708,16181,16889
413,2018-03-14,726,16112,16838
413,2018-03-15,732,16313,17045
413,2018-03-16,657,17275,17932
413,2018-03-17,399,14233,14632
413,2018-03-18,99,5976,6075
413,2018-03-19,762,15090,15852
413,2018-03-20,754,16207,16961
413,2018-03-21,722,16018,16740
413,2018-03-22,714,16139,16853
413,2018-03-23,708,17198,17906
413,2018-03-24,378,14233,14611
413,2018-03-26,723,15037,15760
413,2018-03-27,755,15780,16535
413,2018-03-28,698,15764,16462
413,2018-03-29,672,16341,17013
413,2018-03-30,690,16789,17479
413,2018-03-31,399,13586,13985
413,2018-04-01,104,5326,5430
413,2018-04-02,108,5395,5503
413,2018-04-03,706,13836,14542
413,2018-04-04,683,14000,14683
413,2018-04-05,696,14036,14732
413,2018-04-06,700,14515,15215
413,2018-04-07,400,11386,11786
413,2018-04-08,109,5819,5928
413,2018-04-09,711,14097,14808
413,2018-04-10,784,15333,16117
413,2018-04-11,723,15402,16125
413,2018-04-12,748,15496,16244
413,2018-04-13,749,16399,17148
413,2018-04-14,415,12947,13362
413,2018-04-15,116,6444,6560
413,2018-04-16,656,15611,16267
413,2018-04-17,696,16614,17310
413,2018-04-18,725,16154,16879
413,2018-04-19,715,17074,17789
413,2018-04-20,714,16990,17704
413,2018-04-21,370,14246,14616
413,2018-04-22,82,6947,7029
413,2018-04-23,641,15692,16333
413,2018-04-24,694,16781,17475
413,2018-04-25,714,16637,17351
413,2018-04-26,734,17146,17880
413,2018-04-27,763,18079,18842
413,2018-04-28,393,14962,15355
413,2018-04-29,102,6438,6540
413,2018-04-30,661,16656,17317
413,2018-05-01,91,5671,5762
413,2018-05-02,768,17116,17884
413,2018-05-03,755,17823,18578
413,2018-05-04,736,18594,19330
413,2018-05-05,395,15520,15915
413,2018-05-06,98,7143,7241
413,2018-05-07,714,15843,16557
413,2018-05-08,727,16743,17470
413,2018-05-09,775,17323,18098
413,2018-05-10,85,6105,6190
413,2018-05-11,654,16845,17499
413,2018-05-12,404,13434,13838
413,2018-05-13,100,6033,6133
413,2018-05-14,678,16178,16856
413,2018-05-15,703,16779,17482
413,2018-05-16,724,16729,17453
413,2018-05-17,764,17473,18237
413,2018-05-18,800,18253,19053
413,2018-05-19,430,12774,13204
413,2018-05-20,97,5470,5567
413,2018-05-21,91,5089,5180
413,2018-05-22,648,14281,14929
413,2018-05-23,755,14442,15197
413,2018-05-24,673,14581,15254
413,2018-05-25,672,15259,15931
413,2018-05-26,396,12334,12730
413,2018-05-27,105,5967,6072
413,2018-05-28,693,15647,16340
413,2018-05-29,730,17041,17771
413,2018-05-30,729,16341,17070
413,2018-05-31,664,17144,17808
413,2018-07-01,139,9648,9787
413,2018-07-02,754,16017,16771
413,2018-07-03,728,16901,17629
413,2018-07-04,727,16708,17435
413,2018-07-05,668,17467,18135
413,2018-07-06,745,17475,18220
413,2018-07-07,406,14327,14733
413,2018-07-08,119,7450,7569
413,2018-07-09,686,16310,16996
413,2018-07-10,726,18171,18897
413,2018-07-11,695,17155,17850
413,2018-07-12,640,16522,17162
413,2018-07-13,646,15732,16378
413,2018-07-14,461,13743,14204
413,2018-07-15,192,6673,6865
413,2018-07-16,712,15077,15789
413,2018-07-17,792,16019,16811
413,2018-07-18,798,15750,16548
413,2018-07-19,774,15476,16250
413,2018-07-20,775,16774,17549
413,2018-07-21,472,13474,13946
413,2018-07-22,169,5867,6036
413,2018-07-23,738,14343,15081
413,2018-07-24,692,14573,15265
413,2018-07-25,688,14560,15248
413,2018-07-26,683,15466,16149
413,2018-07-27,661,15840,16501
413,2018-07-28,438,11725,12163
413,2018-07-29,162,5561,5723
413,2018-07-30,614,13052,13666
413,2018-07-31,599,14269,14868
413,2018-08-01,627,15396,16023
413,2018-08-02,649,13963,14612
413,2018-08-03,650,14679,15329
413,2018-08-04,393,11712,12105
413,2018-08-05,132,5710,5842
413,2018-08-06,595,12722,13317
413,2018-08-07,613,12811,13424
413,2018-08-08,754,12404,13158
413,2018-08-09,650,12844,13494
413,2018-08-10,645,13767,14412
413,2018-08-11,416,10319,10735
413,2018-08-12,143,4849,4992
413,2018-08-13,604,13021,13625
413,2018-08-14,664,13223,13887
413,2018-08-15,144,4863,5007
413,2018-08-16,612,12691,13303
413,2018-08-17,650,13184,13834
413,2018-08-18,415,10418,10833
413,2018-08-19,118,5202,5320
413,2018-08-20,626,12747,13373
413,2018-08-21,680,12874,13554
413,2018-08-22,650,12373,13023
413,2018-08-23,673,13210,13883
413,2018-08-24,729,14350,15079
413,2018-08-25,445,11880,12325
413,2018-08-26,201,5730,5931
413,2018-08-27,676,12873,13549
413,2018-08-28,702,13470,14172
413,2018-08-29,702,12949,13651
413,2018-08-30,668,14241,14909
413,2018-08-31,727,15243,15970
413,2018-09-01,463,12499,12962
413,2018-09-02,184,9698,9882
413,2018-09-03,692,13121,13813
413,2018-09-04,708,12866,13574
413,2018-09-05,722,14284,15006
413,2018-09-06,777,15127,15904
413,2018-09-07,750,15781,16531
413,2018-09-08,467,12536,13003
413,2018-09-09,167,6736,6903
413,2018-09-10,765,14547,15312
413,2018-09-11,794,15592,16386
413,2018-09-12,781,15375,16156
413,2018-09-13,730,15896,16626
413,2018-09-14,750,17004,17754
413,2018-09-15,441,14140,14581
413,2018-09-16,135,7407,7542
413,2018-09-17,700,15890,16590
413,2018-09-18,713,16401,17114
413,2018-09-19,749,16163,16912
413,2018-09-20,739,16411,17150
413,2018-09-21,773,17557,18330
413,2018-09-22,429,14791,15220
413,2018-09-23,102,5956,6058
413,2018-09-24,744,15774,16518
413,2018-09-25,744,16365,17109
413,2018-09-26,739,16270,17009
413,2018-09-27,733,16923,17656
413,2018-09-28,758,17318,18076
413,2018-09-29,434,15148,15582
413,2018-09-30,113,7525,7638
413,2018-10-01,731,15859,16590
413,2018-10-02,797,17040,17837
413,2018-10-03,770,17010,17780
413,2018-10-04,750,16626,17376
413,2018-10-05,767,17373,18140
413,2018-10-06,395,14880,15275
413,2018-10-07,99,6969,7068
413,2018-10-08,739,15520,16259
413,2018-10-09,772,16475,17247
413,2018-10-10,742,16186,16928
413,2018-10-11,728,16381,17109
413,2018-10-12,708,17152,17860
413,2018-10-13,385,13946,14331
413,2018-10-14,82,7968,8050
413,2018-10-15,736,15192,15928
413,2018-10-16,730,16140,16870
413,2018-10-17,744,15961,16705
413,2018-10-18,777,16832,17609
413,2018-10-19,741,18568,19309
413,2018-10-20,434,16501,16935
413,2018-10-21,90,9175,9265
413,2018-10-22,724,15074,15798
413,2018-10-23,853,16439,17292
413,2018-10-24,734,16408,17142
413,2018-10-25,791,17074,17865
413,2018-10-26,791,17527,18318
413,2018-10-27,459,14372,14831
413,2018-10-28,92,6005,6097
413,2018-10-29,724,14976,15700
413,2018-10-30,671,14970,15641
413,2018-11-01,85,5845,5930
413,2018-11-02,552,15245,15797
413,2018-11-03,381,12284,12665
413,2018-11-04,94,5764,5858
413,2018-11-05,744,15181,15925
413,2018-11-06,762,16256,17018
413,2018-11-07,747,16119,16866
413,2018-11-08,754,17121,17875
413,2018-11-09,779,17533,18312
413,2018-11-10,358,15495,15853
413,2018-11-11,75,6553,6628
413,2018-11-12,740,15646,16386
413,2018-11-13,710,16446,17156
413,2018-11-14,745,15965,16710
413,2018-11-15,731,17141,17872
413,2018-11-16,804,17432,18236
413,2018-11-17,397,14855,15252
413,2018-11-18,101,6902,7003
413,2018-11-19,772,15131,15903
413,2018-11-20,801,16490,17291
413,2018-11-21,766,16249,17015
413,2018-11-22,729,16780,17509
413,2018-11-23,733,18525,19258
413,2018-11-24,355,15400,15755
413,2018-11-25,98,7178,7276
413,2018-11-26,759,15430,16189
413,2018-11-27,783,16065,16848
413,2018-11-28,692,16004,16696
413,2018-11-29,748,16845,17593
413,2018-11-30,698,17794,18492
413,2018-12-01,405,15094,15499
413,2018-12-02,95,8978,9073
413,2018-12-03,752,15490,16242
413,2018-12-04,724,16740,17464
413,2018-12-05,723,16890,17613
413,2018-12-06,718,16762,17480
413,2018-12-07,679,17165,17844
413,2018-12-08,387,15124,15511
413,2018-12-09,90,8962,9052
413,2018-12-10,711,15606,16317
413,2018-12-11,754,16738,17492
413,2018-12-12,745,16517,17262
413,2018-12-13,750,17369,18119
413,2018-12-14,779,18886,19665
413,2018-12-15,427,15658,16085
413,2018-12-16,99,8852,8951
413,2018-12-17,723,16357,17080
413,2018-12-18,766,18159,18925
413,2018-12-19,671,17339,18010
413,2018-12-20,686,17942,18628
413,2018-12-21,641,18147,18788
413,2018-12-22,353,14604,14957
413,2018-12-23,99,10947,11046
413,2018-12-24,459,12513,12972
413,2018-12-25,95,4121,4216
413,2018-12-26,106,4773,4879
413,2018-12-27,591,13638,14229
413,2018-12-28,552,13561,14113
413,2018-12-29,390,12477,12867
413,2018-12-30,106,8676,8782
413,2018-12-31,487,11318,11805
414,2018-01-02,401,5883,6284
414,2018-01-03,394,6378,6772
414,2018-01-05,438,6929,7367
414,2018-01-06,251,5179,5430
414,2018-01-07,51,3320,3371
414,2018-01-08,603,7262,7865
414,2018-01-09,768,7698,8466
414,2018-01-10,638,7484,8122
414,2018-01-12,662,7813,8475
414,2018-01-13,230,5680,5910
414,2018-01-14,53,3506,3559
414,2018-01-15,676,7480,8156
414,2018-01-16,560,7756,8316
414,2018-01-17,694,7942,8636
414,2018-01-18,642,7834,8476
414,2018-01-19,674,7766,8440
414,2018-01-20,225,5286,5511
414,2018-01-21,52,3394,3446
414,2018-01-22,643,8087,8730
414,2018-01-23,710,8312,9022
414,2018-01-24,626,8198,8824
414,2018-01-26,679,8537,9216
414,2018-01-27,235,5777,6012
414,2018-01-28,54,3738,3792
414,2018-01-29,665,8192,8857
414,2018-01-30,718,8014,8732
414,2018-01-31,606,7808,8414
414,2018-02-01,601,8092,8693
414,2018-02-02,697,7865,8562
414,2018-02-03,225,5756,5981
414,2018-02-04,61,3368,3429
414,2018-02-05,634,7456,8090
414,2018-02-06,497,7013,7510
414,2018-02-07,576,7427,8003
414,2018-02-09,632,7602,8234
414,2018-02-10,219,4805,5024
414,2018-02-11,57,2923,2980
414,2018-02-12,462,6054,6516
414,2018-02-13,568,6592,7160
414,2018-02-14,536,6829,7365
414,2018-02-15,511,6447,6958
414,2018-02-16,541,6937,7478
414,2018-02-17,205,4589,4794
414,2018-02-18,54,3382,3436
414,2018-02-19,678,7491,8169
414,2018-02-20,788,7777,8565
414,2018-02-21,791,7827,8618
414,2018-02-23,723,7871,8594
414,2018-02-24,240,5649,5889
414,2018-02-25,59,3771,3830
414,2018-02-26,676,7228,7904
414,2018-02-27,714,7560,8274
414,2018-02-28,644,7498,8142
414,2018-03-01,690,7620,8310
414,2018-03-02,668,7221,7889
414,2018-03-03,251,5337,5588
414,2018-03-04,100,3700,3800
414,2018-03-05,662,7579,8241
414,2018-03-06,747,7936,8683
414,2018-03-07,685,7956,8641
414,2018-03-09,713,8065,8778
414,2018-03-10,257,5714,5971
414,2018-03-11,81,3719,3800
414,2018-03-12,639,7664,8303
414,2018-03-13,717,7919,8636
414,2018-03-14,730,8160,8890
414,2018-03-15,756,7964,8720
414,2018-03-16,685,8228,8913
414,2018-03-17,318,5507,5825
414,2018-03-18,65,3660,3725
414,2018-03-19,716,7729,8445
414,2018-03-20,689,8007,8696
414,2018-03-21,672,8128,8800
414,2018-03-22,674,7903,8577
414,2018-03-23,737,7971,8708
414,2018-03-24,297,6140,6437
414,2018-03-26,688,7689,8377
414,2018-03-27,669,7981,8650
414,2018-03-28,730,8484,9214
414,2018-03-31,303,5421,5724
414,2018-04-01,81,3578,3659
414,2018-04-02,77,4241,4318
414,2018-04-03,620,6900,7520
414,2018-04-05,631,6789,7420
414,2018-04-06,627,6927,7554
414,2018-04-07,291,5127,5418
414,2018-04-08,64,4031,4095
414,2018-04-09,684,6916,7600
414,2018-04-10,671,6960,7631
414,2018-04-11,665,6973,7638
414,2018-05-24,659,8148,8807
414,2018-05-25,699,7584,8283
414,2018-05-26,339,5760,6099
414,2018-05-27,165,3987,4152
414,2018-05-28,678,8076,8754
414,2018-05-29,604,7878,8482
414,2018-05-30,716,8010,8726
414,2018-05-31,676,7904,8580
414,2018-06-01,773,8788,9561
414,2018-06-02,444,6478,6922
414,2018-06-03,87,4656,4743
414,2018-06-04,732,7958,8690
414,2018-06-05,762,8377,9139
414,2018-06-07,628,7900,8528
414,2018-06-08,628,7896,8524
414,2018-06-09,284,6744,7028
414,2018-06-10,58,4288,4346
414,2018-06-11,638,7484,8122
414,2018-06-12,596,7812,8408
414,2018-06-13,841,8169,9010
414,2018-06-14,787,8314,9101
414,2018-06-15,707,8486,9193
414,2018-06-16,326,6665,6991
414,2018-06-17,74,4555,4629
414,2018-06-18,731,8316,9047
414,2018-06-19,756,8668,9424
414,2018-06-21,829,8368,9197
414,2018-06-22,803,8085,8888
414,2018-06-23,107,4316,4423
414,2018-06-24,93,4218,4311
414,2018-06-25,776,7940,8716
414,2018-06-26,761,8438,9199
414,2018-06-27,829,8221,9050
414,2018-06-28,775,8633,9408
414,2018-06-29,738,9118,9856
414,2018-06-30,314,6491,6805
414,2018-07-01,89,5091,5180
414,2018-07-02,746,7628,8374
414,2018-07-03,758,8183,8941
414,2018-07-06,730,8353,9083
414,2018-07-07,321,6571,6892
414,2018-07-08,67,4698,4765
414,2018-07-09,754,8697,9451
414,2018-07-10,720,8933,9653
414,2018-07-11,733,8673,9406
414,2018-07-12,726,8450,9176
414,2018-07-13,727,8398,9125
414,2018-07-14,313,6042,6355
414,2018-07-15,120,4011,4131
414,2018-07-16,620,7509,8129
414,2018-07-17,639,8086,8725
414,2018-07-18,640,7752,8392
414,2018-07-20,634,7429,8063
414,2018-07-21,298,5868,6166
414,2018-07-22,78,4050,4128
414,2018-07-23,657,7312,7969
414,2018-07-24,643,7589,8232
414,2018-07-25,698,7505,8203
414,2018-07-26,601,7226,7827
414,2018-07-27,530,7183,7713
414,2018-07-28,251,5269,5520
414,2018-07-29,83,3727,3810
414,2018-07-30,454,6355,6809
414,2018-07-31,452,6648,7100
414,2018-08-01,493,6640,7133
414,2018-08-03,480,6526,7006
414,2018-08-04,241,4998,5239
414,2018-08-05,76,4021,4097
414,2018-08-06,435,6007,6442
414,2018-08-09,434,5646,6080
414,2018-08-10,422,5957,6379
414,2018-08-11,258,4490,4748
414,2018-08-12,87,4025,4112
414,2018-08-13,376,5550,5926
414,2018-08-14,454,5875,6329
414,2018-08-15,65,2985,3050
414,2018-08-16,404,5704,6108
414,2018-08-17,396,5482,5878
414,2018-08-18,274,4535,4809
414,2018-08-19,71,3598,3669
414,2018-08-20,533,5991,6524
414,2018-08-21,534,6535,7069
414,2018-08-22,491,6511,7002
414,2018-08-23,531,6494,7025
414,2018-08-24,547,6378,6925
414,2018-08-25,309,4947,5256
414,2018-08-26,72,3636,3708
414,2018-08-27,542,6603,7145
414,2018-08-28,577,6872,7449
414,2018-08-29,566,6432,6998
414,2018-08-31,617,6949,7566
414,2018-09-01,355,5243,5598
414,2018-09-02,78,4049,4127
414,2018-09-03,640,6540,7180
414,2018-09-04,594,6789,7383
414,2018-09-05,625,6867,7492
414,2018-09-06,667,7151,7818
414,2018-09-07,641,7119,7760
414,2018-09-08,269,5534,5803
414,2018-09-09,80,4017,4097
414,2018-09-10,648,7169,7817
414,2018-09-11,690,7483,8173
414,2018-09-12,639,7549,8188
414,2018-09-14,672,8125,8797
414,2018-09-15,323,6219,6542
414,2018-09-16,71,4710,4781
414,2018-09-17,716,7975,8691
414,2018-09-18,683,8310,8993
414,2018-09-19,714,8302,9016
414,2018-09-20,862,8362,9224
414,2018-09-21,729,8491,9220
414,2018-09-22,315,6327,6642
414,2018-09-23,58,4144,4202
414,2018-09-24,702,8302,9004
414,2018-09-25,737,8363,9100
414,2018-09-26,829,8256,9085
414,2018-09-28,763,8755,9518
414,2018-09-29,321,6361,6682
414,2018-09-30,77,4824,4901
414,2018-10-01,827,8205,9032
414,2018-10-02,767,8360,9127
414,2018-10-03,807,8463,9270
414,2018-10-04,799,8563,9362
414,2018-10-05,781,8895,9676
414,2018-10-06,273,6251,6524
414,2018-10-07,68,4344,4412
414,2018-10-08,745,7920,8665
414,2018-10-09,791,8351,9142
414,2018-10-10,696,8358,9054
414,2018-10-12,764,8346,9110
414,2018-10-13,313,6262,6575
414,2018-10-14,62,4799,4861
414,2018-10-15,726,7897,8623
414,2018-10-16,832,8396,9228
414,2018-10-17,767,8375,9142
414,2018-10-18,813,8501,9314
414,2018-10-19,796,8730,9526
414,2018-10-20,294,6381,6675
414,2018-10-21,70,4358,4428
414,2018-10-22,805,8123,8928
414,2018-10-23,787,8228,9015
414,2018-10-24,892,8628,9520
414,2018-10-26,811,8607,9418
414,2018-10-27,320,6137,6457
414,2018-10-28,57,3899,3956
414,2018-10-29,468,7164,7632
414,2018-10-30,540,6754,7294
414,2018-11-02,351,6548,6899
414,2018-11-03,231,5167,5398
414,2018-11-04,54,3963,4017
414,2018-11-05,709,7904,8613
414,2018-11-06,702,8250,8952
414,2018-11-07,724,8140,8864
414,2018-11-09,782,8486,9268
414,2018-11-10,304,6316,6620
414,2018-11-11,61,4193,4254
414,2018-11-12,660,8105,8765
414,2018-11-13,665,8354,9019
414,2018-11-14,670,8286,8956
414,2018-11-15,730,8518,9248
414,2018-11-16,730,8516,9246
414,2018-11-17,259,6230,6489
414,2018-11-18,58,4266,4324
414,2018-11-19,758,8050,8808
414,2018-11-20,742,8273,9015
414,2018-11-21,752,8137,8889
414,2018-11-22,761,8508,9269
414,2018-11-23,738,8618,9356
414,2018-11-24,293,6137,6430
414,2018-11-25,58,3958,4016
414,2018-11-26,646,8036,8682
414,2018-11-27,673,8487,9160
414,2018-11-28,615,8552,9167
414,2018-11-30,686,8612,9298
414,2018-12-01,268,6028,6296
414,2018-12-02,61,4196,4257
414,2018-12-03,558,8360,8918
414,2018-12-04,650,8213,8863
414,2018-12-05,692,8339,9031
414,2018-12-06,649,7990,8639
414,2018-12-07,600,8596,9196
414,2018-12-08,258,5720,5978
414,2018-12-09,42,3622,3664
414,2018-12-10,585,7849,8434
414,2018-12-11,601,8076,8677
414,2018-12-12,636,7815,8451
414,2018-12-14,679,8065,8744
414,2018-12-15,280,5662,5942
414,2018-12-16,61,3447,3508
414,2018-12-17,656,7982,8638
414,2018-12-18,748,8262,9010
414,2018-12-19,718,8331,9049
414,2018-12-20,605,8411,9016
414,2018-12-21,528,7912,8440
414,2018-12-22,267,5207,5474
414,2018-12-23,60,3528,3588
414,2018-12-24,285,5178,5463
414,2018-12-25,36,3127,3163
414,2018-12-26,38,2938,2976
414,2018-12-27,331,5409,5740
414,2018-12-28,341,5434,5775
414,2018-12-29,222,4250,4472
414,2018-12-30,69,2955,3024
414,2018-12-31,283,4516,4799
415,2018-01-01,44,3952,3996
415,2018-01-02,331,9635,9966
415,2018-01-03,364,10114,10478
415,2018-01-05,414,10973,11387
415,2018-01-06,180,8876,9056
415,2018-01-07,90,5795,5885
415,2018-01-08,699,11394,12093
415,2018-01-09,794,12241,13035
415,2018-01-10,645,11990,12635
415,2018-01-12,772,12333,13105
415,2018-01-13,265,9506,9771
415,2018-01-14,92,6232,6324
415,2018-01-15,726,12092,12818
415,2018-01-16,672,13116,13788
415,2018-01-17,722,12004,12726
415,2018-01-18,660,12938,13598
415,2018-01-19,800,12774,13574
415,2018-01-20,173,9515,9688
415,2018-01-21,85,5898,5983
415,2018-01-22,594,11783,12377
415,2018-01-23,854,14037,14891
415,2018-01-24,605,13126,13731
415,2018-01-26,745,12636,13381
415,2018-01-27,280,10162,10442
415,2018-01-28,75,6656,6731
415,2018-01-29,711,11631,12342
415,2018-01-30,771,12640,13411
415,2018-01-31,607,12778,13385
415,2018-02-01,741,13066,13807
415,2018-02-02,738,12354,13092
415,2018-02-03,237,9661,9898
415,2018-02-04,91,6159,6250
415,2018-02-05,875,11709,12584
415,2018-02-06,584,10529,11113
415,2018-02-07,736,11840,12576
415,2018-02-09,780,11978,12758
415,2018-02-10,211,7883,8094
415,2018-02-11,65,4710,4775
415,2018-02-12,600,9637,10237
415,2018-02-13,750,10448,11198
415,2018-02-14,762,10286,11048
415,2018-02-15,477,9757,10234
415,2018-02-16,656,10531,11187
415,2018-02-17,226,7580,7806
415,2018-02-18,106,5859,5965
415,2018-02-19,766,11244,12010
415,2018-02-20,747,12081,12828
415,2018-02-21,802,12172,12974
415,2018-02-23,850,12282,13132
415,2018-02-24,266,9630,9896
415,2018-02-25,124,6010,6134
415,2018-02-26,774,11246,12020
415,2018-02-27,778,11998,12776
415,2018-02-28,769,11801,12570
415,2018-03-01,755,12058,12813
415,2018-03-02,604,9763,10367
415,2018-03-03,216,8979,9195
415,2018-03-04,75,5765,5840
415,2018-03-05,665,11390,12055
415,2018-03-06,782,12295,13077
415,2018-03-07,608,12107,12715
415,2018-03-09,632,12129,12761
415,2018-03-10,226,9759,9985
415,2018-03-11,83,6179,6262
415,2018-03-12,656,11906,12562
415,2018-03-13,717,12551,13268
415,2018-03-14,756,12407,13163
415,2018-03-15,731,12480,13211
415,2018-03-16,676,12340,13016
415,2018-03-17,327,9478,9805
415,2018-03-18,106,5828,5934
415,2018-03-19,842,11386,12228
415,2018-03-20,831,12133,12964
415,2018-03-21,832,12236,13068
415,2018-03-22,772,12426,13198
415,2018-03-23,818,12356,13174
415,2018-03-24,351,9811,10162
415,2018-03-26,871,11389,12260
415,2018-03-27,697,12334,13031
415,2018-03-28,680,12452,13132
415,2018-03-31,273,8070,8343
415,2018-04-01,70,5068,5138
415,2018-04-02,99,4699,4798
415,2018-04-03,560,10218,10778
415,2018-04-04,582,10440,11022
415,2018-04-05,696,10400,11096
415,2018-04-06,816,9936,10752
415,2018-04-07,297,7661,7958
415,2018-04-08,86,5552,5638
415,2018-04-09,733,9759,10492
415,2018-04-10,787,10660,11447
415,2018-04-11,803,10813,11616
415,2018-04-13,851,10892,11743
415,2018-04-14,255,8768,9023
415,2018-04-15,102,6026,6128
415,2018-04-16,920,11603,12523
415,2018-04-17,884,12735,13619
415,2018-04-18,842,12686,13528
415,2018-04-19,817,13301,14118
415,2018-04-20,890,12829,13719
415,2018-04-21,336,10384,10720
415,2018-04-22,107,6595,6702
415,2018-04-23,843,12083,12926
415,2018-04-24,922,13230,14152
415,2018-04-25,871,12471,13342
415,2018-04-27,884,13124,14008
415,2018-04-28,339,9713,10052
415,2018-04-29,56,5608,5664
415,2018-04-30,427,11009,11436
415,2018-05-01,81,5331,5412
415,2018-05-02,1013,12495,13508
415,2018-05-03,1065,13235,14300
415,2018-05-04,1011,12933,13944
415,2018-05-05,380,10268,10648
415,2018-05-06,110,6705,6815
415,2018-05-07,751,11990,12741
415,2018-05-08,828,13085,13913
415,2018-05-09,871,13244,14115
415,2018-05-11,633,11595,12228
415,2018-05-12,329,9650,9979
415,2018-05-13,72,5672,5744
415,2018-05-14,814,12146,12960
415,2018-05-15,856,12920,13776
415,2018-05-16,916,13602,14518
415,2018-05-17,926,13658,14584
415,2018-05-18,848,12597,13445
415,2018-05-19,330,8785,9115
415,2018-05-20,62,5424,5486
415,2018-05-21,62,4954,5016
415,2018-05-22,753,10935,11688
415,2018-05-23,807,10820,11627
415,2018-05-25,811,11007,11818
415,2018-05-26,315,8438,8753
415,2018-05-27,86,6093,6179
415,2018-05-28,747,11584,12331
415,2018-05-29,843,13013,13856
415,2018-05-30,844,12882,13726
415,2018-05-31,820,14264,15084
415,2018-06-01,740,12984,13724
415,2018-06-02,384,10314,10698
415,2018-06-03,134,7686,7820
415,2018-06-04,793,11897,12690
415,2018-06-05,830,12700,13530
415,2018-06-06,749,12162,12911
415,2018-06-08,909,12389,13298
415,2018-06-09,280,10364,10644
415,2018-06-10,108,7034,7142
415,2018-06-11,694,11975,12669
415,2018-06-12,684,12743,13427
415,2018-06-13,808,12348,13156
415,2018-06-14,925,14044,14969
415,2018-06-15,869,13252,14121
415,2018-06-16,391,10079,10470
415,2018-06-17,112,6508,6620
415,2018-06-18,828,12019,12847
415,2018-06-19,908,12918,13826
415,2018-06-20,784,14531,15315
415,2018-06-22,870,12652,13522
415,2018-06-23,118,6434,6552
415,2018-06-24,110,6757,6867
415,2018-06-25,866,12284,13150
415,2018-06-26,818,12916,13734
415,2018-06-27,1009,12498,13507
415,2018-06-28,832,12804,13636
415,2018-06-29,892,12852,13744
415,2018-06-30,306,10023,10329
415,2018-07-01,150,7649,7799
415,2018-07-02,796,11679,12475
415,2018-07-03,791,12660,13451
415,2018-07-04,844,12390,13234
415,2018-07-06,837,12378,13215
415,2018-07-07,344,9337,9681
415,2018-07-08,92,7314,7406
415,2018-07-09,872,11576,12448
415,2018-07-10,910,12132,13042
415,2018-07-11,812,11997,12809
415,2018-07-12,899,12472,13371
415,2018-07-13,863,12129,12992
415,2018-07-14,331,8700,9031
415,2018-07-15,152,6167,6319
415,2018-07-16,743,10876,11619
415,2018-07-17,737,11600,12337
415,2018-07-18,827,11821,12648
415,2018-07-20,745,11190,11935
415,2018-07-21,295,8121,8416
415,2018-07-22,79,5760,5839
415,2018-07-23,742,10373,11115
415,2018-07-24,736,11099,11835
415,2018-07-25,771,10783,11554
415,2018-07-26,630,10726,11356
415,2018-07-27,475,10323,10798
415,2018-07-28,227,7659,7886
415,2018-07-29,91,5387,5478
415,2018-07-30,476,9258,9734
415,2018-07-31,463,9744,10207
415,2018-08-01,461,9492,9953
415,2018-08-03,415,8988,9403
415,2018-08-04,139,6863,7002
415,2018-08-05,56,4891,4947
415,2018-08-06,370,8429,8799
415,2018-08-07,324,8430,8754
415,2018-08-08,312,8772,9084
415,2018-08-09,358,8790,9148
415,2018-08-10,461,8652,9113
415,2018-08-11,170,6408,6578
415,2018-08-12,73,4665,4738
415,2018-08-13,298,8118,8416
415,2018-08-14,433,8699,9132
415,2018-08-15,63,4318,4381
415,2018-08-16,407,8373,8780
415,2018-08-17,429,8296,8725
415,2018-08-18,171,6461,6632
415,2018-08-19,153,4920,5073
415,2018-08-20,555,8766,9321
415,2018-08-21,529,9490,10019
415,2018-08-22,542,9296,9838
415,2018-08-23,584,9253,9837
415,2018-08-24,624,9404,10028
415,2018-08-25,301,7251,7552
415,2018-08-26,157,5315,5472
415,2018-08-27,586,9396,9982
415,2018-08-28,730,9860,10590
415,2018-08-29,606,9288,9894
415,2018-08-31,662,10135,10797
415,2018-09-01,402,7942,8344
415,2018-09-02,134,5513,5647
415,2018-09-03,736,9797,10533
415,2018-09-04,829,10641,11470
415,2018-09-05,751,10470,11221
415,2018-09-06,753,10762,11515
415,2018-09-07,743,10686,11429
415,2018-09-08,327,8336,8663
415,2018-09-09,82,6011,6093
415,2018-09-10,719,10758,11477
415,2018-09-11,785,11532,12317
415,2018-09-12,807,11066,11873
415,2018-09-14,805,11679,12484
415,2018-09-15,405,9489,9894
415,2018-09-16,137,6595,6732
415,2018-09-17,871,11178,12049
415,2018-09-18,839,12220,13059
415,2018-09-19,817,11894,12711
415,2018-09-20,898,12295,13193
415,2018-09-21,887,12236,13123
415,2018-09-22,333,9788,10121
415,2018-09-23,84,5526,5610
415,2018-09-24,852,11429,12281
415,2018-09-25,942,12536,13478
415,2018-09-26,998,12067,13065
415,2018-09-28,900,12380,13280
415,2018-09-29,337,10427,10764
415,2018-09-30,123,7172,7295
415,2018-10-01,891,11433,12324
415,2018-10-02,891,12500,13391
415,2018-10-03,837,12319,13156
415,2018-10-04,912,12583,13495
415,2018-10-05,967,12377,13344
415,2018-10-06,312,9937,10249
415,2018-10-07,117,6986,7103
415,2018-10-08,941,11635,12576
415,2018-10-09,899,12359,13258
415,2018-10-10,810,12293,13103
415,2018-10-12,858,12427,13285
415,2018-10-13,363,10358,10721
415,2018-10-14,124,7074,7198
415,2018-10-15,964,11699,12663
415,2018-10-16,1047,13622,14669
415,2018-10-17,969,13754,14723
415,2018-10-18,938,13219,14157
415,2018-10-19,872,12512,13384
415,2018-10-20,286,9775,10061
415,2018-10-21,115,6636,6751
415,2018-10-22,886,11459,12345
415,2018-10-23,881,12295,13176
415,2018-10-24,861,12373,13234
415,2018-10-26,891,12404,13295
415,2018-10-27,351,9098,9449
415,2018-10-28,150,5365,5515
415,2018-10-29,741,10256,10997
415,2018-10-30,556,10605,11161
415,2018-10-31,695,11142,11837
415,2018-11-02,342,9646,9988
415,2018-11-03,234,7967,8201
415,2018-11-04,98,5608,5706
415,2018-11-05,776,11516,12292
415,2018-11-06,817,12761,13578
415,2018-11-07,879,12519,13398
415,2018-11-30,857,12473,13330
415,2018-12-01,276,10097,10373
415,2018-12-02,82,6129,6211
415,2018-12-03,568,11996,12564
415,2018-12-04,838,12788,13626
415,2018-12-05,904,12347,13251
415,2018-12-06,760,12421,13181
415,2018-12-07,800,12866,13666
415,2018-12-08,170,9914,10084
415,2018-12-09,58,6002,6060
415,2018-12-10,858,11654,12512
415,2018-12-11,965,12598,13563
415,2018-12-12,850,12395,13245
415,2018-12-14,1019,12456,13475
415,2018-12-15,292,9983,10275
415,2018-12-16,97,5277,5374
415,2018-12-17,751,11885,12636
415,2018-12-18,890,13136,14026
415,2018-12-19,801,14108,14909
415,2018-12-20,704,13581,14285
415,2018-12-21,482,12833,13315
415,2018-12-22,166,8876,9042
415,2018-12-23,78,5713,5791
415,2018-12-24,214,7806,8020
415,2018-12-25,73,4138,4211
415,2018-12-26,83,4281,4364
415,2018-12-27,345,8187,8532
415,2018-12-28,355,8206,8561
415,2018-12-29,161,6708,6869
415,2018-12-30,69,4849,4918
415,2018-12-31,211,6934,7145
416,2018-01-01,48,6342,6390
416,2018-01-02,207,14376,14583
416,2018-01-03,210,14430,14640
416,2018-01-05,260,17246,17506
416,2018-01-06,84,12900,12984
416,2018-01-07,28,8819,8847
416,2018-01-08,401,18680,19081
416,2018-01-09,415,19818,20233
416,2018-01-10,476,19466,19942
416,2018-01-12,428,20453,20881
416,2018-01-13,111,14297,14408
416,2018-01-14,31,9012,9043
416,2018-01-15,568,18938,19506
416,2018-01-16,403,19930,20333
416,2018-01-17,443,18881,19324
416,2018-01-18,467,19760,20227
416,2018-01-19,471,20354,20825
416,2018-01-20,98,13885,13983
416,2018-01-21,24,8806,8830
416,2018-01-22,472,19310,19782
416,2018-01-23,472,20789,21261
416,2018-01-24,426,20441,20867
416,2018-01-26,447,21199,21646
416,2018-01-27,109,14817,14926
416,2018-01-28,18,9187,9205
416,2018-01-29,490,19766,20256
416,2018-01-30,486,20048,20534
416,2018-01-31,504,19610,20114
416,2018-02-01,454,20679,21133
416,2018-02-02,469,20238,20707
416,2018-02-03,101,14352,14453
416,2018-02-04,36,8392,8428
416,2018-02-05,413,18990,19403
416,2018-02-06,357,16544,16901
416,2018-02-07,368,18768,19136
416,2018-02-09,356,19569,19925
416,2018-02-10,102,11725,11827
416,2018-02-11,39,6901,6940
416,2018-02-12,320,15770,16090
416,2018-02-13,380,17310,17690
416,2018-02-14,381,17223,17604
416,2018-02-15,385,16317,16702
416,2018-02-16,450,17870,18320
416,2018-02-17,117,11817,11934
416,2018-02-18,25,8330,8355
416,2018-02-19,502,18763,19265
416,2018-02-20,476,20067,20543
416,2018-02-21,527,20500,21027
416,2018-02-23,518,20919,21437
416,2018-02-24,100,14717,14817
416,2018-02-25,41,9095,9136
416,2018-02-26,451,19078,19529
416,2018-02-27,386,19398,19784
416,2018-02-28,401,19400,19801
416,2018-03-01,375,20002,20377
416,2018-03-02,420,16284,16704
416,2018-03-03,85,13254,13339
416,2018-03-04,49,8898,8947
416,2018-03-05,416,18710,19126
416,2018-03-06,487,20394,20881
416,2018-03-07,486,20120,20606
416,2018-03-09,529,20705,21234
416,2018-03-10,118,14501,14619
416,2018-03-11,31,9371,9402
416,2018-03-12,560,19721,20281
416,2018-03-13,471,20913,21384
416,2018-03-14,507,20630,21137
416,2018-03-15,634,20766,21400
416,2018-03-16,521,21105,21626
416,2018-03-17,162,14415,14577
416,2018-03-18,36,8723,8759
416,2018-03-19,526,19217,19743
416,2018-03-20,547,20673,21220
416,2018-03-21,520,20658,21178
416,2018-03-22,560,20762,21322
416,2018-03-23,520,21471,21991
416,2018-03-24,169,15191,15360
416,2018-03-26,498,19598,20096
416,2018-03-27,514,21052,21566
416,2018-03-28,712,21018,21730
416,2018-03-31,142,12961,13103
416,2018-04-01,30,8146,8176
416,2018-04-02,30,7237,7267
416,2018-04-03,562,17946,18508
416,2018-04-04,532,17664,18196
416,2018-04-05,480,18037,18517
416,2018-04-06,531,18213,18744
416,2018-04-07,133,12178,12311
416,2018-04-08,19,8827,8846
416,2018-04-09,540,18143,18683
416,2018-04-10,532,19569,20101
416,2018-04-11,506,19369,19875
416,2018-04-13,561,20413,20974
416,2018-04-14,127,14198,14325
416,2018-04-15,44,10029,10073
416,2018-04-16,554,20459,21013
416,2018-04-17,511,21765,22276
416,2018-04-18,512,21820,22332
416,2018-04-19,551,23054,23605
416,2018-04-20,583,22994,23577
416,2018-04-21,181,16446,16627
416,2018-04-22,46,10073,10119
416,2018-04-23,479,20929,21408
416,2018-04-24,565,22426,22991
416,2018-04-25,585,21603,22188
416,2018-04-27,586,22870,23456
416,2018-04-28,146,15200,15346
416,2018-04-29,36,8786,8822
416,2018-04-30,328,17496,17824
416,2018-05-01,41,8643,8684
416,2018-05-02,580,21195,21775
416,2018-05-03,572,22716,23288
416,2018-05-04,576,22916,23492
416,2018-05-05,214,15923,16137
416,2018-05-06,44,10390,10434
416,2018-05-07,556,20864,21420
416,2018-05-08,548,22327,22875
416,2018-05-09,556,22443,22999
416,2018-05-11,372,18720,19092
416,2018-05-12,141,15221,15362
416,2018-05-13,40,9660,9700
416,2018-05-14,598,20314,20912
416,2018-05-15,568,21924,22492
416,2018-05-16,594,21612,22206
416,2018-05-17,567,22811,23378
416,2018-05-18,684,22634,23318
416,2018-05-19,194,14056,14250
416,2018-05-20,32,8550,8582
416,2018-05-21,46,7844,7890
416,2018-05-22,640,19517,20157
416,2018-05-23,716,19020,19736
416,2018-05-25,555,20044,20599
416,2018-05-26,145,13630,13775
416,2018-05-27,63,9243,9306
416,2018-05-28,604,18006,18610
416,2018-05-29,553,21950,22503
416,2018-05-30,674,21372,22046
416,2018-05-31,716,21884,22600
416,2018-06-01,638,22258,22896
416,2018-06-02,192,16920,17112
416,2018-06-03,56,12055,12111
416,2018-06-04,576,21103,21679
416,2018-06-05,579,21647,22226
416,2018-06-06,670,21138,21808
416,2018-06-08,582,22391,22973
416,2018-06-09,228,17632,17860
416,2018-06-10,32,11646,11678
416,2018-06-11,656,21114,21770
416,2018-06-12,586,21612,22198
416,2018-06-13,536,21172,21708
416,2018-06-14,540,21554,22094
416,2018-06-15,619,22406,23025
416,2018-06-16,228,16824,17052
416,2018-06-17,65,10639,10704
416,2018-06-18,555,19893,20448
416,2018-06-19,598,21115,21713
416,2018-06-20,550,20440,20990
416,2018-06-22,638,21315,21953
416,2018-06-23,50,10133,10183
416,2018-06-24,55,10203,10258
416,2018-06-25,599,20645,21244
416,2018-06-26,593,21728,22321
416,2018-06-27,592,21307,21899
416,2018-06-28,646,22282,22928
416,2018-06-29,620,22252,22872
416,2018-06-30,187,15184,15371
416,2018-07-01,52,11938,11990
416,2018-07-02,526,20201,20727
416,2018-07-03,519,21283,21802
416,2018-07-04,652,21022,21674
416,2018-07-06,543,21900,22443
416,2018-07-07,187,15384,15571
416,2018-07-08,53,11562,11615
416,2018-07-09,551,21345,21896
416,2018-07-10,563,22524,23087
416,2018-07-11,533,21280,21813
416,2018-07-12,536,21578,22114
416,2018-07-13,626,21245,21871
416,2018-07-14,164,14265,14429
416,2018-07-15,40,9130,9170
416,2018-07-16,516,19304,19820
416,2018-07-17,565,19952,20517
416,2018-07-18,546,19954,20500
416,2018-07-20,541,20086,20627
416,2018-07-21,173,13123,13296
416,2018-07-22,50,8939,8989
416,2018-07-23,528,18876,19404
416,2018-07-24,519,19833,20352
416,2018-07-25,528,19445,19973
416,2018-07-26,421,18911,19332
416,2018-07-27,335,18309,18644
416,2018-07-28,109,11799,11908
416,2018-07-29,37,7977,8014
416,2018-07-30,278,15950,16228
416,2018-07-31,217,11919,12136
416,2018-08-01,304,15476,15780
416,2018-08-03,216,11966,12182
416,2018-08-04,83,10561,10644
416,2018-08-05,30,7695,7725
416,2018-08-06,203,10616,10819
416,2018-08-07,284,13604,13888
416,2018-09-15,247,15542,15789
416,2018-09-16,63,10861,10924
416,2018-09-17,556,19106,19662
416,2018-09-18,589,19961,20550
416,2018-09-19,585,19700,20285
416,2018-09-20,631,20675,21306
416,2018-09-21,584,20340,20924
416,2018-09-22,174,16448,16622
416,2018-09-23,47,8610,8657
416,2018-09-24,498,19361,19859
416,2018-09-25,609,20512,21121
416,2018-09-26,589,20518,21107
416,2018-09-28,610,21243,21853
416,2018-09-29,161,16254,16415
416,2018-09-30,63,11312,11375
416,2018-10-01,551,19613,20164
416,2018-10-02,638,20642,21280
416,2018-10-03,555,20357,20912
416,2018-10-04,636,21208,21844
416,2018-10-05,621,21181,21802
416,2018-10-06,171,15779,15950
416,2018-10-07,36,11136,11172
416,2018-10-08,630,19454,20084
416,2018-10-09,649,20434,21083
416,2018-10-10,585,20582,21167
416,2018-10-12,650,21125,21775
416,2018-10-13,192,15839,16031
416,2018-10-14,38,10547,10585
416,2018-10-15,638,20056,20694
416,2018-10-16,734,22090,22824
416,2018-10-17,731,21149,21880
416,2018-10-18,705,22013,22718
416,2018-10-19,701,21654,22355
416,2018-10-20,135,13508,13643
416,2018-10-21,38,9574,9612
416,2018-10-22,611,19693,20304
416,2018-10-23,640,20483,21123
416,2018-10-24,597,20208,20805
416,2018-11-09,611,21200,21811
416,2018-11-10,252,17350,17602
416,2018-11-11,32,10128,10160
416,2018-11-12,774,19778,20552
416,2018-11-13,587,20952,21539
416,2018-11-14,565,21585,22150
416,2018-11-15,574,21687,22261
416,2018-11-16,556,20750,21306
416,2018-11-17,126,16769,16895
416,2018-11-18,43,11077,11120
416,2018-11-19,636,19678,20314
416,2018-11-20,606,20099,20705
416,2018-11-21,549,20570,21119
416,2018-11-22,546,21476,22022
416,2018-11-23,555,22135,22690
416,2018-11-24,234,16064,16298
416,2018-11-25,30,9724,9754
416,2018-11-26,527,19883,20410
416,2018-11-27,517,20751,21268
416,2018-11-28,539,20210,20749
416,2018-11-30,672,20752,21424
416,2018-12-01,124,15143,15267
416,2018-12-02,36,9538,9574
416,2018-12-03,634,19476,20110
416,2018-12-04,519,21222,21741
416,2018-12-05,670,20810,21480
416,2018-12-06,584,20758,21342
416,2018-12-07,630,20770,21400
416,2018-12-08,168,14544,14712
416,2018-12-09,39,9249,9288
416,2018-12-10,515,20106,20621
416,2018-12-11,586,21478,22064
416,2018-12-12,509,20840,21349
416,2018-12-14,598,21847,22445
416,2018-12-15,134,15109,15243
416,2018-12-16,43,8282,8325
416,2018-12-17,578,20108,20686
416,2018-12-18,642,22116,22758
416,2018-12-19,616,20864,21480
416,2018-12-20,466,21837,22303
416,2018-12-21,380,20668,21048
416,2018-12-22,96,13156,13252
416,2018-12-23,61,8537,8598
416,2018-12-24,138,11498,11636
416,2018-12-25,14,6251,6265
416,2018-12-26,27,6325,6352
416,2018-12-27,154,12776,12930
416,2018-12-28,161,12924,13085
416,2018-12-29,68,10134,10202
416,2018-12-30,27,7301,7328
416,2018-12-31,116,10489,10605
417,2018-01-01,10,1608,1618
417,2018-01-02,92,3547,3639
417,2018-01-03,106,3930,4036
417,2018-01-05,126,4278,4404
417,2018-01-06,33,3086,3119
417,2018-01-07,11,1948,1959
417,2018-01-08,127,4512,4639
417,2018-01-09,140,4888,5028
417,2018-01-10,127,4886,5013
417,2018-01-12,125,4960,5085
417,2018-01-13,51,3393,3444
417,2018-01-14,13,2264,2277
417,2018-01-15,166,4622,4788
417,2018-01-16,150,5050,5200
417,2018-01-17,178,4858,5036
417,2018-01-18,196,4814,5010
417,2018-01-19,133,4871,5004
417,2018-01-20,39,2912,2951
417,2018-01-21,14,2151,2165
417,2018-01-22,174,4790,4964
417,2018-01-23,138,5275,5413
417,2018-01-24,125,5062,5187
417,2018-01-26,125,5440,5565
417,2018-01-27,41,3440,3481
417,2018-01-28,12,2301,2313
417,2018-01-29,132,5141,5273
417,2018-01-30,153,5028,5181
417,2018-01-31,196,5240,5436
417,2018-02-01,130,5104,5234
417,2018-02-02,141,4931,5072
417,2018-02-03,38,3375,3413
417,2018-02-04,14,1994,2008
417,2018-02-05,143,4566,4709
417,2018-02-06,139,4153,4292
417,2018-02-07,125,4496,4621
417,2018-02-09,128,4656,4784
417,2018-02-10,45,2761,2806
417,2018-02-11,17,1872,1889
417,2018-02-12,126,3684,3810
417,2018-02-13,136,4235,4371
417,2018-02-14,131,4195,4326
417,2018-02-15,138,4124,4262
417,2018-02-16,103,4485,4588
417,2018-02-17,42,2829,2871
417,2018-02-18,11,2041,2052
417,2018-02-19,135,4743,4878
417,2018-02-20,136,5191,5327
417,2018-02-21,156,5118,5274
417,2018-02-23,158,5076,5234
417,2018-02-24,51,3190,3241
417,2018-02-25,17,2345,2362
417,2018-02-26,158,4771,4929
417,2018-02-27,150,4858,5008
417,2018-02-28,145,4803,4948
417,2018-03-01,178,4964,5142
417,2018-03-02,148,4422,4570
417,2018-03-03,42,2951,2993
417,2018-03-04,40,2212,2252
417,2018-03-05,124,4724,4848
417,2018-03-06,159,5091,5250
417,2018-03-07,144,5105,5249
417,2018-03-09,118,5258,5376
417,2018-03-10,35,3353,3388
417,2018-03-11,22,2284,2306
417,2018-03-12,216,4876,5092
417,2018-03-13,178,5238,5416
417,2018-03-14,142,5166,5308
417,2018-03-15,126,4944,5070
417,2018-03-16,112,5128,5240
417,2018-03-17,51,3237,3288
417,2018-03-18,16,2147,2163
417,2018-03-19,131,4836,4967
417,2018-03-20,158,5069,5227
417,2018-03-21,125,5123,5248
417,2018-03-22,166,5057,5223
417,2018-03-23,144,5093,5237
417,2018-03-24,49,3739,3788
417,2018-03-26,153,4807,4960
417,2018-03-27,138,5090,5228
417,2018-03-28,200,5304,5504
417,2018-03-31,52,3167,3219
417,2018-04-01,14,2218,2232
417,2018-04-02,16,2614,2630
417,2018-04-03,202,5476,5678
417,2018-04-04,164,5440,5604
417,2018-04-05,222,5380,5602
417,2018-04-06,148,5263,5411
417,2018-04-07,54,3168,3222
417,2018-04-08,11,2549,2560
417,2018-04-09,131,4577,4708
417,2018-04-10,133,4694,4827
417,2018-04-11,112,4591,4703
417,2018-04-13,153,4972,5125
417,2018-04-14,46,3453,3499
417,2018-04-15,11,2454,2465
417,2018-04-16,111,4352,4463
417,2018-04-17,131,4703,4834
417,2018-04-18,158,4981,5139
417,2018-04-19,142,5216,5358
417,2018-04-20,135,5204,5339
417,2018-04-21,52,3841,3893
417,2018-04-22,13,2761,2774
417,2018-04-23,149,4905,5054
417,2018-04-24,155,5327,5482
417,2018-04-25,230,5310,5540
417,2018-04-27,143,5383,5526
417,2018-04-28,60,3623,3683
417,2018-04-29,10,2404,2414
417,2018-04-30,144,4354,4498
417,2018-05-01,19,2181,2200
417,2018-05-02,35,1697,1732
417,2018-05-03,11,988,999
417,2018-05-04,31,2278,2309
417,2018-05-05,34,3742,3776
417,2018-05-06,9,2789,2798
417,2018-05-07,179,4977,5156
417,2018-05-08,181,5316,5497
417,2018-05-09,167,5482,5649
417,2018-05-11,137,4551,4688
417,2018-05-12,61,3339,3400
417,2018-05-13,12,2274,2286
417,2018-05-14,200,5220,5420
417,2018-05-15,168,5550,5718
417,2018-05-16,162,5044,5206
417,2018-05-17,177,5434,5611
417,2018-05-18,198,5527,5725
417,2018-05-19,64,3440,3504
417,2018-05-20,16,2094,2110
417,2018-05-21,14,2196,2210
417,2018-05-22,140,4747,4887
417,2018-05-23,163,4909,5072
417,2018-05-25,148,4888,5036
417,2018-05-26,77,3516,3593
417,2018-05-27,13,2419,2432
417,2018-05-28,186,5248,5434
417,2018-05-29,160,5173,5333
417,2018-05-30,226,5438,5664
417,2018-05-31,258,5700,5958
417,2018-06-01,184,5688,5872
417,2018-06-02,78,4157,4235
417,2018-06-03,20,3026,3046
417,2018-06-04,158,5095,5253
417,2018-06-05,164,5453,5617
417,2018-06-06,200,5450,5650
417,2018-06-08,176,5330,5506
417,2018-06-09,76,3816,3892
417,2018-06-10,14,2748,2762
417,2018-06-11,149,5244,5393
417,2018-06-12,151,5223,5374
417,2018-06-13,164,5327,5491
417,2018-06-14,194,5512,5706
417,2018-06-15,142,5429,5571
417,2018-06-16,76,3677,3753
417,2018-06-17,12,2641,2653
417,2018-06-18,134,7521,7655
417,2018-06-19,127,8009,8136
417,2018-06-20,136,7929,8065
417,2018-06-22,150,5120,5270
417,2018-06-23,17,2717,2734
417,2018-06-24,21,2783,2804
417,2018-06-25,173,4989,5162
417,2018-06-26,169,5422,5591
417,2018-06-27,161,5257,5418
417,2018-06-28,164,5422,5586
417,2018-06-29,161,5857,6018
417,2018-06-30,63,4751,4814
417,2018-07-01,15,3285,3300
417,2018-07-02,194,5066,5260
417,2018-07-03,172,5331,5503
417,2018-07-04,183,5256,5439
417,2018-07-06,132,5417,5549
417,2018-07-07,79,3846,3925
417,2018-07-08,11,2926,2937
417,2018-07-09,190,5527,5717
417,2018-07-10,144,5813,5957
417,2018-07-11,145,5749,5894
417,2018-07-12,149,5409,5558
417,2018-07-13,172,5534,5706
417,2018-07-14,50,3651,3701
417,2018-07-15,16,1566,1582
417,2018-07-16,132,5080,5212
417,2018-07-17,137,5203,5340
417,2018-07-18,129,5470,5599
417,2018-07-20,159,5340,5499
417,2018-07-21,60,3927,3987
417,2018-07-22,11,2695,2706
417,2018-07-23,142,4920,5062
417,2018-07-24,130,5068,5198
417,2018-07-25,140,5059,5199
417,2018-07-26,130,4682,4812
417,2018-07-27,142,4354,4496
417,2018-07-28,54,3164,3218
417,2018-07-29,25,2417,2442
417,2018-07-30,102,3887,3989
417,2018-07-31,88,4078,4166
417,2018-08-01,101,4120,4221
417,2018-08-03,103,4052,4155
417,2018-08-04,51,2819,2870
417,2018-08-05,12,2488,2500
417,2018-08-06,101,3661,3762
417,2018-08-07,144,3632,3776
417,2018-08-08,120,3878,3998
417,2018-08-09,120,3608,3728
417,2018-08-10,105,3754,3859
417,2018-08-11,58,2763,2821
417,2018-08-12,18,2547,2565
417,2018-08-13,108,3514,3622
417,2018-08-14,83,3663,3746
417,2018-08-15,9,1898,1907
417,2018-08-16,92,3615,3707
417,2018-08-17,146,3670,3816
417,2018-08-18,55,2785,2840
417,2018-08-19,12,2300,2312
417,2018-08-20,141,3885,4026
417,2018-08-21,121,4302,4423
417,2018-08-22,121,4219,4340
417,2018-08-23,135,4086,4221
417,2018-08-24,133,4140,4273
417,2018-08-25,89,3218,3307
417,2018-08-26,18,2466,2484
417,2018-08-27,146,4456,4602
417,2018-08-28,132,4632,4764
417,2018-08-29,172,4766,4938
417,2018-08-31,132,4618,4750
417,2018-09-01,87,3402,3489
417,2018-09-02,14,2386,2400
417,2018-09-03,148,4509,4657
417,2018-09-04,142,4553,4695
417,2018-09-05,151,4623,4774
417,2018-09-06,145,4688,4833
417,2018-09-07,139,4808,4947
417,2018-09-08,58,3432,3490
417,2018-09-09,26,2722,2748
417,2018-09-10,129,4782,4911
417,2018-09-11,133,4916,5049
417,2018-09-12,132,4958,5090
417,2018-09-14,146,5043,5189
417,2018-09-15,79,3832,3911
417,2018-09-16,13,3034,3047
417,2018-09-17,167,4871,5038
417,2018-09-18,140,5208,5348
417,2018-09-19,146,5124,5270
417,2018-09-20,201,5119,5320
417,2018-09-21,240,5288,5528
417,2018-09-22,56,3292,3348
417,2018-09-23,10,2092,2102
417,2018-09-24,133,4999,5132
417,2018-09-25,142,5158,5300
417,2018-09-26,145,5396,5541
417,2018-09-28,157,5560,5717
417,2018-09-29,68,3895,3963
417,2018-09-30,13,2928,2941
417,2018-10-01,161,5064,5225
417,2018-10-02,138,5140,5278
417,2018-10-03,174,5204,5378
417,2018-10-04,148,5219,5367
417,2018-10-05,145,5340,5485
417,2018-10-06,51,3852,3903
417,2018-10-07,7,2832,2839
417,2018-10-08,173,4960,5133
417,2018-10-09,156,5328,5484
417,2018-10-10,157,5266,5423
417,2018-10-12,161,5350,5511
417,2018-10-13,48,3721,3769
417,2018-10-14,13,2565,2578
417,2018-10-15,146,4889,5035
417,2018-10-16,161,5405,5566
417,2018-10-17,162,5347,5509
417,2018-10-18,138,5372,5510
417,2018-10-19,153,5405,5558
417,2018-10-20,45,3570,3615
417,2018-10-21,28,2665,2693
417,2018-10-22,156,4997,5153
417,2018-10-23,146,5198,5344
417,2018-10-24,146,5198,5344
417,2018-10-26,168,5406,5574
417,2018-10-27,83,3554,3637
417,2018-10-28,7,2386,2393
417,2018-10-29,164,4955,5119
417,2018-10-30,178,4920,5098
417,2018-10-31,132,5295,5427
417,2018-11-02,85,3966,4051
417,2018-11-03,42,3023,3065
417,2018-11-04,7,2350,2357
417,2018-11-05,143,5019,5162
417,2018-11-06,140,5192,5332
417,2018-11-07,136,5157,5293
417,2018-11-09,143,5362,5505
417,2018-11-10,60,3634,3694
417,2018-11-11,25,2454,2479
417,2018-11-12,188,5146,5334
417,2018-11-13,138,5181,5319
417,2018-11-14,164,5160,5324
417,2018-11-15,130,5281,5411
417,2018-11-16,134,5348,5482
417,2018-11-17,46,3356,3402
417,2018-11-18,10,2256,2266
417,2018-11-19,167,4832,4999
417,2018-11-20,160,5018,5178
417,2018-11-21,123,5031,5154
417,2018-11-22,136,5233,5369
417,2018-11-23,110,4968,5078
417,2018-11-24,41,3450,3491
417,2018-11-25,10,2432,2442
417,2018-11-26,136,4588,4724
417,2018-11-27,149,5110,5259
417,2018-11-28,124,4700,4824
417,2018-11-30,122,5242,5364
417,2018-12-01,41,3264,3305
417,2018-12-02,14,2252,2266
417,2018-12-03,150,5058,5208
417,2018-12-04,180,5260,5440
417,2018-12-05,167,5080,5247
417,2018-12-06,117,4973,5090
417,2018-12-07,166,5394,5560
417,2018-12-08,70,3278,3348
417,2018-12-09,8,2048,2056
417,2018-12-10,128,4886,5014
417,2018-12-11,150,5240,5390
417,2018-12-12,139,4943,5082
417,2018-12-14,129,5118,5247
417,2018-12-15,44,3339,3383
417,2018-12-16,7,1872,1879
417,2018-12-17,147,4882,5029
417,2018-12-18,140,5118,5258
417,2018-12-19,200,5306,5506
417,2018-12-20,166,5118,5284
417,2018-12-21,168,4772,4940
417,2018-12-22,38,2990,3028
417,2018-12-23,55,2270,2325
417,2018-12-24,78,2718,2796
417,2018-12-25,7,1842,1849
417,2018-12-26,5,1824,1829
417,2018-12-27,68,3050,3118
417,2018-12-28,63,3071,3134
417,2018-12-29,47,2445,2492
417,2018-12-30,24,1748,1772
417,2018-12-31,56,2472,2528
419,2018-01-01,252,1769,2021
419,2018-01-02,70,4940,5010
419,2018-01-03,87,5130,5217
419,2018-01-04,58,5857,5915
419,2018-01-05,67,5987,6054
419,2018-01-07,17,3021,3038
419,2018-01-08,77,6545,6622
419,2018-01-09,133,6651,6784
419,2018-01-10,84,6790,6874
419,2018-01-11,76,6764,6840
419,2018-01-12,96,6736,6832
419,2018-01-14,12,2628,2640
419,2018-01-15,80,6316,6396
419,2018-01-16,56,6784,6840
419,2018-01-17,100,6705,6805
419,2018-01-18,148,6660,6808
419,2018-01-19,66,6776,6842
419,2018-01-20,32,4082,4114
419,2018-01-21,10,2261,2271
419,2018-01-22,73,5882,5955
419,2018-01-23,107,6093,6200
419,2018-01-24,74,6181,6255
419,2018-01-25,74,6461,6535
419,2018-01-26,109,6302,6411
419,2018-01-28,5,2567,2572
419,2018-01-29,57,6107,6164
419,2018-01-30,93,6593,6686
419,2018-01-31,76,6800,6876
419,2018-02-01,88,7018,7106
419,2018-02-02,72,6632,6704
419,2018-02-03,35,4257,4292
419,2018-02-04,6,2210,2216
419,2018-02-05,88,6250,6338
419,2018-02-06,70,5702,5772
419,2018-02-07,60,6281,6341
419,2018-02-08,76,6374,6450
419,2018-02-09,62,6310,6372
419,2018-02-10,32,3456,3488
419,2018-02-12,47,4978,5025
419,2018-02-13,69,5490,5559
419,2018-02-14,58,5650,5708
419,2018-02-15,44,5194,5238
419,2018-02-16,60,5554,5614
419,2018-02-17,38,3653,3691
419,2018-02-18,10,2158,2168
419,2018-02-19,100,6240,6340
419,2018-02-20,98,6617,6715
419,2018-02-21,80,6951,7031
419,2018-02-22,105,6724,6829
419,2018-02-23,92,6826,6918
419,2018-02-24,52,4965,5017
419,2018-02-26,91,6465,6556
419,2018-02-27,98,6472,6570
419,2018-02-28,78,6461,6539
419,2018-03-01,108,6542,6650
419,2018-03-02,105,5936,6041
419,2018-03-03,31,4259,4290
419,2018-03-04,18,2388,2406
419,2018-03-05,84,6557,6641
419,2018-03-06,97,7049,7146
419,2018-03-07,74,7021,7095
419,2018-03-08,54,6926,6980
419,2018-03-09,77,7049,7126
419,2018-03-10,37,4556,4593
419,2018-03-11,8,2776,2784
419,2018-03-13,84,7398,7482
419,2018-03-14,94,7311,7405
419,2018-03-15,79,7148,7227
419,2018-03-16,68,7203,7271
419,2018-03-17,52,4665,4717
419,2018-03-18,2,2254,2256
419,2018-03-19,72,6564,6636
419,2018-03-20,74,7130,7204
419,2018-03-21,78,7213,7291
419,2018-03-22,138,6734,6872
419,2018-03-23,110,7287,7397
419,2018-03-24,36,4814,4850
419,2018-03-31,59,4084,4143
419,2018-04-01,15,2370,2385
419,2018-04-03,89,6617,6706
419,2018-04-04,70,6546,6616
419,2018-04-05,116,6543,6659
419,2018-04-06,100,6346,6446
419,2018-04-07,44,4143,4187
419,2018-04-08,16,2998,3014
419,2018-04-09,87,6248,6335
419,2018-04-10,99,6834,6933
419,2018-04-11,93,6801,6894
419,2018-04-12,97,6610,6707
419,2018-04-13,100,6669,6769
419,2018-04-14,34,4143,4177
419,2018-04-15,14,2905,2919
419,2018-04-17,123,7736,7859
419,2018-04-18,81,7736,7817
419,2018-04-19,86,7739,7825
419,2018-04-20,82,7818,7900
419,2018-04-21,41,5105,5146
419,2018-04-22,7,3326,3333
419,2018-04-23,119,7033,7152
419,2018-04-24,168,7630,7798
419,2018-04-25,135,7502,7637
419,2018-04-26,120,7761,7881
419,2018-04-27,143,7979,8122
419,2018-04-28,56,4748,4804
419,2018-04-29,8,2666,2674
419,2018-04-30,64,5590,5654
419,2018-05-02,161,9161,9322
419,2018-05-03,177,9679,9856
419,2018-05-04,173,9469,9642
419,2018-05-05,60,5229,5289
419,2018-05-06,18,3502,3520
419,2018-05-07,54,7460,7514
419,2018-05-08,95,7659,7754
419,2018-05-09,70,7666,7736
419,2018-05-10,4,2600,2604
419,2018-05-11,89,6400,6489
419,2018-05-12,50,4661,4711
419,2018-05-13,14,2478,2492
419,2018-05-14,66,6964,7030
419,2018-05-16,97,7038,7135
419,2018-05-17,76,7903,7979
419,2018-05-18,79,7861,7940
419,2018-05-19,45,4625,4670
419,2018-05-20,NA,2984,NA
419,2018-05-21,4,2562,2566
419,2018-05-23,74,6082,6156
419,2018-05-24,78,6326,6404
419,2018-05-25,81,6870,6951
419,2018-05-26,45,4038,4083
419,2018-05-27,17,2688,2705
419,2018-05-28,66,6922,6988
419,2018-05-29,107,7332,7439
419,2018-05-30,108,7552,7660
419,2018-05-31,139,7875,8014
419,2018-06-01,72,7608,7680
419,2018-06-02,91,5847,5938
419,2018-06-03,25,4214,4239
419,2018-06-04,108,7476,7584
419,2018-06-06,103,7396,7499
419,2018-06-07,98,7731,7829
419,2018-06-08,102,7707,7809
419,2018-06-09,34,5474,5508
419,2018-06-10,17,3811,3828
419,2018-06-11,58,7032,7090
419,2018-06-12,80,7552,7632
419,2018-06-13,95,7482,7577
419,2018-06-14,90,7531,7621
419,2018-06-15,179,7595,7774
419,2018-06-16,62,6112,6174
419,2018-06-17,27,4142,4169
419,2018-06-18,68,4062,4130
419,2018-06-20,69,4404,4473
419,2018-06-21,108,7373,7481
419,2018-06-22,97,7224,7321
419,2018-06-23,13,2826,2839
419,2018-06-24,15,3521,3536
419,2018-06-25,105,7127,7232
419,2018-06-26,76,7716,7792
419,2018-06-27,83,7241,7324
419,2018-06-28,80,7886,7966
419,2018-06-29,73,7676,7749
419,2018-06-30,34,5299,5333
419,2018-07-01,23,4328,4351
419,2018-07-02,73,7361,7434
419,2018-07-03,143,7625,7768
419,2018-07-05,82,7490,7572
419,2018-07-06,92,7718,7810
419,2018-07-07,48,5484,5532
419,2018-07-08,21,3635,3656
419,2018-07-09,107,6802,6909
419,2018-07-10,68,6538,6606
419,2018-07-11,63,6647,6710
419,2018-07-12,87,7451,7538
419,2018-07-13,73,7264,7337
419,2018-07-14,36,4909,4945
419,2018-07-15,39,4429,4468
419,2018-07-16,55,6678,6733
419,2018-07-17,75,6847,6922
419,2018-07-19,75,7185,7260
419,2018-07-20,66,6977,7043
419,2018-07-21,53,4971,5024
419,2018-07-22,16,3083,3099
419,2018-07-23,67,6470,6537
419,2018-07-24,67,6716,6783
419,2018-07-25,92,6887,6979
419,2018-07-26,89,6604,6693
419,2018-07-27,59,6219,6278
419,2018-07-28,42,3928,3970
419,2018-07-29,28,2789,2817
419,2018-07-30,78,5458,5536
419,2018-07-31,75,5424,5499
419,2018-08-02,49,5277,5326
419,2018-08-03,36,5344,5380
419,2018-08-04,20,3781,3801
419,2018-08-05,9,2682,2691
419,2018-08-06,35,4882,4917
419,2018-08-07,40,4858,4898
419,2018-08-08,42,4654,4696
419,2018-08-09,44,4958,5002
419,2018-08-10,54,5091,5145
419,2018-08-11,32,3310,3342
419,2018-08-12,14,2375,2389
419,2018-08-13,24,4306,4330
419,2018-08-14,32,4825,4857
419,2018-08-15,9,2161,2170
419,2018-08-16,58,4760,4818
419,2018-08-17,56,4608,4664
419,2018-08-18,32,3312,3344
419,2018-08-19,2,2518,2520
419,2018-08-20,46,5115,5161
419,2018-08-21,62,5460,5522
419,2018-08-22,77,5397,5474
419,2018-08-23,79,5641,5720
419,2018-08-24,57,5617,5674
419,2018-08-25,44,4911,4955
419,2018-08-26,13,3350,3363
419,2018-08-27,47,5720,5767
419,2018-08-28,55,5927,5982
419,2018-08-29,74,5838,5912
419,2018-08-31,63,6602,6665
419,2018-09-01,34,5662,5696
419,2018-09-02,11,4128,4139
419,2018-09-03,78,6352,6430
419,2018-09-04,84,6333,6417
419,2018-09-05,97,6323,6420
419,2018-09-06,86,6490,6576
419,2018-09-07,64,6568,6632
419,2018-09-08,46,4895,4941
419,2018-09-09,21,3562,3583
419,2018-09-10,84,6597,6681
419,2018-09-11,88,6797,6885
419,2018-09-12,99,6889,6988
419,2018-09-14,68,7173,7241
419,2018-09-15,61,5344,5405
419,2018-09-16,17,4025,4042
419,2018-09-17,78,6839,6917
419,2018-09-18,76,7080,7156
419,2018-09-19,72,7083,7155
419,2018-09-20,77,7469,7546
419,2018-09-21,106,7500,7606
419,2018-09-22,57,5640,5697
419,2018-09-23,6,2908,2914
419,2018-09-24,96,7129,7225
419,2018-09-25,138,7315,7453
419,2018-09-26,143,7342,7485
419,2018-09-28,110,7440,7550
419,2018-09-29,39,5518,5557
419,2018-09-30,19,3819,3838
419,2018-10-01,58,7402,7460
419,2018-10-02,116,7353,7469
419,2018-10-03,104,7370,7474
419,2018-10-04,71,7729,7800
419,2018-10-05,114,7684,7798
419,2018-10-06,52,5505,5557
419,2018-10-07,29,3327,3356
419,2018-10-08,111,6894,7005
419,2018-10-09,122,7082,7204
419,2018-10-10,109,7486,7595
419,2018-10-12,76,7406,7482
419,2018-10-13,90,5230,5320
419,2018-10-14,7,3174,3181
419,2018-10-15,59,7465,7524
419,2018-10-16,96,8146,8242
419,2018-10-17,161,7646,7807
419,2018-10-18,108,7732,7840
419,2018-10-19,68,8123,8191
419,2018-10-20,36,4957,4993
419,2018-10-21,31,3663,3694
419,2018-10-22,73,6948,7021
419,2018-10-23,213,7127,7340
419,2018-10-24,70,7325,7395
419,2018-10-26,191,6897,7088
419,2018-10-27,44,4675,4719
419,2018-10-28,14,2985,2999
419,2018-10-29,75,6402,6477
419,2018-10-30,46,6146,6192
419,2018-10-31,72,6428,6500
419,2018-11-02,56,5478,5534
419,2018-11-03,38,4080,4118
419,2018-11-04,10,2523,2533
419,2018-11-05,98,6698,6796
419,2018-11-06,170,7048,7218
419,2018-11-07,88,7230,7318
419,2018-11-09,117,7407,7524
419,2018-11-10,36,5775,5811
419,2018-11-11,20,2824,2844
419,2018-11-12,106,6920,7026
419,2018-11-13,133,7328,7461
419,2018-11-14,77,7624,7701
419,2018-11-15,122,7566,7688
419,2018-11-16,135,7157,7292
419,2018-11-17,57,6025,6082
419,2018-11-18,25,3712,3737
419,2018-11-19,124,7135,7259
419,2018-11-20,143,7149,7292
419,2018-11-21,98,7158,7256
419,2018-11-22,131,7547,7678
419,2018-11-23,77,8052,8129
419,2018-11-24,29,5069,5098
419,2018-11-25,6,2946,2952
419,2018-11-26,88,7054,7142
419,2018-11-27,61,7225,7286
419,2018-11-28,78,7293,7371
419,2018-11-30,95,7286,7381
419,2018-12-01,49,4658,4707
419,2018-12-02,22,3255,3277
419,2018-12-03,48,7008,7056
419,2018-12-04,92,7449,7541
419,2018-12-05,164,7537,7701
419,2018-12-06,126,7199,7325
419,2018-12-07,121,7355,7476
419,2018-12-08,30,4466,4496
419,2018-12-09,2,3010,3012
419,2018-12-10,151,6899,7050
419,2018-12-11,150,7801,7951
419,2018-12-12,70,7279,7349
419,2018-12-14,126,7215,7341
419,2018-12-15,88,4797,4885
419,2018-12-16,11,2724,2735
419,2018-12-17,84,7142,7226
419,2018-12-18,150,7818,7968
419,2018-12-19,68,7498,7566
419,2018-12-20,81,7672,7753
419,2018-12-21,46,6984,7030
419,2018-12-22,69,4533,4602
419,2018-12-23,3,3264,3267
419,2018-12-24,38,3751,3789
419,2018-12-25,5,1785,1790
419,2018-12-26,6,1746,1752
419,2018-12-27,21,4570,4591
419,2018-12-28,41,4487,4528
419,2018-12-29,25,3465,3490
419,2018-12-30,3,2747,2750
419,2018-12-31,18,3284,3302
420,2018-01-01,20,3104,3124
420,2018-01-02,192,13362,13554
420,2018-01-03,176,13938,14114
420,2018-01-04,249,14591,14840
420,2018-01-05,236,15650,15886
420,2018-01-06,74,12246,12320
420,2018-01-07,24,7342,7366
420,2018-01-08,304,15478,15782
420,2018-01-09,311,15863,16174
420,2018-01-10,299,15427,15726
420,2018-01-11,328,16097,16425
420,2018-01-12,335,16468,16803
420,2018-01-13,82,12752,12834
420,2018-01-14,29,5803,5832
420,2018-01-15,362,15614,15976
420,2018-01-16,408,16241,16649
420,2018-01-17,330,15291,15621
420,2018-01-18,406,16672,17078
420,2018-01-19,343,16424,16767
420,2018-01-20,112,12436,12548
420,2018-01-21,17,5328,5345
420,2018-01-22,278,15291,15569
420,2018-01-23,364,15827,16191
420,2018-01-24,321,15509,15830
420,2018-01-25,315,16041,16356
420,2018-01-26,362,16556,16918
420,2018-01-27,94,13117,13211
420,2018-01-28,21,6259,6280
420,2018-01-29,356,15617,15973
420,2018-01-30,365,16522,16887
420,2018-01-31,309,15804,16113
420,2018-02-01,407,16654,17061
420,2018-02-02,390,16580,16970
420,2018-02-03,127,13385,13512
420,2018-02-04,74,5667,5741
420,2018-02-05,317,15497,15814
420,2018-02-06,372,14130,14502
420,2018-02-07,300,15471,15771
420,2018-02-08,353,16387,16740
420,2018-02-09,283,16174,16457
420,2018-02-10,93,10962,11055
420,2018-02-11,48,4269,4317
420,2018-02-12,250,12924,13174
420,2018-02-13,314,14038,14352
420,2018-02-14,284,13812,14096
420,2018-02-15,270,13055,13325
420,2018-02-16,276,13914,14190
420,2018-02-17,105,10700,10805
420,2018-02-18,41,5161,5202
420,2018-02-19,328,14967,15295
420,2018-02-20,336,15828,16164
420,2018-02-21,329,15578,15907
420,2018-02-22,346,16088,16434
420,2018-02-23,347,16557,16904
420,2018-02-24,112,12836,12948
420,2018-02-25,21,5768,5789
420,2018-02-26,309,15356,15665
420,2018-02-27,361,15779,16140
420,2018-02-28,288,15509,15797
420,2018-03-01,349,15535,15884
420,2018-03-02,331,14673,15004
420,2018-03-03,101,12905,13006
420,2018-03-04,12,5405,5417
420,2018-03-05,359,16503,16862
420,2018-03-06,335,16093,16428
420,2018-03-07,309,15951,16260
420,2018-03-08,332,16026,16358
420,2018-03-09,355,16594,16949
420,2018-03-10,83,12830,12913
420,2018-03-11,23,5890,5913
420,2018-03-12,332,15635,15967
420,2018-03-13,363,15944,16307
420,2018-03-14,282,15413,15695
420,2018-03-15,352,16325,16677
420,2018-03-16,347,16949,17296
420,2018-03-17,131,13101,13232
420,2018-03-18,34,5243,5277
420,2018-03-19,329,15751,16080
420,2018-03-20,396,16187,16583
420,2018-03-21,323,15593,15916
420,2018-03-22,378,15624,16002
420,2018-03-23,363,16357,16720
420,2018-03-24,112,13326,13438
420,2018-03-26,311,15264,15575
420,2018-03-27,302,16272,16574
420,2018-03-28,328,15902,16230
420,2018-03-29,317,16299,16616
420,2018-03-30,281,16300,16581
420,2018-03-31,96,11404,11500
420,2018-04-01,25,4151,4176
420,2018-04-02,20,4225,4245
420,2018-04-03,309,13981,14290
420,2018-04-04,344,14006,14350
420,2018-04-05,345,13937,14282
420,2018-04-06,349,14208,14557
420,2018-04-07,121,10017,10138
420,2018-04-08,14,5027,5041
420,2018-04-09,320,14564,14884
420,2018-04-10,366,15348,15714
420,2018-04-11,328,15086,15414
420,2018-04-12,348,15614,15962
420,2018-04-13,337,16539,16876
420,2018-04-14,99,12010,12109
420,2018-04-15,29,5798,5827
420,2018-04-16,359,15955,16314
420,2018-04-17,388,16876,17264
420,2018-04-18,366,16271,16637
420,2018-04-19,383,17793,18176
420,2018-04-20,403,16977,17380
420,2018-04-21,118,13013,13131
420,2018-04-22,48,5959,6007
420,2018-04-23,343,15893,16236
420,2018-04-24,402,16980,17382
420,2018-04-25,362,16333,16695
420,2018-04-26,376,16746,17122
420,2018-04-27,401,18062,18463
420,2018-04-28,119,13299,13418
420,2018-04-29,42,5510,5552
420,2018-04-30,296,16392,16688
420,2018-05-01,20,4763,4783
420,2018-05-02,372,16702,17074
420,2018-05-03,399,17124,17523
420,2018-05-04,377,17670,18047
420,2018-05-05,139,13624,13763
420,2018-05-06,51,6335,6386
420,2018-05-07,377,16261,16638
420,2018-05-08,388,17318,17706
420,2018-05-09,338,17297,17635
420,2018-05-10,25,4912,4937
420,2018-05-11,257,16053,16310
420,2018-05-12,97,11688,11785
420,2018-05-13,36,5377,5413
420,2018-05-14,364,16386,16750
420,2018-05-15,370,16565,16935
420,2018-05-16,364,16326,16690
420,2018-05-17,392,16877,17269
420,2018-05-18,407,17264,17671
420,2018-05-19,130,11183,11313
420,2018-05-20,34,4788,4822
420,2018-05-21,19,4350,4369
420,2018-05-22,281,15054,15335
420,2018-05-23,346,14777,15123
420,2018-05-24,270,14807,15077
420,2018-05-25,354,14951,15305
420,2018-05-26,126,11314,11440
420,2018-05-27,48,5374,5422
420,2018-05-28,400,16065,16465
420,2018-05-29,410,16718,17128
420,2018-05-30,371,16403,16774
420,2018-05-31,364,17460,17824
420,2018-06-01,420,18705,19125
420,2018-06-02,156,13251,13407
420,2018-06-03,44,6067,6111
420,2018-06-04,353,15612,15965
420,2018-06-05,400,16454,16854
420,2018-06-06,377,16379,16756
420,2018-06-07,400,16789,17189
420,2018-06-08,420,17276,17696
420,2018-06-09,151,12922,13073
420,2018-06-10,55,6057,6112
420,2018-06-11,392,15863,16255
420,2018-06-12,400,17314,17714
420,2018-06-13,412,16357,16769
420,2018-06-14,410,16523,16933
420,2018-06-15,379,16842,17221
420,2018-06-16,156,12029,12185
420,2018-06-17,44,5636,5680
420,2018-06-18,411,15377,15788
420,2018-06-19,466,16298,16764
420,2018-06-20,425,15835,16260
420,2018-06-21,377,16653,17030
420,2018-06-22,405,17107,17512
420,2018-06-23,35,5301,5336
420,2018-06-24,40,5903,5943
420,2018-06-25,338,15722,16060
420,2018-06-26,386,16075,16461
420,2018-06-27,419,16180,16599
420,2018-06-28,412,17242,17654
420,2018-06-29,357,17853,18210
420,2018-06-30,148,12776,12924
420,2018-07-01,48,8639,8687
420,2018-07-02,374,16392,16766
420,2018-07-03,386,16500,16886
420,2018-07-04,368,16827,17195
420,2018-07-05,394,17225,17619
420,2018-07-06,338,16485,16823
420,2018-07-07,119,11677,11796
420,2018-07-08,44,6575,6619
420,2018-07-09,340,15630,15970
420,2018-07-10,356,16758,17114
420,2018-07-11,276,15734,16010
420,2018-07-12,329,16315,16644
420,2018-07-13,328,16158,16486
420,2018-07-14,153,11159,11312
420,2018-07-15,53,5065,5118
420,2018-07-16,308,14898,15206
420,2018-07-17,378,15359,15737
420,2018-07-18,379,15012,15391
420,2018-07-19,374,14759,15133
420,2018-07-20,365,15408,15773
420,2018-07-21,320,12119,12439
420,2018-07-22,67,4527,4594
420,2018-07-23,321,14184,14505
420,2018-07-24,690,14604,15294
420,2018-07-25,781,14198,14979
420,2018-07-26,718,14727,15445
420,2018-07-27,259,14461,14720
420,2018-07-28,117,9511,9628
420,2018-07-29,44,4624,4668
420,2018-07-30,222,12902,13124
420,2018-07-31,269,13567,13836
420,2018-08-01,212,13808,14020
420,2018-08-02,264,12895,13159
420,2018-08-03,253,13703,13956
420,2018-08-04,90,9726,9816
420,2018-08-05,27,4889,4916
420,2018-08-06,216,12310,12526
420,2018-08-07,221,12102,12323
420,2018-08-08,260,11981,12241
420,2018-08-09,205,12007,12212
420,2018-08-10,213,12202,12415
420,2018-08-11,83,8251,8334
420,2018-08-12,27,3965,3992
420,2018-08-13,226,11807,12033
420,2018-08-14,238,11657,11895
420,2018-08-15,30,3757,3787
420,2018-08-16,214,11580,11794
420,2018-08-17,226,10953,11179
420,2018-08-18,68,8120,8188
420,2018-08-19,27,4375,4402
420,2018-08-20,191,11326,11517
420,2018-08-21,268,11711,11979
420,2018-08-22,260,11524,11784
420,2018-08-23,240,11190,11430
420,2018-08-24,262,11746,12008
420,2018-08-25,112,8728,8840
420,2018-08-26,42,3784,3826
420,2018-08-27,261,12261,12522
420,2018-08-28,310,12223,12533
420,2018-08-29,314,11606,11920
420,2018-08-30,274,12658,12932
420,2018-08-31,296,13099,13395
420,2018-09-01,117,9461,9578
420,2018-09-02,41,6271,6312
420,2018-09-03,289,12451,12740
420,2018-09-04,307,12497,12804
420,2018-09-05,305,12973,13278
420,2018-09-06,327,13445,13772
420,2018-09-07,318,13684,14002
420,2018-09-08,125,9825,9950
420,2018-09-09,42,4647,4689
420,2018-09-10,304,13340,13644
420,2018-09-11,379,13872,14251
420,2018-09-12,300,13903,14203
420,2018-09-13,318,14329,14647
420,2018-09-14,308,15104,15412
420,2018-09-15,106,10872,10978
420,2018-09-16,49,5379,5428
420,2018-09-17,314,14846,15160
420,2018-09-18,382,14841,15223
420,2018-09-19,352,14363,14715
420,2018-09-20,380,14730,15110
420,2018-09-21,386,15116,15502
420,2018-09-22,117,12201,12318
420,2018-09-23,75,4544,4619
420,2018-09-24,319,13986,14305
420,2018-09-25,393,15148,15541
420,2018-09-26,307,15555,15862
420,2018-09-27,412,15613,16025
420,2018-09-28,402,15792,16194
420,2018-09-29,112,11985,12097
420,2018-09-30,55,5626,5681
420,2018-10-01,352,15226,15578
420,2018-10-02,377,16223,16600
420,2018-10-03,330,15523,15853
420,2018-10-04,352,15925,16277
420,2018-10-05,390,16512,16902
420,2018-10-06,122,12346,12468
420,2018-10-07,31,5529,5560
420,2018-10-08,381,16411,16792
420,2018-10-09,467,17403,17870
420,2018-10-10,367,15588,15955
420,2018-10-11,368,16023,16391
420,2018-10-12,355,16279,16634
420,2018-10-13,130,12194,12324
420,2018-10-14,28,6187,6215
420,2018-10-15,347,15642,15989
420,2018-10-16,368,15928,16296
420,2018-10-17,344,15648,15992
420,2018-10-18,365,16249,16614
420,2018-10-19,369,17299,17668
420,2018-10-20,125,13167,13292
420,2018-10-21,37,7076,7113
420,2018-10-22,332,15325,15657
420,2018-10-23,364,15717,16081
420,2018-10-24,329,15693,16022
420,2018-10-25,366,16323,16689
420,2018-10-26,358,16404,16762
420,2018-10-27,237,14077,14314
420,2018-10-28,31,4902,4933
420,2018-10-29,309,14803,15112
420,2018-10-30,303,14638,14941
420,2018-11-01,17,4679,4696
420,2018-11-02,203,13966,14169
420,2018-11-03,110,10676,10786
420,2018-11-04,23,4822,4845
420,2018-11-05,327,15606,15933
420,2018-11-06,382,15891,16273
420,2018-11-07,346,15939,16285
420,2018-11-08,364,16433,16797
420,2018-11-09,367,16481,16848
420,2018-11-10,161,13356,13517
420,2018-11-11,27,5310,5337
420,2018-11-12,334,15753,16087
420,2018-11-13,370,15738,16108
420,2018-11-14,338,15551,15889
420,2018-11-15,360,16222,16582
420,2018-11-16,351,16759,17110
420,2018-11-17,116,13134,13250
420,2018-11-18,38,5347,5385
420,2018-11-19,356,15109,15465
420,2018-11-20,424,15774,16198
420,2018-11-21,344,15377,15721
420,2018-11-22,359,15754,16113
420,2018-11-23,369,17933,18302
420,2018-11-24,137,14087,14224
420,2018-11-25,37,5781,5818
420,2018-11-26,344,15550,15894
420,2018-11-27,361,15785,16146
420,2018-11-28,337,15514,15851
420,2018-11-29,345,16325,16670
420,2018-11-30,352,16546,16898
420,2018-12-01,96,13139,13235
420,2018-12-02,37,7306,7343
420,2018-12-03,378,15574,15952
420,2018-12-04,327,16194,16521
420,2018-12-05,346,15983,16329
420,2018-12-06,345,16562,16907
420,2018-12-07,323,16836,17159
420,2018-12-08,86,12992,13078
420,2018-12-09,40,7246,7286
420,2018-12-10,304,15675,15979
420,2018-12-11,364,15940,16304
420,2018-12-12,315,15761,16076
420,2018-12-13,362,16570,16932
420,2018-12-14,370,17646,18016
420,2018-12-15,118,13555,13673
420,2018-12-16,54,6990,7044
420,2018-12-17,351,16131,16482
420,2018-12-18,394,17619,18013
420,2018-12-19,319,17121,17440
420,2018-12-20,361,17735,18096
420,2018-12-21,290,17738,18028
420,2018-12-22,86,13351,13437
420,2018-12-23,33,8568,8601
420,2018-12-24,138,10699,10837
420,2018-12-25,30,2941,2971
420,2018-12-26,38,3495,3533
420,2018-12-27,162,12130,12292
420,2018-12-28,152,11954,12106
420,2018-12-29,105,10493,10598
420,2018-12-30,26,7044,7070
420,2018-12-31,105,10123,10228
421,2018-01-01,2,840,842
421,2018-01-02,20,3276,3296
421,2018-01-03,12,3192,3204
421,2018-01-05,28,3853,3881
421,2018-01-06,8,2875,2883
421,2018-01-07,11,2090,2101
421,2018-01-08,47,4165,4212
421,2018-01-09,44,4229,4273
421,2018-01-10,54,4412,4466
421,2018-01-12,41,4478,4519
421,2018-01-13,17,2897,2914
421,2018-01-14,7,1400,1407
421,2018-01-15,40,4150,4190
421,2018-01-16,38,4566,4604
421,2018-01-17,52,4262,4314
421,2018-01-18,50,4188,4238
421,2018-01-19,53,4420,4473
421,2018-01-20,9,2766,2775
421,2018-01-21,14,1210,1224
421,2018-01-22,19,2226,2245
421,2018-01-23,31,2184,2215
421,2018-01-24,28,2253,2281
421,2018-01-26,34,2288,2322
421,2018-01-27,11,2927,2938
421,2018-01-28,5,1281,1286
421,2018-01-29,29,2242,2271
421,2018-01-30,40,3921,3961
421,2018-01-31,67,3982,4049
421,2018-02-01,55,4433,4488
421,2018-02-02,44,4121,4165
421,2018-02-03,14,2965,2979
421,2018-02-04,3,1077,1080
421,2018-02-05,48,3796,3844
421,2018-02-06,64,3499,3563
421,2018-02-07,36,3794,3830
421,2018-02-09,39,4075,4114
421,2018-02-10,10,2345,2355
421,2018-02-11,4,866,870
421,2018-02-12,33,2953,2986
421,2018-02-13,43,3426,3469
421,2018-02-14,40,3332,3372
421,2018-02-15,30,3076,3106
421,2018-02-16,45,3359,3404
421,2018-02-17,12,2427,2439
421,2018-02-18,4,1096,1100
421,2018-02-19,44,3804,3848
421,2018-02-20,39,4071,4110
421,2018-02-21,53,4174,4227
421,2018-02-23,62,4353,4415
421,2018-02-24,18,3135,3153
421,2018-02-25,9,1440,1449
421,2018-02-26,52,3966,4018
421,2018-02-27,53,4096,4149
421,2018-02-28,30,4120,4150
421,2018-03-01,41,4093,4134
421,2018-03-02,43,3844,3887
421,2018-03-03,13,3130,3143
421,2018-03-04,23,1166,1189
421,2018-03-05,48,4213,4261
421,2018-03-06,57,4316,4373
421,2018-03-07,39,4269,4308
421,2018-03-09,57,4617,4674
421,2018-03-10,9,3072,3081
421,2018-03-11,6,1406,1412
421,2018-03-12,62,4166,4228
421,2018-03-13,43,4352,4395
421,2018-03-14,40,4311,4351
421,2018-03-15,48,4265,4313
421,2018-03-16,44,4561,4605
421,2018-03-17,16,3328,3344
421,2018-03-18,4,1217,1221
421,2018-03-19,39,4108,4147
421,2018-03-20,56,4383,4439
421,2018-03-21,52,4344,4396
421,2018-03-22,55,4166,4221
421,2018-03-23,54,4590,4644
421,2018-03-24,36,3275,3311
421,2018-03-26,68,4026,4094
421,2018-03-27,47,4161,4208
421,2018-03-28,58,4256,4314
421,2018-03-31,18,2650,2668
421,2018-04-01,6,1128,1134
421,2018-04-02,9,1440,1449
421,2018-04-03,46,3678,3724
421,2018-04-04,50,3720,3770
421,2018-04-05,49,3676,3725
421,2018-04-06,50,3779,3829
421,2018-04-07,17,2696,2713
421,2018-04-08,11,1566,1577
421,2018-04-09,55,3878,3933
421,2018-04-10,54,4188,4242
421,2018-04-11,55,4276,4331
421,2018-04-13,60,4283,4343
421,2018-04-14,18,2875,2893
421,2018-04-15,6,1632,1638
421,2018-04-16,49,4438,4487
421,2018-04-17,58,4853,4911
421,2018-04-18,54,4688,4742
421,2018-04-19,62,4958,5020
421,2018-04-20,61,5089,5150
421,2018-04-21,32,3327,3359
421,2018-04-22,14,1796,1810
421,2018-04-23,58,4368,4426
421,2018-04-24,76,4657,4733
421,2018-04-25,55,4727,4782
421,2018-04-27,70,5094,5164
421,2018-04-28,40,3209,3249
421,2018-04-29,4,1358,1362
421,2018-04-30,30,3886,3916
421,2018-05-01,12,1352,1364
421,2018-05-02,85,5189,5274
421,2018-05-03,89,5544,5633
421,2018-05-04,71,5664,5735
421,2018-05-05,15,3699,3714
421,2018-05-06,7,1936,1943
421,2018-05-07,54,4639,4693
421,2018-05-08,54,4818,4872
421,2018-05-09,59,4787,4846
421,2018-05-11,42,4182,4224
421,2018-05-12,26,2970,2996
421,2018-05-13,4,1258,1262
421,2018-05-14,58,4578,4636
421,2018-05-15,56,4803,4859
421,2018-05-16,52,4606,4658
421,2018-05-17,61,5029,5090
421,2018-05-18,76,5172,5248
421,2018-05-19,33,2941,2974
421,2018-05-20,2,1502,1504
421,2018-05-21,6,1324,1330
421,2018-05-22,50,3594,3644
421,2018-05-23,68,3676,3744
421,2018-05-25,49,4183,4232
421,2018-05-26,23,2769,2792
421,2018-05-27,12,1498,1510
421,2018-05-28,70,5076,5146
421,2018-05-29,54,4855,4909
421,2018-05-30,54,4818,4872
421,2018-05-31,58,5128,5186
421,2018-06-01,46,5442,5488
421,2018-06-02,16,3433,3449
421,2018-06-03,9,2100,2109
421,2018-06-04,58,4636,4694
421,2018-06-05,46,4860,4906
421,2018-06-06,70,4796,4866
421,2018-06-08,72,5169,5241
421,2018-06-09,14,3664,3678
421,2018-06-10,23,2000,2023
421,2018-06-11,58,4860,4918
421,2018-06-12,52,4736,4788
421,2018-06-13,72,4695,4767
421,2018-06-14,68,4826,4894
421,2018-06-15,60,5025,5085
421,2018-06-16,26,3243,3269
421,2018-06-17,15,1817,1832
421,2018-06-18,46,4039,4085
421,2018-06-19,52,4198,4250
421,2018-06-20,45,4194,4239
421,2018-06-22,61,4721,4782
421,2018-06-23,16,1483,1499
421,2018-06-24,13,1856,1869
421,2018-06-25,54,4404,4458
421,2018-06-26,45,4669,4714
421,2018-06-27,67,4510,4577
421,2018-06-28,55,5060,5115
421,2018-06-29,75,5234,5309
421,2018-06-30,26,3607,3633
421,2018-07-01,22,2918,2940
421,2018-07-02,57,4730,4787
421,2018-07-03,58,4839,4897
421,2018-07-04,56,4872,4928
421,2018-07-06,58,4971,5029
421,2018-07-07,46,3463,3509
421,2018-07-08,12,1960,1972
421,2018-07-09,38,2582,2620
421,2018-07-10,37,2650,2687
421,2018-07-11,24,2491,2515
421,2018-07-12,50,4529,4579
421,2018-07-13,40,4714,4754
421,2018-07-14,24,3477,3501
421,2018-07-15,20,4006,4026
421,2018-07-16,58,4025,4083
421,2018-07-17,43,4254,4297
421,2018-07-18,48,4405,4453
421,2018-07-20,62,4362,4424
421,2018-07-21,21,3219,3240
421,2018-07-22,6,1674,1680
421,2018-07-23,51,4061,4112
421,2018-07-24,40,4155,4195
421,2018-07-25,72,4228,4300
421,2018-07-26,48,4343,4391
421,2018-07-27,47,4142,4189
421,2018-07-28,13,2757,2770
421,2018-07-29,25,1717,1742
421,2018-07-30,27,3512,3539
421,2018-07-31,65,4480,4545
421,2018-08-01,76,4812,4888
421,2018-08-03,36,4343,4379
421,2018-08-04,15,2974,2989
421,2018-08-05,11,1643,1654
421,2018-08-06,38,3921,3959
421,2018-08-07,60,4462,4522
421,2018-08-08,56,4118,4174
421,2018-08-09,34,3226,3260
421,2018-08-10,28,3358,3386
421,2018-08-11,13,2260,2273
421,2018-08-12,8,1270,1278
421,2018-08-13,18,2860,2878
421,2018-08-14,25,3061,3086
421,2018-08-15,10,1220,1230
421,2018-08-16,29,3157,3186
421,2018-08-17,42,2746,2788
421,2018-08-18,17,2372,2389
421,2018-08-19,9,1295,1304
421,2018-08-20,26,3064,3090
421,2018-08-21,42,3396,3438
421,2018-08-22,49,3284,3333
421,2018-08-23,40,3345,3385
421,2018-08-24,50,3401,3451
421,2018-08-25,29,2775,2804
421,2018-08-26,15,1368,1383
421,2018-08-27,38,3278,3316
421,2018-08-28,30,3514,3544
421,2018-08-29,40,3650,3690
421,2018-08-31,50,4169,4219
421,2018-09-01,47,3374,3421
421,2018-09-02,17,2628,2645
421,2018-09-03,70,3913,3983
421,2018-09-04,52,3887,3939
421,2018-09-05,59,4027,4086
421,2018-09-06,55,4114,4169
421,2018-09-07,63,4121,4184
421,2018-09-08,25,3065,3090
421,2018-09-09,21,1811,1832
421,2018-09-10,46,4111,4157
421,2018-09-11,48,4275,4323
421,2018-09-12,46,4423,4469
421,2018-09-14,58,4742,4800
421,2018-09-15,27,3372,3399
421,2018-09-16,16,2149,2165
421,2018-09-17,48,4646,4694
421,2018-09-18,56,4995,5051
421,2018-09-19,55,4973,5028
421,2018-09-20,55,4914,4969
421,2018-09-21,60,5090,5150
421,2018-09-22,31,3584,3615
421,2018-09-23,10,1302,1312
421,2018-09-24,63,4699,4762
421,2018-09-25,81,4850,4931
421,2018-09-26,49,4962,5011
421,2018-09-28,62,5202,5264
421,2018-09-29,25,3737,3762
421,2018-09-30,15,1965,1980
421,2018-10-01,55,4757,4812
421,2018-10-02,63,4999,5062
421,2018-10-03,57,5106,5163
421,2018-10-04,62,4979,5041
421,2018-10-05,68,5291,5359
421,2018-10-06,34,3750,3784
421,2018-10-07,29,1690,1719
421,2018-10-08,60,4682,4742
421,2018-10-09,79,4809,4888
421,2018-10-10,45,4810,4855
421,2018-10-12,75,5091,5166
421,2018-10-13,30,3505,3535
421,2018-10-14,12,1817,1829
421,2018-10-15,73,4692,4765
421,2018-10-16,65,4836,4901
421,2018-10-17,60,4756,4816
421,2018-10-18,65,4798,4863
421,2018-10-19,61,5568,5629
421,2018-10-20,25,4093,4118
421,2018-10-21,17,2498,2515
421,2018-10-22,63,4504,4567
421,2018-10-23,69,4622,4691
421,2018-10-24,58,4853,4911
421,2018-10-26,64,5214,5278
421,2018-10-27,30,3322,3352
421,2018-10-28,7,1395,1402
421,2018-10-29,48,4013,4061
421,2018-10-30,40,3718,3758
421,2018-11-02,23,3573,3596
421,2018-11-03,17,2764,2781
421,2018-11-04,6,1288,1294
421,2018-11-05,48,4404,4452
421,2018-11-06,50,4861,4911
421,2018-11-07,66,4915,4981
421,2018-11-09,51,5127,5178
421,2018-11-10,12,3460,3472
421,2018-11-11,25,1344,1369
421,2018-11-12,67,4690,4757
421,2018-11-13,58,4765,4823
421,2018-11-14,54,4870,4924
421,2018-11-15,66,5119,5185
421,2018-11-16,65,5237,5302
421,2018-11-17,18,3662,3680
421,2018-11-18,14,1546,1560
421,2018-11-19,63,4550,4613
421,2018-11-20,62,5018,5080
421,2018-11-21,58,4729,4787
421,2018-11-22,61,4920,4981
421,2018-11-23,71,5662,5733
421,2018-11-24,10,3436,3446
421,2018-11-25,13,1619,1632
421,2018-11-26,53,4582,4635
421,2018-11-27,49,4837,4886
421,2018-11-28,44,4919,4963
421,2018-11-30,58,5178,5236
421,2018-12-01,28,3481,3509
421,2018-12-02,10,2182,2192
421,2018-12-03,70,4804,4874
421,2018-12-04,68,4944,5012
421,2018-12-05,67,5044,5111
421,2018-12-06,57,4896,4953
421,2018-12-07,44,5030,5074
421,2018-12-08,12,3182,3194
421,2018-12-09,NA,2040,NA
421,2018-12-10,54,4558,4612
421,2018-12-11,60,5026,5086
421,2018-12-12,66,4798,4864
421,2018-12-14,78,5120,5198
421,2018-12-15,20,3472,3492
421,2018-12-16,11,1851,1862
421,2018-12-17,46,4849,4895
421,2018-12-18,68,5421,5489
421,2018-12-19,62,5202,5264
421,2018-12-20,53,5263,5316
421,2018-12-21,20,4952,4972
421,2018-12-22,95,3550,3645
421,2018-12-23,13,2529,2542
421,2018-12-24,19,2800,2819
421,2018-12-25,5,923,928
421,2018-12-26,3,914,917
421,2018-12-27,25,3097,3122
421,2018-12-28,19,3145,3164
421,2018-12-29,10,2668,2678
421,2018-12-30,8,2045,2053
421,2018-12-31,19,2363,2382
422,2018-01-01,4,1646,1650
422,2018-01-02,42,3854,3896
422,2018-01-03,28,4076,4104
422,2018-01-05,43,4527,4570
422,2018-01-06,3,2902,2905
422,2018-01-07,20,2207,2227
422,2018-01-08,106,5429,5535
422,2018-01-09,121,5334,5455
422,2018-01-10,113,5433,5546
422,2018-01-12,106,5403,5509
422,2018-01-13,42,3279,3321
422,2018-01-14,33,2448,2481
422,2018-01-15,69,5375,5444
422,2018-01-16,56,5470,5526
422,2018-01-17,69,5263,5332
422,2018-01-18,78,5428,5506
422,2018-01-19,116,5534,5650
422,2018-01-20,14,3042,3056
422,2018-01-21,9,2240,2249
422,2018-01-22,55,4973,5028
422,2018-01-23,94,5185,5279
422,2018-01-24,79,5289,5368
422,2018-01-26,96,5363,5459
422,2018-01-27,29,3108,3137
422,2018-01-28,6,2243,2249
422,2018-01-29,85,5240,5325
422,2018-01-30,85,5402,5487
422,2018-01-31,33,5799,5832
422,2018-02-01,58,5492,5550
422,2018-02-02,51,5402,5453
422,2018-02-03,38,3240,3278
422,2018-02-04,11,2105,2116
422,2018-02-05,111,5636,5747
422,2018-02-06,40,4737,4777
422,2018-02-07,79,4932,5011
422,2018-02-09,113,5601,5714
422,2018-02-10,14,2711,2725
422,2018-02-11,4,1793,1797
422,2018-02-12,73,4111,4184
422,2018-02-13,86,4775,4861
422,2018-02-14,111,4826,4937
422,2018-02-15,45,4807,4852
422,2018-02-16,80,5056,5136
422,2018-02-17,38,2770,2808
422,2018-02-18,22,2389,2411
422,2018-02-19,101,5146,5247
422,2018-02-20,116,5544,5660
422,2018-02-21,99,5709,5808
422,2018-02-23,194,5580,5774
422,2018-02-24,108,3362,3470
422,2018-02-25,45,2398,2443
422,2018-02-26,131,5175,5306
422,2018-02-27,138,5272,5410
422,2018-02-28,123,4939,5062
422,2018-03-01,139,5110,5249
422,2018-03-02,63,4584,4647
422,2018-03-03,20,3167,3187
422,2018-03-04,20,2421,2441
422,2018-03-05,76,5292,5368
422,2018-03-06,152,5929,6081
422,2018-03-07,52,5882,5934
422,2018-03-09,58,5689,5747
422,2018-03-10,19,3350,3369
422,2018-03-11,23,2595,2618
422,2018-03-12,105,5625,5730
422,2018-03-13,78,5642,5720
422,2018-03-14,115,5658,5773
422,2018-03-15,95,5857,5952
422,2018-03-16,104,6103,6207
422,2018-03-17,51,3426,3477
422,2018-03-18,24,2324,2348
422,2018-03-19,144,5297,5441
422,2018-03-20,126,5747,5873
422,2018-03-21,157,5692,5849
422,2018-03-22,87,5651,5738
422,2018-03-23,123,6286,6409
422,2018-03-24,51,3800,3851
422,2018-03-26,130,5291,5421
422,2018-03-27,76,5808,5884
422,2018-03-28,66,5717,5783
422,2018-03-31,36,2979,3015
422,2018-04-01,5,1903,1908
422,2018-04-02,25,1898,1923
422,2018-04-03,98,5067,5165
422,2018-04-04,70,5113,5183
422,2018-04-05,107,4980,5087
422,2018-04-06,112,5203,5315
422,2018-04-07,40,3185,3225
422,2018-04-08,12,2381,2393
422,2018-04-09,111,5381,5492
422,2018-04-10,128,5577,5705
422,2018-04-11,94,5618,5712
422,2018-04-13,155,5787,5942
422,2018-04-14,18,3530,3548
422,2018-04-15,15,2668,2683
422,2018-04-16,113,5886,5999
422,2018-04-17,120,6271,6391
422,2018-04-18,121,6297,6418
422,2018-04-19,122,6494,6616
422,2018-04-20,136,6553,6689
422,2018-04-21,29,4179,4208
422,2018-04-22,34,3284,3318
422,2018-04-23,100,5814,5914
422,2018-04-24,129,6266,6395
422,2018-04-25,126,6001,6127
422,2018-04-27,134,6385,6519
422,2018-04-28,43,3624,3667
422,2018-04-29,62,2699,2761
422,2018-04-30,42,4452,4494
422,2018-05-01,14,2342,2356
422,2018-05-02,124,5930,6054
422,2018-05-03,129,5962,6091
422,2018-05-04,110,6608,6718
422,2018-05-05,33,3966,3999
422,2018-05-06,26,2999,3025
422,2018-05-07,101,6170,6271
422,2018-05-08,140,6415,6555
422,2018-05-09,114,6349,6463
422,2018-05-25,135,5811,5946
422,2018-05-26,42,3487,3529
422,2018-05-27,28,2467,2495
422,2018-05-28,123,6442,6565
422,2018-05-29,125,6130,6255
422,2018-05-30,131,6296,6427
422,2018-05-31,228,8464,8692
422,2018-06-01,132,6438,6570
422,2018-06-02,34,4008,4042
422,2018-06-03,20,3242,3262
422,2018-06-04,146,5540,5686
422,2018-06-05,101,6327,6428
422,2018-06-06,126,6009,6135
422,2018-06-08,109,6397,6506
422,2018-06-09,57,5380,5437
422,2018-06-10,36,3725,3761
422,2018-06-11,134,5930,6064
422,2018-06-12,100,5188,5288
422,2018-06-13,141,6089,6230
422,2018-06-14,131,6246,6377
422,2018-06-15,124,6313,6437
422,2018-06-16,51,4692,4743
422,2018-06-17,39,3270,3309
422,2018-06-18,148,5876,6024
422,2018-06-19,125,6049,6174
422,2018-06-20,123,6168,6291
422,2018-06-22,158,6272,6430
422,2018-06-23,20,2607,2627
422,2018-06-24,22,2665,2687
422,2018-06-25,138,5973,6111
422,2018-06-26,121,6496,6617
422,2018-06-27,115,6279,6394
422,2018-06-28,144,6762,6906
422,2018-06-29,114,6613,6727
422,2018-06-30,34,3761,3795
422,2018-07-01,24,2821,2845
422,2018-07-02,121,6015,6136
422,2018-07-03,111,6210,6321
422,2018-07-04,120,6119,6239
422,2018-07-06,118,6385,6503
422,2018-07-07,29,3847,3876
422,2018-07-08,16,2985,3001
422,2018-07-09,118,6166,6284
422,2018-07-10,142,6129,6271
422,2018-07-11,119,5838,5957
422,2018-07-12,131,5931,6062
422,2018-07-13,126,6515,6641
422,2018-07-14,44,3681,3725
422,2018-07-15,13,2816,2829
422,2018-07-16,144,6052,6196
422,2018-07-17,99,5923,6022
422,2018-07-18,131,6215,6346
422,2018-07-20,129,6170,6299
422,2018-07-21,51,3620,3671
422,2018-07-22,28,2855,2883
422,2018-07-23,101,5594,5695
422,2018-07-24,106,5856,5962
422,2018-07-25,122,5880,6002
422,2018-07-26,83,5322,5405
422,2018-07-27,97,5438,5535
422,2018-07-28,37,3046,3083
422,2018-07-29,24,2404,2428
422,2018-07-30,74,4759,4833
422,2018-07-31,59,4869,4928
422,2018-08-01,65,4704,4769
422,2018-08-02,55,4770,4825
422,2018-08-04,20,2899,2919
422,2018-08-05,10,2323,2333
422,2018-08-06,60,4276,4336
422,2018-08-07,60,4264,4324
422,2018-08-08,66,4285,4351
422,2018-08-09,80,4137,4217
422,2018-08-10,108,4581,4689
422,2018-08-11,43,2881,2924
422,2018-08-12,16,2238,2254
422,2018-08-13,82,3490,3572
422,2018-08-14,86,3932,4018
422,2018-08-15,14,2523,2537
422,2018-08-16,90,4102,4192
422,2018-08-17,70,4059,4129
422,2018-08-18,91,2592,2683
422,2018-08-19,41,2688,2729
422,2018-08-20,132,4384,4516
422,2018-08-21,111,4750,4861
422,2018-08-22,74,4676,4750
422,2018-08-23,87,4540,4627
422,2018-08-24,88,4875,4963
422,2018-08-25,36,3217,3253
422,2018-08-26,29,2556,2585
422,2018-08-27,68,4703,4771
422,2018-08-28,80,4994,5074
422,2018-08-29,96,4212,4308
422,2018-08-30,99,4864,4963
422,2018-09-01,60,5132,5192
422,2018-09-02,22,2821,2843
422,2018-09-03,110,5274,5384
422,2018-09-04,116,5473,5589
422,2018-09-05,160,5264,5424
422,2018-09-06,125,5425,5550
422,2018-09-07,98,5475,5573
422,2018-09-08,54,3971,4025
422,2018-09-09,24,3063,3087
422,2018-09-10,113,5852,5965
422,2018-09-11,129,5841,5970
422,2018-09-12,104,5787,5891
422,2018-09-13,120,5673,5793
422,2018-09-15,57,4793,4850
422,2018-09-16,26,3521,3547
422,2018-09-17,102,5858,5960
422,2018-09-18,79,6068,6147
422,2018-09-19,91,5851,5942
422,2018-09-20,128,6252,6380
422,2018-09-22,28,4079,4107
422,2018-09-23,9,2483,2492
422,2018-09-24,106,5726,5832
422,2018-09-25,126,6034,6160
422,2018-09-26,136,5661,5797
422,2018-09-27,127,5880,6007
422,2018-09-29,9,608,617
422,2018-09-30,8,973,981
422,2018-10-01,106,5485,5591
422,2018-10-02,107,5950,6057
422,2018-10-03,101,5613,5714
422,2018-10-04,143,5904,6047
422,2018-10-06,14,567,581
422,2018-10-07,4,666,670
422,2018-10-08,115,5477,5592
422,2018-10-09,111,5708,5819
422,2018-10-10,125,6325,6450
422,2018-10-11,116,5828,5944
422,2018-10-13,14,1129,1143
422,2018-10-14,19,2423,2442
422,2018-10-15,111,5619,5730
422,2018-10-16,139,6031,6170
422,2018-10-17,123,5713,5836
422,2018-10-18,151,6301,6452
422,2018-10-20,40,3973,4013
422,2018-10-21,20,2942,2962
422,2018-10-22,123,5803,5926
422,2018-10-23,127,5699,5826
422,2018-10-24,105,5748,5853
422,2018-10-25,128,5669,5797
422,2018-10-27,41,3574,3615
422,2018-10-28,16,2527,2543
422,2018-10-29,110,4956,5066
422,2018-10-30,78,4844,4922
422,2018-10-31,107,5518,5625
422,2018-11-01,15,2458,2473
422,2018-11-03,43,3126,3169
422,2018-11-04,19,2450,2469
422,2018-11-05,118,5935,6053
422,2018-11-06,117,6250,6367
422,2018-11-07,118,6008,6126
422,2018-11-08,119,6224,6343
422,2018-11-10,17,4922,4939
422,2018-11-11,8,2606,2614
422,2018-11-12,114,6085,6199
422,2018-11-13,114,6270,6384
422,2018-11-14,146,7260,7406
422,2018-11-15,142,6305,6447
422,2018-11-16,157,6748,6905
422,2018-11-17,35,3481,3516
422,2018-11-18,25,2481,2506
422,2018-11-19,134,6255,6389
422,2018-11-20,137,5946,6083
422,2018-11-21,141,5926,6067
422,2018-11-22,119,6293,6412
422,2018-11-24,22,3857,3879
422,2018-11-25,12,2448,2460
422,2018-11-26,136,5730,5866
422,2018-11-27,127,5947,6074
422,2018-11-28,31,5730,5761
422,2018-11-29,123,6339,6462
422,2018-12-01,34,3723,3757
422,2018-12-02,4,2205,2209
422,2018-12-03,32,4734,4766
422,2018-12-04,126,6067,6193
422,2018-12-05,132,5753,5885
422,2018-12-06,83,5769,5852
422,2018-12-07,57,5879,5936
422,2018-12-08,11,3382,3393
422,2018-12-09,12,2453,2465
422,2018-12-10,91,5645,5736
422,2018-12-11,150,7116,7266
422,2018-12-12,133,5702,5835
422,2018-12-13,149,6942,7091
422,2018-12-15,51,3474,3525
422,2018-12-16,9,2064,2073
422,2018-12-17,54,5719,5773
422,2018-12-18,168,6939,7107
422,2018-12-19,72,5787,5859
422,2018-12-20,43,6010,6053
422,2018-12-21,46,5704,5750
422,2018-12-22,14,3068,3082
422,2018-12-23,2,2072,2074
422,2018-12-24,32,2805,2837
422,2018-12-25,9,1722,1731
422,2018-12-26,3,1561,1564
422,2018-12-27,51,3067,3118
422,2018-12-28,33,3156,3189
422,2018-12-29,16,2160,2176
422,2018-12-30,8,1763,1771
422,2018-12-31,16,2782,2798
423,2018-01-11,354,4974,5328
423,2018-01-12,317,5030,5347
423,2018-01-13,38,2154,2192
423,2018-01-14,7,1384,1391
423,2018-01-15,323,4973,5296
423,2018-01-16,340,5252,5592
423,2018-01-17,326,5539,5865
423,2018-01-18,368,5172,5540
423,2018-01-19,458,5214,5672
423,2018-01-20,28,1943,1971
423,2018-01-21,7,1235,1242
423,2018-01-22,339,5078,5417
423,2018-01-23,367,4951,5318
423,2018-01-24,396,5125,5521
423,2018-01-25,330,5248,5578
423,2018-01-26,336,5137,5473
423,2018-01-27,46,2200,2246
423,2018-01-28,3,1376,1379
423,2018-01-29,363,5104,5467
423,2018-01-30,364,5358,5722
423,2018-01-31,392,5407,5799
423,2018-02-01,371,5297,5668
423,2018-02-02,354,5283,5637
423,2018-02-03,30,2247,2277
423,2018-02-04,13,1378,1391
423,2018-02-05,361,5134,5495
423,2018-02-06,281,4838,5119
423,2018-02-07,283,4957,5240
423,2018-02-08,283,5020,5303
423,2018-02-09,291,5072,5363
423,2018-02-10,41,1873,1914
423,2018-02-11,10,1058,1068
423,2018-02-12,244,3887,4131
423,2018-02-13,283,4198,4481
423,2018-02-14,281,4548,4829
423,2018-02-15,299,4328,4627
423,2018-02-16,274,4424,4698
423,2018-02-17,45,1931,1976
423,2018-02-18,7,1405,1412
423,2018-02-19,348,4933,5281
423,2018-02-20,398,5291,5689
423,2018-02-21,380,5421,5801
423,2018-02-22,439,5296,5735
423,2018-02-23,388,5279,5667
423,2018-02-24,72,2207,2279
423,2018-02-25,7,1438,1445
423,2018-03-02,299,4251,4550
423,2018-03-03,47,1991,2038
423,2018-03-04,10,1407,1417
423,2018-03-05,410,4851,5261
423,2018-03-06,523,5429,5952
423,2018-03-07,523,5352,5875
423,2018-03-08,430,5537,5967
423,2018-03-09,363,5208,5571
423,2018-03-10,50,2117,2167
423,2018-03-11,4,1440,1444
423,2018-03-12,408,5250,5658
423,2018-03-13,362,5374,5736
423,2018-03-14,365,5314,5679
423,2018-03-15,432,5537,5969
423,2018-03-16,409,5394,5803
423,2018-03-17,51,2066,2117
423,2018-03-18,15,1274,1289
423,2018-03-19,374,5105,5479
423,2018-03-20,450,5338,5788
423,2018-03-21,457,5234,5691
423,2018-03-22,380,5409,5789
423,2018-03-23,369,5542,5911
423,2018-03-24,61,2275,2336
423,2018-03-26,382,5041,5423
423,2018-03-27,385,5387,5772
423,2018-03-28,379,5418,5797
423,2018-03-29,403,5744,6147
423,2018-03-30,381,5078,5459
423,2018-03-31,49,1948,1997
423,2018-04-01,5,1086,1091
423,2018-04-02,8,1056,1064
423,2018-04-03,420,4597,5017
423,2018-04-04,359,4698,5057
423,2018-04-05,359,4623,4982
423,2018-04-06,369,4725,5094
423,2018-04-07,75,2035,2110
423,2018-04-08,7,1417,1424
423,2018-04-09,348,4927,5275
423,2018-04-10,511,5484,5995
423,2018-04-11,458,5115,5573
423,2018-04-12,496,5164,5660
423,2018-04-13,439,5281,5720
423,2018-04-14,67,2270,2337
423,2018-04-15,8,1542,1550
423,2018-04-16,395,5686,6081
423,2018-04-17,359,5889,6248
423,2018-04-18,437,6001,6438
423,2018-04-19,425,6149,6574
423,2018-04-20,433,5920,6353
423,2018-04-21,109,2681,2790
423,2018-04-22,16,1750,1766
423,2018-04-23,409,5625,6034
423,2018-04-24,401,5807,6208
423,2018-04-25,418,5771,6189
423,2018-04-26,408,5684,6092
423,2018-04-27,375,5990,6365
423,2018-04-28,62,2380,2442
423,2018-04-30,261,4119,4380
423,2018-05-01,7,1218,1225
423,2018-05-02,366,5497,5863
423,2018-05-03,408,5742,6150
423,2018-05-04,391,5876,6267
423,2018-05-05,116,2785,2901
423,2018-05-06,19,1593,1612
423,2018-05-07,417,5770,6187
423,2018-05-08,423,5993,6416
423,2018-05-09,406,6212,6618
423,2018-05-10,14,1268,1282
423,2018-05-11,301,4253,4554
423,2018-05-12,46,2398,2444
423,2018-05-13,14,1538,1552
423,2018-05-14,394,5537,5931
423,2018-05-15,429,5972,6401
423,2018-05-16,390,5910,6300
423,2018-05-17,454,6089,6543
423,2018-05-18,449,5942,6391
423,2018-05-19,115,2289,2404
423,2018-05-20,10,1408,1418
423,2018-05-21,24,1408,1432
423,2018-05-22,463,5241,5704
423,2018-05-23,388,4560,4948
423,2018-05-24,465,4970,5435
423,2018-05-25,435,5192,5627
423,2018-05-26,81,2125,2206
423,2018-05-27,12,1321,1333
423,2018-05-28,413,5810,6223
423,2018-05-29,466,5912,6378
423,2018-05-30,482,5993,6475
423,2018-05-31,340,6790,7130
423,2018-06-01,590,6480,7070
423,2018-06-02,93,2738,2831
423,2018-06-03,14,1864,1878
423,2018-06-04,402,5859,6261
423,2018-06-05,453,5872,6325
423,2018-06-06,398,5833,6231
423,2018-06-07,384,6092,6476
423,2018-06-08,466,5861,6327
423,2018-06-09,122,2898,3020
423,2018-06-10,17,1944,1961
423,2018-06-11,460,6572,7032
423,2018-06-12,461,6198,6659
423,2018-06-13,477,6081,6558
423,2018-06-14,550,5845,6395
423,2018-06-15,481,6139,6620
423,2018-06-16,107,2912,3019
423,2018-06-17,32,1817,1849
423,2018-06-18,515,5844,6359
423,2018-06-19,452,5950,6402
423,2018-06-20,474,5884,6358
423,2018-06-21,481,6168,6649
423,2018-06-22,523,5845,6368
423,2018-06-23,27,1403,1430
423,2018-06-24,25,1566,1591
423,2018-06-25,463,5764,6227
423,2018-06-26,449,6087,6536
423,2018-06-27,491,5794,6285
423,2018-06-28,430,5972,6402
423,2018-06-29,490,5900,6390
423,2018-06-30,87,2422,2509
423,2018-07-01,7,1721,1728
423,2018-07-02,442,5637,6079
423,2018-07-03,416,5976,6392
423,2018-07-04,454,5827,6281
423,2018-07-05,448,5958,6406
423,2018-07-06,433,5868,6301
423,2018-07-07,88,2481,2569
423,2018-07-08,8,1596,1604
423,2018-07-09,455,5592,6047
423,2018-07-10,453,5822,6275
423,2018-07-11,538,5522,6060
423,2018-07-12,454,5709,6163
423,2018-07-13,489,5721,6210
423,2018-07-14,80,2281,2361
423,2018-07-15,36,1412,1448
423,2018-07-16,439,5347,5786
423,2018-07-17,440,5386,5826
423,2018-07-18,459,5621,6080
423,2018-07-19,512,5518,6030
423,2018-07-20,414,6166,6580
423,2018-07-21,68,2562,2630
423,2018-07-22,36,1971,2007
423,2018-07-23,449,5698,6147
423,2018-07-24,416,5032,5448
423,2018-07-25,455,4920,5375
423,2018-07-26,361,4819,5180
423,2018-07-27,236,4498,4734
423,2018-07-28,32,1848,1880
423,2018-07-29,5,1193,1198
423,2018-07-30,215,4123,4338
423,2018-07-31,202,4211,4413
423,2018-08-01,202,4100,4302
423,2018-08-02,198,4073,4271
423,2018-08-03,182,3930,4112
423,2018-08-04,21,1716,1737
423,2018-08-05,4,1181,1185
423,2018-08-06,181,3653,3834
423,2018-08-07,185,3626,3811
423,2018-08-08,143,3798,3941
423,2018-08-09,211,3628,3839
423,2018-08-10,193,3748,3941
423,2018-08-11,35,1684,1719
423,2018-08-12,25,1261,1286
423,2018-08-13,202,3465,3667
423,2018-08-14,174,3623,3797
423,2018-08-15,12,1133,1145
423,2018-08-16,202,3449,3651
423,2018-08-17,172,3405,3577
423,2018-08-18,39,1557,1596
423,2018-08-19,26,1243,1269
423,2018-08-20,301,3828,4129
423,2018-08-21,303,4046,4349
423,2018-08-22,313,3988,4301
423,2018-08-23,310,3966,4276
423,2018-08-24,462,4061,4523
423,2018-08-25,41,1980,2021
423,2018-08-26,11,1323,1334
423,2018-08-27,366,4105,4471
423,2018-08-28,381,4228,4609
423,2018-08-29,460,3962,4422
423,2018-08-30,387,4408,4795
423,2018-08-31,319,3724,4043
423,2018-09-01,141,2605,2746
423,2018-09-02,13,1371,1384
423,2018-09-03,367,4386,4753
423,2018-09-04,410,4663,5073
423,2018-09-05,391,4714,5105
423,2018-09-06,380,4742,5122
423,2018-09-07,373,4645,5018
423,2018-09-08,141,2290,2431
423,2018-09-09,20,1503,1523
423,2018-09-10,387,5030,5417
423,2018-09-11,387,5322,5709
423,2018-09-12,388,5146,5534
423,2018-09-13,397,5392,5789
423,2018-09-14,382,5320,5702
423,2018-09-15,114,2827,2941
423,2018-09-16,21,1935,1956
423,2018-09-17,410,5292,5702
423,2018-09-18,475,5691,6166
423,2018-09-19,401,5565,5966
423,2018-09-20,435,5749,6184
423,2018-09-21,393,5689,6082
423,2018-09-22,58,2537,2595
423,2018-09-23,16,1474,1490
423,2018-09-24,409,5713,6122
423,2018-09-25,445,5956,6401
423,2018-09-26,406,5730,6136
423,2018-09-27,362,5949,6311
423,2018-09-28,375,5693,6068
423,2018-09-29,182,6277,6459
423,2018-09-30,80,4696,4776
423,2018-10-01,385,5701,6086
423,2018-10-02,412,6035,6447
423,2018-10-03,370,5778,6148
423,2018-10-04,424,5975,6399
423,2018-10-05,361,5891,6252
423,2018-10-06,161,6369,6530
423,2018-10-07,32,3696,3728
423,2018-10-08,320,5623,5943
423,2018-10-09,359,5825,6184
423,2018-10-10,431,6172,6603
423,2018-10-11,368,6071,6439
423,2018-10-12,367,5851,6218
423,2018-10-13,216,4845,5061
423,2018-10-14,11,1842,1853
423,2018-10-15,382,5738,6120
423,2018-10-16,433,5954,6387
423,2018-10-17,408,5737,6145
423,2018-10-18,429,5904,6333
423,2018-10-19,545,6152,6697
423,2018-10-20,185,2694,2879
423,2018-10-21,19,1507,1526
423,2018-10-22,391,5764,6155
423,2018-10-23,388,5846,6234
423,2018-10-24,414,5979,6393
423,2018-10-25,433,6082,6515
423,2018-10-26,411,5725,6136
423,2018-10-27,131,2345,2476
423,2018-10-28,16,1269,1285
423,2018-10-29,346,4682,5028
423,2018-10-30,342,4532,4874
423,2018-11-01,6,987,993
423,2018-11-02,223,3027,3250
423,2018-11-03,48,1512,1560
423,2018-11-04,5,1010,1015
423,2018-11-05,312,4830,5142
423,2018-11-06,331,5217,5548
423,2018-11-07,366,5189,5555
423,2018-11-08,383,5121,5504
423,2018-11-09,378,5374,5752
423,2018-11-10,91,2425,2516
423,2018-11-11,6,1121,1127
423,2018-11-12,386,5031,5417
423,2018-11-13,377,5230,5607
423,2018-11-14,443,5631,6074
423,2018-11-15,385,5404,5789
423,2018-11-16,417,5556,5973
423,2018-11-17,54,2609,2663
423,2018-11-18,10,1413,1423
423,2018-11-19,433,5992,6425
423,2018-11-20,378,5940,6318
423,2018-11-21,389,5550,5939
423,2018-11-22,456,5919,6375
423,2018-11-23,467,5779,6246
423,2018-11-24,56,2500,2556
423,2018-11-25,10,1407,1417
423,2018-11-26,417,5679,6096
423,2018-11-27,422,5836,6258
423,2018-11-28,396,5721,6117
423,2018-11-29,475,6067,6542
423,2018-11-30,416,5718,6134
423,2018-12-01,100,2292,2392
423,2018-12-02,10,1333,1343
423,2018-12-03,356,5777,6133
423,2018-12-04,362,5933,6295
423,2018-12-05,427,5912,6339
423,2018-12-12,474,5939,6413
423,2018-12-13,480,6606,7086
423,2018-12-14,429,5986,6415
423,2018-12-15,71,2306,2377
423,2018-12-16,13,1272,1285
423,2018-12-17,383,5787,6170
423,2018-12-18,505,6534,7039
423,2018-12-19,374,6069,6443
423,2018-12-20,396,6072,6468
423,2018-12-21,260,5389,5649
423,2018-12-22,32,1985,2017
423,2018-12-23,3,1108,1111
423,2018-12-24,108,2382,2490
423,2018-12-25,6,914,920
423,2018-12-26,5,842,847
423,2018-12-27,161,2599,2760
423,2018-12-28,146,2595,2741
423,2018-12-29,26,1370,1396
423,2018-12-30,8,996,1004
423,2018-12-31,124,2222,2346
424,2018-01-01,NA,1233,NA
424,2018-01-02,27,4580,4607
424,2018-01-03,39,4872,4911
424,2018-01-04,29,5304,5333
424,2018-01-05,40,5175,5215
424,2018-01-06,4,3099,3103
424,2018-01-07,2,1934,1936
424,2018-01-08,56,6319,6375
424,2018-01-09,56,6821,6877
424,2018-01-10,62,6501,6563
424,2018-01-11,40,6558,6598
424,2018-01-12,61,6644,6705
424,2018-01-13,12,2883,2895
424,2018-01-14,2,2322,2324
424,2018-01-15,62,6555,6617
424,2018-01-16,43,7231,7274
424,2018-01-17,68,6592,6660
424,2018-01-18,43,6797,6840
424,2018-01-19,58,6805,6863
424,2018-01-20,8,2457,2465
424,2018-01-21,6,1695,1701
424,2018-01-22,51,6390,6441
424,2018-01-23,54,6751,6805
424,2018-01-24,63,6638,6701
424,2018-01-25,28,6977,7005
424,2018-01-26,64,6813,6877
424,2018-01-27,13,3070,3083
424,2018-01-28,2,2215,2217
424,2018-01-29,48,6766,6814
424,2018-01-30,47,7101,7148
424,2018-01-31,42,6820,6862
424,2018-02-01,43,6814,6857
424,2018-02-02,58,6925,6983
424,2018-02-03,6,3295,3301
424,2018-02-04,7,1881,1888
424,2018-02-05,56,6574,6630
424,2018-02-06,51,6009,6060
424,2018-02-07,48,6322,6370
424,2018-02-08,36,6679,6715
424,2018-02-09,44,6914,6958
424,2018-02-10,19,2067,2086
424,2018-02-11,4,1286,1290
424,2018-02-12,37,5146,5183
424,2018-02-13,34,5826,5860
424,2018-02-14,28,5502,5530
424,2018-02-15,34,5629,5663
424,2018-02-16,30,5692,5722
424,2018-02-17,7,2119,2126
424,2018-02-18,5,1586,1591
424,2018-02-19,49,6589,6638
424,2018-02-20,37,6974,7011
424,2018-02-21,66,6849,6915
424,2018-02-22,53,7608,7661
424,2018-02-23,78,6779,6857
424,2018-02-24,16,2742,2758
424,2018-02-25,9,1840,1849
424,2018-02-26,74,6156,6230
424,2018-02-27,50,6313,6363
424,2018-02-28,56,6186,6242
424,2018-03-01,41,6438,6479
424,2018-03-02,59,5190,5249
424,2018-03-03,10,2919,2929
424,2018-03-04,6,1975,1981
424,2018-03-05,64,6383,6447
424,2018-03-06,47,6925,6972
424,2018-03-07,57,6592,6649
424,2018-03-08,31,6616,6647
424,2018-03-09,67,6507,6574
424,2018-03-10,6,2746,2752
424,2018-03-11,8,2063,2071
424,2018-03-12,68,6954,7022
424,2018-03-13,34,7057,7091
424,2018-03-14,63,6934,6997
424,2018-03-15,59,6957,7016
424,2018-03-16,53,7132,7185
424,2018-03-17,12,2792,2804
424,2018-03-18,4,1850,1854
424,2018-03-19,58,6793,6851
424,2018-03-20,41,7226,7267
424,2018-03-21,73,7049,7122
424,2018-03-22,56,7282,7338
424,2018-03-23,75,7655,7730
424,2018-03-24,6,3412,3418
424,2018-03-26,54,6814,6868
424,2018-03-27,34,7211,7245
424,2018-03-28,63,6973,7036
424,2018-03-29,76,7059,7135
424,2018-03-30,50,6013,6063
424,2018-03-31,13,2472,2485
424,2018-04-01,NA,1580,NA
424,2018-04-02,6,1433,1439
424,2018-04-03,48,6159,6207
424,2018-04-04,38,6218,6256
424,2018-04-05,54,6305,6359
424,2018-04-06,55,6419,6474
424,2018-04-07,20,2345,2365
424,2018-04-08,7,1627,1634
424,2018-04-09,51,6445,6496
424,2018-04-10,49,7476,7525
424,2018-04-11,36,6605,6641
424,2018-04-12,41,6845,6886
424,2018-04-13,40,7009,7049
424,2018-04-14,37,2544,2581
424,2018-04-15,8,1730,1738
424,2018-04-16,52,7346,7398
424,2018-04-17,52,7773,7825
424,2018-04-18,76,7440,7516
424,2018-04-19,44,7722,7766
424,2018-04-20,81,7542,7623
424,2018-04-21,71,2938,3009
424,2018-04-22,5,2080,2085
424,2018-04-23,87,7201,7288
424,2018-04-24,82,7590,7672
424,2018-04-25,116,7401,7517
424,2018-04-26,124,7419,7543
424,2018-04-27,104,7374,7478
424,2018-04-28,14,3052,3066
424,2018-04-30,41,5332,5373
424,2018-05-01,7,1701,1708
424,2018-05-02,113,6954,7067
424,2018-05-03,80,7321,7401
424,2018-05-04,86,7320,7406
424,2018-05-05,30,3163,3193
424,2018-05-06,9,2183,2192
424,2018-05-07,95,7058,7153
424,2018-05-08,83,7967,8050
424,2018-05-09,83,7634,7717
424,2018-05-10,8,1902,1910
424,2018-05-11,49,5565,5614
424,2018-05-12,30,3085,3115
424,2018-05-13,2,2118,2120
424,2018-05-14,68,7445,7513
424,2018-05-15,54,7639,7693
424,2018-05-16,91,7234,7325
424,2018-05-17,52,7493,7545
424,2018-05-18,70,7664,7734
424,2018-05-19,12,2820,2832
424,2018-05-20,10,1800,1810
424,2018-05-21,6,1550,1556
424,2018-05-22,60,5718,5778
424,2018-05-23,68,6338,6406
424,2018-05-24,60,6596,6656
424,2018-05-25,56,6724,6780
424,2018-05-26,16,2418,2434
424,2018-05-27,5,1723,1728
424,2018-05-28,78,7352,7430
424,2018-05-29,53,7707,7760
424,2018-05-30,60,7251,7311
424,2018-05-31,84,9104,9188
424,2018-06-01,88,7562,7650
424,2018-06-02,10,3325,3335
424,2018-06-03,7,2557,2564
424,2018-06-04,64,7122,7186
424,2018-06-05,47,7611,7658
424,2018-06-06,59,7098,7157
424,2018-06-07,29,7481,7510
424,2018-06-08,50,7584,7634
424,2018-06-09,20,2953,2973
424,2018-06-10,10,2125,2135
424,2018-06-11,92,7573,7665
424,2018-06-12,57,6833,6890
424,2018-06-13,69,6357,6426
424,2018-06-14,78,7012,7090
424,2018-06-15,78,7290,7368
424,2018-06-16,21,3007,3028
424,2018-06-17,8,1516,1524
424,2018-06-18,51,6811,6862
424,2018-06-19,65,7281,7346
424,2018-06-20,57,7026,7083
424,2018-06-21,48,7185,7233
424,2018-06-22,66,7074,7140
424,2018-06-23,25,1923,1948
424,2018-06-24,102,2539,2641
424,2018-06-25,72,6863,6935
424,2018-06-26,46,7597,7643
424,2018-06-27,79,7263,7342
424,2018-06-28,50,7587,7637
424,2018-06-29,94,7207,7301
424,2018-06-30,18,3043,3061
424,2018-07-01,10,2053,2063
424,2018-07-02,65,7091,7156
424,2018-07-03,68,7344,7412
424,2018-07-04,68,7258,7326
424,2018-07-05,48,7265,7313
424,2018-07-06,60,7305,7365
424,2018-07-07,17,2827,2844
424,2018-07-08,2,1962,1964
424,2018-07-09,65,7049,7114
424,2018-07-10,50,7368,7418
424,2018-07-11,68,7013,7081
424,2018-07-12,55,7422,7477
424,2018-07-13,88,7381,7469
424,2018-07-14,25,2616,2641
424,2018-07-15,2,1708,1710
424,2018-07-16,50,6064,6114
424,2018-07-17,61,6259,6320
424,2018-07-18,44,6152,6196
424,2018-07-19,46,6205,6251
424,2018-07-20,28,2615,2643
424,2018-07-21,2,795,797
424,2018-07-22,5,667,672
424,2018-07-23,22,3422,3444
424,2018-07-24,38,5553,5591
424,2018-07-25,35,5585,5620
424,2018-07-26,36,5473,5509
424,2018-07-27,45,5250,5295
424,2018-07-28,12,2059,2071
424,2018-07-29,2,1646,1648
424,2018-07-30,25,4808,4833
424,2018-07-31,25,4821,4846
424,2018-08-01,39,4773,4812
424,2018-08-02,28,4891,4919
424,2018-08-03,32,4797,4829
424,2018-08-04,12,1707,1719
424,2018-08-05,4,1419,1423
424,2018-08-06,24,4331,4355
424,2018-08-07,23,4536,4559
424,2018-08-08,35,4461,4496
424,2018-08-09,34,4188,4222
424,2018-08-10,20,4625,4645
424,2018-08-11,8,1635,1643
424,2018-08-12,4,1367,1371
424,2018-08-13,39,4050,4089
424,2018-08-14,38,4069,4107
424,2018-08-15,8,1387,1395
424,2018-08-16,18,3953,3971
424,2018-08-17,25,3908,3933
424,2018-08-18,16,1613,1629
424,2018-08-19,4,1374,1378
424,2018-08-20,18,4468,4486
424,2018-08-21,15,4908,4923
424,2018-08-22,31,4879,4910
424,2018-08-23,29,5159,5188
424,2018-08-24,31,5249,5280
424,2018-08-25,4,1938,1942
424,2018-08-26,4,1514,1518
424,2018-08-27,31,5580,5611
424,2018-08-28,28,5875,5903
424,2018-08-29,26,5204,5230
424,2018-08-30,48,5983,6031
424,2018-08-31,73,6273,6346
424,2018-09-01,15,2416,2431
424,2018-09-02,7,1760,1767
424,2018-09-03,14,4534,4548
424,2018-09-04,54,5980,6034
424,2018-09-05,48,5903,5951
424,2018-09-06,34,6211,6245
424,2018-09-07,38,6112,6150
424,2018-09-08,20,2239,2259
424,2018-09-09,4,1758,1762
424,2018-09-10,24,6434,6458
424,2018-09-11,26,6425,6451
424,2018-09-12,44,6320,6364
424,2018-09-13,43,6724,6767
424,2018-09-14,35,6632,6667
424,2018-09-15,26,2777,2803
424,2018-09-16,6,2084,2090
424,2018-09-17,45,7099,7144
424,2018-09-18,39,7400,7439
424,2018-09-19,102,7063,7165
424,2018-09-20,50,7231,7281
424,2018-09-21,50,6811,6861
424,2018-09-22,19,2754,2773
424,2018-09-23,4,1665,1669
424,2018-09-24,82,7253,7335
424,2018-09-25,62,7854,7916
424,2018-09-26,91,7332,7423
424,2018-09-27,60,7332,7392
424,2018-09-28,83,7439,7522
424,2018-09-29,19,3199,3218
424,2018-09-30,21,2416,2437
424,2018-10-01,70,6880,6950
424,2018-10-02,42,7267,7309
424,2018-10-03,50,6334,6384
424,2018-10-04,41,6901,6942
424,2018-10-05,71,6783,6854
424,2018-10-06,25,3325,3350
424,2018-10-07,8,2338,2346
424,2018-10-08,59,6708,6767
424,2018-10-09,45,7325,7370
424,2018-10-10,59,7038,7097
424,2018-10-11,51,7250,7301
424,2018-10-12,51,6950,7001
424,2018-10-13,17,2938,2955
424,2018-10-14,4,1988,1992
424,2018-10-15,45,7003,7048
424,2018-10-16,50,7343,7393
424,2018-10-17,43,6959,7002
424,2018-10-18,52,7274,7326
424,2018-10-19,64,7351,7415
424,2018-10-20,20,2777,2797
424,2018-10-21,NA,1950,NA
424,2018-10-22,53,6659,6712
424,2018-10-23,57,6988,7045
424,2018-10-24,51,6877,6928
424,2018-10-25,66,7013,7079
424,2018-10-26,49,6633,6682
424,2018-10-27,13,2779,2792
424,2018-10-28,12,2093,2105
424,2018-10-29,30,6967,6997
424,2018-10-30,35,6796,6831
424,2018-11-01,3,1972,1975
424,2018-11-02,28,4627,4655
424,2018-11-03,12,2552,2564
424,2018-11-04,6,1960,1966
424,2018-11-05,47,7639,7686
424,2018-11-06,47,8674,8721
424,2018-11-07,63,8185,8248
424,2018-11-08,40,8257,8297
424,2018-11-09,58,7989,8047
424,2018-11-10,15,3148,3163
424,2018-11-11,7,2283,2290
424,2018-11-12,57,7577,7634
424,2018-11-13,46,8143,8189
424,2018-11-14,71,7579,7650
424,2018-11-15,54,7822,7876
424,2018-11-16,49,8077,8126
424,2018-11-17,8,2627,2635
424,2018-11-18,8,1504,1512
424,2018-11-19,62,6557,6619
424,2018-11-20,43,7159,7202
424,2018-11-21,53,6910,6963
424,2018-11-22,43,7334,7377
424,2018-11-23,57,7035,7092
424,2018-11-24,12,2761,2773
424,2018-11-25,6,1902,1908
424,2018-11-26,65,7056,7121
424,2018-11-27,38,7605,7643
424,2018-11-28,45,7012,7057
424,2018-11-29,40,7218,7258
424,2018-11-30,49,7073,7122
424,2018-12-01,6,2783,2789
424,2018-12-02,2,1807,1809
424,2018-12-03,58,7064,7122
424,2018-12-04,34,7416,7450
424,2018-12-05,54,7198,7252
424,2018-12-06,32,6831,6863
424,2018-12-07,49,6995,7044
424,2018-12-08,9,2608,2617
424,2018-12-09,13,1854,1867
424,2018-12-10,51,6843,6894
424,2018-12-11,36,6912,6948
424,2018-12-12,82,6731,6813
424,2018-12-13,47,7252,7299
424,2018-12-14,65,6958,7023
424,2018-12-15,12,3064,3076
424,2018-12-16,6,1668,1674
424,2018-12-17,47,6629,6676
424,2018-12-18,37,7237,7274
424,2018-12-19,41,6851,6892
424,2018-12-20,39,7102,7141
424,2018-12-21,45,6980,7025
424,2018-12-22,9,2199,2208
424,2018-12-23,NA,1572,NA
424,2018-12-24,16,2420,2436
424,2018-12-25,NA,1166,NA
424,2018-12-26,2,1134,1136
424,2018-12-27,14,2764,2778
424,2018-12-28,6,2829,2835
424,2018-12-29,2,1524,1526
424,2018-12-30,5,1374,1379
424,2018-12-31,6,2251,2257
425,2018-01-12,417,11418,11835
425,2018-01-13,194,7729,7923
425,2018-01-14,49,4969,5018
425,2018-01-15,417,10521,10938
425,2018-01-16,398,11264,11662
425,2018-01-17,450,11316,11766
425,2018-01-18,419,10966,11385
425,2018-01-19,386,11594,11980
425,2018-01-20,182,7576,7758
425,2018-01-21,52,4658,4710
425,2018-01-22,414,10183,10597
425,2018-01-23,396,11142,11538
425,2018-01-24,405,11011,11416
425,2018-01-25,359,11236,11595
425,2018-01-26,425,11479,11904
425,2018-01-27,173,7829,8002
425,2018-01-28,43,4965,5008
425,2018-01-29,438,10269,10707
425,2018-01-30,447,11133,11580
425,2018-01-31,383,11507,11890
425,2018-02-01,418,11147,11565
425,2018-02-02,392,11337,11729
425,2018-02-03,182,7947,8129
425,2018-02-04,60,4782,4842
425,2018-02-05,488,10491,10979
425,2018-02-06,408,11170,11578
425,2018-02-07,448,11180,11628
425,2018-02-08,414,11572,11986
425,2018-02-09,417,11734,12151
425,2018-02-10,198,6514,6712
425,2018-02-11,64,3838,3902
425,2018-02-12,324,8648,8972
425,2018-02-13,379,9801,10180
425,2018-02-14,408,10182,10590
425,2018-02-15,372,9673,10045
425,2018-02-16,385,10565,10950
425,2018-02-17,193,6831,7024
425,2018-02-18,41,5301,5342
425,2018-02-19,499,10653,11152
425,2018-02-20,438,11415,11853
425,2018-02-21,451,11442,11893
425,2018-02-22,443,11440,11883
425,2018-02-23,434,11720,12154
425,2018-02-24,216,7956,8172
425,2018-02-25,51,4892,4943
425,2018-02-26,493,10368,10861
425,2018-02-27,469,11106,11575
425,2018-02-28,476,10878,11354
425,2018-03-01,403,10972,11375
425,2018-03-02,399,10022,10421
425,2018-03-03,185,7481,7666
425,2018-03-04,47,4850,4897
425,2018-03-05,405,10592,10997
425,2018-03-06,396,11406,11802
425,2018-03-07,404,11113,11517
425,2018-03-08,415,11329,11744
425,2018-03-09,426,11527,11953
425,2018-03-10,193,8481,8674
425,2018-03-11,45,5553,5598
425,2018-03-12,438,10578,11016
425,2018-03-13,399,11328,11727
425,2018-03-14,429,11241,11670
425,2018-03-15,442,12080,12522
425,2018-03-16,411,11944,12355
425,2018-03-17,221,8177,8398
425,2018-03-18,59,5551,5610
425,2018-03-19,490,10625,11115
425,2018-03-20,483,11461,11944
425,2018-03-21,479,11336,11815
425,2018-03-22,398,11553,11951
425,2018-03-23,445,12154,12599
425,2018-03-24,195,8110,8305
425,2018-03-26,490,10475,10965
425,2018-03-27,418,11463,11881
425,2018-03-28,438,11489,11927
425,2018-03-29,440,11971,12411
425,2018-03-30,393,10809,11202
425,2018-03-31,190,7205,7395
425,2018-04-01,32,4145,4177
425,2018-04-02,32,3881,3913
425,2018-04-03,404,10385,10789
425,2018-04-04,409,10214,10623
425,2018-04-05,393,10687,11080
425,2018-04-06,409,11018,11427
425,2018-04-07,235,6896,7131
425,2018-04-08,42,4913,4955
425,2018-04-09,409,10312,10721
425,2018-04-10,484,11488,11972
425,2018-04-11,437,10963,11400
425,2018-04-12,442,11196,11638
425,2018-04-13,445,11749,12194
425,2018-04-14,223,7835,8058
425,2018-04-15,45,5053,5098
425,2018-04-16,483,11569,12052
425,2018-04-17,486,12322,12808
425,2018-04-18,470,12149,12619
425,2018-04-19,436,12466,12902
425,2018-04-20,452,12367,12819
425,2018-04-21,203,8853,9056
425,2018-04-22,56,5986,6042
425,2018-04-23,499,11669,12168
425,2018-04-24,504,11959,12463
425,2018-04-25,550,11785,12335
425,2018-04-26,527,12351,12878
425,2018-04-27,535,12427,12962
425,2018-04-28,236,8516,8752
425,2018-04-29,66,5094,5160
425,2018-04-30,394,9854,10248
425,2018-05-01,47,4491,4538
425,2018-05-02,565,12030,12595
425,2018-05-03,611,11934,12545
425,2018-05-04,544,12588,13132
425,2018-05-05,230,8588,8818
425,2018-05-06,66,5573,5639
425,2018-05-07,592,11323,11915
425,2018-05-08,610,12370,12980
425,2018-05-09,458,12788,13246
425,2018-05-10,46,4580,4626
425,2018-05-11,342,10831,11173
425,2018-05-12,232,8178,8410
425,2018-05-13,38,4921,4959
425,2018-05-14,478,11375,11853
425,2018-05-15,457,12523,12980
425,2018-05-16,470,12228,12698
425,2018-05-17,507,12702,13209
425,2018-05-18,583,13152,13735
425,2018-05-19,287,7975,8262
425,2018-05-20,121,5039,5160
425,2018-05-21,61,4218,4279
425,2018-05-22,494,10968,11462
425,2018-05-23,464,10929,11393
425,2018-05-24,465,10877,11342
425,2018-05-25,476,11614,12090
425,2018-05-26,219,7751,7970
425,2018-05-27,64,4864,4928
425,2018-05-28,530,11634,12164
425,2018-05-29,388,12423,12811
425,2018-05-30,458,12334,12792
425,2018-05-31,403,12739,13142
425,2018-06-01,274,11800,12074
425,2018-06-02,199,8833,9032
425,2018-06-03,60,6363,6423
425,2018-06-04,491,11615,12106
425,2018-06-05,480,12273,12753
425,2018-06-06,526,11775,12301
425,2018-06-07,386,12346,12732
425,2018-06-08,494,12546,13040
425,2018-06-09,197,8953,9150
425,2018-06-10,38,5707,5745
425,2018-06-11,417,11711,12128
425,2018-06-12,446,12518,12964
425,2018-06-13,518,12176,12694
425,2018-06-14,383,12771,13154
425,2018-06-15,433,12895,13328
425,2018-06-16,191,8335,8526
425,2018-06-17,47,5322,5369
425,2018-06-18,463,11429,11892
425,2018-06-19,437,11995,12432
425,2018-06-20,451,11975,12426
425,2018-06-21,416,12623,13039
425,2018-06-22,487,12481,12968
425,2018-06-23,92,5296,5388
425,2018-06-24,53,5358,5411
425,2018-06-25,458,11611,12069
425,2018-06-26,433,12408,12841
425,2018-06-27,484,11800,12284
425,2018-06-28,430,12408,12838
425,2018-06-29,442,12548,12990
425,2018-06-30,192,8815,9007
425,2018-07-01,67,6432,6499
425,2018-07-02,399,11315,11714
425,2018-07-03,416,12090,12506
425,2018-07-04,418,11803,12221
425,2018-07-05,397,12472,12869
425,2018-07-06,473,12741,13214
425,2018-07-07,212,9290,9502
425,2018-07-08,55,5817,5872
425,2018-07-09,506,11401,11907
425,2018-07-10,487,12427,12914
425,2018-07-11,453,12109,12562
425,2018-07-12,471,12303,12774
425,2018-07-13,423,12367,12790
425,2018-07-14,207,8073,8280
425,2018-07-15,61,4915,4976
425,2018-07-16,464,11171,11635
425,2018-07-17,354,11164,11518
425,2018-07-18,430,11665,12095
425,2018-07-19,432,11502,11934
425,2018-07-20,400,11718,12118
425,2018-07-21,169,7131,7300
425,2018-07-22,45,5098,5143
425,2018-07-23,314,10561,10875
425,2018-07-24,366,10955,11321
425,2018-07-25,386,10810,11196
425,2018-07-26,334,10857,11191
425,2018-07-27,292,10559,10851
425,2018-07-28,88,6035,6123
425,2018-07-29,42,4302,4344
425,2018-07-30,221,8865,9086
425,2018-07-31,217,9663,9880
425,2018-08-01,231,9035,9266
425,2018-08-02,267,9737,10004
425,2018-08-03,261,9848,10109
425,2018-08-04,135,6258,6393
425,2018-08-05,45,4427,4472
425,2018-08-06,267,8493,8760
425,2018-08-07,276,8999,9275
425,2018-08-08,190,8659,8849
425,2018-08-09,216,8270,8486
425,2018-08-10,285,9759,10044
425,2018-08-11,153,6200,6353
425,2018-08-12,52,4380,4432
425,2018-08-13,201,7072,7273
425,2018-08-14,258,9219,9477
425,2018-08-15,39,4347,4386
425,2018-08-16,283,8765,9048
425,2018-08-17,272,9151,9423
425,2018-08-18,182,6267,6449
425,2018-08-19,50,4776,4826
425,2018-08-20,338,9377,9715
425,2018-08-21,352,9878,10230
425,2018-08-22,319,9857,10176
425,2018-08-23,301,9919,10220
425,2018-08-24,332,10207,10539
425,2018-08-25,155,6393,6548
425,2018-08-26,58,4480,4538
425,2018-08-27,290,8890,9180
425,2018-08-28,404,10876,11280
425,2018-08-29,350,8965,9315
425,2018-08-30,370,11242,11612
425,2018-08-31,444,11681,12125
425,2018-09-01,240,7307,7547
425,2018-09-02,76,4930,5006
425,2018-09-03,447,10508,10955
425,2018-09-04,455,11426,11881
425,2018-09-05,496,11382,11878
425,2018-09-06,474,11458,11932
425,2018-09-07,430,11499,11929
425,2018-09-08,241,7514,7755
425,2018-09-09,75,5191,5266
425,2018-09-10,426,10919,11345
425,2018-09-11,446,11415,11861
425,2018-09-12,459,11497,11956
425,2018-09-13,447,11511,11958
425,2018-09-14,432,12169,12601
425,2018-09-15,238,7746,7984
425,2018-09-16,52,5648,5700
425,2018-09-17,471,11297,11768
425,2018-09-18,493,11750,12243
425,2018-09-19,530,11506,12036
425,2018-09-20,595,12063,12658
425,2018-09-21,521,12005,12526
425,2018-09-22,220,8155,8375
425,2018-09-23,44,4868,4912
425,2018-09-24,477,11445,11922
425,2018-09-25,492,12045,12537
425,2018-09-26,498,11896,12394
425,2018-09-27,516,12445,12961
425,2018-09-28,492,12336,12828
425,2018-09-29,240,8640,8880
425,2018-09-30,59,6187,6246
425,2018-10-01,523,10980,11503
425,2018-10-02,501,12104,12605
425,2018-10-03,476,11524,12000
425,2018-10-04,515,12241,12756
425,2018-10-05,512,12318,12830
425,2018-10-06,233,8361,8594
425,2018-10-07,52,5313,5365
425,2018-10-08,540,11052,11592
425,2018-10-09,491,11985,12476
425,2018-10-10,569,11861,12430
425,2018-10-11,480,12186,12666
425,2018-10-12,488,12235,12723
425,2018-10-13,196,8472,8668
425,2018-10-14,41,5736,5777
425,2018-10-15,466,11598,12064
425,2018-10-16,505,12282,12787
425,2018-10-17,562,11775,12337
425,2018-10-18,519,12167,12686
425,2018-10-19,572,12363,12935
425,2018-10-20,244,8482,8726
425,2018-10-21,98,6591,6689
425,2018-10-22,511,11442,11953
425,2018-10-23,546,12033,12579
425,2018-10-24,500,11844,12344
425,2018-10-25,471,12490,12961
425,2018-10-26,548,12015,12563
425,2018-10-27,240,7855,8095
425,2018-10-28,51,5011,5062
425,2018-10-29,490,10769,11259
425,2018-10-30,438,11247,11685
425,2018-11-01,44,4492,4536
425,2018-11-21,555,12303,12858
425,2018-11-22,520,12829,13349
425,2018-11-23,512,12581,13093
425,2018-11-24,221,9791,10012
425,2018-11-25,51,5639,5690
425,2018-11-26,525,11752,12277
425,2018-11-27,484,12516,13000
425,2018-11-28,439,11346,11785
425,2018-11-29,525,12873,13398
425,2018-11-30,446,12428,12874
425,2018-12-01,202,8086,8288
425,2018-12-02,24,4515,4539
425,2018-12-03,454,11246,11700
425,2018-12-04,420,12496,12916
425,2018-12-05,455,12613,13068
425,2018-12-06,405,12074,12479
425,2018-12-07,425,12329,12754
425,2018-12-08,190,8402,8592
425,2018-12-09,42,5167,5209
425,2018-12-10,422,11667,12089
425,2018-12-11,539,13195,13734
425,2018-12-12,506,12159,12665
425,2018-12-13,541,13447,13988
425,2018-12-14,497,12642,13139
425,2018-12-15,204,8746,8950
425,2018-12-16,64,5398,5462
425,2018-12-17,465,11848,12313
425,2018-12-18,505,14181,14686
425,2018-12-19,459,12598,13057
425,2018-12-20,402,12723,13125
425,2018-12-21,319,12240,12559
425,2018-12-22,161,7420,7581
425,2018-12-23,37,4686,4723
425,2018-12-24,179,6962,7141
425,2018-12-25,36,3677,3713
425,2018-12-26,37,3751,3788
425,2018-12-27,263,7849,8112
425,2018-12-28,264,8036,8300
425,2018-12-29,148,5896,6044
425,2018-12-30,48,4048,4096
425,2018-12-31,208,6557,6765
426,2018-01-01,109,2252,2361
426,2018-01-02,271,4870,5141
426,2018-01-03,266,4854,5120
426,2018-01-04,270,4885,5155
426,2018-01-05,267,5367,5634
426,2018-01-06,164,2945,3109
426,2018-01-07,119,3066,3185
426,2018-01-08,311,6677,6988
426,2018-01-09,320,6755,7075
426,2018-01-10,325,6678,7003
426,2018-01-11,318,6552,6870
426,2018-01-12,314,6883,7197
426,2018-01-13,177,3950,4127
426,2018-01-14,119,3161,3280
426,2018-01-15,351,5950,6301
426,2018-01-16,324,6386,6710
426,2018-01-17,326,6368,6694
426,2018-01-18,329,6649,6978
426,2018-01-19,351,6756,7107
426,2018-01-20,172,3360,3532
426,2018-01-21,126,2981,3107
426,2018-01-22,339,6197,6536
426,2018-01-23,342,6262,6604
426,2018-01-24,329,6350,6679
426,2018-01-25,315,5629,5944
426,2018-01-26,322,6359,6681
426,2018-01-27,177,3821,3998
426,2018-01-28,121,3069,3190
426,2018-01-29,320,6152,6472
426,2018-01-30,346,6339,6685
426,2018-01-31,299,5217,5516
426,2018-02-01,348,6493,6841
426,2018-02-02,337,6528,6865
426,2018-02-03,170,4120,4290
426,2018-02-04,120,3044,3164
426,2018-02-05,322,6741,7063
426,2018-02-06,317,5692,6009
426,2018-02-07,308,6501,6809
426,2018-02-08,307,6506,6813
426,2018-02-09,306,6540,6846
426,2018-02-10,169,3269,3438
426,2018-02-11,128,2344,2472
426,2018-02-12,288,4956,5244
426,2018-02-13,306,5402,5708
426,2018-02-14,335,5921,6256
426,2018-02-15,321,5253,5574
426,2018-02-16,302,5500,5802
426,2018-02-17,171,3242,3413
426,2018-02-18,115,3012,3127
426,2018-02-19,316,6352,6668
426,2018-02-20,325,6464,6789
426,2018-02-21,367,6535,6902
426,2018-02-22,348,6762,7110
426,2018-02-23,363,6816,7179
426,2018-02-24,170,4509,4679
426,2018-02-25,118,3333,3451
426,2018-02-26,321,6242,6563
426,2018-02-27,304,6564,6868
426,2018-02-28,363,6702,7065
426,2018-03-01,352,6613,6965
426,2018-03-02,287,5625,5912
426,2018-03-03,195,3713,3908
426,2018-03-04,118,2985,3103
426,2018-03-05,308,6080,6388
426,2018-03-06,325,6486,6811
426,2018-03-07,335,6190,6525
426,2018-03-08,338,6386,6724
426,2018-03-09,344,6473,6817
426,2018-03-10,208,4907,5115
426,2018-03-11,134,3528,3662
426,2018-03-12,323,6372,6695
426,2018-03-13,326,6605,6931
426,2018-03-14,332,6882,7214
426,2018-03-15,322,7288,7610
426,2018-03-16,316,6916,7232
426,2018-03-17,175,4117,4292
426,2018-03-18,112,3282,3394
426,2018-03-19,355,6729,7084
426,2018-03-20,350,6792,7142
426,2018-03-21,362,7645,8007
426,2018-03-22,348,6892,7240
426,2018-03-23,332,6975,7307
426,2018-03-24,188,4186,4374
426,2018-03-26,337,6324,6661
426,2018-03-27,316,6197,6513
426,2018-03-28,313,6258,6571
426,2018-03-29,347,6919,7266
426,2018-03-30,308,5971,6279
426,2018-03-31,166,3418,3584
426,2018-04-01,121,2665,2786
426,2018-04-02,108,2710,2818
426,2018-04-03,348,5687,6035
426,2018-04-04,322,5429,5751
426,2018-04-05,336,5816,6152
426,2018-04-06,353,6239,6592
426,2018-04-07,176,3557,3733
426,2018-04-08,118,2932,3050
426,2018-04-09,341,5934,6275
426,2018-04-10,339,5915,6254
426,2018-04-11,318,5897,6215
426,2018-04-12,312,6498,6810
426,2018-04-13,360,6541,6901
426,2018-04-14,172,3586,3758
426,2018-04-15,113,3097,3210
426,2018-04-16,331,6393,6724
426,2018-04-17,395,6652,7047
426,2018-04-18,423,6715,7138
426,2018-04-19,412,6778,7190
426,2018-04-20,390,6927,7317
426,2018-04-21,289,4244,4533
426,2018-04-22,114,3098,3212
426,2018-04-23,408,6512,6920
426,2018-04-24,447,6953,7400
426,2018-04-25,489,7698,8187
426,2018-04-26,458,7513,7971
426,2018-04-27,451,7188,7639
426,2018-04-28,299,4071,4370
426,2018-04-29,134,3102,3236
426,2018-04-30,338,5581,5919
426,2018-05-01,122,3152,3274
426,2018-05-02,518,6885,7403
426,2018-05-03,543,7203,7746
426,2018-05-04,521,7079,7600
426,2018-05-05,198,4272,4470
426,2018-05-06,113,3409,3522
426,2018-05-07,341,6698,7039
426,2018-05-08,360,6882,7242
426,2018-05-09,342,6772,7114
426,2018-05-10,109,3064,3173
426,2018-05-11,299,5667,5966
426,2018-05-12,170,4436,4606
426,2018-05-13,122,3625,3747
426,2018-05-14,347,6494,6841
426,2018-05-15,364,6981,7345
426,2018-05-16,368,6878,7246
426,2018-05-17,435,7038,7473
426,2018-05-18,439,7591,8030
426,2018-05-19,235,3667,3902
426,2018-05-20,120,2883,3003
426,2018-05-21,119,2718,2837
426,2018-05-22,416,5775,6191
426,2018-05-23,354,5692,6046
426,2018-05-24,356,5806,6162
426,2018-05-25,344,6445,6789
426,2018-05-26,197,3749,3946
426,2018-05-27,113,3224,3337
426,2018-05-28,361,7118,7479
426,2018-05-29,348,7057,7405
426,2018-05-30,347,6729,7076
426,2018-05-31,319,7265,7584
426,2018-06-01,374,7424,7798
426,2018-06-02,184,4194,4378
426,2018-06-03,112,3644,3756
426,2018-06-04,344,6808,7152
426,2018-06-05,325,6073,6398
426,2018-06-06,341,6231,6572
426,2018-06-07,311,6328,6639
426,2018-06-08,347,6810,7157
426,2018-06-09,187,3976,4163
426,2018-06-10,115,3292,3407
426,2018-06-11,315,5996,6311
426,2018-06-12,313,5832,6145
426,2018-06-13,369,7101,7470
426,2018-06-14,339,7140,7479
426,2018-06-15,356,6867,7223
426,2018-06-16,195,4515,4710
426,2018-06-17,114,3297,3411
426,2018-06-18,348,6691,7039
426,2018-06-19,357,6757,7114
426,2018-06-20,352,6973,7325
426,2018-06-21,347,7241,7588
426,2018-06-22,366,7071,7437
426,2018-06-23,128,3468,3596
426,2018-06-24,116,3527,3643
426,2018-06-25,332,6720,7052
426,2018-06-26,348,6439,6787
426,2018-06-27,335,6419,6754
426,2018-06-28,349,7391,7740
426,2018-06-29,319,7124,7443
426,2018-06-30,168,4127,4295
426,2018-07-01,120,3113,3233
426,2018-07-02,316,6441,6757
426,2018-07-03,336,6629,6965
426,2018-07-04,342,6642,6984
426,2018-07-05,340,7168,7508
426,2018-07-06,324,7097,7421
426,2018-07-07,186,4805,4991
426,2018-07-08,123,4531,4654
426,2018-07-09,332,6341,6673
426,2018-07-10,365,6725,7090
426,2018-07-11,350,6823,7173
426,2018-07-12,345,6769,7114
426,2018-07-13,303,6480,6783
426,2018-07-14,179,3830,4009
426,2018-07-15,129,2940,3069
426,2018-07-16,322,5791,6113
426,2018-07-17,328,6202,6530
426,2018-07-18,335,6553,6888
426,2018-07-19,321,5857,6178
426,2018-07-20,361,6073,6434
426,2018-07-21,177,3391,3568
426,2018-07-22,133,2787,2920
426,2018-07-23,324,5733,6057
426,2018-07-24,318,5802,6120
426,2018-07-25,309,5387,5696
426,2018-07-26,296,5555,5851
426,2018-07-27,296,5177,5473
426,2018-07-28,168,3395,3563
426,2018-07-29,127,3082,3209
426,2018-07-30,272,5099,5371
426,2018-07-31,278,5117,5395
426,2018-08-01,264,5011,5275
426,2018-08-02,262,4776,5038
426,2018-08-03,273,5138,5411
426,2018-08-04,165,2880,3045
426,2018-08-05,115,3163,3278
426,2018-08-06,256,4581,4837
426,2018-08-07,270,4426,4696
426,2018-08-08,284,4754,5038
426,2018-08-09,271,4627,4898
426,2018-08-10,268,4699,4967
426,2018-08-11,160,2717,2877
426,2018-08-12,117,2471,2588
426,2018-08-13,276,4560,4836
426,2018-08-14,286,4735,5021
426,2018-08-15,120,2563,2683
426,2018-08-16,293,4793,5086
426,2018-08-17,291,5084,5375
426,2018-08-18,210,2835,3045
426,2018-08-19,134,2493,2627
426,2018-08-20,303,5172,5475
426,2018-08-21,344,5072,5416
426,2018-08-22,336,4979,5315
426,2018-08-23,322,5634,5956
426,2018-08-24,368,5605,5973
426,2018-08-25,177,3081,3258
426,2018-08-26,122,2695,2817
426,2018-08-27,335,5223,5558
426,2018-08-28,320,5224,5544
426,2018-08-29,333,5047,5380
426,2018-08-30,340,5822,6162
426,2018-08-31,337,6405,6742
426,2018-09-01,201,3306,3507
426,2018-09-02,121,2685,2806
426,2018-09-03,315,5280,5595
426,2018-09-04,359,5718,6077
426,2018-09-05,315,5911,6226
426,2018-09-06,335,6462,6797
426,2018-09-07,345,6316,6661
426,2018-09-08,184,3661,3845
426,2018-09-09,127,3337,3464
426,2018-09-10,346,6564,6910
426,2018-09-11,359,6613,6972
426,2018-09-12,331,6701,7032
426,2018-09-13,316,6791,7107
426,2018-09-14,351,6814,7165
426,2018-09-15,188,3995,4183
426,2018-09-16,122,3354,3476
426,2018-09-17,306,6586,6892
426,2018-09-18,363,6368,6731
426,2018-09-19,340,6526,6866
426,2018-09-20,344,6847,7191
426,2018-09-21,347,6582,6929
426,2018-09-22,176,4170,4346
426,2018-09-23,126,2949,3075
426,2018-09-24,329,6443,6772
426,2018-09-25,328,6812,7140
426,2018-09-26,337,6623,6960
426,2018-09-27,341,6918,7259
426,2018-09-28,319,6923,7242
426,2018-09-29,179,4509,4688
426,2018-09-30,126,3699,3825
426,2018-10-01,364,6688,7052
426,2018-10-02,363,6649,7012
426,2018-10-03,309,6425,6734
426,2018-10-04,325,7202,7527
426,2018-10-05,352,7138,7490
426,2018-10-06,189,4132,4321
426,2018-10-07,125,3402,3527
426,2018-10-08,334,6372,6706
426,2018-10-09,350,6490,6840
426,2018-10-10,354,6578,6932
426,2018-10-11,373,7081,7454
426,2018-10-12,341,7011,7352
426,2018-10-13,186,4947,5133
426,2018-10-14,118,3323,3441
426,2018-10-15,329,6415,6744
426,2018-10-16,351,6700,7051
426,2018-10-17,380,6587,6967
426,2018-10-18,344,7004,7348
426,2018-10-19,349,6791,7140
426,2018-10-20,185,4228,4413
426,2018-10-21,118,3608,3726
426,2018-10-22,376,6555,6931
426,2018-10-23,368,6499,6867
426,2018-10-24,343,6147,6490
426,2018-10-25,326,6426,6752
426,2018-10-26,334,6742,7076
426,2018-10-27,169,3866,4035
426,2018-10-28,119,2969,3088
426,2018-10-29,342,6016,6358
426,2018-10-30,317,5582,5899
426,2018-11-01,114,3018,3132
426,2018-11-02,282,4498,4780
426,2018-11-03,183,3387,3570
426,2018-11-04,117,3195,3312
426,2018-11-05,323,6210,6533
426,2018-11-06,308,6244,6552
426,2018-11-07,358,6299,6657
426,2018-11-08,366,6668,7034
426,2018-11-09,357,6782,7139
426,2018-11-10,166,3454,3620
426,2018-11-11,121,2798,2919
426,2018-11-12,348,6226,6574
426,2018-11-13,326,6652,6978
426,2018-11-14,323,6805,7128
426,2018-11-15,379,6513,6892
426,2018-11-16,346,6972,7318
426,2018-11-17,185,4352,4537
426,2018-11-18,120,3330,3450
426,2018-11-19,291,5806,6097
426,2018-11-20,368,6525,6893
426,2018-11-21,369,6534,6903
426,2018-11-22,343,6874,7217
426,2018-11-23,345,6998,7343
426,2018-11-24,168,3816,3984
426,2018-11-25,125,3318,3443
426,2018-11-26,335,6486,6821
426,2018-11-27,355,6702,7057
426,2018-11-28,322,6003,6325
426,2018-11-29,376,6640,7016
426,2018-11-30,414,6609,7023
426,2018-12-01,179,4190,4369
426,2018-12-02,120,3065,3185
426,2018-12-03,338,5205,5543
426,2018-12-04,336,6390,6726
426,2018-12-05,325,6332,6657
426,2018-12-06,323,6620,6943
426,2018-12-07,351,6366,6717
426,2018-12-08,182,4026,4208
426,2018-12-09,135,3193,3328
426,2018-12-10,340,6446,6786
426,2018-12-11,349,6699,7048
426,2018-12-12,381,6693,7074
426,2018-12-13,406,7272,7678
426,2018-12-14,388,7031,7419
426,2018-12-15,179,4353,4532
426,2018-12-16,130,2803,2933
426,2018-12-17,341,6266,6607
426,2018-12-18,340,6643,6983
426,2018-12-19,328,6533,6861
426,2018-12-20,330,6771,7101
426,2018-12-21,299,6302,6601
426,2018-12-22,167,3476,3643
426,2018-12-23,123,2710,2833
426,2018-12-24,224,3413,3637
426,2018-12-25,106,2294,2400
426,2018-12-26,113,2409,2522
426,2018-12-27,267,4074,4341
426,2018-12-28,273,4178,4451
426,2018-12-29,167,2773,2940
426,2018-12-30,119,2525,2644
426,2018-12-31,254,3115,3369
427,2018-01-01,NA,1420,NA
427,2018-01-02,24,2900,2924
427,2018-01-03,50,3012,3062
427,2018-01-05,26,3366,3392
427,2018-01-06,12,2126,2138
427,2018-01-07,4,1820,1824
427,2018-01-08,82,3844,3926
427,2018-01-09,93,3796,3889
427,2018-01-10,98,3987,4085
427,2018-01-12,86,3915,4001
427,2018-01-13,30,2269,2299
427,2018-01-14,7,1911,1918
427,2018-01-15,168,3868,4036
427,2018-01-16,135,3968,4103
427,2018-01-17,129,3857,3986
427,2018-01-18,87,4005,4092
427,2018-01-19,101,3918,4019
427,2018-01-20,27,2098,2125
427,2018-01-21,10,1713,1723
427,2018-01-22,108,3730,3838
427,2018-01-23,122,3870,3992
427,2018-01-24,89,3986,4075
427,2018-01-26,156,3954,4110
427,2018-01-27,22,2382,2404
427,2018-01-28,6,1821,1827
427,2018-01-29,126,3698,3824
427,2018-01-30,93,4023,4116
427,2018-01-31,131,5045,5176
427,2018-02-01,126,4111,4237
427,2018-02-02,185,4078,4263
427,2018-02-03,17,2383,2400
427,2018-02-04,6,1657,1663
427,2018-02-05,128,3864,3992
427,2018-02-06,89,3465,3554
427,2018-02-07,77,3751,3828
427,2018-02-09,111,3780,3891
427,2018-02-10,10,1909,1919
427,2018-02-11,11,1452,1463
427,2018-02-12,79,2664,2743
427,2018-02-13,109,3023,3132
427,2018-02-14,105,3763,3868
427,2018-02-15,73,3081,3154
427,2018-02-16,70,3209,3279
427,2018-02-17,13,1962,1975
427,2018-02-18,7,1871,1878
427,2018-02-19,132,3575,3707
427,2018-02-20,135,3841,3976
427,2018-02-21,133,4061,4194
427,2018-02-23,156,3969,4125
427,2018-02-24,25,2742,2767
427,2018-02-25,2,1936,1938
427,2018-02-26,88,3532,3620
427,2018-02-27,117,3742,3859
427,2018-02-28,144,3844,3988
427,2018-03-01,163,3657,3820
427,2018-03-02,202,3578,3780
427,2018-03-03,18,2006,2024
427,2018-03-04,3,1735,1738
427,2018-03-05,147,3555,3702
427,2018-03-06,191,3932,4123
427,2018-03-07,125,4012,4137
427,2018-03-09,204,4392,4596
427,2018-03-10,13,2392,2405
427,2018-03-11,11,1961,1972
427,2018-03-12,170,3882,4052
427,2018-03-13,75,3988,4063
427,2018-03-14,113,4027,4140
427,2018-03-15,191,5403,5594
427,2018-03-16,124,4209,4333
427,2018-03-17,23,2325,2348
427,2018-03-18,6,1749,1755
427,2018-03-19,121,3679,3800
427,2018-03-20,186,3833,4019
427,2018-03-21,183,4116,4299
427,2018-03-22,131,3913,4044
427,2018-03-23,117,4154,4271
427,2018-03-24,27,2612,2639
427,2018-03-26,165,3719,3884
427,2018-03-27,131,4188,4319
427,2018-03-28,125,4031,4156
427,2018-03-31,15,2191,2206
427,2018-04-01,4,1666,1670
427,2018-04-02,3,1692,1695
427,2018-04-03,146,3381,3527
427,2018-04-04,136,3410,3546
427,2018-04-06,190,3608,3798
427,2018-04-07,26,2239,2265
427,2018-04-08,8,2196,2204
427,2018-04-09,223,3561,3784
427,2018-04-10,275,3873,4148
427,2018-04-11,188,4048,4236
427,2018-04-13,256,3922,4178
427,2018-04-14,51,2536,2587
427,2018-04-15,8,2239,2247
427,2018-04-16,188,4619,4807
427,2018-04-17,176,4519,4695
427,2018-04-18,188,4713,4901
427,2018-04-19,177,4996,5173
427,2018-04-20,136,4690,4826
427,2018-04-21,82,2967,3049
427,2018-04-22,5,2423,2428
427,2018-04-23,178,4166,4344
427,2018-04-24,234,4780,5014
427,2018-04-25,182,4613,4795
427,2018-04-27,176,4714,4890
427,2018-04-28,80,2750,2830
427,2018-04-29,6,2000,2006
427,2018-04-30,40,3136,3176
427,2018-05-01,9,1908,1917
427,2018-05-02,239,4088,4327
427,2018-05-03,188,4477,4665
427,2018-05-04,199,4592,4791
427,2018-05-05,36,2775,2811
427,2018-05-06,7,2412,2419
427,2018-05-07,210,4525,4735
427,2018-05-08,179,4756,4935
427,2018-05-09,215,4659,4874
427,2018-05-11,73,3671,3744
427,2018-05-12,42,4013,4055
427,2018-05-13,6,2012,2018
427,2018-05-14,206,4282,4488
427,2018-05-15,193,4936,5129
427,2018-05-16,240,4645,4885
427,2018-05-17,188,5438,5626
427,2018-05-18,199,6185,6384
427,2018-05-19,65,2583,2648
427,2018-05-20,10,2070,2080
427,2018-05-21,16,1948,1964
427,2018-05-22,402,3750,4152
427,2018-05-23,626,3826,4452
427,2018-05-25,501,4200,4701
427,2018-05-26,75,2695,2770
427,2018-05-27,4,2283,2287
427,2018-05-28,664,4102,4766
427,2018-05-29,558,4488,5046
427,2018-05-30,538,4590,5128
427,2018-05-31,558,4950,5508
427,2018-06-01,478,5024,5502
427,2018-06-02,59,2737,2796
427,2018-06-03,8,2547,2555
427,2018-06-04,238,4233,4471
427,2018-06-05,341,4596,4937
427,2018-06-06,457,4698,5155
427,2018-06-08,676,4754,5430
427,2018-06-09,108,3030,3138
427,2018-06-10,27,2555,2582
427,2018-06-11,446,4844,5290
427,2018-06-12,482,4796,5278
427,2018-06-13,352,4469,4821
427,2018-06-14,327,4595,4922
427,2018-06-15,288,4531,4819
427,2018-06-16,81,3029,3110
427,2018-06-17,7,2263,2270
427,2018-06-18,392,4154,4546
427,2018-06-19,432,4440,4872
427,2018-06-20,389,4635,5024
427,2018-06-22,439,4482,4921
427,2018-06-23,15,2002,2017
427,2018-06-24,12,2395,2407
427,2018-06-25,342,4374,4716
427,2018-06-26,424,4652,5076
427,2018-06-27,350,4662,5012
427,2018-06-28,461,5055,5516
427,2018-06-29,399,4977,5376
427,2018-06-30,53,2904,2957
427,2018-07-01,4,2631,2635
427,2018-07-02,357,4402,4759
427,2018-07-03,407,5090,5497
427,2018-07-04,528,4566,5094
427,2018-07-06,357,7033,7390
427,2018-07-07,122,6707,6829
427,2018-07-08,51,5487,5538
427,2018-07-09,364,4603,4967
427,2018-07-10,458,4439,4897
427,2018-07-11,441,4470,4911
427,2018-07-12,442,4525,4967
427,2018-07-13,422,4555,4977
427,2018-07-14,51,2657,2708
427,2018-07-15,20,2184,2204
427,2018-07-16,479,4267,4746
427,2018-07-17,409,4311,4720
427,2018-07-18,423,4347,4770
427,2018-07-20,416,4413,4829
427,2018-07-21,40,2432,2472
427,2018-07-22,22,2501,2523
427,2018-07-23,367,4050,4417
427,2018-07-24,354,4172,4526
427,2018-07-25,333,4423,4756
427,2018-07-26,294,3856,4150
427,2018-07-27,80,3649,3729
427,2018-07-28,29,2199,2228
427,2018-07-29,10,2271,2281
427,2018-07-30,58,3253,3311
427,2018-07-31,51,3505,3556
427,2018-08-01,32,3308,3340
427,2018-08-03,58,3323,3381
427,2018-08-04,25,2175,2200
427,2018-08-05,7,2269,2276
427,2018-08-06,47,3008,3055
427,2018-08-07,52,3250,3302
427,2018-08-08,46,3242,3288
427,2018-08-09,38,3178,3216
427,2018-08-10,43,3100,3143
427,2018-08-11,10,2032,2042
427,2018-08-12,16,2082,2098
427,2018-08-13,48,2808,2856
427,2018-08-14,40,2769,2809
427,2018-08-15,7,1910,1917
427,2018-08-16,82,3037,3119
427,2018-08-17,38,3236,3274
427,2018-08-18,56,2047,2103
427,2018-08-19,30,2214,2244
427,2018-08-20,104,3034,3138
427,2018-08-21,125,3397,3522
427,2018-08-22,165,3493,3658
427,2018-08-23,109,3403,3512
427,2018-08-24,126,3415,3541
427,2018-08-25,19,2219,2238
427,2018-08-26,5,2099,2104
427,2018-08-27,332,3308,3640
427,2018-08-28,325,3848,4173
427,2018-08-29,452,3440,3892
427,2018-08-31,262,3831,4093
427,2018-09-01,71,2743,2814
427,2018-09-02,11,2180,2191
427,2018-09-03,298,3452,3750
427,2018-09-04,364,3878,4242
427,2018-09-05,282,3807,4089
427,2018-09-06,339,3991,4330
427,2018-09-07,314,3963,4277
427,2018-09-08,33,2751,2784
427,2018-09-09,9,2336,2345
427,2018-09-10,356,3950,4306
427,2018-09-11,392,4237,4629
427,2018-09-12,388,4388,4776
427,2018-09-14,362,4398,4760
427,2018-09-15,57,2864,2921
427,2018-09-16,10,2664,2674
427,2018-09-17,319,4168,4487
427,2018-09-18,320,4643,4963
427,2018-09-19,315,4620,4935
427,2018-09-20,300,4781,5081
427,2018-09-22,49,2841,2890
427,2018-09-23,17,1814,1831
427,2018-09-24,278,4309,4587
427,2018-09-25,420,4576,4996
427,2018-09-26,328,4652,4980
427,2018-09-28,281,4789,5070
427,2018-09-29,45,3172,3217
427,2018-09-30,15,2896,2911
427,2018-10-01,311,4417,4728
427,2018-10-02,244,4633,4877
427,2018-10-03,200,5035,5235
427,2018-10-04,300,5126,5426
427,2018-10-05,308,4647,4955
427,2018-10-06,39,2770,2809
427,2018-10-07,36,2410,2446
427,2018-10-08,316,4236,4552
427,2018-10-09,357,4565,4922
427,2018-10-10,392,4807,5199
427,2018-10-12,330,4595,4925
427,2018-10-13,52,3452,3504
427,2018-10-14,11,2377,2388
427,2018-10-15,289,4243,4532
427,2018-10-16,237,4643,4880
427,2018-10-17,335,3840,4175
427,2018-10-18,284,3901,4185
427,2018-10-19,252,3538,3790
427,2018-10-20,38,2144,2182
427,2018-10-21,4,1948,1952
427,2018-10-22,365,3610,3975
427,2018-10-23,323,3676,3999
427,2018-10-24,283,3846,4129
427,2018-10-26,272,3628,3900
427,2018-10-27,44,2031,2075
427,2018-10-28,2,1528,1530
427,2018-10-29,424,3008,3432
427,2018-10-30,322,3000,3322
427,2018-10-31,232,3282,3514
427,2018-11-02,40,2253,2293
427,2018-11-03,31,1671,1702
427,2018-11-04,8,1692,1700
427,2018-11-05,264,3314,3578
427,2018-11-06,304,3505,3809
427,2018-11-07,307,3797,4104
427,2018-11-09,323,4185,4508
427,2018-11-10,66,2256,2322
427,2018-11-11,11,1600,1611
427,2018-11-12,466,3532,3998
427,2018-11-13,208,3762,3970
427,2018-11-14,238,4138,4376
427,2018-11-15,239,4165,4404
427,2018-11-16,267,3980,4247
427,2018-11-17,44,2465,2509
427,2018-11-18,4,1837,1841
427,2018-11-19,309,3663,3972
427,2018-11-20,295,3687,3982
427,2018-11-21,257,3721,3978
427,2018-11-22,221,4044,4265
427,2018-11-23,259,3729,3988
427,2018-11-24,18,2332,2350
427,2018-11-25,5,1682,1687
427,2018-11-26,183,3553,3736
427,2018-11-27,193,3824,4017
427,2018-11-28,149,3826,3975
427,2018-11-30,194,3619,3813
427,2018-12-01,17,2212,2229
427,2018-12-02,46,1520,1566
427,2018-12-03,194,3414,3608
427,2018-12-04,210,3793,4003
427,2018-12-05,199,4463,4662
427,2018-12-06,227,3558,3785
427,2018-12-07,200,3485,3685
427,2018-12-08,42,1800,1842
427,2018-12-09,22,1363,1385
427,2018-12-10,175,3503,3678
427,2018-12-11,210,4087,4297
427,2018-12-12,209,3592,3801
427,2018-12-14,216,3635,3851
427,2018-12-15,69,2048,2117
427,2018-12-16,9,1219,1228
427,2018-12-17,200,3446,3646
427,2018-12-18,174,3870,4044
427,2018-12-19,185,3541,3726
427,2018-12-20,137,3849,3986
427,2018-12-21,84,3478,3562
427,2018-12-22,11,1675,1686
427,2018-12-23,8,1246,1254
427,2018-12-24,18,1545,1563
427,2018-12-25,2,1067,1069
427,2018-12-26,6,1085,1091
427,2018-12-27,25,1929,1954
427,2018-12-28,21,1985,2006
427,2018-12-29,9,1288,1297
427,2018-12-30,3,1165,1168
427,2018-12-31,7,1557,1564
432,2018-01-01,42,2706,2748
432,2018-01-02,192,6668,6860
432,2018-01-03,182,6968,7150
432,2018-01-06,123,5505,5628
432,2018-01-07,29,3588,3617
432,2018-01-08,220,7007,7227
432,2018-01-09,216,7217,7433
432,2018-01-10,208,7237,7445
432,2018-01-12,239,7746,7985
432,2018-01-13,186,6075,6261
432,2018-01-14,29,3798,3827
432,2018-01-15,208,7960,8168
432,2018-01-16,216,8274,8490
432,2018-01-17,232,8074,8306
432,2018-01-18,202,8324,8526
432,2018-01-19,245,7869,8114
432,2018-01-20,126,6228,6354
432,2018-01-21,29,3796,3825
432,2018-01-22,222,7716,7938
432,2018-01-23,249,7331,7580
432,2018-01-24,197,7434,7631
432,2018-01-26,209,7669,7878
432,2018-01-27,159,5802,5961
432,2018-01-28,27,3883,3910
432,2018-01-29,219,7103,7322
432,2018-01-30,208,7524,7732
432,2018-01-31,182,8456,8638
432,2018-02-01,204,8604,8808
432,2018-02-02,218,8712,8930
432,2018-02-03,154,6155,6309
432,2018-02-04,25,4315,4340
432,2018-02-05,205,7197,7402
432,2018-02-06,180,7024,7204
432,2018-02-07,213,7077,7290
432,2018-02-09,231,7532,7763
432,2018-02-10,155,5183,5338
432,2018-02-11,28,3252,3280
432,2018-02-12,204,5966,6170
432,2018-02-13,183,6451,6634
432,2018-02-14,204,6762,6966
432,2018-02-15,170,6283,6453
432,2018-02-16,216,6834,7050
432,2018-02-17,157,4973,5130
432,2018-02-18,25,3916,3941
432,2018-02-19,213,6809,7022
432,2018-02-20,221,7240,7461
432,2018-02-21,234,7377,7611
432,2018-02-23,253,7866,8119
432,2018-02-24,187,5918,6105
432,2018-02-25,41,3946,3987
432,2018-02-26,227,7043,7270
432,2018-02-27,239,7480,7719
432,2018-02-28,251,7227,7478
432,2018-03-01,237,7462,7699
432,2018-03-02,188,6621,6809
432,2018-03-03,157,5799,5956
432,2018-03-04,30,3716,3746
432,2018-03-05,238,7243,7481
432,2018-03-06,242,7536,7778
432,2018-03-07,200,8320,8520
432,2018-03-09,208,8576,8784
432,2018-03-10,146,6038,6184
432,2018-03-11,28,3960,3988
432,2018-03-12,208,7948,8156
432,2018-03-13,200,8490,8690
432,2018-03-14,243,7385,7628
432,2018-03-15,197,8098,8295
432,2018-03-16,219,8028,8247
432,2018-03-17,156,6170,6326
432,2018-03-18,30,3971,4001
432,2018-03-19,241,7201,7442
432,2018-03-20,239,7714,7953
432,2018-03-21,262,7653,7915
432,2018-03-22,222,8812,9034
432,2018-03-23,227,8118,8345
432,2018-03-24,170,6750,6920
432,2018-03-26,225,7381,7606
432,2018-03-27,244,8590,8834
432,2018-03-28,252,8794,9046
432,2018-03-31,166,6152,6318
432,2018-04-01,30,3626,3656
432,2018-04-02,32,3115,3147
432,2018-04-03,196,7776,7972
432,2018-04-04,194,7580,7774
432,2018-04-06,223,7498,7721
432,2018-04-07,165,5518,5683
432,2018-04-08,27,3726,3753
432,2018-04-09,227,7061,7288
432,2018-04-10,220,8320,8540
432,2018-04-11,238,7505,7743
432,2018-04-13,230,7875,8105
432,2018-04-14,147,6042,6189
432,2018-04-15,28,4087,4115
432,2018-04-16,247,8046,8293
432,2018-04-17,265,8615,8880
432,2018-04-18,229,8188,8417
432,2018-04-19,246,8514,8760
432,2018-04-20,233,8410,8643
432,2018-04-21,187,6985,7172
432,2018-04-22,36,4550,4586
432,2018-04-23,228,7862,8090
432,2018-04-24,239,8225,8464
432,2018-04-25,252,9036,9288
432,2018-04-27,249,8726,8975
432,2018-04-28,160,7056,7216
432,2018-04-29,34,4364,4398
432,2018-04-30,194,8390,8584
432,2018-05-01,27,3481,3508
432,2018-05-02,265,8004,8269
432,2018-05-03,243,8401,8644
432,2018-05-04,230,8547,8777
432,2018-05-05,168,6743,6911
432,2018-05-06,36,4500,4536
432,2018-05-07,227,7867,8094
432,2018-05-08,250,8697,8947
432,2018-05-09,252,9100,9352
432,2018-05-11,208,8100,8308
432,2018-05-12,135,6360,6495
432,2018-05-13,28,4044,4072
432,2018-05-14,208,8514,8722
432,2018-05-15,253,8345,8598
432,2018-05-16,252,9008,9260
432,2018-05-17,240,8580,8820
432,2018-05-18,243,9306,9549
432,2018-05-19,166,6493,6659
432,2018-05-20,34,4426,4460
432,2018-05-21,20,3578,3598
432,2018-05-22,203,7282,7485
432,2018-05-23,212,8330,8542
432,2018-05-25,218,7732,7950
432,2018-05-26,169,5992,6161
432,2018-05-27,34,4003,4037
432,2018-05-28,212,8544,8756
432,2018-05-29,197,8312,8509
432,2018-05-30,238,9442,9680
432,2018-05-31,238,9560,9798
432,2018-06-01,154,9394,9548
432,2018-06-02,172,6679,6851
432,2018-06-03,35,4593,4628
432,2018-06-04,227,7692,7919
432,2018-06-05,230,8367,8597
432,2018-06-06,234,8062,8296
432,2018-06-08,262,8384,8646
432,2018-06-09,138,7432,7570
432,2018-06-10,30,4762,4792
432,2018-06-11,222,8974,9196
432,2018-06-12,190,8117,8307
432,2018-06-13,258,7987,8245
432,2018-06-14,258,9216,9474
432,2018-06-15,254,8256,8510
432,2018-06-16,205,6233,6438
432,2018-06-17,35,4373,4408
432,2018-06-18,253,7516,7769
432,2018-06-19,238,8068,8306
432,2018-06-20,261,7860,8121
432,2018-06-22,244,8128,8372
432,2018-06-23,28,3200,3228
432,2018-06-24,41,4238,4279
432,2018-06-25,247,7378,7625
432,2018-06-26,249,8048,8297
432,2018-06-27,265,7953,8218
432,2018-06-28,238,8159,8397
432,2018-06-29,267,8462,8729
432,2018-06-30,161,7001,7162
432,2018-07-01,39,5097,5136
432,2018-07-02,244,7926,8170
432,2018-07-03,233,8199,8432
432,2018-07-04,262,8970,9232
432,2018-07-06,226,7176,7402
432,2018-07-07,175,7691,7866
432,2018-07-08,42,5022,5064
432,2018-07-09,231,7706,7937
432,2018-07-10,253,7890,8143
432,2018-07-11,227,7683,7910
432,2018-07-12,239,7905,8144
432,2018-07-13,238,8033,8271
432,2018-07-14,156,5920,6076
432,2018-07-15,32,4146,4178
432,2018-07-16,221,7300,7521
432,2018-07-17,232,7558,7790
432,2018-07-18,227,7691,7918
432,2018-07-20,217,7595,7812
432,2018-07-21,176,6274,6450
432,2018-07-22,38,3879,3917
432,2018-07-23,216,6803,7019
432,2018-07-24,193,7357,7550
432,2018-07-25,229,7280,7509
432,2018-07-26,214,8120,8334
432,2018-07-27,188,7105,7293
432,2018-07-28,174,5514,5688
432,2018-07-29,30,3532,3562
432,2018-07-30,196,6385,6581
432,2018-07-31,201,6887,7088
432,2018-09-15,138,5615,5753
432,2018-09-16,28,3983,4011
432,2018-09-17,180,7250,7430
432,2018-09-18,168,7782,7950
432,2018-09-19,210,7291,7501
432,2018-09-20,187,7708,7895
432,2018-09-21,218,8984,9202
432,2018-09-22,146,6742,6888
432,2018-09-23,30,3774,3804
432,2018-09-24,176,7355,7531
432,2018-09-25,192,7732,7924
432,2018-09-26,184,7553,7737
432,2018-09-27,197,7817,8014
432,2018-09-29,152,6253,6405
432,2018-09-30,26,4476,4502
432,2018-10-01,216,8296,8512
432,2018-10-02,171,7672,7843
432,2018-10-03,195,7780,7975
432,2018-10-04,191,7878,8069
432,2018-10-05,210,8188,8398
432,2018-10-06,144,6416,6560
432,2018-10-07,21,4347,4368
432,2018-10-08,199,7164,7363
432,2018-10-09,173,7560,7733
432,2018-10-10,190,7496,7686
432,2018-10-11,179,7560,7739
432,2018-10-13,142,6285,6427
432,2018-10-14,30,4547,4577
432,2018-10-15,206,7416,7622
432,2018-10-16,187,7653,7840
432,2018-10-17,187,7638,7825
432,2018-10-18,197,7845,8042
432,2018-10-19,219,7837,8056
432,2018-10-20,137,6039,6176
432,2018-10-21,26,4447,4473
432,2018-10-22,198,7249,7447
432,2018-10-23,220,7695,7915
432,2018-10-24,197,7609,7806
432,2018-10-25,201,7946,8147
432,2018-10-27,156,5820,5976
432,2018-10-28,32,3717,3749
432,2018-10-29,200,7105,7305
432,2018-10-30,196,8364,8560
432,2018-10-31,170,7808,7978
432,2018-11-01,34,4052,4086
432,2018-11-20,206,7564,7770
432,2018-11-21,200,7540,7740
432,2018-11-22,209,7811,8020
432,2018-11-23,202,8089,8291
432,2018-11-24,146,6610,6756
432,2018-11-25,21,4054,4075
432,2018-11-26,193,7306,7499
432,2018-11-27,200,7951,8151
432,2018-11-28,160,7583,7743
432,2018-11-29,171,7818,7989
432,2018-12-01,135,6115,6250
432,2018-12-02,30,4230,4260
432,2018-12-03,188,7682,7870
432,2018-12-04,240,8972,9212
432,2018-12-05,213,8046,8259
432,2018-12-06,180,7798,7978
432,2018-12-07,214,9152,9366
432,2018-12-08,132,6650,6782
432,2018-12-09,24,4318,4342
432,2018-12-10,206,8168,8374
432,2018-12-11,193,8195,8388
432,2018-12-12,233,7580,7813
432,2018-12-13,200,8385,8585
432,2018-12-15,160,6412,6572
432,2018-12-16,22,3828,3850
432,2018-12-17,226,8234,8460
432,2018-12-18,197,8090,8287
432,2018-12-19,188,7895,8083
432,2018-12-20,190,9264,9454
432,2018-12-21,204,9254,9458
432,2018-12-22,120,6240,6360
432,2018-12-23,24,4194,4218
432,2018-12-24,156,6560,6716
432,2018-12-25,27,2689,2716
432,2018-12-26,23,2713,2736
432,2018-12-27,168,5754,5922
432,2018-12-28,172,5947,6119
432,2018-12-29,146,4830,4976
432,2018-12-30,22,3159,3181
432,2018-12-31,144,5638,5782
433,2018-01-01,58,4876,4934
433,2018-01-02,404,8585,8989
433,2018-01-03,454,9476,9930
433,2018-01-05,433,10243,10676
433,2018-01-06,102,7063,7165
433,2018-01-07,62,6096,6158
433,2018-01-08,579,10477,11056
433,2018-01-09,659,11010,11669
433,2018-01-10,603,10939,11542
433,2018-01-12,642,11537,12179
433,2018-01-13,159,8722,8881
433,2018-01-14,69,6657,6726
433,2018-01-15,628,9177,9805
433,2018-01-16,648,10704,11352
433,2018-01-17,678,10328,11006
433,2018-01-18,654,11006,11660
433,2018-01-19,646,11409,12055
433,2018-01-20,140,7207,7347
433,2018-01-21,66,5892,5958
433,2018-01-22,586,9830,10416
433,2018-01-23,654,11035,11689
433,2018-01-24,632,10801,11433
433,2018-01-26,576,11187,11763
433,2018-01-27,136,8587,8723
433,2018-01-28,54,6011,6065
433,2018-01-29,604,10560,11164
433,2018-01-30,648,11233,11881
433,2018-01-31,760,10964,11724
433,2018-02-01,728,10990,11718
433,2018-02-02,645,11004,11649
433,2018-02-03,162,8563,8725
433,2018-02-04,83,5783,5866
433,2018-02-05,611,10600,11211
433,2018-02-06,583,10105,10688
433,2018-02-07,569,10993,11562
433,2018-02-09,637,10920,11557
433,2018-02-10,139,7277,7416
433,2018-02-11,84,4650,4734
433,2018-02-12,517,9133,9650
433,2018-02-13,561,10046,10607
433,2018-02-14,630,10378,11008
433,2018-02-15,529,9307,9836
433,2018-02-16,600,10602,11202
433,2018-02-17,161,7273,7434
433,2018-02-18,93,6248,6341
433,2018-02-19,634,10410,11044
433,2018-02-20,697,11159,11856
433,2018-02-21,711,11286,11997
433,2018-02-23,831,11322,12153
433,2018-02-24,239,8792,9031
433,2018-02-25,69,6525,6594
433,2018-02-26,599,10364,10963
433,2018-02-27,622,11367,11989
433,2018-02-28,667,11182,11849
433,2018-03-01,696,11168,11864
433,2018-03-02,569,9549,10118
433,2018-03-03,174,7912,8086
433,2018-03-04,74,6067,6141
433,2018-03-05,647,10788,11435
433,2018-03-06,770,11468,12238
433,2018-03-07,665,10880,11545
433,2018-03-09,706,10552,11258
433,2018-03-10,153,8355,8508
433,2018-03-11,111,6570,6681
433,2018-03-12,786,10736,11522
433,2018-03-13,664,10823,11487
433,2018-03-14,811,11693,12504
433,2018-03-15,673,10160,10833
433,2018-03-16,751,11570,12321
433,2018-03-17,201,8788,8989
433,2018-03-18,105,6085,6190
433,2018-03-19,751,10665,11416
433,2018-03-20,765,11231,11996
433,2018-03-21,767,11415,12182
433,2018-03-22,792,11000,11792
433,2018-03-23,737,11510,12247
433,2018-03-24,223,9946,10169
433,2018-03-26,764,10765,11529
433,2018-03-27,723,10642,11365
433,2018-03-28,826,11528,12354
433,2018-03-31,138,8318,8456
433,2018-04-01,62,6040,6102
433,2018-04-02,69,6197,6266
433,2018-04-03,798,10780,11578
433,2018-04-04,794,10880,11674
433,2018-04-06,772,11302,12074
433,2018-04-07,207,8204,8411
433,2018-04-08,93,7308,7401
433,2018-04-09,754,10781,11535
433,2018-04-10,773,10809,11582
433,2018-04-11,790,11549,12339
433,2018-04-13,837,11474,12311
433,2018-04-14,224,8893,9117
433,2018-04-15,96,7667,7763
433,2018-04-16,759,11159,11918
433,2018-04-17,773,11440,12213
433,2018-04-18,764,12268,13032
433,2018-04-19,789,12373,13162
433,2018-04-20,737,12678,13415
433,2018-04-21,297,10508,10805
433,2018-04-22,101,8440,8541
433,2018-04-23,775,11539,12314
433,2018-04-24,837,12106,12943
433,2018-04-25,820,11784,12604
433,2018-04-27,791,12512,13303
433,2018-04-28,257,9338,9595
433,2018-04-29,88,7390,7478
433,2018-04-30,556,10008,10564
433,2018-05-01,105,7014,7119
433,2018-05-02,825,11862,12687
433,2018-05-03,843,12094,12937
433,2018-05-04,835,12624,13459
433,2018-05-05,334,9946,10280
433,2018-05-06,146,8969,9115
433,2018-05-07,738,11586,12324
433,2018-05-08,886,12449,13335
433,2018-05-09,847,12195,13042
433,2018-05-11,639,11171,11810
433,2018-05-12,200,9177,9377
433,2018-05-13,94,6852,6946
433,2018-05-14,788,11262,12050
433,2018-05-15,733,12162,12895
433,2018-05-16,772,12144,12916
433,2018-05-17,779,12251,13030
433,2018-05-18,852,12605,13457
433,2018-05-19,295,9110,9405
433,2018-05-20,110,7176,7286
433,2018-05-21,86,7152,7238
433,2018-05-22,770,11202,11972
433,2018-05-23,770,11586,12356
433,2018-05-25,853,12164,13017
433,2018-05-26,281,9363,9644
433,2018-05-27,91,7332,7423
433,2018-05-28,830,11220,12050
433,2018-05-29,780,11940,12720
433,2018-05-30,934,12494,13428
433,2018-05-31,728,12968,13696
433,2018-06-01,872,11890,12762
433,2018-06-02,247,10049,10296
433,2018-06-03,118,8351,8469
433,2018-06-04,793,11288,12081
433,2018-06-05,841,12289,13130
433,2018-06-06,854,11855,12709
433,2018-06-08,932,12076,13008
433,2018-06-09,228,9660,9888
433,2018-06-10,92,8154,8246
433,2018-06-11,844,11028,11872
433,2018-06-12,731,11135,11866
433,2018-06-13,866,12135,13001
433,2018-06-14,847,11688,12535
433,2018-06-15,800,11761,12561
433,2018-06-16,224,9668,9892
433,2018-06-17,119,8063,8182
433,2018-06-18,798,11050,11848
433,2018-06-19,823,11739,12562
433,2018-06-20,729,11603,12332
433,2018-06-22,812,11375,12187
433,2018-06-23,168,8008,8176
433,2018-06-24,104,7882,7986
433,2018-06-25,803,10834,11637
433,2018-06-26,749,11493,12242
433,2018-06-27,744,11601,12345
433,2018-06-28,806,11914,12720
433,2018-06-29,803,12412,13215
433,2018-06-30,248,10205,10453
433,2018-07-01,130,9706,9836
433,2018-07-02,799,11060,11859
433,2018-07-03,822,11394,12216
433,2018-07-04,814,11454,12268
433,2018-07-06,819,11992,12811
433,2018-07-07,261,10033,10294
433,2018-07-08,121,8473,8594
433,2018-07-09,787,11326,12113
433,2018-07-10,806,11559,12365
433,2018-07-11,893,11569,12462
433,2018-07-12,859,11898,12757
433,2018-07-13,795,11968,12763
433,2018-07-14,249,9114,9363
433,2018-07-15,80,7518,7598
433,2018-07-16,861,11068,11929
433,2018-07-17,788,11215,12003
433,2018-07-18,837,11472,12309
433,2018-07-20,916,11936,12852
433,2018-07-21,220,9504,9724
433,2018-07-22,133,8379,8512
433,2018-07-23,824,11306,12130
433,2018-07-24,852,11323,12175
433,2018-07-25,807,11420,12227
433,2018-07-26,741,11128,11869
433,2018-07-27,680,11118,11798
433,2018-07-28,183,8121,8304
433,2018-07-29,105,7058,7163
433,2018-07-30,606,10488,11094
433,2018-07-31,643,10761,11404
433,2018-08-01,579,10157,10736
433,2018-08-03,614,10672,11286
433,2018-08-04,194,8024,8218
433,2018-08-05,121,7098,7219
433,2018-08-06,486,9818,10304
433,2018-08-07,568,10068,10636
433,2018-08-08,560,10104,10664
433,2018-08-09,570,9856,10426
433,2018-08-10,589,10563,11152
433,2018-08-11,239,7831,8070
433,2018-08-12,144,7006,7150
433,2018-08-13,552,9404,9956
433,2018-08-14,541,9644,10185
433,2018-08-15,95,7600,7695
433,2018-08-24,742,10643,11385
433,2018-08-25,188,7404,7592
433,2018-08-26,113,6948,7061
433,2018-08-27,617,10043,10660
433,2018-08-28,836,10834,11670
433,2018-08-29,798,10242,11040
433,2018-08-31,764,10994,11758
433,2018-09-01,259,8110,8369
433,2018-09-02,105,7470,7575
433,2018-09-03,844,10124,10968
433,2018-09-04,757,10580,11337
433,2018-09-05,745,10586,11331
433,2018-09-06,740,10988,11728
433,2018-09-07,701,10987,11688
433,2018-09-08,225,8437,8662
433,2018-09-09,122,7722,7844
433,2018-09-10,772,10777,11549
433,2018-09-11,745,11520,12265
433,2018-09-12,803,11275,12078
433,2018-09-14,827,11218,12045
433,2018-09-15,244,8501,8745
433,2018-09-16,120,7872,7992
433,2018-09-17,774,10925,11699
433,2018-09-18,811,11380,12191
433,2018-09-19,831,11315,12146
433,2018-09-20,842,11660,12502
433,2018-09-21,830,11280,12110
433,2018-09-22,239,9066,9305
433,2018-09-23,118,6394,6512
433,2018-09-24,769,10879,11648
433,2018-09-25,818,11297,12115
433,2018-09-26,839,11604,12443
433,2018-09-28,768,11473,12241
433,2018-09-29,268,10196,10464
433,2018-09-30,195,9633,9828
433,2018-10-01,830,10457,11287
433,2018-10-02,719,10765,11484
433,2018-10-03,589,11203,11792
433,2018-10-04,747,11640,12387
433,2018-10-05,791,11760,12551
433,2018-10-06,238,9919,10157
433,2018-10-07,110,7175,7285
433,2018-10-08,721,10859,11580
433,2018-10-09,741,11361,12102
433,2018-10-10,785,10973,11758
433,2018-10-12,806,11183,11989
433,2018-10-13,234,9843,10077
433,2018-10-14,115,8816,8931
433,2018-10-15,727,11055,11782
433,2018-10-16,754,11411,12165
433,2018-10-17,785,11362,12147
433,2018-10-18,759,11367,12126
433,2018-10-19,868,11513,12381
433,2018-10-20,227,9841,10068
433,2018-10-21,129,8207,8336
433,2018-10-22,769,10506,11275
433,2018-10-23,801,11167,11968
433,2018-10-24,801,10978,11779
433,2018-10-26,745,11144,11889
433,2018-10-27,233,8768,9001
433,2018-10-28,84,6700,6784
433,2018-10-29,635,10850,11485
433,2018-10-30,645,9825,10470
433,2018-10-31,768,11609,12377
433,2018-11-02,463,9599,10062
433,2018-11-03,212,8253,8465
433,2018-11-04,71,7223,7294
433,2018-11-05,856,11522,12378
433,2018-11-06,747,11721,12468
433,2018-11-07,744,11507,12251
433,2018-11-09,772,11540,12312
433,2018-11-10,164,7327,7491
433,2018-11-11,80,6878,6958
433,2018-11-12,758,11318,12076
433,2018-11-13,675,11459,12134
433,2018-11-14,719,10840,11559
433,2018-11-15,716,11240,11956
433,2018-11-16,750,11214,11964
433,2018-11-17,213,8036,8249
433,2018-11-18,65,6320,6385
433,2018-11-19,612,9368,9980
433,2018-11-20,674,10594,11268
433,2018-11-21,680,10467,11147
433,2018-11-22,682,10869,11551
433,2018-11-23,696,11119,11815
433,2018-11-24,176,7907,8083
433,2018-11-25,82,6775,6857
433,2018-11-26,608,10264,10872
433,2018-11-27,700,10969,11669
433,2018-11-28,567,9458,10025
433,2018-11-30,681,10920,11601
433,2018-12-01,173,8225,8398
433,2018-12-02,78,6562,6640
433,2018-12-03,676,9864,10540
433,2018-12-04,690,10716,11406
433,2018-12-05,695,10743,11438
433,2018-12-06,590,10877,11467
433,2018-12-07,718,10996,11714
433,2018-12-08,224,9312,9536
433,2018-12-09,112,6650,6762
433,2018-12-10,619,10175,10794
433,2018-12-11,606,9687,10293
433,2018-12-12,630,10722,11352
433,2018-12-14,707,10880,11587
433,2018-12-15,216,8914,9130
433,2018-12-16,59,5633,5692
433,2018-12-17,577,9734,10311
433,2018-12-18,605,10311,10916
433,2018-12-19,553,10095,10648
433,2018-12-20,556,10320,10876
433,2018-12-21,475,10333,10808
433,2018-12-22,156,8052,8208
433,2018-12-23,56,5254,5310
433,2018-12-24,356,7534,7890
433,2018-12-25,48,4909,4957
433,2018-12-26,67,4977,5044
433,2018-12-27,406,8070,8476
433,2018-12-28,406,8076,8482
433,2018-12-29,138,6134,6272
433,2018-12-30,53,5189,5242
433,2018-12-31,298,7129,7427
445,2018-01-01,135,4806,4941
445,2018-01-02,814,8651,9465
445,2018-01-03,808,9106,9914
445,2018-01-04,751,9567,10318
445,2018-01-05,844,10007,10851
445,2018-01-06,560,7777,8337
445,2018-01-07,154,6062,6216
445,2018-01-08,991,9826,10817
445,2018-01-09,1074,10197,11271
445,2018-01-10,993,9767,10760
445,2018-01-11,969,10387,11356
445,2018-01-12,1059,10521,11580
445,2018-01-13,636,8559,9195
445,2018-01-14,172,6593,6765
445,2018-01-15,964,8868,9832
445,2018-01-16,968,10099,11067
445,2018-01-17,1004,9873,10877
445,2018-01-18,943,10233,11176
445,2018-01-19,1004,10176,11180
445,2018-01-20,554,8108,8662
445,2018-01-21,163,6059,6222
445,2018-01-22,992,9453,10445
445,2018-01-23,1040,10024,11064
445,2018-01-24,985,9896,10881
445,2018-01-25,819,9612,10431
445,2018-01-26,956,10595,11551
445,2018-01-27,624,8761,9385
445,2018-01-28,145,6482,6627
445,2018-01-29,977,9279,10256
445,2018-01-30,1079,10509,11588
445,2018-01-31,928,9449,10377
445,2018-02-01,937,10313,11250
445,2018-02-02,980,10643,11623
445,2018-02-03,638,8923,9561
445,2018-02-04,168,6473,6641
445,2018-02-05,1048,9703,10751
445,2018-02-06,926,10114,11040
445,2018-02-07,1041,10118,11159
445,2018-02-08,1070,10382,11452
445,2018-02-09,1010,10135,11145
445,2018-02-10,609,7690,8299
445,2018-02-11,165,5236,5401
445,2018-02-12,942,8668,9610
445,2018-02-13,994,9360,10354
445,2018-02-14,1028,9523,10551
445,2018-02-15,825,9230,10055
445,2018-02-16,947,9617,10564
445,2018-02-17,638,7383,8021
445,2018-02-18,175,6334,6509
445,2018-02-19,1113,9645,10758
445,2018-02-20,1098,10370,11468
445,2018-02-21,1051,10067,11118
445,2018-02-22,1120,10523,11643
445,2018-02-23,1058,10473,11531
445,2018-02-24,659,8730,9389
445,2018-02-25,164,6425,6589
445,2018-02-26,1070,10241,11311
445,2018-02-27,1010,10619,11629
445,2018-02-28,1078,10127,11205
445,2018-03-01,1040,10414,11454
445,2018-03-02,886,8968,9854
445,2018-03-03,601,8014,8615
445,2018-03-04,159,6415,6574
445,2018-03-05,1037,9834,10871
445,2018-03-06,1030,9803,10833
445,2018-03-07,984,9787,10771
445,2018-03-08,1072,10319,11391
445,2018-03-09,970,10208,11178
445,2018-03-10,600,8514,9114
445,2018-03-11,162,6596,6758
445,2018-03-12,1009,10044,11053
445,2018-03-13,972,10121,11093
445,2018-03-14,1067,10080,11147
445,2018-03-15,1018,10067,11085
445,2018-03-16,911,10295,11206
445,2018-03-17,661,9568,10229
445,2018-03-18,177,5910,6087
445,2018-03-19,1140,9812,10952
445,2018-03-20,1139,10597,11736
445,2018-03-21,1156,10308,11464
445,2018-03-22,1076,10523,11599
445,2018-03-23,1067,10475,11542
445,2018-03-24,674,9238,9912
445,2018-03-26,1166,9651,10817
445,2018-03-27,1039,10078,11117
445,2018-03-28,991,10277,11268
445,2018-03-29,1064,10877,11941
445,2018-03-30,933,9747,10680
445,2018-03-31,602,8274,8876
445,2018-04-01,153,5893,6046
445,2018-04-02,159,5853,6012
445,2018-04-03,1012,9619,10631
445,2018-04-04,915,9328,10243
445,2018-04-05,952,9605,10557
445,2018-04-06,1024,10300,11324
445,2018-04-07,616,8241,8857
445,2018-04-08,155,6482,6637
445,2018-04-09,918,8234,9152
445,2018-04-10,979,9288,10267
445,2018-04-11,1063,9887,10950
445,2018-04-12,1035,9858,10893
445,2018-04-13,1043,10279,11322
445,2018-04-14,645,8417,9062
445,2018-04-15,160,6910,7070
445,2018-04-16,1073,10065,11138
445,2018-04-17,1110,10865,11975
445,2018-04-18,1053,10285,11338
445,2018-04-19,1022,10594,11616
445,2018-04-20,957,10450,11407
445,2018-04-21,674,9728,10402
445,2018-04-22,161,7568,7729
445,2018-04-23,1044,10164,11208
445,2018-04-24,1109,10727,11836
445,2018-04-25,1066,10147,11213
445,2018-04-26,1158,10900,12058
445,2018-04-27,976,10844,11820
445,2018-04-28,645,9166,9811
445,2018-04-29,163,6321,6484
445,2018-05-01,171,6516,6687
445,2018-05-02,1093,10571,11664
445,2018-05-03,1118,10690,11808
445,2018-05-04,1020,10734,11754
445,2018-05-05,686,9411,10097
445,2018-05-06,162,7627,7789
445,2018-05-07,1037,9665,10702
445,2018-05-08,974,10246,11220
445,2018-05-09,1031,10599,11630
445,2018-05-10,159,6225,6384
445,2018-05-11,960,10068,11028
445,2018-05-12,603,9564,10167
445,2018-05-13,150,6089,6239
445,2018-05-14,917,9434,10351
445,2018-05-15,1072,10869,11941
445,2018-05-16,1023,9937,10960
445,2018-05-17,1089,10454,11543
445,2018-05-18,941,9172,10113
445,2018-05-19,701,8660,9361
445,2018-05-20,157,6416,6573
445,2018-05-21,170,6133,6303
445,2018-05-22,857,7808,8665
445,2018-05-23,953,8799,9752
445,2018-05-24,997,9129,10126
445,2018-05-25,1032,9785,10817
445,2018-05-26,656,8087,8743
445,2018-05-27,173,6274,6447
445,2018-05-28,1010,10059,11069
445,2018-05-29,1000,10246,11246
445,2018-05-30,1041,10296,11337
445,2018-05-31,796,8369,9165
445,2018-06-01,947,10172,11119
445,2018-06-02,646,9165,9811
445,2018-06-03,161,7001,7162
445,2018-06-04,1012,9703,10715
445,2018-06-05,1078,10925,12003
445,2018-06-06,1095,9976,11071
445,2018-06-07,893,9852,10745
445,2018-06-08,1043,10689,11732
445,2018-06-09,685,10011,10696
445,2018-06-10,157,7512,7669
445,2018-06-11,925,8489,9414
445,2018-06-12,938,9222,10160
445,2018-06-13,1111,10307,11418
445,2018-06-14,1076,10708,11784
445,2018-06-15,961,9910,10871
445,2018-06-16,682,9120,9802
445,2018-06-17,180,7053,7233
445,2018-06-18,1142,8957,10099
445,2018-06-19,1114,9580,10694
445,2018-06-20,1044,9423,10467
445,2018-06-21,1079,10365,11444
445,2018-06-22,1098,10228,11326
445,2018-06-23,203,6596,6799
445,2018-06-24,172,6363,6535
445,2018-06-25,1165,9392,10557
445,2018-06-26,1120,10135,11255
445,2018-06-27,1161,10404,11565
445,2018-06-28,1154,10464,11618
445,2018-06-29,1034,10308,11342
445,2018-06-30,685,9110,9795
445,2018-07-01,162,6920,7082
445,2018-07-02,1131,9775,10906
445,2018-07-03,1131,10501,11632
445,2018-07-04,1122,10529,11651
445,2018-07-05,1015,10253,11268
445,2018-07-06,1014,10298,11312
445,2018-07-07,660,8809,9469
445,2018-07-08,185,7170,7355
445,2018-07-09,1060,9744,10804
445,2018-07-10,1098,9907,11005
445,2018-07-11,1071,10405,11476
445,2018-07-12,1113,10792,11905
445,2018-07-13,966,10287,11253
445,2018-07-14,661,8533,9194
445,2018-07-15,222,10296,10518
445,2018-07-16,1045,9742,10787
445,2018-07-17,1035,10199,11234
445,2018-07-18,1040,9875,10915
445,2018-07-19,1025,9754,10779
445,2018-07-20,976,9588,10564
445,2018-07-21,680,7906,8586
445,2018-07-22,184,6556,6740
445,2018-07-23,1093,9277,10370
445,2018-07-24,1102,9755,10857
445,2018-07-25,1012,9453,10465
445,2018-07-26,973,9836,10809
445,2018-07-27,908,10041,10949
445,2018-07-28,620,7474,8094
445,2018-07-29,171,5766,5937
445,2018-07-30,869,8896,9765
445,2018-07-31,913,9107,10020
445,2018-08-01,887,8964,9851
445,2018-08-02,859,9077,9936
445,2018-08-03,866,8961,9827
445,2018-08-04,590,6740,7330
445,2018-08-05,166,5448,5614
445,2018-08-06,861,7952,8813
445,2018-08-07,859,8260,9119
445,2018-08-08,883,8357,9240
445,2018-08-09,865,8060,8925
445,2018-08-10,886,8529,9415
445,2018-08-11,611,6178,6789
445,2018-08-12,165,5087,5252
445,2018-08-13,814,7318,8132
445,2018-08-14,870,8072,8942
445,2018-08-15,168,4999,5167
445,2018-08-16,834,7913,8747
445,2018-08-17,883,7938,8821
445,2018-08-18,594,6152,6746
445,2018-08-19,174,5363,5537
445,2018-08-20,940,8063,9003
445,2018-08-21,924,8557,9481
445,2018-08-22,976,8535,9511
445,2018-08-23,986,9089,10075
445,2018-08-24,978,8886,9864
445,2018-08-25,662,7500,8162
445,2018-08-26,206,6066,6272
445,2018-08-27,939,8381,9320
445,2018-08-28,1094,9166,10260
445,2018-08-29,1072,8604,9676
445,2018-08-30,1028,9313,10341
445,2018-08-31,1058,9595,10653
445,2018-09-01,789,9394,10183
445,2018-09-02,203,6394,6597
445,2018-09-03,1041,8344,9385
445,2018-09-04,1103,9444,10547
445,2018-09-05,1025,9560,10585
445,2018-09-06,1017,9430,10447
445,2018-09-07,1111,9587,10698
445,2018-09-08,714,8100,8814
445,2018-09-09,206,6877,7083
445,2018-09-10,1101,9544,10645
445,2018-09-11,1135,10486,11621
445,2018-09-12,1126,10259,11385
445,2018-09-13,1059,10067,11126
445,2018-09-14,1088,10155,11243
445,2018-09-15,680,9022,9702
445,2018-09-16,205,7195,7400
445,2018-09-17,1059,9689,10748
445,2018-09-18,1113,9903,11016
445,2018-09-19,1156,9613,10769
445,2018-09-20,1164,10861,12025
445,2018-09-21,1054,10265,11319
445,2018-09-22,716,8943,9659
445,2018-09-23,162,5811,5973
445,2018-09-24,1181,9231,10412
445,2018-09-25,1134,10102,11236
445,2018-09-26,1107,10062,11169
445,2018-09-27,1176,10446,11622
445,2018-09-28,1108,10354,11462
445,2018-09-29,747,10454,11201
445,2018-09-30,224,8607,8831
445,2018-10-01,1092,9664,10756
445,2018-10-02,1065,9538,10603
445,2018-10-03,1051,9948,10999
445,2018-10-04,1142,10298,11440
445,2018-10-05,1049,10042,11091
445,2018-10-06,683,9622,10305
445,2018-10-07,167,7183,7350
445,2018-10-08,1141,9749,10890
445,2018-10-09,1143,10021,11164
445,2018-10-10,1169,10253,11422
445,2018-10-11,1128,9971,11099
445,2018-10-12,1094,10443,11537
445,2018-10-13,652,9108,9760
445,2018-10-14,164,7027,7191
445,2018-10-15,1176,9475,10651
445,2018-10-16,1139,10081,11220
445,2018-10-17,1103,9722,10825
445,2018-10-18,1163,10341,11504
445,2018-10-19,1106,10504,11610
445,2018-10-20,719,9085,9804
445,2018-10-21,181,7071,7252
445,2018-10-22,1136,9161,10297
445,2018-10-23,1110,9639,10749
445,2018-10-24,1048,9267,10315
445,2018-10-25,1104,10155,11259
445,2018-10-26,992,8733,9725
445,2018-10-27,690,8382,9072
445,2018-10-28,167,6041,6208
445,2018-10-29,1083,9273,10356
445,2018-10-30,857,9321,10178
445,2018-11-01,155,6265,6420
445,2018-11-02,805,8640,9445
445,2018-11-03,659,7576,8235
445,2018-11-04,153,5834,5987
445,2018-11-05,1118,9566,10684
445,2018-11-06,1112,9642,10754
445,2018-11-07,1119,9829,10948
445,2018-11-08,1093,9879,10972
445,2018-11-09,1068,10402,11470
445,2018-11-10,591,8293,8884
445,2018-11-11,158,6282,6440
445,2018-11-12,914,8212,9126
445,2018-11-13,1048,9471,10519
445,2018-11-14,1070,10168,11238
445,2018-11-15,1150,10342,11492
445,2018-11-16,1019,9640,10659
445,2018-11-17,680,8898,9578
445,2018-11-18,174,6302,6476
445,2018-11-19,984,8672,9656
445,2018-11-20,1218,9832,11050
445,2018-11-21,1145,9712,10857
445,2018-11-22,1085,9758,10843
445,2018-11-23,1073,10175,11248
445,2018-11-24,614,8722,9336
445,2018-11-25,165,6483,6648
445,2018-11-26,1033,8741,9774
445,2018-11-27,1097,9845,10942
445,2018-11-28,912,9156,10068
445,2018-11-29,1062,10295,11357
445,2018-11-30,877,9677,10554
445,2018-12-01,662,9113,9775
445,2018-12-02,146,6315,6461
445,2018-12-03,763,7931,8694
445,2018-12-04,1028,9885,10913
445,2018-12-05,1030,8874,9904
445,2018-12-06,1062,10085,11147
445,2018-12-07,903,9318,10221
445,2018-12-08,574,8354,8928
445,2018-12-09,131,6149,6280
445,2018-12-10,966,9044,10010
445,2018-12-11,1017,9786,10803
445,2018-12-12,1124,9732,10856
445,2018-12-13,983,9564,10547
445,2018-12-14,1054,9820,10874
445,2018-12-15,647,8972,9619
445,2018-12-16,157,5971,6128
445,2018-12-17,958,9473,10431
445,2018-12-18,916,8768,9684
445,2018-12-19,907,9723,10630
445,2018-12-20,827,9425,10252
445,2018-12-21,739,9657,10396
445,2018-12-22,556,7672,8228
445,2018-12-23,142,5397,5539
445,2018-12-24,680,7652,8332
445,2018-12-25,151,4635,4786
445,2018-12-26,155,4744,4899
445,2018-12-27,798,7490,8288
445,2018-12-28,776,7565,8341
445,2018-12-29,578,6206,6784
445,2018-12-30,149,4804,4953
445,2018-12-31,733,6905,7638
446,2018-01-10,812,8870,9682
446,2018-01-11,759,8722,9481
446,2018-01-12,835,9118,9953
446,2018-01-13,284,6141,6425
446,2018-01-14,100,4517,4617
446,2018-01-15,788,8819,9607
446,2018-01-16,776,9025,9801
446,2018-01-17,914,8658,9572
446,2018-01-18,805,8955,9760
446,2018-01-19,834,9285,10119
446,2018-01-20,273,5956,6229
446,2018-01-21,102,4035,4137
446,2018-01-22,772,8529,9301
446,2018-01-23,761,8571,9332
446,2018-01-24,775,8519,9294
446,2018-01-25,721,9252,9973
446,2018-01-26,729,9516,10245
446,2018-01-27,306,6289,6595
446,2018-01-28,88,4264,4352
446,2018-01-29,772,8540,9312
446,2018-01-30,777,8880,9657
446,2018-01-31,700,8652,9352
446,2018-02-01,743,8938,9681
446,2018-02-02,230,2602,2832
446,2018-02-03,214,5584,5798
446,2018-02-05,786,8727,9513
446,2018-02-06,642,8421,9063
446,2018-02-07,674,8493,9167
446,2018-02-08,676,9061,9737
446,2018-02-09,702,9751,10453
446,2018-02-10,288,5740,6028
446,2018-02-11,88,3515,3603
446,2018-02-12,630,8588,9218
446,2018-02-13,661,9315,9976
446,2018-02-14,706,9226,9932
446,2018-02-15,621,9321,9942
446,2018-02-16,673,9747,10420
446,2018-02-17,291,6011,6302
446,2018-02-18,101,4464,4565
446,2018-02-19,794,8502,9296
446,2018-02-20,865,8941,9806
446,2018-02-21,796,8860,9656
446,2018-02-22,824,9318,10142
446,2018-02-23,803,9596,10399
446,2018-02-24,320,6621,6941
446,2018-02-25,93,4309,4402
446,2018-02-26,760,8437,9197
446,2018-02-27,773,9291,10064
446,2018-02-28,717,8232,8949
446,2018-03-01,654,8778,9432
446,2018-03-02,690,7570,8260
446,2018-03-03,267,5667,5934
446,2018-03-04,104,4376,4480
446,2018-03-05,807,8772,9579
446,2018-03-06,921,9618,10539
446,2018-03-07,885,9355,10240
446,2018-03-08,886,9185,10071
446,2018-03-09,851,9305,10156
446,2018-03-10,274,6217,6491
446,2018-03-11,109,4475,4584
446,2018-03-12,775,9229,10004
446,2018-03-13,744,9010,9754
446,2018-03-14,817,9161,9978
446,2018-03-15,829,9309,10138
446,2018-03-16,819,9860,10679
446,2018-03-17,286,6081,6367
446,2018-03-18,107,3770,3877
446,2018-03-19,806,8784,9590
446,2018-03-20,890,9149,10039
446,2018-03-21,866,9066,9932
446,2018-03-22,842,9622,10464
446,2018-03-23,806,9961,10767
446,2018-03-24,293,6846,7139
446,2018-03-26,782,8801,9583
446,2018-03-27,811,9421,10232
446,2018-03-28,882,9038,9920
446,2018-03-29,912,9928,10840
446,2018-03-30,851,9681,10532
446,2018-03-31,293,6515,6808
446,2018-04-01,91,4073,4164
446,2018-04-02,100,3764,3864
446,2018-04-03,891,9533,10424
446,2018-04-04,846,9336,10182
446,2018-04-05,864,9380,10244
446,2018-04-06,837,10075,10912
446,2018-04-07,310,6610,6920
446,2018-04-08,114,4860,4974
446,2018-04-09,793,9075,9868
446,2018-04-10,890,8826,9716
446,2018-04-11,935,9586,10521
446,2018-04-12,962,9882,10844
446,2018-04-13,896,10108,11004
446,2018-04-14,355,6508,6863
446,2018-04-15,105,4817,4922
446,2018-04-16,909,9428,10337
446,2018-04-17,886,9927,10813
446,2018-04-18,955,9917,10872
446,2018-04-19,935,10281,11216
446,2018-04-20,897,10187,11084
446,2018-04-21,351,7987,8338
446,2018-04-22,124,5878,6002
446,2018-04-23,939,9220,10159
446,2018-04-24,920,9597,10517
446,2018-04-25,913,9084,9997
446,2018-04-26,841,9685,10526
446,2018-04-27,857,10237,11094
446,2018-04-28,310,6938,7248
446,2018-04-29,121,4595,4716
446,2018-04-30,624,7852,8476
446,2018-05-01,115,4095,4210
446,2018-05-02,804,9105,9909
446,2018-05-03,873,9450,10323
446,2018-05-04,845,9882,10727
446,2018-05-05,373,7326,7699
446,2018-05-06,127,5328,5455
446,2018-05-07,863,9400,10263
446,2018-05-08,854,9883,10737
446,2018-05-09,905,10016,10921
446,2018-05-10,113,3987,4100
446,2018-05-11,696,8610,9306
446,2018-05-12,298,6862,7160
446,2018-05-13,107,4230,4337
446,2018-05-14,806,8967,9773
446,2018-05-15,942,9557,10499
446,2018-05-16,912,9053,9965
446,2018-05-17,946,9281,10227
446,2018-05-18,973,10039,11012
446,2018-05-19,446,7027,7473
446,2018-05-20,208,4769,4977
446,2018-05-21,156,4892,5048
446,2018-05-22,818,8355,9173
446,2018-05-23,817,8239,9056
446,2018-05-24,861,8957,9818
446,2018-05-25,857,9560,10417
446,2018-05-26,309,6324,6633
446,2018-05-27,109,4476,4585
446,2018-05-28,918,9043,9961
446,2018-05-29,904,9392,10296
446,2018-05-30,900,9234,10134
446,2018-05-31,561,7048,7609
446,2018-06-01,879,9823,10702
446,2018-06-02,340,6801,7141
446,2018-06-03,132,5085,5217
446,2018-06-04,837,9368,10205
446,2018-06-05,912,9792,10704
446,2018-06-06,869,9134,10003
446,2018-06-07,880,9986,10866
446,2018-06-08,855,10104,10959
446,2018-06-09,402,8561,8963
446,2018-06-10,138,5559,5697
446,2018-06-11,848,8448,9296
446,2018-06-12,903,10453,11356
446,2018-06-13,903,10221,11124
446,2018-06-14,934,10226,11160
446,2018-06-15,844,10242,11086
446,2018-06-16,330,7189,7519
446,2018-06-17,164,5673,5837
446,2018-06-18,906,9274,10180
446,2018-06-19,862,9354,10216
446,2018-06-20,931,9370,10301
446,2018-06-21,998,10203,11201
446,2018-06-22,935,9630,10565
446,2018-06-23,163,5029,5192
446,2018-06-24,169,4876,5045
446,2018-06-25,898,9203,10101
446,2018-06-26,913,9710,10623
446,2018-06-27,915,9385,10300
446,2018-06-28,989,10268,11257
446,2018-06-29,1014,10496,11510
446,2018-06-30,349,6764,7113
446,2018-07-01,111,5132,5243
446,2018-07-02,975,9357,10332
446,2018-07-03,988,9600,10588
446,2018-07-04,921,9311,10232
446,2018-07-05,932,9653,10585
446,2018-07-06,956,10044,11000
446,2018-07-07,326,6697,7023
446,2018-07-08,123,5009,5132
446,2018-07-09,914,9578,10492
446,2018-07-10,955,9415,10370
446,2018-07-11,922,9404,10326
446,2018-07-12,916,9587,10503
446,2018-07-13,931,10844,11775
446,2018-07-14,380,6994,7374
446,2018-07-15,132,4469,4601
446,2018-07-16,973,9783,10756
446,2018-07-17,925,9433,10358
446,2018-07-18,1037,9955,10992
446,2018-07-19,1010,9953,10963
446,2018-07-20,858,10671,11529
446,2018-07-21,330,6605,6935
446,2018-07-22,171,5347,5518
446,2018-07-23,833,9585,10418
446,2018-07-24,814,9626,10440
446,2018-07-25,897,9779,10676
446,2018-07-26,880,9535,10415
446,2018-07-27,674,9616,10290
446,2018-07-28,267,5747,6014
446,2018-07-29,106,4246,4352
446,2018-07-30,630,8832,9462
446,2018-07-31,680,8792,9472
446,2018-08-01,612,8622,9234
446,2018-08-02,608,9020,9628
446,2018-08-03,576,8714,9290
446,2018-08-04,261,5527,5788
446,2018-08-05,107,3940,4047
446,2018-08-06,560,7793,8353
446,2018-08-07,545,7887,8432
446,2018-08-08,550,7970,8520
446,2018-08-09,577,7907,8484
446,2018-08-10,599,8463,9062
446,2018-08-11,269,5139,5408
446,2018-08-12,104,3937,4041
446,2018-08-13,542,7163,7705
446,2018-08-14,671,7509,8180
446,2018-08-15,109,3799,3908
446,2018-08-16,640,7376,8016
446,2018-08-17,647,7536,8183
446,2018-08-18,288,5088,5376
446,2018-08-19,170,4443,4613
446,2018-08-20,786,7967,8753
446,2018-08-21,850,8260,9110
446,2018-08-22,804,8178,8982
446,2018-08-23,919,9837,10756
446,2018-08-24,960,9948,10908
446,2018-08-25,306,5950,6256
446,2018-08-26,117,4659,4776
446,2018-08-27,853,8460,9313
446,2018-08-28,939,8843,9782
446,2018-08-29,914,8430,9344
446,2018-08-30,883,9025,9908
446,2018-08-31,840,9446,10286
446,2018-09-01,508,9336,9844
446,2018-09-02,132,5061,5193
446,2018-09-03,953,8684,9637
446,2018-09-04,907,9203,10110
446,2018-09-05,917,9592,10509
446,2018-09-06,904,9678,10582
446,2018-09-07,903,9995,10898
446,2018-09-08,360,6751,7111
446,2018-09-09,112,5117,5229
446,2018-09-10,859,9673,10532
446,2018-09-11,886,10020,10906
446,2018-09-12,936,9626,10562
446,2018-09-13,933,9773,10706
446,2018-09-14,853,10191,11044
446,2018-09-15,375,8280,8655
446,2018-09-16,182,5632,5814
446,2018-09-17,845,9230,10075
446,2018-09-18,881,9588,10469
446,2018-09-19,879,9274,10153
446,2018-09-20,864,9999,10863
446,2018-09-21,896,9634,10530
446,2018-09-22,330,6880,7210
446,2018-09-23,97,4120,4217
446,2018-09-24,832,8998,9830
446,2018-09-25,853,9457,10310
446,2018-09-26,837,9156,9993
446,2018-09-27,814,9605,10419
446,2018-09-28,854,10240,11094
446,2018-09-29,484,9693,10177
446,2018-09-30,236,8767,9003
446,2018-10-01,778,9093,9871
446,2018-10-02,918,9308,10226
446,2018-10-03,829,9152,9981
446,2018-10-04,836,9458,10294
446,2018-10-05,811,9933,10744
446,2018-10-06,337,7222,7559
446,2018-10-07,115,4887,5002
446,2018-10-08,810,8911,9721
446,2018-10-09,820,9255,10075
446,2018-10-10,859,9305,10164
446,2018-10-11,852,9617,10469
446,2018-10-12,778,9778,10556
446,2018-10-13,338,6805,7143
446,2018-10-14,111,4862,4973
446,2018-10-15,811,8830,9641
446,2018-10-16,878,9235,10113
446,2018-10-17,904,8982,9886
446,2018-10-18,818,9578,10396
446,2018-10-19,854,9975,10829
446,2018-10-20,384,7385,7769
446,2018-10-21,119,5269,5388
446,2018-10-22,809,8916,9725
446,2018-10-23,842,8917,9759
446,2018-10-24,816,8793,9609
446,2018-10-25,824,8989,9813
446,2018-10-26,807,9134,9941
446,2018-10-27,325,6373,6698
446,2018-10-28,102,4298,4400
446,2018-10-29,784,9397,10181
446,2018-10-30,749,9100,9849
446,2018-11-01,98,4037,4135
446,2018-11-02,599,7949,8548
446,2018-11-03,286,6096,6382
446,2018-11-04,106,4322,4428
446,2018-11-05,848,9091,9939
446,2018-11-06,811,9434,10245
446,2018-11-07,835,9108,9943
446,2018-11-08,888,9188,10076
446,2018-11-09,871,9663,10534
446,2018-11-10,317,6782,7099
446,2018-11-11,100,4227,4327
446,2018-11-12,896,9327,10223
446,2018-11-13,857,9568,10425
446,2018-11-14,877,9460,10337
446,2018-11-15,926,9615,10541
446,2018-11-16,811,10201,11012
446,2018-11-17,336,7356,7692
446,2018-11-18,103,4511,4614
446,2018-11-19,855,9709,10564
446,2018-11-20,853,9384,10237
446,2018-11-21,889,9205,10094
446,2018-11-22,933,9950,10883
446,2018-11-23,857,9852,10709
446,2018-11-24,329,6931,7260
446,2018-11-25,105,4893,4998
446,2018-11-26,851,9577,10428
446,2018-11-27,908,9209,10117
446,2018-11-28,885,8897,9782
446,2018-11-29,866,9511,10377
446,2018-11-30,859,9753,10612
446,2018-12-01,358,6888,7246
446,2018-12-02,95,4287,4382
446,2018-12-03,756,9077,9833
446,2018-12-04,821,9394,10215
446,2018-12-05,902,8869,9771
446,2018-12-06,840,9644,10484
446,2018-12-07,811,9256,10067
446,2018-12-08,270,6374,6644
446,2018-12-09,102,4106,4208
446,2018-12-10,849,8818,9667
446,2018-12-11,876,9169,10045
446,2018-12-12,953,8767,9720
446,2018-12-13,888,9604,10492
446,2018-12-14,879,9422,10301
446,2018-12-15,306,6707,7013
446,2018-12-16,112,4079,4191
446,2018-12-17,831,9010,9841
446,2018-12-18,939,9561,10500
446,2018-12-19,808,9000,9808
446,2018-12-20,773,9651,10424
446,2018-12-21,645,10004,10649
446,2018-12-22,258,6158,6416
446,2018-12-23,96,4084,4180
446,2018-12-24,446,6212,6658
446,2018-12-25,89,3064,3153
446,2018-12-26,87,2968,3055
446,2018-12-27,492,6424,6916
446,2018-12-28,493,6488,6981
446,2018-12-29,249,4903,5152
446,2018-12-30,91,3581,3672
446,2018-12-31,465,6000,6465
448,2018-01-01,27,3044,3071
448,2018-01-02,298,5981,6279
448,2018-01-03,337,6146,6483
448,2018-01-04,306,6486,6792
448,2018-01-05,319,6782,7101
448,2018-01-06,195,5400,5595
448,2018-01-07,65,4083,4148
448,2018-01-08,456,6727,7183
448,2018-01-09,396,7006,7402
448,2018-01-10,420,6948,7368
448,2018-01-11,471,6975,7446
448,2018-01-12,480,7302,7782
448,2018-01-13,233,5357,5590
448,2018-01-14,64,4208,4272
448,2018-01-15,410,6659,7069
448,2018-01-16,403,7020,7423
448,2018-01-17,419,6823,7242
448,2018-01-18,476,6824,7300
448,2018-01-19,419,7221,7640
448,2018-01-20,175,5153,5328
448,2018-01-21,55,3956,4011
448,2018-01-22,424,6725,7149
448,2018-01-23,448,6863,7311
448,2018-01-24,404,6961,7365
448,2018-01-25,389,7089,7478
448,2018-01-26,409,7350,7759
448,2018-01-27,210,5964,6174
448,2018-01-28,53,4448,4501
448,2018-01-29,457,6750,7207
448,2018-01-30,484,7134,7618
448,2018-01-31,434,7033,7467
448,2018-02-01,489,7151,7640
448,2018-02-02,430,7382,7812
448,2018-02-03,215,5687,5902
448,2018-02-04,62,4107,4169
448,2018-02-05,425,6854,7279
448,2018-02-06,389,7054,7443
448,2018-02-07,445,7040,7485
448,2018-02-08,445,7024,7469
448,2018-02-09,494,7032,7526
448,2018-02-10,209,5600,5809
448,2018-02-11,87,3986,4073
448,2018-02-12,311,5350,5661
448,2018-02-13,350,6405,6755
448,2018-02-14,403,6682,7085
448,2018-02-15,358,6318,6676
448,2018-02-16,399,6633,7032
448,2018-02-17,250,5238,5488
448,2018-02-18,58,4201,4259
448,2018-02-19,485,6826,7311
448,2018-02-20,541,7170,7711
448,2018-02-21,487,7074,7561
448,2018-02-22,531,7046,7577
448,2018-02-23,542,7439,7981
448,2018-02-24,240,5713,5953
448,2018-02-25,58,4488,4546
448,2018-02-26,450,6918,7368
448,2018-02-27,423,6994,7417
448,2018-02-28,412,7011,7423
448,2018-03-01,391,7215,7606
448,2018-03-02,445,6576,7021
448,2018-03-03,226,5536,5762
448,2018-03-04,59,3993,4052
448,2018-03-05,439,6972,7411
448,2018-03-06,532,7217,7749
448,2018-03-07,486,7044,7530
448,2018-03-08,589,7265,7854
448,2018-03-09,463,7554,8017
448,2018-03-10,235,5945,6180
448,2018-03-11,79,4464,4543
448,2018-03-12,482,6895,7377
448,2018-03-13,480,7447,7927
448,2018-03-14,517,7310,7827
448,2018-03-15,501,7105,7606
448,2018-03-16,494,7565,8059
448,2018-03-17,232,5866,6098
448,2018-03-18,61,4146,4207
448,2018-03-19,566,7100,7666
448,2018-03-20,548,7306,7854
448,2018-03-21,587,7277,7864
448,2018-03-22,502,7071,7573
448,2018-03-23,532,7662,8194
448,2018-03-24,276,6482,6758
448,2018-03-26,564,7146,7710
448,2018-03-27,532,7358,7890
448,2018-03-28,500,7196,7696
448,2018-03-29,568,7690,8258
448,2018-03-30,515,7933,8448
448,2018-03-31,252,6357,6609
448,2018-04-01,72,5118,5190
448,2018-04-02,82,4558,4640
448,2018-04-03,446,6706,7152
448,2018-04-04,472,7079,7551
448,2018-04-05,456,7179,7635
448,2018-04-06,474,7381,7855
448,2018-04-07,301,6503,6804
448,2018-04-08,87,5614,5701
448,2018-04-09,493,6893,7386
448,2018-04-10,492,7103,7595
448,2018-04-11,481,7351,7832
448,2018-04-12,571,7453,8024
448,2018-04-13,511,7646,8157
448,2018-04-14,307,6609,6916
448,2018-04-15,74,5623,5697
448,2018-04-16,537,7328,7865
448,2018-04-17,565,7874,8439
448,2018-04-18,546,7668,8214
448,2018-04-19,527,8084,8611
448,2018-04-20,554,8118,8672
448,2018-04-21,368,7295,7663
448,2018-04-22,81,5972,6053
448,2018-04-23,531,7438,7969
448,2018-04-24,608,7973,8581
448,2018-04-25,601,7581,8182
448,2018-04-26,618,7973,8591
448,2018-04-27,568,8390,8958
448,2018-04-28,282,7168,7450
448,2018-04-29,115,5951,6066
448,2018-04-30,368,7558,7926
448,2018-05-01,87,4810,4897
448,2018-05-02,552,8061,8613
448,2018-05-03,570,8055,8625
448,2018-05-04,598,8481,9079
448,2018-05-05,303,7429,7732
448,2018-05-06,110,7241,7351
448,2018-05-07,547,7917,8464
448,2018-05-08,518,8465,8983
448,2018-05-09,574,8554,9128
448,2018-05-10,113,5008,5121
448,2018-05-11,459,8872,9331
448,2018-05-12,277,7193,7470
448,2018-05-13,74,4676,4750
448,2018-05-14,498,7256,7754
448,2018-05-15,541,7791,8332
448,2018-05-16,523,7683,8206
448,2018-05-17,610,7950,8560
448,2018-05-18,578,8435,9013
448,2018-05-19,313,6889,7202
448,2018-05-20,95,6055,6150
448,2018-05-21,106,5692,5798
448,2018-05-22,497,7297,7794
448,2018-05-23,602,7374,7976
448,2018-05-24,487,7294,7781
448,2018-05-25,485,7960,8445
448,2018-05-26,319,7266,7585
448,2018-05-27,86,5486,5572
448,2018-05-28,540,7532,8072
448,2018-05-29,582,7839,8421
448,2018-05-30,564,7860,8424
448,2018-05-31,518,8220,8738
448,2018-06-01,470,8221,8691
448,2018-06-02,249,7303,7552
448,2018-06-03,96,6494,6590
448,2018-06-04,579,7698,8277
448,2018-06-05,584,8005,8589
448,2018-06-06,572,7885,8457
448,2018-06-07,539,7935,8474
448,2018-06-08,585,8208,8793
448,2018-06-09,262,7186,7448
448,2018-06-10,81,5883,5964
448,2018-06-11,514,7252,7766
448,2018-06-12,531,7774,8305
448,2018-06-13,517,7922,8439
448,2018-06-14,582,7826,8408
448,2018-06-15,505,8384,8889
448,2018-06-16,300,7173,7473
448,2018-06-17,105,5924,6029
448,2018-06-18,596,7483,8079
448,2018-06-19,520,7918,8438
448,2018-06-20,516,8009,8525
448,2018-06-21,593,7931,8524
448,2018-06-22,562,8019,8581
448,2018-06-23,118,5381,5499
448,2018-06-24,91,5502,5593
448,2018-06-25,519,7576,8095
448,2018-06-26,551,7976,8527
448,2018-06-27,556,7913,8469
448,2018-06-28,615,8037,8652
448,2018-06-29,590,8626,9216
448,2018-06-30,270,7461,7731
448,2018-07-01,90,7740,7830
448,2018-07-02,554,7733,8287
448,2018-07-03,567,7831,8398
448,2018-07-04,570,7720,8290
448,2018-07-05,544,7812,8356
448,2018-07-06,584,8177,8761
448,2018-07-07,288,7161,7449
448,2018-07-08,100,6681,6781
448,2018-07-09,605,8002,8607
448,2018-07-10,643,8112,8755
448,2018-07-11,568,8045,8613
448,2018-07-12,548,8259,8807
448,2018-07-13,620,8566,9186
448,2018-07-14,279,7567,7846
448,2018-07-15,127,5950,6077
448,2018-07-16,533,7887,8420
448,2018-07-17,600,8336,8936
448,2018-07-18,564,8222,8786
448,2018-07-19,545,8090,8635
448,2018-07-20,573,8203,8776
448,2018-07-21,264,7164,7428
448,2018-07-22,134,6749,6883
448,2018-07-23,545,8125,8670
448,2018-07-24,558,8215,8773
448,2018-07-25,493,8393,8886
448,2018-07-26,504,8496,9000
448,2018-07-27,391,8395,8786
448,2018-07-28,245,7371,7616
448,2018-07-29,110,7402,7512
448,2018-07-30,347,7759,8106
448,2018-07-31,385,8001,8386
448,2018-08-01,367,7883,8250
448,2018-08-02,364,8032,8396
448,2018-08-03,358,7998,8356
448,2018-08-04,253,7564,7817
448,2018-08-05,80,7269,7349
448,2018-08-06,374,7251,7625
448,2018-08-07,364,7392,7756
448,2018-08-08,345,7229,7574
448,2018-08-09,338,6770,7108
448,2018-08-10,325,7194,7519
448,2018-08-11,250,6531,6781
448,2018-08-12,107,6639,6746
448,2018-08-13,379,6801,7180
448,2018-08-14,369,7239,7608
448,2018-08-15,99,5429,5528
448,2018-08-16,366,7268,7634
448,2018-08-17,384,7042,7426
448,2018-08-18,246,6193,6439
448,2018-08-19,77,5899,5976
448,2018-08-20,408,6728,7136
448,2018-08-21,410,6820,7230
448,2018-08-22,384,7133,7517
448,2018-08-23,390,6882,7272
448,2018-08-24,459,7104,7563
448,2018-08-25,188,5552,5740
448,2018-08-26,89,4702,4791
448,2018-08-27,368,6405,6773
448,2018-08-28,460,6926,7386
448,2018-08-29,402,6565,6967
448,2018-08-30,600,6649,7249
448,2018-08-31,504,6855,7359
448,2018-09-01,190,5863,6053
448,2018-09-02,81,5106,5187
448,2018-09-03,583,6547,7130
448,2018-09-04,466,6839,7305
448,2018-09-05,417,6629,7046
448,2018-09-06,430,6839,7269
448,2018-09-07,450,7136,7586
448,2018-09-08,213,6463,6676
448,2018-09-09,90,6005,6095
448,2018-09-10,403,6842,7245
448,2018-09-11,414,7063,7477
448,2018-09-12,458,7183,7641
448,2018-09-13,372,6997,7369
448,2018-09-14,510,7855,8365
448,2018-09-15,254,7274,7528
448,2018-09-16,83,6497,6580
448,2018-09-17,566,7577,8143
448,2018-09-18,638,7819,8457
448,2018-09-19,557,7731,8288
448,2018-09-20,639,7680,8319
448,2018-09-21,707,7666,8373
448,2018-09-22,285,6613,6898
448,2018-09-23,103,5077,5180
448,2018-09-24,657,7420,8077
448,2018-09-25,672,7610,8282
448,2018-09-26,638,7588,8226
448,2018-09-27,665,7773,8438
448,2018-09-28,612,8112,8724
448,2018-09-29,243,6815,7058
448,2018-09-30,97,6115,6212
448,2018-10-01,551,7023,7574
448,2018-10-02,553,7368,7921
448,2018-10-03,540,7499,8039
448,2018-10-04,570,7596,8166
448,2018-10-05,578,8001,8579
448,2018-10-06,273,7050,7323
448,2018-10-07,235,8160,8395
448,2018-10-08,590,7170,7760
448,2018-10-09,586,7451,8037
448,2018-10-10,574,7435,8009
448,2018-10-11,570,7629,8199
448,2018-10-12,528,7848,8376
448,2018-10-13,255,7305,7560
448,2018-10-14,70,5796,5866
448,2018-10-15,543,7342,7885
448,2018-10-16,542,7615,8157
448,2018-10-17,564,7569,8133
448,2018-10-18,628,7740,8368
448,2018-10-19,600,8059,8659
448,2018-10-20,257,6577,6834
448,2018-10-21,72,5597,5669
448,2018-10-22,655,7501,8156
448,2018-10-23,591,7711,8302
448,2018-10-24,592,7483,8075
448,2018-10-25,534,7574,8108
448,2018-10-26,613,8137,8750
448,2018-10-27,297,6413,6710
448,2018-10-28,69,4605,4674
448,2018-10-29,523,7034,7557
448,2018-10-30,467,6935,7402
448,2018-11-01,78,4207,4285
448,2018-11-02,311,6884,7195
448,2018-11-03,229,5967,6196
448,2018-11-04,56,4528,4584
448,2018-11-05,561,7010,7571
448,2018-11-06,583,7400,7983
448,2018-11-07,586,7029,7615
448,2018-11-08,523,7513,8036
448,2018-11-09,524,7563,8087
448,2018-11-10,194,5726,5920
448,2018-11-11,58,3891,3949
448,2018-11-12,490,6960,7450
448,2018-11-13,541,7421,7962
448,2018-11-14,509,7143,7652
448,2018-11-15,541,7411,7952
448,2018-11-16,539,7644,8183
448,2018-11-17,241,5973,6214
448,2018-11-18,55,4701,4756
448,2018-11-19,546,7076,7622
448,2018-11-20,486,7258,7744
448,2018-11-21,502,7130,7632
448,2018-11-22,618,7288,7906
448,2018-11-23,527,7969,8496
448,2018-11-24,216,5926,6142
448,2018-11-25,54,4369,4423
448,2018-11-26,496,7025,7521
448,2018-11-27,465,7229,7694
448,2018-11-28,459,7176,7635
448,2018-11-29,496,7421,7917
448,2018-11-30,490,7757,8247
448,2018-12-01,226,6172,6398
448,2018-12-02,53,4243,4296
448,2018-12-03,373,6958,7331
448,2018-12-04,492,7259,7751
448,2018-12-05,504,7270,7774
448,2018-12-06,460,7065,7525
448,2018-12-07,481,7485,7966
448,2018-12-08,193,5792,5985
448,2018-12-09,43,4161,4204
448,2018-12-10,549,7033,7582
448,2018-12-11,523,7158,7681
448,2018-12-12,520,7245,7765
448,2018-12-13,560,7374,7934
448,2018-12-14,568,7709,8277
448,2018-12-15,272,5675,5947
448,2018-12-16,84,3870,3954
448,2018-12-17,539,7141,7680
448,2018-12-18,608,7444,8052
448,2018-12-19,543,7187,7730
448,2018-12-20,498,7537,8035
448,2018-12-21,369,7579,7948
448,2018-12-22,198,5351,5549
448,2018-12-23,54,3963,4017
448,2018-12-24,220,5370,5590
448,2018-12-25,36,3709,3745
448,2018-12-26,65,3626,3691
448,2018-12-27,241,5453,5694
448,2018-12-28,276,5838,6114
448,2018-12-29,193,4933,5126
448,2018-12-30,50,3888,3938
448,2018-12-31,224,5127,5351
449,2018-01-01,69,5911,5980
449,2018-01-02,496,11644,12140
449,2018-01-03,592,11942,12534
449,2018-01-04,544,12297,12841
449,2018-01-05,564,12919,13483
449,2018-01-06,314,10338,10652
449,2018-01-07,97,7731,7828
449,2018-01-08,751,12699,13450
449,2018-01-09,741,13231,13972
449,2018-01-10,745,13178,13923
449,2018-01-11,771,13226,13997
449,2018-01-12,787,13835,14622
449,2018-01-13,327,10495,10822
449,2018-01-14,105,8028,8133
449,2018-01-15,770,12660,13430
449,2018-01-16,777,13357,14134
449,2018-01-17,830,12896,13726
449,2018-01-18,824,13184,14008
449,2018-01-19,797,13788,14585
449,2018-01-20,336,10017,10353
449,2018-01-21,111,7738,7849
449,2018-01-22,802,12700,13502
449,2018-01-23,792,13176,13968
449,2018-01-24,731,12904,13635
449,2018-01-25,752,13106,13858
449,2018-01-26,749,13807,14556
449,2018-01-27,336,11283,11619
449,2018-01-28,100,8569,8669
449,2018-01-29,809,12870,13679
449,2018-01-30,787,13430,14217
449,2018-01-31,846,13147,13993
449,2018-02-01,841,13505,14346
449,2018-02-02,810,13883,14693
449,2018-02-03,338,11173,11511
449,2018-02-04,105,7997,8102
449,2018-02-05,736,13025,13761
449,2018-02-06,710,13113,13823
449,2018-02-07,787,13283,14070
449,2018-02-08,721,13557,14278
449,2018-02-09,815,13537,14352
449,2018-02-10,407,10837,11244
449,2018-02-11,293,7201,7494
449,2018-02-12,533,10356,10889
449,2018-02-13,620,11931,12551
449,2018-02-14,652,12423,13075
449,2018-02-15,667,11955,12622
449,2018-02-16,706,12669,13375
449,2018-02-17,387,10022,10409
449,2018-02-18,108,8058,8166
449,2018-02-19,847,12833,13680
449,2018-02-20,915,13580,14495
449,2018-02-21,862,13291,14153
449,2018-02-22,897,13476,14373
449,2018-02-23,929,14091,15020
449,2018-02-24,391,10941,11332
449,2018-02-25,108,8405,8513
449,2018-02-26,750,13068,13818
449,2018-02-27,730,13490,14220
449,2018-02-28,724,13194,13918
449,2018-03-01,689,13657,14346
449,2018-03-02,734,12421,13155
449,2018-03-03,350,10425,10775
449,2018-03-04,101,7713,7814
449,2018-03-05,884,13458,14342
449,2018-03-06,865,13537,14402
449,2018-03-07,856,13313,14169
449,2018-03-08,925,13486,14411
449,2018-03-09,855,14055,14910
449,2018-03-10,360,11209,11569
449,2018-03-11,121,8421,8542
449,2018-03-12,855,13021,13876
449,2018-03-13,847,13605,14452
449,2018-03-14,889,13621,14510
449,2018-03-15,878,13357,14235
449,2018-03-16,893,14180,15073
449,2018-03-17,372,10874,11246
449,2018-03-18,122,7863,7985
449,2018-03-19,912,13261,14173
449,2018-03-20,847,13669,14516
449,2018-03-21,967,13610,14577
449,2018-03-22,996,13632,14628
449,2018-03-23,930,14296,15226
449,2018-03-24,417,12056,12473
449,2018-03-26,926,13442,14368
449,2018-03-27,921,13813,14734
449,2018-03-28,860,13446,14306
449,2018-03-29,915,14452,15367
449,2018-03-30,814,14968,15782
449,2018-03-31,394,11770,12164
449,2018-04-01,109,9095,9204
449,2018-04-02,145,8350,8495
449,2018-04-03,777,12615,13392
449,2018-04-04,791,12868,13659
449,2018-04-05,789,12990,13779
449,2018-04-06,849,13692,14541
449,2018-04-07,447,11841,12288
449,2018-04-08,141,9893,10034
449,2018-04-09,792,12634,13426
449,2018-04-10,841,12862,13703
449,2018-04-11,826,13497,14323
449,2018-04-12,896,13415,14311
449,2018-04-13,837,13964,14801
449,2018-04-14,443,12016,12459
449,2018-04-15,146,9936,10082
449,2018-04-16,937,13753,14690
449,2018-04-17,931,14344,15275
449,2018-04-18,911,14263,15174
449,2018-04-19,1062,15098,16160
449,2018-04-20,915,15132,16047
449,2018-04-21,615,12944,13559
449,2018-04-22,134,10382,10516
449,2018-04-23,866,13620,14486
449,2018-04-24,922,14407,15329
449,2018-04-25,965,14134,15099
449,2018-04-26,1023,14455,15478
449,2018-04-27,940,15355,16295
449,2018-04-28,429,12740,13169
449,2018-04-29,142,9760,9902
449,2018-04-30,685,14107,14792
449,2018-05-01,162,8717,8879
449,2018-05-02,1105,14870,15975
449,2018-05-03,1013,14870,15883
449,2018-05-04,1013,15609,16622
449,2018-05-05,525,13388,13913
449,2018-05-06,176,11632,11808
449,2018-05-07,990,14448,15438
449,2018-05-08,997,15391,16388
449,2018-05-09,1068,16022,17090
449,2018-05-10,210,8976,9186
449,2018-05-11,748,15974,16722
449,2018-05-12,441,13104,13545
449,2018-05-13,201,8782,8983
449,2018-05-14,919,13771,14690
449,2018-05-15,949,14713,15662
449,2018-05-16,963,14541,15504
449,2018-05-17,1061,14950,16011
449,2018-05-18,1055,15901,16956
449,2018-05-19,475,12787,13262
449,2018-05-20,161,10152,10313
449,2018-05-21,190,9765,9955
449,2018-05-22,905,13981,14886
449,2018-05-23,906,13531,14437
449,2018-05-24,962,13790,14752
449,2018-05-25,900,14741,15641
449,2018-05-26,460,13074,13534
449,2018-05-27,161,10315,10476
449,2018-05-28,931,14045,14976
449,2018-05-29,946,14911,15857
449,2018-05-30,980,14840,15820
449,2018-05-31,958,15254,16212
449,2018-06-01,936,15774,16710
449,2018-06-02,489,12915,13404
449,2018-06-03,188,11049,11237
449,2018-06-04,1032,14239,15271
449,2018-06-05,1038,15029,16067
449,2018-06-06,1009,14731,15740
449,2018-06-07,1006,14930,15936
449,2018-06-08,1053,15312,16365
449,2018-06-09,435,13064,13499
449,2018-06-10,176,10514,10690
449,2018-06-11,1069,13775,14844
449,2018-06-12,974,14465,15439
449,2018-06-13,949,14783,15732
449,2018-06-14,979,14650,15629
449,2018-06-15,1033,15771,16804
449,2018-06-16,463,12873,13336
449,2018-06-17,194,10347,10541
449,2018-06-18,1060,13991,15051
449,2018-06-19,950,14635,15585
449,2018-06-20,948,14583,15531
449,2018-06-21,1020,14969,15989
449,2018-06-22,1054,15236,16290
449,2018-06-23,202,9439,9641
449,2018-06-24,191,9626,9817
449,2018-06-25,911,14049,14960
449,2018-06-26,998,14677,15675
449,2018-06-27,1004,14613,15617
449,2018-06-28,1050,14908,15958
449,2018-06-29,1003,15791,16794
449,2018-06-30,464,13403,13867
449,2018-07-01,185,12541,12726
449,2018-07-02,1016,14212,15228
449,2018-07-03,992,14766,15758
449,2018-07-04,1100,14902,16002
449,2018-07-05,1014,14818,15832
449,2018-07-06,1144,15356,16500
449,2018-07-07,393,12878,13271
449,2018-07-08,179,11247,11426
449,2018-07-09,1105,14770,15875
449,2018-07-10,1066,15220,16286
449,2018-07-11,936,14936,15872
449,2018-07-12,916,15283,16199
449,2018-07-13,980,15657,16637
449,2018-07-14,438,13644,14082
449,2018-07-15,234,10322,10556
449,2018-07-16,841,14492,15333
449,2018-07-17,862,14991,15853
449,2018-07-18,908,15017,15925
449,2018-07-19,896,14704,15600
449,2018-07-20,971,15054,16025
449,2018-07-21,449,13020,13469
449,2018-07-22,205,11449,11654
449,2018-07-23,900,14721,15621
449,2018-07-24,864,15254,16118
449,2018-07-25,833,14947,15780
449,2018-07-26,807,15149,15956
449,2018-07-27,614,15059,15673
449,2018-07-28,413,12602,13015
449,2018-07-29,179,11267,11446
449,2018-07-30,591,13707,14298
449,2018-07-31,621,14125,14746
449,2018-08-01,611,14023,14634
449,2018-08-02,588,14011,14599
449,2018-08-03,599,13911,14510
449,2018-08-04,372,12153,12525
449,2018-08-05,175,11077,11252
449,2018-08-06,587,12497,13084
449,2018-08-07,596,12757,13353
449,2018-08-08,567,12867,13434
449,2018-08-09,588,12410,12998
449,2018-08-10,576,13057,13633
449,2018-08-11,423,11656,12079
449,2018-08-12,208,10763,10971
449,2018-08-13,587,12103,12690
449,2018-08-14,594,13036,13630
449,2018-08-15,214,8989,9203
449,2018-08-16,612,12751,13363
449,2018-08-17,654,12604,13258
449,2018-08-18,386,10861,11247
449,2018-08-19,210,9912,10122
449,2018-08-20,741,12376,13117
449,2018-08-21,790,12715,13505
449,2018-08-22,766,13115,13881
449,2018-08-23,749,12634,13383
449,2018-08-24,801,13124,13925
449,2018-08-25,390,11181,11571
449,2018-08-26,180,8593,8773
449,2018-08-27,820,12310,13130
449,2018-08-28,795,12840,13635
449,2018-08-29,787,12402,13189
449,2018-08-30,961,12596,13557
449,2018-08-31,839,13036,13875
449,2018-09-01,364,11012,11376
449,2018-09-02,162,9146,9308
449,2018-09-03,971,12416,13387
449,2018-09-04,895,12861,13756
449,2018-09-05,949,12687,13636
449,2018-09-06,839,12917,13756
449,2018-09-07,923,13476,14399
449,2018-09-08,403,11853,12256
449,2018-09-09,170,10207,10377
449,2018-09-10,881,13099,13980
449,2018-09-11,836,13336,14172
449,2018-09-12,828,13819,14647
449,2018-09-13,840,13502,14342
449,2018-09-14,857,14470,15327
449,2018-09-15,450,12312,12762
449,2018-09-16,169,11155,11324
449,2018-09-17,942,14208,15150
449,2018-09-18,902,14452,15354
449,2018-09-19,999,14311,15310
449,2018-09-20,1114,14260,15374
449,2018-09-21,1176,14728,15904
449,2018-09-22,422,12183,12605
449,2018-09-23,176,8912,9088
449,2018-09-24,1063,13723,14786
449,2018-09-25,1125,14429,15554
449,2018-09-26,1096,15192,16288
449,2018-09-27,998,14371,15369
449,2018-09-28,1020,15106,16126
449,2018-09-29,412,12616,13028
449,2018-09-30,193,10621,10814
449,2018-10-01,962,13356,14318
449,2018-10-02,949,13839,14788
449,2018-10-03,915,14000,14915
449,2018-10-04,997,14055,15052
449,2018-10-05,1121,15077,16198
449,2018-10-06,410,13009,13419
449,2018-10-07,281,11988,12269
449,2018-10-08,990,13480,14470
449,2018-10-09,960,14007,14967
449,2018-10-10,1028,13868,14896
449,2018-10-11,930,14112,15042
449,2018-10-12,891,14702,15593
449,2018-10-13,397,12800,13197
449,2018-10-14,146,10153,10299
449,2018-10-15,912,13709,14621
449,2018-10-16,929,14345,15274
449,2018-10-17,974,13985,14959
449,2018-10-18,1094,14509,15603
449,2018-10-19,1065,14811,15876
449,2018-10-20,461,12310,12771
449,2018-10-21,157,10176,10333
449,2018-10-22,1071,13820,14891
449,2018-10-23,1197,14298,15495
449,2018-10-24,1001,14082,15083
449,2018-10-25,959,14130,15089
449,2018-10-26,1091,14541,15632
449,2018-10-27,445,11845,12290
449,2018-10-28,138,8927,9065
449,2018-10-29,926,13171,14097
449,2018-10-30,860,13115,13975
449,2018-11-01,153,8251,8404
449,2018-11-02,615,12999,13614
449,2018-11-03,410,11081,11491
449,2018-11-04,137,8749,8886
449,2018-11-05,985,13231,14216
449,2018-11-06,1002,13845,14847
449,2018-11-07,974,13360,14334
449,2018-11-08,1002,14020,15022
449,2018-11-09,930,14456,15386
449,2018-11-10,344,11111,11455
449,2018-11-11,123,7630,7753
449,2018-11-12,937,13028,13965
449,2018-11-13,912,13618,14530
449,2018-11-14,1085,13434,14519
449,2018-11-15,980,14076,15056
449,2018-11-16,945,14523,15468
449,2018-11-17,412,11539,11951
449,2018-11-18,132,8830,8962
449,2018-11-19,938,13043,13981
449,2018-11-20,897,13679,14576
449,2018-11-21,1141,13380,14521
449,2018-11-22,1088,14102,15190
449,2018-11-23,891,14637,15528
449,2018-11-24,350,11102,11452
449,2018-11-25,126,9036,9162
449,2018-11-26,883,12983,13866
449,2018-11-27,827,13573,14400
449,2018-11-28,871,13425,14296
449,2018-11-29,905,13838,14743
449,2018-11-30,861,14552,15413
449,2018-12-01,384,11326,11710
449,2018-12-02,149,8376,8525
449,2018-12-03,768,13155,13923
449,2018-12-04,858,13711,14569
449,2018-12-05,862,13685,14547
449,2018-12-06,838,13512,14350
449,2018-12-07,912,14001,14913
449,2018-12-08,361,10974,11335
449,2018-12-09,121,8034,8155
449,2018-12-10,932,13246,14178
449,2018-12-11,922,13768,14690
449,2018-12-12,928,13800,14728
449,2018-12-13,950,14177,15127
449,2018-12-14,971,14572,15543
449,2018-12-15,403,11127,11530
449,2018-12-16,149,7675,7824
449,2018-12-17,894,14338,15232
449,2018-12-18,862,16564,17426
449,2018-12-19,952,14566,15518
449,2018-12-20,910,14411,15321
449,2018-12-21,759,14322,15081
449,2018-12-22,333,10940,11273
449,2018-12-23,112,7818,7930
449,2018-12-24,340,10643,10983
449,2018-12-25,97,6926,7023
449,2018-12-26,143,6664,6807
449,2018-12-27,419,10496,10915
449,2018-12-28,436,10870,11306
449,2018-12-29,344,9045,9389
449,2018-12-30,112,7192,7304
449,2018-12-31,342,9665,10007
450,2018-01-01,40,2368,2408
450,2018-01-02,271,5261,5532
450,2018-01-03,288,6626,6914
450,2018-01-04,277,4843,5120
450,2018-01-05,354,5920,6274
450,2018-01-06,165,4615,4780
450,2018-01-07,82,3735,3817
450,2018-01-08,555,5989,6544
450,2018-01-09,576,6490,7066
450,2018-06-26,569,8134,8703
450,2018-06-27,555,8100,8655
450,2018-06-28,542,8338,8880
450,2018-06-29,530,8558,9088
450,2018-06-30,215,7465,7680
450,2018-07-01,115,6762,6877
450,2018-07-02,582,7626,8208
450,2018-07-03,546,8289,8835
450,2018-07-04,551,8201,8752
450,2018-07-05,612,8250,8862
450,2018-07-06,672,8460,9132
450,2018-07-07,199,7288,7487
450,2018-07-08,101,6265,6366
450,2018-07-09,588,8095,8683
450,2018-07-10,546,8397,8943
450,2018-07-11,501,8213,8714
450,2018-07-12,505,8352,8857
450,2018-07-13,543,8589,9132
450,2018-07-14,214,7612,7826
450,2018-07-15,122,5751,5873
450,2018-07-16,498,7901,8399
450,2018-07-17,470,8259,8729
450,2018-07-18,517,8103,8620
450,2018-07-19,488,8074,8562
450,2018-07-20,548,8308,8856
450,2018-07-21,230,7333,7563
450,2018-07-22,132,6374,6506
450,2018-07-23,507,7933,8440
450,2018-07-24,461,8092,8553
450,2018-07-25,429,8106,8535
450,2018-07-26,417,8043,8460
450,2018-07-27,324,8224,8548
450,2018-07-28,204,6683,6887
450,2018-07-29,114,5655,5769
450,2018-07-30,307,7188,7495
450,2018-07-31,312,7428,7740
450,2018-08-01,323,7533,7856
450,2018-08-02,303,7414,7717
450,2018-08-03,334,7372,7706
450,2018-08-04,191,6223,6414
450,2018-08-05,99,5570,5669
450,2018-08-06,320,6635,6955
450,2018-08-07,297,6539,6836
450,2018-08-08,302,6781,7083
450,2018-08-09,303,6659,6962
450,2018-08-10,322,7173,7495
450,2018-08-11,219,6606,6825
450,2018-08-12,108,6092,6200
450,2018-08-13,314,6332,6646
450,2018-08-14,306,6953,7259
450,2018-08-15,122,5051,5173
450,2018-08-16,337,6882,7219
450,2018-08-17,338,6838,7176
450,2018-08-18,185,6055,6240
450,2018-08-19,138,5588,5726
450,2018-08-20,408,6655,7063
450,2018-08-21,464,7006,7470
450,2018-08-22,453,7123,7576
450,2018-08-23,450,6892,7342
450,2018-08-24,453,7017,7470
450,2018-08-25,204,6042,6246
450,2018-08-26,112,4954,5066
450,2018-08-27,520,6663,7183
450,2018-08-28,456,6906,7362
450,2018-08-29,467,6692,7159
450,2018-08-30,471,6928,7399
450,2018-08-31,496,7138,7634
450,2018-09-01,215,6273,6488
450,2018-09-02,93,5272,5365
450,2018-09-03,593,6761,7354
450,2018-09-04,488,7044,7532
450,2018-09-05,588,7060,7648
450,2018-09-06,481,7134,7615
450,2018-09-07,525,7428,7953
450,2018-09-08,207,6422,6629
450,2018-09-09,94,5638,5732
450,2018-09-10,554,7202,7756
450,2018-09-11,502,7406,7908
450,2018-09-12,485,7842,8327
450,2018-09-13,523,7682,8205
450,2018-09-14,542,8244,8786
450,2018-09-15,262,6756,7018
450,2018-09-16,103,6166,6269
450,2018-09-17,599,7788,8387
450,2018-09-18,516,7979,8495
450,2018-09-19,585,7951,8536
450,2018-09-20,535,7907,8442
450,2018-09-21,683,8231,8914
450,2018-09-22,190,6959,7149
450,2018-09-23,92,4610,4702
450,2018-09-24,557,7432,7989
450,2018-09-25,658,7976,8634
450,2018-09-26,514,7912,8426
450,2018-09-27,515,7916,8431
450,2018-09-28,559,8179,8738
450,2018-09-29,208,7022,7230
450,2018-09-30,106,5936,6042
450,2018-10-01,549,7347,7896
450,2018-10-02,528,7641,8169
450,2018-10-03,504,7689,8193
450,2018-10-04,547,7710,8257
450,2018-10-05,560,8274,8834
450,2018-10-06,208,7269,7477
450,2018-10-07,78,5539,5617
450,2018-10-08,528,7376,7904
450,2018-10-09,498,7915,8413
450,2018-10-10,491,7817,8308
450,2018-10-11,497,7729,8226
450,2018-10-12,497,8051,8548
450,2018-10-13,191,7068,7259
450,2018-10-14,93,5819,5912
450,2018-10-15,522,7429,7951
450,2018-10-16,554,7930,8484
450,2018-10-17,522,7680,8202
450,2018-10-18,618,7905,8523
450,2018-10-19,576,8017,8593
450,2018-10-20,237,7024,7261
450,2018-10-21,83,5727,5810
450,2018-10-22,574,7352,7926
450,2018-10-23,589,7846,8435
450,2018-10-24,544,7763,8307
450,2018-10-25,526,7853,8379
450,2018-10-26,656,7906,8562
450,2018-10-27,197,6503,6700
450,2018-10-28,90,5135,5225
450,2018-10-29,515,7137,7652
450,2018-10-30,537,7143,7680
450,2018-11-01,84,4823,4907
450,2018-11-02,348,7150,7498
450,2018-11-03,198,6115,6313
450,2018-11-04,87,5039,5126
450,2018-11-05,632,7290,7922
450,2018-11-06,612,7623,8235
450,2018-11-07,567,7501,8068
450,2018-11-08,567,7645,8212
450,2018-11-09,502,8035,8537
450,2018-11-10,150,6262,6412
450,2018-11-11,63,4374,4437
450,2018-11-12,573,6996,7569
450,2018-11-13,496,7366,7862
450,2018-11-14,527,7496,8023
450,2018-11-15,529,7518,8047
450,2018-11-16,488,8016,8504
450,2018-11-17,200,6559,6759
450,2018-11-18,73,5064,5137
450,2018-11-19,502,7039,7541
450,2018-11-20,528,7458,7986
450,2018-11-21,540,7430,7970
450,2018-11-22,578,7472,8050
450,2018-11-23,484,7858,8342
450,2018-11-24,179,6094,6273
450,2018-11-25,86,5640,5726
450,2018-11-26,483,6940,7423
450,2018-11-27,441,7379,7820
450,2018-11-28,499,7306,7805
450,2018-11-29,510,7550,8060
450,2018-11-30,476,7847,8323
450,2018-12-01,157,6186,6343
450,2018-12-02,92,4870,4962
450,2018-12-03,443,7273,7716
450,2018-12-04,456,7517,7973
450,2018-12-05,453,7544,7997
450,2018-12-06,480,7417,7897
450,2018-12-07,473,7875,8348
450,2018-12-08,164,6215,6379
450,2018-12-09,75,4522,4597
450,2018-12-10,478,7125,7603
450,2018-12-11,507,7565,8072
450,2018-12-12,464,7529,7993
450,2018-12-13,501,7833,8334
450,2018-12-14,493,7872,8365
450,2018-12-15,190,6224,6414
450,2018-12-16,81,4437,4518
450,2018-12-17,448,7331,7779
450,2018-12-18,477,7867,8344
450,2018-12-19,501,7624,8125
450,2018-12-20,451,8029,8480
450,2018-12-21,405,7745,8150
450,2018-12-22,150,6356,6506
450,2018-12-23,59,4473,4532
450,2018-12-24,158,6082,6240
450,2018-12-25,59,3784,3843
450,2018-12-26,86,3585,3671
450,2018-12-27,212,5793,6005
450,2018-12-28,216,5845,6061
450,2018-12-29,169,4785,4954
450,2018-12-30,64,3938,4002
450,2018-12-31,149,5215,5364
452,2018-01-01,16,2425,2441
452,2018-01-02,202,5376,5578
452,2018-01-03,224,5645,5869
452,2018-01-04,201,6058,6259
452,2018-01-05,244,6337,6581
452,2018-01-06,99,3945,4044
452,2018-01-07,40,3018,3058
452,2018-01-08,394,6464,6858
452,2018-01-09,367,6911,7278
452,2018-01-10,339,6598,6937
452,2018-01-11,344,6653,6997
452,2018-01-12,394,7147,7541
452,2018-01-13,107,4156,4263
452,2018-01-14,32,3086,3118
452,2018-01-15,391,6294,6685
452,2018-01-16,428,6894,7322
452,2018-01-17,454,6409,6863
452,2018-01-18,417,6471,6888
452,2018-01-19,415,6962,7377
452,2018-01-20,110,3745,3855
452,2018-01-21,31,3235,3266
452,2018-01-22,422,6376,6798
452,2018-01-23,442,6626,7068
452,2018-01-24,361,6545,6906
452,2018-01-25,393,6875,7268
452,2018-01-26,383,6955,7338
452,2018-01-27,102,4456,4558
452,2018-01-28,29,3412,3441
452,2018-01-29,391,6778,7169
452,2018-01-30,428,6986,7414
452,2018-01-31,396,6735,7131
452,2018-02-01,384,6739,7123
452,2018-02-02,379,6969,7348
452,2018-02-03,110,4323,4433
452,2018-02-04,30,3317,3347
452,2018-02-05,359,6400,6759
452,2018-02-06,337,6264,6601
452,2018-02-07,346,6586,6932
452,2018-02-08,397,6743,7140
452,2018-02-09,376,6567,6943
452,2018-02-10,121,3681,3802
452,2018-02-11,66,3714,3780
452,2018-02-12,239,4509,4748
452,2018-02-13,334,5960,6294
452,2018-02-14,364,6406,6770
452,2018-02-15,306,6200,6506
452,2018-02-16,359,6452,6811
452,2018-02-17,125,3819,3944
452,2018-02-18,32,3292,3324
452,2018-02-19,397,6367,6764
452,2018-02-20,409,6761,7170
452,2018-02-21,407,6933,7340
452,2018-02-22,420,6952,7372
452,2018-02-23,440,7115,7555
452,2018-02-24,123,4229,4352
452,2018-02-25,24,3362,3386
452,2018-02-26,323,6535,6858
452,2018-02-27,431,6743,7174
452,2018-02-28,371,6563,6934
452,2018-03-01,431,6848,7279
452,2018-03-02,336,5914,6250
452,2018-03-03,118,3724,3842
452,2018-03-04,27,3080,3107
452,2018-03-05,410,6559,6969
452,2018-03-06,473,6720,7193
452,2018-03-07,425,6571,6996
452,2018-03-08,469,6887,7356
452,2018-03-09,524,7054,7578
452,2018-03-10,119,4175,4294
452,2018-03-11,29,3438,3467
452,2018-03-12,525,6351,6876
452,2018-03-13,427,6865,7292
452,2018-03-14,431,6971,7402
452,2018-03-15,404,6816,7220
452,2018-03-16,439,7007,7446
452,2018-03-17,134,4205,4339
452,2018-03-18,41,3198,3239
452,2018-03-19,471,6586,7057
452,2018-03-20,430,6993,7423
452,2018-03-21,460,6939,7399
452,2018-03-22,468,6765,7233
452,2018-03-23,460,7146,7606
452,2018-03-24,176,4762,4938
452,2018-03-26,489,7336,7825
452,2018-03-27,461,8175,8636
452,2018-03-28,505,8006,8511
452,2018-03-29,512,8597,9109
452,2018-03-30,471,8596,9067
452,2018-03-31,162,4608,4770
452,2018-04-01,30,3800,3830
452,2018-04-02,46,3602,3648
452,2018-04-03,397,6998,7395
452,2018-04-04,406,7250,7656
452,2018-04-05,436,7034,7470
452,2018-04-06,461,7291,7752
452,2018-04-07,216,4942,5158
452,2018-04-08,49,4158,4207
452,2018-04-09,479,6690,7169
452,2018-04-10,410,7110,7520
452,2018-04-11,553,7485,8038
452,2018-04-12,634,7585,8219
452,2018-04-13,500,7627,8127
452,2018-04-14,181,5115,5296
452,2018-04-15,48,4297,4345
452,2018-04-16,622,9165,9787
452,2018-04-17,663,10219,10882
452,2018-04-18,600,10075,10675
452,2018-04-19,639,10312,10951
452,2018-04-20,615,10411,11026
452,2018-04-21,240,6407,6647
452,2018-04-22,64,5006,5070
452,2018-04-23,558,8925,9483
452,2018-04-24,571,9788,10359
452,2018-04-25,566,9177,9743
452,2018-04-26,561,8751,9312
452,2018-04-27,550,8763,9313
452,2018-04-28,237,5532,5769
452,2018-04-29,72,3842,3914
452,2018-04-30,295,6455,6750
452,2018-05-01,80,3769,3849
452,2018-05-02,507,8040,8547
452,2018-05-03,573,8001,8574
452,2018-05-04,564,8224,8788
452,2018-05-05,248,5598,5846
452,2018-05-06,79,4608,4687
452,2018-05-07,548,7745,8293
452,2018-05-08,528,8289,8817
452,2018-05-09,646,8606,9252
452,2018-05-10,150,4360,4510
452,2018-05-11,389,7205,7594
452,2018-05-12,234,5632,5866
452,2018-05-13,62,3196,3258
452,2018-05-14,477,7177,7654
452,2018-05-15,505,7900,8405
452,2018-05-16,496,7618,8114
452,2018-05-17,541,7966,8507
452,2018-05-18,552,8303,8855
452,2018-05-19,244,5196,5440
452,2018-05-20,67,4670,4737
452,2018-05-21,134,4193,4327
452,2018-05-22,457,6267,6724
452,2018-05-23,517,6747,7264
452,2018-05-24,590,6725,7315
452,2018-05-25,572,7758,8330
452,2018-05-26,226,6045,6271
452,2018-05-27,81,4693,4774
452,2018-05-28,583,7474,8057
452,2018-05-29,538,7849,8387
452,2018-05-30,490,7837,8327
452,2018-05-31,514,7418,7932
452,2018-06-01,451,7973,8424
452,2018-06-02,192,5442,5634
452,2018-06-03,73,4613,4686
452,2018-06-04,467,7461,7928
452,2018-06-05,505,8071,8576
452,2018-06-06,578,7660,8238
452,2018-06-07,510,7908,8418
452,2018-06-08,557,8143,8700
452,2018-06-09,162,5054,5216
452,2018-06-10,73,4353,4426
452,2018-06-11,476,7299,7775
452,2018-06-12,531,7579,8110
452,2018-06-13,520,7473,7993
452,2018-06-14,502,7691,8193
452,2018-06-15,471,7963,8434
452,2018-06-16,210,5022,5232
452,2018-06-17,99,4154,4253
452,2018-06-18,522,7126,7648
452,2018-06-19,510,7790,8300
452,2018-06-20,525,8313,8838
452,2018-06-21,542,7772,8314
452,2018-06-22,546,8133,8679
452,2018-06-23,148,4520,4668
452,2018-06-24,87,4182,4269
452,2018-06-25,428,7191,7619
452,2018-06-26,510,7833,8343
452,2018-06-27,540,7643,8183
452,2018-06-28,535,7995,8530
452,2018-06-29,562,8108,8670
452,2018-06-30,193,5529,5722
452,2018-07-01,87,4668,4755
452,2018-07-02,528,7387,7915
452,2018-07-03,509,7729,8238
452,2018-07-04,514,7759,8273
452,2018-07-05,517,7647,8164
452,2018-07-06,557,7687,8244
452,2018-07-07,223,5416,5639
452,2018-07-08,113,4596,4709
452,2018-07-09,564,7415,7979
452,2018-07-10,516,7966,8482
452,2018-07-11,536,7866,8402
452,2018-07-12,586,7878,8464
452,2018-07-13,569,8138,8707
452,2018-07-14,221,5899,6120
452,2018-07-15,117,4537,4654
452,2018-07-16,491,7290,7781
452,2018-07-17,490,8174,8664
452,2018-07-18,480,7769,8249
452,2018-07-19,514,7266,7780
452,2018-07-20,545,7399,7944
452,2018-07-21,250,5303,5553
452,2018-07-22,137,4743,4880
452,2018-07-23,503,7312,7815
452,2018-07-24,467,7473,7940
452,2018-07-25,471,7379,7850
452,2018-07-26,447,7443,7890
452,2018-07-27,374,7433,7807
452,2018-07-28,245,5119,5364
452,2018-07-29,146,4744,4890
452,2018-07-30,337,6353,6690
452,2018-07-31,320,6894,7214
452,2018-08-01,337,6680,7017
452,2018-08-02,333,6710,7043
452,2018-08-03,358,6783,7141
452,2018-08-04,223,4843,5066
452,2018-08-05,130,4625,4755
452,2018-08-06,298,5878,6176
452,2018-08-07,305,6199,6504
452,2018-08-08,307,6345,6652
452,2018-08-09,350,6150,6500
452,2018-08-10,295,6393,6688
452,2018-08-11,209,4859,5068
452,2018-08-12,109,4660,4769
452,2018-08-13,287,5780,6067
452,2018-08-14,341,6209,6550
452,2018-08-15,119,4087,4206
452,2018-08-16,305,5995,6300
452,2018-08-22,394,6804,7198
452,2018-08-23,410,6707,7117
452,2018-08-24,516,7614,8130
452,2018-08-25,473,10274,10747
452,2018-08-26,80,4018,4098
452,2018-08-28,388,6829,7217
452,2018-08-29,449,6544,6993
452,2018-08-30,451,6776,7227
452,2018-08-31,479,7025,7504
452,2018-09-01,170,4739,4909
452,2018-09-02,73,4199,4272
452,2018-09-03,475,6346,6821
452,2018-09-04,520,6925,7445
452,2018-09-05,509,6995,7504
452,2018-09-06,528,6935,7463
452,2018-09-07,501,7306,7807
452,2018-09-08,205,5107,5312
452,2018-09-09,78,4463,4541
452,2018-09-10,427,6978,7405
452,2018-09-11,473,7306,7779
452,2018-09-12,462,7501,7963
452,2018-09-13,434,7368,7802
452,2018-09-14,512,7881,8393
452,2018-09-15,221,5303,5524
452,2018-09-16,97,4708,4805
452,2018-09-17,481,7473,7954
452,2018-09-18,501,7980,8481
452,2018-09-19,528,8009,8537
452,2018-09-20,491,8082,8573
452,2018-09-21,532,8114,8646
452,2018-09-22,218,5390,5608
452,2018-09-23,62,3679,3741
452,2018-09-24,521,7461,7982
452,2018-09-25,542,8211,8753
452,2018-09-26,491,7776,8267
452,2018-09-27,547,8000,8547
452,2018-09-28,597,8490,9087
452,2018-09-29,191,5474,5665
452,2018-09-30,78,4717,4795
452,2018-10-01,435,7416,7851
452,2018-10-02,542,7625,8167
452,2018-10-03,490,7577,8067
452,2018-10-04,500,7764,8264
452,2018-10-05,525,8148,8673
452,2018-10-06,188,5606,5794
452,2018-10-07,72,4656,4728
452,2018-10-08,465,7346,7811
452,2018-10-09,520,7865,8385
452,2018-10-10,526,7473,7999
452,2018-10-11,469,7937,8406
452,2018-10-12,481,7909,8390
452,2018-10-13,156,5242,5398
452,2018-10-14,50,4238,4288
452,2018-10-15,515,7532,8047
452,2018-10-16,573,7881,8454
452,2018-10-17,533,7679,8212
452,2018-10-18,621,7654,8275
452,2018-10-19,607,8153,8760
452,2018-10-20,183,5018,5201
452,2018-10-21,59,4460,4519
452,2018-10-22,524,7330,7854
452,2018-10-23,548,7895,8443
452,2018-10-24,520,7603,8123
452,2018-10-25,563,7672,8235
452,2018-10-26,556,7777,8333
452,2018-10-27,155,4678,4833
452,2018-10-28,53,4025,4078
452,2018-10-29,487,6662,7149
452,2018-10-30,448,6825,7273
452,2018-11-01,44,3608,3652
452,2018-11-02,244,5917,6161
452,2018-11-03,154,4674,4828
452,2018-11-04,50,4115,4165
452,2018-11-05,489,7064,7553
452,2018-11-06,492,7590,8082
452,2018-11-07,508,7518,8026
452,2018-11-08,466,7708,8174
452,2018-11-09,460,7801,8261
452,2018-11-10,136,4429,4565
452,2018-11-11,37,3536,3573
452,2018-11-12,487,7133,7620
452,2018-11-13,485,7750,8235
452,2018-11-14,503,7655,8158
452,2018-11-15,542,7712,8254
452,2018-11-16,518,7920,8438
452,2018-11-17,171,4892,5063
452,2018-11-18,47,3911,3958
452,2018-11-19,533,7084,7617
452,2018-11-20,470,7467,7937
452,2018-11-21,509,7555,8064
452,2018-11-22,523,7714,8237
452,2018-11-23,517,7906,8423
452,2018-11-24,114,4699,4813
452,2018-11-25,35,3710,3745
452,2018-11-26,453,7067,7520
452,2018-11-27,500,7477,7977
452,2018-11-28,454,7399,7853
452,2018-11-29,450,7349,7799
452,2018-11-30,434,7712,8146
452,2018-12-01,116,4576,4692
452,2018-12-02,38,3435,3473
452,2018-12-03,400,6890,7290
452,2018-12-04,471,7366,7837
452,2018-12-05,412,7400,7812
452,2018-12-06,476,7188,7664
452,2018-12-07,470,7645,8115
452,2018-12-08,110,4357,4467
452,2018-12-09,29,3250,3279
452,2018-12-10,438,6890,7328
452,2018-12-11,481,7555,8036
452,2018-12-12,532,7256,7788
452,2018-12-13,540,7492,8032
452,2018-12-14,501,7641,8142
452,2018-12-15,151,4400,4551
452,2018-12-16,42,3087,3129
452,2018-12-17,437,7009,7446
452,2018-12-18,461,7522,7983
452,2018-12-19,447,7232,7679
452,2018-12-20,401,7492,7893
452,2018-12-21,339,7343,7682
452,2018-12-22,103,4341,4444
452,2018-12-23,25,3334,3359
452,2018-12-24,124,4079,4203
452,2018-12-25,17,3059,3076
452,2018-12-26,33,2889,2922
452,2018-12-27,214,4668,4882
452,2018-12-28,168,4825,4993
452,2018-12-29,89,3703,3792
452,2018-12-30,19,3044,3063
452,2018-12-31,113,3672,3785
453,2018-01-01,62,5664,5726
453,2018-01-02,732,11656,12388
453,2018-01-03,770,11566,12336
453,2018-01-05,694,11885,12579
453,2018-01-06,224,7131,7355
453,2018-01-07,89,6449,6538
453,2018-01-08,1030,13116,14146
453,2018-01-09,1222,14047,15269
453,2018-01-10,1090,13007,14097
453,2018-01-12,1229,14087,15316
453,2018-01-13,324,9243,9567
453,2018-01-14,113,7166,7279
453,2018-01-15,1376,13430,14806
453,2018-01-16,1179,13115,14294
453,2018-01-17,1066,12755,13821
453,2018-01-18,1418,13916,15334
453,2018-01-19,1082,13681,14763
453,2018-01-20,210,5235,5445
453,2018-01-21,85,5636,5721
453,2018-01-22,1019,11514,12533
453,2018-01-23,1232,13425,14657
453,2018-01-24,1067,11549,12616
453,2018-01-26,1060,13969,15029
453,2018-01-27,291,9699,9990
453,2018-01-28,91,7064,7155
453,2018-01-29,1249,15026,16275
453,2018-01-30,1258,13711,14969
453,2018-01-31,1102,10044,11146
453,2018-02-01,1101,13263,14364
453,2018-02-02,1090,12313,13403
453,2018-02-03,297,9047,9344
453,2018-02-04,118,7031,7149
453,2018-02-05,1152,13210,14362
453,2018-02-06,945,10498,11443
453,2018-02-07,953,12724,13677
453,2018-02-09,986,12955,13941
453,2018-02-10,215,6696,6911
453,2018-02-11,125,6877,7002
453,2018-02-12,703,9286,9989
453,2018-02-13,1040,12034,13074
453,2018-02-14,1165,13416,14581
453,2018-02-15,823,10012,10835
453,2018-02-16,1065,13186,14251
453,2018-02-17,262,8553,8815
453,2018-02-18,124,6940,7064
453,2018-02-19,1193,13237,14430
453,2018-02-20,1319,14131,15450
453,2018-02-21,1285,14000,15285
453,2018-02-23,1289,14688,15977
453,2018-02-24,328,9566,9894
453,2018-02-25,110,7506,7616
453,2018-02-26,1090,13368,14458
453,2018-02-27,1105,13707,14812
453,2018-02-28,1102,13740,14842
453,2018-03-01,1174,13949,15123
453,2018-03-02,830,10629,11459
453,2018-03-03,293,7794,8087
453,2018-03-04,103,6203,6306
453,2018-03-05,1137,12547,13684
453,2018-03-06,1155,11771,12926
453,2018-03-07,1144,12218,13362
453,2018-03-09,1080,10740,11820
453,2018-03-10,256,8484,8740
453,2018-03-11,106,6411,6517
453,2018-03-12,1502,12832,14334
453,2018-03-13,1270,12369,13639
453,2018-03-14,1440,14303,15743
453,2018-03-15,1188,9890,11078
453,2018-03-16,1173,12633,13806
453,2018-03-17,385,9839,10224
453,2018-03-18,141,7169,7310
453,2018-03-19,1414,13683,15097
453,2018-03-20,1484,14571,16055
453,2018-03-21,1431,14037,15468
453,2018-03-22,1046,9181,10227
453,2018-03-23,1370,14632,16002
453,2018-03-24,400,10303,10703
453,2018-03-26,1289,11133,12422
453,2018-03-27,1311,11599,12910
453,2018-03-28,1866,14654,16520
453,2018-03-31,402,8222,8624
453,2018-04-01,173,6015,6188
453,2018-04-02,200,6366,6566
453,2018-04-03,1576,12484,14060
453,2018-04-04,1478,13836,15314
453,2018-04-05,1492,13850,15342
459,2018-01-01,28,1464,1492
459,2018-01-02,136,3473,3609
459,2018-01-03,44,3194,3238
459,2018-01-05,148,3797,3945
459,2018-01-06,65,2473,2538
459,2018-01-07,18,1828,1846
459,2018-01-08,199,4106,4305
459,2018-01-09,190,4287,4477
459,2018-01-10,176,4133,4309
459,2018-01-12,207,4300,4507
459,2018-01-13,90,2637,2727
459,2018-01-14,18,1980,1998
459,2018-01-15,184,4082,4266
459,2018-01-16,154,4173,4327
459,2018-01-17,178,4094,4272
459,2018-01-18,158,4049,4207
459,2018-01-19,175,4304,4479
459,2018-01-20,67,2428,2495
459,2018-01-21,17,1785,1802
459,2018-01-22,165,3949,4114
459,2018-01-23,172,4292,4464
459,2018-01-24,146,4207,4353
459,2018-02-09,201,4103,4304
459,2018-02-10,92,2278,2370
459,2018-02-11,22,1491,1513
459,2018-02-12,98,3134,3232
459,2018-02-13,110,3553,3663
459,2018-02-14,120,3687,3807
459,2018-02-15,101,3425,3526
459,2018-02-16,103,3595,3698
459,2018-02-17,86,2223,2309
459,2018-02-18,17,1882,1899
459,2018-02-19,202,4117,4319
459,2018-02-20,188,4344,4532
459,2018-02-21,201,4271,4472
459,2018-02-23,221,4248,4469
459,2018-02-24,101,2670,2771
459,2018-02-25,26,1958,1984
459,2018-02-27,224,4305,4529
459,2018-02-28,213,4113,4326
459,2018-03-01,196,4216,4412
459,2018-03-02,170,3816,3986
459,2018-03-03,79,2578,2657
459,2018-03-04,14,1844,1858
459,2018-03-05,176,4169,4345
459,2018-03-06,207,4391,4598
459,2018-03-07,158,4241,4399
459,2018-03-09,162,4234,4396
459,2018-03-10,88,2876,2964
459,2018-03-11,24,2089,2113
459,2018-03-12,166,4150,4316
459,2018-03-13,152,4348,4500
459,2018-03-14,201,4464,4665
459,2018-03-15,168,4251,4419
459,2018-03-16,171,4312,4483
459,2018-03-17,91,2714,2805
459,2018-03-18,22,2014,2036
459,2018-03-19,198,4181,4379
459,2018-03-20,193,4496,4689
459,2018-03-21,204,4485,4689
459,2018-03-22,179,4405,4584
459,2018-03-23,208,4421,4629
459,2018-03-24,88,3053,3141
459,2018-03-26,200,4247,4447
459,2018-03-27,165,4344,4509
459,2018-03-28,174,4194,4368
459,2018-03-31,76,2509,2585
459,2018-04-01,16,1750,1766
459,2018-04-02,10,1807,1817
459,2018-04-03,102,3767,3869
459,2018-04-04,83,3747,3830
459,2018-04-06,122,3889,4011
459,2018-04-07,85,2536,2621
459,2018-04-08,18,2094,2112
459,2018-04-09,116,3909,4025
459,2018-04-10,109,3952,4061
459,2018-04-11,105,4325,4430
459,2018-04-13,140,4225,4365
459,2018-04-14,78,2894,2972
459,2018-04-15,15,2326,2341
459,2018-04-16,188,4569,4757
459,2018-04-17,176,4907,5083
459,2018-04-18,178,4841,5019
459,2018-04-19,187,4709,4896
459,2018-04-20,195,4781,4976
459,2018-04-21,88,3232,3320
459,2018-04-22,17,2505,2522
459,2018-04-23,179,4407,4586
459,2018-04-24,207,4788,4995
459,2018-04-25,216,4598,4814
459,2018-04-27,191,4891,5082
459,2018-04-28,97,3091,3188
459,2018-04-29,26,2288,2314
459,2018-04-30,154,3884,4038
459,2018-05-01,23,1981,2004
459,2018-05-02,204,4651,4855
459,2018-05-03,179,4729,4908
459,2018-05-04,213,4922,5135
459,2018-05-05,83,3341,3424
459,2018-05-06,26,2775,2801
459,2018-05-07,190,4713,4903
459,2018-05-08,195,4932,5127
459,2018-05-09,166,4871,5037
459,2018-05-11,192,4188,4380
459,2018-05-12,77,2959,3036
459,2018-05-13,52,2294,2346
459,2018-05-14,258,4596,4854
459,2018-05-15,148,4930,5078
459,2018-05-16,181,4829,5010
459,2018-05-17,176,5001,5177
459,2018-05-18,191,4946,5137
459,2018-05-19,92,3076,3168
459,2018-05-20,36,2090,2126
459,2018-05-21,17,2057,2074
459,2018-05-22,110,4254,4364
459,2018-05-23,150,4264,4414
459,2018-05-25,107,4363,4470
459,2018-05-26,86,2929,3015
459,2018-05-27,22,2115,2137
459,2018-05-28,159,4519,4678
459,2018-05-29,222,4998,5220
459,2018-05-30,132,5024,5156
459,2018-05-31,244,4804,5048
459,2018-06-01,196,5742,5938
459,2018-06-02,87,3401,3488
459,2018-06-03,20,2497,2517
459,2018-06-04,144,4705,4849
459,2018-06-05,132,5043,5175
459,2018-06-06,137,4887,5024
459,2018-06-08,144,4757,4901
459,2018-06-09,90,3030,3120
459,2018-06-10,15,2186,2201
459,2018-06-11,160,4367,4527
459,2018-06-12,157,4463,4620
459,2018-06-13,35,642,677
459,2018-06-14,4,44,48
459,2018-06-15,81,2860,2941
459,2018-06-16,87,2872,2959
459,2018-06-17,17,1672,1689
459,2018-06-18,209,4523,4732
459,2018-06-19,170,4803,4973
459,2018-06-20,197,4753,4950
459,2018-06-21,191,4735,4926
459,2018-06-22,190,4619,4809
459,2018-07-07,79,3505,3584
459,2018-07-08,23,2616,2639
459,2018-07-09,197,4727,4924
459,2018-07-10,174,4660,4834
459,2018-07-11,172,4630,4802
459,2018-07-12,149,4642,4791
459,2018-07-13,158,4624,4782
459,2018-07-14,99,3064,3163
459,2018-07-15,35,2241,2276
459,2018-07-16,124,4243,4367
459,2018-07-17,119,4346,4465
459,2018-07-18,130,4351,4481
459,2018-07-20,118,4194,4312
459,2018-07-21,89,2895,2984
459,2018-07-22,35,2289,2324
459,2018-07-23,143,4024,4167
459,2018-07-24,115,4133,4248
459,2018-07-25,120,4127,4247
459,2018-09-01,76,1986,2062
459,2018-09-02,27,1591,1618
459,2018-09-03,103,2950,3053
459,2018-09-04,114,2971,3085
459,2018-09-05,132,2995,3127
459,2018-09-06,113,3157,3270
459,2018-09-07,116,3358,3474
459,2018-09-08,95,2427,2522
459,2018-09-09,39,2276,2315
459,2018-09-10,139,3702,3841
459,2018-09-11,152,4017,4169
459,2018-09-12,142,4083,4225
459,2018-09-13,125,3979,4104
459,2018-09-29,102,3311,3413
459,2018-09-30,21,2568,2589
459,2018-10-01,216,4177,4393
459,2018-10-02,193,4417,4610
459,2018-10-03,198,4376,4574
459,2018-10-04,204,4453,4657
459,2018-10-05,202,4527,4729
459,2018-10-06,106,3172,3278
459,2018-10-07,30,2303,2333
459,2018-10-08,206,4336,4542
459,2018-10-09,186,4408,4594
459,2018-10-10,204,4494,4698
459,2018-10-11,206,4468,4674
459,2018-10-13,87,3403,3490
459,2018-10-14,20,2914,2934
459,2018-10-15,201,4502,4703
459,2018-10-16,190,4740,4930
459,2018-10-17,208,4685,4893
459,2018-10-18,189,4815,5004
459,2018-10-19,235,4749,4984
459,2018-10-20,94,3186,3280
459,2018-10-21,31,2452,2483
459,2018-10-22,220,4509,4729
459,2018-10-23,206,4804,5010
459,2018-10-24,229,4780,5009
459,2018-10-25,204,4799,5003
459,2018-10-27,82,3030,3112
459,2018-10-28,21,2141,2162
459,2018-10-29,112,3999,4111
459,2018-10-30,174,4138,4312
459,2018-10-31,135,4184,4319
459,2018-11-01,19,2080,2099
459,2018-11-03,93,2403,2496
459,2018-11-04,19,2022,2041
459,2018-11-05,180,4254,4434
459,2018-11-06,186,4447,4633
459,2018-11-07,207,4418,4625
459,2018-11-08,210,4745,4955
459,2018-11-10,69,2433,2502
459,2018-11-11,17,1992,2009
459,2018-11-12,160,4192,4352
459,2018-11-13,166,4517,4683
459,2018-11-14,221,4463,4684
459,2018-11-15,210,4480,4690
459,2018-11-16,216,4643,4859
459,2018-11-17,94,2934,3028
459,2018-11-18,24,2068,2092
459,2018-11-19,204,4407,4611
459,2018-11-20,213,4542,4755
459,2018-11-21,203,4401,4604
459,2018-11-22,231,4511,4742
459,2018-11-23,221,4478,4699
459,2018-11-24,85,2784,2869
459,2018-11-25,15,2050,2065
459,2018-11-26,204,4189,4393
459,2018-11-27,197,4617,4814
459,2018-11-28,179,4386,4565
459,2018-11-29,193,4577,4770
459,2018-12-01,85,2854,2939
459,2018-12-02,15,2028,2043
459,2018-12-03,169,3825,3994
459,2018-12-04,180,4418,4598
459,2018-12-05,206,4714,4920
459,2018-12-06,135,4426,4561
459,2018-12-07,171,4486,4657
459,2018-12-08,68,2709,2777
459,2018-12-09,40,1827,1867
459,2018-12-10,194,4213,4407
459,2018-12-11,198,4548,4746
459,2018-12-12,205,4452,4657
459,2018-12-13,199,4605,4804
459,2018-12-15,95,2801,2896
459,2018-12-16,18,1792,1810
459,2018-12-17,188,4279,4467
459,2018-12-18,186,4505,4691
459,2018-12-19,190,4416,4606
459,2018-12-20,156,4584,4740
459,2018-12-21,157,4231,4388
459,2018-12-22,60,2517,2577
459,2018-12-23,18,1728,1746
459,2018-12-24,100,3023,3123
459,2018-12-25,16,1672,1688
459,2018-12-26,17,1504,1521
459,2018-12-27,111,2848,2959
459,2018-12-28,123,2939,3062
459,2018-12-29,68,2065,2133
459,2018-12-30,20,1594,1614
459,2018-12-31,103,2651,2754
460,2018-01-01,NA,1172,NA
460,2018-01-02,23,3324,3347
460,2018-01-03,18,3608,3626
460,2018-01-04,24,3920,3944
460,2018-01-05,48,4043,4091
460,2018-01-06,17,2135,2152
460,2018-01-07,6,1600,1606
460,2018-01-08,79,4771,4850
460,2018-01-09,60,4845,4905
460,2018-01-10,58,4527,4585
460,2018-01-11,44,4610,4654
460,2018-01-12,46,4579,4625
460,2018-01-13,18,2191,2209
460,2018-01-14,5,1555,1560
460,2018-01-15,58,4492,4550
460,2018-01-16,54,4497,4551
460,2018-01-17,57,4224,4281
460,2018-01-18,49,4397,4446
460,2018-01-19,63,4616,4679
460,2018-01-20,22,2054,2076
460,2018-01-21,11,1457,1468
460,2018-01-22,108,4381,4489
460,2018-01-23,142,4482,4624
460,2018-01-24,173,4706,4879
460,2018-01-25,141,4874,5015
460,2018-01-26,153,4723,4876
460,2018-01-27,18,2205,2223
460,2018-01-28,4,1452,1456
460,2018-01-29,130,4421,4551
460,2018-01-30,161,4650,4811
460,2018-01-31,137,4643,4780
460,2018-02-01,148,4739,4887
460,2018-02-02,144,4579,4723
460,2018-02-03,27,2158,2185
460,2018-02-04,9,1305,1314
460,2018-02-05,139,4372,4511
460,2018-02-06,137,4084,4221
460,2018-02-07,159,4358,4517
460,2018-02-08,167,4574,4741
460,2018-02-09,162,4403,4565
460,2018-02-10,25,1874,1899
460,2018-02-11,11,1152,1163
460,2018-02-12,105,3292,3397
460,2018-02-13,101,3783,3884
460,2018-02-14,121,3888,4009
460,2018-02-15,97,3728,3825
460,2018-02-16,109,4103,4212
460,2018-02-17,16,1783,1799
460,2018-02-18,9,1600,1609
460,2018-02-19,145,4349,4494
460,2018-02-20,141,4394,4535
460,2018-02-21,174,4585,4759
460,2018-02-22,160,4495,4655
460,2018-02-23,179,4493,4672
460,2018-02-24,41,2193,2234
460,2018-02-25,19,1586,1605
460,2018-02-26,174,4208,4382
460,2018-02-27,159,4120,4279
460,2018-02-28,178,4147,4325
460,2018-03-01,116,4093,4209
460,2018-03-02,81,3284,3365
460,2018-03-03,22,1910,1932
460,2018-03-04,7,1482,1489
460,2018-03-05,75,4436,4511
460,2018-03-06,75,4604,4679
460,2018-03-07,100,4530,4630
460,2018-03-08,66,4823,4889
460,2018-03-09,67,4762,4829
460,2018-03-10,19,2314,2333
460,2018-03-11,8,1756,1764
460,2018-03-12,44,4776,4820
460,2018-03-13,58,5009,5067
460,2018-03-14,75,4960,5035
460,2018-03-15,56,5178,5234
460,2018-03-16,52,5194,5246
460,2018-03-17,17,2291,2308
460,2018-03-18,9,1463,1472
460,2018-03-19,50,4772,4822
460,2018-03-20,61,4863,4924
460,2018-03-21,65,4754,4819
460,2018-03-22,58,4656,4714
460,2018-03-23,60,4995,5055
460,2018-03-24,19,2668,2687
460,2018-03-26,44,4715,4759
460,2018-03-27,54,4920,4974
460,2018-03-28,61,5021,5082
460,2018-03-29,67,5277,5344
460,2018-03-30,43,4536,4579
460,2018-03-31,10,2207,2217
460,2018-04-01,5,1561,1566
460,2018-04-02,5,1637,1642
460,2018-04-03,62,4622,4684
460,2018-04-04,55,4632,4687
460,2018-04-05,58,4674,4732
460,2018-04-06,69,4793,4862
460,2018-04-07,39,2275,2314
460,2018-04-08,14,1903,1917
460,2018-04-09,68,4819,4887
460,2018-04-10,68,5413,5481
460,2018-04-11,76,5013,5089
460,2018-04-12,77,5043,5120
460,2018-04-13,70,5000,5070
460,2018-04-14,36,2589,2625
460,2018-04-15,10,2097,2107
460,2018-04-16,76,5054,5130
460,2018-04-17,88,5252,5340
460,2018-04-18,72,5307,5379
460,2018-04-19,80,5389,5469
460,2018-04-20,81,5425,5506
460,2018-04-21,29,2798,2827
460,2018-04-22,11,2133,2144
460,2018-04-23,77,5032,5109
460,2018-04-24,89,5484,5573
460,2018-04-25,81,5481,5562
460,2018-04-26,91,5671,5762
460,2018-04-27,101,5659,5760
460,2018-04-28,47,2728,2775
460,2018-04-30,55,4049,4104
460,2018-05-01,11,1786,1797
460,2018-05-02,83,5300,5383
460,2018-05-03,81,5371,5452
460,2018-05-04,90,5477,5567
460,2018-05-05,38,2757,2795
460,2018-05-06,62,2356,2418
460,2018-05-07,88,5320,5408
460,2018-05-08,84,5616,5700
460,2018-05-09,166,5492,5658
460,2018-05-10,16,1813,1829
460,2018-05-11,55,4159,4214
460,2018-05-12,84,2693,2777
460,2018-05-13,14,1732,1746
460,2018-05-14,66,5308,5374
460,2018-05-15,78,5574,5652
460,2018-05-16,78,5385,5463
460,2018-05-17,64,5674,5738
460,2018-05-18,88,5734,5822
460,2018-05-19,17,2453,2470
460,2018-05-20,26,1734,1760
460,2018-05-21,23,2000,2023
460,2018-05-22,79,5073,5152
460,2018-05-23,72,5019,5091
460,2018-05-24,56,4790,4846
460,2018-05-25,60,5200,5260
460,2018-05-26,44,2743,2787
460,2018-05-27,11,1849,1860
460,2018-05-28,79,5208,5287
460,2018-05-29,64,5621,5685
460,2018-05-30,66,5472,5538
460,2018-05-31,64,5740,5804
460,2018-06-01,120,6170,6290
460,2018-06-02,46,2967,3013
460,2018-06-03,11,2224,2235
460,2018-06-04,116,5320,5436
460,2018-06-05,82,5963,6045
460,2018-06-06,99,5695,5794
460,2018-06-07,81,5794,5875
460,2018-06-08,126,5588,5714
460,2018-06-09,23,2883,2906
460,2018-06-10,6,2175,2181
460,2018-06-11,65,5870,5935
460,2018-06-12,65,5785,5850
460,2018-06-13,92,5636,5728
460,2018-06-14,74,5988,6062
460,2018-06-15,84,5951,6035
460,2018-06-16,45,2882,2927
460,2018-06-17,35,2444,2479
460,2018-06-18,51,3784,3835
460,2018-06-19,37,3108,3145
460,2018-06-20,35,3287,3322
460,2018-06-21,51,3672,3723
460,2018-06-22,40,3704,3744
460,2018-06-23,18,1191,1209
460,2018-06-24,70,1159,1229
460,2018-06-25,48,3669,3717
460,2018-06-26,40,3908,3948
460,2018-06-27,36,3740,3776
460,2018-06-28,42,3967,4009
460,2018-06-29,44,3850,3894
460,2018-06-30,15,1649,1664
460,2018-07-01,9,1291,1300
460,2018-07-02,44,3800,3844
460,2018-07-03,62,4060,4122
460,2018-07-04,48,4173,4221
460,2018-07-05,53,4376,4429
460,2018-07-06,32,4151,4183
460,2018-07-07,9,1625,1634
460,2018-07-08,11,1394,1405
460,2018-07-09,44,3947,3991
460,2018-07-10,38,3904,3942
460,2018-07-11,47,3810,3857
460,2018-07-12,59,4044,4103
460,2018-07-13,55,4179,4234
460,2018-07-14,41,1655,1696
460,2018-07-15,26,1132,1158
460,2018-07-16,48,3842,3890
460,2018-07-17,42,4016,4058
460,2018-07-18,53,4101,4154
460,2018-07-19,80,4149,4229
460,2018-07-20,41,4140,4181
460,2018-07-21,21,1651,1672
460,2018-07-22,25,1333,1358
460,2018-07-23,42,3681,3723
460,2018-07-24,57,3798,3855
460,2018-07-25,38,3651,3689
460,2018-07-26,33,3601,3634
460,2018-07-27,24,3304,3328
460,2018-07-28,27,1408,1435
460,2018-07-29,9,1228,1237
460,2018-07-30,24,3053,3077
460,2018-07-31,31,3070,3101
460,2018-08-01,22,2843,2865
460,2018-08-02,25,2928,2953
460,2018-08-03,27,2717,2744
460,2018-08-04,61,1302,1363
460,2018-08-05,3,1059,1062
460,2018-08-06,29,2723,2752
460,2018-08-07,16,2808,2824
460,2018-08-08,38,2745,2783
460,2018-08-09,13,2717,2730
460,2018-08-10,23,2920,2943
460,2018-08-11,37,1458,1495
460,2018-08-12,8,1160,1168
460,2018-08-13,29,2597,2626
460,2018-08-14,45,2617,2662
460,2018-08-15,13,1285,1298
460,2018-08-16,54,2661,2715
460,2018-08-17,46,2631,2677
460,2018-08-18,30,1328,1358
460,2018-08-19,5,1140,1145
460,2018-08-20,38,2907,2945
460,2018-08-21,25,2928,2953
460,2018-08-22,42,3021,3063
460,2018-08-23,27,3046,3073
460,2018-08-24,36,2989,3025
460,2018-08-25,17,1489,1506
460,2018-08-26,7,1247,1254
460,2018-08-27,43,3080,3123
460,2018-08-28,31,3378,3409
460,2018-08-29,34,3138,3172
460,2018-08-30,28,3307,3335
460,2018-08-31,20,3329,3349
460,2018-09-01,32,1466,1498
460,2018-09-02,12,1235,1247
460,2018-09-03,46,3323,3369
460,2018-09-04,59,3458,3517
460,2018-09-05,81,3436,3517
460,2018-09-06,40,3710,3750
460,2018-09-07,52,3541,3593
460,2018-09-08,22,1597,1619
460,2018-09-09,8,1291,1299
460,2018-09-10,39,3847,3886
460,2018-09-11,34,3991,4025
460,2018-09-12,43,4262,4305
460,2018-09-13,48,4078,4126
460,2018-09-14,36,4068,4104
460,2018-09-15,28,1769,1797
460,2018-09-16,12,1319,1331
460,2018-09-17,39,4138,4177
460,2018-09-18,104,4159,4263
460,2018-09-19,38,4150,4188
460,2018-09-20,32,4188,4220
460,2018-09-21,36,4146,4182
460,2018-09-22,10,1720,1730
460,2018-09-23,2,1182,1184
460,2018-09-24,31,4167,4198
460,2018-09-25,33,4223,4256
460,2018-09-26,37,4347,4384
460,2018-09-27,50,4645,4695
460,2018-09-28,55,4510,4565
460,2018-09-29,44,1982,2026
460,2018-09-30,22,2010,2032
460,2018-10-01,58,4357,4415
460,2018-10-02,46,4322,4368
460,2018-10-03,55,4036,4091
460,2018-10-04,37,4158,4195
460,2018-10-05,51,4110,4161
460,2018-10-06,20,1833,1853
460,2018-10-07,11,1256,1267
460,2018-10-08,36,3933,3969
460,2018-10-09,54,4073,4127
460,2018-10-10,42,4096,4138
460,2018-10-11,67,4048,4115
460,2018-10-12,51,3986,4037
460,2018-10-13,43,1814,1857
460,2018-10-14,3,1565,1568
460,2018-10-15,32,3909,3941
460,2018-10-16,56,4130,4186
460,2018-10-17,51,4060,4111
460,2018-10-18,53,3985,4038
460,2018-10-19,44,3972,4016
460,2018-10-20,22,1799,1821
460,2018-10-21,10,1467,1477
460,2018-10-22,43,3880,3923
460,2018-10-23,33,3996,4029
460,2018-10-24,33,3858,3891
460,2018-10-25,37,4034,4071
460,2018-10-26,35,3900,3935
460,2018-10-27,22,1667,1689
460,2018-10-28,11,1094,1105
460,2018-10-29,47,3537,3584
460,2018-10-30,38,3557,3595
460,2018-11-01,4,1146,1150
460,2018-11-02,27,2602,2629
460,2018-11-03,17,1500,1517
460,2018-11-04,4,1089,1093
460,2018-11-05,52,3816,3868
460,2018-11-06,33,4169,4202
460,2018-11-07,50,4023,4073
460,2018-11-08,37,4195,4232
460,2018-11-09,32,4218,4250
460,2018-11-10,19,1743,1762
460,2018-11-11,14,1168,1182
460,2018-11-12,42,4153,4195
460,2018-11-13,38,4237,4275
460,2018-11-14,54,4381,4435
460,2018-11-15,36,4255,4291
460,2018-11-16,50,4198,4248
460,2018-11-17,12,1834,1846
460,2018-11-18,6,1331,1337
460,2018-11-19,52,4117,4169
460,2018-11-20,36,4210,4246
460,2018-11-21,40,4048,4088
460,2018-11-22,43,4096,4139
460,2018-11-23,41,4047,4088
460,2018-11-24,16,1694,1710
460,2018-11-25,2,1255,1257
460,2018-11-26,32,3869,3901
460,2018-11-27,32,4053,4085
460,2018-11-28,38,4008,4046
460,2018-11-29,22,4062,4084
460,2018-11-30,35,3962,3997
460,2018-12-01,13,1651,1664
460,2018-12-02,7,1116,1123
460,2018-12-03,32,3954,3986
460,2018-12-04,34,4084,4118
460,2018-12-05,30,3979,4009
460,2018-12-06,23,3908,3931
460,2018-12-07,26,3910,3936
460,2018-12-08,10,1645,1655
460,2018-12-09,11,1169,1180
460,2018-12-10,39,3820,3859
460,2018-12-11,41,3848,3889
460,2018-12-12,48,3699,3747
460,2018-12-13,38,3931,3969
460,2018-12-14,43,3729,3772
460,2018-12-15,14,1756,1770
460,2018-12-16,7,805,812
460,2018-12-17,32,3698,3730
460,2018-12-18,51,3859,3910
460,2018-12-19,28,3682,3710
460,2018-12-20,29,3683,3712
460,2018-12-21,22,3428,3450
460,2018-12-22,7,1522,1529
460,2018-12-23,NA,1032,NA
460,2018-12-24,7,1651,1658
460,2018-12-25,2,756,758
460,2018-12-26,2,843,845
460,2018-12-27,12,1956,1968
460,2018-12-28,24,1935,1959
460,2018-12-29,11,1105,1116
460,2018-12-30,4,901,905
460,2018-12-31,7,1625,1632
463,2018-01-01,60,3702,3762
463,2018-01-02,333,7425,7758
463,2018-01-03,292,7720,8012
463,2018-01-05,403,8932,9335
463,2018-01-06,214,6625,6839
463,2018-01-07,65,5439,5504
463,2018-01-08,436,9285,9721
463,2018-01-09,461,9529,9990
463,2018-01-10,504,9217,9721
463,2018-01-12,491,9652,10143
463,2018-01-13,210,6477,6687
463,2018-01-14,73,5521,5594
463,2018-01-15,510,8478,8988
463,2018-01-16,430,9392,9822
463,2018-01-17,528,9131,9659
463,2018-01-18,460,9283,9743
463,2018-01-19,468,9700,10168
463,2018-01-20,221,6481,6702
463,2018-01-21,81,5368,5449
463,2018-01-22,447,8828,9275
463,2018-01-23,467,9428,9895
463,2018-01-24,440,9485,9925
463,2018-01-26,411,9953,10364
463,2018-01-27,232,6780,7012
463,2018-01-28,60,5119,5179
463,2018-01-29,444,9065,9509
463,2018-01-30,449,9522,9971
463,2018-01-31,460,8863,9323
463,2018-02-01,427,9563,9990
463,2018-02-02,441,9453,9894
463,2018-02-03,230,6820,7050
463,2018-02-04,73,4963,5036
463,2018-02-05,454,9076,9530
463,2018-02-06,427,8588,9015
463,2018-02-07,451,9296,9747
463,2018-02-09,488,9686,10174
463,2018-02-10,220,6314,6534
463,2018-02-11,60,4492,4552
463,2018-02-12,392,8016,8408
463,2018-02-13,384,8646,9030
463,2018-02-14,415,9355,9770
463,2018-02-15,352,8384,8736
463,2018-02-16,390,9351,9741
463,2018-02-17,230,6562,6792
463,2018-02-18,72,6432,6504
463,2018-02-19,469,9022,9491
463,2018-02-20,460,9384,9844
463,2018-02-21,484,9680,10164
463,2018-02-23,486,9909,10395
463,2018-02-24,218,7478,7696
463,2018-02-25,67,5706,5773
463,2018-02-26,479,9104,9583
463,2018-02-27,452,9110,9562
463,2018-02-28,441,9352,9793
463,2018-03-01,448,9383,9831
463,2018-03-02,445,8146,8591
463,2018-03-03,221,6590,6811
463,2018-03-04,58,5320,5378
463,2018-03-05,461,9190,9651
463,2018-03-06,481,9661,10142
463,2018-03-07,456,9586,10042
463,2018-03-09,483,9787,10270
463,2018-03-10,221,7077,7298
463,2018-03-11,72,6176,6248
463,2018-03-12,380,9476,9856
463,2018-03-13,494,9736,10230
463,2018-03-14,546,10668,11214
463,2018-03-15,541,10404,10945
463,2018-03-16,517,10264,10781
463,2018-03-17,242,7255,7497
463,2018-03-18,68,4949,5017
463,2018-03-19,497,9278,9775
463,2018-03-20,455,10260,10715
463,2018-03-21,515,10320,10835
463,2018-03-22,479,9723,10202
463,2018-03-23,528,10490,11018
463,2018-03-24,230,8080,8310
463,2018-03-26,485,9638,10123
463,2018-03-27,484,9878,10362
463,2018-03-28,428,10552,10980
463,2018-03-31,235,7513,7748
463,2018-04-01,84,5482,5566
463,2018-04-02,70,6109,6179
463,2018-04-03,443,9426,9869
463,2018-04-04,447,8978,9425
463,2018-04-06,524,10298,10822
463,2018-04-07,253,7980,8233
463,2018-04-08,72,8089,8161
463,2018-04-09,440,9405,9845
463,2018-04-10,468,10170,10638
463,2018-04-11,524,10161,10685
463,2018-04-13,523,10318,10841
463,2018-04-14,249,7925,8174
463,2018-04-15,77,6960,7037
463,2018-04-16,550,10188,10738
463,2018-04-17,567,10646,11213
463,2018-04-18,522,10746,11268
463,2018-04-19,478,10618,11096
463,2018-04-20,525,11594,12119
463,2018-04-21,240,8799,9039
463,2018-04-22,66,7971,8037
463,2018-04-23,546,10075,10621
463,2018-04-24,530,10544,11074
463,2018-04-25,551,10095,10646
463,2018-04-27,596,12039,12635
463,2018-04-28,271,8094,8365
463,2018-04-29,86,6614,6700
463,2018-04-30,440,8909,9349
463,2018-05-01,91,6257,6348
463,2018-05-02,523,10193,10716
463,2018-05-03,548,10605,11153
463,2018-05-04,610,11306,11916
463,2018-05-05,249,8478,8727
463,2018-05-06,89,8462,8551
463,2018-05-07,522,10459,10981
463,2018-05-08,484,11782,12266
463,2018-05-09,525,11515,12040
463,2018-05-11,451,9874,10325
463,2018-05-12,241,7902,8143
463,2018-05-13,88,5511,5599
463,2018-05-14,569,11029,11598
463,2018-05-15,544,11140,11684
463,2018-05-16,589,10172,10761
463,2018-05-17,550,10652,11202
463,2018-05-18,564,11435,11999
463,2018-05-19,296,7826,8122
463,2018-05-20,104,6153,6257
463,2018-05-21,89,7489,7578
463,2018-05-22,509,9871,10380
463,2018-05-23,509,9652,10161
463,2018-05-25,592,12326,12918
463,2018-05-26,306,9669,9975
463,2018-05-27,62,6648,6710
463,2018-05-28,547,10402,10949
463,2018-05-29,525,10752,11277
463,2018-05-30,537,10741,11278
463,2018-05-31,519,11161,11680
463,2018-06-01,470,11238,11708
463,2018-06-02,279,8291,8570
463,2018-06-03,90,8161,8251
463,2018-06-04,490,10136,10626
463,2018-06-05,528,10837,11365
463,2018-06-06,498,10593,11091
463,2018-06-08,436,11612,12048
463,2018-06-09,260,8501,8761
463,2018-06-10,78,6770,6848
463,2018-06-11,408,10814,11222
463,2018-06-12,470,10007,10477
463,2018-06-13,545,10492,11037
463,2018-06-14,479,10262,10741
463,2018-06-15,510,11097,11607
463,2018-06-16,269,8923,9192
463,2018-06-17,213,7963,8176
463,2018-06-18,496,9985,10481
463,2018-06-19,535,10401,10936
463,2018-06-20,527,10828,11355
463,2018-06-22,539,11283,11822
463,2018-06-23,88,6266,6354
463,2018-06-24,76,7082,7158
463,2018-06-25,533,9683,10216
463,2018-06-26,468,10637,11105
463,2018-06-27,482,10469,10951
463,2018-06-28,525,10626,11151
463,2018-06-29,534,11596,12130
463,2018-06-30,257,9090,9347
463,2018-07-01,81,8726,8807
463,2018-07-02,518,10322,10840
463,2018-07-03,517,10621,11138
463,2018-07-04,456,10820,11276
463,2018-07-06,535,10896,11431
463,2018-07-07,254,8403,8657
463,2018-07-08,76,8583,8659
463,2018-07-09,426,10383,10809
463,2018-07-10,522,10442,10964
463,2018-07-11,509,10617,11126
463,2018-07-12,453,10643,11096
463,2018-07-13,500,11108,11608
463,2018-07-14,280,8550,8830
463,2018-07-15,74,6616,6690
463,2018-07-16,482,9069,9551
463,2018-07-17,406,9141,9547
463,2018-07-18,505,9265,9770
463,2018-07-20,533,9084,9617
463,2018-07-21,227,6542,6769
463,2018-07-22,73,6877,6950
463,2018-07-23,446,9176,9622
463,2018-07-24,496,10077,10573
463,2018-07-25,489,9972,10461
463,2018-07-26,434,9786,10220
463,2018-07-27,367,9841,10208
463,2018-07-28,232,7243,7475
463,2018-07-29,80,7387,7467
463,2018-07-30,351,9464,9815
463,2018-07-31,412,9357,9769
463,2018-08-01,365,8419,8784
463,2018-08-03,363,9122,9485
463,2018-08-04,220,7290,7510
463,2018-08-05,82,6965,7047
463,2018-08-06,317,8225,8542
463,2018-08-07,358,8406,8764
463,2018-08-08,312,8476,8788
463,2018-08-09,314,8056,8370
463,2018-08-10,347,8709,9056
463,2018-08-11,239,6936,7175
463,2018-08-12,80,7611,7691
463,2018-08-13,284,7908,8192
463,2018-08-14,323,8168,8491
463,2018-08-15,64,7257,7321
463,2018-08-16,338,8520,8858
463,2018-08-17,347,8167,8514
463,2018-08-18,246,6867,7113
463,2018-08-19,75,7313,7388
463,2018-08-20,345,8145,8490
463,2018-08-21,355,8882,9237
463,2018-08-22,385,9105,9490
463,2018-08-23,356,8884,9240
463,2018-08-24,412,9005,9417
463,2018-08-25,236,6727,6963
463,2018-08-26,80,6690,6770
463,2018-08-27,408,8844,9252
463,2018-08-28,426,9523,9949
463,2018-08-29,374,9408,9782
463,2018-08-31,450,9966,10416
463,2018-09-01,264,7307,7571
463,2018-09-02,71,6620,6691
463,2018-09-03,475,8924,9399
463,2018-09-04,441,9484,9925
463,2018-09-05,477,9465,9942
463,2018-09-06,406,10674,11080
463,2018-09-07,454,9817,10271
463,2018-09-08,259,7683,7942
463,2018-09-09,81,7421,7502
463,2018-09-10,469,9621,10090
463,2018-09-11,472,10135,10607
463,2018-09-12,486,10572,11058
463,2018-09-14,488,10553,11041
463,2018-09-15,270,8911,9181
463,2018-09-16,88,8497,8585
463,2018-09-17,512,10098,10610
463,2018-09-18,477,10474,10951
463,2018-09-19,496,10579,11075
463,2018-09-20,519,10564,11083
463,2018-09-21,536,10574,11110
463,2018-09-22,246,7870,8116
463,2018-09-23,92,5651,5743
463,2018-09-24,510,10025,10535
463,2018-09-25,467,10522,10989
463,2018-09-26,541,10481,11022
463,2018-09-28,528,11104,11632
463,2018-09-29,264,8545,8809
463,2018-09-30,94,8579,8673
463,2018-10-01,517,9965,10482
463,2018-10-02,508,10133,10641
463,2018-10-03,517,10458,10975
463,2018-10-04,555,10877,11432
463,2018-10-05,566,11131,11697
463,2018-10-06,248,8725,8973
463,2018-10-07,79,6667,6746
463,2018-10-08,537,10155,10692
463,2018-10-09,505,10688,11193
463,2018-10-10,497,10837,11334
463,2018-10-12,499,10863,11362
463,2018-10-13,230,8565,8795
463,2018-10-14,76,8238,8314
463,2018-10-15,511,10249,10760
463,2018-10-16,554,10749,11303
463,2018-10-17,488,10319,10807
463,2018-10-18,467,9747,10214
463,2018-10-19,475,9676,10151
463,2018-10-20,253,6728,6981
463,2018-10-21,88,6262,6350
463,2018-10-22,442,9018,9460
463,2018-10-23,433,9386,9819
463,2018-10-24,469,9178,9647
463,2018-10-26,467,9604,10071
463,2018-10-27,242,6545,6787
463,2018-10-28,66,4828,4894
463,2018-10-29,379,8725,9104
463,2018-10-30,406,8372,8778
463,2018-10-31,446,10012,10458
463,2018-11-02,375,8622,8997
463,2018-11-03,239,7299,7538
463,2018-11-04,81,6253,6334
463,2018-11-05,452,9758,10210
463,2018-11-06,484,10103,10587
463,2018-11-07,470,10141,10611
463,2018-11-09,482,10753,11235
463,2018-11-10,219,6872,7091
463,2018-11-11,76,5778,5854
463,2018-11-12,444,9374,9818
463,2018-11-13,484,9899,10383
463,2018-11-14,496,10078,10574
463,2018-11-15,484,10319,10803
463,2018-11-16,502,10697,11199
463,2018-11-17,255,8004,8259
463,2018-11-18,72,6081,6153
463,2018-11-19,524,9488,10012
463,2018-11-20,516,9626,10142
463,2018-11-21,506,9715,10221
463,2018-11-22,545,10078,10623
463,2018-11-23,507,10583,11090
463,2018-11-24,261,7420,7681
463,2018-11-25,81,5405,5486
463,2018-11-26,491,9621,10112
463,2018-11-27,516,10127,10643
463,2018-11-28,478,9691,10169
463,2018-11-30,505,10863,11368
463,2018-12-01,262,7891,8153
463,2018-12-02,76,5432,5508
463,2018-12-03,404,9928,10332
463,2018-12-04,480,10459,10939
463,2018-12-05,522,10283,10805
463,2018-12-06,485,10426,10911
463,2018-12-07,500,10417,10917
463,2018-12-08,233,7245,7478
463,2018-12-09,64,5312,5376
463,2018-12-10,467,9839,10306
463,2018-12-11,504,10349,10853
463,2018-12-12,475,10053,10528
463,2018-12-14,495,10638,11133
463,2018-12-15,252,7725,7977
463,2018-12-16,64,4781,4845
463,2018-12-17,407,9308,9715
463,2018-12-18,509,10390,10899
463,2018-12-19,481,9951,10432
463,2018-12-20,512,10304,10816
463,2018-12-21,384,10148,10532
463,2018-12-22,212,6868,7080
463,2018-12-23,63,5058,5121
463,2018-12-24,274,6997,7271
463,2018-12-25,54,4412,4466
463,2018-12-26,75,4251,4326
463,2018-12-27,286,6878,7164
463,2018-12-28,307,7291,7598
463,2018-12-29,216,5927,6143
463,2018-12-30,64,4726,4790
463,2018-12-31,245,6508,6753
464,2018-01-01,10,2024,2034
464,2018-01-02,41,4560,4601
464,2018-01-03,64,4854,4918
464,2018-01-05,43,4611,4654
464,2018-01-06,5,2349,2354
464,2018-01-07,2,1675,1677
464,2018-01-08,62,1721,1783
464,2018-01-09,67,4097,4164
464,2018-01-10,86,5302,5388
464,2018-01-12,97,5902,5999
464,2018-01-13,11,3802,3813
464,2018-01-14,11,4362,4373
464,2018-01-15,110,5462,5572
464,2018-01-16,102,5600,5702
464,2018-01-17,118,5492,5610
464,2018-01-18,132,5554,5686
464,2018-01-19,78,6088,6166
464,2018-01-20,7,2724,2731
464,2018-01-21,2,2251,2253
464,2018-01-22,90,4881,4971
464,2018-01-23,79,5225,5304
464,2018-01-24,66,3745,3811
464,2018-01-26,96,5356,5452
464,2018-01-27,10,3844,3854
464,2018-01-28,9,3042,3051
464,2018-01-29,61,5383,5444
464,2018-01-30,74,5908,5982
464,2018-01-31,100,5592,5692
464,2018-02-01,74,5888,5962
464,2018-02-02,56,5824,5880
464,2018-02-03,13,4112,4125
464,2018-02-04,18,3019,3037
464,2018-02-05,71,5698,5769
464,2018-02-06,60,5433,5493
464,2018-02-07,77,5771,5848
464,2018-02-09,61,5910,5971
464,2018-02-10,8,3614,3622
464,2018-02-11,10,2641,2651
464,2018-02-12,56,5048,5104
464,2018-02-13,46,5814,5860
464,2018-02-14,84,6221,6305
464,2018-02-15,66,5423,5489
464,2018-02-16,58,6344,6402
464,2018-02-17,9,3639,3648
464,2018-02-18,6,4629,4635
464,2018-02-19,70,5646,5716
464,2018-02-20,78,5825,5903
464,2018-02-21,76,5918,5994
464,2018-02-23,83,6292,6375
464,2018-02-24,18,4324,4342
464,2018-02-25,10,4105,4115
464,2018-02-26,63,5541,5604
464,2018-02-27,56,5597,5653
464,2018-02-28,82,5690,5772
464,2018-03-01,67,5672,5739
464,2018-03-02,67,4703,4770
464,2018-03-03,17,3676,3693
464,2018-03-04,5,3426,3431
464,2018-03-05,86,6028,6114
464,2018-03-06,80,5893,5973
464,2018-03-07,95,5679,5774
464,2018-03-09,90,6134,6224
464,2018-03-10,11,4121,4132
464,2018-03-11,14,4183,4197
464,2018-03-12,122,5754,5876
464,2018-03-13,96,5688,5784
464,2018-03-14,96,6405,6501
464,2018-03-15,88,6243,6331
464,2018-03-16,76,6455,6531
464,2018-03-17,14,3970,3984
464,2018-03-18,18,2858,2876
464,2018-03-19,95,5955,6050
464,2018-03-20,93,7144,7237
464,2018-03-21,83,7575,7658
464,2018-03-22,85,7401,7486
464,2018-03-23,81,7136,7217
464,2018-03-24,18,5530,5548
464,2018-03-26,107,6264,6371
464,2018-03-27,85,6236,6321
464,2018-03-28,114,6108,6222
464,2018-03-31,18,4962,4980
464,2018-04-01,12,3570,3582
464,2018-04-02,9,5382,5391
464,2018-04-03,118,6118,6236
464,2018-04-04,102,5989,6091
464,2018-04-13,69,7117,7186
464,2018-04-14,15,5633,5648
464,2018-04-15,19,6879,6898
464,2018-04-16,96,7074,7170
464,2018-04-17,99,7748,7847
464,2018-04-18,84,7831,7915
464,2018-04-19,99,8174,8273
464,2018-04-20,83,8762,8845
464,2018-04-21,21,7574,7595
464,2018-04-22,17,7919,7936
464,2018-04-23,92,7252,7344
464,2018-04-24,86,7552,7638
464,2018-04-25,112,7106,7218
464,2018-04-27,94,7998,8092
464,2018-04-28,51,6187,6238
464,2018-04-29,28,5984,6012
464,2018-04-30,117,6419,6536
464,2018-05-01,22,6329,6351
464,2018-05-02,93,7344,7437
464,2018-05-03,63,7478,7541
464,2018-05-04,79,8063,8142
464,2018-05-05,30,7060,7090
464,2018-05-06,23,8967,8990
464,2018-05-07,68,7959,8027
464,2018-05-08,82,9185,9267
464,2018-05-09,63,8343,8406
464,2018-05-11,65,7759,7824
464,2018-05-12,15,6498,6513
464,2018-05-13,14,4224,4238
464,2018-05-14,112,6996,7108
464,2018-05-15,76,7883,7959
464,2018-05-16,86,7010,7096
464,2018-05-17,87,8170,8257
464,2018-05-18,102,8396,8498
464,2018-05-19,22,6518,6540
464,2018-05-20,12,6560,6572
464,2018-05-21,15,8524,8539
464,2018-05-22,100,7178,7278
464,2018-05-23,103,7420,7523
464,2018-05-25,75,8409,8484
464,2018-05-26,25,7889,7914
464,2018-05-27,11,6530,6541
464,2018-05-28,75,7574,7649
464,2018-05-29,77,7841,7918
464,2018-05-30,89,8555,8644
464,2018-05-31,76,8650,8726
464,2018-06-01,92,6948,7040
464,2018-06-02,22,6792,6814
464,2018-06-03,15,8874,8889
464,2018-06-04,112,7268,7380
464,2018-06-05,103,8503,8606
464,2018-06-06,106,8333,8439
464,2018-06-08,95,8243,8338
464,2018-06-09,20,6726,6746
464,2018-06-10,26,6516,6542
464,2018-06-11,110,7326,7436
464,2018-06-12,106,6964,7070
464,2018-06-13,83,7794,7877
464,2018-06-14,88,8198,8286
464,2018-06-15,87,8723,8810
464,2018-06-16,33,6962,6995
464,2018-06-17,5,2598,2603
464,2018-06-18,103,7767,7870
464,2018-06-19,83,7773,7856
464,2018-06-20,79,8597,8676
464,2018-06-22,83,7974,8057
464,2018-06-23,16,6202,6218
464,2018-06-24,11,7025,7036
464,2018-06-25,86,7377,7463
464,2018-06-26,87,8147,8234
464,2018-06-27,89,8186,8275
464,2018-06-28,106,8341,8447
464,2018-06-29,72,8989,9061
464,2018-06-30,21,8256,8277
464,2018-07-01,21,10801,10822
464,2018-07-02,86,8036,8122
464,2018-07-03,97,8104,8201
464,2018-07-04,102,7575,7677
464,2018-07-06,75,7851,7926
464,2018-07-07,16,7164,7180
464,2018-07-08,16,10035,10051
464,2018-07-09,76,7661,7737
464,2018-07-10,73,6981,7054
464,2018-07-11,63,7413,7476
464,2018-07-12,91,7582,7673
464,2018-07-13,96,7921,8017
464,2018-07-14,9,7810,7819
464,2018-07-15,14,6752,6766
464,2018-07-16,75,8558,8633
464,2018-07-17,72,8633,8705
464,2018-07-18,69,8809,8878
464,2018-07-20,77,8891,8968
464,2018-07-21,23,6954,6977
464,2018-07-22,21,9381,9402
464,2018-07-23,88,7593,7681
464,2018-07-24,82,7765,7847
464,2018-07-25,75,7959,8034
464,2018-07-26,74,8667,8741
464,2018-07-27,62,8713,8775
464,2018-07-28,13,6527,6540
464,2018-07-29,15,8777,8792
464,2018-07-30,64,7389,7453
464,2018-07-31,48,7862,7910
464,2018-08-01,84,6350,6434
464,2018-08-03,57,8102,8159
464,2018-08-04,12,7212,7224
464,2018-08-05,11,9186,9197
464,2018-08-06,49,7065,7114
464,2018-08-07,56,7739,7795
464,2018-08-08,68,6360,6428
464,2018-08-09,60,5992,6052
464,2018-08-10,61,6816,6877
464,2018-08-11,21,6099,6120
464,2018-08-12,15,8743,8758
464,2018-08-13,78,5822,5900
464,2018-08-14,56,6338,6394
464,2018-08-15,15,8620,8635
464,2018-08-16,70,7010,7080
464,2018-08-17,55,6121,6176
464,2018-08-18,14,6178,6192
464,2018-08-19,9,8057,8066
464,2018-08-20,73,6227,6300
464,2018-08-21,63,6634,6697
464,2018-08-22,66,7396,7462
464,2018-08-23,71,6927,6998
464,2018-08-24,77,6482,6559
464,2018-08-25,17,4656,4673
464,2018-08-26,12,6113,6125
464,2018-08-27,70,5897,5967
464,2018-08-28,56,6686,6742
464,2018-08-29,58,5854,5912
464,2018-08-31,66,6783,6849
464,2018-09-01,21,5666,5687
464,2018-09-02,4,6713,6717
464,2018-09-03,67,6244,6311
464,2018-09-04,75,6459,6534
464,2018-09-05,60,6674,6734
464,2018-09-06,74,6260,6334
464,2018-09-07,79,6704,6783
464,2018-09-08,25,5623,5648
464,2018-09-09,25,7095,7120
464,2018-09-10,76,6745,6821
464,2018-09-11,71,7182,7253
464,2018-09-12,60,7463,7523
464,2018-09-14,86,7235,7321
464,2018-09-15,34,6160,6194
464,2018-09-16,17,7539,7556
464,2018-09-17,73,7043,7116
464,2018-09-18,77,7036,7113
464,2018-09-19,66,7089,7155
464,2018-09-20,90,7402,7492
464,2018-09-21,112,6710,6822
464,2018-09-22,27,5247,5274
464,2018-09-23,12,3718,3730
464,2018-09-24,80,6448,6528
464,2018-09-25,65,6755,6820
464,2018-09-26,77,6752,6829
464,2018-09-28,77,7210,7287
464,2018-09-29,19,5800,5819
464,2018-09-30,22,6704,6726
464,2018-10-01,102,6513,6615
464,2018-10-02,79,6492,6571
464,2018-10-03,73,7553,7626
464,2018-10-04,88,6799,6887
464,2018-10-05,81,6723,6804
464,2018-10-06,21,6336,6357
464,2018-10-07,28,4842,4870
464,2018-10-08,77,6341,6418
464,2018-10-09,76,6322,6398
464,2018-10-10,70,6258,6328
464,2018-10-12,71,6549,6620
464,2018-10-13,10,6442,6452
464,2018-10-14,9,7051,7060
464,2018-10-15,79,5980,6059
464,2018-10-16,84,6362,6446
464,2018-10-17,71,6030,6101
464,2018-10-18,89,6688,6777
464,2018-10-19,101,6971,7072
464,2018-10-20,14,5435,5449
464,2018-10-21,18,6979,6997
464,2018-10-22,72,5997,6069
464,2018-10-23,65,6294,6359
464,2018-10-24,74,5888,5962
464,2018-10-26,72,6441,6513
464,2018-10-27,15,4603,4618
464,2018-10-28,24,4125,4149
464,2018-10-29,96,5370,5466
464,2018-10-30,78,4976,5054
464,2018-10-31,63,6127,6190
464,2018-11-02,65,5435,5500
464,2018-11-03,15,4885,4900
464,2018-11-04,9,5243,5252
464,2018-11-05,74,6073,6147
464,2018-11-06,83,6353,6436
464,2018-11-07,75,6233,6308
464,2018-11-09,74,6495,6569
464,2018-11-10,38,4330,4368
464,2018-11-11,13,4162,4175
464,2018-11-12,82,5892,5974
464,2018-11-13,80,6088,6168
464,2018-11-14,73,6375,6448
464,2018-11-15,78,6554,6632
464,2018-11-16,88,7040,7128
464,2018-11-17,11,4829,4840
464,2018-11-18,6,4715,4721
464,2018-11-19,83,6216,6299
464,2018-11-20,68,6295,6363
464,2018-11-21,90,6113,6203
464,2018-11-22,84,6623,6707
464,2018-11-23,61,6776,6837
464,2018-11-24,25,4007,4032
464,2018-11-25,12,3543,3555
464,2018-11-26,98,6251,6349
464,2018-11-27,80,6431,6511
464,2018-11-28,52,6059,6111
464,2018-11-30,78,6733,6811
464,2018-12-01,10,4571,4581
464,2018-12-02,27,3304,3331
464,2018-12-03,74,5516,5590
464,2018-12-04,60,6650,6710
464,2018-12-05,68,6450,6518
464,2018-12-06,61,6521,6582
464,2018-12-07,82,5876,5958
464,2018-12-08,81,4257,4338
464,2018-12-09,14,3146,3160
464,2018-12-10,64,6164,6228
464,2018-12-11,64,6282,6346
464,2018-12-12,53,6272,6325
464,2018-12-14,71,6598,6669
464,2018-12-15,13,4688,4701
464,2018-12-16,16,2795,2811
464,2018-12-17,71,6224,6295
464,2018-12-18,62,6614,6676
464,2018-12-19,83,6330,6413
464,2018-12-20,110,6234,6344
464,2018-12-21,52,6493,6545
464,2018-12-22,14,4250,4264
464,2018-12-23,9,3028,3037
464,2018-12-24,24,3704,3728
464,2018-12-25,2,2206,2208
464,2018-12-26,6,2657,2663
464,2018-12-27,25,4539,4564
464,2018-12-28,34,4635,4669
464,2018-12-29,12,3618,3630
464,2018-12-30,5,3187,3192
464,2018-12-31,17,4046,4063
465,2018-01-01,34,1358,1392
465,2018-01-02,145,3083,3228
465,2018-01-05,152,3267,3419
465,2018-01-06,64,2806,2870
465,2018-01-07,18,2963,2981
465,2018-01-08,224,4476,4700
465,2018-01-09,210,3416,3626
465,2018-01-10,217,3287,3504
465,2018-01-12,213,3604,3817
465,2018-01-13,93,2948,3041
465,2018-01-14,24,3456,3480
465,2018-01-16,218,3396,3614
465,2018-01-17,258,3509,3767
465,2018-01-19,197,3756,3953
465,2018-01-20,59,2671,2730
465,2018-01-21,20,2847,2867
465,2018-01-22,210,3144,3354
465,2018-01-23,214,3554,3768
465,2018-01-24,202,3524,3726
465,2018-01-26,217,3689,3906
465,2018-01-27,63,3130,3193
465,2018-01-28,16,3141,3157
465,2018-01-29,211,3398,3609
465,2018-01-30,198,3795,3993
465,2018-02-01,202,3849,4051
465,2018-02-02,208,3926,4134
465,2018-02-03,76,3410,3486
465,2018-02-04,18,3010,3028
465,2018-02-05,257,3801,4058
465,2018-02-06,257,3594,3851
465,2018-02-07,286,4089,4375
465,2018-02-09,216,4120,4336
465,2018-02-10,74,2953,3027
465,2018-02-11,22,2246,2268
465,2018-02-12,145,3114,3259
465,2018-02-13,180,3624,3804
465,2018-02-14,202,3735,3937
465,2018-02-15,205,3473,3678
465,2018-02-16,220,4242,4462
465,2018-02-17,95,2920,3015
465,2018-02-18,37,3395,3432
465,2018-02-19,257,3602,3859
465,2018-02-20,263,4091,4354
465,2018-02-21,272,3884,4156
465,2018-02-23,260,4297,4557
465,2018-02-24,125,3376,3501
465,2018-02-25,33,3492,3525
465,2018-02-26,230,3646,3876
465,2018-02-27,251,3855,4106
465,2018-02-28,259,4125,4384
465,2018-03-01,254,4017,4271
465,2018-03-02,278,2954,3232
465,2018-03-03,105,3270,3375
465,2018-03-04,27,3440,3467
465,2018-03-05,234,4173,4407
465,2018-03-06,257,4181,4438
465,2018-03-07,247,3996,4243
465,2018-03-09,292,4200,4492
465,2018-03-10,113,3566,3679
465,2018-03-11,34,3834,3868
465,2018-03-12,262,3629,3891
465,2018-03-13,272,3965,4237
465,2018-03-14,255,4315,4570
465,2018-03-15,233,4438,4671
465,2018-03-16,279,4329,4608
465,2018-03-17,107,3403,3510
465,2018-03-18,26,2754,2780
465,2018-03-19,242,3582,3824
465,2018-03-20,250,4248,4498
465,2018-03-21,281,4485,4766
465,2018-03-22,229,3877,4106
465,2018-03-23,271,4301,4572
465,2018-03-24,125,4099,4224
465,2018-03-26,242,3926,4168
465,2018-03-27,271,4300,4571
465,2018-03-28,281,4520,4801
465,2018-03-31,112,4037,4149
465,2018-04-01,32,2804,2836
465,2018-04-02,33,3735,3768
465,2018-04-03,225,4398,4623
465,2018-04-04,234,4184,4418
465,2018-04-06,269,4872,5141
465,2018-04-07,150,4211,4361
465,2018-04-08,38,4893,4931
465,2018-04-09,242,3947,4189
465,2018-04-10,227,4064,4291
465,2018-04-11,240,4371,4611
465,2018-04-13,224,4644,4868
465,2018-04-14,122,4082,4204
465,2018-04-15,42,4563,4605
465,2018-04-16,267,4185,4452
465,2018-04-17,271,4544,4815
465,2018-04-18,268,4469,4737
465,2018-04-19,270,4759,5029
465,2018-04-20,252,5161,5413
465,2018-04-21,137,4851,4988
465,2018-04-22,41,4578,4619
465,2018-04-23,249,3938,4187
465,2018-04-24,277,4468,4745
465,2018-04-25,264,4363,4627
465,2018-04-27,285,5139,5424
465,2018-04-28,135,4435,4570
465,2018-04-30,272,4403,4675
465,2018-05-01,34,5176,5210
465,2018-05-02,244,4782,5026
465,2018-05-03,288,4719,5007
465,2018-05-04,260,5211,5471
465,2018-05-05,127,4700,4827
465,2018-05-06,48,5812,5860
465,2018-05-07,263,4775,5038
465,2018-05-08,260,5470,5730
465,2018-05-09,299,5243,5542
465,2018-05-11,209,4890,5099
465,2018-05-12,125,4195,4320
465,2018-05-13,92,3436,3528
465,2018-05-14,292,4054,4346
465,2018-05-15,260,4760,5020
465,2018-05-16,280,4466,4746
465,2018-05-17,246,4824,5070
465,2018-05-18,286,5046,5332
465,2018-05-19,116,4133,4249
465,2018-05-20,34,4856,4890
465,2018-05-21,45,5144,5189
465,2018-05-22,248,4340,4588
465,2018-05-23,260,4154,4414
465,2018-05-25,251,4912,5163
465,2018-05-26,152,5157,5309
465,2018-05-27,38,4067,4105
465,2018-05-28,265,4186,4451
465,2018-05-29,261,4664,4925
465,2018-05-30,292,5094,5386
465,2018-05-31,204,5990,6194
465,2018-06-01,266,4798,5064
465,2018-06-02,124,4571,4695
465,2018-06-03,42,5496,5538
465,2018-06-04,258,4156,4414
465,2018-06-05,292,4664,4956
465,2018-06-06,277,4599,4876
465,2018-06-08,280,5024,5304
465,2018-06-09,119,4116,4235
465,2018-06-10,42,4290,4332
465,2018-06-11,258,3650,3908
465,2018-06-12,274,4026,4300
465,2018-06-13,257,4233,4490
465,2018-06-14,287,4420,4707
465,2018-06-15,255,4728,4983
465,2018-06-16,125,4030,4155
465,2018-06-17,24,4898,4922
465,2018-06-18,270,3969,4239
465,2018-06-19,284,4390,4674
465,2018-06-20,309,4769,5078
465,2018-06-22,286,4796,5082
465,2018-06-23,69,3637,3706
465,2018-06-24,41,4223,4264
465,2018-06-25,268,4011,4279
465,2018-06-26,281,4529,4810
465,2018-06-27,256,4464,4720
465,2018-06-28,299,4889,5188
465,2018-06-29,270,5468,5738
465,2018-06-30,128,5228,5356
465,2018-07-01,44,6507,6551
465,2018-07-02,283,4652,4935
465,2018-07-03,265,4754,5019
465,2018-07-04,288,4765,5053
465,2018-07-06,268,4977,5245
465,2018-07-07,150,4632,4782
465,2018-07-08,51,6150,6201
465,2018-07-09,270,4451,4721
465,2018-07-10,258,4430,4688
465,2018-07-11,261,4542,4803
465,2018-07-12,263,4639,4902
465,2018-07-13,216,5029,5245
465,2018-07-14,140,4511,4651
465,2018-07-15,66,4466,4532
465,2018-07-16,241,5609,5850
465,2018-07-17,264,5592,5856
465,2018-07-18,278,5560,5838
465,2018-07-20,245,5146,5391
465,2018-07-21,110,4116,4226
465,2018-07-22,40,4860,4900
465,2018-07-23,246,4305,4551
465,2018-07-24,242,4504,4746
465,2018-07-25,259,4629,4888
465,2018-07-26,252,4864,5116
465,2018-07-27,231,5107,5338
465,2018-07-28,121,3707,3828
465,2018-07-29,41,4943,4984
465,2018-07-30,209,4160,4369
465,2018-07-31,214,4421,4635
465,2018-08-01,234,4096,4330
465,2018-08-03,214,4336,4550
465,2018-08-04,110,4262,4372
465,2018-08-05,38,4811,4849
465,2018-08-06,189,3804,3993
465,2018-08-07,215,3992,4207
465,2018-08-08,246,3610,3856
465,2018-08-09,225,3261,3486
465,2018-08-10,234,3741,3975
465,2018-08-11,128,3278,3406
465,2018-08-12,34,4360,4394
465,2018-08-13,222,3384,3606
465,2018-08-14,196,3545,3741
465,2018-08-15,46,4208,4254
465,2018-08-16,195,3730,3925
465,2018-08-17,202,3570,3772
465,2018-08-18,109,3468,3577
465,2018-08-19,42,4083,4125
465,2018-08-20,211,3736,3947
465,2018-08-21,230,3921,4151
465,2018-08-22,231,4398,4629
465,2018-08-23,229,4174,4403
465,2018-08-24,238,4228,4466
465,2018-08-25,116,3282,3398
465,2018-08-26,41,4033,4074
465,2018-08-27,198,3699,3897
465,2018-08-28,243,4193,4436
465,2018-08-29,248,3848,4096
465,2018-08-31,252,4711,4963
465,2018-09-01,121,4060,4181
465,2018-09-02,42,5110,5152
465,2018-09-03,228,3932,4160
465,2018-09-04,230,4249,4479
465,2018-09-05,258,4452,4710
465,2018-09-06,258,4808,5066
465,2018-09-07,284,4557,4841
465,2018-09-08,132,3949,4081
465,2018-09-09,55,4890,4945
465,2018-09-10,214,4257,4471
465,2018-09-11,255,4460,4715
465,2018-09-12,269,4975,5244
465,2018-09-14,241,4948,5189
465,2018-09-15,141,4256,4397
465,2018-09-16,45,4745,4790
465,2018-09-17,257,4451,4708
465,2018-09-18,278,4619,4897
465,2018-09-19,274,4539,4813
465,2018-09-20,272,4817,5089
465,2018-09-21,308,4322,4630
465,2018-09-22,130,4005,4135
465,2018-09-23,28,3184,3212
465,2018-09-24,263,4020,4283
465,2018-09-25,270,4398,4668
465,2018-09-26,300,4580,4880
465,2018-09-28,265,5100,5365
465,2018-09-29,125,4536,4661
465,2018-09-30,51,5351,5402
465,2018-10-01,262,4124,4386
465,2018-10-02,272,4261,4533
465,2018-10-03,219,5615,5834
465,2018-10-04,269,4756,5025
465,2018-10-05,237,4824,5061
465,2018-10-06,138,4527,4665
465,2018-10-07,34,4068,4102
465,2018-10-08,246,4126,4372
465,2018-10-09,240,4231,4471
465,2018-10-10,266,4525,4791
465,2018-10-12,281,4899,5180
465,2018-10-13,130,5037,5167
465,2018-10-14,43,5159,5202
465,2018-10-15,255,4086,4341
465,2018-10-16,280,4712,4992
465,2018-10-17,297,4524,4821
465,2018-10-18,276,4617,4893
465,2018-10-19,301,4823,5124
465,2018-10-20,127,4282,4409
465,2018-10-21,108,5679,5787
465,2018-10-22,261,4714,4975
465,2018-10-23,259,5028,5287
465,2018-10-24,260,4763,5023
465,2018-10-26,281,4905,5186
465,2018-10-27,153,3845,3998
465,2018-10-28,36,4130,4166
465,2018-10-29,256,4270,4526
465,2018-10-31,273,5006,5279
465,2018-11-02,224,4913,5137
465,2018-11-03,145,4733,4878
465,2018-11-04,38,5427,5465
465,2018-11-05,263,4371,4634
465,2018-11-06,344,4756,5100
465,2018-11-07,277,4776,5053
465,2018-11-09,294,5041,5335
465,2018-11-10,97,4105,4202
465,2018-11-11,39,5048,5087
465,2018-11-12,267,4171,4438
465,2018-11-13,248,4557,4805
465,2018-11-14,295,4545,4840
465,2018-11-15,316,4773,5089
465,2018-11-16,300,5202,5502
465,2018-11-17,129,4523,4652
465,2018-11-18,44,5071,5115
465,2018-11-19,272,4012,4284
465,2018-11-20,298,4313,4611
465,2018-11-21,306,4474,4780
465,2018-11-22,344,4630,4974
465,2018-11-23,301,4776,5077
465,2018-11-24,117,3904,4021
465,2018-11-25,35,4448,4483
465,2018-11-26,276,4257,4533
465,2018-11-27,303,4373,4676
465,2018-11-28,292,4298,4590
465,2018-11-30,335,5298,5633
465,2018-12-01,111,4499,4610
465,2018-12-02,36,4779,4815
465,2018-12-03,294,4038,4332
465,2018-12-04,284,4561,4845
465,2018-12-05,325,4747,5072
465,2018-12-06,272,4445,4717
465,2018-12-07,236,4482,4718
465,2018-12-08,120,3844,3964
465,2018-12-09,34,3656,3690
465,2018-12-10,288,3958,4246
465,2018-12-11,311,4320,4631
465,2018-12-12,279,4121,4400
465,2018-12-14,270,4436,4706
465,2018-12-15,105,4058,4163
465,2018-12-16,33,2645,2678
465,2018-12-17,246,3920,4166
465,2018-12-18,273,4265,4538
465,2018-12-19,232,4157,4389
465,2018-12-20,236,4208,4444
465,2018-12-21,148,4346,4494
465,2018-12-22,56,3272,3328
465,2018-12-23,16,3011,3027
465,2018-12-24,86,2680,2766
465,2018-12-25,12,1587,1599
465,2018-12-26,17,2064,2081
465,2018-12-27,117,3372,3489
465,2018-12-28,121,3668,3789
465,2018-12-29,60,2712,2772
465,2018-12-30,18,3043,3061
465,2018-12-31,92,2763,2855
469,2018-01-01,92,6180,6272
469,2018-01-02,768,13263,14031
469,2018-01-03,914,14743,15657
469,2018-01-04,891,15669,16560
469,2018-01-05,928,16001,16929
469,2018-01-06,375,10215,10590
469,2018-01-07,104,7188,7292
469,2018-01-08,1196,17000,18196
469,2018-01-09,1272,17813,19085
469,2018-01-10,1267,17386,18653
469,2018-01-11,1273,17841,19114
469,2018-01-12,1264,18345,19609
469,2018-01-13,476,11641,12117
469,2018-01-14,117,7873,7990
469,2018-01-15,1398,17184,18582
469,2018-01-16,1400,17607,19007
469,2018-01-17,1394,17053,18447
469,2018-01-18,1371,17871,19242
469,2018-01-19,1383,18202,19585
469,2018-01-20,463,10846,11309
469,2018-01-21,126,7379,7505
469,2018-01-22,1294,16766,18060
469,2018-01-23,1395,17620,19015
469,2018-01-24,1328,17336,18664
469,2018-01-25,1269,17526,18795
469,2018-01-26,1284,18451,19735
469,2018-01-27,452,11547,11999
469,2018-01-28,114,7687,7801
469,2018-01-29,1349,17145,18494
469,2018-01-30,1427,18354,19781
469,2018-01-31,1277,17584,18861
469,2018-02-01,1371,18288,19659
469,2018-02-02,1329,17924,19253
469,2018-02-03,467,11156,11623
469,2018-02-04,128,7135,7263
469,2018-02-05,1314,17092,18406
469,2018-02-06,1054,15675,16729
469,2018-02-07,1228,17031,18259
469,2018-02-08,1214,18228,19442
469,2018-02-09,1229,17709,18938
469,2018-02-10,461,10209,10670
469,2018-02-11,143,6275,6418
469,2018-02-12,1137,15143,16280
469,2018-02-13,1340,15875,17215
469,2018-02-14,1352,15801,17153
469,2018-02-15,1275,15939,17214
469,2018-02-16,1302,16564,17866
469,2018-02-17,509,10172,10681
469,2018-02-18,146,7466,7612
469,2018-02-19,1373,17163,18536
469,2018-02-20,1489,17762,19251
469,2018-02-21,1460,17753,19213
469,2018-02-22,1379,18329,19708
469,2018-02-23,1313,18327,19640
469,2018-02-24,521,11813,12334
469,2018-02-25,122,7939,8061
469,2018-02-26,1320,16701,18021
469,2018-02-27,1214,17144,18358
469,2018-02-28,1268,17071,18339
469,2018-03-01,1214,17824,19038
469,2018-03-02,1131,15919,17050
469,2018-03-03,475,10629,11104
469,2018-03-04,132,7421,7553
469,2018-03-05,1283,16933,18216
469,2018-03-06,1395,17635,19030
469,2018-03-07,1365,17407,18772
469,2018-03-08,1331,18186,19517
469,2018-03-09,1339,18037,19376
469,2018-03-10,533,11550,12083
469,2018-03-11,154,7900,8054
469,2018-03-12,1390,17042,18432
469,2018-03-13,1388,17808,19196
469,2018-03-14,1442,17789,19231
469,2018-03-15,1500,17742,19242
469,2018-03-16,1391,18226,19617
469,2018-03-17,544,11141,11685
469,2018-03-18,152,7186,7338
469,2018-03-19,1423,17244,18667
469,2018-03-20,1514,17912,19426
469,2018-03-21,1658,17911,19569
469,2018-03-22,1499,17888,19387
469,2018-03-23,1474,18285,19759
469,2018-03-24,592,12474,13066
469,2018-03-26,1479,17927,19406
469,2018-03-27,1460,18499,19959
469,2018-03-28,1496,17954,19450
469,2018-03-29,1442,18910,20352
469,2018-03-30,1458,19136,20594
469,2018-03-31,546,11809,12355
469,2018-04-01,441,7985,8426
469,2018-04-02,422,7876,8298
469,2018-04-03,1555,17216,18771
469,2018-04-04,1461,16535,17996
469,2018-04-05,1563,17142,18705
469,2018-04-06,1456,17317,18773
469,2018-04-07,535,10722,11257
469,2018-04-08,185,8538,8723
469,2018-04-09,1529,16064,17593
469,2018-04-10,1574,18951,20525
469,2018-04-11,1664,18777,20441
469,2018-04-12,1565,18429,19994
469,2018-04-13,1523,18795,20318
469,2018-04-14,596,11967,12563
469,2018-04-15,159,8487,8646
469,2018-04-16,1498,17793,19291
469,2018-04-17,1559,18749,20308
469,2018-04-18,1516,18524,20040
469,2018-04-19,1489,19032,20521
469,2018-04-20,1482,19057,20539
469,2018-04-21,716,13002,13718
469,2018-04-22,153,8405,8558
469,2018-04-23,1426,18027,19453
469,2018-04-24,1576,18816,20392
469,2018-04-25,1625,18459,20084
469,2018-04-26,1629,18989,20618
469,2018-04-27,1511,19202,20713
469,2018-04-28,683,12457,13140
469,2018-04-29,208,8422,8630
469,2018-04-30,1159,15866,17025
469,2018-05-01,261,7482,7743
469,2018-05-02,1530,17872,19402
469,2018-05-03,1540,18827,20367
469,2018-05-04,1526,19378,20904
469,2018-05-05,733,12496,13229
469,2018-05-06,177,9166,9343
469,2018-05-07,1444,17957,19401
469,2018-05-08,1534,18656,20190
469,2018-05-09,1554,18955,20509
469,2018-05-10,297,8257,8554
469,2018-05-11,1247,16470,17717
469,2018-05-12,607,11657,12264
469,2018-05-13,151,8143,8294
469,2018-05-14,1490,17958,19448
469,2018-05-15,1520,18580,20100
469,2018-05-16,1601,17976,19577
469,2018-05-17,1676,18816,20492
469,2018-05-18,1593,18892,20485
469,2018-05-19,699,11423,12122
469,2018-05-20,172,7311,7483
469,2018-05-21,253,6683,6936
469,2018-05-22,1651,17341,18992
469,2018-05-23,1656,17168,18824
469,2018-05-24,1583,17320,18903
469,2018-05-25,1590,17915,19505
469,2018-05-26,855,13763,14618
469,2018-05-27,158,8036,8194
469,2018-05-28,1555,17452,19007
469,2018-05-29,1530,18596,20126
469,2018-05-30,1483,18149,19632
469,2018-05-31,1492,18559,20051
469,2018-06-01,1491,18618,20109
469,2018-06-02,686,12456,13142
469,2018-06-03,198,8655,8853
469,2018-06-04,1557,17377,18934
469,2018-06-05,1592,17617,19209
469,2018-06-06,1514,16973,18487
469,2018-06-07,1523,17683,19206
469,2018-06-08,1682,18325,20007
469,2018-06-09,608,12061,12669
469,2018-06-10,170,8627,8797
469,2018-06-11,1603,16674,18277
469,2018-06-12,1483,17760,19243
469,2018-06-13,1593,17497,19090
469,2018-06-14,1574,18170,19744
469,2018-06-15,1644,18680,20324
469,2018-06-16,670,12059,12729
469,2018-06-17,216,8408,8624
469,2018-06-18,1553,17072,18625
469,2018-06-19,1625,17436,19061
469,2018-06-20,1453,17181,18634
469,2018-06-21,1663,18349,20012
469,2018-06-22,1583,18088,19671
469,2018-06-23,381,8641,9022
469,2018-06-24,215,8160,8375
469,2018-06-25,1615,17341,18956
469,2018-06-26,1649,18032,19681
469,2018-06-27,1707,17804,19511
469,2018-06-28,1605,17865,19470
469,2018-06-29,1562,18479,20041
469,2018-06-30,660,13393,14053
469,2018-07-01,233,9947,10180
469,2018-07-02,1535,17412,18947
469,2018-07-03,1653,17892,19545
469,2018-07-04,1529,17903,19432
469,2018-07-05,1606,18021,19627
469,2018-07-06,1557,18624,20181
469,2018-07-07,666,12126,12792
469,2018-07-08,213,8737,8950
469,2018-07-09,1530,17334,18864
469,2018-07-10,1467,17809,19276
469,2018-07-11,1502,17417,18919
469,2018-07-12,1565,18627,20192
469,2018-07-13,1497,18168,19665
469,2018-07-14,709,12260,12969
469,2018-07-15,216,8067,8283
469,2018-07-16,1535,17229,18764
469,2018-07-17,1484,18378,19862
469,2018-07-18,1547,17128,18675
469,2018-07-19,1663,17374,19037
469,2018-07-20,1664,17349,19013
469,2018-07-21,850,10967,11817
469,2018-07-22,388,7962,8350
469,2018-07-23,1554,16871,18425
469,2018-07-24,1460,17212,18672
469,2018-07-25,1524,17009,18533
469,2018-07-26,1456,17307,18763
469,2018-07-27,1211,16828,18039
469,2018-07-28,551,10389,10940
469,2018-07-29,214,7853,8067
469,2018-07-30,1197,15415,16612
469,2018-07-31,1230,15835,17065
469,2018-08-01,1172,15295,16467
469,2018-08-02,1255,15794,17049
469,2018-08-03,1157,15621,16778
469,2018-08-04,485,10216,10701
469,2018-08-05,233,8904,9137
469,2018-08-06,1125,13919,15044
469,2018-08-07,1154,14328,15482
469,2018-08-08,1204,14359,15563
469,2018-08-09,1073,14839,15912
469,2018-08-10,1138,14934,16072
469,2018-08-11,486,9225,9711
469,2018-08-12,217,7181,7398
469,2018-08-13,1083,13146,14229
469,2018-08-14,1046,14304,15350
469,2018-08-15,319,6729,7048
469,2018-08-16,1101,14056,15157
469,2018-08-17,1077,14528,15605
469,2018-08-18,509,9863,10372
469,2018-08-19,176,7852,8028
469,2018-08-20,1158,14813,15971
469,2018-08-21,1254,15407,16661
469,2018-08-22,1202,15763,16965
469,2018-08-23,1206,16251,17457
469,2018-08-24,1278,16101,17379
469,2018-08-25,551,9621,10172
469,2018-08-26,181,7702,7883
469,2018-08-27,1301,15845,17146
469,2018-08-28,1434,16605,18039
469,2018-08-29,1403,15933,17336
469,2018-08-30,1434,16884,18318
469,2018-08-31,1418,17105,18523
469,2018-09-01,615,9934,10549
469,2018-09-02,193,8146,8339
469,2018-09-03,1344,16311,17655
469,2018-09-04,1395,17116,18511
469,2018-09-05,1434,16871,18305
469,2018-09-06,1389,17236,18625
469,2018-09-07,1314,16217,17531
469,2018-09-08,610,10743,11353
469,2018-09-09,228,8520,8748
469,2018-09-10,1406,15220,16626
469,2018-09-11,1545,16418,17963
469,2018-09-12,1588,16506,18094
469,2018-09-13,1493,16607,18100
469,2018-09-14,1487,17130,18617
469,2018-09-15,658,13632,14290
469,2018-09-16,210,8907,9117
469,2018-09-17,1460,17390,18850
469,2018-09-18,1464,17762,19226
469,2018-09-19,1519,17772,19291
469,2018-09-20,1575,17860,19435
469,2018-09-21,1440,18050,19490
469,2018-09-22,656,12317,12973
469,2018-09-23,183,7818,8001
469,2018-09-24,1565,17174,18739
469,2018-09-25,1563,17380,18943
469,2018-09-26,1539,17210,18749
469,2018-09-27,1659,18226,19885
469,2018-09-28,1510,18303,19813
469,2018-09-29,771,12552,13323
469,2018-09-30,180,9200,9380
469,2018-10-01,1532,16952,18484
469,2018-10-02,1527,17112,18639
469,2018-10-03,722,7905,8627
469,2018-10-04,1520,17693,19213
469,2018-10-05,1449,18138,19587
469,2018-10-06,812,12192,13004
469,2018-10-07,181,8541,8722
469,2018-10-08,1461,15860,17321
469,2018-10-09,1523,16486,18009
469,2018-10-10,1573,16401,17974
469,2018-10-11,1459,16876,18335
469,2018-10-12,1495,16984,18479
469,2018-10-13,631,11767,12398
469,2018-10-14,167,8465,8632
469,2018-10-15,1466,16043,17509
469,2018-10-16,1550,16398,17948
469,2018-10-17,1507,16114,17621
469,2018-10-18,1612,16919,18531
469,2018-10-19,1505,17159,18664
469,2018-10-20,635,12146,12781
469,2018-10-21,185,8533,8718
469,2018-10-22,1541,15853,17394
469,2018-10-23,1493,16389,17882
469,2018-10-24,1644,16168,17812
469,2018-10-25,1492,16565,18057
469,2018-10-26,1538,16849,18387
469,2018-10-27,613,11637,12250
469,2018-10-28,194,8208,8402
469,2018-10-29,1854,16799,18653
469,2018-10-30,1528,14772,16300
469,2018-11-01,330,7731,8061
469,2018-11-02,1165,13821,14986
469,2018-11-03,596,10348,10944
469,2018-11-04,165,7998,8163
469,2018-11-05,1478,14977,16455
469,2018-11-06,1559,15168,16727
469,2018-11-07,1583,15887,17470
469,2018-11-08,1616,16695,18311
469,2018-11-09,1598,16540,18138
469,2018-11-10,581,11624,12205
469,2018-11-11,160,7340,7500
469,2018-11-12,1512,15315,16827
469,2018-11-13,1537,15601,17138
469,2018-11-14,44,258,302
469,2018-11-19,744,7856,8600
469,2018-11-20,1598,15637,17235
469,2018-11-21,1669,15178,16847
469,2018-11-22,1636,15947,17583
469,2018-11-23,1491,16863,18354
469,2018-11-24,564,11858,12422
469,2018-11-25,161,7867,8028
469,2018-11-26,1485,15234,16719
469,2018-11-27,1573,15595,17168
469,2018-11-28,1487,15038,16525
469,2018-11-29,1473,16351,17824
469,2018-11-30,1391,16747,18138
469,2018-12-01,520,11588,12108
469,2018-12-02,140,7525,7665
469,2018-12-03,1368,15025,16393
469,2018-12-04,1534,15954,17488
469,2018-12-05,1505,16008,17513
469,2018-12-06,1401,16135,17536
469,2018-12-07,1408,16077,17485
469,2018-12-08,525,11257,11782
469,2018-12-09,145,7709,7854
469,2018-12-10,1460,15443,16903
469,2018-12-11,1505,15527,17032
469,2018-12-12,1508,15778,17286
469,2018-12-13,1511,16509,18020
469,2018-12-14,1372,17056,18428
469,2018-12-15,506,11647,12153
469,2018-12-16,170,7163,7333
469,2018-12-17,1337,15949,17286
469,2018-12-18,1400,17257,18657
469,2018-12-19,1408,16883,18291
469,2018-12-20,1391,17865,19256
469,2018-12-21,984,17709,18693
469,2018-12-22,354,11046,11400
469,2018-12-23,109,7493,7602
469,2018-12-24,556,11519,12075
469,2018-12-25,62,6293,6355
469,2018-12-26,168,6182,6350
469,2018-12-27,820,12101,12921
469,2018-12-28,730,12283,13013
469,2018-12-29,286,9320,9606
469,2018-12-30,92,6495,6587
469,2018-12-31,468,10764,11232
470,2018-01-01,53,3167,3220
470,2018-01-02,302,6587,6889
470,2018-01-03,330,6708,7038
470,2018-01-04,332,7782,8114
470,2018-01-05,342,7803,8145
470,2018-01-06,102,5085,5187
470,2018-01-07,37,3440,3477
470,2018-01-08,498,8770,9268
470,2018-01-09,512,9153,9665
470,2018-01-10,478,8738,9216
470,2018-01-11,527,9361,9888
470,2018-01-12,549,9108,9657
470,2018-01-13,124,5428,5552
470,2018-01-14,45,3911,3956
470,2018-01-15,572,8996,9568
470,2018-01-16,599,9628,10227
470,2018-01-17,543,8827,9370
470,2018-01-18,508,9573,10081
470,2018-01-19,570,9415,9985
470,2018-01-20,113,5065,5178
470,2018-01-21,34,4113,4147
470,2018-01-22,527,8793,9320
470,2018-01-23,572,9133,9705
470,2018-01-24,510,9025,9535
470,2018-01-25,468,9621,10089
470,2018-01-26,528,9306,9834
470,2018-01-27,137,5495,5632
470,2018-01-28,40,3831,3871
470,2018-01-29,550,9066,9616
470,2018-01-30,551,9890,10441
470,2018-01-31,490,9319,9809
470,2018-02-01,531,9606,10137
470,2018-02-02,569,9397,9966
470,2018-02-03,137,5467,5604
470,2018-02-04,45,3402,3447
470,2018-02-05,527,8888,9415
470,2018-02-06,391,8186,8577
470,2018-02-07,469,8474,8943
470,2018-02-08,475,9301,9776
470,2018-02-09,484,9262,9746
470,2018-02-10,112,4631,4743
470,2018-02-11,37,2971,3008
470,2018-02-12,484,7147,7631
470,2018-02-13,523,8014,8537
470,2018-02-14,490,7584,8074
470,2018-02-15,460,7750,8210
470,2018-02-16,536,8038,8574
470,2018-02-17,141,4730,4871
470,2018-02-18,59,3590,3649
470,2018-02-19,551,8563,9114
470,2018-02-20,596,9312,9908
470,2018-02-21,579,9098,9677
470,2018-02-22,585,9550,10135
470,2018-02-23,550,9548,10098
470,2018-02-24,140,5651,5791
470,2018-02-25,45,3902,3947
470,2018-02-26,506,8424,8930
470,2018-02-27,536,9083,9619
470,2018-02-28,562,8618,9180
470,2018-03-01,524,8766,9290
470,2018-03-02,456,8294,8750
470,2018-03-03,129,4978,5107
470,2018-03-04,50,3570,3620
470,2018-03-05,606,8997,9603
470,2018-03-06,608,9279,9887
470,2018-03-07,620,8906,9526
470,2018-03-08,618,9417,10035
470,2018-03-09,538,9582,10120
470,2018-03-10,149,5503,5652
470,2018-03-11,45,3926,3971
470,2018-03-12,624,9112,9736
470,2018-03-13,654,9516,10170
470,2018-03-14,657,8722,9379
470,2018-03-15,681,9310,9991
470,2018-03-16,647,9666,10313
470,2018-03-17,207,5381,5588
470,2018-03-18,49,3611,3660
470,2018-03-19,676,8836,9512
470,2018-03-20,676,9400,10076
470,2018-03-21,733,9370,10103
470,2018-03-22,634,9342,9976
470,2018-03-23,582,9432,10014
470,2018-03-24,224,6183,6407
470,2018-03-26,575,9141,9716
470,2018-03-27,583,9792,10375
470,2018-03-28,613,9422,10035
470,2018-03-29,597,10021,10618
470,2018-03-30,617,9780,10397
470,2018-03-31,221,6302,6523
470,2018-04-01,40,4464,4504
470,2018-04-02,52,3924,3976
470,2018-04-03,615,8528,9143
470,2018-04-04,584,8294,8878
470,2018-04-05,549,8546,9095
470,2018-04-06,535,8649,9184
470,2018-04-07,199,5215,5414
470,2018-04-08,41,4717,4758
470,2018-04-09,678,8322,9000
470,2018-04-10,684,9608,10292
470,2018-04-11,602,9710,10312
470,2018-04-12,612,9303,9915
470,2018-04-13,645,9514,10159
470,2018-04-14,204,6099,6303
470,2018-04-15,65,4262,4327
470,2018-04-16,601,9102,9703
470,2018-04-17,674,9996,10670
470,2018-04-18,597,9709,10306
470,2018-04-19,732,10779,11511
470,2018-04-20,670,10218,10888
470,2018-04-21,256,6738,6994
470,2018-04-22,58,4337,4395
470,2018-04-23,672,9603,10275
470,2018-04-24,647,10489,11136
470,2018-04-25,632,9684,10316
470,2018-04-26,720,10308,11028
470,2018-04-27,708,10566,11274
470,2018-04-28,203,6139,6342
470,2018-04-29,56,3956,4012
470,2018-04-30,434,7933,8367
470,2018-05-01,54,4009,4063
470,2018-05-02,604,9511,10115
470,2018-05-03,584,10025,10609
470,2018-05-04,641,10389,11030
470,2018-05-05,273,6500,6773
470,2018-05-06,82,4690,4772
470,2018-05-07,591,9924,10515
470,2018-05-08,686,10528,11214
470,2018-05-09,677,10582,11259
470,2018-05-10,68,4312,4380
470,2018-05-11,482,8226,8708
470,2018-05-12,186,5935,6121
470,2018-05-13,44,3758,3802
470,2018-05-14,576,9976,10552
470,2018-05-15,655,10503,11158
470,2018-05-16,658,9649,10307
470,2018-05-17,700,10300,11000
470,2018-05-18,725,10550,11275
470,2018-05-19,237,5749,5986
470,2018-05-20,65,3624,3689
470,2018-05-21,77,3423,3500
470,2018-05-22,729,8745,9474
470,2018-05-23,664,8762,9426
470,2018-05-24,684,9006,9690
470,2018-05-25,725,9022,9747
470,2018-05-26,234,6093,6327
470,2018-05-27,55,3856,3911
470,2018-05-28,618,9490,10108
470,2018-05-29,583,10319,10902
470,2018-05-30,599,10093,10692
470,2018-05-31,601,10339,10940
470,2018-06-01,655,11039,11694
470,2018-06-02,221,6400,6621
470,2018-06-03,73,4380,4453
470,2018-06-04,680,9163,9843
470,2018-06-05,740,9775,10515
470,2018-06-06,679,9425,10104
470,2018-06-07,640,10044,10684
470,2018-06-08,641,10063,10704
470,2018-06-09,247,6475,6722
470,2018-06-10,52,4537,4589
470,2018-06-11,765,9911,10676
470,2018-06-12,624,9993,10617
470,2018-06-13,598,9489,10087
470,2018-06-14,573,9842,10415
470,2018-06-15,657,10076,10733
470,2018-06-16,211,6366,6577
470,2018-06-17,76,4193,4269
470,2018-06-18,604,9109,9713
470,2018-06-19,614,9469,10083
470,2018-06-20,657,9272,9929
470,2018-06-21,642,10102,10744
470,2018-06-22,705,9774,10479
470,2018-06-23,131,4146,4277
470,2018-06-24,92,4356,4448
470,2018-06-25,666,9145,9811
470,2018-06-26,655,9625,10280
470,2018-06-27,670,9295,9965
470,2018-06-28,737,10265,11002
470,2018-06-29,753,10381,11134
470,2018-06-30,254,6644,6898
470,2018-07-01,64,4890,4954
470,2018-07-02,624,9298,9922
470,2018-07-03,703,9636,10339
470,2018-07-04,621,9684,10305
470,2018-07-05,673,9885,10558
470,2018-07-06,725,10156,10881
470,2018-07-07,216,5917,6133
470,2018-07-08,66,4515,4581
470,2018-07-09,701,9487,10188
470,2018-07-10,721,10193,10914
470,2018-07-11,649,9499,10148
470,2018-07-12,682,9954,10636
470,2018-07-13,692,9577,10269
470,2018-07-14,244,5820,6064
470,2018-07-15,62,4239,4301
470,2018-07-16,715,9764,10479
470,2018-07-17,855,11750,12605
470,2018-07-18,711,9965,10676
470,2018-07-19,761,9807,10568
470,2018-07-20,757,10065,10822
470,2018-07-21,229,5393,5622
470,2018-07-22,96,3912,4008
470,2018-07-23,655,9318,9973
470,2018-07-24,728,9682,10410
470,2018-07-25,695,9575,10270
470,2018-07-26,655,9703,10358
470,2018-07-27,493,9154,9647
470,2018-07-28,181,5201,5382
470,2018-07-29,66,4008,4074
470,2018-07-30,477,7684,8161
470,2018-07-31,462,8203,8665
470,2018-08-01,447,7985,8432
470,2018-08-02,407,7865,8272
470,2018-08-03,410,7906,8316
470,2018-08-04,141,5030,5171
470,2018-08-05,65,4265,4330
470,2018-08-06,425,6873,7298
470,2018-08-07,407,6907,7314
470,2018-08-08,376,6922,7298
470,2018-08-09,341,6989,7330
470,2018-08-10,370,7045,7415
470,2018-08-11,133,4446,4579
470,2018-08-12,48,3698,3746
470,2018-08-13,431,6645,7076
470,2018-08-15,78,3173,3251
470,2018-08-16,377,6829,7206
470,2018-08-17,395,6966,7361
470,2018-08-18,215,4574,4789
470,2018-08-19,28,3689,3717
470,2018-08-20,461,7096,7557
470,2018-08-21,498,7677,8175
470,2018-08-22,447,7669,8116
470,2018-08-23,428,7983,8411
470,2018-08-24,438,7947,8385
470,2018-08-25,208,5180,5388
470,2018-08-26,67,4012,4079
470,2018-08-27,558,8059,8617
470,2018-08-28,630,8394,9024
470,2018-08-29,618,8186,8804
470,2018-08-30,529,8291,8820
470,2018-08-31,606,8616,9222
470,2018-09-01,207,5806,6013
470,2018-09-02,68,4428,4496
470,2018-09-03,566,8204,8770
470,2018-09-04,634,8619,9253
470,2018-09-05,672,8649,9321
470,2018-09-06,616,9330,9946
470,2018-09-07,571,8539,9110
470,2018-09-08,208,5287,5495
470,2018-09-09,81,4070,4151
470,2018-09-10,551,8039,8590
470,2018-09-11,559,8553,9112
470,2018-09-12,647,8604,9251
470,2018-09-13,556,8573,9129
470,2018-09-14,585,8704,9289
470,2018-09-15,201,6164,6365
470,2018-09-16,54,4232,4286
470,2018-09-17,527,9160,9687
470,2018-09-18,566,9241,9807
470,2018-09-19,544,9197,9741
470,2018-09-20,578,9483,10061
470,2018-09-21,527,9560,10087
470,2018-09-22,185,5801,5986
470,2018-09-23,30,3746,3776
470,2018-09-24,571,8936,9507
470,2018-09-25,544,9717,10261
470,2018-09-26,535,9128,9663
470,2018-09-27,598,9513,10111
470,2018-09-28,584,9737,10321
470,2018-09-29,199,5897,6096
470,2018-09-30,50,4594,4644
470,2018-10-01,554,9151,9705
470,2018-10-02,552,9430,9982
470,2018-10-03,369,5085,5454
470,2018-10-04,574,9498,10072
470,2018-10-05,540,9846,10386
470,2018-10-06,201,6039,6240
470,2018-10-07,67,4364,4431
470,2018-10-08,585,8819,9404
470,2018-10-09,611,9235,9846
470,2018-10-10,609,8921,9530
470,2018-10-11,584,9258,9842
470,2018-10-12,552,9131,9683
470,2018-10-13,195,5759,5954
470,2018-10-14,44,4192,4236
470,2018-10-15,574,8496,9070
470,2018-10-16,530,9181,9711
470,2018-10-17,489,8680,9169
470,2018-10-18,563,8995,9558
470,2018-10-19,596,9246,9842
470,2018-10-20,185,5989,6174
470,2018-10-21,66,4252,4318
470,2018-10-22,566,8478,9044
470,2018-10-23,544,8795,9339
470,2018-10-24,555,8621,9176
470,2018-10-25,583,8911,9494
470,2018-10-26,633,8920,9553
470,2018-10-27,169,5466,5635
470,2018-10-28,50,3834,3884
473,2018-01-01,14,3434,3448
473,2018-01-02,322,7514,7836
473,2018-01-03,356,7796,8152
473,2018-01-05,318,9711,10029
473,2018-01-06,72,6839,6911
473,2018-01-07,31,5049,5080
473,2018-01-08,432,9924,10356
473,2018-01-09,403,10028,10431
473,2018-01-10,512,9066,9578
473,2018-01-12,457,10318,10775
473,2018-01-13,76,7093,7169
473,2018-01-14,26,5431,5457
473,2018-01-15,486,8848,9334
473,2018-01-16,454,8982,9436
473,2018-01-17,496,9054,9550
473,2018-01-18,442,9146,9588
473,2018-01-19,500,9588,10088
473,2018-01-20,80,6484,6564
473,2018-01-21,33,4905,4938
473,2018-01-22,414,9700,10114
473,2018-01-23,408,9827,10235
473,2018-01-24,414,9888,10302
473,2018-01-26,318,10661,10979
473,2018-01-27,60,7114,7174
473,2018-01-28,16,4930,4946
473,2018-01-29,333,9584,9917
473,2018-01-30,405,10082,10487
473,2018-01-31,472,9300,9772
473,2018-02-01,402,10337,10739
473,2018-02-02,374,9454,9828
473,2018-02-03,91,7159,7250
473,2018-02-04,28,4776,4804
473,2018-02-05,373,9787,10160
473,2018-02-06,326,9638,9964
473,2018-02-07,354,9999,10353
473,2018-02-09,384,10218,10602
473,2018-02-10,70,6284,6354
473,2018-02-11,37,4321,4358
473,2018-02-12,243,8126,8369
473,2018-02-13,323,9177,9500
473,2018-02-14,381,9885,10266
473,2018-02-15,270,9189,9459
473,2018-02-16,343,10040,10383
473,2018-02-17,80,6275,6355
473,2018-02-18,25,5589,5614
473,2018-02-19,375,9550,9925
473,2018-02-20,407,9871,10278
473,2018-02-21,394,10067,10461
473,2018-02-23,470,10469,10939
473,2018-02-24,104,7443,7547
473,2018-02-25,27,5611,5638
473,2018-02-26,345,9789,10134
473,2018-02-27,344,10143,10487
473,2018-02-28,402,9911,10313
473,2018-03-01,411,10130,10541
473,2018-03-02,403,9021,9424
473,2018-03-03,89,6664,6753
473,2018-03-04,39,5233,5272
473,2018-03-05,429,9906,10335
473,2018-03-06,504,10161,10665
473,2018-03-07,506,9178,9684
473,2018-03-09,538,10495,11033
473,2018-03-10,77,7082,7159
473,2018-03-11,57,5130,5187
473,2018-03-12,514,9094,9608
473,2018-03-13,528,9162,9690
473,2018-03-14,561,10251,10812
473,2018-03-15,492,10668,11160
473,2018-03-16,528,10676,11204
473,2018-03-17,91,7199,7290
473,2018-03-18,31,4667,4698
473,2018-03-19,518,9693,10211
473,2018-03-20,499,9744,10243
473,2018-03-21,525,9177,9702
473,2018-03-22,544,8646,9190
473,2018-03-23,518,9968,10486
473,2018-03-24,112,8131,8243
473,2018-03-26,518,9693,10211
473,2018-03-27,592,9372,9964
473,2018-03-28,632,9694,10326
473,2018-03-31,77,7203,7280
473,2018-04-01,22,4784,4806
473,2018-04-02,31,5389,5420
473,2018-04-03,544,9088,9632
473,2018-04-04,572,9032,9604
473,2018-04-06,531,10527,11058
473,2018-04-07,110,7970,8080
473,2018-04-08,32,7330,7362
473,2018-04-09,515,10039,10554
473,2018-04-10,584,9240,9824
473,2018-04-11,590,10524,11114
473,2018-04-13,620,10849,11469
473,2018-04-14,108,8066,8174
473,2018-04-15,26,6658,6684
473,2018-04-16,567,10475,11042
473,2018-04-17,597,11064,11661
473,2018-04-18,570,11209,11779
473,2018-04-19,515,11455,11970
473,2018-04-20,553,11853,12406
473,2018-04-21,153,9219,9372
473,2018-04-22,37,7415,7452
473,2018-04-23,584,10561,11145
473,2018-04-24,588,10885,11473
473,2018-04-25,644,9452,10096
473,2018-04-27,612,11354,11966
473,2018-04-28,146,7738,7884
473,2018-04-29,36,5980,6016
473,2018-04-30,468,8822,9290
473,2018-05-01,59,6038,6097
473,2018-05-02,577,10691,11268
473,2018-05-03,558,10816,11374
473,2018-05-04,580,11475,12055
473,2018-05-05,145,8428,8573
473,2018-05-06,41,7741,7782
473,2018-05-07,549,10811,11360
473,2018-05-08,563,11600,12163
473,2018-05-09,591,11637,12228
473,2018-05-11,494,10274,10768
473,2018-05-12,116,8040,8156
473,2018-05-13,40,5170,5210
473,2018-05-14,584,9816,10400
473,2018-05-15,520,11197,11717
473,2018-05-16,583,10818,11401
473,2018-05-17,551,11454,12005
473,2018-05-18,547,11647,12194
473,2018-05-19,158,7831,7989
473,2018-05-20,44,5902,5946
473,2018-05-21,56,6316,6372
473,2018-05-22,474,10499,10973
473,2018-05-23,626,9670,10296
473,2018-05-25,546,11237,11783
473,2018-05-26,144,8151,8295
473,2018-05-27,55,6494,6549
473,2018-05-28,590,9950,10540
473,2018-05-29,533,11226,11759
473,2018-05-30,586,9620,10206
473,2018-05-31,376,9720,10096
473,2018-06-01,588,9914,10502
473,2018-06-02,124,8285,8409
473,2018-06-03,36,6046,6082
473,2018-06-04,575,10140,10715
473,2018-06-05,442,9038,9480
473,2018-06-06,502,8987,9489
473,2018-06-08,644,10244,10888
473,2018-06-09,106,5584,5690
473,2018-06-10,34,5194,5228
473,2018-06-11,590,9522,10112
473,2018-06-12,644,9968,10612
473,2018-06-13,565,10913,11478
473,2018-06-14,628,11184,11812
473,2018-06-15,567,11482,12049
473,2018-06-16,83,6436,6519
473,2018-06-17,46,7458,7504
473,2018-06-18,588,11466,12054
473,2018-06-19,556,11944,12500
473,2018-06-20,304,7178,7482
473,2018-06-22,565,12930,13495
473,2018-06-23,72,7402,7474
473,2018-06-24,43,7570,7613
473,2018-06-25,590,12269,12859
473,2018-06-26,516,12731,13247
473,2018-06-27,548,12810,13358
473,2018-06-28,567,13603,14170
473,2018-06-29,487,11215,11702
473,2018-06-30,98,5873,5971
473,2018-07-01,57,8664,8721
473,2018-07-02,596,12770,13366
473,2018-07-03,628,12820,13448
473,2018-07-04,682,12318,13000
473,2018-07-06,579,12973,13552
473,2018-07-07,108,7473,7581
473,2018-07-08,40,7040,7080
473,2018-07-09,525,12431,12956
473,2018-07-10,592,12464,13056
473,2018-07-11,635,12514,13149
473,2018-07-12,621,13086,13707
473,2018-07-13,423,10516,10939
473,2018-07-14,82,5338,5420
473,2018-07-15,60,6292,6352
473,2018-07-16,392,8475,8867
473,2018-07-17,498,10773,11271
473,2018-07-18,594,13383,13977
473,2018-07-20,562,12027,12589
473,2018-07-21,176,9102,9278
473,2018-07-22,49,5494,5543
473,2018-07-23,532,9985,10517
473,2018-07-24,350,7097,7447
473,2018-07-25,279,6146,6425
473,2018-07-27,214,6033,6247
473,2018-07-28,104,8382,8486
473,2018-07-29,35,5852,5887
473,2018-07-30,219,6552,6771
473,2018-07-31,216,6795,7011
473,2018-08-01,500,10952,11452
473,2018-08-03,180,5391,5571
473,2018-08-04,40,3435,3475
473,2018-08-05,22,4519,4541
473,2018-08-06,168,5415,5583
473,2018-08-07,234,6938,7172
473,2018-08-08,450,10438,10888
473,2018-08-09,434,10634,11068
473,2018-08-10,375,11655,12030
473,2018-08-11,134,8106,8240
473,2018-08-12,92,5107,5199
473,2018-08-13,366,10010,10376
473,2018-08-14,418,10883,11301
473,2018-08-15,75,7552,7627
473,2018-08-17,316,9144,9460
473,2018-08-18,106,4737,4843
473,2018-08-19,46,4305,4351
473,2018-08-20,417,10517,10934
473,2018-08-21,324,6657,6981
473,2018-08-22,263,5810,6073
473,2018-08-24,548,11778,12326
473,2018-08-25,128,7767,7895
473,2018-08-26,44,7230,7274
473,2018-08-27,68,2182,2250
473,2018-08-28,5,158,163
473,2018-08-29,132,2590,2722
473,2018-09-14,514,12860,13374
473,2018-09-15,122,7875,7997
473,2018-09-16,42,5261,5303
473,2018-09-17,364,8085,8449
473,2018-09-18,311,7670,7981
473,2018-09-19,355,8417,8772
473,2018-09-21,608,12900,13508
473,2018-09-22,126,8726,8852
473,2018-09-23,38,6102,6140
473,2018-09-24,494,12830,13324
473,2018-09-25,554,13593,14147
473,2018-09-26,537,13402,13939
473,2018-09-28,506,12593,13099
473,2018-09-29,134,10201,10335
473,2018-09-30,86,9932,10018
473,2018-10-01,630,12739,13369
473,2018-10-02,591,13197,13788
473,2018-10-03,417,13297,13714
473,2018-10-04,521,13420,13941
473,2018-10-05,488,11056,11544
473,2018-10-06,97,8508,8605
473,2018-10-07,46,7521,7567
473,2018-10-08,505,12898,13403
473,2018-10-09,452,11228,11680
473,2018-10-10,425,10355,10780
473,2018-10-12,390,8636,9026
473,2018-10-13,92,6292,6384
473,2018-10-14,32,7053,7085
473,2018-10-15,405,9283,9688
473,2018-10-16,580,13380,13960
473,2018-10-17,452,10376,10828
473,2018-10-18,592,13270,13862
473,2018-10-19,629,13507,14136
473,2018-10-20,126,9589,9715
473,2018-10-21,59,8268,8327
473,2018-10-22,574,12515,13089
473,2018-10-23,559,13017,13576
473,2018-10-24,611,12639,13250
473,2018-10-26,560,13152,13712
473,2018-10-27,180,9106,9286
473,2018-10-28,38,6499,6537
473,2018-10-29,558,12370,12928
473,2018-10-30,594,12342,12936
473,2018-10-31,574,12394,12968
473,2018-11-02,360,10215,10575
473,2018-11-03,96,7879,7975
473,2018-11-04,36,6656,6692
473,2018-11-05,535,11885,12420
473,2018-11-06,487,12469,12956
473,2018-11-07,535,12189,12724
473,2018-11-09,540,12535,13075
473,2018-11-10,144,8126,8270
473,2018-11-11,45,6159,6204
473,2018-11-12,578,12056,12634
473,2018-11-13,435,12409,12844
473,2018-11-14,508,12646,13154
473,2018-11-15,476,12739,13215
473,2018-11-16,514,12925,13439
473,2018-11-17,109,8387,8496
473,2018-11-18,37,6418,6455
473,2018-11-19,493,12156,12649
473,2018-11-20,553,12366,12919
473,2018-11-21,573,12431,13004
473,2018-11-22,518,12767,13285
473,2018-11-23,522,12889,13411
473,2018-11-24,138,8118,8256
473,2018-11-25,36,6340,6376
473,2018-11-26,474,12269,12743
473,2018-11-27,515,12599,13114
473,2018-11-28,445,12713,13158
473,2018-11-30,508,13072,13580
473,2018-12-01,129,8442,8571
473,2018-12-02,24,5620,5644
473,2018-12-03,502,11950,12452
473,2018-12-04,564,12574,13138
473,2018-12-05,520,12732,13252
473,2018-12-06,414,12762,13176
473,2018-12-07,582,12888,13470
473,2018-12-08,96,8208,8304
473,2018-12-09,24,5722,5746
473,2018-12-10,501,12256,12757
473,2018-12-11,481,12182,12663
473,2018-12-12,499,12714,13213
473,2018-12-14,507,12680,13187
473,2018-12-15,95,8855,8950
473,2018-12-16,36,5292,5328
473,2018-12-17,476,12160,12636
473,2018-12-18,477,12594,13071
473,2018-12-19,506,12358,12864
473,2018-12-20,512,13088,13600
473,2018-12-21,432,12434,12866
473,2018-12-22,86,7622,7708
473,2018-12-23,30,5600,5630
473,2018-12-24,244,7584,7828
473,2018-12-25,9,4278,4287
473,2018-12-26,29,4699,4728
473,2018-12-27,303,8774,9077
473,2018-12-28,278,8849,9127
473,2018-12-29,78,6756,6834
473,2018-12-30,32,5152,5184
473,2018-12-31,199,7614,7813
474,2018-01-01,16,1654,1670
474,2018-01-02,56,2881,2937
474,2018-01-03,90,2948,3038
474,2018-01-05,50,3071,3121
474,2018-01-06,36,2054,2090
474,2018-01-07,6,829,835
474,2018-01-09,46,2478,2524
474,2018-01-10,65,3325,3390
474,2018-01-12,67,3655,3722
474,2018-01-13,33,2789,2822
474,2018-01-14,18,2948,2966
474,2018-01-15,88,3174,3262
474,2018-01-16,98,3552,3650
474,2018-01-17,82,3474,3556
474,2018-01-18,96,3662,3758
474,2018-01-19,73,3686,3759
474,2018-01-20,31,2482,2513
474,2018-01-21,6,1917,1923
474,2018-01-22,62,2882,2944
474,2018-01-23,57,3429,3486
474,2018-01-24,58,2800,2858
474,2018-01-26,54,3360,3414
474,2018-01-27,27,2733,2760
474,2018-01-28,14,2217,2231
474,2018-01-29,75,3195,3270
474,2018-01-30,68,3537,3605
474,2018-01-31,74,3293,3367
474,2018-02-01,92,3630,3722
474,2018-02-02,67,3669,3736
474,2018-02-03,33,2841,2874
474,2018-02-04,16,2250,2266
474,2018-02-05,73,3321,3394
474,2018-02-06,53,3404,3457
474,2018-02-07,78,3678,3756
474,2018-02-09,70,3608,3678
474,2018-02-10,29,2597,2626
474,2018-02-11,9,2141,2150
474,2018-02-12,43,2838,2881
474,2018-02-13,49,3358,3407
474,2018-02-14,77,3553,3630
474,2018-02-15,61,3080,3141
474,2018-02-16,71,3595,3666
474,2018-02-17,32,2646,2678
474,2018-02-18,11,2741,2752
474,2018-02-19,78,3211,3289
474,2018-02-20,83,3589,3672
474,2018-02-21,86,3687,3773
474,2018-02-23,70,3826,3896
474,2018-02-24,29,2953,2982
474,2018-02-25,14,2980,2994
474,2018-02-26,106,3305,3411
474,2018-02-27,69,3517,3586
474,2018-02-28,79,3676,3755
474,2018-03-01,109,3562,3671
474,2018-03-02,66,3271,3337
474,2018-03-03,31,2723,2754
474,2018-03-04,10,2414,2424
474,2018-03-05,75,3368,3443
474,2018-03-06,96,3805,3901
474,2018-03-07,89,3579,3668
474,2018-03-09,82,3750,3832
474,2018-03-10,35,3068,3103
474,2018-03-11,31,3072,3103
474,2018-03-12,83,3391,3474
474,2018-03-13,73,3580,3653
474,2018-03-14,81,3768,3849
474,2018-03-15,78,3631,3709
474,2018-03-16,80,3971,4051
474,2018-03-17,30,2930,2960
474,2018-03-18,13,2335,2348
474,2018-03-19,96,3427,3523
474,2018-03-20,99,4380,4479
474,2018-03-21,104,4624,4728
474,2018-03-22,92,4279,4371
474,2018-03-23,89,4317,4406
474,2018-03-24,34,3768,3802
474,2018-03-26,82,3739,3821
474,2018-03-27,79,3887,3966
474,2018-03-28,104,4008,4112
474,2018-03-31,40,3483,3523
474,2018-04-01,16,2783,2799
474,2018-04-02,7,3416,3423
474,2018-04-03,71,3731,3802
474,2018-04-04,90,3704,3794
474,2018-04-06,108,4484,4592
474,2018-04-07,35,4091,4126
474,2018-04-08,14,4724,4738
474,2018-04-09,81,3643,3724
474,2018-04-10,73,3795,3868
474,2018-04-11,80,4172,4252
474,2018-04-13,118,4629,4747
474,2018-04-14,45,4344,4389
474,2018-04-15,12,4451,4463
474,2018-04-16,99,4261,4360
474,2018-04-17,119,5034,5153
474,2018-04-18,97,4780,4877
474,2018-04-19,122,4853,4975
474,2018-04-20,116,5276,5392
474,2018-04-21,34,4708,4742
474,2018-04-22,13,4588,4601
474,2018-04-23,81,4222,4303
474,2018-04-24,108,4698,4806
474,2018-04-25,146,4654,4800
474,2018-04-27,108,5154,5262
474,2018-04-28,40,4167,4207
474,2018-04-29,22,3886,3908
474,2018-04-30,148,4084,4232
474,2018-05-01,14,3979,3993
474,2018-05-02,105,4135,4240
474,2018-05-03,84,4054,4138
474,2018-05-04,83,4419,4502
474,2018-05-05,43,4249,4292
474,2018-05-06,16,5116,5132
474,2018-05-07,83,4166,4249
474,2018-05-08,88,4466,4554
474,2018-05-09,82,4577,4659
474,2018-05-11,73,4725,4798
474,2018-05-12,32,4426,4458
474,2018-05-13,30,3222,3252
474,2018-05-14,86,3754,3840
474,2018-05-15,80,4110,4190
474,2018-05-16,66,3819,3885
474,2018-05-17,83,4008,4091
474,2018-05-18,104,4505,4609
474,2018-05-19,40,4049,4089
474,2018-05-20,20,4574,4594
474,2018-05-21,16,5079,5095
474,2018-05-22,80,3846,3926
474,2018-05-23,63,3529,3592
474,2018-05-25,72,4047,4119
474,2018-05-26,56,4514,4570
474,2018-05-27,11,3894,3905
474,2018-05-28,90,3770,3860
474,2018-05-29,122,4084,4206
474,2018-05-30,130,4418,4548
474,2018-05-31,110,4626,4736
474,2018-06-01,96,3924,4020
474,2018-06-02,46,4388,4434
474,2018-06-03,11,4820,4831
474,2018-06-04,86,4144,4230
474,2018-06-05,87,4601,4688
474,2018-06-06,87,4310,4397
474,2018-06-08,108,4484,4592
474,2018-06-09,37,4454,4491
474,2018-06-10,24,4340,4364
474,2018-06-11,83,3776,3859
474,2018-06-12,76,4147,4223
474,2018-06-13,78,4341,4419
474,2018-06-14,86,4497,4583
474,2018-06-15,89,4892,4981
474,2018-06-16,26,4274,4300
474,2018-06-18,110,3932,4042
474,2018-06-19,87,4237,4324
474,2018-06-20,86,4553,4639
474,2018-06-22,68,4363,4431
474,2018-06-23,23,3525,3548
474,2018-06-24,27,4391,4418
474,2018-06-25,104,4001,4105
474,2018-06-26,83,4475,4558
474,2018-06-27,78,4316,4394
474,2018-06-28,81,4631,4712
474,2018-06-29,92,4917,5009
474,2018-06-30,32,4917,4949
474,2018-07-01,18,5941,5959
474,2018-07-02,93,4072,4165
474,2018-07-03,87,4434,4521
474,2018-07-04,102,4310,4412
474,2018-07-06,114,4446,4560
474,2018-07-07,40,4418,4458
474,2018-07-08,17,5482,5499
474,2018-07-09,101,4239,4340
474,2018-07-10,88,4345,4433
474,2018-07-11,73,4399,4472
474,2018-07-12,96,4494,4590
474,2018-07-13,101,4681,4782
474,2018-07-14,51,4349,4400
474,2018-07-15,18,4498,4516
474,2018-07-16,93,4256,4349
474,2018-07-17,92,4219,4311
474,2018-07-18,76,4456,4532
474,2018-07-20,85,4310,4395
474,2018-07-21,35,3361,3396
474,2018-07-22,16,4352,4368
474,2018-07-23,69,3805,3874
474,2018-07-24,78,4024,4102
474,2018-07-25,76,4069,4145
474,2018-07-26,93,3874,3967
474,2018-07-27,56,4091,4147
474,2018-07-28,29,3563,3592
474,2018-07-29,18,4340,4358
474,2018-07-30,70,3613,3683
474,2018-07-31,68,3676,3744
474,2018-08-01,84,3630,3714
474,2018-08-03,53,3657,3710
474,2018-08-04,29,3458,3487
474,2018-08-05,13,3968,3981
474,2018-08-06,46,3162,3208
474,2018-08-07,88,3572,3660
474,2018-08-08,82,3438,3520
474,2018-08-09,74,3280,3354
474,2018-08-10,87,4004,4091
474,2018-08-11,79,3975,4054
474,2018-08-12,38,4711,4749
474,2018-08-13,72,3262,3334
474,2018-08-14,49,3533,3582
474,2018-08-15,11,5067,5078
474,2018-08-16,52,3579,3631
474,2018-08-17,48,3515,3563
474,2018-08-18,33,3621,3654
474,2018-08-19,24,4474,4498
474,2018-08-20,49,2929,2978
474,2018-08-21,38,3181,3219
474,2018-08-22,48,3250,3298
474,2018-08-23,43,3249,3292
474,2018-08-24,42,3171,3213
474,2018-08-25,15,2779,2794
474,2018-08-26,13,3424,3437
474,2018-08-27,47,3279,3326
474,2018-08-28,36,4029,4065
474,2018-08-29,48,3470,3518
474,2018-08-31,38,4334,4372
474,2018-09-01,25,3760,3785
474,2018-09-02,18,3776,3794
474,2018-09-03,55,3809,3864
474,2018-09-04,39,4181,4220
474,2018-09-05,49,4200,4249
474,2018-09-06,48,3664,3712
474,2018-09-07,32,3755,3787
474,2018-09-08,30,3812,3842
474,2018-09-09,18,4384,4402
474,2018-09-10,72,3676,3748
474,2018-09-11,62,4028,4090
474,2018-09-12,72,4505,4577
474,2018-09-14,79,4331,4410
474,2018-09-15,49,4499,4548
474,2018-09-16,16,5346,5362
474,2018-09-17,62,4040,4102
474,2018-09-18,79,4284,4363
474,2018-09-19,65,4379,4444
474,2018-09-20,79,4445,4524
474,2018-09-21,76,4247,4323
474,2018-09-22,38,3824,3862
474,2018-09-23,28,3044,3072
474,2018-09-24,83,3785,3868
474,2018-09-25,84,4137,4221
474,2018-09-26,77,4166,4243
474,2018-09-28,77,4409,4486
474,2018-09-29,37,4068,4105
474,2018-09-30,14,3023,3037
474,2018-10-01,77,3701,3778
474,2018-10-02,84,4030,4114
474,2018-10-03,49,4185,4234
474,2018-10-04,86,4330,4416
474,2018-10-05,92,4490,4582
474,2018-10-06,37,4253,4290
474,2018-10-07,19,3248,3267
474,2018-10-08,81,3858,3939
474,2018-10-09,86,4242,4328
474,2018-10-10,77,4295,4372
474,2018-10-12,79,4430,4509
474,2018-10-13,37,4425,4462
474,2018-10-14,14,4349,4363
474,2018-10-15,80,3465,3545
474,2018-10-16,66,3524,3590
474,2018-10-17,67,3454,3521
474,2018-10-18,83,3527,3610
474,2018-10-19,68,3736,3804
474,2018-10-20,36,3284,3320
474,2018-10-21,17,3722,3739
474,2018-10-22,66,3050,3116
474,2018-10-23,57,3466,3523
474,2018-10-24,63,3370,3433
474,2018-10-26,53,3503,3556
474,2018-10-27,34,3127,3161
474,2018-10-28,15,2948,2963
474,2018-10-29,53,3165,3218
474,2018-10-30,23,2721,2744
474,2018-10-31,23,3272,3295
474,2018-11-02,38,3038,3076
474,2018-11-03,24,2941,2965
474,2018-11-04,8,3087,3095
474,2018-11-05,70,3131,3201
474,2018-11-06,82,3362,3444
474,2018-11-07,50,3251,3301
474,2018-11-09,63,3343,3406
474,2018-11-10,15,2613,2628
474,2018-11-11,26,2636,2662
474,2018-11-12,72,3182,3254
474,2018-11-13,43,3445,3488
474,2018-11-14,66,3722,3788
474,2018-11-15,43,3508,3551
474,2018-11-16,66,3738,3804
474,2018-11-17,15,3145,3160
474,2018-11-18,7,3008,3015
474,2018-11-19,52,3209,3261
474,2018-11-20,50,3426,3476
474,2018-11-21,63,3502,3565
474,2018-11-22,59,3603,3662
474,2018-11-23,73,3855,3928
474,2018-11-24,18,2779,2797
474,2018-11-25,11,2276,2287
474,2018-11-26,87,3239,3326
474,2018-11-27,57,3534,3591
474,2018-11-28,47,3531,3578
474,2018-11-30,59,3927,3986
474,2018-12-01,9,3060,3069
474,2018-12-02,16,2602,2618
474,2018-12-03,60,3134,3194
474,2018-12-04,53,3840,3893
474,2018-12-05,55,3754,3809
474,2018-12-06,43,3799,3842
474,2018-12-07,60,3794,3854
474,2018-12-08,28,2799,2827
474,2018-12-09,12,2294,2306
474,2018-12-10,39,3531,3570
474,2018-12-11,45,3960,4005
474,2018-12-12,41,3886,3927
474,2018-12-13,59,4025,4084
474,2018-12-15,8,3165,3173
474,2018-12-16,12,2086,2098
474,2018-12-17,43,3390,3433
474,2018-12-18,56,3940,3996
474,2018-12-19,49,3636,3685
474,2018-12-20,62,3802,3864
474,2018-12-21,50,3628,3678
474,2018-12-22,15,2544,2559
474,2018-12-23,6,1862,1868
474,2018-12-24,19,2184,2203
474,2018-12-25,4,1873,1877
474,2018-12-26,7,1865,1872
474,2018-12-27,21,2594,2615
474,2018-12-29,8,2299,2307
474,2018-12-30,5,1986,1991
474,2018-12-31,20,2150,2170
479,2018-01-01,50,3214,3264
479,2018-01-02,404,6716,7120
479,2018-01-05,488,7871,8359
479,2018-01-06,135,5515,5650
479,2018-01-07,39,4147,4186
479,2018-01-08,584,8016,8600
479,2018-01-09,614,7969,8583
479,2018-01-10,620,7974,8594
479,2018-01-12,644,8542,9186
479,2018-01-13,156,5778,5934
479,2018-01-14,40,4568,4608
479,2018-01-15,570,8156,8726
479,2018-01-16,638,8280,8918
479,2018-01-17,704,8394,9098
479,2018-01-18,576,8838,9414
479,2018-01-19,666,8792,9458
479,2018-01-20,146,5700,5846
479,2018-01-21,62,4154,4216
479,2018-01-22,634,8226,8860
479,2018-01-23,571,7921,8492
479,2018-01-24,621,7958,8579
479,2018-01-26,485,8533,9018
479,2018-01-27,119,5893,6012
479,2018-01-28,38,4200,4238
479,2018-01-29,502,8064,8566
479,2018-01-30,619,8201,8820
479,2018-01-31,622,8530,9152
479,2018-02-01,607,8316,8923
479,2018-02-02,612,8369,8981
479,2018-02-03,156,5913,6069
479,2018-02-04,63,4079,4142
479,2018-02-05,545,7853,8398
479,2018-02-06,483,7861,8344
479,2018-02-07,499,8006,8505
479,2018-02-09,557,8278,8835
479,2018-02-10,145,5215,5360
479,2018-02-11,99,3591,3690
479,2018-02-12,397,6620,7017
479,2018-02-13,439,7396,7835
479,2018-02-14,525,7822,8347
479,2018-02-15,476,7411,7887
479,2018-02-16,549,7923,8472
479,2018-02-17,159,5211,5370
479,2018-02-18,45,4565,4610
479,2018-02-19,581,7504,8085
479,2018-02-20,584,7951,8535
479,2018-02-21,637,8116,8753
479,2018-02-23,700,8462,9162
479,2018-02-24,251,5942,6193
479,2018-02-25,54,4560,4614
479,2018-02-26,528,7781,8309
479,2018-02-27,587,8448,9035
479,2018-02-28,528,8265,8793
479,2018-03-01,646,8404,9050
479,2018-03-02,591,7513,8104
479,2018-03-03,169,5496,5665
479,2018-03-04,82,4252,4334
479,2018-03-05,663,7962,8625
479,2018-03-06,696,8208,8904
479,2018-03-07,834,8088,8922
479,2018-03-09,786,8528,9314
479,2018-03-10,150,5617,5767
479,2018-03-11,86,4744,4830
479,2018-03-12,714,8024,8738
479,2018-03-13,674,7992,8666
479,2018-03-14,768,8106,8874
479,2018-03-15,703,8017,8720
479,2018-03-16,760,8506,9266
479,2018-03-17,174,5750,5924
479,2018-03-18,61,3881,3942
479,2018-03-19,696,7488,8184
479,2018-03-20,691,7692,8383
479,2018-03-21,712,7490,8202
479,2018-03-22,660,7612,8272
479,2018-03-23,713,7990,8703
479,2018-03-24,189,6702,6891
479,2018-03-26,756,7693,8449
479,2018-03-27,754,8258,9012
479,2018-03-28,776,8356,9132
479,2018-03-31,187,5603,5790
479,2018-04-01,76,4277,4353
479,2018-04-02,49,4443,4492
479,2018-04-03,620,7828,8448
479,2018-04-04,742,7926,8668
479,2018-04-06,772,7934,8706
479,2018-04-07,229,6029,6258
479,2018-04-08,87,5779,5866
479,2018-04-09,731,7805,8536
479,2018-04-10,806,8732,9538
479,2018-04-11,851,8293,9144
479,2018-04-13,830,8608,9438
479,2018-04-14,201,6176,6377
479,2018-04-15,64,5474,5538
479,2018-04-16,826,8212,9038
479,2018-04-17,822,8820,9642
479,2018-04-18,783,9053,9836
479,2018-04-19,725,9194,9919
479,2018-04-20,791,9373,10164
479,2018-04-21,256,7215,7471
479,2018-04-22,104,6067,6171
479,2018-04-23,849,8233,9082
479,2018-04-24,791,8548,9339
479,2018-04-25,771,7961,8732
479,2018-04-27,818,8701,9519
479,2018-04-28,250,6616,6866
479,2018-04-29,70,5186,5256
479,2018-04-30,614,7678,8292
479,2018-05-01,79,5100,5179
479,2018-05-02,829,8247,9076
479,2018-05-03,770,8480,9250
479,2018-05-04,813,8947,9760
479,2018-05-05,300,6722,7022
479,2018-05-06,98,6369,6467
479,2018-05-07,803,8354,9157
479,2018-05-08,862,9101,9963
479,2018-05-09,811,9063,9874
479,2018-05-11,680,8062,8742
479,2018-05-12,191,6456,6647
479,2018-05-13,74,4754,4828
479,2018-05-14,819,8254,9073
479,2018-05-15,794,8862,9656
479,2018-05-16,792,8854,9646
479,2018-05-17,830,8976,9806
479,2018-05-18,821,9117,9938
479,2018-05-19,236,6216,6452
479,2018-05-20,177,5206,5383
479,2018-05-21,101,5615,5716
479,2018-05-22,768,8243,9011
479,2018-05-23,760,8724,9484
479,2018-05-25,918,8966,9884
479,2018-05-26,261,6724,6985
479,2018-05-27,84,5274,5358
479,2018-05-28,870,8484,9354
479,2018-05-29,810,9056,9866
479,2018-05-30,846,9042,9888
479,2018-05-31,682,10192,10874
479,2018-06-01,848,9008,9856
479,2018-06-02,220,6820,7040
479,2018-06-03,85,6263,6348
479,2018-06-04,798,8606,9404
479,2018-06-05,856,9112,9968
479,2018-06-06,852,8562,9414
479,2018-06-08,854,8866,9720
479,2018-06-09,248,6922,7170
479,2018-06-10,84,5616,5700
479,2018-06-11,992,9592,10584
479,2018-06-12,788,8888,9676
479,2018-06-13,897,8859,9756
479,2018-06-14,881,9049,9930
479,2018-06-15,874,9303,10177
479,2018-06-16,243,7082,7325
479,2018-06-17,95,6165,6260
479,2018-06-18,852,9709,10561
479,2018-06-19,904,10280,11184
479,2018-06-20,874,9905,10779
479,2018-06-22,816,9371,10187
479,2018-06-23,111,6204,6315
479,2018-06-24,83,6145,6228
479,2018-06-25,845,8929,9774
479,2018-06-26,774,9615,10389
479,2018-06-27,809,9596,10405
479,2018-06-28,832,10059,10891
479,2018-06-29,924,10153,11077
479,2018-06-30,237,8179,8416
479,2018-07-01,268,8994,9262
479,2018-07-02,806,9410,10216
479,2018-07-03,837,9190,10027
479,2018-07-04,792,9258,10050
479,2018-07-06,837,9343,10180
479,2018-07-07,217,7361,7578
479,2018-07-08,89,7062,7151
479,2018-07-09,808,8823,9631
479,2018-07-10,822,8854,9676
479,2018-07-11,885,8987,9872
479,2018-07-12,859,9446,10305
479,2018-07-13,863,9501,10364
479,2018-07-14,205,7081,7286
479,2018-07-15,84,6036,6120
479,2018-07-16,883,8986,9869
479,2018-07-17,818,9241,10059
479,2018-07-18,803,9406,10209
479,2018-07-20,902,9530,10432
479,2018-07-21,230,6919,7149
479,2018-07-22,103,6819,6922
479,2018-07-23,816,8876,9692
479,2018-07-24,882,9235,10117
479,2018-07-25,819,9218,10037
479,2018-07-26,725,9091,9816
479,2018-07-27,659,9320,9979
479,2018-07-28,202,6624,6826
479,2018-07-29,113,6418,6531
479,2018-07-30,569,8909,9478
479,2018-07-31,571,8917,9488
479,2018-08-01,574,8568,9142
479,2018-08-04,206,6752,6958
479,2018-08-05,111,6376,6487
479,2018-08-06,428,8186,8614
479,2018-08-07,494,8548,9042
479,2018-08-08,528,8352,8880
479,2018-08-09,540,8148,8688
479,2018-08-10,539,8832,9371
479,2018-08-11,255,6571,6826
479,2018-08-12,114,6282,6396
479,2018-08-13,538,7758,8296
479,2018-08-14,517,8126,8643
479,2018-08-15,105,6420,6525
479,2018-08-16,592,8381,8973
479,2018-08-17,559,8595,9154
479,2018-08-18,172,6211,6383
479,2018-08-19,72,6113,6185
479,2018-08-20,622,8560,9182
479,2018-08-21,738,8581,9319
479,2018-08-22,746,8824,9570
479,2018-08-23,740,8949,9689
479,2018-08-24,738,9012,9750
479,2018-08-25,190,5947,6137
479,2018-08-26,75,5724,5799
479,2018-08-27,724,8582,9306
479,2018-08-28,884,8783,9667
479,2018-08-29,824,8626,9450
479,2018-09-15,241,6668,6909
479,2018-09-16,98,6486,6584
479,2018-09-17,744,8753,9497
479,2018-09-18,767,9073,9840
479,2018-09-19,806,9209,10015
479,2018-09-20,784,9389,10173
479,2018-09-21,774,9184,9958
479,2018-09-22,218,6736,6954
479,2018-09-24,768,8644,9412
479,2018-09-25,863,8848,9711
479,2018-09-26,836,8668,9504
479,2018-09-27,794,8992,9786
479,2018-09-29,228,7727,7955
479,2018-09-30,167,7966,8133
479,2018-10-01,823,8282,9105
479,2018-10-02,834,8476,9310
479,2018-10-03,674,8826,9500
479,2018-10-04,835,9115,9950
479,2018-10-05,900,8917,9817
479,2018-10-06,195,7822,8017
479,2018-10-07,71,5695,5766
479,2018-10-08,830,8425,9255
479,2018-10-09,800,8647,9447
479,2018-10-10,838,8483,9321
479,2018-10-11,774,8949,9723
479,2018-10-13,223,7415,7638
479,2018-10-14,101,6644,6745
479,2018-10-15,744,8601,9345
479,2018-10-16,827,8844,9671
479,2018-10-17,842,8721,9563
479,2018-10-18,811,8829,9640
479,2018-10-19,881,8909,9790
479,2018-10-20,203,7096,7299
479,2018-10-21,75,6541,6616
479,2018-10-22,789,8318,9107
479,2018-10-23,767,8618,9385
479,2018-10-24,778,8447,9225
479,2018-10-25,753,8725,9478
479,2018-10-27,244,6443,6687
479,2018-10-28,78,4793,4871
479,2018-10-29,612,7840,8452
479,2018-10-30,714,7784,8498
479,2018-10-31,804,8084,8888
479,2018-11-01,54,4702,4756
479,2018-11-03,178,5745,5923
479,2018-11-04,53,5255,5308
479,2018-11-05,660,7906,8566
479,2018-11-06,708,8091,8799
479,2018-11-07,752,8180,8932
479,2018-11-08,733,8071,8804
479,2018-11-10,188,6318,6506
479,2018-11-11,62,4876,4938
479,2018-11-12,706,7802,8508
479,2018-11-13,618,8030,8648
479,2018-11-14,708,7904,8612
479,2018-11-15,638,8303,8941
479,2018-11-16,657,8225,8882
479,2018-11-17,180,6027,6207
479,2018-11-18,51,4889,4940
479,2018-11-19,602,8220,8822
479,2018-11-20,692,8390,9082
479,2018-11-21,726,8251,8977
479,2018-11-22,744,8640,9384
479,2018-11-23,711,8719,9430
479,2018-11-24,176,6306,6482
479,2018-11-25,60,5026,5086
479,2018-11-26,691,8407,9098
479,2018-11-27,741,8654,9395
479,2018-11-28,736,8914,9650
479,2018-11-29,682,8733,9415
479,2018-12-01,178,6616,6794
479,2018-12-02,38,4734,4772
479,2018-12-03,674,8502,9176
479,2018-12-04,706,9034,9740
479,2018-12-05,722,9264,9986
479,2018-12-06,722,8979,9701
479,2018-12-07,716,9074,9790
479,2018-12-08,170,6764,6934
479,2018-12-09,130,4924,5054
479,2018-12-10,707,8532,9239
479,2018-12-11,690,8468,9158
479,2018-12-12,714,9116,9830
479,2018-12-13,683,9155,9838
479,2018-12-15,198,6589,6787
479,2018-12-16,64,4492,4556
479,2018-12-17,650,8632,9282
479,2018-12-18,714,8758,9472
479,2018-12-19,710,8898,9608
479,2018-12-20,642,9508,10150
479,2018-12-21,552,9540,10092
479,2018-12-22,160,5946,6106
479,2018-12-23,52,4478,4530
479,2018-12-24,312,5611,5923
479,2018-12-25,32,3524,3556
479,2018-12-26,50,3816,3866
479,2018-12-27,377,6506,6883
479,2018-12-28,375,6579,6954
479,2018-12-29,168,4918,5086
479,2018-12-30,66,3959,4025
479,2018-12-31,284,5465,5749
481,2018-01-01,48,2080,2128
481,2018-01-02,246,4382,4628
481,2018-01-03,230,4698,4928
481,2018-01-05,220,4945,5165
481,2018-01-06,105,3595,3700
481,2018-01-07,54,2760,2814
481,2018-01-08,249,5003,5252
481,2018-01-09,258,5279,5537
481,2018-01-10,253,5150,5403
481,2018-01-12,251,5428,5679
481,2018-01-13,124,3880,4004
481,2018-01-14,61,2921,2982
481,2018-01-15,264,4966,5230
481,2018-01-16,252,5388,5640
481,2018-01-17,224,5196,5420
481,2018-01-18,260,5398,5658
481,2018-01-19,259,5395,5654
481,2018-01-20,161,3718,3879
481,2018-01-21,51,2671,2722
481,2018-01-22,310,4944,5254
481,2018-01-23,315,5439,5754
481,2018-01-24,347,5380,5727
481,2018-01-26,363,5284,5647
481,2018-01-27,110,3977,4087
481,2018-01-28,57,2781,2838
481,2018-01-29,348,5083,5431
481,2018-01-30,335,5386,5721
481,2018-01-31,370,5282,5652
481,2018-02-01,353,5443,5796
481,2018-02-02,404,5388,5792
481,2018-02-03,142,3901,4043
481,2018-02-04,61,2782,2843
481,2018-02-05,332,5206,5538
481,2018-02-06,286,4987,5273
481,2018-02-07,338,5205,5543
481,2018-02-09,317,5081,5398
481,2018-02-10,130,3385,3515
481,2018-02-11,57,2104,2161
481,2018-02-12,329,4099,4428
481,2018-02-13,307,4561,4868
481,2018-02-14,329,4650,4979
481,2018-02-15,316,4335,4651
481,2018-02-16,310,4751,5061
481,2018-02-17,126,3213,3339
481,2018-02-18,76,2766,2842
481,2018-02-19,344,4925,5269
481,2018-02-20,367,5312,5679
481,2018-02-21,370,5121,5491
481,2018-02-23,409,5132,5541
481,2018-02-24,136,3897,4033
481,2018-02-25,64,2839,2903
481,2018-02-26,396,5600,5996
481,2018-02-27,332,5199,5531
481,2018-02-28,374,5039,5413
481,2018-03-01,295,5067,5362
481,2018-03-02,214,4189,4403
481,2018-03-03,122,3727,3849
481,2018-03-04,88,2690,2778
481,2018-03-05,247,5202,5449
481,2018-03-06,308,5453,5761
481,2018-03-07,296,5506,5802
481,2018-03-09,294,5461,5755
481,2018-03-10,153,4179,4332
481,2018-03-11,78,3072,3150
481,2018-03-12,300,5282,5582
481,2018-03-13,307,5551,5858
481,2018-03-14,281,5703,5984
481,2018-03-15,253,5558,5811
481,2018-03-16,272,5764,6036
481,2018-03-17,155,4065,4220
481,2018-03-18,76,2834,2910
481,2018-03-19,298,5281,5579
481,2018-03-20,300,5699,5999
481,2018-03-21,279,5680,5959
481,2018-03-22,295,5514,5809
481,2018-03-23,307,5594,5901
481,2018-03-24,116,4471,4587
481,2018-03-26,291,5341,5632
481,2018-03-27,266,5842,6108
481,2018-03-28,318,5574,5892
481,2018-03-31,116,3818,3934
481,2018-04-01,58,2660,2718
481,2018-04-02,50,2687,2737
481,2018-04-03,270,5080,5350
481,2018-04-04,238,5090,5328
481,2018-04-06,237,5322,5559
481,2018-04-07,136,3617,3753
481,2018-04-08,60,2997,3057
481,2018-04-09,254,5152,5406
481,2018-04-10,260,5638,5898
481,2018-04-11,245,5612,5857
481,2018-04-13,277,5458,5735
481,2018-04-14,154,4177,4331
481,2018-04-15,72,3442,3514
481,2018-04-16,271,5787,6058
481,2018-04-17,281,6072,6353
481,2018-04-18,297,6006,6303
481,2018-04-19,289,5989,6278
481,2018-04-20,249,6067,6316
481,2018-04-21,165,4649,4814
481,2018-04-22,71,3597,3668
481,2018-04-23,298,5554,5852
481,2018-04-24,326,6366,6692
481,2018-04-25,376,6328,6704
481,2018-04-27,300,6448,6748
481,2018-04-28,188,4624,4812
481,2018-04-29,58,3160,3218
481,2018-04-30,268,5298,5566
481,2018-05-01,65,2828,2893
481,2018-05-02,299,5967,6266
481,2018-05-03,324,6158,6482
481,2018-05-04,322,6412,6734
481,2018-05-05,189,4659,4848
481,2018-05-06,115,3786,3901
481,2018-05-07,270,5838,6108
481,2018-05-08,311,6256,6567
481,2018-05-09,338,6181,6519
481,2018-05-11,277,5422,5699
481,2018-05-12,146,4342,4488
481,2018-05-13,66,3132,3198
481,2018-05-14,298,5866,6164
481,2018-05-15,288,6228,6516
481,2018-05-16,285,6028,6313
481,2018-05-18,336,6354,6690
481,2018-05-19,188,4245,4433
481,2018-05-20,82,2854,2936
481,2018-05-21,102,2900,3002
481,2018-05-22,254,5492,5746
481,2018-05-23,270,5534,5804
481,2018-05-25,280,5740,6020
481,2018-05-26,182,4125,4307
481,2018-05-27,61,3124,3185
481,2018-05-28,309,5540,5849
481,2018-05-29,270,6014,6284
481,2018-05-30,318,6314,6632
481,2018-05-31,316,7130,7446
481,2018-06-01,298,6362,6660
481,2018-06-02,155,4772,4927
481,2018-06-03,87,3519,3606
481,2018-06-04,282,5726,6008
481,2018-06-05,279,6191,6470
481,2018-06-06,301,6066,6367
481,2018-06-08,311,6108,6419
481,2018-06-09,150,4248,4398
481,2018-06-10,74,3296,3370
481,2018-06-11,277,5344,5621
481,2018-06-12,285,5696,5981
481,2018-06-13,274,5897,6171
481,2018-06-14,308,6116,6424
481,2018-06-15,288,5708,5996
481,2018-06-16,153,4170,4323
481,2018-06-17,83,3033,3116
481,2018-06-18,286,5142,5428
481,2018-06-19,291,5581,5872
481,2018-06-20,283,5492,5775
481,2018-06-22,283,5517,5800
481,2018-06-23,106,3055,3161
481,2018-06-24,72,3128,3200
481,2018-06-25,289,5270,5559
481,2018-06-26,311,5622,5933
481,2018-06-27,292,5481,5773
481,2018-06-28,323,5600,5923
481,2018-06-29,300,5798,6098
481,2018-06-30,172,4525,4697
481,2018-07-01,87,3567,3654
481,2018-07-02,325,5257,5582
481,2018-07-03,319,5657,5976
481,2018-07-04,346,5878,6224
481,2018-07-06,314,6152,6466
481,2018-07-07,165,4929,5094
481,2018-07-08,78,3588,3666
481,2018-07-09,310,5609,5919
481,2018-07-10,269,5661,5930
481,2018-07-11,289,5602,5891
481,2018-07-12,270,5722,5992
481,2018-07-13,248,5715,5963
481,2018-07-14,163,4032,4195
481,2018-07-15,76,3069,3145
481,2018-07-16,276,5228,5504
481,2018-07-17,256,5289,5545
481,2018-07-18,287,5281,5568
481,2018-07-20,272,5297,5569
481,2018-07-21,130,3785,3915
481,2018-07-22,88,3079,3167
481,2018-07-23,299,5077,5376
481,2018-07-24,250,5128,5378
481,2018-07-25,291,5130,5421
481,2018-07-26,277,5002,5279
481,2018-07-27,273,4823,5096
481,2018-07-28,130,3347,3477
481,2018-07-29,61,2520,2581
481,2018-07-30,259,4347,4606
481,2018-07-31,274,4658,4932
481,2018-08-01,252,4518,4770
481,2018-08-03,268,4608,4876
481,2018-08-04,129,3225,3354
481,2018-08-05,59,2629,2688
481,2018-08-06,250,4165,4415
481,2018-08-07,253,4402,4655
481,2018-08-08,246,4406,4652
481,2018-08-09,242,4440,4682
481,2018-08-10,252,4553,4805
481,2018-08-11,152,3275,3427
481,2018-08-12,76,2508,2584
481,2018-08-13,236,4042,4278
481,2018-08-14,237,4434,4671
481,2018-08-15,56,3172,3228
481,2018-08-16,252,4225,4477
481,2018-08-17,241,4210,4451
481,2018-08-18,115,3020,3135
481,2018-08-19,81,2550,2631
481,2018-08-20,258,4319,4577
481,2018-08-21,239,4588,4827
481,2018-08-22,242,4478,4720
481,2018-08-23,247,4601,4848
481,2018-08-24,251,4495,4746
481,2018-08-25,161,3146,3307
481,2018-08-26,91,2753,2844
481,2018-08-27,258,4282,4540
481,2018-08-28,267,4741,5008
481,2018-08-29,270,4278,4548
481,2018-08-31,284,4519,4803
481,2018-09-01,141,3114,3255
481,2018-09-02,83,2696,2779
481,2018-09-03,264,4353,4617
481,2018-09-04,245,4427,4672
481,2018-09-05,284,4454,4738
481,2018-09-06,296,4594,4890
481,2018-09-07,266,4607,4873
481,2018-09-08,163,3441,3604
481,2018-09-09,108,2974,3082
481,2018-09-10,263,4884,5147
481,2018-09-11,290,5321,5611
481,2018-09-12,331,5463,5794
481,2018-09-14,310,5455,5765
481,2018-09-15,153,3731,3884
481,2018-09-16,82,3349,3431
481,2018-09-17,315,5163,5478
481,2018-09-18,354,5650,6004
481,2018-09-19,387,5466,5853
481,2018-09-20,348,5614,5962
481,2018-09-21,346,5530,5876
481,2018-09-22,186,4125,4311
481,2018-09-23,78,2588,2666
481,2018-09-24,311,5372,5683
481,2018-09-25,318,5429,5747
481,2018-09-26,330,5559,5889
481,2018-09-28,297,5689,5986
481,2018-09-29,155,4270,4425
481,2018-09-30,106,3432,3538
481,2018-10-01,283,5238,5521
481,2018-10-02,283,5342,5625
481,2018-10-03,291,5489,5780
481,2018-10-04,317,5447,5764
481,2018-10-05,300,5647,5947
481,2018-10-06,165,4187,4352
481,2018-10-07,81,3058,3139
481,2018-10-08,293,5291,5584
481,2018-10-09,286,5454,5740
481,2018-10-10,273,5425,5698
481,2018-10-12,298,5477,5775
481,2018-10-13,162,4329,4491
481,2018-10-14,75,3788,3863
481,2018-10-15,309,5346,5655
481,2018-10-16,292,5586,5878
481,2018-10-17,302,5527,5829
481,2018-10-18,337,5590,5927
481,2018-10-19,349,5510,5859
481,2018-10-20,174,4321,4495
481,2018-10-21,96,3478,3574
481,2018-10-22,314,5267,5581
481,2018-10-23,312,5484,5796
481,2018-10-24,319,5513,5832
481,2018-10-26,306,5550,5856
481,2018-10-27,148,3972,4120
481,2018-10-28,75,2974,3049
481,2018-10-29,224,5133,5357
481,2018-10-30,296,5232,5528
481,2018-10-31,227,5363,5590
481,2018-11-02,215,4421,4636
481,2018-11-03,142,3380,3522
481,2018-11-04,50,2843,2893
481,2018-11-05,304,5340,5644
481,2018-11-06,293,5633,5926
481,2018-11-07,306,5655,5961
481,2018-11-09,309,5832,6141
481,2018-11-10,116,3784,3900
481,2018-11-11,75,2879,2954
481,2018-11-12,298,5354,5652
481,2018-11-13,310,5845,6155
481,2018-11-14,318,5598,5916
481,2018-11-15,350,5604,5954
481,2018-11-16,315,5714,6029
481,2018-11-17,167,3956,4123
481,2018-11-18,50,2886,2936
481,2018-11-19,290,5011,5301
481,2018-11-20,315,5416,5731
481,2018-11-21,312,5151,5463
481,2018-11-22,332,5346,5678
481,2018-11-23,310,5383,5693
481,2018-11-24,150,4160,4310
481,2018-11-25,77,3007,3084
481,2018-11-26,252,4923,5175
481,2018-11-27,290,5446,5736
481,2018-11-28,290,5198,5488
481,2018-11-30,300,5410,5710
481,2018-12-01,169,3851,4020
481,2018-12-02,76,2918,2994
481,2018-12-03,270,4794,5064
481,2018-12-04,267,5159,5426
481,2018-12-05,284,5445,5729
481,2018-12-06,306,5057,5363
481,2018-12-07,316,5130,5446
481,2018-12-08,144,3980,4124
481,2018-12-09,90,2798,2888
481,2018-12-10,277,4777,5054
481,2018-12-11,262,5050,5312
481,2018-12-12,279,4986,5265
481,2018-12-14,271,5144,5415
481,2018-12-15,145,3915,4060
481,2018-12-16,41,2424,2465
481,2018-12-17,266,5026,5292
481,2018-12-18,235,4949,5184
481,2018-12-19,254,5015,5269
481,2018-12-20,292,5352,5644
481,2018-12-21,256,5070,5326
481,2018-12-22,128,3428,3556
481,2018-12-23,44,2530,2574
481,2018-12-24,184,3812,3996
481,2018-12-25,49,2127,2176
481,2018-12-26,52,2043,2095
481,2018-12-27,181,3692,3873
481,2018-12-28,205,3671,3876
481,2018-12-29,139,2760,2899
481,2018-12-30,56,2243,2299
481,2018-12-31,184,3409,3593
483,2018-01-01,52,1764,1816
483,2018-01-02,240,4676,4916
483,2018-01-03,228,4748,4976
483,2018-01-05,379,6186,6565
483,2018-01-06,148,3132,3280
483,2018-01-07,72,2962,3034
483,2018-01-08,470,6380,6850
483,2018-01-09,572,6929,7501
483,2018-01-10,550,6915,7465
483,2018-01-12,559,6892,7451
483,2018-01-13,237,4143,4380
483,2018-01-14,66,3297,3363
483,2018-01-15,460,5984,6444
483,2018-01-16,414,6432,6846
483,2018-01-17,478,6056,6534
483,2018-01-18,412,6592,7004
483,2018-01-19,776,8246,9022
483,2018-01-20,194,3860,4054
483,2018-01-21,63,2974,3037
483,2018-01-22,336,5890,6226
483,2018-01-24,545,6785,7330
483,2018-01-26,532,7024,7556
483,2018-01-27,213,4303,4516
483,2018-01-28,60,3153,3213
483,2018-01-29,510,6512,7022
483,2018-01-30,608,7095,7703
483,2018-01-31,464,6176,6640
483,2018-02-01,524,6484,7008
483,2018-02-02,619,7187,7806
483,2018-02-03,228,4228,4456
483,2018-02-04,57,2930,2987
483,2018-02-05,486,6092,6578
483,2018-02-06,388,6644,7032
483,2018-02-07,571,6634,7205
483,2018-02-09,532,7231,7763
483,2018-02-10,228,3813,4041
483,2018-02-11,69,2705,2774
483,2018-02-12,398,5296,5694
483,2018-02-13,530,6464,6994
483,2018-02-14,615,6551,7166
483,2018-02-15,492,6270,6762
483,2018-02-16,314,5216,5530
483,2018-02-17,244,3763,4007
483,2018-02-18,74,3351,3425
483,2018-02-19,708,6607,7315
483,2018-02-20,588,6645,7233
483,2018-02-21,655,7263,7918
483,2018-02-23,691,7197,7888
483,2018-02-24,249,4319,4568
483,2018-02-25,64,3214,3278
483,2018-02-27,698,6804,7502
483,2018-02-28,541,6540,7081
483,2018-03-01,535,6592,7127
483,2018-03-02,608,6189,6797
483,2018-03-03,203,3762,3965
483,2018-03-04,69,3003,3072
483,2018-03-06,700,7123,7823
483,2018-03-07,606,7018,7624
483,2018-03-09,572,6760,7332
483,2018-03-10,200,4200,4400
483,2018-03-11,66,3371,3437
483,2018-03-12,472,6404,6876
483,2018-03-13,468,6488,6956
483,2018-03-14,634,7109,7743
483,2018-03-15,598,6913,7511
483,2018-03-16,614,7404,8018
483,2018-03-17,223,4091,4314
483,2018-03-18,63,2817,2880
483,2018-03-19,344,4668,5012
483,2018-03-20,597,6959,7556
483,2018-03-21,647,7378,8025
483,2018-03-22,611,7208,7819
483,2018-03-23,640,7521,8161
483,2018-03-24,238,4719,4957
483,2018-03-26,513,6376,6889
483,2018-03-27,532,6893,7425
483,2018-03-28,536,6058,6594
483,2018-03-31,212,4613,4825
483,2018-04-01,52,2584,2636
483,2018-04-02,68,3216,3284
483,2018-04-03,468,6152,6620
483,2018-04-04,534,6785,7319
483,2018-04-06,626,7977,8603
483,2018-04-07,249,4534,4783
483,2018-04-08,86,4172,4258
483,2018-04-09,652,6875,7527
483,2018-04-10,856,8666,9522
483,2018-04-11,710,7380,8090
483,2018-04-13,711,7418,8129
483,2018-04-14,242,4409,4651
483,2018-04-15,60,3258,3318
483,2018-04-16,606,6804,7410
483,2018-04-17,707,7968,8675
483,2018-04-18,516,6349,6865
483,2018-04-19,638,8030,8668
483,2018-04-20,654,8252,8906
483,2018-04-21,371,5172,5543
483,2018-04-22,83,4413,4496
483,2018-04-23,592,6012,6604
483,2018-04-24,704,7290,7994
483,2018-04-25,570,6350,6920
483,2018-04-27,626,7994,8620
483,2018-04-28,341,5333,5674
483,2018-04-29,256,6934,7190
483,2018-04-30,348,4814,5162
483,2018-05-01,77,3397,3474
483,2018-05-02,585,7224,7809
483,2018-05-03,709,7382,8091
483,2018-05-04,656,7749,8405
483,2018-05-05,347,5057,5404
483,2018-05-06,102,4568,4670
483,2018-05-07,673,7321,7994
483,2018-05-08,684,8299,8983
483,2018-05-09,687,8009,8696
483,2018-05-11,521,6324,6845
483,2018-05-12,244,4525,4769
483,2018-05-13,56,2602,2658
483,2018-05-14,574,6988,7562
483,2018-05-15,710,7873,8583
483,2018-05-16,544,5808,6352
483,2018-05-17,698,7568,8266
483,2018-05-18,721,7926,8647
483,2018-05-19,312,4865,5177
483,2018-05-20,60,2872,2932
483,2018-05-21,72,3448,3520
483,2018-05-22,482,6008,6490
483,2018-05-23,440,6238,6678
483,2018-05-25,454,6394,6848
483,2018-05-26,275,4391,4666
483,2018-05-27,73,3345,3418
483,2018-05-28,320,5368,5688
483,2018-05-29,524,6590,7114
483,2018-05-30,564,6746,7310
483,2018-05-31,416,6650,7066
483,2018-06-01,476,6986,7462
483,2018-06-02,265,4671,4936
483,2018-06-03,99,4377,4476
483,2018-06-04,446,6200,6646
483,2018-06-05,613,7296,7909
483,2018-06-06,616,6708,7324
483,2018-06-07,376,6420,6796
483,2018-06-09,238,5070,5308
483,2018-06-10,62,3512,3574
483,2018-06-11,458,5872,6330
483,2018-06-12,412,6606,7018
483,2018-06-13,576,7829,8405
483,2018-06-14,464,6556,7020
483,2018-06-15,614,7323,7937
483,2018-06-16,247,4923,5170
483,2018-06-17,90,4352,4442
483,2018-06-18,560,6333,6893
483,2018-06-19,599,7246,7845
483,2018-06-20,622,7095,7717
483,2018-06-21,660,7055,7715
483,2018-06-22,636,7020,7656
483,2018-06-24,83,3761,3844
483,2018-06-25,433,5293,5726
483,2018-06-26,618,6905,7523
483,2018-06-27,629,6876,7505
483,2018-06-28,692,7268,7960
483,2018-06-29,705,7678,8383
483,2018-06-30,257,4933,5190
483,2018-07-01,85,4403,4488
483,2018-07-02,656,7004,7660
483,2018-07-03,631,7193,7824
483,2018-07-04,458,6074,6532
483,2018-07-05,392,6398,6790
483,2018-07-06,595,7484,8079
483,2018-07-08,83,4139,4222
483,2018-07-09,572,6946,7518
483,2018-07-10,579,6679,7258
483,2018-07-11,438,5802,6240
483,2018-07-12,536,7172,7708
483,2018-07-13,548,7407,7955
483,2018-07-14,308,4829,5137
483,2018-07-15,123,3815,3938
483,2018-07-16,464,6002,6466
483,2018-07-17,548,7524,8072
483,2018-07-18,700,8711,9411
483,2018-07-19,709,8524,9233
483,2018-07-20,524,7526,8050
483,2018-07-21,287,4643,4930
483,2018-07-23,478,6654,7132
483,2018-07-24,521,6518,7039
483,2018-07-25,322,5486,5808
483,2018-07-26,356,5462,5818
483,2018-07-27,377,6453,6830
483,2018-07-28,228,4149,4377
483,2018-07-29,92,3613,3705
483,2018-07-30,390,5772,6162
483,2018-07-31,400,5783,6183
483,2018-08-01,254,4724,4978
483,2018-08-02,393,5711,6104
483,2018-08-03,360,5710,6070
483,2018-08-04,203,4117,4320
483,2018-08-06,328,5051,5379
483,2018-08-07,248,4398,4646
483,2018-08-08,220,4514,4734
483,2018-08-09,252,4312,4564
483,2018-08-10,384,5536,5920
483,2018-08-11,205,3840,4045
483,2018-08-12,114,3688,3802
483,2018-08-13,214,4002,4216
483,2018-08-14,327,5036,5363
483,2018-08-15,101,3441,3542
483,2018-08-16,349,5184,5533
483,2018-08-17,453,5172,5625
483,2018-08-18,191,3858,4049
483,2018-08-19,97,3843,3940
483,2018-08-20,369,5840,6209
483,2018-08-21,474,5623,6097
483,2018-08-22,420,5578,5998
483,2018-08-23,411,5766,6177
483,2018-08-24,482,6085,6567
483,2018-08-25,196,3114,3310
483,2018-08-26,81,3604,3685
483,2018-08-27,485,5868,6353
483,2018-08-28,408,5534,5942
483,2018-08-29,454,4850,5304
483,2018-08-30,490,5338,5828
483,2018-08-31,450,5498,5948
483,2018-09-01,288,4636,4924
483,2018-09-02,94,3756,3850
483,2018-09-04,581,6372,6953
483,2018-09-05,544,6320,6864
483,2018-09-06,666,5574,6240
483,2018-09-07,848,7328,8176
483,2018-09-08,240,4276,4516
483,2018-09-09,86,3940,4026
483,2018-09-10,479,6351,6830
483,2018-09-11,483,6736,7219
483,2018-09-12,524,5442,5966
483,2018-09-13,538,5032,5570
483,2018-09-14,698,7896,8594
483,2018-09-15,254,4899,5153
483,2018-09-16,90,4142,4232
483,2018-09-18,511,6671,7182
483,2018-09-19,611,6566,7177
483,2018-09-20,611,6645,7256
483,2018-09-21,482,5680,6162
483,2018-09-22,222,4405,4627
483,2018-09-23,52,2362,2414
483,2018-09-25,640,6950,7590
483,2018-09-26,682,6549,7231
483,2018-09-27,573,7046,7619
483,2018-09-28,508,6254,6762
483,2018-09-29,276,5287,5563
483,2018-09-30,121,5041,5162
483,2018-10-02,636,7035,7671
483,2018-10-03,574,6970,7544
483,2018-10-04,593,7350,7943
483,2018-10-05,591,7270,7861
483,2018-10-06,285,5063,5348
483,2018-10-07,44,2956,3000
483,2018-10-08,620,6834,7454
483,2018-10-09,598,7344,7942
483,2018-10-10,705,7158,7863
483,2018-10-11,681,7178,7859
483,2018-10-12,593,7215,7808
483,2018-10-13,251,4893,5144
483,2018-10-14,71,3982,4053
483,2018-10-16,662,7442,8104
483,2018-10-17,645,6955,7600
483,2018-10-18,639,7535,8174
483,2018-10-19,688,7553,8241
483,2018-10-20,252,5018,5270
483,2018-10-21,77,4008,4085
483,2018-10-22,614,6704,7318
483,2018-10-23,596,7210,7806
483,2018-10-24,642,7002,7644
483,2018-10-25,651,7177,7828
483,2018-10-26,674,7158,7832
483,2018-10-27,299,4686,4985
483,2018-10-28,73,3443,3516
483,2018-10-30,418,5844,6262
483,2018-10-31,581,7209,7790
483,2018-11-01,54,3304,3358
483,2018-11-02,395,5480,5875
483,2018-11-03,220,4354,4574
483,2018-11-04,66,3493,3559
483,2018-11-05,660,6809,7469
483,2018-11-06,468,6564,7032
483,2018-11-07,575,7187,7762
483,2018-11-08,621,7216,7837
483,2018-11-09,579,7129,7708
483,2018-11-10,201,4368,4569
483,2018-11-11,71,3244,3315
483,2018-11-13,693,11402,12095
483,2018-11-14,681,10949,11630
483,2018-11-15,746,11234,11980
483,2018-11-17,257,5753,6010
483,2018-11-18,76,4200,4276
483,2018-11-19,530,8121,8651
483,2018-11-20,692,10820,11512
483,2018-11-21,644,10738,11382
483,2018-11-22,744,11241,11985
483,2018-11-23,841,11101,11942
483,2018-11-24,196,4534,4730
483,2018-11-25,75,4391,4466
483,2018-11-26,600,9527,10127
483,2018-11-27,703,8237,8940
483,2018-11-28,643,7238,7881
483,2018-11-29,617,7708,8325
483,2018-11-30,848,7132,7980
483,2018-12-01,263,4569,4832
483,2018-12-02,70,3240,3310
483,2018-12-04,631,7689,8320
483,2018-12-05,518,6330,6848
483,2018-12-06,606,7458,8064
483,2018-12-07,575,7238,7813
483,2018-12-08,236,4106,4342
483,2018-12-09,50,2504,2554
483,2018-12-10,408,6020,6428
483,2018-12-11,484,6681,7165
483,2018-12-12,462,6050,6512
483,2018-12-13,643,7211,7854
483,2018-12-14,614,6560,7174
483,2018-12-15,281,4484,4765
483,2018-12-16,80,2684,2764
483,2018-12-18,615,7316,7931
483,2018-12-19,587,6846,7433
483,2018-12-20,496,7175,7671
483,2018-12-21,399,7077,7476
483,2018-12-22,148,3392,3540
483,2018-12-23,50,2662,2712
483,2018-12-25,50,2512,2562
483,2018-12-26,62,2356,2418
483,2018-12-27,282,4357,4639
483,2018-12-28,287,4501,4788
483,2018-12-29,186,3306,3492
483,2018-12-30,51,2575,2626
483,2018-12-31,256,3787,4043
484,2018-01-02,172,3089,3261
484,2018-01-03,234,3396,3630
484,2018-01-05,185,3499,3684
484,2018-01-06,81,2675,2756
484,2018-01-07,16,1908,1924
484,2018-01-08,234,3737,3971
484,2018-01-09,291,3979,4270
484,2018-01-10,276,4046,4322
484,2018-01-12,338,3916,4254
484,2018-01-13,102,2996,3098
484,2018-01-14,16,2348,2364
484,2018-01-15,252,3640,3892
484,2018-01-16,356,4524,4880
484,2018-01-17,306,4304,4610
484,2018-01-18,282,3626,3908
484,2018-01-19,288,4409,4697
484,2018-01-20,98,2398,2496
484,2018-01-21,20,1748,1768
484,2018-01-22,220,3424,3644
484,2018-01-23,298,3942,4240
484,2018-01-24,267,3973,4240
484,2018-01-26,335,4175,4510
484,2018-01-27,108,3038,3146
484,2018-01-28,14,2094,2108
484,2018-01-29,326,3952,4278
484,2018-01-30,377,3946,4323
484,2018-01-31,290,4614,4904
484,2018-02-01,324,4031,4355
484,2018-02-02,260,4247,4507
484,2018-02-03,93,2857,2950
484,2018-02-04,28,2114,2142
484,2018-02-05,306,3831,4137
484,2018-02-06,234,3788,4022
484,2018-02-07,287,3909,4196
484,2018-02-08,253,4093,4346
484,2018-02-09,282,4203,4485
484,2018-02-10,91,2623,2714
484,2018-02-11,17,1867,1884
484,2018-02-12,237,3422,3659
484,2018-02-13,252,3902,4154
484,2018-02-14,299,4155,4454
484,2018-02-15,232,3659,3891
484,2018-02-16,222,4234,4456
484,2018-02-17,111,2683,2794
484,2018-02-18,29,2572,2601
484,2018-02-19,270,3688,3958
484,2018-02-20,296,3997,4293
484,2018-02-21,324,4077,4401
484,2018-02-23,323,4141,4464
484,2018-02-24,136,3047,3183
484,2018-02-25,22,2285,2307
484,2018-02-26,282,3756,4038
484,2018-02-27,351,4026,4377
484,2018-02-28,360,4236,4596
484,2018-03-01,269,3825,4094
484,2018-03-02,252,3334,3586
484,2018-03-03,85,2513,2598
484,2018-03-04,43,2226,2269
484,2018-03-05,302,4107,4409
484,2018-03-06,290,4263,4553
484,2018-03-07,341,4258,4599
484,2018-03-09,270,3844,4114
484,2018-03-10,123,3034,3157
484,2018-03-11,16,2024,2040
484,2018-03-12,269,4073,4342
484,2018-03-13,271,4090,4361
484,2018-03-14,307,4540,4847
484,2018-03-15,244,4036,4280
484,2018-03-16,264,4444,4708
484,2018-03-17,85,2876,2961
484,2018-03-18,21,1895,1916
484,2018-03-19,275,4019,4294
484,2018-03-20,319,4229,4548
484,2018-03-21,284,4383,4667
484,2018-03-22,271,4109,4380
484,2018-03-23,332,4284,4616
484,2018-03-24,119,3883,4002
484,2018-03-26,255,4139,4394
484,2018-03-27,309,4454,4763
484,2018-03-31,100,3576,3676
484,2018-04-01,23,2311,2334
484,2018-04-02,22,2359,2381
484,2018-04-03,303,4363,4666
484,2018-04-04,232,3562,3794
484,2018-04-06,298,5043,5341
484,2018-04-07,159,4097,4256
484,2018-04-08,27,3562,3589
484,2018-04-09,257,4283,4540
484,2018-04-10,306,5077,5383
484,2018-04-11,287,4678,4965
484,2018-04-13,325,4622,4947
484,2018-04-14,148,3871,4019
484,2018-04-15,51,3171,3222
484,2018-04-16,443,4436,4879
484,2018-04-17,373,5057,5430
484,2018-04-18,335,4980,5315
484,2018-04-19,335,5646,5981
484,2018-04-20,341,5840,6181
484,2018-04-21,162,5386,5548
484,2018-04-22,22,3457,3479
484,2018-04-23,276,4413,4689
484,2018-04-24,325,4865,5190
484,2018-04-25,517,4505,5022
484,2018-04-27,545,4900,5445
484,2018-04-28,106,3494,3600
484,2018-04-30,276,3643,3919
484,2018-05-01,33,2602,2635
484,2018-05-02,307,4566,4873
484,2018-05-03,343,4722,5065
484,2018-05-04,445,5234,5679
484,2018-05-05,130,4299,4429
484,2018-05-06,40,3962,4002
484,2018-05-07,313,4791,5104
484,2018-05-08,395,6209,6604
484,2018-05-09,289,5262,5551
484,2018-05-11,246,4595,4841
484,2018-05-12,104,4198,4302
484,2018-05-13,22,2014,2036
484,2018-05-14,316,4006,4322
484,2018-05-15,524,5150,5674
484,2018-05-16,443,4472,4915
484,2018-05-18,402,5307,5709
484,2018-05-19,157,3895,4052
484,2018-05-20,32,2396,2428
484,2018-05-21,36,2942,2978
484,2018-05-22,384,4331,4715
484,2018-05-23,290,4382,4672
484,2018-05-24,289,4375,4664
484,2018-05-25,320,5442,5762
484,2018-05-26,144,4279,4423
484,2018-05-27,22,2580,2602
484,2018-05-28,282,4122,4404
484,2018-05-29,318,4681,4999
484,2018-05-30,326,4414,4740
484,2018-05-31,406,4922,5328
484,2018-06-01,346,4562,4908
484,2018-06-02,154,3994,4148
484,2018-06-03,66,3922,3988
484,2018-06-04,460,4072,4532
484,2018-06-05,422,5064,5486
484,2018-06-06,345,4789,5134
484,2018-06-08,296,5058,5354
484,2018-06-09,160,4076,4236
484,2018-06-12,284,4342,4626
484,2018-06-13,337,4818,5155
484,2018-06-14,396,5023,5419
484,2018-06-15,286,5003,5289
484,2018-06-16,134,4304,4438
484,2018-06-17,27,3289,3316
484,2018-06-18,334,4582,4916
484,2018-06-19,315,4818,5133
484,2018-06-20,431,4745,5176
484,2018-06-22,465,5121,5586
484,2018-06-23,87,2745,2832
484,2018-06-24,51,2925,2976
484,2018-06-25,316,3830,4146
484,2018-06-26,387,4914,5301
484,2018-06-27,408,4981,5389
484,2018-06-28,336,5107,5443
484,2018-06-29,363,5301,5664
484,2018-06-30,131,3789,3920
484,2018-07-01,64,3579,3643
484,2018-07-02,422,4555,4977
484,2018-07-03,343,4884,5227
484,2018-07-04,320,4166,4486
484,2018-07-06,358,5045,5403
484,2018-07-07,141,3774,3915
484,2018-07-08,40,3364,3404
484,2018-07-09,315,4639,4954
484,2018-07-10,295,4704,4999
484,2018-07-11,335,4655,4990
484,2018-07-12,342,4706,5048
484,2018-07-13,367,5321,5688
484,2018-07-14,141,3746,3887
484,2018-07-15,64,2778,2842
484,2018-07-16,358,4732,5090
484,2018-07-17,364,5029,5393
484,2018-07-18,481,4985,5466
484,2018-07-20,353,5132,5485
484,2018-07-21,126,3457,3583
484,2018-07-22,43,3309,3352
484,2018-07-23,286,3896,4182
484,2018-07-24,319,4603,4922
484,2018-07-25,326,4478,4804
484,2018-07-26,216,3986,4202
484,2018-07-27,218,4333,4551
484,2018-07-28,100,3130,3230
484,2018-07-29,43,2736,2779
484,2018-07-30,164,3728,3892
484,2018-07-31,180,4026,4206
484,2018-08-01,168,3198,3366
484,2018-08-03,211,3742,3953
484,2018-08-04,102,2953,3055
484,2018-08-05,36,2535,2571
484,2018-08-06,154,3340,3494
484,2018-08-07,174,3006,3180
484,2018-08-09,195,3224,3419
484,2018-08-10,172,3660,3832
484,2018-08-11,96,2898,2994
484,2018-08-12,41,2790,2831
484,2018-08-13,144,2606,2750
484,2018-08-14,160,3345,3505
484,2018-08-15,34,2925,2959
484,2018-08-16,171,3539,3710
484,2018-08-17,183,3487,3670
484,2018-08-18,75,2807,2882
484,2018-08-19,31,2898,2929
484,2018-08-20,207,3714,3921
484,2018-08-21,239,3771,4010
484,2018-08-22,214,3776,3990
484,2018-08-23,201,3816,4017
484,2018-08-24,212,4060,4272
484,2018-08-25,82,2727,2809
484,2018-08-26,31,2626,2657
484,2018-08-27,254,3517,3771
484,2018-08-28,266,4436,4702
484,2018-08-29,258,3080,3338
484,2018-08-31,316,4231,4547
484,2018-09-01,198,4395,4593
484,2018-09-02,30,2766,2796
484,2018-09-03,342,3823,4165
484,2018-09-04,348,3877,4225
484,2018-09-05,330,4024,4354
484,2018-09-06,330,3913,4243
484,2018-09-07,314,4051,4365
484,2018-09-08,116,3477,3593
484,2018-09-09,25,3018,3043
484,2018-09-10,320,4040,4360
484,2018-09-11,369,4199,4568
484,2018-09-12,379,4403,4782
484,2018-09-14,381,5565,5946
484,2018-09-15,155,4213,4368
484,2018-09-16,127,3884,4011
484,2018-09-17,326,4486,4812
484,2018-09-18,366,4623,4989
484,2018-09-19,395,4674,5069
484,2018-09-20,542,5102,5644
484,2018-09-21,548,4610,5158
484,2018-09-22,118,3490,3608
484,2018-09-23,8,2188,2196
484,2018-09-24,405,4191,4596
484,2018-09-25,369,4450,4819
484,2018-09-26,382,4552,4934
484,2018-09-28,367,4761,5128
484,2018-09-29,119,3965,4084
484,2018-09-30,54,4330,4384
484,2018-10-01,351,4088,4439
484,2018-10-02,380,4260,4640
484,2018-10-03,308,4478,4786
484,2018-10-04,324,4766,5090
484,2018-10-05,326,4352,4678
484,2018-10-06,123,3846,3969
484,2018-10-07,32,2382,2414
484,2018-10-08,278,4256,4534
484,2018-10-09,430,4483,4913
484,2018-10-10,421,4545,4966
484,2018-10-12,334,4591,4925
484,2018-10-13,131,3929,4060
484,2018-10-14,16,3091,3107
484,2018-10-15,378,4097,4475
484,2018-10-16,338,4683,5021
484,2018-10-17,284,3900,4184
484,2018-10-18,302,4146,4448
484,2018-10-19,343,4878,5221
484,2018-10-20,64,3220,3284
484,2018-10-21,21,2361,2382
484,2018-10-22,350,4115,4465
484,2018-10-23,422,4484,4906
484,2018-10-24,387,4476,4863
484,2018-10-26,393,4764,5157
484,2018-10-27,160,3504,3664
484,2018-10-28,28,2413,2441
484,2018-10-29,244,3894,4138
484,2018-10-30,240,4092,4332
484,2018-10-31,406,4663,5069
484,2018-11-02,173,3328,3501
484,2018-11-03,106,2938,3044
484,2018-11-04,32,2232,2264
484,2018-11-05,311,4101,4412
484,2018-11-06,394,4391,4785
484,2018-11-07,314,4278,4592
484,2018-11-09,329,4590,4919
484,2018-11-10,114,4648,4762
484,2018-11-11,16,2812,2828
484,2018-11-12,316,3634,3950
484,2018-11-13,514,4464,4978
484,2018-11-14,343,4480,4823
484,2018-11-15,309,4544,4853
484,2018-11-16,369,4688,5057
484,2018-11-17,99,3309,3408
484,2018-11-18,19,2366,2385
484,2018-11-19,242,3950,4192
484,2018-11-20,305,4392,4697
484,2018-11-21,333,4226,4559
484,2018-11-22,469,4201,4670
484,2018-11-23,342,4312,4654
484,2018-11-24,114,3236,3350
484,2018-11-25,23,2779,2802
484,2018-11-26,386,3875,4261
484,2018-11-27,328,4255,4583
484,2018-11-28,284,3632,3916
484,2018-11-30,278,4580,4858
484,2018-12-01,114,2818,2932
484,2018-12-02,20,1918,1938
484,2018-12-04,434,4242,4676
484,2018-12-05,274,3976,4250
484,2018-12-06,246,3986,4232
484,2018-12-07,302,4276,4578
484,2018-12-08,99,2857,2956
484,2018-12-09,20,2060,2080
484,2018-12-10,465,3986,4451
484,2018-12-11,399,4343,4742
484,2018-12-12,399,4039,4438
484,2018-12-14,324,4253,4577
484,2018-12-15,122,2971,3093
484,2018-12-16,25,1678,1703
484,2018-12-17,276,3889,4165
484,2018-12-18,301,4320,4621
484,2018-12-19,326,4166,4492
484,2018-12-20,262,3990,4252
484,2018-12-21,190,4062,4252
484,2018-12-22,70,3054,3124
484,2018-12-23,20,1642,1662
484,2018-12-24,114,3170,3284
484,2018-12-25,8,1857,1865
484,2018-12-26,17,1609,1626
484,2018-12-27,129,2674,2803
484,2018-12-28,149,2774,2923
484,2018-12-29,78,2185,2263
484,2018-12-30,12,1602,1614
484,2018-12-31,88,2525,2613
485,2018-01-01,130,2797,2927
485,2018-01-02,496,6111,6607
485,2018-01-03,403,6085,6488
485,2018-01-04,217,3401,3618
485,2018-01-05,411,6136,6547
485,2018-01-06,267,4794,5061
485,2018-01-07,430,4511,4941
485,2018-01-08,848,8377,9225
485,2018-01-09,748,7892,8640
485,2018-01-10,571,6809,7380
485,2018-01-11,543,7488,8031
485,2018-01-12,765,8158,8923
485,2018-01-13,759,7619,8378
485,2018-01-14,655,5489,6144
485,2018-01-15,596,5518,6114
485,2018-01-22,269,5344,5613
485,2018-01-23,265,5819,6084
485,2018-01-24,188,5365,5553
485,2018-01-25,210,6144,6354
485,2018-01-26,373,6271,6644
485,2018-01-27,227,5546,5773
485,2018-01-28,74,3754,3828
485,2018-01-29,279,5657,5936
485,2018-01-30,406,5774,6180
485,2018-01-31,253,5708,5961
485,2018-02-01,266,6134,6400
485,2018-02-02,260,6088,6348
485,2018-02-03,202,5154,5356
485,2018-02-04,84,3783,3867
485,2018-02-05,283,5571,5854
485,2018-02-06,223,5572,5795
485,2018-02-07,246,5898,6144
485,2018-02-08,237,6157,6394
485,2018-02-09,225,6204,6429
485,2018-02-10,160,4936,5096
485,2018-02-11,67,3547,3614
485,2018-02-12,241,5017,5258
485,2018-02-13,245,5453,5698
485,2018-02-14,236,5583,5819
485,2018-02-15,246,5400,5646
485,2018-02-16,264,5747,6011
485,2018-02-17,165,4902,5067
485,2018-02-18,87,4182,4269
485,2018-02-19,219,5544,5763
485,2018-02-20,281,5967,6248
485,2018-02-21,334,5702,6036
485,2018-02-22,238,6086,6324
485,2018-02-23,320,6397,6717
485,2018-02-24,211,5484,5695
485,2018-02-25,183,3938,4121
485,2018-02-26,277,5426,5703
485,2018-02-27,273,6110,6383
485,2018-02-28,322,5765,6087
485,2018-03-01,314,5902,6216
485,2018-03-02,323,5291,5614
485,2018-03-03,191,5068,5259
485,2018-03-04,79,3740,3819
485,2018-03-05,232,5992,6224
485,2018-03-06,230,6127,6357
485,2018-03-07,224,5908,6132
485,2018-03-08,273,6217,6490
485,2018-03-09,267,6306,6573
485,2018-03-10,218,5549,5767
485,2018-03-11,78,3936,4014
485,2018-03-12,311,5628,5939
485,2018-03-13,253,6041,6294
485,2018-03-14,375,5871,6246
485,2018-03-15,290,6451,6741
485,2018-03-16,345,6493,6838
485,2018-03-17,243,5475,5718
485,2018-03-18,90,3687,3777
485,2018-03-19,358,5482,5840
485,2018-03-20,304,5812,6116
485,2018-03-21,238,5926,6164
485,2018-03-22,264,6056,6320
485,2018-03-23,255,6348,6603
485,2018-03-24,173,5730,5903
485,2018-03-26,229,5794,6023
485,2018-03-27,231,6254,6485
485,2018-03-28,233,6121,6354
485,2018-03-29,241,6490,6731
485,2018-03-30,225,6921,7146
485,2018-03-31,249,5796,6045
485,2018-04-01,71,3875,3946
485,2018-04-02,82,3450,3532
485,2018-04-03,227,5689,5916
485,2018-04-04,224,5262,5486
485,2018-04-05,261,5378,5639
485,2018-04-06,230,5924,6154
485,2018-04-07,239,5810,6049
485,2018-04-08,70,4132,4202
485,2018-04-09,295,5160,5455
485,2018-04-10,253,5866,6119
485,2018-04-11,292,6079,6371
485,2018-04-12,272,6286,6558
485,2018-04-13,224,6280,6504
485,2018-04-14,195,5614,5809
485,2018-04-15,92,4315,4407
485,2018-04-16,291,5948,6239
485,2018-04-17,278,6390,6668
485,2018-04-18,263,6199,6462
485,2018-04-19,290,7802,8092
485,2018-04-20,249,7040,7289
485,2018-04-21,209,7044,7253
485,2018-04-22,86,5009,5095
485,2018-04-23,229,6310,6539
485,2018-04-24,247,6384,6631
485,2018-04-25,276,6131,6407
485,2018-04-26,314,6720,7034
485,2018-04-27,301,6891,7192
485,2018-04-28,179,5974,6153
485,2018-04-29,50,4230,4280
485,2018-04-30,248,6220,6468
485,2018-05-01,74,3670,3744
485,2018-05-02,242,6540,6782
485,2018-05-03,283,6775,7058
485,2018-05-04,298,7369,7667
485,2018-05-05,197,6099,6296
485,2018-05-06,77,4766,4843
485,2018-05-07,268,6259,6527
485,2018-05-08,296,7065,7361
485,2018-05-09,232,6911,7143
485,2018-05-10,68,3450,3518
485,2018-05-11,242,6639,6881
485,2018-05-12,209,5698,5907
485,2018-05-13,88,3961,4049
485,2018-05-14,268,5785,6053
485,2018-05-15,240,6309,6549
485,2018-05-16,247,6190,6437
485,2018-05-17,253,6650,6903
485,2018-05-18,272,6909,7181
485,2018-05-19,189,5377,5566
485,2018-05-20,86,3817,3903
485,2018-05-21,80,3694,3774
485,2018-05-22,286,5857,6143
485,2018-05-23,231,5825,6056
485,2018-05-24,235,6266,6501
485,2018-05-25,242,6578,6820
485,2018-05-26,202,5948,6150
485,2018-05-27,77,4367,4444
485,2018-05-28,236,6255,6491
485,2018-05-29,319,6457,6776
485,2018-05-30,260,6477,6737
485,2018-05-31,246,6838,7084
485,2018-06-01,293,6728,7021
485,2018-06-02,178,6050,6228
485,2018-06-03,80,4682,4762
485,2018-06-04,231,6117,6348
485,2018-06-05,271,5866,6137
485,2018-06-06,244,6696,6940
485,2018-06-07,257,6546,6803
485,2018-06-08,244,6754,6998
485,2018-06-09,172,6457,6629
485,2018-06-10,77,4885,4962
485,2018-06-11,262,5897,6159
485,2018-06-12,265,6414,6679
485,2018-06-13,264,6140,6404
485,2018-06-14,277,6361,6638
485,2018-06-15,244,6499,6743
485,2018-06-16,220,6250,6470
485,2018-06-17,108,4629,4737
485,2018-06-18,245,5868,6113
485,2018-06-19,282,6478,6760
485,2018-06-20,300,6150,6450
485,2018-06-21,256,6465,6721
485,2018-06-22,254,7282,7536
485,2018-06-23,102,4159,4261
485,2018-06-24,83,4221,4304
485,2018-06-25,240,5658,5898
485,2018-06-26,295,6225,6520
485,2018-06-27,248,5964,6212
485,2018-06-28,321,6491,6812
485,2018-06-29,295,6661,6956
485,2018-06-30,206,6066,6272
485,2018-07-01,71,4646,4717
485,2018-07-02,231,6077,6308
485,2018-07-03,300,6332,6632
485,2018-07-04,222,6276,6498
485,2018-07-05,219,6436,6655
485,2018-07-06,250,6671,6921
485,2018-07-07,165,5847,6012
485,2018-07-08,103,4404,4507
485,2018-07-09,239,6366,6605
485,2018-07-10,226,6412,6638
485,2018-07-11,228,6366,6594
485,2018-07-12,222,6336,6558
485,2018-07-13,251,6724,6975
485,2018-07-14,184,5710,5894
485,2018-07-15,74,4451,4525
485,2018-07-16,202,5640,5842
485,2018-07-17,210,5900,6110
485,2018-07-18,214,5929,6143
485,2018-07-19,248,6019,6267
485,2018-07-20,206,6244,6450
485,2018-07-21,169,5024,5193
485,2018-07-22,83,4108,4191
485,2018-07-23,203,5558,5761
485,2018-07-24,271,5933,6204
485,2018-07-25,251,5870,6121
485,2018-07-26,222,6002,6224
485,2018-07-27,229,5757,5986
485,2018-07-28,176,4536,4712
485,2018-07-29,76,3706,3782
485,2018-07-30,173,4912,5085
485,2018-07-31,203,5216,5419
485,2018-08-01,197,4807,5004
485,2018-08-02,203,5084,5287
485,2018-08-03,182,5018,5200
485,2018-08-04,148,3966,4114
485,2018-08-05,57,3203,3260
485,2018-08-06,155,4394,4549
485,2018-08-07,190,4696,4886
485,2018-08-08,200,4674,4874
485,2018-08-09,216,4488,4704
485,2018-08-10,190,4602,4792
485,2018-08-11,170,3933,4103
485,2018-08-12,62,3175,3237
485,2018-08-13,186,4524,4710
485,2018-08-14,180,4605,4785
485,2018-08-15,55,2731,2786
485,2018-08-16,178,4482,4660
485,2018-08-17,185,4582,4767
485,2018-08-18,174,3913,4087
485,2018-08-19,63,3323,3386
485,2018-08-20,185,4508,4693
485,2018-08-21,183,4704,4887
485,2018-08-22,177,5010,5187
485,2018-08-23,195,4826,5021
485,2018-08-24,192,5032,5224
485,2018-08-25,188,4374,4562
485,2018-08-26,65,3597,3662
485,2018-08-27,216,4799,5015
485,2018-08-28,257,5255,5512
485,2018-08-29,247,5044,5291
485,2018-08-30,251,5243,5494
485,2018-08-31,220,5332,5552
485,2018-09-01,165,5118,5283
485,2018-09-02,62,3598,3660
485,2018-09-03,193,4984,5177
485,2018-09-04,204,5345,5549
485,2018-09-05,220,5445,5665
485,2018-09-06,277,5671,5948
485,2018-09-07,224,5762,5986
485,2018-09-08,165,5183,5348
485,2018-09-09,55,4351,4406
485,2018-09-10,222,5379,5601
485,2018-09-11,231,5705,5936
485,2018-09-12,216,5690,5906
485,2018-09-13,240,6012,6252
485,2018-09-14,251,6187,6438
485,2018-09-15,189,5437,5626
485,2018-09-16,75,4448,4523
485,2018-09-17,215,5878,6093
485,2018-09-18,314,6484,6798
485,2018-09-19,270,6014,6284
485,2018-09-20,252,6011,6263
485,2018-09-21,242,5965,6207
485,2018-09-22,171,5568,5739
485,2018-09-23,53,3902,3955
485,2018-09-24,264,5729,5993
485,2018-09-25,298,6213,6511
485,2018-09-26,226,6092,6318
485,2018-09-27,233,6439,6672
485,2018-09-28,258,6646,6904
485,2018-09-29,246,5903,6149
485,2018-09-30,74,4689,4763
485,2018-10-01,226,6237,6463
485,2018-10-02,261,6292,6553
485,2018-10-03,283,6227,6510
485,2018-10-04,301,6357,6658
485,2018-10-05,232,6663,6895
485,2018-10-06,211,6172,6383
485,2018-10-07,80,5262,5342
485,2018-10-08,308,5932,6240
485,2018-10-09,327,6410,6737
485,2018-10-10,269,6074,6343
485,2018-10-11,322,6317,6639
485,2018-10-12,314,6649,6963
485,2018-10-13,209,6060,6269
485,2018-10-14,58,4792,4850
485,2018-10-15,278,5939,6217
485,2018-10-16,272,6079,6351
485,2018-10-17,362,6202,6564
485,2018-10-18,293,6251,6544
485,2018-10-19,300,6835,7135
485,2018-10-20,195,6341,6536
485,2018-10-21,68,4694,4762
485,2018-10-22,303,5816,6119
485,2018-10-23,342,6148,6490
485,2018-10-24,518,5764,6282
485,2018-10-25,424,6118,6542
485,2018-10-26,579,6266,6845
485,2018-10-27,191,5764,5955
485,2018-10-28,63,4276,4339
485,2018-10-29,256,5618,5874
485,2018-10-30,202,5636,5838
485,2018-11-01,51,4340,4391
485,2018-11-02,177,5525,5702
485,2018-11-03,182,5086,5268
485,2018-11-04,58,4094,4152
485,2018-11-05,221,5706,5927
485,2018-11-06,264,5947,6211
485,2018-11-07,265,5707,5972
485,2018-11-08,249,6271,6520
485,2018-11-09,262,6807,7069
485,2018-11-10,233,9172,9405
485,2018-11-11,98,5982,6080
485,2018-11-12,322,6123,6445
485,2018-11-13,241,6560,6801
485,2018-11-14,275,6280,6555
485,2018-11-15,284,6349,6633
485,2018-11-16,303,6766,7069
485,2018-11-17,227,5781,6008
485,2018-11-18,74,4159,4233
485,2018-11-19,254,6152,6406
485,2018-11-20,328,6175,6503
485,2018-11-21,252,6094,6346
485,2018-11-22,326,6387,6713
485,2018-11-23,321,6504,6825
485,2018-11-24,187,8087,8274
485,2018-11-25,99,8160,8259
485,2018-11-26,287,5673,5960
485,2018-11-27,336,5959,6295
485,2018-11-28,211,5883,6094
485,2018-11-29,249,6186,6435
485,2018-11-30,327,6343,6670
485,2018-12-01,332,5286,5618
485,2018-12-02,69,3966,4035
485,2018-12-03,278,5612,5890
485,2018-12-04,258,6204,6462
485,2018-12-05,233,6143,6376
485,2018-12-06,248,6248,6496
485,2018-12-07,233,6407,6640
485,2018-12-08,168,5629,5797
485,2018-12-09,58,4278,4336
485,2018-12-10,238,5735,5973
485,2018-12-11,302,6074,6376
485,2018-12-12,251,5886,6137
485,2018-12-13,250,6289,6539
485,2018-12-14,222,6433,6655
485,2018-12-15,224,5680,5904
485,2018-12-16,84,3958,4042
485,2018-12-17,215,5827,6042
485,2018-12-18,272,6208,6480
485,2018-12-19,248,6166,6414
485,2018-12-20,222,6274,6496
485,2018-12-21,224,6606,6830
485,2018-12-22,146,5464,5610
485,2018-12-23,55,3824,3879
485,2018-12-24,176,5341,5517
485,2018-12-25,50,3220,3270
485,2018-12-26,55,3037,3092
485,2018-12-27,191,4782,4973
485,2018-12-28,244,4912,5156
485,2018-12-29,200,4235,4435
485,2018-12-30,62,3531,3593
485,2018-12-31,176,4627,4803
486,2018-02-22,344,14319,14663
486,2018-02-23,395,14674,15069
486,2018-02-24,336,13855,14191
486,2018-02-25,176,10313,10489
486,2018-02-26,415,13550,13965
486,2018-02-27,450,14015,14465
486,2018-02-28,432,13941,14373
486,2018-03-01,425,14225,14650
486,2018-03-02,424,13160,13584
486,2018-03-03,331,13359,13690
486,2018-03-04,193,10386,10579
486,2018-03-05,416,13632,14048
486,2018-03-06,424,13911,14335
486,2018-03-07,392,13600,13992
486,2018-03-08,416,13810,14226
486,2018-03-09,456,14646,15102
486,2018-03-10,338,14515,14853
486,2018-03-11,167,11008,11175
486,2018-03-12,416,13514,13930
486,2018-03-13,426,14075,14501
486,2018-03-14,446,14401,14847
486,2018-03-15,430,13753,14183
486,2018-03-16,450,15329,15779
486,2018-03-17,350,14329,14679
486,2018-03-18,195,9638,9833
486,2018-03-19,461,13605,14066
486,2018-03-20,458,14233,14691
486,2018-03-21,434,14346,14780
486,2018-03-22,437,13713,14150
486,2018-03-23,437,15136,15573
486,2018-03-24,356,14721,15077
486,2018-03-26,436,14254,14690
486,2018-03-27,427,14482,14909
486,2018-03-31,369,14457,14826
486,2018-04-01,198,10436,10634
486,2018-04-02,209,9767,9976
486,2018-04-03,402,13467,13869
486,2018-04-05,422,13551,13973
486,2018-04-06,406,14363,14769
486,2018-04-07,368,14253,14621
486,2018-04-08,171,12397,12568
486,2018-04-09,387,13348,13735
486,2018-04-10,384,14331,14715
486,2018-04-12,436,14330,14766
486,2018-04-13,402,14913,15315
486,2018-04-14,368,14351,14719
486,2018-04-15,192,11778,11970
486,2018-04-16,439,14117,14556
486,2018-04-17,448,14731,15179
486,2018-04-18,450,14796,15246
486,2018-04-19,478,15019,15497
486,2018-04-20,468,15849,16317
486,2018-04-21,346,15160,15506
486,2018-04-22,202,12545,12747
486,2018-04-23,443,14533,14976
486,2018-04-24,474,14942,15416
486,2018-04-25,434,14301,14735
486,2018-04-26,462,14805,15267
486,2018-04-27,429,15867,16296
486,2018-04-28,339,14898,15237
486,2018-04-29,184,10748,10932
486,2018-04-30,408,14253,14661
486,2018-05-01,173,10082,10255
486,2018-05-03,455,14979,15434
486,2018-05-04,452,16074,16526
486,2018-05-05,381,15698,16079
486,2018-05-06,189,12840,13029
486,2018-05-07,435,14940,15375
486,2018-05-08,437,16376,16813
486,2018-05-09,453,16031,16484
486,2018-05-10,190,10728,10918
486,2018-05-11,419,15695,16114
486,2018-05-12,351,14913,15264
486,2018-05-13,198,11646,11844
486,2018-05-14,478,16190,16668
486,2018-05-15,444,15581,16025
486,2018-05-17,462,15531,15993
486,2018-05-18,456,16475,16931
486,2018-05-19,452,14937,15389
486,2018-05-20,260,11884,12144
486,2018-05-21,250,11390,11640
486,2018-05-22,496,14722,15218
486,2018-05-24,532,14575,15107
486,2018-05-25,534,15784,16318
486,2018-05-26,481,14738,15219
486,2018-05-27,247,11736,11983
486,2018-05-28,448,16370,16818
486,2018-05-29,440,15136,15576
486,2018-05-30,438,15430,15868
486,2018-05-31,449,15501,15950
486,2018-06-01,436,16184,16620
486,2018-06-02,346,15508,15854
486,2018-06-03,193,12339,12532
486,2018-06-04,467,14781,15248
486,2018-06-05,435,15326,15761
486,2018-06-07,492,18744,19236
486,2018-06-08,498,18114,18612
486,2018-06-09,360,16382,16742
486,2018-06-10,188,12620,12808
486,2018-06-11,444,15608,16052
486,2018-06-12,470,16198,16668
486,2018-06-13,429,14775,15204
486,2018-06-14,435,14855,15290
486,2018-06-15,453,16115,16568
486,2018-06-16,323,15097,15420
486,2018-06-17,210,11765,11975
486,2018-06-18,423,14932,15355
486,2018-06-19,444,15373,15817
486,2018-06-21,434,15486,15920
486,2018-06-22,469,15964,16433
486,2018-06-23,185,12454,12639
486,2018-06-24,178,11065,11243
486,2018-06-25,448,14615,15063
486,2018-06-26,420,15138,15558
486,2018-06-27,455,15149,15604
486,2018-06-28,436,15697,16133
486,2018-06-29,447,16444,16891
486,2018-06-30,358,15747,16105
486,2018-07-01,190,12625,12815
486,2018-07-02,335,9769,10104
486,2018-07-03,417,15817,16234
486,2018-07-04,460,15541,16001
486,2018-07-05,456,16792,17248
486,2018-07-06,466,16221,16687
486,2018-07-07,348,15568,15916
486,2018-07-08,182,11980,12162
486,2018-07-09,429,14615,15044
486,2018-07-11,391,15511,15902
486,2018-07-12,391,15567,15958
486,2018-07-13,382,16372,16754
486,2018-07-14,322,16592,16914
486,2018-07-15,181,11039,11220
486,2018-07-16,383,14140,14523
486,2018-07-17,390,14110,14500
486,2018-07-18,384,14341,14725
486,2018-07-19,394,14454,14848
486,2018-07-20,392,14683,15075
486,2018-07-21,331,13511,13842
486,2018-07-22,163,10782,10945
486,2018-07-23,430,14102,14532
486,2018-07-25,421,14354,14775
486,2018-07-26,392,14919,15311
486,2018-07-27,377,14272,14649
486,2018-07-28,330,12727,13057
486,2018-07-29,175,10531,10706
486,2018-07-30,349,12489,12838
486,2018-07-31,366,12307,12673
486,2018-08-01,428,13326,13754
486,2018-08-02,366,12167,12533
486,2018-08-03,373,12393,12766
486,2018-08-04,317,10204,10521
486,2018-08-05,148,8653,8801
486,2018-08-06,360,10883,11243
486,2018-08-08,454,11584,12038
486,2018-08-09,386,10912,11298
486,2018-08-10,420,11313,11733
486,2018-08-11,334,10131,10465
486,2018-08-12,152,8592,8744
486,2018-08-13,390,11108,11498
486,2018-08-14,373,11145,11518
486,2018-08-15,133,7825,7958
486,2018-08-16,386,11292,11678
486,2018-08-17,392,11507,11899
486,2018-08-18,315,10186,10501
486,2018-08-19,132,8759,8891
486,2018-08-20,401,11896,12297
486,2018-08-21,381,12309,12690
486,2018-08-22,391,10800,11191
486,2018-08-23,389,10660,11049
486,2018-08-24,399,10855,11254
486,2018-08-25,379,10241,10620
486,2018-08-26,177,8410,8587
486,2018-08-27,454,10628,11082
486,2018-08-28,469,11014,11483
486,2018-08-29,764,9944,10708
486,2018-08-30,477,10951,11428
486,2018-08-31,509,11748,12257
486,2018-09-01,390,11009,11399
486,2018-09-02,179,8582,8761
486,2018-09-03,485,10725,11210
486,2018-09-05,433,11218,11651
486,2018-09-06,474,11694,12168
486,2018-09-07,383,11680,12063
486,2018-09-08,313,10379,10692
486,2018-09-09,185,9251,9436
486,2018-09-10,385,11204,11589
486,2018-09-12,368,11687,12055
486,2018-09-13,330,11624,11954
486,2018-09-14,363,12012,12375
486,2018-09-15,416,12663,13079
486,2018-09-16,216,11254,11470
486,2018-09-17,340,13687,14027
486,2018-09-19,423,13602,14025
486,2018-09-20,392,13575,13967
486,2018-09-21,402,14239,14641
486,2018-09-22,326,13486,13812
486,2018-09-23,135,9150,9285
486,2018-09-24,396,13271,13667
486,2018-09-25,379,13764,14143
486,2018-09-26,394,13825,14219
486,2018-09-27,408,14247,14655
486,2018-09-28,402,14958,15360
486,2018-09-29,315,14358,14673
486,2018-09-30,146,11092,11238
486,2018-10-01,372,14046,14418
486,2018-10-03,403,14016,14419
486,2018-10-04,445,14414,14859
486,2018-10-05,399,15338,15737
486,2018-10-06,307,14273,14580
486,2018-10-07,157,11117,11274
486,2018-10-08,377,13465,13842
486,2018-10-09,366,14018,14384
486,2018-10-10,403,13906,14309
486,2018-10-11,393,14697,15090
486,2018-10-12,418,15233,15651
486,2018-10-13,311,14676,14987
486,2018-10-14,128,11308,11436
486,2018-10-15,379,13779,14158
486,2018-10-17,410,13998,14408
486,2018-10-18,405,14495,14900
486,2018-10-19,421,14963,15384
486,2018-10-20,339,14366,14705
486,2018-10-21,163,11604,11767
486,2018-10-22,391,13450,13841
486,2018-10-23,412,13794,14206
486,2018-10-24,438,13592,14030
486,2018-10-25,406,14155,14561
486,2018-10-27,336,13372,13708
486,2018-10-28,142,10059,10201
486,2018-10-29,418,15182,15600
486,2018-10-30,402,14660,15062
486,2018-10-31,359,14423,14782
486,2018-11-01,133,9924,10057
486,2018-11-03,318,12768,13086
486,2018-11-04,151,10883,11034
486,2018-11-05,387,13807,14194
486,2018-11-06,407,14401,14808
486,2018-11-07,417,14028,14445
486,2018-11-08,415,14166,14581
486,2018-11-10,324,14588,14912
486,2018-11-11,140,10686,10826
486,2018-11-12,403,13796,14199
486,2018-11-13,409,14567,14976
486,2018-11-14,407,14403,14810
486,2018-11-15,423,14251,14674
486,2018-11-16,406,15087,15493
486,2018-11-17,311,13991,14302
486,2018-11-18,149,10931,11080
486,2018-11-19,478,15310,15788
486,2018-11-20,424,14344,14768
486,2018-11-21,428,13939,14367
486,2018-11-22,402,14357,14759
486,2018-11-23,381,15299,15680
486,2018-11-24,300,14356,14656
486,2018-11-25,142,11055,11197
486,2018-11-26,392,13732,14124
486,2018-11-27,387,13788,14175
486,2018-11-28,357,14093,14450
486,2018-11-29,401,14511,14912
486,2018-12-01,292,13820,14112
486,2018-12-02,125,10334,10459
486,2018-12-03,336,13434,13770
486,2018-12-04,387,14493,14880
486,2018-12-05,398,14450,14848
486,2018-12-06,407,14424,14831
486,2018-12-07,388,14790,15178
486,2018-12-08,299,13864,14163
486,2018-12-09,127,10013,10140
486,2018-12-10,429,13847,14276
486,2018-12-11,430,14483,14913
486,2018-12-12,445,14398,14843
486,2018-12-13,447,14419,14866
486,2018-12-15,328,14577,14905
486,2018-12-16,126,9818,9944
486,2018-12-17,401,13695,14096
486,2018-12-18,402,14782,15184
486,2018-12-19,375,14363,14738
486,2018-12-20,335,15403,15738
486,2018-12-21,337,15621,15958
486,2018-12-22,315,13407,13722
486,2018-12-23,135,10061,10196
486,2018-12-24,295,12801,13096
486,2018-12-25,100,7313,7413
486,2018-12-26,113,7814,7927
486,2018-12-27,338,11937,12275
486,2018-12-28,347,12068,12415
486,2018-12-29,313,11170,11483
486,2018-12-30,129,9087,9216
486,2018-12-31,316,11729,12045
487,2018-01-01,46,4498,4544
487,2018-01-02,321,7223,7544
487,2018-01-03,332,7610,7942
487,2018-01-04,340,7824,8164
487,2018-01-05,345,8380,8725
487,2018-01-06,390,6434,6824
487,2018-01-07,73,4924,4997
487,2018-01-08,228,8666,8894
487,2018-01-09,230,9170,9400
487,2018-01-10,214,8982,9196
487,2018-01-12,204,9430,9634
487,2018-01-13,403,6709,7112
487,2018-01-14,67,5502,5569
487,2018-01-15,348,8616,8964
487,2018-01-16,362,9136,9498
487,2018-01-17,272,8508,8780
487,2018-01-18,213,8950,9163
487,2018-01-19,217,9172,9389
487,2018-01-20,130,6640,6770
487,2018-01-21,61,5204,5265
487,2018-01-22,202,8474,8676
487,2018-01-23,201,8912,9113
487,2018-01-24,230,8841,9071
487,2018-01-26,232,9198,9430
487,2018-01-27,136,7180,7316
487,2018-01-28,58,5178,5236
487,2018-01-29,314,8641,8955
487,2018-01-30,307,8993,9300
487,2018-01-31,368,8579,8947
487,2018-02-01,282,9001,9283
487,2018-02-02,292,8797,9089
487,2018-02-03,271,7224,7495
487,2018-02-04,60,5196,5256
487,2018-02-05,327,8441,8768
487,2018-02-06,192,7606,7798
487,2018-02-07,274,8550,8824
487,2018-02-09,300,8660,8960
487,2018-02-10,138,6388,6526
487,2018-02-11,57,4568,4625
487,2018-02-12,166,7521,7687
487,2018-02-13,313,8264,8577
487,2018-02-14,355,8248,8603
487,2018-02-15,321,7853,8174
487,2018-02-16,350,8348,8698
487,2018-02-17,213,6302,6515
487,2018-02-18,57,5509,5566
487,2018-02-19,305,8298,8603
487,2018-02-20,385,8772,9157
487,2018-02-21,378,8726,9104
487,2018-02-23,391,9370,9761
487,2018-02-24,151,6970,7121
487,2018-02-25,66,5329,5395
487,2018-02-26,207,8214,8421
487,2018-02-27,355,8770,9125
487,2018-02-28,400,8666,9066
487,2018-03-01,197,8592,8789
487,2018-03-02,172,7364,7536
487,2018-03-03,141,6592,6733
487,2018-03-04,74,5022,5096
487,2018-03-05,203,8886,9089
487,2018-03-06,212,9253,9465
487,2018-03-07,217,8861,9078
487,2018-03-09,212,9250,9462
487,2018-03-10,143,7374,7517
487,2018-03-11,58,5617,5675
487,2018-03-12,212,8849,9061
487,2018-03-13,261,9129,9390
487,2018-03-14,238,9333,9571
487,2018-03-15,273,8945,9218
487,2018-03-16,399,9730,10129
487,2018-03-17,374,7162,7536
487,2018-03-18,65,4876,4941
487,2018-03-19,365,8391,8756
487,2018-03-20,245,9115,9360
487,2018-03-21,221,8936,9157
487,2018-03-22,222,8879,9101
487,2018-03-23,332,9441,9773
487,2018-03-24,382,7690,8072
487,2018-03-26,382,8945,9327
487,2018-03-27,278,9278,9556
487,2018-03-28,310,9292,9602
487,2018-03-31,406,7457,7863
487,2018-04-01,64,5498,5562
487,2018-04-02,66,5086,5152
487,2018-04-03,58,3755,3813
487,2018-04-04,31,2457,2488
487,2018-04-06,2,2099,2101
487,2018-04-07,2,2036,2038
487,2018-04-08,204,3772,3976
487,2018-04-09,289,6125,6414
487,2018-04-10,302,7096,7398
487,2018-04-11,372,7995,8367
487,2018-04-13,365,8451,8816
487,2018-04-14,390,6874,7264
487,2018-04-15,236,6193,6429
487,2018-04-16,289,8667,8956
487,2018-04-17,290,9385,9675
487,2018-04-18,281,9419,9700
487,2018-04-19,248,10579,10827
487,2018-04-20,198,10121,10319
487,2018-04-21,185,8081,8266
487,2018-04-22,74,6151,6225
487,2018-04-23,252,9153,9405
487,2018-04-24,261,9668,9929
487,2018-04-25,279,9363,9642
487,2018-04-27,231,9878,10109
487,2018-04-28,158,7972,8130
487,2018-04-29,46,5740,5786
487,2018-04-30,230,8172,8402
487,2018-05-01,64,5253,5317
487,2018-05-02,267,9635,9902
487,2018-05-03,306,9901,10207
487,2018-05-04,313,10441,10754
487,2018-05-05,384,9000,9384
487,2018-05-06,178,7587,7765
487,2018-05-07,280,10415,10695
487,2018-05-08,285,11031,11316
487,2018-05-09,282,11059,11341
487,2018-05-11,336,9950,10286
487,2018-05-12,398,8021,8419
487,2018-05-13,288,6420,6708
487,2018-05-14,302,10628,10930
487,2018-05-15,284,10076,10360
487,2018-05-16,280,9726,10006
487,2018-05-18,279,10263,10542
487,2018-05-19,283,7377,7660
487,2018-05-20,170,5534,5704
487,2018-05-21,48,5448,5496
487,2018-05-22,272,8800,9072
487,2018-05-23,218,8632,8850
487,2018-05-25,295,9570,9865
487,2018-05-26,381,7764,8145
487,2018-05-27,156,6084,6240
487,2018-05-28,328,9562,9890
487,2018-05-29,356,10018,10374
487,2018-05-30,268,10092,10360
487,2018-05-31,304,10374,10678
487,2018-06-01,316,9528,9844
487,2018-06-02,282,8015,8297
487,2018-06-03,131,6339,6470
487,2018-06-04,322,9386,9708
487,2018-06-05,315,9681,9996
487,2018-06-06,344,9700,10044
487,2018-06-08,340,10150,10490
487,2018-06-09,310,8428,8738
487,2018-06-10,54,6604,6658
487,2018-06-11,314,9174,9488
487,2018-06-12,288,9624,9912
487,2018-06-13,235,9690,9925
487,2018-06-14,288,9874,10162
487,2018-06-15,347,10209,10556
487,2018-06-16,367,7397,7764
487,2018-06-17,134,6277,6411
487,2018-06-18,225,9542,9767
487,2018-06-19,236,9858,10094
487,2018-06-20,237,9650,9887
487,2018-06-22,341,9584,9925
487,2018-06-23,214,5873,6087
487,2018-06-24,168,5555,5723
487,2018-06-25,287,9019,9306
487,2018-06-26,274,9198,9472
487,2018-06-27,307,9064,9371
487,2018-06-28,298,9888,10186
487,2018-06-29,349,9984,10333
487,2018-06-30,384,7712,8096
487,2018-07-01,129,6186,6315
487,2018-07-02,291,9259,9550
487,2018-07-03,285,10187,10472
487,2018-07-04,210,9766,9976
487,2018-07-06,327,9737,10064
487,2018-07-07,391,7948,8339
487,2018-07-08,140,5965,6105
487,2018-07-09,223,9270,9493
487,2018-07-10,198,9699,9897
487,2018-07-11,194,9530,9724
487,2018-07-12,189,9818,10007
487,2018-07-13,267,10010,10277
487,2018-07-14,292,7886,8178
487,2018-07-15,145,5873,6018
487,2018-07-16,184,8792,8976
487,2018-07-17,193,8848,9041
487,2018-07-18,157,9168,9325
487,2018-07-20,192,8991,9183
487,2018-07-21,169,6751,6920
487,2018-07-22,64,5441,5505
487,2018-07-23,189,8288,8477
487,2018-07-24,201,8676,8877
487,2018-07-25,195,8651,8846
487,2018-07-26,182,8560,8742
487,2018-07-27,208,8267,8475
487,2018-07-28,305,6285,6590
487,2018-07-29,141,5168,5309
487,2018-07-30,205,7226,7431
487,2018-07-31,240,7390,7630
487,2018-08-01,158,7302,7460
487,2018-08-03,164,7012,7176
487,2018-08-04,129,4644,4773
487,2018-08-05,45,4159,4204
487,2018-08-06,164,6321,6485
487,2018-08-07,150,6454,6604
487,2018-08-08,244,6368,6612
487,2018-08-09,168,6299,6467
487,2018-08-10,154,6376,6530
487,2018-08-11,150,5151,5301
487,2018-08-12,46,4189,4235
487,2018-08-13,146,5952,6098
487,2018-08-14,172,6247,6419
487,2018-08-15,47,4013,4060
487,2018-08-16,167,6310,6477
487,2018-08-17,207,6397,6604
487,2018-08-18,268,4884,5152
487,2018-08-19,122,4486,4608
487,2018-08-20,167,6709,6876
487,2018-08-21,164,7316,7480
487,2018-08-22,165,7233,7398
487,2018-08-23,166,7186,7352
487,2018-08-24,235,7290,7525
487,2018-08-25,263,5725,5988
487,2018-08-26,136,4804,4940
487,2018-08-27,209,7389,7598
487,2018-08-28,218,7896,8114
487,2018-08-29,162,7512,7674
487,2018-09-14,184,8941,9125
487,2018-09-15,160,7382,7542
487,2018-09-16,55,6015,6070
487,2018-09-17,190,9031,9221
487,2018-09-18,210,9646,9856
487,2018-09-19,239,9407,9646
487,2018-09-20,225,9193,9418
487,2018-09-21,236,9748,9984
487,2018-09-22,160,7988,8148
487,2018-09-23,48,5222,5270
487,2018-09-24,269,9038,9307
487,2018-09-25,282,9645,9927
487,2018-09-26,270,9276,9546
487,2018-09-28,279,9903,10182
487,2018-09-29,170,8058,8228
487,2018-09-30,196,6134,6330
487,2018-10-01,292,9424,9716
487,2018-10-02,278,9853,10131
487,2018-10-03,209,9330,9539
487,2018-10-04,259,9587,9846
487,2018-10-05,276,9917,10193
487,2018-10-06,157,7925,8082
487,2018-10-07,48,5118,5166
487,2018-10-08,317,9188,9505
487,2018-10-09,297,9602,9899
487,2018-10-10,273,9433,9706
487,2018-10-12,246,9769,10015
487,2018-10-13,262,8003,8265
487,2018-10-14,58,6066,6124
487,2018-10-15,251,9121,9372
487,2018-10-16,250,9311,9561
487,2018-10-17,236,9549,9785
487,2018-10-18,251,9548,9799
487,2018-10-19,291,9767,10058
487,2018-10-20,255,7831,8086
487,2018-10-21,56,6087,6143
487,2018-10-22,264,8835,9099
487,2018-10-23,249,9313,9562
487,2018-10-24,277,9079,9356
487,2018-10-26,235,9748,9983
487,2018-10-27,389,7554,7943
487,2018-10-28,351,5526,5877
487,2018-10-29,506,8640,9146
487,2018-10-30,522,8532,9054
487,2018-10-31,463,9154,9617
487,2018-11-02,474,7536,8010
487,2018-11-03,420,6631,7051
487,2018-11-04,49,5445,5494
487,2018-11-05,300,8861,9161
487,2018-11-06,241,9435,9676
487,2018-11-07,285,9082,9367
487,2018-11-09,298,9870,10168
487,2018-11-10,304,9649,9953
487,2018-11-11,69,6924,6993
487,2018-11-12,326,9138,9464
487,2018-11-13,279,9728,10007
487,2018-11-14,381,9370,9751
487,2018-11-15,372,9593,9965
487,2018-11-16,355,9774,10129
487,2018-11-17,156,7542,7698
487,2018-11-18,55,5786,5841
487,2018-11-19,252,9000,9252
487,2018-11-20,299,9412,9711
487,2018-11-21,261,9021,9282
487,2018-11-22,278,9577,9855
487,2018-11-23,289,9866,10155
487,2018-11-24,198,8778,8976
487,2018-11-25,65,6698,6763
487,2018-11-26,253,8929,9182
487,2018-11-27,193,9220,9413
487,2018-11-28,183,9098,9281
487,2018-11-30,215,9714,9929
487,2018-12-01,138,7290,7428
487,2018-12-02,51,5509,5560
487,2018-12-03,206,8710,8916
487,2018-12-04,213,9445,9658
487,2018-12-05,241,9091,9332
487,2018-12-06,231,9536,9767
487,2018-12-07,204,9576,9780
487,2018-12-08,159,7336,7495
487,2018-12-09,52,5422,5474
487,2018-12-10,272,8857,9129
487,2018-12-11,282,9156,9438
487,2018-12-12,280,9092,9372
487,2018-12-14,336,9562,9898
487,2018-12-15,173,7493,7666
487,2018-12-16,50,5048,5098
487,2018-12-17,282,9054,9336
487,2018-12-18,263,9493,9756
487,2018-12-19,216,9332,9548
487,2018-12-20,206,9499,9705
487,2018-12-21,216,9344,9560
487,2018-12-22,140,7056,7196
487,2018-12-23,88,4959,5047
487,2018-12-24,142,7340,7482
487,2018-12-25,39,4517,4556
487,2018-12-26,75,4326,4401
487,2018-12-27,168,6431,6599
487,2018-12-28,169,6590,6759
487,2018-12-29,135,5583,5718
487,2018-12-30,48,4706,4754
487,2018-12-31,144,6132,6276
488,2018-01-01,48,2462,2510
488,2018-01-02,330,4065,4395
488,2018-01-03,358,4232,4590
488,2018-01-04,398,4350,4748
488,2018-01-05,361,4765,5126
488,2018-01-06,375,3515,3890
488,2018-01-07,47,2892,2939
488,2018-01-08,264,4966,5230
488,2018-01-09,269,5191,5460
488,2018-01-10,249,5170,5419
488,2018-01-12,256,5569,5825
488,2018-01-13,436,4099,4535
488,2018-01-14,56,3075,3131
488,2018-01-15,384,4742,5126
488,2018-01-16,356,4962,5318
488,2018-01-17,307,4968,5275
488,2018-01-18,236,4862,5098
488,2018-01-19,250,5294,5544
488,2018-01-20,128,3614,3742
488,2018-01-21,53,2897,2950
488,2018-01-22,252,4887,5139
488,2018-01-23,270,5089,5359
488,2018-01-24,254,5055,5309
488,2018-01-26,269,5480,5749
488,2018-01-27,156,3853,4009
488,2018-01-28,48,2976,3024
488,2018-01-29,356,5082,5438
488,2018-01-30,340,5225,5565
488,2018-01-31,384,4920,5304
488,2018-02-01,317,5292,5609
488,2018-02-02,343,5690,6033
488,2018-02-03,282,3882,4164
488,2018-02-04,48,3000,3048
488,2018-02-05,358,5049,5407
488,2018-02-06,186,4588,4774
488,2018-02-07,290,4847,5137
488,2018-02-09,345,5065,5410
488,2018-02-10,144,3514,3658
488,2018-02-11,50,2596,2646
488,2018-02-12,190,4477,4667
488,2018-02-13,395,4790,5185
488,2018-02-14,389,4672,5061
488,2018-02-15,368,4643,5011
488,2018-02-16,395,4849,5244
488,2018-02-17,217,3454,3671
488,2018-02-18,45,3022,3067
488,2018-02-19,336,4918,5254
488,2018-02-21,422,5059,5481
488,2018-02-23,441,5343,5784
488,2018-02-24,160,3792,3952
488,2018-02-25,69,3732,3801
488,2018-02-26,242,4732,4974
488,2018-02-27,384,4926,5310
488,2018-02-28,440,4917,5357
488,2018-03-01,229,4847,5076
488,2018-03-02,194,4279,4473
488,2018-03-03,153,3705,3858
488,2018-03-04,60,2845,2905
488,2018-03-05,236,4988,5224
488,2018-03-06,210,5202,5412
488,2018-03-07,201,5030,5231
488,2018-03-09,205,5267,5472
488,2018-03-10,161,4096,4257
488,2018-03-11,57,3147,3204
488,2018-03-12,228,5112,5340
488,2018-03-13,292,5319,5611
488,2018-03-14,263,5579,5842
488,2018-03-15,216,5223,5439
488,2018-03-16,425,5642,6067
488,2018-03-17,384,3912,4296
488,2018-03-18,53,2809,2862
488,2018-03-19,386,4873,5259
488,2018-03-20,248,5346,5594
488,2018-03-21,221,5258,5479
488,2018-03-22,231,5134,5365
488,2018-03-23,322,5507,5829
488,2018-03-24,393,4280,4673
488,2018-03-26,414,5164,5578
488,2018-03-27,315,5357,5672
488,2018-03-28,400,5356,5756
488,2018-03-31,396,4076,4472
488,2018-04-01,59,3106,3165
488,2018-04-02,60,2895,2955
488,2018-04-03,292,1604,1896
488,2018-04-04,304,1274,1578
488,2018-04-06,314,1860,2174
488,2018-04-07,251,1571,1822
488,2018-04-08,225,2026,2251
488,2018-04-09,326,3516,3842
488,2018-04-10,362,4290,4652
488,2018-04-11,427,4519,4946
488,2018-04-13,413,4825,5238
488,2018-04-14,395,3848,4243
488,2018-04-15,230,4106,4336
488,2018-04-16,333,4927,5260
488,2018-04-17,325,5438,5763
488,2018-04-18,309,5571,5880
488,2018-04-19,289,6210,6499
488,2018-04-20,210,5892,6102
488,2018-04-21,186,4302,4488
488,2018-04-22,58,3287,3345
488,2018-04-23,254,5174,5428
488,2018-04-24,287,5584,5871
488,2018-04-25,246,5386,5632
488,2018-04-27,250,5629,5879
488,2018-04-28,166,4079,4245
488,2018-04-29,52,3146,3198
488,2018-04-30,238,4590,4828
488,2018-05-01,52,2964,3016
488,2018-05-02,300,5549,5849
488,2018-05-03,326,5558,5884
488,2018-05-04,340,5814,6154
488,2018-05-05,420,4356,4776
488,2018-05-06,183,4819,5002
488,2018-05-07,296,5481,5777
488,2018-05-08,363,6073,6436
488,2018-05-09,355,6082,6437
488,2018-05-11,372,5114,5486
488,2018-05-12,418,3699,4117
488,2018-05-13,289,3003,3292
488,2018-05-14,352,5008,5360
488,2018-05-15,344,5726,6070
488,2018-05-16,336,5578,5914
488,2018-05-18,334,5772,6106
488,2018-05-19,310,3925,4235
488,2018-05-20,170,3222,3392
488,2018-05-21,52,3068,3120
488,2018-05-22,288,5162,5450
488,2018-05-23,240,5310,5550
488,2018-05-25,305,5586,5891
488,2018-05-26,407,4222,4629
488,2018-05-27,139,3511,3650
488,2018-05-28,368,5472,5840
488,2018-05-29,380,5672,6052
488,2018-05-30,334,5932,6266
488,2018-05-31,353,5862,6215
488,2018-06-01,372,5978,6350
488,2018-06-02,311,4338,4649
488,2018-06-03,126,3454,3580
488,2018-06-04,375,5551,5926
488,2018-06-05,377,6709,7086
488,2018-06-06,380,5360,5740
488,2018-06-08,408,5518,5926
488,2018-06-09,326,4504,4830
488,2018-06-10,50,3398,3448
488,2018-06-11,354,4870,5224
488,2018-06-12,318,5284,5602
488,2018-06-13,282,5336,5618
488,2018-06-14,347,5388,5735
488,2018-06-15,373,5713,6086
488,2018-06-16,434,3937,4371
488,2018-06-17,134,3417,3551
488,2018-06-18,276,5392,5668
488,2018-06-19,281,5378,5659
488,2018-06-20,272,5389,5661
488,2018-06-22,361,5182,5543
488,2018-06-23,220,3166,3386
488,2018-06-24,167,3061,3228
488,2018-06-25,336,4912,5248
488,2018-06-26,285,4182,4467
488,2018-06-27,346,4524,4870
488,2018-06-28,341,5294,5635
488,2018-06-29,394,5528,5922
488,2018-06-30,437,3341,3778
488,2018-07-01,131,3291,3422
488,2018-07-02,330,5216,5546
488,2018-07-03,337,5391,5728
488,2018-07-04,263,5302,5565
488,2018-07-06,366,5248,5614
488,2018-07-07,423,3910,4333
488,2018-07-08,160,3275,3435
488,2018-07-09,262,5042,5304
488,2018-07-10,252,5181,5433
488,2018-07-11,252,5103,5355
488,2018-07-12,252,5249,5501
488,2018-07-13,332,5402,5734
488,2018-07-14,333,3927,4260
488,2018-07-15,150,3004,3154
488,2018-07-16,232,4670,4902
488,2018-07-17,252,4748,5000
488,2018-07-18,224,4956,5180
488,2018-07-20,221,4808,5029
488,2018-07-21,164,3576,3740
488,2018-07-22,66,3001,3067
488,2018-07-23,227,4409,4636
488,2018-07-24,233,4597,4830
488,2018-07-25,263,4562,4825
488,2018-07-26,224,4528,4752
488,2018-07-27,260,4416,4676
488,2018-07-28,324,3155,3479
488,2018-07-29,140,2684,2824
488,2018-07-30,259,3880,4139
488,2018-07-31,273,4024,4297
488,2018-08-01,191,3747,3938
488,2018-08-03,203,3799,4002
488,2018-08-04,153,2878,3031
488,2018-08-05,51,2360,2411
488,2018-08-06,200,3356,3556
488,2018-08-07,190,3380,3570
488,2018-08-08,194,3386,3580
488,2018-08-09,196,3382,3578
488,2018-08-10,184,3465,3649
488,2018-08-11,149,2901,3050
488,2018-08-12,50,2255,2305
488,2018-08-13,202,3162,3364
488,2018-08-14,202,3437,3639
488,2018-08-15,55,2251,2306
488,2018-08-16,197,3324,3521
488,2018-08-17,249,3410,3659
488,2018-08-18,282,2532,2814
488,2018-08-19,134,2479,2613
488,2018-08-20,209,3635,3844
488,2018-08-21,197,4025,4222
488,2018-08-22,190,3998,4188
488,2018-08-23,219,3865,4084
488,2018-08-24,278,3976,4254
488,2018-08-25,269,3011,3280
488,2018-08-26,136,2677,2813
488,2018-08-27,257,4085,4342
488,2018-08-28,283,4419,4702
488,2018-08-29,258,3612,3870
488,2018-08-31,261,4404,4665
488,2018-09-01,165,3476,3641
488,2018-09-02,62,2745,2807
488,2018-09-03,236,4188,4424
488,2018-09-04,208,4308,4516
488,2018-09-05,208,4279,4487
488,2018-09-06,252,4517,4769
488,2018-09-07,219,4397,4616
488,2018-09-08,217,3297,3514
488,2018-09-09,58,2839,2897
488,2018-09-10,235,4387,4622
488,2018-09-11,212,4540,4752
488,2018-09-12,237,4669,4906
488,2018-09-14,228,4770,4998
488,2018-09-15,158,3761,3919
488,2018-09-16,67,3229,3296
488,2018-09-17,237,4921,5158
488,2018-09-18,275,5119,5394
488,2018-09-19,300,4999,5299
488,2018-09-20,292,4886,5178
488,2018-09-21,316,4864,5180
488,2018-09-22,196,3923,4119
488,2018-09-23,84,2681,2765
488,2018-09-24,286,4806,5092
488,2018-09-25,327,4967,5294
488,2018-09-26,333,4860,5193
488,2018-09-28,326,5219,5545
488,2018-09-29,171,4171,4342
488,2018-09-30,215,3359,3574
488,2018-10-01,344,4749,5093
488,2018-10-02,333,5160,5493
488,2018-10-03,250,4957,5207
488,2018-10-04,312,5118,5430
488,2018-10-05,312,5288,5600
488,2018-10-06,181,3780,3961
488,2018-10-07,82,3963,4045
488,2018-10-08,366,4808,5174
488,2018-10-09,347,5074,5421
488,2018-10-10,324,4960,5284
488,2018-10-12,283,5251,5534
488,2018-10-13,292,4075,4367
488,2018-10-14,61,3260,3321
488,2018-10-15,314,4811,5125
488,2018-10-16,309,4945,5254
488,2018-10-17,302,4978,5280
488,2018-10-18,296,5139,5435
488,2018-10-19,341,5223,5564
488,2018-10-20,283,3880,4163
488,2018-10-21,67,3256,3323
488,2018-10-22,321,4700,5021
488,2018-10-23,290,4914,5204
488,2018-10-24,321,4787,5108
488,2018-10-26,269,5322,5591
488,2018-10-27,408,3919,4327
488,2018-10-28,359,2916,3275
488,2018-10-29,553,4465,5018
488,2018-10-30,532,4194,4726
488,2018-10-31,486,4681,5167
488,2018-11-02,500,3805,4305
488,2018-11-03,463,3431,3894
488,2018-11-04,55,2907,2962
488,2018-11-05,356,4598,4954
488,2018-11-06,297,5037,5334
488,2018-11-07,364,4742,5106
488,2018-11-09,332,5112,5444
488,2018-11-10,266,4770,5036
488,2018-11-11,78,3310,3388
488,2018-11-12,409,4714,5123
488,2018-11-13,304,5022,5326
488,2018-11-14,436,4714,5150
488,2018-11-15,404,4964,5368
488,2018-11-16,353,5052,5405
488,2018-11-17,170,3781,3951
488,2018-11-18,61,2963,3024
488,2018-11-19,260,4595,4855
488,2018-11-20,341,4895,5236
488,2018-11-21,259,4666,4925
488,2018-11-22,328,4877,5205
488,2018-11-23,316,5170,5486
488,2018-11-24,202,3978,4180
488,2018-11-25,65,3364,3429
488,2018-11-26,260,4713,4973
488,2018-11-27,219,4977,5196
488,2018-11-28,188,4874,5062
488,2018-11-30,222,5159,5381
488,2018-12-01,140,3707,3847
488,2018-12-02,48,3126,3174
488,2018-12-03,224,4326,4550
488,2018-12-04,216,5043,5259
488,2018-12-05,230,4825,5055
488,2018-12-06,239,4984,5223
488,2018-12-07,240,4704,4944
488,2018-12-08,154,3874,4028
488,2018-12-09,54,2954,3008
488,2018-12-10,287,4759,5046
488,2018-12-11,348,4944,5292
488,2018-12-12,287,4882,5169
488,2018-12-14,357,5212,5569
488,2018-12-15,181,3785,3966
488,2018-12-16,54,2733,2787
488,2018-12-17,305,4798,5103
488,2018-12-18,291,4986,5277
488,2018-12-19,278,4889,5167
488,2018-12-20,266,4946,5212
488,2018-12-21,216,4856,5072
488,2018-12-22,170,3658,3828
488,2018-12-23,46,2886,2932
488,2018-12-24,194,3790,3984
488,2018-12-25,43,2549,2592
488,2018-12-26,78,2444,2522
488,2018-12-27,188,3450,3638
488,2018-12-28,195,3455,3650
488,2018-12-29,144,2948,3092
488,2018-12-30,54,2639,2693
488,2018-12-31,165,3142,3307
490,2018-01-01,4,1282,1286
490,2018-01-02,43,3113,3156
490,2018-01-03,52,3506,3558
490,2018-01-04,48,3920,3968
490,2018-01-05,48,4054,4102
490,2018-01-06,21,2474,2495
490,2018-01-07,11,1896,1907
490,2018-01-08,88,5330,5418
490,2018-01-09,102,5534,5636
490,2018-01-10,137,5356,5493
490,2018-01-12,142,5572,5714
490,2018-01-13,30,2818,2848
490,2018-01-14,22,2098,2120
490,2018-01-15,82,6558,6640
490,2018-01-16,100,6998,7098
490,2018-01-17,119,5448,5567
490,2018-01-18,112,6906,7018
490,2018-01-19,93,5676,5769
490,2018-01-20,40,2382,2422
490,2018-01-21,8,1966,1974
490,2018-01-22,85,5369,5454
490,2018-01-23,101,5532,5633
490,2018-01-24,95,5297,5392
490,2018-01-26,109,5699,5808
490,2018-01-27,34,2927,2961
490,2018-01-28,8,1927,1935
490,2018-01-29,115,5403,5518
490,2018-01-30,116,5789,5905
490,2018-01-31,112,6290,6402
490,2018-02-01,111,5648,5759
490,2018-02-02,129,5474,5603
490,2018-02-03,32,2837,2869
490,2018-02-04,19,2069,2088
490,2018-02-05,94,5401,5495
490,2018-02-06,123,5084,5207
490,2018-02-07,116,5113,5229
490,2018-02-09,88,5433,5521
490,2018-02-10,25,2551,2576
490,2018-02-11,37,1721,1758
490,2018-02-12,81,3825,3906
490,2018-02-13,79,4403,4482
490,2018-02-14,77,4124,4201
490,2018-02-15,88,4608,4696
490,2018-02-16,80,4488,4568
490,2018-02-17,30,2586,2616
490,2018-02-18,10,1958,1968
490,2018-02-19,136,5247,5383
490,2018-02-20,162,5462,5624
490,2018-02-21,183,5438,5621
490,2018-02-23,111,5715,5826
490,2018-02-24,26,2936,2962
490,2018-02-25,13,2066,2079
490,2018-02-26,105,5152,5257
490,2018-02-27,102,5559,5661
490,2018-02-28,87,5275,5362
490,2018-03-01,85,5513,5598
490,2018-03-02,82,4685,4767
490,2018-03-03,37,2673,2710
490,2018-03-04,12,2067,2079
490,2018-03-05,98,5259,5357
490,2018-03-06,128,5520,5648
490,2018-03-07,107,5499,5606
490,2018-03-09,100,5724,5824
490,2018-03-10,33,2934,2967
490,2018-03-11,10,2107,2117
490,2018-03-12,100,6476,6576
490,2018-03-13,128,5605,5733
490,2018-03-14,111,5479,5590
490,2018-03-15,151,5672,5823
490,2018-03-16,123,6314,6437
490,2018-03-17,48,2738,2786
490,2018-03-18,10,2088,2098
490,2018-03-19,146,5232,5378
490,2018-03-20,146,5694,5840
490,2018-03-21,128,5368,5496
490,2018-03-22,130,5490,5620
490,2018-03-23,119,5916,6035
490,2018-03-24,41,3155,3196
490,2018-03-26,125,6118,6243
490,2018-03-27,106,5896,6002
490,2018-03-28,122,6530,6652
490,2018-03-31,114,3040,3154
490,2018-04-01,11,2059,2070
490,2018-04-02,21,2320,2341
490,2018-04-03,97,4571,4668
490,2018-04-04,110,5054,5164
490,2018-04-06,156,4809,4965
490,2018-04-07,131,2916,3047
490,2018-04-08,28,2449,2477
490,2018-04-09,141,4628,4769
490,2018-04-10,146,5113,5259
490,2018-04-11,137,5359,5496
490,2018-04-13,144,5494,5638
490,2018-04-14,66,3166,3232
490,2018-04-15,29,2434,2463
490,2018-04-16,138,6456,6594
490,2018-04-17,198,6580,6778
490,2018-04-18,144,6175,6319
490,2018-04-19,154,6856,7010
490,2018-04-20,193,6815,7008
490,2018-04-21,97,3450,3547
490,2018-04-22,29,2546,2575
490,2018-04-23,178,6095,6273
490,2018-04-24,166,6321,6487
490,2018-04-25,156,6095,6251
490,2018-04-26,156,6400,6556
490,2018-04-28,87,3389,3476
490,2018-04-29,10,2324,2334
490,2018-04-30,79,4064,4143
490,2018-05-01,19,2393,2412
490,2018-05-02,179,6363,6542
490,2018-05-03,181,6574,6755
490,2018-05-05,65,3377,3442
490,2018-05-06,30,3337,3367
490,2018-05-07,140,6451,6591
490,2018-05-08,156,6727,6883
490,2018-05-09,190,6892,7082
490,2018-05-10,51,3056,3107
490,2018-05-12,66,3318,3384
490,2018-05-13,20,2500,2520
490,2018-05-14,135,6183,6318
490,2018-05-15,131,6602,6733
490,2018-05-16,138,7312,7450
490,2018-05-17,159,6781,6940
490,2018-05-26,72,3778,3850
490,2018-05-27,34,2736,2770
490,2018-05-28,120,7114,7234
490,2018-05-29,136,7550,7686
490,2018-05-30,170,6436,6606
490,2018-05-31,164,7744,7908
490,2018-06-01,162,8442,8604
490,2018-06-02,63,3426,3489
490,2018-06-03,12,3057,3069
490,2018-06-04,147,6063,6210
490,2018-06-05,136,6600,6736
490,2018-06-06,173,6038,6211
490,2018-06-07,180,6585,6765
490,2018-06-09,76,3430,3506
490,2018-06-10,28,2802,2830
490,2018-06-11,124,6722,6846
490,2018-06-12,188,7464,7652
490,2018-06-13,159,5926,6085
490,2018-06-14,150,7208,7358
490,2018-06-15,190,6314,6504
490,2018-06-16,50,3314,3364
490,2018-06-17,23,2460,2483
490,2018-06-18,143,5637,5780
490,2018-06-19,143,5704,5847
490,2018-06-20,161,5763,5924
490,2018-06-21,184,6314,6498
490,2018-06-23,64,3420,3484
490,2018-06-24,37,2700,2737
490,2018-06-25,162,5712,5874
490,2018-06-26,181,6230,6411
490,2018-06-27,161,5795,5956
490,2018-06-28,229,7243,7472
490,2018-06-29,163,6364,6527
490,2018-06-30,75,3264,3339
490,2018-07-01,27,2971,2998
490,2018-07-02,121,5673,5794
490,2018-07-03,187,5796,5983
490,2018-07-04,172,6096,6268
490,2018-07-05,182,7266,7448
490,2018-07-07,52,3273,3325
490,2018-07-08,35,2723,2758
490,2018-07-09,190,5420,5610
490,2018-07-10,151,6174,6325
490,2018-07-11,155,5324,5479
490,2018-07-12,166,5802,5968
490,2018-07-13,168,6116,6284
490,2018-07-14,77,3318,3395
490,2018-07-15,42,2468,2510
490,2018-07-16,141,5528,5669
490,2018-07-17,184,5754,5938
490,2018-07-18,160,5905,6065
490,2018-07-19,163,6205,6368
490,2018-07-21,66,2952,3018
490,2018-07-22,28,2526,2554
490,2018-07-23,104,5476,5580
490,2018-07-24,167,5853,6020
490,2018-07-25,154,5431,5585
490,2018-07-26,180,6584,6764
490,2018-07-27,128,5675,5803
490,2018-07-28,56,2940,2996
490,2018-07-29,27,2599,2626
490,2018-07-30,80,4695,4775
490,2018-07-31,93,4793,4886
490,2018-08-01,83,4625,4708
490,2018-08-02,108,4928,5036
490,2018-08-04,41,3073,3114
490,2018-08-05,22,2724,2746
490,2018-08-06,91,4114,4205
490,2018-08-07,83,4090,4173
490,2018-08-08,92,4352,4444
490,2018-08-09,80,4498,4578
490,2018-08-10,86,4424,4510
490,2018-08-11,42,2783,2825
490,2018-08-12,30,2409,2439
490,2018-08-13,62,3972,4034
490,2018-08-14,79,3915,3994
490,2018-08-15,34,2352,2386
490,2018-08-16,102,4208,4310
490,2018-08-17,86,4084,4170
490,2018-08-18,40,2865,2905
490,2018-08-19,27,2524,2551
490,2018-08-20,105,4413,4518
490,2018-08-21,121,4623,4744
490,2018-08-22,122,4744,4866
490,2018-08-23,146,5005,5151
490,2018-08-24,115,5375,5490
490,2018-08-25,49,2850,2899
490,2018-08-26,32,2356,2388
490,2018-08-27,155,4817,4972
490,2018-08-28,145,5154,5299
490,2018-08-29,112,5286,5398
490,2018-08-30,102,5238,5340
490,2018-09-01,65,3160,3225
490,2018-09-02,38,2704,2742
490,2018-09-03,112,5227,5339
490,2018-09-04,129,5659,5788
490,2018-09-05,138,6080,6218
490,2018-09-06,162,7300,7462
490,2018-09-07,148,6204,6352
490,2018-09-08,55,3258,3313
490,2018-09-09,22,2579,2601
490,2018-09-10,138,5819,5957
490,2018-09-11,145,6243,6388
490,2018-09-12,140,6002,6142
490,2018-09-13,170,6156,6326
490,2018-09-15,55,3698,3753
490,2018-09-16,30,2996,3026
490,2018-09-17,152,8231,8383
490,2018-09-18,154,9465,9619
490,2018-09-19,195,8737,8932
490,2018-09-20,189,9564,9753
490,2018-09-21,231,9445,9676
490,2018-09-22,58,3682,3740
490,2018-09-23,22,2462,2484
490,2018-09-24,168,8674,8842
490,2018-09-25,181,8907,9088
490,2018-09-26,219,8511,8730
490,2018-09-27,212,8194,8406
490,2018-09-29,55,3737,3792
490,2018-09-30,26,2907,2933
490,2018-10-01,164,8270,8434
490,2018-10-02,160,8594,8754
490,2018-10-03,199,8215,8414
490,2018-10-04,187,8807,8994
490,2018-10-05,180,8802,8982
490,2018-10-06,75,3735,3810
490,2018-10-07,22,2781,2803
490,2018-10-08,155,7377,7532
490,2018-10-09,189,7444,7633
490,2018-10-10,174,7317,7491
490,2018-10-11,168,7490,7658
490,2018-10-13,67,3609,3676
490,2018-10-14,21,2870,2891
490,2018-10-15,139,7355,7494
490,2018-10-16,175,7656,7831
490,2018-10-17,163,6944,7107
490,2018-10-18,183,7691,7874
490,2018-10-19,174,7520,7694
490,2018-10-20,46,3453,3499
490,2018-10-21,35,2819,2854
490,2018-10-22,137,6879,7016
490,2018-10-23,202,7394,7596
490,2018-10-24,197,6974,7171
490,2018-10-25,161,7512,7673
490,2018-10-27,57,3375,3432
490,2018-10-28,16,2415,2431
490,2018-10-29,148,6580,6728
490,2018-10-30,114,6270,6384
490,2018-10-31,155,5760,5915
490,2018-11-01,28,2205,2233
490,2018-11-03,34,3051,3085
490,2018-11-04,19,2844,2863
490,2018-11-05,106,6796,6902
490,2018-11-06,139,7229,7368
490,2018-11-07,150,7554,7704
490,2018-11-08,196,7960,8156
490,2018-11-10,40,3390,3430
490,2018-11-11,28,2284,2312
490,2018-11-12,139,7055,7194
490,2018-11-13,139,7173,7312
490,2018-11-14,170,7092,7262
490,2018-11-15,151,7272,7423
490,2018-11-16,164,7371,7535
490,2018-11-17,39,3340,3379
490,2018-11-18,20,2591,2611
490,2018-11-19,135,6633,6768
490,2018-11-20,146,6486,6632
490,2018-11-21,140,6708,6848
490,2018-11-22,181,7164,7345
490,2018-11-23,146,7225,7371
490,2018-11-24,54,3512,3566
490,2018-11-25,8,2514,2522
490,2018-11-26,111,6575,6686
490,2018-11-27,120,7075,7195
490,2018-11-28,128,6759,6887
490,2018-11-29,151,7094,7245
490,2018-12-01,31,3126,3157
490,2018-12-02,12,2306,2318
490,2018-12-03,124,8238,8362
490,2018-12-04,146,8396,8542
490,2018-12-05,130,6650,6780
490,2018-12-06,128,7131,7259
490,2018-12-07,112,8192,8304
490,2018-12-08,36,3310,3346
490,2018-12-09,20,2252,2272
490,2018-12-10,139,6686,6825
490,2018-12-11,153,7131,7284
490,2018-12-12,132,6712,6844
490,2018-12-13,146,6975,7121
490,2018-12-15,57,3354,3411
490,2018-12-16,22,1952,1974
490,2018-12-17,101,6082,6183
490,2018-12-18,144,6634,6778
490,2018-12-19,159,6217,6376
490,2018-12-20,145,6407,6552
490,2018-12-21,140,6218,6358
490,2018-12-22,113,3122,3235
490,2018-12-23,27,2237,2264
490,2018-12-24,43,3026,3069
490,2018-12-25,12,1477,1489
490,2018-12-26,22,2321,2343
490,2018-12-27,51,3222,3273
490,2018-12-28,58,3155,3213
490,2018-12-29,20,2541,2561
490,2018-12-30,15,2081,2096
490,2018-12-31,30,2937,2967
492,2018-01-01,24,1852,1876
492,2018-01-02,208,3722,3930
492,2018-01-03,202,3748,3950
492,2018-01-04,190,3955,4145
492,2018-01-05,186,4172,4358
492,2018-01-06,119,3319,3438
492,2018-01-07,38,2523,2561
492,2018-01-08,246,4249,4495
492,2018-01-09,295,4554,4849
492,2018-01-10,278,4445,4723
492,2018-01-11,300,4516,4816
492,2018-01-12,252,4558,4810
492,2018-01-13,158,3631,3789
492,2018-01-14,40,3162,3202
492,2018-01-15,279,4335,4614
492,2018-01-16,357,4624,4981
492,2018-01-17,333,4543,4876
492,2018-01-18,309,4486,4795
492,2018-01-19,302,4683,4985
492,2018-01-20,149,3384,3533
492,2018-01-21,35,2561,2596
492,2018-01-22,268,4275,4543
492,2018-01-23,319,4685,5004
492,2018-01-24,324,4571,4895
492,2018-01-25,301,4633,4934
492,2018-01-26,287,4626,4913
492,2018-01-27,165,3521,3686
492,2018-01-28,34,2695,2729
492,2018-01-29,311,4393,4704
492,2018-01-30,350,4610,4960
492,2018-01-31,285,4611,4896
492,2018-02-01,382,4714,5096
492,2018-02-02,326,4580,4906
492,2018-02-03,156,3573,3729
492,2018-02-04,41,2692,2733
492,2018-02-05,355,4047,4402
492,2018-02-06,309,3887,4196
492,2018-02-07,319,3958,4277
492,2018-02-08,298,4118,4416
492,2018-02-09,286,4068,4354
492,2018-02-10,160,3077,3237
492,2018-02-11,38,2289,2327
492,2018-02-12,218,3138,3356
492,2018-02-13,279,3835,4114
492,2018-02-14,305,4071,4376
492,2018-02-15,266,3843,4109
492,2018-02-16,290,4082,4372
492,2018-02-17,151,3279,3430
492,2018-02-18,40,2815,2855
492,2018-02-19,391,4340,4731
492,2018-02-20,391,4647,5038
492,2018-02-21,392,4720,5112
492,2018-02-22,387,4863,5250
492,2018-02-23,337,4827,5164
492,2018-02-24,157,3939,4096
492,2018-02-25,31,3168,3199
492,2018-02-26,342,4538,4880
492,2018-02-27,370,4476,4846
492,2018-02-28,329,4695,5024
492,2018-03-01,345,4726,5071
492,2018-03-02,288,3944,4232
492,2018-03-03,152,3561,3713
492,2018-03-04,35,2850,2885
492,2018-03-05,410,4601,5011
492,2018-03-06,337,4760,5097
492,2018-03-07,325,4750,5075
492,2018-03-08,397,4735,5132
492,2018-03-09,325,4790,5115
492,2018-03-10,159,3907,4066
492,2018-03-11,36,3102,3138
492,2018-03-12,364,4504,4868
492,2018-03-13,345,4912,5257
492,2018-03-14,355,5084,5439
492,2018-03-15,346,4989,5335
492,2018-03-16,362,5007,5369
492,2018-03-17,154,4017,4171
492,2018-03-18,43,2755,2798
492,2018-03-19,357,4620,4977
492,2018-03-20,368,4841,5209
492,2018-03-21,386,4977,5363
492,2018-03-22,345,4711,5056
492,2018-03-23,347,5044,5391
492,2018-03-24,178,4542,4720
492,2018-03-26,404,4852,5256
492,2018-03-27,357,5151,5508
492,2018-03-28,401,5057,5458
492,2018-03-29,366,5365,5731
492,2018-03-30,406,5195,5601
492,2018-03-31,163,4230,4393
492,2018-04-01,42,3267,3309
492,2018-04-02,49,3142,3191
492,2018-04-03,373,4727,5100
492,2018-04-04,395,4749,5144
492,2018-04-05,418,4815,5233
492,2018-04-06,394,5113,5507
492,2018-04-07,189,4414,4603
492,2018-04-08,50,4140,4190
492,2018-04-09,386,4628,5014
492,2018-04-10,382,4791,5173
492,2018-04-11,334,5101,5435
492,2018-04-12,368,4983,5351
492,2018-04-13,396,5142,5538
492,2018-04-14,166,4300,4466
492,2018-04-15,50,3763,3813
492,2018-04-16,385,4877,5262
492,2018-04-17,368,5359,5727
492,2018-04-18,405,5443,5848
492,2018-04-19,420,5517,5937
492,2018-04-20,355,5676,6031
492,2018-04-21,257,5118,5375
492,2018-04-22,41,4313,4354
492,2018-04-23,397,5033,5430
492,2018-04-24,469,5263,5732
492,2018-04-25,389,5153,5542
492,2018-04-26,452,5438,5890
492,2018-04-27,394,5569,5963
492,2018-04-28,197,4627,4824
492,2018-04-29,58,3788,3846
492,2018-04-30,290,4550,4840
492,2018-05-01,59,3406,3465
492,2018-05-02,462,5218,5680
492,2018-05-03,489,5501,5990
492,2018-05-04,415,5613,6028
492,2018-05-05,234,5030,5264
492,2018-05-06,50,4873,4923
492,2018-05-07,407,4629,5036
492,2018-05-08,474,5452,5926
492,2018-05-09,502,5602,6104
492,2018-05-10,72,3461,3533
492,2018-05-11,312,5784,6096
492,2018-05-12,200,5269,5469
492,2018-05-13,95,3541,3636
492,2018-05-14,398,4829,5227
492,2018-05-15,397,5426,5823
492,2018-05-16,542,5211,5753
492,2018-05-17,444,5545,5989
492,2018-05-18,481,5649,6130
492,2018-05-19,273,4811,5084
492,2018-05-20,60,3703,3763
492,2018-05-21,102,4711,4813
492,2018-05-22,389,4998,5387
492,2018-05-23,492,5040,5532
492,2018-05-24,470,5001,5471
492,2018-05-25,409,5216,5625
492,2018-05-26,237,4635,4872
492,2018-05-27,173,3640,3813
492,2018-05-28,394,5075,5469
492,2018-05-29,382,5319,5701
492,2018-05-30,418,5586,6004
492,2018-05-31,392,5434,5826
492,2018-06-01,442,4404,4846
492,2018-06-02,219,4179,4398
492,2018-06-03,115,3725,3840
492,2018-06-04,350,3987,4337
492,2018-06-05,415,4338,4753
492,2018-06-06,377,4264,4641
492,2018-06-07,378,4251,4629
492,2018-06-08,429,4372,4801
492,2018-06-09,203,3918,4121
492,2018-06-10,44,3056,3100
492,2018-06-11,345,3754,4099
492,2018-06-12,365,3974,4339
492,2018-06-13,356,4128,4484
492,2018-06-14,370,4246,4616
492,2018-06-15,355,4488,4843
492,2018-06-16,240,4299,4539
492,2018-06-17,79,4073,4152
492,2018-06-18,394,3959,4353
492,2018-06-19,374,4965,5339
492,2018-06-20,367,4956,5323
492,2018-06-21,355,5364,5719
492,2018-06-22,390,5138,5528
492,2018-06-23,72,3562,3634
492,2018-06-24,76,3608,3684
492,2018-06-25,389,5024,5413
492,2018-06-26,424,5393,5817
492,2018-06-27,381,5294,5675
492,2018-06-28,463,5439,5902
492,2018-06-29,413,5616,6029
492,2018-06-30,213,4761,4974
492,2018-07-01,62,4526,4588
492,2018-07-02,449,5018,5467
492,2018-07-03,458,5383,5841
492,2018-07-04,459,4467,4926
492,2018-07-05,435,5349,5784
492,2018-07-06,389,5480,5869
492,2018-07-07,184,5006,5190
492,2018-07-08,63,4850,4913
492,2018-07-09,360,5162,5522
492,2018-07-10,406,5427,5833
492,2018-07-11,408,5486,5894
492,2018-07-12,468,5481,5949
492,2018-07-13,399,5591,5990
492,2018-07-14,312,4972,5284
492,2018-07-15,66,3951,4017
492,2018-07-16,445,5027,5472
492,2018-07-17,437,5579,6016
492,2018-07-18,356,5029,5385
492,2018-07-19,418,5346,5764
492,2018-07-20,415,5193,5608
492,2018-07-21,212,4631,4843
492,2018-07-22,89,4448,4537
492,2018-07-23,378,5078,5456
492,2018-07-24,405,5325,5730
492,2018-07-25,418,5508,5926
492,2018-07-26,317,5263,5580
492,2018-07-27,294,5131,5425
492,2018-07-28,159,4523,4682
492,2018-07-29,65,4409,4474
492,2018-07-30,248,4646,4894
492,2018-07-31,268,5168,5436
492,2018-08-01,261,4981,5242
492,2018-08-02,275,5020,5295
492,2018-08-03,254,5062,5316
492,2018-08-04,171,4587,4758
492,2018-08-05,62,4327,4389
492,2018-08-06,247,4496,4743
492,2018-08-07,292,4817,5109
492,2018-08-08,292,4822,5114
492,2018-08-09,300,4763,5063
492,2018-08-10,234,4872,5106
492,2018-08-11,167,4318,4485
492,2018-08-12,56,4421,4477
492,2018-08-13,230,4179,4409
492,2018-08-14,251,4629,4880
492,2018-08-15,69,4105,4174
492,2018-08-16,258,4720,4978
492,2018-08-17,265,4650,4915
492,2018-08-18,196,4075,4271
492,2018-08-19,92,4004,4096
492,2018-08-20,301,4476,4777
492,2018-08-21,312,4927,5239
492,2018-08-22,349,4958,5307
492,2018-08-23,351,5023,5374
492,2018-08-24,314,4613,4927
492,2018-08-25,213,3902,4115
492,2018-08-26,64,3553,3617
492,2018-08-27,331,4384,4715
492,2018-08-28,399,4954,5353
492,2018-08-29,403,4585,4988
492,2018-08-30,374,4860,5234
492,2018-08-31,366,4912,5278
492,2018-09-01,163,4157,4320
492,2018-09-02,64,3672,3736
492,2018-09-03,402,4432,4834
492,2018-09-04,442,4854,5296
492,2018-09-05,420,5046,5466
492,2018-09-06,442,4963,5405
492,2018-09-07,388,4907,5295
492,2018-09-08,187,4435,4622
492,2018-09-09,59,4396,4455
492,2018-09-10,392,4775,5167
492,2018-09-11,414,5195,5609
492,2018-09-12,422,5403,5825
492,2018-09-13,442,5216,5658
492,2018-09-14,377,5424,5801
492,2018-09-15,218,4766,4984
492,2018-09-16,75,5438,5513
492,2018-09-17,413,4861,5274
492,2018-09-18,480,5399,5879
492,2018-09-19,495,5340,5835
492,2018-09-20,461,5536,5997
492,2018-09-21,387,5396,5783
492,2018-09-22,219,5170,5389
492,2018-09-23,48,3063,3111
492,2018-09-24,417,5199,5616
492,2018-09-25,449,5465,5914
492,2018-09-26,471,5528,5999
492,2018-09-27,420,5447,5867
492,2018-09-28,380,5039,5419
492,2018-09-29,201,4441,4642
492,2018-09-30,62,4611,4673
492,2018-10-01,411,4947,5358
492,2018-10-02,451,5196,5647
492,2018-10-03,491,5405,5896
492,2018-10-04,476,5791,6267
492,2018-10-05,474,5802,6276
492,2018-10-06,183,4898,5081
492,2018-10-07,47,3725,3772
492,2018-10-08,482,5132,5614
492,2018-10-09,466,5478,5944
492,2018-10-10,464,5578,6042
492,2018-10-11,447,5528,5975
492,2018-10-12,422,5573,5995
492,2018-10-13,216,5164,5380
492,2018-10-14,49,4607,4656
492,2018-10-15,482,5214,5696
492,2018-10-16,528,5860,6388
492,2018-10-17,454,5584,6038
492,2018-10-18,515,5363,5878
492,2018-10-19,458,5486,5944
492,2018-10-20,191,4425,4616
492,2018-10-21,46,4036,4082
492,2018-10-22,471,4801,5272
492,2018-10-23,468,5102,5570
492,2018-10-24,166,829,995
492,2018-10-25,47,242,289
492,2018-10-26,381,4859,5240
492,2018-10-27,207,4052,4259
492,2018-10-28,45,3040,3085
492,2018-10-29,422,4820,5242
492,2018-10-30,399,4796,5195
492,2018-11-01,38,2915,2953
492,2018-11-02,259,4595,4854
492,2018-11-03,202,4075,4277
492,2018-11-04,38,3436,3474
492,2018-11-05,394,4787,5181
492,2018-11-06,425,5228,5653
492,2018-11-07,455,5131,5586
492,2018-11-08,480,5414,5894
492,2018-11-09,440,5519,5959
492,2018-11-10,197,4005,4202
492,2018-11-11,33,2972,3005
492,2018-11-12,445,5102,5547
492,2018-11-13,437,5081,5518
492,2018-11-14,433,5327,5760
492,2018-11-15,431,5324,5755
492,2018-11-16,451,5470,5921
492,2018-11-17,255,4653,4908
492,2018-11-18,51,3448,3499
492,2018-11-19,419,4999,5418
492,2018-11-20,441,5076,5517
492,2018-11-21,436,5070,5506
492,2018-11-22,438,5165,5603
492,2018-11-23,478,5513,5991
492,2018-11-24,178,4174,4352
492,2018-11-25,41,2997,3038
492,2018-11-26,407,4908,5315
492,2018-11-27,446,5119,5565
492,2018-11-28,404,4569,4973
492,2018-11-29,413,5171,5584
492,2018-11-30,451,5371,5822
492,2018-12-01,176,3993,4169
492,2018-12-02,46,2906,2952
492,2018-12-03,426,4877,5303
492,2018-12-04,418,5003,5421
492,2018-12-05,440,5257,5697
492,2018-12-06,433,5094,5527
492,2018-12-07,422,5176,5598
492,2018-12-08,169,4044,4213
492,2018-12-09,28,2841,2869
492,2018-12-10,474,5517,5991
492,2018-12-11,460,6014,6474
492,2018-12-12,439,6228,6667
492,2018-12-13,462,6220,6682
492,2018-12-14,451,6244,6695
492,2018-12-15,192,4792,4984
492,2018-12-16,41,3001,3042
492,2018-12-17,392,5708,6100
492,2018-12-18,500,6048,6548
492,2018-12-19,435,5968,6403
492,2018-12-20,357,6110,6467
492,2018-12-21,246,5176,5422
492,2018-12-22,136,3569,3705
492,2018-12-23,20,2503,2523
492,2018-12-24,163,3329,3492
492,2018-12-25,18,2566,2584
492,2018-12-26,30,2553,2583
492,2018-12-27,215,3727,3942
492,2018-12-28,203,3773,3976
492,2018-12-29,153,3164,3317
492,2018-12-30,24,2509,2533
492,2018-12-31,166,3214,3380
493,2018-01-01,31,2554,2585
493,2018-01-02,224,5717,5941
493,2018-01-03,258,5704,5962
493,2018-01-04,198,6073,6271
493,2018-01-05,251,6680,6931
493,2018-01-06,134,4467,4601
493,2018-01-07,33,3400,3433
493,2018-01-08,306,6763,7069
493,2018-01-09,334,7346,7680
493,2018-01-10,313,7361,7674
493,2018-01-12,327,7678,8005
493,2018-01-13,155,5133,5288
493,2018-01-14,34,3665,3699
493,2018-01-15,348,6706,7054
493,2018-01-16,382,7346,7728
493,2018-01-17,289,7125,7414
493,2018-01-18,300,7114,7414
493,2018-01-19,349,7561,7910
493,2018-01-20,118,4534,4652
493,2018-01-21,29,3324,3353
493,2018-01-22,284,7061,7345
493,2018-01-23,307,7357,7664
493,2018-01-24,338,7174,7512
493,2018-01-26,309,7657,7966
493,2018-01-27,157,5357,5514
493,2018-01-28,34,3691,3725
493,2018-01-29,315,7393,7708
493,2018-01-30,300,7609,7909
493,2018-01-31,294,7361,7655
493,2018-02-01,176,5317,5493
493,2018-02-02,310,7675,7985
493,2018-02-03,158,5260,5418
493,2018-02-04,27,3502,3529
493,2018-02-05,331,7150,7481
493,2018-02-06,250,6661,6911
493,2018-02-07,279,7154,7433
493,2018-02-09,301,7487,7788
493,2018-02-10,151,4667,4818
493,2018-02-11,48,3170,3218
493,2018-02-12,213,5538,5751
493,2018-02-13,305,6240,6545
493,2018-02-14,289,6501,6790
493,2018-02-15,237,6033,6270
493,2018-02-16,258,6376,6634
493,2018-02-17,183,4527,4710
493,2018-02-18,36,3551,3587
493,2018-02-19,375,6904,7279
493,2018-02-20,464,6912,7376
493,2018-02-21,401,6967,7368
493,2018-02-23,384,7382,7766
493,2018-02-24,181,4975,5156
493,2018-02-25,30,3708,3738
493,2018-02-26,335,6929,7264
493,2018-02-27,308,7002,7310
493,2018-02-28,328,7093,7421
493,2018-03-01,341,7425,7766
493,2018-03-02,294,6757,7051
493,2018-03-03,148,4940,5088
493,2018-03-04,31,3310,3341
493,2018-03-05,326,7200,7526
493,2018-03-06,368,7328,7696
493,2018-03-07,159,9131,9290
493,2018-03-09,270,7205,7475
493,2018-03-10,153,5144,5297
493,2018-03-11,35,3951,3986
493,2018-03-12,372,6722,7094
493,2018-03-13,361,7180,7541
493,2018-03-14,337,7214,7551
493,2018-03-15,331,7116,7447
493,2018-03-16,359,7448,7807
493,2018-03-17,157,5128,5285
493,2018-03-18,37,3460,3497
493,2018-03-19,304,6958,7262
493,2018-03-20,363,7311,7674
493,2018-03-21,314,7720,8034
493,2018-03-22,329,6754,7083
493,2018-03-23,396,6805,7201
493,2018-03-24,175,5688,5863
493,2018-03-26,328,6404,6732
493,2018-03-27,313,6664,6977
493,2018-03-28,309,7242,7551
493,2018-03-31,164,5013,5177
493,2018-04-01,40,3472,3512
493,2018-04-02,18,3292,3310
493,2018-04-03,278,6551,6829
493,2018-04-04,392,6632,7024
493,2018-04-06,281,7084,7365
493,2018-04-07,168,5168,5336
493,2018-04-08,31,4521,4552
493,2018-04-09,235,6044,6279
493,2018-04-10,240,5647,5887
493,2018-04-11,291,6419,6710
493,2018-04-13,300,6482,6782
493,2018-04-14,169,5271,5440
493,2018-04-15,33,3983,4016
493,2018-04-16,345,5826,6171
493,2018-04-17,349,6688,7037
493,2018-04-18,346,6648,6994
493,2018-04-19,330,6727,7057
493,2018-04-20,246,7490,7736
493,2018-04-21,160,6046,6206
493,2018-04-22,36,4429,4465
493,2018-04-23,333,6910,7243
493,2018-04-24,306,7118,7424
493,2018-04-25,363,7315,7678
493,2018-04-27,368,7663,8031
493,2018-04-28,190,5735,5925
493,2018-04-29,38,3670,3708
493,2018-04-30,342,6390,6732
493,2018-05-01,47,3440,3487
493,2018-05-02,369,7577,7946
493,2018-05-03,336,7718,8054
493,2018-05-04,346,8062,8408
493,2018-05-05,215,5897,6112
493,2018-05-06,56,4618,4674
493,2018-05-07,372,7357,7729
493,2018-05-08,328,7715,8043
493,2018-05-09,330,8141,8471
493,2018-05-11,288,7253,7541
493,2018-05-12,181,5527,5708
493,2018-05-13,34,3751,3785
493,2018-05-14,315,7380,7695
493,2018-05-15,301,7736,8037
493,2018-05-16,359,7768,8127
493,2018-05-18,349,7709,8058
493,2018-05-19,198,5537,5735
493,2018-05-20,37,3943,3980
493,2018-05-21,29,3399,3428
493,2018-05-22,288,7110,7398
493,2018-05-23,278,7086,7364
493,2018-05-24,278,6663,6941
493,2018-05-25,254,6821,7075
493,2018-05-26,169,5603,5772
493,2018-05-27,36,3935,3971
493,2018-05-28,374,7248,7622
493,2018-05-29,398,7528,7926
493,2018-05-30,289,7754,8043
493,2018-06-01,352,7534,7886
493,2018-06-02,170,5691,5861
493,2018-06-03,49,4442,4491
493,2018-06-04,350,7242,7592
493,2018-06-05,287,7808,8095
493,2018-06-06,378,7459,7837
493,2018-06-08,332,7920,8252
493,2018-06-09,178,5857,6035
493,2018-06-10,42,4559,4601
493,2018-06-11,311,7252,7563
493,2018-06-12,280,7633,7913
493,2018-06-13,328,7321,7649
493,2018-06-14,339,7215,7554
493,2018-06-15,342,7652,7994
493,2018-06-16,164,5846,6010
493,2018-06-17,40,4098,4138
493,2018-06-18,338,7180,7518
493,2018-06-19,309,7432,7741
493,2018-06-20,303,7064,7367
493,2018-06-22,388,7631,8019
493,2018-06-23,35,3834,3869
493,2018-06-24,35,4086,4121
493,2018-06-25,358,7198,7556
493,2018-06-26,362,7579,7941
493,2018-06-27,373,7460,7833
493,2018-06-28,382,7583,7965
493,2018-06-29,327,8060,8387
493,2018-06-30,180,6008,6188
493,2018-07-01,45,4839,4884
493,2018-07-02,374,7041,7415
493,2018-07-03,356,7353,7709
493,2018-07-04,353,7865,8218
493,2018-07-06,328,8058,8386
493,2018-07-07,171,5578,5749
493,2018-07-08,43,4384,4427
493,2018-07-09,319,7138,7457
493,2018-07-10,324,7763,8087
493,2018-07-11,365,7824,8189
493,2018-07-12,319,7908,8227
493,2018-07-13,283,8065,8348
493,2018-07-14,199,5642,5841
493,2018-07-15,64,3854,3918
493,2018-07-16,403,7468,7871
493,2018-07-17,383,7405,7788
493,2018-07-18,418,7633,8051
493,2018-07-20,365,7516,7881
493,2018-07-21,172,5405,5577
493,2018-07-22,41,4234,4275
493,2018-07-23,298,7333,7631
493,2018-07-24,284,7155,7439
493,2018-07-25,312,6968,7280
493,2018-07-26,270,7027,7297
493,2018-07-27,225,6889,7114
493,2018-07-28,165,4584,4749
493,2018-07-29,34,3388,3422
493,2018-07-30,248,6122,6370
493,2018-07-31,238,6290,6528
493,2018-08-01,254,6194,6448
493,2018-08-03,194,6191,6385
493,2018-08-04,144,4391,4535
493,2018-08-05,37,3838,3875
493,2018-08-06,207,5488,5695
493,2018-08-07,226,5472,5698
493,2018-08-08,242,5760,6002
493,2018-08-09,241,5748,5989
493,2018-08-10,333,5844,6177
493,2018-08-11,149,4102,4251
493,2018-08-12,35,3315,3350
493,2018-08-13,250,5256,5506
493,2018-08-14,229,5781,6010
493,2018-08-15,33,3125,3158
493,2018-08-16,213,5771,5984
493,2018-08-17,229,5715,5944
493,2018-08-18,142,4336,4478
493,2018-08-19,31,3462,3493
493,2018-08-20,272,5833,6105
493,2018-08-21,259,5750,6009
493,2018-08-22,274,6117,6391
493,2018-08-23,255,6039,6294
493,2018-08-24,263,6224,6487
493,2018-08-25,161,4289,4450
493,2018-08-26,37,3884,3921
493,2018-08-27,290,6325,6615
493,2018-08-28,353,6585,6938
493,2018-08-29,358,6665,7023
493,2018-08-31,303,6798,7101
493,2018-09-01,170,4711,4881
493,2018-09-02,40,3867,3907
493,2018-09-03,302,6537,6839
493,2018-09-04,325,6910,7235
493,2018-09-05,333,6977,7310
493,2018-09-06,322,6993,7315
493,2018-09-07,279,7121,7400
493,2018-09-08,195,5114,5309
493,2018-09-09,45,4076,4121
493,2018-09-10,308,7143,7451
493,2018-09-11,322,7417,7739
493,2018-09-12,315,7416,7731
493,2018-09-14,278,7702,7980
493,2018-09-15,174,5417,5591
493,2018-09-16,59,4602,4661
493,2018-09-17,296,7329,7625
493,2018-09-18,334,8114,8448
493,2018-09-19,360,7957,8317
493,2018-09-20,364,8177,8541
493,2018-09-21,316,8007,8323
493,2018-09-22,142,5589,5731
493,2018-09-23,44,3662,3706
493,2018-09-24,318,7918,8236
493,2018-09-25,343,8117,8460
493,2018-09-26,350,8086,8436
493,2018-09-28,323,8684,9007
493,2018-09-29,181,6106,6287
493,2018-09-30,43,4763,4806
493,2018-10-01,314,7727,8041
493,2018-10-02,316,7967,8283
493,2018-10-03,344,8118,8462
493,2018-10-04,336,8264,8600
493,2018-10-05,378,8595,8973
493,2018-10-06,171,5833,6004
493,2018-10-07,45,4304,4349
493,2018-10-08,358,7672,8030
493,2018-10-09,346,7992,8338
493,2018-10-10,332,8096,8428
493,2018-10-12,318,8204,8522
493,2018-10-13,192,6011,6203
493,2018-10-14,29,4372,4401
493,2018-10-15,318,7873,8191
493,2018-10-16,340,7990,8330
493,2018-10-17,376,7984,8360
493,2018-10-18,324,8089,8413
493,2018-10-19,325,8433,8758
493,2018-10-20,179,6229,6408
493,2018-10-21,30,4943,4973
493,2018-10-22,385,8116,8501
493,2018-10-23,323,7952,8275
493,2018-10-24,356,8090,8446
493,2018-10-26,350,8412,8762
493,2018-10-27,172,5564,5736
493,2018-10-28,39,3729,3768
493,2018-10-29,311,7360,7671
493,2018-10-30,315,7432,7747
493,2018-10-31,308,7871,8179
493,2018-11-02,218,6434,6652
493,2018-11-03,171,4928,5099
493,2018-11-04,34,4103,4137
493,2018-11-05,299,5033,5332
493,2018-11-06,295,4710,5005
493,2018-11-07,304,4653,4957
493,2018-11-09,292,4733,5025
493,2018-11-10,126,2891,3017
493,2018-11-11,32,2084,2116
493,2018-11-12,256,4442,4698
493,2018-11-13,276,4658,4934
493,2018-11-14,306,4621,4927
493,2018-11-15,289,4524,4813
493,2018-11-16,265,4738,5003
493,2018-11-17,159,3159,3318
493,2018-11-18,32,2173,2205
493,2018-11-19,303,4551,4854
493,2018-11-20,306,4745,5051
493,2018-11-21,276,4492,4768
493,2018-11-22,275,4521,4796
493,2018-11-23,279,4782,5061
493,2018-11-24,132,2873,3005
493,2018-11-25,27,2015,2042
493,2018-11-26,258,4283,4541
493,2018-11-27,265,4370,4635
493,2018-11-28,274,4297,4571
493,2018-11-30,264,4873,5137
493,2018-12-01,149,4755,4904
493,2018-12-02,30,3394,3424
493,2018-12-03,318,5888,6206
493,2018-12-04,319,7229,7548
493,2018-12-05,344,7308,7652
493,2018-12-06,268,7128,7396
493,2018-12-07,309,7204,7513
493,2018-12-08,160,4788,4948
493,2018-12-09,44,3446,3490
493,2018-12-10,308,6984,7292
493,2018-12-11,299,7262,7561
493,2018-12-12,309,7318,7627
493,2018-12-14,321,7575,7896
493,2018-12-15,168,5325,5493
493,2018-12-16,34,3287,3321
493,2018-12-17,278,7170,7448
493,2018-12-18,304,7483,7787
493,2018-12-19,302,7429,7731
493,2018-12-20,291,7562,7853
493,2018-12-21,265,7298,7563
493,2018-12-22,183,5000,5183
493,2018-12-23,29,3466,3495
493,2018-12-24,167,4709,4876
493,2018-12-25,25,2899,2924
493,2018-12-26,25,2627,2652
493,2018-12-27,163,4922,5085
493,2018-12-28,162,5033,5195
493,2018-12-29,139,4022,4161
493,2018-12-30,21,3007,3028
493,2018-12-31,147,4480,4627
495,2018-01-01,11,3660,3671
495,2018-01-02,208,7947,8155
495,2018-01-03,164,8194,8358
495,2018-01-04,240,9308,9548
495,2018-01-05,214,9398,9612
495,2018-01-06,116,6714,6830
495,2018-01-07,17,4449,4466
495,2018-01-08,375,10080,10455
495,2018-01-09,511,10477,10988
495,2018-01-10,562,10377,10939
495,2018-01-11,543,10749,11292
495,2018-01-12,532,10887,11419
495,2018-01-13,144,7024,7168
495,2018-01-14,28,4741,4769
495,2018-01-15,517,10215,10732
495,2018-01-16,481,10697,11178
495,2018-01-17,458,10027,10485
495,2018-01-18,448,10626,11074
495,2018-01-19,514,10833,11347
495,2018-01-20,142,6499,6641
495,2018-01-21,22,4557,4579
495,2018-01-22,466,10075,10541
495,2018-01-23,504,10465,10969
495,2018-01-24,519,10149,10668
495,2018-01-25,453,10808,11261
495,2018-01-26,559,10851,11410
495,2018-01-27,128,7222,7350
495,2018-01-28,14,5018,5032
495,2018-01-29,497,10356,10853
495,2018-01-30,509,10661,11170
495,2018-01-31,482,10311,10793
495,2018-02-01,519,10575,11094
495,2018-02-02,472,10623,11095
495,2018-02-03,143,7039,7182
495,2018-02-04,35,4624,4659
495,2018-02-05,522,9777,10299
495,2018-02-06,321,9345,9666
495,2018-02-07,382,9907,10289
495,2018-02-08,420,10272,10692
495,2018-02-09,440,10157,10597
495,2018-02-10,132,6215,6347
495,2018-02-11,28,3904,3932
495,2018-02-12,282,7608,7890
495,2018-02-13,385,8930,9315
495,2018-02-14,449,8976,9425
495,2018-02-15,399,8712,9111
495,2018-02-16,397,9254,9651
495,2018-02-17,129,6234,6363
495,2018-02-18,21,4640,4661
495,2018-02-19,514,9850,10364
495,2018-02-20,527,10540,11067
495,2018-02-21,671,10290,10961
495,2018-02-22,614,10584,11198
495,2018-02-23,535,10881,11416
495,2018-02-24,126,7322,7448
495,2018-02-25,18,4875,4893
495,2018-02-26,466,9803,10269
495,2018-02-27,433,10341,10774
495,2018-02-28,521,10040,10561
495,2018-03-01,561,10417,10978
495,2018-03-02,365,9387,9752
495,2018-03-03,132,6803,6935
495,2018-03-04,22,4561,4583
495,2018-03-05,626,10083,10709
495,2018-03-06,632,10535,11167
495,2018-03-07,653,10549,11202
495,2018-03-08,562,10749,11311
495,2018-03-09,644,11112,11756
495,2018-03-10,143,7287,7430
495,2018-03-11,42,5119,5161
495,2018-03-12,594,10176,10770
495,2018-03-13,516,10459,10975
495,2018-03-14,568,10215,10783
495,2018-03-15,691,10735,11426
495,2018-03-16,587,11404,11991
495,2018-03-17,161,7343,7504
495,2018-03-18,35,5197,5232
495,2018-03-19,626,10029,10655
495,2018-03-20,602,10726,11328
495,2018-03-21,645,10180,10825
495,2018-03-22,616,10367,10983
495,2018-03-23,622,11203,11825
495,2018-03-24,202,7875,8077
495,2018-03-26,663,10500,11163
495,2018-03-27,672,11129,11801
495,2018-03-28,597,10814,11411
495,2018-03-29,688,11432,12120
495,2018-03-30,672,11066,11738
495,2018-03-31,133,6790,6923
495,2018-04-01,15,4617,4632
495,2018-04-02,38,4546,4584
495,2018-04-03,585,9725,10310
495,2018-04-04,660,9916,10576
495,2018-04-05,572,10224,10796
495,2018-04-06,631,10231,10862
495,2018-04-07,174,6700,6874
495,2018-04-08,38,4958,4996
495,2018-04-09,591,9272,9863
495,2018-04-10,621,10045,10666
495,2018-04-11,689,9972,10661
495,2018-04-12,661,10201,10862
495,2018-04-13,706,10529,11235
495,2018-04-14,188,7237,7425
495,2018-04-15,19,5119,5138
495,2018-04-16,673,11176,11849
495,2018-04-17,700,11994,12694
495,2018-04-18,695,11493,12188
495,2018-04-19,589,11994,12583
495,2018-04-20,633,12401,13034
495,2018-04-21,251,8053,8304
495,2018-04-22,58,5645,5703
495,2018-04-23,570,11047,11617
495,2018-04-24,589,11516,12105
495,2018-04-25,641,11266,11907
495,2018-04-26,655,11693,12348
495,2018-04-27,713,12269,12982
495,2018-04-28,175,7914,8089
495,2018-04-30,392,9738,10130
495,2018-05-01,53,4558,4611
495,2018-05-02,845,11400,12245
495,2018-05-03,783,12395,13178
495,2018-05-04,777,12673,13450
495,2018-05-05,254,7965,8219
495,2018-05-06,56,5772,5828
495,2018-05-07,568,11289,11857
495,2018-05-08,535,11991,12526
495,2018-05-09,568,12072,12640
495,2018-05-10,63,5006,5069
495,2018-05-11,383,9981,10364
495,2018-05-12,184,7669,7853
495,2018-05-13,45,4979,5024
495,2018-05-14,582,11142,11724
495,2018-05-15,599,11706,12305
495,2018-05-16,609,11359,11968
495,2018-05-17,608,11887,12495
495,2018-05-18,713,12046,12759
495,2018-05-19,181,7347,7528
495,2018-05-20,52,5730,5782
495,2018-05-21,55,4285,4340
495,2018-05-22,687,10461,11148
495,2018-05-23,592,10190,10782
495,2018-05-24,609,10656,11265
495,2018-05-25,611,11229,11840
495,2018-05-26,261,7465,7726
495,2018-05-27,45,5035,5080
495,2018-05-28,583,11093,11676
495,2018-05-29,658,12124,12782
495,2018-05-30,579,11456,12035
495,2018-05-31,621,11893,12514
495,2018-06-01,585,12253,12838
495,2018-06-02,202,7706,7908
495,2018-06-03,49,5594,5643
495,2018-06-04,563,11091,11654
495,2018-06-05,665,11887,12552
495,2018-06-06,718,11095,11813
495,2018-06-07,691,11914,12605
495,2018-06-08,733,12312,13045
495,2018-06-09,188,8782,8970
495,2018-06-10,51,6406,6457
495,2018-06-11,754,11245,11999
495,2018-06-12,702,11401,12103
495,2018-06-13,837,11311,12148
495,2018-06-14,891,12053,12944
495,2018-06-15,708,11881,12589
495,2018-06-16,155,7306,7461
495,2018-06-17,42,4990,5032
495,2018-06-18,735,10783,11518
495,2018-06-19,764,11230,11994
495,2018-06-20,861,11103,11964
495,2018-06-21,808,11525,12333
495,2018-06-22,817,11649,12466
495,2018-06-23,70,5300,5370
495,2018-06-24,45,5847,5892
495,2018-06-25,854,10531,11385
495,2018-06-26,792,11489,12281
495,2018-06-27,733,11084,11817
495,2018-06-28,684,12340,13024
495,2018-06-29,657,12107,12764
495,2018-06-30,175,8340,8515
495,2018-07-01,35,6275,6310
495,2018-07-02,622,10953,11575
495,2018-07-03,595,11271,11866
495,2018-07-04,706,10923,11629
495,2018-07-05,624,11700,12324
495,2018-07-06,617,11636,12253
495,2018-07-07,164,7776,7940
495,2018-07-08,69,5887,5956
495,2018-07-09,666,10789,11455
495,2018-07-10,782,11641,12423
495,2018-07-11,829,11015,11844
495,2018-07-12,807,11509,12316
495,2018-07-13,827,11771,12598
495,2018-07-14,175,8106,8281
495,2018-07-15,73,5934,6007
495,2018-07-16,757,10586,11343
495,2018-07-17,628,10989,11617
495,2018-07-18,765,11092,11857
495,2018-07-19,667,11528,12195
495,2018-07-20,751,11654,12405
495,2018-07-21,219,8078,8297
495,2018-07-22,57,5565,5622
495,2018-07-23,662,10321,10983
495,2018-07-24,582,10629,11211
495,2018-07-25,539,10293,10832
495,2018-07-26,473,10559,11032
495,2018-07-27,338,10450,10788
495,2018-07-28,132,6633,6765
495,2018-07-29,45,5047,5092
495,2018-07-30,232,9045,9277
495,2018-07-31,255,9444,9699
495,2018-08-01,240,9218,9458
495,2018-08-02,277,9117,9394
495,2018-08-03,246,9305,9551
495,2018-08-04,121,6261,6382
495,2018-08-05,27,4869,4896
495,2018-08-06,283,8287,8570
495,2018-08-07,242,8319,8561
495,2018-08-08,271,8647,8918
495,2018-08-09,224,8578,8802
495,2018-08-10,243,8827,9070
495,2018-08-11,127,6183,6310
495,2018-08-12,47,4634,4681
495,2018-08-13,235,8117,8352
495,2018-08-14,254,8461,8715
495,2018-08-15,46,4519,4565
495,2018-08-16,266,8457,8723
495,2018-08-17,215,8529,8744
495,2018-08-18,147,6127,6274
495,2018-08-19,38,4654,4692
495,2018-08-20,437,8766,9203
495,2018-08-21,402,9255,9657
495,2018-08-22,438,9029,9467
495,2018-08-23,435,9368,9803
495,2018-08-24,457,9596,10053
495,2018-08-25,132,6446,6578
495,2018-08-26,49,4859,4908
495,2018-08-27,553,9239,9792
495,2018-08-28,609,9561,10170
495,2018-08-29,613,9454,10067
495,2018-08-30,559,9637,10196
495,2018-08-31,662,9913,10575
495,2018-09-01,234,6799,7033
495,2018-09-02,63,5137,5200
495,2018-09-03,590,9349,9939
495,2018-09-04,597,9885,10482
495,2018-09-05,575,9877,10452
495,2018-09-06,517,10433,10950
495,2018-09-07,590,10262,10852
495,2018-09-08,199,7013,7212
495,2018-09-09,41,5459,5500
495,2018-09-10,594,10250,10844
495,2018-09-11,604,10756,11360
495,2018-09-12,614,10705,11319
495,2018-09-13,650,10928,11578
495,2018-09-14,615,11209,11824
495,2018-09-15,181,8273,8454
495,2018-09-16,57,6361,6418
495,2018-09-17,737,11670,12407
495,2018-09-18,652,12759,13411
495,2018-09-19,741,12075,12816
495,2018-09-20,726,12484,13210
495,2018-09-21,674,12671,13345
495,2018-09-22,164,7347,7511
495,2018-09-23,57,4808,4865
495,2018-09-24,627,11673,12300
495,2018-09-25,743,12148,12891
495,2018-09-26,691,12008,12699
495,2018-09-27,627,11671,12298
495,2018-09-28,684,12962,13646
495,2018-09-29,198,7842,8040
495,2018-09-30,39,6119,6158
495,2018-10-01,744,11168,11912
495,2018-10-02,711,11707,12418
495,2018-10-03,704,11441,12145
495,2018-10-04,655,11746,12401
495,2018-10-05,644,12227,12871
495,2018-10-06,181,7960,8141
495,2018-10-07,42,5496,5538
495,2018-10-08,644,11196,11840
495,2018-10-09,588,11681,12269
495,2018-10-10,718,11321,12039
495,2018-10-11,679,11671,12350
495,2018-10-12,701,12036,12737
495,2018-10-13,154,7865,8019
495,2018-10-14,35,5354,5389
495,2018-10-15,710,11006,11716
495,2018-10-16,693,11605,12298
495,2018-10-17,779,11416,12195
495,2018-10-18,744,11947,12691
495,2018-10-19,779,11964,12743
495,2018-10-20,395,7766,8161
495,2018-10-21,46,6226,6272
495,2018-10-22,289,7567,7856
495,2018-10-23,760,11779,12539
495,2018-10-24,755,11450,12205
495,2018-10-25,835,11752,12587
495,2018-10-26,813,11891,12704
495,2018-10-27,442,7735,8177
495,2018-10-28,52,5287,5339
495,2018-10-29,716,10323,11039
495,2018-10-30,700,10198,10898
495,2018-11-01,35,4805,4840
495,2018-11-02,336,8802,9138
495,2018-11-03,154,6941,7095
495,2018-11-04,34,5079,5113
495,2018-11-05,733,11336,12069
495,2018-11-06,686,12152,12838
495,2018-11-07,679,11823,12502
495,2018-11-08,744,12518,13262
495,2018-11-09,726,12361,13087
495,2018-11-10,145,7532,7677
495,2018-11-11,25,4995,5020
495,2018-11-12,759,11734,12493
495,2018-11-13,684,12095,12779
495,2018-11-14,707,11923,12630
495,2018-11-15,717,12097,12814
495,2018-11-16,716,12633,13349
495,2018-11-17,175,8154,8329
495,2018-11-18,40,5741,5781
495,2018-11-19,585,10673,11258
495,2018-11-20,540,11128,11668
495,2018-11-21,699,11305,12004
495,2018-11-22,642,11679,12321
495,2018-11-23,601,12200,12801
495,2018-11-24,171,8134,8305
495,2018-11-25,27,5534,5561
495,2018-11-26,686,11398,12084
495,2018-11-27,671,11911,12582
495,2018-11-28,665,11551,12216
495,2018-11-29,706,11780,12486
495,2018-11-30,655,11966,12621
495,2018-12-01,180,7770,7950
495,2018-12-02,31,5384,5415
495,2018-12-03,626,11141,11767
495,2018-12-04,580,11669,12249
495,2018-12-05,643,11384,12027
495,2018-12-06,561,11178,11739
495,2018-12-07,536,11779,12315
495,2018-12-08,140,7457,7597
495,2018-12-09,26,4866,4892
495,2018-12-10,708,11087,11795
495,2018-12-11,646,11472,12118
495,2018-12-12,671,10988,11659
495,2018-12-13,648,11660,12308
495,2018-12-14,647,11567,12214
495,2018-12-15,172,7800,7972
495,2018-12-16,47,4388,4435
495,2018-12-17,629,10548,11177
495,2018-12-18,580,11315,11895
495,2018-12-19,554,11101,11655
495,2018-12-20,567,11389,11956
495,2018-12-21,353,11184,11537
495,2018-12-22,109,7047,7156
495,2018-12-23,16,4650,4666
495,2018-12-24,149,6808,6957
495,2018-12-25,15,4226,4241
495,2018-12-26,32,3923,3955
495,2018-12-27,193,7301,7494
495,2018-12-28,182,7366,7548
495,2018-12-29,120,5859,5979
495,2018-12-30,25,4377,4402
495,2018-12-31,108,6412,6520
498,2018-01-01,11,3584,3595
498,2018-01-02,152,7734,7886
498,2018-01-03,227,7806,8033
498,2018-01-04,198,7517,7715
498,2018-01-05,235,8719,8954
498,2018-01-06,67,7344,7411
498,2018-01-07,25,4810,4835
498,2018-01-08,293,8902,9195
498,2018-01-09,321,9200,9521
498,2018-01-10,324,8769,9093
498,2018-01-12,367,9560,9927
498,2018-01-13,95,7808,7903
498,2018-01-14,29,5108,5137
498,2018-01-15,348,8664,9012
498,2018-01-16,406,9036,9442
498,2018-01-17,344,8759,9103
498,2018-01-18,400,9010,9410
498,2018-01-19,332,9418,9750
498,2018-01-20,89,7378,7467
498,2018-01-21,23,4808,4831
498,2018-01-22,316,8867,9183
498,2018-01-23,332,8808,9140
498,2018-01-24,286,8791,9077
498,2018-01-26,282,9422,9704
498,2018-01-27,79,7872,7951
498,2018-01-28,29,5434,5463
498,2018-01-29,334,8743,9077
498,2018-01-30,296,9182,9478
498,2018-01-31,282,8347,8629
498,2018-02-01,341,8950,9291
498,2018-02-02,360,9335,9695
498,2018-02-03,98,7933,8031
498,2018-02-04,26,4964,4990
498,2018-02-05,339,8732,9071
498,2018-02-06,289,7879,8168
498,2018-02-07,355,8735,9090
498,2018-02-09,317,9211,9528
498,2018-02-10,87,7357,7444
498,2018-02-11,33,4657,4690
498,2018-02-12,334,8083,8417
498,2018-02-13,362,8633,8995
498,2018-02-14,331,8968,9299
498,2018-02-15,275,8033,8308
498,2018-02-16,353,8845,9198
498,2018-02-17,108,7223,7331
498,2018-02-18,34,5012,5046
498,2018-02-19,305,8726,9031
498,2018-02-20,303,9078,9381
498,2018-02-21,354,8992,9346
498,2018-02-23,324,9637,9961
498,2018-02-24,109,7916,8025
498,2018-02-25,19,5045,5064
498,2018-02-26,347,8857,9204
498,2018-02-27,365,9276,9641
498,2018-02-28,347,8960,9307
498,2018-03-01,279,9160,9439
498,2018-03-02,326,8581,8907
498,2018-03-03,87,7665,7752
498,2018-03-04,23,4881,4904
498,2018-03-05,300,8923,9223
498,2018-03-06,320,8849,9169
498,2018-03-07,297,8587,8884
498,2018-03-09,273,8984,9257
498,2018-03-10,80,7683,7763
498,2018-03-11,23,6139,6162
498,2018-03-12,311,8621,8932
498,2018-03-13,277,8745,9022
498,2018-03-14,284,8894,9178
498,2018-03-15,299,8861,9160
498,2018-03-16,314,9409,9723
498,2018-03-17,66,7558,7624
498,2018-03-18,24,4781,4805
498,2018-03-19,335,8618,8953
498,2018-03-20,424,9061,9485
498,2018-03-21,349,8958,9307
498,2018-03-22,348,8894,9242
498,2018-03-23,377,9487,9864
498,2018-03-24,94,8291,8385
498,2018-03-26,304,8862,9166
498,2018-03-27,351,9137,9488
498,2018-03-28,296,8827,9123
498,2018-03-31,97,8442,8539
498,2018-04-01,40,4700,4740
498,2018-04-02,14,4541,4555
498,2018-04-03,275,8343,8618
498,2018-04-04,316,8607,8923
498,2018-04-06,311,9909,10220
498,2018-04-07,106,7872,7978
498,2018-04-08,25,5439,5464
498,2018-04-09,327,8558,8885
498,2018-04-10,336,8625,8961
498,2018-04-11,312,8961,9273
498,2018-04-13,355,9517,9872
498,2018-04-14,129,7840,7969
498,2018-04-15,26,5808,5834
498,2018-04-16,321,9089,9410
498,2018-04-17,362,9550,9912
498,2018-04-18,345,9489,9834
498,2018-04-19,352,9880,10232
498,2018-04-20,361,10143,10504
498,2018-04-21,92,8442,8534
498,2018-04-22,29,6026,6055
498,2018-04-23,346,9272,9618
498,2018-04-24,366,9285,9651
498,2018-04-25,352,8978,9330
498,2018-04-27,345,10061,10406
498,2018-04-28,118,8050,8168
498,2018-04-29,52,4868,4920
498,2018-04-30,266,9158,9424
498,2018-05-01,27,4592,4619
498,2018-05-02,409,9461,9870
498,2018-05-03,368,9672,10040
498,2018-05-04,357,10202,10559
498,2018-05-05,106,8279,8385
498,2018-05-06,23,5793,5816
498,2018-05-07,384,9413,9797
498,2018-05-08,379,9642,10021
498,2018-05-09,349,10232,10581
498,2018-05-11,281,9408,9689
498,2018-05-12,84,7798,7882
498,2018-05-13,30,5336,5366
498,2018-05-14,382,8736,9118
498,2018-05-15,381,9283,9664
498,2018-05-16,359,9231,9590
498,2018-05-18,348,9888,10236
498,2018-05-19,113,7880,7993
498,2018-05-20,40,4860,4900
498,2018-05-21,34,4286,4320
498,2018-05-22,330,8620,8950
498,2018-05-23,342,8514,8856
498,2018-05-24,368,9005,9373
498,2018-05-25,380,9402,9782
498,2018-05-26,128,7273,7401
498,2018-05-27,50,4798,4848
498,2018-05-28,391,8926,9317
498,2018-05-29,324,9083,9407
498,2018-05-30,347,9359,9706
498,2018-06-01,444,9544,9988
498,2018-06-02,107,7411,7518
498,2018-06-03,34,5716,5750
498,2018-06-04,290,8666,8956
498,2018-06-05,290,8846,9136
498,2018-06-06,339,9287,9626
498,2018-06-08,352,9828,10180
498,2018-06-09,160,8112,8272
498,2018-06-10,20,5362,5382
498,2018-06-11,366,8140,8506
498,2018-06-12,380,8903,9283
498,2018-06-13,370,9011,9381
498,2018-06-14,325,9434,9759
498,2018-06-15,354,9924,10278
498,2018-06-16,92,7912,8004
498,2018-06-17,33,5646,5679
498,2018-06-18,341,8901,9242
498,2018-06-19,403,9097,9500
498,2018-06-20,358,9275,9633
498,2018-06-22,331,9735,10066
498,2018-06-23,52,5839,5891
498,2018-06-24,26,5423,5449
498,2018-06-25,404,8887,9291
498,2018-06-26,374,9602,9976
498,2018-06-27,383,9519,9902
498,2018-06-28,356,9499,9855
498,2018-06-29,332,10102,10434
498,2018-06-30,113,8201,8314
498,2018-07-01,22,6248,6270
498,2018-07-02,353,9234,9587
498,2018-07-03,363,9493,9856
498,2018-07-04,410,9133,9543
498,2018-07-06,339,9568,9907
498,2018-07-07,84,8096,8180
498,2018-07-08,33,6243,6276
498,2018-07-09,339,9129,9468
498,2018-07-10,440,10271,10711
498,2018-07-11,360,9391,9751
498,2018-07-12,416,10014,10430
498,2018-07-13,347,9958,10305
498,2018-07-14,115,8040,8155
498,2018-07-15,48,5628,5676
498,2018-07-16,384,10144,10528
498,2018-07-17,339,9368,9707
498,2018-07-18,345,9190,9535
498,2018-07-20,301,9323,9624
498,2018-07-21,100,7886,7986
498,2018-07-22,24,5420,5444
498,2018-07-23,298,8728,9026
498,2018-07-24,312,8991,9303
498,2018-07-25,289,9175,9464
498,2018-07-26,316,9356,9672
498,2018-07-27,260,9123,9383
498,2018-07-28,77,6962,7039
498,2018-07-29,27,5061,5088
498,2018-07-30,289,8163,8452
498,2018-07-31,262,8269,8531
498,2018-08-01,271,8133,8404
498,2018-08-03,276,8402,8678
498,2018-08-04,81,6163,6244
498,2018-08-05,20,4421,4441
498,2018-08-06,244,7375,7619
498,2018-08-07,236,7465,7701
498,2018-08-08,245,7540,7785
498,2018-08-09,277,7063,7340
498,2018-08-10,249,7453,7702
498,2018-08-11,73,5685,5758
498,2018-08-12,23,4221,4244
498,2018-08-13,268,6576,6844
498,2018-08-14,231,7485,7716
498,2018-08-15,23,3989,4012
498,2018-08-16,242,7482,7724
498,2018-08-17,252,7576,7828
498,2018-08-18,82,5888,5970
498,2018-08-19,22,4401,4423
498,2018-08-20,270,7670,7940
498,2018-08-21,241,7821,8062
498,2018-08-22,350,8350,8700
498,2018-08-23,289,7713,8002
498,2018-08-24,297,8151,8448
498,2018-08-25,76,6360,6436
498,2018-08-26,35,4694,4729
498,2018-08-27,295,8163,8458
498,2018-08-28,321,8247,8568
498,2018-08-29,310,8074,8384
498,2018-08-31,314,8740,9054
498,2018-09-01,123,7302,7425
498,2018-09-02,25,5178,5203
498,2018-09-03,296,8195,8491
498,2018-09-04,308,8434,8742
498,2018-09-05,318,8673,8991
498,2018-09-06,418,8198,8616
498,2018-09-07,350,9055,9405
498,2018-09-08,95,7285,7380
498,2018-09-09,27,5612,5639
498,2018-09-10,326,8674,9000
498,2018-09-11,356,8849,9205
498,2018-09-12,378,8866,9244
498,2018-09-14,351,9537,9888
498,2018-09-15,100,8215,8315
498,2018-09-16,35,6478,6513
498,2018-09-17,328,9550,9878
498,2018-09-18,352,9733,10085
498,2018-09-19,324,9626,9950
498,2018-09-20,346,9657,10003
498,2018-09-21,360,9941,10301
498,2018-09-22,110,8416,8526
498,2018-09-23,22,4704,4726
498,2018-09-24,301,9304,9605
498,2018-09-25,373,9348,9721
498,2018-09-26,355,9392,9747
498,2018-09-28,367,10004,10371
498,2018-09-29,168,8779,8947
498,2018-09-30,58,6416,6474
498,2018-10-01,397,9234,9631
498,2018-10-02,430,9568,9998
498,2018-10-03,401,9263,9664
498,2018-10-04,329,9493,9822
498,2018-10-05,362,10328,10690
498,2018-10-06,108,8644,8752
498,2018-10-07,21,5556,5577
498,2018-10-08,357,9428,9785
498,2018-10-09,361,9567,9928
498,2018-10-10,402,9449,9851
498,2018-10-12,404,10112,10516
498,2018-10-13,103,8331,8434
498,2018-10-14,29,6101,6130
498,2018-10-15,376,9598,9974
498,2018-10-16,363,10037,10400
498,2018-10-17,388,9660,10048
498,2018-10-18,383,9652,10035
498,2018-10-19,378,10277,10655
498,2018-10-20,109,8309,8418
498,2018-10-21,27,5662,5689
498,2018-10-22,371,8915,9286
498,2018-10-23,402,9498,9900
498,2018-10-24,363,9338,9701
498,2018-10-26,371,9995,10366
498,2018-10-27,134,8033,8167
498,2018-10-28,16,5456,5472
498,2018-10-29,408,9438,9846
498,2018-10-30,394,9784,10178
498,2018-10-31,293,10178,10471
498,2018-11-02,297,8693,8990
498,2018-11-03,98,7508,7606
498,2018-11-04,16,5280,5296
498,2018-11-05,401,9686,10087
498,2018-11-06,398,10011,10409
498,2018-11-07,405,9360,9765
498,2018-11-09,403,9982,10385
498,2018-11-10,81,7670,7751
498,2018-11-11,20,5135,5155
498,2018-11-12,356,9117,9473
498,2018-11-13,392,9296,9688
498,2018-11-14,398,9446,9844
498,2018-11-15,440,9533,9973
498,2018-11-16,430,10118,10548
498,2018-11-17,123,8181,8304
498,2018-11-18,25,5383,5408
498,2018-11-19,360,9215,9575
498,2018-11-20,397,9379,9776
498,2018-11-21,390,9261,9651
498,2018-11-22,353,9339,9692
498,2018-11-23,326,10282,10608
498,2018-11-24,78,7638,7716
498,2018-11-25,20,5728,5748
498,2018-11-26,295,9118,9413
498,2018-11-27,341,9192,9533
498,2018-11-28,357,9266,9623
498,2018-11-30,372,9854,10226
498,2018-12-01,107,7935,8042
498,2018-12-02,22,5306,5328
498,2018-12-03,352,8770,9122
498,2018-12-04,458,9718,10176
498,2018-12-05,344,9643,9987
498,2018-12-06,367,9229,9596
498,2018-12-07,333,9132,9465
498,2018-12-08,74,7594,7668
498,2018-12-09,32,5068,5100
498,2018-12-10,362,9153,9515
498,2018-12-11,389,9414,9803
498,2018-12-12,353,9346,9699
498,2018-12-14,405,10048,10453
498,2018-12-15,137,8365,8502
498,2018-12-16,26,5332,5358
498,2018-12-17,281,9244,9525
498,2018-12-18,343,9503,9846
498,2018-12-19,322,9305,9627
498,2018-12-20,264,9749,10013
498,2018-12-21,222,9898,10120
498,2018-12-22,90,7822,7912
498,2018-12-23,15,5624,5639
498,2018-12-24,162,6886,7048
498,2018-12-25,7,3919,3926
498,2018-12-26,11,4179,4190
498,2018-12-27,219,7887,8106
498,2018-12-28,185,7497,7682
498,2018-12-29,73,6252,6325
498,2018-12-30,8,5035,5043
498,2018-12-31,85,6803,6888
520,2018-01-01,40,3248,3288
520,2018-01-02,244,7344,7588
520,2018-01-04,222,7760,7982
520,2018-01-05,282,8150,8432
520,2018-01-06,124,6282,6406
520,2018-01-07,36,4266,4302
520,2018-01-08,251,7740,7991
520,2018-01-09,246,8423,8669
520,2018-01-12,243,8714,8957
520,2018-01-13,138,7243,7381
520,2018-01-14,67,4733,4800
520,2018-01-15,274,7816,8090
520,2018-01-16,324,8404,8728
520,2018-01-18,302,8384,8686
520,2018-01-19,306,8774,9080
520,2018-01-20,136,6766,6902
520,2018-01-21,34,4356,4390
520,2018-01-22,282,8092,8374
520,2018-01-23,257,8217,8474
520,2018-01-24,246,8354,8600
520,2018-01-26,263,8818,9081
520,2018-01-27,138,7753,7891
520,2018-01-28,48,5159,5207
520,2018-01-29,262,8072,8334
520,2018-01-30,261,8637,8898
520,2018-01-31,294,8170,8464
520,2018-02-01,244,8604,8848
520,2018-02-02,316,8608,8924
520,2018-02-03,136,7295,7431
520,2018-02-04,44,4939,4983
520,2018-02-05,268,7786,8054
520,2018-02-06,218,7970,8188
520,2018-02-07,245,8103,8348
520,2018-02-09,276,8641,8917
520,2018-02-10,142,6323,6465
520,2018-02-11,56,4079,4135
520,2018-02-12,186,6872,7058
520,2018-02-13,217,7568,7785
520,2018-02-14,232,7967,8199
520,2018-02-15,274,7312,7586
520,2018-02-16,208,8142,8350
520,2018-02-17,144,6316,6460
520,2018-02-18,52,4469,4521
520,2018-02-19,246,8404,8650
520,2018-02-20,255,8532,8787
520,2018-02-21,274,8448,8722
520,2018-02-23,338,8901,9239
520,2018-02-24,150,7217,7367
520,2018-02-25,44,4685,4729
520,2018-02-26,277,8000,8277
520,2018-02-27,264,8370,8634
520,2018-02-28,300,8385,8685
520,2018-03-01,288,8390,8678
520,2018-03-02,306,7994,8300
520,2018-03-03,220,7019,7239
520,2018-03-04,106,4604,4710
520,2018-03-05,280,8110,8390
520,2018-03-06,289,8394,8683
520,2018-03-09,326,8990,9316
520,2018-03-10,236,7358,7594
520,2018-03-11,114,4811,4925
520,2018-03-12,390,9342,9732
520,2018-03-13,310,9816,10126
520,2018-03-14,302,9391,9693
520,2018-03-16,368,9256,9624
520,2018-03-17,253,7884,8137
520,2018-03-18,127,4611,4738
520,2018-03-19,316,8441,8757
520,2018-03-20,289,8819,9108
520,2018-03-21,313,8844,9157
520,2018-03-22,332,8832,9164
520,2018-03-23,290,9110,9400
520,2018-03-24,164,7831,7995
520,2018-03-26,318,8525,8843
520,2018-03-27,282,8810,9092
520,2018-03-28,296,8774,9070
520,2018-03-31,130,6972,7102
520,2018-04-01,36,4438,4474
520,2018-04-02,40,3942,3982
520,2018-04-03,278,8438,8716
520,2018-04-04,278,7906,8184
520,2018-04-06,247,8398,8645
520,2018-04-07,175,6892,7067
520,2018-04-08,65,5364,5429
520,2018-04-09,253,8037,8290
520,2018-04-10,294,8500,8794
520,2018-04-11,240,8556,8796
520,2018-04-14,148,7293,7441
520,2018-04-15,58,5118,5176
520,2018-04-16,285,8694,8979
520,2018-04-17,292,9301,9593
520,2018-04-18,304,8983,9287
520,2018-04-19,394,9354,9748
520,2018-04-20,400,9872,10272
520,2018-04-21,177,8096,8273
520,2018-04-22,56,5915,5971
520,2018-04-23,299,8806,9105
520,2018-04-24,278,9437,9715
520,2018-04-25,332,8900,9232
520,2018-04-27,317,9651,9968
520,2018-04-28,210,7788,7998
520,2018-04-29,56,5048,5104
520,2018-04-30,258,8616,8874
520,2018-05-01,43,4280,4323
520,2018-05-02,303,9209,9512
520,2018-05-03,271,9629,9900
520,2018-05-04,315,9770,10085
520,2018-05-05,155,7994,8149
520,2018-05-06,48,5946,5994
520,2018-05-07,354,9922,10276
520,2018-05-08,352,11592,11944
520,2018-05-09,338,10406,10744
520,2018-05-11,317,9529,9846
520,2018-05-12,176,7593,7769
520,2018-05-13,56,4544,4600
520,2018-05-14,342,8902,9244
520,2018-05-15,287,9016,9303
520,2018-05-16,321,9229,9550
520,2018-05-18,300,9858,10158
520,2018-05-19,188,7180,7368
520,2018-05-20,46,5086,5132
520,2018-05-21,71,4628,4699
520,2018-05-22,255,8286,8541
520,2018-05-23,276,8306,8582
520,2018-05-24,236,8086,8322
520,2018-05-25,262,8395,8657
520,2018-05-26,147,7393,7540
520,2018-05-27,51,4936,4987
520,2018-05-28,299,8902,9201
520,2018-05-29,322,8960,9282
520,2018-05-30,294,9156,9450
520,2018-06-01,296,9208,9504
520,2018-06-02,401,15297,15698
520,2018-06-03,130,10420,10550
520,2018-06-04,286,8772,9058
520,2018-06-05,281,9362,9643
520,2018-06-06,289,9043,9332
520,2018-06-07,286,9028,9314
520,2018-06-08,303,9622,9925
520,2018-06-09,172,7776,7948
520,2018-06-10,55,5783,5838
520,2018-06-11,342,8272,8614
520,2018-06-12,244,9638,9882
520,2018-06-13,277,8951,9228
520,2018-06-15,236,9402,9638
520,2018-06-16,156,7708,7864
520,2018-06-17,54,5302,5356
520,2018-06-18,308,8584,8892
520,2018-06-19,288,9141,9429
520,2018-06-20,287,8976,9263
520,2018-06-22,289,9421,9710
520,2018-06-23,60,4742,4802
520,2018-06-24,56,6530,6586
520,2018-06-25,306,8753,9059
520,2018-06-26,272,9341,9613
520,2018-06-27,262,9264,9526
520,2018-06-28,302,9462,9764
520,2018-06-29,298,9964,10262
520,2018-06-30,179,7961,8140
520,2018-07-01,44,5842,5886
520,2018-07-02,270,9020,9290
520,2018-07-03,273,9548,9821
520,2018-07-04,337,9218,9555
520,2018-07-06,236,9371,9607
520,2018-07-07,144,7301,7445
520,2018-07-08,51,5388,5439
520,2018-07-09,239,8138,8377
520,2018-07-10,227,8493,8720
520,2018-07-11,241,8742,8983
520,2018-07-12,273,8770,9043
520,2018-07-13,228,8944,9172
520,2018-07-14,132,7498,7630
520,2018-07-15,72,5276,5348
520,2018-07-16,241,8395,8636
520,2018-07-17,278,8608,8886
520,2018-07-18,253,8607,8860
520,2018-07-20,233,8881,9114
520,2018-07-21,140,8843,8983
520,2018-07-22,52,6163,6215
520,2018-07-23,229,8239,8468
520,2018-07-24,194,8284,8478
520,2018-07-25,200,8361,8561
520,2018-07-26,318,8200,8518
520,2018-07-27,215,8351,8566
520,2018-07-28,157,6706,6863
520,2018-07-29,39,4855,4894
520,2018-07-30,209,7726,7935
520,2018-07-31,158,8254,8412
520,2018-08-01,218,7476,7694
520,2018-08-03,191,7556,7747
520,2018-08-04,91,6142,6233
520,2018-08-05,28,4703,4731
520,2018-08-06,112,7070,7182
520,2018-08-07,226,6658,6884
520,2018-08-08,252,6618,6870
520,2018-08-09,246,6496,6742
520,2018-08-10,196,7119,7315
520,2018-08-11,132,5385,5517
520,2018-08-12,46,4073,4119
520,2018-08-13,226,6184,6410
520,2018-08-14,195,6704,6899
520,2018-08-15,30,3763,3793
520,2018-08-16,186,6571,6757
520,2018-08-17,190,6804,6994
520,2018-08-18,120,5524,5644
520,2018-08-19,42,4409,4451
520,2018-08-20,239,6760,6999
520,2018-08-21,253,7196,7449
520,2018-08-22,273,7152,7425
520,2018-08-23,272,7210,7482
520,2018-08-24,364,6964,7328
520,2018-08-25,222,5885,6107
520,2018-08-26,114,4169,4283
520,2018-08-28,343,7660,8003
520,2018-08-29,374,7192,7566
520,2018-08-31,316,7663,7979
520,2018-09-01,283,5975,6258
520,2018-09-02,44,1982,2026
520,2018-09-03,422,8053,8475
520,2018-09-04,423,9640,10063
520,2018-09-05,466,10792,11258
520,2018-09-06,418,8688,9106
520,2018-09-07,359,8037,8396
520,2018-09-08,260,6550,6810
520,2018-09-09,134,5293,5427
520,2018-09-10,312,8098,8410
520,2018-09-11,302,8532,8834
520,2018-09-12,333,8547,8880
520,2018-09-14,304,8792,9096
520,2018-09-15,245,7043,7288
520,2018-09-16,123,5493,5616
520,2018-09-17,256,8429,8685
520,2018-09-18,237,9197,9434
520,2018-09-19,291,8817,9108
520,2018-09-20,234,8847,9081
520,2018-09-21,458,12398,12856
520,2018-09-22,118,7832,7950
520,2018-09-23,136,12224,12360
520,2018-09-24,174,8284,8458
520,2018-09-25,238,8683,8921
520,2018-09-26,242,8618,8860
520,2018-09-28,274,9050,9324
520,2018-09-29,214,7139,7353
520,2018-09-30,147,5406,5553
520,2018-10-01,244,10168,10412
520,2018-10-02,326,10346,10672
520,2018-10-03,218,10126,10344
520,2018-10-04,286,10217,10503
520,2018-10-05,293,10419,10712
520,2018-10-06,135,7621,7756
520,2018-10-07,60,4974,5034
520,2018-10-08,234,8650,8884
520,2018-10-09,246,8780,9026
520,2018-10-10,257,8976,9233
520,2018-10-12,267,9465,9732
520,2018-10-13,145,7537,7682
520,2018-10-14,37,5499,5536
520,2018-10-15,272,8444,8716
520,2018-10-16,261,8842,9103
520,2018-10-17,251,8709,8960
520,2018-10-18,317,8940,9257
520,2018-10-19,272,9146,9418
520,2018-10-20,146,7377,7523
520,2018-10-21,20,5265,5285
520,2018-10-22,178,8540,8718
520,2018-10-23,254,8663,8917
520,2018-10-24,230,8706,8936
520,2018-10-26,318,8864,9182
520,2018-10-27,143,6816,6959
520,2018-10-28,26,4433,4459
520,2018-10-29,186,8074,8260
520,2018-10-30,204,7936,8140
520,2018-10-31,203,8613,8816
520,2018-11-02,216,7462,7678
520,2018-11-03,130,6342,6472
520,2018-11-04,40,4602,4642
520,2018-11-05,223,8052,8275
520,2018-11-06,247,8490,8737
520,2018-11-07,290,8342,8632
520,2018-11-09,304,10533,10837
520,2018-11-11,22,4670,4692
520,2018-11-12,322,8192,8514
520,2018-11-13,302,8154,8456
520,2018-11-14,268,8526,8794
520,2018-11-15,246,8434,8680
520,2018-11-16,279,10168,10447
520,2018-11-17,98,7542,7640
520,2018-11-18,26,4804,4830
520,2018-11-19,275,8312,8587
520,2018-11-20,282,8484,8766
520,2018-11-21,255,8307,8562
520,2018-11-22,251,8148,8399
520,2018-11-23,289,9410,9699
520,2018-11-24,178,7018,7196
520,2018-11-25,31,4830,4861
520,2018-11-26,184,7894,8078
520,2018-11-27,239,8145,8384
520,2018-11-28,296,8162,8458
520,2018-11-30,312,8710,9022
520,2018-12-01,130,7542,7672
520,2018-12-02,34,4930,4964
520,2018-12-03,272,7900,8172
520,2018-12-04,222,8604,8826
520,2018-12-05,270,8530,8800
520,2018-12-06,298,8254,8552
520,2018-12-07,296,8872,9168
520,2018-12-08,148,6580,6728
520,2018-12-10,230,8049,8279
520,2018-12-11,202,8314,8516
520,2018-12-12,240,8308,8548
520,2018-12-14,266,8849,9115
520,2018-12-15,116,7254,7370
520,2018-12-16,48,4234,4282
520,2018-12-17,296,8170,8466
520,2018-12-18,246,8435,8681
520,2018-12-19,320,8520,8840
520,2018-12-20,274,8634,8908
520,2018-12-21,224,9038,9262
520,2018-12-22,116,6668,6784
520,2018-12-23,28,4532,4560
520,2018-12-24,133,6577,6710
520,2018-12-25,29,3587,3616
520,2018-12-26,41,3226,3267
520,2018-12-27,162,6235,6397
520,2018-12-28,152,6257,6409
520,2018-12-29,104,5529,5633
520,2018-12-30,30,4306,4336
520,2018-12-31,134,5822,5956
525,2018-01-01,NA,1492,NA
525,2018-01-02,93,3034,3127
525,2018-01-03,98,3010,3108
525,2018-01-04,110,3361,3471
525,2018-01-05,101,3707,3808
525,2018-01-06,62,3109,3171
525,2018-01-07,5,1978,1983
525,2018-01-08,140,3305,3445
525,2018-01-09,214,3580,3794
525,2018-01-10,210,3511,3721
525,2018-01-11,183,3655,3838
525,2018-01-12,209,3874,4083
525,2018-01-13,74,3284,3358
525,2018-01-14,9,2336,2345
525,2018-01-15,192,3494,3686
525,2018-01-16,180,3671,3851
525,2018-01-17,164,3543,3707
525,2018-01-18,155,3456,3611
525,2018-01-19,170,3861,4031
525,2018-01-20,65,2862,2927
525,2018-01-21,14,2099,2113
525,2018-01-22,171,3417,3588
525,2018-01-23,176,3600,3776
525,2018-01-24,155,3640,3795
525,2018-01-25,144,3736,3880
525,2018-01-26,168,3885,4053
525,2018-01-27,76,3440,3516
525,2018-01-28,3,2384,2387
525,2018-01-29,156,3459,3615
525,2018-01-30,179,3697,3876
525,2018-01-31,161,3619,3780
525,2018-02-01,200,3678,3878
525,2018-02-02,171,3781,3952
525,2018-02-03,68,3407,3475
525,2018-02-04,13,2076,2089
525,2018-02-05,180,3486,3666
525,2018-02-06,167,3398,3565
525,2018-02-07,132,3649,3781
525,2018-02-08,170,3591,3761
525,2018-02-09,168,3731,3899
525,2018-02-10,76,2911,2987
525,2018-02-11,18,1827,1845
525,2018-02-12,109,2936,3045
525,2018-02-13,181,3363,3544
525,2018-02-14,256,3621,3877
525,2018-02-15,180,3250,3430
525,2018-02-16,204,3527,3731
525,2018-02-17,72,2859,2931
525,2018-02-18,10,2060,2070
525,2018-02-19,159,3507,3666
525,2018-02-20,191,3564,3755
525,2018-02-21,223,3598,3821
525,2018-02-22,223,3591,3814
525,2018-02-23,211,3962,4173
525,2018-02-24,77,3268,3345
525,2018-02-25,8,2315,2323
525,2018-02-26,276,3467,3743
525,2018-02-27,221,3643,3864
525,2018-02-28,212,3672,3884
525,2018-03-01,242,3746,3988
525,2018-03-02,205,3337,3542
525,2018-03-03,62,3080,3142
525,2018-03-04,3,1962,1965
525,2018-03-05,216,3549,3765
525,2018-03-06,244,3807,4051
525,2018-03-07,228,3630,3858
525,2018-03-08,187,3735,3922
525,2018-03-09,171,3988,4159
525,2018-03-10,83,3330,3413
525,2018-03-11,9,2359,2368
525,2018-03-12,175,3422,3597
525,2018-03-13,139,3476,3615
525,2018-03-14,155,3698,3853
525,2018-03-15,247,3711,3958
525,2018-03-16,229,3985,4214
525,2018-03-17,82,3214,3296
525,2018-03-18,21,2102,2123
525,2018-03-19,192,3456,3648
525,2018-03-20,209,3614,3823
525,2018-03-21,246,3675,3921
525,2018-03-22,187,3455,3642
525,2018-03-23,207,3911,4118
525,2018-03-24,92,3789,3881
525,2018-03-26,242,3500,3742
525,2018-03-27,239,3913,4152
525,2018-03-28,202,3811,4013
525,2018-03-29,200,4016,4216
525,2018-03-30,185,4193,4378
525,2018-03-31,84,3535,3619
525,2018-04-01,11,2320,2331
525,2018-04-02,12,2217,2229
525,2018-04-03,192,3632,3824
525,2018-04-04,213,3635,3848
525,2018-04-05,193,3616,3809
525,2018-04-06,206,3862,4068
525,2018-04-07,107,3286,3393
525,2018-04-08,19,2831,2850
525,2018-04-09,221,3563,3784
525,2018-04-10,215,3482,3697
525,2018-04-11,223,3628,3851
525,2018-04-12,179,3511,3690
525,2018-04-13,228,3878,4106
525,2018-04-14,101,3498,3599
525,2018-04-15,14,2580,2594
525,2018-04-16,183,3686,3869
525,2018-04-17,232,4166,4398
525,2018-04-18,219,3996,4215
525,2018-04-19,207,4116,4323
525,2018-04-20,190,4527,4717
525,2018-04-21,137,3809,3946
525,2018-04-22,19,2943,2962
525,2018-04-23,192,3860,4052
525,2018-04-24,227,4282,4509
525,2018-04-25,261,4043,4304
525,2018-04-26,214,4142,4356
525,2018-04-27,209,4523,4732
525,2018-04-28,116,3921,4037
525,2018-04-30,137,4114,4251
525,2018-05-01,27,2352,2379
525,2018-05-02,237,4170,4407
525,2018-05-03,236,4223,4459
525,2018-05-04,228,4523,4751
525,2018-05-05,154,3966,4120
525,2018-05-06,39,3085,3124
525,2018-05-07,228,4064,4292
525,2018-05-08,285,4461,4746
525,2018-05-09,263,4365,4628
525,2018-05-10,41,2499,2540
525,2018-05-11,162,4435,4597
525,2018-05-12,102,3781,3883
525,2018-05-13,37,2476,2513
525,2018-05-14,217,3807,4024
525,2018-05-15,198,4147,4345
525,2018-05-16,166,4004,4170
525,2018-05-17,211,4272,4483
525,2018-05-18,194,4330,4524
525,2018-05-19,90,3757,3847
525,2018-05-20,46,2641,2687
525,2018-05-21,46,2558,2604
525,2018-05-22,156,3759,3915
525,2018-05-23,175,3680,3855
525,2018-05-24,176,3540,3716
525,2018-05-25,169,3974,4143
525,2018-05-26,92,3164,3256
525,2018-05-27,14,2371,2385
525,2018-05-28,157,3695,3852
525,2018-05-29,185,3979,4164
525,2018-05-30,172,3979,4151
525,2018-05-31,134,4118,4252
525,2018-06-01,189,4103,4292
525,2018-06-02,98,3613,3711
525,2018-06-03,53,2507,2560
525,2018-06-04,146,3745,3891
525,2018-06-05,182,4065,4247
525,2018-06-06,192,3819,4011
525,2018-06-07,161,3898,4059
525,2018-06-08,187,4183,4370
525,2018-06-09,114,3787,3901
525,2018-06-10,34,2731,2765
525,2018-06-11,162,3627,3789
525,2018-06-12,203,3828,4031
525,2018-06-13,178,3689,3867
525,2018-06-14,155,3923,4078
525,2018-06-15,170,4010,4180
525,2018-06-16,88,3726,3814
525,2018-06-17,41,2830,2871
525,2018-06-18,143,3654,3797
525,2018-06-19,157,3829,3986
525,2018-06-20,172,3648,3820
525,2018-06-21,141,3955,4096
525,2018-06-22,175,3556,3731
525,2018-06-23,28,2478,2506
525,2018-06-24,34,2874,2908
525,2018-06-25,182,3675,3857
525,2018-06-26,165,3894,4059
525,2018-06-27,179,3682,3861
525,2018-06-28,144,3877,4021
525,2018-06-29,124,4013,4137
525,2018-06-30,97,3768,3865
525,2018-07-01,22,2767,2789
525,2018-07-02,162,3534,3696
525,2018-07-03,147,3829,3976
525,2018-07-04,152,3616,3768
525,2018-07-05,151,3779,3930
525,2018-07-06,155,3861,4016
525,2018-07-07,93,3712,3805
525,2018-07-08,21,2866,2887
525,2018-07-09,156,3520,3676
525,2018-07-10,148,3988,4136
525,2018-07-11,179,3637,3816
525,2018-07-12,157,3865,4022
525,2018-07-13,162,3814,3976
525,2018-07-14,102,3764,3866
525,2018-07-15,28,2596,2624
525,2018-07-16,206,3844,4050
525,2018-07-17,193,3866,4059
525,2018-07-18,176,3957,4133
525,2018-07-19,189,3975,4164
525,2018-07-20,190,4087,4277
525,2018-07-21,116,4003,4119
525,2018-07-22,56,2928,2984
525,2018-07-23,134,3708,3842
525,2018-07-24,183,3904,4087
525,2018-07-25,174,3958,4132
525,2018-07-26,190,3899,4089
525,2018-07-27,146,3867,4013
525,2018-07-28,74,3538,3612
525,2018-07-29,63,2575,2638
525,2018-07-30,156,3553,3709
525,2018-07-31,159,3549,3708
525,2018-08-01,132,3633,3765
525,2018-08-02,115,3530,3645
525,2018-08-03,127,3466,3593
525,2018-08-04,87,3244,3331
525,2018-08-05,28,2464,2492
525,2018-08-06,131,3258,3389
525,2018-08-07,130,3186,3316
525,2018-08-08,161,3455,3616
525,2018-08-09,147,3227,3374
525,2018-08-10,188,3477,3665
525,2018-08-11,99,3028,3127
525,2018-08-12,33,2492,2525
525,2018-08-13,142,3169,3311
525,2018-08-14,146,3285,3431
525,2018-08-15,30,2276,2306
525,2018-08-16,138,3348,3486
525,2018-08-17,130,3211,3341
525,2018-08-18,94,2951,3045
525,2018-08-19,31,2396,2427
525,2018-08-20,169,3198,3367
525,2018-08-21,119,3275,3394
525,2018-08-22,141,3279,3420
525,2018-08-23,154,3232,3386
525,2018-08-24,149,3161,3310
525,2018-08-25,81,2945,3026
525,2018-08-26,28,2263,2291
525,2018-08-27,112,3171,3283
525,2018-08-28,122,3331,3453
525,2018-08-29,134,3357,3491
525,2018-08-30,131,3255,3386
525,2018-08-31,139,3283,3422
525,2018-09-01,85,3000,3085
525,2018-09-02,27,2468,2495
525,2018-09-03,148,3080,3228
525,2018-09-04,153,3145,3298
525,2018-09-05,140,3136,3276
525,2018-09-06,127,3216,3343
525,2018-09-07,129,3373,3502
525,2018-09-08,79,3072,3151
525,2018-09-09,16,2352,2368
525,2018-09-10,131,3237,3368
525,2018-09-11,174,3401,3575
525,2018-09-12,247,3568,3815
525,2018-09-13,143,3518,3661
525,2018-09-14,145,3676,3821
525,2018-09-15,100,3496,3596
525,2018-09-16,19,2911,2930
525,2018-09-17,49,1644,1693
525,2018-09-18,70,1195,1265
525,2018-09-19,54,1046,1100
525,2018-09-20,64,1055,1119
525,2018-09-21,43,1114,1157
525,2018-09-22,22,1175,1197
525,2018-09-23,8,450,458
525,2018-09-24,38,958,996
525,2018-09-25,55,952,1007
525,2018-09-26,64,913,977
525,2018-09-27,71,994,1065
525,2018-09-28,62,989,1051
525,2018-09-29,33,1052,1085
525,2018-09-30,16,824,840
525,2018-10-01,38,870,908
525,2018-10-02,32,875,907
525,2018-10-03,38,882,920
525,2018-10-04,62,912,974
525,2018-10-05,76,942,1018
525,2018-10-06,17,922,939
525,2018-10-07,7,599,606
525,2018-10-08,52,751,803
525,2018-10-09,53,860,913
525,2018-10-10,50,904,954
525,2018-10-11,39,870,909
525,2018-10-12,42,912,954
525,2018-10-13,12,964,976
525,2018-10-14,5,654,659
525,2018-10-15,54,859,913
525,2018-10-16,44,837,881
525,2018-10-17,28,848,876
525,2018-10-18,57,878,935
525,2018-10-19,42,875,917
525,2018-10-20,13,914,927
525,2018-10-21,12,713,725
525,2018-10-22,39,762,801
525,2018-10-23,38,809,847
525,2018-10-24,55,743,798
525,2018-10-25,43,856,899
525,2018-10-26,61,927,988
525,2018-10-27,6,823,829
525,2018-10-28,5,549,554
525,2018-10-29,73,817,890
525,2018-10-30,24,774,798
525,2018-11-01,8,484,492
525,2018-11-02,26,713,739
525,2018-11-03,17,919,936
525,2018-11-04,4,588,592
525,2018-11-05,60,801,861
525,2018-11-06,59,875,934
525,2018-11-07,63,838,901
525,2018-11-08,47,846,893
525,2018-11-09,86,924,1010
525,2018-11-10,8,884,892
525,2018-11-11,4,596,600
525,2018-11-12,57,785,842
525,2018-11-13,67,871,938
525,2018-11-14,37,847,884
525,2018-11-15,46,874,920
525,2018-11-16,30,870,900
525,2018-11-17,14,1109,1123
525,2018-11-18,16,645,661
525,2018-11-19,50,784,834
525,2018-11-20,60,783,843
525,2018-11-21,37,839,876
525,2018-11-22,29,820,849
525,2018-11-23,36,946,982
525,2018-11-24,14,909,923
525,2018-11-25,4,517,521
525,2018-11-26,60,783,843
525,2018-11-27,44,795,839
525,2018-11-28,31,799,830
525,2018-11-29,48,784,832
525,2018-11-30,25,858,883
525,2018-12-01,14,963,977
525,2018-12-02,NA,558,NA
525,2018-12-03,28,656,684
525,2018-12-04,31,828,859
525,2018-12-05,58,890,948
525,2018-12-06,30,820,850
525,2018-12-07,40,818,858
525,2018-12-08,12,782,794
525,2018-12-09,4,659,663
525,2018-12-10,23,856,879
525,2018-12-11,51,873,924
525,2018-12-12,38,861,899
525,2018-12-13,49,879,928
525,2018-12-14,32,926,958
525,2018-12-15,17,1104,1121
525,2018-12-16,5,579,584
525,2018-12-17,67,842,909
525,2018-12-18,85,943,1028
525,2018-12-19,84,817,901
525,2018-12-20,73,878,951
525,2018-12-21,35,1606,1641
525,2018-12-22,46,2229,2275
525,2018-12-23,5,1663,1668
525,2018-12-24,59,2308,2367
525,2018-12-25,4,1366,1370
525,2018-12-26,12,1171,1183
525,2018-12-27,97,2160,2257
525,2018-12-28,80,2306,2386
525,2018-12-29,56,2233,2289
525,2018-12-30,3,1689,1692
525,2018-12-31,58,2166,2224
602,2018-01-05,595,8652,9247
602,2018-01-06,242,6290,6532
602,2018-01-07,66,6138,6204
602,2018-01-08,846,8556,9402
602,2018-01-09,1001,8743,9744
602,2018-01-10,834,8493,9327
602,2018-01-11,923,9075,9998
602,2018-01-12,955,9421,10376
602,2018-01-13,271,6253,6524
602,2018-01-14,78,6377,6455
602,2018-01-15,851,8521,9372
602,2018-01-16,895,8659,9554
602,2018-01-17,924,8211,9135
602,2018-01-18,778,7687,8465
602,2018-01-19,826,9155,9981
602,2018-01-23,983,8956,9939
602,2018-01-24,899,8729,9628
602,2018-01-25,908,9254,10162
602,2018-01-26,851,9627,10478
602,2018-01-27,259,6416,6675
602,2018-01-28,47,6171,6218
602,2018-01-29,951,8607,9558
602,2018-01-30,1039,8905,9944
602,2018-01-31,970,8727,9697
602,2018-02-01,1016,9067,10083
602,2018-02-02,925,9025,9950
602,2018-02-03,262,6463,6725
602,2018-02-04,89,5894,5983
602,2018-02-05,920,8782,9702
602,2018-02-06,964,8465,9429
602,2018-02-07,944,8775,9719
602,2018-02-08,902,9083,9985
602,2018-02-09,808,9316,10124
602,2018-02-10,259,5631,5890
602,2018-02-11,94,4853,4947
602,2018-02-12,632,6600,7232
602,2018-02-13,773,7952,8725
602,2018-02-14,908,8876,9784
602,2018-02-15,803,7490,8293
602,2018-02-16,821,9528,10349
602,2018-02-17,273,6226,6499
602,2018-02-18,77,6602,6679
602,2018-02-19,941,8648,9589
602,2018-02-20,919,8782,9701
602,2018-02-23,921,9856,10777
602,2018-02-24,297,6466,6763
602,2018-02-25,64,6720,6784
602,2018-02-26,841,8685,9526
602,2018-02-27,918,8901,9819
602,2018-02-28,883,8638,9521
602,2018-03-01,900,9174,10074
602,2018-03-02,774,8368,9142
602,2018-03-03,284,6247,6531
602,2018-03-04,58,6610,6668
602,2018-03-05,837,8997,9834
602,2018-03-06,990,9139,10129
602,2018-03-07,1016,8979,9995
602,2018-03-08,976,9548,10524
602,2018-03-09,913,9721,10634
602,2018-03-10,282,6734,7016
602,2018-03-11,74,6671,6745
602,2018-03-12,988,8992,9980
602,2018-03-13,1016,9137,10153
602,2018-03-14,1059,8902,9961
602,2018-03-15,1070,9484,10554
602,2018-03-16,1026,9960,10986
602,2018-03-17,286,6526,6812
602,2018-03-18,117,5880,5997
602,2018-03-19,1038,8916,9954
602,2018-03-20,1080,8852,9932
602,2018-03-21,1105,8830,9935
602,2018-03-22,971,9345,10316
602,2018-03-23,1054,10037,11091
602,2018-03-24,346,7039,7385
602,2018-03-26,1040,9205,10245
602,2018-03-27,1076,9410,10486
602,2018-03-28,1108,9268,10376
602,2018-03-29,1132,10369,11501
602,2018-03-30,1069,11560,12629
602,2018-03-31,338,7703,8041
602,2018-04-01,72,6050,6122
602,2018-04-02,171,7295,7466
602,2018-04-03,930,9380,10310
602,2018-04-04,1075,9225,10300
602,2018-04-05,1089,9565,10654
602,2018-04-06,1070,10241,11311
602,2018-04-07,364,7587,7951
602,2018-04-08,135,8077,8212
602,2018-04-09,1055,9055,10110
602,2018-04-10,1036,9243,10279
602,2018-04-11,1047,9358,10405
602,2018-04-12,1081,9510,10591
602,2018-04-13,1043,10326,11369
602,2018-04-14,358,7024,7382
602,2018-04-15,139,7742,7881
602,2018-04-16,1113,9100,10213
602,2018-04-17,1105,9657,10762
602,2018-04-18,1018,9320,10338
602,2018-04-19,1034,10042,11076
602,2018-04-20,998,10971,11969
602,2018-04-21,358,8013,8371
602,2018-04-22,145,7893,8038
602,2018-04-23,1059,9477,10536
602,2018-04-24,1050,9306,10356
602,2018-04-25,1041,9405,10446
602,2018-04-26,1074,9979,11053
602,2018-04-27,1093,11594,12687
602,2018-04-28,443,8076,8519
602,2018-04-30,770,9148,9918
602,2018-05-01,266,7385,7651
602,2018-05-02,1180,9666,10846
602,2018-05-03,1055,10237,11292
602,2018-05-04,1116,11189,12305
602,2018-05-05,466,8164,8630
602,2018-05-06,171,8416,8587
602,2018-05-07,1019,9997,11016
602,2018-05-08,1085,10133,11218
602,2018-05-09,1163,11387,12550
602,2018-05-10,320,9181,9501
602,2018-05-11,902,9880,10782
602,2018-05-12,430,8332,8762
602,2018-05-13,375,9249,9624
602,2018-05-14,937,9436,10373
602,2018-05-15,1040,9440,10480
602,2018-05-16,1134,9571,10705
602,2018-05-17,1198,10113,11311
602,2018-05-18,1103,11375,12478
602,2018-05-19,420,8338,8758
602,2018-05-20,150,8082,8232
602,2018-05-21,361,9069,9430
602,2018-05-22,1007,9912,10919
602,2018-05-23,1018,9460,10478
602,2018-05-24,989,9691,10680
602,2018-05-25,1004,11120,12124
602,2018-05-26,359,7876,8235
602,2018-05-27,199,7806,8005
602,2018-05-28,1021,9618,10639
602,2018-05-29,1040,9665,10705
602,2018-05-30,1096,9726,10822
602,2018-05-31,1193,10850,12043
602,2018-06-01,1025,11063,12088
602,2018-06-02,380,7228,7608
602,2018-06-03,188,8204,8392
602,2018-06-04,1017,9626,10643
602,2018-06-05,1196,9988,11184
602,2018-06-06,1137,9522,10659
602,2018-06-07,1130,10146,11276
602,2018-06-08,1084,11053,12137
602,2018-06-09,338,7952,8290
602,2018-06-10,195,8252,8447
602,2018-06-11,1095,9657,10752
602,2018-06-12,1087,9779,10866
602,2018-06-13,1100,9213,10313
602,2018-06-14,1109,9881,10990
602,2018-06-15,1175,12276,13451
602,2018-06-16,455,9298,9753
602,2018-06-17,266,8384,8650
602,2018-06-18,1076,9358,10434
602,2018-06-19,1112,9496,10608
602,2018-06-20,1076,9622,10698
602,2018-06-21,1146,9983,11129
602,2018-06-22,1144,11054,12198
602,2018-06-23,276,6790,7066
602,2018-06-24,215,7801,8016
602,2018-06-25,1110,9672,10782
602,2018-06-26,1169,9750,10919
602,2018-06-27,1129,9811,10940
602,2018-06-28,1147,10231,11378
602,2018-06-29,1096,11410,12506
602,2018-06-30,415,7868,8283
602,2018-07-01,256,8604,8860
602,2018-07-02,1124,9820,10944
602,2018-07-03,1163,9774,10937
602,2018-07-04,1176,9486,10662
602,2018-07-05,1157,10147,11304
602,2018-07-06,1079,10675,11754
602,2018-07-07,443,8370,8813
602,2018-07-08,222,9115,9337
602,2018-07-09,1046,9708,10754
602,2018-07-10,1083,9797,10880
602,2018-07-11,1160,9652,10812
602,2018-07-12,1114,10285,11399
602,2018-07-13,1150,11372,12522
602,2018-07-14,452,8370,8822
602,2018-07-15,315,8593,8908
602,2018-07-16,1077,10162,11239
602,2018-07-17,1050,9934,10984
602,2018-07-18,1040,9819,10859
602,2018-07-19,1101,10244,11345
602,2018-07-20,1080,11212,12292
602,2018-07-21,495,8536,9031
602,2018-07-22,308,9093,9401
602,2018-07-23,1026,9866,10892
602,2018-07-24,1043,10151,11194
602,2018-07-25,1034,10098,11132
602,2018-07-26,1096,10490,11586
602,2018-07-27,914,11305,12219
602,2018-07-28,468,8454,8922
602,2018-07-29,276,9402,9678
602,2018-07-30,808,9548,10356
602,2018-07-31,797,9450,10247
602,2018-08-01,828,9570,10398
602,2018-08-02,817,9816,10633
602,2018-08-03,865,10958,11823
602,2018-08-04,467,8301,8768
602,2018-08-05,346,8809,9155
602,2018-08-06,752,8907,9659
602,2018-08-07,706,8853,9559
602,2018-08-09,796,8846,9642
602,2018-08-10,786,9934,10720
602,2018-08-11,496,7993,8489
602,2018-08-12,261,8354,8615
602,2018-08-13,675,8631,9306
602,2018-08-14,777,8836,9613
602,2018-08-15,346,6884,7230
602,2018-08-16,838,8731,9569
602,2018-08-17,881,9840,10721
602,2018-08-18,415,8061,8476
602,2018-08-19,264,8325,8589
602,2018-08-20,956,9028,9984
602,2018-08-21,1118,9166,10284
602,2018-08-22,1107,9292,10399
602,2018-08-23,1093,9693,10786
602,2018-08-24,1079,10330,11409
602,2018-08-25,436,7300,7736
602,2018-08-26,180,7684,7864
602,2018-08-27,1025,9615,10640
602,2018-08-28,1146,9584,10730
602,2018-08-29,1166,9746,10912
602,2018-08-30,1183,10013,11196
602,2018-08-31,1127,10851,11978
602,2018-09-01,414,7553,7967
602,2018-09-02,229,8082,8311
602,2018-09-03,1125,9380,10505
602,2018-09-04,1228,9446,10674
602,2018-09-05,1237,9418,10655
602,2018-09-06,1248,10106,11354
602,2018-09-07,1199,11023,12222
602,2018-09-08,412,7292,7704
602,2018-09-09,181,8008,8189
602,2018-09-10,1103,9490,10593
602,2018-09-11,1234,9884,11118
602,2018-09-12,1260,9559,10819
602,2018-09-13,1300,10134,11434
602,2018-09-14,1192,10794,11986
602,2018-09-15,487,7921,8408
602,2018-09-16,188,8329,8517
602,2018-09-17,1251,9658,10909
602,2018-09-18,1217,9570,10787
602,2018-09-19,1245,9464,10709
602,2018-09-20,1178,10733,11911
602,2018-09-21,1158,10951,12109
602,2018-09-22,405,7455,7860
602,2018-09-23,176,7588,7764
602,2018-09-24,1010,9499,10509
602,2018-09-25,1112,9619,10731
602,2018-09-26,1210,9517,10727
602,2018-09-27,1142,10227,11369
602,2018-09-28,1142,10942,12084
602,2018-09-29,428,7530,7958
602,2018-09-30,212,8174,8386
602,2018-10-01,1044,9317,10361
602,2018-10-02,1177,9544,10721
602,2018-10-03,1318,9999,11317
602,2018-10-04,1109,9848,10957
602,2018-10-05,1111,10756,11867
602,2018-10-06,387,8028,8415
602,2018-10-08,1018,9174,10192
602,2018-10-09,1060,9459,10519
602,2018-10-10,984,9345,10329
602,2018-10-11,1121,9864,10985
602,2018-10-12,1094,10563,11657
602,2018-10-13,335,7683,8018
602,2018-10-14,133,7996,8129
602,2018-10-15,1058,9010,10068
602,2018-10-16,1118,9441,10559
602,2018-10-17,1166,9326,10492
602,2018-10-18,1137,9855,10992
602,2018-10-19,1083,10422,11505
602,2018-10-20,364,7346,7710
602,2018-10-21,159,7950,8109
602,2018-10-22,1046,9407,10453
602,2018-10-23,1146,9520,10666
602,2018-10-24,1086,9167,10253
602,2018-10-25,1117,9773,10890
602,2018-10-26,1111,10624,11735
602,2018-10-27,365,7232,7597
602,2018-10-28,134,7711,7845
602,2018-10-29,1026,9307,10333
602,2018-10-30,1010,9112,10122
602,2018-11-01,225,7056,7281
602,2018-11-02,752,8979,9731
602,2018-11-03,295,7007,7302
602,2018-11-04,117,7254,7371
602,2018-11-05,1063,9055,10118
602,2018-11-06,1127,9389,10516
602,2018-11-07,1108,9022,10130
602,2018-11-08,1119,9547,10666
602,2018-11-09,996,10308,11304
602,2018-11-10,249,6527,6776
602,2018-11-11,95,6811,6906
602,2018-11-12,974,9253,10227
602,2018-11-13,1117,9236,10353
602,2018-11-14,1112,9225,10337
602,2018-11-15,1076,9791,10867
602,2018-11-16,1063,10445,11508
602,2018-11-17,300,6810,7110
602,2018-11-18,98,7187,7285
602,2018-11-19,988,9143,10131
602,2018-11-20,1138,9233,10371
602,2018-11-21,1096,9187,10283
602,2018-11-22,1159,9620,10779
602,2018-11-23,1078,10836,11914
602,2018-11-24,264,6659,6923
602,2018-11-25,86,7041,7127
602,2018-11-26,994,8996,9990
602,2018-11-27,1091,9260,10351
602,2018-11-28,1029,9124,10153
602,2018-11-29,1063,9674,10737
602,2018-11-30,1004,10366,11370
602,2018-12-01,304,6861,7165
602,2018-12-02,65,6649,6714
602,2018-12-03,969,9239,10208
602,2018-12-04,1057,9512,10569
602,2018-12-05,1085,9482,10567
602,2018-12-06,1043,9570,10613
602,2018-12-07,1026,10477,11503
602,2018-12-08,304,6800,7104
602,2018-12-09,112,6614,6726
602,2018-12-10,1039,9139,10178
602,2018-12-11,1151,9354,10505
602,2018-12-12,1138,9230,10368
602,2018-12-13,1102,9719,10821
602,2018-12-14,1014,10425,11439
602,2018-12-15,386,7028,7414
602,2018-12-16,138,5866,6004
602,2018-12-17,942,9509,10451
602,2018-12-18,1062,9667,10729
602,2018-12-19,943,9663,10606
602,2018-12-20,935,10528,11463
602,2018-12-21,809,11345,12154
602,2018-12-22,258,7755,8013
602,2018-12-23,77,7661,7738
602,2018-12-24,365,7115,7480
602,2018-12-25,42,2492,2534
602,2018-12-26,126,5600,5726
602,2018-12-27,518,7752,8270
602,2018-12-28,535,8199,8734
602,2018-12-29,270,6729,6999
602,2018-12-30,76,7476,7552
602,2018-12-31,300,6718,7018
604,2018-01-01,16,1768,1784
604,2018-01-02,255,4166,4421
604,2018-01-03,312,4466,4778
604,2018-01-04,260,4699,4959
604,2018-01-05,303,4938,5241
604,2018-01-06,118,3401,3519
604,2018-01-07,21,2982,3003
604,2018-01-08,325,5333,5658
604,2018-01-09,333,5322,5655
604,2018-01-10,329,5102,5431
604,2018-01-11,312,5541,5853
604,2018-01-12,340,5383,5723
604,2018-01-13,132,3693,3825
604,2018-01-14,22,3174,3196
604,2018-01-15,380,5128,5508
604,2018-01-16,362,5330,5692
604,2018-01-17,362,4835,5197
604,2018-01-18,343,5277,5620
604,2018-01-19,378,5412,5790
604,2018-01-20,109,3105,3214
604,2018-01-21,32,2959,2991
604,2018-01-22,297,5242,5539
604,2018-01-23,353,5244,5597
604,2018-01-24,339,5105,5444
604,2018-01-25,328,5427,5755
604,2018-01-26,320,5675,5995
604,2018-01-27,124,4020,4144
604,2018-01-28,14,2983,2997
604,2018-01-29,342,5237,5579
604,2018-01-30,344,5304,5648
604,2018-01-31,371,5300,5671
604,2018-02-01,322,5283,5605
604,2018-02-02,341,5358,5699
604,2018-02-03,134,3832,3966
604,2018-02-04,34,3199,3233
604,2018-02-05,322,5153,5475
604,2018-02-06,366,5096,5462
604,2018-02-07,320,5140,5460
604,2018-02-08,321,5436,5757
604,2018-02-09,329,5240,5569
604,2018-02-10,136,3267,3403
604,2018-02-11,36,2720,2756
604,2018-02-12,257,3842,4099
604,2018-02-13,286,4241,4527
604,2018-02-14,334,4927,5261
604,2018-02-15,291,4678,4969
604,2018-02-16,308,5155,5463
604,2018-02-17,123,3384,3507
604,2018-02-18,19,3105,3124
604,2018-02-19,356,5137,5493
604,2018-02-20,338,5149,5487
604,2018-02-21,354,4995,5349
604,2018-02-22,349,5315,5664
604,2018-02-23,343,5339,5682
604,2018-02-24,136,3710,3846
604,2018-02-25,24,3232,3256
604,2018-02-26,313,5107,5420
604,2018-02-27,330,5146,5476
604,2018-02-28,357,5148,5505
604,2018-03-01,337,5382,5719
604,2018-03-02,320,4643,4963
604,2018-03-03,138,3616,3754
604,2018-03-04,23,3155,3178
604,2018-03-05,315,5347,5662
604,2018-03-06,372,5195,5567
604,2018-03-07,373,5102,5475
604,2018-03-08,343,5344,5687
604,2018-03-09,334,5406,5740
604,2018-03-10,122,3888,4010
604,2018-03-11,19,3243,3262
604,2018-03-12,314,5180,5494
604,2018-03-13,356,5162,5518
604,2018-03-14,399,5155,5554
604,2018-03-15,346,5516,5862
604,2018-03-16,377,5685,6062
604,2018-03-17,166,3775,3941
604,2018-03-18,31,3089,3120
604,2018-03-19,366,5124,5490
604,2018-03-20,372,5271,5643
604,2018-03-21,387,5247,5634
604,2018-03-22,383,5171,5554
604,2018-03-23,339,5726,6065
604,2018-03-24,158,4204,4362
604,2018-03-26,370,5246,5616
604,2018-03-27,404,5263,5667
604,2018-03-28,356,5380,5736
604,2018-03-29,364,5787,6151
604,2018-03-30,375,5929,6304
604,2018-03-31,147,4140,4287
604,2018-04-01,41,3163,3204
604,2018-04-02,21,2926,2947
604,2018-04-03,311,5028,5339
604,2018-04-04,338,4912,5250
604,2018-04-05,354,5172,5526
604,2018-04-06,346,5176,5522
604,2018-04-07,165,4047,4212
604,2018-04-08,35,3803,3838
604,2018-04-09,369,4891,5260
604,2018-04-10,320,5115,5435
604,2018-04-11,366,5154,5520
604,2018-04-12,376,5487,5863
604,2018-04-13,346,5497,5843
604,2018-04-14,167,4337,4504
604,2018-04-15,48,3841,3889
604,2018-04-16,354,5497,5851
604,2018-04-17,404,5647,6051
604,2018-04-18,445,5625,6070
604,2018-04-19,493,6053,6546
604,2018-04-20,490,6422,6912
604,2018-04-21,166,4693,4859
604,2018-04-22,50,4407,4457
604,2018-04-23,501,5900,6401
604,2018-04-24,493,5773,6266
604,2018-04-25,536,5959,6495
604,2018-04-26,517,6143,6660
604,2018-04-27,571,6642,7213
604,2018-04-28,188,4927,5115
604,2018-04-29,52,4266,4318
604,2018-04-30,378,5374,5752
604,2018-05-01,57,3464,3521
604,2018-05-02,554,5923,6477
604,2018-05-03,513,6278,6791
604,2018-05-04,540,6515,7055
604,2018-05-05,214,5018,5232
604,2018-05-06,45,4826,4871
604,2018-05-07,501,6083,6584
604,2018-05-08,520,6349,6869
604,2018-05-09,566,6460,7026
604,2018-05-10,64,3747,3811
604,2018-05-11,369,5839,6208
604,2018-05-12,188,4723,4911
604,2018-05-13,91,4482,4573
604,2018-05-14,493,5890,6383
604,2018-05-15,501,6052,6553
604,2018-05-16,502,5986,6488
604,2018-05-17,503,6339,6842
604,2018-05-18,570,6655,7225
604,2018-05-19,236,4748,4984
604,2018-05-20,51,4284,4335
604,2018-05-21,77,3852,3929
604,2018-05-22,476,5650,6126
604,2018-05-23,502,5831,6333
604,2018-05-24,470,5922,6392
604,2018-05-25,482,6298,6780
604,2018-05-26,167,4588,4755
604,2018-05-27,80,3868,3948
604,2018-05-28,470,5931,6401
604,2018-05-29,517,6058,6575
604,2018-05-30,513,6232,6745
604,2018-05-31,514,6528,7042
604,2018-06-01,472,6842,7314
604,2018-06-02,166,4806,4972
604,2018-06-03,38,4219,4257
604,2018-06-04,495,6082,6577
604,2018-06-05,536,6195,6731
604,2018-06-07,472,6346,6818
604,2018-06-08,497,6529,7026
604,2018-06-09,163,4944,5107
604,2018-06-10,40,4219,4259
604,2018-06-11,475,5867,6342
604,2018-06-12,498,6115,6613
604,2018-06-13,513,5766,6279
604,2018-06-14,553,6110,6663
604,2018-06-15,503,6973,7476
604,2018-06-16,177,4705,4882
604,2018-06-17,43,4120,4163
604,2018-06-18,555,5936,6491
604,2018-06-19,509,5971,6480
604,2018-06-20,564,6051,6615
604,2018-06-21,552,6196,6748
604,2018-06-22,534,6554,7088
604,2018-06-23,84,3928,4012
604,2018-06-24,53,3998,4051
604,2018-06-25,523,5734,6257
604,2018-06-26,546,6125,6671
604,2018-06-27,577,6067,6644
604,2018-06-28,535,6488,7023
604,2018-06-29,530,6854,7384
604,2018-06-30,214,4915,5129
604,2018-07-01,60,4444,4504
604,2018-07-02,490,5973,6463
604,2018-07-03,500,6318,6818
604,2018-07-04,581,6071,6652
604,2018-07-05,528,6326,6854
604,2018-07-06,524,6398,6922
604,2018-07-07,164,3936,4100
604,2018-07-08,64,4512,4576
604,2018-07-09,573,5970,6543
604,2018-07-10,594,6277,6871
604,2018-07-11,588,6194,6782
604,2018-07-12,567,6570,7137
604,2018-07-13,538,6714,7252
604,2018-07-14,191,4612,4803
604,2018-07-15,45,4114,4159
604,2018-07-16,428,5859,6287
604,2018-07-17,535,5777,6312
604,2018-07-18,523,5945,6468
604,2018-07-19,507,6072,6579
604,2018-07-20,491,6201,6692
604,2018-07-21,173,4430,4603
604,2018-07-22,47,4451,4498
604,2018-07-23,448,5881,6329
604,2018-07-24,506,6000,6506
604,2018-07-25,481,6168,6649
604,2018-07-26,485,6257,6742
604,2018-07-27,444,6353,6797
604,2018-07-28,186,4379,4565
604,2018-07-29,35,3990,4025
604,2018-07-30,381,5063,5444
604,2018-07-31,404,5079,5483
604,2018-08-01,362,5093,5455
604,2018-08-02,378,5338,5716
604,2018-08-03,427,5378,5805
604,2018-08-04,184,4306,4490
604,2018-08-05,70,4031,4101
604,2018-08-06,350,4750,5100
604,2018-08-07,325,4842,5167
604,2018-08-08,340,4784,5124
604,2018-08-09,322,4552,4874
604,2018-08-10,334,4851,5185
604,2018-08-11,174,3928,4102
604,2018-08-12,31,3527,3558
604,2018-08-13,339,4608,4947
604,2018-08-14,350,4872,5222
604,2018-08-15,59,3382,3441
604,2018-08-16,358,4849,5207
604,2018-08-17,399,5062,5461
604,2018-08-18,143,4315,4458
604,2018-08-19,68,3867,3935
604,2018-08-20,430,5169,5599
604,2018-08-21,460,5396,5856
604,2018-08-22,425,5439,5864
604,2018-08-23,483,5547,6030
604,2018-08-24,428,5698,6126
604,2018-08-25,180,4058,4238
604,2018-08-26,48,3546,3594
604,2018-08-27,442,5284,5726
604,2018-08-28,561,5399,5960
604,2018-08-29,576,5500,6076
604,2018-08-30,602,5725,6327
604,2018-08-31,561,5918,6479
604,2018-09-01,199,4241,4440
604,2018-09-02,73,3851,3924
604,2018-09-03,540,5294,5834
604,2018-09-04,485,5576,6061
604,2018-09-05,482,5391,5873
604,2018-09-06,518,5737,6255
604,2018-09-07,512,5964,6476
604,2018-09-08,194,4006,4200
604,2018-09-09,62,3965,4027
604,2018-09-10,489,5553,6042
604,2018-09-11,519,5473,5992
604,2018-09-12,559,5805,6364
604,2018-09-13,587,5846,6433
604,2018-09-14,494,6271,6765
604,2018-09-15,176,4590,4766
604,2018-09-16,73,4167,4240
604,2018-09-17,534,6016,6550
604,2018-09-18,561,5788,6349
604,2018-09-19,592,5664,6256
604,2018-09-20,567,6255,6822
604,2018-09-21,613,6232,6845
604,2018-09-22,188,4449,4637
604,2018-09-23,22,3636,3658
604,2018-09-24,565,5678,6243
604,2018-09-25,554,5841,6395
604,2018-09-26,582,5734,6316
604,2018-09-27,512,6349,6861
604,2018-09-28,529,6382,6911
604,2018-09-29,216,4652,4868
604,2018-09-30,58,4051,4109
604,2018-10-01,523,5782,6305
604,2018-10-02,515,5997,6512
604,2018-10-03,550,5760,6310
604,2018-10-04,556,6112,6668
604,2018-10-05,520,6233,6753
604,2018-10-06,182,4303,4485
604,2018-10-07,36,3752,3788
604,2018-10-08,493,6037,6530
604,2018-10-09,628,5947,6575
604,2018-10-10,538,5823,6361
604,2018-10-11,557,6199,6756
604,2018-10-12,532,6343,6875
604,2018-10-13,214,4514,4728
604,2018-10-14,36,4446,4482
604,2018-10-15,523,5952,6475
604,2018-10-16,562,6080,6642
604,2018-10-17,563,5903,6466
604,2018-10-18,565,6176,6741
604,2018-10-19,586,6367,6953
604,2018-10-20,202,4520,4722
604,2018-10-21,46,3816,3862
604,2018-10-22,568,5905,6473
604,2018-10-23,570,6077,6647
604,2018-10-24,594,5810,6404
604,2018-10-25,620,6132,6752
604,2018-10-26,543,6242,6785
604,2018-10-27,182,4476,4658
604,2018-10-28,39,3971,4010
604,2018-10-29,556,5753,6309
604,2018-10-30,538,5415,5953
604,2018-11-01,61,3481,3542
604,2018-11-02,381,4868,5249
604,2018-11-03,170,3990,4160
604,2018-11-04,22,3429,3451
604,2018-11-05,579,5874,6453
604,2018-11-06,561,5875,6436
604,2018-11-07,603,5783,6386
604,2018-11-08,598,6026,6624
604,2018-11-09,527,6335,6862
604,2018-11-10,148,4591,4739
604,2018-11-11,40,3492,3532
604,2018-11-12,561,5883,6444
604,2018-11-13,539,6177,6716
604,2018-11-14,562,6047,6609
604,2018-11-15,541,6475,7016
604,2018-11-16,511,6665,7176
604,2018-11-17,173,4683,4856
604,2018-11-18,31,3796,3827
604,2018-11-19,522,6048,6570
604,2018-11-20,529,6012,6541
604,2018-11-21,595,5854,6449
604,2018-11-22,559,6499,7058
604,2018-11-23,576,6532,7108
604,2018-11-24,147,4430,4577
604,2018-11-25,36,3506,3542
604,2018-11-26,522,5692,6214
604,2018-11-27,523,6006,6529
604,2018-11-28,549,5534,6083
604,2018-11-29,541,6088,6629
604,2018-11-30,543,6466,7009
604,2018-12-01,180,4345,4525
604,2018-12-02,59,3978,4037
604,2018-12-03,520,5872,6392
604,2018-12-04,560,6071,6631
604,2018-12-05,538,5860,6398
604,2018-12-06,520,6033,6553
604,2018-12-07,523,6148,6671
604,2018-12-08,148,4120,4268
604,2018-12-09,32,3436,3468
604,2018-12-10,517,5840,6357
604,2018-12-11,555,5944,6499
604,2018-12-12,579,5899,6478
604,2018-12-13,596,6178,6774
604,2018-12-14,565,6412,6977
604,2018-12-15,172,4495,4667
604,2018-12-16,37,3227,3264
604,2018-12-17,558,5961,6519
604,2018-12-18,522,6268,6790
604,2018-12-19,539,6026,6565
604,2018-12-20,525,6526,7051
604,2018-12-21,416,6693,7109
604,2018-12-22,154,4800,4954
604,2018-12-23,32,3825,3857
604,2018-12-24,209,4460,4669
604,2018-12-25,20,1726,1746
604,2018-12-26,35,2805,2840
604,2018-12-27,280,4417,4697
604,2018-12-28,255,4723,4978
604,2018-12-29,154,3790,3944
604,2018-12-30,22,3621,3643
604,2018-12-31,210,4203,4413
605,2018-01-01,9,1123,1132
605,2018-01-02,129,2605,2734
605,2018-01-03,204,2804,3008
605,2018-01-04,195,2968,3163
605,2018-01-05,184,2846,3030
605,2018-01-06,47,1983,2030
605,2018-01-07,11,1491,1502
605,2018-01-08,315,3464,3779
605,2018-01-09,369,3554,3923
605,2018-01-10,357,3578,3935
605,2018-01-11,314,3521,3835
605,2018-01-12,312,3647,3959
605,2018-01-13,56,2100,2156
605,2018-01-14,16,1624,1640
605,2018-01-15,329,3473,3802
605,2018-01-16,302,3468,3770
605,2018-01-17,336,3543,3879
605,2018-01-18,334,3454,3788
605,2018-01-19,328,3708,4036
605,2018-01-20,32,962,994
605,2018-01-21,22,1514,1536
605,2018-01-22,293,3367,3660
605,2018-01-23,380,3470,3850
605,2018-01-24,359,3486,3845
605,2018-01-25,348,3600,3948
605,2018-01-26,309,3777,4086
605,2018-01-27,64,2520,2584
605,2018-01-28,17,1740,1757
605,2018-01-29,374,3450,3824
605,2018-01-30,393,3583,3976
605,2018-01-31,370,3587,3957
605,2018-02-01,342,3673,4015
605,2018-02-02,339,3665,4004
605,2018-02-03,60,2319,2379
605,2018-02-04,14,1710,1724
605,2018-02-05,273,3526,3799
605,2018-02-06,287,3493,3780
605,2018-02-07,299,3617,3916
605,2018-02-08,287,3636,3923
605,2018-02-09,272,3715,3987
605,2018-02-10,50,1927,1977
605,2018-02-11,30,1451,1481
605,2018-02-12,245,2625,2870
605,2018-02-13,304,3193,3497
605,2018-02-14,343,3383,3726
605,2018-02-15,273,3198,3471
605,2018-02-16,309,3565,3874
605,2018-02-17,40,1910,1950
605,2018-02-18,11,1583,1594
605,2018-02-19,330,3504,3834
605,2018-02-20,323,3538,3861
605,2018-02-21,350,3582,3932
605,2018-02-22,335,3635,3970
605,2018-02-23,307,3835,4142
605,2018-02-24,65,2213,2278
605,2018-02-25,11,1677,1688
605,2018-02-26,295,3397,3692
605,2018-02-27,291,3487,3778
605,2018-02-28,325,3604,3929
605,2018-03-01,325,3653,3978
605,2018-03-02,266,3399,3665
605,2018-03-03,62,2000,2062
605,2018-03-04,11,1567,1578
605,2018-03-05,332,3554,3886
605,2018-03-06,335,3567,3902
605,2018-03-07,357,3610,3967
605,2018-03-08,327,3766,4093
605,2018-03-09,351,3813,4164
605,2018-03-10,80,2235,2315
605,2018-03-11,11,1690,1701
605,2018-03-12,353,3566,3919
605,2018-03-13,385,3697,4082
605,2018-03-14,370,3841,4211
605,2018-03-15,419,3851,4270
605,2018-03-16,349,3849,4198
605,2018-03-17,79,2173,2252
605,2018-03-18,30,1597,1627
605,2018-03-19,334,3411,3745
605,2018-03-20,400,3651,4051
605,2018-03-21,445,3680,4125
605,2018-03-22,442,3559,4001
605,2018-03-23,342,3783,4125
605,2018-03-24,87,2446,2533
605,2018-03-26,370,3713,4083
605,2018-03-27,397,3740,4137
605,2018-03-28,386,3875,4261
605,2018-03-29,409,3820,4229
605,2018-03-30,330,3776,4106
605,2018-03-31,87,2221,2308
605,2018-04-01,22,1780,1802
605,2018-04-02,47,1926,1973
605,2018-04-03,339,3409,3748
605,2018-04-04,337,3483,3820
605,2018-04-05,409,3555,3964
605,2018-04-06,444,3599,4043
605,2018-04-07,126,2355,2481
605,2018-04-08,47,1941,1988
605,2018-04-09,402,3388,3790
605,2018-04-10,362,3479,3841
605,2018-04-11,469,3612,4081
605,2018-04-12,424,3541,3965
605,2018-04-13,442,3704,4146
605,2018-04-14,95,2346,2441
605,2018-04-15,28,1809,1837
605,2018-04-16,396,3786,4182
605,2018-04-17,479,4010,4489
605,2018-04-18,435,3853,4288
605,2018-04-19,429,3888,4317
605,2018-04-20,456,3888,4344
605,2018-04-21,76,2573,2649
605,2018-04-22,30,1921,1951
605,2018-04-23,370,3575,3945
605,2018-04-24,447,3830,4277
605,2018-04-25,376,3676,4052
605,2018-04-26,370,3795,4165
605,2018-04-27,391,4096,4487
605,2018-04-28,73,2508,2581
605,2018-04-29,18,1700,1718
605,2018-04-30,220,2714,2934
605,2018-05-01,36,1655,1691
605,2018-05-02,370,3585,3955
605,2018-05-03,377,3892,4269
605,2018-05-04,423,3832,4255
605,2018-05-05,120,2567,2687
605,2018-05-06,29,2063,2092
605,2018-05-07,418,3682,4100
605,2018-05-08,390,3844,4234
605,2018-05-09,383,4047,4430
605,2018-05-10,38,2572,2610
605,2018-05-11,248,3295,3543
605,2018-05-12,87,2478,2565
605,2018-05-13,27,1840,1867
605,2018-05-14,383,3668,4051
605,2018-05-15,436,3869,4305
605,2018-05-16,486,3850,4336
605,2018-05-17,345,3793,4138
605,2018-05-18,383,3998,4381
605,2018-05-19,71,2604,2675
605,2018-05-20,48,1948,1996
605,2018-05-21,48,2000,2048
605,2018-05-22,380,3250,3630
605,2018-05-23,407,3577,3984
605,2018-05-24,407,3584,3991
605,2018-05-25,372,3801,4173
605,2018-05-26,77,2297,2374
605,2018-05-27,23,1784,1807
605,2018-05-28,382,3802,4184
605,2018-05-29,375,3881,4256
605,2018-05-30,373,3683,4056
605,2018-05-31,391,3893,4284
605,2018-06-01,375,3921,4296
605,2018-06-02,74,2499,2573
605,2018-06-03,29,1965,1994
605,2018-06-04,384,3636,4020
605,2018-06-05,413,3806,4219
605,2018-06-06,406,3632,4038
605,2018-06-07,436,3632,4068
605,2018-06-08,362,3957,4319
605,2018-06-09,85,2794,2879
605,2018-06-10,14,2132,2146
605,2018-06-11,376,3574,3950
605,2018-06-12,394,3662,4056
605,2018-06-13,377,3684,4061
605,2018-06-14,381,3586,3967
605,2018-06-15,364,4221,4585
605,2018-06-16,81,2741,2822
605,2018-06-17,21,1952,1973
605,2018-06-18,383,3509,3892
605,2018-06-19,396,3719,4115
605,2018-06-20,409,3671,4080
605,2018-06-21,484,3692,4176
605,2018-06-22,436,3801,4237
605,2018-06-23,39,1843,1882
605,2018-06-24,30,1907,1937
605,2018-06-25,390,3658,4048
605,2018-06-26,435,3700,4135
605,2018-06-27,433,3749,4182
605,2018-06-28,423,3807,4230
605,2018-06-29,403,3922,4325
605,2018-06-30,101,2476,2577
605,2018-07-01,29,2016,2045
605,2018-07-02,401,3573,3974
605,2018-07-03,392,3836,4228
605,2018-07-04,442,3797,4239
605,2018-07-05,438,3588,4026
605,2018-07-06,379,3844,4223
605,2018-07-07,59,2601,2660
605,2018-07-08,21,2023,2044
605,2018-07-09,469,3548,4017
605,2018-07-10,439,3500,3939
605,2018-07-11,408,3846,4254
605,2018-07-12,477,3690,4167
605,2018-07-13,368,4129,4497
605,2018-07-14,80,2634,2714
605,2018-07-15,35,1865,1900
605,2018-07-16,361,3423,3784
605,2018-07-17,344,3441,3785
605,2018-07-18,343,3739,4082
605,2018-07-19,391,3566,3957
605,2018-07-20,341,3670,4011
605,2018-07-21,67,2389,2456
605,2018-07-22,24,2006,2030
605,2018-07-23,360,3525,3885
605,2018-07-24,426,3486,3912
605,2018-07-25,318,3702,4020
605,2018-07-26,333,3650,3983
605,2018-07-27,305,4192,4497
605,2018-07-28,51,3301,3352
605,2018-07-29,38,2060,2098
605,2018-07-30,264,2981,3245
605,2018-07-31,282,3127,3409
605,2018-08-01,241,3245,3486
605,2018-08-02,263,3029,3292
605,2018-08-03,220,3162,3382
605,2018-08-04,62,2002,2064
605,2018-08-05,32,1762,1794
605,2018-08-06,208,2754,2962
605,2018-08-07,209,2773,2982
605,2018-08-08,175,3081,3256
605,2018-08-09,190,2843,3033
605,2018-08-10,211,3038,3249
605,2018-08-11,67,2241,2308
605,2018-08-12,30,1873,1903
605,2018-08-13,170,2711,2881
605,2018-08-14,244,2800,3044
605,2018-08-15,37,1901,1938
605,2018-08-16,204,2863,3067
605,2018-08-17,217,3010,3227
605,2018-08-18,70,2103,2173
605,2018-08-19,18,1825,1843
605,2018-08-20,338,3266,3604
605,2018-08-21,341,3351,3692
605,2018-08-22,317,3533,3850
605,2018-08-23,355,3296,3651
605,2018-08-24,359,3534,3893
605,2018-08-25,57,2111,2168
605,2018-08-26,24,1688,1712
605,2018-08-27,364,3231,3595
605,2018-08-28,402,3408,3810
605,2018-08-29,396,3409,3805
605,2018-08-30,369,3399,3768
605,2018-08-31,358,3503,3861
605,2018-09-01,76,2155,2231
605,2018-09-02,24,1680,1704
605,2018-09-03,413,3201,3614
605,2018-09-04,353,3401,3754
605,2018-09-05,397,3521,3918
605,2018-09-06,420,3358,3778
605,2018-09-07,397,3542,3939
605,2018-09-08,63,2340,2403
605,2018-09-09,13,1945,1958
605,2018-09-10,414,3386,3800
605,2018-09-11,432,3633,4065
605,2018-09-12,441,3666,4107
605,2018-09-13,404,3709,4113
605,2018-09-14,355,3818,4173
605,2018-09-15,91,2469,2560
605,2018-09-16,67,2018,2085
605,2018-09-17,428,3694,4122
605,2018-09-18,389,3739,4128
605,2018-09-19,424,3716,4140
605,2018-09-20,415,3907,4322
605,2018-09-21,348,3809,4157
605,2018-09-22,69,2304,2373
605,2018-09-23,26,1516,1542
605,2018-09-24,363,3600,3963
605,2018-09-25,409,3763,4172
605,2018-09-26,395,3819,4214
605,2018-09-27,471,3767,4238
605,2018-09-28,358,3679,4037
605,2018-09-29,80,2324,2404
605,2018-09-30,27,1913,1940
605,2018-10-01,526,3087,3613
605,2018-10-02,436,2931,3367
605,2018-10-03,339,2765,3104
605,2018-10-04,401,3087,3488
605,2018-10-05,464,3040,3504
605,2018-10-06,10,96,106
605,2018-10-07,10,1252,1262
605,2018-10-08,370,3474,3844
605,2018-10-09,393,3514,3907
605,2018-10-10,390,3632,4022
605,2018-10-11,498,3698,4196
605,2018-10-12,400,3629,4029
605,2018-10-13,92,2295,2387
605,2018-10-14,23,1988,2011
605,2018-10-15,429,3448,3877
605,2018-10-16,362,3746,4108
605,2018-10-17,376,3527,3903
605,2018-10-18,379,3662,4041
605,2018-10-19,338,3810,4148
605,2018-10-20,88,2415,2503
605,2018-10-21,33,2048,2081
605,2018-10-22,342,3441,3783
605,2018-10-23,351,3562,3913
605,2018-10-24,370,3668,4038
605,2018-10-25,426,3609,4035
605,2018-10-26,357,3756,4113
605,2018-10-27,57,2138,2195
605,2018-10-28,12,1529,1541
605,2018-10-29,325,3214,3539
605,2018-10-30,340,3064,3404
605,2018-11-01,21,1668,1689
605,2018-11-02,212,2467,2679
605,2018-11-03,67,1898,1965
605,2018-11-04,11,1723,1734
605,2018-11-05,335,3435,3770
605,2018-11-06,360,3540,3900
605,2018-11-07,415,3664,4079
605,2018-11-08,401,3636,4037
605,2018-11-09,346,3728,4074
605,2018-11-10,48,2136,2184
605,2018-12-06,348,3374,3722
605,2018-12-07,398,3530,3928
605,2018-12-08,46,2018,2064
605,2018-12-09,26,1616,1642
605,2018-12-10,294,3560,3854
605,2018-12-11,385,3512,3897
605,2018-12-12,394,3563,3957
605,2018-12-13,422,3603,4025
605,2018-12-14,320,3750,4070
605,2018-12-15,79,2158,2237
605,2018-12-16,25,1382,1407
605,2018-12-17,339,3559,3898
605,2018-12-18,419,3609,4028
605,2018-12-19,311,3492,3803
605,2018-12-20,290,3587,3877
605,2018-12-21,243,3447,3690
605,2018-12-22,30,1949,1979
605,2018-12-23,10,1335,1345
605,2018-12-24,64,1698,1762
605,2018-12-25,5,969,974
605,2018-12-26,27,1207,1234
605,2018-12-27,98,2057,2155
605,2018-12-28,84,2024,2108
605,2018-12-29,49,1559,1608
605,2018-12-30,8,1175,1183
605,2018-12-31,44,1547,1591
610,2018-01-01,48,4839,4887
610,2018-01-02,698,9141,9839
610,2018-01-03,700,8976,9676
610,2018-01-04,768,10240,11008
610,2018-01-05,808,10524,11332
610,2018-01-06,320,7810,8130
610,2018-01-07,89,6611,6700
610,2018-01-08,1289,10721,12010
610,2018-01-09,1409,11725,13134
610,2018-01-10,1290,11109,12399
610,2018-01-11,1350,11499,12849
610,2018-01-12,1388,11730,13118
610,2018-01-13,339,8147,8486
610,2018-01-14,98,6931,7029
610,2018-01-15,1299,10878,12177
610,2018-01-16,1387,11477,12864
610,2018-01-17,1297,11041,12338
610,2018-01-18,1149,9380,10529
610,2018-01-19,1255,11820,13075
610,2018-01-20,225,5786,6011
610,2018-01-21,107,6920,7027
610,2018-01-22,1228,10954,12182
610,2018-01-23,1495,11675,13170
610,2018-01-24,1339,11493,12832
610,2018-01-25,1398,11727,13125
610,2018-01-26,1285,11830,13115
610,2018-01-27,337,8683,9020
610,2018-01-28,82,7526,7608
610,2018-01-29,1396,11197,12593
610,2018-01-30,1586,11716,13302
610,2018-01-31,1462,11380,12842
610,2018-02-01,1482,11792,13274
610,2018-02-02,1340,10963,12303
610,2018-02-03,382,8169,8551
610,2018-02-04,99,7155,7254
610,2018-02-05,1393,11084,12477
610,2018-02-06,1230,10829,12059
610,2018-02-07,1303,11106,12409
610,2018-02-08,1385,11203,12588
610,2018-02-09,1166,11056,12222
610,2018-02-10,307,6761,7068
610,2018-02-11,131,6047,6178
610,2018-02-12,905,8318,9223
610,2018-02-13,1117,9865,10982
610,2018-02-14,1358,10839,12197
610,2018-02-15,954,9288,10242
610,2018-02-16,1234,11155,12389
610,2018-02-17,337,7448,7785
610,2018-02-18,100,6924,7024
610,2018-02-19,1407,10925,12332
610,2018-02-20,1448,11594,13042
610,2018-02-21,1527,11549,13076
610,2018-02-22,1468,11890,13358
610,2018-02-23,1582,12154,13736
610,2018-02-24,400,8172,8572
610,2018-02-25,91,7141,7232
610,2018-02-26,1219,11061,12280
610,2018-02-27,1346,11221,12567
610,2018-02-28,1249,11251,12500
610,2018-03-01,1422,11609,13031
610,2018-03-02,1048,10237,11285
610,2018-03-03,376,7600,7976
610,2018-03-04,83,6704,6787
610,2018-03-05,1308,11155,12463
610,2018-03-06,1518,11774,13292
610,2018-03-07,1456,11462,12918
610,2018-03-08,1534,11782,13316
610,2018-03-09,1433,12178,13611
610,2018-03-10,372,8372,8744
610,2018-03-11,101,7521,7622
610,2018-03-12,1416,11369,12785
610,2018-03-13,1496,11775,13271
610,2018-03-14,1501,11873,13374
610,2018-03-15,1498,12071,13569
610,2018-03-16,1460,12312,13772
610,2018-03-17,393,8311,8704
610,2018-03-18,130,6690,6820
610,2018-03-19,1547,11100,12647
610,2018-03-20,1657,11853,13510
610,2018-03-21,1598,11744,13342
610,2018-03-22,1487,11705,13192
610,2018-03-23,1554,12326,13880
610,2018-03-24,460,9210,9670
610,2018-03-26,1532,11650,13182
610,2018-03-27,1586,12150,13736
610,2018-03-28,1788,12073,13861
610,2018-03-29,1679,12819,14498
610,2018-03-30,1494,12637,14131
610,2018-03-31,512,8405,8917
610,2018-04-01,170,7324,7494
610,2018-04-02,230,7680,7910
610,2018-04-03,1444,11507,12951
610,2018-04-04,1518,11436,12954
610,2018-04-05,1579,11828,13407
610,2018-04-06,1692,12026,13718
610,2018-04-07,535,8752,9287
610,2018-04-08,231,7935,8166
610,2018-04-09,1564,11214,12778
610,2018-04-10,1618,11666,13284
610,2018-04-11,1625,11952,13577
610,2018-04-12,1834,11726,13560
610,2018-04-13,1713,12333,14046
610,2018-04-14,557,8805,9362
610,2018-04-15,155,8391,8546
610,2018-04-16,1609,11845,13454
610,2018-04-17,1688,12394,14082
610,2018-04-18,1715,12515,14230
610,2018-04-19,1611,12823,14434
610,2018-04-20,1646,13017,14663
610,2018-04-21,502,9760,10262
610,2018-04-22,157,8519,8676
610,2018-04-23,1613,12135,13748
610,2018-04-24,1736,12404,14140
610,2018-04-25,1695,12542,14237
610,2018-04-26,1884,12925,14809
610,2018-04-27,1736,13577,15313
610,2018-04-28,610,9846,10456
610,2018-04-29,212,8536,8748
610,2018-04-30,1010,10634,11644
610,2018-05-01,299,6886,7185
610,2018-05-02,1776,12366,14142
610,2018-05-03,1733,12928,14661
610,2018-05-04,1817,13517,15334
610,2018-05-05,722,10012,10734
610,2018-05-06,187,8758,8945
610,2018-05-07,1671,12338,14009
610,2018-05-08,1819,12819,14638
610,2018-05-09,1800,13876,15676
610,2018-05-10,311,8915,9226
610,2018-05-11,1252,11850,13102
610,2018-05-12,636,9500,10136
610,2018-05-13,286,8659,8945
610,2018-05-14,1583,11897,13480
610,2018-05-15,1703,12474,14177
610,2018-05-16,1766,13051,14817
610,2018-05-17,1845,13041,14886
610,2018-05-18,1748,13764,15512
610,2018-05-19,621,9848,10469
610,2018-05-20,147,8643,8790
610,2018-05-21,295,8115,8410
610,2018-05-22,1707,11568,13275
610,2018-05-23,1689,11757,13446
610,2018-05-24,1725,11882,13607
610,2018-05-25,1594,12497,14091
610,2018-05-26,515,9000,9515
610,2018-05-27,223,7956,8179
610,2018-05-28,1602,11922,13524
610,2018-05-29,1679,12256,13935
610,2018-05-30,1710,12430,14140
610,2018-05-31,1752,12752,14504
610,2018-06-01,1481,12396,13877
610,2018-06-02,544,8981,9525
610,2018-06-03,192,9029,9221
610,2018-06-04,1599,11972,13571
610,2018-06-05,1802,12582,14384
610,2018-06-06,1950,12119,14069
610,2018-06-07,1846,12604,14450
610,2018-06-08,1689,13224,14913
610,2018-06-09,445,9470,9915
610,2018-06-10,208,8308,8516
610,2018-06-11,1779,11620,13399
610,2018-06-12,1810,12482,14292
610,2018-06-13,1942,12416,14358
610,2018-06-14,1902,12932,14834
610,2018-06-15,1923,13181,15104
610,2018-06-16,610,9328,9938
610,2018-06-17,267,8100,8367
610,2018-06-18,1599,11812,13411
610,2018-06-19,1871,12467,14338
610,2018-06-20,1743,12575,14318
610,2018-06-21,1832,12676,14508
610,2018-06-22,1760,12733,14493
610,2018-06-23,362,9007,9369
610,2018-06-24,265,8781,9046
610,2018-06-25,1637,12105,13742
610,2018-06-26,1940,12532,14472
610,2018-06-27,2054,12169,14223
610,2018-06-28,1913,12950,14863
610,2018-06-29,1807,13605,15412
610,2018-06-30,542,10102,10644
610,2018-07-01,293,9655,9948
610,2018-07-02,1731,12183,13914
610,2018-07-03,1766,12402,14168
610,2018-07-04,1710,12286,13996
610,2018-07-05,1666,12808,14474
610,2018-07-06,1606,13041,14647
610,2018-07-07,570,10156,10726
610,2018-07-08,320,9467,9787
610,2018-07-09,1903,11778,13681
610,2018-07-10,1749,12066,13815
610,2018-07-11,1677,12286,13963
610,2018-07-12,1719,13180,14899
610,2018-07-13,1739,13817,15556
610,2018-07-14,558,10825,11383
610,2018-07-15,313,8426,8739
610,2018-07-16,1573,11984,13557
610,2018-07-17,1575,12253,13828
610,2018-07-18,1642,12508,14150
610,2018-07-19,1717,12438,14155
610,2018-07-20,1634,13033,14667
610,2018-07-21,694,9576,10270
610,2018-07-22,297,9248,9545
610,2018-07-23,1598,11988,13586
610,2018-07-24,1628,12018,13646
610,2018-07-25,1605,12070,13675
610,2018-07-26,1489,12487,13976
610,2018-07-27,1282,12554,13836
610,2018-07-28,542,9425,9967
610,2018-07-29,309,8972,9281
610,2018-07-30,1091,10843,11934
610,2018-07-31,1109,11097,12206
610,2018-08-01,1179,11307,12486
610,2018-08-02,1140,11031,12171
610,2018-08-03,1110,11930,13040
610,2018-08-04,538,8843,9381
610,2018-08-05,319,9012,9331
610,2018-08-06,1037,10198,11235
610,2018-08-07,1022,10139,11161
610,2018-08-09,1035,10505,11540
610,2018-08-10,1044,11259,12303
610,2018-08-11,558,8942,9500
610,2018-08-12,260,8351,8611
610,2018-08-13,939,10151,11090
610,2018-08-14,1043,10434,11477
610,2018-08-15,341,7433,7774
610,2018-08-16,1138,10662,11800
610,2018-08-17,1058,10841,11899
610,2018-08-18,477,8564,9041
610,2018-08-19,253,8050,8303
610,2018-08-20,1330,10854,12184
610,2018-08-21,1427,11471,12898
610,2018-08-22,1452,11300,12752
610,2018-08-23,1547,11667,13214
610,2018-08-24,1519,11911,13430
610,2018-08-25,472,8549,9021
610,2018-08-26,218,8236,8454
610,2018-08-27,1497,11435,12932
610,2018-08-28,1609,12105,13714
610,2018-08-29,1611,11952,13563
610,2018-08-30,1620,12323,13943
610,2018-08-31,1561,12668,14229
610,2018-09-01,534,8966,9500
610,2018-09-02,230,8607,8837
610,2018-09-03,1692,11376,13068
610,2018-09-04,1680,11812,13492
610,2018-09-05,1602,12164,13766
610,2018-09-06,1602,12393,13995
610,2018-09-07,1612,12734,14346
610,2018-09-08,536,8878,9414
610,2018-09-09,225,8662,8887
610,2018-09-10,1543,11995,13538
610,2018-09-11,1624,12559,14183
610,2018-09-12,1591,12601,14192
610,2018-09-13,1765,12935,14700
610,2018-09-14,1714,13089,14803
610,2018-09-15,571,9467,10038
610,2018-09-16,269,8897,9166
610,2018-09-17,1674,12337,14011
610,2018-09-18,1766,12802,14568
610,2018-09-19,1799,12819,14618
610,2018-09-20,1838,13300,15138
610,2018-09-21,1850,13269,15119
610,2018-09-22,576,9338,9914
610,2018-09-23,194,7593,7787
610,2018-09-24,1720,12240,13960
610,2018-09-25,1883,12649,14532
610,2018-09-26,1876,12819,14695
610,2018-09-27,1787,13283,15070
610,2018-09-28,1848,13582,15430
610,2018-09-29,565,9718,10283
610,2018-09-30,237,9133,9370
610,2018-10-01,1670,12218,13888
610,2018-10-02,1744,12316,14060
610,2018-10-03,1842,12476,14318
610,2018-10-04,1851,12953,14804
610,2018-10-05,1927,13277,15204
610,2018-10-06,540,10077,10617
610,2018-10-07,188,8348,8536
610,2018-10-08,1720,12224,13944
610,2018-10-09,1667,12604,14271
610,2018-10-10,1633,12458,14091
610,2018-10-11,1582,13050,14632
610,2018-10-12,1575,13254,14829
610,2018-10-13,456,9372,9828
610,2018-10-14,154,8482,8636
610,2018-10-15,1608,12030,13638
610,2018-10-16,1697,12456,14153
610,2018-10-17,1715,12695,14410
610,2018-10-18,1716,12991,14707
610,2018-10-19,1694,13280,14974
610,2018-10-20,627,9648,10275
610,2018-10-21,280,9085,9365
610,2018-10-22,1565,12054,13619
610,2018-10-23,1562,12330,13892
610,2018-10-24,1652,12424,14076
610,2018-10-25,1879,13038,14917
610,2018-10-26,1731,13251,14982
610,2018-10-27,486,9210,9696
610,2018-10-28,155,8345,8500
610,2018-10-29,1748,11883,13631
610,2018-10-30,1496,11446,12942
610,2018-11-01,245,7740,7985
610,2018-11-02,1064,10998,12062
610,2018-11-03,658,8370,9028
610,2018-11-04,210,8766,8976
610,2018-11-05,1693,11708,13401
610,2018-11-06,1757,12077,13834
610,2018-11-07,1729,12491,14220
610,2018-11-08,1741,12591,14332
610,2018-11-09,1603,12618,14221
610,2018-11-10,311,8192,8503
610,2018-11-11,101,7085,7186
610,2018-11-12,1587,11945,13532
610,2018-11-13,1604,12455,14059
610,2018-11-14,1775,12394,14169
610,2018-11-15,1704,12684,14388
610,2018-11-16,1642,13025,14667
610,2018-11-17,415,9149,9564
610,2018-11-18,137,7973,8110
610,2018-11-19,1682,11935,13617
610,2018-11-20,1756,12165,13921
610,2018-11-21,1736,12181,13917
610,2018-11-22,1807,12606,14413
610,2018-11-23,1672,12900,14572
610,2018-11-24,356,8573,8929
610,2018-11-25,114,7317,7431
610,2018-11-26,1574,11630,13204
610,2018-11-27,1745,12268,14013
610,2018-11-28,1675,12246,13921
610,2018-11-29,1721,12371,14092
610,2018-11-30,1590,12930,14520
610,2018-12-01,418,8734,9152
610,2018-12-02,119,6972,7091
610,2018-12-03,1392,11759,13151
610,2018-12-04,1627,12382,14009
610,2018-12-05,1534,12367,13901
610,2018-12-06,1570,11961,13531
610,2018-12-07,1473,12579,14052
610,2018-12-08,360,8579,8939
610,2018-12-09,113,6925,7038
610,2018-12-10,1479,11764,13243
610,2018-12-11,1760,12399,14159
610,2018-12-12,1733,11990,13723
610,2018-12-13,1714,12651,14365
610,2018-12-14,1461,12965,14426
610,2018-12-15,444,8962,9406
610,2018-12-16,154,7021,7175
610,2018-12-17,1481,11688,13169
610,2018-12-18,1587,12502,14089
610,2018-12-19,1554,12329,13883
610,2018-12-20,1467,12790,14257
610,2018-12-21,1131,12185,13316
610,2018-12-22,288,8067,8355
610,2018-12-23,95,6746,6841
610,2018-12-24,481,7305,7786
610,2018-12-25,45,5793,5838
610,2018-12-26,131,6071,6202
610,2018-12-27,655,8643,9298
610,2018-12-28,613,8766,9379
610,2018-12-29,292,6970,7262
610,2018-12-30,83,6349,6432
610,2018-12-31,408,6937,7345
708,2018-01-01,39,2370,2409
708,2018-01-02,193,3790,3983
708,2018-01-03,176,3826,4002
708,2018-01-04,222,4120,4342
708,2018-01-05,237,4338,4575
708,2018-01-06,121,3688,3809
708,2018-01-07,41,2723,2764
708,2018-01-08,398,4860,5258
708,2018-01-09,364,5328,5692
708,2018-01-10,349,5212,5561
708,2018-01-11,402,5328,5730
708,2018-01-12,362,5351,5713
708,2018-01-13,140,4113,4253
708,2018-01-14,43,3075,3118
708,2018-01-15,364,5163,5527
708,2018-01-16,398,5490,5888
708,2018-01-17,344,4976,5320
708,2018-01-18,350,5302,5652
708,2018-01-19,340,5401,5741
708,2018-01-20,143,3961,4104
708,2018-01-21,52,3151,3203
708,2018-01-22,355,5148,5503
708,2018-01-23,386,5412,5798
708,2018-01-24,370,4945,5315
708,2018-01-25,406,5384,5790
708,2018-01-26,329,5663,5992
708,2018-01-27,167,4683,4850
708,2018-01-28,33,3317,3350
708,2018-01-29,371,5071,5442
708,2018-01-30,383,5505,5888
708,2018-01-31,412,5156,5568
708,2018-02-01,360,5552,5912
708,2018-02-02,378,5468,5846
708,2018-02-03,185,4230,4415
708,2018-02-04,50,3181,3231
708,2018-02-05,377,4986,5363
708,2018-02-06,318,4899,5217
708,2018-02-07,325,4870,5195
708,2018-02-08,348,5358,5706
708,2018-02-09,333,5247,5580
708,2018-02-10,149,3761,3910
708,2018-02-11,51,2899,2950
708,2018-02-12,278,4092,4370
708,2018-02-13,336,4557,4893
708,2018-02-14,425,4531,4956
708,2018-02-15,348,4426,4774
708,2018-02-16,391,3884,4275
708,2018-02-17,140,3910,4050
708,2018-02-18,50,2895,2945
708,2018-02-19,452,4813,5265
708,2018-02-20,507,5101,5608
708,2018-02-21,490,4986,5476
708,2018-02-22,388,5199,5587
708,2018-02-23,423,5416,5839
708,2018-02-24,154,4247,4401
708,2018-02-25,44,3130,3174
708,2018-02-26,323,5057,5380
708,2018-02-27,337,5330,5667
708,2018-02-28,364,5192,5556
708,2018-03-01,398,5144,5542
708,2018-03-02,446,4827,5273
708,2018-03-03,149,3964,4113
708,2018-03-04,41,3024,3065
708,2018-03-05,422,5035,5457
708,2018-03-06,467,5287,5754
708,2018-03-07,420,5201,5621
708,2018-03-08,390,5400,5790
708,2018-03-09,394,5679,6073
708,2018-03-10,149,4122,4271
708,2018-03-11,40,3225,3265
708,2018-03-12,409,5059,5468
708,2018-03-13,365,5429,5794
708,2018-03-14,467,5172,5639
708,2018-03-15,420,5427,5847
708,2018-03-16,378,5629,6007
708,2018-03-17,164,4258,4422
708,2018-03-18,51,2900,2951
708,2018-03-19,420,5063,5483
708,2018-03-20,407,5354,5761
708,2018-03-21,433,5359,5792
708,2018-03-22,393,5417,5810
708,2018-03-23,381,5786,6167
708,2018-03-24,192,4720,4912
708,2018-03-26,418,5557,5975
708,2018-03-27,386,5743,6129
708,2018-03-28,417,5853,6270
708,2018-03-29,421,5837,6258
708,2018-03-30,407,5862,6269
708,2018-03-31,148,4258,4406
708,2018-04-01,48,3125,3173
708,2018-04-02,31,3325,3356
708,2018-04-03,386,4975,5361
708,2018-04-04,387,5002,5389
708,2018-04-05,354,5086,5440
708,2018-04-06,336,5194,5530
708,2018-04-07,171,4219,4390
708,2018-04-08,57,3429,3486
708,2018-04-09,360,4911,5271
708,2018-04-10,370,4964,5334
708,2018-04-11,370,5076,5446
708,2018-04-12,407,5254,5661
708,2018-04-13,371,5349,5720
708,2018-04-14,147,4466,4613
708,2018-04-15,46,3576,3622
708,2018-04-16,424,5597,6021
708,2018-04-17,430,5820,6250
708,2018-04-18,390,5974,6364
708,2018-04-19,469,5953,6422
708,2018-04-20,456,5874,6330
708,2018-04-21,186,4781,4967
708,2018-04-22,42,3888,3930
708,2018-04-23,403,5562,5965
708,2018-04-24,416,5842,6258
708,2018-04-25,439,5493,5932
708,2018-04-26,416,5789,6205
708,2018-04-27,421,5798,6219
708,2018-04-28,143,4846,4989
708,2018-04-30,282,4973,5255
708,2018-05-01,62,3003,3065
708,2018-05-02,397,5554,5951
708,2018-05-03,434,5633,6067
708,2018-05-04,410,5939,6349
708,2018-05-05,264,5154,5418
708,2018-05-06,60,4011,4071
708,2018-05-07,368,5467,5835
708,2018-05-08,392,5737,6129
708,2018-05-09,427,6005,6432
708,2018-05-10,64,2992,3056
708,2018-05-11,291,5558,5849
708,2018-05-12,172,4449,4621
708,2018-05-13,55,3755,3810
708,2018-05-14,364,5330,5694
708,2018-05-15,407,5629,6036
708,2018-05-16,384,5394,5778
708,2018-05-17,393,5732,6125
708,2018-05-18,403,5902,6305
708,2018-05-19,197,4361,4558
708,2018-05-20,47,3087,3134
708,2018-05-21,63,2837,2900
708,2018-05-22,341,4906,5247
708,2018-05-23,390,5164,5554
708,2018-05-24,389,5009,5398
708,2018-05-25,339,5331,5670
708,2018-05-26,193,4404,4597
708,2018-05-27,63,3424,3487
708,2018-05-28,372,5471,5843
708,2018-05-30,362,5756,6118
708,2018-05-31,407,6324,6731
708,2018-06-01,397,7008,7405
708,2018-06-02,177,5211,5388
708,2018-06-03,53,4325,4378
708,2018-06-04,414,5825,6239
708,2018-06-05,466,6106,6572
708,2018-06-06,447,5744,6191
708,2018-06-07,445,6117,6562
708,2018-06-08,430,6330,6760
708,2018-06-09,206,5392,5598
708,2018-06-10,56,4140,4196
708,2018-06-11,447,5509,5956
708,2018-06-12,414,6061,6475
708,2018-06-13,426,5858,6284
708,2018-06-14,445,6082,6527
708,2018-06-15,399,6278,6677
708,2018-06-16,220,5154,5374
708,2018-06-17,42,3989,4031
708,2018-06-18,451,5485,5936
708,2018-06-19,438,5816,6254
708,2018-06-20,482,5625,6107
708,2018-06-21,425,5671,6096
708,2018-06-22,425,5564,5989
708,2018-06-23,54,3210,3264
708,2018-06-24,109,3284,3393
708,2018-06-25,405,5064,5469
708,2018-06-26,403,5299,5702
708,2018-06-27,448,5233,5681
708,2018-06-28,506,5319,5825
708,2018-06-29,354,5489,5843
708,2018-06-30,190,4456,4646
708,2018-07-01,59,3779,3838
708,2018-07-02,371,5033,5404
708,2018-07-03,340,5221,5561
708,2018-07-04,364,5190,5554
708,2018-07-05,410,5047,5457
708,2018-07-06,386,5601,5987
708,2018-07-07,164,4442,4606
708,2018-07-08,46,3784,3830
708,2018-07-09,414,5273,5687
708,2018-07-10,411,5466,5877
708,2018-07-11,437,5571,6008
708,2018-07-12,463,5719,6182
708,2018-07-13,401,5655,6056
708,2018-07-14,145,4444,4589
708,2018-07-15,55,3635,3690
708,2018-07-16,340,4900,5240
708,2018-07-17,344,5088,5432
708,2018-07-18,364,5058,5422
708,2018-07-19,299,5271,5570
708,2018-07-20,335,5109,5444
708,2018-07-21,160,4068,4228
708,2018-07-23,385,4897,5282
708,2018-07-24,408,5040,5448
708,2018-07-25,356,5085,5441
708,2018-07-26,341,5016,5357
708,2018-07-27,232,5069,5301
708,2018-07-28,134,3684,3818
708,2018-07-29,37,3172,3209
708,2018-07-30,238,4399,4637
708,2018-07-31,193,4537,4730
708,2018-08-01,212,4597,4809
708,2018-08-02,222,4554,4776
708,2018-08-03,200,4600,4800
708,2018-08-04,132,3587,3719
708,2018-08-05,47,3037,3084
708,2018-08-06,180,4028,4208
708,2018-08-07,196,4141,4337
708,2018-08-08,212,3986,4198
708,2018-08-09,188,4109,4297
708,2018-08-10,204,4167,4371
708,2018-08-11,156,3401,3557
708,2018-08-12,40,2877,2917
708,2018-08-13,186,3714,3900
708,2018-08-14,199,4212,4411
708,2018-08-15,52,2578,2630
708,2018-08-16,229,4269,4498
708,2018-08-17,208,4285,4493
708,2018-08-18,120,3469,3589
708,2018-08-19,59,3016,3075
708,2018-08-20,347,4378,4725
708,2018-08-21,324,4634,4958
708,2018-08-22,327,4569,4896
708,2018-08-23,343,4634,4977
708,2018-08-24,301,4727,5028
708,2018-08-25,144,3378,3522
708,2018-08-26,94,3029,3123
708,2018-08-27,345,4384,4729
708,2018-08-28,344,4641,4985
708,2018-08-29,312,4468,4780
708,2018-08-30,366,4670,5036
708,2018-08-31,376,4629,5005
708,2018-09-01,181,3632,3813
708,2018-09-02,161,3041,3202
708,2018-09-03,404,4395,4799
708,2018-09-04,338,4756,5094
708,2018-09-05,380,4617,4997
708,2018-09-06,354,4761,5115
708,2018-09-07,324,4758,5082
708,2018-09-08,159,3762,3921
708,2018-09-09,45,3191,3236
708,2018-09-10,352,4908,5260
708,2018-09-11,396,5111,5507
708,2018-09-12,345,5030,5375
708,2018-09-13,369,5111,5480
708,2018-09-14,328,5329,5657
708,2018-09-15,167,4446,4613
708,2018-09-16,61,3756,3817
708,2018-09-17,414,5277,5691
708,2018-09-18,368,5382,5750
708,2018-09-19,449,5220,5669
708,2018-09-20,405,5415,5820
708,2018-09-21,405,5537,5942
708,2018-09-22,186,4730,4916
708,2018-09-23,67,3413,3480
708,2018-09-24,458,5152,5610
708,2018-09-25,394,5366,5760
708,2018-09-26,429,5280,5709
708,2018-09-27,423,5596,6019
708,2018-09-28,463,5546,6009
708,2018-09-29,202,4777,4979
708,2018-09-30,78,4154,4232
708,2018-10-01,447,5205,5652
708,2018-10-02,379,5324,5703
708,2018-10-03,357,5155,5512
708,2018-10-04,544,5410,5954
708,2018-10-05,450,5763,6213
708,2018-10-06,208,4574,4782
708,2018-10-07,54,3695,3749
708,2018-10-08,418,5062,5480
708,2018-10-09,411,5370,5781
708,2018-10-10,395,5225,5620
708,2018-10-11,390,5388,5778
708,2018-10-12,423,5581,6004
708,2018-10-13,207,4766,4973
708,2018-10-14,65,3713,3778
708,2018-10-15,402,5194,5596
708,2018-10-16,384,5393,5777
708,2018-10-17,364,5215,5579
708,2018-10-18,479,5554,6033
708,2018-10-19,418,5625,6043
708,2018-10-20,175,4675,4850
708,2018-10-21,52,3535,3587
708,2018-10-22,410,5253,5663
708,2018-10-23,443,5411,5854
708,2018-10-24,433,5204,5637
708,2018-10-25,399,5328,5727
708,2018-10-26,466,5646,6112
708,2018-10-27,214,4347,4561
708,2018-10-28,40,3466,3506
708,2018-10-29,330,4415,4745
708,2018-10-30,355,4524,4879
708,2018-11-01,60,2869,2929
708,2018-11-02,261,4325,4586
708,2018-11-03,171,3734,3905
708,2018-11-04,40,3056,3096
708,2018-11-05,396,4548,4944
708,2018-11-06,384,4901,5285
708,2018-11-07,389,4641,5030
708,2018-11-08,391,4962,5353
708,2018-11-09,496,5069,5565
708,2018-11-10,128,4247,4375
708,2018-11-11,42,3333,3375
708,2018-11-12,357,4618,4975
708,2018-11-13,378,4888,5266
708,2018-11-14,393,4624,5017
708,2018-11-15,393,4750,5143
708,2018-11-16,377,5046,5423
708,2018-11-17,195,4420,4615
708,2018-11-18,42,3396,3438
708,2018-11-19,399,4719,5118
708,2018-11-20,360,4683,5043
708,2018-11-21,433,4592,5025
708,2018-11-22,389,4559,4948
708,2018-11-23,406,4972,5378
708,2018-11-24,140,4110,4250
708,2018-11-25,47,3394,3441
708,2018-11-26,414,4582,4996
708,2018-11-27,366,4646,5012
708,2018-11-28,348,4636,4984
708,2018-11-29,412,4741,5153
708,2018-11-30,395,5048,5443
708,2018-12-01,184,4003,4187
708,2018-12-02,53,3096,3149
708,2018-12-03,404,4576,4980
708,2018-12-04,362,4562,4924
708,2018-12-06,313,4750,5063
708,2018-12-07,342,4698,5040
708,2018-12-08,104,3876,3980
708,2018-12-09,36,3010,3046
708,2018-12-10,346,4416,4762
708,2018-12-11,411,4584,4995
708,2018-12-12,372,4633,5005
708,2018-12-13,377,4823,5200
708,2018-12-14,374,5000,5374
708,2018-12-15,172,4047,4219
708,2018-12-16,39,2938,2977
708,2018-12-17,430,4520,4950
708,2018-12-18,362,4769,5131
708,2018-12-19,372,4670,5042
708,2018-12-20,368,4912,5280
708,2018-12-21,293,4884,5177
708,2018-12-22,132,3742,3874
708,2018-12-23,49,2759,2808
708,2018-12-24,165,3771,3936
708,2018-12-25,26,2503,2529
708,2018-12-26,27,2470,2497
708,2018-12-27,206,3583,3789
708,2018-12-28,183,3685,3868
708,2018-12-29,137,3289,3426
708,2018-12-30,31,2517,2548
708,2018-12-31,167,3445,3612
710,2018-01-01,40,3248,3288
710,2018-01-02,244,7344,7588
710,2018-01-04,222,7760,7982
710,2018-01-05,282,8150,8432
710,2018-01-06,124,6282,6406
710,2018-01-07,36,4266,4302
710,2018-01-08,251,7740,7991
710,2018-01-09,246,8423,8669
710,2018-01-12,920,24889,25809
710,2018-01-13,210,17140,17350
710,2018-01-14,73,12083,12156
710,2018-01-15,1058,22150,23208
710,2018-01-16,1054,23566,24620
710,2018-01-17,868,23229,24097
710,2018-01-18,1094,23300,24394
710,2018-01-19,875,24678,25553
710,2018-01-20,181,15029,15210
710,2018-01-21,69,11389,11458
710,2018-01-22,839,22527,23366
710,2018-01-23,1011,23668,24679
710,2018-01-24,914,23521,24435
710,2018-01-26,848,25193,26041
710,2018-01-27,213,18239,18452
710,2018-01-28,56,12973,13029
710,2018-01-29,947,22834,23781
710,2018-01-30,1029,24297,25326
710,2018-01-31,1086,23468,24554
710,2018-02-01,915,24730,25645
710,2018-02-02,866,24664,25530
710,2018-02-03,239,17568,17807
710,2018-02-04,71,12223,12294
710,2018-02-05,999,22686,23685
710,2018-02-06,820,21709,22529
710,2018-02-07,941,23288,24229
710,2018-02-09,892,23184,24076
710,2018-02-10,178,10680,10858
710,2018-02-11,136,11532,11668
710,2018-02-12,668,17742,18410
710,2018-02-13,852,20387,21239
710,2018-02-14,889,21921,22810
710,2018-02-15,762,20501,21263
710,2018-02-16,812,22277,23089
710,2018-02-17,220,15565,15785
710,2018-02-18,69,11595,11664
710,2018-02-19,944,22928,23872
710,2018-02-20,1007,24351,25358
710,2018-02-21,992,24060,25052
710,2018-02-23,939,25416,26355
710,2018-02-24,272,17530,17802
710,2018-02-25,69,13167,13236
710,2018-02-26,888,23233,24121
710,2018-02-27,908,23632,24540
710,2018-02-28,903,23578,24481
710,2018-03-01,957,24422,25379
710,2018-03-02,701,21089,21790
710,2018-03-03,279,16562,16841
710,2018-03-04,102,11846,11948
710,2018-03-05,931,23543,24474
710,2018-03-06,1030,24727,25757
710,2018-03-07,908,24302,25210
710,2018-03-09,897,25365,26262
710,2018-03-10,269,18146,18415
710,2018-03-11,129,13099,13228
710,2018-03-12,1156,23202,24358
710,2018-03-13,1204,24088,25292
710,2018-03-14,1083,24930,26013
710,2018-03-15,1005,24636,25641
710,2018-03-16,961,25455,26416
710,2018-03-17,309,17724,18033
710,2018-03-18,142,12201,12343
710,2018-03-19,1063,23597,24660
710,2018-03-20,1093,24758,25851
710,2018-03-21,1072,24854,25926
710,2018-03-22,989,24554,25543
710,2018-03-23,1071,26126,27197
710,2018-03-24,296,19437,19733
710,2018-03-26,1045,23865,24910
710,2018-03-27,1048,25183,26231
710,2018-03-28,1368,24648,26016
710,2018-03-31,287,17711,17998
710,2018-04-01,61,12505,12566
710,2018-04-02,85,12216,12301
710,2018-04-03,932,22830,23762
710,2018-04-04,1336,23464,24800
710,2018-04-06,1041,24511,25552
710,2018-04-07,284,17597,17881
710,2018-04-08,83,13388,13471
710,2018-04-09,996,22464,23460
710,2018-04-10,1093,23064,24157
710,2018-04-11,1052,23935,24987
710,2018-04-13,1081,24825,25906
710,2018-04-14,285,18558,18843
710,2018-04-15,94,14192,14286
710,2018-04-16,1036,22627,23663
710,2018-04-17,1079,23307,24386
710,2018-04-18,1110,23698,24808
710,2018-04-19,1080,24622,25702
710,2018-04-20,1016,25306,26322
710,2018-04-21,375,20658,21033
710,2018-04-22,108,15261,15369
710,2018-04-23,1051,22721,23772
710,2018-04-24,1087,23710,24797
710,2018-04-25,1071,24827,25898
710,2018-04-27,1099,27025,28124
710,2018-04-28,313,19340,19653
710,2018-04-29,90,13310,13400
710,2018-04-30,814,22114,22928
710,2018-05-01,173,11751,11924
710,2018-05-02,1163,25871,27034
710,2018-05-03,1133,26337,27470
710,2018-05-04,1116,27428,28544
710,2018-05-05,329,20690,21019
710,2018-05-06,105,15487,15592
710,2018-05-07,1028,25042,26070
710,2018-05-08,1132,26159,27291
710,2018-05-09,1101,27843,28944
710,2018-05-11,803,23974,24777
710,2018-05-12,277,18138,18415
710,2018-05-13,118,12618,12736
710,2018-05-14,1049,24262,25311
710,2018-05-15,1086,25983,27069
710,2018-05-16,1139,25766,26905
710,2018-05-18,1135,27377,28512
710,2018-05-19,362,18817,19179
710,2018-05-20,77,13026,13103
710,2018-05-21,131,12148,12279
710,2018-05-22,1074,23143,24217
710,2018-05-23,1101,23287,24388
710,2018-05-24,1090,23632,24722
710,2018-05-25,1075,24640,25715
710,2018-05-26,335,18546,18881
710,2018-05-27,97,13841,13938
710,2018-05-28,1076,24121,25197
710,2018-05-29,1148,25426,26574
710,2018-05-30,1176,25642,26818
710,2018-06-01,1226,25262,26488
710,2018-06-02,302,18723,19025
710,2018-06-03,113,14823,14936
710,2018-06-04,1071,24449,25520
710,2018-06-05,1168,25683,26851
710,2018-06-06,1129,25311,26440
710,2018-06-07,1095,26316,27411
710,2018-06-08,1110,26932,28042
710,2018-06-09,350,18730,19080
710,2018-06-10,102,14919,15021
710,2018-06-11,1382,23718,25100
710,2018-06-12,1027,25258,26285
710,2018-06-13,1122,25219,26341
710,2018-06-15,1134,26514,27648
710,2018-06-16,283,18315,18598
710,2018-06-17,99,13605,13704
710,2018-06-18,1096,23987,25083
710,2018-06-19,1133,25402,26535
710,2018-06-20,1148,25000,26148
710,2018-06-22,1065,25962,27027
710,2018-06-23,160,13845,14005
710,2018-06-24,88,14247,14335
710,2018-06-25,1159,24690,25849
710,2018-06-26,1201,25973,27174
710,2018-06-27,1119,25237,26356
710,2018-06-28,1167,26408,27575
710,2018-06-29,1098,27284,28382
710,2018-06-30,278,20328,20606
710,2018-07-01,147,17089,17236
710,2018-07-02,1135,24598,25733
710,2018-07-03,1178,25471,26649
710,2018-07-04,1440,24812,26252
710,2018-07-06,1119,26027,27146
710,2018-07-07,356,19210,19566
710,2018-07-08,109,15142,15251
710,2018-07-09,1154,24808,25962
710,2018-07-10,1167,25749,26916
710,2018-07-11,1136,25439,26575
710,2018-07-12,1114,26504,27618
710,2018-07-13,1113,27415,28528
710,2018-07-14,290,20895,21185
710,2018-07-15,232,14898,15130
710,2018-07-16,1057,24736,25793
710,2018-07-17,1118,25679,26797
710,2018-07-18,1105,25753,26858
710,2018-07-20,1119,25960,27079
710,2018-07-21,362,19560,19922
710,2018-07-22,159,15230,15389
710,2018-07-23,1081,24265,25346
710,2018-07-24,1138,24536,25674
710,2018-07-25,1084,24577,25661
710,2018-07-26,995,24431,25426
710,2018-07-27,811,23412,24223
710,2018-07-28,249,17601,17850
710,2018-07-29,102,14861,14963
710,2018-07-30,751,20935,21686
710,2018-07-31,713,21566,22279
710,2018-08-01,746,21753,22499
710,2018-08-03,681,22106,22787
710,2018-08-04,208,16391,16599
710,2018-08-05,107,14225,14332
710,2018-08-06,640,19127,19767
710,2018-08-07,804,18890,19694
710,2018-08-08,764,18802,19566
710,2018-08-09,758,18970,19728
710,2018-08-10,661,20602,21263
710,2018-08-11,244,15834,16078
710,2018-08-12,85,13368,13453
710,2018-08-13,744,18042,18786
710,2018-08-14,753,20369,21122
710,2018-08-15,209,11536,11745
710,2018-08-16,750,19912,20662
710,2018-08-17,758,20865,21623
710,2018-08-18,252,15376,15628
710,2018-08-19,92,12938,13030
710,2018-08-20,962,20928,21890
710,2018-08-21,1023,21806,22829
710,2018-08-22,1008,22214,23222
710,2018-08-23,946,22362,23308
710,2018-08-24,981,22900,23881
710,2018-08-25,430,15490,15920
710,2018-08-26,163,13042,13205
710,2018-08-27,1170,22444,23614
710,2018-08-28,1203,23601,24804
710,2018-08-29,1183,23593,24776
710,2018-08-31,1202,24400,25602
710,2018-09-01,472,17794,18266
710,2018-09-02,178,14593,14771
710,2018-09-03,1170,23107,24277
710,2018-09-04,1314,23934,25248
710,2018-09-05,1278,24203,25481
710,2018-09-06,1213,24774,25987
710,2018-09-07,1148,25475,26623
710,2018-09-08,409,18943,19352
710,2018-09-09,151,15547,15698
710,2018-09-10,1107,24262,25369
710,2018-09-11,1225,25335,26560
710,2018-09-12,1242,25449,26691
710,2018-09-14,1170,26647,27817
710,2018-09-15,355,18935,19290
710,2018-09-16,144,15606,15750
710,2018-09-17,1110,25168,26278
710,2018-09-18,1169,26121,27290
710,2018-09-19,1241,25975,27216
710,2018-09-20,1205,26629,27834
710,2018-09-21,1314,26484,27798
710,2018-09-22,313,19481,19794
710,2018-09-23,136,12000,12136
710,2018-09-24,1104,25731,26835
710,2018-09-25,1174,26218,27392
710,2018-09-26,1115,26359,27474
710,2018-09-28,1177,27512,28689
710,2018-09-29,376,20280,20656
710,2018-09-30,157,15748,15905
710,2018-10-01,1140,25058,26198
710,2018-10-02,1098,25300,26398
710,2018-10-03,1162,25374,26536
710,2018-10-04,1148,26247,27395
710,2018-10-05,1134,27038,28172
710,2018-10-06,333,20208,20541
710,2018-10-07,113,16340,16453
710,2018-10-08,1101,24776,25877
710,2018-10-09,1221,25929,27150
710,2018-10-10,1093,25430,26523
710,2018-10-12,1052,27237,28289
710,2018-10-13,297,19850,20147
710,2018-10-14,88,14509,14597
710,2018-10-15,1138,24720,25858
710,2018-10-16,1136,26202,27338
710,2018-10-17,1232,25950,27182
710,2018-10-18,1194,27158,28352
710,2018-10-19,1077,27094,28171
710,2018-10-20,316,19797,20113
710,2018-10-21,120,15882,16002
710,2018-10-22,1112,25094,26206
710,2018-10-23,1217,26095,27312
710,2018-10-24,1157,26266,27423
710,2018-10-26,1220,26230,27450
710,2018-10-27,337,19075,19412
710,2018-10-28,84,13686,13770
710,2018-10-29,1109,22911,24020
710,2018-10-30,1202,21604,22806
710,2018-10-31,1008,25342,26350
710,2018-11-02,890,21696,22586
710,2018-11-03,278,17739,18017
710,2018-11-04,81,14529,14610
710,2018-11-05,1113,24075,25188
710,2018-11-06,1154,26094,27248
710,2018-11-07,1208,25688,26896
710,2018-11-09,1140,26754,27894
710,2018-11-10,256,17798,18054
710,2018-11-11,239,11932,12171
710,2018-11-12,1077,24356,25433
710,2018-11-13,1132,24609,25741
710,2018-11-14,1167,25285,26452
710,2018-11-15,1141,25942,27083
710,2018-11-16,1065,26763,27828
710,2018-11-17,266,19147,19413
710,2018-11-18,88,13554,13642
710,2018-11-19,1095,24214,25309
710,2018-11-20,1159,25476,26635
710,2018-11-21,1092,25463,26555
710,2018-11-22,1259,26013,27272
710,2018-11-23,1120,27049,28169
710,2018-11-24,247,18434,18681
710,2018-11-25,85,13689,13774
710,2018-11-26,1031,24554,25585
710,2018-11-27,1167,25305,26472
710,2018-11-28,1031,25068,26099
710,2018-11-30,954,26250,27204
710,2018-12-01,266,18257,18523
710,2018-12-02,70,12688,12758
710,2018-12-03,1168,23310,24478
710,2018-12-04,1059,25795,26854
710,2018-12-05,1057,25633,26690
710,2018-12-06,1057,25227,26284
710,2018-12-07,1296,25594,26890
710,2018-12-08,306,17852,18158
710,2018-12-09,64,12048,12112
710,2018-12-10,1029,24270,25299
710,2018-12-11,1158,25410,26568
710,2018-12-12,1149,25051,26200
710,2018-12-14,1043,26029,27072
710,2018-12-15,308,18652,18960
710,2018-12-16,93,12120,12213
710,2018-12-17,993,24829,25822
710,2018-12-18,1090,26156,27246
710,2018-12-19,1178,25144,26322
710,2018-12-20,1078,26186,27264
710,2018-12-21,840,25550,26390
710,2018-12-22,226,17218,17444
710,2018-12-23,68,12816,12884
710,2018-12-24,326,15632,15958
710,2018-12-25,37,10065,10102
710,2018-12-26,83,10039,10122
710,2018-12-27,423,17500,17923
710,2018-12-28,380,18013,18393
710,2018-12-29,172,14721,14893
710,2018-12-30,56,11451,11507
710,2018-12-31,248,14173,14421
711,2018-01-01,40,3406,3446
711,2018-01-02,212,5723,5935
711,2018-01-03,236,5644,5880
711,2018-01-04,228,5902,6130
711,2018-01-05,215,6458,6673
711,2018-01-06,164,5290,5454
711,2018-01-07,32,4065,4097
711,2018-01-08,255,6193,6448
711,2018-01-09,256,6661,6917
711,2018-01-10,254,6542,6796
711,2018-01-12,238,7109,7347
711,2018-01-13,161,5769,5930
711,2018-01-14,33,4547,4580
711,2018-01-15,267,6338,6605
711,2018-01-16,270,6566,6836
711,2018-01-17,274,6698,6972
711,2018-01-18,242,6570,6812
711,2018-01-19,268,6712,6980
711,2018-01-20,165,5359,5524
711,2018-01-21,27,4603,4630
711,2018-01-22,245,6227,6472
711,2018-01-23,261,6644,6905
711,2018-01-24,232,6410,6642
711,2018-01-26,238,7113,7351
711,2018-01-27,169,5962,6131
711,2018-01-28,19,4601,4620
711,2018-01-29,278,6478,6756
711,2018-01-30,271,6820,7091
711,2018-01-31,262,6788,7050
711,2018-02-01,272,7022,7294
711,2018-02-02,255,7198,7453
711,2018-02-03,174,6111,6285
711,2018-02-04,27,4631,4658
711,2018-02-05,267,6530,6797
711,2018-02-06,241,6618,6859
711,2018-02-07,239,6817,7056
711,2018-02-09,230,6852,7082
711,2018-02-10,184,6167,6351
711,2018-02-11,87,5125,5212
711,2018-02-12,196,5338,5534
711,2018-02-13,224,5876,6100
711,2018-02-14,226,6211,6437
711,2018-02-15,208,5904,6112
711,2018-02-16,228,6438,6666
711,2018-02-17,169,5297,5466
711,2018-02-18,29,4566,4595
711,2018-02-19,264,6419,6683
711,2018-02-20,269,6848,7117
711,2018-02-21,276,6575,6851
711,2018-02-23,280,7388,7668
711,2018-02-24,180,6253,6433
711,2018-02-25,31,5293,5324
711,2018-02-26,247,6410,6657
711,2018-02-27,238,6477,6715
711,2018-02-28,244,6702,6946
711,2018-03-01,233,6856,7089
711,2018-03-02,238,6260,6498
711,2018-03-03,249,5679,5928
711,2018-03-04,105,4538,4643
711,2018-03-05,285,6609,6894
711,2018-03-06,256,7034,7290
711,2018-03-07,266,6887,7153
711,2018-03-09,254,7356,7610
711,2018-03-10,248,6043,6291
711,2018-03-11,95,4938,5033
711,2018-03-12,312,6250,6562
711,2018-03-13,264,6929,7193
711,2018-03-14,261,7237,7498
711,2018-03-15,282,6790,7072
711,2018-03-16,240,7594,7834
711,2018-03-17,256,5748,6004
711,2018-03-18,99,4704,4803
711,2018-03-19,264,6688,6952
711,2018-03-20,278,6987,7265
711,2018-03-21,281,7116,7397
711,2018-03-22,267,6989,7256
711,2018-03-23,302,7668,7970
711,2018-03-24,170,6677,6847
711,2018-03-26,291,6955,7246
711,2018-03-27,240,7234,7474
711,2018-03-28,294,7132,7426
711,2018-03-31,162,6048,6210
711,2018-04-01,29,4414,4443
711,2018-04-02,29,4311,4340
711,2018-04-03,262,6410,6672
711,2018-04-04,302,7394,7696
711,2018-04-06,242,7128,7370
711,2018-04-07,174,6055,6229
711,2018-04-08,37,5351,5388
711,2018-04-09,245,6168,6413
711,2018-04-10,251,6523,6774
711,2018-04-11,232,6702,6934
711,2018-04-13,244,7328,7572
711,2018-04-14,194,6513,6707
711,2018-04-15,33,5506,5539
711,2018-04-16,287,7069,7356
711,2018-04-17,174,4272,4446
711,2018-04-18,294,7494,7788
711,2018-04-19,288,7775,8063
711,2018-04-20,285,8128,8413
711,2018-04-21,186,7076,7262
711,2018-04-22,38,5890,5928
711,2018-04-23,274,7669,7943
711,2018-04-24,270,7433,7703
711,2018-04-25,275,7494,7769
711,2018-05-15,190,4081,4271
711,2018-05-16,22,478,500
711,2018-05-17,135,4269,4404
711,2018-05-18,268,7787,8055
711,2018-05-19,180,6597,6777
711,2018-05-20,30,4696,4726
711,2018-05-21,34,4624,4658
711,2018-05-22,278,6510,6788
711,2018-05-23,274,6662,6936
711,2018-05-24,286,6386,6672
711,2018-05-25,249,7193,7442
711,2018-05-26,186,6378,6564
711,2018-05-27,34,5122,5156
711,2018-05-28,294,6646,6940
711,2018-05-30,255,7501,7756
711,2018-05-31,244,7272,7516
711,2018-06-01,280,7450,7730
711,2018-06-02,186,6645,6831
711,2018-06-03,61,5902,5963
711,2018-06-04,258,6948,7206
711,2018-06-05,298,7313,7611
711,2018-06-06,295,7376,7671
711,2018-06-07,324,7418,7742
711,2018-06-08,271,7871,8142
711,2018-06-09,194,6520,6714
711,2018-06-10,40,5486,5526
711,2018-06-11,296,6522,6818
711,2018-06-13,280,7208,7488
711,2018-06-14,282,7278,7560
711,2018-06-15,281,7860,8141
711,2018-06-16,172,7287,7459
711,2018-06-17,33,5428,5461
711,2018-06-18,256,7125,7381
711,2018-06-19,279,7264,7543
711,2018-06-20,257,7434,7691
711,2018-06-21,251,7373,7624
711,2018-06-22,279,7506,7785
711,2018-06-23,46,4740,4786
711,2018-06-24,52,4957,5009
711,2018-06-25,286,7015,7301
711,2018-06-27,292,7442,7734
711,2018-06-28,332,7888,8220
711,2018-06-29,342,8582,8924
711,2018-06-30,220,7549,7769
711,2018-07-01,67,6714,6781
711,2018-07-02,296,7444,7740
711,2018-07-03,327,7543,7870
711,2018-07-04,316,7234,7550
711,2018-07-05,308,7440,7748
711,2018-07-06,284,7971,8255
711,2018-07-07,193,6747,6940
711,2018-07-08,41,5721,5762
711,2018-07-09,327,7299,7626
711,2018-07-11,304,7461,7765
711,2018-07-12,270,7721,7991
711,2018-07-13,279,8090,8369
711,2018-07-14,202,6686,6888
711,2018-07-15,34,5190,5224
711,2018-07-16,253,7193,7446
711,2018-07-17,276,7270,7546
711,2018-07-18,274,7620,7894
711,2018-07-19,267,7370,7637
711,2018-07-20,250,7554,7804
711,2018-07-21,204,6460,6664
711,2018-07-22,38,5620,5658
711,2018-07-23,247,7437,7684
711,2018-07-25,263,7309,7572
711,2018-07-26,257,7347,7604
711,2018-07-27,209,6856,7065
711,2018-07-28,173,5634,5807
711,2018-07-29,37,4809,4846
711,2018-07-30,231,5814,6045
711,2018-07-31,212,6095,6307
711,2018-08-01,216,6135,6351
711,2018-08-02,217,6316,6533
711,2018-08-03,212,5946,6158
711,2018-08-04,180,4964,5144
711,2018-08-05,41,4514,4555
711,2018-08-06,199,5386,5585
711,2018-08-08,236,5288,5524
711,2018-08-09,214,5092,5306
711,2018-08-10,233,5746,5979
711,2018-08-11,182,4870,5052
711,2018-08-12,41,4222,4263
711,2018-08-13,204,4520,4724
711,2018-08-14,205,5173,5378
711,2018-08-15,38,3945,3983
711,2018-08-16,222,5435,5657
711,2018-08-18,174,4891,5065
711,2018-08-19,33,4241,4274
711,2018-08-20,227,5565,5792
711,2018-08-21,260,5935,6195
711,2018-08-22,229,6115,6344
711,2018-08-23,250,6021,6271
711,2018-08-24,230,6079,6309
711,2018-08-25,314,4980,5294
711,2018-08-26,125,4347,4472
711,2018-08-27,364,6042,6406
711,2018-08-28,345,6393,6738
711,2018-08-29,357,6016,6373
711,2018-08-30,350,6360,6710
711,2018-08-31,321,6450,6771
711,2018-09-01,320,5336,5656
711,2018-09-02,124,4536,4660
711,2018-09-03,347,6031,6378
711,2018-09-05,347,6359,6706
711,2018-09-06,326,6429,6755
711,2018-09-07,346,6648,6994
711,2018-09-08,294,5626,5920
711,2018-09-09,124,5231,5355
711,2018-09-11,342,6733,7075
711,2018-09-12,323,7181,7504
711,2018-09-13,370,6953,7323
711,2018-09-14,340,7500,7840
711,2018-09-15,292,6538,6830
711,2018-09-16,112,5608,5720
711,2018-09-17,263,7266,7529
711,2018-09-19,255,7564,7819
711,2018-09-20,285,7635,7920
711,2018-09-21,272,7874,8146
711,2018-09-22,196,6164,6360
711,2018-09-23,46,4460,4506
711,2018-09-24,310,7065,7375
711,2018-09-25,292,7881,8173
711,2018-09-26,272,7527,7799
711,2018-09-27,295,7714,8009
711,2018-09-28,304,8082,8386
711,2018-09-29,300,7059,7359
711,2018-09-30,104,5926,6030
711,2018-10-01,294,6966,7260
711,2018-10-03,270,7461,7731
711,2018-10-04,260,7665,7925
711,2018-10-05,271,7876,8147
711,2018-10-06,176,7210,7386
711,2018-10-07,40,5264,5304
711,2018-10-08,262,6989,7251
711,2018-10-10,273,7491,7764
711,2018-10-11,265,7774,8039
711,2018-10-12,269,7825,8094
711,2018-10-13,189,6797,6986
711,2018-10-14,33,5698,5731
711,2018-10-15,285,7077,7362
711,2018-10-16,268,7313,7581
711,2018-10-17,307,7485,7792
711,2018-10-18,284,7370,7654
711,2018-10-19,280,7819,8099
711,2018-10-20,188,6840,7028
711,2018-10-21,28,5242,5270
711,2018-10-22,278,6914,7192
711,2018-10-23,295,7249,7544
711,2018-10-24,278,7119,7397
711,2018-10-25,296,7282,7578
711,2018-10-26,313,7936,8249
711,2018-10-27,193,6270,6463
711,2018-10-28,29,4947,4976
711,2018-10-29,270,6866,7136
711,2018-10-31,352,8224,8576
711,2018-11-01,54,4365,4419
711,2018-11-02,232,6348,6580
711,2018-11-03,181,5682,5863
711,2018-11-04,36,4854,4890
711,2018-11-05,269,6668,6937
711,2018-11-06,257,7274,7531
711,2018-11-07,271,7016,7287
711,2018-11-08,289,6963,7252
711,2018-11-09,273,7588,7861
711,2018-11-10,192,6383,6575
711,2018-11-11,30,4816,4846
711,2018-11-12,256,6590,6846
711,2018-11-14,258,6850,7108
711,2018-11-15,268,7124,7392
711,2018-11-16,253,7489,7742
711,2018-11-17,201,6484,6685
711,2018-11-18,37,4966,5003
711,2018-11-19,267,6691,6958
711,2018-11-20,259,6883,7142
711,2018-11-21,258,6889,7147
711,2018-11-22,251,6992,7243
711,2018-11-23,287,8241,8528
711,2018-11-24,182,5748,5930
711,2018-11-25,30,4590,4620
711,2018-11-26,254,6577,6831
711,2018-11-28,242,7065,7307
711,2018-11-29,273,7104,7377
711,2018-11-30,266,7438,7704
711,2018-12-01,173,5960,6133
711,2018-12-02,30,4332,4362
711,2018-12-03,256,6460,6716
711,2018-12-04,254,7154,7408
711,2018-12-05,242,7005,7247
711,2018-12-06,238,6753,6991
711,2018-12-07,253,7164,7417
711,2018-12-08,199,5952,6151
711,2018-12-09,34,4130,4164
711,2018-12-10,267,6626,6893
711,2018-12-12,266,6994,7260
711,2018-12-13,283,7295,7578
711,2018-12-15,176,6223,6399
711,2018-12-16,26,4514,4540
711,2018-12-17,244,6839,7083
711,2018-12-18,228,7138,7366
711,2018-12-19,267,7165,7432
711,2018-12-20,242,7237,7479
711,2018-12-21,227,7321,7548
711,2018-12-22,176,5372,5548
711,2018-12-23,30,4244,4274
711,2018-12-24,187,5372,5559
711,2018-12-25,27,3791,3818
711,2018-12-26,29,3979,4008
711,2018-12-27,171,5229,5400
711,2018-12-28,169,5404,5573
711,2018-12-29,154,4603,4757
711,2018-12-30,21,3741,3762
711,2018-12-31,167,4916,5083
712,2018-01-01,NA,2802,NA
712,2018-01-02,220,5748,5968
712,2018-01-03,204,5630,5834
712,2018-01-04,196,6134,6330
712,2018-01-05,225,6219,6444
712,2018-01-06,137,4357,4494
712,2018-01-07,10,3275,3285
712,2018-01-08,250,6217,6467
712,2018-01-09,240,6533,6773
712,2018-01-10,256,6523,6779
712,2018-01-12,255,6669,6924
712,2018-01-13,145,4611,4756
712,2018-01-14,9,3547,3556
712,2018-01-15,280,6141,6421
712,2018-01-16,280,6116,6396
712,2018-01-17,276,6282,6558
712,2018-01-18,218,5928,6146
712,2018-01-19,300,5956,6256
712,2018-01-20,130,4209,4339
712,2018-01-21,6,3195,3201
712,2018-01-22,244,5959,6203
712,2018-01-23,226,6331,6557
712,2018-01-24,244,6294,6538
712,2018-01-26,249,6795,7044
712,2018-01-27,144,4894,5038
712,2018-01-28,7,3427,3434
712,2018-01-29,252,6165,6417
712,2018-01-30,224,6298,6522
712,2018-01-31,218,5824,6042
712,2018-02-01,221,6281,6502
712,2018-02-02,229,6186,6415
712,2018-02-03,146,4727,4873
712,2018-02-04,5,3485,3490
712,2018-02-05,245,5905,6150
712,2018-02-06,219,5474,5693
712,2018-02-07,220,5718,5938
712,2018-02-09,241,5726,5967
712,2018-02-10,143,3953,4096
712,2018-02-11,9,2922,2931
712,2018-02-12,182,4393,4575
712,2018-02-13,195,4807,5002
712,2018-02-14,190,5070,5260
712,2018-02-15,158,4704,4862
712,2018-02-16,175,5100,5275
712,2018-02-17,141,4124,4265
712,2018-02-18,5,3354,3359
712,2018-02-19,264,5935,6199
712,2018-02-20,267,6124,6391
712,2018-02-21,247,6249,6496
712,2018-02-23,252,6498,6750
712,2018-02-24,204,4731,4935
712,2018-02-25,6,3522,3528
712,2018-02-26,279,6017,6296
712,2018-02-27,236,6092,6328
712,2018-02-28,291,6467,6758
712,2018-03-01,265,6268,6533
712,2018-03-02,259,5421,5680
712,2018-03-03,149,4180,4329
712,2018-03-04,4,3286,3290
712,2018-03-05,255,6340,6595
712,2018-03-06,218,6473,6691
712,2018-03-07,250,6399,6649
712,2018-03-09,244,6472,6716
712,2018-03-10,142,4679,4821
712,2018-03-11,7,3628,3635
712,2018-03-12,254,5792,6046
712,2018-03-13,246,6396,6642
712,2018-03-14,252,6424,6676
712,2018-03-15,229,6431,6660
712,2018-03-16,255,6615,6870
712,2018-03-17,149,4811,4960
712,2018-03-18,8,3348,3356
712,2018-03-19,254,6166,6420
712,2018-03-20,231,6621,6852
712,2018-03-21,239,6524,6763
712,2018-03-22,230,6365,6595
712,2018-03-23,232,6658,6890
712,2018-03-24,168,4955,5123
712,2018-03-26,266,6514,6780
712,2018-03-27,245,6661,6906
712,2018-03-28,274,6190,6464
712,2018-03-31,144,4828,4972
712,2018-04-01,24,3578,3602
712,2018-04-02,6,3344,3350
712,2018-04-03,189,5414,5603
712,2018-04-04,190,5248,5438
712,2018-04-06,162,4676,4838
712,2018-04-07,85,2787,2872
712,2018-04-08,4,2003,2007
712,2018-04-09,193,5298,5491
712,2018-04-10,206,5252,5458
712,2018-04-11,136,3840,3976
712,2018-04-13,185,5809,5994
712,2018-04-14,159,4618,4777
712,2018-04-15,8,3726,3734
712,2018-04-16,256,5698,5954
712,2018-04-17,162,3863,4025
712,2018-04-18,139,3450,3589
712,2018-04-19,144,3495,3639
712,2018-04-20,143,3670,3813
712,2018-04-21,80,2653,2733
712,2018-04-22,7,2914,2921
712,2018-04-23,237,6623,6860
712,2018-04-24,243,7289,7532
712,2018-04-25,251,7165,7416
712,2018-04-27,276,7156,7432
712,2018-04-28,151,5383,5534
712,2018-04-29,16,3732,3748
712,2018-04-30,230,5818,6048
712,2018-05-01,7,3436,3443
712,2018-05-02,244,6848,7092
712,2018-05-03,178,5084,5262
712,2018-05-04,182,4242,4424
712,2018-05-05,89,3230,3319
712,2018-05-06,4,1990,1994
712,2018-05-07,153,3284,3437
712,2018-05-08,143,3446,3589
712,2018-05-09,153,4269,4422
712,2018-05-10,14,3600,3614
712,2018-05-11,118,9658,9776
712,2018-05-12,119,3649,3768
712,2018-05-13,10,3632,3642
712,2018-05-14,313,6744,7057
712,2018-05-15,114,3400,3514
712,2018-05-16,264,6154,6418
712,2018-09-15,169,4647,4816
712,2018-09-16,20,4018,4038
712,2018-09-17,292,6225,6517
712,2018-09-18,248,6173,6421
712,2018-09-19,280,6373,6653
712,2018-09-20,270,6036,6306
712,2018-09-21,289,5917,6206
712,2018-09-22,178,4509,4687
712,2018-09-23,16,3322,3338
712,2018-09-24,311,6024,6335
712,2018-09-25,286,6050,6336
712,2018-09-26,292,5996,6288
712,2018-09-27,271,6170,6441
712,2018-09-29,149,4651,4800
712,2018-09-30,9,3731,3740
712,2018-10-01,308,5546,5854
712,2018-10-02,282,6013,6295
712,2018-10-03,289,6039,6328
712,2018-10-04,296,6267,6563
712,2018-10-05,269,6123,6392
712,2018-10-06,152,4579,4731
712,2018-10-07,11,3647,3658
712,2018-10-08,259,5941,6200
712,2018-10-09,275,6130,6405
712,2018-10-10,346,6184,6530
712,2018-10-11,325,6170,6495
712,2018-10-13,177,4726,4903
712,2018-10-14,25,4349,4374
712,2018-10-15,274,6814,7088
712,2018-10-16,274,5986,6260
712,2018-10-17,292,6175,6467
712,2018-10-18,279,6288,6567
712,2018-10-19,279,6122,6401
712,2018-10-20,170,4555,4725
712,2018-10-21,11,3688,3699
712,2018-10-22,271,5723,5994
712,2018-10-23,275,6116,6391
712,2018-10-24,304,5913,6217
712,2018-10-25,279,6191,6470
712,2018-10-27,180,4484,4664
712,2018-10-28,11,3545,3556
712,2018-10-29,230,4812,5042
712,2018-10-30,228,4854,5082
712,2018-10-31,231,5413,5644
712,2018-11-01,13,3210,3223
712,2018-11-03,154,4068,4222
712,2018-11-04,12,3358,3370
712,2018-11-05,325,5787,6112
712,2018-11-06,265,6117,6382
712,2018-11-07,305,5820,6125
712,2018-11-08,277,6090,6367
712,2018-11-10,169,4271,4440
712,2018-11-11,2,3254,3256
712,2018-11-12,285,5945,6230
712,2018-11-13,276,6174,6450
712,2018-11-14,277,6057,6334
712,2018-11-15,265,6164,6429
712,2018-11-16,305,6285,6590
712,2018-11-17,179,4771,4950
712,2018-11-18,14,3591,3605
712,2018-11-19,286,5918,6204
712,2018-11-20,276,6233,6509
712,2018-11-21,297,6001,6298
712,2018-11-22,291,5914,6205
712,2018-11-23,292,5858,6150
712,2018-11-24,148,4474,4622
712,2018-11-25,11,3306,3317
712,2018-11-26,289,5755,6044
712,2018-11-27,275,5954,6229
712,2018-11-28,259,5983,6242
712,2018-11-29,277,6235,6512
712,2018-12-01,168,4261,4429
712,2018-12-02,8,3398,3406
712,2018-12-03,254,5434,5688
712,2018-12-04,243,6216,6459
712,2018-12-05,272,6108,6380
712,2018-12-06,252,5897,6149
712,2018-12-07,292,5690,5982
712,2018-12-08,158,4222,4380
712,2018-12-09,8,3286,3294
712,2018-12-10,286,6028,6314
712,2018-12-11,277,6042,6319
712,2018-12-12,260,6006,6266
712,2018-12-13,295,6114,6409
712,2018-12-15,171,4640,4811
712,2018-12-16,18,3746,3764
712,2018-12-17,282,5935,6217
712,2018-12-18,269,6152,6421
712,2018-12-19,283,5904,6187
712,2018-12-20,262,5742,6004
712,2018-12-21,254,5440,5694
712,2018-12-22,148,4240,4388
712,2018-12-23,8,3294,3302
712,2018-12-24,150,4478,4628
712,2018-12-25,6,2811,2817
712,2018-12-26,9,2749,2758
712,2018-12-27,169,4175,4344
712,2018-12-28,150,4175,4325
712,2018-12-29,157,3476,3633
712,2018-12-30,5,3003,3008
712,2018-12-31,161,4019,4180
715,2018-01-02,542,17707,18249
715,2018-01-03,440,15176,15616
715,2018-01-04,543,18257,18800
715,2018-01-05,582,19969,20551
715,2018-01-06,378,17108,17486
715,2018-01-07,86,11533,11619
715,2018-01-08,683,18901,19584
715,2018-01-09,768,19407,20175
715,2018-01-10,566,17132,17698
715,2018-01-12,770,20755,21525
715,2018-01-13,399,17348,17747
715,2018-01-14,89,11757,11846
715,2018-01-15,778,18667,19445
715,2018-01-16,764,18677,19441
715,2018-01-17,773,19109,19882
715,2018-01-18,1126,21538,22664
715,2018-01-19,910,22840,23750
715,2018-01-20,418,18564,18982
715,2018-01-21,130,11739,11869
715,2018-01-22,767,18898,19665
715,2018-01-23,775,19423,20198
715,2018-01-24,678,19083,19761
715,2018-01-26,725,20590,21315
715,2018-01-27,388,19019,19407
715,2018-01-28,101,12873,12974
715,2018-01-29,739,18769,19508
715,2018-01-30,752,19963,20715
715,2018-01-31,410,16382,16792
715,2018-02-01,673,20161,20834
715,2018-02-02,716,20762,21478
715,2018-02-03,378,18329,18707
715,2018-02-04,110,12231,12341
715,2018-02-05,727,19149,19876
715,2018-02-06,709,19415,20124
715,2018-02-07,749,20114,20863
715,2018-02-09,741,20712,21453
715,2018-02-10,438,16304,16742
715,2018-02-11,408,9659,10067
715,2018-02-12,566,16573,17139
715,2018-02-13,612,17497,18109
715,2018-02-14,642,17756,18398
715,2018-02-15,587,17026,17613
715,2018-02-16,593,18023,18616
715,2018-02-17,402,16282,16684
715,2018-02-18,88,11610,11698
715,2018-02-19,757,18622,19379
715,2018-02-20,790,19620,20410
715,2018-02-21,820,19277,20097
715,2018-02-23,826,20919,21745
715,2018-02-24,438,17984,18422
715,2018-02-25,102,12901,13003
715,2018-02-26,741,19608,20349
715,2018-02-27,747,20275,21022
715,2018-02-28,722,19559,20281
715,2018-03-01,739,20474,21213
715,2018-03-02,866,20544,21410
715,2018-03-03,475,17605,18080
715,2018-03-04,171,11354,11525
715,2018-03-05,766,19129,19895
715,2018-03-06,780,19641,20421
715,2018-03-07,742,19540,20282
715,2018-03-09,918,23140,24058
715,2018-03-10,488,18209,18697
715,2018-03-11,195,12436,12631
715,2018-03-12,761,18972,19733
715,2018-03-13,740,19706,20446
715,2018-03-14,827,19917,20744
715,2018-03-15,926,21920,22846
715,2018-03-16,982,23106,24088
715,2018-03-17,534,17387,17921
715,2018-03-18,209,11875,12084
715,2018-03-19,783,19261,20044
715,2018-03-20,804,19617,20421
715,2018-03-21,834,19781,20615
715,2018-03-22,722,19594,20316
715,2018-03-23,815,21275,22090
715,2018-03-24,431,19339,19770
715,2018-03-26,838,18535,19373
715,2018-03-27,882,21248,22130
715,2018-03-28,872,20840,21712
715,2018-03-31,510,18381,18891
715,2018-04-01,164,12492,12656
715,2018-04-02,183,11030,11213
715,2018-04-03,761,17726,18487
715,2018-04-06,739,19168,19907
715,2018-04-07,541,17016,17557
715,2018-04-08,180,12569,12749
715,2018-04-09,757,17361,18118
715,2018-04-10,826,17972,18798
715,2018-04-11,763,18272,19035
715,2018-04-13,834,19447,20281
715,2018-04-14,527,17630,18157
715,2018-04-15,187,12693,12880
715,2018-04-16,750,16591,17341
715,2018-04-17,767,15925,16692
715,2018-04-18,769,15292,16061
715,2018-04-19,731,16236,16967
715,2018-04-20,710,17295,18005
715,2018-04-21,489,18550,19039
715,2018-04-22,123,13822,13945
715,2018-04-23,766,16887,17653
715,2018-04-24,700,16009,16709
715,2018-04-25,738,17423,18161
715,2018-04-27,786,21496,22282
715,2018-04-28,451,19054,19505
715,2018-04-29,120,13664,13784
715,2018-05-01,113,10880,10993
715,2018-05-02,814,20483,21297
715,2018-05-03,893,20523,21416
715,2018-05-04,837,21982,22819
715,2018-05-05,507,19600,20107
715,2018-05-06,112,14428,14540
715,2018-05-07,833,20137,20970
715,2018-05-08,880,20866,21746
715,2018-05-09,874,22515,23389
715,2018-05-10,162,12720,12882
715,2018-05-11,764,22200,22964
715,2018-05-12,434,18338,18772
715,2018-05-13,114,12930,13044
715,2018-05-14,823,19457,20280
715,2018-05-15,820,20645,21465
715,2018-05-16,1058,22936,23994
715,2018-05-18,880,22489,23369
715,2018-05-19,475,18536,19011
715,2018-05-20,106,13110,13216
715,2018-05-21,108,11736,11844
715,2018-05-22,768,19315,20083
715,2018-05-23,908,21256,22164
715,2018-05-24,896,21032,21928
715,2018-05-25,713,19558,20271
715,2018-05-26,442,18467,18909
715,2018-05-27,103,13230,13333
715,2018-05-28,849,19721,20570
715,2018-05-29,867,20609,21476
715,2018-05-30,867,20501,21368
715,2018-06-01,978,24186,25164
715,2018-06-02,453,19416,19869
715,2018-06-03,131,13945,14076
715,2018-06-04,825,19883,20708
715,2018-06-05,876,20311,21187
715,2018-06-06,858,20326,21184
715,2018-06-07,1048,23670,24718
715,2018-06-08,871,22184,23055
715,2018-06-09,582,21882,22464
715,2018-06-10,140,14784,14924
715,2018-06-11,992,20952,21944
715,2018-06-12,1046,23444,24490
715,2018-06-13,839,20399,21238
715,2018-06-15,851,21762,22613
715,2018-06-16,477,18608,19085
715,2018-06-17,130,13160,13290
715,2018-06-18,876,19672,20548
715,2018-06-19,839,20314,21153
715,2018-06-20,856,19840,20696
715,2018-06-21,863,20751,21614
715,2018-06-22,870,21353,22223
715,2018-06-23,118,11745,11863
715,2018-06-24,152,13248,13400
715,2018-06-25,884,19986,20870
715,2018-06-26,894,20779,21673
715,2018-06-27,897,20329,21226
715,2018-06-29,848,21903,22751
715,2018-06-30,513,18824,19337
715,2018-07-01,148,15315,15463
715,2018-07-02,848,20059,20907
715,2018-07-03,871,20969,21840
715,2018-07-04,1018,22946,23964
715,2018-07-05,1098,23238,24336
715,2018-07-06,908,21374,22282
715,2018-07-07,467,18535,19002
715,2018-07-08,140,14165,14305
715,2018-07-09,927,20741,21668
715,2018-07-10,857,21053,21910
715,2018-07-11,774,20175,20949
715,2018-07-13,793,21915,22708
715,2018-07-14,451,19349,19800
715,2018-07-15,144,14226,14370
715,2018-07-16,704,20309,21013
715,2018-07-17,730,20812,21542
715,2018-07-18,753,20481,21234
715,2018-07-19,715,19579,20294
715,2018-07-20,721,20883,21604
715,2018-07-21,443,18406,18849
715,2018-07-22,134,14072,14206
715,2018-07-23,713,19672,20385
715,2018-07-24,720,19592,20312
715,2018-07-25,703,19767,20470
715,2018-07-27,625,20790,21415
715,2018-07-28,419,16935,17354
715,2018-07-29,99,12550,12649
715,2018-07-30,581,18560,19141
715,2018-07-31,635,19103,19738
715,2018-08-01,561,18860,19421
715,2018-08-02,590,18445,19035
715,2018-08-03,565,18680,19245
715,2018-08-04,397,16061,16458
715,2018-08-05,102,12043,12145
715,2018-08-06,550,17094,17644
715,2018-08-07,720,18986,19706
715,2018-08-08,662,19516,20178
715,2018-08-10,569,17760,18329
715,2018-08-11,418,14994,15412
715,2018-08-12,114,11835,11949
715,2018-08-13,674,18884,19558
715,2018-08-14,585,18135,18720
715,2018-08-15,118,9700,9818
715,2018-08-16,591,17486,18077
715,2018-08-17,700,19586,20286
715,2018-08-18,411,14884,15295
715,2018-08-19,116,11861,11977
715,2018-08-20,648,17345,17993
715,2018-08-21,632,17416,18048
715,2018-08-22,621,17499,18120
715,2018-08-23,615,17558,18173
715,2018-08-24,700,19334,20034
715,2018-08-25,764,22434,23198
715,2018-08-26,220,11340,11560
715,2018-08-27,794,17570,18364
715,2018-08-28,787,17659,18446
715,2018-08-29,870,19964,20834
715,2018-08-31,817,18514,19331
715,2018-09-01,581,15688,16269
715,2018-09-02,230,11549,11779
715,2018-09-03,931,17475,18406
715,2018-09-04,854,18198,19052
715,2018-09-05,914,18317,19231
715,2018-09-06,816,18444,19260
715,2018-09-07,859,19541,20400
715,2018-09-08,603,17473,18076
715,2018-09-09,227,13167,13394
715,2018-09-10,775,19054,19829
715,2018-09-11,849,19425,20274
715,2018-09-12,844,19529,20373
715,2018-09-14,828,20711,21539
715,2018-09-15,580,18241,18821
715,2018-09-16,233,14068,14301
715,2018-09-17,917,20224,21141
715,2018-09-18,886,20564,21450
715,2018-09-19,962,20270,21232
715,2018-09-20,979,19960,20939
715,2018-09-21,946,21146,22092
715,2018-09-22,650,22452,23102
715,2018-09-24,948,19716,20664
715,2018-09-25,1028,20483,21511
715,2018-09-26,944,20241,21185
715,2018-09-28,954,21869,22823
715,2018-09-29,603,19015,19618
715,2018-09-30,237,14224,14461
715,2018-10-01,1046,19400,20446
715,2018-10-02,940,19896,20836
715,2018-10-03,887,20104,20991
715,2018-10-04,1022,20268,21290
715,2018-10-05,1047,21400,22447
715,2018-10-06,614,18938,19552
715,2018-10-07,324,14769,15093
715,2018-10-08,892,19310,20202
715,2018-10-09,887,20063,20950
715,2018-10-10,856,19784,20640
715,2018-10-12,850,21579,22429
715,2018-10-13,457,19044,19501
715,2018-10-14,109,13341,13450
715,2018-10-15,867,19582,20449
715,2018-10-16,874,19746,20620
715,2018-10-17,897,19846,20743
715,2018-10-18,888,20397,21285
715,2018-10-19,817,21033,21850
715,2018-10-20,460,18450,18910
715,2018-10-21,99,13531,13630
715,2018-10-22,861,19675,20536
715,2018-10-23,944,20186,21130
715,2018-10-24,914,20315,21229
715,2018-10-26,934,21435,22369
715,2018-10-27,630,18280,18910
715,2018-10-28,186,12401,12587
715,2018-10-29,1042,22206,23248
715,2018-10-30,1162,21864,23026
715,2018-10-31,763,21449,22212
715,2018-11-02,610,19861,20471
715,2018-11-03,485,17596,18081
715,2018-11-04,177,12800,12977
715,2018-11-05,923,18920,19843
715,2018-11-06,925,20290,21215
715,2018-11-07,940,19772,20712
715,2018-11-09,950,21145,22095
715,2018-11-10,536,19882,20418
715,2018-11-11,182,12120,12302
715,2018-11-12,815,19051,19866
715,2018-11-13,863,19499,20362
715,2018-11-14,847,19678,20525
715,2018-11-15,794,20273,21067
715,2018-11-16,873,21375,22248
715,2018-11-17,492,18929,19421
715,2018-11-18,177,12959,13136
715,2018-11-19,901,19233,20134
715,2018-11-20,839,19953,20792
715,2018-11-21,845,19766,20611
715,2018-11-22,907,19944,20851
715,2018-11-23,834,21325,22159
715,2018-11-24,446,20534,20980
715,2018-11-25,81,12410,12491
715,2018-11-26,818,18780,19598
715,2018-11-27,820,19511,20331
715,2018-11-28,922,21242,22164
715,2018-11-30,809,20852,21661
715,2018-12-01,422,17376,17798
715,2018-12-02,102,12376,12478
715,2018-12-03,870,21052,21922
715,2018-12-04,806,20112,20918
715,2018-12-05,818,19876,20694
715,2018-12-06,776,20061,20837
715,2018-12-07,798,20341,21139
715,2018-12-08,392,17363,17755
715,2018-12-09,210,12414,12624
715,2018-12-10,843,19557,20400
715,2018-12-11,856,20001,20857
715,2018-12-12,901,19630,20531
715,2018-12-14,929,21403,22332
715,2018-12-15,464,17709,18173
715,2018-12-16,98,11568,11666
715,2018-12-17,861,19956,20817
715,2018-12-18,872,21031,21903
715,2018-12-19,894,20594,21488
715,2018-12-20,764,21072,21836
715,2018-12-21,707,21704,22411
715,2018-12-22,386,18187,18573
715,2018-12-23,86,12985,13071
715,2018-12-24,490,19312,19802
715,2018-12-25,73,8969,9042
715,2018-12-26,78,9120,9198
715,2018-12-27,460,16663,17123
715,2018-12-28,481,17284,17765
715,2018-12-29,410,15462,15872
715,2018-12-30,77,11867,11944
715,2018-12-31,408,15210,15618
716,2018-01-01,76,6114,6190
716,2018-01-02,576,12630,13206
716,2018-01-03,596,12414,13010
716,2018-01-04,554,13242,13796
716,2018-01-05,584,14162,14746
716,2018-01-06,313,10990,11303
716,2018-01-07,94,7767,7861
716,2018-01-08,588,12755,13343
716,2018-01-09,641,13840,14481
716,2018-01-10,614,13686,14300
716,2018-01-12,648,14566,15214
716,2018-01-13,416,11849,12265
716,2018-01-14,103,8284,8387
716,2018-01-15,714,13620,14334
716,2018-01-16,726,14564,15290
716,2018-01-17,734,14068,14802
716,2018-01-18,684,14180,14864
716,2018-01-19,756,14920,15676
716,2018-01-20,337,11154,11491
716,2018-01-21,85,8180,8265
716,2018-01-22,588,13305,13893
716,2018-01-23,646,13517,14163
716,2018-01-24,533,13202,13735
716,2018-01-26,562,14283,14845
716,2018-01-27,396,12247,12643
716,2018-01-28,93,8776,8869
716,2018-01-29,613,13500,14113
716,2018-01-30,561,13826,14387
716,2018-01-31,666,14080,14746
716,2018-02-01,549,13873,14422
716,2018-02-02,712,14990,15702
716,2018-02-03,380,12190,12570
716,2018-02-04,110,8519,8629
716,2018-02-05,624,13292,13916
716,2018-02-06,591,13711,14302
716,2018-02-07,551,13950,14501
716,2018-02-09,615,14392,15007
716,2018-02-10,459,13702,14161
716,2018-02-11,322,7610,7932
716,2018-02-12,443,11514,11957
716,2018-02-13,524,12511,13035
716,2018-02-14,504,12584,13088
716,2018-02-15,425,12278,12703
716,2018-02-16,487,12927,13414
716,2018-02-17,395,11120,11515
716,2018-02-18,86,8252,8338
716,2018-02-19,619,13154,13773
716,2018-02-20,632,13872,14504
716,2018-02-21,637,13637,14274
716,2018-02-23,682,14560,15242
716,2018-02-24,426,12445,12871
716,2018-02-25,96,8765,8861
716,2018-02-26,632,13505,14137
716,2018-02-27,618,14074,14692
716,2018-02-28,644,13590,14234
716,2018-03-01,629,14342,14971
716,2018-03-02,591,13152,13743
716,2018-03-03,483,11868,12351
716,2018-03-04,202,7962,8164
716,2018-03-05,619,13587,14206
716,2018-03-06,613,13791,14404
716,2018-03-07,603,13721,14324
716,2018-03-09,553,14490,15043
716,2018-03-10,504,12358,12862
716,2018-03-11,253,8888,9141
716,2018-03-12,710,13410,14120
716,2018-03-13,668,14202,14870
716,2018-03-14,617,13624,14241
716,2018-03-15,682,14084,14766
716,2018-03-16,702,14644,15346
716,2018-03-17,529,11720,12249
716,2018-03-18,210,7902,8112
716,2018-03-19,621,12922,13543
716,2018-03-20,617,13677,14294
716,2018-03-21,644,13346,13990
716,2018-03-22,722,13734,14456
716,2018-03-23,606,14296,14902
716,2018-03-24,404,12748,13152
716,2018-03-26,790,13894,14684
716,2018-03-27,700,14182,14882
716,2018-03-28,702,14184,14886
716,2018-03-31,555,12682,13237
716,2018-04-01,289,8404,8693
716,2018-04-02,287,7646,7933
716,2018-04-03,660,13052,13712
716,2018-04-04,660,13084,13744
716,2018-04-06,609,13355,13964
716,2018-04-07,584,11592,12176
716,2018-04-08,263,9075,9338
716,2018-04-09,628,12127,12755
716,2018-04-10,710,13252,13962
716,2018-04-11,588,12936,13524
716,2018-04-13,598,13627,14225
716,2018-04-14,501,11852,12353
716,2018-04-15,181,8990,9171
716,2018-04-16,769,16126,16895
716,2018-04-17,784,16442,17226
716,2018-04-18,777,15797,16574
716,2018-04-19,762,16542,17304
716,2018-04-20,746,16454,17200
716,2018-04-21,428,14467,14895
716,2018-04-22,106,11406,11512
716,2018-04-23,709,15991,16700
716,2018-04-24,724,16139,16863
716,2018-04-25,749,13580,14329
716,2018-04-27,666,14895,15561
716,2018-04-28,423,12479,12902
716,2018-04-29,96,8850,8946
716,2018-04-30,612,14866,15478
716,2018-05-01,95,7613,7708
716,2018-05-02,660,14354,15014
716,2018-05-03,696,14891,15587
716,2018-05-04,683,15286,15969
716,2018-05-05,429,13813,14242
716,2018-05-06,125,10550,10675
716,2018-05-07,638,14002,14640
716,2018-05-08,663,14279,14942
716,2018-05-09,656,15295,15951
716,2018-05-10,114,8474,8588
716,2018-05-11,595,14753,15348
716,2018-05-12,405,12414,12819
716,2018-05-13,94,8482,8576
716,2018-05-14,650,13637,14287
716,2018-05-15,665,14789,15454
716,2018-05-16,754,14594,15348
716,2018-05-18,689,15424,16113
716,2018-05-19,439,12482,12921
716,2018-05-20,92,8402,8494
716,2018-05-21,122,8090,8212
716,2018-05-22,708,13544,14252
716,2018-05-23,732,13172,13904
716,2018-05-24,676,13176,13852
716,2018-05-25,633,13826,14459
716,2018-05-26,449,12453,12902
716,2018-05-27,88,8741,8829
716,2018-05-28,742,13780,14522
716,2018-05-29,718,14424,15142
716,2018-05-30,647,13906,14553
716,2018-06-01,714,15246,15960
716,2018-06-02,403,12585,12988
716,2018-06-03,116,9806,9922
716,2018-06-04,629,13162,13791
716,2018-06-05,665,13728,14393
716,2018-06-06,647,13332,13979
716,2018-06-07,776,14856,15632
716,2018-06-08,641,14796,15437
716,2018-06-09,444,13100,13544
716,2018-06-10,120,9426,9546
716,2018-06-11,708,13040,13748
716,2018-06-12,575,13905,14480
716,2018-06-13,613,13555,14168
716,2018-06-15,640,14751,15391
716,2018-06-16,457,12638,13095
716,2018-06-17,121,9276,9397
716,2018-06-18,626,13040,13666
716,2018-06-19,647,13363,14010
716,2018-06-20,634,13273,13907
716,2018-06-21,626,13947,14573
716,2018-06-22,630,14420,15050
716,2018-06-23,123,8060,8183
716,2018-06-24,131,8867,8998
716,2018-06-25,669,12958,13627
716,2018-06-26,692,14082,14774
716,2018-06-27,717,13671,14388
716,2018-06-29,740,15363,16103
716,2018-06-30,413,13013,13426
716,2018-07-01,183,10418,10601
716,2018-07-02,687,13496,14183
716,2018-07-03,638,14125,14763
716,2018-07-04,754,14164,14918
716,2018-07-05,770,14836,15606
716,2018-07-06,680,14420,15100
716,2018-07-07,414,12306,12720
716,2018-07-08,132,9925,10057
716,2018-07-09,698,13971,14669
716,2018-07-10,672,14312,14984
716,2018-07-11,585,13741,14326
716,2018-07-13,582,14458,15040
716,2018-07-14,400,12458,12858
716,2018-07-15,128,9296,9424
716,2018-07-16,551,13668,14219
716,2018-07-17,547,13933,14480
716,2018-07-18,585,13486,14071
716,2018-07-19,582,13594,14176
716,2018-07-20,577,14061,14638
716,2018-07-21,442,11858,12300
716,2018-07-22,131,9262,9393
716,2018-07-23,549,13148,13697
716,2018-07-24,532,13496,14028
716,2018-07-25,553,13283,13836
716,2018-07-27,473,13618,14091
716,2018-07-28,371,10897,11268
716,2018-07-29,101,8539,8640
716,2018-07-30,479,12353,12832
716,2018-07-31,480,12721,13201
716,2018-08-01,451,12568,13019
716,2018-08-02,507,12841,13348
716,2018-08-03,462,12549,13011
716,2018-08-04,405,10319,10724
716,2018-08-05,110,7985,8095
716,2018-08-06,461,11425,11886
716,2018-08-07,528,11754,12282
716,2018-08-08,494,11618,12112
716,2018-08-10,449,12026,12475
716,2018-08-11,402,9675,10077
716,2018-08-12,103,7696,7799
716,2018-08-13,488,11396,11884
716,2018-08-14,456,12023,12479
716,2018-08-15,103,6535,6638
716,2018-08-16,487,11775,12262
716,2018-08-17,538,11794,12332
716,2018-08-18,392,9992,10384
716,2018-08-19,124,7955,8079
716,2018-08-20,521,11862,12383
716,2018-08-21,505,11933,12438
716,2018-08-22,533,12108,12641
716,2018-08-23,487,12156,12643
716,2018-08-24,616,12932,13548
716,2018-08-25,602,11906,12508
716,2018-08-26,255,7853,8108
716,2018-08-27,880,12382,13262
716,2018-08-28,757,12182,12939
716,2018-08-29,854,12208,13062
716,2018-08-30,773,12489,13262
716,2018-08-31,752,12699,13451
716,2018-09-01,602,10999,11601
716,2018-09-02,270,8658,8928
716,2018-09-03,894,12083,12977
716,2018-09-04,893,12678,13571
716,2018-09-05,886,12603,13489
716,2018-09-07,833,13405,14238
716,2018-09-08,556,11462,12018
716,2018-09-09,297,9008,9305
716,2018-09-10,743,13008,13751
716,2018-09-11,798,13363,14161
716,2018-09-12,815,13638,14453
716,2018-09-13,924,13814,14738
716,2018-09-14,780,14392,15172
716,2018-09-15,614,12479,13093
716,2018-09-16,271,9711,9982
716,2018-09-17,661,14027,14688
716,2018-09-18,675,14018,14693
716,2018-09-19,738,13878,14616
716,2018-09-21,840,14420,15260
716,2018-09-22,556,12486,13042
716,2018-09-23,184,7996,8180
716,2018-09-24,743,13345,14088
716,2018-09-25,751,13784,14535
716,2018-09-26,746,13464,14210
716,2018-09-28,726,14494,15220
716,2018-09-29,565,12271,12836
716,2018-09-30,270,9419,9689
716,2018-10-01,711,13236,13947
716,2018-10-02,729,13464,14193
716,2018-10-03,720,13426,14146
716,2018-10-04,750,13936,14686
716,2018-10-05,727,14243,14970
716,2018-10-06,506,12339,12845
716,2018-10-07,306,9233,9539
716,2018-10-08,660,13050,13710
716,2018-10-09,663,14342,15005
716,2018-10-10,725,14514,15239
716,2018-10-12,709,15490,16199
716,2018-10-13,431,13324,13755
716,2018-10-14,134,9315,9449
716,2018-10-15,712,14126,14838
716,2018-10-16,671,15045,15716
716,2018-10-17,734,14606,15340
716,2018-10-18,687,15044,15731
716,2018-10-19,667,14263,14930
716,2018-10-20,522,12075,12597
716,2018-10-21,225,8842,9067
716,2018-10-22,656,13003,13659
716,2018-10-23,647,13693,14340
716,2018-10-24,638,13448,14086
716,2018-10-26,792,14798,15590
716,2018-10-27,500,11812,12312
716,2018-10-28,186,8599,8785
716,2018-10-29,668,13858,14526
716,2018-10-30,788,14462,15250
716,2018-10-31,573,14571,15144
716,2018-11-02,604,13476,14080
716,2018-11-03,460,11340,11800
716,2018-11-04,192,8270,8462
716,2018-11-05,731,12856,13587
716,2018-11-06,727,13758,14485
716,2018-11-07,836,13742,14578
716,2018-11-09,708,14253,14961
716,2018-11-10,502,11664,12166
716,2018-11-11,192,7774,7966
716,2018-11-12,746,13330,14076
716,2018-11-13,764,14570,15334
716,2018-11-14,610,13561,14171
716,2018-11-15,601,13786,14387
716,2018-11-16,622,14287,14909
716,2018-11-17,480,12211,12691
716,2018-11-18,215,8893,9108
716,2018-11-19,654,13011,13665
716,2018-11-20,636,13251,13887
716,2018-11-21,630,13040,13670
716,2018-11-22,638,13564,14202
716,2018-11-23,655,13898,14553
716,2018-11-24,359,11359,11718
716,2018-11-25,108,8037,8145
716,2018-11-26,650,12612,13262
716,2018-11-27,623,12965,13588
716,2018-11-28,524,12582,13106
716,2018-11-30,600,13788,14388
716,2018-12-01,448,11576,12024
716,2018-12-02,110,7910,8020
716,2018-12-03,670,12530,13200
716,2018-12-04,615,13339,13954
716,2018-12-05,656,12875,13531
716,2018-12-06,588,13351,13939
716,2018-12-07,738,13926,14664
716,2018-12-08,424,11594,12018
716,2018-12-09,108,7650,7758
716,2018-12-10,612,12912,13524
716,2018-12-11,617,13434,14051
716,2018-12-12,645,13138,13783
716,2018-12-14,660,14078,14738
716,2018-12-15,406,11323,11729
716,2018-12-16,93,7673,7766
716,2018-12-17,614,12962,13576
716,2018-12-18,611,13574,14185
716,2018-12-19,708,13824,14532
716,2018-12-20,718,14402,15120
716,2018-12-21,676,14958,15634
716,2018-12-22,468,11940,12408
716,2018-12-23,96,8664,8760
716,2018-12-24,401,11221,11622
716,2018-12-25,92,6219,6311
716,2018-12-26,103,6291,6394
716,2018-12-27,386,10830,11216
716,2018-12-28,415,11235,11650
716,2018-12-29,404,9678,10082
716,2018-12-30,97,7592,7689
716,2018-12-31,386,10374,10760
724,2018-01-01,41,2894,2935
724,2018-01-02,257,5165,5422
724,2018-01-03,284,5377,5661
724,2018-01-04,258,5642,5900
724,2018-01-05,272,5914,6186
724,2018-01-06,202,4712,4914
724,2018-01-07,43,3733,3776
724,2018-01-08,363,5989,6352
724,2018-01-09,354,6295,6649
724,2018-01-10,382,6311,6693
724,2018-01-11,366,6310,6676
724,2018-01-12,351,6519,6870
724,2018-01-13,196,5141,5337
724,2018-01-14,50,4165,4215
724,2018-01-15,416,6131,6547
724,2018-01-16,426,6286,6712
724,2018-01-17,417,6028,6445
724,2018-01-18,402,6375,6777
724,2018-01-19,407,6651,7058
724,2018-01-20,206,5043,5249
724,2018-01-21,41,3882,3923
724,2018-01-22,403,6106,6509
724,2018-01-23,415,6378,6793
724,2018-01-24,420,6197,6617
724,2018-01-25,364,6465,6829
724,2018-01-26,409,6647,7056
724,2018-01-27,212,5360,5572
724,2018-01-28,43,4231,4274
724,2018-01-29,384,6206,6590
724,2018-01-30,442,6480,6922
724,2018-01-31,404,6457,6861
724,2018-02-01,417,6583,7000
724,2018-02-02,404,6701,7105
724,2018-02-03,204,5198,5402
724,2018-02-04,42,3947,3989
724,2018-02-05,432,6437,6869
724,2018-02-06,364,6085,6449
724,2018-02-07,406,6271,6677
724,2018-02-08,393,6503,6896
724,2018-02-09,387,6739,7126
724,2018-02-10,211,4982,5193
724,2018-02-11,56,4324,4380
724,2018-02-12,302,4955,5257
724,2018-02-13,408,5689,6097
724,2018-02-14,406,6007,6413
724,2018-02-15,399,5464,5863
724,2018-02-16,379,6060,6439
724,2018-02-17,215,4712,4927
724,2018-02-18,53,4180,4233
724,2018-02-19,419,6237,6656
724,2018-02-20,467,6422,6889
724,2018-02-21,511,6492,7003
724,2018-02-22,462,6399,6861
724,2018-02-23,426,6746,7172
724,2018-02-24,224,5402,5626
724,2018-02-25,45,4404,4449
724,2018-02-26,425,6129,6554
724,2018-02-27,449,6242,6691
724,2018-02-28,419,6539,6958
724,2018-03-01,488,6436,6924
724,2018-03-02,421,5393,5814
724,2018-03-03,217,4973,5190
724,2018-03-04,39,3781,3820
724,2018-03-05,467,6402,6869
724,2018-03-06,483,6362,6845
724,2018-03-07,492,6497,6989
724,2018-03-08,498,6576,7074
724,2018-03-09,502,6819,7321
724,2018-03-10,243,5401,5644
724,2018-03-11,47,4502,4549
724,2018-03-12,533,6346,6879
724,2018-03-13,465,6918,7383
724,2018-03-14,520,6987,7507
724,2018-03-15,522,6604,7126
724,2018-03-16,535,6819,7354
724,2018-03-17,214,5218,5432
724,2018-03-18,52,4012,4064
724,2018-03-19,524,6425,6949
724,2018-03-20,511,6623,7134
724,2018-03-21,541,6734,7275
724,2018-03-22,506,6262,6768
724,2018-03-23,541,6814,7355
724,2018-03-24,272,5942,6214
724,2018-03-26,549,6403,6952
724,2018-03-27,529,6699,7228
724,2018-03-28,539,6654,7193
724,2018-03-29,522,7084,7606
724,2018-03-30,546,7042,7588
724,2018-03-31,212,5284,5496
724,2018-04-01,38,4143,4181
724,2018-04-02,51,4230,4281
724,2018-04-03,531,6307,6838
724,2018-04-04,559,6421,6980
724,2018-04-05,571,6307,6878
724,2018-04-06,567,6694,7261
724,2018-04-07,241,5572,5813
724,2018-04-08,68,4819,4887
724,2018-04-09,564,6027,6591
724,2018-04-10,542,6271,6813
724,2018-04-11,524,6450,6974
724,2018-04-12,555,6474,7029
724,2018-04-13,567,6825,7392
724,2018-04-14,256,5639,5895
724,2018-04-15,60,4701,4761
724,2018-04-16,541,6909,7450
724,2018-04-17,560,7207,7767
724,2018-04-18,588,7384,7972
724,2018-04-19,579,7532,8111
724,2018-04-20,611,7755,8366
724,2018-04-21,437,6484,6921
724,2018-04-22,59,5209,5268
724,2018-04-23,570,7110,7680
724,2018-04-24,595,7169,7764
724,2018-04-25,580,7155,7735
724,2018-04-26,576,7230,7806
724,2018-04-27,624,7508,8132
724,2018-04-28,327,6065,6392
724,2018-04-29,54,4982,5036
724,2018-04-30,368,6603,6971
724,2018-05-01,58,4259,4317
724,2018-05-02,660,7123,7783
724,2018-05-03,643,7257,7900
724,2018-05-04,686,7569,8255
724,2018-05-05,347,6500,6847
724,2018-05-06,61,5383,5444
724,2018-05-07,644,7176,7820
724,2018-05-08,709,7291,8000
724,2018-05-09,664,7729,8393
724,2018-05-10,74,4683,4757
724,2018-05-11,377,7391,7768
724,2018-05-12,279,6372,6651
724,2018-05-13,78,4718,4796
724,2018-05-14,621,6897,7518
724,2018-05-15,641,7207,7848
724,2018-05-16,622,6962,7584
724,2018-05-17,700,7360,8060
724,2018-05-18,673,7718,8391
724,2018-05-19,293,6016,6309
724,2018-05-20,56,4690,4746
724,2018-05-21,99,4626,4725
724,2018-05-22,597,6305,6902
724,2018-05-23,576,6357,6933
724,2018-05-24,572,6359,6931
724,2018-05-25,527,6822,7349
724,2018-05-26,270,5957,6227
724,2018-05-27,57,4642,4699
724,2018-05-28,512,6921,7433
724,2018-05-29,526,7305,7831
724,2018-05-30,542,7223,7765
724,2018-05-31,528,7540,8068
724,2018-06-01,614,8390,9004
724,2018-06-02,297,7054,7351
724,2018-06-03,94,6135,6229
724,2018-06-04,574,7609,8183
724,2018-06-05,606,8070,8676
724,2018-06-06,574,8049,8623
724,2018-06-07,523,7855,8378
724,2018-06-08,662,8183,8845
724,2018-06-09,302,7132,7434
724,2018-06-10,50,5503,5553
724,2018-06-11,512,7430,7942
724,2018-06-12,534,7780,8314
724,2018-06-13,539,7939,8478
724,2018-06-14,574,7816,8390
724,2018-06-15,500,8349,8849
724,2018-06-16,339,7587,7926
724,2018-06-17,78,6197,6275
724,2018-06-18,579,7642,8221
724,2018-06-19,518,7602,8120
724,2018-06-20,516,7662,8178
724,2018-06-21,523,7792,8315
724,2018-06-22,492,6741,7233
724,2018-06-23,97,4822,4919
724,2018-06-24,78,5097,5175
724,2018-06-25,603,7165,7768
724,2018-06-26,680,7545,8225
724,2018-06-27,647,7365,8012
724,2018-06-28,665,7693,8358
724,2018-06-29,634,8056,8690
724,2018-06-30,283,6677,6960
724,2018-07-01,77,5953,6030
724,2018-07-02,600,7290,7890
724,2018-07-03,591,7428,8019
724,2018-07-04,642,7205,7847
724,2018-07-05,633,7182,7815
724,2018-07-06,618,7603,8221
724,2018-07-07,284,6398,6682
724,2018-07-08,83,5802,5885
724,2018-07-09,602,7240,7842
724,2018-07-10,573,7405,7978
724,2018-07-11,587,7406,7993
724,2018-07-12,648,7655,8303
724,2018-07-13,524,7814,8338
724,2018-07-14,323,6525,6848
724,2018-07-15,98,5290,5388
724,2018-07-16,588,7153,7741
724,2018-07-17,529,7499,8028
724,2018-07-18,525,7616,8141
724,2018-07-19,538,7253,7791
724,2018-07-20,528,7501,8029
724,2018-07-21,266,6275,6541
724,2018-07-22,78,5673,5751
724,2018-07-23,462,7251,7713
724,2018-07-24,479,7156,7635
724,2018-07-25,570,7325,7895
724,2018-07-26,407,7397,7804
724,2018-07-27,340,6928,7268
724,2018-07-28,247,5722,5969
724,2018-07-29,84,5090,5174
724,2018-07-30,309,6164,6473
724,2018-07-31,329,6208,6537
724,2018-08-01,315,6229,6544
724,2018-08-02,350,6212,6562
724,2018-08-03,304,5978,6282
724,2018-08-04,236,4925,5161
724,2018-08-05,68,4607,4675
724,2018-08-06,283,5344,5627
724,2018-08-07,286,5323,5609
724,2018-08-08,306,5540,5846
724,2018-08-09,299,5372,5671
724,2018-08-10,269,5609,5878
724,2018-08-11,260,4756,5016
724,2018-08-12,72,4756,4828
724,2018-08-13,293,4985,5278
724,2018-08-14,293,5513,5806
724,2018-08-15,79,4427,4506
724,2018-08-16,337,5565,5902
724,2018-08-17,294,5432,5726
724,2018-08-18,234,4567,4801
724,2018-08-19,65,4341,4406
724,2018-08-20,349,5709,6058
724,2018-08-21,457,5898,6355
724,2018-08-22,423,6139,6562
724,2018-08-23,534,6255,6789
724,2018-08-24,437,6154,6591
724,2018-08-25,285,5071,5356
724,2018-08-26,65,4222,4287
724,2018-08-27,454,6183,6637
724,2018-08-28,549,6672,7221
724,2018-08-29,584,6560,7144
724,2018-08-30,505,6531,7036
724,2018-08-31,555,6863,7418
724,2018-09-01,254,5791,6045
724,2018-09-02,70,5326,5396
724,2018-09-03,507,6418,6925
724,2018-09-04,544,6711,7255
724,2018-09-05,581,6787,7368
724,2018-09-06,599,6832,7431
724,2018-09-07,595,7002,7597
724,2018-09-08,251,5842,6093
724,2018-09-09,59,5319,5378
724,2018-09-10,522,6939,7461
724,2018-09-11,572,7351,7923
724,2018-09-12,597,7322,7919
724,2018-09-13,597,7110,7707
724,2018-09-14,576,7619,8195
724,2018-09-15,260,6623,6883
724,2018-09-16,83,6258,6341
724,2018-09-17,573,8400,8973
724,2018-09-18,636,8650,9286
724,2018-09-19,705,8518,9223
724,2018-09-20,732,8686,9418
724,2018-09-21,588,8632,9220
724,2018-09-22,294,8371,8665
724,2018-09-23,74,5324,5398
724,2018-09-24,616,8267,8883
724,2018-09-25,617,8750,9367
724,2018-09-26,623,8585,9208
724,2018-09-27,607,8643,9250
724,2018-09-28,565,8840,9405
724,2018-09-29,244,7390,7634
724,2018-09-30,102,6353,6455
724,2018-10-01,568,8135,8703
724,2018-10-02,648,8549,9197
724,2018-10-03,653,8622,9275
724,2018-10-04,758,8876,9634
724,2018-10-05,778,9082,9860
724,2018-10-06,246,7232,7478
724,2018-10-07,68,5799,5867
724,2018-10-08,683,7952,8635
724,2018-10-09,656,8270,8926
724,2018-10-10,576,8326,8902
724,2018-10-11,672,8307,8979
724,2018-10-12,654,8487,9141
724,2018-10-13,261,7028,7289
724,2018-10-14,51,6209,6260
724,2018-10-15,639,7950,8589
724,2018-10-16,736,8739,9475
724,2018-10-17,677,8167,8844
724,2018-10-18,679,8101,8780
724,2018-10-19,696,8583,9279
724,2018-10-20,256,6722,6978
724,2018-10-21,74,5851,5925
724,2018-10-22,648,7709,8357
724,2018-10-23,640,8194,8834
724,2018-10-24,621,7897,8518
724,2018-10-25,605,8154,8759
724,2018-10-26,618,8363,8981
724,2018-10-27,216,6321,6537
724,2018-10-28,52,4816,4868
724,2018-10-29,592,7305,7897
724,2018-11-01,70,4382,4452
724,2018-11-02,273,6656,6929
724,2018-11-03,214,6033,6247
724,2018-11-04,76,5314,5390
724,2018-11-05,622,7185,7807
724,2018-11-06,657,7759,8416
724,2018-11-07,635,7543,8178
724,2018-11-08,732,7768,8500
724,2018-11-09,660,8193,8853
724,2018-11-10,219,6323,6542
724,2018-11-11,61,5007,5068
724,2018-11-12,672,7394,8066
724,2018-11-13,669,7822,8491
724,2018-11-14,635,7830,8465
724,2018-11-15,667,7902,8569
724,2018-11-16,646,8247,8893
724,2018-11-17,324,7004,7328
724,2018-11-18,61,5327,5388
724,2018-11-19,667,7405,8072
724,2018-11-20,683,7554,8237
724,2018-11-21,648,7484,8132
724,2018-11-22,641,7655,8296
724,2018-11-23,656,8270,8926
724,2018-11-24,209,6020,6229
724,2018-11-25,43,4656,4699
724,2018-11-26,599,7272,7871
724,2018-11-27,683,7636,8319
724,2018-11-28,611,7621,8232
724,2018-11-29,614,7878,8492
724,2018-12-01,223,6112,6335
724,2018-12-02,41,4616,4657
724,2018-12-03,548,7604,8152
724,2018-12-04,560,7788,8348
724,2018-12-05,596,7648,8244
724,2018-12-06,618,7291,7909
724,2018-12-07,515,7881,8396
724,2018-12-08,225,6157,6382
724,2018-12-09,39,4284,4323
724,2018-12-10,607,7381,7988
724,2018-12-11,578,7489,8067
724,2018-12-12,551,7548,8099
724,2018-12-13,575,7631,8206
724,2018-12-14,543,7748,8291
724,2018-12-15,215,5848,6063
724,2018-12-16,37,3976,4013
724,2018-12-17,498,7320,7818
724,2018-12-18,603,7441,8044
724,2018-12-19,483,7493,7976
724,2018-12-20,450,7573,8023
724,2018-12-21,374,7591,7965
724,2018-12-22,199,4914,5113
724,2018-12-23,33,3786,3819
724,2018-12-24,189,5039,5228
724,2018-12-25,33,3393,3426
724,2018-12-26,42,3284,3326
724,2018-12-27,248,4822,5070
724,2018-12-28,221,5044,5265
724,2018-12-29,199,4308,4507
724,2018-12-30,34,3521,3555
724,2018-12-31,192,4600,4792
805,2018-01-01,34,1597,1631
805,2018-01-02,292,5370,5662
805,2018-01-03,364,5352,5716
805,2018-01-04,270,5886,6156
805,2018-01-05,300,6186,6486
805,2018-01-06,124,4672,4796
805,2018-01-07,43,3424,3467
805,2018-01-08,370,5892,6262
805,2018-01-09,413,6316,6729
805,2018-01-10,389,6095,6484
805,2018-01-11,412,6319,6731
805,2018-01-12,394,6449,6843
805,2018-01-13,181,4531,4712
805,2018-01-14,36,2477,2513
805,2018-01-15,385,6114,6499
805,2018-01-16,403,6520,6923
805,2018-01-17,461,6034,6495
805,2018-01-18,391,6202,6593
805,2018-01-19,406,6632,7038
805,2018-01-20,147,4268,4415
805,2018-01-21,46,2549,2595
805,2018-01-22,396,5918,6314
805,2018-01-23,407,6222,6629
805,2018-01-24,421,6038,6459
805,2018-01-25,404,6152,6556
805,2018-01-26,364,6471,6835
805,2018-01-27,153,4585,4738
805,2018-01-28,28,2631,2659
805,2018-01-29,406,5912,6318
805,2018-01-30,402,6484,6886
805,2018-01-31,435,6029,6464
805,2018-02-01,422,6430,6852
805,2018-02-02,363,6623,6986
805,2018-02-03,166,4458,4624
805,2018-02-04,53,2535,2588
805,2018-02-05,382,5721,6103
805,2018-02-06,349,5566,5915
805,2018-02-07,398,5971,6369
805,2018-02-08,343,6268,6611
805,2018-02-09,357,5832,6189
805,2018-02-10,175,4004,4179
805,2018-02-11,60,2151,2211
805,2018-02-12,293,4671,4964
805,2018-02-13,337,5031,5368
805,2018-02-14,336,5308,5644
805,2018-02-15,296,4665,4961
805,2018-02-16,321,5500,5821
805,2018-02-17,156,3997,4153
805,2018-02-18,49,3178,3227
805,2018-02-19,413,5836,6249
805,2018-02-20,425,6306,6731
805,2018-02-21,456,6129,6585
805,2018-02-22,418,6315,6733
805,2018-02-23,417,6560,6977
805,2018-02-24,171,4738,4909
805,2018-02-25,34,2573,2607
805,2018-02-26,443,6146,6589
805,2018-02-27,503,6328,6831
805,2018-02-28,465,6242,6707
805,2018-03-01,465,6448,6913
805,2018-03-02,377,6058,6435
805,2018-03-03,177,4860,5037
805,2018-03-04,40,2572,2612
805,2018-03-05,390,6327,6717
805,2018-03-06,521,6557,7078
805,2018-03-07,452,6244,6696
805,2018-03-08,408,6506,6914
805,2018-03-09,431,6610,7041
805,2018-03-10,200,4840,5040
805,2018-03-11,30,2859,2889
805,2018-03-12,407,5937,6344
805,2018-03-13,395,6442,6837
805,2018-03-14,549,6095,6644
805,2018-03-15,474,6419,6893
805,2018-03-16,420,6807,7227
805,2018-03-17,229,4805,5034
805,2018-03-18,59,2538,2597
805,2018-03-19,434,6143,6577
805,2018-03-20,488,6523,7011
805,2018-03-21,501,6206,6707
805,2018-03-22,506,6420,6926
805,2018-03-23,413,6849,7262
805,2018-03-24,200,5000,5200
805,2018-03-26,464,6119,6583
805,2018-03-27,458,6601,7059
805,2018-03-28,498,6526,7024
805,2018-03-29,490,6826,7316
805,2018-03-30,495,7135,7630
805,2018-03-31,191,4815,5006
805,2018-04-01,57,2430,2487
805,2018-04-02,38,2073,2111
805,2018-04-03,386,5422,5808
805,2018-04-04,375,5324,5699
805,2018-04-05,365,5339,5704
805,2018-04-06,409,5695,6104
805,2018-04-07,208,4411,4619
805,2018-04-08,38,2892,2930
805,2018-04-09,421,5169,5590
805,2018-04-10,410,5411,5821
805,2018-04-11,497,5354,5851
805,2018-04-12,481,5638,6119
805,2018-04-13,453,5864,6317
805,2018-04-14,194,4658,4852
805,2018-04-15,47,2902,2949
805,2018-04-16,504,6152,6656
805,2018-04-17,492,6968,7460
805,2018-04-18,495,6665,7160
805,2018-04-19,491,6796,7287
805,2018-04-20,469,7162,7631
805,2018-04-21,235,5048,5283
805,2018-04-22,39,3223,3262
805,2018-04-23,506,6444,6950
805,2018-04-24,467,6814,7281
805,2018-04-25,536,6519,7055
805,2018-04-26,437,6634,7071
805,2018-04-27,520,6841,7361
805,2018-04-28,239,5966,6205
805,2018-04-29,44,2832,2876
805,2018-04-30,468,6790,7258
805,2018-05-01,51,2363,2414
805,2018-05-02,480,6736,7216
805,2018-05-03,535,6850,7385
805,2018-05-04,603,7155,7758
805,2018-05-05,293,5121,5414
805,2018-05-06,56,3496,3552
805,2018-05-07,317,3028,3345
805,2018-05-08,288,3530,3818
805,2018-05-09,477,7067,7544
805,2018-05-10,53,2318,2371
805,2018-05-11,380,6880,7260
805,2018-05-12,193,4995,5188
805,2018-05-13,58,2990,3048
805,2018-05-14,495,6193,6688
805,2018-05-15,513,6743,7256
805,2018-05-16,506,6355,6861
805,2018-05-17,472,6751,7223
805,2018-05-18,502,7023,7525
805,2018-05-19,231,4850,5081
805,2018-05-20,37,2587,2624
805,2018-05-21,48,2061,2109
805,2018-05-22,459,5579,6038
805,2018-05-23,467,5219,5686
805,2018-05-24,390,5488,5878
805,2018-05-25,434,5853,6287
805,2018-05-26,194,4898,5092
805,2018-05-27,49,2838,2887
805,2018-05-28,434,6423,6857
805,2018-05-29,562,6752,7314
805,2018-05-30,485,6472,6957
805,2018-05-31,446,6709,7155
805,2018-06-01,426,7004,7430
805,2018-06-02,200,4807,5007
805,2018-06-03,40,2968,3008
805,2018-06-04,424,6102,6526
805,2018-06-05,494,6851,7345
805,2018-06-06,479,6187,6666
805,2018-06-07,566,6754,7320
805,2018-06-08,459,7135,7594
805,2018-06-09,250,5366,5616
805,2018-06-10,52,3238,3290
805,2018-06-11,447,6217,6664
805,2018-06-12,430,6729,7159
805,2018-06-13,488,6460,6948
805,2018-06-14,522,6654,7176
805,2018-06-15,496,6661,7157
805,2018-06-16,196,4828,5024
805,2018-06-17,36,2356,2392
805,2018-06-18,466,6167,6633
805,2018-06-19,479,6571,7050
805,2018-06-20,448,6285,6733
805,2018-06-21,494,6668,7162
805,2018-06-22,481,7066,7547
805,2018-06-23,76,2509,2585
805,2018-06-24,54,2996,3050
805,2018-06-25,481,6402,6883
805,2018-06-26,575,7181,7756
805,2018-06-27,526,6762,7288
805,2018-06-28,521,7150,7671
805,2018-06-29,592,7322,7914
805,2018-06-30,204,5365,5569
805,2018-07-01,54,4479,4533
805,2018-07-02,493,5926,6419
805,2018-07-03,467,6095,6562
805,2018-07-04,424,5867,6291
805,2018-07-05,465,6159,6624
805,2018-07-06,469,6965,7434
805,2018-07-07,170,5282,5452
805,2018-07-08,63,3356,3419
805,2018-07-09,495,6721,7216
805,2018-07-10,627,7360,7987
805,2018-07-11,575,6508,7083
805,2018-07-12,456,6664,7120
805,2018-07-13,380,6488,6868
805,2018-07-14,225,4513,4738
805,2018-07-15,43,2763,2806
805,2018-07-16,446,5679,6125
805,2018-07-17,444,5741,6185
805,2018-07-18,387,5255,5642
805,2018-07-19,338,5159,5497
805,2018-07-20,313,5146,5459
805,2018-07-21,168,4352,4520
805,2018-07-22,39,2603,2642
805,2018-07-23,392,5185,5577
805,2018-07-24,423,5547,5970
805,2018-07-25,408,5631,6039
805,2018-07-26,374,5629,6003
805,2018-07-27,296,5713,6009
805,2018-07-28,151,4115,4266
805,2018-07-29,39,2603,2642
805,2018-07-30,278,4933,5211
805,2018-07-31,274,5353,5627
805,2018-08-01,330,5007,5337
805,2018-08-02,285,4989,5274
805,2018-08-03,275,5264,5539
805,2018-08-04,152,3955,4107
805,2018-08-05,39,2760,2799
805,2018-08-06,228,4728,4956
805,2018-08-07,273,4887,5160
805,2018-08-08,296,4644,4940
805,2018-08-09,254,4634,4888
805,2018-08-10,246,4937,5183
805,2018-08-11,192,3666,3858
805,2018-08-12,42,2489,2531
805,2018-08-13,279,4402,4681
805,2018-08-14,313,4909,5222
805,2018-08-15,40,1803,1843
805,2018-08-16,283,4792,5075
805,2018-08-17,235,4765,5000
805,2018-08-18,204,3749,3953
805,2018-08-19,46,2581,2627
805,2018-08-20,372,4725,5097
805,2018-08-21,372,4880,5252
805,2018-08-22,348,4996,5344
805,2018-08-23,340,4941,5281
805,2018-08-24,387,5364,5751
805,2018-08-25,161,4078,4239
805,2018-08-26,38,2511,2549
805,2018-08-27,438,5062,5500
805,2018-08-28,363,5208,5571
805,2018-08-29,436,5212,5648
805,2018-08-30,348,5285,5633
805,2018-08-31,449,5418,5867
805,2018-09-01,228,4139,4367
805,2018-09-02,46,2697,2743
805,2018-09-03,441,4976,5417
805,2018-09-04,456,5216,5672
805,2018-09-05,378,5220,5598
805,2018-09-06,412,5514,5926
805,2018-09-07,350,5684,6034
805,2018-09-08,252,4128,4380
805,2018-09-09,142,2870,3012
805,2018-09-10,384,5303,5687
805,2018-09-11,462,5744,6206
805,2018-09-12,362,5548,5910
805,2018-09-13,381,5764,6145
805,2018-09-14,393,6154,6547
805,2018-09-15,203,4670,4873
805,2018-09-16,47,3122,3169
805,2018-09-17,401,6283,6684
805,2018-09-18,464,6807,7271
805,2018-09-19,472,6689,7161
805,2018-09-20,480,6738,7218
805,2018-09-21,462,6964,7426
805,2018-09-22,191,5039,5230
805,2018-09-23,40,2664,2704
805,2018-09-24,426,6243,6669
805,2018-09-25,482,6750,7232
805,2018-09-26,484,6372,6856
805,2018-09-27,465,6881,7346
805,2018-09-28,505,7089,7594
805,2018-09-29,232,5380,5612
805,2018-09-30,67,6497,6564
805,2018-10-01,425,6438,6863
805,2018-10-02,445,6846,7291
805,2018-10-03,453,6825,7278
805,2018-10-04,568,6953,7521
805,2018-10-05,516,7145,7661
805,2018-10-06,215,5139,5354
805,2018-10-07,58,3012,3070
805,2018-10-08,556,6300,6856
805,2018-10-09,473,6834,7307
805,2018-10-10,466,6733,7199
805,2018-10-11,443,7030,7473
805,2018-10-12,513,7164,7677
805,2018-10-13,245,5166,5411
805,2018-10-14,60,3388,3448
805,2018-10-15,449,6600,7049
805,2018-10-16,469,7045,7514
805,2018-10-17,470,6685,7155
805,2018-10-18,448,7234,7682
805,2018-10-19,432,7048,7480
805,2018-10-20,210,5417,5627
805,2018-10-21,42,3122,3164
805,2018-10-22,477,6534,7011
805,2018-10-23,503,7179,7682
805,2018-10-24,468,6925,7393
805,2018-10-25,493,7050,7543
805,2018-10-26,470,6933,7403
805,2018-10-27,211,5013,5224
805,2018-10-28,49,2799,2848
805,2018-10-29,365,5387,5752
805,2018-10-30,359,5522,5881
805,2018-11-01,59,2655,2714
805,2018-11-02,322,4952,5274
805,2018-11-03,193,4261,4454
805,2018-11-04,41,2726,2767
805,2018-11-05,433,5986,6419
805,2018-11-06,417,6370,6787
805,2018-11-07,419,5900,6319
805,2018-11-08,446,6236,6682
805,2018-11-09,478,6694,7172
805,2018-11-10,167,4876,5043
805,2018-11-11,49,2921,2970
805,2018-11-12,457,5957,6414
805,2018-11-13,472,6806,7278
805,2018-11-14,505,6452,6957
805,2018-11-15,501,6607,7108
805,2018-11-16,476,7287,7763
805,2018-11-17,212,5278,5490
805,2018-11-18,47,2969,3016
805,2018-11-19,501,6519,7020
805,2018-11-20,522,6819,7341
805,2018-11-21,470,6529,6999
805,2018-11-22,494,6744,7238
805,2018-11-23,459,7120,7579
805,2018-11-24,177,5388,5565
805,2018-11-25,46,2796,2842
805,2018-11-26,437,6315,6752
805,2018-11-27,443,6780,7223
805,2018-11-28,451,6554,7005
805,2018-11-29,444,6674,7118
805,2018-11-30,478,6834,7312
805,2018-12-01,219,5392,5611
805,2018-12-02,38,3056,3094
805,2018-12-03,398,6430,6828
805,2018-12-04,474,6890,7364
805,2018-12-05,458,6807,7265
805,2018-12-06,405,6584,6989
805,2018-12-07,469,6825,7294
805,2018-12-08,168,5122,5290
805,2018-12-09,44,2777,2821
805,2018-12-10,445,6406,6851
805,2018-12-11,465,6681,7146
805,2018-12-12,476,6595,7071
805,2018-12-13,476,6744,7220
805,2018-12-14,472,6958,7430
805,2018-12-15,198,4949,5147
805,2018-12-16,42,2472,2514
805,2018-12-17,401,6411,6812
805,2018-12-18,437,7007,7444
805,2018-12-19,464,6779,7243
805,2018-12-20,397,7733,8130
805,2018-12-21,378,7427,7805
805,2018-12-22,196,5338,5534
805,2018-12-23,48,3210,3258
805,2018-12-24,203,4964,5167
805,2018-12-25,44,1828,1872
805,2018-12-26,45,1858,1903
805,2018-12-27,259,4453,4712
805,2018-12-28,240,4722,4962
805,2018-12-29,159,4022,4181
805,2018-12-30,30,2844,2874
805,2018-12-31,184,4512,4696
807,2018-01-01,29,2299,2328
807,2018-01-02,281,5328,5609
807,2018-01-03,318,5461,5779
807,2018-01-04,265,5825,6090
807,2018-01-05,302,6173,6475
807,2018-01-06,171,4964,5135
807,2018-01-07,48,3561,3609
807,2018-01-08,442,5819,6261
807,2018-01-09,497,6443,6940
807,2018-01-10,451,6135,6586
807,2018-01-11,456,6276,6732
807,2018-01-12,538,6486,7024
807,2018-01-13,226,4900,5126
807,2018-01-14,40,3225,3265
807,2018-01-15,481,6051,6532
807,2018-01-16,466,6403,6869
807,2018-01-17,605,6030,6635
807,2018-01-18,575,6106,6681
807,2018-01-19,622,6619,7241
807,2018-01-20,214,4707,4921
807,2018-01-21,48,3279,3327
807,2018-01-22,556,6040,6596
807,2018-01-23,591,6234,6825
807,2018-01-24,545,6000,6545
807,2018-01-25,482,6335,6817
807,2018-01-26,507,6669,7176
807,2018-01-27,231,5097,5328
807,2018-01-28,36,3417,3453
807,2018-01-29,520,6032,6552
807,2018-01-30,517,6519,7036
807,2018-01-31,498,6046,6544
807,2018-02-01,522,6512,7034
807,2018-02-02,475,6759,7234
807,2018-02-03,219,4902,5121
807,2018-02-04,63,3251,3314
807,2018-02-05,436,6047,6483
807,2018-02-06,357,5746,6103
807,2018-02-07,395,6077,6472
807,2018-02-08,450,6288,6738
807,2018-02-09,414,6188,6602
807,2018-02-10,217,4417,4634
807,2018-02-11,56,2759,2815
807,2018-02-12,355,5041,5396
807,2018-02-13,391,5396,5787
807,2018-02-14,458,5580,6038
807,2018-02-15,352,5134,5486
807,2018-02-16,426,5820,6246
807,2018-02-17,199,4497,4696
807,2018-02-18,51,3661,3712
807,2018-02-19,536,6056,6592
807,2018-02-20,524,6492,7016
807,2018-02-21,557,6211,6768
807,2018-02-22,537,6478,7015
807,2018-02-23,568,6704,7272
807,2018-02-24,227,5111,5338
807,2018-02-25,43,3358,3401
807,2018-02-26,519,6154,6673
807,2018-02-27,453,6394,6847
807,2018-02-28,469,6315,6784
807,2018-03-01,462,6510,6972
807,2018-03-02,450,6011,6461
807,2018-03-03,203,5024,5227
807,2018-03-04,39,3373,3412
807,2018-03-05,479,6380,6859
807,2018-03-06,583,6661,7244
807,2018-03-07,527,6308,6835
807,2018-03-08,478,6642,7120
807,2018-03-09,507,6913,7420
807,2018-03-10,249,5243,5492
807,2018-03-11,36,3488,3524
807,2018-03-12,492,6202,6694
807,2018-03-13,538,6714,7252
807,2018-03-14,526,6427,6953
807,2018-03-15,543,6729,7272
807,2018-03-16,602,7032,7634
807,2018-03-17,343,5113,5456
807,2018-03-18,69,3259,3328
807,2018-03-19,539,6343,6882
807,2018-03-20,548,6756,7304
807,2018-03-21,566,6530,7096
807,2018-03-22,645,6639,7284
807,2018-03-23,614,7026,7640
807,2018-03-24,305,5328,5633
807,2018-03-26,595,6436,7031
807,2018-03-27,591,6739,7330
807,2018-03-28,565,6707,7272
807,2018-03-29,648,7166,7814
807,2018-03-30,593,7418,8011
807,2018-03-31,236,5182,5418
807,2018-04-01,51,3464,3515
807,2018-04-02,44,3446,3490
807,2018-04-03,466,5831,6297
807,2018-04-04,434,5637,6071
807,2018-04-05,551,5900,6451
807,2018-04-06,567,6169,6736
807,2018-04-07,296,5056,5352
807,2018-04-08,38,3966,4004
807,2018-04-09,561,5647,6208
807,2018-04-10,589,5967,6556
807,2018-04-11,716,6015,6731
807,2018-04-12,675,6271,6946
807,2018-04-13,700,6386,7086
807,2018-04-14,250,5421,5671
807,2018-04-15,50,3828,3878
807,2018-04-16,694,6427,7121
807,2018-04-17,616,7127,7743
807,2018-04-18,573,6979,7552
807,2018-04-19,557,7196,7753
807,2018-04-20,568,7501,8069
807,2018-04-21,313,5843,6156
807,2018-04-22,54,4291,4345
807,2018-04-23,593,6688,7281
807,2018-04-24,552,6948,7500
807,2018-04-25,622,6621,7243
807,2018-04-26,521,6866,7387
807,2018-04-27,635,7185,7820
807,2018-04-28,384,6320,6704
807,2018-04-29,65,3627,3692
807,2018-04-30,439,6476,6915
807,2018-05-01,66,3328,3394
807,2018-05-02,636,6912,7548
807,2018-05-03,649,7078,7727
807,2018-05-04,708,7525,8233
807,2018-05-05,398,5742,6140
807,2018-05-06,74,4594,4668
807,2018-05-07,559,6080,6639
807,2018-05-08,594,6895,7489
807,2018-05-09,663,7726,8389
807,2018-05-10,78,4831,4909
807,2018-05-11,467,7204,7671
807,2018-05-12,248,5427,5675
807,2018-05-13,59,3920,3979
807,2018-05-14,589,6429,7018
807,2018-05-15,626,7091,7717
807,2018-05-16,634,6565,7199
807,2018-05-17,581,7084,7665
807,2018-05-18,618,7161,7779
807,2018-05-19,351,5442,5793
807,2018-05-20,53,3613,3666
807,2018-05-21,58,3241,3299
807,2018-05-22,642,5993,6635
807,2018-05-23,621,5809,6430
807,2018-05-24,505,6106,6611
807,2018-05-25,570,6332,6902
807,2018-05-26,315,5487,5802
807,2018-05-27,86,3641,3727
807,2018-05-28,530,6619,7149
807,2018-05-29,636,7047,7683
807,2018-05-30,539,7016,7555
807,2018-05-31,493,7179,7672
807,2018-06-01,505,7132,7637
807,2018-06-02,266,5515,5781
807,2018-06-03,75,4010,4085
807,2018-06-04,533,6263,6796
807,2018-06-05,575,6943,7518
807,2018-06-06,570,6618,7188
807,2018-06-07,566,6927,7493
807,2018-06-08,552,7439,7991
807,2018-06-09,284,5940,6224
807,2018-06-10,71,4190,4261
807,2018-06-11,542,6235,6777
807,2018-06-12,507,6804,7311
807,2018-06-13,535,6781,7316
807,2018-06-14,603,6871,7474
807,2018-06-15,575,7081,7656
807,2018-06-16,259,5676,5935
807,2018-06-17,63,3958,4021
807,2018-06-18,596,6271,6867
807,2018-06-19,653,6776,7429
807,2018-06-20,606,6518,7124
807,2018-06-21,640,6745,7385
807,2018-06-22,625,6958,7583
807,2018-06-23,75,3515,3590
807,2018-06-24,68,4045,4113
807,2018-06-25,623,6543,7166
807,2018-06-26,617,7352,7969
807,2018-06-27,574,7129,7703
807,2018-06-28,673,7356,8029
807,2018-06-29,589,7939,8528
807,2018-06-30,273,6163,6436
807,2018-07-01,50,5306,5356
807,2018-07-02,584,7180,7764
807,2018-07-03,552,7544,8096
807,2018-07-04,496,7047,7543
807,2018-07-05,544,7268,7812
807,2018-07-06,587,7439,8026
807,2018-07-07,241,5902,6143
807,2018-07-08,69,4583,4652
807,2018-07-09,654,7386,8040
807,2018-07-10,798,8082,8880
807,2018-07-11,750,7495,8245
807,2018-07-12,642,7452,8094
807,2018-07-13,528,6873,7401
807,2018-07-14,294,5372,5666
807,2018-07-15,72,3971,4043
807,2018-07-16,653,5952,6605
807,2018-07-17,592,5875,6467
807,2018-07-18,536,5698,6234
807,2018-07-19,455,5741,6196
807,2018-07-20,404,5599,6003
807,2018-07-21,225,4537,4762
807,2018-07-22,57,3213,3270
807,2018-07-23,431,5364,5795
807,2018-07-24,465,5570,6035
807,2018-07-25,501,6005,6506
807,2018-07-26,440,6080,6520
807,2018-07-27,318,6145,6463
807,2018-07-28,180,4757,4937
807,2018-07-29,60,3599,3659
807,2018-07-30,305,5380,5685
807,2018-07-31,312,5838,6150
807,2018-08-01,309,5442,5751
807,2018-08-02,308,5521,5829
807,2018-08-03,250,5722,5972
807,2018-08-04,163,4619,4782
807,2018-08-05,42,3707,3749
807,2018-08-06,234,5214,5448
807,2018-08-07,267,5224,5491
807,2018-08-08,267,5122,5389
807,2018-08-09,265,5188,5453
807,2018-08-10,255,5230,5485
807,2018-08-11,245,4138,4383
807,2018-08-12,57,3299,3356
807,2018-08-13,301,4781,5082
807,2018-08-14,360,5261,5621
807,2018-08-15,46,2784,2830
807,2018-08-16,283,5261,5544
807,2018-08-17,312,5169,5481
807,2018-08-18,198,4338,4536
807,2018-08-19,57,3472,3529
807,2018-08-20,474,5169,5643
807,2018-08-21,430,5400,5830
807,2018-08-22,398,5553,5951
807,2018-08-23,426,5709,6135
807,2018-08-24,436,5774,6210
807,2018-08-25,223,4447,4670
807,2018-08-26,73,3485,3558
807,2018-08-27,585,5383,5968
807,2018-08-28,483,5811,6294
807,2018-08-29,550,5569,6119
807,2018-08-30,469,5865,6334
807,2018-08-31,546,5868,6414
807,2018-09-01,273,4747,5020
807,2018-09-02,61,3606,3667
807,2018-09-03,542,5453,5995
807,2018-09-04,534,5673,6207
807,2018-09-05,525,5955,6480
807,2018-09-06,505,6070,6575
807,2018-09-07,546,6220,6766
807,2018-09-08,298,4865,5163
807,2018-09-09,164,4236,4400
807,2018-09-10,485,5860,6345
807,2018-09-11,558,6232,6790
807,2018-09-12,523,6298,6821
807,2018-09-13,466,6379,6845
807,2018-09-14,499,6630,7129
807,2018-09-15,333,5323,5656
807,2018-09-16,89,4077,4166
807,2018-09-17,551,6689,7240
807,2018-09-18,595,7255,7850
807,2018-09-19,631,6986,7617
807,2018-09-20,668,7107,7775
807,2018-09-21,560,7395,7955
807,2018-09-22,289,5923,6212
807,2018-09-23,51,3507,3558
807,2018-09-24,544,6488,7032
807,2018-09-25,601,7131,7732
807,2018-09-26,666,6794,7460
807,2018-09-27,610,7254,7864
807,2018-09-28,616,7713,8329
807,2018-09-29,307,5864,6171
807,2018-09-30,71,6115,6186
807,2018-10-01,582,6692,7274
807,2018-10-02,585,7197,7782
807,2018-10-03,591,7095,7686
807,2018-10-04,719,7508,8227
807,2018-10-05,650,7690,8340
807,2018-10-06,290,5835,6125
807,2018-10-07,58,4074,4132
807,2018-10-08,714,6753,7467
807,2018-10-09,622,7244,7866
807,2018-10-10,610,7140,7750
807,2018-10-11,594,7361,7955
807,2018-10-12,642,7583,8225
807,2018-10-13,305,5913,6218
807,2018-10-14,64,4387,4451
807,2018-10-15,605,6769,7374
807,2018-10-16,547,7201,7748
807,2018-10-17,555,6669,7224
807,2018-10-18,561,7085,7646
807,2018-10-19,555,7238,7793
807,2018-10-20,277,5938,6215
807,2018-10-21,56,3905,3961
807,2018-10-22,597,6467,7064
807,2018-10-23,598,6997,7595
807,2018-10-24,599,6834,7433
807,2018-10-25,619,7099,7718
807,2018-10-26,573,7140,7713
807,2018-10-27,281,5328,5609
807,2018-10-28,51,3476,3527
807,2018-10-29,529,5458,5987
807,2018-10-30,424,5757,6181
807,2018-11-01,64,3275,3339
807,2018-11-02,392,5248,5640
807,2018-11-03,269,4631,4900
807,2018-11-04,64,3433,3497
807,2018-11-05,631,6346,6977
807,2018-11-06,641,6959,7600
807,2018-11-07,508,6288,6796
807,2018-11-08,646,6651,7297
807,2018-11-09,634,7203,7837
807,2018-11-10,224,5388,5612
807,2018-11-11,51,3742,3793
807,2018-11-12,560,6402,6962
807,2018-11-13,624,7016,7640
807,2018-11-14,655,6583,7238
807,2018-11-15,633,6881,7514
807,2018-11-16,607,7309,7916
807,2018-11-17,298,5673,5971
807,2018-11-18,69,3808,3877
807,2018-11-19,622,6711,7333
807,2018-11-20,636,7378,8014
807,2018-11-21,646,6656,7302
807,2018-11-22,603,6925,7528
807,2018-11-23,605,7378,7983
807,2018-11-24,252,5512,5764
807,2018-11-25,52,3437,3489
807,2018-11-26,574,6399,6973
807,2018-11-27,582,6764,7346
807,2018-11-28,596,6664,7260
807,2018-11-29,630,6841,7471
807,2018-11-30,676,6960,7636
807,2018-12-01,291,5338,5629
807,2018-12-02,31,3701,3732
807,2018-12-03,459,6422,6881
807,2018-12-04,554,6860,7414
807,2018-12-05,645,6664,7309
807,2018-12-06,495,6536,7031
807,2018-12-07,505,6974,7479
807,2018-12-08,222,5195,5417
807,2018-12-09,43,3506,3549
807,2018-12-10,600,6236,6836
807,2018-12-11,580,6642,7222
807,2018-12-12,582,6604,7186
807,2018-12-13,641,6867,7508
807,2018-12-14,635,7008,7643
807,2018-12-15,286,5102,5388
807,2018-12-16,59,2907,2966
807,2018-12-17,527,6354,6881
807,2018-12-18,566,7008,7574
807,2018-12-19,506,6807,7313
807,2018-12-20,439,7617,8056
807,2018-12-21,367,7300,7667
807,2018-12-22,216,5267,5483
807,2018-12-23,46,3411,3457
807,2018-12-24,223,5053,5276
807,2018-12-25,62,2614,2676
807,2018-12-26,48,2558,2606
807,2018-12-27,294,4593,4887
807,2018-12-28,282,4923,5205
807,2018-12-29,203,4238,4441
807,2018-12-30,34,3263,3297
807,2018-12-31,225,4518,4743
809,2018-01-01,10,912,922
809,2018-01-02,93,1691,1784
809,2018-01-03,94,1808,1902
809,2018-01-04,88,1809,1897
809,2018-01-05,103,1885,1988
809,2018-01-06,45,1375,1420
809,2018-01-07,15,1151,1166
809,2018-01-08,182,1890,2072
809,2018-01-09,192,2096,2288
809,2018-01-10,230,2013,2243
809,2018-01-11,250,2091,2341
809,2018-01-12,266,2115,2381
809,2018-01-13,72,1433,1505
809,2018-01-14,9,1022,1031
809,2018-01-15,182,2024,2206
809,2018-01-16,221,2163,2384
809,2018-01-17,268,1957,2225
809,2018-01-18,340,2020,2360
809,2018-01-19,338,2148,2486
809,2018-01-20,60,1313,1373
809,2018-01-21,15,1022,1037
809,2018-01-22,273,1992,2265
809,2018-01-23,256,2144,2400
809,2018-01-24,258,2031,2289
809,2018-01-25,212,2059,2271
809,2018-01-26,217,2057,2274
809,2018-01-27,56,1442,1498
809,2018-01-28,13,1135,1148
809,2018-01-29,234,2025,2259
809,2018-01-30,252,2142,2394
809,2018-01-31,260,2042,2302
809,2018-02-01,234,2054,2288
809,2018-02-02,253,2045,2298
809,2018-02-03,48,1437,1485
809,2018-02-04,20,1007,1027
809,2018-02-05,179,1972,2151
809,2018-02-06,150,2048,2198
809,2018-02-07,134,2001,2135
809,2018-02-08,182,2058,2240
809,2018-02-09,162,2015,2177
809,2018-02-10,58,1204,1262
809,2018-02-11,12,892,904
809,2018-02-12,146,1516,1662
809,2018-02-13,267,1755,2022
809,2018-02-14,253,1770,2023
809,2018-02-15,188,1566,1754
809,2018-02-16,196,1790,1986
809,2018-02-17,54,1223,1277
809,2018-02-18,15,1157,1172
809,2018-02-19,210,1947,2157
809,2018-02-20,185,2087,2272
809,2018-02-21,199,1982,2181
809,2018-02-22,188,2147,2335
809,2018-02-23,183,2134,2317
809,2018-02-24,75,1486,1561
809,2018-02-25,11,1096,1107
809,2018-02-26,159,1975,2134
809,2018-02-27,150,2107,2257
809,2018-02-28,170,1989,2159
809,2018-03-01,151,2104,2255
809,2018-03-02,133,1840,1973
809,2018-03-03,56,1391,1447
809,2018-03-04,12,1069,1081
809,2018-03-05,189,1976,2165
809,2018-03-06,190,2167,2357
809,2018-03-07,197,2039,2236
809,2018-03-08,179,2108,2287
809,2018-03-09,174,2219,2393
809,2018-03-10,35,1574,1609
809,2018-03-11,13,1194,1207
809,2018-03-12,194,2038,2232
809,2018-03-13,189,2295,2484
809,2018-03-14,287,2033,2320
809,2018-03-15,246,2223,2469
809,2018-03-16,198,2335,2533
809,2018-03-17,75,1590,1665
809,2018-03-18,16,1045,1061
809,2018-03-19,174,2087,2261
809,2018-03-20,152,2221,2373
809,2018-03-21,172,2113,2285
809,2018-03-22,211,2152,2363
809,2018-03-23,184,2198,2382
809,2018-03-24,105,1651,1756
809,2018-03-26,234,2101,2335
809,2018-03-27,218,2158,2376
809,2018-03-28,209,2113,2322
809,2018-03-29,186,2296,2482
809,2018-03-30,177,2248,2425
809,2018-03-31,63,1294,1357
809,2018-04-01,15,1275,1290
809,2018-04-02,13,1214,1227
809,2018-04-03,168,1844,2012
809,2018-04-04,183,1786,1969
809,2018-04-05,167,1809,1976
809,2018-04-06,174,1998,2172
809,2018-04-07,62,1562,1624
809,2018-04-08,18,1351,1369
809,2018-04-09,202,1925,2127
809,2018-04-10,175,2005,2180
809,2018-04-11,210,2048,2258
809,2018-04-12,192,2088,2280
809,2018-04-13,185,2263,2448
809,2018-04-14,91,1518,1609
809,2018-04-15,19,1287,1306
809,2018-04-16,208,2218,2426
809,2018-04-17,201,2358,2559
809,2018-04-18,170,2379,2549
809,2018-04-19,158,2442,2600
809,2018-04-20,177,2468,2645
809,2018-04-21,89,1736,1825
809,2018-04-22,12,1384,1396
809,2018-04-23,181,2228,2409
809,2018-04-24,167,2322,2489
809,2018-04-25,197,2187,2384
809,2018-04-26,197,2321,2518
809,2018-04-27,182,2435,2617
809,2018-04-28,104,1636,1740
809,2018-04-29,18,1264,1282
809,2018-04-30,123,1839,1962
809,2018-05-01,23,1247,1270
809,2018-05-02,210,2244,2454
809,2018-05-03,216,2342,2558
809,2018-05-04,230,2349,2579
809,2018-05-05,135,1771,1906
809,2018-05-06,29,1628,1657
809,2018-05-09,222,2502,2724
809,2018-05-10,21,1175,1196
809,2018-05-11,159,2179,2338
809,2018-05-12,71,1642,1713
809,2018-05-13,19,1091,1110
809,2018-05-14,192,2242,2434
809,2018-05-15,222,2291,2513
809,2018-05-16,192,2264,2456
809,2018-05-17,166,2371,2537
809,2018-05-18,263,2421,2684
809,2018-05-19,143,1692,1835
809,2018-05-20,20,1401,1421
809,2018-05-21,32,1259,1291
809,2018-05-22,210,1964,2174
809,2018-05-23,225,2071,2296
809,2018-05-24,212,2054,2266
809,2018-05-25,194,2156,2350
809,2018-05-26,146,1723,1869
809,2018-05-27,24,1233,1257
809,2018-05-28,148,2220,2368
809,2018-05-29,140,2315,2455
809,2018-05-30,174,2389,2563
809,2018-05-31,186,2423,2609
809,2018-06-01,138,2388,2526
809,2018-06-02,91,1618,1709
809,2018-06-03,28,1573,1601
809,2018-06-04,151,2234,2385
809,2018-06-05,149,2418,2567
809,2018-06-06,124,2342,2466
809,2018-06-07,149,2312,2461
809,2018-06-08,125,2427,2552
809,2018-06-09,58,1816,1874
809,2018-06-10,18,1504,1522
809,2018-06-11,153,2226,2379
809,2018-06-12,144,2308,2452
809,2018-06-13,162,2371,2533
809,2018-06-14,149,2324,2473
809,2018-06-15,148,2470,2618
809,2018-06-16,75,1783,1858
809,2018-06-17,35,2304,2339
809,2018-06-18,183,2188,2371
809,2018-06-19,187,2297,2484
809,2018-06-20,236,2426,2662
809,2018-06-21,166,2265,2431
809,2018-06-22,182,2245,2427
809,2018-06-23,78,1290,1368
809,2018-06-24,15,1336,1351
809,2018-06-25,173,2207,2380
809,2018-06-26,201,2411,2612
809,2018-06-27,166,2461,2627
809,2018-06-29,160,2667,2827
809,2018-06-30,80,2087,2167
809,2018-07-01,18,1666,1684
809,2018-07-02,123,1832,1955
809,2018-07-03,113,1880,1993
809,2018-07-04,108,1724,1832
809,2018-07-05,158,1814,1972
809,2018-07-06,159,2272,2431
809,2018-07-07,92,2151,2243
809,2018-07-08,31,1742,1773
809,2018-07-09,NA,18,NA
809,2018-07-10,107,1269,1376
809,2018-07-11,189,1314,1503
809,2018-07-12,124,1807,1931
809,2018-07-13,186,2250,2436
809,2018-07-14,85,1817,1902
809,2018-07-15,28,1491,1519
809,2018-07-16,165,1861,2026
809,2018-07-17,128,1826,1954
809,2018-07-18,208,1578,1786
809,2018-07-19,179,1757,1936
809,2018-07-20,132,1830,1962
809,2018-07-21,65,1554,1619
809,2018-07-22,23,1551,1574
809,2018-07-23,172,2027,2199
809,2018-07-24,142,2255,2397
809,2018-07-25,167,2108,2275
809,2018-07-26,140,2111,2251
809,2018-07-27,114,2137,2251
809,2018-07-28,54,1497,1551
809,2018-07-29,14,1310,1324
809,2018-07-30,104,1869,1973
809,2018-07-31,145,2005,2150
809,2018-08-01,141,1862,2003
809,2018-08-02,131,1961,2092
809,2018-08-03,97,1966,2063
809,2018-08-04,49,1426,1475
809,2018-08-05,15,1168,1183
809,2018-08-06,110,1738,1848
809,2018-08-07,122,1635,1757
809,2018-08-08,109,1870,1979
809,2018-08-09,110,1761,1871
809,2018-08-10,88,1828,1916
809,2018-08-11,50,1288,1338
809,2018-08-12,17,1338,1355
809,2018-08-13,126,1750,1876
809,2018-08-14,114,1796,1910
809,2018-08-15,20,1305,1325
809,2018-08-16,115,1823,1938
809,2018-08-17,118,1719,1837
809,2018-08-18,45,1272,1317
809,2018-08-19,13,1123,1136
809,2018-08-20,120,1808,1928
809,2018-08-21,101,1864,1965
809,2018-08-22,97,1946,2043
809,2018-08-23,153,1871,2024
809,2018-08-24,128,1892,2020
809,2018-08-25,73,1361,1434
809,2018-08-26,25,1414,1439
809,2018-08-27,223,1908,2131
809,2018-08-28,114,1902,2016
809,2018-08-29,180,1908,2088
809,2018-08-30,173,1960,2133
809,2018-08-31,230,2072,2302
809,2018-09-01,130,1576,1706
809,2018-09-02,12,1335,1347
809,2018-09-03,176,1881,2057
809,2018-09-04,160,2009,2169
809,2018-09-05,185,2025,2210
809,2018-09-06,264,2191,2455
809,2018-09-07,289,2137,2426
809,2018-09-08,82,1561,1643
809,2018-09-09,19,1503,1522
809,2018-09-10,148,2084,2232
809,2018-09-11,205,2186,2391
809,2018-09-12,244,2312,2556
809,2018-09-13,183,2180,2363
809,2018-09-14,143,2260,2403
809,2018-09-15,95,1681,1776
809,2018-09-16,17,1514,1531
809,2018-09-17,179,2510,2689
809,2018-09-18,174,2886,3060
809,2018-09-19,193,2888,3081
809,2018-09-20,218,2774,2992
809,2018-09-21,190,2977,3167
809,2018-09-22,58,1668,1726
809,2018-09-23,31,1201,1232
809,2018-09-24,161,2699,2860
809,2018-09-25,203,2800,3003
809,2018-09-26,205,2788,2993
809,2018-09-27,193,2808,3001
809,2018-09-28,205,2922,3127
809,2018-09-29,91,1941,2032
809,2018-09-30,30,2083,2113
809,2018-10-01,192,2591,2783
809,2018-10-02,249,2805,3054
809,2018-10-03,178,2820,2998
809,2018-10-04,157,2725,2882
809,2018-10-05,147,2690,2837
809,2018-10-06,115,1793,1908
809,2018-10-07,11,1301,1312
809,2018-10-08,143,2267,2410
809,2018-10-09,135,2404,2539
809,2018-10-10,123,2315,2438
809,2018-10-11,140,2333,2473
809,2018-10-12,145,2319,2464
809,2018-10-13,60,1835,1895
809,2018-10-14,15,1349,1364
809,2018-10-15,123,2232,2355
809,2018-10-16,152,2472,2624
809,2018-10-17,166,2418,2584
809,2018-10-18,138,2515,2653
809,2018-10-19,151,2607,2758
809,2018-10-20,76,1841,1917
809,2018-10-21,16,1478,1494
809,2018-10-22,175,2229,2404
809,2018-10-23,215,2503,2718
809,2018-10-24,217,2361,2578
809,2018-10-25,183,2463,2646
809,2018-10-26,188,2559,2747
809,2018-10-27,95,1550,1645
809,2018-10-28,17,1266,1283
809,2018-10-29,157,2133,2290
809,2018-10-30,148,2166,2314
809,2018-11-01,10,1176,1186
809,2018-11-02,140,1769,1909
809,2018-11-03,66,1438,1504
809,2018-11-04,13,1222,1235
809,2018-11-05,224,2447,2671
809,2018-11-06,204,2654,2858
809,2018-11-07,262,2722,2984
809,2018-11-08,170,2825,2995
809,2018-11-09,161,2742,2903
809,2018-11-10,51,1750,1801
809,2018-11-11,12,1457,1469
809,2018-11-12,178,2430,2608
809,2018-11-13,155,2448,2603
809,2018-11-14,202,2407,2609
809,2018-11-15,178,2519,2697
809,2018-11-16,194,2507,2701
809,2018-11-17,67,1803,1870
809,2018-11-18,12,1429,1441
809,2018-11-19,184,2268,2452
809,2018-11-20,172,2427,2599
809,2018-11-21,199,2351,2550
809,2018-11-22,191,2367,2558
809,2018-11-23,194,2482,2676
809,2018-11-24,82,1628,1710
809,2018-11-25,11,1241,1252
809,2018-11-26,174,2356,2530
809,2018-11-27,222,2512,2734
809,2018-11-28,192,2468,2660
809,2018-11-29,235,2538,2773
809,2018-11-30,207,2490,2697
809,2018-12-01,69,1671,1740
809,2018-12-02,4,1201,1205
809,2018-12-03,189,2372,2561
809,2018-12-04,178,2315,2493
809,2018-12-05,188,2297,2485
809,2018-12-06,173,2256,2429
809,2018-12-07,132,2393,2525
809,2018-12-08,41,1544,1585
809,2018-12-09,10,1105,1115
809,2018-12-10,200,2203,2403
809,2018-12-11,164,2371,2535
809,2018-12-12,161,2298,2459
809,2018-12-13,190,2342,2532
809,2018-12-14,220,2348,2568
809,2018-12-15,68,1603,1671
809,2018-12-16,10,1015,1025
809,2018-12-17,183,2174,2357
809,2018-12-18,225,2357,2582
809,2018-12-19,219,2351,2570
809,2018-12-20,183,2290,2473
809,2018-12-21,146,2141,2287
809,2018-12-22,55,1479,1534
809,2018-12-23,8,1046,1054
809,2018-12-24,94,1454,1548
809,2018-12-25,10,1148,1158
809,2018-12-26,14,1019,1033
809,2018-12-27,96,1487,1583
809,2018-12-28,104,1601,1705
809,2018-12-29,67,1293,1360
809,2018-12-30,5,1026,1031
809,2018-12-31,76,1478,1554
811,2018-01-01,22,1218,1240
811,2018-01-02,87,2471,2558
811,2018-01-03,52,2642,2694
811,2018-01-04,97,2742,2839
811,2018-01-05,109,2995,3104
811,2018-01-06,63,1954,2017
811,2018-01-07,15,1515,1530
811,2018-01-08,130,3116,3246
811,2018-01-09,136,3414,3550
811,2018-01-10,128,3238,3366
811,2018-01-12,142,3478,3620
811,2018-01-13,62,2125,2187
811,2018-01-14,17,1599,1616
811,2018-01-15,131,3182,3313
811,2018-01-16,106,3454,3560
811,2018-01-17,121,3303,3424
811,2018-01-18,125,3395,3520
811,2018-01-19,142,3495,3637
811,2018-01-20,59,2045,2104
811,2018-01-21,15,1596,1611
811,2018-01-22,119,3216,3335
811,2018-01-23,127,3372,3499
811,2018-01-24,129,3306,3435
811,2018-01-26,139,3628,3767
811,2018-01-27,68,2255,2323
811,2018-01-28,16,1756,1772
811,2018-01-29,124,3183,3307
811,2018-01-30,132,3587,3719
811,2018-01-31,119,3284,3403
811,2018-02-01,122,3528,3650
811,2018-02-02,126,3489,3615
811,2018-02-03,71,2146,2217
811,2018-02-04,18,1648,1666
811,2018-02-05,144,3294,3438
811,2018-02-06,130,3325,3455
811,2018-02-07,108,3362,3470
811,2018-02-09,153,3505,3658
811,2018-02-10,64,1918,1982
811,2018-02-11,19,1437,1456
811,2018-02-12,75,2755,2830
811,2018-02-13,101,3062,3163
811,2018-02-14,108,3130,3238
811,2018-02-15,92,2936,3028
811,2018-02-16,98,3084,3182
811,2018-02-17,69,1953,2022
811,2018-02-18,30,1697,1727
811,2018-02-19,140,3297,3437
811,2018-02-20,148,3487,3635
811,2018-02-21,167,3424,3591
811,2018-02-23,138,3628,3766
811,2018-02-24,85,2224,2309
811,2018-02-25,15,1691,1706
811,2018-02-26,153,3212,3365
811,2018-02-27,149,3406,3555
811,2018-02-28,144,3279,3423
811,2018-03-01,169,3533,3702
811,2018-03-02,166,3308,3474
811,2018-03-03,62,2056,2118
811,2018-03-04,16,1679,1695
811,2018-03-05,133,3314,3447
811,2018-03-06,124,3523,3647
811,2018-03-07,117,3407,3524
811,2018-03-09,132,3521,3653
811,2018-03-10,64,2371,2435
811,2018-03-11,17,1697,1714
811,2018-03-12,124,3308,3432
811,2018-03-13,118,3438,3556
811,2018-03-14,134,3445,3579
811,2018-03-15,126,3502,3628
811,2018-03-16,128,3654,3782
811,2018-03-17,63,2241,2304
811,2018-03-18,17,1646,1663
811,2018-03-19,125,3373,3498
811,2018-03-20,138,3520,3658
811,2018-03-21,147,3697,3844
811,2018-03-22,141,3601,3742
811,2018-03-23,157,3674,3831
811,2018-03-24,72,2341,2413
811,2018-03-26,142,3409,3551
811,2018-03-27,125,3461,3586
811,2018-03-28,136,3330,3466
811,2018-03-31,61,2107,2168
811,2018-04-01,13,1526,1539
811,2018-04-02,15,1656,1671
811,2018-04-03,110,3132,3242
811,2018-04-04,117,3065,3182
811,2018-04-06,99,3250,3349
811,2018-04-07,72,2159,2231
811,2018-04-08,18,1874,1892
811,2018-04-09,97,2840,2937
811,2018-04-10,83,3010,3093
811,2018-04-11,106,3024,3130
811,2018-04-13,102,3327,3429
811,2018-04-14,74,2309,2383
811,2018-04-15,19,1839,1858
811,2018-04-16,137,3308,3445
811,2018-04-17,165,3615,3780
811,2018-04-18,187,3678,3865
811,2018-04-19,144,3623,3767
811,2018-04-20,148,3791,3939
811,2018-04-21,93,2629,2722
811,2018-04-22,30,1959,1989
811,2018-04-23,132,3338,3470
811,2018-04-24,142,3645,3787
811,2018-04-25,150,3433,3583
811,2018-04-27,148,3859,4007
811,2018-04-28,92,2549,2641
811,2018-04-29,54,1802,1856
811,2018-04-30,123,2909,3032
811,2018-05-01,18,1841,1859
811,2018-05-02,129,3378,3507
811,2018-05-03,133,3595,3728
811,2018-05-04,148,3940,4088
811,2018-05-05,87,2419,2506
811,2018-05-06,23,2076,2099
811,2018-05-07,166,4025,4191
811,2018-05-08,212,4214,4426
811,2018-05-09,145,3727,3872
811,2018-05-10,17,2019,2036
811,2018-05-11,131,3077,3208
811,2018-05-12,126,2207,2333
811,2018-05-13,32,1638,1670
811,2018-05-14,147,3388,3535
811,2018-05-15,140,3559,3699
811,2018-05-16,151,3493,3644
811,2018-05-18,156,3784,3940
811,2018-05-19,89,2528,2617
811,2018-05-20,26,1840,1866
811,2018-05-21,32,1584,1616
811,2018-05-22,131,3345,3476
811,2018-05-23,186,3662,3848
811,2018-05-24,132,3494,3626
811,2018-05-25,111,3419,3530
811,2018-05-26,82,2260,2342
811,2018-05-27,38,1728,1766
811,2018-05-28,139,3438,3577
811,2018-05-29,133,3604,3737
811,2018-05-30,138,3511,3649
811,2018-06-01,105,3642,3747
811,2018-06-02,70,2426,2496
811,2018-06-03,17,1986,2003
811,2018-06-04,149,3372,3521
811,2018-06-05,149,3689,3838
811,2018-06-06,182,3510,3692
811,2018-06-07,122,3578,3700
811,2018-06-08,141,3832,3973
811,2018-06-09,98,2516,2614
811,2018-06-10,26,2192,2218
811,2018-06-11,154,3488,3642
811,2018-06-12,180,3570,3750
811,2018-06-13,131,3505,3636
811,2018-06-15,136,3576,3712
811,2018-06-16,85,2504,2589
811,2018-06-17,24,2020,2044
811,2018-06-18,120,3311,3431
811,2018-06-19,148,3514,3662
811,2018-06-20,144,3457,3601
811,2018-06-21,143,3567,3710
811,2018-06-22,131,3681,3812
811,2018-06-23,34,1797,1831
811,2018-06-24,32,1694,1726
811,2018-06-25,154,3317,3471
811,2018-06-26,146,3670,3816
811,2018-06-27,185,3511,3696
811,2018-06-29,150,3764,3914
811,2018-06-30,87,2749,2836
811,2018-07-01,25,2433,2458
811,2018-07-02,191,4246,4437
811,2018-07-03,164,4741,4905
811,2018-07-04,252,4216,4468
811,2018-07-05,228,4154,4382
811,2018-07-06,139,3559,3698
811,2018-07-07,76,2620,2696
811,2018-07-08,32,1924,1956
811,2018-07-09,138,3217,3355
811,2018-07-10,138,3510,3648
811,2018-07-11,140,3476,3616
811,2018-07-13,127,3511,3638
811,2018-07-14,89,2263,2352
811,2018-07-15,27,1862,1889
811,2018-07-16,144,3306,3450
811,2018-07-17,137,3570,3707
811,2018-07-18,160,4234,4394
811,2018-07-19,182,4356,4538
811,2018-07-20,147,3981,4128
811,2018-07-21,86,2328,2414
811,2018-07-22,18,1908,1926
811,2018-07-23,121,3248,3369
811,2018-07-24,122,3358,3480
811,2018-07-25,127,3273,3400
811,2018-07-27,109,3134,3243
811,2018-07-28,81,1967,2048
811,2018-07-29,18,1677,1695
811,2018-07-30,107,2753,2860
811,2018-07-31,108,2922,3030
811,2018-08-01,89,2797,2886
811,2018-08-02,112,2959,3071
811,2018-08-03,85,2816,2901
811,2018-08-04,78,1915,1993
811,2018-08-05,22,1764,1786
811,2018-08-06,92,2483,2575
811,2018-08-07,83,2598,2681
811,2018-08-08,101,2610,2711
811,2018-08-10,104,2613,2717
811,2018-08-11,66,1785,1851
811,2018-08-12,22,1657,1679
811,2018-08-13,122,2290,2412
811,2018-08-14,107,2665,2772
811,2018-08-15,17,1610,1627
811,2018-08-16,104,2585,2689
811,2018-08-17,109,2599,2708
811,2018-08-18,79,1883,1962
811,2018-08-19,16,1601,1617
811,2018-08-20,110,2820,2930
811,2018-08-21,137,2802,2939
811,2018-08-22,102,2903,3005
811,2018-08-23,148,2760,2908
811,2018-08-24,109,2794,2903
811,2018-08-25,67,1853,1920
811,2018-08-26,20,1734,1754
811,2018-08-27,90,2898,2988
811,2018-08-28,144,3064,3208
811,2018-08-29,164,3020,3184
811,2018-08-30,125,3027,3152
811,2018-08-31,110,3098,3208
811,2018-09-01,92,2043,2135
811,2018-09-02,30,1697,1727
811,2018-09-03,109,2732,2841
811,2018-09-04,141,3136,3277
811,2018-09-05,113,3112,3225
811,2018-09-07,165,3318,3483
811,2018-09-08,74,2082,2156
811,2018-09-09,22,1926,1948
811,2018-09-10,120,3215,3335
811,2018-09-11,116,3381,3497
811,2018-09-12,115,3449,3564
811,2018-09-13,118,3325,3443
811,2018-09-14,117,3429,3546
811,2018-09-15,72,2363,2435
811,2018-09-16,19,1954,1973
811,2018-09-17,154,3539,3693
811,2018-09-18,128,3956,4084
811,2018-09-19,130,3731,3861
811,2018-09-21,114,4038,4152
811,2018-09-22,71,2487,2558
811,2018-09-23,NA,1628,NA
811,2018-09-24,148,3755,3903
811,2018-09-25,145,3847,3992
811,2018-09-26,133,3820,3953
811,2018-09-28,140,4210,4350
811,2018-09-29,98,2500,2598
811,2018-09-30,32,2338,2370
811,2018-10-01,157,3780,3937
811,2018-10-02,138,3996,4134
811,2018-10-03,144,3985,4129
811,2018-10-06,121,2434,2555
811,2018-10-07,28,1896,1924
811,2018-10-08,268,3579,3847
811,2018-10-09,270,3725,3995
811,2018-10-10,347,3631,3978
811,2018-10-11,285,3759,4044
811,2018-10-12,283,3750,4033
811,2018-10-13,102,2653,2755
811,2018-10-14,26,2053,2079
811,2018-10-15,302,3663,3965
811,2018-10-16,286,4004,4290
811,2018-10-17,300,3839,4139
811,2018-10-18,278,4008,4286
811,2018-10-19,291,4052,4343
811,2018-10-20,139,2754,2893
811,2018-10-21,35,2556,2591
811,2018-10-22,274,3734,4008
811,2018-10-23,330,3862,4192
811,2018-10-24,345,3915,4260
811,2018-10-25,315,3958,4273
811,2018-10-26,263,4076,4339
811,2018-10-27,168,2625,2793
811,2018-10-28,37,1891,1928
811,2018-10-29,286,3560,3846
811,2018-10-30,272,3598,3870
811,2018-11-01,38,2013,2051
811,2018-11-02,175,2996,3171
811,2018-11-03,118,2244,2362
811,2018-11-04,40,1916,1956
811,2018-11-05,243,3754,3997
811,2018-11-06,242,4154,4396
811,2018-11-07,298,4010,4308
811,2018-11-08,267,4165,4432
811,2018-11-09,269,4309,4578
811,2018-11-10,111,2537,2648
811,2018-11-11,41,1824,1865
811,2018-11-12,238,3972,4210
811,2018-11-13,288,4025,4313
811,2018-11-14,275,3907,4182
811,2018-11-15,254,3981,4235
811,2018-11-16,292,4131,4423
811,2018-11-17,136,2712,2848
811,2018-11-18,34,1990,2024
811,2018-11-19,246,3846,4092
811,2018-11-20,314,4221,4535
811,2018-11-21,327,3941,4268
811,2018-11-22,296,3827,4123
811,2018-11-23,268,4049,4317
811,2018-11-24,121,2407,2528
811,2018-11-25,43,1834,1877
811,2018-11-26,230,3634,3864
811,2018-11-27,241,3940,4181
811,2018-11-28,244,3771,4015
811,2018-11-29,241,3889,4130
811,2018-11-30,240,4115,4355
811,2018-12-01,135,2505,2640
811,2018-12-02,28,1952,1980
811,2018-12-03,173,3641,3814
811,2018-12-04,206,3852,4058
811,2018-12-05,273,3750,4023
811,2018-12-06,219,3722,3941
811,2018-12-07,229,4024,4253
811,2018-12-08,74,2624,2698
811,2018-12-09,30,1736,1766
811,2018-12-10,209,3569,3778
811,2018-12-11,247,3790,4037
811,2018-12-12,255,3727,3982
811,2018-12-13,284,3816,4100
811,2018-12-14,242,3844,4086
811,2018-12-15,113,2368,2481
811,2018-12-16,43,1686,1729
811,2018-12-17,197,3705,3902
811,2018-12-18,231,3853,4084
811,2018-12-19,205,3917,4122
811,2018-12-20,198,3792,3990
811,2018-12-21,167,3772,3939
811,2018-12-22,104,2353,2457
811,2018-12-23,22,1708,1730
811,2018-12-24,84,2186,2270
811,2018-12-25,31,1370,1401
811,2018-12-26,33,1539,1572
811,2018-12-27,139,2111,2250
811,2018-12-28,152,2240,2392
811,2018-12-29,92,1680,1772
811,2018-12-30,32,1402,1434
811,2018-12-31,99,1910,2009
813,2018-11-01,21,1661,1682
813,2018-11-02,152,2630,2782
813,2018-11-03,86,2037,2123
813,2018-11-04,28,1730,1758
813,2018-11-05,218,3523,3741
813,2018-11-06,203,3903,4106
813,2018-11-07,293,3838,4131
813,2018-11-08,267,3994,4261
813,2018-11-09,237,3942,4179
813,2018-11-10,67,2343,2410
813,2018-11-11,26,1693,1719
813,2018-11-12,184,3713,3897
813,2018-11-13,226,3803,4029
813,2018-11-14,233,3712,3945
813,2018-11-15,239,3780,4019
813,2018-11-16,219,3952,4171
813,2018-11-17,85,2468,2553
813,2018-11-18,35,1959,1994
813,2018-11-19,248,4170,4418
813,2018-11-20,268,4437,4705
813,2018-11-21,237,3855,4092
813,2018-11-22,231,3743,3974
813,2018-11-23,206,3921,4127
813,2018-11-24,69,2348,2417
813,2018-11-25,21,1737,1758
813,2018-11-26,186,3507,3693
813,2018-11-27,200,3676,3876
813,2018-11-28,189,3621,3810
813,2018-11-29,225,3744,3969
813,2018-11-30,208,3831,4039
813,2018-12-01,73,2283,2356
813,2018-12-02,28,1727,1755
813,2018-12-03,175,3343,3518
813,2018-12-04,215,3639,3854
813,2018-12-05,197,3601,3798
813,2018-12-06,168,3406,3574
813,2018-12-07,175,3729,3904
813,2018-12-08,73,2265,2338
813,2018-12-09,20,1548,1568
813,2018-12-10,181,3377,3558
813,2018-12-11,199,3488,3687
813,2018-12-12,188,3498,3686
813,2018-12-13,226,3497,3723
813,2018-12-14,224,3516,3740
813,2018-12-15,75,2189,2264
813,2018-12-16,31,1419,1450
813,2018-12-17,144,3377,3521
813,2018-12-18,200,3540,3740
813,2018-12-19,171,3615,3786
813,2018-12-20,193,3403,3596
813,2018-12-21,138,3427,3565
813,2018-12-22,68,2240,2308
813,2018-12-23,20,1378,1398
813,2018-12-24,63,2096,2159
813,2018-12-25,17,1229,1246
813,2018-12-26,25,1320,1345
813,2018-12-27,94,2003,2097
813,2018-12-28,104,1951,2055
813,2018-12-29,60,1453,1513
813,2018-12-30,22,1249,1271
813,2018-12-31,67,1736,1803
816,2018-01-01,14,2366,2380
816,2018-01-02,123,4933,5056
816,2018-01-03,164,5326,5490
816,2018-01-04,93,5241,5334
816,2018-01-05,126,5786,5912
816,2018-01-06,63,3849,3912
816,2018-01-07,14,3079,3093
816,2018-01-08,159,5821,5980
816,2018-01-09,188,6291,6479
816,2018-01-10,210,6041,6251
816,2018-01-12,199,6392,6591
816,2018-01-13,83,4096,4179
816,2018-01-14,10,2861,2871
816,2018-01-15,266,6082,6348
816,2018-01-16,205,6385,6590
816,2018-01-17,284,6104,6388
816,2018-01-18,292,6468,6760
816,2018-01-19,220,6568,6788
816,2018-01-20,69,3820,3889
816,2018-01-21,20,2969,2989
816,2018-01-22,211,6005,6216
816,2018-01-23,199,6148,6347
816,2018-01-24,199,6151,6350
816,2018-01-26,205,6386,6591
816,2018-01-27,84,4207,4291
816,2018-01-28,9,3091,3100
816,2018-01-29,169,6009,6178
816,2018-01-30,201,6456,6657
816,2018-01-31,266,6424,6690
816,2018-02-01,179,6621,6800
816,2018-02-02,169,6396,6565
816,2018-02-03,82,4220,4302
816,2018-02-04,12,2881,2893
816,2018-02-05,214,5791,6005
816,2018-02-06,154,5718,5872
816,2018-02-07,149,6065,6214
816,2018-02-09,194,5930,6124
816,2018-02-10,75,3705,3780
816,2018-02-11,9,2293,2302
816,2018-02-12,133,4660,4793
816,2018-02-13,138,5215,5353
816,2018-02-14,165,5416,5581
816,2018-02-15,147,4898,5045
816,2018-02-16,166,5286,5452
816,2018-02-17,80,3365,3445
816,2018-02-18,18,3148,3166
816,2018-02-19,180,5851,6031
816,2018-02-20,210,6245,6455
816,2018-02-21,248,6233,6481
816,2018-02-23,192,6354,6546
816,2018-02-24,85,4224,4309
816,2018-02-25,12,3043,3055
816,2018-02-26,224,5803,6027
816,2018-02-27,197,6229,6426
816,2018-02-28,187,6161,6348
816,2018-03-01,199,6267,6466
816,2018-03-02,186,5863,6049
816,2018-03-03,80,4253,4333
816,2018-03-04,9,2984,2993
816,2018-03-05,224,6061,6285
816,2018-03-06,227,6501,6728
816,2018-03-07,182,6238,6420
816,2018-03-09,180,6542,6722
816,2018-03-10,81,4490,4571
816,2018-03-11,11,3013,3024
816,2018-03-12,262,6252,6514
816,2018-03-13,208,6601,6809
816,2018-03-14,227,6343,6570
816,2018-03-15,233,6480,6713
816,2018-03-16,226,6679,6905
816,2018-03-17,83,4308,4391
816,2018-03-18,8,3036,3044
816,2018-03-19,224,6207,6431
816,2018-03-20,226,6522,6748
816,2018-03-21,226,5924,6150
816,2018-03-22,223,5991,6214
816,2018-03-23,215,6641,6856
816,2018-03-24,97,4638,4735
816,2018-03-26,232,6223,6455
816,2018-03-27,228,6430,6658
816,2018-03-28,342,6720,7062
816,2018-03-31,88,4070,4158
816,2018-04-01,9,3037,3046
816,2018-04-02,19,3214,3233
816,2018-04-03,198,5403,5601
816,2018-04-04,234,5722,5956
816,2018-04-06,202,5800,6002
816,2018-04-07,79,4238,4317
816,2018-04-08,10,3453,3463
816,2018-04-09,224,5846,6070
816,2018-04-10,211,6187,6398
816,2018-04-11,209,6247,6456
816,2018-04-13,260,6780,7040
816,2018-04-14,93,4602,4695
816,2018-04-15,18,3531,3549
816,2018-04-16,265,6797,7062
816,2018-04-17,245,7213,7458
816,2018-04-18,244,7239,7483
816,2018-04-19,229,7312,7541
816,2018-04-20,228,7532,7760
816,2018-04-21,96,5267,5363
816,2018-04-22,22,3912,3934
816,2018-04-23,230,6947,7177
816,2018-04-24,232,7193,7425
816,2018-04-25,267,6928,7195
816,2018-04-27,242,7438,7680
816,2018-04-28,114,5259,5373
816,2018-04-29,16,3412,3428
816,2018-04-30,250,6030,6280
816,2018-05-01,17,3401,3418
816,2018-05-02,277,7115,7392
816,2018-05-03,249,7290,7539
816,2018-05-04,253,7637,7890
816,2018-05-05,88,5357,5445
816,2018-05-06,41,4304,4345
816,2018-05-07,231,6808,7039
816,2018-05-08,238,7109,7347
816,2018-05-09,226,7712,7938
816,2018-05-10,21,4423,4444
816,2018-05-11,212,6387,6599
816,2018-05-12,119,4778,4897
816,2018-05-13,14,3330,3344
816,2018-05-14,220,6587,6807
816,2018-05-15,240,6901,7141
816,2018-05-16,240,6810,7050
816,2018-05-18,235,7372,7607
816,2018-05-19,94,4712,4806
816,2018-05-20,16,3466,3482
816,2018-05-21,36,3248,3284
816,2018-05-22,229,6147,6376
816,2018-05-23,158,6096,6254
816,2018-05-24,221,6190,6411
816,2018-05-25,232,6290,6522
816,2018-05-26,91,4782,4873
816,2018-05-27,13,3184,3197
816,2018-05-28,206,6672,6878
816,2018-05-29,241,6947,7188
816,2018-05-30,235,7024,7259
816,2018-06-01,278,7150,7428
816,2018-06-02,85,4847,4932
816,2018-06-03,16,3735,3751
816,2018-06-04,230,6322,6552
816,2018-06-05,229,6794,7023
816,2018-06-06,324,6792,7116
816,2018-06-07,358,7148,7506
816,2018-06-08,203,7109,7312
816,2018-06-09,138,5648,5786
816,2018-06-10,22,4478,4500
816,2018-06-11,302,6528,6830
816,2018-06-12,180,6238,6418
816,2018-06-13,219,6657,6876
816,2018-06-15,221,7012,7233
816,2018-06-16,120,4988,5108
816,2018-06-17,28,3631,3659
816,2018-06-18,206,6467,6673
816,2018-06-19,235,6795,7030
816,2018-06-20,231,6811,7042
816,2018-06-21,239,6745,6984
816,2018-06-22,218,6958,7176
816,2018-06-23,29,3344,3373
816,2018-06-24,14,3481,3495
816,2018-06-25,253,6531,6784
816,2018-06-26,247,7116,7363
816,2018-06-27,271,6912,7183
816,2018-06-29,238,7408,7646
816,2018-06-30,96,5176,5272
816,2018-07-01,14,4711,4725
816,2018-07-02,220,5221,5441
816,2018-07-03,209,5511,5720
816,2018-07-04,276,5160,5436
816,2018-07-05,270,5684,5954
816,2018-07-06,197,6713,6910
816,2018-07-07,110,5250,5360
816,2018-07-08,14,4429,4443
816,2018-07-09,213,6373,6586
816,2018-07-10,214,6783,6997
816,2018-07-11,247,6787,7034
816,2018-07-13,213,6907,7120
816,2018-07-14,97,4903,5000
816,2018-07-15,19,3690,3709
816,2018-07-16,207,6110,6317
816,2018-07-17,198,6251,6449
816,2018-07-18,77,1803,1880
816,2018-07-19,24,765,789
816,2018-07-20,33,2028,2061
816,2018-07-21,152,4136,4288
816,2018-07-22,19,3416,3435
816,2018-07-23,228,5582,5810
816,2018-07-24,216,6232,6448
816,2018-07-25,238,6148,6386
816,2018-07-27,155,6014,6169
816,2018-07-28,88,3937,4025
816,2018-07-29,11,3191,3202
816,2018-07-30,137,5106,5243
816,2018-07-31,154,5494,5648
816,2018-08-01,135,5399,5534
816,2018-08-02,148,5282,5430
816,2018-08-03,129,5213,5342
816,2018-08-04,85,4007,4092
816,2018-08-05,8,3183,3191
816,2018-08-06,129,4864,4993
816,2018-08-07,123,4905,5028
816,2018-08-08,184,5140,5324
816,2018-08-10,125,5085,5210
816,2018-08-11,77,3700,3777
816,2018-08-12,15,3323,3338
816,2018-08-13,198,4632,4830
816,2018-08-14,133,5036,5169
816,2018-08-15,13,3098,3111
816,2018-08-16,123,4897,5020
816,2018-08-17,108,4917,5025
816,2018-08-18,69,3738,3807
816,2018-08-19,12,3098,3110
816,2018-08-20,151,5123,5274
816,2018-08-21,141,5348,5489
816,2018-08-22,158,5491,5649
816,2018-08-23,184,5518,5702
816,2018-08-24,237,5363,5600
816,2018-08-25,78,3787,3865
816,2018-08-26,18,3553,3571
816,2018-08-27,246,5546,5792
816,2018-08-28,176,5758,5934
816,2018-08-29,214,5440,5654
816,2018-08-30,220,5678,5898
816,2018-08-31,194,5775,5969
816,2018-09-01,137,4173,4310
816,2018-09-02,46,3600,3646
816,2018-09-03,202,5369,5571
816,2018-09-04,204,5738,5942
816,2018-09-05,193,5849,6042
816,2018-09-07,197,5992,6189
816,2018-09-08,97,4225,4322
816,2018-09-09,20,3714,3734
816,2018-09-10,184,6053,6237
816,2018-09-11,216,6386,6602
816,2018-09-12,202,6297,6499
816,2018-09-13,195,6323,6518
816,2018-09-14,212,6486,6698
816,2018-09-15,120,4807,4927
816,2018-09-16,16,3934,3950
816,2018-09-17,271,6674,6945
816,2018-09-18,264,7580,7844
816,2018-09-19,219,7512,7731
816,2018-09-21,238,7734,7972
816,2018-09-22,77,5383,5460
816,2018-09-24,255,7133,7388
816,2018-09-25,231,7450,7681
816,2018-09-26,239,7351,7590
816,2018-09-27,224,7309,7533
816,2018-09-28,234,7897,8131
816,2018-09-29,74,5217,5291
816,2018-09-30,12,5001,5013
816,2018-10-01,277,7114,7391
816,2018-10-02,262,7681,7943
816,2018-10-03,284,7508,7792
816,2018-10-05,224,7740,7964
816,2018-10-06,93,5085,5178
816,2018-10-07,12,3762,3774
816,2018-10-08,251,6778,7029
816,2018-10-09,203,7086,7289
816,2018-10-10,228,6958,7186
816,2018-10-11,204,7087,7291
816,2018-10-12,224,7185,7409
816,2018-10-13,80,4931,5011
816,2018-10-14,11,3789,3800
816,2018-10-15,235,6861,7096
816,2018-11-01,30,3068,3098
816,2018-11-02,365,4937,5302
816,2018-11-03,219,4008,4227
816,2018-11-04,31,3099,3130
816,2018-11-05,587,6403,6990
816,2018-11-06,607,6942,7549
816,2018-11-07,617,6747,7364
816,2018-11-08,693,7275,7968
816,2018-11-09,571,7273,7844
816,2018-11-10,199,4876,5075
816,2018-11-11,58,3685,3743
816,2018-11-12,568,6788,7356
816,2018-11-13,618,7007,7625
816,2018-11-14,639,6898,7537
816,2018-11-15,652,7126,7778
816,2018-11-16,642,7281,7923
816,2018-11-17,230,5298,5528
816,2018-11-18,38,3814,3852
816,2018-11-19,569,6168,6737
816,2018-11-20,565,6865,7430
816,2018-11-21,640,6595,7235
816,2018-11-22,617,6849,7466
816,2018-11-23,537,7267,7804
816,2018-11-24,190,4867,5057
816,2018-11-25,37,3357,3394
816,2018-11-26,528,6544,7072
816,2018-11-27,600,6832,7432
816,2018-11-28,567,7029,7596
816,2018-11-29,544,7078,7622
816,2018-11-30,573,7067,7640
816,2018-12-01,219,4828,5047
816,2018-12-02,40,3630,3670
816,2018-12-03,610,6564,7174
816,2018-12-04,535,6811,7346
816,2018-12-05,577,6698,7275
816,2018-12-06,499,6710,7209
816,2018-12-07,550,6962,7512
816,2018-12-08,177,4780,4957
816,2018-12-09,24,3380,3404
816,2018-12-10,610,6383,6993
816,2018-12-11,555,6736,7291
816,2018-12-12,603,6684,7287
816,2018-12-13,672,6822,7494
816,2018-12-14,661,6938,7599
816,2018-12-15,206,4596,4802
816,2018-12-16,29,2855,2884
816,2018-12-17,566,6352,6918
816,2018-12-18,565,7049,7614
816,2018-12-19,605,7035,7640
816,2018-12-20,505,7251,7756
816,2018-12-21,389,6791,7180
816,2018-12-22,146,4431,4577
816,2018-12-23,30,3042,3072
816,2018-12-24,192,4385,4577
816,2018-12-25,25,2971,2996
816,2018-12-26,29,2694,2723
816,2018-12-27,250,4368,4618
816,2018-12-28,263,4408,4671
816,2018-12-29,160,3458,3618
816,2018-12-30,32,2727,2759
816,2018-12-31,183,3961,4144
818,2018-01-01,12,1468,1480
818,2018-01-02,158,3250,3408
818,2018-01-03,198,3244,3442
818,2018-01-04,186,3196,3382
818,2018-01-05,194,3696,3890
818,2018-01-06,108,2390,2498
818,2018-01-07,11,1975,1986
818,2018-01-08,236,3910,4146
818,2018-01-09,254,4200,4454
818,2018-01-10,246,4021,4267
818,2018-01-12,250,4283,4533
818,2018-01-13,129,2554,2683
818,2018-01-14,15,1899,1914
818,2018-01-15,304,3854,4158
818,2018-01-16,376,3980,4356
818,2018-01-17,264,3958,4222
818,2018-01-18,394,3806,4200
818,2018-01-19,286,4274,4560
818,2018-01-20,98,2529,2627
818,2018-01-21,18,1777,1795
818,2018-01-22,336,3760,4096
818,2018-01-23,276,4143,4419
818,2018-01-24,267,4163,4430
818,2018-01-25,253,4183,4436
818,2018-01-26,297,4243,4540
818,2018-01-27,135,2680,2815
818,2018-01-28,13,1910,1923
818,2018-01-29,297,4105,4402
818,2018-01-30,288,4378,4666
818,2018-01-31,293,4219,4512
818,2018-02-01,253,4402,4655
818,2018-02-02,295,4278,4573
818,2018-02-03,124,2700,2824
818,2018-02-04,21,1800,1821
818,2018-02-05,284,3954,4238
818,2018-02-06,223,3771,3994
818,2018-02-07,208,3961,4169
818,2018-02-09,239,3885,4124
818,2018-02-10,122,2268,2390
818,2018-02-11,18,1475,1493
818,2018-02-12,203,3132,3335
818,2018-02-13,230,3333,3563
818,2018-02-14,221,3571,3792
818,2018-02-15,187,3295,3482
818,2018-02-16,215,3590,3805
818,2018-02-17,127,2092,2219
818,2018-02-18,15,1939,1954
818,2018-02-19,252,3893,4145
818,2018-02-20,262,4193,4455
818,2018-02-21,305,4124,4429
818,2018-02-23,302,4299,4601
818,2018-02-24,167,2662,2829
818,2018-02-25,16,1970,1986
818,2018-02-26,282,3987,4269
818,2018-02-27,316,4084,4400
818,2018-02-28,295,4104,4399
818,2018-03-01,270,4146,4416
818,2018-03-02,248,3755,4003
818,2018-03-03,125,2622,2747
818,2018-03-04,11,1829,1840
818,2018-03-05,310,4039,4349
818,2018-03-06,341,4269,4610
818,2018-03-07,289,4091,4380
818,2018-03-09,293,4438,4731
818,2018-03-10,115,2830,2945
818,2018-03-11,15,1957,1972
818,2018-03-12,342,3999,4341
818,2018-03-13,282,4539,4821
818,2018-03-14,303,4251,4554
818,2018-03-15,295,4497,4792
818,2018-03-16,295,4438,4733
818,2018-03-17,126,2656,2782
818,2018-03-18,17,1848,1865
818,2018-03-19,271,4276,4547
818,2018-03-20,268,4403,4671
818,2018-03-21,420,5266,5686
818,2018-03-22,420,5061,5481
818,2018-03-23,313,4473,4786
818,2018-03-24,154,2989,3143
818,2018-03-26,285,4217,4502
818,2018-03-27,277,4404,4681
818,2018-03-28,292,4320,4612
818,2018-03-31,137,2608,2745
818,2018-04-01,36,2027,2063
818,2018-04-02,25,2211,2236
818,2018-04-03,150,2965,3115
818,2018-04-04,161,2833,2994
818,2018-04-06,191,3250,3441
818,2018-04-07,148,2716,2864
818,2018-04-08,22,2238,2260
818,2018-04-09,254,3737,3991
818,2018-04-10,260,3898,4158
818,2018-04-11,242,4021,4263
818,2018-04-13,282,4210,4492
818,2018-04-14,147,2878,3025
818,2018-04-15,18,2286,2304
818,2018-04-16,411,4511,4922
818,2018-04-17,379,4617,4996
818,2018-04-18,339,4673,5012
818,2018-04-19,318,4773,5091
818,2018-04-20,304,4866,5170
818,2018-04-21,175,3340,3515
818,2018-04-22,39,2535,2574
818,2018-04-23,293,4477,4770
818,2018-04-24,303,4488,4791
818,2018-04-25,293,4334,4627
818,2018-04-27,286,4674,4960
818,2018-04-28,189,3235,3424
818,2018-04-29,32,2412,2444
818,2018-04-30,244,3570,3814
818,2018-05-01,19,2152,2171
818,2018-05-02,414,4809,5223
818,2018-05-03,410,4838,5248
818,2018-05-04,370,4919,5289
818,2018-05-05,164,3421,3585
818,2018-05-06,69,2995,3064
818,2018-05-07,305,4474,4779
818,2018-05-08,316,4480,4796
818,2018-05-09,300,4910,5210
818,2018-05-10,39,3195,3234
818,2018-05-11,242,4086,4328
818,2018-05-12,163,2998,3161
818,2018-05-13,30,2160,2190
818,2018-05-14,312,4265,4577
818,2018-05-15,315,4496,4811
818,2018-05-16,422,4188,4610
818,2018-05-18,327,4806,5133
818,2018-05-19,162,2991,3153
818,2018-05-20,34,2244,2278
818,2018-05-21,24,2168,2192
818,2018-05-22,369,3913,4282
818,2018-05-23,434,3850,4284
818,2018-05-24,293,4072,4365
818,2018-05-25,324,4160,4484
818,2018-05-26,218,3163,3381
818,2018-05-27,21,2211,2232
818,2018-05-28,378,4278,4656
818,2018-05-29,382,4548,4930
818,2018-05-30,324,4722,5046
818,2018-06-01,354,4644,4998
818,2018-06-02,153,3436,3589
818,2018-06-03,26,2776,2802
818,2018-06-04,297,4368,4665
818,2018-06-05,315,4655,4970
818,2018-06-06,312,4460,4772
818,2018-06-07,332,4428,4760
818,2018-06-08,263,4701,4964
818,2018-06-09,166,3806,3972
818,2018-06-10,28,2816,2844
818,2018-06-11,352,4066,4418
818,2018-06-12,322,4192,4514
818,2018-06-13,321,4500,4821
818,2018-06-15,316,4720,5036
818,2018-06-16,184,3614,3798
818,2018-06-17,61,2514,2575
818,2018-06-18,283,4287,4570
818,2018-06-19,321,4548,4869
818,2018-06-20,333,4583,4916
818,2018-06-21,331,4450,4781
818,2018-06-22,291,4591,4882
818,2018-06-23,25,2293,2318
818,2018-06-24,23,2445,2468
818,2018-06-25,306,4456,4762
818,2018-06-26,353,4845,5198
818,2018-06-27,331,4634,4965
818,2018-06-29,301,5034,5335
818,2018-06-30,143,3125,3268
818,2018-07-01,33,3275,3308
818,2018-07-02,287,3882,4169
818,2018-07-03,285,4228,4513
818,2018-07-04,344,3956,4300
818,2018-07-05,287,4312,4599
818,2018-07-06,301,4537,4838
818,2018-07-07,163,3776,3939
818,2018-07-08,23,3009,3032
818,2018-07-09,299,4343,4642
818,2018-07-10,274,4561,4835
818,2018-07-11,279,4435,4714
818,2018-07-13,290,4585,4875
818,2018-07-14,175,3382,3557
818,2018-07-15,38,2808,2846
818,2018-07-16,243,4085,4328
818,2018-07-17,299,4314,4613
818,2018-07-18,224,2862,3086
818,2018-07-19,200,2360,2560
818,2018-07-20,205,2396,2601
818,2018-07-21,151,2637,2788
818,2018-07-22,48,2355,2403
818,2018-07-23,298,3998,4296
818,2018-07-24,285,4606,4891
818,2018-07-25,318,4567,4885
818,2018-07-27,206,4279,4485
818,2018-07-28,134,2723,2857
818,2018-07-29,21,2405,2426
818,2018-07-30,178,3743,3921
818,2018-07-31,214,3853,4067
818,2018-08-01,205,3762,3967
818,2018-08-02,197,3738,3935
818,2018-08-04,142,2839,2981
818,2018-08-05,19,2427,2446
818,2018-08-06,185,3390,3575
818,2018-08-07,252,3260,3512
818,2018-08-08,200,3330,3530
818,2018-08-10,183,3341,3524
818,2018-08-11,126,2394,2520
818,2018-08-12,36,2246,2282
818,2018-08-13,216,2986,3202
818,2018-08-14,224,3298,3522
818,2018-08-15,24,1911,1935
818,2018-08-16,186,3216,3402
818,2018-08-17,179,3122,3301
818,2018-08-18,128,2346,2474
818,2018-08-19,26,1990,2016
818,2018-08-20,229,3295,3524
818,2018-08-21,205,3546,3751
818,2018-08-22,208,3649,3857
818,2018-08-23,237,3707,3944
818,2018-08-24,248,3556,3804
818,2018-08-25,136,2380,2516
818,2018-08-26,23,2213,2236
818,2018-08-27,250,3529,3779
818,2018-08-28,247,3724,3971
818,2018-08-29,298,3564,3862
818,2018-08-30,247,3815,4062
818,2018-08-31,258,3880,4138
818,2018-09-01,148,2746,2894
818,2018-09-02,21,2369,2390
818,2018-09-03,225,3626,3851
818,2018-09-04,260,3856,4116
818,2018-09-05,263,3924,4187
818,2018-09-07,269,3988,4257
818,2018-09-08,159,2845,3004
818,2018-09-09,39,2358,2397
818,2018-09-10,269,4022,4291
818,2018-09-11,263,4342,4605
818,2018-09-12,250,4268,4518
818,2018-09-13,261,4150,4411
818,2018-09-14,296,4261,4557
818,2018-09-15,146,2991,3137
818,2018-09-16,29,2526,2555
818,2018-09-17,301,4582,4883
818,2018-09-18,318,5248,5566
818,2018-09-19,301,5198,5499
818,2018-09-21,286,5376,5662
818,2018-09-22,171,3826,3997
818,2018-09-23,32,1972,2004
818,2018-09-24,286,4899,5185
818,2018-09-25,295,5133,5428
818,2018-09-26,337,5099,5436
818,2018-09-27,488,6784,7272
818,2018-09-28,319,5322,5641
818,2018-09-29,156,4150,4306
818,2018-09-30,31,3806,3837
818,2018-10-01,322,5053,5375
818,2018-10-02,306,5407,5713
818,2018-10-03,310,5347,5657
818,2018-10-05,288,5453,5741
818,2018-10-06,144,3477,3621
818,2018-10-07,33,2420,2453
818,2018-10-08,322,4690,5012
818,2018-10-09,299,4773,5072
818,2018-10-10,299,4811,5110
818,2018-10-11,309,4860,5169
818,2018-10-12,322,4870,5192
818,2018-10-13,137,3224,3361
818,2018-10-14,18,2574,2592
818,2018-10-15,353,4649,5002
818,2018-10-16,326,5016,5342
818,2018-10-17,357,4737,5094
818,2018-10-19,328,4975,5303
818,2018-10-20,125,3063,3188
818,2018-10-21,16,2482,2498
818,2018-10-22,390,4916,5306
818,2018-10-23,330,4782,5112
818,2018-10-24,343,4709,5052
818,2018-10-25,336,4849,5185
818,2018-10-26,344,4834,5178
818,2018-10-27,140,3006,3146
818,2018-10-28,13,1934,1947
818,2018-10-29,184,504,688
818,2018-10-30,106,126,232
818,2018-10-31,120,107,227
818,2018-11-02,110,1213,1323
818,2018-11-03,137,2399,2536
818,2018-11-04,20,1959,1979
818,2018-11-05,211,2963,3174
818,2018-11-06,280,4590,4870
818,2018-11-07,309,4704,5013
818,2018-11-08,349,4985,5334
818,2018-11-09,291,4894,5185
818,2018-11-10,194,3276,3470
818,2018-11-11,59,2397,2456
818,2018-11-12,296,4653,4949
818,2018-11-13,331,4664,4995
818,2018-11-14,306,4616,4922
818,2018-11-16,304,4926,5230
818,2018-11-17,136,3518,3654
818,2018-11-18,18,2564,2582
818,2018-11-19,486,6723,7209
818,2018-11-20,481,7206,7687
818,2018-11-21,280,4596,4876
818,2018-11-22,287,4923,5210
818,2018-11-23,293,5049,5342
818,2018-11-24,126,3096,3222
818,2018-11-25,14,2140,2154
818,2018-11-26,260,4432,4692
818,2018-11-27,300,4608,4908
818,2018-11-28,299,4808,5107
818,2018-11-29,311,4909,5220
818,2018-11-30,280,4733,5013
818,2018-12-01,132,2895,3027
818,2018-12-02,18,2366,2384
818,2018-12-03,380,4206,4586
818,2018-12-04,314,4444,4758
818,2018-12-05,277,4566,4843
818,2018-12-07,350,4240,4590
818,2018-12-08,142,2916,3058
818,2018-12-09,16,2234,2250
818,2018-12-10,272,4360,4632
818,2018-12-11,298,4712,5010
818,2018-12-12,319,4611,4930
818,2018-12-13,291,4717,5008
818,2018-12-14,307,4669,4976
818,2018-12-15,131,2889,3020
818,2018-12-16,22,1738,1760
818,2018-12-17,295,4442,4737
818,2018-12-18,308,5063,5371
818,2018-12-19,354,4602,4956
818,2018-12-20,260,4844,5104
818,2018-12-21,204,4418,4622
818,2018-12-22,128,2626,2754
818,2018-12-23,20,1926,1946
818,2018-12-24,153,2845,2998
818,2018-12-25,17,1798,1815
818,2018-12-26,14,1631,1645
818,2018-12-27,165,2891,3056
818,2018-12-28,158,2837,2995
818,2018-12-29,127,2038,2165
818,2018-12-30,18,1693,1711
818,2018-12-31,132,2391,2523
820,2018-01-13,127,2403,2530
820,2018-01-14,25,1972,1997
820,2018-01-15,288,3934,4222
820,2018-01-16,255,4063,4318
820,2018-01-17,314,3876,4190
820,2018-01-18,284,3834,4118
820,2018-01-19,294,4025,4319
820,2018-01-20,134,2239,2373
820,2018-01-21,37,1825,1862
820,2018-01-22,275,3937,4212
820,2018-01-23,274,4106,4380
820,2018-01-24,288,3841,4129
820,2018-01-25,270,3990,4260
820,2018-05-01,60,2193,2253
820,2018-05-02,401,4483,4884
820,2018-05-03,425,4699,5124
820,2018-05-04,451,4860,5311
820,2018-05-05,258,3676,3934
820,2018-05-06,136,3728,3864
820,2018-05-07,409,4869,5278
820,2018-05-08,459,4950,5409
820,2018-05-09,469,5156,5625
820,2018-05-10,87,3084,3171
820,2018-05-11,329,4373,4702
820,2018-05-12,206,3351,3557
820,2018-05-13,63,2307,2370
820,2018-05-14,423,4520,4943
820,2018-05-15,390,4685,5075
820,2018-05-16,392,4537,4929
820,2018-05-17,395,4904,5299
820,2018-05-18,406,4976,5382
820,2018-05-19,295,3511,3806
820,2018-05-20,91,3481,3572
820,2018-05-21,73,2965,3038
820,2018-05-22,384,4406,4790
820,2018-05-23,356,4297,4653
820,2018-05-24,376,4475,4851
820,2018-05-25,380,4541,4921
820,2018-05-26,181,3648,3829
820,2018-05-27,82,2663,2745
820,2018-05-28,379,4741,5120
820,2018-05-29,404,4648,5052
820,2018-05-30,403,4809,5212
820,2018-05-31,314,4799,5113
820,2018-06-01,338,4851,5189
820,2018-06-02,143,3292,3435
820,2018-06-03,50,3362,3412
820,2018-06-04,425,4617,5042
820,2018-06-05,305,4921,5226
820,2018-06-06,345,4707,5052
820,2018-06-07,378,4765,5143
820,2018-06-08,414,4910,5324
820,2018-06-09,159,3351,3510
820,2018-06-10,34,2778,2812
820,2018-06-11,320,4477,4797
820,2018-06-12,328,4577,4905
820,2018-06-13,368,4650,5018
820,2018-06-14,311,4596,4907
820,2018-06-15,391,4861,5252
820,2018-06-16,172,3183,3355
820,2018-06-17,58,2614,2672
820,2018-06-18,342,4437,4779
820,2018-06-19,420,4381,4801
820,2018-06-20,395,4803,5198
820,2018-06-21,428,4629,5057
820,2018-06-22,463,4878,5341
820,2018-06-23,87,2675,2762
820,2018-06-24,73,2790,2863
820,2018-06-25,457,4527,4984
820,2018-06-26,399,4765,5164
820,2018-06-27,404,4919,5323
820,2018-06-28,387,5116,5503
820,2018-06-29,368,5124,5492
820,2018-06-30,154,4350,4504
820,2018-07-01,54,4733,4787
820,2018-07-02,308,4924,5232
820,2018-07-03,416,4848,5264
820,2018-07-04,346,4805,5151
820,2018-07-05,365,4599,4964
820,2018-07-06,514,4846,5360
820,2018-07-07,166,3953,4119
820,2018-07-08,41,4461,4502
820,2018-07-09,308,4658,4966
820,2018-07-10,321,4451,4772
820,2018-07-11,323,4620,4943
820,2018-07-12,313,4816,5129
820,2018-07-13,403,5034,5437
820,2018-07-14,167,3769,3936
820,2018-07-15,67,3409,3476
820,2018-07-16,303,4700,5003
820,2018-07-17,319,4622,4941
820,2018-07-18,304,4728,5032
820,2018-07-19,355,5090,5445
820,2018-07-20,324,4546,4870
820,2018-07-21,195,3368,3563
820,2018-07-22,60,3829,3889
820,2018-07-23,324,4544,4868
820,2018-07-24,332,5041,5373
820,2018-07-25,351,4923,5274
820,2018-07-26,361,4823,5184
820,2018-07-27,321,4645,4966
820,2018-07-28,166,3029,3195
820,2018-07-29,52,3029,3081
820,2018-07-30,284,3806,4090
820,2018-07-31,299,3897,4196
820,2018-08-01,313,3873,4186
820,2018-08-02,281,3962,4243
820,2018-08-03,260,4066,4326
820,2018-08-04,147,2911,3058
820,2018-08-05,59,2948,3007
820,2018-08-06,281,3646,3927
820,2018-08-07,305,3667,3972
820,2018-08-08,276,3510,3786
820,2018-08-09,281,3607,3888
820,2018-08-10,257,3821,4078
820,2018-08-11,161,2605,2766
820,2018-08-12,46,3080,3126
820,2018-08-13,263,3454,3717
820,2018-08-14,351,3482,3833
820,2018-08-15,72,2898,2970
820,2018-08-16,317,3612,3929
820,2018-08-17,304,3703,4007
820,2018-08-18,176,2703,2879
820,2018-08-19,50,2637,2687
820,2018-08-20,380,3756,4136
820,2018-08-21,308,3774,4082
820,2018-08-22,278,3995,4273
820,2018-08-23,319,3861,4180
820,2018-08-24,288,3942,4230
820,2018-08-25,178,2519,2697
820,2018-08-26,58,2523,2581
820,2018-08-27,297,3894,4191
820,2018-08-28,313,4180,4493
820,2018-08-29,274,3868,4142
820,2018-08-30,281,4007,4288
820,2018-08-31,360,4411,4771
820,2018-09-01,154,2894,3048
820,2018-09-02,45,2663,2708
820,2018-09-03,408,3954,4362
820,2018-09-04,334,4119,4453
820,2018-09-05,278,4017,4295
820,2018-09-06,354,4157,4511
820,2018-09-07,373,4236,4609
820,2018-09-08,162,2742,2904
820,2018-09-09,97,2618,2715
820,2018-09-10,400,4205,4605
820,2018-09-11,387,4234,4621
820,2018-09-12,388,4479,4867
820,2018-09-13,472,4359,4831
820,2018-09-14,382,4485,4867
820,2018-09-15,239,2943,3182
820,2018-09-16,55,3088,3143
820,2018-09-17,357,5043,5400
820,2018-09-18,307,5109,5416
820,2018-09-19,386,5149,5535
820,2018-09-20,391,5229,5620
820,2018-09-21,398,5279,5677
820,2018-09-22,179,2772,2951
820,2018-09-23,52,1917,1969
820,2018-09-24,343,4904,5247
820,2018-09-25,350,5067,5417
820,2018-09-26,457,4932,5389
820,2018-09-27,327,5097,5424
820,2018-09-28,395,5146,5541
820,2018-09-29,216,2989,3205
820,2018-09-30,61,2673,2734
820,2018-10-01,366,4825,5191
820,2018-10-02,356,4935,5291
820,2018-10-03,351,4845,5196
820,2018-10-04,336,5059,5395
820,2018-10-05,381,5077,5458
820,2018-10-06,183,2998,3181
820,2018-10-07,56,2637,2693
820,2018-10-08,333,4650,4983
820,2018-10-09,317,4746,5063
820,2018-10-10,340,4612,4952
820,2018-10-11,358,4731,5089
820,2018-10-12,344,4858,5202
820,2018-10-13,142,3012,3154
820,2018-10-14,49,2762,2811
820,2018-10-15,310,4623,4933
820,2018-10-16,343,4734,5077
820,2018-10-17,317,4790,5107
820,2018-10-18,386,4742,5128
820,2018-10-19,365,4956,5321
820,2018-10-20,172,2987,3159
820,2018-10-21,42,2554,2596
820,2018-10-22,388,4555,4943
820,2018-10-23,409,4660,5069
820,2018-10-24,290,4653,4943
820,2018-10-25,338,4655,4993
820,2018-10-26,365,4702,5067
820,2018-10-27,232,2704,2936
820,2018-10-28,40,2246,2286
820,2018-10-29,266,4265,4531
820,2018-10-30,251,4117,4368
820,2018-11-01,44,2098,2142
820,2018-11-02,248,3385,3633
820,2018-11-03,168,2532,2700
820,2018-11-04,49,2346,2395
820,2018-11-05,341,4496,4837
820,2018-11-06,323,4665,4988
820,2018-11-07,293,4554,4847
820,2018-11-08,370,4572,4942
820,2018-11-09,456,4532,4988
820,2018-11-10,125,2594,2719
820,2018-11-11,39,1945,1984
820,2018-11-12,368,4248,4616
820,2018-11-13,308,4320,4628
820,2018-11-14,357,4226,4583
820,2018-11-15,303,4268,4571
820,2018-11-16,310,4422,4732
820,2018-11-17,149,2488,2637
820,2018-11-18,50,1933,1983
820,2018-11-19,332,4235,4567
820,2018-11-20,284,4188,4472
820,2018-11-21,341,4155,4496
820,2018-11-22,328,4295,4623
820,2018-11-23,357,4459,4816
820,2018-11-24,148,2685,2833
820,2018-11-25,28,2208,2236
820,2018-11-26,348,4196,4544
820,2018-11-27,312,4126,4438
820,2018-11-28,308,4190,4498
820,2018-11-29,296,4219,4515
820,2018-11-30,298,4386,4684
820,2018-12-01,153,2495,2648
820,2018-12-02,39,1758,1797
820,2018-12-03,292,4232,4524
820,2018-12-04,290,4419,4709
820,2018-12-05,264,4214,4478
820,2018-12-06,299,4248,4547
820,2018-12-07,288,4379,4667
820,2018-12-08,127,2372,2499
820,2018-12-09,32,1691,1723
820,2018-12-10,295,4129,4424
820,2018-12-11,298,4215,4513
820,2018-12-12,311,4254,4565
820,2018-12-13,360,4231,4591
820,2018-12-14,310,4321,4631
820,2018-12-15,159,2371,2530
820,2018-12-16,42,1578,1620
820,2018-12-17,269,4180,4449
820,2018-12-18,317,4233,4550
820,2018-12-19,308,4326,4634
820,2018-12-20,302,4177,4479
820,2018-12-21,266,4246,4512
820,2018-12-22,122,2231,2353
820,2018-12-23,27,1644,1671
820,2018-12-24,182,2432,2614
820,2018-12-25,29,1398,1427
820,2018-12-26,37,1634,1671
820,2018-12-27,181,2740,2921
820,2018-12-28,182,2817,2999
820,2018-12-29,125,2104,2229
820,2018-12-30,29,1583,1612
820,2018-12-31,119,2317,2436
822,2018-01-01,5,714,719
822,2018-01-02,54,1357,1411
822,2018-01-03,69,1377,1446
822,2018-01-04,45,1413,1458
822,2018-01-05,70,1630,1700
822,2018-01-06,9,1134,1143
822,2018-01-07,10,1087,1097
822,2018-01-08,95,1633,1728
822,2018-01-09,81,1609,1690
822,2018-01-10,115,1688,1803
822,2018-01-11,108,1665,1773
822,2018-01-12,102,1771,1873
822,2018-01-13,22,1234,1256
822,2018-01-14,4,1145,1149
822,2018-01-15,121,1605,1726
822,2018-01-16,96,1695,1791
822,2018-01-17,169,1670,1839
822,2018-01-18,118,1781,1899
822,2018-01-19,127,1698,1825
822,2018-01-20,25,1045,1070
822,2018-01-21,10,1115,1125
822,2018-01-22,112,1651,1763
822,2018-01-23,137,1772,1909
822,2018-01-24,138,1764,1902
822,2018-01-25,129,1783,1912
822,2018-01-26,119,1807,1926
822,2018-01-27,51,1317,1368
822,2018-01-28,9,1179,1188
822,2018-01-29,106,1701,1807
822,2018-01-30,132,1740,1872
822,2018-01-31,133,1759,1892
822,2018-02-01,100,1719,1819
822,2018-02-02,99,1765,1864
822,2018-02-03,36,1184,1220
822,2018-02-04,14,1183,1197
822,2018-02-05,96,1695,1791
822,2018-02-06,61,1500,1561
822,2018-02-07,98,1712,1810
822,2018-02-08,74,1711,1785
822,2018-02-09,86,1656,1742
822,2018-02-10,33,1153,1186
822,2018-02-11,11,923,934
822,2018-02-12,82,1352,1434
822,2018-02-13,60,1486,1546
822,2018-02-14,96,1504,1600
822,2018-02-15,94,1478,1572
822,2018-02-16,84,1673,1757
822,2018-02-17,24,1128,1152
822,2018-02-18,7,1167,1174
822,2018-02-19,117,1634,1751
822,2018-02-20,109,1708,1817
822,2018-02-21,116,1717,1833
822,2018-02-22,107,1810,1917
822,2018-02-23,98,1796,1894
822,2018-02-24,38,1330,1368
822,2018-02-25,12,1230,1242
822,2018-02-26,84,1665,1749
822,2018-02-27,67,1707,1774
822,2018-02-28,86,1745,1831
822,2018-03-01,83,1687,1770
822,2018-03-02,102,1523,1625
822,2018-03-03,20,1112,1132
822,2018-03-04,7,1175,1182
822,2018-03-05,102,1625,1727
822,2018-03-06,137,1786,1923
822,2018-03-07,105,1747,1852
822,2018-03-08,121,1740,1861
822,2018-03-09,134,1937,2071
822,2018-03-10,44,1236,1280
822,2018-03-11,7,1316,1323
822,2018-03-12,121,1745,1866
822,2018-03-13,133,1710,1843
822,2018-03-14,150,1864,2014
822,2018-03-15,185,1857,2042
822,2018-03-16,172,1886,2058
822,2018-03-17,38,1253,1291
822,2018-03-18,22,1197,1219
822,2018-03-19,127,1703,1830
822,2018-03-20,132,1751,1883
822,2018-03-21,136,1879,2015
822,2018-03-22,135,1825,1960
822,2018-03-23,170,1947,2117
822,2018-03-24,60,1569,1629
822,2018-03-26,129,1733,1862
822,2018-03-27,135,1777,1912
822,2018-03-28,130,1802,1932
822,2018-03-29,180,1886,2066
822,2018-03-30,187,1959,2146
822,2018-03-31,44,1235,1279
822,2018-04-01,8,1204,1212
822,2018-04-02,7,1216,1223
822,2018-04-03,124,1509,1633
822,2018-04-04,83,1549,1632
822,2018-04-05,155,1628,1783
822,2018-04-06,121,1718,1839
822,2018-04-07,47,1491,1538
822,2018-04-08,27,1534,1561
822,2018-04-09,129,1689,1818
822,2018-04-10,108,1634,1742
822,2018-04-11,158,1741,1899
822,2018-04-12,120,1662,1782
822,2018-04-13,139,1773,1912
822,2018-04-14,71,1408,1479
822,2018-04-15,14,1429,1443
822,2018-04-16,146,1737,1883
822,2018-04-17,123,1841,1964
822,2018-04-18,154,1934,2088
822,2018-04-19,127,2022,2149
822,2018-04-20,108,2082,2190
822,2018-04-21,71,1789,1860
822,2018-04-22,9,1617,1626
822,2018-04-23,131,1860,1991
822,2018-04-24,107,1865,1972
822,2018-04-25,133,1901,2034
822,2018-04-26,131,1914,2045
822,2018-04-27,139,1974,2113
822,2018-04-28,72,1704,1776
822,2018-04-29,24,1254,1278
822,2018-04-30,128,1586,1714
822,2018-05-01,19,1319,1338
822,2018-05-02,157,2038,2195
822,2018-05-03,172,2012,2184
822,2018-05-04,175,1995,2170
822,2018-05-05,123,1471,1594
822,2018-05-06,42,2016,2058
822,2018-05-07,147,1814,1961
822,2018-05-08,113,2038,2151
822,2018-05-09,142,2462,2604
822,2018-05-10,17,2944,2961
822,2018-05-11,90,2047,2137
822,2018-05-12,40,1464,1504
822,2018-05-13,11,1350,1361
822,2018-05-14,149,1884,2033
822,2018-05-15,105,1964,2069
822,2018-05-16,180,1944,2124
822,2018-05-17,139,1958,2097
822,2018-05-18,157,2078,2235
822,2018-05-19,117,1733,1850
822,2018-05-20,22,1553,1575
822,2018-05-21,21,1605,1626
822,2018-05-22,154,1732,1886
822,2018-05-23,120,1842,1962
822,2018-05-24,148,1836,1984
822,2018-05-25,182,1911,2093
822,2018-05-26,67,1735,1802
822,2018-05-27,26,1447,1473
822,2018-05-28,126,1940,2066
822,2018-05-29,134,2006,2140
822,2018-05-30,177,1960,2137
822,2018-06-21,166,1554,1720
822,2018-06-22,119,1668,1787
822,2018-06-23,21,1305,1326
822,2018-06-24,18,1349,1367
822,2018-06-25,245,2514,2759
822,2018-06-26,197,2999,3196
822,2018-06-27,226,3028,3254
822,2018-06-28,220,3029,3249
822,2018-06-29,251,3441,3692
822,2018-06-30,94,2586,2680
822,2018-07-01,19,2877,2896
822,2018-07-02,183,2784,2967
822,2018-07-03,225,3136,3361
822,2018-07-04,190,2600,2790
822,2018-07-05,172,2058,2230
822,2018-07-06,161,2088,2249
822,2018-07-07,53,1647,1700
822,2018-07-08,20,2030,2050
822,2018-07-09,168,1946,2114
822,2018-07-10,161,2046,2207
822,2018-07-11,194,2067,2261
822,2018-07-12,113,1955,2068
822,2018-07-13,168,2054,2222
822,2018-07-14,123,1543,1666
822,2018-07-15,18,1552,1570
822,2018-07-16,113,1532,1645
822,2018-07-17,116,1555,1671
822,2018-07-18,124,1542,1666
822,2018-07-19,117,1565,1682
822,2018-07-20,69,1540,1609
822,2018-07-21,31,1063,1094
822,2018-07-22,10,1317,1327
822,2018-07-23,113,1487,1600
822,2018-07-24,111,1516,1627
822,2018-07-25,129,1729,1858
822,2018-07-26,96,1717,1813
822,2018-07-27,87,1790,1877
822,2018-07-28,37,1308,1345
822,2018-07-29,18,1433,1451
822,2018-07-30,79,1528,1607
822,2018-07-31,65,1624,1689
822,2018-08-01,89,1559,1648
822,2018-08-02,76,1623,1699
822,2018-08-03,85,1543,1628
822,2018-08-04,31,1215,1246
822,2018-08-05,7,1487,1494
822,2018-08-06,60,1492,1552
822,2018-08-07,84,1473,1557
822,2018-08-09,60,1405,1465
822,2018-08-10,75,1527,1602
822,2018-08-11,30,1248,1278
822,2018-08-12,19,1352,1371
822,2018-08-13,77,1375,1452
822,2018-08-14,74,1425,1499
822,2018-08-15,22,1285,1307
822,2018-08-16,70,1407,1477
822,2018-08-17,74,1423,1497
822,2018-08-18,22,1182,1204
822,2018-08-19,14,1382,1396
822,2018-08-20,100,1318,1418
822,2018-08-21,104,1512,1616
822,2018-08-22,144,1656,1800
822,2018-08-23,153,1559,1712
822,2018-08-24,117,1560,1677
822,2018-08-25,89,1148,1237
822,2018-08-26,16,1375,1391
822,2018-08-27,118,1495,1613
822,2018-08-28,126,1714,1840
822,2018-08-29,139,1583,1722
822,2018-08-30,137,1604,1741
822,2018-08-31,174,1620,1794
822,2018-09-01,51,1378,1429
822,2018-09-02,77,1310,1387
822,2018-09-03,141,1484,1625
822,2018-09-04,124,1558,1682
822,2018-09-05,111,1704,1815
822,2018-09-06,144,1680,1824
822,2018-09-07,127,1579,1706
822,2018-09-08,114,1299,1413
822,2018-09-09,117,1553,1670
822,2018-09-10,169,1717,1886
822,2018-09-11,139,1745,1884
822,2018-09-12,115,1787,1902
822,2018-09-13,142,1864,2006
822,2018-09-14,142,1817,1959
822,2018-09-15,123,1493,1616
822,2018-09-16,24,1520,1544
822,2018-09-17,132,1851,1983
822,2018-09-18,142,1942,2084
822,2018-09-19,144,2060,2204
822,2018-09-20,200,2036,2236
822,2018-09-21,167,2079,2246
822,2018-09-22,66,1840,1906
822,2018-09-23,38,1262,1300
822,2018-09-24,188,1887,2075
822,2018-09-25,126,1910,2036
822,2018-09-26,232,1994,2226
822,2018-09-27,145,2098,2243
822,2018-09-28,239,2189,2428
822,2018-09-29,57,1596,1653
822,2018-09-30,24,1818,1842
822,2018-10-01,146,1923,2069
822,2018-10-02,172,1934,2106
822,2018-10-03,166,2010,2176
822,2018-10-04,173,2061,2234
822,2018-10-05,136,2288,2424
822,2018-10-06,71,1612,1683
822,2018-10-07,8,1446,1454
822,2018-10-08,131,1926,2057
822,2018-10-09,127,1948,2075
822,2018-10-10,170,2030,2200
822,2018-10-11,150,1983,2133
822,2018-10-12,150,2132,2282
822,2018-10-13,41,1642,1683
822,2018-10-14,12,1661,1673
822,2018-10-15,125,1885,2010
822,2018-10-16,228,2009,2237
822,2018-10-17,173,2001,2174
822,2018-10-18,136,1982,2118
822,2018-10-19,188,2132,2320
822,2018-10-20,43,1501,1544
822,2018-10-21,11,1429,1440
822,2018-10-22,187,1793,1980
822,2018-10-23,162,1886,2048
822,2018-10-24,205,2018,2223
822,2018-10-25,178,2050,2228
822,2018-10-26,171,2134,2305
822,2018-10-27,35,1279,1314
822,2018-10-28,9,1328,1337
822,2018-10-29,139,1557,1696
822,2018-10-30,114,1597,1711
822,2018-11-01,15,1302,1317
822,2018-11-02,70,1547,1617
822,2018-11-03,59,1342,1401
822,2018-11-04,19,1361,1380
822,2018-11-05,192,1737,1929
822,2018-11-06,214,1899,2113
822,2018-11-07,179,1820,1999
822,2018-11-08,183,1786,1969
822,2018-11-09,222,1983,2205
822,2018-11-10,22,1364,1386
822,2018-11-11,16,1273,1289
822,2018-11-12,129,1679,1808
822,2018-11-13,171,1755,1926
822,2018-11-14,138,1809,1947
822,2018-11-15,176,1828,2004
822,2018-11-16,137,1931,2068
822,2018-11-17,38,1416,1454
822,2018-11-18,11,1486,1497
822,2018-11-19,166,1656,1822
822,2018-11-20,149,1749,1898
822,2018-11-21,129,1879,2008
822,2018-11-22,139,1918,2057
822,2018-11-23,131,1979,2110
822,2018-11-24,32,1312,1344
822,2018-11-25,14,1154,1168
822,2018-11-26,115,1740,1855
822,2018-11-27,169,1808,1977
822,2018-11-28,154,1799,1953
822,2018-11-29,192,1908,2100
822,2018-11-30,184,1909,2093
822,2018-12-01,39,1221,1260
822,2018-12-02,5,1109,1114
822,2018-12-03,98,1762,1860
822,2018-12-04,127,1861,1988
822,2018-12-05,161,1883,2044
822,2018-12-06,178,1837,2015
822,2018-12-07,198,1942,2140
822,2018-12-08,39,1297,1336
822,2018-12-09,15,1190,1205
822,2018-12-10,151,1794,1945
822,2018-12-11,108,1853,1961
822,2018-12-12,186,1895,2081
822,2018-12-13,153,1899,2052
822,2018-12-14,168,1941,2109
822,2018-12-15,51,1284,1335
822,2018-12-16,12,872,884
822,2018-12-17,147,1712,1859
822,2018-12-18,120,1817,1937
822,2018-12-19,187,1742,1929
822,2018-12-20,173,1893,2066
822,2018-12-21,98,1784,1882
822,2018-12-22,32,1247,1279
822,2018-12-23,10,960,970
822,2018-12-24,45,1115,1160
822,2018-12-25,5,844,849
822,2018-12-26,7,897,904
822,2018-12-27,50,1148,1198
822,2018-12-28,53,1228,1281
822,2018-12-29,30,922,952
822,2018-12-30,6,909,915
822,2018-12-31,38,1018,1056
902,2018-01-01,40,1931,1971
902,2018-01-02,255,4066,4321
902,2018-01-03,306,4323,4629
902,2018-01-04,235,4343,4578
902,2018-01-05,270,4527,4797
902,2018-01-06,177,3342,3519
902,2018-01-07,56,2354,2410
902,2018-01-08,373,4377,4750
902,2018-01-09,384,4695,5079
902,2018-01-10,373,4499,4872
902,2018-01-11,383,4549,4932
902,2018-01-12,340,4820,5160
902,2018-01-13,203,3601,3804
902,2018-01-14,56,2712,2768
902,2018-01-15,332,4594,4926
902,2018-01-16,367,4676,5043
902,2018-01-17,386,4492,4878
902,2018-01-18,314,4727,5041
902,2018-01-19,373,4861,5234
902,2018-01-20,163,3191,3354
902,2018-01-21,52,2656,2708
902,2018-01-22,305,4496,4801
902,2018-01-23,367,4625,4992
902,2018-01-24,282,4761,5043
902,2018-01-25,270,4922,5192
902,2018-01-26,349,4874,5223
902,2018-01-27,218,4166,4384
902,2018-01-28,53,3080,3133
902,2018-01-29,363,4369,4732
902,2018-01-30,342,4871,5213
902,2018-01-31,305,4621,4926
902,2018-02-01,372,4783,5155
902,2018-02-02,370,4637,5007
902,2018-02-03,223,3846,4069
902,2018-02-04,56,2896,2952
902,2018-02-05,375,4504,4879
902,2018-02-06,323,4381,4704
902,2018-02-07,365,4458,4823
902,2018-02-08,356,4643,4999
902,2018-02-09,362,4616,4978
902,2018-02-10,206,3175,3381
902,2018-02-11,74,2488,2562
902,2018-02-12,290,3622,3912
902,2018-02-13,329,4448,4777
902,2018-02-14,404,4564,4968
902,2018-02-15,293,4247,4540
902,2018-02-16,384,4788,5172
902,2018-02-17,206,3310,3516
902,2018-02-18,54,2727,2781
902,2018-02-19,382,4391,4773
902,2018-02-20,392,4737,5129
902,2018-02-21,377,4568,4945
902,2018-02-22,409,4830,5239
902,2018-02-23,375,4943,5318
902,2018-02-24,206,3776,3982
902,2018-02-25,56,3058,3114
902,2018-02-26,354,4519,4873
902,2018-02-27,348,4736,5084
902,2018-02-28,381,4834,5215
902,2018-03-01,341,4733,5074
902,2018-03-02,345,4224,4569
902,2018-03-03,205,3546,3751
902,2018-03-04,37,2861,2898
902,2018-03-05,398,4582,4980
902,2018-03-06,375,4728,5103
902,2018-03-07,394,4635,5029
902,2018-03-08,374,4716,5090
902,2018-03-09,424,5042,5466
902,2018-03-10,208,3721,3929
902,2018-03-11,43,2805,2848
902,2018-03-12,367,4424,4791
902,2018-03-13,389,4778,5167
902,2018-03-14,424,4829,5253
902,2018-03-15,428,4885,5313
902,2018-03-16,397,4866,5263
902,2018-03-17,231,3831,4062
902,2018-03-18,67,2699,2766
902,2018-03-19,408,4507,4915
902,2018-03-20,485,4711,5196
902,2018-03-21,523,4796,5319
902,2018-03-22,486,4671,5157
902,2018-03-23,433,4993,5426
902,2018-03-24,204,4127,4331
902,2018-03-26,381,4530,4911
902,2018-03-27,372,4873,5245
902,2018-03-28,400,4808,5208
902,2018-03-29,423,5073,5496
902,2018-03-30,377,5189,5566
902,2018-03-31,257,3973,4230
902,2018-04-01,99,3353,3452
902,2018-04-02,114,3943,4057
902,2018-04-03,354,4558,4912
902,2018-04-04,353,4680,5033
902,2018-04-05,357,4643,5000
902,2018-04-06,392,4858,5250
902,2018-04-07,291,4141,4432
902,2018-04-08,119,3552,3671
902,2018-04-09,390,4369,4759
902,2018-04-10,476,4996,5472
902,2018-04-11,369,4820,5189
902,2018-04-12,390,4669,5059
902,2018-04-13,403,5038,5441
902,2018-04-14,214,4080,4294
902,2018-04-15,51,3536,3587
902,2018-04-16,364,4616,4980
902,2018-04-17,400,5135,5535
902,2018-04-18,414,4946,5360
902,2018-04-19,410,5289,5699
902,2018-04-20,446,5248,5694
902,2018-04-21,214,4446,4660
902,2018-04-22,54,3665,3719
902,2018-04-23,393,4743,5136
902,2018-04-24,396,5040,5436
902,2018-04-25,430,4963,5393
902,2018-04-26,425,5102,5527
902,2018-04-27,401,5505,5906
902,2018-04-28,201,4114,4315
902,2018-04-29,60,3676,3736
902,2018-04-30,315,4670,4985
902,2018-05-01,66,3075,3141
902,2018-05-02,413,5072,5485
902,2018-05-03,405,5233,5638
902,2018-05-04,385,5406,5791
902,2018-05-05,248,4729,4977
902,2018-05-06,53,4278,4331
902,2018-05-07,368,4864,5232
902,2018-05-08,409,5410,5819
902,2018-05-09,434,5750,6184
902,2018-05-10,64,3966,4030
902,2018-05-11,343,5810,6153
902,2018-05-12,220,4762,4982
902,2018-05-13,76,3311,3387
902,2018-05-14,370,4686,5056
902,2018-05-15,372,5110,5482
902,2018-05-16,415,5079,5494
902,2018-05-17,413,5354,5767
902,2018-05-18,410,5267,5677
902,2018-05-19,251,4575,4826
902,2018-05-20,62,3940,4002
902,2018-05-21,77,3584,3661
902,2018-05-22,394,4527,4921
902,2018-05-23,458,4767,5225
902,2018-05-24,383,4829,5212
902,2018-05-25,422,5022,5444
902,2018-05-26,249,4269,4518
902,2018-05-27,58,3395,3453
902,2018-05-28,422,4767,5189
902,2018-05-29,416,4989,5405
902,2018-05-30,414,5059,5473
902,2018-05-31,396,5234,5630
902,2018-06-01,421,5179,5600
902,2018-06-02,227,4561,4788
902,2018-06-03,66,3915,3981
902,2018-06-04,389,4901,5290
902,2018-06-05,357,5070,5427
902,2018-06-06,449,5074,5523
902,2018-06-07,472,4924,5396
902,2018-06-08,472,5352,5824
902,2018-06-09,238,4859,5097
902,2018-06-10,53,3844,3897
902,2018-06-11,362,4649,5011
902,2018-06-12,385,4871,5256
902,2018-06-13,426,4966,5392
902,2018-06-14,426,4906,5332
902,2018-06-15,426,5570,5996
902,2018-06-16,247,6822,7069
902,2018-06-17,70,3869,3939
902,2018-06-18,413,4674,5087
902,2018-06-19,484,5366,5850
902,2018-06-20,418,5150,5568
902,2018-06-21,523,5327,5850
902,2018-06-22,520,5419,5939
902,2018-06-23,65,3605,3670
902,2018-06-24,62,3863,3925
902,2018-06-25,444,4841,5285
902,2018-06-26,392,5182,5574
902,2018-06-27,471,5187,5658
902,2018-06-28,428,5329,5757
902,2018-06-29,457,5555,6012
902,2018-06-30,235,4803,5038
902,2018-07-01,65,3834,3899
902,2018-07-02,455,4966,5421
902,2018-07-03,315,4523,4838
902,2018-07-04,299,4246,4545
902,2018-07-05,363,4736,5099
902,2018-07-06,378,5188,5566
902,2018-07-07,225,4754,4979
902,2018-07-08,69,4121,4190
902,2018-07-09,376,4889,5265
902,2018-07-10,418,4509,4927
902,2018-07-11,353,4372,4725
902,2018-07-12,400,5228,5628
902,2018-07-13,408,5630,6038
902,2018-07-14,219,4526,4745
902,2018-07-15,68,3602,3670
902,2018-07-16,356,4860,5216
902,2018-07-17,384,5025,5409
902,2018-07-18,382,5161,5543
902,2018-07-19,362,5249,5611
902,2018-07-20,377,5203,5580
902,2018-07-21,217,4291,4508
902,2018-07-22,67,3975,4042
902,2018-07-23,345,5102,5447
902,2018-07-24,395,5132,5527
902,2018-07-25,347,5239,5586
902,2018-07-26,315,5271,5586
902,2018-07-27,301,5650,5951
902,2018-07-28,196,4647,4843
902,2018-07-29,82,3820,3902
902,2018-07-30,291,4470,4761
902,2018-07-31,314,4865,5179
902,2018-08-01,307,4905,5212
902,2018-08-02,323,4813,5136
902,2018-08-03,280,4868,5148
902,2018-08-04,200,4065,4265
902,2018-08-05,67,3811,3878
902,2018-08-06,283,4313,4596
902,2018-08-07,313,4518,4831
902,2018-08-08,360,4734,5094
902,2018-08-09,305,4512,4817
902,2018-08-10,294,4894,5188
902,2018-08-11,216,4324,4540
902,2018-08-12,67,3787,3854
902,2018-08-13,254,4163,4417
902,2018-08-14,290,4589,4879
902,2018-08-15,74,3579,3653
902,2018-08-16,290,4830,5120
902,2018-08-17,315,4921,5236
902,2018-08-18,207,4053,4260
902,2018-08-19,59,3609,3668
902,2018-08-20,350,4575,4925
902,2018-08-21,387,4924,5311
902,2018-08-22,347,4996,5343
902,2018-08-23,408,4838,5246
902,2018-08-24,426,4945,5371
902,2018-08-25,220,3659,3879
902,2018-08-26,62,3366,3428
902,2018-08-27,359,4424,4783
902,2018-08-28,347,4944,5291
902,2018-08-29,389,4751,5140
902,2018-08-30,423,4773,5196
902,2018-08-31,415,5067,5482
902,2018-09-01,241,4164,4405
902,2018-09-02,75,3769,3844
902,2018-09-03,396,4542,4938
902,2018-09-04,388,4860,5248
902,2018-09-05,412,4947,5359
902,2018-09-06,468,5087,5555
902,2018-09-07,424,5147,5571
902,2018-09-08,241,4639,4880
902,2018-09-09,35,1180,1215
902,2018-09-10,384,4931,5315
902,2018-09-11,405,5159,5564
902,2018-09-12,442,5146,5588
902,2018-09-13,497,5027,5524
902,2018-09-14,465,5468,5933
902,2018-09-15,239,4530,4769
902,2018-09-16,53,3862,3915
902,2018-09-17,441,4988,5429
902,2018-09-18,447,5318,5765
902,2018-09-19,425,5173,5598
902,2018-09-20,453,5244,5697
902,2018-09-21,413,5268,5681
902,2018-09-22,230,4084,4314
902,2018-09-23,82,2973,3055
902,2018-09-24,415,4731,5146
902,2018-09-25,489,5053,5542
902,2018-09-26,511,4921,5432
902,2018-09-27,481,5245,5726
902,2018-09-28,486,5164,5650
902,2018-09-29,248,4326,4574
902,2018-09-30,73,3521,3594
902,2018-10-01,518,4653,5171
902,2018-10-02,502,4792,5294
902,2018-10-03,488,4733,5221
902,2018-10-04,537,4915,5452
902,2018-10-05,584,5347,5931
902,2018-10-06,248,4494,4742
902,2018-10-07,73,3399,3472
902,2018-10-08,537,4845,5382
902,2018-10-09,511,5003,5514
902,2018-10-10,459,5119,5578
902,2018-10-11,390,5205,5595
902,2018-10-12,443,5273,5716
902,2018-10-13,217,4451,4668
902,2018-10-14,56,4133,4189
902,2018-10-15,407,4819,5226
902,2018-10-16,420,5066,5486
902,2018-10-17,447,4791,5238
902,2018-10-18,446,5218,5664
902,2018-10-19,452,5282,5734
902,2018-10-20,319,4408,4727
902,2018-10-21,115,3820,3935
902,2018-10-22,447,4637,5084
902,2018-10-23,444,4995,5439
902,2018-10-24,481,4963,5444
902,2018-10-25,475,5118,5593
902,2018-10-26,448,5266,5714
902,2018-10-27,216,3872,4088
902,2018-10-28,62,3067,3129
902,2018-10-29,471,4522,4993
902,2018-10-30,384,4556,4940
902,2018-11-01,51,2986,3037
902,2018-11-02,302,4612,4914
902,2018-11-03,238,3736,3974
902,2018-11-04,61,3428,3489
902,2018-11-05,412,4432,4844
902,2018-11-06,446,4793,5239
902,2018-11-07,455,4782,5237
902,2018-11-08,401,4791,5192
902,2018-11-10,193,3618,3811
902,2018-11-11,50,2797,2847
902,2018-11-12,394,4621,5015
902,2018-11-13,404,4836,5240
902,2018-11-14,443,4951,5394
902,2018-11-15,411,4708,5119
902,2018-11-16,430,4930,5360
902,2018-11-17,246,3849,4095
902,2018-11-18,57,3054,3111
902,2018-11-19,386,4598,4984
902,2018-11-20,391,4686,5077
902,2018-11-21,426,4711,5137
902,2018-11-22,391,4827,5218
902,2018-11-23,430,4974,5404
902,2018-11-24,220,3644,3864
902,2018-11-25,54,2633,2687
902,2018-11-26,388,4584,4972
902,2018-11-27,402,4815,5217
902,2018-11-28,458,4716,5174
902,2018-11-29,397,5008,5405
902,2018-11-30,423,5267,5690
902,2018-12-01,210,3637,3847
902,2018-12-02,49,2903,2952
902,2018-12-03,339,4479,4818
902,2018-12-04,389,4850,5239
902,2018-12-05,396,4799,5195
902,2018-12-06,374,4759,5133
902,2018-12-07,350,4949,5299
902,2018-12-08,207,3531,3738
902,2018-12-09,58,3222,3280
902,2018-12-10,371,4562,4933
902,2018-12-11,426,4693,5119
902,2018-12-12,412,4694,5106
902,2018-12-13,393,4814,5207
902,2018-12-14,372,4978,5350
902,2018-12-15,228,3641,3869
902,2018-12-16,68,2479,2547
902,2018-12-17,331,4694,5025
902,2018-12-18,378,4922,5300
902,2018-12-19,349,4966,5315
902,2018-12-20,338,4996,5334
902,2018-12-21,365,5099,5464
902,2018-12-22,197,3614,3811
902,2018-12-23,39,2602,2641
902,2018-12-24,245,3498,3743
902,2018-12-25,50,2159,2209
902,2018-12-26,53,2488,2541
902,2018-12-27,250,3728,3978
902,2018-12-28,265,3802,4067
902,2018-12-29,184,3074,3258
902,2018-12-30,47,2563,2610
902,2018-12-31,244,3228,3472
905,2018-01-01,68,6230,6298
905,2018-01-02,505,10073,10578
905,2018-01-03,596,10764,11360
905,2018-01-04,632,11234,11866
905,2018-01-05,638,11619,12257
905,2018-01-06,301,9875,10176
905,2018-01-07,74,7650,7724
905,2018-01-08,884,11412,12296
905,2018-01-09,974,12227,13201
905,2018-01-10,943,11951,12894
905,2018-01-11,967,12321,13288
905,2018-01-12,866,12685,13551
905,2018-01-13,317,10779,11096
905,2018-01-14,127,8705,8832
905,2018-01-15,975,11654,12629
905,2018-01-16,960,12457,13417
905,2018-01-17,910,11987,12897
905,2018-01-18,1038,12278,13316
905,2018-01-19,1045,12722,13767
905,2018-01-20,310,10477,10787
905,2018-01-21,113,8358,8471
905,2018-01-22,1024,11809,12833
905,2018-01-23,1116,12132,13248
905,2018-01-24,1081,11548,12629
905,2018-01-25,1039,12337,13376
905,2018-01-26,973,12670,13643
905,2018-01-27,335,11589,11924
905,2018-01-28,92,8927,9019
905,2018-01-29,984,11813,12797
905,2018-01-30,1057,12521,13578
905,2018-01-31,1088,12182,13270
905,2018-02-01,1032,12844,13876
905,2018-02-02,1040,12863,13903
905,2018-02-03,375,11245,11620
905,2018-02-04,116,8895,9011
905,2018-02-05,999,12025,13024
905,2018-02-06,878,12766,13644
905,2018-02-07,896,12705,13601
905,2018-02-08,976,12962,13938
905,2018-02-09,988,12944,13932
905,2018-02-10,341,9654,9995
905,2018-02-11,146,7706,7852
905,2018-02-12,697,10796,11493
905,2018-02-13,959,11581,12540
905,2018-02-14,980,11719,12699
905,2018-02-15,888,11557,12445
905,2018-02-16,940,11754,12694
905,2018-02-17,336,10196,10532
905,2018-02-18,93,8692,8785
905,2018-02-19,1058,11802,12860
905,2018-02-20,1085,12388,13473
905,2018-02-21,1028,12012,13040
905,2018-02-22,999,12679,13678
905,2018-02-23,1006,12774,13780
905,2018-02-24,366,11286,11652
905,2018-02-25,92,9031,9123
905,2018-02-26,874,11794,12668
905,2018-02-27,874,12647,13521
905,2018-02-28,862,12273,13135
905,2018-03-01,940,12307,13247
905,2018-03-02,923,11956,12879
905,2018-03-03,365,10807,11172
905,2018-03-04,102,8390,8492
905,2018-03-05,1025,12115,13140
905,2018-03-06,1134,12432,13566
905,2018-03-07,1049,12317,13366
905,2018-03-08,1007,12785,13792
905,2018-03-09,993,13044,14037
905,2018-03-10,350,11140,11490
905,2018-03-11,105,8990,9095
905,2018-03-12,999,11775,12774
905,2018-03-13,1035,12332,13367
905,2018-03-14,1197,12241,13438
905,2018-03-15,1107,12791,13898
905,2018-03-16,1114,13168,14282
905,2018-03-17,379,11040,11419
905,2018-03-18,129,8644,8773
905,2018-03-19,1185,11960,13145
905,2018-03-20,1194,12524,13718
905,2018-03-21,1174,12489,13663
905,2018-03-22,1162,12644,13806
905,2018-03-23,1173,13303,14476
905,2018-03-24,422,11875,12297
905,2018-03-26,1184,12118,13302
905,2018-03-27,1135,12569,13704
905,2018-03-28,1111,12578,13689
905,2018-03-29,1144,13236,14380
905,2018-03-30,1030,13482,14512
905,2018-03-31,414,11201,11615
905,2018-04-01,149,8794,8943
905,2018-04-02,182,8378,8560
905,2018-04-03,1024,11938,12962
905,2018-04-04,1103,11942,13045
905,2018-04-05,1017,12234,13251
905,2018-04-06,1014,12532,13546
905,2018-04-07,452,11446,11898
905,2018-04-08,171,9703,9874
905,2018-04-09,1013,11518,12531
905,2018-04-10,1143,11996,13139
905,2018-04-11,1012,11845,12857
905,2018-04-12,1092,12205,13297
905,2018-04-13,1097,13038,14135
905,2018-04-14,535,11255,11790
905,2018-10-11,1120,14415,15535
905,2018-10-12,1000,15089,16089
905,2018-10-13,466,13273,13739
905,2018-10-14,171,11137,11308
905,2018-10-15,875,13934,14809
905,2018-10-16,920,14110,15030
905,2018-10-17,922,14123,15045
905,2018-10-18,941,14363,15304
905,2018-10-19,900,15089,15989
905,2018-10-20,340,13174,13514
905,2018-10-21,120,10516,10636
905,2018-10-22,932,13677,14609
905,2018-10-23,948,13869,14817
905,2018-10-24,994,13746,14740
905,2018-10-25,1006,14196,15202
905,2018-10-26,998,14478,15476
905,2018-10-27,356,12124,12480
905,2018-10-28,87,9914,10001
905,2018-10-29,764,12590,13354
905,2018-10-30,875,12268,13143
905,2018-11-01,139,9018,9157
905,2018-11-02,578,12465,13043
905,2018-11-03,293,11090,11383
905,2018-11-04,84,9429,9513
905,2018-11-05,839,12760,13599
905,2018-11-06,886,13689,14575
905,2018-11-07,912,13259,14171
905,2018-11-08,950,13601,14551
905,2018-11-09,930,14326,15256
905,2018-11-10,236,11457,11693
905,2018-11-11,88,8708,8796
905,2018-11-12,865,12632,13497
905,2018-11-15,933,13321,14254
905,2018-11-16,843,13951,14794
905,2018-11-17,309,12090,12399
905,2018-11-18,74,10340,10414
905,2018-11-19,946,12989,13935
905,2018-11-20,866,13258,14124
905,2018-11-21,894,13483,14377
905,2018-11-22,901,13596,14497
905,2018-11-23,843,14196,15039
905,2018-11-24,261,11780,12041
905,2018-11-25,84,9510,9594
905,2018-11-26,883,12745,13628
905,2018-11-27,876,13303,14179
905,2018-11-28,846,13031,13877
905,2018-11-29,865,13359,14224
905,2018-11-30,819,14002,14821
905,2018-12-01,279,11517,11796
905,2018-12-02,93,8612,8705
905,2018-12-03,804,11691,12495
905,2018-12-04,848,13060,13908
905,2018-12-05,861,13019,13880
905,2018-12-06,817,12943,13760
905,2018-12-07,768,13053,13821
905,2018-12-08,208,10805,11013
905,2018-12-09,78,8254,8332
905,2018-12-10,799,12239,13038
905,2018-12-11,956,13109,14065
905,2018-12-12,873,13064,13937
905,2018-12-13,879,13404,14283
905,2018-12-14,860,13652,14512
905,2018-12-15,309,11684,11993
905,2018-12-16,92,9025,9117
905,2018-12-17,951,12612,13563
905,2018-12-18,864,13314,14178
905,2018-12-19,806,12837,13643
905,2018-12-20,825,13328,14153
905,2018-12-21,616,13455,14071
905,2018-12-22,240,10890,11130
905,2018-12-23,74,7921,7995
905,2018-12-24,333,9861,10194
905,2018-12-25,50,7186,7236
905,2018-12-26,88,7471,7559
905,2018-12-27,419,10790,11209
905,2018-12-28,408,11089,11497
905,2018-12-29,233,9291,9524
905,2018-12-30,57,7297,7354
905,2018-12-31,279,9386,9665
908,2018-01-01,44,5526,5570
908,2018-01-02,416,11823,12239
908,2018-01-03,479,12211,12690
908,2018-01-04,397,12955,13352
908,2018-01-05,452,13415,13867
908,2018-01-06,187,10747,10934
908,2018-01-07,36,7388,7424
908,2018-01-08,465,13778,14243
908,2018-01-09,507,13957,14464
908,2018-01-10,522,14059,14581
908,2018-01-11,547,14213,14760
908,2018-01-12,541,14428,14969
908,2018-01-13,228,11697,11925
908,2018-01-14,40,7550,7590
908,2018-01-15,531,13688,14219
908,2018-01-16,583,14196,14779
908,2018-01-17,528,13600,14128
908,2018-01-18,512,13676,14188
908,2018-01-19,600,14892,15492
908,2018-01-20,168,11088,11256
908,2018-01-21,44,7413,7457
908,2018-01-22,406,12862,13268
908,2018-01-23,508,13573,14081
908,2018-01-24,487,13493,13980
908,2018-01-25,483,14238,14721
908,2018-01-26,498,15035,15533
908,2018-01-27,218,12247,12465
908,2018-01-28,43,7535,7578
908,2018-01-29,534,13188,13722
908,2018-01-30,534,14034,14568
908,2018-01-31,542,13800,14342
908,2018-02-01,570,14191,14761
908,2018-02-02,561,14502,15063
908,2018-02-03,242,11848,12090
908,2018-02-04,44,7304,7348
908,2018-02-05,542,13279,13821
908,2018-02-06,513,12453,12966
908,2018-02-07,550,13475,14025
908,2018-02-08,604,14301,14905
908,2018-02-09,613,15328,15941
908,2018-02-10,247,10655,10902
908,2018-02-11,68,6598,6666
908,2018-02-12,574,12817,13391
908,2018-02-13,621,13588,14209
908,2018-02-14,610,13717,14327
908,2018-02-15,522,13114,13636
908,2018-02-16,572,14247,14819
908,2018-02-17,231,10276,10507
908,2018-02-18,62,7653,7715
908,2018-02-19,580,13420,14000
908,2018-02-20,607,14300,14907
908,2018-02-21,648,14186,14834
908,2018-02-22,807,14477,15284
908,2018-02-23,784,14970,15754
908,2018-02-24,319,11691,12010
908,2018-02-25,74,7841,7915
908,2018-02-26,787,13419,14206
908,2018-02-27,845,14586,15431
908,2018-02-28,751,13738,14489
908,2018-03-01,809,14031,14840
908,2018-03-02,668,12274,12942
908,2018-03-03,260,11304,11564
908,2018-03-04,49,7641,7690
908,2018-03-05,652,14196,14848
908,2018-03-06,738,14870,15608
908,2018-03-07,680,14704,15384
908,2018-03-08,674,14740,15414
908,2018-03-09,541,15007,15548
908,2018-03-10,250,12060,12310
908,2018-03-11,31,7802,7833
908,2018-03-12,524,14152,14676
908,2018-03-13,607,14304,14911
908,2018-03-14,671,14464,15135
908,2018-03-15,694,14835,15529
908,2018-03-16,605,15016,15621
908,2018-03-17,289,11943,12232
908,2018-03-18,73,6995,7068
908,2018-03-19,756,13796,14552
908,2018-03-20,682,14278,14960
908,2018-03-21,569,14441,15010
908,2018-03-22,549,14285,14834
908,2018-03-23,624,15143,15767
908,2018-03-24,236,12527,12763
908,2018-03-26,590,14280,14870
908,2018-03-27,635,14812,15447
908,2018-03-28,651,14201,14852
908,2018-03-29,572,16038,16610
908,2018-03-30,543,15304,15847
908,2018-03-31,302,11288,11590
908,2018-04-01,90,6107,6197
908,2018-04-02,94,5457,5551
908,2018-04-03,474,12785,13259
908,2018-04-04,579,13219,13798
908,2018-04-05,692,13862,14554
908,2018-04-06,756,15081,15837
908,2018-04-07,413,13380,13793
908,2018-04-08,146,9405,9551
908,2018-04-09,687,14098,14785
908,2018-04-10,712,15282,15994
908,2018-04-11,709,15048,15757
908,2018-04-12,646,14763,15409
908,2018-04-13,482,13344,13826
908,2018-04-14,300,9511,9811
908,2018-04-15,93,6620,6713
908,2018-04-16,580,13937,14517
908,2018-04-17,569,14864,15433
908,2018-04-18,638,14696,15334
908,2018-04-19,652,14419,15071
908,2018-04-20,585,15740,16325
908,2018-04-21,329,13240,13569
908,2018-04-22,89,9484,9573
908,2018-04-23,533,14146,14679
908,2018-04-24,584,14777,15361
908,2018-04-25,671,14257,14928
908,2018-04-26,606,15415,16021
908,2018-04-27,579,15217,15796
908,2018-04-28,232,9667,9899
908,2018-04-29,85,7552,7637
908,2018-04-30,506,13985,14491
908,2018-05-01,68,6855,6923
908,2018-05-02,665,14764,15429
908,2018-05-03,640,15289,15929
908,2018-05-04,628,15689,16317
908,2018-05-05,494,13005,13499
908,2018-05-06,173,9826,9999
908,2018-05-07,570,14612,15182
908,2018-05-08,589,14882,15471
908,2018-05-09,568,15625,16193
908,2018-05-10,53,7047,7100
908,2018-05-11,468,14582,15050
908,2018-05-12,230,12061,12291
908,2018-05-13,59,7547,7606
908,2018-05-14,583,14453,15036
908,2018-05-15,606,15323,15929
908,2018-05-16,609,14733,15342
908,2018-05-17,594,15743,16337
908,2018-05-18,651,15954,16605
908,2018-05-19,238,11939,12177
908,2018-05-20,61,7150,7211
908,2018-05-21,52,6825,6877
908,2018-05-22,569,14536,15105
908,2018-05-23,612,14540,15152
908,2018-05-24,534,14270,14804
908,2018-05-25,527,15137,15664
908,2018-05-26,283,11662,11945
908,2018-05-27,58,7945,8003
908,2018-05-28,592,13926,14518
908,2018-05-29,560,14893,15453
908,2018-05-30,545,14395,14940
908,2018-05-31,574,15349,15923
908,2018-06-01,532,14694,15226
908,2018-06-02,154,10667,10821
908,2018-06-03,36,7261,7297
908,2018-06-04,576,13980,14556
908,2018-06-05,527,14525,15052
908,2018-06-06,560,14349,14909
908,2018-06-07,538,14682,15220
908,2018-06-08,588,15102,15690
908,2018-06-09,224,11468,11692
908,2018-06-10,66,7996,8062
908,2018-06-11,554,13943,14497
908,2018-06-12,529,13873,14402
908,2018-06-13,593,14452,15045
908,2018-06-14,626,15615,16241
908,2018-06-15,519,14306,14825
908,2018-06-16,242,12296,12538
908,2018-06-17,62,8262,8324
908,2018-06-18,583,13704,14287
908,2018-06-19,594,14465,15059
908,2018-06-20,586,14329,14915
908,2018-06-21,605,14914,15519
908,2018-06-22,708,15220,15928
908,2018-06-23,90,7110,7200
908,2018-06-24,87,8165,8252
908,2018-06-25,598,14007,14605
908,2018-06-26,618,14663,15281
908,2018-06-27,600,14403,15003
908,2018-06-28,596,15316,15912
908,2018-06-29,602,15624,16226
908,2018-06-30,229,11939,12168
908,2018-07-01,80,8645,8725
908,2018-07-02,629,14486,15115
908,2018-07-03,563,14996,15559
908,2018-07-04,574,14367,14941
908,2018-07-05,535,15081,15616
908,2018-07-06,550,15041,15591
908,2018-07-07,282,12177,12459
908,2018-07-08,84,9032,9116
908,2018-07-09,586,14535,15121
908,2018-07-10,635,14905,15540
908,2018-07-11,555,14353,14908
908,2018-07-12,608,15026,15634
908,2018-07-13,596,15674,16270
908,2018-07-14,70,1196,1266
908,2018-07-15,32,4002,4034
908,2018-07-16,623,14111,14734
908,2018-07-17,616,14515,15131
908,2018-07-18,681,14627,15308
908,2018-07-19,629,14840,15469
908,2018-07-20,657,15450,16107
908,2018-07-21,319,11242,11561
908,2018-07-22,74,8282,8356
908,2018-07-23,633,14301,14934
908,2018-07-24,582,14411,14993
908,2018-07-25,615,14351,14966
908,2018-07-26,540,14393,14933
908,2018-07-27,479,13924,14403
908,2018-07-28,252,10183,10435
908,2018-07-29,69,7120,7189
908,2018-07-30,452,12719,13171
908,2018-07-31,457,13272,13729
908,2018-08-01,454,12904,13358
908,2018-08-02,496,12955,13451
908,2018-08-03,475,12772,13247
908,2018-08-04,212,9626,9838
908,2018-08-05,54,6888,6942
908,2018-08-06,460,11491,11951
908,2018-08-07,450,11595,12045
908,2018-08-08,554,11914,12468
908,2018-08-09,496,11376,11872
908,2018-08-10,556,12121,12677
908,2018-08-11,309,8916,9225
908,2018-08-12,60,6846,6906
908,2018-08-13,493,10620,11113
908,2018-08-14,469,11940,12409
908,2018-08-15,58,6308,6366
908,2018-08-16,479,11292,11771
908,2018-08-17,481,11736,12217
908,2018-08-18,225,8908,9133
908,2018-08-19,52,6959,7011
908,2018-08-20,531,11914,12445
908,2018-08-21,525,12821,13346
908,2018-08-22,512,12534,13046
908,2018-08-23,552,12695,13247
908,2018-08-24,551,13609,14160
908,2018-08-25,237,10178,10415
908,2018-08-26,63,7361,7424
908,2018-08-27,530,12857,13387
908,2018-08-28,540,13388,13928
908,2018-08-29,549,12478,13027
908,2018-08-30,559,13382,13941
908,2018-08-31,606,14972,15578
908,2018-09-01,367,14296,14663
908,2018-09-02,76,7566,7642
908,2018-09-03,566,13606,14172
908,2018-09-04,560,13315,13875
908,2018-09-05,636,13405,14041
908,2018-09-06,674,14004,14678
908,2018-09-07,621,13937,14558
908,2018-09-08,369,12002,12371
908,2018-09-09,75,8743,8818
908,2018-09-10,559,13768,14327
908,2018-09-11,548,13994,14542
908,2018-09-12,629,14179,14808
908,2018-09-13,645,14590,15235
908,2018-09-14,597,15496,16093
908,2018-09-15,324,13458,13782
908,2018-09-16,72,9680,9752
908,2018-09-17,599,14520,15119
908,2018-09-18,543,14686,15229
908,2018-09-19,601,14604,15205
908,2018-09-20,624,14976,15600
908,2018-09-21,588,15265,15853
908,2018-09-22,284,12387,12671
908,2018-09-23,75,7699,7774
908,2018-09-24,598,14042,14640
908,2018-09-25,601,14424,15025
908,2018-09-26,637,14290,14927
908,2018-09-27,619,14948,15567
908,2018-09-28,627,15944,16571
908,2018-09-29,301,14339,14640
908,2018-09-30,205,10940,11145
908,2018-10-01,605,14473,15078
908,2018-10-02,668,15134,15802
908,2018-10-03,626,14701,15327
908,2018-10-04,588,15520,16108
908,2018-10-05,632,15295,15927
908,2018-10-06,285,12893,13178
908,2018-10-07,154,8872,9026
908,2018-10-08,722,14238,14960
908,2018-10-09,635,14864,15499
908,2018-10-10,628,14705,15333
908,2018-10-11,651,14906,15557
908,2018-10-12,629,15602,16231
908,2018-10-13,269,12420,12689
908,2018-10-14,60,9122,9182
908,2018-10-15,605,14361,14966
908,2018-10-16,729,14614,15343
908,2018-10-17,631,14362,14993
908,2018-10-18,601,14846,15447
908,2018-10-19,636,15545,16181
908,2018-10-20,349,13592,13941
908,2018-10-21,62,9169,9231
908,2018-10-22,662,13985,14647
908,2018-10-23,674,14837,15511
908,2018-10-24,675,14601,15276
908,2018-10-25,611,15074,15685
908,2018-10-26,673,15278,15951
908,2018-10-27,423,12177,12600
908,2018-10-28,118,8109,8227
908,2018-10-29,735,14645,15380
908,2018-10-30,687,14212,14899
908,2018-11-01,106,7616,7722
908,2018-11-02,584,12990,13574
908,2018-11-03,422,10803,11225
908,2018-11-04,120,7635,7755
908,2018-11-05,636,14786,15422
908,2018-11-06,616,15119,15735
908,2018-11-07,640,14464,15104
908,2018-11-08,637,14998,15635
908,2018-11-09,701,16014,16715
908,2018-11-10,352,16580,16932
908,2018-11-11,68,10737,10805
908,2018-11-12,604,14676,15280
908,2018-11-13,616,14797,15413
908,2018-11-14,668,14695,15363
908,2018-11-15,650,15078,15728
908,2018-11-16,714,15285,15999
908,2018-11-17,295,12628,12923
908,2018-11-18,53,8082,8135
908,2018-11-19,683,14200,14883
908,2018-11-20,694,14245,14939
908,2018-11-21,666,14502,15168
908,2018-11-22,670,15201,15871
908,2018-11-23,680,15176,15856
908,2018-11-24,285,14365,14650
908,2018-11-25,109,11841,11950
908,2018-11-26,650,13939,14589
908,2018-11-27,635,14201,14836
908,2018-11-28,600,13820,14420
908,2018-11-29,686,14688,15374
908,2018-11-30,616,15087,15703
908,2018-12-01,261,12117,12378
908,2018-12-02,42,7808,7850
908,2018-12-03,581,13825,14406
908,2018-12-04,633,14377,15010
908,2018-12-05,650,14586,15236
908,2018-12-06,588,14514,15102
908,2018-12-07,579,14578,15157
908,2018-12-08,253,11636,11889
908,2018-12-09,86,8164,8250
908,2018-12-10,614,13748,14362
908,2018-12-11,654,14599,15253
908,2018-12-12,676,13997,14673
908,2018-12-13,639,14677,15316
908,2018-12-14,681,14935,15616
908,2018-12-15,279,11718,11997
908,2018-12-16,64,7168,7232
908,2018-12-17,658,14047,14705
908,2018-12-18,683,14815,15498
908,2018-12-19,651,14351,15002
908,2018-12-20,596,15338,15934
908,2018-12-21,514,15391,15905
908,2018-12-22,228,11328,11556
908,2018-12-23,42,7980,8022
908,2018-12-24,402,11503,11905
908,2018-12-25,30,5569,5599
908,2018-12-26,44,5192,5236
908,2018-12-27,415,11051,11466
908,2018-12-28,428,11464,11892
908,2018-12-29,222,9316,9538
908,2018-12-30,37,6716,6753
908,2018-12-31,362,10503,10865
909,2018-01-01,28,5923,5951
909,2018-01-02,210,11711,11921
909,2018-01-03,224,11898,12122
909,2018-01-04,156,11715,11871
909,2018-01-05,199,13977,14176
909,2018-01-06,94,11278,11372
909,2018-01-07,41,8165,8206
909,2018-01-08,240,13887,14127
909,2018-01-10,285,14024,14309
909,2018-01-11,263,13975,14238
909,2018-01-12,313,15377,15690
909,2018-01-13,224,12517,12741
909,2018-01-15,276,12887,13163
909,2018-01-16,222,14058,14280
909,2018-01-17,234,13485,13719
909,2018-01-18,219,13919,14138
909,2018-01-19,239,15095,15334
909,2018-01-20,75,10866,10941
909,2018-01-21,29,8371,8400
909,2018-01-22,240,9944,10184
909,2018-01-23,329,14516,14845
909,2018-01-24,248,14259,14507
909,2018-01-25,139,13894,14033
909,2018-01-26,244,15480,15724
909,2018-01-27,123,12201,12324
909,2018-01-28,49,8673,8722
909,2018-01-30,257,14578,14835
909,2018-01-31,167,12857,13024
909,2018-02-01,191,14139,14330
909,2018-02-02,210,14171,14381
909,2018-02-03,90,12131,12221
909,2018-02-04,28,8168,8196
909,2018-02-05,192,13750,13942
909,2018-02-06,117,11981,12098
909,2018-02-07,172,13750,13922
909,2018-02-08,192,14676,14868
909,2018-02-09,183,15055,15238
909,2018-02-10,98,11198,11296
909,2018-02-11,28,7631,7659
909,2018-02-12,202,13500,13702
909,2018-02-14,203,14724,14927
909,2018-02-15,146,13460,13606
909,2018-02-16,219,14788,15007
909,2018-02-17,95,11056,11151
909,2018-02-18,37,8833,8870
909,2018-02-19,209,13703,13912
909,2018-02-20,204,14049,14253
909,2018-02-21,205,14211,14416
909,2018-02-22,245,14269,14514
909,2018-02-24,118,12085,12203
909,2018-02-25,63,10019,10082
909,2018-02-26,215,13407,13622
909,2018-02-27,188,13947,14135
909,2018-02-28,215,14184,14399
909,2018-03-01,221,13855,14076
909,2018-03-02,153,12684,12837
909,2018-03-03,89,11177,11266
909,2018-03-04,44,8376,8420
909,2018-03-06,254,14389,14643
909,2018-03-07,179,13393,13572
909,2018-03-08,239,13334,13573
909,2018-03-09,188,14586,14774
909,2018-03-10,150,12523,12673
909,2018-03-11,72,9118,9190
909,2018-03-12,245,14182,14427
909,2018-03-13,214,13841,14055
909,2018-03-14,257,14498,14755
909,2018-03-16,222,15331,15553
909,2018-03-17,112,12390,12502
909,2018-03-18,31,8035,8066
909,2018-03-19,209,14034,14243
909,2018-03-20,217,14124,14341
909,2018-03-21,221,14247,14468
909,2018-03-22,168,13065,13233
909,2018-03-23,209,15497,15706
909,2018-03-24,169,13303,13472
909,2018-03-26,546,29550,30096
909,2018-03-27,432,28684,29116
909,2018-03-28,462,28190,28652
909,2018-03-29,502,31414,31916
909,2018-03-30,405,25102,25507
909,2018-03-31,121,13237,13358
909,2018-04-01,31,8647,8678
909,2018-04-02,55,7911,7966
909,2018-04-03,326,15838,16164
909,2018-04-04,262,15127,15389
909,2018-04-05,297,15977,16274
909,2018-04-07,259,13883,14142
909,2018-04-08,53,10286,10339
909,2018-04-09,257,14655,14912
909,2018-04-10,227,14442,14669
909,2018-04-11,138,14565,14703
909,2018-04-12,153,14663,14816
909,2018-04-14,62,11580,11642
909,2018-04-15,10,6126,6136
909,2018-04-16,100,10359,10459
909,2018-04-17,51,9264,9315
909,2018-04-18,80,8643,8723
909,2018-04-19,64,8678,8742
909,2018-04-20,74,8921,8995
909,2018-04-21,20,4801,4821
909,2018-04-22,4,1983,1987
909,2018-04-23,68,4687,4755
909,2018-04-24,50,5579,5629
909,2018-04-25,23,6738,6761
909,2018-04-26,60,7381,7441
909,2018-10-17,571,14134,14705
909,2018-10-18,540,14284,14824
909,2018-10-19,556,15256,15812
909,2018-10-20,228,12915,13143
909,2018-10-21,78,9775,9853
909,2018-10-22,522,13410,13932
909,2018-10-23,573,13865,14438
909,2018-10-24,576,13827,14403
909,2018-10-25,540,14310,14850
909,2018-10-26,582,14955,15537
909,2018-10-27,311,12993,13304
909,2018-10-28,131,9393,9524
909,2018-10-29,548,13660,14208
909,2018-10-30,458,13310,13768
909,2018-11-01,69,8683,8752
909,2018-11-02,343,13189,13532
909,2018-11-03,211,11448,11659
909,2018-11-04,93,8976,9069
909,2018-11-05,512,13532,14044
909,2018-11-06,537,14120,14657
909,2018-11-07,530,13619,14149
909,2018-11-08,501,14044,14545
909,2018-11-09,473,14839,15312
909,2018-11-10,199,10957,11156
909,2018-11-11,75,8239,8314
909,2018-11-12,466,13407,13873
909,2018-11-13,515,13683,14198
909,2018-11-14,511,13722,14233
909,2018-11-15,557,13977,14534
909,2018-11-16,546,14809,15355
909,2018-11-17,220,12659,12879
909,2018-11-18,101,8985,9086
909,2018-11-19,488,13116,13604
909,2018-11-20,481,13719,14200
909,2018-11-21,501,13582,14083
909,2018-11-22,505,14038,14543
909,2018-11-23,524,14842,15366
909,2018-11-24,292,12751,13043
909,2018-11-25,101,9189,9290
909,2018-11-26,613,13289,13902
909,2018-11-27,527,13649,14176
909,2018-11-28,465,13529,13994
909,2018-11-29,511,14019,14530
909,2018-11-30,474,15079,15553
909,2018-12-01,249,12659,12908
909,2018-12-02,67,9044,9111
909,2018-12-03,447,12900,13347
909,2018-12-04,516,13913,14429
909,2018-12-05,501,13915,14416
909,2018-12-06,476,13964,14440
909,2018-12-07,431,14548,14979
909,2018-12-08,220,12278,12498
909,2018-12-09,75,8796,8871
909,2018-12-10,505,13340,13845
909,2018-12-11,471,13570,14041
909,2018-12-12,492,13318,13810
909,2018-12-13,479,14137,14616
909,2018-12-14,522,14906,15428
909,2018-12-15,263,12597,12860
909,2018-12-16,74,8917,8991
909,2018-12-17,476,12867,13343
909,2018-12-18,467,14106,14573
909,2018-12-19,469,14216,14685
909,2018-12-20,426,14772,15198
909,2018-12-21,369,15521,15890
909,2018-12-22,232,12127,12359
909,2018-12-23,76,9111,9187
909,2018-12-24,235,12196,12431
909,2018-12-25,52,6681,6733
909,2018-12-26,71,6485,6556
909,2018-12-27,291,11520,11811
909,2018-12-28,304,11914,12218
909,2018-12-29,175,10304,10479
909,2018-12-30,62,8202,8264
909,2018-12-31,256,11139,11395
923,2018-01-01,19,3262,3281
923,2018-01-02,358,6701,7059
923,2018-01-03,379,6837,7216
923,2018-01-04,421,7317,7738
923,2018-01-05,460,7506,7966
923,2018-01-06,178,5339,5517
923,2018-01-07,32,5110,5142
923,2018-01-08,578,7860,8438
923,2018-01-09,673,8096,8769
923,2018-01-10,626,8263,8889
923,2018-01-11,618,8314,8932
923,2018-01-12,695,8606,9301
923,2018-01-13,189,5993,6182
923,2018-01-14,47,5638,5685
923,2018-01-15,725,7973,8698
923,2018-01-16,723,8240,8963
923,2018-01-17,635,8000,8635
923,2018-01-18,640,8208,8848
923,2018-01-19,699,8451,9150
923,2018-01-20,163,5251,5414
923,2018-01-21,53,5263,5316
923,2018-01-22,665,7876,8541
923,2018-01-23,801,8150,8951
923,2018-01-24,759,8021,8780
923,2018-01-25,745,8173,8918
923,2018-01-26,695,8521,9216
923,2018-01-27,197,6216,6413
923,2018-01-28,45,5817,5862
923,2018-01-29,671,8045,8716
923,2018-01-30,681,8391,9072
923,2018-01-31,662,8187,8849
923,2018-02-01,730,8407,9137
923,2018-02-02,653,8444,9097
923,2018-02-03,160,6005,6165
923,2018-02-04,50,5852,5902
923,2018-02-05,662,8008,8670
923,2018-02-06,561,7629,8190
923,2018-02-07,569,8087,8656
923,2018-02-08,664,8287,8951
923,2018-02-09,582,8242,8824
923,2018-02-10,177,5357,5534
923,2018-02-11,69,4839,4908
923,2018-02-12,468,6802,7270
923,2018-02-13,605,7363,7968
923,2018-02-14,742,7657,8399
923,2018-02-15,688,7311,7999
923,2018-02-16,725,7905,8630
923,2018-02-17,203,5520,5723
923,2018-02-18,39,5848,5887
923,2018-02-19,733,8005,8738
923,2018-02-20,772,8312,9084
923,2018-02-21,773,8246,9019
923,2018-02-22,716,8550,9266
923,2018-02-23,682,8669,9351
923,2018-02-24,198,6457,6655
923,2018-02-25,53,6002,6055
923,2018-02-26,632,7982,8614
923,2018-02-27,645,8198,8843
923,2018-02-28,632,8262,8894
923,2018-03-01,589,8284,8873
923,2018-03-02,508,7523,8031
923,2018-03-03,206,5593,5799
923,2018-03-04,47,5628,5675
923,2018-03-05,718,8302,9020
923,2018-03-06,781,8683,9464
923,2018-03-07,630,8406,9036
923,2018-03-08,712,8567,9279
923,2018-03-09,735,8890,9625
923,2018-03-10,216,6652,6868
923,2018-03-11,39,6099,6138
923,2018-03-12,737,8204,8941
923,2018-03-13,760,8391,9151
923,2018-03-14,799,8541,9340
923,2018-03-15,735,8717,9452
923,2018-03-16,734,9031,9765
923,2018-03-17,214,6186,6400
923,2018-03-18,57,5899,5956
923,2018-03-19,852,8402,9254
923,2018-03-20,829,8551,9380
923,2018-03-21,830,8695,9525
923,2018-03-22,706,8491,9197
923,2018-03-23,754,9032,9786
923,2018-03-24,242,7030,7272
923,2018-03-26,740,8642,9382
923,2018-03-27,742,8860,9602
923,2018-03-28,748,8594,9342
923,2018-03-29,804,9339,10143
923,2018-03-30,720,9296,10016
923,2018-03-31,296,7020,7316
923,2018-04-01,80,5786,5866
923,2018-04-02,138,6156,6294
923,2018-04-03,689,8235,8924
923,2018-04-04,717,8305,9022
923,2018-04-05,771,8471,9242
923,2018-04-06,815,8784,9599
923,2018-04-07,287,7124,7411
923,2018-04-08,119,6948,7067
923,2018-04-09,759,7851,8610
923,2018-04-10,877,8269,9146
923,2018-04-11,853,8274,9127
923,2018-04-12,923,8501,9424
923,2018-04-13,876,8899,9775
923,2018-04-14,255,6811,7066
923,2018-04-15,84,7054,7138
923,2018-04-16,923,8734,9657
923,2018-04-17,848,8970,9818
923,2018-04-18,841,9325,10166
923,2018-04-19,862,9574,10436
923,2018-04-20,846,9753,10599
923,2018-04-21,332,7975,8307
923,2018-04-22,104,7423,7527
923,2018-04-23,803,8796,9599
923,2018-04-24,846,9187,10033
923,2018-04-25,822,9235,10057
923,2018-04-26,925,9584,10509
923,2018-04-27,946,9918,10864
923,2018-04-28,277,7208,7485
923,2018-04-29,104,7094,7198
923,2018-04-30,534,8769,9303
923,2018-05-01,147,6827,6974
923,2018-05-02,873,9261,10134
923,2018-05-03,938,9482,10420
923,2018-05-04,929,10010,10939
923,2018-05-05,407,8219,8626
923,2018-05-06,163,8592,8755
923,2018-05-07,914,9260,10174
923,2018-05-08,897,9779,10676
923,2018-05-09,920,12281,13201
923,2018-05-10,174,13700,13874
923,2018-05-11,589,9923,10512
923,2018-05-12,284,7860,8144
923,2018-05-13,148,7453,7601
923,2018-05-14,836,8957,9793
923,2018-05-15,837,9203,10040
923,2018-05-16,835,9277,10112
923,2018-05-17,887,9662,10549
923,2018-05-18,870,10164,11034
923,2018-05-19,370,8193,8563
923,2018-05-20,119,7536,7655
923,2018-05-21,150,8017,8167
923,2018-05-22,847,8840,9687
923,2018-05-23,894,8969,9863
923,2018-05-24,879,9025,9904
923,2018-05-25,906,9733,10639
923,2018-05-26,287,7727,8014
923,2018-05-27,110,7090,7200
923,2018-05-28,719,9281,10000
923,2018-05-29,730,9530,10260
923,2018-05-30,745,9342,10087
923,2018-05-31,775,9665,10440
923,2018-06-01,679,9761,10440
923,2018-06-02,278,7751,8029
923,2018-06-03,141,7270,7411
923,2018-06-04,676,8962,9638
923,2018-06-05,777,9262,10039
923,2018-06-06,776,9382,10158
923,2018-06-07,746,9373,10119
923,2018-06-08,778,9953,10731
923,2018-06-09,280,7951,8231
923,2018-06-10,99,7195,7294
923,2018-06-11,768,8399,9167
923,2018-06-12,736,8995,9731
923,2018-06-13,763,9116,9879
923,2018-06-14,728,9310,10038
923,2018-06-15,759,9526,10285
923,2018-06-16,253,7186,7439
923,2018-06-17,108,6754,6862
923,2018-06-18,647,8551,9198
923,2018-06-19,726,8976,9702
923,2018-06-20,715,8953,9668
923,2018-06-21,722,9361,10083
923,2018-06-22,768,9735,10503
923,2018-06-23,117,6718,6835
923,2018-06-24,98,6961,7059
923,2018-06-25,796,9057,9853
923,2018-06-26,829,9650,10479
923,2018-06-27,797,9812,10609
923,2018-06-28,876,9877,10753
923,2018-06-29,946,10389,11335
923,2018-06-30,323,8664,8987
923,2018-07-01,141,8248,8389
923,2018-07-02,778,8965,9743
923,2018-07-03,794,9438,10232
923,2018-07-04,794,9527,10321
923,2018-07-05,790,9568,10358
923,2018-07-06,772,9889,10661
923,2018-07-07,311,7686,7997
923,2018-07-08,135,8099,8234
923,2018-07-09,813,9494,10307
923,2018-07-10,795,9621,10416
923,2018-07-11,776,9602,10378
923,2018-07-12,816,9632,10448
923,2018-07-13,777,10007,10784
923,2018-07-14,274,8045,8319
923,2018-07-15,126,7440,7566
923,2018-07-16,668,9316,9984
923,2018-07-17,789,9367,10156
923,2018-07-18,700,9524,10224
923,2018-07-19,766,9652,10418
923,2018-07-20,681,9889,10570
923,2018-07-21,256,7746,8002
923,2018-07-22,140,7866,8006
923,2018-07-23,710,9527,10237
923,2018-07-24,664,9616,10280
923,2018-07-25,667,9607,10274
923,2018-07-26,621,9836,10457
923,2018-07-27,533,9558,10091
923,2018-07-28,272,7773,8045
923,2018-07-29,148,7882,8030
923,2018-07-30,504,9277,9781
923,2018-07-31,520,8593,9113
923,2018-08-01,499,8767,9266
923,2018-08-02,514,8704,9218
923,2018-08-03,550,9187,9737
923,2018-08-04,244,7014,7258
923,2018-08-05,140,7533,7673
923,2018-08-06,508,8514,9022
923,2018-08-07,461,8136,8597
923,2018-08-08,515,8373,8888
923,2018-08-09,552,8321,8873
923,2018-08-10,555,8740,9295
923,2018-08-11,266,7245,7511
923,2018-08-12,134,7018,7152
923,2018-08-13,466,7650,8116
923,2018-09-14,722,9548,10270
923,2018-09-15,329,7374,7703
923,2018-09-16,108,7855,7963
923,2018-09-17,714,9035,9749
923,2018-09-18,735,9273,10008
923,2018-09-19,767,9399,10166
923,2018-09-20,743,9250,9993
923,2018-09-21,663,9546,10209
923,2018-09-22,308,8602,8910
923,2018-09-23,72,6476,6548
923,2018-09-24,727,8831,9558
923,2018-09-25,727,9197,9924
923,2018-09-26,735,9386,10121
923,2018-09-27,734,9713,10447
923,2018-09-28,766,10188,10954
923,2018-09-29,305,7442,7747
923,2018-09-30,96,7486,7582
923,2018-10-01,642,9071,9713
923,2018-10-02,793,9293,10086
923,2018-10-03,715,9274,9989
923,2018-10-04,769,9543,10312
923,2018-10-05,754,10002,10756
923,2018-10-06,245,7687,7932
923,2018-10-07,82,6812,6894
923,2018-10-08,725,9267,9992
923,2018-10-09,767,9355,10122
923,2018-10-10,699,9338,10037
923,2018-10-11,751,9575,10326
923,2018-10-12,717,9714,10431
923,2018-10-13,252,7369,7621
923,2018-10-14,76,6918,6994
923,2018-10-15,716,9140,9856
923,2018-10-16,696,9366,10062
923,2018-10-17,772,9243,10015
923,2018-10-18,777,9527,10304
923,2018-10-19,730,9892,10622
923,2018-10-20,305,7553,7858
923,2018-10-21,109,7155,7264
923,2018-10-22,792,9254,10046
923,2018-10-23,703,9263,9966
923,2018-10-24,722,9332,10054
923,2018-10-25,781,9581,10362
923,2018-10-26,746,9857,10603
923,2018-10-27,239,6836,7075
923,2018-10-28,75,6575,6650
923,2018-10-29,565,8699,9264
923,2018-10-30,630,8481,9111
923,2018-11-01,97,6544,6641
923,2018-11-02,476,7957,8433
923,2018-11-03,221,6546,6767
923,2018-11-04,76,6697,6773
923,2018-11-05,679,8766,9445
923,2018-11-06,783,9477,10260
923,2018-11-07,692,9558,10250
923,2018-11-08,748,9334,10082
923,2018-11-09,732,9805,10537
923,2018-11-10,209,6505,6714
923,2018-11-11,66,6154,6220
923,2018-11-12,674,8821,9495
923,2018-11-13,708,8912,9620
923,2018-11-14,684,8939,9623
923,2018-11-15,71,1144,1215
923,2018-11-27,501,6406,6907
923,2018-11-28,665,8980,9645
923,2018-11-29,675,9143,9818
923,2018-11-30,685,9369,10054
923,2018-12-01,201,6414,6615
923,2018-12-02,59,5791,5850
923,2018-12-03,623,8714,9337
923,2018-12-04,735,9155,9890
923,2018-12-05,716,9330,10046
923,2018-12-06,679,9158,9837
923,2018-12-07,610,9291,9901
923,2018-12-08,169,6192,6361
923,2018-12-09,33,5548,5581
923,2018-12-10,610,8677,9287
923,2018-12-11,737,8986,9723
923,2018-12-12,706,8969,9675
923,2018-12-13,692,9123,9815
923,2018-12-14,701,9480,10181
923,2018-12-15,255,6827,7082
923,2018-12-16,66,5328,5394
923,2018-12-17,631,8651,9282
923,2018-12-18,686,9120,9806
923,2018-12-19,618,9055,9673
923,2018-12-20,617,9222,9839
923,2018-12-21,490,9368,9858
923,2018-12-22,189,6461,6650
923,2018-12-23,37,5554,5591
923,2018-12-24,236,5761,5997
923,2018-12-25,36,3687,3723
923,2018-12-26,70,5111,5181
923,2018-12-27,356,6507,6863
923,2018-12-28,335,6506,6841
923,2018-12-29,163,5264,5427
923,2018-12-30,28,4865,4893
923,2018-12-31,220,5397,5617
926,2018-01-01,56,8988,9044
926,2018-01-02,522,16272,16794
926,2018-01-03,494,17004,17498
926,2018-01-04,470,17620,18090
926,2018-01-05,529,18135,18664
926,2018-01-06,479,14622,15101
926,2018-01-07,165,11362,11527
926,2018-01-08,574,17750,18324
926,2018-01-09,593,18338,18931
926,2018-01-10,547,18030,18577
926,2018-01-12,634,19135,19769
926,2018-01-13,622,16362,16984
926,2018-01-14,156,11980,12136
926,2018-01-16,504,18332,18836
926,2018-01-17,562,17693,18255
926,2018-01-18,392,18812,19204
926,2018-01-19,607,19180,19787
926,2018-01-20,309,15413,15722
926,2018-01-21,164,11450,11614
926,2018-01-22,443,15859,16302
926,2018-01-23,597,18048,18645
926,2018-01-24,507,18131,18638
926,2018-01-26,586,19162,19748
926,2018-01-27,376,15790,16166
926,2018-01-28,131,11365,11496
926,2018-01-29,596,17773,18369
926,2018-01-30,592,18527,19119
926,2018-01-31,424,18688,19112
926,2018-02-01,601,18822,19423
926,2018-02-02,607,19225,19832
926,2018-02-03,462,16372,16834
926,2018-02-04,175,11119,11294
926,2018-02-05,604,18037,18641
926,2018-02-06,445,17272,17717
926,2018-02-07,593,18278,18871
926,2018-02-09,649,18626,19275
926,2018-02-10,337,15366,15703
926,2018-02-11,149,10318,10467
926,2018-02-12,660,16753,17413
926,2018-02-13,739,17745,18484
926,2018-02-14,794,17656,18450
926,2018-02-15,683,16963,17646
926,2018-02-16,773,18000,18773
926,2018-02-17,433,14974,15407
926,2018-02-18,193,12066,12259
926,2018-02-19,658,17656,18314
926,2018-02-20,696,17595,18291
926,2018-02-21,693,18225,18918
926,2018-02-22,682,18527,19209
926,2018-02-23,711,19435,20146
926,2018-02-24,440,16662,17102
926,2018-02-25,194,12130,12324
926,2018-02-26,569,18193,18762
926,2018-02-27,699,18737,19436
926,2018-02-28,724,18275,18999
926,2018-03-02,468,17570,18038
926,2018-03-03,375,15618,15993
926,2018-03-04,210,11862,12072
926,2018-03-05,531,17388,17919
926,2018-03-06,571,18134,18705
926,2018-03-07,519,18185,18704
926,2018-03-08,528,18112,18640
926,2018-03-09,473,18402,18875
926,2018-03-10,389,16700,17089
926,2018-03-11,166,12458,12624
926,2018-03-12,546,17839,18385
926,2018-03-13,549,18403,18952
926,2018-03-14,574,18678,19252
926,2018-03-16,680,19592,20272
926,2018-03-17,573,16056,16629
926,2018-03-18,153,10791,10944
926,2018-03-19,656,17251,17907
926,2018-03-20,589,18385,18974
926,2018-03-21,593,18167,18760
926,2018-03-22,515,17887,18402
926,2018-03-23,637,19109,19746
926,2018-03-24,587,17185,17772
926,2018-03-26,707,17888,18595
926,2018-03-27,598,18418,19016
926,2018-03-28,508,19408,19916
926,2018-03-31,881,15657,16538
926,2018-04-01,349,11799,12148
926,2018-04-02,311,11098,11409
926,2018-04-04,752,17894,18646
926,2018-04-06,821,17162,17983
926,2018-04-07,666,14967,15633
926,2018-04-08,453,12657,13110
926,2018-04-09,784,12650,13434
926,2018-04-10,946,15288,16234
926,2018-04-11,863,16162,17025
926,2018-04-13,874,17961,18835
926,2018-04-14,824,16083,16907
926,2018-04-15,464,13191,13655
926,2018-04-16,617,16521,17138
926,2018-04-17,609,17914,18523
926,2018-04-18,650,18151,18801
926,2018-04-19,535,17991,18526
926,2018-04-20,545,19157,19702
926,2018-04-21,473,17362,17835
926,2018-04-22,182,13559,13741
926,2018-04-23,552,17775,18327
926,2018-04-24,587,18222,18809
926,2018-04-25,472,18880,19352
926,2018-04-26,584,18468,19052
926,2018-04-27,474,20106,20580
926,2018-04-28,453,16744,17197
926,2018-04-29,66,12456,12522
926,2018-04-30,426,17038,17464
926,2018-05-01,217,11330,11547
926,2018-05-02,675,18402,19077
926,2018-05-04,611,19770,20381
926,2018-05-05,911,18276,19187
926,2018-05-06,478,14465,14943
926,2018-05-07,607,18099,18706
926,2018-05-08,659,19703,20362
926,2018-05-09,607,19813,20420
926,2018-05-10,331,11872,12203
926,2018-05-11,643,19058,19701
926,2018-05-12,634,16333,16967
926,2018-05-13,296,12424,12720
926,2018-05-14,598,18124,18722
926,2018-05-15,672,18959,19631
926,2018-05-16,624,18743,19367
926,2018-05-17,651,19430,20081
926,2018-05-19,540,16921,17461
926,2018-05-20,200,12964,13164
926,2018-05-21,207,12059,12266
926,2018-05-22,600,18312,18912
926,2018-05-23,414,18838,19252
926,2018-05-24,575,18112,18687
926,2018-05-25,638,18964,19602
926,2018-05-26,621,16935,17556
926,2018-05-27,286,13148,13434
926,2018-05-28,588,19398,19986
926,2018-05-29,661,19284,19945
926,2018-05-30,522,20154,20676
926,2018-05-31,564,20090,20654
926,2018-06-02,573,18124,18697
926,2018-06-03,260,13891,14151
926,2018-06-04,671,18761,19432
926,2018-06-05,652,19928,20580
926,2018-06-06,588,19832,20420
926,2018-06-07,534,20176,20710
926,2018-06-08,687,20259,20946
926,2018-06-09,434,17902,18336
926,2018-06-10,78,14012,14090
926,2018-06-11,530,18312,18842
926,2018-06-12,547,18663,19210
926,2018-06-13,635,18991,19626
926,2018-06-14,676,19030,19706
926,2018-06-16,595,17383,17978
926,2018-06-17,234,12881,13115
926,2018-06-18,578,18635,19213
926,2018-06-19,602,19634,20236
926,2018-06-20,548,18869,19417
926,2018-06-21,576,19579,20155
926,2018-06-22,708,19959,20667
926,2018-06-23,352,12978,13330
926,2018-06-24,250,12776,13026
926,2018-06-25,636,18554,19190
926,2018-06-26,599,18964,19563
926,2018-06-27,661,18801,19462
926,2018-06-28,630,19661,20291
926,2018-06-30,627,18118,18745
926,2018-07-01,251,14601,14852
926,2018-07-02,660,18730,19390
926,2018-07-03,639,19910,20549
926,2018-07-04,582,18067,18649
926,2018-07-05,504,19630,20134
926,2018-07-06,699,20134,20833
926,2018-07-07,663,17677,18340
926,2018-07-08,266,13295,13561
926,2018-07-09,581,18757,19338
926,2018-07-10,641,19595,20236
926,2018-07-11,561,19446,20007
926,2018-07-12,587,19457,20044
926,2018-07-14,553,18273,18826
926,2018-07-15,246,12848,13094
926,2018-07-16,655,18422,19077
926,2018-07-17,655,18777,19432
926,2018-07-18,645,18729,19374
926,2018-07-19,663,18840,19503
926,2018-07-20,712,19190,19902
926,2018-07-21,395,15817,16212
926,2018-07-22,185,12184,12369
926,2018-07-23,658,18082,18740
926,2018-07-24,704,18469,19173
926,2018-07-25,671,18021,18692
926,2018-07-26,660,18979,19639
926,2018-07-28,538,15165,15703
926,2018-07-29,239,11869,12108
926,2018-07-30,687,16398,17085
926,2018-07-31,656,16671,17327
926,2018-08-01,542,16342,16884
926,2018-08-02,598,16323,16921
926,2018-08-03,612,16303,16915
926,2018-08-04,361,12780,13141
926,2018-08-05,122,10062,10184
926,2018-08-06,596,14458,15054
926,2018-08-07,524,15228,15752
926,2018-08-08,544,15466,16010
926,2018-08-09,536,15182,15718
926,2018-08-11,351,11990,12341
926,2018-08-12,144,9652,9796
926,2018-08-13,514,14520,15034
926,2018-08-14,670,15313,15983
926,2018-08-15,107,9045,9152
926,2018-08-16,616,15009,15625
926,2018-08-17,688,15117,15805
926,2018-08-18,468,11934,12402
926,2018-08-19,211,10329,10540
926,2018-08-20,621,15811,16432
926,2018-08-21,619,16400,17019
926,2018-08-22,610,15803,16413
926,2018-08-23,625,15814,16439
926,2018-08-24,693,16249,16942
926,2018-08-25,471,13331,13802
926,2018-08-26,245,10771,11016
926,2018-08-27,308,8071,8379
926,2018-08-28,542,16502,17044
926,2018-08-29,408,16472,16880
926,2018-08-30,420,16649,17069
926,2018-08-31,496,17528,18024
926,2018-09-01,412,14704,15116
926,2018-09-02,139,11495,11634
926,2018-09-03,486,16480,16966
926,2018-09-04,471,16956,17427
926,2018-09-05,493,16596,17089
926,2018-09-06,545,17573,18118
926,2018-09-08,538,15021,15559
926,2018-09-09,177,11776,11953
926,2018-09-10,463,17080,17543
926,2018-09-11,482,17939,18421
926,2018-09-12,468,17953,18421
926,2018-09-13,472,17818,18290
926,2018-09-14,525,18210,18735
926,2018-09-15,443,17061,17504
926,2018-09-16,207,13185,13392
926,2018-09-17,523,18601,19124
926,2018-09-18,558,19397,19955
926,2018-09-19,559,18925,19484
926,2018-09-20,542,19043,19585
926,2018-09-22,404,16873,17277
926,2018-09-23,109,11275,11384
926,2018-09-24,572,18316,18888
926,2018-09-25,653,19224,19877
926,2018-09-26,618,19068,19686
926,2018-09-27,616,19374,19990
926,2018-09-28,626,20080,20706
926,2018-09-29,429,17934,18363
926,2018-09-30,477,13448,13925
926,2018-10-01,683,18733,19416
926,2018-10-02,634,19267,19901
926,2018-10-03,534,18893,19427
926,2018-10-04,638,19251,19889
926,2018-10-06,432,17735,18167
926,2018-10-07,403,13132,13535
926,2018-10-08,651,18578,19229
926,2018-10-09,636,18414,19050
926,2018-10-10,583,18965,19548
926,2018-10-11,617,19177,19794
926,2018-10-12,615,19936,20551
926,2018-10-13,523,17732,18255
926,2018-10-14,175,13641,13816
926,2018-10-15,512,12955,13467
926,2018-10-16,611,18293,18904
926,2018-10-17,585,18925,19510
926,2018-10-18,642,19432,20074
926,2018-10-20,524,17296,17820
926,2018-10-21,177,13725,13902
926,2018-10-22,631,17995,18626
926,2018-10-23,636,18259,18895
926,2018-10-24,635,18803,19438
926,2018-10-25,620,19239,19859
926,2018-10-26,652,19723,20375
926,2018-10-27,950,16967,17917
926,2018-10-28,635,12144,12779
926,2018-10-29,1066,17309,18375
926,2018-10-30,942,17959,18901
926,2018-10-31,1053,19127,20180
926,2018-11-01,532,12389,12921
926,2018-11-03,928,16186,17114
926,2018-11-04,330,12851,13181
926,2018-11-05,661,18145,18806
926,2018-11-06,677,18771,19448
926,2018-11-07,617,19456,20073
926,2018-11-08,606,19593,20199
926,2018-11-09,677,20329,21006
926,2018-11-10,404,19970,20374
926,2018-11-11,189,12813,13002
926,2018-11-12,671,18824,19495
926,2018-11-13,619,18988,19607
926,2018-11-14,719,19418,20137
926,2018-11-15,742,19151,19893
926,2018-11-17,439,17753,18192
926,2018-11-18,208,11875,12083
926,2018-11-19,599,18389,18988
926,2018-11-20,689,19046,19735
926,2018-11-21,621,19153,19774
926,2018-11-22,650,19593,20243
926,2018-11-23,642,20816,21458
926,2018-11-24,417,17681,18098
926,2018-11-25,188,13882,14070
926,2018-11-26,613,18579,19192
926,2018-11-27,542,18435,18977
926,2018-11-28,558,19254,19812
926,2018-11-29,622,19795,20417
926,2018-11-30,601,20454,21055
926,2018-12-01,282,18186,18468
926,2018-12-02,160,13278,13438
926,2018-12-03,360,18306,18666
926,2018-12-04,594,19470,20064
926,2018-12-05,586,19181,19767
926,2018-12-06,549,20134,20683
926,2018-12-08,258,17048,17306
926,2018-12-09,92,12486,12578
926,2018-12-10,561,19159,19720
926,2018-12-11,649,19482,20131
926,2018-12-12,624,19502,20126
926,2018-12-13,646,19908,20554
926,2018-12-14,736,20961,21697
926,2018-12-15,453,18271,18724
926,2018-12-16,153,12504,12657
926,2018-12-17,653,19181,19834
926,2018-12-18,599,19813,20412
926,2018-12-19,615,19935,20550
926,2018-12-20,552,20101,20653
926,2018-12-21,382,20954,21336
926,2018-12-22,262,16638,16900
926,2018-12-23,140,12763,12903
926,2018-12-24,394,16249,16643
926,2018-12-25,110,9456,9566
926,2018-12-26,170,9367,9537
926,2018-12-27,450,15792,16242
926,2018-12-28,473,16205,16678
926,2018-12-29,320,13824,14144
926,2018-12-30,133,11008,11141
926,2018-12-31,429,14820,15249
927,2018-01-01,13,3626,3639
927,2018-01-02,190,7561,7751
927,2018-01-03,208,8199,8407
927,2018-01-04,181,9018,9199
927,2018-01-05,256,9281,9537
927,2018-01-06,64,6387,6451
927,2018-01-07,21,4725,4746
927,2018-01-08,363,10572,10935
927,2018-01-09,356,11028,11384
927,2018-01-10,357,10645,11002
927,2018-01-11,348,11434,11782
927,2018-01-12,370,11159,11529
927,2018-01-13,110,6761,6871
927,2018-01-14,27,4606,4633
927,2018-01-15,474,10884,11358
927,2018-01-16,474,12216,12690
927,2018-01-17,474,10823,11297
927,2018-01-18,480,11784,12264
927,2018-01-19,476,11499,11975
927,2018-01-20,69,6444,6513
927,2018-01-21,21,4305,4326
927,2018-01-22,494,10502,10996
927,2018-01-23,414,10830,11244
927,2018-01-24,431,10987,11418
927,2018-01-25,394,11335,11729
927,2018-01-26,468,11460,11928
927,2018-01-27,122,6590,6712
927,2018-01-28,10,4368,4378
927,2018-01-29,487,10835,11322
927,2018-01-30,482,11202,11684
927,2018-01-31,451,11131,11582
927,2018-02-01,485,11446,11931
927,2018-02-02,452,11250,11702
927,2018-02-03,132,6695,6827
927,2018-02-04,19,4635,4654
927,2018-02-05,453,10514,10967
927,2018-02-06,261,9695,9956
927,2018-02-07,288,10307,10595
927,2018-02-08,326,10895,11221
927,2018-02-09,315,11062,11377
927,2018-02-10,67,5785,5852
927,2018-02-11,16,3563,3579
927,2018-02-12,280,8445,8725
927,2018-02-13,340,9339,9679
927,2018-02-14,339,9215,9554
927,2018-02-15,311,8978,9289
927,2018-02-16,362,9534,9896
927,2018-02-17,109,5602,5711
927,2018-02-18,37,4369,4406
927,2018-02-19,410,10375,10785
927,2018-02-20,414,10891,11305
927,2018-02-21,438,11130,11568
927,2018-02-22,483,11199,11682
927,2018-02-23,501,11867,12368
927,2018-02-24,102,6774,6876
927,2018-02-25,23,4672,4695
927,2018-02-26,364,10257,10621
927,2018-02-27,317,10764,11081
927,2018-02-28,383,10767,11150
927,2018-03-01,408,11004,11412
927,2018-03-02,324,9794,10118
927,2018-03-03,98,6116,6214
927,2018-03-04,29,4425,4454
927,2018-03-05,502,11816,12318
927,2018-03-06,487,11299,11786
927,2018-03-07,499,11525,12024
927,2018-03-08,409,11197,11606
927,2018-03-09,480,11346,11826
927,2018-03-10,114,7047,7161
927,2018-03-11,24,4658,4682
927,2018-03-12,453,10843,11296
927,2018-03-13,456,11362,11818
927,2018-03-14,490,11398,11888
927,2018-03-15,482,11263,11745
927,2018-03-16,494,12009,12503
927,2018-03-17,135,6685,6820
927,2018-03-18,15,4094,4109
927,2018-03-19,624,12072,12696
927,2018-03-20,446,11150,11596
927,2018-03-21,514,11385,11899
927,2018-03-22,439,11347,11786
927,2018-03-23,498,11735,12233
927,2018-03-24,141,7275,7416
927,2018-03-26,495,11209,11704
927,2018-03-27,474,11624,12098
927,2018-03-28,539,11279,11818
927,2018-03-29,466,12672,13138
927,2018-03-30,458,12475,12933
927,2018-03-31,146,6908,7054
927,2018-04-01,20,4289,4309
927,2018-04-02,34,4391,4425
927,2018-04-03,493,10516,11009
927,2018-04-04,596,11155,11751
927,2018-04-05,483,10632,11115
927,2018-04-06,489,11240,11729
927,2018-04-07,180,6616,6796
927,2018-04-08,35,4801,4836
927,2018-04-09,397,8752,9149
927,2018-04-10,344,9551,9895
927,2018-04-11,338,9363,9701
927,2018-04-12,333,8591,8924
927,2018-04-13,327,8697,9024
927,2018-04-14,94,6047,6141
927,2018-04-15,20,4809,4829
927,2018-04-16,458,10921,11379
927,2018-04-17,453,12123,12576
927,2018-04-18,461,11865,12326
927,2018-04-19,581,13469,14050
927,2018-04-20,569,12633,13202
927,2018-04-21,238,7896,8134
927,2018-04-22,40,5370,5410
927,2018-04-23,487,11289,11776
927,2018-04-24,491,12292,12783
927,2018-04-25,604,11787,12391
927,2018-04-26,524,12089,12613
927,2018-04-27,582,12676,13258
927,2018-04-28,127,7339,7466
927,2018-04-29,127,4917,5044
927,2018-04-30,308,9351,9659
927,2018-05-01,23,4472,4495
927,2018-05-02,576,11650,12226
927,2018-05-03,400,10702,11102
927,2018-05-04,576,12840,13416
927,2018-05-05,272,8324,8596
927,2018-05-06,38,6088,6126
927,2018-05-07,521,11531,12052
927,2018-05-08,475,12627,13102
927,2018-05-09,557,12406,12963
927,2018-05-10,27,4503,4530
927,2018-05-11,343,9795,10138
927,2018-05-12,137,7025,7162
927,2018-05-13,25,4312,4337
927,2018-05-14,547,11250,11797
927,2018-05-15,442,11160,11602
927,2018-05-16,558,11829,12387
927,2018-05-17,428,11094,11522
927,2018-05-18,555,13074,13629
927,2018-05-19,187,6836,7023
927,2018-05-20,41,4198,4239
927,2018-05-21,43,4201,4244
927,2018-05-22,416,9074,9490
927,2018-05-23,571,10283,10854
927,2018-05-24,560,10733,11293
927,2018-05-25,515,10843,11358
927,2018-05-26,325,7244,7569
927,2018-05-27,35,4882,4917
927,2018-05-28,550,11093,11643
927,2018-05-29,506,11670,12176
927,2018-05-30,503,11530,12033
927,2018-05-31,482,12296,12778
927,2018-06-01,512,12595,13107
927,2018-06-02,155,7551,7706
927,2018-06-03,40,5220,5260
927,2018-06-05,624,13618,14242
927,2018-06-06,648,13280,13928
927,2018-06-07,488,11544,12032
927,2018-06-08,480,12098,12578
927,2018-06-09,234,8345,8579
927,2018-06-10,41,5590,5631
927,2018-06-11,483,12485,12968
927,2018-06-12,422,11692,12114
927,2018-06-13,516,11523,12039
927,2018-06-14,460,11560,12020
927,2018-06-15,465,11800,12265
927,2018-06-16,176,7250,7426
927,2018-06-17,25,4906,4931
927,2018-06-18,502,11138,11640
927,2018-06-19,495,11740,12235
927,2018-06-20,501,11121,11622
927,2018-06-21,550,11617,12167
927,2018-06-22,524,11556,12080
927,2018-06-23,53,4679,4732
927,2018-06-24,43,4878,4921
927,2018-06-25,516,11215,11731
927,2018-06-26,499,11641,12140
927,2018-06-27,596,11297,11893
927,2018-06-28,568,12587,13155
927,2018-06-29,531,12428,12959
927,2018-06-30,162,7342,7504
927,2018-07-01,34,5513,5547
927,2018-07-02,541,11213,11754
927,2018-07-03,593,11833,12426
927,2018-07-04,546,11769,12315
927,2018-07-05,505,12500,13005
927,2018-07-06,554,11896,12450
927,2018-07-07,142,7430,7572
927,2018-07-08,35,5502,5537
927,2018-07-09,504,10973,11477
927,2018-07-10,586,11707,12293
927,2018-07-11,495,11306,11801
927,2018-07-12,516,11577,12093
927,2018-07-13,583,12041,12624
927,2018-07-14,170,7701,7871
927,2018-07-15,44,4972,5016
927,2018-07-16,534,10597,11131
927,2018-07-17,648,11279,11927
927,2018-07-18,613,11040,11653
927,2018-07-19,602,11269,11871
927,2018-07-20,635,12117,12752
927,2018-07-21,198,7222,7420
927,2018-07-22,70,5187,5257
927,2018-07-23,550,10487,11037
927,2018-07-24,483,10431,10914
927,2018-07-25,612,11864,12476
927,2018-07-26,483,10695,11178
927,2018-07-27,287,9728,10015
927,2018-07-28,90,5930,6020
927,2018-07-29,46,4621,4667
927,2018-07-30,233,8427,8660
927,2018-07-31,248,8721,8969
927,2018-08-01,213,8636,8849
927,2018-08-02,192,7764,7956
927,2018-08-03,245,8524,8769
927,2018-08-04,95,5559,5654
927,2018-08-05,43,4318,4361
927,2018-08-06,238,7409,7647
927,2018-08-07,191,6998,7189
927,2018-08-08,262,7612,7874
927,2018-08-09,196,7142,7338
927,2018-08-10,209,7597,7806
927,2018-08-11,61,5054,5115
927,2018-08-12,20,3970,3990
927,2018-08-13,217,6876,7093
927,2018-08-14,196,7086,7282
927,2018-08-15,32,3850,3882
927,2018-08-16,214,7104,7318
927,2018-08-17,253,7369,7622
927,2018-08-18,91,5102,5193
927,2018-08-19,22,4550,4572
927,2018-08-20,288,7682,7970
927,2018-08-21,278,8283,8561
927,2018-08-22,245,8154,8399
927,2018-08-23,269,8382,8651
927,2018-08-24,304,8506,8810
927,2018-08-25,123,5920,6043
927,2018-08-26,34,4611,4645
927,2018-08-27,451,8408,8859
927,2018-08-28,444,8973,9417
927,2018-08-29,428,9092,9520
927,2018-08-30,441,9714,10155
927,2018-08-31,501,9816,10317
927,2018-09-01,177,7340,7517
927,2018-09-02,32,4572,4604
927,2018-09-03,409,8954,9363
927,2018-09-04,431,9283,9714
927,2018-09-05,460,10230,10690
927,2018-09-06,476,10722,11198
927,2018-09-07,473,9945,10418
927,2018-09-08,189,5966,6155
927,2018-09-09,43,4725,4768
927,2018-09-10,442,8790,9232
927,2018-09-11,377,10008,10385
927,2018-09-12,486,10193,10679
927,2018-09-13,334,9762,10096
927,2018-09-14,465,11526,11991
927,2018-09-15,105,4545,4650
927,2018-09-16,13,3111,3124
927,2018-09-17,436,10221,10657
927,2018-09-18,450,10986,11436
927,2018-09-19,382,9922,10304
927,2018-09-20,449,11337,11786
927,2018-09-21,436,11415,11851
927,2018-09-22,100,4433,4533
927,2018-09-23,30,3120,3150
927,2018-09-25,435,11237,11672
927,2018-09-26,446,12208,12654
927,2018-09-27,473,11478,11951
927,2018-09-28,474,11578,12052
927,2018-09-29,71,3324,3395
927,2018-09-30,23,5074,5097
927,2018-10-01,462,10915,11377
927,2018-10-02,431,11327,11758
927,2018-10-03,418,10557,10975
927,2018-10-04,468,11525,11993
927,2018-10-05,526,11635,12161
927,2018-10-06,176,7117,7293
927,2018-10-07,75,4765,4840
927,2018-10-08,494,10826,11320
927,2018-10-10,429,11172,11601
927,2018-10-12,523,11252,11775
927,2018-10-13,101,5380,5481
927,2018-10-14,15,4801,4816
927,2018-10-15,504,12094,12598
927,2018-10-16,454,11173,11627
927,2018-10-17,471,10924,11395
927,2018-10-18,478,11006,11484
927,2018-10-19,509,11356,11865
927,2018-10-20,135,6896,7031
927,2018-10-21,15,4879,4894
927,2018-10-23,412,10920,11332
927,2018-10-24,419,10625,11044
927,2018-10-25,397,10882,11279
927,2018-10-26,403,10781,11184
927,2018-10-27,141,6523,6664
927,2018-10-28,21,4495,4516
927,2018-10-30,394,10043,10437
927,2018-11-01,36,4398,4434
927,2018-11-02,217,7998,8215
927,2018-11-03,150,5728,5878
927,2018-11-04,20,4643,4663
927,2018-11-05,568,12776,13344
927,2018-11-06,488,11099,11587
927,2018-11-08,426,11436,11862
927,2018-11-09,401,11441,11842
927,2018-11-10,72,5543,5615
927,2018-11-11,26,4475,4501
927,2018-11-12,448,10467,10915
927,2018-11-13,529,11583,12112
927,2018-11-14,483,11045,11528
927,2018-11-15,493,11258,11751
927,2018-11-16,537,11525,12062
927,2018-11-17,106,6858,6964
927,2018-11-18,27,4620,4647
927,2018-11-19,374,8760,9134
927,2018-11-21,499,10461,10960
927,2018-11-22,496,11345,11841
927,2018-11-23,471,12414,12885
927,2018-11-24,159,7036,7195
927,2018-11-25,28,4938,4966
927,2018-11-26,430,10375,10805
927,2018-11-27,492,10912,11404
927,2018-11-28,458,10884,11342
927,2018-11-30,417,11276,11693
927,2018-12-01,90,4453,4543
927,2018-12-02,17,3387,3404
927,2018-12-03,390,10583,10973
927,2018-12-04,512,12586,13098
927,2018-12-05,457,10812,11269
927,2018-12-06,470,12640,13110
927,2018-12-07,398,11656,12054
927,2018-12-08,64,4926,4990
927,2018-12-09,23,4140,4163
927,2018-12-10,479,10382,10861
927,2018-12-11,410,10732,11142
927,2018-12-12,414,10511,10925
927,2018-12-13,454,11007,11461
927,2018-12-14,476,11451,11927
927,2018-12-15,120,6611,6731
927,2018-12-16,20,4202,4222
927,2018-12-17,447,11113,11560
927,2018-12-18,461,11583,12044
927,2018-12-20,394,11545,11939
927,2018-12-21,328,11447,11775
927,2018-12-22,110,6307,6417
927,2018-12-23,11,4463,4474
927,2018-12-24,106,6221,6327
927,2018-12-25,10,3666,3676
927,2018-12-26,28,3490,3518
927,2018-12-27,145,6102,6247
927,2018-12-28,186,6274,6460
927,2018-12-29,40,5022,5062
927,2018-12-30,10,3821,3831
927,2018-12-31,79,5281,5360
928,2018-01-01,72,5040,5112
928,2018-01-02,176,8450,8626
928,2018-01-03,210,8470,8680
928,2018-01-05,202,9696,9898
928,2018-01-06,178,7916,8094
928,2018-01-07,62,6177,6239
928,2018-01-08,229,9358,9587
928,2018-01-09,235,9799,10034
928,2018-01-10,213,9618,9831
928,2018-01-11,216,9947,10163
928,2018-01-12,239,10085,10324
928,2018-01-13,159,8595,8754
928,2018-01-14,80,6689,6769
928,2018-01-15,192,9144,9336
928,2018-01-16,198,9628,9826
928,2018-01-17,244,9460,9704
928,2018-01-19,241,10252,10493
928,2018-01-20,176,8592,8768
928,2018-01-21,63,6458,6521
928,2018-01-22,232,9874,10106
928,2018-01-23,240,9762,10002
928,2018-01-24,228,9609,9837
928,2018-01-26,219,10587,10806
928,2018-01-27,181,8576,8757
928,2018-01-28,59,6503,6562
928,2018-01-29,237,9814,10051
928,2018-01-30,250,9858,10108
928,2018-01-31,194,9440,9634
928,2018-02-01,248,9909,10157
928,2018-02-02,236,10057,10293
928,2018-02-03,179,8840,9019
928,2018-02-04,62,6461,6523
928,2018-02-05,216,9497,9713
928,2018-02-06,213,8637,8850
928,2018-02-07,236,9479,9715
928,2018-02-09,244,9937,10181
928,2018-02-10,192,8182,8374
928,2018-02-11,70,6387,6457
928,2018-02-12,210,8722,8932
928,2018-02-13,232,8866,9098
928,2018-02-14,225,9179,9404
928,2018-02-15,191,8793,8984
928,2018-02-16,202,9355,9557
928,2018-02-17,180,8101,8281
928,2018-02-18,62,6692,6754
928,2018-02-19,239,9337,9576
928,2018-02-20,234,9624,9858
928,2018-02-21,229,9557,9786
928,2018-02-22,258,9761,10019
928,2018-02-23,249,9963,10212
928,2018-02-24,190,8620,8810
928,2018-02-25,74,6521,6595
928,2018-02-26,237,9566,9803
928,2018-02-27,247,9799,10046
928,2018-02-28,272,9488,9760
928,2018-03-02,220,9092,9312
928,2018-03-03,162,9179,9341
928,2018-03-04,77,6305,6382
928,2018-03-05,245,9082,9327
928,2018-03-06,232,9551,9783
928,2018-03-07,234,10168,10402
928,2018-03-08,240,10064,10304
928,2018-03-09,226,9774,10000
928,2018-03-10,168,9991,10159
928,2018-03-11,54,6971,7025
928,2018-03-12,256,9746,10002
928,2018-03-13,238,10186,10424
928,2018-03-14,224,10146,10370
928,2018-03-16,253,10762,11015
928,2018-03-17,188,9068,9256
928,2018-03-18,66,6453,6519
928,2018-03-19,248,9544,9792
928,2018-03-20,245,10002,10247
928,2018-03-21,231,10008,10239
928,2018-03-22,253,9825,10078
928,2018-03-23,235,10781,11016
928,2018-03-24,188,9336,9524
928,2018-03-26,239,10012,10251
928,2018-03-27,242,10102,10344
928,2018-03-28,218,9756,9974
928,2018-03-31,184,9122,9306
928,2018-04-01,78,7040,7118
928,2018-04-02,67,6330,6397
928,2018-04-03,196,9348,9544
928,2018-04-04,210,9262,9472
928,2018-04-06,232,9886,10118
928,2018-04-07,159,8824,8983
928,2018-04-08,61,7651,7712
928,2018-04-09,222,9439,9661
928,2018-04-10,218,9506,9724
928,2018-04-11,199,9723,9922
928,2018-04-13,221,10076,10297
928,2018-04-14,183,9091,9274
928,2018-04-15,68,7242,7310
928,2018-04-16,238,9864,10102
928,2018-04-17,231,10662,10893
928,2018-04-18,242,10519,10761
928,2018-04-19,256,10806,11062
928,2018-04-20,228,10806,11034
928,2018-04-21,195,9857,10052
928,2018-04-22,69,7796,7865
928,2018-04-23,228,10038,10266
928,2018-04-24,233,10343,10576
928,2018-04-25,224,10126,10350
928,2018-04-26,235,10324,10559
928,2018-04-27,256,11117,11373
928,2018-04-28,190,9708,9898
928,2018-04-29,68,6852,6920
928,2018-04-30,214,9892,10106
928,2018-05-01,65,6498,6563
928,2018-05-02,244,9967,10211
928,2018-05-04,247,10789,11036
928,2018-05-05,184,9940,10124
928,2018-05-06,73,8072,8145
928,2018-05-07,257,10322,10579
928,2018-05-08,262,10658,10920
928,2018-05-09,253,10988,11241
928,2018-05-10,70,6286,6356
928,2018-05-11,257,10548,10805
928,2018-05-12,187,9019,9206
928,2018-05-13,66,6876,6942
928,2018-05-14,254,9616,9870
928,2018-05-15,264,10460,10724
928,2018-05-16,267,10165,10432
928,2018-05-18,259,10799,11058
928,2018-05-19,273,8958,9231
928,2018-05-20,126,6710,6836
928,2018-05-21,110,6360,6470
928,2018-05-22,302,9273,9575
928,2018-05-23,306,9454,9760
928,2018-05-24,285,9539,9824
928,2018-05-25,314,9742,10056
928,2018-05-26,296,9791,10087
928,2018-05-27,129,7952,8081
928,2018-05-29,218,10104,10322
928,2018-05-30,224,10590,10814
928,2018-06-01,206,10584,10790
928,2018-06-02,197,10084,10281
928,2018-06-03,78,7728,7806
928,2018-06-04,218,10256,10474
928,2018-06-05,221,10478,10699
928,2018-06-06,240,10316,10556
928,2018-06-07,194,10426,10620
928,2018-06-08,231,10785,11016
928,2018-06-09,182,9650,9832
928,2018-06-10,80,7654,7734
928,2018-06-11,236,9174,9410
928,2018-06-12,226,9926,10152
928,2018-06-13,236,9947,10183
928,2018-06-15,217,10348,10565
928,2018-06-16,190,9464,9654
928,2018-06-17,71,7373,7444
928,2018-06-18,244,9464,9708
928,2018-06-19,230,9990,10220
928,2018-06-20,226,9769,9995
928,2018-06-21,235,9969,10204
928,2018-06-22,206,10386,10592
928,2018-06-23,68,6738,6806
928,2018-06-24,69,6523,6592
928,2018-06-25,236,9281,9517
928,2018-06-26,213,9845,10058
928,2018-06-27,245,9727,9972
928,2018-06-29,219,10606,10825
928,2018-06-30,175,9916,10091
928,2018-07-01,73,8256,8329
928,2018-07-02,223,9762,9985
928,2018-07-03,258,10417,10675
928,2018-07-04,270,9878,10148
928,2018-07-05,230,9734,9964
928,2018-07-06,253,10166,10419
928,2018-07-07,183,9356,9539
928,2018-07-08,73,8320,8393
928,2018-07-09,271,9971,10242
928,2018-07-10,276,10191,10467
928,2018-07-11,248,9867,10115
928,2018-07-13,233,10341,10574
928,2018-07-14,404,9269,9673
928,2018-07-15,197,7089,7286
928,2018-07-16,220,9193,9413
928,2018-07-17,239,9215,9454
928,2018-07-18,239,9360,9599
928,2018-07-19,269,10214,10483
928,2018-07-20,264,9540,9804
928,2018-07-21,169,8231,8400
928,2018-07-22,68,6772,6840
928,2018-07-23,264,8761,9025
928,2018-07-24,234,9267,9501
928,2018-07-25,255,9188,9443
928,2018-07-27,191,8713,8904
928,2018-07-28,160,6674,6834
928,2018-07-29,65,5888,5953
928,2018-07-30,190,7496,7686
928,2018-07-31,184,7738,7922
928,2018-08-01,172,7256,7428
928,2018-08-02,196,7960,8156
928,2018-08-03,207,7588,7795
928,2018-08-04,171,6383,6554
928,2018-08-05,45,5656,5701
928,2018-08-06,200,6983,7183
928,2018-08-07,204,6843,7047
928,2018-08-08,218,6398,6616
928,2018-08-10,207,6351,6558
928,2018-08-11,181,5403,5584
928,2018-08-12,56,4806,4862
928,2018-08-13,200,6174,6374
928,2018-08-14,211,6356,6567
928,2018-08-15,47,4441,4488
928,2018-08-16,183,6947,7130
928,2018-08-17,201,6359,6560
928,2018-08-18,183,5578,5761
928,2018-08-19,57,5365,5422
928,2018-08-20,213,6969,7182
928,2018-08-21,215,7118,7333
928,2018-08-22,221,7580,7801
928,2018-08-23,228,7307,7535
928,2018-08-24,249,7242,7491
928,2018-08-25,292,6544,6836
928,2018-08-26,100,5152,5252
928,2018-08-27,296,7708,8004
928,2018-08-28,311,7816,8127
928,2018-08-29,292,7552,7844
928,2018-08-30,328,7832,8160
928,2018-08-31,311,8444,8755
928,2018-09-01,273,7259,7532
928,2018-09-02,137,5855,5992
928,2018-09-03,306,7914,8220
928,2018-09-04,318,8241,8559
928,2018-09-05,293,8365,8658
928,2018-09-07,335,8779,9114
928,2018-09-08,290,7565,7855
928,2018-09-09,111,6338,6449
928,2018-09-10,310,8418,8728
928,2018-09-11,336,9057,9393
928,2018-09-12,304,8938,9242
928,2018-09-13,333,8568,8901
928,2018-09-14,319,9116,9435
928,2018-09-15,270,8597,8867
928,2018-09-16,111,6995,7106
928,2018-09-17,233,9644,9877
928,2018-09-18,217,9968,10185
928,2018-09-19,234,9605,9839
928,2018-09-21,214,9844,10058
928,2018-09-22,188,8648,8836
928,2018-09-23,58,6100,6158
928,2018-09-24,220,9341,9561
928,2018-09-25,228,9801,10029
928,2018-09-26,248,9763,10011
928,2018-09-27,239,10027,10266
928,2018-09-28,237,10225,10462
928,2018-09-29,176,8696,8872
928,2018-09-30,53,7708,7761
928,2018-10-01,242,9738,9980
928,2018-10-02,239,9961,10200
928,2018-10-03,238,9942,10180
928,2018-10-05,225,10391,10616
928,2018-10-06,187,8943,9130
928,2018-10-07,59,6679,6738
928,2018-10-08,248,9849,10097
928,2018-10-09,239,9999,10238
928,2018-10-10,263,9910,10173
928,2018-10-11,228,10116,10344
928,2018-10-12,226,10580,10806
928,2018-10-13,171,8977,9148
928,2018-10-14,49,7196,7245
928,2018-10-15,238,9716,9954
928,2018-10-16,228,9838,10066
928,2018-10-17,249,9673,9922
928,2018-10-19,245,9921,10166
928,2018-10-20,163,8504,8667
928,2018-10-21,70,7465,7535
928,2018-10-22,265,9645,9910
928,2018-10-23,221,9770,9991
928,2018-10-24,247,9544,9791
928,2018-10-25,239,9928,10167
928,2018-10-26,208,10162,10370
928,2018-10-27,180,8394,8574
928,2018-10-28,54,6254,6308
928,2018-10-29,232,9202,9434
928,2018-10-30,228,8640,8868
928,2018-10-31,197,10338,10535
928,2018-11-02,206,8276,8482
928,2018-11-03,176,7610,7786
928,2018-11-04,53,6107,6160
928,2018-11-05,255,9850,10105
928,2018-11-06,269,9993,10262
928,2018-11-07,227,9490,9717
928,2018-11-08,228,9840,10068
928,2018-11-09,236,9888,10124
928,2018-11-10,164,8152,8316
928,2018-11-11,46,6910,6956
928,2018-11-12,218,9066,9284
928,2018-11-13,231,9403,9634
928,2018-11-14,236,9504,9740
928,2018-11-16,252,9704,9956
928,2018-11-17,162,8887,9049
928,2018-11-18,51,6465,6516
928,2018-11-19,229,9222,9451
928,2018-11-20,219,9520,9739
928,2018-11-21,229,9382,9611
928,2018-11-22,259,9263,9522
928,2018-11-23,252,10048,10300
928,2018-11-24,166,8388,8554
928,2018-11-25,50,6277,6327
928,2018-11-26,215,9476,9691
928,2018-11-27,236,9399,9635
928,2018-11-28,201,9360,9561
928,2018-11-29,221,9686,9907
928,2018-11-30,222,9970,10192
928,2018-12-01,151,8678,8829
928,2018-12-02,38,6786,6824
928,2018-12-03,200,8514,8714
928,2018-12-04,226,9658,9884
928,2018-12-05,229,9430,9659
928,2018-12-07,200,9414,9614
928,2018-12-08,162,8604,8766
928,2018-12-09,44,6184,6228
928,2018-12-10,252,8964,9216
928,2018-12-11,204,9220,9424
928,2018-12-12,216,9145,9361
928,2018-12-13,230,9219,9449
928,2018-12-14,217,9843,10060
928,2018-12-15,198,8694,8892
928,2018-12-16,44,6499,6543
928,2018-12-17,250,8940,9190
928,2018-12-18,239,9307,9546
928,2018-12-19,176,9594,9770
928,2018-12-20,186,9626,9812
928,2018-12-21,160,9448,9608
928,2018-12-22,164,7806,7970
928,2018-12-23,50,6292,6342
928,2018-12-24,168,7586,7754
928,2018-12-25,34,4931,4965
928,2018-12-26,40,4760,4800
928,2018-12-27,169,7269,7438
928,2018-12-28,166,7126,7292
928,2018-12-29,144,6488,6632
928,2018-12-30,52,5202,5254
928,2018-12-31,176,6913,7089
939,2018-01-01,79,4312,4391
939,2018-01-02,699,9111,9810
939,2018-01-03,834,9322,10156
939,2018-01-04,854,9838,10692
939,2018-01-05,850,10415,11265
939,2018-01-06,352,7538,7890
939,2018-01-07,109,6749,6858
939,2018-01-08,1302,10901,12203
939,2018-01-09,1434,11380,12814
939,2018-01-10,1361,11045,12406
939,2018-01-11,1477,11483,12960
939,2018-01-12,1681,11681,13362
939,2018-01-13,396,7952,8348
939,2018-01-14,134,6985,7119
939,2018-01-15,1617,10786,12403
939,2018-01-16,1389,10724,12113
939,2018-01-17,1379,10878,12257
939,2018-01-18,1350,10936,12286
939,2018-01-19,1288,11804,13092
939,2018-01-20,316,6218,6534
939,2018-01-21,128,7044,7172
939,2018-01-22,1226,10581,11807
939,2018-01-23,1548,11543,13091
939,2018-01-24,1547,11478,13025
939,2018-01-25,1424,11668,13092
939,2018-01-26,1370,11904,13274
939,2018-01-27,376,8636,9012
939,2018-01-28,126,7289,7415
939,2018-01-29,1493,11021,12514
939,2018-01-30,1633,11638,13271
939,2018-01-31,1540,11398,12938
939,2018-02-01,1468,11810,13278
939,2018-02-02,1424,11549,12973
939,2018-02-03,443,8270,8713
939,2018-02-04,122,7054,7176
939,2018-02-05,1468,11120,12588
939,2018-02-06,1210,10639,11849
939,2018-02-07,1365,11240,12605
939,2018-02-08,1396,11262,12658
939,2018-02-09,1298,11259,12557
939,2018-02-10,351,6942,7293
939,2018-02-11,178,6050,6228
939,2018-02-12,859,7968,8827
939,2018-02-13,1194,9787,10981
939,2018-02-14,1427,11049,12476
939,2018-02-15,1064,10167,11231
939,2018-02-16,1248,11301,12549
939,2018-02-17,409,7533,7942
939,2018-02-18,136,7103,7239
939,2018-02-19,1422,10898,12320
939,2018-02-20,1441,11665,13106
939,2018-02-21,1459,11445,12904
939,2018-02-22,1470,11904,13374
939,2018-02-23,1493,12283,13776
939,2018-02-24,495,8246,8741
939,2018-02-25,129,7319,7448
939,2018-02-26,1243,10989,12232
939,2018-02-27,1463,11069,12532
939,2018-02-28,1371,11197,12568
939,2018-03-01,1500,11596,13096
939,2018-03-02,1075,9751,10826
939,2018-03-03,416,7633,8049
939,2018-03-04,109,7090,7199
939,2018-03-05,1342,11248,12590
939,2018-03-06,1459,11829,13288
939,2018-03-07,1374,11018,12392
939,2018-03-08,1524,11375,12899
939,2018-03-09,1470,11664,13134
939,2018-03-10,401,8440,8841
939,2018-03-11,130,7564,7694
939,2018-03-12,1377,10830,12207
939,2018-03-13,1479,11503,12982
939,2018-03-14,1556,11879,13435
939,2018-03-15,1502,12053,13555
939,2018-03-16,1507,12415,13922
939,2018-03-17,419,8366,8785
939,2018-03-18,175,6799,6974
939,2018-03-19,1680,11055,12735
939,2018-03-20,1705,11749,13454
939,2018-03-21,1704,11785,13489
939,2018-03-22,1625,11770,13395
939,2018-03-23,1578,12302,13880
939,2018-03-24,502,9234,9736
939,2018-03-26,1512,11697,13209
939,2018-03-27,1454,11873,13327
939,2018-03-28,1657,10599,12256
939,2018-03-29,1695,12977,14672
939,2018-03-30,1529,12945,14474
939,2018-03-31,488,8647,9135
939,2018-04-01,163,7306,7469
939,2018-04-02,260,7901,8161
939,2018-04-03,1363,11471,12834
939,2018-04-04,1427,11221,12648
939,2018-04-05,1513,11979,13492
939,2018-04-06,1616,12411,14027
939,2018-04-07,548,8833,9381
939,2018-04-08,224,8231,8455
939,2018-04-09,1628,11133,12761
939,2018-04-10,1585,11596,13181
939,2018-04-11,1514,11982,13496
939,2018-04-12,1614,11986,13600
939,2018-04-13,1584,12343,13927
939,2018-04-14,525,8744,9269
939,2018-04-15,191,8440,8631
939,2018-04-16,1527,11585,13112
939,2018-04-17,1609,11443,13052
939,2018-04-18,1692,12315,14007
939,2018-04-19,1638,13119,14757
939,2018-04-20,1620,12994,14614
939,2018-04-21,547,9787,10334
939,2018-04-22,208,8732,8940
939,2018-04-23,1628,11960,13588
939,2018-04-24,1642,12432,14074
939,2018-04-25,1655,12531,14186
939,2018-04-26,1824,12586,14410
939,2018-04-27,1833,13742,15575
939,2018-04-28,645,10491,11136
939,2018-04-29,228,8960,9188
939,2018-04-30,1058,11003,12061
939,2018-05-01,324,7112,7436
939,2018-05-02,1888,12837,14725
939,2018-05-03,1706,12996,14702
939,2018-05-04,1750,13752,15502
939,2018-05-05,811,10709,11520
939,2018-05-06,244,9202,9446
939,2018-05-07,1616,12231,13847
939,2018-05-08,1656,12521,14177
939,2018-05-09,1813,13980,15793
939,2018-05-10,382,9114,9496
939,2018-05-11,1245,11833,13078
939,2018-05-12,620,9518,10138
939,2018-05-13,371,9020,9391
939,2018-05-14,1539,11710,13249
939,2018-05-15,1707,12257,13964
939,2018-05-16,1728,12440,14168
939,2018-05-17,1857,12952,14809
939,2018-05-18,1903,13719,15622
939,2018-05-19,610,10050,10660
939,2018-05-20,198,8691,8889
939,2018-05-21,399,8527,8926
939,2018-05-22,987,6830,7817
939,2018-05-23,924,6193,7117
939,2018-05-24,756,5560,6316
939,2018-05-25,709,6468,7177
939,2018-05-26,497,8592,9089
939,2018-05-27,236,8378,8614
939,2018-05-28,1521,11531,13052
939,2018-05-29,1653,11714,13367
939,2018-05-30,1676,11844,13520
939,2018-05-31,1722,12618,14340
939,2018-06-01,1502,12152,13654
939,2018-06-02,541,8943,9484
939,2018-06-03,233,9100,9333
939,2018-06-04,1635,11382,13017
939,2018-06-05,1744,12458,14202
939,2018-06-06,1705,12099,13804
939,2018-06-07,1695,12297,13992
939,2018-06-08,1689,13316,15005
939,2018-06-09,497,9644,10141
939,2018-06-10,220,8702,8922
939,2018-06-11,1658,10893,12551
939,2018-06-12,1419,11964,13383
939,2018-06-13,1779,12355,14134
939,2018-06-14,1827,12728,14555
939,2018-06-15,1785,13337,15122
939,2018-06-16,604,9774,10378
939,2018-06-17,285,8515,8800
939,2018-06-18,1713,11616,13329
939,2018-06-19,1716,12485,14201
939,2018-06-20,1673,12683,14356
939,2018-06-21,1851,12906,14757
939,2018-06-22,1804,13209,15013
939,2018-06-23,349,7574,7923
939,2018-06-24,288,9321,9609
939,2018-06-25,1807,12009,13816
939,2018-06-26,1747,12812,14559
939,2018-06-27,1851,12640,14491
939,2018-06-28,1802,13153,14955
939,2018-06-29,1703,13778,15481
939,2018-06-30,527,10126,10653
939,2018-07-01,290,9666,9956
939,2018-07-02,1767,12270,14037
939,2018-07-03,1834,12344,14178
939,2018-07-04,1763,12327,14090
939,2018-07-05,1775,12485,14260
939,2018-07-06,1714,13149,14863
939,2018-07-07,614,10184,10798
939,2018-07-08,314,9558,9872
939,2018-07-09,1656,12140,13796
939,2018-07-10,1692,11575,13267
939,2018-07-11,1828,12471,14299
939,2018-07-12,1924,12945,14869
939,2018-07-13,1945,14284,16229
939,2018-07-14,651,12586,13237
939,2018-07-15,381,8896,9277
939,2018-07-16,1589,12203,13792
939,2018-07-17,1633,11968,13601
939,2018-07-18,1694,12369,14063
939,2018-07-19,1680,12730,14410
939,2018-07-20,1656,13324,14980
939,2018-07-21,664,10128,10792
939,2018-07-22,358,9645,10003
939,2018-07-23,1577,12342,13919
939,2018-07-24,1662,12463,14125
939,2018-07-25,1602,12637,14239
939,2018-07-26,1459,12967,14426
939,2018-07-27,1219,13258,14477
939,2018-07-28,574,9925,10499
939,2018-07-29,366,9768,10134
939,2018-07-30,1132,11224,12356
939,2018-07-31,1201,11405,12606
939,2018-08-01,1223,11480,12703
939,2018-08-02,1189,11293,12482
939,2018-08-03,1088,12206,13294
939,2018-08-04,555,9519,10074
939,2018-08-05,355,9417,9772
939,2018-08-06,1030,10594,11624
939,2018-08-07,1004,10417,11421
939,2018-08-08,940,10834,11774
939,2018-08-09,1101,10826,11927
939,2018-08-10,1071,11735,12806
939,2018-08-11,615,9689,10304
939,2018-08-12,293,8866,9159
939,2018-08-13,964,10167,11131
939,2018-08-14,1064,10819,11883
939,2018-08-15,409,7694,8103
939,2018-08-16,1179,10894,12073
939,2018-08-17,1129,11558,12687
939,2018-08-18,513,9268,9781
939,2018-08-19,273,8688,8961
939,2018-08-20,1493,11150,12643
939,2018-08-21,1568,11847,13415
939,2018-08-22,1482,11760,13242
939,2018-08-23,1611,12049,13660
939,2018-08-24,1659,12450,14109
939,2018-08-25,534,9008,9542
939,2018-08-26,251,8557,8808
939,2018-08-27,1631,11669,13300
939,2018-08-28,1873,12252,14125
939,2018-08-29,1867,12192,14059
939,2018-08-30,1937,12109,14046
939,2018-08-31,1722,12372,14094
939,2018-09-01,564,9050,9614
939,2018-09-02,263,8975,9238
939,2018-09-03,1671,10967,12638
939,2018-09-04,1849,11228,13077
939,2018-09-05,1801,11285,13086
939,2018-09-06,1838,11834,13672
939,2018-09-07,1765,11675,13440
939,2018-09-08,555,8828,9383
939,2018-09-09,233,8775,9008
939,2018-09-10,1644,11366,13010
939,2018-09-11,1883,11733,13616
939,2018-09-12,1848,11897,13745
939,2018-09-13,1959,12296,14255
939,2018-09-14,1900,12549,14449
939,2018-09-15,631,9498,10129
939,2018-09-16,277,9464,9741
939,2018-09-17,1908,12365,14273
939,2018-09-18,1821,12445,14266
939,2018-09-19,1774,12481,14255
939,2018-09-20,1859,13169,15028
939,2018-09-21,1770,13407,15177
939,2018-09-22,617,9316,9933
939,2018-09-23,229,8024,8253
939,2018-09-24,1677,12055,13732
939,2018-09-25,1854,12613,14467
939,2018-09-26,1973,12703,14676
939,2018-09-27,1853,13158,15011
939,2018-09-28,1994,13612,15606
939,2018-09-29,633,9896,10529
939,2018-09-30,289,9436,9725
939,2018-10-01,1885,12015,13900
939,2018-10-02,1904,12229,14133
939,2018-10-03,2095,12368,14463
939,2018-10-04,1885,12298,14183
939,2018-10-05,1874,13192,15066
939,2018-10-06,516,10284,10800
939,2018-10-07,228,8697,8925
939,2018-10-08,1832,12270,14102
939,2018-10-09,1856,12391,14247
939,2018-10-10,1807,12446,14253
939,2018-10-11,1752,12979,14731
939,2018-10-12,1798,13331,15129
939,2018-10-13,489,9490,9979
939,2018-10-14,200,9016,9216
939,2018-10-15,1811,11812,13623
939,2018-10-16,1727,11536,13263
939,2018-10-17,1763,12434,14197
939,2018-10-18,1698,12279,13977
939,2018-10-19,1861,13369,15230
939,2018-10-20,616,9846,10462
939,2018-10-21,280,9374,9654
939,2018-10-22,1719,12072,13791
939,2018-10-23,1873,12569,14442
939,2018-10-24,1701,12542,14243
939,2018-10-25,1870,12913,14783
939,2018-10-26,1775,13109,14884
939,2018-10-27,547,9228,9775
939,2018-10-28,223,8400,8623
939,2018-10-29,1716,11885,13601
939,2018-10-30,1578,11773,13351
939,2018-11-01,296,7360,7656
939,2018-11-02,1086,10964,12050
939,2018-11-03,477,8514,8991
939,2018-11-04,202,9069,9271
939,2018-11-05,1641,11727,13368
939,2018-11-06,1684,12171,13855
939,2018-11-07,1756,12176,13932
939,2018-11-08,1808,12433,14241
939,2018-11-09,1737,12967,14704
939,2018-11-10,359,8323,8682
939,2018-11-11,149,7260,7409
939,2018-11-12,1637,11926,13563
939,2018-11-13,1719,12304,14023
939,2018-11-14,1822,12324,14146
939,2018-11-15,1788,12519,14307
939,2018-11-16,1668,12842,14510
939,2018-11-17,464,8668,9132
939,2018-11-18,185,8037,8222
939,2018-11-19,1571,11494,13065
939,2018-11-20,1734,11777,13511
939,2018-11-21,1711,11953,13664
939,2018-11-22,1773,11578,13351
939,2018-11-23,1727,11964,13691
939,2018-11-24,425,8537,8962
939,2018-11-25,148,7180,7328
939,2018-11-26,1708,11436,13144
939,2018-11-27,1742,11703,13445
939,2018-11-28,1796,11851,13647
939,2018-11-29,1863,12181,14044
939,2018-11-30,1647,12848,14495
939,2018-12-01,448,8792,9240
939,2018-12-02,182,7470,7652
939,2018-12-03,1586,12054,13640
939,2018-12-04,1720,12223,13943
939,2018-12-05,1677,12132,13809
939,2018-12-06,1691,12122,13813
939,2018-12-07,1690,12487,14177
939,2018-12-08,457,8611,9068
939,2018-12-09,141,7191,7332
939,2018-12-10,1640,11601,13241
939,2018-12-11,1776,12139,13915
939,2018-12-12,1734,11903,13637
939,2018-12-13,1750,12070,13820
939,2018-12-14,1657,12790,14447
939,2018-12-15,516,8537,9053
939,2018-12-16,183,6819,7002
939,2018-12-17,1542,11702,13244
939,2018-12-18,1710,12245,13955
939,2018-12-19,1630,12260,13890
939,2018-12-20,1521,12704,14225
939,2018-12-21,1138,11866,13004
939,2018-12-22,336,8386,8722
939,2018-12-23,120,7288,7408
939,2018-12-24,506,7764,8270
939,2018-12-25,95,5150,5245
939,2018-12-26,176,6034,6210
939,2018-12-27,702,8723,9425
939,2018-12-28,695,8878,9573
939,2018-12-29,333,7345,7678
939,2018-12-30,137,7127,7264
939,2018-12-31,406,7229,7635
941,2018-01-01,16,752,768
941,2018-01-02,153,1979,2132
941,2018-01-03,182,2384,2566
941,2018-01-04,168,2478,2646
941,2018-01-05,203,2559,2762
941,2018-01-06,52,1562,1614
941,2018-01-07,15,1167,1182
941,2018-01-08,299,2872,3171
941,2018-01-09,366,2889,3255
941,2018-01-10,346,3008,3354
941,2018-01-11,263,3006,3269
941,2018-01-12,325,2941,3266
941,2018-01-13,88,1668,1756
941,2018-01-14,29,1231,1260
941,2018-01-15,294,2908,3202
941,2018-01-16,297,2980,3277
941,2018-01-17,330,2927,3257
941,2018-01-18,293,2888,3181
941,2018-01-19,346,2966,3312
941,2018-01-20,52,1018,1070
941,2018-01-21,23,1070,1093
941,2018-01-22,327,3010,3337
941,2018-01-23,312,2867,3179
941,2018-01-24,296,3108,3404
941,2018-01-25,276,3053,3329
941,2018-01-26,308,3134,3442
941,2018-01-27,82,1762,1844
941,2018-01-28,20,1274,1294
941,2018-01-29,346,2836,3182
941,2018-01-30,320,2885,3205
941,2018-01-31,308,3055,3363
941,2018-02-01,318,3108,3426
941,2018-02-02,290,2969,3259
941,2018-02-03,67,1706,1773
941,2018-02-04,17,1269,1286
941,2018-02-05,273,2923,3196
941,2018-02-06,277,2829,3106
941,2018-02-07,281,3020,3301
941,2018-02-08,260,2969,3229
941,2018-02-09,255,2923,3178
941,2018-02-10,105,1544,1649
941,2018-02-11,37,1197,1234
941,2018-02-12,223,2248,2471
941,2018-02-13,275,2601,2876
941,2018-02-14,255,2818,3073
941,2018-02-15,229,2595,2824
941,2018-02-16,280,3089,3369
941,2018-02-17,73,1744,1817
941,2018-02-18,19,1349,1368
941,2018-02-19,321,2809,3130
941,2018-02-20,319,2920,3239
941,2018-02-21,322,2914,3236
941,2018-02-22,263,2924,3187
941,2018-02-23,270,3041,3311
941,2018-02-24,102,1707,1809
941,2018-02-25,26,1372,1398
941,2018-02-26,316,2762,3078
941,2018-02-27,305,2783,3088
941,2018-02-28,318,2869,3187
941,2018-03-01,281,2895,3176
941,2018-03-02,262,2752,3014
941,2018-03-03,82,1631,1713
941,2018-03-04,21,1339,1360
941,2018-03-05,319,3072,3391
941,2018-03-06,307,3135,3442
941,2018-03-07,349,3010,3359
941,2018-03-08,288,3155,3443
941,2018-03-09,299,3236,3535
941,2018-03-10,70,1749,1819
941,2018-03-11,19,1375,1394
941,2018-03-12,294,3132,3426
941,2018-03-13,303,2981,3284
941,2018-03-14,290,3096,3386
941,2018-03-15,317,3154,3471
941,2018-03-16,323,3225,3548
941,2018-03-17,95,1742,1837
941,2018-03-18,33,1298,1331
941,2018-03-19,377,2887,3264
941,2018-03-20,411,2952,3363
941,2018-03-21,399,3060,3459
941,2018-03-22,395,3078,3473
941,2018-03-23,308,3197,3505
941,2018-03-24,109,2105,2214
941,2018-03-26,338,3073,3411
941,2018-03-27,327,3073,3400
941,2018-03-28,292,3197,3489
941,2018-03-29,320,3361,3681
941,2018-03-30,276,3323,3599
941,2018-03-31,89,1914,2003
941,2018-04-01,29,1272,1301
941,2018-04-02,49,1336,1385
941,2018-04-03,250,2885,3135
941,2018-04-04,279,3067,3346
941,2018-04-05,308,2944,3252
941,2018-04-06,346,3165,3511
941,2018-04-07,122,2091,2213
941,2018-04-08,28,1576,1604
941,2018-04-09,311,3053,3364
941,2018-04-10,317,3027,3344
941,2018-04-11,315,3036,3351
941,2018-04-12,308,3134,3442
941,2018-04-13,266,3207,3473
941,2018-04-14,113,1949,2062
941,2018-04-15,40,1908,1948
941,2018-04-16,288,3230,3518
941,2018-04-17,384,3212,3596
941,2018-04-18,315,3480,3795
941,2018-04-19,279,3444,3723
941,2018-04-20,358,3524,3882
941,2018-04-21,99,2373,2472
941,2018-04-22,32,1982,2014
941,2018-04-23,286,3366,3652
941,2018-04-24,357,3275,3632
941,2018-04-25,338,3255,3593
941,2018-04-26,373,3370,3743
941,2018-04-27,336,3656,3992
941,2018-04-28,92,2375,2467
941,2018-04-29,46,1986,2032
941,2018-04-30,176,2577,2753
941,2018-05-01,44,1558,1602
941,2018-05-02,343,3458,3801
941,2018-05-03,327,3452,3779
941,2018-05-04,387,3657,4044
941,2018-05-05,112,2374,2486
941,2018-05-06,30,1694,1724
941,2018-05-07,365,3511,3876
941,2018-05-08,362,3471,3833
941,2018-05-09,322,3760,4082
941,2018-05-10,35,1868,1903
941,2018-05-11,193,3043,3236
941,2018-05-12,128,2535,2663
941,2018-05-13,52,1644,1696
941,2018-05-14,295,3475,3770
941,2018-05-15,305,3411,3716
941,2018-05-16,364,3597,3961
941,2018-05-17,312,3459,3771
941,2018-05-18,372,3709,4081
941,2018-05-19,96,2456,2552
941,2018-05-20,19,1862,1881
941,2018-05-21,34,1766,1800
941,2018-05-22,283,3209,3492
941,2018-05-23,321,3526,3847
941,2018-05-24,320,3442,3762
941,2018-05-25,322,3607,3929
941,2018-05-26,117,2306,2423
941,2018-05-27,37,1642,1679
941,2018-05-28,367,3380,3747
941,2018-05-29,351,3393,3744
941,2018-05-30,378,3478,3856
941,2018-05-31,402,3383,3785
941,2018-06-01,345,3580,3925
941,2018-06-02,117,2274,2391
941,2018-06-03,51,1905,1956
941,2018-06-04,387,3415,3802
941,2018-06-05,480,3412,3892
941,2018-06-06,433,3350,3783
941,2018-06-07,514,3306,3820
941,2018-06-08,378,3591,3969
941,2018-06-09,124,2254,2378
941,2018-06-10,22,1703,1725
941,2018-06-11,385,3098,3483
941,2018-06-12,471,3164,3635
941,2018-06-13,479,3375,3854
941,2018-06-14,383,3361,3744
941,2018-06-15,355,3559,3914
941,2018-06-16,185,2188,2373
941,2018-06-17,22,1714,1736
941,2018-06-18,392,3249,3641
941,2018-06-19,384,3209,3593
941,2018-06-20,357,3342,3699
941,2018-06-21,424,3527,3951
941,2018-06-22,402,3452,3854
941,2018-06-23,36,1739,1775
941,2018-06-24,36,1700,1736
941,2018-06-25,414,3279,3693
941,2018-06-26,374,3324,3698
941,2018-06-27,391,3391,3782
941,2018-06-28,372,3448,3820
941,2018-06-29,362,3567,3929
941,2018-06-30,123,2204,2327
941,2018-07-01,30,2082,2112
941,2018-07-02,332,3427,3759
941,2018-07-03,339,3357,3696
941,2018-07-04,365,3267,3632
941,2018-07-05,425,3344,3769
941,2018-07-06,382,3477,3859
941,2018-07-07,84,2241,2325
941,2018-07-08,33,1733,1766
941,2018-07-09,390,3195,3585
941,2018-07-10,401,3219,3620
941,2018-07-11,390,3186,3576
941,2018-07-12,306,3299,3605
941,2018-07-13,302,3486,3788
941,2018-07-14,115,2326,2441
941,2018-07-15,60,1713,1773
941,2018-07-16,256,3213,3469
941,2018-07-17,331,3152,3483
941,2018-07-18,263,3333,3596
941,2018-07-19,238,3354,3592
941,2018-07-20,281,3308,3589
941,2018-07-21,83,2302,2385
941,2018-07-22,25,1888,1913
941,2018-07-23,229,3141,3370
941,2018-07-24,269,3161,3430
941,2018-07-25,251,3335,3586
941,2018-07-26,247,3385,3632
941,2018-07-27,245,3472,3717
941,2018-07-28,77,2295,2372
941,2018-07-29,40,1897,1937
941,2018-07-30,211,2650,2861
941,2018-07-31,221,2834,3055
941,2018-08-01,213,2803,3016
941,2018-08-02,192,2768,2960
941,2018-08-03,194,2874,3068
941,2018-08-04,79,1989,2068
941,2018-08-05,31,1666,1697
941,2018-08-06,182,2491,2673
941,2018-08-07,181,2484,2665
941,2018-08-08,222,2659,2881
941,2018-08-09,169,2495,2664
941,2018-08-10,246,2668,2914
941,2018-08-11,110,2109,2219
941,2018-08-12,25,1712,1737
941,2018-08-13,189,2453,2642
941,2018-08-14,206,2501,2707
941,2018-08-15,34,1661,1695
941,2018-08-16,262,2616,2878
941,2018-08-17,227,2718,2945
941,2018-08-18,91,2033,2124
941,2018-08-19,28,2031,2059
941,2018-08-20,281,3002,3283
941,2018-08-21,277,3009,3286
941,2018-08-22,311,3177,3488
941,2018-08-23,322,3209,3531
941,2018-08-24,341,3167,3508
941,2018-08-25,97,2094,2191
941,2018-08-26,34,1641,1675
941,2018-08-27,336,2950,3286
941,2018-08-28,333,3018,3351
941,2018-08-29,343,3075,3418
941,2018-08-30,304,3115,3419
941,2018-08-31,306,3172,3478
941,2018-09-01,95,2146,2241
941,2018-09-02,25,1766,1791
941,2018-09-03,341,2974,3315
941,2018-09-04,325,3117,3442
941,2018-09-05,323,3250,3573
941,2018-09-06,414,3138,3552
941,2018-09-07,319,3271,3590
941,2018-09-08,144,2250,2394
941,2018-09-09,25,1715,1740
941,2018-09-10,336,3065,3401
941,2018-09-11,308,3212,3520
941,2018-09-12,349,3304,3653
941,2018-09-13,304,3164,3468
941,2018-09-14,293,3397,3690
941,2018-09-15,153,2257,2410
941,2018-09-16,44,2029,2073
941,2018-09-17,384,3189,3573
941,2018-09-18,331,3295,3626
941,2018-09-19,299,3402,3701
941,2018-09-20,354,3292,3646
941,2018-09-21,360,3336,3696
941,2018-09-22,88,2051,2139
941,2018-09-23,44,1610,1654
941,2018-09-24,354,3116,3470
941,2018-09-25,332,3108,3440
941,2018-09-26,341,3291,3632
941,2018-09-27,376,3275,3651
941,2018-09-28,399,3308,3707
941,2018-09-29,93,2006,2099
941,2018-09-30,36,1767,1803
941,2018-10-01,325,3114,3439
941,2018-10-02,398,3129,3527
941,2018-10-03,372,3273,3645
941,2018-10-04,378,3280,3658
941,2018-10-05,387,3436,3823
941,2018-10-06,83,2280,2363
941,2018-10-07,23,1678,1701
941,2018-10-08,389,3049,3438
941,2018-10-09,346,3148,3494
941,2018-10-10,371,3261,3632
941,2018-10-11,324,3335,3659
941,2018-10-12,320,3329,3649
941,2018-10-13,89,2063,2152
941,2018-10-14,34,1576,1610
941,2018-10-15,295,3185,3480
941,2018-10-16,332,3239,3571
941,2018-10-17,338,3387,3725
941,2018-10-18,371,3309,3680
941,2018-10-19,314,3426,3740
941,2018-10-20,116,2236,2352
941,2018-10-21,32,2185,2217
941,2018-10-22,378,3123,3501
941,2018-10-23,342,3118,3460
941,2018-10-24,353,3231,3584
941,2018-10-25,385,3278,3663
941,2018-10-26,356,3325,3681
941,2018-10-27,104,1909,2013
941,2018-10-28,34,1537,1571
941,2018-10-29,348,2908,3256
941,2018-10-30,287,2876,3163
941,2018-11-01,39,1412,1451
941,2018-11-02,176,2190,2366
941,2018-11-03,103,1832,1935
941,2018-11-04,20,1541,1561
941,2018-11-05,362,3071,3433
941,2018-11-06,316,3101,3417
941,2018-11-07,360,3163,3523
941,2018-11-08,343,3247,3590
941,2018-11-09,337,3225,3562
941,2018-11-10,74,1884,1958
941,2018-11-11,23,1513,1536
941,2018-11-12,365,3094,3459
941,2018-11-13,372,3097,3469
941,2018-12-06,396,2965,3361
941,2018-12-07,381,3128,3509
941,2018-12-08,111,1910,2021
941,2018-12-09,24,1424,1448
941,2018-12-10,400,2941,3341
941,2018-12-11,417,2972,3389
941,2018-12-12,396,2934,3330
941,2018-12-13,433,3065,3498
941,2018-12-14,389,3138,3527
941,2018-12-15,140,2032,2172
941,2018-12-16,36,1308,1344
941,2018-12-17,381,2965,3346
941,2018-12-18,396,2965,3361
941,2018-12-19,389,3097,3486
941,2018-12-20,386,3056,3442
941,2018-12-21,313,2984,3297
941,2018-12-22,119,1714,1833
941,2018-12-23,25,1282,1307
941,2018-12-24,151,1613,1764
941,2018-12-25,12,785,797
941,2018-12-26,39,1158,1197
941,2018-12-27,149,1857,2006
941,2018-12-28,130,1845,1975
941,2018-12-29,108,1523,1631
941,2018-12-30,19,1277,1296
941,2018-12-31,107,1380,1487
942,2018-01-01,20,1929,1949
942,2018-01-02,281,3903,4184
942,2018-01-03,354,4072,4426
942,2018-01-04,314,4532,4846
942,2018-01-05,374,4563,4937
942,2018-01-06,156,3047,3203
942,2018-01-07,17,2657,2674
942,2018-01-08,447,5069,5516
942,2018-01-09,507,5276,5783
942,2018-01-10,542,5215,5757
942,2018-01-11,480,5284,5764
942,2018-01-12,514,5376,5890
942,2018-01-13,152,3245,3397
942,2018-01-14,41,2757,2798
942,2018-01-15,479,5219,5698
942,2018-01-16,516,5304,5820
942,2018-01-17,496,5065,5561
942,2018-01-18,486,5232,5718
942,2018-01-19,484,5297,5781
942,2018-01-20,127,2778,2905
942,2018-01-21,25,2628,2653
942,2018-01-22,435,5107,5542
942,2018-01-23,515,5217,5732
942,2018-01-24,534,5344,5878
942,2018-01-25,517,5318,5835
942,2018-01-26,508,5746,6254
942,2018-01-27,136,3708,3844
942,2018-01-28,30,2937,2967
942,2018-01-29,556,5028,5584
942,2018-01-30,567,5380,5947
942,2018-01-31,590,5308,5898
942,2018-02-01,512,5436,5948
942,2018-02-02,472,5307,5779
942,2018-02-03,142,3580,3722
942,2018-02-04,32,2873,2905
942,2018-02-05,434,5054,5488
942,2018-02-06,391,5099,5490
942,2018-02-07,432,5131,5563
942,2018-02-08,428,5205,5633
942,2018-02-09,423,5243,5666
942,2018-02-10,145,3006,3151
942,2018-02-11,46,2394,2440
942,2018-02-12,333,3932,4265
942,2018-02-13,423,4583,5006
942,2018-02-14,455,4792,5247
942,2018-02-15,361,4821,5182
942,2018-02-16,400,5025,5425
942,2018-02-17,133,2989,3122
942,2018-02-18,21,2760,2781
942,2018-02-19,452,5170,5622
942,2018-02-20,506,5274,5780
942,2018-02-21,486,5126,5612
942,2018-02-22,479,5282,5761
942,2018-02-23,477,5398,5875
942,2018-02-24,150,3635,3785
942,2018-02-25,30,2844,2874
942,2018-02-26,507,4967,5474
942,2018-02-27,466,5158,5624
942,2018-02-28,461,5240,5701
942,2018-03-01,460,5312,5772
942,2018-03-02,401,4665,5066
942,2018-03-03,155,3202,3357
942,2018-03-04,25,2760,2785
942,2018-03-05,499,5307,5806
942,2018-03-06,568,5470,6038
942,2018-03-07,570,5301,5871
942,2018-03-08,509,5542,6051
942,2018-03-09,521,5816,6337
942,2018-03-10,166,3562,3728
942,2018-03-11,17,2907,2924
942,2018-03-12,534,5228,5762
942,2018-03-13,534,5495,6029
942,2018-03-14,529,5544,6073
942,2018-03-15,547,5650,6197
942,2018-03-16,537,5849,6386
942,2018-03-17,146,3348,3494
942,2018-03-18,37,2750,2787
942,2018-03-19,575,5088,5663
942,2018-03-20,584,5424,6008
942,2018-03-21,653,5446,6099
942,2018-03-22,607,5230,5837
942,2018-03-23,541,5749,6290
942,2018-03-24,179,3900,4079
942,2018-03-26,590,5420,6010
942,2018-03-27,600,5604,6204
942,2018-03-28,575,5595,6170
942,2018-03-29,607,5854,6461
942,2018-03-30,527,5812,6339
942,2018-03-31,160,3527,3687
942,2018-04-01,53,2866,2919
942,2018-04-02,71,2981,3052
942,2018-04-03,496,5293,5789
942,2018-04-04,502,5245,5747
942,2018-04-05,562,5330,5892
942,2018-04-06,597,5483,6080
942,2018-04-07,245,3719,3964
942,2018-04-08,83,3359,3442
942,2018-04-09,540,5072,5612
942,2018-04-10,554,5394,5948
942,2018-04-11,573,5215,5788
942,2018-04-12,645,5331,5976
942,2018-04-13,534,5548,6082
942,2018-04-14,214,3567,3781
942,2018-04-15,60,3309,3369
942,2018-04-16,553,5457,6010
942,2018-04-17,603,5909,6512
942,2018-04-18,577,5912,6489
942,2018-04-19,617,5991,6608
942,2018-04-20,706,6163,6869
942,2018-04-21,187,4365,4552
942,2018-04-22,66,3638,3704
942,2018-04-23,546,5608,6154
942,2018-04-24,660,6071,6731
942,2018-04-25,610,5755,6365
942,2018-04-26,621,6052,6673
942,2018-04-27,702,6334,7036
942,2018-04-28,195,4163,4358
942,2018-04-29,58,3432,3490
942,2018-04-30,396,4682,5078
942,2018-05-01,66,3238,3304
942,2018-05-02,662,5846,6508
942,2018-05-03,608,6083,6691
942,2018-05-04,722,6301,7023
942,2018-05-05,274,4303,4577
942,2018-05-06,78,3916,3994
942,2018-05-07,595,5825,6420
942,2018-05-08,639,6257,6896
942,2018-05-09,670,6394,7064
942,2018-05-10,90,4077,4167
942,2018-05-11,389,5470,5859
942,2018-05-12,243,4248,4491
942,2018-05-13,70,3242,3312
942,2018-05-14,541,5757,6298
942,2018-05-15,652,6117,6769
942,2018-05-16,612,6036,6648
942,2018-05-17,568,6099,6667
942,2018-05-18,695,6300,6995
942,2018-05-19,228,4432,4660
942,2018-05-20,64,3435,3499
942,2018-05-21,83,3665,3748
942,2018-05-22,587,5670,6257
942,2018-05-23,654,5956,6610
942,2018-05-24,654,5843,6497
942,2018-05-25,610,6231,6841
942,2018-05-26,220,4024,4244
942,2018-05-27,60,3118,3178
942,2018-05-28,638,5733,6371
942,2018-05-29,597,6022,6619
942,2018-05-30,620,5958,6578
942,2018-05-31,646,6196,6842
942,2018-06-01,594,6206,6800
942,2018-06-02,197,4421,4618
942,2018-06-03,77,3655,3732
942,2018-06-04,674,5783,6457
942,2018-06-05,745,6230,6975
942,2018-06-06,692,5880,6572
942,2018-06-07,709,6004,6713
942,2018-06-08,709,6273,6982
942,2018-06-09,221,4600,4821
942,2018-06-10,50,3807,3857
942,2018-06-11,621,5546,6167
942,2018-06-12,667,5950,6617
942,2018-06-13,740,5865,6605
942,2018-06-14,655,5905,6560
942,2018-06-15,638,6544,7182
942,2018-06-16,229,4499,4728
942,2018-06-17,72,3439,3511
942,2018-06-18,659,5432,6091
942,2018-06-19,706,5941,6647
942,2018-06-20,637,5814,6451
942,2018-06-21,750,5942,6692
942,2018-06-22,653,5899,6552
942,2018-06-23,100,3335,3435
942,2018-06-24,51,3359,3410
942,2018-06-25,652,5571,6223
942,2018-06-26,661,5840,6501
942,2018-06-27,666,5797,6463
942,2018-06-28,620,5979,6599
942,2018-06-29,679,6284,6963
942,2018-06-30,250,4378,4628
942,2018-07-01,76,3804,3880
942,2018-07-02,599,5817,6416
942,2018-07-03,622,6094,6716
942,2018-07-04,686,5895,6581
942,2018-07-05,660,5834,6494
942,2018-07-06,662,6256,6918
942,2018-07-07,174,4245,4419
942,2018-07-08,76,3676,3752
942,2018-07-09,671,5738,6409
942,2018-07-10,675,5968,6643
942,2018-07-11,667,5956,6623
942,2018-07-12,646,5917,6563
942,2018-07-13,578,6362,6940
942,2018-07-14,199,4361,4560
942,2018-07-15,80,3680,3760
942,2018-07-16,491,5659,6150
942,2018-07-17,671,5680,6351
942,2018-07-18,511,5884,6395
942,2018-07-19,550,5854,6404
942,2018-07-20,512,5902,6414
942,2018-07-21,166,3938,4104
942,2018-07-22,58,3918,3976
942,2018-07-23,491,5511,6002
942,2018-07-24,560,5696,6256
942,2018-07-25,550,5826,6376
942,2018-07-26,523,6013,6536
942,2018-07-27,464,6502,6966
942,2018-07-28,180,5054,5234
942,2018-07-29,64,3644,3708
942,2018-07-30,373,4902,5275
942,2018-07-31,438,5015,5453
942,2018-08-01,390,5142,5532
942,2018-08-02,398,5006,5404
942,2018-08-03,382,5135,5517
942,2018-08-04,180,3547,3727
942,2018-08-05,53,3342,3395
942,2018-08-06,334,4521,4855
942,2018-08-07,308,4462,4770
942,2018-08-08,368,4564,4932
942,2018-08-09,349,4522,4871
942,2018-08-10,417,4809,5226
942,2018-08-11,187,3813,4000
942,2018-08-12,58,3391,3449
942,2018-08-13,343,4298,4641
942,2018-08-14,416,4597,5013
942,2018-08-15,82,3455,3537
942,2018-08-16,383,4499,4882
942,2018-08-17,384,4700,5084
942,2018-08-18,199,3413,3612
942,2018-08-19,51,3338,3389
942,2018-08-20,479,4996,5475
942,2018-08-21,495,5211,5706
942,2018-08-22,508,5350,5858
942,2018-08-23,546,5144,5690
942,2018-08-24,547,5372,5919
942,2018-08-25,184,3594,3778
942,2018-08-26,58,3156,3214
942,2018-08-27,559,5034,5593
942,2018-08-28,590,5494,6084
942,2018-08-29,612,5278,5890
942,2018-08-30,577,5389,5966
942,2018-08-31,599,5530,6129
942,2018-09-01,198,3625,3823
942,2018-09-02,71,3391,3462
942,2018-09-03,630,5069,5699
942,2018-09-04,535,5504,6039
942,2018-09-05,605,5455,6060
942,2018-09-06,550,5516,6066
942,2018-09-07,561,5528,6089
942,2018-09-08,252,3806,4058
942,2018-09-09,67,3536,3603
942,2018-09-10,623,5252,5875
942,2018-09-11,622,5553,6175
942,2018-09-12,641,5950,6591
942,2018-09-13,565,5762,6327
942,2018-09-14,506,5992,6498
942,2018-09-15,246,4173,4419
942,2018-09-16,114,3676,3790
942,2018-09-17,709,5712,6421
942,2018-09-18,639,5928,6567
942,2018-09-19,576,5812,6388
942,2018-09-20,648,5986,6634
942,2018-09-21,618,5978,6596
942,2018-09-22,198,4287,4485
942,2018-09-23,81,3271,3352
942,2018-09-24,654,5499,6153
942,2018-09-25,605,5884,6489
942,2018-09-26,660,5910,6570
942,2018-09-27,548,6153,6701
942,2018-09-28,621,6032,6653
942,2018-09-29,193,3980,4173
942,2018-09-30,70,3600,3670
942,2018-10-01,597,5345,5942
942,2018-10-02,622,5722,6344
942,2018-10-03,639,5459,6098
942,2018-10-04,594,5586,6180
942,2018-10-05,595,5484,6079
942,2018-10-06,166,3868,4034
942,2018-10-07,32,3086,3118
942,2018-10-08,621,5408,6029
942,2018-10-09,629,5764,6393
942,2018-10-10,579,5762,6341
942,2018-10-11,609,5959,6568
942,2018-10-12,627,5918,6545
942,2018-10-13,224,3941,4165
942,2018-10-14,55,3610,3665
942,2018-10-15,624,5611,6235
942,2018-10-16,609,5961,6570
942,2018-10-17,596,5852,6448
942,2018-10-18,609,5999,6608
942,2018-10-19,574,6001,6575
942,2018-10-20,193,4187,4380
942,2018-10-21,70,3833,3903
942,2018-10-22,639,5425,6064
942,2018-10-23,610,5774,6384
942,2018-10-24,572,5613,6185
942,2018-10-25,652,5918,6570
942,2018-10-26,633,6092,6725
942,2018-10-27,181,3864,4045
942,2018-10-28,47,3328,3375
942,2018-10-29,511,5267,5778
942,2018-10-30,533,5231,5764
942,2018-11-01,55,2958,3013
942,2018-11-02,324,4258,4582
942,2018-11-03,184,3400,3584
942,2018-11-04,27,3044,3071
942,2018-11-05,596,5669,6265
942,2018-11-06,553,5753,6306
942,2018-11-07,649,5800,6449
942,2018-11-08,616,5912,6528
942,2018-11-09,587,6081,6668
942,2018-11-10,172,3747,3919
942,2018-11-11,66,2975,3041
942,2018-11-12,589,5797,6386
942,2018-11-13,631,6300,6931
942,2018-11-14,676,5887,6563
942,2018-11-15,662,6042,6704
942,2018-11-16,554,5979,6533
942,2018-11-17,177,3947,4124
942,2018-11-18,29,3278,3307
942,2018-11-19,547,5517,6064
942,2018-11-20,531,5793,6324
942,2018-11-21,598,5674,6272
942,2018-11-22,603,5831,6434
942,2018-11-23,622,6019,6641
942,2018-11-24,132,3642,3774
942,2018-11-25,38,2979,3017
942,2018-11-26,581,5524,6105
942,2018-11-27,526,5771,6297
942,2018-11-28,615,5660,6275
942,2018-11-29,551,5828,6379
942,2018-11-30,602,5744,6346
942,2018-12-01,172,3518,3690
942,2018-12-02,48,2782,2830
942,2018-12-03,583,6018,6601
942,2018-12-04,642,5872,6514
942,2018-12-05,556,5708,6264
942,2018-12-06,565,5548,6113
942,2018-12-07,574,5924,6498
942,2018-12-08,128,3468,3596
942,2018-12-09,54,3056,3110
942,2018-12-10,530,5584,6114
942,2018-12-11,569,5770,6339
942,2018-12-12,575,5619,6194
942,2018-12-13,672,5755,6427
942,2018-12-14,562,5939,6501
942,2018-12-15,190,3923,4113
942,2018-12-16,38,2584,2622
942,2018-12-17,577,5715,6292
942,2018-12-18,629,5864,6493
942,2018-12-19,554,5942,6496
942,2018-12-20,589,5826,6415
942,2018-12-21,437,5751,6188
942,2018-12-22,178,3687,3865
942,2018-12-23,42,2922,2964
942,2018-12-24,214,3498,3712
942,2018-12-25,19,1792,1811
942,2018-12-26,45,2510,2555
942,2018-12-27,230,3749,3979
942,2018-12-28,222,3611,3833
942,2018-12-29,142,3035,3177
942,2018-12-30,23,2574,2597
942,2018-12-31,165,3128,3293
943,2018-01-01,16,2827,2843
943,2018-01-02,275,7061,7336
943,2018-01-03,370,7656,8026
943,2018-01-04,379,7804,8183
943,2018-01-05,380,7965,8345
943,2018-01-06,164,5660,5824
943,2018-01-07,30,4349,4379
943,2018-01-08,442,7916,8358
943,2018-01-09,525,8305,8830
943,2018-01-10,592,8246,8838
943,2018-01-11,528,8235,8763
943,2018-01-12,500,8531,9031
943,2018-01-13,192,5913,6105
943,2018-01-14,45,4663,4708
943,2018-01-15,547,8137,8684
943,2018-01-16,498,8482,8980
943,2018-01-17,488,8139,8627
943,2018-01-18,492,8384,8876
943,2018-01-19,597,8466,9063
943,2018-01-20,182,5626,5808
943,2018-01-21,51,4526,4577
943,2018-01-22,478,8061,8539
943,2018-01-23,539,8158,8697
943,2018-01-24,549,8107,8656
943,2018-01-25,524,8108,8632
943,2018-01-26,560,8650,9210
943,2018-01-27,193,6371,6564
943,2018-01-28,26,4859,4885
943,2018-01-29,516,8095,8611
943,2018-01-30,524,8335,8859
943,2018-01-31,490,8289,8779
943,2018-02-01,554,8427,8981
943,2018-02-02,511,8414,8925
943,2018-02-03,176,5959,6135
943,2018-02-04,38,4912,4950
943,2018-02-05,468,8152,8620
943,2018-02-06,497,7662,8159
943,2018-02-07,412,8223,8635
943,2018-02-08,483,8359,8842
943,2018-02-09,448,8409,8857
943,2018-02-10,179,5559,5738
943,2018-02-11,51,4365,4416
943,2018-02-12,360,7100,7460
943,2018-02-13,431,7472,7903
943,2018-02-14,449,7975,8424
943,2018-02-15,378,7252,7630
943,2018-02-16,441,7641,8082
943,2018-02-17,189,5838,6027
943,2018-02-18,31,4857,4888
943,2018-02-19,478,8035,8513
943,2018-02-20,520,8253,8773
943,2018-02-21,516,8481,8997
943,2018-02-22,483,8640,9123
943,2018-02-23,455,8824,9279
943,2018-02-24,202,6636,6838
943,2018-02-25,27,5049,5076
943,2018-02-26,545,8195,8740
943,2018-02-27,574,8373,8947
943,2018-02-28,491,8528,9019
943,2018-03-01,487,8305,8792
943,2018-03-02,484,7372,7856
943,2018-03-03,177,6020,6197
943,2018-03-04,37,4707,4744
943,2018-03-05,508,8578,9086
943,2018-03-06,530,8486,9016
943,2018-03-07,528,8192,8720
943,2018-03-08,499,8510,9009
943,2018-03-09,600,8951,9551
943,2018-03-10,180,6916,7096
943,2018-03-11,25,5001,5026
943,2018-03-12,557,8158,8715
943,2018-03-13,591,8350,8941
943,2018-03-14,604,8575,9179
943,2018-03-15,608,8649,9257
943,2018-03-16,577,8786,9363
943,2018-03-17,213,6090,6303
943,2018-03-18,55,5070,5125
943,2018-03-19,559,8135,8694
943,2018-03-20,690,8404,9094
943,2018-03-21,567,8447,9014
943,2018-03-22,538,8226,8764
943,2018-03-23,593,8822,9415
943,2018-03-24,219,6863,7082
943,2018-03-26,563,8397,8960
943,2018-03-27,598,8880,9478
943,2018-03-28,589,8614,9203
943,2018-03-29,629,9220,9849
943,2018-03-30,537,9265,9802
943,2018-03-31,240,6790,7030
943,2018-04-01,73,4952,5025
943,2018-04-02,72,4764,4836
943,2018-04-03,545,7979,8524
943,2018-04-04,557,7774,8331
943,2018-04-05,662,8020,8682
943,2018-04-06,627,8220,8847
943,2018-04-07,303,6523,6826
943,2018-04-08,71,5526,5597
943,2018-04-09,528,7500,8028
943,2018-04-10,565,7795,8360
943,2018-04-11,606,7852,8458
943,2018-04-12,670,7909,8579
943,2018-04-13,610,8059,8669
943,2018-04-14,198,6571,6769
943,2018-04-15,47,5702,5749
943,2018-04-16,640,8292,8932
943,2018-04-17,655,8618,9273
943,2018-04-18,617,8672,9289
943,2018-04-19,620,8935,9555
943,2018-04-20,601,9302,9903
943,2018-04-21,266,7446,7712
943,2018-04-22,34,6067,6101
943,2018-04-23,604,8317,8921
943,2018-04-24,516,8758,9274
943,2018-04-25,673,8492,9165
943,2018-04-26,641,8847,9488
943,2018-04-27,696,9320,10016
943,2018-04-28,230,6615,6845
943,2018-04-29,56,5498,5554
943,2018-04-30,508,9034,9542
943,2018-05-01,57,5136,5193
943,2018-05-02,775,8762,9537
943,2018-05-03,702,9047,9749
943,2018-05-04,648,9421,10069
943,2018-05-05,333,7260,7593
943,2018-05-06,56,6352,6408
943,2018-05-07,680,8763,9443
943,2018-05-08,656,9051,9707
943,2018-05-09,617,10652,11269
943,2018-05-10,67,9709,9776
943,2018-05-11,402,9495,9897
943,2018-05-12,254,7037,7291
943,2018-05-13,67,5317,5384
943,2018-05-14,514,8539,9053
943,2018-05-15,563,8797,9360
943,2018-05-16,555,8946,9501
943,2018-05-17,578,9050,9628
943,2018-05-18,648,9474,10122
943,2018-05-19,294,6883,7177
943,2018-05-20,58,5891,5949
943,2018-05-21,94,6721,6815
943,2018-05-22,567,8132,8699
943,2018-05-23,647,8028,8675
943,2018-05-24,649,7858,8507
943,2018-05-25,612,8369,8981
943,2018-05-26,219,6831,7050
943,2018-05-27,57,5782,5839
943,2018-05-28,538,8571,9109
943,2018-05-29,636,9274,9910
943,2018-05-30,511,8724,9235
943,2018-05-31,528,8951,9479
943,2018-06-01,441,9081,9522
943,2018-06-02,258,7324,7582
943,2018-06-03,63,6075,6138
943,2018-06-04,486,8502,8988
943,2018-06-05,632,8856,9488
943,2018-06-06,617,8855,9472
943,2018-06-07,502,8786,9288
943,2018-06-08,578,9146,9724
943,2018-06-09,274,7908,8182
943,2018-06-10,47,6260,6307
943,2018-06-11,552,8031,8583
943,2018-06-12,530,8387,8917
943,2018-06-13,547,8465,9012
943,2018-06-14,544,8727,9271
943,2018-06-15,535,8801,9336
943,2018-06-16,189,6570,6759
943,2018-06-17,65,5230,5295
943,2018-06-18,496,7987,8483
943,2018-06-19,594,8377,8971
943,2018-06-20,522,8295,8817
943,2018-06-21,556,8640,9196
943,2018-06-22,547,8755,9302
943,2018-06-23,69,6038,6107
943,2018-06-24,48,5724,5772
943,2018-06-25,553,8440,8993
943,2018-06-26,567,8694,9261
943,2018-06-27,574,8939,9513
943,2018-06-28,509,9096,9605
943,2018-06-29,542,9427,9969
943,2018-06-30,179,7375,7554
943,2018-07-01,47,6566,6613
943,2018-07-02,526,8481,9007
943,2018-07-03,512,9089,9601
943,2018-07-04,504,8988,9492
943,2018-07-05,515,8955,9470
943,2018-07-06,510,9190,9700
943,2018-07-07,227,7370,7597
943,2018-07-08,76,6548,6624
943,2018-07-09,538,8592,9130
943,2018-07-10,543,9103,9646
943,2018-07-11,564,8845,9409
943,2018-07-12,561,8869,9430
943,2018-07-13,582,9021,9603
943,2018-07-14,246,6852,7098
943,2018-07-15,55,5780,5835
943,2018-07-16,511,8344,8855
943,2018-07-17,594,8361,8955
943,2018-07-18,552,8542,9094
943,2018-07-19,525,8647,9172
943,2018-07-20,508,8660,9168
943,2018-07-21,195,6442,6637
943,2018-07-22,68,6194,6262
943,2018-07-23,489,8330,8819
943,2018-07-24,506,8443,8949
943,2018-07-25,465,8478,8943
943,2018-07-26,455,8826,9281
943,2018-07-27,401,8292,8693
943,2018-07-28,160,6210,6370
943,2018-07-29,63,5375,5438
943,2018-07-30,350,7873,8223
943,2018-07-31,361,7689,8050
943,2018-08-01,309,7628,7937
943,2018-08-02,344,7754,8098
943,2018-08-03,375,7576,7951
943,2018-08-04,160,5925,6085
943,2018-08-05,52,5491,5543
943,2018-08-06,354,7091,7445
943,2018-08-07,298,7205,7503
943,2018-08-08,355,7160,7515
943,2018-08-09,358,7165,7523
943,2018-08-10,351,7131,7482
943,2018-08-11,173,5753,5926
943,2018-08-12,61,4969,5030
943,2018-08-13,319,6582,6901
943,2018-08-14,378,7048,7426
943,2018-08-15,66,4795,4861
943,2018-08-16,384,7080,7464
943,2018-08-17,341,7229,7570
943,2018-08-18,173,5666,5839
943,2018-08-19,64,5001,5065
943,2018-08-20,453,7237,7690
943,2018-08-21,444,7385,7829
943,2018-08-22,451,7499,7950
943,2018-08-23,486,7373,7859
943,2018-08-24,478,7659,8137
943,2018-08-25,180,5614,5794
943,2018-08-26,65,5154,5219
943,2018-08-27,467,7172,7639
943,2018-08-28,499,7507,8006
943,2018-08-29,500,7440,7940
943,2018-08-30,539,7754,8293
943,2018-08-31,533,7946,8479
943,2018-09-01,210,6013,6223
943,2018-09-02,54,4954,5008
943,2018-09-03,545,7346,7891
943,2018-09-04,553,7578,8131
943,2018-09-05,545,7675,8220
943,2018-09-06,724,7781,8505
943,2018-09-07,599,7884,8483
943,2018-09-08,239,6000,6239
943,2018-09-09,44,5536,5580
943,2018-09-10,524,7796,8320
943,2018-09-11,550,8208,8758
943,2018-09-12,533,8232,8765
943,2018-09-13,571,8315,8886
943,2018-09-14,616,8491,9107
943,2018-09-15,219,6418,6637
943,2018-09-16,59,6089,6148
943,2018-09-17,558,8370,8928
943,2018-09-18,560,8732,9292
943,2018-09-19,549,8674,9223
943,2018-09-20,614,8740,9354
943,2018-09-21,594,9421,10015
943,2018-09-22,325,8467,8792
943,2018-09-23,81,5379,5460
943,2018-09-24,587,8365,8952
943,2018-09-25,598,8464,9062
943,2018-09-26,617,8407,9024
943,2018-09-27,541,8580,9121
943,2018-09-28,569,8924,9493
943,2018-09-29,311,6775,7086
943,2018-09-30,46,5727,5773
943,2018-10-01,500,8353,8853
943,2018-10-02,599,8503,9102
943,2018-10-03,551,8392,8943
943,2018-10-04,610,8778,9388
943,2018-10-05,668,8978,9646
943,2018-10-06,239,7242,7481
943,2018-10-07,40,5525,5565
943,2018-10-08,637,8361,8998
943,2018-10-09,603,8563,9166
943,2018-10-10,574,8634,9208
943,2018-10-11,576,8671,9247
943,2018-10-12,584,8933,9517
943,2018-10-13,213,6790,7003
943,2018-10-14,44,5883,5927
943,2018-10-15,596,8192,8788
943,2018-10-16,620,8734,9354
943,2018-10-17,679,8386,9065
943,2018-10-18,615,8785,9400
943,2018-10-19,569,8922,9491
943,2018-10-20,245,6633,6878
943,2018-10-21,99,5739,5838
943,2018-10-22,647,8461,9108
943,2018-10-23,571,8756,9327
943,2018-10-24,533,8609,9142
943,2018-10-25,597,8872,9469
943,2018-10-26,617,9154,9771
943,2018-10-27,220,6445,6665
943,2018-10-28,42,5336,5378
943,2018-10-29,523,8074,8597
943,2018-10-30,564,7815,8379
943,2018-11-01,48,5320,5368
943,2018-11-02,375,7198,7573
943,2018-11-03,228,5957,6185
943,2018-11-04,37,5264,5301
943,2018-11-05,556,8269,8825
943,2018-11-06,637,8626,9263
943,2018-11-07,572,8607,9179
943,2018-11-08,671,8754,9425
943,2018-11-09,599,9112,9711
943,2018-11-10,177,6427,6604
943,2018-11-11,31,5189,5220
943,2018-11-12,605,8321,8926
943,2018-11-13,649,8415,9064
943,2018-11-14,581,9381,9962
943,2018-11-15,697,9519,10216
943,2018-11-16,582,9576,10158
943,2018-11-17,180,6732,6912
943,2018-11-18,42,5273,5315
943,2018-11-19,594,8929,9523
943,2018-11-20,547,8598,9145
943,2018-11-21,588,8561,9149
943,2018-11-22,658,8726,9384
943,2018-11-23,664,9245,9909
943,2018-11-24,193,6437,6630
943,2018-11-25,29,5273,5302
943,2018-11-26,523,8347,8870
943,2018-11-27,577,8412,8989
943,2018-11-28,521,8591,9112
943,2018-11-29,512,8756,9268
943,2018-11-30,524,9005,9529
943,2018-12-01,193,6384,6577
943,2018-12-02,43,5099,5142
943,2018-12-03,548,8598,9146
943,2018-12-04,568,8840,9408
943,2018-12-05,548,8910,9458
943,2018-12-06,538,8522,9060
943,2018-12-07,528,8960,9488
943,2018-12-08,163,6129,6292
943,2018-12-09,42,4874,4916
943,2018-12-10,505,8549,9054
943,2018-12-11,569,8625,9194
943,2018-12-12,548,8531,9079
943,2018-12-13,560,8717,9277
943,2018-12-14,538,9053,9591
943,2018-12-15,193,6636,6829
943,2018-12-16,45,4728,4773
943,2018-12-17,517,8713,9230
943,2018-12-18,557,9207,9764
943,2018-12-19,507,8967,9474
943,2018-12-20,498,9193,9691
943,2018-12-21,379,9566,9945
943,2018-12-22,173,6457,6630
943,2018-12-23,34,4973,5007
943,2018-12-24,204,6475,6679
943,2018-12-25,30,2945,2975
943,2018-12-26,44,4360,4404
943,2018-12-27,298,6605,6903
943,2018-12-28,317,6694,7011
943,2018-12-29,163,5257,5420
943,2018-12-30,25,4342,4367
943,2018-12-31,178,6060,6238
944,2018-01-01,4,952,956
944,2018-01-02,71,2026,2097
944,2018-01-03,66,2198,2264
944,2018-01-04,84,2269,2353
944,2018-01-05,95,2487,2582
944,2018-01-06,56,1627,1683
944,2018-01-07,10,1438,1448
944,2018-01-08,90,2617,2707
944,2018-01-09,99,2815,2914
944,2018-01-10,112,2585,2697
944,2018-01-11,80,2720,2800
944,2018-01-12,102,2683,2785
944,2018-01-13,54,1841,1895
944,2018-01-14,9,1553,1562
944,2018-01-15,109,2589,2698
944,2018-01-16,86,2700,2786
944,2018-01-17,115,2594,2709
944,2018-01-18,94,2702,2796
944,2018-01-19,106,2635,2741
944,2018-01-20,69,1468,1537
944,2018-01-21,15,1361,1376
944,2018-01-22,95,2542,2637
944,2018-01-23,96,2673,2769
944,2018-01-24,99,2735,2834
944,2018-01-25,86,2686,2772
944,2018-01-26,126,2876,3002
944,2018-01-27,64,1834,1898
944,2018-01-28,6,1470,1476
944,2018-01-29,137,2599,2736
944,2018-01-30,109,2694,2803
944,2018-01-31,96,2682,2778
944,2018-02-01,108,2737,2845
944,2018-02-02,74,2148,2222
944,2018-02-03,52,1900,1952
944,2018-02-04,16,1519,1535
944,2018-02-05,108,2555,2663
944,2018-02-06,118,2548,2666
944,2018-02-07,111,2552,2663
944,2018-02-08,95,2619,2714
944,2018-02-09,103,2608,2711
944,2018-02-10,60,1533,1593
944,2018-02-11,15,1199,1214
944,2018-02-12,84,1885,1969
944,2018-02-13,106,2124,2230
944,2018-02-14,93,2477,2570
944,2018-02-15,100,2288,2388
944,2018-02-16,91,2548,2639
944,2018-02-17,57,1564,1621
944,2018-02-18,11,1485,1496
944,2018-02-19,89,2562,2651
944,2018-02-20,108,2707,2815
944,2018-02-21,123,2639,2762
944,2018-02-22,106,2798,2904
944,2018-02-23,113,2769,2882
944,2018-02-24,63,1892,1955
944,2018-02-25,10,1549,1559
944,2018-02-26,106,2483,2589
944,2018-02-27,102,2628,2730
944,2018-02-28,116,2563,2679
944,2018-03-01,117,2649,2766
944,2018-03-02,119,2325,2444
944,2018-03-03,70,1741,1811
944,2018-03-04,13,1514,1527
944,2018-03-05,101,2636,2737
944,2018-03-06,132,2659,2791
944,2018-03-07,120,2707,2827
944,2018-03-08,119,2727,2846
944,2018-03-09,115,2904,3019
944,2018-03-10,54,1932,1986
944,2018-03-11,13,1545,1558
944,2018-03-12,101,2519,2620
944,2018-03-13,115,2709,2824
944,2018-03-14,126,2758,2884
944,2018-03-15,115,2747,2862
944,2018-03-16,106,2881,2987
944,2018-03-17,76,1709,1785
944,2018-03-18,15,1505,1520
944,2018-03-19,148,2575,2723
944,2018-03-20,136,2843,2979
944,2018-03-21,135,2749,2884
944,2018-03-22,110,2526,2636
944,2018-03-23,112,2819,2931
944,2018-03-24,82,2060,2142
944,2018-03-26,161,2695,2856
944,2018-03-27,130,2738,2868
944,2018-03-28,108,2760,2868
944,2018-03-29,114,2930,3044
944,2018-03-30,142,2948,3090
944,2018-03-31,65,1843,1908
944,2018-04-01,26,1428,1454
944,2018-04-02,31,1420,1451
944,2018-04-03,119,2652,2771
944,2018-04-04,151,2602,2753
944,2018-04-05,145,2613,2758
944,2018-04-06,146,2725,2871
944,2018-04-07,110,1961,2071
944,2018-04-08,36,1729,1765
944,2018-04-09,139,2477,2616
944,2018-04-10,101,2634,2735
944,2018-04-11,123,2635,2758
944,2018-04-12,164,2819,2983
944,2018-04-13,203,2797,3000
944,2018-04-14,98,1909,2007
944,2018-04-15,36,1887,1923
944,2018-04-16,128,2708,2836
944,2018-04-17,150,2948,3098
944,2018-04-18,278,2993,3271
944,2018-04-19,331,3176,3507
944,2018-04-20,343,3307,3650
944,2018-04-21,103,2472,2575
944,2018-04-22,45,2199,2244
944,2018-04-23,319,3018,3337
944,2018-04-24,332,3113,3445
944,2018-04-25,335,3057,3392
944,2018-04-26,358,3207,3565
944,2018-04-27,375,3398,3773
944,2018-04-28,133,2433,2566
944,2018-04-29,40,2080,2120
944,2018-04-30,248,2584,2832
944,2018-05-01,52,1828,1880
944,2018-05-02,391,3240,3631
944,2018-05-03,383,3179,3562
944,2018-05-04,386,3437,3823
944,2018-05-05,182,2610,2792
944,2018-05-06,41,2375,2416
944,2018-05-07,325,2991,3316
944,2018-05-08,347,3310,3657
944,2018-05-09,408,3320,3728
944,2018-05-10,52,2188,2240
944,2018-05-11,250,2965,3215
944,2018-05-12,115,2542,2657
944,2018-05-13,65,2211,2276
944,2018-05-14,313,3048,3361
944,2018-05-15,351,3137,3488
944,2018-05-16,362,3424,3786
944,2018-05-17,341,3248,3589
944,2018-05-18,386,3456,3842
944,2018-05-19,168,2429,2597
944,2018-05-20,39,2029,2068
944,2018-05-21,61,2008,2069
944,2018-05-22,347,2951,3298
944,2018-05-23,388,3179,3567
944,2018-05-24,370,3296,3666
944,2018-05-25,342,3396,3738
944,2018-05-26,121,2370,2491
944,2018-05-27,88,1930,2018
944,2018-05-28,381,3026,3407
944,2018-05-29,358,3230,3588
944,2018-05-30,323,3256,3579
944,2018-05-31,370,3394,3764
944,2018-06-01,301,3315,3616
944,2018-06-02,131,2536,2667
944,2018-06-03,36,2116,2152
944,2018-06-04,397,3064,3461
944,2018-06-05,385,3292,3677
944,2018-06-06,380,3129,3509
944,2018-06-07,411,3211,3622
944,2018-06-08,365,3460,3825
944,2018-06-09,114,2680,2794
944,2018-06-10,28,2288,2316
944,2018-06-11,361,2972,3333
944,2018-06-12,348,3169,3517
944,2018-06-13,395,3132,3527
944,2018-06-14,439,3149,3588
944,2018-06-15,382,3697,4079
944,2018-06-16,121,2527,2648
944,2018-06-17,35,2021,2056
944,2018-06-18,382,2951,3333
944,2018-06-19,338,3179,3517
944,2018-06-20,370,3093,3463
944,2018-06-21,379,3160,3539
944,2018-06-22,354,3143,3497
944,2018-06-23,52,1859,1911
944,2018-06-24,43,2047,2090
944,2018-06-25,384,2896,3280
944,2018-06-26,404,3158,3562
944,2018-06-27,391,3098,3489
944,2018-06-28,394,3300,3694
944,2018-06-29,408,3382,3790
944,2018-06-30,136,2573,2709
944,2018-07-01,42,2300,2342
944,2018-07-02,357,3069,3426
944,2018-07-03,339,3304,3643
944,2018-07-04,404,3202,3606
944,2018-07-05,366,3394,3760
944,2018-07-06,384,3400,3784
944,2018-07-07,115,2428,2543
944,2018-07-08,48,2295,2343
944,2018-07-09,428,3049,3477
944,2018-07-10,437,3381,3818
944,2018-07-11,427,3235,3662
944,2018-07-12,405,3357,3762
944,2018-07-13,371,3478,3849
944,2018-07-14,141,2481,2622
944,2018-07-15,40,2108,2148
944,2018-07-16,317,2919,3236
944,2018-07-17,402,3057,3459
944,2018-07-18,335,3100,3435
944,2018-07-19,345,3125,3470
944,2018-07-20,336,3154,3490
944,2018-07-21,91,2323,2414
944,2018-07-22,28,2290,2318
944,2018-07-23,321,2898,3219
944,2018-07-24,312,3103,3415
944,2018-07-25,330,3067,3397
944,2018-07-26,343,3174,3517
944,2018-07-27,282,3372,3654
944,2018-07-28,99,2640,2739
944,2018-07-29,27,2106,2133
944,2018-07-30,242,2672,2914
944,2018-07-31,269,2722,2991
944,2018-08-01,235,2696,2931
944,2018-08-02,277,2676,2953
944,2018-08-03,324,2723,3047
944,2018-08-04,103,2056,2159
944,2018-08-05,37,1993,2030
944,2018-08-06,231,2404,2635
944,2018-08-07,216,2429,2645
944,2018-08-08,236,2462,2698
944,2018-08-09,219,2332,2551
944,2018-08-10,216,2558,2774
944,2018-08-11,98,2104,2202
944,2018-08-12,19,1874,1893
944,2018-08-13,188,2330,2518
944,2018-08-14,229,2442,2671
944,2018-08-15,52,1876,1928
944,2018-08-16,220,2426,2646
944,2018-08-17,271,2663,2934
944,2018-08-18,94,1972,2066
944,2018-08-19,49,1949,1998
944,2018-08-20,284,2562,2846
944,2018-08-21,305,2756,3061
944,2018-08-22,273,2774,3047
944,2018-08-23,325,2827,3152
944,2018-08-24,280,2886,3166
944,2018-08-25,113,2123,2236
944,2018-08-26,36,1844,1880
944,2018-08-27,297,2687,2984
944,2018-08-28,379,2799,3178
944,2018-08-29,394,2851,3245
944,2018-08-30,461,2915,3376
944,2018-08-31,405,3006,3411
944,2018-09-01,133,2044,2177
944,2018-09-02,58,2214,2272
944,2018-09-03,427,2757,3184
944,2018-09-04,337,2927,3264
944,2018-09-05,366,2694,3060
944,2018-09-06,382,3094,3476
944,2018-09-07,369,3086,3455
944,2018-09-08,117,2125,2242
944,2018-09-09,40,1987,2027
944,2018-09-10,328,2847,3175
944,2018-09-11,340,2940,3280
944,2018-09-12,379,3128,3507
944,2018-09-13,390,3095,3485
944,2018-09-14,376,3219,3595
944,2018-09-15,127,2279,2406
944,2018-09-16,39,2139,2178
944,2018-09-17,408,3043,3451
944,2018-09-18,372,3092,3464
944,2018-09-19,407,3078,3485
944,2018-09-20,393,3277,3670
944,2018-09-21,426,3264,3690
944,2018-09-22,134,2303,2437
944,2018-09-23,26,2102,2128
944,2018-09-24,417,2880,3297
944,2018-09-25,421,3025,3446
944,2018-09-26,386,3140,3526
944,2018-09-27,404,3315,3719
944,2018-09-28,397,3239,3636
944,2018-09-29,153,2317,2470
944,2018-09-30,38,2123,2161
944,2018-10-01,369,2933,3302
944,2018-10-02,371,2995,3366
944,2018-10-03,390,2940,3330
944,2018-10-04,360,2839,3199
944,2018-10-05,342,2744,3086
944,2018-10-06,108,783,891
944,2018-10-07,18,1465,1483
944,2018-10-08,345,2895,3240
944,2018-10-09,425,3073,3498
944,2018-10-10,345,3072,3417
944,2018-10-11,364,3211,3575
944,2018-10-12,374,3289,3663
944,2018-10-13,147,2313,2460
944,2018-10-14,31,2185,2216
944,2018-10-15,360,2975,3335
944,2018-10-16,393,3208,3601
944,2018-10-17,393,3073,3466
944,2018-10-18,399,3287,3686
944,2018-10-19,376,3305,3681
944,2018-10-20,157,2332,2489
944,2018-10-21,63,2175,2238
944,2018-10-22,415,2931,3346
944,2018-10-23,419,3151,3570
944,2018-10-24,387,3042,3429
944,2018-10-25,403,3193,3596
944,2018-10-26,401,3300,3701
944,2018-10-27,92,2295,2387
944,2018-10-28,34,2019,2053
944,2018-10-29,412,2943,3355
944,2018-10-30,343,2829,3172
944,2018-11-01,53,1803,1856
944,2018-11-02,240,2594,2834
944,2018-11-03,133,2125,2258
944,2018-11-04,16,1818,1834
944,2018-11-05,446,3005,3451
944,2018-11-06,397,3169,3566
944,2018-11-07,416,3100,3516
944,2018-11-08,441,3090,3531
944,2018-11-09,428,3304,3732
944,2018-11-10,84,2370,2454
944,2018-11-11,24,1836,1860
944,2018-11-12,423,2961,3384
944,2018-11-28,329,3082,3411
944,2018-11-30,337,3209,3546
944,2018-12-01,121,2208,2329
944,2018-12-02,18,1862,1880
944,2018-12-03,328,2957,3285
944,2018-12-04,390,3161,3551
944,2018-12-05,367,2959,3326
944,2018-12-06,406,3064,3470
944,2018-12-07,318,3168,3486
944,2018-12-08,82,1944,2026
944,2018-12-09,28,1881,1909
944,2018-12-10,348,2889,3237
944,2018-12-11,394,3104,3498
944,2018-12-12,384,2968,3352
944,2018-12-13,421,3085,3506
944,2018-12-14,365,3256,3621
944,2018-12-15,106,2422,2528
944,2018-12-16,25,1586,1611
944,2018-12-17,385,3041,3426
944,2018-12-18,398,3196,3594
944,2018-12-19,384,3245,3629
944,2018-12-20,348,3353,3701
944,2018-12-21,270,3501,3771
944,2018-12-22,83,2287,2370
944,2018-12-23,30,1895,1925
944,2018-12-24,102,2141,2243
944,2018-12-25,16,1074,1090
944,2018-12-26,22,1593,1615
944,2018-12-27,166,2313,2479
944,2018-12-28,144,2291,2435
944,2018-12-29,89,1935,2024
944,2018-12-30,13,1757,1770
944,2018-12-31,105,2032,2137
946,2018-01-01,42,2906,2948
946,2018-01-02,564,6118,6682
946,2018-01-03,648,5732,6380
946,2018-01-04,674,6749,7423
946,2018-01-05,662,6952,7614
946,2018-01-06,264,5029,5293
946,2018-01-07,65,4768,4833
946,2018-01-08,932,7234,8166
946,2018-01-09,1169,7815,8984
946,2018-01-10,1088,7509,8597
946,2018-01-11,1201,7987,9188
946,2018-01-12,1392,8150,9542
946,2018-01-13,273,5407,5680
946,2018-01-14,91,4901,4992
946,2018-01-15,1398,7640,9038
946,2018-01-16,1153,7993,9146
946,2018-01-17,1053,7366,8419
946,2018-01-18,1072,7587,8659
946,2018-01-19,1001,8056,9057
946,2018-01-20,231,4163,4394
946,2018-01-21,87,4675,4762
946,2018-01-22,964,7460,8424
946,2018-01-23,1208,7872,9080
946,2018-01-24,1263,7794,9057
946,2018-01-25,1229,8168,9397
946,2018-01-26,1095,8263,9358
946,2018-01-27,272,5660,5932
946,2018-01-28,73,4910,4983
946,2018-01-29,1268,7537,8805
946,2018-01-30,1320,7860,9180
946,2018-01-31,1264,7730,8994
946,2018-02-01,1183,8061,9244
946,2018-02-02,1153,7926,9079
946,2018-02-03,307,5561,5868
946,2018-02-04,98,4798,4896
946,2018-02-05,1112,7522,8634
946,2018-02-06,995,7337,8332
946,2018-02-07,961,7533,8494
946,2018-02-08,1047,7587,8634
946,2018-02-09,929,7567,8496
946,2018-02-10,263,4700,4963
946,2018-02-11,111,4179,4290
946,2018-02-12,686,5437,6123
946,2018-02-13,868,6612,7480
946,2018-02-14,1006,7371,8377
946,2018-02-15,850,7077,7927
946,2018-02-16,941,7827,8768
946,2018-02-17,262,5044,5306
946,2018-02-18,83,5103,5186
946,2018-02-19,1074,7401,8475
946,2018-02-20,1124,7894,9018
946,2018-02-21,1122,7568,8690
946,2018-02-22,1071,7987,9058
946,2018-02-23,1111,8443,9554
946,2018-02-24,327,5490,5817
946,2018-02-25,72,5184,5256
946,2018-02-26,932,7496,8428
946,2018-02-27,1135,7406,8541
946,2018-02-28,1004,7473,8477
946,2018-03-01,1092,7890,8982
946,2018-03-02,847,6914,7761
946,2018-03-03,304,5057,5361
946,2018-03-04,69,5093,5162
946,2018-03-05,1046,7629,8675
946,2018-03-06,1128,7982,9110
946,2018-03-07,1205,7945,9150
946,2018-03-08,1217,8270,9487
946,2018-03-09,1156,8316,9472
946,2018-03-10,314,5731,6045
946,2018-03-11,94,5123,5217
946,2018-03-12,1189,7813,9002
946,2018-03-13,1223,8093,9316
946,2018-03-14,1205,7889,9094
946,2018-03-15,1195,8365,9560
946,2018-03-16,1224,8424,9648
946,2018-03-17,298,5513,5811
946,2018-03-18,127,4658,4785
946,2018-03-19,1200,7651,8851
946,2018-03-20,1236,8114,9350
946,2018-03-21,1247,7922,9169
946,2018-03-22,1198,8110,9308
946,2018-03-23,1285,8607,9892
946,2018-03-24,382,6153,6535
946,2018-03-26,1210,8211,9421
946,2018-03-27,1217,8305,9522
946,2018-03-28,1359,8467,9826
946,2018-03-29,1312,9013,10325
946,2018-03-30,1233,9487,10720
946,2018-03-31,362,5981,6343
946,2018-04-01,78,5020,5098
946,2018-04-02,167,5566,5733
946,2018-04-03,1094,7959,9053
946,2018-04-04,1212,7924,9136
946,2018-04-05,1297,8325,9622
946,2018-04-06,1264,8610,9874
946,2018-04-07,441,6047,6488
946,2018-04-08,190,6077,6267
946,2018-04-09,1282,7861,9143
946,2018-04-10,1246,8023,9269
946,2018-04-11,1210,8338,9548
946,2018-04-12,1231,8134,9365
946,2018-04-13,1260,8962,10222
946,2018-04-14,395,6045,6440
946,2018-04-15,159,6095,6254
946,2018-04-16,1348,8333,9681
946,2018-04-17,1370,8530,9900
946,2018-04-18,1373,8613,9986
946,2018-04-19,1316,9184,10500
946,2018-04-20,1311,9551,10862
946,2018-04-21,444,6773,7217
946,2018-04-22,169,6360,6529
946,2018-04-23,1351,8429,9780
946,2018-04-24,1340,8511,9851
946,2018-04-25,1380,8733,10113
946,2018-04-26,1498,9054,10552
946,2018-04-27,1500,10134,11634
946,2018-04-28,528,7606,8134
946,2018-04-29,186,6426,6612
946,2018-04-30,852,7549,8401
946,2018-05-01,267,5323,5590
946,2018-05-02,1479,8884,10363
946,2018-05-03,1457,9193,10650
946,2018-05-04,1475,9879,11354
946,2018-05-05,603,7252,7855
946,2018-05-06,196,6703,6899
946,2018-05-07,1323,8829,10152
946,2018-05-08,1347,9029,10376
946,2018-05-09,1423,10217,11640
946,2018-05-10,371,7406,7777
946,2018-05-11,982,8324,9306
946,2018-05-12,507,7025,7532
946,2018-05-13,188,5664,5852
946,2018-05-14,1292,8274,9566
946,2018-05-15,1352,8522,9874
946,2018-05-16,1405,8660,10065
946,2018-05-17,1544,9186,10730
946,2018-05-18,1360,10099,11459
946,2018-05-19,481,7113,7594
946,2018-05-20,154,6420,6574
946,2018-05-21,314,7063,7377
946,2018-05-22,1225,8437,9662
946,2018-05-23,1397,8142,9539
946,2018-05-24,1319,8080,9399
946,2018-05-25,1260,9053,10313
946,2018-05-26,439,6488,6927
946,2018-05-27,202,6261,6463
946,2018-05-28,1287,8525,9812
946,2018-05-29,1340,8689,10029
946,2018-05-30,1472,8844,10316
946,2018-05-31,1540,9494,11034
946,2018-06-01,1329,9811,11140
946,2018-06-02,448,6100,6548
946,2018-06-03,190,6587,6777
946,2018-06-04,1273,8449,9722
946,2018-06-05,1487,8849,10336
946,2018-06-06,1314,8514,9828
946,2018-06-07,1377,9193,10570
946,2018-06-08,1327,9852,11179
946,2018-06-09,383,6668,7051
946,2018-06-10,188,6490,6678
946,2018-06-11,1391,8347,9738
946,2018-06-12,1288,8859,10147
946,2018-06-13,1355,8440,9795
946,2018-06-14,1440,8896,10336
946,2018-06-15,1392,9521,10913
946,2018-06-16,475,6947,7422
946,2018-06-17,223,6162,6385
946,2018-06-18,1340,8239,9579
946,2018-06-19,1399,8595,9994
946,2018-06-20,1390,8776,10166
946,2018-06-21,1464,9004,10468
946,2018-06-22,1433,9438,10871
946,2018-06-23,279,5557,5836
946,2018-06-24,230,6409,6639
946,2018-06-25,1436,8471,9907
946,2018-06-26,1451,8926,10377
946,2018-06-27,1518,8802,10320
946,2018-06-28,1511,9253,10764
946,2018-06-29,1351,10063,11414
946,2018-06-30,438,6718,7156
946,2018-07-01,264,7069,7333
946,2018-07-02,1366,8610,9976
946,2018-07-03,1634,11253,12887
946,2018-07-04,1626,11951,13577
946,2018-07-05,1480,9404,10884
946,2018-07-06,1398,9396,10794
946,2018-07-07,467,6971,7438
946,2018-07-08,227,7070,7297
946,2018-07-09,1315,8597,9912
946,2018-07-10,1501,8893,10394
946,2018-07-11,1540,8976,10516
946,2018-07-12,1501,9198,10699
946,2018-07-13,1552,9863,11415
946,2018-07-14,561,7853,8414
946,2018-07-15,325,6746,7071
946,2018-07-16,1324,8906,10230
946,2018-07-17,1341,8771,10112
946,2018-07-18,1457,8710,10167
946,2018-07-19,1378,9039,10417
946,2018-07-20,1295,9656,10951
946,2018-07-21,593,7316,7909
946,2018-07-22,348,7130,7478
946,2018-07-23,1246,8732,9978
946,2018-07-24,1342,8909,10251
946,2018-07-25,1419,8958,10377
946,2018-07-26,1174,9404,10578
946,2018-07-27,1055,9488,10543
946,2018-07-28,525,6958,7483
946,2018-07-29,314,7429,7743
946,2018-07-30,951,8019,8970
946,2018-07-31,938,7698,8636
946,2018-08-01,922,7786,8708
946,2018-08-02,934,7838,8772
946,2018-08-03,932,8934,9866
946,2018-08-04,469,6883,7352
946,2018-08-05,324,7073,7397
946,2018-08-06,830,7265,8095
946,2018-08-07,803,6967,7770
946,2018-08-08,732,7054,7786
946,2018-08-09,927,7381,8308
946,2018-08-10,874,8190,9064
946,2018-08-11,556,6870,7426
946,2018-08-12,259,6611,6870
946,2018-12-15,370,6046,6416
946,2018-12-16,122,4877,4999
946,2018-12-17,1185,8023,9208
946,2018-12-18,1255,8433,9688
946,2018-12-19,1234,8484,9718
946,2018-12-20,1197,8964,10161
946,2018-12-21,926,9188,10114
946,2018-12-22,288,6261,6549
946,2018-12-23,81,5654,5735
946,2018-12-24,351,5585,5936
946,2018-12-25,51,3063,3114
946,2018-12-26,130,4396,4526
946,2018-12-27,520,6342,6862
946,2018-12-28,513,6426,6939
946,2018-12-29,240,5155,5395
946,2018-12-30,72,5321,5393
946,2018-12-31,320,5059,5379
947,2018-01-01,12,1142,1154
947,2018-01-02,284,4800,5084
947,2018-01-03,306,4704,5010
947,2018-01-04,322,5366,5688
947,2018-01-05,312,5489,5801
947,2018-01-06,135,5052,5187
947,2018-01-07,24,5402,5426
947,2018-01-08,398,5000,5398
947,2018-01-09,433,4946,5379
947,2018-01-10,439,4871,5310
947,2018-01-11,472,5142,5614
947,2018-01-12,468,5499,5967
947,2018-01-13,168,5043,5211
947,2018-01-14,32,5799,5831
947,2018-01-15,439,4789,5228
947,2018-01-16,490,5251,5741
947,2018-01-17,464,4765,5229
947,2018-01-18,380,4279,4659
947,2018-01-19,435,5236,5671
947,2018-01-20,119,3510,3629
947,2018-01-21,39,4876,4915
947,2018-01-22,417,4830,5247
947,2018-01-23,479,5161,5640
947,2018-01-24,463,5446,5909
947,2018-01-25,445,5300,5745
947,2018-01-26,405,5699,6104
947,2018-01-27,149,5246,5395
947,2018-01-28,20,5625,5645
947,2018-01-29,411,4877,5288
947,2018-01-30,443,5074,5517
947,2018-01-31,461,5298,5759
947,2018-02-01,515,4993,5508
947,2018-02-02,321,4179,4500
947,2018-02-03,141,5115,5256
947,2018-02-04,32,5389,5421
947,2018-02-05,453,4969,5422
947,2018-02-06,435,4575,5010
947,2018-02-07,437,4903,5340
947,2018-02-08,438,5268,5706
947,2018-02-09,424,5301,5725
947,2018-02-10,137,4717,4854
947,2018-02-11,32,4342,4374
947,2018-02-12,520,4794,5314
947,2018-02-13,459,5002,5461
947,2018-02-14,432,5465,5897
947,2018-02-15,394,4766,5160
947,2018-02-16,398,5505,5903
947,2018-02-17,155,4885,5040
947,2018-02-18,32,5809,5841
947,2018-02-19,438,4817,5255
947,2018-02-20,442,4629,5071
947,2018-02-21,466,4792,5258
947,2018-02-22,481,5037,5518
947,2018-02-23,476,5414,5890
947,2018-02-24,153,5030,5183
947,2018-02-25,27,5874,5901
947,2018-02-26,408,4831,5239
947,2018-02-27,441,4879,5320
947,2018-02-28,414,5080,5494
947,2018-03-01,439,5047,5486
947,2018-03-02,420,4429,4849
947,2018-03-03,153,4976,5129
947,2018-03-04,21,6059,6080
947,2018-03-05,399,5104,5503
947,2018-03-06,464,5097,5561
947,2018-03-07,482,5085,5567
947,2018-03-08,504,5144,5648
947,2018-03-09,449,5543,5992
947,2018-03-10,171,5134,5305
947,2018-03-11,34,5994,6028
947,2018-03-12,434,4935,5369
947,2018-03-13,466,4917,5383
947,2018-03-14,496,5088,5584
947,2018-03-15,525,5057,5582
947,2018-03-16,484,5606,6090
947,2018-03-17,160,4920,5080
947,2018-03-18,49,5331,5380
947,2018-03-19,523,4973,5496
947,2018-03-20,509,4825,5334
947,2018-03-21,491,5130,5621
947,2018-03-22,481,4975,5456
947,2018-03-23,493,5743,6236
947,2018-03-24,182,5675,5857
947,2018-03-26,464,5257,5721
947,2018-03-27,448,5319,5767
947,2018-03-28,470,5522,5992
947,2018-03-29,548,6049,6597
947,2018-03-30,524,7425,7949
947,2018-03-31,177,6427,6604
947,2018-04-01,27,5566,5593
947,2018-04-02,43,6008,6051
947,2018-04-03,457,5675,6132
947,2018-04-04,516,5664,6180
947,2018-04-05,492,6041,6533
947,2018-04-06,538,6149,6687
947,2018-04-07,182,5629,5811
947,2018-04-08,52,6192,6244
947,2018-04-09,500,5328,5828
947,2018-04-10,457,5427,5884
947,2018-04-11,476,5717,6193
947,2018-04-12,526,5690,6216
947,2018-04-13,533,6206,6739
947,2018-04-14,174,5525,5699
947,2018-04-15,53,6343,6396
947,2018-04-16,484,5253,5737
947,2018-04-17,463,5297,5760
947,2018-04-18,502,5585,6087
947,2018-04-19,504,5661,6165
947,2018-04-20,522,6388,6910
947,2018-04-21,156,5894,6050
947,2018-04-22,36,6199,6235
947,2018-04-23,499,5434,5933
947,2018-04-24,518,5367,5885
947,2018-04-25,534,5405,5939
947,2018-04-26,520,5794,6314
947,2018-04-27,510,6672,7182
947,2018-04-28,187,6308,6495
947,2018-04-30,370,6312,6682
947,2018-05-01,51,6669,6720
947,2018-05-02,514,5678,6192
947,2018-05-03,556,5998,6554
947,2018-05-04,523,6596,7119
947,2018-05-05,184,5628,5812
947,2018-05-06,34,6276,6310
947,2018-05-07,493,5825,6318
947,2018-05-08,514,6081,6595
947,2018-05-09,551,6446,6997
947,2018-05-10,109,7874,7983
947,2018-05-11,387,6684,7071
947,2018-05-12,207,6263,6470
947,2018-05-13,131,6778,6909
947,2018-05-14,426,5533,5959
947,2018-05-15,491,5515,6006
947,2018-05-16,495,5716,6211
947,2018-05-17,538,5950,6488
947,2018-05-18,563,6626,7189
947,2018-05-19,200,6211,6411
947,2018-05-20,60,6810,6870
947,2018-05-21,80,6568,6648
947,2018-05-22,476,5386,5862
947,2018-05-23,508,5662,6170
947,2018-05-24,484,5716,6200
947,2018-05-25,494,6234,6728
947,2018-05-26,150,5679,5829
947,2018-05-27,58,5717,5775
947,2018-05-28,451,5188,5639
947,2018-05-29,518,5406,5924
947,2018-05-30,457,5762,6219
947,2018-05-31,506,6814,7320
947,2018-06-01,450,6471,6921
947,2018-06-02,173,6092,6265
947,2018-06-03,45,6773,6818
947,2018-06-04,445,5458,5903
947,2018-06-05,539,5808,6347
947,2018-06-06,550,5715,6265
947,2018-06-07,471,5940,6411
947,2018-06-08,502,6497,6999
947,2018-06-09,160,6166,6326
947,2018-06-10,45,6601,6646
947,2018-06-11,552,5458,6010
947,2018-06-12,462,5675,6137
947,2018-06-13,515,5420,5935
947,2018-06-14,513,5592,6105
947,2018-06-15,536,6844,7380
947,2018-06-16,177,6191,6368
947,2018-06-17,55,6745,6800
947,2018-06-18,487,5200,5687
947,2018-06-19,476,5407,5883
947,2018-06-20,503,5491,5994
947,2018-06-21,569,5967,6536
947,2018-06-22,525,6491,7016
947,2018-06-23,60,4825,4885
947,2018-06-24,45,6175,6220
947,2018-06-25,511,5522,6033
947,2018-06-26,517,5717,6234
947,2018-06-27,530,5916,6446
947,2018-06-28,497,5955,6452
947,2018-06-29,495,7129,7624
947,2018-06-30,185,5960,6145
947,2018-07-01,64,6606,6670
947,2018-07-02,495,5899,6394
947,2018-07-03,475,5999,6474
947,2018-07-04,493,5956,6449
947,2018-07-05,530,6195,6725
947,2018-07-06,529,6096,6625
947,2018-07-07,187,5950,6137
947,2018-07-08,40,6994,7034
947,2018-07-09,481,5891,6372
947,2018-07-10,501,6050,6551
947,2018-07-11,522,5999,6521
947,2018-07-13,518,6695,7213
947,2018-07-14,202,5582,5784
947,2018-07-15,42,6118,6160
947,2018-07-16,479,6556,7035
947,2018-07-17,538,6366,6904
947,2018-07-18,543,6362,6905
947,2018-07-19,522,6607,7129
947,2018-07-20,502,7168,7670
947,2018-07-21,191,7046,7237
947,2018-07-22,44,7236,7280
947,2018-07-23,507,6741,7248
947,2018-07-24,507,6986,7493
947,2018-07-25,523,6771,7294
947,2018-07-26,438,6250,6688
947,2018-07-27,404,6809,7213
947,2018-07-28,169,6182,6351
947,2018-07-29,54,6573,6627
947,2018-07-30,333,5654,5987
947,2018-07-31,370,5943,6313
947,2018-08-01,365,5937,6302
947,2018-08-02,392,5966,6358
947,2018-08-03,362,6244,6606
947,2018-08-04,175,5918,6093
947,2018-08-05,59,6250,6309
947,2018-08-06,790,8771,9561
947,2018-08-07,839,8501,9340
947,2018-08-09,937,8989,9926
947,2018-08-10,885,9885,10770
947,2018-08-11,462,8303,8765
947,2018-08-12,215,9158,9373
947,2018-08-13,813,8874,9687
947,2018-08-14,903,9141,10044
947,2018-08-15,229,6290,6519
947,2018-08-16,943,8559,9502
947,2018-08-17,857,8434,9291
947,2018-08-18,302,6352,6654
947,2018-08-19,170,6873,7043
947,2018-08-20,772,6916,7688
947,2018-08-21,856,6748,7604
947,2018-08-22,884,7032,7916
947,2018-08-23,917,7089,8006
947,2018-08-24,1029,7955,8984
947,2018-08-25,169,5500,5669
947,2018-08-26,48,5705,5753
947,2018-08-27,456,5751,6207
947,2018-08-28,500,5623,6123
947,2018-08-29,530,5835,6365
947,2018-08-30,549,6455,7004
947,2018-08-31,549,6924,7473
947,2018-09-01,201,6002,6203
947,2018-09-02,65,6716,6781
947,2018-09-03,469,5405,5874
947,2018-09-04,494,5496,5990
947,2018-09-05,478,5543,6021
947,2018-09-06,485,5697,6182
947,2018-09-07,496,6370,6866
947,2018-09-08,183,5513,5696
947,2018-09-09,62,6467,6529
947,2018-09-10,477,5343,5820
947,2018-09-11,521,5486,6007
947,2018-09-12,507,5620,6127
947,2018-09-13,481,5878,6359
947,2018-09-14,461,6241,6702
947,2018-09-15,205,5832,6037
947,2018-09-16,53,6231,6284
947,2018-09-17,492,5495,5987
947,2018-09-18,527,5454,5981
947,2018-09-19,512,5406,5918
947,2018-09-20,487,6009,6496
947,2018-09-21,498,6207,6705
947,2018-09-22,185,5662,5847
947,2018-09-23,10,6266,6276
947,2018-09-24,446,5482,5928
947,2018-09-25,482,5427,5909
947,2018-09-26,552,5760,6312
947,2018-09-27,617,6649,7266
947,2018-09-28,546,6507,7053
947,2018-09-29,185,5922,6107
947,2018-09-30,56,6952,7008
947,2018-10-01,481,5789,6270
947,2018-10-02,531,5737,6268
947,2018-10-03,567,6756,7323
947,2018-10-04,654,6191,6845
947,2018-10-05,553,6684,7237
947,2018-10-06,184,5819,6003
947,2018-10-07,39,6525,6564
947,2018-10-08,474,5581,6055
947,2018-10-09,529,5446,5975
947,2018-10-10,515,5608,6123
947,2018-10-11,560,5921,6481
947,2018-10-12,505,6072,6577
947,2018-10-13,177,5773,5950
947,2018-10-14,29,6752,6781
947,2018-10-15,481,5399,5880
947,2018-10-16,504,5570,6074
947,2018-10-17,551,5552,6103
947,2018-10-18,559,5842,6401
947,2018-10-19,513,6197,6710
947,2018-10-20,189,5717,5906
947,2018-10-21,46,6345,6391
947,2018-10-22,507,5602,6109
947,2018-10-23,498,5616,6114
947,2018-10-24,467,5741,6208
947,2018-10-25,575,5882,6457
947,2018-10-26,561,6448,7009
947,2018-10-27,189,5748,5937
947,2018-10-28,42,6633,6675
947,2018-10-29,478,5970,6448
947,2018-10-30,452,5911,6363
947,2018-11-01,73,6497,6570
947,2018-11-02,373,6628,7001
947,2018-11-03,186,5545,5731
947,2018-11-04,41,6372,6413
947,2018-11-05,507,5638,6145
947,2018-11-06,516,5488,6004
947,2018-11-07,571,5409,5980
947,2018-11-08,595,5716,6311
947,2018-11-09,520,6178,6698
947,2018-11-10,162,5935,6097
947,2018-11-11,45,6786,6831
947,2018-11-12,445,5457,5902
947,2018-11-13,495,5387,5882
947,2018-11-14,465,5603,6068
947,2018-11-15,572,5994,6566
947,2018-11-16,538,6478,7016
947,2018-11-17,181,5566,5747
947,2018-11-18,34,6725,6759
947,2018-11-19,430,5426,5856
947,2018-11-20,500,5418,5918
947,2018-11-21,521,5545,6066
947,2018-11-22,546,5719,6265
947,2018-11-23,530,6658,7188
947,2018-11-24,182,6028,6210
947,2018-11-25,27,6444,6471
947,2018-11-26,468,5506,5974
947,2018-11-27,497,5406,5903
947,2018-11-28,520,5632,6152
947,2018-11-29,510,5988,6498
947,2018-11-30,528,6474,7002
947,2018-12-01,172,6100,6272
947,2018-12-02,20,6990,7010
947,2018-12-03,463,5841,6304
947,2018-12-04,511,5827,6338
947,2018-12-05,499,5811,6310
947,2018-12-06,529,6060,6589
947,2018-12-07,516,6370,6886
947,2018-12-08,168,5680,5848
947,2018-12-09,32,6334,6366
947,2018-12-10,469,5655,6124
947,2018-12-11,547,5578,6125
947,2018-12-12,558,5675,6233
947,2018-12-13,591,5922,6513
947,2018-12-14,520,6649,7169
947,2018-12-15,198,6317,6515
947,2018-12-16,56,5693,5749
947,2018-12-17,504,5925,6429
947,2018-12-18,515,6351,6866
947,2018-12-19,525,6483,7008
947,2018-12-20,494,7108,7602
947,2018-12-21,412,7478,7890
947,2018-12-22,145,7313,7458
947,2018-12-23,17,8332,8349
947,2018-12-24,240,5552,5792
947,2018-12-25,13,1050,1063
947,2018-12-26,44,4816,4860
947,2018-12-27,329,5775,6104
947,2018-12-28,345,6213,6558
947,2018-12-29,151,6140,6291
947,2018-12-30,26,7650,7676
947,2018-12-31,197,5060,5257
1111,2018-01-01,37,1681,1718
1111,2018-01-02,200,2848,3048
1111,2018-01-03,247,3043,3290
1111,2018-01-04,237,3313,3550
1111,2018-01-05,217,3517,3734
1111,2018-01-06,118,2639,2757
1111,2018-01-07,40,2144,2184
1111,2018-01-08,253,2796,3049
1111,2018-01-09,261,3084,3345
1111,2018-01-10,246,3160,3406
1111,2018-01-11,291,3339,3630
1111,2018-01-12,295,3334,3629
1111,2018-01-13,129,2663,2792
1111,2018-01-14,41,2421,2462
1111,2018-01-15,259,2957,3216
1111,2018-01-16,304,3314,3618
1111,2018-01-17,280,3037,3317
1111,2018-01-18,274,3092,3366
1111,2018-01-19,269,3396,3665
1111,2018-01-20,145,2648,2793
1111,2018-01-21,48,2217,2265
1111,2018-01-22,266,2937,3203
1111,2018-01-23,276,3232,3508
1111,2018-01-24,254,3225,3479
1111,2018-01-25,250,3325,3575
1111,2018-01-26,277,3390,3667
1111,2018-01-27,137,2743,2880
1111,2018-01-28,50,2504,2554
1111,2018-01-29,250,3018,3268
1111,2018-01-30,274,3344,3618
1111,2018-01-31,234,3246,3480
1111,2018-02-01,274,3263,3537
1111,2018-02-02,262,3451,3713
1111,2018-02-03,139,2784,2923
1111,2018-02-04,45,2278,2323
1111,2018-02-05,249,3512,3761
1111,2018-02-06,261,3568,3829
1111,2018-02-07,263,3667,3930
1111,2018-02-08,270,3799,4069
1111,2018-02-09,281,3627,3908
1111,2018-02-10,116,2741,2857
1111,2018-02-11,100,2191,2291
1111,2018-02-12,179,2833,3012
1111,2018-02-13,235,3931,4166
1111,2018-02-14,266,3362,3628
1111,2018-02-15,238,3382,3620
1111,2018-02-16,278,3275,3553
1111,2018-02-17,129,2594,2723
1111,2018-02-18,49,2508,2557
1111,2018-02-19,286,3081,3367
1111,2018-02-20,314,3357,3671
1111,2018-02-21,289,3273,3562
1111,2018-02-22,315,3305,3620
1111,2018-02-23,259,3449,3708
1111,2018-02-24,149,2779,2928
1111,2018-02-25,50,2656,2706
1111,2018-02-26,258,3061,3319
1111,2018-02-27,288,3365,3653
1111,2018-02-28,301,3075,3376
1111,2018-03-01,278,3249,3527
1111,2018-03-02,261,3009,3270
1111,2018-03-03,126,2641,2767
1111,2018-03-04,45,2371,2416
1111,2018-03-05,258,3189,3447
1111,2018-03-06,297,3185,3482
1111,2018-03-07,300,3267,3567
1111,2018-03-08,315,3393,3708
1111,2018-03-09,277,3451,3728
1111,2018-03-10,149,2861,3010
1111,2018-03-11,55,2620,2675
1111,2018-03-12,250,3035,3285
1111,2018-03-13,280,3224,3504
1111,2018-03-14,302,3298,3600
1111,2018-03-15,305,3392,3697
1111,2018-03-16,293,3437,3730
1111,2018-03-17,141,2851,2992
1111,2018-03-18,41,2197,2238
1111,2018-03-19,293,3128,3421
1111,2018-03-21,287,3424,3711
1111,2018-03-22,311,3308,3619
1111,2018-03-23,297,3562,3859
1111,2018-03-24,145,3277,3422
1111,2018-03-26,273,3236,3509
1111,2018-03-27,272,3344,3616
1111,2018-03-28,266,3396,3662
1111,2018-03-29,308,3730,4038
1111,2018-03-30,262,4149,4411
1111,2018-03-31,143,3454,3597
1111,2018-04-01,54,3258,3312
1111,2018-04-02,58,3060,3118
1111,2018-04-03,416,5839,6255
1111,2018-04-04,290,4616,4906
1111,2018-04-05,440,6195,6635
1111,2018-04-06,454,5709,6163
1111,2018-04-07,184,4286,4470
1111,2018-04-08,64,4174,4238
1111,2018-04-09,259,3437,3696
1111,2018-04-10,320,3380,3700
1111,2018-04-11,291,3690,3981
1111,2018-04-12,314,3600,3914
1111,2018-04-13,269,3657,3926
1111,2018-04-14,133,3310,3443
1111,2018-04-15,59,3311,3370
1111,2018-04-16,297,3387,3684
1111,2018-04-17,308,3661,3969
1111,2018-04-18,322,3586,3908
1111,2018-04-19,303,3753,4056
1111,2018-04-20,301,3833,4134
1111,2018-04-21,177,3791,3968
1111,2018-04-22,57,3532,3589
1111,2018-04-23,267,3311,3578
1111,2018-04-24,307,3541,3848
1111,2018-04-25,330,3397,3727
1111,2018-04-26,312,3503,3815
1111,2018-04-27,315,3760,4075
1111,2018-04-28,164,3727,3891
1111,2018-04-29,46,3246,3292
1111,2018-04-30,255,3615,3870
1111,2018-05-01,77,2796,2873
1111,2018-05-02,329,3748,4077
1111,2018-05-03,317,3919,4236
1111,2018-05-04,299,3827,4126
1111,2018-05-05,174,3841,4015
1111,2018-05-06,70,4344,4414
1111,2018-05-07,345,3554,3899
1111,2018-05-08,361,3919,4280
1111,2018-05-09,350,4083,4433
1111,2018-05-10,86,3527,3613
1111,2018-05-11,278,4527,4805
1111,2018-05-12,186,4344,4530
1111,2018-05-13,80,2843,2923
1111,2018-05-14,329,3257,3586
1111,2018-05-15,307,3711,4018
1111,2018-05-16,343,3547,3890
1111,2018-05-17,370,3825,4195
1111,2018-05-18,352,4111,4463
1111,2018-05-19,191,4005,4196
1111,2018-05-20,79,4327,4406
1111,2018-05-21,125,4094,4219
1111,2018-05-22,316,4083,4399
1111,2018-05-23,339,3661,4000
1111,2018-05-24,311,3688,3999
1111,2018-05-26,200,4124,4324
1111,2018-05-27,97,3484,3581
1111,2018-05-28,291,3365,3656
1111,2018-05-29,305,3561,3866
1111,2018-05-30,341,3750,4091
1111,2018-05-31,292,4330,4622
1111,2018-06-01,434,6776,7210
1111,2018-06-02,271,5467,5738
1111,2018-06-03,123,5181,5304
1111,2018-06-04,408,4885,5293
1111,2018-06-05,459,5067,5526
1111,2018-06-06,412,4924,5336
1111,2018-06-07,408,4931,5339
1111,2018-06-08,405,5225,5630
1111,2018-06-09,191,4849,5040
1111,2018-06-10,94,4482,4576
1111,2018-06-11,345,4474,4819
1111,2018-06-12,499,5601,6100
1111,2018-06-13,371,4790,5161
1111,2018-06-14,407,4985,5392
1111,2018-06-15,393,5084,5477
1111,2018-06-16,231,4869,5100
1111,2018-06-17,136,5202,5338
1111,2018-06-18,403,4398,4801
1111,2018-06-19,407,4073,4480
1111,2018-06-20,342,4050,4392
1111,2018-06-21,361,4136,4497
1111,2018-06-22,352,4067,4419
1111,2018-06-23,86,3460,3546
1111,2018-06-24,93,3464,3557
1111,2018-06-25,366,3625,3991
1111,2018-06-26,344,3892,4236
1111,2018-06-27,344,3899,4243
1111,2018-06-28,345,4059,4404
1111,2018-06-29,374,4251,4625
1111,2018-06-30,194,4157,4351
1111,2018-07-01,102,4445,4547
1111,2018-07-02,352,3646,3998
1111,2018-07-03,395,3862,4257
1111,2018-07-04,335,3880,4215
1111,2018-07-05,367,3952,4319
1111,2018-07-06,385,4108,4493
1111,2018-07-07,190,4001,4191
1111,2018-07-08,100,4535,4635
1111,2018-07-09,396,3889,4285
1111,2018-07-10,427,3948,4375
1111,2018-07-11,352,4038,4390
1111,2018-07-12,416,4314,4730
1111,2018-07-13,405,4005,4410
1111,2018-07-14,186,4180,4366
1111,2018-07-15,103,4067,4170
1111,2018-07-16,341,3870,4211
1111,2018-07-17,325,4017,4342
1111,2018-07-18,361,4271,4632
1111,2018-07-19,357,4402,4759
1111,2018-07-20,367,4406,4773
1111,2018-07-21,185,4307,4492
1111,2018-07-22,112,4765,4877
1111,2018-07-23,318,4285,4603
1111,2018-07-24,314,4376,4690
1111,2018-07-25,333,4572,4905
1111,2018-07-26,312,4446,4758
1111,2018-07-27,285,4341,4626
1111,2018-07-28,182,4443,4625
1111,2018-07-29,97,4809,4906
1111,2018-07-30,239,4003,4242
1111,2018-07-31,274,4237,4511
1111,2018-08-01,277,4195,4472
1111,2018-08-02,267,4424,4691
1111,2018-08-03,270,4304,4574
1111,2018-08-04,155,4649,4804
1111,2018-08-05,120,4567,4687
1111,2018-08-06,258,3966,4224
1111,2018-08-07,257,4066,4323
1111,2018-08-08,258,4142,4400
1111,2018-08-09,244,4042,4286
1111,2018-08-10,284,4744,5028
1111,2018-08-11,182,5044,5226
1111,2018-08-12,96,5083,5179
1111,2018-08-13,251,3865,4116
1111,2018-08-14,248,3994,4242
1111,2018-08-15,120,3848,3968
1111,2018-08-16,266,4160,4426
1111,2018-08-17,284,3964,4248
1111,2018-08-18,182,4044,4226
1111,2018-08-19,110,4445,4555
1111,2018-08-20,306,3592,3898
1111,2018-08-21,316,3834,4150
1111,2018-08-22,328,3891,4219
1111,2018-08-23,353,3850,4203
1111,2018-08-24,360,3852,4212
1111,2018-08-25,187,3627,3814
1111,2018-08-26,100,3830,3930
1111,2018-08-27,324,3349,3673
1111,2018-08-28,339,3666,4005
1111,2018-08-29,302,3438,3740
1111,2018-08-30,278,3716,3994
1111,2018-08-31,312,3717,4029
1111,2018-09-01,177,3895,4072
1111,2018-09-02,100,3534,3634
1111,2018-09-03,344,3347,3691
1111,2018-09-04,308,3579,3887
1111,2018-09-05,392,3588,3980
1111,2018-09-06,342,3615,3957
1111,2018-09-07,343,3802,4145
1111,2018-09-08,176,3672,3848
1111,2018-09-09,96,3966,4062
1111,2018-09-10,282,3460,3742
1111,2018-09-11,307,3725,4032
1111,2018-09-12,346,3884,4230
1111,2018-09-13,327,3738,4065
1111,2018-09-14,331,3891,4222
1111,2018-09-15,210,4009,4219
1111,2018-09-16,108,4484,4592
1111,2018-09-17,318,3534,3852
1111,2018-09-18,328,3868,4196
1111,2018-09-19,339,3861,4200
1111,2018-09-20,347,3833,4180
1111,2018-09-21,340,3789,4129
1111,2018-09-22,155,3469,3624
1111,2018-09-23,97,2926,3023
1111,2018-09-24,331,3404,3735
1111,2018-09-25,345,3620,3965
1111,2018-09-26,333,3745,4078
1111,2018-09-27,351,3819,4170
1111,2018-09-28,346,4055,4401
1111,2018-09-29,170,3830,4000
1111,2018-09-30,87,3493,3580
1111,2018-10-01,322,3357,3679
1111,2018-10-02,303,3583,3886
1111,2018-10-03,306,3925,4231
1111,2018-10-04,319,3577,3896
1111,2018-10-05,345,3943,4288
1111,2018-10-06,156,3865,4021
1111,2018-10-07,101,3161,3262
1111,2018-10-08,301,3306,3607
1111,2018-10-09,332,3566,3898
1111,2018-10-10,334,3685,4019
1111,2018-10-11,331,3833,4164
1111,2018-10-12,311,3787,4098
1111,2018-10-13,161,3714,3875
1111,2018-10-14,77,3528,3605
1111,2018-10-15,304,3444,3748
1111,2018-10-16,340,3623,3963
1111,2018-10-17,318,3589,3907
1111,2018-10-18,324,3914,4238
1111,2018-10-19,348,4059,4407
1111,2018-10-20,150,3542,3692
1111,2018-10-21,104,4154,4258
1111,2018-10-22,336,3538,3874
1111,2018-10-23,357,3712,4069
1111,2018-10-24,340,3973,4313
1111,2018-10-25,349,4056,4405
1111,2018-10-26,392,3938,4330
1111,2018-10-27,170,3284,3454
1111,2018-10-28,88,2915,3003
1111,2018-10-29,366,3292,3658
1111,2018-10-30,373,3325,3698
1111,2018-11-01,73,2669,2742
1111,2018-11-02,306,3547,3853
1111,2018-11-03,159,3242,3401
1111,2018-11-04,70,3169,3239
1111,2018-11-05,414,3217,3631
1111,2018-11-06,397,3456,3853
1111,2018-11-07,409,3419,3828
1111,2018-11-08,424,3543,3967
1111,2018-11-09,336,3576,3912
1111,2018-11-10,128,2906,3034
1111,2018-11-11,65,2436,2501
1111,2018-11-12,310,3122,3432
1111,2018-11-13,298,3346,3644
1111,2018-11-14,345,3375,3720
1111,2018-11-15,343,3544,3887
1111,2018-11-16,344,3623,3967
1111,2018-11-17,158,3107,3265
1111,2018-11-18,62,2769,2831
1111,2018-11-19,328,3003,3331
1111,2018-11-20,323,3324,3647
1111,2018-11-21,318,3269,3587
1111,2018-11-22,317,3434,3751
1111,2018-11-23,334,3636,3970
1111,2018-11-24,142,2782,2924
1111,2018-11-25,59,2440,2499
1111,2018-11-26,372,3135,3507
1111,2018-11-27,307,3296,3603
1111,2018-11-28,310,3409,3719
1111,2018-11-29,340,3460,3800
1111,2018-11-30,318,3629,3947
1111,2018-12-01,131,2787,2918
1111,2018-12-02,48,2510,2558
1111,2018-12-03,274,3132,3406
1111,2018-12-04,323,3400,3723
1111,2018-12-05,358,3328,3686
1111,2018-12-06,321,3340,3661
1111,2018-12-07,325,3601,3926
1111,2018-12-08,146,3036,3182
1111,2018-12-09,52,2470,2522
1111,2018-12-10,363,3422,3785
1111,2018-12-11,322,3781,4103
1111,2018-12-12,331,3721,4052
1111,2018-12-13,313,3927,4240
1111,2018-12-14,370,3981,4351
1111,2018-12-15,152,3430,3582
1111,2018-12-16,62,2729,2791
1111,2018-12-17,314,3511,3825
1111,2018-12-18,318,3697,4015
1111,2018-12-19,343,3779,4122
1111,2018-12-20,301,3953,4254
1111,2018-12-21,272,3697,3969
1111,2018-12-22,127,2835,2962
1111,2018-12-23,50,2316,2366
1111,2018-12-24,149,2769,2918
1111,2018-12-25,50,1908,1958
1111,2018-12-26,61,2201,2262
1111,2018-12-27,187,2867,3054
1111,2018-12-28,171,3034,3205
1111,2018-12-29,130,2606,2736
1111,2018-12-30,60,2462,2522
1111,2018-12-31,136,2551,2687
1113,2018-01-01,7,939,946
1113,2018-01-02,47,1742,1789
1113,2018-01-03,54,1670,1724
1113,2018-01-04,56,1889,1945
1113,2018-01-05,62,2053,2115
1113,2018-01-06,35,1621,1656
1113,2018-01-07,11,1268,1279
1113,2018-01-08,91,2076,2167
1113,2018-01-09,126,2247,2373
1113,2018-01-10,113,2188,2301
1113,2018-01-11,86,2222,2308
1113,2018-01-12,118,2430,2548
1113,2018-01-13,17,1714,1731
1113,2018-01-14,10,1467,1477
1113,2018-01-15,113,2223,2336
1113,2018-01-16,106,2308,2414
1113,2018-01-17,102,2261,2363
1113,2018-01-18,88,2242,2330
1113,2018-01-19,78,2208,2286
1113,2018-01-20,32,1534,1566
1113,2018-01-21,20,1137,1157
1113,2018-01-22,91,2082,2173
1113,2018-01-23,94,2292,2386
1113,2018-01-24,84,2280,2364
1113,2018-01-25,67,2217,2284
1113,2018-01-26,98,2318,2416
1113,2018-01-27,32,1802,1834
1113,2018-01-28,9,1544,1553
1113,2018-01-29,84,2113,2197
1113,2018-01-30,118,2309,2427
1113,2018-01-31,56,2183,2239
1113,2018-02-01,93,2224,2317
1113,2018-02-02,100,2267,2367
1113,2018-02-03,46,1673,1719
1113,2018-02-04,9,1205,1214
1113,2018-02-05,84,2113,2197
1113,2018-02-06,77,1946,2023
1113,2018-02-07,68,2141,2209
1113,2018-02-08,78,2109,2187
1113,2018-02-09,69,2150,2219
1113,2018-02-10,21,1427,1448
1113,2018-02-11,15,1197,1212
1113,2018-02-12,39,1542,1581
1113,2018-02-13,90,1882,1972
1113,2018-02-14,89,2056,2145
1113,2018-02-15,85,1834,1919
1113,2018-02-16,70,2144,2214
1113,2018-02-17,43,1566,1609
1113,2018-02-18,13,1447,1460
1113,2018-02-19,82,2178,2260
1113,2018-02-20,91,2230,2321
1113,2018-02-21,117,2300,2417
1113,2018-02-22,126,2240,2366
1113,2018-02-23,110,2394,2504
1113,2018-02-24,41,1801,1842
1113,2018-02-25,16,1578,1594
1113,2018-02-26,114,2106,2220
1113,2018-02-27,123,2229,2352
1113,2018-02-28,113,2322,2435
1113,2018-03-01,124,2273,2397
1113,2018-03-02,93,1805,1898
1113,2018-03-03,30,1622,1652
1113,2018-03-04,10,1294,1304
1113,2018-03-05,104,2303,2407
1113,2018-03-06,133,2347,2480
1113,2018-03-07,109,2269,2378
1113,2018-03-08,92,2364,2456
1113,2018-03-09,88,2392,2480
1113,2018-03-10,26,1802,1828
1113,2018-03-11,7,1644,1651
1113,2018-03-12,117,2202,2319
1113,2018-03-13,94,2256,2350
1113,2018-03-14,100,2541,2641
1113,2018-03-15,108,2454,2562
1113,2018-03-16,98,2511,2609
1113,2018-03-17,40,1932,1972
1113,2018-03-18,14,1375,1389
1113,2018-03-19,108,2334,2442
1113,2018-03-20,107,2432,2539
1113,2018-03-21,121,2489,2610
1113,2018-03-22,94,2242,2336
1113,2018-03-23,110,2470,2580
1113,2018-03-24,54,2249,2303
1113,2018-03-26,145,2429,2574
1113,2018-03-27,99,2617,2716
1113,2018-03-28,112,2476,2588
1113,2018-03-29,112,2636,2748
1113,2018-03-30,95,2660,2755
1113,2018-03-31,37,2034,2071
1113,2018-04-01,13,1672,1685
1113,2018-04-02,17,1747,1764
1113,2018-04-03,110,2302,2412
1113,2018-04-04,152,2384,2536
1113,2018-04-05,101,2377,2478
1113,2018-04-06,115,2568,2683
1113,2018-04-07,36,2310,2346
1113,2018-04-08,24,2369,2393
1113,2018-04-09,118,2385,2503
1113,2018-04-10,92,2396,2488
1113,2018-04-11,116,2475,2591
1113,2018-04-12,91,2517,2608
1113,2018-04-13,139,2657,2796
1113,2018-04-14,34,2332,2366
1113,2018-04-15,24,1986,2010
1113,2018-04-16,115,2573,2688
1113,2018-04-17,145,2790,2935
1113,2018-04-18,124,2838,2962
1113,2018-04-19,143,2970,3113
1113,2018-04-20,146,3027,3173
1113,2018-04-21,57,2625,2682
1113,2018-04-22,24,2646,2670
1113,2018-04-23,122,2587,2709
1113,2018-04-24,139,2802,2941
1113,2018-04-25,137,2708,2845
1113,2018-04-26,167,2901,3068
1113,2018-04-27,190,3061,3251
1113,2018-04-28,66,2583,2649
1113,2018-04-29,20,2036,2056
1113,2018-04-30,56,2338,2394
1113,2018-05-01,15,1853,1868
1113,2018-05-02,148,2889,3037
1113,2018-05-03,138,3061,3199
1113,2018-05-04,142,3072,3214
1113,2018-05-05,82,2735,2817
1113,2018-05-06,34,2646,2680
1113,2018-05-07,176,3213,3389
1113,2018-05-08,233,3072,3305
1113,2018-05-09,191,3125,3316
1113,2018-05-10,34,2028,2062
1113,2018-05-11,108,3387,3495
1113,2018-05-12,76,3001,3077
1113,2018-05-13,25,1978,2003
1113,2018-05-14,179,2618,2797
1113,2018-05-15,174,2912,3086
1113,2018-05-16,206,2835,3041
1113,2018-05-17,184,2998,3182
1113,2018-05-18,143,2975,3118
1113,2018-05-19,80,2761,2841
1113,2018-05-20,24,2587,2611
1113,2018-05-21,40,2444,2484
1113,2018-05-22,116,2690,2806
1113,2018-05-23,103,2652,2755
1113,2018-05-24,87,2541,2628
1113,2018-05-25,110,2814,2924
1113,2018-05-26,57,2559,2616
1113,2018-05-27,24,1995,2019
1113,2018-05-28,113,2657,2770
1113,2018-05-29,132,2817,2949
1113,2018-05-30,126,2866,2992
1113,2018-05-31,126,3046,3172
1113,2018-06-01,186,2504,2690
1113,2018-06-02,49,2455,2504
1113,2018-06-03,42,2323,2365
1113,2018-06-04,123,2623,2746
1113,2018-06-05,196,2782,2978
1113,2018-06-06,159,2772,2931
1113,2018-06-07,192,2718,2910
1113,2018-06-08,187,2904,3091
1113,2018-06-09,70,2629,2699
1113,2018-06-10,30,2064,2094
1113,2018-06-11,140,2455,2595
1113,2018-06-12,165,2655,2820
1113,2018-06-13,131,2755,2886
1113,2018-06-14,130,2830,2960
1113,2018-06-15,126,2959,3085
1113,2018-06-16,73,2583,2656
1113,2018-06-17,43,2534,2577
1113,2018-06-18,151,2655,2806
1113,2018-06-19,130,2829,2959
1113,2018-06-20,153,2771,2924
1113,2018-06-21,176,2938,3114
1113,2018-06-22,148,2815,2963
1113,2018-06-23,39,2178,2217
1113,2018-06-24,30,2147,2177
1113,2018-06-25,174,2657,2831
1113,2018-06-26,254,2979,3233
1113,2018-06-27,208,2892,3100
1113,2018-06-28,168,2894,3062
1113,2018-06-29,125,2971,3096
1113,2018-06-30,65,2595,2660
1113,2018-07-01,25,2674,2699
1113,2018-07-02,140,2720,2860
1113,2018-07-03,149,2818,2967
1113,2018-07-04,144,2929,3073
1113,2018-07-05,152,2910,3062
1113,2018-07-06,129,2951,3080
1113,2018-07-07,42,2595,2637
1113,2018-07-08,26,2642,2668
1113,2018-07-09,158,2795,2953
1113,2018-07-10,134,2959,3093
1113,2018-07-11,154,2912,3066
1113,2018-07-12,150,2952,3102
1113,2018-07-13,122,3065,3187
1113,2018-07-14,68,2765,2833
1113,2018-07-15,54,2543,2597
1113,2018-07-16,135,2787,2922
1113,2018-07-17,134,3036,3170
1113,2018-07-18,137,3691,3828
1113,2018-07-19,137,2982,3119
1113,2018-07-20,170,3018,3188
1113,2018-07-21,57,2714,2771
1113,2018-07-22,29,2695,2724
1113,2018-07-23,179,2966,3145
1113,2018-07-24,176,3178,3354
1113,2018-07-25,168,3268,3436
1113,2018-07-26,161,3204,3365
1113,2018-07-27,118,3000,3118
1113,2018-07-28,57,2725,2782
1113,2018-07-29,35,2661,2696
1113,2018-07-30,92,2661,2753
1113,2018-07-31,100,2965,3065
1113,2018-08-01,63,2807,2870
1113,2018-08-02,86,2988,3074
1113,2018-08-03,78,2911,2989
1113,2018-08-04,48,2714,2762
1113,2018-08-05,34,2734,2768
1113,2018-08-06,85,2746,2831
1113,2018-08-07,96,2876,2972
1113,2018-08-08,94,2712,2806
1113,2018-08-09,73,2533,2606
1113,2018-08-10,81,2962,3043
1113,2018-08-11,47,2820,2867
1113,2018-08-12,32,2842,2874
1113,2018-08-13,90,2396,2486
1113,2018-08-14,84,2738,2822
1113,2018-08-15,36,2742,2778
1113,2018-08-16,93,2765,2858
1113,2018-08-17,107,2627,2734
1113,2018-08-18,55,2533,2588
1113,2018-08-19,23,2625,2648
1113,2018-08-20,99,2487,2586
1113,2018-08-21,115,2766,2881
1113,2018-08-22,106,2810,2916
1113,2018-08-23,114,2829,2943
1113,2018-08-24,112,2540,2652
1113,2018-08-25,52,2201,2253
1113,2018-08-26,21,2176,2197
1113,2018-08-27,109,2340,2449
1113,2018-08-28,118,2655,2773
1113,2018-08-29,106,2514,2620
1113,2018-08-30,155,2505,2660
1113,2018-08-31,112,2666,2778
1113,2018-09-01,45,2499,2544
1113,2018-09-02,24,2200,2224
1113,2018-09-03,109,2349,2458
1113,2018-09-04,123,2515,2638
1113,2018-09-05,117,2623,2740
1113,2018-09-06,145,2624,2769
1113,2018-09-07,165,2572,2737
1113,2018-09-08,46,2457,2503
1113,2018-09-09,21,2237,2258
1113,2018-09-10,183,2524,2707
1113,2018-09-11,132,2735,2867
1113,2018-09-12,132,2856,2988
1113,2018-09-13,142,2624,2766
1113,2018-09-14,187,2916,3103
1113,2018-09-15,44,2604,2648
1113,2018-09-16,25,2728,2753
1113,2018-09-17,120,2572,2692
1113,2018-09-18,132,2746,2878
1113,2018-09-19,141,2656,2797
1113,2018-09-20,169,2671,2840
1113,2018-09-21,156,2540,2696
1113,2018-09-22,63,2257,2320
1113,2018-09-23,30,1338,1368
1113,2018-09-24,122,2424,2546
1113,2018-09-25,125,2557,2682
1113,2018-09-26,130,2529,2659
1113,2018-09-27,175,2875,3050
1113,2018-09-28,160,3392,3552
1113,2018-09-29,58,2366,2424
1113,2018-09-30,32,2319,2351
1113,2018-10-01,150,2304,2454
1113,2018-10-02,147,2331,2478
1113,2018-10-03,145,2441,2586
1113,2018-10-04,198,2605,2803
1113,2018-10-05,227,2669,2896
1113,2018-10-06,66,2360,2426
1113,2018-10-07,12,1589,1601
1113,2018-10-08,172,2309,2481
1113,2018-10-09,139,2495,2634
1113,2018-10-10,137,2481,2618
1113,2018-10-11,186,2440,2626
1113,2018-10-12,178,2511,2689
1113,2018-10-13,57,2526,2583
1113,2018-10-14,17,2160,2177
1113,2018-10-15,155,2363,2518
1113,2018-10-16,173,2551,2724
1113,2018-10-17,161,2448,2609
1113,2018-10-18,163,2484,2647
1113,2018-10-19,179,2739,2918
1113,2018-10-20,68,2402,2470
1113,2018-10-21,22,2368,2390
1113,2018-10-22,158,2918,3076
1113,2018-10-23,129,2350,2479
1113,2018-10-24,177,2594,2771
1113,2018-10-25,169,2680,2849
1113,2018-10-26,158,2662,2820
1113,2018-10-27,42,1794,1836
1113,2018-10-28,14,1444,1458
1113,2018-10-29,141,2109,2250
1113,2018-10-30,102,2038,2140
1113,2018-11-01,13,1411,1424
1113,2018-11-02,69,1877,1946
1113,2018-11-03,39,2040,2079
1113,2018-11-04,27,2211,2238
1113,2018-11-05,157,2081,2238
1113,2018-11-06,165,2338,2503
1113,2018-11-07,128,2212,2340
1113,2018-11-08,137,2179,2316
1113,2018-11-09,159,2381,2540
1113,2018-11-10,35,1687,1722
1113,2018-11-11,7,1365,1372
1113,2018-11-12,128,1976,2104
1113,2018-11-13,129,2156,2285
1113,2018-11-14,127,2125,2252
1113,2018-11-15,134,2198,2332
1113,2018-11-16,117,2324,2441
1113,2018-11-17,49,1834,1883
1113,2018-11-18,16,1446,1462
1113,2018-11-19,128,1997,2125
1113,2018-11-20,141,2089,2230
1113,2018-11-21,95,2021,2116
1113,2018-11-22,125,2175,2300
1113,2018-11-23,152,2284,2436
1113,2018-11-24,28,1629,1657
1113,2018-11-25,12,1379,1391
1113,2018-11-26,129,1953,2082
1113,2018-11-27,185,2122,2307
1113,2018-11-28,137,2296,2433
1113,2018-11-29,156,2088,2244
1113,2018-11-30,170,2195,2365
1113,2018-12-01,17,1630,1647
1113,2018-12-02,9,1262,1271
1113,2018-12-03,76,1912,1988
1113,2018-12-04,114,2176,2290
1113,2018-12-05,124,2088,2212
1113,2018-12-06,112,2077,2189
1113,2018-12-07,109,2220,2329
1113,2018-12-08,28,1630,1658
1113,2018-12-09,6,1174,1180
1113,2018-12-10,108,1663,1771
1113,2018-12-11,98,1374,1472
1113,2018-12-12,98,1358,1456
1113,2018-12-13,134,1340,1474
1113,2018-12-14,141,1421,1562
1113,2018-12-15,28,1164,1192
1113,2018-12-16,8,673,681
1113,2018-12-17,58,1296,1354
1113,2018-12-18,64,1444,1508
1113,2018-12-19,165,1328,1493
1113,2018-12-20,133,1516,1649
1113,2018-12-21,76,1776,1852
1113,2018-12-22,46,1419,1465
1113,2018-12-23,10,1044,1054
1113,2018-12-24,29,1398,1427
1113,2018-12-25,5,1206,1211
1113,2018-12-26,7,1051,1058
1113,2018-12-27,58,1447,1505
1113,2018-12-28,38,1609,1647
1113,2018-12-29,28,1330,1358
1113,2018-12-30,4,1116,1120
1113,2018-12-31,17,1358,1375
1114,2018-01-01,6,750,756
1114,2018-01-02,79,1966,2045
1114,2018-01-03,84,1866,1950
1114,2018-01-04,80,2090,2170
1114,2018-01-05,84,2211,2295
1114,2018-01-06,48,1480,1528
1114,2018-01-07,9,1137,1146
1114,2018-01-08,113,2358,2471
1114,2018-01-09,111,2526,2637
1114,2018-01-10,112,2576,2688
1114,2018-01-11,129,2629,2758
1114,2018-01-12,113,2591,2704
1114,2018-01-13,57,1532,1589
1114,2018-01-14,10,1264,1274
1114,2018-01-15,109,2473,2582
1114,2018-01-16,150,2540,2690
1114,2018-01-17,105,2480,2585
1114,2018-01-18,116,2434,2550
1114,2018-01-19,115,2536,2651
1114,2018-01-20,48,1390,1438
1114,2018-01-21,13,1091,1104
1114,2018-01-22,100,2326,2426
1114,2018-01-23,101,2584,2685
1114,2018-01-24,102,2553,2655
1114,2018-01-25,95,2622,2717
1114,2018-01-26,119,2708,2827
1114,2018-01-27,68,2011,2079
1114,2018-01-28,18,1486,1504
1114,2018-01-29,156,2900,3056
1114,2018-01-30,159,3071,3230
1114,2018-01-31,131,2967,3098
1114,2018-02-01,175,3111,3286
1114,2018-02-02,167,3045,3212
1114,2018-02-03,84,1855,1939
1114,2018-02-04,18,1417,1435
1114,2018-02-05,161,2788,2949
1114,2018-02-06,127,2738,2865
1114,2018-02-07,152,2880,3032
1114,2018-02-08,149,2871,3020
1114,2018-02-09,157,2822,2979
1114,2018-02-10,74,1690,1764
1114,2018-02-11,27,1274,1301
1114,2018-02-12,92,1718,1810
1114,2018-02-13,138,2019,2157
1114,2018-02-14,127,2337,2464
1114,2018-02-15,110,2198,2308
1114,2018-02-16,132,2415,2547
1114,2018-02-17,76,1495,1571
1114,2018-02-18,21,1429,1450
1114,2018-02-19,132,2446,2578
1114,2018-02-20,177,2695,2872
1114,2018-02-21,175,2576,2751
1114,2018-02-22,183,2662,2845
1114,2018-02-23,172,2724,2896
1114,2018-02-24,98,1843,1941
1114,2018-02-25,27,1657,1684
1114,2018-02-26,167,2628,2795
1114,2018-02-27,174,2703,2877
1114,2018-02-28,206,2764,2970
1114,2018-03-01,156,2747,2903
1114,2018-03-02,143,2218,2361
1114,2018-03-03,59,1610,1669
1114,2018-03-04,13,1448,1461
1114,2018-03-05,135,2780,2915
1114,2018-03-06,162,2973,3135
1114,2018-03-07,157,2767,2924
1114,2018-03-08,180,2722,2902
1114,2018-03-09,146,2876,3022
1114,2018-03-10,72,1814,1886
1114,2018-03-11,16,1343,1359
1114,2018-03-12,148,2396,2544
1114,2018-03-13,106,2683,2789
1114,2018-03-14,121,2686,2807
1114,2018-03-15,105,2741,2846
1114,2018-03-16,109,2788,2897
1114,2018-03-17,88,1578,1666
1114,2018-03-18,19,1086,1105
1114,2018-03-19,136,2465,2601
1114,2018-03-20,152,2688,2840
1114,2018-03-21,150,2744,2894
1114,2018-03-22,141,2628,2769
1114,2018-03-23,123,2673,2796
1114,2018-03-24,90,1841,1931
1114,2018-03-26,148,2694,2842
1114,2018-03-27,135,2799,2934
1114,2018-03-28,162,2800,2962
1114,2018-03-29,142,2782,2924
1114,2018-03-30,136,2628,2764
1114,2018-03-31,63,1739,1802
1114,2018-04-01,13,1438,1451
1114,2018-04-02,14,1522,1536
1114,2018-04-03,134,2481,2615
1114,2018-04-04,119,2577,2696
1114,2018-04-05,138,2560,2698
1114,2018-04-06,107,2691,2798
1114,2018-04-07,90,1932,2022
1114,2018-04-08,10,1912,1922
1114,2018-04-09,166,2492,2658
1114,2018-04-10,185,2646,2831
1114,2018-04-11,178,2877,3055
1114,2018-04-12,183,2769,2952
1114,2018-04-13,156,2634,2790
1114,2018-04-14,89,1978,2067
1114,2018-04-15,17,1829,1846
1114,2018-04-16,137,2757,2894
1114,2018-04-17,158,3044,3202
1114,2018-04-18,173,3049,3222
1114,2018-04-19,201,3115,3316
1114,2018-04-20,151,3164,3315
1114,2018-04-21,57,2170,2227
1114,2018-04-22,21,1827,1848
1114,2018-04-23,155,2844,2999
1114,2018-04-24,199,3018,3217
1114,2018-04-25,155,3008,3163
1114,2018-04-26,144,2965,3109
1114,2018-04-27,158,3156,3314
1114,2018-04-28,157,2071,2228
1114,2018-04-29,22,1630,1652
1114,2018-04-30,134,2461,2595
1114,2018-05-01,18,1482,1500
1114,2018-05-02,177,3224,3401
1114,2018-05-03,177,3464,3641
1114,2018-05-04,215,3461,3676
1114,2018-05-05,97,2073,2170
1114,2018-05-06,62,2389,2451
1114,2018-05-07,202,3401,3603
1114,2018-05-08,169,3542,3711
1114,2018-05-09,175,3627,3802
1114,2018-05-10,27,1491,1518
1114,2018-05-11,134,2957,3091
1114,2018-05-12,82,2261,2343
1114,2018-05-13,28,1515,1543
1114,2018-05-14,162,3297,3459
1114,2018-05-15,183,3360,3543
1114,2018-05-16,152,3361,3513
1114,2018-05-17,161,3545,3706
1114,2018-05-18,148,3629,3777
1114,2018-05-19,74,2124,2198
1114,2018-05-20,9,1758,1767
1114,2018-05-21,29,1913,1942
1114,2018-05-22,127,3374,3501
1114,2018-05-23,132,3297,3429
1114,2018-05-24,114,3188,3302
1114,2018-05-25,125,3285,3410
1114,2018-05-26,69,2098,2167
1114,2018-05-27,38,1590,1628
1114,2018-05-28,134,3355,3489
1114,2018-05-29,175,3580,3755
1114,2018-05-30,221,3658,3879
1114,2018-05-31,178,3384,3562
1114,2018-06-01,212,3658,3870
1114,2018-06-02,85,2562,2647
1114,2018-06-03,38,2786,2824
1114,2018-06-04,240,3889,4129
1114,2018-06-05,267,4279,4546
1114,2018-06-06,268,4064,4332
1114,2018-06-07,229,4197,4426
1114,2018-06-08,192,4310,4502
1114,2018-06-09,97,2613,2710
1114,2018-06-10,35,2260,2295
1114,2018-06-11,211,3882,4093
1114,2018-06-12,199,4259,4458
1114,2018-06-13,198,4093,4291
1114,2018-06-14,175,4167,4342
1114,2018-06-15,200,4160,4360
1114,2018-06-16,81,2409,2490
1114,2018-06-17,41,2225,2266
1114,2018-06-18,184,3505,3689
1114,2018-06-19,169,3811,3980
1114,2018-06-20,143,3636,3779
1114,2018-06-21,166,3650,3816
1114,2018-06-22,172,3541,3713
1114,2018-06-23,34,1686,1720
1114,2018-06-24,34,1712,1746
1114,2018-06-25,139,3341,3480
1114,2018-06-26,153,3589,3742
1114,2018-06-27,166,3364,3530
1114,2018-06-28,165,3622,3787
1114,2018-06-29,153,3593,3746
1114,2018-06-30,128,2163,2291
1114,2018-07-01,14,1766,1780
1114,2018-07-02,139,3305,3444
1114,2018-07-03,160,3475,3635
1114,2018-07-04,160,3506,3666
1114,2018-07-05,138,3552,3690
1114,2018-07-06,144,3521,3665
1114,2018-07-07,122,2029,2151
1114,2018-07-08,34,2028,2062
1114,2018-07-09,165,3391,3556
1114,2018-07-10,194,3379,3573
1114,2018-07-11,126,3155,3281
1114,2018-07-12,151,3090,3241
1114,2018-07-13,146,2976,3122
1114,2018-07-14,45,1988,2033
1114,2018-07-15,28,1644,1672
1114,2018-07-16,106,2732,2838
1114,2018-07-17,112,2895,3007
1114,2018-07-18,127,2962,3089
1114,2018-07-19,159,2938,3097
1114,2018-07-20,148,2899,3047
1114,2018-07-21,80,1917,1997
1114,2018-07-22,58,2945,3003
1114,2018-07-23,123,2604,2727
1114,2018-07-24,164,2795,2959
1114,2018-07-25,146,2820,2966
1114,2018-07-26,117,2742,2859
1114,2018-07-27,100,2675,2775
1114,2018-07-28,61,1867,1928
1114,2018-07-29,11,1850,1861
1114,2018-07-30,82,2424,2506
1114,2018-07-31,106,2519,2625
1114,2018-08-01,88,2567,2655
1114,2018-08-02,108,2553,2661
1114,2018-08-03,125,2593,2718
1114,2018-08-04,72,2118,2190
1114,2018-08-05,26,1800,1826
1114,2018-08-06,109,2357,2466
1114,2018-08-07,114,2520,2634
1114,2018-08-08,134,2488,2622
1114,2018-08-09,129,2510,2639
1114,2018-08-10,99,2776,2875
1114,2018-08-11,112,2285,2397
1114,2018-08-12,12,2269,2281
1114,2018-08-13,114,2443,2557
1114,2018-08-14,103,2595,2698
1114,2018-08-15,55,1724,1779
1114,2018-08-16,116,2650,2766
1114,2018-08-17,112,2554,2666
1114,2018-08-18,55,1854,1909
1114,2018-08-19,25,1860,1885
1114,2018-08-20,205,2575,2780
1114,2018-08-21,129,2702,2831
1114,2018-08-22,166,2632,2798
1114,2018-08-23,116,2665,2781
1114,2018-08-24,119,2598,2717
1114,2018-08-25,68,1734,1802
1114,2018-08-26,27,1704,1731
1114,2018-08-27,118,2462,2580
1114,2018-08-28,165,2708,2873
1114,2018-08-29,151,2644,2795
1114,2018-08-30,106,2643,2749
1114,2018-08-31,156,2746,2902
1114,2018-09-01,75,1863,1938
1114,2018-09-02,45,1962,2007
1114,2018-09-03,158,2594,2752
1114,2018-09-04,135,2675,2810
1114,2018-09-05,104,2694,2798
1114,2018-09-06,119,2662,2781
1114,2018-09-07,117,2721,2838
1114,2018-09-08,80,1879,1959
1114,2018-09-09,12,1678,1690
1114,2018-09-10,117,2805,2922
1114,2018-09-11,122,2706,2828
1114,2018-09-12,114,2827,2941
1114,2018-09-13,116,2677,2793
1114,2018-09-14,102,2692,2794
1114,2018-09-15,72,1837,1909
1114,2018-09-16,23,1837,1860
1114,2018-09-17,142,2778,2920
1114,2018-09-18,127,3070,3197
1114,2018-09-19,121,3035,3156
1114,2018-09-20,149,2809,2958
1114,2018-09-21,177,2865,3042
1114,2018-09-22,89,1863,1952
1114,2018-09-23,12,1266,1278
1114,2018-09-24,103,2747,2850
1114,2018-09-25,140,2874,3014
1114,2018-09-26,143,2827,2970
1114,2018-09-27,123,2914,3037
1114,2018-09-28,142,2935,3077
1114,2018-09-29,65,1912,1977
1114,2018-09-30,19,1787,1806
1114,2018-10-01,103,2530,2633
1114,2018-10-02,115,2742,2857
1114,2018-10-03,119,2989,3108
1114,2018-10-04,153,2780,2933
1114,2018-10-05,161,2930,3091
1114,2018-10-06,88,1877,1965
1114,2018-10-07,15,1403,1418
1114,2018-10-08,160,2627,2787
1114,2018-10-09,136,2831,2967
1114,2018-10-10,112,2916,3028
1114,2018-10-11,142,2872,3014
1114,2018-10-12,168,2953,3121
1114,2018-10-13,68,2218,2286
1114,2018-10-14,23,1839,1862
1114,2018-10-15,214,3594,3808
1114,2018-10-16,191,3853,4044
1114,2018-10-17,292,3814,4106
1114,2018-10-18,250,3894,4144
1114,2018-10-19,221,3962,4183
1114,2018-10-20,71,2717,2788
1114,2018-10-21,28,2542,2570
1114,2018-10-22,212,3523,3735
1114,2018-10-23,259,3724,3983
1114,2018-10-24,305,3657,3962
1114,2018-10-25,250,3790,4040
1114,2018-10-26,260,3226,3486
1114,2018-10-27,60,1712,1772
1114,2018-10-28,25,1395,1420
1114,2018-10-29,147,2598,2745
1114,2018-10-30,134,2597,2731
1114,2018-11-01,13,1220,1233
1114,2018-11-02,90,2254,2344
1114,2018-11-03,66,1747,1813
1114,2018-11-04,12,1419,1431
1114,2018-11-05,147,2815,2962
1114,2018-11-06,143,2931,3074
1114,2018-11-07,137,2914,3051
1114,2018-11-08,166,2820,2986
1114,2018-11-09,146,2914,3060
1114,2018-11-10,53,1713,1766
1114,2018-11-11,28,1217,1245
1114,2018-11-12,130,2695,2825
1114,2018-11-13,146,2940,3086
1114,2018-11-14,160,2903,3063
1114,2018-11-15,149,2867,3016
1114,2018-11-16,147,2878,3025
1114,2018-11-17,102,1710,1812
1114,2018-11-18,14,1289,1303
1114,2018-11-19,139,2686,2825
1114,2018-11-20,162,2794,2956
1114,2018-11-21,184,2769,2953
1114,2018-11-22,204,2814,3018
1114,2018-11-23,209,2876,3085
1114,2018-11-24,94,1618,1712
1114,2018-11-25,13,1214,1227
1114,2018-11-26,143,2710,2853
1114,2018-11-27,133,2770,2903
1114,2018-11-28,123,2724,2847
1114,2018-11-29,132,2847,2979
1114,2018-11-30,112,2931,3043
1114,2018-12-01,59,1654,1713
1114,2018-12-02,8,1314,1322
1114,2018-12-03,134,2666,2800
1114,2018-12-04,120,2892,3012
1114,2018-12-05,150,2842,2992
1114,2018-12-06,131,2710,2841
1114,2018-12-07,137,2875,3012
1114,2018-12-08,64,1734,1798
1114,2018-12-09,16,1178,1194
1114,2018-12-10,145,2814,2959
1114,2018-12-11,127,2864,2991
1114,2018-12-12,137,2952,3089
1114,2018-12-13,156,2955,3111
1114,2018-12-14,138,3038,3176
1114,2018-12-15,61,2014,2075
1114,2018-12-16,23,1131,1154
1114,2018-12-17,106,2721,2827
1114,2018-12-18,127,3018,3145
1114,2018-12-19,117,2834,2951
1114,2018-12-20,126,2770,2896
1114,2018-12-21,93,2712,2805
1114,2018-12-22,84,1890,1974
1114,2018-12-23,13,1190,1203
1114,2018-12-24,62,1550,1612
1114,2018-12-25,17,1054,1071
1114,2018-12-26,21,1113,1134
1114,2018-12-27,87,1716,1803
1114,2018-12-28,83,1713,1796
1114,2018-12-29,57,1294,1351
1114,2018-12-30,9,1157,1166
1114,2018-12-31,42,1396,1438
1117,2018-01-01,48,5197,5245
1117,2018-01-02,443,11247,11690
1117,2018-01-03,499,11611,12110
1117,2018-01-04,464,11955,12419
1117,2018-01-05,538,12527,13065
1117,2018-01-06,262,9557,9819
1117,2018-01-07,56,7799,7855
1117,2018-01-08,660,12433,13093
1117,2018-01-09,689,12788,13477
1117,2018-01-10,709,13096,13805
1117,2018-01-11,700,13152,13852
1117,2018-01-12,749,13295,14044
1117,2018-01-13,323,10142,10465
1117,2018-01-14,71,9186,9257
1117,2018-01-15,716,12566,13282
1117,2018-01-16,764,13215,13979
1117,2018-01-17,774,12953,13727
1117,2018-01-18,723,13194,13917
1117,2018-01-19,773,13566,14339
1117,2018-01-20,278,9487,9765
1117,2018-01-21,57,7939,7996
1117,2018-01-22,709,12502,13211
1117,2018-01-23,755,13091,13846
1117,2018-01-24,725,12990,13715
1117,2018-01-25,691,13141,13832
1117,2018-01-26,752,13779,14531
1117,2018-01-27,300,10446,10746
1117,2018-01-28,47,8520,8567
1117,2018-01-29,792,12967,13759
1117,2018-01-30,801,13502,14303
1117,2018-01-31,765,13153,13918
1117,2018-02-01,801,13534,14335
1117,2018-02-02,815,13828,14643
1117,2018-02-03,363,10802,11165
1117,2018-02-04,60,7966,8026
1117,2018-02-05,732,13321,14053
1117,2018-02-06,725,12993,13718
1117,2018-02-07,710,13733,14443
1117,2018-02-08,756,13758,14514
1117,2018-02-09,695,13387,14082
1117,2018-02-10,304,9385,9689
1117,2018-02-11,68,6838,6906
1117,2018-02-12,467,10632,11099
1117,2018-02-13,629,12045,12674
1117,2018-02-14,693,12923,13616
1117,2018-02-15,620,11605,12225
1117,2018-02-16,685,13129,13814
1117,2018-02-17,309,9740,10049
1117,2018-02-18,73,9808,9881
1117,2018-02-19,750,12838,13588
1117,2018-02-20,771,13676,14447
1117,2018-02-21,755,13839,14594
1117,2018-02-22,734,13582,14316
1117,2018-02-23,748,13926,14674
1117,2018-02-24,330,10916,11246
1117,2018-02-25,73,9176,9249
1117,2018-02-26,771,12802,13573
1117,2018-02-27,760,13630,14390
1117,2018-02-28,722,13250,13972
1117,2018-03-01,638,13367,14005
1117,2018-03-02,670,11624,12294
1117,2018-03-03,303,9755,10058
1117,2018-03-04,61,8859,8920
1117,2018-03-05,732,13390,14122
1117,2018-03-06,806,13806,14612
1117,2018-03-07,801,13485,14286
1117,2018-03-08,805,13756,14561
1117,2018-03-09,764,13977,14741
1117,2018-03-10,335,10602,10937
1117,2018-03-11,45,8842,8887
1117,2018-03-12,772,13232,14004
1117,2018-03-13,770,13577,14347
1117,2018-03-14,830,13806,14636
1117,2018-03-15,789,13731,14520
1117,2018-03-16,823,14065,14888
1117,2018-03-17,360,10458,10818
1117,2018-03-18,81,7765,7846
1117,2018-03-19,843,12982,13825
1117,2018-03-20,883,13827,14710
1117,2018-03-21,925,13982,14907
1117,2018-03-22,828,13533,14361
1117,2018-03-23,812,14567,15379
1117,2018-03-24,417,11720,12137
1117,2018-03-26,887,13471,14358
1117,2018-03-27,845,14223,15068
1117,2018-03-28,1122,14441,15563
1117,2018-03-29,962,14992,15954
1117,2018-03-30,542,16337,16879
1117,2018-03-31,269,11800,12069
1117,2018-04-01,42,8756,8798
1117,2018-04-02,63,9716,9779
1117,2018-04-03,739,13126,13865
1117,2018-04-04,819,13495,14314
1117,2018-04-05,823,13603,14426
1117,2018-04-06,815,13951,14766
1117,2018-04-07,396,11805,12201
1117,2018-04-08,67,11727,11794
1117,2018-04-09,886,12632,13518
1117,2018-04-10,857,13364,14221
1117,2018-04-11,881,13878,14759
1117,2018-04-12,786,13716,14502
1117,2018-04-13,872,14442,15314
1117,2018-04-14,383,11831,12214
1117,2018-04-15,67,10775,10842
1117,2018-04-16,827,14124,14951
1117,2018-04-17,910,14902,15812
1117,2018-04-18,822,14596,15418
1117,2018-04-19,878,15125,16003
1117,2018-04-20,882,15700,16582
1117,2018-04-21,433,13176,13609
1117,2018-04-22,69,11768,11837
1117,2018-04-23,804,14509,15313
1117,2018-04-24,894,14574,15468
1117,2018-04-25,870,14516,15386
1117,2018-04-26,810,14860,15670
1117,2018-04-27,859,14815,15674
1117,2018-04-28,390,12695,13085
1117,2018-04-29,60,9616,9676
1117,2018-04-30,650,14031,14681
1117,2018-05-01,96,9180,9276
1117,2018-05-02,849,15307,16156
1117,2018-05-03,907,15686,16593
1117,2018-05-04,906,15956,16862
1117,2018-05-05,488,13153,13641
1117,2018-05-06,101,12995,13096
1117,2018-05-07,869,15000,15869
1117,2018-05-08,902,15853,16755
1117,2018-05-09,900,16428,17328
1117,2018-05-10,135,9956,10091
1117,2018-05-11,722,15055,15777
1117,2018-05-12,369,12991,13360
1117,2018-05-13,70,9142,9212
1117,2018-05-14,928,14059,14987
1117,2018-05-15,900,15126,16026
1117,2018-05-16,974,14973,15947
1117,2018-05-17,923,15729,16652
1117,2018-05-18,1001,16282,17283
1117,2018-05-19,521,13489,14010
1117,2018-05-20,103,11215,11318
1117,2018-05-21,142,11633,11775
1117,2018-05-22,843,13884,14727
1117,2018-05-23,933,14737,15670
1117,2018-05-24,919,13977,14896
1117,2018-05-25,893,15160,16053
1117,2018-05-26,424,12364,12788
1117,2018-05-27,102,10023,10125
1117,2018-05-28,796,14453,15249
1117,2018-05-29,816,15323,16139
1117,2018-05-30,918,15303,16221
1117,2018-05-31,390,16140,16530
1117,2018-06-01,684,14714,15398
1117,2018-06-02,456,14472,14928
1117,2018-06-03,191,13419,13610
1117,2018-06-04,942,16645,17587
1117,2018-06-05,992,17016,18008
1117,2018-06-06,1054,16963,18017
1117,2018-06-07,1022,17291,18313
1117,2018-06-08,1005,17451,18456
1117,2018-06-09,499,14276,14775
1117,2018-06-10,125,12454,12579
1117,2018-06-11,976,15739,16715
1117,2018-06-12,1016,16187,17203
1117,2018-06-13,1052,16756,17808
1117,2018-06-14,1042,16865,17907
1117,2018-06-15,953,16439,17392
1117,2018-06-16,487,14591,15078
1117,2018-06-17,143,13354,13497
1117,2018-06-18,1013,15967,16980
1117,2018-06-19,987,15990,16977
1117,2018-06-20,988,16009,16997
1117,2018-06-21,926,16120,17046
1117,2018-06-22,926,16332,17258
1117,2018-06-23,210,10406,10616
1117,2018-06-24,124,11183,11307
1117,2018-06-25,903,15197,16100
1117,2018-06-26,1005,15621,16626
1117,2018-06-27,918,15441,16359
1117,2018-06-28,971,15769,16740
1117,2018-06-29,1013,16866,17879
1117,2018-06-30,429,13631,14060
1117,2018-07-01,154,12084,12238
1117,2018-07-02,916,15130,16046
1117,2018-07-03,957,15561,16518
1117,2018-07-04,1000,15567,16567
1117,2018-07-05,966,15828,16794
1117,2018-07-06,1045,16384,17429
1117,2018-07-07,448,14474,14922
1117,2018-07-08,149,12945,13094
1117,2018-07-09,985,15419,16404
1117,2018-07-10,1005,15696,16701
1117,2018-07-11,985,15683,16668
1117,2018-07-12,1035,15977,17012
1117,2018-07-13,996,15713,16709
1117,2018-07-14,415,14029,14444
1117,2018-07-15,135,11999,12134
1117,2018-07-16,934,14805,15739
1117,2018-07-17,929,15277,16206
1117,2018-07-18,949,15668,16617
1117,2018-07-19,957,15503,16460
1117,2018-07-20,965,15674,16639
1117,2018-07-21,364,13218,13582
1117,2018-07-22,149,13091,13240
1117,2018-07-23,888,15132,16020
1117,2018-07-24,927,15306,16233
1117,2018-07-25,908,15499,16407
1117,2018-07-26,927,15153,16080
1117,2018-07-27,790,15304,16094
1117,2018-07-28,389,12736,13125
1117,2018-07-29,165,12169,12334
1117,2018-07-30,784,13877,14661
1117,2018-07-31,823,14300,15123
1117,2018-08-01,772,14289,15061
1117,2018-08-02,759,14459,15218
1117,2018-08-03,791,14689,15480
1117,2018-08-04,389,13233,13622
1117,2018-08-05,164,12107,12271
1117,2018-08-06,779,13752,14531
1117,2018-08-07,748,13979,14727
1117,2018-08-08,604,13464,14068
1117,2018-08-09,743,13827,14570
1117,2018-08-10,760,16158,16918
1117,2018-08-11,421,16021,16442
1117,2018-08-12,203,14541,14744
1117,2018-08-13,719,13164,13883
1117,2018-08-14,762,14170,14932
1117,2018-08-15,235,10918,11153
1117,2018-08-16,744,14146,14890
1117,2018-08-17,770,13946,14716
1117,2018-08-18,370,12020,12390
1117,2018-08-19,126,11733,11859
1117,2018-08-20,860,13587,14447
1117,2018-08-21,888,14170,15058
1117,2018-08-22,821,14474,15295
1117,2018-08-23,846,14191,15037
1117,2018-08-24,807,14563,15370
1117,2018-08-25,358,11688,12046
1117,2018-08-26,155,11945,12100
1117,2018-08-27,826,13286,14112
1117,2018-08-28,870,13973,14843
1117,2018-08-29,716,12878,13594
1117,2018-08-30,819,14016,14835
1117,2018-09-01,451,11936,12387
1117,2018-09-02,144,11742,11886
1117,2018-09-03,862,13216,14078
1117,2018-09-04,950,13816,14766
1117,2018-09-05,896,13910,14806
1117,2018-09-06,744,13444,14188
1117,2018-09-07,946,14344,15290
1117,2018-09-08,434,12733,13167
1117,2018-09-09,129,11217,11346
1117,2018-09-10,810,13732,14542
1117,2018-09-11,933,14364,15297
1117,2018-09-12,912,14811,15723
1117,2018-09-13,857,14487,15344
1117,2018-09-14,872,15014,15886
1117,2018-09-15,425,12153,12578
1117,2018-09-16,159,12284,12443
1117,2018-09-17,892,14422,15314
1117,2018-09-18,922,15226,16148
1117,2018-09-19,916,15010,15926
1117,2018-09-20,860,15028,15888
1117,2018-09-21,843,15196,16039
1117,2018-09-22,430,12182,12612
1117,2018-09-23,150,9202,9352
1117,2018-09-24,853,14119,14972
1117,2018-09-25,884,15086,15970
1117,2018-09-26,933,15054,15987
1117,2018-09-27,858,15303,16161
1117,2018-09-28,933,15400,16333
1117,2018-09-29,477,12769,13246
1117,2018-10-01,911,13970,14881
1117,2018-10-02,867,14541,15408
1117,2018-10-03,562,15967,16529
1117,2018-10-04,917,14701,15618
1117,2018-10-05,930,15235,16165
1117,2018-10-06,437,13114,13551
1117,2018-10-07,148,10265,10413
1117,2018-10-08,889,13871,14760
1117,2018-10-09,929,14679,15608
1117,2018-10-10,961,14539,15500
1117,2018-10-11,909,14780,15689
1117,2018-10-12,942,15170,16112
1117,2018-10-13,464,13469,13933
1117,2018-10-14,121,11915,12036
1117,2018-10-15,931,14456,15387
1117,2018-10-16,984,15077,16061
1117,2018-10-17,907,14887,15794
1117,2018-10-18,953,15049,16002
1117,2018-10-19,968,15671,16639
1117,2018-10-20,432,12872,13304
1117,2018-10-21,140,11500,11640
1117,2018-10-22,866,14165,15031
1117,2018-10-23,894,15165,16059
1117,2018-10-24,982,14891,15873
1117,2018-10-25,956,15394,16350
1117,2018-10-26,983,15825,16808
1117,2018-10-27,411,11741,12152
1117,2018-10-28,130,9664,9794
1117,2018-10-29,933,13671,14604
1117,2018-11-01,121,9188,9309
1117,2018-11-02,684,13378,14062
1117,2018-11-03,320,9860,10180
1117,2018-11-04,103,11251,11354
1117,2018-11-05,866,13814,14680
1117,2018-11-06,915,14286,15201
1117,2018-11-07,937,14298,15235
1117,2018-11-08,918,14448,15366
1117,2018-11-09,959,15139,16098
1117,2018-11-10,376,11429,11805
1117,2018-11-11,106,9108,9214
1117,2018-11-12,879,13558,14437
1117,2018-11-13,909,14654,15563
1117,2018-11-14,976,14341,15317
1117,2018-11-15,954,14614,15568
1117,2018-11-16,927,15156,16083
1117,2018-11-17,403,11848,12251
1117,2018-11-18,93,10291,10384
1117,2018-11-19,981,13464,14445
1117,2018-11-20,992,14294,15286
1117,2018-11-21,940,13956,14896
1117,2018-11-22,881,14273,15154
1117,2018-11-23,909,14692,15601
1117,2018-11-24,374,11501,11875
1117,2018-11-25,96,9444,9540
1117,2018-11-26,869,13783,14652
1117,2018-11-27,931,14399,15330
1117,2018-11-28,918,14465,15383
1117,2018-11-29,908,14595,15503
1117,2018-12-01,408,11404,11812
1117,2018-12-02,48,9088,9136
1117,2018-12-03,630,12770,13400
1117,2018-12-04,827,14336,15163
1117,2018-12-05,916,14158,15074
1117,2018-12-06,847,13782,14629
1117,2018-12-07,829,14027,14856
1117,2018-12-08,274,10832,11106
1117,2018-12-09,100,8908,9008
1117,2018-12-10,829,13784,14613
1117,2018-12-11,941,14120,15061
1117,2018-12-12,842,14135,14977
1117,2018-12-13,839,14366,15205
1117,2018-12-14,893,14994,15887
1117,2018-12-15,396,12820,13216
1117,2018-12-16,142,8993,9135
1117,2018-12-17,775,13517,14292
1117,2018-12-18,842,14422,15264
1117,2018-12-19,860,14562,15422
1117,2018-12-20,729,14500,15229
1117,2018-12-21,604,14405,15009
1117,2018-12-22,322,11466,11788
1117,2018-12-23,73,9222,9295
1117,2018-12-24,326,11148,11474
1117,2018-12-25,83,6009,6092
1117,2018-12-26,100,7558,7658
1117,2018-12-27,485,11141,11626
1117,2018-12-28,469,11218,11687
1117,2018-12-29,313,9597,9910
1117,2018-12-30,71,8717,8788
1119,2018-01-01,17,1476,1493
1119,2018-01-02,155,3370,3525
1119,2018-01-03,171,3523,3694
1119,2018-01-04,151,3615,3766
1119,2018-01-05,177,3839,4016
1119,2018-01-06,66,3100,3166
1119,2018-01-07,32,2224,2256
1119,2018-01-08,199,3447,3646
1119,2018-01-09,207,3687,3894
1119,2018-01-10,221,3684,3905
1119,2018-01-11,213,3807,4020
1119,2018-01-12,226,3822,4048
1119,2018-01-13,92,3025,3117
1119,2018-01-14,30,2460,2490
1119,2018-01-15,200,3522,3722
1119,2018-01-16,227,3599,3826
1119,2018-01-17,273,3578,3851
1119,2018-01-18,243,3887,4130
1119,2018-01-19,229,3755,3984
1119,2018-01-20,81,2937,3018
1119,2018-01-21,33,2256,2289
1119,2018-01-22,239,3486,3725
1119,2018-01-23,247,3705,3952
1119,2018-01-24,205,3723,3928
1119,2018-01-25,174,3860,4034
1119,2018-01-26,202,3969,4171
1119,2018-01-27,76,2844,2920
1119,2018-01-28,31,1970,2001
1119,2018-01-29,179,3333,3512
1119,2018-01-30,209,3378,3587
1119,2018-01-31,162,3478,3640
1119,2018-02-01,155,3604,3759
1119,2018-02-02,190,3660,3850
1119,2018-02-03,81,2880,2961
1119,2018-02-04,25,1910,1935
1119,2018-02-05,189,3365,3554
1119,2018-02-06,186,3368,3554
1119,2018-02-07,188,3437,3625
1119,2018-02-08,188,3450,3638
1119,2018-02-09,216,3397,3613
1119,2018-02-10,87,2423,2510
1119,2018-02-11,36,1763,1799
1119,2018-02-12,109,2648,2757
1119,2018-02-13,142,3064,3206
1119,2018-02-14,167,3361,3528
1119,2018-02-15,143,3034,3177
1119,2018-02-16,148,3437,3585
1119,2018-02-17,68,2697,2765
1119,2018-02-18,34,2342,2376
1119,2018-02-19,200,3460,3660
1119,2018-02-20,201,3634,3835
1119,2018-02-21,171,3565,3736
1119,2018-02-22,183,3689,3872
1119,2018-02-23,187,3679,3866
1119,2018-02-24,82,2968,3050
1119,2018-02-25,31,2183,2214
1119,2018-02-26,176,3431,3607
1119,2018-02-27,174,3538,3712
1119,2018-02-28,205,3542,3747
1119,2018-03-01,166,3554,3720
1119,2018-03-02,191,3060,3251
1119,2018-03-03,61,2613,2674
1119,2018-03-04,30,2090,2120
1119,2018-03-05,175,3417,3592
1119,2018-03-06,178,3517,3695
1119,2018-03-07,201,3466,3667
1119,2018-03-08,167,3513,3680
1119,2018-03-09,222,3701,3923
1119,2018-03-10,74,3250,3324
1119,2018-03-11,37,2559,2596
1119,2018-03-12,203,3603,3806
1119,2018-03-13,242,3653,3895
1119,2018-03-14,203,3865,4068
1119,2018-03-15,217,3961,4178
1119,2018-03-16,231,3892,4123
1119,2018-03-17,105,3155,3260
1119,2018-03-18,30,2132,2162
1119,2018-03-19,309,3558,3867
1119,2018-03-20,265,3689,3954
1119,2018-03-21,269,3836,4105
1119,2018-03-22,222,3834,4056
1119,2018-03-23,243,3830,4073
1119,2018-03-24,104,3450,3554
1119,2018-03-26,224,3736,3960
1119,2018-03-27,218,3929,4147
1119,2018-03-28,250,4106,4356
1119,2018-03-29,225,4266,4491
1119,2018-03-30,198,4232,4430
1119,2018-03-31,92,3546,3638
1119,2018-04-01,29,2532,2561
1119,2018-04-02,46,2744,2790
1119,2018-04-03,205,3897,4102
1119,2018-04-04,228,3819,4047
1119,2018-04-05,215,4038,4253
1119,2018-04-06,236,4080,4316
1119,2018-04-07,86,3743,3829
1119,2018-04-08,41,3746,3787
1119,2018-04-09,214,3714,3928
1119,2018-04-10,220,3753,3973
1119,2018-04-11,201,3908,4109
1119,2018-04-12,195,3866,4061
1119,2018-04-13,246,3993,4239
1119,2018-04-14,106,3674,3780
1119,2018-04-15,34,3353,3387
1119,2018-04-16,270,3905,4175
1119,2018-04-17,281,4156,4437
1119,2018-04-18,239,4131,4370
1119,2018-04-19,259,4435,4694
1119,2018-04-20,242,4528,4770
1119,2018-04-21,125,4230,4355
1119,2018-04-22,43,3593,3636
1119,2018-04-23,265,4052,4317
1119,2018-04-24,285,4343,4628
1119,2018-04-25,315,4099,4414
1119,2018-04-26,299,4284,4583
1119,2018-04-27,379,4449,4828
1119,2018-04-28,103,3717,3820
1119,2018-04-29,50,3006,3056
1119,2018-04-30,189,3897,4086
1119,2018-05-01,37,2546,2583
1119,2018-05-02,264,4181,4445
1119,2018-05-03,267,4321,4588
1119,2018-05-04,373,4469,4842
1119,2018-05-05,165,3963,4128
1119,2018-05-06,38,4142,4180
1119,2018-05-07,330,4152,4482
1119,2018-05-08,365,4606,4971
1119,2018-05-09,336,4647,4983
1119,2018-05-10,52,2728,2780
1119,2018-05-11,285,4541,4826
1119,2018-05-12,92,4071,4163
1119,2018-05-13,46,2765,2811
1119,2018-05-14,232,3816,4048
1119,2018-05-15,253,4307,4560
1119,2018-05-16,236,4199,4435
1119,2018-05-17,214,4584,4798
1119,2018-05-18,281,4172,4453
1119,2018-05-19,111,4185,4296
1119,2018-05-20,30,3362,3392
1119,2018-05-21,54,3794,3848
1119,2018-05-22,200,3946,4146
1119,2018-05-23,186,3937,4123
1119,2018-05-24,202,2916,3118
1119,2018-05-25,174,4176,4350
1119,2018-05-26,105,3939,4044
1119,2018-05-27,65,3354,3419
1119,2018-05-28,281,4113,4394
1119,2018-05-29,267,4242,4509
1119,2018-05-30,379,4306,4685
1119,2018-05-31,161,4756,4917
1119,2018-06-01,112,3592,3704
1119,2018-06-02,66,3410,3476
1119,2018-06-03,32,3084,3116
1119,2018-06-04,187,3784,3971
1119,2018-06-05,179,3853,4032
1119,2018-06-06,199,3686,3885
1119,2018-06-07,226,3849,4075
1119,2018-06-08,210,3931,4141
1119,2018-06-09,91,3291,3382
1119,2018-06-10,29,2720,2749
1119,2018-06-11,112,2526,2638
1119,2018-06-12,184,3820,4004
1119,2018-06-13,149,3767,3916
1119,2018-06-14,160,3859,4019
1119,2018-06-15,193,4093,4286
1119,2018-06-16,92,3815,3907
1119,2018-06-17,52,3054,3106
1119,2018-06-18,231,3730,3961
1119,2018-06-19,259,4086,4345
1119,2018-06-20,219,4058,4277
1119,2018-06-21,199,4160,4359
1119,2018-06-22,237,4263,4500
1119,2018-06-23,48,3070,3118
1119,2018-06-24,37,3349,3386
1119,2018-06-25,221,3893,4114
1119,2018-06-26,223,4111,4334
1119,2018-06-27,217,4078,4295
1119,2018-06-28,239,4221,4460
1119,2018-06-29,262,4456,4718
1119,2018-06-30,122,3869,3991
1119,2018-07-01,60,3956,4016
1119,2018-07-02,257,3920,4177
1119,2018-07-03,284,3981,4265
1119,2018-07-04,220,4011,4231
1119,2018-07-05,234,4105,4339
1119,2018-07-06,265,4209,4474
1119,2018-07-07,122,4246,4368
1119,2018-07-08,53,3581,3634
1119,2018-07-09,210,3974,4184
1119,2018-07-10,232,3944,4176
1119,2018-07-11,211,4158,4369
1119,2018-07-12,200,4159,4359
1119,2018-07-13,190,4210,4400
1119,2018-07-14,84,3786,3870
1119,2018-07-15,59,3343,3402
1119,2018-07-16,236,3845,4081
1119,2018-07-17,226,3964,4190
1119,2018-07-18,234,4033,4267
1119,2018-07-19,229,3953,4182
1119,2018-07-20,224,4142,4366
1119,2018-07-21,82,3562,3644
1119,2018-07-22,42,3332,3374
1119,2018-07-23,208,3825,4033
1119,2018-07-24,242,4092,4334
1119,2018-07-25,210,4046,4256
1119,2018-07-26,195,4067,4262
1119,2018-07-27,175,4144,4319
1119,2018-07-28,88,3564,3652
1119,2018-07-29,53,3567,3620
1119,2018-07-30,167,3657,3824
1119,2018-07-31,166,3676,3842
1119,2018-08-01,156,3699,3855
1119,2018-08-02,147,3908,4055
1119,2018-11-27,250,3587,3837
1119,2018-11-28,258,3554,3812
1119,2018-11-29,268,3633,3901
1119,2018-11-30,287,3742,4029
1119,2018-12-01,80,2904,2984
1119,2018-12-02,44,2170,2214
1119,2018-12-03,224,3214,3438
1119,2018-12-04,232,3592,3824
1119,2018-12-05,291,3538,3829
1119,2018-12-06,257,3460,3717
1119,2018-12-07,304,3571,3875
1119,2018-12-08,91,2914,3005
1119,2018-12-09,42,2112,2154
1119,2018-12-10,252,3343,3595
1119,2018-12-11,250,3591,3841
1119,2018-12-12,250,3679,3929
1119,2018-12-13,228,3680,3908
1119,2018-12-14,298,3727,4025
1119,2018-12-15,79,3267,3346
1119,2018-12-16,44,2216,2260
1119,2018-12-17,272,3314,3586
1119,2018-12-18,284,3515,3799
1119,2018-12-19,261,3452,3713
1119,2018-12-20,211,3535,3746
1119,2018-12-21,196,3670,3866
1119,2018-12-22,67,2938,3005
1119,2018-12-23,44,2059,2103
1119,2018-12-24,86,2668,2754
1119,2018-12-25,43,1507,1550
1119,2018-12-26,47,1794,1841
1119,2018-12-27,132,2727,2859
1119,2018-12-28,124,2672,2796
1119,2018-12-29,73,2483,2556
1119,2018-12-30,38,1981,2019
1119,2018-12-31,99,2478,2577
1202,2018-01-01,54,2560,2614
1202,2018-01-02,161,5434,5595
1202,2018-01-03,248,5440,5688
1202,2018-01-05,137,6283,6420
1202,2018-01-06,71,4406,4477
1202,2018-01-07,41,3504,3545
1202,2018-01-08,178,6484,6662
1202,2018-01-09,181,7019,7200
1202,2018-01-10,173,6569,6742
1202,2018-01-11,180,6772,6952
1202,2018-01-12,180,7263,7443
1202,2018-01-13,80,5730,5810
1202,2018-01-14,41,3863,3904
1202,2018-01-15,286,6208,6494
1202,2018-01-16,318,6370,6688
1202,2018-01-17,177,6850,7027
1202,2018-01-19,175,7091,7266
1202,2018-01-20,88,4888,4976
1202,2018-01-21,45,3503,3548
1202,2018-01-22,163,6236,6399
1202,2018-01-23,191,7004,7195
1202,2018-01-24,176,6487,6663
1202,2018-01-25,170,5933,6103
1202,2018-01-26,181,7165,7346
1202,2018-01-27,83,5870,5953
1202,2018-01-28,37,3892,3929
1202,2018-01-29,182,6760,6942
1202,2018-01-30,200,7191,7391
1202,2018-01-31,201,6483,6684
1202,2018-02-02,182,6996,7178
1202,2018-02-03,80,5929,6009
1202,2018-02-04,43,3714,3757
1202,2018-02-05,172,6926,7098
1202,2018-02-06,181,6075,6256
1202,2018-02-07,187,6801,6988
1202,2018-02-08,162,7091,7253
1202,2018-02-09,181,6985,7166
1202,2018-02-10,75,4546,4621
1202,2018-02-11,44,2719,2763
1202,2018-02-12,143,5450,5593
1202,2018-02-13,161,5970,6131
1202,2018-02-14,151,6145,6296
1202,2018-02-16,143,6108,6251
1202,2018-02-17,94,4611,4705
1202,2018-02-18,36,3460,3496
1202,2018-02-19,198,6893,7091
1202,2018-02-20,207,7037,7244
1202,2018-02-21,194,7162,7356
1202,2018-02-22,221,7376,7597
1202,2018-02-23,191,7571,7762
1202,2018-02-24,91,5923,6014
1202,2018-02-25,35,3815,3850
1202,2018-02-26,194,6985,7179
1202,2018-02-27,198,7300,7498
1202,2018-02-28,188,7097,7285
1202,2018-03-02,161,6192,6353
1202,2018-03-03,83,5131,5214
1202,2018-03-04,35,3501,3536
1202,2018-03-05,194,6854,7048
1202,2018-03-06,173,7215,7388
1202,2018-03-07,159,6752,6911
1202,2018-03-08,206,6794,7000
1202,2018-03-09,176,6781,6957
1202,2018-03-10,88,5771,5859
1202,2018-03-11,50,3835,3885
1202,2018-03-12,276,6254,6530
1202,2018-03-13,175,7137,7312
1202,2018-03-14,193,7166,7359
1202,2018-03-16,195,7275,7470
1202,2018-03-17,103,5944,6047
1202,2018-03-18,34,3638,3672
1202,2018-03-19,182,7081,7263
1202,2018-03-20,200,7395,7595
1202,2018-03-21,205,7394,7599
1202,2018-03-22,183,7039,7222
1202,2018-03-23,191,7469,7660
1202,2018-03-24,99,6093,6192
1202,2018-03-26,194,7074,7268
1202,2018-03-27,187,6945,7132
1202,2018-03-28,284,6750,7034
1202,2018-03-31,87,5239,5326
1202,2018-04-01,56,3208,3264
1202,2018-04-02,40,3181,3221
1202,2018-04-03,244,6046,6290
1202,2018-04-04,208,6036,6244
1202,2018-04-06,178,6900,7078
1202,2018-04-07,90,5052,5142
1202,2018-04-08,36,3794,3830
1202,2018-04-09,150,6498,6648
1202,2018-04-10,164,6880,7044
1202,2018-04-11,155,6940,7095
1202,2018-04-13,179,7480,7659
1202,2018-04-14,83,5737,5820
1202,2018-04-15,32,3778,3810
1202,2018-04-16,207,7250,7457
1202,2018-04-17,216,7816,8032
1202,2018-04-18,215,7596,7811
1202,2018-04-19,213,7726,7939
1202,2018-04-20,223,7824,8047
1202,2018-04-21,99,6445,6544
1202,2018-04-22,44,4273,4317
1202,2018-04-23,198,7512,7710
1202,2018-04-24,207,7754,7961
1202,2018-04-25,326,6842,7168
1202,2018-04-26,196,7970,8166
1202,2018-04-27,209,7921,8130
1202,2018-04-28,100,6347,6447
1202,2018-04-29,56,3696,3752
1202,2018-04-30,294,6434,6728
1202,2018-05-01,42,3476,3518
1202,2018-05-02,205,7687,7892
1202,2018-05-04,210,8235,8445
1202,2018-05-05,105,6822,6927
1202,2018-05-06,42,4329,4371
1202,2018-05-07,203,7777,7980
1202,2018-05-08,216,7929,8145
1202,2018-05-09,204,7717,7921
1202,2018-05-10,52,3413,3465
1202,2018-05-11,182,7311,7493
1202,2018-05-12,91,5966,6057
1202,2018-05-13,64,3658,3722
1202,2018-05-14,306,6472,6778
1202,2018-05-15,214,7570,7784
1202,2018-05-16,206,7376,7582
1202,2018-05-18,231,7789,8020
1202,2018-05-19,117,5788,5905
1202,2018-05-20,39,3358,3397
1202,2018-05-21,46,3327,3373
1202,2018-05-22,276,5718,5994
1202,2018-05-23,159,6342,6501
1202,2018-05-24,176,6515,6691
1202,2018-05-25,175,6885,7060
1202,2018-05-26,117,5339,5456
1202,2018-05-27,37,3567,3604
1202,2018-05-28,197,7176,7373
1202,2018-05-29,342,7020,7362
1202,2018-05-30,201,7632,7833
1202,2018-06-01,320,7298,7618
1202,2018-06-02,97,6322,6419
1202,2018-06-03,39,4131,4170
1202,2018-06-04,183,7047,7230
1202,2018-06-05,270,8209,8479
1202,2018-06-06,294,7877,8171
1202,2018-06-07,266,7650,7916
1202,2018-06-08,273,8269,8542
1202,2018-06-09,171,6140,6311
1202,2018-06-10,62,4350,4412
1202,2018-06-11,267,6290,6557
1202,2018-06-12,240,7496,7736
1202,2018-06-13,269,8067,8336
1202,2018-06-15,269,8054,8323
1202,2018-06-16,158,7322,7480
1202,2018-06-17,70,5451,5521
1202,2018-06-18,284,7568,7852
1202,2018-06-19,297,8096,8393
1202,2018-06-20,287,7653,7940
1202,2018-06-21,255,8209,8464
1202,2018-06-22,282,8405,8687
1202,2018-06-23,74,4049,4123
1202,2018-06-24,65,3890,3955
1202,2018-06-25,324,9331,9655
1202,2018-06-26,318,9576,9894
1202,2018-06-27,321,9505,9826
1202,2018-06-29,306,9721,10027
1202,2018-06-30,191,7411,7602
1202,2018-07-01,71,4912,4983
1202,2018-07-02,346,8798,9144
1202,2018-07-03,310,9312,9622
1202,2018-07-04,307,8081,8388
1202,2018-07-05,281,7876,8157
1202,2018-07-06,271,8021,8292
1202,2018-07-07,169,6266,6435
1202,2018-07-08,68,4202,4270
1202,2018-07-09,291,7408,7699
1202,2018-07-10,286,7934,8220
1202,2018-07-11,264,7888,8152
1202,2018-07-13,249,7768,8017
1202,2018-07-14,185,5722,5907
1202,2018-07-15,68,3837,3905
1202,2018-07-16,252,7371,7623
1202,2018-07-17,242,7376,7618
1202,2018-07-18,254,7510,7764
1202,2018-07-19,235,7329,7564
1202,2018-07-20,248,7469,7717
1202,2018-07-21,171,5396,5567
1202,2018-07-22,65,3776,3841
1202,2018-07-23,255,7140,7395
1202,2018-07-24,274,7138,7412
1202,2018-07-25,261,7098,7359
1202,2018-07-27,197,6505,6702
1202,2018-07-28,105,4674,4779
1202,2018-07-29,48,3316,3364
1202,2018-07-30,140,5948,6088
1202,2018-07-31,133,5902,6035
1202,2018-08-01,204,5544,5748
1202,2018-08-02,140,5713,5853
1202,2018-08-03,125,5591,5716
1202,2018-08-04,91,4122,4213
1202,2018-08-05,46,3060,3106
1202,2018-08-06,131,5206,5337
1202,2018-08-07,216,5146,5362
1202,2018-08-08,212,5102,5314
1202,2018-08-10,132,5722,5854
1202,2018-08-11,101,3971,4072
1202,2018-08-12,55,3014,3069
1202,2018-08-13,196,4530,4726
1202,2018-08-14,135,5486,5621
1202,2018-08-15,48,2772,2820
1202,2018-08-16,137,5280,5417
1202,2018-08-17,118,5208,5326
1202,2018-08-18,82,3942,4024
1202,2018-08-19,48,3018,3066
1202,2018-08-20,130,5274,5404
1202,2018-08-21,134,5792,5926
1202,2018-08-22,142,5680,5822
1202,2018-08-23,124,5693,5817
1202,2018-08-24,143,5854,5997
1202,2018-08-25,100,4326,4426
1202,2018-08-26,40,3297,3337
1202,2018-08-27,157,6007,6164
1202,2018-08-28,165,6315,6480
1202,2018-08-29,250,5686,5936
1202,2018-08-30,134,6124,6258
1202,2018-08-31,122,6516,6638
1202,2018-09-01,96,4480,4576
1202,2018-09-02,43,3513,3556
1202,2018-09-03,142,6086,6228
1202,2018-09-04,165,6427,6592
1202,2018-09-05,173,6477,6650
1202,2018-09-07,158,6630,6788
1202,2018-09-08,110,5020,5130
1202,2018-09-09,48,3625,3673
1202,2018-09-10,166,6558,6724
1202,2018-09-11,184,6922,7106
1202,2018-09-12,168,6944,7112
1202,2018-09-13,154,7056,7210
1202,2018-09-14,179,7404,7583
1202,2018-09-15,138,5793,5931
1202,2018-09-16,65,4106,4171
1202,2018-09-17,189,6915,7104
1202,2018-09-18,186,7483,7669
1202,2018-09-19,191,7302,7493
1202,2018-09-21,192,7492,7684
1202,2018-09-22,82,6298,6380
1202,2018-09-23,72,3362,3434
1202,2018-09-24,175,7390,7565
1202,2018-09-25,180,7628,7808
1202,2018-09-26,205,7474,7679
1202,2018-09-27,174,7665,7839
1202,2018-09-28,188,7693,7881
1202,2018-09-29,97,6348,6445
1202,2018-09-30,39,4658,4697
1202,2018-10-01,186,7168,7354
1202,2018-10-02,178,7269,7447
1202,2018-10-03,158,7227,7385
1202,2018-10-05,173,7806,7979
1202,2018-10-06,93,6091,6184
1202,2018-10-07,48,4251,4299
1202,2018-10-08,175,7074,7249
1202,2018-10-09,189,7647,7836
1202,2018-10-10,180,7288,7468
1202,2018-10-11,190,7510,7700
1202,2018-10-12,184,7698,7882
1202,2018-10-13,94,6141,6235
1202,2018-10-14,34,4241,4275
1202,2018-10-15,172,7178,7350
1202,2018-10-16,270,7868,8138
1202,2018-10-17,263,7692,7955
1202,2018-10-19,184,7978,8162
1202,2018-10-20,92,6452,6544
1202,2018-10-21,43,4295,4338
1202,2018-10-22,229,7423,7652
1202,2018-10-23,194,7774,7968
1202,2018-10-24,227,8358,8585
1202,2018-10-25,233,8699,8932
1202,2018-10-26,201,7850,8051
1202,2018-10-27,102,5894,5996
1202,2018-10-28,34,3704,3738
1202,2018-10-29,159,6727,6886
1202,2018-10-30,252,6240,6492
1202,2018-10-31,162,7158,7320
1202,2018-11-02,114,5827,5941
1202,2018-11-03,74,5014,5088
1202,2018-11-04,42,3918,3960
1202,2018-11-05,199,7121,7320
1202,2018-11-06,265,8140,8405
1202,2018-11-07,172,7205,7377
1202,2018-11-08,193,7654,7847
1202,2018-11-09,177,7576,7753
1202,2018-11-10,93,4623,4716
1202,2018-11-11,52,3445,3497
1202,2018-11-12,184,6880,7064
1202,2018-11-13,173,7565,7738
1202,2018-11-14,197,7172,7369
1202,2018-11-16,191,7591,7782
1202,2018-11-17,88,6492,6580
1202,2018-11-18,34,4118,4152
1202,2018-11-19,197,6851,7048
1202,2018-11-20,189,7415,7604
1202,2018-11-21,174,7193,7367
1202,2018-11-22,179,7623,7802
1202,2018-11-23,183,7776,7959
1202,2018-11-24,87,5625,5712
1202,2018-11-25,38,3854,3892
1202,2018-11-26,160,7084,7244
1202,2018-11-27,197,7329,7526
1202,2018-11-28,177,6806,6983
1202,2018-11-29,174,7678,7852
1202,2018-11-30,176,7565,7741
1202,2018-12-01,96,6325,6421
1202,2018-12-02,62,3852,3914
1202,2018-12-03,286,6260,6546
1202,2018-12-04,286,6986,7272
1202,2018-12-05,181,7375,7556
1202,2018-12-07,316,7098,7414
1202,2018-12-08,146,5766,5912
1202,2018-12-09,52,3504,3556
1202,2018-12-10,181,6976,7157
1202,2018-12-11,169,7326,7495
1202,2018-12-12,184,7187,7371
1202,2018-12-13,168,7694,7862
1202,2018-12-14,177,7765,7942
1202,2018-12-15,97,6198,6295
1202,2018-12-16,37,3682,3719
1202,2018-12-17,162,6849,7011
1202,2018-12-18,188,7348,7536
1202,2018-12-19,274,6694,6968
1202,2018-12-20,162,7103,7265
1202,2018-12-21,256,6750,7006
1202,2018-12-22,120,4664,4784
1202,2018-12-23,31,2840,2871
1202,2018-12-24,108,4774,4882
1202,2018-12-25,30,2795,2825
1202,2018-12-26,33,2674,2707
1202,2018-12-27,108,5183,5291
1202,2018-12-28,110,5282,5392
1202,2018-12-29,71,4010,4081
1202,2018-12-30,29,2872,2901
1202,2018-12-31,92,4297,4389
1204,2018-01-01,99,5488,5587
1204,2018-01-02,293,12445,12738
1204,2018-01-03,340,12351,12691
1204,2018-01-05,353,13964,14317
1204,2018-01-06,157,10060,10217
1204,2018-01-07,73,8215,8288
1204,2018-01-08,516,15694,16210
1204,2018-01-09,540,16351,16891
1204,2018-01-10,513,16000,16513
1204,2018-01-11,532,16212,16744
1204,2018-01-12,545,16976,17521
1204,2018-01-13,221,12689,12910
1204,2018-01-14,94,9989,10083
1204,2018-01-15,575,15169,15744
1204,2018-01-16,530,15261,15791
1204,2018-01-17,524,15811,16335
1204,2018-01-19,526,16755,17281
1204,2018-01-20,185,10577,10762
1204,2018-01-21,71,8222,8293
1204,2018-01-22,490,14407,14897
1204,2018-01-23,550,16438,16988
1204,2018-01-24,501,15038,15539
1204,2018-01-25,473,12958,13431
1204,2018-01-26,505,16339,16844
1204,2018-01-27,174,12490,12664
1204,2018-01-28,47,8826,8873
1204,2018-01-29,490,15659,16149
1204,2018-01-30,585,16422,17007
1204,2018-01-31,462,13154,13616
1204,2018-02-02,495,16228,16723
1204,2018-02-03,204,12786,12990
1204,2018-02-04,73,8622,8695
1204,2018-02-05,545,16027,16572
1204,2018-02-06,509,14754,15263
1204,2018-02-07,507,16110,16617
1204,2018-02-08,559,16499,17058
1204,2018-02-09,484,16023,16507
1204,2018-02-10,186,10423,10609
1204,2018-02-11,70,6270,6340
1204,2018-02-12,367,12706,13073
1204,2018-02-13,528,14107,14635
1204,2018-02-14,587,15068,15655
1204,2018-03-02,574,15432,16006
1204,2018-03-03,186,11710,11896
1204,2018-03-04,61,8902,8963
1204,2018-03-05,555,16397,16952
1204,2018-03-06,586,16856,17442
1204,2018-03-07,547,15733,16280
1204,2018-03-08,601,16206,16807
1204,2018-03-09,504,15801,16305
1204,2018-03-10,211,12559,12770
1204,2018-03-11,58,9524,9582
1204,2018-03-12,527,15668,16195
1204,2018-03-13,492,16014,16506
1204,2018-03-14,607,17134,17741
1204,2018-03-16,578,16477,17055
1204,2018-03-17,246,12955,13201
1204,2018-03-18,86,8606,8692
1204,2018-03-19,608,16344,16952
1204,2018-03-20,674,17025,17699
1204,2018-03-21,689,17531,18220
1204,2018-03-22,547,15857,16404
1204,2018-03-23,616,17512,18128
1204,2018-03-24,260,14156,14416
1204,2018-03-26,657,16454,17111
1204,2018-03-27,615,16282,16897
1204,2018-03-28,777,16200,16977
1204,2018-03-31,203,12178,12381
1204,2018-04-01,57,8907,8964
1204,2018-04-02,72,9060,9132
1204,2018-04-03,581,15611,16192
1204,2018-04-04,514,14402,14916
1204,2018-04-06,701,16739,17440
1204,2018-04-07,287,12556,12843
1204,2018-04-08,66,11034,11100
1204,2018-04-09,601,15773,16374
1204,2018-04-10,641,16233,16874
1204,2018-04-11,650,17104,17754
1204,2018-04-13,684,17396,18080
1204,2018-04-14,296,13114,13410
1204,2018-04-15,87,10219,10306
1204,2018-04-16,635,17288,17923
1204,2018-04-17,765,18153,18918
1204,2018-04-18,682,18022,18704
1204,2018-04-19,747,18307,19054
1204,2018-04-20,708,18584,19292
1204,2018-04-21,305,15329,15634
1204,2018-04-22,85,12743,12828
1204,2018-04-23,618,17591,18209
1204,2018-04-24,804,17974,18778
1204,2018-04-25,758,17354,18112
1204,2018-04-26,664,18464,19128
1204,2018-04-27,698,18757,19455
1204,2018-04-28,257,14427,14684
1204,2018-04-29,175,9837,10012
1204,2018-04-30,479,14399,14878
1204,2018-05-01,96,9507,9603
1204,2018-05-02,714,18311,19025
1204,2018-05-04,728,19092,19820
1204,2018-05-05,339,15262,15601
1204,2018-05-06,87,12871,12958
1204,2018-05-07,626,17602,18228
1204,2018-05-08,732,18622,19354
1204,2018-05-09,689,18951,19640
1204,2018-05-10,106,9458,9564
1204,2018-05-11,610,16917,17527
1204,2018-05-12,266,13663,13929
1204,2018-05-13,114,9721,9835
1204,2018-05-14,818,17714,18532
1204,2018-05-15,709,17991,18700
1204,2018-05-16,748,17813,18561
1204,2018-05-18,767,18723,19490
1204,2018-05-19,364,14060,14424
1204,2018-05-20,138,10250,10388
1204,2018-05-21,122,10996,11118
1204,2018-05-22,874,17410,18284
1204,2018-05-23,872,17690,18562
1204,2018-05-24,910,17638,18548
1204,2018-05-25,703,17448,18151
1204,2018-05-26,309,13244,13553
1204,2018-05-27,90,10016,10106
1204,2018-05-28,644,17387,18031
1204,2018-05-29,706,17881,18587
1204,2018-05-30,690,18187,18877
1204,2018-06-01,812,19060,19872
1204,2018-06-02,293,14124,14417
1204,2018-06-03,109,11346,11455
1204,2018-06-04,614,16897,17511
1204,2018-06-05,695,17763,18458
1204,2018-06-06,719,17913,18632
1204,2018-06-07,830,18928,19758
1204,2018-06-08,738,18243,18981
1204,2018-06-09,288,13098,13386
1204,2018-06-10,95,10821,10916
1204,2018-06-11,770,17316,18086
1204,2018-06-12,642,16673,17315
1204,2018-06-13,708,17629,18337
1204,2018-06-15,644,17501,18145
1204,2018-06-16,269,14595,14864
1204,2018-06-17,102,12329,12431
1204,2018-06-18,698,16998,17696
1204,2018-06-19,762,17904,18666
1204,2018-06-20,727,17829,18556
1204,2018-06-21,684,18288,18972
1204,2018-06-22,691,18236,18927
1204,2018-06-23,179,10361,10540
1204,2018-06-24,100,10311,10411
1204,2018-06-25,694,17401,18095
1204,2018-06-26,733,18260,18993
1204,2018-06-27,703,18121,18824
1204,2018-06-28,746,18485,19231
1204,2018-06-29,711,18843,19554
1204,2018-06-30,346,14232,14578
1204,2018-07-01,101,11612,11713
1204,2018-07-02,700,16990,17690
1204,2018-07-03,711,17921,18632
1204,2018-07-04,702,18020,18722
1204,2018-07-05,715,17988,18703
1204,2018-07-06,744,18457,19201
1204,2018-07-07,266,14847,15113
1204,2018-07-08,89,11942,12031
1204,2018-07-09,709,17295,18004
1204,2018-07-10,766,17929,18695
1204,2018-07-11,742,18163,18905
1204,2018-07-12,710,18146,18856
1204,2018-07-13,607,18040,18647
1204,2018-07-14,262,14321,14583
1204,2018-07-15,95,10315,10410
1204,2018-07-16,708,16617,17325
1204,2018-07-17,673,17124,17797
1204,2018-07-18,733,17257,17990
1204,2018-07-19,647,16978,17625
1204,2018-07-20,691,17194,17885
1204,2018-07-21,247,12611,12858
1204,2018-07-22,78,11463,11541
1204,2018-07-23,684,16496,17180
1204,2018-07-24,725,16790,17515
1204,2018-07-25,714,17118,17832
1204,2018-07-27,580,16077,16657
1204,2018-07-28,234,12016,12250
1204,2018-07-29,110,10500,10610
1204,2018-07-30,553,14795,15348
1204,2018-07-31,574,15100,15674
1204,2018-08-01,540,14762,15302
1204,2018-08-02,538,14953,15491
1204,2018-08-03,523,14966,15489
1204,2018-08-04,226,11456,11682
1204,2018-08-05,104,10156,10260
1204,2018-08-06,490,13981,14471
1204,2018-08-08,525,14150,14675
1204,2018-08-10,462,15501,15963
1204,2018-08-11,218,12143,12361
1204,2018-08-12,103,11336,11439
1204,2018-08-13,566,13534,14100
1204,2018-08-14,508,14274,14782
1204,2018-08-15,147,10004,10151
1204,2018-08-16,520,14236,14756
1204,2018-08-17,487,14032,14519
1204,2018-08-18,224,10892,11116
1204,2018-08-19,87,9785,9872
1204,2018-08-20,518,14431,14949
1204,2018-08-21,583,15230,15813
1204,2018-08-22,602,15419,16021
1204,2018-08-23,552,15542,16094
1204,2018-08-24,624,15508,16132
1204,2018-08-25,222,11290,11512
1204,2018-08-26,101,10368,10469
1204,2018-08-27,559,14225,14784
1204,2018-08-28,640,15961,16601
1204,2018-08-29,658,14615,15273
1204,2018-08-30,577,15573,16150
1204,2018-08-31,595,16226,16821
1204,2018-09-01,254,12229,12483
1204,2018-09-02,104,11379,11483
1204,2018-09-03,602,15278,15880
1204,2018-09-04,664,16288,16952
1204,2018-09-05,642,16327,16969
1204,2018-09-07,582,16437,17019
1204,2018-09-08,289,13007,13296
1204,2018-09-09,77,10769,10846
1204,2018-09-10,590,16354,16944
1204,2018-09-11,648,17254,17902
1204,2018-09-12,629,17295,17924
1204,2018-09-13,633,17057,17690
1204,2018-09-14,672,17505,18177
1204,2018-09-15,287,13378,13665
1204,2018-09-16,101,11728,11829
1204,2018-09-17,686,16695,17381
1204,2018-09-18,682,17838,18520
1204,2018-09-19,702,17635,18337
1204,2018-09-21,605,17466,18071
1204,2018-09-22,237,13851,14088
1204,2018-09-23,99,7251,7350
1204,2018-09-24,597,17064,17661
1204,2018-09-25,735,18057,18792
1204,2018-09-26,692,18425,19117
1204,2018-09-27,631,18068,18699
1204,2018-09-28,679,17982,18661
1204,2018-09-29,269,13949,14218
1204,2018-09-30,99,11853,11952
1204,2018-10-01,617,16842,17459
1204,2018-10-02,607,16782,17389
1204,2018-10-03,455,17214,17669
1204,2018-10-05,659,18372,19031
1204,2018-10-06,259,14313,14572
1204,2018-10-07,119,10694,10813
1204,2018-10-08,619,16998,17617
1204,2018-10-09,657,17896,18553
1204,2018-10-10,624,17735,18359
1204,2018-10-11,670,17980,18650
1204,2018-10-12,618,18312,18930
1204,2018-10-13,275,14695,14970
1204,2018-10-14,82,11789,11871
1204,2018-10-15,633,17244,17877
1204,2018-10-16,714,17818,18532
1204,2018-10-17,682,17677,18359
1204,2018-10-19,662,18203,18865
1204,2018-10-20,267,13922,14189
1204,2018-10-21,86,11381,11467
1204,2018-10-22,678,16990,17668
1204,2018-10-23,662,17701,18363
1204,2018-10-24,772,17646,18418
1204,2018-10-25,658,17972,18630
1204,2018-10-26,682,17918,18600
1204,2018-10-27,260,13064,13324
1204,2018-10-28,94,8912,9006
1204,2018-10-29,732,16480,17212
1204,2018-10-30,698,16682,17380
1204,2018-10-31,609,16704,17313
1204,2018-11-02,387,13590,13977
1204,2018-11-03,228,12079,12307
1204,2018-11-04,89,10743,10832
1204,2018-11-05,599,16666,17265
1204,2018-11-06,677,17616,18293
1204,2018-11-07,650,17166,17816
1204,2018-11-08,662,17975,18637
1204,2018-11-09,667,18088,18755
1204,2018-11-10,233,9888,10121
1204,2018-11-11,81,8227,8308
1204,2018-11-12,836,17440,18276
1204,2018-11-13,556,17122,17678
1204,2018-11-14,636,17160,17796
1204,2018-11-16,635,18052,18687
1204,2018-11-17,285,13929,14214
1204,2018-11-18,77,10026,10103
1204,2018-11-19,660,16699,17359
1204,2018-11-20,659,17143,17802
1204,2018-11-21,638,17158,17796
1204,2018-11-22,657,17553,18210
1204,2018-11-23,676,17993,18669
1204,2018-11-24,219,12446,12665
1204,2018-11-25,69,9869,9938
1204,2018-11-26,571,16712,17283
1204,2018-11-27,632,17374,18006
1204,2018-11-28,593,15509,16102
1204,2018-11-29,599,17504,18103
1204,2018-11-30,594,17276,17870
1204,2018-12-01,228,12748,12976
1204,2018-12-02,56,7816,7872
1204,2018-12-03,548,13821,14369
1204,2018-12-04,620,17344,17964
1204,2018-12-05,638,17356,17994
1204,2018-12-07,502,15583,16085
1204,2018-12-08,225,10128,10353
1204,2018-12-09,93,7701,7794
1204,2018-12-10,513,16696,17209
1204,2018-12-11,577,17188,17765
1204,2018-12-12,562,17572,18134
1204,2018-12-13,625,18054,18679
1204,2018-12-14,667,18398,19065
1204,2018-12-15,260,14297,14557
1204,2018-12-16,66,8932,8998
1204,2018-12-17,472,15542,16014
1204,2018-12-18,591,17370,17961
1204,2018-12-19,508,15801,16309
1204,2018-12-20,500,15791,16291
1204,2018-12-21,415,14031,14446
1204,2018-12-22,178,9965,10143
1204,2018-12-23,46,6657,6703
1204,2018-12-24,210,10732,10942
1204,2018-12-25,53,7461,7514
1204,2018-12-26,88,7401,7489
1204,2018-12-27,296,12428,12724
1204,2018-12-28,277,12415,12692
1204,2018-12-29,146,9539,9685
1204,2018-12-30,63,7440,7503
1204,2018-12-31,188,9912,10100
1223,2018-01-01,28,1792,1820
1223,2018-01-02,184,3242,3426
1223,2018-01-03,208,3254,3462
1223,2018-01-05,162,3733,3895
1223,2018-01-06,82,2780,2862
1223,2018-01-07,31,2420,2451
1223,2018-01-08,192,3153,3345
1223,2018-01-09,209,3619,3828
1223,2018-01-10,231,3867,4098
1223,2018-01-11,209,3822,4031
1223,2018-01-12,214,4027,4241
1223,2018-01-13,109,3054,3163
1223,2018-01-14,40,3108,3148
1223,2018-01-15,228,3502,3730
1223,2018-01-16,238,3782,4020
1223,2018-01-17,226,3560,3786
1223,2018-01-19,230,4082,4312
1223,2018-01-20,116,2858,2974
1223,2018-01-21,40,2684,2724
1223,2018-01-22,234,3278,3512
1223,2018-01-23,201,3889,4090
1223,2018-01-24,211,3734,3945
1223,2018-01-25,204,3486,3690
1223,2018-01-26,198,3872,4070
1223,2018-01-27,106,3017,3123
1223,2018-01-28,37,2609,2646
1223,2018-01-29,234,3688,3922
1223,2018-01-30,240,3944,4184
1223,2018-01-31,240,3698,3938
1223,2018-02-02,221,4232,4453
1223,2018-02-03,118,3221,3339
1223,2018-02-04,44,2508,2552
1223,2018-02-05,221,3736,3957
1223,2018-02-06,205,3727,3932
1223,2018-02-07,219,3926,4145
1223,2018-02-08,231,4126,4357
1223,2018-02-09,232,3959,4191
1223,2018-02-10,113,2722,2835
1223,2018-02-11,50,2268,2318
1223,2018-02-12,152,2994,3146
1223,2018-02-13,160,3605,3765
1223,2018-02-14,204,3950,4154
1223,2018-02-16,174,3934,4108
1223,2018-02-17,121,2854,2975
1223,2018-02-18,39,2952,2991
1223,2018-02-19,228,3639,3867
1223,2018-02-20,261,4029,4290
1223,2018-02-21,236,3961,4197
1223,2018-02-22,256,4038,4294
1223,2018-02-23,242,4179,4421
1223,2018-02-24,128,3172,3300
1223,2018-02-25,48,3146,3194
1223,2018-02-26,235,3688,3923
1223,2018-02-27,234,3888,4122
1223,2018-02-28,221,3819,4040
1223,2018-03-02,213,3744,3957
1223,2018-03-03,104,3052,3156
1223,2018-03-04,38,2660,2698
1223,2018-03-05,227,3942,4169
1223,2018-03-06,271,4134,4405
1223,2018-03-07,298,3740,4038
1223,2018-03-08,258,3850,4108
1223,2018-03-09,242,4014,4256
1223,2018-03-10,112,3266,3378
1223,2018-03-11,60,3190,3250
1223,2018-03-12,278,3428,3706
1223,2018-03-13,236,3542,3778
1223,2018-03-14,240,3998,4238
1223,2018-03-16,223,4288,4511
1223,2018-03-17,124,3037,3161
1223,2018-03-18,41,2466,2507
1223,2018-03-19,273,3726,3999
1223,2018-03-20,252,4231,4483
1223,2018-03-21,242,4355,4597
1223,2018-03-22,248,4252,4500
1223,2018-03-23,236,4447,4683
1223,2018-03-24,117,3790,3907
1223,2018-03-26,242,3927,4169
1223,2018-03-27,266,4106,4372
1223,2018-03-28,242,3952,4194
1223,2018-03-31,134,3506,3640
1223,2018-04-01,50,2898,2948
1223,2018-04-02,44,3667,3711
1223,2018-04-03,184,3680,3864
1223,2018-04-04,224,3708,3932
1223,2018-04-06,205,4756,4961
1223,2018-04-07,123,4151,4274
1223,2018-04-08,55,4770,4825
1223,2018-04-09,197,3818,4015
1223,2018-04-10,232,3922,4154
1223,2018-04-11,229,4231,4460
1223,2018-04-13,304,7330,7634
1223,2018-04-14,165,6300,6465
1223,2018-04-15,68,6490,6558
1223,2018-04-16,343,6926,7269
1223,2018-04-17,413,7739,8152
1223,2018-04-18,360,7393,7753
1223,2018-04-19,384,7501,7885
1223,2018-04-20,389,8259,8648
1223,2018-04-21,180,7029,7209
1223,2018-04-22,51,6632,6683
1223,2018-04-23,334,6982,7316
1223,2018-04-24,400,7451,7851
1223,2018-04-25,382,7140,7522
1223,2018-04-26,389,7209,7598
1223,2018-04-27,376,8177,8553
1223,2018-04-28,212,6818,7030
1223,2018-04-29,58,5844,5902
1223,2018-04-30,342,6666,7008
1223,2018-05-01,70,5376,5446
1223,2018-05-02,370,7390,7760
1223,2018-05-04,321,7853,8174
1223,2018-05-05,186,6797,6983
1223,2018-05-06,65,6895,6960
1223,2018-05-07,322,7415,7737
1223,2018-05-08,362,7738,8100
1223,2018-05-09,376,7852,8228
1223,2018-05-10,71,4983,5054
1223,2018-05-11,324,7114,7438
1223,2018-05-12,175,6510,6685
1223,2018-05-13,70,5162,5232
1223,2018-05-14,390,6668,7058
1223,2018-05-15,363,7177,7540
1223,2018-05-16,349,7054,7403
1223,2018-05-18,385,7845,8230
1223,2018-05-19,188,6316,6504
1223,2018-05-20,82,6030,6112
1223,2018-05-21,96,6646,6742
1223,2018-05-22,315,6884,7199
1223,2018-05-23,306,6532,6838
1223,2018-05-24,334,6402,6736
1223,2018-05-25,308,7155,7463
1223,2018-05-26,181,6310,6491
1223,2018-05-27,60,5333,5393
1223,2018-05-28,377,6819,7196
1223,2018-05-29,380,7018,7398
1223,2018-05-30,368,7180,7548
1223,2018-06-01,350,7078,7428
1223,2018-06-02,162,6290,6452
1223,2018-06-03,65,6374,6439
1223,2018-06-04,355,6936,7291
1223,2018-06-05,371,7136,7507
1223,2018-06-06,341,6999,7340
1223,2018-06-07,402,7038,7440
1223,2018-06-08,370,7490,7860
1223,2018-06-09,172,6482,6654
1223,2018-06-10,70,5810,5880
1223,2018-06-11,370,6426,6796
1223,2018-06-12,306,6901,7207
1223,2018-06-13,342,6832,7174
1223,2018-06-15,349,6799,7148
1223,2018-06-16,157,5318,5475
1223,2018-06-18,333,5277,5610
1223,2018-06-19,352,5455,5807
1223,2018-06-20,297,5654,5951
1223,2018-06-21,307,5524,5831
1223,2018-06-22,282,5486,5768
1223,2018-06-23,66,4045,4111
1223,2018-06-24,51,4918,4969
1223,2018-06-25,305,4860,5165
1223,2018-06-26,311,5319,5630
1223,2018-06-27,292,5000,5292
1223,2018-06-29,312,5814,6126
1223,2018-06-30,149,5059,5208
1223,2018-07-01,69,5882,5951
1223,2018-07-02,310,4873,5183
1223,2018-07-03,279,5288,5567
1223,2018-07-04,366,4982,5348
1223,2018-07-05,260,5636,5896
1223,2018-07-06,294,4992,5286
1223,2018-07-07,139,4420,4559
1223,2018-07-08,59,5263,5322
1223,2018-07-09,294,5137,5431
1223,2018-07-10,259,4908,5167
1223,2018-07-11,219,5082,5301
1223,2018-07-13,281,5496,5777
1223,2018-07-14,208,5029,5237
1223,2018-07-15,88,4524,4612
1223,2018-07-16,221,4544,4765
1223,2018-07-17,256,4633,4889
1223,2018-07-18,232,4890,5122
1223,2018-07-19,214,4754,4968
1223,2018-07-20,204,4939,5143
1223,2018-07-21,159,3842,4001
1223,2018-07-22,68,4550,4618
1223,2018-07-23,189,4285,4474
1223,2018-07-24,200,4503,4703
1223,2018-07-25,243,4501,4744
1223,2018-07-27,197,4698,4895
1223,2018-07-28,140,3770,3910
1223,2018-07-29,50,4886,4936
1223,2018-07-30,177,4011,4188
1223,2018-07-31,196,4163,4359
1223,2018-08-01,172,3904,4076
1223,2018-08-02,194,4135,4329
1223,2018-08-03,194,4181,4375
1223,2018-08-04,127,3771,3898
1223,2018-08-05,52,3955,4007
1223,2018-08-06,168,3663,3831
1223,2018-08-07,198,3804,4002
1223,2018-08-08,174,3706,3880
1223,2018-08-10,195,4379,4574
1223,2018-08-11,139,3933,4072
1223,2018-08-12,72,4404,4476
1223,2018-08-13,152,3330,3482
1223,2018-08-14,184,3923,4107
1223,2018-08-15,58,4608,4666
1223,2018-08-16,178,4085,4263
1223,2018-08-17,156,4012,4168
1223,2018-08-18,131,3940,4071
1223,2018-08-19,67,5143,5210
1223,2018-08-20,124,2557,2681
1223,2018-08-21,134,2533,2667
1223,2018-08-22,126,2714,2840
1223,2018-08-23,129,2502,2631
1223,2018-08-24,126,2343,2469
1223,2018-08-25,124,2634,2758
1223,2018-08-26,43,2224,2267
1223,2018-08-27,192,2704,2896
1223,2018-08-28,154,2543,2697
1223,2018-08-29,174,2806,2980
1223,2018-08-30,178,2658,2836
1223,2018-08-31,141,2636,2777
1223,2018-09-01,101,2314,2415
1223,2018-09-02,37,2258,2295
1223,2018-09-03,137,2391,2528
1223,2018-09-04,133,2486,2619
1223,2018-09-05,133,2613,2746
1223,2018-09-07,151,3027,3178
1223,2018-09-08,124,4297,4421
1223,2018-09-09,77,4486,4563
1223,2018-09-10,191,3806,3997
1223,2018-09-11,229,4042,4271
1223,2018-09-12,191,4354,4545
1223,2018-09-13,225,4072,4297
1223,2018-09-14,219,4339,4558
1223,2018-09-15,157,4320,4477
1223,2018-09-16,67,5112,5179
1223,2018-09-17,230,4155,4385
1223,2018-09-18,252,4499,4751
1223,2018-09-19,252,4410,4662
1223,2018-09-21,264,4178,4442
1223,2018-09-22,158,3994,4152
1223,2018-09-23,66,3166,3232
1223,2018-09-24,260,4020,4280
1223,2018-09-25,266,4175,4441
1223,2018-09-26,289,4401,4690
1223,2018-09-27,257,4576,4833
1223,2018-09-28,271,4742,5013
1223,2018-09-29,148,4240,4388
1223,2018-09-30,44,3880,3924
1223,2018-10-01,283,4058,4341
1223,2018-10-02,257,4188,4445
1223,2018-10-03,218,4275,4493
1223,2018-10-05,251,4632,4883
1223,2018-10-06,145,4184,4329
1223,2018-10-07,51,3399,3450
1223,2018-10-08,263,4132,4395
1223,2018-10-09,279,4295,4574
1223,2018-10-10,275,4505,4780
1223,2018-10-11,249,4346,4595
1223,2018-10-12,257,4647,4904
1223,2018-10-13,120,4394,4514
1223,2018-10-14,39,4249,4288
1223,2018-10-15,266,4120,4386
1223,2018-10-16,231,4134,4365
1223,2018-10-17,230,4096,4326
1223,2018-10-19,226,4336,4562
1223,2018-10-20,122,3559,3681
1223,2018-10-21,49,3861,3910
1223,2018-10-22,227,3598,3825
1223,2018-10-23,212,3844,4056
1223,2018-10-24,234,3998,4232
1223,2018-10-25,227,4005,4232
1223,2018-10-26,209,4069,4278
1223,2018-10-27,117,3363,3480
1223,2018-10-28,43,3086,3129
1223,2018-10-29,190,3671,3861
1223,2018-10-30,144,1792,1936
1223,2018-10-31,133,2692,2825
1223,2018-11-02,204,3350,3554
1223,2018-11-03,119,3004,3123
1223,2018-11-04,48,3199,3247
1223,2018-11-05,248,3684,3932
1223,2018-11-06,259,3933,4192
1223,2018-11-07,251,3802,4053
1223,2018-11-08,258,3790,4048
1223,2018-11-09,240,3786,4026
1223,2018-11-10,132,3250,3382
1223,2018-11-11,50,2848,2898
1223,2018-11-12,228,3680,3908
1223,2018-11-13,216,3782,3998
1223,2018-11-14,237,4123,4360
1223,2018-11-16,265,4246,4511
1223,2018-11-17,132,3382,3514
1223,2018-11-18,37,3153,3190
1223,2018-11-19,248,3758,4006
1223,2018-11-20,258,3801,4059
1223,2018-11-21,284,3829,4113
1223,2018-11-22,267,4164,4431
1223,2018-11-23,247,4350,4597
1223,2018-11-24,124,3088,3212
1223,2018-11-25,47,2649,2696
1223,2018-11-26,267,3761,4028
1223,2018-11-27,244,3991,4235
1223,2018-11-28,258,3998,4256
1223,2018-11-29,244,4081,4325
1223,2018-11-30,256,4200,4456
1223,2018-12-01,128,3628,3756
1223,2018-12-02,48,2794,2842
1223,2018-12-03,242,3694,3936
1223,2018-12-04,262,4218,4480
1223,2018-12-05,251,4195,4446
1223,2018-12-07,270,4188,4458
1223,2018-12-08,126,3136,3262
1223,2018-12-09,52,2644,2696
1223,2018-12-10,218,3927,4145
1223,2018-12-11,248,4127,4375
1223,2018-12-12,241,4230,4471
1223,2018-12-13,241,4285,4526
1223,2018-12-14,236,4375,4611
1223,2018-12-15,120,3463,3583
1223,2018-12-16,43,2414,2457
1223,2018-12-17,250,3956,4206
1223,2018-12-18,241,4354,4595
1223,2018-12-19,246,4190,4436
1223,2018-12-20,232,4016,4248
1223,2018-12-21,192,4042,4234
1223,2018-12-22,118,2942,3060
1223,2018-12-23,46,2342,2388
1223,2018-12-24,122,2612,2734
1223,2018-12-25,31,2195,2226
1223,2018-12-26,41,2174,2215
1223,2018-12-27,142,3000,3142
1223,2018-12-28,154,3019,3173
1223,2018-12-29,125,2683,2808
1223,2018-12-30,39,2265,2304
1223,2018-12-31,127,2569,2696
1229,2018-01-01,27,1051,1078
1229,2018-01-02,147,2051,2198
1229,2018-01-03,124,2198,2322
1229,2018-01-05,130,2505,2635
1229,2018-01-06,48,1930,1978
1229,2018-01-07,10,1339,1349
1229,2018-01-08,159,2677,2836
1229,2018-01-09,189,2766,2955
1229,2018-01-10,182,2902,3084
1229,2018-01-11,165,2837,3002
1229,2018-01-12,223,2945,3168
1229,2018-01-13,73,2087,2160
1229,2018-01-14,10,1516,1526
1229,2018-01-15,197,2704,2901
1229,2018-01-16,226,2832,3058
1229,2018-01-17,203,2966,3169
1229,2018-01-19,172,2942,3114
1229,2018-01-20,50,1781,1831
1229,2018-01-21,9,1312,1321
1229,2018-01-22,170,2687,2857
1229,2018-01-23,201,2825,3026
1229,2018-01-24,180,2870,3050
1229,2018-01-25,162,2860,3022
1229,2018-01-26,166,2851,3017
1229,2018-01-27,69,2065,2134
1229,2018-01-28,13,1372,1385
1229,2018-01-29,174,2822,2996
1229,2018-01-30,210,2894,3104
1229,2018-01-31,164,2951,3115
1229,2018-02-02,165,2885,3050
1229,2018-02-03,59,1988,2047
1229,2018-02-04,10,1364,1374
1229,2018-02-05,169,2811,2980
1229,2018-02-06,196,2686,2882
1229,2018-02-07,186,2855,3041
1229,2018-02-08,171,2855,3026
1229,2018-02-09,167,2721,2888
1229,2018-02-10,61,1817,1878
1229,2018-02-11,15,1241,1256
1229,2018-02-12,125,1926,2051
1229,2018-02-13,140,2523,2663
1229,2018-02-14,146,2672,2818
1229,2018-02-16,164,2723,2887
1229,2018-02-17,53,1978,2031
1229,2018-02-18,10,1520,1530
1229,2018-02-19,181,2799,2980
1229,2018-02-20,199,2994,3193
1229,2018-02-21,201,2991,3192
1229,2018-02-22,201,3035,3236
1229,2018-02-23,155,3046,3201
1229,2018-02-24,72,2152,2224
1229,2018-02-25,15,1648,1663
1229,2018-02-26,170,2648,2818
1229,2018-02-27,206,2741,2947
1229,2018-02-28,200,2748,2948
1229,2018-03-02,186,2433,2619
1229,2018-03-03,59,1890,1949
1229,2018-03-04,9,1417,1426
1229,2018-03-05,220,2792,3012
1229,2018-03-06,211,2893,3104
1229,2018-03-07,149,2964,3113
1229,2018-03-08,246,2928,3174
1229,2018-03-09,240,3096,3336
1229,2018-03-10,74,2163,2237
1229,2018-03-11,4,1646,1650
1229,2018-03-12,217,2888,3105
1229,2018-03-13,193,3133,3326
1229,2018-03-14,189,3156,3345
1229,2018-03-16,201,3143,3344
1229,2018-03-17,70,2143,2213
1229,2018-03-18,12,1433,1445
1229,2018-03-19,274,2853,3127
1229,2018-03-20,257,2991,3248
1229,2018-03-21,326,3022,3348
1229,2018-03-22,186,2982,3168
1229,2018-03-23,294,3142,3436
1229,2018-03-24,93,2398,2491
1229,2018-03-26,267,2907,3174
1229,2018-03-27,290,3088,3378
1229,2018-03-28,232,2892,3124
1229,2018-03-31,79,2114,2193
1229,2018-04-01,8,1426,1434
1229,2018-04-02,17,1675,1692
1229,2018-04-03,227,2903,3130
1229,2018-04-04,210,2742,2952
1229,2018-04-06,226,3138,3364
1229,2018-04-07,81,2344,2425
1229,2018-04-08,21,2197,2218
1229,2018-04-09,194,2756,2950
1229,2018-04-10,240,2888,3128
1229,2018-04-11,213,3079,3292
1229,2018-04-13,237,3084,3321
1229,2018-04-14,95,2372,2467
1229,2018-04-15,21,1977,1998
1229,2018-04-16,249,3020,3269
1229,2018-04-17,258,3245,3503
1229,2018-04-18,293,3401,3694
1229,2018-04-19,285,3375,3660
1229,2018-04-20,306,3366,3672
1229,2018-04-21,108,2798,2906
1229,2018-04-22,39,2159,2198
1229,2018-04-23,259,3014,3273
1229,2018-04-24,270,3267,3537
1229,2018-04-25,244,3194,3438
1229,2018-04-26,343,3269,3612
1229,2018-04-27,234,3513,3747
1229,2018-04-28,80,2482,2562
1229,2018-04-29,28,1938,1966
1229,2018-04-30,216,2466,2682
1229,2018-05-02,278,3160,3438
1229,2018-05-04,271,3365,3636
1229,2018-05-05,180,2753,2933
1229,2018-05-06,39,2451,2490
1229,2018-05-07,259,3198,3457
1229,2018-05-08,269,3328,3597
1229,2018-05-09,370,3548,3918
1229,2018-05-10,29,1820,1849
1229,2018-05-11,224,3168,3392
1229,2018-05-12,81,2957,3038
1229,2018-05-13,33,1744,1777
1229,2018-05-14,212,2934,3146
1229,2018-05-15,302,3265,3567
1229,2018-05-16,298,2838,3136
1229,2018-05-18,312,3341,3653
1229,2018-05-19,92,2517,2609
1229,2018-05-20,30,1812,1842
1229,2018-05-21,20,2150,2170
1229,2018-05-22,270,3096,3366
1229,2018-05-23,268,2824,3092
1229,2018-05-24,228,2866,3094
1229,2018-05-25,233,3141,3374
1229,2018-05-26,68,2918,2986
1229,2018-05-27,18,1981,1999
1229,2018-05-28,227,3090,3317
1229,2018-05-29,249,3226,3475
1229,2018-05-30,309,3436,3745
1229,2018-06-01,218,3038,3256
1229,2018-06-02,131,2678,2809
1229,2018-06-03,65,2318,2383
1229,2018-06-04,246,3088,3334
1229,2018-06-05,289,3361,3650
1229,2018-06-06,260,3325,3585
1229,2018-06-07,298,3154,3452
1229,2018-06-08,214,3434,3648
1229,2018-06-09,114,2586,2700
1229,2018-06-10,26,1910,1936
1229,2018-06-11,270,2696,2966
1229,2018-06-12,228,3050,3278
1229,2018-06-13,217,3349,3566
1229,2018-06-15,261,3498,3759
1229,2018-06-16,99,2941,3040
1229,2018-06-17,75,2298,2373
1229,2018-06-18,259,3078,3337
1229,2018-06-19,297,3264,3561
1229,2018-06-20,223,3322,3545
1229,2018-06-21,232,3432,3664
1229,2018-06-22,256,3403,3659
1229,2018-06-23,21,2053,2074
1229,2018-06-24,18,2007,2025
1229,2018-06-25,221,3054,3275
1229,2018-06-26,221,3351,3572
1229,2018-06-27,210,3250,3460
1229,2018-06-29,207,3613,3820
1229,2018-06-30,102,2697,2799
1229,2018-07-01,38,2270,2308
1229,2018-07-02,236,3151,3387
1229,2018-07-03,272,3378,3650
1229,2018-07-04,345,3329,3674
1229,2018-07-05,235,3315,3550
1229,2018-07-06,280,3462,3742
1229,2018-07-07,93,2989,3082
1229,2018-07-08,26,2605,2631
1229,2018-07-09,269,3252,3521
1229,2018-07-10,299,3368,3667
1229,2018-07-11,272,3409,3681
1229,2018-07-13,202,3457,3659
1229,2018-07-14,135,2701,2836
1229,2018-07-15,44,2040,2084
1229,2018-07-16,224,3088,3312
1229,2018-07-17,260,3214,3474
1229,2018-07-18,214,3356,3570
1229,2018-07-19,289,3374,3663
1229,2018-07-20,267,3355,3622
1229,2018-07-21,95,2558,2653
1229,2018-07-22,35,2333,2368
1229,2018-07-23,228,3146,3374
1229,2018-07-24,235,3235,3470
1229,2018-07-25,252,3121,3373
1229,2018-07-27,162,3096,3258
1229,2018-07-28,71,2362,2433
1229,2018-07-29,19,2263,2282
1229,2018-07-30,126,2670,2796
1229,2018-07-31,164,2851,3015
1229,2018-08-01,124,2660,2784
1229,2018-08-02,141,2878,3019
1229,2018-08-03,136,2973,3109
1229,2018-08-04,56,2289,2345
1229,2018-08-05,19,2094,2113
1229,2018-08-06,161,2643,2804
1229,2018-08-07,188,2540,2728
1229,2018-08-08,150,2582,2732
1229,2018-08-10,152,2918,3070
1229,2018-08-11,67,2416,2483
1229,2018-08-12,20,2263,2283
1229,2018-08-13,134,2434,2568
1229,2018-08-14,168,2824,2992
1229,2018-08-15,35,2295,2330
1229,2018-08-16,171,2835,3006
1229,2018-08-17,136,2724,2860
1229,2018-08-18,87,2200,2287
1229,2018-08-19,35,2132,2167
1229,2018-08-20,184,2888,3072
1229,2018-08-21,199,2858,3057
1229,2018-08-22,178,3122,3300
1229,2018-08-23,198,3036,3234
1229,2018-08-24,179,2851,3030
1229,2018-08-25,71,2204,2275
1229,2018-08-26,27,1825,1852
1229,2018-08-27,243,2609,2852
1229,2018-08-28,204,3069,3273
1229,2018-08-29,216,2814,3030
1229,2018-08-30,191,2957,3148
1229,2018-08-31,207,2933,3140
1229,2018-09-01,108,2148,2256
1229,2018-09-02,24,1821,1845
1229,2018-09-03,216,2701,2917
1229,2018-09-04,215,2998,3213
1229,2018-09-05,178,2868,3046
1229,2018-09-07,176,2959,3135
1229,2018-09-08,88,2403,2491
1229,2018-09-09,20,2347,2367
1229,2018-09-10,167,2915,3082
1229,2018-09-11,202,3027,3229
1229,2018-09-12,217,3290,3507
1229,2018-09-13,186,3095,3281
1229,2018-09-14,197,3270,3467
1229,2018-09-15,97,2598,2695
1229,2018-09-16,15,2341,2356
1229,2018-09-17,206,2944,3150
1229,2018-09-18,303,3210,3513
1229,2018-09-19,204,3302,3506
1229,2018-09-21,250,3065,3315
1229,2018-09-22,96,2454,2550
1229,2018-09-23,24,1512,1536
1229,2018-09-24,203,2961,3164
1229,2018-09-25,240,3032,3272
1229,2018-09-26,233,3290,3523
1229,2018-09-27,244,3430,3674
1229,2018-09-28,191,3258,3449
1229,2018-09-29,75,2575,2650
1229,2018-09-30,34,2305,2339
1229,2018-10-01,213,2953,3166
1229,2018-10-02,182,3015,3197
1229,2018-10-03,181,3288,3469
1229,2018-10-05,219,3378,3597
1229,2018-10-06,71,2612,2683
1229,2018-10-07,15,1829,1844
1229,2018-10-08,208,2953,3161
1229,2018-10-09,225,3157,3382
1229,2018-10-10,239,3276,3515
1229,2018-10-11,209,3223,3432
1229,2018-10-12,203,3222,3425
1229,2018-10-13,73,2867,2940
1229,2018-10-14,17,2334,2351
1229,2018-10-15,230,2993,3223
1229,2018-10-16,245,3420,3665
1229,2018-10-17,198,3326,3524
1229,2018-10-19,222,3343,3565
1229,2018-10-20,84,2526,2610
1229,2018-10-21,13,2079,2092
1229,2018-10-22,223,3089,3312
1229,2018-10-23,233,3137,3370
1229,2018-10-24,208,2964,3172
1229,2018-10-25,174,2993,3167
1229,2018-10-26,236,3036,3272
1229,2018-10-27,116,2281,2397
1229,2018-10-28,10,1533,1543
1229,2018-10-29,236,2720,2956
1229,2018-10-30,202,2802,3004
1229,2018-10-31,183,3039,3222
1229,2018-11-02,122,2529,2651
1229,2018-11-03,83,2289,2372
1229,2018-11-04,9,1926,1935
1229,2018-11-05,186,2794,2980
1229,2018-11-06,218,2942,3160
1229,2018-11-07,195,3049,3244
1229,2018-11-08,257,3113,3370
1229,2018-11-09,228,3181,3409
1229,2018-11-10,74,2164,2238
1229,2018-11-11,10,1516,1526
1229,2018-11-12,200,2746,2946
1229,2018-11-13,270,2897,3167
1229,2018-11-14,248,2990,3238
1229,2018-11-16,233,3341,3574
1229,2018-11-17,75,2383,2458
1229,2018-11-18,5,1663,1668
1229,2018-11-19,215,2924,3139
1229,2018-11-20,207,3086,3293
1229,2018-11-21,82,1567,1649
1229,2018-11-22,184,3079,3263
1229,2018-11-23,230,3250,3480
1229,2018-11-24,58,2135,2193
1229,2018-11-25,11,1455,1466
1229,2018-11-26,164,2828,2992
1229,2018-11-27,204,3090,3294
1229,2018-11-28,178,2967,3145
1229,2018-11-29,184,3127,3311
1229,2018-11-30,175,3092,3267
1229,2018-12-01,62,2261,2323
1229,2018-12-02,15,1467,1482
1229,2018-12-03,184,2928,3112
1229,2018-12-04,218,3116,3334
1229,2018-12-05,167,3129,3296
1229,2018-12-07,201,3103,3304
1229,2018-12-08,72,2060,2132
1229,2018-12-09,18,1342,1360
1229,2018-12-10,230,2863,3093
1229,2018-12-11,215,3157,3372
1229,2018-12-12,197,3227,3424
1229,2018-12-13,207,3116,3323
1229,2018-12-14,201,3298,3499
1229,2018-12-15,70,2194,2264
1229,2018-12-16,16,1285,1301
1229,2018-12-17,171,2971,3142
1229,2018-12-18,225,3167,3392
1229,2018-12-19,203,3284,3487
1229,2018-12-20,149,3251,3400
1229,2018-12-21,137,2917,3054
1229,2018-12-22,64,1930,1994
1229,2018-12-23,9,1182,1191
1229,2018-12-24,66,1644,1710
1229,2018-12-25,8,1160,1168
1229,2018-12-26,9,1092,1101
1229,2018-12-27,120,1933,2053
1229,2018-12-28,107,1945,2052
1229,2018-12-29,60,1707,1767
1229,2018-12-30,9,1156,1165
1229,2018-12-31,57,1678,1735
1230,2018-01-01,28,1836,1864
1230,2018-01-02,345,4315,4660
1230,2018-01-03,272,5330,5602
1230,2018-01-05,329,5318,5647
1230,2018-01-06,217,3493,3710
1230,2018-01-07,63,2598,2661
1230,2018-01-08,423,5229,5652
1230,2018-01-09,449,5254,5703
1230,2018-01-10,352,6500,6852
1230,2018-01-11,451,5557,6008
1230,2018-01-12,428,5597,6025
1230,2018-01-13,237,3470,3707
1230,2018-01-14,66,2775,2841
1230,2018-01-15,462,5954,6416
1230,2018-01-16,420,6472,6892
1230,2018-01-17,446,6602,7048
1230,2018-01-19,402,6356,6758
1230,2018-01-20,219,3720,3939
1230,2018-01-21,48,2521,2569
1230,2018-01-22,445,5492,5937
1230,2018-01-23,450,5767,6217
1230,2018-01-24,425,6373,6798
1230,2018-01-25,354,7224,7578
1230,2018-01-26,426,5871,6297
1230,2018-01-27,252,3956,4208
1230,2018-01-28,57,2783,2840
1230,2018-01-29,417,5537,5954
1230,2018-01-30,457,5837,6294
1230,2018-01-31,316,6412,6728
1230,2018-02-02,423,6075,6498
1230,2018-02-03,264,3917,4181
1230,2018-02-04,70,2642,2712
1230,2018-02-05,447,5443,5890
1230,2018-02-06,398,5517,5915
1230,2018-02-07,442,5738,6180
1230,2018-02-08,468,5769,6237
1230,2018-02-09,431,5804,6235
1230,2018-02-10,243,3241,3484
1230,2018-02-11,71,2274,2345
1230,2018-02-12,343,4199,4542
1230,2018-02-13,381,4611,4992
1230,2018-02-14,388,4833,5221
1230,2018-02-16,387,4763,5150
1230,2018-02-17,250,3023,3273
1230,2018-02-18,67,2600,2667
1230,2018-02-19,452,5317,5769
1230,2018-02-20,477,5806,6283
1230,2018-02-21,442,5602,6044
1230,2018-02-22,441,5798,6239
1230,2018-02-23,460,5813,6273
1230,2018-02-24,265,3959,4224
1230,2018-02-25,73,2802,2875
1230,2018-02-26,460,5460,5920
1230,2018-02-27,509,5618,6127
1230,2018-02-28,556,5714,6270
1230,2018-03-02,444,5405,5849
1230,2018-03-03,227,3654,3881
1230,2018-03-04,56,2781,2837
1230,2018-03-05,458,5654,6112
1230,2018-03-06,503,6143,6646
1230,2018-03-07,457,5934,6391
1230,2018-03-08,402,7594,7996
1230,2018-03-09,382,6842,7224
1230,2018-03-10,70,766,836
1230,2018-03-11,50,2958,3008
1230,2018-03-12,388,6444,6832
1230,2018-03-13,412,5927,6339
1230,2018-03-14,509,5579,6088
1230,2018-03-16,433,6057,6490
1230,2018-03-17,247,3866,4113
1230,2018-03-18,74,2692,2766
1230,2018-03-19,402,6200,6602
1230,2018-03-20,430,5684,6114
1230,2018-03-21,228,4260,4488
1230,2018-03-22,441,5855,6296
1230,2018-03-23,469,6246,6715
1230,2018-03-24,277,4045,4322
1230,2018-03-26,396,5135,5531
1230,2018-03-27,437,5993,6430
1230,2018-03-28,386,6304,6690
1230,2018-03-31,212,3702,3914
1230,2018-04-01,46,2330,2376
1230,2018-04-02,44,2155,2199
1230,2018-04-03,298,5208,5506
1230,2018-04-04,316,5332,5648
1230,2018-04-06,398,4772,5170
1230,2018-04-07,242,3227,3469
1230,2018-04-08,57,2672,2729
1230,2018-04-09,399,4826,5225
1230,2018-04-10,376,5652,6028
1230,2018-04-11,406,5095,5501
1230,2018-04-13,424,5266,5690
1230,2018-04-14,260,3491,3751
1230,2018-04-15,60,2934,2994
1230,2018-04-16,478,6027,6505
1230,2018-04-17,538,4958,5496
1230,2018-04-18,499,6177,6676
1230,2018-04-19,477,6247,6724
1230,2018-04-20,451,6174,6625
1230,2018-04-21,290,4215,4505
1230,2018-04-22,69,3067,3136
1230,2018-04-23,480,5588,6068
1230,2018-04-24,483,5955,6438
1230,2018-04-25,446,5840,6286
1230,2018-04-26,485,6083,6568
1230,2018-04-27,465,6084,6549
1230,2018-04-28,240,4350,4590
1230,2018-04-29,48,3162,3210
1230,2018-04-30,409,5181,5590
1230,2018-05-01,50,2616,2666
1230,2018-05-02,506,5793,6299
1230,2018-05-04,517,6236,6753
1230,2018-05-05,262,3978,4240
1230,2018-05-06,85,3279,3364
1230,2018-05-07,452,5783,6235
1230,2018-05-08,460,6067,6527
1230,2018-05-09,469,6002,6471
1230,2018-05-10,53,2613,2666
1230,2018-05-11,396,5253,5649
1230,2018-05-12,269,3886,4155
1230,2018-05-13,26,2972,2998
1230,2018-05-14,404,6218,6622
1230,2018-05-15,481,5923,6404
1230,2018-05-16,444,6670,7114
1230,2018-05-18,472,5402,5874
1230,2018-05-19,264,3645,3909
1230,2018-05-21,48,2305,2353
1230,2018-05-22,364,5456,5820
1230,2018-05-23,382,5652,6034
1230,2018-05-24,364,5522,5886
1230,2018-05-25,425,5266,5691
1230,2018-05-26,280,3821,4101
1230,2018-05-27,92,3011,3103
1230,2018-05-28,410,6378,6788
1230,2018-05-29,404,6492,6896
1230,2018-05-30,386,6832,7218
1230,2018-06-01,322,6678,7000
1230,2018-06-02,250,4021,4271
1230,2018-06-03,59,3299,3358
1230,2018-06-04,441,5677,6118
1230,2018-06-05,454,5959,6413
1230,2018-06-06,446,5757,6203
1230,2018-06-07,414,7238,7652
1230,2018-06-08,420,6794,7214
1230,2018-06-09,244,4458,4702
1230,2018-06-10,58,3552,3610
1230,2018-06-11,420,5852,6272
1230,2018-06-12,410,6812,7222
1230,2018-06-13,459,5753,6212
1230,2018-06-15,456,5974,6430
1230,2018-06-16,258,3806,4064
1230,2018-06-17,53,2882,2935
1230,2018-06-18,424,5521,5945
1230,2018-06-19,500,5743,6243
1230,2018-06-20,534,5836,6370
1230,2018-06-21,534,6570,7104
1230,2018-06-22,505,5754,6259
1230,2018-06-23,61,2424,2485
1230,2018-06-24,60,2880,2940
1230,2018-06-25,454,5381,5835
1230,2018-06-26,434,5726,6160
1230,2018-06-27,410,6518,6928
1230,2018-06-29,504,6192,6696
1230,2018-06-30,283,4389,4672
1230,2018-07-01,82,3357,3439
1230,2018-07-02,491,5622,6113
1230,2018-07-03,532,5825,6357
1230,2018-07-04,488,5038,5526
1230,2018-07-05,519,5876,6395
1230,2018-07-06,488,5452,5940
1230,2018-07-07,355,5506,5861
1230,2018-07-08,95,4015,4110
1230,2018-07-09,423,5690,6113
1230,2018-07-10,462,5732,6194
1230,2018-07-11,478,5636,6114
1230,2018-07-28,229,3093,3322
1230,2018-07-29,66,2682,2748
1230,2018-07-30,333,4650,4983
1230,2018-07-31,324,4906,5230
1230,2018-08-01,284,5408,5692
1230,2018-08-02,336,5028,5364
1230,2018-08-03,342,5000,5342
1230,2018-08-04,228,3510,3738
1230,2018-08-05,72,2839,2911
1230,2018-08-06,306,4528,4834
1230,2018-08-07,290,5412,5702
1230,2018-08-08,278,5102,5380
1230,2018-08-09,298,4950,5248
1230,2018-08-11,237,2798,3035
1230,2018-08-12,67,2531,2598
1230,2018-08-13,256,4458,4714
1230,2018-08-14,352,4330,4682
1230,2018-08-15,43,2217,2260
1230,2018-08-16,354,4371,4725
1230,2018-08-17,292,4872,5164
1230,2018-08-18,252,2724,2976
1230,2018-08-19,59,2581,2640
1230,2018-08-20,387,4181,4568
1230,2018-08-21,359,4720,5079
1230,2018-08-22,375,4771,5146
1230,2018-08-23,407,4736,5143
1230,2018-08-24,382,4542,4924
1230,2018-08-25,306,2892,3198
1230,2018-08-26,63,2477,2540
1230,2018-08-27,354,4397,4751
1230,2018-08-28,374,4759,5133
1230,2018-08-29,344,5168,5512
1230,2018-08-30,405,4826,5231
1230,2018-08-31,442,4900,5342
1230,2018-09-01,275,3315,3590
1230,2018-09-02,66,2584,2650
1230,2018-09-03,407,4401,4808
1230,2018-09-04,389,4767,5156
1230,2018-09-05,440,4962,5402
1230,2018-09-06,408,5698,6106
1230,2018-09-08,270,3381,3651
1230,2018-09-09,73,2675,2748
1230,2018-09-10,420,4770,5190
1230,2018-09-11,445,5173,5618
1230,2018-09-12,415,5153,5568
1230,2018-09-13,471,5119,5590
1230,2018-09-14,469,5253,5722
1230,2018-09-15,285,3441,3726
1230,2018-09-16,61,2689,2750
1230,2018-09-17,456,5360,5816
1230,2018-09-18,480,5596,6076
1230,2018-09-19,477,5627,6104
1230,2018-09-20,491,6017,6508
1230,2018-09-22,280,4056,4336
1230,2018-09-23,34,2572,2606
1230,2018-09-24,469,5539,6008
1230,2018-09-25,496,5648,6144
1230,2018-09-26,497,5746,6243
1230,2018-09-27,521,5750,6271
1230,2018-09-28,459,5824,6283
1230,2018-09-29,326,3725,4051
1230,2018-09-30,83,2832,2915
1230,2018-10-01,497,5381,5878
1230,2018-10-02,536,5707,6243
1230,2018-10-03,468,5681,6149
1230,2018-10-04,519,6093,6612
1230,2018-10-06,300,3760,4060
1230,2018-10-07,80,2948,3028
1230,2018-10-08,462,5295,5757
1230,2018-10-09,456,5667,6123
1230,2018-10-10,468,5755,6223
1230,2018-10-11,491,5686,6177
1230,2018-10-12,459,5954,6413
1230,2018-10-13,319,4016,4335
1230,2018-10-14,71,3099,3170
1230,2018-10-15,461,5569,6030
1230,2018-10-16,514,6175,6689
1230,2018-10-17,483,5855,6338
1230,2018-10-18,463,6021,6484
1230,2018-10-19,504,6113,6617
1230,2018-10-21,73,3053,3126
1230,2018-10-22,479,6091,6570
1230,2018-10-23,498,5834,6332
1230,2018-10-24,512,6192,6704
1230,2018-10-25,517,5978,6495
1230,2018-10-26,484,5776,6260
1230,2018-10-27,266,3682,3948
1230,2018-10-28,75,2933,3008
1230,2018-10-29,432,4704,5136
1230,2018-10-30,437,5210,5647
1230,2018-10-31,449,5205,5654
1230,2018-11-01,65,2222,2287
1230,2018-11-04,60,2507,2567
1230,2018-11-05,488,5204,5692
1230,2018-11-06,476,5734,6210
1230,2018-11-07,517,5632,6149
1230,2018-11-08,513,5876,6389
1230,2018-11-09,546,5940,6486
1230,2018-11-10,256,4252,4508
1230,2018-11-11,44,3064,3108
1230,2018-11-12,452,6300,6752
1230,2018-11-13,514,6068,6582
1230,2018-11-14,484,7050,7534
1230,2018-11-15,505,5860,6365
1230,2018-11-17,267,3790,4057
1230,2018-11-18,71,2855,2926
1230,2018-11-19,422,6194,6616
1230,2018-11-20,454,6806,7260
1230,2018-11-21,472,5684,6156
1230,2018-11-22,582,4488,5070
1230,2018-11-23,496,5815,6311
1230,2018-11-24,268,3776,4044
1230,2018-11-25,62,2839,2901
1230,2018-11-26,458,5298,5756
1230,2018-11-27,430,6924,7354
1230,2018-11-28,448,5939,6387
1230,2018-11-29,548,5864,6412
1230,2018-11-30,548,6816,7364
1230,2018-12-01,307,3801,4108
1230,2018-12-02,38,2934,2972
1230,2018-12-03,492,6316,6808
1230,2018-12-04,540,6956,7496
1230,2018-12-05,522,7308,7830
1230,2018-12-06,520,5737,6257
1230,2018-12-08,230,4150,4380
1230,2018-12-09,54,3264,3318
1230,2018-12-10,457,5395,5852
1230,2018-12-11,499,5740,6239
1230,2018-12-12,480,5699,6179
1230,2018-12-13,465,5997,6462
1230,2018-12-14,497,5668,6165
1230,2018-12-15,353,4189,4542
1230,2018-12-16,64,2437,2501
1230,2018-12-17,396,6508,6904
1230,2018-12-18,468,5767,6235
1230,2018-12-19,441,5769,6210
1230,2018-12-20,380,6718,7098
1230,2018-12-21,378,6482,6860
1230,2018-12-22,238,3978,4216
1230,2018-12-23,56,3132,3188
1230,2018-12-24,256,4068,4324
1230,2018-12-25,46,1696,1742
1230,2018-12-26,43,1745,1788
1230,2018-12-27,326,3768,4094
1230,2018-12-28,345,3960,4305
1230,2018-12-29,253,2751,3004
1230,2018-12-30,58,2134,2192
1230,2018-12-31,255,3289,3544
1231,2018-01-01,32,1344,1376
1231,2018-01-02,138,3886,4024
1231,2018-01-03,108,3884,3992
1231,2018-01-05,154,4234,4388
1231,2018-01-06,53,2395,2448
1231,2018-01-07,16,1743,1759
1231,2018-01-08,171,4498,4669
1231,2018-01-09,115,4464,4579
1231,2018-01-10,136,4985,5121
1231,2018-01-11,151,4933,5084
1231,2018-01-12,149,4706,4855
1231,2018-01-13,85,2744,2829
1231,2018-01-14,13,2031,2044
1231,2018-01-15,146,5006,5152
1231,2018-01-16,148,5698,5846
1231,2018-01-17,158,5920,6078
1231,2018-01-19,156,5152,5308
1231,2018-01-20,85,2719,2804
1231,2018-01-21,20,1845,1865
1231,2018-01-22,146,5146,5292
1231,2018-01-23,152,5160,5312
1231,2018-01-24,145,5644,5789
1231,2018-01-25,154,5780,5934
1231,2018-01-26,145,4828,4973
1231,2018-01-27,78,2975,3053
1231,2018-01-28,15,1948,1963
1231,2018-01-29,155,4704,4859
1231,2018-01-30,146,4922,5068
1231,2018-01-31,226,7182,7408
1231,2018-02-02,144,5062,5206
1231,2018-02-03,84,2777,2861
1231,2018-02-04,22,1853,1875
1231,2018-02-05,145,4820,4965
1231,2018-02-06,139,4991,5130
1231,2018-02-07,156,4941,5097
1231,2018-02-08,151,4910,5061
1231,2018-02-09,151,4587,4738
1231,2018-02-10,87,2447,2534
1231,2018-02-11,34,1664,1698
1231,2018-02-12,106,3529,3635
1231,2018-02-13,135,4106,4241
1231,2018-02-14,134,4347,4481
1231,2018-02-16,144,4395,4539
1231,2018-02-17,80,2516,2596
1231,2018-02-18,20,2019,2039
1231,2018-02-19,147,4841,4988
1231,2018-02-20,166,5202,5368
1231,2018-02-21,159,5073,5232
1231,2018-02-22,180,4886,5066
1231,2018-02-23,159,4882,5041
1231,2018-02-24,83,2842,2925
1231,2018-02-25,19,1979,1998
1231,2018-02-26,152,4677,4829
1231,2018-02-27,169,4853,5022
1231,2018-02-28,154,4892,5046
1231,2018-03-02,134,4352,4486
1231,2018-03-03,87,2584,2671
1231,2018-03-04,19,1937,1956
1231,2018-03-05,146,4835,4981
1231,2018-03-06,162,5258,5420
1231,2018-03-07,160,5886,6046
1231,2018-03-08,160,6062,6222
1231,2018-03-09,135,5136,5271
1231,2018-03-10,86,2830,2916
1231,2018-03-11,21,2190,2211
1231,2018-03-12,186,5412,5598
1231,2018-03-13,150,5852,6002
1231,2018-03-14,166,5174,5340
1231,2018-03-16,154,5330,5484
1231,2018-03-17,80,2900,2980
1231,2018-03-18,22,1818,1840
1231,2018-03-19,161,4801,4962
1231,2018-03-20,158,5075,5233
1231,2018-03-21,248,5915,6163
1231,2018-03-22,171,5043,5214
1231,2018-03-23,152,5512,5664
1231,2018-03-24,93,3229,3322
1231,2018-03-26,159,4707,4866
1231,2018-03-27,164,6420,6584
1231,2018-03-28,174,5212,5386
1231,2018-03-31,74,2892,2966
1231,2018-04-01,10,1758,1768
1231,2018-04-02,15,1929,1944
1231,2018-04-03,144,4694,4838
1231,2018-04-04,154,4722,4876
1231,2018-04-06,132,4694,4826
1231,2018-04-07,136,3017,3153
1231,2018-04-08,17,2394,2411
1231,2018-04-09,145,4471,4616
1231,2018-04-10,152,5008,5160
1231,2018-04-11,159,4843,5002
1231,2018-04-13,159,4694,4853
1231,2018-04-14,105,3203,3308
1231,2018-04-15,22,2123,2145
1231,2018-04-16,186,5470,5656
1231,2018-04-17,168,4906,5074
1231,2018-04-18,166,5625,5791
1231,2018-04-19,155,5398,5553
1231,2018-04-20,171,5400,5571
1231,2018-04-21,84,3501,3585
1231,2018-04-22,17,2224,2241
1231,2018-04-23,170,5078,5248
1231,2018-04-24,162,5460,5622
1231,2018-04-25,168,5932,6100
1231,2018-04-26,172,5446,5618
1231,2018-04-27,150,5264,5414
1231,2018-04-28,110,3188,3298
1231,2018-04-29,18,2042,2060
1231,2018-04-30,138,4390,4528
1231,2018-05-01,16,1760,1776
1231,2018-05-02,163,5453,5616
1231,2018-05-04,171,5352,5523
1231,2018-05-05,97,3528,3625
1231,2018-05-06,85,2861,2946
1231,2018-05-07,203,5313,5516
1231,2018-05-08,196,5481,5677
1231,2018-05-09,274,5479,5753
1231,2018-05-10,18,1903,1921
1231,2018-05-11,171,4513,4684
1231,2018-05-12,106,3347,3453
1231,2018-05-13,24,2030,2054
1231,2018-05-14,160,5174,5334
1231,2018-05-15,164,5463,5627
1231,2018-05-16,170,5550,5720
1231,2018-05-18,226,5880,6106
1231,2018-05-19,123,3056,3179
1231,2018-05-20,25,1964,1989
1231,2018-05-21,21,2152,2173
1231,2018-05-22,137,4652,4789
1231,2018-05-23,138,4615,4753
1231,2018-05-24,151,4673,4824
1231,2018-05-25,154,4910,5064
1231,2018-05-26,80,3298,3378
1231,2018-05-27,22,2273,2295
1231,2018-05-28,172,5172,5344
1231,2018-05-29,186,5339,5525
1231,2018-05-30,174,5574,5748
1231,2018-06-01,142,5004,5146
1231,2018-06-02,82,3367,3449
1231,2018-06-03,21,2627,2648
1231,2018-06-04,172,5015,5187
1231,2018-06-05,153,5326,5479
1231,2018-06-06,170,5055,5225
1231,2018-06-07,162,6146,6308
1231,2018-06-08,172,5276,5448
1231,2018-06-09,97,3531,3628
1231,2018-06-10,16,2568,2584
1231,2018-06-11,164,5030,5194
1231,2018-06-12,159,5116,5275
1231,2018-06-13,140,5139,5279
1231,2018-06-15,154,5320,5474
1231,2018-06-16,93,3518,3611
1231,2018-06-17,19,2639,2658
1231,2018-06-18,173,4889,5062
1231,2018-06-19,171,5349,5520
1231,2018-06-20,164,5556,5720
1231,2018-06-21,196,5993,6189
1231,2018-06-22,173,5049,5222
1231,2018-06-23,37,2559,2596
1231,2018-06-24,24,2431,2455
1231,2018-06-25,159,4942,5101
1231,2018-06-26,185,5337,5522
1231,2018-06-27,178,5728,5906
1231,2018-06-29,186,5912,6098
1231,2018-06-30,89,3590,3679
1231,2018-07-01,19,2704,2723
1231,2018-07-02,183,5236,5419
1231,2018-07-03,198,5365,5563
1231,2018-07-04,174,5212,5386
1231,2018-07-05,171,5051,5222
1231,2018-07-06,192,5900,6092
1231,2018-07-07,142,4254,4396
1231,2018-07-08,17,3017,3034
1231,2018-07-09,151,5151,5302
1231,2018-07-10,149,5019,5168
1231,2018-07-11,159,5105,5264
1231,2018-07-13,151,5139,5290
1231,2018-07-14,97,3450,3547
1231,2018-07-15,22,2402,2424
1231,2018-07-16,147,4818,4965
1231,2018-07-17,131,4883,5014
1231,2018-07-18,141,4994,5135
1231,2018-07-19,168,4946,5114
1231,2018-07-20,153,4805,4958
1231,2018-07-21,91,2878,2969
1231,2018-07-22,27,2493,2520
1231,2018-07-23,149,4618,4767
1231,2018-07-24,143,4770,4913
1231,2018-07-25,139,4808,4947
1231,2018-07-27,120,4444,4564
1231,2018-07-28,94,2826,2920
1231,2018-07-29,23,2408,2431
1231,2018-07-30,112,4294,4406
1231,2018-07-31,103,4418,4521
1231,2018-08-01,124,4314,4438
1231,2018-08-02,104,4434,4538
1231,2018-08-03,115,4281,4396
1231,2018-08-04,107,2881,2988
1231,2018-08-05,19,2243,2262
1231,2018-08-06,161,4145,4306
1231,2018-08-07,122,4320,4442
1231,2018-08-08,104,4382,4486
1231,2018-08-10,114,4203,4317
1231,2018-08-11,89,2765,2854
1231,2018-08-12,19,2181,2200
1231,2018-08-13,118,3964,4082
1231,2018-08-14,127,4132,4259
1231,2018-08-15,30,2387,2417
1231,2018-08-16,139,4251,4390
1231,2018-08-17,119,4133,4252
1231,2018-08-18,169,2684,2853
1231,2018-08-19,28,2209,2237
1231,2018-08-20,124,4162,4286
1231,2018-08-21,134,4477,4611
1231,2018-08-22,138,4604,4742
1231,2018-08-23,130,4550,4680
1231,2018-08-24,138,4232,4370
1231,2018-08-25,94,2578,2672
1231,2018-08-26,24,2076,2100
1231,2018-08-27,176,4387,4563
1231,2018-08-28,154,4985,5139
1231,2018-08-29,144,4706,4850
1231,2018-08-30,139,4564,4703
1231,2018-08-31,148,4571,4719
1231,2018-09-01,102,2871,2973
1231,2018-09-02,19,2017,2036
1231,2018-09-03,114,4541,4655
1231,2018-09-04,136,4707,4843
1231,2018-09-05,150,4934,5084
1231,2018-09-07,161,4733,4894
1231,2018-09-08,99,2988,3087
1231,2018-09-09,29,2459,2488
1231,2018-09-10,120,4519,4639
1231,2018-09-11,158,4750,4908
1231,2018-09-12,138,4975,5113
1231,2018-09-13,154,4778,4932
1231,2018-09-14,144,4920,5064
1231,2018-09-15,80,3220,3300
1231,2018-09-16,16,2581,2597
1231,2018-09-17,166,5050,5216
1231,2018-09-18,200,5535,5735
1231,2018-09-19,157,5452,5609
1231,2018-09-21,198,5226,5424
1231,2018-09-22,112,3419,3531
1231,2018-09-23,24,1996,2020
1231,2018-09-24,182,5265,5447
1231,2018-09-25,185,5685,5870
1231,2018-09-26,182,5677,5859
1231,2018-09-27,271,5907,6178
1231,2018-09-28,191,5674,5865
1231,2018-09-29,119,3515,3634
1231,2018-09-30,24,2573,2597
1231,2018-10-01,207,5481,5688
1231,2018-10-02,183,5814,5997
1231,2018-10-03,159,5816,5975
1231,2018-10-05,210,5822,6032
1231,2018-10-06,119,3681,3800
1231,2018-10-07,28,2412,2440
1231,2018-10-08,208,5438,5646
1231,2018-10-09,194,6179,6373
1231,2018-10-10,207,5986,6193
1231,2018-10-11,195,5892,6087
1231,2018-10-12,200,5885,6085
1231,2018-10-13,112,3788,3900
1231,2018-10-14,20,2798,2818
1231,2018-10-15,189,5892,6081
1231,2018-10-16,213,6615,6828
1231,2018-10-17,178,6103,6281
1231,2018-10-19,178,6223,6401
1231,2018-10-20,118,3538,3656
1231,2018-10-21,25,2563,2588
1231,2018-10-22,190,6399,6589
1231,2018-10-23,243,6242,6485
1231,2018-10-24,238,6885,7123
1231,2018-10-25,232,6273,6505
1231,2018-10-26,199,5926,6125
1231,2018-10-27,128,3395,3523
1231,2018-10-28,18,2171,2189
1231,2018-10-29,161,5263,5424
1231,2018-10-30,176,5856,6032
1231,2018-10-31,187,5975,6162
1231,2018-11-02,133,4328,4461
1231,2018-11-03,103,2912,3015
1231,2018-11-04,17,2338,2355
1231,2018-11-05,198,5587,5785
1231,2018-11-06,170,6133,6303
1231,2018-11-07,173,6135,6308
1231,2018-11-08,193,6141,6334
1231,2018-11-09,190,5979,6169
1231,2018-11-10,122,3258,3380
1231,2018-11-11,18,2218,2236
1231,2018-11-12,192,6116,6308
1231,2018-11-13,187,6449,6636
1231,2018-11-14,179,6363,6542
1231,2018-11-16,234,7765,7999
1231,2018-11-17,103,3277,3380
1231,2018-11-18,23,2461,2484
1231,2018-11-19,185,5870,6055
1231,2018-11-20,233,6156,6389
1231,2018-11-21,246,6845,7091
1231,2018-11-22,174,5987,6161
1231,2018-11-23,171,5983,6154
1231,2018-11-24,122,3132,3254
1231,2018-11-25,24,2141,2165
1231,2018-11-26,180,5691,5871
1231,2018-11-27,196,7423,7619
1231,2018-11-28,178,6312,6490
1231,2018-11-29,188,6225,6413
1231,2018-11-30,202,6268,6470
1231,2018-12-01,88,3375,3463
1231,2018-12-02,22,2292,2314
1231,2018-12-03,182,6012,6194
1231,2018-12-04,202,6984,7186
1231,2018-12-05,193,6790,6983
1231,2018-12-07,172,6212,6384
1231,2018-12-08,100,3070,3170
1231,2018-12-09,16,2086,2102
1231,2018-12-10,186,5767,5953
1231,2018-12-11,182,6228,6410
1231,2018-12-12,190,6165,6355
1231,2018-12-13,190,6304,6494
1231,2018-12-14,217,5859,6076
1231,2018-12-15,104,3332,3436
1231,2018-12-16,22,2022,2044
1231,2018-12-17,182,6002,6184
1231,2018-12-18,180,6108,6288
1231,2018-12-19,158,6139,6297
1231,2018-12-20,154,6126,6280
1231,2018-12-21,142,5588,5730
1231,2018-12-22,106,3068,3174
1231,2018-12-23,18,2112,2130
1231,2018-12-24,94,2858,2952
1231,2018-12-25,15,1542,1557
1231,2018-12-26,17,1654,1671
1231,2018-12-27,124,3499,3623
1231,2018-12-28,106,3475,3581
1231,2018-12-29,94,2651,2745
1231,2018-12-30,18,1856,1874
1231,2018-12-31,75,2722,2797
1232,2018-01-01,154,4312,4466
1232,2018-01-02,525,13744,14269
1232,2018-01-03,538,13702,14240
1232,2018-01-05,632,15112,15744
1232,2018-01-06,306,11231,11537
1232,2018-01-07,91,8113,8204
1232,2018-01-08,793,14939,15732
1232,2018-01-09,865,15591,16456
1232,2018-01-10,762,15404,16166
1232,2018-01-11,749,15643,16392
1232,2018-01-12,802,16228,17030
1232,2018-01-13,410,12770,13180
1232,2018-01-14,111,9467,9578
1232,2018-01-15,840,14692,15532
1232,2018-01-16,826,14383,15209
1232,2018-01-17,879,15185,16064
1232,2018-01-19,849,16186,17035
1232,2018-01-20,451,11220,11671
1232,2018-01-21,92,8555,8647
1232,2018-01-22,758,14635,15393
1232,2018-01-23,781,15165,15946
1232,2018-01-24,774,15543,16317
1232,2018-01-25,730,14670,15400
1232,2018-01-26,820,15777,16597
1232,2018-01-27,364,12824,13188
1232,2018-01-28,90,8754,8844
1232,2018-01-29,788,14759,15547
1232,2018-01-30,865,15324,16189
1232,2018-01-31,799,15236,16035
1232,2018-02-02,867,16194,17061
1232,2018-02-03,389,12575,12964
1232,2018-02-04,114,8456,8570
1232,2018-02-05,892,14968,15860
1232,2018-02-06,923,14956,15879
1232,2018-02-07,905,15602,16507
1232,2018-02-08,944,16069,17013
1232,2018-02-09,863,15758,16621
1232,2018-02-10,343,11063,11406
1232,2018-02-11,103,7084,7187
1232,2018-02-12,520,13493,14013
1232,2018-02-13,711,14974,15685
1232,2018-02-14,788,15462,16250
1232,2018-02-16,805,15588,16393
1232,2018-02-17,354,11193,11547
1232,2018-02-18,98,8851,8949
1232,2018-02-19,807,14810,15617
1232,2018-02-20,875,15644,16519
1232,2018-02-21,978,15498,16476
1232,2018-02-22,969,15872,16841
1232,2018-02-23,1036,16174,17210
1232,2018-02-24,434,13256,13690
1232,2018-02-25,142,9529,9671
1232,2018-02-26,927,14957,15884
1232,2018-02-27,949,15681,16630
1232,2018-02-28,888,15766,16654
1232,2018-03-02,708,14322,15030
1232,2018-03-03,342,11633,11975
1232,2018-03-04,101,8599,8700
1232,2018-03-05,875,15164,16039
1232,2018-03-06,902,15519,16421
1232,2018-03-07,872,15518,16390
1232,2018-03-08,1020,15768,16788
1232,2018-03-09,890,15986,16876
1232,2018-03-10,401,12734,13135
1232,2018-03-11,144,9572,9716
1232,2018-03-12,953,14707,15660
1232,2018-03-13,911,15389,16300
1232,2018-03-14,989,15417,16406
1232,2018-03-16,946,16193,17139
1232,2018-03-17,387,12183,12570
1232,2018-03-18,112,8244,8356
1232,2018-03-19,905,14911,15816
1232,2018-03-20,1058,15475,16533
1232,2018-03-21,1120,15368,16488
1232,2018-03-22,1004,15120,16124
1232,2018-03-23,1089,16428,17517
1232,2018-03-24,496,13533,14029
1232,2018-03-26,960,14914,15874
1232,2018-03-27,949,15727,16676
1232,2018-03-28,960,15439,16399
1232,2018-03-30,745,16305,17050
1232,2018-03-31,333,12411,12744
1232,2018-04-01,124,7594,7718
1232,2018-04-02,150,8368,8518
1232,2018-04-03,947,14786,15733
1232,2018-04-04,943,14497,15440
1232,2018-04-05,913,15098,16011
1232,2018-04-07,444,12027,12471
1232,2018-04-08,135,10194,10329
1232,2018-04-09,1037,14531,15568
1232,2018-04-10,1072,15095,16167
1232,2018-04-11,1048,15353,16401
1232,2018-04-12,933,14971,15904
1232,2018-04-14,465,12098,12563
1232,2018-04-15,133,9445,9578
1232,2018-04-16,972,14686,15658
1232,2018-04-17,1113,15587,16700
1232,2018-04-18,1111,15502,16613
1232,2018-04-19,1020,15622,16642
1232,2018-04-20,977,16164,17141
1232,2018-04-21,476,13210,13686
1232,2018-04-22,133,10177,10310
1232,2018-04-23,936,14976,15912
1232,2018-04-24,991,15772,16763
1232,2018-04-25,1062,15674,16736
1232,2018-04-26,1079,15946,17025
1232,2018-04-27,1064,16087,17151
1232,2018-04-28,499,12530,13029
1232,2018-04-29,328,9016,9344
1232,2018-04-30,664,13998,14662
1232,2018-05-01,145,7183,7328
1232,2018-05-02,949,15724,16673
1232,2018-05-03,1037,16107,17144
1232,2018-05-05,483,12533,13016
1232,2018-05-06,172,10202,10374
1232,2018-05-07,959,15303,16262
1232,2018-05-08,1011,16002,17013
1232,2018-05-09,1090,16946,18036
1232,2018-05-10,161,8206,8367
1232,2018-05-11,700,15836,16536
1232,2018-05-12,420,12448,12868
1232,2018-05-13,193,8756,8949
1232,2018-05-14,776,14654,15430
1232,2018-05-15,915,16105,17020
1232,2018-05-16,1037,15415,16452
1232,2018-05-17,1018,16265,17283
1232,2018-05-19,495,12140,12635
1232,2018-05-20,86,8968,9054
1232,2018-05-21,120,8718,8838
1232,2018-05-22,816,14836,15652
1232,2018-05-23,1008,14812,15820
1232,2018-05-24,987,14586,15573
1232,2018-05-25,917,15178,16095
1232,2018-05-26,447,12139,12586
1232,2018-05-27,139,8972,9111
1232,2018-05-28,942,15040,15982
1232,2018-05-29,1024,15807,16831
1232,2018-05-30,989,16106,17095
1232,2018-05-31,766,17162,17928
1232,2018-06-02,424,12476,12900
1232,2018-06-03,182,10151,10333
1232,2018-06-04,846,15302,16148
1232,2018-06-05,966,15265,16231
1232,2018-06-06,978,15456,16434
1232,2018-06-07,960,15658,16618
1232,2018-06-08,798,16204,17002
1232,2018-06-09,370,12744,13114
1232,2018-06-10,161,9304,9465
1232,2018-06-11,760,14600,15360
1232,2018-06-12,784,15260,16044
1232,2018-06-13,889,15782,16671
1232,2018-06-14,1005,15640,16645
1232,2018-06-16,383,12711,13094
1232,2018-06-17,156,10167,10323
1232,2018-06-18,984,15002,15986
1232,2018-06-19,1060,15677,16737
1232,2018-06-20,932,15940,16872
1232,2018-06-21,1011,16019,17030
1232,2018-06-22,1039,16367,17406
1232,2018-06-23,207,10704,10911
1232,2018-06-24,174,10031,10205
1232,2018-06-25,907,14843,15750
1232,2018-06-26,964,15717,16681
1232,2018-06-27,962,15731,16693
1232,2018-06-28,980,16101,17081
1232,2018-07-14,485,12727,13212
1232,2018-07-15,194,9604,9798
1232,2018-07-16,1022,14602,15624
1232,2018-07-17,1039,15172,16211
1232,2018-07-18,1073,15554,16627
1232,2018-07-19,1104,15531,16635
1232,2018-07-20,1049,15709,16758
1232,2018-07-21,421,11860,12281
1232,2018-07-22,181,9513,9694
1232,2018-07-23,1023,14587,15610
1232,2018-07-24,902,14912,15814
1232,2018-07-25,943,14977,15920
1232,2018-07-26,785,15343,16128
1232,2018-07-28,407,11281,11688
1232,2018-07-29,134,9739,9873
1232,2018-07-30,558,14946,15504
1232,2018-07-31,598,15090,15688
1232,2018-08-01,772,14910,15682
1232,2018-08-02,634,14961,15595
1232,2018-08-03,732,15119,15851
1232,2018-08-04,342,10944,11286
1232,2018-08-05,115,9161,9276
1232,2018-08-06,653,14663,15316
1232,2018-08-07,691,14825,15516
1232,2018-08-08,640,15300,15940
1232,2018-08-09,739,14860,15599
1232,2018-08-11,384,10923,11307
1232,2018-08-12,144,8860,9004
1232,2018-08-13,556,14620,15176
1232,2018-08-14,794,14798,15592
1232,2018-08-15,189,8966,9155
1232,2018-08-16,704,14897,15601
1232,2018-08-17,678,14854,15532
1232,2018-08-18,464,10535,10999
1232,2018-08-19,121,9664,9785
1232,2018-08-20,887,15212,16099
1232,2018-08-21,889,15462,16351
1232,2018-08-22,933,15716,16649
1232,2018-08-23,878,15570,16448
1232,2018-08-24,884,16116,17000
1232,2018-08-25,435,11850,12285
1232,2018-08-26,177,9980,10157
1232,2018-08-27,875,15276,16151
1232,2018-08-28,964,15417,16381
1232,2018-08-29,802,15566,16368
1232,2018-08-30,891,15536,16427
1232,2018-08-31,1052,16422,17474
1232,2018-09-01,415,11980,12395
1232,2018-09-02,150,10312,10462
1232,2018-09-03,892,14942,15834
1232,2018-09-04,866,15660,16526
1232,2018-09-05,895,15563,16458
1232,2018-09-06,932,16038,16970
1232,2018-09-08,497,13801,14298
1232,2018-09-09,341,12408,12749
1232,2018-09-10,1018,15365,16383
1232,2018-09-11,968,15731,16699
1232,2018-09-12,936,15990,16926
1232,2018-09-13,990,15928,16918
1232,2018-09-14,991,16541,17532
1232,2018-09-15,444,12751,13195
1232,2018-09-16,152,10839,10991
1232,2018-09-17,1029,15691,16720
1232,2018-09-18,1072,16289,17361
1232,2018-09-19,1046,16077,17123
1232,2018-09-20,963,16503,17466
1232,2018-09-22,599,14474,15073
1232,2018-09-23,366,9346,9712
1232,2018-09-24,912,15655,16567
1232,2018-09-25,1096,16106,17202
1232,2018-09-26,1004,16246,17250
1232,2018-09-27,1020,16652,17672
1232,2018-09-28,1015,17134,18149
1232,2018-09-29,473,13758,14231
1232,2018-09-30,223,11245,11468
1232,2018-10-01,992,15521,16513
1232,2018-10-02,997,16350,17347
1232,2018-10-03,734,16961,17695
1232,2018-10-04,1040,16211,17251
1232,2018-10-06,408,13315,13723
1232,2018-10-07,137,10066,10203
1232,2018-10-08,966,15170,16136
1232,2018-10-09,1009,15746,16755
1232,2018-10-10,953,15859,16812
1232,2018-10-11,965,16103,17068
1232,2018-10-12,892,16432,17324
1232,2018-10-13,459,14098,14557
1232,2018-10-14,140,11508,11648
1232,2018-10-15,1019,15674,16693
1232,2018-10-16,1044,16266,17310
1232,2018-10-17,998,16467,17465
1232,2018-10-18,1005,16328,17333
1232,2018-10-20,414,13372,13786
1232,2018-10-21,166,11171,11337
1232,2018-10-22,836,15858,16694
1232,2018-10-23,1026,16554,17580
1232,2018-10-24,963,16480,17443
1232,2018-10-25,942,16695,17637
1232,2018-10-26,1031,17131,18162
1232,2018-10-27,444,13250,13694
1232,2018-10-28,140,9722,9862
1232,2018-10-29,812,15938,16750
1232,2018-10-30,864,16504,17368
1232,2018-10-31,1091,17063,18154
1232,2018-11-01,165,8107,8272
1232,2018-11-03,369,12540,12909
1232,2018-11-04,141,9887,10028
1232,2018-11-05,780,15916,16696
1232,2018-11-06,1252,16952,18204
1232,2018-11-07,956,16199,17155
1232,2018-11-08,1041,16558,17599
1232,2018-11-09,945,16952,17897
1232,2018-11-10,485,11847,12332
1232,2018-11-11,129,10156,10285
1232,2018-11-13,898,16350,17248
1232,2018-11-14,979,16504,17483
1232,2018-11-15,1009,16724,17733
1232,2018-11-17,400,13385,13785
1232,2018-11-18,143,10308,10451
1232,2018-11-19,973,15680,16653
1232,2018-11-20,1035,16239,17274
1232,2018-11-21,1042,16550,17592
1232,2018-11-22,1043,16897,17940
1232,2018-11-23,1070,17137,18207
1232,2018-11-24,427,13429,13856
1232,2018-11-25,114,9963,10077
1232,2018-11-26,911,15565,16476
1232,2018-11-27,965,16215,17180
1232,2018-11-28,906,16419,17325
1232,2018-11-29,922,16979,17901
1232,2018-11-30,906,17132,18038
1232,2018-12-01,381,13111,13492
1232,2018-12-02,111,9612,9723
1232,2018-12-03,958,14666,15624
1232,2018-12-04,906,16728,17634
1232,2018-12-05,974,16499,17473
1232,2018-12-06,819,16472,17291
1232,2018-12-08,402,13010,13412
1232,2018-12-09,201,9340,9541
1232,2018-12-10,948,15754,16702
1232,2018-12-11,1011,16259,17270
1232,2018-12-12,978,16256,17234
1232,2018-12-13,977,16669,17646
1232,2018-12-14,958,17068,18026
1232,2018-12-15,432,13604,14036
1232,2018-12-16,119,8668,8787
1232,2018-12-17,804,15819,16623
1232,2018-12-18,945,16842,17787
1232,2018-12-19,954,16717,17671
1232,2018-12-20,845,17145,17990
1232,2018-12-21,755,16650,17405
1232,2018-12-22,448,12571,13019
1232,2018-12-23,179,8844,9023
1232,2018-12-24,338,11686,12024
1232,2018-12-25,68,5494,5562
1232,2018-12-26,84,6225,6309
1232,2018-12-27,448,13172,13620
1232,2018-12-28,472,13175,13647
1232,2018-12-29,278,10605,10883
1232,2018-12-30,74,8596,8670
1232,2018-12-31,316,11181,11497
1250,2018-01-01,18,1218,1236
1250,2018-01-02,138,2520,2658
1250,2018-01-05,115,2842,2957
1250,2018-01-06,63,2100,2163
1250,2018-01-07,32,1750,1782
1250,2018-01-08,143,2755,2898
1250,2018-01-09,161,2829,2990
1250,2018-01-10,143,2855,2998
1250,2018-01-11,152,2894,3046
1250,2018-01-12,148,2965,3113
1250,2018-01-13,84,2271,2355
1250,2018-01-14,34,2047,2081
1250,2018-01-15,118,2666,2784
1250,2018-01-16,164,2732,2896
1250,2018-01-17,209,2834,3043
1250,2018-01-19,154,2996,3150
1250,2018-01-20,71,2240,2311
1250,2018-01-21,30,1796,1826
1250,2018-01-22,152,2784,2936
1250,2018-01-23,158,2874,3032
1250,2018-01-24,124,2813,2937
1250,2018-01-25,116,2670,2786
1250,2018-01-26,123,3145,3268
1250,2018-01-27,56,1574,1630
1250,2018-01-28,22,1244,1266
1250,2018-01-29,80,1934,2014
1250,2018-01-30,110,2138,2248
1250,2018-01-31,69,2057,2126
1250,2018-02-02,95,2276,2371
1250,2018-02-03,50,1707,1757
1250,2018-02-04,27,1391,1418
1250,2018-02-05,83,2165,2248
1250,2018-02-06,79,2215,2294
1250,2018-02-07,82,2187,2269
1250,2018-02-08,86,2277,2363
1250,2018-02-09,99,2275,2374
1250,2018-02-10,59,1716,1775
1250,2018-02-11,24,1166,1190
1250,2018-02-12,69,1937,2006
1250,2018-02-13,72,2143,2215
1250,2018-02-14,93,2265,2358
1250,2018-02-16,80,2333,2413
1250,2018-02-17,50,1877,1927
1250,2018-02-18,25,1723,1748
1250,2018-02-19,97,2291,2388
1250,2018-02-20,115,2405,2520
1250,2018-02-21,105,2299,2404
1250,2018-02-22,99,2391,2490
1250,2018-02-23,105,2627,2732
1250,2018-02-24,60,2007,2067
1250,2018-02-25,28,1574,1602
1250,2018-02-26,127,2250,2377
1250,2018-02-27,121,2354,2475
1250,2018-02-28,82,2256,2338
1250,2018-03-02,85,2354,2439
1250,2018-03-03,56,1668,1724
1250,2018-03-04,23,1568,1591
1250,2018-03-05,97,2307,2404
1250,2018-03-06,90,2331,2421
1250,2018-03-07,101,2335,2436
1250,2018-03-08,128,2244,2372
1250,2018-03-09,93,2602,2695
1250,2018-03-10,75,2601,2676
1250,2018-03-11,36,2149,2185
1250,2018-03-12,153,2634,2787
1250,2018-03-13,156,2631,2787
1250,2018-03-14,150,2796,2946
1250,2018-03-16,143,2971,3114
1250,2018-03-17,66,2348,2414
1250,2018-03-18,33,1610,1643
1250,2018-03-19,140,2698,2838
1250,2018-03-20,160,2696,2856
1250,2018-03-21,160,2799,2959
1250,2018-03-22,164,2843,3007
1250,2018-03-23,175,2930,3105
1250,2018-03-24,71,2621,2692
1250,2018-03-26,162,2524,2686
1250,2018-03-27,152,2505,2657
1250,2018-03-28,168,2806,2974
1250,2018-03-31,91,2600,2691
1250,2018-04-01,56,1870,1926
1250,2018-04-02,37,2337,2374
1250,2018-04-03,157,2701,2858
1250,2018-04-04,186,2518,2704
1250,2018-04-06,167,2932,3099
1250,2018-04-07,83,2794,2877
1250,2018-04-08,33,2898,2931
1250,2018-04-09,144,2678,2822
1250,2018-04-10,212,2596,2808
1250,2018-04-11,150,2763,2913
1250,2018-04-12,165,2721,2886
1250,2018-04-13,160,2876,3036
1250,2018-04-14,87,2735,2822
1250,2018-04-15,44,2680,2724
1250,2018-04-16,179,2717,2896
1250,2018-04-17,175,3014,3189
1250,2018-04-18,174,3030,3204
1250,2018-04-20,179,3054,3233
1250,2018-04-21,103,3163,3266
1250,2018-04-22,37,2866,2903
1250,2018-04-23,192,2790,2982
1250,2018-04-24,171,2975,3146
1250,2018-04-25,190,2995,3185
1250,2018-04-26,204,2978,3182
1250,2018-04-27,211,3252,3463
1250,2018-04-28,66,2812,2878
1250,2018-04-30,188,2752,2940
1250,2018-05-01,40,2137,2177
1250,2018-05-02,168,2956,3124
1250,2018-05-04,189,3344,3533
1250,2018-05-05,96,2877,2973
1250,2018-05-06,48,3194,3242
1250,2018-05-07,180,2992,3172
1250,2018-05-08,182,3119,3301
1250,2018-05-09,180,3096,3276
1250,2018-05-10,51,2103,2154
1250,2018-05-11,156,3145,3301
1250,2018-05-12,88,3060,3148
1250,2018-05-13,50,1962,2012
1250,2018-05-14,212,2568,2780
1250,2018-05-15,164,2912,3076
1250,2018-05-16,222,2652,2874
1250,2018-05-18,185,3004,3189
1250,2018-05-19,116,3094,3210
1250,2018-05-20,68,2664,2732
1250,2018-05-21,62,2944,3006
1250,2018-05-22,198,2784,2982
1250,2018-05-23,182,2732,2914
1250,2018-05-24,179,2772,2951
1250,2018-05-25,159,2950,3109
1250,2018-05-26,87,2877,2964
1250,2018-05-27,38,2406,2444
1250,2018-05-28,206,2708,2914
1250,2018-05-29,190,2692,2882
1250,2018-05-30,239,2989,3228
1250,2018-06-01,80,852,932
1250,2018-06-02,NA,732,NA
1250,2018-06-03,4,668,672
1250,2018-06-04,11,821,832
1250,2018-06-05,16,941,957
1250,2018-06-06,18,1002,1020
1250,2018-06-07,10,912,922
1250,2018-06-08,15,1040,1055
1250,2018-06-09,12,1012,1024
1250,2018-06-10,2,746,748
1250,2018-06-11,12,938,950
1250,2018-06-12,17,1030,1047
1250,2018-06-13,10,924,934
1250,2018-06-15,26,1276,1302
1250,2018-06-16,72,2219,2291
1250,2018-06-17,50,1920,1970
1250,2018-06-18,161,2209,2370
1250,2018-06-19,176,2447,2623
1250,2018-06-20,160,2448,2608
1250,2018-06-21,168,2611,2779
1250,2018-06-22,183,2641,2824
1250,2018-06-23,70,2482,2552
1250,2018-06-24,57,2494,2551
1250,2018-06-25,196,2402,2598
1250,2018-06-26,184,2496,2680
1250,2018-06-27,176,2415,2591
1250,2018-06-29,166,2793,2959
1250,2018-06-30,88,2748,2836
1250,2018-07-01,55,3003,3058
1250,2018-07-02,203,2522,2725
1250,2018-07-03,211,2672,2883
1250,2018-07-04,208,2442,2650
1250,2018-07-05,182,2601,2783
1250,2018-07-06,179,2816,2995
1250,2018-07-07,79,2791,2870
1250,2018-07-08,51,2799,2850
1250,2018-07-09,170,2546,2716
1250,2018-07-10,183,2687,2870
1250,2018-07-11,183,2828,3011
1250,2018-07-13,159,3090,3249
1250,2018-07-14,88,2808,2896
1250,2018-07-15,90,2558,2648
1250,2018-07-16,194,2780,2974
1250,2018-07-17,178,2856,3034
1250,2018-07-18,176,2913,3089
1250,2018-07-19,177,2831,3008
1250,2018-07-20,158,3068,3226
1250,2018-07-21,105,2687,2792
1250,2018-07-22,47,2004,2051
1250,2018-07-23,181,2955,3136
1250,2018-07-24,191,2934,3125
1250,2018-07-25,155,2983,3138
1250,2018-07-27,148,3006,3154
1250,2018-07-28,73,2517,2590
1250,2018-07-29,53,2717,2770
1250,2018-07-30,142,2720,2862
1250,2018-07-31,136,2873,3009
1250,2018-08-01,142,2714,2856
1250,2018-08-02,137,2824,2961
1250,2018-08-03,134,2811,2945
1250,2018-08-04,71,2626,2697
1250,2018-08-05,54,2687,2741
1250,2018-08-06,121,2565,2686
1250,2018-08-08,140,2640,2780
1250,2018-08-10,129,2833,2962
1250,2018-08-11,82,2619,2701
1250,2018-08-12,53,2813,2866
1250,2018-08-13,138,2586,2724
1250,2018-08-14,131,2702,2833
1250,2018-08-15,53,2668,2721
1250,2018-08-16,119,2853,2972
1250,2018-08-17,132,2840,2972
1250,2018-08-18,74,2575,2649
1250,2018-08-19,45,2997,3042
1250,2018-08-20,135,2601,2736
1250,2018-08-21,134,2622,2756
1250,2018-08-22,149,2784,2933
1250,2018-08-23,145,2786,2931
1250,2018-08-24,154,2678,2832
1250,2018-08-25,68,2223,2291
1250,2018-08-26,52,2216,2268
1250,2018-08-27,139,2486,2625
1250,2018-08-28,155,2693,2848
1250,2018-08-30,154,2601,2755
1250,2018-08-31,146,2723,2869
1250,2018-09-01,69,2509,2578
1250,2018-09-02,47,2280,2327
1250,2018-09-03,150,2511,2661
1250,2018-09-04,173,2573,2746
1250,2018-09-05,151,2638,2789
1250,2018-09-07,156,2705,2861
1250,2018-09-08,89,2460,2549
1250,2018-09-09,52,2490,2542
1250,2018-09-10,120,2705,2825
1250,2018-09-11,148,2747,2895
1250,2018-09-12,131,2970,3101
1250,2018-09-13,150,2752,2902
1250,2018-09-14,181,2882,3063
1250,2018-09-15,81,2537,2618
1250,2018-09-16,45,2608,2653
1250,2018-09-17,177,2757,2934
1250,2018-09-18,182,2941,3123
1250,2018-09-19,186,2893,3079
1250,2018-09-21,230,2924,3154
1250,2018-09-22,87,2498,2585
1250,2018-09-23,68,1770,1838
1250,2018-09-24,189,2599,2788
1250,2018-09-25,171,2623,2794
1250,2018-09-26,186,2830,3016
1250,2018-09-27,174,2874,3048
1250,2018-09-28,195,3018,3213
1250,2018-09-29,74,2813,2887
1250,2018-09-30,60,2577,2637
1250,2018-10-01,232,2620,2852
1250,2018-10-02,151,2676,2827
1250,2018-10-03,160,2936,3096
1250,2018-10-05,200,2965,3165
1250,2018-10-06,74,2827,2901
1250,2018-10-07,49,2191,2240
1250,2018-10-08,172,2789,2961
1250,2018-10-09,181,2751,2932
1250,2018-10-10,177,2841,3018
1250,2018-10-11,201,2955,3156
1250,2018-10-12,226,3038,3264
1250,2018-10-13,84,2782,2866
1250,2018-10-14,47,2536,2583
1250,2018-10-15,118,1711,1829
1250,2018-10-16,107,1222,1329
1250,2018-10-17,118,1320,1438
1250,2018-10-19,94,1343,1437
1250,2018-10-20,53,1273,1326
1250,2018-10-21,37,1228,1265
1250,2018-10-22,102,1187,1289
1250,2018-10-23,137,1221,1358
1250,2018-10-24,100,1203,1303
1250,2018-10-25,126,1254,1380
1250,2018-10-26,154,1850,2004
1250,2018-10-27,66,2143,2209
1250,2018-10-28,42,1757,1799
1250,2018-10-29,190,2280,2470
1250,2018-10-31,189,2635,2824
1250,2018-11-02,123,2351,2474
1250,2018-11-03,61,2129,2190
1250,2018-11-04,48,2066,2114
1250,2018-11-05,178,2486,2664
1250,2018-11-06,207,2538,2745
1250,2018-11-07,204,2654,2858
1250,2018-11-08,171,2644,2815
1250,2018-11-09,181,2734,2915
1250,2018-11-10,57,2213,2270
1250,2018-11-11,44,1734,1778
1250,2018-11-12,207,2631,2838
1250,2018-11-13,167,2542,2709
1250,2018-11-14,170,2583,2753
1250,2018-11-16,165,2773,2938
1250,2018-11-17,66,2166,2232
1250,2018-11-18,45,1943,1988
1250,2018-11-19,210,2532,2742
1250,2018-11-20,198,2877,3075
1250,2018-11-21,248,2914,3162
1250,2018-11-22,212,2881,3093
1250,2018-11-23,204,3145,3349
1250,2018-11-24,69,2247,2316
1250,2018-11-25,53,1963,2016
1250,2018-11-26,235,2861,3096
1250,2018-11-27,161,2872,3033
1250,2018-11-28,170,2820,2990
1250,2018-11-29,194,2967,3161
1250,2018-11-30,175,3057,3232
1250,2018-12-01,66,2334,2400
1250,2018-12-02,66,1778,1844
1250,2018-12-03,210,2792,3002
1250,2018-12-04,173,2883,3056
1250,2018-12-05,187,2994,3181
1250,2018-12-08,106,2396,2502
1250,2018-12-09,54,1848,1902
1250,2018-12-10,189,2783,2972
1250,2018-12-11,170,2835,3005
1250,2018-12-12,185,2840,3025
1250,2018-12-13,192,2839,3031
1250,2018-12-14,177,2894,3071
1250,2018-12-15,61,2220,2281
1250,2018-12-16,51,1686,1737
1250,2018-12-17,166,2594,2760
1250,2018-12-18,172,2657,2829
1250,2018-12-19,173,2645,2818
1250,2018-12-20,160,2555,2715
1250,2018-12-21,166,2499,2665
1250,2018-12-22,60,2044,2104
1250,2018-12-23,39,1460,1499
1250,2018-12-24,94,1772,1866
1250,2018-12-25,34,1302,1336
1250,2018-12-26,42,1396,1438
1250,2018-12-27,109,2123,2232
1250,2018-12-28,100,2120,2220
1250,2018-12-29,53,1689,1742
1250,2018-12-30,40,1500,1540
1250,2018-12-31,89,1828,1917
1314,2018-01-02,130,3418,3548
1314,2018-01-05,145,4040,4185
1314,2018-01-06,85,2964,3049
1314,2018-01-07,22,2166,2188
1314,2018-01-08,173,4640,4813
1314,2018-01-09,195,5285,5480
1314,2018-01-10,156,4572,4728
1314,2018-01-11,195,5133,5328
1314,2018-01-12,198,4976,5174
1314,2018-01-13,107,3260,3367
1314,2018-01-14,26,2654,2680
1314,2018-01-15,182,4284,4466
1314,2018-01-16,186,5240,5426
1314,2018-01-17,228,5336,5564
1314,2018-01-19,197,5181,5378
1314,2018-01-20,80,3400,3480
1314,2018-01-21,28,2444,2472
1314,2018-01-22,176,4342,4518
1314,2018-01-23,199,5164,5363
1314,2018-01-24,194,5073,5267
1314,2018-01-25,184,4590,4774
1314,2018-01-26,242,5308,5550
1314,2018-01-27,86,3300,3386
1314,2018-01-28,28,2433,2461
1314,2018-01-29,241,4845,5086
1314,2018-01-30,218,5192,5410
1314,2018-01-31,246,4612,4858
1314,2018-02-02,223,5025,5248
1314,2018-02-03,98,3368,3466
1314,2018-02-04,34,2262,2296
1314,2018-02-05,230,4781,5011
1314,2018-02-06,180,4563,4743
1314,2018-02-07,211,4881,5092
1314,2018-02-08,218,5019,5237
1314,2018-02-09,171,4985,5156
1314,2018-02-10,97,2741,2838
1314,2018-02-11,20,2058,2078
1314,2018-02-12,204,3832,4036
1314,2018-02-13,237,4257,4494
1314,2018-02-14,244,4553,4797
1314,2018-02-16,196,4599,4795
1314,2018-02-17,128,2856,2984
1314,2018-02-18,28,2712,2740
1314,2018-02-19,211,4563,4774
1314,2018-02-20,215,5005,5220
1314,2018-02-21,216,5138,5354
1314,2018-02-22,188,5323,5511
1314,2018-02-23,262,5220,5482
1314,2018-02-24,123,3378,3501
1314,2018-02-25,29,2714,2743
1314,2018-02-26,177,4510,4687
1314,2018-02-27,193,4572,4765
1314,2018-02-28,233,4692,4925
1314,2018-03-02,184,4268,4452
1314,2018-03-03,88,3098,3186
1314,2018-03-04,22,2462,2484
1314,2018-03-05,225,4771,4996
1314,2018-03-06,260,4995,5255
1314,2018-03-07,206,4638,4844
1314,2018-03-09,224,4812,5036
1314,2018-03-10,96,3498,3594
1314,2018-03-11,16,2898,2914
1314,2018-03-12,222,4534,4756
1314,2018-03-13,224,4550,4774
1314,2018-03-14,231,5200,5431
1314,2018-03-16,190,4836,5026
1314,2018-03-17,99,3109,3208
1314,2018-03-18,28,2054,2082
1314,2018-03-19,218,4415,4633
1314,2018-03-20,224,4851,5075
1314,2018-03-21,228,4819,5047
1314,2018-03-22,194,4572,4766
1314,2018-03-23,219,4856,5075
1314,2018-03-24,100,3480,3580
1314,2018-03-26,207,4587,4794
1314,2018-03-27,210,4276,4486
1314,2018-03-28,172,4404,4576
1314,2018-03-31,97,3127,3224
1314,2018-04-01,24,2377,2401
1314,2018-04-02,29,2260,2289
1314,2018-04-03,160,3944,4104
1314,2018-04-04,166,3906,4072
1314,2018-04-06,192,4747,4939
1314,2018-04-07,105,3543,3648
1314,2018-04-08,34,3378,3412
1314,2018-04-09,173,4452,4625
1314,2018-04-10,196,5982,6178
1314,2018-04-11,223,4904,5127
1314,2018-04-12,237,4773,5010
1314,2018-04-13,209,4914,5123
1314,2018-04-14,136,3331,3467
1314,2018-04-15,34,3130,3164
1314,2018-04-16,287,4911,5198
1314,2018-04-17,287,5479,5766
1314,2018-04-18,249,5351,5600
1314,2018-04-20,257,5736,5993
1314,2018-04-21,126,3938,4064
1314,2018-04-22,28,3329,3357
1314,2018-04-23,270,4856,5126
1314,2018-04-24,317,5386,5703
1314,2018-04-25,310,5290,5600
1314,2018-04-26,288,5578,5866
1314,2018-04-27,287,5718,6005
1314,2018-04-28,162,4428,4590
1314,2018-04-30,172,3780,3952
1314,2018-05-01,29,2492,2521
1314,2018-05-02,248,5183,5431
1314,2018-05-04,267,5659,5926
1314,2018-05-05,133,3802,3935
1314,2018-05-06,49,3599,3648
1314,2018-05-07,276,5228,5504
1314,2018-05-08,298,5982,6280
1314,2018-05-09,322,5841,6163
1314,2018-05-10,42,2817,2859
1314,2018-05-11,232,4695,4927
1314,2018-05-12,133,3632,3765
1314,2018-05-13,28,2328,2356
1314,2018-05-14,281,5174,5455
1314,2018-05-15,302,5957,6259
1314,2018-05-16,340,5267,5607
1314,2018-05-18,291,5651,5942
1314,2018-05-19,125,3496,3621
1314,2018-05-20,48,2660,2708
1314,2018-05-21,52,2973,3025
1314,2018-05-22,219,4654,4873
1314,2018-05-23,226,4376,4602
1314,2018-05-24,208,4334,4542
1314,2018-05-25,246,5320,5566
1314,2018-05-26,143,3874,4017
1314,2018-05-27,76,2854,2930
1314,2018-05-28,164,4758,4922
1314,2018-05-29,222,5359,5581
1314,2018-05-30,218,5020,5238
1314,2018-06-01,228,5478,5706
1314,2018-06-02,113,3720,3833
1314,2018-06-03,44,3442,3486
1314,2018-06-04,266,4740,5006
1314,2018-06-05,266,5719,5985
1314,2018-06-06,268,5458,5726
1314,2018-06-07,226,5032,5258
1314,2018-06-08,218,5328,5546
1314,2018-06-09,110,4042,4152
1314,2018-06-10,47,3431,3478
1314,2018-06-11,228,6224,6452
1314,2018-06-12,187,5599,5786
1314,2018-06-13,206,5519,5725
1314,2018-06-15,233,5179,5412
1314,2018-06-16,117,3877,3994
1314,2018-06-17,38,3269,3307
1314,2018-06-18,259,4929,5188
1314,2018-06-19,283,5163,5446
1314,2018-06-20,290,5342,5632
1314,2018-06-21,247,5450,5697
1314,2018-06-22,260,5318,5578
1314,2018-06-23,65,2553,2618
1314,2018-06-24,36,2853,2889
1314,2018-06-25,279,4869,5148
1314,2018-06-26,270,5387,5657
1314,2018-06-27,297,5367,5664
1314,2018-06-29,284,5958,6242
1314,2018-06-30,118,4001,4119
1314,2018-07-01,62,3667,3729
1314,2018-07-02,287,5145,5432
1314,2018-07-03,278,5376,5654
1314,2018-07-04,258,4702,4960
1314,2018-07-05,204,4862,5066
1314,2018-07-06,258,5503,5761
1314,2018-07-07,144,3843,3987
1314,2018-07-08,39,3487,3526
1314,2018-07-09,241,5200,5441
1314,2018-07-10,244,5327,5571
1314,2018-07-11,245,5296,5541
1314,2018-07-13,215,5709,5924
1314,2018-07-14,138,3715,3853
1314,2018-07-15,76,3006,3082
1314,2018-07-16,284,5352,5636
1314,2018-07-17,321,5348,5669
1314,2018-07-18,294,5636,5930
1314,2018-07-19,286,5407,5693
1314,2018-07-20,280,5614,5894
1314,2018-07-21,146,3620,3766
1314,2018-07-22,41,3450,3491
1314,2018-07-23,249,4645,4894
1314,2018-07-24,241,4834,5075
1314,2018-07-25,209,4786,4995
1314,2018-07-27,188,4620,4808
1314,2018-07-28,108,2983,3091
1314,2018-07-29,56,2822,2878
1314,2018-07-30,154,3935,4089
1314,2018-07-31,141,4100,4241
1314,2018-08-01,122,3784,3906
1314,2018-08-02,153,4015,4168
1314,2018-08-03,155,4114,4269
1314,2018-08-04,109,2958,3067
1314,2018-08-05,23,2614,2637
1314,2018-08-06,134,3494,3628
1314,2018-08-07,124,3444,3568
1314,2018-08-10,123,3960,4083
1314,2018-08-11,125,3048,3173
1314,2018-08-12,43,2965,3008
1314,2018-08-13,122,3062,3184
1314,2018-08-14,150,3505,3655
1314,2018-08-15,44,2982,3026
1314,2018-08-16,138,3704,3842
1314,2018-08-17,150,3529,3679
1314,2018-08-18,105,2644,2749
1314,2018-08-19,34,2838,2872
1314,2018-08-20,153,3537,3690
1314,2018-08-21,166,3862,4028
1314,2018-08-22,215,4029,4244
1314,2018-08-23,130,4128,4258
1314,2018-08-24,158,3951,4109
1314,2018-08-25,106,2722,2828
1314,2018-08-26,39,2749,2788
1314,2018-08-27,182,3650,3832
1314,2018-08-28,198,4584,4782
1314,2018-08-29,202,3830,4032
1314,2018-08-30,186,4305,4491
1314,2018-08-31,192,4559,4751
1314,2018-09-01,134,3186,3320
1314,2018-09-02,32,2689,2721
1314,2018-09-03,218,4221,4439
1314,2018-09-04,217,4205,4422
1314,2018-09-05,213,4467,4680
1314,2018-09-07,237,4472,4709
1314,2018-09-08,132,3313,3445
1314,2018-09-09,32,3048,3080
1314,2018-09-10,207,4419,4626
1314,2018-09-11,235,4761,4996
1314,2018-09-12,231,5040,5271
1314,2018-09-13,259,4904,5163
1314,2018-09-14,251,5206,5457
1314,2018-09-15,124,3746,3870
1314,2018-09-16,41,3557,3598
1314,2018-09-17,233,4984,5217
1314,2018-09-18,245,5219,5464
1314,2018-09-19,253,5092,5345
1314,2018-09-21,264,5077,5341
1314,2018-09-22,126,3535,3661
1314,2018-09-23,62,2228,2290
1314,2018-09-24,230,4817,5047
1314,2018-09-25,249,5303,5552
1314,2018-09-26,277,5261,5538
1314,2018-09-27,276,5412,5688
1314,2018-09-28,259,5340,5599
1314,2018-09-29,122,3773,3895
1314,2018-09-30,52,3697,3749
1314,2018-10-01,272,5402,5674
1314,2018-10-02,258,5071,5329
1314,2018-10-03,247,5333,5580
1314,2018-10-05,249,5606,5855
1314,2018-10-06,131,4107,4238
1314,2018-10-07,36,2743,2779
1314,2018-10-08,238,4880,5118
1314,2018-10-09,264,5235,5499
1314,2018-10-10,292,5443,5735
1314,2018-10-11,236,5491,5727
1314,2018-10-12,278,5418,5696
1314,2018-10-13,116,3845,3961
1314,2018-10-14,41,3461,3502
1314,2018-10-15,263,5003,5266
1314,2018-10-16,273,5514,5787
1314,2018-10-17,251,5242,5493
1314,2018-10-19,319,6145,6464
1314,2018-10-20,135,3860,3995
1314,2018-10-21,45,3244,3289
1314,2018-10-22,317,5574,5891
1314,2018-10-23,308,5726,6034
1314,2018-10-24,334,5646,5980
1314,2018-10-25,294,5925,6219
1314,2018-10-26,360,5855,6215
1314,2018-10-27,152,3550,3702
1314,2018-10-28,31,2581,2612
1314,2018-10-29,260,5170,5430
1314,2018-10-30,222,4512,4734
1314,2018-10-31,266,5188,5454
1314,2018-11-02,147,3796,3943
1314,2018-11-03,97,3023,3120
1314,2018-11-04,28,2647,2675
1314,2018-11-05,250,5166,5416
1314,2018-11-06,218,5662,5880
1314,2018-11-07,265,5590,5855
1314,2018-11-08,230,5642,5872
1314,2018-11-09,254,5817,6071
1314,2018-11-10,110,3662,3772
1314,2018-11-11,24,2686,2710
1314,2018-11-12,246,5764,6010
1314,2018-11-13,238,6446,6684
1314,2018-11-14,242,6970,7212
1314,2018-11-16,262,7078,7340
1314,2018-11-17,150,3993,4143
1314,2018-11-18,25,2974,2999
1314,2018-11-19,234,5826,6060
1314,2018-11-20,305,6730,7035
1314,2018-11-21,291,6546,6837
1314,2018-11-22,268,6568,6836
1314,2018-11-23,273,6713,6986
1314,2018-11-24,150,3564,3714
1314,2018-11-25,30,2716,2746
1314,2018-11-26,212,6067,6279
1314,2018-11-27,258,5590,5848
1314,2018-11-28,218,4672,4890
1314,2018-11-29,252,6111,6363
1314,2018-11-30,290,5706,5996
1314,2018-12-01,108,3342,3450
1314,2018-12-02,22,2384,2406
1314,2018-12-04,253,5678,5931
1314,2018-12-05,224,4862,5086
1314,2018-12-07,218,5020,5238
1314,2018-12-08,98,2940,3038
1314,2018-12-09,26,1986,2012
1314,2018-12-10,204,5195,5399
1314,2018-12-11,254,5527,5781
1314,2018-12-12,215,5225,5440
1314,2018-12-13,251,5459,5710
1314,2018-12-14,239,5135,5374
1314,2018-12-15,101,3264,3365
1314,2018-12-16,46,1932,1978
1314,2018-12-17,208,4384,4592
1314,2018-12-18,229,5494,5723
1314,2018-12-19,262,4456,4718
1314,2018-12-20,194,4862,5056
1314,2018-12-21,170,4680,4850
1314,2018-12-22,123,2810,2933
1314,2018-12-23,22,2014,2036
1314,2018-12-24,58,2922,2980
1314,2018-12-25,17,2124,2141
1314,2018-12-26,21,1716,1737
1314,2018-12-27,89,2877,2966
1314,2018-12-28,104,2922,3026
1314,2018-12-29,73,2437,2510
1314,2018-12-30,23,1784,1807
1314,2018-12-31,79,2499,2578
1407,2018-03-22,5463,64566,70029
1407,2018-03-23,8714,66792,75506
1407,2018-03-24,8065,51670,59735
1407,2018-03-26,9643,59813,69456
1407,2018-03-27,10089,61698,71787
1407,2018-03-28,11129,62473,73602
1407,2018-03-29,10240,61690,71930
1407,2018-03-30,8575,68178,76753
1407,2018-03-31,5673,52140,57813
1407,2018-04-01,3989,31801,35790
1407,2018-04-02,2955,30522,33477
1407,2018-04-03,9579,59633,69212
1407,2018-04-04,10626,55011,65637
1407,2018-04-05,10565,61388,71953
1407,2018-04-06,11536,61909,73445
1407,2018-04-07,6716,47889,54605
1407,2018-04-08,3939,35891,39830
1407,2018-04-10,9902,62987,72889
1407,2018-04-11,9968,63570,73538
1407,2018-04-12,10370,63480,73850
1407,2018-04-13,10610,65039,75649
1407,2018-05-03,9229,66986,76215
1407,2018-05-04,9840,68187,78027
1407,2018-05-05,4883,60574,65457
1407,2018-05-06,2291,41215,43506
1407,2018-05-07,8192,65012,73204
1407,2018-05-08,6323,69657,75980
1407,2018-05-09,5893,71179,77072
1407,2018-05-10,1767,36273,38040
1407,2018-05-11,8015,64954,72969
1407,2018-05-12,4632,54543,59175
1407,2018-05-13,3788,36032,39820
1407,2018-05-14,8373,61652,70025
1407,2018-05-15,9190,64337,73527
1407,2018-05-16,9213,65585,74798
1407,2018-05-17,10073,67025,77098
1407,2018-05-18,10208,68101,78309
1407,2018-05-19,6140,53916,60056
1407,2018-05-20,3075,35438,38513
1407,2018-05-21,2319,32823,35142
1407,2018-05-22,9113,64537,73650
1407,2018-05-23,9765,62601,72366
1407,2018-05-24,9953,64033,73986
1407,2018-05-25,10084,64135,74219
1407,2018-05-26,6130,56987,63117
1407,2018-05-27,2917,40022,42939
1407,2018-05-28,8560,64771,73331
1407,2018-05-29,9479,64065,73544
1407,2018-05-30,9058,63291,72349
1407,2018-05-31,8639,66928,75567
1407,2018-06-01,9283,64178,73461
1407,2018-06-02,5240,56795,62035
1407,2018-06-03,2966,39421,42387
1407,2018-06-04,8584,64981,73565
1407,2018-06-05,8786,64771,73557
1407,2018-06-06,8727,65780,74507
1407,2018-06-07,9356,61363,70719
1407,2018-06-08,9503,65584,75087
1407,2018-06-09,5583,56149,61732
1407,2018-06-10,3874,38544,42418
1407,2018-06-11,9485,59904,69389
1407,2018-06-12,9834,64381,74215
1407,2018-06-13,8432,67799,76231
1407,2018-06-14,9520,67515,77035
1407,2018-06-15,9481,67687,77168
1407,2018-06-16,5073,55282,60355
1407,2018-06-17,2612,39409,42021
1407,2018-06-23,3073,31353,34426
1407,2018-06-24,2103,30197,32300
1407,2018-06-25,5037,61963,67000
1407,2018-06-26,6735,57173,63908
1407,2018-06-27,5754,60641,66395
1407,2018-06-28,6940,60916,67856
1407,2018-06-29,8097,60507,68604
1407,2018-06-30,5362,46146,51508
1407,2018-07-01,5302,31018,36320
1407,2018-07-02,7426,57048,64474
1407,2018-07-03,5641,58970,64611
1407,2018-07-04,5367,62471,67838
1407,2018-07-05,6147,60224,66371
1407,2018-07-06,6995,59177,66172
1407,2018-07-07,3746,46579,50325
1407,2018-07-08,2284,31935,34219
1407,2018-07-09,6308,58002,64310
1407,2018-07-10,4836,62992,67828
1407,2018-07-11,5370,61681,67051
1407,2018-07-12,5706,64011,69717
1407,2018-07-13,5968,64650,70618
1407,2018-07-14,3121,50282,53403
1407,2018-07-15,5734,26328,32062
1407,2018-07-16,6466,56634,63100
1407,2018-07-17,7417,55708,63125
1407,2018-07-18,6453,57418,63871
1407,2018-07-19,7691,55559,63250
1407,2018-07-20,5426,61649,67075
1407,2018-07-21,3511,42748,46259
1407,2018-07-22,2513,27623,30136
1407,2018-07-23,5955,57075,63030
1407,2018-07-24,6013,57583,63596
1407,2018-07-25,5472,55546,61018
1407,2018-07-26,4878,60178,65056
1407,2018-07-27,4497,58265,62762
1407,2018-07-28,4389,34917,39306
1407,2018-07-29,2730,24926,27656
1407,2018-07-30,4234,52639,56873
1407,2018-07-31,3941,53630,57571
1407,2018-08-01,5578,50611,56189
1407,2018-08-02,6017,50798,56815
1407,2018-08-03,3928,52950,56878
1407,2018-08-04,2937,31760,34697
1407,2018-08-05,1870,22958,24828
1407,2018-08-06,4329,46984,51313
1407,2018-08-07,3507,48653,52160
1407,2018-08-08,4966,49313,54279
1407,2018-08-09,4601,48892,53493
1407,2018-08-10,3584,51023,54607
1407,2018-08-11,2386,31337,33723
1407,2018-08-12,2584,19996,22580
1407,2018-08-13,3624,46748,50372
1407,2018-08-14,5821,45729,51550
1407,2018-08-15,2549,20941,23490
1407,2018-08-16,3708,48134,51842
1407,2018-08-17,4778,46865,51643
1407,2018-08-18,2678,30452,33130
1407,2018-08-19,3278,20578,23856
1407,2018-08-20,6929,47124,54053
1407,2018-08-21,5474,50864,56338
1407,2018-08-22,6356,48431,54787
1407,2018-08-23,6168,54072,60240
1407,2018-08-24,8108,50220,58328
1407,2018-08-25,4562,33062,37624
1407,2018-08-26,2642,25437,28079
1407,2018-08-27,3717,53664,57381
1407,2018-08-28,6702,51518,58220
1407,2018-08-29,8753,51220,59973
1407,2018-08-30,6849,55048,61897
1407,2018-08-31,11360,48352,59712
1407,2018-09-01,2069,44289,46358
1407,2018-09-02,3686,28116,31802
1407,2018-09-03,6056,56700,62756
1407,2018-09-04,7857,55892,63749
1407,2018-09-05,8202,53827,62029
1407,2018-09-06,6261,59220,65481
1407,2018-09-07,8802,58564,67366
1407,2018-09-08,3846,44999,48845
1407,2018-09-09,5864,26906,32770
1407,2018-09-10,6103,59485,65588
1407,2018-09-11,7255,61232,68487
1407,2018-09-12,6946,59673,66619
1407,2018-09-13,6875,57788,64663
1407,2018-09-14,6698,58605,65303
1407,2018-09-15,4103,43731,47834
1407,2018-09-16,3321,27062,30383
1407,2018-09-17,5686,59929,65615
1407,2018-09-18,6109,59915,66024
1407,2018-09-19,6106,59919,66025
1407,2018-09-20,6559,60346,66905
1407,2018-09-21,6844,61785,68629
1407,2018-09-22,6012,42776,48788
1407,2018-09-23,3215,26543,29758
1407,2018-09-24,6908,60285,67193
1407,2018-09-25,7201,60641,67842
1407,2018-09-26,7268,62413,69681
1407,2018-09-27,7239,62409,69648
1407,2018-09-28,6395,65611,72006
1407,2018-09-29,5199,49542,54741
1407,2018-09-30,5436,31973,37409
1407,2018-10-01,6007,59122,65129
1407,2018-10-02,5407,63260,68667
1407,2018-10-03,5332,65476,70808
1407,2018-10-04,6018,63912,69930
1407,2018-10-05,7115,63668,70783
1407,2018-10-06,6761,46233,52994
1407,2018-10-07,4222,29306,33528
1407,2018-10-08,7128,56695,63823
1407,2018-10-09,6459,62474,68933
1407,2018-10-10,7908,60125,68033
1407,2018-10-11,7978,60800,68778
1407,2018-10-12,8904,62078,70982
1407,2018-10-13,7496,44912,52408
1407,2018-10-14,4850,30379,35229
1407,2018-10-15,7936,57936,65872
1407,2018-10-16,4539,63195,67734
1407,2018-10-17,5862,62042,67904
1407,2018-10-18,6292,63955,70247
1407,2018-10-19,6930,64288,71218
1407,2018-10-20,5728,46999,52727
1407,2018-10-21,8532,28276,36808
1407,2018-10-22,7978,56416,64394
1407,2018-10-23,8085,58780,66865
1407,2018-10-24,4794,65000,69794
1407,2018-10-25,9502,60142,69644
1407,2018-10-26,5427,69234,74661
1407,2018-10-27,2414,50838,53252
1407,2018-10-28,1452,30980,32432
1407,2018-10-29,5164,64139,69303
1407,2018-10-30,5592,60079,65671
1407,2018-10-31,7749,63637,71386
1407,2018-11-01,1645,29478,31123
1407,2018-11-02,5901,55010,60911
1407,2018-11-03,5346,41811,47157
1407,2018-11-04,3594,27426,31020
1407,2018-11-05,6887,55548,62435
1407,2018-11-06,6345,57625,63970
1407,2018-11-07,7727,58048,65775
1407,2018-11-08,6526,63413,69939
1407,2018-11-09,10873,58912,69785
1407,2018-11-10,7957,49837,57794
1407,2018-11-11,3672,31945,35617
1407,2018-11-14,8832,57975,66807
1407,2018-11-15,6480,58693,65173
1407,2018-11-16,10425,58090,68515
1407,2018-11-17,9142,42154,51296
1407,2018-11-18,7726,25245,32971
1407,2018-11-19,8850,53757,62607
1407,2018-11-20,7789,60518,68307
1407,2018-11-21,5536,64352,69888
1407,2018-11-22,7131,62885,70016
1407,2018-11-23,7964,65278,73242
1407,2018-11-24,6489,47235,53724
1407,2018-11-25,4834,33844,38678
1407,2018-11-26,5772,63028,68800
1407,2018-11-27,6519,62064,68583
1407,2018-11-29,6223,65329,71552
1407,2018-11-30,11564,57545,69109
1407,2018-12-01,2941,51472,54413
1407,2018-12-02,1647,35025,36672
1407,2018-12-03,5583,61137,66720
1407,2018-12-04,5940,62655,68595
1407,2018-12-05,5682,63122,68804
1407,2018-12-06,6297,62454,68751
1407,2018-12-07,9347,60660,70007
1407,2018-12-08,8378,42900,51278
1407,2018-12-09,1954,33279,35233
1407,2018-12-10,9332,56814,66146
1407,2018-12-11,10243,55930,66173
1407,2018-12-12,8572,60991,69563
1407,2018-12-13,9175,61589,70764
1407,2018-12-14,8432,64486,72918
1407,2018-12-15,5680,48648,54328
1407,2018-12-16,1897,34060,35957
1407,2018-12-17,7049,59267,66316
1407,2018-12-18,7666,58211,65877
1407,2018-12-19,11908,56093,68001
1407,2018-12-20,8155,61141,69296
1407,2018-12-21,11048,55157,66205
1407,2018-12-22,3261,45904,49165
1407,2018-12-23,1293,33642,34935
1407,2018-12-24,2541,45739,48280
1407,2018-12-25,2708,21192,23900
1407,2018-12-26,2689,21016,23705
1407,2018-12-27,4579,46518,51097
1407,2018-12-28,4637,47335,51972
1407,2018-12-29,3479,36611,40090
1407,2018-12-30,1086,29109,30195
1407,2018-12-31,1547,44135,45682
1410,2018-01-01,4295,33093,37388
1410,2018-01-02,7446,62100,69546
1410,2018-01-03,8729,51511,60240
1410,2018-01-04,11222,49692,60914
1410,2018-01-05,10512,61991,72503
1410,2018-01-06,7398,53859,61257
1410,2018-01-07,3088,44943,48031
1410,2018-01-08,10111,57093,67204
1410,2018-01-09,12432,58684,71116
1410,2018-01-10,12337,48531,60868
1410,2018-01-11,11937,57628,69565
1410,2018-01-12,11949,66726,78675
1410,2018-01-13,7696,55872,63568
1410,2018-01-14,3338,39345,42683
1410,2018-01-15,10729,53448,64177
1410,2018-01-16,11483,46396,57879
1410,2018-01-17,12282,50929,63211
1410,2018-01-18,12382,54292,66674
1410,2018-01-19,11133,60516,71649
1410,2018-01-20,8626,49472,58098
1410,2018-01-21,3229,38387,41616
1410,2018-01-22,11820,53358,65178
1410,2018-01-23,12879,60524,73403
1410,2018-01-24,13098,54111,67209
1410,2018-01-25,13365,48313,61678
1410,2018-01-26,11293,60456,71749
1410,2018-01-27,7499,58394,65893
1410,2018-01-28,3267,41724,44991
1410,2018-01-29,11167,55647,66814
1410,2018-01-30,12192,55642,67834
1410,2018-01-31,13551,47606,61157
1410,2018-02-01,12320,55590,67910
1410,2018-02-02,11934,58413,70347
1410,2018-02-03,7490,59085,66575
1410,2018-02-04,3463,40645,44108
1410,2018-02-05,11340,55622,66962
1410,2018-02-06,12078,40575,52653
1410,2018-02-07,12653,55766,68419
1410,2018-02-08,13332,57475,70807
1410,2018-02-09,11832,62637,74469
1410,2018-02-10,8510,67008,75518
1410,2018-02-11,3549,39271,42820
1410,2018-02-12,10564,58211,68775
1410,2018-02-13,12143,55536,67679
1410,2018-02-14,13070,57391,70461
1410,2018-02-15,12891,52608,65499
1410,2018-02-16,11584,60908,72492
1410,2018-02-17,8197,63730,71927
1410,2018-02-18,3343,47772,51115
1410,2018-02-19,11058,60720,71778
1410,2018-02-20,12227,58688,70915
1410,2018-02-21,12151,54677,66828
1410,2018-02-22,12372,61015,73387
1410,2018-02-23,11809,67390,79199
1410,2018-02-24,7432,58907,66339
1410,2018-02-25,2868,42515,45383
1410,2018-02-26,10878,60778,71656
1410,2018-02-27,11634,54501,66135
1410,2018-02-28,12707,60498,73205
1410,2018-03-01,10972,64373,75345
1410,2018-03-02,10514,58032,68546
1410,2018-03-03,8378,56523,64901
1410,2018-03-04,3984,42417,46401
1410,2018-03-05,12225,54787,67012
1410,2018-03-06,11521,49880,61401
1410,2018-03-07,14354,49816,64170
1410,2018-03-08,13601,54481,68082
1410,2018-03-09,13043,56293,69336
1410,2018-03-10,8878,59357,68235
1410,2018-03-11,3884,44998,48882
1410,2018-03-12,11886,55405,67291
1410,2018-03-13,13933,54203,68136
1410,2018-03-14,13904,55783,69687
1410,2018-03-15,14111,59547,73658
1410,2018-03-16,11952,59277,71229
1410,2018-03-17,7610,60686,68296
1410,2018-03-18,3053,41992,45045
1410,2018-03-19,11578,62546,74124
1410,2018-03-20,12554,59957,72511
1410,2018-03-21,13762,60847,74609
1410,2018-03-22,13988,57277,71265
1410,2018-03-23,12744,65954,78698
1410,2018-03-24,8304,62410,70714
1410,2018-03-27,13792,58150,71942
1410,2018-03-28,13938,56740,70678
1410,2018-03-29,11826,64491,76317
1410,2018-03-30,10257,76181,86438
1410,2018-03-31,7027,70396,77423
1410,2018-04-01,3487,45532,49019
1410,2018-04-02,3327,53786,57113
1410,2018-04-03,9605,62040,71645
1410,2018-04-04,12674,56984,69658
1410,2018-04-05,12455,62707,75162
1410,2018-04-06,13045,70218,83263
1410,2018-04-07,9427,73194,82621
1410,2018-04-08,3942,55795,59737
1410,2018-04-09,11101,60898,71999
1410,2018-04-10,11817,48097,59914
1410,2018-04-11,13668,57590,71258
1410,2018-04-12,13083,64663,77746
1410,2018-04-13,12391,72367,84758
1410,2018-04-14,8209,65745,73954
1410,2018-04-15,3603,51257,54860
1410,2018-04-16,11488,61525,73013
1410,2018-04-17,12724,57820,70544
1410,2018-04-18,13094,57989,71083
1410,2018-04-19,12825,62763,75588
1410,2018-04-20,11680,62891,74571
1410,2018-04-21,7966,57309,65275
1410,2018-04-22,3448,49488,52936
1410,2018-04-23,11306,60865,72171
1410,2018-04-24,12824,61129,73953
1410,2018-04-25,13682,59828,73510
1410,2018-04-26,12823,67434,80257
1410,2018-04-27,12514,72299,84813
1410,2018-04-28,8345,68382,76727
1410,2018-04-29,4279,47961,52240
1410,2018-04-30,11428,63767,75195
1410,2018-05-01,3745,45877,49622
1410,2018-05-02,12426,64237,76663
1410,2018-05-03,12984,68136,81120
1410,2018-05-04,12511,71454,83965
1410,2018-05-05,8882,67326,76208
1410,2018-05-06,4094,53611,57705
1410,2018-05-07,11259,61427,72686
1410,2018-05-08,10659,61183,71842
1410,2018-05-09,12522,68699,81221
1410,2018-05-10,4851,51717,56568
1410,2018-05-11,11090,72136,83226
1410,2018-05-12,7977,63076,71053
1410,2018-05-13,4575,59641,64216
1410,2018-05-15,12524,59503,72027
1410,2018-05-16,13893,62997,76890
1410,2018-05-17,12933,63900,76833
1410,2018-05-18,11816,72373,84189
1410,2018-05-19,8291,63319,71610
1410,2018-05-20,3410,45131,48541
1410,2018-05-21,3926,51189,55115
1410,2018-05-22,11563,62882,74445
1410,2018-05-23,13081,56338,69419
1410,2018-05-24,13390,63934,77324
1410,2018-05-25,11982,70509,82491
1410,2018-05-26,8366,60529,68895
1410,2018-05-27,3808,49995,53803
1410,2018-05-28,12232,62938,75170
1410,2018-05-29,12888,63416,76304
1410,2018-05-30,13557,64984,78541
1410,2018-05-31,11343,66294,77637
1410,2018-06-01,12671,67877,80548
1410,2018-06-02,8540,65686,74226
1410,2018-06-03,4570,56746,61316
1410,2018-06-04,11344,65294,76638
1410,2018-06-05,12563,63252,75815
1410,2018-06-06,13276,66553,79829
1410,2018-06-07,14315,63430,77745
1410,2018-06-08,12832,74562,87394
1410,2018-06-09,9227,63889,73116
1410,2018-06-10,6474,54801,61275
1410,2018-06-11,11586,55126,66712
1410,2018-06-12,15374,57699,73073
1410,2018-06-13,13630,68138,81768
1410,2018-06-14,12863,65902,78765
1410,2018-06-15,12651,71723,84374
1410,2018-06-16,7994,66173,74167
1410,2018-06-17,4227,58495,62722
1410,2018-06-18,11569,65381,76950
1410,2018-06-19,12918,68899,81817
1410,2018-06-20,13587,64944,78531
1410,2018-06-21,11991,62663,74654
1410,2018-06-22,12129,74117,86246
1410,2018-06-23,7625,61319,68944
1410,2018-06-24,4344,55329,59673
1410,2018-06-25,11759,70674,82433
1410,2018-06-26,12876,63425,76301
1410,2018-06-27,13343,65792,79135
1410,2018-06-28,13511,70891,84402
1410,2018-06-29,12751,75185,87936
1410,2018-06-30,9367,75881,85248
1410,2018-07-01,5116,67107,72223
1410,2018-07-02,11846,68985,80831
1410,2018-07-03,12646,66751,79397
1410,2018-07-04,13705,68397,82102
1410,2018-07-05,14590,70089,84679
1410,2018-07-06,12507,78181,90688
1410,2018-07-07,8498,75166,83664
1410,2018-07-08,5109,64072,69181
1410,2018-07-09,11805,70150,81955
1410,2018-07-10,12529,70399,82928
1410,2018-07-11,13223,70073,83296
1410,2018-07-12,13372,74788,88160
1410,2018-07-13,12108,76485,88593
1410,2018-07-14,7964,86143,94107
1410,2018-07-15,6028,68542,74570
1410,2018-07-16,12656,72927,85583
1410,2018-07-17,12760,69928,82688
1410,2018-07-18,12995,67806,80801
1410,2018-07-19,13368,71537,84905
1410,2018-07-20,12714,82245,94959
1410,2018-07-21,8817,82762,91579
1410,2018-07-22,6532,71767,78299
1410,2018-07-23,12251,72496,84747
1410,2018-07-24,12570,69720,82290
1410,2018-07-25,12905,69597,82502
1410,2018-07-26,12889,75184,88073
1410,2018-07-27,12654,85046,97700
1410,2018-07-28,8187,80515,88702
1410,2018-07-29,6344,70637,76981
1410,2018-07-30,11729,74157,85886
1410,2018-07-31,12505,73464,85969
1410,2018-08-01,13589,73355,86944
1410,2018-08-02,13258,74957,88215
1410,2018-08-03,12374,86696,99070
1410,2018-08-04,7817,75528,83345
1410,2018-08-05,5760,65985,71745
1410,2018-08-06,11452,72773,84225
1410,2018-08-07,12017,67728,79745
1410,2018-08-08,12208,68657,80865
1410,2018-08-09,12588,71778,84366
1410,2018-08-10,11914,80862,92776
1410,2018-08-11,7415,70350,77765
1410,2018-08-12,5250,61173,66423
1410,2018-08-13,11922,69510,81432
1410,2018-08-14,11121,71961,83082
1410,2018-08-15,5496,50841,56337
1410,2018-08-16,12152,70495,82647
1410,2018-08-17,11459,78486,89945
1410,2018-08-18,7058,68914,75972
1410,2018-08-19,4713,60912,65625
1410,2018-08-20,10887,70744,81631
1410,2018-08-21,12306,67024,79330
1410,2018-08-22,13085,67231,80316
1410,2018-08-23,13244,71801,85045
1410,2018-08-24,11937,73386,85323
1410,2018-08-25,7149,57994,65143
1410,2018-08-26,4186,52946,57132
1410,2018-08-27,11498,64290,75788
1410,2018-08-28,11966,66269,78235
1410,2018-08-29,13827,63744,77571
1410,2018-08-30,12783,69067,81850
1410,2018-08-31,11729,73835,85564
1410,2018-09-01,5362,42441,47803
1410,2018-09-02,4405,61512,65917
1410,2018-09-03,11098,62712,73810
1410,2018-09-04,12827,66855,79682
1410,2018-09-05,13726,65867,79593
1410,2018-09-06,12679,67578,80257
1410,2018-09-07,12049,75548,87597
1410,2018-09-08,9307,76796,86103
1410,2018-09-09,4641,65235,69876
1410,2018-09-10,12249,67757,80006
1410,2018-09-11,13650,64325,77975
1410,2018-09-12,14332,64336,78668
1410,2018-09-13,13021,70001,83022
1410,2018-09-14,12817,78519,91336
1410,2018-09-15,10635,84645,95280
1410,2018-09-16,4843,67651,72494
1410,2018-09-17,12451,65981,78432
1410,2018-09-18,13303,62809,76112
1410,2018-09-19,13869,63278,77147
1410,2018-09-20,13436,65056,78492
1410,2018-09-21,12473,72387,84860
1410,2018-09-22,7766,61111,68877
1410,2018-09-23,4891,45211,50102
1410,2018-09-24,12124,64202,76326
1410,2018-09-25,13495,59981,73476
1410,2018-09-26,14380,61939,76319
1410,2018-09-27,13751,63252,77003
1410,2018-09-28,12803,66049,78852
1410,2018-09-29,6060,37841,43901
1410,2018-10-01,11845,62946,74791
1410,2018-10-02,13295,60575,73870
1410,2018-10-03,10783,60537,71320
1410,2018-10-20,7376,54433,61809
1410,2018-10-21,3824,50549,54373
1410,2018-10-22,12236,61704,73940
1410,2018-10-23,13302,59996,73298
1410,2018-10-24,14188,60856,75044
1410,2018-10-25,13233,63191,76424
1410,2018-10-26,13087,69194,82281
1410,2018-10-27,8502,61045,69547
1410,2018-10-28,3903,48815,52718
1410,2018-10-29,11282,56890,68172
1410,2018-10-30,12958,54035,66993
1410,2018-10-31,12470,65512,77982
1410,2018-11-01,4079,45532,49611
1410,2018-11-02,11406,63450,74856
1410,2018-11-04,4168,55334,59502
1410,2018-11-05,11438,58817,70255
1410,2018-11-06,13253,56010,69263
1410,2018-11-07,13533,57093,70626
1410,2018-11-08,12891,60613,73504
1410,2018-11-09,12434,63607,76041
1410,2018-11-10,9176,48408,57584
1410,2018-11-11,3065,41273,44338
1410,2018-11-12,10857,56035,66892
1410,2018-11-16,11595,60801,72396
1410,2018-11-17,7554,46361,53915
1410,2018-11-18,3530,42847,46377
1410,2018-11-19,10649,50211,60860
1410,2018-11-20,12345,56568,68913
1410,2018-11-21,13448,52461,65909
1410,2018-11-22,13066,55899,68965
1410,2018-11-23,12744,60817,73561
1410,2018-11-24,8703,50627,59330
1410,2018-11-25,4744,47093,51837
1410,2018-11-26,12365,56106,68471
1410,2018-11-27,14014,55639,69653
1410,2018-11-28,13569,50496,64065
1410,2018-11-29,12733,59020,71753
1410,2018-11-30,12591,61858,74449
1410,2018-12-01,7608,52692,60300
1410,2018-12-02,3932,44260,48192
1410,2018-12-05,13934,60968,74902
1410,2018-12-06,13033,56966,69999
1410,2018-12-07,12427,61346,73773
1410,2018-12-08,8470,53303,61773
1410,2018-12-09,4573,44062,48635
1410,2018-12-10,11649,56747,68396
1410,2018-12-11,13216,54077,67293
1410,2018-12-12,14532,57884,72416
1410,2018-12-13,13761,60924,74685
1410,2018-12-14,12694,70826,83520
1410,2018-12-15,8551,61842,70393
1410,2018-12-16,3873,42683,46556
1410,2018-12-17,12641,53079,65720
1410,2018-12-18,13655,58278,71933
1410,2018-12-19,12665,54416,67081
1410,2018-12-20,12289,57356,69645
1410,2018-12-21,10601,65120,75721
1410,2018-12-22,5852,67250,73102
1410,2018-12-23,4442,48730,53172
1410,2018-12-24,5094,50628,55722
1410,2018-12-25,2647,32720,35367
1410,2018-12-26,3348,42494,45842
1410,2018-12-27,7008,63434,70442
1410,2018-12-28,7757,67280,75037
1410,2018-12-29,5590,64195,69785
1410,2018-12-30,4019,48132,52151
1410,2018-12-31,5863,48694,54557
1413,2018-01-01,2241,26949,29190
1413,2018-01-02,7651,58041,65692
1413,2018-01-03,8852,57018,65870
1413,2018-01-04,9959,61137,71096
1413,2018-01-05,10464,64180,74644
1413,2018-01-06,5833,45122,50955
1413,2018-01-07,2556,35155,37711
1413,2018-01-08,9885,66539,76424
1413,2018-01-09,10556,71767,82323
1413,2018-01-10,12045,70364,82409
1413,2018-01-11,12154,73899,86053
1413,2018-01-12,10944,76938,87882
1413,2018-01-13,4732,53152,57884
1413,2018-01-14,2636,38682,41318
1413,2018-01-15,12476,71711,84187
1413,2018-01-16,14023,68573,82596
1413,2018-01-17,13227,69027,82254
1413,2018-01-18,14983,69954,84937
1413,2018-01-19,10495,73475,83970
1413,2018-01-20,5806,48783,54589
1413,2018-01-21,2693,34581,37274
1413,2018-01-22,13808,66882,80690
1413,2018-01-23,12246,70246,82492
1413,2018-01-24,13636,70860,84496
1413,2018-01-25,14072,68810,82882
1413,2018-01-26,12058,71749,83807
1413,2018-01-27,5311,50969,56280
1413,2018-01-28,3114,35066,38180
1413,2018-01-29,12460,67811,80271
1413,2018-01-30,12444,71530,83974
1413,2018-01-31,13195,69563,82758
1413,2018-02-01,13917,71253,85170
1413,2018-02-02,13746,73243,86989
1413,2018-02-03,5062,50923,55985
1413,2018-02-04,2047,33456,35503
1413,2018-02-05,11179,66812,77991
1413,2018-02-06,10129,69560,79689
1413,2018-02-07,10053,72862,82915
1413,2018-02-08,11306,74515,85821
1413,2018-02-09,10164,70528,80692
1413,2018-02-10,4655,46559,51214
1413,2018-02-11,2173,31045,33218
1413,2018-02-12,9283,64297,73580
1413,2018-02-13,12768,64757,77525
1413,2018-02-14,11943,66101,78044
1413,2018-02-15,11895,66868,78763
1413,2018-02-16,13586,65801,79387
1413,2018-02-17,4958,46078,51036
1413,2018-02-18,2604,36595,39199
1413,2018-02-19,10323,71771,82094
1413,2018-02-20,10213,68012,78225
1413,2018-02-21,13654,68602,82256
1413,2018-02-22,12956,75948,88904
1413,2018-02-23,12720,74744,87464
1413,2018-02-24,5556,54368,59924
1413,2018-02-25,2365,37647,40012
1413,2018-02-26,10264,72005,82269
1413,2018-02-27,11715,73198,84913
1413,2018-03-01,9331,76599,85930
1413,2018-03-02,8900,65660,74560
1413,2018-03-03,5386,51951,57337
1413,2018-03-04,2512,39758,42270
1413,2018-03-05,13421,71865,85286
1413,2018-03-06,11010,73001,84011
1413,2018-03-07,13688,70990,84678
1413,2018-03-08,13071,73188,86259
1413,2018-03-09,13586,70803,84389
1413,2018-03-10,7048,53065,60113
1413,2018-03-11,3001,40903,43904
1413,2018-03-12,11788,69853,81641
1413,2018-03-13,12473,75831,88304
1413,2018-03-14,13555,74218,87773
1413,2018-03-15,11914,74349,86263
1413,2018-03-16,13100,74832,87932
1413,2018-03-17,5539,55697,61236
1413,2018-03-18,2234,37837,40071
1413,2018-03-19,10493,76463,86956
1413,2018-03-20,12079,77182,89261
1413,2018-03-21,13248,77266,90514
1413,2018-03-22,12636,78588,91224
1413,2018-03-23,13254,78320,91574
1413,2018-03-24,7124,60616,67740
1413,2018-03-26,11491,78064,89555
1413,2018-03-27,12778,76887,89665
1413,2018-03-28,13183,76035,89218
1413,2018-03-29,11059,77417,88476
1413,2018-03-30,9145,74983,84128
1413,2018-03-31,5009,50622,55631
1413,2018-04-01,2718,36376,39094
1413,2018-04-03,10120,75396,85516
1413,2018-04-04,13851,71427,85278
1413,2018-04-05,12617,76105,88722
1413,2018-04-06,13532,75493,89025
1413,2018-04-07,6829,53383,60212
1413,2018-04-08,2631,43496,46127
1413,2018-04-09,10881,73314,84195
1413,2018-04-10,11184,73306,84490
1413,2018-04-11,14036,74915,88951
1413,2018-05-03,11671,77473,89144
1413,2018-05-04,13211,79990,93201
1413,2018-05-05,6872,60754,67626
1413,2018-05-06,2847,45148,47995
1413,2018-05-07,12100,73048,85148
1413,2018-05-08,12095,78421,90516
1413,2018-05-09,12717,81929,94646
1413,2018-05-10,2925,42316,45241
1413,2018-05-11,10209,75458,85667
1413,2018-05-12,5835,60361,66196
1413,2018-05-13,3302,44612,47914
1413,2018-05-15,13517,76399,89916
1413,2018-05-16,12240,78480,90720
1413,2018-05-17,14075,80971,95046
1413,2018-05-18,13328,79249,92577
1413,2018-05-19,6570,57843,64413
1413,2018-05-20,2418,41896,44314
1413,2018-05-21,2632,41266,43898
1413,2018-05-22,12116,76275,88391
1413,2018-05-23,12579,77000,89579
1413,2018-05-24,12510,77819,90329
1413,2018-05-25,11706,74280,85986
1413,2018-05-26,6728,56559,63287
1413,2018-05-27,2505,42835,45340
1413,2018-05-28,11227,77064,88291
1413,2018-05-29,12456,79964,92420
1413,2018-05-30,13936,80622,94558
1413,2018-05-31,9747,80017,89764
1413,2018-06-01,12301,72946,85247
1413,2018-06-02,6039,53792,59831
1413,2018-06-03,2730,46753,49483
1413,2018-06-04,11086,76287,87373
1413,2018-06-05,13416,78227,91643
1413,2018-06-06,12537,78656,91193
1413,2018-06-07,13328,76844,90172
1413,2018-06-08,11844,78723,90567
1413,2018-06-09,5604,42556,48160
1413,2018-06-10,2567,37156,39723
1413,2018-06-11,12397,62072,74469
1413,2018-06-12,13697,74357,88054
1413,2018-06-13,12225,78010,90235
1413,2018-06-14,12966,79678,92644
1413,2018-06-15,12382,79753,92135
1413,2018-06-16,5752,46461,52213
1413,2018-06-17,2553,45322,47875
1413,2018-06-18,11039,78204,89243
1413,2018-06-19,11936,79430,91366
1413,2018-06-20,13360,77011,90371
1413,2018-06-21,12820,80418,93238
1413,2018-06-22,11696,79318,91014
1413,2018-06-23,4376,49616,53992
1413,2018-06-24,2600,45299,47899
1413,2018-06-25,10790,76152,86942
1413,2018-06-26,13357,74746,88103
1413,2018-06-27,13168,78108,91276
1413,2018-06-28,12763,76527,89290
1413,2018-06-29,12392,79942,92334
1413,2018-06-30,6377,62543,68920
1413,2018-07-01,2930,51678,54608
1413,2018-07-02,12511,77851,90362
1413,2018-07-03,12499,78663,91162
1413,2018-07-04,12020,79013,91033
1413,2018-07-05,14569,77066,91635
1413,2018-07-06,13894,75239,89133
1413,2018-07-07,6063,51353,57416
1413,2018-07-08,2676,42933,45609
1413,2018-07-09,12110,75616,87726
1413,2018-07-10,11362,78865,90227
1413,2018-07-11,12955,78172,91127
1413,2018-07-12,11786,81344,93130
1413,2018-07-13,12145,79856,92001
1413,2018-07-14,5545,62343,67888
1413,2018-07-15,3018,45503,48521
1413,2018-07-16,12790,72979,85769
1413,2018-07-17,12897,75353,88250
1413,2018-07-18,12788,71945,84733
1413,2018-07-19,13069,74609,87678
1413,2018-07-20,12241,76801,89042
1413,2018-07-21,5314,56375,61689
1413,2018-07-22,2866,47800,50666
1413,2018-07-23,11758,74682,86440
1413,2018-07-24,12947,72903,85850
1413,2018-07-25,12433,74056,86489
1413,2018-07-26,11645,76490,88135
1413,2018-07-27,10689,74112,84801
1413,2018-07-28,4520,53483,58003
1413,2018-07-29,2933,44016,46949
1413,2018-07-30,10130,71264,81394
1413,2018-07-31,10653,70645,81298
1413,2018-08-01,11619,71007,82626
1413,2018-08-02,11334,71194,82528
1413,2018-08-03,10245,73321,83566
1413,2018-08-04,4314,50790,55104
1413,2018-08-05,2876,42315,45191
1413,2018-08-06,9719,67961,77680
1413,2018-08-07,9082,66322,75404
1413,2018-08-08,9888,67336,77224
1413,2018-08-09,9948,68233,78181
1413,2018-08-10,9196,71003,80199
1413,2018-08-11,4084,47913,51997
1413,2018-08-12,2617,39743,42360
1413,2018-08-13,9603,65080,74683
1413,2018-08-14,9843,64149,73992
1413,2018-08-15,2890,38529,41419
1413,2018-08-16,10318,65504,75822
1413,2018-08-17,9046,67118,76164
1413,2018-08-18,4239,47043,51282
1413,2018-08-19,2640,41218,43858
1413,2018-08-20,10046,69668,79714
1413,2018-08-21,11252,70107,81359
1413,2018-08-22,12450,69562,82012
1413,2018-08-23,11871,72391,84262
1413,2018-08-24,11394,69511,80905
1413,2018-08-25,4780,36436,41216
1413,2018-08-26,2404,32527,34931
1413,2018-08-27,12152,71382,83534
1413,2018-08-28,12907,72439,85346
1413,2018-08-29,13214,71410,84624
1413,2018-08-30,12982,74778,87760
1413,2018-08-31,10869,72465,83334
1413,2018-09-01,4214,30702,34916
1413,2018-09-02,2271,38107,40378
1413,2018-09-03,11300,71501,82801
1413,2018-09-04,12693,73950,86643
1413,2018-09-05,12783,72777,85560
1413,2018-09-06,12410,76018,88428
1413,2018-09-07,12143,75458,87601
1413,2018-09-08,5686,43912,49598
1413,2018-09-09,2877,37817,40694
1413,2018-09-10,12431,71735,84166
1413,2018-09-11,14588,72376,86964
1413,2018-09-12,14782,73361,88143
1413,2018-09-13,13070,75160,88230
1413,2018-09-14,12013,78781,90794
1413,2018-09-15,5589,42608,48197
1413,2018-09-16,2712,34831,37543
1413,2018-09-17,12726,69270,81996
1413,2018-09-18,14282,74642,88924
1413,2018-09-19,13958,74430,88388
1413,2018-09-20,14698,75377,90075
1413,2018-09-21,13753,76791,90544
1413,2018-09-22,5818,55623,61441
1413,2018-09-23,3636,39644,43280
1413,2018-09-24,12263,78501,90764
1413,2018-09-25,14202,77569,91771
1413,2018-09-26,14697,77732,92429
1413,2018-09-27,14454,76940,91394
1413,2018-09-28,12933,79853,92786
1413,2018-09-29,6411,54605,61016
1413,2018-09-30,3398,48289,51687
1413,2018-10-01,11897,76759,88656
1413,2018-10-02,12314,77949,90263
1413,2018-10-03,10924,80041,90965
1413,2018-10-04,14185,76422,90607
1413,2018-10-05,13884,79030,92914
1413,2018-10-06,6382,59518,65900
1413,2018-10-07,2552,43856,46408
1413,2018-10-08,13205,76052,89257
1413,2018-10-09,14045,76604,90649
1413,2018-10-10,13810,71505,85315
1413,2018-10-11,13356,77356,90712
1413,2018-10-12,13822,81131,94953
1413,2018-10-13,6319,54908,61227
1413,2018-10-14,2555,46105,48660
1413,2018-10-15,12917,77347,90264
1413,2018-10-16,11873,77258,89131
1413,2018-10-17,14351,77075,91426
1413,2018-10-18,13351,79915,93266
1413,2018-10-19,13892,75305,89197
1413,2018-10-20,5571,56183,61754
1413,2018-10-21,3656,45899,49555
1413,2018-10-22,11010,75344,86354
1413,2018-10-23,13481,76883,90364
1413,2018-10-24,12499,77279,89778
1413,2018-10-25,14028,79938,93966
1413,2018-10-26,12305,82509,94814
1413,2018-10-27,5362,55018,60380
1413,2018-10-28,2294,41477,43771
1413,2018-10-29,11420,75937,87357
1413,2018-10-30,12849,74408,87257
1413,2018-10-31,11942,78226,90168
1413,2018-11-01,2837,38098,40935
1413,2018-11-02,10532,67531,78063
1413,2018-11-03,6140,49248,55388
1413,2018-11-04,2847,40563,43410
1413,2018-11-05,12613,75601,88214
1413,2018-11-06,13046,76252,89298
1413,2018-11-07,13374,74867,88241
1413,2018-11-08,13115,78501,91616
1413,2018-11-09,13215,76992,90207
1413,2018-11-10,4966,37900,42866
1413,2018-11-11,2794,37106,39900
1413,2018-11-12,12168,72273,84441
1413,2018-11-13,13946,73419,87365
1413,2018-11-14,11951,67437,79388
1413,2018-11-15,13013,77127,90140
1413,2018-11-16,15026,74018,89044
1413,2018-11-17,7713,54401,62114
1413,2018-11-18,3553,38419,41972
1413,2018-11-19,12715,69614,82329
1413,2018-11-20,11662,77912,89574
1413,2018-11-21,12843,76626,89469
1413,2018-11-22,13179,73950,87129
1413,2018-11-23,15370,75256,90626
1413,2018-11-24,6626,51021,57647
1413,2018-11-25,3108,43951,47059
1413,2018-11-26,11805,75795,87600
1413,2018-11-27,13404,77412,90816
1413,2018-11-28,14154,76921,91075
1413,2018-11-29,12751,75422,88173
1413,2018-11-30,12887,77998,90885
1413,2018-12-01,6001,52896,58897
1413,2018-12-02,2981,41069,44050
1413,2018-12-03,15182,66816,81998
1413,2018-12-06,13695,78817,92512
1413,2018-12-07,12981,77690,90671
1413,2018-12-08,6524,57878,64402
1413,2018-12-09,3095,42171,45266
1413,2018-12-10,12703,72664,85367
1413,2018-12-11,13953,65677,79630
1413,2018-12-12,14943,75350,90293
1413,2018-12-13,13859,74155,88014
1413,2018-12-14,11837,83408,95245
1413,2018-12-15,6171,61116,67287
1413,2018-12-16,2644,42341,44985
1413,2018-12-17,14418,74850,89268
1413,2018-12-18,13052,68422,81474
1413,2018-12-19,13906,75090,88996
1413,2018-12-20,14126,77153,91279
1413,2018-12-21,11338,79298,90636
1413,2018-12-22,4868,51435,56303
1413,2018-12-23,3317,37256,40573
1413,2018-12-24,4274,47213,51487
1413,2018-12-25,2267,27441,29708
1413,2018-12-26,2330,31134,33464
1413,2018-12-27,5982,59333,65315
1413,2018-12-28,7645,59502,67147
1414,2018-01-01,7515,24951,32466
1414,2018-01-02,12765,47629,60394
1414,2018-01-03,12151,40630,52781
1414,2018-01-04,16586,41008,57594
1414,2018-01-05,16447,47570,64017
1414,2018-01-06,12262,43511,55773
1414,2018-01-07,7432,34901,42333
1414,2018-01-08,10859,37223,48082
1414,2018-01-09,11375,36412,47787
1414,2018-01-10,14633,32534,47167
1414,2018-01-12,13436,44798,58234
1414,2018-01-13,7635,41913,49548
1414,2018-01-14,4585,26366,30951
1414,2018-01-15,15338,35902,51240
1414,2018-01-16,13926,31422,45348
1414,2018-01-17,13788,35529,49317
1414,2018-01-18,12759,33866,46625
1414,2018-01-19,13975,41321,55296
1414,2018-01-20,13334,35387,48721
1414,2018-01-21,6512,26322,32834
1414,2018-01-22,14448,35271,49719
1414,2018-01-23,13936,37427,51363
1414,2018-01-24,15471,35347,50818
1414,2018-01-25,16077,37760,53837
1414,2018-01-27,11730,43178,54908
1414,2018-01-28,8078,29966,38044
1414,2018-01-29,15897,32125,48022
1414,2018-01-30,16065,31010,47075
1414,2018-01-31,16221,32382,48603
1414,2018-02-01,17522,33453,50975
1414,2018-02-02,16072,34274,50346
1414,2018-02-03,9293,32993,42286
1414,2018-02-04,7361,23051,30412
1414,2018-02-05,5429,18034,23463
1414,2018-02-06,13404,30193,43597
1414,2018-02-07,12535,31227,43762
1414,2018-02-08,11614,32360,43974
1414,2018-02-09,15610,38065,53675
1414,2018-02-10,14515,44833,59348
1414,2018-02-11,7643,26554,34197
1414,2018-02-12,11387,44503,55890
1414,2018-02-13,12799,40023,52822
1414,2018-02-14,12443,41313,53756
1414,2018-02-15,15012,39136,54148
1414,2018-02-16,13264,42035,55299
1414,2018-02-17,11888,50384,62272
1414,2018-02-18,5399,34503,39902
1414,2018-02-19,10726,44935,55661
1414,2018-02-20,11333,43558,54891
1414,2018-02-21,12243,41067,53310
1414,2018-02-22,12215,42293,54508
1414,2018-02-23,11959,44533,56492
1414,2018-02-24,7770,42082,49852
1414,2018-02-25,4090,30287,34377
1414,2018-02-26,10638,44195,54833
1414,2018-02-27,10915,41481,52396
1414,2018-02-28,11878,47186,59064
1414,2018-03-01,10716,48969,59685
1414,2018-03-02,11880,46279,58159
1414,2018-03-03,9387,44642,54029
1414,2018-03-04,6582,31269,37851
1414,2018-03-05,11694,42013,53707
1414,2018-03-06,10659,40063,50722
1414,2018-03-07,14794,39180,53974
1414,2018-03-08,14907,41750,56657
1414,2018-03-09,16042,47994,64036
1414,2018-03-10,12296,47700,59996
1414,2018-03-11,7633,32784,40417
1414,2018-03-12,11863,42259,54122
1414,2018-03-13,15895,38707,54602
1414,2018-03-14,11404,42456,53860
1414,2018-03-15,15052,44976,60028
1414,2018-03-16,12302,42319,54621
1414,2018-03-17,9388,47609,56997
1414,2018-03-18,4598,32012,36610
1414,2018-03-19,10536,47326,57862
1414,2018-03-20,11443,44024,55467
1414,2018-03-21,12247,43034,55281
1414,2018-03-22,15047,39670,54717
1414,2018-03-23,14702,47796,62498
1414,2018-03-24,9056,47391,56447
1414,2018-03-26,10427,46554,56981
1414,2018-03-27,12823,41628,54451
1414,2018-03-28,15167,38671,53838
1414,2018-03-29,11575,48365,59940
1414,2018-03-30,11791,61537,73328
1414,2018-03-31,9734,50171,59905
1414,2018-04-01,7510,31378,38888
1414,2018-04-02,4352,40677,45029
1414,2018-04-03,10146,49061,59207
1414,2018-04-04,14758,42386,57144
1414,2018-04-05,12107,46753,58860
1414,2018-04-06,12441,50950,63391
1414,2018-04-07,10305,60371,70676
1414,2018-04-08,5427,45695,51122
1414,2018-04-09,10240,46985,57225
1414,2018-04-11,12565,43772,56337
1414,2018-04-12,11149,43248,54397
1414,2018-04-13,11092,50879,61971
1414,2018-04-14,7962,52521,60483
1414,2018-04-15,5307,38802,44109
1414,2018-04-16,10219,47427,57646
1414,2018-04-17,10924,41816,52740
1414,2018-04-18,11009,40587,51596
1414,2018-04-19,10878,45824,56702
1414,2018-04-20,10766,46606,57372
1414,2018-04-21,9169,52357,61526
1414,2018-04-22,4606,42049,46655
1414,2018-04-23,9872,45439,55311
1414,2018-04-24,10597,44691,55288
1414,2018-04-25,11605,40944,52549
1414,2018-04-26,11145,47114,58259
1414,2018-04-27,11982,53467,65449
1414,2018-04-28,9099,52460,61559
1414,2018-04-29,7416,35090,42506
1414,2018-04-30,14207,50357,64564
1414,2018-05-01,3978,35066,39044
1414,2018-05-02,11043,47551,58594
1414,2018-05-03,10672,47479,58151
1414,2018-05-04,12083,51189,63272
1414,2018-05-05,8432,52158,60590
1414,2018-05-06,4706,38078,42784
1414,2018-05-07,10254,46055,56309
1414,2018-05-08,8789,47458,56247
1414,2018-05-09,11008,52270,63278
1414,2018-05-10,5227,38955,44182
1414,2018-05-11,9813,56752,66565
1414,2018-05-12,6971,49841,56812
1414,2018-05-13,9060,42478,51538
1414,2018-05-14,13077,44130,57207
1414,2018-05-15,11818,43115,54933
1414,2018-05-16,11594,45733,57327
1414,2018-05-18,11552,53616,65168
1414,2018-05-19,8446,50280,58726
1414,2018-05-20,4118,34849,38967
1414,2018-05-21,4713,41558,46271
1414,2018-05-22,10723,49548,60271
1414,2018-05-23,12628,42321,54949
1414,2018-05-24,11999,45604,57603
1414,2018-05-25,12363,51246,63609
1414,2018-05-26,8031,48203,56234
1414,2018-05-27,4670,39461,44131
1414,2018-05-28,10341,46509,56850
1414,2018-05-29,11801,44855,56656
1414,2018-05-30,11384,46441,57825
1414,2018-05-31,11035,45722,56757
1414,2018-06-01,11873,49139,61012
1414,2018-06-02,8370,51497,59867
1414,2018-06-03,5726,42066,47792
1414,2018-06-04,10428,49288,59716
1414,2018-06-06,10914,52493,63407
1414,2018-06-07,13144,43847,56991
1414,2018-06-08,12103,53373,65476
1414,2018-06-09,11003,48718,59721
1414,2018-06-10,7708,40276,47984
1414,2018-06-11,10286,46951,57237
1414,2018-06-13,10413,51523,61936
1414,2018-06-14,10147,50440,60587
1414,2018-06-15,11485,52106,63591
1414,2018-06-16,7294,52326,59620
1414,2018-06-17,4670,44984,49654
1414,2018-06-18,9610,48616,58226
1414,2018-06-19,9457,52889,62346
1414,2018-06-20,10963,49604,60567
1414,2018-06-21,10074,47634,57708
1414,2018-06-22,10004,53548,63552
1414,2018-06-23,7403,49448,56851
1414,2018-06-24,5033,44672,49705
1414,2018-06-25,9982,53888,63870
1414,2018-06-26,11060,49878,60938
1414,2018-06-27,11204,50202,61406
1414,2018-06-28,11451,52935,64386
1414,2018-06-29,11892,58710,70602
1414,2018-06-30,9400,61403,70803
1414,2018-07-01,6263,54814,61077
1414,2018-07-02,10682,54031,64713
1414,2018-07-03,10309,51784,62093
1414,2018-07-04,11053,53958,65011
1414,2018-07-06,12388,56062,68450
1414,2018-07-07,9111,59531,68642
1414,2018-07-08,7092,50947,58039
1414,2018-07-09,11677,54553,66230
1414,2018-07-10,11031,52920,63951
1414,2018-07-11,11790,53234,65024
1414,2018-07-12,11767,55159,66926
1414,2018-07-13,12466,60705,73171
1414,2018-07-14,9375,66472,75847
1414,2018-07-15,8061,51976,60037
1414,2018-07-16,11687,54840,66527
1414,2018-07-17,11496,50988,62484
1414,2018-07-18,11631,51886,63517
1414,2018-07-19,12494,52584,65078
1414,2018-07-20,12434,57953,70387
1414,2018-07-21,10157,64568,74725
1414,2018-07-22,9023,54748,63771
1414,2018-07-23,11722,56497,68219
1414,2018-07-24,11916,50974,62890
1414,2018-07-25,12306,54161,66467
1414,2018-07-26,12203,56992,69195
1414,2018-07-27,13366,66466,79832
1414,2018-07-28,9739,64476,74215
1414,2018-07-29,8614,53954,62568
1414,2018-07-30,11754,58480,70234
1414,2018-07-31,12075,58074,70149
1414,2018-08-01,14003,55107,69110
1414,2018-08-02,13372,57656,71028
1414,2018-08-03,13294,67029,80323
1414,2018-08-04,9023,59505,68528
1414,2018-08-05,8095,50622,58717
1414,2018-08-06,11461,56810,68271
1414,2018-08-07,11796,52927,64723
1414,2018-08-08,11884,54246,66130
1414,2018-08-09,13450,58462,71912
1414,2018-08-10,12546,65859,78405
1414,2018-08-11,8431,57508,65939
1414,2018-08-12,7028,49455,56483
1414,2018-08-13,12101,56073,68174
1414,2018-08-14,10562,53225,63787
1414,2018-08-15,5413,39680,45093
1414,2018-08-16,12237,55059,67296
1414,2018-08-17,11581,63269,74850
1414,2018-08-18,8403,55858,64261
1414,2018-08-19,6650,48050,54700
1414,2018-08-20,10602,56472,67074
1414,2018-08-21,11159,53129,64288
1414,2018-08-22,12083,53623,65706
1414,2018-08-23,12038,57167,69205
1414,2018-08-24,12360,59540,71900
1414,2018-08-25,9628,51217,60845
1414,2018-08-26,6583,45202,51785
1414,2018-08-27,12516,49944,62460
1414,2018-08-28,11800,53341,65141
1414,2018-08-29,13888,51055,64943
1414,2018-08-30,12697,50877,63574
1414,2018-08-31,11895,59273,71168
1414,2018-09-01,6952,35780,42732
1414,2018-09-02,6079,45801,51880
1414,2018-09-03,10818,48766,59584
1414,2018-09-04,11237,51418,62655
1414,2018-09-05,11192,47484,58676
1414,2018-09-06,11677,51152,62829
1414,2018-09-07,12128,54787,66915
1414,2018-09-08,9158,52481,61639
1414,2018-09-09,6126,44837,50963
1414,2018-09-10,10750,49815,60565
1414,2018-09-11,12016,47103,59119
1414,2018-09-12,12439,48249,60688
1414,2018-09-13,12332,53609,65941
1414,2018-09-14,12580,56895,69475
1414,2018-09-15,10015,59205,69220
1414,2018-09-16,6284,46094,52378
1414,2018-09-17,11268,48385,59653
1414,2018-09-18,11420,44999,56419
1414,2018-09-20,11986,43372,55358
1414,2018-09-21,12630,53208,65838
1414,2018-09-22,8109,46008,54117
1414,2018-09-23,8044,33896,41940
1414,2018-09-24,11011,46067,57078
1414,2018-09-25,11541,42786,54327
1414,2018-09-26,12104,38988,51092
1414,2018-09-27,11996,42780,54776
1414,2018-09-28,11986,50480,62466
1414,2018-09-29,8255,43488,51743
1414,2018-09-30,4662,30608,35270
1414,2018-10-01,10955,45419,56374
1414,2018-10-02,11796,41340,53136
1414,2018-10-03,10789,40840,51629
1414,2018-10-20,8275,41989,50264
1414,2018-10-21,5373,36427,41800
1414,2018-10-22,11077,43964,55041
1414,2018-10-23,11769,41438,53207
1414,2018-10-24,13033,41884,54917
1414,2018-10-25,11924,45200,57124
1414,2018-10-26,12532,50176,62708
1414,2018-10-27,9073,47602,56675
1414,2018-10-28,5934,34879,40813
1414,2018-10-29,13315,38994,52309
1414,2018-10-30,16223,37941,54164
1414,2018-10-31,15894,45067,60961
1414,2018-11-01,8769,32742,41511
1414,2018-11-02,15641,49567,65208
1414,2018-11-04,7621,39064,46685
1414,2018-11-05,13383,40454,53837
1414,2018-11-06,13009,38046,51055
1414,2018-11-07,14206,37633,51839
1414,2018-11-08,13898,40316,54214
1414,2018-11-09,13659,43926,57585
1414,2018-11-10,12857,34929,47786
1414,2018-11-11,7930,27328,35258
1414,2018-11-12,14666,38285,52951
1414,2018-11-16,13292,38746,52038
1414,2018-11-17,7535,25507,33042
1414,2018-11-18,5713,25643,31356
1414,2018-11-19,15070,35371,50441
1414,2018-11-20,12411,38964,51375
1414,2018-11-21,14270,38007,52277
1414,2018-11-22,12810,39677,52487
1414,2018-11-23,14071,40305,54376
1414,2018-11-24,13077,37547,50624
1414,2018-11-25,10784,36823,47607
1414,2018-11-26,13758,38671,52429
1414,2018-11-27,15865,36065,51930
1414,2018-11-28,16573,35448,52021
1414,2018-11-29,16203,39203,55406
1414,2018-11-30,15130,40493,55623
1414,2018-12-01,12273,38355,50628
1414,2018-12-02,9512,32345,41857
1414,2018-12-05,15682,39358,55040
1414,2018-12-06,16833,37031,53864
1414,2018-12-07,16867,40714,57581
1414,2018-12-08,13281,39022,52303
1414,2018-12-09,9861,33077,42938
1414,2018-12-10,13488,37254,50742
1414,2018-12-11,13853,35170,49023
1414,2018-12-12,15209,36697,51906
1414,2018-12-13,14246,40998,55244
1414,2018-12-14,13484,49060,62544
1414,2018-12-15,9009,44451,53460
1414,2018-12-16,8947,30004,38951
1414,2018-12-17,16229,36141,52370
1414,2018-12-18,15266,38478,53744
1414,2018-12-19,15111,39357,54468
1414,2018-12-20,16160,41123,57283
1414,2018-12-21,15631,45512,61143
1414,2018-12-22,13861,45248,59109
1414,2018-12-23,10912,37363,48275
1414,2018-12-24,8122,36865,44987
1414,2018-12-25,5838,17320,23158
1414,2018-12-26,5937,30608,36545
1414,2018-12-27,12954,44484,57438
1414,2018-12-28,15527,48616,64143
1414,2018-12-29,13213,48704,61917
1414,2018-12-30,9662,36463,46125
1414,2018-12-31,10792,36310,47102
1420,2018-01-01,2615,21983,24598
1420,2018-01-02,4346,42924,47270
1420,2018-01-03,5729,35462,41191
1420,2018-01-04,8226,36593,44819
1420,2018-01-05,6430,43485,49915
1420,2018-01-06,4324,40531,44855
1420,2018-01-07,1790,28034,29824
1420,2018-01-08,6442,39351,45793
1420,2018-01-09,7621,38433,46054
1420,2018-01-10,8167,37824,45991
1420,2018-01-11,7805,38114,45919
1420,2018-01-12,7209,43880,51089
1420,2018-01-13,4576,35875,40451
1420,2018-01-14,1789,23205,24994
1420,2018-01-15,7194,36415,43609
1420,2018-01-16,8529,34639,43168
1420,2018-01-17,7807,33532,41339
1420,2018-01-18,7368,37239,44607
1420,2018-01-19,7260,44886,52146
1420,2018-01-20,5776,32070,37846
1420,2018-01-21,1829,22393,24222
1420,2018-01-22,7429,37452,44881
1420,2018-01-23,8238,38568,46806
1420,2018-01-24,8155,37372,45527
1420,2018-01-25,8433,35308,43741
1420,2018-01-26,7203,45279,52482
1420,2018-01-27,4554,39656,44210
1420,2018-01-28,2018,26689,28707
1420,2018-01-29,7502,38427,45929
1420,2018-01-30,8073,36525,44598
1420,2018-01-31,8513,33403,41916
1420,2018-02-01,7837,39348,47185
1420,2018-02-02,7533,43700,51233
1420,2018-02-03,4777,40071,44848
1420,2018-02-04,1983,24323,26306
1420,2018-02-05,7343,39655,46998
1420,2018-02-06,7820,29864,37684
1420,2018-02-07,8339,36001,44340
1420,2018-02-08,8220,40230,48450
1420,2018-02-09,7666,52821,60487
1420,2018-02-10,5130,48570,53700
1420,2018-02-11,2367,25622,27989
1420,2018-02-12,6809,39232,46041
1420,2018-02-13,8396,39138,47534
1420,2018-02-14,8573,40667,49240
1420,2018-02-15,7639,35380,43019
1420,2018-02-16,7738,45624,53362
1420,2018-02-17,5048,46794,51842
1420,2018-02-18,2260,29992,32252
1420,2018-02-19,7041,41051,48092
1420,2018-02-20,7945,39119,47064
1420,2018-02-21,8554,38631,47185
1420,2018-02-22,8198,41266,49464
1420,2018-02-23,7527,49568,57095
1420,2018-02-24,4786,39423,44209
1420,2018-02-25,1831,25325,27156
1420,2018-02-26,7004,40977,47981
1420,2018-02-27,7882,40532,48414
1420,2018-02-28,8260,39865,48125
1420,2018-03-01,7336,42592,49928
1420,2018-03-02,7237,39977,47214
1420,2018-03-03,5306,41699,47005
1420,2018-03-04,2041,26391,28432
1420,2018-03-05,7304,40641,47945
1420,2018-03-06,8155,40412,48567
1420,2018-03-07,8456,39067,47523
1420,2018-03-08,8592,40734,49326
1420,2018-03-09,7541,46023,53564
1420,2018-03-10,4817,40541,45358
1420,2018-03-11,2002,26889,28891
1420,2018-03-12,7247,39469,46716
1420,2018-03-13,8251,39082,47333
1420,2018-03-14,8740,39965,48705
1420,2018-03-15,8702,41697,50399
1420,2018-03-16,7540,43530,51070
1420,2018-03-17,4484,39421,43905
1420,2018-03-18,1874,25527,27401
1420,2018-03-19,7113,42152,49265
1420,2018-03-20,8976,38661,47637
1420,2018-03-21,9308,39366,48674
1420,2018-03-22,8238,40111,48349
1420,2018-03-23,7649,48378,56027
1420,2018-03-24,5585,38721,44306
1420,2018-03-26,7485,38686,46171
1420,2018-03-27,8410,41412,49822
1420,2018-03-28,9026,41897,50923
1420,2018-03-29,8390,49055,57445
1420,2018-03-30,6420,51724,58144
1420,2018-03-31,4830,50250,55080
1420,2018-04-03,6952,45859,52811
1420,2018-04-04,8720,42274,50994
1420,2018-04-05,8341,43987,52328
1420,2018-04-06,10007,48765,58772
1420,2018-04-07,6710,50431,57141
1420,2018-04-08,2362,37679,40041
1420,2018-04-09,7683,47584,55267
1420,2018-04-10,8321,43624,51945
1420,2018-04-11,9263,39881,49144
1420,2018-04-12,9619,45358,54977
1420,2018-04-13,7642,50877,58519
1420,2018-04-14,5242,41291,46533
1420,2018-04-15,2108,31877,33985
1420,2018-04-16,8283,41456,49739
1420,2018-04-17,9318,39576,48894
1420,2018-04-18,9947,39287,49234
1420,2018-04-19,9825,41619,51444
1420,2018-04-20,8286,47831,56117
1420,2018-04-21,5565,36318,41883
1420,2018-04-22,2248,29331,31579
1420,2018-04-23,8243,42575,50818
1420,2018-04-24,8777,42536,51313
1420,2018-04-25,9548,42815,52363
1420,2018-04-26,8626,47227,55853
1420,2018-04-27,8438,53859,62297
1420,2018-04-28,5374,45946,51320
1420,2018-04-29,2317,30007,32324
1420,2018-04-30,7084,44308,51392
1420,2018-05-01,3250,26480,29730
1420,2018-05-02,8567,42511,51078
1420,2018-05-03,8286,45975,54261
1420,2018-05-04,8622,50124,58746
1420,2018-05-05,6232,42653,48885
1420,2018-05-06,3029,31735,34764
1420,2018-05-07,8364,41065,49429
1420,2018-05-08,8600,43268,51868
1420,2018-05-09,8817,47121,55938
1420,2018-05-10,3593,31906,35499
1420,2018-05-11,7109,46245,53354
1420,2018-05-12,5441,40144,45585
1420,2018-05-13,3088,39976,43064
1420,2018-05-14,7341,43817,51158
1420,2018-05-15,8863,40886,49749
1420,2018-05-16,8961,41858,50819
1420,2018-05-17,9271,45168,54439
1420,2018-05-18,8132,52404,60536
1420,2018-05-19,6215,41186,47401
1420,2018-05-20,2052,26418,28470
1420,2018-05-21,2925,33837,36762
1420,2018-05-22,7645,46829,54474
1420,2018-05-23,9209,43194,52403
1420,2018-05-24,8954,46193,55147
1420,2018-05-25,7942,51897,59839
1420,2018-05-26,4207,20873,25080
1420,2018-05-27,2340,28996,31336
1420,2018-05-28,7690,43404,51094
1420,2018-05-29,8448,41987,50435
1420,2018-05-30,9242,42066,51308
1420,2018-05-31,7912,42963,50875
1420,2018-06-01,7759,46100,53859
1420,2018-06-02,5561,39720,45281
1420,2018-06-03,2911,33913,36824
1420,2018-06-04,7368,44632,52000
1420,2018-06-05,8703,41684,50387
1420,2018-06-06,8710,43377,52087
1420,2018-06-07,8820,41843,50663
1420,2018-06-08,7644,52711,60355
1420,2018-06-09,5568,39858,45426
1420,2018-06-10,2758,31381,34139
1420,2018-06-11,8117,43126,51243
1420,2018-06-12,9469,41640,51109
1420,2018-06-13,8650,43549,52199
1420,2018-06-14,8502,46270,54772
1420,2018-06-15,7843,52529,60372
1420,2018-06-16,5486,41598,47084
1420,2018-06-17,2633,34829,37462
1420,2018-06-18,7184,46414,53598
1420,2018-06-19,8055,45098,53153
1420,2018-06-20,9176,43288,52464
1420,2018-06-21,8713,45424,54137
1420,2018-06-22,8260,52141,60401
1420,2018-06-23,5428,43967,49395
1420,2018-06-24,2826,36985,39811
1420,2018-06-25,7547,48594,56141
1420,2018-06-26,8867,43830,52697
1420,2018-06-27,9139,45519,54658
1420,2018-06-28,8718,45453,54171
1420,2018-06-29,8575,58212,66787
1420,2018-06-30,6599,51116,57715
1420,2018-07-01,3557,43567,47124
1420,2018-07-02,7960,47851,55811
1420,2018-07-03,8561,43807,52368
1420,2018-07-04,8795,45581,54376
1420,2018-07-05,9536,45781,55317
1420,2018-07-06,8516,53425,61941
1420,2018-07-07,6066,50561,56627
1420,2018-07-08,3853,42466,46319
1420,2018-07-09,7823,49246,57069
1420,2018-07-10,8196,45727,53923
1420,2018-07-11,8874,47142,56016
1420,2018-07-12,8993,51513,60506
1420,2018-07-13,8411,59619,68030
1420,2018-07-14,5360,48259,53619
1420,2018-07-15,4747,44720,49467
1420,2018-07-16,8403,52199,60602
1420,2018-07-17,8748,46462,55210
1420,2018-07-18,9171,47218,56389
1420,2018-07-19,9427,50252,59679
1420,2018-07-20,8613,59481,68094
1420,2018-07-21,5965,56190,62155
1420,2018-07-22,4649,49200,53849
1420,2018-07-23,7993,54388,62381
1420,2018-07-24,8710,47770,56480
1420,2018-07-25,8997,49578,58575
1420,2018-07-26,9034,51417,60451
1420,2018-07-27,8694,60125,68819
1420,2018-07-28,5724,57419,63143
1420,2018-07-29,4375,48884,53259
1420,2018-07-30,7707,54855,62562
1420,2018-07-31,8635,49816,58451
1420,2018-08-01,8514,50645,59159
1420,2018-08-02,9375,52060,61435
1420,2018-08-03,8531,59895,68426
1420,2018-08-04,5306,52094,57400
1420,2018-08-05,3904,44249,48153
1420,2018-08-06,8737,49165,57902
1420,2018-08-07,8488,45671,54159
1420,2018-08-08,8466,47433,55899
1420,2018-08-09,8822,50258,59080
1420,2018-08-10,8659,57903,66562
1420,2018-08-11,5108,49744,54852
1420,2018-08-12,4128,41351,45479
1420,2018-08-13,8093,47046,55139
1420,2018-08-14,7188,48828,56016
1420,2018-08-15,4503,31676,36179
1420,2018-08-16,8300,48195,56495
1420,2018-08-17,7930,54708,62638
1420,2018-08-18,5656,48017,53673
1420,2018-08-19,3800,40575,44375
1420,2018-08-20,6487,49885,56372
1420,2018-08-21,8073,45685,53758
1420,2018-08-22,9335,45764,55099
1420,2018-08-23,8708,48249,56957
1420,2018-08-24,7149,54951,62100
1420,2018-08-25,4928,46537,51465
1420,2018-08-26,3076,37438,40514
1420,2018-08-27,7202,49187,56389
1420,2018-08-28,8403,46410,54813
1420,2018-08-29,9304,46815,56119
1420,2018-08-30,8298,51767,60065
1420,2018-08-31,7554,59644,67198
1420,2018-09-01,5645,43292,48937
1420,2018-09-02,3423,40166,43589
1420,2018-09-03,7116,49171,56287
1420,2018-09-04,8169,45446,53615
1420,2018-09-05,8999,45499,54498
1420,2018-09-06,7772,46571,54343
1420,2018-09-07,8810,52049,60859
1420,2018-09-08,6329,42652,48981
1420,2018-09-09,3347,37562,40909
1420,2018-09-10,8435,47083,55518
1420,2018-09-11,10330,41917,52247
1420,2018-09-12,10929,42344,53273
1420,2018-09-13,8200,48390,56590
1420,2018-09-14,7650,54023,61673
1420,2018-09-15,4445,28097,32542
1420,2018-09-16,2665,26890,29555
1420,2018-09-17,7579,28026,35605
1420,2018-09-19,7336,23044,30380
1420,2018-09-20,7250,24790,32040
1420,2018-09-21,5775,23933,29708
1420,2018-09-22,4414,28428,32842
1420,2018-09-23,2966,24108,27074
1420,2018-09-24,6627,26283,32910
1420,2018-09-25,7786,23673,31459
1420,2018-09-26,7202,23137,30339
1420,2018-09-27,8081,24745,32826
1420,2018-09-28,6245,24770,31015
1420,2018-09-29,4901,29337,34238
1420,2018-09-30,2566,26643,29209
1420,2018-10-01,6415,29431,35846
1420,2018-10-02,6935,23781,30716
1420,2018-10-03,6304,24702,31006
1420,2018-10-20,4803,34053,38856
1420,2018-10-21,2263,27145,29408
1420,2018-10-22,6864,37680,44544
1420,2018-10-23,7859,35204,43063
1420,2018-10-24,8026,35985,44011
1420,2018-10-25,7900,38436,46336
1420,2018-10-26,6881,42411,49292
1420,2018-10-27,4581,36346,40927
1420,2018-10-30,7755,32440,40195
1420,2018-10-31,7962,38765,46727
1420,2018-11-01,2870,24686,27556
1420,2018-11-02,6334,37121,43455
1420,2018-11-03,4532,34790,39322
1420,2018-11-04,2243,33744,35987
1420,2018-11-05,6857,35215,42072
1420,2018-11-06,7950,34657,42607
1420,2018-11-07,7411,26077,33488
1420,2018-11-08,7254,27557,34811
1420,2018-11-09,7219,36903,44122
1420,2018-11-10,5471,26579,32050
1420,2018-11-11,2095,20767,22862
1420,2018-11-12,6644,33311,39955
1420,2018-11-16,7104,38928,46032
1420,2018-11-17,4609,27381,31990
1420,2018-11-18,1890,22559,24449
1420,2018-11-19,7563,34415,41978
1420,2018-11-20,7989,34265,42254
1420,2018-11-21,8658,32705,41363
1420,2018-11-22,8361,35787,44148
1420,2018-11-23,7538,39623,47161
1420,2018-11-24,4740,29574,34314
1420,2018-11-25,2147,26333,28480
1420,2018-11-26,7216,35643,42859
1420,2018-11-27,8171,33894,42065
1420,2018-11-28,8453,30706,39159
1420,2018-11-29,7953,36773,44726
1420,2018-11-30,7209,40182,47391
1420,2018-12-01,4499,30639,35138
1420,2018-12-02,2102,22550,24652
1420,2018-12-05,8461,35334,43795
1420,2018-12-06,8357,35160,43517
1420,2018-12-07,7286,37364,44650
1420,2018-12-08,5388,28622,34010
1420,2018-12-09,3301,23109,26410
1420,2018-12-10,6856,35873,42729
1420,2018-12-11,8285,34446,42731
1420,2018-12-12,8336,34790,43126
1420,2018-12-13,8330,37545,45875
1420,2018-12-14,7146,43139,50285
1420,2018-12-15,4973,35668,40641
1420,2018-12-16,2447,25045,27492
1420,2018-12-17,7291,35854,43145
1420,2018-12-18,8113,36679,44792
1420,2018-12-19,7702,34749,42451
1420,2018-12-20,7511,39862,47373
1420,2018-12-21,6334,48975,55309
1420,2018-12-22,5529,40846,46375
1420,2018-12-23,3378,28012,31390
1420,2018-12-24,2520,29109,31629
1420,2018-12-25,926,17779,18705
1420,2018-12-26,2264,30402,32666
1420,2018-12-27,4303,42896,47199
1420,2018-12-28,4456,45926,50382
1420,2018-12-29,2943,45922,48865
1420,2018-12-30,1805,29764,31569
1420,2018-12-31,2586,30076,32662
1429,2018-01-01,665,33315,33980
1429,2018-01-02,4219,71512,75731
1429,2018-01-03,4889,76262,81151
1429,2018-01-04,5368,80415,85783
1429,2018-01-05,5563,83157,88720
1429,2018-01-06,2950,57542,60492
1429,2018-01-07,1026,42541,43567
1429,2018-01-08,6136,83814,89950
1429,2018-01-09,6613,89276,95889
1429,2018-01-10,6853,85999,92852
1429,2018-01-11,6972,90414,97386
1429,2018-01-12,6510,94440,100950
1429,2018-01-13,3181,64152,67333
1429,2018-01-14,1061,46579,47640
1429,2018-01-15,6868,86194,93062
1429,2018-01-16,7206,88060,95266
1429,2018-01-17,7439,87208,94647
1429,2018-01-18,7171,90037,97208
1429,2018-01-19,6775,91840,98615
1429,2018-01-20,3249,59787,63036
1429,2018-01-21,1098,42043,43141
1429,2018-01-22,6807,87142,93949
1429,2018-01-23,7099,90791,97890
1429,2018-01-24,7257,89062,96319
1429,2018-01-25,6790,88982,95772
1429,2018-01-26,6726,92773,99499
1429,2018-01-27,3160,62905,66065
1429,2018-01-28,993,43259,44252
1429,2018-01-29,6723,87144,93867
1429,2018-01-30,7012,91124,98136
1429,2018-01-31,7115,86285,93400
1429,2018-02-01,7077,91842,98919
1429,2018-02-02,6866,90825,97691
1429,2018-02-03,3256,62378,65634
1429,2018-02-04,1128,41886,43014
1429,2018-02-05,6570,85872,92442
1429,2018-02-06,6913,84055,90968
1429,2018-02-07,7041,88349,95390
1429,2018-02-08,6839,90495,97334
1429,2018-02-09,6576,84567,91143
1429,2018-02-10,3269,54066,57335
1429,2018-02-11,1036,35463,36499
1429,2018-02-12,5901,75295,81196
1429,2018-02-13,6596,80928,87524
1429,2018-02-14,7078,80106,87184
1429,2018-02-15,6885,81709,88594
1429,2018-02-16,6673,83548,90221
1429,2018-02-17,3288,54872,58160
1429,2018-02-18,1040,41522,42562
1429,2018-02-19,6611,87496,94107
1429,2018-02-20,6650,84009,90659
1429,2018-02-21,7283,86009,93292
1429,2018-02-22,6804,92907,99711
1429,2018-02-23,6666,90058,96724
1429,2018-02-24,3124,58680,61804
1429,2018-02-25,971,43358,44329
1429,2018-02-26,6713,85615,92328
1429,2018-02-27,6907,88274,95181
1429,2018-02-28,7186,90131,97317
1429,2018-03-01,6374,91003,97377
1429,2018-03-02,6004,77161,83165
1429,2018-03-03,3565,61518,65083
1429,2018-03-04,1146,46918,48064
1429,2018-03-05,6743,87875,94618
1429,2018-03-06,7293,88950,96243
1429,2018-03-07,7153,87215,94368
1429,2018-03-08,7274,90720,97994
1429,2018-03-09,6729,90662,97391
1429,2018-03-10,3464,65020,68484
1429,2018-03-11,1181,48512,49693
1429,2018-03-12,6885,86977,93862
1429,2018-03-13,7399,90230,97629
1429,2018-03-14,7666,90933,98599
1429,2018-03-15,6773,84184,90957
1429,2018-03-16,6676,90784,97460
1429,2018-03-17,3471,64341,67812
1429,2018-03-18,1257,42709,43966
1429,2018-03-19,6961,89589,96550
1429,2018-03-20,7447,91944,99391
1429,2018-03-21,7350,93067,100417
1429,2018-03-22,7524,93405,100929
1429,2018-03-23,6979,96412,103391
1429,2018-03-24,3551,71832,75383
1429,2018-03-26,7218,90873,98091
1429,2018-03-27,7312,90494,97806
1429,2018-03-28,7186,91607,98793
1429,2018-03-29,6564,90892,97456
1429,2018-03-30,4706,87154,91860
1429,2018-03-31,2953,58785,61738
1429,2018-04-01,723,42036,42759
1429,2018-04-03,6531,86813,93344
1429,2018-04-04,7112,87953,95065
1429,2018-04-05,7372,90320,97692
1429,2018-04-06,7254,90561,97815
1429,2018-04-07,3795,61960,65755
1429,2018-04-08,1308,48063,49371
1429,2018-04-09,7165,86052,93217
1429,2018-04-10,7208,85366,92574
1429,2018-04-11,7608,90417,98025
1429,2018-04-12,7589,92048,99637
1429,2018-04-13,7043,92798,99841
1429,2018-04-14,3431,62863,66294
1429,2018-04-15,1144,48065,49209
1429,2018-04-16,7075,91373,98448
1429,2018-04-17,7402,94217,101619
1429,2018-04-18,7731,93761,101492
1429,2018-04-19,7339,94088,101427
1429,2018-04-20,7177,95340,102517
1429,2018-04-21,3641,68617,72258
1429,2018-04-22,1213,51260,52473
1429,2018-04-23,7166,92832,99998
1429,2018-04-24,7634,93719,101353
1429,2018-04-25,7801,94332,102133
1429,2018-04-26,7356,98944,106300
1429,2018-04-27,7110,96456,103566
1429,2018-04-28,3472,69264,72736
1429,2018-04-29,1131,49190,50321
1429,2018-04-30,6114,84881,90995
1429,2018-05-01,1264,43427,44691
1429,2018-05-02,7797,94473,102270
1429,2018-05-03,7682,96855,104537
1429,2018-05-04,7209,95581,102790
1429,2018-05-05,3886,69196,73082
1429,2018-05-06,1219,52682,53901
1429,2018-05-07,6920,88732,95652
1429,2018-05-08,6922,92419,99341
1429,2018-05-09,7025,95567,102592
1429,2018-05-10,1400,46848,48248
1429,2018-05-11,6399,86759,93158
1429,2018-05-12,3480,66488,69968
1429,2018-05-13,1237,48915,50152
1429,2018-05-15,7649,91869,99518
1429,2018-05-16,7515,90160,97675
1429,2018-05-17,7460,93028,100488
1429,2018-05-18,7327,92514,99841
1429,2018-05-19,3883,66225,70108
1429,2018-05-20,996,46148,47144
1429,2018-05-21,1213,45118,46331
1429,2018-05-22,7168,87395,94563
1429,2018-05-23,7797,89737,97534
1429,2018-05-24,7909,90147,98056
1429,2018-05-25,7517,88336,95853
1429,2018-05-26,3925,64426,68351
1429,2018-05-27,1239,46189,47428
1429,2018-05-28,7280,90175,97455
1429,2018-05-29,7574,93851,101425
1429,2018-05-30,7843,94346,102189
1429,2018-06-06,7821,91225,99046
1429,2018-06-07,7091,91796,98887
1429,2018-06-08,7288,93637,100925
1429,2018-06-09,3473,57640,61113
1429,2018-06-10,1162,46377,47539
1429,2018-06-11,6936,78825,85761
1429,2018-06-12,7355,89467,96822
1429,2018-06-13,7530,89042,96572
1429,2018-06-14,7334,93741,101075
1429,2018-06-15,7209,92002,99211
1429,2018-06-16,3487,58931,62418
1429,2018-06-17,1221,49647,50868
1429,2018-06-18,7220,90536,97756
1429,2018-06-19,7446,93317,100763
1429,2018-06-20,7749,91205,98954
1429,2018-06-21,7391,94044,101435
1429,2018-06-22,6966,93054,100020
1429,2018-06-23,2677,55571,58248
1429,2018-06-24,1077,49340,50417
1429,2018-06-25,6857,87747,94604
1429,2018-06-26,7359,89722,97081
1429,2018-06-27,7722,92817,100539
1429,2018-06-28,7172,92416,99588
1429,2018-06-29,7139,93729,100868
1429,2018-06-30,3431,70505,73936
1429,2018-07-01,1120,57101,58221
1429,2018-07-02,7208,90144,97352
1429,2018-07-03,7424,93917,101341
1429,2018-07-04,7772,92207,99979
1429,2018-07-05,7567,93353,100920
1429,2018-07-06,7332,86193,93525
1429,2018-07-07,2376,44848,47224
1429,2018-07-08,937,38166,39103
1429,2018-07-09,7148,88024,95172
1429,2018-07-10,7555,91950,99505
1429,2018-07-11,7465,93608,101073
1429,2018-07-12,7013,94641,101654
1429,2018-07-13,7013,94726,101739
1429,2018-07-14,2391,71284,73675
1429,2018-07-15,1182,50673,51855
1429,2018-07-16,7155,87966,95121
1429,2018-07-17,7353,89758,97111
1429,2018-07-18,7435,87465,94900
1429,2018-07-19,7255,89741,96996
1429,2018-07-20,6892,91720,98612
1429,2018-07-21,2680,64041,66721
1429,2018-07-22,1153,52805,53958
1429,2018-07-23,7008,86304,93312
1429,2018-07-24,7226,86986,94212
1429,2018-07-25,7114,87848,94962
1429,2018-07-26,6720,89841,96561
1429,2018-07-27,6057,88590,94647
1429,2018-07-28,2581,60187,62768
1429,2018-07-29,1061,49235,50296
1429,2018-07-30,6159,82792,88951
1429,2018-07-31,6346,83732,90078
1429,2018-08-01,6253,84809,91062
1429,2018-08-02,6068,84534,90602
1429,2018-08-03,5795,86161,91956
1429,2018-08-04,2324,57696,60020
1429,2018-08-05,1061,47423,48484
1429,2018-08-06,5658,78760,84418
1429,2018-08-07,5803,78253,84056
1429,2018-08-08,5628,79208,84836
1429,2018-08-09,5786,81779,87565
1429,2018-08-10,5458,84145,89603
1429,2018-08-11,2234,55235,57469
1429,2018-08-12,1094,45138,46232
1429,2018-08-13,5461,76573,82034
1429,2018-08-14,5838,77782,83620
1429,2018-08-15,1679,44159,45838
1429,2018-08-16,5988,77670,83658
1429,2018-08-17,5592,79264,84856
1429,2018-08-18,2155,53579,55734
1429,2018-08-19,951,45821,46772
1429,2018-08-20,6210,82230,88440
1429,2018-08-21,6638,83203,89841
1429,2018-08-22,6666,83856,90522
1429,2018-08-23,6520,86435,92955
1429,2018-08-24,6511,85886,92397
1429,2018-08-25,2628,49363,51991
1429,2018-08-26,1098,41685,42783
1429,2018-08-27,6743,84845,91588
1429,2018-08-28,6961,86711,93672
1429,2018-08-29,7034,83651,90685
1429,2018-08-30,6786,89013,95799
1429,2018-08-31,6696,87002,93698
1429,2018-09-01,2909,46699,49608
1429,2018-09-02,1102,46976,48078
1429,2018-09-03,6767,84277,91044
1429,2018-09-04,7232,89490,96722
1429,2018-09-05,7380,89035,96415
1429,2018-09-06,7277,92154,99431
1429,2018-09-07,7203,91196,98399
1429,2018-09-08,3337,57694,61031
1429,2018-09-09,1081,46730,47811
1429,2018-09-10,7079,88803,95882
1429,2018-09-11,7519,90919,98438
1429,2018-09-12,7657,91653,99310
1429,2018-09-13,7389,93664,101053
1429,2018-09-14,7110,93574,100684
1429,2018-09-15,3325,58292,61617
1429,2018-09-16,1077,44937,46014
1429,2018-09-17,6417,91002,97419
1429,2018-09-18,7463,92436,99899
1429,2018-09-19,7229,88436,95665
1429,2018-09-20,6935,93208,100143
1429,2018-09-21,7212,94410,101622
1429,2018-09-22,3358,63931,67289
1429,2018-09-23,1044,44688,45732
1429,2018-09-24,6998,91385,98383
1429,2018-09-26,7496,94568,102064
1429,2018-09-27,7084,92710,99794
1429,2018-09-28,7224,97937,105161
1429,2018-09-29,4215,75468,79683
1429,2018-09-30,1260,55138,56398
1429,2018-10-01,6510,90239,96749
1429,2018-10-02,7026,91006,98032
1429,2018-10-03,5190,92537,97727
1429,2018-10-04,7359,92094,99453
1429,2018-10-05,6772,94323,101095
1429,2018-10-06,3352,66439,69791
1429,2018-10-07,1080,49746,50826
1429,2018-10-08,6820,91459,98279
1429,2018-10-09,7269,93357,100626
1429,2018-10-10,7459,89809,97268
1429,2018-10-11,6974,93147,100121
1429,2018-10-12,7177,97615,104792
1429,2018-10-13,3275,67913,71188
1429,2018-10-14,1003,53323,54326
1429,2018-10-15,6776,92975,99751
1429,2018-10-16,7052,92531,99583
1429,2018-10-17,7470,93396,100866
1429,2018-10-18,7289,96003,103292
1429,2018-10-19,6720,95205,101925
1429,2018-10-20,3376,67824,71200
1429,2018-10-21,1137,54746,55883
1429,2018-10-22,6741,89335,96076
1429,2018-10-23,7457,93437,100894
1429,2018-10-24,7801,92679,100480
1429,2018-10-25,7593,95916,103509
1429,2018-10-26,7289,97828,105117
1429,2018-10-27,3434,65986,69420
1429,2018-10-28,1071,47798,48869
1429,2018-10-29,7165,89388,96553
1429,2018-10-30,7521,86558,94079
1429,2018-10-31,7405,91696,99101
1429,2018-11-01,1432,44433,45865
1429,2018-11-02,6317,79076,85393
1429,2018-11-03,3231,59271,62502
1429,2018-11-04,1101,47243,48344
1429,2018-11-05,7109,90321,97430
1429,2018-11-06,7191,91579,98770
1429,2018-11-07,7499,91061,98560
1429,2018-11-08,7581,94835,102416
1429,2018-11-09,7128,91518,98646
1429,2018-11-10,3225,50357,53582
1429,2018-11-11,1210,44665,45875
1429,2018-11-12,7256,86252,93508
1429,2018-11-13,7650,90639,98289
1429,2018-11-14,7534,81844,89378
1429,2018-11-15,7465,92569,100034
1429,2018-11-16,7518,92097,99615
1429,2018-11-17,3295,58394,61689
1429,2018-11-18,978,42370,43348
1429,2018-11-19,7043,81658,88701
1429,2018-11-20,7574,90750,98324
1429,2018-11-21,7857,91039,98896
1429,2018-11-22,7605,88785,96390
1429,2018-11-23,7295,94093,101388
1429,2018-11-24,3477,63743,67220
1429,2018-11-25,1129,52933,54062
1429,2018-11-26,7050,90980,98030
1429,2018-11-27,7554,92831,100385
1429,2018-11-28,7758,91344,99102
1429,2018-11-29,7522,91102,98624
1429,2018-11-30,7320,94468,101788
1429,2018-12-01,3432,64139,67571
1429,2018-12-02,998,48267,49265
1429,2018-12-03,6897,84941,91838
1429,2018-12-06,7560,93472,101032
1429,2018-12-07,7134,90761,97895
1429,2018-12-08,3711,68768,72479
1429,2018-12-09,1039,52302,53341
1429,2018-12-10,7193,88323,95516
1429,2018-12-11,6994,82678,89672
1429,2018-12-12,7598,92446,100044
1429,2018-12-13,7518,88692,96210
1429,2018-12-14,7117,97154,104271
1429,2018-12-15,3547,72079,75626
1429,2018-12-16,1127,49567,50694
1429,2018-12-17,7507,89026,96533
1429,2018-12-18,7290,85882,93172
1429,2018-12-19,7303,91894,99197
1429,2018-12-20,6965,94131,101096
1429,2018-12-21,5875,94332,100207
1429,2018-12-22,2405,62009,64414
1429,2018-12-23,831,46340,47171
1429,2018-12-24,2967,55547,58514
1429,2018-12-25,662,34155,34817
1429,2018-12-26,962,36453,37415
1429,2018-12-27,3820,68375,72195
1429,2018-12-28,3807,69104,72911
1432,2018-01-01,547,9149,9696
1432,2018-01-02,3239,19328,22567
1432,2018-01-03,4071,19622,23693
1432,2018-01-04,3753,19980,23733
1432,2018-01-05,4512,21003,25515
1432,2018-01-06,2708,14983,17691
1432,2018-01-07,993,10628,11621
1432,2018-01-08,4729,22323,27052
1432,2018-01-09,5881,22894,28775
1432,2018-01-10,6003,22662,28665
1432,2018-01-11,5709,23967,29676
1432,2018-01-12,5668,23983,29651
1432,2018-01-13,2791,15661,18452
1432,2018-01-14,1040,11200,12240
1432,2018-01-15,5924,23318,29242
1432,2018-01-16,6673,23210,29883
1432,2018-01-17,6524,23129,29653
1432,2018-01-18,6318,22798,29116
1432,2018-01-19,5169,25073,30242
1432,2018-01-20,2684,14242,16926
1432,2018-01-21,1083,10508,11591
1432,2018-01-22,5709,22985,28694
1432,2018-01-23,6663,23233,29896
1432,2018-01-24,5922,23674,29596
1432,2018-01-25,5815,22918,28733
1432,2018-01-26,5350,24490,29840
1432,2018-01-27,2926,16697,19623
1432,2018-01-28,1253,11920,13173
1432,2018-01-29,5843,23958,29801
1432,2018-01-30,6250,24126,30376
1432,2018-01-31,6407,24836,31243
1432,2018-02-01,5742,24835,30577
1432,2018-02-02,5806,25380,31186
1432,2018-02-03,2974,16356,19330
1432,2018-02-04,1171,11727,12898
1432,2018-02-05,5988,24094,30082
1432,2018-02-06,6043,23428,29471
1432,2018-02-07,6536,24361,30897
1432,2018-02-08,6129,23443,29572
1432,2018-02-09,5804,24581,30385
1432,2018-02-10,3182,16027,19209
1432,2018-02-11,978,10496,11474
1432,2018-02-12,4903,18746,23649
1432,2018-02-13,6280,21813,28093
1432,2018-02-14,6772,24531,31303
1432,2018-02-15,6013,23840,29853
1432,2018-02-16,5704,26032,31736
1432,2018-02-17,2797,16738,19535
1432,2018-02-18,1156,13409,14565
1432,2018-02-19,5393,24414,29807
1432,2018-02-20,6532,23985,30517
1432,2018-02-21,5999,24499,30498
1432,2018-02-22,6425,24666,31091
1432,2018-02-23,5711,25578,31289
1432,2018-02-24,2956,17251,20207
1432,2018-02-25,1003,12371,13374
1432,2018-02-26,5060,19480,24540
1432,2018-02-27,6350,23821,30171
1432,2018-02-28,6694,24888,31582
1432,2018-03-01,5769,25133,30902
1432,2018-03-02,5328,21935,27263
1432,2018-03-03,3218,15004,18222
1432,2018-03-04,1262,12394,13656
1432,2018-03-05,6009,23724,29733
1432,2018-03-06,6130,23777,29907
1432,2018-03-07,6379,24288,30667
1432,2018-03-08,5878,24772,30650
1432,2018-03-09,6141,25079,31220
1432,2018-03-10,3103,17618,20721
1432,2018-03-11,1128,14016,15144
1432,2018-03-12,6090,23687,29777
1432,2018-03-13,6698,23150,29848
1432,2018-03-14,6754,24237,30991
1432,2018-03-15,6870,23743,30613
1432,2018-03-16,6145,25012,31157
1432,2018-03-17,3007,16587,19594
1432,2018-03-18,1173,11634,12807
1432,2018-03-19,5709,24686,30395
1432,2018-03-20,6437,24651,31088
1432,2018-03-21,6604,25103,31707
1432,2018-03-22,6423,24080,30503
1432,2018-03-23,6567,26316,32883
1432,2018-03-24,3822,19884,23706
1432,2018-03-26,6435,25509,31944
1432,2018-03-27,6571,25648,32219
1432,2018-03-28,6945,24357,31302
1432,2018-03-29,6313,28346,34659
1432,2018-03-30,3233,26231,29464
1432,2018-03-31,2495,18823,21318
1432,2018-04-01,311,7987,8298
1432,2018-04-02,474,10663,11137
1432,2018-04-03,2996,19552,22548
1432,2018-04-04,3665,18980,22645
1432,2018-04-05,3842,19390,23232
1432,2018-04-06,3443,20608,24051
1432,2018-04-07,2102,14225,16327
1432,2018-04-08,495,10935,11430
1432,2018-04-10,7019,26392,33411
1432,2018-04-11,6967,27164,34131
1432,2018-04-12,7011,27028,34039
1432,2018-04-13,6604,28049,34653
1432,2018-04-14,3082,19672,22754
1432,2018-04-15,1346,16393,17739
1432,2018-04-16,6409,25571,31980
1432,2018-04-17,6387,25088,31475
1432,2018-04-18,7227,25191,32418
1432,2018-04-19,6598,24936,31534
1432,2018-04-20,6183,26778,32961
1432,2018-04-21,3345,18545,21890
1432,2018-04-22,1325,15569,16894
1432,2018-04-23,6156,25987,32143
1432,2018-04-24,7190,25675,32865
1432,2018-04-25,7777,26071,33848
1432,2018-04-26,7161,26968,34129
1432,2018-04-27,6635,30115,36750
1432,2018-04-28,3566,20420,23986
1432,2018-04-29,1495,17277,18772
1432,2018-04-30,5348,23829,29177
1432,2018-05-01,1556,14994,16550
1432,2018-05-02,6064,25796,31860
1432,2018-05-03,6752,23991,30743
1432,2018-05-04,5930,24037,29967
1432,2018-05-05,3548,19626,23174
1432,2018-05-06,1501,16954,18455
1432,2018-05-07,5754,21433,27187
1432,2018-05-08,5950,22210,28160
1432,2018-05-09,6528,23642,30170
1432,2018-05-10,1842,16050,17892
1432,2018-05-11,5393,21974,27367
1432,2018-05-12,2768,19690,22458
1432,2018-05-13,1770,16962,18732
1432,2018-05-16,7419,20875,28294
1432,2018-05-17,7101,21002,28103
1432,2018-05-18,5933,25087,31020
1432,2018-05-19,3718,21577,25295
1432,2018-05-20,1217,16410,17627
1432,2018-05-21,1536,16792,18328
1432,2018-05-23,6846,20717,27563
1432,2018-05-24,6357,20732,27089
1432,2018-05-25,6716,23664,30380
1432,2018-05-26,4067,20129,24196
1432,2018-05-27,1513,15695,17208
1432,2018-05-28,6402,20869,27271
1432,2018-05-29,6553,21148,27701
1432,2018-05-30,6802,22547,29349
1432,2018-05-31,3031,23546,26577
1432,2018-06-01,6571,22538,29109
1432,2018-06-02,3639,19024,22663
1432,2018-06-03,1460,17696,19156
1432,2018-06-04,6185,20541,26726
1432,2018-06-05,6784,20465,27249
1432,2018-06-06,6870,20950,27820
1432,2018-06-07,6638,21133,27771
1432,2018-06-08,6656,22370,29026
1432,2018-06-09,3518,18661,22179
1432,2018-06-10,1410,15730,17140
1432,2018-06-11,6077,21114,27191
1432,2018-06-12,7080,21269,28349
1432,2018-06-13,7047,20912,27959
1432,2018-06-14,6683,20537,27220
1432,2018-06-15,6593,23042,29635
1432,2018-06-16,3393,19080,22473
1432,2018-06-17,1790,15973,17763
1432,2018-06-18,6387,21228,27615
1432,2018-06-19,6266,21043,27309
1432,2018-06-20,6843,20387,27230
1432,2018-06-21,6459,22380,28839
1432,2018-06-22,6758,23849,30607
1432,2018-06-23,3692,21022,24714
1432,2018-06-24,1506,17741,19247
1432,2018-06-25,6099,21729,27828
1432,2018-06-26,6946,20520,27466
1432,2018-06-27,6549,21276,27825
1432,2018-06-28,6234,22247,28481
1432,2018-06-29,6434,22729,29163
1432,2018-06-30,3875,21333,25208
1432,2018-07-01,1499,18850,20349
1432,2018-07-02,6424,20679,27103
1432,2018-07-03,6514,20088,26602
1432,2018-07-04,7124,20206,27330
1432,2018-07-05,7006,21242,28248
1432,2018-07-06,6265,22989,29254
1432,2018-07-07,2849,19532,22381
1432,2018-07-08,1644,17098,18742
1432,2018-07-09,6380,21245,27625
1432,2018-07-10,6592,22839,29431
1432,2018-07-11,6716,23788,30504
1432,2018-07-12,6722,24490,31212
1432,2018-07-13,6534,27989,34523
1432,2018-07-14,3222,22082,25304
1432,2018-07-15,1875,16734,18609
1432,2018-07-16,6821,24483,31304
1432,2018-07-17,7037,23434,30471
1432,2018-07-18,7802,24993,32795
1432,2018-07-19,6788,26416,33204
1432,2018-07-20,6011,28037,34048
1432,2018-07-21,2837,21422,24259
1432,2018-07-22,1949,16979,18928
1432,2018-07-23,6434,24483,30917
1432,2018-07-24,5870,23629,29499
1432,2018-07-25,6666,23673,30339
1432,2018-07-26,6520,24198,30718
1432,2018-07-27,6272,24709,30981
1432,2018-07-28,2972,21308,24280
1432,2018-07-29,1881,17338,19219
1432,2018-07-30,5458,23640,29098
1432,2018-07-31,5901,23575,29476
1432,2018-08-01,6454,23426,29880
1432,2018-08-02,5881,24471,30352
1432,2018-08-03,5658,26784,32442
1432,2018-08-04,2720,21001,23721
1432,2018-08-05,1757,17443,19200
1432,2018-08-06,4926,23811,28737
1432,2018-08-07,5625,23094,28719
1432,2018-08-08,5982,23627,29609
1432,2018-08-09,5231,24373,29604
1432,2018-08-10,5440,27003,32443
1432,2018-08-11,2754,19504,22258
1432,2018-08-12,1744,15980,17724
1432,2018-08-13,5333,24054,29387
1432,2018-08-14,5632,24556,30188
1432,2018-08-15,2588,17459,20047
1432,2018-08-16,5435,25349,30784
1432,2018-08-17,5322,25893,31215
1432,2018-08-18,2198,19880,22078
1432,2018-08-19,1669,16445,18114
1432,2018-08-20,5704,25305,31009
1432,2018-08-21,6302,23946,30248
1432,2018-08-22,5610,25391,31001
1432,2018-08-23,6360,25389,31749
1432,2018-08-24,6279,27741,34020
1432,2018-08-25,3066,20590,23656
1432,2018-08-26,2032,17130,19162
1432,2018-08-27,6603,24911,31514
1432,2018-08-28,5938,25865,31803
1432,2018-08-29,6769,25882,32651
1432,2018-08-30,6991,26797,33788
1432,2018-08-31,5828,29019,34847
1432,2018-09-01,3037,19999,23036
1432,2018-09-02,1342,16640,17982
1432,2018-09-03,5717,26090,31807
1432,2018-09-04,6593,26023,32616
1432,2018-09-05,6783,25177,31960
1432,2018-09-06,6656,26474,33130
1432,2018-09-07,6858,26684,33542
1432,2018-09-08,3658,19415,23073
1432,2018-09-09,1480,16415,17895
1432,2018-09-10,6383,27481,33864
1432,2018-09-11,6828,25160,31988
1432,2018-09-12,6981,24240,31221
1432,2018-09-13,7013,26191,33204
1432,2018-09-14,6664,27580,34244
1432,2018-09-15,3622,19464,23086
1432,2018-09-16,1525,15835,17360
1432,2018-09-17,6137,25016,31153
1432,2018-09-18,6840,25386,32226
1432,2018-09-19,6607,25088,31695
1432,2018-09-20,6783,25806,32589
1432,2018-09-21,6668,26778,33446
1432,2018-09-22,3598,18590,22188
1432,2018-09-23,1321,13811,15132
1432,2018-09-24,6412,24061,30473
1432,2018-09-25,7209,24901,32110
1432,2018-09-26,6559,25916,32475
1432,2018-09-27,7380,25330,32710
1432,2018-09-28,6551,27499,34050
1432,2018-09-29,3506,21069,24575
1432,2018-09-30,1856,17291,19147
1432,2018-10-01,6256,24407,30663
1432,2018-10-02,6371,24630,31001
1432,2018-10-03,3350,26774,30124
1432,2018-10-04,6516,25046,31562
1432,2018-10-05,6375,25960,32335
1432,2018-10-06,3607,19975,23582
1432,2018-10-07,1727,14564,16291
1432,2018-10-08,6728,23244,29972
1432,2018-10-09,6987,23308,30295
1432,2018-10-10,5039,19338,24377
1432,2018-10-11,3315,18226,21541
1432,2018-10-12,3348,19686,23034
1432,2018-10-13,1708,13661,15369
1432,2018-10-14,561,9762,10323
1432,2018-10-15,3210,18708,21918
1432,2018-10-16,3630,18225,21855
1432,2018-10-17,3646,18733,22379
1432,2018-10-18,3042,19660,22702
1432,2018-10-19,3258,19905,23163
1432,2018-10-20,1562,11913,13475
1432,2018-10-21,524,9075,9599
1432,2018-10-22,3451,18431,21882
1432,2018-10-23,3567,18598,22165
1432,2018-10-24,3462,18588,22050
1432,2018-10-25,2995,19611,22606
1432,2018-10-26,3435,20273,23708
1432,2018-10-27,1580,12084,13664
1432,2018-10-28,459,9591,10050
1432,2018-10-31,4640,27993,32633
1432,2018-11-01,1072,13665,14737
1432,2018-11-02,4385,23613,27998
1432,2018-11-03,2351,18539,20890
1432,2018-11-04,778,15502,16280
1432,2018-11-05,4692,24839,29531
1432,2018-11-06,5073,23611,28684
1432,2018-11-07,5196,25421,30617
1432,2018-11-08,5214,26246,31460
1432,2018-11-09,4897,26162,31059
1432,2018-11-10,2733,17018,19751
1432,2018-11-11,867,12850,13717
1432,2018-11-12,4855,25601,30456
1432,2018-11-13,5153,25151,30304
1432,2018-11-14,5057,26314,31371
1432,2018-11-15,5203,25544,30747
1432,2018-11-16,4253,27188,31441
1432,2018-11-17,2454,17315,19769
1432,2018-11-18,672,13338,14010
1432,2018-11-19,4522,25556,30078
1432,2018-11-20,4745,25687,30432
1432,2018-11-21,5084,25989,31073
1432,2018-11-22,4837,26236,31073
1432,2018-11-23,4905,26461,31366
1432,2018-11-24,2695,17141,19836
1432,2018-11-25,716,13725,14441
1432,2018-11-26,4896,25678,30574
1432,2018-11-27,5251,25561,30812
1432,2018-11-28,5265,25709,30974
1432,2018-11-29,5219,26185,31404
1432,2018-11-30,4924,27020,31944
1432,2018-12-01,2564,19735,22299
1432,2018-12-02,679,13830,14509
1432,2018-12-03,4418,24098,28516
1432,2018-12-07,4772,26522,31294
1432,2018-12-08,2711,18991,21702
1432,2018-12-09,800,13891,14691
1432,2018-12-10,4861,25314,30175
1432,2018-12-11,5120,25704,30824
1432,2018-12-12,5249,26609,31858
1432,2018-12-13,5215,26619,31834
1432,2018-12-14,4773,27678,32451
1432,2018-12-15,2644,20210,22854
1432,2018-12-16,819,12610,13429
1432,2018-12-17,4873,25233,30106
1432,2018-12-18,4850,26459,31309
1432,2018-12-19,4520,26690,31210
1432,2018-12-20,4440,26354,30794
1432,2018-12-21,3432,26302,29734
1432,2018-12-22,1334,18739,20073
1432,2018-12-23,484,12597,13081
1432,2018-12-24,1347,10602,11949
1432,2018-12-25,441,8072,8513
1432,2018-12-27,2161,18808,20969
1432,2018-12-28,2213,19284,21497
1441,2018-01-01,458,21952,22410
1441,2018-01-02,1744,41108,42852
1441,2018-01-03,2082,41984,44066
1441,2018-01-04,3074,44596,47670
1441,2018-01-05,2790,48391,51181
1441,2018-01-06,889,39264,40153
1441,2018-01-07,235,28014,28249
1441,2018-01-08,3161,48051,51212
1441,2018-01-09,3230,49746,52976
1441,2018-01-10,3574,49481,53055
1441,2018-01-11,3813,51245,55058
1441,2018-01-12,3542,53550,57092
1441,2018-01-13,826,43535,44361
1441,2018-01-14,217,30437,30654
1441,2018-01-15,3607,45135,48742
1441,2018-01-16,4283,46726,51009
1441,2018-01-17,3886,48986,52872
1441,2018-01-18,3922,48975,52897
1441,2018-01-19,3522,52544,56066
1441,2018-01-20,1338,40868,42206
1441,2018-01-21,335,28020,28355
1441,2018-01-22,3933,48014,51947
1441,2018-01-23,3759,50255,54014
1441,2018-01-24,4203,49303,53506
1441,2018-01-25,4697,48236,52933
1441,2018-01-26,3489,52708,56197
1441,2018-01-27,905,43620,44525
1441,2018-01-28,252,29919,30171
1441,2018-01-29,3705,48277,51982
1441,2018-01-30,3801,51131,54932
1441,2018-01-31,4894,46831,51725
1441,2018-02-01,3716,51212,54928
1441,2018-02-02,3905,52016,55921
1441,2018-02-03,797,43765,44562
1441,2018-02-04,382,28709,29091
1441,2018-02-05,3775,48413,52188
1441,2018-02-06,3015,39884,42899
1441,2018-02-07,3492,48646,52138
1441,2018-02-08,3174,51407,54581
1441,2018-02-09,3226,51400,54626
1441,2018-02-10,991,38377,39368
1441,2018-02-11,370,25650,26020
1441,2018-02-12,3048,46660,49708
1441,2018-02-13,3274,48496,51770
1441,2018-02-14,3340,49299,52639
1441,2018-02-15,3886,47228,51114
1441,2018-02-16,3534,50430,53964
1441,2018-02-17,999,40201,41200
1441,2018-02-18,251,29828,30079
1441,2018-02-19,3798,48630,52428
1441,2018-02-20,3537,50427,53964
1441,2018-02-21,3503,50127,53630
1441,2018-02-22,3362,51963,55325
1441,2018-02-23,3397,53094,56491
1441,2018-02-24,770,42729,43499
1441,2018-02-25,158,29132,29290
1441,2018-02-26,3136,50336,53472
1441,2018-02-27,3142,51269,54411
1441,2018-02-28,3233,50928,54161
1441,2018-03-01,3114,52512,55626
1441,2018-03-02,3254,48552,51806
1441,2018-03-03,931,36882,37813
1441,2018-03-04,293,28479,28772
1441,2018-03-05,3668,50333,54001
1441,2018-03-06,3887,50690,54577
1441,2018-03-07,4428,50020,54448
1441,2018-03-08,4355,51094,55449
1441,2018-03-09,4405,52309,56714
1441,2018-03-10,1190,37840,39030
1441,2018-03-11,439,31385,31824
1441,2018-03-12,4299,48764,53063
1441,2018-03-13,4680,49942,54622
1441,2018-03-14,3780,51114,54894
1441,2018-03-15,4334,50953,55287
1441,2018-03-16,4245,52663,56908
1441,2018-03-17,1000,43896,44896
1441,2018-03-18,231,28385,28616
1441,2018-03-19,2992,49106,52098
1441,2018-03-20,3721,51702,55423
1441,2018-03-21,3650,51295,54945
1441,2018-03-22,4311,50395,54706
1441,2018-03-23,4317,53333,57650
1441,2018-03-24,1232,45612,46844
1441,2018-03-26,3872,50705,54577
1441,2018-03-27,4328,51463,55791
1441,2018-03-28,4476,51217,55693
1441,2018-03-29,3881,53604,57485
1441,2018-03-30,3718,55762,59480
1441,2018-03-31,958,43733,44691
1441,2018-04-01,188,28811,28999
1441,2018-04-02,222,26288,26510
1441,2018-04-03,3829,48459,52288
1441,2018-04-04,3952,42953,46905
1441,2018-04-05,4250,50276,54526
1441,2018-04-06,3690,52376,56066
1441,2018-04-07,1006,42643,43649
1441,2018-04-08,216,30857,31073
1441,2018-04-10,4256,49445,53701
1441,2018-04-11,4013,50555,54568
1441,2018-04-12,4048,50607,54655
1441,2018-04-13,3942,52647,56589
1441,2018-04-14,1254,44181,45435
1441,2018-04-15,254,32158,32412
1441,2018-04-16,4071,51060,55131
1441,2018-04-17,4217,52467,56684
1441,2018-04-18,4268,52397,56665
1441,2018-04-19,4037,51550,55587
1441,2018-04-20,3860,55034,58894
1441,2018-04-21,1560,45728,47288
1441,2018-04-22,246,32275,32521
1441,2018-04-23,3468,51117,54585
1441,2018-04-24,3828,52910,56738
1441,2018-04-25,3772,52403,56175
1441,2018-04-26,3773,54357,58130
1441,2018-04-27,3877,55983,59860
1441,2018-04-28,958,44515,45473
1441,2018-04-29,616,29713,30329
1441,2018-04-30,2767,48954,51721
1441,2018-05-01,237,29308,29545
1441,2018-05-02,3631,52547,56178
1441,2018-05-03,3612,53719,57331
1441,2018-05-04,3620,55649,59269
1441,2018-05-05,1504,46785,48289
1441,2018-05-06,353,32258,32611
1441,2018-05-07,3539,51130,54669
1441,2018-05-08,3375,53303,56678
1441,2018-05-09,3348,54698,58046
1441,2018-05-10,277,29108,29385
1441,2018-05-11,2335,52012,54347
1441,2018-05-12,736,43785,44521
1441,2018-05-13,267,30711,30978
1441,2018-05-14,3479,49866,53345
1441,2018-05-15,3767,51938,55705
1441,2018-05-16,3562,52191,55753
1441,2018-05-17,3716,53930,57646
1441,2018-05-18,3591,54730,58321
1441,2018-05-19,1018,42494,43512
1441,2018-05-20,239,28641,28880
1441,2018-05-21,228,26906,27134
1441,2018-05-22,3489,50608,54097
1441,2018-05-23,3453,50615,54068
1441,2018-05-24,3189,49709,52898
1441,2018-05-25,2992,52886,55878
1441,2018-05-26,1003,43055,44058
1441,2018-05-27,269,29927,30196
1441,2018-05-28,3219,51343,54562
1441,2018-05-29,3961,51604,55565
1441,2018-05-30,3096,52352,55448
1441,2018-05-31,3024,53509,56533
1441,2018-06-01,3365,53704,57069
1441,2018-06-02,1038,44277,45315
1441,2018-06-03,233,31523,31756
1441,2018-06-04,3483,48153,51636
1441,2018-06-05,4109,48599,52708
1441,2018-06-06,4433,51957,56390
1441,2018-06-07,4647,51912,56559
1441,2018-06-08,4255,55020,59275
1441,2018-06-09,1023,46527,47550
1441,2018-06-10,358,33649,34007
1441,2018-06-11,4046,45273,49319
1441,2018-06-12,4528,49706,54234
1441,2018-06-13,3909,52160,56069
1441,2018-06-14,4165,53942,58107
1441,2018-06-15,4314,54593,58907
1441,2018-06-16,1096,45958,47054
1441,2018-06-17,213,33285,33498
1441,2018-06-18,4016,51161,55177
1441,2018-06-19,4065,52817,56882
1441,2018-06-20,4449,52035,56484
1441,2018-06-21,4150,53417,57567
1441,2018-06-22,4030,54139,58169
1441,2018-06-23,502,36363,36865
1441,2018-06-24,228,30375,30603
1441,2018-06-25,4120,51522,55642
1441,2018-06-26,3852,51558,55410
1441,2018-06-27,4131,52484,56615
1441,2018-06-28,4062,53544,57606
1441,2018-06-29,4127,56145,60272
1441,2018-06-30,1202,46457,47659
1441,2018-07-01,236,34648,34884
1441,2018-07-02,4203,51964,56167
1441,2018-07-03,4008,52127,56135
1441,2018-07-04,4218,52957,57175
1441,2018-07-05,4728,52030,56758
1441,2018-07-06,4224,54467,58691
1441,2018-07-07,1447,46760,48207
1441,2018-07-08,283,34796,35079
1441,2018-07-09,4127,52319,56446
1441,2018-07-10,4217,53274,57491
1441,2018-07-11,4388,53450,57838
1441,2018-07-12,4246,54958,59204
1441,2018-07-13,4253,55524,59777
1441,2018-07-14,1075,46287,47362
1441,2018-07-15,272,31330,31602
1441,2018-07-16,4109,50767,54876
1441,2018-07-17,4355,51294,55649
1441,2018-07-18,4395,51659,56054
1441,2018-07-19,4165,52592,56757
1441,2018-07-20,4112,54215,58327
1441,2018-07-21,1520,43039,44559
1441,2018-07-22,243,29973,30216
1441,2018-07-23,4216,50963,55179
1441,2018-07-24,4044,51499,55543
1441,2018-07-25,4059,50226,54285
1441,2018-07-26,3680,52624,56304
1441,2018-07-27,2696,51303,53999
1441,2018-07-28,610,37630,38240
1441,2018-07-29,224,27978,28202
1441,2018-07-30,2449,45769,48218
1441,2018-07-31,2625,46333,48958
1441,2018-08-01,2625,46698,49323
1441,2018-08-02,2533,46630,49163
1441,2018-08-03,2506,46278,48784
1441,2018-08-04,583,33253,33836
1441,2018-08-05,267,24760,25027
1441,2018-08-06,2241,40325,42566
1441,2018-08-07,2357,42522,44879
1441,2018-08-08,2407,42888,45295
1441,2018-08-09,2442,42687,45129
1441,2018-08-10,2349,43557,45906
1441,2018-08-11,641,31636,32277
1441,2018-08-12,261,24010,24271
1441,2018-08-13,2088,39944,42032
1441,2018-08-14,2180,42832,45012
1441,2018-08-15,390,23855,24245
1441,2018-08-16,2133,42118,44251
1441,2018-08-17,1979,43136,45115
1441,2018-08-18,547,32098,32645
1441,2018-08-19,176,24887,25063
1441,2018-08-20,2895,45409,48304
1441,2018-08-21,2981,45242,48223
1441,2018-08-22,3182,45613,48795
1441,2018-08-23,3265,47142,50407
1441,2018-08-24,3207,49095,52302
1441,2018-08-25,765,37036,37801
1441,2018-08-26,266,28583,28849
1441,2018-08-27,3639,48519,52158
1441,2018-08-28,3610,49754,53364
1441,2018-08-29,3923,48407,52330
1441,2018-08-30,4211,49387,53598
1441,2018-08-31,3860,51881,55741
1441,2018-09-01,1061,42078,43139
1441,2018-09-02,221,30047,30268
1441,2018-09-03,3735,49652,53387
1441,2018-09-04,3979,51507,55486
1441,2018-09-05,4196,47216,51412
1441,2018-09-06,3733,47230,50963
1441,2018-09-07,3950,51953,55903
1441,2018-09-08,1098,44141,45239
1441,2018-09-09,252,33656,33908
1441,2018-09-10,4235,51896,56131
1441,2018-09-11,4085,53953,58038
1441,2018-09-12,4218,53265,57483
1441,2018-09-13,4189,54009,58198
1441,2018-09-14,4160,54616,58776
1441,2018-09-15,992,46423,47415
1441,2018-09-16,277,33398,33675
1441,2018-09-17,4090,53733,57823
1441,2018-09-18,4182,54991,59173
1441,2018-09-19,4270,54540,58810
1441,2018-09-20,4039,55569,59608
1441,2018-09-21,4308,56032,60340
1441,2018-09-22,1067,47195,48262
1441,2018-09-23,365,30167,30532
1441,2018-09-24,3650,53365,57015
1441,2018-09-25,3811,53187,56998
1441,2018-09-26,4313,54176,58489
1441,2018-09-27,4116,55714,59830
1441,2018-09-28,4353,57663,62016
1441,2018-09-29,1457,51557,53014
1441,2018-09-30,307,37796,38103
1441,2018-10-01,4058,52428,56486
1441,2018-10-02,4271,53400,57671
1441,2018-10-03,4344,54216,58560
1441,2018-10-04,4146,55465,59611
1441,2018-10-05,4152,56233,60385
1441,2018-10-06,1228,49350,50578
1441,2018-10-07,247,34207,34454
1441,2018-10-08,4337,52202,56539
1441,2018-10-09,4383,54100,58483
1441,2018-10-10,4445,54177,58622
1441,2018-10-11,4213,53662,57875
1441,2018-10-12,4174,56694,60868
1441,2018-10-13,919,48517,49436
1441,2018-10-14,237,34987,35224
1441,2018-10-15,4053,52895,56948
1441,2018-10-16,4173,53883,58056
1441,2018-10-17,4336,53998,58334
1441,2018-10-18,4285,55740,60025
1441,2018-10-19,4421,57102,61523
1441,2018-10-20,1142,49477,50619
1441,2018-10-21,248,35809,36057
1441,2018-10-22,4095,51782,55877
1441,2018-10-23,4337,53775,58112
1441,2018-10-24,4362,52908,57270
1441,2018-10-25,4312,55595,59907
1441,2018-10-26,4418,57377,61795
1441,2018-10-27,1031,48564,49595
1441,2018-10-28,204,32277,32481
1441,2018-10-29,4233,51905,56138
1441,2018-10-30,5232,48994,54226
1441,2018-10-31,4498,54891,59389
1441,2018-11-01,341,31830,32171
1441,2018-11-02,3223,50325,53548
1441,2018-11-03,748,43515,44263
1441,2018-11-04,196,31709,31905
1441,2018-11-05,3897,45263,49160
1441,2018-11-06,3628,46964,50592
1441,2018-11-07,4368,51387,55755
1441,2018-11-08,4523,54189,58712
1441,2018-11-09,4121,55243,59364
1441,2018-11-10,1640,44014,45654
1441,2018-11-14,4220,52247,56467
1441,2018-11-15,4082,53397,57479
1441,2018-11-16,4256,55230,59486
1441,2018-11-17,1100,47486,48586
1441,2018-11-18,237,34221,34458
1441,2018-11-19,4385,49876,54261
1441,2018-11-20,4169,50355,54524
1441,2018-11-21,4367,52420,56787
1441,2018-11-22,4160,53450,57610
1441,2018-11-23,3648,54071,57719
1441,2018-11-24,1476,47036,48512
1441,2018-11-25,218,34660,34878
1441,2018-11-26,4149,51602,55751
1441,2018-11-27,4419,52508,56927
1441,2018-11-29,4368,54420,58788
1441,2018-11-30,4451,56056,60507
1441,2018-12-01,1149,47692,48841
1441,2018-12-02,351,33784,34135
1441,2018-12-03,4824,47962,52786
1441,2018-12-04,3993,53186,57179
1441,2018-12-05,4087,53347,57434
1441,2018-12-06,4372,53136,57508
1441,2018-12-07,4680,54250,58930
1441,2018-12-08,1445,46728,48173
1441,2018-12-09,455,32107,32562
1441,2018-12-10,4063,51981,56044
1441,2018-12-11,4146,53352,57498
1441,2018-12-12,4513,52752,57265
1441,2018-12-13,4284,55510,59794
1441,2018-12-14,4315,57764,62079
1441,2018-12-15,888,50972,51860
1441,2018-12-16,608,32834,33442
1441,2018-12-17,4675,51245,55920
1441,2018-12-18,4450,54325,58775
1441,2018-12-19,4818,53406,58224
1441,2018-12-20,4611,55134,59745
1441,2018-12-21,3860,55675,59535
1441,2018-12-22,813,44213,45026
1441,2018-12-23,441,31783,32224
1441,2018-12-24,1034,41247,42281
1441,2018-12-25,106,24905,25011
1441,2018-12-26,235,26158,26393
1441,2018-12-27,1525,42877,44402
1441,2018-12-29,565,36754,37319
1441,2018-12-31,955,38178,39133
1448,2018-01-01,334,9316,9650
1448,2018-01-02,1329,18670,19999
1448,2018-01-03,1847,17097,18944
1448,2018-01-04,2457,19668,22125
1448,2018-01-05,2254,21137,23391
1448,2018-01-07,529,11440,11969
1448,2018-01-08,2660,21215,23875
1448,2018-01-09,2972,21960,24932
1448,2018-01-10,3029,21437,24466
1448,2018-01-11,2751,21776,24527
1448,2018-01-12,2737,23129,25866
1448,2018-01-13,1736,17431,19167
1448,2018-01-14,534,11580,12114
1448,2018-01-15,2998,21035,24033
1448,2018-01-16,3226,21681,24907
1448,2018-01-17,3230,21223,24453
1448,2018-01-18,3235,22145,25380
1448,2018-01-19,2970,22772,25742
1448,2018-01-20,1844,17108,18952
1448,2018-01-21,596,11114,11710
1448,2018-01-22,3007,22046,25053
1448,2018-01-23,2920,22240,25160
1448,2018-01-24,3562,22559,26121
1448,2018-01-25,3306,22895,26201
1448,2018-01-26,3066,24452,27518
1448,2018-01-27,2074,19021,21095
1448,2018-01-28,629,11257,11886
1448,2018-01-29,2652,21880,24532
1448,2018-01-30,2626,22605,25231
1448,2018-01-31,3111,20662,23773
1448,2018-02-01,2908,22681,25589
1448,2018-02-02,2851,22832,25683
1448,2018-02-03,1601,18180,19781
1448,2018-02-04,598,10723,11321
1448,2018-02-05,3108,21321,24429
1448,2018-02-06,3591,20453,24044
1448,2018-02-07,3242,21286,24528
1448,2018-02-08,2305,17850,20155
1448,2018-02-09,3052,24007,27059
1448,2018-02-10,1719,18438,20157
1448,2018-02-11,680,10627,11307
1448,2018-02-12,2605,19273,21878
1448,2018-02-13,3250,21128,24378
1448,2018-02-14,3510,22013,25523
1448,2018-02-15,3580,21127,24707
1448,2018-02-16,2829,24267,27096
1448,2018-02-17,1842,18827,20669
1448,2018-02-18,717,13596,14313
1448,2018-02-19,3149,21446,24595
1448,2018-02-20,3612,21740,25352
1448,2018-02-21,3583,21921,25504
1448,2018-02-22,3264,22259,25523
1448,2018-02-23,2992,23346,26338
1448,2018-02-24,1776,18511,20287
1448,2018-02-25,560,11913,12473
1448,2018-02-26,2934,20581,23515
1448,2018-02-27,3108,21590,24698
1448,2018-02-28,3151,22001,25152
1448,2018-03-01,3080,22428,25508
1448,2018-03-02,2936,19360,22296
1448,2018-03-03,2034,16505,18539
1448,2018-03-04,1125,10781,11906
1448,2018-03-05,3510,21497,25007
1448,2018-03-06,3355,21943,25298
1448,2018-03-07,3832,21415,25247
1448,2018-03-08,3320,22523,25843
1448,2018-03-09,4160,22576,26736
1448,2018-03-10,3145,17385,20530
1448,2018-03-11,1565,13113,14678
1448,2018-03-12,2996,22837,25833
1448,2018-03-13,2931,23077,26008
1448,2018-03-14,3030,23302,26332
1448,2018-03-15,2052,17194,19246
1448,2018-03-16,2995,23957,26952
1448,2018-03-17,1689,18125,19814
1448,2018-03-18,569,10965,11534
1448,2018-03-19,3205,21508,24713
1448,2018-03-20,3597,23070,26667
1448,2018-03-21,3697,23871,27568
1448,2018-03-22,3733,23832,27565
1448,2018-03-23,3255,25523,28778
1448,2018-03-24,1641,19520,21161
1448,2018-03-26,2215,18127,20342
1448,2018-03-27,2365,17645,20010
1448,2018-03-28,2454,18426,20880
1448,2018-03-29,1901,17506,19407
1448,2018-03-30,916,16262,17178
1448,2018-03-31,1304,13768,15072
1448,2018-04-01,488,12384,12872
1448,2018-04-02,676,14348,15024
1448,2018-04-03,3087,23374,26461
1448,2018-04-04,3574,22472,26046
1448,2018-04-05,3611,23460,27071
1448,2018-04-06,3437,24840,28277
1448,2018-04-07,1937,20940,22877
1448,2018-04-08,641,16580,17221
1448,2018-04-09,3191,22765,25956
1448,2018-04-10,3421,23382,26803
1448,2018-04-11,3809,23703,27512
1448,2018-04-12,3569,23885,27454
1448,2018-04-13,3428,24959,28387
1448,2018-04-14,1903,19241,21144
1448,2018-04-15,707,15300,16007
1448,2018-04-16,3402,23079,26481
1448,2018-04-17,3826,23240,27066
1448,2018-04-18,3908,22990,26898
1448,2018-04-19,3690,23657,27347
1448,2018-04-20,3440,25550,28990
1448,2018-04-21,1973,19282,21255
1448,2018-04-22,649,14863,15512
1448,2018-04-23,3339,23049,26388
1448,2018-04-24,3671,23229,26900
1448,2018-04-25,3350,22306,25656
1448,2018-04-26,3860,23761,27621
1448,2018-04-27,3819,28035,31854
1448,2018-04-28,1791,18485,20276
1448,2018-04-29,496,8567,9063
1448,2018-04-30,2918,21223,24141
1448,2018-05-01,790,13806,14596
1448,2018-05-02,3771,23270,27041
1448,2018-05-03,3745,23898,27643
1448,2018-05-04,3353,24906,28259
1448,2018-05-05,2173,19933,22106
1448,2018-05-06,735,16600,17335
1448,2018-05-07,3469,23204,26673
1448,2018-05-08,3650,25092,28742
1448,2018-05-09,3844,25755,29599
1448,2018-05-10,911,13551,14462
1448,2018-05-11,3337,23078,26415
1448,2018-05-12,2044,19494,21538
1448,2018-05-13,827,14398,15225
1448,2018-05-14,3263,23682,26945
1448,2018-05-15,3711,23509,27220
1448,2018-05-16,3974,23235,27209
1448,2018-05-17,3887,24295,28182
1448,2018-05-18,3671,26532,30203
1448,2018-05-19,2220,20317,22537
1448,2018-05-20,635,13388,14023
1448,2018-05-21,815,16512,17327
1448,2018-05-22,3332,24287,27619
1448,2018-05-23,4055,23874,27929
1448,2018-05-24,3641,24390,28031
1448,2018-05-25,3393,25705,29098
1448,2018-05-26,2106,21882,23988
1448,2018-05-27,715,14308,15023
1448,2018-05-28,3227,23497,26724
1448,2018-05-29,3437,24219,27656
1448,2018-05-30,3803,24973,28776
1448,2018-05-31,1627,22836,24463
1448,2018-06-01,3460,25780,29240
1448,2018-06-02,1896,20660,22556
1448,2018-06-03,873,16911,17784
1448,2018-06-04,3081,23661,26742
1448,2018-06-05,3557,24144,27701
1448,2018-06-06,3762,24150,27912
1448,2018-06-07,3795,24510,28305
1448,2018-06-08,3231,25562,28793
1448,2018-06-09,2018,20453,22471
1448,2018-06-10,806,15569,16375
1448,2018-06-11,3140,24257,27397
1448,2018-06-12,3672,24335,28007
1448,2018-06-13,3760,24039,27799
1448,2018-06-14,3794,24818,28612
1448,2018-06-15,3162,26301,29463
1448,2018-06-16,2027,20593,22620
1448,2018-06-17,812,15638,16450
1448,2018-06-18,3319,24628,27947
1448,2018-06-19,3520,24851,28371
1448,2018-06-20,3719,24484,28203
1448,2018-06-21,3657,24851,28508
1448,2018-06-22,3498,25937,29435
1448,2018-06-23,1927,23316,25243
1448,2018-06-24,736,16366,17102
1448,2018-06-25,3372,24272,27644
1448,2018-06-26,3684,23830,27514
1448,2018-06-27,3781,24019,27800
1448,2018-06-28,3710,25293,29003
1448,2018-06-29,3459,27203,30662
1448,2018-06-30,2061,22302,24363
1448,2018-07-01,818,18893,19711
1448,2018-07-02,3249,24501,27750
1448,2018-07-03,3607,24355,27962
1448,2018-07-04,3764,24816,28580
1448,2018-07-05,3455,25546,29001
1448,2018-07-06,3449,26520,29969
1448,2018-07-07,1749,21639,23388
1448,2018-07-08,919,18303,19222
1448,2018-07-09,3248,24325,27573
1448,2018-07-10,3587,24037,27624
1448,2018-07-11,3689,24109,27798
1448,2018-07-12,3597,24824,28421
1448,2018-07-13,3261,25848,29109
1448,2018-07-14,1958,22325,24283
1448,2018-07-15,944,15888,16832
1448,2018-07-16,3149,22842,25991
1448,2018-07-17,3244,21724,24968
1448,2018-07-18,3559,22532,26091
1448,2018-07-19,3437,22642,26079
1448,2018-07-20,3093,23902,26995
1448,2018-07-21,1625,21185,22810
1448,2018-07-22,802,17879,18681
1448,2018-07-23,2043,16982,19025
1448,2018-07-24,2295,18061,20356
1448,2018-07-25,3375,22521,25896
1448,2018-07-26,3308,24163,27471
1448,2018-07-27,2977,25703,28680
1448,2018-07-28,1578,20912,22490
1448,2018-07-29,818,17110,17928
1448,2018-07-30,2827,22940,25767
1448,2018-07-31,3119,22750,25869
1448,2018-08-01,3173,22673,25846
1448,2018-08-02,3113,23634,26747
1448,2018-08-03,2777,24603,27380
1448,2018-08-04,1518,20371,21889
1448,2018-08-05,819,16975,17794
1448,2018-08-06,2635,21689,24324
1448,2018-08-07,2952,21976,24928
1448,2018-08-08,2946,21706,24652
1448,2018-08-09,2809,21529,24338
1448,2018-08-10,2666,23232,25898
1448,2018-08-11,1484,18693,20177
1448,2018-08-12,750,15957,16707
1448,2018-08-13,2565,21758,24323
1448,2018-08-14,2704,22268,24972
1448,2018-08-15,1423,16496,17919
1448,2018-08-16,2556,21762,24318
1448,2018-08-17,2562,21619,24181
1448,2018-08-18,1441,19099,20540
1448,2018-08-19,747,16631,17378
1448,2018-08-20,2593,22930,25523
1448,2018-08-21,2879,22542,25421
1448,2018-08-22,3091,22871,25962
1448,2018-08-23,2995,23418,26413
1448,2018-08-24,2858,24523,27381
1448,2018-08-25,1468,20018,21486
1448,2018-08-26,857,15904,16761
1448,2018-08-27,3005,23099,26104
1448,2018-08-28,3275,23189,26464
1448,2018-08-29,3486,23044,26530
1448,2018-08-30,3393,23695,27088
1448,2018-08-31,3248,26091,29339
1448,2018-09-01,1904,21278,23182
1448,2018-09-02,865,17572,18437
1448,2018-09-03,3231,22865,26096
1448,2018-09-04,3511,22850,26361
1448,2018-09-05,3608,23509,27117
1448,2018-09-06,3329,24058,27387
1448,2018-09-07,3333,24453,27786
1448,2018-09-08,1889,20925,22814
1448,2018-09-09,816,17008,17824
1448,2018-09-10,3377,23704,27081
1448,2018-09-11,3509,23637,27146
1448,2018-09-12,3849,23930,27779
1448,2018-09-13,3546,23988,27534
1448,2018-09-14,3290,25130,28420
1448,2018-09-15,2005,20775,22780
1448,2018-09-16,843,16425,17268
1448,2018-09-17,3262,24052,27314
1448,2018-09-18,3526,23348,26874
1448,2018-09-19,3724,23475,27199
1448,2018-09-20,3454,23904,27358
1448,2018-09-21,3156,24525,27681
1448,2018-09-22,1927,19262,21189
1448,2018-09-23,850,12348,13198
1448,2018-09-24,3231,23372,26603
1448,2018-09-25,3663,23366,27029
1448,2018-09-26,3786,23112,26898
1448,2018-09-27,3866,24865,28731
1448,2018-09-28,3364,25580,28944
1448,2018-09-29,1937,20761,22698
1448,2018-09-30,790,16080,16870
1448,2018-10-01,3435,23804,27239
1448,2018-10-02,3817,23335,27152
1448,2018-10-03,1331,18215,19546
1448,2018-10-20,1933,19637,21570
1448,2018-10-21,481,9768,10249
1448,2018-10-22,1388,11012,12400
1448,2018-10-23,1460,10983,12443
1448,2018-10-24,1324,8488,9812
1448,2018-10-25,1066,11617,12683
1448,2018-10-26,900,12020,12920
1448,2018-10-27,507,9871,10378
1448,2018-10-30,3555,24379,27934
1448,2018-10-31,3422,26456,29878
1448,2018-11-01,795,12628,13423
1448,2018-11-02,2851,23746,26597
1448,2018-11-03,1861,20062,21923
1448,2018-11-04,613,15491,16104
1448,2018-11-05,3056,23502,26558
1448,2018-11-06,3780,23768,27548
1448,2018-11-07,3924,23615,27539
1448,2018-11-08,3603,24241,27844
1448,2018-11-09,3429,25053,28482
1448,2018-11-10,1978,17310,19288
1448,2018-11-11,610,12194,12804
1448,2018-11-12,2987,23114,26101
1448,2018-11-13,3683,23444,27127
1448,2018-11-14,3964,24909,28873
1448,2018-11-15,3683,24779,28462
1448,2018-11-16,3210,25116,28326
1448,2018-11-17,1922,20090,22012
1448,2018-11-18,605,13171,13776
1448,2018-11-19,3245,23289,26534
1448,2018-11-20,3706,23759,27465
1448,2018-11-21,3906,23133,27039
1448,2018-11-22,3712,24232,27944
1448,2018-11-23,3348,25221,28569
1448,2018-11-24,2055,19102,21157
1448,2018-11-25,697,12485,13182
1448,2018-11-26,2927,23994,26921
1448,2018-11-27,3345,23757,27102
1448,2018-11-28,3821,23724,27545
1448,2018-11-29,3386,24985,28371
1448,2018-11-30,2857,25992,28849
1448,2018-12-01,1651,19882,21533
1448,2018-12-02,709,12368,13077
1448,2018-12-03,3103,23728,26831
1448,2018-12-04,3476,24522,27998
1448,2018-12-05,3410,24829,28239
1448,2018-12-06,3165,25051,28216
1448,2018-12-07,2987,25310,28297
1448,2018-12-08,1911,19910,21821
1448,2018-12-09,671,12751,13422
1448,2018-12-10,2916,23758,26674
1448,2018-12-11,3727,24362,28089
1448,2018-12-12,3924,23637,27561
1448,2018-12-13,3709,24577,28286
1448,2018-12-14,3268,25156,28424
1448,2018-12-15,2108,21185,23293
1448,2018-12-16,885,12488,13373
1448,2018-12-17,3159,23702,26861
1448,2018-12-18,3135,24258,27393
1448,2018-12-19,3270,24295,27565
1448,2018-12-20,2893,24754,27647
1448,2018-12-21,2286,25979,28265
1448,2018-12-22,1063,20329,21392
1448,2018-12-23,541,11965,12506
1448,2018-12-24,712,13623,14335
1448,2018-12-25,336,9637,9973
1448,2018-12-26,537,11597,12134
1448,2018-12-27,1298,19468,20766
1448,2018-12-28,1385,20638,22023
1448,2018-12-29,815,17706,18521
1448,2018-12-30,346,11515,11861
1448,2018-12-31,713,13555,14268
1487,2018-01-01,49,13948,13997
1487,2018-01-02,725,24183,24908
1487,2018-01-03,838,25860,26698
1487,2018-01-04,985,27429,28414
1487,2018-01-05,911,28450,29361
1487,2018-01-06,266,20402,20668
1487,2018-01-07,100,16299,16399
1487,2018-01-08,1201,29535,30736
1487,2018-01-09,1380,31179,32559
1487,2018-01-10,1340,31305,32645
1487,2018-01-11,1471,31729,33200
1487,2018-01-12,1422,33774,35196
1487,2018-01-13,307,23240,23547
1487,2018-01-14,115,18862,18977
1487,2018-01-15,1378,30630,32008
1487,2018-01-16,1452,31235,32687
1487,2018-01-17,1431,31157,32588
1487,2018-01-18,1506,31727,33233
1487,2018-01-19,1460,33170,34630
1487,2018-01-20,289,18362,18651
1487,2018-01-21,106,17157,17263
1487,2018-01-22,1450,30423,31873
1487,2018-01-23,1592,31402,32994
1487,2018-01-24,1493,31148,32641
1487,2018-01-25,1480,31385,32865
1487,2018-01-26,1382,33255,34637
1487,2018-01-27,288,24110,24398
1487,2018-01-28,100,18559,18659
1487,2018-01-29,1462,30879,32341
1487,2018-01-30,1507,32023,33530
1487,2018-01-31,1444,31004,32448
1487,2018-02-01,1440,32649,34089
1487,2018-02-02,1497,32575,34072
1487,2018-02-03,284,23344,23628
1487,2018-02-04,119,17798,17917
1487,2018-02-05,1476,30201,31677
1487,2018-02-06,1409,30032,31441
1487,2018-02-07,1446,31080,32526
1487,2018-02-08,1407,31959,33366
1487,2018-02-09,1333,31303,32636
1487,2018-02-10,265,19752,20017
1487,2018-02-11,128,15349,15477
1487,2018-02-12,1218,25304,26522
1487,2018-02-13,1349,28534,29883
1487,2018-02-14,1453,29468,30921
1487,2018-02-15,1382,28612,29994
1487,2018-02-16,1371,30335,31706
1487,2018-02-17,279,20816,21095
1487,2018-02-18,108,17104,17212
1487,2018-02-19,1385,30844,32229
1487,2018-02-20,1527,32000,33527
1487,2018-02-21,1539,32013,33552
1487,2018-02-22,1529,33233,34762
1487,2018-02-23,1470,34368,35838
1487,2018-02-24,338,24173,24511
1487,2018-02-25,85,18964,19049
1487,2018-02-26,1413,31080,32493
1487,2018-02-27,1367,31532,32899
1487,2018-02-28,1348,32051,33399
1487,2018-03-01,1356,32505,33861
1487,2018-03-02,1187,29806,30993
1487,2018-03-03,391,22385,22776
1487,2018-03-04,188,18305,18493
1487,2018-03-05,1540,31771,33311
1487,2018-03-06,1586,32933,34519
1487,2018-03-07,1556,32721,34277
1487,2018-03-08,1556,32861,34417
1487,2018-03-09,1552,34198,35750
1487,2018-03-10,394,24149,24543
1487,2018-03-11,232,19592,19824
1487,2018-03-12,1525,30958,32483
1487,2018-03-13,1535,29952,31487
1487,2018-03-14,1593,30656,32249
1487,2018-03-15,1637,32430,34067
1487,2018-03-16,1650,34527,36177
1487,2018-03-17,461,24829,25290
1487,2018-03-18,207,17849,18056
1487,2018-03-19,1705,31964,33669
1487,2018-03-20,1744,33784,35528
1487,2018-03-21,1686,33664,35350
1487,2018-03-22,1646,33972,35618
1487,2018-03-23,1703,34964,36667
1487,2018-03-24,456,26369,26825
1487,2018-03-26,1716,32611,34327
1487,2018-03-27,1710,33924,35634
1487,2018-03-30,1335,32516,33851
1487,2018-03-31,351,22068,22419
1487,2018-04-01,92,17986,18078
1487,2018-04-02,142,16669,16811
1487,2018-04-03,1614,29794,31408
1487,2018-04-04,1697,30828,32525
1487,2018-04-05,1769,31442,33211
1487,2018-04-06,1683,31915,33598
1487,2018-04-07,423,22204,22627
1487,2018-04-08,168,18426,18594
1487,2018-04-09,1681,29960,31641
1487,2018-04-10,1734,31172,32906
1487,2018-04-11,1721,31537,33258
1487,2018-04-12,1705,32264,33969
1487,2018-04-13,1693,33040,34733
1487,2018-04-14,408,23339,23747
1487,2018-04-15,148,19543,19691
1487,2018-04-16,1657,32888,34545
1487,2018-04-17,1623,34451,36074
1487,2018-04-18,1727,31982,33709
1487,2018-04-19,1598,32002,33600
1487,2018-04-20,1534,35120,36654
1487,2018-04-21,509,26250,26759
1487,2018-04-22,179,21071,21250
1487,2018-04-23,1635,31701,33336
1487,2018-04-24,1721,32773,34494
1487,2018-04-25,1643,33265,34908
1487,2018-04-26,1652,33318,34970
1487,2018-04-27,1637,34994,36631
1487,2018-04-28,467,25396,25863
1487,2018-04-29,156,19818,19974
1487,2018-04-30,1289,28848,30137
1487,2018-05-01,228,17305,17533
1487,2018-05-02,1814,34640,36454
1487,2018-05-03,1792,35351,37143
1487,2018-05-04,1748,36631,38379
1487,2018-05-05,502,26166,26668
1487,2018-05-06,260,21932,22192
1487,2018-05-07,1673,32585,34258
1487,2018-05-08,1674,34503,36177
1487,2018-05-09,1697,36857,38554
1487,2018-05-10,215,19522,19737
1487,2018-05-11,1438,30269,31707
1487,2018-05-12,424,22804,23228
1487,2018-05-13,268,18811,19079
1487,2018-05-14,1819,33841,35660
1487,2018-05-15,1810,34359,36169
1487,2018-05-16,1920,34831,36751
1487,2018-05-17,1909,34199,36108
1487,2018-05-18,1781,35124,36905
1487,2018-05-19,521,23603,24124
1487,2018-05-20,171,18086,18257
1487,2018-05-21,229,17039,17268
1487,2018-05-22,1809,31613,33422
1487,2018-05-23,1876,32211,34087
1487,2018-05-24,1733,31025,32758
1487,2018-05-25,1855,33042,34897
1487,2018-05-26,531,23874,24405
1487,2018-05-27,181,18529,18710
1487,2018-05-28,1684,31906,33590
1487,2018-05-29,1795,31903,33698
1487,2018-05-30,1808,33370,35178
1487,2018-05-31,1633,33108,34741
1487,2018-06-01,1787,34770,36557
1487,2018-06-02,757,22860,23617
1487,2018-06-03,259,21021,21280
1487,2018-06-04,1799,32968,34767
1487,2018-06-05,1858,34486,36344
1487,2018-06-06,1809,34216,36025
1487,2018-06-07,1891,34731,36622
1487,2018-06-08,1781,36238,38019
1487,2018-06-09,414,24215,24629
1487,2018-06-10,199,20335,20534
1487,2018-06-11,1686,32970,34656
1487,2018-06-12,1617,34005,35622
1487,2018-06-13,1780,34430,36210
1487,2018-06-14,1802,35258,37060
1487,2018-06-15,1896,35156,37052
1487,2018-06-16,647,20400,21047
1487,2018-06-17,300,18095,18395
1487,2018-06-18,1871,33218,35089
1487,2018-06-19,1773,34347,36120
1487,2018-06-20,1844,34504,36348
1487,2018-06-21,1800,34745,36545
1487,2018-06-22,1705,34989,36694
1487,2018-06-23,314,20750,21064
1487,2018-06-24,218,20148,20366
1487,2018-06-25,1882,33675,35557
1487,2018-06-26,1903,34797,36700
1487,2018-06-27,1910,34352,36262
1487,2018-06-28,1981,35169,37150
1487,2018-06-29,1963,36511,38474
1487,2018-06-30,517,27234,27751
1487,2018-07-01,220,23913,24133
1487,2018-07-02,2016,33763,35779
1487,2018-07-03,1972,34203,36175
1487,2018-07-04,2066,35091,37157
1487,2018-07-05,2049,35793,37842
1487,2018-07-06,1793,34526,36319
1487,2018-07-07,472,22696,23168
1487,2018-07-08,210,19679,19889
1487,2018-07-09,2091,33725,35816
1487,2018-07-10,2138,35806,37944
1487,2018-07-11,2163,34778,36941
1487,2018-07-12,2097,35633,37730
1487,2018-07-13,1996,36499,38495
1487,2018-07-14,444,25778,26222
1487,2018-07-15,256,20745,21001
1487,2018-07-16,2005,33319,35324
1487,2018-07-17,2048,33870,35918
1487,2018-07-18,1950,33859,35809
1487,2018-07-19,2013,34110,36123
1487,2018-07-20,2008,34655,36663
1487,2018-07-21,403,24864,25267
1487,2018-07-22,267,20433,20700
1487,2018-07-23,1948,31880,33828
1487,2018-07-24,2074,32700,34774
1487,2018-07-25,2003,32569,34572
1487,2018-07-26,1799,33011,34810
1487,2018-07-27,1473,31445,32918
1487,2018-07-28,373,21364,21737
1487,2018-07-29,232,18712,18944
1487,2018-07-30,1247,28869,30116
1487,2018-07-31,1316,29351,30667
1487,2018-08-01,1249,29597,30846
1487,2018-08-02,1295,28966,30261
1487,2018-08-03,1190,29076,30266
1487,2018-08-04,373,19451,19824
1487,2018-08-05,199,17708,17907
1487,2018-08-06,1180,26113,27293
1487,2018-08-07,1126,26425,27551
1487,2018-08-08,1164,26133,27297
1487,2018-08-09,1198,26511,27709
1487,2018-08-10,1150,27903,29053
1487,2018-08-11,390,18938,19328
1487,2018-08-12,193,16425,16618
1487,2018-08-13,1189,25339,26528
1487,2018-08-14,1170,26543,27713
1487,2018-08-15,234,16738,16972
1487,2018-08-16,1304,26241,27545
1487,2018-08-17,1162,26692,27854
1487,2018-08-18,348,18744,19092
1487,2018-08-19,199,17057,17256
1487,2018-08-20,1704,28110,29814
1487,2018-08-21,1759,29178,30937
1487,2018-08-22,1729,29846,31575
1487,2018-08-23,1786,30708,32494
1487,2018-08-24,1745,31210,32955
1487,2018-08-25,469,20261,20730
1487,2018-08-26,267,18069,18336
1487,2018-08-27,1989,31370,33359
1487,2018-08-28,2091,33013,35104
1487,2018-08-29,2124,33145,35269
1487,2018-08-30,2132,33456,35588
1487,2018-08-31,1936,33845,35781
1487,2018-09-01,657,21780,22437
1487,2018-09-02,328,19978,20306
1487,2018-09-03,1980,32017,33997
1487,2018-09-04,2124,34273,36397
1487,2018-09-05,2099,33915,36014
1487,2018-09-06,2038,35167,37205
1487,2018-09-07,2036,35556,37592
1487,2018-09-08,641,24770,25411
1487,2018-09-09,348,21104,21452
1487,2018-09-10,1895,35028,36923
1487,2018-09-11,2125,36483,38608
1487,2018-09-12,2120,35667,37787
1487,2018-09-13,2145,36699,38844
1487,2018-09-14,2030,36762,38792
1487,2018-09-15,580,24839,25419
1487,2018-09-16,334,20810,21144
1487,2018-09-17,1889,35893,37782
1487,2018-09-18,1971,36792,38763
1487,2018-09-19,1861,35929,37790
1487,2018-09-20,1922,36853,38775
1487,2018-09-21,1858,38099,39957
1487,2018-09-22,579,21642,22221
1487,2018-09-23,219,17743,17962
1487,2018-09-24,1779,34094,35873
1487,2018-09-25,1813,34235,36048
1487,2018-09-26,1701,33697,35398
1487,2018-09-27,1765,33336,35101
1487,2018-09-28,1900,38093,39993
1487,2018-09-29,586,25599,26185
1487,2018-09-30,316,21719,22035
1487,2018-10-01,1899,32968,34867
1487,2018-10-02,1870,31803,33673
1487,2018-10-03,1699,32402,34101
1487,2018-10-04,1853,34368,36221
1487,2018-10-05,1929,36404,38333
1487,2018-10-06,536,26356,26892
1487,2018-10-07,190,22114,22304
1487,2018-10-08,1930,34663,36593
1487,2018-10-09,1862,35467,37329
1487,2018-10-10,1834,33366,35200
1487,2018-10-11,1782,33892,35674
1487,2018-10-12,1740,36650,38390
1487,2018-10-13,467,26376,26843
1487,2018-10-14,168,20643,20811
1487,2018-10-15,1806,32463,34269
1487,2018-10-16,1438,28857,30295
1487,2018-10-17,1748,35128,36876
1487,2018-10-18,1888,36143,38031
1487,2018-10-19,1781,36862,38643
1487,2018-10-20,442,26995,27437
1487,2018-10-21,212,22746,22958
1487,2018-10-22,1814,35290,37104
1487,2018-10-23,2001,36773,38774
1487,2018-10-24,1924,37057,38981
1487,2018-10-25,1894,38151,40045
1487,2018-10-26,1873,38038,39911
1487,2018-10-27,520,25652,26172
1487,2018-10-28,145,20325,20470
1487,2018-10-29,1780,34877,36657
1487,2018-10-30,1829,34424,36253
1487,2018-10-31,1796,36685,38481
1487,2018-11-01,208,18983,19191
1487,2018-11-02,1258,29971,31229
1487,2018-11-03,368,23825,24193
1487,2018-11-04,138,19821,19959
1487,2018-11-05,1805,35353,37158
1487,2018-11-06,1862,36133,37995
1487,2018-11-07,1927,36068,37995
1487,2018-11-08,1906,37639,39545
1487,2018-11-09,1806,37825,39631
1487,2018-11-10,374,22126,22500
1487,2018-11-11,139,18280,18419
1487,2018-11-12,1754,35059,36813
1487,2018-11-16,1758,37446,39204
1487,2018-11-17,361,22560,22921
1487,2018-11-18,143,17842,17985
1487,2018-11-19,1767,34247,36014
1487,2018-11-20,1806,35560,37366
1487,2018-11-21,1719,35897,37616
1487,2018-11-22,1846,36007,37853
1487,2018-11-23,1692,37172,38864
1487,2018-11-24,473,26071,26544
1487,2018-11-25,138,21377,21515
1487,2018-11-26,1698,35084,36782
1487,2018-11-27,1878,36490,38368
1487,2018-11-28,1879,35992,37871
1487,2018-11-29,1807,36474,38281
1487,2018-11-30,1650,37350,39000
1487,2018-12-01,380,26002,26382
1487,2018-12-02,152,19840,19992
1487,2018-12-05,1810,35371,37181
1487,2018-12-06,1785,35903,37688
1487,2018-12-07,1653,36756,38409
1487,2018-12-08,416,25920,26336
1487,2018-12-09,125,19970,20095
1487,2018-12-10,1719,34941,36660
1487,2018-12-11,1817,34722,36539
1487,2018-12-12,1785,35786,37571
1487,2018-12-13,1819,36668,38487
1487,2018-12-14,1764,37544,39308
1487,2018-12-15,403,27345,27748
1487,2018-12-16,189,19462,19651
1487,2018-12-17,1754,34091,35845
1487,2018-12-18,1770,35445,37215
1487,2018-12-19,1741,35968,37709
1487,2018-12-20,1695,36481,38176
1487,2018-12-21,1346,36126,37472
1487,2018-12-22,297,23634,23931
1487,2018-12-23,89,17831,17920
1487,2018-12-24,431,21320,21751
1487,2018-12-25,49,16446,16495
1487,2018-12-26,108,15672,15780
1487,2018-12-27,679,24126,24805
1487,2018-12-28,641,24760,25401
1487,2018-12-29,201,19339,19540
1487,2018-12-30,85,15958,16043
1487,2018-12-31,416,19845,20261
5053,2018-01-01,12,2070,2082
5053,2018-01-02,190,4842,5032
5053,2018-01-03,198,5078,5276
5053,2018-01-05,206,5890,6096
5053,2018-01-06,132,3781,3913
5053,2018-01-07,18,3022,3040
5053,2018-01-08,279,5704,5983
5053,2018-01-09,353,5871,6224
5053,2018-01-10,310,5282,5592
5053,2018-01-11,360,6504,6864
5053,2018-01-12,373,6013,6386
5053,2018-01-13,153,3984,4137
5053,2018-01-14,27,2742,2769
5053,2018-01-15,276,6110,6386
5053,2018-01-16,362,6388,6750
5053,2018-01-17,288,6050,6338
5053,2018-01-19,354,6530,6884
5053,2018-01-20,140,3830,3970
5053,2018-01-21,12,2564,2576
5053,2018-01-22,330,6132,6462
5053,2018-01-23,370,5871,6241
5053,2018-01-24,389,5941,6330
5053,2018-01-25,314,6516,6830
5053,2018-01-26,369,5951,6320
5053,2018-01-27,153,4012,4165
5053,2018-01-28,21,2736,2757
5053,2018-01-29,352,5717,6069
5053,2018-01-30,347,6074,6421
5053,2018-01-31,290,6384,6674
5053,2018-02-02,358,6302,6660
5053,2018-02-03,152,4034,4186
5053,2018-02-04,31,2614,2645
5053,2018-02-05,323,5640,5963
5053,2018-02-06,290,5264,5554
5053,2018-02-07,271,5687,5958
5053,2018-02-08,264,5909,6173
5053,2018-02-09,293,5669,5962
5053,2018-02-10,140,3438,3578
5053,2018-02-11,18,2202,2220
5053,2018-02-12,246,4352,4598
5053,2018-02-13,262,4809,5071
5053,2018-02-14,245,5017,5262
5053,2018-02-15,247,4620,4867
5053,2018-02-16,252,5025,5277
5053,2018-02-17,142,3210,3352
5053,2018-02-18,25,2695,2720
5053,2018-02-19,291,5548,5839
5053,2018-02-20,296,5899,6195
5053,2018-02-21,354,5841,6195
5053,2018-02-23,320,6159,6479
5053,2018-02-24,145,4238,4383
5053,2018-02-25,26,2818,2844
5053,2018-02-26,276,5713,5989
5053,2018-02-27,318,5907,6225
5053,2018-02-28,278,5841,6119
5053,2018-03-01,279,6018,6297
5053,2018-03-02,282,5367,5649
5053,2018-03-03,148,4078,4226
5053,2018-03-04,14,2874,2888
5053,2018-03-05,310,5841,6151
5053,2018-03-06,348,6035,6383
5053,2018-03-07,302,6316,6618
5053,2018-03-08,314,6460,6774
5053,2018-03-09,310,6748,7058
5053,2018-03-10,176,4193,4369
5053,2018-03-11,32,2800,2832
5053,2018-03-12,310,6308,6618
5053,2018-03-13,404,6758,7162
5053,2018-03-14,336,6166,6502
5053,2018-03-15,324,6636,6960
5053,2018-03-16,360,6748,7108
5053,2018-03-17,226,3957,4183
5053,2018-03-18,21,2758,2779
5053,2018-03-19,319,5937,6256
5053,2018-03-20,321,6269,6590
5053,2018-03-21,346,6282,6628
5053,2018-03-23,375,6299,6674
5053,2018-03-24,175,4445,4620
5053,2018-03-26,352,6067,6419
5053,2018-03-27,320,6556,6876
5053,2018-03-28,362,6664,7026
5053,2018-03-30,398,6572,6970
5053,2018-03-31,152,4034,4186
5053,2018-04-01,22,3056,3078
5053,2018-04-02,25,3008,3033
5053,2018-04-03,140,3534,3674
5053,2018-04-04,130,3468,3598
5053,2018-04-06,180,3650,3830
5053,2018-04-07,179,3716,3895
5053,2018-04-08,25,3105,3130
5053,2018-04-09,504,5062,5566
5053,2018-04-10,342,5664,6006
5053,2018-04-11,327,5724,6051
5053,2018-04-12,365,5788,6153
5053,2018-04-13,346,5922,6268
5053,2018-04-14,174,4187,4361
5053,2018-04-15,54,3551,3605
5053,2018-04-16,524,6429,6953
5053,2018-04-17,474,6821,7295
5053,2018-04-18,353,6606,6959
5053,2018-04-20,319,6820,7139
5053,2018-04-21,215,4870,5085
5053,2018-04-22,39,3546,3585
5053,2018-04-23,326,6368,6694
5053,2018-04-24,382,6403,6785
5053,2018-04-25,294,6606,6900
5053,2018-04-26,365,6467,6832
5053,2018-04-27,329,6788,7117
5053,2018-04-28,202,5006,5208
5053,2018-04-29,52,3102,3154
5053,2018-04-30,236,5724,5960
5053,2018-05-01,16,3212,3228
5053,2018-05-02,476,7250,7726
5053,2018-05-04,516,7626,8142
5053,2018-05-05,170,5265,5435
5053,2018-05-06,70,4185,4255
5053,2018-05-07,348,6515,6863
5053,2018-05-08,343,6596,6939
5053,2018-05-09,395,6910,7305
5053,2018-05-10,38,4242,4280
5053,2018-05-11,291,5970,6261
5053,2018-05-12,166,4506,4672
5053,2018-05-13,26,2750,2776
5053,2018-05-14,330,6572,6902
5053,2018-05-15,340,6587,6927
5053,2018-05-16,380,6596,6976
5053,2018-05-19,181,4216,4397
5053,2018-05-20,20,3012,3032
5053,2018-05-21,44,2885,2929
5053,2018-05-22,414,5439,5853
5053,2018-05-23,328,5780,6108
5053,2018-05-24,361,5772,6133
5053,2018-05-25,384,5827,6211
5053,2018-05-26,183,4412,4595
5053,2018-05-27,40,3030,3070
5053,2018-05-28,346,6516,6862
5053,2018-05-29,316,6916,7232
5053,2018-05-30,358,7208,7566
5053,2018-06-01,324,7518,7842
5053,2018-06-02,188,5087,5275
5053,2018-06-03,43,3926,3969
5053,2018-06-04,350,6247,6597
5053,2018-06-05,362,6702,7064
5053,2018-06-06,347,6512,6859
5053,2018-06-07,324,6832,7156
5053,2018-06-08,319,6775,7094
5053,2018-06-09,154,5230,5384
5053,2018-06-10,73,3837,3910
5053,2018-06-11,314,6304,6618
5053,2018-06-12,309,6242,6551
5053,2018-06-13,345,6494,6839
5053,2018-06-15,317,6680,6997
5053,2018-06-16,217,5558,5775
5053,2018-06-17,38,3624,3662
5053,2018-06-18,340,6279,6619
5053,2018-06-19,384,6639,7023
5053,2018-06-20,376,6410,6786
5053,2018-06-22,374,6430,6804
5053,2018-06-23,42,3174,3216
5053,2018-06-24,38,3364,3402
5053,2018-06-25,346,6338,6684
5053,2018-06-26,395,6693,7088
5053,2018-06-27,395,6529,6924
5053,2018-06-29,350,6992,7342
5053,2018-06-30,138,3273,3411
5053,2018-07-01,37,4257,4294
5053,2018-07-02,343,5672,6015
5053,2018-07-03,379,6214,6593
5053,2018-07-04,300,6260,6560
5053,2018-07-05,278,6428,6706
5053,2018-07-06,371,6441,6812
5053,2018-07-07,175,5018,5193
5053,2018-07-08,55,4114,4169
5053,2018-07-09,359,6265,6624
5053,2018-07-10,329,6628,6957
5053,2018-07-11,369,6404,6773
5053,2018-07-13,349,6451,6800
5053,2018-07-14,179,4639,4818
5053,2018-07-15,76,4204,4280
5053,2018-07-16,277,5856,6133
5053,2018-07-17,320,5982,6302
5053,2018-07-18,326,5231,5557
5053,2018-07-20,228,4852,5080
5053,2018-07-21,197,4030,4227
5053,2018-07-22,54,3135,3189
5053,2018-07-23,335,5629,5964
5053,2018-07-24,367,6099,6466
5053,2018-07-25,371,6069,6440
5053,2018-07-26,342,5835,6177
5053,2018-07-27,237,5798,6035
5053,2018-07-28,145,3825,3970
5053,2018-07-29,31,2912,2943
5053,2018-07-30,237,5044,5281
5053,2018-07-31,261,5344,5605
5053,2018-08-01,220,5582,5802
5053,2018-08-03,236,5242,5478
5053,2018-08-04,178,4242,4420
5053,2018-08-05,44,3640,3684
5053,2018-08-06,231,4846,5077
5053,2018-08-07,174,5074,5248
5053,2018-08-08,194,4968,5162
5053,2018-08-09,214,4820,5034
5053,2018-08-10,235,4804,5039
5053,2018-08-11,155,3299,3454
5053,2018-08-12,41,2960,3001
5053,2018-08-13,190,4320,4510
5053,2018-08-14,223,4606,4829
5053,2018-08-15,30,2598,2628
5053,2018-08-16,229,4432,4661
5053,2018-08-17,231,4397,4628
5053,2018-08-18,150,3418,3568
5053,2018-08-19,37,2722,2759
5053,2018-08-20,259,4663,4922
5053,2018-08-21,246,5001,5247
5053,2018-08-22,251,5058,5309
5053,2018-08-23,343,5169,5512
5053,2018-08-24,301,5121,5422
5053,2018-08-25,138,3738,3876
5053,2018-08-26,40,3095,3135
5053,2018-08-27,262,5162,5424
5053,2018-08-28,282,5313,5595
5053,2018-08-29,286,5478,5764
5053,2018-08-30,317,5318,5635
5053,2018-08-31,354,5544,5898
5053,2018-09-01,172,4034,4206
5053,2018-09-02,28,3465,3493
5053,2018-09-03,361,5087,5448
5053,2018-09-04,311,5531,5842
5053,2018-09-05,367,5609,5976
5053,2018-09-07,411,5641,6052
5053,2018-09-08,192,4222,4414
5053,2018-09-09,52,3297,3349
5053,2018-09-10,376,5810,6186
5053,2018-09-11,419,6226,6645
5053,2018-09-12,337,6082,6419
5053,2018-09-13,381,5986,6367
5053,2018-09-14,299,6066,6365
5053,2018-09-15,176,4567,4743
5053,2018-09-16,42,3515,3557
5053,2018-09-17,365,6613,6978
5053,2018-09-18,397,7342,7739
5053,2018-09-19,343,7168,7511
5053,2018-09-21,320,7422,7742
5053,2018-09-22,194,6312,6506
5053,2018-09-23,28,3502,3530
5053,2018-09-24,329,7101,7430
5053,2018-09-25,364,7181,7545
5053,2018-09-26,389,7245,7634
5053,2018-09-27,417,7621,8038
5053,2018-09-28,418,7309,7727
5053,2018-09-29,173,4753,4926
5053,2018-09-30,36,4094,4130
5053,2018-10-01,389,7021,7410
5053,2018-10-02,362,7178,7540
5053,2018-10-03,377,7301,7678
5053,2018-10-05,371,7698,8069
5053,2018-10-06,249,4900,5149
5053,2018-10-07,32,3472,3504
5053,2018-10-08,380,6533,6913
5053,2018-10-09,395,6683,7078
5053,2018-10-10,344,6694,7038
5053,2018-10-11,365,6865,7230
5053,2018-10-12,381,6747,7128
5053,2018-10-13,199,4716,4915
5053,2018-10-14,35,3753,3788
5053,2018-10-15,397,6549,6946
5053,2018-10-16,405,6861,7266
5053,2018-10-17,452,6614,7066
5053,2018-10-19,441,7099,7540
5053,2018-10-20,151,4542,4693
5053,2018-10-21,30,3503,3533
5053,2018-10-22,415,6563,6978
5053,2018-10-23,385,6616,7001
5053,2018-10-24,427,6484,6911
5053,2018-10-25,429,6746,7175
5053,2018-10-26,400,7114,7514
5053,2018-10-27,186,4549,4735
5053,2018-10-28,14,2947,2961
5053,2018-10-29,324,5112,5436
5053,2018-10-30,254,4612,4866
5053,2018-10-31,281,5204,5485
5053,2018-11-02,226,4374,4600
5053,2018-11-03,148,3736,3884
5053,2018-11-04,27,2848,2875
5053,2018-11-05,357,6031,6388
5053,2018-11-06,376,6487,6863
5053,2018-11-07,428,6735,7163
5053,2018-11-09,371,7045,7416
5053,2018-11-10,194,4726,4920
5053,2018-11-11,36,3466,3502
5053,2018-11-12,318,6894,7212
5053,2018-11-13,370,7026,7396
5053,2018-11-14,424,6609,7033
5053,2018-11-15,430,6827,7257
5053,2018-11-16,395,6770,7165
5053,2018-11-17,168,5403,5571
5053,2018-11-18,32,3761,3793
5053,2018-11-19,437,6370,6807
5053,2018-11-20,456,6896,7352
5053,2018-11-21,380,6560,6940
5053,2018-11-22,378,6844,7222
5053,2018-11-23,364,7142,7506
5053,2018-11-24,152,4660,4812
5053,2018-11-25,30,3178,3208
5053,2018-11-26,342,6244,6586
5053,2018-11-27,387,6599,6986
5053,2018-11-28,392,7182,7574
5053,2018-11-30,348,7268,7616
5053,2018-12-01,156,4538,4694
5053,2018-12-02,32,3542,3574
5053,2018-12-03,368,6774,7142
5053,2018-12-04,336,7104,7440
5053,2018-12-05,336,7128,7464
5053,2018-12-06,349,6465,6814
5053,2018-12-07,302,6764,7066
5053,2018-12-08,158,4204,4362
5053,2018-12-09,18,3184,3202
5053,2018-12-10,332,6718,7050
5053,2018-12-11,413,6733,7146
5053,2018-12-12,396,6494,6890
5053,2018-12-13,376,6764,7140
5053,2018-12-14,411,6647,7058
5053,2018-12-15,164,4393,4557
5053,2018-12-16,42,2771,2813
5053,2018-12-17,376,6968,7344
5053,2018-12-18,400,7077,7477
5053,2018-12-19,344,7298,7642
5053,2018-12-20,296,7262,7558
5053,2018-12-21,248,6684,6932
5053,2018-12-22,142,4126,4268
5053,2018-12-23,28,2902,2930
5053,2018-12-24,154,4144,4298
5053,2018-12-25,20,2438,2458
5053,2018-12-26,20,2262,2282
5053,2018-12-27,189,4103,4292
5053,2018-12-28,203,4190,4393
5053,2018-12-29,138,3236,3374
5053,2018-12-30,30,2461,2491
5053,2018-12-31,171,3540,3711
5055,2018-01-01,16,1380,1396
5055,2018-01-02,228,3362,3590
5055,2018-01-03,232,3464,3696
5055,2018-01-05,266,3918,4184
5055,2018-01-06,124,2474,2598
5055,2018-01-07,24,2074,2098
5055,2018-01-08,284,3786,4070
5055,2018-01-09,291,4238,4529
5055,2018-01-10,292,3944,4236
5055,2018-01-11,294,4032,4326
5055,2018-01-12,311,4302,4613
5055,2018-01-13,146,2690,2836
5055,2018-01-14,26,1990,2016
5055,2018-01-15,270,4158,4428
5055,2018-01-17,260,4296,4556
5055,2018-01-19,304,4456,4760
5055,2018-01-20,141,2725,2866
5055,2018-01-21,23,1904,1927
5055,2018-01-22,306,3766,4072
5055,2018-01-23,323,4201,4524
5055,2018-01-24,298,4144,4442
5055,2018-01-25,303,4230,4533
5055,2018-01-26,315,4149,4464
5055,2018-01-27,167,4507,4674
5055,2018-01-28,23,1870,1893
5055,2018-01-29,304,4041,4345
5055,2018-01-30,286,4363,4649
5055,2018-01-31,280,4238,4518
5055,2018-02-02,339,4213,4552
5055,2018-02-03,136,2743,2879
5055,2018-02-04,49,1993,2042
5055,2018-02-05,328,3788,4116
5055,2018-02-06,381,3829,4210
5055,2018-02-07,287,4068,4355
5055,2018-02-08,284,4183,4467
5055,2018-02-09,282,4022,4304
5055,2018-02-10,137,2194,2331
5055,2018-02-11,70,1526,1596
5055,2018-02-12,268,2922,3190
5055,2018-02-13,278,3462,3740
5055,2018-02-14,257,3390,3647
5055,2018-02-15,266,3182,3448
5055,2018-02-16,260,3425,3685
5055,2018-02-17,151,2142,2293
5055,2018-02-18,25,1949,1974
5055,2018-02-19,309,3872,4181
5055,2018-02-20,307,4216,4523
5055,2018-02-21,339,4294,4633
5055,2018-02-23,361,4431,4792
5055,2018-02-24,154,2827,2981
5055,2018-02-25,29,2001,2030
5055,2018-02-26,332,4131,4463
5055,2018-02-27,317,4151,4468
5055,2018-02-28,284,4208,4492
5055,2018-03-01,387,4360,4747
5055,2018-03-02,400,3782,4182
5055,2018-03-03,171,2811,2982
5055,2018-03-04,23,2177,2200
5055,2018-03-05,321,4198,4519
5055,2018-03-06,350,4488,4838
5055,2018-03-07,315,4360,4675
5055,2018-03-08,348,4486,4834
5055,2018-03-09,337,4550,4887
5055,2018-03-10,148,2754,2902
5055,2018-03-11,27,2069,2096
5055,2018-03-12,366,4406,4772
5055,2018-03-13,355,4541,4896
5055,2018-03-14,315,4293,4608
5055,2018-03-16,331,4415,4746
5055,2018-03-17,174,2612,2786
5055,2018-03-18,28,1832,1860
5055,2018-03-19,302,4266,4568
5055,2018-03-20,346,4624,4970
5055,2018-03-21,408,4566,4974
5055,2018-03-22,334,4458,4792
5055,2018-03-23,360,4431,4791
5055,2018-03-24,160,3135,3295
5055,2018-03-26,344,4266,4610
5055,2018-03-27,304,4552,4856
5055,2018-03-28,328,4556,4884
5055,2018-03-31,157,2611,2768
5055,2018-04-01,30,2052,2082
5055,2018-04-02,21,2216,2237
5055,2018-04-03,240,2626,2866
5055,2018-04-04,176,2580,2756
5055,2018-04-06,227,2999,3226
5055,2018-04-07,195,2546,2741
5055,2018-04-08,25,2342,2367
5055,2018-04-09,507,3728,4235
5055,2018-04-10,373,4163,4536
5055,2018-04-11,339,4311,4650
5055,2018-04-12,353,4420,4773
5055,2018-04-13,345,4243,4588
5055,2018-04-14,155,2830,2985
5055,2018-04-15,38,2529,2567
5055,2018-04-16,358,4780,5138
5055,2018-04-17,366,5087,5453
5055,2018-04-18,350,4674,5024
5055,2018-04-27,339,4907,5246
5055,2018-04-28,189,3307,3496
5055,2018-04-29,38,2298,2336
5055,2018-04-30,278,4520,4798
5055,2018-05-01,30,2818,2848
5055,2018-05-02,363,6222,6585
5055,2018-05-04,376,6374,6750
5055,2018-05-05,199,4249,4448
5055,2018-05-06,66,3547,3613
5055,2018-05-07,322,5524,5846
5055,2018-05-08,367,5746,6113
5055,2018-05-09,391,5878,6269
5055,2018-05-10,47,3434,3481
5055,2018-05-11,355,4708,5063
5055,2018-05-12,168,3539,3707
5055,2018-05-13,26,2490,2516
5055,2018-05-14,384,4904,5288
5055,2018-05-15,445,5548,5993
5055,2018-05-16,344,5192,5536
5055,2018-05-18,450,4945,5395
5055,2018-05-19,186,2848,3034
5055,2018-05-20,40,2418,2458
5055,2018-05-21,28,2062,2090
5055,2018-05-22,379,3773,4152
5055,2018-05-23,372,4488,4860
5055,2018-05-24,396,4768,5164
5055,2018-05-25,350,5074,5424
5055,2018-05-26,164,3767,3931
5055,2018-05-27,51,2668,2719
5055,2018-05-28,315,4827,5142
5055,2018-05-29,339,5007,5346
5055,2018-05-30,340,5026,5366
5055,2018-06-01,348,5079,5427
5055,2018-06-02,164,3582,3746
5055,2018-06-03,39,2827,2866
5055,2018-06-04,315,4551,4866
5055,2018-06-05,324,4902,5226
5055,2018-06-06,322,4712,5034
5055,2018-06-07,348,4750,5098
5055,2018-06-08,318,4776,5094
5055,2018-06-09,164,3934,4098
5055,2018-06-10,46,2895,2941
5055,2018-06-11,364,4384,4748
5055,2018-06-12,326,4458,4784
5055,2018-06-13,332,4732,5064
5055,2018-06-15,338,4888,5226
5055,2018-06-16,195,3798,3993
5055,2018-06-17,40,2577,2617
5055,2018-06-18,356,5511,5867
5055,2018-06-19,331,5785,6116
5055,2018-06-20,371,5513,5884
5055,2018-06-22,316,4627,4943
5055,2018-06-23,41,2378,2419
5055,2018-06-24,37,2459,2496
5055,2018-06-25,334,4485,4819
5055,2018-06-26,322,4921,5243
5055,2018-06-27,351,4785,5136
5055,2018-06-29,359,5068,5427
5055,2018-06-30,157,2858,3015
5055,2018-07-01,36,3103,3139
5055,2018-07-02,356,4124,4480
5055,2018-07-03,343,4634,4977
5055,2018-07-04,346,4546,4892
5055,2018-07-05,375,4708,5083
5055,2018-07-06,337,4784,5121
5055,2018-07-07,177,3338,3515
5055,2018-07-08,49,3048,3097
5055,2018-07-09,339,4575,4914
5055,2018-07-10,358,4952,5310
5055,2018-07-11,331,4758,5089
5055,2018-07-13,398,4785,5183
5055,2018-07-14,187,3286,3473
5055,2018-07-15,57,2799,2856
5055,2018-07-16,311,4243,4554
5055,2018-07-17,354,4767,5121
5055,2018-07-18,344,4116,4460
5055,2018-07-20,371,3831,4202
5055,2018-07-21,183,2758,2941
5055,2018-07-22,55,2317,2372
5055,2018-07-23,362,4089,4451
5055,2018-07-24,330,4498,4828
5055,2018-07-25,357,4492,4849
5055,2018-07-26,303,4388,4691
5055,2018-07-27,259,4318,4577
5055,2018-07-28,144,2485,2629
5055,2018-07-29,40,2137,2177
5055,2018-07-30,267,3664,3931
5055,2018-07-31,268,3945,4213
5055,2018-08-01,253,3969,4222
5055,2018-08-03,252,3838,4090
5055,2018-08-04,165,2818,2983
5055,2018-08-05,45,2504,2549
5055,2018-08-06,237,3527,3764
5055,2018-08-08,212,3468,3680
5055,2018-08-10,221,3436,3657
5055,2018-08-11,148,2288,2436
5055,2018-08-12,40,2080,2120
5055,2018-08-13,276,3294,3570
5055,2018-08-14,222,3251,3473
5055,2018-08-15,27,1953,1980
5055,2018-08-16,212,3185,3397
5055,2018-08-17,354,3136,3490
5055,2018-08-18,173,2280,2453
5055,2018-08-19,45,1967,2012
5055,2018-08-20,322,3394,3716
5055,2018-08-21,262,3623,3885
5055,2018-08-22,244,3682,3926
5055,2018-08-23,338,3810,4148
5055,2018-08-24,302,3781,4083
5055,2018-08-25,210,2669,2879
5055,2018-08-26,40,2440,2480
5055,2018-08-27,272,3569,3841
5055,2018-08-28,303,3896,4199
5055,2018-08-29,288,3896,4184
5055,2018-08-30,314,3876,4190
5055,2018-08-31,329,4100,4429
5055,2018-09-01,185,2922,3107
5055,2018-09-02,30,2603,2633
5055,2018-09-03,299,3865,4164
5055,2018-09-04,298,4231,4529
5055,2018-09-05,324,4189,4513
5055,2018-09-07,321,4648,4969
5055,2018-09-08,175,3057,3232
5055,2018-09-09,54,2572,2626
5055,2018-09-10,284,4343,4627
5055,2018-09-11,312,4753,5065
5055,2018-09-12,293,4559,4852
5055,2018-09-13,306,4483,4789
5055,2018-09-14,279,4519,4798
5055,2018-09-15,172,3171,3343
5055,2018-09-16,51,2697,2748
5055,2018-09-17,310,5040,5350
5055,2018-09-18,362,5712,6074
5055,2018-09-19,358,5352,5710
5055,2018-09-21,409,5505,5914
5055,2018-09-22,170,3956,4126
5055,2018-09-24,326,5276,5602
5055,2018-09-25,335,5405,5740
5055,2018-09-26,389,5427,5816
5055,2018-09-27,347,5781,6128
5055,2018-09-28,390,5613,6003
5055,2018-09-29,204,3302,3506
5055,2018-09-30,38,2940,2978
5055,2018-10-01,398,5144,5542
5055,2018-10-02,340,5553,5893
5055,2018-10-03,387,5567,5954
5055,2018-10-05,356,5566,5922
5055,2018-10-06,239,3422,3661
5055,2018-10-07,42,2600,2642
5055,2018-10-08,350,4777,5127
5055,2018-10-09,366,5069,5435
5055,2018-10-10,346,5045,5391
5055,2018-10-11,353,5148,5501
5055,2018-10-12,397,5029,5426
5055,2018-10-13,188,3375,3563
5055,2018-10-14,38,2770,2808
5055,2018-10-15,443,4897,5340
5055,2018-10-16,434,5119,5553
5055,2018-10-17,465,4928,5393
5055,2018-10-19,441,5134,5575
5055,2018-10-20,151,3124,3275
5055,2018-10-21,34,2498,2532
5055,2018-10-22,353,4735,5088
5055,2018-10-23,370,4865,5235
5055,2018-10-24,512,4695,5207
5055,2018-10-25,417,4858,5275
5055,2018-10-26,478,4750,5228
5055,2018-10-27,301,3007,3308
5055,2018-10-28,22,2141,2163
5055,2018-10-29,484,3694,4178
5055,2018-10-31,304,3653,3957
5055,2018-11-02,282,3064,3346
5055,2018-11-03,168,2488,2656
5055,2018-11-04,25,2036,2061
5055,2018-11-05,403,4497,4900
5055,2018-11-06,329,4718,5047
5055,2018-11-07,364,4902,5266
5055,2018-11-09,333,5186,5519
5055,2018-11-10,210,2932,3142
5055,2018-11-11,66,2638,2704
5055,2018-11-12,330,4768,5098
5055,2018-11-13,354,4856,5210
5055,2018-11-14,458,5578,6036
5055,2018-11-15,450,5235,5685
5055,2018-11-16,381,5251,5632
5055,2018-11-17,148,3626,3774
5055,2018-11-18,33,2751,2784
5055,2018-11-19,332,4408,4740
5055,2018-11-20,400,4572,4972
5055,2018-11-21,366,4570,4936
5055,2018-11-22,352,5060,5412
5055,2018-11-23,347,5097,5444
5055,2018-11-24,182,3144,3326
5055,2018-11-25,32,2392,2424
5055,2018-11-26,328,4970,5298
5055,2018-11-27,358,4992,5350
5055,2018-11-28,362,4875,5237
5055,2018-11-30,362,4957,5319
5055,2018-12-01,160,3004,3164
5055,2018-12-02,32,2264,2296
5055,2018-12-03,372,4680,5052
5055,2018-12-04,301,4927,5228
5055,2018-12-05,322,4879,5201
5055,2018-12-06,296,4703,4999
5055,2018-12-07,304,4766,5070
5055,2018-12-08,174,2550,2724
5055,2018-12-10,343,4587,4930
5055,2018-12-11,329,5040,5369
5055,2018-12-12,364,4528,4892
5055,2018-12-13,402,5076,5478
5055,2018-12-14,433,4936,5369
5055,2018-12-15,185,3030,3215
5055,2018-12-16,40,1961,2001
5055,2018-12-17,389,4657,5046
5055,2018-12-18,346,5266,5612
5055,2018-12-19,302,5069,5371
5055,2018-12-20,352,4944,5296
5055,2018-12-21,244,4440,4684
5055,2018-12-22,177,2792,2969
5055,2018-12-23,34,1903,1937
5055,2018-12-24,196,2644,2840
5055,2018-12-25,23,1741,1764
5055,2018-12-26,17,1572,1589
5055,2018-12-27,206,2761,2967
5055,2018-12-28,192,2818,3010
5055,2018-12-29,133,2016,2149
5055,2018-12-30,25,1621,1646
5055,2018-12-31,180,2300,2480
5073,2018-01-01,4,536,540
5073,2018-01-02,7,1233,1240
5073,2018-01-03,22,1038,1060
5073,2018-01-19,20,1341,1361
5073,2018-01-20,4,955,959
5073,2018-01-21,3,814,817
5073,2018-01-22,12,1326,1338
5073,2018-01-23,5,1401,1406
5073,2018-01-24,17,1388,1405
5073,2018-01-25,6,1411,1417
5073,2018-01-26,16,1426,1442
5073,2018-01-27,3,1088,1091
5073,2018-01-28,NA,851,NA
5073,2018-01-29,13,1391,1404
5073,2018-01-30,11,1536,1547
5073,2018-01-31,23,1382,1405
5073,2018-02-02,25,1409,1434
5073,2018-02-03,13,984,997
5073,2018-02-04,4,723,727
5073,2018-02-05,15,1337,1352
5073,2018-02-06,11,1080,1091
5073,2018-02-07,19,1265,1284
5073,2018-02-08,10,1317,1327
5073,2018-02-09,10,1302,1312
5073,2018-02-10,NA,860,NA
5073,2018-02-11,NA,579,NA
5073,2018-02-12,4,1042,1046
5073,2018-02-13,2,1116,1118
5073,2018-02-14,14,1250,1264
5073,2018-02-16,7,1243,1250
5073,2018-02-17,NA,925,NA
5073,2018-02-18,NA,811,NA
5073,2018-02-19,10,1408,1418
5073,2018-02-20,12,1557,1569
5073,2018-02-21,15,1522,1537
5073,2018-02-22,13,1422,1435
5073,2018-02-23,32,1469,1501
5073,2018-02-24,3,1115,1118
5073,2018-02-25,2,827,829
5073,2018-02-26,14,1359,1373
5073,2018-02-27,4,1354,1358
5073,2018-02-28,24,1419,1443
5073,2018-03-02,14,1042,1056
5073,2018-03-03,6,915,921
5073,2018-03-04,NA,793,NA
5073,2018-03-05,11,1386,1397
5073,2018-03-06,9,1527,1536
5073,2018-03-07,10,1351,1361
5073,2018-03-08,7,1368,1375
5073,2018-03-09,8,1401,1409
5073,2018-03-10,6,1160,1166
5073,2018-03-11,4,898,902
5073,2018-03-12,32,1493,1525
5073,2018-03-13,5,1815,1820
5073,2018-03-14,20,1843,1863
5073,2018-03-16,19,1534,1553
5073,2018-03-17,18,1050,1068
5073,2018-03-18,2,736,738
5073,2018-03-19,22,1449,1471
5073,2018-03-20,22,1523,1545
5073,2018-03-21,35,1562,1597
5073,2018-03-22,12,1405,1417
5073,2018-03-23,22,1515,1537
5073,2018-03-24,10,1362,1372
5073,2018-03-26,21,1512,1533
5073,2018-03-27,16,1429,1445
5073,2018-03-28,25,1405,1430
5073,2018-03-31,10,1071,1081
5073,2018-04-01,2,646,648
5073,2018-04-02,NA,726,NA
5073,2018-04-03,8,1323,1331
5073,2018-04-04,12,1193,1205
5073,2018-04-06,6,1256,1262
5073,2018-04-07,21,1044,1065
5073,2018-04-08,2,947,949
5073,2018-04-09,24,1387,1411
5073,2018-04-10,8,1500,1508
5073,2018-04-11,12,1485,1497
5073,2018-04-12,7,1446,1453
5073,2018-04-13,12,1496,1508
5073,2018-04-14,13,1187,1200
5073,2018-04-15,NA,988,NA
5073,2018-04-16,17,1496,1513
5073,2018-04-17,10,1791,1801
5073,2018-04-18,21,1649,1670
5073,2018-04-20,15,1714,1729
5073,2018-04-21,4,1358,1362
5073,2018-04-22,2,1088,1090
5073,2018-04-23,12,1609,1621
5073,2018-04-24,8,1755,1763
5073,2018-04-25,23,1520,1543
5073,2018-04-26,9,1593,1602
5073,2018-04-27,15,1728,1743
5073,2018-04-28,6,1355,1361
5073,2018-04-29,2,798,800
5073,2018-04-30,12,1332,1344
5073,2018-05-01,2,843,845
5073,2018-05-02,17,1680,1697
5073,2018-05-04,15,1755,1770
5073,2018-05-05,4,1311,1315
5073,2018-05-06,8,1170,1178
5073,2018-05-07,14,1765,1779
5073,2018-05-08,15,1921,1936
5073,2018-05-09,18,1753,1771
5073,2018-05-10,10,764,774
5073,2018-05-11,36,1597,1633
5073,2018-05-12,46,1322,1368
5073,2018-05-13,7,840,847
5073,2018-05-14,22,1501,1523
5073,2018-05-15,44,1720,1764
5073,2018-05-16,16,1624,1640
5073,2018-05-18,56,1694,1750
5073,2018-05-19,15,1233,1248
5073,2018-05-20,4,896,900
5073,2018-05-21,NA,863,NA
5073,2018-05-22,40,1307,1347
5073,2018-05-23,18,1530,1548
5073,2018-05-24,13,1342,1355
5073,2018-05-25,7,1289,1296
5073,2018-05-26,2,1134,1136
5073,2018-05-27,5,963,968
5073,2018-05-28,12,1516,1528
5073,2018-05-29,14,1655,1669
5073,2018-05-30,45,1681,1726
5073,2018-06-01,14,1522,1536
5073,2018-06-02,16,2169,2185
5073,2018-06-03,8,1312,1320
5073,2018-06-04,12,1627,1639
5073,2018-06-05,16,1769,1785
5073,2018-06-06,19,1690,1709
5073,2018-06-07,39,1462,1501
5073,2018-06-08,12,1697,1709
5073,2018-06-09,8,1362,1370
5073,2018-06-10,2,1022,1024
5073,2018-06-11,11,1450,1461
5073,2018-06-12,9,1548,1557
5073,2018-06-13,12,1634,1646
5073,2018-06-15,12,1705,1717
5073,2018-06-16,2,1706,1708
5073,2018-06-17,NA,1242,NA
5073,2018-06-18,18,1551,1569
5073,2018-06-19,14,1677,1691
5073,2018-06-20,21,1610,1631
5073,2018-06-21,33,1655,1688
5073,2018-06-22,26,1612,1638
5073,2018-06-23,4,845,849
5073,2018-06-24,4,1156,1160
5073,2018-06-25,62,1538,1600
5073,2018-06-26,10,1665,1675
5073,2018-06-27,19,1656,1675
5073,2018-06-29,43,1670,1713
5073,2018-06-30,9,1235,1244
5073,2018-07-01,6,997,1003
5073,2018-07-02,38,1543,1581
5073,2018-07-03,12,1726,1738
5073,2018-07-04,33,1494,1527
5073,2018-07-05,6,1528,1534
5073,2018-07-06,16,1671,1687
5073,2018-07-07,5,1265,1270
5073,2018-07-08,5,1085,1090
5073,2018-07-09,34,1728,1762
5073,2018-07-10,10,1863,1873
5073,2018-07-11,19,1609,1628
5073,2018-07-13,16,1941,1957
5073,2018-07-14,2,1160,1162
5073,2018-07-15,6,1047,1053
5073,2018-07-16,17,1361,1378
5073,2018-07-17,12,1422,1434
5073,2018-07-18,19,1510,1529
5073,2018-07-19,15,1517,1532
5073,2018-07-20,16,1433,1449
5073,2018-07-21,4,1244,1248
5073,2018-07-22,2,968,970
5073,2018-07-23,10,1359,1369
5073,2018-07-24,14,1460,1474
5073,2018-07-25,15,1380,1395
5073,2018-07-27,16,1353,1369
5073,2018-07-28,7,989,996
5073,2018-07-29,2,879,881
5073,2018-07-30,11,1133,1144
5073,2018-07-31,8,1268,1276
5073,2018-08-01,13,1239,1252
5073,2018-08-02,5,1207,1212
5073,2018-08-03,10,1158,1168
5073,2018-08-04,4,899,903
5073,2018-08-05,4,804,808
5073,2018-08-06,12,1040,1052
5073,2018-08-07,19,1037,1056
5073,2018-08-08,6,1006,1012
5073,2018-08-10,4,1046,1050
5073,2018-08-11,4,799,803
5073,2018-08-12,3,739,742
5073,2018-08-13,18,900,918
5073,2018-08-14,7,1083,1090
5073,2018-08-15,NA,702,NA
5073,2018-08-16,6,1077,1083
5073,2018-08-17,18,966,984
5073,2018-08-18,3,966,969
5073,2018-08-19,NA,877,NA
5073,2018-08-20,6,1091,1097
5073,2018-08-21,7,1280,1287
5073,2018-08-22,13,1284,1297
5073,2018-08-23,10,1159,1169
5073,2018-08-24,46,1130,1176
5073,2018-08-25,2,855,857
5073,2018-08-26,2,840,842
5073,2018-08-27,10,1070,1080
5073,2018-08-28,13,1301,1314
5073,2018-08-29,21,1030,1051
5073,2018-08-30,4,1087,1091
5073,2018-08-31,6,1083,1089
5073,2018-09-01,NA,998,NA
5073,2018-09-02,4,1003,1007
5073,2018-09-03,30,1178,1208
5073,2018-09-04,5,1306,1311
5073,2018-09-05,11,1236,1247
5073,2018-09-07,13,1290,1303
5073,2018-09-08,2,966,968
5073,2018-09-09,4,908,912
5073,2018-09-10,4,1310,1314
5073,2018-09-11,11,1303,1314
5073,2018-09-12,9,1379,1388
5073,2018-09-13,6,1287,1293
5073,2018-09-14,19,2084,2103
5073,2018-09-15,10,1187,1197
5073,2018-09-16,2,1054,1056
5073,2018-09-17,25,1511,1536
5073,2018-09-18,14,1706,1720
5073,2018-09-19,24,1473,1497
5073,2018-09-21,20,1555,1575
5073,2018-09-22,3,1909,1912
5073,2018-09-23,2,724,726
5073,2018-09-24,12,1356,1368
5073,2018-09-25,37,1508,1545
5073,2018-09-26,17,1448,1465
5073,2018-09-27,20,1541,1561
5073,2018-09-28,18,1626,1644
5073,2018-09-29,10,1187,1197
5073,2018-09-30,4,1045,1049
5073,2018-10-01,28,1712,1740
5073,2018-10-02,10,1893,1903
5073,2018-10-03,20,1957,1977
5073,2018-10-05,21,2052,2073
5073,2018-10-06,9,1293,1302
5073,2018-10-07,2,977,979
5073,2018-10-08,20,1583,1603
5073,2018-10-09,15,1557,1572
5073,2018-10-10,18,1661,1679
5073,2018-10-11,27,1558,1585
5073,2018-10-12,15,1586,1601
5073,2018-10-13,4,1254,1258
5073,2018-10-14,NA,1121,NA
5073,2018-10-15,16,1449,1465
5073,2018-10-16,10,1681,1691
5073,2018-10-17,14,1598,1612
5073,2018-10-19,16,1502,1518
5073,2018-10-20,2,1164,1166
5073,2018-10-21,2,947,949
5073,2018-10-22,18,1453,1471
5073,2018-10-23,18,1544,1562
5073,2018-10-24,26,1540,1566
5073,2018-10-25,5,1570,1575
5073,2018-10-26,10,1561,1571
5073,2018-10-27,3,1034,1037
5073,2018-10-28,NA,677,NA
5073,2018-10-29,6,1264,1270
5073,2018-10-30,5,1264,1269
5073,2018-10-31,6,1350,1356
5073,2018-11-02,11,1057,1068
5073,2018-11-03,2,925,927
5073,2018-11-04,2,848,850
5073,2018-11-05,10,1434,1444
5073,2018-11-06,18,1504,1522
5073,2018-11-07,28,1445,1473
5073,2018-11-08,13,1571,1584
5073,2018-11-09,13,1501,1514
5073,2018-11-10,24,2192,2216
5073,2018-11-11,2,1136,1138
5073,2018-11-12,8,1519,1527
5073,2018-11-13,10,1526,1536
5073,2018-11-14,15,1598,1613
5073,2018-11-16,13,1567,1580
5073,2018-11-17,2,1913,1915
5073,2018-11-18,NA,1267,NA
5073,2018-11-19,11,1385,1396
5073,2018-11-20,9,1466,1475
5073,2018-11-21,13,1459,1472
5073,2018-11-22,27,1498,1525
5073,2018-11-23,21,1632,1653
5073,2018-11-24,10,1062,1072
5073,2018-11-25,2,809,811
5073,2018-11-26,17,1409,1426
5073,2018-11-27,9,1503,1512
5073,2018-11-28,9,1389,1398
5073,2018-11-29,7,1507,1514
5073,2018-11-30,15,1563,1578
5073,2018-12-01,2,1081,1083
5073,2018-12-02,NA,674,NA
5073,2018-12-03,19,1359,1378
5073,2018-12-04,14,1629,1643
5073,2018-12-05,20,1466,1486
5073,2018-12-07,6,1447,1453
5073,2018-12-08,4,950,954
5073,2018-12-09,12,682,694
5073,2018-12-10,10,1494,1504
5073,2018-12-11,11,1434,1445
5073,2018-12-12,20,1411,1431
5073,2018-12-13,10,1524,1534
5073,2018-12-14,9,1477,1486
5073,2018-12-15,NA,1021,NA
5073,2018-12-16,6,554,560
5073,2018-12-17,9,1442,1451
5073,2018-12-18,12,1493,1505
5073,2018-12-19,13,1523,1536
5073,2018-12-20,5,1456,1461
5073,2018-12-21,11,1473,1484
5073,2018-12-22,NA,906,NA
5073,2018-12-23,NA,663,NA
5073,2018-12-24,NA,990,NA
5073,2018-12-25,NA,582,NA
5073,2018-12-26,NA,530,NA
5073,2018-12-27,9,952,961
5073,2018-12-28,5,1013,1018
5073,2018-12-29,4,784,788
5073,2018-12-30,2,636,638
5073,2018-12-31,2,885,887
5074,2018-01-01,38,785,823
5074,2018-01-02,14,1718,1732
5074,2018-01-03,62,1694,1756
5074,2018-01-05,8,1871,1879
5074,2018-01-06,9,1480,1489
5074,2018-01-07,7,1064,1071
5074,2018-01-08,16,1985,2001
5074,2018-01-09,30,2113,2143
5074,2018-01-10,14,1876,1890
5074,2018-01-11,11,2147,2158
5074,2018-01-12,24,2138,2162
5074,2018-01-13,8,1548,1556
5074,2018-01-14,9,1246,1255
5074,2018-01-15,27,1905,1932
5074,2018-01-16,20,1936,1956
5074,2018-01-17,20,2069,2089
5074,2018-01-19,38,2108,2146
5074,2018-01-20,9,1538,1547
5074,2018-01-21,14,1190,1204
5074,2018-01-22,16,1838,1854
5074,2018-01-23,28,2156,2184
5074,2018-01-24,21,2125,2146
5074,2018-01-25,17,2083,2100
5074,2018-01-26,27,2164,2191
5074,2018-01-27,9,1644,1653
5074,2018-01-28,5,1273,1278
5074,2018-01-29,14,2001,2015
5074,2018-01-30,21,2288,2309
5074,2018-01-31,12,2143,2155
5074,2018-02-02,20,2180,2200
5074,2018-02-03,10,1566,1576
5074,2018-02-04,6,1067,1073
5074,2018-02-05,15,2002,2017
5074,2018-02-06,12,1751,1763
5074,2018-02-07,16,1951,1967
5074,2018-02-08,23,2056,2079
5074,2018-02-09,23,2060,2083
5074,2018-02-10,11,1307,1318
5074,2018-02-11,9,928,937
5074,2018-02-12,11,1467,1478
5074,2018-02-13,8,1688,1696
5074,2018-02-14,20,1805,1825
5074,2018-02-16,23,1841,1864
5074,2018-02-17,9,1448,1457
5074,2018-02-18,8,1201,1209
5074,2018-02-19,19,2174,2193
5074,2018-02-20,20,2402,2422
5074,2018-02-21,26,2345,2371
5074,2018-02-22,29,2396,2425
5074,2018-02-23,19,2499,2518
5074,2018-02-24,15,1866,1881
5074,2018-02-25,5,1374,1379
5074,2018-02-26,24,2160,2184
5074,2018-02-27,20,2128,2148
5074,2018-02-28,25,2263,2288
5074,2018-03-02,18,1782,1800
5074,2018-03-03,9,1670,1679
5074,2018-03-04,10,1299,1309
5074,2018-03-05,23,2220,2243
5074,2018-03-06,22,2382,2404
5074,2018-03-07,11,2240,2251
5074,2018-03-08,22,2238,2260
5074,2018-03-09,27,2433,2460
5074,2018-03-10,14,1956,1970
5074,2018-03-11,8,1534,1542
5074,2018-03-12,29,2313,2342
5074,2018-03-13,10,2648,2658
5074,2018-03-14,24,2641,2665
5074,2018-03-16,16,2511,2527
5074,2018-03-17,11,1734,1745
5074,2018-03-18,8,1253,1261
5074,2018-03-19,20,2214,2234
5074,2018-03-20,16,2409,2425
5074,2018-03-21,14,2514,2528
5074,2018-03-22,23,2291,2314
5074,2018-03-23,21,2512,2533
5074,2018-03-24,18,2199,2217
5074,2018-03-26,108,2370,2478
5074,2018-03-27,66,2510,2576
5074,2018-03-28,22,2355,2377
5074,2018-03-31,14,1761,1775
5074,2018-04-01,10,1116,1126
5074,2018-04-02,6,1029,1035
5074,2018-04-03,10,1811,1821
5074,2018-04-04,19,1752,1771
5074,2018-04-06,8,1930,1938
5074,2018-04-07,13,1526,1539
5074,2018-04-08,8,1272,1280
5074,2018-04-09,22,1892,1914
5074,2018-04-10,13,1969,1982
5074,2018-04-11,19,2117,2136
5074,2018-04-12,20,2113,2133
5074,2018-04-13,17,2166,2183
5074,2018-04-14,18,1771,1789
5074,2018-04-15,7,1455,1462
5074,2018-04-16,22,2254,2276
5074,2018-04-17,20,2577,2597
5074,2018-04-18,20,2519,2539
5074,2018-04-20,19,2677,2696
5074,2018-04-21,15,2193,2208
5074,2018-04-22,10,1561,1571
5074,2018-04-23,19,2357,2376
5074,2018-04-24,19,2624,2643
5074,2018-04-25,18,2206,2224
5074,2018-04-26,24,2445,2469
5074,2018-04-27,24,2540,2564
5074,2018-04-28,19,1924,1943
5074,2018-04-30,24,1892,1916
5074,2018-05-01,4,1198,1202
5074,2018-05-02,18,2513,2531
5074,2018-05-04,26,2620,2646
5074,2018-05-05,11,2142,2153
5074,2018-05-06,9,1725,1734
5074,2018-05-07,44,2455,2499
5074,2018-05-08,35,2712,2747
5074,2018-05-09,34,2644,2678
5074,2018-05-10,2,1230,1232
5074,2018-05-11,32,2329,2361
5074,2018-05-12,53,1976,2029
5074,2018-05-13,12,1354,1366
5074,2018-05-14,18,2142,2160
5074,2018-05-15,29,2526,2555
5074,2018-05-16,24,2226,2250
5074,2018-05-18,26,2599,2625
5074,2018-05-19,10,1895,1905
5074,2018-05-20,14,1118,1132
5074,2018-05-21,4,1116,1120
5074,2018-05-22,16,1926,1942
5074,2018-05-23,12,1970,1982
5074,2018-05-24,13,2021,2034
5074,2018-05-25,4,2096,2100
5074,2018-05-26,66,1702,1768
5074,2018-05-27,49,1350,1399
5074,2018-05-28,44,2371,2415
5074,2018-05-29,34,2561,2595
5074,2018-05-30,20,2545,2565
5074,2018-06-01,16,2420,2436
5074,2018-06-02,14,2076,2090
5074,2018-06-03,7,1645,1652
5074,2018-06-04,22,2368,2390
5074,2018-06-05,16,2558,2574
5074,2018-06-06,96,2296,2392
5074,2018-06-07,12,2232,2244
5074,2018-06-08,20,2516,2536
5074,2018-06-09,22,2072,2094
5074,2018-06-10,12,1660,1672
5074,2018-06-11,14,2060,2074
5074,2018-06-12,18,2106,2124
5074,2018-06-13,24,2422,2446
5074,2018-06-16,11,2114,2125
5074,2018-06-17,14,1502,1516
5074,2018-06-18,22,2293,2315
5074,2018-06-19,55,2482,2537
5074,2018-06-20,40,2509,2549
5074,2018-06-21,70,2465,2535
5074,2018-06-22,32,2210,2242
5074,2018-06-23,9,1191,1200
5074,2018-06-24,5,1622,1627
5074,2018-06-25,25,2122,2147
5074,2018-06-26,40,2433,2473
5074,2018-06-27,28,2378,2406
5074,2018-06-28,42,2583,2625
5074,2018-06-30,9,1805,1814
5074,2018-07-01,9,1434,1443
5074,2018-07-02,51,2253,2304
5074,2018-07-03,58,2502,2560
5074,2018-07-04,28,2094,2122
5074,2018-07-05,16,2194,2210
5074,2018-07-07,11,1878,1889
5074,2018-07-08,10,1496,1506
5074,2018-07-09,17,2456,2473
5074,2018-07-10,20,2590,2610
5074,2018-07-11,39,2432,2471
5074,2018-07-12,26,2554,2580
5074,2018-07-14,15,1738,1753
5074,2018-07-15,22,1460,1482
5074,2018-07-16,46,1957,2003
5074,2018-07-17,28,2040,2068
5074,2018-07-18,13,2015,2028
5074,2018-07-19,26,2338,2364
5074,2018-07-20,27,2050,2077
5074,2018-07-21,19,1587,1606
5074,2018-07-22,6,1354,1360
5074,2018-07-23,18,1977,1995
5074,2018-07-24,15,2071,2086
5074,2018-07-25,31,2027,2058
5074,2018-07-26,18,1880,1898
5074,2018-07-28,42,1513,1555
5074,2018-07-29,8,1218,1226
5074,2018-07-30,10,1682,1692
5074,2018-07-31,11,1858,1869
5074,2018-08-01,8,1682,1690
5074,2018-08-02,7,1762,1769
5074,2018-08-03,9,1672,1681
5074,2018-08-04,14,1362,1376
5074,2018-08-05,10,1096,1106
5074,2018-08-06,28,1535,1563
5074,2018-08-09,4,1398,1402
5074,2018-08-11,10,1199,1209
5074,2018-08-12,6,1012,1018
5074,2018-08-13,14,1308,1322
5074,2018-08-14,9,1517,1526
5074,2018-08-15,6,1050,1056
5074,2018-08-16,10,1461,1471
5074,2018-08-17,10,1474,1484
5074,2018-08-18,14,1338,1352
5074,2018-08-19,6,1184,1190
5074,2018-08-20,5,1595,1600
5074,2018-08-21,72,1843,1915
5074,2018-08-22,74,1815,1889
5074,2018-08-23,19,1869,1888
5074,2018-08-24,21,1712,1733
5074,2018-08-25,8,1389,1397
5074,2018-08-26,8,1521,1529
5074,2018-08-27,18,1647,1665
5074,2018-08-28,7,2087,2094
5074,2018-08-29,16,1494,1510
5074,2018-08-30,12,1804,1816
5074,2018-08-31,4,1861,1865
5074,2018-09-01,19,1743,1762
5074,2018-09-02,13,1522,1535
5074,2018-09-03,37,1847,1884
5074,2018-09-04,47,2231,2278
5074,2018-09-05,17,2019,2036
5074,2018-09-06,14,2066,2080
5074,2018-09-08,10,1702,1712
5074,2018-09-09,8,1528,1536
5074,2018-09-10,12,2323,2335
5074,2018-09-11,22,2299,2321
5074,2018-09-12,13,2285,2298
5074,2018-09-13,21,2185,2206
5074,2018-09-14,20,2218,2238
5074,2018-09-15,17,1793,1810
5074,2018-09-16,5,1676,1681
5074,2018-09-17,18,2192,2210
5074,2018-09-18,46,2327,2373
5074,2018-09-19,45,2154,2199
5074,2018-09-20,29,2364,2393
5074,2018-09-22,20,1874,1894
5074,2018-09-23,16,1104,1120
5074,2018-09-24,12,1902,1914
5074,2018-09-25,22,2223,2245
5074,2018-09-26,76,2074,2150
5074,2018-09-27,21,2358,2379
5074,2018-09-28,19,2285,2304
5074,2018-09-29,14,1817,1831
5074,2018-09-30,3,1512,1515
5074,2018-10-01,22,1886,1908
5074,2018-10-02,24,2368,2392
5074,2018-10-03,15,2392,2407
5074,2018-10-04,24,2552,2576
5074,2018-10-06,19,2064,2083
5074,2018-10-08,19,2323,2342
5074,2018-10-09,20,2261,2281
5074,2018-10-10,18,2334,2352
5074,2018-10-11,50,2276,2326
5074,2018-10-12,27,2394,2421
5074,2018-10-13,14,1878,1892
5074,2018-10-14,6,1568,1574
5074,2018-10-15,15,2208,2223
5074,2018-10-16,19,2515,2534
5074,2018-10-17,15,2412,2427
5074,2018-10-18,31,2426,2457
5074,2018-10-20,35,1835,1870
5074,2018-10-21,8,1454,1462
5074,2018-10-22,50,2274,2324
5074,2018-10-23,50,2382,2432
5074,2018-10-24,18,2232,2250
5074,2018-10-25,17,2382,2399
5074,2018-10-26,25,2396,2421
5074,2018-10-27,30,1659,1689
5074,2018-10-28,5,1246,1251
5074,2018-10-29,16,1840,1856
5074,2018-10-30,4,1892,1896
5074,2018-10-31,8,2035,2043
5074,2018-11-01,8,1136,1144
5074,2018-11-03,17,1520,1537
5074,2018-11-04,7,1278,1285
5074,2018-11-05,25,2175,2200
5074,2018-11-06,24,2221,2245
5074,2018-11-07,22,2282,2304
5074,2018-11-08,22,2308,2330
5074,2018-11-09,26,2300,2326
5074,2018-11-10,10,2178,2188
5074,2018-11-11,18,1441,1459
5074,2018-11-12,27,2202,2229
5074,2018-11-13,26,2349,2375
5074,2018-11-14,19,2273,2292
5074,2018-11-15,21,2319,2340
5074,2018-11-17,14,2405,2419
5074,2018-11-18,7,1616,1623
5074,2018-11-19,30,2182,2212
5074,2018-11-20,26,2290,2316
5074,2018-11-21,13,2251,2264
5074,2018-11-22,30,2296,2326
5074,2018-11-23,22,2665,2687
5074,2018-11-24,24,1787,1811
5074,2018-11-25,14,1327,1341
5074,2018-11-26,25,2249,2274
5074,2018-11-27,22,2493,2515
5074,2018-11-28,16,2217,2233
5074,2018-11-29,15,2366,2381
5074,2018-11-30,19,2514,2533
5074,2018-12-01,11,1801,1812
5074,2018-12-02,10,1149,1159
5074,2018-12-03,18,1836,1854
5074,2018-12-04,16,2236,2252
5074,2018-12-05,13,2319,2332
5074,2018-12-06,14,2193,2207
5074,2018-12-08,16,1599,1615
5074,2018-12-09,10,1080,1090
5074,2018-12-10,17,2249,2266
5074,2018-12-11,25,2356,2381
5074,2018-12-12,14,2183,2197
5074,2018-12-13,22,2362,2384
5074,2018-12-14,19,2355,2374
5074,2018-12-15,16,1806,1822
5074,2018-12-16,8,945,953
5074,2018-12-17,18,2158,2176
5074,2018-12-18,18,2329,2347
5074,2018-12-19,26,2250,2276
5074,2018-12-20,17,2279,2296
5074,2018-12-21,10,2212,2222
5074,2018-12-22,18,1490,1508
5074,2018-12-23,8,1004,1012
5074,2018-12-24,10,1460,1470
5074,2018-12-25,NA,907,NA
5074,2018-12-26,NA,835,NA
5074,2018-12-27,7,1430,1437
5074,2018-12-28,4,1376,1380
5074,2018-12-29,9,1239,1248
5074,2018-12-30,7,910,917
5074,2018-12-31,6,1321,1327
5075,2018-01-01,97,1078,1175
5075,2018-01-02,207,2357,2564
5075,2018-01-03,232,2264,2496
5075,2018-01-05,213,2672,2885
5075,2018-01-06,147,2063,2210
5075,2018-01-07,90,1240,1330
5075,2018-01-08,234,2428,2662
5075,2018-01-09,230,2896,3126
5075,2018-01-10,225,2539,2764
5075,2018-01-11,238,2819,3057
5075,2018-01-12,254,2798,3052
5075,2018-01-13,230,2272,2502
5075,2018-01-14,91,1598,1689
5075,2018-01-15,230,2245,2475
5075,2018-01-16,214,2544,2758
5075,2018-01-17,226,2352,2578
5075,2018-01-19,236,2498,2734
5075,2018-01-20,156,1813,1969
5075,2018-01-21,87,1465,1552
5075,2018-01-22,229,2186,2415
5075,2018-01-23,241,2331,2572
5075,2018-01-24,234,2235,2469
5075,2018-01-25,216,2301,2517
5075,2018-01-26,231,2403,2634
5075,2018-01-27,147,1858,2005
5075,2018-01-28,89,1185,1274
5075,2018-01-29,224,2245,2469
5075,2018-01-30,236,2408,2644
5075,2018-01-31,233,2186,2419
5075,2018-02-02,235,2344,2579
5075,2018-02-03,150,1895,2045
5075,2018-02-04,89,1159,1248
5075,2018-02-05,238,2157,2395
5075,2018-02-06,220,2158,2378
5075,2018-02-07,233,2141,2374
5075,2018-02-08,237,2504,2741
5075,2018-02-09,253,2293,2546
5075,2018-02-10,150,1500,1650
5075,2018-02-11,91,920,1011
5075,2018-02-12,189,1653,1842
5075,2018-02-13,222,2054,2276
5075,2018-02-14,222,2085,2307
5075,2018-02-16,208,1982,2190
5075,2018-02-17,140,1695,1835
5075,2018-02-18,88,1241,1329
5075,2018-02-19,217,2301,2518
5075,2018-02-20,230,2556,2786
5075,2018-02-21,232,2094,2326
5075,2018-02-22,234,2191,2425
5075,2018-02-23,221,2206,2427
5075,2018-02-24,147,1675,1822
5075,2018-02-25,89,1186,1275
5075,2018-02-26,220,1930,2150
5075,2018-02-27,216,2121,2337
5075,2018-02-28,233,2048,2281
5075,2018-03-02,227,1947,2174
5075,2018-03-03,139,1755,1894
5075,2018-03-04,89,1049,1138
5075,2018-03-05,229,2253,2482
5075,2018-03-06,232,2416,2648
5075,2018-03-07,224,2088,2312
5075,2018-03-08,224,2332,2556
5075,2018-03-09,242,2351,2593
5075,2018-03-10,151,1936,2087
5075,2018-03-11,88,1461,1549
5075,2018-03-12,236,2266,2502
5075,2018-03-13,236,2535,2771
5075,2018-03-14,252,2420,2672
5075,2018-03-16,213,2387,2600
5075,2018-03-17,151,1729,1880
5075,2018-03-18,88,1155,1243
5075,2018-03-19,217,1993,2210
5075,2018-03-20,224,2263,2487
5075,2018-03-21,218,2314,2532
5075,2018-03-22,225,2347,2572
5075,2018-03-23,236,2472,2708
5075,2018-03-26,358,2441,2799
5075,2018-03-27,270,2340,2610
5075,2018-03-28,249,2268,2517
5075,2018-03-31,145,2280,2425
5075,2018-04-01,90,1246,1336
5075,2018-04-02,87,1096,1183
5075,2018-04-03,199,2130,2329
5075,2018-04-04,213,2108,2321
5075,2018-04-06,208,2347,2555
5075,2018-04-07,164,2198,2362
5075,2018-04-08,97,1671,1768
5075,2018-04-09,217,2200,2417
5075,2018-04-10,225,2230,2455
5075,2018-04-11,212,2540,2752
5075,2018-04-12,242,2405,2647
5075,2018-04-13,213,2512,2725
5075,2018-04-14,152,2354,2506
5075,2018-04-15,89,1801,1890
5075,2018-04-16,241,2767,3008
5075,2018-04-17,256,3110,3366
5075,2018-04-18,264,3187,3451
5075,2018-04-20,258,3372,3630
5075,2018-04-21,165,2996,3161
5075,2018-04-22,92,2038,2130
5075,2018-04-23,247,2815,3062
5075,2018-04-24,252,3157,3409
5075,2018-04-25,268,2864,3132
5075,2018-04-26,237,3098,3335
5075,2018-04-27,263,3077,3340
5075,2018-04-28,154,2597,2751
5075,2018-04-29,98,1504,1602
5075,2018-04-30,218,2502,2720
5075,2018-05-01,91,1686,1777
5075,2018-05-02,251,3288,3539
5075,2018-05-04,264,3306,3570
5075,2018-05-05,169,2807,2976
5075,2018-05-06,102,2190,2292
5075,2018-05-07,241,3114,3355
5075,2018-05-08,251,3491,3742
5075,2018-05-09,255,3480,3735
5075,2018-05-10,89,1357,1446
5075,2018-05-11,258,3108,3366
5075,2018-05-12,151,2584,2735
5075,2018-05-13,92,1752,1844
5075,2018-05-14,246,2828,3074
5075,2018-05-15,247,3367,3614
5075,2018-05-16,256,2905,3161
5075,2018-05-18,274,3199,3473
5075,2018-05-19,153,2476,2629
5075,2018-05-20,94,1340,1434
5075,2018-05-21,90,1496,1586
5075,2018-05-22,226,2536,2762
5075,2018-05-23,224,2392,2616
5075,2018-05-24,228,2422,2650
5075,2018-05-25,227,2737,2964
5075,2018-05-26,154,2555,2709
5075,2018-05-27,103,1996,2099
5075,2018-05-28,264,2850,3114
5075,2018-05-30,316,3054,3370
5075,2018-06-02,164,2466,2630
5075,2018-06-03,120,1992,2112
5075,2018-06-04,298,2866,3164
5075,2018-06-05,256,3253,3509
5075,2018-06-06,246,2848,3094
5075,2018-06-07,236,3008,3244
5075,2018-06-08,253,3223,3476
5075,2018-06-09,340,2718,3058
5075,2018-06-10,100,1992,2092
5075,2018-06-11,256,2562,2818
5075,2018-06-12,274,2646,2920
5075,2018-06-13,256,2793,3049
5075,2018-06-15,270,2880,3150
5075,2018-06-16,154,2413,2567
5075,2018-06-17,95,1660,1755
5075,2018-06-18,265,2822,3087
5075,2018-06-19,318,3136,3454
5075,2018-06-20,308,3282,3590
5075,2018-06-21,280,3140,3420
5075,2018-06-22,245,2991,3236
5075,2018-06-23,117,1509,1626
5075,2018-06-24,96,2209,2305
5075,2018-06-25,255,2685,2940
5075,2018-06-26,253,3087,3340
5075,2018-06-27,302,3146,3448
5075,2018-06-29,267,3131,3398
5075,2018-06-30,159,2613,2772
5075,2018-07-01,95,2103,2198
5075,2018-07-02,259,2997,3256
5075,2018-07-03,261,3083,3344
5075,2018-07-04,272,2926,3198
5075,2018-07-05,228,2940,3168
5075,2018-07-06,257,3095,3352
5075,2018-07-07,148,2691,2839
5075,2018-07-08,92,2091,2183
5075,2018-07-09,257,3037,3294
5075,2018-07-10,236,3046,3282
5075,2018-07-11,248,2913,3161
5075,2018-07-13,233,3349,3582
5075,2018-07-14,158,2430,2588
5075,2018-07-15,104,1748,1852
5075,2018-07-16,243,2648,2891
5075,2018-07-17,216,2818,3034
5075,2018-07-18,242,3352,3594
5075,2018-07-19,36,801,837
5075,2018-07-20,225,2443,2668
5075,2018-07-21,157,2304,2461
5075,2018-07-22,94,1826,1920
5075,2018-07-23,240,2498,2738
5075,2018-07-24,234,2702,2936
5075,2018-07-25,223,2559,2782
5075,2018-08-10,196,2173,2369
5075,2018-08-11,166,1787,1953
5075,2018-08-12,96,1511,1607
5075,2018-08-13,196,1766,1962
5075,2018-08-14,196,2061,2257
5075,2018-08-15,86,1376,1462
5075,2018-08-16,185,2111,2296
5075,2018-08-17,188,2078,2266
5075,2018-08-18,158,2245,2403
5075,2018-08-19,95,1614,1709
5075,2018-08-20,201,1993,2194
5075,2018-08-21,207,2476,2683
5075,2018-08-22,207,2232,2439
5075,2018-08-23,217,2292,2509
5075,2018-08-24,206,2181,2387
5075,2018-08-25,152,1717,1869
5075,2018-08-26,103,1465,1568
5075,2018-08-27,186,1963,2149
5075,2018-08-28,204,2289,2493
5075,2018-08-29,204,2466,2670
5075,2018-08-30,206,2712,2918
5075,2018-08-31,197,2422,2619
5075,2018-09-01,159,2059,2218
5075,2018-09-02,98,1512,1610
5075,2018-09-03,229,2079,2308
5075,2018-09-04,210,2442,2652
5075,2018-09-05,230,2738,2968
5075,2018-09-07,228,2593,2821
5075,2018-09-08,172,2385,2557
5075,2018-09-09,103,1941,2044
5075,2018-09-10,49,896,945
5075,2018-09-11,221,2599,2820
5075,2018-09-12,232,2893,3125
5075,2018-09-13,218,2689,2907
5075,2018-09-14,230,3409,3639
5075,2018-09-15,159,2690,2849
5075,2018-09-16,95,2212,2307
5075,2018-09-17,241,3051,3292
5075,2018-09-18,252,3375,3627
5075,2018-09-19,286,3055,3341
5075,2018-09-21,245,3129,3374
5075,2018-09-22,156,2801,2957
5075,2018-09-23,92,1700,1792
5075,2018-09-24,245,2805,3050
5075,2018-09-25,224,3303,3527
5075,2018-09-26,265,3068,3333
5075,2018-09-27,243,3549,3792
5075,2018-09-28,248,3312,3560
5075,2018-09-29,158,2944,3102
5075,2018-09-30,92,2433,2525
5075,2018-10-01,252,2833,3085
5075,2018-10-02,251,3196,3447
5075,2018-10-03,242,3013,3255
5075,2018-10-05,250,3236,3486
5075,2018-10-06,168,3061,3229
5075,2018-10-07,108,2124,2232
5075,2018-10-08,251,2907,3158
5075,2018-10-09,257,3375,3632
5075,2018-10-10,269,3313,3582
5075,2018-10-11,272,3492,3764
5075,2018-10-12,249,3455,3704
5075,2018-10-13,163,2867,3030
5075,2018-10-14,105,2510,2615
5075,2018-10-15,251,3060,3311
5075,2018-10-16,240,3283,3523
5075,2018-10-17,277,3265,3542
5075,2018-10-19,263,3409,3672
5075,2018-10-20,171,2838,3009
5075,2018-10-21,92,2030,2122
5075,2018-10-22,246,3003,3249
5075,2018-10-23,251,3073,3324
5075,2018-10-24,264,3199,3463
5075,2018-10-25,241,3274,3515
5075,2018-10-26,250,3128,3378
5075,2018-10-27,152,2316,2468
5075,2018-10-28,88,2058,2146
5075,2018-10-29,206,2520,2726
5075,2018-10-30,196,2430,2626
5075,2018-10-31,205,2710,2915
5075,2018-11-02,197,2242,2439
5075,2018-11-03,168,2169,2337
5075,2018-11-04,94,1825,1919
5075,2018-11-05,221,2815,3036
5075,2018-11-06,245,3064,3309
5075,2018-11-07,266,2940,3206
5075,2018-11-08,256,3149,3405
5075,2018-11-09,242,3170,3412
5075,2018-11-10,149,2518,2667
5075,2018-11-11,91,1646,1737
5075,2018-11-12,280,2738,3018
5075,2018-11-13,278,3046,3324
5075,2018-11-14,310,3130,3440
5075,2018-11-16,242,2964,3206
5075,2018-11-17,168,2512,2680
5075,2018-11-18,89,1767,1856
5075,2018-11-19,280,2822,3102
5075,2018-11-20,236,3007,3243
5075,2018-11-21,257,2848,3105
5075,2018-11-22,242,3069,3311
5075,2018-11-23,260,3226,3486
5075,2018-11-24,147,2430,2577
5075,2018-11-25,104,2080,2184
5075,2018-11-26,257,2797,3054
5075,2018-11-27,249,2971,3220
5075,2018-11-28,233,2798,3031
5075,2018-11-29,235,3269,3504
5075,2018-11-30,240,3153,3393
5075,2018-12-01,149,2649,2798
5075,2018-12-02,90,1582,1672
5075,2018-12-03,253,2623,2876
5075,2018-12-04,224,3176,3400
5075,2018-12-05,237,3215,3452
5075,2018-12-07,246,3028,3274
5075,2018-12-08,148,2197,2345
5075,2018-12-09,126,1341,1467
5075,2018-12-10,239,2863,3102
5075,2018-12-11,239,3156,3395
5075,2018-12-12,240,3091,3331
5075,2018-12-13,237,3277,3514
5075,2018-12-14,235,3012,3247
5075,2018-12-15,142,2428,2570
5075,2018-12-16,86,1338,1424
5075,2018-12-17,229,2740,2969
5075,2018-12-18,231,3229,3460
5075,2018-12-19,240,3020,3260
5075,2018-12-20,232,2998,3230
5075,2018-12-21,219,3012,3231
5075,2018-12-22,155,2054,2209
5075,2018-12-23,87,1182,1269
5075,2018-12-24,148,2170,2318
5075,2018-12-26,84,976,1060
5075,2018-12-27,175,1798,1973
5075,2018-12-28,178,1780,1958
5075,2018-12-29,146,1627,1773
5075,2018-12-30,89,1263,1352
5075,2018-12-31,171,1776,1947
5076,2018-01-01,48,1826,1874
5076,2018-01-02,166,3840,4006
5076,2018-01-03,142,3872,4014
5076,2018-01-05,165,4446,4611
5076,2018-01-06,104,3528,3632
5076,2018-01-07,52,2546,2598
5076,2018-01-08,196,4590,4786
5076,2018-01-09,207,4717,4924
5076,2018-01-10,193,4543,4736
5076,2018-01-11,201,4762,4963
5076,2018-01-12,211,5009,5220
5076,2018-01-13,110,3857,3967
5076,2018-01-14,60,2960,3020
5076,2018-01-15,194,4294,4488
5076,2018-01-16,234,4536,4770
5076,2018-01-17,198,4727,4925
5076,2018-01-19,220,5095,5315
5076,2018-01-20,95,3888,3983
5076,2018-01-21,54,2873,2927
5076,2018-01-22,170,4479,4649
5076,2018-01-23,213,5789,6002
5076,2018-01-24,188,4898,5086
5076,2018-01-25,163,4383,4546
5076,2018-01-26,210,5068,5278
5076,2018-01-27,103,3971,4074
5076,2018-01-28,52,2938,2990
5076,2018-01-29,203,4441,4644
5076,2018-01-30,224,4697,4921
5076,2018-01-31,148,4121,4269
5076,2018-02-02,202,4832,5034
5076,2018-02-03,107,4158,4265
5076,2018-02-04,54,2686,2740
5076,2018-02-05,248,4641,4889
5076,2018-02-06,201,4591,4792
5076,2018-02-07,277,4772,5049
5076,2018-02-08,255,5017,5272
5076,2018-02-09,250,5042,5292
5076,2018-02-10,114,3347,3461
5076,2018-02-11,58,2249,2307
5076,2018-02-12,182,3605,3787
5076,2018-02-13,212,4078,4290
5076,2018-02-14,192,4125,4317
5076,2018-02-16,182,4335,4517
5076,2018-02-17,112,3284,3396
5076,2018-02-18,56,2758,2814
5076,2018-02-19,214,4657,4871
5076,2018-02-20,225,4928,5153
5076,2018-02-21,239,4792,5031
5076,2018-02-22,230,4924,5154
5076,2018-02-23,219,5200,5419
5076,2018-02-24,106,4126,4232
5076,2018-02-25,57,3055,3112
5076,2018-02-26,221,4570,4791
5076,2018-02-27,221,4916,5137
5076,2018-02-28,223,4826,5049
5076,2018-03-02,198,4651,4849
5076,2018-03-03,105,4059,4164
5076,2018-03-04,51,2871,2922
5076,2018-03-05,198,4833,5031
5076,2018-03-06,222,5104,5326
5076,2018-03-07,199,4726,4925
5076,2018-03-08,203,4930,5133
5076,2018-03-09,192,5088,5280
5076,2018-03-10,114,4344,4458
5076,2018-03-11,49,3152,3201
5076,2018-03-12,198,4621,4819
5076,2018-03-13,212,4745,4957
5076,2018-03-14,213,5099,5312
5076,2018-03-16,215,5209,5424
5076,2018-03-17,109,4236,4345
5076,2018-03-18,51,2897,2948
5076,2018-03-19,244,4604,4848
5076,2018-03-20,251,4900,5151
5076,2018-03-21,218,5001,5219
5076,2018-03-22,218,4897,5115
5076,2018-03-23,216,5472,5688
5076,2018-03-24,110,4378,4488
5076,2018-03-26,237,4642,4879
5076,2018-03-27,224,4805,5029
5076,2018-03-28,210,4803,5013
5076,2018-03-31,111,3562,3673
5076,2018-04-01,55,2329,2384
5076,2018-04-02,55,2120,2175
5076,2018-04-03,182,4121,4303
5076,2018-04-04,156,3860,4016
5076,2018-04-06,197,4411,4608
5076,2018-04-07,97,3442,3539
5076,2018-04-08,54,2673,2727
5076,2018-04-09,217,4145,4362
5076,2018-04-10,223,4253,4476
5076,2018-04-11,205,4569,4774
5076,2018-04-12,224,4500,4724
5076,2018-04-13,220,4593,4813
5076,2018-04-14,104,3804,3908
5076,2018-04-15,58,2998,3056
5076,2018-04-16,222,4698,4920
5076,2018-04-17,211,5220,5431
5076,2018-04-18,220,5107,5327
5076,2018-04-20,198,5232,5430
5076,2018-04-21,117,4417,4534
5076,2018-04-22,55,3033,3088
5076,2018-04-23,174,4755,4929
5076,2018-04-24,219,5310,5529
5076,2018-04-25,209,4879,5088
5076,2018-04-26,210,4979,5189
5076,2018-04-27,207,5349,5556
5076,2018-04-28,116,4188,4304
5076,2018-04-29,64,2740,2804
5076,2018-04-30,169,4326,4495
5076,2018-05-01,52,2461,2513
5076,2018-05-02,238,5156,5394
5076,2018-05-04,211,5327,5538
5076,2018-05-05,110,4254,4364
5076,2018-05-06,64,2980,3044
5076,2018-05-07,198,4809,5007
5076,2018-05-08,202,4919,5121
5076,2018-05-09,191,5227,5418
5076,2018-05-10,48,2098,2146
5076,2018-05-11,157,4683,4840
5076,2018-05-12,126,3712,3838
5076,2018-05-13,42,2693,2735
5076,2018-05-14,188,4493,4681
5076,2018-05-15,195,4747,4942
5076,2018-05-16,148,4982,5130
5076,2018-05-18,173,5087,5260
5076,2018-05-19,102,3500,3602
5076,2018-05-20,42,2214,2256
5076,2018-05-21,36,1805,1841
5076,2018-05-22,136,3619,3755
5076,2018-05-23,154,3575,3729
5076,2018-05-24,133,3764,3897
5076,2018-05-25,129,3926,4055
5076,2018-05-26,87,3139,3226
5076,2018-05-27,40,2466,2506
5076,2018-05-28,156,4261,4417
5076,2018-05-29,132,4496,4628
5076,2018-05-30,150,4301,4451
5076,2018-06-01,113,4262,4375
5076,2018-06-02,66,3377,3443
5076,2018-06-03,40,2410,2450
5076,2018-06-04,139,3780,3919
5076,2018-06-05,131,3800,3931
5076,2018-06-06,147,3692,3839
5076,2018-06-07,105,3690,3795
5076,2018-06-08,132,4465,4597
5076,2018-06-09,79,3235,3314
5076,2018-06-10,39,2659,2698
5076,2018-06-11,125,3459,3584
5076,2018-06-12,143,4418,4561
5076,2018-06-13,149,4619,4768
5076,2018-06-15,134,5070,5204
5076,2018-06-16,71,3601,3672
5076,2018-06-17,43,2394,2437
5076,2018-06-18,148,4283,4431
5076,2018-06-19,153,4512,4665
5076,2018-06-20,139,5445,5584
5076,2018-06-21,147,5494,5641
5076,2018-06-22,175,4925,5100
5076,2018-06-23,76,2532,2608
5076,2018-06-24,48,3018,3066
5076,2018-06-25,138,4443,4581
5076,2018-06-26,147,4497,4644
5076,2018-06-27,146,4202,4348
5076,2018-06-29,127,4201,4328
5076,2018-06-30,71,3355,3426
5076,2018-07-01,52,2499,2551
5076,2018-07-02,137,4030,4167
5076,2018-07-03,141,4408,4549
5076,2018-07-04,138,4339,4477
5076,2018-07-05,137,4155,4292
5076,2018-07-06,118,4278,4396
5076,2018-07-07,70,3411,3481
5076,2018-07-08,50,2501,2551
5076,2018-07-09,116,3997,4113
5076,2018-07-10,128,4289,4417
5076,2018-07-11,140,4388,4528
5076,2018-07-13,100,3927,4027
5076,2018-07-14,75,2597,2672
5076,2018-07-15,42,2112,2154
5076,2018-07-16,92,3165,3257
5076,2018-07-17,88,3571,3659
5076,2018-07-18,76,3553,3629
5076,2018-07-19,106,3724,3830
5076,2018-07-20,130,3893,4023
5076,2018-07-21,80,3037,3117
5076,2018-07-22,28,2151,2179
5076,2018-07-23,111,3549,3660
5076,2018-07-24,122,3770,3892
5076,2018-07-25,105,3633,3738
5076,2018-07-27,89,3236,3325
5076,2018-07-28,67,2787,2854
5076,2018-07-29,29,1919,1948
5076,2018-07-30,106,3224,3330
5076,2018-07-31,99,3331,3430
5076,2018-08-01,104,3420,3524
5076,2018-08-02,85,3168,3253
5076,2018-08-03,85,3090,3175
5076,2018-08-04,70,2409,2479
5076,2018-08-05,28,1899,1927
5076,2018-08-06,91,2844,2935
5076,2018-08-07,146,3060,3206
5076,2018-08-08,84,2967,3051
5076,2018-08-10,102,3010,3112
5076,2018-08-11,61,2350,2411
5076,2018-08-12,28,1661,1689
5076,2018-08-13,89,2441,2530
5076,2018-08-14,98,3099,3197
5076,2018-08-15,31,1649,1680
5076,2018-08-16,89,2810,2899
5076,2018-08-17,96,2918,3014
5076,2018-08-18,72,2363,2435
5076,2018-08-19,29,1809,1838
5076,2018-08-20,110,2961,3071
5076,2018-08-21,132,2894,3026
5076,2018-08-22,142,2910,3052
5076,2018-08-23,127,3007,3134
5076,2018-08-24,120,3236,3356
5076,2018-08-25,67,2694,2761
5076,2018-08-26,34,2256,2290
5076,2018-08-27,110,3076,3186
5076,2018-08-28,113,3427,3540
5076,2018-08-29,16,280,296
5076,2018-08-31,24,1265,1289
5076,2018-09-01,72,2858,2930
5076,2018-09-02,36,2255,2291
5076,2018-09-03,111,3266,3377
5076,2018-09-04,141,3432,3573
5076,2018-09-05,72,1856,1928
5076,2018-09-07,84,2543,2627
5076,2018-09-08,68,1901,1969
5076,2018-09-09,34,1625,1659
5076,2018-09-10,85,2146,2231
5076,2018-09-11,89,2300,2389
5076,2018-09-12,92,2186,2278
5076,2018-09-13,90,2414,2504
5076,2018-09-14,99,2345,2444
5076,2018-09-15,75,2139,2214
5076,2018-09-16,28,1764,1792
5076,2018-09-17,97,2269,2366
5076,2018-09-18,119,2353,2472
5076,2018-09-19,110,2290,2400
5076,2018-09-21,84,2563,2647
5076,2018-09-22,70,2527,2597
5076,2018-09-23,30,954,984
5076,2018-09-24,90,2350,2440
5076,2018-09-25,90,2400,2490
5076,2018-09-26,108,2422,2530
5076,2018-09-27,103,2629,2732
5076,2018-09-28,96,2640,2736
5076,2018-09-29,70,2367,2437
5076,2018-09-30,30,2086,2116
5076,2018-10-01,102,2470,2572
5076,2018-10-02,114,2502,2616
5076,2018-10-03,95,2099,2194
5076,2018-10-05,117,3847,3964
5076,2018-10-06,70,3760,3830
5076,2018-10-07,51,3997,4048
5076,2018-10-08,135,3976,4111
5076,2018-10-09,103,2906,3009
5076,2018-10-10,90,2558,2648
5076,2018-10-19,118,3181,3299
5076,2018-10-20,73,2662,2735
5076,2018-10-21,32,2049,2081
5076,2018-10-23,126,3989,4115
5076,2018-10-24,139,4469,4608
5076,2018-10-25,135,4683,4818
5076,2018-10-26,128,4905,5033
5076,2018-10-27,92,3581,3673
5076,2018-10-28,NA,1480,NA
5076,2018-10-30,85,2659,2744
5076,2018-10-31,123,4162,4285
5076,2018-11-01,34,1883,1917
5076,2018-11-02,95,3111,3206
5076,2018-11-03,87,3156,3243
5076,2018-11-04,43,2454,2497
5076,2018-11-06,134,4129,4263
5076,2018-11-07,155,4329,4484
5076,2018-11-08,147,4582,4729
5076,2018-11-09,136,4562,4698
5076,2018-11-10,60,2908,2968
5076,2018-11-11,29,2602,2631
5076,2018-11-12,110,3950,4060
5076,2018-11-13,143,4496,4639
5076,2018-11-14,166,4556,4722
5076,2018-11-15,167,4719,4886
5076,2018-11-16,173,5153,5326
5076,2018-11-17,95,4022,4117
5076,2018-11-18,44,3269,3313
5076,2018-11-20,203,4666,4869
5076,2018-11-21,179,4658,4837
5076,2018-11-22,180,4820,5000
5076,2018-11-23,192,5045,5237
5076,2018-11-24,85,3841,3926
5076,2018-11-25,44,2859,2903
5076,2018-11-26,179,4539,4718
5076,2018-11-27,167,4689,4856
5076,2018-11-28,150,4214,4364
5076,2018-11-29,171,4913,5084
5076,2018-11-30,162,5002,5164
5076,2018-12-01,79,3861,3940
5076,2018-12-02,28,2311,2339
5076,2018-12-03,137,3734,3871
5076,2018-12-04,180,4760,4940
5076,2018-12-05,197,4866,5063
5076,2018-12-06,159,4761,4920
5076,2018-12-07,164,4636,4800
5076,2018-12-08,77,3462,3539
5076,2018-12-09,50,2423,2473
5076,2018-12-11,198,4858,5056
5076,2018-12-12,196,4919,5115
5076,2018-12-13,212,5020,5232
5076,2018-12-14,200,5098,5298
5076,2018-12-15,102,4254,4356
5076,2018-12-16,46,2647,2693
5076,2018-12-17,166,4606,4772
5076,2018-12-18,196,5103,5299
5076,2018-12-19,202,5858,6060
5076,2018-12-20,161,5375,5536
5076,2018-12-21,103,4776,4879
5076,2018-12-22,83,3468,3551
5076,2018-12-23,38,2313,2351
5076,2018-12-24,112,3549,3661
5076,2018-12-25,53,1748,1801
5076,2018-12-26,50,1872,1922
5076,2018-12-27,129,3313,3442
5076,2018-12-28,131,3379,3510
5076,2018-12-29,98,2807,2905
5076,2018-12-30,43,2340,2383
5076,2018-12-31,112,3199,3311
5077,2018-01-01,2,2072,2074
5077,2018-01-02,65,4352,4417
5077,2018-01-03,10,4482,4492
5077,2018-01-05,40,5035,5075
5077,2018-01-06,16,3592,3608
5077,2018-01-07,5,2517,2522
5077,2018-01-08,51,5439,5490
5077,2018-01-09,41,5773,5814
5077,2018-01-10,46,5499,5545
5077,2018-01-11,48,5885,5933
5077,2018-01-12,43,5724,5767
5077,2018-01-13,15,3875,3890
5077,2018-01-14,2,2895,2897
5077,2018-01-15,28,5568,5596
5077,2018-01-16,36,6088,6124
5077,2018-01-17,42,5598,5640
5077,2018-01-19,36,6002,6038
5077,2018-01-20,18,5042,5060
5077,2018-01-21,12,2545,2557
5077,2018-01-22,42,5392,5434
5077,2018-01-23,50,5885,5935
5077,2018-01-24,50,5858,5908
5077,2018-01-25,32,6308,6340
5077,2018-01-26,57,5693,5750
5077,2018-01-27,17,4007,4024
5077,2018-01-28,9,2753,2762
5077,2018-01-29,44,5420,5464
5077,2018-01-30,59,5836,5895
5077,2018-01-31,40,6654,6694
5077,2018-03-02,22,3333,3355
5077,2018-03-03,7,3000,3007
5077,2018-03-04,6,2341,2347
5077,2018-03-05,18,4700,4718
5077,2018-03-06,34,5155,5189
5077,2018-03-07,8,5116,5124
5077,2018-03-08,14,5100,5114
5077,2018-03-09,24,5126,5150
5077,2018-03-10,4,3522,3526
5077,2018-03-11,5,2586,2591
5077,2018-03-12,20,4924,4944
5077,2018-03-13,26,5930,5956
5077,2018-03-14,47,5313,5360
5077,2018-03-16,29,5161,5190
5077,2018-03-17,10,3386,3396
5077,2018-03-18,NA,2231,NA
5077,2018-03-19,24,4668,4692
5077,2018-03-20,26,5010,5036
5077,2018-03-21,41,5246,5287
5077,2018-03-22,33,4897,4930
5077,2018-03-23,34,4949,4983
5077,2018-03-24,6,3793,3799
5077,2018-03-26,34,4824,4858
5077,2018-03-27,59,5249,5308
5077,2018-03-28,26,5062,5088
5077,2018-03-31,8,2988,2996
5077,2018-04-01,NA,2240,NA
5077,2018-04-02,3,2122,2125
5077,2018-04-03,22,4304,4326
5077,2018-04-04,16,4238,4254
5077,2018-04-06,30,4507,4537
5077,2018-04-07,13,3024,3037
5077,2018-04-08,5,2561,2566
5077,2018-04-09,30,4430,4460
5077,2018-04-10,30,4594,4624
5077,2018-04-11,31,5068,5099
5077,2018-04-12,37,4824,4861
5077,2018-04-13,32,4886,4918
5077,2018-04-14,4,3417,3421
5077,2018-04-15,8,2763,2771
5077,2018-04-16,29,5276,5305
5077,2018-04-17,29,5472,5501
5077,2018-04-18,30,5881,5911
5077,2018-04-20,43,5761,5804
5077,2018-04-21,24,4042,4066
5077,2018-04-22,2,3165,3167
5077,2018-04-23,35,5488,5523
5077,2018-04-24,50,6056,6106
5077,2018-04-25,24,5388,5412
5077,2018-04-26,27,5993,6020
5077,2018-04-27,42,5793,5835
5077,2018-04-28,6,3774,3780
5077,2018-04-29,6,2442,2448
5077,2018-04-30,12,4060,4072
5077,2018-05-01,4,2424,2428
5077,2018-05-02,44,5351,5395
5077,2018-05-04,29,5696,5725
5077,2018-05-05,13,3974,3987
5077,2018-05-06,3,2982,2985
5077,2018-05-07,31,5056,5087
5077,2018-05-08,29,5529,5558
5077,2018-05-09,26,5643,5669
5077,2018-05-10,4,2596,2600
5077,2018-05-11,16,4619,4635
5077,2018-05-12,12,3762,3774
5077,2018-05-13,4,2602,2606
5077,2018-05-14,30,5074,5104
5077,2018-05-15,29,5581,5610
5077,2018-05-16,31,5464,5495
5077,2018-05-18,42,6033,6075
5077,2018-05-19,5,3348,3353
5077,2018-05-20,6,2456,2462
5077,2018-05-21,6,2416,2422
5077,2018-05-22,41,4575,4616
5077,2018-05-23,28,4796,4824
5077,2018-05-24,34,4616,4650
5077,2018-05-25,29,4713,4742
5077,2018-05-26,5,3480,3485
5077,2018-05-27,2,2692,2694
5077,2018-05-28,24,5213,5237
5077,2018-05-29,35,6158,6193
5077,2018-05-30,19,5858,5877
5077,2018-06-01,32,5360,5392
5077,2018-06-02,12,3724,3736
5077,2018-06-03,10,3072,3082
5077,2018-06-04,23,5019,5042
5077,2018-06-05,25,5350,5375
5077,2018-06-06,32,5307,5339
5077,2018-06-07,22,5648,5670
5077,2018-06-08,36,5319,5355
5077,2018-06-09,14,3762,3776
5077,2018-06-10,9,3155,3164
5077,2018-06-11,32,5204,5236
5077,2018-06-12,24,5338,5362
5077,2018-06-13,23,5305,5328
5077,2018-06-15,35,5207,5242
5077,2018-06-16,11,3943,3954
5077,2018-06-17,11,2897,2908
5077,2018-06-18,28,4877,4905
5077,2018-06-19,34,5368,5402
5077,2018-06-20,35,5461,5496
5077,2018-06-21,32,5437,5469
5077,2018-06-22,46,5038,5084
5077,2018-06-23,11,2665,2676
5077,2018-06-24,8,2907,2915
5077,2018-06-25,32,5227,5259
5077,2018-06-26,42,5743,5785
5077,2018-06-27,52,5657,5709
5077,2018-06-29,47,5896,5943
5077,2018-06-30,11,3687,3698
5077,2018-07-01,5,3312,3317
5077,2018-07-02,35,5249,5284
5077,2018-07-03,67,5859,5926
5077,2018-07-04,46,5691,5737
5077,2018-07-05,42,5784,5826
5077,2018-07-06,36,6117,6153
5077,2018-07-07,17,4214,4231
5077,2018-07-08,7,3498,3505
5077,2018-07-09,32,5322,5354
5077,2018-07-10,47,5606,5653
5077,2018-07-11,45,5604,5649
5077,2018-07-13,52,5606,5658
5077,2018-07-14,18,3513,3531
5077,2018-07-15,15,2836,2851
5077,2018-07-16,31,5264,5295
5077,2018-07-17,38,5472,5510
5077,2018-07-18,31,5498,5529
5077,2018-07-19,34,5233,5267
5077,2018-07-20,19,5320,5339
5077,2018-07-21,19,3233,3252
5077,2018-07-22,5,2785,2790
5077,2018-07-23,35,4889,4924
5077,2018-07-24,38,5060,5098
5077,2018-07-25,26,4988,5014
5077,2018-07-27,14,4710,4724
5077,2018-07-28,13,2931,2944
5077,2018-07-29,2,2635,2637
5077,2018-07-30,17,4089,4106
5077,2018-07-31,23,4348,4371
5077,2018-08-01,31,4357,4388
5077,2018-08-02,15,4366,4381
5077,2018-08-03,19,4069,4088
5077,2018-08-04,10,2771,2781
5077,2018-08-05,4,2371,2375
5077,2018-08-06,17,3924,3941
5077,2018-08-07,20,3972,3992
5077,2018-08-08,26,4726,4752
5077,2018-08-10,35,4146,4181
5077,2018-08-11,11,2814,2825
5077,2018-08-12,4,2385,2389
5077,2018-08-13,18,3490,3508
5077,2018-08-14,23,3687,3710
5077,2018-08-15,4,2395,2399
5077,2018-08-16,21,3813,3834
5077,2018-08-17,32,3837,3869
5077,2018-08-18,5,2764,2769
5077,2018-08-19,6,2453,2459
5077,2018-08-20,31,3978,4009
5077,2018-08-21,32,4147,4179
5077,2018-08-22,31,4463,4494
5077,2018-08-23,26,4447,4473
5077,2018-08-24,23,4494,4517
5077,2018-08-25,2,2850,2852
5077,2018-08-26,NA,2577,NA
5077,2018-08-27,30,4380,4410
5077,2018-08-28,37,4779,4816
5077,2018-08-29,16,4704,4720
5077,2018-08-30,20,4636,4656
5077,2018-08-31,30,4631,4661
5077,2018-09-01,28,3300,3328
5077,2018-09-02,5,2635,2640
5077,2018-09-03,25,4598,4623
5077,2018-09-04,36,5052,5088
5077,2018-09-05,33,4843,4876
5077,2018-09-07,36,5014,5050
5077,2018-09-08,10,3497,3507
5077,2018-09-09,4,2785,2789
5077,2018-09-10,28,5091,5119
5077,2018-09-11,20,5430,5450
5077,2018-09-12,36,5160,5196
5077,2018-09-13,35,5365,5400
5077,2018-09-14,32,5649,5681
5077,2018-09-15,11,3826,3837
5077,2018-09-16,4,3040,3044
5077,2018-09-17,29,5447,5476
5077,2018-09-18,40,5984,6024
5077,2018-09-19,33,6032,6065
5077,2018-09-21,18,5774,5792
5077,2018-09-22,20,3990,4010
5077,2018-09-23,4,2452,2456
5077,2018-09-24,43,5853,5896
5077,2018-09-25,53,6429,6482
5077,2018-09-26,44,6505,6549
5077,2018-09-27,50,6506,6556
5077,2018-09-28,36,6030,6066
5077,2018-09-29,10,4260,4270
5077,2018-09-30,6,3313,3319
5077,2018-10-01,46,5522,5568
5077,2018-10-02,41,6407,6448
5077,2018-10-03,42,6106,6148
5077,2018-10-05,45,5913,5958
5077,2018-10-06,15,4156,4171
5077,2018-10-07,8,3229,3237
5077,2018-10-08,40,5707,5747
5077,2018-10-09,34,5928,5962
5077,2018-10-10,44,6449,6493
5077,2018-10-11,40,6819,6859
5077,2018-10-12,37,6128,6165
5077,2018-10-13,17,4347,4364
5077,2018-10-14,4,3474,3478
5077,2018-10-15,24,3125,3149
5077,2018-10-16,6,1207,1213
5077,2018-10-17,3,1173,1176
5077,2018-10-19,NA,1286,NA
5077,2018-10-20,NA,864,NA
5077,2018-10-21,NA,836,NA
5077,2018-10-22,7,1343,1350
5077,2018-10-23,5,1381,1386
5077,2018-10-24,4,1445,1449
5077,2018-10-25,2,1574,1576
5077,2018-10-26,14,1591,1605
5077,2018-10-27,2,1017,1019
5077,2018-10-28,4,777,781
5077,2018-10-29,27,1282,1309
5077,2018-10-30,10,946,956
5077,2018-10-31,4,1402,1406
5077,2018-11-02,30,1095,1125
5077,2018-11-03,3,915,918
5077,2018-11-04,2,840,842
5077,2018-11-05,8,1569,1577
5077,2018-11-06,6,1710,1716
5077,2018-11-07,12,1765,1777
5077,2018-11-08,7,1837,1844
5077,2018-11-09,8,1766,1774
5077,2018-11-10,NA,908,NA
5077,2018-11-11,NA,778,NA
5077,2018-11-12,15,1744,1759
5077,2018-11-13,4,1888,1892
5077,2018-11-14,7,1922,1929
5077,2018-11-16,14,1891,1905
5077,2018-11-17,2,1324,1326
5077,2018-11-18,NA,1068,NA
5077,2018-11-19,7,1860,1867
5077,2018-11-20,7,1941,1948
5077,2018-11-21,20,1922,1942
5077,2018-11-22,11,1984,1995
5077,2018-11-23,20,2030,2050
5077,2018-11-24,14,1221,1235
5077,2018-11-25,NA,987,NA
5077,2018-11-26,15,1840,1855
5077,2018-11-27,9,1968,1977
5077,2018-11-28,12,1892,1904
5077,2018-11-29,10,2091,2101
5077,2018-11-30,20,1938,1958
5077,2018-12-01,6,1301,1307
5077,2018-12-02,NA,864,NA
5077,2018-12-03,6,1624,1630
5077,2018-12-04,10,1716,1726
5077,2018-12-05,25,2047,2072
5077,2018-12-07,10,1718,1728
5077,2018-12-08,NA,1128,NA
5077,2018-12-09,NA,874,NA
5077,2018-12-10,16,1938,1954
5077,2018-12-11,6,1941,1947
5077,2018-12-12,10,2023,2033
5077,2018-12-13,13,2117,2130
5077,2018-12-14,21,2049,2070
5077,2018-12-15,3,1374,1377
5077,2018-12-16,2,822,824
5077,2018-12-17,5,1923,1928
5077,2018-12-18,9,1973,1982
5077,2018-12-19,8,1878,1886
5077,2018-12-20,8,1810,1818
5077,2018-12-21,6,1746,1752
5077,2018-12-22,NA,976,NA
5077,2018-12-23,2,730,732
5077,2018-12-24,NA,880,NA
5077,2018-12-25,NA,806,NA
5077,2018-12-26,2,837,839
5077,2018-12-27,4,1208,1212
5077,2018-12-28,2,1159,1161
5077,2018-12-29,5,895,900
5077,2018-12-30,NA,784,NA
5077,2018-12-31,2,1071,1073
5079,2018-01-01,5,890,895
5079,2018-01-02,96,1649,1745
5079,2018-01-03,96,1774,1870
5079,2018-01-05,84,1972,2056
5079,2018-01-06,30,1378,1408
5079,2018-01-07,15,1014,1029
5079,2018-01-08,148,2014,2162
5079,2018-01-09,144,1963,2107
5079,2018-01-10,106,1893,1999
5079,2018-01-11,101,2176,2277
5079,2018-01-12,144,2010,2154
5079,2018-01-13,65,1431,1496
5079,2018-01-14,12,1104,1116
5079,2018-01-15,113,1945,2058
5079,2018-01-16,110,1980,2090
5079,2018-01-17,176,1931,2107
5079,2018-01-19,128,2093,2221
5079,2018-01-20,41,1844,1885
5079,2018-01-21,23,1210,1233
5079,2018-01-22,111,1959,2070
5079,2018-01-23,139,2073,2212
5079,2018-01-24,88,2099,2187
5079,2018-01-25,60,2302,2362
5079,2018-01-26,117,2106,2223
5079,2018-01-27,57,1599,1656
5079,2018-01-28,17,1049,1066
5079,2018-01-29,122,1994,2116
5079,2018-01-30,145,2185,2330
5079,2018-01-31,126,2361,2487
5079,2018-02-02,108,2075,2183
5079,2018-02-03,67,1459,1526
5079,2018-02-04,17,1077,1094
5079,2018-02-05,143,1912,2055
5079,2018-02-06,98,1905,2003
5079,2018-02-07,133,1958,2091
5079,2018-02-08,109,2064,2173
5079,2018-02-09,104,2013,2117
5079,2018-02-10,69,1254,1323
5079,2018-02-11,14,825,839
5079,2018-02-12,102,1378,1480
5079,2018-02-13,123,1619,1742
5079,2018-02-14,136,1654,1790
5079,2018-02-16,139,1718,1857
5079,2018-02-17,62,1320,1382
5079,2018-02-18,18,1101,1119
5079,2018-02-19,150,2167,2317
5079,2018-02-20,140,2195,2335
5079,2018-02-21,146,2165,2311
5079,2018-02-22,161,2176,2337
5079,2018-02-23,171,2327,2498
5079,2018-02-24,82,1672,1754
5079,2018-02-25,12,1136,1148
5079,2018-02-26,139,1996,2135
5079,2018-02-27,159,2120,2279
5079,2018-02-28,161,2064,2225
5079,2018-03-02,108,1727,1835
5079,2018-03-03,45,1414,1459
5079,2018-03-04,18,1086,1104
5079,2018-03-05,124,2115,2239
5079,2018-03-06,190,2099,2289
5079,2018-03-07,107,2210,2317
5079,2018-03-08,158,2060,2218
5079,2018-03-09,155,2190,2345
5079,2018-03-10,94,1646,1740
5079,2018-03-11,31,1236,1267
5079,2018-03-12,180,1960,2140
5079,2018-03-13,154,2763,2917
5079,2018-03-14,191,2346,2537
5079,2018-03-16,173,2307,2480
5079,2018-03-17,89,1577,1666
5079,2018-03-18,17,977,994
5079,2018-03-19,200,2010,2210
5079,2018-03-20,182,2138,2320
5079,2018-03-21,168,2155,2323
5079,2018-03-22,156,2106,2262
5079,2018-03-23,146,2210,2356
5079,2018-03-24,94,1857,1951
5079,2018-03-26,157,2145,2302
5079,2018-03-27,157,2240,2397
5079,2018-03-28,141,2189,2330
5079,2018-03-31,50,1524,1574
5079,2018-04-01,32,955,987
5079,2018-04-02,8,993,1001
5079,2018-04-03,149,1812,1961
5079,2018-04-04,138,1815,1953
5079,2018-04-06,191,2029,2220
5079,2018-04-07,98,1593,1691
5079,2018-04-08,26,1225,1251
5079,2018-04-09,138,1830,1968
5079,2018-04-10,155,1842,1997
5079,2018-04-11,159,2039,2198
5079,2018-04-12,148,1984,2132
5079,2018-04-13,183,2193,2376
5079,2018-04-14,115,1724,1839
5079,2018-04-15,29,1287,1316
5079,2018-04-16,176,2384,2560
5079,2018-04-17,154,2479,2633
5079,2018-04-18,208,2789,2997
5079,2018-04-20,175,2477,2652
5079,2018-04-21,93,2083,2176
5079,2018-04-22,26,1377,1403
5079,2018-04-23,174,2747,2921
5079,2018-04-24,158,2834,2992
5079,2018-04-25,232,2659,2891
5079,2018-04-26,244,2906,3150
5079,2018-04-27,218,2841,3059
5079,2018-04-28,118,1695,1813
5079,2018-04-29,20,1048,1068
5079,2018-04-30,110,2062,2172
5079,2018-05-01,24,1246,1270
5079,2018-05-02,179,2304,2483
5079,2018-05-04,154,2437,2591
5079,2018-05-05,76,1880,1956
5079,2018-05-06,45,1432,1477
5079,2018-05-07,173,2507,2680
5079,2018-05-08,203,2777,2980
5079,2018-05-09,205,2526,2731
5079,2018-05-10,24,1220,1244
5079,2018-05-11,140,2219,2359
5079,2018-05-12,80,1935,2015
5079,2018-05-13,24,1184,1208
5079,2018-05-14,202,2322,2524
5079,2018-05-15,207,2891,3098
5079,2018-05-16,211,2655,2866
5079,2018-05-18,214,2729,2943
5079,2018-05-19,136,1716,1852
5079,2018-05-20,12,979,991
5079,2018-05-21,44,1061,1105
5079,2018-05-22,148,1905,2053
5079,2018-05-23,165,1955,2120
5079,2018-05-24,156,1853,2009
5079,2018-05-25,162,2003,2165
5079,2018-05-26,95,1702,1797
5079,2018-05-27,27,1112,1139
5079,2018-05-28,147,2635,2782
5079,2018-05-29,193,2960,3153
5079,2018-05-30,177,2735,2912
5079,2018-06-01,120,2692,2812
5079,2018-06-02,139,2101,2240
5079,2018-06-03,31,1541,1572
5079,2018-06-04,178,2417,2595
5079,2018-06-05,192,2494,2686
5079,2018-06-06,166,2388,2554
5079,2018-06-07,158,2593,2751
5079,2018-06-08,163,2372,2535
5079,2018-06-09,110,1880,1990
5079,2018-06-10,16,1433,1449
5079,2018-06-11,120,2154,2274
5079,2018-06-12,137,2481,2618
5079,2018-06-13,190,2257,2447
5079,2018-06-15,146,2457,2603
5079,2018-06-16,76,1700,1776
5079,2018-06-17,32,1335,1367
5079,2018-06-18,159,2163,2322
5079,2018-06-19,159,2413,2572
5079,2018-06-20,222,2369,2591
5079,2018-06-21,192,2625,2817
5079,2018-06-22,157,2351,2508
5079,2018-06-23,44,1316,1360
5079,2018-06-24,19,1432,1451
5079,2018-06-25,153,2231,2384
5079,2018-06-26,181,2541,2722
5079,2018-06-27,148,2438,2586
5079,2018-06-29,174,2510,2684
5079,2018-06-30,91,1884,1975
5079,2018-07-01,32,1432,1464
5079,2018-07-02,149,2356,2505
5079,2018-07-03,152,2429,2581
5079,2018-07-04,176,2404,2580
5079,2018-07-05,149,2512,2661
5079,2018-07-06,160,2724,2884
5079,2018-07-07,108,2047,2155
5079,2018-07-08,25,1692,1717
5079,2018-07-09,157,2232,2389
5079,2018-07-10,160,2294,2454
5079,2018-07-11,160,2395,2555
5079,2018-07-13,137,2352,2489
5079,2018-07-14,97,1667,1764
5079,2018-07-15,24,1248,1272
5079,2018-07-16,158,1953,2111
5079,2018-07-17,161,2069,2230
5079,2018-07-18,137,2103,2240
5079,2018-07-19,139,2222,2361
5079,2018-07-20,127,2078,2205
5079,2018-07-21,92,1685,1777
5079,2018-07-22,25,1251,1276
5079,2018-07-23,113,1932,2045
5079,2018-07-24,111,1976,2087
5079,2018-07-25,146,1955,2101
5079,2018-07-27,122,1934,2056
5079,2018-07-28,68,1386,1454
5079,2018-07-29,29,1206,1235
5079,2018-07-30,121,1766,1887
5079,2018-07-31,116,1839,1955
5079,2018-08-01,87,1754,1841
5079,2018-08-02,108,1843,1951
5079,2018-08-03,102,1724,1826
5079,2018-08-04,71,1282,1353
5079,2018-08-05,32,1205,1237
5079,2018-08-06,107,1606,1713
5079,2018-08-07,100,1652,1752
5079,2018-08-08,98,2234,2332
5079,2018-08-10,116,1718,1834
5079,2018-08-11,48,1431,1479
5079,2018-08-12,29,1140,1169
5079,2018-08-13,112,1454,1566
5079,2018-08-14,114,1628,1742
5079,2018-08-15,19,1148,1167
5079,2018-08-16,93,1679,1772
5079,2018-08-17,119,1727,1846
5079,2018-08-18,76,1466,1542
5079,2018-08-19,23,1103,1126
5079,2018-08-20,122,1665,1787
5079,2018-08-21,122,1821,1943
5079,2018-08-22,108,1756,1864
5079,2018-08-23,115,1775,1890
5079,2018-08-24,114,1642,1756
5079,2018-08-25,57,1359,1416
5079,2018-08-26,20,1058,1078
5079,2018-08-27,119,1737,1856
5079,2018-08-28,165,1973,2138
5079,2018-08-29,112,1780,1892
5079,2018-08-30,143,1837,1980
5079,2018-08-31,146,1854,2000
5079,2018-09-01,101,1323,1424
5079,2018-09-02,14,1092,1106
5079,2018-09-03,132,1699,1831
5079,2018-09-04,123,1776,1899
5079,2018-09-05,138,1910,2048
5079,2018-09-07,119,1808,1927
5079,2018-09-08,80,1561,1641
5079,2018-09-09,18,1153,1171
5079,2018-09-10,129,1881,2010
5079,2018-09-11,121,2024,2145
5079,2018-09-12,117,2107,2224
5079,2018-09-13,166,2004,2170
5079,2018-09-14,144,2046,2190
5079,2018-09-15,82,1632,1714
5079,2018-09-16,29,1399,1428
5079,2018-09-17,130,2206,2336
5079,2018-09-18,139,2469,2608
5079,2018-09-19,166,2551,2717
5079,2018-09-21,166,2334,2500
5079,2018-09-22,109,1738,1847
5079,2018-09-23,20,1040,1060
5079,2018-09-24,222,2792,3014
5079,2018-09-25,236,3157,3393
5079,2018-09-26,200,3000,3200
5079,2018-09-27,220,3321,3541
5079,2018-09-28,179,2740,2919
5079,2018-09-29,89,1863,1952
5079,2018-09-30,21,1470,1491
5079,2018-10-01,183,2534,2717
5079,2018-10-02,196,3073,3269
5079,2018-10-03,181,2605,2786
5079,2018-10-05,179,2516,2695
5079,2018-10-06,76,1963,2039
5079,2018-10-07,17,1347,1364
5079,2018-10-08,177,2464,2641
5079,2018-10-09,204,2601,2805
5079,2018-10-10,195,2931,3126
5079,2018-10-19,163,3029,3192
5079,2018-10-20,69,2139,2208
5079,2018-10-21,17,1610,1627
5079,2018-10-23,160,3135,3295
5079,2018-10-24,153,2926,3079
5079,2018-10-25,144,2868,3012
5079,2018-10-26,157,2700,2857
5079,2018-10-27,96,1923,2019
5079,2018-10-28,22,1287,1309
5079,2018-10-30,81,2373,2454
5079,2018-10-31,158,2467,2625
5079,2018-11-01,17,1306,1323
5079,2018-11-02,62,2140,2202
5079,2018-11-03,88,1846,1934
5079,2018-11-04,20,1437,1457
5079,2018-11-06,133,3058,3191
5079,2018-11-07,183,3031,3214
5079,2018-11-08,188,3084,3272
5079,2018-11-09,172,3146,3318
5079,2018-11-10,54,2084,2138
5079,2018-11-11,25,1396,1421
5079,2018-11-12,139,2840,2979
5079,2018-11-13,138,3134,3272
5079,2018-11-14,138,3205,3343
5079,2018-11-15,132,3208,3340
5079,2018-11-16,191,3024,3215
5079,2018-11-17,83,2002,2085
5079,2018-11-18,21,1426,1447
5079,2018-11-20,160,2998,3158
5079,2018-11-21,184,2826,3010
5079,2018-11-22,190,2829,3019
5079,2018-11-23,175,2924,3099
5079,2018-11-24,54,2033,2087
5079,2018-11-25,20,1277,1297
5079,2018-11-26,205,2821,3026
5079,2018-11-27,159,2960,3119
5079,2018-11-28,125,2951,3076
5079,2018-11-29,49,778,827
5079,2018-11-30,124,2838,2962
5079,2018-12-01,62,1901,1963
5079,2018-12-02,18,1146,1164
5079,2018-12-03,152,2681,2833
5079,2018-12-04,156,2658,2814
5079,2018-12-05,173,3198,3371
5079,2018-12-06,120,2673,2793
5079,2018-12-07,116,2822,2938
5079,2018-12-08,16,1740,1756
5079,2018-12-09,26,1098,1124
5079,2018-12-11,151,3065,3216
5079,2018-12-12,178,2810,2988
5079,2018-12-13,174,2939,3113
5079,2018-12-14,154,2693,2847
5079,2018-12-15,84,1840,1924
5079,2018-12-16,14,999,1013
5079,2018-12-17,118,2869,2987
5079,2018-12-18,168,2817,2985
5079,2018-12-19,127,2850,2977
5079,2018-12-20,108,2612,2720
5079,2018-12-21,91,2512,2603
5079,2018-12-22,50,1494,1544
5079,2018-12-23,13,998,1011
5079,2018-12-24,56,1564,1620
5079,2018-12-25,6,1025,1031
5079,2018-12-26,14,919,933
5079,2018-12-27,79,1525,1604
5079,2018-12-28,77,1580,1657
5079,2018-12-29,35,1257,1292
5079,2018-12-30,25,956,981
5079,2018-12-31,45,1524,1569
5081,2018-01-01,23,1044,1067
5081,2018-01-02,60,2200,2260
5081,2018-01-03,78,2424,2502
5081,2018-01-05,60,2477,2537
5081,2018-01-06,41,1534,1575
5081,2018-01-07,9,1228,1237
5081,2018-01-08,75,2840,2915
5081,2018-01-09,80,2792,2872
5081,2018-01-10,75,2844,2919
5081,2018-01-11,77,3085,3162
5081,2018-01-12,68,2821,2889
5081,2018-01-13,44,1767,1811
5081,2018-01-14,15,1387,1402
5081,2018-01-15,89,2791,2880
5081,2018-01-16,88,2875,2963
5081,2018-01-17,87,2812,2899
5081,2018-01-26,80,2819,2899
5081,2018-01-27,45,1622,1667
5081,2018-01-28,10,1289,1299
5081,2018-01-29,75,2785,2860
5081,2018-01-30,88,3018,3106
5081,2018-01-31,79,3314,3393
5081,2018-02-02,75,2773,2848
5081,2018-02-03,47,1596,1643
5081,2018-02-04,13,1157,1170
5081,2018-02-05,75,2695,2770
5081,2018-02-06,81,2456,2537
5081,2018-02-07,74,2706,2780
5081,2018-02-08,91,2826,2917
5081,2018-02-09,79,2506,2585
5081,2018-02-10,52,1406,1458
5081,2018-02-11,17,1024,1041
5081,2018-02-12,60,1848,1908
5081,2018-02-13,63,2126,2189
5081,2018-02-14,67,2183,2250
5081,2018-02-16,61,2094,2155
5081,2018-02-17,49,1367,1416
5081,2018-02-18,17,1247,1264
5081,2018-02-19,87,2862,2949
5081,2018-02-20,100,2901,3001
5081,2018-02-21,76,2867,2943
5081,2018-02-22,84,2957,3041
5081,2018-02-23,75,2570,2645
5081,2018-02-24,46,1733,1779
5081,2018-02-25,9,1321,1330
5081,2018-02-26,88,2674,2762
5081,2018-02-27,98,2712,2810
5081,2018-02-28,88,2696,2784
5081,2018-03-02,72,1774,1846
5081,2018-03-03,46,1403,1449
5081,2018-03-04,13,1244,1257
5081,2018-03-05,77,2762,2839
5081,2018-03-06,79,2893,2972
5081,2018-03-07,70,2946,3016
5081,2018-03-08,111,2889,3000
5081,2018-03-09,85,2863,2948
5081,2018-03-10,45,1637,1682
5081,2018-03-11,15,1415,1430
5081,2018-03-12,97,2781,2878
5081,2018-03-13,74,3325,3399
5081,2018-03-14,96,2963,3059
5081,2018-03-16,72,2549,2621
5081,2018-03-17,52,1469,1521
5081,2018-03-18,14,1006,1020
5081,2018-03-19,83,2344,2427
5081,2018-03-20,79,2480,2559
5081,2018-03-21,98,2503,2601
5081,2018-03-22,84,2326,2410
5081,2018-03-23,67,2450,2517
5081,2018-03-24,56,1665,1721
5081,2018-03-26,90,2350,2440
5081,2018-03-27,88,2453,2541
5081,2018-03-28,77,2483,2560
5081,2018-03-31,44,1329,1373
5081,2018-04-01,14,985,999
5081,2018-04-02,11,1078,1089
5081,2018-04-03,73,2019,2092
5081,2018-04-04,64,1941,2005
5081,2018-04-06,84,1964,2048
5081,2018-04-07,59,1405,1464
5081,2018-04-08,16,1225,1241
5081,2018-04-09,72,2007,2079
5081,2018-04-10,81,2051,2132
5081,2018-04-11,75,2228,2303
5081,2018-04-12,90,2154,2244
5081,2018-04-13,104,2095,2199
5081,2018-04-14,63,1542,1605
5081,2018-04-15,21,1272,1293
5081,2018-04-16,80,2648,2728
5081,2018-04-17,91,2693,2784
5081,2018-04-18,98,3154,3252
5081,2018-04-20,92,2802,2894
5081,2018-04-21,70,1814,1884
5081,2018-04-22,11,1478,1489
5081,2018-04-23,92,3160,3252
5081,2018-04-24,90,3051,3141
5081,2018-04-25,98,2950,3048
5081,2018-04-26,102,3170,3272
5081,2018-04-27,98,3688,3786
5081,2018-04-28,94,1629,1723
5081,2018-04-29,38,1010,1048
5081,2018-04-30,69,2112,2181
5081,2018-05-01,10,1242,1252
5081,2018-05-02,90,2655,2745
5081,2018-05-04,93,2915,3008
5081,2018-05-05,70,1896,1966
5081,2018-05-06,16,1633,1649
5081,2018-05-07,79,2838,2917
5081,2018-05-08,93,3007,3100
5081,2018-05-09,99,2829,2928
5081,2018-05-10,10,944,954
5081,2018-05-11,68,2333,2401
5081,2018-05-12,56,1905,1961
5081,2018-05-13,8,978,986
5081,2018-05-14,88,1828,1916
5081,2018-05-15,78,2831,2909
5081,2018-05-16,88,2848,2936
5081,2018-05-18,110,3045,3155
5081,2018-05-19,54,1566,1620
5081,2018-05-20,6,1050,1056
5081,2018-05-21,29,1179,1208
5081,2018-05-22,69,1994,2063
5081,2018-05-23,60,1764,1824
5081,2018-05-24,80,1796,1876
5081,2018-05-25,70,2152,2222
5081,2018-05-26,53,1529,1582
5081,2018-05-27,33,1227,1260
5081,2018-05-28,91,3035,3126
5081,2018-05-29,84,3148,3232
5081,2018-05-30,78,3286,3364
5081,2018-06-01,92,2930,3022
5081,2018-06-02,52,1871,1923
5081,2018-06-03,18,1661,1679
5081,2018-06-04,86,2772,2858
5081,2018-06-05,90,3011,3101
5081,2018-06-06,77,2893,2970
5081,2018-06-07,98,2172,2270
5081,2018-06-08,90,2859,2949
5081,2018-06-09,71,1695,1766
5081,2018-06-10,33,1451,1484
5081,2018-06-11,80,1926,2006
5081,2018-06-12,112,2922,3034
5081,2018-06-13,76,2872,2948
5081,2018-06-15,86,2814,2900
5081,2018-06-16,54,2131,2185
5081,2018-06-17,13,1702,1715
5081,2018-06-18,77,2702,2779
5081,2018-06-19,91,2799,2890
5081,2018-06-20,109,2906,3015
5081,2018-06-21,88,2927,3015
5081,2018-06-22,96,2590,2686
5081,2018-06-23,25,1350,1375
5081,2018-06-24,14,1258,1272
5081,2018-06-25,89,2180,2269
5081,2018-06-26,89,2319,2408
5081,2018-06-27,84,2327,2411
5081,2018-06-29,88,2768,2856
5081,2018-06-30,45,1722,1767
5081,2018-07-01,14,1545,1559
5081,2018-07-02,78,2651,2729
5081,2018-07-03,87,2860,2947
5081,2018-07-04,94,2741,2835
5081,2018-07-05,91,2807,2898
5081,2018-07-06,90,2994,3084
5081,2018-07-07,66,2025,2091
5081,2018-07-08,15,1844,1859
5081,2018-07-09,89,3138,3227
5081,2018-07-10,94,3034,3128
5081,2018-07-11,81,3139,3220
5081,2018-07-13,75,2991,3066
5081,2018-07-14,62,1845,1907
5081,2018-07-15,20,1492,1512
5081,2018-07-16,77,2717,2794
5081,2018-07-17,82,2796,2878
5081,2018-07-18,78,2894,2972
5081,2018-07-19,72,2846,2918
5081,2018-07-20,79,2664,2743
5081,2018-07-21,52,1744,1796
5081,2018-07-22,21,1552,1573
5081,2018-07-23,74,2699,2773
5081,2018-07-24,66,2709,2775
5081,2018-07-25,72,2784,2856
5081,2018-07-27,84,2515,2599
5081,2018-07-28,55,1717,1772
5081,2018-07-29,17,1685,1702
5081,2018-07-30,60,2445,2505
5081,2018-07-31,53,2436,2489
5081,2018-08-01,52,2106,2158
5081,2018-08-02,57,2399,2456
5081,2018-08-03,63,2347,2410
5081,2018-08-04,51,1554,1605
5081,2018-08-05,9,1427,1436
5081,2018-08-06,49,2053,2102
5081,2018-08-08,51,2569,2620
5081,2018-08-10,58,2083,2141
5081,2018-08-11,50,1472,1522
5081,2018-08-12,12,1350,1362
5081,2018-08-13,52,1718,1770
5081,2018-08-14,56,2017,2073
5081,2018-08-15,13,1294,1307
5081,2018-08-16,64,2094,2158
5081,2018-08-17,58,2064,2122
5081,2018-08-18,48,1486,1534
5081,2018-08-19,15,1488,1503
5081,2018-08-20,58,2135,2193
5081,2018-08-21,72,2255,2327
5081,2018-08-22,64,2423,2487
5081,2018-08-23,64,2368,2432
5081,2018-08-24,65,2337,2402
5081,2018-08-25,49,1598,1647
5081,2018-08-26,18,1454,1472
5081,2018-08-27,51,2292,2343
5081,2018-08-28,71,2502,2573
5081,2018-08-29,56,2236,2292
5081,2018-08-30,68,2432,2500
5081,2018-08-31,68,2436,2504
5081,2018-09-01,61,1787,1848
5081,2018-09-02,15,1538,1553
5081,2018-09-03,65,2375,2440
5081,2018-09-04,69,2503,2572
5081,2018-09-05,63,2649,2712
5081,2018-09-07,85,2473,2558
5081,2018-09-08,49,1808,1857
5081,2018-09-09,15,1619,1634
5081,2018-09-10,77,2682,2759
5081,2018-09-11,82,2853,2935
5081,2018-09-12,75,2815,2890
5081,2018-09-13,75,2644,2719
5081,2018-09-14,89,2676,2765
5081,2018-09-15,47,1911,1958
5081,2018-09-16,10,1875,1885
5081,2018-09-17,75,2981,3056
5081,2018-09-18,76,3367,3443
5081,2018-09-19,84,3345,3429
5081,2018-09-21,79,3198,3277
5081,2018-09-22,68,1876,1944
5081,2018-09-23,32,1122,1154
5081,2018-09-24,75,3648,3723
5081,2018-09-25,86,3898,3984
5081,2018-09-26,82,4058,4140
5081,2018-09-27,99,4110,4209
5081,2018-09-28,67,3462,3529
5081,2018-09-29,54,2088,2142
5081,2018-09-30,11,1765,1776
5081,2018-10-01,86,2706,2792
5081,2018-10-02,87,4169,4256
5081,2018-10-03,70,3629,3699
5081,2018-10-05,98,3420,3518
5081,2018-10-06,47,2126,2173
5081,2018-10-07,16,1500,1516
5081,2018-10-08,79,3174,3253
5081,2018-10-09,78,3338,3416
5081,2018-10-10,81,3784,3865
5081,2018-10-11,79,3994,4073
5081,2018-10-12,91,3402,3493
5081,2018-10-13,53,2204,2257
5081,2018-10-14,10,1848,1858
5081,2018-10-15,89,4361,4450
5081,2018-10-16,159,5773,5932
5081,2018-10-17,73,3528,3601
5081,2018-10-19,97,3152,3249
5081,2018-10-20,53,1930,1983
5081,2018-10-21,11,1708,1719
5081,2018-10-22,83,3013,3096
5081,2018-10-23,73,3216,3289
5081,2018-10-24,55,3173,3228
5081,2018-10-25,73,3307,3380
5081,2018-10-26,74,2955,3029
5081,2018-10-27,48,1593,1641
5081,2018-10-28,6,1301,1307
5081,2018-10-29,68,2046,2114
5081,2018-10-30,70,1920,1990
5081,2018-10-31,65,2397,2462
5081,2018-11-02,45,1857,1902
5081,2018-11-03,50,1348,1398
5081,2018-11-04,11,1232,1243
5081,2018-11-05,63,2878,2941
5081,2018-11-06,74,2833,2907
5081,2018-11-07,74,3109,3183
5081,2018-11-08,79,3118,3197
5081,2018-11-09,68,3262,3330
5081,2018-11-10,46,1889,1935
5081,2018-11-11,19,1291,1310
5081,2018-11-12,69,2885,2954
5081,2018-11-13,75,3023,3098
5081,2018-11-14,70,3377,3447
5081,2018-11-16,69,2985,3054
5081,2018-11-17,49,1978,2027
5081,2018-11-18,9,1444,1453
5081,2018-11-19,73,2898,2971
5081,2018-11-20,85,2909,2994
5081,2018-11-21,69,2952,3021
5081,2018-11-22,64,3010,3074
5081,2018-11-23,72,2993,3065
5081,2018-11-24,49,1757,1806
5081,2018-11-25,7,1401,1408
5081,2018-11-26,77,2965,3042
5081,2018-11-27,64,3026,3090
5081,2018-11-28,63,3180,3243
5081,2018-11-29,61,2973,3034
5081,2018-11-30,60,2931,2991
5081,2018-12-01,50,1612,1662
5081,2018-12-02,6,1185,1191
5081,2018-12-03,66,2862,2928
5081,2018-12-04,74,3217,3291
5081,2018-12-05,68,3380,3448
5081,2018-12-07,62,3572,3634
5081,2018-12-08,68,1618,1686
5081,2018-12-09,27,1303,1330
5081,2018-12-10,79,2874,2953
5081,2018-12-11,82,3163,3245
5081,2018-12-12,68,2889,2957
5081,2018-12-13,66,3043,3109
5081,2018-12-14,65,2826,2891
5081,2018-12-15,54,1730,1784
5081,2018-12-16,5,1047,1052
5081,2018-12-17,69,3010,3079
5081,2018-12-18,70,2992,3062
5081,2018-12-19,73,2880,2953
5081,2018-12-20,63,2910,2973
5081,2018-12-21,64,2627,2691
5081,2018-12-22,47,1448,1495
5081,2018-12-23,6,1153,1159
5081,2018-12-24,85,1598,1683
5081,2018-12-25,7,873,880
5081,2018-12-26,7,851,858
5081,2018-12-27,46,1467,1513
5081,2018-12-28,40,1535,1575
5081,2018-12-29,43,1081,1124
5081,2018-12-30,7,996,1003
5081,2018-12-31,40,1366,1406
5083,2018-01-01,34,4860,4894
5083,2018-01-02,298,10382,10680
5083,2018-01-05,340,12007,12347
5083,2018-01-06,174,9100,9274
5083,2018-01-07,54,6643,6697
5083,2018-01-08,435,11973,12408
5083,2018-01-09,426,12973,13399
5083,2018-01-10,390,12535,12925
5083,2018-01-11,426,13174,13600
5083,2018-01-12,427,13165,13592
5083,2018-01-13,181,9883,10064
5083,2018-01-14,45,7351,7396
5083,2018-01-15,322,11510,11832
5083,2018-01-16,468,12440,12908
5083,2018-01-17,425,12420,12845
5083,2018-01-19,440,13050,13490
5083,2018-01-20,175,11410,11585
5083,2018-01-21,54,7251,7305
5083,2018-01-22,416,11858,12274
5083,2018-01-23,425,12909,13334
5083,2018-01-24,405,12661,13066
5083,2018-01-25,357,12998,13355
5083,2018-01-26,417,13156,13573
5083,2018-01-27,178,10480,10658
5083,2018-01-28,48,7625,7673
5083,2018-01-29,428,12480,12908
5083,2018-01-30,437,13178,13615
5083,2018-01-31,556,12744,13300
5083,2018-02-02,449,12948,13397
5083,2018-02-03,171,10168,10339
5083,2018-02-04,64,7396,7460
5083,2018-02-05,405,12318,12723
5083,2018-02-06,415,12222,12637
5083,2018-02-07,412,12693,13105
5083,2018-02-08,431,12915,13346
5083,2018-02-09,420,12728,13148
5083,2018-02-10,185,8563,8748
5083,2018-02-11,44,5938,5982
5083,2018-02-12,313,10132,10445
5083,2018-02-13,337,11114,11451
5083,2018-02-14,389,11701,12090
5083,2018-02-16,388,11798,12186
5083,2018-02-17,184,8815,8999
5083,2018-02-18,44,7113,7157
5083,2018-02-19,420,12593,13013
5083,2018-02-20,442,13068,13510
5083,2018-02-21,495,13023,13518
5083,2018-02-22,485,13067,13552
5083,2018-02-23,485,13456,13941
5083,2018-02-24,204,10513,10717
5083,2018-02-25,52,7691,7743
5083,2018-02-26,431,12116,12547
5083,2018-02-27,434,12948,13382
5083,2018-02-28,483,12731,13214
5083,2018-03-02,460,12072,12532
5083,2018-03-03,245,9881,10126
5083,2018-03-04,108,6946,7054
5083,2018-03-05,419,12571,12990
5083,2018-03-06,457,13409,13866
5083,2018-03-07,402,12924,13326
5083,2018-03-08,476,12874,13350
5083,2018-03-09,410,13376,13786
5083,2018-03-10,257,10596,10853
5083,2018-03-11,111,7798,7909
5083,2018-03-12,452,12550,13002
5083,2018-03-13,466,14265,14731
5083,2018-03-14,528,14224,14752
5083,2018-03-16,460,13703,14163
5083,2018-03-17,282,10231,10513
5083,2018-03-18,117,7107,7224
5083,2018-03-19,451,12373,12824
5083,2018-03-20,482,12940,13422
5083,2018-03-21,478,13120,13598
5083,2018-03-22,466,13093,13559
5083,2018-03-23,489,13233,13722
5083,2018-03-24,222,11038,11260
5083,2018-03-26,496,12722,13218
5083,2018-03-27,446,13350,13796
5083,2018-03-28,465,13497,13962
5083,2018-03-31,168,9182,9350
5083,2018-04-01,122,7030,7152
5083,2018-04-02,47,6469,6516
5083,2018-04-03,410,11793,12203
5083,2018-04-04,312,11586,11898
5083,2018-04-06,419,12451,12870
5083,2018-04-07,224,9352,9576
5083,2018-04-08,54,7622,7676
5083,2018-04-09,412,11379,11791
5083,2018-04-10,440,11992,12432
5083,2018-04-11,425,12367,12792
5083,2018-04-12,466,12466,12932
5083,2018-04-13,455,12657,13112
5083,2018-04-14,196,10107,10303
5083,2018-04-15,65,7735,7800
5083,2018-04-16,478,13097,13575
5083,2018-04-17,477,13720,14197
5083,2018-04-18,528,14851,15379
5083,2018-04-20,541,14634,15175
5083,2018-04-21,222,11989,12211
5083,2018-04-22,56,8702,8758
5083,2018-04-23,493,14408,14901
5083,2018-04-24,567,15371,15938
5083,2018-04-25,611,15026,15637
5083,2018-04-26,585,15628,16213
5083,2018-04-27,558,14721,15279
5083,2018-04-28,244,10912,11156
5083,2018-04-29,102,7680,7782
5083,2018-04-30,396,12304,12700
5083,2018-05-01,66,6845,6911
5083,2018-05-02,541,14070,14611
5083,2018-05-04,497,14426,14923
5083,2018-05-05,221,11225,11446
5083,2018-05-06,68,8930,8998
5083,2018-05-07,459,13435,13894
5083,2018-05-08,460,14560,15020
5083,2018-05-09,471,14686,15157
5083,2018-05-10,72,7662,7734
5083,2018-05-11,437,12797,13234
5083,2018-05-12,204,10851,11055
5083,2018-05-13,58,7796,7854
5083,2018-05-14,528,12934,13462
5083,2018-05-15,470,14070,14540
5083,2018-05-16,566,13890,14456
5083,2018-05-18,544,14379,14923
5083,2018-05-19,218,10084,10302
5083,2018-05-20,50,7552,7602
5083,2018-05-21,92,6702,6794
5083,2018-05-22,508,11800,12308
5083,2018-05-23,454,12152,12606
5083,2018-05-24,458,12040,12498
5083,2018-05-25,434,12139,12573
5083,2018-05-26,185,9590,9775
5083,2018-05-27,60,7563,7623
5083,2018-05-28,487,13917,14404
5083,2018-05-29,598,16952,17550
5083,2018-05-30,549,15219,15768
5083,2018-06-01,484,14526,15010
5083,2018-06-02,211,11288,11499
5083,2018-06-03,82,8741,8823
5083,2018-06-04,468,13109,13577
5083,2018-06-05,461,13529,13990
5083,2018-06-06,510,13485,13995
5083,2018-06-07,514,13548,14062
5083,2018-06-08,493,13647,14140
5083,2018-06-09,250,11510,11760
5083,2018-06-10,58,8774,8832
5083,2018-06-11,454,12480,12934
5083,2018-06-12,502,13162,13664
5083,2018-06-13,512,13349,13861
5083,2018-06-15,486,13532,14018
5083,2018-06-16,236,10248,10484
5083,2018-06-17,54,7998,8052
5083,2018-06-18,452,12490,12942
5083,2018-06-19,491,13421,13912
5083,2018-06-20,468,13189,13657
5083,2018-06-21,510,13802,14312
5083,2018-06-22,479,13203,13682
5083,2018-06-23,85,7258,7343
5083,2018-06-24,72,8241,8313
5083,2018-06-25,509,12208,12717
5083,2018-06-26,482,13430,13912
5083,2018-06-27,512,13288,13800
5083,2018-06-29,572,14018,14590
5083,2018-06-30,209,10821,11030
5083,2018-07-01,66,8831,8897
5083,2018-07-02,549,12753,13302
5083,2018-07-03,553,13521,14074
5083,2018-07-04,632,13525,14157
5083,2018-07-05,594,13648,14242
5083,2018-07-06,529,13756,14285
5083,2018-07-07,212,10285,10497
5083,2018-07-08,67,8264,8331
5083,2018-07-09,537,12859,13396
5083,2018-07-10,528,13327,13855
5083,2018-07-11,572,13542,14114
5083,2018-07-13,515,13639,14154
5083,2018-07-14,217,9806,10023
5083,2018-07-15,120,7990,8110
5083,2018-07-16,492,11994,12486
5083,2018-07-17,506,12269,12775
5083,2018-07-18,500,12884,13384
5083,2018-07-19,440,12781,13221
5083,2018-07-20,504,12601,13105
5083,2018-07-21,204,10181,10385
5083,2018-07-22,72,7698,7770
5083,2018-07-23,482,11674,12156
5083,2018-07-24,510,12190,12700
5083,2018-07-25,487,12008,12495
5083,2018-07-27,350,11490,11840
5083,2018-07-28,205,8673,8878
5083,2018-07-29,67,6795,6862
5083,2018-07-30,289,10457,10746
5083,2018-07-31,321,10638,10959
5083,2018-08-01,348,10942,11290
5083,2018-08-02,300,10465,10765
5083,2018-08-03,302,10291,10593
5083,2018-08-04,158,7711,7869
5083,2018-08-05,60,6367,6427
5083,2018-08-06,281,9252,9533
5083,2018-08-10,307,10167,10474
5083,2018-08-11,176,7470,7646
5083,2018-08-12,80,6054,6134
5083,2018-08-13,270,8918,9188
5083,2018-08-14,294,9593,9887
5083,2018-08-15,70,5832,5902
5083,2018-08-16,281,9331,9612
5083,2018-08-17,314,9968,10282
5083,2018-08-18,159,7642,7801
5083,2018-08-19,59,6012,6071
5083,2018-08-20,331,9656,9987
5083,2018-08-21,375,10398,10773
5083,2018-08-22,401,10329,10730
5083,2018-08-23,410,10508,10918
5083,2018-08-24,379,10590,10969
5083,2018-08-25,285,8363,8648
5083,2018-08-26,160,7040,7200
5083,2018-08-27,478,11049,11527
5083,2018-08-28,579,11924,12503
5083,2018-08-29,550,11914,12464
5083,2018-08-30,521,11617,12138
5083,2018-08-31,470,11751,12221
5083,2018-09-01,343,9435,9778
5083,2018-09-02,142,6905,7047
5083,2018-09-03,540,11347,11887
5083,2018-09-04,528,11785,12313
5083,2018-09-05,501,11975,12476
5083,2018-09-07,490,12254,12744
5083,2018-09-08,333,9418,9751
5083,2018-09-09,155,7747,7902
5083,2018-09-10,534,12134,12668
5083,2018-09-11,496,12963,13459
5083,2018-09-12,463,12735,13198
5083,2018-09-13,521,13209,13730
5083,2018-09-14,526,12929,13455
5083,2018-09-15,305,10427,10732
5083,2018-09-16,144,8292,8436
5083,2018-09-17,439,12809,13248
5083,2018-09-18,459,13805,14264
5083,2018-09-19,482,13791,14273
5083,2018-09-21,472,14304,14776
5083,2018-09-22,246,11130,11376
5083,2018-09-23,90,7144,7234
5083,2018-09-24,459,14123,14582
5083,2018-09-25,542,15345,15887
5083,2018-09-26,533,15455,15988
5083,2018-09-27,565,16199,16764
5083,2018-09-28,548,14464,15012
5083,2018-09-29,314,10634,10948
5083,2018-09-30,146,8334,8480
5083,2018-10-01,504,12746,13250
5083,2018-10-02,461,14212,14673
5083,2018-10-03,537,14512,15049
5083,2018-10-05,460,13499,13959
5083,2018-10-06,208,10884,11092
5083,2018-10-07,72,8466,8538
5083,2018-10-08,474,12968,13442
5083,2018-10-09,437,13299,13736
5083,2018-10-10,487,14693,15180
5083,2018-10-11,549,15477,16026
5083,2018-10-12,497,14442,14939
5083,2018-10-13,190,10843,11033
5083,2018-10-14,60,9027,9087
5083,2018-10-15,485,14603,15088
5083,2018-10-16,775,17814,18589
5083,2018-10-17,596,15681,16277
5083,2018-10-19,483,14931,15414
5083,2018-10-20,175,11302,11477
5083,2018-10-21,50,8817,8867
5083,2018-10-22,434,13779,14213
5083,2018-10-23,443,14536,14979
5083,2018-10-24,464,14372,14836
5083,2018-10-25,420,14700,15120
5083,2018-10-26,449,14542,14991
5083,2018-10-27,162,10406,10568
5083,2018-10-28,34,7634,7668
5083,2018-10-29,460,12986,13446
5083,2018-10-30,466,13096,13562
5083,2018-10-31,370,13865,14235
5083,2018-11-02,303,11710,12013
5083,2018-11-03,172,9555,9727
5083,2018-11-04,52,7654,7706
5083,2018-11-05,399,13592,13991
5083,2018-11-06,414,14135,14549
5083,2018-11-07,462,14415,14877
5083,2018-11-08,457,14740,15197
5083,2018-11-09,433,14542,14975
5083,2018-11-10,149,11521,11670
5083,2018-11-11,38,7892,7930
5083,2018-11-12,474,13192,13666
5083,2018-11-13,404,14285,14689
5083,2018-11-14,454,14652,15106
5083,2018-11-16,479,14962,15441
5083,2018-11-17,194,11156,11350
5083,2018-11-18,47,8428,8475
5083,2018-11-19,445,13411,13856
5083,2018-11-20,483,14162,14645
5083,2018-11-21,481,14027,14508
5083,2018-11-22,468,14010,14478
5083,2018-11-23,479,14132,14611
5083,2018-11-24,205,11188,11393
5083,2018-11-25,57,8451,8508
5083,2018-11-26,441,13325,13766
5083,2018-11-27,419,13930,14349
5083,2018-11-28,417,13996,14413
5083,2018-11-29,432,14360,14792
5083,2018-11-30,429,14414,14843
5083,2018-12-01,165,10808,10973
5083,2018-12-02,30,7779,7809
5083,2018-12-03,454,12874,13328
5083,2018-12-04,449,14260,14709
5083,2018-12-05,489,14611,15100
5083,2018-12-07,388,14211,14599
5083,2018-12-08,176,10742,10918
5083,2018-12-09,92,7688,7780
5083,2018-12-10,442,13460,13902
5083,2018-12-11,446,14536,14982
5083,2018-12-12,477,13968,14445
5083,2018-12-13,432,14649,15081
5083,2018-12-14,483,14396,14879
5083,2018-12-15,198,11098,11296
5083,2018-12-16,57,7034,7091
5083,2018-12-17,398,13619,14017
5083,2018-12-18,478,14261,14739
5083,2018-12-19,448,14414,14862
5083,2018-12-20,376,14317,14693
5083,2018-12-21,321,13822,14143
5083,2018-12-22,166,9872,10038
5083,2018-12-23,35,6850,6885
5083,2018-12-24,220,9214,9434
5083,2018-12-25,47,6133,6180
5083,2018-12-26,55,5556,5611
5083,2018-12-27,212,9268,9480
5083,2018-12-28,233,9594,9827
5083,2018-12-29,138,7678,7816
5083,2018-12-30,37,6206,6243
5083,2018-12-31,181,8379,8560
5084,2018-01-01,2,1510,1512
5084,2018-01-02,118,3752,3870
5084,2018-01-03,138,3796,3934
5084,2018-01-05,149,4196,4345
5084,2018-01-06,41,3290,3331
5084,2018-01-07,11,2124,2135
5084,2018-01-08,198,4177,4375
5084,2018-01-09,224,4576,4800
5084,2018-01-10,232,4574,4806
5084,2018-01-11,197,4589,4786
5084,2018-01-12,198,4523,4721
5084,2018-01-13,76,3386,3462
5084,2018-01-14,16,2423,2439
5084,2018-01-15,172,4180,4352
5084,2018-01-16,177,4597,4774
5084,2018-01-17,200,4418,4618
5084,2018-01-19,190,4585,4775
5084,2018-01-20,46,2983,3029
5084,2018-01-21,24,2181,2205
5084,2018-01-22,183,4189,4372
5084,2018-01-23,195,4547,4742
5084,2018-01-24,202,4401,4603
5084,2018-01-25,103,4308,4411
5084,2018-01-26,193,4415,4608
5084,2018-01-27,44,3739,3783
5084,2018-01-28,22,2414,2436
5084,2018-01-29,185,4281,4466
5084,2018-01-30,181,4579,4760
5084,2018-01-31,161,4392,4553
5084,2018-02-02,174,4453,4627
5084,2018-02-03,51,3463,3514
5084,2018-02-04,20,2138,2158
5084,2018-02-05,189,4032,4221
5084,2018-02-06,147,4156,4303
5084,2018-02-07,172,4249,4421
5084,2018-02-08,180,4404,4584
5084,2018-02-09,189,4301,4490
5084,2018-02-10,35,2820,2855
5084,2018-02-11,22,1806,1828
5084,2018-02-12,115,3255,3370
5084,2018-02-13,147,3701,3848
5084,2018-02-14,175,3786,3961
5084,2018-02-16,163,3714,3877
5084,2018-02-17,54,2868,2922
5084,2018-02-18,12,2235,2247
5084,2018-02-19,209,4185,4394
5084,2018-02-20,205,4558,4763
5084,2018-02-21,240,4511,4751
5084,2018-02-22,198,4455,4653
5084,2018-02-23,201,4605,4806
5084,2018-02-24,55,3634,3689
5084,2018-02-25,17,2329,2346
5084,2018-02-26,211,4187,4398
5084,2018-02-27,232,4609,4841
5084,2018-02-28,258,4526,4784
5084,2018-03-02,205,3930,4135
5084,2018-03-03,56,3365,3421
5084,2018-03-04,43,2169,2212
5084,2018-03-05,188,4300,4488
5084,2018-03-06,209,4742,4951
5084,2018-03-07,208,4604,4812
5084,2018-03-08,223,4606,4829
5084,2018-03-09,184,4755,4939
5084,2018-03-10,62,3523,3585
5084,2018-03-11,30,2330,2360
5084,2018-03-12,235,4859,5094
5084,2018-03-13,190,5041,5231
5084,2018-03-14,240,5150,5390
5084,2018-03-16,204,4921,5125
5084,2018-03-17,75,3550,3625
5084,2018-03-18,31,2160,2191
5084,2018-03-19,190,4335,4525
5084,2018-03-20,194,4711,4905
5084,2018-03-21,229,4832,5061
5084,2018-03-22,197,4633,4830
5084,2018-03-23,200,4883,5083
5084,2018-03-24,65,3854,3919
5084,2018-03-26,203,4578,4781
5084,2018-03-27,167,4872,5039
5084,2018-03-28,235,4549,4784
5084,2018-03-31,50,3328,3378
5084,2018-04-01,17,1999,2016
5084,2018-04-02,14,2211,2225
5084,2018-04-03,146,4532,4678
5084,2018-04-04,168,4434,4602
5084,2018-04-06,163,4325,4488
5084,2018-04-07,68,3193,3261
5084,2018-04-08,24,2720,2744
5084,2018-04-09,170,3839,4009
5084,2018-04-10,158,4226,4384
5084,2018-04-11,149,4150,4299
5084,2018-04-12,191,4081,4272
5084,2018-04-13,170,4339,4509
5084,2018-04-14,72,3370,3442
5084,2018-04-15,16,2480,2496
5084,2018-04-16,156,4421,4577
5084,2018-04-17,204,4854,5058
5084,2018-04-18,234,4841,5075
5084,2018-04-20,233,5074,5307
5084,2018-04-21,86,3892,3978
5084,2018-04-22,24,2808,2832
5084,2018-04-23,225,4460,4685
5084,2018-04-24,217,5148,5365
5084,2018-04-25,253,4795,5048
5084,2018-04-26,245,4983,5228
5084,2018-04-27,254,5088,5342
5084,2018-04-28,79,3821,3900
5084,2018-04-29,30,2566,2596
5084,2018-04-30,114,4524,4638
5084,2018-05-01,17,2273,2290
5084,2018-05-02,167,4515,4682
5084,2018-05-04,171,4583,4754
5084,2018-05-05,93,3988,4081
5084,2018-05-06,45,2988,3033
5084,2018-05-07,209,4880,5089
5084,2018-05-08,252,5414,5666
5084,2018-05-09,251,5269,5520
5084,2018-05-10,41,2218,2259
5084,2018-05-11,187,4653,4840
5084,2018-05-12,83,3709,3792
5084,2018-05-13,40,2322,2362
5084,2018-05-14,244,4578,4822
5084,2018-05-15,225,5119,5344
5084,2018-05-16,260,5211,5471
5084,2018-05-18,258,5442,5700
5084,2018-05-19,87,3490,3577
5084,2018-05-20,24,2186,2210
5084,2018-05-21,25,2199,2224
5084,2018-05-22,200,3873,4073
5084,2018-05-23,174,3900,4074
5084,2018-05-24,203,4023,4226
5084,2018-05-25,169,4241,4410
5084,2018-05-26,77,3198,3275
5084,2018-05-27,40,2328,2368
5084,2018-05-28,246,4466,4712
5084,2018-05-29,240,5089,5329
5084,2018-05-30,230,4879,5109
5084,2018-06-01,170,5180,5350
5084,2018-06-02,322,7442,7764
5084,2018-06-03,70,4162,4232
5084,2018-06-04,203,4593,4796
5084,2018-06-05,211,5010,5221
5084,2018-06-06,278,4559,4837
5084,2018-06-07,245,4798,5043
5084,2018-06-08,256,4856,5112
5084,2018-06-09,82,4010,4092
5084,2018-06-10,24,2732,2756
5084,2018-06-11,223,4477,4700
5084,2018-06-12,201,4663,4864
5084,2018-06-13,219,4711,4930
5084,2018-06-15,239,5257,5496
5084,2018-06-16,326,10362,10688
5084,2018-06-17,66,4941,5007
5084,2018-06-18,224,4426,4650
5084,2018-06-19,214,4885,5099
5084,2018-06-20,259,4636,4895
5084,2018-06-21,237,4917,5154
5084,2018-06-22,303,4931,5234
5084,2018-06-23,36,2400,2436
5084,2018-06-24,102,3922,4024
5084,2018-06-25,244,4454,4698
5084,2018-06-26,224,5012,5236
5084,2018-06-27,262,4644,4906
5084,2018-06-29,268,5079,5347
5084,2018-06-30,132,4061,4193
5084,2018-07-01,37,2876,2913
5084,2018-07-02,238,4513,4751
5084,2018-07-03,284,4941,5225
5084,2018-07-04,272,4618,4890
5084,2018-07-05,235,4855,5090
5084,2018-07-06,227,4965,5192
5084,2018-07-07,90,3965,4055
5084,2018-07-08,34,2965,2999
5084,2018-07-09,260,4474,4734
5084,2018-07-10,220,4829,5049
5084,2018-07-11,234,4570,4804
5084,2018-07-13,190,4937,5127
5084,2018-07-14,91,3596,3687
5084,2018-07-15,56,3528,3584
5084,2018-07-16,211,4218,4429
5084,2018-07-17,212,4401,4613
5084,2018-07-18,247,4548,4795
5084,2018-07-19,279,4487,4766
5084,2018-07-20,243,4457,4700
5084,2018-07-21,118,4812,4930
5084,2018-07-22,52,3140,3192
5084,2018-07-23,217,3960,4177
5084,2018-07-24,190,4092,4282
5084,2018-07-25,219,4015,4234
5084,2018-07-27,191,3883,4074
5084,2018-07-28,80,3006,3086
5084,2018-07-29,46,2303,2349
5084,2018-07-30,156,3471,3627
5084,2018-07-31,169,3599,3768
5084,2018-08-01,145,3514,3659
5084,2018-08-02,165,3444,3609
5084,2018-08-03,153,3512,3665
5084,2018-08-04,108,2829,2937
5084,2018-08-05,32,2272,2304
5084,2018-08-06,145,3140,3285
5084,2018-08-07,142,3392,3534
5084,2018-08-08,130,3404,3534
5084,2018-08-10,140,3373,3513
5084,2018-08-11,93,2632,2725
5084,2018-08-12,35,2131,2166
5084,2018-08-13,132,3026,3158
5084,2018-08-14,147,3316,3463
5084,2018-08-15,13,1920,1933
5084,2018-08-16,139,3297,3436
5084,2018-08-17,201,3382,3583
5084,2018-08-18,99,2651,2750
5084,2018-08-19,30,2181,2211
5084,2018-08-20,206,3099,3305
5084,2018-08-21,160,3569,3729
5084,2018-08-22,180,3465,3645
5084,2018-08-23,163,3439,3602
5084,2018-08-24,195,3439,3634
5084,2018-08-25,105,3120,3225
5084,2018-08-26,43,2413,2456
5084,2018-08-27,215,3410,3625
5084,2018-08-28,228,3967,4195
5084,2018-08-29,210,3830,4040
5084,2018-08-30,179,3747,3926
5084,2018-08-31,188,3866,4054
5084,2018-09-01,136,3393,3529
5084,2018-09-02,33,2737,2770
5084,2018-09-03,199,3751,3950
5084,2018-09-04,219,4044,4263
5084,2018-09-05,186,4092,4278
5084,2018-09-07,203,3727,3930
5084,2018-09-08,92,2997,3089
5084,2018-09-09,31,2425,2456
5084,2018-09-10,185,3790,3975
5084,2018-09-11,171,3893,4064
5084,2018-09-12,215,4031,4246
5084,2018-09-13,207,4229,4436
5084,2018-09-14,209,4183,4392
5084,2018-09-15,105,3376,3481
5084,2018-09-16,29,2912,2941
5084,2018-09-17,227,4179,4406
5084,2018-09-18,234,4464,4698
5084,2018-09-19,279,4303,4582
5084,2018-09-21,255,4804,5059
5084,2018-09-22,146,6194,6340
5084,2018-09-23,56,2859,2915
5084,2018-09-24,259,4239,4498
5084,2018-09-26,267,4349,4616
5084,2018-09-27,254,4590,4844
5084,2018-09-28,244,4478,4722
5084,2018-09-29,114,3651,3765
5084,2018-09-30,33,2696,2729
5084,2018-10-01,281,5147,5428
5084,2018-10-02,269,4941,5210
5084,2018-10-03,281,4718,4999
5084,2018-10-05,265,5172,5437
5084,2018-10-06,93,4070,4163
5084,2018-10-07,27,2559,2586
5084,2018-10-08,244,4162,4406
5084,2018-10-09,269,4474,4743
5084,2018-10-10,234,4494,4728
5084,2018-10-11,237,4490,4727
5084,2018-10-12,228,4483,4711
5084,2018-10-13,90,3725,3815
5084,2018-10-14,19,2742,2761
5084,2018-10-15,209,4262,4471
5084,2018-10-16,218,4607,4825
5084,2018-10-17,236,4438,4674
5084,2018-10-19,243,4728,4971
5084,2018-10-20,86,3546,3632
5084,2018-10-21,20,2727,2747
5084,2018-10-22,241,4283,4524
5084,2018-10-23,231,4603,4834
5084,2018-10-24,238,4490,4728
5084,2018-10-25,300,4429,4729
5084,2018-10-26,270,4562,4832
5084,2018-10-27,83,3273,3356
5084,2018-10-28,10,2288,2298
5084,2018-10-29,144,3914,4058
5084,2018-10-30,116,4130,4246
5084,2018-10-31,195,4241,4436
5084,2018-11-02,111,3440,3551
5084,2018-11-03,80,2943,3023
5084,2018-11-04,17,2166,2183
5084,2018-11-05,234,4117,4351
5084,2018-11-06,224,4794,5018
5084,2018-11-07,255,4437,4692
5084,2018-11-08,226,4326,4552
5084,2018-11-09,254,4865,5119
5084,2018-11-10,58,3110,3168
5084,2018-11-11,33,3789,3822
5084,2018-11-12,238,4128,4366
5084,2018-11-13,215,4473,4688
5084,2018-11-14,230,4362,4592
5084,2018-11-16,216,4708,4924
5084,2018-11-17,139,6721,6860
5084,2018-11-18,44,4276,4320
5084,2018-11-19,217,4232,4449
5084,2018-11-20,235,4429,4664
5084,2018-11-21,217,4323,4540
5084,2018-11-22,211,4470,4681
5084,2018-11-23,248,5124,5372
5084,2018-11-24,56,3779,3835
5084,2018-11-25,10,2361,2371
5084,2018-11-26,222,4153,4375
5084,2018-11-27,253,4579,4832
5084,2018-11-28,201,4415,4616
5084,2018-11-29,216,4565,4781
5084,2018-11-30,232,4466,4698
5084,2018-12-01,65,3413,3478
5084,2018-12-02,8,2426,2434
5084,2018-12-03,160,4534,4694
5084,2018-12-04,214,4823,5037
5084,2018-12-05,237,4766,5003
5084,2018-12-07,227,4690,4917
5084,2018-12-08,87,3285,3372
5084,2018-12-09,37,2244,2281
5084,2018-12-10,220,4431,4651
5084,2018-12-11,217,4537,4754
5084,2018-12-12,236,4396,4632
5084,2018-12-13,242,4457,4699
5084,2018-12-14,218,4522,4740
5084,2018-12-15,77,3501,3578
5084,2018-12-16,16,2019,2035
5084,2018-12-17,231,4185,4416
5084,2018-12-18,226,4680,4906
5084,2018-12-19,176,4748,4924
5084,2018-12-20,168,4655,4823
5084,2018-12-21,168,4722,4890
5084,2018-12-22,85,3052,3137
5084,2018-12-23,15,2388,2403
5084,2018-12-24,88,2760,2848
5084,2018-12-25,9,1533,1542
5084,2018-12-26,7,1673,1680
5084,2018-12-27,119,2986,3105
5084,2018-12-28,114,3071,3185
5084,2018-12-29,56,2494,2550
5084,2018-12-30,9,2216,2225
5084,2018-12-31,76,2360,2436
5085,2018-01-01,8,2908,2916
5085,2018-01-02,202,5990,6192
5085,2018-01-03,236,5960,6196
5085,2018-01-05,236,7337,7573
5085,2018-01-06,121,5390,5511
5085,2018-01-07,18,3792,3810
5085,2018-01-08,268,7049,7317
5085,2018-01-09,302,7537,7839
5085,2018-01-10,366,7473,7839
5085,2018-01-11,296,7531,7827
5085,2018-01-12,293,7942,8235
5085,2018-01-13,144,6158,6302
5085,2018-01-14,13,4295,4308
5085,2018-01-15,312,7167,7479
5085,2018-01-16,304,6788,7092
5085,2018-01-17,374,7448,7822
5085,2018-01-19,298,7932,8230
5085,2018-01-20,127,5424,5551
5085,2018-01-21,19,4186,4205
5085,2018-01-22,301,7144,7445
5085,2018-01-23,288,7588,7876
5085,2018-01-24,331,7284,7615
5085,2018-01-25,308,7010,7318
5085,2018-01-26,302,8047,8349
5085,2018-01-27,128,6429,6557
5085,2018-01-28,13,4740,4753
5085,2018-01-29,270,8022,8292
5085,2018-01-30,290,7721,8011
5085,2018-01-31,326,6582,6908
5085,2018-02-02,332,7822,8154
5085,2018-02-03,148,6358,6506
5085,2018-02-04,21,4166,4187
5085,2018-02-05,267,7176,7443
5085,2018-02-06,264,7073,7337
5085,2018-02-07,286,8000,8286
5085,2018-02-08,266,7608,7874
5085,2018-02-09,280,7664,7944
5085,2018-02-10,133,5268,5401
5085,2018-02-11,24,3587,3611
5085,2018-02-12,217,5832,6049
5085,2018-02-13,222,6345,6567
5085,2018-02-14,253,6650,6903
5085,2018-02-16,226,6580,6806
5085,2018-02-17,124,5155,5279
5085,2018-02-18,16,3985,4001
5085,2018-02-19,303,7171,7474
5085,2018-02-20,292,7642,7934
5085,2018-02-21,289,7468,7757
5085,2018-02-22,304,7583,7887
5085,2018-02-23,332,8093,8425
5085,2018-02-24,142,6464,6606
5085,2018-02-25,16,4383,4399
5085,2018-02-26,265,7161,7426
5085,2018-02-27,268,7714,7982
5085,2018-02-28,302,8188,8490
5085,2018-03-02,287,7015,7302
5085,2018-03-03,222,5839,6061
5085,2018-03-04,99,3984,4083
5085,2018-03-05,265,6101,6366
5085,2018-03-06,250,6252,6502
5085,2018-03-07,295,5862,6157
5085,2018-03-08,166,3636,3802
5085,2018-03-09,241,6425,6666
5085,2018-03-10,200,4804,5004
5085,2018-03-11,74,3457,3531
5085,2018-03-12,172,3734,3906
5085,2018-03-13,261,6453,6714
5085,2018-03-14,261,6599,6860
5085,2018-03-16,265,6468,6733
5085,2018-03-17,168,4985,5153
5085,2018-03-18,71,3220,3291
5085,2018-03-19,269,5839,6108
5085,2018-03-20,250,6350,6600
5085,2018-03-21,262,6131,6393
5085,2018-03-22,247,6040,6287
5085,2018-03-23,271,7382,7653
5085,2018-03-24,151,6587,6738
5085,2018-03-26,318,7330,7648
5085,2018-03-27,319,7681,8000
5085,2018-03-28,344,6644,6988
5085,2018-03-30,319,8015,8334
5085,2018-03-31,152,5176,5328
5085,2018-04-01,32,3452,3484
5085,2018-04-02,32,3654,3686
5085,2018-04-03,295,6797,7092
5085,2018-04-04,386,5972,6358
5085,2018-04-06,312,7159,7471
5085,2018-04-07,185,5540,5725
5085,2018-04-08,38,4613,4651
5085,2018-04-09,304,6630,6934
5085,2018-04-10,307,6861,7168
5085,2018-04-11,333,7038,7371
5085,2018-04-12,295,7118,7413
5085,2018-04-13,315,7586,7901
5085,2018-04-14,153,5999,6152
5085,2018-04-15,24,4465,4489
5085,2018-04-16,330,7325,7655
5085,2018-04-17,307,8186,8493
5085,2018-04-18,373,7900,8273
5085,2018-04-19,337,8101,8438
5085,2018-04-21,189,6886,7075
5085,2018-04-22,21,4988,5009
5085,2018-04-23,309,7606,7915
5085,2018-04-24,305,8115,8420
5085,2018-04-25,367,7781,8148
5085,2018-04-26,291,8090,8381
5085,2018-04-27,330,8379,8709
5085,2018-04-28,151,6477,6628
5085,2018-04-29,20,3908,3928
5085,2018-04-30,274,6954,7228
5085,2018-05-01,26,3711,3737
5085,2018-05-02,401,7933,8334
5085,2018-05-03,344,8506,8850
5085,2018-05-05,169,6621,6790
5085,2018-05-06,26,5147,5173
5085,2018-05-07,341,8780,9121
5085,2018-05-08,355,8860,9215
5085,2018-05-09,342,9312,9654
5085,2018-05-10,24,3566,3590
5085,2018-05-11,264,7953,8217
5085,2018-05-12,154,6152,6306
5085,2018-05-13,40,4072,4112
5085,2018-05-14,338,7682,8020
5085,2018-05-15,334,8171,8505
5085,2018-05-16,342,7104,7446
5085,2018-05-17,326,8488,8814
5085,2018-05-19,138,6028,6166
5085,2018-05-20,43,4405,4448
5085,2018-05-21,53,3723,3776
5085,2018-05-22,290,6344,6634
5085,2018-05-23,276,6352,6628
5085,2018-05-24,254,6979,7233
5085,2018-05-25,289,7497,7786
5085,2018-05-26,215,5695,5910
5085,2018-05-27,16,4194,4210
5085,2018-05-28,318,7596,7914
5085,2018-05-29,336,7318,7654
5085,2018-05-30,345,7944,8289
5085,2018-05-31,348,7554,7902
5085,2018-06-02,240,7074,7314
5085,2018-06-03,53,5710,5763
5085,2018-06-04,311,7661,7972
5085,2018-06-05,308,8186,8494
5085,2018-06-06,338,7561,7899
5085,2018-06-07,336,7244,7580
5085,2018-06-08,296,8603,8899
5085,2018-06-09,170,5734,5904
5085,2018-06-10,20,4468,4488
5085,2018-06-11,414,6772,7186
5085,2018-06-12,400,7136,7536
5085,2018-06-13,387,7988,8375
5085,2018-06-14,374,7484,7858
5085,2018-06-16,381,7814,8195
5085,2018-06-17,64,5573,5637
5085,2018-06-18,333,7570,7903
5085,2018-06-19,341,7845,8186
5085,2018-06-20,432,7740,8172
5085,2018-06-21,389,8003,8392
5085,2018-06-22,373,8810,9183
5085,2018-06-23,37,4625,4662
5085,2018-06-24,65,7502,7567
5085,2018-06-25,402,7486,7888
5085,2018-06-26,372,8157,8529
5085,2018-06-27,362,7816,8178
5085,2018-06-28,362,8120,8482
5085,2018-06-30,145,6649,6794
5085,2018-07-01,19,4996,5015
5085,2018-07-02,336,7570,7906
5085,2018-07-03,309,8020,8329
5085,2018-07-04,330,6874,7204
5085,2018-07-05,263,8159,8422
5085,2018-07-06,324,8194,8518
5085,2018-07-07,139,6401,6540
5085,2018-07-08,30,4771,4801
5085,2018-07-09,339,7966,8305
5085,2018-07-10,335,8387,8722
5085,2018-07-11,363,7862,8225
5085,2018-07-12,326,8142,8468
5085,2018-07-14,155,6221,6376
5085,2018-07-15,38,4666,4704
5085,2018-07-16,332,7144,7476
5085,2018-07-17,282,7391,7673
5085,2018-07-18,312,7516,7828
5085,2018-07-19,327,7669,7996
5085,2018-07-20,327,8051,8378
5085,2018-07-21,211,8184,8395
5085,2018-07-22,51,5264,5315
5085,2018-07-23,339,7104,7443
5085,2018-07-24,293,7085,7378
5085,2018-07-25,305,7114,7419
5085,2018-07-26,270,7296,7566
5085,2018-07-28,138,5424,5562
5085,2018-07-29,31,4049,4080
5085,2018-07-30,212,6441,6653
5085,2018-07-31,214,6549,6763
5085,2018-08-01,209,6503,6712
5085,2018-08-02,218,6440,6658
5085,2018-08-03,233,6608,6841
5085,2018-08-04,133,4819,4952
5085,2018-08-05,25,3828,3853
5085,2018-08-06,209,5743,5952
5085,2018-08-07,210,5362,5572
5085,2018-08-08,192,5756,5948
5085,2018-08-09,202,5572,5774
5085,2018-08-11,157,4690,4847
5085,2018-08-12,24,3615,3639
5085,2018-08-13,194,4792,4986
5085,2018-08-14,203,6103,6306
5085,2018-08-15,21,3499,3520
5085,2018-08-16,209,5977,6186
5085,2018-08-17,217,5939,6156
5085,2018-08-18,147,4606,4753
5085,2018-08-19,37,3733,3770
5085,2018-08-20,259,5833,6092
5085,2018-08-21,270,6255,6525
5085,2018-08-22,277,6336,6613
5085,2018-08-23,279,6341,6620
5085,2018-08-24,265,6393,6658
5085,2018-08-25,231,4771,5002
5085,2018-08-26,95,3871,3966
5085,2018-08-27,472,6277,6749
5085,2018-08-28,539,6627,7166
5085,2018-08-29,424,5844,6268
5085,2018-08-30,476,6775,7251
5085,2018-08-31,491,7010,7501
5085,2018-09-01,275,5101,5376
5085,2018-09-02,132,4640,4772
5085,2018-09-03,488,7460,7948
5085,2018-09-04,550,7437,7987
5085,2018-09-05,502,7064,7566
5085,2018-09-06,516,7346,7862
5085,2018-09-08,257,5521,5778
5085,2018-09-09,132,4404,4536
5085,2018-09-10,475,7185,7660
5085,2018-09-11,538,7356,7894
5085,2018-09-12,524,7767,8291
5085,2018-09-13,530,7660,8190
5085,2018-09-14,545,7951,8496
5085,2018-09-15,273,6361,6634
5085,2018-09-16,149,5356,5505
5085,2018-09-17,344,7560,7904
5085,2018-09-18,290,8000,8290
5085,2018-09-19,337,7871,8208
5085,2018-09-20,314,7829,8143
5085,2018-09-22,185,8013,8198
5085,2018-09-23,14,4240,4254
5085,2018-09-24,314,7327,7641
5085,2018-09-25,353,7956,8309
5085,2018-09-26,377,7697,8074
5085,2018-09-27,329,7949,8278
5085,2018-09-28,332,8173,8505
5085,2018-09-29,270,6470,6740
5085,2018-09-30,114,4954,5068
5085,2018-10-01,388,7146,7534
5085,2018-10-02,348,8248,8596
5085,2018-10-03,320,7996,8316
5085,2018-10-04,324,8246,8570
5085,2018-10-06,158,6479,6637
5085,2018-10-07,24,4559,4583
5085,2018-10-08,304,7410,7714
5085,2018-10-09,322,8052,8374
5085,2018-10-10,412,7774,8186
5085,2018-10-11,326,7903,8229
5085,2018-10-12,321,8345,8666
5085,2018-10-13,148,6482,6630
5085,2018-10-14,22,4709,4731
5085,2018-10-15,340,7489,7829
5085,2018-10-16,312,7782,8094
5085,2018-10-17,357,7747,8104
5085,2018-10-18,319,8045,8364
5085,2018-10-20,160,6208,6368
5085,2018-10-21,34,4943,4977
5085,2018-10-22,314,6936,7250
5085,2018-10-23,318,8193,8511
5085,2018-10-24,326,7714,8040
5085,2018-10-25,314,8079,8393
5085,2018-10-26,347,8227,8574
5085,2018-10-27,176,6002,6178
5085,2018-10-28,19,4097,4116
5085,2018-10-29,330,7332,7662
5085,2018-10-30,314,7120,7434
5085,2018-10-31,295,8332,8627
5085,2018-11-01,23,3723,3746
5085,2018-11-03,145,5625,5770
5085,2018-11-04,30,4249,4279
5085,2018-11-05,353,7583,7936
5085,2018-11-06,366,8342,8708
5085,2018-11-07,370,7951,8321
5085,2018-11-08,398,8211,8609
5085,2018-11-09,410,9010,9420
5085,2018-11-10,157,7222,7379
5085,2018-11-11,40,7312,7352
5085,2018-11-12,402,7368,7770
5085,2018-11-13,379,8322,8701
5085,2018-11-14,361,8010,8371
5085,2018-11-15,297,8119,8416
5085,2018-11-17,332,14193,14525
5085,2018-11-18,77,11496,11573
5085,2018-11-19,343,7468,7811
5085,2018-11-20,324,8047,8371
5085,2018-11-21,352,7769,8121
5085,2018-11-22,326,7961,8287
5085,2018-11-23,352,9045,9397
5085,2018-11-24,165,6146,6311
5085,2018-11-25,11,4246,4257
5085,2018-11-26,324,7817,8141
5085,2018-11-27,318,8123,8441
5085,2018-11-28,333,7847,8180
5085,2018-11-29,330,8049,8379
5085,2018-11-30,349,8319,8668
5085,2018-12-01,234,8929,9163
5085,2018-12-02,59,6101,6160
5085,2018-12-03,320,6360,6680
5085,2018-12-04,332,7510,7842
5085,2018-12-05,373,7875,8248
5085,2018-12-06,316,7569,7885
5085,2018-12-08,164,4990,5154
5085,2018-12-09,8,3438,3446
5085,2018-12-10,351,7415,7766
5085,2018-12-11,291,7801,8092
5085,2018-12-12,340,7718,8058
5085,2018-12-13,339,7890,8229
5085,2018-12-14,352,8194,8546
5085,2018-12-15,173,6336,6509
5085,2018-12-16,18,3687,3705
5085,2018-12-17,332,7471,7803
5085,2018-12-18,317,7918,8235
5085,2018-12-19,353,7958,8311
5085,2018-12-20,330,7544,7874
5085,2018-12-21,281,8502,8783
5085,2018-12-22,130,5404,5534
5085,2018-12-23,18,4149,4167
5085,2018-12-24,148,5402,5550
5085,2018-12-25,5,3098,3103
5085,2018-12-26,16,3077,3093
5085,2018-12-27,193,5816,6009
5085,2018-12-28,169,5809,5978
5085,2018-12-29,140,4748,4888
5085,2018-12-30,20,3658,3678
5085,2018-12-31,135,5292,5427
5086,2018-01-01,16,4724,4740
5086,2018-01-02,210,9696,9906
5086,2018-01-03,218,9960,10178
5086,2018-01-05,233,11140,11373
5086,2018-01-06,112,8350,8462
5086,2018-01-07,15,5537,5552
5086,2018-01-08,305,12004,12309
5086,2018-01-09,372,12544,12916
5086,2018-01-10,392,12402,12794
5086,2018-01-11,358,12726,13084
5086,2018-01-12,398,12812,13210
5086,2018-01-13,130,8772,8902
5086,2018-01-14,28,5791,5819
5086,2018-01-15,404,12307,12711
5086,2018-01-16,376,12502,12878
5086,2018-01-17,457,12104,12561
5086,2018-01-19,436,12680,13116
5086,2018-01-20,110,8162,8272
5086,2018-01-21,20,5798,5818
5086,2018-01-22,324,12196,12520
5086,2018-01-23,384,12584,12968
5086,2018-01-24,329,12170,12499
5086,2018-01-25,366,12744,13110
5086,2018-01-26,365,13041,13406
5086,2018-01-27,120,8922,9042
5086,2018-01-28,14,6294,6308
5086,2018-01-29,329,12328,12657
5086,2018-01-30,341,12776,13117
5086,2018-01-31,362,12324,12686
5086,2018-02-02,343,12687,13030
5086,2018-02-03,126,8707,8833
5086,2018-02-04,28,5831,5859
5086,2018-02-05,323,11855,12178
5086,2018-02-06,284,11370,11654
5086,2018-02-07,306,11899,12205
5086,2018-02-08,303,12354,12657
5086,2018-02-09,288,12281,12569
5086,2018-02-10,129,7609,7738
5086,2018-02-11,29,4978,5007
5086,2018-02-12,222,9373,9595
5086,2018-02-13,220,10804,11024
5086,2018-02-14,292,10813,11105
5086,2018-02-16,221,11270,11491
5086,2018-02-17,116,7730,7846
5086,2018-02-18,16,5805,5821
5086,2018-02-19,335,11809,12144
5086,2018-02-20,366,12633,12999
5086,2018-02-21,437,12408,12845
5086,2018-02-22,391,12682,13073
5086,2018-02-23,366,13091,13457
5086,2018-02-24,128,9106,9234
5086,2018-02-25,17,6123,6140
5086,2018-02-26,319,11726,12045
5086,2018-02-27,300,12494,12794
5086,2018-02-28,301,12171,12472
5086,2018-03-02,270,11389,11659
5086,2018-03-03,105,8534,8639
5086,2018-03-04,19,5868,5887
5086,2018-03-05,390,12006,12396
5086,2018-03-06,357,12459,12816
5086,2018-03-07,346,12357,12703
5086,2018-03-08,378,12132,12510
5086,2018-03-09,336,13156,13492
5086,2018-03-10,133,8817,8950
5086,2018-03-11,29,6182,6211
5086,2018-03-12,390,11600,11990
5086,2018-03-13,371,12665,13036
5086,2018-03-14,406,12177,12583
5086,2018-03-16,345,13309,13654
5086,2018-03-17,140,8878,9018
5086,2018-03-18,19,6167,6186
5086,2018-03-19,387,11838,12225
5086,2018-03-20,402,12666,13068
5086,2018-03-21,387,12086,12473
5086,2018-03-22,333,12336,12669
5086,2018-03-23,383,13377,13760
5086,2018-03-24,160,9810,9970
5086,2018-03-26,421,12648,13069
5086,2018-03-27,401,13378,13779
5086,2018-03-28,422,12592,13014
5086,2018-03-31,122,8314,8436
5086,2018-04-01,14,5686,5700
5086,2018-04-02,17,5601,5618
5086,2018-04-03,371,11799,12170
5086,2018-04-04,470,11644,12114
5086,2018-04-06,403,12505,12908
5086,2018-04-07,167,8409,8576
5086,2018-04-08,23,6263,6286
5086,2018-04-09,394,11296,11690
5086,2018-04-10,401,12057,12458
5086,2018-04-11,452,12081,12533
5086,2018-04-12,430,12276,12706
5086,2018-04-13,440,12721,13161
5086,2018-04-14,137,9259,9396
5086,2018-04-15,21,6476,6497
5086,2018-04-16,443,13518,13961
5086,2018-04-17,467,14619,15086
5086,2018-04-18,456,13768,14224
5086,2018-04-20,445,15333,15778
5086,2018-04-21,174,10004,10178
5086,2018-04-22,31,7038,7069
5086,2018-04-23,393,13263,13656
5086,2018-04-24,410,13853,14263
5086,2018-04-25,471,13524,13995
5086,2018-04-26,421,14028,14449
5086,2018-04-27,466,14672,15138
5086,2018-04-28,146,9872,10018
5086,2018-04-29,78,6434,6512
5086,2018-04-30,326,11394,11720
5086,2018-05-01,31,5702,5733
5086,2018-05-02,570,14260,14830
5086,2018-05-04,500,15519,16019
5086,2018-05-05,178,10249,10427
5086,2018-05-06,38,7232,7270
5086,2018-05-07,433,13659,14092
5086,2018-05-08,392,14322,14714
5086,2018-05-09,403,14491,14894
5086,2018-05-10,54,6248,6302
5086,2018-05-11,346,12157,12503
5086,2018-05-12,158,9502,9660
5086,2018-05-13,106,6192,6298
5086,2018-05-14,412,13357,13769
5086,2018-05-15,398,14066,14464
5086,2018-05-16,446,13819,14265
5086,2018-05-18,448,14481,14929
5086,2018-05-19,146,9181,9327
5086,2018-05-20,52,6773,6825
5086,2018-05-21,43,5393,5436
5086,2018-05-22,440,12382,12822
5086,2018-05-23,404,11882,12286
5086,2018-05-24,390,12723,13113
5086,2018-05-25,394,13413,13807
5086,2018-05-26,216,9301,9517
5086,2018-05-27,33,6367,6400
5086,2018-05-28,405,13273,13678
5086,2018-05-29,462,13516,13978
5086,2018-05-30,416,13628,14044
5086,2018-06-01,545,14724,15269
5086,2018-06-02,180,10490,10670
5086,2018-06-03,47,8764,8811
5086,2018-06-04,447,13323,13770
5086,2018-06-05,451,14363,14814
5086,2018-06-06,457,13496,13953
5086,2018-06-07,516,13736,14252
5086,2018-06-08,449,14798,15247
5086,2018-06-09,168,10412,10580
5086,2018-06-10,38,7746,7784
5086,2018-06-11,448,13420,13868
5086,2018-06-12,447,13824,14271
5086,2018-06-13,504,13717,14221
5086,2018-06-15,420,14570,14990
5086,2018-06-16,168,9261,9429
5086,2018-06-17,55,6382,6437
5086,2018-06-18,423,12947,13370
5086,2018-06-19,458,13701,14159
5086,2018-06-20,496,13473,13969
5086,2018-06-21,489,13996,14485
5086,2018-06-22,505,14393,14898
5086,2018-06-23,48,6916,6964
5086,2018-06-24,52,8568,8620
5086,2018-06-25,492,12894,13386
5086,2018-06-26,471,13959,14430
5086,2018-06-27,475,13269,13744
5086,2018-06-28,472,14807,15279
5086,2018-06-30,161,10444,10605
5086,2018-07-01,33,7895,7928
5086,2018-07-02,434,13298,13732
5086,2018-07-03,417,13680,14097
5086,2018-07-04,522,12894,13416
5086,2018-07-05,411,13927,14338
5086,2018-07-06,422,13920,14342
5086,2018-07-07,167,9783,9950
5086,2018-07-08,43,7364,7407
5086,2018-07-09,458,13138,13596
5086,2018-07-10,531,14075,14606
5086,2018-07-11,497,13427,13924
5086,2018-07-12,509,13866,14375
5086,2018-07-14,168,10108,10276
5086,2018-07-15,50,7622,7672
5086,2018-07-16,460,12946,13406
5086,2018-07-17,449,13153,13602
5086,2018-07-18,483,13410,13893
5086,2018-07-19,467,13890,14357
5086,2018-07-20,456,13903,14359
5086,2018-07-21,182,10228,10410
5086,2018-07-22,49,7007,7056
5086,2018-07-23,425,12539,12964
5086,2018-07-24,436,12668,13104
5086,2018-07-25,414,12311,12725
5086,2018-07-26,406,12493,12899
5086,2018-07-28,151,8104,8255
5086,2018-07-29,37,6259,6296
5086,2018-07-30,235,10701,10936
5086,2018-07-31,248,11219,11467
5086,2018-08-01,249,10890,11139
5086,2018-08-02,248,10909,11157
5086,2018-08-03,227,11102,11329
5086,2018-08-04,123,7859,7982
5086,2018-08-05,28,6363,6391
5086,2018-08-06,235,9936,10171
5086,2018-08-07,256,9732,9988
5086,2018-08-08,268,9982,10250
5086,2018-08-09,223,10313,10536
5086,2018-08-11,119,7522,7641
5086,2018-08-12,25,5773,5798
5086,2018-08-13,220,9432,9652
5086,2018-08-14,217,9985,10202
5086,2018-08-15,31,5591,5622
5086,2018-08-16,222,10019,10241
5086,2018-08-17,192,10110,10302
5086,2018-08-18,119,7569,7688
5086,2018-08-19,30,5751,5781
5086,2018-08-20,268,10549,10817
5086,2018-08-21,272,11147,11419
5086,2018-08-22,307,10849,11156
5086,2018-08-23,288,11244,11532
5086,2018-08-24,317,11472,11789
5086,2018-08-25,126,7870,7996
5086,2018-08-26,46,5989,6035
5086,2018-08-27,304,11076,11380
5086,2018-08-28,371,11628,11999
5086,2018-08-29,412,11444,11856
5086,2018-08-30,295,11586,11881
5086,2018-08-31,362,12056,12418
5086,2018-09-01,208,8389,8597
5086,2018-09-02,29,6291,6320
5086,2018-09-03,332,11462,11794
5086,2018-09-04,371,11910,12281
5086,2018-09-05,430,11754,12184
5086,2018-09-06,364,12426,12790
5086,2018-09-08,158,8784,8942
5086,2018-09-09,37,6805,6842
5086,2018-09-10,368,12314,12682
5086,2018-09-11,421,12956,13377
5086,2018-09-12,394,12910,13304
5086,2018-09-13,377,13188,13565
5086,2018-09-14,397,13574,13971
5086,2018-09-15,154,10331,10485
5086,2018-09-16,41,8648,8689
5086,2018-09-17,419,14095,14514
5086,2018-09-18,409,15061,15470
5086,2018-09-19,446,14405,14851
5086,2018-09-20,435,14753,15188
5086,2018-09-22,164,9272,9436
5086,2018-09-23,22,6262,6284
5086,2018-09-24,402,13821,14223
5086,2018-09-25,412,14533,14945
5086,2018-09-26,402,14281,14683
5086,2018-09-27,384,14048,14432
5086,2018-09-28,432,15277,15709
5086,2018-09-29,151,9860,10011
5086,2018-09-30,26,7582,7608
5086,2018-10-01,520,14784,15304
5086,2018-10-02,439,13899,14338
5086,2018-10-03,464,13641,14105
5086,2018-10-04,445,13874,14319
5086,2018-10-05,466,14525,14991
5086,2018-10-07,34,7026,7060
5086,2018-10-08,417,13236,13653
5086,2018-10-09,403,13820,14223
5086,2018-10-10,429,13472,13901
5086,2018-10-11,396,13796,14192
5086,2018-10-12,425,14277,14702
5086,2018-10-13,132,9784,9916
5086,2018-10-14,23,6816,6839
5086,2018-10-15,463,13195,13658
5086,2018-10-16,461,13789,14250
5086,2018-10-17,493,13465,13958
5086,2018-10-18,496,14198,14694
5086,2018-10-19,510,14254,14764
5086,2018-10-21,31,7647,7678
5086,2018-10-22,375,11461,11836
5086,2018-10-23,498,13941,14439
5086,2018-10-24,488,13514,14002
5086,2018-10-25,500,14057,14557
5086,2018-10-26,543,14207,14750
5086,2018-10-27,188,9784,9972
5086,2018-10-28,17,6523,6540
5086,2018-10-29,502,12510,13012
5086,2018-10-30,530,12056,12586
5086,2018-10-31,371,13105,13476
5086,2018-11-01,32,5955,5987
5086,2018-11-02,285,10613,10898
5086,2018-11-04,32,6480,6512
5086,2018-11-05,446,13444,13890
5086,2018-11-06,426,14348,14774
5086,2018-11-07,423,13954,14377
5086,2018-11-08,484,14752,15236
5086,2018-11-09,452,14723,15175
5086,2018-11-10,148,9316,9464
5086,2018-11-11,99,6111,6210
5086,2018-11-12,470,13891,14361
5086,2018-11-13,413,14343,14756
5086,2018-11-14,426,14045,14471
5086,2018-11-15,425,14319,14744
5086,2018-11-16,436,15174,15610
5086,2018-11-18,35,7676,7711
5086,2018-11-19,361,12840,13201
5086,2018-11-20,353,13267,13620
5086,2018-11-21,454,13415,13869
5086,2018-11-22,391,13896,14287
5086,2018-11-23,391,14330,14721
5086,2018-11-24,143,9925,10068
5086,2018-11-25,18,6754,6772
5086,2018-11-26,396,13406,13802
5086,2018-11-27,413,14073,14486
5086,2018-11-28,352,13625,13977
5086,2018-11-29,443,13879,14322
5086,2018-11-30,373,14350,14723
5086,2018-12-01,176,11416,11592
5086,2018-12-02,24,7510,7534
5086,2018-12-03,396,13142,13538
5086,2018-12-04,442,13860,14302
5086,2018-12-05,444,13533,13977
5086,2018-12-06,382,13260,13642
5086,2018-12-07,350,13840,14190
5086,2018-12-09,10,6034,6044
5086,2018-12-10,423,13350,13773
5086,2018-12-11,383,13777,14160
5086,2018-12-12,401,13165,13566
5086,2018-12-13,392,13846,14238
5086,2018-12-14,378,13930,14308
5086,2018-12-15,145,9845,9990
5086,2018-12-16,25,5734,5759
5086,2018-12-17,351,12766,13117
5086,2018-12-18,380,13685,14065
5086,2018-12-19,358,13302,13660
5086,2018-12-20,416,13370,13786
5086,2018-12-21,312,13295,13607
5086,2018-12-22,112,8746,8858
5086,2018-12-23,33,5789,5822
5086,2018-12-24,138,8310,8448
5086,2018-12-25,15,5176,5191
5086,2018-12-26,14,4899,4913
5086,2018-12-27,166,8863,9029
5086,2018-12-28,162,9011,9173
5086,2018-12-29,115,7242,7357
5086,2018-12-30,17,5449,5466
5086,2018-12-31,115,7952,8067
5088,2018-01-01,8,986,994
5088,2018-01-02,128,2780,2908
5088,2018-01-03,98,2526,2624
5088,2018-01-05,119,3033,3152
5088,2018-01-06,77,2403,2480
5088,2018-01-07,19,1754,1773
5088,2018-01-08,142,3059,3201
5088,2018-01-09,174,3287,3461
5088,2018-01-10,151,3162,3313
5088,2018-01-11,180,3243,3423
5088,2018-01-12,151,3339,3490
5088,2018-01-13,94,2681,2775
5088,2018-01-14,16,2324,2340
5088,2018-01-15,151,3053,3204
5088,2018-01-16,191,3298,3489
5088,2018-01-17,167,3302,3469
5088,2018-01-19,164,3356,3520
5088,2018-01-20,71,2140,2211
5088,2018-01-21,17,1768,1785
5088,2018-01-22,156,3052,3208
5088,2018-01-23,168,3367,3535
5088,2018-01-24,153,3329,3482
5088,2018-01-25,142,3309,3451
5088,2018-01-26,163,3301,3464
5088,2018-01-27,80,2529,2609
5088,2018-01-28,14,1914,1928
5088,2018-01-29,164,3145,3309
5088,2018-01-30,183,3372,3555
5088,2018-01-31,130,3232,3362
5088,2018-02-02,170,3384,3554
5088,2018-02-03,103,2571,2674
5088,2018-02-04,21,1919,1940
5088,2018-02-05,198,2931,3129
5088,2018-02-06,170,2788,2958
5088,2018-02-07,152,2837,2989
5088,2018-02-08,155,2944,3099
5088,2018-02-09,155,2923,3078
5088,2018-02-10,87,2210,2297
5088,2018-02-11,25,1557,1582
5088,2018-02-12,133,2354,2487
5088,2018-02-13,170,2777,2947
5088,2018-02-14,169,2929,3098
5088,2018-02-16,164,2887,3051
5088,2018-02-17,91,2361,2452
5088,2018-02-18,22,2024,2046
5088,2018-02-19,220,3168,3388
5088,2018-02-20,219,3369,3588
5088,2018-02-21,214,3511,3725
5088,2018-02-22,217,3611,3828
5088,2018-02-23,200,3626,3826
5088,2018-02-24,96,2933,3029
5088,2018-02-25,16,2236,2252
5088,2018-02-26,232,3375,3607
5088,2018-02-27,232,3340,3572
5088,2018-02-28,199,3544,3743
5088,2018-03-02,168,3005,3173
5088,2018-03-03,88,2721,2809
5088,2018-03-04,27,2109,2136
5088,2018-03-05,193,3386,3579
5088,2018-03-06,196,3556,3752
5088,2018-03-07,169,3498,3667
5088,2018-03-08,202,3420,3622
5088,2018-03-09,161,3420,3581
5088,2018-03-10,94,3055,3149
5088,2018-03-11,20,2362,2382
5088,2018-03-12,193,3295,3488
5088,2018-03-13,194,3594,3788
5088,2018-03-14,217,3758,3975
5088,2018-03-16,214,3695,3909
5088,2018-03-17,108,3088,3196
5088,2018-03-18,24,2000,2024
5088,2018-03-19,206,3413,3619
5088,2018-03-20,206,3550,3756
5088,2018-03-21,187,3741,3928
5088,2018-03-22,182,3439,3621
5088,2018-03-23,200,3709,3909
5088,2018-03-24,92,3450,3542
5088,2018-03-26,226,3751,3977
5088,2018-03-27,192,3894,4086
5088,2018-03-28,218,3875,4093
5088,2018-03-31,94,3300,3394
5088,2018-04-01,42,2380,2422
5088,2018-04-02,20,2384,2404
5088,2018-04-03,189,3453,3642
5088,2018-04-04,199,3428,3627
5088,2018-04-06,234,3906,4140
5088,2018-04-07,116,3395,3511
5088,2018-04-08,23,3058,3081
5088,2018-04-09,205,3530,3735
5088,2018-04-10,224,3607,3831
5088,2018-04-11,191,3911,4102
5088,2018-04-12,221,3821,4042
5088,2018-04-13,244,3871,4115
5088,2018-04-14,104,3309,3413
5088,2018-04-15,23,2838,2861
5088,2018-04-16,188,3718,3906
5088,2018-04-17,208,4156,4364
5088,2018-04-18,242,4132,4374
5088,2018-04-20,221,4269,4490
5088,2018-04-21,154,4016,4170
5088,2018-04-22,26,3587,3613
5088,2018-04-23,208,3889,4097
5088,2018-04-24,277,4077,4354
5088,2018-04-25,230,3831,4061
5088,2018-04-26,232,4173,4405
5088,2018-04-27,223,4196,4419
5088,2018-04-28,99,3486,3585
5088,2018-04-30,154,3494,3648
5088,2018-05-01,27,2697,2724
5088,2018-05-02,274,4037,4311
5088,2018-05-04,226,4199,4425
5088,2018-05-05,123,4029,4152
5088,2018-05-06,26,3717,3743
5088,2018-05-07,204,3355,3559
5088,2018-05-08,225,4005,4230
5088,2018-05-09,230,4080,4310
5088,2018-05-10,41,2606,2647
5088,2018-05-11,157,4334,4491
5088,2018-05-12,118,3819,3937
5088,2018-05-13,26,2754,2780
5088,2018-05-14,210,3568,3778
5088,2018-05-15,248,4176,4424
5088,2018-05-16,361,3938,4299
5088,2018-05-18,281,4131,4412
5088,2018-05-19,153,3597,3750
5088,2018-05-20,24,2606,2630
5088,2018-05-21,26,3476,3502
5088,2018-05-22,232,3548,3780
5088,2018-05-23,244,3826,4070
5088,2018-05-24,221,3785,4006
5088,2018-05-25,212,4026,4238
5088,2018-05-26,161,3596,3757
5088,2018-05-27,32,2851,2883
5088,2018-05-28,213,3958,4171
5088,2018-05-29,246,4119,4365
5088,2018-05-30,237,4222,4459
5088,2018-06-01,184,3456,3640
5088,2018-06-02,124,3281,3405
5088,2018-06-03,36,2587,2623
5088,2018-06-04,184,2756,2940
5088,2018-06-05,262,3232,3494
5088,2018-06-06,207,2979,3186
5088,2018-06-07,171,2946,3117
5088,2018-06-08,248,3122,3370
5088,2018-06-09,134,2956,3090
5088,2018-06-10,21,2388,2409
5088,2018-06-11,182,2556,2738
5088,2018-06-12,195,2779,2974
5088,2018-06-13,176,3021,3197
5088,2018-06-15,212,3138,3350
5088,2018-06-16,127,3114,3241
5088,2018-06-17,25,2788,2813
5088,2018-06-18,193,2810,3003
5088,2018-06-19,218,3650,3868
5088,2018-06-20,229,3695,3924
5088,2018-06-21,202,3976,4178
5088,2018-06-22,235,3898,4133
5088,2018-06-23,30,2468,2498
5088,2018-06-24,26,2787,2813
5088,2018-06-25,199,3774,3973
5088,2018-06-26,227,4057,4284
5088,2018-06-27,218,4010,4228
5088,2018-06-29,226,4130,4356
5088,2018-06-30,127,3484,3611
5088,2018-07-01,31,3297,3328
5088,2018-07-02,253,3720,3973
5088,2018-07-03,269,4128,4397
5088,2018-07-04,228,4034,4262
5088,2018-07-05,230,3935,4165
5088,2018-07-06,216,4051,4267
5088,2018-07-07,97,3602,3699
5088,2018-07-08,21,3682,3703
5088,2018-07-09,220,3858,4078
5088,2018-07-10,226,4080,4306
5088,2018-07-11,229,4132,4361
5088,2018-07-13,225,4227,4452
5088,2018-07-14,142,3879,4021
5088,2018-07-15,32,2748,2780
5088,2018-07-16,264,3799,4063
5088,2018-07-17,224,4173,4397
5088,2018-07-18,218,3713,3931
5088,2018-07-19,224,3980,4204
5088,2018-07-20,221,3878,4099
5088,2018-07-21,118,3523,3641
5088,2018-07-22,36,3105,3141
5088,2018-07-23,228,3840,4068
5088,2018-07-24,216,4010,4226
5088,2018-07-25,228,4164,4392
5088,2018-07-27,168,3815,3983
5088,2018-07-28,100,3487,3587
5088,2018-07-29,31,3182,3213
5088,2018-07-30,141,3669,3810
5088,2018-07-31,157,3942,4099
5088,2018-08-01,156,3740,3896
5088,2018-08-02,157,3828,3985
5088,2018-08-03,150,3765,3915
5088,2018-08-04,117,3331,3448
5088,2018-08-05,36,3139,3175
5088,2018-08-06,159,3459,3618
5088,2018-08-07,165,3663,3828
5088,2018-08-08,144,3666,3810
5088,2018-08-10,134,3713,3847
5088,2018-08-11,99,3107,3206
5088,2018-08-12,29,3146,3175
5088,2018-08-13,148,3111,3259
5088,2018-08-14,158,3428,3586
5088,2018-08-15,26,2899,2925
5088,2018-08-16,146,3616,3762
5088,2018-08-17,157,3524,3681
5088,2018-08-18,132,3051,3183
5088,2018-08-19,60,3060,3120
5088,2018-08-20,155,3394,3549
5088,2018-08-21,165,3754,3919
5088,2018-08-22,171,3778,3949
5088,2018-08-23,176,3868,4044
5088,2018-08-24,176,3574,3750
5088,2018-08-25,89,2967,3056
5088,2018-08-26,29,2822,2851
5088,2018-08-27,163,3314,3477
5088,2018-08-28,190,3747,3937
5088,2018-08-30,205,3677,3882
5088,2018-08-31,193,3742,3935
5088,2018-09-01,100,3265,3365
5088,2018-09-02,31,2916,2947
5088,2018-09-03,182,3382,3564
5088,2018-09-04,197,3734,3931
5088,2018-09-05,230,3722,3952
5088,2018-09-07,199,3840,4039
5088,2018-09-08,106,3463,3569
5088,2018-09-09,29,3213,3242
5088,2018-09-10,200,3650,3850
5088,2018-09-11,228,4063,4291
5088,2018-09-12,216,4076,4292
5088,2018-09-13,242,3963,4205
5088,2018-09-14,215,4100,4315
5088,2018-09-15,116,3523,3639
5088,2018-09-16,37,3246,3283
5088,2018-09-17,206,3677,3883
5088,2018-09-18,240,4260,4500
5088,2018-09-19,262,4093,4355
5088,2018-09-21,196,4133,4329
5088,2018-09-22,124,4095,4219
5088,2018-09-24,226,4047,4273
5088,2018-09-25,231,4314,4545
5088,2018-09-26,245,4196,4441
5088,2018-09-27,223,3952,4175
5088,2018-09-28,186,3728,3914
5088,2018-09-29,116,3492,3608
5088,2018-09-30,30,3468,3498
5088,2018-10-01,210,3747,3957
5088,2018-10-02,221,3910,4131
5088,2018-10-03,212,4103,4315
5088,2018-10-05,219,4452,4671
5088,2018-10-06,112,3728,3840
5088,2018-10-07,27,2975,3002
5088,2018-10-08,235,3934,4169
5088,2018-10-09,225,4281,4506
5088,2018-10-10,222,4302,4524
5088,2018-10-11,205,4236,4441
5088,2018-10-12,240,4362,4602
5088,2018-10-13,113,3927,4040
5088,2018-10-14,26,3640,3666
5088,2018-10-15,230,3943,4173
5088,2018-10-16,206,4070,4276
5088,2018-10-17,244,4204,4448
5088,2018-10-19,244,4085,4329
5088,2018-10-20,112,3390,3502
5088,2018-10-21,23,3084,3107
5088,2018-10-22,268,3591,3859
5088,2018-10-23,243,3847,4090
5088,2018-10-24,172,1286,1458
5088,2018-10-25,106,858,964
5088,2018-10-26,200,3654,3854
5088,2018-10-27,129,3147,3276
5088,2018-10-28,22,2238,2260
5088,2018-10-29,222,3542,3764
5088,2018-10-30,168,2798,2966
5088,2018-10-31,217,3886,4103
5088,2018-11-02,156,3480,3636
5088,2018-11-03,132,3109,3241
5088,2018-11-04,22,2678,2700
5088,2018-11-05,211,3606,3817
5088,2018-11-06,221,3935,4156
5088,2018-11-07,241,3841,4082
5088,2018-11-08,243,4020,4263
5088,2018-11-09,234,4075,4309
5088,2018-11-10,105,2790,2895
5088,2018-11-11,19,2299,2318
5088,2018-11-12,228,3934,4162
5088,2018-11-13,225,3805,4030
5088,2018-11-14,207,3993,4200
5088,2018-11-16,227,4075,4302
5088,2018-11-17,164,3474,3638
5088,2018-11-18,25,2565,2590
5088,2018-11-19,230,3706,3936
5088,2018-11-20,215,3708,3923
5088,2018-11-21,230,3917,4147
5088,2018-11-22,220,3939,4159
5088,2018-11-23,255,4080,4335
5088,2018-11-24,104,3250,3354
5088,2018-11-25,32,2322,2354
5088,2018-11-26,196,3670,3866
5088,2018-11-27,238,3834,4072
5088,2018-11-28,189,3279,3468
5088,2018-11-29,213,3865,4078
5088,2018-11-30,257,3906,4163
5088,2018-12-01,96,3122,3218
5088,2018-12-02,33,2140,2173
5088,2018-12-04,228,3752,3980
5088,2018-12-05,250,3901,4151
5088,2018-12-07,170,3674,3844
5088,2018-12-08,88,2888,2976
5088,2018-12-09,18,2322,2340
5088,2018-12-10,197,3751,3948
5088,2018-12-11,210,3775,3985
5088,2018-12-12,189,3880,4069
5088,2018-12-13,191,4017,4208
5088,2018-12-14,224,4080,4304
5088,2018-12-15,103,3146,3249
5088,2018-12-16,20,2000,2020
5088,2018-12-17,181,3706,3887
5088,2018-12-18,218,3866,4084
5088,2018-12-19,180,3839,4019
5088,2018-12-20,173,3952,4125
5088,2018-12-21,124,3456,3580
5088,2018-12-22,89,2564,2653
5088,2018-12-23,12,1838,1850
5088,2018-12-24,110,2590,2700
5088,2018-12-25,14,1904,1918
5088,2018-12-26,20,1864,1884
5088,2018-12-27,134,2782,2916
5088,2018-12-28,140,2856,2996
5088,2018-12-29,100,2357,2457
5088,2018-12-30,14,1760,1774
5088,2018-12-31,113,2487,2600
5092,2018-01-01,60,12690,12750
5092,2018-01-02,835,22970,23805
5092,2018-01-03,1036,24109,25145
5092,2018-01-05,1070,26466,27536
5092,2018-01-06,318,18960,19278
5092,2018-01-07,85,14865,14950
5092,2018-01-08,1513,27923,29436
5092,2018-01-09,1726,29500,31226
5092,2018-01-10,1699,28882,30581
5092,2018-01-11,1797,30219,32016
5092,2018-01-12,1786,31326,33112
5092,2018-01-13,364,21514,21878
5092,2018-01-14,110,17360,17470
5092,2018-01-15,1763,28359,30122
5092,2018-01-16,1867,29602,31469
5092,2018-01-17,1772,29314,31086
5092,2018-01-19,1804,30733,32537
5092,2018-01-20,353,19158,19511
5092,2018-01-21,108,15950,16058
5092,2018-01-22,1809,28342,30151
5092,2018-01-23,1939,29890,31829
5092,2018-01-24,1892,29157,31049
5092,2018-01-25,1803,29813,31616
5092,2018-01-26,1727,31067,32794
5092,2018-01-27,326,22207,22533
5092,2018-01-28,96,17263,17359
5092,2018-01-29,1801,29392,31193
5092,2018-01-30,1830,30603,32433
5092,2018-01-31,1839,29738,31577
5092,2018-02-02,1826,30262,32088
5092,2018-02-03,351,21637,21988
5092,2018-02-04,131,16247,16378
5092,2018-02-05,1768,28670,30438
5092,2018-02-06,1793,28040,29833
5092,2018-02-07,1771,29370,31141
5092,2018-02-08,1743,29939,31682
5092,2018-02-09,1707,29338,31045
5092,2018-02-10,327,18200,18527
5092,2018-02-11,135,14147,14282
5092,2018-02-12,1518,23277,24795
5092,2018-02-13,1694,26449,28143
5092,2018-02-14,1836,27563,29399
5092,2018-02-16,1671,27736,29407
5092,2018-02-17,329,19213,19542
5092,2018-02-18,101,15628,15729
5092,2018-02-19,1767,29050,30817
5092,2018-02-20,1907,30194,32101
5092,2018-02-21,1950,30304,32254
5092,2018-02-22,1930,31200,33130
5092,2018-02-23,1846,31965,33811
5092,2018-02-24,404,22665,23069
5092,2018-02-25,97,17952,18049
5092,2018-02-26,1784,29107,30891
5092,2018-02-27,1773,30010,31783
5092,2018-02-28,1753,30183,31936
5092,2018-03-02,1641,27458,29099
5092,2018-03-03,426,20688,21114
5092,2018-03-04,177,16451,16628
5092,2018-03-05,1846,29990,31836
5092,2018-03-06,2069,31353,33422
5092,2018-03-07,2047,30195,32242
5092,2018-03-08,1886,30593,32479
5092,2018-03-09,1854,31616,33470
5092,2018-03-10,433,22508,22941
5092,2018-03-11,208,18139,18347
5092,2018-03-12,2058,27711,29769
5092,2018-03-13,1994,25980,27974
5092,2018-03-14,2238,28602,30840
5092,2018-03-16,2098,31679,33777
5092,2018-03-17,511,22484,22995
5092,2018-03-18,188,16586,16774
5092,2018-03-19,2188,29506,31694
5092,2018-03-20,2207,31395,33602
5092,2018-03-21,2132,31310,33442
5092,2018-03-22,2106,30846,32952
5092,2018-03-23,2101,32056,34157
5092,2018-03-24,482,24315,24797
5092,2018-03-26,1408,22595,24003
5092,2018-03-27,2116,31394,33510
5092,2018-03-28,2272,31420,33692
5092,2018-03-31,408,20542,20950
5092,2018-04-01,95,16809,16904
5092,2018-04-02,131,15694,15825
5092,2018-04-03,1954,26669,28623
5092,2018-04-04,2142,28260,30402
5092,2018-04-06,2077,29388,31465
5092,2018-04-07,471,20930,21401
5092,2018-04-08,232,17510,17742
5092,2018-04-09,2125,27001,29126
5092,2018-04-10,2180,27751,29931
5092,2018-04-11,2252,27131,29383
5092,2018-04-12,2178,27108,29286
5092,2018-04-13,2193,26983,29176
5092,2018-04-14,475,21879,22354
5092,2018-04-15,146,18206,18352
5092,2018-04-16,2068,30682,32750
5092,2018-04-17,2005,32172,34177
5092,2018-04-18,2184,31368,33552
5092,2018-04-20,1959,33261,35220
5092,2018-04-21,595,25118,25713
5092,2018-04-22,163,19814,19977
5092,2018-04-23,2134,30941,33075
5092,2018-04-24,2299,32337,34636
5092,2018-04-25,2183,32247,34430
5092,2018-04-26,2172,32949,35121
5092,2018-04-27,2077,33304,35381
5092,2018-04-28,486,23500,23986
5092,2018-04-29,148,18309,18457
5092,2018-04-30,1457,26661,28118
5092,2018-05-01,214,16089,16303
5092,2018-05-02,2232,32587,34819
5092,2018-05-04,2199,34510,36709
5092,2018-05-05,579,24779,25358
5092,2018-05-06,229,21305,21534
5092,2018-05-07,2014,30052,32066
5092,2018-05-08,2052,31027,33079
5092,2018-05-09,1976,29518,31494
5092,2018-05-10,218,18420,18638
5092,2018-05-11,1625,28353,29978
5092,2018-05-12,457,21838,22295
5092,2018-05-13,227,17603,17830
5092,2018-05-14,2211,31026,33237
5092,2018-05-15,2184,32248,34432
5092,2018-05-16,2301,32594,34895
5092,2018-05-18,2212,33425,35637
5092,2018-05-19,595,22504,23099
5092,2018-05-20,149,17057,17206
5092,2018-05-21,183,15998,16181
5092,2018-05-22,2176,29440,31616
5092,2018-05-23,2251,29801,32052
5092,2018-05-24,2246,29903,32149
5092,2018-05-25,2283,30684,32967
5092,2018-05-26,592,22366,22958
5092,2018-05-27,141,17529,17670
5092,2018-05-28,2075,30674,32749
5092,2018-05-29,2288,31829,34117
5092,2018-05-30,2274,32786,35060
5092,2018-06-01,2110,31298,33408
5092,2018-06-02,498,11245,11743
5092,2018-06-03,159,15178,15337
5092,2018-06-04,2176,31171,33347
5092,2018-06-05,2251,32388,34639
5092,2018-06-06,2008,27064,29072
5092,2018-06-07,2258,32266,34524
5092,2018-06-08,2134,33092,35226
5092,2018-06-09,455,22884,23339
5092,2018-06-10,161,19155,19316
5092,2018-06-11,2010,30264,32274
5092,2018-06-12,1972,31760,33732
5092,2018-06-13,2234,31876,34110
5092,2018-06-15,2040,30992,33032
5092,2018-06-16,786,10618,11404
5092,2018-06-17,111,9360,9471
5092,2018-06-18,2189,30865,33054
5092,2018-06-19,2273,31984,34257
5092,2018-06-20,2427,32558,34985
5092,2018-06-21,1996,26251,28247
5092,2018-06-22,2284,32283,34567
5092,2018-06-23,254,18859,19113
5092,2018-06-24,182,18630,18812
5092,2018-06-25,2273,30994,33267
5092,2018-06-26,2311,32937,35248
5092,2018-06-27,2252,32185,34437
5092,2018-06-29,2218,34301,36519
5092,2018-06-30,552,25730,26282
5092,2018-07-01,182,23025,23207
5092,2018-07-02,2335,31800,34135
5092,2018-07-03,2281,31960,34241
5092,2018-07-04,2450,32533,34983
5092,2018-07-05,2372,33175,35547
5092,2018-07-06,2148,32348,34496
5092,2018-07-07,493,22166,22659
5092,2018-07-08,196,19122,19318
5092,2018-07-09,2411,31997,34408
5092,2018-07-10,2567,33693,36260
5092,2018-07-11,2517,32566,35083
5092,2018-07-13,2240,34752,36992
5092,2018-07-14,454,24097,24551
5092,2018-07-15,213,20518,20731
5092,2018-07-16,2251,30931,33182
5092,2018-07-17,2300,31533,33833
5092,2018-07-18,2199,31572,33771
5092,2018-07-19,2282,31972,34254
5092,2018-07-20,2158,32278,34436
5092,2018-07-21,441,23294,23735
5092,2018-07-22,195,19350,19545
5092,2018-07-23,2146,29503,31649
5092,2018-07-24,2257,30761,33018
5092,2018-07-25,2276,30523,32799
5092,2018-07-27,1523,29511,31034
5092,2018-07-28,363,20288,20651
5092,2018-07-29,170,17833,18003
5092,2018-07-30,1333,26817,28150
5092,2018-07-31,1438,27444,28882
5092,2018-08-01,1354,27225,28579
5092,2018-08-02,1358,27213,28571
5092,2018-08-03,1258,27451,28709
5092,2018-08-04,345,18795,19140
5092,2018-08-05,155,17043,17198
5092,2018-08-06,1202,24674,25876
5092,2018-08-07,1229,24689,25918
5092,2018-08-08,1238,24647,25885
5092,2018-08-09,1266,25085,26351
5092,2018-08-10,1248,26053,27301
5092,2018-08-11,375,18228,18603
5092,2018-08-12,146,15744,15890
5092,2018-08-13,1272,23647,24919
5092,2018-08-14,1302,24616,25918
5092,2018-08-15,206,15667,15873
5092,2018-08-16,1375,24676,26051
5092,2018-08-17,1250,24793,26043
5092,2018-08-18,370,17863,18233
5092,2018-08-19,141,16113,16254
5092,2018-08-20,1891,25965,27856
5092,2018-08-21,1927,27255,29182
5092,2018-08-22,1921,27496,29417
5092,2018-08-23,1922,28333,30255
5092,2018-08-24,1942,28729,30671
5092,2018-08-25,475,19322,19797
5092,2018-08-26,235,17003,17238
5092,2018-08-27,2239,28491,30730
5092,2018-08-28,2404,30652,33056
5092,2018-08-29,2339,26250,28589
5092,2018-08-30,2379,30509,32888
5092,2018-08-31,2223,31160,33383
5092,2018-09-01,679,21102,21781
5092,2018-09-02,275,19332,19607
5092,2018-09-03,2268,28947,31215
5092,2018-09-04,2404,29627,32031
5092,2018-09-05,2336,28400,30736
5092,2018-09-07,2341,32722,35063
5092,2018-09-08,646,23426,24072
5092,2018-09-09,312,20331,20643
5092,2018-09-10,2157,32477,34634
5092,2018-09-11,2448,34212,36660
5092,2018-09-12,2418,32988,35406
5092,2018-09-13,2473,33671,36144
5092,2018-09-14,2226,33518,35744
5092,2018-09-15,591,23575,24166
5092,2018-09-16,293,20234,20527
5092,2018-09-17,2195,33254,35449
5092,2018-09-18,2434,34392,36826
5092,2018-09-19,2295,34176,36471
5092,2018-09-21,2369,33456,35825
5092,2018-09-22,284,11305,11589
5092,2018-09-23,138,11865,12003
5092,2018-09-24,2210,32943,35153
5092,2018-09-25,2311,34031,36342
5092,2018-09-26,2197,33830,36027
5092,2018-09-27,2210,34011,36221
5092,2018-09-28,2344,36342,38686
5092,2018-09-29,634,24048,24682
5092,2018-09-30,321,20939,21260
5092,2018-10-01,1923,25092,27015
5092,2018-10-02,2203,28710,30913
5092,2018-10-03,2263,30041,32304
5092,2018-10-05,2569,31573,34142
5092,2018-10-06,578,24645,25223
5092,2018-10-07,153,20289,20442
5092,2018-10-08,2382,32232,34614
5092,2018-10-09,2350,33219,35569
5092,2018-10-10,2124,27148,29272
5092,2018-10-11,2236,33576,35812
5092,2018-10-12,2133,34479,36612
5092,2018-10-13,461,24378,24839
5092,2018-10-14,149,19803,19952
5092,2018-10-15,2254,31728,33982
5092,2018-10-16,2169,31131,33300
5092,2018-10-17,2301,33296,35597
5092,2018-10-19,2234,33861,36095
5092,2018-10-20,473,24656,25129
5092,2018-10-21,198,20829,21027
5092,2018-10-22,2229,31954,34183
5092,2018-10-23,2414,33411,35825
5092,2018-10-24,2316,33773,36089
5092,2018-10-25,2316,34612,36928
5092,2018-10-26,2339,33687,36026
5092,2018-10-27,560,23080,23640
5092,2018-10-28,115,18014,18129
5092,2018-10-29,2207,31409,33616
5092,2018-10-30,2178,30615,32793
5092,2018-10-31,2209,33199,35408
5092,2018-11-02,1441,26980,28421
5092,2018-11-03,405,21653,22058
5092,2018-11-04,133,18447,18580
5092,2018-11-05,2111,32123,34234
5092,2018-11-06,2265,32981,35246
5092,2018-11-07,2309,33303,35612
5092,2018-11-08,2257,34239,36496
5092,2018-11-09,2191,32779,34970
5092,2018-11-10,376,10363,10739
5092,2018-11-11,120,8307,8427
5092,2018-11-12,2083,31392,33475
5092,2018-11-13,2193,32908,35101
5092,2018-11-14,2118,26149,28267
5092,2018-11-16,2211,32853,35064
5092,2018-11-17,454,11228,11682
5092,2018-11-18,68,9003,9071
5092,2018-11-19,2116,31073,33189
5092,2018-11-20,2193,32356,34549
5092,2018-11-21,2094,32588,34682
5092,2018-11-22,2269,33034,35303
5092,2018-11-23,2104,32834,34938
5092,2018-11-24,502,23636,24138
5092,2018-11-25,129,19386,19515
5092,2018-11-26,2150,32105,34255
5092,2018-11-27,2327,33569,35896
5092,2018-11-28,2219,32684,34903
5092,2018-11-29,2251,32596,34847
5092,2018-11-30,2078,33732,35810
5092,2018-12-01,443,23421,23864
5092,2018-12-02,123,17662,17785
5092,2018-12-03,1998,31299,33297
5092,2018-12-04,2126,33079,35205
5092,2018-12-05,2211,32891,35102
5092,2018-12-07,1935,28555,30490
5092,2018-12-08,471,22862,23333
5092,2018-12-09,126,17460,17586
5092,2018-12-10,1984,32039,34023
5092,2018-12-11,2134,32482,34616
5092,2018-12-12,2165,32857,35022
5092,2018-12-13,2186,33726,35912
5092,2018-12-14,2096,34102,36198
5092,2018-12-15,473,24643,25116
5092,2018-12-16,172,17039,17211
5092,2018-12-17,2064,31341,33405
5092,2018-12-18,1981,27994,29975
5092,2018-12-19,1993,32731,34724
5092,2018-12-20,1893,33068,34961
5092,2018-12-21,1545,32425,33970
5092,2018-12-22,337,21148,21485
5092,2018-12-23,84,15651,15735
5092,2018-12-24,529,19296,19825
5092,2018-12-25,51,14910,14961
5092,2018-12-26,105,14209,14314
5092,2018-12-27,780,21721,22501
5092,2018-12-28,796,22314,23110
5092,2018-12-29,241,17547,17788
5092,2018-12-30,73,14127,14200
5092,2018-12-31,487,18057,18544
5093,2018-01-01,34,4090,4124
5093,2018-01-02,233,7779,8012
5093,2018-01-03,238,8118,8356
5093,2018-01-05,217,9083,9300
5093,2018-01-06,118,6800,6918
5093,2018-01-07,47,5095,5142
5093,2018-01-08,337,8598,8935
5093,2018-01-09,290,9513,9803
5093,2018-01-10,288,9564,9852
5093,2018-01-11,304,9032,9336
5093,2018-01-12,292,9915,10207
5093,2018-01-13,138,7850,7988
5093,2018-01-14,38,5839,5877
5093,2018-01-15,296,8582,8878
5093,2018-01-16,322,9278,9600
5093,2018-01-17,308,9130,9438
5093,2018-01-19,370,9896,10266
5093,2018-01-20,131,7302,7433
5093,2018-01-21,42,5407,5449
5093,2018-01-22,273,8945,9218
5093,2018-01-23,359,9141,9500
5093,2018-01-24,366,9268,9634
5093,2018-01-25,270,9096,9366
5093,2018-01-26,306,9829,10135
5093,2018-01-27,133,8345,8478
5093,2018-01-28,53,5857,5910
5093,2018-01-29,293,9075,9368
5093,2018-01-30,406,9336,9742
5093,2018-01-31,304,9062,9366
5093,2018-02-02,298,9609,9907
5093,2018-02-03,145,8014,8159
5093,2018-02-04,49,6169,6218
5093,2018-02-05,275,8969,9244
5093,2018-02-06,264,8891,9155
5093,2018-02-07,275,9183,9458
5093,2018-02-08,314,9390,9704
5093,2018-02-09,262,9550,9812
5093,2018-02-10,127,6646,6773
5093,2018-02-11,33,4574,4607
5093,2018-02-12,212,7800,8012
5093,2018-02-13,242,8426,8668
5093,2018-02-14,270,8860,9130
5093,2018-02-16,243,8992,9235
5093,2018-02-17,150,6765,6915
5093,2018-02-18,51,5542,5593
5093,2018-02-19,305,9387,9692
5093,2018-02-20,301,9563,9864
5093,2018-02-21,351,9502,9853
5093,2018-02-22,368,9333,9701
5093,2018-02-23,352,10066,10418
5093,2018-02-24,142,7859,8001
5093,2018-02-25,50,5568,5618
5093,2018-02-26,319,8980,9299
5093,2018-02-27,339,9270,9609
5093,2018-02-28,312,9419,9731
5093,2018-03-02,269,9017,9286
5093,2018-03-03,198,7712,7910
5093,2018-03-04,102,5522,5624
5093,2018-03-05,335,9128,9463
5093,2018-03-06,389,9518,9907
5093,2018-03-07,315,9517,9832
5093,2018-03-08,326,9526,9852
5093,2018-03-09,296,10130,10426
5093,2018-03-10,212,7951,8163
5093,2018-03-11,103,5743,5846
5093,2018-03-12,382,10258,10640
5093,2018-03-13,328,10630,10958
5093,2018-03-14,341,10562,10903
5093,2018-03-16,293,10415,10708
5093,2018-03-17,225,8325,8550
5093,2018-03-18,123,5377,5500
5093,2018-03-19,344,9454,9798
5093,2018-03-20,354,9806,10160
5093,2018-03-21,377,9650,10027
5093,2018-03-22,324,9824,10148
5093,2018-03-23,342,10346,10688
5093,2018-03-24,145,8648,8793
5093,2018-03-26,316,9506,9822
5093,2018-03-27,307,9775,10082
5093,2018-03-28,314,9878,10192
5093,2018-03-31,155,7350,7505
5093,2018-04-01,37,5133,5170
5093,2018-04-02,34,4945,4979
5093,2018-04-03,300,9204,9504
5093,2018-04-04,294,8744,9038
5093,2018-04-06,300,9479,9779
5093,2018-04-07,183,7280,7463
5093,2018-04-08,51,6069,6120
5093,2018-04-09,325,9177,9502
5093,2018-04-10,385,9663,10048
5093,2018-04-11,290,9795,10085
5093,2018-04-12,324,9860,10184
5093,2018-04-13,364,10330,10694
5093,2018-04-14,147,7805,7952
5093,2018-04-15,45,6005,6050
5093,2018-04-16,337,9653,9990
5093,2018-04-17,416,10016,10432
5093,2018-04-18,682,9864,10546
5093,2018-04-20,300,10904,11204
5093,2018-04-21,144,8781,8925
5093,2018-04-22,36,6710,6746
5093,2018-04-23,317,9808,10125
5093,2018-04-24,339,10347,10686
5093,2018-04-25,365,10025,10390
5093,2018-04-26,322,10141,10463
5093,2018-04-27,333,10711,11044
5093,2018-04-28,198,8416,8614
5093,2018-04-29,40,5748,5788
5093,2018-04-30,304,8878,9182
5093,2018-05-01,45,5380,5425
5093,2018-05-02,416,10163,10579
5093,2018-05-04,327,10703,11030
5093,2018-05-05,159,8412,8571
5093,2018-05-06,47,6407,6454
5093,2018-05-07,443,10419,10862
5093,2018-05-08,465,12318,12783
5093,2018-05-09,346,11159,11505
5093,2018-05-10,51,5473,5524
5093,2018-05-11,313,9860,10173
5093,2018-05-12,155,7855,8010
5093,2018-05-13,46,5406,5452
5093,2018-05-14,344,9564,9908
5093,2018-05-15,314,10145,10459
5093,2018-05-16,341,10259,10600
5093,2018-05-18,330,10617,10947
5093,2018-05-19,178,7409,7587
5093,2018-05-20,52,5386,5438
5093,2018-05-21,65,5239,5304
5093,2018-05-22,361,8817,9178
5093,2018-05-24,284,9053,9337
5093,2018-05-25,276,9175,9451
5093,2018-05-26,140,7488,7628
5093,2018-05-27,52,5418,5470
5093,2018-05-28,307,9673,9980
5093,2018-05-29,378,9692,10070
5093,2018-05-30,327,10205,10532
5093,2018-06-01,358,10018,10376
5093,2018-06-02,367,16294,16661
5093,2018-06-03,126,10836,10962
5093,2018-06-04,302,9491,9793
5093,2018-06-05,310,10110,10420
5093,2018-06-06,335,9781,10116
5093,2018-06-07,322,9772,10094
5093,2018-06-08,324,10627,10951
5093,2018-06-09,143,8311,8454
5093,2018-06-10,45,6348,6393
5093,2018-06-11,277,9203,9480
5093,2018-06-12,287,9616,9903
5093,2018-06-13,333,9912,10245
5093,2018-06-15,408,11726,12134
5093,2018-06-16,487,15538,16025
5093,2018-06-17,188,13016,13204
5093,2018-06-18,324,9355,9679
5093,2018-06-19,290,10198,10488
5093,2018-06-20,317,9864,10181
5093,2018-06-21,462,9874,10336
5093,2018-06-22,342,10101,10443
5093,2018-06-23,61,5535,5596
5093,2018-06-24,48,6750,6798
5093,2018-06-25,325,9494,9819
5093,2018-06-26,297,10113,10410
5093,2018-06-27,351,10022,10373
5093,2018-06-29,299,10463,10762
5093,2018-06-30,150,8330,8480
5093,2018-07-01,35,6339,6374
5093,2018-07-02,264,9725,9989
5093,2018-07-03,362,10077,10439
5093,2018-07-04,344,9922,10266
5093,2018-07-05,233,9812,10045
5093,2018-07-06,282,10262,10544
5093,2018-07-07,140,7453,7593
5093,2018-07-08,45,6066,6111
5093,2018-07-09,288,8722,9010
5093,2018-07-10,239,8992,9231
5093,2018-07-11,284,9573,9857
5093,2018-07-13,251,9337,9588
5093,2018-07-14,136,7646,7782
5093,2018-07-15,77,5925,6002
5093,2018-07-16,300,8902,9202
5093,2018-07-17,271,9359,9630
5093,2018-07-18,260,9489,9749
5093,2018-07-19,331,9155,9486
5093,2018-07-20,300,9395,9695
5093,2018-07-21,124,8360,8484
5093,2018-07-22,50,6106,6156
5093,2018-07-23,276,8881,9157
5093,2018-07-24,241,9100,9341
5093,2018-07-25,266,9088,9354
5093,2018-07-27,248,8884,9132
5093,2018-07-28,138,6718,6856
5093,2018-07-29,43,5102,5145
5093,2018-07-30,225,8138,8363
5093,2018-07-31,211,8103,8314
5093,2018-08-01,226,8388,8614
5093,2018-08-02,210,7878,8088
5093,2018-08-03,189,7824,8013
5093,2018-08-04,86,5764,5850
5093,2018-08-05,26,4631,4657
5093,2018-08-06,174,7125,7299
5093,2018-08-07,224,7246,7470
5093,2018-08-08,228,7450,7678
5093,2018-08-10,212,7608,7820
5093,2018-08-11,121,5526,5647
5093,2018-08-12,43,4558,4601
5093,2018-08-13,210,6634,6844
5093,2018-08-14,181,7360,7541
5093,2018-08-15,36,4531,4567
5093,2018-08-16,193,6913,7106
5093,2018-08-17,199,7351,7550
5093,2018-08-18,118,5744,5862
5093,2018-08-19,25,4644,4669
5093,2018-08-20,254,7404,7658
5093,2018-08-21,290,7977,8267
5093,2018-08-22,285,8026,8311
5093,2018-08-23,294,8007,8301
5093,2018-08-24,294,8064,8358
5093,2018-08-25,223,6363,6586
5093,2018-08-26,112,4936,5048
5093,2018-08-27,400,7890,8290
5093,2018-08-28,368,8792,9160
5093,2018-08-29,420,8092,8512
5093,2018-08-30,334,8470,8804
5093,2018-08-31,334,8680,9014
5093,2018-09-01,275,6839,7114
5093,2018-09-02,230,4547,4777
5093,2018-09-03,420,9020,9440
5093,2018-09-04,564,10561,11125
5093,2018-09-05,481,11867,12348
5093,2018-09-07,382,9167,9549
5093,2018-09-08,249,7227,7476
5093,2018-09-09,141,5720,5861
5093,2018-09-10,392,9040,9432
5093,2018-09-11,335,9517,9852
5093,2018-09-12,393,9467,9860
5093,2018-09-13,354,9531,9885
5093,2018-09-14,357,10201,10558
5093,2018-09-15,225,7769,7994
5093,2018-09-16,118,5994,6112
5093,2018-09-17,261,9373,9634
5093,2018-09-18,258,10248,10506
5093,2018-09-19,319,9994,10313
5093,2018-09-21,411,11925,12336
5093,2018-09-22,319,15579,15898
5093,2018-09-23,144,12946,13090
5093,2018-09-24,465,9167,9632
5093,2018-09-25,423,9617,10040
5093,2018-09-26,480,9614,10094
5093,2018-09-27,508,9613,10121
5093,2018-09-28,506,10161,10667
5093,2018-09-29,286,7896,8182
5093,2018-09-30,199,6176,6375
5093,2018-10-01,662,12472,13134
5093,2018-10-02,448,11222,11670
5093,2018-10-03,371,10841,11212
5093,2018-10-05,306,11504,11810
5093,2018-10-06,158,8179,8337
5093,2018-10-07,61,5954,6015
5093,2018-10-08,354,9617,9971
5093,2018-10-09,290,9900,10190
5093,2018-10-10,300,9983,10283
5093,2018-10-11,371,9887,10258
5093,2018-10-12,374,10339,10713
5093,2018-10-13,142,8262,8404
5093,2018-10-14,46,6467,6513
5093,2018-10-15,302,9409,9711
5093,2018-10-16,394,9591,9985
5093,2018-10-17,452,9522,9974
5093,2018-10-19,333,10185,10518
5093,2018-10-20,160,8133,8293
5093,2018-10-21,46,6325,6371
5093,2018-10-22,439,9339,9778
5093,2018-10-23,351,9726,10077
5093,2018-10-24,259,9870,10129
5093,2018-10-25,289,9866,10155
5093,2018-10-26,335,10247,10582
5093,2018-10-27,185,7688,7873
5093,2018-10-28,32,5392,5424
5093,2018-10-29,397,8800,9197
5093,2018-10-30,254,9058,9312
5093,2018-10-31,412,9742,10154
5093,2018-11-02,283,8006,8289
5093,2018-11-03,135,6959,7094
5093,2018-11-04,51,5649,5700
5093,2018-11-05,313,9297,9610
5093,2018-11-06,295,10002,10297
5093,2018-11-07,288,9931,10219
5093,2018-11-09,519,11722,12241
5093,2018-11-10,114,6774,6888
5093,2018-11-11,22,5264,5286
5093,2018-11-12,352,9216,9568
5093,2018-11-13,309,9676,9985
5093,2018-11-14,388,9813,10201
5093,2018-11-16,365,11284,11649
5093,2018-11-17,337,16959,17296
5093,2018-11-18,93,12728,12821
5093,2018-11-19,322,9411,9733
5093,2018-11-20,323,10021,10344
5093,2018-11-21,359,9749,10108
5093,2018-11-22,445,9508,9953
5093,2018-11-23,384,10647,11031
5093,2018-11-24,134,8032,8166
5093,2018-11-25,36,5949,5985
5093,2018-11-26,299,9165,9464
5093,2018-11-27,380,9420,9800
5093,2018-11-28,312,9392,9704
5093,2018-11-29,292,10017,10309
5093,2018-11-30,321,10267,10588
5093,2018-12-01,136,8061,8197
5093,2018-12-02,30,5696,5726
5093,2018-12-03,280,8676,8956
5093,2018-12-04,368,9887,10255
5093,2018-12-05,306,8393,8699
5093,2018-12-07,300,9974,10274
5093,2018-12-08,132,7510,7642
5093,2018-12-09,32,5424,5456
5093,2018-12-10,263,9279,9542
5093,2018-12-11,318,9618,9936
5093,2018-12-12,246,9749,9995
5093,2018-12-13,276,10071,10347
5093,2018-12-14,302,10277,10579
5093,2018-12-15,144,8371,8515
5093,2018-12-16,29,5228,5257
5093,2018-12-17,262,9407,9669
5093,2018-12-18,291,9971,10262
5093,2018-12-19,338,9980,10318
5093,2018-12-20,306,9984,10290
5093,2018-12-21,280,10210,10490
5093,2018-12-22,167,7282,7449
5093,2018-12-23,34,5118,5152
5093,2018-12-24,138,6954,7092
5093,2018-12-25,30,4531,4561
5093,2018-12-26,34,4110,4144
5093,2018-12-27,189,6777,6966
5093,2018-12-28,212,6993,7205
5093,2018-12-29,99,5891,5990
5093,2018-12-30,28,4819,4847
5093,2018-12-31,135,6089,6224
5095,2018-01-01,102,4356,4458
5095,2018-01-02,394,9314,9708
5095,2018-01-05,440,10009,10449
5095,2018-01-06,189,6999,7188
5095,2018-01-07,85,5778,5863
5095,2018-01-08,652,10756,11408
5095,2018-01-09,716,11233,11949
5095,2018-01-10,709,11171,11880
5095,2018-01-11,715,11009,11724
5095,2018-01-12,674,11603,12277
5095,2018-01-13,300,8686,8986
5095,2018-01-14,126,7179,7305
5095,2018-01-15,692,10712,11404
5095,2018-01-16,634,9542,10176
5095,2018-01-17,662,10818,11480
5095,2018-01-19,745,11496,12241
5095,2018-01-20,291,7409,7700
5095,2018-01-21,110,5815,5925
5095,2018-01-22,675,10003,10678
5095,2018-01-23,728,11257,11985
5095,2018-01-24,725,10726,11451
5095,2018-01-25,603,8780,9383
5095,2018-01-26,720,11053,11773
5095,2018-01-27,259,8522,8781
5095,2018-01-28,91,6224,6315
5095,2018-01-29,704,10872,11576
5095,2018-01-30,805,11096,11901
5095,2018-01-31,617,9295,9912
5095,2018-02-02,664,11284,11948
5095,2018-02-03,295,8729,9024
5095,2018-02-04,95,5963,6058
5095,2018-02-05,716,11143,11859
5095,2018-02-06,608,10432,11040
5095,2018-02-07,697,11281,11978
5095,2018-02-08,726,11088,11814
5095,2018-02-09,584,10896,11480
5095,2018-02-10,253,7268,7521
5095,2018-02-11,65,4581,4646
5095,2018-02-12,442,8742,9184
5095,2018-02-13,617,9651,10268
5095,2018-02-14,712,10473,11185
5095,2018-02-16,620,10307,10927
5095,2018-02-17,280,7859,8139
5095,2018-02-18,133,6339,6472
5095,2018-02-19,747,10927,11674
5095,2018-02-20,824,11294,12118
5095,2018-02-21,727,11891,12618
5095,2018-02-22,790,11649,12439
5095,2018-02-23,756,11624,12380
5095,2018-02-24,290,8962,9252
5095,2018-02-25,117,6499,6616
5095,2018-02-26,767,11335,12102
5095,2018-02-27,805,11509,12314
5095,2018-02-28,735,11656,12391
5095,2018-03-02,532,10028,10560
5095,2018-03-03,230,8014,8244
5095,2018-03-04,142,6274,6416
5095,2018-03-05,718,11363,12081
5095,2018-03-06,841,11584,12425
5095,2018-03-07,780,11244,12024
5095,2018-03-08,804,10810,11614
5095,2018-03-09,709,11047,11756
5095,2018-03-10,315,8674,8989
5095,2018-03-11,102,6713,6815
5095,2018-03-12,686,10754,11440
5095,2018-03-13,787,10755,11542
5095,2018-03-14,843,11804,12647
5095,2018-03-16,761,11333,12094
5095,2018-03-17,319,8985,9304
5095,2018-03-18,124,6164,6288
5095,2018-03-19,764,11167,11931
5095,2018-03-20,845,11847,12692
5095,2018-03-21,899,12123,13022
5095,2018-03-22,757,11088,11845
5095,2018-03-23,784,12214,12998
5095,2018-03-24,378,9838,10216
5095,2018-03-26,882,11430,12312
5095,2018-03-27,911,11378,12289
5095,2018-03-28,854,11576,12430
5095,2018-03-30,676,11665,12341
5095,2018-03-31,271,8862,9133
5095,2018-04-01,111,6650,6761
5095,2018-04-02,131,6683,6814
5095,2018-04-03,756,10322,11078
5095,2018-04-04,748,10564,11312
5095,2018-04-06,854,11543,12397
5095,2018-04-07,396,9292,9688
5095,2018-04-08,166,8121,8287
5095,2018-04-09,789,10714,11503
5095,2018-04-10,802,11146,11948
5095,2018-04-11,861,11721,12582
5095,2018-04-12,873,11439,12312
5095,2018-04-13,882,11783,12665
5095,2018-04-14,476,10693,11169
5095,2018-04-15,162,7634,7796
5095,2018-04-16,843,11943,12786
5095,2018-04-17,941,12582,13523
5095,2018-04-18,900,12558,13458
5095,2018-04-20,934,12798,13732
5095,2018-04-21,468,10760,11228
5095,2018-04-22,152,9407,9559
5095,2018-04-23,829,12231,13060
5095,2018-04-24,1034,12323,13357
5095,2018-04-25,936,12125,13061
5095,2018-04-26,880,12607,13487
5095,2018-04-27,927,12989,13916
5095,2018-04-28,383,9969,10352
5095,2018-04-29,356,7226,7582
5095,2018-04-30,808,10361,11169
5095,2018-05-01,146,6962,7108
5095,2018-05-02,941,12738,13679
5095,2018-05-04,958,13142,14100
5095,2018-05-05,489,10772,11261
5095,2018-05-06,185,9594,9779
5095,2018-05-07,825,11037,11862
5095,2018-05-08,981,12974,13955
5095,2018-05-09,947,13310,14257
5095,2018-05-10,165,6841,7006
5095,2018-05-11,757,11964,12721
5095,2018-05-12,348,9916,10264
5095,2018-05-13,152,7018,7170
5095,2018-05-14,904,11318,12222
5095,2018-05-15,964,12677,13641
5095,2018-05-16,1049,12455,13504
5095,2018-05-18,1106,13152,14258
5095,2018-05-19,503,10143,10646
5095,2018-05-20,216,7126,7342
5095,2018-05-21,244,7888,8132
5095,2018-05-22,896,11458,12354
5095,2018-05-23,980,11552,12532
5095,2018-05-24,964,11278,12242
5095,2018-05-25,956,12491,13447
5095,2018-05-26,405,9777,10182
5095,2018-05-27,165,7489,7654
5095,2018-05-28,901,12340,13241
5095,2018-05-29,966,12838,13804
5095,2018-05-30,1028,13025,14053
5095,2018-06-01,844,12420,13264
5095,2018-06-02,389,9893,10282
5095,2018-06-03,211,8248,8459
5095,2018-06-04,862,12106,12968
5095,2018-06-05,971,12577,13548
5095,2018-06-06,1045,12740,13785
5095,2018-06-07,921,11577,12498
5095,2018-06-08,1047,13037,14084
5095,2018-06-09,438,9798,10236
5095,2018-06-10,177,7719,7896
5095,2018-06-11,716,11566,12282
5095,2018-06-12,918,11553,12471
5095,2018-06-13,941,12627,13568
5095,2018-06-15,932,12635,13567
5095,2018-06-16,488,10276,10764
5095,2018-06-17,257,8805,9062
5095,2018-06-18,937,12195,13132
5095,2018-06-19,998,12755,13753
5095,2018-06-20,990,12682,13672
5095,2018-06-21,989,12761,13750
5095,2018-06-22,947,13129,14076
5095,2018-06-23,260,7294,7554
5095,2018-06-24,170,7776,7946
5095,2018-06-25,904,11811,12715
5095,2018-06-26,1017,11948,12965
5095,2018-06-27,970,11995,12965
5095,2018-06-29,1024,12580,13604
5095,2018-06-30,457,9515,9972
5095,2018-07-01,190,8356,8546
5095,2018-07-02,949,11465,12414
5095,2018-07-03,960,12124,13084
5095,2018-07-04,1010,12817,13827
5095,2018-07-05,980,12909,13889
5095,2018-07-06,1028,13287,14315
5095,2018-07-07,428,11099,11527
5095,2018-07-08,195,9390,9585
5095,2018-07-09,1031,12406,13437
5095,2018-07-10,1012,12897,13909
5095,2018-07-11,1017,13054,14071
5095,2018-07-13,893,12923,13816
5095,2018-07-14,390,11082,11472
5095,2018-07-15,170,7664,7834
5095,2018-07-16,946,11756,12702
5095,2018-07-17,901,12150,13051
5095,2018-07-18,931,12252,13183
5095,2018-07-19,880,12153,13033
5095,2018-07-20,901,12295,13196
5095,2018-07-21,364,9497,9861
5095,2018-07-22,167,9030,9197
5095,2018-07-23,900,11557,12457
5095,2018-07-24,964,11818,12782
5095,2018-07-25,939,11977,12916
5095,2018-07-27,765,11326,12091
5095,2018-07-28,315,9014,9329
5095,2018-07-29,184,7943,8127
5095,2018-07-30,668,10619,11287
5095,2018-07-31,701,10940,11641
5095,2018-08-01,716,10552,11268
5095,2018-08-02,701,10723,11424
5095,2018-08-03,702,10840,11542
5095,2018-08-04,281,8840,9121
5095,2018-08-05,184,8026,8210
5095,2018-08-06,613,10270,10883
5095,2018-08-10,619,11756,12375
5095,2018-08-11,292,9927,10219
5095,2018-08-12,156,9436,9592
5095,2018-08-13,674,9302,9976
5095,2018-08-14,696,10602,11298
5095,2018-08-15,230,7992,8222
5095,2018-08-16,676,10633,11309
5095,2018-08-17,632,10443,11075
5095,2018-08-18,306,8510,8816
5095,2018-08-19,151,7683,7834
5095,2018-08-20,730,10616,11346
5095,2018-08-21,833,11093,11926
5095,2018-08-22,785,11284,12069
5095,2018-08-23,724,11303,12027
5095,2018-08-24,770,11224,11994
5095,2018-08-25,289,8592,8881
5095,2018-08-26,169,8181,8350
5095,2018-08-27,743,10086,10829
5095,2018-08-28,819,11144,11963
5095,2018-08-29,722,9920,10642
5095,2018-08-30,773,10646,11419
5095,2018-08-31,822,11163,11985
5095,2018-09-01,337,9184,9521
5095,2018-09-02,173,8682,8855
5095,2018-09-03,757,10444,11201
5095,2018-09-04,908,11061,11969
5095,2018-09-05,844,11074,11918
5095,2018-09-07,801,11405,12206
5095,2018-09-08,356,9499,9855
5095,2018-09-09,147,8132,8279
5095,2018-09-10,744,11197,11941
5095,2018-09-11,891,11759,12650
5095,2018-09-12,893,11858,12751
5095,2018-09-13,735,12033,12768
5095,2018-09-14,843,12107,12950
5095,2018-09-15,334,9565,9899
5095,2018-09-16,185,8820,9005
5095,2018-09-17,836,11578,12414
5095,2018-09-18,964,12306,13270
5095,2018-09-19,963,12185,13148
5095,2018-09-21,816,12130,12946
5095,2018-09-22,393,9919,10312
5095,2018-09-23,50,4238,4288
5095,2018-09-24,891,11916,12807
5095,2018-09-25,922,12756,13678
5095,2018-09-26,928,12809,13737
5095,2018-09-27,892,12508,13400
5095,2018-09-28,913,12441,13354
5095,2018-09-29,386,10068,10454
5095,2018-09-30,178,8494,8672
5095,2018-10-01,820,11677,12497
5095,2018-10-02,852,12195,13047
5095,2018-10-03,642,12528,13170
5095,2018-10-05,885,13159,14044
5095,2018-10-06,391,10380,10771
5095,2018-10-07,228,7478,7706
5095,2018-10-08,828,12099,12927
5095,2018-10-09,906,12607,13513
5095,2018-10-10,882,12629,13511
5095,2018-10-11,932,12485,13417
5095,2018-10-12,923,12852,13775
5095,2018-10-13,408,10915,11323
5095,2018-10-14,167,9022,9189
5095,2018-10-15,895,12430,13325
5095,2018-10-16,973,13158,14131
5095,2018-10-17,954,12811,13765
5095,2018-10-19,967,12914,13881
5095,2018-10-20,338,10263,10601
5095,2018-10-21,154,8429,8583
5095,2018-10-22,952,12029,12981
5095,2018-10-23,935,12652,13587
5095,2018-10-24,985,11593,12578
5095,2018-10-25,836,11572,12408
5095,2018-10-26,912,12730,13642
5095,2018-10-27,343,9487,9830
5095,2018-10-28,137,6595,6732
5095,2018-10-29,832,11434,12266
5095,2018-10-30,760,11048,11808
5095,2018-10-31,784,11978,12762
5095,2018-11-02,576,10099,10675
5095,2018-11-03,332,9209,9541
5095,2018-11-04,145,8234,8379
5095,2018-11-05,834,11288,12122
5095,2018-11-06,885,12587,13472
5095,2018-11-07,914,12132,13046
5095,2018-11-08,911,12564,13475
5095,2018-11-09,930,12774,13704
5095,2018-11-10,302,8882,9184
5095,2018-11-11,156,6300,6456
5095,2018-11-12,876,11368,12244
5095,2018-11-13,851,12069,12920
5095,2018-11-14,898,12474,13372
5095,2018-11-16,845,12666,13511
5095,2018-11-17,429,9686,10115
5095,2018-11-18,138,7221,7359
5095,2018-11-19,878,11873,12751
5095,2018-11-20,909,12090,12999
5095,2018-11-21,916,12121,13037
5095,2018-11-22,916,12211,13127
5095,2018-11-23,881,12696,13577
5095,2018-11-24,331,9185,9516
5095,2018-11-25,121,7161,7282
5095,2018-11-26,817,11891,12708
5095,2018-11-27,873,12200,13073
5095,2018-11-28,923,11428,12351
5095,2018-11-29,883,12110,12993
5095,2018-11-30,877,12245,13122
5095,2018-12-01,324,8976,9300
5095,2018-12-02,108,6632,6740
5095,2018-12-03,719,10016,10735
5095,2018-12-04,835,12145,12980
5095,2018-12-05,948,11986,12934
5095,2018-12-08,254,5452,5706
5095,2018-12-09,40,4118,4158
5095,2018-12-10,800,11482,12282
5095,2018-12-11,831,12207,13038
5095,2018-12-12,881,12454,13335
5095,2018-12-13,875,12703,13578
5095,2018-12-14,909,12787,13696
5095,2018-12-15,339,9890,10229
5095,2018-12-16,82,6345,6427
5095,2018-12-17,738,11336,12074
5095,2018-12-18,836,12275,13111
5095,2018-12-19,804,11824,12628
5095,2018-12-20,752,12072,12824
5095,2018-12-21,604,11486,12090
5095,2018-12-22,222,6995,7217
5095,2018-12-23,122,4837,4959
5095,2018-12-24,302,7897,8199
5095,2018-12-25,82,5338,5420
5095,2018-12-26,113,5489,5602
5095,2018-12-27,362,9000,9362
5095,2018-12-28,335,9303,9638
5095,2018-12-29,208,7251,7459
5095,2018-12-30,80,5546,5626
5095,2018-12-31,225,7555,7780
5096,2018-01-01,12,1422,1434
5096,2018-01-03,104,3092,3196
5096,2018-01-05,70,3194,3264
5096,2018-01-06,51,2429,2480
5096,2018-01-07,8,1742,1750
5096,2018-01-08,86,3108,3194
5096,2018-01-09,75,3324,3399
5096,2018-01-10,75,3222,3297
5096,2018-01-11,83,3262,3345
5096,2018-01-12,84,3343,3427
5096,2018-01-13,49,2654,2703
5096,2018-01-14,11,2001,2012
5096,2018-01-15,90,3145,3235
5096,2018-01-16,87,3332,3419
5096,2018-01-17,88,3268,3356
5096,2018-01-18,96,3470,3566
5096,2018-01-19,93,3412,3505
5096,2018-01-20,52,2649,2701
5096,2018-01-21,8,1798,1806
5096,2018-01-22,83,3231,3314
5096,2018-01-23,61,3252,3313
5096,2018-01-24,76,3199,3275
5096,2018-01-26,83,3482,3565
5096,2018-01-27,52,2650,2702
5096,2018-01-28,8,1773,1781
5096,2018-01-29,89,3331,3420
5096,2018-01-30,86,3377,3463
5096,2018-01-31,86,3376,3462
5096,2018-02-01,78,3486,3564
5096,2018-02-02,86,3389,3475
5096,2018-02-03,51,2827,2878
5096,2018-02-04,7,1727,1734
5096,2018-02-05,76,3412,3488
5096,2018-02-06,99,3079,3178
5096,2018-02-07,84,3322,3406
5096,2018-02-08,69,3456,3525
5096,2018-02-09,78,3430,3508
5096,2018-02-10,49,2426,2475
5096,2018-02-11,16,1510,1526
5096,2018-02-12,64,2766,2830
5096,2018-02-13,75,2880,2955
5096,2018-02-14,73,3032,3105
5096,2018-02-16,63,3028,3091
5096,2018-02-17,56,2293,2349
5096,2018-02-18,7,1725,1732
5096,2018-02-19,73,3303,3376
5096,2018-02-20,71,3249,3320
5096,2018-02-21,89,3311,3400
5096,2018-02-22,92,3362,3454
5096,2018-02-23,96,3445,3541
5096,2018-02-24,55,2897,2952
5096,2018-02-25,8,1895,1903
5096,2018-02-26,103,3249,3352
5096,2018-02-27,78,3282,3360
5096,2018-02-28,78,3305,3383
5096,2018-03-02,106,2744,2850
5096,2018-03-03,50,2528,2578
5096,2018-03-04,10,1823,1833
5096,2018-03-05,81,3343,3424
5096,2018-03-06,88,3272,3360
5096,2018-03-07,87,3325,3412
5096,2018-03-08,82,3448,3530
5096,2018-03-09,87,3534,3621
5096,2018-03-10,68,2851,2919
5096,2018-03-11,14,1943,1957
5096,2018-03-12,92,3278,3370
5096,2018-03-13,82,3632,3714
5096,2018-03-14,80,3532,3612
5096,2018-03-16,93,3682,3775
5096,2018-03-17,56,2955,3011
5096,2018-03-18,13,1791,1804
5096,2018-03-19,85,3479,3564
5096,2018-03-20,84,3611,3695
5096,2018-03-21,82,3638,3720
5096,2018-03-22,87,3514,3601
5096,2018-03-23,90,3666,3756
5096,2018-03-24,73,3144,3217
5096,2018-03-26,84,3267,3351
5096,2018-03-27,93,3442,3535
5096,2018-03-28,85,3432,3517
5096,2018-03-31,47,2769,2816
5096,2018-04-01,15,1727,1742
5096,2018-04-02,11,1624,1635
5096,2018-04-03,87,3413,3500
5096,2018-04-04,75,3400,3475
5096,2018-04-06,100,3745,3845
5096,2018-04-07,58,2772,2830
5096,2018-04-08,14,2044,2058
5096,2018-04-09,102,3369,3471
5096,2018-04-10,72,3537,3609
5096,2018-04-11,83,3573,3656
5096,2018-04-12,77,3573,3650
5096,2018-04-13,91,3796,3887
5096,2018-04-14,69,3137,3206
5096,2018-04-15,13,2019,2032
5096,2018-04-16,99,3616,3715
5096,2018-04-17,105,3886,3991
5096,2018-04-18,103,3886,3989
5096,2018-04-20,114,4121,4235
5096,2018-04-21,74,3373,3447
5096,2018-04-22,15,2365,2380
5096,2018-04-23,101,3820,3921
5096,2018-04-24,118,3950,4068
5096,2018-04-25,105,3806,3911
5096,2018-04-26,108,4041,4149
5096,2018-04-27,107,3958,4065
5096,2018-04-28,59,3429,3488
5096,2018-04-29,16,2348,2364
5096,2018-04-30,112,3792,3904
5096,2018-05-01,10,1907,1917
5096,2018-05-02,98,3928,4026
5096,2018-05-05,64,3591,3655
5096,2018-05-06,24,2283,2307
5096,2018-05-07,128,4071,4199
5096,2018-05-08,162,4084,4246
5096,2018-05-09,96,4033,4129
5096,2018-05-10,16,1854,1870
5096,2018-05-11,82,3933,4015
5096,2018-05-12,81,3147,3228
5096,2018-05-13,22,1936,1958
5096,2018-05-14,144,3682,3826
5096,2018-05-15,114,3960,4074
5096,2018-05-16,105,3686,3791
5096,2018-05-17,134,3886,4020
5096,2018-05-19,64,3110,3174
5096,2018-05-20,18,1968,1986
5096,2018-05-21,12,1842,1854
5096,2018-05-22,142,3428,3570
5096,2018-05-23,104,3276,3380
5096,2018-05-24,100,3506,3606
5096,2018-05-25,107,3600,3707
5096,2018-05-26,107,3094,3201
5096,2018-05-27,44,2071,2115
5096,2018-05-28,107,3702,3809
5096,2018-05-29,107,3804,3911
5096,2018-05-30,96,3875,3971
5096,2018-05-31,107,3825,3932
5096,2018-06-02,79,3437,3516
5096,2018-06-03,13,2390,2403
5096,2018-06-04,106,3708,3814
5096,2018-06-05,97,3799,3896
5096,2018-06-06,93,3729,3822
5096,2018-06-07,106,3812,3918
5096,2018-06-08,108,3853,3961
5096,2018-06-09,66,3170,3236
5096,2018-06-10,8,2296,2304
5096,2018-06-11,120,3596,3716
5096,2018-06-12,84,3596,3680
5096,2018-06-13,92,3672,3764
5096,2018-06-14,83,3716,3799
5096,2018-06-16,113,4165,4278
5096,2018-06-17,74,3000,3074
5096,2018-06-18,84,3613,3697
5096,2018-06-19,88,3784,3872
5096,2018-06-20,98,3576,3674
5096,2018-06-21,93,3906,3999
5096,2018-06-22,101,3649,3750
5096,2018-06-23,24,2026,2050
5096,2018-06-24,13,2095,2108
5096,2018-06-25,96,3862,3958
5096,2018-06-26,102,4108,4210
5096,2018-06-27,108,4128,4236
5096,2018-06-28,98,4089,4187
5096,2018-06-30,69,3214,3283
5096,2018-07-01,10,2189,2199
5096,2018-07-02,105,3510,3615
5096,2018-07-03,113,3842,3955
5096,2018-07-04,122,4180,4302
5096,2018-07-05,98,3828,3926
5096,2018-07-06,68,3770,3838
5096,2018-07-07,71,2987,3058
5096,2018-07-08,12,2206,2218
5096,2018-07-09,117,3415,3532
5096,2018-07-10,93,3469,3562
5096,2018-07-11,113,3536,3649
5096,2018-07-12,97,3726,3823
5096,2018-07-14,66,2868,2934
5096,2018-07-15,14,1894,1908
5096,2018-07-16,85,3267,3352
5096,2018-07-17,84,3410,3494
5096,2018-07-18,99,3543,3642
5096,2018-07-19,91,3320,3411
5096,2018-07-20,82,3281,3363
5096,2018-07-21,79,2652,2731
5096,2018-07-22,13,1869,1882
5096,2018-07-23,66,3345,3411
5096,2018-07-24,75,3358,3433
5096,2018-07-25,93,3370,3463
5096,2018-07-26,84,3344,3428
5096,2018-07-27,63,3271,3334
5096,2018-07-29,10,1833,1843
5096,2018-07-30,73,2832,2905
5096,2018-07-31,66,3025,3091
5096,2018-08-01,82,2750,2832
5096,2018-08-02,81,2906,2987
5096,2018-08-03,75,2745,2820
5096,2018-08-04,61,2187,2248
5096,2018-08-05,10,1619,1629
5096,2018-08-06,112,2593,2705
5096,2018-08-07,81,2733,2814
5096,2018-08-08,100,2862,2962
5096,2018-08-09,74,2534,2608
5096,2018-08-10,64,2798,2862
5096,2018-08-12,13,1694,1707
5096,2018-08-13,62,2542,2604
5096,2018-08-14,76,2721,2797
5096,2018-08-15,15,1540,1555
5096,2018-08-16,74,2782,2856
5096,2018-08-17,76,2714,2790
5096,2018-08-18,65,2121,2186
5096,2018-08-19,19,1736,1755
5096,2018-08-20,73,2745,2818
5096,2018-08-21,71,2900,2971
5096,2018-08-22,66,2936,3002
5096,2018-08-23,106,2951,3057
5096,2018-08-24,66,2932,2998
5096,2018-08-25,63,2251,2314
5096,2018-08-26,13,1709,1722
5096,2018-08-27,83,2882,2965
5096,2018-08-28,83,3158,3241
5096,2018-08-29,88,3168,3256
5096,2018-08-30,81,3127,3208
5096,2018-08-31,69,3179,3248
5096,2018-09-01,63,2463,2526
5096,2018-09-02,24,1909,1933
5096,2018-09-03,96,3060,3156
5096,2018-09-04,100,3219,3319
5096,2018-09-05,86,3345,3431
5096,2018-09-06,83,3352,3435
5096,2018-09-07,78,3338,3416
5096,2018-09-08,65,2555,2620
5096,2018-09-10,105,3395,3500
5096,2018-09-11,84,3501,3585
5096,2018-09-12,83,3555,3638
5096,2018-09-13,92,3402,3494
5096,2018-09-14,82,3647,3729
5096,2018-09-15,68,2736,2804
5096,2018-09-16,10,2275,2285
5096,2018-09-17,111,3480,3591
5096,2018-09-18,96,3771,3867
5096,2018-09-19,81,3641,3722
5096,2018-09-20,92,3737,3829
5096,2018-09-21,102,3672,3774
5096,2018-09-22,55,3280,3335
5096,2018-09-24,82,3357,3439
5096,2018-09-25,85,3784,3869
5096,2018-09-26,96,3686,3782
5096,2018-09-27,100,3709,3809
5096,2018-09-28,98,3872,3970
5096,2018-09-29,61,3098,3159
5096,2018-09-30,17,2310,2327
5096,2018-10-01,111,3585,3696
5096,2018-10-02,93,3696,3789
5096,2018-10-03,91,3731,3822
5096,2018-10-04,91,3788,3879
5096,2018-10-05,99,3875,3974
5096,2018-10-06,60,3034,3094
5096,2018-10-07,32,2052,2084
5096,2018-10-09,91,3690,3781
5096,2018-10-10,85,3572,3657
5096,2018-10-11,116,3665,3781
5096,2018-10-12,107,3669,3776
5096,2018-10-13,72,3153,3225
5096,2018-10-14,13,2219,2232
5096,2018-10-15,98,3505,3603
5096,2018-10-16,90,3724,3814
5096,2018-10-17,98,3553,3651
5096,2018-10-18,128,3685,3813
5096,2018-10-19,114,3756,3870
5096,2018-10-20,62,3022,3084
5096,2018-10-21,15,2233,2248
5096,2018-10-23,80,3816,3896
5096,2018-10-24,233,6574,6807
5096,2018-10-25,307,7438,7745
5096,2018-10-26,117,4270,4387
5096,2018-10-27,67,2971,3038
5096,2018-10-28,13,1846,1859
5096,2018-10-30,90,3288,3378
5096,2018-10-31,85,3551,3636
5096,2018-11-01,18,1633,1651
5096,2018-11-02,59,3140,3199
5096,2018-11-03,60,2608,2668
5096,2018-11-04,13,1901,1914
5096,2018-11-06,62,3923,3985
5096,2018-11-07,77,3748,3825
5096,2018-11-08,101,3655,3756
5096,2018-11-09,119,3709,3828
5096,2018-11-10,63,2885,2948
5096,2018-11-11,14,1943,1957
5096,2018-11-12,107,3403,3510
5096,2018-11-13,109,3627,3736
5096,2018-11-14,99,3475,3574
5096,2018-11-15,92,3676,3768
5096,2018-11-16,109,3737,3846
5096,2018-11-17,74,3364,3438
5096,2018-11-18,15,2145,2160
5096,2018-11-20,85,3657,3742
5096,2018-11-21,92,3557,3649
5096,2018-11-22,91,3531,3622
5096,2018-11-23,102,3846,3948
5096,2018-11-24,58,2901,2959
5096,2018-11-25,12,2087,2099
5096,2018-11-26,92,3334,3426
5096,2018-11-27,86,3640,3726
5096,2018-11-28,100,3522,3622
5096,2018-11-29,95,3671,3766
5096,2018-11-30,102,3769,3871
5096,2018-12-01,63,3074,3137
5096,2018-12-02,19,1941,1960
5096,2018-12-03,106,3386,3492
5096,2018-12-04,90,3682,3772
5096,2018-12-05,98,3455,3553
5096,2018-12-06,79,3382,3461
5096,2018-12-07,111,3609,3720
5096,2018-12-08,90,2898,2988
5096,2018-12-09,14,1944,1958
5096,2018-12-11,103,3646,3749
5096,2018-12-12,90,3341,3431
5096,2018-12-13,76,3643,3719
5096,2018-12-14,102,3572,3674
5096,2018-12-15,53,2956,3009
5096,2018-12-16,11,1860,1871
5096,2018-12-17,83,3446,3529
5096,2018-12-18,89,3582,3671
5096,2018-12-19,99,3387,3486
5096,2018-12-20,97,3519,3616
5096,2018-12-21,79,3604,3683
5096,2018-12-22,54,2566,2620
5096,2018-12-23,10,1727,1737
5096,2018-12-24,46,2540,2586
5096,2018-12-25,8,1460,1468
5096,2018-12-26,6,1510,1516
5096,2018-12-27,60,2568,2628
5096,2018-12-28,67,2707,2774
5096,2018-12-29,54,2083,2137
5096,2018-12-30,10,1415,1425
5096,2018-12-31,50,2302,2352
5103,2018-01-01,46,2386,2432
5103,2018-01-02,218,4936,5154
5103,2018-01-03,214,5114,5328
5103,2018-01-05,264,6912,7176
5103,2018-01-06,154,4852,5006
5103,2018-01-07,51,3648,3699
5103,2018-01-08,324,7044,7368
5103,2018-01-09,323,7509,7832
5103,2018-01-10,322,7365,7687
5103,2018-01-11,288,7590,7878
5103,2018-01-12,358,7483,7841
5103,2018-01-13,173,5283,5456
5103,2018-01-14,53,4283,4336
5103,2018-01-15,270,6252,6522
5103,2018-01-16,250,6394,6644
5103,2018-01-17,272,6350,6622
5103,2018-01-19,319,7829,8148
5103,2018-01-20,150,4334,4484
5103,2018-01-21,45,3916,3961
5103,2018-01-22,282,7037,7319
5103,2018-01-23,324,7333,7657
5103,2018-01-24,306,7442,7748
5103,2018-01-25,244,6336,6580
5103,2018-01-26,291,7888,8179
5103,2018-01-27,166,5451,5617
5103,2018-01-28,49,3913,3962
5103,2018-01-29,293,7413,7706
5103,2018-01-30,322,7752,8074
5103,2018-01-31,260,6560,6820
5103,2018-02-02,292,7760,8052
5103,2018-02-03,170,5378,5548
5103,2018-02-04,43,3845,3888
5103,2018-02-05,340,7192,7532
5103,2018-02-06,328,7434,7762
5103,2018-02-07,334,7641,7975
5103,2018-02-08,340,7518,7858
5103,2018-02-09,344,7965,8309
5103,2018-02-10,165,4758,4923
5103,2018-02-11,46,3467,3513
5103,2018-02-12,291,6453,6744
5103,2018-02-13,289,7007,7296
5103,2018-02-14,314,7729,8043
5103,2018-02-16,288,8117,8405
5103,2018-02-17,179,4778,4957
5103,2018-02-18,59,4480,4539
5103,2018-02-19,327,7437,7764
5103,2018-02-20,348,7690,8038
5103,2018-02-21,363,7799,8162
5103,2018-02-22,340,7851,8191
5103,2018-02-23,357,7945,8302
5103,2018-02-24,198,5496,5694
5103,2018-02-25,51,4172,4223
5103,2018-02-26,370,7065,7435
5103,2018-02-27,325,7481,7806
5103,2018-02-28,372,7389,7761
5103,2018-03-02,298,6942,7240
5103,2018-03-03,170,4965,5135
5103,2018-03-04,55,3978,4033
5103,2018-03-05,358,7640,7998
5103,2018-03-06,346,8057,8403
5103,2018-03-07,278,6920,7198
5103,2018-03-08,278,6448,6726
5103,2018-03-09,289,7941,8230
5103,2018-03-10,159,5394,5553
5103,2018-03-11,49,4401,4450
5103,2018-03-12,250,6464,6714
5103,2018-03-13,266,6594,6860
5103,2018-03-14,356,8176,8532
5103,2018-03-16,324,8145,8469
5103,2018-03-17,176,5110,5286
5103,2018-03-18,47,3668,3715
5103,2018-03-19,324,7275,7599
5103,2018-03-20,334,7785,8119
5103,2018-03-21,327,8085,8412
5103,2018-03-22,347,7714,8061
5103,2018-03-23,362,8513,8875
5103,2018-03-24,170,6190,6360
5103,2018-03-26,337,7529,7866
5103,2018-03-27,333,7905,8238
5103,2018-03-28,256,6652,6908
5103,2018-03-31,156,5688,5844
5103,2018-04-01,38,3416,3454
5103,2018-04-02,62,4139,4201
5103,2018-04-03,238,6248,6486
5103,2018-04-04,262,7395,7657
5103,2018-04-06,305,8266,8571
5103,2018-04-07,106,3162,3268
5103,2018-04-08,29,1992,2021
5103,2018-04-09,295,7293,7588
5103,2018-04-10,334,7683,8017
5103,2018-04-11,238,5789,6027
5103,2018-04-12,326,7934,8260
5103,2018-04-13,371,8050,8421
5103,2018-04-14,187,5903,6090
5103,2018-04-15,56,4936,4992
5103,2018-04-16,336,8071,8407
5103,2018-04-17,188,4349,4537
5103,2018-04-18,149,3110,3259
5103,2018-04-20,116,3284,3400
5103,2018-04-21,79,2284,2363
5103,2018-04-22,31,2986,3017
5103,2018-04-23,331,7883,8214
5103,2018-04-24,328,8203,8531
5103,2018-04-25,308,6866,7174
5103,2018-04-26,355,8368,8723
5103,2018-04-27,312,8611,8923
5103,2018-04-28,222,6489,6711
5103,2018-04-29,56,5472,5528
5103,2018-04-30,250,5542,5792
5103,2018-05-01,65,4452,4517
5103,2018-05-02,301,8000,8301
5103,2018-05-04,234,5365,5599
5103,2018-05-05,116,3595,3711
5103,2018-05-06,23,1537,1560
5103,2018-05-07,135,3134,3269
5103,2018-05-08,148,3131,3279
5103,2018-05-09,84,3096,3180
5103,2018-05-10,45,4333,4378
5103,2018-05-11,137,5471,5608
5103,2018-05-12,67,2686,2753
5103,2018-05-13,44,3040,3084
5103,2018-05-14,122,4722,4844
5103,2018-05-15,72,2466,2538
5103,2018-05-16,141,4440,4581
5103,2018-07-12,380,8128,8508
5103,2018-07-13,373,8710,9083
5103,2018-07-14,241,6202,6443
5103,2018-07-15,119,4886,5005
5103,2018-07-16,372,7807,8179
5103,2018-07-17,391,8052,8443
5103,2018-07-18,383,8044,8427
5103,2018-07-19,403,8033,8436
5103,2018-07-20,364,8132,8496
5103,2018-07-21,227,5912,6139
5103,2018-07-22,76,5836,5912
5103,2018-07-23,342,7262,7604
5103,2018-07-24,386,7418,7804
5103,2018-07-26,264,6370,6634
5103,2018-07-27,177,4233,4410
5103,2018-07-28,NA,12,NA
5103,2018-07-29,NA,8,NA
5103,2018-08-01,83,2219,2302
5103,2018-08-02,296,6521,6817
5103,2018-08-03,288,6601,6889
5103,2018-08-04,198,5102,5300
5103,2018-08-05,89,4489,4578
5103,2018-08-06,266,5692,5958
5103,2018-08-08,210,4896,5106
5103,2018-08-09,194,4706,4900
5103,2018-08-10,289,6505,6794
5103,2018-08-11,183,4965,5148
5103,2018-08-12,70,4865,4935
5103,2018-08-13,204,4560,4764
5103,2018-08-14,349,5786,6135
5103,2018-08-15,71,4843,4914
5103,2018-08-16,250,6006,6256
5103,2018-08-17,272,5920,6192
5103,2018-08-18,160,4696,4856
5103,2018-08-19,56,4885,4941
5103,2018-08-20,277,5981,6258
5103,2018-08-21,314,6538,6852
5103,2018-08-22,306,6464,6770
5103,2018-08-23,332,6528,6860
5103,2018-08-24,324,6886,7210
5103,2018-08-25,162,3858,4020
5103,2018-08-26,67,4678,4745
5103,2018-08-27,300,6497,6797
5103,2018-08-28,332,7855,8187
5103,2018-08-30,323,7066,7389
5103,2018-08-31,323,7483,7806
5103,2018-09-01,220,5979,6199
5103,2018-09-02,69,4764,4833
5103,2018-09-04,318,6874,7192
5103,2018-09-05,323,6970,7293
5103,2018-09-06,286,5882,6168
5103,2018-09-07,383,7090,7473
5103,2018-09-08,201,5610,5811
5103,2018-09-09,53,5109,5162
5103,2018-09-10,342,7105,7447
5103,2018-09-11,332,7342,7674
5103,2018-09-12,411,7792,8203
5103,2018-09-13,486,8867,9353
5103,2018-09-14,382,8708,9090
5103,2018-09-15,198,6368,6566
5103,2018-09-16,76,5652,5728
5103,2018-09-17,335,7768,8103
5103,2018-09-18,336,7877,8213
5103,2018-09-19,377,7849,8226
5103,2018-09-20,346,7898,8244
5103,2018-09-21,304,6554,6858
5103,2018-09-22,173,5904,6077
5103,2018-09-23,38,3112,3150
5103,2018-09-25,404,7635,8039
5103,2018-09-26,383,7683,8066
5103,2018-09-27,365,7993,8358
5103,2018-09-28,393,8007,8400
5103,2018-09-29,203,6633,6836
5103,2018-09-30,97,6210,6307
5103,2018-10-01,389,7476,7865
5103,2018-10-02,432,8528,8960
5103,2018-10-03,330,7862,8192
5103,2018-10-04,375,8074,8449
5103,2018-10-05,387,8156,8543
5103,2018-10-06,220,6585,6805
5103,2018-10-07,48,3884,3932
5103,2018-10-09,370,7773,8143
5103,2018-10-10,377,7989,8366
5103,2018-10-11,351,7995,8346
5103,2018-10-12,363,8136,8499
5103,2018-10-13,198,6264,6462
5103,2018-10-14,58,5231,5289
5103,2018-10-15,376,7317,7693
5103,2018-10-16,440,8115,8555
5103,2018-10-17,355,7755,8110
5103,2018-10-18,400,8243,8643
5103,2018-10-19,415,8491,8906
5103,2018-10-20,186,6242,6428
5103,2018-10-21,60,5038,5098
5103,2018-10-23,391,7910,8301
5103,2018-10-24,371,7897,8268
5103,2018-10-25,377,7893,8270
5103,2018-10-26,418,8180,8598
5103,2018-10-27,204,5940,6144
5103,2018-10-28,48,4233,4281
5103,2018-11-01,44,4343,4387
5103,2018-11-02,266,6159,6425
5103,2018-11-03,197,5265,5462
5103,2018-11-04,51,4244,4295
5103,2018-11-06,355,7766,8121
5103,2018-11-07,341,7749,8090
5103,2018-11-08,360,7815,8175
5103,2018-11-09,413,8006,8419
5103,2018-11-10,172,6230,6402
5103,2018-11-11,38,3424,3462
5103,2018-11-12,278,6616,6894
5103,2018-11-13,362,8078,8440
5103,2018-11-14,348,8288,8636
5103,2018-11-15,393,8130,8523
5103,2018-11-16,344,8407,8751
5103,2018-11-17,193,6118,6311
5103,2018-11-18,61,4398,4459
5103,2018-11-20,396,7925,8321
5103,2018-11-21,373,7846,8219
5103,2018-11-22,419,8022,8441
5103,2018-11-23,378,8314,8692
5103,2018-11-24,154,4774,4928
5103,2018-11-25,61,4583,4644
5103,2018-11-26,380,7680,8060
5103,2018-11-27,379,7892,8271
5103,2018-11-28,305,7680,7985
5103,2018-11-29,344,7915,8259
5103,2018-11-30,356,8114,8470
5103,2018-12-01,175,5776,5951
5103,2018-12-02,40,3434,3474
5103,2018-12-03,252,6246,6498
5103,2018-12-04,324,6780,7104
5103,2018-12-05,360,7942,8302
5103,2018-12-06,337,7641,7978
5103,2018-12-07,276,6960,7236
5103,2018-12-08,158,4256,4414
5103,2018-12-09,38,2920,2958
5103,2018-12-11,342,8034,8376
5103,2018-12-12,359,7662,8021
5103,2018-12-13,349,8085,8434
5103,2018-12-14,375,7922,8297
5103,2018-12-15,168,5548,5716
5103,2018-12-16,48,3378,3426
5103,2018-12-17,338,7405,7743
5103,2018-12-18,366,7919,8285
5103,2018-12-19,321,7527,7848
5103,2018-12-20,292,6808,7100
5103,2018-12-21,294,8021,8315
5103,2018-12-22,146,4070,4216
5103,2018-12-23,42,2850,2892
5103,2018-12-24,164,4158,4322
5103,2018-12-25,50,3431,3481
5103,2018-12-26,49,3016,3065
5103,2018-12-27,248,5061,5309
5103,2018-12-28,234,5122,5356
5103,2018-12-29,165,4096,4261
5103,2018-12-30,48,3164,3212
5103,2018-12-31,221,4427,4648
5104,2018-01-02,114,3872,3986
5104,2018-01-05,153,4824,4977
5104,2018-01-06,69,3655,3724
5104,2018-01-07,11,2591,2602
5104,2018-01-08,189,5504,5693
5104,2018-01-09,222,5599,5821
5104,2018-01-10,215,5752,5967
5104,2018-01-11,164,5721,5885
5104,2018-01-12,248,5678,5926
5104,2018-01-13,80,4074,4154
5104,2018-01-14,8,3031,3039
5104,2018-01-15,174,5010,5184
5104,2018-01-17,230,5598,5828
5104,2018-01-19,177,6031,6208
5104,2018-01-20,86,3348,3434
5104,2018-01-21,18,2490,2508
5104,2018-01-22,186,5022,5208
5104,2018-01-23,211,5707,5918
5104,2018-01-24,183,5803,5986
5104,2018-01-25,178,5638,5816
5104,2018-01-26,187,6090,6277
5104,2018-01-27,84,4082,4166
5104,2018-01-28,8,2778,2786
5104,2018-01-29,197,5853,6050
5104,2018-01-30,193,5916,6109
5104,2018-02-02,203,5888,6091
5104,2018-02-03,77,3965,4042
5104,2018-02-04,22,2710,2732
5104,2018-02-05,159,5524,5683
5104,2018-02-06,169,5450,5619
5104,2018-02-07,158,5473,5631
5104,2018-02-08,178,5794,5972
5104,2018-02-09,171,6044,6215
5104,2018-02-10,76,3507,3583
5104,2018-02-11,12,2512,2524
5104,2018-02-12,144,4834,4978
5104,2018-02-13,177,5555,5732
5104,2018-02-14,182,5606,5788
5104,2018-02-16,174,5839,6013
5104,2018-02-17,94,3528,3622
5104,2018-02-18,17,3197,3214
5104,2018-02-19,159,5346,5505
5104,2018-02-20,169,5981,6150
5104,2018-02-21,203,6148,6351
5104,2018-02-22,174,6062,6236
5104,2018-02-23,213,5954,6167
5104,2018-02-24,96,3982,4078
5104,2018-02-25,23,3029,3052
5104,2018-02-26,248,5365,5613
5104,2018-02-27,193,5660,5853
5104,2018-02-28,235,5393,5628
5104,2018-03-02,184,4544,4728
5104,2018-03-03,72,3519,3591
5104,2018-03-04,21,2842,2863
5104,2018-03-05,194,5859,6053
5104,2018-03-06,241,6034,6275
5104,2018-03-07,256,6060,6316
5104,2018-03-08,270,5959,6229
5104,2018-03-09,174,5550,5724
5104,2018-03-10,94,4229,4323
5104,2018-03-11,19,3062,3081
5104,2018-03-12,140,6124,6264
5104,2018-03-13,191,6047,6238
5104,2018-03-14,191,6348,6539
5104,2018-03-16,223,6781,7004
5104,2018-03-17,71,3896,3967
5104,2018-03-18,14,2520,2534
5104,2018-03-19,164,5823,5987
5104,2018-03-20,192,6256,6448
5104,2018-03-21,199,6252,6451
5104,2018-03-22,219,5940,6159
5104,2018-03-23,211,6382,6593
5104,2018-03-24,107,4726,4833
5104,2018-03-26,195,5924,6119
5104,2018-03-27,229,6367,6596
5104,2018-03-31,87,4596,4683
5104,2018-04-01,12,3214,3226
5104,2018-04-02,10,3030,3040
5104,2018-04-03,144,6166,6310
5104,2018-04-04,138,5518,5656
5104,2018-04-06,196,7688,7884
5104,2018-04-07,110,5355,5465
5104,2018-04-08,14,4562,4576
5104,2018-04-09,167,7083,7250
5104,2018-04-10,158,6710,6868
5104,2018-04-11,166,7335,7501
5104,2018-04-12,277,7619,7896
5104,2018-04-13,234,7124,7358
5104,2018-04-14,98,5037,5135
5104,2018-04-15,22,3858,3880
5104,2018-04-16,195,6917,7112
5104,2018-04-17,204,7599,7803
5104,2018-04-18,202,7510,7712
5104,2018-04-20,222,8106,8328
5104,2018-04-21,107,6774,6881
5104,2018-04-22,19,4284,4303
5104,2018-04-23,179,6964,7143
5104,2018-04-24,192,7175,7367
5104,2018-04-25,232,7084,7316
5104,2018-04-26,187,7305,7492
5104,2018-04-27,221,7516,7737
5104,2018-04-28,112,4362,4474
5104,2018-04-30,152,4758,4910
5104,2018-05-01,30,3376,3406
5104,2018-05-02,193,7129,7322
5104,2018-05-04,212,7556,7768
5104,2018-05-05,89,5457,5546
5104,2018-05-06,29,4826,4855
5104,2018-05-07,206,7150,7356
5104,2018-05-08,256,8817,9073
5104,2018-05-09,189,7924,8113
5104,2018-05-10,38,3530,3568
5104,2018-05-11,163,6347,6510
5104,2018-05-12,91,5330,5421
5104,2018-05-13,22,2766,2788
5104,2018-05-14,178,6306,6484
5104,2018-05-15,203,7843,8046
5104,2018-05-16,189,7010,7199
5104,2018-05-18,187,7899,8086
5104,2018-05-19,110,4952,5062
5104,2018-05-20,34,3028,3062
5104,2018-05-21,23,3834,3857
5104,2018-05-22,208,6484,6692
5104,2018-05-23,162,6816,6978
5104,2018-05-24,199,6545,6744
5104,2018-05-25,166,7694,7860
5104,2018-05-26,88,5205,5293
5104,2018-05-27,18,3414,3432
5104,2018-05-28,190,6936,7126
5104,2018-05-29,186,6500,6686
5104,2018-05-30,216,7018,7234
5104,2018-06-01,276,7144,7420
5104,2018-06-02,102,5466,5568
5104,2018-06-03,55,5250,5305
5104,2018-06-04,228,6446,6674
5104,2018-06-05,367,7372,7739
5104,2018-06-06,395,6848,7243
5104,2018-06-07,282,6846,7128
5104,2018-06-08,294,7126,7420
5104,2018-06-09,114,5682,5796
5104,2018-06-12,166,6536,6702
5104,2018-06-13,184,6989,7173
5104,2018-06-15,190,7269,7459
5104,2018-06-16,96,5369,5465
5104,2018-06-17,28,4223,4251
5104,2018-06-18,253,6882,7135
5104,2018-06-19,228,6742,6970
5104,2018-06-20,235,6848,7083
5104,2018-06-21,216,7071,7287
5104,2018-06-22,237,7282,7519
5104,2018-06-23,65,3585,3650
5104,2018-06-24,29,3745,3774
5104,2018-06-25,311,6276,6587
5104,2018-06-26,270,7216,7486
5104,2018-06-27,284,7027,7311
5104,2018-06-29,239,7647,7886
5104,2018-06-30,91,4901,4992
5104,2018-07-01,42,4422,4464
5104,2018-07-02,244,6768,7012
5104,2018-07-03,203,7215,7418
5104,2018-07-04,222,6294,6516
5104,2018-07-05,220,6492,6712
5104,2018-07-06,195,7234,7429
5104,2018-07-07,100,5039,5139
5104,2018-07-08,27,4145,4172
5104,2018-07-09,175,6957,7132
5104,2018-07-10,213,6911,7124
5104,2018-07-11,208,6816,7024
5104,2018-07-13,224,7432,7656
5104,2018-07-14,162,5161,5323
5104,2018-07-15,136,3650,3786
5104,2018-07-16,207,6995,7202
5104,2018-07-17,267,6945,7212
5104,2018-07-18,308,7336,7644
5104,2018-07-19,215,7110,7325
5104,2018-07-20,239,6980,7219
5104,2018-07-21,117,4452,4569
5104,2018-07-22,31,4098,4129
5104,2018-07-23,240,6396,6636
5104,2018-07-24,227,6716,6943
5104,2018-07-25,250,6440,6690
5104,2018-07-27,204,5943,6147
5104,2018-07-28,81,4057,4138
5104,2018-07-29,34,3503,3537
5104,2018-07-30,164,5283,5447
5104,2018-07-31,189,5550,5739
5104,2018-08-01,150,4780,4930
5104,2018-08-02,187,5216,5403
5104,2018-08-03,208,5181,5389
5104,2018-08-04,95,3861,3956
5104,2018-08-05,19,3217,3236
5104,2018-08-06,158,4625,4783
5104,2018-08-07,148,4200,4348
5104,2018-08-08,148,4556,4704
5104,2018-08-09,152,4104,4256
5104,2018-08-10,193,5057,5250
5104,2018-08-11,88,3841,3929
5104,2018-08-12,35,3486,3521
5104,2018-08-13,130,3704,3834
5104,2018-08-14,179,4620,4799
5104,2018-08-15,33,3481,3514
5104,2018-08-16,171,4821,4992
5104,2018-08-17,161,4840,5001
5104,2018-08-18,64,3729,3793
5104,2018-08-19,20,3638,3658
5104,2018-08-20,169,5188,5357
5104,2018-08-21,177,5310,5487
5104,2018-08-22,177,5226,5403
5104,2018-08-23,160,5249,5409
5104,2018-08-24,158,5604,5762
5104,2018-08-25,62,3651,3713
5104,2018-08-26,20,3419,3439
5104,2018-08-27,120,4930,5050
5104,2018-08-28,236,6416,6652
5104,2018-08-29,162,4506,4668
5104,2018-08-30,220,5833,6053
5104,2018-08-31,217,6279,6496
5104,2018-09-01,161,5561,5722
5104,2018-09-02,19,3586,3605
5104,2018-09-03,199,5947,6146
5104,2018-09-04,254,5809,6063
5104,2018-09-05,205,6016,6221
5104,2018-09-07,223,6180,6403
5104,2018-09-08,89,4874,4963
5104,2018-09-09,16,3928,3944
5104,2018-09-10,183,6224,6407
5104,2018-09-11,172,6334,6506
5104,2018-09-12,221,6584,6805
5104,2018-09-13,130,6050,6180
5104,2018-09-14,224,7657,7881
5104,2018-09-15,103,5793,5896
5104,2018-09-16,43,5251,5294
5104,2018-09-17,196,6577,6773
5104,2018-09-18,199,6949,7148
5104,2018-09-19,190,6970,7160
5104,2018-09-21,278,6900,7178
5104,2018-09-22,118,4792,4910
5104,2018-09-23,28,2962,2990
5104,2018-09-24,227,6461,6688
5104,2018-09-25,214,7081,7295
5104,2018-09-26,225,6846,7071
5104,2018-09-27,207,7294,7501
5104,2018-09-28,196,7152,7348
5104,2018-09-29,93,5366,5459
5104,2018-09-30,44,5525,5569
5104,2018-10-01,275,6503,6778
5104,2018-10-02,265,6789,7054
5104,2018-10-03,246,6770,7016
5104,2018-10-05,214,7351,7565
5104,2018-10-06,89,5213,5302
5104,2018-10-07,18,3404,3422
5104,2018-10-08,212,6490,6702
5104,2018-10-09,176,7202,7378
5104,2018-10-10,191,7061,7252
5104,2018-10-11,206,6913,7119
5104,2018-10-12,196,7091,7287
5104,2018-10-13,103,5221,5324
5104,2018-10-14,17,3961,3978
5104,2018-10-15,176,6656,6832
5104,2018-10-16,244,7056,7300
5104,2018-10-17,194,6850,7044
5104,2018-10-19,243,7612,7855
5104,2018-10-20,25,743,768
5104,2018-10-21,19,1001,1020
5104,2018-10-22,218,6482,6700
5104,2018-10-23,334,6905,7239
5104,2018-10-24,363,6639,7002
5104,2018-10-25,323,6863,7186
5104,2018-10-26,320,7262,7582
5104,2018-10-27,95,4870,4965
5104,2018-10-28,18,3316,3334
5104,2018-10-29,169,6599,6768
5104,2018-10-30,230,6064,6294
5104,2018-10-31,329,6876,7205
5104,2018-11-02,193,4996,5189
5104,2018-11-03,89,3857,3946
5104,2018-11-04,21,3026,3047
5104,2018-11-05,166,6544,6710
5104,2018-11-06,190,7332,7522
5104,2018-11-07,226,6769,6995
5104,2018-11-08,223,6672,6895
5104,2018-11-09,214,6662,6876
5104,2018-11-10,94,5308,5402
5104,2018-11-11,10,3454,3464
5104,2018-11-12,214,6248,6462
5104,2018-11-13,222,7148,7370
5104,2018-11-14,230,7000,7230
5104,2018-11-16,191,7632,7823
5104,2018-11-17,76,4607,4683
5104,2018-11-18,17,3213,3230
5104,2018-11-19,178,6482,6660
5104,2018-11-20,222,6790,7012
5104,2018-11-21,203,6773,6976
5104,2018-11-22,230,6949,7179
5104,2018-11-23,228,7151,7379
5104,2018-11-24,92,4408,4500
5104,2018-11-25,22,3655,3677
5104,2018-11-26,206,6467,6673
5104,2018-11-27,204,6915,7119
5104,2018-11-28,184,6378,6562
5104,2018-11-29,258,6755,7013
5104,2018-11-30,306,7082,7388
5104,2018-12-01,96,4012,4108
5104,2018-12-02,20,2852,2872
5104,2018-12-04,245,7203,7448
5104,2018-12-05,242,6574,6816
5104,2018-12-07,212,6392,6604
5104,2018-12-08,86,3806,3892
5104,2018-12-09,68,3020,3088
5104,2018-12-10,351,6578,6929
5104,2018-12-11,331,6953,7284
5104,2018-12-12,360,6441,6801
5104,2018-12-13,355,6839,7194
5104,2018-12-14,343,6690,7033
5104,2018-12-15,134,4304,4438
5104,2018-12-16,24,2477,2501
5104,2018-12-17,214,5936,6150
5104,2018-12-18,337,6940,7277
5104,2018-12-19,224,6420,6644
5104,2018-12-20,214,6156,6370
5104,2018-12-21,160,6118,6278
5104,2018-12-22,104,3957,4061
5104,2018-12-23,20,2496,2516
5104,2018-12-24,98,4278,4376
5104,2018-12-25,9,2639,2648
5104,2018-12-26,14,2314,2328
5104,2018-12-27,126,4020,4146
5104,2018-12-28,128,4138,4266
5104,2018-12-29,77,3150,3227
5104,2018-12-30,12,2341,2353
5104,2018-12-31,79,3581,3660
5106,2018-01-01,14,3042,3056
5106,2018-01-02,307,6771,7078
5106,2018-01-03,406,6970,7376
5106,2018-01-05,380,7727,8107
5106,2018-01-06,139,5231,5370
5106,2018-01-07,37,3557,3594
5106,2018-01-08,538,8693,9231
5106,2018-01-09,643,8744,9387
5106,2018-01-10,658,9266,9924
5106,2018-01-11,664,8901,9565
5106,2018-01-12,689,8744,9433
5106,2018-01-13,201,6071,6272
5106,2018-01-14,36,4129,4165
5106,2018-01-15,740,7970,8710
5106,2018-01-16,730,9386,10116
5106,2018-01-17,727,8868,9595
5106,2018-01-19,585,9361,9946
5106,2018-01-20,182,5560,5742
5106,2018-01-21,33,3950,3983
5106,2018-01-22,702,8416,9118
5106,2018-01-23,932,9184,10116
5106,2018-01-24,952,9185,10137
5106,2018-01-26,620,9533,10153
5106,2018-01-27,163,5871,6034
5106,2018-01-28,38,3900,3938
5106,2018-01-29,789,9082,9871
5106,2018-01-30,849,9240,10089
5106,2018-01-31,750,8824,9574
5106,2018-02-03,196,6081,6277
5106,2018-02-04,65,3790,3855
5106,2018-02-05,772,8754,9526
5106,2018-02-06,759,8860,9619
5106,2018-02-07,760,8773,9533
5106,2018-02-08,761,9187,9948
5106,2018-02-09,608,10053,10661
5106,2018-02-10,188,6254,6442
5106,2018-02-11,61,3669,3730
5106,2018-02-12,572,7870,8442
5106,2018-02-13,823,9302,10125
5106,2018-02-14,808,8921,9729
5106,2018-02-16,724,9254,9978
5106,2018-02-17,231,5810,6041
5106,2018-02-18,53,4266,4319
5106,2018-02-19,703,8863,9566
5106,2018-02-20,825,9062,9887
5106,2018-02-21,886,9028,9914
5106,2018-02-22,855,9277,10132
5106,2018-02-23,799,9323,10122
5106,2018-02-24,202,5914,6116
5106,2018-02-25,53,3920,3973
5106,2018-02-26,914,8498,9412
5106,2018-02-28,808,8480,9288
5106,2018-03-02,602,8039,8641
5106,2018-03-03,187,5454,5641
5106,2018-03-04,50,3992,4042
5106,2018-03-05,653,9130,9783
5106,2018-03-06,696,9458,10154
5106,2018-03-07,732,9534,10266
5106,2018-03-08,912,8730,9642
5106,2018-03-09,689,9273,9962
5106,2018-03-10,205,6283,6488
5106,2018-03-11,45,4135,4180
5106,2018-03-12,727,9333,10060
5106,2018-03-13,654,9361,10015
5106,2018-03-14,698,9601,10299
5106,2018-03-16,532,9850,10382
5106,2018-03-17,211,6018,6229
5106,2018-03-18,49,3782,3831
5106,2018-03-19,700,8931,9631
5106,2018-03-20,828,9443,10271
5106,2018-03-21,835,9323,10158
5106,2018-03-22,687,9352,10039
5106,2018-03-23,695,9888,10583
5106,2018-03-24,205,6973,7178
5106,2018-03-26,577,9181,9758
5106,2018-03-27,683,9479,10162
5106,2018-03-28,778,9186,9964
5106,2018-03-31,286,9532,9818
5106,2018-04-01,81,5476,5557
5106,2018-04-02,84,5799,5883
5106,2018-04-03,962,12132,13094
5106,2018-04-04,610,9372,9982
5106,2018-04-06,790,11882,12672
5106,2018-04-07,232,8062,8294
5106,2018-04-08,61,6346,6407
5106,2018-04-09,744,10578,11322
5106,2018-04-10,773,11521,12294
5106,2018-04-11,777,10483,11260
5106,2018-04-12,1112,13568,14680
5106,2018-04-13,914,13206,14120
5106,2018-04-14,270,9594,9864
5106,2018-04-15,92,6817,6909
5106,2018-04-16,868,10170,11038
5106,2018-04-17,633,8684,9317
5106,2018-04-18,779,10632,11411
5106,2018-04-20,775,11727,12502
5106,2018-04-21,1304,20151,21455
5106,2018-04-22,122,7041,7163
5106,2018-04-23,746,9929,10675
5106,2018-04-24,550,7944,8494
5106,2018-04-25,804,10042,10846
5106,2018-04-26,745,10428,11173
5106,2018-04-27,753,10705,11458
5106,2018-04-28,279,8230,8509
5106,2018-04-29,66,5430,5496
5106,2018-04-30,694,9310,10004
5106,2018-05-01,82,5153,5235
5106,2018-05-02,716,10286,11002
5106,2018-05-03,916,10540,11456
5106,2018-05-05,374,7984,8358
5106,2018-05-06,78,6857,6935
5106,2018-05-07,704,9857,10561
5106,2018-05-08,856,12404,13260
5106,2018-05-09,854,10928,11782
5106,2018-05-10,108,5045,5153
5106,2018-05-11,536,9439,9975
5106,2018-05-12,193,7526,7719
5106,2018-05-13,58,4620,4678
5106,2018-05-14,752,9569,10321
5106,2018-05-15,909,10344,11253
5106,2018-05-16,882,9771,10653
5106,2018-05-17,871,10715,11586
5106,2018-05-19,305,6967,7272
5106,2018-05-20,63,4775,4838
5106,2018-05-21,51,5941,5992
5106,2018-05-22,936,9480,10416
5106,2018-05-23,1034,9902,10936
5106,2018-05-24,938,10588,11526
5106,2018-05-25,922,10734,11656
5106,2018-05-26,332,7225,7557
5106,2018-05-27,64,4946,5010
5106,2018-05-28,870,9824,10694
5106,2018-05-29,882,10486,11368
5106,2018-05-30,884,10240,11124
5106,2018-05-31,1004,11378,12382
5106,2018-06-02,394,9972,10366
5106,2018-06-03,168,8187,8355
5106,2018-06-04,757,10062,10819
5106,2018-06-05,773,10722,11495
5106,2018-06-06,866,10280,11146
5106,2018-06-07,821,10740,11561
5106,2018-06-08,835,10951,11786
5106,2018-06-09,336,10756,11092
5106,2018-06-10,82,6446,6528
5106,2018-06-11,778,10166,10944
5106,2018-06-12,252,2881,3133
5106,2018-06-13,48,606,654
5106,2018-06-14,902,10958,11860
5106,2018-06-15,812,11126,11938
5106,2018-06-17,64,5661,5725
5106,2018-06-18,1024,9938,10962
5106,2018-06-19,865,10260,11125
5106,2018-06-20,932,10150,11082
5106,2018-06-21,842,10680,11522
5106,2018-06-22,714,8882,9596
5106,2018-06-23,131,5717,5848
5106,2018-06-24,45,5239,5284
5106,2018-06-25,817,9849,10666
5106,2018-06-26,841,10556,11397
5106,2018-06-27,886,11108,11994
5106,2018-06-28,905,10757,11662
5106,2018-06-29,1062,11860,12922
5106,2018-07-01,69,6059,6128
5106,2018-07-02,892,10188,11080
5106,2018-07-03,846,10592,11438
5106,2018-07-04,859,10297,11156
5106,2018-07-05,877,10518,11395
5106,2018-07-06,844,11030,11874
5106,2018-07-07,244,7535,7779
5106,2018-07-08,46,6166,6212
5106,2018-07-09,1748,13514,15262
5106,2018-07-10,1652,12937,14589
5106,2018-07-11,1514,12523,14037
5106,2018-07-12,853,10943,11796
5106,2018-07-13,870,11286,12156
5106,2018-07-15,62,6054,6116
5106,2018-07-16,920,10290,11210
5106,2018-07-17,830,10034,10864
5106,2018-07-18,899,10611,11510
5106,2018-07-19,918,10537,11455
5106,2018-07-20,786,10374,11160
5106,2018-07-21,191,7072,7263
5106,2018-07-22,65,5949,6014
5106,2018-07-23,705,10081,10786
5106,2018-07-24,742,9984,10726
5106,2018-07-25,719,9963,10682
5106,2018-07-26,633,9890,10523
5106,2018-07-27,532,9383,9915
5106,2018-07-29,52,5165,5217
5106,2018-07-30,455,8673,9128
5106,2018-07-31,528,8841,9369
5106,2018-08-01,544,8992,9536
5106,2018-08-02,471,8895,9366
5106,2018-08-03,463,8902,9365
5106,2018-08-04,125,6062,6187
5106,2018-08-05,49,4741,4790
5106,2018-08-06,379,7769,8148
5106,2018-08-07,470,8146,8616
5106,2018-08-08,548,8342,8890
5106,2018-08-09,498,8238,8736
5106,2018-08-10,497,8640,9137
5106,2018-08-11,157,5896,6053
5106,2018-08-12,50,5080,5130
5106,2018-08-13,438,7510,7948
5106,2018-08-14,454,7914,8368
5106,2018-08-15,85,5422,5507
5106,2018-08-16,448,8013,8461
5106,2018-08-17,467,8033,8500
5106,2018-08-18,169,5841,6010
5106,2018-08-19,49,5238,5287
5106,2018-08-20,542,8594,9136
5106,2018-08-21,598,8734,9332
5106,2018-08-22,577,8783,9360
5106,2018-08-23,567,8934,9501
5106,2018-08-24,638,9205,9843
5106,2018-08-25,169,5777,5946
5106,2018-08-26,68,4929,4997
5106,2018-08-27,681,8862,9543
5106,2018-08-28,1000,9794,10794
5106,2018-08-29,934,8110,9044
5106,2018-08-30,758,9288,10046
5106,2018-08-31,1056,11454,12510
5106,2018-09-01,1244,11647,12891
5106,2018-09-02,89,5122,5211
5106,2018-09-03,806,9474,10280
5106,2018-09-04,841,9352,10193
5106,2018-09-05,889,9469,10358
5106,2018-09-06,868,9555,10423
5106,2018-09-07,871,9671,10542
5106,2018-09-09,111,6559,6670
5106,2018-09-10,884,9674,10558
5106,2018-09-11,908,9832,10740
5106,2018-09-12,913,10247,11160
5106,2018-09-13,626,9180,9806
5106,2018-09-14,935,10834,11769
5106,2018-09-15,648,11539,12187
5106,2018-09-16,181,8994,9175
5106,2018-09-17,919,9655,10574
5106,2018-09-18,929,10290,11219
5106,2018-09-19,901,10301,11202
5106,2018-09-20,826,10559,11385
5106,2018-09-21,830,10001,10831
5106,2018-09-23,118,4189,4307
5106,2018-09-24,709,9939,10648
5106,2018-09-25,879,10802,11681
5106,2018-09-26,905,10426,11331
5106,2018-09-27,965,10947,11912
5106,2018-09-28,870,10953,11823
5106,2018-09-29,272,8459,8731
5106,2018-09-30,431,10201,10632
5106,2018-10-01,871,10298,11169
5106,2018-10-02,841,10663,11504
5106,2018-10-03,803,10240,11043
5106,2018-10-04,848,11082,11930
5106,2018-10-05,867,11001,11868
5106,2018-10-07,92,5226,5318
5106,2018-10-08,783,9926,10709
5106,2018-10-09,746,10744,11490
5106,2018-10-10,788,10752,11540
5106,2018-10-11,719,10854,11573
5106,2018-10-12,737,11041,11778
5106,2018-10-13,217,7705,7922
5106,2018-10-14,34,5230,5264
5106,2018-10-15,654,8481,9135
5106,2018-10-16,657,8666,9323
5106,2018-10-17,626,8651,9277
5106,2018-10-18,334,5780,6114
5106,2018-10-19,1003,10937,11940
5106,2018-10-20,363,6638,7001
5106,2018-10-22,650,8642,9292
5106,2018-10-23,691,9109,9800
5106,2018-10-24,813,10242,11055
5106,2018-10-25,485,7342,7827
5106,2018-10-26,942,10492,11434
5106,2018-10-27,229,6893,7122
5106,2018-10-29,773,10120,10893
5106,2018-10-30,705,10217,10922
5106,2018-10-31,850,10608,11458
5106,2018-11-01,92,4474,4566
5106,2018-11-02,508,8381,8889
5106,2018-11-03,202,6004,6206
5106,2018-11-06,710,9153,9863
5106,2018-11-07,919,10556,11475
5106,2018-11-08,972,10674,11646
5106,2018-11-09,963,10876,11839
5106,2018-11-10,192,6753,6945
5106,2018-11-11,63,4477,4540
5106,2018-11-12,852,10135,10987
5106,2018-11-13,877,10671,11548
5106,2018-11-14,926,10764,11690
5106,2018-11-15,1080,10832,11912
5106,2018-11-16,689,9003,9692
5106,2018-11-17,168,5581,5749
5106,2018-11-18,48,3528,3576
5106,2018-11-20,879,10449,11328
5106,2018-11-21,906,10349,11255
5106,2018-11-22,898,10516,11414
5106,2018-11-23,708,9113,9821
5106,2018-11-24,228,6942,7170
5106,2018-11-25,96,5696,5792
5106,2018-11-26,762,10125,10887
5106,2018-11-27,916,10636,11552
5106,2018-11-28,759,10751,11510
5106,2018-11-29,923,10824,11747
5106,2018-11-30,826,10931,11757
5106,2018-12-01,187,6640,6827
5106,2018-12-02,48,4235,4283
5106,2018-12-03,704,9450,10154
5106,2018-12-04,885,10980,11865
5106,2018-12-05,934,10640,11574
5106,2018-12-06,865,10769,11634
5106,2018-12-07,957,10430,11387
5106,2018-12-08,260,6364,6624
5106,2018-12-09,281,4390,4671
5119,2018-01-12,646,15330,15976
5119,2018-01-13,109,12412,12521
5119,2018-01-14,38,9018,9056
5119,2018-01-15,618,13706,14324
5119,2018-01-16,654,14072,14726
5119,2018-01-17,600,14602,15202
5119,2018-01-18,614,14216,14830
5119,2018-01-19,519,15797,16316
5119,2018-01-20,85,12336,12421
5119,2018-01-21,32,8514,8546
5119,2018-01-22,526,13238,13764
5119,2018-01-23,636,14368,15004
5119,2018-01-24,656,14345,15001
5119,2018-01-25,586,13752,14338
5119,2018-01-26,607,15267,15874
5119,2018-01-27,86,12461,12547
5119,2018-01-28,41,8789,8830
5119,2018-01-29,558,14139,14697
5119,2018-01-30,604,14728,15332
5119,2018-01-31,682,13274,13956
5119,2018-02-01,629,14866,15495
5119,2018-02-02,515,15053,15568
5119,2018-02-03,106,12701,12807
5119,2018-02-04,36,8740,8776
5119,2018-02-05,567,14208,14775
5119,2018-02-06,527,13370,13897
5119,2018-02-07,625,14298,14923
5119,2018-02-08,612,15082,15694
5119,2018-02-09,566,15286,15852
5119,2018-02-10,61,11709,11770
5119,2018-02-11,44,8101,8145
5119,2018-02-12,474,13356,13830
5119,2018-02-13,535,13927,14462
5119,2018-02-14,709,14419,15128
5119,2018-02-15,624,13813,14437
5119,2018-02-17,92,11996,12088
5119,2018-02-18,41,8948,8989
5119,2018-02-19,674,14424,15098
5119,2018-02-20,663,15001,15664
5119,2018-02-21,692,15306,15998
5119,2018-02-22,634,15157,15791
5119,2018-02-23,669,15848,16517
5119,2018-02-24,99,12643,12742
5119,2018-02-25,29,8787,8816
5119,2018-02-26,537,14577,15114
5119,2018-02-27,539,14971,15510
5119,2018-02-28,588,14832,15420
5119,2018-03-01,585,15116,15701
5119,2018-03-03,93,11688,11781
5119,2018-03-04,58,8475,8533
5119,2018-03-05,512,14954,15466
5119,2018-03-06,562,15323,15885
5119,2018-03-07,680,15084,15764
5119,2018-03-08,701,15423,16124
5119,2018-03-09,716,14848,15564
5119,2018-03-10,134,12379,12513
5119,2018-03-11,52,9643,9695
5119,2018-03-12,679,14938,15617
5119,2018-03-13,711,15250,15961
5119,2018-03-14,654,15109,15763
5119,2018-03-15,664,14386,15050
5119,2018-03-17,108,13015,13123
5119,2018-03-18,44,8832,8876
5119,2018-03-19,634,14533,15167
5119,2018-03-20,693,14875,15568
5119,2018-03-21,669,15051,15720
5119,2018-03-22,691,14632,15323
5119,2018-03-23,676,15591,16267
5119,2018-03-24,202,13433,13635
5119,2018-03-26,629,14817,15446
5119,2018-03-27,687,15334,16021
5119,2018-03-28,798,14724,15522
5119,2018-03-29,700,15964,16664
5119,2018-03-31,186,12692,12878
5119,2018-04-01,53,8418,8471
5119,2018-04-02,40,7730,7770
5119,2018-04-03,574,12792,13366
5119,2018-04-04,670,12380,13050
5119,2018-04-05,734,14112,14846
5119,2018-04-07,163,12170,12333
5119,2018-04-08,37,9707,9744
5119,2018-04-09,578,13845,14423
5119,2018-04-10,626,13128,13754
5119,2018-04-11,661,14631,15292
5119,2018-04-12,706,14313,15019
5119,2018-04-13,627,15178,15805
5119,2018-04-14,216,12517,12733
5119,2018-04-15,36,9598,9634
5119,2018-04-16,680,15165,15845
5119,2018-04-17,664,15208,15872
5119,2018-04-18,748,15557,16305
5119,2018-04-19,658,15408,16066
5119,2018-04-20,718,15793,16511
5119,2018-04-21,132,13301,13433
5119,2018-04-22,53,9463,9516
5119,2018-04-23,681,14888,15569
5119,2018-04-24,664,16401,17065
5119,2018-04-25,740,15387,16127
5119,2018-04-26,639,15748,16387
5119,2018-04-27,688,16642,17330
5119,2018-04-28,188,13922,14110
5119,2018-04-29,34,9422,9456
5119,2018-04-30,518,14330,14848
5119,2018-05-01,47,9837,9884
5119,2018-05-02,610,15539,16149
5119,2018-05-03,647,15686,16333
5119,2018-05-05,125,14205,14330
5119,2018-05-06,49,10953,11002
5119,2018-05-07,638,15214,15852
5119,2018-05-08,587,16080,16667
5119,2018-05-09,678,16718,17396
5119,2018-05-10,46,8718,8764
5119,2018-05-11,479,15544,16023
5119,2018-05-12,114,13116,13230
5119,2018-05-13,52,9374,9426
5119,2018-05-14,610,14260,14870
5119,2018-05-15,650,15563,16213
5119,2018-05-16,707,15335,16042
5119,2018-05-17,805,16266,17071
5119,2018-05-19,227,12909,13136
5119,2018-05-20,44,8982,9026
5119,2018-05-21,58,7634,7692
5119,2018-05-22,642,14014,14656
5119,2018-05-23,746,13682,14428
5119,2018-05-24,646,14101,14747
5119,2018-05-25,641,14910,15551
5119,2018-05-26,236,12508,12744
5119,2018-05-27,85,9169,9254
5119,2018-05-28,692,14506,15198
5119,2018-05-29,696,15210,15906
5119,2018-05-30,704,15432,16136
5119,2018-05-31,678,15560,16238
5119,2018-06-02,154,13451,13605
5119,2018-06-03,40,9745,9785
5119,2018-06-04,646,14864,15510
5119,2018-06-05,657,15357,16014
5119,2018-06-06,726,15386,16112
5119,2018-06-07,754,15392,16146
5119,2018-06-08,661,16381,17042
5119,2018-06-09,170,13668,13838
5119,2018-06-10,44,10202,10246
5119,2018-06-11,570,12628,13198
5119,2018-06-12,652,14684,15336
5119,2018-06-13,624,15531,16155
5119,2018-06-14,710,15718,16428
5119,2018-06-16,116,13995,14111
5119,2018-06-17,51,10306,10357
5119,2018-06-18,601,15002,15603
5119,2018-06-19,657,15765,16422
5119,2018-06-20,747,15399,16146
5119,2018-06-21,679,15860,16539
5119,2018-06-22,609,16232,16841
5119,2018-06-23,50,9789,9839
5119,2018-06-24,48,9192,9240
5119,2018-06-25,660,15169,15829
5119,2018-06-26,630,15094,15724
5119,2018-06-27,683,15700,16383
5119,2018-06-28,680,15891,16571
5119,2018-06-29,619,17122,17741
5119,2018-06-30,128,14237,14365
5119,2018-07-01,40,10484,10524
5119,2018-07-02,687,15601,16288
5119,2018-07-03,646,15863,16509
5119,2018-07-04,700,15822,16522
5119,2018-07-05,608,15618,16226
5119,2018-07-06,599,16547,17146
5119,2018-07-07,124,13294,13418
5119,2018-07-08,72,10662,10734
5119,2018-07-09,595,15373,15968
5119,2018-07-10,663,15840,16503
5119,2018-07-11,726,15740,16466
5119,2018-07-12,611,16357,16968
5119,2018-07-14,120,13708,13828
5119,2018-07-15,37,9530,9567
5119,2018-07-16,585,14738,15323
5119,2018-07-17,704,15343,16047
5119,2018-07-18,674,15153,15827
5119,2018-07-19,710,15651,16361
5119,2018-07-21,121,12738,12859
5119,2018-07-22,30,9183,9213
5119,2018-07-23,688,14319,15007
5119,2018-07-24,713,14726,15439
5119,2018-07-25,791,14958,15749
5119,2018-07-26,686,15161,15847
5119,2018-07-27,592,14360,14952
5119,2018-07-28,88,10538,10626
5119,2018-07-29,38,7940,7978
5119,2018-07-30,535,12417,12952
5119,2018-07-31,606,12522,13128
5119,2018-08-01,556,11836,12392
5119,2018-08-02,558,12775,13333
5119,2018-08-04,80,9575,9655
5119,2018-08-05,13,7440,7453
5119,2018-08-06,399,10985,11384
5119,2018-08-07,478,11399,11877
5119,2018-08-08,480,10900,11380
5119,2018-08-09,474,11058,11532
5119,2018-08-10,416,11630,12046
5119,2018-08-11,70,8891,8961
5119,2018-08-12,25,7051,7076
5119,2018-08-13,318,10030,10348
5119,2018-08-14,362,11206,11568
5119,2018-08-15,25,6527,6552
5119,2018-08-16,385,11647,12032
5119,2018-08-17,292,11494,11786
5119,2018-08-18,68,9128,9196
5119,2018-08-19,38,7279,7317
5119,2018-08-20,281,11880,12161
5119,2018-08-21,447,12296,12743
5119,2018-08-22,347,12437,12784
5119,2018-08-23,550,12491,13041
5119,2018-08-24,465,12888,13353
5119,2018-08-25,120,10226,10346
5119,2018-08-26,52,8005,8057
5119,2018-08-27,542,12988,13530
5119,2018-08-28,591,14317,14908
5119,2018-08-29,650,13748,14398
5119,2018-08-30,576,14590,15166
5119,2018-08-31,598,14858,15456
5119,2018-09-01,158,12189,12347
5119,2018-09-02,53,9039,9092
5119,2018-09-03,608,14443,15051
5119,2018-09-04,608,14975,15583
5119,2018-09-05,690,14859,15549
5119,2018-09-06,690,14590,15280
5119,2018-09-08,149,12393,12542
5119,2018-09-09,52,9482,9534
5119,2018-09-10,601,14542,15143
5119,2018-09-11,603,15372,15975
5119,2018-09-12,636,15319,15955
5119,2018-09-13,765,15626,16391
5119,2018-09-14,668,15789,16457
5119,2018-09-15,175,13919,14094
5119,2018-09-16,36,9540,9576
5119,2018-09-17,666,15972,16638
5119,2018-09-18,617,16336,16953
5119,2018-09-19,699,16149,16848
5119,2018-09-20,705,16219,16924
5119,2018-09-22,167,13587,13754
5119,2018-09-23,55,9132,9187
5119,2018-09-24,602,15471,16073
5119,2018-09-25,669,15802,16471
5119,2018-09-26,745,14638,15383
5119,2018-09-27,731,16391,17122
5119,2018-09-28,659,16977,17636
5119,2018-09-29,142,14644,14786
5119,2018-09-30,60,11856,11916
5119,2018-10-01,662,15640,16302
5119,2018-10-02,718,16213,16931
5119,2018-10-03,750,16057,16807
5119,2018-10-04,742,16530,17272
5119,2018-10-06,120,13546,13666
5119,2018-10-07,55,10094,10149
5119,2018-10-08,678,15564,16242
5119,2018-10-09,696,16272,16968
5119,2018-10-10,704,16142,16846
5119,2018-10-11,672,16324,16996
5119,2018-10-12,668,16999,17667
5119,2018-10-13,125,14081,14206
5119,2018-10-14,43,10503,10546
5119,2018-10-15,629,15690,16319
5119,2018-10-16,647,16121,16768
5119,2018-10-17,714,16104,16818
5119,2018-10-18,783,16058,16841
5119,2018-10-19,653,16783,17436
5119,2018-10-20,190,14055,14245
5119,2018-10-21,45,10504,10549
5119,2018-10-22,688,15390,16078
5119,2018-10-23,764,15989,16753
5119,2018-10-24,898,15873,16771
5119,2018-10-25,771,16373,17144
5119,2018-10-27,149,14034,14183
5119,2018-10-28,37,9427,9464
5119,2018-10-29,682,14546,15228
5119,2018-10-30,718,14198,14916
5119,2018-10-31,765,14543,15308
5119,2018-11-01,36,8878,8914
5119,2018-11-03,98,12213,12311
5119,2018-11-04,52,9378,9430
5119,2018-11-05,637,14830,15467
5119,2018-11-06,647,15558,16205
5119,2018-11-07,693,15992,16685
5119,2018-11-08,741,16143,16884
5119,2018-11-10,92,12924,13016
5119,2018-11-11,28,9048,9076
5119,2018-11-12,706,14796,15502
5119,2018-11-13,643,15877,16520
5119,2018-11-14,693,16098,16791
5119,2018-11-15,650,16124,16774
5119,2018-11-16,675,16852,17527
5119,2018-11-17,125,14055,14180
5119,2018-11-18,35,9740,9775
5119,2018-11-19,614,14490,15104
5119,2018-11-20,713,15702,16415
5119,2018-11-21,695,16061,16756
5119,2018-11-22,698,16171,16869
5119,2018-11-23,633,16808,17441
5119,2018-11-24,98,13044,13142
5119,2018-11-25,17,10166,10183
5119,2018-11-26,648,15604,16252
5119,2018-11-27,663,15802,16465
5119,2018-11-28,637,15848,16485
5119,2018-11-29,710,16059,16769
5119,2018-12-01,104,13168,13272
5119,2018-12-02,28,9546,9574
5119,2018-12-03,554,14218,14772
5119,2018-12-04,682,15898,16580
5119,2018-12-05,739,16053,16792
5119,2018-12-06,651,15922,16573
5119,2018-12-07,660,15688,16348
5119,2018-12-08,90,13224,13314
5119,2018-12-09,132,9532,9664
5119,2018-12-10,569,15641,16210
5119,2018-12-11,651,16037,16688
5119,2018-12-12,659,15926,16585
5119,2018-12-13,700,16538,17238
5119,2018-12-14,669,17426,18095
5119,2018-12-15,119,14347,14466
5119,2018-12-16,43,9482,9525
5119,2018-12-17,730,15074,15804
5119,2018-12-18,691,16588,17279
5119,2018-12-19,784,15774,16558
5119,2018-12-20,714,16494,17208
5119,2018-12-21,460,16444,16904
5119,2018-12-22,93,12977,13070
5119,2018-12-23,38,9620,9658
5119,2018-12-24,210,11944,12154
5119,2018-12-25,17,7058,7075
5119,2018-12-26,15,7237,7252
5119,2018-12-27,265,12062,12327
5119,2018-12-28,273,12448,12721
5119,2018-12-29,83,10748,10831
5119,2018-12-30,26,8133,8159
5119,2018-12-31,122,11057,11179
5120,2018-01-12,314,5915,6229
5120,2018-01-13,213,5568,5781
5120,2018-01-14,57,4323,4380
5120,2018-01-15,334,4974,5308
5120,2018-01-16,326,5464,5790
5120,2018-01-17,324,5436,5760
5120,2018-01-18,318,5672,5990
5120,2018-01-19,319,6008,6327
5120,2018-01-20,248,5436,5684
5120,2018-01-21,61,4157,4218
5120,2018-01-22,302,5426,5728
5120,2018-01-23,295,5512,5807
5120,2018-01-24,291,5314,5605
5120,2018-01-25,314,5456,5770
5120,2018-01-26,311,6027,6338
5120,2018-01-27,218,5546,5764
5120,2018-01-28,57,4186,4243
5120,2018-01-29,291,5362,5653
5120,2018-01-30,310,5423,5733
5120,2018-01-31,298,5092,5390
5120,2018-02-01,286,5543,5829
5120,2018-02-02,307,5733,6040
5120,2018-02-03,216,5611,5827
5120,2018-02-04,59,4084,4143
5120,2018-02-05,306,5480,5786
5120,2018-02-06,260,5213,5473
5120,2018-02-07,312,5291,5603
5120,2018-02-08,311,5579,5890
5120,2018-02-09,313,5863,6176
5120,2018-02-10,247,5378,5625
5120,2018-02-11,106,4001,4107
5120,2018-02-12,282,5389,5671
5120,2018-02-13,276,5547,5823
5120,2018-02-14,277,5505,5782
5120,2018-02-15,286,5098,5384
5120,2018-02-17,227,5359,5586
5120,2018-02-18,72,4392,4464
5120,2018-02-19,311,5548,5859
5120,2018-02-20,312,5752,6064
5120,2018-02-21,312,5730,6042
5120,2018-02-22,316,5920,6236
5120,2018-02-23,308,6246,6554
5120,2018-02-24,224,5832,6056
5120,2018-02-25,61,4427,4488
5120,2018-02-26,326,5845,6171
5120,2018-02-27,308,5900,6208
5120,2018-02-28,309,5714,6023
5120,2018-03-01,327,5873,6200
5120,2018-03-03,222,6223,6445
5120,2018-03-04,68,4116,4184
5120,2018-03-05,325,5779,6104
5120,2018-03-06,309,5997,6306
5120,2018-03-07,358,5524,5882
5120,2018-03-08,346,5600,5946
5120,2018-03-09,329,6094,6423
5120,2018-03-10,220,6883,7103
5120,2018-03-11,66,4713,4779
5120,2018-03-12,332,5466,5798
5120,2018-03-13,344,5444,5788
5120,2018-03-14,304,5802,6106
5120,2018-03-15,286,5738,6024
5120,2018-03-17,189,5827,6016
5120,2018-03-18,64,4274,4338
5120,2018-03-19,314,5692,6006
5120,2018-03-20,295,5764,6059
5120,2018-03-21,321,5824,6145
5120,2018-03-22,300,5530,5830
5120,2018-03-23,307,6185,6492
5120,2018-03-24,207,6230,6437
5120,2018-03-26,306,5696,6002
5120,2018-03-27,340,5805,6145
5120,2018-03-28,306,5736,6042
5120,2018-03-29,277,6465,6742
5120,2018-03-31,211,6170,6381
5120,2018-04-01,62,4280,4342
5120,2018-04-02,56,3730,3786
5120,2018-04-03,294,5572,5866
5120,2018-04-04,302,5588,5890
5120,2018-04-05,304,5716,6020
5120,2018-04-07,174,5695,5869
5120,2018-04-08,61,4974,5035
5120,2018-04-09,269,5407,5676
5120,2018-04-10,294,5562,5856
5120,2018-04-11,265,5624,5889
5120,2018-04-12,276,5874,6150
5120,2018-04-13,290,6313,6603
5120,2018-04-14,208,6041,6249
5120,2018-04-15,77,5078,5155
5120,2018-04-16,339,5946,6285
5120,2018-04-17,317,6283,6600
5120,2018-04-18,326,6367,6693
5120,2018-04-19,278,6558,6836
5120,2018-04-20,325,6786,7111
5120,2018-04-21,204,6587,6791
5120,2018-04-22,60,5198,5258
5120,2018-04-23,344,5990,6334
5120,2018-04-24,309,6054,6363
5120,2018-04-25,342,5704,6046
5120,2018-04-26,317,6416,6733
5120,2018-04-27,309,6495,6804
5120,2018-04-28,234,6082,6316
5120,2018-04-29,58,4536,4594
5120,2018-04-30,306,6070,6376
5120,2018-05-01,49,3973,4022
5120,2018-05-02,307,5981,6288
5120,2018-05-03,295,6046,6341
5120,2018-05-05,205,6607,6812
5120,2018-05-06,57,5068,5125
5120,2018-05-07,306,5970,6276
5120,2018-05-08,289,6198,6487
5120,2018-05-09,288,6655,6943
5120,2018-05-10,70,4270,4340
5120,2018-05-11,286,6604,6890
5120,2018-05-12,238,5870,6108
5120,2018-05-13,64,4368,4432
5120,2018-05-14,352,5450,5802
5120,2018-05-15,280,5900,6180
5120,2018-05-16,281,5840,6121
5120,2018-05-17,258,5908,6166
5120,2018-05-19,219,6121,6340
5120,2018-05-20,56,4257,4313
5120,2018-05-21,70,3958,4028
5120,2018-05-22,262,5608,5870
5120,2018-05-23,294,5362,5656
5120,2018-05-24,260,5668,5928
5120,2018-05-25,279,6033,6312
5120,2018-05-26,190,5769,5959
5120,2018-05-27,59,4526,4585
5120,2018-05-28,332,5684,6016
5120,2018-05-29,336,5830,6166
5120,2018-05-30,330,5914,6244
5120,2018-05-31,342,6042,6384
5120,2018-06-02,203,6151,6354
5120,2018-06-03,61,4810,4871
5120,2018-06-04,306,6191,6497
5120,2018-06-05,299,6012,6311
5120,2018-06-06,322,5748,6070
5120,2018-06-07,336,5772,6108
5120,2018-06-08,291,6402,6693
5120,2018-06-09,268,6148,6416
5120,2018-06-10,58,4962,5020
5120,2018-06-11,324,5498,5822
5120,2018-06-12,301,5819,6120
5120,2018-06-13,306,5913,6219
5120,2018-06-14,366,5704,6070
5120,2018-06-16,204,6096,6300
5120,2018-06-17,64,4892,4956
5120,2018-06-18,330,6023,6353
5120,2018-06-19,316,5953,6269
5120,2018-06-20,303,6103,6406
5120,2018-06-21,299,6125,6424
5120,2018-06-22,328,6747,7075
5120,2018-06-23,84,4241,4325
5120,2018-06-24,65,4876,4941
5120,2018-06-25,305,5829,6134
5120,2018-06-26,305,6235,6540
5120,2018-06-27,273,6030,6303
5120,2018-06-28,291,6249,6540
5120,2018-06-29,302,6632,6934
5120,2018-06-30,208,6254,6462
5120,2018-07-01,68,5059,5127
5120,2018-07-02,310,6271,6581
5120,2018-07-03,308,6406,6714
5120,2018-07-04,287,6205,6492
5120,2018-07-05,316,5772,6088
5120,2018-07-06,306,6557,6863
5120,2018-07-07,227,6665,6892
5120,2018-07-08,56,5578,5634
5120,2018-07-09,312,6144,6456
5120,2018-07-10,291,6255,6546
5120,2018-07-11,259,6235,6494
5120,2018-07-12,290,6413,6703
5120,2018-07-14,200,5943,6143
5120,2018-07-15,66,4711,4777
5120,2018-07-16,284,5819,6103
5120,2018-07-17,272,5762,6034
5120,2018-07-18,274,5774,6048
5120,2018-07-19,266,6048,6314
5120,2018-07-21,213,5500,5713
5120,2018-07-22,59,4561,4620
5120,2018-07-23,294,5602,5896
5120,2018-07-24,269,5640,5909
5120,2018-07-25,272,5779,6051
5120,2018-07-26,268,5900,6168
5120,2018-07-27,267,5604,5871
5120,2018-07-28,244,4968,5212
5120,2018-07-29,49,4044,4093
5120,2018-07-30,280,4813,5093
5120,2018-07-31,286,4706,4992
5120,2018-08-01,286,4727,5013
5120,2018-08-02,270,4784,5054
5120,2018-08-04,215,4307,4522
5120,2018-08-05,48,3505,3553
5120,2018-08-06,248,4518,4766
5120,2018-08-07,306,4378,4684
5120,2018-08-08,308,4174,4482
5120,2018-08-09,304,4168,4472
5120,2018-08-10,288,4366,4654
5120,2018-08-11,201,3907,4108
5120,2018-08-12,44,3421,3465
5120,2018-08-13,290,3962,4252
5120,2018-08-14,280,4559,4839
5120,2018-08-15,54,2921,2975
5120,2018-08-16,283,4225,4508
5120,2018-08-17,259,4444,4703
5120,2018-08-18,208,4154,4362
5120,2018-08-19,51,3759,3810
5120,2018-08-20,259,4363,4622
5120,2018-08-21,277,4558,4835
5120,2018-08-22,271,4582,4853
5120,2018-08-23,295,4607,4902
5120,2018-08-24,269,4954,5223
5120,2018-08-25,246,4478,4724
5120,2018-08-26,54,3953,4007
5120,2018-08-27,312,4900,5212
5120,2018-08-28,276,4906,5182
5120,2018-08-29,322,4922,5244
5120,2018-08-30,260,5080,5340
5120,2018-08-31,277,5328,5605
5120,2018-09-01,212,4928,5140
5120,2018-09-02,56,4018,4074
5120,2018-09-03,288,4956,5244
5120,2018-09-04,272,5172,5444
5120,2018-09-05,274,5082,5356
5120,2018-09-06,334,5188,5522
5120,2018-09-08,225,5180,5405
5120,2018-09-09,59,4362,4421
5120,2018-09-10,278,5380,5658
5120,2018-09-11,273,5459,5732
5120,2018-09-12,277,5662,5939
5120,2018-09-13,288,5614,5902
5120,2018-09-27,323,6111,6434
5120,2018-09-28,317,6321,6638
5120,2018-09-29,224,6004,6228
5120,2018-09-30,58,5110,5168
5120,2018-10-01,331,5894,6225
5120,2018-10-02,311,5794,6105
5120,2018-10-04,338,6195,6533
5120,2018-10-05,364,6470,6834
5120,2018-10-06,242,5955,6197
5120,2018-10-07,66,4858,4924
5120,2018-10-08,361,5991,6352
5120,2018-10-09,338,6131,6469
5120,2018-10-10,363,6078,6441
5120,2018-10-11,350,6200,6550
5120,2018-10-12,327,6567,6894
5120,2018-10-13,243,6162,6405
5120,2018-10-14,71,5441,5512
5120,2018-10-15,347,5944,6291
5120,2018-10-16,369,6091,6460
5120,2018-10-17,350,5955,6305
5120,2018-10-18,354,6182,6536
5120,2018-10-19,325,6419,6744
5120,2018-10-20,244,6116,6360
5120,2018-10-21,74,5061,5135
5120,2018-10-22,352,5865,6217
5120,2018-10-23,347,5992,6339
5120,2018-10-25,334,6027,6361
5120,2018-10-26,371,6490,6861
5120,2018-10-27,242,5895,6137
5120,2018-10-28,57,4716,4773
5120,2018-10-29,338,5692,6030
5120,2018-10-30,318,5394,5712
5120,2018-11-01,86,4440,4526
5120,2018-11-02,317,5677,5994
5120,2018-11-03,253,5518,5771
5120,2018-11-04,54,4402,4456
5120,2018-11-05,347,6175,6522
5120,2018-11-06,358,6225,6583
5120,2018-11-08,342,6115,6457
5120,2018-11-09,337,6343,6680
5120,2018-11-10,260,5950,6210
5120,2018-11-11,56,4382,4438
5120,2018-11-12,370,5650,6020
5120,2018-11-13,352,5520,5872
5120,2018-11-14,339,5945,6284
5120,2018-11-15,338,6070,6408
5120,2018-11-16,352,6478,6830
5120,2018-11-17,245,6072,6317
5120,2018-11-18,59,4450,4509
5120,2018-11-19,344,5948,6292
5120,2018-11-20,346,6031,6377
5120,2018-11-21,340,5811,6151
5120,2018-11-22,326,5979,6305
5120,2018-11-23,355,6793,7148
5120,2018-11-24,250,5616,5866
5120,2018-11-25,54,4422,4476
5120,2018-11-26,360,5726,6086
5120,2018-11-27,336,5821,6157
5120,2018-11-29,348,5857,6205
5120,2018-11-30,340,5726,6066
5120,2018-12-01,252,5594,5846
5120,2018-12-02,50,4152,4202
5120,2018-12-03,308,4972,5280
5120,2018-12-04,356,5502,5858
5120,2018-12-05,348,5780,6128
5120,2018-12-06,360,5724,6084
5120,2018-12-07,362,5654,6016
5120,2018-12-08,240,5306,5546
5120,2018-12-09,48,4144,4192
5120,2018-12-10,343,5829,6172
5120,2018-12-11,348,5857,6205
5120,2018-12-12,329,5769,6098
5120,2018-12-13,369,5955,6324
5120,2018-12-14,343,6373,6716
5120,2018-12-15,250,5881,6131
5120,2018-12-16,59,4057,4116
5120,2018-12-17,340,5390,5730
5120,2018-12-18,331,5959,6290
5120,2018-12-19,336,5674,6010
5120,2018-12-20,336,5848,6184
5120,2018-12-21,314,6186,6500
5120,2018-12-22,244,5550,5794
5120,2018-12-23,48,4214,4262
5120,2018-12-24,294,5522,5816
5120,2018-12-25,35,3223,3258
5120,2018-12-26,53,3296,3349
5120,2018-12-27,296,4856,5152
5120,2018-12-28,297,4960,5257
5120,2018-12-29,235,4796,5031
5120,2018-12-30,59,3698,3757
5120,2018-12-31,295,4978,5273
17563,2018-01-01,2,3884,3886
17563,2018-01-02,60,12669,12729
17563,2018-01-03,82,13992,14074
17563,2018-01-04,77,14895,14972
17563,2018-01-05,97,15509,15606
17563,2018-01-06,39,9913,9952
17563,2018-01-07,12,6536,6548
17563,2018-01-08,133,16644,16777
17563,2018-01-09,156,17289,17445
17563,2018-01-10,171,17174,17345
17563,2018-01-11,164,17464,17628
17563,2018-01-12,162,17865,18027
17563,2018-01-13,33,10859,10892
17563,2018-01-14,9,6456,6465
17563,2018-01-15,170,16360,16530
17563,2018-01-16,188,16796,16984
17563,2018-01-17,193,16916,17109
17563,2018-01-18,166,17200,17366
17563,2018-01-19,164,17894,18058
17563,2018-01-20,36,10503,10539
17563,2018-01-21,11,6189,6200
17563,2018-01-22,167,16783,16950
17563,2018-01-23,181,17370,17551
17563,2018-01-24,164,17163,17327
17563,2018-01-25,198,17527,17725
17563,2018-01-26,183,17929,18112
17563,2018-01-27,35,10708,10743
17563,2018-01-28,13,6325,6338
17563,2018-01-29,169,16839,17008
17563,2018-01-30,175,17615,17790
17563,2018-01-31,187,17385,17572
17563,2018-02-01,205,17829,18034
17563,2018-02-02,198,17490,17688
17563,2018-02-03,41,10630,10671
17563,2018-02-04,8,6268,6276
17563,2018-02-05,153,16771,16924
17563,2018-02-06,283,14720,15003
17563,2018-02-07,137,16532,16669
17563,2018-02-08,140,17407,17547
17563,2018-02-09,169,17675,17844
17563,2018-02-10,35,10138,10173
17563,2018-02-11,5,5940,5945
17563,2018-02-12,162,17345,17507
17563,2018-02-13,160,17595,17755
17563,2018-02-14,179,17558,17737
17563,2018-02-15,189,18042,18231
17563,2018-02-16,212,18421,18633
17563,2018-02-17,60,11159,11219
17563,2018-02-18,9,6513,6522
17563,2018-02-19,165,17216,17381
17563,2018-02-20,170,17657,17827
17563,2018-02-21,191,17396,17587
17563,2018-02-22,180,17768,17948
17563,2018-02-23,184,17951,18135
17563,2018-02-24,33,10929,10962
17563,2018-02-25,8,6264,6272
17563,2018-02-26,143,16509,16652
17563,2018-02-27,135,17073,17208
17563,2018-02-28,125,16668,16793
17563,2018-03-01,121,16753,16874
17563,2018-03-02,114,16212,16326
17563,2018-03-03,32,10075,10107
17563,2018-03-04,12,6223,6235
17563,2018-03-05,184,16430,16614
17563,2018-03-06,161,16500,16661
17563,2018-03-07,167,16385,16552
17563,2018-03-08,174,17033,17207
17563,2018-03-09,195,17239,17434
17563,2018-03-10,44,10881,10925
17563,2018-03-11,7,6922,6929
17563,2018-03-12,179,17546,17725
17563,2018-03-13,202,17918,18120
17563,2018-03-14,180,17715,17895
17563,2018-03-15,167,18138,18305
17563,2018-03-16,241,18436,18677
17563,2018-03-17,44,11045,11089
17563,2018-03-18,9,5929,5938
17563,2018-03-19,176,16855,17031
17563,2018-03-20,188,18119,18307
17563,2018-03-21,193,17914,18107
17563,2018-03-22,215,18231,18446
17563,2018-03-23,224,18577,18801
17563,2018-03-24,38,11237,11275
17563,2018-03-25,NA,77,NA
17563,2018-03-26,213,17418,17631
17563,2018-03-27,223,18244,18467
17563,2018-03-28,242,18494,18736
17563,2018-03-29,231,18425,18656
17563,2018-03-30,173,17902,18075
17563,2018-03-31,45,11365,11410
17563,2018-04-01,12,6180,6192
17563,2018-04-02,9,5461,5470
17563,2018-04-03,206,18231,18437
17563,2018-04-04,195,17445,17640
17563,2018-04-05,209,18568,18777
17563,2018-04-06,186,19110,19296
17563,2018-04-07,33,11329,11362
17563,2018-04-08,9,6776,6785
17563,2018-04-09,157,17993,18150
17563,2018-04-10,209,19034,19243
17563,2018-04-11,174,18128,18302
17563,2018-04-12,220,18745,18965
17563,2018-04-13,227,19325,19552
17563,2018-04-14,52,11176,11228
17563,2018-04-15,10,6973,6983
17563,2018-04-16,196,18179,18375
17563,2018-04-17,184,18675,18859
17563,2018-04-18,179,18207,18386
17563,2018-04-19,225,18051,18276
17563,2018-04-20,204,18846,19050
17563,2018-04-21,50,11612,11662
17563,2018-04-22,8,7065,7073
17563,2018-04-23,157,16670,16827
17563,2018-04-24,186,16493,16679
17563,2018-04-25,208,16594,16802
17563,2018-04-26,196,16972,17168
17563,2018-04-27,168,14208,14376
17563,2018-04-28,51,10801,10852
17563,2018-04-29,11,6291,6302
17563,2018-04-30,120,14561,14681
17563,2018-05-01,14,6249,6263
17563,2018-05-02,180,14653,14833
17563,2018-05-03,163,15840,16003
17563,2018-05-04,197,15991,16188
17563,2018-05-05,39,11389,11428
17563,2018-05-06,12,6783,6795
17563,2018-05-07,188,16841,17029
17563,2018-05-08,131,17283,17414
17563,2018-05-09,160,17076,17236
17563,2018-05-10,16,6051,6067
17563,2018-05-11,151,15091,15242
17563,2018-05-12,37,10640,10677
17563,2018-05-13,16,6741,6757
17563,2018-05-14,165,16990,17155
17563,2018-05-15,174,17026,17200
17563,2018-05-16,219,17012,17231
17563,2018-05-17,189,17242,17431
17563,2018-05-18,249,16993,17242
17563,2018-05-19,42,11451,11493
17563,2018-05-20,10,6202,6212
17563,2018-05-21,14,5723,5737
17563,2018-05-22,178,16381,16559
17563,2018-05-23,221,16768,16989
17563,2018-05-24,196,17633,17829
17563,2018-05-25,205,17669,17874
17563,2018-05-26,49,11125,11174
17563,2018-05-27,15,6807,6822
17563,2018-05-28,180,16867,17047
17563,2018-05-29,264,16937,17201
17563,2018-05-30,284,16680,16964
17563,2018-05-31,300,17798,18098
17563,2018-06-01,232,18142,18374
17563,2018-06-02,35,11604,11639
17563,2018-06-03,6,7301,7307
17563,2018-06-04,190,15919,16109
17563,2018-06-05,240,16600,16840
17563,2018-06-06,219,16713,16932
17563,2018-06-07,197,17387,17584
17563,2018-06-08,209,17830,18039
17563,2018-06-09,37,11810,11847
17563,2018-06-10,13,6972,6985
17563,2018-06-11,187,16899,17086
17563,2018-06-12,183,17229,17412
17563,2018-06-13,197,16954,17151
17563,2018-06-14,208,17732,17940
17563,2018-06-15,218,17720,17938
17563,2018-06-16,45,11000,11045
17563,2018-06-17,15,6500,6515
17563,2018-06-18,188,16789,16977
17563,2018-06-19,201,16945,17146
17563,2018-06-20,201,16985,17186
17563,2018-06-21,219,17423,17642
17563,2018-06-22,223,17193,17416
17563,2018-06-23,30,8055,8085
17563,2018-06-24,14,6972,6986
17563,2018-06-25,168,16456,16624
17563,2018-06-26,192,16843,17035
17563,2018-06-27,196,16975,17171
17563,2018-06-28,211,17442,17653
17563,2018-06-29,222,17835,18057
17563,2018-06-30,44,9832,9876
17563,2018-07-01,9,7509,7518
17563,2018-07-02,219,17052,17271
17563,2018-07-03,189,17065,17254
17563,2018-07-04,204,17221,17425
17563,2018-07-05,193,17646,17839
17563,2018-07-06,186,17189,17375
17563,2018-07-07,54,11468,11522
17563,2018-07-08,9,7521,7530
17563,2018-07-09,229,16577,16806
17563,2018-07-10,234,16675,16909
17563,2018-07-11,216,16630,16846
17563,2018-07-12,243,16958,17201
17563,2018-07-13,297,17553,17850
17563,2018-07-14,33,11199,11232
17563,2018-07-15,13,6209,6222
17563,2018-07-16,211,15785,15996
17563,2018-07-17,268,16425,16693
17563,2018-07-18,269,16455,16724
17563,2018-07-19,228,16454,16682
17563,2018-07-20,277,17167,17444
17563,2018-07-21,38,10545,10583
17563,2018-07-22,11,6395,6406
17563,2018-07-23,208,16039,16247
17563,2018-07-24,220,16841,17061
17563,2018-07-25,219,16323,16542
17563,2018-07-26,237,17069,17306
17563,2018-07-27,178,17034,17212
17563,2018-07-28,29,9428,9457
17563,2018-07-29,8,5949,5957
17563,2018-07-30,137,15717,15854
17563,2018-07-31,143,15719,15862
17563,2018-08-01,140,15865,16005
17563,2018-08-02,138,15864,16002
17563,2018-08-03,140,15955,16095
17563,2018-08-04,36,8702,8738
17563,2018-08-05,10,5542,5552
17563,2018-08-06,105,14192,14297
17563,2018-08-07,127,14268,14395
17563,2018-08-08,134,14411,14545
17563,2018-08-09,117,14593,14710
17563,2018-08-10,115,14752,14867
17563,2018-08-11,20,8174,8194
17563,2018-08-12,11,5051,5062
17563,2018-08-13,103,13429,13532
17563,2018-08-14,104,13833,13937
17563,2018-08-15,9,5167,5176
17563,2018-08-16,105,13552,13657
17563,2018-08-17,115,13947,14062
17563,2018-08-18,30,8315,8345
17563,2018-08-19,8,5461,5469
17563,2018-08-20,102,13928,14030
17563,2018-08-21,112,14681,14793
17563,2018-08-22,117,14025,14142
17563,2018-08-23,146,15666,15812
17563,2018-08-24,137,16345,16482
17563,2018-08-25,41,9548,9589
17563,2018-08-26,11,6273,6284
17563,2018-08-27,166,16196,16362
17563,2018-08-28,139,16819,16958
17563,2018-08-29,151,16863,17014
17563,2018-08-30,184,17344,17528
17563,2018-08-31,201,17906,18107
17563,2018-09-01,51,11565,11616
17563,2018-09-02,12,7463,7475
17563,2018-09-03,163,16703,16866
17563,2018-09-04,162,17246,17408
17563,2018-09-05,176,17131,17307
17563,2018-09-06,154,18065,18219
17563,2018-09-07,156,18251,18407
17563,2018-09-08,47,12349,12396
17563,2018-09-09,11,7222,7233
17563,2018-09-10,173,17223,17396
17563,2018-09-11,192,17992,18184
17563,2018-09-12,184,17339,17523
17563,2018-09-13,204,17811,18015
17563,2018-09-14,185,18179,18364
17563,2018-09-15,55,11247,11302
17563,2018-09-16,12,6877,6889
17563,2018-09-17,184,17411,17595
17563,2018-09-18,182,17658,17840
17563,2018-09-19,177,17309,17486
17563,2018-09-20,184,17693,17877
17563,2018-09-21,196,18314,18510
17563,2018-09-22,49,11705,11754
17563,2018-09-23,12,6347,6359
17563,2018-09-24,136,17236,17372
17563,2018-09-25,190,17392,17582
17563,2018-09-26,164,17321,17485
17563,2018-09-27,145,17760,17905
17563,2018-09-28,154,18457,18611
17563,2018-09-29,40,11860,11900
17563,2018-09-30,15,7699,7714
17563,2018-10-01,116,17406,17522
17563,2018-10-02,156,18027,18183
17563,2018-10-03,177,17829,18006
17563,2018-10-04,154,17886,18040
17563,2018-10-05,152,18051,18203
17563,2018-10-06,42,12587,12629
17563,2018-10-07,12,6066,6078
17563,2018-10-08,124,15001,15125
17563,2018-10-09,111,17159,17270
17563,2018-10-10,162,17219,17381
17563,2018-10-11,164,17470,17634
17563,2018-10-12,152,18070,18222
17563,2018-10-13,43,11983,12026
17563,2018-10-14,13,7271,7284
17563,2018-10-15,115,17177,17292
17563,2018-10-16,233,16740,16973
17563,2018-10-17,131,17084,17215
17563,2018-10-18,143,18025,18168
17563,2018-10-19,168,18035,18203
17563,2018-10-20,43,12117,12160
17563,2018-10-21,9,7950,7959
17563,2018-10-22,132,16720,16852
17563,2018-10-23,138,17000,17138
17563,2018-10-24,132,16613,16745
17563,2018-10-25,152,17266,17418
17563,2018-10-26,157,17513,17670
17563,2018-10-27,46,12182,12228
17563,2018-10-28,7,6788,6795
17563,2018-10-29,193,17387,17580
17563,2018-10-30,168,16435,16603
17563,2018-10-31,164,17469,17633
17563,2018-11-01,13,6677,6690
17563,2018-11-02,94,15275,15369
17563,2018-11-03,39,11289,11328
17563,2018-11-04,16,6840,6856
17563,2018-11-05,139,16805,16944
17563,2018-11-06,216,17242,17458
17563,2018-11-07,130,17371,17501
17563,2018-11-08,143,17664,17807
17563,2018-11-09,151,16687,16838
17563,2018-11-10,48,12489,12537
17563,2018-11-11,10,7386,7396
17563,2018-11-12,139,17056,17195
17563,2018-11-13,171,17507,17678
17563,2018-11-14,141,16716,16857
17563,2018-11-15,134,17223,17357
17563,2018-11-16,167,17994,18161
17563,2018-11-17,40,12197,12237
17563,2018-11-18,9,7396,7405
17563,2018-11-19,169,16789,16958
17563,2018-11-21,167,16931,17098
17563,2018-11-22,142,17113,17255
17563,2018-11-23,162,17961,18123
17563,2018-11-24,44,12363,12407
17563,2018-11-25,10,8090,8100
17563,2018-11-26,110,16988,17098
17563,2018-11-27,169,17209,17378
17563,2018-11-28,174,16829,17003
17563,2018-11-29,146,17738,17884
17563,2018-11-30,147,16740,16887
17563,2018-12-01,44,12233,12277
17563,2018-12-02,9,8065,8074
17563,2018-12-03,122,16867,16989
17563,2018-12-04,129,17172,17301
17563,2018-12-05,133,16890,17023
17563,2018-12-06,113,17276,17389
17563,2018-12-07,132,17691,17823
17563,2018-12-08,35,12570,12605
17563,2018-12-09,8,7998,8006
17563,2018-12-10,140,16656,16796
17563,2018-12-11,133,17011,17144
17563,2018-12-12,150,16877,17027
17563,2018-12-13,139,17284,17423
17563,2018-12-14,143,18104,18247
17563,2018-12-15,35,12564,12599
17563,2018-12-17,143,16844,16987
17563,2018-12-18,124,16237,16361
17563,2018-12-19,132,16593,16725
17563,2018-12-20,120,17406,17526
17563,2018-12-21,121,17940,18061
17563,2018-12-22,32,11658,11690
17563,2018-12-23,9,8251,8260
17563,2018-12-24,47,11593,11640
17563,2018-12-25,4,3780,3784
17563,2018-12-26,NA,4766,NA
17563,2018-12-27,61,12915,12976
17563,2018-12-28,66,13093,13159
17563,2018-12-29,34,9947,9981
17563,2018-12-30,7,7267,7274
17563,2018-12-31,46,11440,11486
